[name]
unknown

[dist]
# distance from previous block
# <min> <max>
8	647

[block]
# block no. 0 follows, 43 sequences, length 6
# corresponding to MSA columns:
# 656-661
name=unknown_A
#
# <colnr> <probs for GDERKNQSTAVLIFYWHMCP>
#	G	D	E	R	K	N	Q	S	T	A	V	L	I	F	Y	W	H	M	C	P
0	0.01137	0.00849	0.00974	0.00859	0.01055	0.00890	0.00647	0.15722	0.13187	0.02277	0.37078	0.03178	0.03268	0.15246	0.01009	0.00240	0.00406	0.00810	0.00542	0.00625
1	0.01092	0.00605	0.00797	0.00745	0.00898	0.00549	0.00552	0.01208	0.01295	0.15283	0.28873	0.13823	0.13232	0.01325	0.00937	0.16460	0.00353	0.00922	0.00525	0.00526
2	0.01616	0.50978	0.02273	0.00932	0.01400	0.01663	0.00869	0.01813	0.01219	0.16202	0.01084	0.01129	0.00859	0.00504	0.00404	0.00122	0.00536	0.00353	0.00341	0.15703
3	0.00774	0.00604	0.00891	0.16039	0.01424	0.00649	0.00746	0.00951	0.01068	0.01437	0.06528	0.46572	0.02773	0.01906	0.14620	0.00334	0.00608	0.01155	0.00428	0.00494
4	0.01071	0.06803	0.01229	0.19793	0.01685	0.04532	0.00868	0.04454	0.04107	0.01386	0.01340	0.07340	0.01279	0.09362	0.15936	0.16624	0.00765	0.00601	0.00310	0.00514
5	0.03159	0.02686	0.00812	0.00715	0.00922	0.00678	0.00550	0.03677	0.06800	0.07326	0.21761	0.08999	0.33643	0.01153	0.00612	0.00180	0.00325	0.00974	0.04455	0.00571

[dist]
# distance from previous block
# <min> <max>
3	18

[block]
# block no. 1 follows, 43 sequences, length 9
# corresponding to MSA columns:
# 680-688
name=unknown_B
#
# <colnr> <probs for GDERKNQSTAVLIFYWHMCP>
#	G	D	E	R	K	N	Q	S	T	A	V	L	I	F	Y	W	H	M	C	P
0	0.01218	0.00746	0.00953	0.00874	0.01020	0.00776	0.00652	0.03011	0.07509	0.15571	0.09011	0.17138	0.07262	0.11431	0.01231	0.11088	0.08618	0.00849	0.00473	0.00570
1	0.01576	0.00918	0.01016	0.00862	0.01142	0.00959	0.00685	0.15834	0.15362	0.16791	0.01872	0.01892	0.01370	0.00676	0.00484	0.00155	0.00399	0.00541	0.36722	0.00745
2	0.01325	0.01279	0.09903	0.11872	0.10038	0.01231	0.03543	0.05691	0.16705	0.08734	0.01686	0.09938	0.03254	0.00802	0.00745	0.00192	0.11256	0.00652	0.00405	0.00749
3	0.01914	0.02104	0.01512	0.01329	0.01650	0.46446	0.01022	0.15652	0.19140	0.01968	0.01268	0.01308	0.00983	0.00630	0.00524	0.00157	0.00797	0.00445	0.00399	0.00751
4	0.00821	0.00522	0.00647	0.00656	0.00678	0.00511	0.00408	0.00805	0.00900	0.01206	0.08903	0.11122	0.04889	0.43843	0.02169	0.19903	0.00467	0.00840	0.00364	0.00347
5	0.00740	0.00543	0.00702	0.00802	0.00864	0.00526	0.00557	0.00954	0.06201	0.01539	0.07830	0.66421	0.03609	0.01619	0.00696	0.00220	0.00334	0.04830	0.00524	0.00486
6	0.01402	0.01316	0.02329	0.11326	0.38698	0.01351	0.19735	0.06232	0.01330	0.05032	0.01104	0.01424	0.00869	0.00537	0.00642	0.00177	0.04846	0.00535	0.00305	0.00808
7	0.00837	0.00604	0.00761	0.00814	0.00901	0.00591	0.00571	0.08528	0.01286	0.01734	0.12430	0.62145	0.03583	0.01546	0.00684	0.00212	0.00343	0.01389	0.00531	0.00510
8	0.01443	0.00693	0.00808	0.00683	0.00941	0.00626	0.00538	0.01687	0.01275	0.22561	0.01803	0.01897	0.01329	0.00626	0.00436	0.00134	0.00336	0.00503	0.50238	0.11442

[dist]
# distance from previous block
# <min> <max>
0	8

[block]
# block no. 2 follows, 43 sequences, length 14
# corresponding to MSA columns:
# 697-710
name=unknown_C
#
# <colnr> <probs for GDERKNQSTAVLIFYWHMCP>
#	G	D	E	R	K	N	Q	S	T	A	V	L	I	F	Y	W	H	M	C	P
0	0.19660	0.01250	0.05098	0.02138	0.38037	0.01206	0.02860	0.05029	0.01281	0.11388	0.01184	0.01367	0.00906	0.00540	0.00496	0.00166	0.00571	0.00460	0.05564	0.00799
1	0.01697	0.00840	0.01094	0.03774	0.01309	0.00797	0.00762	0.02017	0.08329	0.40125	0.04465	0.12502	0.12296	0.00977	0.00637	0.00188	0.02618	0.04226	0.00590	0.00757
2	0.10503	0.01211	0.01770	0.23380	0.33588	0.04643	0.01388	0.01728	0.01214	0.09999	0.01098	0.01380	0.00849	0.00559	0.00586	0.00174	0.04379	0.00472	0.00318	0.00759
3	0.19109	0.00754	0.00998	0.00969	0.03171	0.00844	0.04353	0.01165	0.00932	0.01575	0.01377	0.04874	0.01306	0.08902	0.46534	0.00626	0.01086	0.00583	0.00316	0.00527
4	0.00942	0.18132	0.01318	0.00891	0.01067	0.01013	0.00733	0.01128	0.00938	0.01281	0.01339	0.01955	0.01264	0.06562	0.58125	0.00707	0.01249	0.00537	0.00285	0.00535
5	0.01595	0.27127	0.01928	0.01198	0.01516	0.24421	0.00997	0.02120	0.20941	0.01589	0.01181	0.01270	0.00971	0.00636	0.00630	0.00159	0.10239	0.00424	0.00338	0.00721
6	0.42752	0.03229	0.01499	0.01369	0.09241	0.16833	0.09617	0.06246	0.01249	0.02140	0.00891	0.01064	0.00703	0.00526	0.00445	0.00165	0.00641	0.00385	0.00327	0.00677
7	0.19409	0.00956	0.01019	0.00899	0.01118	0.01100	0.00718	0.09539	0.12488	0.02271	0.14275	0.01966	0.01783	0.00764	0.00669	0.00175	0.11535	0.00562	0.18106	0.00648
8	0.09915	0.09329	0.00908	0.00786	0.00900	0.00727	0.00571	0.00962	0.01055	0.01519	0.02554	0.62851	0.03006	0.01464	0.00629	0.00207	0.00363	0.01296	0.00465	0.00495
9	0.01142	0.00630	0.00779	0.00714	0.00856	0.00581	0.00500	0.01264	0.01196	0.18066	0.17400	0.09453	0.10378	0.32876	0.01503	0.00324	0.00424	0.00888	0.00499	0.00528
10	0.19077	0.00673	0.00748	0.00729	0.00838	0.00744	0.00515	0.01048	0.00864	0.01455	0.01443	0.02534	0.01490	0.36958	0.28077	0.00578	0.00837	0.00623	0.00324	0.00448
11	0.02106	0.05859	0.01638	0.01331	0.01677	0.50181	0.03707	0.06844	0.01607	0.18132	0.01182	0.01226	0.00876	0.00593	0.00514	0.00151	0.00838	0.00417	0.00387	0.00734
12	0.19041	0.00669	0.00728	0.00694	0.00869	0.00668	0.00527	0.01121	0.01355	0.02129	0.45966	0.09578	0.12532	0.01077	0.00590	0.00179	0.00305	0.00913	0.00533	0.00527
13	0.01223	0.06189	0.02187	0.01540	0.01989	0.03333	0.36137	0.01549	0.01270	0.03821	0.04462	0.05754	0.08624	0.00644	0.00577	0.00159	0.00667	0.00658	0.00346	0.18871

[dist]
# distance from previous block
# <min> <max>
5	20

[block]
# block no. 3 follows, 43 sequences, length 17
# corresponding to MSA columns:
# 732-748
name=unknown_D
#
# <colnr> <probs for GDERKNQSTAVLIFYWHMCP>
#	G	D	E	R	K	N	Q	S	T	A	V	L	I	F	Y	W	H	M	C	P
0	0.01305	0.01077	0.01232	0.00894	0.01379	0.00898	0.00721	0.13455	0.01386	0.02080	0.01041	0.01178	0.00840	0.00452	0.00434	0.00096	0.00443	0.00356	0.00365	0.70368
1	0.01565	0.01127	0.01285	0.01163	0.04292	0.01243	0.00879	0.09264	0.44471	0.14565	0.02151	0.02086	0.04262	0.03578	0.00685	0.00195	0.03298	0.00617	0.02434	0.00841
2	0.64981	0.01069	0.00943	0.00803	0.01167	0.01183	0.00662	0.05266	0.01143	0.16826	0.01067	0.01108	0.00763	0.00554	0.00393	0.00171	0.00445	0.00358	0.00418	0.00681
3	0.01359	0.11796	0.01417	0.01067	0.01365	0.04086	0.00848	0.08164	0.45310	0.02094	0.02063	0.14570	0.01788	0.00862	0.00556	0.00181	0.00473	0.00717	0.00501	0.00782
4	0.70853	0.01094	0.00958	0.00847	0.01134	0.01317	0.00700	0.01580	0.00927	0.02297	0.00764	0.00951	0.00621	0.00588	0.00584	0.00183	0.13347	0.00330	0.00326	0.00601
5	0.04454	0.01291	0.01899	0.15807	0.12109	0.04176	0.15361	0.07467	0.18730	0.06138	0.01377	0.01560	0.01041	0.00615	0.00642	0.00182	0.05446	0.00546	0.00382	0.00778
6	0.70765	0.00975	0.00786	0.00735	0.01027	0.01113	0.00586	0.01488	0.00962	0.02310	0.01144	0.13848	0.01100	0.00714	0.00402	0.00180	0.00411	0.00508	0.00371	0.00575
7	0.70842	0.01057	0.00869	0.00743	0.01110	0.01160	0.00609	0.01590	0.00976	0.02374	0.00806	0.00940	0.00636	0.00497	0.00354	0.00157	0.00425	0.00305	0.00340	0.14209
8	0.04541	0.16397	0.07689	0.01282	0.01712	0.01296	0.18085	0.05865	0.06094	0.13743	0.02582	0.01715	0.01172	0.00611	0.00516	0.00163	0.00600	0.03186	0.12002	0.00745
9	0.02045	0.01219	0.01378	0.01075	0.01466	0.01277	0.00882	0.43366	0.02094	0.24053	0.01644	0.01600	0.01137	0.00668	0.00529	0.00162	0.00516	0.00518	0.13495	0.00876
10	0.00916	0.00592	0.00707	0.00676	0.00839	0.00532	0.00509	0.01092	0.01332	0.08616	0.27095	0.06252	0.30167	0.05750	0.00813	0.03204	0.00324	0.04487	0.05578	0.00517
11	0.05835	0.00935	0.01482	0.05942	0.01577	0.01021	0.15564	0.07927	0.01122	0.01617	0.01277	0.01927	0.01158	0.11281	0.28243	0.05803	0.05821	0.00585	0.00314	0.00571
12	0.41847	0.14125	0.01379	0.00932	0.01239	0.01434	0.00790	0.08096	0.01129	0.06395	0.00906	0.01085	0.00732	0.00682	0.00700	0.05248	0.11922	0.00369	0.00343	0.00647
13	0.00979	0.00899	0.01563	0.01285	0.01512	0.00905	0.22213	0.01232	0.01232	0.02894	0.16159	0.20131	0.09700	0.01196	0.03553	0.00227	0.09632	0.03676	0.00428	0.00581
14	0.05824	0.00660	0.04071	0.00793	0.00914	0.00575	0.00605	0.00980	0.02560	0.01630	0.09111	0.50278	0.08717	0.01450	0.00654	0.00209	0.00353	0.05742	0.04377	0.00498
15	0.04947	0.28929	0.04866	0.01002	0.01308	0.02675	0.00898	0.04859	0.02513	0.05830	0.01173	0.01493	0.01020	0.01884	0.29065	0.00420	0.05704	0.00453	0.00311	0.00650
16	0.49519	0.04639	0.01180	0.02691	0.01339	0.03266	0.03437	0.05329	0.01183	0.14120	0.01059	0.01134	0.00777	0.00538	0.00413	0.00161	0.00490	0.00371	0.00395	0.07959

[dist]
# distance from previous block
# <min> <max>
1	19

[block]
# block no. 4 follows, 43 sequences, length 7
# corresponding to MSA columns:
# 768-774
name=unknown_E
#
# <colnr> <probs for GDERKNQSTAVLIFYWHMCP>
#	G	D	E	R	K	N	Q	S	T	A	V	L	I	F	Y	W	H	M	C	P
0	0.01827	0.07811	0.01798	0.09343	0.06806	0.01218	0.09322	0.11973	0.01516	0.30058	0.01469	0.01514	0.01026	0.00599	0.00582	0.00163	0.03470	0.00503	0.00464	0.08536
1	0.01151	0.01122	0.01745	0.57278	0.13950	0.04436	0.01509	0.01480	0.01122	0.01461	0.00961	0.01415	0.00756	0.00588	0.00680	0.00186	0.08771	0.00486	0.00251	0.00653
2	0.01038	0.00694	0.00863	0.00892	0.05687	0.00717	0.00549	0.03858	0.03046	0.06542	0.01682	0.03025	0.01753	0.55318	0.07443	0.00470	0.02923	0.00721	0.02306	0.00473
3	0.00748	0.00537	0.00635	0.00672	0.00734	0.00507	0.00447	0.00837	0.01048	0.01370	0.09141	0.23239	0.16728	0.34501	0.01578	0.00346	0.00411	0.05660	0.00447	0.00415
4	0.01522	0.03666	0.20589	0.10489	0.18112	0.02795	0.04197	0.04873	0.01336	0.17299	0.01256	0.01399	0.00907	0.00547	0.00530	0.00162	0.00659	0.00468	0.00361	0.08834
5	0.09730	0.39669	0.02037	0.00997	0.01350	0.04637	0.00882	0.14822	0.01318	0.01769	0.00900	0.01107	0.00779	0.00755	0.00738	0.12430	0.04734	0.00372	0.00307	0.00664
6	0.08249	0.12343	0.38602	0.01560	0.07124	0.01448	0.08162	0.06791	0.07208	0.01924	0.01084	0.01235	0.00813	0.00538	0.00507	0.00168	0.00712	0.00436	0.00298	0.00797

[dist]
# distance from previous block
# <min> <max>
4	11

[block]
# block no. 5 follows, 43 sequences, length 14
# corresponding to MSA columns:
# 786-799
name=unknown_F
#
# <colnr> <probs for GDERKNQSTAVLIFYWHMCP>
#	G	D	E	R	K	N	Q	S	T	A	V	L	I	F	Y	W	H	M	C	P
0	0.01267	0.05022	0.17679	0.01879	0.16272	0.01329	0.16044	0.05252	0.01255	0.01805	0.04770	0.01419	0.01018	0.00592	0.00725	0.00171	0.11876	0.00504	0.00298	0.10823
1	0.01081	0.04231	0.11061	0.05348	0.01427	0.02408	0.01004	0.03820	0.03848	0.01620	0.04347	0.16453	0.01713	0.05616	0.01038	0.00220	0.21874	0.03331	0.08961	0.00599
2	0.03729	0.19752	0.01799	0.07248	0.12543	0.05194	0.03107	0.04077	0.11511	0.11097	0.01577	0.13190	0.01402	0.00747	0.00526	0.00168	0.00562	0.00628	0.00401	0.00742
3	0.01227	0.01409	0.13362	0.27396	0.13979	0.02759	0.12046	0.05518	0.02795	0.02940	0.01375	0.01662	0.04993	0.00592	0.00558	0.00175	0.00701	0.00543	0.05251	0.00719
4	0.01408	0.01190	0.01845	0.14865	0.41568	0.01221	0.01399	0.08496	0.02806	0.06581	0.01233	0.01638	0.01012	0.02451	0.00601	0.00174	0.00623	0.03092	0.00341	0.07457
5	0.84448	0.01071	0.00814	0.00728	0.01071	0.01242	0.00600	0.01628	0.00943	0.02485	0.00771	0.00900	0.00600	0.00514	0.00343	0.00171	0.00428	0.00300	0.00343	0.00600
6	0.00859	0.00653	0.00854	0.14740	0.01371	0.00689	0.00702	0.01172	0.08223	0.01606	0.02701	0.38858	0.10611	0.01232	0.00612	0.00196	0.00393	0.01089	0.12908	0.00532
7	0.00776	0.00532	0.00684	0.00715	0.00810	0.00499	0.00518	0.00976	0.01324	0.01886	0.38482	0.31892	0.04144	0.01313	0.00647	0.00191	0.00292	0.03803	0.10021	0.00495
8	0.15648	0.00768	0.00827	0.00756	0.00955	0.00804	0.00582	0.09244	0.01320	0.06916	0.14176	0.06709	0.02111	0.09700	0.04619	0.00243	0.00444	0.03508	0.20090	0.00580
9	0.01374	0.00829	0.01062	0.01008	0.01260	0.00814	0.00848	0.05394	0.09930	0.19048	0.04557	0.04206	0.04118	0.01137	0.00661	0.00212	0.00481	0.37701	0.00552	0.04811
10	0.01858	0.00948	0.01178	0.00987	0.01330	0.00927	0.00796	0.02463	0.22886	0.42111	0.09057	0.02514	0.04622	0.00819	0.00583	0.00182	0.00438	0.04830	0.00628	0.00844
11	0.05334	0.01931	0.14174	0.05524	0.01843	0.22537	0.01175	0.26897	0.01763	0.03872	0.01117	0.01231	0.00834	0.00588	0.00510	0.00156	0.00722	0.00428	0.03645	0.05719
12	0.09468	0.00874	0.00982	0.00975	0.03840	0.00901	0.00747	0.06272	0.16817	0.04175	0.02981	0.07771	0.20860	0.01080	0.00607	0.00195	0.00425	0.16298	0.00497	0.04234
13	0.40738	0.05210	0.01196	0.01061	0.06080	0.10041	0.00794	0.10919	0.01330	0.04412	0.05061	0.02876	0.05562	0.00665	0.00455	0.00168	0.00523	0.01852	0.00393	0.00665

[dist]
# distance from previous block
# <min> <max>
0	8

[block]
# block no. 6 follows, 43 sequences, length 8
# corresponding to MSA columns:
# 808-815
name=unknown_G
#
# <colnr> <probs for GDERKNQSTAVLIFYWHMCP>
#	G	D	E	R	K	N	Q	S	T	A	V	L	I	F	Y	W	H	M	C	P
0	0.06465	0.08841	0.07978	0.04663	0.08253	0.01066	0.03735	0.01802	0.01254	0.19272	0.01286	0.01450	0.00973	0.00539	0.00481	0.00139	0.00535	0.02169	0.00389	0.28711
1	0.01652	0.23650	0.01975	0.01361	0.05527	0.30604	0.01071	0.05042	0.01313	0.01482	0.00846	0.01052	0.00740	0.00611	0.00713	0.00154	0.15910	0.00376	0.00278	0.05642
2	0.01374	0.01310	0.06300	0.01502	0.05116	0.01280	0.18797	0.06637	0.34403	0.05368	0.04285	0.02047	0.01505	0.04883	0.00708	0.00203	0.00602	0.02423	0.00456	0.00799
3	0.01566	0.01805	0.01355	0.01216	0.01462	0.43590	0.04154	0.03557	0.04667	0.01538	0.08369	0.01950	0.07273	0.04078	0.10753	0.00265	0.00885	0.00555	0.00355	0.00609
4	0.57043	0.01109	0.00959	0.00838	0.01180	0.04009	0.00679	0.01942	0.10332	0.12859	0.03631	0.01290	0.00997	0.00589	0.00416	0.00172	0.00451	0.00401	0.00424	0.00681
5	0.02105	0.01551	0.01662	0.01274	0.01717	0.01717	0.01053	0.75235	0.02604	0.03490	0.01330	0.01330	0.00942	0.00665	0.00554	0.00166	0.00609	0.00499	0.00554	0.00942
6	0.01343	0.01475	0.03059	0.02208	0.02719	0.01441	0.65313	0.05710	0.01342	0.01832	0.01101	0.01463	0.00837	0.00517	0.00739	0.00190	0.07041	0.00632	0.00292	0.00747
7	0.00853	0.06793	0.00795	0.00650	0.00694	0.00657	0.00408	0.00875	0.00872	0.01152	0.04297	0.08997	0.02105	0.62978	0.02374	0.03445	0.00514	0.00817	0.00347	0.00376

[dist]
# distance from previous block
# <min> <max>
13	50

[block]
# block no. 7 follows, 43 sequences, length 12
# corresponding to MSA columns:
# 867-878
name=unknown_H
#
# <colnr> <probs for GDERKNQSTAVLIFYWHMCP>
#	G	D	E	R	K	N	Q	S	T	A	V	L	I	F	Y	W	H	M	C	P
0	0.01213	0.01092	0.01351	0.04318	0.01378	0.06526	0.00946	0.01367	0.01016	0.05269	0.04642	0.01737	0.01192	0.09948	0.09313	0.00306	0.36940	0.00532	0.00312	0.10604
1	0.01234	0.01137	0.01269	0.07603	0.01576	0.07880	0.04629	0.02145	0.39455	0.01966	0.08728	0.14045	0.02137	0.00909	0.00597	0.00190	0.00506	0.02779	0.00493	0.00721
2	0.01123	0.00867	0.00995	0.00862	0.01093	0.00881	0.00674	0.19973	0.01649	0.02220	0.24517	0.09881	0.21977	0.01083	0.00678	0.00178	0.04438	0.00899	0.00527	0.05484
3	0.00766	0.00531	0.00618	0.00639	0.00671	0.00514	0.00391	0.00817	0.00951	0.01263	0.08160	0.18212	0.08878	0.52861	0.02071	0.00421	0.00453	0.00996	0.00406	0.00383
4	0.78376	0.01062	0.00849	0.00747	0.01096	0.01211	0.00616	0.01707	0.00990	0.08039	0.00876	0.00973	0.00657	0.00527	0.00359	0.00171	0.00432	0.00319	0.00368	0.00625
5	0.01189	0.01659	0.22884	0.13065	0.07749	0.03833	0.08136	0.01714	0.09590	0.01727	0.07806	0.01624	0.01249	0.00681	0.00785	0.00189	0.14543	0.00538	0.00316	0.00724
6	0.00763	0.00565	0.00712	0.00675	0.00815	0.00514	0.00507	0.01006	0.01520	0.02107	0.65559	0.04325	0.16527	0.01175	0.00653	0.00176	0.00264	0.01028	0.00595	0.00514
7	0.04923	0.00899	0.03026	0.00920	0.01217	0.00832	0.00759	0.06123	0.08629	0.28688	0.28687	0.02937	0.02836	0.00901	0.00598	0.00180	0.00411	0.06097	0.00601	0.00738
8	0.01111	0.02865	0.77667	0.01579	0.02397	0.01286	0.02046	0.01754	0.01169	0.01754	0.00994	0.01169	0.00702	0.00526	0.00526	0.00175	0.00818	0.00409	0.00234	0.00818
9	0.48706	0.35448	0.01714	0.00823	0.01222	0.01651	0.00750	0.01641	0.01021	0.01976	0.00771	0.00895	0.00648	0.00497	0.00348	0.00149	0.00499	0.00298	0.00297	0.00648
10	0.03580	0.09139	0.07967	0.01021	0.01288	0.03738	0.03849	0.01372	0.07208	0.01660	0.04942	0.21706	0.06962	0.01136	0.00617	0.00197	0.00500	0.18145	0.00436	0.04537
11	0.01485	0.49643	0.20918	0.01161	0.01705	0.06304	0.01233	0.08877	0.01306	0.01629	0.00884	0.01006	0.00731	0.00511	0.00425	0.00138	0.00672	0.00347	0.00270	0.00756

[dist]
# distance from previous block
# <min> <max>
0	1

[block]
# block no. 8 follows, 43 sequences, length 33
# corresponding to MSA columns:
# 880-912
name=unknown_I
#
# <colnr> <probs for GDERKNQSTAVLIFYWHMCP>
#	G	D	E	R	K	N	Q	S	T	A	V	L	I	F	Y	W	H	M	C	P
0	0.00872	0.00634	0.00773	0.00722	0.00885	0.00601	0.00544	0.01227	0.08315	0.04468	0.54930	0.04057	0.16106	0.02588	0.00682	0.00184	0.00292	0.00976	0.00588	0.00556
1	0.00674	0.00484	0.00640	0.00765	0.00802	0.00450	0.00512	0.00772	0.01066	0.01416	0.03122	0.78146	0.05647	0.01726	0.00705	0.00224	0.00320	0.01563	0.00514	0.00450
2	0.03479	0.28321	0.13744	0.10828	0.07201	0.01539	0.12785	0.02860	0.01243	0.08182	0.04098	0.01353	0.00984	0.00540	0.00497	0.00158	0.00674	0.00460	0.00308	0.00746
3	0.01422	0.01398	0.07800	0.07904	0.51791	0.01297	0.05690	0.04250	0.04620	0.06701	0.01175	0.01432	0.00923	0.00528	0.00554	0.00169	0.00667	0.00506	0.00318	0.00855
4	0.00669	0.00545	0.00594	0.00630	0.00777	0.00470	0.00462	0.00803	0.01214	0.01483	0.04885	0.23461	0.56207	0.01488	0.00672	0.00199	0.00300	0.04162	0.00514	0.00465
5	0.07336	0.06485	0.04070	0.01301	0.01657	0.47208	0.01043	0.15443	0.01681	0.07296	0.01032	0.01116	0.00794	0.00586	0.00496	0.00151	0.00825	0.00392	0.00362	0.00725
6	0.05447	0.04793	0.30431	0.04041	0.01879	0.01138	0.01320	0.06823	0.01429	0.34978	0.01517	0.01481	0.01007	0.00603	0.00528	0.00171	0.00625	0.00473	0.00457	0.00860
7	0.01077	0.00676	0.00916	0.00875	0.01036	0.00636	0.04095	0.05913	0.01294	0.12427	0.07060	0.46631	0.08085	0.01343	0.00650	0.00201	0.00380	0.01201	0.04932	0.00574
8	0.00812	0.00606	0.00885	0.00854	0.00939	0.00670	0.03007	0.00961	0.00879	0.01240	0.01547	0.02573	0.01549	0.26143	0.53956	0.00765	0.01192	0.00657	0.00307	0.00457
9	0.01222	0.00728	0.00859	0.00787	0.00991	0.00730	0.00602	0.01720	0.16281	0.13830	0.23483	0.10112	0.02768	0.00916	0.00555	0.00169	0.00334	0.00784	0.22479	0.00650
10	0.01503	0.77862	0.02851	0.00966	0.01433	0.05118	0.00952	0.01680	0.01142	0.01305	0.00773	0.00893	0.00711	0.00478	0.00361	0.00119	0.00608	0.00298	0.00239	0.00708
11	0.07922	0.15913	0.12208	0.04623	0.24877	0.01428	0.02728	0.06324	0.05826	0.08768	0.01158	0.01305	0.00892	0.00538	0.00494	0.00159	0.00617	0.00443	0.00340	0.03436
12	0.06629	0.36661	0.06404	0.01449	0.12300	0.08243	0.04090	0.03876	0.03615	0.07842	0.01019	0.01149	0.00825	0.00538	0.00493	0.00148	0.03260	0.00394	0.00310	0.00756
13	0.61271	0.02352	0.00897	0.00791	0.01073	0.02317	0.00645	0.01501	0.00949	0.02177	0.00930	0.01177	0.00774	0.01195	0.14553	0.00302	0.03413	0.00367	0.02735	0.00581
14	0.01046	0.00984	0.01661	0.79205	0.03814	0.01230	0.01538	0.01415	0.01107	0.01415	0.00984	0.01477	0.00738	0.00554	0.00554	0.00185	0.00738	0.00492	0.00246	0.00615
15	0.01148	0.00984	0.01148	0.00820	0.01312	0.00738	0.00656	0.01395	0.01148	0.01805	0.00984	0.01148	0.00820	0.00410	0.00410	0.00082	0.00410	0.00328	0.00328	0.83922
16	0.00797	0.00565	0.00818	0.00832	0.00904	0.00630	0.00616	0.00921	0.00883	0.01247	0.01627	0.10563	0.01651	0.11526	0.55042	0.08735	0.01167	0.00709	0.00318	0.00449
17	0.01421	0.01304	0.09311	0.09931	0.02244	0.01122	0.29278	0.01885	0.06547	0.17032	0.09476	0.02010	0.04504	0.00653	0.00605	0.00181	0.00678	0.00649	0.00417	0.00753
18	0.01481	0.80869	0.02902	0.00948	0.01421	0.02191	0.00948	0.01658	0.01125	0.01303	0.00770	0.00888	0.00711	0.00474	0.00355	0.00118	0.00592	0.00296	0.00237	0.00711
19	0.00780	0.00559	0.00669	0.00641	0.00786	0.00508	0.00481	0.01011	0.01443	0.02019	0.49960	0.04195	0.22901	0.01143	0.00622	0.00172	0.00266	0.00987	0.10349	0.00508
20	0.01046	0.00984	0.01661	0.79205	0.03814	0.01230	0.01538	0.01415	0.01107	0.01415	0.00984	0.01477	0.00738	0.00554	0.00554	0.00185	0.00738	0.00492	0.00246	0.00615
21	0.00678	0.00562	0.00593	0.00586	0.00762	0.00477	0.00439	0.00840	0.01318	0.01627	0.18490	0.05114	0.63895	0.01354	0.00654	0.00185	0.00277	0.01139	0.00532	0.00477
22	0.04055	0.01045	0.08537	0.01530	0.17032	0.00875	0.06933	0.03679	0.01219	0.04563	0.02321	0.33877	0.08305	0.01110	0.00626	0.00196	0.00507	0.02529	0.00420	0.00640
23	0.01238	0.01166	0.01590	0.16462	0.03597	0.04215	0.01195	0.05255	0.01028	0.01473	0.00872	0.01326	0.00782	0.00903	0.01407	0.06027	0.47405	0.00483	0.02972	0.00605
24	0.01431	0.01047	0.01137	0.01019	0.01312	0.01167	0.00799	0.02617	0.54696	0.10347	0.02204	0.02183	0.01665	0.00754	0.00544	0.00180	0.00418	0.02973	0.12689	0.00819
25	0.00933	0.00909	0.06361	0.04154	0.01242	0.00929	0.00853	0.01192	0.04961	0.01465	0.07126	0.14123	0.01885	0.11222	0.21558	0.00426	0.16820	0.00755	0.00355	0.02732
26	0.00813	0.00577	0.00723	0.00680	0.00831	0.00521	0.00512	0.01049	0.01510	0.04455	0.60789	0.04295	0.18838	0.01170	0.00650	0.00177	0.00272	0.01020	0.00594	0.00525
27	0.00682	0.00507	0.00636	0.00721	0.00794	0.00461	0.00496	0.00803	0.01152	0.01511	0.10947	0.57251	0.18804	0.01607	0.00691	0.00212	0.00307	0.01434	0.00524	0.00461
28	0.01293	0.44295	0.17860	0.01150	0.01583	0.01777	0.01189	0.01559	0.01067	0.01398	0.00881	0.01127	0.00780	0.00934	0.08512	0.00228	0.13049	0.00379	0.00243	0.00695
29	0.01485	0.69951	0.02660	0.00965	0.01393	0.07264	0.00924	0.01631	0.01128	0.01283	0.00789	0.00951	0.00728	0.00581	0.00491	0.05938	0.00612	0.00313	0.00240	0.00673
30	0.06934	0.00990	0.01125	0.00814	0.01296	0.00773	0.00652	0.01411	0.01134	0.01852	0.00970	0.01131	0.00805	0.00417	0.00405	0.00088	0.00411	0.00326	0.00329	0.78135
31	0.06617	0.00578	0.00676	0.00675	0.00717	0.00606	0.00430	0.00887	0.00834	0.01214	0.01635	0.05976	0.01807	0.54174	0.15405	0.05637	0.00679	0.00744	0.00330	0.00380
32	0.04438	0.18562	0.11769	0.04495	0.01592	0.01225	0.00996	0.03591	0.01193	0.04752	0.01115	0.01491	0.00955	0.00566	0.00502	0.00134	0.03363	0.05429	0.00323	0.33510

[dist]
# distance from previous block
# <min> <max>
6	43

[block]
# block no. 9 follows, 43 sequences, length 7
# corresponding to MSA columns:
# 960-966
name=unknown_J
#
# <colnr> <probs for GDERKNQSTAVLIFYWHMCP>
#	G	D	E	R	K	N	Q	S	T	A	V	L	I	F	Y	W	H	M	C	P
0	0.01100	0.00935	0.05343	0.16208	0.01713	0.00880	0.04874	0.09221	0.01378	0.04564	0.12608	0.15873	0.06854	0.00934	0.00585	0.00179	0.00487	0.02495	0.10816	0.02953
1	0.01232	0.01062	0.05719	0.11381	0.05077	0.00918	0.00925	0.01676	0.10558	0.09080	0.06485	0.01859	0.05377	0.00792	0.04315	0.00178	0.00534	0.00523	0.00400	0.31910
2	0.01413	0.07436	0.01327	0.00994	0.01333	0.09368	0.00799	0.15974	0.04922	0.04739	0.11439	0.09139	0.01854	0.00785	0.00534	0.00150	0.00508	0.04520	0.00448	0.22317
3	0.01692	0.20428	0.09243	0.04955	0.01659	0.01384	0.01021	0.17893	0.01550	0.18033	0.01348	0.04528	0.01038	0.00612	0.00490	0.00148	0.00563	0.00473	0.00426	0.12516
4	0.01614	0.01253	0.01420	0.11446	0.01794	0.01393	0.00989	0.42073	0.13405	0.02702	0.02030	0.05210	0.10609	0.00799	0.00574	0.00177	0.00547	0.00645	0.00508	0.00809
5	0.01186	0.01057	0.01362	0.01240	0.11348	0.00934	0.00863	0.01427	0.01126	0.01746	0.00960	0.01186	0.00816	0.00491	0.00604	0.00113	0.10310	0.00370	0.00310	0.62551
6	0.01389	0.07366	0.04556	0.01028	0.02828	0.05608	0.00825	0.08829	0.10386	0.09467	0.09996	0.03811	0.01700	0.11260	0.00882	0.00206	0.04079	0.00587	0.01786	0.13409

[dist]
# distance from previous block
# <min> <max>
0	4

[block]
# block no. 10 follows, 43 sequences, length 15
# corresponding to MSA columns:
# 971-985
name=unknown_K
#
# <colnr> <probs for GDERKNQSTAVLIFYWHMCP>
#	G	D	E	R	K	N	Q	S	T	A	V	L	I	F	Y	W	H	M	C	P
0	0.01299	0.05565	0.27312	0.03334	0.06833	0.02959	0.02914	0.07850	0.04317	0.05040	0.08112	0.01528	0.01249	0.00580	0.00514	0.00151	0.00614	0.00475	0.00353	0.19003
1	0.01458	0.08266	0.37802	0.05568	0.02153	0.01297	0.08254	0.03850	0.08228	0.15796	0.01333	0.01413	0.00938	0.00572	0.00536	0.00173	0.00702	0.00477	0.00361	0.00824
2	0.01111	0.02865	0.77667	0.01579	0.02397	0.01286	0.02046	0.01754	0.01169	0.01754	0.00994	0.01169	0.00702	0.00526	0.00526	0.00175	0.00818	0.00409	0.00234	0.00818
3	0.01459	0.01208	0.03789	0.11002	0.08169	0.04865	0.06810	0.14452	0.10922	0.10105	0.15625	0.02153	0.04181	0.00735	0.00578	0.00174	0.00563	0.00637	0.01820	0.00755
4	0.00904	0.00586	0.00764	0.00724	0.00869	0.00535	0.00541	0.01134	0.01489	0.08284	0.57737	0.13771	0.08165	0.01186	0.00652	0.00181	0.00287	0.01047	0.00599	0.00545
5	0.01285	0.01953	0.36664	0.01367	0.05715	0.04660	0.01400	0.01835	0.08175	0.06896	0.03386	0.01384	0.01009	0.00547	0.00506	0.00151	0.00641	0.00438	0.00334	0.21656
6	0.01140	0.00957	0.07451	0.06053	0.01352	0.00747	0.00780	0.03120	0.02977	0.12034	0.14112	0.06896	0.21114	0.00913	0.00571	0.00161	0.00420	0.00769	0.00474	0.17958
7	0.06648	0.01075	0.01600	0.70003	0.03524	0.05176	0.01452	0.01470	0.01120	0.01483	0.00964	0.01414	0.00728	0.00552	0.00537	0.00182	0.00731	0.00472	0.00255	0.00616
8	0.00685	0.00521	0.00631	0.00690	0.00789	0.00467	0.00485	0.00822	0.01206	0.01567	0.15433	0.43593	0.28048	0.01531	0.00681	0.00204	0.00298	0.01351	0.00529	0.00467
9	0.08034	0.01193	0.01454	0.05124	0.05270	0.03464	0.04084	0.19561	0.06642	0.27857	0.01760	0.01714	0.04583	0.00659	0.00538	0.00166	0.00544	0.00534	0.00518	0.06304
10	0.01613	0.04527	0.01218	0.01056	0.06230	0.00853	0.00782	0.03822	0.03749	0.33328	0.18145	0.02501	0.05339	0.02874	0.11149	0.00275	0.00577	0.00673	0.00547	0.00742
11	0.16614	0.24687	0.09061	0.01026	0.01385	0.09028	0.00932	0.06046	0.04968	0.01774	0.01336	0.15922	0.01308	0.00773	0.00515	0.00166	0.02859	0.00588	0.00349	0.00664
12	0.04875	0.26792	0.33174	0.01361	0.01961	0.01519	0.11201	0.01748	0.01186	0.05689	0.01035	0.01196	0.00790	0.00516	0.00477	0.00156	0.00700	0.00415	0.04451	0.00757
13	0.05625	0.07047	0.09127	0.01521	0.15073	0.09011	0.05026	0.04661	0.01382	0.13378	0.10487	0.08924	0.04865	0.00765	0.00555	0.00170	0.00584	0.00651	0.00418	0.00729
14	0.05163	0.04293	0.07862	0.01187	0.09197	0.00898	0.00885	0.05114	0.02721	0.01710	0.04268	0.32183	0.10021	0.01178	0.00677	0.00198	0.04495	0.05165	0.00431	0.02355

[dist]
# distance from previous block
# <min> <max>
4	25

[block]
# block no. 11 follows, 43 sequences, length 31
# corresponding to MSA columns:
# 1011-1041
name=unknown_L
#
# <colnr> <probs for GDERKNQSTAVLIFYWHMCP>
#	G	D	E	R	K	N	Q	S	T	A	V	L	I	F	Y	W	H	M	C	P
0	0.03528	0.01251	0.04323	0.01414	0.09977	0.01285	0.04539	0.12235	0.36616	0.09305	0.02042	0.04310	0.05196	0.00739	0.00566	0.00181	0.00515	0.00629	0.00506	0.00843
1	0.01382	0.05748	0.30302	0.06997	0.01937	0.05499	0.03553	0.03822	0.02960	0.14090	0.03429	0.07568	0.04831	0.00704	0.00546	0.00171	0.00647	0.00580	0.00378	0.04856
2	0.03350	0.06363	0.35427	0.11079	0.04606	0.01226	0.07493	0.01662	0.01182	0.07562	0.03899	0.03113	0.01050	0.00860	0.06308	0.00229	0.03043	0.00506	0.00303	0.00739
3	0.01212	0.02049	0.43325	0.10868	0.02431	0.01188	0.13838	0.01710	0.01210	0.07947	0.01289	0.08112	0.01039	0.00637	0.00569	0.00182	0.00757	0.00572	0.00304	0.00761
4	0.00929	0.00835	0.01317	0.21883	0.06547	0.00873	0.08668	0.01259	0.05461	0.01621	0.09822	0.21368	0.15101	0.01040	0.00628	0.00193	0.00510	0.00944	0.00416	0.00586
5	0.01287	0.01960	0.42121	0.06802	0.05732	0.01107	0.05755	0.01750	0.01233	0.13334	0.01470	0.09907	0.01222	0.00710	0.00568	0.00183	0.00695	0.03040	0.00348	0.00773
6	0.01402	0.01913	0.34027	0.01983	0.20779	0.01217	0.10186	0.03866	0.01311	0.12591	0.01395	0.01540	0.04091	0.00575	0.00557	0.00174	0.00714	0.00514	0.00334	0.00831
7	0.01353	0.04108	0.17066	0.11687	0.07504	0.01138	0.13086	0.05632	0.01342	0.12656	0.01751	0.03857	0.05560	0.00750	0.00594	0.00187	0.00666	0.09940	0.00385	0.00739
8	0.01180	0.03262	0.11591	0.04277	0.03670	0.01056	0.12024	0.10666	0.01408	0.04749	0.11126	0.17107	0.05577	0.00962	0.00681	0.00192	0.04528	0.04848	0.00428	0.00669
9	0.01345	0.01272	0.12939	0.43010	0.06557	0.01139	0.04203	0.01716	0.01222	0.16168	0.01304	0.04507	0.00977	0.00614	0.00560	0.00181	0.00686	0.00540	0.00342	0.00720
10	0.01292	0.12880	0.25193	0.09428	0.13350	0.01308	0.06003	0.05166	0.01297	0.06483	0.06684	0.05970	0.01291	0.00642	0.00539	0.00169	0.00661	0.00552	0.00331	0.00759
11	0.01249	0.01248	0.04690	0.29180	0.28847	0.02524	0.07769	0.06079	0.01292	0.01758	0.04601	0.03616	0.01092	0.00602	0.00605	0.00178	0.03076	0.00554	0.00302	0.00737
12	0.01211	0.09513	0.50774	0.01776	0.12602	0.01385	0.05472	0.01831	0.07015	0.01766	0.01085	0.01258	0.00811	0.00531	0.00523	0.00170	0.00752	0.00440	0.00268	0.00818
13	0.02212	0.19448	0.01658	0.00982	0.01417	0.01153	0.00847	0.02467	0.04181	0.57114	0.01860	0.01661	0.01230	0.00639	0.00511	0.00160	0.00498	0.00499	0.00577	0.00886
14	0.01328	0.01312	0.02186	0.13760	0.49013	0.03322	0.09836	0.01726	0.04987	0.01740	0.01083	0.01417	0.00883	0.00537	0.00621	0.00174	0.04471	0.00514	0.00284	0.00806
15	0.05147	0.01483	0.01712	0.01386	0.05229	0.01612	0.04592	0.61191	0.02356	0.07733	0.01337	0.01357	0.00947	0.00643	0.00551	0.00168	0.00612	0.00502	0.00528	0.00917
16	0.01142	0.01149	0.01873	0.61605	0.03483	0.05346	0.11336	0.01502	0.01148	0.01457	0.00985	0.01443	0.00750	0.00560	0.00616	0.00185	0.04028	0.00506	0.00253	0.00634
17	0.11109	0.01000	0.01249	0.00981	0.01392	0.00939	0.00806	0.05677	0.07049	0.60814	0.02003	0.01770	0.01294	0.00671	0.00535	0.00172	0.00470	0.00532	0.00634	0.00901
18	0.00850	0.00791	0.06691	0.00801	0.01001	0.00646	0.00674	0.01229	0.06999	0.02129	0.58603	0.03904	0.08612	0.01088	0.00641	0.00179	0.00328	0.03697	0.00568	0.00568
19	0.00804	0.00573	0.00744	0.00733	0.00844	0.00543	0.00552	0.01025	0.01409	0.01962	0.54121	0.04389	0.04430	0.13009	0.00993	0.00241	0.00341	0.12240	0.00553	0.00493
20	0.00675	0.00482	0.00643	0.00771	0.00803	0.00450	0.00514	0.00771	0.01060	0.01414	0.03053	0.80175	0.03663	0.01735	0.00707	0.00225	0.00321	0.01574	0.00514	0.00450
21	0.01111	0.02865	0.77667	0.01579	0.02397	0.01286	0.02046	0.01754	0.01169	0.01754	0.00994	0.01169	0.00702	0.00526	0.00526	0.00175	0.00818	0.00409	0.00234	0.00818
22	0.00842	0.00608	0.00828	0.00933	0.01053	0.00594	0.00785	0.01071	0.01273	0.01666	0.09488	0.14992	0.08025	0.01513	0.00741	0.00240	0.00451	0.53876	0.00519	0.00501
23	0.00684	0.00526	0.00626	0.00677	0.00785	0.00468	0.00479	0.00822	0.01217	0.01570	0.15335	0.39162	0.32636	0.01512	0.00678	0.00202	0.00296	0.01328	0.00529	0.00468
24	0.84448	0.01071	0.00814	0.00728	0.01071	0.01242	0.00600	0.01628	0.00943	0.02485	0.00771	0.00900	0.00600	0.00514	0.00343	0.00171	0.00428	0.00300	0.00343	0.00600
25	0.01481	0.80869	0.02902	0.00948	0.01421	0.02191	0.00948	0.01658	0.01125	0.01303	0.00770	0.00888	0.00711	0.00474	0.00355	0.00118	0.00592	0.00296	0.00237	0.00711
26	0.00690	0.00519	0.00681	0.04675	0.00946	0.00492	0.00551	0.00807	0.01094	0.01427	0.03343	0.64697	0.14791	0.01625	0.00691	0.00217	0.00336	0.01458	0.00501	0.00461
27	0.01168	0.01013	0.01243	0.01042	0.07820	0.00788	0.00746	0.01421	0.01158	0.01805	0.00989	0.01168	0.00825	0.00417	0.00422	0.00089	0.00431	0.00342	0.00323	0.76789
28	0.01568	0.51980	0.02416	0.01047	0.01479	0.01945	0.00969	0.17268	0.01420	0.01808	0.00902	0.01026	0.00769	0.00548	0.00514	0.00135	0.06654	0.00356	0.00312	0.06883
29	0.02403	0.00961	0.01283	0.00996	0.01416	0.00856	0.00819	0.02717	0.07075	0.71928	0.02190	0.01898	0.01395	0.00690	0.00557	0.00173	0.00469	0.00562	0.00676	0.00938
30	0.01412	0.63057	0.15539	0.01065	0.01589	0.01991	0.01131	0.01748	0.05394	0.01437	0.00892	0.01003	0.00765	0.00499	0.00396	0.00132	0.00622	0.00334	0.00255	0.00739

[dist]
# distance from previous block
# <min> <max>
0	16

[block]
# block no. 12 follows, 43 sequences, length 31
# corresponding to MSA columns:
# 1058-1085,1102-1104
name=unknown_M
#
# <colnr> <probs for GDERKNQSTAVLIFYWHMCP>
#	G	D	E	R	K	N	Q	S	T	A	V	L	I	F	Y	W	H	M	C	P
0	0.00932	0.06392	0.00914	0.00745	0.00926	0.00665	0.00590	0.01153	0.01417	0.07056	0.41956	0.06743	0.17594	0.01253	0.03078	0.00203	0.00364	0.06921	0.00549	0.00550
1	0.01411	0.01546	0.14868	0.02847	0.56668	0.01275	0.01668	0.01819	0.03397	0.07480	0.01154	0.01395	0.00908	0.00521	0.00546	0.00168	0.00665	0.00488	0.00306	0.00872
2	0.01300	0.00926	0.01118	0.00829	0.01267	0.00723	0.00663	0.01544	0.01265	0.13020	0.10595	0.01629	0.01450	0.00541	0.00462	0.00107	0.00401	0.00446	0.00416	0.61300
3	0.01156	0.00996	0.01186	0.00910	0.03935	0.00758	0.00692	0.01405	0.01152	0.01805	0.00986	0.01156	0.00822	0.00413	0.00415	0.00085	0.00419	0.00334	0.00326	0.81048
4	0.01196	0.13772	0.57642	0.01715	0.11552	0.01419	0.01847	0.01734	0.01174	0.01697	0.00968	0.01154	0.00725	0.00515	0.00505	0.00166	0.00766	0.00404	0.00239	0.00810
5	0.01604	0.06040	0.30544	0.01443	0.01933	0.37931	0.01427	0.02036	0.06528	0.01570	0.00997	0.01139	0.00777	0.00575	0.00549	0.00160	0.03341	0.00397	0.00282	0.00727
6	0.00825	0.00852	0.10313	0.00806	0.01023	0.00618	0.00712	0.01133	0.01518	0.02163	0.67357	0.03768	0.04663	0.01057	0.00637	0.00174	0.00331	0.00928	0.00563	0.00559
7	0.00675	0.00482	0.00643	0.00771	0.00803	0.00450	0.00514	0.00771	0.01060	0.01414	0.03053	0.80175	0.03663	0.01735	0.00707	0.00225	0.00321	0.01574	0.00514	0.00450
8	0.00805	0.00537	0.00604	0.00604	0.00604	0.00537	0.00336	0.00805	0.00805	0.01074	0.01745	0.03624	0.02013	0.80536	0.02819	0.00537	0.00537	0.00805	0.00336	0.00336
9	0.00743	0.00555	0.00690	0.00676	0.00807	0.00502	0.00500	0.00959	0.01442	0.01969	0.52691	0.13355	0.20550	0.01262	0.00660	0.00183	0.00273	0.01105	0.00578	0.00502
10	0.01186	0.00561	0.00597	0.00566	0.00726	0.00548	0.00432	0.01439	0.01206	0.10016	0.01847	0.02046	0.01414	0.00649	0.00405	0.00134	0.00281	0.00520	0.74867	0.00561
11	0.01368	0.01325	0.02297	0.03348	0.73484	0.01320	0.05257	0.01703	0.01263	0.01808	0.01046	0.01377	0.00875	0.00492	0.00553	0.00166	0.00671	0.00501	0.00274	0.00871
12	0.00675	0.00482	0.00643	0.00771	0.00803	0.00450	0.00514	0.00771	0.01060	0.01414	0.03053	0.80175	0.03663	0.01735	0.00707	0.00225	0.00321	0.01574	0.00514	0.00450
13	0.02069	0.02640	0.01569	0.01427	0.01712	0.78313	0.01070	0.02212	0.01569	0.01355	0.00856	0.00999	0.00713	0.00571	0.00499	0.00143	0.00999	0.00357	0.00285	0.00642
14	0.03475	0.01051	0.01311	0.01173	0.10762	0.00875	0.00815	0.04985	0.01258	0.07623	0.01093	0.01234	0.00869	0.00456	0.00443	0.00105	0.00455	0.00373	0.00359	0.61284
15	0.00921	0.00599	0.00749	0.00697	0.00867	0.00536	0.00528	0.01142	0.01475	0.09636	0.49232	0.07552	0.21613	0.01177	0.00646	0.00179	0.00290	0.01021	0.00591	0.00549
16	0.01378	0.01190	0.01252	0.01127	0.01440	0.01378	0.00877	0.02943	0.76081	0.02317	0.02254	0.02066	0.01691	0.00751	0.00564	0.00188	0.00438	0.00626	0.00564	0.00877
17	0.01340	0.04964	0.39275	0.01557	0.04082	0.06776	0.09072	0.07047	0.16684	0.01948	0.01272	0.01381	0.00941	0.00576	0.00541	0.00174	0.00738	0.00479	0.00333	0.00817
18	0.01793	0.42701	0.05977	0.01074	0.01549	0.01798	0.01009	0.21868	0.01603	0.14058	0.01159	0.01181	0.00878	0.00562	0.00450	0.00143	0.00589	0.00398	0.00395	0.00816
19	0.01630	0.17446	0.35439	0.01279	0.01891	0.01413	0.01417	0.11864	0.01449	0.19156	0.01267	0.01299	0.00888	0.00571	0.00504	0.00162	0.00667	0.00433	0.00381	0.00842
20	0.01481	0.80869	0.02902	0.00948	0.01421	0.02191	0.00948	0.01658	0.01125	0.01303	0.00770	0.00888	0.00711	0.00474	0.00355	0.00118	0.00592	0.00296	0.00237	0.00711
21	0.00675	0.00482	0.00643	0.00771	0.00803	0.00450	0.00514	0.00771	0.01060	0.01414	0.03053	0.80175	0.03663	0.01735	0.00707	0.00225	0.00321	0.01574	0.00514	0.00450
22	0.01208	0.21914	0.52906	0.05171	0.02192	0.01509	0.01710	0.01756	0.03777	0.01646	0.00982	0.01146	0.00740	0.00523	0.00487	0.00162	0.00746	0.00393	0.00247	0.00784
23	0.00747	0.00545	0.00717	0.00822	0.00908	0.00515	0.00624	0.00906	0.01175	0.01535	0.06330	0.44120	0.12613	0.01604	0.00717	0.00228	0.00374	0.24531	0.00517	0.00474
24	0.01105	0.00655	0.00739	0.00665	0.00912	0.00553	0.00518	0.01263	0.01342	0.20194	0.04767	0.04482	0.58278	0.01226	0.00631	0.00183	0.00327	0.01018	0.00556	0.00584
25	0.00805	0.00537	0.00604	0.00604	0.00604	0.00537	0.00336	0.00805	0.00805	0.01074	0.01745	0.03624	0.02013	0.80536	0.02819	0.00537	0.00537	0.00805	0.00336	0.00336
26	0.01762	0.01204	0.01294	0.01036	0.01374	0.01309	0.00836	0.46983	0.05405	0.06241	0.01546	0.01679	0.01164	0.04537	0.00623	0.00176	0.00506	0.00526	0.20992	0.00805
27	0.01046	0.00984	0.01661	0.79205	0.03814	0.01230	0.01538	0.01415	0.01107	0.01415	0.00984	0.01477	0.00738	0.00554	0.00554	0.00185	0.00738	0.00492	0.00246	0.00615
28	0.00805	0.00537	0.00604	0.00604	0.00604	0.00537	0.00336	0.00805	0.00805	0.01074	0.01745	0.03624	0.02013	0.80536	0.02819	0.00537	0.00537	0.00805	0.00336	0.00336
29	0.58347	0.26175	0.01471	0.00797	0.01181	0.01541	0.00709	0.01638	0.01000	0.02113	0.00771	0.00896	0.00635	0.00501	0.00347	0.00155	0.00480	0.00299	0.00309	0.00635
30	0.01221	0.01261	0.08726	0.09632	0.05234	0.01046	0.11566	0.03132	0.09822	0.03412	0.04860	0.01513	0.01133	0.00533	0.00512	0.00140	0.00570	0.00482	0.00354	0.34851

[dist]
# distance from previous block
# <min> <max>
0	2

[block]
# block no. 13 follows, 43 sequences, length 70
# corresponding to MSA columns:
# 1107-1176
name=unknown_N
#
# <colnr> <probs for GDERKNQSTAVLIFYWHMCP>
#	G	D	E	R	K	N	Q	S	T	A	V	L	I	F	Y	W	H	M	C	P
0	0.01146	0.00834	0.04408	0.00998	0.07471	0.02640	0.04724	0.01434	0.01299	0.06778	0.17095	0.02322	0.02072	0.00718	0.00490	0.00150	0.00387	0.00615	0.43813	0.00604
1	0.01570	0.01332	0.01834	0.11930	0.31982	0.01445	0.01346	0.25813	0.12854	0.02383	0.01309	0.01475	0.01002	0.00595	0.00553	0.00171	0.00619	0.00515	0.00405	0.00865
2	0.01921	0.00922	0.01132	0.00907	0.01242	0.00884	0.00735	0.15460	0.01680	0.39742	0.10270	0.02073	0.01733	0.00723	0.00532	0.00162	0.00428	0.00587	0.18060	0.00806
3	0.01224	0.18145	0.45864	0.01438	0.02025	0.01553	0.03072	0.02907	0.01128	0.01615	0.00908	0.01130	0.00715	0.00599	0.00734	0.00176	0.15358	0.00407	0.00242	0.00758
4	0.00683	0.00557	0.00604	0.00603	0.00768	0.00478	0.00448	0.00846	0.01313	0.01643	0.20377	0.09947	0.57070	0.01368	0.00658	0.00187	0.00279	0.01160	0.00534	0.00478
5	0.00722	0.00557	0.00626	0.00647	0.00798	0.00493	0.00490	0.00893	0.01279	0.01645	0.15570	0.13993	0.45808	0.01368	0.00655	0.00192	0.00303	0.07932	0.05549	0.00481
6	0.01029	0.00949	0.01579	0.58421	0.12130	0.01124	0.01404	0.01353	0.01119	0.01462	0.01300	0.13218	0.01192	0.00723	0.00576	0.00188	0.00666	0.00654	0.00289	0.00622
7	0.01481	0.80869	0.02902	0.00948	0.01421	0.02191	0.00948	0.01658	0.01125	0.01303	0.00770	0.00888	0.00711	0.00474	0.00355	0.00118	0.00592	0.00296	0.00237	0.00711
8	0.01192	0.01118	0.06479	0.03349	0.05597	0.01065	0.10813	0.06596	0.01164	0.04375	0.02488	0.01667	0.01085	0.04550	0.17461	0.06207	0.11259	0.00528	0.00320	0.12688
9	0.01253	0.06629	0.20316	0.02356	0.38552	0.01282	0.06346	0.03424	0.01288	0.01818	0.06693	0.01686	0.04740	0.00592	0.00550	0.00167	0.00663	0.00540	0.00305	0.00801
10	0.01468	0.01275	0.01301	0.01151	0.01475	0.04187	0.00900	0.09465	0.66735	0.02388	0.02120	0.01961	0.01588	0.00737	0.00560	0.00184	0.00474	0.00605	0.00553	0.00874
11	0.79001	0.01033	0.00803	0.00731	0.01054	0.01191	0.00594	0.01572	0.00950	0.02415	0.00920	0.06055	0.00799	0.00594	0.00366	0.00175	0.00421	0.00383	0.00354	0.00590
12	0.01596	0.52206	0.08973	0.01188	0.03470	0.06993	0.05871	0.01838	0.01230	0.10605	0.00995	0.01091	0.00803	0.00510	0.00428	0.00137	0.00648	0.00369	0.00298	0.00750
13	0.02062	0.01509	0.01615	0.01243	0.01674	0.01669	0.01026	0.72221	0.02545	0.03432	0.01349	0.01360	0.00961	0.00664	0.00547	0.00165	0.00595	0.00499	0.03939	0.00925
14	0.00675	0.00482	0.00643	0.00771	0.00803	0.00450	0.00514	0.00771	0.01060	0.01414	0.03053	0.80175	0.03663	0.01735	0.00707	0.00225	0.00321	0.01574	0.00514	0.00450
15	0.04061	0.01389	0.01506	0.01238	0.01512	0.22830	0.17817	0.01675	0.01291	0.01780	0.01302	0.01559	0.01032	0.00592	0.00537	0.00152	0.03860	0.00494	0.34761	0.00611
16	0.00797	0.00571	0.00775	0.00775	0.00834	0.00630	0.00548	0.00915	0.00856	0.01200	0.01589	0.02761	0.01638	0.34993	0.47849	0.00747	0.01101	0.00679	0.00312	0.00430
17	0.23508	0.00975	0.01164	0.00919	0.01326	0.00924	0.00759	0.02424	0.01420	0.58233	0.01822	0.01632	0.01173	0.00642	0.00502	0.00171	0.00460	0.00491	0.00598	0.00855
18	0.00805	0.00537	0.00604	0.00604	0.00604	0.00537	0.00336	0.00805	0.00805	0.01074	0.01745	0.03624	0.02013	0.80536	0.02819	0.00537	0.00537	0.00805	0.00336	0.00336
