[name]
unknown

[dist]
# distance from previous block
# <min> <max>
3	339

[block]
# block no. 0 follows, 42 sequences, length 37
# corresponding to MSA columns:
# 407-443
name=unknown_A
#
# <colnr> <probs for GDERKNQSTAVLIFYWHMCP>
#	G	D	E	R	K	N	Q	S	T	A	V	L	I	F	Y	W	H	M	C	P
0	0.07080	0.03196	0.07975	0.01087	0.02608	0.01024	0.03074	0.08047	0.10220	0.24959	0.03539	0.11092	0.06875	0.00949	0.03024	0.00203	0.00530	0.00701	0.00519	0.03297
1	0.05841	0.03719	0.01555	0.03381	0.01659	0.08114	0.04986	0.24008	0.08349	0.21056	0.03815	0.01640	0.02343	0.00660	0.00543	0.00165	0.00587	0.00526	0.00514	0.06537
2	0.06634	0.01249	0.05872	0.01515	0.13425	0.01185	0.05125	0.09334	0.11139	0.11192	0.05025	0.02842	0.03559	0.00695	0.00639	0.00172	0.06097	0.01892	0.00435	0.11976
3	0.01432	0.16793	0.04606	0.01495	0.12075	0.01278	0.09447	0.05576	0.06222	0.10010	0.02483	0.06829	0.01358	0.00790	0.00653	0.05528	0.00587	0.05362	0.00389	0.07087
4	0.03043	0.13520	0.09409	0.01497	0.09557	0.14403	0.01194	0.26905	0.10031	0.02331	0.01213	0.01291	0.00930	0.00603	0.00516	0.00160	0.00684	0.00452	0.00402	0.01860
5	0.01557	0.00780	0.01014	0.00833	0.01133	0.00672	0.00657	0.01754	0.01457	0.33008	0.24234	0.02824	0.09736	0.00954	0.00699	0.05968	0.00390	0.00725	0.00580	0.11022
6	0.42936	0.01205	0.01178	0.01112	0.06539	0.04767	0.00837	0.12858	0.02784	0.13409	0.01285	0.01570	0.01008	0.00650	0.00469	0.00178	0.00518	0.05525	0.00440	0.00733
7	0.09456	0.04147	0.02128	0.02822	0.55571	0.02513	0.05289	0.01825	0.04759	0.04550	0.01122	0.01381	0.00910	0.00522	0.00536	0.00168	0.00646	0.00490	0.00313	0.00850
8	0.00777	0.00553	0.00719	0.00773	0.00835	0.00537	0.00535	0.00904	0.01166	0.02988	0.18070	0.49186	0.06419	0.09669	0.00967	0.00249	0.03338	0.01322	0.00516	0.00476
9	0.01079	0.01014	0.01705	0.64522	0.03483	0.01230	0.05743	0.01516	0.05308	0.01501	0.01117	0.01585	0.00857	0.00827	0.06038	0.00238	0.00798	0.00525	0.00274	0.00639
10	0.01459	0.01196	0.01392	0.06641	0.01610	0.06565	0.06070	0.24821	0.06995	0.05036	0.21059	0.02599	0.10412	0.00857	0.00604	0.00176	0.00535	0.00724	0.00517	0.00731
11	0.09755	0.03930	0.06916	0.06773	0.08467	0.03420	0.05383	0.04529	0.01362	0.29374	0.01589	0.07724	0.01228	0.00722	0.00642	0.00182	0.06166	0.00585	0.00460	0.00793
12	0.29519	0.01021	0.01160	0.00924	0.01331	0.01000	0.00763	0.04668	0.01428	0.50110	0.01718	0.01566	0.01120	0.00638	0.00494	0.00174	0.00469	0.00478	0.00577	0.00843
13	0.01366	0.36995	0.39207	0.01300	0.01950	0.01743	0.01516	0.06928	0.01272	0.01706	0.00934	0.01074	0.00734	0.00521	0.00460	0.00152	0.00715	0.00372	0.00262	0.00792
14	0.01552	0.04806	0.17439	0.01720	0.12350	0.32052	0.05880	0.01925	0.05416	0.01610	0.01241	0.09107	0.01109	0.00678	0.00550	0.00168	0.00810	0.00549	0.00314	0.00725
15	0.02104	0.00887	0.01218	0.01033	0.03290	0.00796	0.00803	0.03645	0.01494	0.57586	0.02245	0.12838	0.01699	0.01100	0.06292	0.00235	0.00541	0.00711	0.00630	0.00852
16	0.00806	0.00560	0.00694	0.00740	0.00784	0.00558	0.00506	0.00890	0.00974	0.01290	0.02343	0.17117	0.05127	0.44100	0.07340	0.00451	0.00562	0.14340	0.00408	0.00410
17	0.01861	0.00989	0.01332	0.06595	0.06849	0.00974	0.00937	0.09697	0.04190	0.38419	0.04141	0.06883	0.06082	0.00853	0.00633	0.00186	0.02828	0.05159	0.00571	0.00821
18	0.13079	0.07892	0.12350	0.01658	0.17854	0.01402	0.02371	0.16563	0.06742	0.10454	0.03504	0.01442	0.01070	0.00601	0.00517	0.00169	0.00600	0.00481	0.00413	0.00838
19	0.65361	0.01089	0.01058	0.13945	0.06082	0.01265	0.00836	0.01622	0.01005	0.02302	0.00836	0.01041	0.00650	0.00528	0.00397	0.00176	0.00502	0.00349	0.00328	0.00629
20	0.04144	0.42781	0.11563	0.03769	0.12697	0.01786	0.03710	0.05819	0.01281	0.06296	0.00989	0.01135	0.00802	0.00518	0.00450	0.00146	0.00644	0.00390	0.00297	0.00782
21	0.00978	0.00723	0.00960	0.00959	0.01088	0.00785	0.00759	0.04235	0.05295	0.03202	0.02130	0.12644	0.02203	0.10027	0.24485	0.00466	0.05121	0.20830	0.00424	0.02686
22	0.07315	0.17277	0.08942	0.02080	0.32054	0.06589	0.01354	0.06850	0.04424	0.06402	0.01108	0.01276	0.00880	0.00542	0.00500	0.00159	0.00653	0.00441	0.00330	0.00825
23	0.07092	0.06076	0.13381	0.04994	0.27647	0.01352	0.06175	0.02904	0.15967	0.02750	0.01382	0.04102	0.01133	0.00624	0.00548	0.00177	0.00634	0.01895	0.00353	0.00814
24	0.02382	0.00976	0.01296	0.01002	0.01419	0.00873	0.00825	0.07750	0.01683	0.66870	0.07123	0.02028	0.01624	0.00725	0.00572	0.00174	0.00475	0.00592	0.00682	0.00929
25	0.00797	0.00787	0.06158	0.05997	0.01161	0.00652	0.00691	0.01094	0.06421	0.01657	0.12605	0.24740	0.32510	0.01318	0.00657	0.00198	0.00375	0.01141	0.00499	0.00541
26	0.01687	0.02992	0.05418	0.09620	0.15206	0.01465	0.05618	0.30619	0.10564	0.06881	0.01430	0.03512	0.01088	0.00650	0.00568	0.00176	0.00635	0.00553	0.00450	0.00869
27	0.00920	0.00627	0.00828	0.00880	0.00974	0.00639	0.00645	0.01150	0.06097	0.06758	0.02691	0.48947	0.02992	0.04519	0.07917	0.00299	0.03481	0.08602	0.00500	0.00533
28	0.00789	0.00577	0.00783	0.00809	0.00898	0.00586	0.00579	0.00917	0.00977	0.01358	0.02157	0.30822	0.03767	0.12050	0.31685	0.03014	0.00832	0.00984	0.00392	0.06023
29	0.05832	0.01533	0.03868	0.03535	0.04136	0.06914	0.03253	0.39962	0.13253	0.09782	0.01477	0.01478	0.01061	0.00658	0.00553	0.00173	0.00621	0.00514	0.00512	0.00888
30	0.01397	0.06736	0.07189	0.11204	0.27556	0.01410	0.21619	0.04620	0.06499	0.04508	0.01190	0.01460	0.00920	0.00534	0.00574	0.00175	0.00737	0.00539	0.00318	0.00814
31	0.01520	0.06055	0.01068	0.00830	0.01087	0.00744	0.00656	0.01727	0.01423	0.31150	0.19308	0.16844	0.04502	0.00996	0.00587	0.00177	0.00382	0.00853	0.09396	0.00694
32	0.00693	0.00594	0.00650	0.05821	0.00972	0.00526	0.00509	0.00848	0.01261	0.01510	0.05239	0.09382	0.67283	0.01387	0.00661	0.00192	0.00319	0.01165	0.00504	0.00484
33	0.06989	0.10717	0.27036	0.01518	0.06719	0.06740	0.08623	0.11023	0.03602	0.04198	0.01147	0.01417	0.00908	0.06181	0.00685	0.00195	0.00724	0.00473	0.00328	0.00776
34	0.00953	0.00730	0.00956	0.00948	0.01076	0.00757	0.02862	0.06247	0.06523	0.03139	0.07105	0.43914	0.07682	0.01430	0.00767	0.00218	0.05665	0.07953	0.00512	0.00563
35	0.01183	0.15814	0.54432	0.01484	0.02191	0.01417	0.06639	0.01717	0.01218	0.01739	0.06224	0.01372	0.01044	0.00564	0.00523	0.00169	0.00761	0.00455	0.00268	0.00787
36	0.01227	0.06539	0.01293	0.00872	0.01336	0.00904	0.00706	0.06579	0.01264	0.01893	0.01150	0.06427	0.01028	0.00530	0.00443	0.00102	0.00438	0.00428	0.00356	0.66486

[dist]
# distance from previous block
# <min> <max>
1	11

[block]
# block no. 1 follows, 42 sequences, length 20
# corresponding to MSA columns:
# 455-474
name=unknown_B
#
# <colnr> <probs for GDERKNQSTAVLIFYWHMCP>
#	G	D	E	R	K	N	Q	S	T	A	V	L	I	F	Y	W	H	M	C	P
0	0.05516	0.10228	0.28557	0.01385	0.05805	0.01334	0.01364	0.02103	0.10138	0.19790	0.01398	0.01441	0.01003	0.00628	0.00624	0.00177	0.06812	0.00471	0.00396	0.00833
1	0.04485	0.01029	0.04368	0.31090	0.06814	0.01055	0.05278	0.05724	0.01339	0.07906	0.10720	0.02051	0.04593	0.00688	0.00555	0.00175	0.00581	0.00599	0.10277	0.00672
2	0.01829	0.01909	0.01341	0.01213	0.01473	0.46883	0.00919	0.02053	0.04405	0.10558	0.05810	0.06849	0.01388	0.00783	0.01668	0.00170	0.02505	0.00540	0.07040	0.00664
3	0.01057	0.00694	0.00981	0.00924	0.01034	0.00785	0.00707	0.01203	0.00974	0.10314	0.01601	0.05708	0.01512	0.13890	0.44118	0.03604	0.09345	0.00657	0.00356	0.00535
4	0.01124	0.00817	0.00961	0.00920	0.01051	0.06890	0.00694	0.01282	0.01096	0.10394	0.05354	0.11056	0.01935	0.14781	0.32418	0.00539	0.04174	0.03571	0.00400	0.00545
5	0.11322	0.01343	0.02155	0.02861	0.55124	0.01369	0.08028	0.07584	0.01356	0.02054	0.01056	0.01344	0.00860	0.00515	0.00542	0.00170	0.00662	0.00493	0.00310	0.00851
6	0.01027	0.00948	0.01527	0.52379	0.05950	0.01166	0.01340	0.01320	0.01091	0.01444	0.01355	0.15753	0.01296	0.00829	0.00744	0.00201	0.10024	0.00700	0.00300	0.00604
7	0.01048	0.00679	0.00900	0.00847	0.00969	0.00731	0.00625	0.05769	0.01051	0.08227	0.01645	0.02589	0.01577	0.27404	0.42653	0.00680	0.01058	0.00661	0.00366	0.00522
8	0.01399	0.01221	0.01686	0.37347	0.19782	0.09782	0.01376	0.01698	0.01268	0.10546	0.01313	0.07750	0.01095	0.00663	0.00568	0.00180	0.00695	0.00581	0.00336	0.00715
9	0.01504	0.00770	0.00991	0.00851	0.01116	0.00708	0.00667	0.01838	0.07486	0.31392	0.31921	0.07502	0.08879	0.00998	0.00621	0.00181	0.00368	0.00857	0.00633	0.00718
10	0.00943	0.00810	0.01193	0.14200	0.01563	0.01002	0.00935	0.01149	0.01025	0.01459	0.10297	0.08193	0.01794	0.04099	0.29156	0.00474	0.20136	0.00691	0.00335	0.00547
11	0.01206	0.03446	0.01633	0.04700	0.14824	0.03386	0.12618	0.06218	0.01327	0.05752	0.02338	0.22689	0.12627	0.01008	0.00672	0.00192	0.03366	0.00910	0.00417	0.00670
12	0.03546	0.01269	0.01668	0.38919	0.10106	0.07440	0.01331	0.14967	0.01514	0.12028	0.01217	0.01466	0.00882	0.00595	0.00553	0.00177	0.00696	0.00495	0.00375	0.00758
13	0.03593	0.06092	0.10768	0.10811	0.08302	0.01132	0.03901	0.01479	0.03460	0.04483	0.09400	0.10592	0.01954	0.00936	0.00755	0.00200	0.09949	0.11146	0.00386	0.00660
14	0.12476	0.01161	0.01855	0.39039	0.13874	0.01303	0.11377	0.06847	0.01262	0.01846	0.01080	0.03482	0.00860	0.00576	0.00551	0.00183	0.00702	0.00526	0.00302	0.00700
15	0.01486	0.10871	0.02211	0.10972	0.41412	0.07010	0.04347	0.08885	0.01391	0.01849	0.01026	0.01314	0.00843	0.00545	0.00582	0.00166	0.03501	0.00474	0.00299	0.00816
16	0.10861	0.00731	0.00966	0.01012	0.05067	0.00788	0.00734	0.01189	0.01055	0.04390	0.05947	0.13433	0.01943	0.04828	0.33200	0.00505	0.03265	0.05946	0.00386	0.03756
17	0.04617	0.07593	0.04566	0.03538	0.05828	0.04739	0.03808	0.16833	0.03626	0.18524	0.02021	0.04913	0.09085	0.01682	0.02968	0.00202	0.00599	0.03600	0.00479	0.00778
18	0.04770	0.12248	0.21271	0.04157	0.01863	0.01502	0.02694	0.14868	0.10333	0.10902	0.01300	0.01384	0.00960	0.00644	0.00654	0.00177	0.08585	0.00472	0.00396	0.00822
19	0.06970	0.01061	0.01537	0.01164	0.01611	0.00967	0.09632	0.06005	0.01590	0.60410	0.01969	0.01785	0.01264	0.00659	0.00565	0.00176	0.00539	0.00560	0.00621	0.00914

[dist]
# distance from previous block
# <min> <max>
0	29

[block]
# block no. 2 follows, 42 sequences, length 13
# corresponding to MSA columns:
# 504-516
name=unknown_C
#
# <colnr> <probs for GDERKNQSTAVLIFYWHMCP>
#	G	D	E	R	K	N	Q	S	T	A	V	L	I	F	Y	W	H	M	C	P
0	0.00746	0.00573	0.00790	0.10650	0.01202	0.00569	0.00647	0.00905	0.01168	0.01550	0.12534	0.53492	0.10066	0.01502	0.00687	0.00213	0.00369	0.01348	0.00500	0.00490
1	0.07680	0.13893	0.11688	0.08272	0.01953	0.06337	0.06484	0.16472	0.03333	0.16683	0.01291	0.01360	0.00926	0.00591	0.00517	0.00166	0.00661	0.00465	0.00415	0.00814
2	0.01617	0.64184	0.02746	0.01082	0.01552	0.07200	0.05305	0.01816	0.01223	0.07486	0.00926	0.01029	0.00784	0.00505	0.00405	0.00130	0.00640	0.00348	0.00284	0.00739
3	0.00682	0.00504	0.00638	0.00745	0.00806	0.00460	0.00505	0.00788	0.01115	0.01452	0.03577	0.66256	0.17014	0.01701	0.00709	0.00222	0.00319	0.01525	0.00522	0.00460
4	0.04899	0.12949	0.01598	0.01231	0.05160	0.07522	0.00944	0.19837	0.25004	0.02282	0.01710	0.11427	0.01477	0.00790	0.00543	0.00175	0.00551	0.00636	0.00469	0.00797
5	0.02985	0.01397	0.03884	0.04652	0.08324	0.01439	0.19166	0.25347	0.07931	0.08093	0.01422	0.04873	0.01108	0.00678	0.00677	0.00185	0.05972	0.00601	0.00435	0.00832
6	0.02292	0.01070	0.01347	0.01051	0.01466	0.01021	0.00862	0.15971	0.06822	0.54785	0.05719	0.01937	0.01528	0.00720	0.00571	0.00174	0.00492	0.00582	0.00660	0.00932
7	0.00875	0.00560	0.00718	0.00750	0.00861	0.00511	0.00535	0.01037	0.01280	0.07804	0.22347	0.43225	0.11431	0.01441	0.00674	0.00203	0.00316	0.01282	0.03630	0.00521
8	0.01306	0.09427	0.25966	0.06654	0.06250	0.02468	0.07616	0.07363	0.10010	0.03117	0.07208	0.02750	0.01301	0.00625	0.00545	0.00169	0.00664	0.00531	0.00357	0.05673
9	0.00832	0.00596	0.00807	0.09195	0.01165	0.00586	0.00634	0.01002	0.01220	0.04653	0.18752	0.38339	0.11410	0.05461	0.02488	0.00238	0.00398	0.01208	0.00507	0.00508
10	0.01592	0.18783	0.06601	0.01779	0.21336	0.20547	0.01214	0.05640	0.01389	0.05190	0.01244	0.09862	0.01142	0.00676	0.00520	0.00159	0.00701	0.00543	0.00332	0.00750
11	0.01321	0.01166	0.01326	0.01119	0.07489	0.04858	0.00811	0.08110	0.01332	0.01965	0.01030	0.01194	0.00844	0.00455	0.00446	0.00101	0.00486	0.00364	0.00347	0.65235
12	0.10733	0.08925	0.10797	0.02981	0.19341	0.02525	0.01203	0.10023	0.08850	0.08114	0.01353	0.04205	0.01105	0.00714	0.00612	0.04562	0.00595	0.02193	0.00385	0.00783

[dist]
# distance from previous block
# <min> <max>
1	19

[block]
# block no. 3 follows, 42 sequences, length 11
# corresponding to MSA columns:
# 536-546
name=unknown_D
#
# <colnr> <probs for GDERKNQSTAVLIFYWHMCP>
#	G	D	E	R	K	N	Q	S	T	A	V	L	I	F	Y	W	H	M	C	P
0	0.01090	0.00713	0.00982	0.12158	0.01421	0.00736	0.00773	0.01368	0.05430	0.12236	0.09850	0.21222	0.07138	0.06386	0.09745	0.00305	0.00573	0.06802	0.00483	0.00588
1	0.04100	0.01091	0.07066	0.09349	0.12801	0.03564	0.04195	0.04264	0.02901	0.05289	0.08448	0.22576	0.02209	0.04495	0.00719	0.00210	0.00550	0.05101	0.00423	0.00650
2	0.01551	0.01217	0.02120	0.01716	0.06245	0.01193	0.30289	0.09300	0.04361	0.16225	0.01690	0.05907	0.01413	0.03574	0.00757	0.00207	0.03299	0.07729	0.00437	0.00772
3	0.01051	0.00959	0.01581	0.48734	0.16106	0.01103	0.01369	0.01377	0.01195	0.01592	0.08951	0.10597	0.01576	0.00747	0.00590	0.00187	0.00638	0.00677	0.00324	0.00644
4	0.34373	0.01012	0.01092	0.00887	0.01274	0.01015	0.00729	0.05127	0.01378	0.40652	0.01820	0.01699	0.05319	0.00669	0.00486	0.00175	0.00457	0.00496	0.00545	0.00794
5	0.03658	0.01492	0.10561	0.15478	0.37939	0.04858	0.06210	0.01680	0.01241	0.01759	0.01026	0.01341	0.00823	0.00509	0.00540	0.00164	0.00703	0.00473	0.00278	0.09267
6	0.00831	0.00593	0.00743	0.00806	0.00902	0.00574	0.00565	0.01104	0.08735	0.04203	0.10644	0.56837	0.08230	0.01541	0.00689	0.00215	0.00335	0.01381	0.00543	0.00527
7	0.01087	0.04701	0.01100	0.02420	0.01154	0.10713	0.00746	0.06007	0.01259	0.01614	0.09637	0.35036	0.02589	0.04874	0.06559	0.00268	0.08235	0.01014	0.00436	0.00552
8	0.00938	0.00686	0.00929	0.04612	0.04373	0.00685	0.00750	0.04585	0.01335	0.03751	0.18417	0.19743	0.08912	0.04211	0.05856	0.00269	0.00494	0.18397	0.00505	0.00551
9	0.06618	0.01253	0.06253	0.04553	0.08695	0.05326	0.03961	0.11906	0.03452	0.09686	0.01892	0.04347	0.04162	0.00921	0.00695	0.00201	0.05781	0.19134	0.00443	0.00720
10	0.01003	0.00738	0.00946	0.00914	0.01076	0.04253	0.05309	0.01171	0.01264	0.09284	0.09148	0.39444	0.15418	0.01395	0.00680	0.00208	0.00416	0.06260	0.00522	0.00550

[dist]
# distance from previous block
# <min> <max>
0	11

[block]
# block no. 4 follows, 42 sequences, length 15
# corresponding to MSA columns:
# 558-572
name=unknown_E
#
# <colnr> <probs for GDERKNQSTAVLIFYWHMCP>
#	G	D	E	R	K	N	Q	S	T	A	V	L	I	F	Y	W	H	M	C	P
0	0.75820	0.01050	0.00841	0.00755	0.01091	0.01199	0.00615	0.01660	0.00995	0.06050	0.00976	0.05171	0.00813	0.00597	0.00378	0.00177	0.00432	0.00386	0.00374	0.00618
1	0.01398	0.11024	0.04534	0.18496	0.04935	0.14719	0.28115	0.01740	0.01274	0.01562	0.01019	0.01362	0.00811	0.00683	0.03811	0.00203	0.02828	0.00514	0.00271	0.00699
2	0.01059	0.00809	0.09683	0.00653	0.00868	0.00618	0.00594	0.01367	0.01181	0.02060	0.01737	0.01990	0.01355	0.00641	0.00410	0.00137	0.00330	0.00512	0.73433	0.00561
3	0.11625	0.15526	0.04783	0.08510	0.04002	0.02959	0.00997	0.05259	0.10012	0.25309	0.01525	0.01588	0.01110	0.00714	0.02346	0.00186	0.00581	0.01709	0.00457	0.00802
4	0.05827	0.16579	0.39975	0.05888	0.02099	0.01388	0.03616	0.01861	0.01223	0.12810	0.01150	0.01281	0.00832	0.00637	0.02379	0.00185	0.00731	0.00427	0.00315	0.00796
5	0.02364	0.10516	0.01541	0.01027	0.01469	0.01088	0.00868	0.09982	0.01661	0.60548	0.01960	0.01737	0.01268	0.00669	0.00541	0.00167	0.00508	0.00528	0.00629	0.00930
6	0.01398	0.01145	0.10234	0.05555	0.03453	0.00966	0.00959	0.13220	0.05146	0.15119	0.21428	0.10357	0.02531	0.03779	0.00690	0.00196	0.00494	0.02081	0.00524	0.00725
7	0.04089	0.03425	0.17424	0.15426	0.09568	0.03478	0.07505	0.07805	0.01395	0.14653	0.03695	0.05193	0.01167	0.00655	0.00585	0.00179	0.02034	0.00561	0.00383	0.00781
8	0.11246	0.48248	0.12559	0.01110	0.01593	0.01792	0.06749	0.01635	0.01124	0.01559	0.00959	0.03558	0.00873	0.04288	0.00535	0.00163	0.00629	0.00410	0.00270	0.00700
9	0.00823	0.00556	0.00729	0.00728	0.00778	0.00573	0.00494	0.00896	0.00973	0.01345	0.14096	0.06945	0.02381	0.34208	0.21955	0.10208	0.00733	0.00796	0.00375	0.00409
10	0.14708	0.06104	0.13729	0.05298	0.08955	0.04943	0.14226	0.06322	0.07923	0.05145	0.03087	0.03774	0.02131	0.00618	0.00537	0.00176	0.00667	0.00536	0.00361	0.00759
11	0.01372	0.01180	0.06986	0.05043	0.13146	0.07390	0.01025	0.04390	0.04766	0.12016	0.01830	0.16660	0.01679	0.01063	0.04727	0.00221	0.02157	0.03330	0.10320	0.00700
12	0.01320	0.00744	0.00992	0.00902	0.01107	0.00699	0.02665	0.07144	0.01416	0.21544	0.13228	0.33771	0.05578	0.03952	0.02004	0.00222	0.00423	0.01077	0.00569	0.00644
13	0.11071	0.01137	0.06883	0.07404	0.05552	0.03215	0.07776	0.07084	0.01330	0.04292	0.12588	0.13569	0.04443	0.04206	0.00747	0.00206	0.04252	0.03182	0.00420	0.00643
14	0.04090	0.03457	0.09190	0.10799	0.11198	0.04412	0.08466	0.10861	0.06720	0.11051	0.04707	0.03844	0.04777	0.00678	0.00565	0.00174	0.00631	0.00587	0.00413	0.03380

[dist]
# distance from previous block
# <min> <max>
0	16

[block]
# block no. 5 follows, 42 sequences, length 24
# corresponding to MSA columns:
# 589-612
name=unknown_F
#
# <colnr> <probs for GDERKNQSTAVLIFYWHMCP>
#	G	D	E	R	K	N	Q	S	T	A	V	L	I	F	Y	W	H	M	C	P
0	0.03550	0.07580	0.09336	0.03045	0.13376	0.10234	0.06460	0.12677	0.03438	0.11699	0.03115	0.04122	0.02085	0.00674	0.00604	0.00172	0.03915	0.01767	0.00400	0.01748
1	0.01418	0.05356	0.40111	0.01639	0.09654	0.03467	0.02945	0.08374	0.06819	0.07991	0.03119	0.01416	0.01001	0.00604	0.00592	0.00176	0.03661	0.00477	0.00344	0.00837
2	0.18427	0.04422	0.05860	0.03936	0.07935	0.07742	0.21969	0.09916	0.01371	0.02043	0.01261	0.10226	0.01120	0.00671	0.00551	0.00180	0.00693	0.00610	0.00351	0.00716
3	0.01001	0.00724	0.03387	0.03886	0.01140	0.00677	0.00719	0.03660	0.01211	0.09437	0.07032	0.38323	0.06592	0.01828	0.12639	0.00319	0.02286	0.04089	0.00488	0.00563
4	0.04263	0.08695	0.10991	0.07593	0.09908	0.02607	0.08698	0.05586	0.01327	0.09544	0.03622	0.01408	0.01011	0.00544	0.00528	0.00150	0.01712	0.00463	0.00353	0.20996
5	0.01341	0.07115	0.12664	0.07842	0.39732	0.01336	0.03888	0.01820	0.08315	0.04368	0.01294	0.05508	0.01086	0.00605	0.00554	0.00173	0.00656	0.00552	0.00323	0.00828
6	0.04261	0.01146	0.01372	0.01083	0.01482	0.01144	0.00882	0.29442	0.01928	0.40246	0.01947	0.09411	0.01441	0.00790	0.00574	0.00178	0.00515	0.00640	0.00621	0.00899
7	0.01291	0.03820	0.05333	0.24302	0.07107	0.06753	0.07080	0.06446	0.07517	0.04311	0.03224	0.07311	0.05177	0.03804	0.00720	0.00198	0.03908	0.00643	0.00364	0.00691
8	0.04111	0.09592	0.33687	0.03315	0.06862	0.03519	0.12412	0.01837	0.07533	0.03545	0.01296	0.04089	0.01062	0.00631	0.00553	0.00179	0.00734	0.03950	0.00315	0.00778
9	0.01049	0.00525	0.00525	0.00525	0.00656	0.00525	0.00393	0.01311	0.01180	0.02098	0.01836	0.02098	0.01442	0.00656	0.00393	0.00131	0.00262	0.00525	0.83346	0.00525
10	0.01880	0.04303	0.03722	0.01099	0.01471	0.00956	0.07006	0.04503	0.01549	0.42674	0.18535	0.02280	0.02131	0.00779	0.00647	0.00177	0.04232	0.00654	0.00587	0.00816
11	0.04654	0.10882	0.05657	0.06440	0.06108	0.02214	0.18113	0.05529	0.01359	0.20110	0.01471	0.04935	0.02445	0.00666	0.00662	0.00180	0.06816	0.00577	0.00403	0.00779
12	0.01326	0.01175	0.07377	0.05988	0.01643	0.05105	0.08023	0.06630	0.08720	0.11549	0.04674	0.15389	0.02824	0.01419	0.12399	0.00300	0.02459	0.01864	0.00442	0.00693
13	0.00733	0.00654	0.03276	0.00810	0.00957	0.00544	0.04063	0.00894	0.01196	0.01541	0.07595	0.41790	0.29603	0.01506	0.00689	0.00209	0.00358	0.02579	0.00507	0.00495
14	0.05950	0.19132	0.06495	0.06478	0.01895	0.08255	0.12863	0.02032	0.09637	0.14313	0.03675	0.01489	0.01108	0.00608	0.00570	0.00168	0.03686	0.00497	0.00384	0.00764
15	0.01261	0.08139	0.24488	0.08633	0.03280	0.01239	0.07840	0.06620	0.03577	0.06625	0.05044	0.09411	0.03077	0.00912	0.04185	0.00216	0.03723	0.00635	0.00362	0.00733
16	0.09023	0.00914	0.01174	0.00934	0.01322	0.00816	0.00762	0.02398	0.01503	0.61054	0.02422	0.06145	0.07385	0.00795	0.00564	0.00178	0.00452	0.00647	0.00645	0.00865
17	0.09174	0.07722	0.32052	0.01417	0.05724	0.06629	0.01419	0.04735	0.08452	0.08139	0.01312	0.01609	0.01030	0.00648	0.00568	0.00178	0.03213	0.04833	0.00354	0.00789
18	0.01521	0.04912	0.06915	0.15898	0.11045	0.01267	0.09230	0.04619	0.08698	0.17250	0.01491	0.01662	0.02329	0.00809	0.04333	0.00217	0.06070	0.00547	0.00398	0.00788
19	0.01909	0.00915	0.01272	0.01040	0.01352	0.00869	0.03838	0.04753	0.01446	0.46635	0.02302	0.15805	0.04626	0.03352	0.00773	0.00202	0.06748	0.00777	0.00590	0.00796
20	0.01160	0.01129	0.05661	0.08337	0.07556	0.01104	0.17343	0.01591	0.08555	0.04130	0.01663	0.05702	0.01540	0.07497	0.08591	0.00302	0.06273	0.10835	0.00367	0.00665
21	0.01684	0.01403	0.07728	0.05659	0.04754	0.03111	0.14874	0.19984	0.07986	0.16002	0.03950	0.05418	0.01340	0.02701	0.00648	0.00189	0.00649	0.00623	0.00471	0.00824
22	0.01332	0.01269	0.02044	0.33686	0.13600	0.04946	0.16814	0.06785	0.04907	0.03600	0.02932	0.01668	0.01030	0.00593	0.00588	0.00183	0.00746	0.02219	0.00326	0.00732
23	0.41306	0.04320	0.06202	0.08755	0.09784	0.01277	0.09439	0.01644	0.01093	0.02104	0.00910	0.01132	0.00714	0.00507	0.00446	0.00166	0.00578	0.00395	0.00312	0.08915

[dist]
# distance from previous block
# <min> <max>
6	13

[block]
# block no. 6 follows, 42 sequences, length 9
# corresponding to MSA columns:
# 627-635
name=unknown_G
#
# <colnr> <probs for GDERKNQSTAVLIFYWHMCP>
#	G	D	E	R	K	N	Q	S	T	A	V	L	I	F	Y	W	H	M	C	P
0	0.01531	0.12796	0.17942	0.10296	0.07554	0.06279	0.11591	0.04496	0.08268	0.11949	0.01284	0.01422	0.00945	0.00570	0.00540	0.00170	0.00716	0.00490	0.00357	0.00803
1	0.01156	0.00848	0.01165	0.01170	0.06408	0.00962	0.00839	0.06486	0.01131	0.07912	0.01680	0.11755	0.01670	0.13961	0.22663	0.00456	0.15117	0.03648	0.00384	0.00592
2	0.00778	0.00575	0.00724	0.00785	0.00861	0.00572	0.00547	0.00995	0.06270	0.01504	0.07272	0.43486	0.08755	0.12768	0.08584	0.00331	0.00481	0.03744	0.00485	0.00483
3	0.06263	0.20571	0.10245	0.01223	0.01679	0.01608	0.06015	0.16510	0.21476	0.04246	0.03800	0.01518	0.01201	0.00630	0.00512	0.00166	0.00589	0.00499	0.00426	0.00822
4	0.06501	0.08994	0.10858	0.08610	0.10902	0.05235	0.12241	0.01781	0.01287	0.12487	0.05883	0.03529	0.01293	0.00669	0.00622	0.00179	0.04688	0.03129	0.00366	0.00745
5	0.01559	0.00739	0.00977	0.00839	0.01102	0.00652	0.00656	0.01772	0.01512	0.36182	0.27667	0.12442	0.09436	0.01042	0.00626	0.00183	0.00372	0.00897	0.00634	0.00712
6	0.00756	0.00564	0.00698	0.00775	0.00858	0.00540	0.00545	0.00964	0.05587	0.01547	0.07820	0.49377	0.14207	0.07061	0.00852	0.00242	0.00352	0.06250	0.00518	0.00486
7	0.01479	0.25534	0.21293	0.03556	0.01832	0.05527	0.03400	0.11854	0.05978	0.04923	0.01303	0.04292	0.01101	0.00664	0.00514	0.00166	0.00670	0.04788	0.00354	0.00775
8	0.09007	0.04074	0.06420	0.01245	0.04634	0.09425	0.06053	0.04778	0.01284	0.10221	0.07888	0.07915	0.01671	0.09000	0.03224	0.00244	0.08910	0.02947	0.00401	0.00658

[dist]
# distance from previous block
# <min> <max>
2	4

[block]
# block no. 7 follows, 42 sequences, length 16
# corresponding to MSA columns:
# 641-656
name=unknown_H
#
# <colnr> <probs for GDERKNQSTAVLIFYWHMCP>
#	G	D	E	R	K	N	Q	S	T	A	V	L	I	F	Y	W	H	M	C	P
0	0.01557	0.04357	0.01606	0.04380	0.01682	0.01349	0.07734	0.33709	0.09359	0.02623	0.11419	0.02013	0.05292	0.00830	0.02715	0.00187	0.00582	0.00615	0.00492	0.07498
1	0.08137	0.01284	0.01456	0.04963	0.01669	0.01338	0.00948	0.37298	0.04894	0.20324	0.01490	0.01465	0.01038	0.00636	0.00531	0.00162	0.00548	0.00490	0.00536	0.10793
2	0.04012	0.01026	0.01157	0.00928	0.01263	0.02590	0.00731	0.19386	0.01623	0.13434	0.13465	0.02214	0.05565	0.06469	0.00789	0.04309	0.00471	0.00604	0.00494	0.19471
3	0.01561	0.25347	0.08739	0.01248	0.01702	0.01495	0.09767	0.03275	0.03696	0.15088	0.01187	0.01306	0.00912	0.00587	0.00644	0.00156	0.09921	0.00444	0.00358	0.12568
4	0.00697	0.00498	0.00663	0.00776	0.00819	0.00465	0.00523	0.00812	0.01130	0.01520	0.10533	0.72186	0.03883	0.01701	0.00713	0.00223	0.00320	0.01541	0.00532	0.00465
5	0.00784	0.00621	0.00919	0.06561	0.05695	0.00610	0.03028	0.00941	0.01130	0.01512	0.06433	0.57646	0.06415	0.01592	0.03109	0.00238	0.00429	0.01347	0.00479	0.00511
6	0.00865	0.00754	0.04749	0.01083	0.05954	0.00648	0.05172	0.01012	0.01127	0.01528	0.09899	0.35783	0.04755	0.07052	0.01024	0.10276	0.00455	0.06922	0.00441	0.00501
7	0.01067	0.06908	0.16033	0.13971	0.01930	0.01003	0.06780	0.01379	0.01170	0.04488	0.01801	0.26273	0.01837	0.00962	0.00597	0.00187	0.00585	0.04328	0.00373	0.08327
8	0.01120	0.01050	0.01767	0.53958	0.22333	0.01216	0.01531	0.01465	0.01162	0.01541	0.01165	0.07066	0.00999	0.00633	0.00572	0.00185	0.00699	0.00579	0.00277	0.00681
9	0.02475	0.01037	0.01355	0.01039	0.01476	0.00945	0.00858	0.11984	0.01743	0.67672	0.02109	0.01843	0.01337	0.00694	0.00566	0.00173	0.00497	0.00558	0.00679	0.00958
10	0.01244	0.01671	0.20323	0.24446	0.06561	0.01352	0.23891	0.04688	0.06826	0.01804	0.01158	0.01464	0.00860	0.00546	0.00587	0.00184	0.00798	0.00540	0.00296	0.00762
11	0.01495	0.00833	0.01002	0.00893	0.01132	0.00819	0.00685	0.16134	0.01548	0.21077	0.02428	0.29878	0.04835	0.01094	0.00597	0.00187	0.00412	0.00940	0.13317	0.00694
12	0.01436	0.01408	0.06752	0.09066	0.01699	0.11856	0.01048	0.21757	0.01546	0.01997	0.01497	0.16466	0.01444	0.03474	0.03946	0.03445	0.09393	0.00700	0.00398	0.00674
13	0.07477	0.00615	0.00750	0.03125	0.00909	0.00640	0.00540	0.00972	0.01029	0.01491	0.11570	0.11762	0.08839	0.26595	0.17533	0.02762	0.00659	0.01877	0.00402	0.00454
14	0.01447	0.04108	0.16204	0.09235	0.01982	0.01341	0.07346	0.12686	0.01370	0.10955	0.01303	0.05368	0.01070	0.03182	0.04252	0.00234	0.16234	0.00566	0.00369	0.00746
15	0.00975	0.00866	0.04177	0.03607	0.01310	0.00829	0.05235	0.04578	0.15184	0.01762	0.02587	0.43810	0.02782	0.01339	0.00674	0.00216	0.00453	0.08512	0.00498	0.00606

[dist]
# distance from previous block
# <min> <max>
0	3

[block]
# block no. 8 follows, 42 sequences, length 17
# corresponding to MSA columns:
# 660-676
name=unknown_I
#
# <colnr> <probs for GDERKNQSTAVLIFYWHMCP>
#	G	D	E	R	K	N	Q	S	T	A	V	L	I	F	Y	W	H	M	C	P
0	0.33771	0.08299	0.06487	0.03893	0.13434	0.07956	0.12450	0.04369	0.01216	0.02063	0.00929	0.01140	0.00734	0.00521	0.00470	0.00169	0.00656	0.00416	0.00311	0.00717
1	0.01563	0.25155	0.06062	0.08238	0.09558	0.16601	0.16433	0.06924	0.01389	0.01672	0.00970	0.01196	0.00785	0.00524	0.00511	0.00156	0.00786	0.00445	0.00286	0.00746
2	0.01103	0.00759	0.00986	0.00895	0.01063	0.00771	0.02718	0.03092	0.12133	0.05562	0.02995	0.05733	0.01658	0.16887	0.12672	0.17828	0.00642	0.03966	0.00392	0.08145
3	0.00862	0.00893	0.10169	0.00922	0.01117	0.00731	0.00788	0.01077	0.00957	0.01374	0.01593	0.08842	0.01592	0.16977	0.42952	0.00636	0.01074	0.00684	0.00322	0.06438
4	0.12275	0.25226	0.19994	0.08093	0.01954	0.01557	0.07444	0.07896	0.01285	0.01868	0.03579	0.04401	0.01014	0.00597	0.00486	0.00163	0.00656	0.00471	0.00310	0.00731
5	0.01735	0.00815	0.01047	0.00894	0.01178	0.00755	0.00701	0.05595	0.04403	0.38712	0.11599	0.17541	0.02338	0.00961	0.00591	0.00181	0.00406	0.00822	0.08968	0.00759
6	0.01023	0.00691	0.00772	0.00698	0.00928	0.00619	0.00540	0.06368	0.01473	0.11180	0.16830	0.04488	0.49820	0.01235	0.00645	0.00184	0.00330	0.01033	0.00563	0.00579
7	0.02239	0.01162	0.01564	0.01198	0.01638	0.01127	0.07401	0.18246	0.08187	0.48141	0.01943	0.01774	0.01279	0.00678	0.00575	0.00176	0.00548	0.00568	0.00621	0.00934
8	0.01533	0.67962	0.08227	0.01039	0.01543	0.02118	0.01053	0.08148	0.01279	0.01553	0.00849	0.00963	0.00742	0.00502	0.00391	0.00129	0.00620	0.00327	0.00269	0.00751
9	0.01412	0.00931	0.01074	0.00980	0.01227	0.00982	0.00754	0.11878	0.23634	0.13427	0.02373	0.24897	0.02181	0.01052	0.00604	0.00193	0.00426	0.03361	0.07878	0.00738
10	0.69319	0.01099	0.00908	0.00804	0.01140	0.01258	0.00653	0.09552	0.01150	0.02558	0.01011	0.06589	0.00869	0.00628	0.00398	0.00177	0.00448	0.00419	0.00384	0.00636
11	0.01497	0.01236	0.03696	0.16889	0.15225	0.01303	0.01216	0.17085	0.17875	0.07567	0.01778	0.02050	0.04687	0.00722	0.00580	0.00184	0.00591	0.04555	0.00449	0.00816
12	0.01209	0.00658	0.00837	0.00773	0.00978	0.00581	0.00585	0.01394	0.01406	0.22213	0.22809	0.21341	0.20517	0.01233	0.00650	0.00191	0.00342	0.01069	0.00595	0.00617
13	0.00836	0.00551	0.00686	0.00745	0.00854	0.00493	0.00523	0.00956	0.01177	0.07857	0.03716	0.53529	0.22816	0.01583	0.00691	0.00214	0.00328	0.01403	0.00537	0.00504
14	0.01328	0.01271	0.02167	0.18299	0.62374	0.01320	0.01695	0.01670	0.01251	0.01760	0.01047	0.01414	0.00864	0.00513	0.00558	0.00171	0.00685	0.00501	0.00273	0.00839
15	0.01143	0.00900	0.01230	0.02739	0.03910	0.03821	0.09054	0.04794	0.07908	0.08252	0.10451	0.32479	0.08614	0.01182	0.00652	0.00199	0.00471	0.01067	0.00504	0.00631
16	0.01519	0.34439	0.09342	0.01240	0.01645	0.01750	0.05671	0.08049	0.03996	0.08038	0.01072	0.01246	0.00873	0.00768	0.03738	0.00195	0.14909	0.00433	0.00325	0.00753

[dist]
# distance from previous block
# <min> <max>
0	9

[block]
# block no. 9 follows, 42 sequences, length 20
# corresponding to MSA columns:
# 686-705
name=unknown_J
#
# <colnr> <probs for GDERKNQSTAVLIFYWHMCP>
#	G	D	E	R	K	N	Q	S	T	A	V	L	I	F	Y	W	H	M	C	P
0	0.10172	0.01181	0.01411	0.06094	0.09610	0.01136	0.00930	0.18937	0.01517	0.04231	0.01098	0.01248	0.00855	0.00515	0.00472	0.00131	0.00516	0.00406	0.00388	0.39152
1	0.04523	0.18282	0.08932	0.01470	0.08957	0.05697	0.02738	0.32847	0.01828	0.05155	0.01134	0.01234	0.00861	0.00602	0.00553	0.00162	0.03329	0.00445	0.00405	0.00847
2	0.01613	0.12937	0.03545	0.06151	0.01711	0.28582	0.01100	0.08536	0.04404	0.01623	0.01117	0.07266	0.01023	0.00756	0.00795	0.00177	0.17150	0.00511	0.00325	0.00680
3	0.01038	0.00687	0.00891	0.00825	0.01034	0.00613	0.03148	0.01263	0.03485	0.12246	0.13678	0.23709	0.23758	0.01264	0.00652	0.00193	0.00368	0.04830	0.00542	0.05776
4	0.03855	0.09997	0.35395	0.05149	0.01981	0.01235	0.04247	0.04696	0.01293	0.05986	0.06633	0.01620	0.04382	0.00611	0.00521	0.00161	0.00654	0.00493	0.00334	0.10758
5	0.02271	0.00900	0.01228	0.00970	0.01356	0.00788	0.00791	0.02486	0.01559	0.66204	0.06871	0.05302	0.01735	0.00912	0.03721	0.00206	0.00501	0.00639	0.00668	0.00892
6	0.00726	0.00529	0.00739	0.00825	0.00881	0.00541	0.00584	0.00859	0.01018	0.01392	0.02556	0.53275	0.02930	0.02604	0.27171	0.00460	0.00731	0.01259	0.00447	0.00473
7	0.01193	0.01681	0.25930	0.09204	0.07087	0.01181	0.20285	0.01680	0.03903	0.04645	0.01349	0.06692	0.01113	0.00951	0.07553	0.00249	0.00824	0.00606	0.03135	0.00739
8	0.00770	0.00566	0.00785	0.00874	0.00960	0.00538	0.02152	0.00936	0.01193	0.01582	0.08811	0.48464	0.06471	0.01616	0.00728	0.00231	0.00388	0.21925	0.00524	0.00487
9	0.01063	0.01000	0.01688	0.78870	0.03876	0.01250	0.01563	0.01438	0.01125	0.01438	0.01000	0.01500	0.00750	0.00563	0.00563	0.00188	0.00750	0.00500	0.00250	0.00625
10	0.79947	0.01082	0.00852	0.00754	0.01106	0.01240	0.00621	0.01711	0.00992	0.06407	0.00858	0.00966	0.00650	0.00531	0.00360	0.00174	0.00438	0.00318	0.00366	0.00628
11	0.04797	0.11088	0.27583	0.13089	0.04218	0.04533	0.11141	0.08919	0.01351	0.03652	0.01121	0.04010	0.00884	0.00586	0.00537	0.00173	0.00748	0.00497	0.00307	0.00766
12	0.09976	0.00909	0.01113	0.00899	0.01245	0.00857	0.00729	0.07775	0.01580	0.43501	0.14242	0.02273	0.04282	0.00772	0.00550	0.00171	0.00427	0.00626	0.07270	0.00804
13	0.00788	0.00573	0.00802	0.00823	0.00892	0.00630	0.00598	0.00930	0.00914	0.01282	0.01820	0.15022	0.01915	0.19907	0.49655	0.00720	0.01114	0.00809	0.00345	0.00461
14	0.00805	0.00604	0.00838	0.00836	0.00918	0.00674	0.00622	0.00960	0.00949	0.01329	0.04821	0.07576	0.06487	0.17152	0.49373	0.00703	0.03780	0.00753	0.00347	0.00474
15	0.01604	0.01316	0.01636	0.15975	0.07576	0.07598	0.05366	0.23318	0.05548	0.08025	0.01524	0.06547	0.01286	0.02293	0.00673	0.00192	0.03198	0.05117	0.00436	0.00770
16	0.00825	0.00720	0.00912	0.00919	0.01032	0.05387	0.06294	0.00967	0.01173	0.01500	0.05682	0.56720	0.12660	0.01525	0.00692	0.00214	0.00410	0.01377	0.00493	0.00498
17	0.67205	0.01172	0.01094	0.00918	0.01289	0.04236	0.06389	0.01787	0.01070	0.09141	0.00944	0.01055	0.00704	0.00537	0.00399	0.00174	0.00502	0.00358	0.00372	0.00654
18	0.01343	0.47092	0.34999	0.01239	0.01872	0.01830	0.01444	0.01727	0.01163	0.01522	0.00880	0.01026	0.00718	0.00504	0.00436	0.00145	0.00701	0.00350	0.00239	0.00769
19	0.01099	0.01129	0.08017	0.01477	0.14742	0.03017	0.01044	0.01342	0.02688	0.03013	0.07646	0.04681	0.07810	0.14165	0.06077	0.00301	0.17264	0.03512	0.00357	0.00619

[dist]
# distance from previous block
# <min> <max>
0	3

[block]
# block no. 10 follows, 42 sequences, length 19
# corresponding to MSA columns:
# 709-727
name=unknown_K
#
# <colnr> <probs for GDERKNQSTAVLIFYWHMCP>
#	G	D	E	R	K	N	Q	S	T	A	V	L	I	F	Y	W	H	M	C	P
0	0.04320	0.21426	0.42462	0.01399	0.02046	0.08637	0.04337	0.01853	0.01237	0.05966	0.01008	0.01147	0.00757	0.00533	0.00490	0.00161	0.00764	0.00397	0.00275	0.00785
1	0.01625	0.01002	0.01275	0.01098	0.01399	0.03831	0.05137	0.08815	0.09967	0.25659	0.10582	0.09423	0.02312	0.00985	0.00633	0.00196	0.00507	0.14224	0.00574	0.00755
2	0.02525	0.00958	0.01306	0.01001	0.01437	0.00827	0.00827	0.02743	0.01611	0.77102	0.02220	0.01915	0.01393	0.00697	0.00566	0.00174	0.00479	0.00566	0.00697	0.00958
3	0.08170	0.00963	0.01555	0.01526	0.13647	0.00923	0.15119	0.01531	0.01342	0.11804	0.17515	0.14061	0.06330	0.00916	0.00618	0.00187	0.00520	0.02127	0.00465	0.00682
4	0.01703	0.01617	0.01507	0.03669	0.03041	0.23008	0.04694	0.15734	0.21731	0.06102	0.01777	0.07233	0.04158	0.00762	0.00570	0.00175	0.00665	0.00615	0.00462	0.00778
5	0.01231	0.01231	0.01724	0.01477	0.01477	0.01724	0.01231	0.01354	0.00862	0.01354	0.00739	0.01231	0.00739	0.00985	0.01847	0.00246	0.79192	0.00492	0.00246	0.00616
6	0.00870	0.00644	0.00959	0.00877	0.00959	0.00660	0.07436	0.00951	0.00895	0.01223	0.01639	0.06943	0.01753	0.40985	0.22613	0.08263	0.00824	0.00757	0.00326	0.00421
7	0.01231	0.01331	0.09048	0.44908	0.17250	0.01323	0.08358	0.06683	0.01286	0.01727	0.01049	0.01442	0.00797	0.00548	0.00568	0.00182	0.00752	0.00508	0.00279	0.00730
8	0.01312	0.01880	0.24272	0.06225	0.08382	0.01394	0.39876	0.06288	0.01355	0.01888	0.01101	0.01403	0.00817	0.00511	0.00607	0.00183	0.00863	0.00562	0.00286	0.00795
9	0.48355	0.00973	0.00943	0.00801	0.01143	0.01030	0.00654	0.01902	0.01215	0.24280	0.07586	0.01553	0.01281	0.00634	0.00441	0.00172	0.00423	0.00454	0.05461	0.00700
10	0.00686	0.00490	0.00653	0.00784	0.00816	0.00457	0.00522	0.00784	0.01077	0.01437	0.03102	0.79855	0.03722	0.01763	0.00718	0.00229	0.00326	0.01600	0.00522	0.00457
11	0.01249	0.01204	0.01982	0.09695	0.41390	0.01330	0.05057	0.01522	0.01157	0.01650	0.01249	0.08009	0.02598	0.00739	0.00871	0.00194	0.18445	0.00613	0.00294	0.00753
12	0.01374	0.07717	0.01408	0.03859	0.03675	0.03787	0.02636	0.25033	0.01620	0.02140	0.06228	0.18057	0.01970	0.11546	0.00942	0.00234	0.03139	0.03511	0.00454	0.00671
13	0.01561	0.73253	0.02822	0.01009	0.01472	0.09334	0.00975	0.01738	0.01186	0.01329	0.00791	0.00913	0.00722	0.00491	0.00375	0.00123	0.00641	0.00307	0.00245	0.00716
14	0.01167	0.01000	0.01167	0.00834	0.01334	0.00750	0.00667	0.01417	0.01167	0.01834	0.01000	0.01167	0.00834	0.00417	0.00417	0.00083	0.00417	0.00333	0.00333	0.83663
15	0.08991	0.16452	0.56998	0.01410	0.02134	0.01465	0.01744	0.01753	0.01159	0.01771	0.00948	0.01112	0.00705	0.00524	0.00487	0.00168	0.00754	0.00385	0.00249	0.00792
16	0.01383	0.04459	0.01810	0.01488	0.01574	0.13818	0.04007	0.01526	0.01006	0.01374	0.00776	0.01196	0.00740	0.00882	0.01533	0.00223	0.60846	0.00471	0.00254	0.00631
17	0.08317	0.01295	0.05796	0.13093	0.36604	0.01267	0.01396	0.08566	0.03884	0.04892	0.03489	0.03923	0.01112	0.00602	0.00544	0.00172	0.00619	0.00532	0.00351	0.03546
18	0.36916	0.07411	0.13465	0.01152	0.05993	0.01231	0.03472	0.01782	0.01161	0.11446	0.03639	0.01265	0.00937	0.00553	0.00446	0.00163	0.00541	0.00405	0.00367	0.07655

[dist]
# distance from previous block
# <min> <max>
0	4

[block]
# block no. 11 follows, 42 sequences, length 23
# corresponding to MSA columns:
# 732-754
name=unknown_L
#
# <colnr> <probs for GDERKNQSTAVLIFYWHMCP>
#	G	D	E	R	K	N	Q	S	T	A	V	L	I	F	Y	W	H	M	C	P
0	0.01011	0.00854	0.01170	0.01077	0.01139	0.01070	0.00843	0.04733	0.00982	0.01420	0.01426	0.10014	0.01469	0.12336	0.29702	0.00520	0.28682	0.00689	0.00323	0.00540
1	0.01311	0.01155	0.01922	0.37134	0.34975	0.01285	0.01568	0.01644	0.01211	0.06605	0.01092	0.01467	0.00853	0.00567	0.00628	0.00181	0.04846	0.00505	0.00292	0.00761
2	0.01085	0.01022	0.03985	0.21783	0.22040	0.01027	0.04420	0.04441	0.01243	0.01691	0.05293	0.23668	0.01891	0.03067	0.00676	0.00202	0.00586	0.00848	0.00369	0.00663
3	0.00979	0.00610	0.00769	0.00770	0.00904	0.00578	0.00561	0.01246	0.05576	0.09254	0.26487	0.33683	0.05489	0.01284	0.00643	0.00194	0.00321	0.01137	0.08954	0.00562
4	0.01330	0.01313	0.02244	0.19916	0.51316	0.03104	0.09196	0.01683	0.01259	0.01736	0.01050	0.01421	0.00853	0.00514	0.00568	0.00173	0.00723	0.00515	0.00273	0.00814
5	0.05098	0.01302	0.01864	0.07433	0.39739	0.03912	0.01363	0.11124	0.03518	0.17113	0.01339	0.01486	0.00996	0.00577	0.00550	0.00170	0.00626	0.00506	0.00407	0.00876
6	0.00728	0.00537	0.00678	0.00731	0.00824	0.00493	0.00521	0.00887	0.01265	0.01690	0.24707	0.39334	0.16901	0.03785	0.00758	0.00217	0.00317	0.04602	0.00545	0.00481
7	0.01094	0.01160	0.09981	0.01390	0.06990	0.01017	0.09833	0.06811	0.08633	0.01841	0.05650	0.29993	0.02286	0.01108	0.00728	0.00206	0.05733	0.04444	0.00438	0.00664
8	0.01394	0.05178	0.02385	0.03262	0.68201	0.01386	0.06509	0.01730	0.01278	0.01811	0.01050	0.01377	0.00881	0.00499	0.00555	0.00166	0.00684	0.00502	0.00277	0.00874
9	0.05106	0.00873	0.01323	0.07376	0.24211	0.00912	0.01005	0.01295	0.01089	0.04997	0.01652	0.18518	0.01682	0.09267	0.11700	0.04857	0.02386	0.00774	0.00358	0.00619
10	0.01081	0.13799	0.03205	0.03183	0.02841	0.03765	0.00778	0.01328	0.02813	0.05878	0.22266	0.14649	0.10819	0.01112	0.00616	0.00186	0.00444	0.10158	0.00483	0.00597
11	0.03373	0.07702	0.22946	0.02011	0.22512	0.10634	0.06788	0.05898	0.01364	0.07150	0.01099	0.01295	0.00843	0.00599	0.01552	0.00178	0.02470	0.00460	0.00313	0.00815
12	0.01652	0.04303	0.01830	0.24434	0.17120	0.12170	0.05175	0.07154	0.01434	0.15619	0.01260	0.01468	0.00927	0.00580	0.00549	0.00170	0.00707	0.00495	0.02177	0.00775
13	0.24849	0.01048	0.01198	0.00964	0.01362	0.01041	0.00799	0.10495	0.01532	0.44580	0.01765	0.01796	0.01220	0.00689	0.00516	0.00178	0.00485	0.04066	0.00577	0.00840
14	0.01444	0.22186	0.24502	0.10034	0.10763	0.01528	0.01437	0.05427	0.07328	0.08478	0.01184	0.01319	0.00894	0.00560	0.00503	0.00163	0.00671	0.00441	0.00328	0.00810
15	0.05823	0.19400	0.20542	0.03022	0.10766	0.07672	0.06163	0.03435	0.05039	0.06146	0.05921	0.01433	0.01131	0.00582	0.00508	0.00162	0.00680	0.00469	0.00332	0.00773
16	0.02115	0.02787	0.03994	0.01182	0.05176	0.01017	0.00942	0.10154	0.01582	0.49890	0.01929	0.05528	0.01365	0.00926	0.04724	0.00217	0.04413	0.00594	0.00585	0.00880
17	0.05172	0.01203	0.10383	0.01186	0.06259	0.08824	0.00963	0.03222	0.01287	0.05004	0.09115	0.10168	0.03928	0.08300	0.02568	0.02246	0.00592	0.18549	0.00428	0.00602
18	0.01638	0.12212	0.28598	0.01529	0.04006	0.04495	0.13271	0.06478	0.01410	0.19078	0.01295	0.01379	0.00913	0.00565	0.00541	0.00169	0.00730	0.00481	0.00374	0.00836
19	0.06027	0.01240	0.05831	0.22408	0.09843	0.03096	0.04226	0.11399	0.03177	0.17951	0.04870	0.04836	0.01274	0.00673	0.00564	0.00179	0.00623	0.00575	0.00431	0.00778
20	0.50487	0.05150	0.03035	0.06545	0.04448	0.04463	0.03235	0.01759	0.03631	0.06137	0.00955	0.01118	0.00739	0.00571	0.00510	0.00177	0.05647	0.00380	0.00346	0.00667
21	0.01636	0.33060	0.02260	0.08781	0.07424	0.04201	0.08192	0.01968	0.05726	0.16983	0.03750	0.01447	0.01098	0.00576	0.00494	0.00155	0.00623	0.00470	0.00376	0.00778
22	0.01011	0.00846	0.01168	0.01130	0.04829	0.01003	0.00828	0.01194	0.03738	0.01452	0.08341	0.03829	0.01640	0.12662	0.20146	0.06513	0.23776	0.00634	0.00332	0.04928

[dist]
# distance from previous block
# <min> <max>
9	33

[block]
# block no. 12 follows, 42 sequences, length 38
# corresponding to MSA columns:
# 791-828
name=unknown_M
#
# <colnr> <probs for GDERKNQSTAVLIFYWHMCP>
#	G	D	E	R	K	N	Q	S	T	A	V	L	I	F	Y	W	H	M	C	P
0	0.00925	0.00771	0.03460	0.05446	0.01265	0.00693	0.04846	0.01220	0.05273	0.05367	0.13882	0.20871	0.22054	0.01274	0.00671	0.00204	0.00421	0.10282	0.00508	0.00567
