[name]
unknown

[dist]
# distance from previous block
# <min> <max>
0	269

[block]
# block no. 0 follows, 39 sequences, length 17
# corresponding to MSA columns:
# 382-398
name=unknown_A
#
# <colnr> <probs for GDERKNQSTAVLIFYWHMCP>
#	G	D	E	R	K	N	Q	S	T	A	V	L	I	F	Y	W	H	M	C	P
0	0.01505	0.01249	0.01638	0.12703	0.15848	0.05688	0.03771	0.12765	0.08078	0.06037	0.01672	0.09048	0.01453	0.00815	0.00663	0.00192	0.04209	0.03798	0.08089	0.00782
1	0.01339	0.08245	0.03767	0.04244	0.01367	0.00960	0.03508	0.06699	0.01399	0.13190	0.07473	0.14576	0.07666	0.09624	0.02708	0.00247	0.00532	0.03456	0.05608	0.03392
2	0.01517	0.01144	0.01224	0.01074	0.01330	0.08110	0.00841	0.05986	0.17776	0.14564	0.20990	0.06316	0.07358	0.00988	0.00756	0.00195	0.07709	0.00796	0.00570	0.00755
3	0.01384	0.01131	0.01250	0.02996	0.01437	0.07878	0.02485	0.01619	0.01332	0.09177	0.09332	0.01902	0.01553	0.07910	0.00741	0.00165	0.00521	0.00516	0.00414	0.46256
4	0.01010	0.00522	0.00772	0.00768	0.00781	0.00518	0.00518	0.00803	0.00855	0.01152	0.07937	0.02042	0.01451	0.01976	0.02161	0.75100	0.00492	0.00565	0.00294	0.00285
5	0.04947	0.01171	0.01656	0.14584	0.02081	0.08106	0.15143	0.04625	0.01384	0.06653	0.05335	0.14162	0.04489	0.01188	0.05805	0.00254	0.00740	0.06586	0.00422	0.00669
6	0.01696	0.47028	0.02474	0.01172	0.01581	0.12735	0.01049	0.05120	0.09175	0.04033	0.01076	0.01187	0.00907	0.00618	0.00587	0.00154	0.07904	0.00400	0.00328	0.00776
7	0.01177	0.04236	0.03390	0.01237	0.08047	0.00960	0.03237	0.01244	0.03727	0.01436	0.01136	0.01668	0.01029	0.01370	0.01594	0.40884	0.11170	0.00513	0.07951	0.03993
8	0.04261	0.04425	0.04804	0.05835	0.01709	0.18141	0.04081	0.04222	0.15747	0.08517	0.03259	0.07488	0.01424	0.00909	0.00794	0.07980	0.03556	0.00615	0.01511	0.00724
9	0.01204	0.02671	0.62230	0.01761	0.09181	0.01300	0.01985	0.01821	0.01257	0.01909	0.01147	0.01358	0.00838	0.00570	0.00550	0.00182	0.00802	0.00456	0.07927	0.00850
10	0.00967	0.00530	0.00714	0.00727	0.00744	0.00527	0.00473	0.00852	0.00870	0.01211	0.01518	0.09908	0.01607	0.19042	0.02136	0.48666	0.00488	0.00709	0.07981	0.00329
11	0.01338	0.04755	0.04919	0.01827	0.02242	0.03893	0.36750	0.04478	0.07199	0.01902	0.05795	0.08717	0.01517	0.00897	0.03603	0.00230	0.08076	0.00745	0.00371	0.00747
12	0.02726	0.12301	0.13920	0.04291	0.02005	0.01327	0.18130	0.06442	0.02374	0.08098	0.01327	0.04330	0.01090	0.01138	0.07423	0.10618	0.00805	0.00577	0.00350	0.00728
13	0.00900	0.00657	0.00814	0.00765	0.00923	0.00632	0.00577	0.01291	0.07773	0.02337	0.61762	0.04154	0.07992	0.01156	0.00673	0.00185	0.00296	0.01012	0.05514	0.00587
14	0.19213	0.01141	0.01372	0.05463	0.04235	0.01366	0.00987	0.13483	0.01320	0.04561	0.01254	0.04980	0.01114	0.04712	0.09688	0.00308	0.20946	0.00561	0.02602	0.00692
15	0.01499	0.01284	0.07524	0.18311	0.06608	0.06853	0.02350	0.01824	0.02508	0.16166	0.05029	0.09009	0.01544	0.00788	0.00637	0.00183	0.03402	0.02008	0.04066	0.08407
16	0.20976	0.06684	0.04064	0.04508	0.03532	0.03570	0.00932	0.12774	0.09468	0.13625	0.01549	0.06171	0.01230	0.00778	0.00598	0.03701	0.00549	0.00553	0.03958	0.00781

[dist]
# distance from previous block
# <min> <max>
6	51

[block]
# block no. 1 follows, 39 sequences, length 10
# corresponding to MSA columns:
# 451-457,459-461
name=unknown_B
#
# <colnr> <probs for GDERKNQSTAVLIFYWHMCP>
#	G	D	E	R	K	N	Q	S	T	A	V	L	I	F	Y	W	H	M	C	P
0	0.04504	0.04356	0.08958	0.01133	0.01437	0.11301	0.00976	0.09239	0.03306	0.09076	0.01700	0.10193	0.01544	0.04732	0.17715	0.00372	0.02171	0.02940	0.03650	0.00697
1	0.01618	0.04397	0.07674	0.13275	0.04238	0.01152	0.04057	0.10622	0.05473	0.20250	0.04362	0.08509	0.06556	0.04287	0.00717	0.00207	0.00595	0.00719	0.00497	0.00795
2	0.01246	0.01147	0.02087	0.11468	0.15601	0.01113	0.23774	0.01573	0.01294	0.05203	0.01730	0.21234	0.01683	0.00866	0.00653	0.00196	0.00684	0.00864	0.00381	0.07203
3	0.01485	0.01230	0.03921	0.03711	0.02138	0.01128	0.32531	0.06353	0.01493	0.15146	0.05931	0.15980	0.04396	0.00877	0.00677	0.00201	0.00697	0.00876	0.00466	0.00765
4	0.08415	0.01368	0.12666	0.30861	0.02690	0.01276	0.08779	0.03601	0.01227	0.01821	0.04046	0.01657	0.01070	0.00952	0.06884	0.00256	0.06469	0.00543	0.04726	0.00691
5	0.35813	0.01045	0.01113	0.00913	0.01298	0.01062	0.00744	0.04664	0.01409	0.36206	0.04536	0.01716	0.01294	0.03133	0.00576	0.00194	0.00477	0.00505	0.02495	0.00806
6	0.00820	0.00608	0.00738	0.00756	0.00872	0.00566	0.00537	0.03572	0.01391	0.01858	0.26837	0.30631	0.19336	0.07629	0.00896	0.00238	0.00343	0.01286	0.00568	0.00519
7	0.06228	0.05080	0.07183	0.15145	0.02289	0.01448	0.09180	0.20874	0.07499	0.16945	0.01501	0.01587	0.01058	0.00648	0.00581	0.00185	0.00675	0.00544	0.00476	0.00874
8	0.01192	0.01067	0.01626	0.43547	0.08683	0.01272	0.01372	0.04790	0.08456	0.01810	0.08856	0.01948	0.01448	0.00959	0.05795	0.00248	0.05269	0.00603	0.00356	0.00702
9	0.00885	0.00678	0.00825	0.00802	0.00972	0.00650	0.00622	0.01273	0.08692	0.02149	0.45060	0.04739	0.19175	0.01281	0.00703	0.00201	0.00334	0.09764	0.00612	0.00581

[dist]
# distance from previous block
# <min> <max>
0	1

[block]
# block no. 2 follows, 39 sequences, length 6
# corresponding to MSA columns:
# 463-468
name=unknown_C
#
# <colnr> <probs for GDERKNQSTAVLIFYWHMCP>
#	G	D	E	R	K	N	Q	S	T	A	V	L	I	F	Y	W	H	M	C	P
0	0.06301	0.01457	0.13422	0.01317	0.05446	0.01152	0.01152	0.11448	0.05494	0.43811	0.01882	0.01746	0.01242	0.00686	0.00577	0.00184	0.00587	0.00548	0.00590	0.00960
1	0.01513	0.00855	0.01060	0.00924	0.01189	0.00817	0.00718	0.10372	0.04507	0.23084	0.24612	0.16185	0.09417	0.01134	0.00662	0.00195	0.00407	0.00976	0.00638	0.00735
2	0.01027	0.00514	0.00770	0.00770	0.00770	0.00514	0.00514	0.00770	0.00770	0.01027	0.01027	0.01798	0.01027	0.02054	0.02311	0.82794	0.00514	0.00514	0.00257	0.00257
3	0.01176	0.01130	0.01964	0.63985	0.12379	0.01337	0.06540	0.01573	0.01216	0.01586	0.01068	0.01565	0.00813	0.00577	0.00598	0.00195	0.00792	0.00537	0.00269	0.00699
4	0.05215	0.01370	0.01608	0.06292	0.01837	0.03999	0.04400	0.35591	0.04532	0.18491	0.01754	0.09213	0.01375	0.00803	0.00603	0.00187	0.00615	0.00658	0.00564	0.00894
5	0.01156	0.01091	0.01845	0.69386	0.12175	0.01324	0.01662	0.01545	0.01201	0.01559	0.01058	0.01564	0.00805	0.00584	0.00591	0.00195	0.00779	0.00526	0.00266	0.00689

[dist]
# distance from previous block
# <min> <max>
1	5

[block]
# block no. 3 follows, 39 sequences, length 20
# corresponding to MSA columns:
# 474-493
name=unknown_D
#
# <colnr> <probs for GDERKNQSTAVLIFYWHMCP>
#	G	D	E	R	K	N	Q	S	T	A	V	L	I	F	Y	W	H	M	C	P
0	0.10547	0.14225	0.04875	0.32260	0.02888	0.01561	0.16788	0.03733	0.01248	0.01774	0.01018	0.01380	0.00795	0.00574	0.00610	0.00186	0.04027	0.00502	0.00289	0.00719
1	0.00751	0.00542	0.00711	0.00793	0.00863	0.00502	0.00548	0.00904	0.01288	0.01748	0.22968	0.55783	0.07072	0.01664	0.00737	0.00224	0.00324	0.01498	0.00577	0.00502
2	0.01296	0.01093	0.01264	0.00909	0.01431	0.00860	0.00730	0.06421	0.01333	0.02050	0.01076	0.01240	0.00885	0.00457	0.00448	0.00094	0.00453	0.00363	0.00367	0.77232
3	0.01045	0.00947	0.01271	0.01126	0.01204	0.01173	0.00909	0.01231	0.01245	0.01788	0.28225	0.03046	0.13200	0.01164	0.01316	0.00224	0.39031	0.00820	0.00441	0.00594
4	0.02488	0.01131	0.01429	0.01101	0.01552	0.01063	0.00908	0.18077	0.01914	0.57379	0.02281	0.02031	0.04295	0.00758	0.00598	0.00182	0.00527	0.00607	0.00694	0.00986
5	0.00893	0.00631	0.00729	0.00687	0.00883	0.00549	0.00521	0.01098	0.01498	0.07276	0.32290	0.04936	0.43194	0.01331	0.00691	0.00193	0.00306	0.01132	0.00601	0.00559
6	0.01493	0.20891	0.43581	0.01482	0.02164	0.11964	0.01692	0.06952	0.01404	0.01832	0.01010	0.01165	0.00771	0.00566	0.00517	0.00168	0.00828	0.00408	0.00282	0.00830
7	0.01847	0.01059	0.01264	0.01053	0.01395	0.01074	0.00852	0.17568	0.12531	0.26407	0.14896	0.02666	0.02271	0.00879	0.00615	0.00188	0.00477	0.05528	0.06575	0.00853
8	0.01575	0.01322	0.01396	0.01224	0.01577	0.01519	0.00961	0.12542	0.64891	0.02641	0.02275	0.02101	0.01699	0.00790	0.00600	0.00197	0.00492	0.00650	0.00600	0.00945
9	0.05642	0.01062	0.01343	0.01057	0.01478	0.01006	0.00867	0.10823	0.04995	0.54978	0.02121	0.01933	0.01396	0.00883	0.03860	0.00214	0.00553	0.00580	0.04261	0.00948
10	0.07197	0.01390	0.02510	0.02125	0.12386	0.01399	0.34789	0.05137	0.01412	0.12095	0.01363	0.01769	0.01062	0.00652	0.00776	0.00201	0.08896	0.03641	0.00381	0.00817
11	0.00725	0.00522	0.00680	0.00803	0.00845	0.00485	0.00535	0.00826	0.01133	0.01499	0.03356	0.71513	0.07896	0.05092	0.00847	0.00252	0.00350	0.01622	0.00541	0.00476
12	0.01568	0.00787	0.01022	0.00877	0.01139	0.00721	0.00686	0.04928	0.01659	0.29140	0.35122	0.09029	0.03488	0.01030	0.00641	0.00186	0.00382	0.00887	0.05974	0.00734
13	0.06905	0.13161	0.48487	0.01614	0.02344	0.01523	0.10966	0.01907	0.04378	0.01889	0.01087	0.01273	0.00807	0.00555	0.00543	0.00181	0.00811	0.00456	0.00279	0.00835
14	0.01064	0.00639	0.00754	0.00727	0.00917	0.00565	0.00544	0.01249	0.01388	0.13012	0.13751	0.19348	0.31762	0.01321	0.00661	0.00196	0.00334	0.01132	0.10049	0.00586
15	0.11690	0.01059	0.03553	0.05669	0.01648	0.01035	0.11994	0.10727	0.01450	0.05201	0.05537	0.19584	0.09911	0.01199	0.03697	0.00235	0.00597	0.04070	0.00470	0.00672
16	0.00870	0.06251	0.00852	0.00780	0.00873	0.00634	0.00557	0.00987	0.01164	0.01619	0.07318	0.48444	0.05710	0.01550	0.00802	0.07071	0.00363	0.01268	0.12388	0.00498
17	0.04865	0.01306	0.01622	0.07487	0.01740	0.07580	0.04356	0.06791	0.06215	0.01753	0.01326	0.10848	0.01275	0.01129	0.04547	0.00258	0.35206	0.00665	0.00355	0.00678
18	0.03906	0.45459	0.26306	0.06780	0.02025	0.01896	0.01419	0.01806	0.01219	0.03068	0.00945	0.01112	0.00768	0.00536	0.00457	0.00154	0.00713	0.00376	0.00266	0.00790
19	0.04367	0.01175	0.01548	0.10247	0.01858	0.03662	0.06830	0.16278	0.04199	0.16208	0.14283	0.02156	0.01887	0.01107	0.07374	0.00256	0.04620	0.00651	0.00508	0.00785

[dist]
# distance from previous block
# <min> <max>
3	36

[block]
# block no. 4 follows, 39 sequences, length 24
# corresponding to MSA columns:
# 530-553
name=unknown_E
#
# <colnr> <probs for GDERKNQSTAVLIFYWHMCP>
#	G	D	E	R	K	N	Q	S	T	A	V	L	I	F	Y	W	H	M	C	P
0	0.01203	0.11848	0.15887	0.01174	0.01566	0.01187	0.01143	0.04865	0.10433	0.01883	0.02036	0.06620	0.03096	0.01247	0.06090	0.00255	0.00668	0.21337	0.00427	0.07033
1	0.08148	0.02511	0.51353	0.01594	0.02334	0.01411	0.06957	0.11098	0.01459	0.06036	0.01164	0.01312	0.00821	0.00584	0.00561	0.00186	0.00801	0.00467	0.00332	0.00873
2	0.00878	0.00557	0.00740	0.00835	0.00909	0.00513	0.00572	0.00993	0.01185	0.07609	0.03265	0.70347	0.05849	0.01750	0.00740	0.00234	0.00355	0.01579	0.00564	0.00524
3	0.01506	0.01215	0.01713	0.44118	0.06768	0.01412	0.01394	0.23105	0.01684	0.03903	0.01253	0.01577	0.00926	0.00633	0.00579	0.00186	0.00701	0.00531	0.06018	0.00776
4	0.05336	0.00876	0.00951	0.00972	0.01097	0.06216	0.00710	0.08785	0.01325	0.01795	0.02551	0.50425	0.02898	0.01727	0.06332	0.00278	0.03360	0.03296	0.00499	0.00571
5	0.01226	0.01005	0.07252	0.01110	0.01371	0.00859	0.04168	0.05248	0.08794	0.10856	0.02784	0.29622	0.05817	0.01324	0.00704	0.00225	0.00504	0.15912	0.00542	0.00678
6	0.00835	0.00624	0.00929	0.00940	0.01040	0.00718	0.00724	0.01037	0.00965	0.01384	0.01721	0.08590	0.01678	0.04224	0.70638	0.00892	0.01482	0.00719	0.00336	0.00524
7	0.12054	0.01321	0.01498	0.01161	0.01615	0.01367	0.00959	0.35220	0.02111	0.34056	0.01734	0.01615	0.01156	0.00700	0.00566	0.00180	0.00566	0.00534	0.00624	0.00963
8	0.01666	0.01201	0.01232	0.01098	0.01383	0.09424	0.00875	0.17301	0.09160	0.13536	0.05965	0.10858	0.02105	0.01001	0.00625	0.00195	0.00547	0.11720	0.09345	0.00764
9	0.01607	0.00869	0.01081	0.00928	0.01219	0.00825	0.00728	0.04982	0.10685	0.28868	0.24011	0.08623	0.10967	0.01043	0.00648	0.00192	0.00406	0.00889	0.00653	0.00774
10	0.00746	0.00576	0.00681	0.00707	0.00841	0.00511	0.00511	0.00921	0.01383	0.01804	0.25925	0.26391	0.33849	0.01514	0.00715	0.00207	0.00306	0.01319	0.00580	0.00511
11	0.00805	0.00597	0.00757	0.00776	0.00907	0.00549	0.00587	0.01027	0.01474	0.01992	0.39886	0.18623	0.17881	0.01436	0.00724	0.00210	0.00329	0.10311	0.00600	0.00531
12	0.01117	0.01051	0.01774	0.77795	0.04073	0.01314	0.01642	0.01511	0.01182	0.01511	0.01051	0.01577	0.00788	0.00591	0.00591	0.00197	0.00788	0.00526	0.00263	0.00657
13	0.12219	0.00961	0.01014	0.00863	0.01160	0.01010	0.00689	0.14776	0.07560	0.14907	0.01802	0.01871	0.01326	0.00691	0.00485	0.00163	0.00420	0.00535	0.36794	0.00752
14	0.00810	0.00603	0.00753	0.00716	0.00867	0.00547	0.00537	0.01064	0.01611	0.02221	0.61737	0.04666	0.19153	0.01265	0.00698	0.00189	0.00283	0.01104	0.00631	0.00547
15	0.02209	0.02819	0.01676	0.01524	0.01828	0.76843	0.01143	0.02361	0.01676	0.01447	0.00914	0.01066	0.00762	0.00609	0.00533	0.00152	0.01066	0.00381	0.00305	0.00686
16	0.83394	0.01144	0.00869	0.00778	0.01144	0.01327	0.00640	0.01738	0.01006	0.02653	0.00823	0.00961	0.00640	0.00549	0.00366	0.00183	0.00457	0.00320	0.00366	0.00640
17	0.00725	0.00522	0.00680	0.00804	0.00846	0.00485	0.00536	0.00826	0.01132	0.01498	0.03339	0.71855	0.07486	0.05174	0.00849	0.00252	0.00351	0.01624	0.00541	0.00476
18	0.01399	0.00851	0.01053	0.00916	0.01172	0.00837	0.00715	0.04973	0.14247	0.18337	0.43764	0.03388	0.03844	0.01014	0.00654	0.00187	0.00376	0.00875	0.00657	0.00739
19	0.05067	0.70588	0.08364	0.01051	0.01578	0.02226	0.01082	0.01777	0.01197	0.01481	0.00840	0.00971	0.00753	0.00512	0.00392	0.00133	0.00643	0.00325	0.00258	0.00762
20	0.21156	0.01148	0.01280	0.01126	0.04477	0.01220	0.00867	0.13165	0.10616	0.19884	0.07267	0.01809	0.01487	0.00722	0.00591	0.00182	0.03823	0.00549	0.04822	0.03811
21	0.08395	0.01275	0.04493	0.01101	0.01449	0.03467	0.00917	0.30360	0.01866	0.09876	0.02061	0.08325	0.07376	0.04029	0.06152	0.00257	0.00636	0.03649	0.03532	0.00784
22	0.01505	0.01750	0.03079	0.07737	0.02961	0.13441	0.56773	0.01941	0.01425	0.01796	0.01141	0.01510	0.00868	0.00523	0.00664	0.00192	0.00993	0.00635	0.00297	0.00770
23	0.01506	0.01402	0.02397	0.12521	0.26865	0.03590	0.21634	0.01970	0.06710	0.07917	0.01293	0.01591	0.00996	0.00603	0.00715	0.00193	0.06324	0.00586	0.00347	0.00838

[dist]
# distance from previous block
# <min> <max>
0	2

[block]
# block no. 5 follows, 39 sequences, length 66
# corresponding to MSA columns:
# 556-585,587-622
name=unknown_F
#
# <colnr> <probs for GDERKNQSTAVLIFYWHMCP>
#	G	D	E	R	K	N	Q	S	T	A	V	L	I	F	Y	W	H	M	C	P
0	0.46442	0.01255	0.01337	0.12619	0.11574	0.03819	0.01014	0.07825	0.01286	0.06468	0.01032	0.01218	0.00782	0.00578	0.00465	0.00183	0.00578	0.00413	0.00378	0.00735
1	0.12604	0.01112	0.02488	0.01157	0.04830	0.01097	0.00890	0.12760	0.06679	0.32150	0.03203	0.05224	0.01521	0.05760	0.04728	0.00251	0.00583	0.01547	0.00570	0.00848
2	0.01161	0.00856	0.01132	0.01051	0.01223	0.00979	0.00836	0.04078	0.11541	0.07091	0.08150	0.02657	0.04291	0.02643	0.36951	0.00563	0.09336	0.04372	0.00438	0.00652
3	0.02444	0.00995	0.01384	0.01188	0.05830	0.00873	0.00902	0.02671	0.01632	0.66219	0.02328	0.07504	0.01609	0.00800	0.00606	0.00187	0.00503	0.00669	0.00693	0.00964
4	0.05773	0.01215	0.06056	0.05885	0.05165	0.01168	0.06895	0.12472	0.10247	0.10098	0.02067	0.13545	0.01903	0.00996	0.00670	0.00211	0.01825	0.12539	0.00499	0.00772
5	0.02242	0.01322	0.01541	0.01172	0.01647	0.01316	0.00965	0.36287	0.02139	0.30230	0.01702	0.01610	0.01156	0.00676	0.00569	0.00166	0.00563	0.00528	0.00607	0.13563
6	0.00828	0.00604	0.00778	0.00735	0.00878	0.00554	0.00551	0.01099	0.01653	0.02322	0.70793	0.04499	0.10033	0.01227	0.00698	0.00187	0.00280	0.01081	0.00644	0.00554
7	0.02306	0.01448	0.01662	0.01284	0.01724	0.01556	0.01061	0.48903	0.02354	0.24267	0.01642	0.01582	0.01123	0.00736	0.00675	0.00184	0.05348	0.00549	0.00611	0.00984
8	0.06921	0.01383	0.01465	0.01232	0.01579	0.05384	0.00994	0.27994	0.19359	0.10543	0.01835	0.06170	0.01481	0.00854	0.00695	0.00197	0.06149	0.04342	0.00551	0.00871
9	0.00753	0.00532	0.00673	0.00774	0.00841	0.00492	0.00528	0.00884	0.01198	0.01622	0.07874	0.60492	0.11919	0.01690	0.00720	0.00225	0.00329	0.01514	0.06448	0.00492
10	0.02254	0.00889	0.01161	0.00923	0.01298	0.00787	0.00752	0.02495	0.01576	0.56966	0.02229	0.02062	0.01477	0.00721	0.00548	0.00171	0.00445	0.00584	0.21770	0.00889
11	0.05906	0.01208	0.02038	0.09053	0.02210	0.01194	0.25615	0.09140	0.01516	0.18545	0.01747	0.07147	0.01450	0.04393	0.00756	0.00218	0.00708	0.05910	0.00462	0.00784
12	0.01396	0.01471	0.09893	0.37377	0.03044	0.05779	0.11031	0.09819	0.01448	0.05287	0.01323	0.07071	0.01077	0.00687	0.00611	0.00194	0.00781	0.00617	0.00348	0.00744
13	0.00847	0.00597	0.00687	0.00714	0.00872	0.00519	0.00516	0.00986	0.01293	0.06910	0.04722	0.32358	0.43697	0.01573	0.00712	0.00213	0.00330	0.01361	0.00562	0.00529
14	0.72825	0.01362	0.00974	0.00875	0.01233	0.11158	0.00706	0.01819	0.01094	0.02496	0.00835	0.00974	0.00656	0.00557	0.00388	0.00179	0.00537	0.00328	0.00358	0.00646
15	0.00715	0.00563	0.00646	0.00702	0.00828	0.00494	0.00497	0.00852	0.01273	0.01601	0.08462	0.36785	0.41218	0.01634	0.00723	0.00216	0.00317	0.01423	0.00554	0.00494
16	0.01226	0.01051	0.01226	0.00876	0.01401	0.00788	0.00701	0.01489	0.01226	0.01927	0.01051	0.01226	0.00876	0.00438	0.00438	0.00088	0.00438	0.00350	0.00350	0.82832
17	0.07876	0.00982	0.01217	0.01081	0.01336	0.01008	0.05188	0.17894	0.05583	0.06592	0.02337	0.38629	0.02431	0.01229	0.00654	0.00208	0.00482	0.01082	0.00535	0.03655
18	0.01027	0.00514	0.00770	0.00770	0.00770	0.00514	0.00514	0.00770	0.00770	0.01027	0.01027	0.01798	0.01027	0.02054	0.02311	0.82794	0.00514	0.00514	0.00257	0.00257
19	0.00735	0.00564	0.00673	0.00723	0.00840	0.00503	0.00513	0.00890	0.01319	0.01710	0.18273	0.36691	0.31251	0.01593	0.00723	0.00214	0.00314	0.01398	0.00569	0.00503
20	0.00837	0.00604	0.00790	0.00744	0.00883	0.00558	0.00558	0.01116	0.01674	0.02371	0.75216	0.04417	0.05580	0.01209	0.00697	0.00186	0.00279	0.01069	0.00651	0.00558
21	0.01581	0.79572	0.03099	0.01012	0.01518	0.02340	0.01012	0.01771	0.01202	0.01391	0.00822	0.00949	0.00759	0.00506	0.00379	0.00126	0.00632	0.00316	0.00253	0.00759
22	0.00766	0.00592	0.00703	0.00760	0.00877	0.00547	0.00537	0.00986	0.05086	0.01688	0.12390	0.42133	0.27562	0.01607	0.00722	0.00219	0.00328	0.01415	0.00564	0.00519
23	0.01117	0.01051	0.01774	0.77795	0.04073	0.01314	0.01642	0.01511	0.01182	0.01511	0.01051	0.01577	0.00788	0.00591	0.00591	0.00197	0.00788	0.00526	0.00263	0.00657
24	0.01294	0.01294	0.01811	0.01553	0.01553	0.01811	0.01294	0.01423	0.00906	0.01423	0.00776	0.01294	0.00776	0.01035	0.01941	0.00259	0.78134	0.00518	0.00259	0.00647
25	0.01328	0.28570	0.48373	0.01498	0.02236	0.01702	0.05082	0.01840	0.01240	0.01713	0.00988	0.01164	0.00759	0.00540	0.00507	0.00168	0.00799	0.00409	0.00253	0.00832
26	0.02147	0.01218	0.01422	0.01114	0.01531	0.01226	0.00912	0.33157	0.02118	0.31891	0.05475	0.02336	0.11049	0.00842	0.00611	0.00183	0.00531	0.00673	0.00644	0.00921
27	0.01975	0.01324	0.01475	0.01215	0.01619	0.01439	0.00976	0.23938	0.36385	0.19851	0.02097	0.01929	0.01489	0.00759	0.00597	0.00190	0.00530	0.00611	0.00629	0.00973
28	0.01294	0.01294	0.01811	0.01553	0.01553	0.01811	0.01294	0.01423	0.00906	0.01423	0.00776	0.01294	0.00776	0.01035	0.01941	0.00259	0.78134	0.00518	0.00259	0.00647
29	0.02093	0.02415	0.01650	0.01566	0.05820	0.57588	0.01134	0.02472	0.11761	0.06173	0.01219	0.01304	0.00959	0.00639	0.00549	0.00162	0.00929	0.00442	0.00371	0.00754
30	0.01479	0.10678	0.17624	0.02132	0.12644	0.01589	0.29394	0.09624	0.05293	0.02065	0.01202	0.01447	0.00916	0.00555	0.00602	0.00183	0.00825	0.00559	0.00330	0.00857
31	0.00751	0.00541	0.00712	0.00837	0.00891	0.00508	0.00585	0.00873	0.01162	0.01533	0.03342	0.64030	0.07541	0.04335	0.00833	0.00253	0.00372	0.09874	0.00542	0.00485
32	0.01226	0.01051	0.01226	0.00876	0.01401	0.00788	0.00701	0.01489	0.01226	0.01927	0.01051	0.01226	0.00876	0.00438	0.00438	0.00088	0.00438	0.00350	0.00350	0.82832
33	0.06514	0.01614	0.04720	0.01298	0.01738	0.05541	0.01091	0.44675	0.14404	0.07397	0.01619	0.01706	0.01200	0.00736	0.00584	0.00184	0.00629	0.02854	0.00558	0.00937
34	0.00719	0.00519	0.00681	0.00811	0.00855	0.00481	0.00543	0.00825	0.01144	0.01514	0.03410	0.74810	0.07835	0.01833	0.00752	0.00238	0.00341	0.01657	0.00549	0.00481
35	0.10816	0.01297	0.08601	0.01042	0.01511	0.01066	0.00928	0.14043	0.01557	0.08111	0.08187	0.01910	0.01490	0.00675	0.00527	0.00151	0.00516	0.04674	0.00453	0.32446
36	0.01148	0.00804	0.00949	0.00866	0.01084	0.00812	0.00661	0.01766	0.19982	0.06821	0.37937	0.06779	0.03660	0.01019	0.00628	0.00183	0.00349	0.00882	0.09891	0.03780
37	0.00748	0.00517	0.00676	0.00804	0.00846	0.00485	0.00539	0.00863	0.01140	0.01560	0.03164	0.73321	0.03739	0.01769	0.00730	0.00233	0.00338	0.01600	0.06441	0.00485
38	0.01181	0.01155	0.02048	0.61346	0.03787	0.01352	0.13909	0.01652	0.04605	0.01621	0.01139	0.01609	0.00854	0.00585	0.00610	0.00198	0.00809	0.00562	0.00285	0.00694
39	0.00885	0.00588	0.00742	0.00787	0.00868	0.00556	0.00549	0.01010	0.01195	0.04997	0.12391	0.32620	0.08620	0.22510	0.01350	0.00321	0.00422	0.08581	0.00519	0.00490
40	0.16745	0.01098	0.01326	0.01036	0.01479	0.01050	0.00856	0.10075	0.01686	0.55554	0.01973	0.01767	0.01272	0.00698	0.00554	0.00182	0.00511	0.00540	0.00653	0.00942
41	0.02474	0.01111	0.01409	0.01094	0.01537	0.01047	0.00899	0.14354	0.05646	0.57893	0.02175	0.01933	0.01409	0.00731	0.00589	0.00182	0.00518	0.00587	0.03427	0.00987
42	0.01360	0.06738	0.02076	0.13914	0.10012	0.01294	0.19499	0.07783	0.05739	0.05039	0.01843	0.12854	0.05315	0.00814	0.00628	0.00193	0.00675	0.00771	0.02700	0.00754
43	0.01322	0.01466	0.10508	0.01471	0.01774	0.01490	0.09351	0.02145	0.29186	0.01915	0.01569	0.01848	0.01280	0.05238	0.03630	0.00261	0.23754	0.00609	0.00401	0.00782
44	0.00840	0.00601	0.00762	0.00849	0.00913	0.00584	0.00577	0.06056	0.01231	0.01643	0.03028	0.67929	0.03577	0.07277	0.00904	0.00259	0.00382	0.01540	0.00538	0.00509
45	0.00777	0.00559	0.00773	0.05754	0.01062	0.00545	0.00618	0.00898	0.01176	0.01580	0.11189	0.60909	0.03733	0.01710	0.00828	0.05031	0.00374	0.01469	0.00525	0.00488
46	0.08246	0.10788	0.19502	0.07026	0.04934	0.01429	0.11772	0.08835	0.01487	0.18396	0.01350	0.01458	0.00955	0.00598	0.00558	0.00180	0.00715	0.00505	0.00408	0.00859
47	0.00935	0.00561	0.00782	0.00782	0.00809	0.00588	0.00529	0.00868	0.00841	0.01148	0.01399	0.02502	0.01451	0.23875	0.21573	0.39260	0.00804	0.00640	0.00300	0.00354
48	0.00790	0.00545	0.00725	0.00826	0.00867	0.00528	0.00568	0.00875	0.01080	0.01442	0.02804	0.52006	0.03282	0.12797	0.05184	0.06263	0.00472	0.08002	0.00489	0.00456
49	0.01207	0.01121	0.04100	0.17502	0.12342	0.01180	0.08533	0.05630	0.01195	0.01633	0.01347	0.02293	0.01285	0.20560	0.01466	0.04838	0.09506	0.03302	0.00324	0.00635
50	0.01464	0.03957	0.14998	0.18312	0.05428	0.01251	0.07827	0.09475	0.03985	0.10949	0.10613	0.01940	0.01571	0.00691	0.00593	0.00184	0.00664	0.00602	0.04701	0.00794
51	0.06600	0.01973	0.09519	0.16705	0.05682	0.29344	0.04071	0.01877	0.01360	0.01654	0.04152	0.01394	0.00981	0.00674	0.00749	0.00186	0.11597	0.00479	0.00302	0.00702
52	0.00871	0.00662	0.00960	0.00946	0.01032	0.00778	0.00723	0.01052	0.00937	0.01348	0.01574	0.02458	0.01523	0.13498	0.63618	0.00866	0.05667	0.00655	0.00319	0.00514
53	0.01017	0.00517	0.00763	0.00763	0.00763	0.00517	0.00504	0.00776	0.00776	0.01034	0.01077	0.01920	0.01093	0.06608	0.02352	0.77942	0.00517	0.00534	0.00263	0.00263
54	0.10055	0.13729	0.10920	0.01418	0.04931	0.02602	0.12046	0.05729	0.05064	0.06372	0.08491	0.02021	0.05302	0.02032	0.01879	0.00201	0.04200	0.01850	0.00400	0.00758
55	0.01466	0.01122	0.05786	0.04939	0.12442	0.00905	0.01004	0.01750	0.01361	0.17214	0.06847	0.10176	0.01663	0.00736	0.00560	0.00155	0.00511	0.00637	0.00454	0.30271
56	0.01292	0.01363	0.02723	0.06437	0.19045	0.01312	0.42438	0.01694	0.01343	0.01828	0.01603	0.10208	0.04435	0.00701	0.00673	0.00198	0.00818	0.00782	0.00334	0.00774
57	0.06454	0.08941	0.24185	0.02762	0.04951	0.01246	0.06483	0.01929	0.06504	0.12567	0.01625	0.06419	0.01353	0.03300	0.00649	0.00200	0.00654	0.04309	0.04680	0.00792
58	0.02788	0.13402	0.16973	0.02542	0.01862	0.07511	0.05629	0.10386	0.08165	0.15129	0.01654	0.07484	0.02433	0.00737	0.00568	0.00180	0.00676	0.00599	0.00444	0.00839
59	0.01557	0.09985	0.01828	0.01442	0.06897	0.01277	0.10138	0.06324	0.02691	0.17247	0.02068	0.14910	0.07149	0.00956	0.00824	0.00201	0.12492	0.00790	0.00463	0.00763
60	0.00857	0.04782	0.00937	0.08201	0.01210	0.00695	0.00658	0.01019	0.01260	0.01632	0.12838	0.25344	0.24960	0.02936	0.00808	0.04513	0.00401	0.02397	0.00491	0.04062
61	0.08805	0.01492	0.14364	0.17420	0.10477	0.06667	0.02438	0.05052	0.01310	0.05258	0.04501	0.07459	0.01341	0.04116	0.00805	0.06144	0.00683	0.00611	0.00356	0.00703
62	0.21001	0.05707	0.10861	0.02859	0.06217	0.08544	0.12878	0.04280	0.06337	0.09391	0.01277	0.01513	0.00989	0.04910	0.00669	0.00203	0.00701	0.00505	0.00382	0.00775
63	0.01585	0.10512	0.05890	0.17643	0.02328	0.01339	0.13536	0.08412	0.01463	0.15570	0.05414	0.01741	0.01250	0.00861	0.03961	0.03331	0.02106	0.00570	0.00409	0.02079
64	0.01193	0.00904	0.01018	0.03807	0.01193	0.07947	0.00727	0.01401	0.01479	0.09875	0.37191	0.06518	0.08696	0.01353	0.05318	0.04776	0.04579	0.00886	0.00538	0.00601
65	0.07492	0.02807	0.10741	0.04679	0.07052	0.04098	0.05079	0.04460	0.05125	0.15011	0.04084	0.07114	0.05223	0.00884	0.01780	0.00209	0.12299	0.00654	0.00434	0.00775

[dist]
# distance from previous block
# <min> <max>
0	24

[block]
# block no. 6 follows, 39 sequences, length 11
# corresponding to MSA columns:
# 647-657
name=unknown_G
#
# <colnr> <probs for GDERKNQSTAVLIFYWHMCP>
#	G	D	E	R	K	N	Q	S	T	A	V	L	I	F	Y	W	H	M	C	P
0	0.06744	0.12887	0.12316	0.01502	0.02007	0.01544	0.17361	0.08537	0.16240	0.08949	0.03188	0.01619	0.01192	0.00643	0.00606	0.00184	0.02651	0.00557	0.00424	0.00849
1	0.01253	0.00710	0.00960	0.00986	0.04186	0.00665	0.00692	0.01442	0.04341	0.17326	0.11973	0.29742	0.07151	0.01432	0.00902	0.10949	0.00416	0.03707	0.00554	0.00614
2	0.00879	0.00594	0.00779	0.00851	0.00957	0.00541	0.00608	0.01022	0.01217	0.05622	0.05741	0.57883	0.06542	0.01652	0.00729	0.00228	0.00372	0.07925	0.00551	0.05306
3	0.01313	0.04001	0.06595	0.04366	0.05308	0.01090	0.05530	0.11934	0.08192	0.05628	0.04918	0.12941	0.06654	0.10603	0.00924	0.00243	0.00564	0.04650	0.03837	0.00707
4	0.01350	0.09809	0.13529	0.22796	0.02446	0.01350	0.06108	0.01761	0.04285	0.08475	0.03830	0.04836	0.01194	0.00695	0.00693	0.00185	0.07799	0.00564	0.00352	0.07945
5	0.01193	0.00991	0.01612	0.14129	0.07753	0.01078	0.12065	0.06904	0.01240	0.01755	0.01355	0.01909	0.01158	0.04623	0.19795	0.07980	0.03736	0.00593	0.09494	0.00635
6	0.01070	0.05402	0.01312	0.04648	0.12790	0.00913	0.03302	0.01378	0.07934	0.03764	0.04338	0.34418	0.06994	0.04585	0.00834	0.03646	0.00486	0.01091	0.00464	0.00631
7	0.01565	0.07695	0.04721	0.13214	0.02024	0.08224	0.03511	0.12148	0.03716	0.07088	0.05214	0.01543	0.01176	0.00619	0.00574	0.00155	0.02819	0.00489	0.00401	0.23105
8	0.03837	0.01249	0.01603	0.07671	0.04314	0.01443	0.03042	0.17679	0.12863	0.11340	0.04708	0.04093	0.01414	0.03043	0.00981	0.00216	0.18590	0.00622	0.00477	0.00812
9	0.01447	0.01199	0.01459	0.01241	0.01540	0.08039	0.09854	0.15749	0.05635	0.07133	0.02411	0.20325	0.08711	0.01269	0.04788	0.00241	0.00647	0.05015	0.00501	0.02797
10	0.04844	0.04764	0.15893	0.01656	0.10270	0.05894	0.11767	0.01753	0.03144	0.08694	0.01680	0.13301	0.02872	0.01151	0.07646	0.00263	0.02556	0.00716	0.00382	0.00754

[dist]
# distance from previous block
# <min> <max>
9	179

[block]
# block no. 7 follows, 39 sequences, length 9
# corresponding to MSA columns:
# 842-850
name=unknown_H
#
# <colnr> <probs for GDERKNQSTAVLIFYWHMCP>
#	G	D	E	R	K	N	Q	S	T	A	V	L	I	F	Y	W	H	M	C	P
0	0.03875	0.06435	0.01211	0.09117	0.01463	0.00875	0.00789	0.01574	0.01366	0.15618	0.16150	0.08976	0.04935	0.00967	0.00673	0.04398	0.00458	0.03529	0.04987	0.12605
1	0.07515	0.31356	0.08072	0.01153	0.01634	0.01663	0.05093	0.11447	0.05152	0.11501	0.01722	0.01737	0.08248	0.00681	0.00509	0.00164	0.00605	0.00521	0.00416	0.00810
2	0.04706	0.01432	0.07745	0.05667	0.05690	0.12179	0.01023	0.05436	0.11071	0.06945	0.06699	0.12018	0.07153	0.00884	0.00593	0.00181	0.00590	0.00733	0.00458	0.08797
3	0.12372	0.00883	0.01172	0.01037	0.01248	0.00922	0.05902	0.04130	0.01365	0.10659	0.18523	0.20779	0.04177	0.03240	0.00838	0.00219	0.08068	0.03308	0.00518	0.00639
4	0.12630	0.01138	0.04322	0.17976	0.04277	0.01193	0.04736	0.09097	0.08730	0.04504	0.01606	0.02062	0.04116	0.10242	0.10593	0.00332	0.00755	0.00601	0.00393	0.00698
5	0.10766	0.10246	0.07489	0.10980	0.08580	0.13435	0.01214	0.09075	0.05156	0.06143	0.01174	0.01407	0.00931	0.03071	0.00670	0.00186	0.04666	0.00465	0.00364	0.03982
6	0.01162	0.00764	0.00878	0.00810	0.01033	0.00729	0.00621	0.06146	0.07327	0.10881	0.16180	0.10243	0.28417	0.03655	0.00734	0.00207	0.00376	0.03372	0.05829	0.00637
7	0.05958	0.00855	0.01065	0.03963	0.01281	0.00815	0.00727	0.07210	0.01547	0.21400	0.21976	0.13932	0.04930	0.04932	0.00746	0.00205	0.00432	0.00874	0.00582	0.06570
8	0.06354	0.00760	0.01041	0.00941	0.01133	0.00733	0.07707	0.01260	0.05463	0.03742	0.23781	0.22033	0.14502	0.06832	0.00847	0.00231	0.00417	0.01111	0.00536	0.00577

[dist]
# distance from previous block
# <min> <max>
9	37

[block]
# block no. 8 follows, 39 sequences, length 6
# corresponding to MSA columns:
# 888-893
name=unknown_I
#
# <colnr> <probs for GDERKNQSTAVLIFYWHMCP>
#	G	D	E	R	K	N	Q	S	T	A	V	L	I	F	Y	W	H	M	C	P
0	0.00740	0.00539	0.00689	0.00800	0.00861	0.00500	0.00551	0.00854	0.01160	0.01518	0.03538	0.60561	0.13257	0.05997	0.00874	0.00255	0.00362	0.05925	0.00538	0.00480
1	0.00872	0.00633	0.00750	0.00777	0.00862	0.00624	0.00541	0.01083	0.06026	0.01553	0.09932	0.15658	0.11701	0.34302	0.01693	0.00373	0.00466	0.11194	0.00481	0.00478
2	0.01440	0.11534	0.05936	0.01011	0.01378	0.04019	0.00858	0.07084	0.01422	0.12840	0.05029	0.23220	0.01998	0.00955	0.00576	0.00169	0.00507	0.00806	0.00473	0.18740
3	0.08427	0.04529	0.07180	0.11529	0.01946	0.04495	0.05254	0.13978	0.08221	0.04027	0.01719	0.05818	0.04896	0.03565	0.00661	0.00196	0.00626	0.03806	0.00426	0.08702
4	0.05694	0.04144	0.03050	0.01303	0.06357	0.05391	0.04035	0.12741	0.06869	0.18157	0.12543	0.08918	0.02164	0.00902	0.00617	0.00191	0.00555	0.05022	0.00545	0.00802
5	0.04953	0.04102	0.06845	0.02831	0.03622	0.03988	0.02834	0.11445	0.08538	0.05742	0.04362	0.05222	0.01487	0.05705	0.02712	0.00211	0.01941	0.03369	0.00435	0.19655

[dist]
# distance from previous block
# <min> <max>
3	35

[block]
# block no. 9 follows, 39 sequences, length 26
# corresponding to MSA columns:
# 931-956
name=unknown_J
#
# <colnr> <probs for GDERKNQSTAVLIFYWHMCP>
#	G	D	E	R	K	N	Q	S	T	A	V	L	I	F	Y	W	H	M	C	P
0	0.03971	0.01143	0.03610	0.20369	0.12105	0.01178	0.03954	0.07832	0.03392	0.12972	0.02716	0.07281	0.01383	0.00947	0.03242	0.03280	0.03718	0.03366	0.00419	0.03121
1	0.01035	0.00665	0.00868	0.00858	0.00972	0.00679	0.00623	0.04134	0.01140	0.07725	0.02354	0.18942	0.06519	0.20137	0.24213	0.03580	0.00807	0.03779	0.00442	0.00528
2	0.01134	0.03900	0.01208	0.05578	0.09755	0.00927	0.00865	0.05596	0.08491	0.04748	0.17326	0.12850	0.16681	0.01139	0.00658	0.00199	0.00449	0.05959	0.01863	0.00671
3	0.05102	0.05771	0.01701	0.03342	0.04961	0.01168	0.09629	0.06141	0.09944	0.17254	0.05766	0.01744	0.01376	0.00627	0.00548	0.00158	0.00556	0.00543	0.01492	0.22174
4	0.00771	0.00691	0.05124	0.00829	0.00944	0.00553	0.00627	0.00929	0.01209	0.01612	0.10952	0.50578	0.13010	0.06996	0.00887	0.00250	0.00381	0.02621	0.00529	0.00507
5	0.00777	0.00550	0.00668	0.00733	0.00824	0.00506	0.00509	0.00926	0.01249	0.01701	0.13560	0.43194	0.17884	0.04907	0.00799	0.00229	0.00329	0.01362	0.08798	0.00497
6	0.01054	0.07237	0.09829	0.03305	0.04285	0.00960	0.00907	0.06785	0.01381	0.01881	0.14010	0.26089	0.09582	0.03976	0.00773	0.00213	0.03040	0.01020	0.03043	0.00629
7	0.01470	0.05006	0.28518	0.11010	0.06688	0.01317	0.08883	0.08332	0.01485	0.10918	0.06586	0.01858	0.01330	0.00674	0.00599	0.00188	0.00737	0.03182	0.00387	0.00832
8	0.00993	0.00593	0.00756	0.00798	0.00912	0.00549	0.00570	0.01150	0.01264	0.09589	0.09335	0.45008	0.08122	0.04378	0.00776	0.00228	0.00360	0.04019	0.10048	0.00550
9	0.04506	0.01429	0.02847	0.05281	0.02685	0.01400	0.52710	0.01917	0.05574	0.04809	0.04214	0.01742	0.01158	0.00585	0.00708	0.00198	0.03724	0.00674	0.03062	0.00779
10	0.13210	0.01339	0.01497	0.13740	0.07640	0.08079	0.01087	0.16146	0.03736	0.11586	0.01440	0.04426	0.01150	0.00696	0.00553	0.00177	0.00626	0.03051	0.00447	0.09373
11	0.01158	0.01190	0.07537	0.07793	0.11529	0.03192	0.07582	0.06569	0.04089	0.01930	0.08675	0.15552	0.12073	0.01068	0.00668	0.00205	0.00584	0.07463	0.00451	0.00691
12	0.01009	0.00757	0.06280	0.06617	0.01175	0.00663	0.00736	0.00957	0.00909	0.01241	0.05391	0.02037	0.01346	0.05494	0.09256	0.54242	0.00654	0.00568	0.00290	0.00379
13	0.04239	0.10830	0.03860	0.21067	0.02222	0.01264	0.04126	0.05858	0.04261	0.01918	0.03520	0.01445	0.01026	0.00552	0.00507	0.00145	0.00599	0.00455	0.00345	0.31762
14	0.27315	0.13659	0.01623	0.03331	0.01552	0.01481	0.05115	0.16695	0.04570	0.05567	0.01312	0.05976	0.01085	0.00673	0.00489	0.00172	0.00553	0.00512	0.04121	0.04198
15	0.00958	0.00632	0.00716	0.00696	0.00731	0.00638	0.00414	0.03174	0.02732	0.03154	0.01919	0.06057	0.02145	0.70528	0.02747	0.00532	0.00564	0.00864	0.00387	0.00412
16	0.06997	0.14232	0.01719	0.01147	0.01534	0.01581	0.00958	0.34658	0.04369	0.06029	0.06145	0.08926	0.01540	0.00813	0.00612	0.00177	0.03614	0.00627	0.00506	0.03817
17	0.13487	0.01094	0.01370	0.07609	0.04783	0.01088	0.00941	0.11781	0.01646	0.36939	0.06017	0.04571	0.01510	0.00739	0.00567	0.00182	0.00528	0.00596	0.00578	0.03976
18	0.01862	0.00996	0.01238	0.03522	0.01413	0.00998	0.00824	0.16662	0.05959	0.29014	0.04910	0.08546	0.01707	0.03269	0.00894	0.10929	0.00508	0.00690	0.05272	0.00786
19	0.00862	0.00560	0.00737	0.00832	0.00893	0.00526	0.00570	0.00970	0.01147	0.05765	0.03037	0.61384	0.03536	0.10722	0.01010	0.00277	0.00391	0.05743	0.00537	0.00500
20	0.00774	0.00552	0.00710	0.00782	0.00845	0.00519	0.00535	0.00909	0.01230	0.01661	0.18966	0.46181	0.06877	0.12669	0.01062	0.00275	0.00368	0.04058	0.00544	0.00483
21	0.01519	0.01105	0.05596	0.01041	0.01356	0.05223	0.03848	0.04882	0.06230	0.21027	0.31140	0.03066	0.05932	0.04461	0.00747	0.00202	0.00488	0.00806	0.00591	0.00740
22	0.04150	0.01233	0.06944	0.22769	0.05364	0.01259	0.01282	0.01991	0.03018	0.24380	0.01452	0.01647	0.01046	0.00728	0.00852	0.00201	0.16464	0.00537	0.03892	0.00791
23	0.00735	0.00543	0.00676	0.00767	0.00841	0.00498	0.00525	0.00854	0.01194	0.01558	0.07682	0.54019	0.18567	0.06289	0.00874	0.00249	0.00348	0.02755	0.00543	0.00482
24	0.02615	0.00757	0.01000	0.00862	0.01097	0.00713	0.03656	0.03310	0.01505	0.18102	0.27659	0.03198	0.08359	0.04242	0.05185	0.00238	0.00459	0.00811	0.15570	0.00662
25	0.07357	0.19201	0.09820	0.13193	0.08302	0.04075	0.12294	0.09288	0.01398	0.01919	0.01133	0.04579	0.00953	0.00641	0.00596	0.01201	0.02431	0.00525	0.00323	0.00770

[dist]
# distance from previous block
# <min> <max>
5	59

[block]
# block no. 10 follows, 39 sequences, length 16
# corresponding to MSA columns:
# 1018-1033
name=unknown_K
#
# <colnr> <probs for GDERKNQSTAVLIFYWHMCP>
#	G	D	E	R	K	N	Q	S	T	A	V	L	I	F	Y	W	H	M	C	P
0	0.06710	0.13969	0.09188	0.03708	0.04583	0.01363	0.10255	0.07264	0.05303	0.10663	0.02510	0.05271	0.01182	0.00639	0.00537	0.00163	0.00623	0.00543	0.00405	0.15120
1	0.01427	0.01333	0.04294	0.25575	0.02334	0.11148	0.03671	0.09297	0.02893	0.06408	0.10178	0.07732	0.03372	0.00870	0.00729	0.02911	0.04037	0.00683	0.00413	0.00695
2	0.01403	0.04327	0.25241	0.01836	0.17624	0.04004	0.04032	0.04514	0.04188	0.06865	0.10375	0.01927	0.01571	0.00679	0.00584	0.00177	0.00678	0.02607	0.00386	0.06983
3	0.03324	0.00846	0.01180	0.04947	0.03805	0.00826	0.05497	0.03980	0.04644	0.11890	0.21442	0.11477	0.12273	0.04035	0.00761	0.00216	0.00465	0.07179	0.00552	0.00661
4	0.01459	0.08616	0.20097	0.04067	0.05425	0.01126	0.01191	0.04415	0.01353	0.15362	0.08326	0.01970	0.01524	0.06745	0.05341	0.04420	0.00677	0.00566	0.00411	0.06910
5	0.02971	0.00814	0.03476	0.00905	0.01074	0.00760	0.00701	0.05161	0.06748	0.06944	0.02685	0.24295	0.06817	0.18388	0.01195	0.00299	0.00478	0.12191	0.03513	0.00584
6	0.04016	0.00792	0.00988	0.00907	0.01123	0.00777	0.03145	0.01707	0.11337	0.16497	0.04604	0.24142	0.07676	0.06987	0.00802	0.00226	0.00421	0.00979	0.12208	0.00667
7	0.04242	0.01027	0.05213	0.04116	0.06446	0.00968	0.04550	0.07396	0.11135	0.04521	0.05508	0.33728	0.04030	0.03416	0.00731	0.00221	0.00500	0.01068	0.00501	0.00683
8	0.01344	0.01126	0.01723	0.06371	0.18835	0.01189	0.08203	0.11557	0.01472	0.04105	0.04572	0.10979	0.04382	0.03215	0.00893	0.02915	0.07313	0.08651	0.00423	0.00731
9	0.01027	0.00514	0.00770	0.00770	0.00770	0.00514	0.00514	0.00770	0.00770	0.01027	0.01027	0.01798	0.01027	0.02054	0.02311	0.82794	0.00514	0.00514	0.00257	0.00257
10	0.00872	0.00622	0.00721	0.00713	0.00883	0.00552	0.00536	0.01049	0.01384	0.05861	0.19688	0.09616	0.40161	0.07740	0.00894	0.00235	0.00352	0.07024	0.00565	0.00531
11	0.01362	0.01347	0.06921	0.10772	0.24057	0.03905	0.05469	0.12082	0.01468	0.01994	0.03975	0.08271	0.01463	0.08114	0.05963	0.00274	0.00750	0.00678	0.00372	0.00762
12	0.00992	0.00727	0.00997	0.00963	0.01031	0.00839	0.00716	0.01122	0.00993	0.05123	0.01859	0.16530	0.01961	0.20292	0.29713	0.00580	0.13802	0.00856	0.00380	0.00524
13	0.00783	0.00564	0.00726	0.00824	0.00893	0.00533	0.00589	0.00918	0.01191	0.01571	0.07524	0.46353	0.10187	0.10877	0.01023	0.00278	0.00398	0.13753	0.00532	0.00483
14	0.01306	0.00824	0.01158	0.01002	0.01240	0.00778	0.06117	0.07813	0.01620	0.15720	0.31458	0.21011	0.05127	0.01182	0.00683	0.00199	0.00422	0.01055	0.00608	0.00678
15	0.04743	0.01694	0.05568	0.01416	0.01885	0.03709	0.05000	0.54790	0.05109	0.05124	0.01392	0.01436	0.01001	0.00700	0.00638	0.00183	0.03595	0.00532	0.00535	0.00952

[dist]
# distance from previous block
# <min> <max>
29	98

[block]
# block no. 11 follows, 39 sequences, length 8
# corresponding to MSA columns:
# 1203-1210
name=unknown_L
#
# <colnr> <probs for GDERKNQSTAVLIFYWHMCP>
#	G	D	E	R	K	N	Q	S	T	A	V	L	I	F	Y	W	H	M	C	P
0	0.17861	0.06491	0.06964	0.08656	0.06925	0.11491	0.05704	0.05048	0.01419	0.08302	0.08908	0.01810	0.01430	0.00681	0.00544	0.00177	0.00660	0.03042	0.00400	0.03489
1	0.15853	0.11766	0.12360	0.02737	0.05722	0.01257	0.01051	0.04289	0.06437	0.06460	0.05832	0.07799	0.01609	0.03511	0.03155	0.00220	0.00596	0.04058	0.01694	0.03592
2	0.01102	0.08279	0.01393	0.09817	0.04773	0.01062	0.03676	0.07239	0.03609	0.01790	0.06109	0.24964	0.11953	0.03964	0.00811	0.00220	0.04789	0.03365	0.00455	0.00630
3	0.06550	0.01595	0.13882	0.04141	0.08793	0.04617	0.01236	0.15964	0.08637	0.10505	0.01702	0.06638	0.04052	0.00769	0.00647	0.00187	0.04529	0.00609	0.00454	0.04493
4	0.08016	0.04359	0.18865	0.01455	0.03515	0.05411	0.05413	0.11307	0.07108	0.06636	0.01339	0.04804	0.01082	0.00750	0.00805	0.00196	0.14473	0.00550	0.03114	0.00801
5	0.00950	0.00719	0.01054	0.08738	0.04045	0.00757	0.02679	0.03826	0.01194	0.01629	0.11776	0.20170	0.04547	0.07032	0.18733	0.09520	0.00742	0.00934	0.00421	0.00533
6	0.00935	0.00787	0.03600	0.00928	0.01082	0.00707	0.04176	0.04256	0.04763	0.01670	0.06351	0.34776	0.08851	0.16031	0.01188	0.02973	0.00463	0.02925	0.00484	0.03052
7	0.01318	0.16324	0.26575	0.06596	0.06915	0.01415	0.05712	0.03743	0.04532	0.03818	0.07198	0.05327	0.01397	0.00673	0.00555	0.00173	0.00684	0.00564	0.00348	0.06132

[dist]
# distance from previous block
# <min> <max>
26	222

# created by:
# /home/berkeley/.conda/envs/busco_data_prod/bin/msa2prfl.pl pipeline/OGs_align_augustus/33634/164812.fs
