[name]
unknown

[dist]
# distance from previous block
# <min> <max>
0	589

[block]
# block no. 0 follows, 46 sequences, length 12
# corresponding to MSA columns:
# 985-993,997-999
name=unknown_A
#
# <colnr> <probs for GDERKNQSTAVLIFYWHMCP>
#	G	D	E	R	K	N	Q	S	T	A	V	L	I	F	Y	W	H	M	C	P
0	0.67631	0.01011	0.00842	0.00768	0.01077	0.01166	0.00629	0.01703	0.11811	0.02297	0.01074	0.01354	0.00884	0.00587	0.00384	0.00171	0.00415	0.05224	0.00368	0.00605
1	0.05378	0.01423	0.13751	0.05147	0.04976	0.10737	0.01024	0.13272	0.06648	0.09339	0.04320	0.15185	0.01511	0.00782	0.00531	0.00169	0.00563	0.00645	0.03908	0.00694
2	0.01124	0.01111	0.01612	0.17822	0.01858	0.01526	0.01222	0.01289	0.00861	0.01289	0.00745	0.01209	0.00696	0.00842	0.01483	0.00220	0.63813	0.00464	0.00232	0.00580
3	0.00933	0.00943	0.09296	0.00978	0.01227	0.00768	0.08299	0.04981	0.06447	0.03273	0.14057	0.18416	0.14503	0.07222	0.02764	0.00226	0.00477	0.04180	0.00444	0.00565
4	0.01157	0.01157	0.01619	0.01388	0.01388	0.01619	0.01157	0.01272	0.00810	0.01272	0.00694	0.01157	0.00694	0.00925	0.01735	0.00231	0.80453	0.00463	0.00231	0.00578
5	0.01519	0.40373	0.02138	0.01148	0.01445	0.24486	0.00996	0.01666	0.01138	0.01265	0.00750	0.00949	0.00683	0.00587	0.00696	0.00147	0.18799	0.00340	0.00241	0.00637
6	0.07038	0.01238	0.01530	0.05416	0.07016	0.01467	0.01058	0.31604	0.01567	0.06321	0.01070	0.01320	0.00855	0.03488	0.00978	0.00196	0.26247	0.00472	0.00385	0.00734
7	0.00779	0.00525	0.00680	0.00741	0.00786	0.00523	0.00504	0.00905	0.06711	0.01292	0.02263	0.44252	0.02578	0.12571	0.01234	0.17866	0.00384	0.04583	0.00416	0.00406
8	0.03136	0.11686	0.06413	0.01260	0.11884	0.01118	0.02540	0.07296	0.05034	0.05605	0.01082	0.01252	0.00873	0.02663	0.00500	0.00130	0.00504	0.00392	0.00333	0.36298
9	0.00853	0.00482	0.00640	0.00640	0.00640	0.00482	0.00399	0.00724	0.00724	0.00965	0.01243	0.02412	0.01354	0.36425	0.02338	0.48065	0.00482	0.00594	0.00269	0.00269
10	0.00667	0.00479	0.00625	0.00734	0.00777	0.00449	0.00503	0.00767	0.01022	0.01351	0.02952	0.66518	0.07200	0.06690	0.00804	0.00234	0.00331	0.06991	0.00480	0.00428
11	0.01201	0.01169	0.01565	0.13496	0.07488	0.09344	0.08287	0.04021	0.05897	0.01457	0.01096	0.04870	0.00985	0.02551	0.06111	0.07457	0.21588	0.00533	0.00288	0.00595

[dist]
# distance from previous block
# <min> <max>
1	3

[block]
# block no. 1 follows, 46 sequences, length 27
# corresponding to MSA columns:
# 1004-1030
name=unknown_B
#
# <colnr> <probs for GDERKNQSTAVLIFYWHMCP>
#	G	D	E	R	K	N	Q	S	T	A	V	L	I	F	Y	W	H	M	C	P
0	0.00950	0.00851	0.01278	0.46563	0.02532	0.00923	0.01079	0.01227	0.01072	0.01441	0.01514	0.11154	0.06974	0.00695	0.00522	0.00159	0.00553	0.00607	0.00303	0.19604
1	0.01025	0.00939	0.01558	0.48564	0.10681	0.01104	0.04674	0.01342	0.01103	0.01479	0.04321	0.02024	0.01185	0.00676	0.00632	0.00183	0.05835	0.08917	0.03158	0.00600
2	0.01413	0.81739	0.02770	0.00905	0.01357	0.02092	0.00905	0.01583	0.01074	0.01244	0.00735	0.00848	0.00678	0.00452	0.00339	0.00113	0.00565	0.00283	0.00226	0.00678
3	0.01605	0.00882	0.01175	0.08189	0.06582	0.00853	0.00845	0.10367	0.01464	0.33418	0.03529	0.05733	0.15372	0.00863	0.00570	0.00175	0.00462	0.06664	0.00525	0.00728
4	0.01490	0.02583	0.04436	0.04641	0.05532	0.26441	0.23270	0.01768	0.01289	0.07590	0.01187	0.01622	0.00983	0.00891	0.07677	0.00227	0.02203	0.05199	0.00311	0.00660
5	0.62198	0.01128	0.01068	0.10522	0.06802	0.05897	0.02538	0.01571	0.00984	0.02123	0.00791	0.00975	0.00619	0.00496	0.00381	0.00163	0.00504	0.00332	0.00307	0.00599
6	0.01215	0.01285	0.01518	0.41613	0.02562	0.17977	0.02616	0.01475	0.01157	0.01405	0.08140	0.01511	0.01104	0.00646	0.00722	0.00176	0.13529	0.00490	0.00276	0.00585
7	0.01326	0.04673	0.05207	0.16692	0.19699	0.01210	0.01186	0.10409	0.09833	0.06387	0.01211	0.01420	0.00941	0.00766	0.05551	0.00200	0.02645	0.00466	0.00345	0.09834
8	0.01139	0.00919	0.01147	0.09376	0.03726	0.00814	0.00750	0.04289	0.04721	0.04727	0.04894	0.01538	0.01138	0.06074	0.02691	0.00157	0.00471	0.00432	0.00348	0.50647
9	0.19178	0.39454	0.02009	0.01003	0.01406	0.10519	0.03249	0.13324	0.01318	0.03062	0.00860	0.00961	0.00705	0.00502	0.00394	0.00136	0.00587	0.00335	0.00308	0.00688
10	0.01464	0.15572	0.06870	0.01303	0.01576	0.07541	0.04197	0.19292	0.01345	0.01802	0.00879	0.01122	0.00742	0.00697	0.00983	0.00180	0.33009	0.00427	0.00305	0.00693
11	0.01055	0.00899	0.01049	0.00767	0.01204	0.00681	0.00609	0.01283	0.01113	0.01716	0.03805	0.02878	0.04443	0.00481	0.00415	0.00088	0.00379	0.00394	0.00334	0.76408
12	0.12349	0.38800	0.18490	0.01122	0.04418	0.08126	0.01094	0.01585	0.01096	0.01514	0.00950	0.06530	0.00865	0.00561	0.00415	0.00142	0.00608	0.00403	0.00263	0.00670
13	0.00758	0.00554	0.00785	0.00785	0.00856	0.00625	0.00580	0.00902	0.00830	0.01179	0.01476	0.02407	0.01465	0.22435	0.61052	0.00769	0.01201	0.00615	0.00292	0.00436
14	0.01607	0.54735	0.02346	0.01047	0.01452	0.21515	0.00943	0.08269	0.01305	0.01439	0.00803	0.00911	0.00698	0.00492	0.00390	0.00123	0.00665	0.00314	0.00264	0.00681
15	0.01266	0.03089	0.01296	0.05311	0.04596	0.00894	0.03664	0.06712	0.04203	0.07122	0.01141	0.01279	0.00892	0.00468	0.00436	0.00110	0.00451	0.00388	0.05701	0.50981
16	0.01039	0.00965	0.01536	0.70007	0.03350	0.01193	0.01387	0.01538	0.10820	0.01461	0.01095	0.01482	0.00821	0.00553	0.00530	0.00177	0.00668	0.00486	0.00274	0.00619
17	0.01378	0.01167	0.01231	0.01089	0.01399	0.01344	0.00852	0.09443	0.70432	0.02313	0.02072	0.01909	0.01549	0.00710	0.00537	0.00177	0.00433	0.00587	0.00537	0.00842
18	0.00647	0.00472	0.00609	0.00710	0.00762	0.00435	0.00481	0.00751	0.01057	0.01396	0.06819	0.68742	0.11989	0.01592	0.00667	0.00208	0.00300	0.01433	0.00495	0.00435
19	0.01150	0.01091	0.03183	0.13240	0.26228	0.01145	0.10924	0.06280	0.01167	0.01623	0.01185	0.04692	0.01053	0.01185	0.13332	0.01850	0.06939	0.02769	0.00292	0.00672
20	0.00748	0.00524	0.00671	0.00650	0.00761	0.00481	0.00476	0.00899	0.01304	0.01788	0.50619	0.07223	0.16806	0.01263	0.00841	0.12770	0.00286	0.00934	0.00510	0.00447
21	0.01303	0.16516	0.01488	0.00900	0.01337	0.06417	0.00751	0.07435	0.06544	0.01763	0.01003	0.01114	0.00823	0.00455	0.00408	0.00102	0.00480	0.00342	0.00326	0.50492
22	0.01288	0.04447	0.13233	0.03445	0.03209	0.02471	0.04733	0.09938	0.01254	0.08113	0.01161	0.02840	0.00950	0.03930	0.05995	0.03499	0.02233	0.00450	0.00339	0.26472
23	0.07577	0.09798	0.13409	0.03203	0.07730	0.10849	0.09718	0.04917	0.06234	0.14185	0.01369	0.04841	0.02663	0.00606	0.00504	0.00160	0.00635	0.00505	0.00366	0.00732
24	0.00971	0.07204	0.21331	0.00911	0.01175	0.00880	0.00869	0.01174	0.00922	0.04416	0.01371	0.02385	0.01382	0.41494	0.08319	0.00397	0.03394	0.00596	0.00295	0.00514
25	0.00716	0.00528	0.00728	0.00810	0.02794	0.00494	0.02691	0.00801	0.01014	0.01330	0.02884	0.51318	0.13179	0.06948	0.00921	0.07536	0.00361	0.04076	0.00444	0.00428
26	0.01333	0.01645	0.22808	0.08622	0.30480	0.04711	0.01490	0.08244	0.03249	0.06267	0.01187	0.05473	0.00966	0.00581	0.00525	0.00165	0.00654	0.00504	0.00315	0.00779

[dist]
# distance from previous block
# <min> <max>
0	13

[block]
# block no. 2 follows, 46 sequences, length 37
# corresponding to MSA columns:
# 1045-1081
name=unknown_C
#
# <colnr> <probs for GDERKNQSTAVLIFYWHMCP>
#	G	D	E	R	K	N	Q	S	T	A	V	L	I	F	Y	W	H	M	C	P
0	0.04716	0.03590	0.05743	0.02684	0.58126	0.03555	0.01467	0.01764	0.07462	0.04222	0.01100	0.01328	0.00889	0.00501	0.00509	0.00158	0.00612	0.00463	0.00297	0.00815
1	0.00973	0.01556	0.35914	0.01102	0.01537	0.00857	0.02969	0.01359	0.01144	0.04098	0.02066	0.10856	0.10402	0.00872	0.00552	0.00178	0.00551	0.10749	0.11635	0.00628
2	0.01410	0.01183	0.01249	0.01095	0.01411	0.01360	0.00860	0.12923	0.66898	0.02366	0.02030	0.01876	0.01515	0.00706	0.00537	0.00176	0.00441	0.00581	0.00537	0.00845
3	0.04782	0.07736	0.01290	0.00878	0.01312	0.08278	0.00716	0.03529	0.01220	0.12692	0.01075	0.01158	0.00835	0.00459	0.00416	0.00104	0.00473	0.00348	0.00357	0.52344
4	0.15865	0.00920	0.01154	0.00901	0.01296	0.00844	0.00744	0.02410	0.01413	0.66083	0.01866	0.01646	0.01189	0.00628	0.00498	0.00164	0.00443	0.00492	0.00601	0.00846
5	0.00912	0.00752	0.01205	0.01256	0.08149	0.00729	0.10089	0.01182	0.01266	0.01691	0.15199	0.04602	0.06893	0.01176	0.00675	0.00211	0.00497	0.42513	0.00456	0.00546
6	0.01090	0.01093	0.04342	0.16778	0.17669	0.01050	0.22773	0.01437	0.01264	0.03093	0.20306	0.02097	0.03336	0.00648	0.00580	0.00170	0.00619	0.00647	0.00348	0.00661
7	0.01217	0.01381	0.02990	0.02143	0.02660	0.01292	0.72408	0.01647	0.01246	0.01680	0.01284	0.01609	0.04663	0.00490	0.00624	0.00178	0.00860	0.00649	0.00279	0.00700
8	0.00918	0.00459	0.00689	0.00689	0.00689	0.00459	0.00459	0.00689	0.00689	0.00918	0.00918	0.01607	0.00918	0.01837	0.02066	0.84619	0.00459	0.00459	0.00230	0.00230
9	0.00918	0.00459	0.00689	0.00689	0.00689	0.00459	0.00459	0.00689	0.00689	0.00918	0.00918	0.01607	0.00918	0.01837	0.02066	0.84619	0.00459	0.00459	0.00230	0.00230
10	0.01369	0.18570	0.35648	0.01494	0.09067	0.03218	0.06737	0.01769	0.01188	0.12527	0.01123	0.03081	0.00855	0.00535	0.00487	0.00156	0.00676	0.00437	0.00300	0.00765
11	0.00726	0.00546	0.00648	0.00638	0.00754	0.00506	0.00456	0.00931	0.03662	0.01697	0.37208	0.12080	0.23391	0.13303	0.00938	0.00227	0.00305	0.01015	0.00508	0.00462
12	0.01308	0.01256	0.02146	0.03245	0.78123	0.01256	0.01622	0.01622	0.01204	0.01727	0.00994	0.01308	0.00837	0.00471	0.00523	0.00157	0.00628	0.00471	0.00262	0.00837
13	0.01982	0.01151	0.04691	0.03802	0.01675	0.01056	0.10634	0.18412	0.01640	0.42823	0.01674	0.01603	0.01110	0.00611	0.00534	0.00163	0.00548	0.00522	0.04528	0.00841
14	0.01306	0.01498	0.07069	0.11057	0.07619	0.09789	0.34698	0.01744	0.06668	0.03028	0.01071	0.01363	0.00828	0.00546	0.00693	0.00177	0.09336	0.00529	0.00284	0.00698
15	0.01441	0.01571	0.01232	0.01141	0.01323	0.38890	0.00873	0.01594	0.01196	0.04426	0.01168	0.05400	0.01067	0.01802	0.27475	0.00392	0.07652	0.00494	0.00299	0.00565
16	0.00944	0.00595	0.00795	0.00842	0.00950	0.00586	0.00668	0.01106	0.01093	0.08354	0.02387	0.11731	0.02555	0.21572	0.05393	0.00333	0.00523	0.38647	0.00450	0.00476
17	0.01413	0.81739	0.02770	0.00905	0.01357	0.02092	0.00905	0.01583	0.01074	0.01244	0.00735	0.00848	0.00678	0.00452	0.00339	0.00113	0.00565	0.00283	0.00226	0.00678
18	0.01299	0.01036	0.01095	0.00988	0.01264	0.01180	0.00768	0.02574	0.63894	0.04494	0.02088	0.01967	0.01567	0.00701	0.00513	0.00171	0.00395	0.00581	0.12636	0.00789
19	0.00733	0.00540	0.00685	0.00649	0.00780	0.00492	0.00487	0.00968	0.01460	0.02034	0.68816	0.04091	0.14071	0.01113	0.00624	0.00168	0.00252	0.00976	0.00571	0.00492
20	0.00644	0.00462	0.00611	0.00731	0.00765	0.00430	0.00488	0.00737	0.01017	0.01352	0.02979	0.79036	0.05494	0.01648	0.00673	0.00214	0.00306	0.01492	0.00491	0.00430
21	0.00726	0.00490	0.00588	0.00639	0.00656	0.00478	0.00392	0.00774	0.00882	0.01196	0.02179	0.35192	0.02544	0.45508	0.01772	0.00375	0.00418	0.01058	0.03760	0.00372
22	0.00776	0.00524	0.00616	0.00628	0.00644	0.00529	0.00387	0.00808	0.00815	0.01088	0.01760	0.03626	0.01997	0.70008	0.06343	0.00504	0.00555	0.07712	0.00334	0.00344
23	0.01308	0.01256	0.02146	0.03245	0.78123	0.01256	0.01622	0.01622	0.01204	0.01727	0.00994	0.01308	0.00837	0.00471	0.00523	0.00157	0.00628	0.00471	0.00262	0.00837
24	0.00941	0.00743	0.00873	0.00805	0.00989	0.00777	0.00614	0.01615	0.27295	0.02151	0.52039	0.03275	0.03838	0.00957	0.00594	0.00171	0.00307	0.00834	0.00567	0.00614
25	0.85155	0.01022	0.00777	0.00695	0.01022	0.01186	0.00573	0.01554	0.00900	0.02372	0.00736	0.00859	0.00573	0.00491	0.00327	0.00164	0.00409	0.00286	0.00327	0.00573
26	0.01308	0.01256	0.02146	0.03245	0.78123	0.01256	0.01622	0.01622	0.01204	0.01727	0.00994	0.01308	0.00837	0.00471	0.00523	0.00157	0.00628	0.00471	0.00262	0.00837
27	0.00769	0.00513	0.00577	0.00577	0.00577	0.00513	0.00320	0.00769	0.00769	0.01025	0.01666	0.03460	0.01922	0.81421	0.02691	0.00513	0.00513	0.00769	0.00320	0.00320
28	0.00755	0.00566	0.00850	0.00850	0.00944	0.00661	0.00661	0.00944	0.00850	0.01227	0.01416	0.02077	0.01322	0.03965	0.79326	0.00850	0.01416	0.00566	0.00283	0.00472
29	0.01060	0.02735	0.78682	0.01507	0.02288	0.01228	0.01953	0.01674	0.01116	0.01674	0.00949	0.01116	0.00670	0.00502	0.00502	0.00167	0.00781	0.00391	0.00223	0.00781
30	0.00783	0.00591	0.00744	0.00826	0.00924	0.00592	0.00618	0.01102	0.11304	0.01526	0.02941	0.47582	0.07931	0.01463	0.00666	0.00214	0.00362	0.18836	0.00496	0.00499
31	0.00766	0.00522	0.00627	0.00627	0.00644	0.00540	0.00383	0.00801	0.00784	0.01062	0.01620	0.03205	0.01811	0.67138	0.16822	0.00575	0.00679	0.00731	0.00313	0.00348
32	0.01157	0.01157	0.01619	0.01388	0.01388	0.01619	0.01157	0.01272	0.00810	0.01272	0.00694	0.01157	0.00694	0.00925	0.01735	0.00231	0.80453	0.00463	0.00231	0.00578
33	0.00956	0.05612	0.01026	0.00983	0.01132	0.00774	0.00857	0.01223	0.03333	0.03838	0.05087	0.05092	0.02748	0.01313	0.00745	0.00228	0.04749	0.59313	0.00467	0.00526
34	0.01413	0.81739	0.02770	0.00905	0.01357	0.02092	0.00905	0.01583	0.01074	0.01244	0.00735	0.00848	0.00678	0.00452	0.00339	0.00113	0.00565	0.00283	0.00226	0.00678
35	0.02336	0.00956	0.01262	0.00968	0.01378	0.00861	0.00799	0.09788	0.01608	0.71143	0.02006	0.01748	0.01269	0.00652	0.00531	0.00163	0.00463	0.00526	0.00642	0.00900
36	0.01413	0.81739	0.02770	0.00905	0.01357	0.02092	0.00905	0.01583	0.01074	0.01244	0.00735	0.00848	0.00678	0.00452	0.00339	0.00113	0.00565	0.00283	0.00226	0.00678

[dist]
# distance from previous block
# <min> <max>
0	12

[block]
# block no. 3 follows, 46 sequences, length 43
# corresponding to MSA columns:
# 1094-1136
name=unknown_D
#
# <colnr> <probs for GDERKNQSTAVLIFYWHMCP>
#	G	D	E	R	K	N	Q	S	T	A	V	L	I	F	Y	W	H	M	C	P
0	0.85155	0.01022	0.00777	0.00695	0.01022	0.01186	0.00573	0.01554	0.00900	0.02372	0.00736	0.00859	0.00573	0.00491	0.00327	0.00164	0.00409	0.00286	0.00327	0.00573
1	0.05456	0.19178	0.28567	0.01425	0.08980	0.01429	0.03503	0.05911	0.03327	0.05424	0.01033	0.02639	0.00827	0.00648	0.02453	0.00177	0.07576	0.00425	0.00288	0.00735
2	0.01266	0.03556	0.15523	0.02126	0.38134	0.01146	0.01373	0.03332	0.07116	0.06212	0.09464	0.01746	0.01397	0.00600	0.00530	0.00161	0.00576	0.02534	0.00345	0.02865
3	0.08632	0.00909	0.01193	0.00922	0.01325	0.00808	0.00762	0.02499	0.01467	0.72733	0.01984	0.01728	0.01253	0.00642	0.00516	0.00164	0.00447	0.00513	0.00630	0.00875
4	0.01157	0.01157	0.01619	0.01388	0.01388	0.01619	0.01157	0.01272	0.00810	0.01272	0.00694	0.01157	0.00694	0.00925	0.01735	0.00231	0.80453	0.00463	0.00231	0.00578
5	0.02087	0.01261	0.01401	0.01087	0.01485	0.04006	0.00893	0.43676	0.02035	0.30027	0.01567	0.01482	0.01060	0.00638	0.00520	0.00158	0.00531	0.00492	0.04724	0.00869
6	0.85155	0.01022	0.00777	0.00695	0.01022	0.01186	0.00573	0.01554	0.00900	0.02372	0.00736	0.00859	0.00573	0.00491	0.00327	0.00164	0.00409	0.00286	0.00327	0.00573
7	0.00940	0.00615	0.00694	0.00655	0.00713	0.00627	0.00406	0.04723	0.05248	0.04984	0.01694	0.03185	0.01824	0.68873	0.02355	0.00459	0.00508	0.00733	0.00359	0.00407
8	0.01096	0.00940	0.01096	0.00783	0.01253	0.00705	0.00626	0.01331	0.01096	0.01723	0.00940	0.01096	0.00783	0.00392	0.00392	0.00078	0.00392	0.00313	0.00313	0.84653
9	0.01060	0.02735	0.78682	0.01507	0.02288	0.01228	0.01953	0.01674	0.01116	0.01674	0.00949	0.01116	0.00670	0.00502	0.00502	0.00167	0.00781	0.00391	0.00223	0.00781
10	0.01295	0.00715	0.00889	0.00847	0.05338	0.00626	0.00615	0.01494	0.02666	0.28580	0.07177	0.03611	0.41975	0.01026	0.00585	0.00172	0.00354	0.00858	0.00540	0.00637
11	0.04698	0.01012	0.01281	0.00985	0.01394	0.00950	0.00814	0.16309	0.01677	0.62270	0.01894	0.01673	0.01211	0.00646	0.00525	0.00163	0.00473	0.00514	0.00621	0.00890
12	0.00749	0.00560	0.00836	0.00843	0.00934	0.00648	0.00651	0.00932	0.00859	0.01234	0.01501	0.06583	0.01446	0.03833	0.74840	0.00813	0.01353	0.00620	0.00295	0.00470
13	0.46394	0.04735	0.01137	0.00870	0.01240	0.01247	0.00725	0.18513	0.01384	0.17586	0.01122	0.01136	0.00796	0.00554	0.00413	0.00160	0.00463	0.00377	0.00432	0.00715
14	0.01293	0.01238	0.02055	0.04677	0.59836	0.01254	0.06564	0.01762	0.10704	0.01776	0.01142	0.01397	0.00928	0.00500	0.00529	0.00160	0.00616	0.00494	0.00297	0.02779
15	0.00782	0.00547	0.00708	0.00746	0.00808	0.00554	0.00547	0.00908	0.00995	0.01340	0.09526	0.08478	0.02559	0.35418	0.12006	0.00428	0.00588	0.22248	0.00399	0.00413
16	0.01910	0.01156	0.01318	0.01039	0.01409	0.01211	0.00849	0.38728	0.08464	0.25019	0.05846	0.01685	0.01340	0.00671	0.00524	0.00160	0.00486	0.00530	0.06815	0.00842
17	0.04106	0.17893	0.09643	0.01305	0.09636	0.05643	0.01064	0.18684	0.01529	0.19366	0.01226	0.01254	0.00889	0.00549	0.00472	0.00146	0.00579	0.00418	0.00405	0.05194
18	0.02755	0.05729	0.02103	0.03617	0.21036	0.01161	0.27154	0.01619	0.04929	0.06178	0.01558	0.06210	0.03459	0.00689	0.00581	0.00178	0.00649	0.09347	0.00344	0.00705
19	0.00652	0.00465	0.00622	0.00745	0.00779	0.00436	0.00504	0.00749	0.01020	0.01358	0.02910	0.78330	0.03480	0.01649	0.00677	0.00216	0.00313	0.04174	0.00491	0.00431
20	0.00741	0.00540	0.00697	0.00658	0.00785	0.00496	0.00493	0.00984	0.01480	0.02081	0.73710	0.04014	0.09147	0.01095	0.00624	0.00167	0.00250	0.00965	0.00577	0.00496
21	0.01726	0.01522	0.15209	0.14787	0.02088	0.09216	0.06978	0.12561	0.01481	0.27121	0.01363	0.01420	0.00930	0.00576	0.00527	0.00164	0.00657	0.00476	0.00419	0.00781
22	0.01616	0.01036	0.01645	0.14439	0.34394	0.01027	0.01232	0.01885	0.01284	0.29756	0.01481	0.05463	0.01121	0.00606	0.00535	0.00165	0.00559	0.00544	0.00413	0.00800
23	0.85155	0.01022	0.00777	0.00695	0.01022	0.01186	0.00573	0.01554	0.00900	0.02372	0.00736	0.00859	0.00573	0.00491	0.00327	0.00164	0.00409	0.00286	0.00327	0.00573
24	0.00757	0.00560	0.00816	0.00816	0.00899	0.00643	0.00619	0.00923	0.00840	0.01202	0.01447	0.02247	0.01395	0.13475	0.69916	0.00808	0.01305	0.00591	0.00288	0.00453
25	0.01112	0.01056	0.01791	0.51908	0.30994	0.01204	0.01525	0.01451	0.01111	0.01489	0.00960	0.01372	0.00753	0.00507	0.00527	0.00169	0.00677	0.00470	0.00245	0.00679
26	0.00748	0.00540	0.00707	0.00665	0.00790	0.00499	0.00499	0.00998	0.01496	0.02120	0.77844	0.03949	0.04988	0.01081	0.00624	0.00166	0.00249	0.00956	0.00582	0.00499
27	0.04035	0.00887	0.01191	0.00919	0.01316	0.00775	0.00758	0.02506	0.01486	0.74116	0.02044	0.01786	0.01295	0.00650	0.00521	0.00162	0.00442	0.00525	0.03708	0.00878
28	0.00998	0.00940	0.01586	0.80150	0.03641	0.01175	0.01468	0.01351	0.01057	0.01351	0.00940	0.01409	0.00705	0.00529	0.00529	0.00176	0.00705	0.00470	0.00235	0.00587
29	0.00748	0.00541	0.00691	0.00659	0.00787	0.00497	0.00497	0.00987	0.01455	0.02046	0.67978	0.04042	0.10657	0.01099	0.00620	0.00168	0.00257	0.02964	0.02812	0.00494
30	0.01060	0.02735	0.78682	0.01507	0.02288	0.01228	0.01953	0.01674	0.01116	0.01674	0.00949	0.01116	0.00670	0.00502	0.00502	0.00167	0.00781	0.00391	0.00223	0.00781
31	0.01248	0.01426	0.03119	0.02228	0.02763	0.01337	0.76203	0.01693	0.01248	0.01693	0.01070	0.01426	0.00802	0.00446	0.00624	0.00178	0.00891	0.00624	0.00267	0.00713
32	0.01231	0.01054	0.01120	0.01013	0.01291	0.01201	0.00786	0.02550	0.66825	0.02165	0.08887	0.02299	0.05693	0.00780	0.00550	0.00178	0.00396	0.00655	0.00539	0.00788
33	0.01060	0.02735	0.78682	0.01507	0.02288	0.01228	0.01953	0.01674	0.01116	0.01674	0.00949	0.01116	0.00670	0.00502	0.00502	0.00167	0.00781	0.00391	0.00223	0.00781
34	0.01315	0.01136	0.01195	0.01076	0.01375	0.01315	0.00837	0.02809	0.77168	0.02211	0.02152	0.01972	0.01614	0.00717	0.00538	0.00179	0.00418	0.00598	0.00538	0.00837
35	0.01096	0.00940	0.01096	0.00783	0.01253	0.00705	0.00626	0.01331	0.01096	0.01723	0.00940	0.01096	0.00783	0.00392	0.00392	0.00078	0.00392	0.00313	0.00313	0.84653
36	0.01462	0.36921	0.27350	0.01181	0.01737	0.01531	0.05346	0.01798	0.01177	0.15332	0.01067	0.01139	0.00796	0.00505	0.00443	0.00144	0.00633	0.00382	0.00305	0.00754
37	0.01104	0.00843	0.04952	0.01138	0.01376	0.00743	0.09458	0.01383	0.01254	0.11542	0.02420	0.04673	0.02448	0.01194	0.00681	0.00222	0.00542	0.52976	0.00471	0.00580
38	0.00701	0.00501	0.00678	0.00801	0.00856	0.00478	0.00589	0.00834	0.01068	0.01413	0.02882	0.60604	0.03373	0.01603	0.00690	0.00223	0.00356	0.21416	0.00490	0.00445
39	0.01472	0.01346	0.01950	0.04803	0.54890	0.09523	0.03287	0.01819	0.05031	0.09055	0.01138	0.01356	0.00900	0.00510	0.00523	0.00158	0.00644	0.00473	0.00314	0.00809
40	0.01209	0.01655	0.35849	0.01181	0.01678	0.00945	0.04967	0.03254	0.02454	0.14785	0.11523	0.06012	0.09360	0.00763	0.00555	0.00172	0.00572	0.01955	0.00401	0.00709
41	0.01007	0.00951	0.01587	0.76028	0.03523	0.01198	0.01452	0.01347	0.01044	0.01347	0.00927	0.01396	0.00704	0.00549	0.00592	0.00179	0.04878	0.00469	0.00235	0.00587
42	0.11302	0.01710	0.01664	0.02047	0.33509	0.31856	0.01206	0.01888	0.05061	0.03529	0.00979	0.01162	0.00795	0.00519	0.00483	0.00151	0.00716	0.00406	0.00297	0.00720

[dist]
# distance from previous block
# <min> <max>
1	9

[block]
# block no. 4 follows, 46 sequences, length 27
# corresponding to MSA columns:
# 1154-1180
name=unknown_E
#
# <colnr> <probs for GDERKNQSTAVLIFYWHMCP>
#	G	D	E	R	K	N	Q	S	T	A	V	L	I	F	Y	W	H	M	C	P
0	0.01325	0.01227	0.02051	0.04434	0.70608	0.01230	0.01547	0.03715	0.01244	0.03423	0.01158	0.01435	0.03196	0.00507	0.00527	0.00158	0.00613	0.00492	0.00284	0.00824
1	0.01604	0.06695	0.01398	0.04432	0.01496	0.01130	0.00827	0.22239	0.06483	0.15702	0.01297	0.01321	0.00951	0.00536	0.00466	0.00129	0.00481	0.00420	0.00438	0.31957
2	0.10446	0.01304	0.01980	0.02383	0.42575	0.03698	0.11089	0.09359	0.04624	0.01943	0.01035	0.01282	0.00833	0.00522	0.00576	0.00165	0.04629	0.00473	0.00308	0.00779
3	0.00778	0.00534	0.00680	0.00643	0.00768	0.00498	0.00482	0.01027	0.01447	0.02101	0.68209	0.03699	0.04528	0.01022	0.00591	0.00161	0.00249	0.00897	0.11186	0.00498
4	0.00748	0.00540	0.00707	0.00665	0.00790	0.00499	0.00499	0.00998	0.01496	0.02120	0.77844	0.03949	0.04988	0.01081	0.00624	0.00166	0.00249	0.00956	0.00582	0.00499
5	0.01606	0.01503	0.01586	0.28580	0.12923	0.25341	0.01222	0.06759	0.01373	0.12486	0.01094	0.01300	0.00815	0.00550	0.00512	0.00158	0.00727	0.00439	0.00329	0.00695
6	0.00998	0.00940	0.01586	0.80150	0.03641	0.01175	0.01468	0.01351	0.01057	0.01351	0.00940	0.01409	0.00705	0.00529	0.00529	0.00176	0.00705	0.00470	0.00235	0.00587
7	0.01145	0.02615	0.73657	0.01470	0.02227	0.01199	0.01877	0.01733	0.01142	0.06658	0.01022	0.01160	0.00711	0.00512	0.00504	0.00167	0.00760	0.00400	0.00251	0.00789
8	0.00704	0.00532	0.00654	0.00660	0.00786	0.00481	0.00494	0.00896	0.01320	0.01767	0.40483	0.16135	0.25523	0.01268	0.00639	0.00182	0.00280	0.06188	0.00535	0.00472
9	0.00985	0.00493	0.00493	0.00493	0.00616	0.00493	0.00370	0.01232	0.01109	0.01971	0.01725	0.01971	0.01355	0.00616	0.00370	0.00123	0.00246	0.00493	0.84356	0.00493
10	0.04195	0.01406	0.01508	0.01163	0.01572	0.01547	0.00959	0.68367	0.02350	0.06449	0.01307	0.01308	0.00925	0.00631	0.00518	0.00158	0.00559	0.00474	0.03731	0.00875
11	0.00705	0.00528	0.00662	0.00706	0.00817	0.00484	0.00533	0.00879	0.01235	0.01630	0.25011	0.26954	0.22489	0.01378	0.00657	0.00197	0.00312	0.13844	0.00516	0.00463
12	0.00796	0.00602	0.00807	0.00935	0.05636	0.00591	0.00635	0.02555	0.05669	0.01633	0.16473	0.46956	0.03389	0.01378	0.00651	0.00202	0.00349	0.09736	0.00496	0.00508
13	0.01747	0.01351	0.01439	0.01163	0.01540	0.01517	0.00941	0.48600	0.30673	0.02909	0.01602	0.01535	0.01169	0.00666	0.00532	0.00166	0.00520	0.00522	0.00532	0.00876
14	0.00989	0.00798	0.01047	0.09891	0.06323	0.00723	0.00753	0.02858	0.01214	0.03856	0.13064	0.09161	0.11998	0.00824	0.00532	0.00146	0.00410	0.05233	0.00404	0.29776
15	0.85155	0.01022	0.00777	0.00695	0.01022	0.01186	0.00573	0.01554	0.00900	0.02372	0.00736	0.00859	0.00573	0.00491	0.00327	0.00164	0.00409	0.00286	0.00327	0.00573
16	0.01226	0.01044	0.01119	0.01019	0.01288	0.01192	0.00787	0.02530	0.66027	0.02160	0.09546	0.06097	0.02035	0.00799	0.00553	0.00180	0.00396	0.00678	0.00540	0.00784
17	0.01440	0.01492	0.01541	0.44606	0.02718	0.27036	0.01258	0.05411	0.01290	0.05067	0.00964	0.01264	0.00735	0.00554	0.00539	0.00163	0.02585	0.00430	0.00282	0.00626
18	0.09444	0.01113	0.01179	0.05918	0.01480	0.01294	0.00850	0.02597	0.65059	0.02174	0.01939	0.01829	0.01456	0.00684	0.00517	0.00178	0.00435	0.00560	0.00499	0.00796
19	0.02194	0.00672	0.00777	0.00747	0.00826	0.03435	0.00534	0.00973	0.00986	0.02733	0.10036	0.08110	0.11892	0.29312	0.13858	0.00402	0.08357	0.00784	0.02932	0.00442
20	0.15521	0.00998	0.00985	0.00844	0.01092	0.03539	0.00676	0.21871	0.06377	0.02360	0.01369	0.01510	0.01054	0.00623	0.00504	0.00150	0.05347	0.00453	0.34076	0.00648
21	0.00997	0.00641	0.00799	0.00739	0.00847	0.00669	0.00529	0.06345	0.01089	0.07605	0.12494	0.02806	0.02048	0.34535	0.19168	0.00460	0.02491	0.00690	0.04567	0.00481
22	0.00686	0.00514	0.00690	0.05871	0.00965	0.00495	0.00562	0.00823	0.01097	0.01453	0.11390	0.56653	0.10671	0.01479	0.00657	0.00205	0.00330	0.04523	0.00484	0.00452
23	0.01430	0.74731	0.05611	0.00943	0.01406	0.02036	0.00950	0.05304	0.01146	0.01364	0.00770	0.00879	0.00689	0.00463	0.00355	0.00117	0.00574	0.00296	0.00241	0.00693
24	0.18709	0.20365	0.05040	0.08268	0.09010	0.01362	0.00977	0.09821	0.01292	0.15526	0.02886	0.01248	0.00912	0.00540	0.00441	0.00150	0.00532	0.00405	0.00370	0.02145
25	0.01246	0.19152	0.01462	0.02759	0.04407	0.01132	0.00770	0.10138	0.06264	0.06250	0.12496	0.08750	0.07223	0.00751	0.00496	0.00144	0.00438	0.00618	0.00415	0.15090
26	0.01169	0.07354	0.06071	0.04440	0.04247	0.02745	0.03138	0.14431	0.08913	0.01857	0.03359	0.06676	0.12572	0.02609	0.08246	0.00241	0.00598	0.06462	0.00404	0.04468

[dist]
# distance from previous block
# <min> <max>
1	24

[block]
# block no. 5 follows, 46 sequences, length 10
# corresponding to MSA columns:
# 1206-1215
name=unknown_F
#
# <colnr> <probs for GDERKNQSTAVLIFYWHMCP>
#	G	D	E	R	K	N	Q	S	T	A	V	L	I	F	Y	W	H	M	C	P
0	0.04903	0.00984	0.01217	0.04886	0.03905	0.01044	0.00833	0.16757	0.05561	0.21179	0.12503	0.01958	0.03881	0.00732	0.00644	0.00166	0.08489	0.00570	0.06387	0.03400
1	0.21406	0.01202	0.01311	0.13788	0.09633	0.08565	0.00955	0.12489	0.03019	0.09012	0.04811	0.01345	0.01004	0.00560	0.00467	0.00154	0.00550	0.00432	0.00375	0.08923
2	0.00949	0.00818	0.01198	0.01168	0.08834	0.00795	0.06594	0.01155	0.01072	0.01527	0.07144	0.10107	0.05708	0.08287	0.10948	0.00281	0.06819	0.06431	0.00354	0.19812
3	0.00654	0.00474	0.00620	0.00733	0.00781	0.00440	0.00504	0.00757	0.01038	0.01368	0.03098	0.71051	0.09274	0.01621	0.00674	0.00213	0.00314	0.05460	0.00491	0.00434
4	0.00687	0.00479	0.00597	0.00679	0.00741	0.00445	0.00463	0.00806	0.01067	0.01459	0.07836	0.56781	0.11908	0.04178	0.00703	0.00208	0.00299	0.01297	0.08927	0.00438
5	0.01766	0.00900	0.01110	0.00905	0.01224	0.00877	0.00728	0.10840	0.11963	0.38750	0.16852	0.02195	0.02028	0.00742	0.00539	0.00163	0.00407	0.00615	0.06612	0.00783
6	0.00652	0.00510	0.00591	0.00628	0.00745	0.00449	0.00449	0.00790	0.01185	0.01515	0.16474	0.31671	0.39642	0.01408	0.00642	0.00189	0.00278	0.01226	0.00506	0.00449
7	0.01205	0.01111	0.01823	0.08994	0.55911	0.01141	0.01395	0.01570	0.05143	0.01734	0.06425	0.01598	0.01198	0.00707	0.04365	0.00193	0.00621	0.00517	0.03586	0.00762
8	0.01074	0.02638	0.73133	0.01560	0.02323	0.01236	0.07405	0.01676	0.01126	0.01676	0.00958	0.01139	0.00679	0.00498	0.00511	0.00168	0.00789	0.00408	0.00226	0.00776
9	0.01208	0.04273	0.13919	0.05808	0.07044	0.01089	0.11804	0.07436	0.10440	0.06250	0.08161	0.05059	0.05966	0.02040	0.00594	0.00179	0.00570	0.05152	0.02313	0.00695

[dist]
# distance from previous block
# <min> <max>
0	38

[block]
# block no. 6 follows, 46 sequences, length 42
# corresponding to MSA columns:
# 1254-1295
name=unknown_G
#
# <colnr> <probs for GDERKNQSTAVLIFYWHMCP>
#	G	D	E	R	K	N	Q	S	T	A	V	L	I	F	Y	W	H	M	C	P
0	0.01173	0.07504	0.06506	0.04356	0.02493	0.02023	0.00810	0.07271	0.10064	0.08673	0.31438	0.02629	0.06920	0.00835	0.00583	0.00164	0.02567	0.00694	0.02651	0.00647
1	0.02436	0.00600	0.00683	0.00649	0.00804	0.00587	0.00487	0.01250	0.08133	0.01981	0.29873	0.09092	0.04329	0.00880	0.00508	0.00151	0.00279	0.00753	0.31511	0.05013
2	0.01156	0.01789	0.37546	0.27683	0.02541	0.01169	0.01557	0.04632	0.04975	0.06408	0.04704	0.01438	0.00980	0.00564	0.00521	0.00170	0.00684	0.00466	0.00298	0.00718
3	0.00744	0.00545	0.00729	0.00729	0.00806	0.00584	0.00527	0.00875	0.00901	0.01242	0.06214	0.04395	0.09220	0.25397	0.44014	0.00638	0.00961	0.00717	0.00335	0.00427
4	0.85155	0.01022	0.00777	0.00695	0.01022	0.01186	0.00573	0.01554	0.00900	0.02372	0.00736	0.00859	0.00573	0.00491	0.00327	0.00164	0.00409	0.00286	0.00327	0.00573
5	0.00691	0.00524	0.00637	0.00639	0.00762	0.00470	0.00468	0.00875	0.01315	0.01761	0.41384	0.19043	0.26968	0.01270	0.00634	0.00179	0.00266	0.01109	0.00537	0.00470
6	0.01154	0.00673	0.00721	0.00670	0.00855	0.00703	0.00514	0.01683	0.18546	0.07886	0.05966	0.02065	0.01607	0.00667	0.00434	0.00141	0.00301	0.00545	0.54266	0.00603
7	0.00774	0.00539	0.00703	0.00770	0.00874	0.00504	0.00589	0.00941	0.01184	0.04211	0.13919	0.35270	0.14404	0.01438	0.00671	0.00209	0.00348	0.21671	0.00508	0.00474
8	0.00890	0.00571	0.00745	0.00687	0.00838	0.00520	0.00520	0.01126	0.01472	0.09143	0.65597	0.05842	0.07873	0.01068	0.00616	0.00168	0.00270	0.00938	0.00582	0.00532
9	0.01441	0.77788	0.02707	0.00927	0.01371	0.05942	0.00910	0.01609	0.01095	0.01246	0.00739	0.00853	0.00679	0.00457	0.00346	0.00114	0.00585	0.00286	0.00228	0.00675
10	0.01581	0.00802	0.00961	0.00796	0.01092	0.00760	0.00634	0.03464	0.12009	0.31274	0.05695	0.01910	0.01495	0.00648	0.00473	0.00145	0.00369	0.00529	0.26829	0.08534
11	0.01542	0.00941	0.01103	0.00925	0.01226	0.00958	0.00739	0.15091	0.18618	0.23631	0.17947	0.02578	0.09349	0.00833	0.00564	0.00170	0.00408	0.02055	0.00573	0.00752
12	0.01248	0.01088	0.01255	0.15470	0.01756	0.03240	0.00951	0.07157	0.45682	0.01992	0.01882	0.07783	0.01549	0.00778	0.00583	0.00183	0.02599	0.03603	0.00462	0.00739
13	0.66047	0.00994	0.00881	0.00752	0.01098	0.01092	0.00620	0.01790	0.01041	0.19941	0.01048	0.01076	0.00742	0.00528	0.00374	0.00164	0.00418	0.00343	0.00403	0.00648
14	0.01594	0.01064	0.03952	0.05195	0.08134	0.02836	0.00925	0.04472	0.18993	0.27859	0.09776	0.01983	0.03212	0.00710	0.00597	0.00170	0.04447	0.00580	0.02727	0.00775
15	0.00741	0.00519	0.00602	0.00599	0.00649	0.00497	0.00378	0.00816	0.00993	0.01329	0.18809	0.07675	0.11880	0.50154	0.01887	0.00381	0.00415	0.00889	0.00407	0.00380
16	0.01222	0.01101	0.01600	0.03169	0.01617	0.01236	0.16374	0.08047	0.26970	0.01843	0.03124	0.04501	0.01334	0.05006	0.04621	0.03637	0.12915	0.00610	0.00391	0.00682
17	0.00661	0.00489	0.00620	0.00704	0.00776	0.00448	0.00493	0.00783	0.01104	0.01447	0.10308	0.55891	0.17555	0.01534	0.00663	0.00205	0.00303	0.05076	0.00499	0.00442
18	0.66533	0.01070	0.00924	0.00786	0.01133	0.01205	0.00648	0.11299	0.01163	0.09759	0.00934	0.01001	0.00685	0.00525	0.00373	0.00163	0.00435	0.00334	0.00384	0.00646
19	0.01222	0.01708	0.21315	0.01941	0.02510	0.01290	0.50689	0.05441	0.01277	0.01766	0.01134	0.01562	0.00883	0.00518	0.00595	0.00178	0.00829	0.04134	0.00280	0.00728
20	0.00769	0.00513	0.00577	0.00577	0.00577	0.00513	0.00320	0.00769	0.00769	0.01025	0.01666	0.03460	0.01922	0.81421	0.02691	0.00513	0.00513	0.00769	0.00320	0.00320
21	0.01671	0.22558	0.10371	0.01026	0.01450	0.05095	0.02956	0.01992	0.05519	0.30009	0.09493	0.01644	0.01422	0.00617	0.00485	0.00149	0.00531	0.00488	0.00444	0.02082
22	0.01413	0.81739	0.02770	0.00905	0.01357	0.02092	0.00905	0.01583	0.01074	0.01244	0.00735	0.00848	0.00678	0.00452	0.00339	0.00113	0.00565	0.00283	0.00226	0.00678
23	0.09351	0.38235	0.01918	0.00967	0.01356	0.01663	0.00855	0.08762	0.24478	0.05676	0.01284	0.01278	0.01006	0.00563	0.00426	0.00145	0.00501	0.00409	0.00380	0.00748
24	0.01150	0.08282	0.18081	0.02811	0.06222	0.00939	0.03188	0.01463	0.01239	0.10011	0.18433	0.07648	0.03406	0.00721	0.00520	0.00151	0.00493	0.00617	0.00393	0.14232
25	0.01215	0.01169	0.02104	0.03695	0.02033	0.04940	0.40730	0.05275	0.01273	0.06048	0.01645	0.21595	0.01582	0.00814	0.00620	0.00186	0.00688	0.03378	0.00366	0.00646
26	0.00998	0.00940	0.01586	0.80150	0.03641	0.01175	0.01468	0.01351	0.01057	0.01351	0.00940	0.01409	0.00705	0.00529	0.00529	0.00176	0.00705	0.00470	0.00235	0.00587
27	0.04279	0.31289	0.01882	0.01027	0.01417	0.05392	0.00890	0.24857	0.10813	0.05883	0.01157	0.01207	0.00902	0.00615	0.00514	0.03799	0.00552	0.00404	0.00387	0.02735
28	0.05011	0.00942	0.01533	0.73223	0.03426	0.01159	0.01398	0.01410	0.01068	0.04507	0.00976	0.01399	0.00723	0.00532	0.00519	0.00175	0.00681	0.00464	0.00256	0.00599
29	0.00678	0.00487	0.00651	0.00770	0.00819	0.00459	0.00548	0.00796	0.01051	0.01390	0.02962	0.66612	0.05469	0.01615	0.00683	0.00218	0.00335	0.13528	0.00490	0.00439
30	0.01189	0.04979	0.01905	0.37355	0.24992	0.05215	0.06355	0.01495	0.01112	0.01468	0.00925	0.01308	0.00747	0.00541	0.00636	0.00171	0.08223	0.00464	0.00246	0.00674
31	0.01292	0.01109	0.01178	0.01071	0.01361	0.01280	0.00838	0.02724	0.73391	0.02180	0.02184	0.02171	0.01685	0.00754	0.00547	0.00182	0.00422	0.04276	0.00535	0.00819
32	0.00722	0.00563	0.00860	0.00885	0.00973	0.00529	0.07136	0.00869	0.01080	0.01446	0.07105	0.62575	0.03305	0.01499	0.00673	0.00211	0.00371	0.08257	0.00476	0.00464
33	0.00677	0.00477	0.00613	0.00699	0.00731	0.00451	0.00458	0.00763	0.01002	0.01346	0.08523	0.59721	0.03302	0.17364	0.01069	0.00270	0.00343	0.01315	0.00464	0.00413
34	0.01981	0.00901	0.01151	0.00932	0.01279	0.00843	0.00751	0.08076	0.08650	0.53396	0.02191	0.10435	0.03446	0.00783	0.00546	0.00170	0.00432	0.00652	0.02564	0.00822
35	0.01295	0.01290	0.02251	0.18660	0.04960	0.03353	0.36655	0.09764	0.09287	0.01848	0.01180	0.01453	0.00887	0.00519	0.00567	0.00171	0.00737	0.00551	0.02294	0.02277
36	0.00893	0.00710	0.04655	0.00774	0.00877	0.00647	0.03059	0.01039	0.03662	0.05034	0.03487	0.09583	0.01900	0.49465	0.10057	0.00451	0.02148	0.00767	0.00353	0.00438
37	0.01308	0.05036	0.07866	0.07918	0.01635	0.04676	0.04379	0.09838	0.01198	0.06350	0.01152	0.04135	0.00995	0.02309	0.00960	0.00189	0.27388	0.02411	0.07629	0.02630
38	0.00930	0.00770	0.00906	0.00713	0.01046	0.00610	0.00558	0.01154	0.01221	0.01785	0.22361	0.02475	0.13679	0.00722	0.00490	0.00117	0.00334	0.00609	0.00413	0.49108
39	0.01545	0.00978	0.01148	0.00947	0.01244	0.01008	0.00760	0.25077	0.10446	0.18328	0.28209	0.02477	0.02527	0.00818	0.00567	0.00166	0.00418	0.02017	0.00574	0.00745
40	0.01060	0.02735	0.78682	0.01507	0.02288	0.01228	0.01953	0.01674	0.01116	0.01674	0.00949	0.01116	0.00670	0.00502	0.00502	0.00167	0.00781	0.00391	0.00223	0.00781
41	0.00748	0.00548	0.00617	0.00603	0.00761	0.00477	0.00446	0.00902	0.01252	0.05374	0.21515	0.10445	0.48026	0.05036	0.00721	0.00193	0.00287	0.01064	0.00512	0.00474

[dist]
# distance from previous block
# <min> <max>
12	67

[block]
# block no. 7 follows, 46 sequences, length 7
# corresponding to MSA columns:
# 1366-1372
name=unknown_H
#
# <colnr> <probs for GDERKNQSTAVLIFYWHMCP>
#	G	D	E	R	K	N	Q	S	T	A	V	L	I	F	Y	W	H	M	C	P
0	0.07159	0.02867	0.03590	0.05002	0.01502	0.11007	0.04225	0.04771	0.20943	0.09297	0.01573	0.10143	0.01327	0.00801	0.02719	0.00182	0.02507	0.00580	0.00415	0.09391
1	0.10848	0.00885	0.01131	0.00885	0.01267	0.00800	0.00729	0.02381	0.01423	0.65498	0.01922	0.01713	0.01236	0.00635	0.00500	0.00161	0.00432	0.00504	0.06213	0.00839
2	0.01006	0.00710	0.00840	0.00796	0.00970	0.00701	0.00603	0.13623	0.03690	0.05725	0.18621	0.28215	0.16654	0.01221	0.00622	0.00186	0.00352	0.04374	0.00526	0.00564
3	0.01093	0.19993	0.01553	0.18823	0.04322	0.03961	0.00945	0.03344	0.01131	0.01444	0.08149	0.04942	0.04980	0.09126	0.00835	0.00205	0.06670	0.07588	0.00326	0.00570
4	0.10072	0.01354	0.12541	0.01196	0.06227	0.01171	0.01015	0.16720	0.16687	0.05625	0.01403	0.01641	0.01106	0.00617	0.00494	0.00156	0.00517	0.05175	0.00413	0.15872
5	0.01375	0.08240	0.25341	0.01350	0.06292	0.03637	0.03771	0.15148	0.06243	0.06903	0.01256	0.01512	0.00985	0.00903	0.07985	0.00224	0.00714	0.03253	0.00352	0.04515
6	0.00829	0.04956	0.00852	0.00780	0.00888	0.03221	0.00580	0.00969	0.01149	0.03492	0.16107	0.40734	0.13529	0.01331	0.00702	0.00194	0.05613	0.03114	0.00473	0.00487

[dist]
# distance from previous block
# <min> <max>
0	12

[block]
# block no. 8 follows, 46 sequences, length 10
# corresponding to MSA columns:
# 1385-1394
name=unknown_I
#
# <colnr> <probs for GDERKNQSTAVLIFYWHMCP>
#	G	D	E	R	K	N	Q	S	T	A	V	L	I	F	Y	W	H	M	C	P
0	0.32889	0.01237	0.01203	0.04880	0.03876	0.10241	0.02694	0.10480	0.06441	0.02103	0.05161	0.01283	0.00997	0.00663	0.02338	0.00176	0.05732	0.00416	0.00357	0.06832
1	0.01459	0.01057	0.04735	0.01120	0.07798	0.02493	0.00832	0.14974	0.11351	0.18108	0.08979	0.02449	0.11762	0.09556	0.00785	0.00204	0.00474	0.00656	0.00491	0.00716
2	0.01285	0.16011	0.29762	0.10425	0.02111	0.05689	0.07446	0.08012	0.07268	0.01705	0.01023	0.01202	0.00782	0.00543	0.00550	0.00161	0.04587	0.00424	0.00282	0.00731
3	0.00917	0.00692	0.00832	0.00729	0.00952	0.00601	0.00550	0.01089	0.01045	0.01541	0.06529	0.06399	0.01831	0.20393	0.04501	0.00255	0.00454	0.10530	0.06873	0.33286
4	0.01109	0.00673	0.00875	0.00782	0.00900	0.00671	0.00563	0.12626	0.01016	0.01386	0.00976	0.01497	0.00900	0.01488	0.01639	0.61989	0.00471	0.00446	0.00286	0.09707
5	0.05263	0.39277	0.05746	0.00993	0.01439	0.05976	0.00920	0.14845	0.01379	0.07874	0.00977	0.01048	0.00775	0.00502	0.00409	0.00127	0.00563	0.00349	0.00331	0.11207
6	0.05537	0.00977	0.01242	0.05371	0.05118	0.00990	0.00843	0.11238	0.07560	0.30565	0.11327	0.01896	0.01611	0.02815	0.00647	0.00172	0.04807	0.00555	0.00509	0.06220
7	0.01622	0.13815	0.12033	0.01217	0.01641	0.11223	0.06386	0.23001	0.04032	0.10115	0.03642	0.06493	0.01160	0.00649	0.00510	0.00156	0.00628	0.00520	0.00404	0.00756
8	0.05698	0.15822	0.26127	0.08898	0.15629	0.01262	0.01338	0.02997	0.01119	0.01598	0.01221	0.13659	0.01147	0.00673	0.00498	0.00164	0.00609	0.00564	0.00286	0.00691
9	0.04332	0.00946	0.01017	0.00912	0.01179	0.01039	0.00710	0.02268	0.47290	0.09110	0.08302	0.02314	0.07698	0.00769	0.00525	0.00170	0.00377	0.00637	0.09666	0.00738

[dist]
# distance from previous block
# <min> <max>
2	18

[block]
# block no. 9 follows, 46 sequences, length 8
# corresponding to MSA columns:
# 1413-1420
name=unknown_J
#
# <colnr> <probs for GDERKNQSTAVLIFYWHMCP>
#	G	D	E	R	K	N	Q	S	T	A	V	L	I	F	Y	W	H	M	C	P
0	0.00711	0.00548	0.00724	0.00731	0.00853	0.00498	0.04085	0.00870	0.01163	0.01545	0.13929	0.35602	0.26047	0.01350	0.00633	0.00191	0.00318	0.04045	0.05694	0.00464
1	0.06421	0.03284	0.13375	0.05190	0.23145	0.01350	0.17307	0.01629	0.05219	0.01669	0.00987	0.01279	0.00796	0.00570	0.00749	0.00178	0.15376	0.00481	0.00269	0.00725
2	0.01287	0.01128	0.01732	0.36754	0.11027	0.06369	0.11751	0.04410	0.01263	0.09572	0.05997	0.01680	0.03522	0.00589	0.00547	0.00169	0.00666	0.00540	0.00329	0.00669
3	0.09103	0.00953	0.01391	0.21436	0.12498	0.01008	0.01059	0.01848	0.01214	0.31623	0.01406	0.01543	0.00998	0.00870	0.07129	0.00226	0.04063	0.00485	0.00415	0.00733
4	0.29804	0.04734	0.01427	0.11475	0.12410	0.01209	0.04602	0.10779	0.01266	0.11922	0.01157	0.05020	0.00917	0.00583	0.00463	0.00165	0.00530	0.00465	0.00373	0.00698
5	0.00740	0.00552	0.00817	0.00834	0.00919	0.00629	0.00637	0.00915	0.00872	0.01244	0.01625	0.13083	0.01625	0.03643	0.68368	0.00761	0.01261	0.00697	0.00312	0.00466
6	0.00767	0.00520	0.00612	0.00612	0.00625	0.00532	0.00365	0.00792	0.00779	0.01052	0.01633	0.03278	0.01843	0.71275	0.12729	0.00557	0.00631	0.00742	0.00315	0.00340
7	0.05094	0.12361	0.04815	0.06708	0.16467	0.02893	0.02416	0.01662	0.02601	0.13009	0.01181	0.04301	0.00955	0.00532	0.00461	0.00135	0.00528	0.00442	0.00342	0.23096

[dist]
# distance from previous block
# <min> <max>
16	43

[block]
# block no. 10 follows, 46 sequences, length 29
# corresponding to MSA columns:
# 1472-1500
name=unknown_K
#
# <colnr> <probs for GDERKNQSTAVLIFYWHMCP>
#	G	D	E	R	K	N	Q	S	T	A	V	L	I	F	Y	W	H	M	C	P
0	0.14766	0.08886	0.13662	0.21096	0.16312	0.07048	0.02601	0.01553	0.01104	0.01636	0.00983	0.01238	0.02379	0.00524	0.00498	0.00160	0.02449	0.00414	0.00263	0.02429
1	0.24090	0.07018	0.02893	0.01147	0.11256	0.01047	0.00822	0.03284	0.02887	0.17857	0.01342	0.06877	0.01984	0.00603	0.00448	0.00149	0.00458	0.00475	0.00397	0.14966
2	0.21558	0.21124	0.14002	0.01279	0.07689	0.10323	0.01097	0.04295	0.03568	0.07242	0.01052	0.01196	0.00836	0.00581	0.00485	0.00167	0.02026	0.00392	0.00341	0.00748
3	0.23281	0.00898	0.01028	0.00906	0.03089	0.00920	0.00697	0.09283	0.01282	0.28952	0.01595	0.08128	0.01287	0.06419	0.08427	0.00258	0.00542	0.00559	0.01760	0.00688
4	0.01462	0.06726	0.25905	0.05102	0.01934	0.05915	0.11315	0.08642	0.03995	0.15096	0.01277	0.03375	0.00963	0.02443	0.00622	0.02964	0.00672	0.00494	0.00356	0.00742
