[name]
unknown

[dist]
# distance from previous block
# <min> <max>
0	334

[block]
# block no. 0 follows, 45 sequences, length 6
# corresponding to MSA columns:
# 353-358
name=unknown_A
#
# <colnr> <probs for GDERKNQSTAVLIFYWHMCP>
#	G	D	E	R	K	N	Q	S	T	A	V	L	I	F	Y	W	H	M	C	P
0	0.00956	0.01077	0.13127	0.14169	0.01702	0.00889	0.01056	0.01456	0.12454	0.01703	0.08634	0.03631	0.11469	0.01013	0.00620	0.00199	0.00520	0.24293	0.00426	0.00607
1	0.01355	0.01190	0.01159	0.00999	0.01287	0.11694	0.00781	0.15689	0.12559	0.01940	0.01578	0.02368	0.01450	0.13322	0.00875	0.00212	0.00550	0.11451	0.00415	0.19127
2	0.01040	0.01240	0.13548	0.54385	0.03077	0.01121	0.01425	0.01420	0.01089	0.01486	0.00956	0.01331	0.00723	0.00509	0.00509	0.00161	0.00675	0.00438	0.00250	0.14617
3	0.00957	0.00719	0.00830	0.00795	0.00968	0.00710	0.00605	0.15927	0.01469	0.01929	0.14379	0.27619	0.23446	0.01285	0.00638	0.00191	0.00361	0.06102	0.00520	0.00551
4	0.01219	0.01089	0.01705	0.55379	0.15760	0.01277	0.01447	0.12515	0.01314	0.01734	0.01013	0.01393	0.00767	0.00543	0.00536	0.00173	0.00684	0.00478	0.00287	0.00686
5	0.00705	0.00513	0.00636	0.00669	0.00748	0.00475	0.00461	0.00842	0.01177	0.01584	0.27269	0.32756	0.14613	0.13890	0.00982	0.00244	0.00320	0.01172	0.00501	0.00444

[dist]
# distance from previous block
# <min> <max>
0	15

[block]
# block no. 1 follows, 45 sequences, length 13
# corresponding to MSA columns:
# 374-386
name=unknown_B
#
# <colnr> <probs for GDERKNQSTAVLIFYWHMCP>
#	G	D	E	R	K	N	Q	S	T	A	V	L	I	F	Y	W	H	M	C	P
0	0.01078	0.02578	0.69256	0.01539	0.02268	0.01245	0.05602	0.01661	0.01120	0.01671	0.00978	0.01185	0.00711	0.00646	0.03347	0.00197	0.03497	0.00417	0.00231	0.00772
1	0.84927	0.01038	0.00789	0.00706	0.01038	0.01204	0.00581	0.01578	0.00914	0.02408	0.00747	0.00872	0.00581	0.00498	0.00332	0.00166	0.00415	0.00291	0.00332	0.00581
2	0.00651	0.00477	0.00613	0.00721	0.00772	0.00438	0.00487	0.00750	0.01053	0.01381	0.03278	0.71030	0.13099	0.01640	0.00679	0.00213	0.00306	0.01475	0.00498	0.00438
3	0.00654	0.00467	0.00623	0.00747	0.00779	0.00436	0.00498	0.00747	0.01028	0.01370	0.02959	0.80785	0.03550	0.01682	0.00685	0.00218	0.00311	0.01526	0.00498	0.00436
4	0.02099	0.00938	0.01206	0.00972	0.01344	0.00880	0.00786	0.02564	0.16649	0.58785	0.02176	0.06085	0.01510	0.00732	0.00549	0.00172	0.00443	0.00606	0.00632	0.00875
5	0.02273	0.00884	0.01202	0.00932	0.01324	0.00766	0.00766	0.02485	0.01535	0.71928	0.08297	0.02006	0.01635	0.00700	0.00547	0.00166	0.00440	0.00575	0.00658	0.00880
6	0.00781	0.00520	0.00585	0.00585	0.00585	0.00520	0.00325	0.00781	0.00781	0.01041	0.01691	0.03513	0.01952	0.81135	0.02732	0.00520	0.00520	0.00781	0.00325	0.00325
7	0.01113	0.00954	0.01113	0.00795	0.01272	0.00716	0.00636	0.01352	0.01113	0.01749	0.00954	0.01113	0.00795	0.00398	0.00398	0.00080	0.00398	0.00318	0.00318	0.84417
8	0.01329	0.01275	0.02179	0.03295	0.77787	0.01275	0.01647	0.01647	0.01222	0.01754	0.01010	0.01329	0.00850	0.00478	0.00531	0.00159	0.00638	0.00478	0.00266	0.00850
9	0.00654	0.00467	0.00623	0.00747	0.00779	0.00436	0.00498	0.00747	0.01028	0.01370	0.02959	0.80785	0.03550	0.01682	0.00685	0.00218	0.00311	0.01526	0.00498	0.00436
10	0.00792	0.00560	0.00758	0.00803	0.00913	0.00525	0.02557	0.00964	0.01181	0.03601	0.11811	0.37703	0.12214	0.01419	0.00666	0.00208	0.00358	0.17960	0.04524	0.00483
11	0.34078	0.01320	0.04822	0.00998	0.01393	0.05018	0.00851	0.25104	0.03786	0.15985	0.01215	0.01221	0.00858	0.00583	0.00455	0.00164	0.00522	0.00412	0.00453	0.00763
12	0.03731	0.01405	0.07740	0.01211	0.01557	0.01453	0.01049	0.40119	0.12502	0.02589	0.01461	0.05831	0.01206	0.00776	0.00711	0.00182	0.11133	0.04083	0.00463	0.00797

[dist]
# distance from previous block
# <min> <max>
0	20

[block]
# block no. 2 follows, 45 sequences, length 21
# corresponding to MSA columns:
# 407-427
name=unknown_C
#
# <colnr> <probs for GDERKNQSTAVLIFYWHMCP>
#	G	D	E	R	K	N	Q	S	T	A	V	L	I	F	Y	W	H	M	C	P
0	0.10452	0.01542	0.03746	0.01227	0.03541	0.15874	0.02272	0.32061	0.08474	0.07194	0.02685	0.03682	0.01134	0.00673	0.00520	0.00165	0.00616	0.02913	0.00453	0.00776
1	0.01210	0.01170	0.02036	0.31118	0.45892	0.01251	0.06439	0.01552	0.01171	0.01612	0.00994	0.01374	0.00799	0.00498	0.00540	0.00168	0.00684	0.00488	0.00256	0.00749
2	0.01253	0.01790	0.20020	0.02063	0.02652	0.04364	0.56299	0.01732	0.01247	0.01699	0.01048	0.01358	0.00779	0.00469	0.00600	0.00177	0.00882	0.00569	0.00262	0.00736
3	0.01174	0.01174	0.01644	0.01409	0.01409	0.01644	0.01174	0.01292	0.00822	0.01292	0.00705	0.01174	0.00705	0.00940	0.01762	0.00235	0.80153	0.00470	0.00235	0.00587
4	0.01329	0.01179	0.01388	0.01197	0.01522	0.01337	0.07552	0.02751	0.70064	0.02198	0.02087	0.01953	0.01565	0.00704	0.00554	0.00182	0.00468	0.00609	0.00522	0.00838
5	0.00777	0.00534	0.00652	0.00652	0.00675	0.00557	0.00409	0.00823	0.00800	0.01090	0.01630	0.03175	0.01805	0.62568	0.21099	0.00603	0.00741	0.00731	0.00316	0.00362
6	0.00691	0.00546	0.00623	0.00603	0.00760	0.00477	0.00453	0.00880	0.01358	0.01768	0.38094	0.04642	0.44714	0.01241	0.00634	0.00176	0.00263	0.01059	0.00540	0.00477
7	0.01223	0.34832	0.47578	0.01281	0.01938	0.01604	0.01549	0.01662	0.01116	0.01522	0.00875	0.01022	0.00684	0.00489	0.00443	0.00148	0.00704	0.00352	0.00228	0.00751
8	0.01415	0.01135	0.01216	0.01082	0.01394	0.01295	0.00845	0.02835	0.71234	0.07876	0.02180	0.01990	0.01616	0.00724	0.00546	0.00181	0.00427	0.00602	0.00555	0.00854
9	0.10372	0.34858	0.33260	0.01179	0.01747	0.07367	0.01324	0.01682	0.01121	0.01569	0.00841	0.00981	0.00674	0.00491	0.00421	0.00145	0.00675	0.00336	0.00243	0.00715
10	0.01903	0.01456	0.01486	0.01187	0.01574	0.07252	0.00962	0.50819	0.15426	0.07892	0.03529	0.01499	0.01164	0.00666	0.00537	0.00164	0.00572	0.00512	0.00529	0.00869
11	0.00760	0.00554	0.00718	0.00690	0.00820	0.00511	0.00527	0.01005	0.01480	0.02069	0.67500	0.04233	0.09411	0.01142	0.00641	0.00175	0.00272	0.06410	0.00578	0.00502
12	0.01014	0.00954	0.01610	0.79845	0.03697	0.01193	0.01491	0.01371	0.01073	0.01371	0.00954	0.01431	0.00716	0.00537	0.00537	0.00179	0.00716	0.00477	0.00239	0.00596
13	0.00767	0.00575	0.00863	0.00863	0.00959	0.00671	0.00671	0.00959	0.00863	0.01246	0.01438	0.02109	0.01342	0.04026	0.79008	0.00863	0.01438	0.00575	0.00288	0.00479
14	0.00745	0.00548	0.00696	0.00659	0.00793	0.00500	0.00495	0.00984	0.01484	0.02067	0.68769	0.04150	0.13852	0.01129	0.00633	0.00170	0.00256	0.00990	0.00580	0.00500
15	0.00773	0.00570	0.00849	0.00849	0.00939	0.00660	0.00654	0.00945	0.00855	0.01230	0.01428	0.02134	0.01346	0.06174	0.74286	0.03598	0.01379	0.00577	0.00287	0.00467
16	0.01244	0.01405	0.03048	0.02185	0.02703	0.01319	0.72340	0.01676	0.01244	0.01688	0.01114	0.01544	0.00867	0.04189	0.00731	0.00197	0.00887	0.00640	0.00274	0.00706
17	0.01098	0.00933	0.01098	0.00807	0.01262	0.00710	0.00650	0.01337	0.01121	0.01740	0.01071	0.01419	0.00937	0.00465	0.00419	0.00090	0.00404	0.04895	0.00329	0.79216
18	0.00673	0.00519	0.00618	0.00677	0.00787	0.00465	0.00492	0.00811	0.01169	0.01490	0.10282	0.36221	0.34675	0.01480	0.00664	0.00201	0.00306	0.07511	0.00506	0.00454
19	0.01099	0.07744	0.73585	0.01491	0.02264	0.01302	0.01916	0.01694	0.01131	0.01672	0.00950	0.01116	0.00681	0.00507	0.00500	0.00167	0.00779	0.00390	0.00227	0.00787
20	0.07829	0.04131	0.01534	0.01249	0.01602	0.35502	0.00988	0.34016	0.04296	0.02313	0.01063	0.01130	0.00809	0.00592	0.00494	0.00151	0.00738	0.00408	0.00400	0.00754

[dist]
# distance from previous block
# <min> <max>
0	1

[block]
# block no. 3 follows, 45 sequences, length 20
# corresponding to MSA columns:
# 429-448
name=unknown_D
#
# <colnr> <probs for GDERKNQSTAVLIFYWHMCP>
#	G	D	E	R	K	N	Q	S	T	A	V	L	I	F	Y	W	H	M	C	P
0	0.00735	0.00521	0.00658	0.00722	0.00772	0.00509	0.00500	0.00829	0.00977	0.01291	0.02580	0.32659	0.07999	0.28673	0.06924	0.00368	0.00486	0.11962	0.00424	0.00411
1	0.00903	0.00645	0.00790	0.00772	0.00814	0.00671	0.00511	0.00945	0.00926	0.01287	0.07142	0.03207	0.02052	0.51775	0.21081	0.00579	0.04330	0.00759	0.00366	0.00446
2	0.00696	0.00507	0.00655	0.00700	0.00783	0.00466	0.00494	0.00858	0.01247	0.01698	0.33774	0.42551	0.10753	0.01413	0.00659	0.00195	0.00284	0.01263	0.00536	0.00466
3	0.00668	0.00481	0.00634	0.00731	0.00780	0.00446	0.00497	0.00785	0.01103	0.01482	0.13477	0.67660	0.06084	0.01590	0.00676	0.00210	0.00302	0.01436	0.00511	0.00446
4	0.00666	0.00500	0.00621	0.00701	0.00782	0.00454	0.00493	0.00790	0.01124	0.01458	0.08970	0.52099	0.22865	0.01547	0.00671	0.00206	0.00306	0.04796	0.00505	0.00448
5	0.00656	0.00545	0.00573	0.00566	0.00738	0.00462	0.00425	0.00812	0.01274	0.01570	0.17725	0.04969	0.65207	0.01315	0.00634	0.00179	0.00269	0.01105	0.00514	0.00462
6	0.01335	0.01153	0.01214	0.01092	0.01396	0.01335	0.00850	0.02852	0.76817	0.02245	0.02185	0.02003	0.01639	0.00728	0.00546	0.00182	0.00425	0.00607	0.00546	0.00850
7	0.01765	0.02055	0.01411	0.01279	0.01565	0.51157	0.00970	0.02398	0.28503	0.01648	0.01315	0.01339	0.01031	0.00616	0.00506	0.00154	0.00773	0.00439	0.00373	0.00704
8	0.01283	0.01229	0.02096	0.14430	0.67009	0.01263	0.01625	0.01607	0.01201	0.01698	0.01002	0.01343	0.00831	0.00487	0.00532	0.00162	0.00649	0.00478	0.00262	0.00813
9	0.13401	0.01179	0.01196	0.01024	0.01365	0.06766	0.00813	0.04545	0.37243	0.23923	0.01843	0.01700	0.01314	0.00663	0.00510	0.00172	0.00476	0.00521	0.00530	0.00816
10	0.02041	0.01504	0.01611	0.01235	0.01665	0.01665	0.01020	0.75997	0.02524	0.03383	0.01289	0.01289	0.00913	0.00644	0.00537	0.00161	0.00591	0.00483	0.00537	0.00913
11	0.02005	0.02558	0.01521	0.01383	0.01659	0.78980	0.01037	0.02143	0.01521	0.01314	0.00830	0.00968	0.00691	0.00553	0.00484	0.00138	0.00968	0.00346	0.00277	0.00622
12	0.00634	0.00544	0.00544	0.00544	0.00725	0.00453	0.00408	0.00770	0.01224	0.01450	0.05438	0.05166	0.77569	0.01359	0.00634	0.00181	0.00272	0.01133	0.00498	0.00453
13	0.00754	0.00551	0.00710	0.00676	0.00807	0.00506	0.00511	0.00999	0.01489	0.02084	0.69790	0.04162	0.10224	0.01129	0.00637	0.00172	0.00263	0.03452	0.00581	0.00502
14	0.01061	0.02581	0.70355	0.01519	0.02257	0.01205	0.05367	0.01646	0.01134	0.01682	0.01084	0.05726	0.00851	0.00575	0.00526	0.00173	0.00771	0.00473	0.00244	0.00770
15	0.01435	0.81458	0.02813	0.00918	0.01378	0.02124	0.00918	0.01607	0.01091	0.01263	0.00746	0.00861	0.00689	0.00459	0.00344	0.00115	0.00574	0.00287	0.00230	0.00689
16	0.00654	0.00467	0.00623	0.00747	0.00779	0.00436	0.00498	0.00747	0.01028	0.01370	0.02959	0.80785	0.03550	0.01682	0.00685	0.00218	0.00311	0.01526	0.00498	0.00436
17	0.16603	0.06267	0.24926	0.01281	0.01629	0.01471	0.01290	0.04838	0.01025	0.01714	0.00820	0.01093	0.00683	0.00687	0.00981	0.00192	0.33163	0.00405	0.00264	0.00669
18	0.01307	0.01129	0.01187	0.01071	0.01369	0.01300	0.00832	0.02770	0.73828	0.02214	0.02313	0.02128	0.04641	0.00753	0.00550	0.00182	0.00419	0.00628	0.00544	0.00834
19	0.00672	0.00509	0.00625	0.00710	0.00800	0.00463	0.00512	0.00797	0.01115	0.01423	0.03740	0.47900	0.27234	0.01555	0.00675	0.00210	0.00320	0.09794	0.00498	0.00448

[dist]
# distance from previous block
# <min> <max>
0	7

[block]
# block no. 4 follows, 45 sequences, length 8
# corresponding to MSA columns:
# 456-463
name=unknown_E
#
# <colnr> <probs for GDERKNQSTAVLIFYWHMCP>
#	G	D	E	R	K	N	Q	S	T	A	V	L	I	F	Y	W	H	M	C	P
0	0.00742	0.00509	0.00642	0.00675	0.00765	0.00474	0.00481	0.00924	0.01254	0.01780	0.33692	0.34862	0.07771	0.01286	0.00621	0.00184	0.00277	0.01142	0.11445	0.00474
1	0.00744	0.00548	0.00696	0.00659	0.00792	0.00500	0.00494	0.00983	0.01483	0.02066	0.68618	0.04152	0.14004	0.01130	0.00633	0.00170	0.00256	0.00991	0.00580	0.00500
2	0.01113	0.00954	0.01113	0.00795	0.01272	0.00716	0.00636	0.01352	0.01113	0.01749	0.00954	0.01113	0.00795	0.00398	0.00398	0.00080	0.00398	0.00318	0.00318	0.84417
3	0.01356	0.47929	0.28933	0.01167	0.01728	0.07875	0.01297	0.01682	0.01139	0.01419	0.00828	0.00964	0.00686	0.00484	0.00413	0.00136	0.00681	0.00330	0.00232	0.00720
4	0.00712	0.00546	0.00645	0.00630	0.00759	0.00504	0.00460	0.00878	0.01233	0.01624	0.30108	0.04215	0.33876	0.11957	0.09224	0.00293	0.00421	0.00970	0.00486	0.00458
5	0.12578	0.00864	0.00962	0.00799	0.01096	0.00869	0.00644	0.11222	0.04246	0.28524	0.01705	0.01704	0.01208	0.00629	0.00453	0.00151	0.00392	0.00488	0.30748	0.00718
6	0.56841	0.00976	0.00891	0.00805	0.01118	0.01083	0.00666	0.01749	0.06745	0.12237	0.01309	0.01759	0.01086	0.00666	0.00429	0.00178	0.00432	0.09986	0.00413	0.00634
7	0.26304	0.01136	0.01256	0.01000	0.01355	0.01214	0.04137	0.21381	0.03391	0.04341	0.07062	0.01377	0.01129	0.00607	0.00554	0.00155	0.06466	0.00444	0.00408	0.16283

[dist]
# distance from previous block
# <min> <max>
0	4

[block]
# block no. 5 follows, 45 sequences, length 23
# corresponding to MSA columns:
# 468-490
name=unknown_F
#
# <colnr> <probs for GDERKNQSTAVLIFYWHMCP>
#	G	D	E	R	K	N	Q	S	T	A	V	L	I	F	Y	W	H	M	C	P
0	0.00789	0.00582	0.00737	0.00758	0.00846	0.00576	0.00539	0.04359	0.02999	0.01712	0.26419	0.41781	0.05946	0.06131	0.00810	0.00216	0.02604	0.01194	0.00513	0.00488
1	0.01670	0.01416	0.01716	0.04969	0.01845	0.06947	0.12774	0.30777	0.24582	0.05347	0.01511	0.01533	0.01107	0.00629	0.00551	0.00170	0.00618	0.00536	0.00471	0.00829
2	0.01077	0.02777	0.78354	0.01530	0.02323	0.01247	0.01983	0.01700	0.01133	0.01700	0.00963	0.01133	0.00680	0.00510	0.00510	0.00170	0.00793	0.00397	0.00227	0.00793
3	0.01708	0.14552	0.16838	0.01196	0.01640	0.04003	0.02744	0.10609	0.05654	0.24786	0.01351	0.01370	0.00964	0.00624	0.00639	0.00166	0.09484	0.00455	0.00416	0.00799
4	0.01619	0.04976	0.04705	0.05153	0.17283	0.01367	0.03916	0.20421	0.08361	0.13703	0.03012	0.01477	0.01066	0.00639	0.00674	0.00172	0.09721	0.00504	0.00419	0.00812
5	0.00672	0.00541	0.00600	0.00595	0.00751	0.00468	0.00442	0.00840	0.01299	0.01652	0.26493	0.09296	0.51863	0.01301	0.00637	0.00180	0.00269	0.01108	0.00526	0.00468
6	0.01337	0.01161	0.01370	0.28778	0.02178	0.10829	0.02578	0.07095	0.13314	0.06959	0.04095	0.04727	0.01318	0.00702	0.00570	0.00174	0.02474	0.03726	0.05949	0.00667
7	0.01396	0.43318	0.26476	0.04199	0.01792	0.01720	0.01281	0.08296	0.01248	0.04483	0.00923	0.01044	0.00731	0.00502	0.00429	0.00141	0.00646	0.00356	0.00273	0.00747
8	0.01428	0.01361	0.01896	0.11180	0.44208	0.10975	0.01430	0.01693	0.01208	0.06668	0.01012	0.01306	0.00827	0.00571	0.00700	0.00170	0.11856	0.00465	0.00286	0.00761
9	0.01600	0.01053	0.01801	0.01358	0.01746	0.00988	0.27114	0.07797	0.01459	0.27072	0.09625	0.05527	0.01614	0.00677	0.00575	0.00170	0.00579	0.00655	0.07846	0.00746
10	0.00781	0.00520	0.00585	0.00585	0.00585	0.00520	0.00325	0.00781	0.00781	0.01041	0.01691	0.03513	0.01952	0.81135	0.02732	0.00520	0.00520	0.00781	0.00325	0.00325
11	0.01184	0.26389	0.55684	0.01346	0.02040	0.01510	0.01664	0.01672	0.01121	0.01569	0.00898	0.01052	0.00683	0.00495	0.00460	0.00153	0.00728	0.00364	0.00228	0.00762
12	0.00652	0.00475	0.00615	0.00727	0.00773	0.00438	0.00489	0.00750	0.01048	0.01378	0.03209	0.73142	0.11031	0.01649	0.00680	0.00214	0.00307	0.01486	0.00498	0.00438
13	0.00702	0.00544	0.00640	0.00622	0.00768	0.00481	0.00464	0.00900	0.01375	0.01825	0.44076	0.07332	0.35876	0.01231	0.00636	0.00176	0.00263	0.01060	0.00548	0.00481
14	0.00797	0.00519	0.00579	0.00579	0.00588	0.00519	0.00329	0.00815	0.00806	0.01112	0.01696	0.03401	0.01909	0.75173	0.02558	0.00491	0.00500	0.00760	0.06530	0.00338
15	0.31421	0.00957	0.01085	0.00867	0.01253	0.00935	0.00716	0.02251	0.01317	0.51526	0.01636	0.01491	0.01066	0.00606	0.00467	0.00166	0.00442	0.00452	0.00548	0.00797
16	0.00762	0.00513	0.00591	0.00609	0.00613	0.00508	0.00350	0.00776	0.00816	0.01089	0.01875	0.14721	0.02183	0.69610	0.02435	0.00477	0.00490	0.00889	0.00350	0.00341
17	0.01435	0.81458	0.02813	0.00918	0.01378	0.02124	0.00918	0.01607	0.01091	0.01263	0.00746	0.00861	0.00689	0.00459	0.00344	0.00115	0.00574	0.00287	0.00230	0.00689
18	0.01077	0.02777	0.78354	0.01530	0.02323	0.01247	0.01983	0.01700	0.01133	0.01700	0.00963	0.01133	0.00680	0.00510	0.00510	0.00170	0.00793	0.00397	0.00227	0.00793
19	0.00841	0.00544	0.00720	0.00724	0.00835	0.00500	0.00524	0.01029	0.01331	0.07479	0.43129	0.33502	0.04203	0.01291	0.00646	0.00188	0.00291	0.01153	0.00561	0.00509
20	0.00651	0.00512	0.00590	0.00646	0.00759	0.00451	0.00460	0.00774	0.01146	0.01436	0.06032	0.38036	0.41966	0.01496	0.00659	0.00198	0.00294	0.02947	0.00501	0.00448
21	0.01520	0.01234	0.01277	0.01112	0.01438	0.04265	0.00874	0.11995	0.59672	0.07374	0.02017	0.01862	0.01491	0.00707	0.00542	0.00177	0.00468	0.00577	0.00543	0.00853
22	0.02030	0.00977	0.01227	0.00993	0.01359	0.00949	0.00803	0.07669	0.17574	0.51142	0.02083	0.04895	0.01452	0.00832	0.03266	0.00195	0.00488	0.00590	0.00611	0.00866

[dist]
# distance from previous block
# <min> <max>
5	7

[block]
# block no. 6 follows, 45 sequences, length 55
# corresponding to MSA columns:
# 498-552
name=unknown_G
#
# <colnr> <probs for GDERKNQSTAVLIFYWHMCP>
#	G	D	E	R	K	N	Q	S	T	A	V	L	I	F	Y	W	H	M	C	P
0	0.00758	0.00560	0.00634	0.00612	0.00781	0.00485	0.00460	0.00932	0.01322	0.05303	0.27461	0.07539	0.48713	0.01258	0.00631	0.00178	0.00276	0.01070	0.00535	0.00491
1	0.01658	0.07903	0.01478	0.01150	0.01497	0.24530	0.00911	0.12561	0.27717	0.04791	0.01417	0.01409	0.01085	0.00608	0.00495	0.00150	0.00620	0.00455	0.00421	0.09143
2	0.00694	0.00504	0.00663	0.00750	0.00816	0.00464	0.00522	0.00820	0.01104	0.01490	0.11742	0.63510	0.04927	0.01550	0.00671	0.00208	0.00317	0.05281	0.00503	0.03465
3	0.01508	0.01543	0.12145	0.07773	0.02263	0.01374	0.26923	0.27625	0.01675	0.04526	0.01210	0.01489	0.00907	0.00569	0.00568	0.00170	0.00721	0.02769	0.00376	0.03866
4	0.06658	0.06109	0.02422	0.01717	0.02188	0.01340	0.43678	0.05494	0.12211	0.10691	0.01331	0.01493	0.00975	0.00529	0.00570	0.00174	0.00719	0.00570	0.00370	0.00762
5	0.00652	0.00544	0.00568	0.00562	0.00736	0.00461	0.00422	0.00805	0.01266	0.01550	0.15668	0.05002	0.67276	0.01322	0.00634	0.00179	0.00269	0.01110	0.00512	0.00461
6	0.01077	0.01019	0.01724	0.64452	0.18595	0.01209	0.01522	0.01427	0.01103	0.01448	0.00965	0.01411	0.00743	0.00525	0.00536	0.00175	0.00700	0.00477	0.00244	0.00647
7	0.01277	0.01022	0.01235	0.01112	0.03664	0.01106	0.04787	0.05587	0.43553	0.06740	0.16615	0.02498	0.05954	0.00809	0.00573	0.00178	0.00427	0.01568	0.00535	0.00760
8	0.01921	0.02418	0.01457	0.01328	0.01586	0.73585	0.00988	0.02050	0.01470	0.01295	0.00889	0.01143	0.00778	0.06094	0.00639	0.00165	0.00937	0.00376	0.00280	0.00602
9	0.00736	0.00526	0.00717	0.00842	0.00909	0.00507	0.00642	0.00890	0.01109	0.01463	0.02913	0.51600	0.03370	0.01604	0.00707	0.00229	0.00383	0.29898	0.00497	0.00459
10	0.06096	0.04497	0.56325	0.01313	0.01940	0.01126	0.01588	0.01583	0.01125	0.04918	0.01364	0.11432	0.03059	0.00686	0.00521	0.00174	0.00675	0.00557	0.00293	0.00728
11	0.00865	0.00618	0.00865	0.00989	0.01112	0.00618	0.00865	0.01112	0.01236	0.01606	0.02842	0.06055	0.03089	0.01483	0.00741	0.00247	0.00494	0.74174	0.00494	0.00494
12	0.01262	0.42585	0.37323	0.01216	0.01811	0.01705	0.01415	0.01638	0.01101	0.01464	0.00844	0.00997	0.00685	0.00500	0.00471	0.00144	0.03533	0.00344	0.00228	0.00733
13	0.02041	0.01504	0.01611	0.01235	0.01665	0.01665	0.01020	0.75997	0.02524	0.03383	0.01289	0.01289	0.00913	0.00644	0.00537	0.00161	0.00591	0.00483	0.00537	0.00913
14	0.01174	0.01174	0.01644	0.01409	0.01409	0.01644	0.01174	0.01292	0.00822	0.01292	0.00705	0.01174	0.00705	0.00940	0.01762	0.00235	0.80153	0.00470	0.00235	0.00587
15	0.01137	0.02697	0.73581	0.01512	0.02282	0.01273	0.01923	0.06321	0.01220	0.01805	0.00984	0.01143	0.00694	0.00518	0.00512	0.00169	0.00781	0.00402	0.00246	0.00801
16	0.01077	0.02777	0.78354	0.01530	0.02323	0.01247	0.01983	0.01700	0.01133	0.01700	0.00963	0.01133	0.00680	0.00510	0.00510	0.00170	0.00793	0.00397	0.00227	0.00793
17	0.01265	0.01288	0.04883	0.15502	0.58653	0.01266	0.06074	0.01609	0.01198	0.01688	0.01004	0.01345	0.00820	0.00487	0.00538	0.00164	0.00672	0.00484	0.00260	0.00800
18	0.00668	0.00489	0.00629	0.00724	0.00786	0.00451	0.00500	0.00786	0.01102	0.01455	0.09577	0.61847	0.13216	0.01584	0.00676	0.00210	0.00308	0.04038	0.00506	0.00446
19	0.01397	0.06569	0.01550	0.01211	0.01340	0.01365	0.02207	0.01535	0.01002	0.17120	0.01169	0.04815	0.01037	0.05713	0.02428	0.00236	0.47786	0.00539	0.00341	0.00640
20	0.01358	0.01399	0.01166	0.01216	0.06518	0.30141	0.00868	0.01601	0.05521	0.04743	0.04379	0.18154	0.06488	0.01008	0.00590	0.00181	0.00620	0.13049	0.00411	0.00591
21	0.01102	0.00663	0.00924	0.00983	0.01152	0.00644	0.00853	0.01343	0.01282	0.13379	0.02731	0.05405	0.02819	0.01357	0.00710	0.00235	0.00489	0.62849	0.00520	0.00559
22	0.00675	0.00535	0.00610	0.00633	0.00772	0.00470	0.00470	0.00831	0.01241	0.01573	0.18008	0.19354	0.45792	0.01380	0.00650	0.00190	0.00289	0.05549	0.00515	0.00462
23	0.01175	0.01384	0.11528	0.02364	0.33620	0.01165	0.23887	0.01537	0.01197	0.01679	0.01338	0.12864	0.01244	0.00664	0.00585	0.00177	0.00688	0.01866	0.00300	0.00740
24	0.01208	0.07338	0.31440	0.02189	0.27732	0.01314	0.15337	0.01653	0.01188	0.01685	0.01116	0.01355	0.02987	0.00510	0.00532	0.00165	0.00731	0.00482	0.00256	0.00783
25	0.07033	0.01401	0.01526	0.01301	0.06135	0.01556	0.01001	0.54428	0.15033	0.03031	0.01391	0.01387	0.01012	0.00640	0.00525	0.00165	0.00554	0.00492	0.00510	0.00878
26	0.01307	0.01253	0.02140	0.08559	0.72692	0.01270	0.01637	0.01628	0.01212	0.01727	0.01006	0.01336	0.00841	0.00482	0.00532	0.00161	0.00643	0.00478	0.00264	0.00833
27	0.00984	0.01291	0.18334	0.21454	0.06755	0.00995	0.09693	0.01347	0.01157	0.01555	0.01887	0.08922	0.08389	0.00857	0.00599	0.00192	0.00636	0.13995	0.00332	0.00625
28	0.01510	0.25552	0.34741	0.01235	0.01811	0.09551	0.01364	0.01878	0.01231	0.14801	0.01086	0.01156	0.00796	0.00526	0.00464	0.00150	0.00689	0.00384	0.00309	0.00766
29	0.02002	0.06129	0.06424	0.01219	0.01658	0.08490	0.10158	0.07838	0.05675	0.42316	0.01656	0.01567	0.01112	0.00608	0.00533	0.00163	0.00597	0.00508	0.00510	0.00838
30	0.02408	0.00914	0.01246	0.00955	0.01370	0.00789	0.00789	0.02616	0.01536	0.78158	0.02118	0.01827	0.01329	0.00664	0.00540	0.00166	0.00457	0.00540	0.00664	0.00914
31	0.01297	0.01135	0.01856	0.21426	0.47317	0.01189	0.01456	0.01672	0.05119	0.06927	0.01325	0.01589	0.04210	0.00556	0.00538	0.00167	0.00617	0.00517	0.00311	0.00776
32	0.01537	0.44008	0.14816	0.01182	0.06108	0.01654	0.01113	0.06874	0.01282	0.12964	0.03174	0.01194	0.00929	0.00530	0.00433	0.00139	0.00589	0.00387	0.00327	0.00759
33	0.01265	0.23483	0.37835	0.01410	0.02024	0.01439	0.13665	0.01694	0.01172	0.06151	0.01184	0.01324	0.03998	0.00532	0.00493	0.00157	0.00711	0.00446	0.00273	0.00747
34	0.03944	0.00766	0.01075	0.10471	0.01504	0.00760	0.00907	0.01640	0.01303	0.26154	0.02318	0.03984	0.02162	0.01076	0.00640	0.00210	0.00507	0.39422	0.00513	0.00644
35	0.03771	0.03394	0.02004	0.12876	0.39784	0.01195	0.10120	0.01762	0.01248	0.14458	0.01235	0.01551	0.00961	0.00543	0.00541	0.00167	0.00637	0.02628	0.00337	0.00790
36	0.01220	0.01155	0.06281	0.50692	0.07458	0.01249	0.04574	0.06628	0.01204	0.06541	0.01042	0.01404	0.00778	0.00575	0.00635	0.00180	0.06941	0.00483	0.00289	0.00670
37	0.01336	0.01211	0.02193	0.06507	0.23791	0.01256	0.25656	0.01653	0.01198	0.09102	0.01236	0.01769	0.01031	0.00642	0.00774	0.00187	0.13082	0.06325	0.00318	0.00732
38	0.01919	0.01318	0.13902	0.01149	0.01610	0.01039	0.04259	0.08204	0.13254	0.43339	0.01843	0.01758	0.01248	0.00653	0.00543	0.00171	0.00537	0.01840	0.00545	0.00868
39	0.01426	0.01241	0.01882	0.04453	0.35685	0.05799	0.11264	0.06806	0.02724	0.10029	0.04224	0.01873	0.08900	0.00628	0.00558	0.00165	0.00619	0.00584	0.00368	0.00771
40	0.01438	0.03414	0.16339	0.22254	0.02137	0.03004	0.01201	0.04038	0.09118	0.20485	0.09722	0.01780	0.01433	0.00645	0.00537	0.00170	0.00586	0.00536	0.00420	0.00741
41	0.00645	0.00538	0.00565	0.00583	0.00745	0.00457	0.00435	0.00780	0.01202	0.01447	0.05059	0.13841	0.66370	0.01401	0.00644	0.00188	0.00285	0.03864	0.00498	0.00453
42	0.01400	0.01299	0.02058	0.12919	0.53749	0.06069	0.05887	0.01713	0.01246	0.06928	0.01072	0.01361	0.00854	0.00502	0.00536	0.00162	0.00672	0.00483	0.00291	0.00800
43	0.01309	0.14948	0.46839	0.01530	0.06616	0.01395	0.06488	0.06765	0.01260	0.06504	0.01033	0.01176	0.00756	0.00515	0.00497	0.00160	0.00722	0.00414	0.00281	0.00791
44	0.01158	0.01667	0.26938	0.34231	0.09274	0.01267	0.09405	0.06670	0.01226	0.01686	0.00999	0.01317	0.00739	0.00522	0.00538	0.00173	0.00746	0.00468	0.00261	0.00717
45	0.01320	0.01356	0.02803	0.04721	0.14617	0.01289	0.56047	0.01727	0.01264	0.05954	0.01165	0.03074	0.00902	0.00496	0.00610	0.00177	0.00820	0.00617	0.00296	0.00745
46	0.01088	0.00876	0.01382	0.33764	0.13360	0.00954	0.01195	0.01382	0.01180	0.06305	0.03957	0.06233	0.01659	0.00847	0.00594	0.00190	0.00584	0.19922	0.00362	0.04165
47	0.01504	0.04280	0.38751	0.01505	0.07192	0.05066	0.06166	0.02012	0.05972	0.20372	0.01319	0.01374	0.00919	0.00556	0.00523	0.00167	0.00687	0.00459	0.00361	0.00814
48	0.07277	0.01150	0.01589	0.15069	0.09173	0.08054	0.10690	0.03610	0.01297	0.20602	0.01522	0.06383	0.01258	0.00713	0.00589	0.00179	0.02680	0.07053	0.00405	0.00706
49	0.01438	0.00839	0.01190	0.01029	0.01287	0.00805	0.07646	0.06702	0.06043	0.25692	0.02306	0.20104	0.03607	0.06546	0.00765	0.00217	0.00479	0.12113	0.00523	0.00672
50	0.10422	0.00979	0.01519	0.43383	0.17966	0.01118	0.01302	0.01445	0.01110	0.04403	0.01214	0.06059	0.01056	0.00648	0.00534	0.00179	0.00621	0.05101	0.00300	0.00642
51	0.01227	0.10443	0.03504	0.11091	0.01921	0.02946	0.19596	0.08015	0.05309	0.04503	0.01612	0.14893	0.01536	0.04208	0.00671	0.00195	0.00625	0.06681	0.00372	0.00651
52	0.23490	0.01804	0.22157	0.07803	0.01965	0.12402	0.09737	0.08910	0.01288	0.04333	0.00968	0.01138	0.00716	0.00526	0.00479	0.00165	0.00695	0.00408	0.00311	0.00704
53	0.06471	0.02801	0.01085	0.18736	0.04894	0.00862	0.00874	0.05276	0.01130	0.01563	0.01881	0.16633	0.01994	0.14935	0.00973	0.00257	0.00525	0.18199	0.00383	0.00527
54	0.16034	0.02959	0.01202	0.00954	0.01280	0.00930	0.05383	0.08052	0.01379	0.24379	0.10012	0.02402	0.03380	0.04163	0.00624	0.00185	0.00469	0.09272	0.00491	0.06451

[dist]
# distance from previous block
# <min> <max>
22	85

[block]
# block no. 7 follows, 45 sequences, length 13
# corresponding to MSA columns:
# 660-672
name=unknown_H
#
# <colnr> <probs for GDERKNQSTAVLIFYWHMCP>
#	G	D	E	R	K	N	Q	S	T	A	V	L	I	F	Y	W	H	M	C	P
0	0.10414	0.01057	0.01177	0.01083	0.07638	0.03702	0.00778	0.10851	0.09698	0.05066	0.11663	0.03291	0.04215	0.00651	0.00489	0.00141	0.00443	0.00530	0.00426	0.26687
1	0.01194	0.00884	0.01202	0.10139	0.11754	0.00892	0.00882	0.07886	0.07289	0.09165	0.27280	0.04298	0.05894	0.00826	0.00572	0.00166	0.00436	0.02335	0.00479	0.06428
2	0.01441	0.01135	0.01311	0.03005	0.09912	0.04403	0.00894	0.28696	0.05052	0.05018	0.12442	0.09650	0.06883	0.00817	0.00559	0.00163	0.00493	0.00685	0.00479	0.06964
3	0.01434	0.00981	0.01548	0.07023	0.25324	0.00957	0.05873	0.04701	0.01376	0.20618	0.14475	0.09839	0.01944	0.00758	0.00573	0.00171	0.00516	0.00692	0.00452	0.00743
4	0.11683	0.01019	0.01254	0.01226	0.10897	0.01043	0.00860	0.10855	0.13713	0.24963	0.14910	0.01996	0.01833	0.00705	0.00531	0.00168	0.00450	0.00582	0.00527	0.00784
5	0.09480	0.01166	0.01674	0.09891	0.25120	0.01226	0.06302	0.15925	0.05385	0.09024	0.05635	0.04311	0.01239	0.00623	0.00534	0.00168	0.00573	0.00549	0.00399	0.00773
6	0.78941	0.01072	0.00848	0.00744	0.01083	0.01237	0.00613	0.06952	0.01030	0.02479	0.00787	0.00902	0.00605	0.00509	0.00347	0.00166	0.00428	0.00305	0.00347	0.00605
7	0.00845	0.00603	0.00842	0.00965	0.01080	0.00600	0.00829	0.01077	0.01216	0.01584	0.02853	0.13303	0.03134	0.01502	0.00736	0.00244	0.00477	0.67128	0.00495	0.00489
8	0.01372	0.01319	0.02288	0.02983	0.60613	0.01317	0.12988	0.07192	0.01326	0.01870	0.01042	0.01344	0.00849	0.00487	0.00548	0.00163	0.00675	0.00502	0.00287	0.00836
9	0.00654	0.00467	0.00623	0.00747	0.00779	0.00436	0.00498	0.00747	0.01028	0.01370	0.02959	0.80785	0.03550	0.01682	0.00685	0.00218	0.00311	0.01526	0.00498	0.00436
10	0.70102	0.01038	0.00896	0.00860	0.04857	0.01180	0.00652	0.05507	0.01060	0.02409	0.06501	0.01150	0.00946	0.00550	0.00375	0.00166	0.00424	0.00361	0.00359	0.00607
11	0.42426	0.01122	0.01069	0.01037	0.07209	0.05871	0.00754	0.09131	0.02780	0.05737	0.04908	0.05958	0.01158	0.00637	0.00440	0.00162	0.00473	0.01856	0.00389	0.06885
12	0.19184	0.02477	0.01428	0.03381	0.17849	0.01197	0.00991	0.19324	0.01516	0.16301	0.02812	0.03389	0.01130	0.00638	0.00500	0.00165	0.00520	0.03678	0.00439	0.03081

[dist]
# distance from previous block
# <min> <max>
0	13

[block]
# block no. 8 follows, 45 sequences, length 19
# corresponding to MSA columns:
# 686-704
name=unknown_I
#
# <colnr> <probs for GDERKNQSTAVLIFYWHMCP>
#	G	D	E	R	K	N	Q	S	T	A	V	L	I	F	Y	W	H	M	C	P
0	0.15928	0.03911	0.01765	0.05383	0.27613	0.07557	0.07344	0.08045	0.01347	0.14402	0.01150	0.01298	0.00860	0.00532	0.00498	0.00161	0.00616	0.00452	0.00364	0.00774
1	0.01515	0.24032	0.02001	0.02741	0.24337	0.12903	0.01148	0.09024	0.01380	0.05045	0.03611	0.01641	0.01129	0.00613	0.00493	0.00152	0.00633	0.06535	0.00330	0.00736
2	0.01887	0.15408	0.01785	0.01185	0.01595	0.09617	0.03067	0.40130	0.08200	0.09959	0.01297	0.01298	0.00949	0.00606	0.00502	0.00153	0.00609	0.00455	0.00462	0.00833
3	0.01208	0.07366	0.01021	0.00841	0.01020	0.00761	0.00654	0.05234	0.01220	0.16887	0.04310	0.24692	0.02400	0.15512	0.00996	0.00254	0.00446	0.14124	0.00482	0.00571
4	0.00754	0.00649	0.04840	0.00871	0.00982	0.00547	0.00710	0.00934	0.01118	0.01479	0.02905	0.45875	0.06090	0.01533	0.00695	0.00225	0.00403	0.28430	0.00482	0.00477
5	0.01566	0.35553	0.08406	0.10480	0.01767	0.03561	0.01078	0.10928	0.01344	0.13379	0.01135	0.01336	0.00896	0.00580	0.00502	0.00150	0.03460	0.02797	0.00345	0.00737
6	0.01917	0.01359	0.10726	0.01345	0.06440	0.05156	0.07261	0.13099	0.01573	0.38100	0.01679	0.01816	0.01191	0.00658	0.00552	0.00170	0.00595	0.05020	0.00505	0.00838
7	0.00811	0.00580	0.00804	0.00927	0.01028	0.00572	0.00772	0.01020	0.01183	0.01547	0.02872	0.25004	0.03206	0.01533	0.00727	0.00240	0.00448	0.55753	0.00495	0.00480
8	0.11863	0.00846	0.01069	0.00894	0.01228	0.00781	0.00740	0.02086	0.01397	0.49707	0.05554	0.02643	0.06213	0.00828	0.00555	0.00179	0.00438	0.11628	0.00586	0.00766
9	0.01706	0.01010	0.03919	0.09670	0.12520	0.00917	0.04269	0.04157	0.01393	0.37699	0.02166	0.02291	0.10350	0.00738	0.00564	0.00173	0.00524	0.04654	0.00498	0.00781
10	0.01236	0.02554	0.69137	0.01461	0.02209	0.01192	0.01841	0.01809	0.01181	0.10840	0.01101	0.01216	0.00758	0.00528	0.00514	0.00170	0.00753	0.00414	0.00279	0.00808
11	0.01462	0.61877	0.12293	0.01034	0.01532	0.01957	0.01066	0.10511	0.01267	0.01572	0.00839	0.00947	0.00715	0.00488	0.00389	0.00127	0.00604	0.00324	0.00266	0.00729
12	0.24951	0.10036	0.01494	0.01299	0.08827	0.23492	0.00949	0.01869	0.10198	0.01767	0.00963	0.01112	0.00791	0.00585	0.00582	0.00162	0.09564	0.00382	0.00314	0.00663
13	0.00880	0.00652	0.00786	0.00823	0.00928	0.00661	0.00582	0.09919	0.07489	0.01676	0.02731	0.60074	0.05276	0.03914	0.00717	0.00216	0.00359	0.01290	0.00502	0.00524
14	0.02778	0.03648	0.01419	0.01412	0.16473	0.01076	0.01896	0.20018	0.01544	0.09575	0.09967	0.06102	0.01664	0.07067	0.00709	0.00185	0.00504	0.02785	0.00439	0.10738
15	0.09223	0.04866	0.10066	0.00959	0.01330	0.06365	0.00845	0.06018	0.10293	0.03301	0.07977	0.10628	0.03876	0.00728	0.00496	0.00149	0.00482	0.00591	0.00398	0.21408
16	0.09014	0.00773	0.00934	0.03525	0.07425	0.00767	0.00699	0.01361	0.10236	0.05941	0.10022	0.14719	0.21570	0.01044	0.00580	0.00180	0.00383	0.05357	0.00469	0.05000
17	0.08703	0.00982	0.01160	0.00903	0.01304	0.00892	0.00735	0.10001	0.03466	0.28429	0.01532	0.01718	0.01154	0.02994	0.00548	0.00151	0.00450	0.04357	0.00479	0.30042
18	0.21195	0.01039	0.01152	0.00970	0.03123	0.01056	0.02110	0.16527	0.05370	0.13721	0.01401	0.06339	0.01160	0.07305	0.00658	0.00184	0.00471	0.00515	0.00439	0.15265

[dist]
# distance from previous block
# <min> <max>
1	21

[block]
# block no. 9 follows, 45 sequences, length 48
# corresponding to MSA columns:
# 729-776
name=unknown_J
#
# <colnr> <probs for GDERKNQSTAVLIFYWHMCP>
#	G	D	E	R	K	N	Q	S	T	A	V	L	I	F	Y	W	H	M	C	P
0	0.01478	0.01169	0.08027	0.01520	0.18626	0.02157	0.02172	0.04952	0.08897	0.20382	0.13329	0.04486	0.01767	0.00687	0.00543	0.00161	0.00502	0.00596	0.00461	0.08086
1	0.01759	0.01138	0.01367	0.01152	0.04626	0.00955	0.00851	0.04540	0.03305	0.22697	0.10413	0.02080	0.01734	0.00770	0.00607	0.00179	0.00517	0.00573	0.00553	0.40185
2	0.01661	0.03124	0.18406	0.01123	0.01609	0.00948	0.05348	0.03718	0.03072	0.34054	0.04716	0.04863	0.01305	0.00635	0.00523	0.00156	0.00539	0.00534	0.00468	0.13198
3	0.01410	0.00909	0.01181	0.05732	0.05846	0.00795	0.00779	0.04682	0.01345	0.20814	0.12650	0.01950	0.03742	0.00635	0.00502	0.00134	0.00430	0.01748	0.00453	0.34265
4	0.07301	0.02949	0.02533	0.00960	0.01354	0.00877	0.04109	0.02051	0.07024	0.37489	0.04701	0.06208	0.01416	0.00661	0.00508	0.00152	0.00451	0.00551	0.00513	0.18192
5	0.01780	0.00882	0.01127	0.00891	0.01257	0.00781	0.00718	0.02132	0.08956	0.43525	0.14908	0.02090	0.01906	0.00697	0.00531	0.00152	0.00408	0.00580	0.00577	0.16101
6	0.01877	0.00886	0.01144	0.00905	0.01264	0.00796	0.00732	0.05242	0.06082	0.47938	0.16487	0.02162	0.01995	0.00723	0.00543	0.00158	0.00415	0.00602	0.00602	0.09446
7	0.03427	0.00740	0.00929	0.00799	0.01048	0.00694	0.00628	0.01719	0.08890	0.27244	0.37567	0.03105	0.09129	0.00924	0.00586	0.00170	0.00343	0.00789	0.00597	0.00672
8	0.01605	0.01184	0.01432	0.06332	0.01647	0.01187	0.03958	0.32974	0.04055	0.09296	0.05846	0.01487	0.01170	0.00589	0.00507	0.00141	0.00518	0.00479	0.00457	0.25135
9	0.01532	0.01206	0.01595	0.03059	0.03541	0.01375	0.07474	0.24957	0.10523	0.08665	0.06167	0.03364	0.01341	0.00775	0.00856	0.00188	0.19760	0.02425	0.00441	0.00756
10	0.01433	0.30641	0.05104	0.01347	0.04169	0.01654	0.13296	0.09689	0.11092	0.04442	0.01124	0.01273	0.00901	0.00658	0.02471	0.00175	0.09011	0.00452	0.00329	0.00741
11	0.01182	0.00982	0.01243	0.00891	0.01369	0.00758	0.05166	0.01432	0.01142	0.05276	0.01016	0.01166	0.00821	0.00413	0.00418	0.00090	0.00431	0.00347	0.00331	0.75527
12	0.00757	0.00551	0.00657	0.00640	0.00789	0.00488	0.00476	0.00944	0.01349	0.04472	0.38045	0.12677	0.33698	0.01250	0.00636	0.00179	0.00274	0.01080	0.00547	0.00492
13	0.26147	0.05121	0.11123	0.01103	0.01527	0.01383	0.04038	0.19289	0.18626	0.04710	0.01283	0.01312	0.00949	0.00588	0.00470	0.00167	0.00535	0.00442	0.00418	0.00767
14	0.00981	0.00584	0.00743	0.00741	0.00885	0.00528	0.00540	0.01155	0.02610	0.14624	0.16451	0.39046	0.16370	0.01331	0.00640	0.00193	0.00321	0.01174	0.00544	0.00540
15	0.01400	0.00936	0.01111	0.05739	0.04822	0.06024	0.00779	0.09152	0.04015	0.19377	0.31823	0.06173	0.04630	0.00875	0.00581	0.00169	0.00436	0.00746	0.00537	0.00676
16	0.00772	0.00548	0.00687	0.00682	0.00813	0.00497	0.00508	0.00970	0.01357	0.04322	0.43113	0.17878	0.20188	0.01260	0.00644	0.00184	0.00285	0.04244	0.00553	0.00495
17	0.01143	0.02501	0.65365	0.01448	0.02160	0.01249	0.01789	0.06699	0.05794	0.01864	0.04241	0.01316	0.00935	0.00557	0.00519	0.00170	0.00735	0.00439	0.00282	0.00793
18	0.01077	0.02777	0.78354	0.01530	0.02323	0.01247	0.01983	0.01700	0.01133	0.01700	0.00963	0.01133	0.00680	0.00510	0.00510	0.00170	0.00793	0.00397	0.00227	0.00793
19	0.01271	0.01276	0.05491	0.05845	0.59167	0.01231	0.01509	0.01721	0.08744	0.01809	0.05723	0.01552	0.01169	0.00544	0.00538	0.00163	0.00604	0.00517	0.00310	0.00817
20	0.00702	0.00535	0.00655	0.00695	0.00814	0.00488	0.00522	0.00870	0.01233	0.01606	0.20791	0.24945	0.29625	0.01463	0.02482	0.00213	0.00335	0.11045	0.00514	0.00467
21	0.01688	0.01319	0.01389	0.01146	0.01504	0.03147	0.00919	0.37392	0.34972	0.04693	0.04825	0.01720	0.01407	0.00698	0.00544	0.00170	0.00509	0.00556	0.00541	0.00862
22	0.00998	0.00586	0.00743	0.00678	0.00842	0.00539	0.00518	0.01242	0.01450	0.11495	0.53969	0.03455	0.06201	0.00977	0.00581	0.00162	0.00278	0.00848	0.13885	0.00554
23	0.01433	0.01072	0.01666	0.01384	0.05131	0.01088	0.18264	0.13193	0.06292	0.14817	0.13764	0.09581	0.01939	0.00804	0.00672	0.00181	0.05706	0.01818	0.00469	0.00724
24	0.00713	0.00515	0.00672	0.00772	0.00839	0.00487	0.00564	0.00844	0.01091	0.01433	0.05300	0.49386	0.09914	0.06892	0.00829	0.00240	0.00362	0.18212	0.00489	0.00446
25	0.01669	0.06965	0.01465	0.01168	0.01486	0.23987	0.00917	0.19637	0.27834	0.02104	0.01455	0.01549	0.01148	0.05476	0.00644	0.00180	0.00637	0.00491	0.00431	0.00756
26	0.01166	0.01032	0.01785	0.58613	0.12871	0.01190	0.07519	0.01517	0.01139	0.06511	0.01049	0.01446	0.00781	0.00531	0.00544	0.00176	0.00704	0.00494	0.00273	0.00660
27	0.01269	0.44916	0.37896	0.01202	0.01817	0.01717	0.01413	0.01650	0.01110	0.01466	0.00847	0.00988	0.00685	0.00483	0.00421	0.00140	0.00676	0.00338	0.00228	0.00737
28	0.84927	0.01038	0.00789	0.00706	0.01038	0.01204	0.00581	0.01578	0.00914	0.02408	0.00747	0.00872	0.00581	0.00498	0.00332	0.00166	0.00415	0.00291	0.00332	0.00581
29	0.13152	0.01164	0.08745	0.01001	0.01389	0.02948	0.00884	0.04731	0.10501	0.38248	0.03488	0.05480	0.01428	0.00721	0.00525	0.00173	0.00488	0.03610	0.00531	0.00793
30	0.00699	0.00526	0.00651	0.00681	0.00791	0.00474	0.00491	0.00865	0.01252	0.01673	0.29320	0.32749	0.21796	0.01375	0.00651	0.00190	0.00288	0.03068	0.00527	0.01933
31	0.01115	0.05653	0.58038	0.06241	0.02308	0.01316	0.06688	0.01688	0.03588	0.01654	0.00985	0.01192	0.00724	0.00542	0.00598	0.00174	0.06071	0.00424	0.00241	0.00761
32	0.01637	0.01328	0.02092	0.01678	0.07061	0.01350	0.27917	0.26563	0.08297	0.10884	0.01438	0.04777	0.01093	0.00617	0.00579	0.00173	0.00666	0.00597	0.00437	0.00815
33	0.00920	0.00555	0.00676	0.00710	0.00798	0.00537	0.00496	0.03653	0.01102	0.06564	0.02380	0.40712	0.02576	0.14390	0.00944	0.00244	0.00359	0.03943	0.17961	0.00482
34	0.01127	0.13831	0.67741	0.01444	0.02190	0.01370	0.01834	0.01687	0.01127	0.01639	0.00933	0.01095	0.00681	0.00503	0.00487	0.00162	0.00763	0.00381	0.00227	0.00779
35	0.00733	0.00540	0.00686	0.00666	0.00790	0.00493	0.00493	0.00956	0.01433	0.01986	0.60991	0.11727	0.14134	0.01188	0.00638	0.00175	0.00261	0.01046	0.00570	0.00493
36	0.01329	0.01275	0.02179	0.03295	0.77787	0.01275	0.01647	0.01647	0.01222	0.01754	0.01010	0.01329	0.00850	0.00478	0.00531	0.00159	0.00638	0.00478	0.00266	0.00850
37	0.84927	0.01038	0.00789	0.00706	0.01038	0.01204	0.00581	0.01578	0.00914	0.02408	0.00747	0.00872	0.00581	0.00498	0.00332	0.00166	0.00415	0.00291	0.00332	0.00581
38	0.01609	0.06119	0.01430	0.01107	0.01458	0.04019	0.00899	0.34027	0.29986	0.02579	0.01852	0.01874	0.05392	0.00723	0.00534	0.00168	0.00513	0.02537	0.02352	0.00821
39	0.00687	0.00499	0.00650	0.00758	0.00818	0.00467	0.00539	0.00805	0.01072	0.01405	0.03160	0.59770	0.10992	0.03763	0.00744	0.00227	0.00340	0.12366	0.00493	0.00444
40	0.01312	0.01097	0.01264	0.01076	0.01331	0.05698	0.05774	0.18761	0.20217	0.02062	0.06143	0.02075	0.01546	0.11609	0.15797	0.00346	0.00719	0.00601	0.01895	0.00678
41	0.00695	0.00504	0.00662	0.00716	0.00791	0.00471	0.00503	0.00852	0.01209	0.01652	0.29880	0.46642	0.07647	0.01538	0.03430	0.00221	0.00328	0.01273	0.00524	0.00464
42	0.01535	0.01148	0.01333	0.04852	0.06106	0.01269	0.00931	0.17079	0.40527	0.10840	0.01923	0.07031	0.01497	0.00744	0.00552	0.00177	0.00480	0.00622	0.00523	0.00830
43	0.10111	0.00791	0.00994	0.00817	0.01119	0.00728	0.00657	0.01946	0.01441	0.42986	0.24258	0.02389	0.02362	0.00773	0.00536	0.00164	0.00379	0.00640	0.06178	0.00732
44	0.01918	0.02306	0.01508	0.01356	0.01614	0.65470	0.01032	0.02114	0.04553	0.04545	0.00928	0.01065	0.00758	0.00600	0.00606	0.00150	0.08161	0.00376	0.00300	0.00641
45	0.01476	0.44957	0.10739	0.01054	0.01513	0.01759	0.01027	0.08831	0.16868	0.05263	0.01181	0.01211	0.00934	0.00547	0.00431	0.00142	0.00564	0.00395	0.00343	0.00765
46	0.01274	0.21361	0.25095	0.01088	0.01651	0.01250	0.02310	0.01636	0.02405	0.06721	0.01006	0.01125	0.00784	0.00471	0.00434	0.00125	0.00574	0.00359	0.00295	0.30037
47	0.09102	0.11981	0.12445	0.01035	0.01480	0.02270	0.00974	0.12934	0.01509	0.32232	0.07537	0.01599	0.01314	0.00631	0.00498	0.00159	0.00527	0.00487	0.00485	0.00801

[dist]
# distance from previous block
# <min> <max>
0	1

[block]
# block no. 10 follows, 45 sequences, length 11
# corresponding to MSA columns:
# 778-788
name=unknown_K
#
# <colnr> <probs for GDERKNQSTAVLIFYWHMCP>
#	G	D	E	R	K	N	Q	S	T	A	V	L	I	F	Y	W	H	M	C	P
0	0.13794	0.01166	0.01284	0.06274	0.01552	0.05717	0.00870	0.15673	0.10567	0.35173	0.01628	0.01538	0.01106	0.00630	0.00507	0.00166	0.00519	0.00487	0.00529	0.00820
1	0.09709	0.00908	0.01093	0.11093	0.08875	0.06104	0.00843	0.01533	0.01225	0.15008	0.06154	0.12942	0.03130	0.00843	0.00534	0.00174	0.00477	0.06596	0.12133	0.00625
