[name]
unknown

[dist]
# distance from previous block
# <min> <max>
2	217

[block]
# block no. 0 follows, 40 sequences, length 13
# corresponding to MSA columns:
# 258-270
name=unknown_A
#
# <colnr> <probs for GDERKNQSTAVLIFYWHMCP>
#	G	D	E	R	K	N	Q	S	T	A	V	L	I	F	Y	W	H	M	C	P
0	0.08150	0.01379	0.01908	0.08828	0.33273	0.10545	0.08138	0.01749	0.01307	0.05813	0.01358	0.09462	0.01232	0.03554	0.00667	0.00196	0.00698	0.00632	0.00345	0.00768
1	0.01700	0.13676	0.06160	0.01887	0.19976	0.09239	0.06569	0.20294	0.01732	0.04893	0.07217	0.01564	0.01271	0.00631	0.00557	0.00167	0.00693	0.00526	0.00400	0.00845
2	0.01251	0.00728	0.00959	0.08748	0.01342	0.00680	0.00731	0.01455	0.01386	0.20593	0.10047	0.17543	0.24495	0.01238	0.00669	0.00203	0.00418	0.06310	0.00565	0.00638
3	0.05769	0.01926	0.31772	0.01411	0.02028	0.01242	0.06639	0.09620	0.04609	0.26898	0.01550	0.01546	0.01045	0.00628	0.00568	0.00183	0.00688	0.00513	0.00461	0.00902
4	0.02026	0.09023	0.01976	0.01605	0.11717	0.01267	0.11658	0.08213	0.06195	0.35999	0.03248	0.01756	0.01287	0.00649	0.00580	0.00177	0.00610	0.00573	0.00532	0.00913
5	0.01361	0.01305	0.02256	0.13887	0.20079	0.01309	0.23269	0.07617	0.04996	0.02026	0.06632	0.01715	0.01261	0.00587	0.00604	0.00176	0.00719	0.00597	0.00355	0.09247
6	0.01114	0.00681	0.00958	0.01115	0.08409	0.00630	0.00715	0.01263	0.01238	0.14673	0.02930	0.55325	0.05655	0.01487	0.00696	0.00219	0.00399	0.01338	0.00546	0.00608
7	0.02070	0.04327	0.11220	0.01324	0.05064	0.01148	0.04930	0.12019	0.01657	0.39332	0.01716	0.01640	0.01151	0.00636	0.00561	0.00169	0.00594	0.00524	0.00543	0.09374
8	0.09871	0.09344	0.02033	0.02125	0.31116	0.01387	0.06191	0.09787	0.01508	0.15227	0.04890	0.01578	0.01191	0.00604	0.00549	0.00172	0.00619	0.00526	0.00416	0.00866
9	0.00978	0.00945	0.12452	0.00950	0.01150	0.00653	0.00806	0.01173	0.01166	0.08945	0.02680	0.53958	0.03000	0.07216	0.00860	0.00247	0.00450	0.01299	0.00499	0.00575
10	0.08120	0.14406	0.17593	0.04484	0.06470	0.07104	0.16404	0.02057	0.14199	0.01896	0.01239	0.01405	0.00955	0.00574	0.00543	0.00176	0.00744	0.00499	0.00333	0.00800
11	0.71731	0.06891	0.01052	0.00801	0.01178	0.01345	0.00673	0.01794	0.01053	0.07902	0.00918	0.01019	0.00697	0.00550	0.00377	0.00176	0.00466	0.00334	0.00378	0.00665
12	0.01697	0.19981	0.06348	0.01227	0.07580	0.03707	0.00996	0.01958	0.01343	0.20870	0.01305	0.01355	0.00976	0.00541	0.00479	0.00134	0.00560	0.00418	0.00406	0.28119

[dist]
# distance from previous block
# <min> <max>
0	1

[block]
# block no. 1 follows, 40 sequences, length 8
# corresponding to MSA columns:
# 272-279
name=unknown_B
#
# <colnr> <probs for GDERKNQSTAVLIFYWHMCP>
#	G	D	E	R	K	N	Q	S	T	A	V	L	I	F	Y	W	H	M	C	P
0	0.01157	0.15618	0.01246	0.00844	0.00976	0.05528	0.00641	0.01087	0.01020	0.01293	0.11723	0.01938	0.01590	0.01527	0.01579	0.50443	0.00527	0.00539	0.00311	0.00414
1	0.09883	0.38481	0.07010	0.01128	0.01591	0.07307	0.01055	0.12768	0.01471	0.09637	0.01071	0.01153	0.00843	0.00587	0.00510	0.00154	0.03802	0.00392	0.00362	0.00794
2	0.10602	0.06689	0.01728	0.01271	0.01713	0.08544	0.01051	0.55461	0.02357	0.03208	0.01253	0.01289	0.00915	0.00660	0.00540	0.00170	0.00656	0.00475	0.00512	0.00908
3	0.01639	0.49179	0.05532	0.01116	0.01589	0.02003	0.01056	0.16970	0.08796	0.01989	0.01193	0.01407	0.01011	0.00618	0.00464	0.00151	0.00616	0.03497	0.00365	0.00810
4	0.01722	0.34956	0.15167	0.01259	0.01784	0.09372	0.01234	0.21413	0.04371	0.02116	0.01074	0.01166	0.00848	0.00582	0.00483	0.00153	0.00704	0.00408	0.00356	0.00831
5	0.01688	0.31400	0.17679	0.08129	0.01998	0.01754	0.01299	0.17867	0.01584	0.09751	0.01161	0.01260	0.00872	0.00584	0.00497	0.00160	0.00676	0.00429	0.00372	0.00840
6	0.04188	0.27137	0.12316	0.01131	0.01640	0.04314	0.01088	0.10520	0.03790	0.10816	0.01271	0.01335	0.02303	0.00588	0.00505	0.00148	0.02132	0.00425	0.00381	0.13972
7	0.04684	0.16759	0.18651	0.04523	0.14259	0.01370	0.03688	0.01662	0.01233	0.03099	0.02550	0.03150	0.02674	0.00613	0.00547	0.00159	0.02496	0.02338	0.00313	0.15231

[dist]
# distance from previous block
# <min> <max>
22	61

[block]
# block no. 2 follows, 40 sequences, length 75
# corresponding to MSA columns:
# 367-441
name=unknown_C
#
# <colnr> <probs for GDERKNQSTAVLIFYWHMCP>
#	G	D	E	R	K	N	Q	S	T	A	V	L	I	F	Y	W	H	M	C	P
0	0.10870	0.06197	0.03343	0.10921	0.23060	0.01376	0.01267	0.06097	0.04990	0.11714	0.01238	0.01434	0.00951	0.00619	0.00658	0.00178	0.07996	0.00484	0.00378	0.06228
1	0.07076	0.04016	0.08720	0.01459	0.13572	0.01107	0.01081	0.01922	0.06277	0.17437	0.05551	0.04976	0.01399	0.00683	0.00606	0.00165	0.04570	0.00553	0.00438	0.18393
2	0.09458	0.01385	0.05303	0.08436	0.21124	0.04250	0.09611	0.05101	0.05805	0.13580	0.01331	0.01493	0.00990	0.00573	0.00553	0.00171	0.00657	0.00509	0.00395	0.09274
3	0.07147	0.04116	0.10677	0.03340	0.02878	0.17263	0.06209	0.10216	0.08678	0.09258	0.06020	0.05459	0.01398	0.00709	0.00562	0.00174	0.00690	0.00572	0.00430	0.04206
4	0.04678	0.08493	0.12552	0.05229	0.17093	0.01376	0.10580	0.06954	0.09871	0.04936	0.04426	0.01866	0.05065	0.00662	0.00573	0.00178	0.00657	0.01634	0.00385	0.02790
5	0.05208	0.04467	0.09459	0.01371	0.08796	0.01138	0.04979	0.05155	0.09575	0.08223	0.02538	0.01664	0.01164	0.00596	0.00522	0.00149	0.00559	0.03227	0.00404	0.30805
6	0.06351	0.01605	0.01648	0.01293	0.01735	0.05357	0.01058	0.58887	0.07616	0.06437	0.01448	0.01435	0.01033	0.00692	0.00568	0.00175	0.00631	0.00518	0.00563	0.00951
7	0.09507	0.01812	0.01517	0.09027	0.01883	0.27949	0.01068	0.16383	0.17985	0.05177	0.01382	0.01443	0.01042	0.00658	0.00543	0.00174	0.00733	0.00484	0.00438	0.00796
8	0.00919	0.00702	0.00856	0.00799	0.00970	0.00693	0.00604	0.01411	0.13672	0.02309	0.59969	0.04051	0.08515	0.01138	0.00670	0.00186	0.00306	0.00996	0.00627	0.00607
9	0.00711	0.00584	0.00626	0.00628	0.00803	0.00499	0.00466	0.00875	0.01362	0.01688	0.16982	0.10707	0.59149	0.01452	0.00691	0.00197	0.00294	0.01230	0.00556	0.00499
10	0.00832	0.00616	0.00901	0.00901	0.00993	0.00709	0.00685	0.01017	0.00925	0.01325	0.01589	0.02456	0.01528	0.12824	0.68898	0.00893	0.01446	0.00648	0.00316	0.00500
11	0.00715	0.00548	0.00659	0.00736	0.00839	0.00491	0.00521	0.00848	0.01224	0.01563	0.07205	0.45701	0.30497	0.01657	0.00722	0.00221	0.00327	0.04499	0.00544	0.00485
12	0.83671	0.01125	0.00855	0.00765	0.01125	0.01305	0.00630	0.01709	0.00990	0.02609	0.00810	0.00945	0.00630	0.00540	0.00360	0.00180	0.00450	0.00315	0.00360	0.00630
13	0.01198	0.01170	0.01765	0.34348	0.02588	0.01572	0.01419	0.01436	0.01007	0.01436	0.00879	0.01391	0.00768	0.00831	0.01340	0.00228	0.45212	0.00512	0.00256	0.00640
14	0.00713	0.00558	0.00646	0.00693	0.00819	0.00491	0.00493	0.00859	0.01284	0.01635	0.13768	0.33905	0.38925	0.01572	0.00708	0.00210	0.00309	0.01370	0.00553	0.00491
15	0.01206	0.01034	0.01206	0.00861	0.01378	0.00775	0.00689	0.01464	0.01206	0.01895	0.01034	0.01206	0.00861	0.00431	0.00431	0.00086	0.00431	0.00345	0.00345	0.83118
16	0.01347	0.03863	0.01714	0.05424	0.04820	0.01544	0.01176	0.04817	0.01120	0.04523	0.04235	0.01444	0.01028	0.00866	0.01385	0.00213	0.48950	0.00511	0.00317	0.10704
17	0.62212	0.01295	0.01033	0.00917	0.01254	0.08703	0.00741	0.01898	0.06268	0.05592	0.00989	0.01102	0.00764	0.00596	0.00482	0.00182	0.04555	0.00366	0.00380	0.00670
18	0.00846	0.00564	0.00634	0.00634	0.00634	0.00564	0.00352	0.00846	0.00846	0.01128	0.01832	0.03805	0.02114	0.79563	0.02960	0.00564	0.00564	0.00846	0.00352	0.00352
19	0.00930	0.01195	0.17905	0.01138	0.01426	0.00876	0.04788	0.01239	0.01047	0.01508	0.04165	0.04848	0.01545	0.09278	0.44696	0.00647	0.01202	0.00652	0.00319	0.00595
20	0.01166	0.03008	0.76550	0.01657	0.02517	0.01351	0.02149	0.01842	0.01228	0.01842	0.01044	0.01228	0.00737	0.00552	0.00552	0.00184	0.00859	0.00430	0.00246	0.00859
21	0.01408	0.11434	0.17756	0.02196	0.27843	0.01453	0.08458	0.04361	0.01313	0.03465	0.01069	0.01320	0.00856	0.00547	0.00609	0.00166	0.04741	0.00472	0.00299	0.10235
22	0.01515	0.01891	0.24248	0.01990	0.02634	0.01335	0.41174	0.02015	0.01378	0.14013	0.01320	0.01537	0.00931	0.00546	0.00631	0.00190	0.00866	0.00595	0.00350	0.00840
23	0.00845	0.00621	0.00820	0.00930	0.01055	0.00596	0.00766	0.01056	0.01290	0.01657	0.03612	0.21390	0.16493	0.01627	0.00770	0.00248	0.00451	0.44721	0.00537	0.00514
24	0.04366	0.01068	0.01498	0.27788	0.08145	0.05004	0.04801	0.03737	0.07172	0.01734	0.01727	0.11803	0.01655	0.00975	0.00716	0.04458	0.00647	0.11674	0.00382	0.00649
25	0.58387	0.01139	0.01056	0.00990	0.05047	0.01269	0.00752	0.06923	0.04406	0.09457	0.04947	0.01326	0.01046	0.00611	0.00434	0.00180	0.00471	0.00418	0.00430	0.00712
26	0.00839	0.00561	0.00636	0.00643	0.00645	0.00559	0.00362	0.00844	0.00860	0.01146	0.01903	0.07711	0.02204	0.75535	0.02845	0.00547	0.00552	0.00888	0.00362	0.00359
27	0.00798	0.00544	0.00648	0.00695	0.00706	0.00532	0.00417	0.00833	0.00938	0.01251	0.02306	0.29833	0.02712	0.52719	0.02194	0.00451	0.00486	0.01124	0.00417	0.00394
28	0.13282	0.01561	0.03546	0.02135	0.28207	0.07569	0.06192	0.23007	0.01731	0.05568	0.01181	0.01353	0.00901	0.00588	0.00550	0.00175	0.00686	0.00492	0.00402	0.00873
29	0.01373	0.01569	0.03431	0.02451	0.03039	0.01471	0.73824	0.01863	0.01373	0.01863	0.01176	0.01569	0.00882	0.00490	0.00686	0.00196	0.00980	0.00686	0.00294	0.00784
30	0.00846	0.00564	0.00634	0.00634	0.00634	0.00564	0.00352	0.00846	0.00846	0.01128	0.01832	0.03805	0.02114	0.79563	0.02960	0.00564	0.00564	0.00846	0.00352	0.00352
31	0.83671	0.01125	0.00855	0.00765	0.01125	0.01305	0.00630	0.01709	0.00990	0.02609	0.00810	0.00945	0.00630	0.00540	0.00360	0.00180	0.00450	0.00315	0.00360	0.00630
32	0.06172	0.17448	0.12583	0.04582	0.10888	0.01354	0.01158	0.05447	0.02970	0.07482	0.12031	0.01894	0.04474	0.00694	0.00565	0.00165	0.02595	0.00551	0.00394	0.06553
33	0.00800	0.00591	0.00746	0.00712	0.00855	0.00538	0.00532	0.01050	0.01585	0.02196	0.63277	0.06327	0.16137	0.01247	0.00687	0.00186	0.00279	0.01093	0.00622	0.00538
34	0.01186	0.01051	0.01487	0.18996	0.19177	0.01149	0.01173	0.03360	0.20198	0.01880	0.02212	0.15504	0.08348	0.00918	0.00620	0.00197	0.00553	0.00814	0.00432	0.00744
35	0.04425	0.01343	0.05147	0.45455	0.03102	0.07233	0.06567	0.01584	0.01157	0.01550	0.00972	0.01421	0.00771	0.00660	0.00836	0.00202	0.16142	0.00505	0.00267	0.00665
36	0.00757	0.00542	0.00691	0.00753	0.00838	0.00500	0.00527	0.00921	0.01296	0.01773	0.24757	0.46478	0.11285	0.01550	0.00705	0.00212	0.00312	0.01385	0.04218	0.00500
37	0.01180	0.01123	0.01861	0.56161	0.16909	0.01362	0.01609	0.01531	0.01163	0.01552	0.01015	0.01500	0.00801	0.00617	0.00725	0.00197	0.09220	0.00516	0.00263	0.00695
38	0.00738	0.00540	0.00694	0.00764	0.00844	0.00495	0.00532	0.00892	0.01284	0.01728	0.23543	0.50441	0.12139	0.01609	0.00721	0.00217	0.00315	0.01440	0.00568	0.00495
39	0.02128	0.01474	0.01602	0.01240	0.01677	0.01599	0.01021	0.60804	0.02503	0.10252	0.01708	0.01678	0.04485	0.00735	0.00579	0.00174	0.00594	0.00562	0.04240	0.00946
40	0.01098	0.01034	0.01744	0.78165	0.04005	0.01292	0.01615	0.01486	0.01163	0.01486	0.01034	0.01550	0.00775	0.00581	0.00581	0.00194	0.00775	0.00517	0.00258	0.00646
41	0.02212	0.02106	0.01684	0.01395	0.01786	0.35172	0.01102	0.38977	0.02204	0.06010	0.01217	0.01269	0.00903	0.00655	0.00556	0.00164	0.00814	0.00460	0.00463	0.00850
42	0.01421	0.01374	0.02378	0.06948	0.69494	0.01381	0.04877	0.01774	0.01319	0.01879	0.01095	0.01450	0.00913	0.00520	0.00581	0.00175	0.00707	0.00525	0.00287	0.00903
43	0.01321	0.01258	0.02120	0.29348	0.49085	0.01352	0.01703	0.01715	0.03178	0.01770	0.01106	0.01497	0.00893	0.00547	0.00578	0.00181	0.00714	0.00521	0.00286	0.00826
44	0.01676	0.01363	0.01444	0.01230	0.01600	0.01554	0.00976	0.24381	0.53221	0.02803	0.02075	0.01937	0.01539	0.00762	0.00589	0.00190	0.00514	0.00617	0.00589	0.00941
45	0.76577	0.01113	0.00898	0.00788	0.01156	0.01265	0.00649	0.01808	0.01049	0.09061	0.00940	0.01035	0.00701	0.00556	0.00380	0.00180	0.00454	0.00339	0.00391	0.00661
46	0.13285	0.01712	0.01697	0.12405	0.21265	0.26641	0.01260	0.02047	0.01407	0.11333	0.01135	0.01324	0.00869	0.00583	0.00530	0.00170	0.00763	0.00450	0.00353	0.00769
47	0.06150	0.01403	0.01515	0.01161	0.01613	0.01470	0.00952	0.49247	0.02220	0.06205	0.01357	0.01399	0.00990	0.00637	0.00532	0.00156	0.00564	0.00481	0.04756	0.17194
48	0.01392	0.01334	0.02276	0.13810	0.66061	0.01369	0.01761	0.01744	0.01302	0.01843	0.01086	0.01455	0.00901	0.00527	0.00576	0.00176	0.00702	0.00518	0.00284	0.00883
49	0.47169	0.01190	0.01265	0.01102	0.01303	0.01516	0.00914	0.01572	0.00946	0.02073	0.00789	0.01090	0.00689	0.00752	0.01046	0.00213	0.35024	0.00401	0.00313	0.00633
50	0.00831	0.00621	0.00926	0.00926	0.01026	0.00722	0.00716	0.01033	0.00932	0.01343	0.01566	0.02331	0.01474	0.06635	0.75013	0.00923	0.01528	0.00630	0.00313	0.00514
51	0.16821	0.01013	0.01263	0.00987	0.01421	0.00934	0.00815	0.02637	0.01546	0.63412	0.02034	0.01798	0.01298	0.00688	0.00545	0.00180	0.00487	0.00537	0.00657	0.00927
52	0.00845	0.00567	0.00650	0.00650	0.00655	0.00572	0.00372	0.00856	0.00850	0.01139	0.01818	0.03727	0.02080	0.75696	0.06780	0.00583	0.00615	0.00834	0.00350	0.00361
53	0.00771	0.00584	0.00710	0.00696	0.00841	0.00524	0.00516	0.00990	0.01497	0.02019	0.47434	0.12074	0.26550	0.01337	0.00692	0.00192	0.00287	0.01164	0.00600	0.00524
54	0.01301	0.02358	0.44218	0.02079	0.10626	0.01408	0.22588	0.05042	0.01347	0.01935	0.01103	0.01356	0.00810	0.00537	0.00595	0.00186	0.00866	0.00517	0.00279	0.00850
55	0.00850	0.00569	0.00650	0.00657	0.00664	0.00569	0.00382	0.00864	0.00871	0.01159	0.01896	0.03947	0.02177	0.75564	0.02849	0.00549	0.00562	0.04497	0.00362	0.00362
56	0.05765	0.14308	0.32497	0.07788	0.02222	0.01426	0.07408	0.04920	0.01354	0.13054	0.03171	0.01423	0.00989	0.00588	0.00537	0.00175	0.00724	0.00477	0.00353	0.00823
57	0.01391	0.27472	0.39463	0.05376	0.02217	0.04835	0.04285	0.05522	0.01310	0.01748	0.00985	0.01163	0.00761	0.00543	0.00502	0.00164	0.00780	0.00408	0.00269	0.00808
58	0.04446	0.01142	0.01359	0.01096	0.04660	0.01028	0.00842	0.16136	0.01614	0.16436	0.04649	0.01531	0.01196	0.00580	0.00505	0.00133	0.00489	0.00464	0.00474	0.41219
59	0.01305	0.16750	0.54239	0.01577	0.02331	0.01554	0.06920	0.05564	0.01308	0.01852	0.01029	0.01207	0.00762	0.00546	0.00531	0.00174	0.00814	0.00431	0.00267	0.00840
60	0.00906	0.00688	0.00846	0.00790	0.00957	0.00674	0.00597	0.01371	0.12075	0.02315	0.62338	0.04085	0.07823	0.01143	0.00673	0.00185	0.00302	0.01003	0.00629	0.00599
61	0.02609	0.00990	0.01350	0.01035	0.01484	0.00855	0.00855	0.02834	0.01664	0.76338	0.02294	0.01979	0.01439	0.00720	0.00585	0.00180	0.00495	0.00585	0.00720	0.00990
62	0.08072	0.01451	0.05897	0.14945	0.04750	0.05208	0.25662	0.05530	0.05240	0.15423	0.01374	0.01566	0.00983	0.00586	0.00596	0.00187	0.00761	0.00566	0.00397	0.00805
63	0.00729	0.00591	0.00647	0.00633	0.00811	0.00509	0.00475	0.00916	0.01425	0.01807	0.27486	0.05209	0.53958	0.01385	0.00687	0.00192	0.00288	0.01173	0.00571	0.00509
64	0.00949	0.00622	0.00818	0.00753	0.00912	0.00570	0.00570	0.01220	0.01647	0.07544	0.70464	0.04177	0.05202	0.01156	0.00679	0.00183	0.00290	0.01019	0.00646	0.00580
65	0.02594	0.01014	0.01365	0.01046	0.01497	0.00891	0.00864	0.05581	0.01706	0.73533	0.02260	0.01957	0.01422	0.00719	0.00585	0.00180	0.00500	0.00582	0.00714	0.00990
66	0.04339	0.26299	0.24323	0.03169	0.01908	0.15079	0.01373	0.03512	0.04688	0.04415	0.01036	0.01180	0.00820	0.00590	0.00565	0.00164	0.05059	0.00404	0.00301	0.00777
67	0.01509	0.01250	0.01327	0.01182	0.01519	0.01434	0.00923	0.04922	0.70324	0.05177	0.02339	0.02143	0.01742	0.00784	0.00591	0.00196	0.00466	0.00651	0.00596	0.00925
68	0.00903	0.00645	0.00898	0.01032	0.01152	0.00640	0.00878	0.01147	0.01305	0.01703	0.03098	0.17270	0.03420	0.01638	0.00794	0.00263	0.00506	0.61643	0.00536	0.00526
69	0.02029	0.17051	0.02035	0.01393	0.01801	0.33216	0.04605	0.26938	0.01921	0.02208	0.01067	0.01172	0.00838	0.00609	0.00523	0.00156	0.00823	0.00429	0.00387	0.00802
70	0.58826	0.03636	0.04706	0.07204	0.07215	0.01354	0.06178	0.01716	0.01073	0.02341	0.00886	0.01087	0.00690	0.00537	0.00426	0.00180	0.00556	0.00378	0.00333	0.00678
71	0.00831	0.00623	0.00935	0.00935	0.01038	0.00727	0.00727	0.01038	0.00935	0.01350	0.01558	0.02285	0.01454	0.04361	0.77259	0.00935	0.01558	0.00623	0.00312	0.00519
72	0.00927	0.00759	0.01140	0.32712	0.02139	0.00867	0.00977	0.01154	0.01088	0.01440	0.01967	0.15998	0.05589	0.15499	0.09860	0.00354	0.00702	0.03448	0.02850	0.00533
73	0.00727	0.00520	0.00696	0.00831	0.00873	0.00489	0.00573	0.00842	0.01132	0.01506	0.03195	0.73182	0.03805	0.01804	0.00747	0.00239	0.00354	0.07468	0.00539	0.00478
74	0.12198	0.10359	0.01037	0.00782	0.00908	0.00931	0.00571	0.01127	0.00963	0.01441	0.01683	0.06491	0.01851	0.43949	0.04484	0.00420	0.03437	0.06535	0.00359	0.00474

[dist]
# distance from previous block
# <min> <max>
0	1

[block]
# block no. 3 follows, 40 sequences, length 13
# corresponding to MSA columns:
# 443-455
name=unknown_D
#
# <colnr> <probs for GDERKNQSTAVLIFYWHMCP>
#	G	D	E	R	K	N	Q	S	T	A	V	L	I	F	Y	W	H	M	C	P
0	0.25096	0.43722	0.09853	0.01103	0.01605	0.01857	0.06400	0.01751	0.01145	0.01809	0.00860	0.01013	0.00722	0.00515	0.00411	0.00152	0.00623	0.00352	0.00284	0.00727
1	0.01301	0.01258	0.02032	0.22800	0.35605	0.01472	0.01593	0.01595	0.01158	0.01647	0.00984	0.01421	0.00837	0.00677	0.00957	0.00202	0.22908	0.00515	0.00271	0.00767
2	0.01267	0.01136	0.01735	0.20454	0.08193	0.01247	0.11662	0.07221	0.18322	0.02060	0.11873	0.02128	0.01765	0.01025	0.07112	0.00253	0.00712	0.00658	0.00424	0.00752
3	0.00720	0.00519	0.00684	0.00812	0.00860	0.00484	0.00556	0.00832	0.01136	0.01502	0.03337	0.71548	0.07514	0.01792	0.00743	0.00236	0.00346	0.05363	0.00540	0.00477
4	0.01383	0.01005	0.01170	0.01085	0.05246	0.03687	0.00796	0.16977	0.05731	0.08998	0.39339	0.03179	0.07021	0.00978	0.00638	0.00181	0.00433	0.00833	0.00596	0.00723
5	0.01326	0.00677	0.00735	0.00667	0.00863	0.00673	0.00517	0.07037	0.01406	0.10522	0.05649	0.02199	0.01650	0.00710	0.00454	0.00146	0.00324	0.00571	0.63250	0.00626
6	0.03664	0.01413	0.05711	0.06847	0.08065	0.04300	0.01336	0.05476	0.01125	0.04778	0.00929	0.01322	0.00813	0.00864	0.01416	0.00227	0.50208	0.00500	0.00299	0.00708
7	0.00789	0.00577	0.00724	0.00717	0.00834	0.00530	0.00517	0.00996	0.01452	0.01995	0.48706	0.16288	0.14230	0.07969	0.00888	0.00225	0.00312	0.01152	0.00587	0.00512
8	0.00929	0.00609	0.00760	0.00744	0.00900	0.00545	0.00549	0.01126	0.01441	0.08840	0.34267	0.22537	0.21831	0.01368	0.00690	0.00199	0.00315	0.01197	0.00599	0.00557
9	0.01439	0.01200	0.07039	0.01133	0.06534	0.00873	0.00900	0.01730	0.01288	0.13589	0.01237	0.01345	0.00947	0.00491	0.00474	0.00114	0.00491	0.00401	0.00392	0.58384
10	0.08216	0.01229	0.10636	0.01139	0.03474	0.02781	0.04646	0.05535	0.06442	0.05766	0.11078	0.14107	0.02070	0.06238	0.00788	0.02418	0.00530	0.00752	0.00444	0.11713
11	0.01644	0.25056	0.15833	0.01581	0.11075	0.05813	0.01349	0.11419	0.01444	0.08187	0.01090	0.01249	0.00860	0.00625	0.00675	0.00170	0.10330	0.00438	0.00341	0.00824
12	0.01701	0.13982	0.07136	0.08043	0.22979	0.01389	0.04891	0.07448	0.01459	0.19095	0.01452	0.05430	0.01141	0.00647	0.00558	0.00174	0.00645	0.00561	0.00412	0.00858

[dist]
# distance from previous block
# <min> <max>
0	4

[block]
# block no. 4 follows, 40 sequences, length 6
# corresponding to MSA columns:
# 461-466
name=unknown_E
#
# <colnr> <probs for GDERKNQSTAVLIFYWHMCP>
#	G	D	E	R	K	N	Q	S	T	A	V	L	I	F	Y	W	H	M	C	P
0	0.10594	0.11646	0.04844	0.22665	0.10669	0.04857	0.01286	0.03449	0.01229	0.08197	0.01117	0.03416	0.00912	0.00670	0.00723	0.00187	0.11989	0.00493	0.00328	0.00731
1	0.00820	0.00586	0.00803	0.00937	0.01020	0.00568	0.00733	0.01002	0.01223	0.01609	0.03144	0.43803	0.03603	0.01717	0.00772	0.00252	0.00434	0.35934	0.00538	0.00503
2	0.00861	0.00561	0.00667	0.00661	0.00678	0.00555	0.00395	0.00869	0.00940	0.01271	0.11324	0.03649	0.02430	0.60770	0.02588	0.09682	0.00520	0.00835	0.00379	0.00367
3	0.10445	0.05575	0.07809	0.01176	0.06467	0.01090	0.00935	0.03987	0.01309	0.10874	0.14364	0.08074	0.07768	0.06507	0.00921	0.00219	0.10618	0.00735	0.00450	0.00677
4	0.45087	0.06037	0.01588	0.07974	0.06795	0.01385	0.10371	0.01781	0.01132	0.07455	0.00999	0.01202	0.00767	0.00571	0.00534	0.00183	0.04662	0.00424	0.00351	0.00704
5	0.01831	0.01053	0.01439	0.06640	0.12326	0.01077	0.00998	0.10778	0.01511	0.30039	0.01721	0.02004	0.01308	0.10935	0.00970	0.00230	0.06082	0.00588	0.07659	0.00809

[dist]
# distance from previous block
# <min> <max>
7	27

[block]
# block no. 5 follows, 40 sequences, length 33
# corresponding to MSA columns:
# 494-526
name=unknown_F
#
# <colnr> <probs for GDERKNQSTAVLIFYWHMCP>
#	G	D	E	R	K	N	Q	S	T	A	V	L	I	F	Y	W	H	M	C	P
0	0.01266	0.01119	0.01510	0.14715	0.01871	0.06346	0.04703	0.01545	0.03191	0.06732	0.15294	0.02243	0.01886	0.01222	0.08098	0.00277	0.23935	0.03009	0.00388	0.00649
1	0.02065	0.02261	0.01644	0.01540	0.06756	0.50794	0.01114	0.09700	0.06112	0.06851	0.01153	0.01249	0.00899	0.00615	0.00537	0.00156	0.00879	0.00429	0.00376	0.04869
2	0.07226	0.01030	0.01482	0.16607	0.10687	0.01014	0.01083	0.02269	0.01481	0.43676	0.06122	0.01904	0.01433	0.00685	0.00575	0.00182	0.00558	0.00574	0.00550	0.00865
3	0.02599	0.06207	0.22440	0.06338	0.01844	0.01083	0.01188	0.01742	0.04385	0.08232	0.08304	0.01621	0.01339	0.00593	0.00515	0.00147	0.00578	0.00479	0.00376	0.29991
4	0.01369	0.01267	0.02080	0.22660	0.48724	0.01344	0.01636	0.06548	0.01368	0.01892	0.01198	0.05105	0.01025	0.00608	0.00585	0.00181	0.00693	0.00571	0.00312	0.00833
5	0.01660	0.05931	0.01507	0.01171	0.01564	0.01489	0.00943	0.19048	0.43901	0.06062	0.01928	0.01823	0.01436	0.00715	0.00562	0.00177	0.00510	0.00574	0.00553	0.08446
6	0.03539	0.13687	0.08313	0.01093	0.01419	0.01143	0.05197	0.06437	0.01260	0.12113	0.01629	0.09383	0.01486	0.09826	0.20475	0.00411	0.00850	0.00662	0.00398	0.00681
7	0.01242	0.12464	0.57635	0.01567	0.04848	0.01404	0.01851	0.01800	0.01247	0.03985	0.03326	0.03922	0.01009	0.00611	0.00542	0.00178	0.00778	0.00482	0.00283	0.00829
8	0.01495	0.01566	0.10768	0.02322	0.16609	0.01318	0.38954	0.01931	0.01383	0.11281	0.01394	0.01839	0.01083	0.00594	0.00644	0.00192	0.00826	0.04615	0.00355	0.00831
9	0.01275	0.05891	0.07678	0.06448	0.01741	0.05570	0.09267	0.03059	0.13218	0.06315	0.06080	0.09255	0.11132	0.00978	0.00636	0.00198	0.00592	0.09500	0.00462	0.00706
10	0.01383	0.01428	0.18151	0.08826	0.14705	0.01045	0.04946	0.01760	0.01392	0.15474	0.12192	0.04963	0.04777	0.00815	0.00619	0.00191	0.00618	0.05498	0.00439	0.00777
11	0.01711	0.04858	0.04424	0.10789	0.28468	0.01143	0.01289	0.02012	0.01430	0.26645	0.06452	0.01981	0.04856	0.00680	0.00581	0.00177	0.00593	0.00595	0.00459	0.00858
12	0.06941	0.01179	0.01261	0.14937	0.01761	0.12196	0.02733	0.06148	0.01407	0.07676	0.06580	0.08984	0.14471	0.00926	0.00667	0.00188	0.05174	0.00746	0.05378	0.00647
13	0.01684	0.01649	0.05037	0.02603	0.01606	0.21137	0.01010	0.10472	0.24421	0.07175	0.06079	0.06444	0.01631	0.00797	0.00615	0.00181	0.02799	0.00625	0.03242	0.00791
14	0.01767	0.01587	0.11332	0.02175	0.25427	0.03432	0.11860	0.11038	0.05021	0.18331	0.01453	0.01567	0.01049	0.00599	0.00591	0.00180	0.00704	0.00549	0.00428	0.00910
15	0.01256	0.01079	0.01796	0.51797	0.19854	0.01237	0.01541	0.01607	0.01230	0.06656	0.01254	0.05910	0.01025	0.00646	0.00589	0.00190	0.00713	0.00585	0.00312	0.00722
16	0.04785	0.00607	0.00856	0.00905	0.00995	0.00577	0.05206	0.00921	0.01131	0.01566	0.03049	0.67974	0.05906	0.01663	0.00718	0.00230	0.00382	0.01512	0.00515	0.00500
17	0.00799	0.00627	0.00842	0.04682	0.05772	0.00593	0.00653	0.00983	0.01308	0.01744	0.21940	0.36230	0.18763	0.01445	0.00698	0.00208	0.00356	0.01285	0.00536	0.00533
18	0.05686	0.01404	0.05571	0.06725	0.29628	0.01386	0.02438	0.15782	0.10962	0.11396	0.02402	0.01601	0.01132	0.00626	0.00572	0.00180	0.00629	0.00540	0.00439	0.00902
19	0.06315	0.01344	0.02043	0.25665	0.45498	0.05812	0.01626	0.01722	0.01275	0.01790	0.01047	0.01420	0.00850	0.00543	0.00561	0.00178	0.00723	0.00497	0.00284	0.00807
20	0.01259	0.15693	0.46840	0.01479	0.02132	0.06554	0.05276	0.01742	0.01243	0.01694	0.01243	0.09937	0.01096	0.00686	0.00548	0.00178	0.00779	0.00556	0.00285	0.00780
21	0.01735	0.01517	0.12309	0.19143	0.11251	0.06935	0.02490	0.03618	0.09173	0.23647	0.01551	0.01641	0.01091	0.00634	0.00576	0.00183	0.00683	0.00531	0.00440	0.00850
22	0.01522	0.01441	0.07843	0.07125	0.33807	0.01291	0.19287	0.01928	0.02639	0.12421	0.01468	0.01698	0.03612	0.00585	0.00607	0.00183	0.00734	0.00590	0.00360	0.00861
23	0.01391	0.01333	0.02273	0.14110	0.65772	0.01369	0.01761	0.01742	0.01301	0.01841	0.01085	0.01455	0.00901	0.00527	0.00577	0.00176	0.00703	0.00518	0.00284	0.00882
24	0.01196	0.01164	0.01829	0.51962	0.11332	0.05504	0.06416	0.01559	0.01242	0.01581	0.01272	0.02074	0.01086	0.00684	0.00610	0.00197	0.00768	0.08550	0.00297	0.00674
25	0.01639	0.10267	0.17510	0.07281	0.26422	0.09676	0.01539	0.06205	0.01437	0.10868	0.01191	0.01369	0.00902	0.00571	0.00545	0.00170	0.00736	0.00470	0.00344	0.00856
26	0.01306	0.01121	0.01851	0.14692	0.31305	0.01145	0.07523	0.01699	0.04812	0.06793	0.11370	0.02448	0.05373	0.00756	0.00622	0.00188	0.00622	0.05199	0.00401	0.00775
27	0.00716	0.00509	0.00673	0.00801	0.00833	0.00477	0.00530	0.00812	0.01100	0.01466	0.03134	0.75302	0.03757	0.05825	0.00856	0.00253	0.00349	0.01612	0.00530	0.00466
28	0.01844	0.01543	0.15478	0.02188	0.30901	0.01194	0.03416	0.04188	0.01474	0.29619	0.01542	0.01604	0.01081	0.00604	0.00578	0.00178	0.00655	0.00532	0.00449	0.00934
29	0.12286	0.03412	0.10039	0.01249	0.05975	0.01131	0.01054	0.07319	0.05287	0.43628	0.01800	0.01676	0.01196	0.00663	0.00547	0.00179	0.00554	0.00522	0.00567	0.00916
30	0.00880	0.00838	0.05049	0.00949	0.01075	0.05770	0.00749	0.01054	0.01212	0.01558	0.03017	0.51118	0.06448	0.01608	0.00727	0.00232	0.00455	0.16233	0.00506	0.00522
31	0.78053	0.01087	0.00840	0.00756	0.01091	0.01254	0.00611	0.01651	0.00980	0.02509	0.00879	0.01139	0.00730	0.05900	0.00536	0.00206	0.00458	0.00351	0.00359	0.00611
32	0.00743	0.00614	0.00652	0.00632	0.00826	0.00518	0.00466	0.00896	0.01303	0.01619	0.10371	0.08680	0.57586	0.05992	0.00806	0.00211	0.00320	0.01153	0.00523	0.06090

[dist]
# distance from previous block
# <min> <max>
0	1

[block]
# block no. 6 follows, 40 sequences, length 16
# corresponding to MSA columns:
# 528-543
name=unknown_G
#
# <colnr> <probs for GDERKNQSTAVLIFYWHMCP>
#	G	D	E	R	K	N	Q	S	T	A	V	L	I	F	Y	W	H	M	C	P
0	0.06299	0.41566	0.16319	0.01433	0.08746	0.01806	0.05183	0.01885	0.03099	0.07267	0.01050	0.01180	0.00840	0.00536	0.00463	0.00153	0.00668	0.00402	0.00305	0.00802
1	0.00850	0.00645	0.00937	0.00921	0.01018	0.00744	0.00709	0.01050	0.01007	0.01449	0.09812	0.02558	0.01912	0.08219	0.61056	0.00799	0.04770	0.00679	0.00348	0.00518
2	0.01557	0.35961	0.23239	0.01356	0.01942	0.05207	0.06203	0.12638	0.03500	0.01908	0.01034	0.01166	0.00818	0.00555	0.00488	0.00156	0.00729	0.00413	0.00312	0.00818
3	0.00830	0.00574	0.00674	0.00667	0.00710	0.00567	0.00415	0.00898	0.01015	0.01368	0.14009	0.03917	0.07821	0.56366	0.07397	0.00501	0.00564	0.00891	0.00409	0.00405
4	0.06881	0.09584	0.03332	0.01083	0.04795	0.01162	0.00861	0.06606	0.10124	0.04136	0.02535	0.01375	0.01049	0.00534	0.00467	0.00126	0.00491	0.00417	0.00391	0.44050
5	0.64619	0.06593	0.08230	0.00905	0.01329	0.01411	0.00832	0.06839	0.01148	0.02528	0.00873	0.01003	0.00673	0.00549	0.00395	0.00176	0.00514	0.00340	0.00357	0.00685
6	0.00847	0.00648	0.00874	0.00880	0.00996	0.00713	0.00663	0.01130	0.06553	0.01458	0.02319	0.12006	0.10102	0.08366	0.48885	0.00688	0.01122	0.00832	0.00388	0.00530
7	0.01734	0.18173	0.14259	0.01327	0.07212	0.01258	0.02939	0.02049	0.01432	0.28058	0.09094	0.02124	0.01657	0.00730	0.00561	0.00175	0.00590	0.05319	0.00477	0.00831
8	0.33279	0.01300	0.08634	0.01108	0.01574	0.01149	0.06387	0.04330	0.01374	0.33247	0.01496	0.01464	0.01007	0.00617	0.00503	0.00181	0.00554	0.00473	0.00500	0.00824
9	0.05780	0.01501	0.10483	0.01518	0.03957	0.01338	0.16249	0.16863	0.09949	0.14326	0.04486	0.01701	0.01263	0.00658	0.00618	0.00182	0.02569	0.00577	0.02549	0.03432
10	0.05752	0.00943	0.01165	0.01117	0.06512	0.03469	0.00812	0.03540	0.03816	0.30754	0.14919	0.09973	0.09122	0.00990	0.00623	0.00191	0.00460	0.04486	0.00594	0.00762
11	0.01606	0.04075	0.07367	0.01664	0.17342	0.02642	0.05344	0.04817	0.03699	0.15998	0.01339	0.01449	0.01002	0.00544	0.00525	0.00145	0.00590	0.00469	0.00406	0.28976
12	0.06714	0.05235	0.06569	0.01194	0.02555	0.01102	0.07091	0.09762	0.01636	0.36256	0.10805	0.02032	0.02749	0.00723	0.00577	0.00176	0.00550	0.00606	0.00565	0.03105
13	0.09128	0.06671	0.01764	0.06045	0.35564	0.01188	0.01232	0.01675	0.01313	0.09190	0.10132	0.07684	0.01724	0.03456	0.00650	0.00191	0.00568	0.00650	0.00395	0.00777
14	0.01729	0.06472	0.01804	0.06233	0.20914	0.03379	0.03826	0.09734	0.04124	0.20233	0.01597	0.06765	0.01272	0.00836	0.03635	0.00203	0.00646	0.00598	0.00453	0.05547
15	0.01583	0.07126	0.10271	0.06117	0.10031	0.06456	0.11677	0.14240	0.06760	0.07763	0.08150	0.01905	0.01473	0.00689	0.00592	0.00180	0.00692	0.03049	0.00425	0.00819

[dist]
# distance from previous block
# <min> <max>
4	270

# created by:
# /home/berkeley/.conda/envs/busco_data_prod/bin/msa2prfl.pl pipeline/OGs_align_augustus/33634/165007.fs
