[name]
unknown

[dist]
# distance from previous block
# <min> <max>
7	46

[block]
# block no. 0 follows, 46 sequences, length 7
# corresponding to MSA columns:
# 64-70
name=unknown_A
#
# <colnr> <probs for GDERKNQSTAVLIFYWHMCP>
#	G	D	E	R	K	N	Q	S	T	A	V	L	I	F	Y	W	H	M	C	P
0	0.10753	0.08471	0.20535	0.01291	0.01745	0.07145	0.12221	0.06052	0.04312	0.10097	0.01216	0.03409	0.00955	0.00599	0.00551	0.00165	0.04177	0.02232	0.03361	0.00713
1	0.05000	0.01073	0.04017	0.02868	0.01495	0.01005	0.05402	0.13521	0.09172	0.39372	0.07334	0.04380	0.01522	0.00694	0.00540	0.00168	0.00490	0.00582	0.00553	0.00814
2	0.01411	0.01112	0.01811	0.12629	0.41706	0.01123	0.05266	0.01782	0.05981	0.15102	0.01504	0.01671	0.05359	0.00574	0.00538	0.00164	0.00587	0.00534	0.00357	0.00786
3	0.01298	0.01203	0.01668	0.32235	0.24579	0.06654	0.01325	0.11634	0.06097	0.01820	0.05468	0.01510	0.01070	0.00571	0.00529	0.00165	0.00639	0.00498	0.00324	0.00714
4	0.05954	0.13275	0.01948	0.05188	0.04610	0.25372	0.14187	0.11763	0.04620	0.04677	0.01019	0.01173	0.00795	0.00541	0.00522	0.00153	0.02748	0.00429	0.00324	0.00702
5	0.16911	0.07334	0.03581	0.01039	0.04202	0.01141	0.03539	0.18835	0.01478	0.09518	0.11416	0.05755	0.01515	0.00662	0.00483	0.00152	0.00473	0.00532	0.00430	0.11002
6	0.07956	0.00899	0.01209	0.11277	0.12587	0.02506	0.04023	0.01446	0.07326	0.08831	0.05336	0.10510	0.20302	0.00885	0.00586	0.00176	0.02351	0.00757	0.00414	0.00623

[dist]
# distance from previous block
# <min> <max>
8	19

[block]
# block no. 1 follows, 46 sequences, length 6
# corresponding to MSA columns:
# 91-96
name=unknown_B
#
# <colnr> <probs for GDERKNQSTAVLIFYWHMCP>
#	G	D	E	R	K	N	Q	S	T	A	V	L	I	F	Y	W	H	M	C	P
0	0.08420	0.01318	0.01429	0.01110	0.01511	0.17124	0.11323	0.01601	0.01190	0.05468	0.01000	0.01186	0.00805	0.00663	0.05093	0.00161	0.00643	0.00386	0.00315	0.39255
1	0.09438	0.01624	0.01370	0.08516	0.07151	0.33182	0.00980	0.07950	0.01381	0.08264	0.01069	0.01231	0.00829	0.00580	0.00543	0.00152	0.05390	0.00408	0.09285	0.00656
2	0.01383	0.01022	0.01333	0.05630	0.01496	0.01113	0.06825	0.13584	0.20312	0.12238	0.04735	0.08886	0.04462	0.06777	0.00822	0.00205	0.07326	0.00678	0.00467	0.00708
3	0.07734	0.00888	0.01072	0.01000	0.05550	0.02616	0.00731	0.07157	0.08794	0.25951	0.07340	0.04022	0.07903	0.00952	0.00782	0.13640	0.00444	0.02273	0.00484	0.00665
4	0.01139	0.01093	0.06940	0.05660	0.07013	0.00867	0.00864	0.08045	0.01246	0.01843	0.05497	0.05908	0.01182	0.00547	0.00459	0.00116	0.00460	0.00459	0.00343	0.50318
5	0.03156	0.01158	0.07112	0.01528	0.20999	0.01016	0.02560	0.09943	0.05653	0.01824	0.01272	0.01683	0.02637	0.12677	0.02645	0.00209	0.00554	0.00491	0.00334	0.22549

[dist]
# distance from previous block
# <min> <max>
5	9

[block]
# block no. 2 follows, 46 sequences, length 10
# corresponding to MSA columns:
# 106-115
name=unknown_C
#
# <colnr> <probs for GDERKNQSTAVLIFYWHMCP>
#	G	D	E	R	K	N	Q	S	T	A	V	L	I	F	Y	W	H	M	C	P
0	0.01314	0.01039	0.04790	0.26260	0.07944	0.03629	0.01077	0.04505	0.07752	0.15148	0.04528	0.02077	0.02829	0.08008	0.03163	0.00224	0.00604	0.04055	0.00389	0.00666
1	0.01771	0.04815	0.04071	0.01464	0.03880	0.01143	0.24876	0.09293	0.03133	0.33259	0.01566	0.01701	0.01110	0.00604	0.00580	0.00170	0.02023	0.03279	0.00461	0.00803
2	0.01343	0.01245	0.02003	0.18646	0.49198	0.05216	0.06373	0.01657	0.01211	0.06496	0.01048	0.01350	0.00830	0.00497	0.00529	0.00162	0.00666	0.00478	0.00282	0.00771
3	0.01087	0.03610	0.24801	0.06060	0.12315	0.04404	0.01227	0.01412	0.01163	0.06199	0.05285	0.21847	0.01809	0.00891	0.00567	0.00180	0.00573	0.05558	0.00359	0.00653
4	0.01220	0.01183	0.03831	0.27524	0.23704	0.05740	0.10113	0.02732	0.01183	0.04830	0.01208	0.08439	0.01044	0.00620	0.00567	0.00171	0.02206	0.00573	0.02432	0.00680
5	0.01140	0.01209	0.11347	0.01577	0.10820	0.02426	0.20928	0.01454	0.01213	0.08024	0.05344	0.14565	0.06563	0.00864	0.00627	0.00185	0.02187	0.08494	0.00379	0.00653
6	0.01230	0.05662	0.32297	0.02122	0.28963	0.01299	0.08647	0.01706	0.04389	0.03559	0.01034	0.01255	0.00799	0.00515	0.00571	0.00165	0.04284	0.00451	0.00265	0.00786
7	0.01210	0.05259	0.22181	0.20065	0.02490	0.05309	0.21680	0.01612	0.01185	0.06089	0.03208	0.05167	0.01004	0.00573	0.00546	0.00170	0.00736	0.00541	0.00289	0.00686
8	0.01323	0.05185	0.17813	0.21248	0.15335	0.04235	0.04632	0.07553	0.01273	0.08527	0.01259	0.01467	0.04209	0.00574	0.00557	0.00166	0.03123	0.00481	0.00311	0.00727
9	0.01301	0.09893	0.14271	0.11417	0.19933	0.06255	0.19542	0.01665	0.01202	0.04981	0.01076	0.01442	0.00863	0.00524	0.00531	0.00164	0.00726	0.03212	0.00277	0.00727

[dist]
# distance from previous block
# <min> <max>
1	42

[block]
# block no. 3 follows, 46 sequences, length 6
# corresponding to MSA columns:
# 159-164
name=unknown_D
#
# <colnr> <probs for GDERKNQSTAVLIFYWHMCP>
#	G	D	E	R	K	N	Q	S	T	A	V	L	I	F	Y	W	H	M	C	P
0	0.21182	0.06429	0.09612	0.01073	0.06633	0.01047	0.00892	0.04457	0.03368	0.22155	0.02982	0.04029	0.01152	0.00620	0.00463	0.00157	0.00479	0.02680	0.04389	0.06200
1	0.09163	0.08732	0.05494	0.10868	0.10067	0.01101	0.03831	0.08195	0.04715	0.06598	0.01632	0.19579	0.01580	0.00846	0.00539	0.00177	0.00522	0.05322	0.00387	0.00654
2	0.01751	0.05351	0.01501	0.05281	0.01628	0.04568	0.00947	0.39956	0.17008	0.08609	0.01424	0.01412	0.01035	0.00617	0.00510	0.00155	0.00546	0.00478	0.00484	0.06739
3	0.00811	0.00739	0.06855	0.00845	0.00987	0.00607	0.00682	0.06208	0.01220	0.01658	0.14119	0.49243	0.03271	0.01384	0.00649	0.00203	0.00374	0.09150	0.00486	0.00507
4	0.01437	0.04625	0.36315	0.07297	0.02029	0.01145	0.06242	0.05309	0.04723	0.20229	0.04554	0.01479	0.01071	0.00576	0.00521	0.00166	0.00647	0.00479	0.00374	0.00783
5	0.11987	0.20790	0.30875	0.01238	0.01768	0.01467	0.05441	0.07903	0.01203	0.06062	0.00951	0.01091	0.00723	0.00533	0.00533	0.00158	0.05874	0.00385	0.00290	0.00730

[dist]
# distance from previous block
# <min> <max>
0	4

[block]
# block no. 4 follows, 46 sequences, length 14
# corresponding to MSA columns:
# 169-182
name=unknown_E
#
# <colnr> <probs for GDERKNQSTAVLIFYWHMCP>
#	G	D	E	R	K	N	Q	S	T	A	V	L	I	F	Y	W	H	M	C	P
0	0.02273	0.01038	0.07067	0.00983	0.01420	0.00811	0.00866	0.02508	0.01483	0.72697	0.02000	0.01748	0.01260	0.00643	0.00529	0.00164	0.00475	0.00521	0.00622	0.00891
1	0.01758	0.07341	0.04952	0.01359	0.05389	0.08203	0.14684	0.03429	0.07745	0.32198	0.01621	0.03652	0.01199	0.00635	0.00539	0.00165	0.00605	0.03287	0.00457	0.00783
2	0.01433	0.05224	0.14171	0.04502	0.06451	0.02462	0.23653	0.08529	0.03683	0.14543	0.03698	0.03667	0.04290	0.00608	0.00554	0.00168	0.00662	0.00575	0.00377	0.00750
3	0.01631	0.10686	0.03488	0.11717	0.12375	0.03352	0.01092	0.23045	0.08073	0.13914	0.04481	0.01484	0.01122	0.00600	0.00509	0.00158	0.00569	0.00485	0.00426	0.00792
4	0.10968	0.03051	0.01659	0.05332	0.04059	0.08122	0.13021	0.20543	0.06341	0.17491	0.03347	0.01441	0.01047	0.00587	0.00517	0.00163	0.00607	0.00494	0.00439	0.00771
5	0.03851	0.01551	0.18305	0.03043	0.02012	0.01222	0.20799	0.15871	0.04665	0.21268	0.01369	0.01432	0.00945	0.00559	0.00544	0.00168	0.00663	0.00510	0.00416	0.00808
6	0.01561	0.07984	0.15178	0.01422	0.06710	0.08037	0.10257	0.05113	0.10999	0.18547	0.03889	0.01492	0.01112	0.00600	0.00582	0.00165	0.04691	0.00494	0.00395	0.00772
7	0.00789	0.00558	0.00696	0.00695	0.00722	0.00597	0.00463	0.00849	0.00820	0.01117	0.01660	0.03281	0.01837	0.56926	0.17277	0.00545	0.04192	0.06281	0.00322	0.00373
8	0.01580	0.21514	0.19736	0.01319	0.05082	0.07739	0.06489	0.09074	0.03085	0.15873	0.01206	0.01337	0.00905	0.00555	0.00483	0.00152	0.00648	0.02100	0.00355	0.00768
9	0.03696	0.04831	0.15314	0.05501	0.08574	0.03502	0.11563	0.07113	0.05157	0.13531	0.05178	0.03226	0.04611	0.00658	0.00538	0.00168	0.00603	0.03304	0.02203	0.00729
10	0.01564	0.09576	0.09455	0.05823	0.10790	0.13998	0.06682	0.10165	0.10389	0.11083	0.04430	0.01443	0.01097	0.00580	0.00510	0.00157	0.00647	0.00477	0.00378	0.00757
11	0.08221	0.05331	0.18099	0.01561	0.03990	0.01285	0.26321	0.08282	0.10611	0.01912	0.01309	0.05298	0.01080	0.00612	0.00546	0.00174	0.00676	0.03631	0.00337	0.00726
12	0.08641	0.07238	0.05603	0.01201	0.06584	0.06186	0.04002	0.15664	0.09552	0.09877	0.03813	0.02755	0.05929	0.00746	0.02428	0.00174	0.00558	0.02571	0.00419	0.06058
13	0.12499	0.06927	0.17300	0.01254	0.04074	0.02923	0.09859	0.08687	0.02854	0.15443	0.04857	0.04874	0.01230	0.02744	0.00565	0.00175	0.00588	0.02033	0.00391	0.00724

[dist]
# distance from previous block
# <min> <max>
0	16

[block]
# block no. 5 follows, 46 sequences, length 43
# corresponding to MSA columns:
# 199-217,220-227,230-245
name=unknown_F
#
# <colnr> <probs for GDERKNQSTAVLIFYWHMCP>
#	G	D	E	R	K	N	Q	S	T	A	V	L	I	F	Y	W	H	M	C	P
0	0.05981	0.07143	0.07196	0.02732	0.03336	0.05670	0.03911	0.11029	0.07363	0.10370	0.07688	0.05348	0.01541	0.11968	0.00815	0.00208	0.00537	0.01604	0.00409	0.05150
1	0.07368	0.11791	0.04539	0.03684	0.03548	0.06009	0.10058	0.09192	0.11660	0.09465	0.04464	0.01519	0.03060	0.00586	0.00506	0.00151	0.01622	0.00484	0.00388	0.09905
2	0.08867	0.14063	0.06085	0.03115	0.12182	0.11207	0.03116	0.13022	0.03031	0.14338	0.03103	0.01298	0.00961	0.00569	0.00512	0.00154	0.02814	0.00434	0.00377	0.00753
3	0.02491	0.12284	0.21026	0.02578	0.05377	0.02253	0.02234	0.08643	0.13465	0.13213	0.01429	0.03672	0.01124	0.00653	0.00561	0.00167	0.04043	0.03631	0.00389	0.00768
4	0.04674	0.06956	0.02801	0.07271	0.05978	0.00915	0.00809	0.04476	0.05956	0.03641	0.09049	0.18444	0.07557	0.00944	0.00584	0.00171	0.02627	0.06455	0.00413	0.10277
5	0.06294	0.04267	0.09547	0.04875	0.01411	0.04792	0.00875	0.09931	0.04502	0.16047	0.14787	0.11061	0.03593	0.00800	0.00533	0.00164	0.00481	0.00663	0.00462	0.04915
6	0.01332	0.00739	0.00958	0.00842	0.01048	0.00728	0.00663	0.01490	0.01250	0.28778	0.08851	0.15914	0.21861	0.01071	0.00755	0.00186	0.11519	0.00869	0.00520	0.00627
7	0.29307	0.01525	0.01352	0.01124	0.01474	0.23605	0.06982	0.10546	0.04664	0.13070	0.01103	0.01163	0.00811	0.00552	0.00456	0.00157	0.00631	0.00400	0.00386	0.00692
8	0.01487	0.30497	0.04058	0.01723	0.15892	0.04900	0.21008	0.01768	0.01218	0.11099	0.01048	0.01215	0.00819	0.00484	0.00482	0.00147	0.00670	0.00444	0.00299	0.00744
9	0.09384	0.01342	0.01745	0.07931	0.01920	0.09941	0.18725	0.12241	0.13452	0.14210	0.01352	0.01438	0.00979	0.00580	0.00555	0.00168	0.02369	0.00506	0.00410	0.00750
10	0.01761	0.01393	0.01476	0.01250	0.04779	0.04857	0.00969	0.49924	0.18845	0.02867	0.05292	0.01548	0.01251	0.00665	0.00533	0.00163	0.00547	0.00521	0.00511	0.00850
11	0.03745	0.00963	0.01546	0.66306	0.06482	0.01165	0.01379	0.01506	0.04918	0.05437	0.01056	0.01436	0.00783	0.00541	0.00523	0.00174	0.00665	0.00474	0.00276	0.00626
12	0.01081	0.01050	0.01859	0.57861	0.16431	0.01207	0.10106	0.01437	0.01104	0.01455	0.00964	0.01394	0.00739	0.00509	0.00539	0.00173	0.00713	0.00488	0.00243	0.00645
13	0.02019	0.00920	0.01215	0.00972	0.01335	0.00858	0.02393	0.03516	0.13476	0.56527	0.05314	0.05897	0.01606	0.00728	0.00546	0.00169	0.00441	0.00610	0.00614	0.00845
14	0.00757	0.00559	0.00813	0.00813	0.00895	0.00641	0.00615	0.00920	0.00839	0.01200	0.01450	0.02263	0.01402	0.14399	0.69002	0.00804	0.01294	0.00594	0.00288	0.00452
15	0.05603	0.00610	0.00786	0.04808	0.01061	0.00618	0.00678	0.01042	0.02274	0.03529	0.02693	0.24158	0.10072	0.07711	0.04207	0.00266	0.00465	0.28488	0.00450	0.00481
16	0.01194	0.01114	0.01765	0.34399	0.32862	0.01258	0.01429	0.03680	0.09912	0.01650	0.01098	0.01418	0.00867	0.00550	0.00587	0.00171	0.04550	0.00485	0.00288	0.00724
17	0.01165	0.09124	0.52115	0.01416	0.02046	0.01347	0.05288	0.03718	0.11989	0.01740	0.01105	0.01236	0.00818	0.00547	0.00553	0.00168	0.04147	0.00428	0.00279	0.00771
18	0.00644	0.00460	0.00613	0.00736	0.00767	0.00429	0.00491	0.00736	0.01012	0.01350	0.02914	0.81076	0.03497	0.01656	0.00675	0.00215	0.00307	0.01503	0.00491	0.00429
19	0.03944	0.01250	0.01915	0.29580	0.30371	0.08042	0.10033	0.01626	0.01190	0.05550	0.01017	0.01337	0.00789	0.00505	0.00527	0.00165	0.00697	0.00474	0.00276	0.00711
20	0.01327	0.01394	0.08934	0.06419	0.46748	0.04581	0.01475	0.01717	0.06384	0.04990	0.01072	0.01330	0.00866	0.00557	0.00661	0.00168	0.09835	0.00468	0.00290	0.00783
21	0.00814	0.00609	0.00763	0.00712	0.00857	0.00593	0.00538	0.01206	0.10216	0.02131	0.69123	0.03721	0.04599	0.01039	0.00614	0.00168	0.00269	0.00915	0.00577	0.00538
22	0.00699	0.00541	0.00638	0.00622	0.00770	0.00481	0.00472	0.00897	0.01357	0.01795	0.42945	0.04533	0.36756	0.01210	0.00629	0.00175	0.00268	0.04200	0.00538	0.00475
23	0.01352	0.38180	0.25559	0.01303	0.05066	0.05483	0.05057	0.06101	0.04487	0.01585	0.00924	0.01057	0.00742	0.00495	0.00437	0.00141	0.00664	0.00369	0.00262	0.00735
24	0.01379	0.01263	0.02009	0.16962	0.18074	0.04177	0.20103	0.10959	0.08212	0.05515	0.01237	0.01566	0.00964	0.00570	0.00582	0.00172	0.02321	0.02849	0.00341	0.00744
25	0.02223	0.01138	0.01375	0.01054	0.01469	0.01131	0.00871	0.32867	0.01912	0.47635	0.01750	0.01582	0.01140	0.00646	0.00530	0.00162	0.00504	0.00509	0.00603	0.00899
26	0.01482	0.72491	0.02634	0.00940	0.01389	0.02040	0.00916	0.10199	0.01237	0.01484	0.00797	0.00897	0.00704	0.00473	0.00361	0.00118	0.00567	0.00305	0.00261	0.00704
27	0.00725	0.00539	0.00675	0.00641	0.00776	0.00489	0.00481	0.00953	0.01442	0.01991	0.64378	0.04161	0.18535	0.01129	0.00624	0.00169	0.00253	0.00986	0.00565	0.00489
28	0.00660	0.00528	0.00590	0.00593	0.00740	0.00458	0.00438	0.00820	0.01261	0.01605	0.24509	0.13476	0.49847	0.01306	0.00630	0.00179	0.00267	0.01117	0.00515	0.00458
29	0.00643	0.00464	0.00610	0.00726	0.00764	0.00430	0.00486	0.00737	0.01022	0.01353	0.03034	0.77348	0.07147	0.01641	0.00672	0.00213	0.00305	0.01484	0.00491	0.00430
30	0.01087	0.01969	0.40763	0.01622	0.02180	0.01232	0.23241	0.01549	0.01119	0.01608	0.01254	0.04793	0.04620	0.00625	0.00693	0.00180	0.09948	0.00549	0.00261	0.00707
31	0.00730	0.00540	0.00681	0.00645	0.00778	0.00491	0.00484	0.00961	0.01452	0.02015	0.66859	0.04122	0.16039	0.01120	0.00624	0.00168	0.00252	0.00980	0.00568	0.00491
32	0.00653	0.00467	0.00621	0.00730	0.00769	0.00435	0.00491	0.00759	0.01054	0.01416	0.09334	0.74468	0.03624	0.01607	0.00670	0.00211	0.00302	0.01456	0.00499	0.00435
33	0.01413	0.81739	0.02770	0.00905	0.01357	0.02092	0.00905	0.01583	0.01074	0.01244	0.00735	0.00848	0.00678	0.00452	0.00339	0.00113	0.00565	0.00283	0.00226	0.00678
34	0.02372	0.00900	0.01227	0.00941	0.01350	0.00777	0.00777	0.02576	0.01513	0.78489	0.02086	0.01799	0.01309	0.00654	0.00532	0.00164	0.00450	0.00532	0.00654	0.00900
35	0.00998	0.00940	0.01586	0.80150	0.03641	0.01175	0.01468	0.01351	0.01057	0.01351	0.00940	0.01409	0.00705	0.00529	0.00529	0.00176	0.00705	0.00470	0.00235	0.00587
36	0.01389	0.78721	0.02689	0.00892	0.01328	0.02033	0.00883	0.01553	0.01063	0.01236	0.00770	0.00945	0.00725	0.03460	0.00427	0.00128	0.00563	0.00301	0.00230	0.00665
37	0.01096	0.00940	0.01096	0.00783	0.01253	0.00705	0.00626	0.01331	0.01096	0.01723	0.00940	0.01096	0.00783	0.00392	0.00392	0.00078	0.00392	0.00313	0.00313	0.84653
38	0.00969	0.00767	0.00860	0.00915	0.01032	0.07956	0.00720	0.01135	0.01170	0.05908	0.02664	0.32429	0.06562	0.01373	0.00707	0.00215	0.03423	0.30224	0.00469	0.00503
39	0.67354	0.01085	0.00928	0.00790	0.01137	0.01230	0.00651	0.13016	0.01179	0.07237	0.00901	0.00980	0.00668	0.00523	0.00371	0.00163	0.00438	0.00330	0.00378	0.00643
40	0.01265	0.00828	0.00873	0.00760	0.00963	0.00889	0.00581	0.22070	0.08465	0.02219	0.01629	0.02013	0.01343	0.13441	0.00797	0.00200	0.00397	0.00542	0.40116	0.00610
41	0.00951	0.00876	0.01456	0.69542	0.03257	0.01075	0.01338	0.01269	0.01051	0.01351	0.01203	0.12051	0.01078	0.00679	0.00548	0.00181	0.00652	0.00608	0.00269	0.00566
42	0.05165	0.01082	0.01177	0.00976	0.01308	0.01156	0.00784	0.25094	0.23489	0.15574	0.02228	0.02108	0.11818	0.00752	0.00529	0.00167	0.00444	0.00602	0.04764	0.00784

[dist]
# distance from previous block
# <min> <max>
8	11

[block]
# block no. 6 follows, 46 sequences, length 30
# corresponding to MSA columns:
# 257-286
name=unknown_G
#
# <colnr> <probs for GDERKNQSTAVLIFYWHMCP>
#	G	D	E	R	K	N	Q	S	T	A	V	L	I	F	Y	W	H	M	C	P
0	0.06910	0.01033	0.01323	0.04471	0.09256	0.01081	0.00898	0.12038	0.01263	0.11873	0.01164	0.01451	0.00948	0.06017	0.05376	0.00215	0.13046	0.00453	0.00367	0.20816
1	0.43002	0.21037	0.01438	0.00885	0.01245	0.11904	0.00753	0.06748	0.03302	0.01993	0.00829	0.00935	0.00671	0.00502	0.00372	0.00145	0.00532	0.00315	0.00314	0.03078
2	0.01308	0.01256	0.02146	0.03245	0.78123	0.01256	0.01622	0.01622	0.01204	0.01727	0.00994	0.01308	0.00837	0.00471	0.00523	0.00157	0.00628	0.00471	0.00262	0.00837
3	0.01172	0.01117	0.01900	0.36988	0.45444	0.01220	0.01555	0.01503	0.01139	0.01562	0.00970	0.01353	0.00779	0.00496	0.00526	0.00165	0.00662	0.00470	0.00250	0.00728
4	0.00691	0.00503	0.00658	0.00748	0.00821	0.00471	0.00545	0.00832	0.01125	0.01489	0.11908	0.50919	0.11437	0.01521	0.00673	0.00210	0.00327	0.14172	0.00501	0.00449
5	0.00730	0.00540	0.00681	0.00646	0.00779	0.00491	0.00485	0.00962	0.01454	0.02018	0.67174	0.04117	0.15722	0.01119	0.00624	0.00168	0.00252	0.00980	0.00569	0.00491
6	0.00656	0.00470	0.00630	0.00736	0.00776	0.00444	0.00499	0.00763	0.01039	0.01398	0.08090	0.72330	0.03509	0.01714	0.04009	0.00238	0.00350	0.01425	0.00488	0.00436
7	0.00733	0.00535	0.00689	0.00660	0.00783	0.00491	0.00491	0.00965	0.01447	0.02025	0.68231	0.08545	0.10159	0.01133	0.00627	0.00170	0.00254	0.01000	0.00570	0.00491
8	0.00665	0.00480	0.00634	0.00750	0.00799	0.00449	0.00524	0.00776	0.01045	0.01379	0.03045	0.68667	0.07804	0.01617	0.00678	0.00216	0.00324	0.09225	0.00490	0.00436
9	0.01975	0.02520	0.01498	0.01362	0.01634	0.79299	0.01021	0.02111	0.01498	0.01294	0.00817	0.00953	0.00681	0.00545	0.00477	0.00136	0.00953	0.00340	0.00272	0.00613
10	0.01308	0.01256	0.02146	0.03245	0.78123	0.01256	0.01622	0.01622	0.01204	0.01727	0.00994	0.01308	0.00837	0.00471	0.00523	0.00157	0.00628	0.00471	0.00262	0.00837
11	0.00869	0.00637	0.00723	0.00662	0.00852	0.00586	0.00508	0.07665	0.01441	0.05127	0.31940	0.04182	0.40543	0.01151	0.00612	0.00172	0.00297	0.00974	0.00535	0.00526
12	0.01413	0.81739	0.02770	0.00905	0.01357	0.02092	0.00905	0.01583	0.01074	0.01244	0.00735	0.00848	0.00678	0.00452	0.00339	0.00113	0.00565	0.00283	0.00226	0.00678
13	0.00644	0.00460	0.00613	0.00736	0.00767	0.00429	0.00491	0.00736	0.01012	0.01350	0.02914	0.81076	0.03497	0.01656	0.00675	0.00215	0.00307	0.01503	0.00491	0.00429
14	0.00731	0.00540	0.00683	0.00647	0.00779	0.00492	0.00486	0.00965	0.01457	0.02026	0.67986	0.04104	0.14905	0.01116	0.00624	0.00168	0.00252	0.00978	0.00570	0.00492
15	0.01096	0.00940	0.01096	0.00783	0.01253	0.00705	0.00626	0.01331	0.01096	0.01723	0.00940	0.01096	0.00783	0.00392	0.00392	0.00078	0.00392	0.00313	0.00313	0.84653
16	0.01265	0.01101	0.01688	0.16388	0.30607	0.01070	0.04140	0.05046	0.01220	0.05210	0.01033	0.01286	0.00819	0.00472	0.00488	0.00137	0.00569	0.00431	0.00303	0.26726
17	0.01297	0.11599	0.25394	0.01454	0.04286	0.04022	0.07296	0.09538	0.05822	0.01715	0.00970	0.01188	0.00775	0.00630	0.00819	0.00177	0.21576	0.00437	0.00283	0.00722
18	0.00991	0.00785	0.00820	0.00754	0.00924	0.08722	0.00571	0.01245	0.03309	0.07349	0.55358	0.03553	0.11544	0.01012	0.00600	0.00165	0.00343	0.00870	0.00545	0.00542
19	0.01008	0.00572	0.00763	0.00749	0.00885	0.00520	0.00548	0.01178	0.01281	0.16200	0.29685	0.38382	0.03619	0.01260	0.00629	0.00188	0.00313	0.01123	0.00554	0.00543
20	0.07653	0.03812	0.05182	0.01530	0.04086	0.01171	0.31112	0.09996	0.03432	0.12959	0.04663	0.09289	0.01323	0.00656	0.00564	0.00173	0.00638	0.00643	0.00396	0.00722
21	0.10291	0.03088	0.06464	0.06631	0.07337	0.01041	0.07845	0.08443	0.01265	0.08372	0.01166	0.01494	0.00938	0.00538	0.00475	0.00140	0.00536	0.04745	0.00352	0.28839
22	0.00918	0.00459	0.00689	0.00689	0.00689	0.00459	0.00459	0.00689	0.00689	0.00918	0.00918	0.01607	0.00918	0.01837	0.02066	0.84619	0.00459	0.00459	0.00230	0.00230
23	0.00644	0.00460	0.00613	0.00736	0.00767	0.00429	0.00491	0.00736	0.01012	0.01350	0.02914	0.81076	0.03497	0.01656	0.00675	0.00215	0.00307	0.01503	0.00491	0.00429
24	0.01473	0.08454	0.01776	0.01718	0.20799	0.06266	0.07385	0.07701	0.26486	0.07581	0.01510	0.01660	0.01179	0.00612	0.00525	0.00164	0.00574	0.02934	0.00407	0.00796
25	0.00913	0.00749	0.04142	0.03502	0.01095	0.00787	0.00744	0.01099	0.00976	0.05253	0.09901	0.06845	0.01783	0.10524	0.35459	0.00512	0.11840	0.00657	0.02710	0.00510
26	0.00644	0.00460	0.00613	0.00736	0.00767	0.00429	0.00491	0.00736	0.01012	0.01350	0.02914	0.81076	0.03497	0.01656	0.00675	0.00215	0.00307	0.01503	0.00491	0.00429
27	0.00998	0.00940	0.01586	0.80150	0.03641	0.01175	0.01468	0.01351	0.01057	0.01351	0.00940	0.01409	0.00705	0.00529	0.00529	0.00176	0.00705	0.00470	0.00235	0.00587
28	0.14424	0.01133	0.03348	0.27430	0.07260	0.01223	0.09743	0.06015	0.14775	0.07661	0.01248	0.01434	0.00922	0.00558	0.00509	0.00172	0.00599	0.00485	0.00357	0.00706
29	0.01219	0.03019	0.11100	0.05758	0.01392	0.01072	0.00872	0.21007	0.10234	0.01897	0.01501	0.05220	0.01396	0.27901	0.03889	0.00306	0.00589	0.00616	0.00386	0.00626

[dist]
# distance from previous block
# <min> <max>
0	1

[block]
# block no. 7 follows, 46 sequences, length 13
# corresponding to MSA columns:
# 288-300
name=unknown_H
#
# <colnr> <probs for GDERKNQSTAVLIFYWHMCP>
#	G	D	E	R	K	N	Q	S	T	A	V	L	I	F	Y	W	H	M	C	P
0	0.00962	0.00874	0.01262	0.11194	0.01456	0.01140	0.00958	0.01117	0.00871	0.01266	0.01194	0.10158	0.01217	0.05953	0.20621	0.00390	0.37949	0.00617	0.00277	0.00524
1	0.01337	0.00894	0.01088	0.00806	0.01231	0.00701	0.00647	0.01567	0.01222	0.18177	0.08270	0.01509	0.01283	0.00511	0.00443	0.00105	0.00391	0.00419	0.00411	0.58988
2	0.01537	0.01044	0.01174	0.01019	0.01334	0.01137	0.00803	0.02647	0.54490	0.20613	0.06558	0.02046	0.01737	0.00723	0.00541	0.00175	0.00416	0.00603	0.00569	0.00832
3	0.00689	0.00534	0.00627	0.00612	0.00756	0.00473	0.00456	0.00881	0.01346	0.01781	0.42553	0.08067	0.36882	0.01221	0.00626	0.00174	0.00260	0.01052	0.00538	0.00473
4	0.02113	0.00889	0.01184	0.00909	0.01313	0.00753	0.00743	0.02318	0.01431	0.63926	0.01944	0.04737	0.01313	0.00653	0.00516	0.00153	0.00436	0.00536	0.00596	0.13539
5	0.00717	0.00511	0.00589	0.00605	0.00659	0.00484	0.00385	0.00787	0.00977	0.01281	0.11086	0.16857	0.17533	0.43280	0.01714	0.00358	0.00400	0.00981	0.00412	0.00383
6	0.01452	0.01295	0.02005	0.05282	0.58931	0.01338	0.01482	0.18019	0.01480	0.02067	0.01053	0.01303	0.00847	0.00509	0.00525	0.00158	0.00620	0.00472	0.00319	0.00843
7	0.07258	0.00928	0.01133	0.00893	0.01253	0.00885	0.00732	0.13284	0.01554	0.50082	0.01821	0.01690	0.01209	0.00635	0.00492	0.00156	0.00434	0.00502	0.14247	0.00813
8	0.08045	0.01398	0.01485	0.08663	0.11431	0.11069	0.01039	0.34163	0.05521	0.04962	0.01207	0.01313	0.00899	0.00585	0.00497	0.00157	0.00598	0.00452	0.05743	0.00773
9	0.01394	0.01297	0.01460	0.06820	0.11021	0.08504	0.03728	0.07049	0.48288	0.02060	0.01710	0.01695	0.01297	0.00643	0.00532	0.00171	0.00540	0.00543	0.00449	0.00799
10	0.19735	0.04205	0.04837	0.01620	0.06395	0.06174	0.33620	0.01709	0.04239	0.05599	0.01169	0.06244	0.00963	0.00562	0.00524	0.00170	0.00681	0.00552	0.00321	0.00681
11	0.07347	0.11233	0.14986	0.01403	0.08013	0.19373	0.08207	0.05229	0.01267	0.01642	0.01253	0.04178	0.05704	0.00596	0.00502	0.00150	0.01736	0.00473	0.00297	0.06412
12	0.09027	0.05396	0.02030	0.06558	0.09096	0.10092	0.24189	0.13472	0.05888	0.01960	0.01066	0.01266	0.00821	0.00511	0.00515	0.00157	0.00692	0.00475	0.00329	0.06462

[dist]
# distance from previous block
# <min> <max>
0	36

[block]
# block no. 8 follows, 46 sequences, length 14
# corresponding to MSA columns:
# 338-351
name=unknown_I
#
# <colnr> <probs for GDERKNQSTAVLIFYWHMCP>
#	G	D	E	R	K	N	Q	S	T	A	V	L	I	F	Y	W	H	M	C	P
0	0.01313	0.40664	0.29388	0.01169	0.01708	0.01695	0.01290	0.06825	0.04983	0.01590	0.00916	0.01042	0.00738	0.00517	0.00482	0.00144	0.04182	0.00358	0.00262	0.00733
1	0.22579	0.01111	0.03004	0.00913	0.01292	0.05449	0.00760	0.09057	0.03707	0.34044	0.01683	0.01596	0.05411	0.00625	0.00472	0.00157	0.00473	0.00471	0.00492	0.06702
2	0.00650	0.00465	0.00619	0.00732	0.00768	0.00433	0.00491	0.00751	0.01040	0.01394	0.07195	0.76670	0.03582	0.01623	0.00672	0.00212	0.00303	0.01472	0.00496	0.00433
3	0.00739	0.00528	0.00721	0.00831	0.00907	0.00510	0.00644	0.00906	0.01132	0.01501	0.08038	0.44038	0.03408	0.01534	0.00695	0.00223	0.00379	0.32313	0.00495	0.00458
4	0.13312	0.07033	0.06460	0.01837	0.02336	0.05299	0.52653	0.01686	0.01192	0.01738	0.00980	0.01265	0.00748	0.00460	0.00548	0.00169	0.00797	0.00526	0.00271	0.00689
5	0.00649	0.00468	0.00615	0.00722	0.00765	0.00434	0.00487	0.00751	0.01048	0.01395	0.07108	0.73048	0.07335	0.01609	0.00669	0.00210	0.00302	0.01454	0.00496	0.00434
6	0.00643	0.00464	0.00609	0.00725	0.00764	0.00430	0.00486	0.00737	0.01023	0.01354	0.03054	0.76708	0.07774	0.01638	0.00672	0.00213	0.00304	0.01481	0.00491	0.00430
7	0.01308	0.01256	0.02146	0.03245	0.78123	0.01256	0.01622	0.01622	0.01204	0.01727	0.00994	0.01308	0.00837	0.00471	0.00523	0.00157	0.00628	0.00471	0.00262	0.00837
8	0.01975	0.02520	0.01498	0.01362	0.01634	0.79299	0.01021	0.02111	0.01498	0.01294	0.00817	0.00953	0.00681	0.00545	0.00477	0.00136	0.00953	0.00340	0.00272	0.00613
9	0.00755	0.00566	0.00850	0.00850	0.00944	0.00661	0.00661	0.00944	0.00850	0.01227	0.01416	0.02077	0.01322	0.03965	0.79326	0.00850	0.01416	0.00566	0.00283	0.00472
10	0.01536	0.00915	0.00994	0.00820	0.01090	0.00961	0.00658	0.29927	0.01679	0.11395	0.01594	0.01684	0.01176	0.00627	0.00449	0.00141	0.00397	0.00491	0.42770	0.00694
11	0.00998	0.00940	0.01586	0.80150	0.03641	0.01175	0.01468	0.01351	0.01057	0.01351	0.00940	0.01409	0.00705	0.00529	0.00529	0.00176	0.00705	0.00470	0.00235	0.00587
12	0.01766	0.04636	0.01485	0.01175	0.01520	0.16350	0.00944	0.36671	0.17878	0.04503	0.04755	0.01471	0.01187	0.00655	0.00547	0.00159	0.02540	0.00491	0.00469	0.00797
13	0.16378	0.01317	0.01323	0.03755	0.10497	0.17402	0.00961	0.06230	0.01192	0.04248	0.01230	0.13080	0.01189	0.00795	0.00744	0.00180	0.16273	0.02245	0.00338	0.00622

[dist]
# distance from previous block
# <min> <max>
0	4

[block]
# block no. 9 follows, 46 sequences, length 27
# corresponding to MSA columns:
# 356-382
name=unknown_J
#
# <colnr> <probs for GDERKNQSTAVLIFYWHMCP>
#	G	D	E	R	K	N	Q	S	T	A	V	L	I	F	Y	W	H	M	C	P
0	0.16104	0.13581	0.01753	0.01663	0.22779	0.12204	0.02341	0.07939	0.05207	0.06764	0.01027	0.01169	0.00814	0.00539	0.00510	0.00154	0.03987	0.00405	0.00329	0.00732
1	0.12165	0.00935	0.01101	0.07666	0.08557	0.00992	0.00801	0.18069	0.04619	0.02140	0.14368	0.06112	0.18653	0.00867	0.00545	0.00170	0.00432	0.00719	0.00451	0.00637
2	0.01295	0.01229	0.02024	0.02963	0.68794	0.01224	0.01514	0.01672	0.05554	0.01755	0.01057	0.01333	0.00878	0.00480	0.00516	0.00153	0.00601	0.00468	0.00281	0.06210
3	0.11536	0.01082	0.01158	0.01085	0.04144	0.01221	0.00814	0.05828	0.52316	0.06144	0.01947	0.07419	0.01544	0.00741	0.00521	0.00177	0.00426	0.00611	0.00504	0.00782
4	0.02000	0.01050	0.01258	0.01000	0.01368	0.01052	0.00813	0.23678	0.09943	0.40893	0.01871	0.04955	0.01317	0.00695	0.00528	0.00164	0.00466	0.00561	0.05540	0.00849
5	0.00716	0.00614	0.00780	0.00728	0.00907	0.00552	0.05858	0.00938	0.04688	0.01534	0.11250	0.17733	0.49209	0.01277	0.00629	0.00184	0.00324	0.01109	0.00486	0.00485
6	0.01171	0.00953	0.01054	0.00942	0.01190	0.01053	0.00731	0.08059	0.44489	0.02269	0.28788	0.02613	0.02747	0.00839	0.00567	0.00173	0.00372	0.00714	0.00553	0.00723
7	0.00757	0.00539	0.00698	0.00658	0.00783	0.00499	0.00494	0.01007	0.01482	0.02114	0.74926	0.03873	0.04849	0.01063	0.00614	0.00165	0.00249	0.00938	0.03794	0.00499
8	0.85155	0.01022	0.00777	0.00695	0.01022	0.01186	0.00573	0.01554	0.00900	0.02372	0.00736	0.00859	0.00573	0.00491	0.00327	0.00164	0.00409	0.00286	0.00327	0.00573
9	0.00705	0.00533	0.00650	0.00632	0.00766	0.00479	0.00470	0.00909	0.01377	0.01863	0.51380	0.09787	0.26122	0.01197	0.00628	0.00173	0.00259	0.01042	0.00549	0.00479
10	0.00671	0.00532	0.00603	0.00597	0.00745	0.00464	0.00443	0.00843	0.01296	0.01672	0.31286	0.10144	0.46295	0.01269	0.00628	0.00177	0.00264	0.01086	0.00524	0.00464
11	0.85155	0.01022	0.00777	0.00695	0.01022	0.01186	0.00573	0.01554	0.00900	0.02372	0.00736	0.00859	0.00573	0.00491	0.00327	0.00164	0.00409	0.00286	0.00327	0.00573
12	0.00758	0.00555	0.00791	0.00791	0.00865	0.00629	0.00588	0.00906	0.00832	0.01184	0.01470	0.02373	0.01450	0.20578	0.62889	0.00777	0.01222	0.00610	0.00291	0.00439
13	0.01096	0.00940	0.01096	0.00783	0.01253	0.00705	0.00626	0.01331	0.01096	0.01723	0.00940	0.01096	0.00783	0.00392	0.00392	0.00078	0.00392	0.00313	0.00313	0.84653
14	0.01975	0.02520	0.01498	0.01362	0.01634	0.79299	0.01021	0.02111	0.01498	0.01294	0.00817	0.00953	0.00681	0.00545	0.00477	0.00136	0.00953	0.00340	0.00272	0.00613
15	0.01029	0.00603	0.00797	0.00713	0.00887	0.00547	0.00547	0.01271	0.01499	0.15342	0.64728	0.03577	0.04351	0.01007	0.00608	0.00166	0.00284	0.00883	0.00594	0.00568
16	0.85155	0.01022	0.00777	0.00695	0.01022	0.01186	0.00573	0.01554	0.00900	0.02372	0.00736	0.00859	0.00573	0.00491	0.00327	0.00164	0.00409	0.00286	0.00327	0.00573
17	0.01308	0.01256	0.02146	0.03245	0.78123	0.01256	0.01622	0.01622	0.01204	0.01727	0.00994	0.01308	0.00837	0.00471	0.00523	0.00157	0.00628	0.00471	0.00262	0.00837
18	0.02010	0.01481	0.01587	0.01216	0.01639	0.01639	0.01005	0.76360	0.02486	0.03332	0.01269	0.01269	0.00899	0.00635	0.00529	0.00159	0.00582	0.00476	0.00529	0.00899
19	0.02010	0.01481	0.01587	0.01216	0.01639	0.01639	0.01005	0.76360	0.02486	0.03332	0.01269	0.01269	0.00899	0.00635	0.00529	0.00159	0.00582	0.00476	0.00529	0.00899
20	0.00683	0.00520	0.00628	0.00640	0.00759	0.00465	0.00465	0.00857	0.01286	0.01710	0.36232	0.22682	0.28551	0.01302	0.00636	0.00182	0.00269	0.01139	0.00530	0.00465
21	0.00631	0.00530	0.00548	0.00556	0.00721	0.00447	0.00412	0.00766	0.01201	0.01448	0.07852	0.10981	0.69393	0.01354	0.00629	0.00181	0.00270	0.01140	0.00494	0.00447
22	0.01806	0.02246	0.01513	0.15002	0.01982	0.65773	0.01099	0.01979	0.01422	0.01304	0.00838	0.01032	0.00685	0.00542	0.00486	0.00143	0.00910	0.00363	0.00266	0.00608
23	0.02023	0.01405	0.01533	0.01181	0.01598	0.01534	0.00974	0.65653	0.05138	0.11431	0.01390	0.01353	0.00970	0.00640	0.00529	0.00160	0.00561	0.00486	0.00543	0.00897
24	0.00644	0.00460	0.00613	0.00736	0.00767	0.00429	0.00491	0.00736	0.01012	0.01350	0.02914	0.81076	0.03497	0.01656	0.00675	0.00215	0.00307	0.01503	0.00491	0.00429
25	0.01309	0.01083	0.01732	0.02435	0.52544	0.01079	0.01290	0.01670	0.06115	0.08558	0.08367	0.04967	0.01445	0.00615	0.00533	0.00161	0.00533	0.00573	0.04212	0.00779
26	0.10296	0.01143	0.01491	0.55401	0.02923	0.09811	0.01292	0.01449	0.01065	0.01448	0.00881	0.01275	0.00687	0.00564	0.00615	0.00176	0.08214	0.00435	0.00249	0.00588

[dist]
# distance from previous block
# <min> <max>
3	13

[block]
# block no. 10 follows, 46 sequences, length 35
# corresponding to MSA columns:
# 396-430
name=unknown_K
#
# <colnr> <probs for GDERKNQSTAVLIFYWHMCP>
#	G	D	E	R	K	N	Q	S	T	A	V	L	I	F	Y	W	H	M	C	P
0	0.04944	0.00718	0.00919	0.00776	0.01037	0.00655	0.00620	0.01769	0.01418	0.36615	0.27655	0.02636	0.02582	0.00811	0.00538	0.00161	0.00353	0.02847	0.12264	0.00682
1	0.44290	0.01233	0.01158	0.00945	0.01314	0.01395	0.00778	0.35251	0.04770	0.02797	0.01034	0.01089	0.00762	0.00565	0.00427	0.00162	0.00487	0.00384	0.00427	0.00730
2	0.00827	0.00623	0.00775	0.00722	0.00871	0.00612	0.00546	0.01250	0.12031	0.02133	0.67307	0.03674	0.04518	0.01030	0.00612	0.00168	0.00273	0.00906	0.00576	0.00546
3	0.02010	0.01481	0.01587	0.01216	0.01639	0.01639	0.01005	0.76360	0.02486	0.03332	0.01269	0.01269	0.00899	0.00635	0.00529	0.00159	0.00582	0.00476	0.00529	0.00899
4	0.01744	0.01215	0.01427	0.01194	0.07083	0.01202	0.00903	0.37300	0.01831	0.14360	0.01278	0.01303	0.00924	0.00554	0.00488	0.00136	0.00509	0.00436	0.00465	0.25651
5	0.01140	0.00989	0.01141	0.13481	0.01611	0.01129	0.00860	0.02198	0.50592	0.01962	0.06488	0.03760	0.10798	0.00798	0.00554	0.00179	0.00434	0.00675	0.00486	0.00725
6	0.01847	0.00916	0.01173	0.00876	0.01310	0.00747	0.00715	0.02064	0.01342	0.46907	0.01614	0.01510	0.01092	0.00546	0.00474	0.00128	0.00426	0.00442	0.00514	0.35356
7	0.85155	0.01022	0.00777	0.00695	0.01022	0.01186	0.00573	0.01554	0.00900	0.02372	0.00736	0.00859	0.00573	0.00491	0.00327	0.00164	0.00409	0.00286	0.00327	0.00573
8	0.01060	0.00881	0.01121	0.00987	0.01035	0.01091	0.00748	0.09056	0.00972	0.01380	0.01217	0.02234	0.01289	0.37113	0.04780	0.00372	0.33262	0.00605	0.00305	0.00493
9	0.01315	0.01136	0.01195	0.01076	0.01375	0.01315	0.00837	0.02809	0.77168	0.02211	0.02152	0.01972	0.01614	0.00717	0.00538	0.00179	0.00418	0.00598	0.00538	0.00837
10	0.01318	0.01195	0.01862	0.08268	0.52972	0.01250	0.01407	0.01901	0.18557	0.04018	0.01286	0.01482	0.01019	0.00537	0.00527	0.00164	0.00581	0.00502	0.00334	0.00821
11	0.01528	0.00949	0.01204	0.00976	0.01278	0.00957	0.04922	0.18950	0.09345	0.20702	0.25410	0.02354	0.02365	0.00775	0.00555	0.00163	0.00427	0.00660	0.05748	0.00733
12	0.00856	0.00623	0.00759	0.00834	0.00952	0.02872	0.00667	0.01061	0.02356	0.03546	0.04294	0.25846	0.11441	0.01378	0.00662	0.00213	0.00404	0.34729	0.06022	0.00487
13	0.01222	0.01355	0.02865	0.11610	0.08388	0.01312	0.61813	0.01647	0.01222	0.01655	0.01049	0.01415	0.00793	0.00457	0.00605	0.00176	0.00850	0.00594	0.00263	0.00707
14	0.01048	0.02617	0.73789	0.01487	0.02239	0.01200	0.03722	0.01639	0.01123	0.01665	0.01123	0.01278	0.03670	0.00533	0.00510	0.00168	0.00764	0.00425	0.00235	0.00767
15	0.00720	0.00539	0.00667	0.00635	0.00772	0.00487	0.00476	0.00942	0.01429	0.01960	0.61041	0.04213	0.21892	0.01141	0.00624	0.00169	0.00254	0.00993	0.00561	0.00487
16	0.01018	0.00981	0.01599	0.10749	0.03333	0.01137	0.14953	0.01266	0.01139	0.01612	0.22361	0.02210	0.05796	0.00843	0.00995	0.00193	0.28221	0.00663	0.00349	0.00581
17	0.00646	0.00490	0.00596	0.00668	0.00752	0.00440	0.00463	0.00762	0.01108	0.01431	0.09167	0.51638	0.26901	0.01515	0.00655	0.00200	0.00290	0.01342	0.00497	0.00440
18	0.01413	0.81739	0.02770	0.00905	0.01357	0.02092	0.00905	0.01583	0.01074	0.01244	0.00735	0.00848	0.00678	0.00452	0.00339	0.00113	0.00565	0.00283	0.00226	0.00678
19	0.07726	0.01350	0.01692	0.13339	0.28898	0.08780	0.01245	0.21496	0.01549	0.07285	0.01097	0.01279	0.00832	0.00544	0.00507	0.00159	0.00630	0.00450	0.00361	0.00781
20	0.01425	0.01494	0.01868	0.02496	0.48919	0.18122	0.01380	0.01755	0.06041	0.01620	0.01052	0.03175	0.00905	0.00566	0.00612	0.00161	0.06889	0.00475	0.00285	0.00759
21	0.00656	0.00515	0.00593	0.00619	0.00744	0.00452	0.00447	0.00802	0.01211	0.01549	0.19660	0.26144	0.41980	0.01374	0.00639	0.00186	0.00275	0.01191	0.00510	0.00452
22	0.01324	0.01197	0.01790	0.16842	0.39603	0.01304	0.01368	0.09901	0.15390	0.01909	0.01220	0.01442	0.00959	0.00558	0.00562	0.00167	0.02844	0.00495	0.00336	0.00790
23	0.00652	0.00466	0.00620	0.00731	0.00768	0.00434	0.00491	0.00755	0.01048	0.01406	0.08402	0.75427	0.03606	0.01614	0.00671	0.00211	0.00303	0.01463	0.00497	0.00434
24	0.00645	0.00497	0.00590	0.00649	0.00747	0.00442	0.00455	0.00766	0.01129	0.01443	0.09923	0.44221	0.33634	0.01482	0.00650	0.00196	0.00286	0.01303	0.00498	0.00442
25	0.01413	0.81739	0.02770	0.00905	0.01357	0.02092	0.00905	0.01583	0.01074	0.01244	0.00735	0.00848	0.00678	0.00452	0.00339	0.00113	0.00565	0.00283	0.00226	0.00678
26	0.01542	0.01030	0.01087	0.00886	0.01172	0.01116	0.00715	0.42058	0.01857	0.02710	0.01477	0.01590	0.01107	0.00626	0.00456	0.00142	0.00429	0.00484	0.38803	0.00714
27	0.01096	0.00940	0.01096	0.00783	0.01253	0.00705	0.00626	0.01331	0.01096	0.01723	0.00940	0.01096	0.00783	0.00392	0.00392	0.00078	0.00392	0.00313	0.00313	0.84653
28	0.85155	0.01022	0.00777	0.00695	0.01022	0.01186	0.00573	0.01554	0.00900	0.02372	0.00736	0.00859	0.00573	0.00491	0.00327	0.00164	0.00409	0.00286	0.00327	0.00573
29	0.00687	0.00538	0.00621	0.00600	0.00752	0.00473	0.00450	0.00878	0.01351	0.01774	0.41645	0.04518	0.41403	0.01210	0.00624	0.00172	0.00259	0.01036	0.00536	0.00473
30	0.00728	0.00537	0.00681	0.00651	0.00779	0.00489	0.00486	0.00957	0.01441	0.02002	0.65697	0.07087	0.14225	0.01136	0.00626	0.00170	0.00254	0.00998	0.00567	0.00489
31	0.04277	0.00572	0.00667	0.03607	0.00755	0.00605	0.00419	0.00841	0.00803	0.01124	0.01643	0.08302	0.01875	0.66511	0.02340	0.00454	0.03746	0.00774	0.00325	0.00358
32	0.07629	0.51592	0.02219	0.00963	0.01367	0.06690	0.03769	0.03767	0.01208	0.08522	0.06973	0.01221	0.01079	0.00534	0.00404	0.00131	0.00556	0.00381	0.00314	0.00680
33	0.07971	0.33001	0.01974	0.01091	0.01408	0.01732	0.02195	0.13503	0.10755	0.01797	0.00993	0.01136	0.00828	0.00625	0.00715	0.00160	0.18689	0.00400	0.00323	0.00703
34	0.20760	0.08420	0.01480	0.01204	0.07519	0.04209	0.00915	0.32780	0.07429	0.04366	0.03754	0.01286	0.00992	0.00597	0.00490	0.00158	0.02013	0.00437	0.00426	0.00766

[dist]
# distance from previous block
# <min> <max>
1	13

[block]
# block no. 11 follows, 46 sequences, length 13
# corresponding to MSA columns:
# 446-458
name=unknown_L
#
# <colnr> <probs for GDERKNQSTAVLIFYWHMCP>
#	G	D	E	R	K	N	Q	S	T	A	V	L	I	F	Y	W	H	M	C	P
0	0.00754	0.00538	0.00677	0.00747	0.00836	0.00511	0.00531	0.00959	0.05756	0.03845	0.07582	0.55359	0.12722	0.01483	0.00656	0.00205	0.00320	0.05537	0.00504	0.00478
1	0.00649	0.00471	0.00613	0.00716	0.00764	0.00435	0.00484	0.00754	0.01056	0.01402	0.07616	0.70520	0.09375	0.01597	0.00668	0.00209	0.00300	0.01440	0.00496	0.00435
2	0.05796	0.00915	0.01480	0.70736	0.03315	0.01130	0.01357	0.01325	0.01045	0.01409	0.01049	0.06257	0.00868	0.00595	0.00526	0.00178	0.00663	0.00523	0.00256	0.00577
3	0.22596	0.02148	0.01319	0.01197	0.01483	0.59934	0.00910	0.01973	0.01350	0.01561	0.00797	0.00930	0.00654	0.00531	0.00440	0.00143	0.00818	0.00327	0.00286	0.00603
4	0.04429	0.00596	0.00631	0.00580	0.00757	0.00591	0.00449	0.03781	0.01195	0.11704	0.01718	0.01884	0.01305	0.00617	0.00393	0.00131	0.00289	0.00489	0.67901	0.00560
5	0.00713	0.00534	0.00661	0.00639	0.00771	0.00482	0.00476	0.00926	0.01400	0.01912	0.56438	0.08786	0.21967	0.01175	0.00627	0.00172	0.00257	0.01026	0.00555	0.00482
6	0.01700	0.35927	0.05810	0.01198	0.04540	0.24069	0.01020	0.10875	0.01408	0.07560	0.00949	0.01035	0.00761	0.00520	0.00432	0.00134	0.00683	0.00355	0.00311	0.00715
7	0.05714	0.00876	0.01066	0.00864	0.01203	0.00820	0.00693	0.02090	0.13925	0.36172	0.12374	0.01992	0.01763	0.00677	0.00506	0.00152	0.00394	0.00556	0.05534	0.12628
8	0.04398	0.16197	0.33329	0.01221	0.01756	0.01364	0.01328	0.09047	0.01287	0.16902	0.01138	0.01212	0.00818	0.00570	0.00576	0.00161	0.07169	0.00410	0.00343	0.00774
9	0.01673	0.18890	0.11720	0.03873	0.01660	0.01529	0.01074	0.35005	0.05184	0.09340	0.01277	0.04249	0.00982	0.00618	0.00491	0.00154	0.00578	0.00472	0.00424	0.00805
10	0.00734	0.00544	0.00688	0.00751	0.00859	0.00511	0.00585	0.00903	0.01176	0.01527	0.12968	0.21108	0.21427	0.06913	0.00814	0.00230	0.00367	0.26948	0.00489	0.00455
11	0.06515	0.19146	0.10955	0.01036	0.01464	0.06530	0.02583	0.12368	0.04668	0.09748	0.07212	0.01506	0.03533	0.00594	0.00466	0.00142	0.00546	0.00455	0.00382	0.10149
12	0.01447	0.77033	0.02695	0.00932	0.01373	0.06679	0.00912	0.01614	0.01099	0.01247	0.00740	0.00854	0.00679	0.00458	0.00347	0.00114	0.00588	0.00286	0.00229	0.00675

[dist]
# distance from previous block
# <min> <max>
0	1

[block]
# block no. 12 follows, 46 sequences, length 13
# corresponding to MSA columns:
# 460-472
name=unknown_M
#
# <colnr> <probs for GDERKNQSTAVLIFYWHMCP>
#	G	D	E	R	K	N	Q	S	T	A	V	L	I	F	Y	W	H	M	C	P
0	0.01206	0.00903	0.01079	0.00790	0.01225	0.00696	0.00632	0.01439	0.01174	0.10096	0.07356	0.01406	0.01184	0.00476	0.00426	0.00095	0.00386	0.00390	0.00372	0.68669
1	0.00883	0.02969	0.12137	0.05401	0.01263	0.00764	0.00810	0.03801	0.04439	0.01771	0.25072	0.05945	0.20185	0.01086	0.03621	0.00195	0.00447	0.03507	0.00443	0.05259
2	0.20625	0.05339	0.04597	0.01019	0.04882	0.01031	0.03123	0.02917	0.08167	0.15194	0.01264	0.03683	0.00979	0.00545	0.00441	0.00140	0.00461	0.00428	0.00393	0.24772
3	0.01841	0.00827	0.01078	0.00846	0.01208	0.00702	0.00686	0.02046	0.01421	0.51877	0.09882	0.02297	0.10371	0.00740	0.00533	0.00154	0.00401	0.00612	0.00583	0.11894
4	0.00935	0.00600	0.00765	0.00697	0.00865	0.00553	0.00532	0.01213	0.04128	0.10486	0.59858	0.03752	0.11471	0.01046	0.00610	0.00168	0.00279	0.00912	0.00580	0.00550
5	0.04536	0.04581	0.22820	0.04311	0.02024	0.01221	0.17381	0.12585	0.01433	0.21954	0.01302	0.01375	0.00896	0.00547	0.00529	0.00166	0.00666	0.00485	0.00393	0.00796
6	0.07111	0.05716	0.07319	0.10186	0.04931	0.01072	0.05164	0.05515	0.01306	0.15598	0.19097	0.02010	0.03256	0.00724	0.00652	0.00170	0.08496	0.00585	0.00419	0.00673
