[name]
unknown

[dist]
# distance from previous block
# <min> <max>
41	400

[block]
# block no. 0 follows, 41 sequences, length 10
# corresponding to MSA columns:
# 614-623
name=unknown_A
#
# <colnr> <probs for GDERKNQSTAVLIFYWHMCP>
#	G	D	E	R	K	N	Q	S	T	A	V	L	I	F	Y	W	H	M	C	P
0	0.06444	0.01282	0.04922	0.12501	0.05569	0.01303	0.05673	0.11041	0.20003	0.03261	0.01456	0.03816	0.01150	0.00661	0.00616	0.00174	0.04777	0.00544	0.00414	0.14392
1	0.01194	0.19168	0.18561	0.05455	0.07727	0.04375	0.01198	0.01481	0.01126	0.01522	0.01205	0.05778	0.01088	0.01387	0.14754	0.06084	0.00822	0.00513	0.02697	0.03861
2	0.37796	0.07936	0.16725	0.01042	0.01545	0.01308	0.02454	0.06168	0.01207	0.05117	0.00976	0.01103	0.00743	0.00529	0.00433	0.00159	0.00559	0.00367	0.00346	0.13488
3	0.01966	0.01256	0.01544	0.19007	0.08453	0.09868	0.01129	0.08629	0.01587	0.34670	0.04926	0.01753	0.01283	0.00665	0.00571	0.00176	0.00632	0.00546	0.00505	0.00835
4	0.06180	0.00767	0.00891	0.00775	0.01053	0.00665	0.00601	0.01242	0.01268	0.01953	0.17359	0.12290	0.05747	0.00912	0.00544	0.00152	0.00364	0.05776	0.09948	0.31514
5	0.01495	0.01213	0.01512	0.13181	0.01972	0.01370	0.05614	0.06149	0.49716	0.08314	0.02000	0.01951	0.01475	0.00716	0.00585	0.00191	0.00544	0.00615	0.00523	0.00864
6	0.01900	0.00944	0.01129	0.00919	0.01250	0.00925	0.00741	0.14469	0.05722	0.34280	0.06431	0.02053	0.01612	0.00724	0.00531	0.00165	0.00433	0.00584	0.24371	0.00817
7	0.00977	0.00647	0.00792	0.00760	0.00876	0.00633	0.00530	0.01253	0.07844	0.06984	0.30356	0.14471	0.03510	0.26234	0.01379	0.00308	0.00401	0.00988	0.00527	0.00530
8	0.02062	0.26009	0.07176	0.01123	0.01596	0.08246	0.01024	0.10496	0.01578	0.33037	0.01494	0.01428	0.01045	0.00616	0.00503	0.00157	0.00615	0.00456	0.00479	0.00862
9	0.00747	0.00563	0.00691	0.00699	0.00826	0.00507	0.00509	0.00944	0.01412	0.01897	0.40037	0.22015	0.24285	0.01389	0.00688	0.00196	0.00290	0.01218	0.00580	0.00507

[dist]
# distance from previous block
# <min> <max>
0	2

[block]
# block no. 1 follows, 41 sequences, length 10
# corresponding to MSA columns:
# 626-635
name=unknown_B
#
# <colnr> <probs for GDERKNQSTAVLIFYWHMCP>
#	G	D	E	R	K	N	Q	S	T	A	V	L	I	F	Y	W	H	M	C	P
0	0.01390	0.45478	0.12363	0.01115	0.03572	0.01713	0.01071	0.05166	0.03177	0.03700	0.05857	0.08446	0.03418	0.00705	0.00477	0.00153	0.00584	0.00541	0.00339	0.00733
1	0.08577	0.01052	0.07941	0.00938	0.01299	0.00828	0.00804	0.05001	0.01345	0.18731	0.05328	0.20380	0.06134	0.00937	0.00568	0.00172	0.00451	0.00791	0.00494	0.18229
2	0.23080	0.01528	0.08402	0.04213	0.01777	0.01535	0.04615	0.35036	0.05183	0.04414	0.01206	0.01299	0.00881	0.00636	0.00570	0.00180	0.03696	0.00468	0.00450	0.00830
3	0.01120	0.01105	0.02115	0.01646	0.02005	0.01052	0.37857	0.04295	0.01346	0.01800	0.05365	0.14983	0.08503	0.01121	0.04286	0.00240	0.00736	0.09367	0.00404	0.00654
4	0.01174	0.00644	0.00817	0.00764	0.00935	0.00590	0.00571	0.01348	0.01353	0.16982	0.23584	0.12904	0.11354	0.09473	0.00946	0.03834	0.00375	0.04184	0.07589	0.00578
5	0.02212	0.01006	0.01274	0.01012	0.01397	0.00946	0.00822	0.15028	0.01738	0.51337	0.02154	0.08934	0.01558	0.00800	0.00575	0.00178	0.00481	0.00657	0.06998	0.00893
6	0.00868	0.00680	0.01007	0.00885	0.01054	0.00632	0.08963	0.01109	0.01405	0.01967	0.41387	0.10948	0.11308	0.08319	0.00864	0.00218	0.00383	0.01012	0.06456	0.00535
7	0.74434	0.01319	0.09576	0.00853	0.01263	0.01288	0.00791	0.01696	0.01000	0.02480	0.00823	0.00961	0.00632	0.00532	0.00376	0.00177	0.00489	0.00323	0.00341	0.00645
8	0.01154	0.00889	0.00994	0.00952	0.01136	0.00964	0.00698	0.10063	0.27205	0.02024	0.02439	0.30858	0.02436	0.10395	0.00899	0.00245	0.00431	0.01010	0.04541	0.00667
9	0.01601	0.16039	0.13681	0.04911	0.11893	0.01451	0.01246	0.13118	0.09992	0.12256	0.01518	0.07219	0.01228	0.00694	0.00542	0.00172	0.00611	0.00566	0.00423	0.00840

[dist]
# distance from previous block
# <min> <max>
0	5

[block]
# block no. 2 follows, 41 sequences, length 6
# corresponding to MSA columns:
# 641-646
name=unknown_C
#
# <colnr> <probs for GDERKNQSTAVLIFYWHMCP>
#	G	D	E	R	K	N	Q	S	T	A	V	L	I	F	Y	W	H	M	C	P
0	0.00759	0.00589	0.00755	0.00793	0.00880	0.00585	0.00573	0.00908	0.01211	0.01620	0.17112	0.40021	0.18680	0.01704	0.05526	0.00258	0.05723	0.01290	0.00517	0.00496
1	0.00821	0.00567	0.00709	0.00713	0.00778	0.00576	0.00484	0.00942	0.01043	0.01460	0.13720	0.09975	0.05884	0.35088	0.19090	0.00508	0.00683	0.00880	0.05638	0.00442
2	0.01358	0.01239	0.05253	0.20168	0.07226	0.01255	0.11869	0.08752	0.17165	0.06177	0.06777	0.07138	0.01578	0.00740	0.00606	0.00189	0.00633	0.00675	0.00430	0.00773
3	0.16172	0.00922	0.01024	0.00909	0.01138	0.01003	0.00700	0.15878	0.03926	0.06386	0.09645	0.06151	0.01852	0.13756	0.17668	0.00399	0.00712	0.00668	0.00453	0.00637
4	0.13294	0.34367	0.05987	0.12669	0.01941	0.05887	0.06152	0.05893	0.01287	0.01783	0.05162	0.01290	0.01009	0.00565	0.00463	0.00156	0.00651	0.00425	0.00308	0.00710
5	0.04747	0.01040	0.05131	0.01260	0.10243	0.00942	0.00906	0.07469	0.08892	0.11611	0.02248	0.19196	0.06453	0.00973	0.00592	0.00184	0.00473	0.04435	0.05055	0.08149

[dist]
# distance from previous block
# <min> <max>
15	68

[block]
# block no. 3 follows, 41 sequences, length 7
# corresponding to MSA columns:
# 727-733
name=unknown_D
#
# <colnr> <probs for GDERKNQSTAVLIFYWHMCP>
#	G	D	E	R	K	N	Q	S	T	A	V	L	I	F	Y	W	H	M	C	P
0	0.06767	0.01070	0.05256	0.01011	0.01430	0.00882	0.05953	0.04406	0.01420	0.23789	0.09958	0.01872	0.01577	0.00642	0.00518	0.00149	0.00477	0.00539	0.09160	0.23122
1	0.01157	0.09393	0.01168	0.00872	0.01106	0.09557	0.00690	0.08935	0.01631	0.02105	0.40016	0.03451	0.15679	0.01027	0.00613	0.00171	0.00433	0.00856	0.00528	0.00610
2	0.06535	0.01297	0.09230	0.01095	0.01449	0.01228	0.00949	0.14540	0.30641	0.02523	0.21611	0.02401	0.02409	0.00826	0.00587	0.00184	0.00475	0.00683	0.00543	0.00795
3	0.17478	0.01173	0.01277	0.01269	0.09772	0.05730	0.00887	0.17428	0.04007	0.10074	0.14684	0.10167	0.02032	0.00838	0.00562	0.00180	0.00508	0.00686	0.00501	0.00746
4	0.01067	0.00757	0.00905	0.00890	0.01039	0.00771	0.00657	0.16934	0.01523	0.02088	0.11712	0.45135	0.03188	0.01386	0.00667	0.00207	0.00391	0.03633	0.06458	0.00592
5	0.04316	0.01247	0.05937	0.04118	0.15518	0.01261	0.02539	0.16823	0.01582	0.05458	0.17989	0.02083	0.01935	0.02333	0.00825	0.00194	0.12321	0.00628	0.02136	0.00755
6	0.00971	0.00720	0.00877	0.08903	0.01171	0.00745	0.00616	0.09240	0.01251	0.01654	0.10225	0.13283	0.11587	0.34441	0.01605	0.00347	0.00493	0.00933	0.00439	0.00500

[dist]
# distance from previous block
# <min> <max>
4	31

[block]
# block no. 4 follows, 41 sequences, length 13
# corresponding to MSA columns:
# 765-777
name=unknown_E
#
# <colnr> <probs for GDERKNQSTAVLIFYWHMCP>
#	G	D	E	R	K	N	Q	S	T	A	V	L	I	F	Y	W	H	M	C	P
0	0.08746	0.11638	0.07793	0.08692	0.01886	0.07215	0.06931	0.10105	0.04710	0.12610	0.02882	0.01588	0.04110	0.00625	0.00522	0.00163	0.00632	0.00501	0.00407	0.08244
1	0.10908	0.01346	0.11596	0.05912	0.12196	0.01214	0.07788	0.03315	0.01213	0.05534	0.03078	0.07291	0.08120	0.00800	0.00785	0.00192	0.13599	0.00638	0.00357	0.04117
2	0.01078	0.00758	0.01017	0.00899	0.01114	0.00712	0.03778	0.01380	0.05649	0.09718	0.31003	0.18551	0.07824	0.01123	0.00688	0.00185	0.03312	0.00982	0.00549	0.09681
3	0.01286	0.00999	0.01302	0.04272	0.13294	0.01079	0.00923	0.18223	0.03878	0.02135	0.10355	0.07732	0.01921	0.12036	0.08343	0.00303	0.04064	0.00711	0.06461	0.00683
4	0.00740	0.00519	0.00663	0.00750	0.00817	0.00482	0.00516	0.00882	0.01197	0.01644	0.14330	0.57030	0.08963	0.01588	0.00693	0.00214	0.00315	0.01424	0.06750	0.00482
5	0.00820	0.00575	0.00729	0.00729	0.00782	0.00602	0.00490	0.00894	0.00901	0.01220	0.02033	0.03289	0.08491	0.42837	0.28915	0.04292	0.00871	0.00774	0.00345	0.00412
6	0.01498	0.00733	0.00957	0.00815	0.01074	0.00652	0.00641	0.01739	0.01580	0.31186	0.38047	0.03338	0.08781	0.00982	0.00621	0.00177	0.00355	0.00840	0.05282	0.00704
7	0.13974	0.00975	0.01102	0.00912	0.01248	0.00985	0.00735	0.10360	0.08895	0.28215	0.10564	0.02040	0.01748	0.00729	0.00524	0.00170	0.00432	0.00580	0.13627	0.02185
8	0.01197	0.00993	0.01196	0.01077	0.01311	0.01139	0.00849	0.06110	0.30834	0.01929	0.01746	0.01999	0.01437	0.02145	0.31007	0.00474	0.06600	0.00592	0.00430	0.06934
9	0.02570	0.08693	0.14110	0.20493	0.13454	0.05024	0.12807	0.01770	0.01256	0.06970	0.01120	0.01409	0.00854	0.00568	0.00611	0.00178	0.04185	0.00498	0.02671	0.00760
10	0.01105	0.07089	0.07231	0.32297	0.02564	0.01192	0.09503	0.01430	0.01174	0.01587	0.05551	0.08724	0.01380	0.04489	0.00741	0.00198	0.04099	0.00636	0.00316	0.08695
11	0.23419	0.05067	0.01664	0.12292	0.14578	0.07992	0.06262	0.08791	0.04908	0.02155	0.06691	0.01498	0.01168	0.00607	0.00514	0.00174	0.00629	0.00493	0.00366	0.00732
12	0.11344	0.05465	0.04393	0.07465	0.10335	0.04320	0.02771	0.01438	0.01225	0.07212	0.04875	0.24212	0.07202	0.01001	0.00581	0.00189	0.00508	0.00863	0.03960	0.00641

[dist]
# distance from previous block
# <min> <max>
11	68

[block]
# block no. 5 follows, 41 sequences, length 22
# corresponding to MSA columns:
# 851-872
name=unknown_F
#
# <colnr> <probs for GDERKNQSTAVLIFYWHMCP>
#	G	D	E	R	K	N	Q	S	T	A	V	L	I	F	Y	W	H	M	C	P
0	0.13905	0.01137	0.06661	0.01068	0.01403	0.01056	0.03559	0.13522	0.06525	0.15431	0.05474	0.11570	0.02699	0.01080	0.03520	0.04629	0.00554	0.04982	0.00497	0.00727
1	0.04761	0.06315	0.01205	0.04998	0.01372	0.00937	0.00763	0.01600	0.10878	0.04703	0.13320	0.02628	0.07668	0.00799	0.00543	0.00154	0.00437	0.07354	0.00451	0.29112
2	0.09482	0.01360	0.06887	0.01177	0.01608	0.05136	0.07311	0.14851	0.07193	0.07342	0.01472	0.05877	0.01215	0.00676	0.00531	0.00160	0.00571	0.03100	0.03491	0.20562
3	0.01535	0.01316	0.09332	0.20613	0.02158	0.05064	0.01137	0.05766	0.07073	0.17971	0.01754	0.01834	0.06614	0.00661	0.00550	0.00166	0.00602	0.00541	0.00430	0.14885
4	0.07383	0.01170	0.01438	0.25167	0.02234	0.01295	0.01087	0.18066	0.14946	0.02280	0.01390	0.01634	0.01069	0.00634	0.00534	0.00169	0.00579	0.02104	0.02976	0.13847
5	0.01043	0.00872	0.01120	0.05106	0.01280	0.00983	0.00807	0.05300	0.07625	0.01798	0.14647	0.22220	0.05427	0.04996	0.01024	0.00222	0.17577	0.00926	0.00455	0.06571
6	0.01086	0.28026	0.07033	0.00897	0.01198	0.01205	0.00814	0.01376	0.03651	0.01837	0.33825	0.11883	0.03157	0.00954	0.00564	0.00167	0.00442	0.00800	0.00457	0.00631
7	0.00868	0.00668	0.00963	0.00972	0.01083	0.00647	0.06249	0.06382	0.01244	0.01661	0.02861	0.64153	0.03326	0.01599	0.00717	0.00226	0.00412	0.04925	0.00515	0.00529
8	0.01597	0.64909	0.02794	0.01213	0.07249	0.02136	0.01051	0.10296	0.01353	0.01652	0.00885	0.01010	0.00775	0.00514	0.00407	0.00132	0.00619	0.00346	0.00286	0.00775
9	0.16345	0.02333	0.41576	0.01381	0.02004	0.11053	0.01534	0.08307	0.01380	0.07462	0.01086	0.01203	0.00779	0.00572	0.00511	0.00175	0.00752	0.00415	0.00331	0.00802
10	0.01152	0.06868	0.05188	0.60893	0.09216	0.01359	0.04379	0.01532	0.01168	0.01514	0.01011	0.01460	0.00774	0.00556	0.00559	0.00184	0.00757	0.00497	0.00257	0.00678
11	0.55673	0.05120	0.05018	0.00870	0.01266	0.05490	0.00754	0.01663	0.01060	0.02252	0.00873	0.01036	0.00701	0.00657	0.03273	0.00187	0.00543	0.00334	0.00335	0.12894
12	0.01090	0.00640	0.00775	0.00714	0.00888	0.00613	0.00545	0.01425	0.05340	0.09432	0.42132	0.03275	0.03607	0.00949	0.00575	0.00166	0.00299	0.00815	0.26122	0.00599
13	0.13536	0.13216	0.08205	0.01194	0.01649	0.08220	0.05991	0.11538	0.01533	0.24492	0.01446	0.04174	0.01071	0.00646	0.00517	0.00169	0.00625	0.00502	0.00459	0.00817
14	0.04360	0.01170	0.06395	0.01087	0.01425	0.01084	0.00922	0.21419	0.02929	0.18046	0.03286	0.16480	0.01840	0.03406	0.00723	0.00202	0.03416	0.05962	0.00530	0.05319
15	0.18572	0.01584	0.01437	0.05304	0.02552	0.18394	0.00985	0.21492	0.01634	0.05148	0.01088	0.01235	0.00838	0.00635	0.00622	0.00168	0.08016	0.00428	0.02957	0.06909
16	0.03952	0.00738	0.00781	0.03471	0.00987	0.00781	0.00568	0.11251	0.04155	0.02294	0.01822	0.06226	0.01484	0.00727	0.00453	0.00150	0.00350	0.00587	0.58613	0.00609
17	0.09248	0.00992	0.01110	0.00987	0.01247	0.01045	0.00772	0.26627	0.01705	0.09145	0.02134	0.28462	0.02104	0.01100	0.00606	0.00196	0.00465	0.04842	0.06504	0.00709
18	0.01407	0.00732	0.00822	0.00729	0.00955	0.00725	0.00569	0.05722	0.06917	0.16363	0.06783	0.02318	0.04522	0.00745	0.00484	0.00153	0.00343	0.00606	0.48438	0.00667
19	0.01091	0.21966	0.01393	0.00828	0.01043	0.01084	0.00663	0.06629	0.01360	0.01805	0.26390	0.14274	0.02994	0.14919	0.00987	0.00238	0.00448	0.00853	0.00458	0.00579
20	0.07517	0.16038	0.01665	0.01203	0.05099	0.18974	0.00933	0.06212	0.01515	0.22958	0.07005	0.05642	0.01448	0.00708	0.00523	0.00162	0.00626	0.00542	0.00459	0.00771
21	0.10158	0.15342	0.16211	0.01145	0.01574	0.01285	0.06030	0.07151	0.04154	0.02019	0.15597	0.04789	0.01851	0.00981	0.06098	0.00222	0.00641	0.00596	0.00390	0.03765

[dist]
# distance from previous block
# <min> <max>
6	54

[block]
# block no. 6 follows, 41 sequences, length 8
# corresponding to MSA columns:
# 927-934
name=unknown_G
#
# <colnr> <probs for GDERKNQSTAVLIFYWHMCP>
#	G	D	E	R	K	N	Q	S	T	A	V	L	I	F	Y	W	H	M	C	P
0	0.01287	0.01040	0.06808	0.00929	0.01187	0.00918	0.00740	0.12425	0.08390	0.08183	0.01804	0.09305	0.01742	0.32383	0.01503	0.00324	0.00539	0.00732	0.00441	0.09321
1	0.00809	0.00595	0.00851	0.00856	0.00946	0.00660	0.00642	0.00990	0.00997	0.01415	0.09512	0.08531	0.02098	0.12063	0.55474	0.00749	0.01201	0.00759	0.00362	0.00492
2	0.01842	0.01558	0.06046	0.01321	0.01755	0.04311	0.04359	0.36093	0.27071	0.06983	0.01698	0.01649	0.01232	0.00697	0.00577	0.00180	0.00604	0.00559	0.00541	0.00922
3	0.01394	0.01322	0.08620	0.07576	0.01792	0.03004	0.04464	0.05543	0.15782	0.08340	0.07111	0.01730	0.01396	0.00667	0.00658	0.00164	0.07351	0.00533	0.00424	0.22129
4	0.01424	0.08126	0.30200	0.01477	0.02056	0.01504	0.09097	0.12229	0.23783	0.02201	0.01463	0.01523	0.01083	0.00623	0.00559	0.00180	0.00691	0.00520	0.00395	0.00865
5	0.13295	0.28283	0.24834	0.01343	0.01927	0.01696	0.09744	0.09390	0.01331	0.01955	0.00967	0.01127	0.00755	0.00531	0.00475	0.00161	0.00700	0.00406	0.00299	0.00780
6	0.01130	0.01048	0.01723	0.52438	0.17842	0.01196	0.01478	0.01486	0.01218	0.01637	0.07388	0.01716	0.01189	0.00601	0.00571	0.00179	0.00684	0.00543	0.00297	0.05637
7	0.21928	0.01022	0.01153	0.09870	0.01538	0.01112	0.02780	0.13757	0.07562	0.03994	0.16489	0.02509	0.12397	0.00839	0.00556	0.00182	0.00471	0.00678	0.00483	0.00681

[dist]
# distance from previous block
# <min> <max>
16	65

[block]
# block no. 7 follows, 41 sequences, length 7
# corresponding to MSA columns:
# 1018-1024
name=unknown_H
#
# <colnr> <probs for GDERKNQSTAVLIFYWHMCP>
#	G	D	E	R	K	N	Q	S	T	A	V	L	I	F	Y	W	H	M	C	P
0	0.24109	0.10288	0.01742	0.01263	0.01599	0.10966	0.06564	0.18370	0.01477	0.02245	0.00958	0.01150	0.00771	0.00654	0.00737	0.00181	0.15407	0.00427	0.00360	0.00731
1	0.00861	0.00608	0.00858	0.05373	0.01087	0.00682	0.00670	0.01060	0.00987	0.01459	0.01732	0.09759	0.01674	0.09064	0.47736	0.00658	0.01096	0.00709	0.13422	0.00505
2	0.00942	0.00649	0.00807	0.00805	0.00949	0.00625	0.00588	0.01283	0.09523	0.06926	0.29868	0.31865	0.10256	0.01350	0.00678	0.00202	0.00329	0.01195	0.00585	0.00576
3	0.00919	0.00580	0.00767	0.00813	0.00923	0.00534	0.00591	0.01083	0.01289	0.08929	0.18976	0.46326	0.07127	0.01519	0.00706	0.00216	0.00348	0.07249	0.00569	0.00536
4	0.00797	0.00584	0.00748	0.00707	0.00847	0.00534	0.00530	0.01056	0.01590	0.02225	0.69580	0.04386	0.11888	0.01195	0.00675	0.00181	0.00272	0.01050	0.00621	0.00534
5	0.11127	0.00876	0.01091	0.00886	0.01237	0.00800	0.00718	0.02171	0.01517	0.47432	0.14428	0.02515	0.08168	0.00824	0.00569	0.00177	0.00422	0.00672	0.03564	0.00807
6	0.10900	0.01310	0.01496	0.01240	0.01533	0.01545	0.01014	0.24053	0.18199	0.09684	0.01444	0.01518	0.01091	0.00775	0.00896	0.00199	0.21279	0.00524	0.00478	0.00826

[dist]
# distance from previous block
# <min> <max>
2	21

[block]
# block no. 8 follows, 41 sequences, length 29
# corresponding to MSA columns:
# 1046-1065,1069-1077
name=unknown_I
#
# <colnr> <probs for GDERKNQSTAVLIFYWHMCP>
#	G	D	E	R	K	N	Q	S	T	A	V	L	I	F	Y	W	H	M	C	P
0	0.09580	0.01387	0.01517	0.24352	0.02268	0.10797	0.01143	0.23439	0.04761	0.07162	0.01260	0.01469	0.00943	0.00903	0.06369	0.00233	0.00753	0.00492	0.00411	0.00762
1	0.49150	0.03342	0.08547	0.03773	0.11511	0.04481	0.03000	0.01711	0.01101	0.02220	0.00891	0.01078	0.00702	0.00524	0.00428	0.00169	0.00565	0.00368	0.00323	0.06116
2	0.01121	0.01082	0.01886	0.64018	0.03653	0.01259	0.10515	0.01506	0.01172	0.01534	0.01034	0.01505	0.00781	0.00551	0.00575	0.00184	0.00765	0.00518	0.00264	0.06079
3	0.01532	0.22616	0.02416	0.01525	0.01872	0.06614	0.17171	0.11457	0.03390	0.01796	0.00987	0.01253	0.00828	0.00676	0.00912	0.00185	0.23230	0.00484	0.00312	0.00743
4	0.01605	0.01409	0.11999	0.01508	0.01988	0.01154	0.22977	0.02213	0.14395	0.22464	0.10467	0.02034	0.01686	0.00685	0.00614	0.00186	0.00646	0.00651	0.00489	0.00833
5	0.00779	0.00578	0.00725	0.00700	0.00838	0.00525	0.00520	0.01016	0.01530	0.02108	0.58947	0.09252	0.17849	0.01258	0.00678	0.00186	0.00277	0.01103	0.00606	0.00525
6	0.01765	0.17821	0.01860	0.01300	0.01619	0.30501	0.01056	0.09129	0.16218	0.01795	0.01184	0.01288	0.00962	0.00667	0.00673	0.00167	0.10440	0.00442	0.00363	0.00751
7	0.00764	0.00577	0.00707	0.00704	0.00845	0.00521	0.00527	0.00978	0.01453	0.01952	0.43598	0.12976	0.25952	0.01341	0.00687	0.00194	0.00296	0.04830	0.00585	0.00514
8	0.00805	0.00598	0.00876	0.00883	0.00982	0.00669	0.00676	0.01007	0.01023	0.01460	0.10900	0.09913	0.02146	0.03664	0.60735	0.00762	0.01261	0.00762	0.00368	0.00510
9	0.01604	0.70656	0.02827	0.01040	0.01505	0.11580	0.00994	0.01783	0.01219	0.01352	0.00806	0.00932	0.00734	0.00502	0.00385	0.00125	0.00664	0.00314	0.00251	0.00725
10	0.00847	0.00643	0.00768	0.00801	0.00926	0.00618	0.00575	0.04141	0.06234	0.01682	0.07617	0.41276	0.17150	0.06642	0.00836	0.00235	0.00369	0.04955	0.00524	0.03163
11	0.01198	0.01140	0.01941	0.23298	0.02504	0.01218	0.23004	0.07201	0.08015	0.01842	0.03306	0.11566	0.07058	0.00815	0.00675	0.00197	0.03176	0.00772	0.00381	0.00692
12	0.02002	0.12223	0.01924	0.01483	0.01823	0.62529	0.06619	0.02179	0.01544	0.01426	0.00894	0.01056	0.00746	0.00569	0.00509	0.00148	0.00975	0.00384	0.00288	0.00680
13	0.01364	0.01337	0.02307	0.08827	0.54567	0.01409	0.08637	0.01694	0.01242	0.01774	0.01039	0.01416	0.00872	0.00572	0.00739	0.00184	0.10380	0.00524	0.00277	0.00838
14	0.00837	0.00599	0.00783	0.11113	0.01144	0.00621	0.00581	0.00947	0.01011	0.01379	0.05218	0.26708	0.02528	0.36910	0.01674	0.00364	0.00484	0.01023	0.05636	0.00441
15	0.00903	0.00619	0.00714	0.00669	0.00866	0.00537	0.00509	0.01097	0.01443	0.09014	0.29312	0.04745	0.44916	0.01283	0.00666	0.00187	0.00302	0.01088	0.00582	0.00549
16	0.04333	0.01156	0.10567	0.01035	0.01472	0.00862	0.00940	0.02343	0.01563	0.52648	0.14720	0.02226	0.01991	0.00762	0.00582	0.00178	0.00493	0.00628	0.00627	0.00873
17	0.01016	0.00702	0.00892	0.00846	0.00904	0.00773	0.00590	0.02972	0.00986	0.06244	0.01833	0.13483	0.01983	0.41959	0.11498	0.00480	0.11133	0.00845	0.00384	0.00478
18	0.01550	0.01657	0.01716	0.01444	0.01664	0.24243	0.10070	0.06581	0.08412	0.01648	0.01174	0.01648	0.01049	0.11342	0.01249	0.00243	0.22767	0.00542	0.00334	0.00667
19	0.01070	0.00600	0.00824	0.00815	0.00931	0.00569	0.00604	0.01135	0.01173	0.11051	0.14929	0.17470	0.07115	0.01711	0.05645	0.25156	0.00477	0.07768	0.00472	0.00487
20	0.01103	0.00933	0.01117	0.11358	0.01573	0.01010	0.00840	0.01903	0.32697	0.01901	0.02478	0.23944	0.06804	0.01043	0.00613	0.00194	0.00447	0.00910	0.00497	0.08634
21	0.00697	0.00498	0.00664	0.00796	0.00830	0.00465	0.00531	0.00796	0.01095	0.01460	0.03153	0.79525	0.03783	0.01792	0.00730	0.00232	0.00332	0.01626	0.00531	0.00465
22	0.01456	0.01161	0.01479	0.06248	0.01720	0.01206	0.06447	0.13694	0.23629	0.06578	0.01613	0.01725	0.01238	0.01080	0.10080	0.00255	0.00669	0.00544	0.00457	0.18719
23	0.09024	0.01338	0.01652	0.10860	0.01962	0.11765	0.13334	0.08299	0.01392	0.06270	0.01393	0.12097	0.01250	0.00730	0.00597	0.00172	0.02879	0.00630	0.00382	0.13974
24	0.28518	0.04659	0.01280	0.01063	0.01405	0.10780	0.00863	0.11773	0.18684	0.05810	0.01523	0.01858	0.01242	0.00723	0.00509	0.00183	0.00560	0.07361	0.00457	0.00751
25	0.12569	0.01508	0.08888	0.01507	0.01905	0.07480	0.20647	0.04522	0.04623	0.10392	0.07980	0.01660	0.01309	0.00684	0.00757	0.00190	0.11679	0.00567	0.00390	0.00744
26	0.06134	0.01267	0.01642	0.11902	0.21293	0.05662	0.01190	0.09923	0.06123	0.17886	0.03353	0.01589	0.01141	0.00611	0.00547	0.00168	0.00605	0.00512	0.00438	0.08013
27	0.10184	0.01043	0.01461	0.02479	0.09256	0.01034	0.07921	0.03967	0.10621	0.24937	0.16301	0.02338	0.02933	0.00770	0.00587	0.00182	0.00508	0.02138	0.00540	0.00797
28	0.12414	0.01291	0.11779	0.05766	0.05490	0.03195	0.05819	0.03317	0.09252	0.09613	0.11566	0.12087	0.04331	0.00857	0.00582	0.00188	0.00548	0.00735	0.00453	0.00717

[dist]
# distance from previous block
# <min> <max>
3	45

[block]
# block no. 9 follows, 41 sequences, length 24
# corresponding to MSA columns:
# 1123-1146
name=unknown_J
#
# <colnr> <probs for GDERKNQSTAVLIFYWHMCP>
#	G	D	E	R	K	N	Q	S	T	A	V	L	I	F	Y	W	H	M	C	P
0	0.13027	0.06107	0.03742	0.00831	0.01041	0.04278	0.00667	0.01280	0.03965	0.01924	0.26396	0.16018	0.09082	0.05955	0.00743	0.00210	0.00418	0.03263	0.00488	0.00565
1	0.06906	0.04801	0.01199	0.06313	0.05998	0.00910	0.03033	0.03186	0.05920	0.01945	0.23056	0.07558	0.02646	0.04548	0.00798	0.05310	0.00460	0.06188	0.03169	0.06057
2	0.17153	0.01310	0.01361	0.01242	0.07088	0.08340	0.04161	0.20833	0.06143	0.02447	0.01321	0.01541	0.01047	0.04575	0.00611	0.00180	0.00565	0.00485	0.13402	0.06195
3	0.22159	0.01722	0.26948	0.01278	0.01817	0.01176	0.10249	0.01701	0.04469	0.02000	0.01070	0.01283	0.00822	0.00619	0.00595	0.05280	0.00638	0.00432	0.03293	0.12448
4	0.05148	0.00904	0.06359	0.18488	0.01654	0.00860	0.00864	0.05594	0.01087	0.01513	0.01633	0.16061	0.01713	0.23833	0.01468	0.10600	0.00574	0.00784	0.00353	0.00508
5	0.41445	0.01371	0.01152	0.00975	0.01329	0.09918	0.00788	0.23158	0.01577	0.02693	0.01095	0.01205	0.00831	0.00598	0.00442	0.00167	0.00544	0.00402	0.09590	0.00719
6	0.01924	0.01121	0.01384	0.09774	0.01728	0.01164	0.00950	0.26548	0.04172	0.27995	0.06402	0.07339	0.01617	0.00791	0.00583	0.00179	0.00531	0.00650	0.04297	0.00851
7	0.01561	0.00743	0.00972	0.00848	0.01111	0.00653	0.00658	0.01759	0.01484	0.35562	0.19016	0.17351	0.13646	0.01118	0.00640	0.00190	0.00382	0.00962	0.00632	0.00713
8	0.00782	0.00556	0.00673	0.00689	0.00752	0.00534	0.00454	0.00888	0.01115	0.01500	0.18955	0.19055	0.11176	0.34576	0.05477	0.00386	0.00467	0.01065	0.00464	0.00436
9	0.00788	0.00584	0.00738	0.00726	0.00864	0.00534	0.00550	0.01024	0.01508	0.02066	0.53646	0.09612	0.17242	0.01289	0.00687	0.00192	0.00297	0.06529	0.00598	0.00524
10	0.00768	0.00585	0.00817	0.00822	0.00928	0.00540	0.03987	0.00943	0.01293	0.01754	0.27718	0.41841	0.10410	0.03887	0.00771	0.00219	0.00344	0.01322	0.00547	0.00502
11	0.01687	0.01272	0.01374	0.01161	0.01511	0.01422	0.00916	0.23410	0.43903	0.08302	0.02013	0.02007	0.01520	0.05964	0.00732	0.00210	0.00513	0.00616	0.00573	0.00893
12	0.01954	0.01571	0.01625	0.06049	0.01850	0.07026	0.01083	0.50583	0.17020	0.03075	0.01507	0.01510	0.01098	0.00691	0.00570	0.00176	0.00631	0.00531	0.00535	0.00917
13	0.19258	0.07086	0.05901	0.15424	0.01756	0.01175	0.00965	0.01696	0.13651	0.02865	0.04617	0.08364	0.02571	0.05731	0.00690	0.00214	0.00538	0.06438	0.00404	0.00656
14	0.67902	0.01209	0.01004	0.10434	0.01504	0.06669	0.00774	0.01697	0.01040	0.02347	0.00830	0.01010	0.00645	0.00540	0.00392	0.00177	0.00524	0.00338	0.00337	0.00625
15	0.08012	0.01199	0.01407	0.05954	0.01607	0.01353	0.00968	0.28255	0.06284	0.13622	0.01475	0.01600	0.01097	0.01001	0.06858	0.00242	0.10308	0.00524	0.07430	0.00804
16	0.00960	0.00649	0.00807	0.00780	0.00929	0.00611	0.00574	0.05903	0.01479	0.06651	0.34739	0.25910	0.13013	0.03412	0.00737	0.00206	0.00335	0.01159	0.00582	0.00561
17	0.00814	0.00616	0.00817	0.00813	0.00912	0.00651	0.00607	0.00993	0.01162	0.01621	0.19743	0.15962	0.12226	0.07112	0.25205	0.00450	0.05530	0.00959	0.03304	0.00504
18	0.01131	0.00958	0.01344	0.37136	0.02476	0.01122	0.01146	0.04376	0.18054	0.01808	0.01817	0.13399	0.01636	0.00869	0.00600	0.00198	0.00579	0.05188	0.05489	0.00671
19	0.00732	0.00528	0.00698	0.00796	0.00849	0.00500	0.00538	0.00838	0.01067	0.01440	0.02865	0.65859	0.03389	0.07184	0.06707	0.00301	0.00441	0.01451	0.00495	0.03323
20	0.01422	0.07141	0.01613	0.10642	0.06439	0.01321	0.05509	0.13927	0.22288	0.03971	0.01707	0.07188	0.01443	0.03570	0.00761	0.05310	0.00574	0.02294	0.02122	0.00758
21	0.01147	0.02959	0.76934	0.01630	0.02476	0.01328	0.02113	0.01811	0.01208	0.01811	0.01026	0.01208	0.00725	0.00543	0.00543	0.00181	0.00845	0.00423	0.00242	0.00845
22	0.01312	0.01249	0.02114	0.19628	0.57131	0.01300	0.01660	0.01654	0.01276	0.01783	0.02932	0.01601	0.02716	0.00560	0.00573	0.00175	0.00679	0.00538	0.00291	0.00829
23	0.01476	0.40657	0.07052	0.01041	0.01485	0.01716	0.00979	0.14894	0.04152	0.01937	0.06376	0.05503	0.03771	0.00680	0.00477	0.00147	0.00564	0.00513	0.00373	0.06208

[dist]
# distance from previous block
# <min> <max>
0	1

[block]
# block no. 10 follows, 41 sequences, length 23
# corresponding to MSA columns:
# 1148-1157,1161-1173
name=unknown_K
#
# <colnr> <probs for GDERKNQSTAVLIFYWHMCP>
#	G	D	E	R	K	N	Q	S	T	A	V	L	I	F	Y	W	H	M	C	P
0	0.01400	0.01261	0.01539	0.01317	0.01635	0.01456	0.08098	0.02767	0.61170	0.02244	0.02067	0.01994	0.01568	0.00768	0.00711	0.00199	0.07779	0.00636	0.00523	0.00866
1	0.06532	0.06255	0.01791	0.08456	0.01941	0.01238	0.13751	0.04625	0.15612	0.22176	0.01612	0.01641	0.01153	0.00611	0.00550	0.00170	0.00592	0.00538	0.00471	0.10285
2	0.01573	0.11041	0.21478	0.01311	0.01827	0.01517	0.03675	0.25537	0.12703	0.04075	0.08297	0.01676	0.01411	0.00678	0.00555	0.00173	0.00632	0.00540	0.00447	0.00854
3	0.01410	0.01376	0.02419	0.03409	0.69523	0.01367	0.08484	0.01763	0.01307	0.01865	0.01083	0.01427	0.00902	0.00507	0.00576	0.00172	0.00706	0.00525	0.00284	0.00894
4	0.00928	0.00602	0.00772	0.00815	0.00927	0.00568	0.00578	0.01156	0.05587	0.08627	0.13830	0.52605	0.07755	0.01521	0.00696	0.00215	0.00342	0.01361	0.00565	0.00550
5	0.01674	0.20045	0.17120	0.01634	0.09249	0.04141	0.10651	0.18477	0.01613	0.08383	0.01172	0.01297	0.00878	0.00568	0.00530	0.00164	0.00717	0.00468	0.00369	0.00850
6	0.07909	0.04868	0.01130	0.00938	0.01146	0.00997	0.00742	0.08453	0.01330	0.11510	0.02807	0.22427	0.19207	0.01177	0.00807	0.00203	0.12288	0.00941	0.00487	0.00635
7	0.00834	0.00600	0.00761	0.00845	0.00917	0.00586	0.00583	0.07630	0.01243	0.01659	0.02987	0.72271	0.03522	0.01689	0.00715	0.00227	0.00359	0.01523	0.00535	0.00512
8	0.00855	0.00626	0.00819	0.07248	0.01055	0.00663	0.00583	0.01024	0.03052	0.01443	0.14787	0.07127	0.02498	0.38264	0.17062	0.00505	0.00703	0.00832	0.00396	0.00459
9	0.01350	0.11470	0.09575	0.33142	0.08911	0.01410	0.16237	0.01738	0.01248	0.07893	0.01126	0.01446	0.00843	0.00547	0.00564	0.00179	0.00762	0.00514	0.00299	0.00746
10	0.01451	0.01406	0.08153	0.06818	0.57023	0.01277	0.01661	0.01805	0.01315	0.08107	0.01257	0.01679	0.01036	0.00581	0.00576	0.00177	0.00674	0.03803	0.00325	0.00876
11	0.01829	0.02182	0.01660	0.14132	0.02085	0.50918	0.01206	0.04451	0.01465	0.01481	0.00902	0.01158	0.00751	0.00653	0.00735	0.00171	0.12851	0.00417	0.00291	0.00663
12	0.00912	0.00732	0.01101	0.07506	0.01377	0.00733	0.07861	0.06883	0.01252	0.01669	0.02636	0.59084	0.03019	0.01473	0.00699	0.00220	0.00454	0.01350	0.00488	0.00550
13	0.00820	0.00601	0.00858	0.00858	0.00939	0.00682	0.00639	0.00982	0.00901	0.01283	0.01588	0.02556	0.01564	0.19918	0.62186	0.00844	0.01330	0.00658	0.00315	0.00477
14	0.08907	0.07873	0.01522	0.01068	0.01516	0.01354	0.00886	0.26664	0.08986	0.14859	0.01433	0.01423	0.01042	0.00609	0.00504	0.00151	0.00524	0.00462	0.00496	0.19719
15	0.01317	0.00833	0.00976	0.00844	0.01126	0.00783	0.00666	0.07462	0.08656	0.17203	0.18260	0.03655	0.26605	0.01060	0.00627	0.00181	0.00384	0.03239	0.00584	0.05539
16	0.02566	0.00973	0.01327	0.01018	0.01460	0.00841	0.00841	0.02788	0.01637	0.76726	0.02257	0.01947	0.01416	0.00708	0.00575	0.00177	0.00487	0.00575	0.00708	0.00973
17	0.00712	0.00569	0.00637	0.00646	0.00801	0.00494	0.00475	0.00881	0.01350	0.01716	0.22606	0.16159	0.48077	0.01431	0.00684	0.00196	0.00291	0.01227	0.00555	0.00494
18	0.01828	0.07931	0.05186	0.07848	0.06235	0.08987	0.01144	0.38767	0.02025	0.05236	0.05468	0.01572	0.01199	0.03277	0.00632	0.00181	0.00664	0.00521	0.00461	0.00840
19	0.00750	0.00549	0.00711	0.00787	0.00877	0.00510	0.00574	0.00916	0.01269	0.01692	0.19760	0.43462	0.13084	0.01581	0.00719	0.00220	0.00339	0.11155	0.00552	0.00492
20	0.02566	0.00973	0.01327	0.01018	0.01460	0.00841	0.00841	0.02788	0.01637	0.76726	0.02257	0.01947	0.01416	0.00708	0.00575	0.00177	0.00487	0.00575	0.00708	0.00973
21	0.01012	0.00798	0.01297	0.11447	0.01575	0.00829	0.12177	0.01198	0.01031	0.04804	0.01670	0.08815	0.01687	0.31363	0.17348	0.00481	0.00827	0.00771	0.00348	0.00524
22	0.06856	0.01345	0.01655	0.09031	0.11294	0.01435	0.01138	0.37860	0.02028	0.19440	0.01464	0.01495	0.01022	0.00649	0.00559	0.00175	0.00606	0.00515	0.00522	0.00911

[dist]
# distance from previous block
# <min> <max>
2	4

[block]
# block no. 11 follows, 41 sequences, length 67
# corresponding to MSA columns:
# 1178-1196,1198-1245
name=unknown_L
#
# <colnr> <probs for GDERKNQSTAVLIFYWHMCP>
#	G	D	E	R	K	N	Q	S	T	A	V	L	I	F	Y	W	H	M	C	P
0	0.00843	0.00618	0.00852	0.00860	0.00934	0.00688	0.00641	0.01003	0.00993	0.01414	0.05711	0.12503	0.02111	0.16912	0.39191	0.00625	0.05033	0.04484	0.04099	0.00485
1	0.08790	0.42410	0.07380	0.03621	0.08077	0.01739	0.05970	0.01682	0.01176	0.01640	0.00897	0.01079	0.00764	0.00491	0.00429	0.00137	0.00619	0.00367	0.00274	0.12459
2	0.01146	0.04975	0.01199	0.01077	0.08070	0.00822	0.00753	0.01422	0.03723	0.07227	0.16865	0.11711	0.06913	0.01046	0.04520	0.00191	0.00469	0.00744	0.00456	0.26671
3	0.01922	0.01769	0.08853	0.08476	0.01998	0.19226	0.04464	0.17898	0.10194	0.17270	0.01470	0.01502	0.01048	0.00645	0.00563	0.00173	0.00723	0.00506	0.00462	0.00840
4	0.10281	0.12113	0.10703	0.01222	0.01721	0.01450	0.04881	0.24160	0.01760	0.24066	0.01441	0.01422	0.00998	0.00623	0.00525	0.00169	0.00610	0.00481	0.00491	0.00880
5	0.00883	0.00613	0.00696	0.00664	0.00858	0.00528	0.00502	0.01062	0.01398	0.08651	0.21878	0.08689	0.48839	0.01332	0.00669	0.00191	0.00305	0.01130	0.00571	0.00541
6	0.01324	0.00902	0.01076	0.01001	0.01260	0.00911	0.00812	0.10804	0.13945	0.11278	0.04059	0.11658	0.11270	0.01167	0.00661	0.00208	0.00464	0.21850	0.00557	0.04789
7	0.06014	0.39365	0.02386	0.01196	0.01655	0.04807	0.10122	0.07957	0.01407	0.15571	0.01239	0.03801	0.00990	0.00594	0.00478	0.00153	0.00633	0.00465	0.00380	0.00785
8	0.00689	0.00559	0.00613	0.00655	0.00801	0.00483	0.00476	0.00825	0.01245	0.01526	0.04962	0.26600	0.53386	0.01550	0.00695	0.00206	0.00309	0.03412	0.00531	0.00479
9	0.00881	0.00669	0.00893	0.04662	0.01014	0.00759	0.00625	0.00996	0.00948	0.01323	0.08214	0.02990	0.01986	0.38899	0.24109	0.00577	0.08917	0.00736	0.00346	0.00454
10	0.01094	0.01031	0.01740	0.75478	0.06879	0.01274	0.01595	0.01473	0.01150	0.01478	0.01019	0.01521	0.00768	0.00569	0.00572	0.00190	0.00759	0.00508	0.00255	0.00646
11	0.01118	0.01082	0.10412	0.12644	0.07377	0.00909	0.03631	0.01449	0.01288	0.06567	0.02242	0.08024	0.02259	0.01146	0.00691	0.00226	0.00613	0.37240	0.00439	0.00643
12	0.00938	0.00803	0.01279	0.01150	0.01278	0.00954	0.07381	0.01153	0.00951	0.01381	0.01368	0.02017	0.01266	0.03398	0.58042	0.00742	0.14451	0.00600	0.00295	0.00553
13	0.60779	0.01068	0.00979	0.00828	0.01207	0.01157	0.00682	0.01996	0.01162	0.23673	0.01212	0.01219	0.00846	0.00581	0.00417	0.00177	0.00455	0.00385	0.00455	0.00720
14	0.01421	0.58246	0.24041	0.01164	0.01755	0.01997	0.01302	0.01741	0.01175	0.01478	0.00861	0.01000	0.00731	0.00505	0.00417	0.00139	0.00678	0.00339	0.00244	0.00766
15	0.01152	0.01100	0.01535	0.01338	0.01360	0.01492	0.01098	0.01292	0.00945	0.01443	0.07603	0.01722	0.01288	0.04563	0.09338	0.00323	0.60947	0.00573	0.00294	0.00595
16	0.00864	0.00540	0.00723	0.00816	0.00886	0.00498	0.00559	0.00975	0.01144	0.08191	0.03072	0.72587	0.03571	0.01695	0.00716	0.00227	0.00346	0.01532	0.00547	0.00510
17	0.00840	0.00605	0.00884	0.00884	0.00989	0.00698	0.00686	0.01050	0.00945	0.01402	0.01563	0.02237	0.01433	0.03956	0.70508	0.00847	0.01415	0.00605	0.07940	0.00513
18	0.01545	0.12693	0.04055	0.18759	0.11823	0.04675	0.16857	0.04122	0.01335	0.12289	0.01188	0.01438	0.00895	0.00581	0.00637	0.00178	0.05298	0.00516	0.00339	0.00777
19	0.01382	0.01528	0.09145	0.03185	0.59194	0.01369	0.12198	0.01771	0.01301	0.01858	0.01083	0.01415	0.00884	0.00509	0.00580	0.00174	0.00735	0.00526	0.00280	0.00881
20	0.65916	0.07687	0.01122	0.00835	0.01214	0.01389	0.00702	0.08443	0.01177	0.05905	0.00915	0.01015	0.00697	0.00550	0.00385	0.00172	0.00476	0.00340	0.00381	0.00677
21	0.01455	0.51486	0.12726	0.08150	0.01980	0.01949	0.07949	0.05496	0.01263	0.01581	0.00909	0.01092	0.00760	0.00514	0.00448	0.00145	0.00690	0.00384	0.00266	0.00756
22	0.00900	0.00688	0.00807	0.00799	0.00858	0.04578	0.00550	0.00983	0.00906	0.01212	0.01603	0.02875	0.01684	0.40051	0.34639	0.04422	0.00994	0.00699	0.00322	0.00428
23	0.09188	0.37122	0.12130	0.08040	0.01832	0.04339	0.01155	0.09573	0.03846	0.06427	0.01051	0.01168	0.00826	0.00555	0.00454	0.00153	0.00644	0.00392	0.00331	0.00773
24	0.39725	0.12706	0.08218	0.01205	0.08949	0.01377	0.00973	0.04275	0.01225	0.14977	0.01114	0.01190	0.00822	0.00559	0.00439	0.00169	0.00541	0.00392	0.00389	0.00757
25	0.02398	0.01244	0.01495	0.01146	0.01595	0.01242	0.00947	0.33623	0.02090	0.45251	0.01876	0.01700	0.01225	0.00699	0.00574	0.00175	0.00548	0.00549	0.00650	0.00973
26	0.01082	0.00641	0.00819	0.00824	0.00998	0.00579	0.00637	0.01258	0.01327	0.15263	0.09051	0.27464	0.21628	0.01422	0.00695	0.00214	0.00381	0.14565	0.00570	0.00579
27	0.01266	0.08994	0.13151	0.25188	0.06593	0.04492	0.20595	0.01740	0.04930	0.01706	0.04998	0.01574	0.01078	0.00575	0.00579	0.00180	0.00779	0.00549	0.00300	0.00734
28	0.01296	0.01612	0.10495	0.09055	0.02885	0.01447	0.53747	0.01755	0.01274	0.01755	0.01094	0.01481	0.00833	0.00544	0.00763	0.00197	0.08118	0.00619	0.00278	0.00753
29	0.00818	0.00608	0.00893	0.00893	0.00986	0.00701	0.00682	0.01004	0.00911	0.01308	0.01556	0.02381	0.01488	0.11051	0.70949	0.00887	0.01445	0.00632	0.00310	0.00496
30	0.05192	0.00818	0.01115	0.00923	0.01219	0.00747	0.06588	0.01731	0.02666	0.27129	0.16428	0.06214	0.17889	0.00964	0.00604	0.00181	0.00416	0.00829	0.07648	0.00699
31	0.01134	0.01321	0.12092	0.24864	0.02331	0.01343	0.05141	0.01431	0.01043	0.01504	0.01054	0.01610	0.00917	0.06797	0.03793	0.00259	0.27650	0.00532	0.04548	0.00637
32	0.01423	0.01229	0.01293	0.01164	0.01487	0.01423	0.00905	0.03039	0.75297	0.02393	0.02328	0.02134	0.01746	0.00776	0.00582	0.00194	0.00453	0.00647	0.00582	0.00905
33	0.00676	0.00579	0.00579	0.00579	0.00773	0.00483	0.00435	0.00821	0.01304	0.01545	0.05794	0.05505	0.76098	0.01449	0.00676	0.00193	0.00290	0.01207	0.00531	0.00483
34	0.83938	0.01106	0.00841	0.00752	0.01106	0.01283	0.00619	0.01681	0.00973	0.02566	0.00796	0.00929	0.00619	0.00531	0.00354	0.00177	0.00442	0.00310	0.00354	0.00619
35	0.01439	0.01212	0.01569	0.05310	0.01627	0.01451	0.04806	0.22248	0.08291	0.02092	0.01307	0.01812	0.01144	0.12164	0.06327	0.00303	0.25214	0.00582	0.00392	0.00712
36	0.00764	0.00549	0.00724	0.00751	0.00844	0.00509	0.00536	0.00965	0.01407	0.01956	0.46523	0.34740	0.04744	0.01421	0.00697	0.00201	0.00295	0.01274	0.00590	0.00509
37	0.01171	0.06779	0.66122	0.01524	0.02320	0.01325	0.01922	0.01772	0.01203	0.01792	0.01014	0.01191	0.00736	0.00530	0.00523	0.00169	0.00794	0.00409	0.00251	0.08453
38	0.01395	0.01140	0.01298	0.00946	0.01444	0.00976	0.00764	0.16861	0.01504	0.02232	0.01092	0.01226	0.00874	0.00479	0.00455	0.00103	0.00467	0.00376	0.00388	0.65980
39	0.02174	0.01602	0.01717	0.01316	0.01774	0.01774	0.01087	0.74423	0.02689	0.03605	0.01373	0.01373	0.00973	0.00687	0.00572	0.00172	0.00629	0.00515	0.00572	0.00973
40	0.00941	0.00795	0.01156	0.01085	0.01158	0.01010	0.00868	0.01122	0.00907	0.01342	0.01310	0.01964	0.01237	0.03354	0.56071	0.00729	0.23538	0.00581	0.00290	0.00543
41	0.00810	0.00585	0.00765	0.00720	0.00855	0.00540	0.00540	0.01079	0.01619	0.02294	0.76028	0.04273	0.05397	0.01169	0.00675	0.00180	0.00270	0.01034	0.00630	0.00540
42	0.00688	0.00580	0.00596	0.00592	0.00780	0.00488	0.00444	0.00844	0.01332	0.01612	0.12075	0.05395	0.69775	0.01424	0.00676	0.00192	0.00288	0.01192	0.00540	0.00488
43	0.01033	0.00938	0.01577	0.49349	0.02936	0.01089	0.07961	0.01336	0.01116	0.01463	0.04914	0.02123	0.01285	0.16177	0.04170	0.00291	0.00748	0.00617	0.00296	0.00582
44	0.01146	0.01100	0.01911	0.62803	0.14273	0.01295	0.06337	0.01528	0.01180	0.01544	0.01034	0.01510	0.00790	0.00557	0.00578	0.00188	0.00764	0.00519	0.00261	0.00683
45	0.00830	0.00560	0.00652	0.00652	0.00662	0.00570	0.00382	0.00850	0.00840	0.01130	0.01776	0.03599	0.02017	0.72623	0.10101	0.00590	0.00649	0.00811	0.00343	0.00362
46	0.00697	0.00498	0.00664	0.00796	0.00830	0.00465	0.00531	0.00796	0.01095	0.01460	0.03153	0.79525	0.03783	0.01792	0.00730	0.00232	0.00332	0.01626	0.00531	0.00465
47	0.01678	0.66004	0.02721	0.01028	0.01495	0.09085	0.00978	0.01862	0.01247	0.08092	0.00934	0.01020	0.00795	0.00518	0.00399	0.00130	0.00639	0.00336	0.00291	0.00749
48	0.02546	0.01006	0.01348	0.01033	0.01476	0.00889	0.00854	0.06514	0.01692	0.72923	0.02211	0.01917	0.01393	0.00707	0.00575	0.00177	0.00494	0.00572	0.00701	0.00973
49	0.01264	0.01298	0.02403	0.08846	0.02466	0.01174	0.40031	0.01651	0.01270	0.01810	0.01092	0.01408	0.00850	0.00469	0.00571	0.00152	0.00743	0.00534	0.00305	0.31663
50	0.01183	0.01144	0.02007	0.54078	0.20877	0.01307	0.08126	0.01564	0.01199	0.01590	0.01043	0.01501	0.00806	0.00549	0.00580	0.00186	0.00761	0.00524	0.00264	0.00711
51	0.00782	0.00635	0.00685	0.00683	0.00854	0.00586	0.00508	0.01060	0.07894	0.01649	0.10855	0.08834	0.49062	0.08625	0.00882	0.00231	0.00341	0.04791	0.00527	0.00514
52	0.11724	0.01432	0.12288	0.01189	0.01568	0.01301	0.01089	0.08031	0.01202	0.01952	0.00941	0.01193	0.00783	0.00654	0.00888	0.00168	0.24366	0.00412	0.00321	0.28497
53	0.01470	0.01832	0.08333	0.01304	0.01572	0.35061	0.04771	0.01737	0.04699	0.01533	0.01731	0.25063	0.01796	0.00997	0.00643	0.00188	0.03033	0.03223	0.00381	0.00631
54	0.00697	0.00498	0.00664	0.00796	0.00830	0.00465	0.00531	0.00796	0.01095	0.01460	0.03153	0.79525	0.03783	0.01792	0.00730	0.00232	0.00332	0.01626	0.00531	0.00465
55	0.01475	0.00967	0.01123	0.00983	0.01276	0.01010	0.00769	0.02347	0.35473	0.18845	0.22101	0.02837	0.06511	0.00901	0.00610	0.00186	0.00403	0.00763	0.00620	0.00801
56	0.01707	0.01285	0.05540	0.05516	0.16807	0.02455	0.05754	0.09693	0.13805	0.21447	0.01803	0.08650	0.01420	0.00743	0.00592	0.00184	0.00592	0.00653	0.00492	0.00862
57	0.00817	0.00613	0.00919	0.00919	0.01021	0.00715	0.00715	0.01021	0.00919	0.01328	0.01532	0.02247	0.01430	0.04290	0.77631	0.00919	0.01532	0.00613	0.00306	0.00511
58	0.00697	0.00498	0.00664	0.00796	0.00830	0.00465	0.00531	0.00796	0.01095	0.01460	0.03153	0.79525	0.03783	0.01792	0.00730	0.00232	0.00332	0.01626	0.00531	0.00465
59	0.01106	0.02732	0.69900	0.01553	0.02324	0.01249	0.01967	0.01718	0.01197	0.01779	0.01223	0.08431	0.01007	0.00659	0.00561	0.00186	0.00798	0.00534	0.00268	0.00810
60	0.02002	0.01359	0.13304	0.01513	0.13365	0.01045	0.01182	0.04772	0.05657	0.43249	0.01894	0.05237	0.01338	0.00703	0.00576	0.00180	0.00569	0.00590	0.00549	0.00916
61	0.00892	0.00548	0.00724	0.00801	0.00882	0.00506	0.00554	0.01018	0.01176	0.08474	0.06617	0.65158	0.03540	0.01610	0.00698	0.00220	0.00340	0.01451	0.04274	0.00518
62	0.01266	0.01281	0.01757	0.17092	0.04520	0.05394	0.01329	0.01451	0.00981	0.01411	0.00822	0.01301	0.00758	0.00878	0.01503	0.00230	0.56637	0.00496	0.00254	0.00639
63	0.09189	0.06054	0.30890	0.01433	0.05593	0.02586	0.01425	0.15501	0.10609	0.09320	0.01334	0.01389	0.00961	0.00609	0.00531	0.00176	0.00669	0.00469	0.00402	0.00862
64	0.01435	0.01237	0.02057	0.19653	0.38510	0.01271	0.07421	0.05515	0.01358	0.07917	0.01243	0.03925	0.01003	0.00583	0.00576	0.00175	0.00681	0.00556	0.00337	0.04549
65	0.24081	0.17014	0.09150	0.03434	0.01655	0.01380	0.06418	0.02080	0.05116	0.22563	0.01334	0.01361	0.00953	0.00583	0.00478	0.00169	0.00577	0.00444	0.00423	0.00789
66	0.00975	0.00916	0.07996	0.00990	0.01141	0.00800	0.04536	0.01142	0.01090	0.04873	0.09513	0.24785	0.02529	0.25166	0.01497	0.00318	0.09800	0.00983	0.00420	0.00529

[dist]
# distance from previous block
# <min> <max>
0	24

[block]
# block no. 12 follows, 41 sequences, length 17
