[name]
unknown

[dist]
# distance from previous block
# <min> <max>
0	853

[block]
# block no. 0 follows, 50 sequences, length 11
# corresponding to MSA columns:
# 865-875
name=unknown_A
#
# <colnr> <probs for GDERKNQSTAVLIFYWHMCP>
#	G	D	E	R	K	N	Q	S	T	A	V	L	I	F	Y	W	H	M	C	P
0	0.00748	0.00534	0.00740	0.00855	0.00945	0.00526	0.00707	0.00937	0.01093	0.01430	0.02670	0.27268	0.02990	0.01429	0.00674	0.00222	0.00411	0.54919	0.00460	0.00444
1	0.01009	0.01335	0.23023	0.04233	0.01725	0.00920	0.19111	0.03193	0.03062	0.05292	0.23152	0.05435	0.04897	0.00704	0.00547	0.00162	0.00554	0.00654	0.00368	0.00623
2	0.00656	0.00470	0.00627	0.00698	0.00762	0.00441	0.00501	0.00800	0.01105	0.01503	0.24577	0.51667	0.03654	0.01387	0.00628	0.00192	0.00292	0.09122	0.00487	0.00429
3	0.01036	0.05715	0.66372	0.01393	0.02050	0.01217	0.04137	0.01611	0.04967	0.01569	0.00935	0.01094	0.00682	0.00500	0.00530	0.00160	0.04697	0.00384	0.00227	0.00724
4	0.01862	0.02376	0.01413	0.01284	0.01541	0.80482	0.00963	0.01990	0.01413	0.01220	0.00770	0.00899	0.00642	0.00514	0.00449	0.00128	0.00899	0.00321	0.00257	0.00578
5	0.00725	0.00483	0.00544	0.00544	0.00544	0.00483	0.00302	0.00725	0.00725	0.00966	0.01571	0.03262	0.01812	0.82483	0.02537	0.00483	0.00483	0.00725	0.00302	0.00302
6	0.01234	0.01184	0.02023	0.03059	0.79373	0.01184	0.01530	0.01530	0.01135	0.01628	0.00938	0.01234	0.00790	0.00444	0.00493	0.00148	0.00592	0.00444	0.00247	0.00790
7	0.01895	0.01396	0.01496	0.01147	0.01546	0.01546	0.00947	0.77711	0.02344	0.03141	0.01197	0.01197	0.00848	0.00598	0.00499	0.00150	0.00548	0.00449	0.00499	0.00848
8	0.00712	0.00534	0.00801	0.00801	0.00890	0.00623	0.00623	0.00890	0.00801	0.01157	0.01335	0.01958	0.01246	0.03738	0.80507	0.00801	0.01335	0.00534	0.00267	0.00445
9	0.18121	0.00870	0.01076	0.00843	0.01214	0.00806	0.00696	0.02246	0.01317	0.65026	0.01725	0.01528	0.01102	0.00588	0.00465	0.00154	0.00417	0.00457	0.00558	0.00790
10	0.80688	0.00991	0.00781	0.00687	0.01001	0.01145	0.00566	0.06284	0.00943	0.02294	0.00726	0.00834	0.00559	0.00471	0.00320	0.00154	0.00396	0.00281	0.00320	0.00559

[dist]
# distance from previous block
# <min> <max>
0	2

[block]
# block no. 1 follows, 50 sequences, length 54
# corresponding to MSA columns:
# 878-931
name=unknown_B
#
# <colnr> <probs for GDERKNQSTAVLIFYWHMCP>
#	G	D	E	R	K	N	Q	S	T	A	V	L	I	F	Y	W	H	M	C	P
0	0.01087	0.03800	0.59952	0.03073	0.02023	0.01205	0.03140	0.05492	0.12251	0.01715	0.01071	0.01183	0.00774	0.00507	0.00479	0.00158	0.00675	0.00404	0.00269	0.00743
1	0.00597	0.00505	0.00515	0.00513	0.00678	0.00424	0.00385	0.00730	0.01154	0.01389	0.09851	0.04727	0.74343	0.01247	0.00589	0.00168	0.00251	0.01042	0.00468	0.00424
2	0.86003	0.00964	0.00733	0.00655	0.00964	0.01118	0.00540	0.01465	0.00848	0.02236	0.00694	0.00810	0.00540	0.00463	0.00308	0.00154	0.00386	0.00270	0.00308	0.00540
3	0.01034	0.00886	0.01034	0.00738	0.01181	0.00664	0.00591	0.01255	0.01034	0.01624	0.00886	0.01034	0.00738	0.00369	0.00369	0.00074	0.00369	0.00295	0.00295	0.85530
4	0.00725	0.00483	0.00544	0.00544	0.00544	0.00483	0.00302	0.00725	0.00725	0.00966	0.01571	0.03262	0.01812	0.82483	0.02537	0.00483	0.00483	0.00725	0.00302	0.00302
5	0.01091	0.01091	0.01527	0.01309	0.01309	0.01527	0.01091	0.01200	0.00763	0.01200	0.00654	0.01091	0.00654	0.00872	0.01636	0.00218	0.81570	0.00436	0.00218	0.00545
6	0.01248	0.01221	0.02042	0.02977	0.74444	0.03228	0.04413	0.01544	0.01144	0.01617	0.00936	0.01229	0.00784	0.00445	0.00496	0.00148	0.00610	0.00446	0.00247	0.00780
7	0.01112	0.00758	0.00754	0.08385	0.01039	0.06776	0.00564	0.09987	0.01217	0.01900	0.01440	0.01658	0.01121	0.00570	0.00388	0.00126	0.00361	0.00450	0.60870	0.00526
8	0.00725	0.00483	0.00544	0.00544	0.00544	0.00483	0.00302	0.00725	0.00725	0.00966	0.01571	0.03262	0.01812	0.82483	0.02537	0.00483	0.00483	0.00725	0.00302	0.00302
9	0.03654	0.01340	0.01426	0.01117	0.01497	0.01492	0.00915	0.65176	0.13320	0.02969	0.01306	0.01284	0.00938	0.00607	0.00496	0.00153	0.00523	0.00461	0.00496	0.00832
10	0.02057	0.01136	0.01335	0.01024	0.01416	0.01160	0.00846	0.42016	0.01909	0.39451	0.01562	0.01434	0.01031	0.00607	0.00500	0.00152	0.00490	0.00474	0.00555	0.00848
11	0.00666	0.00508	0.00611	0.00586	0.00720	0.00453	0.00439	0.00864	0.01317	0.01777	0.53899	0.04089	0.30053	0.01102	0.00588	0.00161	0.00241	0.00953	0.00519	0.00453
12	0.00705	0.00510	0.00666	0.00627	0.00745	0.00470	0.00470	0.00941	0.01411	0.01999	0.79110	0.03723	0.04703	0.01019	0.00588	0.00157	0.00235	0.00901	0.00549	0.00470
13	0.86003	0.00964	0.00733	0.00655	0.00964	0.01118	0.00540	0.01465	0.00848	0.02236	0.00694	0.00810	0.00540	0.00463	0.00308	0.00154	0.00386	0.00270	0.00308	0.00540
14	0.01034	0.00886	0.01034	0.00738	0.01181	0.00664	0.00591	0.01255	0.01034	0.01624	0.00886	0.01034	0.00738	0.00369	0.00369	0.00074	0.00369	0.00295	0.00295	0.85530
15	0.01862	0.02376	0.01413	0.01284	0.01541	0.80482	0.00963	0.01990	0.01413	0.01220	0.00770	0.00899	0.00642	0.00514	0.00449	0.00128	0.00899	0.00321	0.00257	0.00578
16	0.86003	0.00964	0.00733	0.00655	0.00964	0.01118	0.00540	0.01465	0.00848	0.02236	0.00694	0.00810	0.00540	0.00463	0.00308	0.00154	0.00386	0.00270	0.00308	0.00540
17	0.01895	0.01396	0.01496	0.01147	0.01546	0.01546	0.00947	0.77711	0.02344	0.03141	0.01197	0.01197	0.00848	0.00598	0.00499	0.00150	0.00548	0.00449	0.00499	0.00848
18	0.86003	0.00964	0.00733	0.00655	0.00964	0.01118	0.00540	0.01465	0.00848	0.02236	0.00694	0.00810	0.00540	0.00463	0.00308	0.00154	0.00386	0.00270	0.00308	0.00540
19	0.01234	0.01184	0.02023	0.03059	0.79373	0.01184	0.01530	0.01530	0.01135	0.01628	0.00938	0.01234	0.00790	0.00444	0.00493	0.00148	0.00592	0.00444	0.00247	0.00790
20	0.01895	0.01396	0.01496	0.01147	0.01546	0.01546	0.00947	0.77711	0.02344	0.03141	0.01197	0.01197	0.00848	0.00598	0.00499	0.00150	0.00548	0.00449	0.00499	0.00848
21	0.01862	0.02376	0.01413	0.01284	0.01541	0.80482	0.00963	0.01990	0.01413	0.01220	0.00770	0.00899	0.00642	0.00514	0.00449	0.00128	0.00899	0.00321	0.00257	0.00578
22	0.00814	0.00685	0.00736	0.00689	0.00819	0.07975	0.00517	0.01039	0.01411	0.01926	0.71762	0.03458	0.04322	0.00972	0.00575	0.00154	0.00297	0.00847	0.00521	0.00480
23	0.00589	0.00505	0.00505	0.00505	0.00673	0.00421	0.00379	0.00715	0.01136	0.01347	0.05049	0.04797	0.79171	0.01262	0.00589	0.00168	0.00252	0.01052	0.00463	0.00421
24	0.01333	0.82783	0.02612	0.00853	0.01279	0.01972	0.00853	0.01493	0.01013	0.01173	0.00693	0.00800	0.00640	0.00426	0.00320	0.00107	0.00533	0.00267	0.00213	0.00640
25	0.02236	0.00848	0.01157	0.00887	0.01272	0.00733	0.00733	0.02429	0.01427	0.79719	0.01966	0.01697	0.01234	0.00617	0.00501	0.00154	0.00424	0.00501	0.00617	0.00848
26	0.00700	0.00500	0.00685	0.00800	0.00870	0.00485	0.00625	0.00855	0.01046	0.01377	0.02696	0.45786	0.03093	0.01474	0.00661	0.00215	0.00370	0.36869	0.00461	0.00431
27	0.00607	0.00434	0.00578	0.00694	0.00723	0.00405	0.00463	0.00694	0.00954	0.01272	0.02747	0.82157	0.03297	0.01562	0.00636	0.00202	0.00289	0.01417	0.00463	0.00405
28	0.00725	0.00483	0.00544	0.00544	0.00544	0.00483	0.00302	0.00725	0.00725	0.00966	0.01571	0.03262	0.01812	0.82483	0.02537	0.00483	0.00483	0.00725	0.00302	0.00302
29	0.00705	0.00510	0.00666	0.00627	0.00745	0.00470	0.00470	0.00941	0.01411	0.01999	0.79110	0.03723	0.04703	0.01019	0.00588	0.00157	0.00235	0.00901	0.00549	0.00470
30	0.00725	0.00483	0.00544	0.00544	0.00544	0.00483	0.00302	0.00725	0.00725	0.00966	0.01571	0.03262	0.01812	0.82483	0.02537	0.00483	0.00483	0.00725	0.00302	0.00302
31	0.86003	0.00964	0.00733	0.00655	0.00964	0.01118	0.00540	0.01465	0.00848	0.02236	0.00694	0.00810	0.00540	0.00463	0.00308	0.00154	0.00386	0.00270	0.00308	0.00540
32	0.01234	0.01184	0.02023	0.03059	0.79373	0.01184	0.01530	0.01530	0.01135	0.01628	0.00938	0.01234	0.00790	0.00444	0.00493	0.00148	0.00592	0.00444	0.00247	0.00790
33	0.00969	0.00914	0.01545	0.73947	0.10556	0.01115	0.01398	0.01298	0.01010	0.01307	0.00891	0.01320	0.00676	0.00493	0.00498	0.00164	0.00658	0.00443	0.00224	0.00576
34	0.02236	0.00848	0.01157	0.00887	0.01272	0.00733	0.00733	0.02429	0.01427	0.79719	0.01966	0.01697	0.01234	0.00617	0.00501	0.00154	0.00424	0.00501	0.00617	0.00848
35	0.01495	0.01317	0.01810	0.02307	0.48467	0.05234	0.01299	0.28035	0.01569	0.02134	0.01019	0.01204	0.00802	0.00501	0.00493	0.00148	0.00592	0.00440	0.00335	0.00799
36	0.01232	0.01189	0.02047	0.03034	0.77361	0.01186	0.03522	0.01531	0.01136	0.01628	0.00939	0.01237	0.00789	0.00443	0.00496	0.00149	0.00599	0.00448	0.00247	0.00786
37	0.00607	0.00434	0.00578	0.00694	0.00723	0.00405	0.00463	0.00694	0.00954	0.01272	0.02747	0.82157	0.03297	0.01562	0.00636	0.00202	0.00289	0.01417	0.00463	0.00405
38	0.00941	0.00873	0.01464	0.78857	0.03347	0.01088	0.01353	0.01270	0.00998	0.01291	0.00908	0.01345	0.00683	0.00501	0.00494	0.00165	0.00651	0.00444	0.02776	0.00551
39	0.00635	0.00479	0.00695	0.00764	0.00816	0.00447	0.04278	0.00739	0.00965	0.01288	0.02661	0.78158	0.03171	0.01505	0.00634	0.00201	0.00316	0.01376	0.00452	0.00418
40	0.01651	0.01744	0.01643	0.01871	0.28598	0.35384	0.01157	0.18648	0.01523	0.01789	0.00923	0.01081	0.00739	0.00508	0.00476	0.00140	0.00714	0.00392	0.00307	0.00711
41	0.01225	0.01175	0.02007	0.05444	0.77059	0.01182	0.01525	0.01522	0.01131	0.01618	0.00936	0.01237	0.00786	0.00446	0.00494	0.00149	0.00594	0.00444	0.00246	0.00782
42	0.00693	0.00507	0.00651	0.00628	0.00745	0.00465	0.00471	0.00910	0.01355	0.01888	0.66292	0.07877	0.11323	0.01079	0.00593	0.00162	0.00246	0.03117	0.00534	0.00462
43	0.06165	0.01327	0.01440	0.04283	0.01577	0.01466	0.00933	0.67069	0.02169	0.06811	0.01197	0.01207	0.00844	0.00588	0.00489	0.00151	0.00539	0.00442	0.00484	0.00820
44	0.01016	0.06547	0.76075	0.01393	0.02114	0.01198	0.01793	0.01574	0.01050	0.01558	0.00885	0.01040	0.00632	0.00471	0.00466	0.00155	0.00727	0.00363	0.00211	0.00732
45	0.00607	0.00434	0.00578	0.00694	0.00723	0.00405	0.00463	0.00694	0.00954	0.01272	0.02747	0.82157	0.03297	0.01562	0.00636	0.00202	0.00289	0.01417	0.00463	0.00405
46	0.00621	0.00506	0.00549	0.00538	0.00693	0.00434	0.00404	0.00776	0.01211	0.01523	0.25125	0.04506	0.58985	0.01196	0.00589	0.00165	0.00248	0.01011	0.00486	0.00434
47	0.01091	0.01091	0.01527	0.01309	0.01309	0.01527	0.01091	0.01200	0.00763	0.01200	0.00654	0.01091	0.00654	0.00872	0.01636	0.00218	0.81570	0.00436	0.00218	0.00545
48	0.01265	0.01195	0.01660	0.36384	0.27717	0.08317	0.01327	0.13097	0.01285	0.01670	0.00940	0.01239	0.00731	0.00497	0.00492	0.00154	0.00644	0.00433	0.00275	0.00678
49	0.01895	0.01396	0.01496	0.01147	0.01546	0.01546	0.00947	0.77711	0.02344	0.03141	0.01197	0.01197	0.00848	0.00598	0.00499	0.00150	0.00548	0.00449	0.00499	0.00848
50	0.01727	0.17989	0.12774	0.01029	0.01470	0.01210	0.02705	0.12506	0.07316	0.34168	0.01429	0.01356	0.00984	0.00555	0.00462	0.00146	0.00515	0.00434	0.00443	0.00781
51	0.13204	0.11007	0.01385	0.01033	0.03002	0.14184	0.04114	0.07885	0.09229	0.20852	0.01391	0.08241	0.01117	0.00630	0.00460	0.00150	0.00527	0.00496	0.00409	0.00683
52	0.00742	0.00545	0.00720	0.00702	0.00749	0.00604	0.00495	0.00842	0.00828	0.01163	0.09465	0.02663	0.01817	0.38172	0.32534	0.00555	0.06054	0.00650	0.00309	0.00391
53	0.01173	0.01052	0.03190	0.04047	0.10870	0.00913	0.12408	0.03268	0.07443	0.05664	0.01066	0.01220	0.00834	0.00435	0.00445	0.00116	0.00494	0.00400	0.00317	0.44646

[dist]
# distance from previous block
# <min> <max>
1	6

[block]
# block no. 2 follows, 50 sequences, length 18
# corresponding to MSA columns:
# 938-955
name=unknown_C
#
# <colnr> <probs for GDERKNQSTAVLIFYWHMCP>
#	G	D	E	R	K	N	Q	S	T	A	V	L	I	F	Y	W	H	M	C	P
0	0.00689	0.00468	0.00590	0.00654	0.00726	0.00433	0.00452	0.00817	0.01007	0.01439	0.08174	0.59147	0.02943	0.01301	0.00572	0.00178	0.00280	0.01167	0.14090	0.04872
1	0.01233	0.39218	0.17755	0.02680	0.08146	0.04760	0.13225	0.01557	0.02645	0.01398	0.02595	0.01071	0.00778	0.00459	0.00425	0.00134	0.00634	0.00377	0.00237	0.00672
2	0.01050	0.00913	0.08692	0.00866	0.01075	0.00823	0.00737	0.13091	0.08189	0.03801	0.01577	0.02475	0.01473	0.19488	0.14445	0.03145	0.00628	0.10279	0.06708	0.00543
3	0.02148	0.00822	0.01110	0.00858	0.01225	0.00714	0.00707	0.02343	0.01401	0.74431	0.01943	0.01708	0.01237	0.00614	0.00491	0.00152	0.00411	0.00499	0.06364	0.00822
4	0.01173	0.01044	0.01519	0.38538	0.18052	0.01201	0.01231	0.10127	0.18618	0.01735	0.01188	0.01415	0.00903	0.00539	0.00499	0.00161	0.00576	0.00471	0.00322	0.00687
5	0.00705	0.00510	0.00666	0.00627	0.00745	0.00470	0.00470	0.00941	0.01411	0.01999	0.79110	0.03723	0.04703	0.01019	0.00588	0.00157	0.00235	0.00901	0.00549	0.00470
6	0.06353	0.01310	0.01373	0.01077	0.01449	0.03068	0.00883	0.59996	0.08040	0.06596	0.01277	0.01268	0.00912	0.00596	0.00483	0.00150	0.00518	0.00448	0.03396	0.00808
7	0.00705	0.00510	0.00666	0.00627	0.00745	0.00470	0.00470	0.00941	0.01411	0.01999	0.79110	0.03723	0.04703	0.01019	0.00588	0.00157	0.00235	0.00901	0.00549	0.00470
8	0.00911	0.00784	0.01061	0.00956	0.00980	0.01011	0.00746	0.01012	0.00778	0.01170	0.01088	0.01882	0.01114	0.23210	0.16712	0.00393	0.39698	0.00534	0.05504	0.00456
9	0.00725	0.00483	0.00544	0.00544	0.00544	0.00483	0.00302	0.00725	0.00725	0.00966	0.01571	0.03262	0.01812	0.82483	0.02537	0.00483	0.00483	0.00725	0.00302	0.00302
10	0.01174	0.01083	0.03754	0.01454	0.01754	0.01097	0.34667	0.01466	0.01109	0.08674	0.08545	0.01602	0.01214	0.00618	0.00785	0.00170	0.18933	0.00555	0.10726	0.00616
11	0.01188	0.37261	0.35261	0.01189	0.04322	0.06380	0.01286	0.01525	0.01056	0.01368	0.00884	0.04565	0.00760	0.00503	0.00413	0.00135	0.00633	0.00371	0.00227	0.00672
12	0.00726	0.00533	0.00573	0.00554	0.00734	0.00452	0.00425	0.00867	0.01174	0.07243	0.08943	0.04533	0.66522	0.01204	0.00586	0.00169	0.00271	0.03555	0.00479	0.00457
13	0.00701	0.00569	0.00691	0.00752	0.05594	0.00532	0.00509	0.00918	0.04847	0.01509	0.20564	0.11060	0.38760	0.04941	0.05612	0.00221	0.00357	0.00944	0.00451	0.00467
14	0.01260	0.70458	0.08421	0.00880	0.01307	0.01797	0.00900	0.01458	0.01046	0.01266	0.06566	0.01037	0.00943	0.00474	0.00352	0.00114	0.00526	0.00322	0.00238	0.00634
15	0.16395	0.04663	0.06564	0.08232	0.01415	0.01139	0.00843	0.01879	0.34950	0.01867	0.06809	0.05353	0.02872	0.00680	0.00523	0.00165	0.04058	0.00539	0.00399	0.00655
16	0.35346	0.18774	0.10786	0.00934	0.01336	0.01294	0.05460	0.08019	0.01123	0.07745	0.04380	0.01098	0.00849	0.00502	0.00391	0.00145	0.00497	0.00361	0.00323	0.00639
17	0.21404	0.22869	0.15894	0.00997	0.04505	0.01290	0.00934	0.07309	0.01098	0.06892	0.00931	0.01124	0.00755	0.05536	0.00518	0.00156	0.00517	0.00353	0.00296	0.06620

[dist]
# distance from previous block
# <min> <max>
0	22

[block]
# block no. 3 follows, 50 sequences, length 19
# corresponding to MSA columns:
# 978-996
name=unknown_D
#
# <colnr> <probs for GDERKNQSTAVLIFYWHMCP>
#	G	D	E	R	K	N	Q	S	T	A	V	L	I	F	Y	W	H	M	C	P
0	0.01348	0.30789	0.32122	0.01113	0.01642	0.01364	0.03143	0.01723	0.03722	0.15559	0.01089	0.02494	0.00822	0.00507	0.00430	0.00140	0.00591	0.00386	0.00300	0.00717
1	0.09249	0.41063	0.05277	0.00996	0.01375	0.16126	0.00905	0.12688	0.01267	0.03196	0.00814	0.00915	0.00674	0.00491	0.00420	0.00128	0.03164	0.00318	0.00280	0.00655
2	0.00821	0.00576	0.00809	0.00785	0.00888	0.00650	0.00601	0.04411	0.00889	0.03723	0.01380	0.02047	0.01287	0.11514	0.64331	0.00701	0.01155	0.00547	0.02423	0.00462
3	0.01189	0.06845	0.18973	0.14731	0.01824	0.01189	0.01115	0.09565	0.25112	0.04355	0.08771	0.01622	0.01343	0.00607	0.00492	0.00158	0.00528	0.00498	0.00379	0.00705
4	0.00713	0.00731	0.09147	0.00687	0.00882	0.00534	0.00599	0.00963	0.01316	0.01819	0.55401	0.03658	0.19654	0.01011	0.00576	0.00159	0.00293	0.00875	0.00495	0.00489
5	0.00687	0.00505	0.00642	0.00615	0.00735	0.00461	0.00459	0.00901	0.01356	0.01885	0.66451	0.07447	0.13852	0.01074	0.00590	0.00160	0.00240	0.00944	0.00534	0.00461
6	0.01048	0.00991	0.06640	0.00789	0.01239	0.00693	0.00679	0.01290	0.01042	0.03564	0.00972	0.03618	0.00824	0.00421	0.00388	0.00086	0.00394	0.00341	0.00303	0.74678
7	0.34134	0.07383	0.01342	0.01199	0.08392	0.33263	0.03269	0.01685	0.01123	0.01657	0.00756	0.00905	0.00620	0.00485	0.00415	0.00141	0.02053	0.00319	0.00272	0.00589
8	0.01768	0.01333	0.01425	0.01121	0.01498	0.01487	0.00917	0.63215	0.17046	0.02937	0.01357	0.01325	0.00978	0.00613	0.00500	0.00153	0.00519	0.00471	0.00500	0.00836
9	0.01257	0.04561	0.37602	0.02721	0.01983	0.01198	0.16165	0.09802	0.01231	0.09600	0.01101	0.03981	0.00834	0.00550	0.00567	0.00162	0.05197	0.00471	0.00300	0.00719
10	0.00747	0.00505	0.00609	0.02945	0.00756	0.00499	0.00444	0.00909	0.03080	0.01437	0.13839	0.21298	0.06996	0.24006	0.01105	0.00256	0.00345	0.04284	0.15525	0.00414
11	0.00918	0.00744	0.03548	0.02772	0.01002	0.00704	0.00624	0.13114	0.04139	0.02034	0.46308	0.08208	0.07974	0.01038	0.03084	0.00180	0.00357	0.00812	0.01895	0.00544
12	0.00694	0.00509	0.00650	0.00615	0.00738	0.00465	0.00461	0.00919	0.01384	0.01935	0.71860	0.03828	0.11993	0.01043	0.00588	0.00158	0.00237	0.00916	0.00540	0.00465
13	0.01371	0.01372	0.12671	0.01107	0.01485	0.01305	0.00982	0.21511	0.47931	0.02279	0.01653	0.01574	0.01221	0.00627	0.00500	0.00162	0.00483	0.00506	0.00462	0.00796
14	0.00941	0.00886	0.01495	0.81285	0.03433	0.01107	0.01384	0.01274	0.00997	0.01274	0.00886	0.01329	0.00664	0.00498	0.00498	0.00166	0.00664	0.00443	0.00221	0.00554
15	0.01017	0.01027	0.08854	0.04558	0.01291	0.00965	0.00808	0.03114	0.40208	0.01880	0.15754	0.06566	0.10233	0.00815	0.00533	0.00167	0.00395	0.00692	0.00465	0.00659
16	0.02083	0.00814	0.01108	0.00861	0.01220	0.00706	0.00706	0.02280	0.01425	0.71945	0.09683	0.01899	0.01581	0.00657	0.00510	0.00154	0.00405	0.00541	0.00610	0.00810
17	0.01125	0.03849	0.01156	0.07761	0.06686	0.11151	0.00804	0.06632	0.16952	0.01553	0.04298	0.04046	0.06413	0.11458	0.11341	0.00284	0.02982	0.00575	0.00354	0.00582
18	0.01167	0.01056	0.01749	0.29392	0.28401	0.01132	0.09814	0.08483	0.02467	0.03624	0.01223	0.04143	0.04025	0.00553	0.00515	0.00160	0.00609	0.00521	0.00292	0.00674

[dist]
# distance from previous block
# <min> <max>
0	7

[block]
# block no. 4 follows, 50 sequences, length 51
# corresponding to MSA columns:
# 1004-1054
name=unknown_E
#
# <colnr> <probs for GDERKNQSTAVLIFYWHMCP>
#	G	D	E	R	K	N	Q	S	T	A	V	L	I	F	Y	W	H	M	C	P
0	0.03077	0.18818	0.01736	0.01145	0.01508	0.25746	0.05511	0.23543	0.03928	0.06484	0.01002	0.01069	0.00770	0.00520	0.00445	0.00134	0.00650	0.00379	0.00347	0.03188
1	0.01778	0.10391	0.01501	0.01213	0.01482	0.69912	0.00931	0.01913	0.01360	0.01237	0.00791	0.00921	0.00663	0.00507	0.00433	0.00126	0.00840	0.00320	0.03100	0.00580
2	0.02999	0.01121	0.01593	0.01403	0.09547	0.03782	0.16641	0.18036	0.10907	0.05316	0.18043	0.01856	0.01733	0.00653	0.00579	0.00160	0.03946	0.00583	0.00415	0.00689
3	0.01895	0.01396	0.01496	0.01147	0.01546	0.01546	0.00947	0.77711	0.02344	0.03141	0.01197	0.01197	0.00848	0.00598	0.00499	0.00150	0.00548	0.00449	0.00499	0.00848
4	0.01265	0.03635	0.01878	0.06620	0.48042	0.04725	0.06783	0.03972	0.14775	0.01700	0.01125	0.01328	0.00900	0.00493	0.00496	0.00152	0.00590	0.00465	0.00298	0.00756
5	0.00712	0.00534	0.00801	0.00801	0.00890	0.00623	0.00623	0.00890	0.00801	0.01157	0.01335	0.01958	0.01246	0.03738	0.80507	0.00801	0.01335	0.00534	0.00267	0.00445
6	0.00908	0.02221	0.04504	0.01266	0.14871	0.00823	0.07309	0.01145	0.05145	0.01278	0.01318	0.02174	0.01298	0.31316	0.20199	0.00429	0.02421	0.00581	0.00284	0.00509
7	0.00646	0.00488	0.00598	0.00619	0.00725	0.00440	0.00450	0.00807	0.01194	0.01591	0.34196	0.26902	0.25286	0.01254	0.00605	0.00175	0.00261	0.02829	0.00497	0.00437
8	0.03844	0.44344	0.02059	0.01062	0.01415	0.35348	0.02777	0.01706	0.01183	0.01232	0.00734	0.00856	0.00641	0.00464	0.00381	0.00119	0.00692	0.00298	0.00235	0.00611
9	0.55476	0.16244	0.05448	0.00806	0.01158	0.08542	0.00719	0.03941	0.00989	0.01941	0.00728	0.00841	0.00582	0.00466	0.00338	0.00143	0.00484	0.00285	0.00287	0.00582
10	0.01214	0.01113	0.01883	0.25198	0.45960	0.02536	0.07276	0.01521	0.01120	0.05949	0.00984	0.01290	0.00774	0.00469	0.00502	0.00155	0.00628	0.00456	0.00261	0.00713
11	0.03955	0.01172	0.01247	0.01169	0.09363	0.12748	0.02398	0.07777	0.12421	0.10784	0.03602	0.06610	0.01186	0.00590	0.00466	0.00134	0.00496	0.00485	0.00386	0.23011
12	0.01757	0.01154	0.01355	0.04308	0.07051	0.01231	0.00901	0.44994	0.04314	0.17273	0.01381	0.01386	0.00974	0.00588	0.00484	0.00148	0.00496	0.00463	0.08950	0.00792
13	0.01633	0.01684	0.01494	0.01296	0.03844	0.32371	0.06921	0.19993	0.21985	0.01944	0.01227	0.01268	0.00936	0.00567	0.00488	0.00148	0.00669	0.00440	0.00379	0.00711
14	0.00810	0.00530	0.00662	0.00624	0.00664	0.00528	0.02684	0.00844	0.00777	0.04772	0.01557	0.03044	0.01716	0.70939	0.07464	0.00479	0.00547	0.00698	0.00313	0.00349
15	0.05772	0.01107	0.01407	0.03289	0.22037	0.01215	0.02519	0.10187	0.39120	0.02054	0.04933	0.01628	0.01310	0.00601	0.00497	0.00160	0.00471	0.00517	0.00417	0.00761
16	0.01089	0.20235	0.33141	0.11122	0.08480	0.01301	0.06638	0.02685	0.01071	0.01469	0.03027	0.02508	0.00841	0.00622	0.03599	0.00173	0.00676	0.00415	0.00238	0.00670
17	0.00700	0.00509	0.00658	0.00621	0.00741	0.00468	0.00466	0.00929	0.01397	0.01966	0.75415	0.03777	0.08418	0.01031	0.00588	0.00157	0.00236	0.00909	0.00544	0.00468
18	0.17994	0.00971	0.01052	0.00904	0.01219	0.01047	0.00724	0.02316	0.38156	0.25839	0.01764	0.01688	0.01272	0.00632	0.00471	0.00163	0.00403	0.02133	0.00501	0.00752
19	0.01370	0.06635	0.25079	0.01459	0.13232	0.03773	0.05644	0.04233	0.09986	0.16974	0.01399	0.03959	0.02871	0.00573	0.00491	0.00155	0.00582	0.00485	0.00357	0.00743
20	0.00639	0.00461	0.00632	0.00713	0.00755	0.00463	0.00494	0.00744	0.00904	0.01228	0.02336	0.58142	0.02711	0.06371	0.20507	0.00365	0.00558	0.01162	0.00406	0.00409
21	0.00607	0.00434	0.00578	0.00694	0.00723	0.00405	0.00463	0.00694	0.00954	0.01272	0.02747	0.82157	0.03297	0.01562	0.00636	0.00202	0.00289	0.01417	0.00463	0.00405
22	0.12483	0.05287	0.01745	0.35237	0.06734	0.08570	0.15617	0.05792	0.01134	0.01578	0.00884	0.01184	0.00679	0.00479	0.00476	0.00156	0.00665	0.00428	0.00259	0.00611
23	0.02769	0.15651	0.16259	0.07141	0.08674	0.03079	0.09212	0.18373	0.03662	0.07160	0.01056	0.01213	0.00801	0.02202	0.00510	0.00154	0.00614	0.00423	0.00324	0.00722
24	0.01147	0.01110	0.01817	0.28996	0.49770	0.03060	0.01454	0.01445	0.01084	0.01487	0.00907	0.01253	0.00740	0.00477	0.00530	0.00156	0.03190	0.00441	0.00238	0.00698
25	0.86003	0.00964	0.00733	0.00655	0.00964	0.01118	0.00540	0.01465	0.00848	0.02236	0.00694	0.00810	0.00540	0.00463	0.00308	0.00154	0.00386	0.00270	0.00308	0.00540
26	0.00597	0.00505	0.00515	0.00513	0.00678	0.00424	0.00385	0.00730	0.01154	0.01389	0.09894	0.04727	0.74300	0.01246	0.00589	0.00168	0.00251	0.01042	0.00468	0.00424
27	0.01333	0.82783	0.02612	0.00853	0.01279	0.01972	0.00853	0.01493	0.01013	0.01173	0.00693	0.00800	0.00640	0.00426	0.00320	0.00107	0.00533	0.00267	0.00213	0.00640
28	0.00607	0.00434	0.00578	0.00694	0.00723	0.00405	0.00463	0.00694	0.00954	0.01272	0.02747	0.82157	0.03297	0.01562	0.00636	0.00202	0.00289	0.01417	0.00463	0.00405
29	0.01337	0.78681	0.02555	0.00875	0.01286	0.03601	0.00862	0.01494	0.01014	0.01174	0.00693	0.00810	0.00640	0.00441	0.00362	0.00110	0.02941	0.00273	0.00214	0.00636
30	0.01813	0.02294	0.01420	0.01286	0.01526	0.75444	0.00971	0.01940	0.01371	0.01219	0.00763	0.00911	0.00643	0.00537	0.00525	0.00134	0.06046	0.00328	0.00254	0.00576
31	0.01862	0.02376	0.01413	0.01284	0.01541	0.80482	0.00963	0.01990	0.01413	0.01220	0.00770	0.00899	0.00642	0.00514	0.00449	0.00128	0.00899	0.00321	0.00257	0.00578
32	0.00941	0.00886	0.01495	0.81285	0.03433	0.01107	0.01384	0.01274	0.00997	0.01274	0.00886	0.01329	0.00664	0.00498	0.00498	0.00166	0.00664	0.00443	0.00221	0.00554
33	0.00725	0.00483	0.00544	0.00544	0.00544	0.00483	0.00302	0.00725	0.00725	0.00966	0.01571	0.03262	0.01812	0.82483	0.02537	0.00483	0.00483	0.00725	0.00302	0.00302
34	0.00607	0.00434	0.00578	0.00694	0.00723	0.00405	0.00463	0.00694	0.00954	0.01272	0.02747	0.82157	0.03297	0.01562	0.00636	0.00202	0.00289	0.01417	0.00463	0.00405
35	0.00589	0.00505	0.00505	0.00505	0.00673	0.00421	0.00379	0.00715	0.01136	0.01347	0.05049	0.04797	0.79171	0.01262	0.00589	0.00168	0.00252	0.01052	0.00463	0.00421
36	0.00607	0.00434	0.00578	0.00694	0.00723	0.00405	0.00463	0.00694	0.00954	0.01272	0.02747	0.82157	0.03297	0.01562	0.00636	0.00202	0.00289	0.01417	0.00463	0.00405
37	0.01176	0.01345	0.02941	0.02101	0.02605	0.01261	0.77563	0.01597	0.01176	0.01597	0.01008	0.01345	0.00756	0.00420	0.00588	0.00168	0.00840	0.00588	0.00252	0.00672
38	0.86003	0.00964	0.00733	0.00655	0.00964	0.01118	0.00540	0.01465	0.00848	0.02236	0.00694	0.00810	0.00540	0.00463	0.00308	0.00154	0.00386	0.00270	0.00308	0.00540
39	0.01000	0.02578	0.79900	0.01421	0.02157	0.01158	0.01842	0.01579	0.01052	0.01579	0.00895	0.01052	0.00631	0.00474	0.00474	0.00158	0.00737	0.00368	0.00210	0.00737
40	0.00705	0.00510	0.00666	0.00627	0.00745	0.00470	0.00470	0.00941	0.01411	0.01999	0.79110	0.03723	0.04703	0.01019	0.00588	0.00157	0.00235	0.00901	0.00549	0.00470
41	0.01000	0.02578	0.79900	0.01421	0.02157	0.01158	0.01842	0.01579	0.01052	0.01579	0.00895	0.01052	0.00631	0.00474	0.00474	0.00158	0.00737	0.00368	0.00210	0.00737
42	0.01064	0.01113	0.02299	0.01746	0.02133	0.01054	0.54512	0.01427	0.01168	0.01565	0.01498	0.02629	0.01391	0.00707	0.00618	0.00187	0.00726	0.23240	0.00314	0.00608
43	0.00589	0.00505	0.00505	0.00505	0.00673	0.00421	0.00379	0.00715	0.01136	0.01347	0.05049	0.04797	0.79171	0.01262	0.00589	0.00168	0.00252	0.01052	0.00463	0.00421
44	0.02097	0.01072	0.01295	0.00993	0.01384	0.01064	0.00820	0.33155	0.01801	0.48464	0.01652	0.01493	0.01076	0.00609	0.00500	0.00152	0.00475	0.00480	0.00569	0.00848
45	0.00782	0.00559	0.00779	0.00894	0.00999	0.00556	0.00766	0.00996	0.01127	0.01468	0.02651	0.13876	0.02915	0.01397	0.00683	0.00227	0.00441	0.67973	0.00459	0.00453
46	0.00803	0.00574	0.00803	0.00918	0.01033	0.00574	0.00803	0.01033	0.01147	0.01492	0.02639	0.05622	0.02869	0.01377	0.00688	0.00229	0.00459	0.76018	0.00459	0.00459
47	0.01206	0.01094	0.01729	0.02366	0.55895	0.01030	0.01252	0.01479	0.01115	0.03739	0.00951	0.01192	0.00788	0.00428	0.00460	0.00128	0.00527	0.00405	0.00270	0.23947
48	0.01397	0.01101	0.01229	0.00911	0.01335	0.01036	0.00741	0.33508	0.01586	0.02264	0.01017	0.01102	0.00784	0.00466	0.00424	0.00106	0.00445	0.00360	0.00381	0.49807
49	0.01221	0.01166	0.01987	0.02996	0.77040	0.01166	0.01508	0.01515	0.01135	0.01624	0.00988	0.01364	0.00851	0.00472	0.00499	0.00150	0.00588	0.02695	0.00253	0.00780
50	0.52790	0.00920	0.00917	0.04600	0.01190	0.00984	0.00647	0.01791	0.01057	0.29141	0.01146	0.01143	0.00787	0.00518	0.00385	0.00155	0.00412	0.00359	0.00412	0.00648

[dist]
# distance from previous block
# <min> <max>
0	12

[block]
# block no. 5 follows, 50 sequences, length 185
# corresponding to MSA columns:
# 1067-1251
name=unknown_F
#
# <colnr> <probs for GDERKNQSTAVLIFYWHMCP>
#	G	D	E	R	K	N	Q	S	T	A	V	L	I	F	Y	W	H	M	C	P
0	0.03935	0.09387	0.18081	0.01615	0.22594	0.04173	0.03960	0.01612	0.05841	0.08046	0.01164	0.06763	0.00976	0.00549	0.00467	0.00144	0.00561	0.00470	0.00305	0.09358
1	0.20395	0.01551	0.01199	0.01050	0.01348	0.28554	0.00820	0.14650	0.22019	0.01997	0.01160	0.01185	0.00888	0.00560	0.00442	0.00149	0.00592	0.00396	0.00375	0.00671
2	0.03910	0.06383	0.33138	0.01204	0.01750	0.01112	0.08573	0.07289	0.05362	0.06832	0.01039	0.01151	0.00768	0.00472	0.00453	0.00137	0.00591	0.00390	0.00300	0.19147
3	0.05082	0.05417	0.01539	0.01251	0.01428	0.26827	0.02904	0.10814	0.01190	0.01496	0.00770	0.01023	0.00671	0.00674	0.00972	0.00172	0.36514	0.00389	0.00269	0.00600
4	0.01160	0.41300	0.42586	0.01147	0.01733	0.01551	0.01364	0.01537	0.01033	0.01383	0.00797	0.00930	0.00635	0.00451	0.00399	0.00133	0.00638	0.00319	0.00212	0.00690
5	0.01128	0.30513	0.49079	0.01203	0.01809	0.01446	0.01445	0.01601	0.04804	0.01461	0.00879	0.01003	0.00678	0.00467	0.00422	0.00141	0.00649	0.00342	0.00226	0.00705
6	0.86003	0.00964	0.00733	0.00655	0.00964	0.01118	0.00540	0.01465	0.00848	0.02236	0.00694	0.00810	0.00540	0.00463	0.00308	0.00154	0.00386	0.00270	0.00308	0.00540
7	0.00607	0.00434	0.00578	0.00694	0.00723	0.00405	0.00463	0.00694	0.00954	0.01272	0.02747	0.82157	0.03297	0.01562	0.00636	0.00202	0.00289	0.01417	0.00463	0.00405
8	0.00607	0.00434	0.00578	0.00694	0.00723	0.00405	0.00463	0.00694	0.00954	0.01272	0.02747	0.82157	0.03297	0.01562	0.00636	0.00202	0.00289	0.01417	0.00463	0.00405
9	0.01000	0.02578	0.79900	0.01421	0.02157	0.01158	0.01842	0.01579	0.01052	0.01579	0.00895	0.01052	0.00631	0.00474	0.00474	0.00158	0.00737	0.00368	0.00210	0.00737
10	0.00712	0.00534	0.00801	0.00801	0.00890	0.00623	0.00623	0.00890	0.00801	0.01157	0.01335	0.01958	0.01246	0.03738	0.80507	0.00801	0.01335	0.00534	0.00267	0.00445
11	0.00607	0.00434	0.00578	0.00694	0.00723	0.00405	0.00463	0.00694	0.00954	0.01272	0.02747	0.82157	0.03297	0.01562	0.00636	0.00202	0.00289	0.01417	0.00463	0.00405
12	0.01000	0.02578	0.79900	0.01421	0.02157	0.01158	0.01842	0.01579	0.01052	0.01579	0.00895	0.01052	0.00631	0.00474	0.00474	0.00158	0.00737	0.00368	0.00210	0.00737
13	0.01321	0.79866	0.05422	0.00874	0.01311	0.01943	0.00889	0.01496	0.01014	0.01187	0.00700	0.00809	0.00639	0.00428	0.00325	0.00108	0.00540	0.00270	0.00213	0.00643
14	0.00589	0.00505	0.00505	0.00505	0.00673	0.00421	0.00379	0.00715	0.01136	0.01347	0.05049	0.04797	0.79171	0.01262	0.00589	0.00168	0.00252	0.01052	0.00463	0.00421
15	0.00589	0.00505	0.00505	0.00505	0.00673	0.00421	0.00379	0.00715	0.01136	0.01347	0.05049	0.04797	0.79171	0.01262	0.00589	0.00168	0.00252	0.01052	0.00463	0.00421
16	0.86003	0.00964	0.00733	0.00655	0.00964	0.01118	0.00540	0.01465	0.00848	0.02236	0.00694	0.00810	0.00540	0.00463	0.00308	0.00154	0.00386	0.00270	0.00308	0.00540
17	0.01895	0.01396	0.01496	0.01147	0.01546	0.01546	0.00947	0.77711	0.02344	0.03141	0.01197	0.01197	0.00848	0.00598	0.00499	0.00150	0.00548	0.00449	0.00499	0.00848
18	0.01865	0.05566	0.01452	0.01233	0.01514	0.67386	0.00943	0.06746	0.01455	0.06140	0.00867	0.00962	0.00691	0.00522	0.00450	0.00130	0.00833	0.00338	0.00292	0.00614
19	0.01163	0.01089	0.01724	0.13420	0.36958	0.03669	0.09016	0.07767	0.01281	0.01757	0.15586	0.01711	0.01501	0.00572	0.00521	0.00154	0.00567	0.00541	0.00322	0.00682
20	0.00723	0.00540	0.00779	0.00774	0.00847	0.00624	0.00585	0.00872	0.00788	0.01129	0.01355	0.02139	0.01319	0.15893	0.66449	0.00737	0.03190	0.00561	0.00271	0.00425
21	0.00695	0.00505	0.00655	0.00626	0.00741	0.00464	0.00466	0.00917	0.01372	0.01929	0.71575	0.08572	0.07488	0.01062	0.00591	0.00160	0.00239	0.00939	0.00540	0.00464
22	0.01196	0.10035	0.51388	0.01333	0.05537	0.01173	0.01492	0.01635	0.01085	0.10826	0.00994	0.01113	0.00719	0.00494	0.00501	0.00149	0.03767	0.00376	0.00266	0.05922
23	0.01275	0.14537	0.03465	0.02143	0.02612	0.00961	0.08321	0.01505	0.01113	0.15152	0.01225	0.06258	0.01032	0.00538	0.00439	0.00120	0.00467	0.02847	0.00345	0.35647
24	0.01184	0.00836	0.00916	0.00815	0.01075	0.00868	0.00636	0.01938	0.38328	0.15152	0.03070	0.02854	0.28503	0.00870	0.00535	0.00166	0.00350	0.00723	0.00511	0.00671
25	0.01300	0.12073	0.47268	0.01271	0.01839	0.15608	0.01437	0.01749	0.04144	0.07417	0.00973	0.01074	0.00715	0.00494	0.00454	0.00146	0.00704	0.00365	0.00262	0.00707
26	0.01299	0.02945	0.36977	0.13837	0.05452	0.01031	0.03547	0.01712	0.02295	0.20542	0.01254	0.04836	0.00924	0.00560	0.00494	0.00159	0.00618	0.00469	0.00329	0.00720
27	0.01667	0.00856	0.01249	0.01142	0.09715	0.00787	0.05251	0.05573	0.01421	0.43568	0.20999	0.02107	0.02004	0.00686	0.00527	0.00155	0.00426	0.00597	0.00533	0.00737
28	0.01262	0.00887	0.08435	0.00876	0.01105	0.00751	0.00745	0.08308	0.06953	0.18657	0.01653	0.07507	0.01487	0.08886	0.01055	0.19466	0.00466	0.10538	0.00408	0.00557
29	0.01185	0.07489	0.18099	0.05163	0.28721	0.01948	0.07402	0.01512	0.01146	0.08397	0.07663	0.06650	0.01264	0.00585	0.00501	0.00154	0.00580	0.00531	0.00308	0.00699
30	0.01072	0.08507	0.29563	0.06445	0.12809	0.01145	0.10375	0.04253	0.04180	0.01680	0.13716	0.01581	0.01378	0.00562	0.00499	0.00154	0.00605	0.00499	0.00299	0.00680
31	0.00692	0.00499	0.00655	0.00636	0.00742	0.00462	0.00469	0.00908	0.01350	0.01902	0.68968	0.14141	0.04516	0.01091	0.00594	0.00163	0.00242	0.00970	0.00537	0.00462
32	0.01080	0.21927	0.61255	0.01284	0.01946	0.01354	0.01603	0.01558	0.01043	0.01481	0.00846	0.00991	0.00633	0.00462	0.00436	0.00145	0.00688	0.00344	0.00211	0.00713
33	0.03050	0.02698	0.21857	0.02268	0.09428	0.01847	0.10345	0.04128	0.05314	0.19566	0.07663	0.03105	0.01240	0.00597	0.00562	0.00160	0.04568	0.00510	0.00373	0.00719
34	0.00798	0.00542	0.00714	0.02817	0.06239	0.00530	0.00550	0.00979	0.03646	0.03988	0.02334	0.49014	0.04566	0.04305	0.00632	0.00189	0.00323	0.01052	0.16313	0.00470
35	0.01589	0.01637	0.01228	0.01084	0.01351	0.37341	0.00834	0.14473	0.20272	0.01833	0.01263	0.01312	0.00976	0.00576	0.00458	0.00140	0.00628	0.00421	0.11924	0.00658
36	0.01087	0.19020	0.57313	0.01308	0.01950	0.01334	0.04339	0.01613	0.04814	0.01520	0.00912	0.01050	0.00681	0.00472	0.00448	0.00148	0.00682	0.00365	0.00227	0.00717
37	0.01303	0.02229	0.11864	0.06159	0.02755	0.00952	0.07539	0.10652	0.02347	0.17936	0.20273	0.04053	0.01927	0.00722	0.00592	0.00163	0.04781	0.02656	0.00433	0.00665
38	0.00941	0.00886	0.01495	0.81285	0.03433	0.01107	0.01384	0.01274	0.00997	0.01274	0.00886	0.01329	0.00664	0.00498	0.00498	0.00166	0.00664	0.00443	0.00221	0.00554
39	0.16996	0.07259	0.01507	0.01108	0.01427	0.02271	0.19282	0.04506	0.08117	0.10757	0.08671	0.11803	0.02800	0.00697	0.00499	0.00161	0.00498	0.00624	0.00392	0.00624
40	0.05088	0.11640	0.63472	0.01344	0.02011	0.02112	0.04577	0.01568	0.01047	0.01560	0.00865	0.01021	0.00633	0.00466	0.00452	0.00152	0.00702	0.00360	0.00218	0.00712
41	0.01194	0.01136	0.01927	0.04848	0.72683	0.01139	0.01461	0.01487	0.01148	0.01642	0.05718	0.01388	0.01026	0.00481	0.00499	0.00149	0.00572	0.00472	0.00265	0.00764
42	0.00628	0.00450	0.00597	0.00680	0.00728	0.00419	0.00464	0.00747	0.01052	0.01428	0.19126	0.65335	0.03598	0.01445	0.00626	0.00193	0.00278	0.01306	0.00481	0.00419
43	0.04884	0.02268	0.01471	0.01306	0.01578	0.73294	0.05108	0.01950	0.01379	0.01277	0.00781	0.00920	0.00645	0.00507	0.00452	0.00132	0.00877	0.00334	0.00258	0.00582
44	0.00941	0.00886	0.01495	0.81285	0.03433	0.01107	0.01384	0.01274	0.00997	0.01274	0.00886	0.01329	0.00664	0.00498	0.00498	0.00166	0.00664	0.00443	0.00221	0.00554
45	0.00682	0.00491	0.00645	0.00643	0.00739	0.00454	0.00468	0.00881	0.01300	0.01823	0.60606	0.22729	0.04362	0.01150	0.00600	0.00168	0.00248	0.01026	0.00528	0.00454
46	0.01190	0.01140	0.01945	0.14631	0.68140	0.01173	0.01508	0.01492	0.01115	0.01576	0.00930	0.01248	0.00771	0.00452	0.00494	0.00151	0.00603	0.00444	0.00243	0.00755
47	0.01154	0.00598	0.00786	0.00713	0.00899	0.00533	0.00543	0.01332	0.01287	0.26218	0.30825	0.21126	0.09878	0.01038	0.00572	0.00167	0.00308	0.00907	0.00543	0.00570
48	0.01234	0.00686	0.00878	0.00750	0.00967	0.00646	0.00588	0.06993	0.04001	0.23635	0.49535	0.02917	0.03357	0.00866	0.00555	0.00156	0.00316	0.00747	0.00563	0.00613
49	0.01021	0.06444	0.73973	0.01412	0.02127	0.01200	0.03927	0.01575	0.01054	0.01559	0.00888	0.01048	0.00635	0.00470	0.00469	0.00156	0.00730	0.00370	0.00212	0.00730
50	0.01216	0.01175	0.02030	0.07187	0.72370	0.01183	0.04454	0.01519	0.01129	0.01608	0.00938	0.01243	0.00782	0.00446	0.00497	0.00150	0.00606	0.00450	0.00246	0.00772
51	0.01043	0.02521	0.76087	0.01407	0.02128	0.01176	0.01798	0.05281	0.01115	0.01655	0.00909	0.01059	0.00642	0.00480	0.00475	0.00157	0.00727	0.00372	0.00224	0.00742
52	0.01124	0.01064	0.01802	0.22776	0.55184	0.01118	0.01427	0.01421	0.01104	0.01541	0.03647	0.03623	0.00962	0.00509	0.00502	0.00154	0.00590	0.00487	0.00257	0.00708
53	0.03703	0.23897	0.29761	0.01179	0.01696	0.06164	0.06808	0.01764	0.03490	0.15482	0.01062	0.01129	0.00776	0.00491	0.00440	0.00142	0.00623	0.00381	0.00302	0.00712
54	0.07422	0.01471	0.05177	0.01156	0.01423	0.18560	0.00964	0.18272	0.07822	0.10711	0.01075	0.01184	0.00823	0.00642	0.00760	0.00165	0.20911	0.00417	0.00363	0.00682
55	0.00607	0.00434	0.00578	0.00694	0.00723	0.00405	0.00463	0.00694	0.00954	0.01272	0.02747	0.82157	0.03297	0.01562	0.00636	0.00202	0.00289	0.01417	0.00463	0.00405
56	0.01295	0.02109	0.54077	0.01395	0.04948	0.01160	0.03452	0.12183	0.01285	0.11810	0.01078	0.01169	0.00748	0.00507	0.00484	0.00156	0.00668	0.00405	0.00305	0.00767
57	0.47258	0.16103	0.01263	0.00806	0.01151	0.01225	0.04378	0.06003	0.01061	0.10147	0.01139	0.01194	0.05469	0.00527	0.00373	0.00147	0.00440	0.00367	0.00341	0.00608
58	0.08903	0.04290	0.01163	0.00840	0.01234	0.00823	0.00695	0.04100	0.01298	0.50270	0.01542	0.01422	0.01029	0.00540	0.00448	0.00134	0.00416	0.00424	0.00499	0.19930
59	0.01144	0.01093	0.01861	0.27079	0.56056	0.01161	0.01485	0.01451	0.01093	0.01519	0.00922	0.01263	0.00751	0.00461	0.00495	0.00154	0.00614	0.00444	0.00239	0.00717
60	0.05490	0.03821	0.08286	0.01261	0.08166	0.03886	0.09337	0.06142	0.10139	0.23710	0.03107	0.10038	0.01349	0.00680	0.00511	0.00161	0.00517	0.02255	0.00428	0.00713
61	0.01026	0.06421	0.72901	0.01461	0.05327	0.01198	0.01781	0.01572	0.01054	0.01561	0.00886	0.01048	0.00638	0.00470	0.00467	0.00155	0.00721	0.00367	0.00212	0.00734
62	0.02236	0.00848	0.01157	0.00887	0.01272	0.00733	0.00733	0.02429	0.01427	0.79719	0.01966	0.01697	0.01234	0.00617	0.00501	0.00154	0.00424	0.00501	0.00617	0.00848
63	0.00931	0.06502	0.32692	0.01268	0.01697	0.00977	0.14780	0.01294	0.01048	0.01461	0.01507	0.20280	0.01499	0.00930	0.03872	0.00200	0.00639	0.07518	0.00301	0.00605
64	0.03587	0.01604	0.35119	0.01127	0.01631	0.00963	0.01219	0.07419	0.01282	0.29927	0.01492	0.04292	0.01120	0.00638	0.00503	0.00163	0.00565	0.06194	0.00408	0.00748
65	0.00692	0.00496	0.00676	0.00703	0.00753	0.00533	0.00494	0.00798	0.00814	0.01129	0.01727	0.20771	0.01880	0.25771	0.39831	0.00572	0.00851	0.00792	0.00322	0.00395
66	0.00643	0.00460	0.00614	0.00695	0.00749	0.00431	0.00488	0.00773	0.01070	0.01450	0.19866	0.59276	0.03583	0.01427	0.00629	0.00194	0.00289	0.06459	0.00482	0.00423
67	0.14591	0.01236	0.13546	0.34837	0.05153	0.03686	0.04996	0.04744	0.01107	0.03846	0.05969	0.01352	0.00940	0.00526	0.00471	0.00159	0.00601	0.00439	0.01193	0.00610
68	0.01231	0.01060	0.01733	0.02503	0.60579	0.01057	0.01299	0.01549	0.04154	0.06590	0.04863	0.04803	0.01160	0.00544	0.00498	0.00150	0.00527	0.00516	0.04438	0.00746
69	0.01081	0.22182	0.61009	0.01282	0.01943	0.01357	0.01600	0.01558	0.01043	0.01479	0.00845	0.00991	0.00633	0.00462	0.00436	0.00145	0.00687	0.00343	0.00211	0.00713
70	0.01159	0.12088	0.01722	0.40106	0.22312	0.01192	0.01261	0.01440	0.01058	0.07461	0.00979	0.01292	0.00766	0.00641	0.04364	0.00183	0.00642	0.00428	0.00260	0.00644
71	0.01244	0.22063	0.41857	0.01388	0.07885	0.01321	0.05691	0.01647	0.01097	0.09958	0.00971	0.01090	0.00718	0.00472	0.00446	0.00145	0.00647	0.00376	0.00260	0.00725
72	0.00638	0.00490	0.00584	0.00596	0.00712	0.00436	0.00433	0.00796	0.01198	0.01577	0.32669	0.22588	0.33005	0.01240	0.00600	0.00172	0.00255	0.01081	0.00495	0.00436
73	0.00935	0.00747	0.01200	0.44990	0.02309	0.00892	0.01049	0.01197	0.00958	0.06036	0.01178	0.01749	0.00993	0.02860	0.27623	0.00387	0.00867	0.03229	0.00271	0.00528
74	0.01055	0.00851	0.01362	0.33156	0.10545	0.00927	0.06020	0.04912	0.01150	0.06918	0.03915	0.10034	0.03627	0.00757	0.00543	0.00173	0.00546	0.10192	0.02733	0.00586
75	0.01158	0.01258	0.09370	0.08623	0.56395	0.01134	0.06276	0.01484	0.01111	0.01595	0.01006	0.03259	0.00844	0.00483	0.00496	0.00152	0.00606	0.00471	0.03544	0.00737
76	0.01153	0.01154	0.04771	0.17905	0.18537	0.01180	0.15963	0.04258	0.22982	0.01713	0.01326	0.04582	0.01058	0.00565	0.00522	0.00164	0.00591	0.00540	0.00331	0.00704
77	0.01872	0.02107	0.01355	0.01207	0.01479	0.66120	0.00916	0.04763	0.01435	0.09931	0.00947	0.01030	0.00736	0.00530	0.00453	0.00132	0.00811	0.00350	0.03210	0.00613
78	0.00696	0.00692	0.06626	0.00667	0.00853	0.00543	0.00552	0.00966	0.06524	0.01561	0.21970	0.15329	0.38892	0.01147	0.00581	0.00170	0.00300	0.00983	0.00467	0.00480
79	0.00644	0.00469	0.00613	0.00716	0.00764	0.00449	0.00496	0.00793	0.03978	0.01320	0.02770	0.72090	0.05097	0.01508	0.00633	0.00202	0.00303	0.06267	0.00464	0.00424
80	0.00716	0.00525	0.00747	0.00752	0.00821	0.00590	0.00560	0.00841	0.00809	0.01137	0.01586	0.09199	0.04300	0.13338	0.55229	0.04691	0.02806	0.00647	0.00292	0.00414
81	0.01176	0.01345	0.02941	0.02101	0.02605	0.01261	0.77563	0.01597	0.01176	0.01597	0.01008	0.01345	0.00756	0.00420	0.00588	0.00168	0.00840	0.00588	0.00252	0.00672
82	0.00768	0.00542	0.00676	0.00688	0.00805	0.00517	0.00514	0.04069	0.01163	0.04211	0.19310	0.26335	0.18778	0.03766	0.07424	0.00242	0.00394	0.07713	0.01623	0.00462
