[name]
unknown

[dist]
# distance from previous block
# <min> <max>
5	141

[block]
# block no. 0 follows, 44 sequences, length 49
# corresponding to MSA columns:
# 174-199,204-226
name=unknown_A
#
# <colnr> <probs for GDERKNQSTAVLIFYWHMCP>
#	G	D	E	R	K	N	Q	S	T	A	V	L	I	F	Y	W	H	M	C	P
0	0.01238	0.01088	0.01224	0.02550	0.07958	0.10255	0.03302	0.10020	0.05416	0.03439	0.03367	0.16013	0.03623	0.13404	0.02429	0.00248	0.03208	0.06008	0.00409	0.04798
1	0.01793	0.15322	0.04108	0.01281	0.02886	0.17046	0.06980	0.18988	0.07041	0.12485	0.01259	0.01312	0.00940	0.00638	0.01833	0.00164	0.00682	0.00449	0.00407	0.04388
2	0.01076	0.00861	0.01034	0.07447	0.01314	0.00877	0.00728	0.11509	0.10331	0.02130	0.30238	0.02974	0.13429	0.00906	0.00608	0.00165	0.02183	0.00763	0.00502	0.10926
3	0.01475	0.09342	0.21204	0.01574	0.13178	0.07626	0.05518	0.04694	0.02724	0.12051	0.01229	0.02956	0.00961	0.00566	0.00509	0.00154	0.00654	0.01774	0.00344	0.11468
4	0.11898	0.01370	0.12379	0.04320	0.07840	0.04105	0.01076	0.09242	0.13438	0.10706	0.01542	0.10360	0.01304	0.02247	0.00652	0.00187	0.05575	0.00598	0.00418	0.00742
5	0.01879	0.00919	0.01101	0.00894	0.01223	0.05099	0.00715	0.03234	0.01513	0.47810	0.15938	0.02488	0.07900	0.02445	0.00609	0.00173	0.00439	0.00662	0.02303	0.02657
6	0.01251	0.02282	0.01489	0.06883	0.16155	0.01029	0.06761	0.09634	0.04663	0.07507	0.11128	0.07149	0.08379	0.00897	0.00638	0.00186	0.02626	0.10209	0.00443	0.00691
7	0.01425	0.18352	0.12887	0.03109	0.04250	0.01375	0.04104	0.10715	0.07752	0.09857	0.01473	0.05682	0.01271	0.02242	0.02254	0.00194	0.05348	0.06582	0.00387	0.00739
8	0.01368	0.00763	0.00931	0.00828	0.01071	0.00718	0.00643	0.08417	0.04255	0.24413	0.08734	0.18881	0.19929	0.01153	0.01808	0.00195	0.00397	0.02371	0.02464	0.00661
9	0.00763	0.00479	0.00654	0.00728	0.00753	0.00458	0.00483	0.00745	0.00928	0.01231	0.02348	0.47997	0.05196	0.05662	0.01271	0.28007	0.00377	0.01142	0.00408	0.00370
10	0.01281	0.04523	0.01774	0.33284	0.14873	0.03824	0.08928	0.01582	0.01194	0.10330	0.01331	0.09119	0.01132	0.00786	0.03528	0.00203	0.00694	0.00602	0.00329	0.00683
11	0.01432	0.01462	0.09677	0.16077	0.16816	0.02965	0.07662	0.18322	0.14368	0.02136	0.01274	0.01456	0.00962	0.00590	0.00577	0.00174	0.02364	0.00511	0.00371	0.00803
12	0.01916	0.00844	0.01099	0.00888	0.01215	0.00767	0.00716	0.07011	0.01566	0.49259	0.15748	0.05630	0.02113	0.00795	0.00557	0.00168	0.00411	0.00664	0.07838	0.00795
13	0.14659	0.38726	0.05754	0.01348	0.03487	0.01710	0.20618	0.01718	0.04399	0.01664	0.00928	0.01107	0.00761	0.00485	0.00446	0.00149	0.00650	0.00408	0.00276	0.00707
14	0.03820	0.00852	0.01118	0.00882	0.01246	0.00755	0.00721	0.02368	0.01478	0.62001	0.03815	0.01917	0.01431	0.00675	0.00519	0.00162	0.00424	0.00547	0.14427	0.00842
15	0.00754	0.00557	0.00705	0.00668	0.00804	0.00507	0.00501	0.00995	0.01502	0.02088	0.67328	0.04233	0.15029	0.01151	0.00643	0.00173	0.00260	0.01009	0.00587	0.00507
16	0.00981	0.00514	0.00532	0.00529	0.00647	0.00510	0.00389	0.01219	0.01153	0.01980	0.08013	0.02303	0.01746	0.06008	0.00562	0.00157	0.00273	0.00567	0.71420	0.00497
17	0.00800	0.00537	0.00618	0.00628	0.00639	0.00537	0.00376	0.00821	0.00831	0.01105	0.01814	0.03781	0.02078	0.74274	0.02607	0.00506	0.00526	0.06833	0.00345	0.00345
18	0.01458	0.81168	0.02857	0.00933	0.01399	0.02157	0.00933	0.01632	0.01108	0.01283	0.00758	0.00875	0.00700	0.00466	0.00350	0.00117	0.00583	0.00292	0.00233	0.00700
19	0.00773	0.00555	0.00720	0.00680	0.00800	0.00515	0.00502	0.01013	0.01494	0.02111	0.72157	0.04039	0.04935	0.06394	0.00784	0.00195	0.00275	0.00973	0.00582	0.00502
20	0.01458	0.81168	0.02857	0.00933	0.01399	0.02157	0.00933	0.01632	0.01108	0.01283	0.00758	0.00875	0.00700	0.00466	0.00350	0.00117	0.00583	0.00292	0.00233	0.00700
21	0.02072	0.01527	0.01636	0.01254	0.01691	0.01691	0.01036	0.75622	0.02563	0.03436	0.01309	0.01309	0.00927	0.00654	0.00545	0.00164	0.00600	0.00491	0.00545	0.00927
22	0.01356	0.01171	0.01233	0.01109	0.01418	0.01356	0.00863	0.02897	0.76455	0.02281	0.02219	0.02034	0.01664	0.00740	0.00555	0.00185	0.00431	0.00616	0.00555	0.00863
23	0.00756	0.00553	0.00710	0.00678	0.00807	0.00507	0.00506	0.00996	0.01496	0.02092	0.67912	0.07581	0.11041	0.01163	0.00645	0.00175	0.00261	0.01025	0.00588	0.00507
24	0.00780	0.00538	0.00550	0.00547	0.00708	0.00480	0.00410	0.00966	0.01230	0.01715	0.09399	0.04067	0.46203	0.01108	0.00555	0.00164	0.00267	0.00920	0.28913	0.00480
25	0.04620	0.04354	0.07007	0.10748	0.05133	0.05703	0.07536	0.06785	0.15724	0.13551	0.04172	0.01831	0.01301	0.00655	0.00541	0.00171	0.00592	0.03929	0.01996	0.03651
26	0.01214	0.18259	0.47884	0.01605	0.08367	0.01459	0.06596	0.01762	0.04873	0.01671	0.01007	0.01177	0.00764	0.00512	0.00496	0.00162	0.00737	0.00414	0.00253	0.00787
27	0.01093	0.02820	0.78016	0.01554	0.02360	0.01266	0.02014	0.01727	0.01151	0.01727	0.00978	0.01151	0.00691	0.00518	0.00518	0.00173	0.00806	0.00403	0.00230	0.00806
28	0.84691	0.01054	0.00801	0.00717	0.01054	0.01223	0.00590	0.01603	0.00928	0.02446	0.00759	0.00886	0.00590	0.00506	0.00337	0.00169	0.00422	0.00295	0.00337	0.00590
29	0.00652	0.00547	0.00566	0.00573	0.00744	0.00462	0.00425	0.00793	0.01244	0.01503	0.08889	0.10192	0.68768	0.01389	0.00648	0.00186	0.00278	0.01169	0.00511	0.00462
30	0.01476	0.78733	0.02816	0.00947	0.01408	0.04529	0.00937	0.01649	0.01121	0.01284	0.00761	0.00878	0.00700	0.00469	0.00354	0.00117	0.00595	0.00293	0.00235	0.00698
31	0.00841	0.00907	0.11444	0.00890	0.01127	0.00658	0.03351	0.01154	0.01445	0.02036	0.55026	0.03815	0.05808	0.01055	0.00637	0.00180	0.00380	0.08160	0.00526	0.00560
32	0.00679	0.00481	0.00628	0.00740	0.00768	0.00453	0.00486	0.00763	0.01015	0.01353	0.02856	0.71575	0.03418	0.10874	0.00937	0.00257	0.00341	0.01462	0.00486	0.00430
33	0.02446	0.00928	0.01265	0.00970	0.01392	0.00801	0.00801	0.02657	0.01560	0.77817	0.02151	0.01856	0.01350	0.00675	0.00548	0.00169	0.00464	0.00548	0.00675	0.00928
34	0.03630	0.11874	0.23945	0.06488	0.01951	0.01252	0.07414	0.03531	0.01304	0.27868	0.01353	0.01403	0.00936	0.00584	0.00570	0.00168	0.04060	0.00466	0.00398	0.00803
35	0.01003	0.00862	0.01151	0.01036	0.01070	0.01096	0.00798	0.02704	0.02360	0.01283	0.01234	0.02186	0.01285	0.28303	0.16533	0.00453	0.35246	0.00606	0.00292	0.00499
36	0.00858	0.00539	0.00676	0.04137	0.03506	0.00534	0.00535	0.01042	0.01096	0.01686	0.02311	0.39984	0.02420	0.01146	0.00546	0.00176	0.00318	0.01011	0.36986	0.00493
37	0.70097	0.01138	0.00948	0.00830	0.01145	0.03342	0.00682	0.06516	0.01045	0.02389	0.00794	0.00942	0.00626	0.00555	0.00475	0.00173	0.07022	0.00325	0.00342	0.00614
38	0.01628	0.01125	0.01921	0.02090	0.30712	0.01065	0.14527	0.01931	0.01373	0.26456	0.08453	0.01803	0.01421	0.00675	0.02181	0.00184	0.00618	0.00583	0.00433	0.00821
39	0.68846	0.01164	0.07216	0.00807	0.01171	0.01173	0.00723	0.01614	0.00969	0.05374	0.00881	0.01031	0.00681	0.00752	0.05571	0.00216	0.00524	0.00334	0.00339	0.00615
40	0.01447	0.16951	0.24102	0.01663	0.13412	0.02683	0.09462	0.09414	0.01354	0.07731	0.01080	0.01230	0.00817	0.00517	0.00501	0.00154	0.00681	0.00435	0.00316	0.06050
41	0.01759	0.01453	0.21051	0.06815	0.05611	0.01007	0.05629	0.03620	0.01410	0.38165	0.06620	0.01736	0.01326	0.00632	0.00552	0.00171	0.00595	0.00537	0.00479	0.00832
42	0.00753	0.00557	0.00702	0.00666	0.00803	0.00506	0.00499	0.00992	0.01498	0.02080	0.66460	0.04248	0.15902	0.01154	0.00643	0.00173	0.00260	0.01011	0.00586	0.00506
43	0.05568	0.01135	0.01555	0.07869	0.10627	0.01147	0.04295	0.16918	0.03614	0.37521	0.01619	0.01586	0.01096	0.00628	0.00567	0.00170	0.02185	0.00518	0.00521	0.00862
44	0.01871	0.06137	0.28663	0.01242	0.03270	0.04410	0.01268	0.02229	0.01383	0.41702	0.01578	0.01503	0.01042	0.00599	0.00524	0.00166	0.00618	0.00473	0.00467	0.00858
45	0.00818	0.00486	0.00671	0.00717	0.00747	0.00467	0.00486	0.00745	0.00887	0.01165	0.02131	0.28782	0.09012	0.03477	0.01489	0.44171	0.00404	0.02650	0.00361	0.00335
46	0.01355	0.01181	0.01314	0.01295	0.07710	0.01351	0.00930	0.02796	0.70229	0.02239	0.02120	0.01977	0.01598	0.00719	0.00553	0.00183	0.00449	0.00606	0.00531	0.00863
47	0.08619	0.01259	0.01358	0.04769	0.08811	0.09650	0.00953	0.10617	0.19319	0.20774	0.01783	0.03239	0.03492	0.00695	0.00535	0.00172	0.00547	0.02118	0.00490	0.00800
48	0.01477	0.01375	0.02108	0.06922	0.55659	0.07023	0.05739	0.05403	0.01342	0.06102	0.01091	0.01361	0.00873	0.00512	0.00543	0.00163	0.00679	0.00488	0.00306	0.00832

[dist]
# distance from previous block
# <min> <max>
0	5

[block]
# block no. 1 follows, 44 sequences, length 36
# corresponding to MSA columns:
# 232-267
name=unknown_B
#
# <colnr> <probs for GDERKNQSTAVLIFYWHMCP>
#	G	D	E	R	K	N	Q	S	T	A	V	L	I	F	Y	W	H	M	C	P
0	0.02236	0.00884	0.01182	0.00921	0.01315	0.00762	0.00756	0.02438	0.01523	0.68920	0.02544	0.02251	0.10191	0.00757	0.00559	0.00170	0.00442	0.00618	0.00655	0.00873
1	0.00851	0.00619	0.00840	0.00951	0.01084	0.00608	0.00824	0.01089	0.01254	0.01613	0.03194	0.06044	0.11771	0.01491	0.00740	0.00243	0.00476	0.65307	0.00503	0.00497
2	0.23432	0.10600	0.20704	0.01178	0.01648	0.19887	0.02688	0.01901	0.01233	0.10641	0.01004	0.01100	0.00748	0.00537	0.00452	0.00158	0.00686	0.00372	0.00324	0.00709
3	0.84691	0.01054	0.00801	0.00717	0.01054	0.01223	0.00590	0.01603	0.00928	0.02446	0.00759	0.00886	0.00590	0.00506	0.00337	0.00169	0.00422	0.00295	0.00337	0.00590
4	0.27740	0.17268	0.10496	0.01092	0.01506	0.16933	0.00997	0.13150	0.01362	0.02043	0.00885	0.01006	0.00700	0.00543	0.00454	0.00154	0.02300	0.00352	0.00323	0.00697
5	0.00818	0.00622	0.00829	0.00806	0.00957	0.00592	0.02653	0.01118	0.04795	0.01949	0.44762	0.06788	0.12780	0.01215	0.00665	0.00193	0.00341	0.17036	0.00554	0.00525
6	0.01407	0.01221	0.01799	0.02334	0.44392	0.01224	0.01296	0.17311	0.01490	0.02093	0.01284	0.09509	0.01154	0.00639	0.00541	0.00159	0.00574	0.00578	0.00359	0.10635
7	0.00790	0.00540	0.00655	0.00655	0.00675	0.00561	0.00405	0.00831	0.00811	0.01102	0.01663	0.03264	0.01850	0.64474	0.18960	0.00603	0.00727	0.00748	0.00322	0.00364
8	0.01128	0.02047	0.41219	0.01674	0.02260	0.01266	0.23134	0.01624	0.01197	0.01736	0.08354	0.01531	0.01163	0.00602	0.00693	0.00182	0.08637	0.00537	0.00280	0.00736
9	0.01370	0.55214	0.22623	0.03464	0.01734	0.04681	0.01240	0.01670	0.01135	0.01405	0.00826	0.00969	0.00698	0.00486	0.00405	0.00134	0.00661	0.00329	0.00234	0.00722
10	0.02253	0.00881	0.01187	0.00926	0.01299	0.00769	0.00746	0.02440	0.01471	0.68871	0.02100	0.02055	0.01423	0.10017	0.00808	0.00211	0.00471	0.00577	0.00635	0.00858
11	0.00756	0.00565	0.00695	0.00774	0.00842	0.00558	0.00526	0.01013	0.09818	0.01467	0.02912	0.60216	0.06831	0.09231	0.00878	0.00245	0.00348	0.01348	0.00495	0.00482
12	0.01929	0.13978	0.07120	0.03868	0.11722	0.01261	0.02579	0.12129	0.01533	0.36164	0.01525	0.01488	0.01048	0.00594	0.00515	0.00160	0.00567	0.00481	0.00480	0.00860
13	0.05034	0.03448	0.03865	0.01257	0.04017	0.10016	0.09438	0.02324	0.01460	0.48322	0.01743	0.01747	0.01191	0.00641	0.00545	0.00168	0.00596	0.02827	0.00527	0.00834
14	0.01151	0.01034	0.01635	0.70408	0.03514	0.01267	0.01458	0.10044	0.01262	0.01631	0.01009	0.01437	0.00750	0.00558	0.00545	0.00180	0.00712	0.00485	0.00278	0.00643
15	0.00685	0.00489	0.00656	0.00783	0.00823	0.00461	0.00542	0.00795	0.01064	0.01415	0.02993	0.73297	0.03560	0.01688	0.00701	0.00224	0.00334	0.08533	0.00506	0.00449
16	0.04607	0.24274	0.17539	0.08820	0.01953	0.10718	0.03599	0.17735	0.01487	0.03063	0.00984	0.01128	0.00760	0.00541	0.00474	0.00152	0.00696	0.00398	0.00319	0.00754
17	0.00666	0.00516	0.00608	0.00664	0.00770	0.00457	0.00468	0.00795	0.01177	0.01503	0.11251	0.40915	0.35241	0.01511	0.00669	0.00201	0.00293	0.01325	0.00515	0.00457
18	0.00690	0.00538	0.00627	0.00685	0.00806	0.00482	0.00508	0.00826	0.01166	0.01455	0.04209	0.28874	0.40577	0.04427	0.00755	0.00218	0.00331	0.11872	0.00499	0.00456
19	0.09631	0.01534	0.09702	0.10023	0.36454	0.08768	0.09690	0.01748	0.04109	0.01775	0.01025	0.01298	0.00817	0.00511	0.00525	0.00167	0.00703	0.00468	0.00282	0.00768
20	0.01213	0.00966	0.01139	0.00818	0.01298	0.00731	0.00656	0.01453	0.01157	0.06531	0.01043	0.01176	0.00841	0.00421	0.00413	0.00086	0.00408	0.00337	0.00345	0.78968
21	0.01958	0.01470	0.01572	0.01231	0.01647	0.01637	0.01009	0.64043	0.14328	0.03252	0.01454	0.01424	0.01044	0.00668	0.00547	0.00167	0.00573	0.00511	0.00547	0.00917
22	0.01226	0.01150	0.04167	0.33413	0.18421	0.01197	0.12371	0.01645	0.05560	0.06394	0.04012	0.04086	0.01116	0.00605	0.00592	0.00179	0.02268	0.00570	0.00319	0.00711
23	0.01619	0.06535	0.07031	0.03202	0.11869	0.11235	0.27269	0.04829	0.01381	0.15271	0.01215	0.01387	0.00893	0.00534	0.00574	0.00166	0.01870	0.00515	0.00352	0.02254
24	0.01556	0.33961	0.03186	0.01084	0.03701	0.02407	0.04735	0.13168	0.01453	0.13391	0.03670	0.01869	0.12289	0.00681	0.00486	0.00149	0.00542	0.00532	0.00402	0.00737
25	0.00709	0.00533	0.00588	0.00606	0.00746	0.00470	0.00442	0.00869	0.01234	0.01622	0.14663	0.19428	0.43848	0.01320	0.00624	0.00183	0.00279	0.01131	0.10234	0.00470
26	0.01327	0.10341	0.16930	0.05983	0.03141	0.09870	0.16574	0.03741	0.03521	0.06484	0.01495	0.12829	0.02717	0.00730	0.00560	0.00174	0.00693	0.01846	0.00343	0.00699
27	0.01593	0.29594	0.13734	0.03771	0.05542	0.06720	0.05586	0.06126	0.03952	0.14624	0.01213	0.03191	0.00944	0.00570	0.00479	0.00152	0.00641	0.00447	0.00352	0.00770
28	0.00972	0.00514	0.00535	0.00535	0.00641	0.00518	0.00384	0.01183	0.01078	0.01849	0.01757	0.02281	0.01489	0.13531	0.03616	0.00218	0.00342	0.00556	0.67521	0.00479
29	0.00720	0.00562	0.00668	0.00768	0.00822	0.03328	0.00522	0.00829	0.01103	0.01443	0.07688	0.69001	0.07292	0.01612	0.00682	0.00213	0.00335	0.01450	0.00504	0.00455
30	0.03921	0.04795	0.13656	0.14557	0.10159	0.01269	0.05197	0.10532	0.13614	0.09198	0.01422	0.04295	0.01095	0.00626	0.00533	0.00172	0.00608	0.00533	0.03041	0.00776
31	0.01356	0.04964	0.08055	0.09600	0.13151	0.02586	0.28660	0.01821	0.07114	0.09360	0.03796	0.01706	0.04107	0.00579	0.00577	0.00174	0.00708	0.00585	0.00347	0.00754
32	0.01133	0.01099	0.01383	0.06581	0.01407	0.06702	0.00996	0.01251	0.00906	0.01272	0.01039	0.01868	0.01072	0.18048	0.04238	0.00310	0.47338	0.02549	0.00270	0.00537
33	0.01180	0.01016	0.01336	0.00956	0.01445	0.00792	0.07884	0.01443	0.01157	0.03779	0.01013	0.01182	0.00824	0.00416	0.00431	0.00093	0.00455	0.00360	0.00328	0.73910
34	0.01093	0.00777	0.00960	0.00796	0.01090	0.00653	0.00604	0.01277	0.01107	0.09046	0.04331	0.14629	0.01666	0.09773	0.09852	0.00257	0.00527	0.00650	0.00395	0.40515
35	0.01355	0.01532	0.16374	0.06170	0.16275	0.01277	0.13959	0.09028	0.13799	0.05467	0.03361	0.02997	0.01162	0.00613	0.00581	0.00175	0.01852	0.01398	0.00370	0.02253

[dist]
# distance from previous block
# <min> <max>
0	2

[block]
# block no. 2 follows, 44 sequences, length 34
# corresponding to MSA columns:
# 270-303
name=unknown_C
#
# <colnr> <probs for GDERKNQSTAVLIFYWHMCP>
#	G	D	E	R	K	N	Q	S	T	A	V	L	I	F	Y	W	H	M	C	P
0	0.00821	0.00531	0.00661	0.00704	0.00774	0.00495	0.00470	0.00910	0.01055	0.06444	0.06425	0.43231	0.10529	0.22905	0.01239	0.00294	0.00376	0.01212	0.00475	0.00450
1	0.01535	0.01210	0.01280	0.01092	0.01420	0.01370	0.00866	0.24435	0.46795	0.02600	0.01903	0.01817	0.01417	0.00704	0.00534	0.00173	0.00464	0.00568	0.08969	0.00846
2	0.01230	0.12346	0.01471	0.02770	0.05801	0.01025	0.00786	0.04471	0.02739	0.01776	0.00982	0.01140	0.00816	0.00438	0.00416	0.00098	0.00459	0.00344	0.00319	0.60573
3	0.63931	0.01125	0.01089	0.01140	0.11345	0.01286	0.00795	0.06533	0.01074	0.02367	0.00829	0.00991	0.00656	0.00535	0.00449	0.00171	0.04354	0.00343	0.00337	0.00650
4	0.00974	0.00614	0.00743	0.00688	0.00883	0.00540	0.00533	0.01175	0.01409	0.13150	0.33166	0.04319	0.34004	0.01176	0.00635	0.00180	0.00307	0.04380	0.00568	0.00553
5	0.05558	0.07827	0.07565	0.04349	0.12948	0.01155	0.14571	0.03087	0.02451	0.16742	0.06311	0.01560	0.01199	0.00560	0.00522	0.00155	0.00596	0.00509	0.00385	0.11947
6	0.02849	0.06804	0.27130	0.07268	0.12495	0.01297	0.02751	0.04676	0.09794	0.13792	0.01293	0.01403	0.00943	0.00587	0.00584	0.00172	0.04526	0.00470	0.00358	0.00808
7	0.00695	0.00488	0.00623	0.00719	0.00743	0.00464	0.00464	0.00767	0.00983	0.01311	0.02693	0.61859	0.03213	0.20870	0.01199	0.00296	0.00368	0.01367	0.00464	0.00416
8	0.00774	0.00553	0.00617	0.00617	0.00765	0.00493	0.00457	0.00940	0.01248	0.03524	0.16877	0.10325	0.40904	0.06273	0.00754	0.00202	0.00303	0.03811	0.10086	0.00479
9	0.03987	0.02990	0.24430	0.01575	0.07195	0.02970	0.14508	0.10668	0.03591	0.15185	0.03638	0.01649	0.01121	0.00610	0.00555	0.00174	0.00681	0.03279	0.00391	0.00802
10	0.07509	0.01069	0.05628	0.09470	0.04954	0.01013	0.00940	0.04310	0.16951	0.26354	0.06607	0.07193	0.04103	0.00764	0.00551	0.00177	0.00485	0.00638	0.00511	0.00773
11	0.00700	0.00478	0.00620	0.00734	0.00775	0.00449	0.00493	0.00811	0.01054	0.01456	0.02881	0.72558	0.03383	0.01600	0.00664	0.00212	0.00310	0.01445	0.08928	0.00449
12	0.01321	0.01303	0.04074	0.12828	0.12538	0.02973	0.24255	0.01651	0.02312	0.06905	0.01081	0.01470	0.00869	0.00647	0.00910	0.00194	0.21957	0.01708	0.00295	0.00709
13	0.01747	0.09048	0.18456	0.06018	0.07341	0.10685	0.03525	0.10160	0.01465	0.22863	0.01304	0.01360	0.00921	0.00583	0.00541	0.00163	0.02157	0.00456	0.00400	0.00808
14	0.01257	0.07339	0.01797	0.38789	0.16767	0.07738	0.04092	0.01566	0.01200	0.04510	0.01198	0.01841	0.01020	0.00628	0.00549	0.00176	0.00696	0.07871	0.00295	0.00670
15	0.47509	0.09650	0.09144	0.01078	0.04310	0.12173	0.02454	0.04996	0.01147	0.02103	0.00835	0.00974	0.00658	0.00516	0.00402	0.00160	0.00583	0.00337	0.00313	0.00658
16	0.01087	0.00908	0.01307	0.01467	0.19046	0.00893	0.05829	0.01550	0.13603	0.05600	0.20136	0.03116	0.21384	0.00908	0.00600	0.00175	0.00436	0.00806	0.00473	0.00674
17	0.01566	0.23321	0.10885	0.09003	0.01721	0.01382	0.01080	0.01891	0.04901	0.21891	0.02604	0.01414	0.01022	0.00618	0.00623	0.00161	0.09503	0.00448	0.02467	0.03497
18	0.00806	0.00598	0.00757	0.00710	0.00852	0.00569	0.00534	0.01145	0.06528	0.02169	0.69800	0.03975	0.07283	0.01098	0.00637	0.00173	0.00269	0.00967	0.00594	0.00536
19	0.00811	0.00596	0.00844	0.00833	0.00899	0.00685	0.00618	0.00937	0.00847	0.01206	0.01454	0.02385	0.01447	0.20759	0.54239	0.05037	0.05043	0.00619	0.00295	0.00445
20	0.00699	0.00497	0.00633	0.00711	0.00756	0.00467	0.00471	0.00797	0.01066	0.01427	0.11410	0.54226	0.07096	0.15821	0.01060	0.00269	0.00346	0.01330	0.00485	0.00432
21	0.00926	0.00594	0.00763	0.00699	0.00864	0.00537	0.00532	0.01165	0.01511	0.09746	0.61395	0.03982	0.12990	0.01101	0.00634	0.00173	0.00280	0.00961	0.00597	0.00550
22	0.02072	0.01527	0.01636	0.01254	0.01691	0.01691	0.01036	0.75622	0.02563	0.03436	0.01309	0.01309	0.00927	0.00654	0.00545	0.00164	0.00600	0.00491	0.00545	0.00927
23	0.84691	0.01054	0.00801	0.00717	0.01054	0.01223	0.00590	0.01603	0.00928	0.02446	0.00759	0.00886	0.00590	0.00506	0.00337	0.00169	0.00422	0.00295	0.00337	0.00590
24	0.84691	0.01054	0.00801	0.00717	0.01054	0.01223	0.00590	0.01603	0.00928	0.02446	0.00759	0.00886	0.00590	0.00506	0.00337	0.00169	0.00422	0.00295	0.00337	0.00590
25	0.00771	0.00532	0.00622	0.00631	0.00657	0.00533	0.00384	0.00808	0.00853	0.01133	0.02071	0.08682	0.07834	0.61677	0.10141	0.00517	0.00589	0.00850	0.00352	0.00364
26	0.01123	0.00930	0.01503	0.63137	0.03205	0.01114	0.01338	0.01499	0.03444	0.07398	0.08795	0.01767	0.01249	0.00618	0.00555	0.00180	0.00650	0.00544	0.00321	0.00629
27	0.01139	0.07040	0.01414	0.01078	0.01343	0.00899	0.14221	0.08045	0.01329	0.09088	0.04239	0.29541	0.16136	0.01116	0.00621	0.00188	0.00478	0.01008	0.00465	0.00612
28	0.00862	0.00616	0.00860	0.00985	0.01103	0.00613	0.00850	0.01101	0.01239	0.01613	0.02896	0.11886	0.03174	0.01522	0.00749	0.00249	0.00488	0.68196	0.00502	0.00497
29	0.00654	0.00553	0.00566	0.00563	0.00742	0.00464	0.00422	0.00801	0.01266	0.01528	0.11051	0.05156	0.71656	0.01360	0.00644	0.00183	0.00275	0.01138	0.00514	0.00464
30	0.01231	0.02417	0.59265	0.01512	0.02211	0.02542	0.07470	0.03278	0.01211	0.07525	0.01116	0.01327	0.00812	0.03039	0.02533	0.00201	0.00795	0.00450	0.00280	0.00787
31	0.01194	0.00967	0.01137	0.00815	0.01297	0.00730	0.00653	0.01435	0.01151	0.05437	0.01026	0.01165	0.00834	0.00417	0.00411	0.00085	0.00407	0.00334	0.00340	0.80166
32	0.00772	0.00577	0.00723	0.00721	0.00850	0.00543	0.00540	0.01048	0.05008	0.01926	0.46644	0.16568	0.14681	0.01255	0.00655	0.00187	0.00294	0.05935	0.00563	0.00511
33	0.02288	0.00897	0.01226	0.00973	0.01365	0.00784	0.00809	0.02503	0.01530	0.70120	0.02225	0.02289	0.01530	0.00759	0.00569	0.00177	0.00468	0.07946	0.00657	0.00885

[dist]
# distance from previous block
# <min> <max>
0	1

[block]
# block no. 3 follows, 44 sequences, length 7
# corresponding to MSA columns:
# 305-311
name=unknown_D
#
# <colnr> <probs for GDERKNQSTAVLIFYWHMCP>
#	G	D	E	R	K	N	Q	S	T	A	V	L	I	F	Y	W	H	M	C	P
0	0.01366	0.17943	0.24796	0.08427	0.12813	0.01408	0.03644	0.04432	0.07028	0.08195	0.01224	0.01486	0.00958	0.00577	0.00508	0.00164	0.00657	0.03271	0.00323	0.00780
1	0.01217	0.01343	0.16033	0.12036	0.06904	0.01097	0.09660	0.03402	0.06643	0.09104	0.12013	0.02161	0.08623	0.00741	0.00666	0.00181	0.06446	0.00633	0.00390	0.00705
2	0.00677	0.00488	0.00632	0.00733	0.00779	0.00453	0.00492	0.00781	0.01078	0.01434	0.08135	0.66589	0.08441	0.05552	0.00791	0.00231	0.00320	0.01448	0.00504	0.00443
3	0.36087	0.05654	0.03343	0.02940	0.03832	0.17971	0.00862	0.09312	0.01289	0.04655	0.01013	0.03752	0.00830	0.00595	0.00469	0.00162	0.02702	0.00404	0.03469	0.00658
4	0.00703	0.00549	0.00629	0.00619	0.00764	0.00484	0.00455	0.00880	0.01329	0.01732	0.33734	0.08949	0.40635	0.05206	0.00752	0.00198	0.00283	0.01090	0.00535	0.00474
5	0.01308	0.04299	0.01377	0.00965	0.01436	0.04743	0.04237	0.10318	0.01329	0.01932	0.01001	0.01150	0.00813	0.00447	0.00434	0.00100	0.00487	0.00358	0.00342	0.62923
6	0.01140	0.01019	0.05795	0.08666	0.15718	0.00932	0.02740	0.04465	0.03325	0.06449	0.08020	0.19618	0.03569	0.00906	0.00629	0.00178	0.03563	0.03130	0.00407	0.09731

[dist]
# distance from previous block
# <min> <max>
0	1

[block]
# block no. 4 follows, 44 sequences, length 12
# corresponding to MSA columns:
# 313-324
name=unknown_E
#
# <colnr> <probs for GDERKNQSTAVLIFYWHMCP>
#	G	D	E	R	K	N	Q	S	T	A	V	L	I	F	Y	W	H	M	C	P
0	0.04802	0.09359	0.06473	0.04199	0.02783	0.01462	0.01027	0.31299	0.13360	0.07956	0.03570	0.01518	0.01150	0.00840	0.04827	0.00206	0.03396	0.00500	0.00458	0.00813
1	0.01569	0.01931	0.05912	0.18621	0.02121	0.39646	0.01241	0.01781	0.01260	0.01364	0.00849	0.01144	0.00710	0.00645	0.00801	0.00174	0.18930	0.00412	0.00260	0.00628
2	0.00674	0.00545	0.00599	0.00603	0.00759	0.00470	0.00446	0.00834	0.01288	0.01621	0.21021	0.12763	0.53756	0.01356	0.00649	0.00185	0.00276	0.01156	0.00527	0.00470
3	0.00755	0.00550	0.00702	0.00708	0.00783	0.00565	0.00496	0.00872	0.00970	0.01311	0.08572	0.09130	0.13212	0.29381	0.29011	0.00548	0.00783	0.00844	0.00378	0.00429
4	0.02319	0.00890	0.01198	0.00929	0.01324	0.00775	0.00764	0.02533	0.01523	0.71070	0.02118	0.01871	0.01354	0.00671	0.00533	0.00165	0.00445	0.00545	0.08081	0.00890
5	0.01893	0.02387	0.01442	0.01316	0.01587	0.70572	0.00987	0.02033	0.01514	0.01349	0.01326	0.01424	0.08609	0.00646	0.00507	0.00145	0.00910	0.00434	0.00304	0.00614
6	0.01355	0.01238	0.01247	0.04059	0.01487	0.08664	0.00872	0.04539	0.49760	0.02047	0.01816	0.01806	0.01400	0.00976	0.07488	0.00231	0.00589	0.00549	0.00469	0.09408
7	0.00650	0.00532	0.00574	0.00607	0.00751	0.00456	0.00439	0.00776	0.01190	0.01451	0.04853	0.25255	0.57642	0.01468	0.00658	0.00194	0.00287	0.01257	0.00506	0.00456
8	0.00820	0.00673	0.00760	0.00775	0.00844	0.04019	0.00548	0.00917	0.01037	0.01340	0.05439	0.26082	0.16373	0.23515	0.03856	0.00318	0.07376	0.04443	0.00421	0.00443
9	0.00830	0.00564	0.00681	0.00667	0.00672	0.00596	0.00410	0.00823	0.00791	0.01071	0.01573	0.03178	0.01779	0.64965	0.06202	0.08669	0.05136	0.00734	0.00314	0.00344
10	0.06162	0.45029	0.05741	0.05667	0.04708	0.08806	0.07674	0.01710	0.01167	0.04442	0.00882	0.01053	0.00739	0.00511	0.00478	0.00142	0.03752	0.00369	0.00267	0.00701
11	0.06338	0.30417	0.12169	0.03189	0.01602	0.12314	0.01056	0.05107	0.01296	0.14659	0.01104	0.01192	0.00846	0.00692	0.03870	0.00176	0.00678	0.00387	0.00340	0.02569

[dist]
# distance from previous block
# <min> <max>
0	8

[block]
# block no. 5 follows, 44 sequences, length 27
# corresponding to MSA columns:
# 334-360
name=unknown_F
#
# <colnr> <probs for GDERKNQSTAVLIFYWHMCP>
#	G	D	E	R	K	N	Q	S	T	A	V	L	I	F	Y	W	H	M	C	P
0	0.80354	0.01079	0.00845	0.00745	0.01088	0.01248	0.00614	0.05489	0.01014	0.02498	0.00788	0.00908	0.00608	0.00514	0.00348	0.00168	0.00431	0.00305	0.00348	0.00608
1	0.01506	0.03115	0.24086	0.01404	0.08119	0.10587	0.01261	0.11741	0.05329	0.12082	0.09045	0.03647	0.01427	0.00786	0.03283	0.00192	0.00673	0.00539	0.00405	0.00773
2	0.00780	0.00581	0.00860	0.00860	0.00951	0.00673	0.00661	0.00963	0.00871	0.01253	0.01475	0.02225	0.01399	0.08567	0.74252	0.00856	0.01406	0.00596	0.00294	0.00478
3	0.01838	0.01208	0.01540	0.03503	0.11268	0.04728	0.04697	0.19238	0.07636	0.27199	0.06352	0.01842	0.03805	0.00686	0.00577	0.00169	0.01787	0.00571	0.00517	0.00837
4	0.79226	0.06314	0.00936	0.00731	0.01077	0.01284	0.00613	0.01605	0.00940	0.02370	0.00759	0.00885	0.00598	0.00503	0.00338	0.00165	0.00432	0.00295	0.00331	0.00598
5	0.00793	0.00529	0.00595	0.00595	0.00595	0.00529	0.00330	0.00793	0.00793	0.01057	0.01718	0.03568	0.01982	0.80840	0.02775	0.00529	0.00529	0.00793	0.00330	0.00330
6	0.01544	0.70360	0.02618	0.00923	0.01373	0.01965	0.00901	0.01725	0.01155	0.09095	0.00933	0.01012	0.00789	0.00493	0.00371	0.00122	0.00560	0.00325	0.03019	0.00717
7	0.01543	0.17087	0.03597	0.13526	0.01816	0.01251	0.03709	0.08468	0.06084	0.18802	0.01631	0.01673	0.06412	0.00618	0.00499	0.00151	0.00544	0.00499	0.00415	0.11676
8	0.03228	0.08179	0.14135	0.01356	0.05460	0.17925	0.03004	0.08218	0.17661	0.13365	0.01404	0.01415	0.01033	0.00603	0.00514	0.00162	0.00665	0.00466	0.00409	0.00798
9	0.01206	0.02416	0.63269	0.01395	0.02098	0.01147	0.01740	0.01763	0.01187	0.08559	0.01165	0.01304	0.00821	0.00544	0.00507	0.00168	0.00719	0.00427	0.08781	0.00786
10	0.00966	0.04975	0.01034	0.00810	0.01091	0.00720	0.00628	0.01157	0.01137	0.01649	0.09365	0.23185	0.02139	0.03039	0.00623	0.00154	0.02603	0.04231	0.00402	0.40093
11	0.01284	0.01108	0.01164	0.01053	0.01348	0.01265	0.00817	0.02682	0.68801	0.02198	0.02555	0.02361	0.09352	0.00805	0.00564	0.00185	0.00416	0.00671	0.00550	0.00822
12	0.02124	0.01548	0.01572	0.01228	0.01646	0.09391	0.01003	0.57384	0.02312	0.14195	0.01386	0.01356	0.00967	0.00648	0.00540	0.00162	0.00619	0.00485	0.00538	0.00897
13	0.01402	0.05229	0.01793	0.43384	0.04747	0.01186	0.10074	0.03759	0.01240	0.16871	0.01222	0.01507	0.00880	0.00608	0.00606	0.03279	0.00674	0.00506	0.00342	0.00693
14	0.01450	0.61234	0.04572	0.00944	0.01401	0.01816	0.00922	0.01651	0.01149	0.06479	0.00990	0.01250	0.00882	0.00530	0.00394	0.00125	0.00559	0.04166	0.00286	0.09201
15	0.47249	0.01176	0.00979	0.00921	0.01190	0.12988	0.02642	0.01537	0.01103	0.02018	0.01363	0.08510	0.01337	0.00799	0.00476	0.00184	0.00527	0.14059	0.00372	0.00572
16	0.84691	0.01054	0.00801	0.00717	0.01054	0.01223	0.00590	0.01603	0.00928	0.02446	0.00759	0.00886	0.00590	0.00506	0.00337	0.00169	0.00422	0.00295	0.00337	0.00590
17	0.01349	0.01295	0.02213	0.03346	0.77440	0.01295	0.01673	0.01673	0.01241	0.01781	0.01025	0.01349	0.00864	0.00486	0.00540	0.00162	0.00648	0.00486	0.00270	0.00864
18	0.01709	0.01011	0.01248	0.03446	0.01449	0.00868	0.00771	0.09403	0.01434	0.30009	0.01440	0.01427	0.01017	0.00534	0.00476	0.00125	0.00456	0.00428	0.00473	0.42278
19	0.01486	0.01211	0.05406	0.13639	0.40262	0.01142	0.04602	0.01809	0.01299	0.17524	0.05242	0.01608	0.01159	0.00567	0.00551	0.00168	0.00620	0.00528	0.00366	0.00813
20	0.01746	0.00773	0.01041	0.00851	0.01151	0.00681	0.00681	0.01977	0.01553	0.46220	0.33485	0.02782	0.02935	0.00858	0.00588	0.00170	0.00378	0.00731	0.00644	0.00755
21	0.00684	0.00536	0.00619	0.00636	0.00770	0.00471	0.00463	0.00845	0.01280	0.01650	0.24596	0.22052	0.40693	0.01382	0.00656	0.00189	0.00280	0.01196	0.00532	0.00471
22	0.03684	0.09474	0.25262	0.03492	0.11581	0.02871	0.13428	0.03975	0.01308	0.17902	0.01233	0.01352	0.00880	0.00538	0.00527	0.00166	0.00696	0.00473	0.00350	0.00807
23	0.01309	0.01054	0.03524	0.01409	0.10055	0.01028	0.10863	0.13875	0.03715	0.08869	0.11499	0.10024	0.04377	0.05067	0.03136	0.00223	0.03120	0.05710	0.00452	0.00691
24	0.00653	0.00520	0.00585	0.00638	0.00759	0.00453	0.00452	0.00773	0.01161	0.01439	0.04483	0.36307	0.46829	0.01516	0.00666	0.00199	0.00293	0.01315	0.00506	0.00453
25	0.01183	0.01083	0.01777	0.09489	0.50552	0.01101	0.01382	0.03058	0.01227	0.01705	0.01573	0.13794	0.03588	0.00770	0.00581	0.00179	0.00584	0.05300	0.00331	0.00744
26	0.01346	0.10054	0.13001	0.20498	0.18377	0.01380	0.14774	0.06805	0.01295	0.05763	0.01070	0.01341	0.00812	0.00519	0.00537	0.00168	0.00718	0.00485	0.00295	0.00761

[dist]
# distance from previous block
# <min> <max>
4	7

[block]
# block no. 6 follows, 44 sequences, length 18
# corresponding to MSA columns:
# 368-385
name=unknown_G
#
# <colnr> <probs for GDERKNQSTAVLIFYWHMCP>
#	G	D	E	R	K	N	Q	S	T	A	V	L	I	F	Y	W	H	M	C	P
0	0.02789	0.04111	0.01310	0.13441	0.10225	0.02611	0.00940	0.03097	0.24830	0.01885	0.08741	0.02356	0.12716	0.00763	0.00545	0.00168	0.00478	0.00644	0.01884	0.06466
1	0.00821	0.00564	0.00678	0.00662	0.00811	0.00516	0.00510	0.01045	0.01382	0.03685	0.39172	0.04235	0.23314	0.01143	0.00615	0.00176	0.00289	0.07651	0.12224	0.00508
2	0.01105	0.00627	0.00813	0.00730	0.00914	0.00567	0.00557	0.01331	0.01475	0.17417	0.50171	0.06595	0.08948	0.03522	0.00686	0.00184	0.00311	0.00913	0.02549	0.00586
3	0.01049	0.00918	0.00977	0.01063	0.01211	0.12128	0.00904	0.01284	0.01298	0.01588	0.02585	0.05388	0.02779	0.01367	0.00714	0.00235	0.00573	0.62948	0.00469	0.00521
4	0.00716	0.00555	0.00651	0.00627	0.00780	0.00491	0.00470	0.00921	0.01411	0.01873	0.45706	0.04588	0.36786	0.01231	0.00644	0.00177	0.00266	0.01058	0.00559	0.00491
5	0.84691	0.01054	0.00801	0.00717	0.01054	0.01223	0.00590	0.01603	0.00928	0.02446	0.00759	0.00886	0.00590	0.00506	0.00337	0.00169	0.00422	0.00295	0.00337	0.00590
6	0.01458	0.81168	0.02857	0.00933	0.01399	0.02157	0.00933	0.01632	0.01108	0.01283	0.00758	0.00875	0.00700	0.00466	0.00350	0.00117	0.00583	0.00292	0.00233	0.00700
7	0.84691	0.01054	0.00801	0.00717	0.01054	0.01223	0.00590	0.01603	0.00928	0.02446	0.00759	0.00886	0.00590	0.00506	0.00337	0.00169	0.00422	0.00295	0.00337	0.00590
8	0.01551	0.00741	0.00978	0.00851	0.01124	0.00659	0.00694	0.01768	0.01459	0.37247	0.19358	0.03555	0.13667	0.01013	0.00617	0.00185	0.00397	0.12833	0.00605	0.00697
9	0.01254	0.01068	0.01144	0.01058	0.01325	0.01221	0.00810	0.02582	0.65339	0.02150	0.02335	0.13597	0.01950	0.00882	0.00576	0.00190	0.00414	0.00754	0.00548	0.00801
10	0.01458	0.81168	0.02857	0.00933	0.01399	0.02157	0.00933	0.01632	0.01108	0.01283	0.00758	0.00875	0.00700	0.00466	0.00350	0.00117	0.00583	0.00292	0.00233	0.00700
11	0.01421	0.00684	0.00909	0.00862	0.01074	0.00630	0.00690	0.01619	0.01300	0.29586	0.02490	0.22126	0.02352	0.01128	0.00612	0.00196	0.00408	0.19033	0.12236	0.00645
12	0.01360	0.01894	0.17229	0.02024	0.02584	0.12747	0.50491	0.01806	0.01299	0.01682	0.01041	0.01338	0.00783	0.00486	0.00597	0.00175	0.00907	0.00554	0.00268	0.00733
13	0.02293	0.00962	0.01261	0.00989	0.01395	0.00879	0.00810	0.02690	0.12044	0.67244	0.02160	0.01881	0.01394	0.00684	0.00549	0.00171	0.00459	0.00558	0.00658	0.00919
14	0.01102	0.01263	0.12365	0.22493	0.30631	0.01120	0.01447	0.01456	0.01158	0.01626	0.06753	0.01669	0.01197	0.01084	0.12063	0.00275	0.00781	0.00526	0.00285	0.00706
15	0.01241	0.12193	0.01379	0.00833	0.01312	0.00931	0.00694	0.01473	0.01149	0.05465	0.00998	0.01130	0.00819	0.00426	0.00403	0.00090	0.00432	0.00330	0.00328	0.68374
16	0.01219	0.00994	0.01149	0.00856	0.01284	0.00839	0.00685	0.12269	0.01399	0.02078	0.11683	0.01569	0.01432	0.00540	0.00458	0.00106	0.00412	0.00441	0.00395	0.60192
17	0.06221	0.00971	0.01222	0.00960	0.01338	0.00913	0.00785	0.13132	0.01675	0.52542	0.12457	0.02037	0.01781	0.00725	0.00551	0.00168	0.00453	0.00589	0.00629	0.00853

[dist]
# distance from previous block
# <min> <max>
0	2

[block]
# block no. 7 follows, 44 sequences, length 34
# corresponding to MSA columns:
# 388-421
name=unknown_H
#
# <colnr> <probs for GDERKNQSTAVLIFYWHMCP>
#	G	D	E	R	K	N	Q	S	T	A	V	L	I	F	Y	W	H	M	C	P
0	0.01493	0.63799	0.04245	0.01103	0.05144	0.04736	0.00994	0.06949	0.02895	0.01511	0.02319	0.01025	0.00830	0.00504	0.00392	0.00127	0.00597	0.00340	0.00273	0.00724
1	0.01714	0.00764	0.01048	0.00955	0.03278	0.00679	0.00716	0.01891	0.01368	0.45280	0.05140	0.28793	0.02281	0.01055	0.00606	0.00188	0.00412	0.02494	0.00600	0.00737
2	0.00788	0.00530	0.00599	0.00598	0.00608	0.00526	0.00340	0.00803	0.00836	0.01116	0.05082	0.03631	0.03974	0.75425	0.02630	0.00505	0.00511	0.00810	0.00346	0.00342
3	0.00690	0.00552	0.00617	0.00606	0.00766	0.00479	0.00452	0.00870	0.01344	0.01725	0.30971	0.06924	0.49491	0.01295	0.00645	0.00181	0.00271	0.01103	0.00540	0.00479
4	0.79236	0.01019	0.00782	0.00703	0.01027	0.01176	0.00577	0.01581	0.00942	0.02419	0.00826	0.00960	0.00643	0.00514	0.00340	0.00166	0.00411	0.00309	0.05783	0.00585
5	0.00787	0.00553	0.00720	0.00720	0.00764	0.00597	0.00487	0.00873	0.00830	0.01150	0.01603	0.02932	0.01706	0.46604	0.36634	0.00684	0.00944	0.00700	0.00313	0.00400
6	0.72448	0.01028	0.00817	0.00735	0.01057	0.01187	0.00599	0.01686	0.07094	0.02406	0.00944	0.01054	0.00730	0.00534	0.00358	0.00167	0.00412	0.00335	0.05801	0.00607
7	0.84691	0.01054	0.00801	0.00717	0.01054	0.01223	0.00590	0.01603	0.00928	0.02446	0.00759	0.00886	0.00590	0.00506	0.00337	0.00169	0.00422	0.00295	0.00337	0.00590
8	0.00746	0.00556	0.00693	0.00658	0.00798	0.00503	0.00494	0.00978	0.01482	0.02040	0.62463	0.04313	0.19925	0.01169	0.00643	0.00174	0.00261	0.01020	0.00581	0.00503
9	0.01206	0.00777	0.01082	0.01023	0.06067	0.00741	0.03907	0.01595	0.09063	0.16503	0.45762	0.03178	0.04965	0.00929	0.00609	0.00172	0.00368	0.00821	0.00572	0.00659
10	0.01316	0.08848	0.14154	0.02964	0.01566	0.01180	0.05223	0.06484	0.12001	0.10630	0.21063	0.02127	0.02087	0.00759	0.00656	0.00174	0.06980	0.00618	0.00447	0.00724
11	0.01056	0.00996	0.01682	0.73324	0.09757	0.01218	0.01527	0.01416	0.01102	0.01425	0.00974	0.01445	0.00738	0.00540	0.00545	0.00180	0.00720	0.00485	0.00244	0.00627
12	0.01269	0.30659	0.23271	0.01288	0.03248	0.01485	0.09844	0.01620	0.01188	0.03665	0.07145	0.01347	0.01106	0.00542	0.00496	0.00145	0.02130	0.00437	0.00289	0.08826
13	0.01363	0.00974	0.03943	0.01163	0.10494	0.02342	0.00829	0.06896	0.01488	0.17929	0.26062	0.02591	0.08397	0.00802	0.00563	0.00157	0.00429	0.00684	0.00506	0.12389
14	0.00904	0.00587	0.00767	0.00705	0.00859	0.00536	0.00535	0.01154	0.01536	0.08326	0.68907	0.03927	0.06983	0.01087	0.00635	0.00172	0.00275	0.00955	0.00603	0.00546
15	0.01125	0.01037	0.02842	0.19729	0.30036	0.01053	0.07653	0.01426	0.01193	0.03385	0.02996	0.14593	0.01589	0.00813	0.00598	0.00187	0.00612	0.08109	0.00341	0.00684
16	0.03416	0.02051	0.38789	0.03461	0.12897	0.05401	0.09899	0.01886	0.01260	0.14041	0.01176	0.01320	0.00836	0.00535	0.00535	0.00170	0.00739	0.00462	0.00318	0.00807
17	0.22684	0.01351	0.03503	0.09699	0.26913	0.09662	0.03601	0.03273	0.01186	0.03289	0.02253	0.02542	0.00874	0.00577	0.00581	0.00171	0.06376	0.00452	0.00306	0.00708
18	0.02434	0.00947	0.01277	0.00979	0.01401	0.00830	0.00809	0.05014	0.01593	0.75415	0.02124	0.01838	0.01336	0.00674	0.00548	0.00169	0.00468	0.00546	0.00671	0.00928
19	0.01428	0.65297	0.02496	0.00938	0.01357	0.01918	0.00907	0.06397	0.01216	0.01490	0.01019	0.01392	0.00949	0.00572	0.00397	0.00131	0.00561	0.06301	0.04546	0.00689
20	0.00873	0.00490	0.00712	0.00751	0.00771	0.00486	0.00521	0.00764	0.00834	0.01112	0.01577	0.19477	0.01727	0.01895	0.04259	0.55959	0.00474	0.06686	0.00320	0.00312
21	0.00795	0.00537	0.00650	0.00647	0.00670	0.00549	0.00400	0.00832	0.00851	0.01158	0.06569	0.03317	0.02058	0.61251	0.14021	0.03583	0.00649	0.00762	0.00339	0.00362
22	0.00758	0.00554	0.00712	0.00678	0.00808	0.00508	0.00506	0.01000	0.01503	0.02104	0.69058	0.06834	0.10626	0.01156	0.00645	0.00174	0.00261	0.01018	0.00590	0.00508
23	0.01342	0.01165	0.02855	0.11307	0.07703	0.01305	0.01048	0.14717	0.32836	0.02133	0.01644	0.03434	0.01299	0.01096	0.09683	0.00262	0.04383	0.00574	0.00438	0.00775
24	0.01613	0.52890	0.04684	0.01086	0.01514	0.13865	0.01007	0.12052	0.01371	0.01606	0.00853	0.00971	0.00732	0.00525	0.00452	0.00133	0.03303	0.00338	0.00284	0.00721
25	0.00790	0.00534	0.00624	0.00629	0.00641	0.00541	0.00374	0.00813	0.00815	0.01093	0.01750	0.05309	0.01993	0.71166	0.08870	0.00544	0.00599	0.02232	0.00335	0.00349
26	0.06725	0.15325	0.11507	0.01483	0.03625	0.06024	0.19091	0.06558	0.01297	0.08903	0.03160	0.01432	0.00980	0.00605	0.00658	0.00171	0.09258	0.02136	0.00332	0.00730
27	0.01366	0.38564	0.19069	0.01175	0.01640	0.01694	0.02651	0.01706	0.04484	0.05538	0.00957	0.01112	0.00786	0.00571	0.00631	0.00153	0.12477	0.00381	0.00276	0.04769
28	0.00784	0.00543	0.00710	0.00791	0.00874	0.00519	0.00577	0.00975	0.03352	0.03401	0.12330	0.50588	0.05546	0.01508	0.00680	0.00214	0.00342	0.12815	0.02964	0.00487
29	0.01108	0.00949	0.03116	0.02725	0.01250	0.03476	0.03427	0.03843	0.24215	0.05963	0.08511	0.17348	0.18540	0.01066	0.00609	0.00188	0.00424	0.02080	0.00509	0.00652
30	0.01415	0.10320	0.11346	0.07347	0.25963	0.03179	0.10311	0.04826	0.05179	0.08694	0.01289	0.01519	0.02655	0.02901	0.00597	0.00175	0.00664	0.00507	0.00330	0.00783
31	0.09025	0.00743	0.00798	0.00754	0.00955	0.02937	0.00566	0.03461	0.03461	0.11184	0.11951	0.22023	0.24454	0.02780	0.00644	0.00191	0.00363	0.00989	0.00511	0.02210
32	0.00767	0.00544	0.00707	0.00760	0.00849	0.00515	0.00537	0.00937	0.02840	0.03317	0.14767	0.49568	0.07079	0.03981	0.05816	0.00258	0.00399	0.02949	0.00502	0.02909
33	0.05852	0.05852	0.08641	0.11851	0.10496	0.06306	0.09507	0.05318	0.07425	0.12104	0.01291	0.01552	0.00993	0.00604	0.00584	0.00170	0.04088	0.02928	0.00365	0.04074

[dist]
# distance from previous block
# <min> <max>
0	472

# created by:
# /home/berkeley/.conda/envs/busco_data_prod/bin/msa2prfl.pl pipeline/OGs_align_augustus/33634/165106.fs
