[name]
unknown

[dist]
# distance from previous block
# <min> <max>
8	377

[block]
# block no. 0 follows, 40 sequences, length 17
# corresponding to MSA columns:
# 403-419
name=unknown_A
#
# <colnr> <probs for GDERKNQSTAVLIFYWHMCP>
#	G	D	E	R	K	N	Q	S	T	A	V	L	I	F	Y	W	H	M	C	P
0	0.08264	0.09282	0.40518	0.03764	0.02196	0.01344	0.11590	0.01687	0.01210	0.01805	0.01413	0.01625	0.06363	0.00851	0.05467	0.00229	0.00820	0.00519	0.00289	0.00763
1	0.01131	0.06681	0.01157	0.00954	0.01147	0.00976	0.00745	0.14537	0.03532	0.01836	0.02173	0.18386	0.08074	0.02366	0.27802	0.05771	0.00856	0.00842	0.00428	0.00605
2	0.01352	0.11341	0.43716	0.08479	0.08038	0.01455	0.07536	0.04117	0.01306	0.05765	0.01107	0.01310	0.00812	0.00555	0.00549	0.00178	0.00795	0.00462	0.00290	0.00837
3	0.01374	0.14366	0.29569	0.01976	0.14964	0.01471	0.17121	0.01831	0.01295	0.05609	0.01305	0.01506	0.03877	0.00570	0.00564	0.00176	0.00777	0.00521	0.00300	0.00828
4	0.01248	0.01253	0.02324	0.41316	0.20332	0.01359	0.20401	0.01653	0.01254	0.01679	0.01085	0.01530	0.00837	0.00543	0.00607	0.00190	0.00809	0.00561	0.00274	0.00745
5	0.00962	0.00848	0.03603	0.05999	0.01377	0.00878	0.02398	0.01226	0.01321	0.01840	0.27013	0.06477	0.03245	0.01461	0.06587	0.00276	0.12719	0.20715	0.00478	0.00575
6	0.01103	0.07860	0.10608	0.04002	0.05530	0.01049	0.09230	0.01405	0.01240	0.04726	0.13749	0.13391	0.02178	0.01650	0.16733	0.00347	0.03362	0.00786	0.00395	0.00656
7	0.12647	0.14806	0.32335	0.01283	0.01873	0.01490	0.01397	0.09223	0.07836	0.07366	0.01284	0.03817	0.00991	0.00630	0.00512	0.00175	0.00665	0.00475	0.00369	0.00825
8	0.01136	0.00647	0.00818	0.00765	0.00862	0.00647	0.00516	0.01218	0.01001	0.13690	0.01850	0.03176	0.01860	0.50336	0.18479	0.00579	0.00765	0.00755	0.00405	0.00494
9	0.01378	0.01450	0.14811	0.17028	0.12194	0.01228	0.01338	0.14323	0.05354	0.06087	0.08726	0.04427	0.07605	0.00774	0.00600	0.00186	0.00624	0.00656	0.00426	0.00786
10	0.01429	0.05409	0.06206	0.05146	0.01737	0.01223	0.09226	0.23010	0.01785	0.04835	0.13939	0.05409	0.08103	0.00934	0.00637	0.00192	0.00584	0.08951	0.00498	0.00747
11	0.07288	0.29374	0.02030	0.01147	0.01573	0.20024	0.00981	0.09529	0.01556	0.19519	0.01244	0.01258	0.00929	0.00598	0.00481	0.00152	0.00686	0.00413	0.00414	0.00804
12	0.01084	0.00542	0.00542	0.00542	0.00678	0.00542	0.00407	0.01355	0.01220	0.02168	0.01897	0.02168	0.01491	0.00678	0.00407	0.00136	0.00271	0.00542	0.82791	0.00542
13	0.05686	0.31039	0.02109	0.01230	0.01627	0.35380	0.01029	0.05921	0.01504	0.08113	0.01009	0.01101	0.00816	0.00575	0.00469	0.00146	0.00793	0.00375	0.00335	0.00743
14	0.12817	0.28144	0.06963	0.05809	0.04639	0.17365	0.05792	0.08968	0.01424	0.01863	0.00948	0.01118	0.00771	0.00553	0.00474	0.00156	0.00738	0.00397	0.00312	0.00750
15	0.77572	0.06976	0.01018	0.00782	0.01152	0.01379	0.00657	0.01712	0.01004	0.02517	0.00810	0.00944	0.00638	0.00537	0.00361	0.00176	0.00463	0.00315	0.00352	0.00638
16	0.01481	0.06235	0.14467	0.06649	0.31876	0.11597	0.03960	0.05684	0.04742	0.01868	0.01225	0.05371	0.01041	0.00625	0.00567	0.00175	0.00746	0.00543	0.00321	0.00828

[dist]
# distance from previous block
# <min> <max>
0	17

[block]
# block no. 1 follows, 40 sequences, length 30
# corresponding to MSA columns:
# 437-466
name=unknown_B
#
# <colnr> <probs for GDERKNQSTAVLIFYWHMCP>
#	G	D	E	R	K	N	Q	S	T	A	V	L	I	F	Y	W	H	M	C	P
0	0.09104	0.00969	0.01223	0.01068	0.03942	0.00885	0.00840	0.04985	0.01480	0.33360	0.04394	0.04960	0.01742	0.00837	0.00580	0.00178	0.00486	0.12226	0.00559	0.16184
1	0.06566	0.08051	0.03832	0.00953	0.01233	0.03696	0.00798	0.14691	0.04212	0.02313	0.29626	0.03121	0.08955	0.01021	0.00674	0.03450	0.00464	0.05161	0.00519	0.00663
2	0.02575	0.01044	0.01383	0.01060	0.01512	0.00936	0.00876	0.08900	0.01756	0.70143	0.02218	0.01930	0.01401	0.00718	0.00585	0.00179	0.00507	0.00580	0.00708	0.00990
3	0.01084	0.00542	0.00542	0.00542	0.00678	0.00542	0.00407	0.01355	0.01220	0.02168	0.01897	0.02168	0.01491	0.00678	0.00407	0.00136	0.00271	0.00542	0.82791	0.00542
4	0.01155	0.01078	0.01467	0.01282	0.01282	0.01447	0.01020	0.01248	0.00878	0.01325	0.01057	0.01967	0.01134	0.22563	0.02197	0.00339	0.57121	0.00601	0.00281	0.00558
5	0.05807	0.01469	0.01913	0.01454	0.01908	0.04112	0.14128	0.35473	0.02044	0.20244	0.01498	0.01527	0.01042	0.00668	0.00644	0.00182	0.03893	0.00552	0.00529	0.00910
6	0.01004	0.00703	0.00888	0.00870	0.01007	0.00726	0.00639	0.01418	0.15669	0.04193	0.23900	0.20752	0.03198	0.01658	0.07844	0.12979	0.00484	0.00978	0.00521	0.00569
7	0.65806	0.01095	0.00964	0.00824	0.01204	0.01205	0.00679	0.01957	0.01138	0.18857	0.01137	0.01173	0.00808	0.00579	0.00409	0.00180	0.00460	0.00374	0.00439	0.00709
8	0.01178	0.02926	0.72377	0.01703	0.02547	0.01357	0.06239	0.01843	0.01236	0.01843	0.01051	0.01247	0.00745	0.00549	0.00560	0.00185	0.00866	0.00444	0.00248	0.00855
9	0.00898	0.00558	0.00749	0.00749	0.00774	0.00583	0.00495	0.00862	0.00837	0.01141	0.01484	0.02741	0.01577	0.34875	0.20613	0.28941	0.00783	0.00675	0.00308	0.00358
10	0.00908	0.00672	0.00871	0.00960	0.04027	0.00676	0.00645	0.07730	0.01247	0.01677	0.04205	0.47438	0.06295	0.09142	0.10323	0.00341	0.00548	0.01268	0.00490	0.00536
11	0.02281	0.01409	0.01685	0.01288	0.01750	0.01471	0.04430	0.45723	0.04154	0.27131	0.01702	0.01613	0.01150	0.00698	0.00588	0.00178	0.00604	0.00554	0.00613	0.00978
12	0.00887	0.00598	0.00791	0.00783	0.00912	0.00554	0.00585	0.01122	0.01515	0.05471	0.52430	0.20255	0.04822	0.01328	0.00701	0.00199	0.00314	0.05566	0.00616	0.00552
13	0.00804	0.00580	0.00715	0.00700	0.00804	0.00539	0.00491	0.00987	0.01385	0.01903	0.45086	0.10461	0.12499	0.19095	0.01208	0.00275	0.00348	0.01074	0.00555	0.00491
14	0.01258	0.20007	0.14971	0.11573	0.19150	0.01434	0.04822	0.01604	0.01237	0.01656	0.01397	0.09065	0.01329	0.00750	0.00567	0.00182	0.00680	0.07253	0.00315	0.00750
15	0.04737	0.01470	0.05134	0.25828	0.24037	0.07184	0.08923	0.09549	0.01450	0.04522	0.01130	0.01443	0.00865	0.00570	0.00576	0.00181	0.00759	0.00515	0.00328	0.00799
16	0.01643	0.39522	0.05636	0.01760	0.18456	0.18551	0.03546	0.01887	0.01325	0.01536	0.00914	0.01105	0.00790	0.00527	0.00470	0.00146	0.00753	0.00388	0.00270	0.00776
17	0.00968	0.00808	0.01126	0.04524	0.01201	0.01003	0.00820	0.01103	0.00918	0.01320	0.01452	0.05955	0.01505	0.22362	0.29434	0.00577	0.23405	0.00691	0.00314	0.00514
18	0.02768	0.13105	0.02910	0.05122	0.13065	0.07093	0.03225	0.04538	0.15719	0.09354	0.12860	0.02136	0.01862	0.00741	0.00570	0.00176	0.00584	0.02921	0.00456	0.00793
19	0.09022	0.11743	0.18241	0.07122	0.14259	0.01429	0.02824	0.09130	0.01385	0.10551	0.01219	0.01481	0.00950	0.05096	0.00705	0.00197	0.02991	0.00484	0.00360	0.00810
20	0.02562	0.01066	0.01397	0.01071	0.01522	0.00968	0.00885	0.11299	0.01792	0.67693	0.02187	0.01910	0.01386	0.00717	0.00584	0.00179	0.00512	0.00578	0.00703	0.00990
21	0.08240	0.00999	0.01294	0.10515	0.01677	0.00982	0.00883	0.08278	0.01527	0.44936	0.01887	0.02055	0.01353	0.11702	0.00899	0.00235	0.00548	0.00587	0.00573	0.00831
22	0.01584	0.13078	0.14550	0.07087	0.25745	0.06477	0.03656	0.01958	0.02828	0.12232	0.02523	0.01453	0.01009	0.00589	0.00582	0.00172	0.02798	0.00490	0.00346	0.00842
23	0.00827	0.00637	0.00844	0.00858	0.00987	0.00607	0.02863	0.01108	0.05935	0.01836	0.24387	0.34173	0.13189	0.01468	0.00713	0.00215	0.00360	0.07889	0.00564	0.00540
24	0.00834	0.00612	0.00879	0.00879	0.00963	0.00697	0.00657	0.01003	0.00918	0.01309	0.01609	0.02567	0.01576	0.18308	0.63480	0.00866	0.01373	0.00664	0.00319	0.00488
25	0.03582	0.01909	0.34810	0.10376	0.12764	0.01213	0.01617	0.01793	0.04148	0.08423	0.01456	0.10665	0.01238	0.00738	0.00615	0.00192	0.02695	0.00619	0.00347	0.00800
26	0.01600	0.04793	0.05227	0.04103	0.15243	0.22871	0.03371	0.04581	0.08495	0.05148	0.01467	0.11333	0.01324	0.00771	0.00634	0.00178	0.04250	0.00625	0.00379	0.03607
27	0.01944	0.02108	0.01496	0.01330	0.01645	0.46152	0.01016	0.07946	0.15615	0.06117	0.05422	0.01660	0.03614	0.00709	0.00559	0.00166	0.00809	0.00515	0.00427	0.00751
28	0.01084	0.00542	0.00542	0.00542	0.00678	0.00542	0.00407	0.01355	0.01220	0.02168	0.01897	0.02168	0.01491	0.00678	0.00407	0.00136	0.00271	0.00542	0.82791	0.00542
29	0.03897	0.14364	0.10576	0.01270	0.07837	0.04699	0.01021	0.07563	0.01263	0.05764	0.01458	0.04648	0.02447	0.16628	0.11374	0.00350	0.03218	0.00593	0.00355	0.00677

[dist]
# distance from previous block
# <min> <max>
0	29

[block]
# block no. 2 follows, 40 sequences, length 16
# corresponding to MSA columns:
# 496-511
name=unknown_C
#
# <colnr> <probs for GDERKNQSTAVLIFYWHMCP>
#	G	D	E	R	K	N	Q	S	T	A	V	L	I	F	Y	W	H	M	C	P
0	0.01362	0.01320	0.01806	0.15703	0.34879	0.09823	0.01409	0.05071	0.01356	0.01770	0.01469	0.05105	0.03596	0.01045	0.07657	0.00253	0.00788	0.04499	0.00332	0.00758
1	0.21523	0.01434	0.02832	0.01254	0.05072	0.15219	0.05552	0.05248	0.01439	0.25127	0.01450	0.01591	0.01070	0.05680	0.00673	0.00198	0.00639	0.00495	0.02733	0.00773
2	0.00925	0.00757	0.01095	0.01041	0.01117	0.00940	0.00819	0.01103	0.00920	0.01347	0.01406	0.02163	0.01348	0.08254	0.56773	0.00768	0.17774	0.00613	0.00302	0.00534
3	0.17952	0.01039	0.01178	0.00892	0.01358	0.00903	0.00725	0.01906	0.01295	0.23419	0.01351	0.01376	0.00982	0.00535	0.00461	0.00132	0.00453	0.00408	0.00455	0.43180
4	0.02053	0.01242	0.01354	0.01043	0.01499	0.09718	0.00841	0.05778	0.01556	0.38312	0.01652	0.01575	0.01137	0.00605	0.00524	0.00144	0.00544	0.00474	0.00534	0.29415
5	0.09214	0.01534	0.01637	0.01265	0.01720	0.01685	0.01045	0.62104	0.02499	0.09402	0.01418	0.01404	0.00994	0.00686	0.00563	0.00175	0.00612	0.00511	0.00574	0.00958
6	0.01084	0.00542	0.00542	0.00542	0.00678	0.00542	0.00407	0.01355	0.01220	0.02168	0.01897	0.02168	0.01491	0.00678	0.00407	0.00136	0.00271	0.00542	0.82791	0.00542
7	0.00846	0.00564	0.00634	0.00634	0.00634	0.00564	0.00352	0.00846	0.00846	0.01128	0.01832	0.03805	0.02114	0.79563	0.02960	0.00564	0.00564	0.00846	0.00352	0.00352
8	0.02134	0.02507	0.01596	0.01434	0.01740	0.65094	0.01083	0.06866	0.01695	0.05455	0.01104	0.04529	0.00935	0.00665	0.00541	0.00157	0.00963	0.00451	0.00350	0.00702
9	0.00859	0.00555	0.00755	0.00841	0.00913	0.00531	0.00586	0.00982	0.01130	0.06791	0.02935	0.64114	0.03377	0.02060	0.10262	0.00319	0.00501	0.01449	0.00524	0.00515
10	0.56081	0.01079	0.01023	0.00857	0.01247	0.01151	0.00706	0.02092	0.01219	0.27704	0.01315	0.01297	0.00905	0.00601	0.00436	0.00180	0.00465	0.00407	0.00482	0.00752
11	0.01180	0.01147	0.02043	0.49531	0.17038	0.01292	0.11885	0.01560	0.01220	0.01616	0.01178	0.05559	0.00977	0.00621	0.00604	0.00192	0.00766	0.00600	0.00284	0.00708
12	0.00818	0.00623	0.00908	0.00953	0.01052	0.00593	0.05315	0.00978	0.01173	0.01545	0.03058	0.46344	0.06897	0.08338	0.00941	0.00268	0.00444	0.18746	0.00507	0.00498
13	0.00929	0.00763	0.01136	0.07361	0.12219	0.00825	0.00886	0.01103	0.01081	0.01488	0.02120	0.33134	0.02349	0.09734	0.14122	0.00378	0.06413	0.02995	0.00401	0.00562
14	0.05106	0.00632	0.00846	0.01034	0.05736	0.00617	0.00707	0.01004	0.01175	0.01627	0.02992	0.52522	0.05348	0.01616	0.00723	0.00235	0.00407	0.16637	0.00513	0.00523
15	0.22102	0.01135	0.01289	0.01130	0.04671	0.01173	0.00870	0.06922	0.17301	0.34720	0.01840	0.01708	0.01264	0.00681	0.00531	0.00183	0.00494	0.00528	0.00577	0.00884

[dist]
# distance from previous block
# <min> <max>
4	16

[block]
# block no. 3 follows, 40 sequences, length 17
# corresponding to MSA columns:
# 531-542,555-559
name=unknown_D
#
# <colnr> <probs for GDERKNQSTAVLIFYWHMCP>
#	G	D	E	R	K	N	Q	S	T	A	V	L	I	F	Y	W	H	M	C	P
0	0.01598	0.10589	0.23437	0.01397	0.05168	0.01298	0.05351	0.07881	0.04793	0.16348	0.05022	0.01574	0.01207	0.00612	0.00542	0.00164	0.00642	0.00502	0.00417	0.11458
1	0.01260	0.01275	0.11098	0.01527	0.03878	0.01031	0.23124	0.01650	0.04238	0.09238	0.07195	0.08145	0.01928	0.11402	0.03156	0.00271	0.00708	0.07765	0.00417	0.00694
2	0.01892	0.32035	0.02324	0.01331	0.01763	0.26278	0.05819	0.18459	0.01699	0.01943	0.00996	0.01118	0.00812	0.00576	0.00490	0.00149	0.00787	0.00405	0.00344	0.00781
3	0.01426	0.52985	0.08924	0.16224	0.06930	0.01965	0.01264	0.01703	0.01191	0.01466	0.00891	0.01111	0.00763	0.00520	0.00442	0.00146	0.00676	0.00374	0.00253	0.00748
4	0.03646	0.01359	0.12179	0.01496	0.12921	0.01103	0.01148	0.05743	0.11050	0.26695	0.03978	0.03650	0.01437	0.04031	0.02501	0.00212	0.00593	0.00590	0.00503	0.05163
5	0.07417	0.06205	0.24325	0.13349	0.12137	0.01276	0.06392	0.01788	0.01254	0.09982	0.01307	0.03862	0.01043	0.00815	0.04332	0.00221	0.00759	0.02415	0.00337	0.00784
6	0.20346	0.01076	0.01259	0.00996	0.01413	0.01051	0.00820	0.10927	0.01641	0.47840	0.05466	0.01798	0.01407	0.00701	0.00540	0.00179	0.00491	0.00541	0.00620	0.00889
7	0.01062	0.01137	0.14317	0.05268	0.07408	0.00868	0.01003	0.01349	0.03164	0.05730	0.01919	0.10165	0.04433	0.22281	0.14047	0.00419	0.00764	0.03683	0.00377	0.00607
8	0.01410	0.09208	0.13738	0.13705	0.31195	0.01439	0.10249	0.01862	0.04358	0.05609	0.01174	0.01448	0.00912	0.00549	0.00568	0.00177	0.00737	0.00514	0.00309	0.00841
9	0.01120	0.00735	0.00949	0.06702	0.01250	0.02861	0.00738	0.01306	0.01289	0.12048	0.11538	0.37960	0.03101	0.01352	0.00730	0.00214	0.03623	0.06992	0.04904	0.00588
10	0.00874	0.00609	0.00709	0.00730	0.00767	0.00618	0.00463	0.01017	0.05759	0.01311	0.02155	0.14102	0.02427	0.57508	0.02328	0.00471	0.00524	0.06798	0.00408	0.00421
11	0.03198	0.29946	0.21966	0.01443	0.08803	0.01591	0.03349	0.05314	0.01349	0.06796	0.06646	0.04679	0.01298	0.00646	0.00511	0.00163	0.00653	0.00512	0.00344	0.00794
12	0.01428	0.01256	0.02016	0.30691	0.33403	0.01367	0.03993	0.07891	0.05305	0.05200	0.01220	0.01544	0.00940	0.00579	0.00583	0.00183	0.00707	0.00534	0.00337	0.00824
13	0.21059	0.01232	0.01367	0.01073	0.01508	0.01272	0.00886	0.26151	0.01864	0.35362	0.01656	0.01549	0.01105	0.00671	0.00532	0.00178	0.00533	0.00503	0.00592	0.00907
14	0.01084	0.00542	0.00542	0.00542	0.00678	0.00542	0.00407	0.01355	0.01220	0.02168	0.01897	0.02168	0.01491	0.00678	0.00407	0.00136	0.00271	0.00542	0.82791	0.00542
15	0.04774	0.18016	0.12208	0.14408	0.11933	0.12557	0.01354	0.05610	0.01402	0.10853	0.01140	0.01312	0.00866	0.00576	0.00517	0.00166	0.00730	0.00443	0.00341	0.00795
16	0.32419	0.02472	0.01171	0.04529	0.08087	0.01089	0.00844	0.05191	0.01242	0.13411	0.01596	0.13808	0.01449	0.01139	0.07296	0.00256	0.00587	0.02281	0.00440	0.00694

[dist]
# distance from previous block
# <min> <max>
0	3

[block]
# block no. 4 follows, 40 sequences, length 18
# corresponding to MSA columns:
# 563-580
name=unknown_E
#
# <colnr> <probs for GDERKNQSTAVLIFYWHMCP>
#	G	D	E	R	K	N	Q	S	T	A	V	L	I	F	Y	W	H	M	C	P
0	0.56049	0.05411	0.05107	0.01251	0.10852	0.05862	0.00925	0.05221	0.01177	0.02396	0.00891	0.01049	0.00703	0.00547	0.00418	0.00174	0.00555	0.00360	0.00346	0.00704
1	0.01424	0.01482	0.01762	0.01516	0.01572	0.11695	0.01247	0.04135	0.01056	0.01484	0.00804	0.01247	0.00770	0.00951	0.01679	0.00238	0.65518	0.00492	0.00272	0.00654
2	0.25951	0.01065	0.01224	0.01010	0.01374	0.01094	0.04490	0.06971	0.09534	0.26416	0.02010	0.05771	0.06165	0.03667	0.00626	0.00200	0.00494	0.00619	0.00534	0.00784
3	0.23721	0.06215	0.01716	0.01246	0.01650	0.01267	0.14254	0.01813	0.01215	0.13299	0.01220	0.01504	0.00962	0.00629	0.00660	0.00174	0.09462	0.03057	0.00387	0.15549
4	0.27001	0.01096	0.01241	0.00985	0.01409	0.01088	0.00813	0.09841	0.01571	0.46613	0.01754	0.01607	0.01149	0.00663	0.00517	0.00179	0.00496	0.00497	0.00597	0.00881
5	0.01084	0.00542	0.00542	0.00542	0.00678	0.00542	0.00407	0.01355	0.01220	0.02168	0.01897	0.02168	0.01491	0.00678	0.00407	0.00136	0.00271	0.00542	0.82791	0.00542
6	0.01278	0.06228	0.01702	0.01364	0.01479	0.03717	0.04431	0.06257	0.01105	0.01568	0.01168	0.05666	0.01165	0.05565	0.09010	0.00318	0.44119	0.02909	0.00314	0.00636
7	0.01177	0.01061	0.04122	0.01243	0.01327	0.01256	0.01027	0.01328	0.01041	0.06494	0.01767	0.18787	0.04387	0.04823	0.01461	0.00256	0.42774	0.04684	0.00377	0.00609
8	0.01096	0.00893	0.01336	0.01167	0.01384	0.04535	0.14808	0.01316	0.01311	0.07795	0.11156	0.32491	0.07820	0.03899	0.02375	0.00238	0.00543	0.04746	0.00496	0.00596
9	0.59519	0.01084	0.01002	0.00845	0.01232	0.01171	0.00697	0.02044	0.01191	0.24576	0.01252	0.01253	0.00871	0.00593	0.00427	0.00180	0.00463	0.00395	0.00467	0.00737
10	0.01055	0.00885	0.01321	0.06332	0.13132	0.00895	0.06823	0.06112	0.03469	0.01718	0.04174	0.24896	0.08273	0.15204	0.02825	0.00285	0.00561	0.00998	0.00430	0.00611
11	0.00985	0.00739	0.00976	0.01038	0.01174	0.00771	0.00867	0.05787	0.01361	0.01787	0.03065	0.17203	0.09029	0.01531	0.00844	0.00250	0.05743	0.45770	0.00521	0.00558
12	0.01010	0.00747	0.01010	0.07416	0.01302	0.03220	0.02140	0.01174	0.01132	0.07440	0.02355	0.41642	0.02569	0.03592	0.16062	0.00371	0.04674	0.01132	0.00454	0.00556
13	0.01041	0.00691	0.00846	0.00870	0.00999	0.00700	0.00636	0.05608	0.07841	0.05800	0.02648	0.41010	0.02829	0.06172	0.04605	0.00271	0.00455	0.06277	0.10121	0.00579
14	0.04413	0.01734	0.07967	0.01670	0.08713	0.16593	0.11171	0.17029	0.05992	0.02122	0.01254	0.01505	0.00999	0.01198	0.12492	0.00295	0.03174	0.00524	0.00373	0.00782
15	0.37613	0.01143	0.01206	0.11788	0.03897	0.03686	0.00895	0.05432	0.04633	0.11827	0.01215	0.01377	0.00914	0.00872	0.06280	0.00233	0.00621	0.00437	0.00405	0.05526
16	0.12681	0.03366	0.04609	0.01113	0.08514	0.00920	0.00815	0.03581	0.01291	0.08368	0.06519	0.06307	0.11629	0.06138	0.00706	0.00194	0.00469	0.03448	0.04527	0.14807
17	0.44341	0.13604	0.11186	0.00965	0.01407	0.03852	0.00914	0.01768	0.01131	0.06910	0.01067	0.04945	0.00888	0.00607	0.00429	0.00169	0.00546	0.00416	0.00357	0.04496

[dist]
# distance from previous block
# <min> <max>
2	60

[block]
# block no. 5 follows, 40 sequences, length 12
# corresponding to MSA columns:
# 644-655
name=unknown_F
#
# <colnr> <probs for GDERKNQSTAVLIFYWHMCP>
#	G	D	E	R	K	N	Q	S	T	A	V	L	I	F	Y	W	H	M	C	P
0	0.01405	0.01392	0.06112	0.13725	0.50198	0.01375	0.01661	0.01859	0.06892	0.04182	0.01201	0.01508	0.00964	0.00580	0.00641	0.00182	0.04414	0.00525	0.00316	0.00867
1	0.34981	0.01044	0.01152	0.00927	0.01341	0.01034	0.00765	0.02385	0.01395	0.46894	0.01701	0.01566	0.01116	0.00648	0.00495	0.00180	0.00477	0.00477	0.00576	0.00846
2	0.01029	0.04532	0.01076	0.01023	0.03917	0.00796	0.02718	0.03758	0.06689	0.05244	0.07226	0.29394	0.15787	0.01376	0.00690	0.00215	0.00430	0.12969	0.00528	0.00603
3	0.07735	0.08875	0.17205	0.01739	0.17579	0.01320	0.03807	0.06599	0.02993	0.22548	0.01525	0.01573	0.02703	0.00618	0.00546	0.00175	0.00640	0.00509	0.00431	0.00880
4	0.03802	0.00839	0.01018	0.00933	0.01140	0.03690	0.00708	0.01633	0.01338	0.26639	0.07155	0.30092	0.07889	0.04013	0.00822	0.00219	0.05801	0.01032	0.00566	0.00671
5	0.00784	0.00572	0.00731	0.00797	0.00862	0.00571	0.00551	0.00937	0.03163	0.01434	0.02858	0.39756	0.09362	0.17652	0.14322	0.00418	0.00599	0.03694	0.00465	0.00473
6	0.01500	0.19060	0.14430	0.02243	0.25815	0.04753	0.15786	0.03730	0.01349	0.04438	0.01082	0.01321	0.00859	0.00529	0.00547	0.00168	0.00766	0.00488	0.00297	0.00840
7	0.09118	0.05037	0.09734	0.12522	0.26958	0.03403	0.01390	0.03605	0.07832	0.01877	0.01256	0.04499	0.01071	0.02580	0.02490	0.02363	0.02623	0.00542	0.00329	0.00772
8	0.08410	0.01115	0.01274	0.01023	0.01409	0.06682	0.00828	0.06809	0.01675	0.49705	0.12868	0.02145	0.01897	0.00765	0.00578	0.00178	0.00510	0.00614	0.00641	0.00873
9	0.01084	0.00542	0.00542	0.00542	0.00678	0.00542	0.00407	0.01355	0.01220	0.02168	0.01897	0.02168	0.01491	0.00678	0.00407	0.00136	0.00271	0.00542	0.82791	0.00542
10	0.04939	0.18935	0.20357	0.03960	0.12593	0.04306	0.01360	0.06335	0.06205	0.07887	0.06670	0.01546	0.01251	0.00622	0.00525	0.00168	0.00659	0.00491	0.00370	0.00820
11	0.10560	0.10023	0.18643	0.08227	0.06238	0.10431	0.10306	0.01814	0.01274	0.06179	0.01221	0.05420	0.01029	0.00664	0.00600	0.00182	0.03749	0.02366	0.00326	0.00746

[dist]
# distance from previous block
# <min> <max>
0	1

[block]
# block no. 6 follows, 40 sequences, length 17
# corresponding to MSA columns:
# 657-673
name=unknown_G
#
# <colnr> <probs for GDERKNQSTAVLIFYWHMCP>
#	G	D	E	R	K	N	Q	S	T	A	V	L	I	F	Y	W	H	M	C	P
0	0.49974	0.13430	0.11687	0.01086	0.04109	0.08024	0.00977	0.01788	0.01120	0.02189	0.00859	0.01008	0.00683	0.00540	0.00410	0.00169	0.00592	0.00342	0.00320	0.00693
1	0.01398	0.42579	0.16665	0.01113	0.01591	0.06239	0.01137	0.01669	0.01227	0.04142	0.01443	0.08555	0.05191	0.00862	0.03745	0.00188	0.00685	0.00535	0.00313	0.00724
2	0.16457	0.01275	0.01453	0.01126	0.01573	0.04424	0.04482	0.19227	0.01722	0.29322	0.01537	0.01496	0.01056	0.00628	0.00526	0.00166	0.00560	0.00487	0.00535	0.11949
3	0.10158	0.15591	0.01646	0.01105	0.01468	0.15187	0.04099	0.09124	0.05943	0.07764	0.09200	0.03337	0.08075	0.00752	0.00532	0.00164	0.00603	0.00585	0.00437	0.04231
4	0.02270	0.01534	0.01686	0.01293	0.01756	0.01662	0.01068	0.63429	0.02575	0.14457	0.01530	0.01483	0.01056	0.00701	0.00582	0.00175	0.00618	0.00533	0.00602	0.00989
5	0.01084	0.00542	0.00542	0.00542	0.00678	0.00542	0.00407	0.01355	0.01220	0.02168	0.01897	0.02168	0.01491	0.00678	0.00407	0.00136	0.00271	0.00542	0.82791	0.00542
6	0.04532	0.01276	0.01255	0.01241	0.05743	0.17681	0.00886	0.06403	0.01221	0.01575	0.01320	0.02010	0.01251	0.14996	0.28649	0.00514	0.07950	0.00570	0.00330	0.00597
7	0.01124	0.00888	0.01280	0.21700	0.08609	0.00981	0.01027	0.01526	0.10018	0.05771	0.07284	0.18699	0.02193	0.09087	0.00926	0.00243	0.03309	0.04257	0.00436	0.00643
8	0.04568	0.00598	0.00767	0.00804	0.00915	0.00562	0.00572	0.01096	0.01304	0.07878	0.23513	0.48253	0.03972	0.01496	0.00697	0.00214	0.00337	0.01337	0.00575	0.00543
9	0.48334	0.01066	0.01070	0.00882	0.01281	0.01108	0.00728	0.02200	0.01284	0.34750	0.01457	0.01396	0.00983	0.00618	0.00458	0.00180	0.00469	0.00433	0.00517	0.00787
10	0.07724	0.01591	0.09266	0.04762	0.05369	0.03187	0.01187	0.35644	0.14060	0.05175	0.01548	0.01749	0.01180	0.00717	0.00574	0.00185	0.00627	0.04064	0.00501	0.00891
11	0.01058	0.00831	0.01263	0.03935	0.01429	0.00894	0.06965	0.01304	0.01280	0.05027	0.10079	0.12538	0.04343	0.01405	0.03039	0.00258	0.12005	0.31282	0.00478	0.00588
12	0.00796	0.00587	0.00793	0.00846	0.00891	0.00624	0.00592	0.00908	0.01003	0.01376	0.02375	0.40078	0.02713	0.17184	0.22095	0.00490	0.04589	0.01163	0.00428	0.00471
13	0.00709	0.00506	0.00675	0.00810	0.00843	0.00472	0.00540	0.00810	0.01113	0.01484	0.03205	0.79184	0.03846	0.01822	0.00742	0.00236	0.00337	0.01653	0.00540	0.00472
14	0.01447	0.10226	0.01779	0.33230	0.05722	0.04417	0.01264	0.12230	0.13067	0.04084	0.05790	0.01711	0.01267	0.00660	0.00563	0.00180	0.00658	0.00545	0.00395	0.00766
15	0.25257	0.01293	0.01405	0.03955	0.06027	0.04661	0.03073	0.11941	0.07504	0.02323	0.01113	0.01272	0.00878	0.00592	0.00578	0.00162	0.06228	0.00427	0.00386	0.20923
16	0.11594	0.20690	0.08197	0.08904	0.05836	0.04726	0.08221	0.03200	0.08179	0.04490	0.03335	0.05664	0.01187	0.00649	0.00517	0.00170	0.00643	0.00533	0.00356	0.02907

[dist]
# distance from previous block
# <min> <max>
1	41

[block]
# block no. 7 follows, 40 sequences, length 17
# corresponding to MSA columns:
# 715-731
name=unknown_H
#
# <colnr> <probs for GDERKNQSTAVLIFYWHMCP>
#	G	D	E	R	K	N	Q	S	T	A	V	L	I	F	Y	W	H	M	C	P
0	0.09665	0.04638	0.08510	0.05091	0.24646	0.01252	0.07009	0.04645	0.01335	0.08840	0.01163	0.01364	0.00897	0.00530	0.00523	0.00158	0.00630	0.00464	0.00352	0.18288
1	0.09321	0.01183	0.06894	0.59552	0.06382	0.01280	0.01538	0.01535	0.01162	0.01647	0.01083	0.01631	0.00850	0.00607	0.00565	0.00193	0.00737	0.02893	0.00278	0.00667
2	0.01732	0.45181	0.02548	0.06622	0.01854	0.16497	0.07049	0.01954	0.01334	0.08881	0.01020	0.01155	0.00829	0.00545	0.00464	0.00146	0.00732	0.00396	0.00310	0.00753
3	0.01319	0.01166	0.08734	0.01215	0.09119	0.00865	0.00938	0.01647	0.02694	0.11466	0.15118	0.02096	0.04723	0.00675	0.00537	0.00141	0.00475	0.00572	0.00443	0.36057
4	0.01323	0.01147	0.06656	0.01508	0.15007	0.03078	0.04187	0.01692	0.06379	0.11714	0.11283	0.16441	0.04900	0.00917	0.00610	0.00179	0.00518	0.00815	0.00471	0.11174
5	0.01216	0.01400	0.11451	0.28232	0.18639	0.01267	0.13138	0.03476	0.01310	0.01796	0.06398	0.03462	0.01279	0.00728	0.02415	0.00207	0.00767	0.01754	0.00316	0.00748
6	0.06346	0.01059	0.01366	0.01052	0.01499	0.00970	0.00869	0.09857	0.01739	0.65678	0.02136	0.01873	0.01357	0.00709	0.00574	0.00179	0.00507	0.00566	0.00689	0.00973
7	0.01315	0.01690	0.24416	0.12015	0.29335	0.01209	0.01637	0.01722	0.01263	0.07434	0.01376	0.08349	0.01189	0.03721	0.00677	0.00200	0.00702	0.00609	0.00329	0.00811
8	0.08795	0.10681	0.08706	0.09324	0.14462	0.01439	0.07741	0.05625	0.10430	0.07680	0.03350	0.03553	0.01181	0.00655	0.00606	0.00182	0.03852	0.00548	0.00384	0.00805
9	0.00833	0.00633	0.00882	0.00926	0.00988	0.00700	0.00692	0.00982	0.01032	0.01426	0.02297	0.32303	0.02557	0.09021	0.27707	0.00511	0.07463	0.08126	0.00420	0.00499
10	0.00741	0.00528	0.00703	0.00823	0.00865	0.00504	0.00566	0.00853	0.01106	0.01475	0.03038	0.65163	0.03596	0.07344	0.03728	0.00287	0.00414	0.07275	0.00518	0.00471
11	0.01254	0.02086	0.39645	0.01809	0.13023	0.01261	0.06474	0.01866	0.07765	0.04681	0.08689	0.03844	0.01449	0.00681	0.00626	0.00188	0.02897	0.00583	0.00350	0.00826
12	0.01343	0.01208	0.02004	0.11120	0.31498	0.01229	0.12121	0.05950	0.05352	0.04373	0.04867	0.07155	0.05673	0.00752	0.00623	0.00189	0.00654	0.02711	0.00386	0.00794
13	0.27842	0.01097	0.01236	0.00981	0.01405	0.01092	0.00810	0.09752	0.01563	0.45929	0.01740	0.01597	0.01141	0.00661	0.00514	0.00179	0.00496	0.00494	0.00593	0.00877
14	0.01084	0.00542	0.00542	0.00542	0.00678	0.00542	0.00407	0.01355	0.01220	0.02168	0.01897	0.02168	0.01491	0.00678	0.00407	0.00136	0.00271	0.00542	0.82791	0.00542
15	0.05011	0.38243	0.09663	0.06988	0.01793	0.01781	0.01132	0.12881	0.03535	0.07842	0.03217	0.01444	0.01064	0.00617	0.00481	0.00158	0.00626	0.02359	0.00370	0.00795
16	0.19142	0.09518	0.02807	0.09862	0.01742	0.01309	0.03009	0.06022	0.09851	0.21274	0.03201	0.04578	0.01265	0.00703	0.00570	0.00183	0.03158	0.00545	0.00474	0.00791

[dist]
# distance from previous block
# <min> <max>
0	1

[block]
# block no. 8 follows, 40 sequences, length 17
# corresponding to MSA columns:
# 733-749
name=unknown_I
#
# <colnr> <probs for GDERKNQSTAVLIFYWHMCP>
#	G	D	E	R	K	N	Q	S	T	A	V	L	I	F	Y	W	H	M	C	P
0	0.33643	0.01661	0.01214	0.01071	0.01384	0.27138	0.00825	0.08793	0.01404	0.06524	0.01103	0.01417	0.00925	0.09760	0.00752	0.00214	0.00688	0.00433	0.00381	0.00668
1	0.01140	0.04659	0.10151	0.01258	0.01409	0.03116	0.01108	0.01332	0.00986	0.01418	0.01233	0.02139	0.01241	0.14730	0.12035	0.00384	0.35814	0.04953	0.00296	0.00598
2	0.15650	0.00957	0.01174	0.00961	0.01348	0.00884	0.00795	0.02235	0.01471	0.44442	0.06109	0.02400	0.01699	0.00792	0.00564	0.00182	0.00474	0.08837	0.00600	0.08427
3	0.01358	0.01271	0.01427	0.06859	0.09431	0.08055	0.00955	0.01889	0.15317	0.01925	0.01282	0.01425	0.01025	0.00535	0.00496	0.00130	0.00545	0.00438	0.00375	0.45262
4	0.09812	0.01230	0.01407	0.01098	0.01523	0.01261	0.00904	0.31652	0.02006	0.34526	0.01762	0.01660	0.01185	0.00691	0.00550	0.00175	0.00534	0.00532	0.06570	0.00924
5	0.01084	0.00542	0.00542	0.00542	0.00678	0.00542	0.00407	0.01355	0.01220	0.02168	0.01897	0.02168	0.01491	0.00678	0.00407	0.00136	0.00271	0.00542	0.82791	0.00542
6	0.01079	0.00983	0.01494	0.10181	0.01643	0.01209	0.07676	0.01250	0.00962	0.01373	0.01239	0.02156	0.01239	0.21976	0.13988	0.00432	0.29637	0.00632	0.00293	0.00558
7	0.02048	0.02571	0.01568	0.01427	0.01712	0.70157	0.01071	0.02209	0.01648	0.01507	0.07791	0.01353	0.01186	0.00654	0.00539	0.00153	0.00977	0.00437	0.00331	0.00663
8	0.00709	0.00506	0.00675	0.00810	0.00843	0.00472	0.00540	0.00810	0.01113	0.01484	0.03205	0.79184	0.03846	0.01822	0.00742	0.00236	0.00337	0.01653	0.00540	0.00472
9	0.02319	0.00974	0.01299	0.01051	0.01454	0.00882	0.00870	0.02666	0.07663	0.61585	0.02391	0.02527	0.01689	0.00828	0.00611	0.00192	0.00497	0.08884	0.00688	0.00931
10	0.00810	0.00584	0.00765	0.00741	0.00866	0.00540	0.00548	0.01064	0.01584	0.02234	0.67221	0.13032	0.05296	0.01262	0.00692	0.00189	0.00282	0.01121	0.00628	0.00540
11	0.00921	0.00658	0.00918	0.01052	0.01179	0.00655	0.00909	0.01177	0.01323	0.01722	0.03088	0.11729	0.03382	0.01622	0.00799	0.00265	0.00521	0.67013	0.00536	0.00531
12	0.00895	0.00710	0.01020	0.00992	0.01067	0.00856	0.00768	0.01067	0.00938	0.01352	0.01583	0.06203	0.01579	0.10998	0.53008	0.00745	0.12970	0.02406	0.00324	0.00519
13	0.01346	0.01297	0.04009	0.11000	0.45370	0.01297	0.03887	0.04059	0.08622	0.02009	0.09876	0.01858	0.01515	0.00635	0.00594	0.00180	0.00641	0.00597	0.00364	0.00844
14	0.01414	0.01444	0.02017	0.22247	0.32407	0.11076	0.04406	0.01782	0.04410	0.01697	0.01117	0.01543	0.00930	0.00630	0.00720	0.00188	0.08902	0.01997	0.00297	0.00775
15	0.72623	0.01077	0.00887	0.05502	0.01269	0.01249	0.00674	0.01670	0.01017	0.02508	0.00902	0.01070	0.00701	0.00552	0.00377	0.00178	0.00457	0.00344	0.06319	0.00624
16	0.12541	0.69372	0.02754	0.00964	0.01443	0.02168	0.00946	0.01737	0.01156	0.01534	0.00809	0.00934	0.00731	0.00503	0.00371	0.00132	0.00599	0.00311	0.00264	0.00731

[dist]
# distance from previous block
# <min> <max>
0	5

[block]
# block no. 9 follows, 40 sequences, length 21
# corresponding to MSA columns:
# 755-775
name=unknown_J
#
# <colnr> <probs for GDERKNQSTAVLIFYWHMCP>
#	G	D	E	R	K	N	Q	S	T	A	V	L	I	F	Y	W	H	M	C	P
0	0.01656	0.67471	0.02829	0.01066	0.01542	0.09872	0.01015	0.06061	0.01320	0.01509	0.00852	0.00972	0.00761	0.00520	0.00401	0.00130	0.00666	0.00330	0.00274	0.00753
1	0.01410	0.11186	0.28646	0.01313	0.01864	0.01283	0.04872	0.06807	0.04203	0.09501	0.01447	0.01928	0.01191	0.04749	0.03729	0.00223	0.00717	0.06183	0.00374	0.08376
2	0.07148	0.09574	0.16800	0.03117	0.14767	0.01332	0.06169	0.06818	0.02550	0.20133	0.02959	0.01667	0.01147	0.00633	0.00555	0.00178	0.00655	0.02515	0.00424	0.00860
3	0.01236	0.01252	0.05204	0.04030	0.43670	0.04051	0.03758	0.01526	0.01274	0.01753	0.01709	0.22459	0.01757	0.00904	0.00628	0.00193	0.00624	0.02843	0.00361	0.00767
4	0.01307	0.00694	0.00915	0.00832	0.00982	0.00691	0.00600	0.01430	0.01089	0.21083	0.01871	0.02858	0.01734	0.35752	0.25020	0.00576	0.00849	0.00709	0.00437	0.00572
5	0.01347	0.10134	0.37347	0.10022	0.14037	0.02658	0.06211	0.01828	0.01257	0.05501	0.01086	0.01323	0.00816	0.00566	0.00598	0.00180	0.03516	0.00466	0.00282	0.00826
6	0.01305	0.05530	0.35103	0.03661	0.18632	0.01336	0.07227	0.01768	0.01242	0.05689	0.01206	0.03793	0.00969	0.00846	0.05435	0.00232	0.04382	0.00527	0.00298	0.00821
7	0.00834	0.00611	0.00875	0.00875	0.00958	0.00695	0.00653	0.01000	0.00917	0.01306	0.01612	0.02586	0.01585	0.19269	0.62529	0.00861	0.01361	0.00667	0.00320	0.00486
8	0.01715	0.01302	0.01993	0.18929	0.20934	0.01368	0.09316	0.18958	0.01678	0.13982	0.01370	0.01571	0.00996	0.00607	0.00588	0.00181	0.00688	0.00549	0.02413	0.00863
9	0.08721	0.04151	0.10958	0.04446	0.16038	0.03771	0.12080	0.04082	0.07042	0.16376	0.01510	0.05719	0.01177	0.00659	0.00575	0.00183	0.00670	0.00588	0.00417	0.00836
10	0.01225	0.01135	0.01871	0.17414	0.44823	0.01174	0.01487	0.01545	0.01299	0.01786	0.05011	0.05788	0.06744	0.00761	0.00612	0.00188	0.00634	0.05386	0.00344	0.00774
11	0.01562	0.01251	0.01339	0.01181	0.01525	0.01425	0.00925	0.06613	0.66427	0.07395	0.02314	0.02118	0.01714	0.00780	0.00591	0.00195	0.00471	0.00646	0.00600	0.00928
12	0.01340	0.06259	0.26788	0.08848	0.17530	0.11669	0.06125	0.01753	0.01319	0.01741	0.04898	0.06653	0.01235	0.00664	0.00574	0.00179	0.00773	0.00571	0.00305	0.00775
13	0.04196	0.18317	0.22694	0.03233	0.11664	0.01495	0.05011	0.06237	0.05888	0.08903	0.01458	0.01640	0.03963	0.00633	0.00537	0.00173	0.00676	0.02090	0.00362	0.00830
14	0.00951	0.00627	0.00857	0.00963	0.03385	0.00606	0.00674	0.01095	0.01192	0.08407	0.03038	0.53793	0.06600	0.01693	0.03109	0.00252	0.02797	0.08880	0.00532	0.00548
15	0.01063	0.00688	0.00845	0.00762	0.00965	0.00630	0.00585	0.04713	0.01625	0.10723	0.47329	0.04225	0.21248	0.01178	0.00670	0.00185	0.00322	0.01014	0.00623	0.00607
16	0.01486	0.07155	0.30610	0.07445	0.12315	0.01423	0.09770	0.06678	0.01381	0.10365	0.01200	0.01398	0.00879	0.00592	0.00637	0.00183	0.04803	0.00497	0.00335	0.00848
17	0.01462	0.01357	0.02525	0.10870	0.04874	0.03872	0.41525	0.01903	0.04465	0.11033	0.01619	0.06741	0.03575	0.00664	0.00652	0.00194	0.00804	0.00717	0.00379	0.00770
18	0.07472	0.01298	0.09909	0.03576	0.01487	0.06343	0.00941	0.07242	0.08069	0.19500	0.01884	0.10051	0.01653	0.14417	0.00994	0.00255	0.00587	0.03106	0.00485	0.00731
19	0.56869	0.01321	0.06561	0.06169	0.03677	0.01359	0.03801	0.07008	0.04695	0.02498	0.00981	0.01135	0.00746	0.00564	0.00435	0.00182	0.00543	0.00388	0.00367	0.00702
20	0.49725	0.01165	0.04583	0.08664	0.01595	0.01190	0.03219	0.01881	0.01189	0.16308	0.04704	0.01396	0.01042	0.00608	0.00459	0.00182	0.00519	0.00438	0.00423	0.00711

[dist]
# distance from previous block
# <min> <max>
1	241

# created by:
# /home/berkeley/.conda/envs/busco_data_prod/bin/msa2prfl.pl pipeline/OGs_align_augustus/33634/165218.fs
