[name]
unknown

[dist]
# distance from previous block
# <min> <max>
0	700

[block]
# block no. 0 follows, 39 sequences, length 6
# corresponding to MSA columns:
# 737-742
name=unknown_A
#
# <colnr> <probs for GDERKNQSTAVLIFYWHMCP>
#	G	D	E	R	K	N	Q	S	T	A	V	L	I	F	Y	W	H	M	C	P
0	0.01199	0.01535	0.15429	0.01441	0.04288	0.09174	0.05462	0.01479	0.01117	0.01529	0.01301	0.05579	0.01223	0.06666	0.22782	0.00443	0.17785	0.00611	0.00303	0.00653
1	0.01610	0.01138	0.01326	0.09763	0.01729	0.04782	0.00902	0.04565	0.13854	0.18583	0.07037	0.02011	0.04439	0.00698	0.00557	0.00158	0.00519	0.00573	0.00504	0.25252
2	0.00996	0.00525	0.00747	0.00747	0.00747	0.00525	0.00485	0.00787	0.00787	0.01050	0.01183	0.02185	0.01237	0.16466	0.02442	0.67437	0.00525	0.00578	0.00276	0.00276
3	0.01076	0.02326	0.54078	0.01400	0.02022	0.01130	0.01671	0.01573	0.01164	0.01699	0.01443	0.09933	0.01345	0.15389	0.01039	0.00265	0.00762	0.00647	0.00302	0.00736
4	0.18818	0.15991	0.06692	0.11999	0.08150	0.01583	0.05442	0.06898	0.01305	0.08051	0.01077	0.01295	0.00837	0.00621	0.00651	0.00183	0.08837	0.00453	0.00348	0.00770
5	0.07227	0.01141	0.01440	0.01257	0.06030	0.01159	0.00957	0.13901	0.06124	0.38104	0.09155	0.02017	0.01687	0.00778	0.00686	0.00188	0.06026	0.00609	0.00610	0.00905

[dist]
# distance from previous block
# <min> <max>
0	2

[block]
# block no. 1 follows, 39 sequences, length 6
# corresponding to MSA columns:
# 750-755
name=unknown_B
#
# <colnr> <probs for GDERKNQSTAVLIFYWHMCP>
#	G	D	E	R	K	N	Q	S	T	A	V	L	I	F	Y	W	H	M	C	P
0	0.07551	0.08240	0.41936	0.01575	0.02260	0.05735	0.08022	0.14075	0.01524	0.02188	0.01091	0.01254	0.00799	0.00579	0.00549	0.00180	0.00809	0.00455	0.00324	0.00853
1	0.13460	0.01448	0.01531	0.18661	0.05566	0.14609	0.01134	0.11859	0.01578	0.19041	0.01365	0.01504	0.00984	0.00797	0.03787	0.00212	0.00736	0.00492	0.00441	0.00795
2	0.06280	0.01349	0.01417	0.01184	0.01563	0.06937	0.00959	0.22819	0.17998	0.20529	0.05078	0.02241	0.01646	0.00816	0.00601	0.00190	0.00571	0.06339	0.00593	0.00891
3	0.01006	0.00521	0.00755	0.00755	0.00755	0.00521	0.00494	0.00782	0.00782	0.01042	0.01131	0.02055	0.01166	0.11624	0.02398	0.72597	0.00521	0.00557	0.00269	0.00269
4	0.01758	0.21447	0.21831	0.01372	0.01956	0.01548	0.07671	0.07495	0.07408	0.19725	0.01454	0.01478	0.01041	0.00613	0.00541	0.00172	0.00686	0.00493	0.00425	0.00885
5	0.09939	0.12427	0.10834	0.01146	0.01597	0.08006	0.01049	0.11227	0.06766	0.19218	0.07459	0.01865	0.04552	0.00723	0.00545	0.00174	0.00602	0.00553	0.00490	0.00829

[dist]
# distance from previous block
# <min> <max>
0	1

[block]
# block no. 2 follows, 39 sequences, length 13
# corresponding to MSA columns:
# 757-769
name=unknown_C
#
# <colnr> <probs for GDERKNQSTAVLIFYWHMCP>
#	G	D	E	R	K	N	Q	S	T	A	V	L	I	F	Y	W	H	M	C	P
0	0.01180	0.01161	0.10229	0.00979	0.01300	0.00954	0.00865	0.19460	0.01734	0.02304	0.16689	0.12346	0.26103	0.01171	0.00661	0.00195	0.00460	0.00984	0.00542	0.00682
1	0.01445	0.10274	0.39889	0.06161	0.02492	0.03731	0.12635	0.12754	0.01507	0.02075	0.01107	0.01311	0.00814	0.00572	0.00569	0.00181	0.00835	0.00482	0.00312	0.00853
2	0.01504	0.12107	0.48311	0.01520	0.02247	0.01609	0.01772	0.20040	0.01631	0.02284	0.01123	0.01255	0.00815	0.00593	0.00547	0.00177	0.00788	0.00446	0.00337	0.00893
3	0.01516	0.58267	0.11810	0.01124	0.01649	0.02089	0.01145	0.01992	0.12342	0.01615	0.01092	0.01177	0.00917	0.00558	0.00436	0.00145	0.00637	0.00385	0.00306	0.00800
4	0.01692	0.20436	0.27166	0.01479	0.02107	0.01609	0.10295	0.12902	0.01557	0.13416	0.01271	0.01364	0.00918	0.00589	0.00545	0.00172	0.00741	0.00479	0.00383	0.00878
5	0.01746	0.06147	0.11638	0.02053	0.22164	0.09178	0.04994	0.16811	0.03263	0.08370	0.01282	0.02673	0.00999	0.00650	0.00658	0.00181	0.05393	0.00525	0.00394	0.00882
6	0.62736	0.01234	0.01054	0.00910	0.01289	0.01418	0.00744	0.12797	0.08740	0.02798	0.01075	0.01157	0.00814	0.00599	0.00424	0.00184	0.00488	0.00388	0.00424	0.00726
7	0.01820	0.02150	0.18487	0.12996	0.03925	0.24032	0.04509	0.12971	0.01657	0.10093	0.01216	0.01372	0.00886	0.00618	0.00572	0.00177	0.00846	0.00478	0.00376	0.00818
8	0.01026	0.00953	0.01068	0.01301	0.12322	0.10016	0.00803	0.01196	0.01313	0.01664	0.10289	0.41065	0.11914	0.01390	0.00689	0.00209	0.00475	0.01231	0.00490	0.00585
9	0.01128	0.02706	0.01642	0.05979	0.32571	0.01033	0.03351	0.01417	0.01345	0.01857	0.16134	0.05040	0.11635	0.01307	0.10002	0.00279	0.00678	0.00774	0.00404	0.00720
10	0.01098	0.02894	0.01113	0.01143	0.08606	0.00827	0.02412	0.04481	0.06767	0.06145	0.09258	0.22313	0.15921	0.13095	0.01026	0.00259	0.00456	0.01058	0.00506	0.00621
11	0.17386	0.13348	0.04920	0.14133	0.02071	0.05881	0.05067	0.15596	0.06069	0.04699	0.01268	0.01425	0.02470	0.00636	0.00555	0.00178	0.02648	0.00479	0.00391	0.00780
12	0.16187	0.01757	0.13482	0.01346	0.01775	0.12811	0.07083	0.11989	0.01553	0.09983	0.07210	0.01652	0.02781	0.00710	0.00669	0.00186	0.07093	0.00533	0.00420	0.00778

[dist]
# distance from previous block
# <min> <max>
10	33

[block]
# block no. 3 follows, 39 sequences, length 27
# corresponding to MSA columns:
# 813-839
name=unknown_D
#
# <colnr> <probs for GDERKNQSTAVLIFYWHMCP>
#	G	D	E	R	K	N	Q	S	T	A	V	L	I	F	Y	W	H	M	C	P
0	0.05399	0.04209	0.06720	0.05659	0.01845	0.04700	0.12003	0.07979	0.06366	0.13809	0.01809	0.15135	0.01623	0.03782	0.00780	0.00214	0.04833	0.01920	0.00458	0.00758
1	0.05069	0.05656	0.18940	0.18514	0.02620	0.01293	0.19616	0.01653	0.01279	0.01824	0.05414	0.04803	0.01294	0.00667	0.00600	0.00188	0.00758	0.03216	0.00323	0.06276
2	0.09746	0.01044	0.05042	0.03713	0.03754	0.00979	0.00868	0.10363	0.06439	0.07515	0.06486	0.03580	0.24674	0.01205	0.03626	0.00230	0.00524	0.09007	0.00513	0.00691
3	0.14048	0.10767	0.01518	0.03546	0.01534	0.06716	0.00896	0.13075	0.04959	0.22443	0.01706	0.10444	0.01392	0.00783	0.00543	0.00178	0.00562	0.00614	0.00511	0.03766
4	0.08181	0.01308	0.06115	0.19047	0.17214	0.01290	0.12518	0.04445	0.06235	0.05827	0.01324	0.01742	0.01062	0.06098	0.04877	0.00256	0.00768	0.00573	0.00352	0.00769
5	0.15809	0.01504	0.01554	0.29825	0.02514	0.15699	0.01205	0.14016	0.01540	0.05017	0.01099	0.01345	0.00826	0.00605	0.00533	0.00176	0.00730	0.00457	0.00368	0.05178
6	0.00967	0.00667	0.00823	0.00779	0.00953	0.00623	0.00585	0.01296	0.06477	0.07121	0.46070	0.11836	0.17016	0.01265	0.00690	0.00195	0.00317	0.01103	0.00625	0.00596
7	0.01425	0.01047	0.01620	0.28582	0.18372	0.01121	0.01292	0.01840	0.06328	0.14672	0.13171	0.04613	0.01864	0.00754	0.00613	0.00190	0.00604	0.00671	0.00444	0.00776
8	0.01223	0.01159	0.01965	0.55112	0.25927	0.01342	0.01695	0.01604	0.01233	0.01640	0.01070	0.01542	0.00834	0.00572	0.00589	0.00191	0.00762	0.00526	0.00272	0.00743
9	0.52306	0.21353	0.01474	0.00865	0.01232	0.01562	0.00756	0.01705	0.01067	0.02231	0.00895	0.01059	0.00737	0.00573	0.00457	0.00169	0.04672	0.00345	0.05873	0.00665
10	0.00792	0.00576	0.00750	0.00863	0.00944	0.00545	0.00642	0.00943	0.01210	0.01576	0.03481	0.45332	0.12350	0.05844	0.00885	0.00262	0.00408	0.21566	0.00538	0.00495
11	0.00721	0.00587	0.00614	0.00629	0.00786	0.00506	0.00449	0.00847	0.01266	0.01533	0.05197	0.13281	0.58773	0.10984	0.00986	0.00249	0.00337	0.01247	0.00526	0.00480
12	0.01117	0.01051	0.01774	0.77795	0.04073	0.01314	0.01642	0.01511	0.01182	0.01511	0.01051	0.01577	0.00788	0.00591	0.00591	0.00197	0.00788	0.00526	0.00263	0.00657
13	0.01037	0.00872	0.01090	0.01044	0.01177	0.05992	0.00817	0.05086	0.01096	0.01508	0.01486	0.02134	0.01367	0.03793	0.63561	0.00818	0.05620	0.00605	0.00328	0.00571
14	0.00877	0.00653	0.00830	0.00848	0.00975	0.00640	0.00631	0.01245	0.09034	0.02058	0.38566	0.27578	0.04467	0.01407	0.00716	0.00212	0.00343	0.07744	0.00604	0.00572
15	0.01008	0.00650	0.00911	0.00875	0.01011	0.00692	0.00670	0.01224	0.01169	0.07797	0.16754	0.02825	0.02364	0.08353	0.45877	0.00662	0.01089	0.00731	0.04775	0.00564
16	0.00774	0.00571	0.00723	0.00751	0.00861	0.00521	0.00538	0.00969	0.01428	0.01941	0.38552	0.31595	0.15621	0.01487	0.00719	0.00208	0.00305	0.01319	0.00598	0.00521
17	0.00996	0.00639	0.00790	0.00735	0.00918	0.00573	0.00557	0.01232	0.01560	0.09691	0.45386	0.06994	0.22023	0.01233	0.00678	0.00189	0.00309	0.01066	0.03844	0.00587
18	0.00839	0.00634	0.00770	0.00785	0.00933	0.00588	0.00597	0.03667	0.01466	0.01935	0.27571	0.19976	0.25779	0.01464	0.00721	0.00212	0.00347	0.10592	0.00583	0.00539
19	0.01581	0.79572	0.03099	0.01012	0.01518	0.02340	0.01012	0.01771	0.01202	0.01391	0.00822	0.00949	0.00759	0.00506	0.00379	0.00126	0.00632	0.00316	0.00253	0.00759
20	0.05231	0.00737	0.00940	0.00911	0.01101	0.00693	0.00671	0.04810	0.01362	0.22796	0.02797	0.49782	0.02928	0.01420	0.00684	0.00218	0.00408	0.01256	0.00594	0.00661
21	0.02248	0.01656	0.01775	0.01361	0.01834	0.01834	0.01124	0.73556	0.02780	0.03727	0.01420	0.01420	0.01006	0.00710	0.00592	0.00177	0.00651	0.00532	0.00592	0.01006
22	0.01298	0.01174	0.06765	0.28419	0.21435	0.01145	0.01423	0.01644	0.01283	0.09130	0.06348	0.04703	0.01414	0.01142	0.09875	0.00282	0.00789	0.00619	0.00360	0.00750
23	0.28716	0.06364	0.01246	0.00960	0.01298	0.01230	0.00775	0.06489	0.14305	0.17382	0.01484	0.01558	0.01108	0.00877	0.00777	0.13239	0.00501	0.00482	0.00472	0.00738
24	0.06945	0.00860	0.01098	0.01086	0.01327	0.00863	0.00932	0.08126	0.01527	0.15519	0.02675	0.04960	0.02646	0.01312	0.00725	0.00241	0.00541	0.47369	0.00571	0.00677
25	0.14301	0.01207	0.01464	0.13324	0.04579	0.01306	0.01066	0.21857	0.05066	0.19624	0.01637	0.01933	0.01233	0.00852	0.03036	0.00215	0.00625	0.05316	0.00516	0.00843
26	0.01424	0.10535	0.25143	0.01477	0.02021	0.04562	0.11276	0.10155	0.11409	0.03199	0.04205	0.06214	0.04312	0.00736	0.00590	0.00185	0.00711	0.00629	0.00397	0.00819

[dist]
# distance from previous block
# <min> <max>
5	14

[block]
# block no. 4 follows, 39 sequences, length 55
# corresponding to MSA columns:
# 858-895,898-914
name=unknown_E
#
# <colnr> <probs for GDERKNQSTAVLIFYWHMCP>
#	G	D	E	R	K	N	Q	S	T	A	V	L	I	F	Y	W	H	M	C	P
0	0.01683	0.01383	0.01591	0.01331	0.01591	0.03200	0.01086	0.31310	0.12149	0.02568	0.01522	0.05484	0.01287	0.00905	0.01008	0.00209	0.24054	0.02949	0.03868	0.00821
1	0.01117	0.01051	0.01774	0.77795	0.04073	0.01314	0.01642	0.01511	0.01182	0.01511	0.01051	0.01577	0.00788	0.00591	0.00591	0.00197	0.00788	0.00526	0.00263	0.00657
2	0.00764	0.00528	0.00661	0.00767	0.00831	0.00491	0.00522	0.00893	0.01167	0.01603	0.03379	0.62047	0.10956	0.01676	0.00708	0.00224	0.00330	0.01500	0.10461	0.00491
3	0.05229	0.06305	0.18572	0.01459	0.06250	0.04476	0.06419	0.02326	0.01466	0.36388	0.01648	0.01655	0.01127	0.02097	0.00635	0.00188	0.01844	0.00529	0.00490	0.00897
4	0.01252	0.00777	0.00914	0.00817	0.01033	0.00775	0.00632	0.06625	0.09536	0.09839	0.35193	0.03185	0.04482	0.00955	0.00597	0.00175	0.00347	0.00812	0.21381	0.00673
5	0.01385	0.00848	0.01024	0.00915	0.01162	0.00842	0.00706	0.04837	0.15900	0.17370	0.27663	0.11736	0.06825	0.01071	0.00645	0.00192	0.00385	0.00923	0.04841	0.00730
6	0.01290	0.01002	0.01293	0.02265	0.08055	0.01037	0.05865	0.13723	0.11946	0.02296	0.06610	0.11310	0.11378	0.00946	0.00600	0.00184	0.00473	0.00821	0.18184	0.00722
7	0.01818	0.15743	0.14176	0.04858	0.04232	0.17376	0.01261	0.10581	0.01573	0.13960	0.01335	0.01560	0.01035	0.00849	0.04608	0.00211	0.00802	0.02810	0.00397	0.00814
8	0.01345	0.01108	0.09331	0.01140	0.01475	0.00882	0.09791	0.06592	0.01493	0.14535	0.12946	0.17882	0.07703	0.01028	0.00638	0.00193	0.00509	0.00915	0.09785	0.00708
9	0.05118	0.00631	0.00776	0.00812	0.00935	0.00605	0.00580	0.01142	0.04335	0.05477	0.21295	0.44008	0.09062	0.01501	0.00702	0.00216	0.00343	0.01332	0.00576	0.00554
10	0.01831	0.04895	0.02562	0.02113	0.13438	0.06628	0.32484	0.05670	0.01542	0.20668	0.01446	0.01607	0.01036	0.00580	0.00624	0.00184	0.00800	0.00599	0.00420	0.00872
11	0.01405	0.08085	0.24502	0.09879	0.05562	0.06590	0.11995	0.07078	0.09370	0.01943	0.01346	0.05829	0.01098	0.00671	0.00611	0.00187	0.02116	0.00579	0.00344	0.00810
12	0.00858	0.00576	0.00655	0.00652	0.00662	0.00572	0.00373	0.00878	0.00918	0.01234	0.07112	0.03909	0.02395	0.73635	0.02845	0.00546	0.00552	0.00875	0.00379	0.00373
13	0.00878	0.00612	0.00730	0.00700	0.00868	0.00547	0.00525	0.01100	0.01508	0.05245	0.39918	0.08445	0.29315	0.01291	0.00680	0.00191	0.00299	0.01112	0.05486	0.00553
14	0.06586	0.01265	0.01817	0.16501	0.12296	0.04939	0.08652	0.02074	0.04693	0.21320	0.01432	0.01598	0.01039	0.00642	0.00682	0.00185	0.06778	0.00536	0.00423	0.06541
15	0.04162	0.44194	0.21615	0.01354	0.05732	0.05340	0.01345	0.01921	0.06342	0.01663	0.01014	0.01147	0.00835	0.00548	0.00459	0.00153	0.00701	0.00386	0.00285	0.00803
16	0.00834	0.00608	0.00856	0.00871	0.00946	0.00675	0.00637	0.00988	0.00951	0.01340	0.01829	0.11136	0.01892	0.20127	0.52652	0.00791	0.01231	0.00798	0.00351	0.00486
17	0.00832	0.00569	0.00689	0.00715	0.00734	0.00576	0.00439	0.00876	0.00922	0.01242	0.02092	0.17767	0.02401	0.55782	0.11380	0.00556	0.00650	0.00987	0.00389	0.00401
18	0.01830	0.52879	0.02609	0.01212	0.05500	0.06247	0.01047	0.07121	0.01428	0.13543	0.01128	0.01187	0.00899	0.00564	0.00449	0.00143	0.00641	0.00391	0.00359	0.00822
19	0.05739	0.01508	0.02905	0.02121	0.02643	0.01490	0.52483	0.07107	0.05079	0.06474	0.01297	0.01588	0.00964	0.00576	0.00733	0.00199	0.05268	0.00649	0.00362	0.00815
20	0.02209	0.02819	0.01676	0.01524	0.01828	0.76843	0.01143	0.02361	0.01676	0.01447	0.00914	0.01066	0.00762	0.00609	0.00533	0.00152	0.01066	0.00381	0.00305	0.00686
21	0.01432	0.01079	0.01271	0.00920	0.01436	0.00853	0.00741	0.05476	0.01359	0.09886	0.01207	0.01320	0.00945	0.00484	0.00463	0.00103	0.00456	0.00386	0.00404	0.69780
22	0.00728	0.00553	0.00661	0.00732	0.00828	0.00497	0.00506	0.00854	0.01230	0.01581	0.09142	0.44633	0.28493	0.05658	0.00847	0.00240	0.00335	0.01447	0.00546	0.00486
23	0.10972	0.01522	0.01589	0.01239	0.01677	0.01687	0.01021	0.60598	0.02478	0.03502	0.01392	0.01426	0.01003	0.00691	0.00554	0.00175	0.00603	0.00511	0.06428	0.00934
24	0.01506	0.01339	0.02273	0.01745	0.02105	0.01429	0.29742	0.14062	0.01495	0.06442	0.01390	0.01982	0.01172	0.05455	0.06358	0.00283	0.15669	0.04408	0.00385	0.00760
25	0.00979	0.00586	0.00754	0.00813	0.00922	0.00534	0.00570	0.01112	0.01229	0.10706	0.03334	0.57654	0.10470	0.01611	0.00709	0.00223	0.00354	0.01438	0.05450	0.00551
26	0.61327	0.01160	0.00978	0.00846	0.01203	0.01322	0.00692	0.13154	0.01315	0.02775	0.01041	0.01172	0.00796	0.00590	0.00407	0.00177	0.00468	0.00380	0.09508	0.00689
27	0.00773	0.00580	0.00706	0.00718	0.00842	0.00524	0.00516	0.00960	0.01413	0.01891	0.35351	0.22463	0.24030	0.05513	0.00832	0.00223	0.00315	0.01253	0.00584	0.00513
28	0.00887	0.00626	0.00723	0.00691	0.00881	0.00545	0.00521	0.01084	0.01473	0.07175	0.29069	0.08327	0.43128	0.01361	0.00694	0.00196	0.00309	0.01161	0.00597	0.00555
29	0.26083	0.04907	0.01004	0.00821	0.01097	0.00969	0.00653	0.01621	0.06579	0.10274	0.21923	0.07992	0.11980	0.00973	0.00567	0.00188	0.00396	0.00788	0.00530	0.00656
30	0.01409	0.00896	0.01016	0.00905	0.01187	0.00887	0.00720	0.09666	0.13070	0.15613	0.04856	0.05609	0.26180	0.01102	0.00638	0.00195	0.00421	0.06732	0.08173	0.00725
31	0.07177	0.01257	0.02067	0.30091	0.31542	0.01417	0.06100	0.01661	0.01217	0.01772	0.01038	0.01458	0.00841	0.00606	0.00728	0.00195	0.09255	0.00521	0.00284	0.00773
32	0.16625	0.39064	0.05621	0.01119	0.01590	0.09699	0.01033	0.15516	0.01518	0.02094	0.00957	0.01066	0.00784	0.00566	0.00442	0.00152	0.00660	0.00370	0.00343	0.00782
33	0.42198	0.01069	0.01159	0.08342	0.05734	0.01174	0.00908	0.04689	0.01268	0.11904	0.01501	0.02241	0.01295	0.00779	0.00521	0.00200	0.00532	0.13341	0.00441	0.00704
34	0.11972	0.01518	0.14911	0.12321	0.17164	0.01287	0.04941	0.04850	0.08988	0.05892	0.05517	0.01857	0.04925	0.00676	0.00573	0.00188	0.00648	0.00576	0.00390	0.00806
35	0.02626	0.01050	0.01399	0.01073	0.01531	0.00934	0.00886	0.07618	0.01766	0.71098	0.02272	0.01973	0.01433	0.00730	0.00594	0.00183	0.00513	0.00591	0.00723	0.01006
36	0.01183	0.02225	0.45497	0.01723	0.10266	0.01247	0.04680	0.01785	0.06458	0.01832	0.03343	0.01785	0.01176	0.09437	0.04621	0.00268	0.00817	0.00548	0.00308	0.00800
37	0.01024	0.00887	0.01355	0.07855	0.25837	0.00877	0.01061	0.01275	0.01335	0.01807	0.13765	0.20719	0.14101	0.01149	0.00671	0.00202	0.00491	0.04469	0.00457	0.00663
38	0.00977	0.00764	0.06166	0.00891	0.01051	0.00595	0.00697	0.01153	0.01261	0.09865	0.09220	0.54348	0.07597	0.01562	0.00715	0.00223	0.00391	0.01396	0.00556	0.00574
39	0.02049	0.01558	0.01663	0.01320	0.01758	0.01741	0.01076	0.55530	0.21130	0.03406	0.01673	0.01621	0.01210	0.00734	0.00594	0.00183	0.00604	0.00567	0.00594	0.00988
40	0.01483	0.22188	0.17602	0.01468	0.06995	0.05208	0.07405	0.01895	0.04886	0.07053	0.01257	0.04675	0.01039	0.00602	0.00519	0.00156	0.00679	0.00494	0.00341	0.14054
41	0.06522	0.00597	0.00742	0.00834	0.00925	0.00566	0.00581	0.00943	0.01139	0.01625	0.02953	0.65802	0.03482	0.01669	0.00711	0.00228	0.00365	0.04395	0.00524	0.05396
42	0.06045	0.01516	0.01614	0.01280	0.01705	0.01681	0.01043	0.58425	0.09240	0.03403	0.01611	0.06866	0.01265	0.00790	0.00593	0.00184	0.00603	0.00615	0.00579	0.00945
43	0.46955	0.01212	0.01194	0.05179	0.05657	0.01374	0.00864	0.13411	0.09052	0.02686	0.06298	0.01467	0.01190	0.00648	0.00475	0.00184	0.00509	0.00466	0.00437	0.00742
44	0.02207	0.02050	0.01691	0.01513	0.05683	0.36839	0.01133	0.19465	0.01883	0.15469	0.01294	0.01356	0.00957	0.00675	0.00641	0.00171	0.05220	0.00471	0.00447	0.00832
45	0.07298	0.06835	0.05196	0.05687	0.04884	0.01126	0.00960	0.07931	0.01421	0.14009	0.01260	0.01364	0.00948	0.00540	0.00489	0.00135	0.00536	0.00423	0.00414	0.38544
46	0.11510	0.01292	0.01877	0.23206	0.31150	0.01414	0.01462	0.11675	0.04482	0.04620	0.01196	0.01476	0.00922	0.00591	0.00562	0.00184	0.00673	0.00510	0.00362	0.00835
47	0.01924	0.10022	0.01793	0.01374	0.05256	0.07319	0.03034	0.18603	0.12542	0.18364	0.05229	0.01729	0.01376	0.00738	0.00700	0.00183	0.07861	0.00560	0.00513	0.00879
48	0.01317	0.01313	0.01884	0.01586	0.01658	0.01758	0.06285	0.01616	0.07775	0.01554	0.00957	0.01400	0.00880	0.00976	0.01730	0.00249	0.65541	0.00544	0.00293	0.00684
49	0.01280	0.00832	0.01115	0.01238	0.11086	0.00780	0.00835	0.05010	0.01473	0.15236	0.08586	0.15520	0.22383	0.01243	0.00684	0.00208	0.00447	0.10806	0.00556	0.00682
50	0.01312	0.14898	0.34198	0.05692	0.02030	0.01423	0.01507	0.01786	0.04423	0.06894	0.03369	0.07409	0.03679	0.00766	0.00690	0.00189	0.08021	0.00588	0.00344	0.00783
51	0.01871	0.00950	0.01398	0.11291	0.05429	0.00893	0.03929	0.02129	0.01528	0.41048	0.09587	0.07793	0.07752	0.00879	0.00628	0.00191	0.00522	0.00761	0.00595	0.00827
52	0.00716	0.00531	0.00669	0.00780	0.00846	0.00484	0.00529	0.00828	0.01174	0.01527	0.03793	0.64535	0.17863	0.01783	0.00744	0.00232	0.00335	0.01597	0.00549	0.00484
53	0.09322	0.10067	0.04023	0.01937	0.19796	0.06685	0.12069	0.03342	0.09096	0.15835	0.01421	0.01527	0.01058	0.00599	0.00559	0.00177	0.00683	0.00526	0.00415	0.00864
54	0.03079	0.09446	0.03084	0.14472	0.09065	0.09125	0.01185	0.10920	0.01636	0.29867	0.01544	0.01580	0.01075	0.00645	0.00561	0.00175	0.00666	0.00512	0.00487	0.00875

[dist]
# distance from previous block
# <min> <max>
0	14

[block]
# block no. 5 follows, 39 sequences, length 44
# corresponding to MSA columns:
# 942-985
name=unknown_F
#
# <colnr> <probs for GDERKNQSTAVLIFYWHMCP>
#	G	D	E	R	K	N	Q	S	T	A	V	L	I	F	Y	W	H	M	C	P
0	0.03873	0.00943	0.06065	0.11304	0.01592	0.00822	0.00898	0.04589	0.01312	0.08961	0.04421	0.34689	0.04301	0.01216	0.00653	0.00204	0.00488	0.04412	0.00487	0.08772
1	0.03153	0.07907	0.01943	0.01452	0.04281	0.05314	0.12435	0.15662	0.15769	0.16808	0.02655	0.01680	0.01246	0.00656	0.00577	0.00175	0.00640	0.00563	0.00502	0.06583
2	0.05464	0.03522	0.01108	0.00936	0.02762	0.00941	0.00723	0.09861	0.07635	0.02362	0.24659	0.02839	0.04561	0.00874	0.00571	0.00166	0.00408	0.04341	0.11936	0.14332
3	0.09709	0.16734	0.05607	0.01684	0.13188	0.01605	0.08934	0.11885	0.01479	0.07121	0.06072	0.01525	0.01196	0.00670	0.00707	0.00181	0.09991	0.00520	0.00383	0.00809
4	0.67739	0.01190	0.01130	0.01249	0.13119	0.01344	0.00838	0.01793	0.03283	0.02532	0.00918	0.01079	0.00723	0.00553	0.00408	0.00182	0.00497	0.00364	0.00361	0.00697
5	0.06992	0.11407	0.45905	0.01382	0.02069	0.01347	0.01625	0.01881	0.01267	0.09763	0.01265	0.05269	0.00990	0.00631	0.00533	0.00176	0.00723	0.00490	0.00331	0.05953
6	0.01182	0.00805	0.00978	0.00825	0.01089	0.00684	0.00605	0.01316	0.01128	0.08454	0.01695	0.07358	0.01691	0.24968	0.01418	0.06003	0.00492	0.05383	0.00407	0.33518
7	0.02248	0.01656	0.01775	0.01361	0.01834	0.01834	0.01124	0.73556	0.02780	0.03727	0.01420	0.01420	0.01006	0.00710	0.00592	0.00177	0.00651	0.00532	0.00592	0.01006
8	0.00738	0.00525	0.00690	0.00806	0.00845	0.00492	0.00537	0.00845	0.01150	0.01542	0.07973	0.68728	0.03902	0.07103	0.00905	0.00259	0.00355	0.01584	0.00543	0.00477
9	0.01510	0.01398	0.02900	0.02104	0.02622	0.01303	0.55484	0.01912	0.01406	0.11614	0.04864	0.01798	0.01204	0.00667	0.00792	0.05717	0.00865	0.00690	0.00370	0.00778
10	0.01960	0.02159	0.01580	0.04133	0.06676	0.48516	0.01098	0.07016	0.01690	0.06872	0.06069	0.01744	0.06530	0.00720	0.00569	0.00165	0.00860	0.00527	0.00391	0.00724
11	0.18451	0.01098	0.01270	0.01030	0.01430	0.01095	0.00836	0.12443	0.05410	0.41214	0.01985	0.08114	0.01456	0.00789	0.00562	0.00188	0.00500	0.00625	0.00617	0.00886
12	0.00719	0.00522	0.00679	0.00805	0.00853	0.00482	0.00541	0.00826	0.01150	0.01517	0.03487	0.72727	0.09868	0.01823	0.00750	0.00237	0.00339	0.01645	0.00549	0.00482
13	0.05193	0.04639	0.51651	0.01752	0.07429	0.01392	0.07051	0.06280	0.01343	0.01999	0.01192	0.05273	0.00947	0.00628	0.00571	0.00188	0.00803	0.00523	0.00299	0.00846
14	0.00893	0.00637	0.00856	0.05650	0.01166	0.00615	0.00713	0.01109	0.01373	0.04366	0.21779	0.26732	0.12447	0.01477	0.00732	0.00224	0.00402	0.17718	0.00562	0.00547
15	0.08208	0.01026	0.01336	0.01039	0.01485	0.00924	0.00856	0.02813	0.04412	0.68062	0.02231	0.01947	0.01420	0.00722	0.00579	0.00184	0.00499	0.00578	0.00702	0.00978
16	0.17542	0.00924	0.01226	0.13595	0.12813	0.00979	0.00992	0.01490	0.01236	0.07265	0.02150	0.16267	0.07125	0.01005	0.00602	0.00204	0.00521	0.09268	0.04135	0.00660
17	0.02984	0.06631	0.05318	0.16578	0.02234	0.18006	0.01246	0.23167	0.06048	0.07276	0.01268	0.01411	0.00945	0.00662	0.00613	0.00178	0.03701	0.00489	0.00420	0.00822
18	0.02044	0.01202	0.01407	0.01138	0.01522	0.01239	0.00927	0.31143	0.07050	0.26409	0.07093	0.05863	0.01806	0.00859	0.00613	0.00188	0.00531	0.04312	0.03751	0.00904
19	0.00753	0.00538	0.00724	0.00861	0.00909	0.00509	0.00606	0.00880	0.01164	0.01546	0.03241	0.68675	0.03840	0.01822	0.00764	0.00245	0.00371	0.11514	0.00548	0.00489
20	0.12366	0.01420	0.09264	0.14554	0.25050	0.01322	0.01398	0.11234	0.01483	0.08507	0.01557	0.01741	0.06285	0.00656	0.00565	0.00184	0.00649	0.00549	0.00389	0.00828
21	0.01392	0.01110	0.01471	0.06543	0.01685	0.01231	0.05806	0.09067	0.16967	0.07913	0.02249	0.08031	0.08879	0.01067	0.02815	0.00227	0.12821	0.05581	0.00481	0.04666
22	0.01482	0.01014	0.01316	0.01097	0.01407	0.01025	0.06096	0.12014	0.15168	0.14309	0.28350	0.03136	0.06755	0.00964	0.00653	0.00192	0.00465	0.03168	0.00612	0.00777
23	0.01367	0.01216	0.01297	0.00955	0.01462	0.06068	0.00762	0.06760	0.01369	0.02024	0.01068	0.01229	0.00877	0.00469	0.00456	0.00099	0.00496	0.00366	0.00365	0.71294
24	0.01668	0.13538	0.18011	0.08898	0.04463	0.05289	0.01298	0.12535	0.01565	0.14114	0.01608	0.01679	0.05907	0.00661	0.00547	0.00169	0.00671	0.00516	0.00412	0.06451
25	0.01028	0.00925	0.01511	0.01309	0.01459	0.01098	0.11093	0.01261	0.01003	0.01458	0.01339	0.01978	0.01231	0.03080	0.48492	0.00682	0.19543	0.00615	0.00301	0.00594
26	0.66738	0.01063	0.00912	0.00819	0.01154	0.01215	0.00669	0.01714	0.01041	0.07046	0.01025	0.01218	0.00810	0.01107	0.11148	0.00291	0.00619	0.00381	0.00382	0.00647
27	0.01931	0.01512	0.01657	0.01450	0.06990	0.04996	0.01085	0.50933	0.02270	0.03025	0.01493	0.06433	0.01253	0.07228	0.00867	0.00217	0.04638	0.00623	0.00518	0.00882
28	0.01231	0.01167	0.01979	0.53458	0.27521	0.01344	0.01699	0.01611	0.01236	0.01649	0.01071	0.01540	0.00837	0.00570	0.00589	0.00190	0.00760	0.00526	0.00273	0.00749
29	0.01186	0.03059	0.76153	0.01686	0.02560	0.01373	0.02185	0.01873	0.01249	0.01873	0.01061	0.01249	0.00749	0.00562	0.00562	0.00187	0.00874	0.00437	0.00250	0.00874
30	0.00944	0.00640	0.00734	0.00695	0.00899	0.00552	0.00526	0.01132	0.01454	0.09766	0.22549	0.08749	0.46474	0.01362	0.00690	0.00197	0.00319	0.01156	0.00594	0.00567
31	0.00775	0.00573	0.00724	0.00747	0.00861	0.00522	0.00537	0.00973	0.01436	0.01952	0.39409	0.29994	0.16365	0.01475	0.00717	0.00207	0.00304	0.01307	0.00600	0.00522
32	0.00853	0.00585	0.00723	0.00709	0.00842	0.00543	0.00524	0.01100	0.01513	0.02175	0.48965	0.12704	0.11134	0.01226	0.00659	0.00186	0.00288	0.01073	0.13655	0.00543
33	0.00798	0.00600	0.00743	0.00758	0.00892	0.00551	0.00564	0.01031	0.02651	0.01964	0.37233	0.20656	0.21607	0.01437	0.00717	0.00207	0.00319	0.06143	0.00597	0.00533
34	0.01137	0.00805	0.01012	0.00933	0.01124	0.00860	0.00718	0.07358	0.10131	0.06546	0.16442	0.02981	0.07666	0.08079	0.30911	0.00518	0.00884	0.00773	0.00485	0.00637
35	0.42478	0.01385	0.01315	0.01063	0.01483	0.01556	0.00877	0.36030	0.01871	0.05168	0.01149	0.01208	0.00837	0.00631	0.00480	0.00180	0.00551	0.00429	0.00484	0.00825
36	0.02355	0.01714	0.01640	0.01307	0.01740	0.17226	0.01055	0.38580	0.02240	0.23794	0.01574	0.01515	0.01085	0.00695	0.00580	0.00174	0.00696	0.00518	0.00572	0.00939
37	0.00719	0.00521	0.00680	0.00808	0.00854	0.00482	0.00542	0.00825	0.01147	0.01516	0.03449	0.73759	0.08861	0.01828	0.00751	0.00237	0.00340	0.01651	0.00549	0.00482
38	0.01825	0.01303	0.01438	0.06288	0.01684	0.06739	0.00981	0.22884	0.12844	0.16747	0.15758	0.02205	0.02047	0.00821	0.00661	0.00186	0.03509	0.00655	0.00576	0.00850
39	0.01549	0.01309	0.01381	0.01219	0.01568	0.01507	0.00955	0.10233	0.67242	0.02600	0.02308	0.02127	0.01725	0.00793	0.00601	0.00198	0.00486	0.00655	0.00601	0.00943
40	0.01531	0.00957	0.01220	0.18765	0.01855	0.01039	0.00922	0.07179	0.13774	0.16215	0.01842	0.02080	0.01392	0.06068	0.00712	0.00203	0.00518	0.00593	0.22388	0.00747
41	0.01581	0.79572	0.03099	0.01012	0.01518	0.02340	0.01012	0.01771	0.01202	0.01391	0.00822	0.00949	0.00759	0.00506	0.00379	0.00126	0.00632	0.00316	0.00253	0.00759
42	0.01547	0.01065	0.01336	0.01098	0.06379	0.00847	0.00811	0.01809	0.01334	0.17757	0.01329	0.01410	0.01006	0.00507	0.00481	0.00114	0.00470	0.00414	0.00428	0.59857
43	0.59942	0.01263	0.06261	0.11584	0.01683	0.01307	0.00909	0.02905	0.01118	0.07030	0.00975	0.01139	0.00726	0.00570	0.00429	0.00185	0.00538	0.00377	0.00370	0.00687

[dist]
# distance from previous block
# <min> <max>
2	3

[block]
# block no. 6 follows, 39 sequences, length 20
# corresponding to MSA columns:
# 999-1018
name=unknown_G
#
# <colnr> <probs for GDERKNQSTAVLIFYWHMCP>
#	G	D	E	R	K	N	Q	S	T	A	V	L	I	F	Y	W	H	M	C	P
0	0.04563	0.08984	0.01193	0.04754	0.01175	0.05140	0.00698	0.01374	0.07641	0.01495	0.05788	0.04514	0.01876	0.38184	0.03662	0.00390	0.06939	0.00719	0.00374	0.00538
1	0.02998	0.12892	0.21576	0.01558	0.06581	0.01360	0.11396	0.02105	0.04866	0.18601	0.01396	0.01479	0.01006	0.00580	0.00550	0.00169	0.00691	0.00498	0.00398	0.09301
2	0.01354	0.01125	0.01223	0.01104	0.01393	0.01264	0.00854	0.06646	0.52530	0.02477	0.16556	0.06442	0.02600	0.00929	0.00627	0.00198	0.00435	0.00790	0.00608	0.00844
3	0.01046	0.00631	0.00778	0.00779	0.00930	0.00566	0.00561	0.01184	0.01287	0.13231	0.07859	0.32125	0.23234	0.10122	0.00963	0.00255	0.00383	0.02944	0.00562	0.00561
4	0.01696	0.09318	0.08090	0.10773	0.04672	0.01185	0.01095	0.05682	0.04776	0.22380	0.03178	0.02624	0.01203	0.00626	0.00536	0.00158	0.00575	0.00508	0.00457	0.20468
5	0.03133	0.04226	0.06342	0.25726	0.07656	0.01348	0.04102	0.14456	0.02456	0.07963	0.05051	0.03448	0.01258	0.00699	0.00644	0.00187	0.04366	0.00578	0.05584	0.00776
6	0.00838	0.00555	0.00719	0.00813	0.00892	0.00507	0.00558	0.00954	0.01191	0.06134	0.03505	0.65950	0.11681	0.01744	0.00739	0.00232	0.00348	0.01566	0.00560	0.00515
7	0.01338	0.01373	0.06994	0.02429	0.28929	0.01217	0.24170	0.01703	0.01344	0.05847	0.01791	0.12953	0.05610	0.00778	0.00651	0.00195	0.00721	0.00787	0.00368	0.00802
8	0.04780	0.01367	0.06397	0.25028	0.11162	0.05632	0.01375	0.02006	0.06857	0.16194	0.01356	0.01581	0.01003	0.00689	0.00773	0.00197	0.11894	0.00527	0.00389	0.00793
9	0.01610	0.09183	0.19505	0.01324	0.01769	0.01246	0.05790	0.01939	0.01298	0.23412	0.01587	0.06416	0.01260	0.01223	0.10279	0.00288	0.10049	0.00599	0.00423	0.00802
10	0.13420	0.01503	0.01764	0.26477	0.18286	0.13119	0.01377	0.11579	0.01480	0.02057	0.01053	0.01355	0.00824	0.00602	0.00584	0.00182	0.02760	0.00474	0.00335	0.00767
11	0.00783	0.00596	0.00653	0.00639	0.00814	0.00523	0.00479	0.00986	0.01438	0.01899	0.26939	0.04940	0.46193	0.01326	0.00669	0.00189	0.00291	0.01121	0.09001	0.00523
12	0.01183	0.01104	0.01783	0.63644	0.09918	0.01338	0.01585	0.01703	0.08675	0.01645	0.01195	0.01631	0.00905	0.00607	0.00592	0.00196	0.00748	0.00540	0.00300	0.00709
13	0.01059	0.00611	0.00750	0.00715	0.00869	0.00573	0.00536	0.01315	0.01479	0.08237	0.38092	0.11149	0.03754	0.01067	0.00603	0.00176	0.00303	0.00925	0.27202	0.00584
14	0.02098	0.01600	0.01781	0.01391	0.01790	0.01830	0.01151	0.62234	0.02486	0.03365	0.01319	0.01400	0.00970	0.00761	0.00803	0.00190	0.12812	0.00530	0.00539	0.00949
15	0.01017	0.00657	0.00787	0.00735	0.00863	0.00641	0.00522	0.03282	0.03835	0.05119	0.36509	0.03700	0.03610	0.23638	0.01317	0.00292	0.00390	0.00890	0.11653	0.00543
16	0.00988	0.00634	0.00797	0.00763	0.00926	0.00574	0.00570	0.01199	0.01489	0.09585	0.38885	0.13633	0.18195	0.05731	0.00829	0.00220	0.00339	0.03464	0.00607	0.00571
17	0.29733	0.01294	0.01300	0.01072	0.01427	0.05430	0.00877	0.17620	0.01587	0.19044	0.01359	0.01413	0.00979	0.00687	0.00640	0.00185	0.08513	0.00466	0.05575	0.00799
18	0.00740	0.00558	0.00689	0.00776	0.00873	0.00507	0.00555	0.00880	0.01242	0.01601	0.07667	0.47431	0.24946	0.01697	0.00741	0.00228	0.00344	0.07476	0.00554	0.00495
19	0.30916	0.01149	0.01268	0.01025	0.01417	0.01204	0.03826	0.14456	0.03650	0.23549	0.06091	0.01685	0.01337	0.00683	0.00514	0.00181	0.00505	0.00520	0.05213	0.00812

[dist]
# distance from previous block
# <min> <max>
0	1

[block]
# block no. 7 follows, 39 sequences, length 18
# corresponding to MSA columns:
# 1020-1035,1037,1038
name=unknown_H
#
# <colnr> <probs for GDERKNQSTAVLIFYWHMCP>
#	G	D	E	R	K	N	Q	S	T	A	V	L	I	F	Y	W	H	M	C	P
0	0.12216	0.01023	0.01313	0.01020	0.01466	0.00923	0.00842	0.02747	0.01611	0.67258	0.02154	0.01888	0.01366	0.00710	0.00568	0.00183	0.00498	0.00562	0.00689	0.00963
1	0.01186	0.03059	0.76153	0.01686	0.02560	0.01373	0.02185	0.01873	0.01249	0.01873	0.01061	0.01249	0.00749	0.00562	0.00562	0.00187	0.00874	0.00437	0.00250	0.00874
2	0.00972	0.00730	0.00940	0.00971	0.01140	0.00725	0.00791	0.01394	0.09992	0.02003	0.23073	0.12049	0.03754	0.01383	0.00735	0.00228	0.00438	0.33718	0.00572	0.04391
3	0.01121	0.00993	0.01363	0.06909	0.01423	0.01283	0.00976	0.02852	0.00961	0.01395	0.01227	0.02192	0.01268	0.24077	0.11399	0.00429	0.38640	0.00632	0.00303	0.00557
4	0.00750	0.00566	0.00693	0.00735	0.00849	0.00509	0.00523	0.00920	0.01359	0.01798	0.25991	0.35211	0.24836	0.01555	0.00721	0.00212	0.00311	0.01371	0.00580	0.00509
5	0.00917	0.00564	0.00717	0.00769	0.00864	0.00551	0.00549	0.01098	0.01207	0.04540	0.08892	0.40527	0.03052	0.01758	0.09670	0.00291	0.00473	0.01170	0.21860	0.00531
6	0.01217	0.01153	0.01954	0.56421	0.24666	0.01340	0.01692	0.01599	0.01230	0.01632	0.01069	0.01544	0.00831	0.00573	0.00590	0.00191	0.00764	0.00526	0.00271	0.00738
7	0.01295	0.01238	0.02086	0.38664	0.31450	0.01372	0.05982	0.01777	0.06912	0.01771	0.01188	0.01583	0.00931	0.00577	0.00596	0.00189	0.00743	0.00548	0.00303	0.00795
8	0.00725	0.00563	0.00663	0.00737	0.00853	0.00501	0.00528	0.00859	0.01244	0.01565	0.04496	0.41171	0.36385	0.01678	0.00733	0.00224	0.00335	0.05699	0.00549	0.00493
9	0.02350	0.01009	0.01307	0.01028	0.01439	0.00924	0.00840	0.07579	0.05257	0.57841	0.06817	0.02145	0.01710	0.00761	0.00589	0.00181	0.00482	0.00621	0.06174	0.00944
10	0.01440	0.21193	0.33225	0.01743	0.13677	0.03161	0.01617	0.02040	0.09950	0.04807	0.01218	0.01350	0.00935	0.00579	0.00526	0.00171	0.00729	0.00454	0.00320	0.00865
11	0.13314	0.12161	0.21879	0.04643	0.01648	0.01178	0.01143	0.01575	0.01212	0.07358	0.04770	0.20202	0.01808	0.03809	0.00655	0.00205	0.00584	0.00762	0.00397	0.00696
12	0.01563	0.01282	0.01353	0.01186	0.01528	0.01467	0.00931	0.13438	0.59274	0.02642	0.02231	0.02090	0.01669	0.00782	0.00588	0.00193	0.00483	0.00641	0.05736	0.00922
13	0.38720	0.11212	0.01593	0.01121	0.01489	0.04131	0.05560	0.07259	0.03776	0.09096	0.01083	0.01218	0.00836	0.00638	0.00630	0.00185	0.09900	0.00423	0.00391	0.00739
14	0.83394	0.01144	0.00869	0.00778	0.01144	0.01327	0.00640	0.01738	0.01006	0.02653	0.00823	0.00961	0.00640	0.00549	0.00366	0.00183	0.00457	0.00320	0.00366	0.00640
15	0.06526	0.11095	0.04442	0.01100	0.01439	0.01403	0.00914	0.07131	0.38410	0.02300	0.09017	0.09937	0.02080	0.00880	0.00581	0.00191	0.00486	0.00726	0.00527	0.00815
16	0.06113	0.00661	0.00842	0.00833	0.00933	0.00707	0.00606	0.01118	0.01011	0.04574	0.04327	0.03260	0.01987	0.32080	0.31619	0.00642	0.00949	0.06858	0.00384	0.00493
17	0.23343	0.01155	0.01240	0.02399	0.01374	0.01337	0.00861	0.16253	0.08578	0.06498	0.04147	0.01695	0.01251	0.03514	0.02103	0.00217	0.12599	0.00526	0.10173	0.00739

[dist]
# distance from previous block
# <min> <max>
0	5

[block]
# block no. 8 follows, 39 sequences, length 14
# corresponding to MSA columns:
# 1044-1054,1062-1064
name=unknown_I
#
# <colnr> <probs for GDERKNQSTAVLIFYWHMCP>
#	G	D	E	R	K	N	Q	S	T	A	V	L	I	F	Y	W	H	M	C	P
0	0.00841	0.00601	0.00764	0.00723	0.00867	0.00553	0.00542	0.01110	0.01627	0.02305	0.66175	0.04396	0.10576	0.01203	0.00683	0.00184	0.00280	0.01056	0.04961	0.00553
1	0.02212	0.00995	0.01280	0.00981	0.01422	0.00858	0.00802	0.05061	0.01599	0.51837	0.02012	0.01857	0.01338	0.00670	0.00547	0.00160	0.00474	0.00541	0.08502	0.16853
2	0.07039	0.00910	0.08700	0.00950	0.01161	0.00726	0.00824	0.01206	0.03555	0.01841	0.12154	0.28827	0.10775	0.01419	0.00702	0.00226	0.00445	0.17449	0.00517	0.00574
3	0.01665	0.64342	0.02760	0.01036	0.01519	0.02117	0.00991	0.02014	0.08928	0.08165	0.01123	0.01176	0.00932	0.00557	0.00422	0.00139	0.00604	0.00378	0.00332	0.00800
4	0.03786	0.01314	0.09110	0.10548	0.11917	0.01086	0.02666	0.04861	0.01473	0.28450	0.02858	0.01649	0.01155	0.00614	0.00559	0.00166	0.00600	0.00517	0.00473	0.16198
5	0.10002	0.08204	0.04876	0.06069	0.01802	0.14901	0.07451	0.07571	0.04570	0.06710	0.01246	0.01590	0.01032	0.08839	0.00819	0.00207	0.02726	0.00498	0.00374	0.10511
6	0.01314	0.01352	0.02137	0.01735	0.01851	0.01750	0.15293	0.01515	0.01001	0.01515	0.00858	0.01352	0.00800	0.00931	0.01699	0.00247	0.63154	0.00553	0.00267	0.00676
7	0.00794	0.00581	0.00731	0.00801	0.00884	0.00561	0.00577	0.00924	0.01140	0.01484	0.03328	0.30556	0.17101	0.17112	0.08872	0.00374	0.00537	0.12679	0.00488	0.00475
8	0.03733	0.04294	0.02409	0.20643	0.25420	0.01446	0.20440	0.04795	0.05231	0.04044	0.01217	0.01545	0.00940	0.00563	0.00604	0.00187	0.00771	0.00568	0.00329	0.00823
9	0.01446	0.34201	0.16585	0.11629	0.04435	0.01807	0.04994	0.01772	0.01208	0.05170	0.00994	0.01235	0.00810	0.00608	0.00678	0.00173	0.10771	0.00432	0.00281	0.00772
10	0.00930	0.00644	0.00793	0.00830	0.00904	0.00639	0.00563	0.08162	0.01220	0.01621	0.02695	0.46467	0.05688	0.16767	0.01321	0.08065	0.00433	0.01280	0.00489	0.00489
11	0.00866	0.00581	0.00766	0.00858	0.00937	0.00551	0.00622	0.01006	0.01202	0.04607	0.05914	0.47783	0.05902	0.09838	0.00993	0.00276	0.00411	0.15842	0.00539	0.00506
12	0.05353	0.01015	0.01411	0.04347	0.01606	0.01053	0.09581	0.07669	0.14930	0.10151	0.06118	0.17406	0.02308	0.01187	0.03189	0.00237	0.00577	0.10601	0.00528	0.00732
13	0.12686	0.01345	0.06697	0.06169	0.12198	0.05204	0.01158	0.03330	0.03443	0.26623	0.03829	0.03816	0.01278	0.00731	0.00706	0.00192	0.08729	0.00560	0.00473	0.00832

[dist]
# distance from previous block
# <min> <max>
10	35

[block]
# block no. 9 follows, 39 sequences, length 8
# corresponding to MSA columns:
# 1101-1108
name=unknown_J
#
# <colnr> <probs for GDERKNQSTAVLIFYWHMCP>
#	G	D	E	R	K	N	Q	S	T	A	V	L	I	F	Y	W	H	M	C	P
0	0.00954	0.00784	0.01115	0.00931	0.01191	0.00698	0.07034	0.01232	0.01468	0.02087	0.41478	0.03450	0.09733	0.01299	0.07330	0.00236	0.00491	0.00869	0.00522	0.17100
1	0.01173	0.01673	0.25658	0.13307	0.02260	0.01103	0.07807	0.01635	0.03421	0.03810	0.01708	0.05657	0.07619	0.00830	0.03240	0.00201	0.00709	0.00608	0.00344	0.17238
2	0.00868	0.00631	0.00854	0.00955	0.01076	0.00616	0.00782	0.01094	0.01322	0.01736	0.09661	0.20674	0.09961	0.01763	0.04434	0.00284	0.00509	0.41707	0.00544	0.00528
3	0.66887	0.01125	0.00941	0.00797	0.01195	0.01219	0.00653	0.01688	0.01051	0.02507	0.00869	0.01014	0.00688	0.00527	0.00380	0.00164	0.00454	0.00326	0.00363	0.17152
4	0.01220	0.00660	0.00791	0.00727	0.00819	0.00633	0.00461	0.01266	0.01027	0.16171	0.01958	0.03497	0.02012	0.63450	0.02525	0.00495	0.00559	0.00807	0.00433	0.00489
5	0.01226	0.01051	0.01226	0.00876	0.01401	0.00788	0.00701	0.01489	0.01226	0.01927	0.01051	0.01226	0.00876	0.00438	0.00438	0.00088	0.00438	0.00350	0.00350	0.82832
6	0.01679	0.01196	0.01904	0.03399	0.08319	0.01156	0.18052	0.07709	0.06862	0.20813	0.01838	0.12164	0.01522	0.00792	0.00658	0.00188	0.02428	0.00736	0.00490	0.08095
7	0.00995	0.00960	0.05255	0.29155	0.07152	0.00930	0.01152	0.01274	0.01191	0.01607	0.01994	0.31002	0.02115	0.01101	0.00649	0.00206	0.00576	0.04468	0.00394	0.07825

[dist]
# distance from previous block
# <min> <max>
5	25

[block]
# block no. 10 follows, 39 sequences, length 55
# corresponding to MSA columns:
# 1140-1194
name=unknown_K
#
# <colnr> <probs for GDERKNQSTAVLIFYWHMCP>
#	G	D	E	R	K	N	Q	S	T	A	V	L	I	F	Y	W	H	M	C	P
0	0.01331	0.01207	0.01741	0.08862	0.09973	0.01487	0.03429	0.01710	0.09427	0.04815	0.04516	0.04727	0.01287	0.00901	0.01261	0.00222	0.38522	0.00610	0.00355	0.03617
1	0.01148	0.01149	0.03803	0.01591	0.04289	0.01038	0.28087	0.01557	0.05826	0.01838	0.05887	0.15112	0.04926	0.04880	0.00789	0.00215	0.00655	0.06125	0.00414	0.10671
2	0.05945	0.05262	0.04798	0.08121	0.10919	0.02192	0.02992	0.03686	0.09250	0.20091	0.09573	0.04423	0.06641	0.02725	0.00652	0.00195	0.00555	0.00680	0.00501	0.00801
3	0.00847	0.00549	0.00676	0.00712	0.00727	0.00536	0.00438	0.00835	0.00932	0.01235	0.02220	0.23026	0.04894	0.43077	0.02225	0.14778	0.00494	0.01026	0.00397	0.00377
4	0.03749	0.01146	0.01354	0.04443	0.05421	0.01228	0.00943	0.12975	0.27711	0.18219	0.02103	0.07654	0.01629	0.00812	0.00586	0.00189	0.00502	0.00676	0.07786	0.00875
5	0.01571	0.07114	0.01581	0.16804	0.03870	0.07988	0.01091	0.05930	0.27405	0.10004	0.05030	0.05914	0.01606	0.00774	0.00588	0.00188	0.00602	0.00640	0.00486	0.00815
6	0.01375	0.01234	0.05280	0.07913	0.01743	0.01259	0.03205	0.14204	0.29178	0.02457	0.15802	0.03936	0.04047	0.00903	0.00635	0.00198	0.00527	0.04754	0.00547	0.00805
7	0.37848	0.01095	0.01122	0.00959	0.01311	0.01198	0.00779	0.09553	0.07004	0.18216	0.01455	0.01551	0.01081	0.01255	0.12873	0.00308	0.00671	0.00479	0.00478	0.00762
8	0.00864	0.00659	0.00977	0.00966	0.01064	0.00779	0.00750	0.01065	0.00946	0.01368	0.01559	0.02330	0.01471	0.06721	0.71327	0.00909	0.04767	0.00636	0.00316	0.00527
9	0.01215	0.01061	0.07122	0.01320	0.06922	0.00920	0.07271	0.04734	0.08499	0.08946	0.13526	0.28401	0.02800	0.01256	0.02985	0.00229	0.00537	0.01035	0.00518	0.00703
10	0.01102	0.00551	0.00551	0.00551	0.00689	0.00551	0.00413	0.01378	0.01240	0.02205	0.01929	0.02205	0.01516	0.00689	0.00413	0.00138	0.00276	0.00551	0.82500	0.00551
11	0.01226	0.01051	0.01226	0.00876	0.01401	0.00788	0.00701	0.01489	0.01226	0.01927	0.01051	0.01226	0.00876	0.00438	0.00438	0.00088	0.00438	0.00350	0.00350	0.82832
12	0.01159	0.01124	0.01939	0.63994	0.03759	0.01375	0.08376	0.01539	0.01178	0.01539	0.01041	0.01554	0.00798	0.00622	0.00720	0.00203	0.07606	0.00541	0.00266	0.00669
13	0.01102	0.00551	0.00551	0.00551	0.00689	0.00551	0.00413	0.01378	0.01240	0.02205	0.01929	0.02205	0.01516	0.00689	0.00413	0.00138	0.00276	0.00551	0.82500	0.00551
14	0.05522	0.01332	0.04793	0.05615	0.37264	0.01300	0.13611	0.01723	0.01277	0.04958	0.01298	0.05599	0.01121	0.00971	0.07367	0.00257	0.04236	0.00614	0.00327	0.00815
15	0.01929	0.01218	0.01355	0.01104	0.01480	0.01295	0.00891	0.28572	0.18310	0.18757	0.02060	0.01981	0.03620	0.00756	0.00569	0.00178	0.00506	0.00601	0.13916	0.00901
16	0.01242	0.01165	0.01940	0.26733	0.40719	0.01250	0.01564	0.01580	0.01260	0.01724	0.01497	0.01890	0.06469	0.00963	0.07300	0.00252	0.00777	0.00590	0.00304	0.00779
