[name]
unknown

[dist]
# distance from previous block
# <min> <max>
0	38

[block]
# block no. 0 follows, 41 sequences, length 21
# corresponding to MSA columns:
# 202-222
name=unknown_A
#
# <colnr> <probs for GDERKNQSTAVLIFYWHMCP>
#	G	D	E	R	K	N	Q	S	T	A	V	L	I	F	Y	W	H	M	C	P
0	0.01339	0.05969	0.02756	0.02143	0.09985	0.01329	0.47440	0.01743	0.01342	0.04362	0.03260	0.02158	0.01288	0.00641	0.00650	0.00191	0.00814	0.09300	0.00339	0.02951
1	0.00935	0.00735	0.00893	0.00987	0.09974	0.00641	0.00633	0.01107	0.01275	0.05981	0.04261	0.04266	0.49848	0.07446	0.00812	0.00208	0.00382	0.00976	0.00479	0.08161
2	0.01194	0.01045	0.01254	0.00926	0.01373	0.00882	0.00747	0.01433	0.01149	0.01805	0.00985	0.01194	0.00836	0.00493	0.00599	0.00105	0.09889	0.00358	0.00328	0.73405
3	0.00694	0.00580	0.00605	0.00599	0.00784	0.00491	0.00449	0.00856	0.01347	0.01647	0.15361	0.05337	0.66467	0.01411	0.00676	0.00191	0.00287	0.01184	0.00545	0.00491
4	0.00810	0.00585	0.00765	0.00720	0.00855	0.00540	0.00540	0.01079	0.01619	0.02294	0.76028	0.04273	0.05397	0.01169	0.00675	0.00180	0.00270	0.01034	0.00630	0.00540
5	0.01200	0.00662	0.00676	0.00628	0.00800	0.00683	0.00483	0.10154	0.01379	0.02310	0.01806	0.02041	0.01407	0.00669	0.00421	0.00138	0.00310	0.00531	0.73116	0.00586
6	0.01173	0.01017	0.01250	0.10222	0.01667	0.00824	0.00788	0.01443	0.01181	0.01815	0.01017	0.01227	0.00837	0.00441	0.00441	0.00098	0.00465	0.00359	0.00329	0.73406
7	0.83938	0.01106	0.00841	0.00752	0.01106	0.01283	0.00619	0.01681	0.00973	0.02566	0.00796	0.00929	0.00619	0.00531	0.00354	0.00177	0.00442	0.00310	0.00354	0.00619
8	0.01251	0.01251	0.01752	0.01502	0.01502	0.01752	0.01251	0.01377	0.00876	0.01377	0.00751	0.01251	0.00751	0.01001	0.01877	0.00250	0.78851	0.00501	0.00250	0.00626
9	0.01682	0.01317	0.01416	0.01189	0.01543	0.01476	0.00945	0.34700	0.34652	0.02857	0.04255	0.08025	0.01676	0.00829	0.00592	0.00187	0.00516	0.00678	0.00575	0.00889
10	0.01080	0.01017	0.01716	0.78523	0.03940	0.01271	0.01589	0.01461	0.01144	0.01461	0.01017	0.01525	0.00762	0.00572	0.00572	0.00191	0.00762	0.00508	0.00254	0.00635
11	0.01186	0.01017	0.01186	0.00847	0.01356	0.00762	0.00678	0.01440	0.01186	0.01864	0.01017	0.01186	0.00847	0.00424	0.00424	0.00085	0.00424	0.00339	0.00339	0.83395
12	0.00708	0.00515	0.00668	0.00769	0.00827	0.00475	0.00524	0.00830	0.01172	0.01561	0.11563	0.64638	0.10255	0.01692	0.00719	0.00223	0.00321	0.01523	0.00542	0.00475
13	0.02130	0.01053	0.01307	0.01052	0.01444	0.01028	0.00852	0.08644	0.18730	0.47578	0.08076	0.02128	0.01773	0.00759	0.00584	0.00181	0.00473	0.00623	0.00661	0.00923
14	0.05039	0.09028	0.67497	0.01537	0.02332	0.01401	0.01953	0.01798	0.01193	0.01810	0.00997	0.01172	0.00720	0.00539	0.00521	0.00176	0.00808	0.00408	0.00247	0.00826
15	0.00742	0.00556	0.00688	0.00710	0.00827	0.00502	0.00512	0.00928	0.01377	0.01850	0.36036	0.28329	0.21985	0.01433	0.00692	0.00200	0.00294	0.01263	0.00575	0.00502
16	0.01346	0.01366	0.05727	0.09389	0.02337	0.01371	0.31020	0.05499	0.12779	0.03751	0.02885	0.01688	0.01130	0.00717	0.02297	0.00208	0.09924	0.00609	0.05204	0.00756
17	0.00826	0.00579	0.00750	0.00750	0.00793	0.00623	0.00504	0.00913	0.00869	0.01202	0.01687	0.03105	0.01802	0.47653	0.34778	0.00710	0.00971	0.00738	0.00329	0.00417
18	0.01598	0.01124	0.01234	0.01022	0.01323	0.01212	0.00816	0.41241	0.02046	0.02866	0.10662	0.09505	0.01895	0.00966	0.03078	0.00195	0.00513	0.00693	0.17246	0.00767
19	0.05325	0.05815	0.04039	0.07966	0.01694	0.01214	0.02293	0.11756	0.09720	0.07868	0.02712	0.01508	0.01096	0.00690	0.02271	0.00169	0.05070	0.00472	0.03628	0.24695
20	0.04205	0.10796	0.08824	0.01261	0.07359	0.02692	0.01022	0.12999	0.01506	0.04208	0.17013	0.06783	0.07016	0.00872	0.00708	0.00179	0.08810	0.00686	0.00436	0.02625

[dist]
# distance from previous block
# <min> <max>
1	16

[block]
# block no. 1 follows, 41 sequences, length 36
# corresponding to MSA columns:
# 239-274
name=unknown_B
#
# <colnr> <probs for GDERKNQSTAVLIFYWHMCP>
#	G	D	E	R	K	N	Q	S	T	A	V	L	I	F	Y	W	H	M	C	P
0	0.00773	0.00530	0.00641	0.00699	0.00714	0.00515	0.00427	0.00816	0.00947	0.01263	0.02393	0.36918	0.02825	0.45706	0.01956	0.00413	0.00457	0.01180	0.00427	0.00398
1	0.00709	0.00503	0.00660	0.00781	0.00811	0.00473	0.00514	0.00800	0.01071	0.01428	0.03029	0.72590	0.03627	0.08940	0.00930	0.00262	0.00352	0.01553	0.00514	0.00454
2	0.00761	0.00586	0.00698	0.00689	0.00845	0.00523	0.00525	0.00975	0.01456	0.01925	0.40180	0.06628	0.34209	0.01328	0.00685	0.00193	0.00298	0.06405	0.00579	0.00514
3	0.02210	0.01545	0.01681	0.01289	0.01745	0.01688	0.01065	0.67867	0.02593	0.10296	0.01454	0.01426	0.01013	0.00689	0.00572	0.00172	0.00616	0.00520	0.00585	0.00973
4	0.22302	0.01040	0.01230	0.00969	0.01391	0.00998	0.00800	0.06375	0.01533	0.54785	0.01855	0.01669	0.01199	0.00664	0.00521	0.00177	0.00484	0.00508	0.00615	0.00887
5	0.01248	0.00655	0.00684	0.00631	0.00810	0.00663	0.00486	0.08100	0.01359	0.06282	0.01842	0.02053	0.01418	0.00670	0.00425	0.00139	0.00312	0.00534	0.71090	0.00597
6	0.01173	0.01138	0.01586	0.01381	0.01396	0.01552	0.01136	0.01309	0.00959	0.01466	0.07806	0.06942	0.01386	0.01071	0.01688	0.00243	0.66229	0.00627	0.00304	0.00607
7	0.01579	0.76458	0.02918	0.00981	0.01468	0.02195	0.00972	0.01764	0.01185	0.04945	0.00865	0.00967	0.00767	0.00500	0.00377	0.00125	0.00606	0.00319	0.00267	0.00745
8	0.07100	0.01340	0.02282	0.07349	0.60430	0.01357	0.08302	0.01741	0.01275	0.01891	0.01061	0.01400	0.00875	0.00512	0.00562	0.00174	0.00694	0.00511	0.00287	0.00859
9	0.01208	0.01050	0.04251	0.01348	0.08235	0.01017	0.06993	0.15204	0.09225	0.02073	0.02249	0.35443	0.02329	0.01161	0.00650	0.00204	0.00509	0.03161	0.02998	0.00691
10	0.01186	0.01017	0.01186	0.00847	0.01356	0.00762	0.00678	0.01440	0.01186	0.01864	0.01017	0.01186	0.00847	0.00424	0.00424	0.00085	0.00424	0.00339	0.00339	0.83395
11	0.00986	0.00736	0.01083	0.01153	0.01312	0.00725	0.04885	0.01249	0.01343	0.01755	0.02955	0.06210	0.03184	0.01541	0.00799	0.00266	0.00564	0.68167	0.00526	0.00561
12	0.00748	0.00546	0.00695	0.00804	0.00866	0.00500	0.00550	0.00851	0.01168	0.01541	0.05699	0.65943	0.12312	0.01745	0.00740	0.00234	0.00345	0.03674	0.00546	0.00493
13	0.01121	0.01044	0.01739	0.78054	0.03951	0.01291	0.01600	0.01489	0.01169	0.01500	0.01057	0.01579	0.00801	0.00599	0.00589	0.00198	0.00774	0.00521	0.00268	0.00656
14	0.01412	0.22830	0.08758	0.15703	0.01955	0.08565	0.01161	0.04875	0.01255	0.01665	0.01095	0.01396	0.00908	0.00693	0.00715	0.02842	0.10362	0.00448	0.12671	0.00691
15	0.64213	0.01102	0.00985	0.00843	0.01220	0.01199	0.00690	0.01969	0.01157	0.20128	0.01183	0.01227	0.00847	0.00600	0.00425	0.00184	0.00467	0.00386	0.00451	0.00724
16	0.03588	0.22517	0.12888	0.15788	0.06126	0.01543	0.01278	0.03965	0.10733	0.09965	0.01365	0.03724	0.01082	0.00657	0.00559	0.00178	0.02359	0.00507	0.00376	0.00803
17	0.01920	0.01520	0.01576	0.01288	0.01690	0.04091	0.01033	0.44485	0.30320	0.03097	0.01759	0.01707	0.01297	0.00743	0.00591	0.00187	0.00588	0.00573	0.00579	0.00956
18	0.83449	0.01133	0.00870	0.00780	0.01136	0.01303	0.00637	0.01707	0.01000	0.02597	0.00838	0.00987	0.00659	0.00558	0.00372	0.00184	0.00456	0.00324	0.00367	0.00640
19	0.01697	0.63201	0.02719	0.01111	0.01560	0.18374	0.01021	0.01861	0.01285	0.01396	0.00856	0.00999	0.00773	0.00538	0.00417	0.00135	0.00714	0.00333	0.00270	0.00739
20	0.01035	0.00528	0.00775	0.00773	0.00777	0.00522	0.00515	0.00777	0.00773	0.01035	0.01034	0.01791	0.01031	0.02005	0.02242	0.82833	0.00510	0.00510	0.00263	0.00272
21	0.00719	0.00610	0.00611	0.00609	0.00805	0.00508	0.00454	0.00852	0.01328	0.01583	0.05804	0.05533	0.75654	0.01470	0.00692	0.00200	0.00305	0.01215	0.00544	0.00505
22	0.83449	0.01133	0.00870	0.00780	0.01136	0.01303	0.00637	0.01707	0.01000	0.02597	0.00838	0.00987	0.00659	0.00558	0.00372	0.00184	0.00456	0.00324	0.00367	0.00640
23	0.01524	0.01286	0.01355	0.01202	0.01539	0.01471	0.00936	0.09001	0.68801	0.02526	0.02280	0.02120	0.01714	0.00794	0.00598	0.00199	0.00481	0.00648	0.00593	0.00930
24	0.00876	0.00582	0.00660	0.00662	0.00667	0.00575	0.00377	0.00859	0.00863	0.01155	0.01847	0.05905	0.02119	0.74261	0.02825	0.03624	0.00559	0.00853	0.00362	0.00369
25	0.01433	0.09202	0.34980	0.03524	0.07200	0.01363	0.05256	0.06225	0.01397	0.09791	0.08486	0.01664	0.01329	0.00672	0.00643	0.00186	0.04920	0.00532	0.00369	0.00829
26	0.83449	0.01133	0.00870	0.00780	0.01136	0.01303	0.00637	0.01707	0.01000	0.02597	0.00838	0.00987	0.00659	0.00558	0.00372	0.00184	0.00456	0.00324	0.00367	0.00640
27	0.01291	0.01278	0.01776	0.01525	0.01529	0.01769	0.01265	0.01404	0.00903	0.01415	0.00793	0.01307	0.00790	0.01025	0.01886	0.00257	0.78363	0.00513	0.00264	0.00647
28	0.01455	0.01373	0.02248	0.03307	0.69029	0.01385	0.01688	0.01898	0.08098	0.01952	0.01230	0.01536	0.01021	0.00561	0.00585	0.00179	0.00671	0.00535	0.00324	0.00925
29	0.83449	0.01133	0.00870	0.00780	0.01136	0.01303	0.00637	0.01707	0.01000	0.02597	0.00838	0.00987	0.00659	0.00558	0.00372	0.00184	0.00456	0.00324	0.00367	0.00640
30	0.02597	0.01002	0.01354	0.01044	0.01488	0.00864	0.00857	0.02806	0.01659	0.76283	0.02289	0.01998	0.01450	0.00734	0.00592	0.00184	0.00500	0.00587	0.00719	0.00992
31	0.00900	0.00666	0.00836	0.00783	0.00936	0.00634	0.00587	0.01262	0.07399	0.02334	0.69828	0.04141	0.05121	0.01161	0.00684	0.00188	0.00299	0.01013	0.00638	0.00590
32	0.01035	0.00528	0.00775	0.00773	0.00777	0.00522	0.00515	0.00777	0.00773	0.01035	0.01034	0.01791	0.01031	0.02005	0.02242	0.82833	0.00510	0.00510	0.00263	0.00272
33	0.07950	0.01576	0.01669	0.01294	0.01745	0.01733	0.01063	0.67109	0.02558	0.05368	0.01393	0.01411	0.00996	0.00702	0.00574	0.00180	0.00626	0.00515	0.00572	0.00967
34	0.02267	0.00933	0.01218	0.00970	0.01352	0.00829	0.00785	0.02537	0.04333	0.59833	0.05760	0.02141	0.01659	0.00753	0.00573	0.00179	0.00459	0.00606	0.11903	0.00909
35	0.01513	0.01319	0.02132	0.08681	0.49519	0.01354	0.05311	0.01985	0.10070	0.07895	0.01348	0.01607	0.01066	0.00602	0.00630	0.00186	0.02973	0.00552	0.00363	0.00894

[dist]
# distance from previous block
# <min> <max>
1	5

[block]
# block no. 2 follows, 41 sequences, length 62
# corresponding to MSA columns:
# 280-341
name=unknown_C
#
# <colnr> <probs for GDERKNQSTAVLIFYWHMCP>
#	G	D	E	R	K	N	Q	S	T	A	V	L	I	F	Y	W	H	M	C	P
0	0.26555	0.01273	0.01432	0.05743	0.01740	0.01210	0.00963	0.02480	0.01622	0.41585	0.04351	0.02213	0.01615	0.00921	0.00678	0.00250	0.00614	0.00630	0.03115	0.01010
1	0.01787	0.03426	0.06721	0.10067	0.02154	0.05148	0.06443	0.11230	0.24014	0.03731	0.02134	0.07482	0.01839	0.03795	0.04308	0.00308	0.00789	0.03075	0.00578	0.00971
2	0.01263	0.00962	0.01199	0.08628	0.03449	0.00953	0.00869	0.01266	0.01287	0.01769	0.02701	0.37522	0.05239	0.19077	0.04163	0.00392	0.06774	0.01232	0.00552	0.00701
3	0.05275	0.01183	0.01440	0.01195	0.01590	0.01033	0.00923	0.02670	0.01771	0.56337	0.04791	0.02526	0.01869	0.00970	0.00715	0.00244	0.00583	0.00698	0.13116	0.01069
4	0.02159	0.00928	0.01220	0.00976	0.01352	0.00832	0.00793	0.07015	0.01648	0.56247	0.08257	0.06625	0.06369	0.00862	0.00601	0.00182	0.00459	0.01930	0.00670	0.00874
5	0.01431	0.01227	0.01300	0.01148	0.01488	0.01391	0.00896	0.05145	0.68275	0.02396	0.02214	0.02049	0.01664	0.00751	0.00572	0.00186	0.00456	0.00623	0.00566	0.06223
6	0.47383	0.01049	0.01050	0.00860	0.01258	0.01080	0.00708	0.02090	0.01242	0.30977	0.01371	0.01336	0.00940	0.00592	0.00443	0.00171	0.00458	0.00413	0.00489	0.06089
7	0.04678	0.01549	0.01655	0.01268	0.01726	0.01693	0.01046	0.67436	0.02539	0.03460	0.01332	0.01347	0.00954	0.00665	0.00556	0.00166	0.00610	0.00497	0.00550	0.06273
8	0.45559	0.01046	0.01061	0.00866	0.01266	0.01070	0.00713	0.02115	0.01257	0.32639	0.01404	0.01359	0.00958	0.00596	0.00448	0.00171	0.00459	0.00419	0.00497	0.06097
9	0.01507	0.75137	0.02881	0.00970	0.01461	0.02167	0.00959	0.01695	0.01164	0.01379	0.00809	0.00935	0.00741	0.00485	0.00371	0.00120	0.00600	0.00308	0.00251	0.06060
10	0.00916	0.00694	0.00688	0.00679	0.00698	0.05519	0.00395	0.00925	0.00883	0.01128	0.01743	0.03568	0.01993	0.74788	0.02757	0.00528	0.00585	0.00802	0.00343	0.00367
11	0.02021	0.01498	0.01609	0.01244	0.01684	0.01637	0.01022	0.62495	0.06802	0.03360	0.01427	0.01437	0.01031	0.00674	0.00556	0.00166	0.00591	0.00512	0.03974	0.06262
12	0.01648	0.00891	0.01050	0.00887	0.01170	0.05632	0.00699	0.01879	0.01602	0.34520	0.33626	0.03150	0.08908	0.00953	0.00621	0.00178	0.00415	0.00806	0.00634	0.00732
13	0.01305	0.01260	0.02173	0.26578	0.48598	0.01345	0.05251	0.01659	0.01246	0.01729	0.01054	0.01452	0.00856	0.00539	0.00604	0.00179	0.02571	0.00517	0.00274	0.00809
14	0.00724	0.00531	0.00671	0.00739	0.00816	0.00488	0.00509	0.00862	0.01224	0.01632	0.18932	0.48838	0.14756	0.05484	0.00819	0.00231	0.00324	0.01399	0.00543	0.00477
15	0.00994	0.00497	0.00745	0.00745	0.00745	0.00497	0.00497	0.00745	0.00745	0.00994	0.00994	0.01739	0.00994	0.01987	0.02235	0.83358	0.00497	0.00497	0.00248	0.00248
16	0.01523	0.72919	0.02806	0.00969	0.01431	0.04722	0.00949	0.01710	0.01180	0.01394	0.00861	0.00993	0.00777	0.00503	0.00374	0.00124	0.00606	0.00321	0.05119	0.00720
17	0.07147	0.00981	0.01300	0.01003	0.01440	0.00866	0.00828	0.02725	0.01600	0.72551	0.02174	0.01890	0.01371	0.00698	0.00563	0.00177	0.00484	0.00560	0.00688	0.00954
18	0.00815	0.00680	0.00742	0.02071	0.00934	0.02951	0.00550	0.01080	0.05722	0.01796	0.25682	0.16902	0.35300	0.01341	0.00672	0.00194	0.00332	0.01154	0.00551	0.00530
19	0.01602	0.01459	0.01467	0.01403	0.07423	0.10165	0.01019	0.12207	0.51567	0.02397	0.01940	0.01852	0.01464	0.00722	0.00572	0.00184	0.00560	0.00587	0.00524	0.00887
20	0.79152	0.01098	0.00869	0.00768	0.01127	0.01257	0.00632	0.01746	0.01012	0.06929	0.00882	0.00989	0.00666	0.00541	0.00367	0.00177	0.00445	0.00325	0.00375	0.00640
21	0.01618	0.33311	0.02266	0.05723	0.15841	0.10248	0.02993	0.04225	0.01379	0.09312	0.06944	0.01457	0.01215	0.00591	0.00493	0.00151	0.00650	0.00463	0.00348	0.00771
22	0.01287	0.04981	0.13418	0.01190	0.01525	0.09311	0.06736	0.05119	0.01387	0.05085	0.15212	0.10742	0.02070	0.00858	0.00682	0.00178	0.07060	0.00706	0.09063	0.03390
23	0.00858	0.00637	0.00778	0.00805	0.00923	0.00617	0.00576	0.06703	0.03744	0.01849	0.19058	0.45389	0.12902	0.01495	0.00694	0.00210	0.00340	0.01327	0.00557	0.00537
24	0.01631	0.01144	0.05499	0.10102	0.01745	0.01169	0.01046	0.02203	0.19207	0.25126	0.03765	0.01998	0.01431	0.02769	0.02704	0.02340	0.12716	0.02120	0.00493	0.00791
25	0.01503	0.01464	0.10676	0.01336	0.01742	0.01404	0.06982	0.06375	0.46767	0.08110	0.01935	0.01872	0.01431	0.00727	0.00655	0.00193	0.04839	0.00601	0.00508	0.00881
26	0.00798	0.00534	0.00652	0.00695	0.00708	0.00526	0.00425	0.00820	0.00914	0.01221	0.02181	0.28052	0.02546	0.47885	0.04134	0.05561	0.00505	0.01062	0.00399	0.00383
27	0.01479	0.17089	0.21376	0.01446	0.06283	0.01368	0.09275	0.03827	0.03492	0.11048	0.01196	0.01319	0.00899	0.00531	0.00507	0.00151	0.00657	0.00444	0.00346	0.17270
28	0.07732	0.01240	0.01681	0.01443	0.01471	0.01715	0.01202	0.01400	0.00884	0.01470	0.00754	0.01226	0.00741	0.00964	0.01758	0.00245	0.72706	0.00486	0.00258	0.00625
29	0.12273	0.01282	0.02040	0.12152	0.55933	0.01347	0.01574	0.01701	0.01230	0.01900	0.01024	0.01361	0.00847	0.00531	0.00569	0.00175	0.02460	0.00483	0.00288	0.00829
30	0.01251	0.01251	0.01752	0.01502	0.01502	0.01752	0.01251	0.01377	0.00876	0.01377	0.00751	0.01251	0.00751	0.01001	0.01877	0.00250	0.78851	0.00501	0.00250	0.00626
31	0.00743	0.00582	0.00672	0.00650	0.00814	0.00511	0.00487	0.00950	0.01461	0.01920	0.40925	0.04888	0.40734	0.01309	0.00675	0.00187	0.00280	0.01121	0.00580	0.00511
32	0.00817	0.00583	0.00758	0.00714	0.00849	0.00540	0.00535	0.01087	0.01606	0.02289	0.73787	0.04208	0.05278	0.01154	0.00666	0.00178	0.00270	0.01019	0.03121	0.00540
33	0.01397	0.01340	0.02289	0.07612	0.72372	0.01354	0.01746	0.01739	0.01294	0.01846	0.01073	0.01422	0.00898	0.00513	0.00567	0.00171	0.00684	0.00510	0.00282	0.00891
34	0.04533	0.01349	0.01451	0.01179	0.01570	0.01491	0.00953	0.38270	0.26121	0.09836	0.01774	0.01701	0.01281	0.00712	0.00559	0.00178	0.00533	0.00558	0.05036	0.00916
35	0.00839	0.00579	0.00738	0.00698	0.00833	0.00539	0.00524	0.01108	0.01571	0.02275	0.67603	0.04030	0.04950	0.01112	0.00643	0.00175	0.00269	0.00977	0.09996	0.00539
36	0.01588	0.27310	0.26173	0.01328	0.01916	0.01552	0.07377	0.02069	0.07096	0.16402	0.01306	0.01359	0.00955	0.00571	0.00507	0.00163	0.00679	0.00453	0.00365	0.00833
37	0.00837	0.00552	0.00630	0.00630	0.00635	0.00549	0.00357	0.00827	0.00840	0.01114	0.01864	0.03677	0.04009	0.73385	0.02813	0.05225	0.00544	0.00823	0.00346	0.00345
38	0.01831	0.01341	0.01453	0.01178	0.01560	0.01467	0.00950	0.45466	0.17258	0.07057	0.02074	0.06928	0.07153	0.00836	0.00593	0.00182	0.00540	0.00671	0.00576	0.00888
39	0.04913	0.01092	0.01398	0.11503	0.03734	0.03626	0.04514	0.03697	0.03281	0.01811	0.01332	0.08061	0.01232	0.00703	0.00629	0.00154	0.06676	0.04759	0.00357	0.36526
40	0.09354	0.60865	0.02587	0.01034	0.01473	0.11731	0.00968	0.01774	0.01195	0.01468	0.00805	0.00942	0.00724	0.00519	0.00424	0.00134	0.02710	0.00319	0.00261	0.00711
41	0.24169	0.07745	0.07435	0.06941	0.01750	0.01540	0.01046	0.33209	0.01790	0.05431	0.01194	0.03224	0.00910	0.00638	0.00498	0.00173	0.00591	0.00465	0.00441	0.00809
42	0.01642	0.01153	0.03870	0.11277	0.15361	0.01146	0.01132	0.08931	0.14571	0.21181	0.01873	0.10745	0.01511	0.00784	0.00588	0.00186	0.00553	0.00678	0.01980	0.00836
43	0.01112	0.01021	0.03731	0.36668	0.08750	0.01121	0.03454	0.01563	0.11282	0.01574	0.01353	0.05483	0.01147	0.01158	0.07651	0.10644	0.00736	0.00592	0.00320	0.00638
44	0.00709	0.00524	0.00652	0.00737	0.00809	0.00479	0.00502	0.00825	0.01163	0.01523	0.09255	0.54618	0.18408	0.05945	0.00834	0.00238	0.00331	0.01452	0.00529	0.00468
45	0.06506	0.00782	0.00999	0.00869	0.01147	0.00706	0.00677	0.01848	0.01441	0.37871	0.12783	0.20136	0.09673	0.01078	0.00621	0.00191	0.00400	0.00922	0.00619	0.00731
46	0.07966	0.01257	0.01301	0.01147	0.01487	0.01447	0.00901	0.10179	0.62101	0.02529	0.02111	0.01962	0.01579	0.00748	0.00563	0.00190	0.00470	0.00607	0.00563	0.00890
47	0.63631	0.01049	0.00927	0.00800	0.01157	0.01155	0.00656	0.01851	0.01137	0.16414	0.05680	0.01324	0.01061	0.00603	0.00415	0.00177	0.00440	0.00404	0.00437	0.00681
48	0.79064	0.01072	0.00823	0.00739	0.01080	0.01239	0.00607	0.01661	0.00987	0.02541	0.00859	0.01000	0.00669	0.00539	0.00357	0.00174	0.00432	0.00323	0.05220	0.00614
49	0.01343	0.01387	0.01928	0.01641	0.03984	0.08255	0.11867	0.03800	0.01084	0.01526	0.00912	0.01362	0.00832	0.01122	0.07439	0.00280	0.49777	0.00524	0.00275	0.00661
50	0.01257	0.08678	0.65466	0.01557	0.02345	0.01434	0.01947	0.07495	0.01320	0.01917	0.01036	0.01199	0.00745	0.00551	0.00532	0.00176	0.00811	0.00421	0.00268	0.00847
51	0.44081	0.01214	0.01531	0.05189	0.34429	0.01316	0.01161	0.01705	0.01126	0.02213	0.00929	0.01169	0.00752	0.00523	0.00457	0.00174	0.00560	0.00406	0.00319	0.00747
52	0.00907	0.00740	0.01138	0.03004	0.09637	0.00695	0.07588	0.01098	0.01231	0.03890	0.07288	0.40274	0.17532	0.01360	0.00684	0.00208	0.00433	0.01237	0.00485	0.00570
53	0.00780	0.00531	0.00703	0.00782	0.00847	0.00494	0.00536	0.00915	0.01208	0.03900	0.17647	0.59787	0.03981	0.04051	0.00782	0.00230	0.00331	0.01451	0.00550	0.00491
54	0.01068	0.00989	0.01653	0.72451	0.03724	0.01223	0.01536	0.01440	0.01157	0.01481	0.01174	0.01911	0.00961	0.00651	0.00589	0.00196	0.00744	0.06149	0.00276	0.00627
55	0.00790	0.00579	0.00741	0.00710	0.00845	0.00530	0.00529	0.01037	0.01557	0.02171	0.64867	0.08835	0.12207	0.01233	0.00678	0.00184	0.00275	0.01086	0.00614	0.00530
56	0.00828	0.00571	0.00707	0.00707	0.00735	0.00600	0.00450	0.00885	0.00856	0.01170	0.01727	0.03324	0.01897	0.58706	0.23855	0.00657	0.00829	0.00770	0.00335	0.00393
57	0.01613	0.61183	0.04361	0.01178	0.03849	0.06240	0.03400	0.09401	0.01359	0.01628	0.00886	0.01013	0.00769	0.00517	0.00416	0.00134	0.00655	0.00352	0.00284	0.00764
58	0.00781	0.00576	0.00736	0.00782	0.00876	0.00550	0.00553	0.01035	0.05662	0.01829	0.30363	0.44481	0.06642	0.01489	0.00699	0.00209	0.00314	0.01334	0.00571	0.00519
59	0.06852	0.01316	0.10459	0.01446	0.10935	0.04713	0.04857	0.07467	0.06398	0.11551	0.04270	0.13691	0.01770	0.00877	0.00590	0.00189	0.00571	0.05984	0.05317	0.00747
60	0.05974	0.06966	0.06178	0.12700	0.03865	0.03224	0.18723	0.11846	0.07520	0.10071	0.01315	0.01492	0.00970	0.00600	0.00606	0.00179	0.03273	0.00532	0.01653	0.02313
61	0.05477	0.04750	0.04738	0.00862	0.01202	0.00854	0.00719	0.02699	0.02550	0.09085	0.16454	0.02496	0.08700	0.07422	0.03022	0.00203	0.01871	0.00638	0.00447	0.25808

[dist]
# distance from previous block
# <min> <max>
7	27

[block]
# block no. 3 follows, 41 sequences, length 13
# corresponding to MSA columns:
# 369-381
name=unknown_D
#
# <colnr> <probs for GDERKNQSTAVLIFYWHMCP>
#	G	D	E	R	K	N	Q	S	T	A	V	L	I	F	Y	W	H	M	C	P
0	0.05488	0.03426	0.01738	0.02836	0.12767	0.03636	0.09436	0.08108	0.10159	0.12977	0.07372	0.03086	0.01483	0.00710	0.00671	0.00179	0.06641	0.01893	0.00445	0.06949
1	0.04064	0.05295	0.07640	0.04894	0.05338	0.01255	0.01025	0.07383	0.23036	0.11013	0.05287	0.01801	0.01427	0.00692	0.00604	0.00173	0.04588	0.00548	0.06676	0.07261
2	0.17554	0.11007	0.01794	0.09095	0.25422	0.01314	0.02790	0.03171	0.01271	0.07088	0.06532	0.01496	0.01173	0.00575	0.00500	0.00162	0.00574	0.00477	0.00354	0.07650
3	0.01397	0.06489	0.12846	0.01330	0.05223	0.01163	0.09167	0.05008	0.15274	0.12286	0.14747	0.02426	0.08569	0.00792	0.00595	0.00180	0.00556	0.00689	0.00483	0.00782
4	0.10154	0.01329	0.01683	0.05358	0.01837	0.09352	0.17016	0.05832	0.16540	0.02079	0.08316	0.04888	0.03361	0.00706	0.00571	0.00175	0.00623	0.00629	0.00421	0.09130
5	0.00707	0.00574	0.00613	0.00613	0.00776	0.00495	0.00448	0.00857	0.01304	0.01616	0.15373	0.08832	0.57138	0.07097	0.00840	0.00219	0.00308	0.01176	0.00532	0.00480
6	0.01595	0.01357	0.01582	0.34157	0.02601	0.11014	0.01240	0.16369	0.11127	0.08631	0.01416	0.03982	0.01080	0.00673	0.00571	0.00182	0.00692	0.00551	0.00413	0.00765
7	0.01416	0.01359	0.02322	0.03511	0.76330	0.01359	0.01755	0.01755	0.01302	0.01869	0.01076	0.01416	0.00906	0.00510	0.00566	0.00170	0.00680	0.00510	0.00283	0.00906
8	0.01025	0.00602	0.00705	0.00671	0.00842	0.00550	0.00506	0.01246	0.01384	0.09714	0.24764	0.09958	0.20069	0.01093	0.00590	0.00174	0.00301	0.00932	0.24312	0.00563
9	0.05206	0.00891	0.01026	0.03383	0.04097	0.04504	0.00722	0.07696	0.01567	0.13483	0.31162	0.06522	0.04849	0.00927	0.00588	0.00174	0.00413	0.00785	0.11341	0.00663
10	0.01080	0.00875	0.10299	0.00883	0.01049	0.00665	0.00741	0.01140	0.04162	0.05322	0.14295	0.02145	0.01787	0.01546	0.01594	0.50535	0.00498	0.00592	0.00353	0.00439
11	0.10459	0.06481	0.00987	0.00821	0.01028	0.00838	0.00627	0.04719	0.04771	0.09024	0.04452	0.29253	0.16455	0.01284	0.00718	0.05586	0.00401	0.01015	0.00496	0.00587
12	0.04262	0.13953	0.05374	0.01285	0.05120	0.04620	0.06274	0.16067	0.06348	0.07594	0.03270	0.06311	0.01240	0.00659	0.00523	0.00155	0.00588	0.00540	0.00420	0.15399

[dist]
# distance from previous block
# <min> <max>
1	8

[block]
# block no. 4 follows, 41 sequences, length 24
# corresponding to MSA columns:
# 390-413
name=unknown_E
#
# <colnr> <probs for GDERKNQSTAVLIFYWHMCP>
#	G	D	E	R	K	N	Q	S	T	A	V	L	I	F	Y	W	H	M	C	P
0	0.15087	0.12857	0.03103	0.03951	0.02590	0.17133	0.04093	0.08322	0.03286	0.05713	0.06608	0.02635	0.01201	0.00690	0.00671	0.00174	0.10319	0.00486	0.00370	0.00709
1	0.00904	0.00738	0.01007	0.04321	0.05464	0.00744	0.03649	0.01286	0.12004	0.01729	0.11838	0.38066	0.09746	0.04818	0.00775	0.00224	0.00412	0.01188	0.00507	0.00579
2	0.01238	0.00668	0.00875	0.00803	0.01002	0.00598	0.00608	0.01447	0.01480	0.21771	0.34149	0.20286	0.10359	0.01209	0.00661	0.00192	0.00343	0.01058	0.00620	0.00633
3	0.01103	0.00663	0.00821	0.00774	0.00957	0.00607	0.00575	0.01348	0.04765	0.15307	0.24780	0.19738	0.19211	0.05731	0.00791	0.00215	0.00351	0.01083	0.00584	0.00596
4	0.01564	0.00999	0.01158	0.01010	0.01309	0.01051	0.00790	0.05307	0.34472	0.20190	0.15102	0.06870	0.02375	0.00878	0.00597	0.00186	0.00421	0.00743	0.04159	0.00820
5	0.59425	0.01143	0.01035	0.00869	0.01251	0.01264	0.00716	0.10774	0.01302	0.15922	0.01127	0.01165	0.00805	0.00582	0.00420	0.00176	0.00473	0.00382	0.00444	0.00726
6	0.08750	0.22838	0.17517	0.01251	0.05855	0.01464	0.03012	0.09405	0.01383	0.09860	0.01235	0.01352	0.00936	0.00574	0.00470	0.00156	0.00598	0.00434	0.12131	0.00779
7	0.06940	0.05834	0.06698	0.01227	0.05732	0.01311	0.00993	0.24379	0.11074	0.10424	0.15855	0.02104	0.03430	0.00767	0.00567	0.00175	0.00521	0.00619	0.00526	0.00822
8	0.01664	0.54613	0.05869	0.01175	0.04824	0.08743	0.01057	0.01942	0.04646	0.09236	0.01047	0.01124	0.00858	0.00537	0.00428	0.00138	0.00642	0.00369	0.00314	0.00773
9	0.83938	0.01106	0.00841	0.00752	0.01106	0.01283	0.00619	0.01681	0.00973	0.02566	0.00796	0.00929	0.00619	0.00531	0.00354	0.00177	0.00442	0.00310	0.00354	0.00619
10	0.01549	0.01312	0.01512	0.05013	0.16871	0.09129	0.01088	0.05915	0.29481	0.09406	0.07455	0.05487	0.01727	0.00758	0.00584	0.00182	0.00565	0.00644	0.00490	0.00831
11	0.00745	0.00576	0.00679	0.00666	0.00818	0.00510	0.00495	0.00950	0.01449	0.01919	0.41223	0.10000	0.35248	0.01331	0.00679	0.00189	0.00283	0.01149	0.00581	0.00510
12	0.01337	0.01249	0.05888	0.32302	0.02586	0.01314	0.05442	0.15642	0.13962	0.02169	0.09088	0.01879	0.01466	0.00685	0.00585	0.00185	0.00639	0.00592	0.02236	0.00753
13	0.01081	0.00707	0.00914	0.00927	0.05214	0.00678	0.00649	0.04592	0.01467	0.08473	0.36793	0.03796	0.06778	0.12844	0.00981	0.00239	0.00393	0.06923	0.05967	0.00585
14	0.00953	0.00509	0.00734	0.00740	0.00746	0.00512	0.00489	0.00770	0.00778	0.01042	0.01209	0.05347	0.01266	0.11639	0.05561	0.66012	0.00542	0.00591	0.00275	0.00281
15	0.01741	0.45537	0.02489	0.01311	0.04845	0.24297	0.03877	0.06989	0.01417	0.01561	0.00888	0.01028	0.00764	0.00533	0.00446	0.00138	0.00753	0.00362	0.00286	0.00739
16	0.00950	0.00712	0.00843	0.00803	0.00998	0.00670	0.00596	0.01340	0.11943	0.04889	0.21852	0.24320	0.17108	0.01242	0.00647	0.00189	0.00341	0.01084	0.00551	0.08922
17	0.03988	0.17353	0.15672	0.28642	0.06806	0.01428	0.02737	0.01635	0.01181	0.04812	0.01101	0.04316	0.00903	0.00600	0.00551	0.00171	0.02634	0.00486	0.00290	0.04695
18	0.04143	0.01403	0.08221	0.01300	0.05861	0.03528	0.01052	0.17926	0.23633	0.16063	0.09184	0.01957	0.01681	0.00735	0.00575	0.00180	0.00544	0.00598	0.00545	0.00875
19	0.08129	0.09182	0.04380	0.04688	0.03746	0.04531	0.18707	0.08816	0.01371	0.03434	0.05584	0.05030	0.01424	0.03780	0.08916	0.00270	0.00773	0.03755	0.00369	0.03115
20	0.11999	0.06576	0.14333	0.01580	0.13234	0.01351	0.04328	0.08644	0.13664	0.14675	0.01494	0.01613	0.01112	0.00633	0.00537	0.00178	0.00608	0.02153	0.00435	0.00852
21	0.04477	0.06748	0.08244	0.09612	0.14626	0.03718	0.08616	0.05809	0.04518	0.03269	0.06265	0.09388	0.01533	0.00735	0.00568	0.00175	0.00620	0.02221	0.02794	0.06065
22	0.01433	0.04414	0.04569	0.02511	0.01446	0.00977	0.05944	0.03748	0.14306	0.18823	0.17105	0.11695	0.04422	0.00929	0.00612	0.00184	0.00474	0.01931	0.00546	0.03929
23	0.06158	0.01134	0.01626	0.12669	0.08701	0.03112	0.09187	0.03548	0.04382	0.11706	0.03588	0.06756	0.01281	0.00707	0.00686	0.00176	0.08356	0.00592	0.03111	0.12522

[dist]
# distance from previous block
# <min> <max>
5	17

[block]
# block no. 5 follows, 41 sequences, length 11
# corresponding to MSA columns:
# 446-456
name=unknown_F
#
# <colnr> <probs for GDERKNQSTAVLIFYWHMCP>
#	G	D	E	R	K	N	Q	S	T	A	V	L	I	F	Y	W	H	M	C	P
0	0.31300	0.06259	0.06749	0.01173	0.07174	0.01221	0.00946	0.06270	0.03195	0.23698	0.02820	0.01619	0.01131	0.00648	0.00490	0.00177	0.00524	0.03352	0.00466	0.00789
1	0.29648	0.08877	0.23046	0.05892	0.01815	0.04959	0.01211	0.06999	0.01268	0.06255	0.01012	0.01149	0.00754	0.00552	0.00462	0.00168	0.00636	0.00387	0.00337	0.04573
2	0.00773	0.00583	0.00714	0.00681	0.00832	0.00524	0.00511	0.01009	0.01533	0.02090	0.56878	0.04609	0.24675	0.01245	0.00675	0.00184	0.00275	0.01082	0.00603	0.00524
3	0.01023	0.00849	0.01294	0.22554	0.06582	0.00960	0.01184	0.01312	0.01232	0.01625	0.02167	0.04359	0.02240	0.01189	0.00806	0.00237	0.07055	0.42331	0.00414	0.00588
4	0.01529	0.80242	0.02997	0.00979	0.01468	0.02263	0.00979	0.01713	0.01162	0.01346	0.00795	0.00918	0.00734	0.00489	0.00367	0.00122	0.00612	0.00306	0.00245	0.00734
5	0.00837	0.00605	0.00804	0.00913	0.01018	0.00587	0.00738	0.01030	0.01228	0.01592	0.03254	0.23434	0.10810	0.07229	0.00916	0.00270	0.00458	0.43266	0.00515	0.00495
6	0.01199	0.08773	0.65003	0.01542	0.02317	0.01408	0.01926	0.01905	0.07309	0.01823	0.01116	0.01262	0.00809	0.00558	0.00533	0.00178	0.00795	0.00432	0.00270	0.00842
7	0.04934	0.00759	0.01064	0.00950	0.01169	0.00709	0.05901	0.03358	0.01395	0.18978	0.18481	0.31634	0.05890	0.01218	0.00656	0.00200	0.00410	0.01087	0.00569	0.00640
8	0.01789	0.01313	0.01557	0.04288	0.08114	0.03074	0.03251	0.37049	0.07802	0.08556	0.07660	0.01799	0.01459	0.00705	0.00566	0.00171	0.00567	0.00575	0.08850	0.00856
9	0.01308	0.02833	0.06186	0.26386	0.11488	0.03686	0.01244	0.01790	0.10483	0.08646	0.07029	0.02058	0.07101	0.00714	0.00607	0.00180	0.02645	0.00601	0.00393	0.04622
10	0.19021	0.10677	0.02777	0.01126	0.04213	0.11098	0.02159	0.06263	0.08781	0.05453	0.01471	0.13267	0.01347	0.00757	0.00505	0.00167	0.00559	0.00597	0.00406	0.09353

[dist]
# distance from previous block
# <min> <max>
0	6

[block]
# block no. 6 follows, 41 sequences, length 11
# corresponding to MSA columns:
# 463-473
name=unknown_G
#
# <colnr> <probs for GDERKNQSTAVLIFYWHMCP>
#	G	D	E	R	K	N	Q	S	T	A	V	L	I	F	Y	W	H	M	C	P
0	0.29505	0.01125	0.01404	0.14497	0.06237	0.02588	0.07298	0.01880	0.12494	0.07421	0.01455	0.07374	0.01218	0.00705	0.00524	0.00189	0.00566	0.02410	0.00404	0.00708
1	0.06512	0.19698	0.04185	0.05286	0.04073	0.09672	0.04358	0.09350	0.12786	0.01962	0.01337	0.01436	0.03331	0.00594	0.00491	0.00151	0.00618	0.00458	0.00369	0.13333
2	0.13641	0.00847	0.00956	0.03544	0.06071	0.00878	0.00716	0.01506	0.14593	0.02047	0.19585	0.03562	0.24888	0.01039	0.00604	0.00189	0.00389	0.03808	0.00510	0.00627
3	0.13445	0.00613	0.00712	0.00802	0.00906	0.00611	0.00579	0.00974	0.01114	0.01662	0.02961	0.54714	0.08213	0.01553	0.00675	0.00224	0.00366	0.08875	0.00503	0.00496
4	0.01321	0.01127	0.01220	0.01068	0.01399	0.01227	0.00831	0.02585	0.56066	0.02301	0.10031	0.02218	0.02000	0.00764	0.00568	0.00176	0.00429	0.00641	0.00550	0.13477
5	0.00963	0.00612	0.00788	0.00748	0.00906	0.00554	0.00559	0.01188	0.01507	0.09941	0.49488	0.15665	0.12394	0.01246	0.00673	0.00189	0.00304	0.01095	0.00612	0.00568
6	0.02096	0.01024	0.01245	0.01001	0.01377	0.01003	0.00812	0.12080	0.12966	0.43566	0.02087	0.01930	0.01416	0.00709	0.00547	0.00172	0.00465	0.00571	0.14042	0.00891
7	0.02280	0.01133	0.01371	0.01064	0.01479	0.01114	0.00875	0.26071	0.01935	0.44929	0.01926	0.01779	0.01276	0.00697	0.00556	0.00171	0.00510	0.00551	0.09357	0.00927
8	0.78094	0.01142	0.00903	0.00792	0.01154	0.01318	0.00653	0.06881	0.01096	0.02641	0.00838	0.00961	0.00645	0.00542	0.00370	0.00177	0.00456	0.00324	0.00370	0.00645
9	0.14207	0.19955	0.06206	0.01830	0.24026	0.09036	0.01236	0.08497	0.04941	0.03536	0.01058	0.01218	0.00853	0.00551	0.00483	0.00160	0.00652	0.00421	0.00333	0.00802
10	0.01251	0.01181	0.02035	0.04367	0.30145	0.01188	0.17249	0.05218	0.03834	0.01921	0.09367	0.13706	0.01834	0.00804	0.00669	0.00190	0.03125	0.00776	0.00382	0.00757

[dist]
# distance from previous block
# <min> <max>
0	26

[block]
# block no. 7 follows, 41 sequences, length 7
# corresponding to MSA columns:
# 500-506
name=unknown_H
#
# <colnr> <probs for GDERKNQSTAVLIFYWHMCP>
#	G	D	E	R	K	N	Q	S	T	A	V	L	I	F	Y	W	H	M	C	P
0	0.00810	0.00585	0.00765	0.00720	0.00855	0.00540	0.00540	0.01079	0.01619	0.02294	0.76028	0.04273	0.05397	0.01169	0.00675	0.00180	0.00270	0.01034	0.00630	0.00540
1	0.01346	0.00962	0.01174	0.01043	0.01246	0.01093	0.00819	0.13874	0.13011	0.08018	0.01783	0.08910	0.01566	0.05747	0.19693	0.00389	0.10198	0.00680	0.07757	0.00691
2	0.00931	0.00642	0.00737	0.00715	0.00771	0.00649	0.00451	0.07350	0.01092	0.01467	0.07661	0.13619	0.02463	0.56481	0.02243	0.00449	0.00510	0.00925	0.00413	0.00432
3	0.00805	0.00568	0.00738	0.00754	0.00803	0.00593	0.00510	0.00907	0.00956	0.01318	0.07187	0.14496	0.02352	0.37671	0.27213	0.00601	0.00826	0.00891	0.00381	0.00432
4	0.01587	0.51815	0.02551	0.05955	0.04572	0.08522	0.03649	0.01925	0.07789	0.05321	0.01050	0.01166	0.00871	0.00540	0.00441	0.00142	0.00652	0.00388	0.00306	0.00757
5	0.01283	0.00780	0.00969	0.00901	0.01119	0.00767	0.00691	0.01766	0.16044	0.18009	0.22762	0.20045	0.06220	0.01164	0.00654	0.00199	0.00381	0.04957	0.00606	0.00685
6	0.03558	0.12144	0.03585	0.03811	0.12472	0.03119	0.05849	0.08627	0.12506	0.15472	0.09646	0.01840	0.01571	0.00685	0.00588	0.00173	0.02496	0.00572	0.00462	0.00823

[dist]
# distance from previous block
# <min> <max>
0	10

[block]
# block no. 8 follows, 41 sequences, length 6
# corresponding to MSA columns:
# 517-522
name=unknown_I
#
# <colnr> <probs for GDERKNQSTAVLIFYWHMCP>
#	G	D	E	R	K	N	Q	S	T	A	V	L	I	F	Y	W	H	M	C	P
0	0.01577	0.16777	0.09744	0.05565	0.07692	0.06863	0.01183	0.15978	0.22106	0.02193	0.01430	0.01492	0.01098	0.00631	0.00523	0.00167	0.00627	0.00491	0.03026	0.00836
1	0.06702	0.00632	0.00829	0.04431	0.04694	0.00657	0.00591	0.00973	0.00921	0.01353	0.01635	0.14683	0.01756	0.23837	0.06654	0.23522	0.00560	0.00769	0.04382	0.00418
2	0.06930	0.04829	0.06278	0.01347	0.04959	0.01298	0.08143	0.10075	0.23326	0.20328	0.01832	0.05260	0.01375	0.00713	0.00568	0.00183	0.00565	0.00607	0.00517	0.00867
3	0.01003	0.01019	0.10269	0.01083	0.04892	0.00783	0.00875	0.05181	0.03764	0.01840	0.07757	0.33090	0.02615	0.01177	0.00629	0.00192	0.00453	0.07069	0.04259	0.12049
4	0.01019	0.00838	0.00978	0.05931	0.06004	0.05644	0.00754	0.01307	0.07394	0.05341	0.05240	0.34302	0.17863	0.01321	0.00665	0.00206	0.00440	0.03667	0.00498	0.00586
5	0.04715	0.01184	0.01744	0.11553	0.27178	0.01349	0.01299	0.05647	0.04156	0.06584	0.01196	0.01665	0.01028	0.08647	0.01105	0.00232	0.19093	0.00542	0.00336	0.00747

[dist]
# distance from previous block
# <min> <max>
5	10

[block]
# block no. 9 follows, 41 sequences, length 10
# corresponding to MSA columns:
# 542-551
name=unknown_J
#
# <colnr> <probs for GDERKNQSTAVLIFYWHMCP>
#	G	D	E	R	K	N	Q	S	T	A	V	L	I	F	Y	W	H	M	C	P
0	0.03330	0.01102	0.01416	0.21667	0.08268	0.06750	0.01078	0.02010	0.05409	0.28211	0.02089	0.06219	0.08418	0.00776	0.00583	0.00183	0.00587	0.00652	0.00481	0.00770
1	0.01330	0.09859	0.46122	0.15443	0.02531	0.07081	0.01759	0.01832	0.01248	0.06125	0.01065	0.01268	0.00774	0.00557	0.00532	0.00174	0.00801	0.00432	0.00276	0.00791
2	0.01054	0.02302	0.55862	0.01378	0.02027	0.01110	0.01678	0.01609	0.01321	0.01945	0.21776	0.02056	0.02017	0.00717	0.00580	0.00181	0.00686	0.00592	0.00349	0.00761
3	0.61103	0.15612	0.08505	0.00877	0.01303	0.01465	0.00827	0.01699	0.01030	0.02273	0.00818	0.00954	0.00650	0.00525	0.00374	0.00167	0.00512	0.00320	0.00323	0.00662
4	0.69134	0.01196	0.00999	0.00854	0.01227	0.01372	0.00704	0.14852	0.01284	0.02754	0.00901	0.01010	0.00683	0.00559	0.00393	0.00176	0.00476	0.00347	0.00393	0.00683
5	0.02312	0.00944	0.01245	0.00977	0.01376	0.00844	0.00799	0.04592	0.03846	0.62729	0.05933	0.02069	0.01619	0.00729	0.00566	0.00174	0.00461	0.00596	0.07273	0.00914
6	0.02107	0.01493	0.01613	0.01251	0.01685	0.01639	0.01029	0.63445	0.05494	0.07719	0.01490	0.01478	0.01056	0.00690	0.00564	0.00171	0.00594	0.00525	0.05012	0.00946
7	0.00711	0.00525	0.00669	0.00778	0.00848	0.00483	0.00545	0.00832	0.01151	0.01496	0.03621	0.60288	0.16838	0.01713	0.00725	0.00228	0.00340	0.07207	0.00531	0.00473
8	0.01338	0.07543	0.01834	0.09784	0.01776	0.01716	0.01246	0.05146	0.01041	0.03598	0.00857	0.01280	0.00781	0.00890	0.01513	0.00228	0.58000	0.00489	0.00279	0.00663
9	0.01273	0.01229	0.01731	0.01253	0.01767	0.04796	0.18290	0.01576	0.01247	0.01833	0.01044	0.01264	0.00847	0.00446	0.00488	0.00114	0.00583	0.00421	0.00325	0.59475

[dist]
# distance from previous block
# <min> <max>
1	4

[block]
# block no. 10 follows, 41 sequences, length 7
# corresponding to MSA columns:
# 557-563
name=unknown_K
#
# <colnr> <probs for GDERKNQSTAVLIFYWHMCP>
#	G	D	E	R	K	N	Q	S	T	A	V	L	I	F	Y	W	H	M	C	P
0	0.42121	0.04793	0.11565	0.06765	0.01697	0.01242	0.08630	0.01649	0.01105	0.05136	0.01195	0.09592	0.01049	0.00672	0.00479	0.00184	0.00572	0.00530	0.00353	0.00670
1	0.01583	0.20187	0.02114	0.05184	0.14277	0.05632	0.06487	0.16467	0.06434	0.03791	0.01290	0.06146	0.01099	0.00654	0.00561	0.00164	0.02447	0.00538	0.00379	0.04566
2	0.01192	0.01316	0.09723	0.25287	0.31516	0.01260	0.01554	0.01540	0.01208	0.01688	0.04631	0.07263	0.01248	0.00698	0.00694	0.00189	0.07340	0.00605	0.00301	0.00745
3	0.00804	0.00559	0.00645	0.00645	0.00690	0.00539	0.00399	0.00870	0.01028	0.01372	0.14662	0.08383	0.10492	0.54057	0.02179	0.00436	0.00467	0.00951	0.00424	0.00400
4	0.00746	0.00574	0.00683	0.00674	0.00820	0.00510	0.00498	0.00950	0.01443	0.01919	0.41398	0.12639	0.32394	0.01342	0.00681	0.00190	0.00284	0.01163	0.00581	0.00510
5	0.01879	0.00845	0.01117	0.00948	0.01257	0.00767	0.00744	0.02181	0.06914	0.46597	0.10199	0.19597	0.02388	0.01004	0.00621	0.00191	0.00427	0.00864	0.00651	0.00809
6	0.83938	0.01106	0.00841	0.00752	0.01106	0.01283	0.00619	0.01681	0.00973	0.02566	0.00796	0.00929	0.00619	0.00531	0.00354	0.00177	0.00442	0.00310	0.00354	0.00619

[dist]
# distance from previous block
# <min> <max>
1	60

[block]
# block no. 11 follows, 41 sequences, length 10
# corresponding to MSA columns:
# 624-633
name=unknown_L
#
# <colnr> <probs for GDERKNQSTAVLIFYWHMCP>
#	G	D	E	R	K	N	Q	S	T	A	V	L	I	F	Y	W	H	M	C	P
0	0.02262	0.01461	0.01629	0.01249	0.01703	0.01564	0.01032	0.58323	0.02453	0.20039	0.01572	0.01502	0.01072	0.00691	0.00573	0.00173	0.00597	0.00529	0.00603	0.00973
1	0.01674	0.62568	0.02709	0.01055	0.01537	0.02153	0.01003	0.18055	0.01505	0.01853	0.00925	0.01020	0.00788	0.00534	0.00413	0.00133	0.00616	0.00353	0.00318	0.00788
2	0.00926	0.00722	0.00863	0.00882	0.01020	0.00750	0.00638	0.01489	0.22035	0.01909	0.19300	0.40894	0.03574	0.01367	0.00676	0.00210	0.00352	0.01218	0.00567	0.00605
3	0.01116	0.00761	0.01132	0.01395	0.17802	0.00777	0.00813	0.01225	0.07826	0.01419	0.01315	0.06179	0.01233	0.01448	0.01504	0.46917	0.00510	0.00580	0.05560	0.00488
4	0.00863	0.00676	0.00972	0.18211	0.01546	0.00699	0.00775	0.01147	0.01478	0.02053	0.54451	0.08528	0.04251	0.01075	0.00655	0.00186	0.00385	0.00954	0.00539	0.00556
5	0.01061	0.00977	0.01573	0.58243	0.03192	0.01227	0.01386	0.01368	0.01072	0.01412	0.01089	0.01741	0.00921	0.08182	0.05345	0.00273	0.09529	0.00543	0.00265	0.00600
6	0.01315	0.00841	0.05841	0.00860	0.01115	0.00671	0.00715	0.01576	0.01534	0.22833	0.43598	0.07009	0.03751	0.04847	0.00750	0.00200	0.00384	0.00886	0.00608	0.00667
7	0.00829	0.00566	0.00669	0.00665	0.00709	0.00569	0.00421	0.00903	0.00964	0.01325	0.08899	0.03628	0.06969	0.53798	0.12354	0.00525	0.00627	0.00831	0.04344	0.00404
8	0.04798	0.47117	0.03724	0.00939	0.01326	0.03229	0.00876	0.01642	0.01295	0.06836	0.17833	0.01784	0.01840	0.00676	0.00489	0.00146	0.02143	0.00501	0.02109	0.00697
9	0.19536	0.00701	0.00800	0.00777	0.00920	0.00755	0.00573	0.01153	0.01062	0.03393	0.14707	0.09020	0.02245	0.16358	0.21556	0.04078	0.00716	0.00738	0.00407	0.00505

[dist]
# distance from previous block
# <min> <max>
1	5

[block]
# block no. 12 follows, 41 sequences, length 22
# corresponding to MSA columns:
# 646-652,660-671,674-676
name=unknown_M
#
# <colnr> <probs for GDERKNQSTAVLIFYWHMCP>
#	G	D	E	R	K	N	Q	S	T	A	V	L	I	F	Y	W	H	M	C	P
0	0.01601	0.04317	0.30737	0.01730	0.13796	0.05691	0.02866	0.02154	0.09049	0.18037	0.01415	0.01486	0.01014	0.00611	0.00592	0.00178	0.02977	0.00493	0.00389	0.00867
1	0.00934	0.01477	0.29885	0.01098	0.01483	0.00832	0.01160	0.01314	0.01291	0.01853	0.19625	0.19881	0.04442	0.01078	0.00630	0.00196	0.00524	0.06502	0.05159	0.00637
2	0.00795	0.00574	0.00733	0.00813	0.00886	0.00550	0.00562	0.05153	0.01248	0.01674	0.10558	0.65076	0.05913	0.01653	0.00714	0.00222	0.00342	0.01488	0.00543	0.00503
3	0.01204	0.05470	0.56799	0.03812	0.02261	0.01356	0.01815	0.05488	0.04918	0.01865	0.01213	0.05865	0.00970	0.00653	0.00605	0.00185	0.03905	0.00510	0.00293	0.00813
4	0.01208	0.01129	0.13064	0.00916	0.01227	0.00905	0.00839	0.01878	0.20778	0.05768	0.02139	0.06144	0.05349	0.00776	0.00511	0.00167	0.00424	0.00638	0.35443	0.00697
5	0.01299	0.01286	0.01575	0.13755	0.01821	0.09401	0.01163	0.05137	0.01093	0.01483	0.01038	0.04548	0.01014	0.08883	0.01519	0.00256	0.43258	0.00566	0.00293	0.00614
6	0.01399	0.01342	0.02292	0.07172	0.72797	0.01355	0.01747	0.01741	0.01295	0.01849	0.01073	0.01421	0.00899	0.00513	0.00567	0.00171	0.00684	0.00510	0.00282	0.00893
