[name]
unknown

[dist]
# distance from previous block
# <min> <max>
0	81

[block]
# block no. 0 follows, 40 sequences, length 6
# corresponding to MSA columns:
# 99-104
name=unknown_A
#
# <colnr> <probs for GDERKNQSTAVLIFYWHMCP>
#	G	D	E	R	K	N	Q	S	T	A	V	L	I	F	Y	W	H	M	C	P
0	0.08482	0.00966	0.01138	0.01070	0.01292	0.01110	0.00859	0.07213	0.23522	0.02024	0.01924	0.02675	0.01704	0.02112	0.26786	0.00458	0.04037	0.11481	0.00453	0.00693
1	0.32421	0.01308	0.01219	0.01043	0.01377	0.07015	0.00838	0.26238	0.01632	0.02624	0.01268	0.05801	0.01071	0.01255	0.12196	0.00294	0.00722	0.00514	0.00434	0.00730
2	0.00846	0.00564	0.00634	0.00634	0.00634	0.00564	0.00352	0.00846	0.00846	0.01128	0.01832	0.03805	0.02114	0.79563	0.02960	0.00564	0.00564	0.00846	0.00352	0.00352
3	0.01426	0.67805	0.02685	0.00967	0.01394	0.02022	0.00926	0.01599	0.01171	0.01386	0.01174	0.12865	0.01219	0.00699	0.00429	0.00141	0.00579	0.00516	0.00293	0.00704
4	0.01343	0.01115	0.01280	0.00927	0.01436	0.00916	0.00746	0.11391	0.01415	0.02137	0.01083	0.01232	0.00879	0.00467	0.00451	0.00098	0.00459	0.00369	0.00377	0.71878
5	0.01946	0.01780	0.17282	0.01343	0.01871	0.01532	0.01265	0.39798	0.11802	0.13067	0.01574	0.01543	0.01102	0.00683	0.00577	0.00180	0.00642	0.00530	0.00532	0.00953

[dist]
# distance from previous block
# <min> <max>
0	2

[block]
# block no. 1 follows, 40 sequences, length 258
# corresponding to MSA columns:
# 107-292,307-378
name=unknown_B
#
# <colnr> <probs for GDERKNQSTAVLIFYWHMCP>
#	G	D	E	R	K	N	Q	S	T	A	V	L	I	F	Y	W	H	M	C	P
0	0.69247	0.01102	0.00937	0.00806	0.01184	0.01222	0.00663	0.01857	0.01092	0.12841	0.01025	0.01099	0.00751	0.00561	0.00394	0.00176	0.00455	0.00354	0.00409	0.03824
1	0.00717	0.00512	0.00685	0.00820	0.00857	0.00480	0.00555	0.00825	0.01122	0.01494	0.03200	0.76415	0.03827	0.01814	0.00745	0.00237	0.00345	0.04336	0.00540	0.00475
2	0.01164	0.02933	0.73698	0.04574	0.02574	0.01348	0.02128	0.01828	0.01225	0.01828	0.01043	0.01240	0.00738	0.00554	0.00554	0.00185	0.00856	0.00433	0.00246	0.00851
3	0.01141	0.01056	0.01744	0.75237	0.03921	0.01311	0.01596	0.04250	0.01223	0.01569	0.01047	0.01545	0.00783	0.00586	0.00581	0.00193	0.00770	0.00517	0.00271	0.00659
4	0.02609	0.00990	0.01350	0.01035	0.01484	0.00855	0.00855	0.02834	0.01664	0.76338	0.02294	0.01979	0.01439	0.00720	0.00585	0.00180	0.00495	0.00585	0.00720	0.00990
5	0.02609	0.00990	0.01350	0.01035	0.01484	0.00855	0.00855	0.02834	0.01664	0.76338	0.02294	0.01979	0.01439	0.00720	0.00585	0.00180	0.00495	0.00585	0.00720	0.00990
6	0.01430	0.01373	0.02344	0.05535	0.74040	0.01379	0.01780	0.01777	0.01320	0.01889	0.01092	0.01442	0.00917	0.00520	0.00576	0.00173	0.00693	0.00518	0.00287	0.00914
7	0.02609	0.00990	0.01350	0.01035	0.01484	0.00855	0.00855	0.02834	0.01664	0.76338	0.02294	0.01979	0.01439	0.00720	0.00585	0.00180	0.00495	0.00585	0.00720	0.00990
8	0.02549	0.00978	0.01335	0.01036	0.01474	0.00848	0.00858	0.02775	0.01653	0.73655	0.02322	0.02144	0.01508	0.00752	0.00593	0.00183	0.00496	0.03154	0.00713	0.00973
9	0.01178	0.01115	0.01889	0.60630	0.20914	0.01313	0.01655	0.01556	0.01201	0.01583	0.01048	0.01524	0.00809	0.00567	0.00580	0.00189	0.00755	0.00517	0.00265	0.00711
10	0.01341	0.22211	0.54092	0.01458	0.02205	0.01563	0.01790	0.01869	0.01239	0.05687	0.01051	0.01194	0.00776	0.00548	0.00509	0.00169	0.00780	0.00408	0.00272	0.00838
11	0.00709	0.00506	0.00675	0.00810	0.00843	0.00472	0.00540	0.00810	0.01113	0.01484	0.03205	0.79184	0.03846	0.01822	0.00742	0.00236	0.00337	0.01653	0.00540	0.00472
12	0.01393	0.47795	0.33744	0.01272	0.01920	0.01904	0.01477	0.01783	0.01201	0.01566	0.00907	0.01056	0.00742	0.00520	0.00448	0.00149	0.00721	0.00361	0.00247	0.00794
13	0.02039	0.01751	0.01783	0.01993	0.24535	0.26546	0.01248	0.06594	0.04191	0.21518	0.01409	0.01475	0.01035	0.00619	0.00562	0.00168	0.00747	0.00493	0.00434	0.00861
14	0.02252	0.01563	0.01705	0.01307	0.01771	0.01706	0.01080	0.66683	0.02624	0.11133	0.01488	0.01456	0.01035	0.00700	0.00582	0.00175	0.00625	0.00530	0.00596	0.00989
15	0.01274	0.01196	0.01932	0.39670	0.31723	0.01346	0.01596	0.01799	0.10259	0.01763	0.01220	0.01583	0.00955	0.00582	0.00580	0.00186	0.00704	0.00535	0.00311	0.00787
16	0.01725	0.02040	0.01566	0.01414	0.01605	0.45548	0.01097	0.01878	0.01339	0.01405	0.00971	0.01306	0.00867	0.01317	0.13335	0.00304	0.20903	0.00449	0.00290	0.00639
17	0.02559	0.01070	0.01399	0.01073	0.01525	0.00974	0.00886	0.11780	0.01799	0.67203	0.02181	0.01906	0.01383	0.00717	0.00584	0.00179	0.00513	0.00577	0.00702	0.00990
18	0.04267	0.01352	0.02149	0.08301	0.57445	0.01394	0.01619	0.07742	0.04073	0.04324	0.01187	0.01470	0.00953	0.00554	0.00570	0.00176	0.00670	0.00519	0.00336	0.00900
19	0.01666	0.12563	0.36935	0.01477	0.04715	0.01500	0.01566	0.17305	0.01611	0.13360	0.01277	0.01345	0.00904	0.00600	0.00541	0.00173	0.00720	0.00460	0.00390	0.00894
20	0.02507	0.00968	0.01309	0.01011	0.01447	0.00835	0.00833	0.02728	0.01646	0.72359	0.02486	0.02172	0.05392	0.00760	0.00590	0.00181	0.00484	0.00619	0.00710	0.00963
21	0.00773	0.00562	0.00639	0.00662	0.00734	0.00525	0.00428	0.00854	0.01091	0.01409	0.08597	0.18616	0.23637	0.36939	0.01728	0.00370	0.00423	0.01122	0.00462	0.00429
22	0.01497	0.08755	0.25703	0.06936	0.08782	0.17741	0.13583	0.04371	0.01398	0.01756	0.01097	0.01441	0.00877	0.00586	0.00567	0.00176	0.00862	0.02799	0.00291	0.00783
23	0.00738	0.00537	0.00699	0.00803	0.00871	0.00499	0.00565	0.00875	0.01207	0.01601	0.10885	0.58327	0.10852	0.01705	0.00736	0.00230	0.00344	0.07491	0.00550	0.00487
24	0.01490	0.00756	0.00907	0.00775	0.01077	0.00643	0.00614	0.01670	0.01467	0.32796	0.04389	0.04086	0.44687	0.01158	0.00644	0.00190	0.00378	0.00959	0.00615	0.00699
25	0.01469	0.01587	0.07456	0.03299	0.65904	0.06436	0.01766	0.01824	0.01339	0.01864	0.01077	0.01399	0.00897	0.00526	0.00571	0.00172	0.00726	0.00502	0.00286	0.00900
26	0.01246	0.01784	0.32578	0.01247	0.01754	0.01113	0.01323	0.01989	0.18842	0.08164	0.11311	0.07601	0.06852	0.00852	0.00603	0.00191	0.00587	0.00713	0.00457	0.00794
27	0.01475	0.01419	0.02550	0.01912	0.02400	0.01424	0.43373	0.02360	0.27571	0.06646	0.01669	0.01808	0.01235	0.00611	0.00646	0.00195	0.00765	0.00670	0.00426	0.00845
28	0.01220	0.02995	0.72564	0.01649	0.02479	0.05389	0.02094	0.01867	0.01250	0.01819	0.01036	0.01218	0.00737	0.00555	0.00551	0.00182	0.00869	0.00427	0.00248	0.00850
29	0.01579	0.01077	0.01566	0.20207	0.08384	0.02504	0.04984	0.02054	0.11348	0.22179	0.09337	0.05996	0.01751	0.00780	0.00656	0.00191	0.03458	0.00674	0.00488	0.00789
30	0.01514	0.01283	0.01353	0.01197	0.01538	0.01478	0.00937	0.09368	0.68497	0.02542	0.02281	0.02101	0.01706	0.00781	0.00591	0.00195	0.00476	0.00646	0.00591	0.00927
31	0.01439	0.01382	0.02360	0.03569	0.75936	0.01382	0.01785	0.01785	0.01324	0.01900	0.01094	0.01439	0.00921	0.00518	0.00576	0.00173	0.00691	0.00518	0.00288	0.00921
32	0.01438	0.01538	0.03321	0.02376	0.02956	0.01438	0.69940	0.01914	0.01388	0.05826	0.01236	0.01590	0.00912	0.00502	0.00681	0.00195	0.00955	0.00681	0.00317	0.00795
33	0.01106	0.01100	0.05413	0.06748	0.06531	0.01228	0.01174	0.01371	0.03228	0.01591	0.01896	0.10887	0.04879	0.01169	0.01177	0.00238	0.31199	0.18061	0.00376	0.00628
34	0.01166	0.03008	0.76550	0.01657	0.02517	0.01351	0.02149	0.01842	0.01228	0.01842	0.01044	0.01228	0.00737	0.00552	0.00552	0.00184	0.00859	0.00430	0.00246	0.00859
35	0.01875	0.01313	0.01585	0.01299	0.01574	0.10257	0.05282	0.08123	0.01436	0.27768	0.01507	0.01724	0.01144	0.04827	0.07267	0.00276	0.20943	0.00556	0.00462	0.00780
36	0.01783	0.01609	0.12550	0.01885	0.06277	0.01329	0.31586	0.11357	0.01602	0.21830	0.01478	0.01602	0.01026	0.00588	0.00622	0.00186	0.00776	0.00595	0.00437	0.00882
37	0.02238	0.01056	0.01346	0.01088	0.01489	0.01008	0.00900	0.12942	0.07088	0.50339	0.03558	0.02491	0.01695	0.00835	0.00612	0.00191	0.00514	0.09020	0.00667	0.00923
38	0.01379	0.01447	0.07231	0.12583	0.62227	0.01369	0.01788	0.01752	0.01298	0.01845	0.01083	0.01439	0.00891	0.00528	0.00575	0.00176	0.00712	0.00512	0.00281	0.00883
39	0.01077	0.00857	0.01287	0.41694	0.02556	0.00952	0.01110	0.01375	0.01311	0.07582	0.12802	0.02992	0.20310	0.00901	0.00623	0.00192	0.00562	0.00776	0.00419	0.00621
40	0.02040	0.01171	0.01769	0.02104	0.32579	0.01116	0.01248	0.02414	0.06598	0.40128	0.01798	0.01767	0.01246	0.00640	0.00581	0.00178	0.00574	0.00562	0.00531	0.00956
41	0.01162	0.02876	0.71563	0.06758	0.02616	0.01347	0.02113	0.01818	0.01223	0.01818	0.01043	0.01249	0.00739	0.00554	0.00554	0.00185	0.00854	0.00436	0.00246	0.00845
42	0.01399	0.01501	0.01229	0.01178	0.01362	0.31310	0.02171	0.01576	0.01295	0.01438	0.01614	0.02785	0.01606	0.11129	0.21649	0.00435	0.01029	0.14371	0.00355	0.00569
43	0.01353	0.25325	0.46002	0.06531	0.02261	0.01599	0.01706	0.01841	0.01233	0.05644	0.01041	0.01203	0.00779	0.00547	0.00504	0.00167	0.00765	0.00409	0.00273	0.00819
44	0.02589	0.00994	0.01349	0.01037	0.01485	0.00865	0.00856	0.02839	0.02955	0.75035	0.02295	0.01983	0.01445	0.00721	0.00585	0.00180	0.00494	0.00586	0.00717	0.00988
45	0.00851	0.00654	0.00928	0.02386	0.01099	0.00723	0.00766	0.01029	0.01084	0.01487	0.02397	0.31116	0.02648	0.02504	0.25534	0.00469	0.07525	0.15846	0.00435	0.00518
46	0.01376	0.01241	0.06263	0.01128	0.01423	0.05057	0.00948	0.21741	0.10054	0.02276	0.10614	0.02142	0.01771	0.02095	0.28659	0.00456	0.00946	0.00626	0.00454	0.00730
47	0.01412	0.01458	0.02798	0.03113	0.46158	0.01418	0.31212	0.01817	0.01344	0.01885	0.01128	0.01492	0.00905	0.00507	0.00621	0.00182	0.00809	0.00587	0.00290	0.00865
48	0.01585	0.01590	0.07906	0.02128	0.02707	0.01402	0.54082	0.06994	0.01497	0.12114	0.01335	0.01590	0.00956	0.00540	0.00656	0.00192	0.00883	0.00644	0.00369	0.00831
49	0.00893	0.00723	0.01181	0.01116	0.01272	0.00746	0.09691	0.01128	0.01137	0.01559	0.04776	0.19539	0.02435	0.02651	0.32702	0.00528	0.00966	0.15997	0.00417	0.00546
50	0.01275	0.02254	0.46118	0.18719	0.06321	0.01315	0.07122	0.01828	0.01258	0.06734	0.01137	0.01384	0.00811	0.00564	0.00572	0.00186	0.00817	0.00482	0.00286	0.00818
51	0.01003	0.00759	0.01012	0.00894	0.01122	0.00697	0.06972	0.06103	0.01464	0.06754	0.15795	0.17141	0.35438	0.01298	0.00682	0.00198	0.00395	0.01134	0.00549	0.00590
52	0.01196	0.01318	0.06337	0.06903	0.02379	0.01194	0.40084	0.01699	0.05941	0.01988	0.20290	0.02426	0.02163	0.00726	0.00669	0.00194	0.00736	0.02633	0.00402	0.00721
53	0.01470	0.01445	0.01702	0.53403	0.03277	0.18120	0.01441	0.05205	0.01372	0.05560	0.01088	0.01455	0.00815	0.00598	0.00569	0.00182	0.00814	0.00489	0.00308	0.00687
54	0.01022	0.00644	0.00786	0.00728	0.00925	0.00567	0.00553	0.01234	0.01506	0.12509	0.36438	0.08439	0.29932	0.01258	0.00675	0.00190	0.00316	0.01080	0.00610	0.00587
55	0.05740	0.02029	0.27579	0.02022	0.02681	0.01444	0.41164	0.06657	0.01395	0.02016	0.01127	0.01410	0.00827	0.00527	0.00617	0.00190	0.00889	0.00570	0.00301	0.00815
56	0.01534	0.01282	0.02163	0.12320	0.54188	0.01294	0.03766	0.01872	0.01349	0.11236	0.01277	0.01619	0.01012	0.00570	0.00585	0.00179	0.00682	0.01844	0.00343	0.00885
57	0.01177	0.02931	0.72659	0.01700	0.02545	0.01357	0.05963	0.01843	0.01235	0.01843	0.01051	0.01246	0.00744	0.00549	0.00560	0.00185	0.00866	0.00443	0.00248	0.00855
58	0.61443	0.01222	0.06003	0.00880	0.01292	0.01215	0.00777	0.01950	0.01145	0.17773	0.01132	0.01177	0.00804	0.00578	0.00419	0.00180	0.00486	0.00378	0.00427	0.00719
59	0.01285	0.06853	0.66966	0.01589	0.02394	0.03625	0.01997	0.01898	0.01259	0.05362	0.01087	0.01243	0.00771	0.00559	0.00544	0.00180	0.00835	0.00429	0.00270	0.00854
60	0.01236	0.02916	0.71563	0.01636	0.02469	0.01381	0.02079	0.06652	0.01328	0.01963	0.01067	0.01239	0.00753	0.00562	0.00554	0.00184	0.00845	0.00436	0.00268	0.00868
61	0.02081	0.01106	0.01493	0.21413	0.03549	0.03554	0.01094	0.04825	0.06688	0.45222	0.01870	0.01820	0.01241	0.00680	0.00582	0.00183	0.00593	0.00562	0.00563	0.00883
62	0.01172	0.01073	0.01744	0.73043	0.03858	0.01326	0.01581	0.06320	0.01268	0.01631	0.01058	0.01540	0.00789	0.00589	0.00581	0.00193	0.00766	0.00517	0.00280	0.00669
63	0.01417	0.01358	0.02319	0.08543	0.71140	0.01376	0.01773	0.01765	0.01313	0.01872	0.01090	0.01447	0.00911	0.00522	0.00576	0.00174	0.00696	0.00518	0.00286	0.00903
64	0.01545	0.01456	0.01360	0.01226	0.01551	0.11752	0.00948	0.02986	0.64926	0.02295	0.02167	0.02017	0.01636	0.00763	0.00583	0.00191	0.00540	0.00619	0.00552	0.00887
65	0.00740	0.00528	0.00710	0.00845	0.00893	0.00499	0.00594	0.00863	0.01144	0.01519	0.03188	0.69308	0.03778	0.01793	0.00751	0.00240	0.00364	0.11222	0.00539	0.00481
66	0.01243	0.18231	0.62000	0.01526	0.02314	0.01539	0.01920	0.01822	0.01219	0.01748	0.00997	0.01169	0.00739	0.00542	0.00517	0.00172	0.00812	0.00406	0.00246	0.00837
67	0.01891	0.01665	0.22692	0.10965	0.07088	0.01195	0.01405	0.10648	0.01582	0.32618	0.01601	0.01610	0.01072	0.00640	0.00574	0.00182	0.00662	0.00521	0.00484	0.00906
68	0.01323	0.01951	0.23892	0.02366	0.11919	0.01426	0.44717	0.01847	0.01326	0.01861	0.01129	0.01457	0.00846	0.00511	0.00635	0.00190	0.00910	0.00593	0.00280	0.00822
69	0.01588	0.01337	0.01498	0.01273	0.01641	0.01516	0.04436	0.16539	0.57631	0.02640	0.02125	0.01994	0.01583	0.00757	0.00594	0.00193	0.00519	0.00633	0.00576	0.00927
70	0.01242	0.01790	0.21859	0.23570	0.03176	0.01389	0.34957	0.01751	0.01276	0.01751	0.01102	0.01475	0.00815	0.00532	0.00622	0.00192	0.00891	0.00572	0.00272	0.00765
71	0.01225	0.01242	0.02090	0.01674	0.01854	0.01507	0.21598	0.01461	0.01031	0.01513	0.01026	0.01585	0.00940	0.04214	0.11754	0.00341	0.43429	0.00587	0.00277	0.00652
72	0.01471	0.14291	0.30567	0.01533	0.02029	0.17717	0.04997	0.01839	0.01248	0.01591	0.00926	0.01170	0.00753	0.00646	0.00804	0.00183	0.16792	0.00428	0.00262	0.00753
73	0.01268	0.01325	0.02605	0.33789	0.12370	0.01386	0.35240	0.01698	0.01280	0.01712	0.01107	0.01545	0.00843	0.00531	0.00630	0.00192	0.00860	0.00596	0.00279	0.00744
74	0.01388	0.06948	0.02318	0.25188	0.02744	0.01452	0.24253	0.01725	0.01223	0.08786	0.01150	0.01523	0.00888	0.00745	0.02989	0.00220	0.14857	0.00564	0.00314	0.00725
75	0.01149	0.01117	0.01740	0.74505	0.03900	0.04917	0.01592	0.01526	0.01186	0.01483	0.01027	0.01526	0.00774	0.00582	0.00579	0.00192	0.00788	0.00510	0.00260	0.00647
76	0.02378	0.01375	0.10706	0.01158	0.01652	0.04637	0.01047	0.08244	0.01693	0.57862	0.02003	0.01796	0.01284	0.00692	0.00578	0.00179	0.00578	0.00551	0.00630	0.00958
77	0.01307	0.13108	0.35786	0.01897	0.02592	0.01533	0.31921	0.01836	0.01282	0.01785	0.01066	0.01329	0.00799	0.00519	0.00583	0.00181	0.00877	0.00520	0.00266	0.00812
78	0.00852	0.00654	0.00975	0.00963	0.01062	0.00777	0.00753	0.01056	0.00932	0.01352	0.01520	0.02236	0.01421	0.04202	0.73661	0.00902	0.05231	0.00618	0.00309	0.00525
79	0.01439	0.01369	0.02665	0.12790	0.22467	0.01346	0.36469	0.01848	0.01354	0.07869	0.01290	0.01732	0.01006	0.00566	0.00638	0.00191	0.00821	0.02998	0.00330	0.00811
80	0.01555	0.79913	0.03047	0.00995	0.01493	0.02301	0.00995	0.01741	0.01182	0.01368	0.00808	0.00933	0.00746	0.00498	0.00373	0.00124	0.00622	0.00311	0.00249	0.00746
81	0.01345	0.01781	0.14831	0.02407	0.08241	0.01445	0.57351	0.01854	0.01346	0.01862	0.01150	0.01506	0.00862	0.00502	0.00657	0.00193	0.00940	0.00634	0.00286	0.00806
82	0.00708	0.00507	0.00673	0.00806	0.00842	0.00473	0.00538	0.00810	0.01117	0.01486	0.03250	0.77960	0.05041	0.01816	0.00741	0.00236	0.00337	0.01646	0.00540	0.00473
83	0.01354	0.16979	0.31565	0.02330	0.32983	0.01545	0.01777	0.01799	0.01259	0.01776	0.01020	0.01260	0.00816	0.00528	0.00528	0.00168	0.00744	0.00444	0.00264	0.00864
84	0.01098	0.01034	0.01744	0.78165	0.04005	0.01292	0.01615	0.01486	0.01163	0.01486	0.01034	0.01550	0.00775	0.00581	0.00581	0.00194	0.00775	0.00517	0.00258	0.00646
85	0.01439	0.01382	0.02360	0.03569	0.75936	0.01382	0.01785	0.01785	0.01324	0.01900	0.01094	0.01439	0.00921	0.00518	0.00576	0.00173	0.00691	0.00518	0.00288	0.00921
86	0.01255	0.01300	0.02525	0.37308	0.12509	0.01378	0.31792	0.01680	0.01270	0.01694	0.01101	0.01544	0.00838	0.00535	0.00624	0.00192	0.00850	0.00588	0.00277	0.00738
87	0.00972	0.00807	0.01432	0.01247	0.01438	0.00823	0.16896	0.01174	0.01076	0.01479	0.01777	0.12067	0.01780	0.02556	0.31871	0.11779	0.01019	0.08917	0.00354	0.00538
88	0.05709	0.00874	0.01114	0.00916	0.01232	0.00812	0.00733	0.06801	0.01696	0.37141	0.32716	0.02876	0.03057	0.00905	0.00616	0.00181	0.00410	0.00762	0.00660	0.00789
89	0.01541	0.77222	0.05619	0.01018	0.01528	0.02268	0.01035	0.01745	0.01183	0.01385	0.00817	0.00943	0.00746	0.00499	0.00379	0.00126	0.00630	0.00315	0.00249	0.00750
90	0.01272	0.01354	0.02812	0.02196	0.06500	0.01281	0.53824	0.01699	0.01355	0.01829	0.01598	0.05209	0.01448	0.00747	0.00704	0.00210	0.00859	0.14023	0.00347	0.00734
91	0.00860	0.00631	0.00932	0.00933	0.01055	0.00579	0.06731	0.01006	0.01189	0.05387	0.03309	0.59828	0.12086	0.01611	0.00723	0.00225	0.00395	0.01465	0.00528	0.00528
92	0.02220	0.01887	0.04365	0.01428	0.01846	0.33297	0.10049	0.02462	0.01606	0.32779	0.01521	0.01508	0.01053	0.00634	0.00571	0.00169	0.00802	0.00503	0.00473	0.00826
93	0.02575	0.00983	0.01342	0.01033	0.01476	0.00852	0.00852	0.02800	0.01650	0.74900	0.02280	0.01985	0.01440	0.00790	0.02056	0.00194	0.00515	0.00586	0.00712	0.00981
94	0.01358	0.01668	0.08500	0.02396	0.03003	0.01462	0.68855	0.01861	0.01363	0.01861	0.01167	0.01545	0.00872	0.00495	0.00677	0.00195	0.00972	0.00668	0.00291	0.00790
95	0.01381	0.01322	0.02255	0.16342	0.63619	0.01366	0.01756	0.01734	0.01296	0.01829	0.01084	0.01458	0.00896	0.00529	0.00577	0.00176	0.00705	0.00518	0.00283	0.00874
96	0.00950	0.01059	0.10619	0.01229	0.01468	0.00929	0.09696	0.01230	0.01045	0.01494	0.01619	0.12457	0.01576	0.02856	0.43132	0.00613	0.06365	0.00739	0.00329	0.00595
97	0.00908	0.00661	0.00920	0.06324	0.01278	0.00675	0.00857	0.01128	0.01232	0.01609	0.02783	0.14545	0.03061	0.12162	0.01074	0.00299	0.00532	0.48950	0.00492	0.00511
98	0.01390	0.01449	0.02820	0.07025	0.38587	0.01418	0.34902	0.01805	0.01338	0.01861	0.01129	0.01505	0.00896	0.00509	0.00627	0.00185	0.00828	0.00595	0.00289	0.00844
99	0.01191	0.10154	0.65723	0.01565	0.02353	0.01405	0.01977	0.01799	0.01229	0.01792	0.01126	0.01474	0.00872	0.00601	0.00548	0.00183	0.00820	0.04094	0.00261	0.00832
100	0.01367	0.02192	0.37072	0.01982	0.02685	0.01370	0.35410	0.01923	0.01327	0.07251	0.01196	0.01441	0.00855	0.00536	0.00617	0.00189	0.00889	0.00560	0.00303	0.00834
101	0.07340	0.02387	0.47380	0.01689	0.02409	0.01383	0.15651	0.07727	0.01381	0.05606	0.01140	0.01322	0.00811	0.00559	0.00568	0.00185	0.00818	0.00486	0.00313	0.00845
102	0.00754	0.00555	0.00768	0.05989	0.01085	0.00544	0.00645	0.00888	0.01136	0.01506	0.03050	0.67861	0.03599	0.01721	0.00737	0.00236	0.00383	0.07533	0.00521	0.00489
103	0.01394	0.01370	0.02438	0.11340	0.58558	0.01384	0.11393	0.01763	0.01313	0.01851	0.01098	0.01468	0.00900	0.00521	0.00591	0.00178	0.00738	0.00540	0.00286	0.00874
104	0.01396	0.01338	0.02283	0.12946	0.66893	0.01370	0.01763	0.01747	0.01304	0.01848	0.01086	0.01453	0.00903	0.00526	0.00576	0.00175	0.00701	0.00518	0.00284	0.00887
105	0.01455	0.01530	0.03293	0.02357	0.02936	0.01430	0.68959	0.01927	0.01392	0.06828	0.01251	0.01596	0.00919	0.00505	0.00680	0.00195	0.00948	0.00680	0.00322	0.00798
106	0.01176	0.02939	0.73059	0.01695	0.02542	0.01356	0.05571	0.01843	0.01235	0.01843	0.01050	0.01244	0.00744	0.00550	0.00559	0.00185	0.00865	0.00442	0.00248	0.00856
107	0.05557	0.02908	0.72521	0.01610	0.02443	0.01348	0.02068	0.01835	0.01215	0.01882	0.01031	0.01213	0.00731	0.00552	0.00542	0.00184	0.00838	0.00424	0.00252	0.00847
108	0.07053	0.00797	0.01037	0.01005	0.01221	0.00794	0.04261	0.06098	0.01382	0.05691	0.03169	0.08699	0.18030	0.01544	0.06011	0.00277	0.00565	0.31263	0.00509	0.00594
109	0.00876	0.00576	0.00753	0.00782	0.00892	0.00528	0.00558	0.01054	0.01365	0.06723	0.30881	0.41285	0.08547	0.01488	0.00707	0.00210	0.00321	0.01329	0.00590	0.00536
110	0.03267	0.01244	0.09470	0.06303	0.01772	0.03602	0.04895	0.02300	0.01490	0.46387	0.02058	0.11360	0.01552	0.00810	0.00600	0.00188	0.00578	0.00690	0.00573	0.00861
111	0.01152	0.01088	0.01841	0.66500	0.15253	0.01306	0.01642	0.01533	0.01188	0.01551	0.01043	0.01533	0.00798	0.00572	0.00581	0.00191	0.00762	0.00517	0.00263	0.00689
112	0.01432	0.01541	0.03332	0.02383	0.02965	0.01441	0.70340	0.01909	0.01386	0.05418	0.01230	0.01588	0.00909	0.00501	0.00681	0.00195	0.00957	0.00681	0.00314	0.00794
113	0.01166	0.03008	0.76550	0.01657	0.02517	0.01351	0.02149	0.01842	0.01228	0.01842	0.01044	0.01228	0.00737	0.00552	0.00552	0.00184	0.00859	0.00430	0.00246	0.00859
114	0.02168	0.05537	0.11589	0.01482	0.10899	0.01101	0.03595	0.03847	0.01550	0.49390	0.01846	0.01732	0.01218	0.00653	0.00571	0.00177	0.00593	0.00544	0.00562	0.00944
115	0.01484	0.01033	0.01186	0.01050	0.01336	0.01069	0.00854	0.29688	0.01878	0.07957	0.02905	0.13149	0.15899	0.01187	0.00671	0.00207	0.00503	0.16646	0.00569	0.00730
116	0.01140	0.01076	0.01820	0.69024	0.12819	0.01303	0.01636	0.01522	0.01183	0.01537	0.01041	0.01537	0.00793	0.00574	0.00581	0.00191	0.00765	0.00517	0.00262	0.00680
117	0.01098	0.01034	0.01744	0.78165	0.04005	0.01292	0.01615	0.01486	0.01163	0.01486	0.01034	0.01550	0.00775	0.00581	0.00581	0.00194	0.00775	0.00517	0.00258	0.00646
118	0.01408	0.01467	0.06225	0.06000	0.64365	0.01383	0.07019	0.01783	0.01317	0.01880	0.01095	0.01442	0.00904	0.00520	0.00583	0.00176	0.00723	0.00526	0.00285	0.00898
119	0.01446	0.01249	0.01315	0.01183	0.01512	0.01446	0.00920	0.03090	0.74885	0.02433	0.02367	0.02170	0.01775	0.00789	0.00592	0.00197	0.00460	0.00657	0.00592	0.00920
120	0.01175	0.00627	0.00844	0.00869	0.01006	0.00569	0.00624	0.01310	0.01252	0.19701	0.02981	0.59050	0.03251	0.01550	0.00705	0.00223	0.00379	0.02701	0.00584	0.00599
121	0.01336	0.20389	0.53299	0.01503	0.02249	0.01546	0.04397	0.01870	0.01245	0.05559	0.01059	0.01211	0.00780	0.00546	0.00518	0.00171	0.00791	0.00420	0.00272	0.00838
122	0.00862	0.00682	0.00990	0.00969	0.01065	0.00810	0.00758	0.01054	0.00960	0.01373	0.01794	0.05071	0.05886	0.03766	0.62480	0.00798	0.09144	0.00684	0.00327	0.00528
123	0.01166	0.03008	0.76550	0.01657	0.02517	0.01351	0.02149	0.01842	0.01228	0.01842	0.01044	0.01228	0.00737	0.00552	0.00552	0.00184	0.00859	0.00430	0.00246	0.00859
124	0.02609	0.00990	0.01350	0.01035	0.01484	0.00855	0.00855	0.02834	0.01664	0.76338	0.02294	0.01979	0.01439	0.00720	0.00585	0.00180	0.00495	0.00585	0.00720	0.00990
125	0.01329	0.09001	0.55882	0.01756	0.09454	0.01477	0.01915	0.09053	0.01384	0.01991	0.01065	0.01241	0.00781	0.00559	0.00543	0.00177	0.00802	0.00438	0.00284	0.00869
126	0.00709	0.00506	0.00675	0.00810	0.00843	0.00472	0.00540	0.00810	0.01113	0.01484	0.03205	0.79184	0.03846	0.01822	0.00742	0.00236	0.00337	0.01653	0.00540	0.00472
127	0.01139	0.01076	0.01819	0.69156	0.12692	0.01303	0.01635	0.01522	0.01182	0.01536	0.01041	0.01537	0.00793	0.00574	0.00581	0.00191	0.00765	0.00517	0.00262	0.00679
128	0.01421	0.01415	0.02469	0.01875	0.02342	0.01441	0.40542	0.05974	0.27727	0.02153	0.01704	0.02013	0.01325	0.00661	0.00653	0.00199	0.00756	0.04073	0.00427	0.00832
129	0.01376	0.01360	0.02444	0.14726	0.52926	0.01383	0.13691	0.01752	0.01308	0.01831	0.01098	0.01478	0.00893	0.00523	0.00595	0.00180	0.00752	0.00546	0.00284	0.00857
130	0.01489	0.01216	0.01304	0.01172	0.01500	0.01390	0.00918	0.03014	0.68664	0.06204	0.02387	0.02307	0.01811	0.00813	0.00598	0.00199	0.00465	0.03042	0.00596	0.00911
131	0.01186	0.06956	0.72776	0.01623	0.02464	0.01399	0.02089	0.01836	0.01225	0.01817	0.01032	0.01213	0.00737	0.00550	0.00543	0.00181	0.00847	0.00424	0.00246	0.00854
132	0.00770	0.00561	0.00738	0.00857	0.00938	0.00530	0.00639	0.00923	0.01201	0.01566	0.03484	0.50300	0.12110	0.01721	0.00753	0.00240	0.00388	0.21252	0.00539	0.00492
133	0.02594	0.01014	0.01364	0.01046	0.01497	0.00891	0.00864	0.05522	0.01705	0.73593	0.02260	0.01957	0.01422	0.00719	0.00585	0.00180	0.00500	0.00582	0.00715	0.00990
134	0.01327	0.01267	0.02157	0.28146	0.52237	0.01352	0.01729	0.01686	0.01271	0.01763	0.01074	0.01476	0.00873	0.00539	0.00578	0.00180	0.00719	0.00518	0.00278	0.00830
135	0.01253	0.00753	0.00957	0.00847	0.01070	0.00719	0.00655	0.01686	0.10623	0.17009	0.52121	0.03609	0.04230	0.01047	0.00654	0.00184	0.00341	0.00911	0.00650	0.00682
136	0.01949	0.01264	0.05406	0.08751	0.27647	0.01147	0.03755	0.04312	0.01502	0.35826	0.01645	0.01688	0.01136	0.00621	0.00583	0.00179	0.00625	0.00550	0.00489	0.00923
137	0.02609	0.00990	0.01350	0.01035	0.01484	0.00855	0.00855	0.02834	0.01664	0.76338	0.02294	0.01979	0.01439	0.00720	0.00585	0.00180	0.00495	0.00585	0.00720	0.00990
138	0.01174	0.02956	0.73920	0.01686	0.02536	0.01355	0.04726	0.01842	0.01233	0.01842	0.01048	0.01240	0.00742	0.00550	0.00557	0.00185	0.00864	0.00439	0.00247	0.00857
139	0.01667	0.01086	0.01252	0.01067	0.01398	0.01151	0.00844	0.09880	0.34449	0.20051	0.17935	0.02511	0.02410	0.00849	0.00609	0.00188	0.00447	0.00711	0.00631	0.00864
140	0.01231	0.13106	0.63283	0.01661	0.05887	0.01478	0.01979	0.01826	0.01226	0.01782	0.01015	0.01199	0.00747	0.00544	0.00530	0.00176	0.00820	0.00418	0.00248	0.00847
141	0.83671	0.01125	0.00855	0.00765	0.01125	0.01305	0.00630	0.01709	0.00990	0.02609	0.00810	0.00945	0.00630	0.00540	0.00360	0.00180	0.00450	0.00315	0.00360	0.00630
142	0.01151	0.01087	0.01839	0.66678	0.15082	0.01306	0.01641	0.01532	0.01188	0.01550	0.01043	0.01533	0.00798	0.00572	0.00581	0.00191	0.00762	0.00517	0.00263	0.00688
143	0.00687	0.00589	0.00589	0.00589	0.00785	0.00491	0.00442	0.00835	0.01325	0.01571	0.05891	0.05596	0.75700	0.01473	0.00687	0.00196	0.00295	0.01227	0.00540	0.00491
144	0.01343	0.01235	0.02113	0.14869	0.51324	0.01264	0.05043	0.01673	0.01290	0.03997	0.01339	0.09382	0.01209	0.00665	0.00599	0.00184	0.00676	0.00643	0.00322	0.00828
145	0.01373	0.01569	0.03431	0.02451	0.03039	0.01471	0.73824	0.01863	0.01373	0.01863	0.01176	0.01569	0.00882	0.00490	0.00686	0.00196	0.00980	0.00686	0.00294	0.00784
146	0.01166	0.03008	0.76550	0.01657	0.02517	0.01351	0.02149	0.01842	0.01228	0.01842	0.01044	0.01228	0.00737	0.00552	0.00552	0.00184	0.00859	0.00430	0.00246	0.00859
147	0.01098	0.01034	0.01744	0.78165	0.04005	0.01292	0.01615	0.01486	0.01163	0.01486	0.01034	0.01550	0.00775	0.00581	0.00581	0.00194	0.00775	0.00517	0.00258	0.00646
148	0.01084	0.01299	0.17177	0.01415	0.06562	0.00923	0.10812	0.01466	0.04775	0.05588	0.07501	0.34153	0.02497	0.01138	0.00664	0.00207	0.00566	0.01045	0.00447	0.00679
149	0.02172	0.02772	0.01648	0.01498	0.01798	0.77228	0.01124	0.02322	0.01648	0.01423	0.00899	0.01049	0.00749	0.00599	0.00524	0.00150	0.01049	0.00375	0.00300	0.00674
150	0.01272	0.01272	0.01781	0.01527	0.01527	0.01781	0.01272	0.01399	0.00891	0.01399	0.00763	0.01272	0.00763	0.01018	0.01908	0.00254	0.78499	0.00509	0.00254	0.00636
151	0.01555	0.79913	0.03047	0.00995	0.01493	0.02301	0.00995	0.01741	0.01182	0.01368	0.00808	0.00933	0.00746	0.00498	0.00373	0.00124	0.00622	0.00311	0.00249	0.00746
152	0.00709	0.00506	0.00675	0.00810	0.00843	0.00472	0.00540	0.00810	0.01113	0.01484	0.03205	0.79184	0.03846	0.01822	0.00742	0.00236	0.00337	0.01653	0.00540	0.00472
153	0.01082	0.00943	0.01274	0.10526	0.01530	0.01145	0.00961	0.01251	0.01126	0.05321	0.02775	0.08443	0.26202	0.01160	0.01183	0.00222	0.33027	0.00838	0.00395	0.00595
154	0.00832	0.00603	0.00768	0.00847	0.00932	0.00582	0.00602	0.05739	0.01286	0.01712	0.08234	0.59768	0.07422	0.01670	0.00729	0.00229	0.00365	0.06615	0.00549	0.00518
155	0.01300	0.05297	0.61522	0.01672	0.02464	0.01360	0.09230	0.01909	0.01271	0.06992	0.01136	0.01304	0.00800	0.00556	0.00562	0.00183	0.00838	0.00462	0.00283	0.00857
156	0.01306	0.02160	0.37367	0.02592	0.36313	0.01373	0.06950	0.01817	0.01282	0.01870	0.01076	0.01349	0.00832	0.00532	0.00572	0.00180	0.00790	0.00488	0.00268	0.00883
157	0.01755	0.02190	0.01107	0.00932	0.01219	0.00733	0.00741	0.01968	0.01524	0.40780	0.17156	0.17659	0.02829	0.01082	0.00646	0.00196	0.00425	0.05642	0.00648	0.00767
158	0.01294	0.01129	0.01881	0.51093	0.22659	0.01301	0.01598	0.01652	0.01230	0.06582	0.01125	0.01541	0.00857	0.00587	0.00621	0.00189	0.03100	0.00521	0.00297	0.00741
159	0.01056	0.00663	0.00917	0.00853	0.01027	0.00605	0.03049	0.01284	0.01491	0.12128	0.40588	0.21007	0.07939	0.01274	0.00689	0.00199	0.00353	0.03673	0.00608	0.00596
160	0.01309	0.01898	0.32516	0.32439	0.07967	0.01320	0.01768	0.05601	0.01317	0.06766	0.01145	0.01431	0.00825	0.00581	0.00569	0.00186	0.00778	0.00486	0.00303	0.00793
161	0.02583	0.01032	0.01376	0.01055	0.01506	0.00918	0.00871	0.07578	0.01736	0.71493	0.02234	0.01940	0.01409	0.00718	0.00585	0.00180	0.00504	0.00581	0.00711	0.00990
162	0.01540	0.01267	0.02042	0.02773	0.51915	0.01254	0.03623	0.03999	0.04931	0.11212	0.03878	0.01888	0.05765	0.00640	0.00591	0.00177	0.00626	0.00598	0.00391	0.00890
163	0.01166	0.03008	0.76550	0.01657	0.02517	0.01351	0.02149	0.01842	0.01228	0.01842	0.01044	0.01228	0.00737	0.00552	0.00552	0.00184	0.00859	0.00430	0.00246	0.00859
164	0.01045	0.01013	0.05231	0.06249	0.09013	0.03274	0.06169	0.03392	0.01119	0.01555	0.01496	0.07094	0.01392	0.02817	0.44344	0.00616	0.02580	0.00657	0.00323	0.00621
165	0.01140	0.01077	0.01820	0.68929	0.12912	0.01303	0.01636	0.01523	0.01183	0.01537	0.01041	0.01537	0.00793	0.00574	0.00581	0.00191	0.00765	0.00517	0.00262	0.00680
166	0.01312	0.27974	0.47561	0.01410	0.02116	0.01667	0.01690	0.01892	0.06123	0.01727	0.01055	0.01194	0.00809	0.00550	0.00497	0.00166	0.00755	0.00406	0.00270	0.00827
167	0.01590	0.01217	0.01319	0.01165	0.01509	0.01373	0.00912	0.03058	0.65818	0.11584	0.02358	0.02146	0.01734	0.00780	0.00591	0.00195	0.00465	0.00648	0.00608	0.00929
168	0.00817	0.00591	0.00775	0.00761	0.00889	0.00549	0.00574	0.01072	0.01565	0.02190	0.61854	0.11944	0.06518	0.01287	0.00700	0.00195	0.00300	0.06259	0.00621	0.00539
169	0.00779	0.00569	0.00748	0.00866	0.00952	0.00538	0.00655	0.00940	0.01212	0.01577	0.03497	0.46778	0.12583	0.01710	0.00755	0.00241	0.00396	0.24170	0.00538	0.00495
170	0.01261	0.03723	0.50066	0.02219	0.22313	0.01383	0.07227	0.01826	0.01263	0.01851	0.01063	0.01305	0.00797	0.00538	0.00566	0.00181	0.00819	0.00470	0.00261	0.00869
171	0.42138	0.01208	0.01202	0.00975	0.01385	0.01301	0.00805	0.19301	0.01590	0.22920	0.01354	0.01334	0.00936	0.00627	0.00474	0.00179	0.00508	0.00438	0.00511	0.00814
172	0.00719	0.00590	0.00634	0.00623	0.00805	0.00505	0.00467	0.00897	0.01401	0.01751	0.22391	0.05300	0.59087	0.01406	0.00687	0.00193	0.00290	0.01186	0.00564	0.00505
173	0.01507	0.01499	0.06734	0.03108	0.56655	0.01398	0.09203	0.06529	0.01427	0.04612	0.01161	0.01456	0.00929	0.00536	0.00587	0.00176	0.00721	0.00533	0.00320	0.00910
174	0.01044	0.31728	0.01610	0.00881	0.01099	0.01193	0.00719	0.01184	0.01154	0.01461	0.04172	0.46446	0.02671	0.01284	0.00596	0.00191	0.00448	0.01110	0.00428	0.00582
175	0.27585	0.01064	0.01217	0.00967	0.01390	0.01042	0.00798	0.06141	0.01511	0.49872	0.01790	0.01630	0.01167	0.00663	0.00515	0.00180	0.00488	0.00498	0.00602	0.00879
176	0.55156	0.01179	0.01047	0.00924	0.01278	0.01347	0.00758	0.11937	0.11290	0.02669	0.01267	0.01581	0.01032	0.00673	0.00454	0.00188	0.00484	0.05588	0.00435	0.00712
177	0.01658	0.06062	0.14829	0.01921	0.19607	0.20575	0.01413	0.09087	0.15343	0.02011	0.01290	0.01411	0.01004	0.00612	0.00552	0.00171	0.00758	0.00483	0.00367	0.00846
178	0.01217	0.01170	0.06471	0.01199	0.01504	0.01149	0.04696	0.02243	0.40842	0.02094	0.02569	0.10957	0.04777	0.01054	0.00656	0.00215	0.00512	0.15374	0.00534	0.00770
179	0.00886	0.00593	0.00742	0.00746	0.00883	0.00534	0.00541	0.01068	0.01390	0.07234	0.30328	0.28797	0.19685	0.02928	0.00741	0.00210	0.00321	0.01247	0.00586	0.00540
180	0.79411	0.01093	0.00845	0.00767	0.01110	0.01262	0.00625	0.01663	0.00996	0.02551	0.00933	0.04961	0.00795	0.00606	0.00380	0.00183	0.00444	0.00384	0.00369	0.00622
181	0.01633	0.01941	0.23451	0.01709	0.12445	0.05100	0.01455	0.20696	0.18652	0.04860	0.01480	0.01534	0.01091	0.00647	0.00572	0.00181	0.00684	0.00521	0.00436	0.00911
182	0.83671	0.01125	0.00855	0.00765	0.01125	0.01305	0.00630	0.01709	0.00990	0.02609	0.00810	0.00945	0.00630	0.00540	0.00360	0.00180	0.00450	0.00315	0.00360	0.00630
183	0.00740	0.00556	0.00682	0.00725	0.00832	0.00502	0.00513	0.00904	0.01325	0.01756	0.25712	0.35824	0.23263	0.02978	0.00752	0.00216	0.00311	0.01345	0.00567	0.00498
184	0.01475	0.01194	0.01744	0.01639	0.09237	0.06569	0.15543	0.08039	0.01528	0.11046	0.02151	0.03620	0.03322	0.01011	0.00689	0.00215	0.00677	0.29101	0.00472	0.00728
185	0.02044	0.10610	0.06879	0.01232	0.01676	0.13131	0.01065	0.17302	0.14049	0.23664	0.01649	0.01575	0.01168	0.00671	0.00550	0.00171	0.00644	0.00510	0.00518	0.00892
186	0.00842	0.00580	0.00716	0.00716	0.00745	0.00608	0.00455	0.00898	0.00870	0.01188	0.01757	0.03390	0.01934	0.59038	0.23239	0.00665	0.00835	0.00785	0.00341	0.00398
187	0.00746	0.00538	0.00702	0.00773	0.00844	0.00499	0.00534	0.00900	0.01277	0.01738	0.25470	0.51674	0.06818	0.03665	0.00781	0.00227	0.00323	0.01433	0.00566	0.00493
188	0.21391	0.24999	0.01784	0.01053	0.01454	0.04359	0.00900	0.09936	0.24587	0.02252	0.01367	0.01380	0.01069	0.00625	0.00467	0.00167	0.00546	0.00446	0.00421	0.00797
189	0.01555	0.79913	0.03047	0.00995	0.01493	0.02301	0.00995	0.01741	0.01182	0.01368	0.00808	0.00933	0.00746	0.00498	0.00373	0.00124	0.00622	0.00311	0.00249	0.00746
190	0.06435	0.01364	0.01961	0.06198	0.43451	0.01449	0.01450	0.13093	0.14569	0.02288	0.01346	0.01538	0.01059	0.00598	0.00567	0.00179	0.00632	0.00532	0.00390	0.00901
191	0.01246	0.12128	0.65319	0.01573	0.02371	0.04003	0.01977	0.01846	0.01236	0.01771	0.01011	0.01187	0.00738	0.00548	0.00530	0.00176	0.00838	0.00414	0.00248	0.00840
192	0.01398	0.01340	0.02286	0.12570	0.67256	0.01371	0.01764	0.01749	0.01305	0.01850	0.01087	0.01453	0.00904	0.00526	0.00576	0.00175	0.00701	0.00518	0.00284	0.00888
193	0.00721	0.00515	0.00689	0.00824	0.00863	0.00483	0.00561	0.00831	0.01125	0.01498	0.03198	0.75318	0.03820	0.01810	0.00745	0.00238	0.00348	0.05398	0.00540	0.00476
194	0.01361	0.01170	0.01501	0.31449	0.02491	0.01376	0.01195	0.10800	0.33363	0.02157	0.01771	0.05933	0.01398	0.00751	0.00594	0.00195	0.00599	0.00639	0.00457	0.00797
195	0.02307	0.01884	0.01523	0.01285	0.01661	0.36097	0.01006	0.09421	0.05709	0.30950	0.01571	0.01506	0.01097	0.00666	0.00557	0.00166	0.00762	0.00486	0.00506	0.00841
196	0.01620	0.01211	0.01320	0.01161	0.01508	0.01358	0.00911	0.03052	0.63983	0.13437	0.02356	0.02141	0.01725	0.00779	0.00591	0.00195	0.00465	0.00647	0.00611	0.00931
197	0.01739	0.00825	0.01089	0.00905	0.01207	0.00748	0.00720	0.02062	0.05553	0.38908	0.35491	0.03060	0.03289	0.00936	0.00631	0.00182	0.00393	0.00800	0.00677	0.00786
198	0.01104	0.00665	0.00834	0.00809	0.00953	0.00630	0.00584	0.01334	0.05206	0.13174	0.18380	0.22374	0.08109	0.18120	0.01174	0.00283	0.00411	0.04734	0.00551	0.00571
199	0.01703	0.01347	0.01448	0.01228	0.01592	0.01517	0.00985	0.31451	0.39403	0.02861	0.02042	0.04279	0.01610	0.00830	0.00605	0.00193	0.00534	0.04877	0.00583	0.00913
200	0.04997	0.00572	0.00698	0.00755	0.00851	0.00539	0.00529	0.00932	0.01261	0.01757	0.21558	0.44869	0.13363	0.03601	0.00760	0.00223	0.00328	0.01357	0.00551	0.00499
201	0.01794	0.01422	0.01511	0.01254	0.01645	0.01609	0.01005	0.35373	0.42035	0.02994	0.01925	0.01817	0.01417	0.00748	0.00587	0.00187	0.00542	0.00596	0.00587	0.00952
202	0.13115	0.00921	0.01160	0.00948	0.01313	0.00847	0.00764	0.02312	0.01511	0.51893	0.08387	0.10615	0.01940	0.00858	0.00581	0.00186	0.00453	0.00707	0.00645	0.00847
203	0.00891	0.00579	0.00736	0.00776	0.00893	0.00522	0.00551	0.01041	0.01293	0.08200	0.16207	0.46034	0.16984	0.01552	0.00709	0.00215	0.00332	0.01378	0.00573	0.00534
204	0.02609	0.00990	0.01350	0.01035	0.01484	0.00855	0.00855	0.02834	0.01664	0.76338	0.02294	0.01979	0.01439	0.00720	0.00585	0.00180	0.00495	0.00585	0.00720	0.00990
205	0.00990	0.00603	0.00787	0.00796	0.00926	0.00548	0.00573	0.01163	0.01362	0.11398	0.26010	0.39326	0.09011	0.02776	0.00738	0.00215	0.00339	0.01283	0.00591	0.00562
206	0.83671	0.01125	0.00855	0.00765	0.01125	0.01305	0.00630	0.01709	0.00990	0.02609	0.00810	0.00945	0.00630	0.00540	0.00360	0.00180	0.00450	0.00315	0.00360	0.00630
207	0.00728	0.00591	0.00646	0.00632	0.00811	0.00508	0.00474	0.00914	0.01422	0.01801	0.26946	0.05218	0.54501	0.01387	0.00687	0.00192	0.00288	0.01174	0.00570	0.00508
208	0.00831	0.00623	0.00935	0.00935	0.01038	0.00727	0.00727	0.01038	0.00935	0.01350	0.01558	0.02285	0.01454	0.04361	0.77259	0.00935	0.01558	0.00623	0.00312	0.00519
209	0.01712	0.01242	0.01362	0.01174	0.01535	0.01382	0.00927	0.09816	0.55870	0.14791	0.02262	0.02064	0.01645	0.00769	0.00590	0.00192	0.00483	0.00633	0.00612	0.00938
210	0.02576	0.00997	0.01349	0.01039	0.01485	0.00871	0.00857	0.02841	0.03717	0.74266	0.02296	0.01985	0.01449	0.00722	0.00585	0.00180	0.00494	0.00587	0.00716	0.00988
211	0.01383	0.01324	0.02259	0.15860	0.64084	0.01367	0.01757	0.01735	0.01298	0.01832	0.01084	0.01458	0.00897	0.00529	0.00577	0.00176	0.00705	0.00518	0.00283	0.00876
212	0.01121	0.00907	0.01034	0.00947	0.01176	0.00978	0.00726	0.02049	0.36635	0.02380	0.40629	0.03305	0.03714	0.00998	0.00641	0.00190	0.00363	0.00863	0.00617	0.00726
213	0.33603	0.01413	0.01378	0.01108	0.01525	0.01591	0.00912	0.42172	0.06060	0.03189	0.01224	0.01265	0.00894	0.00642	0.00497	0.00178	0.00557	0.00450	0.00497	0.00847
214	0.01446	0.01138	0.01221	0.01091	0.01412	0.01267	0.00851	0.02765	0.58614	0.08786	0.02833	0.02612	0.11656	0.00875	0.00604	0.00196	0.00441	0.00727	0.00596	0.00869
215	0.55675	0.01345	0.01156	0.02151	0.01391	0.05168	0.00802	0.21905	0.01511	0.02828	0.00981	0.01085	0.00738	0.00588	0.00433	0.00177	0.00537	0.00379	0.00417	0.00732
216	0.00797	0.00593	0.00742	0.00705	0.00853	0.00538	0.00529	0.01048	0.01586	0.02189	0.62488	0.04580	0.18718	0.01242	0.00686	0.00185	0.00278	0.01085	0.00621	0.00538
217	0.05155	0.01011	0.01276	0.01038	0.01431	0.00961	0.00837	0.02698	0.16178	0.53547	0.02321	0.07576	0.01652	0.00807	0.00589	0.00187	0.00475	0.00667	0.00668	0.00925
218	0.83671	0.01125	0.00855	0.00765	0.01125	0.01305	0.00630	0.01709	0.00990	0.02609	0.00810	0.00945	0.00630	0.00540	0.00360	0.00180	0.00450	0.00315	0.00360	0.00630
219	0.01203	0.01140	0.01933	0.55280	0.26072	0.01320	0.01667	0.01577	0.01212	0.01613	0.01052	0.01516	0.00820	0.00562	0.00580	0.00187	0.00749	0.00517	0.00267	0.00730
220	0.00837	0.00599	0.00811	0.00811	0.00872	0.00660	0.00573	0.00959	0.00898	0.01258	0.01671	0.02911	0.01726	0.35326	0.46666	0.00782	0.01148	0.00715	0.00328	0.00451
221	0.00705	0.00585	0.00617	0.00619	0.00799	0.00497	0.00460	0.00866	0.01354	0.01661	0.14466	0.09356	0.63098	0.01456	0.00690	0.00197	0.00294	0.01228	0.00553	0.00497
222	0.01166	0.03008	0.76550	0.01657	0.02517	0.01351	0.02149	0.01842	0.01228	0.01842	0.01044	0.01228	0.00737	0.00552	0.00552	0.00184	0.00859	0.00430	0.00246	0.00859
223	0.02535	0.01032	0.01415	0.01175	0.05318	0.00914	0.00911	0.05198	0.01683	0.70047	0.02202	0.01932	0.01398	0.00709	0.00584	0.00179	0.00510	0.00579	0.00693	0.00986
224	0.01185	0.01172	0.01739	0.68673	0.03718	0.06821	0.01562	0.01542	0.01184	0.01477	0.01010	0.01500	0.00773	0.00605	0.00645	0.00194	0.04785	0.00506	0.00261	0.00648
225	0.00751	0.00536	0.00724	0.00858	0.00911	0.00509	0.00614	0.00883	0.01155	0.01532	0.03182	0.65683	0.03753	0.01782	0.00754	0.00242	0.00374	0.14735	0.00539	0.00484
226	0.82106	0.01134	0.00872	0.00776	0.01138	0.01314	0.00639	0.03098	0.01023	0.02629	0.00821	0.00953	0.00637	0.00543	0.00364	0.00180	0.00453	0.00319	0.00364	0.00637
227	0.01439	0.01382	0.02360	0.03569	0.75936	0.01382	0.01785	0.01785	0.01324	0.01900	0.01094	0.01439	0.00921	0.00518	0.00576	0.00173	0.00691	0.00518	0.00288	0.00921
228	0.01206	0.01034	0.01206	0.00861	0.01378	0.00775	0.00689	0.01464	0.01206	0.01895	0.01034	0.01206	0.00861	0.00431	0.00431	0.00086	0.00431	0.00345	0.00345	0.83118
229	0.02160	0.01604	0.01717	0.01328	0.01784	0.01780	0.01093	0.69269	0.07544	0.03583	0.01461	0.01448	0.01041	0.00704	0.00582	0.00176	0.00628	0.00532	0.00582	0.00984
230	0.00709	0.00506	0.00675	0.00810	0.00843	0.00472	0.00540	0.00810	0.01113	0.01484	0.03205	0.79184	0.03846	0.01822	0.00742	0.00236	0.00337	0.01653	0.00540	0.00472
231	0.00823	0.00594	0.00777	0.00732	0.00869	0.00549	0.00549	0.01097	0.01646	0.02332	0.75629	0.04344	0.05487	0.01189	0.00686	0.00183	0.00274	0.01052	0.00640	0.00549
232	0.01098	0.01034	0.01744	0.78165	0.04005	0.01292	0.01615	0.01486	0.01163	0.01486	0.01034	0.01550	0.00775	0.00581	0.00581	0.00194	0.00775	0.00517	0.00258	0.00646
233	0.01255	0.20628	0.59710	0.01506	0.02282	0.01568	0.01884	0.01819	0.01217	0.01733	0.00990	0.01160	0.00739	0.00540	0.00511	0.00170	0.00805	0.00403	0.00246	0.00833
234	0.01446	0.01249	0.01315	0.01183	0.01512	0.01446	0.00920	0.03090	0.74885	0.02433	0.02367	0.02170	0.01775	0.00789	0.00592	0.00197	0.00460	0.00657	0.00592	0.00920
