[name]
unknown

[dist]
# distance from previous block
# <min> <max>
0	178

[block]
# block no. 0 follows, 39 sequences, length 9
# corresponding to MSA columns:
# 194-202
name=unknown_A
#
# <colnr> <probs for GDERKNQSTAVLIFYWHMCP>
#	G	D	E	R	K	N	Q	S	T	A	V	L	I	F	Y	W	H	M	C	P
0	0.01372	0.07316	0.06630	0.01328	0.07989	0.01070	0.03488	0.01873	0.12520	0.12135	0.11882	0.09564	0.02386	0.00976	0.00634	0.00196	0.00527	0.12106	0.00508	0.05500
1	0.01664	0.01793	0.01554	0.13724	0.08141	0.32996	0.01125	0.06015	0.01543	0.01815	0.06564	0.01550	0.01218	0.00632	0.00541	0.00156	0.00770	0.00484	0.06034	0.11681
2	0.01252	0.02429	0.04661	0.07336	0.01396	0.00778	0.00816	0.01411	0.01185	0.15038	0.02222	0.13589	0.09437	0.01808	0.14597	0.13478	0.00693	0.00781	0.00435	0.06660
3	0.12988	0.06503	0.25953	0.13601	0.09419	0.05032	0.01536	0.12102	0.01465	0.04525	0.01103	0.01304	0.00819	0.00587	0.00535	0.00180	0.00737	0.00452	0.00339	0.00821
4	0.01075	0.00863	0.02453	0.05585	0.03813	0.00859	0.00779	0.06736	0.12289	0.02081	0.21733	0.12741	0.12955	0.01203	0.00771	0.05914	0.00424	0.02687	0.04407	0.00633
5	0.01300	0.01081	0.05817	0.07747	0.10571	0.00962	0.04393	0.08170	0.01534	0.09275	0.14044	0.02945	0.17734	0.00897	0.00613	0.00180	0.00509	0.00772	0.07543	0.03914
6	0.01040	0.00737	0.00873	0.00828	0.00996	0.00724	0.00618	0.07132	0.01415	0.07292	0.11577	0.22723	0.28776	0.06784	0.00930	0.00235	0.05038	0.01158	0.00547	0.00580
7	0.01209	0.01144	0.04499	0.01410	0.05102	0.01100	0.15048	0.07726	0.15914	0.02145	0.15177	0.09896	0.09159	0.01216	0.06279	0.00253	0.00635	0.00865	0.00491	0.00732
8	0.55551	0.13471	0.01291	0.00849	0.01256	0.01422	0.00722	0.01782	0.04794	0.02350	0.00934	0.01057	0.00749	0.00540	0.00390	0.00162	0.00483	0.00341	0.00358	0.11498

[dist]
# distance from previous block
# <min> <max>
0	5

[block]
# block no. 1 follows, 39 sequences, length 16
# corresponding to MSA columns:
# 208-223
name=unknown_B
#
# <colnr> <probs for GDERKNQSTAVLIFYWHMCP>
#	G	D	E	R	K	N	Q	S	T	A	V	L	I	F	Y	W	H	M	C	P
0	0.18883	0.03003	0.01761	0.24339	0.15988	0.03600	0.05873	0.04180	0.01242	0.01955	0.01083	0.03284	0.00894	0.00627	0.00633	0.00187	0.06195	0.00507	0.02268	0.03498
1	0.00904	0.00596	0.00757	0.00738	0.00872	0.00553	0.00545	0.01149	0.01525	0.04506	0.50334	0.15877	0.06844	0.01240	0.00668	0.00189	0.00296	0.01093	0.10755	0.00557
2	0.01120	0.01019	0.03112	0.11456	0.09730	0.01041	0.03860	0.01789	0.21200	0.02049	0.19267	0.10431	0.09494	0.00990	0.00648	0.00198	0.00495	0.00877	0.00504	0.00719
3	0.00721	0.00515	0.00686	0.00823	0.00858	0.00480	0.00549	0.00823	0.01132	0.01510	0.03259	0.78831	0.03911	0.01853	0.00755	0.00240	0.00343	0.01681	0.00549	0.00480
4	0.00986	0.00659	0.00889	0.05136	0.01110	0.00624	0.00642	0.01267	0.01647	0.07698	0.65684	0.04081	0.05007	0.01139	0.00684	0.00186	0.00324	0.01004	0.00635	0.00596
5	0.01333	0.01244	0.01275	0.00946	0.01448	0.09073	0.00749	0.01584	0.01275	0.01875	0.01036	0.01209	0.00863	0.00457	0.00448	0.00095	0.00506	0.00354	0.00345	0.73884
6	0.00846	0.00627	0.00917	0.00917	0.01011	0.00721	0.00698	0.01035	0.00941	0.01348	0.01614	0.02492	0.01552	0.12581	0.68827	0.00909	0.01474	0.00658	0.00321	0.00510
7	0.01235	0.01609	0.24174	0.24913	0.07802	0.01169	0.01546	0.04487	0.01326	0.06323	0.01717	0.09371	0.03984	0.00834	0.00621	0.00202	0.00705	0.06873	0.00365	0.00746
8	0.01401	0.03480	0.06281	0.14573	0.13138	0.01052	0.01147	0.02956	0.02899	0.12504	0.04692	0.11082	0.01536	0.00748	0.00571	0.00168	0.00567	0.00650	0.00419	0.20136
9	0.01293	0.02073	0.36865	0.05577	0.12735	0.01320	0.05460	0.08275	0.01370	0.01954	0.01431	0.01672	0.05671	0.00741	0.00748	0.04992	0.04376	0.00540	0.02104	0.00803
10	0.01198	0.01153	0.01612	0.01412	0.01425	0.01576	0.01156	0.01328	0.00921	0.01411	0.01044	0.05904	0.01083	0.04740	0.09434	0.00340	0.62754	0.00610	0.00285	0.00613
11	0.00827	0.00604	0.00777	0.00733	0.00877	0.00554	0.00550	0.01096	0.01650	0.02315	0.70157	0.04511	0.10674	0.01230	0.00698	0.00187	0.00280	0.01083	0.00644	0.00554
12	0.01399	0.04163	0.15458	0.01168	0.03745	0.01022	0.01065	0.02907	0.01293	0.11069	0.02975	0.04759	0.01162	0.00667	0.00639	0.02792	0.04366	0.00491	0.00386	0.38473
13	0.01372	0.01268	0.01790	0.15121	0.34435	0.06730	0.01383	0.01815	0.09087	0.04344	0.04474	0.10224	0.03850	0.00781	0.00611	0.00189	0.00644	0.00702	0.00386	0.00796
14	0.00845	0.00634	0.00950	0.00950	0.01056	0.00739	0.00739	0.01056	0.00950	0.01373	0.01584	0.02323	0.01478	0.04435	0.76873	0.00950	0.01584	0.00634	0.00317	0.00528
15	0.01358	0.01615	0.09868	0.01545	0.01674	0.09125	0.01358	0.01553	0.01020	0.01473	0.00847	0.01299	0.00794	0.01051	0.04053	0.00263	0.59668	0.00499	0.00264	0.00672

[dist]
# distance from previous block
# <min> <max>
0	9

[block]
# block no. 2 follows, 39 sequences, length 10
# corresponding to MSA columns:
# 233-242
name=unknown_C
#
# <colnr> <probs for GDERKNQSTAVLIFYWHMCP>
#	G	D	E	R	K	N	Q	S	T	A	V	L	I	F	Y	W	H	M	C	P
0	0.04635	0.05632	0.23839	0.01878	0.16744	0.10170	0.05086	0.06050	0.03796	0.11042	0.04587	0.01539	0.01144	0.00620	0.00567	0.00178	0.00744	0.00512	0.00379	0.00858
1	0.01027	0.00514	0.00770	0.00770	0.00770	0.00514	0.00514	0.00770	0.00770	0.01027	0.01027	0.01798	0.01027	0.02054	0.02311	0.82794	0.00514	0.00514	0.00257	0.00257
2	0.00932	0.00668	0.00937	0.01064	0.01192	0.00672	0.00915	0.01190	0.01322	0.01729	0.03040	0.10718	0.03311	0.01825	0.05650	0.00313	0.00599	0.62851	0.00530	0.00540
3	0.01538	0.01526	0.06587	0.02578	0.30228	0.01418	0.25604	0.09293	0.04408	0.05786	0.01363	0.04496	0.01094	0.00610	0.00630	0.00188	0.00772	0.00633	0.00367	0.00880
4	0.01666	0.65195	0.02850	0.01093	0.01565	0.06380	0.01040	0.08361	0.01361	0.01609	0.00880	0.01012	0.00782	0.00551	0.00467	0.00138	0.03643	0.00347	0.00287	0.00773
5	0.01294	0.06637	0.08354	0.01150	0.06244	0.01020	0.00943	0.03802	0.01283	0.01942	0.01052	0.01230	0.00864	0.00468	0.00460	0.00108	0.00515	0.00373	0.00338	0.61925
6	0.01159	0.06885	0.14830	0.01021	0.01269	0.00949	0.00927	0.04613	0.01106	0.03623	0.05728	0.05460	0.01502	0.09521	0.05912	0.30299	0.03713	0.00617	0.00335	0.00533
7	0.00741	0.00541	0.00703	0.00824	0.00888	0.00503	0.00578	0.00867	0.01180	0.01546	0.03562	0.63147	0.12101	0.01790	0.00755	0.00239	0.00358	0.08640	0.00549	0.00489
8	0.00988	0.00929	0.01718	0.12477	0.02019	0.00917	0.23414	0.01257	0.01222	0.01630	0.02297	0.43576	0.02520	0.01248	0.00713	0.00221	0.00611	0.01207	0.00430	0.00605
9	0.05392	0.02632	0.58575	0.05903	0.05630	0.01370	0.01959	0.05265	0.01327	0.04988	0.01120	0.01301	0.00795	0.00575	0.00557	0.00186	0.00816	0.00451	0.00294	0.00865

[dist]
# distance from previous block
# <min> <max>
0	7

[block]
# block no. 3 follows, 39 sequences, length 24
# corresponding to MSA columns:
# 250-273
name=unknown_D
#
# <colnr> <probs for GDERKNQSTAVLIFYWHMCP>
#	G	D	E	R	K	N	Q	S	T	A	V	L	I	F	Y	W	H	M	C	P
0	0.01172	0.00733	0.00954	0.00988	0.01156	0.00724	0.00792	0.04620	0.05015	0.10611	0.04328	0.27339	0.03091	0.01456	0.00729	0.00236	0.00461	0.30305	0.04670	0.00620
1	0.01471	0.01270	0.01337	0.01203	0.01538	0.01471	0.00936	0.03142	0.74459	0.02474	0.02407	0.02206	0.01805	0.00802	0.00602	0.00201	0.00468	0.00669	0.00602	0.00936
2	0.18249	0.01359	0.13579	0.01088	0.01587	0.01033	0.01028	0.02447	0.01471	0.47186	0.01815	0.01685	0.01186	0.00667	0.00539	0.00182	0.00549	0.00513	0.02936	0.00899
3	0.02120	0.01593	0.01703	0.01335	0.01785	0.01774	0.01093	0.61946	0.14598	0.03520	0.01583	0.01550	0.01138	0.00725	0.00593	0.00181	0.00621	0.00555	0.00593	0.00994
4	0.01233	0.12181	0.67443	0.01605	0.02435	0.01489	0.02045	0.01861	0.01243	0.01815	0.01033	0.01213	0.00750	0.00555	0.00540	0.00180	0.00845	0.00423	0.00250	0.00860
5	0.01297	0.01121	0.01408	0.03323	0.05359	0.00916	0.03228	0.05475	0.01322	0.02013	0.01079	0.01272	0.00884	0.00464	0.00467	0.00104	0.00492	0.00386	0.00356	0.69033
6	0.00763	0.00544	0.00729	0.00862	0.00912	0.00516	0.00609	0.00891	0.01161	0.01541	0.03193	0.64527	0.03771	0.04300	0.00837	0.00256	0.00384	0.13174	0.00542	0.00487
7	0.01913	0.14385	0.01868	0.01241	0.01694	0.01779	0.01041	0.42534	0.17689	0.02970	0.01510	0.01498	0.01128	0.00680	0.00550	0.00169	0.00596	0.00515	0.00524	0.05714
8	0.00862	0.00699	0.00928	0.03238	0.01093	0.00766	0.00727	0.01005	0.01140	0.01524	0.04347	0.36152	0.14267	0.06077	0.04362	0.00287	0.13261	0.08271	0.00473	0.00519
9	0.01370	0.16925	0.49222	0.01566	0.02310	0.01530	0.07729	0.03355	0.01304	0.05403	0.01097	0.01261	0.00807	0.00554	0.00538	0.00174	0.00804	0.00443	0.00288	0.03321
10	0.04500	0.04258	0.55801	0.01625	0.02392	0.01474	0.05577	0.13685	0.01499	0.02199	0.01113	0.01277	0.00795	0.00581	0.00563	0.00185	0.00823	0.00459	0.00313	0.00881
11	0.01109	0.02639	0.63710	0.01543	0.02279	0.01226	0.01915	0.01700	0.01229	0.01813	0.01424	0.14040	0.01271	0.00775	0.00594	0.00196	0.00786	0.00642	0.00299	0.00809
12	0.00980	0.00720	0.01085	0.02770	0.03689	0.00735	0.04790	0.01208	0.01240	0.05499	0.19518	0.09607	0.05943	0.07733	0.29758	0.00510	0.00884	0.02303	0.00452	0.00575
13	0.01676	0.09225	0.31234	0.01441	0.02059	0.01356	0.07349	0.02342	0.13445	0.21571	0.01609	0.01610	0.01126	0.00636	0.00571	0.00184	0.00696	0.00527	0.00440	0.00902
14	0.01267	0.01013	0.01146	0.01169	0.01374	0.06979	0.00996	0.13242	0.01621	0.02067	0.02671	0.05356	0.02796	0.01399	0.00757	0.00247	0.00604	0.54131	0.00533	0.00632
15	0.01340	0.01397	0.02932	0.02124	0.02635	0.01316	0.59538	0.01796	0.01366	0.01953	0.01335	0.01711	0.01015	0.00535	0.00644	0.00188	0.00860	0.00670	0.15892	0.00751
16	0.01547	0.03660	0.09317	0.07990	0.14481	0.01060	0.04082	0.03522	0.01471	0.21182	0.13848	0.04913	0.04820	0.00975	0.04298	0.00222	0.00629	0.00697	0.00485	0.00801
17	0.01820	0.03136	0.04102	0.01320	0.01725	0.03217	0.03463	0.38006	0.16072	0.05259	0.01877	0.02437	0.01546	0.00862	0.00627	0.00197	0.00621	0.12263	0.00556	0.00893
18	0.00997	0.00533	0.00800	0.00800	0.00818	0.00551	0.00551	0.00818	0.00800	0.01084	0.01119	0.01884	0.01102	0.02447	0.14605	0.69300	0.00690	0.00533	0.00267	0.00302
19	0.01434	0.01122	0.01882	0.50698	0.14014	0.01263	0.05006	0.01800	0.01301	0.13862	0.01278	0.01633	0.00927	0.00601	0.00596	0.00192	0.00739	0.00545	0.00346	0.00762
20	0.01374	0.30693	0.25613	0.01239	0.01765	0.05486	0.01323	0.03582	0.01275	0.03387	0.04673	0.01481	0.01130	0.01221	0.13083	0.00288	0.00869	0.00459	0.00304	0.00756
21	0.01581	0.79572	0.03099	0.01012	0.01518	0.02340	0.01012	0.01771	0.01202	0.01391	0.00822	0.00949	0.00759	0.00506	0.00379	0.00126	0.00632	0.00316	0.00253	0.00759
22	0.01696	0.24356	0.13145	0.01112	0.01661	0.03883	0.01080	0.04202	0.01386	0.17763	0.01269	0.01319	0.00950	0.00554	0.00481	0.00140	0.00602	0.00413	0.00395	0.23593
23	0.01667	0.16908	0.10834	0.01862	0.19162	0.03816	0.05336	0.05688	0.15192	0.11597	0.01465	0.01542	0.01108	0.00615	0.00552	0.00174	0.00664	0.00516	0.00410	0.00892

[dist]
# distance from previous block
# <min> <max>
0	17

[block]
# block no. 4 follows, 39 sequences, length 11
# corresponding to MSA columns:
# 291-301
name=unknown_E
#
# <colnr> <probs for GDERKNQSTAVLIFYWHMCP>
#	G	D	E	R	K	N	Q	S	T	A	V	L	I	F	Y	W	H	M	C	P
0	0.01448	0.01499	0.06570	0.03520	0.71402	0.01403	0.01836	0.01818	0.01341	0.01929	0.01109	0.01451	0.00926	0.00529	0.00584	0.00176	0.00712	0.00522	0.00290	0.00933
1	0.01266	0.00678	0.00782	0.00720	0.00901	0.00660	0.00546	0.01470	0.01285	0.14756	0.02777	0.06429	0.15837	0.07729	0.00819	0.00206	0.04356	0.00769	0.37407	0.00605
2	0.01615	0.01238	0.01341	0.01185	0.01534	0.01398	0.00928	0.03111	0.65595	0.11423	0.02398	0.02183	0.01764	0.00794	0.00601	0.00198	0.00472	0.00660	0.00618	0.00945
3	0.00973	0.00671	0.00775	0.00745	0.00797	0.00696	0.00470	0.07179	0.01046	0.01407	0.01850	0.06380	0.02051	0.61945	0.10120	0.00564	0.00673	0.00840	0.00382	0.00436
4	0.00702	0.00589	0.00610	0.00626	0.00806	0.00497	0.00461	0.00846	0.01322	0.01587	0.05658	0.14601	0.66593	0.01541	0.00706	0.00205	0.00305	0.01301	0.00549	0.00497
5	0.00790	0.00594	0.00731	0.00715	0.00859	0.00535	0.00529	0.01018	0.01536	0.02087	0.50268	0.12178	0.23297	0.01347	0.00704	0.00195	0.00291	0.01176	0.00615	0.00535
6	0.00926	0.00745	0.00960	0.00971	0.01047	0.00833	0.00710	0.01239	0.10049	0.01658	0.08831	0.42292	0.03075	0.06622	0.04977	0.00291	0.12495	0.01218	0.00495	0.00563
7	0.01798	0.13658	0.05006	0.01045	0.01414	0.03100	0.00899	0.11813	0.01649	0.25900	0.16319	0.02325	0.02101	0.07586	0.00819	0.00209	0.02374	0.00645	0.00543	0.00799
8	0.07557	0.08149	0.01890	0.13492	0.22705	0.08521	0.01312	0.01779	0.03249	0.04786	0.01145	0.03988	0.00980	0.00670	0.00732	0.00181	0.11454	0.00511	0.00326	0.06573
9	0.09894	0.16444	0.04817	0.01158	0.01620	0.01480	0.03120	0.13496	0.12972	0.26648	0.01680	0.01600	0.01184	0.00664	0.00533	0.00175	0.00571	0.00513	0.00530	0.00901
10	0.04218	0.08338	0.17916	0.04395	0.04213	0.04330	0.02850	0.08795	0.06387	0.07096	0.05266	0.03665	0.01430	0.11808	0.00986	0.00239	0.05097	0.00593	0.00395	0.01981

[dist]
# distance from previous block
# <min> <max>
3	36

[block]
# block no. 5 follows, 39 sequences, length 14
# corresponding to MSA columns:
# 339-352
name=unknown_F
#
# <colnr> <probs for GDERKNQSTAVLIFYWHMCP>
#	G	D	E	R	K	N	Q	S	T	A	V	L	I	F	Y	W	H	M	C	P
0	0.06090	0.28740	0.06596	0.06322	0.01771	0.10123	0.01075	0.11801	0.01519	0.09838	0.01167	0.01272	0.00902	0.00583	0.00479	0.00151	0.00658	0.00417	0.03606	0.06889
1	0.05396	0.01273	0.06116	0.20886	0.19803	0.01229	0.01360	0.05288	0.06046	0.21774	0.03937	0.01745	0.01226	0.00649	0.00583	0.00186	0.00639	0.00557	0.00448	0.00859
2	0.00940	0.00675	0.00953	0.01073	0.01205	0.00688	0.00928	0.01205	0.01313	0.01723	0.02949	0.06160	0.03177	0.01963	0.09754	0.00352	0.00667	0.63214	0.00518	0.00543
3	0.01449	0.00738	0.00947	0.00823	0.01080	0.00652	0.00642	0.01679	0.01583	0.27867	0.31642	0.07256	0.16455	0.01108	0.00656	0.00188	0.00364	0.00949	0.03222	0.00700
4	0.83394	0.01144	0.00869	0.00778	0.01144	0.01327	0.00640	0.01738	0.01006	0.02653	0.00823	0.00961	0.00640	0.00549	0.00366	0.00183	0.00457	0.00320	0.00366	0.00640
5	0.01581	0.79572	0.03099	0.01012	0.01518	0.02340	0.01012	0.01771	0.01202	0.01391	0.00822	0.00949	0.00759	0.00506	0.00379	0.00126	0.00632	0.00316	0.00253	0.00759
6	0.00971	0.00640	0.00791	0.00740	0.00901	0.00607	0.00559	0.01306	0.04859	0.05003	0.55189	0.03904	0.06637	0.01096	0.00643	0.00179	0.00296	0.00954	0.14137	0.00588
7	0.02214	0.02682	0.01687	0.01504	0.01829	0.68028	0.01140	0.10727	0.01806	0.01715	0.00974	0.01108	0.00790	0.00621	0.00540	0.00155	0.01018	0.00399	0.00338	0.00723
8	0.00852	0.00567	0.00763	0.00868	0.00943	0.00532	0.00622	0.00994	0.01221	0.05125	0.07128	0.60823	0.03814	0.01733	0.00753	0.00239	0.00376	0.11567	0.00563	0.00519
9	0.00860	0.00573	0.00645	0.00645	0.00645	0.00573	0.00358	0.00860	0.00860	0.01147	0.01863	0.03870	0.02150	0.79217	0.03010	0.00573	0.00573	0.00860	0.00358	0.00358
10	0.00806	0.00586	0.00735	0.04941	0.00961	0.00574	0.00541	0.00907	0.01093	0.01436	0.06482	0.31583	0.11531	0.30715	0.01585	0.00357	0.00453	0.03794	0.00467	0.00453
11	0.01943	0.15442	0.01989	0.05164	0.01902	0.31333	0.04353	0.20989	0.05287	0.02113	0.01190	0.03479	0.00973	0.00657	0.00542	0.00164	0.00816	0.00482	0.00390	0.00792
12	0.01226	0.31485	0.12469	0.05257	0.01605	0.03468	0.03087	0.01494	0.01253	0.01617	0.07845	0.14535	0.05431	0.03084	0.00610	0.00182	0.00589	0.00715	0.03375	0.00674
13	0.04915	0.19292	0.08950	0.01033	0.01385	0.04827	0.00950	0.03782	0.01293	0.01792	0.10184	0.02258	0.05487	0.01403	0.13566	0.00298	0.03284	0.04149	0.03360	0.07794

[dist]
# distance from previous block
# <min> <max>
1	38

[block]
# block no. 6 follows, 39 sequences, length 12
# corresponding to MSA columns:
# 409-420
name=unknown_G
#
# <colnr> <probs for GDERKNQSTAVLIFYWHMCP>
#	G	D	E	R	K	N	Q	S	T	A	V	L	I	F	Y	W	H	M	C	P
0	0.05636	0.01112	0.02970	0.12887	0.01782	0.03860	0.02481	0.03532	0.04988	0.01986	0.07538	0.02013	0.03760	0.00681	0.00561	0.00152	0.02409	0.03294	0.06418	0.31940
1	0.07676	0.05892	0.01433	0.08382	0.04703	0.02525	0.03883	0.01694	0.07709	0.11057	0.01952	0.17828	0.04037	0.05320	0.00877	0.00221	0.09038	0.00798	0.02044	0.02932
2	0.01717	0.01681	0.10512	0.04062	0.02047	0.15007	0.16048	0.04101	0.06896	0.16865	0.05954	0.02255	0.01560	0.00760	0.00629	0.00192	0.00753	0.07705	0.00456	0.00800
3	0.15473	0.00849	0.00964	0.00809	0.01125	0.00820	0.00651	0.02098	0.01400	0.34622	0.01922	0.01914	0.01347	0.00685	0.00485	0.00165	0.00406	0.00532	0.32968	0.00766
4	0.01186	0.03059	0.76153	0.01686	0.02560	0.01373	0.02185	0.01873	0.01249	0.01873	0.01061	0.01249	0.00749	0.00562	0.00562	0.00187	0.00874	0.00437	0.00250	0.00874
5	0.00768	0.00586	0.00698	0.00728	0.00857	0.00528	0.00533	0.00940	0.01351	0.01757	0.22328	0.22260	0.31109	0.06353	0.00864	0.00234	0.00340	0.06697	0.00563	0.00504
6	0.01398	0.29674	0.38471	0.01391	0.02032	0.08312	0.01592	0.01833	0.01278	0.01659	0.01116	0.01525	0.00949	0.00625	0.00514	0.00169	0.00782	0.05609	0.00277	0.00793
7	0.00753	0.00601	0.00674	0.00656	0.00832	0.00522	0.00492	0.00953	0.01475	0.01900	0.33049	0.05193	0.48040	0.01385	0.00698	0.00194	0.00292	0.01178	0.00589	0.00522
8	0.00953	0.00681	0.00953	0.01089	0.01225	0.00681	0.00953	0.01225	0.01361	0.01770	0.03131	0.06671	0.03403	0.01634	0.00817	0.00272	0.00545	0.71547	0.00545	0.00545
9	0.00778	0.00643	0.00688	0.00681	0.00870	0.00578	0.00508	0.01055	0.06748	0.01772	0.15914	0.10394	0.54417	0.01428	0.00696	0.00201	0.00312	0.01209	0.00568	0.00539
10	0.07947	0.01018	0.01332	0.01026	0.01480	0.00896	0.00846	0.02740	0.01625	0.67568	0.02172	0.01906	0.01381	0.00706	0.00572	0.00178	0.00497	0.00565	0.00690	0.04855
11	0.01336	0.10703	0.59182	0.04039	0.02422	0.06302	0.01940	0.01914	0.01283	0.04116	0.01067	0.01241	0.00775	0.00566	0.00543	0.00179	0.00847	0.00429	0.00269	0.00847

[dist]
# distance from previous block
# <min> <max>
0	2

[block]
# block no. 7 follows, 39 sequences, length 19
# corresponding to MSA columns:
# 423-441
name=unknown_H
#
# <colnr> <probs for GDERKNQSTAVLIFYWHMCP>
#	G	D	E	R	K	N	Q	S	T	A	V	L	I	F	Y	W	H	M	C	P
0	0.01440	0.00934	0.01281	0.07173	0.04920	0.01019	0.00932	0.11913	0.01387	0.14682	0.01681	0.06934	0.01441	0.03355	0.28218	0.03948	0.05033	0.00657	0.02352	0.00699
1	0.01143	0.01097	0.01881	0.69301	0.03884	0.01350	0.06015	0.01530	0.01181	0.01530	0.01046	0.01563	0.00794	0.00608	0.00667	0.00200	0.04743	0.00536	0.00265	0.00665
2	0.30090	0.01105	0.01493	0.46235	0.07338	0.01324	0.01300	0.01609	0.01130	0.01938	0.00975	0.01353	0.00745	0.00573	0.00512	0.00191	0.00667	0.00453	0.00301	0.00668
3	0.05261	0.01331	0.02181	0.15204	0.37863	0.03220	0.11467	0.04055	0.01371	0.05040	0.01272	0.03748	0.01055	0.00613	0.00597	0.00186	0.00723	0.01964	0.02021	0.00828
4	0.73452	0.01295	0.00995	0.00948	0.04012	0.07698	0.00727	0.01794	0.01076	0.02524	0.00842	0.00989	0.00662	0.00553	0.00388	0.00180	0.00518	0.00333	0.00358	0.00655
5	0.00780	0.00562	0.00698	0.00751	0.00834	0.00534	0.00520	0.00919	0.01191	0.01608	0.12615	0.35792	0.15820	0.12090	0.08367	0.00334	0.00474	0.01265	0.04362	0.00485
6	0.46652	0.01081	0.01098	0.00903	0.01310	0.01118	0.00745	0.02259	0.01319	0.36002	0.01510	0.01439	0.01015	0.00632	0.00470	0.00183	0.00478	0.00445	0.00533	0.00807
7	0.03402	0.01393	0.12956	0.16040	0.11912	0.01245	0.01349	0.07938	0.11467	0.05094	0.01535	0.01993	0.01250	0.01373	0.14390	0.00331	0.00845	0.04320	0.00387	0.00781
8	0.01206	0.02353	0.49436	0.11261	0.04764	0.01313	0.05197	0.05379	0.01308	0.01880	0.01242	0.06034	0.01003	0.00823	0.04064	0.00226	0.00853	0.00552	0.00293	0.00812
9	0.06774	0.01136	0.01404	0.01098	0.01542	0.01093	0.00902	0.13602	0.08200	0.54615	0.02120	0.01884	0.01380	0.00725	0.00583	0.00184	0.00520	0.00577	0.00680	0.00981
10	0.00973	0.00695	0.00830	0.00792	0.00953	0.00685	0.00592	0.05129	0.07480	0.02261	0.41420	0.14414	0.08532	0.01191	0.00655	0.00189	0.00324	0.01039	0.11249	0.00597
11	0.04546	0.01101	0.07132	0.20207	0.11219	0.01015	0.07226	0.01466	0.01268	0.04137	0.03515	0.11797	0.10859	0.00884	0.00607	0.00193	0.00590	0.01766	0.09800	0.00673
12	0.01077	0.00624	0.00807	0.00844	0.00984	0.00568	0.00619	0.01229	0.01278	0.14041	0.03391	0.47085	0.12589	0.01552	0.00712	0.00224	0.00379	0.07430	0.03986	0.00579
13	0.00922	0.00669	0.00886	0.00982	0.01098	0.00672	0.00794	0.01224	0.05769	0.01750	0.08036	0.20380	0.03453	0.08139	0.00968	0.00281	0.00484	0.42411	0.00541	0.00541
14	0.00862	0.00639	0.00834	0.00939	0.01075	0.00611	0.00780	0.01082	0.01327	0.01694	0.03814	0.16399	0.20186	0.01632	0.00781	0.00251	0.00460	0.45563	0.00546	0.00525
15	0.05511	0.01284	0.04633	0.13331	0.01991	0.05739	0.04930	0.11483	0.02540	0.19721	0.01800	0.07676	0.03588	0.00875	0.00757	0.02118	0.06898	0.03876	0.00475	0.00775
16	0.00929	0.00937	0.09006	0.01045	0.01210	0.00873	0.00897	0.01144	0.00963	0.01395	0.01459	0.02230	0.01378	0.10012	0.52715	0.04509	0.07829	0.00617	0.00306	0.00548
17	0.27741	0.01044	0.01210	0.00994	0.01359	0.01068	0.00814	0.02274	0.01377	0.42116	0.01785	0.06324	0.01297	0.00769	0.00646	0.00193	0.07026	0.00569	0.00566	0.00829
18	0.01276	0.00830	0.01057	0.04790	0.04326	0.00828	0.00750	0.03154	0.12025	0.14268	0.21747	0.12163	0.09599	0.09419	0.00908	0.00236	0.00435	0.00938	0.00570	0.00681

[dist]
# distance from previous block
# <min> <max>
0	2

[block]
# block no. 8 follows, 39 sequences, length 23
# corresponding to MSA columns:
# 444-466
name=unknown_I
#
# <colnr> <probs for GDERKNQSTAVLIFYWHMCP>
#	G	D	E	R	K	N	Q	S	T	A	V	L	I	F	Y	W	H	M	C	P
0	0.03786	0.01568	0.12580	0.08960	0.13049	0.08078	0.03409	0.02052	0.07515	0.15662	0.01513	0.01864	0.01184	0.00900	0.04386	0.00232	0.07754	0.04288	0.00406	0.00813
1	0.00889	0.00608	0.00824	0.00944	0.03228	0.00561	0.00644	0.01020	0.01182	0.05139	0.02973	0.61046	0.03437	0.01670	0.00764	0.02030	0.00387	0.07243	0.00533	0.04880
2	0.33839	0.02918	0.05463	0.03303	0.11820	0.14264	0.02687	0.03405	0.05565	0.02128	0.01006	0.01209	0.00809	0.00624	0.00629	0.00185	0.08648	0.00424	0.00341	0.00733
3	0.00955	0.00625	0.00782	0.00754	0.00918	0.00560	0.00561	0.01167	0.01502	0.08947	0.39388	0.17965	0.20949	0.01347	0.00699	0.00199	0.00316	0.01177	0.00617	0.00573
4	0.04017	0.01420	0.09075	0.16694	0.11534	0.02662	0.04866	0.07385	0.14946	0.01974	0.01420	0.05672	0.01183	0.00804	0.00831	0.03576	0.10190	0.00603	0.00374	0.00772
5	0.01196	0.01197	0.05343	0.62635	0.06514	0.01348	0.01601	0.03734	0.07377	0.01689	0.01178	0.01605	0.00884	0.00608	0.00590	0.00196	0.00758	0.00534	0.00301	0.00712
6	0.00846	0.00574	0.00657	0.00661	0.00680	0.00565	0.00387	0.00878	0.00956	0.01279	0.07997	0.07941	0.04861	0.66329	0.02630	0.00512	0.00529	0.00933	0.00398	0.00385
7	0.00869	0.00626	0.00814	0.00797	0.00852	0.00676	0.00551	0.00983	0.01004	0.01402	0.11801	0.03322	0.02340	0.40175	0.27615	0.00635	0.03904	0.00799	0.00381	0.00454
8	0.01244	0.00673	0.00773	0.00704	0.00893	0.00655	0.00542	0.05329	0.01500	0.09930	0.23965	0.02808	0.02704	0.00851	0.00527	0.00159	0.00320	0.00710	0.45088	0.00625
9	0.01447	0.01388	0.02370	0.07256	0.72034	0.01401	0.01806	0.01800	0.01339	0.01911	0.01109	0.01469	0.00929	0.00530	0.00586	0.00177	0.00707	0.00527	0.00291	0.00923
10	0.00699	0.00599	0.00599	0.00599	0.00799	0.00499	0.00449	0.00849	0.01348	0.01598	0.05991	0.05691	0.75288	0.01498	0.00699	0.00200	0.00300	0.01248	0.00549	0.00499
11	0.16166	0.01558	0.01582	0.01775	0.20072	0.18006	0.01134	0.07111	0.03142	0.04979	0.01639	0.03426	0.08602	0.00751	0.00671	0.00184	0.07499	0.00563	0.00384	0.00756
12	0.01402	0.23672	0.42574	0.04071	0.05790	0.01643	0.03910	0.04740	0.01319	0.04209	0.01058	0.01230	0.00800	0.00555	0.00520	0.00170	0.00780	0.00428	0.00284	0.00846
13	0.15816	0.09253	0.07459	0.01265	0.04602	0.07880	0.01049	0.09950	0.21245	0.09512	0.01538	0.01567	0.01158	0.00841	0.04200	0.00216	0.00652	0.00502	0.00459	0.00836
14	0.02209	0.02819	0.01676	0.01524	0.01828	0.76843	0.01143	0.02361	0.01676	0.01447	0.00914	0.01066	0.00762	0.00609	0.00533	0.00152	0.01066	0.00381	0.00305	0.00686
15	0.04234	0.08717	0.12530	0.01245	0.03999	0.01274	0.03275	0.08424	0.17050	0.11060	0.14460	0.02284	0.04093	0.02315	0.02290	0.00207	0.00576	0.00654	0.00501	0.00814
16	0.08516	0.04902	0.01404	0.01014	0.01465	0.01030	0.00840	0.08206	0.01629	0.45972	0.04842	0.01804	0.01403	0.00678	0.00546	0.00165	0.00498	0.00535	0.00605	0.13947
17	0.02248	0.01656	0.01775	0.01361	0.01834	0.01834	0.01124	0.73556	0.02780	0.03727	0.01420	0.01420	0.01006	0.00710	0.00592	0.00177	0.00651	0.00532	0.00592	0.01006
18	0.00801	0.00628	0.00859	0.08766	0.03621	0.00616	0.00718	0.00965	0.01204	0.01562	0.03462	0.48620	0.16757	0.01596	0.00728	0.00229	0.00409	0.07425	0.00511	0.00522
19	0.08940	0.04487	0.02082	0.13576	0.22468	0.01399	0.12427	0.08341	0.02741	0.07673	0.01430	0.01782	0.03389	0.00657	0.00641	0.00190	0.03734	0.02852	0.00375	0.00812
20	0.00740	0.00529	0.00709	0.00846	0.00889	0.00497	0.00583	0.00857	0.01151	0.01531	0.03249	0.72777	0.03869	0.01834	0.00760	0.00243	0.00360	0.07543	0.00549	0.00486
21	0.00860	0.00573	0.00645	0.00645	0.00645	0.00573	0.00358	0.00860	0.00860	0.01147	0.01863	0.03870	0.02150	0.79217	0.03010	0.00573	0.00573	0.00860	0.00358	0.00358
22	0.01344	0.06913	0.32160	0.15330	0.15034	0.02851	0.07281	0.01869	0.03518	0.04771	0.01197	0.01523	0.00918	0.00591	0.00577	0.00186	0.00794	0.02014	0.00301	0.00830

[dist]
# distance from previous block
# <min> <max>
2	3

[block]
# block no. 9 follows, 39 sequences, length 23
# corresponding to MSA columns:
# 470-492
name=unknown_J
#
# <colnr> <probs for GDERKNQSTAVLIFYWHMCP>
#	G	D	E	R	K	N	Q	S	T	A	V	L	I	F	Y	W	H	M	C	P
0	0.69082	0.03801	0.11768	0.00915	0.01359	0.01364	0.00874	0.01759	0.01047	0.02503	0.00858	0.01002	0.00660	0.00550	0.00395	0.00182	0.00523	0.00337	0.00346	0.00678
1	0.00853	0.00601	0.00783	0.00783	0.00830	0.00648	0.00530	0.00948	0.00901	0.01249	0.01737	0.03172	0.01847	0.45488	0.36325	0.00743	0.01029	0.00758	0.00340	0.00435
2	0.01190	0.01261	0.10782	0.05005	0.14435	0.02496	0.07115	0.01617	0.06643	0.06052	0.16367	0.05780	0.16908	0.00937	0.00643	0.00191	0.00557	0.00831	0.00462	0.00727
3	0.01131	0.01341	0.11259	0.13757	0.11655	0.02603	0.17113	0.01479	0.01280	0.01710	0.05310	0.07351	0.12085	0.08299	0.00870	0.00231	0.00698	0.00783	0.00360	0.00685
4	0.01022	0.00733	0.00984	0.11888	0.01390	0.00830	0.00774	0.01344	0.04003	0.01912	0.16675	0.02527	0.02193	0.01624	0.17205	0.00344	0.06316	0.00674	0.26978	0.00584
5	0.16184	0.01796	0.01519	0.15633	0.04554	0.32253	0.01118	0.02177	0.01459	0.16188	0.01207	0.01341	0.00888	0.00617	0.00529	0.00173	0.00787	0.00444	0.00390	0.00743
6	0.00889	0.00773	0.04297	0.00976	0.01094	0.00808	0.00782	0.01086	0.00948	0.01366	0.01552	0.02436	0.01500	0.14816	0.58330	0.00820	0.06034	0.00650	0.00316	0.00526
7	0.01292	0.00816	0.00949	0.00849	0.01042	0.04639	0.00634	0.03354	0.01566	0.16268	0.41764	0.06833	0.03853	0.12324	0.01002	0.00242	0.00418	0.00925	0.00600	0.00630
8	0.01833	0.03724	0.24539	0.05658	0.13697	0.01166	0.01458	0.02231	0.01438	0.31855	0.01577	0.01601	0.01077	0.00619	0.00569	0.00178	0.00663	0.00512	0.00458	0.05147
9	0.13759	0.00912	0.01090	0.00897	0.01227	0.00894	0.00729	0.02215	0.01425	0.40607	0.01920	0.01878	0.01324	0.00709	0.00581	0.00174	0.04492	0.00539	0.23821	0.00806
10	0.00873	0.00589	0.00689	0.00709	0.00728	0.00589	0.00444	0.00913	0.00932	0.01236	0.02046	0.04273	0.02330	0.68055	0.02694	0.00530	0.00569	0.11030	0.00385	0.00385
11	0.07318	0.04620	0.16158	0.04405	0.24737	0.05121	0.09698	0.02880	0.01253	0.01811	0.01170	0.01705	0.01025	0.11879	0.00963	0.00239	0.03401	0.00547	0.00302	0.00768
12	0.01163	0.02386	0.50051	0.01731	0.02426	0.01271	0.16886	0.01726	0.01263	0.01825	0.01406	0.12483	0.01235	0.00734	0.00618	0.00197	0.00823	0.00671	0.00303	0.00801
13	0.01016	0.00859	0.00943	0.00909	0.01066	0.04770	0.00674	0.01479	0.15555	0.01858	0.20102	0.14279	0.12175	0.08947	0.09856	0.00325	0.03093	0.00977	0.00516	0.00600
14	0.01232	0.02723	0.62089	0.01610	0.02368	0.01407	0.01966	0.02036	0.11766	0.01939	0.01242	0.01388	0.00902	0.00617	0.00629	0.00192	0.04245	0.00474	0.00301	0.00873
15	0.00808	0.00571	0.00753	0.00839	0.00894	0.00564	0.00595	0.00934	0.01113	0.01492	0.05408	0.39581	0.03257	0.19192	0.08717	0.00387	0.00548	0.13389	0.00487	0.00472
16	0.01400	0.05545	0.42814	0.15206	0.02567	0.01326	0.03289	0.01913	0.01302	0.12442	0.03302	0.01502	0.00999	0.00621	0.00616	0.00188	0.03306	0.00496	0.00334	0.00831
17	0.01044	0.00926	0.00890	0.02621	0.01061	0.11565	0.00637	0.03833	0.01242	0.01531	0.05090	0.35003	0.09196	0.16971	0.02741	0.02997	0.00539	0.01143	0.00460	0.00507
18	0.01429	0.01106	0.01633	0.09698	0.10948	0.03560	0.09506	0.03586	0.04143	0.13764	0.08086	0.08142	0.07570	0.06639	0.00922	0.00226	0.07091	0.00771	0.00452	0.00728
19	0.03779	0.05828	0.05460	0.04592	0.01457	0.01022	0.00856	0.07033	0.09150	0.08656	0.16584	0.06729	0.09401	0.00878	0.00583	0.00169	0.00466	0.00732	0.00503	0.16121
20	0.13279	0.02771	0.03554	0.04753	0.08875	0.05168	0.04942	0.08211	0.12571	0.07412	0.03460	0.05725	0.04249	0.04154	0.00672	0.00202	0.00579	0.02756	0.03468	0.03198
21	0.10576	0.24132	0.06582	0.04687	0.01734	0.10505	0.03482	0.15073	0.01544	0.02087	0.01290	0.03657	0.03735	0.00645	0.00495	0.00158	0.00660	0.00478	0.02233	0.06244
22	0.05181	0.17247	0.09337	0.07294	0.18006	0.06865	0.01281	0.07073	0.04142	0.04399	0.09913	0.01681	0.01449	0.00646	0.00539	0.00167	0.00650	0.00523	0.00374	0.03235

[dist]
# distance from previous block
# <min> <max>
0	1016

# created by:
# /home/berkeley/.conda/envs/busco_data_prod/bin/msa2prfl.pl pipeline/OGs_align_augustus/33634/165611.fs
