[name]
unknown

[dist]
# distance from previous block
# <min> <max>
0	123

[block]
# block no. 0 follows, 38 sequences, length 9
# corresponding to MSA columns:
# 136-144
name=unknown_A
#
# <colnr> <probs for GDERKNQSTAVLIFYWHMCP>
#	G	D	E	R	K	N	Q	S	T	A	V	L	I	F	Y	W	H	M	C	P
0	0.01956	0.01200	0.06592	0.11288	0.05094	0.01047	0.08127	0.02265	0.01508	0.39820	0.02110	0.05503	0.03730	0.00809	0.00667	0.00199	0.02516	0.04141	0.00553	0.00874
1	0.01570	0.07146	0.05089	0.29047	0.11202	0.01336	0.08973	0.05403	0.01424	0.15634	0.01481	0.06494	0.01169	0.00690	0.00606	0.00191	0.00716	0.00622	0.00398	0.00806
2	0.01136	0.01069	0.01804	0.77412	0.04143	0.01337	0.01671	0.01537	0.01203	0.01537	0.01069	0.01604	0.00802	0.00601	0.00601	0.00200	0.00802	0.00535	0.00267	0.00668
3	0.01393	0.01281	0.01895	0.55916	0.08656	0.08119	0.05098	0.01762	0.01310	0.07170	0.01167	0.01583	0.00867	0.00605	0.00601	0.00194	0.00810	0.00535	0.00311	0.00725
4	0.01439	0.05945	0.04870	0.22807	0.25445	0.01436	0.06072	0.07450	0.01411	0.04969	0.01318	0.05438	0.01124	0.00701	0.00686	0.00195	0.05137	0.02399	0.00346	0.00812
5	0.01136	0.01084	0.01865	0.59402	0.03612	0.01306	0.08002	0.01504	0.01202	0.01567	0.01269	0.08502	0.01097	0.00734	0.00705	0.00208	0.05187	0.00656	0.00297	0.00664
6	0.01240	0.01225	0.02241	0.42995	0.15487	0.01343	0.17863	0.01650	0.01313	0.01755	0.06026	0.01782	0.01177	0.00611	0.00632	0.00197	0.00801	0.00612	0.00307	0.00741
7	0.01406	0.06309	0.45782	0.07369	0.02513	0.01389	0.08975	0.05121	0.01383	0.08589	0.01314	0.04865	0.01003	0.00646	0.00591	0.00191	0.00814	0.00548	0.00334	0.00859
8	0.01379	0.15767	0.09124	0.14308	0.13970	0.01631	0.16778	0.01836	0.06107	0.01755	0.01184	0.03219	0.00981	0.00643	0.00728	0.00191	0.08736	0.00561	0.00306	0.00796

[dist]
# distance from previous block
# <min> <max>
2	32

[block]
# block no. 1 follows, 38 sequences, length 21
# corresponding to MSA columns:
# 177-197
name=unknown_B
#
# <colnr> <probs for GDERKNQSTAVLIFYWHMCP>
#	G	D	E	R	K	N	Q	S	T	A	V	L	I	F	Y	W	H	M	C	P
0	0.05737	0.19988	0.09699	0.01112	0.01541	0.01307	0.04434	0.03682	0.04325	0.18667	0.06714	0.10124	0.06514	0.00854	0.00569	0.00181	0.00557	0.00703	0.02508	0.00785
1	0.04601	0.06639	0.04864	0.01336	0.01774	0.21461	0.01113	0.27252	0.07823	0.15069	0.01476	0.01465	0.01064	0.00682	0.00566	0.00174	0.00736	0.00499	0.00507	0.00899
2	0.01013	0.00666	0.00865	0.00884	0.01015	0.00647	0.00649	0.01312	0.07431	0.07674	0.23008	0.36234	0.03877	0.01586	0.02791	0.03134	0.00407	0.05627	0.00590	0.00589
3	0.01365	0.01319	0.05542	0.27994	0.20553	0.01345	0.08586	0.01981	0.13782	0.05178	0.01509	0.05589	0.01217	0.00683	0.00620	0.00197	0.00714	0.00636	0.00373	0.00818
4	0.01319	0.01321	0.02373	0.28190	0.10128	0.01475	0.23679	0.04247	0.01319	0.01804	0.04214	0.01667	0.01064	0.00673	0.00870	0.00208	0.13782	0.00612	0.00310	0.00747
5	0.01443	0.01092	0.01230	0.01147	0.01434	0.01208	0.00900	0.02620	0.48582	0.09083	0.02647	0.12202	0.02286	0.01054	0.00660	0.00217	0.00474	0.10262	0.00610	0.00848
6	0.02699	0.01024	0.01396	0.01070	0.01536	0.00884	0.00884	0.02932	0.01722	0.75522	0.02373	0.02048	0.01489	0.00745	0.00605	0.00186	0.00512	0.00605	0.00745	0.01024
7	0.01392	0.01507	0.04610	0.14836	0.26368	0.01459	0.37099	0.01838	0.01366	0.01877	0.01163	0.01569	0.00904	0.00533	0.00653	0.00194	0.00881	0.00620	0.00295	0.00836
8	0.01248	0.01184	0.02007	0.53952	0.26726	0.01366	0.01727	0.01635	0.01256	0.01673	0.01089	0.01567	0.00850	0.00581	0.00600	0.00194	0.00774	0.00535	0.00277	0.00759
9	0.00725	0.00555	0.00666	0.00754	0.00851	0.00496	0.00521	0.00847	0.01232	0.01568	0.04332	0.51884	0.29905	0.01753	0.00747	0.00229	0.00333	0.01549	0.00559	0.00496
10	0.00733	0.00524	0.00698	0.00838	0.00873	0.00489	0.00558	0.00838	0.01152	0.01536	0.03316	0.78466	0.03979	0.01885	0.00768	0.00244	0.00349	0.01710	0.00558	0.00489
11	0.01034	0.00670	0.00869	0.00871	0.01006	0.00646	0.00646	0.01202	0.01349	0.10673	0.16269	0.36858	0.15150	0.01511	0.00806	0.00223	0.05194	0.03859	0.00581	0.00584
12	0.01930	0.01964	0.07527	0.09721	0.13124	0.26515	0.09468	0.05738	0.01597	0.14728	0.01296	0.01460	0.00956	0.00616	0.00591	0.00178	0.00857	0.00511	0.00390	0.00833
13	0.01407	0.01535	0.06254	0.27861	0.05080	0.06132	0.30318	0.01821	0.01327	0.04544	0.01150	0.01553	0.00872	0.00602	0.00748	0.00202	0.06938	0.00594	0.00303	0.00759
14	0.00786	0.00620	0.00918	0.00951	0.01048	0.00573	0.06342	0.00927	0.01195	0.01576	0.03422	0.65129	0.10740	0.01739	0.00758	0.00237	0.00398	0.01587	0.00538	0.00516
15	0.01326	0.01388	0.07124	0.23510	0.46178	0.01343	0.01743	0.01703	0.01304	0.01817	0.01247	0.06315	0.01088	0.00641	0.00606	0.00190	0.00727	0.00603	0.00303	0.00842
16	0.01438	0.04601	0.15485	0.10126	0.21298	0.01357	0.17025	0.04346	0.01405	0.07385	0.01530	0.06196	0.03707	0.00678	0.00624	0.00192	0.00764	0.00649	0.00355	0.00839
17	0.06492	0.01449	0.09175	0.10338	0.12815	0.04168	0.11257	0.05401	0.02595	0.08190	0.05512	0.04501	0.01373	0.00888	0.02980	0.02402	0.07418	0.01886	0.00386	0.00775
18	0.04484	0.03863	0.09549	0.22312	0.15320	0.04251	0.06603	0.04754	0.06060	0.13111	0.01366	0.01585	0.01004	0.00627	0.00622	0.00190	0.02533	0.00539	0.00386	0.00840
19	0.01454	0.01319	0.08408	0.01721	0.11226	0.01135	0.16668	0.10116	0.01525	0.11171	0.02206	0.16505	0.07965	0.03374	0.02194	0.00228	0.00673	0.00871	0.00461	0.00782
20	0.07434	0.01532	0.14392	0.08338	0.16591	0.01269	0.12503	0.05582	0.01388	0.08910	0.01556	0.12832	0.01375	0.00787	0.00656	0.00200	0.02745	0.00712	0.00390	0.00808

[dist]
# distance from previous block
# <min> <max>
37	195

[block]
# block no. 2 follows, 38 sequences, length 61
# corresponding to MSA columns:
# 471-482,485-533
name=unknown_C
#
# <colnr> <probs for GDERKNQSTAVLIFYWHMCP>
#	G	D	E	R	K	N	Q	S	T	A	V	L	I	F	Y	W	H	M	C	P
0	0.00970	0.00722	0.03489	0.04755	0.01181	0.00641	0.00715	0.03561	0.01264	0.07175	0.03055	0.61749	0.05111	0.01640	0.00733	0.00233	0.00413	0.01473	0.00548	0.00571
1	0.01364	0.03827	0.04809	0.01044	0.01571	0.04788	0.02582	0.04229	0.05969	0.02015	0.01160	0.01311	0.00941	0.00497	0.00477	0.00112	0.00528	0.00397	0.00370	0.62011
2	0.04349	0.04893	0.04454	0.01146	0.04213	0.01095	0.00920	0.09053	0.04013	0.10847	0.01388	0.01747	0.01139	0.00850	0.00839	0.11199	0.04180	0.04015	0.00420	0.29241
3	0.04327	0.04394	0.04037	0.13268	0.04688	0.07122	0.01269	0.17406	0.03902	0.05357	0.01292	0.04236	0.01094	0.00833	0.00969	0.00209	0.21802	0.02616	0.00397	0.00781
4	0.01037	0.08692	0.01130	0.03713	0.01192	0.00850	0.00735	0.01314	0.05810	0.04755	0.12360	0.32736	0.03189	0.05390	0.03480	0.00259	0.00484	0.08940	0.00517	0.03419
5	0.04141	0.07544	0.02615	0.31544	0.06708	0.01522	0.30279	0.01734	0.01281	0.01741	0.01092	0.01520	0.00846	0.00572	0.00682	0.00197	0.04366	0.00581	0.00286	0.00747
6	0.01322	0.01258	0.02115	0.05756	0.42290	0.01263	0.09960	0.03685	0.01426	0.01974	0.08570	0.02347	0.11133	0.00753	0.00684	0.00190	0.03376	0.00704	0.00373	0.00822
7	0.07538	0.43201	0.22203	0.01281	0.01886	0.01917	0.04756	0.04537	0.01312	0.05012	0.01010	0.01144	0.00808	0.00550	0.00468	0.00157	0.00708	0.00394	0.00301	0.00817
8	0.01267	0.00958	0.01231	0.04463	0.01432	0.04907	0.03434	0.03959	0.01503	0.09479	0.22716	0.03975	0.06021	0.01348	0.04579	0.00257	0.07992	0.19296	0.00532	0.00651
9	0.00772	0.00606	0.00679	0.00674	0.00825	0.00543	0.00487	0.00933	0.01347	0.01717	0.19974	0.07664	0.43869	0.12160	0.04848	0.00292	0.00406	0.01161	0.00543	0.00502
10	0.05379	0.02699	0.53407	0.01742	0.02484	0.05990	0.10474	0.03960	0.01331	0.01954	0.01072	0.01294	0.00784	0.00592	0.00641	0.00193	0.04400	0.00474	0.00280	0.00850
11	0.01823	0.04738	0.09964	0.11576	0.27923	0.05118	0.01502	0.06832	0.01537	0.20977	0.01437	0.01579	0.01040	0.00617	0.00585	0.00181	0.00704	0.00528	0.00424	0.00913
12	0.01536	0.00790	0.00988	0.00850	0.01107	0.00722	0.00654	0.01708	0.01429	0.29940	0.09537	0.03703	0.24870	0.13277	0.03294	0.00279	0.03136	0.00894	0.00591	0.00695
13	0.01255	0.01255	0.02181	0.08675	0.20585	0.04474	0.23490	0.01589	0.01336	0.01783	0.01809	0.19862	0.01815	0.00936	0.00687	0.00210	0.00734	0.06212	0.00378	0.00735
14	0.01375	0.01112	0.01783	0.62774	0.06036	0.01324	0.01565	0.05842	0.01356	0.09285	0.01227	0.01636	0.00890	0.00621	0.00602	0.00197	0.00761	0.00542	0.00337	0.00735
15	0.01581	0.23212	0.14322	0.13339	0.09899	0.08937	0.10230	0.04278	0.01394	0.05834	0.01103	0.01334	0.00859	0.00568	0.00545	0.00171	0.00796	0.00473	0.00312	0.00813
16	0.01307	0.01228	0.02286	0.32238	0.03100	0.01329	0.26452	0.01695	0.01300	0.05800	0.01429	0.04899	0.01214	0.00744	0.00766	0.00213	0.06533	0.06405	0.00341	0.00721
17	0.01140	0.01082	0.01862	0.71704	0.04008	0.01323	0.05163	0.01538	0.01212	0.01556	0.01135	0.03620	0.00891	0.00630	0.00611	0.00202	0.00801	0.00574	0.00277	0.00671
18	0.01168	0.01163	0.02285	0.01765	0.02154	0.01094	0.39106	0.01559	0.01466	0.01987	0.17815	0.05394	0.05218	0.00955	0.00734	0.00215	0.00725	0.14061	0.00445	0.00690
19	0.01544	0.08009	0.25990	0.13185	0.04257	0.08855	0.07539	0.04610	0.01413	0.10500	0.01360	0.06289	0.01087	0.00688	0.00613	0.00188	0.02131	0.00572	0.00358	0.00814
20	0.02095	0.01169	0.01402	0.01113	0.01506	0.01173	0.00904	0.26655	0.04813	0.31600	0.18424	0.02400	0.02288	0.00849	0.00628	0.00186	0.00511	0.00695	0.00672	0.00918
21	0.01136	0.01069	0.01804	0.77412	0.04143	0.01337	0.01671	0.01537	0.01203	0.01537	0.01069	0.01604	0.00802	0.00601	0.00601	0.00200	0.00802	0.00535	0.00267	0.00668
22	0.01550	0.16903	0.14046	0.17150	0.19926	0.11198	0.03771	0.01911	0.01353	0.05217	0.01090	0.01354	0.00859	0.00570	0.00549	0.00173	0.00793	0.00469	0.00300	0.00817
23	0.01400	0.01961	0.25426	0.05486	0.13398	0.01444	0.22803	0.02098	0.12029	0.04256	0.01362	0.01590	0.01018	0.00600	0.00655	0.00196	0.02479	0.00582	0.00344	0.00874
24	0.00884	0.00622	0.00760	0.00763	0.00791	0.00653	0.00494	0.00940	0.00938	0.01267	0.02031	0.07078	0.03746	0.56663	0.13108	0.00587	0.03538	0.04343	0.00377	0.00418
25	0.00817	0.00610	0.00776	0.00873	0.00993	0.00570	0.00681	0.01002	0.01312	0.01684	0.06365	0.30940	0.22508	0.01687	0.00774	0.00243	0.00409	0.26675	0.00560	0.00520
26	0.04753	0.01131	0.01279	0.00970	0.01460	0.00984	0.00775	0.04458	0.13592	0.05854	0.01372	0.01452	0.01076	0.00538	0.00484	0.00121	0.00463	0.00429	0.00429	0.58384
27	0.00949	0.00603	0.00800	0.00825	0.00940	0.00554	0.00590	0.01136	0.01420	0.08253	0.31724	0.42403	0.04441	0.01526	0.00731	0.00217	0.00337	0.01367	0.00616	0.00566
28	0.02699	0.01024	0.01396	0.01070	0.01536	0.00884	0.00884	0.02932	0.01722	0.75522	0.02373	0.02048	0.01489	0.00745	0.00605	0.00186	0.00512	0.00605	0.00745	0.01024
29	0.60329	0.01200	0.01076	0.00906	0.01307	0.01331	0.00747	0.10163	0.01348	0.15041	0.01165	0.01210	0.00835	0.00608	0.00438	0.00185	0.00496	0.00397	0.00461	0.00757
30	0.01797	0.28454	0.02471	0.01968	0.20622	0.28529	0.04564	0.02033	0.01441	0.01600	0.00963	0.01172	0.00826	0.00557	0.00510	0.00154	0.00836	0.00418	0.00289	0.00794
31	0.01406	0.01064	0.01264	0.00911	0.01438	0.00811	0.00732	0.01670	0.01299	0.10007	0.01212	0.01335	0.00956	0.00478	0.00463	0.00100	0.00453	0.00384	0.00399	0.73620
32	0.03825	0.08405	0.41591	0.05074	0.04153	0.01342	0.01661	0.02034	0.04913	0.13261	0.01431	0.01732	0.01086	0.03516	0.00661	0.00203	0.00746	0.03142	0.00368	0.00856
33	0.01698	0.01895	0.30028	0.01789	0.14719	0.01210	0.01577	0.06561	0.01514	0.22095	0.01695	0.04335	0.01316	0.00746	0.00613	0.00195	0.00699	0.05960	0.00450	0.00907
34	0.00858	0.00626	0.00889	0.00895	0.00976	0.00705	0.00661	0.01022	0.00955	0.01353	0.01742	0.05819	0.01752	0.20374	0.57604	0.00855	0.01339	0.00738	0.00341	0.00498
35	0.02287	0.01685	0.01805	0.01384	0.01866	0.01866	0.01143	0.73100	0.02828	0.03791	0.01444	0.01444	0.01023	0.00722	0.00602	0.00181	0.00662	0.00542	0.00602	0.01023
36	0.04735	0.01349	0.07420	0.07361	0.06636	0.04059	0.13278	0.05860	0.01365	0.07543	0.01744	0.16954	0.01678	0.00980	0.00847	0.00216	0.11557	0.05274	0.00412	0.00732
37	0.01591	0.00985	0.01144	0.00995	0.01288	0.02414	0.00783	0.04878	0.21768	0.20520	0.25523	0.02962	0.02943	0.00933	0.00630	0.00190	0.00429	0.02287	0.06933	0.00806
38	0.01420	0.01623	0.03550	0.02535	0.03144	0.01521	0.72921	0.01927	0.01420	0.01927	0.01217	0.01623	0.00913	0.00507	0.00710	0.00203	0.01014	0.00710	0.00304	0.00811
39	0.00751	0.00591	0.00682	0.00731	0.00874	0.00522	0.00539	0.00910	0.01334	0.01678	0.10637	0.27406	0.42116	0.01619	0.00738	0.00220	0.00337	0.07237	0.00567	0.00511
40	0.05613	0.01334	0.01778	0.20462	0.05112	0.01466	0.06217	0.29607	0.04439	0.08870	0.04248	0.01934	0.01303	0.00733	0.00614	0.00194	0.00675	0.04057	0.00488	0.00857
41	0.02175	0.01885	0.01599	0.01349	0.01738	0.27266	0.01061	0.20702	0.17831	0.15763	0.01656	0.01606	0.01201	0.00712	0.00584	0.00178	0.00739	0.00530	0.00530	0.00896
42	0.00874	0.00586	0.00671	0.00671	0.00676	0.00591	0.00383	0.00884	0.00879	0.01177	0.01882	0.03862	0.02155	0.75349	0.06527	0.00601	0.00632	0.00864	0.00363	0.00373
43	0.00733	0.00524	0.00698	0.00838	0.00873	0.00489	0.00558	0.00838	0.01152	0.01536	0.03316	0.78466	0.03979	0.01885	0.00768	0.00244	0.00349	0.01710	0.00558	0.00489
44	0.01496	0.01409	0.04005	0.16567	0.36316	0.01393	0.18257	0.01929	0.03281	0.07551	0.01269	0.01599	0.00976	0.00565	0.00624	0.00190	0.00782	0.00583	0.00335	0.00872
45	0.09635	0.01422	0.01639	0.04130	0.01827	0.01550	0.04423	0.34040	0.18456	0.14039	0.01730	0.01687	0.01229	0.00717	0.00588	0.00189	0.00601	0.00570	0.00578	0.00949
46	0.06098	0.01575	0.01652	0.01299	0.01752	0.05216	0.01062	0.48814	0.08758	0.15173	0.01630	0.01573	0.01141	0.00721	0.00590	0.00183	0.00632	0.00547	0.00601	0.00984
47	0.01706	0.01309	0.02116	0.22619	0.20599	0.03989	0.12806	0.02120	0.04626	0.19843	0.01483	0.01697	0.01069	0.00615	0.00616	0.00191	0.00739	0.00581	0.00414	0.00862
48	0.00777	0.00551	0.00711	0.00821	0.00864	0.00523	0.00556	0.00880	0.01131	0.01496	0.03153	0.56747	0.06121	0.15361	0.01174	0.00305	0.00406	0.07426	0.00524	0.00473
49	0.01924	0.02304	0.01837	0.07761	0.14766	0.49859	0.01325	0.02132	0.01528	0.01560	0.00978	0.01241	0.00824	0.00719	0.02228	0.00188	0.07350	0.00441	0.00301	0.00733
50	0.01342	0.01230	0.02170	0.36362	0.26267	0.01328	0.11332	0.01720	0.01308	0.05265	0.01283	0.05389	0.01055	0.00638	0.00623	0.00195	0.00767	0.00620	0.00319	0.00786
51	0.01462	0.11494	0.14283	0.21079	0.07531	0.03565	0.05878	0.11138	0.10103	0.02054	0.01363	0.01747	0.01085	0.00667	0.00586	0.00189	0.00743	0.03847	0.00367	0.00821
52	0.00794	0.00616	0.00722	0.00745	0.00902	0.00553	0.00571	0.00987	0.01415	0.01815	0.21465	0.11735	0.38346	0.04386	0.00822	0.00229	0.00354	0.12446	0.00575	0.00522
53	0.01395	0.05671	0.25613	0.01782	0.13306	0.03482	0.05986	0.06407	0.01438	0.06567	0.05848	0.11165	0.01646	0.00838	0.00670	0.00197	0.03479	0.03308	0.00392	0.00811
54	0.01800	0.03523	0.10078	0.09033	0.19364	0.02848	0.07480	0.06447	0.04216	0.22965	0.05048	0.01792	0.01320	0.00659	0.00606	0.00186	0.00683	0.00583	0.00464	0.00903
55	0.01601	0.00941	0.01405	0.09922	0.04342	0.00913	0.05968	0.04455	0.01519	0.25885	0.07019	0.12492	0.05889	0.01081	0.00685	0.00213	0.00556	0.13787	0.00566	0.00760
56	0.10712	0.01399	0.01952	0.10657	0.17375	0.08748	0.12651	0.02137	0.03992	0.19306	0.01505	0.04406	0.01147	0.00658	0.00594	0.00189	0.00712	0.00590	0.00431	0.00839
57	0.01785	0.01468	0.04389	0.15719	0.25066	0.05624	0.09381	0.10180	0.01598	0.16751	0.01400	0.01601	0.01021	0.00613	0.00608	0.00186	0.00743	0.00558	0.00416	0.00892
58	0.01705	0.04475	0.13134	0.04423	0.14305	0.02870	0.16506	0.02087	0.01468	0.21954	0.05680	0.01929	0.03964	0.00678	0.00644	0.00189	0.02057	0.00623	0.00441	0.00869
59	0.01716	0.05387	0.12280	0.05128	0.14095	0.11176	0.08458	0.03907	0.01502	0.17510	0.04303	0.06840	0.03531	0.00743	0.00608	0.00185	0.00722	0.00644	0.00432	0.00834
60	0.07523	0.16577	0.04117	0.11582	0.03552	0.06525	0.02254	0.01788	0.06299	0.08196	0.16218	0.02456	0.07474	0.00820	0.00574	0.00180	0.00578	0.02119	0.00447	0.00721

[dist]
# distance from previous block
# <min> <max>
4	21

[block]
# block no. 3 follows, 38 sequences, length 8
# corresponding to MSA columns:
# 555-562
name=unknown_D
#
# <colnr> <probs for GDERKNQSTAVLIFYWHMCP>
#	G	D	E	R	K	N	Q	S	T	A	V	L	I	F	Y	W	H	M	C	P
0	0.04508	0.09672	0.18600	0.13957	0.11662	0.01466	0.01489	0.05279	0.01338	0.11921	0.01241	0.01532	0.00960	0.03624	0.00823	0.00207	0.10041	0.00507	0.00356	0.00818
1	0.01160	0.01306	0.09644	0.42062	0.11913	0.01248	0.07901	0.01572	0.01311	0.01760	0.09224	0.02067	0.04895	0.00694	0.00624	0.00196	0.00740	0.00635	0.00329	0.00720
2	0.01055	0.00986	0.09822	0.00889	0.01200	0.00697	0.00801	0.01312	0.01409	0.09537	0.11019	0.08862	0.35140	0.01269	0.00683	0.00202	0.00433	0.08524	0.00539	0.05621
3	0.01986	0.09984	0.06377	0.01734	0.18158	0.03306	0.01224	0.04148	0.01532	0.32890	0.05962	0.01807	0.01413	0.00708	0.00675	0.00183	0.05932	0.00564	0.00506	0.00911
4	0.09746	0.01702	0.10514	0.01338	0.01822	0.01637	0.01208	0.50172	0.02317	0.03251	0.01525	0.01940	0.01213	0.00787	0.00600	0.00192	0.00659	0.07922	0.00533	0.00922
5	0.01796	0.33242	0.10474	0.04156	0.10660	0.12128	0.01293	0.08319	0.01506	0.09547	0.01135	0.01256	0.00892	0.00583	0.00503	0.00158	0.00733	0.00427	0.00351	0.00841
6	0.10992	0.01201	0.04191	0.14057	0.01950	0.01179	0.01039	0.13904	0.04733	0.23521	0.10398	0.01974	0.01653	0.00731	0.00579	0.00183	0.00562	0.00590	0.00539	0.06024
7	0.30762	0.13195	0.06383	0.02915	0.04226	0.08983	0.01029	0.11253	0.09520	0.04840	0.01186	0.01274	0.00911	0.00615	0.00481	0.00176	0.00625	0.00428	0.00405	0.00794

[dist]
# distance from previous block
# <min> <max>
0	1

[block]
# block no. 4 follows, 38 sequences, length 12
# corresponding to MSA columns:
# 564-575
name=unknown_E
#
# <colnr> <probs for GDERKNQSTAVLIFYWHMCP>
#	G	D	E	R	K	N	Q	S	T	A	V	L	I	F	Y	W	H	M	C	P
0	0.07224	0.01269	0.01843	0.47961	0.18611	0.05794	0.01567	0.01755	0.04987	0.01758	0.01128	0.01537	0.00874	0.00597	0.00581	0.00192	0.00759	0.00519	0.00302	0.00743
1	0.05891	0.00928	0.01396	0.38936	0.02589	0.01055	0.03389	0.01347	0.01108	0.01552	0.01384	0.05395	0.01308	0.19352	0.05819	0.00331	0.00742	0.00652	0.00320	0.06507
2	0.00842	0.00612	0.00787	0.00805	0.00912	0.00633	0.00594	0.01006	0.01092	0.01497	0.02848	0.10458	0.17463	0.15238	0.33288	0.00591	0.00917	0.03584	0.06332	0.00501
3	0.00804	0.00734	0.04555	0.00774	0.00963	0.00584	0.00626	0.01022	0.01423	0.01859	0.25367	0.13837	0.34882	0.03825	0.00791	0.00220	0.00360	0.06262	0.00567	0.00542
4	0.00839	0.00605	0.00831	0.00873	0.00957	0.00625	0.00644	0.01015	0.01168	0.01613	0.14348	0.23036	0.03127	0.12618	0.26947	0.00530	0.00822	0.08423	0.00469	0.00509
5	0.01345	0.04991	0.22939	0.01910	0.15502	0.05941	0.09980	0.03512	0.09061	0.01946	0.04094	0.05577	0.07652	0.00761	0.00639	0.00191	0.02106	0.00664	0.00371	0.00819
6	0.01464	0.07925	0.05677	0.15855	0.29864	0.06074	0.05889	0.04020	0.05363	0.01893	0.01161	0.01453	0.00932	0.00562	0.00567	0.00171	0.00730	0.00504	0.00321	0.09575
7	0.05259	0.21023	0.13735	0.01310	0.07039	0.01412	0.01148	0.04830	0.03607	0.17188	0.04962	0.05163	0.01409	0.03664	0.00630	0.00184	0.00604	0.00559	0.00434	0.05840
8	0.16406	0.19663	0.08462	0.01339	0.06153	0.04215	0.04357	0.10401	0.07910	0.07815	0.06688	0.01572	0.01307	0.00654	0.00519	0.00173	0.00621	0.00502	0.00423	0.00820
9	0.05473	0.23856	0.16512	0.01426	0.07454	0.03883	0.01285	0.04282	0.05261	0.12535	0.01252	0.01353	0.00957	0.00617	0.00595	0.00167	0.05387	0.00447	0.00375	0.06883
10	0.07797	0.07733	0.01889	0.06917	0.05380	0.03902	0.10096	0.12293	0.01572	0.16251	0.02848	0.01594	0.01118	0.00667	0.00673	0.00180	0.06995	0.00533	0.05267	0.06298
11	0.08268	0.12895	0.07419	0.06709	0.07759	0.09592	0.01133	0.11381	0.04110	0.06427	0.04491	0.03300	0.08029	0.00746	0.00576	0.00175	0.01900	0.00578	0.00417	0.04096

[dist]
# distance from previous block
# <min> <max>
114	900

[block]
# block no. 5 follows, 38 sequences, length 27
# corresponding to MSA columns:
# 1589-1615
name=unknown_F
#
# <colnr> <probs for GDERKNQSTAVLIFYWHMCP>
#	G	D	E	R	K	N	Q	S	T	A	V	L	I	F	Y	W	H	M	C	P
0	0.02400	0.00958	0.01300	0.01020	0.01433	0.00833	0.00833	0.02641	0.01719	0.63692	0.14092	0.02443	0.02167	0.00823	0.00622	0.00187	0.00475	0.00683	0.00731	0.00950
1	0.05276	0.05315	0.01605	0.01262	0.04287	0.01503	0.00977	0.40560	0.04416	0.12801	0.01608	0.01913	0.01270	0.13348	0.00980	0.00245	0.00616	0.00588	0.00545	0.00884
2	0.14923	0.01912	0.01746	0.20097	0.09342	0.33220	0.04158	0.01983	0.01401	0.01751	0.00975	0.01262	0.00785	0.00608	0.00592	0.00179	0.03603	0.00445	0.00307	0.00710
3	0.00798	0.00563	0.00740	0.00856	0.00904	0.00540	0.00600	0.00917	0.01148	0.01523	0.03063	0.53627	0.03597	0.14301	0.01150	0.00305	0.00423	0.13938	0.00526	0.00480
4	0.14987	0.01208	0.01292	0.01118	0.01493	0.01328	0.00887	0.02903	0.45092	0.19829	0.02170	0.01993	0.01562	0.00758	0.00572	0.00197	0.00483	0.00605	0.00605	0.00920
5	0.13093	0.11963	0.02347	0.01594	0.02079	0.07313	0.24656	0.10099	0.03716	0.14057	0.01333	0.01466	0.00978	0.00605	0.00597	0.00183	0.02125	0.00540	0.00421	0.00835
6	0.00994	0.00523	0.00770	0.00792	0.00798	0.00517	0.00528	0.00792	0.00843	0.01124	0.01412	0.14230	0.01520	0.02057	0.02095	0.69187	0.00494	0.00715	0.00309	0.00298
7	0.02400	0.00958	0.01300	0.01020	0.01433	0.00833	0.00833	0.02641	0.01719	0.63692	0.14092	0.02443	0.02167	0.00823	0.00622	0.00187	0.00475	0.00683	0.00731	0.00950
8	0.41987	0.01136	0.01139	0.00958	0.01358	0.01212	0.00781	0.02403	0.13078	0.27950	0.01631	0.01554	0.01134	0.00665	0.00492	0.00189	0.00483	0.00480	0.00540	0.00829
9	0.29602	0.01088	0.01365	0.36152	0.02573	0.01232	0.01129	0.01602	0.01163	0.02035	0.03180	0.01415	0.00909	0.00580	0.00500	0.00177	0.00612	0.00450	0.00330	0.13907
10	0.02357	0.00950	0.01278	0.01005	0.01416	0.00824	0.00821	0.02591	0.01699	0.62275	0.11433	0.02565	0.06290	0.00849	0.00624	0.00188	0.00472	0.00703	0.00724	0.00938
11	0.00855	0.00611	0.00773	0.00742	0.00858	0.00572	0.00535	0.01078	0.01519	0.02122	0.56010	0.04493	0.07256	0.16587	0.01178	0.00270	0.00351	0.03068	0.00597	0.00525
12	0.01286	0.01343	0.08440	0.49416	0.19181	0.01352	0.04260	0.01701	0.01272	0.04419	0.01137	0.01567	0.00860	0.00587	0.00602	0.00194	0.00787	0.00536	0.00292	0.00767
13	0.01345	0.01192	0.01846	0.60343	0.08363	0.01428	0.01597	0.13137	0.01477	0.01930	0.01134	0.01571	0.00847	0.00617	0.00601	0.00196	0.00774	0.00536	0.00323	0.00744
14	0.02538	0.00988	0.01344	0.01043	0.01480	0.00857	0.00857	0.02775	0.01720	0.69143	0.08692	0.02261	0.01854	0.00787	0.00614	0.00186	0.00492	0.00647	0.00737	0.00984
15	0.00811	0.00659	0.00856	0.13145	0.01389	0.00650	0.00713	0.00987	0.01246	0.01568	0.03970	0.29351	0.31334	0.05434	0.00839	0.00240	0.00429	0.05358	0.00501	0.00523
16	0.01903	0.01311	0.03907	0.05885	0.20880	0.03786	0.09707	0.05794	0.01561	0.29211	0.01800	0.08550	0.01401	0.00747	0.00626	0.00191	0.00662	0.00679	0.00500	0.00899
17	0.14942	0.19413	0.11135	0.01338	0.01850	0.03328	0.12225	0.02062	0.01351	0.18367	0.02795	0.01444	0.01038	0.00612	0.00570	0.00175	0.03209	0.00486	0.00404	0.03256
18	0.01395	0.01234	0.01661	0.01393	0.01528	0.01550	0.01148	0.04394	0.01109	0.05960	0.01082	0.05274	0.01018	0.00966	0.01530	0.00226	0.53698	0.00564	0.00335	0.13935
19	0.09036	0.01182	0.03430	0.08015	0.06259	0.01187	0.07101	0.10855	0.07475	0.15800	0.06866	0.07715	0.04728	0.00886	0.00660	0.00201	0.02462	0.04826	0.00515	0.00802
20	0.08600	0.04727	0.06306	0.02936	0.08192	0.01184	0.16933	0.05970	0.01346	0.08846	0.01593	0.09973	0.01465	0.13376	0.01000	0.00252	0.00670	0.00716	0.00403	0.05514
21	0.01673	0.03104	0.13012	0.03552	0.08241	0.03088	0.15899	0.02040	0.01442	0.21914	0.03871	0.05280	0.01472	0.00761	0.00683	0.00195	0.03563	0.05180	0.00453	0.04577
22	0.08017	0.02827	0.07277	0.04694	0.08279	0.03957	0.05610	0.07327	0.04040	0.16159	0.07034	0.01743	0.01370	0.00749	0.00828	0.00195	0.14327	0.00566	0.00443	0.04557
23	0.17714	0.04101	0.06192	0.03426	0.06305	0.04726	0.00995	0.07659	0.06713	0.17168	0.04891	0.04870	0.04144	0.00739	0.00547	0.00178	0.00559	0.00582	0.00487	0.08003
24	0.13171	0.01351	0.05568	0.07077	0.01863	0.06438	0.08471	0.05329	0.06901	0.19047	0.01859	0.06539	0.04392	0.00768	0.00584	0.00187	0.00622	0.02225	0.00483	0.07126
25	0.20502	0.01267	0.03111	0.05660	0.06524	0.05770	0.05627	0.04575	0.06807	0.12488	0.05173	0.02863	0.01386	0.07668	0.00766	0.00215	0.00597	0.00566	0.00444	0.07991
26	0.02672	0.01283	0.08522	0.05681	0.04447	0.01128	0.03203	0.10941	0.05868	0.19332	0.11345	0.04122	0.07274	0.00844	0.00683	0.00188	0.04377	0.00694	0.00529	0.06870

[dist]
# distance from previous block
# <min> <max>
19	401

[block]
# block no. 6 follows, 38 sequences, length 102
# corresponding to MSA columns:
# 2047-2102,2113-2158
name=unknown_G
#
# <colnr> <probs for GDERKNQSTAVLIFYWHMCP>
#	G	D	E	R	K	N	Q	S	T	A	V	L	I	F	Y	W	H	M	C	P
0	0.01362	0.02797	0.12870	0.02374	0.04922	0.00908	0.01025	0.01741	0.06349	0.16831	0.09132	0.23202	0.02560	0.03962	0.00750	0.00221	0.00524	0.05581	0.00527	0.02360
1	0.02895	0.19779	0.13820	0.03908	0.01737	0.01433	0.03879	0.07780	0.08717	0.09361	0.14372	0.02225	0.06082	0.00779	0.00573	0.00177	0.00590	0.00633	0.00460	0.00800
2	0.01747	0.09929	0.15386	0.06614	0.03660	0.01217	0.01186	0.04161	0.07092	0.25868	0.01788	0.07450	0.01399	0.03589	0.00666	0.00195	0.00609	0.00617	0.00488	0.06338
3	0.05747	0.07465	0.04658	0.00900	0.01079	0.00831	0.00709	0.02595	0.01239	0.01746	0.10007	0.43275	0.05775	0.05315	0.00824	0.00232	0.02334	0.01225	0.00494	0.03550
4	0.08287	0.05983	0.20214	0.05073	0.02159	0.01312	0.16011	0.05424	0.01384	0.10977	0.01494	0.10135	0.01258	0.00740	0.00636	0.00192	0.02884	0.00652	0.00392	0.04794
5	0.01405	0.06617	0.23535	0.14279	0.10354	0.02488	0.07472	0.01852	0.02564	0.10425	0.03123	0.02079	0.08387	0.00717	0.00605	0.00190	0.00727	0.01999	0.00373	0.00809
6	0.01545	0.05497	0.44179	0.01672	0.04362	0.09170	0.05257	0.08966	0.06133	0.05764	0.01251	0.01381	0.00907	0.00609	0.00576	0.00184	0.00834	0.00482	0.00345	0.00887
7	0.01511	0.11910	0.22414	0.04151	0.02348	0.01501	0.21151	0.07927	0.01478	0.07736	0.04683	0.01566	0.01124	0.00613	0.00636	0.00182	0.03205	0.00554	0.00361	0.04945
8	0.04236	0.09320	0.08112	0.04917	0.05378	0.07314	0.04124	0.05950	0.01446	0.14961	0.04725	0.12561	0.05086	0.01074	0.04370	0.00230	0.04253	0.00732	0.00452	0.00761
9	0.01439	0.10465	0.37084	0.01746	0.05891	0.01405	0.14446	0.01942	0.01356	0.10053	0.01501	0.01812	0.03655	0.00656	0.00598	0.00189	0.00798	0.03768	0.00345	0.00852
10	0.00901	0.00601	0.00792	0.00890	0.00969	0.00577	0.00629	0.01092	0.04745	0.05305	0.03133	0.61838	0.03599	0.01763	0.00814	0.03184	0.00388	0.07683	0.00559	0.00536
11	0.01359	0.01477	0.09861	0.19714	0.33448	0.01334	0.11844	0.01764	0.01342	0.04464	0.01516	0.01833	0.06090	0.00627	0.00619	0.00190	0.00759	0.00605	0.00322	0.00833
12	0.01563	0.01392	0.08012	0.19352	0.25864	0.01289	0.06574	0.06905	0.01484	0.13217	0.01713	0.01920	0.06675	0.00673	0.00614	0.00189	0.00704	0.00608	0.00398	0.00855
13	0.01282	0.04826	0.20217	0.04243	0.01857	0.01159	0.08395	0.07913	0.01378	0.06911	0.01905	0.24797	0.01887	0.03087	0.03537	0.00246	0.04313	0.00893	0.00422	0.00732
14	0.05211	0.08822	0.05104	0.40423	0.02856	0.01268	0.03360	0.01556	0.01245	0.04671	0.01575	0.09441	0.01461	0.00849	0.00616	0.00206	0.00693	0.09614	0.00356	0.00675
15	0.06664	0.02301	0.01769	0.07398	0.05141	0.49750	0.04781	0.05552	0.01653	0.07931	0.01104	0.01260	0.00856	0.00621	0.00556	0.00167	0.00942	0.00443	0.00359	0.00752
16	0.01287	0.01232	0.02165	0.45678	0.14302	0.01376	0.14185	0.05131	0.01355	0.01793	0.01229	0.01842	0.00988	0.00634	0.00631	0.00201	0.00807	0.04108	0.00309	0.00748
17	0.04923	0.01403	0.05213	0.11688	0.05535	0.01377	0.31956	0.04341	0.01392	0.08523	0.01580	0.02039	0.04665	0.00715	0.00788	0.00208	0.08324	0.04181	0.00371	0.00779
18	0.01311	0.08491	0.11481	0.01457	0.03215	0.01100	0.16343	0.01635	0.01340	0.10649	0.02171	0.22923	0.02170	0.01095	0.00681	0.00215	0.00647	0.11903	0.00454	0.00720
19	0.01142	0.01069	0.01776	0.73569	0.04007	0.01310	0.01623	0.01536	0.01205	0.01558	0.01069	0.01586	0.00806	0.00594	0.00594	0.00195	0.00784	0.00526	0.00272	0.04780
20	0.01593	0.73425	0.04857	0.01056	0.01571	0.02312	0.01055	0.01874	0.04880	0.01483	0.00923	0.01037	0.00825	0.00531	0.00402	0.00134	0.00641	0.00343	0.00275	0.00784
21	0.05489	0.04403	0.01286	0.01068	0.01379	0.04861	0.00861	0.05675	0.18840	0.19024	0.16533	0.05122	0.02575	0.00974	0.00635	0.00199	0.00498	0.09176	0.00602	0.00801
22	0.01457	0.30878	0.37063	0.01445	0.02128	0.01803	0.04360	0.07173	0.05027	0.01895	0.01091	0.01233	0.00845	0.00571	0.00513	0.00168	0.00766	0.00428	0.00301	0.00856
23	0.46938	0.01332	0.01279	0.01095	0.01442	0.05866	0.04135	0.04593	0.12934	0.06038	0.01212	0.01318	0.00929	0.00663	0.00607	0.00195	0.07818	0.00444	0.00420	0.00742
24	0.00832	0.00632	0.00761	0.00718	0.00885	0.00562	0.00531	0.01057	0.01526	0.02078	0.46399	0.06116	0.23898	0.06383	0.00853	0.00215	0.00318	0.01100	0.00598	0.04538
25	0.01591	0.06570	0.01526	0.01235	0.01596	0.04322	0.00979	0.08353	0.61152	0.02501	0.02210	0.02056	0.01665	0.00782	0.00594	0.00195	0.00524	0.00635	0.00577	0.00936
26	0.01566	0.57720	0.13781	0.01222	0.01778	0.05653	0.03938	0.01915	0.04684	0.01562	0.00967	0.01101	0.00826	0.00542	0.00444	0.00145	0.00707	0.00375	0.00278	0.00796
27	0.01306	0.19634	0.56868	0.01545	0.02330	0.01616	0.01910	0.01935	0.04237	0.01823	0.01083	0.01243	0.00808	0.00569	0.00533	0.00178	0.00819	0.00427	0.00269	0.00866
28	0.00969	0.00692	0.00969	0.01108	0.01246	0.00692	0.00969	0.01246	0.01385	0.01800	0.03185	0.06786	0.03462	0.01662	0.00831	0.00277	0.00554	0.71057	0.00554	0.00554
29	0.01184	0.01102	0.01876	0.22624	0.25344	0.01147	0.09040	0.01540	0.01417	0.01947	0.20611	0.02517	0.05531	0.00777	0.00645	0.00191	0.00639	0.00732	0.00397	0.00739
30	0.01862	0.06728	0.30539	0.01413	0.02022	0.07356	0.01478	0.16779	0.01722	0.19191	0.01507	0.04214	0.01100	0.00690	0.00579	0.00183	0.00737	0.00535	0.00454	0.00911
31	0.01319	0.19039	0.50991	0.01676	0.02449	0.01621	0.11151	0.01886	0.01279	0.01804	0.01046	0.01251	0.00784	0.00551	0.00550	0.00179	0.00853	0.00453	0.00261	0.00854
32	0.00828	0.00610	0.00775	0.00742	0.00887	0.00556	0.00553	0.01087	0.01635	0.02273	0.62822	0.08135	0.14262	0.01297	0.00712	0.00194	0.00289	0.01140	0.00644	0.00556
33	0.00946	0.00713	0.00974	0.01141	0.04771	0.00694	0.00916	0.01204	0.01382	0.01776	0.03629	0.06341	0.16699	0.01581	0.00797	0.00258	0.00515	0.54557	0.00542	0.00565
34	0.04580	0.12805	0.22870	0.01464	0.02025	0.04633	0.10790	0.04868	0.04858	0.16329	0.01412	0.01509	0.01022	0.00632	0.00611	0.00181	0.03651	0.00511	0.04394	0.00855
35	0.00749	0.00535	0.00715	0.00847	0.00891	0.00501	0.00578	0.00869	0.01185	0.01584	0.06235	0.72067	0.04024	0.01847	0.00768	0.00244	0.00356	0.04946	0.00562	0.00495
36	0.00732	0.00527	0.00695	0.00829	0.00870	0.00489	0.00555	0.00839	0.01160	0.01539	0.03423	0.75670	0.06706	0.01871	0.00766	0.00243	0.00347	0.01693	0.00558	0.00489
37	0.05144	0.07366	0.08400	0.35626	0.12628	0.01474	0.15287	0.01760	0.03313	0.01771	0.01117	0.01505	0.00859	0.00570	0.00592	0.00191	0.00801	0.00539	0.00291	0.00766
38	0.00858	0.03337	0.00827	0.00867	0.00942	0.00582	0.00608	0.00980	0.01189	0.04683	0.03182	0.69101	0.03735	0.01777	0.00750	0.00239	0.00376	0.04884	0.00555	0.00524
39	0.00870	0.00576	0.00665	0.00676	0.00679	0.00573	0.00387	0.00868	0.00894	0.01192	0.01978	0.10002	0.02288	0.69363	0.02843	0.03908	0.00561	0.00929	0.00376	0.00371
40	0.83108	0.01163	0.00884	0.00791	0.01163	0.01350	0.00651	0.01768	0.01024	0.02699	0.00838	0.00977	0.00651	0.00558	0.00372	0.00186	0.00465	0.00326	0.00372	0.00651
41	0.00826	0.00608	0.00775	0.00762	0.00900	0.00557	0.00570	0.01074	0.01589	0.02195	0.55556	0.12609	0.14067	0.01354	0.00721	0.00201	0.00305	0.04146	0.00634	0.00551
42	0.01247	0.01069	0.01247	0.00891	0.01426	0.00802	0.00713	0.01515	0.01247	0.01960	0.01069	0.01247	0.00891	0.00446	0.00446	0.00089	0.00446	0.00356	0.00356	0.82536
43	0.00874	0.00615	0.00838	0.00838	0.00898	0.00675	0.00591	0.00983	0.00922	0.01290	0.01694	0.02946	0.01746	0.33165	0.44446	0.04799	0.01160	0.00728	0.00336	0.00457
44	0.00773	0.00572	0.00724	0.00788	0.00887	0.00523	0.00562	0.00943	0.01353	0.01804	0.23390	0.41920	0.16995	0.01631	0.00745	0.00223	0.00333	0.04732	0.00587	0.00517
45	0.00912	0.00983	0.10051	0.04459	0.01352	0.00739	0.04336	0.01236	0.01545	0.02144	0.46596	0.07477	0.13519	0.01155	0.00691	0.00195	0.00422	0.01019	0.00559	0.00612
46	0.02276	0.01091	0.01326	0.01043	0.01446	0.01058	0.00853	0.19794	0.01899	0.43021	0.02062	0.01940	0.01386	0.00730	0.00567	0.00175	0.00501	0.00580	0.17322	0.00929
47	0.01247	0.01069	0.01247	0.00891	0.01426	0.00802	0.00713	0.01515	0.01247	0.01960	0.01069	0.01247	0.00891	0.00446	0.00446	0.00089	0.00446	0.00356	0.00356	0.82536
48	0.05398	0.00833	0.01110	0.01083	0.01341	0.00800	0.00927	0.01849	0.02890	0.25501	0.02800	0.04905	0.02665	0.01299	0.00733	0.00242	0.00535	0.43764	0.00608	0.00717
49	0.01207	0.03112	0.75741	0.01715	0.02604	0.01397	0.02223	0.01905	0.01270	0.01905	0.01080	0.01270	0.00762	0.00572	0.00572	0.00191	0.00889	0.00445	0.00254	0.00889
50	0.02699	0.01024	0.01396	0.01070	0.01536	0.00884	0.00884	0.02932	0.01722	0.75522	0.02373	0.02048	0.01489	0.00745	0.00605	0.00186	0.00512	0.00605	0.00745	0.01024
51	0.01207	0.03112	0.75741	0.01715	0.02604	0.01397	0.02223	0.01905	0.01270	0.01905	0.01080	0.01270	0.00762	0.00572	0.00572	0.00191	0.00889	0.00445	0.00254	0.00889
52	0.02671	0.01069	0.01424	0.01092	0.01558	0.00951	0.00902	0.07729	0.01797	0.70618	0.02310	0.02006	0.01457	0.00743	0.00605	0.00186	0.00522	0.00601	0.00735	0.01024
53	0.01420	0.01623	0.03550	0.02535	0.03144	0.01521	0.72921	0.01927	0.01420	0.01927	0.01217	0.01623	0.00913	0.00507	0.00710	0.00203	0.01014	0.00710	0.00304	0.00811
54	0.01194	0.00582	0.00599	0.00584	0.00739	0.00576	0.00442	0.01472	0.01283	0.05602	0.01981	0.02234	0.01539	0.00703	0.00429	0.00142	0.00291	0.00563	0.78464	0.00582
55	0.02241	0.00912	0.01219	0.00970	0.01351	0.00801	0.00788	0.02486	0.01677	0.56389	0.14655	0.02482	0.02206	0.00823	0.00606	0.00182	0.00452	0.00683	0.08174	0.00904
56	0.01670	0.01695	0.25715	0.01385	0.04923	0.01118	0.01345	0.02268	0.11434	0.25134	0.07831	0.02245	0.01716	0.00951	0.04192	0.00231	0.00674	0.04078	0.00511	0.00883
57	0.00733	0.00524	0.00698	0.00838	0.00873	0.00489	0.00558	0.00838	0.01152	0.01536	0.03316	0.78466	0.03979	0.01885	0.00768	0.00244	0.00349	0.01710	0.00558	0.00489
58	0.01207	0.03112	0.75741	0.01715	0.02604	0.01397	0.02223	0.01905	0.01270	0.01905	0.01080	0.01270	0.00762	0.00572	0.00572	0.00191	0.00889	0.00445	0.00254	0.00889
59	0.01450	0.01535	0.05699	0.14205	0.18121	0.04938	0.30597	0.01950	0.05936	0.04706	0.01352	0.04325	0.01080	0.00613	0.00647	0.00196	0.00839	0.00649	0.00340	0.00822
60	0.00924	0.00809	0.04332	0.00940	0.01051	0.05048	0.00701	0.01071	0.01220	0.04178	0.03030	0.64610	0.03528	0.01698	0.00742	0.00236	0.00432	0.04371	0.00536	0.00541
61	0.75292	0.01239	0.00968	0.04577	0.01342	0.04881	0.00725	0.01787	0.01065	0.02584	0.00853	0.01013	0.00665	0.00563	0.00392	0.00185	0.00511	0.00339	0.00364	0.00654
62	0.00739	0.00528	0.00703	0.00834	0.00874	0.00492	0.00559	0.00852	0.01178	0.01577	0.06686	0.74978	0.04059	0.01854	0.00765	0.00242	0.00346	0.01681	0.00563	0.00492
63	0.00851	0.00615	0.00804	0.00757	0.00899	0.00568	0.00568	0.01135	0.01703	0.02412	0.74788	0.04494	0.05676	0.01230	0.00710	0.00189	0.00284	0.01088	0.00662	0.00568
64	0.01652	0.50872	0.08855	0.01285	0.01804	0.10256	0.06678	0.04885	0.05631	0.01663	0.01015	0.01149	0.00855	0.00556	0.00465	0.00149	0.00731	0.00399	0.00301	0.00797
65	0.83108	0.01163	0.00884	0.00791	0.01163	0.01350	0.00651	0.01768	0.01024	0.02699	0.00838	0.00977	0.00651	0.00558	0.00372	0.00186	0.00465	0.00326	0.00372	0.00651
66	0.00842	0.00670	0.00762	0.00729	0.00916	0.00619	0.00550	0.01185	0.07650	0.02063	0.37408	0.04894	0.36856	0.01329	0.00702	0.00197	0.00310	0.01136	0.00611	0.00573
67	0.00777	0.00612	0.00701	0.00679	0.00853	0.00536	0.00509	0.00991	0.01527	0.01995	0.38332	0.05181	0.42393	0.01386	0.00710	0.00197	0.00295	0.01184	0.00607	0.00536
68	0.01526	0.01307	0.01377	0.01230	0.01576	0.01510	0.00959	0.05851	0.71316	0.02565	0.02410	0.02214	0.01805	0.00813	0.00612	0.00203	0.00483	0.00675	0.00612	0.00955
69	0.01484	0.53890	0.24188	0.01292	0.01919	0.02059	0.04425	0.01837	0.01245	0.01579	0.00923	0.01081	0.00775	0.00531	0.00453	0.00150	0.00730	0.00374	0.00258	0.00808
70	0.01608	0.79220	0.03152	0.01029	0.01544	0.02380	0.01029	0.01801	0.01222	0.01415	0.00836	0.00965	0.00772	0.00515	0.00386	0.00129	0.00643	0.00322	0.00257	0.00772
71	0.02287	0.01685	0.01805	0.01384	0.01866	0.01866	0.01143	0.73100	0.02828	0.03791	0.01444	0.01444	0.01023	0.00722	0.00602	0.00181	0.00662	0.00542	0.00602	0.01023
72	0.01608	0.79220	0.03152	0.01029	0.01544	0.02380	0.01029	0.01801	0.01222	0.01415	0.00836	0.00965	0.00772	0.00515	0.00386	0.00129	0.00643	0.00322	0.00257	0.00772
73	0.01451	0.00814	0.00971	0.00839	0.01130	0.00736	0.00660	0.04412	0.05244	0.24766	0.16978	0.04054	0.33198	0.01163	0.00669	0.00195	0.00387	0.00974	0.00639	0.00720
74	0.00867	0.00584	0.00654	0.00654	0.00663	0.00580	0.00369	0.00874	0.00898	0.01187	0.02088	0.04022	0.05519	0.75313	0.02954	0.00566	0.00570	0.00893	0.00373	0.00371
75	0.01370	0.00809	0.01030	0.00860	0.01163	0.00690	0.00669	0.01624	0.01538	0.18956	0.32164	0.08905	0.03280	0.00962	0.00616	0.00167	0.00380	0.00831	0.03483	0.20503
76	0.00875	0.00583	0.00656	0.00656	0.00656	0.00583	0.00365	0.00875	0.00875	0.01166	0.01895	0.03937	0.02187	0.78858	0.03062	0.00583	0.00583	0.00875	0.00365	0.00365
77	0.83108	0.01163	0.00884	0.00791	0.01163	0.01350	0.00651	0.01768	0.01024	0.02699	0.00838	0.00977	0.00651	0.00558	0.00372	0.00186	0.00465	0.00326	0.00372	0.00651
78	0.62497	0.01158	0.01034	0.00877	0.01274	0.01275	0.00723	0.05283	0.01253	0.18060	0.01188	0.01224	0.00845	0.00605	0.00432	0.00186	0.00484	0.00394	0.00461	0.00747
79	0.01354	0.01476	0.06294	0.23511	0.25265	0.01435	0.26001	0.01829	0.03380	0.01846	0.01178	0.01577	0.00913	0.00554	0.00635	0.00194	0.00843	0.00594	0.00298	0.00823
80	0.01611	0.01409	0.01837	0.25628	0.23193	0.10959	0.01433	0.03918	0.07336	0.10676	0.05049	0.01750	0.01258	0.00655	0.00599	0.00186	0.00723	0.00564	0.00395	0.00822
81	0.00833	0.00614	0.00779	0.00738	0.00888	0.00560	0.00553	0.01100	0.01660	0.02310	0.65877	0.04662	0.14651	0.01268	0.00710	0.00191	0.00287	0.01112	0.00649	0.00560
82	0.00859	0.00645	0.00967	0.00967	0.01074	0.00752	0.00752	0.01074	0.00967	0.01396	0.01611	0.02363	0.01504	0.04512	0.76474	0.00967	0.01611	0.00645	0.00322	0.00537
83	0.01407	0.01345	0.02293	0.20865	0.58575	0.01408	0.01805	0.01774	0.01331	0.01866	0.01117	0.01516	0.00918	0.00551	0.00597	0.00184	0.00735	0.00536	0.00291	0.00887
84	0.02247	0.02867	0.01705	0.01550	0.01860	0.76443	0.01162	0.02402	0.01705	0.01472	0.00930	0.01085	0.00775	0.00620	0.00542	0.00155	0.01085	0.00387	0.00310	0.00697
85	0.00762	0.00626	0.00681	0.00709	0.00899	0.00545	0.00559	0.00940	0.01374	0.01660	0.05516	0.05988	0.60663	0.01551	0.00735	0.00218	0.00354	0.15147	0.00558	0.00517
86	0.00875	0.00583	0.00656	0.00656	0.00656	0.00583	0.00365	0.00875	0.00875	0.01166	0.01895	0.03937	0.02187	0.78858	0.03062	0.00583	0.00583	0.00875	0.00365	0.00365
87	0.01439	0.22260	0.22008	0.01801	0.13650	0.01800	0.01559	0.05234	0.01259	0.01759	0.00966	0.01246	0.00815	0.00684	0.00895	0.00191	0.20885	0.00453	0.00281	0.00815
88	0.01546	0.36842	0.16353	0.01326	0.01789	0.07508	0.01319	0.04799	0.05547	0.01680	0.01000	0.01192	0.00846	0.00660	0.00752	0.00174	0.15164	0.00418	0.00297	0.00788
89	0.01519	0.01395	0.02457	0.19990	0.12430	0.01453	0.27503	0.13220	0.01578	0.05123	0.01345	0.05198	0.01075	0.00653	0.00675	0.00198	0.02338	0.00658	0.00372	0.00821
90	0.01489	0.01429	0.02442	0.03692	0.75106	0.01429	0.01846	0.01846	0.01370	0.01965	0.01132	0.01489	0.00953	0.00536	0.00596	0.00179	0.00715	0.00536	0.00298	0.00953
91	0.00936	0.00705	0.00778	0.00770	0.00810	0.04191	0.00492	0.00993	0.00935	0.01234	0.01784	0.03436	0.01962	0.57876	0.20028	0.00652	0.00846	0.00798	0.00352	0.00420
92	0.00918	0.00630	0.00825	0.00768	0.00922	0.00579	0.00579	0.01199	0.01704	0.05027	0.72198	0.04406	0.05526	0.01212	0.00706	0.00189	0.00292	0.01071	0.00665	0.00584
93	0.01277	0.03013	0.72236	0.01684	0.02553	0.01373	0.02160	0.01954	0.01291	0.05377	0.01141	0.01307	0.00796	0.00580	0.00573	0.00190	0.00871	0.00452	0.00277	0.00895
94	0.02092	0.00885	0.01179	0.00950	0.01311	0.00776	0.00767	0.02335	0.01679	0.51204	0.19635	0.02817	0.06062	0.00895	0.00626	0.00186	0.00437	0.00749	0.04547	0.00869
95	0.00865	0.00621	0.00848	0.00848	0.00915	0.00688	0.00604	0.00998	0.00932	0.01309	0.01720	0.02963	0.01764	0.32860	0.48482	0.00821	0.01219	0.00732	0.00338	0.00471
