[name]
unknown

[dist]
# distance from previous block
# <min> <max>
0	278

[block]
# block no. 0 follows, 31 sequences, length 8
# corresponding to MSA columns:
# 300-307
name=unknown_A
#
# <colnr> <probs for GDERKNQSTAVLIFYWHMCP>
#	G	D	E	R	K	N	Q	S	T	A	V	L	I	F	Y	W	H	M	C	P
0	0.01512	0.11062	0.14431	0.01706	0.11930	0.04661	0.01377	0.06280	0.03688	0.02218	0.04629	0.04671	0.10454	0.00901	0.00652	0.00192	0.00695	0.03941	0.00445	0.14556
1	0.04328	0.20821	0.02007	0.01283	0.01627	0.09615	0.01069	0.06292	0.09533	0.02140	0.07093	0.10150	0.02045	0.01179	0.03593	0.00242	0.07678	0.03951	0.00473	0.04879
2	0.09410	0.16511	0.16130	0.01908	0.15452	0.06472	0.01501	0.06450	0.01558	0.05002	0.01400	0.04448	0.01219	0.06477	0.00815	0.00229	0.00787	0.00584	0.00391	0.03257
3	0.01864	0.12638	0.08076	0.01717	0.04555	0.15602	0.09250	0.09273	0.11495	0.02314	0.01618	0.02058	0.01350	0.00776	0.00649	0.00196	0.00847	0.05580	0.00447	0.09696
4	0.01180	0.01016	0.01728	0.01431	0.01735	0.00933	0.18462	0.01409	0.01449	0.01931	0.07970	0.12005	0.15086	0.01491	0.01131	0.14011	0.00650	0.09163	0.00492	0.06727
5	0.01852	0.25016	0.02402	0.01697	0.10571	0.02059	0.01265	0.11068	0.31877	0.02570	0.01881	0.01877	0.01469	0.00768	0.00612	0.00198	0.00661	0.00606	0.00523	0.01029
6	0.00948	0.00704	0.00886	0.00857	0.01031	0.00643	0.00654	0.01243	0.01842	0.02530	0.54783	0.05561	0.18298	0.01494	0.00817	0.00225	0.00348	0.05781	0.00723	0.00632
7	0.01409	0.02338	0.33121	0.08463	0.02882	0.01480	0.18043	0.05872	0.01602	0.02213	0.02143	0.02530	0.10374	0.00841	0.00726	0.00226	0.00917	0.03530	0.00387	0.00903

[dist]
# distance from previous block
# <min> <max>
0	3

[block]
# block no. 1 follows, 31 sequences, length 30
# corresponding to MSA columns:
# 311-328,330-341
name=unknown_B
#
# <colnr> <probs for GDERKNQSTAVLIFYWHMCP>
#	G	D	E	R	K	N	Q	S	T	A	V	L	I	F	Y	W	H	M	C	P
0	0.06536	0.09780	0.35371	0.07559	0.04078	0.01700	0.08460	0.04471	0.03624	0.07471	0.01359	0.01572	0.00995	0.00686	0.00696	0.00214	0.03539	0.00552	0.00373	0.00964
1	0.01033	0.00785	0.01042	0.03424	0.01164	0.00872	0.00736	0.01180	0.01226	0.01710	0.13356	0.12596	0.03002	0.29915	0.16286	0.00574	0.09029	0.01043	0.00471	0.00557
2	0.01039	0.00665	0.00871	0.00965	0.01062	0.00617	0.00676	0.01183	0.01386	0.07318	0.05051	0.55458	0.07995	0.06553	0.01020	0.00295	0.00440	0.06164	0.00640	0.00603
3	0.01477	0.01847	0.16274	0.01962	0.07830	0.05419	0.14131	0.01998	0.06427	0.04381	0.03968	0.13815	0.01855	0.01291	0.05826	0.00296	0.09042	0.00873	0.00432	0.00858
4	0.01934	0.01233	0.01788	0.11514	0.08696	0.03049	0.05746	0.07178	0.04733	0.21019	0.01782	0.02080	0.01344	0.01458	0.07344	0.16263	0.00825	0.00655	0.00509	0.00851
5	0.01556	0.15994	0.10330	0.09674	0.02220	0.04857	0.07853	0.06479	0.04676	0.02134	0.06915	0.02013	0.01555	0.01115	0.04874	0.05439	0.03473	0.00627	0.07404	0.00812
6	0.01156	0.00744	0.00939	0.09804	0.01390	0.00802	0.00756	0.01422	0.01367	0.02159	0.02498	0.24458	0.02441	0.01213	0.00722	0.00211	0.04571	0.01027	0.41685	0.00634
7	0.01799	0.20960	0.04696	0.01577	0.05201	0.06343	0.09711	0.06589	0.01651	0.11553	0.02155	0.16326	0.05053	0.01019	0.00705	0.00210	0.02223	0.00869	0.00491	0.00871
8	0.05345	0.02018	0.21406	0.06782	0.06720	0.01466	0.20795	0.04536	0.01621	0.14384	0.01716	0.07123	0.01344	0.00777	0.00712	0.00224	0.00884	0.00737	0.00450	0.00960
9	0.02079	0.01218	0.01595	0.01325	0.01712	0.01210	0.04881	0.19720	0.02045	0.24989	0.02743	0.16710	0.05446	0.01463	0.05672	0.00291	0.00700	0.04581	0.00681	0.00939
10	0.04406	0.01378	0.01665	0.07110	0.01917	0.06033	0.04888	0.14942	0.01863	0.10282	0.09262	0.05514	0.08785	0.01171	0.03183	0.00252	0.10611	0.00814	0.05081	0.00843
11	0.04675	0.01675	0.06621	0.09450	0.26626	0.01609	0.09005	0.12244	0.01819	0.14270	0.01551	0.01779	0.01145	0.00711	0.00746	0.00215	0.03724	0.00630	0.00471	0.01032
12	0.01624	0.11323	0.15344	0.06233	0.20587	0.10097	0.08792	0.02094	0.03603	0.02066	0.05528	0.04561	0.03670	0.00771	0.00669	0.00205	0.00864	0.00676	0.00379	0.00916
13	0.01199	0.00857	0.00989	0.00948	0.01175	0.00823	0.00709	0.05890	0.08413	0.07007	0.16258	0.22525	0.27424	0.01580	0.00797	0.00237	0.00416	0.01363	0.00679	0.00711
14	0.01468	0.08659	0.15713	0.05577	0.02036	0.03744	0.05704	0.02024	0.08663	0.07685	0.12906	0.10003	0.07228	0.01086	0.00721	0.00223	0.00684	0.04506	0.00528	0.00841
15	0.02152	0.06491	0.19565	0.01791	0.06259	0.05638	0.06113	0.14759	0.08774	0.18956	0.01790	0.01806	0.01260	0.00747	0.00668	0.00209	0.00812	0.00609	0.00542	0.01060
16	0.01621	0.01955	0.11442	0.10333	0.11456	0.05776	0.27484	0.05090	0.01556	0.02112	0.01291	0.01776	0.01037	0.03263	0.01021	0.00245	0.10623	0.00674	0.00346	0.00899
17	0.17109	0.01207	0.01448	0.04061	0.01709	0.01260	0.00997	0.07807	0.06389	0.30859	0.05981	0.02215	0.01714	0.01390	0.09888	0.00329	0.03393	0.00659	0.00637	0.00948
18	0.02012	0.09839	0.11709	0.08114	0.22580	0.12682	0.05061	0.04248	0.01683	0.13505	0.01448	0.01648	0.01088	0.00676	0.00648	0.00200	0.00881	0.00567	0.00420	0.00990
19	0.01622	0.01788	0.14765	0.06844	0.20734	0.01471	0.09125	0.09583	0.01742	0.05939	0.08312	0.07740	0.01895	0.00889	0.00769	0.00223	0.03032	0.02121	0.00460	0.00945
20	0.01465	0.01038	0.01547	0.14253	0.06043	0.01088	0.04486	0.01805	0.04614	0.13455	0.02939	0.24562	0.09041	0.01338	0.00877	0.00248	0.05633	0.04224	0.00560	0.00783
21	0.01440	0.01218	0.09040	0.06825	0.01682	0.00982	0.01010	0.04876	0.06191	0.12507	0.11655	0.06718	0.23822	0.01202	0.00724	0.00219	0.00527	0.01007	0.07557	0.00798
22	0.01983	0.12770	0.15513	0.05967	0.05701	0.08702	0.11190	0.02544	0.07962	0.17050	0.01701	0.03135	0.01264	0.00731	0.00659	0.00206	0.00852	0.00623	0.00470	0.00978
23	0.09468	0.02107	0.22083	0.11026	0.10099	0.01617	0.09306	0.13394	0.01791	0.10489	0.01459	0.01664	0.01045	0.00691	0.00663	0.00215	0.00856	0.00589	0.00444	0.00994
24	0.00863	0.00616	0.00777	0.00892	0.00939	0.00578	0.00583	0.00963	0.01268	0.01673	0.03706	0.56275	0.09403	0.16451	0.01375	0.00349	0.00445	0.01721	0.00592	0.00530
25	0.01615	0.01650	0.06116	0.37323	0.06740	0.06085	0.06898	0.10860	0.01667	0.02196	0.01261	0.01686	0.00966	0.00706	0.00764	0.00214	0.05177	0.00592	0.00369	0.07116
26	0.01693	0.06920	0.12754	0.17105	0.10734	0.03880	0.19578	0.02169	0.01547	0.08867	0.01391	0.01710	0.01039	0.00638	0.00679	0.00206	0.00913	0.00616	0.00378	0.07182
27	0.01479	0.02489	0.34578	0.01968	0.04169	0.06315	0.16231	0.05057	0.01642	0.02269	0.09393	0.07785	0.01843	0.00847	0.00719	0.00221	0.00914	0.00769	0.00404	0.00909
28	0.01416	0.00796	0.01003	0.00944	0.01129	0.00739	0.00674	0.01570	0.01353	0.15391	0.02626	0.20607	0.02675	0.25367	0.05661	0.00414	0.00612	0.04166	0.05940	0.06916
29	0.01830	0.11422	0.25078	0.05019	0.08650	0.01512	0.01643	0.04297	0.01603	0.18361	0.02005	0.06174	0.05243	0.00855	0.00713	0.00213	0.03250	0.00686	0.00476	0.00971

[dist]
# distance from previous block
# <min> <max>
0	6

[block]
# block no. 2 follows, 31 sequences, length 15
# corresponding to MSA columns:
# 348-362
name=unknown_C
#
# <colnr> <probs for GDERKNQSTAVLIFYWHMCP>
#	G	D	E	R	K	N	Q	S	T	A	V	L	I	F	Y	W	H	M	C	P
0	0.01730	0.08002	0.12210	0.09510	0.26742	0.01648	0.09320	0.04934	0.01610	0.08577	0.03290	0.01883	0.02781	0.00718	0.00745	0.00212	0.04066	0.00639	0.00402	0.00981
1	0.29434	0.01538	0.08865	0.05451	0.01934	0.01378	0.01152	0.08583	0.01710	0.30959	0.01765	0.01727	0.01187	0.00742	0.00593	0.00213	0.00643	0.00549	0.00597	0.00979
2	0.01576	0.01665	0.08483	0.15142	0.50828	0.01547	0.02009	0.02019	0.01510	0.02169	0.01326	0.01743	0.01077	0.00636	0.00664	0.00206	0.00817	0.00602	0.04981	0.00999
3	0.01693	0.06472	0.20500	0.06438	0.29064	0.01646	0.14346	0.02209	0.01551	0.07559	0.01376	0.01679	0.01047	0.00634	0.00681	0.00210	0.00907	0.00611	0.00362	0.01014
4	0.05409	0.09595	0.17139	0.05790	0.15007	0.05956	0.01585	0.05369	0.07238	0.09475	0.05587	0.05715	0.01611	0.00812	0.00653	0.00208	0.00767	0.00668	0.00462	0.00956
5	0.00974	0.00663	0.00816	0.00891	0.01021	0.00592	0.00625	0.01119	0.01428	0.06435	0.04659	0.49746	0.24643	0.01933	0.00841	0.00259	0.00394	0.01710	0.00649	0.00603
6	0.01089	0.01030	0.08979	0.03256	0.05998	0.00805	0.01009	0.01220	0.01252	0.01699	0.02516	0.31868	0.02798	0.04120	0.01387	0.21107	0.00591	0.08221	0.00473	0.00583
7	0.05778	0.15088	0.13987	0.05806	0.02323	0.07240	0.07381	0.07371	0.09678	0.13672	0.01604	0.01698	0.01181	0.00735	0.00688	0.00206	0.03545	0.00574	0.00474	0.00970
8	0.02210	0.01231	0.05127	0.01190	0.01615	0.01074	0.01003	0.11993	0.01953	0.35618	0.07865	0.10154	0.06261	0.01270	0.04335	0.00261	0.00628	0.00881	0.04362	0.00969
9	0.01232	0.01060	0.01459	0.01482	0.06023	0.01255	0.01091	0.03888	0.01379	0.01935	0.08293	0.19252	0.06342	0.05336	0.04772	0.00330	0.25497	0.08193	0.00491	0.00690
10	0.01621	0.11668	0.18901	0.08137	0.12211	0.03791	0.06542	0.05440	0.01601	0.05293	0.05248	0.01989	0.04796	0.00759	0.00716	0.00202	0.03892	0.00627	0.00399	0.06166
11	0.02040	0.07277	0.13393	0.06502	0.05519	0.01411	0.09480	0.07648	0.01758	0.25336	0.02061	0.09712	0.01643	0.00897	0.00701	0.00219	0.00757	0.02103	0.00558	0.00984
12	0.06215	0.08801	0.16502	0.01383	0.01937	0.01392	0.04847	0.02552	0.11386	0.21715	0.08700	0.02254	0.01880	0.00817	0.00645	0.00207	0.00662	0.00670	0.06467	0.00968
13	0.01612	0.01527	0.09529	0.04595	0.28940	0.01316	0.01537	0.06741	0.03913	0.08571	0.15438	0.06025	0.05424	0.00935	0.00717	0.00214	0.00670	0.00831	0.00519	0.00947
14	0.05495	0.06494	0.42858	0.01646	0.02448	0.07573	0.01888	0.02271	0.01523	0.09724	0.01344	0.01486	0.00971	0.00654	0.00612	0.00194	0.00882	0.00494	0.00376	0.11069

[dist]
# distance from previous block
# <min> <max>
5	89

[block]
# block no. 3 follows, 31 sequences, length 26
# corresponding to MSA columns:
# 474-482,489-505
name=unknown_D
#
# <colnr> <probs for GDERKNQSTAVLIFYWHMCP>
#	G	D	E	R	K	N	Q	S	T	A	V	L	I	F	Y	W	H	M	C	P
0	0.13704	0.01380	0.01591	0.04331	0.11198	0.04228	0.01082	0.05117	0.07395	0.07805	0.01720	0.04807	0.03356	0.00735	0.00591	0.00175	0.00608	0.00594	0.00480	0.29104
1	0.06476	0.04952	0.10986	0.16629	0.05914	0.01482	0.10323	0.04883	0.09646	0.05063	0.03965	0.07549	0.04224	0.00858	0.00685	0.00218	0.00762	0.00760	0.00455	0.04169
2	0.05423	0.01235	0.01797	0.11684	0.08847	0.01198	0.06176	0.02329	0.05928	0.22768	0.05360	0.02436	0.04428	0.00957	0.03076	0.00233	0.00697	0.02341	0.00559	0.12530
3	0.04651	0.05962	0.01508	0.01358	0.07606	0.01095	0.04087	0.01669	0.03961	0.06278	0.03160	0.02590	0.01699	0.14978	0.20581	0.04369	0.00953	0.00703	0.06491	0.06302
4	0.01895	0.10742	0.01944	0.01653	0.08686	0.14077	0.01201	0.04359	0.27273	0.07394	0.04931	0.02324	0.05848	0.00885	0.00722	0.00209	0.03663	0.00692	0.00546	0.00955
5	0.00873	0.00684	0.00790	0.00788	0.00970	0.00601	0.00582	0.01098	0.01677	0.02183	0.31504	0.13892	0.38615	0.01650	0.00815	0.00230	0.00343	0.01421	0.00681	0.00601
6	0.01772	0.01453	0.04431	0.07699	0.04501	0.04222	0.01274	0.10575	0.09612	0.11592	0.04743	0.05631	0.04403	0.03634	0.02832	0.00276	0.16211	0.03725	0.00534	0.00881
7	0.01008	0.00713	0.00866	0.00828	0.01023	0.00635	0.00620	0.01266	0.01773	0.05736	0.42386	0.09869	0.27692	0.01530	0.00806	0.00224	0.00348	0.01324	0.00711	0.00642
8	0.01568	0.06575	0.09412	0.11243	0.08486	0.01552	0.17563	0.06234	0.05597	0.05356	0.06162	0.10217	0.01824	0.00904	0.00793	0.00226	0.04115	0.00832	0.00451	0.00890
9	0.01150	0.00685	0.00744	0.00720	0.00914	0.00636	0.00543	0.01426	0.01590	0.05006	0.17417	0.04192	0.22333	0.01183	0.00645	0.00193	0.00337	0.00987	0.38655	0.00642
10	0.01370	0.01315	0.06435	0.04150	0.03834	0.01239	0.04133	0.06364	0.22722	0.02515	0.13911	0.05657	0.14279	0.01203	0.00762	0.00235	0.00577	0.07832	0.00616	0.00852
11	0.16593	0.03591	0.03643	0.03704	0.07040	0.01703	0.01202	0.22860	0.17575	0.09525	0.01884	0.04636	0.01443	0.00834	0.00639	0.00215	0.00650	0.00654	0.00594	0.01015
12	0.80789	0.01323	0.01006	0.00900	0.01323	0.01535	0.00741	0.02011	0.01164	0.03070	0.00953	0.01111	0.00741	0.00635	0.00423	0.00212	0.00529	0.00370	0.00423	0.00741
13	0.01326	0.01202	0.03929	0.01051	0.01546	0.00934	0.00861	0.01620	0.01414	0.02166	0.07597	0.03859	0.01683	0.04888	0.03408	0.00194	0.03434	0.00574	0.00433	0.57879
14	0.01198	0.01066	0.01431	0.01335	0.01430	0.04225	0.01066	0.01411	0.01119	0.01609	0.01522	0.02272	0.01434	0.03774	0.49057	0.00823	0.23543	0.00681	0.00346	0.00659
15	0.01864	0.09269	0.09268	0.11221	0.13096	0.04624	0.06326	0.09170	0.07723	0.10563	0.04135	0.01900	0.01381	0.00756	0.00723	0.00210	0.03676	0.00629	0.02498	0.00968
16	0.64754	0.01644	0.03934	0.01061	0.01503	0.10423	0.00894	0.02161	0.01304	0.05715	0.01049	0.01190	0.00803	0.00653	0.00467	0.00207	0.00638	0.00398	0.00427	0.00775
17	0.01682	0.01547	0.02187	0.09972	0.10328	0.09575	0.15937	0.08931	0.01753	0.06262	0.02239	0.13551	0.05234	0.01052	0.00759	0.00232	0.00825	0.06598	0.00487	0.00850
18	0.01662	0.11385	0.04717	0.07065	0.14813	0.07484	0.05007	0.07215	0.12464	0.02262	0.06192	0.02442	0.04482	0.05811	0.00890	0.00239	0.02327	0.02187	0.00460	0.00896
19	0.01269	0.00803	0.00999	0.00938	0.01043	0.00839	0.00642	0.01456	0.04519	0.09219	0.05389	0.03745	0.02368	0.45125	0.15336	0.00636	0.03707	0.00900	0.00478	0.00587
20	0.01523	0.07932	0.08823	0.03405	0.10794	0.01493	0.02908	0.09423	0.14136	0.02484	0.10505	0.07833	0.07470	0.01015	0.00763	0.00218	0.03940	0.00847	0.03593	0.00896
21	0.00884	0.00646	0.00841	0.00970	0.01059	0.00603	0.00703	0.01053	0.01416	0.01858	0.07307	0.51954	0.12720	0.02014	0.00875	0.00276	0.00428	0.13181	0.00640	0.00576
22	0.01572	0.11061	0.06586	0.08519	0.15072	0.06838	0.09067	0.02037	0.05892	0.04775	0.11058	0.06258	0.03673	0.01033	0.03415	0.00242	0.00807	0.00775	0.00450	0.00870
23	0.01098	0.00895	0.01058	0.00924	0.01261	0.00728	0.00703	0.01334	0.01483	0.02083	0.10145	0.19744	0.17795	0.01283	0.00701	0.00189	0.00434	0.03618	0.00550	0.33977
24	0.01901	0.20771	0.06879	0.13579	0.12988	0.04723	0.01533	0.11464	0.06583	0.07780	0.01425	0.01624	0.01104	0.00718	0.00687	0.00200	0.04093	0.00552	0.00430	0.00966
25	0.01551	0.01328	0.06060	0.03120	0.05251	0.01192	0.07403	0.09667	0.09089	0.08585	0.13767	0.12499	0.07803	0.01124	0.00742	0.00220	0.00608	0.02626	0.00597	0.06767

[dist]
# distance from previous block
# <min> <max>
1	8

[block]
# block no. 4 follows, 31 sequences, length 15
# corresponding to MSA columns:
# 515-517,519-530
name=unknown_E
#
# <colnr> <probs for GDERKNQSTAVLIFYWHMCP>
#	G	D	E	R	K	N	Q	S	T	A	V	L	I	F	Y	W	H	M	C	P
0	0.04641	0.04546	0.01752	0.11470	0.05736	0.01501	0.01194	0.14951	0.13679	0.06528	0.01938	0.10883	0.01668	0.00922	0.00717	0.00207	0.03236	0.00757	0.00536	0.13137
1	0.01668	0.03304	0.01458	0.01160	0.01507	0.01229	0.00925	0.15454	0.05300	0.10031	0.19322	0.05082	0.06532	0.03957	0.03735	0.00255	0.05517	0.00849	0.00616	0.12099
2	0.01590	0.00892	0.01017	0.03960	0.01286	0.00854	0.00706	0.06417	0.01626	0.11584	0.02352	0.02520	0.05551	0.00818	0.00551	0.00169	0.00432	0.00659	0.46481	0.10536
3	0.01200	0.03683	0.01387	0.01460	0.09819	0.01078	0.00951	0.01294	0.01163	0.01605	0.01981	0.13737	0.02164	0.21515	0.06699	0.11661	0.12403	0.05195	0.00409	0.00598
4	0.00881	0.00691	0.00768	0.00752	0.00933	0.00609	0.00546	0.01079	0.01607	0.02062	0.26332	0.05867	0.42759	0.10772	0.01137	0.00279	0.00378	0.01324	0.00645	0.00579
5	0.80789	0.01323	0.01006	0.00900	0.01323	0.01535	0.00741	0.02011	0.01164	0.03070	0.00953	0.01111	0.00741	0.00635	0.00423	0.00212	0.00529	0.00370	0.00423	0.00741
6	0.01292	0.01216	0.02052	0.74312	0.04712	0.01520	0.01900	0.01748	0.01368	0.01748	0.01216	0.01824	0.00912	0.00684	0.00684	0.00228	0.00912	0.00608	0.00304	0.00760
7	0.02601	0.01916	0.02053	0.01574	0.02122	0.02122	0.01300	0.69408	0.03217	0.04312	0.01643	0.01643	0.01163	0.00821	0.00684	0.00205	0.00753	0.00616	0.00684	0.01163
8	0.01968	0.01617	0.01992	0.01843	0.09461	0.01778	0.06294	0.19983	0.38672	0.05463	0.02229	0.02171	0.01656	0.00838	0.00699	0.00221	0.00671	0.00716	0.00634	0.01094
9	0.72264	0.01445	0.01115	0.00981	0.01410	0.04611	0.00803	0.06533	0.01334	0.03093	0.01003	0.01152	0.00775	0.00650	0.00449	0.00210	0.00574	0.00390	0.00438	0.00771
10	0.01687	0.01532	0.02693	0.19299	0.43869	0.01574	0.10249	0.02116	0.01550	0.06782	0.01377	0.01783	0.01081	0.00638	0.00696	0.00213	0.00861	0.00639	0.00366	0.00998
11	0.01684	0.01653	0.02932	0.04037	0.63299	0.01638	0.10365	0.02111	0.01565	0.02230	0.01299	0.01712	0.01078	0.00606	0.00693	0.00207	0.00855	0.00634	0.00340	0.01064
12	0.00992	0.00676	0.00812	0.00812	0.00835	0.00699	0.00497	0.01037	0.01014	0.01375	0.02095	0.04144	0.02343	0.62769	0.16472	0.00744	0.00881	0.00946	0.00406	0.00451
13	0.01443	0.01343	0.02190	0.26009	0.31915	0.01443	0.03702	0.01962	0.06527	0.02172	0.10197	0.02391	0.04183	0.00791	0.00705	0.00217	0.00759	0.00733	0.00415	0.00903
14	0.01738	0.06560	0.13785	0.01927	0.13051	0.04485	0.06571	0.06417	0.05916	0.09329	0.01770	0.09707	0.01514	0.00824	0.00662	0.00197	0.00746	0.00716	0.00467	0.13618

[dist]
# distance from previous block
# <min> <max>
0	1

[block]
# block no. 5 follows, 31 sequences, length 17
# corresponding to MSA columns:
# 532-548
name=unknown_F
#
# <colnr> <probs for GDERKNQSTAVLIFYWHMCP>
#	G	D	E	R	K	N	Q	S	T	A	V	L	I	F	Y	W	H	M	C	P
0	0.01542	0.01508	0.02061	0.28420	0.13444	0.07547	0.01635	0.04955	0.01428	0.01896	0.01307	0.05576	0.01178	0.03105	0.01197	0.00254	0.21118	0.00673	0.00350	0.00807
1	0.80789	0.01323	0.01006	0.00900	0.01323	0.01535	0.00741	0.02011	0.01164	0.03070	0.00953	0.01111	0.00741	0.00635	0.00423	0.00212	0.00529	0.00370	0.00423	0.00741
2	0.00830	0.00636	0.00761	0.00852	0.00968	0.00568	0.00593	0.00978	0.01429	0.01826	0.07772	0.46908	0.29504	0.01959	0.00846	0.00258	0.00375	0.01729	0.00640	0.00568
3	0.02601	0.01916	0.02053	0.01574	0.02122	0.02122	0.01300	0.69408	0.03217	0.04312	0.01643	0.01643	0.01163	0.00821	0.00684	0.00205	0.00753	0.00616	0.00684	0.01163
4	0.00891	0.00635	0.00845	0.00976	0.01041	0.00601	0.00689	0.01050	0.01391	0.01863	0.10157	0.56148	0.04533	0.05565	0.01001	0.00295	0.00434	0.10682	0.00635	0.00568
5	0.01656	0.01306	0.01588	0.07008	0.01938	0.01197	0.01015	0.11808	0.01677	0.06265	0.01376	0.01601	0.01094	0.00849	0.04267	0.00192	0.04115	0.00494	0.00456	0.50099
6	0.01673	0.01746	0.05965	0.09565	0.58132	0.04093	0.04652	0.02100	0.01553	0.02172	0.01274	0.01682	0.01051	0.00619	0.00679	0.00206	0.00858	0.00606	0.00334	0.01038
7	0.01829	0.76368	0.03585	0.01171	0.01756	0.02707	0.01171	0.02049	0.01390	0.01610	0.00951	0.01097	0.00878	0.00585	0.00439	0.00146	0.00732	0.00366	0.00293	0.00878
8	0.01809	0.04856	0.01725	0.01330	0.01744	0.01478	0.03466	0.32198	0.02196	0.02988	0.02089	0.20620	0.02012	0.01297	0.04165	0.00248	0.00687	0.00925	0.00582	0.13587
9	0.01372	0.03539	0.72412	0.01950	0.02961	0.01589	0.02528	0.02167	0.01444	0.02167	0.01228	0.01444	0.00867	0.00650	0.00650	0.00217	0.01011	0.00506	0.00289	0.01011
10	0.00918	0.00669	0.00833	0.00845	0.00988	0.00610	0.00614	0.01162	0.01689	0.02322	0.39822	0.23216	0.17343	0.01624	0.00811	0.00232	0.00346	0.01430	0.03917	0.00610
11	0.02601	0.01916	0.02053	0.01574	0.02122	0.02122	0.01300	0.69408	0.03217	0.04312	0.01643	0.01643	0.01163	0.00821	0.00684	0.00205	0.00753	0.00616	0.00684	0.01163
12	0.01630	0.01408	0.01479	0.01336	0.01711	0.01612	0.01038	0.03423	0.64945	0.02781	0.03116	0.02875	0.07630	0.00992	0.00705	0.00232	0.00526	0.00827	0.00691	0.01042
13	0.01934	0.01554	0.01645	0.01406	0.01827	0.01767	0.01114	0.22104	0.48027	0.03256	0.02435	0.02295	0.01811	0.00891	0.00682	0.00221	0.00590	0.00722	0.04636	0.01083
14	0.01497	0.01497	0.02095	0.01796	0.01796	0.02095	0.01497	0.01646	0.01048	0.01646	0.00898	0.01497	0.00898	0.01197	0.02245	0.00299	0.74704	0.00599	0.00299	0.00748
15	0.52727	0.01245	0.01185	0.00998	0.01443	0.01328	0.00820	0.02397	0.01449	0.24856	0.04624	0.01673	0.01295	0.00736	0.00524	0.00212	0.00537	0.00509	0.00572	0.00870
16	0.01457	0.02381	0.33382	0.08302	0.21933	0.01564	0.07331	0.02033	0.01475	0.02120	0.01431	0.02078	0.01190	0.00761	0.00770	0.00227	0.04375	0.05892	0.00336	0.00962

[dist]
# distance from previous block
# <min> <max>
3	25

[block]
# block no. 6 follows, 31 sequences, length 31
# corresponding to MSA columns:
# 574-597,601-607
name=unknown_G
#
# <colnr> <probs for GDERKNQSTAVLIFYWHMCP>
#	G	D	E	R	K	N	Q	S	T	A	V	L	I	F	Y	W	H	M	C	P
0	0.01736	0.12378	0.09930	0.05576	0.13627	0.03578	0.01415	0.09409	0.11029	0.05585	0.04366	0.02041	0.04765	0.00763	0.00632	0.00190	0.00706	0.00622	0.00472	0.11180
1	0.23232	0.26403	0.02205	0.01255	0.01722	0.06971	0.03773	0.07397	0.12917	0.02431	0.01388	0.01580	0.01144	0.04196	0.00665	0.00212	0.00696	0.00506	0.00436	0.00871
2	0.59213	0.15048	0.01523	0.00969	0.01435	0.01697	0.00835	0.02063	0.01253	0.05827	0.01042	0.01177	0.00821	0.00629	0.00442	0.00195	0.00568	0.00385	0.00417	0.04462
3	0.04515	0.01591	0.02495	0.07637	0.41216	0.03511	0.06810	0.04483	0.04365	0.05870	0.01459	0.01921	0.01202	0.00738	0.00819	0.00220	0.07021	0.02732	0.00399	0.00996
4	0.00990	0.00691	0.00827	0.00832	0.00985	0.00622	0.00592	0.01174	0.01554	0.05394	0.22992	0.22164	0.26033	0.10652	0.01140	0.00289	0.00402	0.01416	0.00651	0.00600
5	0.01078	0.00771	0.00999	0.00985	0.01105	0.00851	0.00721	0.01401	0.07681	0.01712	0.02186	0.03189	0.04528	0.20325	0.38422	0.04894	0.01206	0.00809	0.06543	0.00595
6	0.00950	0.00678	0.00809	0.00815	0.00885	0.00674	0.00532	0.01044	0.01174	0.01556	0.06563	0.08854	0.14093	0.43412	0.14506	0.00619	0.00774	0.01095	0.00474	0.00495
7	0.01415	0.01146	0.01247	0.01153	0.01468	0.01236	0.00899	0.02594	0.39850	0.04851	0.11529	0.04111	0.19120	0.01229	0.00750	0.00234	0.00477	0.05113	0.00689	0.00888
8	0.01829	0.76368	0.03585	0.01171	0.01756	0.02707	0.01171	0.02049	0.01390	0.01610	0.00951	0.01097	0.00878	0.00585	0.00439	0.00146	0.00732	0.00366	0.00293	0.00878
9	0.01251	0.01111	0.01409	0.01274	0.01515	0.05470	0.08335	0.03240	0.13680	0.02301	0.20600	0.27893	0.06247	0.01434	0.00796	0.00239	0.00545	0.01293	0.00628	0.00740
10	0.34454	0.28758	0.02138	0.01178	0.01649	0.16177	0.01019	0.02207	0.01423	0.04338	0.01025	0.01167	0.00847	0.00637	0.00475	0.00181	0.00744	0.00392	0.00375	0.00813
11	0.02601	0.01916	0.02053	0.01574	0.02122	0.02122	0.01300	0.69408	0.03217	0.04312	0.01643	0.01643	0.01163	0.00821	0.00684	0.00205	0.00753	0.00616	0.00684	0.01163
12	0.01702	0.01470	0.01547	0.01392	0.01779	0.01702	0.01083	0.03635	0.70453	0.02862	0.02785	0.02553	0.02088	0.00928	0.00696	0.00232	0.00541	0.00773	0.00696	0.01083
13	0.02556	0.03261	0.01939	0.01763	0.02115	0.73210	0.01322	0.02732	0.01939	0.01674	0.01058	0.01234	0.00881	0.00705	0.00617	0.00176	0.01234	0.00441	0.00353	0.00793
14	0.80789	0.01323	0.01006	0.00900	0.01323	0.01535	0.00741	0.02011	0.01164	0.03070	0.00953	0.01111	0.00741	0.00635	0.00423	0.00212	0.00529	0.00370	0.00423	0.00741
15	0.01907	0.01572	0.01662	0.01434	0.01857	0.01798	0.01133	0.18645	0.55109	0.03193	0.02524	0.02345	0.01877	0.00904	0.00693	0.00226	0.00590	0.00738	0.00693	0.01101
16	0.01399	0.01352	0.06218	0.24570	0.11585	0.01345	0.04568	0.07931	0.04641	0.02178	0.08686	0.02696	0.04111	0.11747	0.03840	0.00316	0.00807	0.00769	0.00436	0.00804
17	0.00895	0.00668	0.00777	0.00798	0.00946	0.00601	0.00570	0.01090	0.01558	0.02065	0.23258	0.21160	0.30140	0.07352	0.01011	0.00267	0.00374	0.01426	0.04463	0.00582
18	0.09875	0.22810	0.04232	0.04540	0.05379	0.35956	0.01293	0.02324	0.01635	0.01840	0.01138	0.03904	0.01008	0.00710	0.00565	0.00180	0.00958	0.00484	0.00349	0.00821
19	0.48975	0.19061	0.06657	0.01117	0.01618	0.06853	0.01023	0.04221	0.01356	0.02609	0.01001	0.01157	0.00805	0.00635	0.00465	0.00194	0.00666	0.00391	0.00387	0.00809
20	0.01441	0.01905	0.21853	0.15491	0.05818	0.05305	0.04103	0.02014	0.05699	0.05804	0.15888	0.04093	0.02277	0.01076	0.04066	0.00259	0.00833	0.00756	0.00460	0.00860
21	0.04536	0.10137	0.15716	0.01543	0.02077	0.09397	0.08408	0.07723	0.03909	0.08109	0.04869	0.07826	0.01606	0.00938	0.00783	0.05180	0.00794	0.00695	0.00457	0.05298
22	0.00993	0.00668	0.00824	0.00889	0.01022	0.00609	0.00639	0.01176	0.01481	0.05227	0.10887	0.40422	0.19634	0.01801	0.00817	0.00251	0.00393	0.04969	0.06693	0.00608
23	0.01537	0.09068	0.40434	0.02186	0.16259	0.01570	0.02050	0.02120	0.01504	0.05516	0.03112	0.01887	0.01238	0.00715	0.00649	0.00206	0.00866	0.03640	0.00359	0.05083
24	0.01898	0.04168	0.08428	0.01208	0.01814	0.01167	0.01075	0.04268	0.07472	0.19734	0.01722	0.01739	0.01259	0.00653	0.00584	0.00156	0.00592	0.00521	0.00533	0.41008
25	0.13433	0.07647	0.06715	0.14490	0.06841	0.13853	0.07189	0.02039	0.01413	0.02015	0.01112	0.01486	0.00915	0.00760	0.00923	0.00221	0.15321	0.00535	0.02276	0.00817
26	0.01418	0.02070	0.27896	0.01888	0.11110	0.01348	0.05696	0.04384	0.08793	0.04073	0.15349	0.02799	0.08383	0.00919	0.00714	0.00218	0.00736	0.00796	0.00487	0.00923
27	0.05513	0.01261	0.01522	0.01216	0.04763	0.01047	0.00926	0.05206	0.01603	0.16197	0.01520	0.01607	0.01145	0.00599	0.00554	0.00138	0.00548	0.00478	0.00503	0.53653
28	0.00993	0.00744	0.00987	0.01000	0.01112	0.00783	0.00740	0.01262	0.03973	0.01930	0.17945	0.18221	0.06612	0.11664	0.22229	0.00548	0.03259	0.04847	0.00548	0.00606
29	0.06258	0.01738	0.21640	0.11917	0.02276	0.01176	0.01426	0.03617	0.01495	0.04159	0.08261	0.16007	0.02140	0.00996	0.00676	0.00210	0.00682	0.00847	0.00455	0.14024
30	0.00837	0.00620	0.00783	0.00900	0.00982	0.00565	0.00615	0.00979	0.01394	0.01827	0.08551	0.58667	0.16733	0.02023	0.00857	0.00265	0.00383	0.01810	0.00642	0.00565

[dist]
# distance from previous block
# <min> <max>
1	3

[block]
# block no. 7 follows, 31 sequences, length 16
# corresponding to MSA columns:
# 612-627
name=unknown_H
#
# <colnr> <probs for GDERKNQSTAVLIFYWHMCP>
#	G	D	E	R	K	N	Q	S	T	A	V	L	I	F	Y	W	H	M	C	P
0	0.06329	0.12772	0.12306	0.02455	0.27872	0.01731	0.01673	0.02374	0.08146	0.11089	0.01510	0.01689	0.01166	0.00710	0.00722	0.00207	0.05239	0.00571	0.00426	0.01014
1	0.28319	0.01266	0.01419	0.01098	0.01614	0.01182	0.04941	0.01940	0.03241	0.05384	0.05225	0.01618	0.01288	0.00630	0.00526	0.00161	0.00547	0.00486	0.00453	0.38660
2	0.01276	0.00923	0.01044	0.01010	0.01249	0.00926	0.00779	0.07768	0.11848	0.05055	0.06810	0.18798	0.22657	0.01497	0.00773	0.00239	0.00458	0.08262	0.07890	0.00737
3	0.01540	0.01902	0.17591	0.09354	0.22411	0.04358	0.01744	0.02107	0.07540	0.04950	0.04676	0.02342	0.08422	0.00861	0.00824	0.00222	0.07103	0.00705	0.00419	0.00931
4	0.01008	0.00693	0.00866	0.00890	0.01048	0.00625	0.00653	0.01221	0.01615	0.06045	0.25590	0.29457	0.21162	0.01726	0.00830	0.00245	0.00383	0.04630	0.00684	0.00627
5	0.10171	0.01817	0.18165	0.15466	0.04884	0.01489	0.01527	0.11705	0.09925	0.02513	0.01994	0.11301	0.04314	0.00945	0.00678	0.00226	0.00735	0.00783	0.00472	0.00891
6	0.01095	0.00709	0.00828	0.00802	0.00977	0.00643	0.00581	0.01303	0.01575	0.07117	0.22738	0.11729	0.24807	0.11793	0.01139	0.00282	0.00402	0.01228	0.09631	0.00620
7	0.80789	0.01323	0.01006	0.00900	0.01323	0.01535	0.00741	0.02011	0.01164	0.03070	0.00953	0.01111	0.00741	0.00635	0.00423	0.00212	0.00529	0.00370	0.00423	0.00741
8	0.21925	0.03832	0.04900	0.01804	0.07757	0.01559	0.15586	0.11089	0.01780	0.20868	0.01625	0.01711	0.01143	0.00699	0.00637	0.00212	0.00752	0.00602	0.00535	0.00986
9	0.17530	0.01648	0.01679	0.01351	0.01825	0.01844	0.01103	0.42271	0.12173	0.03742	0.01712	0.01732	0.01254	0.00799	0.00621	0.00207	0.00649	0.00592	0.06236	0.01033
10	0.01590	0.13965	0.24059	0.01685	0.06574	0.09071	0.01597	0.04819	0.06906	0.02200	0.10083	0.02345	0.04221	0.00875	0.00736	0.00210	0.04515	0.03223	0.00428	0.00897
11	0.00936	0.00662	0.00868	0.00961	0.01043	0.00658	0.00692	0.01101	0.01289	0.01751	0.03317	0.36687	0.07608	0.12166	0.13822	0.00468	0.00706	0.10169	0.04537	0.00562
12	0.01468	0.01774	0.15575	0.12620	0.17964	0.01527	0.01686	0.02306	0.18718	0.02280	0.05897	0.02443	0.04480	0.00873	0.00794	0.00228	0.05227	0.02740	0.00455	0.00943
13	0.00946	0.00657	0.00797	0.00837	0.00919	0.00624	0.00565	0.01092	0.01377	0.01881	0.17140	0.25122	0.10482	0.25473	0.01668	0.00379	0.00467	0.03947	0.05087	0.00538
14	0.01760	0.01373	0.01537	0.01394	0.03379	0.01532	0.01076	0.12318	0.40539	0.06417	0.08901	0.02963	0.03887	0.01017	0.00754	0.00229	0.02515	0.04352	0.03057	0.01001
15	0.00921	0.00664	0.00819	0.00901	0.00984	0.00629	0.00632	0.01055	0.01329	0.01732	0.06181	0.31881	0.14639	0.22012	0.01579	0.00379	0.00496	0.12053	0.00579	0.00536

[dist]
# distance from previous block
# <min> <max>
0	61

# created by:
# /home/berkeley/.conda/envs/busco_data_prod/bin/msa2prfl.pl pipeline/OGs_align_augustus/33634/165778.fs
