[name]
unknown

[dist]
# distance from previous block
# <min> <max>
7	111

[block]
# block no. 0 follows, 42 sequences, length 10
# corresponding to MSA columns:
# 154-163
name=unknown_A
#
# <colnr> <probs for GDERKNQSTAVLIFYWHMCP>
#	G	D	E	R	K	N	Q	S	T	A	V	L	I	F	Y	W	H	M	C	P
0	0.01460	0.71311	0.11807	0.01039	0.01562	0.02117	0.01096	0.01697	0.01149	0.01379	0.00809	0.00937	0.00721	0.00488	0.00382	0.00127	0.00629	0.00315	0.00240	0.00735
1	0.00727	0.00526	0.00690	0.00766	0.00840	0.00489	0.00542	0.00882	0.01240	0.01676	0.22928	0.51127	0.08124	0.01568	0.00704	0.00214	0.00319	0.05606	0.00548	0.00482
2	0.00786	0.00575	0.00737	0.00697	0.00834	0.00526	0.00522	0.01041	0.01567	0.02196	0.70563	0.04304	0.11200	0.01173	0.00664	0.00178	0.00267	0.01032	0.00611	0.00526
3	0.01389	0.01308	0.02185	0.12335	0.64472	0.01346	0.01676	0.05168	0.01328	0.01872	0.01066	0.01404	0.00878	0.00517	0.00558	0.00170	0.00676	0.00502	0.00289	0.00863
4	0.84197	0.01088	0.00827	0.00740	0.01088	0.01262	0.00609	0.01654	0.00958	0.02525	0.00784	0.00914	0.00609	0.00522	0.00348	0.00174	0.00435	0.00305	0.00348	0.00609
5	0.00665	0.00570	0.00570	0.00570	0.00760	0.00475	0.00428	0.00808	0.01283	0.01520	0.05701	0.05416	0.76483	0.01425	0.00665	0.00190	0.00285	0.01188	0.00523	0.00475
6	0.01063	0.01000	0.01688	0.78870	0.03876	0.01250	0.01563	0.01438	0.01125	0.01438	0.01000	0.01500	0.00750	0.00563	0.00563	0.00188	0.00750	0.00500	0.00250	0.00625
7	0.02156	0.01370	0.01572	0.01234	0.01657	0.07622	0.05270	0.26827	0.10765	0.32871	0.01762	0.01650	0.01199	0.00675	0.00567	0.00173	0.00594	0.00543	0.00579	0.00913
8	0.01762	0.01205	0.01375	0.01144	0.01411	0.05952	0.00928	0.14965	0.10587	0.21310	0.03654	0.01707	0.01275	0.00769	0.00846	0.00185	0.19014	0.00542	0.10582	0.00786
9	0.01370	0.01314	0.02244	0.08580	0.71762	0.01331	0.01716	0.01707	0.01271	0.01811	0.01055	0.01400	0.00882	0.00506	0.00558	0.00169	0.00674	0.00501	0.00277	0.00873

[dist]
# distance from previous block
# <min> <max>
0	1

[block]
# block no. 1 follows, 42 sequences, length 75
# corresponding to MSA columns:
# 165-239
name=unknown_B
#
# <colnr> <probs for GDERKNQSTAVLIFYWHMCP>
#	G	D	E	R	K	N	Q	S	T	A	V	L	I	F	Y	W	H	M	C	P
0	0.01560	0.73682	0.02839	0.00992	0.01471	0.02185	0.00972	0.08056	0.01274	0.01518	0.00832	0.00942	0.00743	0.00498	0.00379	0.00125	0.00603	0.00319	0.00269	0.00743
1	0.01103	0.00942	0.01198	0.00952	0.01311	0.00847	0.05641	0.01618	0.15125	0.02041	0.22909	0.02336	0.04141	0.00719	0.00539	0.00140	0.00411	0.00628	0.00461	0.36938
2	0.04462	0.01420	0.01513	0.01258	0.03433	0.08082	0.00995	0.31274	0.12657	0.21976	0.01610	0.01557	0.01135	0.00695	0.00629	0.00176	0.05176	0.00521	0.00543	0.00889
3	0.01180	0.04343	0.05473	0.00915	0.01163	0.03122	0.00765	0.07781	0.01468	0.10297	0.20521	0.19407	0.10124	0.01152	0.00635	0.00190	0.00433	0.07835	0.00528	0.02668
4	0.00808	0.00586	0.00817	0.00817	0.00887	0.00656	0.00594	0.00949	0.00878	0.01241	0.01588	0.02656	0.01600	0.27195	0.55282	0.00796	0.01217	0.00668	0.00313	0.00454
5	0.00672	0.00570	0.00580	0.00578	0.00765	0.00478	0.00433	0.00821	0.01300	0.01560	0.09547	0.05350	0.72612	0.01410	0.00665	0.00189	0.00284	0.01178	0.00528	0.00478
6	0.02099	0.01562	0.01777	0.01352	0.01810	0.01710	0.05363	0.69285	0.02551	0.04757	0.01354	0.01371	0.00959	0.00664	0.00569	0.00170	0.00636	0.00517	0.00549	0.00945
7	0.01541	0.01541	0.09734	0.01988	0.07414	0.01358	0.39849	0.08023	0.07709	0.11781	0.01370	0.01561	0.00993	0.00559	0.00633	0.00184	0.01958	0.00599	0.00380	0.00826
8	0.01671	0.00958	0.01047	0.00877	0.01162	0.03827	0.00698	0.16148	0.04836	0.21579	0.08954	0.02065	0.01689	0.00719	0.00509	0.00157	0.00424	0.00577	0.31362	0.00741
9	0.00730	0.00571	0.00673	0.00734	0.00874	0.00514	0.00568	0.00891	0.01240	0.01542	0.04441	0.22319	0.41950	0.01533	0.00705	0.00216	0.00352	0.19142	0.00521	0.00482
10	0.01662	0.01145	0.01971	0.01566	0.04838	0.01085	0.27000	0.04025	0.08562	0.26736	0.06842	0.08699	0.01668	0.00739	0.00621	0.00186	0.00626	0.00724	0.00498	0.00806
11	0.01179	0.08126	0.70419	0.01553	0.02352	0.01380	0.01979	0.03575	0.01221	0.01795	0.01003	0.01173	0.00720	0.00535	0.00524	0.00174	0.00811	0.00410	0.00246	0.00827
12	0.00748	0.00560	0.00560	0.00560	0.00738	0.00486	0.00420	0.00916	0.01261	0.01645	0.04870	0.04703	0.60348	0.01260	0.00607	0.00177	0.00280	0.01045	0.18331	0.00486
13	0.01361	0.01305	0.02227	0.10666	0.69747	0.01329	0.01711	0.01699	0.01266	0.01800	0.01053	0.01403	0.00878	0.00507	0.00558	0.00169	0.00676	0.00501	0.00276	0.00866
14	0.01606	0.01370	0.01783	0.01632	0.10937	0.09879	0.14632	0.05171	0.24031	0.13255	0.06451	0.01939	0.03330	0.00684	0.00587	0.00178	0.00627	0.00616	0.00471	0.00819
15	0.01129	0.02911	0.77306	0.01604	0.02436	0.01307	0.02079	0.01782	0.01188	0.01782	0.01010	0.01188	0.00713	0.00535	0.00535	0.00178	0.00832	0.00416	0.00238	0.00832
16	0.00681	0.00509	0.00633	0.00732	0.00803	0.00461	0.00499	0.00789	0.01127	0.01457	0.03733	0.61764	0.21405	0.01681	0.00705	0.00219	0.00316	0.01500	0.00522	0.00461
17	0.01386	0.01344	0.01994	0.31101	0.35802	0.08794	0.04340	0.03188	0.01293	0.03883	0.01061	0.01415	0.00837	0.00540	0.00559	0.00174	0.00737	0.00496	0.00287	0.00767
18	0.14718	0.08428	0.01632	0.01176	0.01597	0.07402	0.00976	0.46880	0.03913	0.06163	0.01238	0.01262	0.00903	0.00631	0.00509	0.00164	0.00609	0.00452	0.00487	0.00859
19	0.01456	0.03367	0.01337	0.05647	0.01570	0.08050	0.00910	0.09542	0.39271	0.04421	0.08528	0.04254	0.01809	0.00771	0.00565	0.00177	0.00516	0.01628	0.00511	0.05670
20	0.01571	0.71915	0.02799	0.01017	0.01477	0.10635	0.00977	0.01748	0.01194	0.01330	0.00792	0.00915	0.00722	0.00492	0.00377	0.00123	0.00648	0.00308	0.00246	0.00714
21	0.01222	0.01105	0.07926	0.08624	0.06699	0.00903	0.04045	0.03271	0.01261	0.08418	0.07182	0.06027	0.01627	0.06862	0.00746	0.00187	0.01584	0.05910	0.00393	0.26006
22	0.05866	0.00887	0.00861	0.00822	0.00892	0.09946	0.00559	0.01102	0.00935	0.01259	0.01498	0.02819	0.01622	0.49469	0.13486	0.00509	0.06027	0.00680	0.00323	0.00436
23	0.00852	0.08245	0.00937	0.00747	0.00916	0.00721	0.00572	0.01133	0.05976	0.01858	0.35360	0.19291	0.18834	0.01242	0.00640	0.00186	0.00325	0.01078	0.00541	0.00545
24	0.01393	0.01337	0.02284	0.03454	0.76712	0.01337	0.01727	0.01727	0.01281	0.01839	0.01059	0.01393	0.00891	0.00501	0.00557	0.00167	0.00669	0.00501	0.00279	0.00891
25	0.02036	0.00964	0.01225	0.00984	0.01345	0.00923	0.00799	0.11221	0.06537	0.46548	0.09143	0.02108	0.01739	0.00976	0.05773	0.00221	0.00530	0.00607	0.05464	0.00857
26	0.01459	0.01748	0.03763	0.01791	0.02205	0.25128	0.38245	0.01777	0.01387	0.01618	0.01621	0.06996	0.08236	0.00686	0.00617	0.00178	0.00862	0.00678	0.00324	0.00680
27	0.02488	0.01017	0.01343	0.01029	0.01466	0.00915	0.00850	0.09637	0.01710	0.70068	0.02137	0.01861	0.01351	0.00695	0.00566	0.00174	0.00492	0.00560	0.00684	0.00958
28	0.00713	0.00539	0.00659	0.00698	0.00807	0.00485	0.00497	0.00875	0.01294	0.01710	0.26086	0.35054	0.25582	0.01478	0.00686	0.00202	0.00296	0.01302	0.00552	0.00485
29	0.01282	0.01231	0.02217	0.43421	0.07455	0.03547	0.24827	0.01670	0.01241	0.05993	0.01115	0.01510	0.00828	0.00539	0.00593	0.00185	0.00801	0.00552	0.00290	0.00703
30	0.01393	0.01337	0.02284	0.03454	0.76712	0.01337	0.01727	0.01727	0.01281	0.01839	0.01059	0.01393	0.00891	0.00501	0.00557	0.00167	0.00669	0.00501	0.00279	0.00891
31	0.00684	0.00495	0.00647	0.00769	0.00812	0.00458	0.00516	0.00785	0.01091	0.01442	0.03277	0.74849	0.08616	0.01740	0.00715	0.00226	0.00324	0.01572	0.00522	0.00458
32	0.01330	0.01148	0.01205	0.01090	0.01396	0.01311	0.00846	0.02782	0.68579	0.02274	0.02617	0.02417	0.08868	0.00827	0.00581	0.00191	0.00430	0.00689	0.00568	0.00851
33	0.00808	0.00585	0.00814	0.00814	0.00883	0.00654	0.00590	0.00947	0.00878	0.01239	0.01590	0.02670	0.01606	0.27916	0.54569	0.00793	0.01208	0.00670	0.00314	0.00452
34	0.00686	0.00490	0.00653	0.00784	0.00816	0.00457	0.00522	0.00784	0.01077	0.01437	0.03102	0.79855	0.03722	0.01763	0.00718	0.00229	0.00326	0.01600	0.00522	0.00457
35	0.01454	0.01656	0.02326	0.08567	0.02328	0.18930	0.30427	0.01743	0.01237	0.01545	0.00950	0.01319	0.00782	0.00653	0.00960	0.00196	0.23441	0.00532	0.00272	0.00682
36	0.00922	0.00660	0.00906	0.01020	0.01150	0.00662	0.00875	0.03301	0.01314	0.01715	0.02943	0.13230	0.03218	0.01549	0.00765	0.00254	0.00503	0.63969	0.00520	0.00525
37	0.00850	0.00691	0.01125	0.01097	0.01239	0.00659	0.11526	0.01054	0.01183	0.01569	0.02775	0.45034	0.03148	0.01508	0.00729	0.00233	0.00479	0.24094	0.00486	0.00521
38	0.84197	0.01088	0.00827	0.00740	0.01088	0.01262	0.00609	0.01654	0.00958	0.02525	0.00784	0.00914	0.00609	0.00522	0.00348	0.00174	0.00435	0.00305	0.00348	0.00609
39	0.00804	0.00599	0.00883	0.00880	0.00979	0.00686	0.00678	0.01001	0.00947	0.01362	0.06556	0.02403	0.01694	0.06995	0.69845	0.00841	0.01386	0.00639	0.00324	0.00498
40	0.04064	0.51734	0.09032	0.01117	0.01595	0.12467	0.01079	0.10127	0.01376	0.01661	0.00879	0.00995	0.00745	0.00523	0.00419	0.00136	0.00676	0.00343	0.00287	0.00746
41	0.00866	0.00611	0.00812	0.00879	0.00980	0.00602	0.00708	0.01069	0.01248	0.01664	0.17045	0.05338	0.03378	0.18935	0.01218	0.00307	0.00475	0.42886	0.00499	0.00481
42	0.05362	0.14335	0.04638	0.01115	0.01528	0.03818	0.00968	0.41255	0.03414	0.04592	0.01314	0.01377	0.00981	0.00628	0.00494	0.00156	0.00571	0.00463	0.12162	0.00828
43	0.00960	0.00497	0.00732	0.00732	0.00735	0.00501	0.00487	0.00749	0.00745	0.00998	0.01051	0.01862	0.01066	0.07305	0.05129	0.74890	0.00531	0.00515	0.00253	0.00261
44	0.02525	0.00958	0.01306	0.01001	0.01437	0.00827	0.00827	0.02743	0.01611	0.77102	0.02220	0.01915	0.01393	0.00697	0.00566	0.00174	0.00479	0.00566	0.00697	0.00958
45	0.02222	0.01507	0.08730	0.01199	0.01664	0.07906	0.01053	0.27348	0.01924	0.38061	0.01689	0.01574	0.01120	0.00664	0.00557	0.00170	0.00607	0.00514	0.00571	0.00919
46	0.00818	0.00546	0.00614	0.00614	0.00614	0.00546	0.00341	0.00818	0.00818	0.01091	0.01773	0.03683	0.02046	0.80222	0.02864	0.00546	0.00546	0.00818	0.00341	0.00341
47	0.01702	0.01090	0.01483	0.01222	0.01433	0.01274	0.01010	0.04718	0.01223	0.28872	0.01366	0.01546	0.01035	0.01054	0.06398	0.00252	0.37778	0.00518	0.00430	0.05594
48	0.01051	0.00796	0.00912	0.00829	0.01047	0.00807	0.00638	0.05049	0.20240	0.05043	0.37190	0.03695	0.18331	0.01068	0.00633	0.00183	0.00340	0.00914	0.00589	0.00647
49	0.00753	0.00590	0.00684	0.00657	0.00821	0.00529	0.00494	0.00998	0.03421	0.01926	0.42411	0.04697	0.37457	0.01265	0.00662	0.00183	0.00279	0.01085	0.00574	0.00515
50	0.01129	0.02911	0.77306	0.01604	0.02436	0.01307	0.02079	0.01782	0.01188	0.01782	0.01010	0.01188	0.00713	0.00535	0.00535	0.00178	0.00832	0.00416	0.00238	0.00832
51	0.00838	0.00619	0.00788	0.00738	0.00884	0.00591	0.00556	0.01196	0.06746	0.02264	0.71260	0.04057	0.05060	0.01124	0.00657	0.00178	0.00278	0.00991	0.00616	0.00556
52	0.00907	0.00648	0.00907	0.01036	0.01166	0.00648	0.00907	0.01166	0.01296	0.01684	0.02980	0.06348	0.03239	0.01555	0.00777	0.00259	0.00518	0.72924	0.00518	0.00518
53	0.02107	0.01561	0.01671	0.01288	0.01733	0.01730	0.01062	0.71747	0.05786	0.03495	0.01392	0.01383	0.00990	0.00679	0.00563	0.00170	0.00612	0.00512	0.00563	0.00954
54	0.01501	0.03105	0.01777	0.01371	0.01724	0.01250	0.17378	0.25796	0.01645	0.07271	0.01471	0.01920	0.01205	0.02962	0.23434	0.00399	0.00939	0.03687	0.00419	0.00745
55	0.01297	0.07821	0.25522	0.01233	0.01838	0.01105	0.07592	0.01686	0.01219	0.07393	0.01089	0.01240	0.00830	0.00485	0.00482	0.00132	0.00613	0.00403	0.00319	0.37701
56	0.01036	0.00961	0.01606	0.69192	0.05718	0.01177	0.01468	0.01384	0.01125	0.01449	0.01203	0.08990	0.01039	0.00676	0.00577	0.00191	0.00707	0.00605	0.00277	0.00617
57	0.00817	0.00551	0.00642	0.00642	0.00651	0.00561	0.00376	0.00836	0.00827	0.01112	0.01748	0.03542	0.01985	0.72954	0.10049	0.00580	0.00638	0.00798	0.00337	0.00356
58	0.11038	0.01120	0.01525	0.01336	0.08734	0.01078	0.05884	0.10407	0.03411	0.46911	0.01788	0.01674	0.01185	0.00644	0.00548	0.00174	0.00539	0.00534	0.00574	0.00899
59	0.01181	0.01337	0.08921	0.01455	0.01562	0.01553	0.04676	0.01363	0.00921	0.01404	0.00934	0.04376	0.00932	0.05574	0.01682	0.00254	0.60436	0.00554	0.00263	0.00621
60	0.01339	0.01282	0.02187	0.15738	0.64848	0.01323	0.01700	0.01680	0.01256	0.01773	0.01049	0.01410	0.00868	0.00511	0.00558	0.00170	0.00682	0.00501	0.00274	0.00848
61	0.01063	0.01000	0.01688	0.78870	0.03876	0.01250	0.01563	0.01438	0.01125	0.01438	0.01000	0.01500	0.00750	0.00563	0.00563	0.00188	0.00750	0.00500	0.00250	0.00625
62	0.00879	0.00635	0.00725	0.00681	0.00875	0.00572	0.00518	0.01155	0.05759	0.06911	0.30125	0.04561	0.42048	0.01241	0.00653	0.00184	0.00301	0.01054	0.00571	0.00551
63	0.73910	0.01114	0.00913	0.00793	0.01153	0.01270	0.00653	0.06640	0.01109	0.06948	0.00906	0.01002	0.00679	0.00543	0.00375	0.00174	0.00450	0.00334	0.00383	0.00653
64	0.00920	0.00627	0.00921	0.00917	0.01040	0.00701	0.00726	0.01130	0.00993	0.05788	0.01712	0.02632	0.01602	0.03661	0.63719	0.00778	0.01317	0.08299	0.01986	0.00531
65	0.00935	0.00844	0.00846	0.00913	0.00999	0.10588	0.00640	0.01149	0.06612	0.01494	0.02696	0.62031	0.03114	0.01518	0.00708	0.00215	0.02348	0.01342	0.00489	0.00518
66	0.02418	0.00959	0.01295	0.01012	0.01430	0.00845	0.00839	0.04889	0.01624	0.70414	0.02238	0.02157	0.01487	0.00746	0.00578	0.00179	0.00486	0.04789	0.00682	0.00932
67	0.02510	0.00982	0.01321	0.01013	0.01449	0.00863	0.00837	0.05570	0.01651	0.74217	0.02186	0.01893	0.01376	0.00696	0.00566	0.00174	0.00484	0.00564	0.00691	0.00958
68	0.05245	0.01076	0.01118	0.00940	0.01247	0.04366	0.00749	0.19184	0.13442	0.16036	0.01777	0.01792	0.01296	0.00676	0.00496	0.00160	0.00454	0.00529	0.28645	0.00772
69	0.01277	0.01428	0.03075	0.02213	0.02740	0.01338	0.67578	0.01732	0.01354	0.01846	0.08337	0.01775	0.01280	0.00539	0.00664	0.00189	0.00883	0.00698	0.00317	0.00737
70	0.14956	0.01150	0.01186	0.00996	0.01321	0.01259	0.00797	0.32525	0.10513	0.04501	0.01905	0.09247	0.06399	0.00814	0.00532	0.00175	0.00475	0.00643	0.09841	0.00764
71	0.00799	0.00546	0.00611	0.00616	0.00635	0.00535	0.00356	0.00816	0.00873	0.01145	0.02199	0.06748	0.09228	0.69701	0.02572	0.00500	0.00512	0.00883	0.00365	0.00358
72	0.01548	0.09792	0.01574	0.10521	0.01804	0.13411	0.01016	0.09962	0.37952	0.02101	0.01647	0.01655	0.01256	0.00669	0.00534	0.00172	0.00601	0.00526	0.02457	0.00802
73	0.01293	0.01744	0.20484	0.01950	0.06798	0.01293	0.37408	0.01844	0.06279	0.03326	0.01185	0.01435	0.00889	0.00507	0.00588	0.00172	0.00795	0.00550	0.00307	0.11154
74	0.03847	0.18816	0.17946	0.01279	0.01796	0.09956	0.04089	0.17500	0.04813	0.09895	0.01199	0.01263	0.00890	0.00578	0.00501	0.00157	0.00682	0.00434	0.00384	0.03975

[dist]
# distance from previous block
# <min> <max>
0	2

[block]
# block no. 2 follows, 42 sequences, length 17
# corresponding to MSA columns:
# 242-258
name=unknown_C
#
# <colnr> <probs for GDERKNQSTAVLIFYWHMCP>
#	G	D	E	R	K	N	Q	S	T	A	V	L	I	F	Y	W	H	M	C	P
0	0.01547	0.01282	0.01355	0.01175	0.01519	0.01468	0.00926	0.17256	0.61191	0.02591	0.02104	0.01951	0.01567	0.00746	0.00571	0.00187	0.00480	0.00611	0.00571	0.00904
1	0.01360	0.50021	0.27549	0.01168	0.01767	0.01833	0.01316	0.01701	0.01160	0.01507	0.00871	0.01013	0.00726	0.00495	0.00422	0.00137	0.00667	0.00341	0.00245	0.05699
2	0.00793	0.00571	0.00756	0.00755	0.00873	0.00534	0.00572	0.01035	0.01488	0.02079	0.58066	0.14956	0.04859	0.01281	0.00684	0.00193	0.00302	0.09088	0.00595	0.00519
3	0.00758	0.00570	0.00676	0.00652	0.00784	0.00516	0.00472	0.00949	0.01388	0.01864	0.43901	0.04511	0.27140	0.12226	0.00970	0.00232	0.00311	0.01043	0.00550	0.00487
4	0.00707	0.00518	0.00670	0.00782	0.00847	0.00481	0.00552	0.00829	0.01130	0.01476	0.03449	0.61342	0.13781	0.01693	0.00717	0.00227	0.00342	0.09467	0.00522	0.00466
5	0.00686	0.00490	0.00653	0.00784	0.00816	0.00457	0.00522	0.00784	0.01077	0.01437	0.03102	0.79855	0.03722	0.01763	0.00718	0.00229	0.00326	0.01600	0.00522	0.00457
6	0.01163	0.00792	0.00845	0.00812	0.01012	0.00863	0.00635	0.01918	0.28845	0.02147	0.02132	0.02571	0.01744	0.00796	0.00503	0.00168	0.00359	0.08610	0.43427	0.00660
7	0.01556	0.01174	0.01277	0.01125	0.01460	0.01320	0.00882	0.02956	0.65398	0.12743	0.02281	0.02074	0.01673	0.00754	0.00572	0.00189	0.00450	0.00626	0.00590	0.00900
8	0.02024	0.02518	0.01559	0.01416	0.01709	0.69457	0.01066	0.02330	0.09828	0.01486	0.01028	0.01135	0.00835	0.00600	0.00515	0.00150	0.00952	0.00393	0.00321	0.00679
9	0.00843	0.00661	0.00829	0.00891	0.00970	0.00701	0.00632	0.01194	0.13625	0.01586	0.02806	0.61473	0.03184	0.01542	0.00770	0.00223	0.05655	0.01363	0.00512	0.00541
10	0.00699	0.00500	0.00644	0.00753	0.00791	0.00468	0.00497	0.00789	0.01060	0.01403	0.03097	0.67219	0.07567	0.10511	0.00955	0.00262	0.00349	0.01490	0.00502	0.00445
11	0.01387	0.01355	0.02384	0.03350	0.69598	0.01345	0.08761	0.01734	0.01286	0.01835	0.01066	0.01405	0.00888	0.00499	0.00567	0.00169	0.00696	0.00517	0.00279	0.00879
12	0.01393	0.01337	0.02284	0.03454	0.76712	0.01337	0.01727	0.01727	0.01281	0.01839	0.01059	0.01393	0.00891	0.00501	0.00557	0.00167	0.00669	0.00501	0.00279	0.00891
13	0.01387	0.06882	0.60237	0.01466	0.02211	0.01276	0.01804	0.01940	0.01258	0.14590	0.01204	0.01296	0.00829	0.00559	0.00530	0.00174	0.00759	0.00435	0.00316	0.00847
14	0.00801	0.00549	0.00673	0.00728	0.00758	0.00541	0.00482	0.00869	0.00964	0.01277	0.02306	0.22879	0.02662	0.47492	0.01980	0.00419	0.00487	0.13317	0.00416	0.00400
15	0.22689	0.01088	0.01504	0.15421	0.10418	0.01197	0.09074	0.03058	0.10677	0.04333	0.01462	0.12310	0.01302	0.00743	0.00568	0.00189	0.02254	0.00640	0.00381	0.00693
16	0.16951	0.01488	0.01533	0.01195	0.01627	0.01658	0.00987	0.61626	0.02341	0.03362	0.01249	0.01272	0.00894	0.00648	0.00524	0.00170	0.00586	0.00470	0.00524	0.00894

[dist]
# distance from previous block
# <min> <max>
0	10

[block]
# block no. 3 follows, 42 sequences, length 30
# corresponding to MSA columns:
# 269-298
name=unknown_D
#
# <colnr> <probs for GDERKNQSTAVLIFYWHMCP>
#	G	D	E	R	K	N	Q	S	T	A	V	L	I	F	Y	W	H	M	C	P
0	0.17068	0.01950	0.01474	0.01410	0.07084	0.39120	0.01031	0.15170	0.01624	0.02036	0.01100	0.01452	0.00931	0.00648	0.00510	0.00164	0.00777	0.05377	0.00365	0.00708
1	0.00971	0.01483	0.27029	0.01181	0.01617	0.00889	0.07798	0.01366	0.01331	0.01881	0.24080	0.06148	0.10141	0.00911	0.00613	0.00181	0.00550	0.05337	0.00420	0.06072
2	0.00823	0.00621	0.00903	0.00893	0.00978	0.00725	0.00682	0.00997	0.00893	0.01283	0.01508	0.02345	0.01456	0.13056	0.66103	0.00836	0.04484	0.00624	0.00304	0.00488
3	0.01299	0.17358	0.55518	0.01437	0.02148	0.01461	0.01754	0.01816	0.01198	0.06860	0.01041	0.01186	0.00762	0.00551	0.00548	0.00169	0.03404	0.00407	0.00270	0.00812
4	0.01310	0.00747	0.01072	0.00895	0.01147	0.00672	0.05705	0.01567	0.01558	0.23201	0.45486	0.03460	0.08845	0.00996	0.00636	0.00178	0.00374	0.00878	0.00611	0.00663
5	0.81509	0.01084	0.00843	0.00749	0.01100	0.01248	0.00617	0.01690	0.00979	0.04979	0.00831	0.00947	0.00635	0.00528	0.00355	0.00174	0.00437	0.00313	0.00360	0.00621
6	0.00805	0.00522	0.00697	0.00795	0.00856	0.00483	0.00542	0.00916	0.01126	0.06256	0.05084	0.72811	0.03619	0.01678	0.00707	0.00224	0.00334	0.01518	0.00536	0.00491
7	0.02415	0.00933	0.01271	0.00983	0.01399	0.00808	0.00808	0.02636	0.01610	0.72357	0.06924	0.02061	0.01641	0.00725	0.00572	0.00174	0.00465	0.00595	0.00692	0.00931
8	0.00685	0.00548	0.00613	0.00646	0.00785	0.00476	0.00466	0.00828	0.01258	0.01576	0.12612	0.26376	0.48170	0.01491	0.00680	0.00200	0.00295	0.01286	0.00533	0.00476
9	0.02058	0.08398	0.01694	0.01414	0.01718	0.72404	0.01078	0.02206	0.01562	0.01373	0.00863	0.01007	0.00725	0.00573	0.00497	0.00143	0.00985	0.00358	0.00286	0.00658
10	0.01250	0.00647	0.00738	0.00674	0.00865	0.00632	0.00519	0.01598	0.06447	0.13552	0.15943	0.02466	0.02181	0.00762	0.00483	0.00150	0.00308	0.00631	0.49538	0.00617
11	0.00726	0.00530	0.00675	0.00766	0.00837	0.00494	0.00543	0.00854	0.01147	0.01505	0.07945	0.49893	0.14099	0.07410	0.00872	0.00247	0.00356	0.10124	0.00515	0.00463
12	0.02345	0.01246	0.01484	0.01138	0.01580	0.01255	0.00940	0.36318	0.02093	0.42845	0.01815	0.01653	0.01190	0.00687	0.00565	0.00172	0.00544	0.00538	0.00634	0.00957
13	0.02017	0.02457	0.01551	0.01409	0.01698	0.67048	0.01073	0.07159	0.01645	0.01549	0.01058	0.01429	0.00925	0.00658	0.00531	0.00155	0.00951	0.05698	0.00325	0.00664
14	0.00675	0.00570	0.00583	0.00580	0.00766	0.00479	0.00435	0.00826	0.01305	0.01574	0.10891	0.05327	0.71260	0.01405	0.00665	0.00189	0.00284	0.01175	0.00530	0.00479
15	0.01131	0.00636	0.00822	0.00737	0.00923	0.00582	0.00566	0.01388	0.01546	0.15397	0.54297	0.03545	0.04151	0.01010	0.00614	0.00171	0.00303	0.00878	0.10697	0.00605
16	0.01400	0.01209	0.01273	0.01145	0.01463	0.01400	0.00891	0.02990	0.75695	0.02354	0.02291	0.02100	0.01718	0.00764	0.00573	0.00191	0.00445	0.00636	0.00573	0.00891
17	0.01222	0.01613	0.23389	0.11509	0.01993	0.03450	0.01252	0.03648	0.15484	0.03425	0.01477	0.08785	0.01239	0.00680	0.00538	0.00165	0.00603	0.00566	0.00370	0.18592
18	0.06820	0.56439	0.18109	0.01133	0.01681	0.01945	0.03941	0.01707	0.01147	0.01515	0.00843	0.00985	0.00718	0.00495	0.00407	0.00138	0.00651	0.00338	0.00249	0.00739
19	0.00686	0.00490	0.00653	0.00784	0.00816	0.00457	0.00522	0.00784	0.01077	0.01437	0.03102	0.79855	0.03722	0.01763	0.00718	0.00229	0.00326	0.01600	0.00522	0.00457
20	0.07684	0.01006	0.01301	0.01004	0.01435	0.00915	0.00829	0.07380	0.01637	0.67565	0.02072	0.01815	0.01315	0.00684	0.00552	0.00174	0.00485	0.00545	0.00666	0.00936
21	0.01091	0.01033	0.01769	0.68692	0.08775	0.01246	0.04306	0.01464	0.01148	0.01486	0.01063	0.01625	0.00831	0.00582	0.00572	0.00188	0.00746	0.02474	0.00261	0.00646
22	0.01449	0.69101	0.13922	0.01058	0.01591	0.02091	0.01128	0.01699	0.01150	0.01392	0.00816	0.00945	0.00721	0.00489	0.00387	0.00129	0.00636	0.00318	0.00240	0.00738
23	0.00690	0.00493	0.00657	0.00780	0.00817	0.00460	0.00523	0.00795	0.01099	0.01471	0.06156	0.76704	0.03788	0.01738	0.00716	0.00226	0.00324	0.01576	0.00526	0.00460
24	0.00683	0.00501	0.00641	0.00752	0.00808	0.00460	0.00509	0.00787	0.01107	0.01449	0.03481	0.68987	0.14345	0.01714	0.00711	0.00223	0.00320	0.01540	0.00522	0.00460
25	0.38614	0.01323	0.09175	0.00997	0.01462	0.01169	0.04681	0.08609	0.01225	0.02302	0.00945	0.01091	0.00733	0.00504	0.00425	0.00148	0.00516	0.00363	0.00349	0.25369
26	0.01448	0.68840	0.14172	0.01060	0.01594	0.02088	0.01131	0.01700	0.01150	0.01393	0.00817	0.00946	0.00721	0.00489	0.00387	0.00129	0.00637	0.00318	0.00240	0.00739
27	0.00779	0.00585	0.00699	0.00705	0.00839	0.00541	0.00515	0.02533	0.03030	0.01856	0.31542	0.24205	0.24930	0.01356	0.00666	0.00193	0.00298	0.01185	0.03029	0.00513
28	0.01082	0.00799	0.00936	0.00908	0.01094	0.00838	0.00674	0.01763	0.28330	0.06725	0.16710	0.30072	0.05360	0.01206	0.00644	0.00200	0.00367	0.01061	0.00570	0.00661
29	0.03720	0.03255	0.03850	0.02705	0.01660	0.22417	0.06960	0.10984	0.06681	0.16447	0.03087	0.09500	0.03235	0.00772	0.00591	0.00174	0.02130	0.00625	0.00454	0.00752

[dist]
# distance from previous block
# <min> <max>
0	1

[block]
# block no. 4 follows, 42 sequences, length 39
# corresponding to MSA columns:
# 300-310,330-357
name=unknown_E
#
# <colnr> <probs for GDERKNQSTAVLIFYWHMCP>
#	G	D	E	R	K	N	Q	S	T	A	V	L	I	F	Y	W	H	M	C	P
0	0.00753	0.00538	0.00730	0.00861	0.00923	0.00515	0.00640	0.00900	0.01144	0.01512	0.03065	0.57442	0.03575	0.01700	0.00736	0.00238	0.00385	0.23347	0.00521	0.00476
1	0.00925	0.00707	0.00884	0.00956	0.01093	0.00732	0.00755	0.01401	0.16651	0.01733	0.02978	0.30513	0.05780	0.01457	0.00711	0.00232	0.00429	0.30960	0.00531	0.00573
2	0.13041	0.01632	0.02812	0.03471	0.13720	0.18886	0.05371	0.19117	0.03297	0.08583	0.01192	0.01328	0.00902	0.00721	0.03345	0.00193	0.00735	0.00464	0.00399	0.00790
3	0.01809	0.01454	0.01676	0.01355	0.01623	0.04964	0.01119	0.39012	0.01849	0.06945	0.01145	0.01324	0.00888	0.00792	0.01058	0.00198	0.31043	0.00498	0.00436	0.00812
4	0.01457	0.01232	0.01524	0.01402	0.11243	0.01258	0.01000	0.19038	0.08095	0.02220	0.01168	0.01332	0.00935	0.00601	0.00686	0.00147	0.11673	0.00446	0.00390	0.34152
5	0.01306	0.01282	0.02236	0.21091	0.35319	0.01389	0.14198	0.03838	0.01244	0.01731	0.01029	0.01420	0.00835	0.00574	0.00729	0.00185	0.10014	0.00528	0.00278	0.00774
6	0.06281	0.01022	0.01184	0.00883	0.01342	0.00863	0.00713	0.06447	0.02908	0.15221	0.01282	0.01349	0.00968	0.00505	0.00451	0.00114	0.00437	0.00397	0.03441	0.54193
7	0.00807	0.00593	0.00852	0.00852	0.00934	0.00675	0.00638	0.00971	0.00889	0.01267	0.01556	0.02478	0.01523	0.18041	0.64331	0.00839	0.01332	0.00642	0.00309	0.00473
8	0.00794	0.00589	0.00731	0.00716	0.00850	0.00544	0.00528	0.03198	0.01476	0.02018	0.48441	0.18257	0.17168	0.01296	0.00671	0.00188	0.00291	0.01139	0.00583	0.00521
9	0.01063	0.01000	0.01688	0.78870	0.03876	0.01250	0.01563	0.01438	0.01125	0.01438	0.01000	0.01500	0.00750	0.00563	0.00563	0.00188	0.00750	0.00500	0.00250	0.00625
10	0.01350	0.01293	0.02207	0.13239	0.67262	0.01326	0.01706	0.01690	0.01261	0.01787	0.01051	0.01407	0.00873	0.00509	0.00558	0.00170	0.00679	0.00501	0.00275	0.00857
11	0.01393	0.01337	0.02284	0.03454	0.76712	0.01337	0.01727	0.01727	0.01281	0.01839	0.01059	0.01393	0.00891	0.00501	0.00557	0.00167	0.00669	0.00501	0.00279	0.00891
12	0.04312	0.00985	0.01310	0.01007	0.01441	0.00873	0.00832	0.05529	0.01637	0.72589	0.02155	0.01871	0.01359	0.00692	0.00561	0.00174	0.00483	0.00558	0.00684	0.00950
13	0.01016	0.00826	0.00933	0.00877	0.01083	0.00873	0.00664	0.01793	0.31874	0.02125	0.30038	0.10723	0.12739	0.01085	0.00632	0.00189	0.00348	0.00939	0.00579	0.00664
14	0.00806	0.00579	0.00738	0.00826	0.00893	0.00563	0.00568	0.06896	0.01207	0.01611	0.02957	0.73376	0.03494	0.01673	0.00705	0.00224	0.00351	0.01510	0.00526	0.00498
15	0.01182	0.00672	0.00775	0.00703	0.00900	0.00650	0.00542	0.04159	0.05300	0.11573	0.23842	0.02985	0.09964	0.00886	0.00536	0.00160	0.00315	0.00743	0.33504	0.00611
16	0.00713	0.00510	0.00685	0.00815	0.00860	0.00481	0.00571	0.00832	0.01105	0.01468	0.03086	0.70624	0.03661	0.01737	0.00726	0.00232	0.00351	0.10557	0.00522	0.00465
17	0.00806	0.00574	0.00768	0.00773	0.00827	0.00626	0.00538	0.00916	0.00872	0.01216	0.01678	0.05463	0.01765	0.37547	0.42375	0.00724	0.01045	0.00731	0.00326	0.00430
18	0.01339	0.01282	0.02186	0.15857	0.64734	0.01323	0.01700	0.01680	0.01256	0.01773	0.01049	0.01411	0.00868	0.00511	0.00558	0.00170	0.00682	0.00501	0.00274	0.00848
19	0.00755	0.00552	0.00721	0.00811	0.00903	0.00518	0.00611	0.00922	0.01228	0.01618	0.12957	0.41328	0.13244	0.01586	0.00720	0.00225	0.00363	0.19920	0.00534	0.00485
20	0.00814	0.00562	0.00698	0.00698	0.00727	0.00591	0.00446	0.00872	0.00843	0.01154	0.01696	0.03256	0.01861	0.58204	0.24630	0.00650	0.00824	0.00756	0.00330	0.00388
21	0.00827	0.00700	0.02795	0.11019	0.01398	0.00665	0.03344	0.01045	0.01221	0.01622	0.12420	0.35037	0.08022	0.01388	0.00693	0.00218	0.00445	0.16138	0.00484	0.00522
22	0.01222	0.01214	0.02199	0.38168	0.25822	0.01326	0.16296	0.01597	0.01206	0.01631	0.01038	0.01463	0.00814	0.00539	0.00620	0.00184	0.03132	0.00533	0.00266	0.00733
23	0.00804	0.00603	0.00904	0.00904	0.01005	0.00703	0.00703	0.01005	0.00904	0.01306	0.01507	0.02211	0.01407	0.04221	0.77992	0.00904	0.01507	0.00603	0.00301	0.00502
24	0.01167	0.01000	0.01167	0.00834	0.01334	0.00750	0.00667	0.01417	0.01167	0.01834	0.01000	0.01167	0.00834	0.00417	0.00417	0.00083	0.00417	0.00333	0.00333	0.83663
25	0.01476	0.01423	0.02950	0.02125	0.02654	0.01341	0.60647	0.01899	0.01344	0.11557	0.01261	0.01551	0.00919	0.00520	0.00689	0.00187	0.03733	0.00637	0.00338	0.02749
26	0.67809	0.01142	0.00973	0.00830	0.01198	0.01294	0.00684	0.11226	0.01223	0.07900	0.00958	0.01041	0.00710	0.00555	0.00391	0.00173	0.00462	0.00349	0.00401	0.00679
27	0.00686	0.00490	0.00653	0.00784	0.00816	0.00457	0.00522	0.00784	0.01077	0.01437	0.03102	0.79855	0.03722	0.01763	0.00718	0.00229	0.00326	0.01600	0.00522	0.00457
28	0.01126	0.11323	0.01824	0.64696	0.03428	0.01351	0.01438	0.01469	0.01130	0.01444	0.00972	0.01405	0.00751	0.00545	0.00529	0.00173	0.00714	0.00466	0.00253	0.04964
29	0.00779	0.00859	0.10739	0.00971	0.01138	0.00619	0.04587	0.00971	0.01115	0.01516	0.04100	0.64152	0.03212	0.01525	0.00691	0.00219	0.00423	0.01387	0.00475	0.00523
30	0.01518	0.01219	0.01296	0.01116	0.01427	0.01380	0.00866	0.21556	0.46817	0.02503	0.01977	0.02109	0.01561	0.11050	0.00867	0.00231	0.00504	0.00626	0.00540	0.00837
31	0.00817	0.00553	0.00651	0.00651	0.00665	0.00566	0.00388	0.00843	0.00830	0.01119	0.01739	0.03492	0.01963	0.70362	0.12612	0.00592	0.00670	0.00790	0.00336	0.00362
32	0.01479	0.53747	0.10562	0.01089	0.01588	0.01889	0.02983	0.01905	0.10847	0.04848	0.01082	0.01158	0.00887	0.00531	0.00426	0.00139	0.00604	0.00379	0.00308	0.03550
33	0.01247	0.01157	0.01882	0.37971	0.20012	0.03018	0.08543	0.01590	0.01213	0.04242	0.01105	0.02884	0.00880	0.00548	0.00554	0.00169	0.00697	0.00514	0.00292	0.11482
34	0.00694	0.00513	0.00643	0.00731	0.00800	0.00469	0.00498	0.00809	0.01143	0.01497	0.08663	0.57497	0.17752	0.04521	0.00783	0.00229	0.00322	0.01452	0.00523	0.00461
35	0.01289	0.01248	0.02209	0.06865	0.52050	0.01241	0.12463	0.01637	0.01321	0.01867	0.10845	0.01782	0.01452	0.00585	0.00587	0.00173	0.00662	0.00593	0.00322	0.00811
36	0.01353	0.04918	0.36235	0.04296	0.04933	0.01321	0.12613	0.11241	0.03116	0.05888	0.01331	0.07803	0.01080	0.00656	0.00571	0.00181	0.00736	0.00577	0.00344	0.00805
37	0.01088	0.00869	0.01381	0.42253	0.05330	0.00993	0.03848	0.01414	0.01183	0.03615	0.01536	0.04627	0.01335	0.00745	0.00563	0.00185	0.00601	0.09943	0.17882	0.00608
38	0.00755	0.00543	0.00730	0.00856	0.00925	0.00518	0.00641	0.00906	0.01154	0.01518	0.03158	0.53851	0.06218	0.01685	0.00735	0.00237	0.00386	0.24187	0.00521	0.00477

[dist]
# distance from previous block
# <min> <max>
1	3

[block]
# block no. 5 follows, 42 sequences, length 99
# corresponding to MSA columns:
# 361-459
name=unknown_F
#
# <colnr> <probs for GDERKNQSTAVLIFYWHMCP>
#	G	D	E	R	K	N	Q	S	T	A	V	L	I	F	Y	W	H	M	C	P
0	0.01707	0.03522	0.01400	0.01018	0.01481	0.01133	0.00833	0.22690	0.06447	0.15512	0.01390	0.01402	0.01020	0.00564	0.00493	0.00132	0.00493	0.00442	0.00475	0.37849
1	0.01525	0.49917	0.19124	0.01189	0.01714	0.15160	0.01231	0.01804	0.01232	0.01434	0.00848	0.00985	0.00721	0.00510	0.00425	0.00137	0.00724	0.00337	0.00249	0.00734
2	0.01084	0.00857	0.00991	0.00818	0.01128	0.00765	0.00646	0.11278	0.01525	0.02130	0.24532	0.03116	0.16625	0.00909	0.00572	0.00150	0.00379	0.03697	0.00494	0.28303
3	0.05958	0.01307	0.01461	0.01147	0.01572	0.01379	0.00938	0.38314	0.12564	0.23074	0.01675	0.01580	0.01160	0.00674	0.00548	0.00170	0.00539	0.00523	0.00579	0.04837
4	0.00796	0.00575	0.00752	0.00708	0.00841	0.00531	0.00531	0.01062	0.01593	0.02257	0.76415	0.04204	0.05310	0.01150	0.00664	0.00177	0.00265	0.01018	0.00619	0.00531
5	0.00959	0.00759	0.01132	0.00960	0.01174	0.00725	0.09953	0.01360	0.07885	0.04258	0.56375	0.03657	0.06463	0.01027	0.00653	0.00180	0.00374	0.00933	0.00572	0.00601
6	0.02139	0.01576	0.01689	0.01295	0.01745	0.01745	0.01070	0.74835	0.02646	0.03547	0.01351	0.01351	0.00957	0.00676	0.00563	0.00169	0.00619	0.00507	0.00563	0.00957
7	0.01187	0.00658	0.00672	0.00622	0.00794	0.00679	0.00479	0.10620	0.01366	0.02281	0.01774	0.02004	0.01381	0.00658	0.00415	0.00136	0.00307	0.00522	0.72866	0.00579
8	0.02430	0.01046	0.01353	0.01044	0.01477	0.00966	0.00860	0.11849	0.04776	0.64759	0.02113	0.01852	0.01351	0.00697	0.00566	0.00174	0.00495	0.00561	0.00675	0.00955
9	0.00780	0.00575	0.00729	0.00691	0.00831	0.00524	0.00518	0.01030	0.01554	0.02163	0.67462	0.04357	0.14321	0.01185	0.00664	0.00179	0.00268	0.01039	0.00607	0.00524
10	0.02107	0.02542	0.01607	0.01430	0.01740	0.68314	0.01085	0.11437	0.01728	0.01652	0.00931	0.01057	0.00754	0.00592	0.00514	0.00148	0.00965	0.00381	0.00325	0.00691
11	0.00796	0.00575	0.00752	0.00708	0.00841	0.00531	0.00531	0.01062	0.01593	0.02257	0.76415	0.04204	0.05310	0.01150	0.00664	0.00177	0.00265	0.01018	0.00619	0.00531
12	0.00682	0.00571	0.00594	0.00588	0.00771	0.00482	0.00441	0.00840	0.01323	0.01615	0.14823	0.05260	0.67302	0.01390	0.00665	0.00188	0.00283	0.01166	0.00535	0.00482
13	0.01195	0.00809	0.00835	0.00783	0.00991	0.00888	0.00600	0.02009	0.32149	0.02205	0.02025	0.02099	0.01557	0.00700	0.00468	0.00156	0.00338	0.00571	0.48945	0.00677
14	0.01129	0.02911	0.77306	0.01604	0.02436	0.01307	0.02079	0.01782	0.01188	0.01782	0.01010	0.01188	0.00713	0.00535	0.00535	0.00178	0.00832	0.00416	0.00238	0.00832
15	0.00686	0.00490	0.00653	0.00784	0.00816	0.00457	0.00522	0.00784	0.01077	0.01437	0.03102	0.79855	0.03722	0.01763	0.00718	0.00229	0.00326	0.01600	0.00522	0.00457
16	0.02433	0.01106	0.01397	0.01071	0.01510	0.01046	0.00885	0.19968	0.01858	0.59527	0.02013	0.01781	0.01289	0.00692	0.00565	0.00173	0.00512	0.00552	0.00665	0.00958
17	0.01644	0.24670	0.02007	0.17935	0.02094	0.33941	0.01158	0.01873	0.02605	0.01391	0.00890	0.01118	0.00748	0.00574	0.00555	0.00154	0.05319	0.00386	0.00270	0.00669
18	0.01396	0.01524	0.11743	0.03022	0.59869	0.01321	0.03867	0.01816	0.03938	0.04422	0.01138	0.01414	0.00914	0.00521	0.00558	0.00170	0.00683	0.00502	0.00298	0.00882
19	0.01770	0.12056	0.02015	0.02113	0.28802	0.40678	0.01303	0.01988	0.01424	0.01537	0.00927	0.01137	0.00785	0.00539	0.00507	0.00150	0.00837	0.00405	0.00280	0.00748
20	0.01213	0.00999	0.01172	0.00839	0.01337	0.00753	0.00672	0.01462	0.01182	0.04407	0.01042	0.01193	0.00853	0.00426	0.00422	0.00086	0.00419	0.00341	0.00346	0.80835
21	0.01518	0.01420	0.02088	0.08994	0.53926	0.05779	0.01563	0.12605	0.03029	0.02044	0.01112	0.01388	0.00897	0.00542	0.00556	0.00168	0.00683	0.00497	0.00325	0.00866
22	0.01971	0.02469	0.01607	0.11251	0.02010	0.68251	0.01148	0.02145	0.01535	0.01385	0.00886	0.01076	0.00728	0.00578	0.00514	0.00150	0.00981	0.00380	0.00285	0.00649
23	0.00805	0.00601	0.00893	0.00893	0.00989	0.00697	0.00689	0.00997	0.00901	0.01298	0.01518	0.02271	0.01433	0.07334	0.74914	0.00890	0.01468	0.00612	0.00303	0.00496
24	0.00779	0.00631	0.01000	0.00973	0.01087	0.00588	0.09909	0.00943	0.01169	0.01573	0.10794	0.60415	0.04877	0.01528	0.00705	0.00217	0.00398	0.01411	0.00503	0.00504
25	0.30025	0.01125	0.01386	0.01111	0.01462	0.01193	0.10110	0.10891	0.01340	0.10774	0.03957	0.06120	0.03578	0.00708	0.00612	0.00178	0.06987	0.00552	0.00422	0.07469
26	0.00724	0.00517	0.00697	0.00827	0.00877	0.00490	0.00589	0.00850	0.01115	0.01479	0.03081	0.67135	0.03638	0.01727	0.00729	0.00234	0.00360	0.13942	0.00522	0.00468
27	0.02473	0.00946	0.01289	0.00992	0.01419	0.00818	0.00818	0.02692	0.01610	0.74859	0.04443	0.01984	0.01510	0.00710	0.00569	0.00174	0.00472	0.00579	0.00694	0.00945
28	0.01167	0.01000	0.01167	0.00834	0.01334	0.00750	0.00667	0.01417	0.01167	0.01834	0.01000	0.01167	0.00834	0.00417	0.00417	0.00083	0.00417	0.00333	0.00333	0.83663
29	0.01505	0.01361	0.03650	0.01853	0.03803	0.01347	0.39834	0.04320	0.10780	0.12603	0.03654	0.01685	0.01163	0.00625	0.00756	0.00192	0.09056	0.00627	0.00394	0.00792
30	0.00787	0.00544	0.00612	0.00623	0.00650	0.00529	0.00368	0.00814	0.00900	0.01176	0.02388	0.10620	0.11618	0.63327	0.02397	0.00473	0.00493	0.00934	0.00380	0.00368
31	0.00818	0.00546	0.00614	0.00614	0.00614	0.00546	0.00341	0.00818	0.00818	0.01091	0.01773	0.03683	0.02046	0.80222	0.02864	0.00546	0.00546	0.00818	0.00341	0.00341
32	0.04180	0.04277	0.03647	0.40232	0.08324	0.13978	0.12649	0.03193	0.01273	0.01597	0.00996	0.01364	0.00770	0.00545	0.00554	0.00176	0.00801	0.00487	0.00273	0.00684
33	0.00685	0.00493	0.00650	0.00776	0.00814	0.00458	0.00519	0.00784	0.01085	0.01440	0.03195	0.77198	0.06319	0.01751	0.00716	0.00227	0.00325	0.01585	0.00522	0.00458
34	0.00699	0.00499	0.00668	0.00794	0.00833	0.00468	0.00541	0.00809	0.01101	0.01469	0.04987	0.74432	0.03740	0.01737	0.00720	0.00229	0.00334	0.04953	0.00525	0.00462
35	0.01323	0.01132	0.01237	0.01158	0.03608	0.01288	0.00870	0.02709	0.64114	0.02327	0.11638	0.02345	0.02148	0.00805	0.00584	0.00188	0.00429	0.00681	0.00570	0.00845
36	0.01669	0.01536	0.01486	0.01307	0.03262	0.13898	0.02788	0.18083	0.44680	0.02424	0.01805	0.01735	0.01356	0.00702	0.00562	0.00178	0.00592	0.00562	0.00511	0.00863
37	0.01902	0.01401	0.01516	0.01190	0.01585	0.01539	0.00973	0.59900	0.05919	0.03284	0.10913	0.01770	0.01559	0.00739	0.00571	0.00170	0.00556	0.00578	0.03051	0.00887
38	0.02021	0.01735	0.11269	0.01343	0.01837	0.04330	0.02983	0.55526	0.02310	0.08998	0.01354	0.01367	0.00950	0.00651	0.00560	0.00170	0.00657	0.00499	0.00516	0.00926
39	0.02102	0.02682	0.01595	0.01450	0.01740	0.77963	0.01087	0.02247	0.01595	0.01377	0.00870	0.01015	0.00725	0.00580	0.00507	0.00145	0.01015	0.00362	0.00290	0.00652
40	0.02013	0.02496	0.01554	0.01411	0.01705	0.68270	0.01062	0.02341	0.10976	0.01501	0.01050	0.01152	0.00851	0.00603	0.00516	0.00151	0.00943	0.00397	0.00326	0.00683
41	0.00978	0.00489	0.00733	0.00733	0.00733	0.00489	0.00489	0.00733	0.00733	0.00978	0.00978	0.01711	0.00978	0.01955	0.02199	0.83627	0.00489	0.00489	0.00244	0.00244
42	0.00876	0.00638	0.00864	0.00977	0.01115	0.00626	0.00846	0.01121	0.01294	0.01663	0.03324	0.06230	0.12512	0.01538	0.00763	0.00250	0.00489	0.63842	0.00519	0.00513
43	0.00686	0.00490	0.00653	0.00784	0.00816	0.00457	0.00522	0.00784	0.01077	0.01437	0.03102	0.79855	0.03722	0.01763	0.00718	0.00229	0.00326	0.01600	0.00522	0.00457
44	0.00665	0.00570	0.00570	0.00570	0.00760	0.00475	0.00428	0.00808	0.01283	0.01520	0.05701	0.05416	0.76483	0.01425	0.00665	0.00190	0.00285	0.01188	0.00523	0.00475
45	0.01393	0.01337	0.02284	0.03454	0.76712	0.01337	0.01727	0.01727	0.01281	0.01839	0.01059	0.01393	0.00891	0.00501	0.00557	0.00167	0.00669	0.00501	0.00279	0.00891
46	0.00785	0.00575	0.00736	0.00696	0.00834	0.00526	0.00522	0.01040	0.01566	0.02192	0.70178	0.04311	0.11587	0.01175	0.00664	0.00178	0.00267	0.01033	0.00611	0.00526
47	0.00878	0.00593	0.00778	0.00722	0.00869	0.00545	0.00545	0.01141	0.01594	0.05791	0.72911	0.04096	0.05125	0.01129	0.00659	0.00177	0.00276	0.00996	0.00623	0.00551
48	0.01393	0.01337	0.02284	0.03454	0.76712	0.01337	0.01727	0.01727	0.01281	0.01839	0.01059	0.01393	0.00891	0.00501	0.00557	0.00167	0.00669	0.00501	0.00279	0.00891
49	0.00686	0.00490	0.00653	0.00784	0.00816	0.00457	0.00522	0.00784	0.01077	0.01437	0.03102	0.79855	0.03722	0.01763	0.00718	0.00229	0.00326	0.01600	0.00522	0.00457
50	0.00753	0.00538	0.00730	0.00860	0.00922	0.00515	0.00639	0.00900	0.01144	0.01512	0.03065	0.57540	0.03575	0.01700	0.00736	0.00238	0.00385	0.23252	0.00521	0.00476
51	0.40721	0.01083	0.01094	0.00932	0.01290	0.01163	0.00775	0.14080	0.01436	0.20136	0.01494	0.01911	0.01185	0.00720	0.00490	0.00184	0.00487	0.09594	0.00488	0.00738
52	0.02120	0.01687	0.01652	0.01301	0.01726	0.11357	0.01059	0.61192	0.04982	0.05269	0.01346	0.01350	0.00966	0.00667	0.00556	0.00167	0.00660	0.00494	0.00532	0.00916
53	0.00686	0.00490	0.00653	0.00784	0.00816	0.00457	0.00522	0.00784	0.01077	0.01437	0.03102	0.79855	0.03722	0.01763	0.00718	0.00229	0.00326	0.01600	0.00522	0.00457
54	0.00788	0.00572	0.00742	0.00707	0.00837	0.00526	0.00527	0.01043	0.01562	0.02200	0.71180	0.07341	0.07491	0.01184	0.00666	0.00180	0.00269	0.01047	0.00612	0.00526
55	0.01369	0.01089	0.01245	0.00932	0.01401	0.00947	0.00748	0.09882	0.10789	0.05646	0.01260	0.01341	0.00986	0.00503	0.00460	0.00111	0.00446	0.00402	0.00406	0.60036
56	0.01158	0.02641	0.63659	0.03864	0.02555	0.01324	0.13400	0.01776	0.01208	0.01776	0.01030	0.01248	0.00736	0.00526	0.00556	0.00180	0.00848	0.00457	0.00245	0.00815
57	0.01129	0.02911	0.77306	0.01604	0.02436	0.01307	0.02079	0.01782	0.01188	0.01782	0.01010	0.01188	0.00713	0.00535	0.00535	0.00178	0.00832	0.00416	0.00238	0.00832
58	0.01167	0.01000	0.01167	0.00834	0.01334	0.00750	0.00667	0.01417	0.01167	0.01834	0.01000	0.01167	0.00834	0.00417	0.00417	0.00083	0.00417	0.00333	0.00333	0.83663
59	0.01063	0.01000	0.01688	0.78870	0.03876	0.01250	0.01563	0.01438	0.01125	0.01438	0.01000	0.01500	0.00750	0.00563	0.00563	0.00188	0.00750	0.00500	0.00250	0.00625
60	0.00686	0.00490	0.00653	0.00784	0.00816	0.00457	0.00522	0.00784	0.01077	0.01437	0.03102	0.79855	0.03722	0.01763	0.00718	0.00229	0.00326	0.01600	0.00522	0.00457
61	0.02525	0.00958	0.01306	0.01001	0.01437	0.00827	0.00827	0.02743	0.01611	0.77102	0.02220	0.01915	0.01393	0.00697	0.00566	0.00174	0.00479	0.00566	0.00697	0.00958
62	0.01105	0.01043	0.01763	0.69322	0.13097	0.01261	0.01584	0.01474	0.01145	0.01489	0.01008	0.01487	0.00768	0.00555	0.00562	0.00185	0.00740	0.00500	0.00254	0.00659
63	0.01393	0.01337	0.02284	0.03454	0.76712	0.01337	0.01727	0.01727	0.01281	0.01839	0.01059	0.01393	0.00891	0.00501	0.00557	0.00167	0.00669	0.00501	0.00279	0.00891
64	0.00683	0.00500	0.00643	0.00757	0.00809	0.00459	0.00510	0.00787	0.01103	0.01447	0.03431	0.70431	0.12934	0.01720	0.00712	0.00224	0.00321	0.01548	0.00522	0.00459
