[name]
unknown

[dist]
# distance from previous block
# <min> <max>
0	225

[block]
# block no. 0 follows, 40 sequences, length 7
# corresponding to MSA columns:
# 225-231
name=unknown_A
#
# <colnr> <probs for GDERKNQSTAVLIFYWHMCP>
#	G	D	E	R	K	N	Q	S	T	A	V	L	I	F	Y	W	H	M	C	P
0	0.01950	0.00895	0.01207	0.01029	0.01387	0.00789	0.00864	0.02192	0.01518	0.45775	0.02413	0.03325	0.01974	0.00966	0.00637	0.00198	0.00501	0.22749	0.00625	0.09006
1	0.00984	0.00669	0.00844	0.00887	0.01009	0.00663	0.00647	0.01331	0.11102	0.07001	0.10140	0.44547	0.03423	0.05372	0.00822	0.00241	0.00391	0.08792	0.00560	0.00577
2	0.01674	0.01294	0.01798	0.32583	0.17015	0.04739	0.01404	0.16637	0.01615	0.13615	0.01309	0.01541	0.00949	0.00615	0.00578	0.00182	0.00700	0.00523	0.00404	0.00824
3	0.01160	0.00815	0.01154	0.01135	0.05349	0.00790	0.05291	0.08951	0.01514	0.08605	0.21733	0.31404	0.03388	0.01272	0.00687	0.00206	0.00437	0.04911	0.00557	0.00641
4	0.01731	0.01110	0.01852	0.01407	0.01810	0.01040	0.22971	0.05556	0.04736	0.28945	0.15111	0.02375	0.02035	0.05654	0.00782	0.00210	0.00613	0.00716	0.00541	0.00805
5	0.20700	0.00902	0.01072	0.01006	0.02983	0.00926	0.03518	0.06674	0.04510	0.12550	0.09419	0.28834	0.02439	0.01096	0.00601	0.00201	0.00440	0.00941	0.00522	0.00668
6	0.05525	0.01701	0.18286	0.09222	0.09529	0.04949	0.01345	0.15561	0.01604	0.16110	0.01329	0.01430	0.00947	0.00599	0.00546	0.00169	0.00669	0.00477	0.00422	0.09580

[dist]
# distance from previous block
# <min> <max>
3	8

[block]
# block no. 1 follows, 40 sequences, length 25
# corresponding to MSA columns:
# 240-264
name=unknown_B
#
# <colnr> <probs for GDERKNQSTAVLIFYWHMCP>
#	G	D	E	R	K	N	Q	S	T	A	V	L	I	F	Y	W	H	M	C	P
0	0.10269	0.00904	0.01043	0.00956	0.02302	0.00900	0.00717	0.05716	0.12968	0.10939	0.13203	0.22642	0.02547	0.01034	0.00598	0.00186	0.00412	0.00886	0.00538	0.11241
1	0.10753	0.01304	0.01658	0.04356	0.16009	0.02400	0.04371	0.20612	0.07346	0.10063	0.01678	0.01759	0.06195	0.00691	0.00611	0.00178	0.03576	0.00559	0.00459	0.05422
2	0.01966	0.02076	0.01662	0.12573	0.02095	0.39318	0.01164	0.22788	0.03128	0.02118	0.01094	0.01249	0.00845	0.00620	0.00546	0.00161	0.00850	0.00441	0.00382	0.04925
3	0.08136	0.01166	0.04263	0.21431	0.02140	0.01071	0.01030	0.07855	0.01333	0.05753	0.01111	0.01332	0.00855	0.00522	0.00490	0.00139	0.00561	0.00419	0.00359	0.40035
4	0.03186	0.00940	0.01172	0.00932	0.01295	0.00848	0.00748	0.09319	0.01670	0.29912	0.25288	0.02508	0.02558	0.00809	0.00584	0.00163	0.00427	0.00677	0.00603	0.16363
5	0.01211	0.00731	0.00959	0.03838	0.02955	0.00672	0.00680	0.01472	0.03252	0.17312	0.31538	0.13642	0.14102	0.01140	0.00654	0.00188	0.00371	0.00992	0.00593	0.03698
6	0.04980	0.12569	0.01668	0.08411	0.01729	0.01391	0.07023	0.02080	0.30357	0.01950	0.04270	0.10935	0.04545	0.00861	0.00647	0.00192	0.04468	0.00723	0.00452	0.00750
7	0.00712	0.00509	0.00678	0.00807	0.00844	0.00475	0.00540	0.00819	0.01130	0.01510	0.05425	0.76890	0.03896	0.01802	0.00741	0.00235	0.00335	0.01635	0.00543	0.00475
8	0.00835	0.00607	0.00851	0.00851	0.00926	0.00681	0.00623	0.00985	0.00910	0.01288	0.01634	0.02708	0.01638	0.25304	0.56567	0.00831	0.01281	0.00685	0.00323	0.00473
9	0.01163	0.01099	0.01861	0.64068	0.17599	0.01309	0.01647	0.01542	0.01193	0.01564	0.01045	0.01529	0.00803	0.00569	0.00580	0.00190	0.00759	0.00517	0.00264	0.00698
10	0.01384	0.01164	0.01638	0.21712	0.02253	0.03827	0.08638	0.11682	0.10067	0.05544	0.01436	0.01765	0.01129	0.01411	0.16171	0.00341	0.04993	0.00572	0.03546	0.00727
11	0.00773	0.00589	0.00621	0.00630	0.00809	0.00516	0.00483	0.00955	0.01329	0.01714	0.08955	0.05107	0.55064	0.01352	0.00656	0.00193	0.00310	0.06922	0.12517	0.00505
12	0.01334	0.00865	0.01011	0.00950	0.01188	0.00895	0.00750	0.04483	0.22193	0.12558	0.06758	0.12274	0.06981	0.01077	0.00626	0.00200	0.00421	0.12162	0.12558	0.00716
13	0.01302	0.01242	0.02113	0.33505	0.47070	0.01346	0.01717	0.01665	0.01259	0.01734	0.01070	0.01484	0.00863	0.00544	0.00578	0.00181	0.00725	0.00518	0.00276	0.00811
14	0.01353	0.02304	0.36808	0.02170	0.13306	0.07651	0.24327	0.01880	0.01322	0.01822	0.01080	0.01350	0.00810	0.00532	0.00595	0.00183	0.00888	0.00518	0.00271	0.00830
15	0.01109	0.00688	0.00881	0.00825	0.01005	0.00651	0.00620	0.01452	0.07578	0.12929	0.43208	0.18608	0.05696	0.01218	0.00675	0.00194	0.00335	0.01073	0.00626	0.00627
16	0.01430	0.01045	0.01236	0.00913	0.01405	0.00842	0.00732	0.01798	0.07350	0.12774	0.01327	0.01398	0.01021	0.00502	0.00466	0.00109	0.00442	0.00405	0.00420	0.64384
17	0.01221	0.12561	0.01949	0.54467	0.09332	0.01459	0.01481	0.01680	0.07260	0.01581	0.01116	0.01502	0.00865	0.00581	0.00551	0.00182	0.00720	0.00499	0.00287	0.00706
18	0.00903	0.00616	0.00782	0.00728	0.00891	0.00557	0.00550	0.01156	0.01601	0.06335	0.61492	0.04393	0.15392	0.01204	0.00680	0.00185	0.00290	0.01051	0.00630	0.00565
19	0.00824	0.00674	0.01097	0.01070	0.01192	0.00634	0.11238	0.00995	0.01169	0.01560	0.02900	0.61986	0.03374	0.01611	0.00739	0.00233	0.00447	0.07230	0.00504	0.00523
20	0.01311	0.01085	0.01292	0.01152	0.01439	0.01191	0.04325	0.08188	0.40717	0.02389	0.16691	0.03125	0.02618	0.00961	0.00644	0.00202	0.00474	0.10825	0.00578	0.00792
21	0.00733	0.00564	0.00678	0.00757	0.00872	0.00509	0.00557	0.00877	0.01233	0.01557	0.04288	0.38431	0.33245	0.01647	0.00729	0.00224	0.00349	0.11720	0.00539	0.00489
22	0.00832	0.00618	0.00907	0.00907	0.01001	0.00712	0.00692	0.01021	0.00926	0.01329	0.01583	0.02425	0.01515	0.11314	0.70390	0.00900	0.01466	0.00644	0.00315	0.00504
23	0.01708	0.68426	0.02800	0.01001	0.01491	0.02090	0.00975	0.01900	0.01252	0.12280	0.01025	0.01085	0.00847	0.00530	0.00404	0.00132	0.00603	0.00351	0.00317	0.00782
24	0.00798	0.00597	0.00680	0.00667	0.00840	0.00519	0.00497	0.00982	0.01415	0.04431	0.26450	0.11628	0.45629	0.01392	0.00688	0.00195	0.00299	0.01190	0.00576	0.00524

[dist]
# distance from previous block
# <min> <max>
0	1

[block]
# block no. 2 follows, 40 sequences, length 24
# corresponding to MSA columns:
# 266-289
name=unknown_C
#
# <colnr> <probs for GDERKNQSTAVLIFYWHMCP>
#	G	D	E	R	K	N	Q	S	T	A	V	L	I	F	Y	W	H	M	C	P
0	0.01628	0.36672	0.08362	0.01179	0.01646	0.10121	0.01099	0.12901	0.02965	0.01855	0.00985	0.01122	0.00819	0.00575	0.00547	0.00145	0.05704	0.00384	0.00325	0.10965
1	0.00952	0.00713	0.00974	0.01132	0.04376	0.00717	0.00901	0.01284	0.05947	0.01752	0.03095	0.14793	0.06570	0.01528	0.00767	0.00252	0.00502	0.52649	0.00529	0.00567
2	0.06783	0.07217	0.25381	0.01219	0.01800	0.01293	0.01254	0.09342	0.10550	0.07205	0.01295	0.01369	0.00965	0.00573	0.00507	0.00155	0.00611	0.00441	0.00388	0.21654
3	0.01007	0.00960	0.05881	0.04447	0.01331	0.00724	0.00742	0.01245	0.01217	0.01760	0.08583	0.14566	0.09501	0.06323	0.00720	0.00174	0.00441	0.00755	0.00412	0.39211
4	0.01957	0.01281	0.08400	0.10341	0.01905	0.01089	0.01073	0.11014	0.05711	0.35645	0.01721	0.01675	0.01167	0.00643	0.00557	0.00167	0.00568	0.00521	0.00537	0.14027
5	0.01321	0.21472	0.39697	0.01692	0.05734	0.01609	0.13455	0.01875	0.04640	0.01759	0.01071	0.01264	0.00819	0.00538	0.00533	0.00172	0.00795	0.00457	0.00272	0.00825
6	0.02280	0.00921	0.01254	0.01005	0.01395	0.00807	0.00828	0.02514	0.01636	0.62261	0.10259	0.02609	0.02032	0.00843	0.00614	0.00187	0.00474	0.06480	0.00696	0.00905
7	0.01187	0.01116	0.01847	0.58799	0.18549	0.01319	0.01612	0.01633	0.05164	0.01621	0.01118	0.01561	0.00859	0.00580	0.00581	0.00190	0.00741	0.00525	0.00282	0.00717
8	0.01450	0.06004	0.01417	0.11925	0.11707	0.00978	0.00988	0.04711	0.01358	0.20124	0.02162	0.30494	0.02110	0.01068	0.00628	0.00198	0.00516	0.00944	0.00494	0.00725
9	0.02028	0.01025	0.01452	0.05590	0.07783	0.00970	0.03788	0.03505	0.08350	0.45791	0.02301	0.08374	0.04720	0.00815	0.00606	0.00188	0.00523	0.00700	0.00605	0.00887
10	0.00760	0.00592	0.00690	0.00665	0.00830	0.00522	0.00499	0.00975	0.01497	0.01977	0.43125	0.04928	0.38212	0.01321	0.00687	0.00189	0.00284	0.01134	0.00593	0.00522
11	0.01347	0.01269	0.02403	0.35641	0.13242	0.01338	0.27395	0.01754	0.01294	0.06862	0.01180	0.01572	0.00879	0.00550	0.00618	0.00191	0.00818	0.00582	0.00307	0.00757
12	0.01891	0.12943	0.01652	0.01328	0.09412	0.08541	0.00965	0.08691	0.01569	0.29026	0.04725	0.13378	0.01694	0.00836	0.00574	0.00176	0.00569	0.00690	0.00519	0.00820
13	0.01144	0.00880	0.01365	0.08426	0.06218	0.00961	0.06858	0.01336	0.01129	0.08850	0.01945	0.26345	0.02021	0.08958	0.08613	0.00322	0.12668	0.00937	0.00411	0.00612
14	0.00846	0.00564	0.00634	0.00634	0.00634	0.00564	0.00352	0.00846	0.00846	0.01128	0.01832	0.03805	0.02114	0.79563	0.02960	0.00564	0.00564	0.00846	0.00352	0.00352
15	0.01272	0.01088	0.06210	0.34115	0.06677	0.01119	0.01287	0.01715	0.07294	0.10887	0.01434	0.01810	0.01114	0.01544	0.19527	0.00374	0.00908	0.00558	0.00357	0.00709
16	0.01513	0.08711	0.03518	0.02271	0.26780	0.06631	0.18824	0.01830	0.01322	0.08714	0.01289	0.04799	0.01080	0.00856	0.05484	0.00228	0.04424	0.00589	0.00337	0.00803
17	0.01814	0.02186	0.01584	0.01432	0.01644	0.51781	0.01104	0.01966	0.01399	0.01409	0.00955	0.01253	0.00842	0.01167	0.10615	0.00272	0.17204	0.00434	0.00292	0.00646
18	0.12929	0.01171	0.01637	0.01848	0.25908	0.01138	0.01144	0.06171	0.01521	0.38221	0.01655	0.01634	0.01138	0.00629	0.00552	0.00177	0.00561	0.00524	0.00523	0.00919
19	0.01559	0.33430	0.05746	0.01286	0.01662	0.04900	0.06645	0.07695	0.05369	0.05062	0.01055	0.01265	0.00883	0.00731	0.00850	0.04804	0.15547	0.00445	0.00323	0.00743
20	0.00772	0.00573	0.00720	0.00724	0.00848	0.00521	0.00528	0.00983	0.01465	0.01999	0.46307	0.22014	0.17627	0.01387	0.00699	0.00198	0.00293	0.01223	0.00599	0.00521
21	0.01471	0.01449	0.02264	0.04737	0.61393	0.05626	0.04484	0.01918	0.07359	0.01907	0.01189	0.01485	0.00977	0.00545	0.00579	0.00175	0.00705	0.00528	0.00313	0.00896
22	0.01555	0.79913	0.03047	0.00995	0.01493	0.02301	0.00995	0.01741	0.01182	0.01368	0.00808	0.00933	0.00746	0.00498	0.00373	0.00124	0.00622	0.00311	0.00249	0.00746
23	0.01366	0.05110	0.15281	0.01255	0.01799	0.01123	0.09160	0.01802	0.05895	0.07959	0.01215	0.01365	0.00936	0.00536	0.00570	0.00140	0.04232	0.00444	0.00359	0.39452

[dist]
# distance from previous block
# <min> <max>
0	4

[block]
# block no. 3 follows, 40 sequences, length 37
# corresponding to MSA columns:
# 294-330
name=unknown_D
#
# <colnr> <probs for GDERKNQSTAVLIFYWHMCP>
#	G	D	E	R	K	N	Q	S	T	A	V	L	I	F	Y	W	H	M	C	P
0	0.01086	0.01015	0.01702	0.74817	0.03870	0.01260	0.01569	0.01469	0.01184	0.01522	0.04259	0.01671	0.00979	0.00608	0.00586	0.00193	0.00754	0.00540	0.00275	0.00642
1	0.00930	0.00620	0.00803	0.00743	0.00904	0.00565	0.00562	0.01194	0.01628	0.07064	0.66732	0.04266	0.09417	0.01176	0.00679	0.00184	0.00290	0.01032	0.00639	0.00574
2	0.00874	0.00753	0.01116	0.01086	0.06564	0.00687	0.08802	0.01121	0.01443	0.01921	0.32281	0.09243	0.29451	0.01205	0.00682	0.00192	0.00395	0.01074	0.00533	0.00577
3	0.01580	0.56809	0.11460	0.06080	0.01789	0.05365	0.01167	0.01839	0.01240	0.06652	0.00958	0.01086	0.00795	0.00529	0.00429	0.00141	0.00670	0.00360	0.00284	0.00767
4	0.00990	0.00671	0.00901	0.00978	0.01139	0.00647	0.00837	0.01239	0.01375	0.06045	0.08118	0.06016	0.13696	0.01509	0.00767	0.00247	0.00482	0.53233	0.00553	0.00556
5	0.00709	0.00506	0.00675	0.00810	0.00843	0.00472	0.00540	0.00810	0.01113	0.01484	0.03205	0.79184	0.03846	0.01822	0.00742	0.00236	0.00337	0.01653	0.00540	0.00472
6	0.00796	0.00648	0.00837	0.00770	0.00961	0.00575	0.05582	0.01001	0.01380	0.01807	0.22000	0.11540	0.42055	0.01316	0.00674	0.00193	0.00340	0.01142	0.05857	0.00527
7	0.01397	0.01555	0.18172	0.01439	0.06615	0.02353	0.01267	0.04940	0.20128	0.08491	0.07221	0.02149	0.01630	0.00982	0.04388	0.00235	0.11094	0.04695	0.00443	0.00805
8	0.01401	0.01338	0.02231	0.03057	0.57621	0.01354	0.07039	0.01908	0.10501	0.01944	0.01358	0.05203	0.01163	0.00611	0.00594	0.00181	0.00667	0.00602	0.00338	0.00890
9	0.50338	0.01069	0.01058	0.00876	0.01273	0.01120	0.00722	0.02172	0.01267	0.32926	0.01420	0.01370	0.00963	0.00614	0.00452	0.00180	0.00468	0.00426	0.00508	0.00778
10	0.06965	0.01617	0.11754	0.06556	0.01669	0.22152	0.01091	0.01585	0.01193	0.01535	0.01215	0.01650	0.01054	0.02258	0.34588	0.00508	0.01188	0.00498	0.00299	0.00626
11	0.01044	0.00833	0.00986	0.01050	0.01207	0.04369	0.00872	0.01462	0.11161	0.01746	0.02802	0.05269	0.05123	0.07823	0.04341	0.00304	0.00590	0.47933	0.00507	0.00577
12	0.01395	0.14733	0.52206	0.01491	0.02196	0.05053	0.01778	0.01909	0.01260	0.07706	0.01088	0.01236	0.00796	0.00580	0.00586	0.00176	0.04265	0.00425	0.00287	0.00834
13	0.00714	0.00510	0.00681	0.00816	0.00852	0.00477	0.00550	0.00819	0.01119	0.01491	0.03202	0.77398	0.03834	0.01817	0.00744	0.00237	0.00342	0.03384	0.00540	0.00474
14	0.01193	0.08360	0.71434	0.01611	0.02446	0.01417	0.02068	0.01835	0.01225	0.01809	0.01027	0.01207	0.00737	0.00549	0.00540	0.00180	0.00843	0.00421	0.00246	0.00852
15	0.01237	0.12358	0.61442	0.01538	0.02310	0.01476	0.01908	0.01929	0.07132	0.01831	0.01121	0.01267	0.00821	0.00565	0.00533	0.00178	0.00798	0.00433	0.00274	0.00850
16	0.01664	0.01245	0.01354	0.01176	0.01532	0.01396	0.00926	0.08745	0.59273	0.12446	0.02279	0.02082	0.01667	0.00772	0.00590	0.00193	0.00479	0.00637	0.00608	0.00935
17	0.00853	0.00636	0.00816	0.00918	0.01011	0.00638	0.00681	0.01183	0.10173	0.01661	0.03073	0.52425	0.03474	0.01644	0.00738	0.00239	0.00400	0.18350	0.00545	0.00542
18	0.00934	0.00759	0.00880	0.00993	0.01097	0.06347	0.00784	0.01122	0.01267	0.01609	0.02968	0.36747	0.03362	0.01621	0.00757	0.00246	0.00491	0.36979	0.00520	0.00519
19	0.01373	0.01569	0.03431	0.02451	0.03039	0.01471	0.73824	0.01863	0.01373	0.01863	0.01176	0.01569	0.00882	0.00490	0.00686	0.00196	0.00980	0.00686	0.00294	0.00784
20	0.01047	0.00735	0.01068	0.00999	0.01019	0.00892	0.00755	0.00985	0.00827	0.01180	0.01048	0.01733	0.01028	0.02198	0.16547	0.44960	0.21777	0.00529	0.00264	0.00407
21	0.01440	0.01373	0.02291	0.03411	0.70986	0.01386	0.01727	0.01871	0.06216	0.01935	0.01179	0.01488	0.00978	0.00536	0.00577	0.00174	0.00676	0.00527	0.00308	0.00921
22	0.01350	0.01458	0.02960	0.02177	0.02696	0.01407	0.58559	0.01978	0.11232	0.01930	0.01479	0.02025	0.01188	0.00614	0.00682	0.00202	0.00877	0.06050	0.00352	0.00784
23	0.01417	0.01359	0.02319	0.08530	0.71152	0.01376	0.01773	0.01765	0.01313	0.01872	0.01090	0.01447	0.00911	0.00522	0.00576	0.00174	0.00696	0.00518	0.00286	0.00903
24	0.01784	0.01344	0.01314	0.01098	0.01440	0.14143	0.00865	0.13900	0.11496	0.18570	0.19274	0.02254	0.02211	0.00795	0.00587	0.00170	0.00552	0.00641	0.00561	0.07001
25	0.01293	0.01334	0.02123	0.01718	0.01840	0.01717	0.16305	0.01495	0.00990	0.01495	0.00849	0.01334	0.00788	0.00908	0.01655	0.00242	0.62437	0.00546	0.00263	0.00667
26	0.00717	0.00513	0.00682	0.00804	0.00845	0.00478	0.00540	0.00831	0.01153	0.01548	0.08654	0.73552	0.03970	0.01774	0.00738	0.00232	0.00333	0.01608	0.00547	0.00478
27	0.00866	0.00747	0.04851	0.00997	0.01148	0.00640	0.02000	0.01101	0.01284	0.01703	0.08375	0.28982	0.06370	0.01565	0.00756	0.00243	0.00468	0.36843	0.00525	0.00536
28	0.01373	0.01376	0.07186	0.19902	0.07297	0.04747	0.01259	0.07112	0.25583	0.02995	0.03958	0.05419	0.01427	0.00767	0.00697	0.00196	0.06871	0.00622	0.00425	0.00789
29	0.00853	0.00611	0.00751	0.00811	0.00885	0.00597	0.00560	0.05716	0.01196	0.01579	0.02977	0.47010	0.08496	0.18372	0.01208	0.00302	0.00418	0.06669	0.00502	0.00487
30	0.00719	0.00510	0.00672	0.00797	0.00828	0.00479	0.00526	0.00812	0.01094	0.01458	0.03105	0.73677	0.03720	0.07501	0.00904	0.00260	0.00354	0.01594	0.00526	0.00464
31	0.07628	0.15284	0.46267	0.01424	0.02111	0.05876	0.01661	0.06684	0.01345	0.05140	0.01057	0.01191	0.00778	0.00562	0.00510	0.00171	0.00770	0.00411	0.00301	0.00827
32	0.20391	0.04966	0.03937	0.03395	0.01516	0.02359	0.00907	0.14040	0.09080	0.05526	0.01350	0.06499	0.01128	0.00699	0.00594	0.00169	0.05950	0.00517	0.00426	0.16551
33	0.25628	0.04583	0.01345	0.11359	0.01708	0.06267	0.03448	0.05913	0.06805	0.05978	0.04040	0.01611	0.01155	0.04430	0.06759	0.00249	0.00659	0.00489	0.00389	0.07183
34	0.01422	0.15457	0.13018	0.01283	0.01735	0.01340	0.10833	0.02058	0.17916	0.10864	0.07086	0.04296	0.07441	0.00777	0.00580	0.00181	0.00595	0.01874	0.00451	0.00792
35	0.11848	0.01484	0.09859	0.01715	0.16571	0.04206	0.02483	0.05738	0.10949	0.17624	0.01439	0.01528	0.01061	0.00675	0.00713	0.00189	0.10123	0.00512	0.00433	0.00850
36	0.01287	0.01016	0.01125	0.01182	0.06661	0.08597	0.00819	0.01670	0.11844	0.10141	0.02410	0.34686	0.02475	0.01203	0.00648	0.00201	0.00492	0.05751	0.00509	0.07284

[dist]
# distance from previous block
# <min> <max>
10	25

[block]
# block no. 4 follows, 40 sequences, length 6
# corresponding to MSA columns:
# 356-361
name=unknown_E
#
# <colnr> <probs for GDERKNQSTAVLIFYWHMCP>
#	G	D	E	R	K	N	Q	S	T	A	V	L	I	F	Y	W	H	M	C	P
0	0.01489	0.15752	0.43556	0.01411	0.02083	0.01501	0.01627	0.11533	0.01448	0.08775	0.01188	0.01317	0.00869	0.00753	0.04067	0.00207	0.00788	0.00445	0.00337	0.00853
1	0.01743	0.01580	0.01955	0.10638	0.14624	0.20510	0.13886	0.02039	0.01482	0.15991	0.05897	0.01838	0.01318	0.00659	0.00599	0.00179	0.00774	0.03107	0.00402	0.00780
2	0.01004	0.00717	0.00811	0.00756	0.00859	0.00738	0.00509	0.10654	0.01177	0.01556	0.02321	0.03564	0.12377	0.49272	0.10821	0.00502	0.00649	0.00831	0.00405	0.00476
3	0.10575	0.00804	0.01042	0.01128	0.08819	0.00852	0.00745	0.01324	0.01063	0.08943	0.01796	0.05145	0.03550	0.26173	0.17643	0.00470	0.04175	0.04790	0.00391	0.00572
4	0.01889	0.10191	0.01593	0.16288	0.01947	0.09093	0.01018	0.05049	0.01549	0.32278	0.11506	0.01970	0.01680	0.00716	0.00567	0.00173	0.00599	0.00578	0.00514	0.00802
5	0.44354	0.01256	0.01237	0.11507	0.09399	0.09126	0.00938	0.01748	0.01140	0.06636	0.00984	0.01214	0.00770	0.00672	0.00587	0.06436	0.00588	0.00400	0.00346	0.00661

[dist]
# distance from previous block
# <min> <max>
0	219

# created by:
# /home/berkeley/.conda/envs/busco_data_prod/bin/msa2prfl.pl pipeline/OGs_align_augustus/33634/165754.fs
