[name]
unknown

[dist]
# distance from previous block
# <min> <max>
2	882

[block]
# block no. 0 follows, 47 sequences, length 17
# corresponding to MSA columns:
# 940-956
name=unknown_A
#
# <colnr> <probs for GDERKNQSTAVLIFYWHMCP>
#	G	D	E	R	K	N	Q	S	T	A	V	L	I	F	Y	W	H	M	C	P
0	0.01375	0.02648	0.05344	0.01101	0.01404	0.01049	0.08039	0.14279	0.10048	0.13172	0.06109	0.11350	0.01530	0.00856	0.00752	0.06694	0.06876	0.00635	0.00433	0.06306
1	0.01538	0.05018	0.08452	0.03813	0.04941	0.09025	0.00932	0.05083	0.13505	0.21648	0.02574	0.04765	0.04902	0.00652	0.00501	0.00151	0.00523	0.00527	0.00437	0.11012
2	0.03473	0.03576	0.01364	0.08413	0.08902	0.03731	0.03156	0.06391	0.10372	0.11900	0.02290	0.04174	0.01100	0.01958	0.00700	0.06681	0.04375	0.00491	0.00375	0.16579
3	0.04610	0.04003	0.02513	0.07174	0.02678	0.04825	0.07065	0.06388	0.09750	0.13340	0.06903	0.04555	0.07935	0.07137	0.00688	0.00184	0.00505	0.00604	0.00419	0.08722
4	0.01426	0.02996	0.05055	0.03702	0.08221	0.01056	0.11156	0.08026	0.06337	0.17162	0.05182	0.01673	0.04661	0.00609	0.00583	0.00152	0.05237	0.00521	0.00405	0.15840
5	0.04438	0.01021	0.03195	0.04857	0.01432	0.01038	0.04643	0.15330	0.07687	0.15142	0.05378	0.07355	0.06363	0.02832	0.03067	0.00198	0.07812	0.01566	0.00445	0.06201
6	0.05056	0.00983	0.01178	0.01030	0.06219	0.00932	0.02504	0.13776	0.08584	0.06300	0.03704	0.04875	0.07132	0.04584	0.00585	0.00151	0.00439	0.00535	0.00407	0.31025
7	0.22521	0.01059	0.01303	0.10135	0.21015	0.04339	0.00976	0.07054	0.02425	0.07335	0.04675	0.08092	0.01207	0.00634	0.00476	0.00161	0.00507	0.00523	0.02924	0.02640
8	0.01098	0.00880	0.01075	0.00953	0.01074	0.06904	0.04325	0.01254	0.02899	0.08882	0.04262	0.05426	0.04966	0.24588	0.13882	0.00381	0.15638	0.00653	0.00348	0.00512
9	0.01567	0.01049	0.01195	0.00985	0.01306	0.01097	0.00793	0.29267	0.14936	0.15294	0.11545	0.05165	0.04993	0.00789	0.00546	0.00164	0.00446	0.03769	0.00536	0.04557
10	0.00929	0.06879	0.00928	0.03601	0.00991	0.00690	0.00594	0.04059	0.01382	0.06824	0.43845	0.09903	0.12730	0.01043	0.00588	0.00168	0.00326	0.03470	0.00515	0.00537
11	0.07251	0.00563	0.00681	0.00650	0.00775	0.00539	0.00479	0.00986	0.01338	0.01961	0.59890	0.07482	0.06792	0.07469	0.00756	0.00193	0.00282	0.00908	0.00526	0.00478
12	0.01285	0.21712	0.15984	0.09385	0.05909	0.09737	0.02566	0.04690	0.13521	0.01633	0.04869	0.04243	0.01143	0.00595	0.00477	0.00152	0.00613	0.00472	0.00318	0.00696
13	0.01105	0.01100	0.01592	0.01359	0.01387	0.01491	0.04814	0.01233	0.00834	0.01280	0.00870	0.07333	0.00902	0.00944	0.01574	0.00224	0.70603	0.00543	0.00249	0.00565
14	0.03304	0.01150	0.04861	0.07281	0.06864	0.01083	0.02092	0.13777	0.07401	0.09546	0.01167	0.01287	0.00887	0.00539	0.00560	0.00138	0.06628	0.00419	0.00374	0.30641
15	0.01146	0.01064	0.08878	0.08321	0.07687	0.00937	0.06983	0.03517	0.13374	0.08883	0.23714	0.04151	0.02223	0.00846	0.03248	0.00188	0.00515	0.00655	0.00436	0.03234
16	0.08702	0.04317	0.11617	0.00995	0.01384	0.05247	0.00895	0.03978	0.17411	0.22153	0.03626	0.05490	0.03913	0.00670	0.00495	0.00158	0.00489	0.00536	0.00454	0.07471

[dist]
# distance from previous block
# <min> <max>
3	111

[block]
# block no. 1 follows, 47 sequences, length 30
# corresponding to MSA columns:
# 1069-1098
name=unknown_B
#
# <colnr> <probs for GDERKNQSTAVLIFYWHMCP>
#	G	D	E	R	K	N	Q	S	T	A	V	L	I	F	Y	W	H	M	C	P
0	0.18824	0.01219	0.10749	0.04639	0.10784	0.01020	0.02902	0.04237	0.04507	0.08001	0.01066	0.01215	0.00819	0.00608	0.03341	0.00163	0.00539	0.00390	0.00333	0.24643
1	0.06242	0.07103	0.04183	0.05717	0.04682	0.00923	0.00811	0.05849	0.01266	0.26007	0.01554	0.10695	0.01264	0.00666	0.00478	0.00146	0.00452	0.00549	0.06231	0.15184
2	0.27348	0.10428	0.19322	0.01015	0.01482	0.05519	0.02117	0.03681	0.01155	0.15692	0.01050	0.01111	0.00761	0.00509	0.00422	0.00149	0.00552	0.00363	0.00346	0.06977
3	0.26797	0.30293	0.01646	0.05608	0.01370	0.04302	0.00793	0.06012	0.01136	0.07914	0.00965	0.03817	0.00805	0.00529	0.00388	0.00139	0.00504	0.00368	0.00321	0.06293
4	0.01051	0.00913	0.05128	0.03573	0.12539	0.03012	0.00865	0.03966	0.08671	0.04870	0.06514	0.12199	0.05372	0.02500	0.13935	0.09654	0.01556	0.02730	0.00374	0.00578
5	0.00757	0.00505	0.00568	0.00568	0.00568	0.00505	0.00316	0.00757	0.00757	0.01010	0.01641	0.03408	0.01893	0.81698	0.02651	0.00505	0.00505	0.00757	0.00316	0.00316
6	0.02261	0.00864	0.01168	0.00902	0.01289	0.00750	0.00743	0.02465	0.01468	0.74550	0.02035	0.01782	0.01292	0.00642	0.00515	0.00159	0.00432	0.00522	0.05297	0.00864
7	0.00809	0.00553	0.00693	0.00646	0.00796	0.00497	0.00489	0.01029	0.01418	0.06540	0.59175	0.03986	0.19230	0.01090	0.00609	0.00166	0.00261	0.00948	0.00560	0.00505
8	0.00666	0.00521	0.00603	0.00600	0.00739	0.00458	0.00443	0.00838	0.01280	0.01669	0.33924	0.13005	0.40889	0.01253	0.00620	0.00175	0.00261	0.01079	0.00519	0.00458
9	0.01342	0.11572	0.18342	0.05208	0.33239	0.03223	0.07376	0.01689	0.01176	0.08633	0.01029	0.01238	0.00798	0.00497	0.00523	0.00156	0.02472	0.00438	0.00280	0.00769
10	0.00649	0.00467	0.00602	0.00697	0.00739	0.00435	0.00465	0.00745	0.01018	0.01355	0.07521	0.65846	0.07882	0.07958	0.00817	0.00230	0.00313	0.01367	0.00476	0.00420
11	0.31323	0.01220	0.01209	0.01077	0.06019	0.08361	0.00816	0.18004	0.01464	0.23905	0.01235	0.01229	0.00863	0.00563	0.00447	0.00157	0.00513	0.00406	0.00447	0.00743
12	0.65865	0.01113	0.00876	0.00768	0.01086	0.06974	0.00623	0.06204	0.01066	0.06124	0.00876	0.00977	0.00665	0.00510	0.00357	0.00157	0.00447	0.00319	0.04394	0.00599
13	0.01419	0.01178	0.01346	0.01325	0.10698	0.01321	0.00930	0.18682	0.48266	0.02307	0.01769	0.01782	0.01358	0.04478	0.00626	0.00185	0.00477	0.00555	0.00485	0.00814
14	0.01229	0.01405	0.03073	0.02195	0.02722	0.01317	0.76558	0.01668	0.01229	0.01668	0.01054	0.01405	0.00790	0.00439	0.00615	0.00176	0.00878	0.00615	0.00263	0.00702
15	0.00882	0.00757	0.01010	0.00949	0.01013	0.03399	0.00740	0.01024	0.00837	0.01196	0.01232	0.01963	0.01205	0.13170	0.47795	0.00620	0.20908	0.00551	0.00271	0.00476
16	0.01289	0.01237	0.02114	0.03196	0.78450	0.01237	0.01598	0.01598	0.01186	0.01701	0.00980	0.01289	0.00825	0.00464	0.00516	0.00155	0.00619	0.00464	0.00258	0.00825
17	0.00822	0.00549	0.00721	0.00673	0.00808	0.00504	0.00506	0.01058	0.01456	0.06309	0.70877	0.06940	0.04653	0.01065	0.00611	0.00166	0.00259	0.00941	0.00574	0.00510
18	0.10584	0.01055	0.01086	0.00968	0.01253	0.01204	0.00758	0.07193	0.54995	0.02247	0.06549	0.01896	0.01620	0.00693	0.00502	0.00170	0.00401	0.00563	0.05504	0.00759
19	0.01189	0.01200	0.07732	0.04562	0.17490	0.01075	0.23243	0.01671	0.09890	0.06400	0.14872	0.02071	0.01726	0.00647	0.00571	0.00170	0.00603	0.03807	0.00375	0.00706
20	0.42638	0.36228	0.01670	0.00824	0.01196	0.07515	0.00739	0.01585	0.01006	0.01774	0.00731	0.00848	0.00617	0.00471	0.00339	0.00138	0.00510	0.00285	0.00275	0.00612
21	0.01392	0.82012	0.02729	0.00891	0.01337	0.02061	0.00891	0.01559	0.01058	0.01225	0.00724	0.00835	0.00668	0.00446	0.00334	0.00111	0.00557	0.00278	0.00223	0.00668
22	0.00724	0.00538	0.00678	0.00676	0.00790	0.00504	0.00494	0.00974	0.04602	0.01843	0.49597	0.22212	0.11996	0.01209	0.00623	0.00177	0.00268	0.01070	0.00541	0.00484
23	0.00676	0.00509	0.00627	0.00652	0.00761	0.00460	0.00474	0.00844	0.01243	0.01657	0.33197	0.27769	0.24243	0.01317	0.00633	0.00184	0.00275	0.03504	0.00519	0.00456
24	0.00773	0.00571	0.00667	0.00632	0.00782	0.00526	0.00469	0.01024	0.05503	0.04030	0.39309	0.04088	0.30937	0.07475	0.00768	0.00196	0.00288	0.00952	0.00520	0.00489
25	0.01668	0.00906	0.01093	0.00904	0.01214	0.00896	0.00723	0.11725	0.15816	0.34291	0.12977	0.04770	0.06478	0.00784	0.00542	0.00165	0.00405	0.00652	0.03228	0.00764
26	0.01363	0.17607	0.40724	0.01398	0.04792	0.22523	0.01468	0.01746	0.01196	0.01470	0.00861	0.01013	0.00671	0.00496	0.00458	0.00146	0.00769	0.00354	0.00235	0.00708
27	0.01193	0.01125	0.01900	0.09009	0.63647	0.01140	0.01459	0.01484	0.01166	0.01650	0.03265	0.08330	0.01155	0.00587	0.00532	0.00161	0.00587	0.00565	0.00284	0.00761
28	0.00652	0.00510	0.00597	0.00653	0.00768	0.00454	0.00482	0.00785	0.01129	0.01417	0.06275	0.32367	0.40494	0.01437	0.00645	0.00196	0.00302	0.09911	0.00486	0.00440
29	0.01177	0.07570	0.08877	0.07189	0.30125	0.07477	0.04691	0.01537	0.05446	0.01640	0.10057	0.01910	0.08826	0.00638	0.00522	0.00157	0.00583	0.00561	0.00323	0.00693

[dist]
# distance from previous block
# <min> <max>
0	4

[block]
# block no. 2 follows, 47 sequences, length 9
# corresponding to MSA columns:
# 1103-1111
name=unknown_C
#
# <colnr> <probs for GDERKNQSTAVLIFYWHMCP>
#	G	D	E	R	K	N	Q	S	T	A	V	L	I	F	Y	W	H	M	C	P
0	0.06378	0.00681	0.00883	0.00786	0.00999	0.00651	0.00608	0.01433	0.01131	0.25688	0.07243	0.10667	0.07763	0.04019	0.18885	0.05995	0.00617	0.00685	0.00453	0.04436
1	0.01339	0.26696	0.19762	0.01466	0.15433	0.05871	0.01216	0.07135	0.01213	0.03847	0.00968	0.01212	0.00809	0.05420	0.00575	0.00160	0.00624	0.00392	0.00276	0.05587
2	0.00729	0.00567	0.00679	0.00633	0.00802	0.00493	0.00475	0.00928	0.01312	0.01787	0.42534	0.09246	0.26742	0.01109	0.00594	0.00162	0.00270	0.00959	0.00512	0.09466
3	0.73355	0.06320	0.07061	0.00761	0.01127	0.01229	0.00692	0.01542	0.00914	0.02211	0.00742	0.00865	0.00578	0.00482	0.00337	0.00158	0.00442	0.00290	0.00308	0.00587
4	0.01474	0.01414	0.13082	0.01347	0.07141	0.01263	0.06252	0.25739	0.18788	0.07030	0.09614	0.01710	0.01453	0.00648	0.00535	0.00164	0.00548	0.00547	0.00454	0.00796
5	0.00948	0.01225	0.18277	0.01153	0.06293	0.00902	0.05620	0.01502	0.16942	0.01714	0.10234	0.06349	0.22663	0.00961	0.02729	0.00191	0.00498	0.00752	0.00410	0.00638
6	0.00784	0.00631	0.00817	0.00824	0.00906	0.00683	0.00641	0.00925	0.01051	0.01400	0.08229	0.18488	0.18547	0.09978	0.03894	0.00263	0.13859	0.17199	0.00421	0.00458
7	0.01356	0.22803	0.08773	0.00947	0.01305	0.01254	0.00864	0.07703	0.15571	0.12053	0.17085	0.01941	0.01851	0.03609	0.00567	0.00164	0.00470	0.00547	0.00434	0.00704
8	0.00735	0.00527	0.00638	0.00698	0.00789	0.00506	0.00501	0.00950	0.05713	0.01514	0.07903	0.42657	0.14548	0.04159	0.00687	0.00204	0.00314	0.07045	0.09451	0.00462

[dist]
# distance from previous block
# <min> <max>
1	5

[block]
# block no. 3 follows, 47 sequences, length 44
# corresponding to MSA columns:
# 1120-1163
name=unknown_D
#
# <colnr> <probs for GDERKNQSTAVLIFYWHMCP>
#	G	D	E	R	K	N	Q	S	T	A	V	L	I	F	Y	W	H	M	C	P
0	0.01371	0.23594	0.33854	0.01410	0.06261	0.20147	0.03335	0.01726	0.01187	0.01451	0.00853	0.01010	0.00678	0.00488	0.00450	0.00143	0.00748	0.00355	0.00236	0.00705
1	0.00728	0.00534	0.00685	0.00662	0.00787	0.00491	0.00502	0.00959	0.01418	0.01972	0.64753	0.06004	0.12048	0.01125	0.00622	0.00171	0.00262	0.05236	0.00557	0.00484
2	0.00675	0.00498	0.00668	0.00762	0.00801	0.00491	0.00532	0.00784	0.01029	0.01387	0.07724	0.68822	0.03391	0.01551	0.00713	0.00210	0.04055	0.04994	0.00477	0.00437
3	0.00634	0.00453	0.00604	0.00725	0.00755	0.00423	0.00483	0.00725	0.00997	0.01329	0.02870	0.81358	0.03444	0.01632	0.00665	0.00211	0.00302	0.01480	0.00483	0.00423
4	0.00724	0.00508	0.00641	0.00679	0.00777	0.00474	0.00502	0.00905	0.01217	0.01691	0.29437	0.29615	0.11967	0.01273	0.00617	0.00185	0.00291	0.08989	0.09046	0.00461
5	0.74893	0.01008	0.00831	0.00723	0.01056	0.01141	0.00596	0.03752	0.00990	0.09850	0.00870	0.00948	0.00644	0.00503	0.00348	0.00161	0.00412	0.00311	0.00359	0.00605
6	0.06302	0.06580	0.01500	0.01148	0.01511	0.14777	0.00930	0.40374	0.17259	0.02539	0.01289	0.01290	0.00960	0.00608	0.00492	0.00154	0.00592	0.00448	0.00451	0.00794
7	0.01128	0.01022	0.04731	0.04698	0.18761	0.00926	0.06702	0.04340	0.07508	0.05155	0.17265	0.06325	0.04621	0.00704	0.00536	0.00153	0.00479	0.00636	0.00398	0.13913
8	0.01478	0.09882	0.16834	0.01327	0.01659	0.28263	0.02580	0.06067	0.04526	0.01500	0.00880	0.01079	0.00726	0.00622	0.00772	0.00165	0.20316	0.00393	0.00270	0.00662
9	0.01233	0.01329	0.10792	0.10084	0.18498	0.01204	0.22823	0.04592	0.01175	0.06066	0.01113	0.03079	0.00906	0.03001	0.04400	0.00214	0.07964	0.00535	0.00290	0.00702
10	0.01295	0.01119	0.01178	0.01060	0.01354	0.01295	0.00824	0.02767	0.77509	0.02178	0.02120	0.01943	0.01590	0.00707	0.00530	0.00177	0.00412	0.00589	0.00530	0.00824
11	0.00669	0.00499	0.00606	0.00637	0.00738	0.00449	0.00452	0.00799	0.01167	0.01531	0.23394	0.31156	0.28168	0.02815	0.00729	0.03820	0.00285	0.01157	0.00493	0.00436
12	0.00706	0.00527	0.00656	0.00633	0.00761	0.00477	0.00471	0.00919	0.01387	0.01903	0.58707	0.08588	0.20044	0.01150	0.00617	0.00169	0.00253	0.01005	0.00549	0.00477
13	0.85377	0.01007	0.00765	0.00685	0.01007	0.01168	0.00564	0.01531	0.00886	0.02336	0.00725	0.00846	0.00564	0.00483	0.00322	0.00161	0.00403	0.00282	0.00322	0.00564
14	0.00941	0.00843	0.01342	0.50165	0.02628	0.01029	0.01209	0.01225	0.01057	0.01389	0.03944	0.07598	0.01435	0.00818	0.00688	0.00193	0.08612	0.14033	0.00304	0.00546
15	0.01080	0.00926	0.01080	0.00771	0.01234	0.00694	0.00617	0.01311	0.01080	0.01697	0.00926	0.01080	0.00771	0.00386	0.00386	0.00077	0.00386	0.00309	0.00309	0.84882
16	0.03317	0.00706	0.00880	0.04950	0.04362	0.02297	0.00650	0.03620	0.07413	0.01496	0.07924	0.28933	0.02316	0.15808	0.10075	0.00320	0.03119	0.00909	0.00402	0.00501
17	0.00707	0.00531	0.00654	0.00623	0.00759	0.00478	0.00467	0.00924	0.01402	0.01918	0.59948	0.04170	0.23247	0.01128	0.00615	0.00167	0.00250	0.00981	0.00551	0.00478
18	0.03729	0.06962	0.21229	0.04225	0.10614	0.05022	0.01186	0.05123	0.07367	0.10082	0.01147	0.01254	0.00861	0.00519	0.00489	0.00143	0.02046	0.00408	0.01340	0.16255
19	0.63154	0.07063	0.01048	0.00820	0.01148	0.12823	0.00673	0.05116	0.01058	0.02144	0.00761	0.00878	0.00602	0.00495	0.00354	0.00153	0.00501	0.00298	0.00316	0.00592
20	0.08375	0.00881	0.01150	0.00893	0.01280	0.00785	0.00736	0.02417	0.01432	0.70471	0.01944	0.01711	0.01238	0.00631	0.00503	0.00160	0.00433	0.00505	0.03605	0.00848
21	0.01194	0.01346	0.13496	0.11775	0.24751	0.01181	0.05829	0.06670	0.15472	0.01854	0.06518	0.01756	0.03183	0.00611	0.00535	0.00167	0.00589	0.01983	0.00348	0.00743
22	0.00737	0.00532	0.00696	0.00655	0.00778	0.00491	0.00491	0.00983	0.01474	0.02088	0.78175	0.03890	0.04914	0.01065	0.00614	0.00164	0.00246	0.00942	0.00573	0.00491
23	0.01120	0.09097	0.01729	0.20025	0.11715	0.03406	0.12636	0.04681	0.05349	0.01644	0.09712	0.07521	0.03462	0.00717	0.00549	0.00169	0.00587	0.04903	0.00343	0.00635
24	0.01380	0.00659	0.00874	0.00774	0.00993	0.00593	0.00604	0.01582	0.01359	0.32469	0.25913	0.15818	0.02853	0.00970	0.00571	0.00170	0.00343	0.03999	0.07440	0.00636
25	0.01062	0.00828	0.01253	0.31511	0.02103	0.00918	0.04517	0.01478	0.10109	0.07709	0.10223	0.06069	0.01897	0.04111	0.00665	0.00199	0.00537	0.13822	0.00397	0.00593
26	0.00729	0.00532	0.00685	0.00647	0.00773	0.00488	0.00485	0.00967	0.01455	0.02043	0.73372	0.03964	0.09744	0.01081	0.00614	0.00165	0.00247	0.00952	0.00567	0.00488
27	0.01057	0.05570	0.76234	0.01463	0.02221	0.01240	0.01887	0.01646	0.01098	0.01634	0.00927	0.01090	0.00660	0.00493	0.00489	0.00163	0.00762	0.00381	0.00220	0.00766
28	0.01068	0.02533	0.69528	0.01573	0.02312	0.01223	0.11235	0.01652	0.01116	0.01652	0.00949	0.01138	0.00676	0.00488	0.00510	0.00166	0.00783	0.00413	0.00225	0.00761
29	0.00976	0.01008	0.01907	0.01459	0.01800	0.00954	0.39336	0.01278	0.01203	0.01572	0.05280	0.03046	0.25723	0.00855	0.00672	0.00184	0.04046	0.07754	0.00363	0.00585
30	0.01354	0.01046	0.01136	0.01009	0.01302	0.01173	0.00788	0.02590	0.63370	0.10135	0.05836	0.02122	0.04328	0.00738	0.00536	0.00174	0.00402	0.00616	0.00542	0.00802
31	0.00955	0.00873	0.01454	0.29497	0.17958	0.00959	0.05843	0.01209	0.01072	0.01447	0.03811	0.25831	0.01691	0.00876	0.00623	0.00183	0.04010	0.00797	0.00326	0.00587
32	0.01416	0.74741	0.06290	0.00921	0.01380	0.01964	0.00935	0.01606	0.01079	0.04592	0.00791	0.00888	0.00695	0.00456	0.00350	0.00116	0.00562	0.00294	0.00241	0.00683
33	0.01658	0.01299	0.11821	0.02056	0.35576	0.01055	0.04532	0.01970	0.01294	0.31392	0.01391	0.01455	0.00981	0.00536	0.00520	0.00159	0.00582	0.00483	0.00402	0.00836
34	0.01290	0.01222	0.01994	0.02922	0.68564	0.01245	0.01499	0.01748	0.10972	0.01763	0.01126	0.01373	0.00923	0.00495	0.00517	0.00157	0.00592	0.00480	0.00293	0.00825
35	0.00723	0.04047	0.00725	0.00628	0.00784	0.00543	0.00484	0.00923	0.01339	0.01778	0.44998	0.04245	0.32142	0.01146	0.00606	0.00169	0.00274	0.03445	0.00521	0.00479
36	0.00923	0.24871	0.01278	0.00728	0.00966	0.00985	0.00617	0.01160	0.04837	0.01558	0.21073	0.07521	0.25389	0.00992	0.00536	0.00159	0.00368	0.05069	0.00429	0.00540
37	0.00723	0.00564	0.00659	0.00630	0.00783	0.00518	0.00474	0.00996	0.05747	0.01833	0.45888	0.04207	0.32788	0.01141	0.00610	0.00169	0.00262	0.00982	0.00536	0.00491
38	0.00752	0.00506	0.00585	0.00601	0.00610	0.00504	0.00357	0.00772	0.00800	0.01065	0.01798	0.09677	0.02075	0.71062	0.02390	0.00467	0.00488	0.04820	0.00338	0.00333
39	0.01289	0.01237	0.02114	0.03196	0.78450	0.01237	0.01598	0.01598	0.01186	0.01701	0.00980	0.01289	0.00825	0.00464	0.00516	0.00155	0.00619	0.00464	0.00258	0.00825
40	0.01177	0.01099	0.01852	0.06943	0.60296	0.01124	0.01426	0.01468	0.01130	0.01607	0.01111	0.01596	0.00977	0.00988	0.11543	0.00254	0.00725	0.03669	0.00269	0.00747
41	0.01109	0.01058	0.01768	0.45459	0.31056	0.01222	0.01477	0.01423	0.01075	0.01461	0.00926	0.01331	0.00742	0.00532	0.00616	0.00171	0.07200	0.00463	0.00241	0.00669
42	0.01026	0.00962	0.01587	0.69686	0.09740	0.01171	0.01425	0.01431	0.05182	0.01407	0.00995	0.01410	0.00754	0.00526	0.00521	0.00172	0.00673	0.00470	0.00250	0.00612
43	0.01007	0.00950	0.01605	0.74380	0.09465	0.01163	0.01458	0.01352	0.01053	0.01360	0.00930	0.01381	0.00704	0.00516	0.00520	0.00172	0.00688	0.00463	0.00233	0.00598

[dist]
# distance from previous block
# <min> <max>
0	1

[block]
# block no. 4 follows, 47 sequences, length 23
# corresponding to MSA columns:
# 1165-1187
name=unknown_E
#
# <colnr> <probs for GDERKNQSTAVLIFYWHMCP>
#	G	D	E	R	K	N	Q	S	T	A	V	L	I	F	Y	W	H	M	C	P
0	0.01331	0.01327	0.02035	0.02950	0.68153	0.07265	0.01527	0.01615	0.01186	0.01643	0.00949	0.01254	0.00805	0.00495	0.00580	0.00157	0.05224	0.00454	0.00257	0.00793
1	0.07181	0.01920	0.01497	0.07455	0.06087	0.45856	0.01059	0.10392	0.01418	0.01599	0.00856	0.01047	0.00701	0.00582	0.00619	0.00154	0.10266	0.00379	0.00292	0.00640
2	0.01264	0.00937	0.01142	0.00989	0.01218	0.01057	0.00794	0.32826	0.01515	0.02081	0.01334	0.01711	0.01127	0.02525	0.46337	0.00550	0.01049	0.00520	0.00381	0.00642
3	0.01134	0.03002	0.01768	0.55237	0.15618	0.01236	0.05778	0.07178	0.01184	0.01558	0.00962	0.01349	0.00735	0.00513	0.00521	0.00168	0.00680	0.00468	0.00260	0.00652
4	0.01070	0.01001	0.01622	0.58421	0.16796	0.01186	0.01410	0.01526	0.08926	0.01484	0.01058	0.01428	0.00810	0.00530	0.00521	0.00170	0.00652	0.00476	0.00267	0.00648
5	0.01070	0.00847	0.01293	0.10583	0.25959	0.00895	0.00972	0.01324	0.10879	0.01392	0.01191	0.03851	0.01079	0.06292	0.01184	0.29302	0.00527	0.00523	0.00289	0.00547
6	0.01678	0.02054	0.01896	0.05905	0.08074	0.51314	0.18332	0.01907	0.01373	0.01401	0.00882	0.01097	0.00712	0.00508	0.00509	0.00147	0.00887	0.00416	0.00264	0.00642
7	0.79896	0.01014	0.00792	0.00709	0.01030	0.01177	0.00581	0.01611	0.05881	0.02326	0.00816	0.00917	0.00631	0.00498	0.00336	0.00162	0.00403	0.00302	0.00336	0.00581
8	0.00818	0.00616	0.00774	0.00737	0.00750	0.00703	0.00498	0.00863	0.00775	0.01078	0.01450	0.02843	0.01612	0.57385	0.13549	0.00507	0.13689	0.00680	0.00296	0.00378
9	0.00995	0.00937	0.01583	0.77536	0.06407	0.01160	0.01452	0.01341	0.01047	0.01345	0.00928	0.01385	0.00699	0.00519	0.00520	0.00173	0.00691	0.00463	0.00232	0.00588
10	0.01084	0.00923	0.01536	0.74510	0.03418	0.01128	0.01395	0.01421	0.01075	0.07115	0.01010	0.01417	0.00739	0.00530	0.00521	0.00173	0.00675	0.00467	0.00262	0.00601
11	0.01188	0.16733	0.27972	0.01586	0.03215	0.01385	0.27606	0.01633	0.03058	0.01583	0.00960	0.01181	0.00741	0.00476	0.00537	0.00155	0.03087	0.00449	0.00250	0.06207
12	0.00781	0.00801	0.08948	0.00921	0.06718	0.00607	0.00709	0.01035	0.01317	0.01828	0.45119	0.12468	0.14627	0.01062	0.00600	0.00170	0.00337	0.00933	0.00489	0.00530
13	0.01245	0.01079	0.01205	0.09350	0.01577	0.01254	0.00890	0.02553	0.66601	0.02066	0.02019	0.02035	0.01550	0.00715	0.00536	0.00179	0.00444	0.03420	0.00497	0.00785
14	0.00832	0.00541	0.00691	0.00700	0.00810	0.00501	0.00512	0.00990	0.01201	0.07508	0.27621	0.24781	0.11218	0.11384	0.00887	0.00228	0.00333	0.08283	0.00504	0.00475
15	0.00684	0.00458	0.00587	0.00690	0.00734	0.00432	0.00466	0.00796	0.01011	0.01419	0.02699	0.69762	0.03136	0.01482	0.00621	0.00198	0.00293	0.01335	0.12764	0.00432
16	0.00982	0.00880	0.01449	0.72093	0.03275	0.01087	0.01333	0.01318	0.01047	0.01394	0.01006	0.01446	0.00761	0.00530	0.00504	0.00168	0.00647	0.00465	0.09044	0.00569
17	0.00741	0.00527	0.00645	0.00616	0.00747	0.00482	0.00462	0.00967	0.01385	0.01957	0.57764	0.03878	0.17034	0.01060	0.00588	0.00161	0.00248	0.00921	0.09335	0.00482
18	0.01112	0.07142	0.01109	0.00909	0.01138	0.06060	0.00705	0.07729	0.19520	0.01792	0.07946	0.25978	0.02209	0.00980	0.00552	0.00170	0.00425	0.04652	0.00452	0.09420
19	0.09586	0.34666	0.23113	0.01043	0.01507	0.05891	0.01094	0.05823	0.01124	0.01549	0.00912	0.01207	0.00796	0.08967	0.00637	0.00176	0.00617	0.00372	0.00261	0.00658
20	0.00701	0.00593	0.00682	0.00648	0.00792	0.00573	0.00498	0.00860	0.01219	0.01564	0.23323	0.04322	0.51500	0.01212	0.00729	0.00178	0.08667	0.00992	0.00480	0.00466
21	0.01182	0.10996	0.05981	0.13610	0.05489	0.02776	0.06327	0.15753	0.01429	0.01891	0.15138	0.08889	0.06850	0.00767	0.00537	0.00162	0.00531	0.00660	0.00389	0.00643
22	0.00964	0.00790	0.03476	0.00769	0.00966	0.00712	0.00585	0.06936	0.01041	0.01487	0.02545	0.05474	0.01549	0.33859	0.05929	0.00325	0.03313	0.04361	0.02468	0.22452

[dist]
# distance from previous block
# <min> <max>
0	215

# created by:
# /home/berkeley/.conda/envs/busco_data_prod/bin/msa2prfl.pl pipeline/OGs_align_augustus/33634/165775.fs
