[name]
unknown

[dist]
# distance from previous block
# <min> <max>
0	225

[block]
# block no. 0 follows, 39 sequences, length 33
# corresponding to MSA columns:
# 247-279
name=unknown_A
#
# <colnr> <probs for GDERKNQSTAVLIFYWHMCP>
#	G	D	E	R	K	N	Q	S	T	A	V	L	I	F	Y	W	H	M	C	P
0	0.04827	0.02948	0.05314	0.10354	0.11477	0.03926	0.02494	0.08216	0.06480	0.14227	0.03220	0.02115	0.01370	0.00778	0.00727	0.00194	0.08283	0.07572	0.00442	0.05035
1	0.01666	0.03684	0.11452	0.05178	0.18125	0.03590	0.01298	0.13413	0.05530	0.12757	0.02442	0.03282	0.01155	0.00691	0.00626	0.03015	0.00637	0.00535	0.00429	0.10494
2	0.01497	0.01506	0.08529	0.06320	0.24187	0.07540	0.01307	0.09860	0.05736	0.04774	0.05167	0.04817	0.01373	0.03753	0.00671	0.00186	0.00652	0.00583	0.00394	0.11148
3	0.03797	0.02626	0.14382	0.01266	0.06889	0.03543	0.01050	0.08453	0.01443	0.08953	0.09453	0.18056	0.03132	0.07536	0.00823	0.00225	0.00563	0.03315	0.00466	0.04027
4	0.01509	0.01312	0.04969	0.07348	0.29193	0.04289	0.04184	0.04762	0.05225	0.11227	0.08781	0.02120	0.05125	0.03349	0.00682	0.00192	0.00628	0.00632	0.00424	0.04049
5	0.01382	0.01225	0.05524	0.04058	0.19303	0.01135	0.14659	0.01680	0.01293	0.11245	0.01727	0.18389	0.01632	0.02042	0.00784	0.00204	0.07116	0.00808	0.00404	0.05388
6	0.01582	0.01510	0.04513	0.01407	0.04074	0.14596	0.04571	0.07219	0.06105	0.07964	0.01355	0.01782	0.02130	0.09598	0.02426	0.03558	0.20580	0.00560	0.00376	0.04095
7	0.01219	0.02103	0.40100	0.04613	0.06284	0.01246	0.04088	0.04737	0.09131	0.02058	0.10966	0.01952	0.04035	0.00700	0.00591	0.00184	0.00698	0.00588	0.00372	0.04332
8	0.08141	0.11260	0.01894	0.34793	0.11864	0.01419	0.03850	0.04096	0.05377	0.01803	0.01241	0.06242	0.01056	0.00653	0.00553	0.00182	0.00673	0.00561	0.00327	0.04015
9	0.01093	0.01940	0.40437	0.05231	0.01972	0.01044	0.01485	0.01544	0.01239	0.04901	0.02132	0.11236	0.11991	0.01178	0.06978	0.00256	0.00752	0.00727	0.00359	0.03506
10	0.01712	0.01456	0.11081	0.21088	0.06378	0.01330	0.09925	0.09740	0.01506	0.21176	0.01422	0.01605	0.01002	0.00660	0.00714	0.00194	0.07192	0.00553	0.00424	0.00842
11	0.04915	0.01356	0.11302	0.05479	0.10497	0.02470	0.07410	0.04706	0.07276	0.11717	0.04618	0.12850	0.07809	0.00903	0.00678	0.00198	0.03812	0.00779	0.00453	0.00771
12	0.01239	0.02559	0.57028	0.01591	0.02319	0.01314	0.04853	0.07757	0.01399	0.02025	0.03858	0.04848	0.01221	0.00707	0.00597	0.00194	0.00800	0.04532	0.00323	0.00836
13	0.00750	0.00597	0.00687	0.00685	0.00848	0.00534	0.00511	0.00937	0.01387	0.01783	0.24319	0.10643	0.44639	0.01691	0.07066	0.00262	0.00405	0.01181	0.00558	0.00516
14	0.01709	0.06484	0.20571	0.01525	0.10338	0.01261	0.01318	0.05149	0.13625	0.22711	0.04905	0.04817	0.01488	0.00726	0.00584	0.00185	0.00613	0.00602	0.00491	0.00898
15	0.01667	0.04728	0.12447	0.09596	0.06119	0.03392	0.16220	0.09038	0.04501	0.17456	0.03874	0.03090	0.03777	0.00682	0.00609	0.00187	0.00715	0.00618	0.00441	0.00843
16	0.00894	0.00564	0.00755	0.00844	0.00922	0.00522	0.00585	0.01021	0.01215	0.07782	0.07231	0.66659	0.03790	0.01718	0.00740	0.00233	0.00357	0.03070	0.00570	0.00530
17	0.01503	0.05749	0.34163	0.01617	0.05420	0.09808	0.06383	0.08078	0.11556	0.04630	0.01510	0.01605	0.04049	0.00649	0.00575	0.00182	0.00774	0.00526	0.00368	0.00854
18	0.01613	0.01603	0.15499	0.07307	0.02283	0.01345	0.18598	0.05958	0.11007	0.16562	0.01598	0.01864	0.01190	0.00705	0.00735	0.00201	0.07200	0.03452	0.00434	0.00848
19	0.01274	0.01285	0.06101	0.53575	0.09001	0.01386	0.06191	0.07665	0.04381	0.01812	0.01153	0.01564	0.00865	0.00597	0.00596	0.00194	0.00775	0.00538	0.00308	0.00740
20	0.00884	0.00677	0.00728	0.00693	0.00909	0.00608	0.00527	0.01183	0.07519	0.05609	0.15267	0.05031	0.55514	0.01359	0.00685	0.00197	0.00321	0.01141	0.00577	0.00570
21	0.10004	0.01525	0.17636	0.04654	0.15608	0.01185	0.01307	0.07775	0.04473	0.13643	0.05206	0.11281	0.01580	0.00796	0.00587	0.00191	0.00607	0.00673	0.00445	0.00823
22	0.01501	0.10177	0.29207	0.01518	0.06093	0.06180	0.03969	0.07847	0.07549	0.08466	0.01548	0.10558	0.01312	0.00755	0.00578	0.00185	0.00708	0.00623	0.00393	0.00832
23	0.01372	0.08896	0.41356	0.01721	0.02411	0.04576	0.16318	0.04499	0.09521	0.01951	0.01225	0.01399	0.00907	0.00578	0.00579	0.00184	0.00834	0.00507	0.00313	0.00853
24	0.01808	0.01249	0.01392	0.01176	0.01561	0.01355	0.00934	0.11277	0.47297	0.18525	0.02220	0.02032	0.01600	0.00761	0.00592	0.00189	0.00496	0.00624	0.00619	0.04292
25	0.01226	0.01051	0.01226	0.00876	0.01401	0.00788	0.00701	0.01489	0.01226	0.01927	0.01051	0.01226	0.00876	0.00438	0.00438	0.00088	0.00438	0.00350	0.00350	0.82832
26	0.01980	0.01488	0.16505	0.01408	0.08845	0.01041	0.01204	0.04766	0.01526	0.38475	0.01704	0.01648	0.01151	0.00626	0.00560	0.00166	0.00591	0.00512	0.00521	0.15283
27	0.01255	0.01087	0.01779	0.67780	0.06801	0.01315	0.01589	0.04424	0.01278	0.05449	0.01134	0.01588	0.00838	0.00601	0.00591	0.00195	0.00765	0.00529	0.00301	0.00700
28	0.83394	0.01144	0.00869	0.00778	0.01144	0.01327	0.00640	0.01738	0.01006	0.02653	0.00823	0.00961	0.00640	0.00549	0.00366	0.00183	0.00457	0.00320	0.00366	0.00640
29	0.01766	0.01360	0.01493	0.01236	0.01567	0.03607	0.00991	0.40090	0.13829	0.02782	0.01532	0.01702	0.01193	0.01418	0.12492	0.07146	0.03895	0.00564	0.00502	0.00836
30	0.01411	0.01296	0.02527	0.01886	0.02325	0.01243	0.44090	0.04827	0.01458	0.09142	0.08719	0.11675	0.01787	0.00792	0.00740	0.00203	0.03870	0.00834	0.00418	0.00757
31	0.01068	0.00767	0.00939	0.00840	0.01106	0.00639	0.00628	0.01248	0.01234	0.07262	0.03750	0.29669	0.09087	0.05183	0.00740	0.00194	0.00406	0.04105	0.00482	0.30654
32	0.19052	0.11703	0.08154	0.05041	0.01666	0.05597	0.02606	0.05488	0.04419	0.06676	0.01156	0.01384	0.00930	0.04396	0.00645	0.00179	0.03219	0.00434	0.00368	0.16886

[dist]
# distance from previous block
# <min> <max>
1	7

[block]
# block no. 1 follows, 39 sequences, length 18
# corresponding to MSA columns:
# 287-304
name=unknown_B
#
# <colnr> <probs for GDERKNQSTAVLIFYWHMCP>
#	G	D	E	R	K	N	Q	S	T	A	V	L	I	F	Y	W	H	M	C	P
0	0.01561	0.05329	0.11072	0.04449	0.07230	0.02594	0.05484	0.07637	0.10371	0.15343	0.09621	0.05939	0.01908	0.00830	0.00615	0.00190	0.00600	0.05761	0.00494	0.02972
1	0.01874	0.01398	0.01645	0.04982	0.05624	0.05162	0.03908	0.31919	0.01981	0.12081	0.01592	0.01838	0.02743	0.00701	0.00579	0.00167	0.00623	0.04408	0.00504	0.16273
2	0.00860	0.00573	0.00645	0.00645	0.00645	0.00573	0.00358	0.00860	0.00860	0.01147	0.01863	0.03870	0.02150	0.79217	0.03010	0.00573	0.00573	0.00860	0.00358	0.00358
3	0.03725	0.45016	0.02390	0.08852	0.01791	0.01886	0.01042	0.08207	0.08387	0.08030	0.01187	0.01277	0.00945	0.00578	0.00461	0.00150	0.00610	0.00415	0.00365	0.04687
4	0.01597	0.05314	0.01414	0.01193	0.04676	0.01091	0.03716	0.15631	0.06607	0.17349	0.06451	0.19391	0.02225	0.06985	0.00820	0.00226	0.00523	0.03473	0.00552	0.00767
5	0.00820	0.00593	0.00804	0.00843	0.00902	0.00577	0.02880	0.00931	0.01093	0.01467	0.06589	0.38117	0.03177	0.27191	0.04883	0.00379	0.00509	0.07310	0.00473	0.00463
6	0.01371	0.01047	0.01241	0.00894	0.01412	0.00797	0.00718	0.01630	0.01274	0.09438	0.01181	0.01306	0.00936	0.00468	0.00454	0.00097	0.00445	0.00375	0.00389	0.74528
7	0.00716	0.00531	0.00670	0.00781	0.00847	0.00484	0.00530	0.00828	0.01173	0.01526	0.03777	0.64962	0.17446	0.01785	0.00744	0.00232	0.00335	0.01599	0.00549	0.00484
8	0.02248	0.01656	0.01775	0.01361	0.01834	0.01834	0.01124	0.73556	0.02780	0.03727	0.01420	0.01420	0.01006	0.00710	0.00592	0.00177	0.00651	0.00532	0.00592	0.01006
9	0.05876	0.07096	0.26179	0.04365	0.01998	0.01299	0.06841	0.10024	0.03477	0.05919	0.03248	0.01991	0.07907	0.00710	0.00569	0.00178	0.00668	0.02927	0.00390	0.08338
10	0.01851	0.01155	0.01404	0.18328	0.02020	0.07793	0.01033	0.06362	0.03503	0.30657	0.01805	0.02216	0.01385	0.08072	0.03540	0.00249	0.00671	0.04462	0.00507	0.02986
11	0.01624	0.01346	0.01423	0.01234	0.01596	0.01542	0.00973	0.17020	0.60332	0.02721	0.02212	0.02051	0.01648	0.00784	0.00600	0.00196	0.00504	0.00642	0.00600	0.00950
12	0.01045	0.00920	0.01432	0.17860	0.23421	0.00961	0.01155	0.01337	0.03628	0.01672	0.02353	0.31604	0.07950	0.01136	0.00661	0.00208	0.00543	0.01032	0.00415	0.00668
13	0.01485	0.01526	0.05342	0.39731	0.03028	0.12419	0.06596	0.14775	0.01562	0.01950	0.01223	0.05456	0.00992	0.00673	0.00598	0.00189	0.00800	0.00574	0.00346	0.00736
14	0.73079	0.01157	0.00952	0.00827	0.01206	0.01314	0.00682	0.05228	0.01145	0.08582	0.00973	0.01067	0.00724	0.00571	0.00395	0.00183	0.00470	0.00352	0.00406	0.00687
15	0.00721	0.00515	0.00686	0.00823	0.00858	0.00480	0.00549	0.00823	0.01132	0.01510	0.03259	0.78831	0.03911	0.01853	0.00755	0.00240	0.00343	0.01681	0.00549	0.00480
16	0.01408	0.01809	0.20877	0.21443	0.19505	0.05294	0.05472	0.05316	0.07616	0.03778	0.01234	0.01499	0.00931	0.00592	0.00586	0.00187	0.00775	0.00519	0.00327	0.00834
17	0.08175	0.01352	0.03787	0.19665	0.15640	0.02995	0.03232	0.17049	0.07830	0.08947	0.01505	0.03224	0.02663	0.00674	0.00580	0.00187	0.00659	0.00568	0.00430	0.00838

[dist]
# distance from previous block
# <min> <max>
0	6

[block]
# block no. 2 follows, 39 sequences, length 48
# corresponding to MSA columns:
# 311-330,332-359
name=unknown_C
#
# <colnr> <probs for GDERKNQSTAVLIFYWHMCP>
#	G	D	E	R	K	N	Q	S	T	A	V	L	I	F	Y	W	H	M	C	P
0	0.29462	0.01061	0.01038	0.00991	0.05255	0.03506	0.00732	0.08765	0.04873	0.10083	0.01490	0.01608	0.01121	0.00642	0.00456	0.00167	0.00455	0.00474	0.27104	0.00716
1	0.36034	0.05699	0.01612	0.01817	0.26115	0.05104	0.01105	0.03681	0.03384	0.02244	0.01005	0.01204	0.00816	0.00544	0.00467	0.00168	0.00583	0.00410	0.00344	0.07663
2	0.00851	0.00572	0.00657	0.00665	0.00671	0.00573	0.00382	0.00864	0.00879	0.01176	0.01938	0.08298	0.02234	0.72201	0.05241	0.00566	0.00592	0.00902	0.00368	0.00371
3	0.01468	0.04355	0.08024	0.01289	0.04798	0.01384	0.01049	0.07145	0.46148	0.05383	0.07146	0.02296	0.05296	0.00809	0.00599	0.00192	0.00513	0.00671	0.00549	0.00885
4	0.01617	0.01284	0.01676	0.01982	0.26782	0.03513	0.01203	0.05128	0.28659	0.12080	0.04772	0.02113	0.05053	0.00738	0.00601	0.00187	0.00562	0.00639	0.00504	0.00906
5	0.05575	0.00949	0.01149	0.00985	0.01355	0.00835	0.00822	0.04936	0.01377	0.08415	0.01906	0.03222	0.01818	0.00906	0.00590	0.00171	0.00493	0.25642	0.00465	0.38391
6	0.01470	0.01280	0.01412	0.01375	0.06762	0.01466	0.00998	0.03049	0.69297	0.02436	0.02316	0.02154	0.01744	0.00783	0.00601	0.00199	0.00485	0.00659	0.00580	0.00936
7	0.01506	0.03751	0.10791	0.05056	0.36039	0.01238	0.01463	0.04128	0.01379	0.10063	0.01320	0.04720	0.01080	0.00602	0.00561	0.00165	0.00641	0.00537	0.00364	0.14595
8	0.00699	0.00599	0.00599	0.00599	0.00799	0.00499	0.00449	0.00849	0.01348	0.01598	0.05991	0.05691	0.75288	0.01498	0.00699	0.00200	0.00300	0.01248	0.00549	0.00499
9	0.01396	0.01595	0.03490	0.02493	0.03091	0.01496	0.73380	0.01894	0.01396	0.01894	0.01196	0.01595	0.00897	0.00499	0.00698	0.00199	0.00997	0.00698	0.00299	0.00798
10	0.01468	0.01275	0.01319	0.01122	0.01410	0.13166	0.05218	0.13071	0.04797	0.07732	0.16890	0.03188	0.20091	0.01010	0.00697	0.00189	0.03742	0.02388	0.00525	0.00703
11	0.42229	0.01090	0.01123	0.00925	0.01325	0.01128	0.00759	0.05632	0.01390	0.34171	0.01577	0.03866	0.01114	0.00676	0.00487	0.00185	0.00483	0.00491	0.00540	0.00810
12	0.02087	0.01071	0.01285	0.01050	0.01432	0.01071	0.00846	0.09059	0.21082	0.39677	0.02215	0.02038	0.01521	0.00743	0.00571	0.00181	0.00475	0.00603	0.12068	0.00924
13	0.00706	0.00571	0.00628	0.00675	0.00819	0.00493	0.00483	0.00840	0.01275	0.01568	0.05072	0.30285	0.51287	0.01617	0.00718	0.00213	0.00314	0.01394	0.00549	0.00493
14	0.05500	0.01056	0.01208	0.00871	0.01388	0.00816	0.00698	0.01502	0.01215	0.01965	0.01039	0.01212	0.00864	0.00444	0.00434	0.00093	0.00439	0.00349	0.00351	0.78557
15	0.01294	0.01294	0.01811	0.01553	0.01553	0.01811	0.01294	0.01423	0.00906	0.01423	0.00776	0.01294	0.00776	0.01035	0.01941	0.00259	0.78134	0.00518	0.00259	0.00647
16	0.02534	0.01046	0.01369	0.01056	0.01498	0.00946	0.00870	0.09628	0.01774	0.65130	0.02224	0.01966	0.01422	0.00728	0.00585	0.00180	0.00506	0.00586	0.04971	0.00983
17	0.00721	0.00515	0.00686	0.00823	0.00858	0.00480	0.00549	0.00823	0.01132	0.01510	0.03259	0.78831	0.03911	0.01853	0.00755	0.00240	0.00343	0.01681	0.00549	0.00480
18	0.06648	0.01002	0.01298	0.01016	0.01430	0.00907	0.00828	0.05970	0.01666	0.61107	0.06070	0.02150	0.01652	0.04615	0.00707	0.00202	0.00499	0.00616	0.00684	0.00932
19	0.80420	0.01140	0.00902	0.03561	0.01250	0.01326	0.00677	0.01730	0.01013	0.02612	0.00832	0.00983	0.00646	0.00550	0.00374	0.00183	0.00469	0.00328	0.00362	0.00641
20	0.01117	0.01051	0.01774	0.77795	0.04073	0.01314	0.01642	0.01511	0.01182	0.01511	0.01051	0.01577	0.00788	0.00591	0.00591	0.00197	0.00788	0.00526	0.00263	0.00657
21	0.01581	0.79572	0.03099	0.01012	0.01518	0.02340	0.01012	0.01771	0.01202	0.01391	0.00822	0.00949	0.00759	0.00506	0.00379	0.00126	0.00632	0.00316	0.00253	0.00759
22	0.00761	0.00602	0.00686	0.00665	0.00837	0.00526	0.00499	0.00970	0.01496	0.01948	0.37325	0.05115	0.43734	0.01367	0.00698	0.00193	0.00290	0.01167	0.00595	0.00526
23	0.00732	0.00523	0.00699	0.00836	0.00875	0.00490	0.00568	0.00843	0.01143	0.01522	0.03253	0.75384	0.03887	0.01842	0.00758	0.00242	0.00353	0.05018	0.00549	0.00483
24	0.37574	0.01066	0.01155	0.00933	0.01351	0.01067	0.00770	0.02387	0.01396	0.44242	0.01680	0.01558	0.01108	0.00653	0.00496	0.00183	0.00483	0.00476	0.00574	0.00848
25	0.02653	0.01006	0.01372	0.01052	0.01510	0.00869	0.00869	0.02882	0.01693	0.75937	0.02333	0.02013	0.01464	0.00732	0.00595	0.00183	0.00503	0.00595	0.00732	0.01006
26	0.02653	0.01006	0.01372	0.01052	0.01510	0.00869	0.00869	0.02882	0.01693	0.75937	0.02333	0.02013	0.01464	0.00732	0.00595	0.00183	0.00503	0.00595	0.00732	0.01006
27	0.01427	0.01346	0.02255	0.17878	0.58909	0.01404	0.01755	0.04490	0.01369	0.01919	0.01112	0.01484	0.00911	0.00546	0.00587	0.00180	0.00717	0.00527	0.00298	0.00885
28	0.01471	0.01270	0.01337	0.01203	0.01538	0.01471	0.00936	0.03142	0.74459	0.02474	0.02407	0.02206	0.01805	0.00802	0.00602	0.00201	0.00468	0.00669	0.00602	0.00936
29	0.83394	0.01144	0.00869	0.00778	0.01144	0.01327	0.00640	0.01738	0.01006	0.02653	0.00823	0.00961	0.00640	0.00549	0.00366	0.00183	0.00457	0.00320	0.00366	0.00640
30	0.02248	0.01656	0.01775	0.01361	0.01834	0.01834	0.01124	0.73556	0.02780	0.03727	0.01420	0.01420	0.01006	0.00710	0.00592	0.00177	0.00651	0.00532	0.00592	0.01006
31	0.83394	0.01144	0.00869	0.00778	0.01144	0.01327	0.00640	0.01738	0.01006	0.02653	0.00823	0.00961	0.00640	0.00549	0.00366	0.00183	0.00457	0.00320	0.00366	0.00640
32	0.01464	0.01405	0.02400	0.03630	0.75528	0.01405	0.01815	0.01815	0.01347	0.01932	0.01112	0.01464	0.00937	0.00527	0.00585	0.00176	0.00703	0.00527	0.00293	0.00937
33	0.01471	0.01270	0.01337	0.01203	0.01538	0.01471	0.00936	0.03142	0.74459	0.02474	0.02407	0.02206	0.01805	0.00802	0.00602	0.00201	0.00468	0.00669	0.00602	0.00936
34	0.00720	0.00518	0.00683	0.00814	0.00855	0.00481	0.00545	0.00824	0.01141	0.01513	0.03372	0.75826	0.06843	0.01838	0.00753	0.00239	0.00341	0.01663	0.00549	0.00481
35	0.02633	0.01038	0.01392	0.01067	0.01526	0.00917	0.00882	0.06366	0.01746	0.72378	0.02288	0.01984	0.01441	0.00731	0.00595	0.00183	0.00510	0.00592	0.00725	0.01006
36	0.00858	0.00579	0.00676	0.00676	0.00687	0.00590	0.00397	0.00880	0.00869	0.01170	0.01835	0.03713	0.02082	0.71641	0.10492	0.00612	0.00676	0.00837	0.00354	0.00376
37	0.00844	0.00562	0.00747	0.00813	0.00896	0.00520	0.00567	0.01001	0.01307	0.05264	0.22877	0.54866	0.04252	0.01624	0.00732	0.00223	0.00333	0.01463	0.00585	0.00526
38	0.00739	0.00583	0.00666	0.00683	0.00833	0.00510	0.00498	0.00912	0.01388	0.01779	0.23251	0.20402	0.42666	0.01496	0.00710	0.00204	0.00303	0.01291	0.00575	0.00510
39	0.01254	0.01068	0.01241	0.00889	0.01413	0.00817	0.00712	0.03464	0.01269	0.01976	0.01061	0.01232	0.00879	0.00445	0.00442	0.00090	0.00444	0.00355	0.00357	0.80590
40	0.00936	0.00605	0.00805	0.00845	0.00962	0.00561	0.00626	0.01128	0.01383	0.07574	0.26269	0.38183	0.05806	0.01524	0.00731	0.00222	0.00360	0.10330	0.00595	0.00555
41	0.00727	0.00540	0.00678	0.00771	0.00848	0.00491	0.00530	0.00855	0.01225	0.01606	0.10349	0.57453	0.18321	0.01723	0.00738	0.00227	0.00329	0.01539	0.00558	0.00491
42	0.01186	0.03059	0.76153	0.01686	0.02560	0.01373	0.02185	0.01873	0.01249	0.01873	0.01061	0.01249	0.00749	0.00562	0.00562	0.00187	0.00874	0.00437	0.00250	0.00874
43	0.01418	0.01240	0.01991	0.05187	0.51901	0.01253	0.01500	0.05162	0.04032	0.04995	0.01572	0.14114	0.01473	0.00772	0.00614	0.00188	0.00628	0.00723	0.00377	0.00860
44	0.00721	0.00515	0.00686	0.00823	0.00858	0.00480	0.00549	0.00823	0.01132	0.01510	0.03259	0.78831	0.03911	0.01853	0.00755	0.00240	0.00343	0.01681	0.00549	0.00480
45	0.00877	0.00627	0.00843	0.00834	0.00885	0.00698	0.00586	0.00972	0.00901	0.01261	0.01647	0.02924	0.01719	0.36339	0.38742	0.04631	0.04016	0.00721	0.00330	0.00447
46	0.01115	0.01040	0.01726	0.72935	0.03888	0.01290	0.01584	0.01538	0.03089	0.01568	0.03865	0.01699	0.00994	0.00620	0.00596	0.00197	0.00761	0.00550	0.00286	0.00660
47	0.01306	0.01517	0.18659	0.03323	0.01782	0.02829	0.06149	0.07991	0.05178	0.06874	0.01932	0.21414	0.01888	0.01059	0.00808	0.00215	0.09752	0.06157	0.00434	0.00732

[dist]
# distance from previous block
# <min> <max>
3	13

[block]
# block no. 3 follows, 39 sequences, length 42
# corresponding to MSA columns:
# 374-404,406-416
name=unknown_D
#
# <colnr> <probs for GDERKNQSTAVLIFYWHMCP>
#	G	D	E	R	K	N	Q	S	T	A	V	L	I	F	Y	W	H	M	C	P
0	0.05038	0.00870	0.01023	0.00843	0.01157	0.00778	0.00655	0.05177	0.02925	0.07889	0.25285	0.02851	0.08189	0.05511	0.03139	0.00202	0.00439	0.00720	0.00509	0.26801
1	0.22010	0.02005	0.32198	0.01386	0.01993	0.01361	0.06930	0.11817	0.01466	0.08850	0.03849	0.01408	0.01006	0.00613	0.00535	0.00185	0.00694	0.00478	0.00387	0.00828
2	0.01506	0.71568	0.04883	0.01016	0.01496	0.02174	0.01009	0.01702	0.01198	0.01413	0.01012	0.06814	0.00996	0.00609	0.00413	0.00137	0.00617	0.00422	0.00275	0.00741
3	0.83394	0.01144	0.00869	0.00778	0.01144	0.01327	0.00640	0.01738	0.01006	0.02653	0.00823	0.00961	0.00640	0.00549	0.00366	0.00183	0.00457	0.00320	0.00366	0.00640
4	0.00824	0.00592	0.00748	0.00815	0.00907	0.00562	0.00568	0.01057	0.05235	0.01758	0.14184	0.55095	0.03782	0.01565	0.00703	0.00217	0.00339	0.01406	0.06149	0.03493
5	0.71248	0.01123	0.00945	0.00819	0.01199	0.01258	0.00675	0.01910	0.01110	0.13677	0.01051	0.01119	0.00764	0.00576	0.00400	0.00183	0.00464	0.00362	0.00421	0.00696
6	0.14911	0.01009	0.01268	0.00996	0.01424	0.00925	0.00820	0.02625	0.01587	0.61297	0.05508	0.01964	0.01530	0.00726	0.00565	0.00183	0.00486	0.00575	0.00672	0.00930
7	0.00733	0.00545	0.00683	0.00766	0.00849	0.00495	0.00530	0.00870	0.01254	0.01650	0.14040	0.53064	0.18987	0.01688	0.00735	0.00224	0.00325	0.01504	0.00563	0.00495
8	0.00780	0.00598	0.00715	0.00695	0.00851	0.00532	0.00518	0.01002	0.01525	0.02041	0.45957	0.08951	0.30991	0.01350	0.00701	0.00194	0.00290	0.01168	0.00608	0.00532
9	0.00730	0.00584	0.00657	0.00693	0.00844	0.00510	0.00511	0.00887	0.01326	0.01655	0.11384	0.23359	0.47802	0.01565	0.00719	0.00212	0.00322	0.05180	0.00558	0.00502
10	0.02185	0.01625	0.01739	0.01348	0.01810	0.01804	0.01109	0.67832	0.08607	0.03625	0.01500	0.01484	0.01071	0.00717	0.00592	0.00179	0.00636	0.00544	0.00592	0.01000
11	0.01226	0.01051	0.01226	0.00876	0.01401	0.00788	0.00701	0.01489	0.01226	0.01927	0.01051	0.01226	0.00876	0.00438	0.00438	0.00088	0.00438	0.00350	0.00350	0.82832
12	0.01471	0.01270	0.01337	0.01203	0.01538	0.01471	0.00936	0.03142	0.74459	0.02474	0.02407	0.02206	0.01805	0.00802	0.00602	0.00201	0.00468	0.00669	0.00602	0.00936
13	0.01117	0.01051	0.01774	0.77795	0.04073	0.01314	0.01642	0.01511	0.01182	0.01511	0.01051	0.01577	0.00788	0.00591	0.00591	0.00197	0.00788	0.00526	0.00263	0.00657
14	0.01186	0.03059	0.76153	0.01686	0.02560	0.01373	0.02185	0.01873	0.01249	0.01873	0.01061	0.01249	0.00749	0.00562	0.00562	0.00187	0.00874	0.00437	0.00250	0.00874
15	0.00721	0.00515	0.00686	0.00823	0.00858	0.00480	0.00549	0.00823	0.01132	0.01510	0.03259	0.78831	0.03911	0.01853	0.00755	0.00240	0.00343	0.01681	0.00549	0.00480
16	0.02628	0.01047	0.01397	0.01071	0.01530	0.00929	0.00885	0.07280	0.01760	0.71444	0.02276	0.01976	0.01435	0.00731	0.00595	0.00183	0.00512	0.00591	0.00723	0.01006
17	0.05130	0.00600	0.00772	0.00859	0.00953	0.00582	0.00638	0.01014	0.01284	0.01801	0.17987	0.44682	0.03982	0.01607	0.00735	0.00232	0.00377	0.15690	0.00560	0.00518
18	0.01396	0.01595	0.03490	0.02493	0.03091	0.01496	0.73380	0.01894	0.01396	0.01894	0.01196	0.01595	0.00897	0.00499	0.00698	0.00199	0.00997	0.00698	0.00299	0.00798
19	0.00735	0.00630	0.00634	0.00627	0.00833	0.00545	0.00472	0.00956	0.04765	0.01639	0.05823	0.05528	0.71854	0.01465	0.00694	0.00200	0.00307	0.01221	0.00552	0.00520
20	0.00859	0.00578	0.00668	0.00668	0.00676	0.00586	0.00387	0.00875	0.00867	0.01164	0.01842	0.03754	0.02099	0.73593	0.08565	0.00602	0.00649	0.00843	0.00355	0.00371
21	0.01297	0.05433	0.60574	0.01677	0.02450	0.01413	0.06957	0.01899	0.01262	0.05719	0.01113	0.01305	0.00799	0.00590	0.00642	0.00190	0.05078	0.00464	0.00279	0.00859
22	0.00837	0.00604	0.00790	0.00744	0.00883	0.00558	0.00558	0.01116	0.01674	0.02371	0.75216	0.04417	0.05580	0.01209	0.00697	0.00186	0.00279	0.01069	0.00651	0.00558
23	0.00729	0.00519	0.00689	0.00815	0.00852	0.00486	0.00544	0.00835	0.01143	0.01528	0.05683	0.74058	0.03916	0.04126	0.00820	0.00248	0.00348	0.01636	0.00547	0.00479
24	0.01117	0.01051	0.01774	0.77795	0.04073	0.01314	0.01642	0.01511	0.01182	0.01511	0.01051	0.01577	0.00788	0.00591	0.00591	0.00197	0.00788	0.00526	0.00263	0.00657
25	0.07137	0.01603	0.06226	0.01430	0.05553	0.14992	0.07859	0.15961	0.09204	0.02352	0.15066	0.04668	0.03796	0.00801	0.00602	0.00182	0.00656	0.00669	0.00469	0.00772
26	0.00816	0.00603	0.00738	0.00716	0.00851	0.00553	0.00528	0.01030	0.01483	0.02017	0.47351	0.04728	0.20008	0.11445	0.01005	0.00243	0.00334	0.04446	0.00586	0.00519
27	0.77909	0.01134	0.00903	0.00796	0.01169	0.01296	0.00656	0.01816	0.01053	0.07632	0.00926	0.01032	0.00696	0.00561	0.00382	0.00183	0.00461	0.00339	0.00391	0.00665
28	0.03874	0.01316	0.02076	0.07677	0.42094	0.01350	0.05258	0.11019	0.01519	0.09906	0.01308	0.01581	0.01022	0.00869	0.06325	0.00238	0.00756	0.00546	0.00379	0.00888
29	0.01577	0.01190	0.01611	0.07322	0.11878	0.05078	0.04894	0.05863	0.09455	0.15461	0.01662	0.02144	0.01364	0.06182	0.10481	0.00317	0.08160	0.04147	0.00439	0.00777
30	0.01294	0.01294	0.01811	0.01553	0.01553	0.01811	0.01294	0.01423	0.00906	0.01423	0.00776	0.01294	0.00776	0.01035	0.01941	0.00259	0.78134	0.00518	0.00259	0.00647
31	0.08129	0.07768	0.01775	0.01337	0.03644	0.04267	0.05509	0.29821	0.12729	0.14414	0.01628	0.03690	0.01212	0.00708	0.00568	0.00180	0.00614	0.00565	0.00533	0.00907
32	0.00818	0.00565	0.00676	0.00709	0.00734	0.00560	0.00437	0.00865	0.00955	0.01272	0.02370	0.21837	0.05940	0.51385	0.07915	0.00504	0.00581	0.01058	0.00410	0.00407
33	0.02120	0.01593	0.01703	0.01335	0.01785	0.01774	0.01093	0.61946	0.14599	0.03520	0.01583	0.01550	0.01138	0.00725	0.00593	0.00181	0.00621	0.00555	0.00593	0.00994
34	0.02392	0.00945	0.01285	0.01013	0.01420	0.00821	0.00825	0.02619	0.01662	0.65570	0.08784	0.06255	0.01954	0.00833	0.00612	0.00186	0.00475	0.00693	0.00715	0.00939
35	0.83394	0.01144	0.00869	0.00778	0.01144	0.01327	0.00640	0.01738	0.01006	0.02653	0.00823	0.00961	0.00640	0.00549	0.00366	0.00183	0.00457	0.00320	0.00366	0.00640
36	0.00719	0.00521	0.00680	0.00807	0.00853	0.00482	0.00541	0.00825	0.01148	0.01516	0.03465	0.73330	0.09279	0.01826	0.00751	0.00237	0.00340	0.01649	0.00549	0.00482
37	0.00789	0.00585	0.00736	0.00736	0.00864	0.00532	0.00538	0.01009	0.01505	0.02059	0.48368	0.20363	0.16943	0.01394	0.00710	0.00200	0.00296	0.01229	0.00612	0.00532
38	0.00944	0.00783	0.00853	0.00832	0.01052	0.00779	0.00650	0.01514	0.20230	0.01922	0.11531	0.04792	0.40288	0.01307	0.00689	0.00208	0.00372	0.10057	0.00572	0.00623
39	0.83394	0.01144	0.00869	0.00778	0.01144	0.01327	0.00640	0.01738	0.01006	0.02653	0.00823	0.00961	0.00640	0.00549	0.00366	0.00183	0.00457	0.00320	0.00366	0.00640
40	0.83394	0.01144	0.00869	0.00778	0.01144	0.01327	0.00640	0.01738	0.01006	0.02653	0.00823	0.00961	0.00640	0.00549	0.00366	0.00183	0.00457	0.00320	0.00366	0.00640
41	0.01534	0.01380	0.02264	0.09750	0.61304	0.01411	0.01716	0.07221	0.01452	0.04566	0.01172	0.01489	0.00947	0.00553	0.00587	0.00178	0.00699	0.00530	0.00328	0.00920

[dist]
# distance from previous block
# <min> <max>
0	10

[block]
# block no. 4 follows, 39 sequences, length 66
# corresponding to MSA columns:
# 428-493
name=unknown_E
#
# <colnr> <probs for GDERKNQSTAVLIFYWHMCP>
#	G	D	E	R	K	N	Q	S	T	A	V	L	I	F	Y	W	H	M	C	P
0	0.01770	0.30218	0.17936	0.01369	0.01872	0.31370	0.01316	0.04822	0.01459	0.01606	0.00932	0.01077	0.00768	0.00566	0.00487	0.00151	0.00855	0.00376	0.00286	0.00764
1	0.00849	0.00577	0.00654	0.00650	0.00672	0.00568	0.00379	0.00880	0.00950	0.01267	0.07856	0.04012	0.06390	0.68863	0.02703	0.00523	0.00535	0.00898	0.00392	0.00382
2	0.01361	0.08320	0.04308	0.26699	0.10302	0.03801	0.11553	0.01731	0.03448	0.07491	0.03485	0.03792	0.01186	0.00979	0.06758	0.02319	0.00805	0.00589	0.00342	0.00731
3	0.03843	0.02314	0.48470	0.07884	0.02379	0.01305	0.03745	0.01832	0.01246	0.08512	0.01283	0.06055	0.01012	0.00693	0.00685	0.00197	0.06867	0.00544	0.00318	0.00817
4	0.01186	0.03059	0.76153	0.01686	0.02560	0.01373	0.02185	0.01873	0.01249	0.01873	0.01061	0.01249	0.00749	0.00562	0.00562	0.00187	0.00874	0.00437	0.00250	0.00874
5	0.01405	0.01570	0.03345	0.02644	0.12719	0.01483	0.63867	0.01884	0.01389	0.01899	0.01185	0.01578	0.00903	0.00502	0.00683	0.00196	0.00958	0.00675	0.00298	0.00816
6	0.05819	0.03875	0.03596	0.04324	0.01446	0.00919	0.05345	0.03604	0.01301	0.20937	0.02205	0.14476	0.06402	0.06691	0.15964	0.00371	0.00746	0.00806	0.00481	0.00693
7	0.01303	0.01199	0.01710	0.56592	0.03398	0.05393	0.01493	0.10053	0.01402	0.01785	0.01229	0.01890	0.01002	0.00696	0.00649	0.00200	0.03328	0.05662	0.00324	0.00691
8	0.00754	0.00575	0.00692	0.00717	0.00846	0.00514	0.00517	0.00934	0.01397	0.01841	0.29325	0.27333	0.29407	0.01504	0.00715	0.00207	0.00306	0.01317	0.00585	0.00514
9	0.23610	0.00951	0.00962	0.00855	0.01132	0.01012	0.00678	0.05909	0.09286	0.05002	0.12535	0.03088	0.24228	0.00992	0.00646	0.00191	0.04562	0.00775	0.00506	0.03080
10	0.09215	0.01201	0.01886	0.37396	0.21889	0.01351	0.05343	0.01832	0.08414	0.04053	0.01224	0.01564	0.00938	0.00590	0.00575	0.00190	0.00706	0.00531	0.00330	0.00773
11	0.01149	0.00804	0.01042	0.01098	0.01285	0.00829	0.00930	0.03954	0.11608	0.05986	0.02937	0.09486	0.03022	0.01449	0.00764	0.00253	0.00524	0.51679	0.00565	0.00636
12	0.02086	0.02420	0.01510	0.01369	0.01660	0.62631	0.01031	0.02259	0.01619	0.05540	0.01125	0.01268	0.00900	0.00627	0.00521	0.00152	0.00931	0.00415	0.11253	0.00685
13	0.00722	0.00581	0.00644	0.00668	0.00823	0.00503	0.00486	0.00878	0.01343	0.01680	0.14536	0.21795	0.50191	0.01539	0.00711	0.00207	0.00307	0.01321	0.00563	0.00503
14	0.00744	0.00543	0.00703	0.00804	0.00874	0.00502	0.00561	0.00882	0.01231	0.01633	0.11904	0.58478	0.11731	0.01728	0.00745	0.00231	0.00342	0.05308	0.00561	0.00495
15	0.00785	0.00602	0.00718	0.00689	0.00852	0.00536	0.00517	0.01015	0.01551	0.02080	0.49124	0.04898	0.31854	0.01318	0.00698	0.00191	0.00287	0.01137	0.00613	0.00536
16	0.04997	0.00841	0.01047	0.00855	0.01190	0.00767	0.00690	0.02278	0.01499	0.45716	0.02127	0.02047	0.01453	0.00709	0.00519	0.00166	0.00416	0.00568	0.31291	0.00823
17	0.01471	0.01270	0.01337	0.01203	0.01538	0.01471	0.00936	0.03142	0.74459	0.02474	0.02407	0.02206	0.01805	0.00802	0.00602	0.00201	0.00468	0.00669	0.00602	0.00936
18	0.01226	0.01051	0.01226	0.00876	0.01401	0.00788	0.00701	0.01489	0.01226	0.01927	0.01051	0.01226	0.00876	0.00438	0.00438	0.00088	0.00438	0.00350	0.00350	0.82832
19	0.83394	0.01144	0.00869	0.00778	0.01144	0.01327	0.00640	0.01738	0.01006	0.02653	0.00823	0.00961	0.00640	0.00549	0.00366	0.00183	0.00457	0.00320	0.00366	0.00640
20	0.01117	0.01051	0.01774	0.77795	0.04073	0.01314	0.01642	0.01511	0.01182	0.01511	0.01051	0.01577	0.00788	0.00591	0.00591	0.00197	0.00788	0.00526	0.00263	0.00657
21	0.00770	0.00531	0.00689	0.00795	0.00848	0.00500	0.00542	0.00903	0.01186	0.01637	0.09620	0.62196	0.03808	0.04093	0.00794	0.00238	0.00343	0.03018	0.06997	0.00491
22	0.00721	0.00515	0.00686	0.00823	0.00858	0.00480	0.00549	0.00823	0.01132	0.01510	0.03259	0.78831	0.03911	0.01853	0.00755	0.00240	0.00343	0.01681	0.00549	0.00480
23	0.01436	0.01582	0.03307	0.02381	0.02940	0.01531	0.65607	0.05697	0.01443	0.01967	0.01186	0.01569	0.00897	0.00539	0.00760	0.00201	0.05166	0.00679	0.00313	0.00801
24	0.01294	0.01294	0.01811	0.01553	0.01553	0.01811	0.01294	0.01423	0.00906	0.01423	0.00776	0.01294	0.00776	0.01035	0.01941	0.00259	0.78134	0.00518	0.00259	0.00647
25	0.00835	0.00590	0.00788	0.00905	0.00975	0.00575	0.00684	0.00991	0.01185	0.01562	0.03004	0.38795	0.03450	0.13043	0.01109	0.00302	0.00458	0.29744	0.00519	0.00488
26	0.01186	0.03059	0.76153	0.01686	0.02560	0.01373	0.02185	0.01873	0.01249	0.01873	0.01061	0.01249	0.00749	0.00562	0.00562	0.00187	0.00874	0.00437	0.00250	0.00874
27	0.01413	0.01793	0.13056	0.02325	0.02953	0.01497	0.60056	0.05720	0.01450	0.01989	0.01190	0.01540	0.00883	0.00518	0.00674	0.00197	0.00962	0.00654	0.00308	0.00819
28	0.01532	0.01301	0.01372	0.01216	0.01561	0.01499	0.00951	0.08680	0.68822	0.02572	0.02329	0.02145	0.01742	0.00795	0.00601	0.00199	0.00482	0.00658	0.00601	0.00942
29	0.01409	0.01075	0.01365	0.00984	0.01505	0.00836	0.04604	0.01680	0.01292	0.10920	0.01215	0.01342	0.00949	0.00477	0.00471	0.00105	0.00476	0.00399	0.00394	0.68505
30	0.28370	0.12310	0.01530	0.01098	0.01454	0.16879	0.02101	0.02061	0.05209	0.13163	0.01215	0.01328	0.00939	0.00895	0.06043	0.00228	0.03619	0.00429	0.00397	0.00732
31	0.00855	0.00575	0.00664	0.00681	0.00691	0.00573	0.00403	0.00877	0.00906	0.01205	0.02028	0.09214	0.02339	0.69699	0.02736	0.00534	0.00556	0.04705	0.00382	0.00377
32	0.05932	0.58416	0.12800	0.01121	0.01658	0.04315	0.01157	0.03818	0.03252	0.01620	0.00917	0.01041	0.00787	0.00533	0.00420	0.00142	0.00665	0.00350	0.00279	0.00778
33	0.04109	0.00879	0.01134	0.00952	0.01283	0.00792	0.00759	0.03280	0.03372	0.39919	0.11601	0.13352	0.02357	0.00965	0.00616	0.00187	0.00441	0.03818	0.03713	0.06471
34	0.02056	0.15157	0.01949	0.01277	0.01740	0.01863	0.01079	0.51981	0.10267	0.04656	0.01442	0.01435	0.01059	0.00685	0.00556	0.00171	0.00625	0.00511	0.00537	0.00955
35	0.04742	0.02215	0.07812	0.05726	0.02056	0.40031	0.09475	0.04166	0.03544	0.01675	0.01084	0.03870	0.00918	0.00688	0.00720	0.00181	0.09562	0.00499	0.00320	0.00716
36	0.00891	0.00568	0.00757	0.00829	0.00913	0.00523	0.00576	0.01032	0.01263	0.07501	0.14726	0.60856	0.03986	0.01661	0.00733	0.00227	0.00345	0.01498	0.00580	0.00534
37	0.01337	0.01453	0.03026	0.02501	0.14371	0.01376	0.54474	0.01771	0.01361	0.01861	0.01396	0.09563	0.01215	0.00643	0.00686	0.00200	0.00883	0.00772	0.00324	0.00787
38	0.00936	0.00641	0.00828	0.00842	0.01001	0.00595	0.00670	0.01174	0.01485	0.05986	0.32419	0.10676	0.17088	0.01407	0.00731	0.00218	0.00377	0.21766	0.00598	0.00562
39	0.00721	0.00515	0.00686	0.00823	0.00858	0.00480	0.00549	0.00823	0.01132	0.01510	0.03259	0.78831	0.03911	0.01853	0.00755	0.00240	0.00343	0.01681	0.00549	0.00480
40	0.00820	0.00604	0.00767	0.00726	0.00873	0.00551	0.00544	0.01083	0.01633	0.02275	0.66607	0.04576	0.14248	0.01245	0.00698	0.00188	0.00282	0.01092	0.00638	0.00551
41	0.00728	0.00526	0.00690	0.00805	0.00857	0.00487	0.00544	0.00848	0.01187	0.01582	0.09066	0.69009	0.07917	0.01783	0.00747	0.00234	0.00336	0.01610	0.00557	0.00487
42	0.01581	0.79572	0.03099	0.01012	0.01518	0.02340	0.01012	0.01771	0.01202	0.01391	0.00822	0.00949	0.00759	0.00506	0.00379	0.00126	0.00632	0.00316	0.00253	0.00759
43	0.01186	0.03059	0.76153	0.01686	0.02560	0.01373	0.02185	0.01873	0.01249	0.01873	0.01061	0.01249	0.00749	0.00562	0.00562	0.00187	0.00874	0.00437	0.00250	0.00874
44	0.02595	0.00989	0.01342	0.01033	0.01479	0.00857	0.00852	0.02826	0.01676	0.73171	0.02318	0.02020	0.01466	0.00730	0.00588	0.00181	0.00495	0.00593	0.03800	0.00989
45	0.01581	0.79572	0.03099	0.01012	0.01518	0.02340	0.01012	0.01771	0.01202	0.01391	0.00822	0.00949	0.00759	0.00506	0.00379	0.00126	0.00632	0.00316	0.00253	0.00759
46	0.01117	0.01051	0.01774	0.77795	0.04073	0.01314	0.01642	0.01511	0.01182	0.01511	0.01051	0.01577	0.00788	0.00591	0.00591	0.00197	0.00788	0.00526	0.00263	0.00657
47	0.00729	0.00590	0.00619	0.00627	0.00806	0.00505	0.00465	0.00890	0.01351	0.01677	0.11034	0.11531	0.60710	0.01470	0.00691	0.00199	0.00301	0.01240	0.04061	0.00505
48	0.00743	0.00531	0.00708	0.00820	0.00872	0.00496	0.00562	0.00874	0.01211	0.01632	0.12820	0.66900	0.04119	0.01761	0.00749	0.00234	0.00340	0.03575	0.00562	0.00492
49	0.01581	0.79572	0.03099	0.01012	0.01518	0.02340	0.01012	0.01771	0.01202	0.01391	0.00822	0.00949	0.00759	0.00506	0.00379	0.00126	0.00632	0.00316	0.00253	0.00759
50	0.00932	0.00668	0.00900	0.01013	0.01130	0.00664	0.00827	0.04185	0.01346	0.01768	0.03100	0.30263	0.03469	0.01666	0.00787	0.00258	0.00483	0.45452	0.00548	0.00543
51	0.83394	0.01144	0.00869	0.00778	0.01144	0.01327	0.00640	0.01738	0.01006	0.02653	0.00823	0.00961	0.00640	0.00549	0.00366	0.00183	0.00457	0.00320	0.00366	0.00640
52	0.00860	0.00573	0.00645	0.00645	0.00645	0.00573	0.00358	0.00860	0.00860	0.01147	0.01863	0.03870	0.02150	0.79217	0.03010	0.00573	0.00573	0.00860	0.00358	0.00358
53	0.01626	0.01399	0.04161	0.27851	0.09048	0.01469	0.14579	0.21030	0.01701	0.08072	0.01278	0.01549	0.00931	0.00618	0.00633	0.00190	0.02074	0.00562	0.00397	0.00833
54	0.01593	0.09835	0.08540	0.01977	0.21112	0.04143	0.10080	0.05879	0.09406	0.08921	0.01344	0.01490	0.01030	0.00574	0.00557	0.00165	0.00677	0.00511	0.00384	0.11782
55	0.01391	0.01632	0.05312	0.02472	0.03077	0.01492	0.71594	0.01894	0.01392	0.01894	0.01193	0.01587	0.00894	0.00500	0.00694	0.00199	0.00994	0.00691	0.00298	0.00800
56	0.00732	0.00526	0.00696	0.00823	0.00870	0.00490	0.00561	0.00847	0.01163	0.01546	0.05379	0.71696	0.06301	0.01815	0.00754	0.00238	0.00347	0.04179	0.00552	0.00485
57	0.01589	0.10023	0.01699	0.01395	0.06741	0.13663	0.04912	0.03581	0.29050	0.06745	0.09936	0.02141	0.04451	0.00767	0.00584	0.00180	0.00607	0.00633	0.00489	0.00817
58	0.02016	0.01253	0.01674	0.23354	0.06307	0.01341	0.01225	0.25508	0.01883	0.27008	0.01601	0.01664	0.01092	0.00673	0.00592	0.00185	0.00644	0.00551	0.00528	0.00902
59	0.00714	0.00600	0.00620	0.00615	0.00808	0.00506	0.00461	0.00878	0.01383	0.01681	0.13488	0.05553	0.67738	0.01466	0.00699	0.00198	0.00297	0.01229	0.00560	0.00506
60	0.00748	0.00551	0.00701	0.00769	0.00856	0.00503	0.00537	0.00904	0.01306	0.01748	0.22452	0.48555	0.14932	0.01632	0.00732	0.00220	0.00320	0.01457	0.00576	0.00503
61	0.12536	0.16948	0.24848	0.01401	0.05009	0.08629	0.01367	0.07399	0.11372	0.03457	0.01206	0.01303	0.00922	0.00599	0.00507	0.00172	0.00704	0.00439	0.00355	0.00827
62	0.00931	0.00741	0.01078	0.01035	0.01124	0.00912	0.00819	0.01132	0.00955	0.01417	0.01463	0.02145	0.01362	0.03703	0.61001	0.00799	0.14404	0.00611	0.03821	0.00549
63	0.00753	0.00525	0.00693	0.00823	0.00868	0.00495	0.00563	0.00875	0.01150	0.01561	0.03182	0.70870	0.03756	0.01779	0.00740	0.00236	0.00350	0.05365	0.04927	0.00488
64	0.01258	0.01091	0.01325	0.01110	0.07238	0.00873	0.00801	0.01603	0.05148	0.01957	0.01128	0.01297	0.00930	0.00464	0.00458	0.00101	0.00460	0.00381	0.00359	0.72017
65	0.01551	0.01445	0.05586	0.05422	0.11173	0.07140	0.03236	0.15019	0.05602	0.04830	0.04594	0.03835	0.01258	0.00636	0.00550	0.00153	0.00612	0.00530	0.00419	0.26411

[dist]
# distance from previous block
# <min> <max>
1	8

[block]
# block no. 5 follows, 39 sequences, length 19
# corresponding to MSA columns:
# 509-527
name=unknown_F
#
# <colnr> <probs for GDERKNQSTAVLIFYWHMCP>
#	G	D	E	R	K	N	Q	S	T	A	V	L	I	F	Y	W	H	M	C	P
0	0.01117	0.01051	0.01774	0.77795	0.04073	0.01314	0.01642	0.01511	0.01182	0.01511	0.01051	0.01577	0.00788	0.00591	0.00591	0.00197	0.00788	0.00526	0.00263	0.00657
1	0.01383	0.01557	0.03276	0.02373	0.02895	0.01536	0.64207	0.01834	0.01333	0.01834	0.01143	0.01557	0.00882	0.00567	0.00856	0.00207	0.10812	0.00675	0.00294	0.00778
2	0.01471	0.01270	0.01337	0.01203	0.01538	0.01471	0.00936	0.03142	0.74459	0.02474	0.02407	0.02206	0.01805	0.00802	0.00602	0.00201	0.00468	0.00669	0.00602	0.00936
3	0.00874	0.00624	0.00862	0.00999	0.01100	0.00612	0.00815	0.01088	0.01283	0.01681	0.03175	0.31250	0.03576	0.01708	0.00796	0.00261	0.00476	0.47749	0.00546	0.00523
4	0.00721	0.00515	0.00686	0.00823	0.00858	0.00480	0.00549	0.00823	0.01132	0.01510	0.03259	0.78831	0.03911	0.01853	0.00755	0.00240	0.00343	0.01681	0.00549	0.00480
5	0.00860	0.00573	0.00645	0.00645	0.00645	0.00573	0.00358	0.00860	0.00860	0.01147	0.01863	0.03870	0.02150	0.79217	0.03010	0.00573	0.00573	0.00860	0.00358	0.00358
6	0.02248	0.01656	0.01775	0.01361	0.01834	0.01834	0.01124	0.73556	0.02780	0.03727	0.01420	0.01420	0.01006	0.00710	0.00592	0.00177	0.00651	0.00532	0.00592	0.01006
7	0.02653	0.01006	0.01372	0.01052	0.01510	0.00869	0.00869	0.02882	0.01693	0.75937	0.02333	0.02013	0.01464	0.00732	0.00595	0.00183	0.00503	0.00595	0.00732	0.01006
8	0.01471	0.01270	0.01337	0.01203	0.01538	0.01471	0.00936	0.03142	0.74459	0.02474	0.02407	0.02206	0.01805	0.00802	0.00602	0.00201	0.00468	0.00669	0.00602	0.00936
9	0.01240	0.01346	0.02842	0.02107	0.02575	0.01261	0.56557	0.01647	0.01335	0.01805	0.01673	0.19435	0.01593	0.00811	0.00711	0.00209	0.00846	0.00925	0.00357	0.00724
10	0.01594	0.01243	0.01341	0.01188	0.01535	0.01409	0.00929	0.03115	0.66911	0.10095	0.02399	0.02186	0.01770	0.00795	0.00601	0.00199	0.00472	0.00661	0.00615	0.00943
11	0.20391	0.01377	0.01960	0.09326	0.48871	0.04719	0.01499	0.01795	0.01268	0.02041	0.01032	0.01340	0.00848	0.00541	0.00533	0.00178	0.00670	0.00473	0.00308	0.00833
12	0.02004	0.06262	0.01796	0.04387	0.04305	0.07759	0.01109	0.49136	0.02289	0.03028	0.01272	0.01346	0.00944	0.00644	0.00555	0.00162	0.00663	0.00484	0.00495	0.11361
13	0.01136	0.00846	0.00981	0.00858	0.01087	0.00841	0.00668	0.17797	0.01867	0.02535	0.44808	0.03971	0.17979	0.01149	0.00673	0.00187	0.00369	0.00980	0.00618	0.00650
14	0.01565	0.01330	0.02048	0.02773	0.50525	0.01349	0.01500	0.14016	0.01647	0.05218	0.10642	0.01854	0.01560	0.00653	0.00601	0.00178	0.00632	0.00600	0.00407	0.00903
15	0.01583	0.49690	0.02561	0.01139	0.01565	0.01974	0.04202	0.10841	0.01448	0.03639	0.08665	0.01451	0.01315	0.00653	0.00586	0.00155	0.06949	0.00462	0.00352	0.00768
16	0.00730	0.00535	0.00686	0.00787	0.00853	0.00491	0.00537	0.00857	0.01216	0.01610	0.11072	0.61805	0.13167	0.01741	0.00742	0.00229	0.00331	0.01563	0.00560	0.00491
17	0.05419	0.01118	0.01421	0.01093	0.01550	0.01043	0.00903	0.14419	0.01847	0.61538	0.02131	0.01879	0.01360	0.00722	0.00586	0.00182	0.00526	0.00575	0.00696	0.00993
18	0.01763	0.01226	0.01620	0.22932	0.07561	0.01347	0.01213	0.18715	0.14579	0.17363	0.01721	0.04556	0.01280	0.00726	0.00599	0.00190	0.00620	0.00609	0.00507	0.00871

[dist]
# distance from previous block
# <min> <max>
12	54

[block]
# block no. 6 follows, 39 sequences, length 81
# corresponding to MSA columns:
# 598-678
name=unknown_G
#
# <colnr> <probs for GDERKNQSTAVLIFYWHMCP>
#	G	D	E	R	K	N	Q	S	T	A	V	L	I	F	Y	W	H	M	C	P
0	0.05360	0.05724	0.15244	0.01721	0.15987	0.01419	0.01339	0.16106	0.09097	0.15338	0.01641	0.01680	0.03602	0.00677	0.00599	0.00182	0.02373	0.00542	0.00461	0.00907
1	0.40695	0.01444	0.04010	0.05410	0.09353	0.08147	0.06657	0.09963	0.01359	0.02390	0.01100	0.05028	0.00918	0.00634	0.00493	0.00184	0.00628	0.00483	0.00373	0.00730
2	0.00721	0.00515	0.00686	0.00823	0.00858	0.00480	0.00549	0.00823	0.01132	0.01510	0.03259	0.78831	0.03911	0.01853	0.00755	0.00240	0.00343	0.01681	0.00549	0.00480
3	0.01438	0.01404	0.10700	0.01644	0.08245	0.01194	0.17710	0.09028	0.09168	0.09234	0.21299	0.02385	0.02298	0.00774	0.00642	0.00189	0.00629	0.00723	0.00488	0.00809
4	0.01396	0.01595	0.03490	0.02493	0.03091	0.01496	0.73380	0.01894	0.01396	0.01894	0.01196	0.01595	0.00897	0.00499	0.00698	0.00199	0.00997	0.00698	0.00299	0.00798
5	0.02105	0.01868	0.01598	0.04694	0.01813	0.27264	0.01074	0.28657	0.08338	0.10541	0.01441	0.01478	0.01057	0.00680	0.00564	0.00170	0.00748	0.00500	0.04557	0.00852
6	0.00838	0.00626	0.00929	0.00937	0.01037	0.00721	0.00721	0.01039	0.00959	0.01376	0.01685	0.06710	0.01630	0.05763	0.71083	0.00903	0.01493	0.00698	0.00331	0.00522
7	0.00839	0.00629	0.00784	0.00770	0.00912	0.00592	0.00571	0.01153	0.05668	0.02134	0.49805	0.15918	0.14079	0.01330	0.00703	0.00198	0.00307	0.02430	0.00617	0.00560
