[name]
unknown

[dist]
# distance from previous block
# <min> <max>
0	108

[block]
# block no. 0 follows, 43 sequences, length 18
# corresponding to MSA columns:
# 112-129
name=unknown_A
#
# <colnr> <probs for GDERKNQSTAVLIFYWHMCP>
#	G	D	E	R	K	N	Q	S	T	A	V	L	I	F	Y	W	H	M	C	P
0	0.00862	0.00740	0.05428	0.01003	0.01153	0.00644	0.00885	0.01109	0.01215	0.01605	0.02784	0.19232	0.03057	0.01607	0.03678	0.00269	0.00531	0.53194	0.00486	0.00517
1	0.01111	0.02865	0.77667	0.01579	0.02397	0.01286	0.02046	0.01754	0.01169	0.01754	0.00994	0.01169	0.00702	0.00526	0.00526	0.00175	0.00818	0.00409	0.00234	0.00818
2	0.01352	0.00720	0.00980	0.00845	0.01087	0.00643	0.03355	0.01561	0.01433	0.27364	0.26267	0.09895	0.14471	0.04541	0.00724	0.00198	0.00384	0.02946	0.00586	0.00649
3	0.01111	0.02865	0.77667	0.01579	0.02397	0.01286	0.02046	0.01754	0.01169	0.01754	0.00994	0.01169	0.00702	0.00526	0.00526	0.00175	0.00818	0.00409	0.00234	0.00818
4	0.02452	0.00995	0.01318	0.01010	0.01440	0.00892	0.00835	0.08933	0.01673	0.71107	0.02111	0.01837	0.01334	0.00684	0.00557	0.00171	0.00483	0.00552	0.00674	0.00942
5	0.00695	0.00497	0.00666	0.00795	0.00836	0.00468	0.00550	0.00807	0.01081	0.01437	0.03041	0.73194	0.03618	0.01716	0.00712	0.00228	0.00339	0.08353	0.00514	0.00456
6	0.01271	0.04440	0.56218	0.01646	0.02377	0.01289	0.14775	0.01835	0.01228	0.08139	0.01111	0.01280	0.00783	0.00528	0.00547	0.00176	0.00804	0.00462	0.00280	0.00814
7	0.02244	0.01092	0.01334	0.01033	0.01441	0.01065	0.00850	0.24748	0.01860	0.48374	0.01891	0.01731	0.01244	0.00676	0.00541	0.00166	0.00495	0.00536	0.07773	0.00906
8	0.00667	0.00562	0.00578	0.00574	0.00756	0.00473	0.00430	0.00818	0.01291	0.01565	0.12332	0.05217	0.70093	0.01377	0.00654	0.00186	0.00279	0.01153	0.00523	0.00473
9	0.00782	0.00553	0.00727	0.00745	0.00790	0.00589	0.00507	0.00877	0.00875	0.01207	0.01814	0.13380	0.01977	0.38365	0.33692	0.00640	0.00898	0.00822	0.00344	0.00417
10	0.04184	0.16688	0.05890	0.01001	0.01272	0.01025	0.00922	0.02926	0.01267	0.04684	0.05478	0.07404	0.02375	0.01130	0.00623	0.00205	0.00520	0.38870	0.00440	0.03096
11	0.01480	0.53155	0.09647	0.01173	0.03857	0.01926	0.03475	0.08160	0.09332	0.01674	0.01019	0.01114	0.00844	0.00525	0.00426	0.00139	0.00612	0.00377	0.00302	0.00765
12	0.01491	0.42936	0.10945	0.01119	0.01579	0.01696	0.05285	0.05420	0.05721	0.08727	0.01194	0.04335	0.00993	0.00594	0.00486	0.00148	0.02615	0.00448	0.03520	0.00748
13	0.00788	0.00535	0.00624	0.00638	0.00668	0.00528	0.00391	0.00841	0.00922	0.01251	0.06566	0.13128	0.06050	0.55763	0.05591	0.00460	0.00513	0.00910	0.03451	0.00381
14	0.01450	0.01759	0.23475	0.01491	0.07842	0.05144	0.04939	0.11584	0.21992	0.06806	0.04733	0.01735	0.03223	0.00660	0.00557	0.00176	0.00631	0.00550	0.00424	0.00829
15	0.00990	0.00864	0.01327	0.01757	0.29735	0.00828	0.02282	0.01235	0.01295	0.01777	0.18543	0.15454	0.14354	0.01023	0.00623	0.00183	0.00451	0.04475	0.00436	0.02369
16	0.00763	0.00679	0.04142	0.03885	0.01012	0.00579	0.00617	0.01009	0.04106	0.01720	0.25065	0.29954	0.21728	0.01339	0.00659	0.00196	0.00337	0.01176	0.00521	0.00515
17	0.01750	0.09139	0.02000	0.06046	0.01961	0.01594	0.14375	0.40305	0.06587	0.04578	0.01300	0.01407	0.00958	0.00615	0.00572	0.00168	0.02145	0.00516	0.03143	0.00841

[dist]
# distance from previous block
# <min> <max>
1	8

[block]
# block no. 1 follows, 43 sequences, length 11
# corresponding to MSA columns:
# 138-148
name=unknown_B
#
# <colnr> <probs for GDERKNQSTAVLIFYWHMCP>
#	G	D	E	R	K	N	Q	S	T	A	V	L	I	F	Y	W	H	M	C	P
0	0.03890	0.00866	0.01006	0.11072	0.01399	0.04035	0.00750	0.09906	0.06775	0.01757	0.03707	0.35029	0.02307	0.09992	0.00857	0.00232	0.00477	0.00987	0.00446	0.04513
1	0.01248	0.01304	0.08530	0.05795	0.10316	0.03438	0.10233	0.09887	0.10584	0.02029	0.16025	0.02238	0.07125	0.00779	0.00704	0.00182	0.07785	0.00662	0.00415	0.00720
2	0.00868	0.00531	0.00747	0.00744	0.00803	0.00546	0.00531	0.00890	0.00970	0.01372	0.15871	0.05703	0.02085	0.06424	0.21155	0.34097	0.00678	0.00675	0.04920	0.00388
3	0.01541	0.04095	0.02106	0.06710	0.24581	0.04884	0.16844	0.10557	0.08364	0.08931	0.01377	0.01707	0.01085	0.00605	0.00575	0.00175	0.00684	0.03983	0.00382	0.00814
4	0.00724	0.00557	0.00661	0.00649	0.00794	0.00495	0.00482	0.00924	0.01406	0.01869	0.42681	0.10656	0.33527	0.01287	0.00658	0.00183	0.00274	0.01114	0.00564	0.00495
5	0.01372	0.08904	0.05519	0.12524	0.21890	0.03953	0.01365	0.08702	0.04695	0.01741	0.00995	0.01301	0.00830	0.00667	0.00888	0.00186	0.22955	0.00470	0.00297	0.00745
6	0.00693	0.00515	0.00646	0.00714	0.00797	0.00468	0.00497	0.00832	0.01205	0.01596	0.18721	0.49569	0.18630	0.01545	0.00685	0.00207	0.00301	0.01376	0.00534	0.00468
7	0.00910	0.00730	0.04672	0.00864	0.01042	0.00621	0.04158	0.01120	0.01299	0.05932	0.34331	0.14028	0.08866	0.01543	0.09066	0.06750	0.00495	0.02546	0.00495	0.00532
8	0.01148	0.00984	0.01148	0.00820	0.01312	0.00738	0.00656	0.01395	0.01148	0.01805	0.00984	0.01148	0.00820	0.00410	0.00410	0.00082	0.00410	0.00328	0.00328	0.83922
9	0.01335	0.11685	0.14888	0.01115	0.01453	0.20705	0.01008	0.05089	0.05003	0.01614	0.07475	0.08531	0.04683	0.09523	0.03358	0.00228	0.00690	0.00622	0.00357	0.00637
10	0.01363	0.13585	0.06059	0.01547	0.02018	0.01343	0.31331	0.07557	0.04913	0.05362	0.05771	0.05903	0.01302	0.00614	0.00564	0.00164	0.00679	0.00608	0.00362	0.08954

[dist]
# distance from previous block
# <min> <max>
4	20

[block]
# block no. 2 follows, 43 sequences, length 15
# corresponding to MSA columns:
# 182-196
name=unknown_C
#
# <colnr> <probs for GDERKNQSTAVLIFYWHMCP>
#	G	D	E	R	K	N	Q	S	T	A	V	L	I	F	Y	W	H	M	C	P
0	0.00774	0.00566	0.00726	0.00686	0.00821	0.00518	0.00514	0.01025	0.01543	0.02163	0.71113	0.04232	0.10938	0.01154	0.00653	0.00175	0.00263	0.01015	0.00602	0.00518
1	0.39256	0.01047	0.03959	0.00868	0.01233	0.01027	0.00744	0.04748	0.01267	0.27622	0.01478	0.01646	0.01084	0.00645	0.00457	0.00173	0.00456	0.04455	0.07111	0.00725
2	0.00885	0.00565	0.00701	0.00705	0.00839	0.00520	0.00525	0.01084	0.01325	0.06623	0.28549	0.22794	0.14868	0.01248	0.00630	0.00187	0.00306	0.05049	0.12075	0.00521
3	0.01475	0.08644	0.05001	0.05445	0.14476	0.11162	0.02437	0.13745	0.17453	0.02028	0.02997	0.09885	0.01393	0.00733	0.00549	0.00171	0.00613	0.00612	0.00408	0.00772
4	0.00827	0.00534	0.00712	0.00798	0.00868	0.00500	0.00562	0.00949	0.01124	0.06448	0.06117	0.60294	0.03445	0.05844	0.00814	0.00239	0.00359	0.08562	0.00520	0.00485
5	0.01171	0.03724	0.01453	0.04398	0.19128	0.01005	0.05209	0.01632	0.12692	0.06676	0.19770	0.04978	0.12539	0.00865	0.00620	0.00178	0.02039	0.00763	0.00460	0.00701
6	0.01365	0.00671	0.00831	0.00725	0.00939	0.00610	0.00553	0.01565	0.01361	0.25837	0.20674	0.03045	0.10109	0.10929	0.00840	0.00211	0.00364	0.00751	0.17995	0.00625
7	0.01413	0.05192	0.09837	0.08800	0.20719	0.07729	0.02542	0.11114	0.14369	0.02011	0.04377	0.01867	0.01303	0.00670	0.00558	0.00175	0.00642	0.05514	0.00381	0.00787
8	0.00823	0.00595	0.00716	0.00729	0.00872	0.00556	0.00548	0.00970	0.01201	0.06298	0.06255	0.24638	0.38557	0.01601	0.05554	0.00246	0.03299	0.05535	0.00504	0.00504
9	0.04297	0.01046	0.01174	0.00889	0.01342	0.00909	0.00709	0.04497	0.14592	0.01986	0.01217	0.01310	0.00972	0.00485	0.00441	0.00107	0.00423	0.00387	0.00379	0.62838
10	0.01238	0.05272	0.26050	0.01199	0.01690	0.01008	0.07037	0.03143	0.01211	0.10095	0.01500	0.13752	0.01362	0.05772	0.00683	0.00185	0.00598	0.00633	0.00364	0.17210
11	0.10058	0.13503	0.05152	0.05479	0.07877	0.07584	0.01042	0.06598	0.28215	0.03931	0.01503	0.01653	0.01187	0.00649	0.00507	0.00170	0.00571	0.03128	0.00413	0.00780
12	0.00791	0.00593	0.00890	0.00890	0.00989	0.00692	0.00692	0.00989	0.00890	0.01286	0.01483	0.02176	0.01385	0.04154	0.78341	0.00890	0.01483	0.00593	0.00297	0.00494
13	0.01148	0.00984	0.01148	0.00820	0.01312	0.00738	0.00656	0.01395	0.01148	0.01805	0.00984	0.01148	0.00820	0.00410	0.00410	0.00082	0.00410	0.00328	0.00328	0.83922
14	0.01383	0.46025	0.28571	0.01204	0.01778	0.01831	0.01343	0.06339	0.01224	0.01598	0.00881	0.01025	0.00723	0.00522	0.00480	0.00146	0.03556	0.00355	0.00256	0.00759

[dist]
# distance from previous block
# <min> <max>
0	1

[block]
# block no. 3 follows, 43 sequences, length 23
# corresponding to MSA columns:
# 198-202,228-245
name=unknown_D
#
# <colnr> <probs for GDERKNQSTAVLIFYWHMCP>
#	G	D	E	R	K	N	Q	S	T	A	V	L	I	F	Y	W	H	M	C	P
0	0.01462	0.06998	0.14786	0.01070	0.01466	0.03578	0.01000	0.12713	0.09827	0.14406	0.19977	0.03810	0.04943	0.00799	0.00566	0.00171	0.00514	0.00656	0.00500	0.00758
1	0.01238	0.01170	0.15740	0.01122	0.05585	0.00827	0.00967	0.03680	0.04478	0.15862	0.13621	0.19495	0.08023	0.01004	0.00605	0.00184	0.00471	0.02124	0.00490	0.03313
2	0.01262	0.00981	0.01160	0.00834	0.01321	0.00745	0.00670	0.01505	0.01186	0.08233	0.01086	0.01211	0.00867	0.00434	0.00423	0.00090	0.00415	0.00348	0.00358	0.76872
3	0.07132	0.11913	0.14158	0.07143	0.11476	0.16410	0.08462	0.10122	0.03746	0.02914	0.01035	0.01217	0.00803	0.00544	0.00509	0.00161	0.00744	0.00436	0.00315	0.00759
4	0.00714	0.00532	0.00632	0.00666	0.00772	0.00480	0.00469	0.00862	0.01229	0.01625	0.20754	0.30576	0.27539	0.06826	0.00811	0.00219	0.00307	0.01223	0.03297	0.00467
5	0.01433	0.26627	0.27000	0.01191	0.01721	0.04543	0.02915	0.10925	0.01369	0.04648	0.01116	0.01248	0.00859	0.00549	0.00461	0.00149	0.00644	0.00408	0.11437	0.00756
6	0.00725	0.00553	0.00641	0.00635	0.00763	0.00496	0.00455	0.00888	0.01298	0.01703	0.31432	0.10986	0.33942	0.11905	0.00948	0.00232	0.00311	0.01092	0.00526	0.00469
7	0.01053	0.03287	0.13257	0.05730	0.05980	0.00914	0.06097	0.01417	0.04098	0.06108	0.28155	0.06362	0.10785	0.00914	0.00646	0.00180	0.03123	0.00794	0.00452	0.00646
8	0.01120	0.11474	0.04345	0.00905	0.03256	0.00851	0.00720	0.03762	0.01331	0.11307	0.17131	0.23827	0.14378	0.01139	0.00606	0.00183	0.00402	0.02153	0.00500	0.00609
9	0.01250	0.07696	0.12845	0.01208	0.08345	0.03381	0.00982	0.01661	0.08756	0.11935	0.19294	0.12454	0.06103	0.00904	0.00580	0.00176	0.00487	0.00773	0.00470	0.00698
10	0.01218	0.01156	0.01952	0.17856	0.50185	0.01192	0.03817	0.01543	0.01254	0.01740	0.06683	0.01840	0.05932	0.00607	0.00567	0.00171	0.00631	0.00577	0.00308	0.00771
11	0.73439	0.01281	0.00915	0.00822	0.01157	0.11542	0.00663	0.01706	0.01026	0.02334	0.00783	0.00913	0.00615	0.00522	0.00364	0.00168	0.00505	0.00307	0.00335	0.00605
12	0.00672	0.00493	0.00632	0.00743	0.00796	0.00452	0.00502	0.00774	0.01087	0.01425	0.03394	0.70172	0.13445	0.01691	0.00700	0.00220	0.00316	0.01520	0.00514	0.00452
13	0.06013	0.01293	0.01389	0.01108	0.01497	0.03750	0.00896	0.36124	0.12638	0.15405	0.03071	0.01611	0.02290	0.00719	0.00597	0.03275	0.00534	0.00519	0.00531	0.06740
14	0.04434	0.31453	0.18752	0.01251	0.05558	0.01537	0.03631	0.04421	0.05419	0.03332	0.01101	0.04424	0.00932	0.00559	0.00457	0.00144	0.00606	0.00432	0.00306	0.11251
15	0.01498	0.24592	0.12919	0.14854	0.07358	0.04131	0.01255	0.10815	0.05952	0.07364	0.01131	0.01276	0.00866	0.00554	0.00486	0.00155	0.00646	0.00428	0.00337	0.03384
16	0.01399	0.12045	0.02618	0.01801	0.02204	0.04940	0.39504	0.04166	0.01260	0.04474	0.01110	0.01546	0.00917	0.00627	0.00826	0.00188	0.15761	0.03599	0.00301	0.00715
17	0.01176	0.01253	0.14908	0.03245	0.13892	0.00989	0.04212	0.01530	0.04003	0.09065	0.08613	0.05947	0.14163	0.00917	0.02325	0.00197	0.07089	0.00705	0.05079	0.00692
18	0.04758	0.06086	0.11199	0.03441	0.24772	0.01211	0.10638	0.04008	0.05492	0.04631	0.01792	0.03697	0.11108	0.00669	0.00552	0.00169	0.00612	0.00602	0.00350	0.04214
19	0.01248	0.06426	0.51798	0.01478	0.02140	0.06153	0.05821	0.06948	0.03332	0.01840	0.02850	0.02984	0.03346	0.00604	0.00536	0.00172	0.00761	0.00487	0.00294	0.00783
20	0.00685	0.00510	0.00639	0.00727	0.00803	0.00465	0.00506	0.00808	0.01148	0.01498	0.08934	0.55761	0.20024	0.01611	0.00693	0.00214	0.00314	0.03677	0.00521	0.00461
21	0.01145	0.01288	0.14154	0.09484	0.14858	0.01064	0.06171	0.01695	0.14316	0.04558	0.04476	0.19629	0.01820	0.00878	0.00599	0.00190	0.00573	0.01984	0.00401	0.00718
22	0.01652	0.11866	0.08469	0.09143	0.03879	0.01327	0.20950	0.07037	0.04734	0.21939	0.02668	0.01545	0.01062	0.00577	0.00555	0.00170	0.00675	0.00535	0.00412	0.00806

[dist]
# distance from previous block
# <min> <max>
4	28

[block]
# block no. 4 follows, 43 sequences, length 29
# corresponding to MSA columns:
# 279-307
name=unknown_E
#
# <colnr> <probs for GDERKNQSTAVLIFYWHMCP>
#	G	D	E	R	K	N	Q	S	T	A	V	L	I	F	Y	W	H	M	C	P
0	0.01433	0.01715	0.19116	0.01965	0.11286	0.03896	0.29783	0.01998	0.09520	0.10204	0.01309	0.01491	0.00960	0.00552	0.00609	0.00180	0.02277	0.00553	0.00345	0.00808
1	0.01666	0.00778	0.01000	0.00845	0.01139	0.00694	0.00677	0.03857	0.01490	0.39905	0.13463	0.06844	0.15364	0.00967	0.00597	0.00179	0.00395	0.04508	0.04901	0.00731
2	0.01398	0.02011	0.37902	0.03620	0.04188	0.02390	0.08547	0.05583	0.10824	0.10926	0.01323	0.01417	0.00946	0.00568	0.00542	0.00171	0.00700	0.00481	0.00358	0.06107
3	0.01440	0.17524	0.44339	0.01397	0.02046	0.07234	0.03822	0.05333	0.01303	0.09055	0.01076	0.01189	0.00785	0.00540	0.00500	0.00162	0.00749	0.00410	0.00299	0.00800
4	0.01699	0.02040	0.01337	0.01252	0.01464	0.55487	0.00931	0.01829	0.01403	0.01353	0.01308	0.10611	0.01317	0.08283	0.00792	0.00198	0.02987	0.04800	0.00328	0.00583
5	0.00962	0.01338	0.25110	0.04032	0.01526	0.00823	0.01112	0.01326	0.02838	0.03965	0.11479	0.24946	0.02502	0.01088	0.00623	0.00196	0.00523	0.10506	0.00424	0.04682
6	0.77267	0.01099	0.00872	0.00770	0.01117	0.01271	0.00632	0.05266	0.03889	0.02527	0.00855	0.00965	0.00658	0.00531	0.00361	0.00172	0.00438	0.00322	0.00361	0.00627
7	0.00958	0.00686	0.00905	0.00978	0.01134	0.00691	0.00833	0.01325	0.08059	0.03839	0.08864	0.05531	0.07246	0.01398	0.00726	0.00236	0.00470	0.55039	0.00528	0.00554
8	0.01807	0.00938	0.01191	0.00903	0.01328	0.00781	0.00733	0.03927	0.01444	0.39713	0.08798	0.01805	0.01517	0.00623	0.00510	0.00138	0.00432	0.00511	0.00539	0.32361
9	0.01125	0.00755	0.00956	0.00948	0.01138	0.00758	0.00797	0.11130	0.01512	0.06385	0.14906	0.04707	0.06608	0.01243	0.00679	0.00214	0.00455	0.39820	0.05271	0.00593
10	0.12456	0.00646	0.00723	0.00731	0.00902	0.00627	0.00578	0.01058	0.01302	0.01883	0.25784	0.08399	0.25598	0.01240	0.00636	0.00197	0.00345	0.15868	0.00518	0.00510
11	0.00802	0.00575	0.00782	0.00789	0.00852	0.00630	0.00568	0.00928	0.00880	0.01227	0.01667	0.02963	0.01729	0.33012	0.45132	0.00719	0.01067	0.04918	0.00324	0.00435
12	0.01499	0.01272	0.05632	0.01146	0.01496	0.06045	0.03099	0.04628	0.38273	0.12910	0.02039	0.06520	0.01641	0.00795	0.00572	0.00182	0.00517	0.05557	0.00516	0.05661
13	0.00717	0.00536	0.00666	0.00692	0.00801	0.00485	0.00496	0.00894	0.01323	0.01777	0.35114	0.30685	0.20982	0.01402	0.00672	0.00195	0.00286	0.01238	0.00555	0.00485
14	0.01655	0.00860	0.01011	0.00846	0.01132	0.00852	0.00675	0.11182	0.09037	0.27150	0.09802	0.02131	0.01771	0.00723	0.00510	0.00158	0.00391	0.00589	0.28779	0.00747
15	0.01147	0.07171	0.69100	0.01517	0.02288	0.01342	0.01918	0.01816	0.05429	0.01761	0.01053	0.01204	0.00758	0.00536	0.00519	0.00173	0.00784	0.00415	0.00253	0.00816
16	0.01888	0.00966	0.01293	0.09253	0.03907	0.00942	0.00906	0.11351	0.02890	0.41133	0.11012	0.02373	0.03925	0.00786	0.00582	0.00178	0.00493	0.04720	0.00584	0.00817
17	0.00729	0.00551	0.00673	0.00670	0.00801	0.00495	0.00492	0.00929	0.01398	0.01883	0.44538	0.16896	0.25306	0.01307	0.00662	0.00186	0.00277	0.01143	0.00567	0.00495
18	0.01114	0.01054	0.01785	0.63211	0.19273	0.01248	0.01572	0.01475	0.01140	0.01498	0.00996	0.01454	0.00768	0.00541	0.00553	0.00180	0.00721	0.00492	0.00252	0.00671
19	0.01174	0.14529	0.64157	0.01470	0.02222	0.01425	0.01846	0.01775	0.03400	0.01703	0.00998	0.01154	0.00732	0.00525	0.00502	0.00167	0.00773	0.00399	0.00244	0.00804
20	0.00915	0.00512	0.00768	0.00768	0.00796	0.00540	0.00540	0.00796	0.00768	0.01052	0.01107	0.01820	0.01079	0.02543	0.23326	0.60831	0.00759	0.00512	0.00256	0.00311
21	0.00681	0.00487	0.00650	0.00779	0.00813	0.00455	0.00525	0.00782	0.01067	0.01421	0.03049	0.77988	0.03649	0.01729	0.00709	0.00226	0.00327	0.03698	0.00514	0.00452
22	0.05863	0.00853	0.07583	0.00830	0.01078	0.00667	0.00704	0.01378	0.01372	0.16327	0.30013	0.17605	0.11340	0.01101	0.00616	0.00184	0.00373	0.00950	0.00548	0.00614
23	0.01395	0.29241	0.41762	0.01305	0.01954	0.01601	0.01522	0.07541	0.01291	0.06153	0.01013	0.01128	0.00763	0.00528	0.00472	0.00155	0.00705	0.00386	0.00286	0.00799
24	0.01762	0.02134	0.01608	0.10757	0.01909	0.52582	0.01157	0.01927	0.01359	0.01358	0.00844	0.01102	0.00719	0.00654	0.00790	0.00169	0.17868	0.00400	0.00271	0.00631
25	0.02069	0.02640	0.01569	0.01427	0.01712	0.78313	0.01070	0.02212	0.01569	0.01355	0.00856	0.00999	0.00713	0.00571	0.00499	0.00143	0.00999	0.00357	0.00285	0.00642
26	0.00987	0.00989	0.05857	0.23906	0.02094	0.00961	0.10048	0.01395	0.05593	0.01872	0.33433	0.02686	0.04022	0.00825	0.00644	0.00182	0.02721	0.00743	0.00427	0.00616
27	0.01441	0.04038	0.24419	0.02095	0.30570	0.01218	0.02777	0.04291	0.01306	0.11707	0.01173	0.01340	0.00880	0.00524	0.00524	0.00159	0.00655	0.00455	0.00330	0.10098
28	0.65174	0.01101	0.00990	0.00899	0.03632	0.01251	0.00705	0.05149	0.01060	0.04929	0.00864	0.01002	0.00672	0.00548	0.00459	0.00170	0.05205	0.00337	0.00355	0.05497

[dist]
# distance from previous block
# <min> <max>
1	10

[block]
# block no. 5 follows, 43 sequences, length 17
# corresponding to MSA columns:
# 318-334
name=unknown_F
#
# <colnr> <probs for GDERKNQSTAVLIFYWHMCP>
#	G	D	E	R	K	N	Q	S	T	A	V	L	I	F	Y	W	H	M	C	P
0	0.01443	0.73010	0.10435	0.01011	0.01520	0.02100	0.01058	0.01668	0.01130	0.01348	0.00793	0.00917	0.00710	0.00479	0.00373	0.00124	0.00615	0.00308	0.00237	0.00722
1	0.48863	0.06844	0.04291	0.05486	0.01434	0.01269	0.03699	0.03297	0.06701	0.07674	0.04989	0.01302	0.01014	0.00578	0.00428	0.00170	0.00493	0.00413	0.00382	0.00672
2	0.02105	0.01551	0.01662	0.01274	0.01717	0.01717	0.01053	0.75235	0.02604	0.03490	0.01330	0.01330	0.00942	0.00665	0.00554	0.00166	0.00609	0.00499	0.00554	0.00942
3	0.01051	0.01230	0.20661	0.01161	0.01486	0.00816	0.01184	0.01403	0.01268	0.06572	0.02386	0.04660	0.02431	0.01217	0.00690	0.00229	0.00587	0.49901	0.00450	0.00617
4	0.00959	0.00816	0.01179	0.01089	0.01145	0.01052	0.00872	0.01100	0.00864	0.01282	0.01168	0.01785	0.01113	0.02825	0.44949	0.06002	0.30462	0.00546	0.00273	0.00520
5	0.07571	0.05322	0.05662	0.01362	0.01823	0.01218	0.18458	0.09618	0.05873	0.33343	0.01593	0.01579	0.01088	0.00611	0.00580	0.00174	0.02253	0.00538	0.00491	0.00844
6	0.01334	0.04490	0.32719	0.01795	0.02420	0.03181	0.31623	0.06519	0.01340	0.05022	0.01169	0.03725	0.00892	0.00554	0.00581	0.00178	0.00820	0.00551	0.00302	0.00784
7	0.00983	0.00706	0.00950	0.01039	0.01190	0.00718	0.00904	0.06668	0.01374	0.01794	0.02813	0.05881	0.03020	0.01465	0.00749	0.00248	0.00517	0.67925	0.00513	0.00542
8	0.00763	0.00553	0.00737	0.00839	0.00928	0.00527	0.00647	0.00936	0.01202	0.01584	0.09990	0.40117	0.09411	0.01578	0.00719	0.00228	0.00382	0.27858	0.00521	0.00480
9	0.01126	0.01142	0.04621	0.57562	0.18907	0.01257	0.04558	0.01501	0.01150	0.01524	0.01002	0.01444	0.00770	0.00537	0.00556	0.00180	0.00732	0.00496	0.00253	0.00682
10	0.01119	0.01059	0.01793	0.62195	0.20255	0.01250	0.01574	0.01479	0.01142	0.01504	0.00997	0.01453	0.00769	0.00540	0.00552	0.00180	0.00720	0.00492	0.00252	0.00674
11	0.01398	0.04654	0.14189	0.01400	0.03880	0.02839	0.14563	0.01732	0.01316	0.17975	0.01937	0.08273	0.01764	0.00907	0.00627	0.00198	0.00636	0.20560	0.00437	0.00715
12	0.01456	0.05239	0.23177	0.04944	0.16813	0.01294	0.14050	0.01957	0.06846	0.14106	0.01293	0.01449	0.00945	0.00566	0.00598	0.00176	0.03412	0.00508	0.00349	0.00822
13	0.01356	0.11725	0.19763	0.08250	0.05931	0.01271	0.16013	0.04450	0.01301	0.10899	0.01584	0.04878	0.05431	0.00677	0.00563	0.00176	0.00683	0.03950	0.00353	0.00747
14	0.06998	0.03801	0.11141	0.09130	0.32948	0.01240	0.09166	0.01763	0.01241	0.09564	0.01126	0.01359	0.00863	0.00514	0.00528	0.00164	0.00658	0.00475	0.00317	0.07005
15	0.01292	0.04766	0.22192	0.02309	0.36040	0.01278	0.06147	0.01791	0.06896	0.04072	0.06793	0.01580	0.01222	0.00572	0.00551	0.00170	0.00664	0.00523	0.00321	0.00822
16	0.01377	0.01277	0.09464	0.18436	0.33534	0.01145	0.03660	0.01721	0.01278	0.12833	0.05610	0.04700	0.01260	0.00622	0.00564	0.00174	0.00636	0.00570	0.00353	0.00785

[dist]
# distance from previous block
# <min> <max>
15	35

[block]
# block no. 6 follows, 43 sequences, length 33
# corresponding to MSA columns:
# 370-402
name=unknown_G
#
# <colnr> <probs for GDERKNQSTAVLIFYWHMCP>
#	G	D	E	R	K	N	Q	S	T	A	V	L	I	F	Y	W	H	M	C	P
0	0.03530	0.03778	0.06815	0.04912	0.05838	0.03910	0.02371	0.10353	0.06034	0.23123	0.02095	0.13691	0.07064	0.00950	0.02813	0.00200	0.00558	0.00716	0.00491	0.00757
1	0.03971	0.04144	0.22663	0.03157	0.10637	0.02969	0.01256	0.04575	0.03074	0.16990	0.01762	0.11443	0.04491	0.00796	0.00603	0.00182	0.03198	0.02918	0.00410	0.00761
2	0.10833	0.02255	0.06092	0.08836	0.05016	0.02260	0.02622	0.03659	0.03784	0.05808	0.23254	0.12980	0.04358	0.00944	0.00613	0.00185	0.02236	0.03184	0.00457	0.00623
3	0.01274	0.01168	0.07177	0.25584	0.07458	0.05486	0.03294	0.01680	0.07980	0.11083	0.04810	0.15990	0.01634	0.00827	0.00606	0.00187	0.01957	0.00722	0.00398	0.00684
4	0.01408	0.01304	0.04799	0.12392	0.28668	0.01301	0.13130	0.07825	0.02524	0.07383	0.01287	0.01546	0.03271	0.00597	0.00672	0.00177	0.07327	0.00538	0.00335	0.03516
5	0.01224	0.01081	0.01808	0.49347	0.22980	0.01211	0.03146	0.01571	0.01182	0.05861	0.01071	0.01457	0.00817	0.00537	0.00548	0.00174	0.00691	0.00492	0.00283	0.04520
6	0.01355	0.04994	0.10797	0.32517	0.07844	0.02737	0.04396	0.07482	0.01315	0.10113	0.01263	0.05983	0.01007	0.00623	0.00545	0.00172	0.00667	0.00539	0.00342	0.05308
7	0.01502	0.04758	0.07258	0.04117	0.10546	0.09425	0.00966	0.05247	0.03982	0.17978	0.07847	0.04805	0.05900	0.12206	0.00882	0.00222	0.00576	0.00642	0.00439	0.00703
8	0.04370	0.07759	0.37235	0.01284	0.01756	0.01258	0.01407	0.03172	0.01157	0.04080	0.08293	0.04369	0.01297	0.00856	0.02703	0.04032	0.13442	0.00522	0.00309	0.00698
9	0.84448	0.01071	0.00814	0.00728	0.01071	0.01242	0.00600	0.01628	0.00943	0.02485	0.00771	0.00900	0.00600	0.00514	0.00343	0.00171	0.00428	0.00300	0.00343	0.00600
10	0.01377	0.01195	0.01297	0.01228	0.04799	0.01375	0.00913	0.02888	0.72759	0.02294	0.02200	0.02035	0.01655	0.00740	0.00563	0.00187	0.00448	0.00620	0.00551	0.00877
11	0.01267	0.01008	0.01270	0.00913	0.01403	0.00779	0.04554	0.01522	0.01193	0.08049	0.01091	0.01227	0.00867	0.00436	0.00435	0.00095	0.00443	0.00364	0.00355	0.72729
12	0.00851	0.00553	0.00680	0.00648	0.00778	0.00521	0.00486	0.01111	0.01458	0.02179	0.56597	0.03579	0.04201	0.01001	0.00582	0.00162	0.00260	0.00871	0.22961	0.00521
13	0.01428	0.01295	0.01275	0.01149	0.01460	0.06945	0.00891	0.02890	0.70689	0.02247	0.02153	0.01989	0.01620	0.00738	0.00559	0.00185	0.00479	0.00607	0.00543	0.00860
14	0.01118	0.07149	0.03355	0.01303	0.15605	0.02683	0.00867	0.01384	0.01413	0.06515	0.37461	0.02925	0.06158	0.00865	0.00580	0.00162	0.00426	0.02346	0.00475	0.07211
15	0.01138	0.05109	0.67367	0.01482	0.02230	0.01245	0.01865	0.01716	0.01173	0.03767	0.01126	0.05304	0.00877	0.00589	0.00528	0.00174	0.00766	0.00469	0.00263	0.02812
16	0.01854	0.01656	0.01506	0.01257	0.01624	0.17480	0.00997	0.35919	0.26966	0.02655	0.01541	0.01507	0.01145	0.00674	0.00546	0.00169	0.00633	0.00512	0.00502	0.00858
17	0.00805	0.00537	0.00604	0.00604	0.00604	0.00537	0.00336	0.00805	0.00805	0.01074	0.01745	0.03624	0.02013	0.80536	0.02819	0.00537	0.00537	0.00805	0.00336	0.00336
18	0.01778	0.02963	0.11741	0.04819	0.08730	0.10050	0.01118	0.06794	0.04344	0.29380	0.01733	0.09437	0.01373	0.00748	0.00561	0.00175	0.00605	0.02369	0.00477	0.00804
19	0.01813	0.01171	0.11692	0.04062	0.08583	0.00881	0.01026	0.02098	0.01444	0.43361	0.07715	0.02272	0.09880	0.00753	0.00570	0.00174	0.00509	0.00629	0.00545	0.00824
20	0.00962	0.00481	0.00722	0.00722	0.00722	0.00481	0.00481	0.00722	0.00722	0.00962	0.00962	0.01684	0.00962	0.01924	0.02165	0.83886	0.00481	0.00481	0.00241	0.00241
21	0.01299	0.01206	0.04443	0.21903	0.43232	0.01204	0.04571	0.01611	0.01204	0.05692	0.01132	0.03235	0.00930	0.00626	0.00647	0.04818	0.00667	0.00524	0.00292	0.00763
22	0.01789	0.02717	0.14765	0.03461	0.06278	0.00980	0.01066	0.02205	0.08355	0.39063	0.05897	0.02006	0.03230	0.04853	0.00673	0.00192	0.00539	0.00578	0.00522	0.00832
23	0.05397	0.01262	0.01827	0.09966	0.36396	0.05219	0.03050	0.06361	0.01414	0.21679	0.01333	0.01476	0.00975	0.00564	0.00542	0.00168	0.00628	0.00498	0.00400	0.00844
24	0.00813	0.00536	0.00618	0.00618	0.00621	0.00538	0.00353	0.00806	0.00803	0.01074	0.01697	0.03482	0.01941	0.74256	0.04937	0.04898	0.00561	0.00782	0.00330	0.00335
25	0.01291	0.31163	0.29812	0.01204	0.01730	0.04283	0.01316	0.04004	0.04493	0.01625	0.01251	0.03876	0.03430	0.00634	0.00524	0.00159	0.03517	0.02295	0.02662	0.00732
26	0.01819	0.01045	0.02827	0.01454	0.14176	0.00966	0.04578	0.06726	0.05683	0.37594	0.03347	0.10550	0.03972	0.00800	0.00584	0.00179	0.00513	0.01810	0.00545	0.00833
27	0.01125	0.05871	0.74785	0.01554	0.02359	0.01321	0.02004	0.01750	0.01168	0.01737	0.00985	0.01158	0.00702	0.00524	0.00520	0.00173	0.00810	0.00405	0.00234	0.00814
28	0.00905	0.00706	0.01038	0.01053	0.01221	0.00695	0.06485	0.01212	0.04388	0.01696	0.07049	0.09781	0.09510	0.01395	0.00729	0.00235	0.00495	0.50370	0.00501	0.00537
29	0.01599	0.03346	0.09144	0.13856	0.07875	0.01053	0.10189	0.01939	0.03063	0.28048	0.01668	0.03863	0.01300	0.04853	0.00695	0.00200	0.00624	0.05475	0.00440	0.00769
30	0.10755	0.04829	0.12293	0.04905	0.07120	0.01115	0.01064	0.07420	0.05978	0.27582	0.06132	0.01872	0.03835	0.00683	0.00532	0.00173	0.00538	0.01889	0.00482	0.00804
31	0.08514	0.01287	0.07354	0.02032	0.33358	0.01216	0.01246	0.06655	0.14742	0.05715	0.01573	0.06840	0.02993	0.00674	0.00540	0.00174	0.00554	0.00586	0.03141	0.00806
32	0.01404	0.04388	0.09291	0.08160	0.34563	0.01205	0.04222	0.03432	0.05316	0.10570	0.08755	0.01710	0.01374	0.00601	0.00552	0.00167	0.00608	0.00545	0.00370	0.02765

[dist]
# distance from previous block
# <min> <max>
1	51

[block]
# block no. 7 follows, 43 sequences, length 16
# corresponding to MSA columns:
# 454-469
name=unknown_H
#
# <colnr> <probs for GDERKNQSTAVLIFYWHMCP>
#	G	D	E	R	K	N	Q	S	T	A	V	L	I	F	Y	W	H	M	C	P
0	0.07918	0.16985	0.19454	0.01447	0.09378	0.05168	0.04752	0.10679	0.04004	0.09880	0.01342	0.01423	0.04061	0.00589	0.00500	0.00161	0.00645	0.00462	0.00361	0.00790
1	0.07938	0.01100	0.05659	0.03848	0.14958	0.01008	0.00998	0.04060	0.11285	0.16306	0.10610	0.04731	0.04378	0.00757	0.00554	0.00172	0.00490	0.03529	0.00470	0.07150
2	0.01530	0.14448	0.16997	0.01240	0.03863	0.01413	0.01152	0.11776	0.18615	0.11863	0.06964	0.01668	0.01385	0.00670	0.00579	0.00170	0.03891	0.00520	0.00440	0.00818
3	0.18228	0.04759	0.14607	0.01462	0.14592	0.01193	0.01145	0.06177	0.05342	0.21069	0.05171	0.01526	0.01176	0.00607	0.00504	0.00169	0.00556	0.00481	0.00431	0.00807
4	0.01260	0.07277	0.01989	0.39370	0.32555	0.01362	0.01533	0.05141	0.01243	0.01664	0.01007	0.01382	0.00801	0.00529	0.00536	0.00171	0.00689	0.00478	0.00271	0.00742
5	0.00834	0.00676	0.00930	0.01011	0.07055	0.00601	0.02716	0.00997	0.01140	0.01567	0.05893	0.47385	0.09943	0.01310	0.00633	0.00188	0.00375	0.01180	0.00460	0.15106
6	0.01578	0.01374	0.01360	0.01180	0.01517	0.07354	0.00927	0.17547	0.55459	0.02481	0.01959	0.01835	0.01464	0.00720	0.00557	0.00180	0.00516	0.00580	0.00540	0.00872
7	0.84448	0.01071	0.00814	0.00728	0.01071	0.01242	0.00600	0.01628	0.00943	0.02485	0.00771	0.00900	0.00600	0.00514	0.00343	0.00171	0.00428	0.00300	0.00343	0.00600
8	0.01063	0.00955	0.01532	0.34117	0.20277	0.01097	0.01253	0.01324	0.01052	0.01430	0.01172	0.01891	0.01066	0.15051	0.09571	0.00323	0.05380	0.00558	0.00274	0.00615
9	0.01205	0.04749	0.25199	0.01918	0.02506	0.01313	0.43270	0.01686	0.01247	0.01729	0.01252	0.05021	0.01044	0.00598	0.00613	0.00186	0.00837	0.04598	0.00287	0.00741
10	0.00841	0.00678	0.01018	0.00984	0.01096	0.00685	0.07678	0.00978	0.01094	0.01447	0.02771	0.35426	0.12008	0.04063	0.00980	0.06657	0.07117	0.13554	0.00441	0.00484
11	0.00850	0.00521	0.00638	0.00638	0.00638	0.00521	0.00377	0.00781	0.00781	0.01042	0.01521	0.03069	0.01713	0.58063	0.02632	0.24364	0.00521	0.00713	0.00308	0.00308
12	0.01538	0.01522	0.14334	0.01344	0.04375	0.04999	0.05369	0.22852	0.11624	0.08395	0.01740	0.12737	0.01508	0.00825	0.00585	0.00184	0.00605	0.04205	0.00465	0.00794
13	0.10419	0.09614	0.10767	0.12971	0.17977	0.01464	0.05858	0.15016	0.07037	0.02106	0.01118	0.01314	0.00860	0.00555	0.00513	0.00168	0.00648	0.00463	0.00342	0.00789
14	0.27984	0.01275	0.01663	0.01754	0.20858	0.05861	0.08799	0.01785	0.01164	0.11110	0.01047	0.01252	0.00814	0.00592	0.00670	0.00179	0.11671	0.00447	0.00343	0.00731
15	0.12600	0.00918	0.01191	0.03796	0.01384	0.00938	0.06440	0.07330	0.09535	0.18083	0.02117	0.27763	0.02006	0.01013	0.00590	0.00194	0.00468	0.02437	0.00509	0.00690

[dist]
# distance from previous block
# <min> <max>
12	149

# created by:
# /home/berkeley/.conda/envs/busco_data_prod/bin/msa2prfl.pl pipeline/OGs_align_augustus/33634/165840.fs
