[name]
unknown

[dist]
# distance from previous block
# <min> <max>
0	416

[block]
# block no. 0 follows, 45 sequences, length 7
# corresponding to MSA columns:
# 491-497
name=unknown_A
#
# <colnr> <probs for GDERKNQSTAVLIFYWHMCP>
#	G	D	E	R	K	N	Q	S	T	A	V	L	I	F	Y	W	H	M	C	P
0	0.05798	0.00595	0.00735	0.00789	0.00895	0.00584	0.00573	0.03331	0.03481	0.04740	0.09224	0.52598	0.05206	0.01432	0.00649	0.00207	0.00346	0.07807	0.00506	0.00503
1	0.00667	0.00536	0.00595	0.00599	0.00750	0.00464	0.00442	0.00827	0.01273	0.01611	0.22634	0.13361	0.51692	0.01332	0.00640	0.00182	0.00272	0.01138	0.00521	0.00464
2	0.09442	0.09185	0.05294	0.00876	0.01319	0.06381	0.00751	0.01446	0.01117	0.01715	0.00996	0.04664	0.00875	0.00489	0.00411	0.00107	0.00473	0.00373	0.00311	0.53776
3	0.06102	0.01005	0.01090	0.05658	0.05253	0.08679	0.00784	0.03486	0.11013	0.04910	0.19458	0.08326	0.07364	0.05842	0.00783	0.00196	0.06294	0.00725	0.00440	0.02592
4	0.00780	0.00561	0.00661	0.00662	0.00796	0.00509	0.00494	0.00937	0.01228	0.04273	0.21330	0.07834	0.33120	0.13839	0.00976	0.00241	0.00343	0.10449	0.00498	0.00466
5	0.18150	0.01151	0.01558	0.07938	0.27726	0.01228	0.03082	0.11422	0.07887	0.06922	0.03332	0.01538	0.01074	0.00586	0.00502	0.00167	0.00548	0.02293	0.02136	0.00760
6	0.04811	0.05212	0.16046	0.10164	0.06564	0.10145	0.04448	0.07940	0.06093	0.05576	0.02582	0.01331	0.00929	0.00631	0.02580	0.00169	0.00665	0.00437	0.00333	0.13342

[dist]
# distance from previous block
# <min> <max>
5	7

[block]
# block no. 1 follows, 45 sequences, length 12
# corresponding to MSA columns:
# 505-516
name=unknown_B
#
# <colnr> <probs for GDERKNQSTAVLIFYWHMCP>
#	G	D	E	R	K	N	Q	S	T	A	V	L	I	F	Y	W	H	M	C	P
0	0.00801	0.00658	0.00978	0.01200	0.13216	0.00623	0.03536	0.00966	0.01124	0.01495	0.05024	0.46988	0.13243	0.01367	0.00654	0.00203	0.00392	0.06555	0.00455	0.00522
1	0.07352	0.00954	0.01122	0.09463	0.01434	0.01060	0.00794	0.18051	0.13346	0.06772	0.03583	0.01984	0.01356	0.13698	0.11825	0.02806	0.00642	0.00564	0.02541	0.00651
2	0.84927	0.01038	0.00789	0.00706	0.01038	0.01204	0.00581	0.01578	0.00914	0.02408	0.00747	0.00872	0.00581	0.00498	0.00332	0.00166	0.00415	0.00291	0.00332	0.00581
3	0.01151	0.00998	0.01612	0.07929	0.46597	0.01010	0.01248	0.01438	0.01199	0.01754	0.05704	0.07608	0.01463	0.00675	0.00533	0.00164	0.00529	0.03927	0.13750	0.00710
4	0.01435	0.81458	0.02813	0.00918	0.01378	0.02124	0.00918	0.01607	0.01091	0.01263	0.00746	0.00861	0.00689	0.00459	0.00344	0.00115	0.00574	0.00287	0.00230	0.00689
5	0.00651	0.00481	0.00609	0.00712	0.00769	0.00439	0.00482	0.00751	0.01062	0.01384	0.03393	0.67535	0.16520	0.01625	0.00676	0.00212	0.00305	0.01457	0.00498	0.00439
6	0.39751	0.00744	0.00653	0.00635	0.00841	0.00815	0.00490	0.01321	0.01012	0.02088	0.01481	0.14107	0.01357	0.00736	0.00405	0.00159	0.00336	0.00568	0.31973	0.00527
7	0.01329	0.01275	0.02179	0.03295	0.77787	0.01275	0.01647	0.01647	0.01222	0.01754	0.01010	0.01329	0.00850	0.00478	0.00531	0.00159	0.00638	0.00478	0.00266	0.00850
8	0.01102	0.01056	0.01823	0.57581	0.21554	0.01221	0.05140	0.01455	0.01119	0.01481	0.00974	0.01407	0.00753	0.00518	0.00540	0.00174	0.00706	0.00485	0.00247	0.00664
9	0.65451	0.01034	0.00903	0.00771	0.01102	0.01158	0.00633	0.01521	0.00939	0.02222	0.00777	0.00932	0.00624	0.00514	0.00446	0.00157	0.06164	0.00308	0.00323	0.14020
10	0.01292	0.06820	0.01245	0.01009	0.01303	0.01193	0.00803	0.02353	0.50646	0.06166	0.06171	0.06689	0.01886	0.00805	0.00547	0.00176	0.00424	0.04827	0.00515	0.05128
11	0.06025	0.04642	0.04820	0.13653	0.05309	0.00987	0.00920	0.03367	0.04857	0.08202	0.02935	0.01327	0.00954	0.00498	0.00453	0.00126	0.00494	0.00404	0.00348	0.39679

[dist]
# distance from previous block
# <min> <max>
0	4

[block]
# block no. 2 follows, 45 sequences, length 30
# corresponding to MSA columns:
# 521-550
name=unknown_C
#
# <colnr> <probs for GDERKNQSTAVLIFYWHMCP>
#	G	D	E	R	K	N	Q	S	T	A	V	L	I	F	Y	W	H	M	C	P
0	0.04388	0.04604	0.03728	0.11664	0.01652	0.03667	0.00910	0.11058	0.09497	0.24618	0.01829	0.13122	0.02869	0.00781	0.00540	0.00171	0.00510	0.00649	0.00484	0.03260
1	0.36392	0.05712	0.17989	0.03923	0.04095	0.01165	0.01024	0.01851	0.01137	0.20410	0.01141	0.01195	0.00803	0.00540	0.00436	0.00164	0.00535	0.00387	0.00378	0.00723
2	0.07565	0.52385	0.14377	0.01144	0.04978	0.03505	0.01109	0.04090	0.01138	0.01511	0.00811	0.00953	0.00695	0.00496	0.00437	0.00136	0.03388	0.00327	0.00250	0.00707
3	0.00996	0.03812	0.08108	0.05929	0.21245	0.00890	0.01000	0.01316	0.04025	0.03281	0.20325	0.04147	0.21024	0.00881	0.00576	0.00169	0.00455	0.00766	0.00416	0.00640
4	0.01246	0.08077	0.06820	0.05598	0.15457	0.03517	0.01010	0.02995	0.06024	0.04235	0.04000	0.01469	0.03571	0.00530	0.00469	0.00128	0.00517	0.00439	0.00335	0.33564
5	0.00674	0.00545	0.00598	0.00585	0.00749	0.00470	0.00439	0.00846	0.01316	0.01670	0.27967	0.04804	0.54903	0.01278	0.00634	0.00177	0.00266	0.01082	0.00527	0.00470
6	0.01113	0.00954	0.01113	0.00795	0.01272	0.00716	0.00636	0.01352	0.01113	0.01749	0.00954	0.01113	0.00795	0.00398	0.00398	0.00080	0.00398	0.00318	0.00318	0.84417
7	0.01077	0.02777	0.78354	0.01530	0.02323	0.01247	0.01983	0.01700	0.01133	0.01700	0.00963	0.01133	0.00680	0.00510	0.00510	0.00170	0.00793	0.00397	0.00227	0.00793
8	0.11422	0.01123	0.01316	0.01020	0.01431	0.01125	0.00843	0.26783	0.01794	0.45029	0.01692	0.01543	0.01108	0.00639	0.00516	0.00164	0.00496	0.00494	0.00585	0.00877
9	0.00796	0.00584	0.00823	0.00857	0.00950	0.00561	0.04553	0.01016	0.06313	0.04038	0.05213	0.65961	0.03247	0.01497	0.00666	0.00210	0.00354	0.01364	0.00498	0.00498
10	0.84927	0.01038	0.00789	0.00706	0.01038	0.01204	0.00581	0.01578	0.00914	0.02408	0.00747	0.00872	0.00581	0.00498	0.00332	0.00166	0.00415	0.00291	0.00332	0.00581
11	0.00656	0.00534	0.00581	0.00592	0.00744	0.00459	0.00435	0.00803	0.01239	0.01543	0.15736	0.15764	0.56312	0.01367	0.00641	0.00185	0.00275	0.01165	0.00512	0.00459
12	0.00876	0.00577	0.00741	0.00684	0.00839	0.00523	0.00519	0.01114	0.01490	0.08051	0.64194	0.03957	0.12204	0.01090	0.00626	0.00170	0.00271	0.00954	0.00587	0.00533
13	0.01761	0.01273	0.01410	0.01080	0.01510	0.01304	0.00882	0.42998	0.08687	0.09415	0.01352	0.01353	0.00983	0.00587	0.00501	0.00142	0.00512	0.00455	0.00490	0.23307
14	0.76869	0.01026	0.00834	0.00730	0.01071	0.01164	0.00602	0.01679	0.00974	0.09806	0.00881	0.00965	0.00654	0.00515	0.00352	0.00166	0.00419	0.00315	0.00365	0.00614
15	0.03954	0.00828	0.00945	0.00863	0.01099	0.00849	0.00672	0.06697	0.20997	0.12733	0.11815	0.13903	0.14565	0.01025	0.00589	0.00183	0.00379	0.04786	0.02455	0.00663
16	0.01067	0.00671	0.00827	0.00750	0.00952	0.00625	0.00587	0.04667	0.03981	0.13552	0.39153	0.03884	0.19955	0.01083	0.00619	0.00177	0.00326	0.05968	0.00571	0.00586
17	0.00813	0.00600	0.00829	0.00787	0.00839	0.00642	0.03792	0.00889	0.00840	0.01156	0.01606	0.07870	0.01745	0.44838	0.23418	0.03496	0.04380	0.00741	0.00316	0.00401
18	0.00708	0.00523	0.00664	0.00696	0.00798	0.00479	0.00507	0.00886	0.01284	0.01734	0.35588	0.31162	0.16333	0.01366	0.00657	0.00192	0.00290	0.05124	0.00538	0.00472
19	0.05888	0.00594	0.00701	0.00684	0.00844	0.00548	0.00508	0.01114	0.01264	0.10297	0.23289	0.23343	0.21394	0.01197	0.00603	0.00181	0.00305	0.01034	0.05686	0.00525
20	0.01340	0.00780	0.00904	0.00798	0.01028	0.00776	0.00619	0.13127	0.06305	0.16509	0.09298	0.14791	0.08999	0.00920	0.00539	0.00166	0.00366	0.00776	0.21308	0.00651
21	0.00799	0.00520	0.00679	0.00741	0.00828	0.00476	0.00521	0.00928	0.01147	0.07146	0.12268	0.57366	0.09983	0.01503	0.00665	0.00206	0.00315	0.02906	0.00522	0.00483
22	0.05397	0.00684	0.00744	0.00703	0.00892	0.00674	0.00534	0.04590	0.10299	0.03139	0.22441	0.10224	0.29793	0.01105	0.00588	0.00176	0.00312	0.00935	0.06218	0.00551
23	0.00880	0.00572	0.00696	0.00687	0.00807	0.00531	0.00488	0.02882	0.01229	0.07562	0.22147	0.24656	0.16448	0.14079	0.00966	0.00239	0.00339	0.01058	0.03240	0.00490
24	0.04189	0.00808	0.00899	0.00850	0.01045	0.00863	0.00641	0.09188	0.21742	0.05397	0.05519	0.27409	0.02233	0.01014	0.00555	0.00179	0.00367	0.00873	0.15590	0.00638
25	0.01139	0.03825	0.07807	0.01299	0.01633	0.01022	0.21160	0.07680	0.08620	0.04379	0.14098	0.19874	0.02246	0.00904	0.00608	0.00183	0.00552	0.01879	0.00434	0.00659
26	0.00948	0.00590	0.00750	0.00725	0.00864	0.00540	0.00522	0.01100	0.01170	0.10552	0.18133	0.27532	0.07845	0.11555	0.05836	0.00266	0.00415	0.00995	0.03442	0.06218
27	0.13167	0.00752	0.00799	0.00765	0.00930	0.00789	0.00554	0.05855	0.12121	0.01755	0.05934	0.20897	0.10014	0.18566	0.02440	0.00269	0.00421	0.00870	0.00442	0.02658
28	0.00800	0.00629	0.03319	0.00746	0.00858	0.00587	0.00569	0.01018	0.03480	0.01567	0.18861	0.15019	0.05039	0.16481	0.17277	0.00386	0.00593	0.04401	0.07896	0.00474
29	0.07194	0.01172	0.12307	0.07168	0.01513	0.02500	0.00930	0.05538	0.08156	0.21159	0.16712	0.02307	0.07073	0.03173	0.00611	0.00181	0.00487	0.00628	0.00483	0.00708

[dist]
# distance from previous block
# <min> <max>
2	11

[block]
# block no. 3 follows, 45 sequences, length 50
# corresponding to MSA columns:
# 564-613
name=unknown_D
#
# <colnr> <probs for GDERKNQSTAVLIFYWHMCP>
#	G	D	E	R	K	N	Q	S	T	A	V	L	I	F	Y	W	H	M	C	P
0	0.01155	0.00905	0.01540	0.03796	0.13105	0.00881	0.15890	0.01456	0.03720	0.10370	0.03723	0.21473	0.02065	0.01115	0.03646	0.00222	0.00585	0.13286	0.00424	0.00643
1	0.03169	0.00810	0.01117	0.13336	0.01503	0.00880	0.00837	0.03857	0.01173	0.16230	0.06094	0.26941	0.01994	0.01046	0.00799	0.02161	0.12381	0.00839	0.00438	0.04396
2	0.01293	0.24954	0.12339	0.01064	0.01460	0.04017	0.01028	0.12034	0.04626	0.01789	0.01645	0.02466	0.04822	0.00789	0.00520	0.00165	0.00570	0.18067	0.00369	0.05982
3	0.00809	0.00597	0.00810	0.00878	0.00979	0.00623	0.00691	0.01077	0.06031	0.01497	0.04757	0.24823	0.02716	0.04308	0.20140	0.00393	0.00667	0.27265	0.00446	0.00494
4	0.01577	0.01371	0.01271	0.12219	0.01666	0.24455	0.00924	0.07325	0.03494	0.15338	0.03413	0.14633	0.01528	0.03662	0.00665	0.00184	0.02836	0.02371	0.00418	0.00651
5	0.01609	0.00977	0.01156	0.00964	0.01219	0.01032	0.00751	0.27842	0.09281	0.14632	0.01410	0.01594	0.01078	0.01077	0.01072	0.29243	0.00497	0.00500	0.03409	0.00657
6	0.33766	0.01045	0.01124	0.00900	0.01286	0.01072	0.00743	0.12707	0.01440	0.38639	0.01478	0.01387	0.00985	0.00598	0.00460	0.00165	0.00460	0.00437	0.00520	0.00787
7	0.00690	0.00539	0.00633	0.00697	0.00807	0.00495	0.00503	0.00874	0.04395	0.01457	0.03925	0.41298	0.33542	0.01495	0.00663	0.00204	0.00313	0.06505	0.00500	0.00465
8	0.00880	0.00568	0.00721	0.00741	0.00851	0.00532	0.00526	0.01082	0.04615	0.08816	0.19443	0.42180	0.09077	0.06418	0.00779	0.00217	0.00328	0.01192	0.00526	0.00510
9	0.01938	0.01384	0.01491	0.01162	0.01561	0.01523	0.00954	0.62871	0.07084	0.06441	0.01414	0.01408	0.01010	0.00649	0.00526	0.00160	0.00550	0.00495	0.06501	0.00879
10	0.00646	0.00544	0.00560	0.00556	0.00732	0.00458	0.00417	0.00793	0.01251	0.01515	0.12061	0.05060	0.70905	0.01335	0.00634	0.00180	0.00270	0.01118	0.00507	0.00458
11	0.01192	0.00699	0.00818	0.00770	0.00951	0.00697	0.00577	0.06836	0.09380	0.13410	0.04951	0.26079	0.04950	0.02891	0.00598	0.00181	0.00351	0.00874	0.23191	0.00605
12	0.01245	0.00769	0.00893	0.00794	0.00950	0.00777	0.00561	0.16374	0.01291	0.12479	0.01951	0.14863	0.03617	0.39191	0.01609	0.00342	0.00488	0.00810	0.00447	0.00548
13	0.01140	0.00671	0.00933	0.00983	0.01158	0.00648	0.00851	0.01380	0.01289	0.15255	0.02713	0.05301	0.02775	0.01337	0.00705	0.00233	0.00488	0.61045	0.00525	0.00569
14	0.00761	0.00609	0.00694	0.00717	0.00860	0.00584	0.00527	0.01096	0.11919	0.01613	0.11213	0.28853	0.33051	0.01352	0.00642	0.00194	0.00313	0.03976	0.00514	0.00511
15	0.00822	0.00567	0.00685	0.00715	0.00785	0.00555	0.00477	0.02311	0.05451	0.03848	0.07844	0.37835	0.06672	0.27376	0.01330	0.00306	0.00390	0.01121	0.00457	0.00454
16	0.00654	0.00467	0.00623	0.00747	0.00779	0.00436	0.00498	0.00747	0.01028	0.01370	0.02959	0.80785	0.03550	0.01682	0.00685	0.00218	0.00311	0.01526	0.00498	0.00436
17	0.84927	0.01038	0.00789	0.00706	0.01038	0.01204	0.00581	0.01578	0.00914	0.02408	0.00747	0.00872	0.00581	0.00498	0.00332	0.00166	0.00415	0.00291	0.00332	0.00581
18	0.00767	0.00518	0.00586	0.00594	0.00603	0.00513	0.00339	0.00778	0.00812	0.01076	0.01905	0.08503	0.04727	0.73243	0.02527	0.00489	0.00498	0.00841	0.00342	0.00337
19	0.01181	0.00840	0.00963	0.00884	0.01104	0.00897	0.00682	0.01952	0.35040	0.08473	0.18728	0.05461	0.05243	0.00959	0.00673	0.05874	0.00373	0.03544	0.06456	0.00670
20	0.01435	0.81458	0.02813	0.00918	0.01378	0.02124	0.00918	0.01607	0.01091	0.01263	0.00746	0.00861	0.00689	0.00459	0.00344	0.00115	0.00574	0.00287	0.00230	0.00689
21	0.01435	0.81458	0.02813	0.00918	0.01378	0.02124	0.00918	0.01607	0.01091	0.01263	0.00746	0.00861	0.00689	0.00459	0.00344	0.00115	0.00574	0.00287	0.00230	0.00689
22	0.00720	0.00522	0.00653	0.00675	0.00772	0.00481	0.00482	0.00890	0.01263	0.01724	0.36074	0.27066	0.14670	0.06918	0.00792	0.00211	0.00298	0.02842	0.02483	0.00465
23	0.00989	0.00752	0.00901	0.00882	0.01008	0.00800	0.00647	0.15067	0.05159	0.01779	0.02556	0.48238	0.07419	0.04809	0.00808	0.00217	0.05778	0.01154	0.00483	0.00553
24	0.01363	0.65676	0.17965	0.01041	0.01567	0.01948	0.01132	0.01626	0.01099	0.01351	0.00790	0.00916	0.00687	0.00469	0.00378	0.00126	0.00618	0.00309	0.00229	0.00710
25	0.00726	0.00472	0.00638	0.00722	0.00754	0.00445	0.00484	0.00736	0.00954	0.01260	0.02585	0.55180	0.07587	0.01709	0.01053	0.22310	0.00350	0.01223	0.00429	0.00384
26	0.04922	0.01240	0.10334	0.25563	0.19513	0.01071	0.01278	0.01475	0.01119	0.01659	0.00958	0.01251	0.00761	0.00476	0.00480	0.00142	0.00595	0.00411	0.00272	0.26480
27	0.00932	0.00466	0.00699	0.00699	0.00699	0.00466	0.00466	0.00699	0.00699	0.00932	0.00932	0.01632	0.00932	0.01865	0.02098	0.84382	0.00466	0.00466	0.00233	0.00233
28	0.01071	0.01007	0.01669	0.65937	0.13603	0.01210	0.01483	0.01476	0.04523	0.01463	0.01017	0.01443	0.00776	0.00537	0.00536	0.00176	0.00692	0.00483	0.00256	0.00642
29	0.01038	0.00869	0.01218	0.01095	0.01167	0.01112	0.00883	0.01231	0.03015	0.04827	0.05987	0.01846	0.01323	0.04873	0.31371	0.00478	0.36245	0.00560	0.00309	0.00554
30	0.01329	0.01275	0.02179	0.03295	0.77787	0.01275	0.01647	0.01647	0.01222	0.01754	0.01010	0.01329	0.00850	0.00478	0.00531	0.00159	0.00638	0.00478	0.00266	0.00850
31	0.00666	0.00482	0.00648	0.00755	0.00798	0.00463	0.00516	0.00772	0.01014	0.01358	0.02852	0.69720	0.05313	0.01941	0.09649	0.00291	0.00439	0.01406	0.00474	0.00441
32	0.00829	0.00541	0.00679	0.00705	0.00810	0.00494	0.00499	0.00962	0.01173	0.07622	0.16839	0.37009	0.16639	0.09596	0.00867	0.00230	0.00332	0.03184	0.00511	0.00480
33	0.00704	0.00507	0.00640	0.00703	0.00754	0.00493	0.00475	0.00794	0.00972	0.01286	0.02723	0.40588	0.11243	0.22439	0.10802	0.00372	0.00504	0.03158	0.00428	0.00416
34	0.06463	0.00959	0.01092	0.00789	0.01257	0.00747	0.00633	0.01366	0.01100	0.01791	0.00941	0.01098	0.00781	0.00404	0.00393	0.00085	0.00399	0.00316	0.00319	0.79066
35	0.01249	0.00960	0.01090	0.00859	0.01243	0.00864	0.00680	0.06989	0.15164	0.06772	0.01681	0.04700	0.06027	0.00615	0.00469	0.00124	0.00402	0.00504	0.04564	0.45044
36	0.00680	0.00511	0.00630	0.00673	0.00771	0.00461	0.00477	0.00831	0.01223	0.01620	0.25427	0.38563	0.23324	0.01427	0.00657	0.00194	0.00284	0.01261	0.00525	0.00461
37	0.02093	0.00925	0.01217	0.00991	0.01356	0.00854	0.00828	0.10315	0.01590	0.56392	0.02157	0.02522	0.01597	0.00808	0.00575	0.00180	0.00478	0.13662	0.00620	0.00839
38	0.01823	0.01355	0.01456	0.01165	0.01552	0.01503	0.00946	0.50524	0.23019	0.06244	0.01686	0.01615	0.03219	0.00688	0.00542	0.00168	0.00530	0.00538	0.00544	0.00883
39	0.00657	0.00495	0.00610	0.00699	0.00776	0.00448	0.00487	0.00768	0.01092	0.01402	0.03661	0.56340	0.24648	0.01582	0.00673	0.00209	0.00307	0.04207	0.00498	0.00443
40	0.01144	0.00953	0.01116	0.00799	0.01274	0.00717	0.00640	0.01382	0.01123	0.03582	0.00982	0.01130	0.00808	0.00404	0.00401	0.00082	0.00399	0.00323	0.00326	0.82414
41	0.00682	0.00488	0.00652	0.00753	0.00803	0.00458	0.00523	0.00808	0.01110	0.01496	0.13488	0.65163	0.03735	0.01586	0.00681	0.00213	0.00315	0.06084	0.00511	0.00450
42	0.00744	0.00498	0.00653	0.00742	0.00806	0.00458	0.00507	0.00853	0.01088	0.05212	0.06449	0.68614	0.08194	0.01585	0.00672	0.00211	0.00313	0.01427	0.00511	0.00464
43	0.01091	0.00700	0.00886	0.00811	0.00995	0.00684	0.04275	0.09014	0.03034	0.08620	0.06591	0.27415	0.10630	0.01068	0.00565	0.00175	0.00362	0.00933	0.21579	0.00574
44	0.01610	0.01186	0.01214	0.01043	0.01272	0.14584	0.00835	0.09041	0.01418	0.20371	0.09710	0.01945	0.01550	0.00882	0.03509	0.00195	0.14160	0.03362	0.11435	0.00677
45	0.00767	0.00575	0.00863	0.00863	0.00959	0.00671	0.00671	0.00959	0.00863	0.01246	0.01438	0.02109	0.01342	0.04026	0.79008	0.00863	0.01438	0.00575	0.00288	0.00479
46	0.01669	0.16135	0.09819	0.03403	0.06455	0.05763	0.01050	0.18415	0.02740	0.15937	0.01220	0.01293	0.00903	0.00621	0.00561	0.04315	0.00586	0.00426	0.00396	0.08290
47	0.80824	0.01061	0.00830	0.00732	0.01069	0.01227	0.00603	0.05261	0.00993	0.02457	0.00774	0.00893	0.00598	0.00506	0.00342	0.00166	0.00424	0.00300	0.00342	0.00598
48	0.11015	0.01004	0.01194	0.01001	0.01285	0.01050	0.04452	0.27692	0.01677	0.10183	0.12622	0.20560	0.02134	0.00931	0.00568	0.00178	0.00458	0.00792	0.00512	0.00694
49	0.01357	0.01214	0.01247	0.01165	0.03490	0.05160	0.00881	0.02744	0.69263	0.02171	0.02101	0.02028	0.01604	0.00730	0.00547	0.00181	0.00459	0.02305	0.00524	0.00830

[dist]
# distance from previous block
# <min> <max>
0	3

[block]
# block no. 4 follows, 45 sequences, length 16
# corresponding to MSA columns:
# 623-638
name=unknown_E
#
# <colnr> <probs for GDERKNQSTAVLIFYWHMCP>
#	G	D	E	R	K	N	Q	S	T	A	V	L	I	F	Y	W	H	M	C	P
0	0.01849	0.01176	0.01382	0.06848	0.01619	0.01256	0.00924	0.35749	0.11338	0.21561	0.06714	0.01717	0.01374	0.00720	0.00593	0.02740	0.00519	0.00545	0.00542	0.00834
1	0.00710	0.00547	0.00649	0.00623	0.00772	0.00485	0.00467	0.00917	0.01402	0.01875	0.49014	0.04467	0.33728	0.01201	0.00634	0.00174	0.00261	0.01035	0.00554	0.00485
2	0.00782	0.00591	0.00779	0.06042	0.01018	0.00578	0.00584	0.01072	0.04907	0.01956	0.54480	0.15642	0.07238	0.01143	0.00631	0.00178	0.00302	0.01013	0.00547	0.00516
3	0.00860	0.00602	0.00744	0.00718	0.00888	0.00533	0.00544	0.01058	0.01251	0.04525	0.24048	0.21548	0.12374	0.01147	0.00597	0.00173	0.00320	0.07967	0.07804	0.12301
4	0.01113	0.00954	0.01113	0.00795	0.01272	0.00716	0.00636	0.01352	0.01113	0.01749	0.00954	0.01113	0.00795	0.00398	0.00398	0.00080	0.00398	0.00318	0.00318	0.84417
5	0.01175	0.01067	0.01439	0.16361	0.23834	0.04940	0.01096	0.08364	0.04847	0.01806	0.09796	0.02306	0.13526	0.03186	0.00620	0.00176	0.00543	0.00636	0.00374	0.03906
6	0.00994	0.00849	0.01179	0.00919	0.01234	0.00713	0.09853	0.01189	0.01063	0.01559	0.04342	0.10265	0.01520	0.18997	0.00999	0.00211	0.00474	0.00616	0.00344	0.42679
7	0.00754	0.00521	0.00671	0.00723	0.00809	0.00493	0.00531	0.00931	0.01218	0.01702	0.26721	0.33932	0.05438	0.04323	0.00722	0.00208	0.00319	0.11109	0.08406	0.00469
8	0.04979	0.04767	0.01586	0.55681	0.05791	0.01258	0.01321	0.01512	0.07782	0.01504	0.01159	0.01516	0.02986	0.00594	0.00595	0.00178	0.05397	0.00489	0.00278	0.00627
9	0.19588	0.00913	0.01063	0.06180	0.01282	0.00962	0.02417	0.09415	0.01179	0.12592	0.01287	0.01772	0.01098	0.17172	0.01060	0.04456	0.04228	0.00497	0.04281	0.08558
10	0.00859	0.00535	0.00697	0.00736	0.00837	0.00495	0.00522	0.00960	0.01093	0.09177	0.05084	0.46791	0.15797	0.01678	0.06043	0.06126	0.00405	0.01205	0.00485	0.00478
11	0.00692	0.00497	0.00604	0.00668	0.00715	0.00466	0.00435	0.00770	0.01002	0.01314	0.05669	0.44540	0.13760	0.24839	0.01274	0.00299	0.00365	0.01231	0.00451	0.00409
12	0.10611	0.00926	0.07951	0.00898	0.01156	0.00791	0.00776	0.02685	0.06264	0.17180	0.07526	0.05151	0.04706	0.01202	0.03893	0.17004	0.00499	0.09751	0.00438	0.00591
13	0.01358	0.06464	0.23986	0.07823	0.17499	0.03107	0.08977	0.04505	0.06406	0.08303	0.01148	0.01335	0.00863	0.00556	0.00598	0.00170	0.05343	0.00470	0.00313	0.00779
14	0.10109	0.22331	0.07974	0.01079	0.01485	0.01522	0.02598	0.18035	0.10498	0.04887	0.04723	0.01342	0.01078	0.00603	0.00537	0.00154	0.05276	0.00439	0.00384	0.04948
15	0.25454	0.08932	0.03669	0.01353	0.13392	0.01313	0.03891	0.09137	0.12943	0.07418	0.01192	0.01271	0.00909	0.00544	0.00454	0.00157	0.00516	0.00423	0.00382	0.06651

[dist]
# distance from previous block
# <min> <max>
6	64

[block]
# block no. 5 follows, 45 sequences, length 48
# corresponding to MSA columns:
# 724-771
name=unknown_F
#
# <colnr> <probs for GDERKNQSTAVLIFYWHMCP>
#	G	D	E	R	K	N	Q	S	T	A	V	L	I	F	Y	W	H	M	C	P
0	0.00790	0.00609	0.00941	0.00901	0.01008	0.00689	0.03971	0.00977	0.00874	0.01250	0.01444	0.02199	0.01371	0.10453	0.69022	0.00803	0.01336	0.00595	0.00290	0.00477
1	0.05305	0.00627	0.00886	0.04419	0.03740	0.00693	0.00714	0.01010	0.00951	0.01381	0.01773	0.14554	0.01829	0.07139	0.43365	0.00582	0.00991	0.09206	0.00345	0.00490
2	0.05958	0.00565	0.00674	0.00682	0.00810	0.00529	0.00499	0.00964	0.01261	0.03805	0.32108	0.25592	0.18630	0.03313	0.00682	0.00195	0.00300	0.02423	0.00524	0.00487
3	0.00767	0.00573	0.00853	0.00853	0.00945	0.00666	0.00659	0.00952	0.00860	0.01239	0.01447	0.02159	0.01364	0.06762	0.76302	0.00851	0.01405	0.00582	0.00289	0.00474
4	0.00853	0.00614	0.00848	0.00965	0.01091	0.00609	0.00840	0.01094	0.01235	0.01598	0.02981	0.06007	0.07086	0.01476	0.00736	0.00244	0.00482	0.70254	0.00495	0.00492
5	0.45446	0.00998	0.00946	0.00816	0.01119	0.01097	0.00657	0.14852	0.01351	0.07727	0.13556	0.06466	0.01605	0.00707	0.00454	0.00169	0.00417	0.00529	0.00444	0.00643
6	0.00851	0.00557	0.00757	0.00851	0.00942	0.00533	0.00657	0.01009	0.01134	0.06204	0.02819	0.43611	0.03177	0.04117	0.00765	0.00236	0.00400	0.30394	0.00501	0.00485
7	0.00722	0.00515	0.00700	0.00825	0.00885	0.00494	0.00616	0.00864	0.01094	0.01446	0.02921	0.56868	0.03403	0.01618	0.00703	0.00227	0.00370	0.24777	0.00497	0.00455
8	0.02105	0.00937	0.01202	0.00941	0.01312	0.00869	0.00770	0.12928	0.01655	0.55248	0.09981	0.01991	0.01668	0.00705	0.00540	0.00163	0.00443	0.00575	0.05117	0.00848
9	0.00735	0.00548	0.00683	0.00649	0.00787	0.00496	0.00487	0.00964	0.01460	0.02012	0.63051	0.04242	0.19605	0.01150	0.00633	0.00171	0.00257	0.01003	0.00572	0.00496
10	0.00781	0.00520	0.00585	0.00585	0.00585	0.00520	0.00325	0.00781	0.00781	0.01041	0.01691	0.03513	0.01952	0.81135	0.02732	0.00520	0.00520	0.00781	0.00325	0.00325
11	0.01049	0.00594	0.00603	0.00585	0.00736	0.00620	0.00443	0.01481	0.12013	0.02036	0.01813	0.02001	0.01414	0.00640	0.00400	0.00133	0.00275	0.00516	0.72094	0.00551
12	0.01373	0.01172	0.01235	0.01100	0.01410	0.01353	0.00859	0.06774	0.72833	0.02306	0.02137	0.01964	0.01600	0.00724	0.00546	0.00181	0.00434	0.00600	0.00546	0.00853
13	0.02005	0.02558	0.01521	0.01383	0.01659	0.78980	0.01037	0.02143	0.01521	0.01314	0.00830	0.00968	0.00691	0.00553	0.00484	0.00138	0.00968	0.00346	0.00277	0.00622
14	0.02292	0.00957	0.01246	0.00962	0.01363	0.00871	0.00793	0.10721	0.01624	0.65741	0.02006	0.01776	0.01285	0.00660	0.00531	0.00163	0.00461	0.00531	0.05125	0.00891
15	0.00653	0.00545	0.00570	0.00563	0.00737	0.00461	0.00423	0.00807	0.01268	0.01555	0.16232	0.04993	0.66709	0.01320	0.00634	0.00179	0.00269	0.01109	0.00512	0.00461
16	0.02005	0.02558	0.01521	0.01383	0.01659	0.78980	0.01037	0.02143	0.01521	0.01314	0.00830	0.00968	0.00691	0.00553	0.00484	0.00138	0.00968	0.00346	0.00277	0.00622
17	0.00634	0.00544	0.00544	0.00544	0.00725	0.00453	0.00408	0.00770	0.01224	0.01450	0.05438	0.05166	0.77569	0.01359	0.00634	0.00181	0.00272	0.01133	0.00498	0.00453
18	0.00778	0.00589	0.00875	0.00869	0.00960	0.00692	0.00675	0.00962	0.00859	0.01242	0.01426	0.02123	0.01342	0.06011	0.74997	0.00838	0.03420	0.00578	0.00287	0.00478
19	0.02408	0.00914	0.01246	0.00955	0.01370	0.00789	0.00789	0.02616	0.01536	0.78158	0.02118	0.01827	0.01329	0.00664	0.00540	0.00166	0.00457	0.00540	0.00664	0.00914
20	0.84927	0.01038	0.00789	0.00706	0.01038	0.01204	0.00581	0.01578	0.00914	0.02408	0.00747	0.00872	0.00581	0.00498	0.00332	0.00166	0.00415	0.00291	0.00332	0.00581
21	0.00704	0.00543	0.00605	0.00589	0.00747	0.00476	0.00442	0.00890	0.01326	0.01743	0.31616	0.04539	0.46100	0.01216	0.00617	0.00173	0.00264	0.01033	0.05903	0.00476
22	0.02005	0.02558	0.01521	0.01383	0.01659	0.78980	0.01037	0.02143	0.01521	0.01314	0.00830	0.00968	0.00691	0.00553	0.00484	0.00138	0.00968	0.00346	0.00277	0.00622
23	0.84927	0.01038	0.00789	0.00706	0.01038	0.01204	0.00581	0.01578	0.00914	0.02408	0.00747	0.00872	0.00581	0.00498	0.00332	0.00166	0.00415	0.00291	0.00332	0.00581
24	0.00653	0.00472	0.00618	0.00735	0.00775	0.00437	0.00493	0.00749	0.01040	0.01375	0.03112	0.76107	0.08129	0.01662	0.00682	0.00216	0.00309	0.01502	0.00498	0.00437
25	0.01077	0.02777	0.78354	0.01530	0.02323	0.01247	0.01983	0.01700	0.01133	0.01700	0.00963	0.01133	0.00680	0.00510	0.00510	0.00170	0.00793	0.00397	0.00227	0.00793
26	0.01715	0.00784	0.01025	0.00833	0.01135	0.00699	0.00668	0.04130	0.01513	0.42985	0.26033	0.02495	0.02491	0.00789	0.00551	0.00160	0.00377	0.00664	0.07238	0.03714
27	0.84927	0.01038	0.00789	0.00706	0.01038	0.01204	0.00581	0.01578	0.00914	0.02408	0.00747	0.00872	0.00581	0.00498	0.00332	0.00166	0.00415	0.00291	0.00332	0.00581
28	0.01267	0.01448	0.03167	0.02262	0.02805	0.01357	0.75837	0.01719	0.01267	0.01719	0.01086	0.01448	0.00814	0.00452	0.00633	0.00181	0.00905	0.00633	0.00271	0.00724
29	0.01914	0.01415	0.01520	0.01184	0.01585	0.01565	0.00972	0.66216	0.07249	0.03223	0.04733	0.01472	0.01154	0.00669	0.00538	0.00162	0.00557	0.00513	0.02476	0.00881
30	0.00749	0.00528	0.00667	0.00687	0.00750	0.00536	0.00471	0.00859	0.00958	0.01319	0.07493	0.17828	0.09175	0.29079	0.21937	0.00478	0.00668	0.00899	0.04500	0.00420
31	0.00793	0.00560	0.00702	0.00659	0.00807	0.00506	0.00497	0.01022	0.01462	0.04673	0.60817	0.04159	0.19071	0.01133	0.00630	0.00171	0.00264	0.00987	0.00575	0.00510
32	0.00654	0.00549	0.00571	0.00577	0.00752	0.00466	0.00440	0.00802	0.01237	0.01490	0.08421	0.05171	0.69799	0.01356	0.00641	0.00185	0.00285	0.05644	0.00502	0.00458
33	0.41303	0.01004	0.01050	0.00853	0.01229	0.01032	0.00703	0.06061	0.01296	0.38426	0.01427	0.01348	0.00954	0.00585	0.00442	0.00166	0.00444	0.00419	0.00501	0.00757
34	0.08677	0.00652	0.00719	0.00674	0.00851	0.00652	0.00511	0.05369	0.01239	0.11414	0.07783	0.15932	0.01956	0.02506	0.00524	0.00164	0.00326	0.00709	0.38777	0.00566
35	0.06221	0.01003	0.01235	0.00963	0.01348	0.00960	0.00788	0.17114	0.01657	0.52927	0.01852	0.01737	0.01232	0.03261	0.00591	0.00174	0.00473	0.00522	0.05086	0.00856
36	0.00699	0.00542	0.00636	0.00622	0.00767	0.00479	0.00463	0.00893	0.01364	0.01803	0.41964	0.08636	0.36715	0.01243	0.00636	0.00177	0.00265	0.01072	0.00545	0.00479
37	0.00799	0.00524	0.00683	0.00722	0.00809	0.00483	0.00505	0.00941	0.01195	0.06329	0.24173	0.46541	0.07041	0.05702	0.00769	0.00215	0.00313	0.01249	0.00526	0.00480
38	0.01201	0.00664	0.00837	0.00766	0.00960	0.00619	0.00581	0.01478	0.06446	0.21113	0.25048	0.16650	0.10095	0.04594	0.00693	0.00193	0.00344	0.02061	0.05051	0.00607
39	0.01063	0.01033	0.01700	0.01396	0.01579	0.01182	0.20062	0.01332	0.03753	0.01524	0.06285	0.07422	0.05664	0.04848	0.01167	0.00226	0.30142	0.08694	0.00341	0.00587
40	0.01993	0.02349	0.01500	0.01340	0.01634	0.66742	0.01016	0.06972	0.05250	0.04897	0.00982	0.01077	0.00780	0.00572	0.00493	0.00143	0.00895	0.00376	0.00324	0.00665
41	0.01009	0.00581	0.00770	0.00763	0.00897	0.00531	0.00560	0.01176	0.01274	0.15124	0.25979	0.35816	0.04760	0.04098	0.00717	0.00205	0.00334	0.04317	0.00550	0.00541
42	0.00830	0.00650	0.00792	0.00773	0.00888	0.00678	0.00575	0.01079	0.09645	0.01534	0.13528	0.18163	0.25715	0.01382	0.02152	0.11609	0.08107	0.00962	0.00452	0.00486
43	0.01235	0.11367	0.41129	0.01677	0.02330	0.01408	0.25442	0.05989	0.01252	0.01753	0.00996	0.01212	0.00738	0.00493	0.00532	0.00167	0.00792	0.00465	0.00259	0.00766
44	0.00654	0.00518	0.00590	0.00634	0.00757	0.00454	0.00456	0.00784	0.01172	0.01468	0.08969	0.32244	0.44963	0.01461	0.00655	0.00195	0.00290	0.02781	0.00504	0.00451
45	0.12497	0.00984	0.07520	0.09167	0.02904	0.00902	0.06086	0.03745	0.01195	0.07640	0.12935	0.18272	0.04281	0.01103	0.05303	0.00224	0.03454	0.00776	0.00412	0.00601
46	0.06125	0.00908	0.01226	0.23933	0.06257	0.03483	0.00967	0.04031	0.01142	0.11254	0.01611	0.10343	0.05334	0.03744	0.04609	0.05433	0.05766	0.00634	0.02604	0.00597
47	0.46218	0.08827	0.06625	0.10966	0.01599	0.03803	0.03513	0.01595	0.01034	0.04656	0.03127	0.01122	0.00791	0.00541	0.00459	0.00166	0.03648	0.00371	0.00315	0.00624

[dist]
# distance from previous block
# <min> <max>
1	17

[block]
# block no. 6 follows, 45 sequences, length 101
# corresponding to MSA columns:
# 789-889
name=unknown_G
#
# <colnr> <probs for GDERKNQSTAVLIFYWHMCP>
#	G	D	E	R	K	N	Q	S	T	A	V	L	I	F	Y	W	H	M	C	P
0	0.07299	0.06519	0.21254	0.02750	0.04065	0.01169	0.04852	0.11168	0.07836	0.07515	0.11084	0.05284	0.01547	0.00707	0.00561	0.02128	0.00562	0.00562	0.00398	0.02738
1	0.08416	0.01884	0.24687	0.03213	0.08184	0.13539	0.04732	0.07707	0.01270	0.04101	0.00960	0.01160	0.00744	0.00576	0.00660	0.00166	0.11209	0.00415	0.00294	0.06082
2	0.06999	0.01549	0.01248	0.01121	0.01329	0.33558	0.03096	0.01671	0.06019	0.01459	0.01143	0.01575	0.01026	0.10502	0.12473	0.00301	0.07251	0.00468	0.03955	0.03256
3	0.01222	0.01190	0.01708	0.01430	0.01497	0.01588	0.05920	0.06283	0.00966	0.01457	0.00798	0.01237	0.00751	0.01014	0.04739	0.00252	0.66592	0.00485	0.00259	0.00613
4	0.00786	0.00571	0.00752	0.00778	0.00860	0.00593	0.00558	0.01025	0.07424	0.01493	0.15110	0.29527	0.02790	0.08530	0.21076	0.05609	0.00627	0.00982	0.00434	0.00473
5	0.00768	0.00539	0.00644	0.00670	0.00685	0.00549	0.00414	0.00832	0.02482	0.01171	0.02040	0.25934	0.02371	0.53681	0.02057	0.00416	0.03007	0.00984	0.00378	0.00377
6	0.02063	0.01468	0.01589	0.01218	0.01647	0.01612	0.01006	0.71595	0.02465	0.07868	0.01338	0.01321	0.00938	0.00646	0.00537	0.00161	0.00583	0.00487	0.00545	0.00913
7	0.01245	0.00642	0.00844	0.00801	0.00983	0.00581	0.00596	0.01433	0.03088	0.26081	0.12677	0.39085	0.07274	0.01237	0.00625	0.00192	0.00351	0.01092	0.00565	0.00609
8	0.00957	0.00709	0.00946	0.03457	0.01180	0.00722	0.02628	0.01367	0.12391	0.04150	0.14003	0.08191	0.08536	0.01246	0.00717	0.03160	0.00437	0.34148	0.00499	0.00556
9	0.00688	0.00504	0.00598	0.00651	0.00715	0.00466	0.00430	0.00775	0.01033	0.01339	0.06780	0.37880	0.21337	0.22869	0.01219	0.00288	0.00355	0.01203	0.00456	0.00414
10	0.00796	0.00576	0.00779	0.00882	0.00991	0.00560	0.00728	0.01002	0.01210	0.01580	0.07862	0.21140	0.09613	0.01488	0.00714	0.00231	0.00423	0.48444	0.00502	0.00480
11	0.03432	0.00593	0.00721	0.00761	0.00877	0.00568	0.00551	0.03566	0.03904	0.01635	0.11653	0.47363	0.11663	0.01405	0.00644	0.00199	0.00332	0.05743	0.00499	0.03890
12	0.01229	0.01016	0.01168	0.00852	0.01310	0.00840	0.00685	0.11680	0.01323	0.01990	0.03682	0.01239	0.00961	0.00456	0.00425	0.00094	0.00419	0.00364	0.00358	0.69910
13	0.00778	0.00531	0.00640	0.00640	0.00659	0.00550	0.00393	0.00815	0.00797	0.01081	0.01642	0.03238	0.01832	0.66024	0.17680	0.00587	0.00700	0.00740	0.00318	0.00355
14	0.00823	0.00533	0.00668	0.00704	0.00815	0.00481	0.00501	0.00963	0.01186	0.07924	0.14304	0.44690	0.18908	0.01410	0.00645	0.00196	0.00305	0.01248	0.03203	0.00492
15	0.33439	0.00944	0.01038	0.00853	0.01211	0.00945	0.00698	0.02123	0.03560	0.42346	0.02722	0.02914	0.01188	0.01807	0.00501	0.00174	0.00436	0.01821	0.00523	0.00756
16	0.01281	0.01003	0.01105	0.00977	0.01245	0.01108	0.00762	0.09538	0.45032	0.04986	0.22178	0.02461	0.02464	0.00814	0.00564	0.00175	0.00393	0.00687	0.02465	0.00759
17	0.01476	0.01203	0.01282	0.01102	0.01426	0.01365	0.00871	0.21157	0.53288	0.02526	0.06778	0.01951	0.01675	0.00731	0.00549	0.00176	0.00456	0.00599	0.00547	0.00844
18	0.00789	0.00501	0.00669	0.00759	0.00817	0.00464	0.00516	0.00883	0.01055	0.06952	0.02840	0.72294	0.03315	0.03018	0.00735	0.01675	0.00328	0.01423	0.00503	0.00465
19	0.55581	0.00994	0.00951	0.00795	0.01156	0.01057	0.00655	0.01947	0.01135	0.29347	0.01235	0.01212	0.00847	0.00557	0.00406	0.00166	0.00430	0.00379	0.00450	0.00699
20	0.00654	0.00467	0.00623	0.00747	0.00779	0.00436	0.00498	0.00747	0.01028	0.01370	0.02959	0.80785	0.03550	0.01682	0.00685	0.00218	0.00311	0.01526	0.00498	0.00436
21	0.00685	0.00474	0.00616	0.00723	0.00762	0.00445	0.00484	0.00789	0.01038	0.01421	0.04830	0.70634	0.03387	0.04519	0.00738	0.00222	0.00313	0.01415	0.06065	0.00438
22	0.01135	0.03933	0.01636	0.27729	0.22149	0.01120	0.04019	0.01416	0.01121	0.03996	0.04895	0.01668	0.02444	0.00896	0.06721	0.02322	0.05755	0.00522	0.05874	0.00649
23	0.01140	0.01039	0.01417	0.03609	0.01349	0.01373	0.01010	0.07335	0.00972	0.01434	0.00969	0.01567	0.00943	0.09438	0.13287	0.00350	0.51401	0.00518	0.00277	0.00572
24	0.02005	0.02558	0.01521	0.01383	0.01659	0.78980	0.01037	0.02143	0.01521	0.01314	0.00830	0.00968	0.00691	0.00553	0.00484	0.00138	0.00968	0.00346	0.00277	0.00622
25	0.00916	0.00471	0.00682	0.00686	0.00692	0.00470	0.00455	0.00726	0.00731	0.00993	0.01076	0.04300	0.01098	0.06885	0.02030	0.73222	0.00457	0.00522	0.03334	0.00255
26	0.00810	0.00595	0.00834	0.00822	0.00911	0.00674	0.00617	0.03328	0.00900	0.01276	0.01481	0.02348	0.01443	0.18477	0.62094	0.00776	0.01237	0.00611	0.00303	0.00464
27	0.01113	0.00954	0.01113	0.00795	0.01272	0.00716	0.00636	0.01352	0.01113	0.01749	0.00954	0.01113	0.00795	0.00398	0.00398	0.00080	0.00398	0.00318	0.00318	0.84417
28	0.02297	0.01093	0.01357	0.01040	0.01460	0.01055	0.00859	0.24893	0.01836	0.55458	0.01866	0.01664	0.01203	0.00658	0.00539	0.00165	0.00497	0.00523	0.00626	0.00913
29	0.01326	0.01202	0.03993	0.44786	0.09228	0.05675	0.04770	0.09965	0.02792	0.07330	0.01155	0.03390	0.00885	0.00582	0.00541	0.00173	0.00686	0.00508	0.00322	0.00691
30	0.00966	0.00584	0.00755	0.00693	0.00849	0.00543	0.00529	0.01211	0.01448	0.10292	0.57420	0.03462	0.04079	0.01118	0.03861	0.00192	0.00324	0.00853	0.10272	0.00549
31	0.00781	0.00520	0.00585	0.00585	0.00585	0.00520	0.00325	0.00781	0.00781	0.01041	0.01691	0.03513	0.01952	0.81135	0.02732	0.00520	0.00520	0.00781	0.00325	0.00325
32	0.00760	0.00549	0.00718	0.00675	0.00802	0.00506	0.00506	0.01013	0.01519	0.02153	0.77503	0.04010	0.05065	0.01097	0.00633	0.00169	0.00253	0.00971	0.00591	0.00506
33	0.84927	0.01038	0.00789	0.00706	0.01038	0.01204	0.00581	0.01578	0.00914	0.02408	0.00747	0.00872	0.00581	0.00498	0.00332	0.00166	0.00415	0.00291	0.00332	0.00581
34	0.01435	0.81458	0.02813	0.00918	0.01378	0.02124	0.00918	0.01607	0.01091	0.01263	0.00746	0.00861	0.00689	0.00459	0.00344	0.00115	0.00574	0.00287	0.00230	0.00689
35	0.01307	0.01124	0.01190	0.01072	0.01367	0.01295	0.00833	0.02763	0.73140	0.02241	0.05863	0.02101	0.01806	0.00746	0.00550	0.00181	0.00416	0.00625	0.00548	0.00833
36	0.00776	0.00540	0.00685	0.00685	0.00719	0.00574	0.00449	0.00845	0.00810	0.01115	0.01600	0.03009	0.01733	0.53440	0.30128	0.00643	0.00850	0.00707	0.00312	0.00381
37	0.01060	0.00627	0.00645	0.00610	0.00781	0.00645	0.00464	0.01513	0.13289	0.02028	0.01782	0.01958	0.01390	0.00631	0.00404	0.00132	0.00285	0.00509	0.66594	0.04654
38	0.00920	0.00821	0.00944	0.00927	0.01045	0.10374	0.00716	0.01105	0.00944	0.01254	0.01362	0.01967	0.01261	0.03596	0.69278	0.00773	0.01380	0.00547	0.00286	0.00497
39	0.00858	0.00614	0.00795	0.00770	0.00847	0.00674	0.00548	0.05920	0.00939	0.01302	0.01536	0.02650	0.01572	0.36567	0.41326	0.00670	0.00991	0.00656	0.00320	0.00443
40	0.04151	0.00956	0.01260	0.00968	0.01383	0.00856	0.00800	0.07483	0.01589	0.71555	0.02033	0.01771	0.01285	0.00659	0.00535	0.00166	0.00465	0.00531	0.00649	0.00906
41	0.84927	0.01038	0.00789	0.00706	0.01038	0.01204	0.00581	0.01578	0.00914	0.02408	0.00747	0.00872	0.00581	0.00498	0.00332	0.00166	0.00415	0.00291	0.00332	0.00581
42	0.00847	0.00607	0.00840	0.00940	0.01065	0.00600	0.00810	0.01094	0.01273	0.01677	0.12869	0.05768	0.04515	0.01429	0.00725	0.00236	0.00459	0.63244	0.00507	0.00495
43	0.01385	0.01080	0.01167	0.01030	0.01332	0.01205	0.00806	0.06574	0.57551	0.08492	0.06348	0.02267	0.06814	0.00780	0.00556	0.00179	0.00417	0.00649	0.00555	0.00814
44	0.00747	0.00515	0.00587	0.00605	0.00628	0.00501	0.00359	0.00775	0.00861	0.01130	0.02249	0.15044	0.09684	0.61537	0.02223	0.00442	0.00465	0.00925	0.00368	0.00354
45	0.04288	0.00916	0.01235	0.00949	0.01363	0.00798	0.00784	0.02592	0.01522	0.76433	0.02087	0.01805	0.01312	0.00661	0.00535	0.00166	0.00456	0.00534	0.00657	0.00906
46	0.00856	0.00590	0.00754	0.00700	0.00846	0.00557	0.00529	0.01169	0.05184	0.04949	0.68639	0.03767	0.04643	0.01048	0.00617	0.00168	0.00269	0.00922	0.03252	0.00538
47	0.01296	0.00656	0.00843	0.00731	0.00951	0.00590	0.00571	0.01528	0.01455	0.25765	0.39604	0.03144	0.08062	0.00918	0.00571	0.00163	0.00317	0.00786	0.11419	0.00629
48	0.68690	0.01014	0.00879	0.00755	0.01103	0.01122	0.00622	0.01782	0.01036	0.17314	0.01017	0.01060	0.00728	0.00531	0.00373	0.00166	0.00423	0.00340	0.00398	0.00647
49	0.00642	0.00544	0.00555	0.00552	0.00730	0.00457	0.00414	0.00786	0.01242	0.01495	0.10048	0.05092	0.72930	0.01343	0.00634	0.00180	0.00271	0.01123	0.00504	0.00457
50	0.00849	0.00711	0.00992	0.00971	0.01018	0.00815	0.03090	0.02669	0.01002	0.01388	0.02197	0.51080	0.02564	0.06049	0.01081	0.00238	0.21231	0.01154	0.00413	0.00489
51	0.81487	0.01033	0.00808	0.00716	0.01052	0.01187	0.00590	0.01621	0.00939	0.05566	0.00805	0.00912	0.00612	0.00505	0.00341	0.00166	0.00417	0.00301	0.00346	0.00595
52	0.01174	0.01174	0.01644	0.01409	0.01409	0.01644	0.01174	0.01292	0.00822	0.01292	0.00705	0.01174	0.00705	0.00940	0.01762	0.00235	0.80153	0.00470	0.00235	0.00587
53	0.00780	0.00522	0.00593	0.00593	0.00595	0.00524	0.00335	0.00785	0.00783	0.01046	0.01685	0.03475	0.01935	0.79067	0.04778	0.00530	0.00545	0.00775	0.00324	0.00329
54	0.01900	0.01423	0.01535	0.01175	0.01606	0.01535	0.00966	0.64056	0.05083	0.03139	0.01280	0.01293	0.00925	0.00617	0.00520	0.00152	0.00561	0.00467	0.00510	0.11257
55	0.01248	0.01185	0.01983	0.02959	0.68241	0.01176	0.01498	0.01549	0.01234	0.01745	0.04479	0.01757	0.07417	0.00577	0.00544	0.00162	0.00592	0.00553	0.00298	0.00803
56	0.01386	0.01154	0.01236	0.01102	0.01407	0.01318	0.00873	0.12022	0.61144	0.02338	0.02125	0.02245	0.01665	0.00780	0.00561	0.00185	0.00452	0.06639	0.00541	0.00828
57	0.00654	0.00467	0.00623	0.00747	0.00779	0.00436	0.00498	0.00747	0.01028	0.01370	0.02959	0.80785	0.03550	0.01682	0.00685	0.00218	0.00311	0.01526	0.00498	0.00436
58	0.00691	0.00487	0.00625	0.00721	0.00780	0.00454	0.00499	0.00814	0.01090	0.01479	0.08029	0.61792	0.09096	0.01543	0.00660	0.00207	0.00308	0.04423	0.05854	0.00449
59	0.00668	0.00473	0.00619	0.00729	0.00757	0.00446	0.00479	0.00751	0.01000	0.01333	0.02816	0.72068	0.03370	0.10644	0.00916	0.00252	0.00335	0.01442	0.00479	0.00424
60	0.00756	0.00515	0.00614	0.00652	0.00667	0.00507	0.00403	0.00796	0.00870	0.01158	0.02070	0.21979	0.02408	0.56851	0.02111	0.00430	0.00469	0.06004	0.00378	0.00363
61	0.00775	0.00530	0.00621	0.00644	0.00670	0.00524	0.00408	0.00819	0.00875	0.01153	0.02101	0.09057	0.05891	0.62077	0.02247	0.00450	0.00491	0.09941	0.00366	0.00360
62	0.01002	0.00604	0.00744	0.00744	0.00899	0.00551	0.00548	0.01182	0.03869	0.14993	0.03409	0.33926	0.23985	0.05753	0.00756	0.00216	0.00352	0.05410	0.00520	0.00537
63	0.01113	0.00954	0.01113	0.00795	0.01272	0.00716	0.00636	0.01352	0.01113	0.01749	0.00954	0.01113	0.00795	0.00398	0.00398	0.00080	0.00398	0.00318	0.00318	0.84417
64	0.01267	0.01448	0.03167	0.02262	0.02805	0.01357	0.75837	0.01719	0.01267	0.01719	0.01086	0.01448	0.00814	0.00452	0.00633	0.00181	0.00905	0.00633	0.00271	0.00724
65	0.00701	0.00530	0.00640	0.00644	0.00769	0.00474	0.00470	0.00873	0.01307	0.01737	0.37092	0.18468	0.29628	0.01314	0.00680	0.02281	0.00276	0.01116	0.00533	0.00468
66	0.00829	0.00551	0.00685	0.00727	0.00845	0.00502	0.00525	0.00990	0.02834	0.08038	0.07149	0.45431	0.22614	0.01452	0.00656	0.00202	0.00322	0.04632	0.00518	0.00497
67	0.02005	0.02558	0.01521	0.01383	0.01659	0.78980	0.01037	0.02143	0.01521	0.01314	0.00830	0.00968	0.00691	0.00553	0.00484	0.00138	0.00968	0.00346	0.00277	0.00622
68	0.00781	0.00520	0.00585	0.00585	0.00585	0.00520	0.00325	0.00781	0.00781	0.01041	0.01691	0.03513	0.01952	0.81135	0.02732	0.00520	0.00520	0.00781	0.00325	0.00325
69	0.00743	0.00506	0.00652	0.00721	0.00796	0.00464	0.00498	0.00865	0.01130	0.04678	0.13245	0.57164	0.11464	0.03506	0.00718	0.00213	0.00311	0.01350	0.00513	0.00465
70	0.00751	0.00533	0.00757	0.00784	0.00861	0.00568	0.00579	0.00865	0.00934	0.01288	0.05109	0.20831	0.07548	0.02894	0.42187	0.10953	0.00920	0.00842	0.00358	0.00438
