[name]
unknown

[dist]
# distance from previous block
# <min> <max>
0	52

[block]
# block no. 0 follows, 42 sequences, length 24
# corresponding to MSA columns:
# 52-75
name=unknown_A
#
# <colnr> <probs for GDERKNQSTAVLIFYWHMCP>
#	G	D	E	R	K	N	Q	S	T	A	V	L	I	F	Y	W	H	M	C	P
0	0.00870	0.00620	0.00851	0.00949	0.01065	0.00612	0.00796	0.01104	0.01294	0.01711	0.12971	0.11374	0.03492	0.05862	0.00873	0.00261	0.00471	0.53795	0.00523	0.00506
1	0.01093	0.00927	0.01531	0.59424	0.06398	0.01106	0.01364	0.01388	0.01117	0.04399	0.01246	0.08873	0.01077	0.00781	0.00699	0.06395	0.00677	0.00605	0.00294	0.00606
2	0.00874	0.00586	0.00733	0.00713	0.00862	0.00526	0.00528	0.01077	0.01427	0.07501	0.41034	0.18599	0.20837	0.01295	0.00667	0.00189	0.00297	0.01133	0.00585	0.00536
3	0.00694	0.00553	0.00622	0.00644	0.00788	0.00481	0.00468	0.00848	0.01292	0.01634	0.17901	0.22286	0.46899	0.01453	0.00677	0.00197	0.00291	0.01252	0.00540	0.00481
4	0.01341	0.01046	0.01141	0.01002	0.01292	0.01138	0.00784	0.12298	0.38634	0.05611	0.16480	0.02821	0.12185	0.00909	0.00600	0.00184	0.00416	0.00760	0.00579	0.00780
5	0.68216	0.01130	0.00962	0.00823	0.01190	0.01278	0.00678	0.09742	0.01198	0.09044	0.00969	0.01048	0.00715	0.00554	0.00390	0.00174	0.00459	0.00349	0.00402	0.00677
6	0.01505	0.80561	0.02949	0.00963	0.01444	0.02227	0.00963	0.01685	0.01143	0.01324	0.00782	0.00903	0.00722	0.00481	0.00361	0.00120	0.00602	0.00301	0.00241	0.00722
7	0.01121	0.06437	0.69566	0.01517	0.02296	0.01304	0.01935	0.01724	0.01191	0.01746	0.01258	0.01408	0.04901	0.00581	0.00534	0.00176	0.00791	0.00453	0.00254	0.00807
8	0.04471	0.00905	0.00968	0.00925	0.01149	0.01006	0.00716	0.02115	0.39328	0.02138	0.02266	0.10839	0.01957	0.00906	0.00553	0.00185	0.00393	0.07159	0.21314	0.00708
9	0.84197	0.01088	0.00827	0.00740	0.01088	0.01262	0.00609	0.01654	0.00958	0.02525	0.00784	0.00914	0.00609	0.00522	0.00348	0.00174	0.00435	0.00305	0.00348	0.00609
10	0.00782	0.00518	0.00684	0.00786	0.00847	0.00477	0.00535	0.00888	0.01114	0.05440	0.03163	0.72644	0.06620	0.01693	0.00708	0.00224	0.00333	0.01528	0.00532	0.00484
11	0.00723	0.00534	0.00678	0.00734	0.00826	0.00489	0.00522	0.00884	0.01275	0.01707	0.25699	0.42236	0.16216	0.01515	0.00695	0.00208	0.00308	0.03717	0.00552	0.00484
12	0.01393	0.01337	0.02284	0.03454	0.76712	0.01337	0.01727	0.01727	0.01281	0.01839	0.01059	0.01393	0.00891	0.00501	0.00557	0.00167	0.00669	0.00501	0.00279	0.00891
13	0.01450	0.01641	0.15900	0.01269	0.01670	0.09569	0.04571	0.20150	0.14156	0.02278	0.09057	0.12322	0.01814	0.00838	0.00589	0.00182	0.00614	0.00701	0.00460	0.00770
14	0.00982	0.00713	0.00811	0.00755	0.00925	0.00706	0.00553	0.03745	0.13198	0.04778	0.21877	0.03798	0.23815	0.15014	0.01112	0.04859	0.00381	0.00906	0.00516	0.00554
15	0.04557	0.14710	0.12611	0.07864	0.01736	0.01226	0.05187	0.09110	0.01406	0.13152	0.05123	0.08910	0.10489	0.00806	0.00553	0.00174	0.00568	0.00669	0.00424	0.00725
16	0.00836	0.00627	0.00768	0.00757	0.00918	0.00542	0.00533	0.00980	0.01108	0.01569	0.04239	0.45162	0.06219	0.07174	0.00782	0.00208	0.00358	0.01136	0.05134	0.20950
17	0.01325	0.08301	0.50347	0.01466	0.02125	0.04626	0.01699	0.08757	0.09382	0.01942	0.01147	0.01275	0.00847	0.00588	0.00579	0.00176	0.03845	0.00440	0.00307	0.00826
18	0.04690	0.01044	0.01308	0.07727	0.11411	0.04643	0.00955	0.08867	0.04455	0.12955	0.07891	0.15286	0.05588	0.00922	0.00681	0.00187	0.06356	0.00765	0.03564	0.00705
19	0.19931	0.03300	0.04849	0.01473	0.10343	0.12335	0.05063	0.13495	0.05657	0.08811	0.01179	0.01304	0.00894	0.00616	0.00599	0.00173	0.06481	0.00453	0.02274	0.00769
20	0.01202	0.05692	0.18067	0.17740	0.14988	0.01304	0.01402	0.01869	0.18252	0.01790	0.01730	0.01879	0.08086	0.00681	0.00593	0.00181	0.02859	0.00567	0.00351	0.00767
21	0.07649	0.05353	0.04767	0.03452	0.03277	0.01137	0.13634	0.06033	0.10737	0.15826	0.05115	0.02072	0.07834	0.02478	0.00605	0.00180	0.00557	0.00612	0.04091	0.04591
22	0.01353	0.01460	0.05987	0.08419	0.10274	0.13489	0.11551	0.05880	0.10010	0.01834	0.06138	0.09445	0.02573	0.00813	0.01820	0.00191	0.03993	0.00662	0.01512	0.02596
23	0.01232	0.05532	0.01463	0.09904	0.12017	0.09395	0.04550	0.04188	0.01414	0.05102	0.19800	0.06311	0.12079	0.00893	0.00627	0.00177	0.02311	0.01922	0.00432	0.00652

[dist]
# distance from previous block
# <min> <max>
2	59

[block]
# block no. 1 follows, 42 sequences, length 15
# corresponding to MSA columns:
# 135-149
name=unknown_B
#
# <colnr> <probs for GDERKNQSTAVLIFYWHMCP>
#	G	D	E	R	K	N	Q	S	T	A	V	L	I	F	Y	W	H	M	C	P
0	0.02945	0.04245	0.06529	0.06517	0.07439	0.01220	0.01021	0.18244	0.12947	0.05209	0.06183	0.05674	0.04412	0.00719	0.00545	0.00163	0.00528	0.00594	0.00451	0.14417
1	0.01305	0.01347	0.02766	0.02025	0.02531	0.01249	0.56568	0.01725	0.01320	0.04457	0.01388	0.02088	0.01161	0.00608	0.00653	0.00188	0.00833	0.09408	0.00332	0.08049
2	0.05955	0.01300	0.03931	0.04980	0.04620	0.05865	0.00990	0.18895	0.09363	0.32305	0.01718	0.01646	0.01178	0.00662	0.00543	0.00172	0.00562	0.00522	0.03917	0.00875
3	0.01063	0.01000	0.01688	0.78870	0.03876	0.01250	0.01563	0.01438	0.01125	0.01438	0.01000	0.01500	0.00750	0.00563	0.00563	0.00188	0.00750	0.00500	0.00250	0.00625
4	0.08752	0.05304	0.08761	0.06396	0.03383	0.04274	0.01046	0.17761	0.04582	0.24925	0.04231	0.05390	0.01318	0.00704	0.00542	0.00174	0.00573	0.00559	0.00500	0.00827
5	0.01405	0.05324	0.01679	0.30890	0.09736	0.20085	0.01276	0.01852	0.11323	0.01574	0.01206	0.03927	0.00996	0.00722	0.02345	0.00192	0.03950	0.00512	0.00315	0.00690
6	0.59474	0.01165	0.01044	0.00874	0.01251	0.01304	0.00721	0.15527	0.01349	0.11215	0.01054	0.01110	0.00764	0.00571	0.00413	0.00173	0.00475	0.00372	0.00428	0.00714
7	0.01014	0.00633	0.00764	0.00697	0.00901	0.00554	0.00535	0.01221	0.01467	0.13741	0.35397	0.04346	0.34214	0.01193	0.00649	0.00182	0.00307	0.01017	0.00591	0.00575
8	0.01148	0.01218	0.08379	0.16558	0.08680	0.01119	0.16222	0.05220	0.07601	0.01945	0.18414	0.07364	0.02105	0.00773	0.00615	0.00185	0.00621	0.00729	0.00403	0.00700
9	0.01619	0.10387	0.01638	0.11154	0.08333	0.01315	0.01049	0.18070	0.01525	0.15389	0.01384	0.01580	0.01055	0.01121	0.11000	0.00267	0.05735	0.00505	0.06106	0.00769
10	0.00866	0.00566	0.00748	0.00824	0.00924	0.00527	0.00610	0.01018	0.01210	0.06983	0.08169	0.48581	0.09973	0.01576	0.00710	0.00224	0.00366	0.15074	0.00541	0.00511
11	0.01788	0.03657	0.01119	0.00887	0.01195	0.04698	0.00712	0.05982	0.09126	0.31994	0.04888	0.01975	0.01519	0.00694	0.00505	0.00159	0.00435	0.00555	0.27344	0.00771
12	0.00982	0.00548	0.00765	0.00751	0.00788	0.00546	0.00510	0.00871	0.03647	0.01101	0.01181	0.02071	0.01190	0.10040	0.02086	0.65502	0.00491	0.03028	0.00280	0.03622
13	0.01319	0.06280	0.01229	0.00991	0.01236	0.01093	0.00792	0.15474	0.12824	0.07344	0.05124	0.13799	0.06723	0.01510	0.13006	0.00302	0.03821	0.02832	0.03608	0.00693
14	0.09639	0.08911	0.15666	0.07692	0.04957	0.05907	0.05015	0.05741	0.03861	0.16072	0.01238	0.01354	0.00905	0.00599	0.00600	0.00170	0.05928	0.00456	0.00377	0.04909

[dist]
# distance from previous block
# <min> <max>
0	40

[block]
# block no. 2 follows, 42 sequences, length 19
# corresponding to MSA columns:
# 190-208
name=unknown_C
#
# <colnr> <probs for GDERKNQSTAVLIFYWHMCP>
#	G	D	E	R	K	N	Q	S	T	A	V	L	I	F	Y	W	H	M	C	P
0	0.04463	0.01416	0.04560	0.08209	0.09070	0.12640	0.05749	0.08227	0.05854	0.13112	0.01388	0.04273	0.01111	0.04231	0.00686	0.00183	0.03159	0.00533	0.01384	0.09753
1	0.03755	0.17728	0.06210	0.04567	0.01874	0.15467	0.09527	0.18823	0.09011	0.02083	0.01249	0.01522	0.01011	0.00631	0.00528	0.00165	0.00716	0.03981	0.00379	0.00774
2	0.00837	0.00623	0.00736	0.00715	0.00826	0.00615	0.00500	0.01118	0.08362	0.01712	0.28708	0.08110	0.13516	0.25809	0.05100	0.00332	0.00436	0.00955	0.00495	0.00494
3	0.06085	0.00874	0.01075	0.00919	0.01173	0.00893	0.00729	0.06313	0.08659	0.23185	0.29530	0.05142	0.02838	0.00913	0.00678	0.00182	0.05859	0.00749	0.03484	0.00719
4	0.01302	0.00980	0.08298	0.00922	0.01209	0.00793	0.00794	0.10013	0.01606	0.16778	0.34245	0.11974	0.06690	0.01032	0.00627	0.00182	0.00411	0.00888	0.00575	0.00681
5	0.24219	0.00867	0.00999	0.00865	0.01170	0.00846	0.00683	0.01914	0.01313	0.35713	0.06145	0.19241	0.01919	0.00913	0.00546	0.00186	0.00421	0.00752	0.00559	0.00727
6	0.01067	0.00978	0.01606	0.57368	0.10336	0.01181	0.01420	0.01394	0.01124	0.01496	0.01223	0.08964	0.01072	0.00696	0.00637	0.00190	0.04705	0.00606	0.03307	0.00631
7	0.11021	0.00966	0.01279	0.09648	0.07974	0.00995	0.00933	0.04028	0.04777	0.28716	0.06567	0.08565	0.04393	0.00832	0.00632	0.00187	0.04319	0.02900	0.00510	0.00757
8	0.09761	0.19346	0.01879	0.01439	0.08798	0.38352	0.01064	0.06913	0.01476	0.04800	0.00949	0.01077	0.00773	0.00557	0.00471	0.00147	0.00787	0.00375	0.00319	0.00720
9	0.67432	0.01101	0.00933	0.00794	0.01167	0.01219	0.00652	0.05837	0.01107	0.06339	0.00910	0.01014	0.00691	0.00530	0.00378	0.00165	0.00446	0.00332	0.00377	0.08576
10	0.01492	0.03476	0.01382	0.02540	0.09700	0.05392	0.00928	0.17512	0.05446	0.10519	0.15243	0.03357	0.09374	0.00976	0.03262	0.01243	0.05332	0.00680	0.01407	0.00737
11	0.08784	0.00616	0.00738	0.00709	0.00857	0.00591	0.00531	0.01076	0.01464	0.02158	0.57726	0.10813	0.09544	0.01164	0.00638	0.00182	0.00289	0.01013	0.00578	0.00528
12	0.01266	0.15421	0.38042	0.04794	0.09420	0.01486	0.10488	0.01870	0.08647	0.01756	0.01119	0.01303	0.00851	0.00539	0.00528	0.00170	0.00750	0.00460	0.00282	0.00808
13	0.09136	0.00919	0.01003	0.03098	0.03797	0.03486	0.00722	0.11071	0.10750	0.02150	0.13694	0.18861	0.02386	0.03058	0.02345	0.00207	0.00450	0.00826	0.11404	0.00637
14	0.00955	0.00619	0.00936	0.01047	0.08112	0.00644	0.00673	0.00929	0.00922	0.01278	0.08029	0.07028	0.01613	0.02139	0.16280	0.44800	0.02649	0.00631	0.00310	0.00405
15	0.14024	0.15067	0.22116	0.03532	0.04270	0.05982	0.06065	0.08327	0.05453	0.08456	0.01144	0.01253	0.00851	0.00561	0.00493	0.00166	0.00674	0.00431	0.00349	0.00786
16	0.12364	0.05034	0.10952	0.10002	0.01665	0.01037	0.00990	0.03781	0.04809	0.18566	0.12591	0.04195	0.05212	0.00782	0.00550	0.00178	0.00514	0.03486	0.00469	0.02823
17	0.01731	0.20406	0.04376	0.03839	0.01727	0.12227	0.04803	0.23588	0.06594	0.05604	0.02506	0.01407	0.01023	0.03410	0.00653	0.00175	0.04274	0.00473	0.00399	0.00785
18	0.13509	0.01266	0.04014	0.04970	0.08860	0.05203	0.08183	0.03972	0.04177	0.06608	0.06341	0.01635	0.02824	0.00835	0.03500	0.00212	0.18267	0.00532	0.00359	0.04734

[dist]
# distance from previous block
# <min> <max>
21	86

[block]
# block no. 3 follows, 42 sequences, length 19
# corresponding to MSA columns:
# 301-319
name=unknown_D
#
# <colnr> <probs for GDERKNQSTAVLIFYWHMCP>
#	G	D	E	R	K	N	Q	S	T	A	V	L	I	F	Y	W	H	M	C	P
0	0.25613	0.08975	0.09167	0.10374	0.01819	0.11634	0.03347	0.09313	0.07969	0.02105	0.01088	0.01239	0.00837	0.00573	0.00469	0.00167	0.00635	0.00417	0.03549	0.00712
1	0.04233	0.01201	0.01582	0.17868	0.05695	0.01368	0.04431	0.27809	0.04938	0.02306	0.03578	0.06431	0.01268	0.03954	0.03959	0.00230	0.07379	0.00608	0.00416	0.00745
2	0.00766	0.00572	0.00718	0.00758	0.00865	0.00538	0.00549	0.01005	0.04672	0.01793	0.29409	0.35726	0.13904	0.01445	0.00688	0.00205	0.00315	0.05005	0.00559	0.00508
3	0.00961	0.00631	0.00766	0.00743	0.00890	0.00606	0.00546	0.01277	0.07695	0.07063	0.31955	0.18951	0.10076	0.05292	0.00745	0.00204	0.00324	0.01022	0.09695	0.00560
4	0.01680	0.01012	0.01515	0.11861	0.01847	0.01030	0.09549	0.04495	0.07890	0.30632	0.09445	0.06062	0.01740	0.00775	0.00666	0.00185	0.05191	0.00667	0.02978	0.00780
5	0.05523	0.00740	0.00839	0.00738	0.00976	0.00726	0.00578	0.04849	0.04640	0.21623	0.05011	0.05563	0.01643	0.00736	0.00477	0.00155	0.00353	0.00598	0.43559	0.00673
6	0.01688	0.15542	0.01706	0.01187	0.01519	0.15551	0.00967	0.20256	0.18423	0.03487	0.01436	0.05020	0.01191	0.02514	0.00686	0.01747	0.05349	0.00530	0.00429	0.00774
7	0.06007	0.14200	0.10145	0.01158	0.01585	0.01400	0.04371	0.17963	0.12259	0.10231	0.06433	0.01876	0.01442	0.00699	0.00532	0.00170	0.00562	0.04052	0.04117	0.00800
8	0.05292	0.04757	0.10822	0.01206	0.01561	0.07998	0.05684	0.07932	0.06944	0.14706	0.01710	0.07998	0.04194	0.03385	0.07322	0.00255	0.06453	0.00625	0.00424	0.00731
9	0.84197	0.01088	0.00827	0.00740	0.01088	0.01262	0.00609	0.01654	0.00958	0.02525	0.00784	0.00914	0.00609	0.00522	0.00348	0.00174	0.00435	0.00305	0.00348	0.00609
10	0.05321	0.15373	0.05855	0.10978	0.06408	0.20244	0.03274	0.07669	0.10506	0.01786	0.01332	0.02617	0.03974	0.00635	0.00531	0.00164	0.01775	0.00485	0.00344	0.00729
11	0.00888	0.00596	0.00767	0.00725	0.00877	0.00543	0.00549	0.01129	0.01528	0.06798	0.58667	0.07940	0.12449	0.01192	0.00664	0.00183	0.00291	0.03058	0.00606	0.00548
12	0.01253	0.01167	0.09071	0.05380	0.06168	0.01030	0.10491	0.09484	0.05782	0.07660	0.09996	0.10086	0.01892	0.07363	0.10319	0.00302	0.00706	0.00734	0.00425	0.00692
13	0.00834	0.00756	0.03971	0.01073	0.10805	0.00641	0.00718	0.01065	0.01374	0.01853	0.32558	0.14411	0.25405	0.01206	0.00652	0.00187	0.00355	0.01056	0.00518	0.00564
14	0.00953	0.00704	0.00945	0.11447	0.03241	0.00723	0.00721	0.03274	0.04637	0.04928	0.21835	0.20191	0.09612	0.10026	0.04009	0.00261	0.00465	0.00989	0.00486	0.00556
15	0.06715	0.18771	0.01924	0.07646	0.09954	0.13592	0.01125	0.12095	0.01445	0.10279	0.01079	0.01239	0.00847	0.00621	0.00654	0.00166	0.10298	0.00431	0.00357	0.00761
16	0.01260	0.00901	0.01117	0.01034	0.05111	0.00855	0.00741	0.01687	0.14586	0.10929	0.04892	0.13582	0.01824	0.07848	0.00849	0.02995	0.02814	0.01859	0.00456	0.24661
17	0.01344	0.14958	0.08068	0.01240	0.06718	0.11137	0.00978	0.04554	0.06896	0.05633	0.01707	0.23308	0.01710	0.01004	0.00701	0.05192	0.03035	0.00762	0.00391	0.00663
18	0.01654	0.04533	0.06113	0.01676	0.10822	0.07122	0.14919	0.10519	0.09422	0.13472	0.01366	0.01478	0.01014	0.00599	0.00623	0.00168	0.04811	0.00517	0.00409	0.08763

[dist]
# distance from previous block
# <min> <max>
7	47

[block]
# block no. 4 follows, 42 sequences, length 7
# corresponding to MSA columns:
# 369-375
name=unknown_E
#
# <colnr> <probs for GDERKNQSTAVLIFYWHMCP>
#	G	D	E	R	K	N	Q	S	T	A	V	L	I	F	Y	W	H	M	C	P
0	0.07393	0.00894	0.03584	0.00923	0.01168	0.00845	0.02907	0.09731	0.06221	0.08067	0.30234	0.14088	0.07005	0.01065	0.00623	0.00188	0.00405	0.03463	0.00550	0.00644
1	0.36118	0.01434	0.01348	0.09376	0.10681	0.15661	0.00989	0.07575	0.01327	0.09198	0.01035	0.01180	0.00780	0.00563	0.00463	0.00169	0.00623	0.00400	0.00368	0.00713
2	0.18775	0.04631	0.10173	0.06488	0.06245	0.05185	0.09719	0.05396	0.08178	0.07404	0.01160	0.01330	0.00883	0.00604	0.00636	0.00178	0.08271	0.00465	0.00357	0.03922
3	0.09254	0.23450	0.05283	0.04910	0.01690	0.03926	0.07598	0.05021	0.01284	0.08461	0.02804	0.01258	0.00929	0.00521	0.00458	0.00137	0.00584	0.00409	0.00344	0.21677
4	0.00764	0.00630	0.00887	0.00838	0.00987	0.00570	0.07443	0.00931	0.01231	0.01599	0.14535	0.31006	0.28534	0.06388	0.00822	0.00224	0.00376	0.01235	0.00503	0.00495
5	0.01694	0.03632	0.09967	0.01296	0.01671	0.15514	0.04845	0.14318	0.09995	0.12850	0.03463	0.05149	0.04241	0.00759	0.00684	0.00179	0.07937	0.00583	0.00443	0.00780
6	0.01566	0.01200	0.01318	0.10939	0.04632	0.08345	0.00959	0.12756	0.18685	0.12407	0.05086	0.02217	0.06110	0.00767	0.00565	0.00177	0.00546	0.03421	0.07537	0.00768

[dist]
# distance from previous block
# <min> <max>
6	13

[block]
# block no. 5 follows, 42 sequences, length 20
# corresponding to MSA columns:
# 397-416
name=unknown_F
#
# <colnr> <probs for GDERKNQSTAVLIFYWHMCP>
#	G	D	E	R	K	N	Q	S	T	A	V	L	I	F	Y	W	H	M	C	P
0	0.08100	0.10881	0.01535	0.03396	0.06195	0.12262	0.00953	0.03238	0.26000	0.09279	0.04553	0.05475	0.01452	0.00727	0.00575	0.00174	0.03424	0.00567	0.00447	0.00769
1	0.04391	0.00913	0.01228	0.14535	0.07366	0.01017	0.00942	0.01648	0.15656	0.05612	0.22407	0.10146	0.03517	0.00929	0.00705	0.00191	0.06876	0.00782	0.00473	0.00667
2	0.00868	0.00573	0.00696	0.00712	0.00843	0.00512	0.00508	0.01007	0.01244	0.08303	0.14025	0.33193	0.26807	0.07027	0.00832	0.00227	0.00334	0.01239	0.00539	0.00510
3	0.12511	0.00925	0.01173	0.00934	0.01314	0.00845	0.00758	0.02391	0.01482	0.58933	0.05560	0.04680	0.01585	0.03546	0.00630	0.00189	0.00460	0.00600	0.00631	0.00855
4	0.01017	0.00637	0.00769	0.00731	0.00922	0.00568	0.00554	0.01231	0.03110	0.13594	0.22008	0.15983	0.32202	0.01283	0.00658	0.00192	0.00327	0.03065	0.00575	0.00573
5	0.74285	0.01021	0.00791	0.00714	0.01037	0.01174	0.00584	0.01613	0.00984	0.02474	0.00909	0.01055	0.00709	0.00538	0.00354	0.00169	0.00415	0.00331	0.10243	0.00599
6	0.74299	0.01078	0.00868	0.00751	0.01118	0.01201	0.00616	0.01626	0.00983	0.02443	0.00809	0.00944	0.00636	0.00510	0.00356	0.00163	0.00433	0.00308	0.00346	0.10511
7	0.01200	0.01158	0.01821	0.32818	0.36390	0.03766	0.01486	0.01521	0.01230	0.01627	0.01583	0.01902	0.09842	0.00638	0.00571	0.00177	0.00667	0.00578	0.00297	0.00729
8	0.01317	0.16700	0.54935	0.01452	0.02175	0.01524	0.01758	0.10474	0.01354	0.01910	0.01010	0.01156	0.00744	0.00542	0.00507	0.00167	0.00765	0.00406	0.00277	0.00827
9	0.01318	0.01223	0.01566	0.43602	0.02781	0.08365	0.01292	0.10347	0.06608	0.01798	0.03229	0.01562	0.01003	0.00652	0.00670	0.00184	0.07884	0.00513	0.04727	0.00677
10	0.04456	0.35264	0.34119	0.01215	0.01806	0.01610	0.01385	0.01711	0.01173	0.05150	0.01110	0.06648	0.00958	0.00606	0.00469	0.00157	0.00668	0.00454	0.00285	0.00757
11	0.00971	0.00632	0.00803	0.00819	0.00952	0.00605	0.00595	0.01265	0.08263	0.09504	0.19794	0.42418	0.06782	0.01400	0.00676	0.00207	0.00342	0.02837	0.00567	0.00568
12	0.04645	0.01491	0.01585	0.08573	0.06815	0.19444	0.08773	0.05545	0.18300	0.05179	0.06599	0.01868	0.04488	0.00687	0.00559	0.00173	0.00661	0.00575	0.03303	0.00737
13	0.00746	0.00576	0.00717	0.03517	0.00960	0.00549	0.00572	0.00956	0.04824	0.01563	0.08029	0.46614	0.21828	0.01540	0.00692	0.00214	0.00342	0.04744	0.00521	0.00496
14	0.00850	0.00517	0.00723	0.00752	0.00790	0.00517	0.00517	0.00806	0.00906	0.01216	0.04503	0.20120	0.06453	0.07143	0.12933	0.39114	0.00585	0.00842	0.00352	0.00361
15	0.01621	0.50267	0.05265	0.01090	0.01552	0.04756	0.01021	0.15822	0.10336	0.01890	0.01082	0.01146	0.00885	0.00558	0.00437	0.00141	0.00610	0.00387	0.00343	0.00789
16	0.00747	0.00564	0.00697	0.00775	0.00860	0.00538	0.00538	0.00980	0.06871	0.01588	0.09630	0.56896	0.14042	0.01586	0.00695	0.00216	0.00325	0.01418	0.00535	0.00499
17	0.03564	0.11699	0.43760	0.01422	0.02060	0.05505	0.04137	0.08841	0.04287	0.05032	0.01180	0.03968	0.00913	0.00600	0.00524	0.00171	0.00740	0.00470	0.00319	0.00807
18	0.01559	0.01329	0.01498	0.03127	0.05642	0.05437	0.04141	0.14306	0.39419	0.05012	0.01760	0.01725	0.01320	0.00665	0.00552	0.00170	0.00543	0.00553	0.00496	0.10747
19	0.22133	0.01283	0.03174	0.07004	0.05211	0.01337	0.21444	0.13312	0.06521	0.02230	0.01253	0.01677	0.01014	0.00675	0.00627	0.03121	0.01794	0.05093	0.00374	0.00724

[dist]
# distance from previous block
# <min> <max>
5	24

[block]
# block no. 6 follows, 42 sequences, length 7
# corresponding to MSA columns:
# 441-447
name=unknown_G
#
# <colnr> <probs for GDERKNQSTAVLIFYWHMCP>
#	G	D	E	R	K	N	Q	S	T	A	V	L	I	F	Y	W	H	M	C	P
0	0.14753	0.00962	0.01179	0.00937	0.01332	0.00904	0.00768	0.02494	0.05539	0.56629	0.01980	0.01786	0.01295	0.00671	0.00522	0.00172	0.00456	0.00527	0.06220	0.00872
1	0.01298	0.01240	0.02112	0.25195	0.55715	0.01312	0.01680	0.01644	0.01236	0.01723	0.01042	0.01424	0.00851	0.00519	0.00559	0.00173	0.00692	0.00501	0.00270	0.00815
2	0.01970	0.02468	0.01607	0.11323	0.02012	0.68180	0.01148	0.02144	0.01535	0.01385	0.00887	0.01077	0.00728	0.00578	0.00514	0.00150	0.00981	0.00380	0.00285	0.00649
3	0.00842	0.00700	0.01114	0.00976	0.01156	0.00647	0.12058	0.01089	0.01400	0.01928	0.41254	0.22853	0.09305	0.01219	0.00678	0.00193	0.00389	0.01121	0.00536	0.00544
4	0.01458	0.01149	0.01423	0.05948	0.05848	0.01183	0.00957	0.09749	0.16401	0.08989	0.01381	0.01486	0.01063	0.00627	0.00677	0.00155	0.10531	0.00475	0.00421	0.30080
5	0.01293	0.01334	0.05824	0.06013	0.01650	0.05220	0.01125	0.06390	0.01123	0.01636	0.00909	0.01300	0.00813	0.03110	0.01241	0.00200	0.40277	0.00456	0.00292	0.19793
6	0.01568	0.72335	0.02806	0.01014	0.01476	0.10226	0.00976	0.01744	0.01191	0.01330	0.00792	0.00915	0.00722	0.00492	0.00377	0.00123	0.00645	0.00307	0.00246	0.00715

[dist]
# distance from previous block
# <min> <max>
0	1

[block]
# block no. 7 follows, 42 sequences, length 18
# corresponding to MSA columns:
# 449-466
name=unknown_H
#
# <colnr> <probs for GDERKNQSTAVLIFYWHMCP>
#	G	D	E	R	K	N	Q	S	T	A	V	L	I	F	Y	W	H	M	C	P
0	0.01374	0.03762	0.02417	0.02099	0.15718	0.10808	0.35721	0.02961	0.01279	0.01648	0.01142	0.01633	0.00971	0.07588	0.03448	0.05010	0.00848	0.00585	0.00291	0.00698
1	0.01022	0.00828	0.00945	0.00954	0.01121	0.00901	0.00696	0.01822	0.36198	0.01868	0.02720	0.43257	0.02779	0.01293	0.00650	0.00211	0.00382	0.01146	0.00546	0.00661
2	0.01167	0.34477	0.01767	0.00945	0.01208	0.04484	0.02438	0.04421	0.01200	0.01485	0.01910	0.38102	0.02147	0.01097	0.00551	0.00176	0.00498	0.00932	0.00390	0.00605
3	0.00788	0.00577	0.00805	0.05348	0.01119	0.00572	0.00722	0.00961	0.01160	0.01527	0.02937	0.48524	0.03375	0.01618	0.00731	0.00237	0.00421	0.27584	0.00505	0.00489
4	0.01326	0.01216	0.02343	0.38342	0.03228	0.01280	0.32591	0.01727	0.01261	0.09348	0.01184	0.01550	0.00860	0.00539	0.00606	0.00187	0.00807	0.00577	0.00311	0.00716
5	0.01096	0.00964	0.01665	0.09184	0.06630	0.00952	0.19800	0.01408	0.01348	0.04532	0.25344	0.06988	0.04965	0.00841	0.00677	0.00181	0.04100	0.00788	0.04142	0.04394
6	0.01126	0.01082	0.06029	0.00879	0.01363	0.00762	0.00746	0.01390	0.01161	0.01799	0.01170	0.07501	0.01058	0.00533	0.00449	0.00101	0.00436	0.00441	0.00342	0.71632
7	0.00763	0.00559	0.00718	0.00725	0.00842	0.00514	0.00536	0.00977	0.01430	0.01965	0.48735	0.21169	0.12784	0.01336	0.00682	0.00194	0.00294	0.04687	0.00582	0.00508
8	0.00966	0.00496	0.00745	0.00745	0.00751	0.00503	0.00503	0.00751	0.00745	0.00999	0.01013	0.01744	0.01006	0.02106	0.07256	0.78107	0.00557	0.00496	0.00248	0.00262
9	0.01051	0.00852	0.01273	0.01033	0.01314	0.00791	0.12040	0.03234	0.05083	0.04974	0.36130	0.03063	0.08309	0.01122	0.05779	0.00216	0.00502	0.00805	0.00500	0.11930
10	0.01553	0.01288	0.01615	0.01799	0.22302	0.01409	0.01145	0.13153	0.41368	0.05475	0.01810	0.01787	0.01365	0.00675	0.00567	0.00180	0.00534	0.00577	0.00495	0.00903
11	0.09281	0.17526	0.01491	0.00911	0.01281	0.01249	0.00778	0.14758	0.01537	0.24363	0.01550	0.01558	0.01118	0.00623	0.00463	0.00152	0.00475	0.00467	0.19643	0.00777
12	0.00809	0.00573	0.00700	0.00748	0.00881	0.00516	0.00561	0.00966	0.01248	0.05267	0.08901	0.31957	0.30781	0.01512	0.00696	0.00213	0.00344	0.12288	0.00537	0.00503
13	0.05187	0.06367	0.07664	0.09432	0.01887	0.01265	0.10787	0.10840	0.09202	0.11765	0.01560	0.08144	0.01267	0.00725	0.00622	0.00181	0.04842	0.00611	0.06896	0.00754
14	0.04683	0.00653	0.00731	0.00684	0.00761	0.00657	0.00431	0.04299	0.00953	0.03850	0.01680	0.03224	0.01831	0.63842	0.05394	0.00493	0.00574	0.00743	0.00361	0.04157
15	0.00840	0.00666	0.00808	0.00876	0.00939	0.04068	0.00626	0.00934	0.01081	0.01426	0.02608	0.56923	0.03052	0.01613	0.00888	0.06543	0.05467	0.06929	0.00466	0.03247
16	0.19232	0.04807	0.01399	0.01068	0.01477	0.09710	0.00869	0.24736	0.08346	0.06854	0.01227	0.01270	0.00920	0.00588	0.00478	0.00152	0.00563	0.00424	0.00442	0.15437
17	0.02662	0.06646	0.16905	0.02380	0.04679	0.03126	0.04415	0.09132	0.05923	0.17128	0.03931	0.01509	0.01126	0.00614	0.00589	0.00161	0.04430	0.00485	0.00418	0.13743

[dist]
# distance from previous block
# <min> <max>
0	185

[block]
# block no. 8 follows, 42 sequences, length 20
# corresponding to MSA columns:
# 652-671
name=unknown_I
#
# <colnr> <probs for GDERKNQSTAVLIFYWHMCP>
#	G	D	E	R	K	N	Q	S	T	A	V	L	I	F	Y	W	H	M	C	P
0	0.04999	0.08524	0.05277	0.07254	0.04212	0.08586	0.05636	0.03870	0.03866	0.07195	0.01039	0.01335	0.00860	0.00876	0.04161	0.00226	0.30596	0.00479	0.00314	0.00697
1	0.03687	0.01073	0.08304	0.33124	0.04292	0.01041	0.04510	0.01381	0.03926	0.01677	0.11907	0.14216	0.04151	0.00870	0.00643	0.00193	0.03253	0.00762	0.00368	0.00622
2	0.00849	0.00566	0.00744	0.00767	0.00868	0.00528	0.00556	0.01031	0.01327	0.05408	0.35183	0.31784	0.04150	0.07157	0.00848	0.00229	0.00337	0.06598	0.00560	0.00510
3	0.01449	0.00708	0.00926	0.00805	0.01046	0.00632	0.00626	0.01673	0.01506	0.30402	0.32313	0.10111	0.07769	0.01017	0.00613	0.00178	0.00353	0.00876	0.06315	0.00682
4	0.01124	0.00726	0.00889	0.00799	0.01011	0.00698	0.00615	0.01566	0.12656	0.13156	0.45610	0.03704	0.13076	0.01060	0.00636	0.00180	0.00326	0.00916	0.00612	0.00640
5	0.72090	0.01011	0.00806	0.00727	0.01044	0.01156	0.00592	0.01580	0.01031	0.02479	0.08357	0.01296	0.01115	0.00591	0.00382	0.00172	0.00411	0.00386	0.04178	0.00598
6	0.01507	0.01262	0.01333	0.01167	0.01504	0.01450	0.00917	0.13373	0.65139	0.02526	0.02155	0.01991	0.01608	0.00751	0.00571	0.00188	0.00471	0.00618	0.00571	0.00900
7	0.32914	0.01031	0.01209	0.06818	0.05614	0.01049	0.00850	0.02183	0.01312	0.39455	0.01528	0.01481	0.01025	0.00611	0.00484	0.00175	0.00493	0.00460	0.00510	0.00799
8	0.01000	0.00873	0.01247	0.01138	0.01186	0.01139	0.00913	0.01141	0.00875	0.01306	0.01160	0.01823	0.01123	0.05965	0.38303	0.03738	0.35700	0.00559	0.00277	0.00536
9	0.16335	0.01192	0.01804	0.19898	0.22381	0.01378	0.06477	0.01601	0.01109	0.03993	0.00966	0.01320	0.00787	0.00628	0.00807	0.00192	0.17652	0.00477	0.00290	0.00711
10	0.01231	0.01662	0.17827	0.03522	0.02441	0.01376	0.40160	0.01662	0.01195	0.01707	0.01089	0.01459	0.00853	0.00750	0.04359	0.00227	0.13598	0.00574	0.03579	0.00727
11	0.00755	0.00560	0.00705	0.00698	0.00823	0.00509	0.00512	0.00972	0.01453	0.01992	0.51970	0.17310	0.17059	0.01301	0.00673	0.00188	0.00279	0.01146	0.00587	0.00509
12	0.01159	0.01075	0.01790	0.68326	0.03659	0.01298	0.06100	0.06909	0.01251	0.01617	0.01035	0.01490	0.00772	0.00566	0.00569	0.00186	0.00753	0.00511	0.00275	0.00658
13	0.00696	0.00540	0.00624	0.00666	0.00782	0.00479	0.00469	0.00829	0.01219	0.01553	0.12827	0.32067	0.37787	0.05834	0.00805	0.00222	0.00312	0.01296	0.00524	0.00468
14	0.00804	0.00603	0.00904	0.00904	0.01005	0.00703	0.00703	0.01005	0.00904	0.01306	0.01507	0.02211	0.01407	0.04221	0.77992	0.00904	0.01507	0.00603	0.00301	0.00502
15	0.01505	0.80561	0.02949	0.00963	0.01444	0.02227	0.00963	0.01685	0.01143	0.01324	0.00782	0.00903	0.00722	0.00481	0.00361	0.00120	0.00602	0.00301	0.00241	0.00722
16	0.01367	0.01105	0.04408	0.01034	0.01339	0.01116	0.00841	0.10472	0.35489	0.08469	0.16968	0.06813	0.06334	0.00904	0.00600	0.00186	0.00434	0.00764	0.00571	0.00785
17	0.01413	0.01429	0.01684	0.51358	0.06809	0.18960	0.01416	0.04894	0.01324	0.03994	0.01028	0.01390	0.00781	0.00573	0.00550	0.00175	0.00793	0.00471	0.00289	0.00670
18	0.01742	0.03228	0.03801	0.01219	0.01612	0.01202	0.08167	0.06899	0.31204	0.25603	0.04766	0.02120	0.01620	0.00739	0.00584	0.00184	0.00528	0.03351	0.00563	0.00869
19	0.01469	0.06015	0.02215	0.13307	0.29582	0.05747	0.14578	0.07922	0.01396	0.04623	0.01101	0.01379	0.00865	0.00524	0.00553	0.00164	0.00717	0.00501	0.00318	0.07026

[dist]
# distance from previous block
# <min> <max>
9	22

[block]
# block no. 9 follows, 42 sequences, length 11
# corresponding to MSA columns:
# 704-714
name=unknown_J
#
# <colnr> <probs for GDERKNQSTAVLIFYWHMCP>
#	G	D	E	R	K	N	Q	S	T	A	V	L	I	F	Y	W	H	M	C	P
0	0.36337	0.06292	0.10385	0.03021	0.01243	0.01055	0.00792	0.01402	0.01095	0.02021	0.06866	0.12265	0.07266	0.03097	0.00549	0.00189	0.00461	0.00640	0.04430	0.00597
1	0.05612	0.21506	0.41731	0.01421	0.02073	0.05220	0.06012	0.07070	0.01299	0.01819	0.00969	0.01128	0.00737	0.00530	0.00492	0.00162	0.00756	0.00401	0.00273	0.00790
2	0.01244	0.01128	0.01374	0.15186	0.01765	0.08492	0.01039	0.10417	0.01219	0.01616	0.01248	0.07983	0.01170	0.01649	0.17530	0.05690	0.19724	0.00598	0.00325	0.00602
3	0.10668	0.00997	0.01320	0.25236	0.02103	0.01032	0.01009	0.01512	0.01146	0.06559	0.01186	0.01691	0.00995	0.00620	0.00595	0.00157	0.06244	0.05962	0.00340	0.30626
4	0.00713	0.00557	0.00636	0.00645	0.00783	0.00491	0.00466	0.00873	0.01306	0.01681	0.24246	0.17279	0.40732	0.06065	0.00804	0.00214	0.00302	0.01188	0.00538	0.00479
5	0.01517	0.01377	0.01569	0.01319	0.01678	0.06287	0.09225	0.10670	0.54643	0.02361	0.01968	0.01884	0.01475	0.00710	0.00578	0.00185	0.00557	0.00608	0.00521	0.00868
6	0.02122	0.01159	0.01355	0.01065	0.01461	0.01180	0.00871	0.30315	0.06784	0.34702	0.01843	0.01733	0.01253	0.00688	0.00544	0.00168	0.00504	0.00543	0.10812	0.00900
7	0.00794	0.00537	0.00656	0.00718	0.00818	0.00504	0.00526	0.00972	0.01221	0.01719	0.13112	0.35271	0.13990	0.01387	0.00645	0.00200	0.00320	0.09051	0.17068	0.00490
8	0.01509	0.06674	0.04205	0.05458	0.01306	0.00940	0.00766	0.06275	0.07619	0.19785	0.05085	0.04024	0.01533	0.00704	0.00493	0.00158	0.00429	0.00571	0.31751	0.00715
9	0.01151	0.00820	0.01142	0.00964	0.01195	0.00794	0.06613	0.05161	0.06803	0.08087	0.32184	0.06558	0.04306	0.01072	0.00847	0.10536	0.02518	0.00790	0.00504	0.07955
10	0.09094	0.07495	0.01447	0.01112	0.02811	0.03203	0.05942	0.12095	0.06383	0.14119	0.07685	0.04612	0.10426	0.01038	0.05304	0.00223	0.03550	0.02259	0.00477	0.00724

[dist]
# distance from previous block
# <min> <max>
1	9

[block]
# block no. 10 follows, 42 sequences, length 19
# corresponding to MSA columns:
# 724-742
name=unknown_K
#
# <colnr> <probs for GDERKNQSTAVLIFYWHMCP>
#	G	D	E	R	K	N	Q	S	T	A	V	L	I	F	Y	W	H	M	C	P
0	0.13087	0.01400	0.01399	0.06929	0.01626	0.13571	0.01000	0.10244	0.13425	0.01978	0.01249	0.03456	0.01053	0.00845	0.03041	0.00207	0.17817	0.01911	0.00376	0.05386
1	0.09087	0.01547	0.15115	0.26872	0.05584	0.06379	0.03660	0.06593	0.08745	0.01883	0.03912	0.01489	0.01017	0.00623	0.00614	0.00183	0.05150	0.00496	0.00329	0.00722
2	0.00743	0.00565	0.00690	0.00681	0.00819	0.00511	0.00504	0.00949	0.01412	0.01899	0.43310	0.13214	0.27061	0.01418	0.03492	0.00214	0.00324	0.01122	0.00567	0.00504
3	0.00900	0.00591	0.00749	0.00727	0.00856	0.00567	0.00535	0.01085	0.01268	0.06535	0.28436	0.09850	0.13693	0.12315	0.13029	0.00345	0.00523	0.02295	0.05186	0.00514
4	0.01030	0.00718	0.00896	0.05178	0.01102	0.00713	0.00627	0.06955	0.04265	0.06346	0.43678	0.03641	0.09302	0.11974	0.00945	0.00229	0.00379	0.00894	0.00551	0.00577
5	0.68489	0.01082	0.00931	0.00799	0.01164	0.01206	0.00659	0.04020	0.01114	0.14658	0.01034	0.01090	0.00747	0.00555	0.00390	0.00174	0.00448	0.00353	0.00411	0.00676
6	0.01497	0.74450	0.02820	0.00977	0.01446	0.02163	0.00957	0.01786	0.06885	0.01403	0.00899	0.00995	0.00799	0.00503	0.00377	0.00126	0.00590	0.00327	0.00266	0.00735
7	0.04874	0.01162	0.01299	0.01092	0.01451	0.01254	0.00871	0.13898	0.38643	0.21453	0.06257	0.02011	0.01679	0.00746	0.00566	0.00182	0.00470	0.00607	0.00597	0.00887
8	0.13924	0.01189	0.07130	0.01183	0.06404	0.01059	0.00950	0.06783	0.09876	0.36667	0.07618	0.01845	0.01511	0.00688	0.00540	0.00176	0.00500	0.00552	0.00555	0.00852
9	0.84197	0.01088	0.00827	0.00740	0.01088	0.01262	0.00609	0.01654	0.00958	0.02525	0.00784	0.00914	0.00609	0.00522	0.00348	0.00174	0.00435	0.00305	0.00348	0.00609
10	0.04891	0.12487	0.01427	0.03941	0.01411	0.25071	0.00857	0.01816	0.09397	0.04386	0.01373	0.04471	0.01204	0.06249	0.11720	0.00287	0.00796	0.00516	0.07062	0.00638
11	0.00739	0.00548	0.00693	0.00731	0.00838	0.00502	0.00534	0.00921	0.01329	0.01785	0.31824	0.31824	0.17972	0.01450	0.00691	0.00203	0.00308	0.06055	0.00560	0.00493
12	0.01469	0.16058	0.01781	0.07245	0.01675	0.13786	0.03434	0.13801	0.01426	0.01797	0.06059	0.03964	0.01247	0.01135	0.09692	0.00258	0.13619	0.00527	0.00346	0.00680
13	0.01346	0.10191	0.09144	0.12890	0.04054	0.01068	0.00995	0.04079	0.05458	0.14553	0.09067	0.04083	0.11161	0.00788	0.00547	0.00170	0.00510	0.00651	0.08539	0.00706
14	0.00727	0.00528	0.00675	0.00751	0.00823	0.00491	0.00526	0.00863	0.01186	0.01581	0.16090	0.48025	0.11971	0.07228	0.00861	0.00240	0.00340	0.06101	0.00526	0.00468
15	0.01466	0.72538	0.10631	0.01029	0.01547	0.02132	0.01078	0.01695	0.01148	0.01371	0.00806	0.00932	0.00721	0.00487	0.00379	0.00126	0.00626	0.00313	0.00240	0.00734
16	0.06382	0.00618	0.00791	0.03240	0.01008	0.00605	0.00624	0.01088	0.01226	0.05965	0.18453	0.32374	0.05774	0.04645	0.00819	0.03357	0.00384	0.11619	0.00514	0.00513
17	0.07551	0.01007	0.01621	0.72772	0.03658	0.01251	0.01488	0.01455	0.01112	0.01523	0.00983	0.01455	0.00739	0.00560	0.00546	0.00187	0.00726	0.00485	0.00258	0.00624
18	0.01348	0.01207	0.01563	0.01810	0.22327	0.06539	0.04153	0.02062	0.25699	0.04307	0.04607	0.02662	0.01775	0.00932	0.03030	0.00215	0.00609	0.13933	0.00446	0.00777

[dist]
# distance from previous block
# <min> <max>
1	17

[block]
# block no. 11 follows, 42 sequences, length 19
# corresponding to MSA columns:
# 760-769,771-779
name=unknown_L
#
# <colnr> <probs for GDERKNQSTAVLIFYWHMCP>
#	G	D	E	R	K	N	Q	S	T	A	V	L	I	F	Y	W	H	M	C	P
0	0.01339	0.01152	0.01844	0.20343	0.40965	0.01210	0.01440	0.04133	0.04672	0.06457	0.05085	0.04095	0.03516	0.00643	0.00573	0.00176	0.00622	0.00590	0.00352	0.00792
1	0.03720	0.02624	0.01261	0.01095	0.01242	0.04922	0.00877	0.10845	0.03754	0.01938	0.19547	0.09910	0.02361	0.01089	0.01049	0.03857	0.23379	0.05479	0.00438	0.00614
2	0.04636	0.03148	0.01034	0.06648	0.04366	0.00810	0.00780	0.05164	0.03821	0.01919	0.17349	0.19889	0.02888	0.01135	0.00624	0.00195	0.00428	0.14568	0.05936	0.04662
3	0.45415	0.01105	0.01337	0.14019	0.15417	0.01225	0.03987	0.01588	0.01072	0.02118	0.01004	0.05008	0.00854	0.00581	0.00455	0.00175	0.00544	0.00452	0.00325	0.03321
4	0.01165	0.01056	0.01666	0.68648	0.03580	0.01297	0.01488	0.07260	0.05231	0.01652	0.01097	0.01521	0.00818	0.00582	0.00563	0.00186	0.00724	0.00508	0.00292	0.00665
5	0.00827	0.00558	0.00734	0.00764	0.00836	0.00591	0.00550	0.00976	0.00979	0.01425	0.01988	0.17732	0.02078	0.19553	0.31301	0.00547	0.00833	0.03942	0.13322	0.00463
6	0.01332	0.01178	0.07961	0.01473	0.13915	0.01104	0.01068	0.01890	0.16831	0.11520	0.18716	0.04398	0.02181	0.00825	0.00745	0.00185	0.10283	0.00673	0.00472	0.03250
7	0.77781	0.01126	0.00895	0.00783	0.01140	0.01300	0.00645	0.07376	0.01090	0.02605	0.00828	0.00948	0.00637	0.00534	0.00365	0.00174	0.00450	0.00321	0.00365	0.00637
8	0.01204	0.01073	0.01184	0.00899	0.01330	0.04918	0.00710	0.03078	0.01204	0.01798	0.01155	0.07318	0.01053	0.00560	0.00507	0.00107	0.03660	0.00444	0.00348	0.67451
9	0.08227	0.03454	0.01284	0.01041	0.01350	0.14496	0.03363	0.07179	0.05558	0.20270	0.23919	0.02344	0.03548	0.00798	0.00567	0.00170	0.00531	0.00650	0.00528	0.00724
10	0.84197	0.01088	0.00827	0.00740	0.01088	0.01262	0.00609	0.01654	0.00958	0.02525	0.00784	0.00914	0.00609	0.00522	0.00348	0.00174	0.00435	0.00305	0.00348	0.00609
11	0.02141	0.01338	0.01498	0.01159	0.01579	0.01420	0.00954	0.51172	0.02272	0.21265	0.01603	0.01551	0.01104	0.00679	0.00549	0.00167	0.00555	0.00523	0.07552	0.00921
12	0.00726	0.00570	0.00656	0.00640	0.00799	0.00500	0.00478	0.00924	0.01420	0.01858	0.38258	0.06902	0.41644	0.01308	0.00666	0.00185	0.00277	0.01121	0.00567	0.00500
13	0.01098	0.01008	0.01698	0.64483	0.12602	0.01211	0.01512	0.01427	0.01119	0.01457	0.01006	0.01501	0.00782	0.00647	0.00670	0.05671	0.00723	0.00500	0.00253	0.00633
14	0.18978	0.34106	0.02223	0.01166	0.01623	0.01740	0.10785	0.14708	0.01426	0.07015	0.01026	0.01134	0.00802	0.00538	0.00448	0.00153	0.00608	0.00404	0.00356	0.00761
15	0.00704	0.00534	0.00650	0.00710	0.00813	0.00481	0.00505	0.00848	0.01234	0.01604	0.15795	0.41211	0.27608	0.01548	0.00694	0.00209	0.00309	0.03531	0.00538	0.00477
16	0.03169	0.12241	0.01588	0.01323	0.12855	0.01109	0.00934	0.06792	0.01537	0.33774	0.14290	0.02139	0.04345	0.00732	0.00552	0.00166	0.00492	0.00607	0.00535	0.00821
17	0.04321	0.00791	0.01107	0.09238	0.14827	0.00792	0.00840	0.01374	0.01295	0.08194	0.18466	0.09148	0.08025	0.04360	0.00669	0.00190	0.00431	0.00775	0.14533	0.00625
18	0.04412	0.01154	0.01622	0.05327	0.07826	0.01530	0.01186	0.01388	0.00960	0.01525	0.03493	0.01407	0.00953	0.00890	0.01481	0.00224	0.57756	0.00507	0.05730	0.00630

[dist]
# distance from previous block
# <min> <max>
2	23

[block]
# block no. 12 follows, 42 sequences, length 19
# corresponding to MSA columns:
# 803-821
name=unknown_M
#
# <colnr> <probs for GDERKNQSTAVLIFYWHMCP>
#	G	D	E	R	K	N	Q	S	T	A	V	L	I	F	Y	W	H	M	C	P
0	0.00889	0.00668	0.00975	0.08914	0.08066	0.00702	0.00744	0.01009	0.01027	0.01390	0.07379	0.09943	0.09606	0.12077	0.20014	0.14248	0.00734	0.00776	0.00357	0.00482
1	0.00775	0.00594	0.00776	0.06426	0.01076	0.00568	0.00624	0.00984	0.01343	0.01790	0.31008	0.21414	0.19713	0.01349	0.00682	0.00201	0.00347	0.09279	0.00539	0.00508
2	0.15814	0.00913	0.01122	0.00906	0.01274	0.00849	0.00737	0.02304	0.01445	0.53181	0.04660	0.06180	0.01536	0.00741	0.00531	0.00175	0.00442	0.00594	0.05767	0.00830
3	0.21351	0.00968	0.01075	0.00892	0.01231	0.00978	0.00720	0.10036	0.03823	0.32487	0.03771	0.06450	0.01424	0.00727	0.00503	0.00172	0.00439	0.00569	0.11611	0.00774
4	0.06231	0.00663	0.00829	0.00746	0.00939	0.00617	0.00574	0.01332	0.01540	0.13238	0.57063	0.03727	0.08207	0.01059	0.00630	0.00177	0.00308	0.00916	0.00609	0.00596
5	0.84197	0.01088	0.00827	0.00740	0.01088	0.01262	0.00609	0.01654	0.00958	0.02525	0.00784	0.00914	0.00609	0.00522	0.00348	0.00174	0.00435	0.00305	0.00348	0.00609
6	0.00724	0.00509	0.00680	0.00797	0.00845	0.00487	0.00555	0.00846	0.01088	0.01476	0.02952	0.66931	0.03463	0.01834	0.04913	0.00263	0.00402	0.06695	0.04072	0.00467
7	0.01505	0.80561	0.02949	0.00963	0.01444	0.02227	0.00963	0.01685	0.01143	0.01324	0.00782	0.00903	0.00722	0.00481	0.00361	0.00120	0.00602	0.00301	0.00241	0.00722
8	0.01063	0.01000	0.01688	0.78870	0.03876	0.01250	0.01563	0.01438	0.01125	0.01438	0.01000	0.01500	0.00750	0.00563	0.00563	0.00188	0.00750	0.00500	0.00250	0.00625
9	0.00931	0.00708	0.00975	0.01051	0.03903	0.00758	0.00828	0.01118	0.01180	0.01589	0.06549	0.04575	0.11019	0.03537	0.05316	0.06354	0.09703	0.36313	0.03079	0.00514
10	0.05747	0.00650	0.00842	0.00805	0.00968	0.00612	0.00609	0.01309	0.01340	0.15375	0.29707	0.21139	0.03429	0.01279	0.00792	0.07955	0.00366	0.05956	0.00554	0.00567
11	0.01173	0.01120	0.01483	0.32013	0.02314	0.08357	0.01206	0.01374	0.01089	0.01422	0.05709	0.01834	0.01189	0.00928	0.01120	0.09413	0.22937	0.04456	0.00290	0.00571
12	0.00901	0.00650	0.00770	0.00726	0.00887	0.00638	0.00548	0.01328	0.11166	0.02181	0.49472	0.03727	0.10598	0.01052	0.00612	0.00173	0.00290	0.00910	0.12800	0.00572
13	0.12127	0.00649	0.00804	0.00783	0.00862	0.00723	0.00560	0.00990	0.00845	0.01335	0.01326	0.02280	0.01345	0.23776	0.25922	0.20585	0.03780	0.00590	0.00303	0.00415
14	0.11344	0.47027	0.06516	0.01094	0.01494	0.08237	0.01034	0.03622	0.01161	0.01560	0.00811	0.00988	0.00717	0.00574	0.00597	0.00151	0.11760	0.00345	0.00267	0.00700
15	0.16124	0.04017	0.00963	0.00837	0.01061	0.00921	0.00648	0.03841	0.14330	0.04439	0.18184	0.16399	0.10259	0.01191	0.04144	0.00220	0.00429	0.00864	0.00506	0.00623
16	0.07556	0.03177	0.19425	0.06519	0.17747	0.18902	0.01430	0.05853	0.04148	0.03581	0.01082	0.02456	0.00862	0.00598	0.00586	0.00171	0.04369	0.00455	0.00313	0.00769
17	0.13818	0.01211	0.01384	0.06071	0.10531	0.01344	0.00989	0.16563	0.28749	0.05044	0.01902	0.01890	0.06681	0.00713	0.00541	0.00180	0.00513	0.00575	0.00483	0.00818
18	0.19588	0.01050	0.01520	0.50671	0.02975	0.01235	0.04416	0.01556	0.03766	0.01752	0.01004	0.01372	0.00763	0.00548	0.00511	0.00178	0.00657	0.00458	0.00290	0.05688

[dist]
# distance from previous block
# <min> <max>
1	4

[block]
# block no. 13 follows, 42 sequences, length 27
# corresponding to MSA columns:
# 829-855
name=unknown_N
#
# <colnr> <probs for GDERKNQSTAVLIFYWHMCP>
#	G	D	E	R	K	N	Q	S	T	A	V	L	I	F	Y	W	H	M	C	P
0	0.01009	0.00965	0.07095	0.17523	0.08510	0.00861	0.05130	0.01297	0.01275	0.05318	0.17526	0.18260	0.09216	0.01075	0.02247	0.00206	0.00535	0.00900	0.00432	0.00619
1	0.11477	0.11453	0.05166	0.04480	0.01459	0.03965	0.00989	0.05041	0.01104	0.08385	0.01069	0.01494	0.00938	0.07985	0.03324	0.05196	0.25036	0.00476	0.00325	0.00638
2	0.01325	0.01247	0.07246	0.14621	0.10920	0.02811	0.04169	0.11685	0.15597	0.02129	0.04462	0.03971	0.01393	0.00691	0.00549	0.00174	0.00571	0.01781	0.13911	0.00748
3	0.05808	0.00639	0.00771	0.00731	0.00892	0.00621	0.00559	0.01103	0.01348	0.05302	0.35910	0.03990	0.21762	0.05266	0.08531	0.00275	0.02088	0.03348	0.00526	0.00531
4	0.00804	0.00603	0.00904	0.00904	0.01005	0.00703	0.00703	0.01005	0.00904	0.01306	0.01507	0.02211	0.01407	0.04221	0.77992	0.00904	0.01507	0.00603	0.00301	0.00502
5	0.01374	0.00685	0.00898	0.00841	0.01045	0.00622	0.00639	0.01577	0.02573	0.27488	0.11058	0.31508	0.05824	0.01213	0.00636	0.00197	0.00377	0.04489	0.06306	0.00652
