[name]
unknown

[dist]
# distance from previous block
# <min> <max>
0	308

[block]
# block no. 0 follows, 46 sequences, length 59
# corresponding to MSA columns:
# 358-416
name=unknown_A
#
# <colnr> <probs for GDERKNQSTAVLIFYWHMCP>
#	G	D	E	R	K	N	Q	S	T	A	V	L	I	F	Y	W	H	M	C	P
0	0.01076	0.00854	0.04906	0.01052	0.06384	0.00748	0.00787	0.06004	0.06070	0.08476	0.04139	0.32960	0.02353	0.01114	0.00598	0.00185	0.00423	0.10900	0.00462	0.10510
1	0.05649	0.01335	0.01425	0.01204	0.04387	0.04868	0.00942	0.43582	0.13812	0.10731	0.03415	0.01604	0.01191	0.00668	0.00527	0.00164	0.00542	0.02605	0.00513	0.00838
2	0.04878	0.02826	0.16546	0.01429	0.11195	0.05137	0.02213	0.14352	0.09894	0.24032	0.01450	0.01438	0.01015	0.00588	0.00513	0.00162	0.00587	0.00473	0.00444	0.00829
3	0.00835	0.00657	0.00925	0.12117	0.01351	0.00682	0.02647	0.03873	0.04469	0.01542	0.04423	0.39698	0.06801	0.01314	0.00649	0.00207	0.00427	0.16421	0.00454	0.00509
4	0.01104	0.01125	0.02318	0.01741	0.02125	0.01052	0.51330	0.01443	0.01203	0.03889	0.04477	0.22350	0.01679	0.00792	0.00634	0.00187	0.00701	0.00863	0.00349	0.00636
5	0.05748	0.06034	0.25644	0.03752	0.07421	0.02909	0.11321	0.11734	0.01393	0.15906	0.02396	0.01338	0.00911	0.00545	0.00513	0.00163	0.00661	0.00464	0.00363	0.00784
6	0.01548	0.01531	0.15134	0.05442	0.24437	0.05142	0.13224	0.07632	0.01367	0.17492	0.01231	0.01378	0.00890	0.00529	0.00536	0.00163	0.00676	0.00488	0.00356	0.00803
7	0.00796	0.00572	0.00765	0.00837	0.00906	0.00589	0.00650	0.00943	0.01029	0.01367	0.02377	0.19123	0.02656	0.21242	0.06644	0.00345	0.03211	0.35087	0.00424	0.00437
8	0.01216	0.01002	0.01697	0.34095	0.23926	0.01075	0.06708	0.01518	0.01162	0.10000	0.01338	0.09588	0.01158	0.00658	0.00554	0.00175	0.00623	0.02500	0.00323	0.00683
9	0.01600	0.05192	0.06455	0.27242	0.11912	0.01107	0.04510	0.03669	0.01290	0.29715	0.01370	0.01490	0.00948	0.00561	0.00522	0.00165	0.00605	0.00485	0.00399	0.00763
10	0.01151	0.01101	0.01889	0.41907	0.38756	0.01217	0.03424	0.01488	0.01131	0.01537	0.00969	0.01362	0.00770	0.00499	0.00529	0.00167	0.00673	0.00474	0.00248	0.00708
11	0.00653	0.00474	0.00619	0.00732	0.00779	0.00440	0.00502	0.00756	0.01038	0.01368	0.03103	0.71221	0.09409	0.01621	0.00674	0.00213	0.00313	0.05163	0.00491	0.00434
12	0.01430	0.19543	0.21923	0.01335	0.05571	0.03425	0.04504	0.07548	0.13266	0.09282	0.01214	0.01292	0.00917	0.00575	0.00564	0.00160	0.05901	0.00437	0.00345	0.00770
13	0.77256	0.01066	0.00854	0.00745	0.01081	0.01229	0.00614	0.08661	0.01050	0.02463	0.00787	0.00898	0.00604	0.00504	0.00346	0.00163	0.00425	0.00304	0.00346	0.00604
14	0.36447	0.01200	0.01195	0.00957	0.01339	0.01316	0.00790	0.33805	0.01677	0.14774	0.01177	0.01183	0.00829	0.00578	0.00446	0.00161	0.00490	0.00406	0.00465	0.00764
15	0.01152	0.01131	0.02024	0.39710	0.31459	0.01229	0.12634	0.01504	0.01140	0.01543	0.00979	0.01374	0.00769	0.00495	0.00541	0.00169	0.00704	0.00493	0.00250	0.00700
16	0.00769	0.00513	0.00577	0.00577	0.00577	0.00513	0.00320	0.00769	0.00769	0.01025	0.01666	0.03460	0.01922	0.81421	0.02691	0.00513	0.00513	0.00769	0.00320	0.00320
17	0.00998	0.00940	0.01586	0.80150	0.03641	0.01175	0.01468	0.01351	0.01057	0.01351	0.00940	0.01409	0.00705	0.00529	0.00529	0.00176	0.00705	0.00470	0.00235	0.00587
18	0.00985	0.03389	0.09211	0.00966	0.01200	0.00780	0.02412	0.03501	0.06732	0.03881	0.13878	0.03899	0.07495	0.01173	0.00762	0.07718	0.00472	0.30543	0.00448	0.00554
19	0.00641	0.00472	0.00601	0.00704	0.00758	0.00432	0.00477	0.00740	0.01043	0.01362	0.03304	0.68937	0.15384	0.01606	0.00667	0.00209	0.00300	0.01441	0.00491	0.00432
20	0.01975	0.02520	0.01498	0.01362	0.01634	0.79299	0.01021	0.02111	0.01498	0.01294	0.00817	0.00953	0.00681	0.00545	0.00477	0.00136	0.00953	0.00340	0.00272	0.00613
21	0.01060	0.02735	0.78682	0.01507	0.02288	0.01228	0.01953	0.01674	0.01116	0.01674	0.00949	0.01116	0.00670	0.00502	0.00502	0.00167	0.00781	0.00391	0.00223	0.00781
22	0.01230	0.07079	0.26084	0.01734	0.03517	0.01311	0.34436	0.01806	0.09339	0.03979	0.01208	0.01499	0.00924	0.00530	0.00557	0.00172	0.00755	0.02795	0.00298	0.00746
23	0.00644	0.00460	0.00613	0.00736	0.00767	0.00429	0.00491	0.00736	0.01012	0.01350	0.02914	0.81076	0.03497	0.01656	0.00675	0.00215	0.00307	0.01503	0.00491	0.00429
24	0.00755	0.00566	0.00850	0.00850	0.00944	0.00661	0.00661	0.00944	0.00850	0.01227	0.01416	0.02077	0.01322	0.03965	0.79326	0.00850	0.01416	0.00566	0.00283	0.00472
25	0.01315	0.01136	0.01195	0.01076	0.01375	0.01315	0.00837	0.02809	0.77168	0.02211	0.02152	0.01972	0.01614	0.00717	0.00538	0.00179	0.00418	0.00598	0.00538	0.00837
26	0.01462	0.01263	0.01494	0.06531	0.04415	0.05530	0.06854	0.19489	0.33276	0.03567	0.01735	0.01877	0.03203	0.00699	0.00583	0.00175	0.02825	0.03781	0.00460	0.00782
27	0.01455	0.01309	0.04735	0.03577	0.01550	0.03243	0.00963	0.19711	0.45234	0.02327	0.01697	0.01652	0.01273	0.00682	0.00604	0.00173	0.05575	0.00533	0.00480	0.03224
28	0.49627	0.01218	0.01123	0.00918	0.01286	0.01380	0.00757	0.33518	0.01577	0.02782	0.00964	0.01034	0.00712	0.00552	0.00413	0.00161	0.00483	0.00367	0.00413	0.00712
29	0.13173	0.22779	0.15355	0.01247	0.05836	0.02445	0.06785	0.05931	0.07160	0.04959	0.03146	0.01339	0.02904	0.00621	0.01869	0.00167	0.02817	0.00434	0.00322	0.00709
30	0.01405	0.12182	0.28676	0.01473	0.09159	0.05905	0.04617	0.05634	0.04789	0.11186	0.02900	0.02890	0.00983	0.00589	0.00572	0.00162	0.05326	0.00462	0.00330	0.00759
31	0.02195	0.01298	0.01388	0.01089	0.01487	0.10227	0.00888	0.29162	0.01862	0.42369	0.01643	0.01509	0.01088	0.00634	0.00524	0.00159	0.00556	0.00489	0.00565	0.00866
32	0.00756	0.00511	0.00620	0.00634	0.00653	0.00516	0.00391	0.00790	0.00833	0.01126	0.04705	0.12983	0.02138	0.57179	0.10733	0.03325	0.00574	0.00835	0.00345	0.00354
33	0.01519	0.11412	0.23498	0.06873	0.10813	0.01328	0.05420	0.13498	0.03745	0.15037	0.01216	0.01310	0.00874	0.00545	0.00504	0.00159	0.00639	0.00449	0.00363	0.00799
34	0.01232	0.01191	0.05640	0.21063	0.12730	0.01217	0.10199	0.07423	0.21433	0.02922	0.01496	0.04827	0.01223	0.00660	0.00556	0.00178	0.00605	0.04302	0.00373	0.00730
35	0.00761	0.00515	0.00580	0.00580	0.00591	0.00512	0.00332	0.00772	0.00793	0.01050	0.01847	0.03512	0.05747	0.75725	0.04220	0.00503	0.00519	0.00782	0.00328	0.00330
36	0.01416	0.01381	0.02481	0.02201	0.20060	0.01376	0.39691	0.16476	0.05769	0.02054	0.01152	0.01398	0.00875	0.00504	0.00577	0.00169	0.00742	0.00558	0.00333	0.00786
37	0.01837	0.05160	0.06966	0.08031	0.01839	0.09581	0.07024	0.23296	0.04983	0.23860	0.01400	0.01411	0.00973	0.00592	0.00521	0.00160	0.00625	0.00479	0.00456	0.00806
38	0.01411	0.32029	0.25027	0.01375	0.04761	0.18162	0.07195	0.01733	0.01195	0.01436	0.00852	0.01013	0.00692	0.00487	0.00446	0.00141	0.00740	0.00361	0.00240	0.00704
39	0.01107	0.00956	0.01149	0.00907	0.05136	0.00733	0.00677	0.01346	0.01102	0.01723	0.00942	0.01107	0.00786	0.00396	0.00398	0.00082	0.00403	0.00321	0.00311	0.80419
40	0.01177	0.06079	0.57053	0.01405	0.02072	0.01246	0.04919	0.07009	0.03405	0.04153	0.03130	0.01382	0.03516	0.00561	0.00511	0.00165	0.00710	0.00451	0.00288	0.00768
41	0.00665	0.00493	0.00700	0.00788	0.00836	0.00461	0.03106	0.00769	0.01020	0.01361	0.02850	0.78324	0.03403	0.01614	0.00673	0.00213	0.00327	0.01473	0.00483	0.00439
42	0.00954	0.00562	0.00676	0.00642	0.00698	0.00556	0.00403	0.00994	0.00862	0.10058	0.01693	0.03148	0.01799	0.65394	0.08996	0.00501	0.00583	0.00724	0.00356	0.00401
43	0.01382	0.52903	0.17573	0.01117	0.01626	0.03841	0.04404	0.06018	0.04053	0.01508	0.00878	0.00996	0.00730	0.00485	0.00406	0.00132	0.00628	0.00343	0.00258	0.00717
44	0.01208	0.11205	0.01547	0.01067	0.01379	0.00978	0.15533	0.01581	0.08381	0.13085	0.25935	0.02693	0.11559	0.00810	0.00566	0.00164	0.00464	0.00728	0.00470	0.00648
45	0.00755	0.00566	0.00850	0.00850	0.00944	0.00661	0.00661	0.00944	0.00850	0.01227	0.01416	0.02077	0.01322	0.03965	0.79326	0.00850	0.01416	0.00566	0.00283	0.00472
46	0.01157	0.01157	0.01619	0.01388	0.01388	0.01619	0.01157	0.01272	0.00810	0.01272	0.00694	0.01157	0.00694	0.00925	0.01735	0.00231	0.80453	0.00463	0.00231	0.00578
47	0.01195	0.03523	0.24105	0.18789	0.04770	0.01179	0.18935	0.01654	0.03748	0.07653	0.07125	0.01557	0.01134	0.00563	0.00563	0.00171	0.01791	0.00526	0.00310	0.00708
48	0.85155	0.01022	0.00777	0.00695	0.01022	0.01186	0.00573	0.01554	0.00900	0.02372	0.00736	0.00859	0.00573	0.00491	0.00327	0.00164	0.00409	0.00286	0.00327	0.00573
49	0.00769	0.00513	0.00577	0.00577	0.00577	0.00513	0.00320	0.00769	0.00769	0.01025	0.01666	0.03460	0.01922	0.81421	0.02691	0.00513	0.00513	0.00769	0.00320	0.00320
50	0.01061	0.01007	0.04541	0.73663	0.03489	0.01159	0.01457	0.01417	0.01079	0.04730	0.00990	0.01415	0.00730	0.00533	0.00528	0.00175	0.00697	0.00469	0.00253	0.00608
51	0.01203	0.02279	0.55221	0.01543	0.06366	0.01300	0.01707	0.07812	0.03021	0.03719	0.01005	0.01182	0.00739	0.00570	0.00651	0.00174	0.10044	0.00419	0.00270	0.00775
52	0.01145	0.01215	0.02533	0.01904	0.02332	0.01149	0.56721	0.01539	0.01240	0.01665	0.01517	0.02599	0.01381	0.00708	0.00651	0.00195	0.00787	0.19741	0.00324	0.00655
53	0.01586	0.00812	0.01034	0.00858	0.01141	0.00768	0.00683	0.06941	0.08255	0.35245	0.33205	0.02663	0.02822	0.00834	0.00570	0.00166	0.00374	0.00708	0.00606	0.00729
54	0.01268	0.13569	0.32055	0.10479	0.08992	0.06055	0.06656	0.01786	0.08179	0.04505	0.01075	0.01244	0.00811	0.00519	0.00495	0.00159	0.00699	0.00429	0.00280	0.00744
55	0.11945	0.01298	0.06154	0.12114	0.35169	0.01304	0.05530	0.10733	0.03836	0.01948	0.01016	0.01271	0.00803	0.00529	0.00558	0.00166	0.04105	0.00456	0.00305	0.00758
56	0.00918	0.00459	0.00689	0.00689	0.00689	0.00459	0.00459	0.00689	0.00689	0.00918	0.00918	0.01607	0.00918	0.01837	0.02066	0.84619	0.00459	0.00459	0.00230	0.00230
57	0.01132	0.02985	0.01216	0.00850	0.01316	0.02805	0.03184	0.01370	0.01111	0.01699	0.00936	0.01097	0.00778	0.00399	0.00400	0.00084	0.00427	0.00324	0.00308	0.77580
58	0.01054	0.01195	0.17775	0.05751	0.01449	0.00896	0.00965	0.06203	0.12235	0.05635	0.23326	0.09502	0.07195	0.00988	0.03293	0.00197	0.00493	0.00747	0.00453	0.00648

[dist]
# distance from previous block
# <min> <max>
0	66

[block]
# block no. 1 follows, 46 sequences, length 12
# corresponding to MSA columns:
# 483-494
name=unknown_B
#
# <colnr> <probs for GDERKNQSTAVLIFYWHMCP>
#	G	D	E	R	K	N	Q	S	T	A	V	L	I	F	Y	W	H	M	C	P
0	0.01838	0.02301	0.01571	0.01388	0.01655	0.67258	0.05532	0.01996	0.01446	0.01350	0.03900	0.01112	0.00861	0.00581	0.00559	0.00145	0.05224	0.00389	0.00282	0.00612
1	0.01096	0.00940	0.01096	0.00783	0.01253	0.00705	0.00626	0.01331	0.01096	0.01723	0.00940	0.01096	0.00783	0.00392	0.00392	0.00078	0.00392	0.00313	0.00313	0.84653
2	0.00809	0.00528	0.00683	0.00708	0.00814	0.00480	0.00506	0.00965	0.01227	0.07563	0.27204	0.42270	0.11520	0.01361	0.00642	0.00191	0.00295	0.01212	0.00533	0.00490
3	0.01453	0.55002	0.02294	0.00985	0.01345	0.07112	0.00910	0.01621	0.01129	0.07269	0.05480	0.01154	0.00989	0.00572	0.00557	0.00137	0.10668	0.00369	0.00284	0.00668
4	0.04398	0.04435	0.01090	0.00964	0.04314	0.02257	0.00726	0.08219	0.14668	0.09494	0.24130	0.02765	0.06137	0.00953	0.00683	0.06851	0.00412	0.06377	0.00493	0.00635
5	0.00754	0.00577	0.00643	0.00641	0.00759	0.00548	0.00458	0.00963	0.06345	0.01450	0.12492	0.04291	0.32724	0.26961	0.01291	0.00290	0.00374	0.07545	0.00450	0.00443
6	0.00939	0.00626	0.00746	0.00690	0.00865	0.00595	0.00532	0.01095	0.01206	0.12069	0.11775	0.06545	0.42264	0.03763	0.05673	0.00230	0.05906	0.00923	0.03034	0.00522
7	0.03885	0.19900	0.13379	0.13260	0.09093	0.03156	0.04907	0.02774	0.02261	0.12380	0.01209	0.06753	0.01000	0.00610	0.00528	0.00160	0.03217	0.00496	0.00324	0.00708
8	0.01109	0.01107	0.11884	0.01223	0.05990	0.03351	0.08408	0.04316	0.03691	0.05591	0.01312	0.01913	0.01161	0.07195	0.21222	0.15345	0.00826	0.03479	0.00312	0.00565
9	0.00679	0.00505	0.00632	0.00669	0.00765	0.00459	0.00476	0.00838	0.01231	0.01652	0.31318	0.37033	0.19047	0.01378	0.00646	0.00189	0.00278	0.01221	0.00525	0.00459
10	0.07815	0.01126	0.01652	0.15083	0.32867	0.03294	0.03519	0.04078	0.07495	0.08599	0.08125	0.01620	0.01273	0.00580	0.00522	0.00164	0.00572	0.00517	0.00358	0.00742
11	0.01447	0.07432	0.01719	0.17467	0.19581	0.07196	0.03241	0.13376	0.02539	0.08829	0.01192	0.03434	0.00956	0.00855	0.06958	0.00217	0.01999	0.00493	0.00344	0.00725

[dist]
# distance from previous block
# <min> <max>
3	26

[block]
# block no. 2 follows, 46 sequences, length 17
# corresponding to MSA columns:
# 534-550
name=unknown_C
#
# <colnr> <probs for GDERKNQSTAVLIFYWHMCP>
#	G	D	E	R	K	N	Q	S	T	A	V	L	I	F	Y	W	H	M	C	P
0	0.01464	0.00803	0.01114	0.02494	0.01241	0.00771	0.05563	0.01762	0.07153	0.31538	0.07813	0.15085	0.10193	0.00920	0.00622	0.00177	0.04032	0.00787	0.05786	0.00683
1	0.00916	0.00901	0.08663	0.07576	0.01281	0.00763	0.00774	0.01395	0.13860	0.03936	0.36607	0.03261	0.16080	0.00949	0.00587	0.00171	0.00378	0.00815	0.00495	0.00592
2	0.00747	0.00561	0.00692	0.00645	0.00793	0.00502	0.00481	0.00963	0.01389	0.01924	0.57097	0.03970	0.17670	0.04725	0.00704	0.00179	0.00273	0.00940	0.00539	0.05208
3	0.12288	0.00890	0.01138	0.00899	0.01277	0.00807	0.00736	0.02349	0.01411	0.64949	0.01969	0.06139	0.01342	0.00691	0.00515	0.00166	0.00437	0.00557	0.00606	0.00834
4	0.01413	0.81739	0.02770	0.00905	0.01357	0.02092	0.00905	0.01583	0.01074	0.01244	0.00735	0.00848	0.00678	0.00452	0.00339	0.00113	0.00565	0.00283	0.00226	0.00678
5	0.00774	0.00518	0.00593	0.00601	0.00608	0.00518	0.00353	0.00789	0.00796	0.01059	0.01735	0.03612	0.01990	0.76555	0.02571	0.00496	0.00511	0.05259	0.00330	0.00330
6	0.85155	0.01022	0.00777	0.00695	0.01022	0.01186	0.00573	0.01554	0.00900	0.02372	0.00736	0.00859	0.00573	0.00491	0.00327	0.00164	0.00409	0.00286	0.00327	0.00573
7	0.00985	0.00493	0.00493	0.00493	0.00616	0.00493	0.00370	0.01232	0.01109	0.01971	0.01725	0.01971	0.01355	0.00616	0.00370	0.00123	0.00246	0.00493	0.84356	0.00493
8	0.85155	0.01022	0.00777	0.00695	0.01022	0.01186	0.00573	0.01554	0.00900	0.02372	0.00736	0.00859	0.00573	0.00491	0.00327	0.00164	0.00409	0.00286	0.00327	0.00573
9	0.01375	0.59517	0.16899	0.01129	0.04375	0.06240	0.01134	0.01631	0.01111	0.01345	0.00789	0.00921	0.00683	0.00468	0.00384	0.00126	0.00630	0.00313	0.00230	0.00700
10	0.02372	0.00900	0.01227	0.00941	0.01350	0.00777	0.00777	0.02576	0.01513	0.78489	0.02086	0.01799	0.01309	0.00654	0.00532	0.00164	0.00450	0.00532	0.00654	0.00900
11	0.01179	0.01253	0.13011	0.38877	0.13447	0.01131	0.05762	0.01583	0.03838	0.08365	0.01212	0.05887	0.00967	0.00593	0.00538	0.00173	0.00661	0.00535	0.00301	0.00686
12	0.00640	0.00477	0.00596	0.00692	0.00755	0.00433	0.00471	0.00741	0.01055	0.01367	0.03451	0.64353	0.19872	0.01586	0.00664	0.00207	0.00298	0.01418	0.00491	0.00433
13	0.04506	0.00897	0.01200	0.00935	0.01322	0.00803	0.00770	0.04367	0.01479	0.69461	0.01984	0.01778	0.01279	0.00864	0.05627	0.00208	0.00515	0.00526	0.00618	0.00863
14	0.01496	0.01422	0.20056	0.10473	0.14807	0.01048	0.06658	0.01890	0.04002	0.25344	0.01483	0.06531	0.01122	0.00624	0.00539	0.00170	0.00609	0.00551	0.00396	0.00780
15	0.01587	0.10760	0.12912	0.07836	0.03800	0.01495	0.03874	0.32847	0.12661	0.05126	0.01276	0.01337	0.00937	0.00587	0.00508	0.00160	0.00603	0.00466	0.00415	0.00813
16	0.00727	0.00499	0.00641	0.00678	0.00760	0.00467	0.00481	0.00905	0.01234	0.01753	0.35409	0.38793	0.03910	0.01291	0.00619	0.00184	0.00275	0.01154	0.09755	0.00467

[dist]
# distance from previous block
# <min> <max>
2	35

[block]
# block no. 3 follows, 46 sequences, length 11
# corresponding to MSA columns:
# 586-596
name=unknown_D
#
# <colnr> <probs for GDERKNQSTAVLIFYWHMCP>
#	G	D	E	R	K	N	Q	S	T	A	V	L	I	F	Y	W	H	M	C	P
0	0.01187	0.08898	0.07873	0.08302	0.19347	0.06911	0.05983	0.01681	0.14387	0.01651	0.03781	0.05008	0.11368	0.00700	0.00532	0.00164	0.00575	0.00607	0.00350	0.00696
1	0.00759	0.00537	0.00684	0.00647	0.00775	0.00496	0.00486	0.01003	0.01457	0.02079	0.69386	0.03866	0.08037	0.01061	0.00606	0.00164	0.00250	0.00932	0.06280	0.00496
2	0.01146	0.01142	0.01617	0.06664	0.01539	0.01589	0.01177	0.01278	0.00826	0.01278	0.00710	0.01174	0.00695	0.00899	0.01654	0.00228	0.75112	0.00463	0.00232	0.00579
3	0.02010	0.01481	0.01587	0.01216	0.01639	0.01639	0.01005	0.76360	0.02486	0.03332	0.01269	0.01269	0.00899	0.00635	0.00529	0.00159	0.00582	0.00476	0.00529	0.00899
4	0.00747	0.00504	0.00583	0.00604	0.00609	0.00498	0.00350	0.00763	0.00811	0.01081	0.01880	0.16772	0.02192	0.67740	0.02345	0.00461	0.00477	0.00895	0.00350	0.00339
5	0.01413	0.81739	0.02770	0.00905	0.01357	0.02092	0.00905	0.01583	0.01074	0.01244	0.00735	0.00848	0.00678	0.00452	0.00339	0.00113	0.00565	0.00283	0.00226	0.00678
6	0.00672	0.00480	0.00645	0.00768	0.00810	0.00453	0.00539	0.00784	0.01039	0.01380	0.02899	0.71096	0.03436	0.01630	0.00682	0.00219	0.00331	0.11210	0.00490	0.00437
7	0.00778	0.00534	0.00680	0.00644	0.00768	0.00498	0.00483	0.01027	0.01448	0.02101	0.68324	0.03702	0.04534	0.01023	0.00592	0.00161	0.00249	0.00898	0.11060	0.00498
8	0.01992	0.01300	0.05802	0.01116	0.01538	0.01267	0.00956	0.36142	0.11985	0.29765	0.01658	0.01542	0.01126	0.00645	0.00530	0.00164	0.00525	0.00507	0.00557	0.00884
9	0.04793	0.01083	0.03452	0.20695	0.04034	0.02944	0.00956	0.05098	0.14237	0.03448	0.01206	0.01372	0.00930	0.00520	0.00465	0.00137	0.00511	0.00426	0.03366	0.30329
10	0.08519	0.01587	0.01591	0.01565	0.14856	0.27299	0.08106	0.05677	0.03454	0.08434	0.01088	0.01229	0.00842	0.00524	0.00482	0.00144	0.00679	0.00420	0.03972	0.09530

[dist]
# distance from previous block
# <min> <max>
0	7

[block]
# block no. 4 follows, 46 sequences, length 13
# corresponding to MSA columns:
# 604-616
name=unknown_E
#
# <colnr> <probs for GDERKNQSTAVLIFYWHMCP>
#	G	D	E	R	K	N	Q	S	T	A	V	L	I	F	Y	W	H	M	C	P
0	0.03787	0.04866	0.12446	0.01161	0.06615	0.02828	0.00983	0.15471	0.04081	0.03522	0.01054	0.01170	0.00819	0.00484	0.00447	0.00122	0.00521	0.00378	0.00347	0.38899
1	0.08198	0.00920	0.01098	0.05243	0.01240	0.04725	0.01872	0.03755	0.03288	0.03406	0.04714	0.19822	0.11785	0.02798	0.02614	0.00218	0.22581	0.00797	0.00380	0.00547
2	0.00723	0.00539	0.00672	0.00639	0.00774	0.00488	0.00479	0.00949	0.01437	0.01979	0.63043	0.04181	0.19877	0.01133	0.00624	0.00169	0.00253	0.00989	0.00563	0.00488
3	0.01143	0.00984	0.01141	0.06037	0.01408	0.01100	0.02948	0.02217	0.51400	0.02063	0.14852	0.02503	0.08313	0.00808	0.00561	0.00177	0.00410	0.00692	0.00514	0.00729
4	0.02020	0.00872	0.01158	0.00890	0.01282	0.00740	0.00727	0.02234	0.01446	0.59334	0.08982	0.01890	0.01570	0.00653	0.00518	0.00150	0.00422	0.00537	0.00594	0.13978
5	0.01285	0.00608	0.00673	0.00605	0.00794	0.00592	0.00471	0.04518	0.01239	0.16253	0.01773	0.01911	0.01328	0.00624	0.00406	0.00132	0.00298	0.00499	0.65405	0.00585
6	0.01759	0.33377	0.02003	0.01170	0.01526	0.41877	0.00974	0.08840	0.01425	0.01465	0.00827	0.00942	0.00700	0.00517	0.00428	0.00129	0.00767	0.00331	0.00278	0.00665
7	0.00825	0.00647	0.00732	0.00736	0.00919	0.00608	0.00598	0.07925	0.01328	0.01654	0.04178	0.05004	0.47403	0.01311	0.00649	0.00197	0.00365	0.23927	0.00493	0.00501
8	0.02203	0.01154	0.06032	0.01043	0.01478	0.01016	0.00904	0.20608	0.01727	0.55388	0.01816	0.01628	0.01169	0.00640	0.00529	0.00163	0.00502	0.00509	0.00597	0.00892
9	0.01586	0.17179	0.01818	0.10733	0.07226	0.25498	0.01105	0.09080	0.01326	0.04838	0.00907	0.01114	0.00745	0.00597	0.00677	0.00157	0.14052	0.00396	0.00293	0.00673
10	0.00845	0.00642	0.00790	0.00735	0.00890	0.00638	0.00556	0.01307	0.14411	0.02136	0.64926	0.03612	0.04412	0.01019	0.00609	0.00168	0.00278	0.00895	0.00574	0.00556
11	0.01153	0.01041	0.01122	0.00820	0.01277	0.05757	0.00652	0.01381	0.01122	0.01695	0.00932	0.01087	0.00776	0.00401	0.00397	0.00082	0.00428	0.00315	0.00311	0.79251
12	0.00651	0.00469	0.00605	0.00711	0.00751	0.00436	0.00473	0.00740	0.01011	0.01335	0.03012	0.70609	0.08802	0.06717	0.00800	0.00231	0.00317	0.01428	0.00480	0.00424

[dist]
# distance from previous block
# <min> <max>
0	1

[block]
# block no. 5 follows, 46 sequences, length 48
# corresponding to MSA columns:
# 618-665
name=unknown_F
#
# <colnr> <probs for GDERKNQSTAVLIFYWHMCP>
#	G	D	E	R	K	N	Q	S	T	A	V	L	I	F	Y	W	H	M	C	P
0	0.01385	0.05581	0.11162	0.06644	0.21401	0.06685	0.02421	0.01684	0.01207	0.11423	0.01084	0.01245	0.00833	0.00483	0.00473	0.00134	0.00586	0.00407	0.00319	0.24843
1	0.01581	0.45651	0.06746	0.01073	0.02929	0.11895	0.00978	0.07708	0.04239	0.08933	0.03116	0.01140	0.00914	0.00529	0.00419	0.00133	0.00606	0.00370	0.00320	0.00719
2	0.12534	0.02835	0.18995	0.02852	0.19013	0.02668	0.01246	0.10452	0.01358	0.19127	0.01265	0.03267	0.00935	0.00572	0.00495	0.00162	0.00587	0.00463	0.00385	0.00790
3	0.01891	0.01440	0.03924	0.01175	0.01588	0.01527	0.00989	0.66475	0.03470	0.04539	0.03252	0.01466	0.03139	0.00662	0.00531	0.00160	0.00561	0.00506	0.01840	0.00866
4	0.00726	0.00533	0.00662	0.00641	0.00769	0.00484	0.00476	0.00943	0.01398	0.01935	0.57007	0.09361	0.18188	0.01153	0.00619	0.00170	0.00257	0.01008	0.03186	0.00484
5	0.01385	0.72733	0.02642	0.00959	0.01360	0.02039	0.00933	0.01548	0.01045	0.01247	0.00730	0.00883	0.00680	0.00505	0.00495	0.00126	0.09494	0.00303	0.00227	0.00667
6	0.05728	0.00567	0.00626	0.00603	0.00766	0.00514	0.00455	0.00913	0.01317	0.01794	0.37499	0.04326	0.40677	0.01173	0.00606	0.00172	0.00268	0.00995	0.00522	0.00477
7	0.20031	0.00926	0.01041	0.00849	0.01186	0.03850	0.00689	0.02081	0.01358	0.46067	0.10885	0.01831	0.01572	0.00664	0.00488	0.00161	0.00426	0.00521	0.04624	0.00749
8	0.00721	0.00539	0.00669	0.00637	0.00773	0.00487	0.00477	0.00945	0.01432	0.01968	0.61915	0.04199	0.21012	0.01137	0.00624	0.00169	0.00253	0.00991	0.00562	0.00487
9	0.00762	0.00538	0.00707	0.00707	0.00753	0.00584	0.00483	0.00853	0.00807	0.01122	0.01546	0.02797	0.01635	0.44332	0.39386	0.00674	0.00945	0.00672	0.00303	0.00393
10	0.01142	0.00650	0.00671	0.00611	0.00782	0.00674	0.00473	0.13117	0.01336	0.02190	0.03487	0.01908	0.01370	0.00630	0.00401	0.00130	0.00300	0.00501	0.69069	0.00557
11	0.00644	0.00460	0.00613	0.00736	0.00767	0.00429	0.00491	0.00736	0.01012	0.01350	0.02914	0.81076	0.03497	0.01656	0.00675	0.00215	0.00307	0.01503	0.00491	0.00429
12	0.02277	0.01052	0.01321	0.01013	0.01426	0.01003	0.00837	0.21931	0.01768	0.58774	0.01871	0.01660	0.01201	0.00649	0.00531	0.00162	0.00484	0.00517	0.00621	0.00900
13	0.00644	0.00460	0.00613	0.00736	0.00767	0.00429	0.00491	0.00736	0.01012	0.01350	0.02914	0.81076	0.03497	0.01656	0.00675	0.00215	0.00307	0.01503	0.00491	0.00429
14	0.00852	0.00608	0.00852	0.00974	0.01095	0.00608	0.00852	0.01095	0.01217	0.01582	0.02799	0.05963	0.03042	0.01460	0.00730	0.00243	0.00487	0.74565	0.00487	0.00487
15	0.80211	0.01015	0.00804	0.00710	0.01042	0.01162	0.00585	0.01615	0.00936	0.06918	0.00817	0.00915	0.00616	0.00501	0.00339	0.00164	0.00411	0.00301	0.00347	0.00592
16	0.01352	0.01178	0.01255	0.01144	0.04417	0.03412	0.00859	0.07256	0.58432	0.02181	0.01871	0.01771	0.01415	0.00659	0.00518	0.00164	0.00449	0.00545	0.00493	0.10630
17	0.01810	0.13077	0.01661	0.01206	0.01559	0.30689	0.00972	0.27180	0.13017	0.02110	0.01156	0.01197	0.00893	0.00588	0.00484	0.00147	0.00694	0.00416	0.00392	0.00752
18	0.00750	0.00543	0.00699	0.00722	0.00822	0.00522	0.00533	0.00901	0.01179	0.03209	0.23837	0.29274	0.17694	0.01522	0.05323	0.03151	0.02866	0.05498	0.00490	0.00465
19	0.01311	0.00820	0.01181	0.18363	0.01696	0.00836	0.03377	0.05307	0.02853	0.19151	0.09032	0.04161	0.01639	0.06785	0.03545	0.08003	0.00541	0.05005	0.00421	0.05977
20	0.01314	0.36348	0.33187	0.06336	0.01901	0.07230	0.01369	0.01674	0.01134	0.03837	0.00883	0.01030	0.00696	0.00490	0.00433	0.00142	0.00686	0.00350	0.00242	0.00716
21	0.00823	0.00591	0.00725	0.00703	0.00779	0.00623	0.00485	0.05342	0.00945	0.01274	0.01951	0.03034	0.09758	0.41837	0.28285	0.00570	0.00796	0.00720	0.00338	0.00420
22	0.00673	0.00499	0.00628	0.00678	0.00764	0.00454	0.00477	0.00821	0.01197	0.01602	0.26515	0.43482	0.17428	0.01421	0.00650	0.00193	0.00282	0.01264	0.00519	0.00454
23	0.03710	0.00873	0.01326	0.42141	0.05381	0.00992	0.02369	0.06387	0.01188	0.06123	0.02818	0.18573	0.04322	0.00818	0.00560	0.00181	0.00564	0.00723	0.00354	0.00598
24	0.01060	0.02735	0.78682	0.01507	0.02288	0.01228	0.01953	0.01674	0.01116	0.01674	0.00949	0.01116	0.00670	0.00502	0.00502	0.00167	0.00781	0.00391	0.00223	0.00781
25	0.14711	0.00838	0.01014	0.00825	0.01145	0.00794	0.00669	0.04555	0.01421	0.43324	0.17315	0.02087	0.01936	0.00713	0.00508	0.00161	0.00393	0.00576	0.06275	0.00740
26	0.01156	0.01010	0.01354	0.15949	0.01675	0.03909	0.01015	0.06725	0.01064	0.04062	0.05591	0.01656	0.01142	0.06108	0.10231	0.03286	0.32672	0.00523	0.00302	0.00570
27	0.00998	0.00940	0.01586	0.80150	0.03641	0.01175	0.01468	0.01351	0.01057	0.01351	0.00940	0.01409	0.00705	0.00529	0.00529	0.00176	0.00705	0.00470	0.00235	0.00587
28	0.00785	0.00573	0.00722	0.00679	0.00815	0.00544	0.00511	0.01103	0.05847	0.02099	0.68677	0.03800	0.06842	0.01051	0.00610	0.00166	0.00260	0.00924	0.03473	0.00517
29	0.00683	0.00475	0.00627	0.00742	0.00787	0.00449	0.00515	0.00797	0.01036	0.01407	0.02833	0.69781	0.03329	0.01577	0.00661	0.00212	0.00319	0.07834	0.05499	0.00438
30	0.01261	0.01148	0.01911	0.09357	0.60330	0.01164	0.01458	0.01597	0.03060	0.04033	0.08384	0.01600	0.01255	0.00545	0.00534	0.00160	0.00588	0.00522	0.00308	0.00786
31	0.01074	0.04772	0.05703	0.00814	0.01195	0.02758	0.00689	0.01310	0.01177	0.04436	0.13953	0.04555	0.04594	0.03481	0.00541	0.00128	0.00413	0.00519	0.00372	0.47514
32	0.38230	0.13681	0.01469	0.04783	0.05185	0.14348	0.03757	0.05473	0.04207	0.01938	0.00868	0.01013	0.00695	0.00517	0.00427	0.00154	0.01953	0.00351	0.00310	0.00642
33	0.82700	0.01019	0.00790	0.00702	0.01032	0.01174	0.00579	0.01584	0.00918	0.04629	0.00776	0.00887	0.00594	0.00496	0.00333	0.00164	0.00410	0.00294	0.00337	0.00582
34	0.00936	0.00806	0.03485	0.11644	0.03057	0.00768	0.05221	0.05648	0.03945	0.03250	0.37528	0.09584	0.10078	0.00963	0.00599	0.00173	0.00409	0.00855	0.00479	0.00571
35	0.00685	0.00491	0.00653	0.00727	0.00790	0.00459	0.00511	0.00831	0.01165	0.01588	0.24966	0.54551	0.03913	0.01477	0.00662	0.00202	0.00299	0.05058	0.00517	0.00453
36	0.01162	0.01083	0.01841	0.10111	0.51926	0.01104	0.04490	0.01441	0.01143	0.01598	0.01295	0.04736	0.03626	0.00866	0.05955	0.03133	0.00665	0.02820	0.00283	0.00723
37	0.00675	0.00538	0.00606	0.00589	0.00745	0.00468	0.00441	0.00857	0.01324	0.01712	0.35053	0.04621	0.48034	0.01233	0.00624	0.00173	0.00260	0.01050	0.00528	0.00468
38	0.02122	0.00904	0.01189	0.00931	0.01304	0.00819	0.00761	0.07413	0.03936	0.61940	0.11021	0.02024	0.01727	0.00706	0.00543	0.00164	0.00434	0.00580	0.00634	0.00850
39	0.01060	0.02735	0.78682	0.01507	0.02288	0.01228	0.01953	0.01674	0.01116	0.01674	0.00949	0.01116	0.00670	0.00502	0.00502	0.00167	0.00781	0.00391	0.00223	0.00781
40	0.00748	0.00540	0.00707	0.00665	0.00790	0.00499	0.00499	0.00998	0.01496	0.02120	0.77844	0.03949	0.04988	0.01081	0.00624	0.00166	0.00249	0.00956	0.00582	0.00499
41	0.01131	0.01081	0.01851	0.46762	0.34220	0.01212	0.03252	0.01470	0.01122	0.01513	0.00965	0.01368	0.00761	0.00503	0.00529	0.00168	0.00678	0.00474	0.00247	0.00693
42	0.02010	0.01481	0.01587	0.01216	0.01639	0.01639	0.01005	0.76360	0.02486	0.03332	0.01269	0.01269	0.00899	0.00635	0.00529	0.00159	0.00582	0.00476	0.00529	0.00899
43	0.00998	0.00940	0.01586	0.80150	0.03641	0.01175	0.01468	0.01351	0.01057	0.01351	0.00940	0.01409	0.00705	0.00529	0.00529	0.00176	0.00705	0.00470	0.00235	0.00587
44	0.00767	0.00520	0.00593	0.00601	0.00617	0.00516	0.00359	0.00790	0.00819	0.01081	0.01919	0.03702	0.05685	0.72302	0.02462	0.00479	0.00499	0.05613	0.00340	0.00337
45	0.04414	0.13066	0.57715	0.01351	0.02015	0.06624	0.01644	0.01672	0.01128	0.01628	0.00929	0.01088	0.00691	0.00502	0.00468	0.00156	0.00732	0.00372	0.03065	0.00738
46	0.16181	0.06333	0.05545	0.03763	0.01499	0.02823	0.00920	0.23401	0.25778	0.02377	0.01395	0.01426	0.01054	0.00774	0.04308	0.00197	0.00561	0.00467	0.00434	0.00765
47	0.04622	0.05406	0.27354	0.03220	0.04582	0.01139	0.07943	0.04892	0.07527	0.15387	0.01417	0.03407	0.02944	0.00585	0.00508	0.00160	0.00606	0.00493	0.00368	0.07439

[dist]
# distance from previous block
# <min> <max>
0	42

[block]
# block no. 6 follows, 46 sequences, length 18
# corresponding to MSA columns:
# 708-725
name=unknown_G
#
# <colnr> <probs for GDERKNQSTAVLIFYWHMCP>
#	G	D	E	R	K	N	Q	S	T	A	V	L	I	F	Y	W	H	M	C	P
0	0.52335	0.04438	0.05731	0.00829	0.01162	0.01149	0.00723	0.06751	0.04243	0.02188	0.01158	0.08133	0.01050	0.00662	0.00417	0.00168	0.00446	0.04718	0.00362	0.03337
1	0.04172	0.00622	0.03827	0.00666	0.00819	0.00511	0.00515	0.00854	0.01163	0.01543	0.13738	0.29854	0.37149	0.01340	0.00624	0.00188	0.00305	0.01159	0.00485	0.00467
2	0.01418	0.17608	0.16245	0.01374	0.09687	0.06581	0.05905	0.03072	0.03246	0.11976	0.02875	0.03858	0.01016	0.00558	0.00493	0.00145	0.01650	0.00455	0.00334	0.11503
3	0.35562	0.09393	0.12437	0.13400	0.08015	0.01267	0.01050	0.03347	0.03200	0.03831	0.00976	0.03687	0.00790	0.00544	0.00428	0.00162	0.00544	0.00403	0.00307	0.00656
4	0.00769	0.00513	0.00577	0.00577	0.00577	0.00513	0.00320	0.00769	0.00769	0.01025	0.01666	0.03460	0.01922	0.81421	0.02691	0.00513	0.00513	0.00769	0.00320	0.00320
5	0.00789	0.00683	0.03784	0.00846	0.05010	0.00595	0.00613	0.01064	0.05076	0.01793	0.38996	0.13161	0.16139	0.06306	0.00751	0.00199	0.00332	0.02844	0.00503	0.00516
6	0.07858	0.12102	0.08098	0.09521	0.10229	0.05365	0.12932	0.09930	0.01360	0.15902	0.01164	0.01294	0.00849	0.00530	0.00498	0.00158	0.00644	0.00454	0.00359	0.00753
7	0.06091	0.00837	0.01143	0.05104	0.06632	0.00842	0.05046	0.04649	0.08904	0.14622	0.17654	0.12595	0.04979	0.04011	0.00652	0.00189	0.00434	0.02991	0.01983	0.00642
8	0.00811	0.00556	0.00716	0.00786	0.00885	0.00539	0.00596	0.01041	0.04776	0.03632	0.10260	0.39081	0.06297	0.01386	0.00649	0.00206	0.00351	0.20157	0.06787	0.00489
9	0.03958	0.11636	0.17342	0.16891	0.17098	0.01376	0.08231	0.05240	0.04046	0.01658	0.00978	0.01246	0.00771	0.00550	0.00597	0.01469	0.05484	0.00443	0.00268	0.00716
10	0.01377	0.07737	0.04831	0.18093	0.24197	0.02456	0.06924	0.04034	0.03220	0.12892	0.07918	0.01607	0.01241	0.00574	0.00526	0.00161	0.00604	0.00517	0.00353	0.00739
11	0.00823	0.00517	0.00687	0.00772	0.00850	0.00487	0.00561	0.00959	0.01087	0.06835	0.02753	0.57707	0.03118	0.01481	0.00652	0.00209	0.00342	0.13262	0.06421	0.00476
12	0.85155	0.01022	0.00777	0.00695	0.01022	0.01186	0.00573	0.01554	0.00900	0.02372	0.00736	0.00859	0.00573	0.00491	0.00327	0.00164	0.00409	0.00286	0.00327	0.00573
13	0.00763	0.00512	0.00587	0.00592	0.00597	0.00514	0.00339	0.00773	0.00782	0.01046	0.01712	0.06798	0.01971	0.75480	0.05041	0.00510	0.00532	0.00794	0.00327	0.00330
14	0.01357	0.47324	0.11305	0.07862	0.09449	0.01709	0.05895	0.01658	0.02923	0.04769	0.00916	0.01076	0.00753	0.00481	0.00423	0.00137	0.00620	0.00369	0.00259	0.00714
15	0.00950	0.00657	0.02821	0.03273	0.00966	0.00620	0.02444	0.03375	0.04772	0.04232	0.04484	0.27104	0.05051	0.01066	0.02454	0.00183	0.00365	0.00858	0.33799	0.00528
16	0.03778	0.00925	0.01423	0.12862	0.21025	0.00951	0.06203	0.01485	0.08035	0.04993	0.22610	0.02511	0.07500	0.00762	0.00567	0.00170	0.00491	0.02639	0.00411	0.00657
17	0.03732	0.01451	0.03757	0.12391	0.11466	0.14655	0.13953	0.03315	0.03105	0.04000	0.00951	0.01255	0.00773	0.00626	0.00853	0.00181	0.22117	0.00470	0.00279	0.00669

[dist]
# distance from previous block
# <min> <max>
1	18

[block]
# block no. 7 follows, 46 sequences, length 18
# corresponding to MSA columns:
# 745-762
name=unknown_H
#
# <colnr> <probs for GDERKNQSTAVLIFYWHMCP>
#	G	D	E	R	K	N	Q	S	T	A	V	L	I	F	Y	W	H	M	C	P
0	0.06981	0.57830	0.06824	0.09408	0.01651	0.07069	0.01011	0.01597	0.01092	0.01359	0.00775	0.00931	0.00674	0.00472	0.00377	0.00128	0.00608	0.00313	0.00237	0.00663
1	0.06830	0.02573	0.23084	0.22038	0.08110	0.04949	0.02971	0.01655	0.04908	0.08663	0.01409	0.03991	0.05357	0.00615	0.00515	0.00169	0.00640	0.00511	0.00318	0.00693
2	0.01516	0.05982	0.01659	0.12895	0.10765	0.06991	0.03156	0.23885	0.15181	0.03419	0.01293	0.03237	0.01015	0.00636	0.00602	0.00167	0.05938	0.00503	0.00395	0.00765
3	0.01977	0.02469	0.01502	0.01355	0.01635	0.75490	0.01021	0.05753	0.01547	0.01394	0.00839	0.00969	0.00692	0.00549	0.00479	0.00137	0.00935	0.00347	0.00285	0.00627
4	0.01311	0.01222	0.01941	0.08858	0.58116	0.01273	0.01471	0.04543	0.12480	0.01829	0.01172	0.01413	0.00944	0.00518	0.00526	0.00162	0.00601	0.00490	0.00310	0.00820
5	0.00862	0.00643	0.00879	0.00954	0.01053	0.00681	0.00808	0.01065	0.01134	0.01491	0.02575	0.05254	0.05032	0.09938	0.01023	0.00269	0.07392	0.58024	0.00447	0.00476
6	0.00769	0.00513	0.00577	0.00577	0.00577	0.00513	0.00320	0.00769	0.00769	0.01025	0.01666	0.03460	0.01922	0.81421	0.02691	0.00513	0.00513	0.00769	0.00320	0.00320
7	0.05038	0.00580	0.00716	0.00683	0.00818	0.00545	0.00499	0.01084	0.01295	0.08555	0.43022	0.14934	0.08560	0.10312	0.00845	0.00213	0.00315	0.00955	0.00527	0.00504
8	0.00981	0.00755	0.05985	0.00852	0.01012	0.00639	0.00676	0.03532	0.05777	0.10078	0.04484	0.43584	0.02725	0.08514	0.00819	0.00230	0.00403	0.07931	0.00482	0.00542
9	0.00810	0.00539	0.00676	0.00714	0.00770	0.00527	0.00501	0.00910	0.00999	0.03517	0.08828	0.17501	0.02704	0.39814	0.01647	0.00359	0.00446	0.17908	0.00421	0.00410
10	0.01097	0.22260	0.44522	0.05786	0.01914	0.01342	0.01449	0.01515	0.01099	0.01510	0.02983	0.01495	0.05663	0.04553	0.00581	0.00172	0.00665	0.00445	0.00254	0.00694
11	0.00760	0.00502	0.00578	0.00600	0.00614	0.00496	0.00355	0.00794	0.00836	0.01148	0.01899	0.17595	0.02173	0.61393	0.02166	0.00432	0.00457	0.00885	0.05966	0.00352
12	0.01130	0.00961	0.02958	0.16862	0.19707	0.00973	0.03749	0.01579	0.11052	0.07022	0.21944	0.04382	0.03948	0.00742	0.00563	0.00170	0.00498	0.00668	0.00416	0.00676
13	0.01279	0.01221	0.02079	0.03135	0.74741	0.01220	0.01573	0.01584	0.01195	0.01711	0.01078	0.04796	0.00954	0.00523	0.00530	0.00160	0.00614	0.00516	0.00272	0.00820
14	0.01756	0.01423	0.06581	0.01109	0.01477	0.12056	0.00936	0.26312	0.11665	0.17944	0.11624	0.01770	0.01572	0.00687	0.00534	0.00161	0.00555	0.00542	0.00506	0.00790
15	0.19031	0.10225	0.03347	0.02897	0.11870	0.02552	0.00948	0.21948	0.04661	0.07748	0.01325	0.02479	0.04276	0.00596	0.00465	0.00154	0.00522	0.00455	0.00398	0.04106
16	0.08708	0.03754	0.01618	0.42346	0.18933	0.04720	0.01322	0.03230	0.02697	0.01594	0.01061	0.01571	0.00878	0.00571	0.00513	0.00171	0.00647	0.04738	0.00278	0.00650
17	0.01368	0.04146	0.04223	0.15066	0.19087	0.03692	0.06167	0.08128	0.06035	0.10314	0.02486	0.06106	0.02103	0.00692	0.00634	0.03896	0.02740	0.00554	0.00359	0.02203

[dist]
# distance from previous block
# <min> <max>
6	75

[block]
# block no. 8 follows, 46 sequences, length 11
# corresponding to MSA columns:
# 838-848
name=unknown_I
#
# <colnr> <probs for GDERKNQSTAVLIFYWHMCP>
#	G	D	E	R	K	N	Q	S	T	A	V	L	I	F	Y	W	H	M	C	P
0	0.05674	0.02609	0.02596	0.00757	0.00962	0.00828	0.00580	0.16543	0.01308	0.01786	0.05841	0.04481	0.20578	0.25918	0.03720	0.00293	0.00476	0.00746	0.00416	0.03891
1	0.01133	0.01333	0.22635	0.03718	0.01556	0.00951	0.04489	0.03889	0.09284	0.08954	0.08066	0.01887	0.01449	0.03378	0.20380	0.00346	0.00788	0.00549	0.04551	0.00665
2	0.18536	0.00691	0.00781	0.00744	0.00920	0.00687	0.00553	0.01316	0.01085	0.16918	0.05859	0.22344	0.04513	0.16653	0.00965	0.00250	0.00404	0.05781	0.00461	0.00539
3	0.01200	0.01145	0.01949	0.30203	0.52015	0.01227	0.01568	0.01527	0.01152	0.01595	0.00975	0.01344	0.00791	0.00491	0.00525	0.00164	0.00655	0.00471	0.00252	0.00750
4	0.01578	0.00943	0.01156	0.00858	0.01293	0.00775	0.00695	0.05889	0.01330	0.28431	0.03821	0.01441	0.01106	0.00518	0.00455	0.00115	0.00418	0.00418	0.00452	0.48308
5	0.01198	0.00697	0.00719	0.00643	0.00828	0.00730	0.00501	0.16794	0.01394	0.02253	0.01630	0.01826	0.01261	0.00620	0.00403	0.00131	0.00316	0.00489	0.66992	0.00577
6	0.00865	0.01232	0.22659	0.00896	0.01284	0.00726	0.00906	0.01169	0.01186	0.01657	0.13957	0.09054	0.23241	0.00894	0.00546	0.00156	0.00438	0.00752	0.00393	0.17989
7	0.00755	0.00566	0.00850	0.00850	0.00944	0.00661	0.00661	0.00944	0.00850	0.01227	0.01416	0.02077	0.01322	0.03965	0.79326	0.00850	0.01416	0.00566	0.00283	0.00472
8	0.01171	0.01091	0.01828	0.02725	0.62100	0.01085	0.01388	0.01439	0.01164	0.01649	0.01392	0.17831	0.01388	0.00717	0.00555	0.00169	0.00561	0.00685	0.00309	0.00753
9	0.01047	0.00900	0.01453	0.50834	0.15427	0.01047	0.01266	0.01371	0.01092	0.01542	0.01111	0.01509	0.00862	0.00537	0.00495	0.00162	0.00597	0.00475	0.17664	0.00609
10	0.00963	0.00879	0.01368	0.60343	0.02951	0.01043	0.01228	0.04379	0.01148	0.01450	0.01868	0.02165	0.16705	0.00701	0.00548	0.00176	0.00609	0.00604	0.00300	0.00571

[dist]
# distance from previous block
# <min> <max>
0	411

# created by:
# /home/berkeley/.conda/envs/busco_data_prod/bin/msa2prfl.pl pipeline/OGs_align_augustus/33634/165918.fs
