[name]
unknown

[dist]
# distance from previous block
# <min> <max>
46	258

[block]
# block no. 0 follows, 35 sequences, length 36
# corresponding to MSA columns:
# 513-528,530-539,543-552
name=unknown_A
#
# <colnr> <probs for GDERKNQSTAVLIFYWHMCP>
#	G	D	E	R	K	N	Q	S	T	A	V	L	I	F	Y	W	H	M	C	P
0	0.13294	0.01294	0.04091	0.06190	0.13235	0.01207	0.04118	0.08017	0.01582	0.15091	0.06935	0.02000	0.02884	0.00713	0.00590	0.00181	0.00601	0.02087	0.00484	0.15406
1	0.03445	0.02742	0.01297	0.01182	0.05973	0.00899	0.00855	0.01879	0.05094	0.19646	0.06071	0.20786	0.02335	0.01054	0.00644	0.00189	0.00483	0.03950	0.00563	0.20915
2	0.01737	0.03716	0.01588	0.01360	0.08493	0.03573	0.00979	0.12878	0.05898	0.11738	0.04622	0.01799	0.01378	0.03920	0.00674	0.00169	0.00571	0.00536	0.00489	0.33880
3	0.03779	0.04543	0.06156	0.12744	0.07656	0.04345	0.01158	0.01862	0.04528	0.11467	0.08046	0.05937	0.03907	0.03452	0.00748	0.00206	0.02439	0.04484	0.00463	0.12080
4	0.01965	0.01071	0.01464	0.05897	0.08037	0.01000	0.01001	0.02316	0.05473	0.35126	0.09709	0.04647	0.04995	0.00853	0.00678	0.00189	0.02683	0.00713	0.00613	0.11570
5	0.01862	0.09934	0.06563	0.08926	0.12037	0.08557	0.04409	0.05245	0.05443	0.19421	0.03676	0.02122	0.07523	0.00764	0.00620	0.00190	0.00702	0.00634	0.00483	0.00889
6	0.01347	0.18417	0.04128	0.01785	0.20823	0.01386	0.01179	0.04648	0.03276	0.01947	0.05192	0.10242	0.12320	0.00981	0.00629	0.00191	0.00587	0.05615	0.00431	0.04875
7	0.01896	0.01367	0.01695	0.04119	0.13411	0.03373	0.01132	0.17588	0.05790	0.15529	0.05207	0.01794	0.01399	0.00681	0.00595	0.00167	0.00604	0.00562	0.00524	0.22566
8	0.01822	0.01809	0.02236	0.07338	0.32920	0.15503	0.05110	0.13349	0.06283	0.02268	0.01280	0.01540	0.01021	0.00659	0.00689	0.00192	0.04113	0.00555	0.00386	0.00926
9	0.05238	0.00947	0.01157	0.03608	0.01426	0.00998	0.02949	0.01863	0.23014	0.02131	0.07416	0.24804	0.05967	0.01325	0.00719	0.00231	0.00481	0.10931	0.00575	0.04220
10	0.41322	0.00964	0.00908	0.00830	0.01077	0.01059	0.00618	0.01596	0.01087	0.08381	0.01463	0.02284	0.01376	0.26298	0.08066	0.00408	0.00644	0.00589	0.00419	0.00611
11	0.11284	0.04720	0.01755	0.01632	0.11784	0.03850	0.04594	0.09919	0.22903	0.12367	0.07189	0.02027	0.01688	0.00762	0.00611	0.00198	0.00603	0.00633	0.00548	0.00930
12	0.01102	0.00551	0.00826	0.00826	0.00826	0.00551	0.00551	0.00826	0.00826	0.01102	0.01102	0.01928	0.01102	0.02204	0.02479	0.81543	0.00551	0.00551	0.00275	0.00275
13	0.01315	0.02983	0.60983	0.01973	0.02854	0.01498	0.15479	0.02013	0.01369	0.02013	0.01166	0.01410	0.00834	0.00590	0.00630	0.00203	0.00963	0.00522	0.00278	0.00922
14	0.01585	0.01540	0.02502	0.05841	0.67641	0.03827	0.01895	0.01992	0.03271	0.02058	0.01220	0.01581	0.01018	0.00578	0.00627	0.00189	0.00762	0.00564	0.00322	0.00988
15	0.01388	0.01388	0.01943	0.01666	0.01666	0.01943	0.01388	0.01527	0.00972	0.01527	0.00833	0.01388	0.00833	0.01110	0.02082	0.00278	0.76544	0.00555	0.00278	0.00694
16	0.01578	0.01363	0.01434	0.01291	0.01650	0.01578	0.01004	0.03371	0.72602	0.02654	0.02582	0.02367	0.01937	0.00861	0.00646	0.00215	0.00502	0.00717	0.00646	0.01004
17	0.01572	0.01467	0.02257	0.03169	0.53663	0.01527	0.01684	0.02344	0.21267	0.02234	0.01580	0.01792	0.01264	0.00648	0.00633	0.00196	0.00684	0.00608	0.00406	0.01005
18	0.82186	0.01227	0.00932	0.00834	0.01227	0.01423	0.00687	0.01865	0.01080	0.02846	0.00883	0.01031	0.00687	0.00589	0.00393	0.00196	0.00491	0.00344	0.00393	0.00687
19	0.00891	0.00620	0.00683	0.00683	0.00722	0.00600	0.00402	0.00920	0.01019	0.01320	0.02819	0.04513	0.15485	0.63616	0.02770	0.00541	0.00561	0.01000	0.00422	0.00412
20	0.82186	0.01227	0.00932	0.00834	0.01227	0.01423	0.00687	0.01865	0.01080	0.02846	0.00883	0.01031	0.00687	0.00589	0.00393	0.00196	0.00491	0.00344	0.00393	0.00687
21	0.01534	0.01057	0.01313	0.01311	0.04602	0.01107	0.01022	0.11493	0.16145	0.10577	0.02738	0.10426	0.02613	0.03099	0.00809	0.00252	0.00568	0.27922	0.00610	0.00801
22	0.01570	0.01507	0.02575	0.03894	0.73748	0.01507	0.01947	0.01947	0.01444	0.02073	0.01193	0.01570	0.01005	0.00565	0.00628	0.00188	0.00754	0.00565	0.00314	0.01005
23	0.00943	0.00681	0.00928	0.01064	0.01188	0.00665	0.00881	0.01182	0.01399	0.01818	0.03589	0.24361	0.08254	0.01801	0.00852	0.00279	0.00514	0.48452	0.00586	0.00564
24	0.00813	0.00581	0.00782	0.00929	0.00984	0.00550	0.00659	0.00953	0.01254	0.01664	0.03474	0.65974	0.04108	0.01950	0.00820	0.00263	0.00403	0.12723	0.00588	0.00526
25	0.02579	0.01387	0.06464	0.01407	0.06171	0.01205	0.01141	0.16274	0.01988	0.51346	0.02142	0.01945	0.01389	0.00755	0.00634	0.00195	0.00610	0.00609	0.00693	0.01065
26	0.01546	0.01483	0.02532	0.08519	0.69309	0.01501	0.01935	0.01926	0.01433	0.02044	0.01189	0.01578	0.00995	0.00570	0.00628	0.00190	0.00760	0.00565	0.00312	0.00986
27	0.01010	0.00721	0.01008	0.01154	0.01294	0.00719	0.01000	0.01293	0.01448	0.01884	0.03366	0.10703	0.03679	0.01764	0.00873	0.00290	0.00573	0.66055	0.00584	0.00581
28	0.82186	0.01227	0.00932	0.00834	0.01227	0.01423	0.00687	0.01865	0.01080	0.02846	0.00883	0.01031	0.00687	0.00589	0.00393	0.00196	0.00491	0.00344	0.00393	0.00687
29	0.00932	0.00620	0.00747	0.00747	0.00763	0.00636	0.00453	0.00946	0.00930	0.01256	0.01899	0.03773	0.02127	0.62474	0.13441	0.05851	0.00766	0.00864	0.00371	0.00403
30	0.01759	0.01516	0.02325	0.04995	0.52146	0.01563	0.01713	0.13950	0.06234	0.05496	0.01392	0.01641	0.01097	0.00629	0.00631	0.00191	0.00721	0.00579	0.00409	0.01013
31	0.82186	0.01227	0.00932	0.00834	0.01227	0.01423	0.00687	0.01865	0.01080	0.02846	0.00883	0.01031	0.00687	0.00589	0.00393	0.00196	0.00491	0.00344	0.00393	0.00687
32	0.01409	0.01259	0.01983	0.60798	0.03932	0.01509	0.04692	0.13066	0.01558	0.02027	0.01199	0.01665	0.00889	0.00651	0.00639	0.00208	0.00831	0.00573	0.00341	0.00772
33	0.17590	0.00691	0.00777	0.00873	0.00983	0.00703	0.00609	0.01086	0.01187	0.01873	0.02957	0.61539	0.03471	0.01699	0.00724	0.00245	0.00393	0.01502	0.00548	0.00551
34	0.82186	0.01227	0.00932	0.00834	0.01227	0.01423	0.00687	0.01865	0.01080	0.02846	0.00883	0.01031	0.00687	0.00589	0.00393	0.00196	0.00491	0.00344	0.00393	0.00687
35	0.01538	0.01266	0.02081	0.02985	0.51226	0.01243	0.01561	0.01846	0.01435	0.09456	0.01805	0.17272	0.01723	0.00882	0.00667	0.00204	0.00652	0.00829	0.00420	0.00911

[dist]
# distance from previous block
# <min> <max>
1	42

[block]
# block no. 1 follows, 35 sequences, length 48
# corresponding to MSA columns:
# 595-616,620-635,639-648
name=unknown_B
#
# <colnr> <probs for GDERKNQSTAVLIFYWHMCP>
#	G	D	E	R	K	N	Q	S	T	A	V	L	I	F	Y	W	H	M	C	P
0	0.01379	0.08422	0.56432	0.04703	0.06597	0.04995	0.02107	0.02057	0.03973	0.01963	0.01168	0.01371	0.00859	0.00609	0.00591	0.00195	0.00899	0.00475	0.00288	0.00916
1	0.01637	0.18436	0.02865	0.07970	0.25525	0.01794	0.18619	0.08990	0.04299	0.02117	0.01228	0.01518	0.00984	0.00589	0.00611	0.00186	0.00806	0.00567	0.00349	0.00912
2	0.76423	0.01267	0.01003	0.00879	0.01280	0.01462	0.00725	0.06905	0.01217	0.02929	0.00930	0.01066	0.00715	0.00601	0.00410	0.00196	0.00506	0.00360	0.00410	0.00715
3	0.00854	0.00640	0.00791	0.00767	0.00924	0.00578	0.00570	0.01106	0.01671	0.02280	0.52431	0.10306	0.21911	0.01420	0.00753	0.00207	0.00309	0.01240	0.00664	0.00578
4	0.02490	0.01651	0.01826	0.01400	0.01905	0.01781	0.01157	0.59298	0.02773	0.16630	0.01699	0.01638	0.01167	0.00766	0.00635	0.00191	0.00670	0.00583	0.00662	0.01079
5	0.07658	0.01218	0.01652	0.13833	0.06489	0.01255	0.03709	0.12640	0.05271	0.28497	0.09493	0.02142	0.01749	0.00779	0.00635	0.00199	0.00616	0.00653	0.00590	0.00922
6	0.01350	0.01158	0.01274	0.01051	0.01474	0.01117	0.00824	0.02267	0.31997	0.02289	0.04240	0.02431	0.10222	0.00796	0.00586	0.00163	0.00461	0.00658	0.00526	0.35115
7	0.00825	0.00643	0.00748	0.00727	0.00904	0.00567	0.00543	0.01054	0.01617	0.02130	0.40132	0.07162	0.37753	0.01460	0.00750	0.00208	0.00311	0.01254	0.00644	0.00567
8	0.05476	0.02480	0.46418	0.01661	0.03897	0.01348	0.04406	0.02269	0.01449	0.20601	0.01477	0.01555	0.01006	0.00657	0.00642	0.00201	0.02568	0.00521	0.00410	0.00955
9	0.00898	0.00648	0.00848	0.00798	0.00948	0.00599	0.00599	0.01197	0.01796	0.02544	0.73413	0.04739	0.05986	0.01297	0.00748	0.00200	0.00299	0.01147	0.00698	0.00599
10	0.01284	0.01141	0.01839	0.02575	0.42722	0.01120	0.01372	0.01627	0.01594	0.02273	0.31971	0.02920	0.03128	0.00877	0.00679	0.00193	0.00560	0.00813	0.00478	0.00832
11	0.01611	0.01194	0.02123	0.01897	0.12321	0.01113	0.22515	0.01982	0.01652	0.18157	0.23983	0.02831	0.02713	0.00854	0.00709	0.00203	0.00659	0.02096	0.00545	0.00842
12	0.01198	0.01128	0.01903	0.76180	0.04369	0.01409	0.01762	0.01621	0.01268	0.01621	0.01128	0.01691	0.00846	0.00634	0.00634	0.00211	0.00846	0.00564	0.00282	0.00705
13	0.01315	0.01128	0.01315	0.00940	0.01503	0.00846	0.00752	0.01597	0.01315	0.02067	0.01128	0.01315	0.00940	0.00470	0.00470	0.00094	0.00470	0.00376	0.00376	0.81583
14	0.07351	0.01747	0.01708	0.01618	0.10401	0.21397	0.01150	0.10306	0.01850	0.33589	0.01723	0.01672	0.01189	0.00708	0.00603	0.00186	0.00745	0.00541	0.00563	0.00953
15	0.09489	0.01821	0.02918	0.02261	0.05449	0.14363	0.45687	0.02036	0.01491	0.02007	0.01310	0.05722	0.01091	0.00642	0.00682	0.00205	0.00975	0.00701	0.00343	0.00805
16	0.01139	0.00707	0.00978	0.03211	0.01269	0.00681	0.00846	0.01351	0.01391	0.10463	0.03251	0.36686	0.03555	0.01705	0.00812	0.00263	0.00493	0.29980	0.00602	0.00617
17	0.82186	0.01227	0.00932	0.00834	0.01227	0.01423	0.00687	0.01865	0.01080	0.02846	0.00883	0.01031	0.00687	0.00589	0.00393	0.00196	0.00491	0.00344	0.00393	0.00687
18	0.00805	0.00601	0.00757	0.00868	0.00964	0.00553	0.00628	0.00955	0.01308	0.01685	0.04193	0.49255	0.21071	0.01859	0.00805	0.00252	0.00389	0.11933	0.00588	0.00531
19	0.82186	0.01227	0.00932	0.00834	0.01227	0.01423	0.00687	0.01865	0.01080	0.02846	0.00883	0.01031	0.00687	0.00589	0.00393	0.00196	0.00491	0.00344	0.00393	0.00687
20	0.01077	0.00690	0.00865	0.00831	0.00893	0.00723	0.00551	0.01151	0.01012	0.06687	0.01929	0.03536	0.02040	0.52948	0.19301	0.00665	0.03379	0.00834	0.00400	0.00487
21	0.70331	0.03906	0.01105	0.00917	0.01316	0.06135	0.00754	0.03680	0.01199	0.04664	0.00949	0.01080	0.00733	0.00601	0.00417	0.00192	0.00545	0.00361	0.00401	0.00715
22	0.19744	0.28894	0.02245	0.01525	0.10313	0.20058	0.01142	0.06071	0.01484	0.02022	0.00981	0.01147	0.00825	0.00596	0.00484	0.00165	0.00762	0.00398	0.00338	0.00805
23	0.01001	0.00705	0.00781	0.00764	0.00807	0.00731	0.00459	0.01217	0.09542	0.01401	0.02069	0.03937	0.02262	0.68465	0.02918	0.00567	0.00601	0.00898	0.00416	0.00459
24	0.01491	0.01324	0.02067	0.05024	0.36336	0.01348	0.06152	0.10218	0.05650	0.02433	0.18913	0.02394	0.02271	0.00784	0.00667	0.00195	0.00647	0.00729	0.00464	0.00895
25	0.01323	0.12277	0.65869	0.01721	0.02611	0.01598	0.02193	0.01996	0.01333	0.01947	0.01108	0.01301	0.00805	0.00596	0.00579	0.00193	0.00906	0.00453	0.00268	0.00923
26	0.02580	0.01124	0.01592	0.01200	0.01709	0.00963	0.05209	0.02847	0.01736	0.61117	0.02263	0.02030	0.01457	0.00732	0.00624	0.00185	0.00564	0.00613	0.00708	0.10746
27	0.02037	0.01481	0.01719	0.11682	0.02153	0.01628	0.01180	0.38807	0.13744	0.09619	0.04865	0.01872	0.01439	0.00774	0.00635	0.00194	0.00646	0.00617	0.00593	0.04316
28	0.01901	0.02041	0.10762	0.02040	0.15428	0.17771	0.07614	0.10237	0.15519	0.08022	0.01558	0.01657	0.01170	0.00683	0.00628	0.00193	0.00818	0.00571	0.00450	0.00938
29	0.01022	0.00616	0.00825	0.00913	0.01004	0.00565	0.00630	0.01149	0.01287	0.10346	0.03377	0.68257	0.03880	0.01843	0.00789	0.00250	0.00389	0.01663	0.00612	0.00583
30	0.01713	0.01561	0.05753	0.08065	0.52929	0.02812	0.03077	0.04619	0.01532	0.09828	0.01337	0.01623	0.01044	0.00603	0.00630	0.00191	0.00756	0.00569	0.00372	0.00985
31	0.06535	0.01717	0.06243	0.02368	0.11255	0.03693	0.38343	0.07138	0.06217	0.03900	0.01339	0.01641	0.01019	0.00624	0.00757	0.00209	0.05092	0.00651	0.00374	0.00886
32	0.02253	0.02851	0.01714	0.01563	0.01881	0.69767	0.01172	0.02416	0.01772	0.01564	0.01374	0.01502	0.06068	0.00723	0.00585	0.00167	0.01085	0.00476	0.00346	0.00721
33	0.01370	0.01325	0.02316	0.41471	0.32066	0.01464	0.07302	0.01784	0.01357	0.01834	0.01166	0.01644	0.00919	0.00599	0.00641	0.00202	0.00826	0.00579	0.00298	0.00837
34	0.01321	0.01499	0.10477	0.18933	0.26958	0.01331	0.11702	0.01758	0.01465	0.02045	0.14272	0.02165	0.01843	0.00713	0.00666	0.00201	0.00758	0.00686	0.00372	0.00836
35	0.01062	0.00812	0.00928	0.00900	0.01089	0.00802	0.00671	0.09650	0.06737	0.02141	0.14859	0.22967	0.23987	0.06144	0.00900	0.00248	0.00418	0.04448	0.00603	0.00633
36	0.01410	0.02517	0.41335	0.02121	0.02886	0.01531	0.29280	0.02026	0.01397	0.04033	0.01219	0.01510	0.00889	0.00605	0.00730	0.00209	0.04512	0.00587	0.00304	0.00898
37	0.01610	0.01430	0.10578	0.24322	0.20007	0.01268	0.01564	0.03876	0.01534	0.15857	0.10020	0.02067	0.01636	0.00725	0.00643	0.00200	0.00707	0.00637	0.00444	0.00875
38	0.11063	0.09797	0.52110	0.01709	0.02515	0.01576	0.08774	0.01984	0.01319	0.02064	0.01098	0.01309	0.00806	0.00589	0.00574	0.00196	0.00873	0.00469	0.00288	0.00888
39	0.00936	0.00614	0.00793	0.00861	0.00967	0.00559	0.00602	0.01087	0.01362	0.06995	0.12913	0.53822	0.12573	0.01765	0.00782	0.00240	0.00366	0.01578	0.00617	0.00569
40	0.01428	0.01433	0.02016	0.22059	0.22198	0.08700	0.02920	0.01728	0.01277	0.01708	0.01138	0.01634	0.00975	0.01216	0.09914	0.00312	0.17703	0.00565	0.00302	0.00774
41	0.72507	0.10469	0.01220	0.00864	0.01275	0.01554	0.00735	0.01869	0.01105	0.02683	0.00883	0.01029	0.00702	0.00583	0.00394	0.00189	0.00513	0.00343	0.00378	0.00702
42	0.05086	0.13076	0.29853	0.01894	0.17844	0.01443	0.01627	0.01771	0.01390	0.01988	0.07014	0.02198	0.10717	0.00766	0.00600	0.00190	0.00712	0.00628	0.00357	0.00846
43	0.03502	0.21375	0.07226	0.03449	0.01801	0.14736	0.01145	0.08115	0.20493	0.02130	0.03406	0.01938	0.06587	0.00768	0.00571	0.00182	0.00700	0.00578	0.00446	0.00851
44	0.01240	0.06360	0.04395	0.00964	0.01226	0.00965	0.00791	0.09763	0.01630	0.05452	0.25981	0.06873	0.10681	0.07065	0.08268	0.03432	0.00593	0.00913	0.00546	0.02862
45	0.06179	0.18765	0.28870	0.10506	0.05104	0.03531	0.01628	0.06889	0.01450	0.02016	0.01421	0.01840	0.03671	0.00711	0.00576	0.00192	0.00781	0.04693	0.00338	0.00839
46	0.02942	0.32948	0.16992	0.01543	0.08043	0.03337	0.05737	0.01901	0.01380	0.03810	0.05359	0.01463	0.01178	0.00602	0.00524	0.00160	0.00716	0.00472	0.00333	0.10561
47	0.01550	0.12872	0.28991	0.03598	0.06815	0.15730	0.08605	0.02028	0.02699	0.01910	0.08128	0.01665	0.01359	0.00668	0.00602	0.00186	0.00872	0.00546	0.00336	0.00840

[dist]
# distance from previous block
# <min> <max>
3	54

[block]
# block no. 2 follows, 35 sequences, length 16
# corresponding to MSA columns:
# 708-723
name=unknown_C
#
# <colnr> <probs for GDERKNQSTAVLIFYWHMCP>
#	G	D	E	R	K	N	Q	S	T	A	V	L	I	F	Y	W	H	M	C	P
0	0.01334	0.03144	0.11653	0.06948	0.02189	0.03734	0.16084	0.02076	0.17613	0.02139	0.12571	0.02447	0.02040	0.01153	0.07294	0.00277	0.00807	0.02668	0.00452	0.03377
1	0.13029	0.10651	0.16763	0.01457	0.05439	0.04921	0.06444	0.02097	0.02943	0.15874	0.07201	0.03451	0.03017	0.00869	0.03004	0.00218	0.00720	0.00602	0.00451	0.00848
2	0.07807	0.18856	0.03112	0.09321	0.01695	0.01313	0.02928	0.01658	0.01336	0.09777	0.06433	0.08833	0.08963	0.08000	0.00865	0.00227	0.02426	0.00748	0.00442	0.05260
3	0.13673	0.00891	0.02550	0.00986	0.01205	0.00858	0.03273	0.03033	0.03683	0.03627	0.14428	0.31643	0.08464	0.01369	0.00725	0.00223	0.02020	0.02840	0.00552	0.03958
4	0.08578	0.01606	0.21665	0.05595	0.01939	0.01098	0.03973	0.01870	0.04641	0.12308	0.02068	0.18773	0.01933	0.01024	0.00658	0.00215	0.00644	0.05908	0.00473	0.05032
5	0.01745	0.42528	0.03007	0.01814	0.13360	0.04423	0.10939	0.09624	0.03544	0.01968	0.01108	0.01298	0.00925	0.00582	0.00526	0.00164	0.00756	0.00470	0.00337	0.00882
6	0.06722	0.39170	0.19180	0.08057	0.02245	0.06372	0.06623	0.01945	0.01331	0.01752	0.00998	0.01210	0.00818	0.00574	0.00506	0.00169	0.00797	0.00423	0.00286	0.00823
7	0.24694	0.01567	0.09761	0.10793	0.07497	0.01492	0.08143	0.09706	0.11369	0.04556	0.03634	0.01640	0.01177	0.00673	0.00578	0.00202	0.00680	0.00551	0.00434	0.00852
8	0.08976	0.01229	0.01532	0.01287	0.01632	0.05824	0.08669	0.12932	0.01709	0.20353	0.02294	0.24238	0.02143	0.01115	0.00682	0.00216	0.00608	0.03165	0.00581	0.00815
9	0.01072	0.00570	0.00856	0.00856	0.00873	0.00588	0.00588	0.00873	0.00856	0.01158	0.01192	0.02014	0.01175	0.02591	0.13493	0.69346	0.00725	0.00570	0.00285	0.00320
10	0.01231	0.01163	0.02001	0.51388	0.15221	0.01339	0.06113	0.01619	0.01306	0.01721	0.01410	0.10030	0.01249	0.00766	0.00660	0.00213	0.00792	0.00713	0.00324	0.00742
11	0.01600	0.01435	0.02426	0.12686	0.60850	0.01461	0.01863	0.01975	0.01445	0.06317	0.01263	0.01620	0.01019	0.00587	0.00629	0.00192	0.00752	0.00569	0.00338	0.00972
12	0.16539	0.01183	0.01784	0.43576	0.03218	0.01368	0.07607	0.01859	0.04732	0.06525	0.04737	0.01778	0.01172	0.00669	0.00605	0.00207	0.00737	0.00579	0.00375	0.00748
13	0.05466	0.01313	0.01968	0.11366	0.24259	0.01363	0.07575	0.14622	0.01687	0.05923	0.02007	0.10396	0.07551	0.00866	0.00660	0.00205	0.00680	0.00779	0.00451	0.00862
14	0.07022	0.02755	0.01808	0.05363	0.15312	0.01317	0.07371	0.13748	0.06092	0.08010	0.10549	0.06202	0.03333	0.03241	0.00722	0.00208	0.00621	0.00732	0.00502	0.05092
15	0.17763	0.01162	0.01724	0.11004	0.09741	0.01169	0.12475	0.01724	0.01421	0.06032	0.14212	0.03589	0.05611	0.00782	0.00615	0.00192	0.00614	0.00698	0.00445	0.09028

[dist]
# distance from previous block
# <min> <max>
6	18

[block]
# block no. 3 follows, 35 sequences, length 8
# corresponding to MSA columns:
# 761-768
name=unknown_D
#
# <colnr> <probs for GDERKNQSTAVLIFYWHMCP>
#	G	D	E	R	K	N	Q	S	T	A	V	L	I	F	Y	W	H	M	C	P
0	0.01969	0.00959	0.01262	0.01052	0.01395	0.00913	0.00845	0.06258	0.04378	0.37841	0.14926	0.02835	0.05797	0.01656	0.14549	0.00351	0.00711	0.00768	0.00664	0.00871
1	0.02040	0.05250	0.10712	0.06486	0.09113	0.01396	0.07154	0.08388	0.11951	0.28112	0.01873	0.01858	0.01301	0.00709	0.00631	0.00198	0.00687	0.00606	0.00549	0.00989
2	0.01621	0.48097	0.25524	0.01360	0.02008	0.08467	0.01493	0.01989	0.01349	0.01660	0.00971	0.01130	0.00811	0.00571	0.00483	0.00159	0.00800	0.00386	0.00275	0.00846
3	0.00812	0.00604	0.00757	0.00806	0.00917	0.00549	0.00571	0.00999	0.01464	0.01963	0.28632	0.37739	0.18521	0.01670	0.00776	0.00229	0.00335	0.01481	0.00627	0.00549
4	0.01168	0.00816	0.00999	0.01014	0.02755	0.00809	0.00723	0.07438	0.07649	0.06687	0.12349	0.33536	0.10590	0.06717	0.00919	0.00257	0.00439	0.03870	0.00604	0.00660
5	0.05463	0.04439	0.17251	0.05050	0.09688	0.05212	0.25253	0.01908	0.01424	0.04398	0.04259	0.08086	0.01394	0.00740	0.00697	0.00207	0.02629	0.00711	0.00362	0.00830
6	0.01579	0.11537	0.32975	0.04656	0.12276	0.07766	0.05730	0.02195	0.07581	0.05904	0.01309	0.01484	0.00984	0.00624	0.00595	0.00190	0.00843	0.00511	0.00344	0.00916
7	0.01923	0.06843	0.13970	0.01382	0.01888	0.04899	0.08033	0.08227	0.01703	0.26631	0.06984	0.08358	0.04575	0.00872	0.00650	0.00199	0.00672	0.00742	0.00552	0.00898

[dist]
# distance from previous block
# <min> <max>
1	8

[block]
# block no. 4 follows, 35 sequences, length 16
# corresponding to MSA columns:
# 790-805
name=unknown_E
#
# <colnr> <probs for GDERKNQSTAVLIFYWHMCP>
#	G	D	E	R	K	N	Q	S	T	A	V	L	I	F	Y	W	H	M	C	P
0	0.06152	0.01367	0.03903	0.04846	0.15706	0.01361	0.03107	0.09047	0.19947	0.12736	0.04542	0.02182	0.01604	0.00770	0.00628	0.00197	0.00610	0.03762	0.00530	0.07002
1	0.13153	0.01406	0.01685	0.20645	0.10789	0.08040	0.01274	0.11116	0.01604	0.13290	0.01388	0.01620	0.01034	0.00926	0.05501	0.00245	0.00785	0.00530	0.00437	0.04534
2	0.03455	0.07760	0.01932	0.01640	0.10523	0.07559	0.08106	0.16703	0.05034	0.06892	0.02121	0.07049	0.09670	0.00843	0.00627	0.00186	0.00668	0.00715	0.00482	0.08034
3	0.01726	0.29421	0.14737	0.01376	0.01932	0.07118	0.04482	0.09454	0.07482	0.05643	0.01399	0.01712	0.01152	0.00689	0.00554	0.00175	0.00738	0.04519	0.00396	0.05296
4	0.01059	0.00905	0.01119	0.09466	0.05696	0.04177	0.00855	0.01453	0.07546	0.02148	0.33994	0.14415	0.12203	0.01250	0.00721	0.00210	0.00455	0.01095	0.00580	0.00655
5	0.00820	0.00645	0.00740	0.00716	0.00900	0.00565	0.00537	0.01046	0.01612	0.02107	0.38166	0.05458	0.41506	0.01460	0.00749	0.00207	0.00311	0.01248	0.00641	0.00565
6	0.00804	0.00616	0.00737	0.00767	0.00905	0.00549	0.00552	0.00993	0.01484	0.01947	0.26716	0.27989	0.30395	0.01628	0.00768	0.00223	0.00329	0.01424	0.00624	0.00549
7	0.01696	0.78087	0.03324	0.01085	0.01628	0.02510	0.01085	0.01900	0.01289	0.01493	0.00882	0.01018	0.00814	0.00543	0.00407	0.00136	0.00678	0.00339	0.00271	0.00814
8	0.01003	0.00716	0.01000	0.01146	0.01283	0.00713	0.00988	0.01281	0.01441	0.01877	0.03370	0.12663	0.03694	0.01771	0.00871	0.00289	0.00567	0.64164	0.00585	0.00579
9	0.01198	0.01128	0.01903	0.76180	0.04369	0.01409	0.01762	0.01621	0.01268	0.01621	0.01128	0.01691	0.00846	0.00634	0.00634	0.00211	0.00846	0.00564	0.00282	0.00705
10	0.82186	0.01227	0.00932	0.00834	0.01227	0.01423	0.00687	0.01865	0.01080	0.02846	0.00883	0.01031	0.00687	0.00589	0.00393	0.00196	0.00491	0.00344	0.00393	0.00687
11	0.01397	0.01181	0.01358	0.00993	0.01540	0.00960	0.00795	0.05828	0.06111	0.02219	0.01247	0.01397	0.01014	0.00513	0.00491	0.00108	0.00485	0.00410	0.00409	0.71544
12	0.10250	0.26624	0.05061	0.01275	0.01755	0.01813	0.05697	0.21594	0.01803	0.07070	0.03425	0.08151	0.01375	0.00775	0.00560	0.00182	0.00654	0.00608	0.00462	0.00868
13	0.01439	0.00826	0.01056	0.00933	0.01172	0.00794	0.00714	0.01854	0.09131	0.19562	0.39227	0.03700	0.03961	0.07541	0.04988	0.00279	0.00481	0.00936	0.00668	0.00737
14	0.01524	0.07461	0.02126	0.29964	0.12453	0.01383	0.09551	0.01947	0.04038	0.11489	0.07579	0.02172	0.01554	0.00732	0.00648	0.00203	0.00736	0.03206	0.00417	0.00819
15	0.04183	0.04602	0.05351	0.01313	0.07759	0.01121	0.00988	0.03752	0.11676	0.04973	0.32895	0.06563	0.03485	0.01068	0.00773	0.00207	0.05482	0.02482	0.00569	0.00757

[dist]
# distance from previous block
# <min> <max>
6	22

[block]
# block no. 5 follows, 35 sequences, length 33
# corresponding to MSA columns:
# 828-860
name=unknown_F
#
# <colnr> <probs for GDERKNQSTAVLIFYWHMCP>
#	G	D	E	R	K	N	Q	S	T	A	V	L	I	F	Y	W	H	M	C	P
0	0.05746	0.04631	0.04598	0.01118	0.01524	0.08292	0.00935	0.01953	0.03283	0.15429	0.06163	0.06507	0.01752	0.02892	0.00720	0.00185	0.03821	0.04970	0.00487	0.24992
1	0.05118	0.06213	0.05025	0.01438	0.08550	0.05387	0.03154	0.08862	0.05364	0.17905	0.07223	0.05506	0.09366	0.00915	0.00639	0.00195	0.00602	0.03660	0.00545	0.04334
2	0.05853	0.06131	0.11297	0.07647	0.15161	0.02631	0.09049	0.05215	0.06403	0.15705	0.03281	0.01725	0.01224	0.00656	0.00610	0.00190	0.00720	0.00574	0.00446	0.05483
3	0.01368	0.01013	0.01207	0.00918	0.01381	0.00796	0.00724	0.01639	0.01395	0.08202	0.07824	0.06236	0.01674	0.00676	0.00527	0.00125	0.00444	0.00564	0.05576	0.57712
4	0.01406	0.01287	0.02287	0.02436	0.27052	0.01252	0.19724	0.01756	0.01460	0.05680	0.09190	0.11411	0.04127	0.00871	0.00755	0.00206	0.03969	0.00846	0.00423	0.03863
5	0.00778	0.00567	0.00733	0.00853	0.00915	0.00522	0.00578	0.00905	0.01273	0.01683	0.07907	0.65674	0.11460	0.01908	0.00800	0.00250	0.00359	0.01717	0.00595	0.00522
6	0.77507	0.01218	0.00964	0.00852	0.01250	0.01394	0.00702	0.01937	0.01123	0.07053	0.00979	0.01097	0.00739	0.00600	0.00407	0.00196	0.00494	0.00361	0.00416	0.00710
7	0.01577	0.34023	0.20615	0.01631	0.02275	0.01872	0.18122	0.01996	0.01402	0.05897	0.04145	0.01481	0.01104	0.00601	0.00564	0.00176	0.00811	0.00519	0.00329	0.00860
8	0.01272	0.03281	0.74418	0.01808	0.02746	0.01473	0.02344	0.02009	0.01339	0.02009	0.01138	0.01339	0.00804	0.00603	0.00603	0.00201	0.00938	0.00469	0.00268	0.00938
9	0.00774	0.00566	0.00728	0.00851	0.00913	0.00520	0.00576	0.00896	0.01260	0.01659	0.05939	0.66365	0.12783	0.01920	0.00801	0.00251	0.00360	0.01727	0.00592	0.00520
10	0.00789	0.00595	0.00734	0.00830	0.00931	0.00540	0.00589	0.00935	0.01323	0.01705	0.07312	0.48864	0.24130	0.01832	0.00795	0.00245	0.00367	0.06362	0.00593	0.00529
11	0.01001	0.00800	0.01127	0.01074	0.01143	0.00974	0.00822	0.01164	0.00991	0.01433	0.01597	0.02624	0.01591	0.19031	0.46626	0.00796	0.15610	0.00706	0.00337	0.00553
12	0.02370	0.03023	0.01798	0.01634	0.01961	0.75158	0.01226	0.02533	0.01798	0.01553	0.00981	0.01144	0.00817	0.00654	0.00572	0.00163	0.01144	0.00409	0.00327	0.00735
13	0.00865	0.00636	0.00818	0.00866	0.00984	0.00596	0.00640	0.01108	0.02864	0.02049	0.31601	0.31650	0.11831	0.01625	0.00784	0.00233	0.00363	0.09287	0.00633	0.00568
14	0.01565	0.01399	0.01914	0.37678	0.03134	0.04976	0.06979	0.15169	0.12942	0.02294	0.01478	0.01771	0.01104	0.00692	0.00634	0.00203	0.00772	0.00598	0.03865	0.00831
15	0.01136	0.00943	0.01212	0.01193	0.01301	0.01104	0.00939	0.01582	0.13697	0.01810	0.02527	0.22065	0.02688	0.08625	0.01327	0.00297	0.18633	0.17771	0.00504	0.00648
16	0.00867	0.00666	0.00801	0.00824	0.00966	0.00625	0.00595	0.01175	0.06619	0.02028	0.27640	0.29603	0.22083	0.01578	0.00762	0.00224	0.00343	0.01388	0.00630	0.00584
17	0.00862	0.00654	0.00844	0.05231	0.01120	0.00617	0.00638	0.01095	0.01553	0.02104	0.39980	0.20431	0.17567	0.03423	0.00819	0.00226	0.00358	0.01284	0.00622	0.00570
18	0.02331	0.07649	0.01906	0.01581	0.01941	0.62826	0.01215	0.09789	0.01891	0.01807	0.01032	0.01176	0.00845	0.00658	0.00568	0.00165	0.01067	0.00421	0.00356	0.00777
19	0.01469	0.01642	0.11117	0.03860	0.05977	0.09073	0.08131	0.09413	0.15020	0.02208	0.04140	0.20042	0.02083	0.01036	0.00686	0.00214	0.00691	0.01894	0.00487	0.00816
20	0.02031	0.01046	0.01344	0.01129	0.01489	0.01046	0.00906	0.05779	0.14547	0.36844	0.06451	0.02396	0.01877	0.01749	0.17929	0.00390	0.00795	0.00689	0.00644	0.00919
21	0.06466	0.02709	0.50210	0.02037	0.05812	0.01502	0.18339	0.02003	0.01364	0.02070	0.01158	0.01416	0.00842	0.00584	0.00625	0.00203	0.00932	0.00530	0.00290	0.00905
22	0.37869	0.01757	0.05436	0.01333	0.06111	0.19964	0.01041	0.04444	0.01416	0.02346	0.01271	0.01826	0.01109	0.00739	0.00526	0.00196	0.00707	0.07699	0.03475	0.00733
23	0.01778	0.18780	0.02562	0.06090	0.34381	0.01781	0.04164	0.13366	0.03531	0.05795	0.01278	0.01499	0.01017	0.00613	0.00585	0.00180	0.00727	0.00530	0.00387	0.00958
24	0.00766	0.00622	0.00680	0.00711	0.00878	0.00535	0.00516	0.00925	0.01417	0.01752	0.10617	0.22875	0.52147	0.01674	0.00764	0.00223	0.00331	0.01435	0.00597	0.00535
25	0.01198	0.01095	0.01846	0.23502	0.02510	0.01262	0.13071	0.02959	0.01287	0.01800	0.07422	0.02144	0.01527	0.01798	0.19923	0.00423	0.10968	0.00674	0.03903	0.00687
26	0.03947	0.30615	0.02182	0.01171	0.01612	0.01829	0.01022	0.19149	0.09283	0.09103	0.05083	0.04368	0.01488	0.01009	0.05280	0.00228	0.00682	0.00577	0.00488	0.00884
27	0.11225	0.01020	0.01269	0.01263	0.05593	0.01059	0.03771	0.12498	0.06778	0.06360	0.02518	0.38780	0.02643	0.01330	0.00696	0.00227	0.00506	0.01170	0.00560	0.00735
28	0.01959	0.01494	0.01724	0.09819	0.02072	0.06899	0.03303	0.21892	0.16285	0.13842	0.01856	0.06247	0.01443	0.00858	0.00771	0.00209	0.07173	0.00675	0.00555	0.00924
29	0.01518	0.01377	0.02344	0.10338	0.02473	0.01515	0.24888	0.09546	0.04431	0.05672	0.01394	0.01808	0.01112	0.01397	0.13206	0.00354	0.14786	0.00655	0.00383	0.00803
30	0.01335	0.01071	0.01671	0.14169	0.29199	0.01113	0.01258	0.01574	0.01239	0.06250	0.01568	0.02560	0.01491	0.27273	0.05306	0.00381	0.00755	0.00698	0.00364	0.00726
31	0.01145	0.00849	0.01073	0.05281	0.05526	0.00830	0.00797	0.04601	0.01570	0.08071	0.16920	0.07105	0.35453	0.01318	0.00794	0.00214	0.04286	0.02926	0.00578	0.00664
32	0.03263	0.22046	0.08656	0.04541	0.09268	0.08419	0.08748	0.15133	0.06154	0.06014	0.01305	0.01448	0.01006	0.00637	0.00574	0.00179	0.00779	0.00513	0.00406	0.00910

[dist]
# distance from previous block
# <min> <max>
0	1

[block]
# block no. 6 follows, 35 sequences, length 13
# corresponding to MSA columns:
# 862-874
name=unknown_G
#
# <colnr> <probs for GDERKNQSTAVLIFYWHMCP>
#	G	D	E	R	K	N	Q	S	T	A	V	L	I	F	Y	W	H	M	C	P
0	0.04462	0.01402	0.07314	0.01640	0.10095	0.01281	0.08222	0.15350	0.07325	0.10757	0.15327	0.02784	0.05586	0.00903	0.00676	0.00205	0.00622	0.04620	0.00554	0.00875
1	0.01836	0.11818	0.16790	0.01420	0.01900	0.23288	0.01321	0.08787	0.05586	0.07527	0.01745	0.06248	0.05689	0.00811	0.00633	0.00187	0.02551	0.00608	0.00421	0.00834
2	0.01399	0.04994	0.17014	0.21584	0.13913	0.01419	0.01609	0.02096	0.14704	0.04903	0.01683	0.06614	0.01401	0.00785	0.00638	0.00208	0.00727	0.03045	0.00402	0.00861
3	0.12753	0.01816	0.19940	0.05906	0.14281	0.01390	0.03568	0.08646	0.04431	0.12720	0.02772	0.01606	0.01117	0.00651	0.00589	0.00191	0.00706	0.00532	0.00434	0.05953
4	0.01612	0.01673	0.07610	0.24328	0.24536	0.08214	0.01656	0.12480	0.05163	0.02192	0.01341	0.03954	0.01082	0.00685	0.00630	0.00198	0.00798	0.00590	0.00376	0.00882
5	0.01036	0.00660	0.00850	0.00868	0.01019	0.00601	0.00642	0.01235	0.01496	0.09350	0.24026	0.32943	0.14769	0.01591	0.00770	0.00231	0.00374	0.06293	0.00640	0.00605
6	0.03322	0.05397	0.12328	0.01672	0.11282	0.03370	0.05153	0.02147	0.05400	0.20452	0.10073	0.07860	0.01957	0.00873	0.00741	0.00204	0.05654	0.00730	0.00509	0.00877
7	0.06016	0.04849	0.06987	0.03264	0.11801	0.03713	0.02795	0.16930	0.07453	0.15596	0.07904	0.06483	0.01767	0.00825	0.00631	0.00197	0.00639	0.00687	0.00542	0.00922
8	0.01125	0.00677	0.00893	0.00950	0.01088	0.00630	0.00714	0.01293	0.01356	0.11764	0.03487	0.40427	0.09507	0.06292	0.00941	0.00275	0.00452	0.16923	0.00603	0.00603
9	0.04798	0.04889	0.08909	0.12349	0.19512	0.01461	0.14648	0.02138	0.10816	0.07597	0.01578	0.05767	0.01274	0.00705	0.00643	0.00203	0.00758	0.00664	0.00403	0.00888
10	0.01759	0.03870	0.07239	0.06761	0.22228	0.03126	0.04902	0.14282	0.06018	0.10839	0.01926	0.02154	0.06745	0.00777	0.00679	0.00200	0.02506	0.02594	0.00468	0.00928
11	0.01600	0.13674	0.43049	0.01718	0.07447	0.01560	0.01831	0.02244	0.06838	0.12088	0.01406	0.01502	0.01013	0.00636	0.00584	0.00191	0.00797	0.00499	0.00373	0.00949
12	0.01647	0.01026	0.01444	0.06662	0.06808	0.01042	0.03113	0.03342	0.04936	0.23364	0.17987	0.05635	0.10897	0.01035	0.00821	0.00211	0.07765	0.00859	0.00595	0.00812

[dist]
# distance from previous block
# <min> <max>
12	12

[block]
# block no. 7 follows, 35 sequences, length 16
# corresponding to MSA columns:
# 894-909
name=unknown_H
#
# <colnr> <probs for GDERKNQSTAVLIFYWHMCP>
#	G	D	E	R	K	N	Q	S	T	A	V	L	I	F	Y	W	H	M	C	P
0	0.01498	0.01167	0.01886	0.49732	0.08991	0.01343	0.03423	0.04274	0.01417	0.12162	0.01457	0.05434	0.01137	0.00730	0.00682	0.00211	0.02644	0.00640	0.00385	0.00789
1	0.03691	0.00989	0.01592	0.01527	0.08619	0.00954	0.13951	0.03809	0.03292	0.06138	0.08590	0.28478	0.07514	0.01325	0.00853	0.05783	0.00568	0.01131	0.00508	0.00688
2	0.01673	0.13865	0.08706	0.03594	0.10111	0.03957	0.23559	0.04344	0.03773	0.09283	0.04271	0.01693	0.01218	0.00646	0.00687	0.00191	0.03859	0.00604	0.00390	0.03575
3	0.01796	0.01821	0.02098	0.10033	0.19694	0.20617	0.04304	0.04638	0.01479	0.06159	0.01134	0.01466	0.00931	0.00754	0.00990	0.00209	0.20172	0.00534	0.00345	0.00826
4	0.00858	0.00638	0.00812	0.00905	0.01014	0.00604	0.00672	0.01086	0.03605	0.01824	0.11628	0.41700	0.15244	0.01769	0.00801	0.00250	0.00400	0.15033	0.00602	0.00557
5	0.04107	0.01645	0.14577	0.09123	0.11654	0.01318	0.17107	0.05456	0.01574	0.15336	0.06045	0.02117	0.05579	0.00726	0.00661	0.00202	0.00762	0.00676	0.00448	0.00887
6	0.07361	0.01549	0.10700	0.06927	0.08890	0.05537	0.06210	0.04533	0.03853	0.26845	0.07019	0.02114	0.04110	0.00760	0.00632	0.00198	0.00680	0.00641	0.00532	0.00909
7	0.01012	0.00706	0.00875	0.00916	0.01081	0.00666	0.00713	0.01285	0.04661	0.06057	0.11080	0.20749	0.22281	0.04715	0.00887	0.00259	0.00435	0.20420	0.00604	0.00598
8	0.01091	0.03926	0.01188	0.09410	0.01530	0.03768	0.00878	0.01522	0.10122	0.01991	0.20491	0.16431	0.10102	0.01498	0.05082	0.00268	0.02721	0.06787	0.00543	0.00653
9	0.01713	0.07796	0.21791	0.05178	0.08489	0.01641	0.08933	0.18629	0.09209	0.05450	0.01468	0.01610	0.01084	0.00666	0.00615	0.00194	0.00771	0.00562	0.03252	0.00949
10	0.06292	0.03625	0.01905	0.06632	0.05892	0.01324	0.14388	0.10456	0.07918	0.11290	0.02325	0.11707	0.09012	0.00948	0.00718	0.00212	0.03181	0.00839	0.00506	0.00830
11	0.00878	0.00657	0.00830	0.00922	0.01026	0.00637	0.00670	0.01167	0.06929	0.01831	0.10058	0.48651	0.10778	0.01768	0.00794	0.00249	0.00396	0.10582	0.00603	0.00572
12	0.01604	0.11912	0.12043	0.06971	0.24221	0.01615	0.19788	0.02095	0.04302	0.07435	0.01319	0.01588	0.01013	0.00592	0.00629	0.00193	0.00828	0.00582	0.00351	0.00920
13	0.06878	0.08270	0.13450	0.05918	0.05588	0.03487	0.11418	0.04183	0.05374	0.07174	0.08959	0.03737	0.05432	0.00837	0.00691	0.00204	0.03353	0.03794	0.00438	0.00813
14	0.00837	0.00617	0.00792	0.00896	0.00980	0.00586	0.00634	0.01053	0.04218	0.01782	0.10481	0.55592	0.09853	0.01824	0.00798	0.00250	0.00381	0.07275	0.00601	0.00551
15	0.08347	0.22766	0.17106	0.05993	0.02358	0.01813	0.17110	0.01935	0.01310	0.04765	0.01097	0.01368	0.00869	0.00640	0.00745	0.00195	0.09933	0.00508	0.00314	0.00827

[dist]
# distance from previous block
# <min> <max>
3	26

[block]
# block no. 8 follows, 35 sequences, length 26
# corresponding to MSA columns:
# 936-961
name=unknown_I
#
# <colnr> <probs for GDERKNQSTAVLIFYWHMCP>
#	G	D	E	R	K	N	Q	S	T	A	V	L	I	F	Y	W	H	M	C	P
0	0.04139	0.12393	0.10444	0.01166	0.01614	0.01348	0.01073	0.12411	0.07882	0.08686	0.07973	0.07180	0.07324	0.00938	0.00621	0.00191	0.00577	0.05260	0.00516	0.08263
1	0.08522	0.03343	0.07579	0.14823	0.05282	0.06574	0.10124	0.06239	0.05463	0.06806	0.01508	0.07178	0.01262	0.00949	0.03922	0.02249	0.00785	0.00641	0.00406	0.06343
2	0.06144	0.12548	0.09606	0.01315	0.01820	0.09011	0.01185	0.22625	0.04276	0.18544	0.05599	0.01719	0.01379	0.00733	0.00588	0.00184	0.00692	0.00552	0.00539	0.00943
3	0.05806	0.00911	0.04814	0.05539	0.01337	0.00790	0.00792	0.01342	0.04610	0.02142	0.27379	0.09930	0.20377	0.01254	0.00701	0.00207	0.00425	0.04895	0.00566	0.06182
4	0.02992	0.09142	0.34607	0.01585	0.04949	0.01411	0.05357	0.08749	0.01527	0.03999	0.07107	0.09967	0.01686	0.03304	0.00712	0.00213	0.00749	0.00700	0.00397	0.00847
5	0.06494	0.03610	0.06454	0.09119	0.12921	0.01374	0.09165	0.09755	0.06468	0.10742	0.01556	0.05372	0.01235	0.00696	0.00610	0.00186	0.00683	0.00614	0.00448	0.12496
6	0.00822	0.00630	0.00753	0.00755	0.00909	0.00561	0.00554	0.01037	0.01567	0.02078	0.36636	0.17723	0.30621	0.01530	0.00759	0.00215	0.00319	0.01331	0.00639	0.00561
7	0.01175	0.00998	0.04803	0.05564	0.06064	0.00895	0.07943	0.01533	0.04994	0.07322	0.15374	0.28604	0.04582	0.01321	0.00745	0.00228	0.00537	0.06073	0.00550	0.00696
8	0.06192	0.15674	0.05287	0.01404	0.01883	0.06139	0.08743	0.22571	0.04956	0.10632	0.01708	0.05934	0.03295	0.02014	0.00643	0.00195	0.00705	0.00632	0.00496	0.00897
9	0.01324	0.01180	0.03514	0.01490	0.08243	0.01256	0.02731	0.09901	0.14489	0.02188	0.05541	0.23569	0.05744	0.01241	0.00928	0.00232	0.12283	0.02854	0.00520	0.00770
10	0.00916	0.00637	0.00801	0.00863	0.00951	0.00609	0.00591	0.01133	0.04976	0.04075	0.13330	0.47559	0.07668	0.11486	0.01094	0.00289	0.00400	0.01479	0.00587	0.00555
11	0.01419	0.07111	0.06059	0.16777	0.02192	0.04195	0.06489	0.06051	0.05551	0.06554	0.16616	0.07459	0.02300	0.00936	0.00746	0.02138	0.03219	0.00769	0.02664	0.00754
12	0.06589	0.09168	0.29499	0.03357	0.06916	0.03321	0.01587	0.11492	0.10008	0.03443	0.01598	0.01817	0.03442	0.00720	0.00593	0.00195	0.00743	0.02606	0.02001	0.00904
13	0.00782	0.00595	0.00720	0.00792	0.00903	0.00533	0.00555	0.00935	0.01371	0.01777	0.14014	0.43685	0.27515	0.01766	0.00781	0.00235	0.00343	0.01559	0.00604	0.00533
14	0.05961	0.05481	0.06643	0.44310	0.06324	0.01557	0.09455	0.09196	0.01479	0.02024	0.01164	0.01576	0.00877	0.00625	0.00619	0.00203	0.00828	0.00555	0.00330	0.00793
15	0.06643	0.13778	0.02129	0.14881	0.06574	0.01570	0.09683	0.05704	0.14967	0.10246	0.04982	0.03233	0.01456	0.00722	0.00607	0.00195	0.00677	0.00624	0.00462	0.00866
16	0.01778	0.03984	0.01897	0.06208	0.12265	0.08139	0.05987	0.19326	0.09935	0.06805	0.06328	0.05631	0.05409	0.00850	0.00685	0.00199	0.02463	0.00714	0.00508	0.00889
17	0.00919	0.00627	0.00754	0.00754	0.00775	0.00649	0.00461	0.00962	0.00941	0.01276	0.01942	0.03839	0.02171	0.63954	0.16795	0.00691	0.00819	0.00877	0.00376	0.00419
18	0.04911	0.01198	0.01397	0.01086	0.01576	0.01082	0.03228	0.02074	0.20163	0.02243	0.01571	0.03658	0.01281	0.00622	0.00532	0.00139	0.00497	0.00516	0.00452	0.51774
19	0.01452	0.05834	0.05833	0.09081	0.01810	0.01052	0.04165	0.04515	0.03280	0.13512	0.11693	0.16605	0.04044	0.01002	0.00650	0.00192	0.00553	0.00873	0.00522	0.13331
20	0.01372	0.02993	0.62671	0.01879	0.02760	0.01464	0.10439	0.02062	0.01380	0.05376	0.01219	0.01421	0.00858	0.00603	0.00622	0.00202	0.00935	0.00510	0.00298	0.00934
21	0.01043	0.01366	0.20266	0.01045	0.01293	0.00921	0.00963	0.01246	0.01036	0.01454	0.01702	0.03243	0.01821	0.52744	0.02466	0.00485	0.05230	0.00781	0.00347	0.00549
22	0.04129	0.29235	0.18663	0.09703	0.09973	0.01720	0.01471	0.01928	0.01367	0.07965	0.03741	0.05004	0.01231	0.00684	0.00550	0.00179	0.00718	0.00539	0.00353	0.00848
23	0.05658	0.06595	0.05624	0.06018	0.05298	0.01285	0.05309	0.09896	0.03655	0.34599	0.04072	0.02134	0.05453	0.00775	0.00625	0.00195	0.00626	0.00642	0.00591	0.00951
24	0.01365	0.10264	0.01896	0.04893	0.01723	0.01579	0.05854	0.08445	0.01294	0.01800	0.01453	0.11391	0.01455	0.04867	0.10681	0.00350	0.28878	0.00737	0.00368	0.00705
25	0.01506	0.01635	0.04621	0.05865	0.22778	0.17615	0.01356	0.03401	0.01435	0.01799	0.01719	0.21479	0.01774	0.01030	0.00820	0.00213	0.08946	0.00853	0.00390	0.00766

[dist]
# distance from previous block
# <min> <max>
0	2

[block]
# block no. 9 follows, 35 sequences, length 15
# corresponding to MSA columns:
# 964-978
name=unknown_J
#
# <colnr> <probs for GDERKNQSTAVLIFYWHMCP>
#	G	D	E	R	K	N	Q	S	T	A	V	L	I	F	Y	W	H	M	C	P
0	0.00924	0.00655	0.00821	0.00875	0.00962	0.00632	0.00603	0.05506	0.01371	0.01835	0.12195	0.48496	0.07957	0.08741	0.01092	0.04346	0.00410	0.01469	0.00571	0.00540
1	0.01411	0.01720	0.10875	0.01745	0.02192	0.09728	0.25621	0.05339	0.01538	0.01989	0.07328	0.04002	0.13405	0.03033	0.00885	0.00222	0.07001	0.00803	0.00406	0.00759
2	0.01491	0.17798	0.02392	0.04166	0.02033	0.05388	0.19356	0.08893	0.01622	0.02126	0.16198	0.06954	0.02166	0.00857	0.00741	0.00196	0.05658	0.00756	0.00434	0.00773
3	0.00955	0.00625	0.00817	0.00883	0.00994	0.00574	0.00633	0.01122	0.01391	0.06941	0.15252	0.48850	0.10643	0.01738	0.00786	0.00242	0.00379	0.05979	0.00621	0.00575
4	0.01130	0.00687	0.00906	0.00874	0.01044	0.00627	0.00656	0.01372	0.01634	0.11865	0.42082	0.21821	0.07005	0.01423	0.00754	0.00217	0.00361	0.04226	0.00675	0.00641
5	0.01280	0.01090	0.01278	0.00936	0.01465	0.00824	0.00741	0.01551	0.01309	0.02038	0.01282	0.06266	0.01152	0.00569	0.00492	0.00105	0.00463	0.00469	0.00390	0.76301
6	0.02271	0.01569	0.01729	0.01358	0.01827	0.01695	0.01108	0.51048	0.09207	0.12406	0.01835	0.05605	0.01378	0.00829	0.00640	0.00194	0.00636	0.00651	0.00644	0.03369
7	0.00793	0.00573	0.00739	0.00851	0.00902	0.00542	0.00570	0.00903	0.01193	0.01580	0.03490	0.60040	0.09562	0.09886	0.04911	0.00330	0.00459	0.01616	0.00555	0.00506
8	0.10374	0.00718	0.00781	0.00788	0.00958	0.00724	0.00586	0.01416	0.04897	0.03767	0.13800	0.22250	0.07190	0.01211	0.00621	0.00201	0.00360	0.02457	0.26287	0.00611
9	0.16934	0.01059	0.05019	0.00974	0.01279	0.00984	0.00819	0.05775	0.07676	0.06935	0.08959	0.11675	0.19933	0.01217	0.00669	0.00219	0.00471	0.08138	0.00562	0.00703
10	0.01449	0.06118	0.01503	0.01001	0.01558	0.01064	0.00818	0.08607	0.01480	0.02223	0.01151	0.01317	0.00945	0.00504	0.00482	0.00106	0.00506	0.00393	0.00395	0.68378
11	0.01137	0.00924	0.01127	0.01033	0.01262	0.00923	0.00792	0.05795	0.06670	0.02017	0.07277	0.28078	0.08661	0.01316	0.00838	0.00211	0.08258	0.04844	0.00524	0.18312
12	0.00806	0.00581	0.00753	0.00842	0.00911	0.00539	0.00575	0.00954	0.01338	0.01804	0.18642	0.54044	0.08295	0.05655	0.00916	0.00261	0.00363	0.01592	0.00602	0.00528
13	0.01506	0.09324	0.07180	0.20612	0.21059	0.01654	0.12818	0.06403	0.05689	0.02023	0.01242	0.01587	0.00978	0.00635	0.00699	0.00200	0.04607	0.00574	0.00338	0.00873
14	0.03955	0.03867	0.01678	0.01344	0.04814	0.01235	0.03582	0.16460	0.03870	0.41968	0.04426	0.06479	0.01688	0.00839	0.00642	0.00198	0.00585	0.00697	0.00674	0.01000

[dist]
# distance from previous block
# <min> <max>
1	3

[block]
# block no. 10 follows, 35 sequences, length 8
# corresponding to MSA columns:
# 983-990
name=unknown_K
#
# <colnr> <probs for GDERKNQSTAVLIFYWHMCP>
#	G	D	E	R	K	N	Q	S	T	A	V	L	I	F	Y	W	H	M	C	P
0	0.01138	0.00703	0.00913	0.00948	0.01084	0.00668	0.00683	0.03601	0.03804	0.11008	0.11115	0.52119	0.03868	0.01672	0.00772	0.00241	0.00405	0.03995	0.00629	0.00633
