[name]
unknown

[dist]
# distance from previous block
# <min> <max>
0	237

[block]
# block no. 0 follows, 47 sequences, length 9
# corresponding to MSA columns:
# 237-245
name=unknown_A
#
# <colnr> <probs for GDERKNQSTAVLIFYWHMCP>
#	G	D	E	R	K	N	Q	S	T	A	V	L	I	F	Y	W	H	M	C	P
0	0.00823	0.00594	0.00816	0.00928	0.01051	0.00588	0.00807	0.01055	0.01198	0.01547	0.02941	0.05811	0.08500	0.01430	0.00712	0.00235	0.00464	0.69544	0.00480	0.00477
1	0.00959	0.00796	0.01234	0.38908	0.05529	0.00903	0.03234	0.04750	0.01139	0.01567	0.05536	0.19327	0.01626	0.00807	0.00540	0.00173	0.00522	0.00721	0.11173	0.00556
2	0.01408	0.02202	0.52383	0.01354	0.02001	0.01248	0.01577	0.18589	0.01449	0.11191	0.01139	0.01213	0.00785	0.00542	0.00504	0.00163	0.00687	0.00420	0.00338	0.00810
3	0.00633	0.00458	0.00599	0.00712	0.00752	0.00424	0.00477	0.00727	0.01010	0.01335	0.03035	0.76136	0.08560	0.01610	0.00661	0.00209	0.00300	0.01454	0.00483	0.00424
4	0.01289	0.01237	0.02114	0.03196	0.78450	0.01237	0.01598	0.01598	0.01186	0.01701	0.00980	0.01289	0.00825	0.00464	0.00516	0.00155	0.00619	0.00464	0.00258	0.00825
5	0.01141	0.01172	0.02222	0.27339	0.14795	0.01231	0.32280	0.01558	0.04750	0.01566	0.01099	0.04007	0.00886	0.00535	0.00599	0.00174	0.03135	0.00564	0.00271	0.00675
6	0.01802	0.00900	0.01115	0.00919	0.01235	0.00874	0.00734	0.12900	0.09886	0.41793	0.04836	0.12931	0.01701	0.00800	0.00539	0.00167	0.00421	0.00670	0.04999	0.00779
7	0.00652	0.00460	0.00599	0.00703	0.00729	0.00434	0.00460	0.00730	0.00964	0.01285	0.02698	0.70459	0.03227	0.12827	0.00942	0.00253	0.00330	0.01379	0.00460	0.00408
8	0.01344	0.70921	0.13394	0.00974	0.01465	0.01942	0.01036	0.01572	0.01064	0.01285	0.00753	0.00872	0.00667	0.00452	0.00357	0.00119	0.00587	0.00293	0.00222	0.00682

[dist]
# distance from previous block
# <min> <max>
1	7

[block]
# block no. 1 follows, 47 sequences, length 29
# corresponding to MSA columns:
# 254-282
name=unknown_B
#
# <colnr> <probs for GDERKNQSTAVLIFYWHMCP>
#	G	D	E	R	K	N	Q	S	T	A	V	L	I	F	Y	W	H	M	C	P
0	0.14249	0.01387	0.07361	0.04549	0.35548	0.05339	0.14512	0.02979	0.01151	0.01758	0.00926	0.01202	0.00748	0.00501	0.00573	0.00164	0.05610	0.00450	0.00269	0.00726
1	0.85377	0.01007	0.00765	0.00685	0.01007	0.01168	0.00564	0.01531	0.00886	0.02336	0.00725	0.00846	0.00564	0.00483	0.00322	0.00161	0.00403	0.00282	0.00322	0.00564
2	0.03425	0.04930	0.01626	0.01326	0.01356	0.01605	0.01112	0.01275	0.00812	0.01281	0.00687	0.01117	0.00680	0.00878	0.01607	0.00221	0.74815	0.00443	0.00230	0.00574
3	0.06855	0.00683	0.00784	0.00671	0.00911	0.00655	0.00533	0.03521	0.01252	0.29103	0.01751	0.01795	0.01259	0.00613	0.00421	0.00139	0.00332	0.00486	0.47594	0.00641
4	0.00715	0.00511	0.00696	0.00817	0.00882	0.00492	0.00623	0.00864	0.01076	0.01419	0.02826	0.51750	0.03269	0.01556	0.00686	0.00223	0.00372	0.30296	0.00482	0.00445
5	0.00633	0.00461	0.00597	0.00705	0.00750	0.00425	0.00475	0.00727	0.01016	0.01337	0.03113	0.73642	0.11003	0.01600	0.00660	0.00208	0.00298	0.01442	0.00483	0.00425
6	0.01045	0.02694	0.79000	0.01484	0.02254	0.01209	0.01924	0.01649	0.01099	0.01649	0.00935	0.01099	0.00660	0.00495	0.00495	0.00165	0.00770	0.00385	0.00220	0.00770
7	0.00839	0.00599	0.00839	0.00959	0.01079	0.00599	0.00839	0.01079	0.01199	0.01558	0.02757	0.05874	0.02997	0.01439	0.00719	0.00240	0.00480	0.74945	0.00480	0.00480
8	0.01080	0.00926	0.01080	0.00771	0.01234	0.00694	0.00617	0.01311	0.01080	0.01697	0.00926	0.01080	0.00771	0.00386	0.00386	0.00077	0.00386	0.00309	0.00309	0.84882
9	0.01295	0.01119	0.01178	0.01060	0.01354	0.01295	0.00824	0.02767	0.77509	0.02178	0.02120	0.01943	0.01590	0.00707	0.00530	0.00177	0.00412	0.00589	0.00530	0.00824
10	0.85377	0.01007	0.00765	0.00685	0.01007	0.01168	0.00564	0.01531	0.00886	0.02336	0.00725	0.00846	0.00564	0.00483	0.00322	0.00161	0.00403	0.00282	0.00322	0.00564
11	0.01295	0.01119	0.01178	0.01060	0.01354	0.01295	0.00824	0.02767	0.77509	0.02178	0.02120	0.01943	0.01590	0.00707	0.00530	0.00177	0.00412	0.00589	0.00530	0.00824
12	0.85377	0.01007	0.00765	0.00685	0.01007	0.01168	0.00564	0.01531	0.00886	0.02336	0.00725	0.00846	0.00564	0.00483	0.00322	0.00161	0.00403	0.00282	0.00322	0.00564
13	0.01289	0.01237	0.02114	0.03196	0.78450	0.01237	0.01598	0.01598	0.01186	0.01701	0.00980	0.01289	0.00825	0.00464	0.00516	0.00155	0.00619	0.00464	0.00258	0.00825
14	0.01295	0.01119	0.01178	0.01060	0.01354	0.01295	0.00824	0.02767	0.77509	0.02178	0.02120	0.01943	0.01590	0.00707	0.00530	0.00177	0.00412	0.00589	0.00530	0.00824
15	0.00933	0.00576	0.00755	0.00685	0.00844	0.00524	0.00523	0.01169	0.01468	0.11613	0.66626	0.03659	0.06554	0.01020	0.00603	0.00164	0.00271	0.00894	0.00580	0.00539
16	0.01448	0.00861	0.00931	0.00782	0.01033	0.00905	0.00624	0.24891	0.05142	0.10709	0.01618	0.01708	0.01202	0.00621	0.00438	0.00139	0.00375	0.00489	0.45415	0.00669
17	0.00633	0.00461	0.00597	0.00705	0.00750	0.00425	0.00475	0.00727	0.01016	0.01337	0.03113	0.73642	0.11003	0.01600	0.00660	0.00208	0.00298	0.01442	0.00483	0.00425
18	0.00645	0.00465	0.00594	0.00691	0.00732	0.00433	0.00458	0.00730	0.00990	0.01304	0.02964	0.66562	0.10065	0.09695	0.00861	0.00238	0.00319	0.01373	0.00466	0.00414
19	0.02021	0.01350	0.01490	0.01147	0.01558	0.01459	0.00946	0.61742	0.04475	0.16295	0.01415	0.01361	0.00976	0.00631	0.00522	0.00158	0.00546	0.00482	0.00543	0.00884
20	0.00651	0.00464	0.00612	0.00711	0.00749	0.00434	0.00476	0.00753	0.01034	0.01391	0.10423	0.69872	0.03520	0.05330	0.00753	0.00220	0.00306	0.01392	0.00485	0.00425
21	0.00681	0.00533	0.00631	0.00614	0.00758	0.00483	0.00463	0.00867	0.01275	0.01679	0.36167	0.04231	0.38997	0.01471	0.08601	0.00237	0.00370	0.00977	0.00501	0.00464
22	0.00992	0.00804	0.00906	0.00895	0.01066	0.00876	0.00660	0.04289	0.37203	0.01799	0.02516	0.39325	0.04216	0.01153	0.00595	0.00192	0.00362	0.01016	0.00507	0.00629
23	0.02157	0.01175	0.01387	0.01063	0.01473	0.01193	0.00878	0.39891	0.01973	0.40776	0.01650	0.01510	0.01086	0.00635	0.00522	0.00159	0.00509	0.00496	0.00582	0.00886
24	0.00906	0.00589	0.00862	0.00834	0.00954	0.00656	0.00647	0.01085	0.00899	0.09043	0.01473	0.02080	0.01327	0.07095	0.68157	0.00754	0.01258	0.00564	0.00318	0.00501
25	0.01259	0.01322	0.02600	0.02689	0.40079	0.01278	0.39580	0.01634	0.01208	0.01685	0.01017	0.01348	0.00807	0.00451	0.00566	0.00165	0.00750	0.00540	0.00261	0.00763
26	0.00942	0.00709	0.01002	0.03629	0.01072	0.00832	0.02126	0.01073	0.00884	0.06064	0.01460	0.07364	0.01476	0.22388	0.27496	0.00492	0.17522	0.02672	0.00317	0.00481
27	0.02087	0.00924	0.03519	0.00996	0.02993	0.00775	0.02656	0.02313	0.01464	0.65222	0.09667	0.01947	0.01615	0.00674	0.00534	0.00162	0.00447	0.00563	0.00607	0.00837
28	0.01300	0.01405	0.01562	0.01390	0.03192	0.17816	0.01109	0.01425	0.00949	0.01267	0.00735	0.01126	0.00701	0.00905	0.03550	0.00223	0.60094	0.00434	0.00238	0.00580

[dist]
# distance from previous block
# <min> <max>
2	7

[block]
# block no. 2 follows, 47 sequences, length 33
# corresponding to MSA columns:
# 291-323
name=unknown_C
#
# <colnr> <probs for GDERKNQSTAVLIFYWHMCP>
#	G	D	E	R	K	N	Q	S	T	A	V	L	I	F	Y	W	H	M	C	P
0	0.01405	0.00832	0.01042	0.06706	0.01327	0.00853	0.00764	0.01979	0.22347	0.24624	0.13433	0.02684	0.04181	0.00824	0.00554	0.00174	0.00410	0.09296	0.05862	0.00703
1	0.85377	0.01007	0.00765	0.00685	0.01007	0.01168	0.00564	0.01531	0.00886	0.02336	0.00725	0.00846	0.00564	0.00483	0.00322	0.00161	0.00403	0.00282	0.00322	0.00564
2	0.01289	0.01237	0.02114	0.03196	0.78450	0.01237	0.01598	0.01598	0.01186	0.01701	0.00980	0.01289	0.00825	0.00464	0.00516	0.00155	0.00619	0.00464	0.00258	0.00825
3	0.00634	0.00453	0.00604	0.00725	0.00755	0.00423	0.00483	0.00725	0.00997	0.01329	0.02870	0.81358	0.03444	0.01632	0.00665	0.00211	0.00302	0.01480	0.00483	0.00423
4	0.00670	0.00530	0.00603	0.00584	0.00737	0.00463	0.00438	0.00852	0.01315	0.01711	0.37787	0.04511	0.45537	0.01205	0.00615	0.00170	0.00256	0.01029	0.00524	0.00463
5	0.00744	0.00558	0.00837	0.00837	0.00930	0.00651	0.00651	0.00930	0.00837	0.01209	0.01395	0.02046	0.01302	0.03906	0.79635	0.00837	0.01395	0.00558	0.00279	0.00465
6	0.01025	0.00501	0.00514	0.00503	0.00635	0.00497	0.00380	0.01266	0.01108	0.05000	0.01713	0.01935	0.01333	0.00608	0.00370	0.00123	0.00251	0.00487	0.81249	0.00501
7	0.01295	0.01119	0.01178	0.01060	0.01354	0.01295	0.00824	0.02767	0.77509	0.02178	0.02120	0.01943	0.01590	0.00707	0.00530	0.00177	0.00412	0.00589	0.00530	0.00824
8	0.00983	0.00926	0.01562	0.80447	0.03587	0.01157	0.01446	0.01331	0.01041	0.01331	0.00926	0.01388	0.00694	0.00521	0.00521	0.00174	0.00694	0.00463	0.00231	0.00579
9	0.01295	0.01119	0.01178	0.01060	0.01354	0.01295	0.00824	0.02767	0.77509	0.02178	0.02120	0.01943	0.01590	0.00707	0.00530	0.00177	0.00412	0.00589	0.00530	0.00824
10	0.00729	0.00532	0.00684	0.00646	0.00773	0.00488	0.00485	0.00966	0.01454	0.02041	0.73138	0.03968	0.09980	0.01082	0.00614	0.00165	0.00247	0.00953	0.00567	0.00488
11	0.01167	0.00923	0.01089	0.00782	0.01241	0.00699	0.00627	0.01396	0.01108	0.07025	0.01004	0.01128	0.00807	0.00404	0.00395	0.00083	0.00390	0.00323	0.00332	0.79078
12	0.01045	0.02694	0.79000	0.01484	0.02254	0.01209	0.01924	0.01649	0.01099	0.01649	0.00935	0.01099	0.00660	0.00495	0.00495	0.00165	0.00770	0.00385	0.00220	0.00770
13	0.00825	0.00589	0.00823	0.00943	0.01057	0.00587	0.00815	0.01054	0.01185	0.01543	0.02765	0.11090	0.03028	0.01452	0.00716	0.00238	0.00467	0.69869	0.00480	0.00476
14	0.01702	0.11929	0.08860	0.03733	0.01557	0.19023	0.00992	0.14398	0.03618	0.18321	0.06538	0.01612	0.01245	0.00635	0.00498	0.00152	0.00618	0.03425	0.00416	0.00728
15	0.01406	0.01268	0.02018	0.02565	0.51157	0.01331	0.06613	0.14052	0.01366	0.03537	0.01023	0.01286	0.00828	0.00537	0.00643	0.00164	0.08619	0.00476	0.00307	0.00802
16	0.00952	0.00531	0.00589	0.00565	0.00700	0.00522	0.00427	0.01235	0.03742	0.04107	0.23649	0.02496	0.02368	0.00742	0.00446	0.00136	0.00255	0.00621	0.55408	0.00509
17	0.00755	0.00548	0.00726	0.00759	0.00876	0.00519	0.00605	0.00976	0.01313	0.01785	0.39753	0.12003	0.09132	0.01266	0.00656	0.00196	0.00334	0.26797	0.00526	0.00477
18	0.03312	0.02404	0.65005	0.01463	0.02173	0.01177	0.06853	0.01726	0.01137	0.08467	0.01036	0.01173	0.00722	0.00504	0.00501	0.00165	0.00739	0.00410	0.00263	0.00770
19	0.01045	0.02694	0.79000	0.01484	0.02254	0.01209	0.01924	0.01649	0.01099	0.01649	0.00935	0.01099	0.00660	0.00495	0.00495	0.00165	0.00770	0.00385	0.00220	0.00770
20	0.00640	0.00481	0.00595	0.00675	0.00752	0.00436	0.00471	0.00754	0.01078	0.01395	0.07333	0.54867	0.23487	0.01514	0.00651	0.00200	0.00294	0.03455	0.00488	0.00433
21	0.14604	0.01122	0.01731	0.06416	0.52459	0.01148	0.01306	0.01618	0.01170	0.07914	0.04849	0.01391	0.01017	0.00514	0.00491	0.00158	0.00556	0.00464	0.00313	0.00760
22	0.05297	0.01115	0.01524	0.24460	0.15714	0.04670	0.02588	0.01688	0.16925	0.01631	0.03006	0.03654	0.01071	0.00653	0.00711	0.00178	0.13612	0.00516	0.00319	0.00668
23	0.00699	0.00503	0.00662	0.00681	0.00770	0.00466	0.00488	0.00886	0.01295	0.01804	0.49971	0.32904	0.04363	0.01277	0.00633	0.00182	0.00267	0.01144	0.00540	0.00466
24	0.00761	0.00557	0.00742	0.06256	0.01023	0.00536	0.00612	0.00950	0.01212	0.03346	0.24111	0.26424	0.15149	0.01289	0.00640	0.00194	0.00344	0.14884	0.00494	0.00476
25	0.07384	0.17149	0.08095	0.02673	0.12093	0.01195	0.02707	0.03448	0.04193	0.30718	0.02799	0.03053	0.01092	0.00580	0.00476	0.00153	0.00523	0.00469	0.00423	0.00775
26	0.00775	0.00588	0.00856	0.00842	0.00923	0.00695	0.00650	0.00944	0.00835	0.01215	0.01376	0.02087	0.01308	0.09333	0.67287	0.00758	0.06201	0.00564	0.02304	0.00461
27	0.00983	0.00926	0.01562	0.80447	0.03587	0.01157	0.01446	0.01331	0.01041	0.01331	0.00926	0.01388	0.00694	0.00521	0.00521	0.00174	0.00694	0.00463	0.00231	0.00579
28	0.01555	0.08149	0.10843	0.08210	0.08691	0.02344	0.05422	0.06766	0.03868	0.25903	0.05479	0.01732	0.05231	0.00634	0.00549	0.00161	0.02760	0.00526	0.00423	0.00752
29	0.01319	0.04959	0.29281	0.08443	0.13961	0.01261	0.12433	0.10962	0.01322	0.07230	0.01117	0.01384	0.00844	0.00535	0.00523	0.00164	0.00692	0.02500	0.00307	0.00763
30	0.00928	0.01102	0.15129	0.01108	0.01392	0.00860	0.12461	0.01235	0.01143	0.01665	0.17880	0.05023	0.05483	0.02424	0.09090	0.00248	0.07647	0.03814	0.10799	0.00569
31	0.00685	0.00519	0.00717	0.04405	0.00933	0.00535	0.00574	0.00807	0.00975	0.01310	0.02578	0.57589	0.06658	0.01930	0.14189	0.00315	0.03187	0.01223	0.00428	0.00443
32	0.52964	0.01250	0.08070	0.06331	0.03622	0.03259	0.03875	0.08529	0.01123	0.05506	0.00885	0.01020	0.00661	0.00506	0.00399	0.00162	0.00512	0.00351	0.00334	0.00641

[dist]
# distance from previous block
# <min> <max>
2	73

[block]
# block no. 3 follows, 47 sequences, length 22
# corresponding to MSA columns:
# 402-423
name=unknown_D
#
# <colnr> <probs for GDERKNQSTAVLIFYWHMCP>
#	G	D	E	R	K	N	Q	S	T	A	V	L	I	F	Y	W	H	M	C	P
0	0.04802	0.05534	0.06793	0.01033	0.01414	0.05536	0.00896	0.18409	0.10316	0.22255	0.06464	0.01710	0.01339	0.00654	0.00524	0.00156	0.01920	0.02937	0.00477	0.06827
1	0.15902	0.06895	0.01670	0.03848	0.12878	0.11141	0.13036	0.04014	0.02577	0.04066	0.04585	0.01336	0.02310	0.00519	0.00467	0.00144	0.00593	0.00441	0.00319	0.13259
2	0.03405	0.00662	0.02550	0.00700	0.00871	0.00593	0.00534	0.03755	0.03473	0.08929	0.20848	0.16971	0.23494	0.09877	0.00818	0.00212	0.00340	0.00958	0.00493	0.00516
3	0.04801	0.00748	0.00853	0.00863	0.01015	0.00816	0.00633	0.01582	0.31184	0.01703	0.02380	0.41169	0.02441	0.01361	0.05710	0.00236	0.00421	0.01014	0.00481	0.00591
4	0.19970	0.00923	0.01113	0.00881	0.01262	0.00876	0.00725	0.02334	0.04859	0.59002	0.01774	0.01583	0.01149	0.00613	0.00481	0.00162	0.00433	0.00475	0.00571	0.00815
5	0.00684	0.00495	0.00647	0.00684	0.00765	0.00457	0.00484	0.00853	0.01238	0.01706	0.40083	0.40687	0.06588	0.01342	0.00638	0.00187	0.00273	0.01202	0.00528	0.00457
6	0.00971	0.00485	0.00485	0.00485	0.00607	0.00485	0.00364	0.01213	0.01092	0.01942	0.01699	0.01942	0.01335	0.00607	0.00364	0.00121	0.00243	0.00485	0.84589	0.00485
7	0.00634	0.00453	0.00604	0.00725	0.00755	0.00423	0.00483	0.00725	0.00997	0.01329	0.02870	0.81358	0.03444	0.01632	0.00665	0.00211	0.00302	0.01480	0.00483	0.00423
8	0.01980	0.01459	0.01563	0.01198	0.01615	0.01615	0.00990	0.76713	0.02448	0.03282	0.01250	0.01250	0.00886	0.00625	0.00521	0.00156	0.00573	0.00469	0.00521	0.00886
9	0.01980	0.01459	0.01563	0.01198	0.01615	0.01615	0.00990	0.76713	0.02448	0.03282	0.01250	0.01250	0.00886	0.00625	0.00521	0.00156	0.00573	0.00469	0.00521	0.00886
10	0.00983	0.00926	0.01562	0.80447	0.03587	0.01157	0.01446	0.01331	0.01041	0.01331	0.00926	0.01388	0.00694	0.00521	0.00521	0.00174	0.00694	0.00463	0.00231	0.00579
11	0.00983	0.00926	0.01562	0.80447	0.03587	0.01157	0.01446	0.01331	0.01041	0.01331	0.00926	0.01388	0.00694	0.00521	0.00521	0.00174	0.00694	0.00463	0.00231	0.00579
12	0.01945	0.02482	0.01476	0.01342	0.01610	0.79608	0.01006	0.02079	0.01476	0.01275	0.00805	0.00939	0.00671	0.00537	0.00470	0.00134	0.00939	0.00335	0.00268	0.00604
13	0.00791	0.00565	0.00784	0.00904	0.01003	0.00558	0.00756	0.00996	0.01152	0.01505	0.02784	0.23554	0.03102	0.01484	0.00707	0.00233	0.00438	0.57738	0.00480	0.00466
14	0.00971	0.00485	0.00485	0.00485	0.00607	0.00485	0.00364	0.01213	0.01092	0.01942	0.01699	0.01942	0.01335	0.00607	0.00364	0.00121	0.00243	0.00485	0.84589	0.00485
15	0.00680	0.00530	0.00617	0.00595	0.00743	0.00467	0.00446	0.00872	0.01339	0.01768	0.43920	0.04417	0.39368	0.01184	0.00615	0.00169	0.00254	0.01016	0.00531	0.00467
16	0.01190	0.01230	0.01545	0.01339	0.01364	0.08433	0.01101	0.01305	0.00865	0.01258	0.00782	0.04355	0.00794	0.00907	0.01558	0.00219	0.70459	0.00486	0.00242	0.00567
17	0.01221	0.06715	0.27997	0.01227	0.04431	0.01125	0.04481	0.11479	0.01277	0.01860	0.00967	0.01115	0.00745	0.00464	0.00452	0.00127	0.00582	0.00373	0.00297	0.33065
18	0.01095	0.01080	0.07850	0.60208	0.07556	0.01127	0.01409	0.01478	0.03076	0.06438	0.03067	0.01464	0.00872	0.00542	0.00521	0.00171	0.00661	0.00476	0.00275	0.00632
19	0.00726	0.00532	0.00680	0.00643	0.00771	0.00486	0.00482	0.00961	0.01447	0.02024	0.71291	0.03996	0.11838	0.01089	0.00614	0.00165	0.00247	0.00957	0.00565	0.00486
20	0.00836	0.05855	0.00907	0.00871	0.01009	0.00668	0.00736	0.01075	0.02928	0.01567	0.10321	0.14405	0.07789	0.01336	0.00666	0.00215	0.00424	0.47427	0.00474	0.00491
21	0.04214	0.01477	0.15450	0.06766	0.01715	0.11198	0.03273	0.08633	0.03246	0.31251	0.06401	0.01572	0.01222	0.00611	0.00514	0.00160	0.00594	0.00489	0.00450	0.00765

[dist]
# distance from previous block
# <min> <max>
0	1

[block]
# block no. 4 follows, 47 sequences, length 22
# corresponding to MSA columns:
# 425-446
name=unknown_E
#
# <colnr> <probs for GDERKNQSTAVLIFYWHMCP>
#	G	D	E	R	K	N	Q	S	T	A	V	L	I	F	Y	W	H	M	C	P
0	0.01195	0.06212	0.33595	0.05166	0.15829	0.05839	0.02675	0.02767	0.01089	0.01539	0.00875	0.01139	0.00703	0.00584	0.00761	0.00173	0.18494	0.00415	0.00237	0.00713
1	0.01988	0.01415	0.01387	0.01104	0.01487	0.15402	0.00890	0.31746	0.05141	0.25941	0.01431	0.01372	0.00993	0.00601	0.00503	0.00149	0.00579	0.00455	0.00498	0.06919
2	0.01563	0.67315	0.02453	0.00897	0.01335	0.01826	0.00868	0.01737	0.01136	0.15280	0.00965	0.01005	0.00781	0.00482	0.00368	0.00120	0.00536	0.00323	0.00299	0.00708
3	0.25344	0.01269	0.15353	0.41381	0.02552	0.01161	0.01263	0.01473	0.01017	0.03409	0.00895	0.01188	0.00664	0.00508	0.00459	0.00168	0.00618	0.00398	0.00265	0.00616
4	0.01002	0.05323	0.61910	0.01311	0.01952	0.01112	0.01625	0.01525	0.01166	0.01713	0.14919	0.01595	0.01431	0.00596	0.00510	0.00163	0.00667	0.00482	0.00284	0.00715
5	0.07929	0.08151	0.01375	0.08105	0.01539	0.01141	0.04062	0.05372	0.24810	0.22469	0.01746	0.08291	0.01361	0.00696	0.00509	0.00167	0.00475	0.00580	0.00475	0.00749
6	0.00728	0.00532	0.00683	0.00645	0.00772	0.00487	0.00484	0.00965	0.01452	0.02036	0.72623	0.03975	0.10498	0.01084	0.00614	0.00165	0.00247	0.00954	0.00566	0.00487
7	0.01392	0.82012	0.02729	0.00891	0.01337	0.02061	0.00891	0.01559	0.01058	0.01225	0.00724	0.00835	0.00668	0.00446	0.00334	0.00111	0.00557	0.00278	0.00223	0.00668
8	0.21881	0.15802	0.01415	0.00917	0.01279	0.07826	0.00773	0.12385	0.01399	0.24031	0.06506	0.01383	0.01143	0.00587	0.00442	0.00149	0.00500	0.00427	0.00437	0.00719
9	0.01752	0.01242	0.10525	0.01401	0.01870	0.00983	0.25987	0.02073	0.01339	0.41299	0.01632	0.04972	0.01145	0.00602	0.00557	0.00168	0.00618	0.00579	0.00464	0.00792
10	0.00971	0.00485	0.00485	0.00485	0.00607	0.00485	0.00364	0.01213	0.01092	0.01942	0.01699	0.01942	0.01335	0.00607	0.00364	0.00121	0.00243	0.00485	0.84589	0.00485
11	0.01012	0.00964	0.01568	0.66121	0.03185	0.01236	0.01391	0.01317	0.00997	0.01317	0.00882	0.01343	0.00692	0.00591	0.00736	0.00183	0.15196	0.00462	0.00231	0.00577
12	0.01562	0.04936	0.01979	0.06410	0.24303	0.04111	0.12240	0.32121	0.01702	0.02279	0.01116	0.01356	0.00868	0.00550	0.00527	0.00159	0.00648	0.01971	0.00367	0.00796
13	0.00931	0.00756	0.01164	0.04955	0.21051	0.00762	0.01009	0.01172	0.01159	0.01552	0.02237	0.15555	0.02403	0.01176	0.00650	0.00211	0.00499	0.41781	0.00412	0.00564
14	0.01143	0.00986	0.01032	0.00941	0.01209	0.01104	0.00728	0.02315	0.60425	0.02006	0.02826	0.02630	0.18747	0.00844	0.00549	0.00176	0.00379	0.00703	0.00520	0.00738
15	0.02081	0.00911	0.01283	0.15340	0.01747	0.00862	0.00896	0.04581	0.01438	0.62471	0.01825	0.01687	0.01169	0.00622	0.00523	0.00163	0.00493	0.00511	0.00566	0.00830
16	0.01835	0.01572	0.01512	0.01191	0.01586	0.15621	0.02509	0.50933	0.03845	0.02670	0.01147	0.01193	0.00848	0.00579	0.00498	0.00144	0.00620	0.00431	0.00445	0.10823
17	0.00975	0.00573	0.00769	0.00748	0.00801	0.00605	0.00520	0.01057	0.14597	0.01135	0.01125	0.01648	0.01029	0.01609	0.01763	0.69510	0.00445	0.00477	0.00281	0.00334
18	0.00975	0.00964	0.14940	0.00836	0.01108	0.00653	0.00782	0.01281	0.01408	0.10773	0.55486	0.03143	0.03729	0.00913	0.00582	0.00164	0.00363	0.00793	0.00517	0.00587
19	0.00927	0.00849	0.01393	0.66059	0.03076	0.01030	0.01270	0.01241	0.01076	0.01388	0.06802	0.07023	0.04435	0.00667	0.00541	0.00175	0.00618	0.00591	0.00283	0.00556
20	0.04053	0.01592	0.23698	0.15655	0.04303	0.04810	0.04290	0.09859	0.05038	0.19707	0.01277	0.01367	0.00889	0.00557	0.00510	0.00164	0.00639	0.00456	0.00376	0.00762
21	0.01546	0.01076	0.04331	0.27657	0.15451	0.01070	0.06324	0.03193	0.01254	0.28289	0.01333	0.01485	0.00931	0.00562	0.00564	0.00167	0.03142	0.00492	0.00386	0.00748

[dist]
# distance from previous block
# <min> <max>
1	45

[block]
# block no. 5 follows, 47 sequences, length 17
# corresponding to MSA columns:
# 492-508
name=unknown_F
#
# <colnr> <probs for GDERKNQSTAVLIFYWHMCP>
#	G	D	E	R	K	N	Q	S	T	A	V	L	I	F	Y	W	H	M	C	P
0	0.05770	0.12456	0.06912	0.01254	0.07496	0.13939	0.01003	0.28213	0.01662	0.06175	0.03089	0.01434	0.05666	0.00608	0.00481	0.00148	0.00602	0.00456	0.00391	0.02246
1	0.07780	0.00873	0.09062	0.00856	0.01110	0.00684	0.06018	0.01154	0.01278	0.04853	0.33498	0.06390	0.18544	0.00990	0.00582	0.00173	0.00384	0.04759	0.00470	0.00543
2	0.04592	0.07218	0.54483	0.05667	0.05905	0.04603	0.01634	0.01615	0.01104	0.01624	0.00909	0.01089	0.00674	0.00486	0.00472	0.00154	0.00711	0.00375	0.00235	0.06449
3	0.01116	0.00909	0.01026	0.01030	0.05480	0.01001	0.00736	0.04677	0.43275	0.01963	0.03659	0.16755	0.06624	0.00895	0.00545	0.00176	0.00381	0.00770	0.08290	0.00692
4	0.00971	0.00485	0.00485	0.00485	0.00607	0.00485	0.00364	0.01213	0.01092	0.01942	0.01699	0.01942	0.01335	0.00607	0.00364	0.00121	0.00243	0.00485	0.84589	0.00485
5	0.01629	0.06332	0.12958	0.01260	0.03286	0.03562	0.04423	0.39498	0.09804	0.04110	0.01230	0.01274	0.00902	0.00573	0.00500	0.00151	0.00592	0.00450	0.00423	0.07042
6	0.00753	0.00524	0.00664	0.00664	0.00698	0.00557	0.00436	0.00819	0.00786	0.01081	0.01553	0.02920	0.01681	0.53817	0.30242	0.00624	0.00824	0.00686	0.00302	0.00369
7	0.00768	0.00567	0.00776	0.00765	0.00819	0.00644	0.00552	0.00883	0.00806	0.01138	0.01450	0.02500	0.01488	0.32280	0.47549	0.00685	0.04999	0.00626	0.00290	0.00415
8	0.01160	0.22112	0.57691	0.01334	0.02007	0.04077	0.01640	0.01642	0.01102	0.01533	0.00879	0.01029	0.00662	0.00484	0.00455	0.00151	0.00723	0.00357	0.00222	0.00739
9	0.17050	0.02847	0.08271	0.04672	0.06504	0.21171	0.12292	0.05599	0.10338	0.04845	0.01080	0.01211	0.00822	0.00531	0.00481	0.00158	0.00680	0.00428	0.00329	0.00690
10	0.00764	0.00527	0.00741	0.00745	0.00801	0.00581	0.00536	0.00847	0.00802	0.01124	0.01443	0.05069	0.01471	0.22916	0.47599	0.11712	0.01012	0.00626	0.00288	0.00395
11	0.01332	0.23480	0.21459	0.04852	0.06644	0.01438	0.13623	0.07588	0.01254	0.06866	0.04178	0.01275	0.00931	0.00525	0.00509	0.00152	0.02424	0.00442	0.00298	0.00727
12	0.03224	0.01298	0.11163	0.11479	0.06978	0.03326	0.01100	0.15378	0.03521	0.34962	0.01496	0.01478	0.01008	0.00590	0.00514	0.00162	0.00564	0.00477	0.00471	0.00812
13	0.01485	0.01227	0.09473	0.28025	0.02233	0.07028	0.04246	0.06371	0.01311	0.23302	0.03651	0.06866	0.01180	0.00648	0.00531	0.00167	0.00611	0.00551	0.00395	0.00698
14	0.51809	0.01089	0.01157	0.03329	0.15703	0.01204	0.00843	0.09265	0.02941	0.06998	0.00946	0.01067	0.00718	0.00510	0.00401	0.00160	0.00471	0.00362	0.00353	0.00672
15	0.02633	0.01494	0.19168	0.01374	0.09096	0.01231	0.02435	0.21120	0.18868	0.02194	0.03240	0.03799	0.03509	0.00713	0.00539	0.00172	0.00559	0.06673	0.00417	0.00766
16	0.01563	0.57484	0.06562	0.00970	0.01421	0.03416	0.00945	0.09670	0.01270	0.11025	0.00957	0.01011	0.00767	0.00494	0.00389	0.00126	0.00564	0.00336	0.00307	0.00722

[dist]
# distance from previous block
# <min> <max>
1	3

[block]
# block no. 6 follows, 47 sequences, length 57
# corresponding to MSA columns:
# 512-568
name=unknown_G
#
# <colnr> <probs for GDERKNQSTAVLIFYWHMCP>
#	G	D	E	R	K	N	Q	S	T	A	V	L	I	F	Y	W	H	M	C	P
0	0.00707	0.02574	0.00709	0.00749	0.00843	0.00515	0.00567	0.00854	0.01111	0.01444	0.07885	0.42832	0.16082	0.01465	0.00658	0.00207	0.00342	0.19524	0.00481	0.00450
1	0.01176	0.03695	0.09452	0.00876	0.01343	0.00821	0.00783	0.04551	0.01159	0.06401	0.01105	0.05379	0.00934	0.00491	0.00424	0.00103	0.00439	0.00398	0.00335	0.60134
2	0.01532	0.05466	0.01391	0.05243	0.01494	0.09274	0.00862	0.28410	0.06195	0.04860	0.01186	0.01422	0.00959	0.07989	0.00727	0.00173	0.04125	0.00447	0.00394	0.17852
3	0.77661	0.01161	0.07924	0.00758	0.01121	0.01172	0.00688	0.01542	0.00906	0.02274	0.00744	0.00869	0.00573	0.00484	0.00338	0.00161	0.00436	0.00291	0.00313	0.00583
4	0.00693	0.00531	0.00635	0.00609	0.00751	0.00473	0.00457	0.00898	0.01371	0.01843	0.51903	0.04294	0.31339	0.01156	0.00615	0.00168	0.00252	0.00998	0.00541	0.00473
5	0.00745	0.00554	0.00817	0.00817	0.00903	0.00640	0.00626	0.00917	0.00831	0.01194	0.01413	0.02148	0.01346	0.09715	0.73885	0.00812	0.01328	0.00573	0.00282	0.00454
6	0.01573	0.30991	0.01862	0.01036	0.01424	0.03213	0.00896	0.22660	0.24194	0.05136	0.01338	0.01318	0.01027	0.00582	0.00454	0.00146	0.00521	0.00434	0.00414	0.00782
7	0.00722	0.00495	0.00632	0.00686	0.00769	0.00453	0.00481	0.00859	0.01141	0.04166	0.19162	0.50638	0.12510	0.01409	0.00634	0.00193	0.00289	0.01257	0.03046	0.00457
8	0.01298	0.50576	0.28002	0.01133	0.01680	0.05215	0.02705	0.01614	0.01094	0.01377	0.00804	0.00939	0.00668	0.00466	0.00399	0.00131	0.00651	0.00323	0.00225	0.00700
9	0.01386	0.58014	0.14315	0.01062	0.01555	0.01824	0.04418	0.05871	0.02749	0.03365	0.00863	0.00971	0.00719	0.00473	0.00391	0.00128	0.00599	0.00333	0.00258	0.00706
10	0.00642	0.00462	0.00612	0.00729	0.00767	0.00431	0.00496	0.00741	0.01011	0.01341	0.02938	0.75898	0.05683	0.01614	0.00665	0.00212	0.00308	0.04541	0.00483	0.00426
11	0.01213	0.01150	0.02017	0.12686	0.52101	0.01168	0.11033	0.01538	0.01164	0.01672	0.01048	0.01376	0.00850	0.00481	0.00515	0.00157	0.00627	0.00485	0.07971	0.00747
12	0.01418	0.05997	0.24524	0.05305	0.07541	0.01126	0.11035	0.04611	0.05053	0.19447	0.04165	0.05028	0.01169	0.00605	0.00526	0.00164	0.00617	0.00533	0.00378	0.00758
13	0.00803	0.00526	0.00769	0.00784	0.00852	0.00512	0.03383	0.00850	0.00950	0.03224	0.05923	0.35050	0.03621	0.05526	0.08332	0.22128	0.00483	0.05492	0.00391	0.00400
14	0.85377	0.01007	0.00765	0.00685	0.01007	0.01168	0.00564	0.01531	0.00886	0.02336	0.00725	0.00846	0.00564	0.00483	0.00322	0.00161	0.00403	0.00282	0.00322	0.00564
15	0.01230	0.01076	0.01704	0.12544	0.33773	0.01119	0.07145	0.03209	0.13368	0.05744	0.06975	0.03485	0.03851	0.00632	0.00544	0.00167	0.00559	0.01778	0.00362	0.00736
16	0.06166	0.08688	0.15750	0.07729	0.14335	0.02847	0.21287	0.04742	0.03973	0.06680	0.02253	0.01314	0.00867	0.00504	0.00513	0.00161	0.00682	0.00476	0.00302	0.00732
17	0.01209	0.01188	0.01846	0.24373	0.39482	0.04545	0.02838	0.01537	0.03712	0.01533	0.00956	0.01306	0.00788	0.00553	0.00684	0.00170	0.11852	0.00464	0.00256	0.00709
18	0.74792	0.01172	0.00857	0.00765	0.01084	0.09429	0.00620	0.03218	0.00982	0.02245	0.00745	0.00865	0.00582	0.00492	0.00342	0.00158	0.00463	0.00292	0.00321	0.00575
19	0.00940	0.00513	0.00724	0.00713	0.00740	0.00529	0.00486	0.00870	0.07708	0.01021	0.01016	0.01616	0.00967	0.01708	0.01898	0.77101	0.00449	0.00465	0.00254	0.00281
20	0.00971	0.00485	0.00485	0.00485	0.00607	0.00485	0.00364	0.01213	0.01092	0.01942	0.01699	0.01942	0.01335	0.00607	0.00364	0.00121	0.00243	0.00485	0.84589	0.00485
21	0.01080	0.00926	0.01080	0.00771	0.01234	0.00694	0.00617	0.01311	0.01080	0.01697	0.00926	0.01080	0.00771	0.00386	0.00386	0.00077	0.00386	0.00309	0.00309	0.84882
22	0.00744	0.00558	0.00837	0.00837	0.00930	0.00651	0.00651	0.00930	0.00837	0.01209	0.01395	0.02046	0.01302	0.03906	0.79635	0.00837	0.01395	0.00558	0.00279	0.00465
23	0.00753	0.00521	0.00650	0.00650	0.00678	0.00549	0.00418	0.00810	0.00782	0.01071	0.01566	0.02992	0.01713	0.57960	0.26142	0.00606	0.00776	0.00696	0.00304	0.00361
24	0.00692	0.00499	0.00662	0.00756	0.00817	0.00477	0.00542	0.00855	0.02844	0.01482	0.12914	0.58706	0.03536	0.01508	0.00662	0.00208	0.00322	0.11572	0.00496	0.00449
25	0.01665	0.01036	0.01189	0.01012	0.01345	0.01107	0.00803	0.02686	0.50503	0.29402	0.02096	0.01882	0.01483	0.00685	0.00528	0.00171	0.00423	0.00566	0.00571	0.00846
26	0.00983	0.00926	0.01562	0.80447	0.03587	0.01157	0.01446	0.01331	0.01041	0.01331	0.00926	0.01388	0.00694	0.00521	0.00521	0.00174	0.00694	0.00463	0.00231	0.00579
27	0.01078	0.01235	0.08739	0.07774	0.01761	0.04735	0.13500	0.01327	0.00955	0.01355	0.00955	0.01398	0.00841	0.01432	0.19088	0.00344	0.32156	0.00494	0.00247	0.00588
28	0.01747	0.00817	0.01053	0.00849	0.01161	0.00745	0.00685	0.08775	0.01551	0.45595	0.22556	0.02534	0.07997	0.00806	0.00555	0.00163	0.00389	0.00674	0.00602	0.00747
29	0.00649	0.00514	0.00584	0.00597	0.00732	0.00449	0.00436	0.00800	0.01220	0.01558	0.22549	0.19669	0.45764	0.01318	0.00625	0.00180	0.00267	0.01135	0.00505	0.00449
30	0.04416	0.01612	0.01419	0.01193	0.01530	0.26344	0.03494	0.19800	0.21204	0.11585	0.01407	0.01386	0.01034	0.00609	0.00504	0.00156	0.00638	0.00463	0.00443	0.00763
31	0.00975	0.00831	0.01099	0.03182	0.01087	0.01043	0.00768	0.01141	0.05446	0.02484	0.01346	0.09338	0.01429	0.28096	0.04783	0.00337	0.35155	0.00664	0.00308	0.00488
32	0.02336	0.00886	0.01209	0.00927	0.01329	0.00765	0.00765	0.02538	0.01491	0.78810	0.02055	0.01773	0.01289	0.00645	0.00524	0.00161	0.00443	0.00524	0.00645	0.00886
33	0.01677	0.32674	0.01933	0.01134	0.01482	0.37799	0.00945	0.06746	0.08336	0.01468	0.00923	0.01011	0.00768	0.00523	0.00427	0.00131	0.00721	0.00345	0.00291	0.00667
34	0.00712	0.00531	0.00661	0.00629	0.00763	0.00481	0.00472	0.00934	0.01415	0.01947	0.63056	0.04123	0.20121	0.01117	0.00614	0.00166	0.00249	0.00974	0.00555	0.00481
35	0.00666	0.00507	0.00614	0.00635	0.00747	0.00454	0.00458	0.00828	0.01236	0.01637	0.31650	0.27885	0.28155	0.01320	0.00630	0.00182	0.00269	0.01157	0.00517	0.00454
36	0.00737	0.00531	0.00684	0.00646	0.00771	0.00489	0.00484	0.00977	0.01453	0.02055	0.73305	0.03898	0.08100	0.01066	0.00609	0.00163	0.00246	0.00939	0.02356	0.00489
37	0.00749	0.00537	0.00728	0.00728	0.00784	0.00592	0.00516	0.00860	0.00805	0.01129	0.01494	0.02596	0.01541	0.35301	0.48566	0.00703	0.01036	0.00638	0.00294	0.00405
38	0.01945	0.02482	0.01476	0.01342	0.01610	0.79608	0.01006	0.02079	0.01476	0.01275	0.00805	0.00939	0.00671	0.00537	0.00470	0.00134	0.00939	0.00335	0.00268	0.00604
39	0.00744	0.00558	0.00837	0.00837	0.00930	0.00651	0.00651	0.00930	0.00837	0.01209	0.01395	0.02046	0.01302	0.03906	0.79635	0.00837	0.01395	0.00558	0.00279	0.00465
40	0.01229	0.01405	0.03073	0.02195	0.02722	0.01317	0.76558	0.01668	0.01229	0.01668	0.01054	0.01405	0.00790	0.00439	0.00615	0.00176	0.00878	0.00615	0.00263	0.00702
41	0.00744	0.00558	0.00837	0.00837	0.00930	0.00651	0.00651	0.00930	0.00837	0.01209	0.01395	0.02046	0.01302	0.03906	0.79635	0.00837	0.01395	0.00558	0.00279	0.00465
42	0.00811	0.00584	0.00801	0.00894	0.01015	0.00574	0.00765	0.01044	0.01232	0.01619	0.13128	0.07121	0.06616	0.01386	0.00699	0.00226	0.00434	0.60081	0.00493	0.00478
43	0.00634	0.00453	0.00604	0.00725	0.00755	0.00423	0.00483	0.00725	0.00997	0.01329	0.02870	0.81358	0.03444	0.01632	0.00665	0.00211	0.00302	0.01480	0.00483	0.00423
44	0.01392	0.82012	0.02729	0.00891	0.01337	0.02061	0.00891	0.01559	0.01058	0.01225	0.00724	0.00835	0.00668	0.00446	0.00334	0.00111	0.00557	0.00278	0.00223	0.00668
45	0.01080	0.00926	0.01080	0.00771	0.01234	0.00694	0.00617	0.01311	0.01080	0.01697	0.00926	0.01080	0.00771	0.00386	0.00386	0.00077	0.00386	0.00309	0.00309	0.84882
46	0.01265	0.01218	0.02047	0.05669	0.68839	0.01267	0.01551	0.01558	0.01145	0.01648	0.00951	0.01279	0.00807	0.00507	0.00625	0.00162	0.07953	0.00463	0.00254	0.00793
47	0.00714	0.00531	0.00664	0.00631	0.00764	0.00482	0.00473	0.00938	0.01420	0.01960	0.64396	0.04102	0.18773	0.01113	0.00614	0.00166	0.00249	0.00972	0.00556	0.00482
48	0.02137	0.01207	0.01407	0.01079	0.01489	0.01241	0.00891	0.44065	0.02027	0.36526	0.01604	0.01480	0.01063	0.00634	0.00522	0.00158	0.00516	0.00493	0.00575	0.00886
49	0.17371	0.01322	0.01791	0.03771	0.21788	0.10358	0.17004	0.01858	0.09105	0.08984	0.01143	0.01304	0.00869	0.00514	0.00497	0.00161	0.00634	0.00465	0.00336	0.00723
50	0.00758	0.00544	0.00756	0.00865	0.00951	0.00542	0.00696	0.00940	0.01094	0.01446	0.02673	0.32207	0.03000	0.01733	0.07920	0.00284	0.00501	0.42170	0.00463	0.00458
51	0.00718	0.00532	0.00670	0.00635	0.00766	0.00483	0.00476	0.00946	0.01429	0.01981	0.66717	0.04066	0.16439	0.01105	0.00614	0.00166	0.00249	0.00967	0.00559	0.00483
52	0.01794	0.01335	0.01440	0.01142	0.01512	0.01476	0.00928	0.62958	0.09221	0.03002	0.01478	0.08644	0.01185	0.00725	0.00535	0.00163	0.00533	0.00572	0.00518	0.00838
53	0.01183	0.01047	0.01660	0.44209	0.23776	0.01158	0.01362	0.06656	0.01194	0.03744	0.00994	0.01334	0.00767	0.00503	0.00507	0.00158	0.00630	0.00451	0.00277	0.08390
54	0.03292	0.02004	0.42221	0.01291	0.01856	0.02907	0.01427	0.21976	0.02859	0.05842	0.01131	0.01266	0.00825	0.00854	0.07740	0.00223	0.00746	0.00431	0.00337	0.00772
55	0.00661	0.00468	0.00593	0.00682	0.00711	0.00442	0.00442	0.00733	0.00952	0.01261	0.02697	0.60798	0.06226	0.19458	0.01105	0.00275	0.00346	0.01303	0.00446	0.00400
56	0.01137	0.02608	0.68653	0.01453	0.02157	0.08386	0.01794	0.01735	0.04329	0.01637	0.00972	0.01120	0.00700	0.00507	0.00494	0.00163	0.00770	0.00389	0.00237	0.00757

[dist]
# distance from previous block
# <min> <max>
0	1

[block]
# block no. 7 follows, 47 sequences, length 74
# corresponding to MSA columns:
# 570-643
name=unknown_H
#
# <colnr> <probs for GDERKNQSTAVLIFYWHMCP>
#	G	D	E	R	K	N	Q	S	T	A	V	L	I	F	Y	W	H	M	C	P
0	0.01717	0.04809	0.01754	0.11993	0.19993	0.01175	0.07464	0.14449	0.01479	0.27844	0.01374	0.01447	0.00964	0.00556	0.00520	0.00159	0.00581	0.00489	0.00427	0.00806
1	0.01233	0.16814	0.51952	0.01438	0.05478	0.11353	0.01607	0.01686	0.01144	0.01528	0.00882	0.01040	0.00670	0.00490	0.00464	0.00151	0.00746	0.00363	0.00228	0.00733
2	0.01868	0.01486	0.01437	0.01141	0.01507	0.11433	0.00925	0.59175	0.02180	0.02884	0.01241	0.01284	0.00906	0.00612	0.00498	0.00150	0.00585	0.00454	0.09428	0.00807
3	0.00639	0.00528	0.00560	0.00552	0.00718	0.00450	0.00414	0.00793	0.01242	0.01538	0.19344	0.04795	0.64088	0.01270	0.00615	0.00174	0.00260	0.01069	0.00501	0.00450
4	0.00701	0.00531	0.00647	0.00618	0.00756	0.00476	0.00463	0.00914	0.01390	0.01888	0.56781	0.04219	0.26432	0.01139	0.00615	0.00167	0.00251	0.00988	0.00547	0.00476
5	0.00720	0.00522	0.00679	0.00660	0.00773	0.00481	0.00487	0.00942	0.01403	0.01968	0.66033	0.13800	0.07288	0.01146	0.00621	0.00170	0.00254	0.01016	0.00559	0.00481
6	0.00757	0.00505	0.00568	0.00568	0.00568	0.00505	0.00316	0.00757	0.00757	0.01010	0.01641	0.03408	0.01893	0.81698	0.02651	0.00505	0.00505	0.00757	0.00316	0.00316
7	0.01392	0.82012	0.02729	0.00891	0.01337	0.02061	0.00891	0.01559	0.01058	0.01225	0.00724	0.00835	0.00668	0.00446	0.00334	0.00111	0.00557	0.00278	0.00223	0.00668
8	0.01045	0.02694	0.79000	0.01484	0.02254	0.01209	0.01924	0.01649	0.01099	0.01649	0.00935	0.01099	0.00660	0.00495	0.00495	0.00165	0.00770	0.00385	0.00220	0.00770
9	0.24087	0.00918	0.01092	0.00863	0.01245	0.00871	0.00713	0.02274	0.01332	0.58780	0.01706	0.01530	0.01099	0.00602	0.00471	0.00161	0.00433	0.00460	0.00560	0.00802
10	0.01139	0.01139	0.01595	0.01367	0.01367	0.01595	0.01139	0.01253	0.00798	0.01253	0.00684	0.01139	0.00684	0.00911	0.01709	0.00228	0.80745	0.00456	0.00228	0.00570
11	0.01945	0.02482	0.01476	0.01342	0.01610	0.79608	0.01006	0.02079	0.01476	0.01275	0.00805	0.00939	0.00671	0.00537	0.00470	0.00134	0.00939	0.00335	0.00268	0.00604
12	0.00617	0.00521	0.00534	0.00544	0.00708	0.00438	0.00403	0.00745	0.01171	0.01400	0.05073	0.11429	0.71952	0.01345	0.00620	0.00179	0.00267	0.01131	0.00484	0.00438
13	0.01392	0.82012	0.02729	0.00891	0.01337	0.02061	0.00891	0.01559	0.01058	0.01225	0.00724	0.00835	0.00668	0.00446	0.00334	0.00111	0.00557	0.00278	0.00223	0.00668
14	0.01956	0.02159	0.01503	0.01296	0.01612	0.54962	0.01001	0.25663	0.01783	0.01909	0.00946	0.01037	0.00739	0.00565	0.00486	0.00141	0.00823	0.00378	0.00348	0.00693
15	0.00695	0.00531	0.00638	0.00611	0.00752	0.00473	0.00458	0.00901	0.01375	0.01853	0.52954	0.04278	0.30282	0.01153	0.00615	0.00168	0.00252	0.00996	0.00542	0.00473
16	0.00928	0.00481	0.00501	0.00516	0.00626	0.00477	0.00379	0.01151	0.01080	0.01864	0.01848	0.12061	0.01604	0.00737	0.00402	0.00133	0.00250	0.00612	0.73873	0.00477
17	0.00704	0.00560	0.00564	0.00556	0.00732	0.00500	0.00419	0.00935	0.06027	0.01524	0.04619	0.04425	0.63567	0.01189	0.00578	0.00169	0.00271	0.00988	0.11203	0.00470
18	0.01045	0.02694	0.79000	0.01484	0.02254	0.01209	0.01924	0.01649	0.01099	0.01649	0.00935	0.01099	0.00660	0.00495	0.00495	0.00165	0.00770	0.00385	0.00220	0.00770
19	0.03694	0.01092	0.01235	0.00975	0.01360	0.10818	0.00793	0.02462	0.01478	0.67635	0.01873	0.01651	0.01198	0.00628	0.00513	0.00158	0.00506	0.00496	0.00591	0.00845
20	0.00702	0.00542	0.00730	0.00803	0.00828	0.00575	0.00563	0.00793	0.00965	0.01311	0.02559	0.69071	0.03051	0.03662	0.00850	0.00221	0.10557	0.01331	0.00446	0.00439
21	0.01980	0.01459	0.01563	0.01198	0.01615	0.01615	0.00990	0.76713	0.02448	0.03282	0.01250	0.01250	0.00886	0.00625	0.00521	0.00156	0.00573	0.00469	0.00521	0.00886
22	0.00718	0.00532	0.00670	0.00635	0.00766	0.00483	0.00476	0.00946	0.01429	0.01981	0.66681	0.04067	0.16475	0.01105	0.00614	0.00166	0.00249	0.00967	0.00559	0.00483
23	0.01213	0.14177	0.28516	0.02689	0.04374	0.01359	0.03303	0.03980	0.28175	0.01787	0.01361	0.01469	0.01053	0.03643	0.00569	0.00174	0.00591	0.00467	0.00344	0.00756
24	0.00638	0.00477	0.00587	0.00667	0.00736	0.00433	0.00455	0.00741	0.01053	0.01363	0.06007	0.56331	0.22467	0.04569	0.00726	0.00212	0.00298	0.01338	0.00480	0.00425
25	0.01667	0.37690	0.02050	0.01124	0.01478	0.31626	0.00959	0.11320	0.01383	0.01507	0.00820	0.00942	0.00698	0.00524	0.00472	0.00131	0.04331	0.00333	0.00278	0.00667
26	0.04052	0.10425	0.14829	0.31762	0.06134	0.01134	0.01240	0.01496	0.01102	0.10497	0.01280	0.11487	0.01107	0.00660	0.00507	0.00167	0.00598	0.00559	0.00313	0.00650
27	0.15605	0.00975	0.01366	0.51936	0.05771	0.03856	0.01195	0.01357	0.01040	0.01538	0.03324	0.05646	0.00951	0.00599	0.00527	0.00172	0.02796	0.00496	0.00273	0.00575
28	0.24304	0.01424	0.11155	0.03493	0.03870	0.04876	0.00987	0.24205	0.07599	0.11482	0.01194	0.01230	0.00857	0.00567	0.00462	0.00160	0.00546	0.00417	0.00416	0.00755
29	0.00634	0.00453	0.00604	0.00725	0.00755	0.00423	0.00483	0.00725	0.00997	0.01329	0.02870	0.81358	0.03444	0.01632	0.00665	0.00211	0.00302	0.01480	0.00483	0.00423
30	0.01210	0.40951	0.39044	0.04359	0.01864	0.01619	0.01406	0.01593	0.01077	0.01432	0.00832	0.00983	0.00665	0.00472	0.00418	0.00139	0.00664	0.00337	0.00222	0.00713
31	0.05197	0.11378	0.01953	0.29546	0.11090	0.01242	0.15082	0.01673	0.01166	0.15078	0.01119	0.01352	0.00822	0.00510	0.00505	0.00161	0.00645	0.00470	0.00316	0.00694
32	0.02336	0.00886	0.01209	0.00927	0.01329	0.00765	0.00765	0.02538	0.01491	0.78810	0.02055	0.01773	0.01289	0.00645	0.00524	0.00161	0.00443	0.00524	0.00645	0.00886
33	0.09088	0.11638	0.04797	0.01181	0.01595	0.01490	0.08075	0.33428	0.15688	0.05956	0.01301	0.01321	0.00959	0.00583	0.00489	0.00157	0.00557	0.00463	0.00436	0.00796
34	0.01041	0.00966	0.01598	0.72406	0.08392	0.01180	0.01439	0.04206	0.01104	0.01429	0.00941	0.01377	0.00710	0.00521	0.00520	0.00172	0.00685	0.00463	0.00244	0.00606
35	0.01611	0.01550	0.01286	0.11187	0.01635	0.30320	0.00912	0.22193	0.01599	0.01982	0.01145	0.01309	0.00883	0.00575	0.00466	0.00142	0.00650	0.00422	0.19480	0.00651
36	0.00760	0.00494	0.00647	0.00721	0.00794	0.00453	0.00498	0.00871	0.01075	0.06839	0.07804	0.65585	0.08485	0.01504	0.00648	0.00202	0.00306	0.01353	0.00501	0.00461
37	0.27516	0.01175	0.01188	0.04133	0.07147	0.05454	0.00846	0.08924	0.29333	0.07123	0.01402	0.01405	0.01048	0.00592	0.00460	0.00165	0.00480	0.00451	0.00426	0.00732
38	0.01251	0.01161	0.04549	0.27700	0.24660	0.01230	0.01303	0.05829	0.20908	0.04197	0.01302	0.01496	0.00991	0.00561	0.00521	0.00167	0.00588	0.00495	0.00344	0.00747
39	0.00663	0.00493	0.00624	0.00708	0.00787	0.00453	0.00511	0.00791	0.01093	0.01422	0.08052	0.50645	0.19425	0.01505	0.00658	0.00205	0.00313	0.10726	0.00489	0.00438
40	0.15075	0.04384	0.01529	0.01133	0.01541	0.01463	0.04963	0.50827	0.01992	0.10268	0.01215	0.01230	0.00861	0.00588	0.00488	0.00157	0.00550	0.00445	0.00476	0.00817
41	0.03738	0.01456	0.14040	0.16164	0.04343	0.02302	0.01191	0.27431	0.14549	0.07606	0.01314	0.01392	0.00947	0.00590	0.00512	0.00165	0.00593	0.00471	0.00411	0.00785
42	0.01196	0.01621	0.24550	0.06745	0.09989	0.01253	0.14612	0.04088	0.18027	0.02779	0.01299	0.01574	0.01012	0.00597	0.00610	0.00175	0.05482	0.03319	0.00326	0.00745
43	0.00716	0.00522	0.00674	0.00656	0.00770	0.00479	0.00484	0.00935	0.01395	0.01948	0.63883	0.13833	0.09450	0.01153	0.00621	0.00171	0.00254	0.01021	0.00556	0.00479
