[name]
unknown

[dist]
# distance from previous block
# <min> <max>
0	1152

[block]
# block no. 0 follows, 42 sequences, length 35
# corresponding to MSA columns:
# 1357-1372,1406-1424
name=unknown_A
#
# <colnr> <probs for GDERKNQSTAVLIFYWHMCP>
#	G	D	E	R	K	N	Q	S	T	A	V	L	I	F	Y	W	H	M	C	P
0	0.10027	0.25636	0.01830	0.01036	0.01427	0.01476	0.04260	0.17624	0.01567	0.12487	0.08665	0.01876	0.04171	0.03030	0.00571	0.00171	0.00540	0.02410	0.00443	0.00752
1	0.11334	0.09346	0.03531	0.01016	0.01333	0.05180	0.04601	0.08365	0.05099	0.08579	0.07632	0.04658	0.01507	0.06187	0.07051	0.05709	0.00620	0.00566	0.00407	0.07279
2	0.18600	0.10488	0.05416	0.03592	0.01443	0.01194	0.02008	0.08987	0.02914	0.14928	0.04776	0.01597	0.01203	0.01262	0.14519	0.00296	0.00706	0.00483	0.00415	0.05172
3	0.17409	0.25857	0.05716	0.01002	0.01370	0.11645	0.00890	0.01699	0.03351	0.05044	0.01071	0.01314	0.00911	0.03112	0.13349	0.00281	0.00767	0.00402	0.00315	0.04494
4	0.10755	0.14862	0.20525	0.01106	0.01596	0.03918	0.01115	0.05041	0.02486	0.10689	0.01189	0.01375	0.00930	0.02955	0.08249	0.00236	0.00703	0.00426	0.00348	0.11496
5	0.05450	0.26228	0.23280	0.01154	0.01662	0.09706	0.01194	0.01717	0.04050	0.01689	0.07039	0.03655	0.01218	0.00604	0.00474	0.00149	0.00643	0.00452	0.00311	0.09327
6	0.01501	0.49601	0.17154	0.01169	0.01712	0.04555	0.03022	0.09305	0.01329	0.01677	0.00906	0.01034	0.00752	0.00513	0.00430	0.00138	0.00664	0.00357	0.00280	0.03901
7	0.03805	0.04283	0.00852	0.00771	0.00859	0.00705	0.00557	0.00975	0.00930	0.01300	0.01888	0.06603	0.04732	0.34932	0.29084	0.00594	0.00865	0.05469	0.00349	0.00448
8	0.05154	0.05857	0.47292	0.01350	0.02001	0.01241	0.01573	0.06975	0.01346	0.14227	0.01450	0.04162	0.03636	0.00642	0.00536	0.00176	0.00694	0.00505	0.00361	0.00820
9	0.01847	0.24232	0.01938	0.01292	0.01619	0.50635	0.01047	0.02008	0.01433	0.01379	0.00957	0.01281	0.00862	0.00616	0.00517	0.00147	0.02921	0.04317	0.00288	0.00664
10	0.01129	0.02911	0.77306	0.01604	0.02436	0.01307	0.02079	0.01782	0.01188	0.01782	0.01010	0.01188	0.00713	0.00535	0.00535	0.00178	0.00832	0.00416	0.00238	0.00832
11	0.01207	0.00945	0.01117	0.00826	0.01278	0.00725	0.00657	0.01447	0.01219	0.06959	0.04751	0.03613	0.04640	0.00551	0.00457	0.00102	0.00406	0.00453	0.00385	0.68262
12	0.01167	0.01000	0.01167	0.00834	0.01334	0.00750	0.00667	0.01417	0.01167	0.01834	0.01000	0.01167	0.00834	0.00417	0.00417	0.00083	0.00417	0.00333	0.00333	0.83663
13	0.00686	0.00490	0.00653	0.00784	0.00816	0.00457	0.00522	0.00784	0.01077	0.01437	0.03102	0.79855	0.03722	0.01763	0.00718	0.00229	0.00326	0.01600	0.00522	0.00457
14	0.00700	0.00500	0.00670	0.00801	0.00840	0.00470	0.00548	0.00809	0.01092	0.01453	0.03094	0.74930	0.03690	0.01749	0.00722	0.00231	0.00339	0.06379	0.00522	0.00461
15	0.01124	0.02692	0.68277	0.01605	0.02382	0.01272	0.06746	0.01744	0.01219	0.01810	0.05142	0.01375	0.00974	0.00564	0.00550	0.00179	0.00808	0.00465	0.00262	0.00810
16	0.01129	0.02911	0.77306	0.01604	0.02436	0.01307	0.02079	0.01782	0.01188	0.01782	0.01010	0.01188	0.00713	0.00535	0.00535	0.00178	0.00832	0.00416	0.00238	0.00832
17	0.00686	0.00490	0.00653	0.00784	0.00816	0.00457	0.00522	0.00784	0.01077	0.01437	0.03102	0.79855	0.03722	0.01763	0.00718	0.00229	0.00326	0.01600	0.00522	0.00457
18	0.84197	0.01088	0.00827	0.00740	0.01088	0.01262	0.00609	0.01654	0.00958	0.02525	0.00784	0.00914	0.00609	0.00522	0.00348	0.00174	0.00435	0.00305	0.00348	0.00609
19	0.00692	0.00571	0.00607	0.00598	0.00777	0.00486	0.00449	0.00859	0.01346	0.01670	0.20072	0.05170	0.62019	0.01369	0.00665	0.00187	0.00281	0.01153	0.00542	0.00486
20	0.01969	0.13926	0.01804	0.01373	0.01682	0.59199	0.01076	0.05466	0.01537	0.01468	0.00872	0.01026	0.00736	0.00592	0.00562	0.00148	0.05229	0.00367	0.00293	0.00675
21	0.00814	0.00558	0.00650	0.00663	0.00697	0.00549	0.00419	0.00867	0.00949	0.01258	0.06883	0.05903	0.06804	0.60826	0.02335	0.00465	0.00505	0.08083	0.00391	0.00381
22	0.11013	0.14478	0.32583	0.01358	0.01963	0.03102	0.07578	0.09116	0.02576	0.05453	0.01066	0.01199	0.00793	0.00540	0.00495	0.00163	0.00698	0.00420	0.00320	0.05087
23	0.01270	0.11296	0.01939	0.01446	0.01529	0.01776	0.03973	0.01413	0.00915	0.01367	0.00759	0.01200	0.00741	0.00902	0.01614	0.00228	0.66274	0.00475	0.00247	0.00635
24	0.00665	0.00570	0.00570	0.00570	0.00760	0.00475	0.00428	0.00808	0.01283	0.01520	0.05701	0.05416	0.76483	0.01425	0.00665	0.00190	0.00285	0.01188	0.00523	0.00475
25	0.00971	0.00595	0.00909	0.03718	0.08070	0.00605	0.00654	0.00875	0.00851	0.01150	0.01289	0.10892	0.01341	0.04568	0.05761	0.55915	0.00551	0.00637	0.00287	0.00361
26	0.01574	0.01171	0.05500	0.01156	0.01504	0.01120	0.05721	0.16097	0.18880	0.16974	0.02206	0.12812	0.04581	0.03648	0.00686	0.00203	0.00524	0.04310	0.00539	0.00793
27	0.01393	0.01337	0.02284	0.03454	0.76712	0.01337	0.01727	0.01727	0.01281	0.01839	0.01059	0.01393	0.00891	0.00501	0.00557	0.00167	0.00669	0.00501	0.00279	0.00891
28	0.01394	0.01170	0.01252	0.01130	0.01432	0.01337	0.00882	0.08609	0.62009	0.02365	0.02294	0.07292	0.01846	0.00852	0.00589	0.00194	0.00455	0.03478	0.00566	0.00853
29	0.01135	0.01092	0.01968	0.08041	0.26846	0.01071	0.19737	0.01466	0.01331	0.01843	0.17665	0.09039	0.04699	0.00782	0.00625	0.00183	0.00615	0.00774	0.00381	0.00707
30	0.02014	0.01115	0.01331	0.01076	0.01446	0.01127	0.00866	0.26151	0.08792	0.34361	0.04056	0.11687	0.01681	0.00843	0.00588	0.00181	0.00497	0.00696	0.00617	0.00876
31	0.00788	0.00575	0.00740	0.00699	0.00835	0.00527	0.00524	0.01045	0.01573	0.02209	0.71786	0.04283	0.09969	0.01168	0.00664	0.00178	0.00267	0.01029	0.00613	0.00527
32	0.00705	0.00514	0.00664	0.00749	0.00816	0.00473	0.00515	0.00840	0.01196	0.01603	0.17492	0.58181	0.10950	0.01613	0.00703	0.00215	0.00311	0.01448	0.00541	0.00473
33	0.00869	0.05888	0.00955	0.07921	0.01179	0.02797	0.00669	0.01063	0.03782	0.01490	0.07071	0.40541	0.08003	0.10123	0.00904	0.00245	0.00434	0.05098	0.00460	0.00507
34	0.01167	0.01000	0.01167	0.00834	0.01334	0.00750	0.00667	0.01417	0.01167	0.01834	0.01000	0.01167	0.00834	0.00417	0.00417	0.00083	0.00417	0.00333	0.00333	0.83663

[dist]
# distance from previous block
# <min> <max>
5	22

[block]
# block no. 1 follows, 42 sequences, length 30
# corresponding to MSA columns:
# 1448-1477
name=unknown_B
#
# <colnr> <probs for GDERKNQSTAVLIFYWHMCP>
#	G	D	E	R	K	N	Q	S	T	A	V	L	I	F	Y	W	H	M	C	P
0	0.03974	0.04030	0.35199	0.01290	0.01850	0.01221	0.01404	0.09854	0.05438	0.09967	0.01582	0.01908	0.04359	0.00705	0.00595	0.00179	0.03357	0.06217	0.00385	0.06486
1	0.01329	0.03927	0.15333	0.10182	0.01842	0.05722	0.01255	0.03823	0.01192	0.08453	0.07448	0.04309	0.01327	0.03294	0.01076	0.00211	0.27688	0.00565	0.00342	0.00682
2	0.00834	0.00598	0.00672	0.00662	0.00849	0.00523	0.00503	0.00990	0.01277	0.07510	0.07036	0.11450	0.55044	0.01567	0.05484	0.00238	0.00387	0.03334	0.00525	0.00516
3	0.00811	0.00617	0.03091	0.00788	0.00897	0.00542	0.00607	0.01010	0.01250	0.01767	0.21685	0.34764	0.03622	0.04036	0.00738	0.00217	0.00354	0.11718	0.10983	0.00501
4	0.01524	0.37414	0.16041	0.01507	0.07279	0.04087	0.13313	0.01851	0.01254	0.09299	0.01052	0.01197	0.00823	0.00516	0.00482	0.00152	0.00705	0.00425	0.00298	0.00782
5	0.05877	0.64525	0.14115	0.01048	0.01576	0.02036	0.01113	0.01698	0.01140	0.01458	0.00817	0.00947	0.00715	0.00492	0.00387	0.00132	0.00628	0.00319	0.00246	0.00733
6	0.13139	0.01066	0.01255	0.01007	0.01401	0.01062	0.00821	0.11109	0.12362	0.43871	0.05627	0.01855	0.01478	0.00703	0.00542	0.00176	0.00474	0.00557	0.00612	0.00880
7	0.01505	0.80561	0.02949	0.00963	0.01444	0.02227	0.00963	0.01685	0.01143	0.01324	0.00782	0.00903	0.00722	0.00481	0.00361	0.00120	0.00602	0.00301	0.00241	0.00722
8	0.00701	0.00501	0.00670	0.00801	0.00840	0.00470	0.00549	0.00810	0.01092	0.01454	0.03093	0.74813	0.03689	0.01749	0.00722	0.00231	0.00340	0.06492	0.00522	0.00461
9	0.02218	0.00930	0.01234	0.00949	0.01358	0.00795	0.00768	0.02423	0.01492	0.61587	0.02031	0.01961	0.01374	0.06956	0.00729	0.00192	0.00476	0.00557	0.00623	0.11345
10	0.84197	0.01088	0.00827	0.00740	0.01088	0.01262	0.00609	0.01654	0.00958	0.02525	0.00784	0.00914	0.00609	0.00522	0.00348	0.00174	0.00435	0.00305	0.00348	0.00609
11	0.01264	0.00997	0.01177	0.00846	0.01341	0.00756	0.00678	0.01512	0.01199	0.07237	0.01088	0.01221	0.00874	0.00437	0.00427	0.00090	0.00421	0.00350	0.00359	0.77726
12	0.00790	0.00537	0.00682	0.00751	0.00842	0.00487	0.00523	0.00917	0.01188	0.05577	0.09999	0.55750	0.16681	0.01592	0.00696	0.00214	0.00322	0.01420	0.00540	0.00494
13	0.01229	0.00665	0.00874	0.00780	0.00978	0.00600	0.00594	0.01452	0.01508	0.21340	0.45672	0.09614	0.06117	0.05101	0.00755	0.00199	0.00340	0.00943	0.00615	0.00623
14	0.00784	0.00541	0.00628	0.00649	0.00674	0.00532	0.00392	0.00820	0.00900	0.01189	0.02286	0.15974	0.08181	0.58324	0.05391	0.00481	0.00529	0.00964	0.00383	0.00377
15	0.11899	0.00741	0.00860	0.00765	0.01013	0.00711	0.00596	0.01764	0.01285	0.28392	0.02063	0.15641	0.01724	0.00849	0.00506	0.00169	0.00371	0.00702	0.29273	0.00675
16	0.00741	0.00513	0.00637	0.00713	0.00733	0.00494	0.00447	0.00798	0.00970	0.01294	0.02553	0.48372	0.03029	0.34191	0.01605	0.00360	0.00417	0.01277	0.00447	0.00409
17	0.13187	0.00729	0.00820	0.00788	0.00976	0.00731	0.00591	0.05053	0.03848	0.10160	0.13762	0.29030	0.07287	0.01148	0.00590	0.00190	0.00359	0.00984	0.09175	0.00593
18	0.00786	0.00584	0.00820	0.00821	0.00877	0.00561	0.05532	0.00868	0.00986	0.01316	0.02408	0.42447	0.02820	0.34670	0.01617	0.00359	0.00461	0.01207	0.00430	0.00429
19	0.77006	0.01077	0.00869	0.00763	0.01119	0.01224	0.00629	0.01750	0.01015	0.09092	0.00910	0.01002	0.00678	0.00538	0.00367	0.00174	0.00439	0.00328	0.00379	0.00640
20	0.31575	0.00939	0.00927	0.00880	0.01137	0.01039	0.00701	0.01784	0.19710	0.04420	0.03132	0.06076	0.06377	0.06344	0.00694	0.00221	0.00444	0.12494	0.00465	0.00641
21	0.01180	0.01371	0.25024	0.00991	0.01368	0.00862	0.01017	0.01636	0.07089	0.08463	0.01780	0.10453	0.01511	0.04787	0.00629	0.00186	0.00498	0.00636	0.29848	0.00672
22	0.00721	0.00515	0.00694	0.00824	0.00872	0.00488	0.00584	0.00845	0.01112	0.01476	0.03082	0.68069	0.03645	0.01730	0.00728	0.00233	0.00357	0.13036	0.00522	0.00467
23	0.00721	0.00516	0.00688	0.00787	0.00845	0.00483	0.00550	0.00860	0.01185	0.01601	0.16272	0.61214	0.03974	0.01639	0.00713	0.00221	0.00329	0.06388	0.00540	0.00475
24	0.00711	0.00508	0.00682	0.00813	0.00857	0.00479	0.00567	0.00828	0.01103	0.01465	0.03088	0.71374	0.03666	0.01739	0.00725	0.00232	0.00349	0.09829	0.00522	0.00464
25	0.01820	0.01255	0.01588	0.13642	0.02001	0.02792	0.05058	0.21235	0.18514	0.20873	0.01680	0.01682	0.01186	0.00680	0.00614	0.00181	0.03265	0.00555	0.00517	0.00861
26	0.63285	0.01055	0.00950	0.00807	0.01178	0.01151	0.00665	0.01933	0.01125	0.21620	0.01151	0.01171	0.00810	0.00567	0.00404	0.00174	0.00446	0.00372	0.00437	0.00699
27	0.01388	0.01351	0.02366	0.03369	0.70872	0.01344	0.07501	0.01733	0.01285	0.01836	0.01065	0.01403	0.00888	0.00499	0.00566	0.00169	0.00691	0.00514	0.00279	0.00881
28	0.00755	0.00559	0.00714	0.00742	0.00854	0.00507	0.00534	0.00936	0.01314	0.01796	0.32385	0.36596	0.11577	0.01421	0.00680	0.00199	0.00308	0.03474	0.00553	0.04099
29	0.01203	0.01203	0.01842	0.07084	0.01771	0.01572	0.10230	0.01379	0.00935	0.01397	0.00878	0.01454	0.00843	0.06327	0.01679	0.00256	0.58539	0.00537	0.00258	0.00615

[dist]
# distance from previous block
# <min> <max>
0	1

[block]
# block no. 2 follows, 42 sequences, length 25
# corresponding to MSA columns:
# 1479-1503
name=unknown_C
#
# <colnr> <probs for GDERKNQSTAVLIFYWHMCP>
#	G	D	E	R	K	N	Q	S	T	A	V	L	I	F	Y	W	H	M	C	P
0	0.00818	0.00548	0.00627	0.00627	0.00632	0.00553	0.00358	0.00827	0.00822	0.01101	0.01761	0.03614	0.02016	0.76685	0.06361	0.00562	0.00590	0.00808	0.00339	0.00349
1	0.84197	0.01088	0.00827	0.00740	0.01088	0.01262	0.00609	0.01654	0.00958	0.02525	0.00784	0.00914	0.00609	0.00522	0.00348	0.00174	0.00435	0.00305	0.00348	0.00609
2	0.00865	0.00648	0.00941	0.00922	0.01039	0.00751	0.00720	0.04403	0.00985	0.01410	0.01500	0.02171	0.01386	0.04058	0.74428	0.00871	0.01467	0.00599	0.00314	0.00523
3	0.00685	0.00571	0.00598	0.00591	0.00772	0.00484	0.00443	0.00846	0.01330	0.01632	0.16413	0.05232	0.65701	0.01384	0.00665	0.00188	0.00282	0.01162	0.00537	0.00484
4	0.00805	0.00599	0.00886	0.00886	0.00980	0.00693	0.00680	0.00993	0.00899	0.01293	0.01524	0.02305	0.01448	0.09105	0.73164	0.00881	0.01446	0.00617	0.00304	0.00492
5	0.73844	0.04747	0.00913	0.00743	0.01082	0.01248	0.00616	0.01600	0.01004	0.02420	0.03935	0.01217	0.03741	0.00580	0.00374	0.00172	0.00431	0.00367	0.00361	0.00606
6	0.00809	0.00546	0.00639	0.00648	0.00657	0.00552	0.00381	0.00831	0.00842	0.01131	0.01839	0.08543	0.02106	0.69175	0.08579	0.00553	0.00606	0.00853	0.00350	0.00361
7	0.78838	0.01120	0.00883	0.00776	0.01131	0.01294	0.00640	0.06434	0.01068	0.02592	0.00821	0.00943	0.00632	0.00532	0.00362	0.00174	0.00447	0.00318	0.00362	0.00632
8	0.00866	0.00576	0.00750	0.00766	0.00888	0.00529	0.00567	0.01060	0.01369	0.06611	0.34980	0.30008	0.10547	0.01385	0.00685	0.00202	0.00321	0.06789	0.00575	0.00527
9	0.01000	0.00707	0.00830	0.00798	0.00918	0.00716	0.00572	0.12335	0.01349	0.01829	0.14818	0.18903	0.05607	0.27385	0.01388	0.00314	0.00446	0.06670	0.02899	0.00516
10	0.58100	0.01244	0.01101	0.00917	0.01297	0.01416	0.00756	0.24929	0.01495	0.02850	0.00964	0.01053	0.00720	0.00571	0.00417	0.00172	0.00494	0.00369	0.00417	0.00720
11	0.01042	0.00521	0.00546	0.00546	0.00664	0.00521	0.00403	0.01252	0.01134	0.01982	0.01747	0.02058	0.01394	0.00790	0.00580	0.08748	0.00286	0.00521	0.74770	0.00496
12	0.09649	0.00614	0.00709	0.00734	0.00873	0.00585	0.00536	0.01034	0.01226	0.05202	0.16170	0.34224	0.19469	0.03064	0.00699	0.00211	0.00336	0.03628	0.00525	0.00513
13	0.08919	0.00928	0.01094	0.00896	0.01181	0.00913	0.00685	0.13148	0.01452	0.34116	0.01814	0.02328	0.01475	0.27057	0.01309	0.00297	0.00519	0.00618	0.00528	0.00723
14	0.00932	0.00706	0.00900	0.00976	0.01129	0.00721	0.00811	0.01363	0.12401	0.01754	0.04626	0.13375	0.09947	0.01438	0.00728	0.00238	0.00460	0.46402	0.00529	0.00564
15	0.01207	0.00774	0.01018	0.00942	0.01117	0.00847	0.00725	0.04530	0.14936	0.10463	0.01625	0.02020	0.01359	0.02566	0.36182	0.17170	0.00949	0.00578	0.00398	0.00595
16	0.01016	0.00620	0.00812	0.00849	0.00973	0.00588	0.00620	0.01249	0.05621	0.12237	0.10251	0.50660	0.03395	0.01476	0.00688	0.00216	0.00365	0.07240	0.00559	0.00566
17	0.00736	0.00540	0.00691	0.00736	0.00832	0.00496	0.00529	0.00912	0.01317	0.01782	0.32438	0.37154	0.13953	0.01468	0.00692	0.00204	0.00305	0.04162	0.00561	0.00491
18	0.00852	0.00582	0.00782	0.00880	0.00982	0.00554	0.00687	0.01030	0.01222	0.04538	0.06027	0.38738	0.08169	0.01590	0.00731	0.00235	0.00407	0.30958	0.00531	0.00506
19	0.02102	0.02682	0.01595	0.01450	0.01740	0.77963	0.01087	0.02247	0.01595	0.01377	0.00870	0.01015	0.00725	0.00580	0.00507	0.00145	0.01015	0.00362	0.00290	0.00652
20	0.00686	0.00490	0.00653	0.00784	0.00816	0.00457	0.00522	0.00784	0.01077	0.01437	0.03102	0.79855	0.03722	0.01763	0.00718	0.00229	0.00326	0.01600	0.00522	0.00457
21	0.00778	0.00574	0.00748	0.00852	0.00958	0.00544	0.00672	0.00955	0.01213	0.01561	0.03554	0.33291	0.17657	0.01606	0.00734	0.00234	0.00402	0.32658	0.00521	0.00487
22	0.09707	0.01574	0.01596	0.01383	0.06538	0.10419	0.01054	0.44510	0.04904	0.08046	0.01297	0.01337	0.00945	0.00655	0.00583	0.00170	0.03443	0.00479	0.00491	0.00870
23	0.06690	0.04427	0.05374	0.01016	0.01481	0.01058	0.03468	0.06616	0.04672	0.01966	0.01049	0.01213	0.00852	0.00505	0.00534	0.00121	0.05544	0.00383	0.00345	0.52685
24	0.05410	0.05685	0.15052	0.04742	0.12096	0.10536	0.02941	0.12981	0.12980	0.06934	0.01307	0.01400	0.00979	0.00594	0.00529	0.00167	0.00670	0.00473	0.00390	0.04135

[dist]
# distance from previous block
# <min> <max>
0	17

[block]
# block no. 3 follows, 42 sequences, length 32
# corresponding to MSA columns:
# 1521-1552
name=unknown_D
#
# <colnr> <probs for GDERKNQSTAVLIFYWHMCP>
#	G	D	E	R	K	N	Q	S	T	A	V	L	I	F	Y	W	H	M	C	P
0	0.14306	0.04977	0.01301	0.01007	0.01386	0.01200	0.00821	0.10038	0.22683	0.21509	0.04554	0.01842	0.01433	0.00691	0.00520	0.00170	0.00471	0.02411	0.00532	0.08147
1	0.00695	0.00571	0.00612	0.00602	0.00779	0.00488	0.00451	0.00866	0.01354	0.01690	0.22007	0.05136	0.60072	0.01362	0.00665	0.00187	0.00281	0.01149	0.00545	0.00488
2	0.06009	0.46764	0.05644	0.01076	0.01555	0.01935	0.01018	0.22716	0.01588	0.05502	0.01021	0.01091	0.00814	0.00551	0.00435	0.00142	0.00603	0.00377	0.00359	0.00799
3	0.00916	0.00600	0.00718	0.00697	0.00836	0.00548	0.00506	0.01067	0.01267	0.08236	0.21719	0.08556	0.25202	0.20258	0.01195	0.00278	0.00378	0.06004	0.00518	0.00501
4	0.04923	0.00659	0.00891	0.00837	0.00951	0.00695	0.00618	0.04911	0.00989	0.08763	0.01327	0.01953	0.01201	0.07038	0.26285	0.35800	0.00823	0.00545	0.00334	0.00457
5	0.01245	0.01132	0.01667	0.37301	0.06805	0.01334	0.05467	0.05881	0.21750	0.01838	0.01394	0.01669	0.01070	0.00797	0.04013	0.00221	0.04770	0.00551	0.00362	0.00733
6	0.00871	0.00653	0.00816	0.00762	0.00917	0.00638	0.00575	0.01299	0.10712	0.02269	0.67293	0.03945	0.04868	0.01103	0.00653	0.00179	0.00288	0.00971	0.00614	0.00575
7	0.01150	0.00731	0.00801	0.00745	0.00935	0.00760	0.00564	0.01722	0.19795	0.06384	0.15092	0.02662	0.04950	0.05137	0.00639	0.00181	0.00337	0.00681	0.36105	0.00630
8	0.06811	0.01549	0.01640	0.01263	0.01708	0.01718	0.01043	0.70669	0.02550	0.03489	0.01319	0.01326	0.00937	0.00667	0.00551	0.00169	0.00609	0.00495	0.00551	0.00937
9	0.00755	0.00569	0.00672	0.00648	0.00782	0.00514	0.00469	0.00942	0.01380	0.01845	0.42152	0.04537	0.28732	0.12403	0.00975	0.00233	0.00312	0.01047	0.00548	0.00485
10	0.00708	0.00504	0.00669	0.00792	0.00830	0.00475	0.00539	0.00812	0.01079	0.01435	0.03021	0.70548	0.03597	0.06026	0.00839	0.00248	0.00352	0.06559	0.00512	0.00455
11	0.84197	0.01088	0.00827	0.00740	0.01088	0.01262	0.00609	0.01654	0.00958	0.02525	0.00784	0.00914	0.00609	0.00522	0.00348	0.00174	0.00435	0.00305	0.00348	0.00609
12	0.00804	0.00603	0.00904	0.00904	0.01005	0.00703	0.00703	0.01005	0.00904	0.01306	0.01507	0.02211	0.01407	0.04221	0.77992	0.00904	0.01507	0.00603	0.00301	0.00502
13	0.10111	0.00883	0.00937	0.00792	0.01065	0.00918	0.00634	0.17745	0.01548	0.14443	0.01682	0.01782	0.01242	0.00653	0.00454	0.00151	0.00393	0.00505	0.43365	0.00698
14	0.00713	0.00490	0.00660	0.00779	0.00809	0.00460	0.00519	0.00779	0.01045	0.01394	0.02904	0.72598	0.03467	0.01781	0.00856	0.07974	0.00342	0.01497	0.00497	0.00437
15	0.00686	0.00490	0.00653	0.00784	0.00816	0.00457	0.00522	0.00784	0.01077	0.01437	0.03102	0.79855	0.03722	0.01763	0.00718	0.00229	0.00326	0.01600	0.00522	0.00457
16	0.01167	0.01000	0.01167	0.00834	0.01334	0.00750	0.00667	0.01417	0.01167	0.01834	0.01000	0.01167	0.00834	0.00417	0.00417	0.00083	0.00417	0.00333	0.00333	0.83663
17	0.00739	0.00573	0.00673	0.00648	0.00806	0.00507	0.00486	0.00951	0.01458	0.01936	0.45652	0.04731	0.36273	0.01270	0.00664	0.00183	0.00274	0.01092	0.00577	0.00507
18	0.01147	0.01212	0.00944	0.00885	0.01098	0.22762	0.00666	0.01398	0.05500	0.01694	0.20357	0.03695	0.34347	0.01084	0.00615	0.00174	0.00499	0.00882	0.00481	0.00561
19	0.20784	0.00707	0.00776	0.00769	0.00950	0.00709	0.00581	0.01237	0.01206	0.08614	0.14959	0.27260	0.10157	0.02658	0.00667	0.01451	0.00369	0.05090	0.00505	0.00551
20	0.00686	0.00490	0.00653	0.00784	0.00816	0.00457	0.00522	0.00784	0.01077	0.01437	0.03102	0.79855	0.03722	0.01763	0.00718	0.00229	0.00326	0.01600	0.00522	0.00457
21	0.02498	0.01001	0.01333	0.01022	0.01458	0.00892	0.00844	0.07839	0.01684	0.71902	0.02159	0.01876	0.01362	0.00695	0.00566	0.00174	0.00489	0.00562	0.00687	0.00958
22	0.07929	0.00900	0.01174	0.00943	0.01311	0.00807	0.00758	0.02379	0.01474	0.60714	0.02186	0.09663	0.01602	0.04667	0.00678	0.00198	0.00464	0.00663	0.00638	0.00854
23	0.00860	0.00616	0.00745	0.00740	0.00898	0.00569	0.00564	0.01115	0.04614	0.05256	0.28759	0.13470	0.27173	0.03112	0.00725	0.00205	0.00331	0.09153	0.00561	0.00534
24	0.13255	0.01917	0.01570	0.01604	0.13642	0.37286	0.01091	0.09428	0.04343	0.09094	0.01119	0.01222	0.00860	0.00587	0.00507	0.00159	0.00768	0.00421	0.00373	0.00753
25	0.00693	0.00563	0.00614	0.00618	0.00782	0.00485	0.00457	0.00856	0.01325	0.01659	0.19586	0.12283	0.55310	0.01403	0.00670	0.00191	0.00285	0.01193	0.00542	0.00485
26	0.00923	0.00593	0.00761	0.00722	0.00855	0.00547	0.00526	0.01128	0.01428	0.08123	0.49932	0.12233	0.07594	0.11010	0.00935	0.00229	0.00325	0.01027	0.00576	0.00532
27	0.00879	0.00612	0.00751	0.00739	0.00879	0.00579	0.00540	0.01130	0.05408	0.06037	0.28116	0.19728	0.19375	0.07181	0.05226	0.00259	0.00395	0.01090	0.00542	0.00532
28	0.01572	0.11218	0.01682	0.11031	0.05701	0.01425	0.01035	0.32469	0.01822	0.02451	0.05549	0.01764	0.03886	0.00673	0.00532	0.00157	0.00571	0.03009	0.00434	0.13016
29	0.00962	0.00859	0.00836	0.00835	0.00982	0.10286	0.00614	0.04438	0.01399	0.01765	0.22400	0.28553	0.18790	0.01327	0.00661	0.00195	0.00408	0.03638	0.00520	0.00530
30	0.01375	0.01185	0.01786	0.09383	0.36072	0.01252	0.02573	0.11379	0.05279	0.04449	0.01651	0.09899	0.05434	0.00760	0.00654	0.00183	0.04848	0.00667	0.00380	0.00792
31	0.32491	0.16588	0.04290	0.01105	0.07768	0.02695	0.00867	0.06666	0.01221	0.02057	0.04107	0.01782	0.07827	0.00875	0.04869	0.00208	0.00570	0.02989	0.00360	0.00665

[dist]
# distance from previous block
# <min> <max>
0	8

[block]
# block no. 4 follows, 42 sequences, length 52
# corresponding to MSA columns:
# 1561-1612
name=unknown_E
#
# <colnr> <probs for GDERKNQSTAVLIFYWHMCP>
#	G	D	E	R	K	N	Q	S	T	A	V	L	I	F	Y	W	H	M	C	P
0	0.04626	0.00930	0.01025	0.04280	0.01269	0.04793	0.00739	0.04217	0.17222	0.09679	0.07519	0.18314	0.10282	0.01232	0.04469	0.02614	0.00496	0.01985	0.00502	0.03807
1	0.00953	0.00602	0.00754	0.00749	0.00894	0.00541	0.00548	0.01097	0.01257	0.10096	0.16383	0.26998	0.19432	0.06704	0.00876	0.03438	0.00357	0.04825	0.00531	0.02963
2	0.78623	0.01063	0.00836	0.00750	0.01089	0.01220	0.00613	0.01657	0.00983	0.04826	0.00912	0.03793	0.00746	0.00573	0.00368	0.00176	0.00433	0.00360	0.00365	0.00615
3	0.01077	0.00940	0.01159	0.08458	0.01395	0.06390	0.05920	0.03921	0.07025	0.01568	0.08565	0.08813	0.02118	0.29681	0.01502	0.00324	0.04586	0.05624	0.00397	0.00537
4	0.07297	0.00720	0.00880	0.00775	0.01003	0.00661	0.00590	0.01490	0.01390	0.21624	0.28511	0.09012	0.10662	0.08547	0.00819	0.00212	0.00373	0.00862	0.00565	0.04008
5	0.00703	0.00501	0.00663	0.00776	0.00816	0.00470	0.00522	0.00812	0.01108	0.01486	0.08349	0.69852	0.03758	0.04993	0.00805	0.00239	0.00335	0.02832	0.00522	0.00459
6	0.17831	0.01005	0.01222	0.00964	0.01378	0.00951	0.00794	0.03999	0.04529	0.58549	0.01935	0.01723	0.01250	0.00666	0.00525	0.00175	0.00472	0.00518	0.00623	0.00889
7	0.10709	0.00967	0.01083	0.00926	0.01199	0.00996	0.00720	0.18265	0.05679	0.13348	0.10020	0.07841	0.02004	0.14582	0.00964	0.00242	0.00481	0.04659	0.00511	0.04804
8	0.00818	0.00568	0.00721	0.00762	0.00866	0.00529	0.00540	0.01025	0.03915	0.04962	0.23251	0.44912	0.12054	0.01478	0.00686	0.00207	0.00316	0.01317	0.00558	0.00516
9	0.01530	0.00863	0.00971	0.00844	0.01111	0.00890	0.00664	0.06725	0.20047	0.19222	0.04880	0.02091	0.01618	0.00712	0.00499	0.00160	0.00380	0.00580	0.35471	0.00742
10	0.00876	0.00667	0.00778	0.00731	0.00913	0.00637	0.00554	0.01280	0.11412	0.03747	0.43019	0.04244	0.26671	0.01173	0.00650	0.00183	0.00300	0.01009	0.00585	0.00572
11	0.04271	0.00674	0.00847	0.00802	0.00998	0.00613	0.00595	0.01477	0.01264	0.25564	0.02915	0.35227	0.11384	0.04245	0.00710	0.00210	0.00378	0.01074	0.06129	0.00624
12	0.01071	0.00520	0.00769	0.00753	0.00783	0.00510	0.00513	0.00870	0.00804	0.06122	0.01137	0.04501	0.01103	0.01863	0.02037	0.75041	0.00482	0.00533	0.00285	0.00300
13	0.01882	0.01328	0.01414	0.01113	0.01488	0.01457	0.00910	0.57467	0.02300	0.03204	0.01466	0.01528	0.01072	0.00671	0.00523	0.00160	0.00535	0.00511	0.20118	0.00855
14	0.01454	0.01174	0.01250	0.01114	0.01433	0.01340	0.00870	0.04259	0.67434	0.06072	0.02250	0.02076	0.01676	0.00754	0.00564	0.00187	0.00442	0.00626	0.04145	0.00880
15	0.01111	0.00950	0.01470	0.01242	0.01410	0.01071	0.12819	0.01379	0.06647	0.03743	0.07392	0.08524	0.07603	0.01248	0.04331	0.10508	0.22069	0.03087	0.02815	0.00583
16	0.01910	0.01107	0.01288	0.01070	0.01439	0.01155	0.00857	0.09470	0.35022	0.32925	0.02152	0.01955	0.01501	0.00723	0.00560	0.00179	0.00466	0.00590	0.04727	0.00906
17	0.02388	0.01178	0.01442	0.01106	0.01547	0.01154	0.00914	0.28431	0.01980	0.50892	0.01911	0.01714	0.01238	0.00689	0.00565	0.00172	0.00529	0.00545	0.00649	0.00957
18	0.01579	0.01298	0.01374	0.01182	0.01532	0.01484	0.00934	0.20426	0.57967	0.02644	0.02063	0.01918	0.01533	0.00742	0.00570	0.00186	0.00488	0.00605	0.00570	0.00907
19	0.01077	0.01015	0.01714	0.75620	0.07014	0.01254	0.01570	0.01450	0.01132	0.01455	0.01003	0.01496	0.00756	0.00560	0.00562	0.00187	0.00747	0.00500	0.00251	0.00637
20	0.00750	0.00517	0.00634	0.00701	0.00718	0.00500	0.00434	0.00800	0.00952	0.01269	0.02456	0.42860	0.02908	0.39869	0.01761	0.00383	0.00433	0.01220	0.00434	0.00401
21	0.00802	0.00545	0.00649	0.00669	0.00688	0.00544	0.00410	0.00844	0.00906	0.01216	0.05097	0.13989	0.02416	0.60002	0.06140	0.00496	0.00551	0.03276	0.00381	0.00378
22	0.01170	0.11385	0.69192	0.01534	0.02328	0.01407	0.01957	0.01772	0.01183	0.01732	0.00985	0.01157	0.00714	0.00529	0.00516	0.00172	0.00807	0.00403	0.00238	0.00820
23	0.01409	0.01191	0.05634	0.10607	0.34556	0.01113	0.04498	0.01776	0.04154	0.13507	0.08649	0.07398	0.01601	0.00701	0.00585	0.00178	0.00597	0.00647	0.00400	0.00798
24	0.24672	0.00968	0.01201	0.01164	0.09007	0.00977	0.00837	0.02019	0.01267	0.34865	0.01573	0.01639	0.01127	0.01273	0.14679	0.00307	0.00675	0.00494	0.00485	0.00771
25	0.00815	0.00529	0.00643	0.00727	0.00798	0.00514	0.00502	0.01019	0.04147	0.01657	0.02719	0.55190	0.03010	0.01416	0.00623	0.00200	0.00314	0.01263	0.23421	0.00493
26	0.09650	0.10364	0.05445	0.01215	0.01456	0.12605	0.03998	0.01573	0.01092	0.05251	0.01064	0.01445	0.00934	0.03280	0.17922	0.00352	0.20947	0.00471	0.00300	0.00635
27	0.00946	0.00644	0.00897	0.01010	0.01141	0.00635	0.00865	0.01188	0.01286	0.04524	0.02963	0.13534	0.03217	0.01543	0.00763	0.00253	0.00498	0.63040	0.00525	0.00529
28	0.01368	0.01199	0.01726	0.38096	0.04179	0.01378	0.06437	0.16601	0.12785	0.02055	0.01270	0.01535	0.00953	0.00615	0.00606	0.00181	0.03254	0.00525	0.00370	0.04865
29	0.01399	0.11825	0.34864	0.05383	0.02093	0.03866	0.04527	0.06707	0.01280	0.07374	0.01056	0.01248	0.00797	0.00612	0.00710	0.00177	0.12119	0.00440	0.00303	0.03220
30	0.01328	0.01518	0.03321	0.02372	0.02941	0.01423	0.74668	0.01803	0.01328	0.01803	0.01139	0.01518	0.00854	0.00474	0.00664	0.00190	0.00949	0.00664	0.00285	0.00759
31	0.01136	0.01075	0.01821	0.62085	0.20087	0.01270	0.01599	0.01502	0.01160	0.01527	0.01013	0.01476	0.00782	0.00549	0.00561	0.00183	0.00732	0.00500	0.00256	0.00684
32	0.00924	0.00591	0.00827	0.00812	0.00896	0.00642	0.00594	0.01027	0.00909	0.05005	0.01540	0.02435	0.01485	0.19547	0.45640	0.11693	0.01076	0.00628	0.03273	0.00458
33	0.00686	0.00490	0.00653	0.00784	0.00816	0.00457	0.00522	0.00784	0.01077	0.01437	0.03102	0.79855	0.03722	0.01763	0.00718	0.00229	0.00326	0.01600	0.00522	0.00457
34	0.00726	0.00577	0.00654	0.00648	0.00815	0.00506	0.00495	0.00918	0.01389	0.01780	0.29436	0.05069	0.47469	0.01341	0.00672	0.00190	0.00294	0.05968	0.00555	0.00497
35	0.07987	0.00915	0.01206	0.00989	0.01367	0.00828	0.00825	0.02404	0.01512	0.59315	0.02246	0.02583	0.01645	0.00827	0.00586	0.00188	0.00482	0.12592	0.00642	0.00860
36	0.00804	0.00603	0.00904	0.00904	0.01005	0.00703	0.00703	0.01005	0.00904	0.01306	0.01507	0.02211	0.01407	0.04221	0.77992	0.00904	0.01507	0.00603	0.00301	0.00502
37	0.01167	0.01000	0.01167	0.00834	0.01334	0.00750	0.00667	0.01417	0.01167	0.01834	0.01000	0.01167	0.00834	0.00417	0.00417	0.00083	0.00417	0.00333	0.00333	0.83663
38	0.01063	0.00795	0.00903	0.00859	0.01067	0.00815	0.00647	0.01709	0.26320	0.06985	0.15636	0.18970	0.19630	0.01176	0.00638	0.00195	0.00357	0.01016	0.00567	0.00653
39	0.12256	0.00862	0.01067	0.00924	0.01224	0.00824	0.00750	0.04978	0.01449	0.36539	0.09784	0.08349	0.02160	0.04173	0.00686	0.00207	0.00455	0.11990	0.00584	0.00740
40	0.00729	0.00520	0.00702	0.00833	0.00884	0.00494	0.00597	0.00858	0.01120	0.01485	0.03078	0.65564	0.03628	0.01723	0.00730	0.00234	0.00364	0.15467	0.00522	0.00469
41	0.00746	0.00539	0.00691	0.00721	0.00810	0.00500	0.00507	0.00919	0.01316	0.01804	0.37769	0.33693	0.09253	0.07072	0.00843	0.00224	0.00311	0.01241	0.00555	0.00485
42	0.00804	0.00603	0.00904	0.00904	0.01005	0.00703	0.00703	0.01005	0.00904	0.01306	0.01507	0.02211	0.01407	0.04221	0.77992	0.00904	0.01507	0.00603	0.00301	0.00502
43	0.02113	0.01254	0.01431	0.01122	0.01530	0.01312	0.00919	0.38637	0.08687	0.27650	0.01761	0.01665	0.01208	0.00689	0.00551	0.00170	0.00528	0.00539	0.07319	0.00916
44	0.01420	0.00650	0.00762	0.00674	0.00892	0.00607	0.00526	0.01665	0.01339	0.22823	0.08449	0.02363	0.04828	0.00741	0.00475	0.00149	0.00323	0.00605	0.50067	0.00643
45	0.00818	0.00546	0.00614	0.00614	0.00614	0.00546	0.00341	0.00818	0.00818	0.01091	0.01773	0.03683	0.02046	0.80222	0.02864	0.00546	0.00546	0.00818	0.00341	0.00341
46	0.00953	0.00610	0.00802	0.00734	0.00895	0.00558	0.00558	0.01214	0.01595	0.09019	0.69711	0.03997	0.04956	0.01109	0.00655	0.00177	0.00285	0.00977	0.00626	0.00570
47	0.00709	0.00510	0.00678	0.00803	0.00852	0.00479	0.00561	0.00826	0.01109	0.01467	0.03189	0.68944	0.06474	0.01727	0.00723	0.00230	0.00346	0.09387	0.00522	0.00464
48	0.00707	0.00571	0.00636	0.00670	0.00828	0.00499	0.00512	0.00865	0.01269	0.01559	0.07524	0.15176	0.53980	0.01478	0.00688	0.00204	0.00323	0.11503	0.00525	0.00481
49	0.01660	0.01151	0.01280	0.01112	0.01457	0.01267	0.00876	0.02933	0.58582	0.19620	0.02274	0.02057	0.01643	0.00748	0.00571	0.00187	0.00453	0.00620	0.00601	0.00906
50	0.00741	0.00573	0.00675	0.00650	0.00807	0.00507	0.00487	0.00955	0.01462	0.01946	0.46543	0.04716	0.35376	0.01267	0.00664	0.00183	0.00274	0.01090	0.00579	0.00507
51	0.00812	0.00546	0.00630	0.00635	0.00642	0.00550	0.00367	0.00827	0.00833	0.01116	0.01811	0.06578	0.02079	0.73290	0.06610	0.00552	0.00586	0.00838	0.00346	0.00354

[dist]
# distance from previous block
# <min> <max>
0	0

# created by:
# /home/berkeley/.conda/envs/busco_data_prod/bin/msa2prfl.pl pipeline/OGs_align_augustus/33634/166064.fs
