[name]
unknown

[dist]
# distance from previous block
# <min> <max>
4	278

[block]
# block no. 0 follows, 48 sequences, length 144
# corresponding to MSA columns:
# 288-431
name=unknown_A
#
# <colnr> <probs for GDERKNQSTAVLIFYWHMCP>
#	G	D	E	R	K	N	Q	S	T	A	V	L	I	F	Y	W	H	M	C	P
0	0.01144	0.00986	0.01608	0.02306	0.51196	0.00971	0.01227	0.01402	0.01181	0.05259	0.06922	0.11749	0.03840	0.00755	0.00553	0.00168	0.00516	0.07164	0.00346	0.00704
1	0.01178	0.01014	0.01116	0.00913	0.01280	0.01002	0.00718	0.02063	0.42323	0.01927	0.01544	0.01521	0.01193	0.00550	0.00456	0.00129	0.00394	0.00452	0.00421	0.39806
2	0.00685	0.00508	0.00658	0.00716	0.00803	0.00453	0.00493	0.00800	0.01020	0.01399	0.07120	0.67175	0.03160	0.01425	0.00618	0.00189	0.00304	0.01286	0.00461	0.10726
3	0.01260	0.01226	0.02144	0.04490	0.71695	0.01224	0.07215	0.01575	0.01169	0.01667	0.00970	0.01280	0.00808	0.00456	0.00515	0.00154	0.00630	0.00468	0.00254	0.00799
4	0.01029	0.02654	0.79309	0.01462	0.02221	0.01192	0.01896	0.01625	0.01083	0.01625	0.00921	0.01083	0.00650	0.00487	0.00487	0.00162	0.00758	0.00379	0.00217	0.00758
5	0.00987	0.01017	0.02005	0.01498	0.01854	0.00943	0.44296	0.01323	0.01274	0.01725	0.23736	0.02584	0.12909	0.00731	0.00606	0.00170	0.00602	0.00765	0.00377	0.00596
6	0.00662	0.00473	0.00636	0.00748	0.00796	0.00448	0.00532	0.00782	0.01036	0.01382	0.06441	0.65858	0.03393	0.01551	0.00661	0.00211	0.00323	0.13159	0.00480	0.00429
7	0.01006	0.00949	0.01605	0.71293	0.12689	0.01150	0.01443	0.01343	0.01043	0.01355	0.00918	0.01356	0.00700	0.00506	0.00512	0.00169	0.00675	0.00456	0.00231	0.00600
8	0.01111	0.02120	0.56294	0.01488	0.09504	0.01075	0.01607	0.01606	0.01165	0.07488	0.10448	0.01486	0.01223	0.00564	0.00506	0.00161	0.00657	0.00464	0.00294	0.00739
9	0.01773	0.02215	0.01377	0.01261	0.01505	0.70262	0.00949	0.01911	0.01377	0.01248	0.00864	0.01058	0.00737	0.00933	0.10134	0.00216	0.00980	0.00357	0.00266	0.00578
10	0.01260	0.01247	0.02243	0.02982	0.65858	0.01232	0.14355	0.01586	0.01176	0.01671	0.00978	0.01289	0.00807	0.00453	0.00525	0.00156	0.00653	0.00482	0.00255	0.00792
11	0.01006	0.00949	0.01605	0.71293	0.12689	0.01150	0.01443	0.01343	0.01043	0.01355	0.00918	0.01356	0.00700	0.00506	0.00512	0.00169	0.00675	0.00456	0.00231	0.00600
12	0.00974	0.04011	0.40317	0.01223	0.01694	0.00986	0.03673	0.01465	0.05545	0.01648	0.07347	0.02783	0.01728	0.00824	0.00565	0.00185	0.00609	0.23434	0.00340	0.00648
13	0.00609	0.00511	0.00529	0.00543	0.00699	0.00431	0.00400	0.00734	0.01147	0.01377	0.04910	0.14271	0.69412	0.01337	0.00612	0.00178	0.00264	0.01129	0.00476	0.00431
14	0.01670	0.01980	0.03780	0.01607	0.14685	0.47863	0.02729	0.04684	0.13074	0.01551	0.01044	0.01160	0.00834	0.00542	0.00485	0.00145	0.00774	0.00402	0.00309	0.00681
15	0.01030	0.00974	0.01649	0.65001	0.18791	0.01156	0.01455	0.01364	0.01055	0.01385	0.00923	0.01348	0.00710	0.00502	0.00512	0.00167	0.00669	0.00456	0.00233	0.00619
16	0.02285	0.00900	0.01208	0.00926	0.01323	0.00794	0.00765	0.06077	0.01514	0.75481	0.01986	0.01722	0.01251	0.00634	0.00516	0.00159	0.00443	0.00513	0.00629	0.00873
17	0.00665	0.00525	0.00601	0.00591	0.00741	0.00461	0.00450	0.00844	0.01281	0.01656	0.33724	0.04550	0.45775	0.01208	0.00611	0.00172	0.00264	0.04913	0.00511	0.00455
18	0.00969	0.00912	0.01539	0.80734	0.03534	0.01140	0.01425	0.01311	0.01026	0.01311	0.00912	0.01368	0.00684	0.00513	0.00513	0.00171	0.00684	0.00456	0.00228	0.00570
19	0.01211	0.12808	0.49395	0.01446	0.02088	0.01365	0.11847	0.10795	0.01257	0.01768	0.00947	0.01108	0.00696	0.00489	0.00486	0.00156	0.00722	0.00406	0.00259	0.00750
20	0.00640	0.00459	0.00611	0.00727	0.00767	0.00430	0.00500	0.00741	0.01002	0.01329	0.02882	0.73923	0.05349	0.01585	0.00658	0.00210	0.00310	0.06981	0.00476	0.00421
21	0.01314	0.68767	0.15689	0.00977	0.01470	0.01888	0.01051	0.01551	0.01049	0.01278	0.00749	0.00867	0.00657	0.00447	0.00356	0.00119	0.00584	0.00292	0.00219	0.00675
22	0.00992	0.00936	0.01581	0.74792	0.09296	0.01146	0.01436	0.01331	0.01037	0.01339	0.00916	0.01360	0.00694	0.00509	0.00513	0.00170	0.00678	0.00456	0.00230	0.00589
23	0.01029	0.02654	0.79309	0.01462	0.02221	0.01192	0.01896	0.01625	0.01083	0.01625	0.00921	0.01083	0.00650	0.00487	0.00487	0.00162	0.00758	0.00379	0.00217	0.00758
24	0.01038	0.01006	0.01757	0.52681	0.16087	0.01141	0.10575	0.01394	0.02440	0.01432	0.01163	0.01534	0.04469	0.00535	0.00528	0.00168	0.00668	0.00507	0.00253	0.00624
25	0.01572	0.01059	0.01299	0.19023	0.01849	0.06695	0.02577	0.04339	0.21238	0.27094	0.01704	0.04540	0.01271	0.00667	0.00525	0.00168	0.00529	0.02647	0.00465	0.00738
26	0.09341	0.11686	0.01522	0.01140	0.01468	0.41744	0.00908	0.13413	0.02505	0.10232	0.00996	0.01055	0.00762	0.00540	0.00448	0.00139	0.00717	0.00363	0.00346	0.00675
27	0.00629	0.00449	0.00600	0.00719	0.00750	0.00420	0.00483	0.00721	0.00986	0.01314	0.02826	0.80278	0.03386	0.01604	0.00656	0.00209	0.00301	0.02778	0.00476	0.00418
28	0.01094	0.02199	0.51962	0.01713	0.02386	0.01230	0.28786	0.01632	0.01129	0.01632	0.00963	0.01191	0.00696	0.00468	0.00530	0.00166	0.00797	0.00460	0.00232	0.00735
29	0.01066	0.00980	0.01438	0.29016	0.21073	0.05137	0.02187	0.04921	0.01169	0.01530	0.02484	0.15232	0.01492	0.00797	0.00558	0.00177	0.00581	0.09229	0.00324	0.00609
30	0.01434	0.01915	0.25215	0.01622	0.02147	0.15857	0.28777	0.06252	0.01313	0.08940	0.01062	0.01234	0.00770	0.00497	0.00530	0.00160	0.00786	0.00470	0.00298	0.00721
31	0.01065	0.02404	0.64312	0.01600	0.02311	0.01212	0.16642	0.01629	0.01108	0.01629	0.00944	0.01142	0.00675	0.00477	0.00511	0.00165	0.00779	0.00424	0.00225	0.00745
32	0.01481	0.01139	0.01943	0.02485	0.51584	0.01103	0.09126	0.01769	0.01236	0.19105	0.01257	0.03344	0.00975	0.00523	0.00523	0.00157	0.00589	0.00510	0.00346	0.00804
33	0.01213	0.01161	0.01981	0.17715	0.64643	0.01204	0.01547	0.01525	0.01142	0.01608	0.00955	0.01288	0.00789	0.00468	0.00509	0.00156	0.00624	0.00457	0.00249	0.00767
34	0.00642	0.00478	0.00601	0.00695	0.00755	0.00446	0.00473	0.00780	0.03370	0.01347	0.03167	0.67483	0.14806	0.01533	0.00643	0.00202	0.00295	0.01374	0.00478	0.00431
35	0.00989	0.00841	0.06646	0.00754	0.01018	0.00703	0.00640	0.01438	0.16691	0.11072	0.09836	0.03561	0.41779	0.01016	0.00569	0.00170	0.00347	0.00847	0.00493	0.00592
36	0.05758	0.00768	0.00899	0.06764	0.01193	0.00779	0.00670	0.07580	0.10609	0.12295	0.06013	0.10712	0.26411	0.01004	0.00566	0.00176	0.00385	0.06342	0.00483	0.00596
37	0.01191	0.40151	0.43226	0.01187	0.01795	0.01587	0.01416	0.01583	0.01064	0.01428	0.00823	0.00961	0.00654	0.00465	0.00413	0.00138	0.00660	0.00330	0.00218	0.00711
38	0.00613	0.00522	0.00529	0.00533	0.00704	0.00438	0.00403	0.00746	0.01170	0.01391	0.05121	0.04964	0.76223	0.01303	0.00610	0.00175	0.00266	0.03376	0.00476	0.00434
39	0.01218	0.01166	0.01989	0.16487	0.65833	0.01206	0.01549	0.01529	0.01144	0.01614	0.00956	0.01287	0.00791	0.00467	0.00509	0.00156	0.00622	0.00457	0.00250	0.00771
40	0.01270	0.01219	0.02083	0.03149	0.78767	0.01219	0.01575	0.01575	0.01168	0.01676	0.00965	0.01270	0.00813	0.00457	0.00508	0.00152	0.00610	0.00457	0.00254	0.00813
41	0.01207	0.00707	0.00916	0.00885	0.01049	0.02754	0.00714	0.01382	0.01140	0.21061	0.02135	0.11710	0.02089	0.08784	0.09773	0.00298	0.04421	0.26526	0.01890	0.00559
42	0.02302	0.00873	0.01191	0.00913	0.01310	0.00754	0.00754	0.02501	0.01469	0.79122	0.02024	0.01746	0.01270	0.00635	0.00516	0.00159	0.00437	0.00516	0.00635	0.00873
43	0.03369	0.01159	0.01925	0.07325	0.64385	0.01164	0.01455	0.01656	0.01185	0.09863	0.01068	0.01316	0.00848	0.00480	0.00505	0.00154	0.00590	0.00459	0.00294	0.00799
44	0.01232	0.05706	0.42855	0.01690	0.07944	0.01218	0.21051	0.01706	0.01158	0.09041	0.01051	0.01226	0.00755	0.00483	0.00515	0.00162	0.00734	0.00452	0.00271	0.00752
45	0.53615	0.01488	0.01109	0.00969	0.01280	0.26827	0.04956	0.01692	0.01081	0.01924	0.00758	0.00894	0.00602	0.00491	0.00381	0.00151	0.00595	0.00313	0.00297	0.00576
46	0.01197	0.01479	0.08742	0.02110	0.02647	0.01290	0.71285	0.01642	0.01202	0.01642	0.01029	0.01362	0.00769	0.00437	0.00597	0.00172	0.00857	0.00589	0.00256	0.00697
47	0.00754	0.00564	0.00727	0.00808	0.00940	0.00537	0.00682	0.00955	0.01176	0.01493	0.04694	0.07835	0.25200	0.01383	0.00675	0.00216	0.00401	0.50025	0.00475	0.00459
48	0.30744	0.01059	0.01261	0.01065	0.04146	0.02861	0.07960	0.04678	0.10554	0.28669	0.01393	0.01364	0.00969	0.00559	0.00455	0.00161	0.00482	0.00442	0.00450	0.00731
49	0.01836	0.01111	0.01290	0.00999	0.01374	0.01126	0.00818	0.38798	0.01897	0.26154	0.10850	0.01692	0.01468	0.00655	0.00514	0.00150	0.00471	0.00522	0.00540	0.07734
50	0.00726	0.00524	0.00686	0.00646	0.00767	0.00484	0.00484	0.00968	0.01452	0.02058	0.78496	0.03833	0.04841	0.01049	0.00605	0.00161	0.00242	0.00928	0.00565	0.00484
51	0.01251	0.01207	0.01987	0.11262	0.67116	0.02718	0.01526	0.01589	0.03352	0.01643	0.00988	0.01292	0.00818	0.00471	0.00508	0.00155	0.00618	0.00458	0.00259	0.00783
52	0.00677	0.00550	0.00607	0.00611	0.00773	0.00491	0.00473	0.00885	0.03957	0.01541	0.16728	0.04753	0.54595	0.01251	0.00616	0.00179	0.00288	0.10073	0.00492	0.00460
53	0.00851	0.00647	0.00904	0.00981	0.01079	0.00700	0.00843	0.01064	0.01122	0.01486	0.02474	0.09569	0.02701	0.01365	0.00824	0.00233	0.10265	0.61968	0.00443	0.00480
54	0.02302	0.00873	0.01191	0.00913	0.01310	0.00754	0.00754	0.02501	0.01469	0.79122	0.02024	0.01746	0.01270	0.00635	0.00516	0.00159	0.00437	0.00516	0.00635	0.00873
55	0.01270	0.01219	0.02083	0.03149	0.78767	0.01219	0.01575	0.01575	0.01168	0.01676	0.00965	0.01270	0.00813	0.00457	0.00508	0.00152	0.00610	0.00457	0.00254	0.00813
56	0.01442	0.72439	0.02549	0.00915	0.01350	0.01977	0.00890	0.10726	0.01209	0.01454	0.00776	0.00873	0.00685	0.00461	0.00352	0.00115	0.00551	0.00297	0.00255	0.00685
57	0.00638	0.00461	0.00621	0.00722	0.00764	0.00445	0.00494	0.00740	0.00969	0.01298	0.02724	0.69589	0.05444	0.01871	0.10301	0.00282	0.00428	0.01337	0.00452	0.00422
58	0.00918	0.00567	0.00747	0.00678	0.00833	0.00517	0.00517	0.01155	0.01454	0.11436	0.69190	0.03579	0.04407	0.00999	0.00594	0.00161	0.00266	0.00878	0.00573	0.00531
59	0.00969	0.00912	0.01539	0.80734	0.03534	0.01140	0.01425	0.01311	0.01026	0.01311	0.00912	0.01368	0.00684	0.00513	0.00513	0.00171	0.00684	0.00456	0.00228	0.00570
60	0.01248	0.01076	0.01134	0.01022	0.01306	0.01239	0.00794	0.02639	0.74355	0.02122	0.03315	0.02036	0.03978	0.00720	0.00526	0.00174	0.00399	0.00601	0.00521	0.00796
61	0.01028	0.00972	0.01646	0.65481	0.18324	0.01156	0.01454	0.01363	0.01054	0.01383	0.00922	0.01349	0.00709	0.00502	0.00512	0.00167	0.00669	0.00456	0.00233	0.00618
62	0.01350	0.01469	0.02431	0.02005	0.11597	0.12361	0.46397	0.01839	0.10201	0.03422	0.01140	0.01376	0.00869	0.00485	0.00562	0.00165	0.00779	0.00544	0.00299	0.00711
63	0.00884	0.00763	0.01079	0.00993	0.01038	0.00981	0.00786	0.01018	0.00800	0.01184	0.01135	0.01836	0.01120	0.12223	0.40507	0.00555	0.31824	0.00535	0.00260	0.00480
64	0.11002	0.00609	0.00682	0.00631	0.00820	0.00565	0.03169	0.00924	0.01210	0.01685	0.23903	0.04019	0.46777	0.01102	0.00571	0.00168	0.00293	0.00927	0.00473	0.00471
65	0.01376	0.01231	0.03829	0.01206	0.01553	0.02690	0.10121	0.09592	0.54686	0.05132	0.01818	0.01735	0.01349	0.00645	0.00529	0.00170	0.00498	0.00559	0.00480	0.00800
66	0.01256	0.01204	0.02057	0.06872	0.75157	0.01215	0.01568	0.01562	0.01162	0.01659	0.00963	0.01275	0.00807	0.00460	0.00508	0.00153	0.00613	0.00457	0.00253	0.00801
67	0.00746	0.00497	0.00560	0.00560	0.00560	0.00497	0.00311	0.00746	0.00746	0.00995	0.01617	0.03358	0.01865	0.81967	0.02612	0.00497	0.00497	0.00746	0.00311	0.00311
68	0.00691	0.00566	0.00712	0.00709	0.00824	0.00587	0.00541	0.00832	0.01000	0.01299	0.03268	0.12989	0.37242	0.02176	0.27728	0.00403	0.06694	0.00899	0.00389	0.00449
69	0.01219	0.01951	0.37324	0.01246	0.01740	0.10756	0.01316	0.04285	0.24999	0.01824	0.07088	0.01532	0.01256	0.00603	0.00505	0.00162	0.00625	0.00479	0.00352	0.00738
70	0.00802	0.00571	0.00789	0.00900	0.01003	0.00568	0.00763	0.01011	0.01137	0.01482	0.02665	0.13108	0.02934	0.06055	0.00813	0.00248	0.00457	0.63774	0.00464	0.00458
71	0.01111	0.00999	0.01581	0.65111	0.09059	0.01201	0.01382	0.10549	0.01206	0.01573	0.00955	0.01344	0.00717	0.00521	0.00513	0.00168	0.00664	0.00457	0.00265	0.00625
72	0.01769	0.01310	0.01418	0.01109	0.01479	0.01441	0.00908	0.64231	0.05914	0.03038	0.10675	0.01581	0.01389	0.00672	0.00525	0.00156	0.00518	0.00524	0.00520	0.00822
73	0.01226	0.01352	0.02289	0.01752	0.02030	0.07303	0.38896	0.01500	0.01048	0.01440	0.00864	0.01238	0.00725	0.00638	0.01055	0.00192	0.35060	0.00518	0.00245	0.00629
74	0.00625	0.00447	0.00595	0.00714	0.00744	0.00417	0.00476	0.00714	0.00982	0.01310	0.02828	0.81633	0.03394	0.01608	0.00655	0.00208	0.00298	0.01459	0.00476	0.00417
75	0.03350	0.01539	0.02585	0.02101	0.11710	0.14960	0.52713	0.01703	0.01240	0.01596	0.00979	0.01277	0.00757	0.00453	0.00562	0.00163	0.00833	0.00532	0.00261	0.00687
76	0.26583	0.00991	0.01093	0.00885	0.01247	0.01016	0.00725	0.09525	0.10680	0.39795	0.01570	0.01449	0.01058	0.00594	0.00458	0.00160	0.00434	0.00449	0.00516	0.00773
77	0.00927	0.00562	0.00715	0.00665	0.00812	0.00524	0.00502	0.01178	0.03014	0.10089	0.52981	0.09146	0.03821	0.00980	0.00565	0.00159	0.00270	0.00857	0.11706	0.00526
78	0.06055	0.01192	0.01354	0.01050	0.01441	0.01246	0.00864	0.45357	0.01970	0.29481	0.01528	0.03692	0.01068	0.00644	0.00509	0.00157	0.00504	0.00500	0.00545	0.00845
79	0.00650	0.00464	0.00624	0.00743	0.00783	0.00438	0.00519	0.00757	0.01007	0.01337	0.02815	0.72403	0.03340	0.01584	0.00661	0.00212	0.00319	0.10446	0.00476	0.00424
80	0.01160	0.01135	0.02012	0.29470	0.43869	0.01202	0.10690	0.01493	0.01125	0.01548	0.00956	0.01317	0.00765	0.00473	0.00522	0.00161	0.00666	0.00475	0.00246	0.00715
81	0.00701	0.00501	0.00683	0.00802	0.00865	0.00482	0.00609	0.00846	0.01057	0.01395	0.02786	0.52975	0.03227	0.01536	0.00675	0.00219	0.00364	0.29364	0.00475	0.00438
82	0.01151	0.04476	0.33418	0.01704	0.02288	0.01276	0.35067	0.01764	0.10479	0.01683	0.01108	0.01310	0.00819	0.00487	0.00539	0.00167	0.00756	0.00501	0.00273	0.00732
83	0.01405	0.01067	0.01161	0.01020	0.01322	0.01198	0.00800	0.04927	0.63871	0.11544	0.04414	0.01932	0.01610	0.00697	0.00524	0.00171	0.00410	0.00579	0.00537	0.00811
84	0.01218	0.00640	0.00847	0.00755	0.00966	0.00577	0.00603	0.01438	0.01403	0.25841	0.40070	0.03507	0.09026	0.00984	0.00590	0.00171	0.00332	0.09864	0.00569	0.00600
85	0.01335	0.01236	0.01961	0.12421	0.55153	0.02556	0.03901	0.11892	0.01327	0.01836	0.00995	0.01275	0.00801	0.00486	0.00512	0.00155	0.00626	0.00460	0.00287	0.00783
86	0.01900	0.01412	0.01511	0.01170	0.01572	0.01568	0.00963	0.71488	0.08062	0.03152	0.01296	0.01283	0.00925	0.00622	0.00514	0.00155	0.00553	0.00471	0.00514	0.00868
87	0.01556	0.01073	0.01602	0.01280	0.01526	0.01217	0.11921	0.01907	0.10457	0.27949	0.01359	0.01469	0.01001	0.00717	0.00989	0.00189	0.32156	0.00510	0.00406	0.00717
88	0.01130	0.05896	0.43381	0.01596	0.02167	0.01303	0.21792	0.01590	0.01083	0.02983	0.00929	0.01169	0.00699	0.00528	0.00672	0.00171	0.11514	0.00447	0.00237	0.00712
89	0.02207	0.01007	0.07042	0.00954	0.01378	0.00787	0.00840	0.02435	0.01440	0.73317	0.01942	0.01697	0.01224	0.00624	0.00514	0.00159	0.00461	0.00506	0.00604	0.00865
90	0.00816	0.00583	0.00815	0.00933	0.01047	0.00582	0.00809	0.01045	0.01171	0.01524	0.02722	0.09690	0.02976	0.01427	0.00706	0.00235	0.00463	0.71514	0.00473	0.00470
91	0.10094	0.00963	0.01138	0.00934	0.01287	0.00971	0.00755	0.02481	0.27437	0.45380	0.01918	0.01714	0.01301	0.00640	0.00499	0.00164	0.00422	0.00515	0.00566	0.00821
92	0.03725	0.16287	0.15954	0.03056	0.01610	0.01468	0.01080	0.35432	0.06204	0.02288	0.01229	0.07186	0.01010	0.00633	0.00481	0.00153	0.00566	0.00489	0.00391	0.00759
93	0.02278	0.00912	0.01215	0.00932	0.01329	0.00812	0.00770	0.07677	0.01534	0.73853	0.01969	0.01711	0.01243	0.00634	0.00516	0.00158	0.00446	0.00512	0.00627	0.00873
94	0.00758	0.00542	0.00748	0.00866	0.00954	0.00531	0.00707	0.00944	0.01113	0.01459	0.02755	0.31636	0.03103	0.01482	0.00690	0.00227	0.00413	0.50144	0.00474	0.00453
95	0.07646	0.01246	0.02147	0.06856	0.31222	0.01261	0.25710	0.11174	0.01315	0.03269	0.01055	0.01374	0.00833	0.00496	0.00530	0.00163	0.00669	0.01988	0.00303	0.00742
96	0.30530	0.06133	0.01358	0.01169	0.07150	0.19272	0.00874	0.24094	0.01495	0.02231	0.00905	0.01005	0.00699	0.00526	0.00424	0.00148	0.00592	0.00358	0.00353	0.00684
97	0.01198	0.00858	0.00992	0.00898	0.01136	0.00917	0.00705	0.02031	0.39213	0.11440	0.25725	0.02777	0.02646	0.00852	0.00561	0.00173	0.00364	0.06278	0.00545	0.00693
98	0.01482	0.01056	0.01166	0.01018	0.01329	0.01172	0.00801	0.02681	0.62538	0.17569	0.02076	0.01881	0.01507	0.00684	0.00521	0.00171	0.00412	0.00567	0.00545	0.00824
99	0.01338	0.01286	0.03777	0.02461	0.50492	0.02842	0.04794	0.08925	0.14363	0.01888	0.01177	0.01368	0.00937	0.00519	0.00528	0.00158	0.01539	0.00481	0.00323	0.00804
100	0.02012	0.00943	0.01318	0.01011	0.01390	0.00868	0.06457	0.11348	0.01562	0.55984	0.09891	0.01876	0.01560	0.00661	0.00532	0.00160	0.00464	0.00559	0.00585	0.00819
101	0.00811	0.00580	0.00809	0.00927	0.01039	0.00577	0.00800	0.01037	0.01166	0.01518	0.02725	0.11564	0.02987	0.01432	0.00705	0.00234	0.00459	0.69689	0.00473	0.00468
102	0.01065	0.00927	0.01424	0.01791	0.32634	0.00946	0.03228	0.02729	0.06317	0.03140	0.26033	0.02419	0.05739	0.00824	0.02327	0.00179	0.04861	0.02361	0.00396	0.00660
103	0.01582	0.01161	0.01731	0.13823	0.32254	0.01204	0.03581	0.19092	0.01494	0.17132	0.01228	0.01373	0.00896	0.00536	0.00515	0.00157	0.00584	0.00474	0.00385	0.00798
104	0.00813	0.00581	0.00811	0.00926	0.01039	0.00579	0.00800	0.01041	0.01175	0.01532	0.04126	0.10100	0.03013	0.01422	0.00704	0.00233	0.00458	0.69701	0.00474	0.00469
105	0.12231	0.01733	0.01279	0.01104	0.01420	0.43348	0.00858	0.02137	0.01388	0.27920	0.01203	0.01194	0.00856	0.00559	0.00463	0.00144	0.00694	0.00387	0.00397	0.00685
106	0.01345	0.01228	0.02005	0.02758	0.62229	0.01242	0.05072	0.09440	0.03556	0.03170	0.01078	0.02619	0.00890	0.00501	0.00516	0.00155	0.00603	0.00486	0.00299	0.00808
107	0.01541	0.01116	0.01484	0.01379	0.10976	0.01171	0.07982	0.14081	0.29895	0.17125	0.06376	0.01763	0.01434	0.00639	0.00531	0.00164	0.00495	0.00558	0.00488	0.00802
108	0.00756	0.00542	0.00733	0.00778	0.00887	0.00520	0.00626	0.00977	0.01282	0.01750	0.37786	0.14113	0.03880	0.01270	0.00654	0.00198	0.00345	0.31915	0.00516	0.00471
109	0.01799	0.08022	0.01619	0.01512	0.10959	0.64746	0.01054	0.01954	0.01390	0.01303	0.00808	0.00960	0.00679	0.00514	0.00459	0.00133	0.00860	0.00342	0.00260	0.00626
110	0.01035	0.00577	0.00762	0.00734	0.00888	0.00522	0.00551	0.01208	0.01265	0.18646	0.27606	0.30053	0.08186	0.01182	0.00608	0.00181	0.00316	0.04597	0.00540	0.00543
111	0.01183	0.00933	0.01125	0.00814	0.01263	0.00732	0.02154	0.03048	0.02538	0.07515	0.01026	0.01141	0.00816	0.00411	0.00400	0.00088	0.00398	0.00334	0.00336	0.73745
112	0.05653	0.01110	0.01636	0.19260	0.10077	0.01164	0.10295	0.17432	0.03942	0.22287	0.01320	0.01423	0.00924	0.00555	0.00516	0.00162	0.00586	0.00487	0.00414	0.00759
113	0.00650	0.00488	0.00608	0.00687	0.00770	0.00446	0.00496	0.00776	0.01082	0.01397	0.07419	0.47683	0.23646	0.01472	0.00646	0.00200	0.00306	0.10317	0.00481	0.00431
114	0.01763	0.01814	0.01723	0.01404	0.01753	0.39244	0.16405	0.09417	0.08655	0.11087	0.01157	0.01241	0.00865	0.00546	0.00509	0.00150	0.00770	0.00445	0.00357	0.00696
115	0.01253	0.01245	0.02252	0.04378	0.62993	0.01233	0.15830	0.01583	0.01174	0.01663	0.00978	0.01293	0.00804	0.00454	0.00527	0.00157	0.00659	0.00485	0.00255	0.00785
116	0.00678	0.00541	0.00619	0.00653	0.00807	0.00483	0.00525	0.00845	0.01187	0.01463	0.07975	0.05138	0.52483	0.01323	0.00637	0.00191	0.00322	0.23204	0.00480	0.00447
117	0.00993	0.00616	0.00853	0.00912	0.01061	0.00597	0.00782	0.01220	0.01230	0.11009	0.08312	0.07478	0.02903	0.01300	0.00676	0.00220	0.00445	0.58372	0.00499	0.00520
118	0.01133	0.00810	0.01270	0.22078	0.01893	0.00854	0.07615	0.01475	0.05583	0.12953	0.03802	0.05378	0.01895	0.00932	0.00605	0.00196	0.00543	0.29972	0.00419	0.00595
119	0.01124	0.14808	0.63857	0.01366	0.02052	0.05108	0.01697	0.01632	0.01095	0.01543	0.00883	0.01036	0.00652	0.00482	0.00462	0.00153	0.00734	0.00361	0.00219	0.00735
120	0.00742	0.00515	0.00650	0.00650	0.00681	0.00547	0.00424	0.00804	0.00773	0.01062	0.01534	0.02900	0.01667	0.55345	0.28963	0.00609	0.00796	0.00679	0.00299	0.00361
121	0.01562	0.01373	0.19122	0.01146	0.01585	0.01050	0.04706	0.03602	0.25147	0.28620	0.01763	0.01814	0.01270	0.00648	0.00525	0.00169	0.00525	0.04096	0.00476	0.00800
122	0.01063	0.00982	0.01655	0.22156	0.37156	0.01029	0.04759	0.01364	0.01172	0.01619	0.12451	0.03926	0.01589	0.00656	0.00546	0.00167	0.00569	0.06163	0.00315	0.00663
123	0.01051	0.02500	0.70026	0.01548	0.02277	0.01205	0.11023	0.01627	0.01099	0.01627	0.00935	0.01120	0.00666	0.00481	0.00502	0.00164	0.00771	0.00407	0.00222	0.00750
124	0.01932	0.01979	0.01494	0.01257	0.01589	0.43687	0.00984	0.36739	0.01897	0.02171	0.00996	0.01067	0.00759	0.00569	0.00486	0.00142	0.00758	0.00391	0.00379	0.00723
125	0.01130	0.02201	0.57981	0.01460	0.02111	0.01121	0.10845	0.01645	0.01132	0.07650	0.01160	0.03261	0.00899	0.00567	0.00520	0.00168	0.00721	0.04418	0.00274	0.00736
126	0.01148	0.01077	0.01811	0.17347	0.55212	0.01115	0.01414	0.01452	0.01176	0.01654	0.10390	0.01600	0.01279	0.00540	0.00521	0.00157	0.00579	0.00514	0.00287	0.00727
127	0.01287	0.00888	0.01122	0.01023	0.01267	0.00924	0.03178	0.19500	0.08794	0.09672	0.07859	0.03654	0.02234	0.01023	0.00615	0.00196	0.00480	0.35136	0.00503	0.00647
128	0.07380	0.06349	0.69749	0.01375	0.02085	0.01229	0.01747	0.01612	0.01066	0.01656	0.00895	0.01052	0.00643	0.00484	0.00467	0.00160	0.00721	0.00367	0.00224	0.00738
129	0.00823	0.10483	0.00971	0.00850	0.00980	0.00706	0.00707	0.01002	0.01105	0.01430	0.03853	0.29316	0.04293	0.01350	0.00642	0.00209	0.00418	0.39941	0.00445	0.00477
130	0.01176	0.01060	0.01415	0.01221	0.01512	0.02473	0.14030	0.02156	0.46116	0.01908	0.02024	0.02670	0.01724	0.00808	0.00577	0.00187	0.00509	0.17261	0.00461	0.00712
131	0.06590	0.01456	0.08251	0.01792	0.02277	0.01349	0.48682	0.16744	0.01407	0.01988	0.01035	0.01288	0.00770	0.00492	0.00598	0.00169	0.03547	0.00534	0.00310	0.00720
132	0.01034	0.03872	0.78137	0.01454	0.02207	0.01204	0.01880	0.01624	0.01083	0.01619	0.00918	0.01079	0.00650	0.00487	0.00485	0.00162	0.00755	0.00378	0.00217	0.00757
133	0.00786	0.00577	0.00764	0.00833	0.00956	0.00564	0.00693	0.01041	0.03696	0.01622	0.17163	0.10904	0.10683	0.01328	0.00669	0.00212	0.00393	0.46146	0.00492	0.00478
134	0.00738	0.00545	0.00713	0.00798	0.00911	0.00520	0.00652	0.00926	0.01157	0.01495	0.07863	0.20040	0.18131	0.01408	0.00672	0.00214	0.00383	0.41901	0.00480	0.00455
135	0.69146	0.01155	0.00902	0.00785	0.01110	0.07104	0.00639	0.10742	0.01104	0.02337	0.00783	0.00889	0.00602	0.00497	0.00352	0.00156	0.00457	0.00304	0.00337	0.00597
136	0.01294	0.64248	0.20037	0.01010	0.01522	0.01840	0.01108	0.01556	0.01052	0.01302	0.00760	0.00882	0.00657	0.00450	0.00365	0.00122	0.00596	0.00298	0.00219	0.00681
137	0.01560	0.00912	0.01096	0.00954	0.01250	0.00941	0.00768	0.02310	0.34604	0.30512	0.07864	0.02465	0.01870	0.00787	0.00549	0.00175	0.00413	0.09640	0.00561	0.00769
138	0.00654	0.00517	0.00598	0.00648	0.00778	0.00461	0.00496	0.00796	0.01129	0.01398	0.04169	0.22479	0.46528	0.01393	0.00638	0.00194	0.00311	0.15900	0.00476	0.00437
139	0.01372	0.82276	0.02689	0.00878	0.01317	0.02030	0.00878	0.01536	0.01043	0.01207	0.00713	0.00823	0.00658	0.00439	0.00329	0.00110	0.00549	0.00274	0.00219	0.00658
140	0.01372	0.82276	0.02689	0.00878	0.01317	0.02030	0.00878	0.01536	0.01043	0.01207	0.00713	0.00823	0.00658	0.00439	0.00329	0.00110	0.00549	0.00274	0.00219	0.00658
141	0.01577	0.00714	0.00951	0.00784	0.01058	0.00628	0.00625	0.01788	0.01444	0.43963	0.32489	0.02763	0.07306	0.00839	0.00557	0.00161	0.00349	0.00713	0.00598	0.00693
142	0.00769	0.00550	0.00746	0.00852	0.00943	0.00540	0.00697	0.00952	0.01104	0.01440	0.02735	0.22374	0.05290	0.07490	0.00836	0.00248	0.00429	0.51095	0.00461	0.00447
143	0.05853	0.39696	0.25380	0.01093	0.01609	0.03981	0.02794	0.01708	0.03844	0.08349	0.00951	0.01038	0.00740	0.00485	0.00410	0.00137	0.00607	0.00347	0.00274	0.00706

[dist]
# distance from previous block
# <min> <max>
1	5

[block]
# block no. 1 follows, 48 sequences, length 35
# corresponding to MSA columns:
# 437-471
name=unknown_B
#
# <colnr> <probs for GDERKNQSTAVLIFYWHMCP>
#	G	D	E	R	K	N	Q	S	T	A	V	L	I	F	Y	W	H	M	C	P
0	0.01572	0.56406	0.02287	0.00983	0.01389	0.14127	0.00900	0.10008	0.01282	0.05672	0.00854	0.00934	0.00716	0.00483	0.00381	0.00121	0.00603	0.00317	0.00282	0.00684
1	0.01190	0.02383	0.66866	0.01379	0.02075	0.01145	0.01716	0.04250	0.01176	0.09962	0.02509	0.01211	0.00803	0.00518	0.00494	0.00162	0.00708	0.00407	0.00278	0.00769
2	0.01059	0.09614	0.72612	0.01411	0.02142	0.01265	0.01807	0.01617	0.01080	0.01588	0.00903	0.01061	0.00651	0.00483	0.00474	0.00158	0.00740	0.00370	0.00217	0.00750
3	0.01170	0.02370	0.65065	0.01468	0.02170	0.01157	0.08202	0.01713	0.01132	0.09282	0.01040	0.01175	0.00722	0.00497	0.00500	0.00163	0.00736	0.00412	0.00262	0.00764
4	0.01176	0.02292	0.60973	0.01459	0.02139	0.01165	0.08996	0.01760	0.04785	0.08829	0.01090	0.01213	0.00763	0.00506	0.00503	0.00164	0.00722	0.00423	0.00274	0.00765
5	0.01428	0.39803	0.35296	0.01246	0.01816	0.04781	0.01369	0.01734	0.01188	0.04946	0.01015	0.01189	0.00824	0.00571	0.00477	0.00163	0.00696	0.00383	0.00290	0.00782
6	0.01392	0.01091	0.01923	0.13614	0.30610	0.01082	0.16820	0.01701	0.01219	0.17397	0.01319	0.01741	0.01039	0.00568	0.00545	0.00167	0.00627	0.06062	0.00345	0.00740
7	0.00624	0.00514	0.00549	0.00554	0.00708	0.00438	0.00410	0.00765	0.01190	0.01468	0.14666	0.11895	0.61854	0.01295	0.00611	0.00175	0.00261	0.01097	0.00488	0.00438
8	0.00726	0.00524	0.00686	0.00646	0.00767	0.00484	0.00484	0.00968	0.01452	0.02058	0.78496	0.03833	0.04841	0.01049	0.00605	0.00161	0.00242	0.00928	0.00565	0.00484
9	0.35231	0.04818	0.01235	0.00981	0.01323	0.18339	0.00794	0.23099	0.01478	0.06926	0.00957	0.01021	0.00716	0.00535	0.00417	0.00150	0.00568	0.00356	0.00377	0.00677
10	0.01331	0.01328	0.02826	0.02025	0.02531	0.01238	0.68533	0.01738	0.01239	0.10159	0.01146	0.01424	0.00833	0.00455	0.00596	0.00171	0.00818	0.00596	0.00301	0.00712
11	0.00721	0.00524	0.00679	0.00640	0.00763	0.00482	0.00480	0.00959	0.01441	0.02030	0.75437	0.03879	0.07918	0.01059	0.00605	0.00162	0.00243	0.00934	0.00561	0.00482
12	0.00644	0.00460	0.00617	0.00736	0.00774	0.00433	0.00509	0.00747	0.01001	0.01331	0.02818	0.74608	0.03353	0.01590	0.00660	0.00211	0.00314	0.08299	0.00476	0.00422
13	0.01453	0.70187	0.02464	0.00891	0.01317	0.01870	0.00863	0.01692	0.05387	0.08476	0.00912	0.00970	0.00766	0.00472	0.00357	0.00118	0.00530	0.00314	0.00275	0.00687
14	0.01029	0.02654	0.79309	0.01462	0.02221	0.01192	0.01896	0.01625	0.01083	0.01625	0.00921	0.01083	0.00650	0.00487	0.00487	0.00162	0.00758	0.00379	0.00217	0.00758
15	0.00610	0.00507	0.00533	0.00554	0.00702	0.00430	0.00405	0.00733	0.01137	0.01373	0.04782	0.18385	0.65379	0.01353	0.00615	0.00179	0.00267	0.01149	0.00476	0.00430
16	0.77845	0.01034	0.00827	0.00722	0.01048	0.01192	0.00595	0.08505	0.01016	0.02388	0.00762	0.00870	0.00585	0.00489	0.00336	0.00158	0.00412	0.00295	0.00336	0.00585
17	0.00625	0.00510	0.00553	0.00566	0.00711	0.00438	0.00415	0.00764	0.01180	0.01465	0.14735	0.16191	0.57438	0.01311	0.00613	0.00177	0.00263	0.01118	0.00488	0.00438
18	0.09359	0.32828	0.01894	0.01044	0.01426	0.11816	0.03009	0.19238	0.11431	0.01919	0.01032	0.01090	0.00821	0.00528	0.00421	0.00138	0.00577	0.00375	0.00343	0.00711
19	0.00756	0.00527	0.00680	0.00755	0.00811	0.00521	0.00564	0.00875	0.00979	0.01288	0.02328	0.20161	0.02636	0.31527	0.01408	0.00328	0.00447	0.32596	0.00413	0.00401
20	0.21891	0.03386	0.01198	0.00998	0.01310	0.09255	0.00798	0.12121	0.31864	0.07279	0.01424	0.01396	0.01065	0.00611	0.00498	0.00162	0.03130	0.00449	0.00435	0.00728
21	0.35382	0.18520	0.26485	0.01013	0.01494	0.06509	0.01083	0.01587	0.01014	0.01788	0.00786	0.00918	0.00614	0.00476	0.00384	0.00148	0.00579	0.00313	0.00261	0.00645
22	0.04001	0.11055	0.18666	0.01066	0.01532	0.04874	0.01042	0.05636	0.06925	0.37827	0.01499	0.01415	0.01015	0.00573	0.00480	0.00153	0.00547	0.00444	0.00453	0.00796
23	0.00758	0.00576	0.00710	0.00718	0.00840	0.00562	0.00534	0.01091	0.10389	0.01761	0.36277	0.25061	0.11533	0.01209	0.00616	0.00182	0.00294	0.05869	0.00520	0.00499
24	0.04389	0.00872	0.01059	0.00804	0.01202	0.00693	0.03107	0.01247	0.01062	0.01656	0.01211	0.07833	0.02201	0.00547	0.00426	0.00102	0.00393	0.03990	0.00327	0.66877
25	0.01283	0.12610	0.45606	0.01232	0.01812	0.02766	0.01423	0.07610	0.01260	0.10454	0.06108	0.01436	0.01071	0.00570	0.00485	0.00156	0.00642	0.02421	0.00318	0.00739
26	0.04843	0.00845	0.01130	0.00880	0.01249	0.00742	0.00723	0.02327	0.01448	0.69507	0.09064	0.01910	0.01578	0.00668	0.00518	0.00159	0.00417	0.00546	0.00618	0.00827
27	0.01192	0.00932	0.01094	0.00789	0.01239	0.00729	0.00635	0.04700	0.01152	0.07340	0.01006	0.01121	0.00802	0.00409	0.00396	0.00085	0.00392	0.00326	0.00337	0.75322
28	0.12290	0.03784	0.01306	0.04553	0.02893	0.01159	0.05770	0.13793	0.24361	0.06150	0.08302	0.03012	0.01521	0.00679	0.00504	0.00163	0.00468	0.04251	0.00445	0.04594
29	0.09488	0.00862	0.01180	0.01049	0.04930	0.00834	0.06553	0.02895	0.08575	0.30341	0.11929	0.11757	0.01952	0.00802	0.00539	0.00169	0.00431	0.03557	0.00507	0.01649
30	0.20398	0.01047	0.01451	0.03243	0.04735	0.02855	0.15549	0.01659	0.08234	0.10365	0.08294	0.01669	0.01294	0.00649	0.01433	0.00170	0.06117	0.03016	0.00374	0.07446
31	0.05997	0.00774	0.00964	0.00814	0.01091	0.00716	0.00641	0.03699	0.06195	0.31600	0.19382	0.12653	0.02305	0.00837	0.00533	0.00160	0.00368	0.01671	0.00536	0.09067
32	0.13555	0.00959	0.01085	0.03597	0.05978	0.06827	0.00745	0.01742	0.01270	0.29856	0.12046	0.04033	0.06551	0.00698	0.00516	0.00154	0.01972	0.00561	0.00467	0.07387
33	0.13071	0.01081	0.03858	0.05449	0.01526	0.01047	0.07685	0.13939	0.09753	0.11806	0.04394	0.04197	0.01230	0.00622	0.00488	0.00152	0.00491	0.03477	0.00417	0.15319
34	0.06284	0.03744	0.06485	0.01208	0.08088	0.01018	0.04801	0.07073	0.08318	0.34334	0.05052	0.01582	0.01224	0.00597	0.00521	0.00155	0.02201	0.00491	0.00473	0.06352

[dist]
# distance from previous block
# <min> <max>
9	45

[block]
# block no. 2 follows, 48 sequences, length 16
# corresponding to MSA columns:
# 525-540
name=unknown_C
#
# <colnr> <probs for GDERKNQSTAVLIFYWHMCP>
#	G	D	E	R	K	N	Q	S	T	A	V	L	I	F	Y	W	H	M	C	P
0	0.44751	0.05210	0.04414	0.00873	0.01224	0.03771	0.00749	0.10327	0.10586	0.09974	0.01135	0.01240	0.00860	0.00559	0.00407	0.00159	0.00463	0.02241	0.00390	0.00668
1	0.09274	0.67403	0.02386	0.00871	0.01296	0.01862	0.00844	0.04124	0.01097	0.05781	0.00805	0.00890	0.00691	0.00459	0.00345	0.00119	0.00529	0.00295	0.00262	0.00668
2	0.09798	0.01184	0.01280	0.01000	0.01385	0.01242	0.00816	0.40061	0.08800	0.09414	0.04613	0.01385	0.01092	0.00590	0.00476	0.00144	0.00477	0.00453	0.00472	0.15318
3	0.03719	0.05953	0.05391	0.01011	0.01412	0.00986	0.03965	0.02384	0.16182	0.50661	0.01832	0.01654	0.01223	0.00616	0.00504	0.00160	0.00471	0.00505	0.00544	0.00828
4	0.00786	0.00969	0.17014	0.00890	0.01128	0.00642	0.00851	0.01052	0.01165	0.01586	0.18235	0.17639	0.11018	0.04087	0.00690	0.00203	0.00431	0.20665	0.00434	0.00514
5	0.01868	0.04787	0.01637	0.01205	0.01617	0.01584	0.04245	0.67686	0.05314	0.03037	0.01236	0.01249	0.00887	0.00604	0.00510	0.00154	0.00571	0.00465	0.00490	0.00853
6	0.01121	0.37113	0.29363	0.01019	0.01480	0.01415	0.01120	0.01404	0.00995	0.01311	0.00974	0.01442	0.00906	0.17389	0.00859	0.00209	0.00612	0.00409	0.00237	0.00622
7	0.00716	0.00543	0.00693	0.00724	0.00842	0.00472	0.00504	0.00834	0.00999	0.01385	0.02430	0.64899	0.02847	0.01353	0.00598	0.00181	0.00315	0.01219	0.00441	0.18005
8	0.01036	0.02292	0.63058	0.01317	0.02012	0.01086	0.01628	0.01556	0.01079	0.01635	0.00919	0.01079	0.00673	0.00465	0.00465	0.00145	0.00680	0.00364	0.00235	0.18276
9	0.01875	0.00839	0.01203	0.00997	0.04069	0.00751	0.05294	0.02051	0.01292	0.55382	0.01841	0.02042	0.01347	0.17508	0.00956	0.00230	0.00481	0.00567	0.00531	0.00743
10	0.01173	0.01021	0.01539	0.64212	0.03130	0.01234	0.01332	0.17042	0.01314	0.01710	0.00978	0.01340	0.00723	0.00534	0.00513	0.00167	0.00659	0.00457	0.00287	0.00633
11	0.00625	0.00447	0.00595	0.00714	0.00744	0.00417	0.00476	0.00714	0.00982	0.01310	0.02828	0.81633	0.03394	0.01608	0.00655	0.00208	0.00298	0.01459	0.00476	0.00417
12	0.01898	0.01960	0.01493	0.01284	0.01569	0.53232	0.05029	0.02058	0.01393	0.17447	0.01053	0.01136	0.00795	0.00574	0.00575	0.00147	0.06971	0.00393	0.00338	0.00655
13	0.01924	0.02236	0.01472	0.01293	0.01587	0.63642	0.00988	0.17627	0.01653	0.01667	0.00884	0.00989	0.00705	0.00547	0.00473	0.00137	0.00850	0.00358	0.00316	0.00653
14	0.00625	0.00447	0.00595	0.00714	0.00744	0.00417	0.00476	0.00714	0.00982	0.01310	0.02828	0.81633	0.03394	0.01608	0.00655	0.00208	0.00298	0.01459	0.00476	0.00417
15	0.01117	0.01061	0.01538	0.49269	0.14252	0.04460	0.01302	0.01675	0.17018	0.01537	0.01159	0.01448	0.00886	0.00543	0.00512	0.00167	0.00625	0.00477	0.00294	0.00658

[dist]
# distance from previous block
# <min> <max>
0	10

# created by:
# /home/berkeley/.conda/envs/busco_data_prod/bin/msa2prfl.pl pipeline/OGs_align_augustus/33634/166175.fs
