[name]
unknown

[dist]
# distance from previous block
# <min> <max>
10	773

[block]
# block no. 0 follows, 44 sequences, length 21
# corresponding to MSA columns:
# 869-889
name=unknown_A
#
# <colnr> <probs for GDERKNQSTAVLIFYWHMCP>
#	G	D	E	R	K	N	Q	S	T	A	V	L	I	F	Y	W	H	M	C	P
0	0.01293	0.01647	0.21273	0.09089	0.19898	0.01286	0.14208	0.11372	0.04267	0.01995	0.07255	0.01570	0.01186	0.00577	0.00562	0.00172	0.00695	0.00538	0.00332	0.00783
1	0.01412	0.01388	0.06609	0.07990	0.08543	0.04785	0.04310	0.10042	0.44216	0.02180	0.01722	0.01720	0.01295	0.00657	0.00550	0.00178	0.00563	0.00556	0.00456	0.00829
2	0.00987	0.03505	0.07315	0.01052	0.01284	0.07173	0.08584	0.01341	0.09466	0.01597	0.07671	0.33717	0.09007	0.03872	0.00696	0.00203	0.00494	0.01023	0.00439	0.00575
3	0.01403	0.10453	0.23703	0.12955	0.11990	0.04693	0.07454	0.05032	0.04132	0.09280	0.01135	0.01320	0.00844	0.00551	0.00554	0.00167	0.02787	0.00459	0.00314	0.00774
4	0.00880	0.00718	0.00972	0.00987	0.04898	0.00790	0.00708	0.01143	0.05227	0.01730	0.31225	0.12890	0.06479	0.04511	0.11963	0.00302	0.12703	0.00877	0.00455	0.00541
5	0.00993	0.03230	0.01039	0.00861	0.01104	0.00684	0.04475	0.01220	0.01282	0.06971	0.23835	0.09902	0.10187	0.01252	0.06854	0.00223	0.00473	0.08444	0.00472	0.16500
6	0.23293	0.01059	0.01209	0.00953	0.01356	0.01056	0.00787	0.14489	0.01566	0.46320	0.01657	0.01518	0.01086	0.00629	0.00494	0.00168	0.00476	0.00474	0.00568	0.00842
7	0.00696	0.00514	0.00651	0.00702	0.00790	0.00469	0.00494	0.00850	0.01237	0.01662	0.27409	0.43689	0.15905	0.01463	0.00670	0.00199	0.00291	0.01303	0.00537	0.00469
8	0.01211	0.01093	0.01416	0.37293	0.07764	0.06868	0.01163	0.06070	0.10519	0.03892	0.04176	0.02084	0.11243	0.00707	0.00555	0.00175	0.00605	0.00598	0.01905	0.00662
9	0.01015	0.00630	0.00774	0.00720	0.00898	0.00576	0.00540	0.01262	0.04778	0.13564	0.32277	0.12678	0.21633	0.05271	0.00741	0.00199	0.00322	0.00996	0.00562	0.00563
10	0.01252	0.01489	0.20794	0.01230	0.07692	0.00957	0.01102	0.04926	0.01233	0.05908	0.01055	0.01200	0.00817	0.00465	0.00458	0.00119	0.00538	0.00376	0.00324	0.48066
11	0.13965	0.01006	0.01244	0.01120	0.07400	0.00974	0.00827	0.11586	0.01525	0.37632	0.07710	0.05256	0.01520	0.00699	0.00523	0.00165	0.00464	0.00567	0.00544	0.05273
12	0.01309	0.01287	0.02084	0.25178	0.35952	0.04776	0.10679	0.05417	0.01266	0.01707	0.01011	0.01369	0.00808	0.00533	0.00609	0.00173	0.04312	0.00499	0.00276	0.00753
13	0.01177	0.04419	0.05875	0.13593	0.19701	0.01144	0.12557	0.07204	0.01260	0.01750	0.01437	0.14852	0.01344	0.00852	0.03246	0.00200	0.01786	0.00683	0.06234	0.00687
14	0.01052	0.00794	0.00852	0.00789	0.01013	0.00826	0.00606	0.01757	0.29777	0.04668	0.13135	0.03262	0.24715	0.00963	0.00567	0.00173	0.00336	0.00807	0.13263	0.00644
15	0.48331	0.01284	0.04289	0.00972	0.01359	0.06728	0.03997	0.09957	0.01286	0.15604	0.01093	0.01145	0.00782	0.00554	0.00429	0.00167	0.00526	0.00384	0.00408	0.00704
16	0.08776	0.05102	0.15685	0.03700	0.17474	0.01354	0.11527	0.08428	0.07145	0.05388	0.01151	0.01346	0.00883	0.00610	0.01524	0.00181	0.06303	0.00479	0.01250	0.01695
17	0.00829	0.00560	0.00697	0.00705	0.00828	0.00513	0.00513	0.00987	0.01241	0.06598	0.23263	0.24650	0.21050	0.08127	0.03523	0.00245	0.00366	0.04292	0.00520	0.00492
18	0.00871	0.00707	0.01021	0.23854	0.01753	0.00761	0.00885	0.01181	0.03924	0.01724	0.25510	0.10092	0.08639	0.01084	0.00638	0.00196	0.00457	0.15704	0.00459	0.00541
19	0.05147	0.04545	0.01945	0.05847	0.42642	0.04163	0.05242	0.06984	0.05370	0.07449	0.01358	0.01546	0.04207	0.00568	0.00533	0.00164	0.00621	0.00513	0.00345	0.00810
20	0.01394	0.04180	0.01838	0.14501	0.10960	0.01245	0.14807	0.09407	0.11067	0.09713	0.05364	0.07008	0.01388	0.00694	0.00623	0.00179	0.03853	0.00629	0.00403	0.00747

[dist]
# distance from previous block
# <min> <max>
1	3

[block]
# block no. 1 follows, 44 sequences, length 17
# corresponding to MSA columns:
# 893-909
name=unknown_B
#
# <colnr> <probs for GDERKNQSTAVLIFYWHMCP>
#	G	D	E	R	K	N	Q	S	T	A	V	L	I	F	Y	W	H	M	C	P
0	0.18967	0.13510	0.01764	0.01415	0.12703	0.01394	0.06414	0.13240	0.01367	0.10520	0.01081	0.01209	0.00829	0.00551	0.00535	0.00156	0.05018	0.00420	0.00370	0.08538
1	0.01200	0.03181	0.01199	0.01012	0.01133	0.03214	0.00796	0.03990	0.02829	0.09629	0.08116	0.04298	0.07449	0.16309	0.06313	0.00306	0.27403	0.00668	0.00383	0.00575
2	0.04993	0.00560	0.00689	0.00785	0.00854	0.00555	0.00539	0.00973	0.07062	0.01516	0.02828	0.70170	0.03297	0.01570	0.00666	0.00216	0.00331	0.01411	0.00501	0.00484
3	0.00713	0.00503	0.00676	0.00762	0.00808	0.00489	0.00526	0.00819	0.01044	0.01411	0.08593	0.54630	0.03259	0.07869	0.09237	0.03111	0.00463	0.04180	0.00468	0.00440
4	0.10542	0.03255	0.01575	0.15331	0.02008	0.38230	0.06946	0.06813	0.01406	0.01664	0.01018	0.04033	0.00849	0.00593	0.00501	0.00158	0.00790	0.00449	0.03198	0.00641
5	0.07741	0.00920	0.01456	0.35200	0.12009	0.01022	0.04947	0.01374	0.01137	0.04589	0.02966	0.15944	0.01537	0.00824	0.00577	0.00190	0.00593	0.06009	0.00345	0.00618
6	0.01277	0.01027	0.01255	0.10980	0.01656	0.00895	0.00806	0.09372	0.01298	0.05293	0.01058	0.01223	0.00834	0.00461	0.00443	0.00107	0.00469	0.00372	0.00352	0.60822
7	0.07849	0.01309	0.09957	0.32142	0.31283	0.01272	0.01539	0.01548	0.01129	0.01656	0.00962	0.01324	0.00763	0.00536	0.00584	0.00175	0.04529	0.00461	0.00259	0.00723
8	0.01014	0.00696	0.00959	0.13937	0.01447	0.00714	0.00786	0.01319	0.06361	0.09800	0.14950	0.24240	0.07414	0.01187	0.00643	0.00201	0.00426	0.12834	0.00498	0.00573
9	0.01197	0.01077	0.01706	0.35649	0.28866	0.01184	0.01374	0.06895	0.01221	0.01658	0.01094	0.01620	0.00927	0.09113	0.00776	0.00207	0.00656	0.00512	0.00287	0.03984
10	0.05805	0.05038	0.01467	0.01272	0.04230	0.39113	0.00955	0.13135	0.09613	0.01905	0.03967	0.01321	0.01044	0.00603	0.00492	0.00148	0.00724	0.00430	0.04401	0.04337
11	0.00737	0.00556	0.00681	0.00650	0.00793	0.00500	0.00487	0.00963	0.01462	0.01994	0.57900	0.04388	0.24516	0.01186	0.00643	0.00175	0.00262	0.01030	0.00575	0.00500
12	0.00857	0.00769	0.04364	0.09247	0.01286	0.00754	0.00769	0.01172	0.04549	0.01814	0.39151	0.03083	0.06977	0.01619	0.16526	0.00321	0.04947	0.00789	0.00456	0.00548
13	0.01493	0.10242	0.04439	0.01249	0.08443	0.01233	0.00965	0.08471	0.10069	0.12794	0.01269	0.01354	0.00975	0.00582	0.00614	0.00145	0.08986	0.00435	0.00393	0.25850
14	0.01307	0.25941	0.07713	0.00936	0.01307	0.07525	0.00851	0.02914	0.05091	0.07153	0.08182	0.06061	0.10942	0.00744	0.00489	0.00147	0.00510	0.00585	0.02900	0.08701
15	0.08309	0.07509	0.10419	0.01219	0.10235	0.01082	0.00967	0.08933	0.01306	0.06096	0.01528	0.01616	0.08986	0.00585	0.00471	0.00135	0.00504	0.00464	0.00361	0.29275
16	0.03904	0.19055	0.07360	0.01163	0.04326	0.06391	0.02444	0.14419	0.07865	0.09117	0.03282	0.01479	0.02277	0.00593	0.00481	0.00145	0.00568	0.01723	0.00395	0.13014

[dist]
# distance from previous block
# <min> <max>
1	28

[block]
# block no. 2 follows, 44 sequences, length 9
# corresponding to MSA columns:
# 938-946
name=unknown_C
#
# <colnr> <probs for GDERKNQSTAVLIFYWHMCP>
#	G	D	E	R	K	N	Q	S	T	A	V	L	I	F	Y	W	H	M	C	P
0	0.01366	0.06685	0.04298	0.09199	0.21112	0.01282	0.01165	0.15731	0.07373	0.04317	0.01443	0.11001	0.01282	0.00882	0.03976	0.00205	0.04914	0.00616	0.02405	0.00749
1	0.01236	0.01111	0.01729	0.41418	0.23568	0.01263	0.01434	0.08926	0.06475	0.01776	0.01201	0.01686	0.00970	0.00601	0.00555	0.00178	0.00661	0.04178	0.00315	0.00721
2	0.01037	0.00750	0.01047	0.06572	0.11951	0.00745	0.00794	0.01350	0.07938	0.09225	0.12667	0.31837	0.09581	0.01156	0.00624	0.00192	0.00405	0.01031	0.00488	0.00610
3	0.00709	0.00526	0.00647	0.00697	0.00789	0.00483	0.00497	0.00850	0.01188	0.01563	0.18833	0.34167	0.21642	0.08549	0.00862	0.00232	0.00327	0.06474	0.00510	0.00456
4	0.00878	0.00560	0.00720	0.00726	0.00852	0.00507	0.00526	0.01049	0.01305	0.09278	0.30440	0.34642	0.13755	0.01344	0.00655	0.00193	0.00304	0.01191	0.00557	0.00520
5	0.01050	0.00698	0.00862	0.00875	0.01017	0.00702	0.00639	0.07146	0.10869	0.09261	0.02680	0.53124	0.02902	0.01390	0.00654	0.00208	0.00376	0.04429	0.00532	0.00586
6	0.04763	0.07974	0.03424	0.07763	0.09286	0.14173	0.15102	0.09693	0.04011	0.07605	0.01253	0.06759	0.01046	0.00644	0.00594	0.00170	0.04110	0.00551	0.00355	0.00727
7	0.01541	0.01608	0.19276	0.01233	0.01669	0.08186	0.03007	0.03468	0.15862	0.17948	0.01459	0.01507	0.01067	0.00762	0.03589	0.00195	0.07710	0.00484	0.00411	0.09017
8	0.01291	0.03710	0.09600	0.03574	0.19721	0.01188	0.04356	0.12255	0.03917	0.04029	0.01512	0.11056	0.03570	0.05222	0.00776	0.00193	0.06908	0.00639	0.00365	0.06118

[dist]
# distance from previous block
# <min> <max>
15	43

[block]
# block no. 3 follows, 44 sequences, length 27
# corresponding to MSA columns:
# 990-1016
name=unknown_D
#
# <colnr> <probs for GDERKNQSTAVLIFYWHMCP>
#	G	D	E	R	K	N	Q	S	T	A	V	L	I	F	Y	W	H	M	C	P
0	0.16796	0.11072	0.05704	0.04369	0.06367	0.06741	0.00962	0.17741	0.03274	0.06396	0.08277	0.01451	0.01227	0.00603	0.00477	0.00154	0.00553	0.00456	0.00399	0.06981
1	0.03940	0.00551	0.00671	0.00688	0.00796	0.00517	0.00490	0.00968	0.01211	0.04140	0.25159	0.29595	0.13379	0.05628	0.00808	0.03734	0.00316	0.01096	0.05836	0.00477
2	0.01700	0.02594	0.14581	0.09424	0.06829	0.03537	0.05165	0.21905	0.05170	0.18434	0.04231	0.01547	0.01130	0.00619	0.00546	0.00169	0.00629	0.00513	0.00447	0.00829
3	0.00817	0.00637	0.00869	0.00939	0.07171	0.00594	0.02655	0.00977	0.01174	0.01606	0.23218	0.21587	0.10986	0.19035	0.01113	0.00260	0.00392	0.01010	0.00458	0.04503
4	0.03827	0.04398	0.01486	0.08600	0.03867	0.01145	0.09639	0.10295	0.17155	0.04835	0.19677	0.02378	0.06737	0.00784	0.00605	0.00176	0.02547	0.00680	0.00467	0.00704
5	0.01384	0.08157	0.03355	0.08917	0.01636	0.05099	0.00950	0.15299	0.23237	0.02108	0.08615	0.01853	0.01522	0.00745	0.00631	0.03311	0.03116	0.02359	0.00435	0.07269
6	0.01059	0.00965	0.01326	0.01174	0.01215	0.01270	0.00945	0.01248	0.04433	0.01401	0.08216	0.01849	0.01383	0.07805	0.13145	0.03044	0.48094	0.00573	0.00303	0.00552
7	0.01526	0.06374	0.19305	0.01207	0.01671	0.01210	0.04167	0.10307	0.14267	0.17151	0.01601	0.05753	0.01248	0.00691	0.00576	0.00170	0.03103	0.02450	0.00440	0.06783
8	0.00737	0.00589	0.00736	0.08096	0.01059	0.00553	0.00567	0.00945	0.01344	0.01767	0.35747	0.09316	0.34143	0.01209	0.00638	0.00181	0.00313	0.01043	0.00522	0.00496
9	0.01276	0.05938	0.20343	0.11281	0.04226	0.01351	0.04393	0.05550	0.21232	0.04264	0.05018	0.01604	0.01216	0.00662	0.00673	0.00181	0.09140	0.00521	0.00369	0.00762
10	0.01035	0.00710	0.00848	0.04127	0.01069	0.03147	0.00629	0.05942	0.03960	0.08867	0.08243	0.45862	0.04638	0.03528	0.00692	0.00207	0.00389	0.01148	0.04404	0.00554
11	0.12903	0.37688	0.02011	0.01008	0.01425	0.04209	0.00897	0.17437	0.09539	0.06533	0.01117	0.01154	0.00875	0.00556	0.00428	0.00145	0.00554	0.00386	0.00375	0.00762
12	0.00843	0.08209	0.01064	0.00882	0.01014	0.00821	0.00705	0.01036	0.00898	0.01267	0.01394	0.02022	0.01300	0.03746	0.71268	0.00804	0.01377	0.00556	0.00286	0.00507
13	0.01689	0.13883	0.13556	0.01212	0.03823	0.07150	0.01094	0.27733	0.03669	0.08939	0.01262	0.01325	0.00934	0.00588	0.00488	0.00151	0.00605	0.00441	0.08310	0.03148
14	0.03946	0.13737	0.01463	0.01050	0.01238	0.04097	0.00859	0.07919	0.08219	0.01584	0.01220	0.01710	0.01117	0.10078	0.21113	0.00396	0.18806	0.00513	0.00323	0.00612
15	0.00803	0.00527	0.00685	0.00723	0.00759	0.00535	0.00493	0.00848	0.00900	0.01223	0.01949	0.18376	0.02172	0.32864	0.12293	0.12563	0.00595	0.08612	0.02696	0.00383
16	0.06395	0.01253	0.01308	0.01088	0.01456	0.03783	0.00868	0.20056	0.37614	0.09534	0.01744	0.01655	0.01282	0.00661	0.00523	0.00166	0.00489	0.00524	0.00520	0.09083
17	0.01148	0.00632	0.00841	0.00763	0.00946	0.00571	0.00580	0.01371	0.01477	0.19749	0.49145	0.14354	0.04040	0.01096	0.00628	0.00178	0.00314	0.00963	0.00604	0.00601
18	0.03788	0.34529	0.32258	0.01191	0.01759	0.01637	0.01330	0.08662	0.03121	0.01710	0.00979	0.01180	0.00798	0.04267	0.00553	0.00166	0.00662	0.00386	0.00277	0.00747
19	0.01236	0.02154	0.43221	0.01736	0.02363	0.01337	0.23882	0.04047	0.01219	0.04240	0.01039	0.01279	0.00763	0.00552	0.00681	0.00182	0.08537	0.00490	0.00269	0.00772
20	0.00909	0.00584	0.00758	0.00710	0.00861	0.00531	0.00534	0.01139	0.01477	0.09128	0.58345	0.11174	0.09459	0.01147	0.00639	0.00177	0.00283	0.01009	0.00592	0.00543
21	0.00669	0.00478	0.00637	0.00756	0.00792	0.00446	0.00506	0.00772	0.01068	0.01430	0.06565	0.76815	0.03680	0.01679	0.00693	0.00219	0.00313	0.01523	0.00511	0.00446
22	0.03201	0.08748	0.04040	0.36223	0.11319	0.01360	0.03481	0.11018	0.06730	0.06965	0.01168	0.01416	0.00873	0.00563	0.00524	0.00170	0.00650	0.00479	0.00337	0.00734
23	0.01363	0.02294	0.10012	0.23387	0.24019	0.01239	0.09936	0.04525	0.04438	0.09860	0.01233	0.01553	0.00940	0.00562	0.00555	0.00174	0.00683	0.02128	0.00329	0.00771
24	0.00693	0.00511	0.00633	0.00690	0.00780	0.00464	0.00484	0.00837	0.01202	0.01603	0.19986	0.44675	0.20338	0.01475	0.00664	0.00200	0.00293	0.01308	0.02700	0.00464
25	0.00671	0.00492	0.00623	0.00724	0.00781	0.00453	0.00492	0.00772	0.01070	0.01396	0.03357	0.63663	0.15428	0.04884	0.00774	0.00229	0.00322	0.02929	0.00499	0.00442
26	0.01178	0.00963	0.01152	0.04603	0.01405	0.00773	0.00699	0.01480	0.04324	0.04899	0.03420	0.01304	0.00996	0.00458	0.00430	0.00096	0.00418	0.00373	0.00352	0.70678

[dist]
# distance from previous block
# <min> <max>
1	8

[block]
# block no. 4 follows, 44 sequences, length 30
# corresponding to MSA columns:
# 1025-1054
name=unknown_E
#
# <colnr> <probs for GDERKNQSTAVLIFYWHMCP>
#	G	D	E	R	K	N	Q	S	T	A	V	L	I	F	Y	W	H	M	C	P
0	0.01176	0.20814	0.50890	0.01349	0.02030	0.01417	0.03549	0.01657	0.01145	0.01622	0.01029	0.01183	0.02378	0.00514	0.00476	0.00153	0.00714	0.00393	0.00245	0.07264
1	0.00782	0.00595	0.00718	0.06772	0.01023	0.00545	0.00549	0.00967	0.01303	0.04759	0.23064	0.11100	0.43351	0.01248	0.00637	0.00183	0.00318	0.01067	0.00516	0.00503
2	0.01141	0.00978	0.01135	0.00821	0.01298	0.00755	0.00656	0.01442	0.04535	0.01799	0.01025	0.01171	0.00846	0.00419	0.00411	0.00085	0.00405	0.00336	0.00333	0.80407
3	0.01954	0.01417	0.01552	0.01221	0.01617	0.01577	0.01001	0.56323	0.13319	0.08477	0.01476	0.01450	0.01056	0.00682	0.00603	0.00171	0.04147	0.00513	0.00542	0.00903
4	0.02198	0.01326	0.01512	0.01159	0.01590	0.01392	0.00957	0.51137	0.02227	0.28396	0.01591	0.01492	0.01069	0.00661	0.00546	0.00165	0.00554	0.00510	0.00589	0.00927
5	0.00793	0.00529	0.00595	0.00595	0.00595	0.00529	0.00330	0.00793	0.00793	0.01057	0.01718	0.03568	0.01982	0.80840	0.02775	0.00529	0.00529	0.00793	0.00330	0.00330
6	0.01093	0.02820	0.78016	0.01554	0.02360	0.01266	0.02014	0.01727	0.01151	0.01727	0.00978	0.01151	0.00691	0.00518	0.00518	0.00173	0.00806	0.00403	0.00230	0.00806
7	0.01355	0.01132	0.01508	0.01234	0.01571	0.01208	0.13596	0.11441	0.36117	0.05008	0.08472	0.02341	0.06810	0.00772	0.00583	0.00181	0.00510	0.02689	0.02697	0.00776
8	0.00970	0.00607	0.00758	0.00691	0.00874	0.00540	0.00529	0.01191	0.01470	0.12397	0.48842	0.04063	0.22741	0.01121	0.00630	0.00174	0.00290	0.00967	0.00587	0.00558
9	0.81292	0.04326	0.00885	0.00726	0.01068	0.01261	0.00604	0.01604	0.00935	0.02399	0.00759	0.00885	0.00595	0.00504	0.00338	0.00167	0.00428	0.00295	0.00333	0.00595
10	0.01216	0.01190	0.01637	0.01389	0.01431	0.01615	0.01156	0.03628	0.00906	0.01406	0.00749	0.01193	0.00728	0.00912	0.01669	0.00227	0.72680	0.00468	0.00253	0.05548
11	0.00679	0.00538	0.00610	0.00626	0.00766	0.00470	0.00456	0.00836	0.01274	0.01626	0.22043	0.20056	0.45325	0.01383	0.00654	0.00189	0.00280	0.01192	0.00529	0.00470
12	0.02165	0.00861	0.01150	0.00903	0.01278	0.00749	0.00739	0.02378	0.01518	0.64744	0.06834	0.02179	0.05584	0.00736	0.00549	0.00167	0.00429	0.00604	0.05580	0.00853
13	0.01180	0.01175	0.01667	0.07513	0.01612	0.01634	0.01218	0.01318	0.00855	0.01318	0.00735	0.01213	0.00717	0.00922	0.01692	0.00234	0.73682	0.00478	0.00239	0.00597
14	0.00686	0.00507	0.00642	0.00716	0.00794	0.00463	0.00501	0.00821	0.01174	0.01556	0.16910	0.51859	0.16509	0.01539	0.00679	0.00207	0.00303	0.03150	0.00523	0.00460
15	0.02000	0.02522	0.01528	0.01389	0.01671	0.74525	0.01043	0.02215	0.05545	0.01385	0.00916	0.01039	0.00754	0.00571	0.00495	0.00143	0.00954	0.00365	0.00296	0.00644
16	0.00664	0.00477	0.00630	0.00752	0.00789	0.00443	0.00503	0.00760	0.01050	0.01394	0.03089	0.77966	0.06069	0.01697	0.00694	0.00220	0.00315	0.01536	0.00506	0.00443
17	0.01076	0.07228	0.01754	0.70267	0.06611	0.01288	0.01475	0.01423	0.01098	0.01400	0.00955	0.01404	0.00730	0.00536	0.00530	0.00176	0.00712	0.00470	0.00243	0.00624
18	0.03343	0.30720	0.24798	0.03212	0.01753	0.06088	0.01237	0.03769	0.01212	0.06998	0.00971	0.01096	0.00760	0.00513	0.00466	0.00141	0.02143	0.00364	0.00288	0.10128
19	0.02551	0.09841	0.22715	0.02337	0.02814	0.20305	0.06988	0.03799	0.01280	0.05611	0.01083	0.01379	0.00884	0.07445	0.00688	0.00183	0.00739	0.00439	0.02258	0.06661
20	0.01112	0.00988	0.01737	0.01400	0.01623	0.01053	0.24136	0.01343	0.01134	0.06093	0.09590	0.17766	0.01891	0.01159	0.05133	0.03701	0.18361	0.00811	0.00372	0.00599
21	0.00760	0.00588	0.00687	0.00790	0.00832	0.04621	0.00533	0.00831	0.01045	0.01354	0.02729	0.70101	0.03244	0.01661	0.00797	0.06752	0.00364	0.01402	0.00473	0.00437
22	0.01143	0.00988	0.01194	0.00958	0.05794	0.00760	0.00707	0.01391	0.01137	0.01777	0.00972	0.01143	0.00811	0.00409	0.00412	0.00086	0.00418	0.00333	0.00320	0.79247
23	0.00830	0.00578	0.00832	0.00823	0.00882	0.00656	0.00607	0.00908	0.00829	0.01173	0.01369	0.02225	0.01349	0.15148	0.49062	0.17222	0.04214	0.00590	0.00285	0.00418
24	0.01298	0.01253	0.02167	0.14845	0.63200	0.01286	0.04693	0.01634	0.01220	0.01721	0.01020	0.01370	0.00841	0.00494	0.00545	0.00166	0.00671	0.00492	0.00266	0.00819
25	0.01109	0.01011	0.01344	0.18600	0.01804	0.05640	0.02027	0.06668	0.01089	0.01474	0.01194	0.03577	0.01102	0.05503	0.24576	0.00420	0.20060	0.01932	0.00296	0.00576
26	0.00745	0.00626	0.02878	0.00705	0.00841	0.00548	0.00542	0.00889	0.01224	0.01608	0.23880	0.17298	0.32769	0.01366	0.00828	0.07474	0.03756	0.01065	0.00489	0.00468
27	0.00672	0.00571	0.00614	0.03984	0.00874	0.00497	0.00470	0.00830	0.01261	0.01529	0.11347	0.04984	0.67846	0.01322	0.00640	0.00183	0.00294	0.01108	0.00503	0.00471
28	0.72828	0.01047	0.00867	0.00759	0.01104	0.01186	0.00623	0.01764	0.04262	0.10003	0.00962	0.01033	0.00713	0.00533	0.00368	0.00169	0.00426	0.00335	0.00381	0.00636
29	0.04895	0.01448	0.07204	0.06662	0.27936	0.01328	0.38960	0.01695	0.01237	0.01768	0.01047	0.01384	0.00816	0.00478	0.00582	0.00175	0.00789	0.00552	0.00272	0.00770

[dist]
# distance from previous block
# <min> <max>
6	8

[block]
# block no. 5 follows, 44 sequences, length 13
# corresponding to MSA columns:
# 1063-1075
name=unknown_F
#
# <colnr> <probs for GDERKNQSTAVLIFYWHMCP>
#	G	D	E	R	K	N	Q	S	T	A	V	L	I	F	Y	W	H	M	C	P
0	0.08368	0.01220	0.01749	0.21727	0.06180	0.04434	0.13856	0.07170	0.11625	0.01876	0.03555	0.01493	0.01026	0.00604	0.00644	0.00176	0.07452	0.00514	0.00341	0.05991
1	0.00812	0.00567	0.00614	0.00609	0.00786	0.00487	0.00454	0.00959	0.01233	0.07325	0.04646	0.14877	0.55842	0.01315	0.00624	0.00184	0.00294	0.01110	0.06766	0.00497
2	0.05545	0.01141	0.01815	0.39825	0.15915	0.01289	0.09422	0.05870	0.10411	0.01777	0.01154	0.01471	0.00880	0.00553	0.00545	0.00177	0.00675	0.00509	0.00311	0.00713
3	0.01301	0.01115	0.01298	0.01330	0.10624	0.01246	0.00920	0.05100	0.54385	0.02248	0.12283	0.02203	0.02016	0.00757	0.00565	0.00180	0.00440	0.00646	0.00526	0.00818
4	0.00772	0.00557	0.00729	0.00686	0.00814	0.00514	0.00514	0.01029	0.01543	0.02186	0.77152	0.04072	0.05144	0.01115	0.00643	0.00171	0.00257	0.00986	0.00600	0.00514
5	0.00775	0.00555	0.00708	0.00669	0.00801	0.00511	0.00502	0.01024	0.01506	0.02134	0.69198	0.04054	0.09540	0.01110	0.00631	0.00170	0.00258	0.00975	0.04368	0.00511
6	0.01951	0.02297	0.01471	0.01327	0.01613	0.64163	0.01002	0.02232	0.08659	0.05777	0.03731	0.01241	0.00986	0.00605	0.00506	0.00147	0.00876	0.00410	0.00340	0.00667
7	0.01349	0.01295	0.02213	0.03346	0.77440	0.01295	0.01673	0.01673	0.01241	0.01781	0.01025	0.01349	0.00864	0.00486	0.00540	0.00162	0.00648	0.00486	0.00270	0.00864
8	0.00964	0.00778	0.00887	0.00839	0.01033	0.00815	0.00639	0.01666	0.29180	0.02040	0.31245	0.10379	0.13352	0.01075	0.00618	0.00185	0.00336	0.02781	0.00560	0.00629
9	0.42720	0.34859	0.08134	0.00878	0.01309	0.01619	0.00854	0.01626	0.01022	0.01897	0.00777	0.00903	0.00645	0.00490	0.00358	0.00147	0.00522	0.00303	0.00285	0.00654
10	0.01577	0.01685	0.08974	0.01372	0.05532	0.19095	0.04625	0.19514	0.17085	0.02219	0.11245	0.01738	0.01547	0.00679	0.00549	0.00165	0.00647	0.00548	0.00436	0.00768
11	0.00654	0.00553	0.00566	0.00562	0.00742	0.00464	0.00422	0.00801	0.01266	0.01527	0.10984	0.05157	0.71723	0.01360	0.00644	0.00183	0.00275	0.01138	0.00513	0.00464
12	0.09943	0.18588	0.31448	0.01261	0.01835	0.01450	0.04910	0.08926	0.05204	0.09883	0.01135	0.01216	0.00831	0.00544	0.00478	0.00160	0.00650	0.00415	0.00338	0.00786

[dist]
# distance from previous block
# <min> <max>
0	2

[block]
# block no. 6 follows, 44 sequences, length 15
# corresponding to MSA columns:
# 1078-1092
name=unknown_G
#
# <colnr> <probs for GDERKNQSTAVLIFYWHMCP>
#	G	D	E	R	K	N	Q	S	T	A	V	L	I	F	Y	W	H	M	C	P
0	0.01653	0.01446	0.01392	0.01188	0.01532	0.10471	0.00938	0.24890	0.45289	0.02521	0.01782	0.01691	0.01328	0.00693	0.00545	0.00173	0.00547	0.00547	0.00520	0.00855
1	0.01127	0.01733	0.31121	0.01739	0.13299	0.01099	0.15760	0.01577	0.01286	0.03470	0.18010	0.01908	0.01753	0.00635	0.00571	0.00170	0.00663	0.00593	0.00340	0.03147
2	0.00788	0.00548	0.00695	0.00695	0.00730	0.00583	0.00456	0.00858	0.00823	0.01132	0.01626	0.03057	0.01760	0.53358	0.29954	0.00653	0.00862	0.00718	0.00317	0.00386
3	0.01030	0.00969	0.01635	0.79530	0.03755	0.01211	0.01514	0.01393	0.01090	0.01393	0.00969	0.01453	0.00727	0.00545	0.00545	0.00182	0.00727	0.00484	0.00242	0.00606
4	0.01286	0.01100	0.01189	0.01081	0.01364	0.01274	0.00841	0.02663	0.67281	0.02157	0.02127	0.02047	0.01628	0.01146	0.10037	0.00269	0.00556	0.00612	0.00523	0.00817
5	0.00785	0.00528	0.00608	0.00616	0.00622	0.00530	0.00355	0.00798	0.00811	0.01085	0.01781	0.07932	0.02050	0.73104	0.05805	0.00525	0.00555	0.00828	0.00339	0.00343
6	0.13411	0.03792	0.01217	0.00897	0.01330	0.10349	0.00720	0.04864	0.01231	0.04760	0.00976	0.01104	0.00786	0.00461	0.00415	0.00109	0.00493	0.00337	0.00340	0.52407
7	0.00845	0.00604	0.00841	0.00966	0.01077	0.00599	0.00821	0.01072	0.01222	0.01594	0.02905	0.17629	0.03210	0.01537	0.00744	0.00246	0.00473	0.62618	0.00503	0.00493
8	0.01090	0.02710	0.73460	0.06205	0.02443	0.01263	0.01984	0.01707	0.01147	0.01707	0.00978	0.01169	0.00693	0.00520	0.00520	0.00173	0.00801	0.00408	0.00231	0.00794
9	0.00763	0.00551	0.00694	0.00665	0.00796	0.00505	0.00496	0.01000	0.01471	0.02065	0.62533	0.07029	0.13413	0.01147	0.00634	0.00173	0.00262	0.01006	0.04291	0.00505
10	0.00665	0.00518	0.00605	0.00656	0.00768	0.00458	0.00464	0.00796	0.01184	0.01505	0.11246	0.38350	0.37843	0.01500	0.00667	0.00199	0.00292	0.01311	0.00515	0.00458
11	0.12429	0.00943	0.01209	0.00939	0.01351	0.00852	0.00776	0.02529	0.01484	0.68669	0.01982	0.01738	0.01257	0.00654	0.00523	0.00169	0.00459	0.00518	0.00634	0.00887
12	0.70665	0.04960	0.01001	0.00793	0.01148	0.01325	0.00661	0.10588	0.01135	0.02510	0.00826	0.00936	0.00637	0.00522	0.00363	0.00166	0.00451	0.00319	0.00358	0.00637
13	0.01277	0.26981	0.18534	0.03751	0.05430	0.04356	0.04466	0.05969	0.01282	0.01711	0.10190	0.01483	0.01296	0.00682	0.02920	0.00167	0.00642	0.00457	0.00311	0.08093
14	0.09002	0.50321	0.02355	0.04859	0.03676	0.06963	0.03292	0.08073	0.01272	0.04523	0.00892	0.01017	0.00744	0.00505	0.00406	0.00135	0.00611	0.00348	0.00292	0.00715

[dist]
# distance from previous block
# <min> <max>
0	16

[block]
# block no. 7 follows, 44 sequences, length 39
# corresponding to MSA columns:
# 1111-1149
name=unknown_H
#
# <colnr> <probs for GDERKNQSTAVLIFYWHMCP>
#	G	D	E	R	K	N	Q	S	T	A	V	L	I	F	Y	W	H	M	C	P
0	0.01522	0.33047	0.01881	0.01034	0.01370	0.23456	0.00867	0.04224	0.03363	0.01416	0.02481	0.01157	0.00874	0.00722	0.00671	0.12252	0.00654	0.00368	0.00283	0.08357
1	0.01064	0.00803	0.00967	0.00959	0.01135	0.00853	0.00764	0.12050	0.13467	0.01890	0.02549	0.19092	0.05949	0.05343	0.05767	0.00272	0.00520	0.25460	0.00496	0.00598
2	0.01104	0.11789	0.27211	0.03618	0.06332	0.07181	0.01214	0.01433	0.01216	0.01624	0.14101	0.07742	0.05757	0.00896	0.02465	0.04088	0.00623	0.00622	0.00336	0.00648
3	0.00793	0.00585	0.00744	0.00699	0.00839	0.00551	0.00526	0.01104	0.04987	0.02157	0.70362	0.04033	0.08336	0.01110	0.00639	0.00173	0.00266	0.00977	0.00594	0.00528
4	0.01205	0.02029	0.40901	0.01578	0.08573	0.03232	0.06521	0.07146	0.08857	0.01934	0.08467	0.04479	0.01361	0.00645	0.00552	0.00174	0.00681	0.00550	0.00339	0.00775
5	0.00732	0.00527	0.00693	0.00713	0.00806	0.00488	0.00511	0.00929	0.01359	0.01893	0.49757	0.32304	0.04576	0.01334	0.00663	0.00190	0.00279	0.01194	0.00565	0.00488
6	0.01262	0.01252	0.01881	0.16269	0.32954	0.04593	0.01441	0.01510	0.01076	0.01519	0.00893	0.01295	0.00778	0.00673	0.01001	0.00193	0.29971	0.00477	0.00254	0.00709
7	0.01093	0.02820	0.78016	0.01554	0.02360	0.01266	0.02014	0.01727	0.01151	0.01727	0.00978	0.01151	0.00691	0.00518	0.00518	0.00173	0.00806	0.00403	0.00230	0.00806
8	0.10482	0.05763	0.16314	0.01182	0.01651	0.01443	0.01119	0.34637	0.08621	0.07210	0.01306	0.01352	0.00950	0.00730	0.03221	0.00190	0.00620	0.00461	0.01920	0.00828
9	0.39660	0.17829	0.01672	0.05387	0.17782	0.04433	0.03072	0.01640	0.01075	0.01945	0.00840	0.01032	0.00690	0.00496	0.00409	0.00156	0.00555	0.00357	0.00292	0.00678
10	0.01565	0.00769	0.00862	0.00738	0.00984	0.03271	0.00583	0.05184	0.01386	0.27544	0.06343	0.02026	0.01560	0.00675	0.00464	0.00146	0.00365	0.00544	0.44317	0.00673
11	0.01176	0.01289	0.08616	0.12908	0.05857	0.07166	0.05485	0.01874	0.24689	0.01837	0.10610	0.02315	0.10726	0.00770	0.00595	0.00178	0.02139	0.00654	0.00417	0.00700
12	0.00792	0.00531	0.00605	0.00605	0.00609	0.00534	0.00343	0.00799	0.00796	0.01065	0.01708	0.03515	0.01959	0.78020	0.05564	0.00541	0.00563	0.00785	0.00329	0.00336
13	0.01228	0.04971	0.08218	0.25819	0.18766	0.02872	0.05880	0.01692	0.08680	0.03261	0.01202	0.01487	0.00934	0.00568	0.00566	0.00169	0.03489	0.00492	0.08993	0.00713
14	0.00761	0.00518	0.00618	0.00659	0.00673	0.00510	0.00404	0.00799	0.00883	0.01176	0.02126	0.24841	0.02482	0.55415	0.02110	0.00431	0.00469	0.04369	0.00387	0.00369
15	0.01724	0.44975	0.02252	0.01150	0.01531	0.37395	0.00988	0.01883	0.01309	0.01306	0.00797	0.00925	0.00701	0.00510	0.00415	0.00128	0.00767	0.00319	0.00255	0.00668
16	0.00783	0.00549	0.00705	0.00708	0.00749	0.00583	0.00473	0.00867	0.00855	0.01181	0.04044	0.05373	0.01899	0.47195	0.31064	0.00638	0.00862	0.00744	0.00330	0.00398
17	0.01788	0.01210	0.10506	0.23260	0.02258	0.01036	0.05229	0.03610	0.03399	0.39657	0.01608	0.01632	0.01068	0.00609	0.00549	0.00174	0.00605	0.00519	0.00473	0.00810
18	0.01295	0.07134	0.28311	0.03741	0.21110	0.01346	0.20620	0.01740	0.01217	0.05240	0.01057	0.01304	0.00801	0.00508	0.00571	0.00170	0.02281	0.00488	0.00273	0.00793
19	0.00772	0.00557	0.00729	0.00686	0.00814	0.00514	0.00514	0.01029	0.01543	0.02186	0.77152	0.04072	0.05144	0.01115	0.00643	0.00171	0.00257	0.00986	0.00600	0.00514
20	0.00779	0.00584	0.00876	0.00876	0.00974	0.00681	0.00681	0.00974	0.00876	0.01266	0.01460	0.02142	0.01363	0.04089	0.78680	0.00876	0.01460	0.00584	0.00292	0.00487
21	0.00947	0.00473	0.00710	0.00710	0.00710	0.00473	0.00473	0.00710	0.00710	0.00947	0.00947	0.01657	0.00947	0.01894	0.02131	0.84138	0.00473	0.00473	0.00237	0.00237
22	0.02037	0.02598	0.01545	0.01404	0.01685	0.78652	0.01053	0.02177	0.01545	0.01334	0.00843	0.00983	0.00702	0.00562	0.00492	0.00140	0.00983	0.00351	0.00281	0.00632
23	0.02072	0.01527	0.01636	0.01254	0.01691	0.01691	0.01036	0.75622	0.02563	0.03436	0.01309	0.01309	0.00927	0.00654	0.00545	0.00164	0.00600	0.00491	0.00545	0.00927
24	0.01059	0.00999	0.01689	0.72445	0.10607	0.01219	0.01529	0.01419	0.01104	0.01429	0.00974	0.01444	0.00739	0.00540	0.00545	0.00180	0.00719	0.00485	0.00245	0.00630
25	0.00664	0.00474	0.00633	0.00759	0.00791	0.00443	0.00506	0.00759	0.01044	0.01392	0.03005	0.80485	0.03606	0.01708	0.00696	0.00221	0.00316	0.01550	0.00506	0.00443
26	0.06840	0.01377	0.02667	0.01936	0.02431	0.01337	0.53956	0.07424	0.01376	0.10530	0.01202	0.01455	0.00875	0.00519	0.00645	0.00182	0.03553	0.00593	0.00344	0.00758
27	0.16096	0.01307	0.07071	0.01546	0.01961	0.01231	0.32987	0.07289	0.03440	0.03500	0.01201	0.01625	0.00979	0.04662	0.08950	0.00271	0.02675	0.02196	0.00329	0.00683
28	0.01093	0.02820	0.78016	0.01554	0.02360	0.01266	0.02014	0.01727	0.01151	0.01727	0.00978	0.01151	0.00691	0.00518	0.00518	0.00173	0.00806	0.00403	0.00230	0.00806
29	0.01193	0.01193	0.01670	0.01431	0.01431	0.01670	0.01193	0.01312	0.00835	0.01312	0.00716	0.01193	0.00716	0.00954	0.01789	0.00239	0.79843	0.00477	0.00239	0.00596
30	0.01112	0.00809	0.01207	0.23203	0.09811	0.00862	0.00973	0.04591	0.02846	0.09473	0.01972	0.33809	0.02020	0.01084	0.00662	0.03111	0.00502	0.00930	0.00418	0.00607
31	0.01030	0.00969	0.01635	0.79530	0.03755	0.01211	0.01514	0.01393	0.01090	0.01393	0.00969	0.01453	0.00727	0.00545	0.00545	0.00182	0.00727	0.00484	0.00242	0.00606
32	0.00695	0.00514	0.00654	0.00743	0.00823	0.00474	0.00534	0.00830	0.01147	0.01499	0.09371	0.50940	0.17873	0.01573	0.00689	0.00214	0.00326	0.10128	0.00513	0.00459
33	0.00884	0.00672	0.00776	0.00712	0.00894	0.00638	0.00544	0.10101	0.01551	0.02071	0.40971	0.06295	0.29506	0.01167	0.00633	0.00176	0.00308	0.00998	0.00558	0.00544
34	0.01346	0.13518	0.06507	0.29110	0.06761	0.08024	0.12156	0.01660	0.01194	0.07168	0.01071	0.03102	0.00852	0.00574	0.00590	0.00170	0.04734	0.00491	0.00288	0.00687
35	0.03860	0.08821	0.04389	0.10758	0.05561	0.01298	0.14072	0.18349	0.03363	0.08969	0.01484	0.09343	0.01270	0.00718	0.00559	0.00175	0.00619	0.03944	0.01706	0.00742
36	0.00697	0.00538	0.00584	0.00599	0.00711	0.00482	0.00412	0.00796	0.01101	0.01369	0.06208	0.13107	0.44152	0.24081	0.01260	0.00287	0.00356	0.02377	0.00459	0.00424
37	0.04374	0.08600	0.03351	0.05876	0.20379	0.03894	0.06124	0.06534	0.05637	0.19273	0.07125	0.03773	0.01377	0.00638	0.00536	0.00165	0.00576	0.00554	0.00424	0.00789
38	0.11544	0.01305	0.04963	0.05388	0.07459	0.03186	0.00991	0.03321	0.04946	0.19169	0.01509	0.01663	0.01158	0.00679	0.00567	0.00180	0.00576	0.00492	0.00484	0.30420

[dist]
# distance from previous block
# <min> <max>
0	79

[block]
# block no. 8 follows, 44 sequences, length 21
# corresponding to MSA columns:
# 1232-1252
name=unknown_I
#
# <colnr> <probs for GDERKNQSTAVLIFYWHMCP>
#	G	D	E	R	K	N	Q	S	T	A	V	L	I	F	Y	W	H	M	C	P
0	0.09203	0.01317	0.01492	0.02748	0.13267	0.08644	0.03210	0.16404	0.12139	0.05392	0.01319	0.03695	0.01051	0.00632	0.00580	0.00162	0.05184	0.00496	0.03412	0.09653
1	0.01298	0.41277	0.05595	0.00902	0.01267	0.01487	0.00844	0.03698	0.04129	0.04792	0.03556	0.05032	0.06780	0.02477	0.00528	0.00152	0.02433	0.02457	0.08034	0.03262
2	0.00820	0.00621	0.00776	0.04043	0.00964	0.00597	0.00560	0.03401	0.03671	0.02036	0.54678	0.03994	0.16730	0.03866	0.00707	0.00187	0.00306	0.00959	0.00557	0.00526
3	0.00746	0.00550	0.00697	0.00674	0.00802	0.00501	0.00500	0.00974	0.01462	0.02025	0.61430	0.10440	0.14777	0.01199	0.00647	0.00177	0.00265	0.01054	0.00580	0.00501
4	0.01575	0.00681	0.00842	0.00724	0.00964	0.00625	0.00569	0.01790	0.01317	0.33153	0.05595	0.05382	0.01638	0.00759	0.00530	0.02734	0.00350	0.00591	0.39513	0.00670
5	0.01458	0.81168	0.02857	0.00933	0.01399	0.02157	0.00933	0.01632	0.01108	0.01283	0.00758	0.00875	0.00700	0.00466	0.00350	0.00117	0.00583	0.00292	0.00233	0.00700
6	0.01059	0.00644	0.00873	0.00907	0.01071	0.00611	0.00757	0.01284	0.01317	0.12788	0.12633	0.11930	0.07824	0.01344	0.00697	0.00222	0.00434	0.42507	0.00541	0.00558
7	0.00920	0.00664	0.00859	0.00937	0.01063	0.00683	0.00779	0.01266	0.08814	0.01630	0.02608	0.05201	0.02755	0.12802	0.01009	0.00279	0.00489	0.53018	0.03710	0.00514
8	0.01589	0.00698	0.00829	0.00706	0.00954	0.00655	0.00560	0.04071	0.01345	0.30738	0.01905	0.01943	0.01365	0.00651	0.00449	0.00144	0.00344	0.00523	0.49852	0.00680
9	0.84691	0.01054	0.00801	0.00717	0.01054	0.01223	0.00590	0.01603	0.00928	0.02446	0.00759	0.00886	0.00590	0.00506	0.00337	0.00169	0.00422	0.00295	0.00337	0.00590
10	0.00691	0.00554	0.00617	0.00601	0.00765	0.00480	0.00451	0.00873	0.01353	0.01734	0.31779	0.04816	0.50799	0.01283	0.00644	0.00179	0.00269	0.01090	0.00541	0.00480
11	0.84691	0.01054	0.00801	0.00717	0.01054	0.01223	0.00590	0.01603	0.00928	0.02446	0.00759	0.00886	0.00590	0.00506	0.00337	0.00169	0.00422	0.00295	0.00337	0.00590
12	0.01130	0.00969	0.01130	0.00807	0.01292	0.00727	0.00646	0.01373	0.01130	0.01776	0.00969	0.01130	0.00807	0.00404	0.00404	0.00081	0.00404	0.00323	0.00323	0.84173
13	0.00793	0.00529	0.00595	0.00595	0.00595	0.00529	0.00330	0.00793	0.00793	0.01057	0.01718	0.03568	0.01982	0.80840	0.02775	0.00529	0.00529	0.00793	0.00330	0.00330
14	0.02251	0.00899	0.01212	0.00946	0.01336	0.00789	0.00775	0.02505	0.03739	0.68222	0.09487	0.02078	0.01730	0.00720	0.00558	0.00169	0.00443	0.00593	0.00664	0.00885
15	0.00692	0.00549	0.00622	0.00614	0.00768	0.00479	0.00457	0.00871	0.01339	0.01728	0.31476	0.09693	0.46170	0.01305	0.00647	0.00182	0.00272	0.01116	0.00540	0.00479
16	0.01130	0.00969	0.01130	0.00807	0.01292	0.00727	0.00646	0.01373	0.01130	0.01776	0.00969	0.01130	0.00807	0.00404	0.00404	0.00081	0.00404	0.00323	0.00323	0.84173
17	0.00928	0.00574	0.00751	0.00792	0.00897	0.00537	0.00564	0.03482	0.01215	0.10191	0.10898	0.57484	0.04983	0.01481	0.00669	0.00208	0.00339	0.02946	0.00536	0.00523
18	0.11841	0.01014	0.01215	0.00979	0.01367	0.00999	0.00797	0.04766	0.17893	0.50239	0.01977	0.01765	0.01317	0.00669	0.00525	0.00172	0.00456	0.00532	0.00605	0.00874
19	0.01361	0.00949	0.01419	0.05516	0.26786	0.00938	0.01071	0.06717	0.01342	0.15873	0.02044	0.20016	0.04490	0.00946	0.00602	0.00187	0.00511	0.08063	0.00448	0.00722
20	0.03654	0.03883	0.01824	0.21614	0.24608	0.12829	0.04197	0.05708	0.08290	0.03763	0.01117	0.01368	0.00877	0.00565	0.00572	0.00168	0.03430	0.00474	0.00316	0.00743

[dist]
# distance from previous block
# <min> <max>
0	34

[block]
# block no. 9 follows, 44 sequences, length 27
# corresponding to MSA columns:
# 1289-1315
name=unknown_J
#
# <colnr> <probs for GDERKNQSTAVLIFYWHMCP>
#	G	D	E	R	K	N	Q	S	T	A	V	L	I	F	Y	W	H	M	C	P
0	0.57158	0.04598	0.01200	0.01015	0.04084	0.05784	0.04828	0.01683	0.04520	0.02171	0.00864	0.01020	0.00689	0.00540	0.00473	0.00168	0.05431	0.00352	0.00327	0.03094
1	0.01016	0.00668	0.00744	0.00694	0.00865	0.00658	0.00523	0.09345	0.03632	0.04040	0.18281	0.10616	0.16874	0.04085	0.00637	0.00179	0.00325	0.00844	0.25419	0.00555
2	0.01136	0.01136	0.05325	0.11204	0.22350	0.04058	0.01124	0.01664	0.16180	0.01753	0.06082	0.06264	0.11746	0.00883	0.02794	0.00196	0.02481	0.00677	0.02246	0.00700
3	0.00859	0.00597	0.00760	0.00708	0.00854	0.00565	0.00535	0.01180	0.05389	0.04278	0.68003	0.03819	0.04700	0.01063	0.00625	0.00170	0.00272	0.00934	0.04145	0.00544
4	0.00825	0.00657	0.00967	0.05316	0.01145	0.00786	0.00751	0.01002	0.00902	0.01287	0.01552	0.11831	0.01556	0.05764	0.53570	0.00674	0.09918	0.00694	0.00311	0.00495
5	0.09910	0.00939	0.01223	0.00947	0.01361	0.00840	0.00782	0.02561	0.01503	0.70977	0.02025	0.01768	0.01281	0.00659	0.00529	0.00169	0.00460	0.00525	0.00644	0.00897
6	0.02038	0.02555	0.01549	0.01398	0.01686	0.75533	0.01053	0.05153	0.01586	0.01419	0.00862	0.00996	0.00711	0.00566	0.00494	0.00141	0.00968	0.00357	0.00292	0.00644
7	0.01458	0.81168	0.02857	0.00933	0.01399	0.02157	0.00933	0.01632	0.01108	0.01283	0.00758	0.00875	0.00700	0.00466	0.00350	0.00117	0.00583	0.00292	0.00233	0.00700
8	0.00664	0.00474	0.00633	0.00759	0.00791	0.00443	0.00506	0.00759	0.01044	0.01392	0.03005	0.80485	0.03606	0.01708	0.00696	0.00221	0.00316	0.01550	0.00506	0.00443
9	0.02037	0.02598	0.01545	0.01404	0.01685	0.78652	0.01053	0.02177	0.01545	0.01334	0.00843	0.00983	0.00702	0.00562	0.00492	0.00140	0.00983	0.00351	0.00281	0.00632
10	0.01130	0.00969	0.01130	0.00807	0.01292	0.00727	0.00646	0.01373	0.01130	0.01776	0.00969	0.01130	0.00807	0.00404	0.00404	0.00081	0.00404	0.00323	0.00323	0.84173
11	0.01409	0.01299	0.11606	0.25264	0.16603	0.01185	0.01358	0.06885	0.04877	0.14215	0.05707	0.01620	0.01166	0.00618	0.00596	0.00175	0.03761	0.00520	0.00373	0.00762
12	0.02021	0.01439	0.01550	0.01196	0.01612	0.01580	0.00985	0.67981	0.02433	0.06356	0.01373	0.01377	0.00974	0.00654	0.00535	0.00162	0.00573	0.00494	0.05806	0.00901
13	0.00811	0.00605	0.00839	0.00827	0.00900	0.00682	0.00619	0.00962	0.00937	0.01325	0.08851	0.02830	0.01934	0.22389	0.43969	0.00653	0.05627	0.04442	0.00339	0.00458
14	0.01364	0.01384	0.13218	0.12879	0.14238	0.01327	0.01352	0.04643	0.05376	0.10954	0.01149	0.01413	0.00897	0.00796	0.03417	0.00214	0.23822	0.00489	0.00328	0.00738
15	0.04450	0.00662	0.00932	0.00871	0.01033	0.00711	0.00680	0.01307	0.01000	0.16174	0.01548	0.02053	0.01326	0.05433	0.54186	0.04993	0.01147	0.00566	0.00367	0.00559
16	0.00684	0.00476	0.00626	0.00745	0.00782	0.00446	0.00499	0.00788	0.01049	0.01428	0.02936	0.76094	0.03482	0.01648	0.00678	0.00216	0.00313	0.01492	0.05171	0.00446
17	0.01354	0.01333	0.05757	0.01758	0.21771	0.12663	0.08351	0.02794	0.04134	0.07827	0.17506	0.07432	0.02006	0.00744	0.00573	0.00168	0.00597	0.00667	0.01856	0.00709
18	0.04612	0.06523	0.30170	0.01345	0.04507	0.04229	0.07350	0.01649	0.03059	0.08228	0.08966	0.03118	0.08394	0.00708	0.00606	0.00173	0.04714	0.00578	0.00354	0.00715
19	0.02037	0.02598	0.01545	0.01404	0.01685	0.78652	0.01053	0.02177	0.01545	0.01334	0.00843	0.00983	0.00702	0.00562	0.00492	0.00140	0.00983	0.00351	0.00281	0.00632
20	0.09368	0.00810	0.00991	0.08878	0.01348	0.00794	0.00721	0.06303	0.01372	0.24280	0.06954	0.10902	0.21899	0.00977	0.00577	0.00181	0.00420	0.02045	0.00520	0.00658
21	0.01515	0.01179	0.04840	0.19883	0.27406	0.01145	0.06514	0.01914	0.05837	0.20223	0.03208	0.01604	0.01093	0.00575	0.00553	0.00172	0.00624	0.00528	0.00386	0.00800
22	0.01068	0.00934	0.01234	0.18702	0.12760	0.06070	0.00979	0.03234	0.01208	0.04622	0.04035	0.25697	0.11911	0.01036	0.00653	0.00189	0.03776	0.00898	0.00397	0.00596
23	0.02037	0.02598	0.01545	0.01404	0.01685	0.78652	0.01053	0.02177	0.01545	0.01334	0.00843	0.00983	0.00702	0.00562	0.00492	0.00140	0.00983	0.00351	0.00281	0.00632
24	0.12579	0.01246	0.01993	0.06813	0.58324	0.01299	0.03244	0.01636	0.01175	0.01830	0.00975	0.01288	0.00812	0.00511	0.00568	0.00168	0.03999	0.00463	0.00276	0.00799
25	0.00928	0.00545	0.00641	0.00619	0.00755	0.00516	0.00463	0.01166	0.01327	0.04957	0.33892	0.07993	0.06822	0.00943	0.00531	0.00156	0.00268	0.00809	0.36150	0.00521
26	0.11673	0.09448	0.32558	0.01400	0.05394	0.04730	0.05711	0.06919	0.04545	0.09031	0.01120	0.01227	0.00819	0.00540	0.00491	0.00163	0.00672	0.00422	0.00330	0.02808

[dist]
# distance from previous block
# <min> <max>
4	19

[block]
# block no. 10 follows, 44 sequences, length 11
# corresponding to MSA columns:
# 1369-1379
name=unknown_K
#
# <colnr> <probs for GDERKNQSTAVLIFYWHMCP>
#	G	D	E	R	K	N	Q	S	T	A	V	L	I	F	Y	W	H	M	C	P
0	0.01375	0.05554	0.05247	0.00999	0.01257	0.01032	0.00841	0.15512	0.01323	0.14155	0.01452	0.01869	0.01213	0.08260	0.31085	0.02958	0.04273	0.00543	0.00395	0.00656
1	0.01753	0.15040	0.01622	0.01183	0.01503	0.50755	0.00930	0.01920	0.01393	0.01436	0.00925	0.01074	0.00775	0.00535	0.00449	0.00129	0.00790	0.00352	0.07657	0.09779
2	0.05653	0.07823	0.03964	0.02684	0.01156	0.00783	0.03421	0.01116	0.01196	0.01663	0.14539	0.28407	0.03024	0.01262	0.00640	0.00205	0.00437	0.21035	0.00462	0.00530
3	0.01272	0.47188	0.01867	0.00754	0.01077	0.01462	0.00700	0.01480	0.01123	0.01599	0.01188	0.01362	0.00994	0.00538	0.00363	0.00121	0.00444	0.00383	0.35467	0.00619
4	0.51019	0.01003	0.00991	0.00821	0.01192	0.01050	0.00677	0.02034	0.01187	0.33304	0.01329	0.01283	0.00901	0.00575	0.00424	0.00169	0.00439	0.00399	0.00476	0.00729
5	0.01040	0.01271	0.14083	0.66822	0.03527	0.01220	0.01596	0.01447	0.01100	0.01447	0.00971	0.01404	0.00721	0.00541	0.00541	0.00180	0.00740	0.00471	0.00240	0.00638
6	0.01690	0.15485	0.11944	0.07992	0.01711	0.01253	0.01057	0.13921	0.01530	0.25474	0.09362	0.01701	0.01420	0.00722	0.02219	0.00176	0.00577	0.00515	0.00461	0.00789
7	0.00812	0.00586	0.00724	0.00731	0.00747	0.00627	0.00481	0.00860	0.00868	0.01176	0.01897	0.15986	0.02177	0.53165	0.05292	0.00451	0.07532	0.05140	0.00359	0.00388
8	0.01008	0.00589	0.00746	0.00722	0.00878	0.00531	0.00535	0.01191	0.01326	0.14155	0.27068	0.26341	0.15183	0.01230	0.00627	0.00185	0.00311	0.01077	0.05744	0.00552
