[name]
unknown

[dist]
# distance from previous block
# <min> <max>
0	388

[block]
# block no. 0 follows, 40 sequences, length 6
# corresponding to MSA columns:
# 454-459
name=unknown_A
#
# <colnr> <probs for GDERKNQSTAVLIFYWHMCP>
#	G	D	E	R	K	N	Q	S	T	A	V	L	I	F	Y	W	H	M	C	P
0	0.09866	0.01288	0.01723	0.04191	0.03834	0.01381	0.13856	0.18185	0.21665	0.02463	0.01747	0.04187	0.01448	0.00773	0.00602	0.00194	0.00612	0.07813	0.00478	0.03695
1	0.01458	0.26453	0.02117	0.41313	0.02820	0.05723	0.01311	0.01751	0.01247	0.09093	0.01083	0.01368	0.00832	0.00570	0.00512	0.00168	0.00712	0.00450	0.00305	0.00715
2	0.00928	0.00527	0.00715	0.00715	0.00765	0.00501	0.00489	0.00777	0.00903	0.01153	0.02256	0.02745	0.20078	0.01880	0.01868	0.61921	0.00451	0.00689	0.00326	0.00313
3	0.50056	0.01556	0.20213	0.01012	0.01490	0.01225	0.01030	0.01789	0.01152	0.08316	0.06443	0.01348	0.01076	0.00605	0.00451	0.00181	0.00545	0.00420	0.00380	0.00711
4	0.01333	0.59662	0.02420	0.00891	0.01312	0.01839	0.00854	0.01510	0.01218	0.01420	0.02106	0.02123	0.19881	0.00746	0.00453	0.00143	0.00538	0.00545	0.00323	0.00681
5	0.01627	0.21249	0.20413	0.01342	0.01885	0.01604	0.06572	0.20242	0.01641	0.08159	0.03623	0.01453	0.01071	0.00856	0.05581	0.00217	0.00751	0.00488	0.00391	0.00837

[dist]
# distance from previous block
# <min> <max>
3	31

[block]
# block no. 1 follows, 40 sequences, length 7
# corresponding to MSA columns:
# 491-497
name=unknown_B
#
# <colnr> <probs for GDERKNQSTAVLIFYWHMCP>
#	G	D	E	R	K	N	Q	S	T	A	V	L	I	F	Y	W	H	M	C	P
0	0.00784	0.00591	0.00748	0.00789	0.00910	0.00522	0.00552	0.00930	0.01206	0.01644	0.11663	0.54232	0.09628	0.01539	0.00691	0.00207	0.00338	0.01379	0.00526	0.11120
1	0.01206	0.01034	0.01206	0.00861	0.01378	0.00775	0.00689	0.01464	0.01206	0.01895	0.01034	0.01206	0.00861	0.00431	0.00431	0.00086	0.00431	0.00345	0.00345	0.83118
2	0.04509	0.01304	0.04364	0.01351	0.01876	0.01123	0.18478	0.11080	0.01490	0.10992	0.01257	0.01401	0.00939	0.00522	0.00532	0.00142	0.00613	0.00481	0.00405	0.37141
3	0.01373	0.01085	0.01484	0.34603	0.02568	0.01183	0.01170	0.02043	0.20341	0.09915	0.01516	0.01689	0.01123	0.00620	0.00555	0.00172	0.00595	0.00527	0.00412	0.17027
4	0.01279	0.01059	0.01429	0.01299	0.05763	0.01165	0.05368	0.03973	0.18480	0.06124	0.23302	0.02553	0.04324	0.00907	0.00871	0.00195	0.15493	0.00727	0.00497	0.05193
5	0.01156	0.02021	0.39354	0.11634	0.13384	0.01238	0.01715	0.01721	0.04990	0.01810	0.05543	0.01646	0.01178	0.01013	0.08873	0.00266	0.00844	0.00523	0.00301	0.00789
6	0.07346	0.01330	0.01444	0.01255	0.04336	0.01477	0.00967	0.34152	0.25603	0.02958	0.11210	0.01995	0.01793	0.00773	0.00583	0.00183	0.00524	0.00620	0.00566	0.00883

[dist]
# distance from previous block
# <min> <max>
0	2

[block]
# block no. 2 follows, 40 sequences, length 16
# corresponding to MSA columns:
# 500-515
name=unknown_C
#
# <colnr> <probs for GDERKNQSTAVLIFYWHMCP>
#	G	D	E	R	K	N	Q	S	T	A	V	L	I	F	Y	W	H	M	C	P
0	0.01621	0.48009	0.08905	0.01073	0.01553	0.07334	0.01040	0.01855	0.01289	0.10718	0.03022	0.04728	0.01096	0.00611	0.00454	0.00143	0.00627	0.00441	0.00338	0.05144
1	0.03592	0.01862	0.26370	0.01512	0.03971	0.01329	0.09400	0.18607	0.04270	0.16015	0.06114	0.01671	0.01278	0.00657	0.00586	0.00182	0.00691	0.00555	0.00456	0.00884
2	0.01836	0.06985	0.02088	0.02192	0.26055	0.37310	0.06614	0.02079	0.01477	0.04862	0.01035	0.01252	0.00845	0.00573	0.00575	0.00163	0.02516	0.00452	0.00309	0.00780
3	0.73542	0.10843	0.01125	0.00793	0.01170	0.01427	0.00675	0.01713	0.01013	0.02456	0.00810	0.00943	0.00644	0.00535	0.00362	0.00173	0.00471	0.00314	0.00346	0.00644
4	0.00812	0.00634	0.00807	0.08295	0.01136	0.00606	0.00608	0.01041	0.01447	0.01940	0.42677	0.04393	0.25113	0.06967	0.00843	0.00216	0.00351	0.01035	0.00552	0.00527
5	0.01199	0.01181	0.02119	0.22155	0.25766	0.01211	0.18194	0.01560	0.01316	0.01773	0.06928	0.02215	0.10419	0.00693	0.00624	0.00187	0.00702	0.00682	0.00338	0.00739
6	0.01208	0.01090	0.01439	0.01230	0.01540	0.01160	0.12234	0.02214	0.41118	0.02072	0.02912	0.12186	0.15082	0.00991	0.00642	0.00202	0.00497	0.00886	0.00529	0.00767
7	0.00960	0.01051	0.10282	0.06437	0.04726	0.00849	0.00897	0.01454	0.12008	0.01973	0.25808	0.03705	0.25448	0.01067	0.00644	0.00190	0.00433	0.00911	0.00511	0.00646
8	0.01145	0.00941	0.01050	0.00962	0.01204	0.01021	0.00739	0.02137	0.40484	0.02334	0.32023	0.03275	0.08283	0.00996	0.00636	0.00191	0.00374	0.00854	0.00608	0.00742
9	0.01762	0.02154	0.32445	0.01451	0.02071	0.01565	0.01516	0.38401	0.05386	0.05612	0.01330	0.01385	0.00938	0.00643	0.00570	0.00180	0.00716	0.00493	0.00449	0.00933
10	0.00929	0.00552	0.00802	0.00802	0.00837	0.00587	0.00561	0.00863	0.00828	0.01139	0.01296	0.02193	0.01296	0.12374	0.27625	0.45222	0.00867	0.00587	0.00285	0.00355
11	0.01569	0.01255	0.01851	0.11428	0.36282	0.01296	0.01376	0.16189	0.01619	0.09112	0.01851	0.02007	0.10189	0.00698	0.00592	0.00179	0.00624	0.00613	0.00415	0.00855
12	0.00914	0.00668	0.00939	0.06701	0.01191	0.00653	0.03190	0.01073	0.01198	0.03352	0.18063	0.19325	0.07078	0.13950	0.06472	0.06133	0.00525	0.03261	0.00459	0.04855
13	0.01756	0.29101	0.02191	0.01450	0.06854	0.28420	0.01135	0.05805	0.04704	0.01599	0.00955	0.01135	0.00821	0.00628	0.00666	0.00160	0.11175	0.00401	0.00303	0.00739
14	0.01530	0.22344	0.15056	0.01121	0.01673	0.01437	0.01099	0.10324	0.04621	0.07811	0.01175	0.01262	0.00909	0.00540	0.00474	0.00136	0.00588	0.00404	0.00370	0.27126
15	0.05724	0.07476	0.05486	0.01496	0.09008	0.15300	0.06194	0.02405	0.06966	0.31750	0.01604	0.01576	0.01123	0.00633	0.00553	0.00172	0.00674	0.00511	0.00485	0.00864

[dist]
# distance from previous block
# <min> <max>
0	2

[block]
# block no. 3 follows, 40 sequences, length 7
# corresponding to MSA columns:
# 518-524
name=unknown_D
#
# <colnr> <probs for GDERKNQSTAVLIFYWHMCP>
#	G	D	E	R	K	N	Q	S	T	A	V	L	I	F	Y	W	H	M	C	P
0	0.27386	0.01557	0.03542	0.10186	0.05471	0.14672	0.01113	0.10872	0.01348	0.02116	0.00937	0.01185	0.00756	0.00667	0.00758	0.00190	0.15773	0.00426	0.00339	0.00707
1	0.01616	0.08754	0.10198	0.01882	0.10695	0.08757	0.23995	0.07528	0.01477	0.08963	0.01200	0.01397	0.00905	0.00543	0.00570	0.00166	0.00777	0.00517	0.00353	0.09707
2	0.09137	0.01153	0.01847	0.06684	0.30042	0.01195	0.09072	0.01663	0.01302	0.07936	0.09900	0.08262	0.01680	0.00762	0.00698	0.00191	0.06645	0.00678	0.00388	0.00766
3	0.00996	0.00867	0.01379	0.09968	0.01663	0.00830	0.13302	0.01294	0.02948	0.01858	0.24427	0.08103	0.09867	0.04104	0.00802	0.03343	0.00511	0.03798	0.00457	0.09481
4	0.01355	0.01075	0.01685	0.05619	0.37165	0.01094	0.01271	0.01737	0.07222	0.09816	0.01740	0.15039	0.01604	0.01231	0.09435	0.00275	0.00694	0.00744	0.00404	0.00793
5	0.01237	0.00891	0.01118	0.01164	0.08814	0.00894	0.00794	0.04582	0.17343	0.10149	0.24213	0.10467	0.13813	0.01066	0.00645	0.00191	0.00404	0.00924	0.00576	0.00716
6	0.01251	0.01166	0.01809	0.01745	0.14482	0.01195	0.17215	0.02037	0.26066	0.02135	0.16895	0.02581	0.07203	0.00803	0.00636	0.00190	0.00567	0.00758	0.00479	0.00786

[dist]
# distance from previous block
# <min> <max>
1	47

[block]
# block no. 4 follows, 40 sequences, length 14
# corresponding to MSA columns:
# 572-585
name=unknown_E
#
# <colnr> <probs for GDERKNQSTAVLIFYWHMCP>
#	G	D	E	R	K	N	Q	S	T	A	V	L	I	F	Y	W	H	M	C	P
0	0.00913	0.00701	0.00810	0.00740	0.00936	0.00643	0.00554	0.06699	0.01509	0.02027	0.32525	0.07923	0.27183	0.06892	0.00826	0.00209	0.00346	0.01027	0.00554	0.06983
1	0.01309	0.01238	0.02079	0.13678	0.45026	0.01281	0.07464	0.01739	0.06998	0.01808	0.01350	0.05782	0.01194	0.05657	0.00748	0.00208	0.00682	0.00624	0.00325	0.00810
2	0.01021	0.00859	0.01288	0.01669	0.25465	0.00831	0.00955	0.01326	0.02998	0.02083	0.40096	0.09253	0.07766	0.01026	0.00652	0.00185	0.00421	0.00926	0.00510	0.00669
3	0.01193	0.01240	0.10878	0.01290	0.09979	0.06820	0.00979	0.01601	0.08012	0.05676	0.33285	0.02940	0.04781	0.04662	0.00799	0.03419	0.00509	0.00771	0.00490	0.00675
4	0.01397	0.01299	0.08339	0.01327	0.03362	0.01224	0.08452	0.07162	0.30012	0.07978	0.04282	0.08185	0.05904	0.01076	0.05401	0.00242	0.02309	0.00737	0.00502	0.00810
5	0.01188	0.01908	0.37655	0.07328	0.02079	0.01109	0.04589	0.03241	0.04106	0.06577	0.16665	0.02301	0.07227	0.00770	0.00601	0.00186	0.00656	0.00652	0.00399	0.00763
6	0.01198	0.01253	0.10169	0.11142	0.08056	0.01123	0.04545	0.06986	0.16603	0.02195	0.24491	0.02641	0.05444	0.00842	0.00621	0.00187	0.00540	0.00737	0.00482	0.00745
7	0.01303	0.03670	0.10552	0.09830	0.03617	0.02592	0.04542	0.04991	0.25812	0.03320	0.13078	0.03155	0.01936	0.00777	0.00636	0.00187	0.03443	0.00652	0.05131	0.00775
8	0.01191	0.01139	0.01922	0.54598	0.19391	0.01351	0.03391	0.01554	0.01183	0.01578	0.01031	0.01507	0.00809	0.00597	0.00679	0.00194	0.06392	0.00521	0.00265	0.00708
9	0.00950	0.01514	0.28666	0.01074	0.01498	0.00877	0.01143	0.01407	0.04987	0.01950	0.25258	0.04940	0.19286	0.01024	0.00637	0.00191	0.00512	0.02953	0.00465	0.00666
10	0.01937	0.01517	0.01555	0.01213	0.01642	0.10244	0.00984	0.34728	0.01985	0.10943	0.01307	0.01365	0.00965	0.00641	0.00619	0.00155	0.05448	0.00467	0.00484	0.21801
11	0.01290	0.01207	0.02007	0.06533	0.57886	0.01208	0.01529	0.01608	0.01336	0.01883	0.08404	0.05743	0.05435	0.00698	0.00600	0.00179	0.00618	0.00661	0.00345	0.00829
12	0.04273	0.01209	0.01576	0.38319	0.02730	0.05954	0.01254	0.13089	0.01550	0.19364	0.01399	0.01598	0.00983	0.00635	0.00566	0.00182	0.00678	0.00519	0.03344	0.00777
13	0.02521	0.00713	0.00904	0.00834	0.01035	0.00676	0.00648	0.01502	0.06877	0.13728	0.45017	0.07943	0.07721	0.01155	0.00670	0.00193	0.00349	0.06251	0.00626	0.00638

[dist]
# distance from previous block
# <min> <max>
2	5

[block]
# block no. 5 follows, 40 sequences, length 10
# corresponding to MSA columns:
# 591-600
name=unknown_F
#
# <colnr> <probs for GDERKNQSTAVLIFYWHMCP>
#	G	D	E	R	K	N	Q	S	T	A	V	L	I	F	Y	W	H	M	C	P
0	0.01303	0.01129	0.01867	0.60703	0.03591	0.01327	0.07722	0.07879	0.01345	0.05887	0.01148	0.01563	0.00840	0.00591	0.00591	0.00192	0.00765	0.00536	0.00315	0.00707
1	0.01383	0.01338	0.08413	0.14239	0.35318	0.01222	0.05192	0.04856	0.01352	0.07608	0.01482	0.12223	0.01328	0.00733	0.00604	0.00188	0.00667	0.00681	0.00361	0.00812
2	0.03535	0.01522	0.02053	0.21506	0.19379	0.11141	0.10780	0.13918	0.04551	0.02049	0.01151	0.01440	0.00892	0.00597	0.00620	0.00182	0.03019	0.00523	0.00345	0.00798
3	0.01110	0.00694	0.00901	0.04598	0.01076	0.04537	0.00679	0.01031	0.00972	0.04086	0.01502	0.05932	0.01523	0.01749	0.01720	0.53934	0.00544	0.12701	0.00334	0.00379
4	0.06389	0.01393	0.05364	0.08191	0.23810	0.08003	0.01256	0.07438	0.01525	0.19177	0.07744	0.01737	0.01382	0.00648	0.00565	0.00173	0.00631	0.00545	0.00442	0.03586
5	0.01293	0.01222	0.02067	0.27321	0.48326	0.01303	0.01655	0.01647	0.01292	0.01793	0.05583	0.01651	0.01151	0.00579	0.00584	0.00180	0.00693	0.00550	0.00300	0.00810
6	0.00846	0.00564	0.00634	0.00634	0.00634	0.00564	0.00352	0.00846	0.00846	0.01128	0.01832	0.03805	0.02114	0.79563	0.02960	0.00564	0.00564	0.00846	0.00352	0.00352
7	0.83671	0.01125	0.00855	0.00765	0.01125	0.01305	0.00630	0.01709	0.00990	0.02609	0.00810	0.00945	0.00630	0.00540	0.00360	0.00180	0.00450	0.00315	0.00360	0.00630
8	0.04237	0.17175	0.21606	0.01441	0.05429	0.07057	0.08672	0.01855	0.01320	0.12438	0.01612	0.08284	0.04994	0.00718	0.00552	0.00175	0.00691	0.00598	0.00370	0.00777
9	0.07532	0.01053	0.01353	0.01044	0.01490	0.00964	0.00862	0.08869	0.01715	0.65596	0.02126	0.01866	0.01351	0.00707	0.00571	0.00179	0.00505	0.00563	0.00686	0.00968

[dist]
# distance from previous block
# <min> <max>
4	14

[block]
# block no. 6 follows, 40 sequences, length 17
# corresponding to MSA columns:
# 615-631
name=unknown_G
#
# <colnr> <probs for GDERKNQSTAVLIFYWHMCP>
#	G	D	E	R	K	N	Q	S	T	A	V	L	I	F	Y	W	H	M	C	P
0	0.01367	0.01165	0.01246	0.01126	0.01430	0.01331	0.00873	0.02835	0.65503	0.02420	0.11752	0.02448	0.02251	0.00840	0.00604	0.00195	0.00436	0.00708	0.00598	0.00873
1	0.00792	0.00651	0.00860	0.10659	0.01286	0.00670	0.00695	0.00990	0.01173	0.01506	0.05825	0.09539	0.34617	0.02305	0.25309	0.00436	0.00765	0.00969	0.00434	0.00520
2	0.01370	0.01043	0.01605	0.08204	0.03109	0.01062	0.14484	0.03398	0.16748	0.12372	0.18329	0.05732	0.02472	0.00893	0.00651	0.00197	0.00558	0.06500	0.00523	0.00751
3	0.02022	0.01629	0.11305	0.01346	0.01870	0.01458	0.05387	0.40821	0.02129	0.17235	0.01482	0.01482	0.01027	0.00649	0.00572	0.00171	0.00643	0.00518	0.00529	0.07725
4	0.01308	0.01575	0.11353	0.12729	0.11459	0.11422	0.06831	0.01624	0.01198	0.01603	0.01077	0.01474	0.00906	0.01215	0.12853	0.00301	0.12794	0.00501	0.00284	0.07493
5	0.01430	0.19366	0.39898	0.01592	0.02253	0.13160	0.10925	0.01896	0.01301	0.01678	0.00988	0.01180	0.00759	0.00540	0.00527	0.00168	0.00853	0.00429	0.00261	0.00797
6	0.01553	0.17896	0.24591	0.01356	0.01919	0.01531	0.06812	0.14915	0.06682	0.08265	0.05056	0.01664	0.03934	0.00658	0.00548	0.00172	0.00673	0.00530	0.00404	0.00840
7	0.00838	0.01101	0.16679	0.00867	0.01181	0.00693	0.00841	0.01143	0.01422	0.01907	0.30392	0.04217	0.34191	0.01175	0.00658	0.00189	0.00406	0.00995	0.00515	0.00590
8	0.03131	0.01011	0.01363	0.21948	0.05306	0.01117	0.01065	0.09293	0.11658	0.11455	0.01860	0.04778	0.03215	0.07832	0.06801	0.00286	0.00671	0.06037	0.00449	0.00723
9	0.00775	0.00591	0.00724	0.00781	0.00915	0.00540	0.00603	0.00961	0.01329	0.01709	0.15227	0.22637	0.30487	0.01543	0.00728	0.00221	0.00361	0.18808	0.00554	0.00506
10	0.01273	0.09822	0.49939	0.01536	0.02235	0.01467	0.05510	0.02097	0.16766	0.01923	0.01307	0.01416	0.00964	0.00594	0.00551	0.00182	0.00759	0.00480	0.00321	0.00858
11	0.01440	0.50356	0.02311	0.01034	0.01411	0.08541	0.00934	0.01728	0.06799	0.01497	0.01431	0.12172	0.01441	0.00792	0.00485	0.00158	0.00602	0.05828	0.00340	0.00700
12	0.01198	0.01450	0.17097	0.01029	0.01618	0.00897	0.00997	0.01544	0.01210	0.01884	0.01036	0.01210	0.00835	0.00456	0.00456	0.00107	0.00521	0.00362	0.00324	0.65768
13	0.01701	0.02059	0.07553	0.07347	0.05756	0.36375	0.01254	0.06231	0.03158	0.01705	0.06494	0.01450	0.01149	0.00718	0.00794	0.00180	0.14548	0.00486	0.00332	0.00708
14	0.02054	0.03792	0.21311	0.01216	0.01765	0.01130	0.01213	0.11560	0.01656	0.41598	0.01981	0.01852	0.04773	0.00703	0.00575	0.00180	0.00604	0.00559	0.00555	0.00924
15	0.07854	0.38638	0.17705	0.01102	0.01591	0.01685	0.01136	0.07070	0.01290	0.01761	0.01397	0.11227	0.03929	0.00733	0.00484	0.00162	0.00611	0.00558	0.00330	0.00734
16	0.08220	0.05726	0.06530	0.01750	0.07667	0.11919	0.22828	0.07429	0.05048	0.13628	0.02799	0.01520	0.01060	0.00595	0.00577	0.00178	0.00761	0.00545	0.00403	0.00819

[dist]
# distance from previous block
# <min> <max>
12	35

[block]
# block no. 7 follows, 40 sequences, length 12
# corresponding to MSA columns:
# 669-680
name=unknown_H
#
# <colnr> <probs for GDERKNQSTAVLIFYWHMCP>
#	G	D	E	R	K	N	Q	S	T	A	V	L	I	F	Y	W	H	M	C	P
0	0.01004	0.00868	0.01377	0.11620	0.26466	0.00882	0.01095	0.01224	0.01190	0.01624	0.02219	0.43156	0.02471	0.01226	0.00666	0.00209	0.00512	0.01127	0.00419	0.00645
1	0.01234	0.01234	0.02273	0.02419	0.31471	0.01182	0.25634	0.01592	0.01382	0.01897	0.11308	0.02429	0.11833	0.00726	0.00642	0.00185	0.00680	0.00741	0.00370	0.00768
2	0.01218	0.01058	0.01691	0.11159	0.01951	0.05152	0.23298	0.01565	0.01296	0.01898	0.01641	0.02329	0.01377	0.00706	0.00566	0.00177	0.00626	0.08495	0.33159	0.00637
3	0.01163	0.01093	0.04039	0.21620	0.02264	0.00991	0.11090	0.01445	0.01176	0.01674	0.01163	0.01705	0.00990	0.00724	0.00735	0.09340	0.00626	0.04397	0.00312	0.33455
4	0.01039	0.00918	0.01507	0.37103	0.12772	0.01079	0.01285	0.01349	0.01094	0.01489	0.01251	0.01827	0.01066	0.02077	0.31106	0.00486	0.01075	0.00559	0.00284	0.00634
5	0.01461	0.01546	0.02179	0.02619	0.39607	0.15129	0.13743	0.01761	0.01362	0.01749	0.01364	0.12142	0.01288	0.00709	0.00608	0.00181	0.00757	0.00677	0.00326	0.00791
6	0.01551	0.32247	0.01799	0.00943	0.01272	0.01302	0.00805	0.01719	0.01287	0.21354	0.02009	0.27491	0.01972	0.01001	0.00553	0.00177	0.00493	0.00835	0.00472	0.00719
7	0.01640	0.01519	0.12128	0.01495	0.01967	0.01327	0.15571	0.16375	0.16433	0.12614	0.01838	0.02303	0.01455	0.00774	0.00629	0.00197	0.00668	0.09713	0.00494	0.00859
8	0.01309	0.01109	0.01796	0.39170	0.07122	0.01148	0.09325	0.01658	0.01250	0.08269	0.01164	0.01497	0.00876	0.00542	0.00555	0.00164	0.00681	0.00498	0.00327	0.21539
9	0.01430	0.01260	0.02136	0.02670	0.45576	0.01206	0.10687	0.01764	0.01357	0.07552	0.04103	0.01907	0.03879	0.00618	0.00592	0.00172	0.00653	0.03088	0.00357	0.08994
10	0.01316	0.08763	0.07774	0.01054	0.01387	0.04015	0.00936	0.01624	0.03624	0.11930	0.01662	0.02360	0.01461	0.01976	0.26315	0.00426	0.00912	0.09644	0.00398	0.12419
11	0.32244	0.18408	0.16598	0.01062	0.01524	0.04058	0.01059	0.01791	0.04410	0.04455	0.01207	0.05567	0.01051	0.00669	0.00465	0.00176	0.00589	0.03604	0.00350	0.00714

[dist]
# distance from previous block
# <min> <max>
10	36

[block]
# block no. 8 follows, 40 sequences, length 18
# corresponding to MSA columns:
# 727-744
name=unknown_I
#
# <colnr> <probs for GDERKNQSTAVLIFYWHMCP>
#	G	D	E	R	K	N	Q	S	T	A	V	L	I	F	Y	W	H	M	C	P
0	0.34557	0.01124	0.01198	0.00976	0.01364	0.01184	0.00802	0.07765	0.05079	0.29405	0.01483	0.01450	0.01030	0.00651	0.00561	0.00179	0.04844	0.00459	0.00513	0.05374
1	0.16815	0.06180	0.13760	0.01040	0.01447	0.01115	0.02621	0.03291	0.05915	0.18091	0.01521	0.01943	0.01246	0.17525	0.01029	0.00256	0.00579	0.00542	0.00428	0.04657
2	0.37050	0.01422	0.14599	0.01042	0.01486	0.01199	0.00996	0.05669	0.05980	0.14901	0.05090	0.01752	0.01270	0.00688	0.00499	0.00187	0.00537	0.04423	0.00450	0.00759
3	0.30895	0.01247	0.01371	0.05553	0.10309	0.01325	0.00953	0.20631	0.01539	0.02580	0.01125	0.03681	0.00909	0.00603	0.00480	0.00164	0.00539	0.00452	0.00407	0.15236
4	0.43644	0.01309	0.01224	0.01069	0.03625	0.05294	0.00838	0.16964	0.05589	0.13547	0.01248	0.01278	0.00901	0.00615	0.00467	0.00178	0.00535	0.00426	0.00466	0.00784
5	0.01493	0.01301	0.02010	0.05842	0.49156	0.01291	0.01474	0.05867	0.06389	0.05730	0.01246	0.01484	0.00994	0.00546	0.00557	0.00163	0.00628	0.00506	0.00353	0.12970
6	0.00870	0.00683	0.01053	0.12260	0.01473	0.00810	0.00857	0.01104	0.00968	0.01370	0.01481	0.02177	0.01354	0.03807	0.66015	0.00826	0.01443	0.00607	0.00304	0.00538
7	0.00861	0.00663	0.00916	0.12098	0.01344	0.00661	0.00723	0.01143	0.01534	0.02118	0.55322	0.04161	0.09442	0.01146	0.00678	0.00191	0.00366	0.05504	0.00571	0.00558
8	0.01237	0.01057	0.01207	0.00923	0.01381	0.00905	0.00731	0.01788	0.16723	0.02030	0.05036	0.01565	0.01284	0.00544	0.00477	0.00114	0.00429	0.00446	0.00411	0.61712
9	0.01166	0.00980	0.01166	0.00892	0.01353	0.00760	0.00725	0.01426	0.01225	0.01872	0.01334	0.01991	0.01226	0.00603	0.00485	0.00113	0.00446	0.10855	0.00373	0.71008
10	0.25101	0.01424	0.01456	0.01147	0.01581	0.01570	0.00947	0.46678	0.02139	0.10559	0.01320	0.01327	0.00933	0.00656	0.00520	0.00177	0.00572	0.00471	0.00533	0.00888
11	0.01207	0.01195	0.12526	0.01368	0.01714	0.00905	0.16307	0.01528	0.01306	0.11086	0.02318	0.24937	0.02349	0.01167	0.00697	0.00220	0.00615	0.17413	0.00467	0.00674
12	0.01098	0.01034	0.01744	0.78165	0.04005	0.01292	0.01615	0.01486	0.01163	0.01486	0.01034	0.01550	0.00775	0.00581	0.00581	0.00194	0.00775	0.00517	0.00258	0.00646
13	0.50988	0.01032	0.00947	0.03337	0.01209	0.02708	0.00665	0.01743	0.01092	0.14457	0.01221	0.01584	0.01001	0.12209	0.00852	0.02958	0.00499	0.00451	0.00410	0.00638
14	0.27658	0.03735	0.01728	0.19303	0.04234	0.01268	0.13628	0.01930	0.01258	0.18116	0.01255	0.01431	0.00894	0.00578	0.00523	0.00184	0.00640	0.00490	0.00397	0.00750
15	0.26754	0.01045	0.04158	0.00926	0.01272	0.00987	0.00776	0.06968	0.01412	0.21134	0.09787	0.10600	0.03429	0.00866	0.00546	0.00186	0.00460	0.03516	0.00523	0.04658
16	0.49257	0.02658	0.01193	0.00952	0.01339	0.01235	0.04210	0.08160	0.01342	0.17697	0.05945	0.01441	0.01150	0.00628	0.00462	0.00179	0.00493	0.00453	0.00465	0.00739
17	0.30124	0.02529	0.03712	0.01079	0.01503	0.06019	0.04335	0.07801	0.02982	0.27605	0.01483	0.01538	0.01052	0.00640	0.00503	0.00177	0.00560	0.02058	0.00496	0.03806

[dist]
# distance from previous block
# <min> <max>
2	22

[block]
# block no. 9 follows, 40 sequences, length 92
# corresponding to MSA columns:
# 768-799,801-814,817-862
name=unknown_J
#
# <colnr> <probs for GDERKNQSTAVLIFYWHMCP>
#	G	D	E	R	K	N	Q	S	T	A	V	L	I	F	Y	W	H	M	C	P
0	0.26748	0.05377	0.01315	0.13078	0.05783	0.01157	0.00949	0.04456	0.01260	0.08955	0.03099	0.02203	0.01344	0.02831	0.00586	0.00193	0.00545	0.11230	0.00407	0.08482
1	0.21304	0.02763	0.04314	0.07344	0.07863	0.01200	0.08141	0.06164	0.03582	0.17674	0.03044	0.01601	0.01109	0.00615	0.00525	0.00173	0.00582	0.01936	0.00436	0.09630
2	0.09236	0.19103	0.05620	0.02932	0.10929	0.01452	0.10469	0.08414	0.01347	0.04243	0.01163	0.01551	0.00992	0.06750	0.00695	0.00187	0.00640	0.01846	0.00343	0.12088
3	0.01344	0.04438	0.10216	0.14212	0.02032	0.14111	0.05632	0.07305	0.04580	0.01767	0.05736	0.02096	0.01430	0.06083	0.12513	0.00321	0.00879	0.04273	0.00356	0.00678
4	0.01503	0.26611	0.11983	0.16092	0.02151	0.01612	0.02723	0.12422	0.03135	0.05979	0.05373	0.01466	0.01126	0.00605	0.00512	0.00161	0.00653	0.00472	0.00361	0.05061
5	0.01360	0.42784	0.10870	0.17201	0.02103	0.01803	0.01225	0.01784	0.08441	0.01558	0.01160	0.05280	0.01014	0.00619	0.00478	0.00159	0.00650	0.00471	0.00299	0.00741
6	0.01338	0.36107	0.06267	0.32537	0.10025	0.01751	0.01385	0.01647	0.01191	0.01494	0.00940	0.01249	0.00775	0.00536	0.00487	0.00160	0.00703	0.00421	0.00256	0.00729
7	0.01529	0.69633	0.05707	0.01263	0.08572	0.02179	0.01112	0.01749	0.01197	0.01436	0.00844	0.00992	0.00762	0.00502	0.00399	0.00131	0.00637	0.00335	0.00252	0.00767
8	0.01618	0.01326	0.01741	0.05368	0.01837	0.05863	0.14049	0.27480	0.01762	0.06412	0.01618	0.11493	0.01467	0.11241	0.00981	0.00240	0.03563	0.00730	0.00456	0.00753
9	0.02287	0.01502	0.01426	0.01159	0.01569	0.21296	0.00922	0.04740	0.05451	0.43254	0.01779	0.01650	0.01204	0.00663	0.00554	0.00164	0.00639	0.00508	0.00561	0.08671
10	0.01494	0.01280	0.01396	0.01317	0.05395	0.01465	0.00977	0.07444	0.66566	0.02482	0.02240	0.02083	0.01682	0.00769	0.00590	0.00195	0.00483	0.00642	0.00575	0.00925
11	0.00701	0.00534	0.00646	0.00735	0.00824	0.00479	0.00507	0.00818	0.01185	0.01514	0.04111	0.54361	0.28084	0.01704	0.00724	0.00223	0.00323	0.01510	0.00540	0.00479
12	0.01098	0.01034	0.01744	0.78165	0.04005	0.01292	0.01615	0.01486	0.01163	0.01486	0.01034	0.01550	0.00775	0.00581	0.00581	0.00194	0.00775	0.00517	0.00258	0.00646
13	0.00845	0.00590	0.00757	0.00716	0.00853	0.00548	0.00537	0.01119	0.01610	0.02318	0.69418	0.04161	0.05150	0.01146	0.00662	0.00179	0.00274	0.01009	0.07560	0.00548
14	0.01446	0.01249	0.01315	0.01183	0.01512	0.01446	0.00920	0.03090	0.74885	0.02433	0.02367	0.02170	0.01775	0.00789	0.00592	0.00197	0.00460	0.00657	0.00592	0.00920
15	0.02172	0.02772	0.01648	0.01498	0.01798	0.77228	0.01124	0.02322	0.01648	0.01423	0.00899	0.01049	0.00749	0.00599	0.00524	0.00150	0.01049	0.00375	0.00300	0.00674
16	0.00736	0.00587	0.00660	0.00650	0.00818	0.00510	0.00484	0.00926	0.01429	0.01836	0.30426	0.08723	0.47381	0.01389	0.00689	0.00194	0.00289	0.01186	0.00575	0.00510
17	0.02211	0.01629	0.01745	0.01338	0.01803	0.01803	0.01105	0.73997	0.02734	0.03665	0.01396	0.01396	0.00989	0.00698	0.00582	0.00175	0.00640	0.00524	0.00582	0.00989
18	0.01198	0.02022	0.38542	0.01271	0.01949	0.01093	0.01423	0.01730	0.04791	0.01895	0.01103	0.01263	0.00844	0.00508	0.00499	0.00140	0.00645	0.00402	0.00307	0.38374
19	0.01527	0.49146	0.23006	0.01232	0.01812	0.07756	0.01326	0.05318	0.01305	0.01613	0.00908	0.01045	0.00756	0.00530	0.00444	0.00145	0.00721	0.00359	0.00268	0.00784
20	0.01479	0.01242	0.01316	0.01179	0.01511	0.01430	0.00919	0.03083	0.72859	0.04477	0.02365	0.02164	0.01766	0.00787	0.00592	0.00197	0.00461	0.00655	0.00595	0.00922
21	0.03240	0.01123	0.01480	0.34516	0.02563	0.01317	0.01199	0.04252	0.31919	0.07086	0.01707	0.01839	0.01262	0.00683	0.00575	0.00192	0.00598	0.00576	0.03083	0.00789
22	0.01203	0.10283	0.69597	0.01595	0.02420	0.01440	0.02039	0.01832	0.01223	0.01797	0.01021	0.01200	0.00738	0.00547	0.00536	0.00179	0.00837	0.00418	0.00246	0.00849
23	0.06145	0.42896	0.03872	0.01167	0.05617	0.01730	0.01008	0.05570	0.01398	0.23606	0.01294	0.01297	0.00965	0.00577	0.00460	0.00150	0.00585	0.00416	0.00411	0.00836
24	0.01555	0.79913	0.03047	0.00995	0.01493	0.02301	0.00995	0.01741	0.01182	0.01368	0.00808	0.00933	0.00746	0.00498	0.00373	0.00124	0.00622	0.00311	0.00249	0.00746
25	0.00707	0.00510	0.00671	0.00799	0.00841	0.00473	0.00535	0.00811	0.01124	0.01489	0.03335	0.75614	0.07332	0.01805	0.00740	0.00234	0.00335	0.01633	0.00540	0.00473
26	0.01395	0.01438	0.02754	0.06998	0.43227	0.01412	0.30408	0.01800	0.01335	0.01864	0.01124	0.01496	0.00898	0.00510	0.00620	0.00183	0.00810	0.00585	0.00289	0.00852
27	0.01396	0.25047	0.38226	0.01340	0.01959	0.08711	0.01519	0.01825	0.01309	0.04472	0.07975	0.01444	0.01210	0.00607	0.00511	0.00163	0.00740	0.00454	0.00306	0.00785
28	0.00709	0.00506	0.00675	0.00810	0.00843	0.00472	0.00540	0.00810	0.01113	0.01484	0.03205	0.79184	0.03846	0.01822	0.00742	0.00236	0.00337	0.01653	0.00540	0.00472
29	0.00846	0.00564	0.00634	0.00634	0.00634	0.00564	0.00352	0.00846	0.00846	0.01128	0.01832	0.03805	0.02114	0.79563	0.02960	0.00564	0.00564	0.00846	0.00352	0.00352
30	0.13562	0.01146	0.01655	0.34961	0.08597	0.01284	0.05008	0.08094	0.04103	0.12563	0.01290	0.01536	0.00935	0.00605	0.00551	0.00186	0.00658	0.00512	0.01994	0.00759
31	0.01618	0.05350	0.01409	0.14055	0.01820	0.01012	0.00921	0.03286	0.06802	0.24194	0.10263	0.01923	0.01626	0.00667	0.00544	0.00156	0.00506	0.00553	0.00494	0.22803
32	0.00843	0.00574	0.00688	0.00688	0.00707	0.00593	0.00419	0.00880	0.00862	0.01167	0.01783	0.03533	0.01996	0.66102	0.16259	0.00630	0.00742	0.00806	0.00345	0.00382
33	0.83671	0.01125	0.00855	0.00765	0.01125	0.01305	0.00630	0.01709	0.00990	0.02609	0.00810	0.00945	0.00630	0.00540	0.00360	0.00180	0.00450	0.00315	0.00360	0.00630
34	0.01125	0.00992	0.01391	0.33188	0.02429	0.00970	0.01063	0.01439	0.01229	0.01765	0.08090	0.01647	0.01263	0.00565	0.00518	0.00140	0.00560	0.00483	0.00336	0.40806
35	0.00737	0.00570	0.00672	0.00692	0.00827	0.00505	0.00502	0.00914	0.01376	0.01797	0.27969	0.23970	0.34441	0.01469	0.00701	0.00202	0.00299	0.01279	0.00573	0.00505
36	0.01988	0.01665	0.13685	0.01354	0.01811	0.01530	0.01245	0.36965	0.02000	0.18158	0.01434	0.01472	0.01009	0.00726	0.00772	0.00189	0.12053	0.00519	0.00508	0.00917
37	0.01098	0.01034	0.01744	0.78165	0.04005	0.01292	0.01615	0.01486	0.01163	0.01486	0.01034	0.01550	0.00775	0.00581	0.00581	0.00194	0.00775	0.00517	0.00258	0.00646
38	0.00805	0.00594	0.00753	0.00713	0.00858	0.00541	0.00535	0.01063	0.01604	0.02233	0.66529	0.04507	0.14649	0.01226	0.00686	0.00185	0.00277	0.01075	0.00627	0.00541
39	0.00832	0.00617	0.00906	0.00906	0.01000	0.00711	0.00691	0.01020	0.00926	0.01329	0.01584	0.02428	0.01516	0.11475	0.70230	0.00900	0.01464	0.00644	0.00315	0.00503
40	0.00709	0.00506	0.00675	0.00810	0.00843	0.00472	0.00540	0.00810	0.01113	0.01484	0.03205	0.79184	0.03846	0.01822	0.00742	0.00236	0.00337	0.01653	0.00540	0.00472
41	0.02609	0.00990	0.01350	0.01035	0.01484	0.00855	0.00855	0.02834	0.01664	0.76338	0.02294	0.01979	0.01439	0.00720	0.00585	0.00180	0.00495	0.00585	0.00720	0.00990
42	0.01589	0.01481	0.02437	0.03609	0.74181	0.01459	0.01825	0.01884	0.01418	0.02038	0.01249	0.01651	0.01068	0.00624	0.00642	0.00201	0.00739	0.00568	0.00342	0.00995
43	0.01555	0.79913	0.03047	0.00995	0.01493	0.02301	0.00995	0.01741	0.01182	0.01368	0.00808	0.00933	0.00746	0.00498	0.00373	0.00124	0.00622	0.00311	0.00249	0.00746
44	0.01188	0.01120	0.01869	0.55699	0.21662	0.01287	0.01609	0.01559	0.01205	0.01609	0.01048	0.01505	0.00816	0.00558	0.00572	0.00183	0.00736	0.00508	0.00270	0.04996
45	0.01175	0.02959	0.74327	0.01715	0.04717	0.01351	0.02138	0.01840	0.01231	0.01843	0.01045	0.01234	0.00742	0.00551	0.00553	0.00184	0.00854	0.00432	0.00247	0.00861
46	0.01413	0.01229	0.01356	0.08466	0.01748	0.01432	0.00986	0.02938	0.67911	0.02343	0.02241	0.02111	0.01681	0.00769	0.00591	0.00197	0.00490	0.00644	0.00560	0.00894
47	0.00995	0.00808	0.00847	0.00893	0.00974	0.07849	0.00658	0.01117	0.01126	0.01412	0.02314	0.10236	0.02576	0.37077	0.01756	0.00389	0.00582	0.27502	0.00430	0.00460
48	0.01252	0.01475	0.08976	0.01899	0.02401	0.01284	0.45208	0.01851	0.10538	0.01950	0.08735	0.02230	0.07996	0.00685	0.00663	0.00194	0.00778	0.00743	0.00381	0.00760
49	0.02211	0.01629	0.01745	0.01338	0.01803	0.01803	0.01105	0.73997	0.02734	0.03665	0.01396	0.01396	0.00989	0.00698	0.00582	0.00175	0.00640	0.00524	0.00582	0.00989
50	0.01098	0.01034	0.01744	0.78165	0.04005	0.01292	0.01615	0.01486	0.01163	0.01486	0.01034	0.01550	0.00775	0.00581	0.00581	0.00194	0.00775	0.00517	0.00258	0.00646
51	0.83671	0.01125	0.00855	0.00765	0.01125	0.01305	0.00630	0.01709	0.00990	0.02609	0.00810	0.00945	0.00630	0.00540	0.00360	0.00180	0.00450	0.00315	0.00360	0.00630
52	0.00846	0.00564	0.00634	0.00634	0.00634	0.00564	0.00352	0.00846	0.00846	0.01128	0.01832	0.03805	0.02114	0.79563	0.02960	0.00564	0.00564	0.00846	0.00352	0.00352
53	0.02609	0.00990	0.01350	0.01035	0.01484	0.00855	0.00855	0.02834	0.01664	0.76338	0.02294	0.01979	0.01439	0.00720	0.00585	0.00180	0.00495	0.00585	0.00720	0.00990
54	0.00846	0.00564	0.00634	0.00634	0.00634	0.00564	0.00352	0.00846	0.00846	0.01128	0.01832	0.03805	0.02114	0.79563	0.02960	0.00564	0.00564	0.00846	0.00352	0.00352
55	0.00808	0.00594	0.00756	0.00715	0.00859	0.00542	0.00536	0.01067	0.01609	0.02245	0.67665	0.04487	0.13505	0.01221	0.00686	0.00184	0.00277	0.01072	0.00629	0.00542
56	0.02211	0.01629	0.01745	0.01338	0.01803	0.01803	0.01105	0.73997	0.02734	0.03665	0.01396	0.01396	0.00989	0.00698	0.00582	0.00175	0.00640	0.00524	0.00582	0.00989
57	0.00843	0.00573	0.00682	0.00682	0.00699	0.00590	0.00412	0.00876	0.00860	0.01163	0.01788	0.03563	0.02009	0.67558	0.14820	0.00623	0.00722	0.00810	0.00346	0.00379
58	0.00980	0.00680	0.00882	0.00853	0.01007	0.00667	0.00665	0.01293	0.05309	0.06622	0.43304	0.11446	0.08067	0.01270	0.00743	0.00204	0.03243	0.11579	0.00598	0.00586
59	0.01315	0.01217	0.01481	0.01459	0.08431	0.08879	0.01069	0.10099	0.01246	0.01701	0.01200	0.01683	0.01079	0.02221	0.31477	0.00497	0.23413	0.00544	0.00324	0.00663
60	0.01243	0.01238	0.05756	0.46657	0.19370	0.01357	0.01617	0.01602	0.01186	0.03909	0.01056	0.01491	0.00825	0.00620	0.00730	0.00195	0.09628	0.00514	0.00278	0.00727
61	0.03148	0.13535	0.48016	0.01492	0.02198	0.01424	0.06213	0.03329	0.01315	0.09823	0.03470	0.01381	0.00973	0.00581	0.00539	0.00176	0.00763	0.00464	0.00321	0.00841
62	0.01555	0.79913	0.03047	0.00995	0.01493	0.02301	0.00995	0.01741	0.01182	0.01368	0.00808	0.00933	0.00746	0.00498	0.00373	0.00124	0.00622	0.00311	0.00249	0.00746
63	0.02609	0.00990	0.01350	0.01035	0.01484	0.00855	0.00855	0.02834	0.01664	0.76338	0.02294	0.01979	0.01439	0.00720	0.00585	0.00180	0.00495	0.00585	0.00720	0.00990
64	0.01563	0.02183	0.40509	0.01699	0.02393	0.01283	0.18831	0.04159	0.01402	0.18275	0.01360	0.01479	0.00933	0.00579	0.00592	0.00186	0.00802	0.00527	0.00371	0.00874
65	0.01360	0.01393	0.03487	0.33391	0.39155	0.07887	0.01666	0.01712	0.01285	0.01691	0.01052	0.01446	0.00844	0.00551	0.00573	0.00179	0.00759	0.00503	0.00276	0.00788
66	0.02609	0.00990	0.01350	0.01035	0.01484	0.00855	0.00855	0.02834	0.01664	0.76338	0.02294	0.01979	0.01439	0.00720	0.00585	0.00180	0.00495	0.00585	0.00720	0.00990
67	0.00856	0.00611	0.00844	0.00978	0.01076	0.00599	0.00796	0.01064	0.01259	0.01649	0.03124	0.32398	0.03524	0.01683	0.00782	0.00257	0.00465	0.46986	0.00537	0.00513
68	0.04230	0.22953	0.16915	0.01442	0.04581	0.28113	0.02658	0.02020	0.01375	0.06127	0.00993	0.01140	0.00794	0.00580	0.00549	0.00159	0.03917	0.00396	0.00301	0.00758
69	0.05718	0.01320	0.02041	0.02752	0.51469	0.01320	0.01492	0.08807	0.01504	0.15924	0.01332	0.01511	0.01010	0.00574	0.00567	0.00175	0.00638	0.00521	0.00399	0.00926
70	0.00709	0.00506	0.00675	0.00810	0.00843	0.00472	0.00540	0.00810	0.01113	0.01484	0.03205	0.79184	0.03846	0.01822	0.00742	0.00236	0.00337	0.01653	0.00540	0.00472
71	0.01373	0.01569	0.03431	0.02451	0.03039	0.01471	0.73824	0.01863	0.01373	0.01863	0.01176	0.01569	0.00882	0.00490	0.00686	0.00196	0.00980	0.00686	0.00294	0.00784
72	0.83671	0.01125	0.00855	0.00765	0.01125	0.01305	0.00630	0.01709	0.00990	0.02609	0.00810	0.00945	0.00630	0.00540	0.00360	0.00180	0.00450	0.00315	0.00360	0.00630
73	0.00933	0.00762	0.01087	0.01029	0.01096	0.00944	0.00801	0.01095	0.00913	0.01332	0.01414	0.02254	0.01384	0.13397	0.50542	0.00732	0.18831	0.00626	0.00304	0.00524
74	0.83671	0.01125	0.00855	0.00765	0.01125	0.01305	0.00630	0.01709	0.00990	0.02609	0.00810	0.00945	0.00630	0.00540	0.00360	0.00180	0.00450	0.00315	0.00360	0.00630
75	0.00831	0.00623	0.00935	0.00935	0.01038	0.00727	0.00727	0.01038	0.00935	0.01350	0.01558	0.02285	0.01454	0.04361	0.77259	0.00935	0.01558	0.00623	0.00312	0.00519
76	0.01555	0.79913	0.03047	0.00995	0.01493	0.02301	0.00995	0.01741	0.01182	0.01368	0.00808	0.00933	0.00746	0.00498	0.00373	0.00124	0.00622	0.00311	0.00249	0.00746
77	0.01272	0.01272	0.01781	0.01527	0.01527	0.01781	0.01272	0.01399	0.00891	0.01399	0.00763	0.01272	0.00763	0.01018	0.01908	0.00254	0.78499	0.00509	0.00254	0.00636
78	0.00709	0.00506	0.00675	0.00810	0.00843	0.00472	0.00540	0.00810	0.01113	0.01484	0.03205	0.79184	0.03846	0.01822	0.00742	0.00236	0.00337	0.01653	0.00540	0.00472
79	0.00687	0.00589	0.00589	0.00589	0.00785	0.00491	0.00442	0.00835	0.01325	0.01571	0.05891	0.05596	0.75700	0.01473	0.00687	0.00196	0.00295	0.01227	0.00540	0.00491
80	0.00709	0.00506	0.00675	0.00810	0.00843	0.00472	0.00540	0.00810	0.01113	0.01484	0.03205	0.79184	0.03846	0.01822	0.00742	0.00236	0.00337	0.01653	0.00540	0.00472
81	0.01407	0.01349	0.02302	0.10626	0.69131	0.01373	0.01769	0.01756	0.01309	0.01861	0.01088	0.01450	0.00907	0.00524	0.00576	0.00175	0.00699	0.00518	0.00285	0.00895
82	0.00705	0.00521	0.00659	0.00770	0.00833	0.00476	0.00522	0.00814	0.01151	0.01500	0.03686	0.66012	0.16708	0.01759	0.00732	0.00229	0.00330	0.01577	0.00540	0.00476
83	0.01166	0.03008	0.76550	0.01657	0.02517	0.01351	0.02149	0.01842	0.01228	0.01842	0.01044	0.01228	0.00737	0.00552	0.00552	0.00184	0.00859	0.00430	0.00246	0.00859
84	0.00994	0.00511	0.00745	0.00745	0.00745	0.00511	0.00490	0.00766	0.00766	0.01022	0.01093	0.01972	0.01121	0.09808	0.02342	0.74794	0.00511	0.00539	0.00263	0.00263
85	0.02609	0.00990	0.01350	0.01035	0.01484	0.00855	0.00855	0.02834	0.01664	0.76338	0.02294	0.01979	0.01439	0.00720	0.00585	0.00180	0.00495	0.00585	0.00720	0.00990
86	0.01418	0.01420	0.02128	0.23289	0.49719	0.08532	0.01677	0.01756	0.01312	0.01744	0.01059	0.01432	0.00866	0.00543	0.00572	0.00176	0.00747	0.00504	0.00281	0.00824
87	0.01206	0.01034	0.01206	0.00861	0.01378	0.00775	0.00689	0.01464	0.01206	0.01895	0.01034	0.01206	0.00861	0.00431	0.00431	0.00086	0.00431	0.00345	0.00345	0.83118
88	0.02111	0.01716	0.01682	0.01313	0.01762	0.11142	0.01068	0.58168	0.02454	0.03217	0.01300	0.01335	0.00947	0.00660	0.00560	0.00163	0.00671	0.00488	0.00524	0.08719
89	0.11197	0.01681	0.01466	0.01268	0.01614	0.25464	0.04717	0.02527	0.27325	0.11818	0.03997	0.01686	0.01346	0.00688	0.00551	0.00177	0.00672	0.00533	0.00475	0.00799
90	0.10748	0.01275	0.02032	0.10653	0.40397	0.01271	0.08267	0.01698	0.01254	0.01932	0.01053	0.01368	0.00859	0.00510	0.00538	0.00164	0.00656	0.00482	0.00303	0.14542
91	0.03790	0.14461	0.01877	0.08934	0.20442	0.01366	0.01147	0.03323	0.11590	0.03424	0.01224	0.01398	0.00985	0.00543	0.00498	0.00147	0.00571	0.00450	0.00354	0.23477

[dist]
# distance from previous block
# <min> <max>
1	13

[block]
# block no. 10 follows, 40 sequences, length 20
# corresponding to MSA columns:
# 876-895
name=unknown_K
#
# <colnr> <probs for GDERKNQSTAVLIFYWHMCP>
#	G	D	E	R	K	N	Q	S	T	A	V	L	I	F	Y	W	H	M	C	P
0	0.32929	0.01330	0.01361	0.01150	0.03987	0.01459	0.00908	0.32114	0.04430	0.13061	0.01321	0.01334	0.00940	0.00639	0.00499	0.00178	0.00544	0.00458	0.00507	0.00849
1	0.01101	0.01083	0.11404	0.01157	0.01433	0.00841	0.06231	0.06597	0.01403	0.05863	0.09087	0.27149	0.02887	0.01297	0.00703	0.00222	0.00532	0.19870	0.00503	0.00637
2	0.39995	0.01229	0.01231	0.05497	0.01541	0.01367	0.00859	0.18799	0.08644	0.13665	0.01329	0.01356	0.00952	0.00630	0.00480	0.00181	0.00521	0.00448	0.00481	0.00795
3	0.11785	0.01278	0.01322	0.01148	0.01505	0.01456	0.00908	0.13151	0.52273	0.05701	0.02031	0.01898	0.01506	0.00742	0.00561	0.00191	0.00486	0.00593	0.00567	0.00897
4	0.22303	0.01505	0.13456	0.01220	0.01664	0.01363	0.05322	0.02452	0.35837	0.06511	0.01685	0.01661	0.01246	0.00666	0.00532	0.00190	0.00554	0.00532	0.00467	0.00833
5	0.00858	0.00596	0.00728	0.05033	0.00867	0.00622	0.00463	0.00902	0.00873	0.01171	0.01758	0.03518	0.01969	0.67184	0.10661	0.00582	0.00680	0.00804	0.00343	0.00386
6	0.01086	0.00975	0.01508	0.54230	0.03109	0.01167	0.01328	0.01600	0.09927	0.01760	0.15526	0.02160	0.01798	0.00723	0.00603	0.00192	0.00642	0.00636	0.00371	0.00660
7	0.02211	0.01629	0.01745	0.01338	0.01803	0.01803	0.01105	0.73997	0.02734	0.03665	0.01396	0.01396	0.00989	0.00698	0.00582	0.00175	0.00640	0.00524	0.00582	0.00989
8	0.83671	0.01125	0.00855	0.00765	0.01125	0.01305	0.00630	0.01709	0.00990	0.02609	0.00810	0.00945	0.00630	0.00540	0.00360	0.00180	0.00450	0.00315	0.00360	0.00630
9	0.00831	0.00623	0.00935	0.00935	0.01038	0.00727	0.00727	0.01038	0.00935	0.01350	0.01558	0.02285	0.01454	0.04361	0.77259	0.00935	0.01558	0.00623	0.00312	0.00519
10	0.83671	0.01125	0.00855	0.00765	0.01125	0.01305	0.00630	0.01709	0.00990	0.02609	0.00810	0.00945	0.00630	0.00540	0.00360	0.00180	0.00450	0.00315	0.00360	0.00630
11	0.01427	0.01411	0.02511	0.03226	0.57867	0.01402	0.15656	0.01870	0.05273	0.01921	0.01178	0.01503	0.00959	0.00527	0.00598	0.00179	0.00734	0.00558	0.00305	0.00895
12	0.02354	0.01031	0.01484	0.08553	0.08876	0.00947	0.01016	0.02606	0.01584	0.62125	0.02060	0.01887	0.01327	0.00687	0.00584	0.00181	0.00540	0.00572	0.00635	0.00951
13	0.00709	0.00506	0.00675	0.00810	0.00843	0.00472	0.00540	0.00810	0.01113	0.01484	0.03205	0.79184	0.03846	0.01822	0.00742	0.00236	0.00337	0.01653	0.00540	0.00472
14	0.02009	0.01008	0.01288	0.00961	0.01439	0.00821	0.00784	0.02248	0.01468	0.44499	0.01755	0.01649	0.01192	0.00596	0.00519	0.00140	0.00467	0.00482	0.00559	0.36116
15	0.01373	0.01569	0.03431	0.02451	0.03039	0.01471	0.73824	0.01863	0.01373	0.01863	0.01176	0.01569	0.00882	0.00490	0.00686	0.00196	0.00980	0.00686	0.00294	0.00784
16	0.01786	0.51085	0.02524	0.01183	0.01607	0.30302	0.01043	0.01958	0.01356	0.01389	0.00842	0.00976	0.00747	0.00536	0.00430	0.00134	0.00781	0.00335	0.00268	0.00719
17	0.01160	0.00972	0.01057	0.00981	0.01240	0.01058	0.00762	0.02193	0.43481	0.02208	0.16017	0.03468	0.16939	0.01039	0.00639	0.00199	0.00399	0.04850	0.00587	0.00749
18	0.01890	0.01259	0.01789	0.06265	0.31819	0.04415	0.01292	0.02346	0.10605	0.29742	0.01689	0.01721	0.01206	0.00634	0.00579	0.00179	0.00609	0.00554	0.00486	0.00921
19	0.01260	0.01842	0.32790	0.01371	0.05870	0.01044	0.01392	0.01696	0.01261	0.06280	0.01309	0.01779	0.01081	0.00614	0.00534	0.00155	0.00638	0.07164	0.00340	0.31581

[dist]
# distance from previous block
# <min> <max>
0	14

# created by:
# /home/berkeley/.conda/envs/busco_data_prod/bin/msa2prfl.pl pipeline/OGs_align_augustus/33634/166298.fs
