[name]
unknown

[dist]
# distance from previous block
# <min> <max>
18	91

[block]
# block no. 0 follows, 46 sequences, length 29
# corresponding to MSA columns:
# 115-143
name=unknown_A
#
# <colnr> <probs for GDERKNQSTAVLIFYWHMCP>
#	G	D	E	R	K	N	Q	S	T	A	V	L	I	F	Y	W	H	M	C	P
0	0.02548	0.29470	0.18237	0.01283	0.05268	0.01530	0.07515	0.11923	0.05903	0.03619	0.01281	0.03844	0.04233	0.00586	0.00472	0.00150	0.00609	0.00469	0.00323	0.00736
1	0.05446	0.28465	0.17203	0.01065	0.01523	0.02873	0.01061	0.15657	0.01371	0.05093	0.03109	0.06638	0.01052	0.00611	0.00470	0.00145	0.01655	0.00458	0.00339	0.05764
2	0.01362	0.22873	0.33898	0.01205	0.01768	0.01375	0.03304	0.08002	0.01269	0.10129	0.02380	0.04311	0.00951	0.00565	0.00472	0.00150	0.00629	0.00440	0.00319	0.04597
3	0.03859	0.22844	0.15861	0.01061	0.02884	0.01321	0.01018	0.15077	0.01445	0.08047	0.13939	0.03887	0.03540	0.00693	0.00494	0.00154	0.00527	0.02242	0.00396	0.00708
4	0.04014	0.29317	0.23784	0.01178	0.01686	0.04748	0.03572	0.06678	0.04727	0.11462	0.01080	0.01157	0.00815	0.00536	0.00490	0.00149	0.03147	0.00391	0.00320	0.00749
5	0.01349	0.15978	0.22256	0.03462	0.01685	0.01199	0.05028	0.07223	0.01276	0.11984	0.04735	0.01536	0.02640	0.03009	0.00546	0.00155	0.00580	0.01409	0.00349	0.13601
6	0.06771	0.07214	0.46524	0.01232	0.01795	0.01163	0.01427	0.03843	0.03318	0.06490	0.01163	0.01506	0.00930	0.07094	0.05454	0.00234	0.00716	0.02122	0.00293	0.00712
7	0.01320	0.16512	0.16858	0.12412	0.01898	0.03071	0.06694	0.01616	0.01153	0.13918	0.01459	0.07218	0.05252	0.00684	0.00615	0.00167	0.07588	0.00547	0.00334	0.00683
8	0.03524	0.09057	0.13905	0.09386	0.19165	0.10063	0.04366	0.04184	0.08093	0.08683	0.01183	0.02980	0.00927	0.00563	0.00519	0.00160	0.01702	0.00466	0.00326	0.00748
9	0.01084	0.08010	0.73613	0.01467	0.02226	0.01285	0.01883	0.01668	0.01113	0.01645	0.00934	0.01098	0.00670	0.00499	0.00491	0.00164	0.00767	0.00383	0.00223	0.00774
10	0.04692	0.01212	0.01235	0.01079	0.01399	0.03797	0.00847	0.11960	0.60019	0.02315	0.01905	0.01781	0.01428	0.00682	0.00522	0.00172	0.00455	0.00553	0.00513	0.03436
11	0.01691	0.00834	0.01042	0.00849	0.01169	0.02722	0.00676	0.01916	0.02765	0.43294	0.15003	0.07851	0.07131	0.00812	0.00547	0.00159	0.00400	0.00683	0.00571	0.09886
12	0.01325	0.19854	0.30882	0.01494	0.04209	0.01388	0.17229	0.01727	0.01176	0.09908	0.01100	0.01346	0.00845	0.00533	0.00531	0.00161	0.02617	0.02641	0.00289	0.00745
13	0.01342	0.05256	0.50727	0.01421	0.02064	0.01200	0.07674	0.01863	0.03557	0.15871	0.01191	0.01285	0.00829	0.00542	0.00547	0.00168	0.02916	0.00440	0.00317	0.00790
14	0.01393	0.01161	0.01876	0.06107	0.56044	0.01172	0.01418	0.01792	0.07590	0.10384	0.01299	0.01648	0.01056	0.00562	0.00536	0.00165	0.00587	0.04057	0.00339	0.00816
15	0.01051	0.00996	0.01667	0.65049	0.14118	0.01210	0.01474	0.01385	0.01065	0.01400	0.00934	0.01382	0.00723	0.00541	0.00592	0.00176	0.04906	0.00470	0.00239	0.00622
16	0.00819	0.00564	0.00718	0.00743	0.00849	0.00534	0.00537	0.04868	0.01270	0.04704	0.24658	0.43560	0.08939	0.01368	0.00645	0.00194	0.00313	0.03695	0.00525	0.00496
17	0.00998	0.00940	0.01586	0.80150	0.03641	0.01175	0.01468	0.01351	0.01057	0.01351	0.00940	0.01409	0.00705	0.00529	0.00529	0.00176	0.00705	0.00470	0.00235	0.00587
18	0.00684	0.00505	0.00680	0.04379	0.00928	0.00485	0.00566	0.00811	0.01066	0.01407	0.05794	0.61977	0.08349	0.01542	0.00668	0.00212	0.00338	0.08681	0.00482	0.00446
19	0.02372	0.00900	0.01227	0.00941	0.01350	0.00777	0.00777	0.02576	0.01513	0.78489	0.02086	0.01799	0.01309	0.00654	0.00532	0.00164	0.00450	0.00532	0.00654	0.00900
20	0.01170	0.01121	0.01927	0.37211	0.42967	0.01222	0.03762	0.01504	0.01140	0.01560	0.00972	0.01357	0.00778	0.00496	0.00529	0.00166	0.00670	0.00475	0.00250	0.00723
21	0.01280	0.06664	0.45034	0.01571	0.07167	0.01231	0.10635	0.03712	0.02901	0.09906	0.02597	0.01399	0.00922	0.00545	0.00521	0.00166	0.00707	0.01962	0.00304	0.00776
22	0.00750	0.00563	0.00824	0.00821	0.00921	0.00638	0.00636	0.00942	0.00923	0.01318	0.08702	0.02365	0.04545	0.03597	0.69015	0.00761	0.01264	0.00623	0.00319	0.00474
23	0.00651	0.00468	0.00618	0.00725	0.00767	0.00435	0.00489	0.00756	0.01054	0.01409	0.08497	0.73012	0.05953	0.01604	0.00669	0.00210	0.00301	0.01450	0.00497	0.00435
24	0.23042	0.17327	0.09655	0.04186	0.04725	0.03356	0.02504	0.06075	0.02486	0.16644	0.01154	0.01303	0.00874	0.00563	0.00465	0.00157	0.02038	0.02364	0.00368	0.00715
25	0.01194	0.01375	0.12717	0.10235	0.45432	0.01201	0.05143	0.01574	0.02845	0.01665	0.01168	0.01733	0.01014	0.00590	0.00582	0.00172	0.03068	0.07254	0.00280	0.00759
26	0.00767	0.00577	0.00773	0.00758	0.00901	0.00524	0.03980	0.00949	0.01243	0.03948	0.23077	0.24432	0.25694	0.01306	0.00646	0.00191	0.00330	0.08910	0.00509	0.00486
27	0.03780	0.08684	0.17682	0.10050	0.16752	0.01322	0.06087	0.03940	0.19301	0.05305	0.01286	0.01412	0.00972	0.00552	0.00508	0.00164	0.00613	0.00475	0.00341	0.00774
28	0.12468	0.08121	0.05530	0.06512	0.07609	0.01130	0.06695	0.07571	0.03708	0.25595	0.03672	0.05096	0.01226	0.00643	0.00506	0.00165	0.00534	0.02031	0.00438	0.00749

[dist]
# distance from previous block
# <min> <max>
5	49

[block]
# block no. 1 follows, 46 sequences, length 9
# corresponding to MSA columns:
# 193-201
name=unknown_B
#
# <colnr> <probs for GDERKNQSTAVLIFYWHMCP>
#	G	D	E	R	K	N	Q	S	T	A	V	L	I	F	Y	W	H	M	C	P
0	0.11605	0.10512	0.08099	0.01087	0.01431	0.05734	0.10688	0.02869	0.04722	0.03397	0.21357	0.01933	0.01913	0.02145	0.00597	0.00163	0.04015	0.00561	0.00378	0.06793
1	0.08406	0.18164	0.22927	0.01284	0.04991	0.05966	0.05216	0.06204	0.01244	0.10218	0.02315	0.03839	0.00987	0.00601	0.00521	0.00159	0.03356	0.02555	0.00327	0.00721
2	0.01375	0.44399	0.10792	0.01137	0.04224	0.01653	0.03387	0.01696	0.05990	0.07638	0.05540	0.01270	0.01054	0.00568	0.00534	0.00144	0.07183	0.00407	0.00304	0.00706
3	0.04902	0.07358	0.03318	0.35096	0.07436	0.03797	0.07407	0.04753	0.01172	0.06022	0.01061	0.03177	0.00844	0.00644	0.02762	0.00180	0.02279	0.00473	0.00294	0.07027
4	0.00745	0.00561	0.00699	0.00718	0.00842	0.00528	0.00546	0.00997	0.04666	0.01765	0.35150	0.18743	0.18490	0.01279	0.00646	0.00190	0.00307	0.12107	0.00531	0.00489
5	0.26826	0.01416	0.05068	0.01036	0.01420	0.11396	0.00874	0.23427	0.05077	0.16758	0.01229	0.01230	0.00872	0.00581	0.00461	0.00160	0.00556	0.00414	0.00444	0.00756
6	0.05343	0.03601	0.08250	0.09009	0.10341	0.07574	0.05805	0.09453	0.01421	0.26006	0.02798	0.03195	0.01134	0.00626	0.00526	0.00165	0.00602	0.02957	0.00427	0.00766
7	0.01219	0.05708	0.01790	0.32644	0.15530	0.01193	0.09345	0.03624	0.01170	0.07892	0.01323	0.06498	0.03731	0.00642	0.00611	0.00174	0.05360	0.00569	0.00311	0.00668
8	0.00666	0.00480	0.00635	0.00742	0.00793	0.00449	0.00517	0.00782	0.01066	0.01417	0.07357	0.66902	0.06956	0.01592	0.00674	0.00213	0.00317	0.07507	0.00496	0.00439

[dist]
# distance from previous block
# <min> <max>
0	1

[block]
# block no. 2 follows, 46 sequences, length 15
# corresponding to MSA columns:
# 203-217
name=unknown_C
#
# <colnr> <probs for GDERKNQSTAVLIFYWHMCP>
#	G	D	E	R	K	N	Q	S	T	A	V	L	I	F	Y	W	H	M	C	P
0	0.01304	0.03669	0.12362	0.08015	0.04362	0.01180	0.33303	0.01671	0.01219	0.12325	0.05117	0.05553	0.01185	0.00613	0.00648	0.00177	0.05648	0.00605	0.00336	0.00707
1	0.01236	0.01207	0.08050	0.24692	0.19307	0.01148	0.13378	0.01573	0.01182	0.09506	0.04407	0.01659	0.04425	0.00595	0.00619	0.00173	0.05285	0.00543	0.00314	0.00700
2	0.01298	0.26213	0.19606	0.06208	0.01796	0.09590	0.08391	0.01604	0.01188	0.05745	0.05643	0.08092	0.01220	0.00629	0.00487	0.00153	0.00649	0.00516	0.00302	0.00673
3	0.01348	0.00871	0.01361	0.46915	0.02603	0.00967	0.01140	0.01639	0.01229	0.23193	0.09152	0.04593	0.01409	0.00660	0.00544	0.00173	0.00572	0.00573	0.00398	0.00661
4	0.01037	0.03521	0.07053	0.01214	0.01485	0.00819	0.19803	0.01282	0.01147	0.08956	0.02146	0.38505	0.02270	0.01114	0.00630	0.00196	0.00526	0.07288	0.00422	0.00585
5	0.01322	0.01712	0.26609	0.11382	0.28753	0.02678	0.06196	0.05799	0.01261	0.07691	0.01074	0.01295	0.00803	0.00511	0.00523	0.00164	0.00692	0.00457	0.00292	0.00786
6	0.06398	0.00973	0.01393	0.14629	0.04308	0.00966	0.05682	0.08658	0.01419	0.40479	0.01713	0.08328	0.01267	0.00688	0.00537	0.00170	0.00525	0.00589	0.00502	0.00774
7	0.01341	0.05638	0.12567	0.03396	0.04138	0.01237	0.08788	0.19010	0.14289	0.03961	0.01667	0.06915	0.01464	0.00785	0.00567	0.00180	0.00583	0.12313	0.00422	0.00737
8	0.69220	0.01098	0.00946	0.00815	0.01141	0.04653	0.04091	0.04600	0.01042	0.02317	0.05321	0.01088	0.00861	0.00532	0.00373	0.00163	0.00453	0.00351	0.00345	0.00590
9	0.01499	0.05180	0.04485	0.12950	0.26500	0.01317	0.04453	0.10959	0.10134	0.06550	0.03535	0.05100	0.03321	0.00730	0.00599	0.00194	0.00629	0.00606	0.00421	0.00838
10	0.03072	0.00655	0.00891	0.00941	0.05165	0.00665	0.00650	0.01188	0.02175	0.13209	0.04231	0.34715	0.04730	0.07274	0.13570	0.00324	0.04586	0.00972	0.00444	0.00543
11	0.00859	0.00902	0.10595	0.05790	0.01205	0.00730	0.04171	0.01115	0.05168	0.01385	0.07766	0.06505	0.06430	0.35155	0.05979	0.00361	0.00577	0.04467	0.00357	0.00484
12	0.01209	0.01204	0.05479	0.32395	0.22792	0.01258	0.05997	0.05517	0.15367	0.01748	0.01205	0.01467	0.00924	0.00547	0.00534	0.00170	0.00640	0.00500	0.00315	0.00733
13	0.01262	0.07258	0.08838	0.06547	0.10468	0.06137	0.08021	0.01621	0.06473	0.07564	0.01353	0.07008	0.01181	0.05052	0.00624	0.00170	0.00578	0.02438	0.02537	0.14867
14	0.00764	0.00550	0.00690	0.00669	0.00804	0.00491	0.00491	0.00938	0.01290	0.03145	0.41028	0.18538	0.17187	0.01225	0.00688	0.04250	0.00286	0.01019	0.00517	0.05430

[dist]
# distance from previous block
# <min> <max>
9	50

[block]
# block no. 3 follows, 46 sequences, length 18
# corresponding to MSA columns:
# 268-285
name=unknown_D
#
# <colnr> <probs for GDERKNQSTAVLIFYWHMCP>
#	G	D	E	R	K	N	Q	S	T	A	V	L	I	F	Y	W	H	M	C	P
0	0.01581	0.01361	0.07918	0.09476	0.01758	0.02685	0.01054	0.39515	0.01787	0.04978	0.01194	0.01346	0.00895	0.00828	0.05784	0.00203	0.05496	0.00460	0.04065	0.07615
1	0.04005	0.01092	0.05793	0.04092	0.01397	0.01064	0.02154	0.17205	0.14739	0.08661	0.16964	0.02168	0.05746	0.00755	0.00587	0.00165	0.03939	0.00614	0.03914	0.04948
2	0.01140	0.01049	0.01608	0.18628	0.32307	0.01116	0.01241	0.01552	0.09539	0.01653	0.03300	0.08150	0.01215	0.00644	0.00598	0.00164	0.05252	0.00567	0.00318	0.09957
3	0.00892	0.00730	0.03882	0.00914	0.05489	0.00701	0.00637	0.01145	0.08233	0.02795	0.06199	0.14471	0.06479	0.24078	0.11005	0.03812	0.03201	0.00797	0.04047	0.00494
4	0.00739	0.00526	0.00688	0.00751	0.00818	0.00518	0.00533	0.00863	0.00995	0.01387	0.02410	0.49192	0.02749	0.08426	0.09499	0.00299	0.02253	0.06466	0.06775	0.04113
5	0.01283	0.01149	0.01816	0.21997	0.34808	0.01230	0.05050	0.09945	0.05976	0.02893	0.01126	0.01424	0.00891	0.00727	0.05231	0.00204	0.00681	0.00489	0.00310	0.02770
6	0.64965	0.01059	0.00934	0.04343	0.01233	0.01209	0.00677	0.08688	0.04421	0.06952	0.00938	0.01027	0.00699	0.00526	0.00377	0.00164	0.00441	0.00341	0.00371	0.00635
7	0.01207	0.01083	0.01505	0.01297	0.01334	0.01467	0.01081	0.01340	0.00885	0.05930	0.00924	0.01452	0.00869	0.00918	0.01549	0.00222	0.68041	0.03796	0.04513	0.00589
8	0.01212	0.13736	0.01824	0.30482	0.23966	0.04172	0.01282	0.01485	0.01120	0.04456	0.01098	0.06058	0.00954	0.00728	0.03949	0.00191	0.01834	0.00504	0.00276	0.00671
9	0.09003	0.00737	0.00858	0.00846	0.01006	0.00758	0.00634	0.13873	0.02905	0.05620	0.05150	0.46055	0.02653	0.01267	0.00609	0.00197	0.00383	0.06392	0.00494	0.00561
10	0.01451	0.01083	0.01218	0.00966	0.01363	0.01062	0.00772	0.13101	0.27649	0.10758	0.01536	0.01504	0.01147	0.00570	0.00478	0.00135	0.00436	0.00460	0.00461	0.33851
11	0.00947	0.00691	0.00862	0.00718	0.00972	0.00581	0.00555	0.01189	0.01365	0.05921	0.48546	0.02896	0.03410	0.00831	0.00542	0.00137	0.00307	0.00722	0.00497	0.28311
12	0.01349	0.01152	0.01215	0.01083	0.01388	0.01331	0.00845	0.06406	0.73516	0.02266	0.02109	0.01938	0.01579	0.00713	0.00537	0.00178	0.00426	0.00592	0.00537	0.00840
13	0.01429	0.00797	0.00870	0.00740	0.00978	0.00821	0.00587	0.18845	0.03583	0.13178	0.01682	0.01784	0.01250	0.00628	0.00434	0.00139	0.00358	0.00497	0.50745	0.00654
14	0.00779	0.00569	0.00713	0.00693	0.00824	0.00542	0.00522	0.01079	0.05907	0.01976	0.54683	0.10925	0.09555	0.01127	0.00617	0.00174	0.00277	0.04329	0.04203	0.00508
15	0.01576	0.05644	0.01067	0.00813	0.01098	0.00905	0.00659	0.09580	0.11750	0.25466	0.04304	0.01845	0.01409	0.00649	0.00465	0.00148	0.00385	0.00520	0.31000	0.00717
16	0.00872	0.00551	0.00703	0.00740	0.00845	0.00511	0.00522	0.01045	0.03957	0.10023	0.09847	0.52300	0.10854	0.03728	0.00702	0.00208	0.00324	0.01251	0.00514	0.00502
17	0.01560	0.01147	0.01421	0.01158	0.01471	0.01247	0.06711	0.30436	0.15391	0.09967	0.04997	0.09339	0.01544	0.00795	0.00638	0.00176	0.05820	0.02679	0.02738	0.00768

[dist]
# distance from previous block
# <min> <max>
2	17

[block]
# block no. 4 follows, 46 sequences, length 20
# corresponding to MSA columns:
# 303-322
name=unknown_E
#
# <colnr> <probs for GDERKNQSTAVLIFYWHMCP>
#	G	D	E	R	K	N	Q	S	T	A	V	L	I	F	Y	W	H	M	C	P
0	0.01182	0.00882	0.01084	0.04639	0.04393	0.00971	0.00776	0.03203	0.30975	0.08168	0.10725	0.08147	0.03092	0.05311	0.05239	0.05670	0.03729	0.00689	0.00465	0.00659
1	0.01675	0.00746	0.00966	0.00799	0.01098	0.00661	0.00643	0.01867	0.01362	0.46019	0.06533	0.02684	0.18820	0.01098	0.06973	0.00220	0.00464	0.00685	0.05971	0.00716
2	0.00915	0.00574	0.00744	0.00711	0.00809	0.00583	0.00504	0.01032	0.00973	0.09079	0.09297	0.02990	0.07342	0.33744	0.27848	0.00533	0.00766	0.00720	0.00379	0.00456
3	0.01725	0.01288	0.01385	0.01094	0.01460	0.01406	0.00892	0.58146	0.06749	0.02973	0.07982	0.01917	0.09080	0.00747	0.00547	0.00163	0.00513	0.00587	0.00530	0.00817
4	0.44636	0.00938	0.00930	0.00778	0.01111	0.00987	0.00637	0.04866	0.01204	0.27091	0.04382	0.01396	0.01066	0.00584	0.00417	0.00160	0.00410	0.00417	0.07305	0.00683
5	0.10081	0.01259	0.01381	0.01084	0.01482	0.01352	0.00890	0.43613	0.09663	0.21509	0.01507	0.01430	0.01040	0.00634	0.00511	0.00162	0.00516	0.00484	0.00541	0.00861
6	0.01308	0.01256	0.02146	0.03245	0.78123	0.01256	0.01622	0.01622	0.01204	0.01727	0.00994	0.01308	0.00837	0.00471	0.00523	0.00157	0.00628	0.00471	0.00262	0.00837
7	0.04913	0.63791	0.02473	0.00953	0.01395	0.01972	0.00909	0.15259	0.01325	0.01671	0.00833	0.00926	0.00714	0.00487	0.00373	0.00123	0.00562	0.00318	0.00286	0.00714
8	0.50445	0.01322	0.00990	0.00890	0.01155	0.18827	0.00708	0.01623	0.01047	0.01988	0.00847	0.01016	0.00684	0.00555	0.00494	0.00160	0.07871	0.00335	0.08470	0.00574
9	0.04876	0.01325	0.01514	0.01305	0.07704	0.01426	0.00989	0.49959	0.07913	0.15413	0.01430	0.01399	0.01005	0.00626	0.00522	0.00161	0.00545	0.00487	0.00522	0.00878
10	0.00950	0.00580	0.00725	0.00694	0.00858	0.00516	0.00521	0.01128	0.01313	0.13786	0.29096	0.20311	0.23773	0.01212	0.00622	0.00181	0.00302	0.02352	0.00548	0.00533
11	0.00782	0.00560	0.00704	0.00730	0.00802	0.00567	0.00519	0.00894	0.01033	0.03640	0.06349	0.37521	0.14633	0.13040	0.03076	0.00262	0.06897	0.02383	0.05155	0.00451
12	0.01134	0.01014	0.01594	0.21299	0.15040	0.01098	0.10379	0.07585	0.08935	0.01740	0.01607	0.13087	0.03336	0.00768	0.00597	0.00180	0.02663	0.03545	0.03739	0.00662
13	0.00984	0.00595	0.00825	0.00792	0.00836	0.00641	0.00565	0.06920	0.00887	0.01202	0.01168	0.09636	0.01191	0.01804	0.06943	0.58145	0.05667	0.00574	0.00284	0.00343
14	0.01591	0.50238	0.02257	0.01029	0.01437	0.12925	0.00928	0.16509	0.03352	0.01714	0.03038	0.01061	0.00866	0.00526	0.00409	0.00129	0.00611	0.00356	0.00311	0.00712
15	0.00813	0.00571	0.00699	0.00716	0.00846	0.00534	0.00526	0.01055	0.06140	0.05972	0.20381	0.32743	0.21211	0.01325	0.00637	0.00191	0.00308	0.04305	0.00524	0.00505
16	0.08403	0.03581	0.27004	0.01326	0.05930	0.01159	0.05254	0.11310	0.05892	0.15077	0.02408	0.07861	0.01160	0.00653	0.00518	0.00169	0.00593	0.00542	0.00394	0.00767
17	0.01518	0.04699	0.10294	0.02733	0.02751	0.04802	0.08662	0.17404	0.29284	0.07677	0.01534	0.01530	0.01128	0.00610	0.00525	0.00165	0.00580	0.00511	0.00442	0.03151
18	0.30938	0.08665	0.11176	0.01310	0.03257	0.05740	0.18535	0.07749	0.01210	0.03941	0.00967	0.02561	0.00758	0.00518	0.00459	0.00162	0.00630	0.00428	0.00315	0.00680
19	0.15558	0.01166	0.03816	0.09598	0.18943	0.01161	0.11878	0.03647	0.10958	0.06312	0.04263	0.01455	0.01060	0.00542	0.00500	0.00161	0.00568	0.00486	0.00352	0.07575

[dist]
# distance from previous block
# <min> <max>
5	73

[block]
# block no. 5 follows, 46 sequences, length 36
# corresponding to MSA columns:
# 420-455
name=unknown_F
#
# <colnr> <probs for GDERKNQSTAVLIFYWHMCP>
#	G	D	E	R	K	N	Q	S	T	A	V	L	I	F	Y	W	H	M	C	P
0	0.03231	0.03231	0.02925	0.06622	0.16466	0.03241	0.00924	0.01546	0.09130	0.08531	0.08184	0.09283	0.07025	0.00992	0.06375	0.00210	0.00545	0.00645	0.00396	0.10499
1	0.01454	0.01267	0.04261	0.01666	0.18112	0.06465	0.12130	0.03294	0.13280	0.13297	0.01378	0.01560	0.01061	0.02683	0.00576	0.00161	0.00589	0.01546	0.00383	0.14836
2	0.06122	0.30355	0.03503	0.14555	0.06195	0.01466	0.00998	0.07850	0.05807	0.10941	0.01149	0.01271	0.00883	0.00536	0.00438	0.00145	0.00545	0.00407	0.06124	0.00710
3	0.01449	0.01220	0.01483	0.07475	0.05670	0.07134	0.01062	0.08237	0.13510	0.10696	0.01219	0.01412	0.00961	0.00742	0.01002	0.00190	0.32388	0.00487	0.02964	0.00700
4	0.06054	0.13633	0.17529	0.06877	0.10439	0.05461	0.05426	0.14724	0.01358	0.01881	0.02818	0.03042	0.00923	0.00611	0.00566	0.02972	0.02423	0.00453	0.02100	0.00712
5	0.29519	0.02827	0.01302	0.17092	0.15486	0.01151	0.00986	0.01711	0.09688	0.08658	0.01379	0.01512	0.05472	0.00585	0.00463	0.00166	0.00507	0.00463	0.00357	0.00677
6	0.06241	0.01787	0.35114	0.01311	0.01849	0.02212	0.11810	0.02824	0.09083	0.05521	0.01233	0.01373	0.00908	0.00534	0.00491	0.00159	0.00630	0.00454	0.10946	0.05520
7	0.00853	0.00567	0.00708	0.00660	0.00819	0.00508	0.00499	0.01068	0.01418	0.08355	0.52786	0.05982	0.21542	0.01119	0.00617	0.00170	0.00272	0.00971	0.00565	0.00519
8	0.00656	0.00468	0.00627	0.00749	0.00785	0.00439	0.00511	0.00756	0.01024	0.01363	0.02907	0.76867	0.03471	0.01645	0.00678	0.00216	0.00317	0.05597	0.00491	0.00433
9	0.02154	0.01059	0.01297	0.01010	0.01406	0.01037	0.00830	0.21994	0.07604	0.50518	0.01865	0.01678	0.01226	0.00653	0.00527	0.00162	0.00476	0.00521	0.03101	0.00883
10	0.00706	0.00523	0.00663	0.00701	0.00794	0.00488	0.00501	0.00908	0.03482	0.01686	0.32063	0.38777	0.12516	0.01366	0.00646	0.00191	0.00287	0.02703	0.00527	0.00471
11	0.11925	0.00971	0.01358	0.01135	0.05884	0.00891	0.05997	0.02340	0.01405	0.59814	0.01794	0.01635	0.01160	0.00610	0.00514	0.00164	0.00486	0.00506	0.00566	0.00845
12	0.05981	0.00626	0.00768	0.00727	0.00904	0.00592	0.00559	0.01317	0.02422	0.15670	0.26137	0.17111	0.07539	0.01051	0.00573	0.00175	0.00325	0.05954	0.11006	0.00563
13	0.01870	0.06048	0.01568	0.01174	0.01561	0.11702	0.00961	0.55911	0.04416	0.02805	0.01445	0.01448	0.05369	0.00656	0.00517	0.00155	0.00606	0.00488	0.00477	0.00821
14	0.07876	0.14900	0.01545	0.01023	0.01364	0.01433	0.00855	0.34432	0.05958	0.05155	0.01191	0.01357	0.00943	0.03294	0.06098	0.05134	0.03256	0.00446	0.00410	0.03329
15	0.01413	0.60155	0.02339	0.00946	0.01349	0.06399	0.00880	0.01813	0.14273	0.01441	0.01022	0.01090	0.00866	0.00510	0.00383	0.00126	0.00551	0.00348	0.03402	0.00695
16	0.74186	0.01097	0.00879	0.05275	0.01217	0.04577	0.00656	0.03878	0.00984	0.02297	0.00768	0.00907	0.00595	0.00500	0.00351	0.00163	0.00455	0.00305	0.00326	0.00585
17	0.01278	0.01285	0.01805	0.28818	0.32436	0.10161	0.04081	0.01728	0.10083	0.01605	0.01094	0.01384	0.00864	0.00527	0.00525	0.00165	0.00676	0.00476	0.00286	0.00722
18	0.05809	0.00819	0.05592	0.00992	0.05326	0.00808	0.00746	0.05333	0.00968	0.01431	0.01389	0.04468	0.01358	0.19315	0.40012	0.00580	0.03638	0.00596	0.00307	0.00512
19	0.00840	0.00525	0.00699	0.00736	0.00830	0.00482	0.00521	0.00987	0.01195	0.09033	0.23667	0.51956	0.03699	0.01399	0.00647	0.00196	0.00305	0.01257	0.00532	0.00494
20	0.02043	0.00827	0.01121	0.00885	0.01236	0.00721	0.00721	0.02257	0.01510	0.63020	0.17431	0.02235	0.02054	0.00741	0.00550	0.00164	0.00409	0.00618	0.00640	0.00818
21	0.01549	0.01058	0.01171	0.00963	0.01266	0.01136	0.00772	0.33245	0.14151	0.09267	0.15398	0.02018	0.01858	0.00728	0.00524	0.00159	0.00434	0.00590	0.12959	0.00756
22	0.74602	0.01007	0.00834	0.00726	0.01064	0.01134	0.00599	0.01684	0.00978	0.12075	0.00908	0.00979	0.00666	0.00512	0.00353	0.00164	0.00414	0.00318	0.00369	0.00614
23	0.55151	0.00905	0.00846	0.08773	0.01253	0.01034	0.00668	0.03143	0.00996	0.02103	0.01197	0.10667	0.01120	0.00696	0.00418	0.00173	0.00426	0.04626	0.05249	0.00555
24	0.01101	0.01074	0.05865	0.41353	0.06664	0.01143	0.05754	0.07861	0.01234	0.01691	0.09025	0.01667	0.01224	0.00660	0.01647	0.00181	0.05524	0.00528	0.05175	0.00629
25	0.01432	0.64851	0.07798	0.00995	0.01446	0.08661	0.00983	0.01705	0.05456	0.01333	0.00838	0.00940	0.00731	0.00479	0.00374	0.00123	0.00605	0.00313	0.00248	0.00689
26	0.26635	0.01125	0.02398	0.09055	0.28214	0.01177	0.01099	0.08431	0.01235	0.11411	0.01067	0.01247	0.00810	0.00565	0.00518	0.02976	0.00540	0.00422	0.00350	0.00727
27	0.00875	0.00794	0.03296	0.01089	0.05750	0.00741	0.09194	0.01247	0.12130	0.01576	0.04315	0.37839	0.11484	0.04160	0.00695	0.00204	0.00422	0.01067	0.02567	0.00556
28	0.00772	0.00599	0.00711	0.00692	0.00837	0.00573	0.00514	0.01120	0.10225	0.01868	0.42196	0.13905	0.21654	0.01173	0.00620	0.00177	0.00281	0.01022	0.00544	0.00517
29	0.01160	0.01073	0.01688	0.45500	0.06685	0.02737	0.07567	0.03352	0.05667	0.03657	0.01044	0.01412	0.00808	0.00599	0.00716	0.00181	0.12854	0.00489	0.02171	0.00639
30	0.00693	0.00535	0.00632	0.00614	0.00757	0.00474	0.00458	0.00888	0.01357	0.01803	0.44886	0.07283	0.35292	0.01210	0.00626	0.00173	0.00259	0.01043	0.00541	0.00474
31	0.00849	0.00499	0.00723	0.00723	0.00751	0.00527	0.00502	0.00776	0.00748	0.01026	0.01166	0.01991	0.01171	0.12868	0.25495	0.48326	0.00755	0.00532	0.00258	0.00315
32	0.01449	0.76709	0.02689	0.00934	0.01374	0.06994	0.00912	0.01617	0.01101	0.01247	0.00740	0.00855	0.00679	0.00458	0.00348	0.00115	0.00590	0.00286	0.00229	0.00674
33	0.06804	0.00722	0.00856	0.03210	0.01046	0.00704	0.00604	0.07195	0.03612	0.10699	0.23660	0.17132	0.11978	0.01011	0.00567	0.00170	0.00349	0.00866	0.03889	0.04925
34	0.01090	0.01451	0.22907	0.51020	0.07099	0.01177	0.01581	0.01506	0.01100	0.04713	0.00993	0.01339	0.00727	0.00524	0.00521	0.00172	0.00711	0.00451	0.00251	0.00667
35	0.03733	0.01128	0.03962	0.01506	0.18084	0.01139	0.03224	0.14334	0.20796	0.05015	0.04356	0.05814	0.05907	0.00736	0.00539	0.00169	0.00491	0.02901	0.05414	0.00752

[dist]
# distance from previous block
# <min> <max>
1	61

[block]
# block no. 6 follows, 46 sequences, length 21
# corresponding to MSA columns:
# 517-537
name=unknown_G
#
# <colnr> <probs for GDERKNQSTAVLIFYWHMCP>
#	G	D	E	R	K	N	Q	S	T	A	V	L	I	F	Y	W	H	M	C	P
0	0.08864	0.09418	0.19737	0.05832	0.09605	0.04602	0.03043	0.09514	0.09254	0.05776	0.01123	0.01243	0.00849	0.00536	0.00492	0.00154	0.01674	0.00419	0.00334	0.07530
1	0.00840	0.00787	0.07434	0.00789	0.01001	0.00597	0.00646	0.01046	0.01107	0.01624	0.11569	0.36561	0.02554	0.01078	0.00579	0.00165	0.01969	0.00945	0.10017	0.18692
2	0.00965	0.04430	0.01192	0.04252	0.07981	0.00753	0.06503	0.01205	0.01287	0.05219	0.31457	0.13820	0.06355	0.00953	0.00584	0.00167	0.00405	0.03840	0.00458	0.08172
3	0.01190	0.07216	0.32474	0.01608	0.12414	0.01247	0.06428	0.01721	0.09719	0.04861	0.01303	0.05786	0.01097	0.00658	0.00618	0.00175	0.06548	0.03883	0.00312	0.00741
4	0.01451	0.01200	0.03719	0.01053	0.01383	0.01269	0.00861	0.31502	0.29990	0.02509	0.05587	0.05929	0.09590	0.00805	0.00553	0.00172	0.00466	0.00658	0.00519	0.00783
5	0.00721	0.00492	0.00591	0.00638	0.00650	0.00480	0.00386	0.00756	0.00863	0.01151	0.02149	0.33513	0.02532	0.50536	0.01910	0.00397	0.00433	0.01053	0.00386	0.00363
6	0.01484	0.03283	0.05624	0.17369	0.17587	0.01325	0.07594	0.22684	0.05880	0.06722	0.01188	0.01365	0.00883	0.00549	0.00525	0.00161	0.00626	0.00481	0.00371	0.04298
7	0.85155	0.01022	0.00777	0.00695	0.01022	0.01186	0.00573	0.01554	0.00900	0.02372	0.00736	0.00859	0.00573	0.00491	0.00327	0.00164	0.00409	0.00286	0.00327	0.00573
8	0.01157	0.01157	0.01619	0.01388	0.01388	0.01619	0.01157	0.01272	0.00810	0.01272	0.00694	0.01157	0.00694	0.00925	0.01735	0.00231	0.80453	0.00463	0.00231	0.00578
9	0.08644	0.01076	0.01760	0.42789	0.30642	0.01210	0.03468	0.01478	0.01102	0.01589	0.00945	0.01324	0.00744	0.00502	0.00511	0.00168	0.00655	0.00458	0.00254	0.00681
10	0.33733	0.38906	0.01846	0.00929	0.03522	0.01665	0.00810	0.10307	0.01176	0.01936	0.00805	0.00915	0.00668	0.00489	0.00362	0.00139	0.00509	0.00312	0.00301	0.00668
11	0.01823	0.04962	0.01296	0.01004	0.02800	0.00994	0.00804	0.11805	0.10968	0.38018	0.04279	0.04968	0.01469	0.00703	0.00524	0.00159	0.00456	0.03261	0.00546	0.09163
12	0.00689	0.00538	0.00625	0.00603	0.00754	0.00474	0.00452	0.00883	0.01357	0.01789	0.43194	0.04493	0.39845	0.01204	0.00624	0.00172	0.00258	0.01032	0.00538	0.00474
13	0.01582	0.01251	0.01335	0.01120	0.01459	0.01411	0.00892	0.34444	0.41188	0.02652	0.01808	0.05569	0.01398	0.00728	0.00541	0.00172	0.00483	0.00590	0.00532	0.00844
14	0.15545	0.01069	0.01189	0.00948	0.01313	0.01108	0.00776	0.24852	0.05731	0.31382	0.01584	0.01511	0.01085	0.00621	0.00482	0.00159	0.00462	0.00474	0.08908	0.00802
15	0.00648	0.00463	0.00617	0.00733	0.00768	0.00432	0.00491	0.00747	0.01032	0.01381	0.05964	0.77936	0.03557	0.01633	0.00673	0.00213	0.00304	0.01481	0.00494	0.00432
16	0.01888	0.00899	0.01126	0.00917	0.01244	0.00866	0.00739	0.12051	0.06843	0.45110	0.01973	0.07797	0.01448	0.00879	0.04114	0.00195	0.00475	0.00600	0.10043	0.00794
17	0.00785	0.00544	0.00636	0.00639	0.00665	0.00559	0.00391	0.00882	0.04508	0.01127	0.01760	0.09153	0.01969	0.64040	0.09752	0.00506	0.00579	0.00797	0.00340	0.00368
18	0.01172	0.01139	0.04851	0.49252	0.02993	0.01237	0.12232	0.11974	0.01284	0.01705	0.01074	0.03663	0.00838	0.00571	0.00562	0.00175	0.02018	0.00520	0.02090	0.00651
19	0.04739	0.06910	0.01413	0.07229	0.09297	0.03342	0.02956	0.13665	0.07317	0.10146	0.01589	0.16163	0.01459	0.04698	0.00655	0.00183	0.01963	0.00664	0.00415	0.05197
20	0.07314	0.11468	0.01909	0.23320	0.15623	0.08662	0.09667	0.01670	0.04330	0.05345	0.01006	0.01270	0.00791	0.00534	0.00560	0.00163	0.04953	0.00446	0.00285	0.00684

[dist]
# distance from previous block
# <min> <max>
0	29

[block]
# block no. 7 follows, 46 sequences, length 18
# corresponding to MSA columns:
# 567-584
name=unknown_H
#
# <colnr> <probs for GDERKNQSTAVLIFYWHMCP>
#	G	D	E	R	K	N	Q	S	T	A	V	L	I	F	Y	W	H	M	C	P
0	0.04507	0.01313	0.01457	0.01245	0.01428	0.13847	0.04574	0.10981	0.02807	0.01668	0.01142	0.07366	0.01084	0.00925	0.03512	0.00210	0.31453	0.04046	0.00326	0.06110
1	0.01383	0.07930	0.05158	0.06703	0.01741	0.04166	0.12088	0.18852	0.04462	0.05980	0.05437	0.02220	0.05218	0.00727	0.00551	0.00167	0.00588	0.10032	0.00409	0.06188
2	0.00651	0.00466	0.00620	0.00731	0.00768	0.00434	0.00491	0.00754	0.01046	0.01403	0.08121	0.75716	0.03600	0.01616	0.00671	0.00211	0.00303	0.01465	0.00497	0.00434
3	0.00754	0.00534	0.00709	0.00717	0.00764	0.00577	0.00494	0.00850	0.00824	0.01144	0.01634	0.08229	0.01747	0.39071	0.38934	0.00652	0.00927	0.00724	0.00315	0.00400
4	0.01941	0.01447	0.01548	0.01202	0.01613	0.01607	0.00988	0.69071	0.09887	0.03221	0.01357	0.01339	0.00970	0.00643	0.00530	0.00161	0.00566	0.00488	0.00530	0.00893
5	0.53261	0.01042	0.00969	0.00809	0.01157	0.01142	0.00666	0.12659	0.01259	0.17137	0.01119	0.01150	0.00797	0.00549	0.00398	0.00161	0.00435	0.00371	0.04241	0.00680
6	0.15781	0.01405	0.01452	0.01130	0.01537	0.01564	0.00933	0.63971	0.02223	0.03173	0.01181	0.01201	0.00845	0.00611	0.00495	0.00159	0.00553	0.00445	0.00495	0.00845
7	0.01143	0.11059	0.15229	0.00964	0.01266	0.01052	0.00891	0.12725	0.02959	0.04188	0.09154	0.12134	0.01815	0.16651	0.04633	0.00266	0.02196	0.00681	0.00383	0.00610
8	0.01413	0.81739	0.02770	0.00905	0.01357	0.02092	0.00905	0.01583	0.01074	0.01244	0.00735	0.00848	0.00678	0.00452	0.00339	0.00113	0.00565	0.00283	0.00226	0.00678
9	0.06594	0.01104	0.01524	0.67057	0.03269	0.09011	0.01365	0.01440	0.01091	0.01412	0.00914	0.01328	0.00694	0.00528	0.00510	0.00171	0.00710	0.00445	0.00245	0.00589
10	0.01423	0.01059	0.01057	0.00910	0.01177	0.04841	0.00717	0.23449	0.23164	0.02400	0.01671	0.01720	0.01264	0.00647	0.00469	0.00150	0.00426	0.00510	0.32233	0.00714
11	0.00681	0.00526	0.00621	0.00622	0.00755	0.00466	0.00457	0.00858	0.01301	0.01713	0.36091	0.16183	0.35271	0.01276	0.00632	0.00179	0.00266	0.01106	0.00530	0.00466
12	0.01205	0.01150	0.01958	0.28980	0.53199	0.01229	0.01571	0.01532	0.01155	0.01601	0.00976	0.01342	0.00793	0.00490	0.00525	0.00163	0.00654	0.00471	0.00253	0.00754
13	0.06972	0.01044	0.01441	0.09814	0.01544	0.01389	0.01068	0.01297	0.00890	0.04357	0.01000	0.09204	0.00992	0.00915	0.01353	0.00216	0.55088	0.00558	0.00281	0.00576
14	0.00877	0.00486	0.00729	0.00729	0.00753	0.00510	0.00510	0.00753	0.00729	0.00996	0.01043	0.01725	0.01019	0.02369	0.21412	0.63643	0.00699	0.00486	0.00243	0.00290
15	0.04379	0.16678	0.06802	0.01280	0.01639	0.45291	0.04639	0.03775	0.07986	0.01492	0.00947	0.01061	0.00769	0.00536	0.00462	0.00141	0.00796	0.00371	0.00292	0.00666
16	0.00923	0.03679	0.00813	0.00760	0.00892	0.00660	0.00552	0.06112	0.06146	0.05304	0.05641	0.44084	0.10289	0.04934	0.00700	0.00204	0.00348	0.01119	0.06318	0.00523
17	0.10437	0.16024	0.11960	0.01086	0.02680	0.07473	0.00974	0.05784	0.26211	0.01949	0.09002	0.01603	0.01419	0.00630	0.00477	0.00158	0.00530	0.00486	0.00394	0.00724

[dist]
# distance from previous block
# <min> <max>
0	38

[block]
# block no. 8 follows, 46 sequences, length 20
# corresponding to MSA columns:
# 623-642
name=unknown_I
#
# <colnr> <probs for GDERKNQSTAVLIFYWHMCP>
#	G	D	E	R	K	N	Q	S	T	A	V	L	I	F	Y	W	H	M	C	P
0	0.11313	0.00756	0.00936	0.03942	0.01196	0.00832	0.00823	0.01321	0.08720	0.01683	0.02285	0.04296	0.04356	0.04825	0.00808	0.00234	0.05935	0.44767	0.00438	0.00534
1	0.27795	0.01062	0.01214	0.01012	0.01352	0.01135	0.05906	0.13185	0.13624	0.16932	0.01567	0.04156	0.01244	0.00694	0.00496	0.00175	0.00481	0.06776	0.00469	0.00725
2	0.00757	0.00561	0.00823	0.00823	0.00909	0.00647	0.00628	0.00927	0.00842	0.01208	0.01440	0.02210	0.01379	0.11399	0.71970	0.00817	0.01329	0.00586	0.00287	0.00457
3	0.00853	0.00567	0.00691	0.00662	0.00823	0.00503	0.00500	0.01042	0.01340	0.09116	0.35725	0.12058	0.29841	0.01198	0.00623	0.00177	0.00287	0.02937	0.00545	0.00512
4	0.01096	0.10636	0.71089	0.01447	0.02195	0.01314	0.01848	0.01665	0.01112	0.01631	0.00927	0.01089	0.00671	0.00497	0.00486	0.00162	0.00760	0.00380	0.00224	0.00771
5	0.01345	0.01151	0.01213	0.01082	0.01386	0.01329	0.00844	0.06041	0.73887	0.02261	0.02113	0.01941	0.01582	0.00714	0.00538	0.00178	0.00426	0.00592	0.00538	0.00840
6	0.00652	0.00465	0.00622	0.00745	0.00779	0.00436	0.00504	0.00749	0.01020	0.01358	0.02910	0.78342	0.03480	0.01649	0.00677	0.00216	0.00313	0.04162	0.00491	0.00431
7	0.00763	0.00536	0.00698	0.00698	0.00739	0.00578	0.00471	0.00846	0.00805	0.01115	0.01555	0.02847	0.01656	0.47089	0.36659	0.00662	0.00913	0.00679	0.00304	0.00388
8	0.85155	0.01022	0.00777	0.00695	0.01022	0.01186	0.00573	0.01554	0.00900	0.02372	0.00736	0.00859	0.00573	0.00491	0.00327	0.00164	0.00409	0.00286	0.00327	0.00573
9	0.01157	0.01157	0.01619	0.01388	0.01388	0.01619	0.01157	0.01272	0.00810	0.01272	0.00694	0.01157	0.00694	0.00925	0.01735	0.00231	0.80453	0.00463	0.00231	0.00578
10	0.01333	0.05770	0.09318	0.01956	0.02483	0.01410	0.55180	0.10888	0.01372	0.01862	0.01059	0.01345	0.00794	0.00483	0.00608	0.00173	0.02372	0.00565	0.00293	0.00737
11	0.13073	0.02967	0.01277	0.01032	0.01364	0.11727	0.00820	0.23506	0.12882	0.16532	0.01443	0.01556	0.01092	0.07604	0.00680	0.00190	0.00553	0.00482	0.00468	0.00753
12	0.21839	0.01568	0.27920	0.01078	0.01557	0.01064	0.02793	0.07488	0.01198	0.08901	0.01250	0.09159	0.01041	0.00633	0.00470	0.00162	0.00549	0.00498	0.03271	0.07561
13	0.00860	0.00573	0.00695	0.00645	0.00816	0.00507	0.00491	0.01064	0.01394	0.09202	0.44609	0.04151	0.30753	0.01132	0.00615	0.00170	0.00275	0.00973	0.00556	0.00518
14	0.01411	0.01452	0.04771	0.04135	0.01505	0.20269	0.00953	0.06059	0.30000	0.03435	0.04393	0.05514	0.01562	0.00787	0.00602	0.00176	0.04188	0.07658	0.00430	0.00700
15	0.30260	0.03434	0.01123	0.00868	0.01229	0.01088	0.00718	0.15477	0.01434	0.30180	0.01408	0.01370	0.00969	0.00586	0.00442	0.00158	0.00446	0.00427	0.07636	0.00747
16	0.00659	0.00506	0.00605	0.00657	0.00761	0.00452	0.00470	0.00795	0.01163	0.01498	0.14507	0.38070	0.32457	0.01445	0.00650	0.00195	0.00290	0.03868	0.00504	0.00448
17	0.02975	0.53895	0.02186	0.00907	0.01296	0.01743	0.00842	0.10285	0.06473	0.01691	0.08340	0.01323	0.01210	0.00560	0.00403	0.00129	0.00509	0.00401	0.04142	0.00687
18	0.13566	0.00901	0.01084	0.00885	0.01161	0.00937	0.07848	0.17283	0.01403	0.08289	0.01544	0.01687	0.03640	0.00655	0.00502	0.03084	0.00427	0.00495	0.33977	0.00633
19	0.08129	0.00742	0.01070	0.00983	0.01108	0.00798	0.08183	0.01105	0.02720	0.04216	0.05396	0.38212	0.02275	0.02666	0.03068	0.05690	0.11752	0.00978	0.00403	0.00506

[dist]
# distance from previous block
# <min> <max>
0	8

[block]
# block no. 9 follows, 46 sequences, length 6
# corresponding to MSA columns:
# 688-693
name=unknown_J
#
# <colnr> <probs for GDERKNQSTAVLIFYWHMCP>
#	G	D	E	R	K	N	Q	S	T	A	V	L	I	F	Y	W	H	M	C	P
0	0.15194	0.04711	0.05868	0.12386	0.25675	0.09259	0.01235	0.01710	0.08559	0.01722	0.00999	0.01233	0.00807	0.00556	0.00590	0.00166	0.07909	0.00426	0.00291	0.00704
1	0.08579	0.08021	0.36894	0.01227	0.01792	0.07776	0.01336	0.07709	0.06113	0.06061	0.01067	0.01163	0.00788	0.00523	0.00468	0.00152	0.00652	0.00390	0.00313	0.08977
2	0.01136	0.01016	0.01613	0.52213	0.15779	0.01182	0.01393	0.08722	0.01236	0.01629	0.01151	0.01794	0.00960	0.00614	0.00546	0.00177	0.00660	0.07236	0.00291	0.00651
3	0.00928	0.00704	0.00839	0.00718	0.00992	0.00581	0.00564	0.01134	0.01235	0.05493	0.18512	0.06301	0.21452	0.00930	0.00546	0.00146	0.00338	0.07108	0.00453	0.31024
4	0.08031	0.00590	0.00688	0.00672	0.00815	0.00583	0.00505	0.01051	0.03681	0.01859	0.36245	0.12221	0.14773	0.01349	0.07767	0.00233	0.00384	0.00901	0.07156	0.00497
5	0.01749	0.01351	0.01440	0.01164	0.01540	0.01518	0.00942	0.48725	0.30546	0.02911	0.01601	0.01533	0.01168	0.00666	0.00532	0.00166	0.00520	0.00522	0.00532	0.00876

[dist]
# distance from previous block
# <min> <max>
0	1

[block]
# block no. 10 follows, 46 sequences, length 22
# corresponding to MSA columns:
# 695-716
name=unknown_K
#
# <colnr> <probs for GDERKNQSTAVLIFYWHMCP>
#	G	D	E	R	K	N	Q	S	T	A	V	L	I	F	Y	W	H	M	C	P
0	0.14973	0.00645	0.00673	0.00631	0.00808	0.00661	0.00485	0.01314	0.05288	0.04332	0.27621	0.02559	0.05052	0.00784	0.00471	0.00151	0.00290	0.00644	0.32079	0.00537
1	0.54511	0.01116	0.01029	0.00852	0.01213	0.01241	0.00703	0.19594	0.01359	0.12478	0.01039	0.01079	0.00746	0.00546	0.00402	0.00162	0.00456	0.00364	0.00418	0.00693
2	0.01055	0.00972	0.01574	0.62556	0.04869	0.01168	0.04013	0.03663	0.06712	0.01519	0.02826	0.01688	0.00974	0.00592	0.00543	0.00178	0.00666	0.03527	0.00286	0.00619
3	0.01413	0.81739	0.02770	0.00905	0.01357	0.02092	0.00905	0.01583	0.01074	0.01244	0.00735	0.00848	0.00678	0.00452	0.00339	0.00113	0.00565	0.00283	0.00226	0.00678
4	0.03495	0.01026	0.01553	0.63661	0.05970	0.04049	0.01365	0.03884	0.01155	0.07365	0.01030	0.01399	0.00758	0.00539	0.00521	0.00172	0.00680	0.00465	0.00281	0.00631
5	0.01659	0.01289	0.01370	0.01126	0.01482	0.01451	0.00906	0.40418	0.36128	0.02776	0.01684	0.01612	0.01238	0.00671	0.00527	0.00167	0.00496	0.00531	0.03612	0.00856
6	0.03099	0.00636	0.00828	0.00751	0.00942	0.00580	0.00572	0.01420	0.01373	0.23795	0.35965	0.18529	0.03370	0.01038	0.00589	0.00173	0.00322	0.00907	0.04509	0.00601
7	0.00998	0.00940	0.01586	0.80150	0.03641	0.01175	0.01468	0.01351	0.01057	0.01351	0.00940	0.01409	0.00705	0.00529	0.00529	0.00176	0.00705	0.00470	0.00235	0.00587
8	0.00991	0.00617	0.00793	0.00770	0.00922	0.00583	0.00586	0.04652	0.01322	0.11783	0.25684	0.24136	0.10499	0.02772	0.03888	0.00221	0.00384	0.08325	0.00530	0.00541
9	0.00918	0.00459	0.00689	0.00689	0.00689	0.00459	0.00459	0.00689	0.00689	0.00918	0.00918	0.01607	0.00918	0.01837	0.02066	0.84619	0.00459	0.00459	0.00230	0.00230
10	0.01323	0.12384	0.02232	0.02921	0.67509	0.01372	0.01523	0.01617	0.01186	0.01660	0.00959	0.01245	0.00815	0.00468	0.00498	0.00151	0.00619	0.00445	0.00257	0.00815
11	0.00661	0.00520	0.00589	0.00606	0.00735	0.00457	0.00437	0.00805	0.01210	0.01543	0.20130	0.20217	0.44169	0.04624	0.00719	0.00197	0.00282	0.01146	0.00503	0.00449
12	0.01395	0.04729	0.12345	0.04018	0.05130	0.06838	0.02450	0.01674	0.01236	0.16988	0.05363	0.05197	0.01213	0.00581	0.00481	0.00134	0.00530	0.00479	0.00378	0.28838
13	0.01310	0.15452	0.47027	0.01328	0.01918	0.04685	0.01536	0.01737	0.01139	0.09909	0.01007	0.01143	0.00743	0.00553	0.00595	0.00163	0.08339	0.00393	0.00273	0.00751
14	0.09256	0.21379	0.47477	0.01275	0.01897	0.07161	0.01503	0.01673	0.01113	0.01610	0.00868	0.01016	0.00663	0.00492	0.00445	0.00152	0.00707	0.00351	0.00237	0.00724
15	0.01522	0.01238	0.01312	0.01118	0.01453	0.01411	0.00887	0.24698	0.54943	0.02545	0.01889	0.01763	0.01401	0.00693	0.00535	0.00173	0.00467	0.00561	0.00535	0.00855
16	0.01196	0.01273	0.02265	0.01750	0.01980	0.01498	0.33469	0.01454	0.00998	0.01454	0.00856	0.01273	0.00741	0.00719	0.01257	0.00208	0.46196	0.00532	0.00247	0.00636
17	0.12370	0.00565	0.00672	0.00758	0.00842	0.00568	0.00548	0.00909	0.01013	0.01506	0.02510	0.52782	0.02914	0.06828	0.00771	0.00232	0.00363	0.12942	0.00456	0.00451
18	0.00703	0.00534	0.00647	0.00629	0.00765	0.00478	0.00468	0.00906	0.01374	0.01854	0.50324	0.09277	0.27718	0.01199	0.00627	0.00173	0.00259	0.01041	0.00548	0.00478
19	0.00746	0.00521	0.00668	0.00686	0.00721	0.00546	0.00453	0.00819	0.00831	0.01138	0.01777	0.14811	0.01973	0.45001	0.26436	0.00573	0.00765	0.00817	0.00335	0.00384
20	0.01009	0.00961	0.01658	0.45974	0.05465	0.01143	0.10363	0.01319	0.01024	0.01375	0.01023	0.01508	0.00835	0.01190	0.15262	0.00306	0.08241	0.00506	0.00248	0.00589
21	0.48616	0.01033	0.00923	0.00766	0.01120	0.03650	0.00621	0.05087	0.01095	0.07706	0.00970	0.01073	0.00741	0.00497	0.00373	0.00141	0.00424	0.00334	0.05771	0.19058

[dist]
# distance from previous block
# <min> <max>
0	15

[block]
# block no. 11 follows, 46 sequences, length 7
# corresponding to MSA columns:
# 732-738
name=unknown_L
#
# <colnr> <probs for GDERKNQSTAVLIFYWHMCP>
#	G	D	E	R	K	N	Q	S	T	A	V	L	I	F	Y	W	H	M	C	P
0	0.18082	0.05626	0.01261	0.01097	0.05261	0.01150	0.00808	0.15037	0.06494	0.10332	0.07281	0.12609	0.10695	0.00960	0.00593	0.00203	0.00488	0.00741	0.00522	0.00760
1	0.31175	0.01050	0.01203	0.00986	0.01301	0.01136	0.05465	0.14068	0.01313	0.10806	0.05526	0.04803	0.01215	0.00681	0.00582	0.00169	0.07739	0.03292	0.00411	0.07078
2	0.02039	0.01377	0.01474	0.01138	0.01553	0.05605	0.00934	0.51618	0.02137	0.20048	0.01410	0.01362	0.00973	0.00621	0.00519	0.00154	0.00562	0.00472	0.00531	0.05473
3	0.01380	0.00947	0.08343	0.00927	0.01224	0.00762	0.00819	0.08353	0.01408	0.25290	0.07915	0.12062	0.12680	0.01026	0.00601	0.00186	0.00445	0.14440	0.00525	0.00667
4	0.09016	0.55598	0.14677	0.01006	0.01497	0.01836	0.01050	0.07303	0.01173	0.01575	0.00810	0.00924	0.00684	0.00478	0.00379	0.00130	0.00587	0.00315	0.00258	0.00702
5	0.01322	0.00737	0.00794	0.00695	0.00909	0.00761	0.00546	0.13577	0.06268	0.10494	0.01718	0.01839	0.01293	0.00630	0.00424	0.00137	0.00333	0.00501	0.56397	0.00624
6	0.00814	0.00542	0.00653	0.00633	0.00774	0.00491	0.00472	0.01014	0.01325	0.05543	0.38712	0.12359	0.22317	0.01131	0.00594	0.00169	0.00270	0.00979	0.10711	0.00497

[dist]
# distance from previous block
# <min> <max>
0	1

[block]
# block no. 12 follows, 46 sequences, length 33
# corresponding to MSA columns:
# 740-772
name=unknown_M
#
# <colnr> <probs for GDERKNQSTAVLIFYWHMCP>
#	G	D	E	R	K	N	Q	S	T	A	V	L	I	F	Y	W	H	M	C	P
0	0.05601	0.01105	0.01454	0.17278	0.12523	0.01196	0.01067	0.20373	0.09836	0.16208	0.04127	0.01565	0.01137	0.00653	0.00576	0.03042	0.00546	0.00505	0.00438	0.00768
1	0.03911	0.00717	0.00939	0.00985	0.03846	0.00725	0.00784	0.05566	0.03959	0.07709	0.13658	0.05883	0.04276	0.01319	0.04809	0.00241	0.00490	0.37573	0.02041	0.00569
2	0.00743	0.00538	0.00645	0.00651	0.00788	0.00479	0.00483	0.00913	0.01272	0.04540	0.28104	0.20301	0.33113	0.01300	0.00635	0.00184	0.00285	0.04020	0.00526	0.00478
3	0.13352	0.10883	0.01653	0.03035	0.12686	0.11315	0.03977	0.15217	0.18957	0.02094	0.01223	0.01299	0.00948	0.00567	0.00476	0.00157	0.00586	0.00442	0.00379	0.00754
