[name]
unknown

[dist]
# distance from previous block
# <min> <max>
0	471

[block]
# block no. 0 follows, 44 sequences, length 49
# corresponding to MSA columns:
# 471-519
name=unknown_A
#
# <colnr> <probs for GDERKNQSTAVLIFYWHMCP>
#	G	D	E	R	K	N	Q	S	T	A	V	L	I	F	Y	W	H	M	C	P
0	0.00929	0.00665	0.00910	0.01015	0.01153	0.00672	0.00885	0.04274	0.01310	0.01708	0.02820	0.05945	0.03044	0.01470	0.00744	0.00247	0.00506	0.70677	0.00504	0.00520
1	0.00783	0.00571	0.00742	0.00690	0.00830	0.00521	0.00519	0.01040	0.01530	0.02173	0.74700	0.03978	0.05004	0.01092	0.00635	0.00169	0.00262	0.00965	0.00591	0.03207
2	0.01128	0.01072	0.01850	0.37356	0.31197	0.01172	0.06303	0.01455	0.01155	0.01562	0.01215	0.09806	0.01091	0.00641	0.00565	0.00179	0.00666	0.00608	0.00283	0.00694
3	0.01350	0.01281	0.02102	0.03094	0.68865	0.01302	0.01582	0.01811	0.09725	0.01837	0.01160	0.01427	0.00954	0.00514	0.00541	0.00165	0.00623	0.00500	0.00302	0.00863
4	0.01303	0.01248	0.02130	0.14313	0.66832	0.01283	0.01650	0.01633	0.01220	0.01725	0.01017	0.01364	0.00844	0.00494	0.00540	0.00165	0.00659	0.00486	0.00266	0.00826
5	0.00713	0.00518	0.00672	0.00712	0.00798	0.00477	0.00504	0.00886	0.01289	0.01766	0.37591	0.40091	0.09134	0.01411	0.00668	0.00196	0.00286	0.01262	0.00550	0.00477
6	0.01428	0.72147	0.02723	0.00989	0.01403	0.02102	0.00962	0.01596	0.01077	0.01286	0.00753	0.00910	0.00701	0.00521	0.00512	0.00130	0.09523	0.00312	0.00234	0.00688
7	0.04303	0.12832	0.18326	0.01088	0.01612	0.01218	0.01077	0.11608	0.02472	0.20331	0.01282	0.01302	0.00918	0.00544	0.00475	0.00142	0.00559	0.00416	0.00408	0.19085
8	0.01258	0.01091	0.01635	0.62390	0.03303	0.01316	0.01409	0.17647	0.01413	0.01840	0.01043	0.01422	0.00771	0.00569	0.00545	0.00178	0.00699	0.00486	0.00309	0.00676
9	0.00720	0.00553	0.00659	0.00637	0.00784	0.00492	0.00476	0.00927	0.01414	0.01892	0.47753	0.06768	0.32484	0.01233	0.00645	0.00178	0.00266	0.01065	0.00562	0.00492
10	0.01065	0.00983	0.01549	0.59118	0.06286	0.01109	0.01331	0.01400	0.01105	0.01493	0.00971	0.01378	0.00750	0.00512	0.00514	0.00159	0.00653	0.00449	0.00261	0.18915
11	0.10662	0.01044	0.01170	0.06776	0.02942	0.01201	0.00857	0.02252	0.45087	0.04196	0.04574	0.10209	0.01738	0.00817	0.00599	0.00188	0.03779	0.00672	0.00488	0.00747
12	0.00674	0.00478	0.00630	0.00747	0.00776	0.00449	0.00493	0.00762	0.01026	0.01367	0.02911	0.74884	0.03488	0.07470	0.00847	0.00244	0.00332	0.01495	0.00493	0.00435
13	0.00669	0.00506	0.00609	0.00681	0.00764	0.00456	0.00468	0.00780	0.01115	0.01433	0.06835	0.49010	0.27246	0.05802	0.00788	0.00224	0.00312	0.01358	0.00501	0.00445
14	0.01132	0.02346	0.57214	0.18612	0.02629	0.01277	0.01853	0.05598	0.01213	0.01745	0.00994	0.01226	0.00711	0.00531	0.00525	0.00174	0.00777	0.00425	0.00250	0.00768
15	0.01595	0.01835	0.08453	0.10143	0.01809	0.35002	0.01088	0.01960	0.09340	0.07937	0.01647	0.01729	0.09492	0.00698	0.00598	0.00165	0.04965	0.00513	0.00357	0.00673
16	0.28017	0.01012	0.00979	0.00823	0.01124	0.01110	0.00666	0.24224	0.01528	0.05782	0.01326	0.01438	0.00995	0.00602	0.00425	0.00153	0.00422	0.00437	0.28258	0.00680
17	0.00816	0.00638	0.00751	0.00733	0.00886	0.00621	0.00544	0.01219	0.13007	0.01911	0.37286	0.16217	0.20881	0.01212	0.00638	0.00184	0.00298	0.01056	0.00557	0.00545
18	0.04694	0.01101	0.01910	0.09412	0.24355	0.01114	0.19334	0.01554	0.04406	0.04128	0.08292	0.10674	0.03381	0.00728	0.00615	0.00180	0.02358	0.00704	0.00357	0.00704
19	0.01466	0.01481	0.16476	0.04795	0.07133	0.02630	0.01172	0.15628	0.19402	0.10187	0.01689	0.10698	0.01390	0.00761	0.00588	0.00180	0.02447	0.00629	0.00450	0.00800
20	0.08598	0.01980	0.08584	0.06031	0.01752	0.37045	0.01166	0.04915	0.01287	0.01550	0.00842	0.01087	0.00706	0.00658	0.00825	0.00175	0.21473	0.00398	0.00279	0.00646
21	0.01167	0.01273	0.06694	0.01555	0.01792	0.01357	0.23728	0.02677	0.03450	0.01499	0.01072	0.01672	0.00982	0.12483	0.03220	0.00272	0.33628	0.00576	0.00279	0.00625
22	0.01030	0.00969	0.01635	0.79530	0.03755	0.01211	0.01514	0.01393	0.01090	0.01393	0.00969	0.01453	0.00727	0.00545	0.00545	0.00182	0.00727	0.00484	0.00242	0.00606
23	0.02046	0.01472	0.01590	0.01230	0.01657	0.01621	0.01012	0.66971	0.07342	0.07331	0.01413	0.01386	0.00998	0.00661	0.00546	0.00165	0.00582	0.00502	0.00553	0.00923
24	0.00708	0.00511	0.00621	0.00691	0.00744	0.00479	0.00461	0.00792	0.01018	0.01324	0.03062	0.42451	0.15516	0.23796	0.01272	0.00303	0.00379	0.05000	0.00457	0.00417
25	0.00752	0.00536	0.00659	0.00692	0.00761	0.00509	0.00479	0.00873	0.01114	0.01489	0.19172	0.21621	0.11276	0.28112	0.01383	0.00313	0.00390	0.08972	0.00467	0.00429
26	0.00736	0.00540	0.00690	0.00686	0.00801	0.00494	0.00502	0.00948	0.01410	0.01949	0.54495	0.19604	0.12590	0.01263	0.00654	0.00183	0.00271	0.01117	0.00571	0.00494
27	0.00685	0.00503	0.00643	0.00716	0.00789	0.00461	0.00496	0.00821	0.01180	0.01576	0.19576	0.53727	0.13751	0.01534	0.00677	0.00205	0.00298	0.01373	0.00527	0.00461
28	0.00735	0.00556	0.00679	0.00648	0.00792	0.00499	0.00486	0.00959	0.01458	0.01983	0.56783	0.04406	0.25639	0.01190	0.00643	0.00175	0.00263	0.01033	0.00573	0.00499
29	0.84691	0.01054	0.00801	0.00717	0.01054	0.01223	0.00590	0.01603	0.00928	0.02446	0.00759	0.00886	0.00590	0.00506	0.00337	0.00169	0.00422	0.00295	0.00337	0.00590
30	0.01592	0.63729	0.02590	0.01003	0.01463	0.02055	0.00955	0.17834	0.01426	0.01754	0.00879	0.00970	0.00749	0.00508	0.00393	0.00127	0.00587	0.00335	0.00302	0.00749
31	0.03792	0.01292	0.01666	0.07387	0.10196	0.06586	0.01211	0.09303	0.01134	0.01630	0.00865	0.01249	0.00771	0.00898	0.03691	0.00229	0.46686	0.00470	0.00282	0.00661
32	0.66640	0.01094	0.00945	0.00804	0.01162	0.01231	0.00663	0.10064	0.01179	0.10560	0.00969	0.01036	0.00709	0.00541	0.00383	0.00168	0.00446	0.00344	0.00397	0.00664
33	0.01427	0.01306	0.02041	0.02872	0.60822	0.01344	0.01514	0.09663	0.09866	0.02013	0.01190	0.01422	0.00961	0.00532	0.00542	0.00165	0.00618	0.00501	0.00331	0.00870
34	0.01495	0.63815	0.02583	0.01039	0.01435	0.10734	0.00974	0.01660	0.01128	0.01292	0.00763	0.00921	0.00702	0.00529	0.00519	0.00132	0.09044	0.00318	0.00239	0.00681
35	0.01302	0.01405	0.02782	0.02038	0.02536	0.01374	0.59125	0.01998	0.17746	0.01863	0.01347	0.01594	0.01010	0.00521	0.00624	0.00184	0.00812	0.00637	0.00337	0.00763
36	0.00743	0.00556	0.00689	0.00656	0.00797	0.00502	0.00492	0.00973	0.01476	0.02026	0.61039	0.04337	0.21357	0.01174	0.00643	0.00174	0.00261	0.01023	0.00579	0.00502
37	0.00981	0.00789	0.00968	0.00802	0.01120	0.00646	0.00643	0.01229	0.01276	0.01879	0.24545	0.02826	0.02502	0.00796	0.00532	0.00135	0.00375	0.12186	0.00436	0.45334
38	0.01933	0.02267	0.01527	0.01357	0.01647	0.58526	0.01037	0.10501	0.09583	0.01671	0.01036	0.01140	0.00830	0.00608	0.00559	0.00152	0.04198	0.00400	0.00338	0.00688
39	0.00663	0.00479	0.00628	0.00748	0.00788	0.00444	0.00501	0.00760	0.01055	0.01396	0.03146	0.76265	0.07734	0.01690	0.00693	0.00219	0.00314	0.01527	0.00506	0.00444
40	0.01096	0.01025	0.01417	0.01241	0.01257	0.01388	0.01009	0.01217	0.00848	0.01310	0.00951	0.01587	0.00952	0.09776	0.10508	0.00337	0.59233	0.00524	0.03772	0.00552
41	0.01164	0.01156	0.01845	0.01474	0.01773	0.09743	0.28884	0.01453	0.01128	0.03839	0.01278	0.01749	0.01086	0.02218	0.38043	0.00510	0.01172	0.00579	0.00297	0.00610
42	0.00707	0.00553	0.00649	0.00691	0.00831	0.00495	0.00531	0.00871	0.01241	0.01564	0.12161	0.18964	0.41878	0.01436	0.00675	0.00202	0.00325	0.15239	0.00515	0.00471
43	0.00752	0.00570	0.00822	0.09187	0.01196	0.00572	0.01752	0.00912	0.01099	0.01453	0.03977	0.56296	0.03202	0.01520	0.00689	0.00221	0.00401	0.14426	0.00476	0.00476
44	0.02016	0.05734	0.01664	0.01217	0.01648	0.01660	0.01011	0.64663	0.06476	0.06357	0.01364	0.01348	0.00973	0.00650	0.00536	0.00162	0.00584	0.00489	0.00535	0.00912
45	0.01301	0.01246	0.02125	0.14928	0.66238	0.01283	0.01649	0.01631	0.01218	0.01722	0.01017	0.01365	0.00843	0.00495	0.00541	0.00165	0.00660	0.00486	0.00266	0.00824
46	0.01772	0.01115	0.01271	0.01062	0.01408	0.01187	0.00847	0.18198	0.32235	0.24324	0.02041	0.06662	0.01528	0.00759	0.00555	0.00176	0.00465	0.00624	0.02911	0.00860
47	0.01565	0.01112	0.01659	0.16149	0.02075	0.01162	0.13832	0.11781	0.14432	0.19418	0.09513	0.01904	0.01537	0.00668	0.00575	0.00176	0.00583	0.00603	0.00478	0.00779
48	0.00841	0.00678	0.00770	0.00749	0.00879	0.04706	0.00552	0.01114	0.04599	0.01983	0.54643	0.16507	0.07549	0.01179	0.00640	0.00179	0.00314	0.01037	0.00562	0.00521

[dist]
# distance from previous block
# <min> <max>
0	12

[block]
# block no. 1 follows, 44 sequences, length 17
# corresponding to MSA columns:
# 532-548
name=unknown_B
#
# <colnr> <probs for GDERKNQSTAVLIFYWHMCP>
#	G	D	E	R	K	N	Q	S	T	A	V	L	I	F	Y	W	H	M	C	P
0	0.06342	0.12047	0.01729	0.01185	0.03342	0.01168	0.09491	0.06833	0.04980	0.44739	0.01692	0.01589	0.01138	0.00610	0.00521	0.00164	0.00542	0.00509	0.00528	0.00852
1	0.01126	0.01098	0.01710	0.65042	0.13742	0.05238	0.01512	0.01472	0.01134	0.01443	0.00970	0.01415	0.00744	0.00538	0.00542	0.00177	0.00729	0.00478	0.00248	0.00642
2	0.07508	0.01081	0.01202	0.00885	0.01350	0.00946	0.00716	0.15412	0.01386	0.02140	0.01018	0.01146	0.00814	0.00459	0.00426	0.00103	0.00442	0.00353	0.00366	0.62251
3	0.01657	0.01404	0.01738	0.16108	0.19829	0.06063	0.01253	0.36162	0.01843	0.02455	0.01133	0.01316	0.00855	0.00575	0.00533	0.00161	0.00647	0.00471	0.00397	0.05399
4	0.00754	0.00557	0.00705	0.00668	0.00804	0.00507	0.00501	0.00995	0.01502	0.02088	0.67339	0.04233	0.15018	0.01151	0.00643	0.00173	0.00260	0.01008	0.00587	0.00507
5	0.00664	0.00474	0.00633	0.00759	0.00791	0.00443	0.00506	0.00759	0.01044	0.01392	0.03005	0.80485	0.03606	0.01708	0.00696	0.00221	0.00316	0.01550	0.00506	0.00443
6	0.00947	0.00473	0.00710	0.00710	0.00710	0.00473	0.00473	0.00710	0.00710	0.00947	0.00947	0.01657	0.00947	0.01894	0.02131	0.84138	0.00473	0.00473	0.00237	0.00237
7	0.01058	0.00604	0.00622	0.00610	0.00761	0.00629	0.00466	0.01488	0.11465	0.02051	0.01881	0.02191	0.01501	0.00683	0.00419	0.00140	0.00288	0.03331	0.69258	0.00557
8	0.00779	0.00584	0.00876	0.00876	0.00974	0.00681	0.00681	0.00974	0.00876	0.01266	0.01460	0.02142	0.01363	0.04089	0.78680	0.00876	0.01460	0.00584	0.00292	0.00487
9	0.01387	0.01367	0.02176	0.03240	0.73287	0.05536	0.01639	0.01701	0.01258	0.01757	0.01015	0.01329	0.00855	0.00490	0.00537	0.00161	0.00666	0.00478	0.00270	0.00851
10	0.01340	0.12214	0.02258	0.08668	0.61556	0.01407	0.01560	0.01647	0.01212	0.01684	0.00985	0.01292	0.00831	0.00488	0.00514	0.00157	0.00645	0.00459	0.00263	0.00822
11	0.01203	0.26353	0.55440	0.01367	0.02071	0.01534	0.01689	0.01698	0.01138	0.01593	0.00912	0.01068	0.00693	0.00502	0.00467	0.00156	0.00739	0.00369	0.00231	0.00774
12	0.00664	0.00474	0.00633	0.00759	0.00791	0.00443	0.00506	0.00759	0.01044	0.01392	0.03005	0.80485	0.03606	0.01708	0.00696	0.00221	0.00316	0.01550	0.00506	0.00443
13	0.84691	0.01054	0.00801	0.00717	0.01054	0.01223	0.00590	0.01603	0.00928	0.02446	0.00759	0.00886	0.00590	0.00506	0.00337	0.00169	0.00422	0.00295	0.00337	0.00590
14	0.00793	0.00529	0.00595	0.00595	0.00595	0.00529	0.00330	0.00793	0.00793	0.01057	0.01718	0.03568	0.01982	0.80840	0.02775	0.00529	0.00529	0.00793	0.00330	0.00330
15	0.02072	0.01527	0.01636	0.01254	0.01691	0.01691	0.01036	0.75622	0.02563	0.03436	0.01309	0.01309	0.00927	0.00654	0.00545	0.00164	0.00600	0.00491	0.00545	0.00927
16	0.01507	0.01246	0.01318	0.01140	0.01475	0.01427	0.00900	0.18255	0.60850	0.02525	0.02027	0.01881	0.01509	0.00722	0.00553	0.00180	0.00467	0.00590	0.00553	0.00876

[dist]
# distance from previous block
# <min> <max>
0	10

[block]
# block no. 2 follows, 44 sequences, length 20
# corresponding to MSA columns:
# 559-578
name=unknown_C
#
# <colnr> <probs for GDERKNQSTAVLIFYWHMCP>
#	G	D	E	R	K	N	Q	S	T	A	V	L	I	F	Y	W	H	M	C	P
0	0.01264	0.01311	0.01659	0.01429	0.01453	0.08149	0.01181	0.01385	0.00895	0.01314	0.00726	0.01175	0.00715	0.00921	0.01680	0.00230	0.73206	0.00466	0.00242	0.00599
1	0.01160	0.01102	0.01871	0.48487	0.33780	0.01246	0.01579	0.01507	0.01152	0.01551	0.00992	0.01411	0.00782	0.00521	0.00543	0.00174	0.00695	0.00485	0.00254	0.00711
2	0.01297	0.01343	0.02610	0.02747	0.39285	0.01301	0.35654	0.01680	0.01263	0.01758	0.01153	0.01642	0.00959	0.00524	0.00598	0.00176	0.00766	0.04174	0.00284	0.00787
3	0.01349	0.01295	0.02213	0.03346	0.77440	0.01295	0.01673	0.01673	0.01241	0.01781	0.01025	0.01349	0.00864	0.00486	0.00540	0.00162	0.00648	0.00486	0.00270	0.00864
4	0.01030	0.00969	0.01635	0.79530	0.03755	0.01211	0.01514	0.01393	0.01090	0.01393	0.00969	0.01453	0.00727	0.00545	0.00545	0.00182	0.00727	0.00484	0.00242	0.00606
5	0.00856	0.00620	0.00847	0.00961	0.01092	0.00612	0.00834	0.01096	0.01254	0.01616	0.03138	0.06063	0.10213	0.01494	0.00743	0.00245	0.00480	0.66834	0.00502	0.00498
6	0.01211	0.01229	0.05145	0.33649	0.44926	0.01261	0.01624	0.01564	0.01177	0.01624	0.01001	0.01383	0.00802	0.00511	0.00541	0.00170	0.00686	0.00482	0.00257	0.00758
7	0.01363	0.01440	0.06901	0.02661	0.36411	0.01305	0.34200	0.01759	0.01273	0.05632	0.01114	0.01417	0.00862	0.00486	0.00585	0.00173	0.00767	0.00554	0.00291	0.00807
8	0.00650	0.00531	0.00574	0.00608	0.00751	0.00456	0.00439	0.00776	0.01189	0.01451	0.04841	0.25613	0.57292	0.01469	0.00658	0.00194	0.00287	0.01259	0.00506	0.00456
9	0.01349	0.01295	0.02213	0.03346	0.77440	0.01295	0.01673	0.01673	0.01241	0.01781	0.01025	0.01349	0.00864	0.00486	0.00540	0.00162	0.00648	0.00486	0.00270	0.00864
10	0.06713	0.01189	0.01878	0.28727	0.41222	0.01296	0.01496	0.07797	0.01281	0.01832	0.01013	0.01351	0.00805	0.00521	0.00529	0.00169	0.00656	0.00473	0.00288	0.00764
11	0.01383	0.25516	0.02391	0.01558	0.05566	0.10700	0.25579	0.01660	0.01252	0.03721	0.01304	0.06242	0.01210	0.00671	0.00544	0.00167	0.00717	0.08825	0.00313	0.00681
12	0.01137	0.01193	0.06795	0.01992	0.25564	0.01076	0.17150	0.01579	0.07606	0.01802	0.08982	0.02682	0.08697	0.00783	0.00610	0.00184	0.00607	0.10472	0.00377	0.00713
13	0.01713	0.01311	0.02231	0.02060	0.20688	0.01279	0.26547	0.15149	0.01568	0.19805	0.01365	0.01502	0.00976	0.00551	0.00578	0.00171	0.00689	0.00555	0.00416	0.00846
14	0.01080	0.01034	0.01789	0.66525	0.12123	0.01230	0.05650	0.01445	0.01118	0.01457	0.00983	0.01443	0.00748	0.00534	0.00550	0.00180	0.00728	0.00493	0.00247	0.00642
15	0.84691	0.01054	0.00801	0.00717	0.01054	0.01223	0.00590	0.01603	0.00928	0.02446	0.00759	0.00886	0.00590	0.00506	0.00337	0.00169	0.00422	0.00295	0.00337	0.00590
16	0.00706	0.00526	0.00662	0.00753	0.00821	0.00499	0.00517	0.00894	0.05290	0.01491	0.07036	0.64193	0.11404	0.01589	0.00680	0.00213	0.00315	0.01426	0.00514	0.00472
17	0.01106	0.00877	0.01263	0.01188	0.05012	0.00984	0.05668	0.07995	0.07496	0.04845	0.04330	0.08587	0.01552	0.02312	0.35582	0.00498	0.09050	0.00662	0.00375	0.00619
18	0.04566	0.45409	0.04318	0.01301	0.10607	0.12068	0.01034	0.06655	0.01303	0.01608	0.05804	0.01191	0.01019	0.00539	0.00428	0.00135	0.00624	0.00385	0.00293	0.00713
19	0.04662	0.08017	0.06512	0.01350	0.12054	0.03817	0.01011	0.15976	0.03533	0.14593	0.05517	0.02780	0.01210	0.00600	0.00499	0.00147	0.00538	0.00482	0.00426	0.16276

[dist]
# distance from previous block
# <min> <max>
0	13

[block]
# block no. 3 follows, 44 sequences, length 86
# corresponding to MSA columns:
# 592-677
name=unknown_D
#
# <colnr> <probs for GDERKNQSTAVLIFYWHMCP>
#	G	D	E	R	K	N	Q	S	T	A	V	L	I	F	Y	W	H	M	C	P
0	0.08425	0.01315	0.03386	0.04518	0.22966	0.01378	0.09489	0.13995	0.24597	0.02240	0.01422	0.01528	0.01085	0.00593	0.00540	0.00173	0.00591	0.00527	0.00407	0.00826
1	0.04101	0.36027	0.16308	0.01062	0.01537	0.03146	0.01077	0.01882	0.06737	0.14626	0.05015	0.01518	0.01179	0.00602	0.00461	0.00150	0.00578	0.02881	0.00363	0.00750
2	0.01469	0.61760	0.08393	0.01035	0.01499	0.08427	0.01020	0.01793	0.07551	0.01406	0.00906	0.01003	0.00781	0.00502	0.00392	0.00129	0.00621	0.00333	0.00264	0.00716
3	0.01398	0.07181	0.01437	0.01008	0.01451	0.14143	0.03103	0.07882	0.02910	0.01816	0.00992	0.01132	0.00811	0.00465	0.00437	0.00106	0.00548	0.00356	0.00332	0.52494
4	0.00793	0.00529	0.00595	0.00595	0.00595	0.00529	0.00330	0.00793	0.00793	0.01057	0.01718	0.03568	0.01982	0.80840	0.02775	0.00529	0.00529	0.00793	0.00330	0.00330
5	0.01204	0.25204	0.53995	0.01401	0.02101	0.01525	0.04164	0.01700	0.01143	0.01600	0.00919	0.01083	0.00698	0.00501	0.00474	0.00157	0.00746	0.00379	0.00233	0.00773
6	0.00664	0.00474	0.00633	0.00759	0.00791	0.00443	0.00506	0.00759	0.01044	0.01392	0.03005	0.80485	0.03606	0.01708	0.00696	0.00221	0.00316	0.01550	0.00506	0.00443
7	0.00793	0.00529	0.00595	0.00595	0.00595	0.00529	0.00330	0.00793	0.00793	0.01057	0.01718	0.03568	0.01982	0.80840	0.02775	0.00529	0.00529	0.00793	0.00330	0.00330
8	0.00683	0.00539	0.00617	0.00639	0.00777	0.00474	0.00470	0.00841	0.01264	0.01610	0.19880	0.20937	0.44081	0.01398	0.00659	0.00192	0.00288	0.03655	0.00526	0.00469
9	0.07626	0.01346	0.01416	0.01141	0.01531	0.04014	0.00925	0.38359	0.20426	0.15077	0.01616	0.01536	0.01146	0.00665	0.00532	0.00169	0.00537	0.00513	0.00546	0.00878
10	0.04347	0.01465	0.01737	0.01347	0.01769	0.04135	0.10670	0.47381	0.13967	0.05424	0.01422	0.01439	0.01027	0.00636	0.00552	0.00169	0.00618	0.00522	0.00501	0.00872
11	0.01404	0.01177	0.01246	0.01111	0.01426	0.01354	0.00867	0.05156	0.72420	0.04065	0.02189	0.02007	0.01634	0.00735	0.00554	0.00184	0.00437	0.00611	0.00557	0.00866
12	0.01451	0.51772	0.11235	0.03467	0.04276	0.10479	0.07444	0.01708	0.01181	0.01398	0.00837	0.01001	0.00716	0.00485	0.00422	0.00135	0.00688	0.00353	0.00243	0.00710
13	0.00661	0.00553	0.00575	0.00569	0.00746	0.00467	0.00427	0.00814	0.01281	0.01564	0.14674	0.05097	0.68011	0.01347	0.00644	0.00182	0.00274	0.01130	0.00518	0.00467
14	0.01214	0.01341	0.07198	0.48862	0.02985	0.10058	0.03885	0.01777	0.14090	0.01575	0.01174	0.01478	0.00886	0.00575	0.00542	0.00177	0.00718	0.00491	0.00301	0.00672
15	0.00921	0.00487	0.00716	0.00716	0.00724	0.00495	0.00481	0.00739	0.00730	0.00982	0.01047	0.01838	0.01058	0.07857	0.08683	0.70944	0.00561	0.00506	0.00248	0.00265
16	0.00987	0.00521	0.00557	0.03200	0.00754	0.00526	0.00430	0.01231	0.01133	0.01956	0.01855	0.08680	0.01562	0.00723	0.00413	0.00137	0.00275	0.00596	0.73957	0.00506
17	0.00779	0.00584	0.00876	0.00876	0.00974	0.00681	0.00681	0.00974	0.00876	0.01266	0.01460	0.02142	0.01363	0.04089	0.78680	0.00876	0.01460	0.00584	0.00292	0.00487
18	0.00779	0.00584	0.00876	0.00876	0.00974	0.00681	0.00681	0.00974	0.00876	0.01266	0.01460	0.02142	0.01363	0.04089	0.78680	0.00876	0.01460	0.00584	0.00292	0.00487
19	0.01308	0.01253	0.02137	0.13295	0.67817	0.01284	0.01652	0.01637	0.01222	0.01730	0.01018	0.01363	0.00846	0.00493	0.00540	0.00164	0.00658	0.00486	0.00266	0.00830
20	0.01292	0.45495	0.37078	0.01216	0.01837	0.01751	0.01425	0.01675	0.01127	0.01485	0.00858	0.01000	0.00696	0.00490	0.00426	0.00142	0.00684	0.00342	0.00232	0.00748
21	0.01741	0.01238	0.01358	0.01130	0.01495	0.01368	0.00905	0.24474	0.42647	0.14571	0.01938	0.01790	0.01395	0.00704	0.00551	0.00176	0.00487	0.00568	0.00571	0.00892
22	0.01470	0.03948	0.01980	0.01657	0.08070	0.01491	0.14615	0.07922	0.01201	0.11563	0.01050	0.01342	0.00848	0.00747	0.01161	0.00203	0.39172	0.00512	0.00331	0.00719
23	0.01307	0.01252	0.01944	0.27330	0.45117	0.04522	0.01543	0.04747	0.03780	0.01725	0.01052	0.01388	0.00843	0.00523	0.00540	0.00168	0.00678	0.00484	0.00283	0.00774
24	0.00907	0.00598	0.00712	0.00659	0.00846	0.00523	0.00503	0.01106	0.01411	0.10565	0.36565	0.04341	0.36868	0.01183	0.00633	0.00177	0.00289	0.01009	0.00567	0.00538
25	0.00664	0.00474	0.00633	0.00759	0.00791	0.00443	0.00506	0.00759	0.01044	0.01392	0.03005	0.80485	0.03606	0.01708	0.00696	0.00221	0.00316	0.01550	0.00506	0.00443
26	0.84691	0.01054	0.00801	0.00717	0.01054	0.01223	0.00590	0.01603	0.00928	0.02446	0.00759	0.00886	0.00590	0.00506	0.00337	0.00169	0.00422	0.00295	0.00337	0.00590
27	0.01583	0.01440	0.02204	0.07617	0.12938	0.04893	0.26129	0.24195	0.07432	0.04187	0.01245	0.01434	0.00927	0.00560	0.00576	0.00172	0.00724	0.00546	0.00386	0.00812
28	0.01374	0.01180	0.01243	0.01113	0.01424	0.01364	0.00867	0.04717	0.74606	0.02309	0.02196	0.02016	0.01646	0.00738	0.00554	0.00184	0.00436	0.00613	0.00554	0.00865
29	0.00795	0.00590	0.00829	0.00818	0.00893	0.00668	0.00608	0.00950	0.00912	0.01298	0.07747	0.02580	0.01788	0.20436	0.53137	0.00721	0.03787	0.00659	0.00324	0.00459
30	0.74846	0.07879	0.01004	0.00753	0.01105	0.01318	0.00634	0.04088	0.00998	0.02380	0.00777	0.00899	0.00611	0.00508	0.00345	0.00164	0.00441	0.00301	0.00336	0.00611
31	0.00881	0.00624	0.00839	0.00929	0.01062	0.00622	0.00796	0.01161	0.03182	0.01723	0.10296	0.05554	0.05678	0.01390	0.00710	0.00232	0.00453	0.57705	0.05653	0.00511
32	0.00848	0.00505	0.00592	0.00629	0.00722	0.00486	0.00449	0.01047	0.01181	0.01835	0.15897	0.29956	0.02853	0.01099	0.00539	0.00168	0.00276	0.00961	0.39468	0.00486
33	0.00772	0.00557	0.00729	0.00686	0.00814	0.00514	0.00514	0.01029	0.01543	0.02186	0.77152	0.04072	0.05144	0.01115	0.00643	0.00171	0.00257	0.00986	0.00600	0.00514
34	0.00663	0.00481	0.00626	0.00742	0.00786	0.00444	0.00498	0.00761	0.01061	0.01399	0.03219	0.74090	0.09862	0.01680	0.00691	0.00218	0.00313	0.01516	0.00506	0.00444
35	0.01287	0.01471	0.03217	0.02298	0.02849	0.01379	0.75460	0.01746	0.01287	0.01746	0.01103	0.01471	0.00827	0.00460	0.00643	0.00184	0.00919	0.00643	0.00276	0.00735
36	0.01458	0.81168	0.02857	0.00933	0.01399	0.02157	0.00933	0.01632	0.01108	0.01283	0.00758	0.00875	0.00700	0.00466	0.00350	0.00117	0.00583	0.00292	0.00233	0.00700
37	0.00793	0.00529	0.00595	0.00595	0.00595	0.00529	0.00330	0.00793	0.00793	0.01057	0.01718	0.03568	0.01982	0.80840	0.02775	0.00529	0.00529	0.00793	0.00330	0.00330
38	0.01137	0.08438	0.66159	0.01572	0.02331	0.01341	0.08177	0.01721	0.01159	0.01696	0.00973	0.01158	0.00703	0.00509	0.00516	0.00170	0.00799	0.00415	0.00234	0.00792
39	0.02271	0.01054	0.01324	0.01032	0.01445	0.01009	0.00847	0.14993	0.09457	0.57473	0.02016	0.01782	0.01311	0.00678	0.00548	0.00170	0.00484	0.00546	0.00641	0.00921
40	0.00679	0.00526	0.00620	0.00664	0.00781	0.00467	0.00478	0.00822	0.01215	0.01558	0.15634	0.33329	0.36163	0.01466	0.00667	0.00198	0.00295	0.03454	0.00521	0.00463
41	0.01372	0.01179	0.01241	0.01113	0.01424	0.01363	0.00867	0.04470	0.74856	0.02306	0.02199	0.02018	0.01648	0.00738	0.00555	0.00184	0.00435	0.00614	0.00555	0.00864
42	0.01241	0.00966	0.01142	0.00821	0.01300	0.00733	0.00659	0.01480	0.01166	0.08145	0.01068	0.01191	0.00853	0.00426	0.00416	0.00088	0.00409	0.00342	0.00352	0.77201
43	0.01987	0.09276	0.01656	0.01364	0.01661	0.72151	0.01043	0.02131	0.01508	0.01330	0.00835	0.00974	0.00702	0.00554	0.00480	0.00138	0.00949	0.00346	0.00277	0.00638
44	0.00655	0.00510	0.00596	0.00664	0.00766	0.00451	0.00464	0.00770	0.01135	0.01429	0.04161	0.45935	0.37409	0.01558	0.00672	0.00204	0.00298	0.01367	0.00506	0.00451
45	0.00756	0.00540	0.00738	0.00864	0.00935	0.00522	0.00665	0.00917	0.01134	0.01494	0.02954	0.48744	0.03406	0.01622	0.00720	0.00234	0.00396	0.32387	0.00504	0.00468
46	0.02278	0.00879	0.01176	0.00916	0.01303	0.00767	0.00752	0.02494	0.01511	0.68933	0.02107	0.01876	0.01355	0.00670	0.00529	0.00164	0.00439	0.00544	0.10428	0.00879
47	0.01057	0.00997	0.01684	0.73056	0.10017	0.01218	0.01528	0.01417	0.01103	0.01426	0.00974	0.01445	0.00738	0.00540	0.00545	0.00180	0.00720	0.00485	0.00245	0.00628
48	0.01356	0.01171	0.01233	0.01109	0.01418	0.01356	0.00863	0.02897	0.76455	0.02281	0.02219	0.02034	0.01664	0.00740	0.00555	0.00185	0.00431	0.00616	0.00555	0.00863
49	0.00678	0.00554	0.00599	0.00588	0.00757	0.00475	0.00441	0.00848	0.01323	0.01663	0.24599	0.04934	0.58023	0.01310	0.00644	0.00181	0.00271	0.01107	0.00531	0.00475
50	0.01093	0.02820	0.78016	0.01554	0.02360	0.01266	0.02014	0.01727	0.01151	0.01727	0.00978	0.01151	0.00691	0.00518	0.00518	0.00173	0.00806	0.00403	0.00230	0.00806
51	0.01356	0.01171	0.01233	0.01109	0.01418	0.01356	0.00863	0.02897	0.76455	0.02281	0.02219	0.02034	0.01664	0.00740	0.00555	0.00185	0.00431	0.00616	0.00555	0.00863
52	0.00806	0.00549	0.00688	0.00654	0.00784	0.00512	0.00490	0.01059	0.01471	0.02140	0.63001	0.03786	0.06795	0.01047	0.00602	0.00165	0.00257	0.00915	0.13767	0.00512
53	0.01159	0.02341	0.54689	0.08361	0.05610	0.01271	0.13756	0.01720	0.01180	0.03378	0.01025	0.01252	0.00737	0.00513	0.00542	0.00175	0.00803	0.00455	0.00250	0.00782
54	0.84691	0.01054	0.00801	0.00717	0.01054	0.01223	0.00590	0.01603	0.00928	0.02446	0.00759	0.00886	0.00590	0.00506	0.00337	0.00169	0.00422	0.00295	0.00337	0.00590
55	0.84691	0.01054	0.00801	0.00717	0.01054	0.01223	0.00590	0.01603	0.00928	0.02446	0.00759	0.00886	0.00590	0.00506	0.00337	0.00169	0.00422	0.00295	0.00337	0.00590
56	0.84691	0.01054	0.00801	0.00717	0.01054	0.01223	0.00590	0.01603	0.00928	0.02446	0.00759	0.00886	0.00590	0.00506	0.00337	0.00169	0.00422	0.00295	0.00337	0.00590
57	0.00767	0.00579	0.00715	0.00727	0.00849	0.00550	0.00533	0.01052	0.06824	0.01835	0.36795	0.26462	0.15459	0.01313	0.00655	0.00191	0.00297	0.03333	0.00552	0.00510
58	0.00768	0.00555	0.00707	0.00669	0.00802	0.00510	0.00502	0.01016	0.01506	0.02122	0.68827	0.04108	0.11065	0.01122	0.00635	0.00171	0.00259	0.00985	0.03162	0.00510
59	0.00809	0.00608	0.00755	0.00710	0.00858	0.00580	0.00535	0.01164	0.07790	0.02131	0.64552	0.04005	0.11216	0.01107	0.00636	0.00174	0.00273	0.00970	0.00588	0.00539
60	0.00711	0.00515	0.00628	0.00695	0.00755	0.00482	0.00470	0.00804	0.01043	0.01357	0.05001	0.40213	0.16475	0.21835	0.01220	0.00294	0.00375	0.06241	0.00463	0.00423
61	0.00690	0.00477	0.00623	0.00741	0.00779	0.00448	0.00497	0.00797	0.01051	0.01439	0.02915	0.74744	0.03444	0.01629	0.00673	0.00215	0.00312	0.01474	0.06606	0.00448
62	0.00694	0.00495	0.00661	0.00773	0.00820	0.00466	0.00537	0.00813	0.01095	0.01466	0.08397	0.66763	0.03646	0.03079	0.00735	0.00226	0.00333	0.08041	0.00509	0.00451
63	0.01209	0.06957	0.01882	0.52194	0.14495	0.01341	0.04736	0.07777	0.01248	0.01633	0.00997	0.01384	0.00767	0.00536	0.00534	0.00172	0.00702	0.00478	0.00273	0.00685
64	0.08614	0.01348	0.01381	0.03941	0.07101	0.07870	0.00969	0.15810	0.42276	0.02359	0.01685	0.01647	0.01268	0.00664	0.00528	0.00174	0.00533	0.00530	0.00480	0.00823
65	0.00816	0.00586	0.00794	0.00839	0.00961	0.00564	0.00684	0.01062	0.01382	0.01885	0.38537	0.09010	0.04125	0.01329	0.00697	0.00211	0.00375	0.35089	0.00549	0.00505
66	0.01532	0.17195	0.08540	0.01649	0.14578	0.03729	0.08931	0.16617	0.16147	0.03870	0.01287	0.01379	0.00988	0.00571	0.00514	0.00161	0.00630	0.00481	0.00380	0.00821
67	0.02072	0.01527	0.01636	0.01254	0.01691	0.01691	0.01036	0.75622	0.02563	0.03436	0.01309	0.01309	0.00927	0.00654	0.00545	0.00164	0.00600	0.00491	0.00545	0.00927
68	0.00664	0.00474	0.00633	0.00759	0.00791	0.00443	0.00506	0.00759	0.01044	0.01392	0.03005	0.80485	0.03606	0.01708	0.00696	0.00221	0.00316	0.01550	0.00506	0.00443
69	0.01281	0.01225	0.02089	0.19739	0.61584	0.01277	0.01639	0.01613	0.01209	0.01698	0.01013	0.01372	0.00834	0.00499	0.00541	0.00166	0.00665	0.00485	0.00264	0.00808
70	0.01365	0.01444	0.02903	0.02396	0.16079	0.01390	0.55950	0.08012	0.01387	0.01896	0.01107	0.01435	0.00842	0.00481	0.00617	0.00178	0.00843	0.00602	0.00298	0.00775
71	0.00683	0.00492	0.00632	0.00724	0.00772	0.00457	0.00485	0.00787	0.01080	0.01437	0.09383	0.62043	0.08987	0.08261	0.00862	0.00240	0.00326	0.01409	0.00499	0.00441
72	0.00779	0.00584	0.00876	0.00876	0.00974	0.00681	0.00681	0.00974	0.00876	0.01266	0.01460	0.02142	0.01363	0.04089	0.78680	0.00876	0.01460	0.00584	0.00292	0.00487
73	0.07722	0.01184	0.01269	0.01084	0.01430	0.01320	0.00861	0.14180	0.48657	0.13241	0.01960	0.01811	0.01425	0.00700	0.00536	0.00178	0.00462	0.00563	0.00554	0.00862
74	0.00868	0.00635	0.00919	0.01015	0.01143	0.00629	0.02941	0.01108	0.01234	0.01610	0.02849	0.13772	0.03121	0.01498	0.00744	0.00246	0.00494	0.64177	0.00496	0.00502
75	0.01689	0.01275	0.01380	0.01135	0.01493	0.01417	0.00912	0.36636	0.32408	0.06162	0.08067	0.01859	0.01598	0.00728	0.00557	0.00173	0.00497	0.00586	0.00559	0.00867
76	0.00879	0.00628	0.00879	0.01004	0.01130	0.00628	0.00879	0.01130	0.01255	0.01632	0.02887	0.06150	0.03138	0.01506	0.00753	0.00251	0.00502	0.73770	0.00502	0.00502
77	0.01458	0.81168	0.02857	0.00933	0.01399	0.02157	0.00933	0.01632	0.01108	0.01283	0.00758	0.00875	0.00700	0.00466	0.00350	0.00117	0.00583	0.00292	0.00233	0.00700
78	0.00792	0.00553	0.00710	0.00671	0.00799	0.00514	0.00503	0.01049	0.01510	0.02173	0.70839	0.03902	0.04830	0.01074	0.00621	0.00168	0.00257	0.00946	0.07574	0.00514
79	0.01193	0.01193	0.01670	0.01431	0.01431	0.01670	0.01193	0.01312	0.00835	0.01312	0.00716	0.01193	0.00716	0.00954	0.01789	0.00239	0.79843	0.00477	0.00239	0.00596
80	0.02181	0.04169	0.07045	0.01096	0.01549	0.01151	0.00963	0.23420	0.03376	0.46601	0.01775	0.01616	0.01163	0.00651	0.00538	0.00166	0.00531	0.00513	0.00587	0.00909
81	0.01056	0.00996	0.01684	0.73150	0.09926	0.01218	0.01527	0.01416	0.01103	0.01425	0.00974	0.01445	0.00738	0.00540	0.00545	0.00180	0.00720	0.00485	0.00245	0.00627
82	0.00786	0.00554	0.00726	0.00726	0.00771	0.00600	0.00494	0.00877	0.00832	0.01154	0.01598	0.02903	0.01694	0.45088	0.38133	0.00690	0.00963	0.00696	0.00313	0.00403
83	0.01030	0.00969	0.01635	0.79530	0.03755	0.01211	0.01514	0.01393	0.01090	0.01393	0.00969	0.01453	0.00727	0.00545	0.00545	0.00182	0.00727	0.00484	0.00242	0.00606
84	0.12948	0.01259	0.01196	0.01077	0.01387	0.06994	0.00839	0.02665	0.60513	0.02234	0.01916	0.01798	0.01445	0.00694	0.00520	0.00179	0.00470	0.00552	0.00505	0.00808
85	0.09306	0.02470	0.59977	0.01432	0.02141	0.01321	0.01741	0.11949	0.01325	0.02033	0.01003	0.01147	0.00714	0.00536	0.00504	0.00171	0.00740	0.00405	0.00284	0.00802

[dist]
# distance from previous block
# <min> <max>
0	4

[block]
# block no. 4 follows, 44 sequences, length 20
# corresponding to MSA columns:
# 682-701
name=unknown_E
#
# <colnr> <probs for GDERKNQSTAVLIFYWHMCP>
#	G	D	E	R	K	N	Q	S	T	A	V	L	I	F	Y	W	H	M	C	P
0	0.08714	0.01205	0.01555	0.04215	0.07441	0.03446	0.01107	0.10327	0.01183	0.09485	0.01002	0.01301	0.00832	0.00915	0.04278	0.00231	0.41271	0.00472	0.00334	0.00687
1	0.21142	0.01576	0.12424	0.01584	0.02061	0.06536	0.31038	0.03844	0.01237	0.08106	0.01060	0.01269	0.00784	0.00532	0.00588	0.00177	0.04513	0.00489	0.00323	0.00718
2	0.01387	0.55424	0.18079	0.01093	0.01601	0.05891	0.01157	0.01697	0.03362	0.01420	0.00935	0.01181	0.00823	0.00531	0.00414	0.00137	0.00642	0.03256	0.00255	0.00715
3	0.00761	0.00547	0.00700	0.00679	0.00801	0.00503	0.00503	0.00995	0.01459	0.02055	0.62426	0.11946	0.09275	0.01175	0.00639	0.00176	0.00264	0.01037	0.03556	0.00503
4	0.00866	0.00683	0.00981	0.01153	0.14283	0.00647	0.00715	0.01125	0.01462	0.02064	0.58921	0.06808	0.06094	0.01035	0.00627	0.00172	0.00329	0.00926	0.00536	0.00571
5	0.01703	0.00971	0.01203	0.00889	0.01346	0.00789	0.00723	0.04358	0.01355	0.33122	0.01467	0.01435	0.01034	0.00524	0.00468	0.00120	0.00435	0.00421	0.00475	0.47164
6	0.01030	0.00969	0.01635	0.79530	0.03755	0.01211	0.01514	0.01393	0.01090	0.01393	0.00969	0.01453	0.00727	0.00545	0.00545	0.00182	0.00727	0.00484	0.00242	0.00606
7	0.00793	0.00529	0.00595	0.00595	0.00595	0.00529	0.00330	0.00793	0.00793	0.01057	0.01718	0.03568	0.01982	0.80840	0.02775	0.00529	0.00529	0.00793	0.00330	0.00330
8	0.01938	0.02439	0.01481	0.01348	0.01617	0.72541	0.01011	0.02087	0.01545	0.01401	0.06811	0.01225	0.01050	0.00605	0.00503	0.00143	0.00926	0.00401	0.00306	0.00623
9	0.01093	0.02820	0.78016	0.01554	0.02360	0.01266	0.02014	0.01727	0.01151	0.01727	0.00978	0.01151	0.00691	0.00518	0.00518	0.00173	0.00806	0.00403	0.00230	0.00806
10	0.01030	0.00969	0.01635	0.79530	0.03755	0.01211	0.01514	0.01393	0.01090	0.01393	0.00969	0.01453	0.00727	0.00545	0.00545	0.00182	0.00727	0.00484	0.00242	0.00606
11	0.00793	0.00529	0.00595	0.00595	0.00595	0.00529	0.00330	0.00793	0.00793	0.01057	0.01718	0.03568	0.01982	0.80840	0.02775	0.00529	0.00529	0.00793	0.00330	0.00330
12	0.00664	0.00546	0.00570	0.00575	0.00733	0.00468	0.00419	0.00796	0.01214	0.01477	0.09221	0.09237	0.63074	0.07598	0.00814	0.00212	0.00297	0.01135	0.00498	0.00452
13	0.00664	0.00474	0.00633	0.00759	0.00791	0.00443	0.00506	0.00759	0.01044	0.01392	0.03005	0.80485	0.03606	0.01708	0.00696	0.00221	0.00316	0.01550	0.00506	0.00443
14	0.02028	0.01505	0.01611	0.01245	0.01674	0.01670	0.01026	0.71162	0.07095	0.03365	0.01365	0.01353	0.00972	0.00660	0.00546	0.00165	0.00590	0.00499	0.00546	0.00923
15	0.00669	0.00476	0.00631	0.00753	0.00784	0.00446	0.00500	0.00760	0.01035	0.01379	0.02957	0.77657	0.03546	0.04617	0.00772	0.00233	0.00324	0.01522	0.00500	0.00439
16	0.14556	0.01103	0.01316	0.01135	0.05790	0.01112	0.00870	0.16052	0.08759	0.41076	0.01727	0.01596	0.01159	0.00641	0.00516	0.00169	0.00490	0.00502	0.00565	0.00867
17	0.05995	0.18466	0.01948	0.06358	0.15597	0.09951	0.01139	0.30081	0.01728	0.02273	0.01041	0.01176	0.00813	0.00559	0.00486	0.00152	0.00645	0.00422	0.00371	0.00798
18	0.01231	0.00790	0.00757	0.00690	0.00878	0.04546	0.00533	0.11522	0.05975	0.02204	0.01696	0.01883	0.01316	0.00641	0.00419	0.00136	0.00348	0.00505	0.63339	0.00593
19	0.06266	0.10712	0.26304	0.07434	0.05005	0.08916	0.03424	0.11976	0.01379	0.05412	0.01025	0.01184	0.00771	0.00547	0.00527	0.00159	0.02896	0.00412	0.00315	0.05335

[dist]
# distance from previous block
# <min> <max>
0	1

[block]
# block no. 5 follows, 44 sequences, length 25
# corresponding to MSA columns:
# 703-727
name=unknown_F
#
# <colnr> <probs for GDERKNQSTAVLIFYWHMCP>
#	G	D	E	R	K	N	Q	S	T	A	V	L	I	F	Y	W	H	M	C	P
0	0.07080	0.00578	0.00590	0.00564	0.00711	0.00581	0.00418	0.01331	0.01115	0.07023	0.01723	0.02118	0.01405	0.10013	0.00669	0.00180	0.00312	0.00529	0.62538	0.00521
1	0.00699	0.00506	0.00665	0.00758	0.00823	0.00472	0.00536	0.00835	0.01150	0.01537	0.14100	0.57264	0.08631	0.01580	0.00690	0.00214	0.00322	0.08238	0.00520	0.00460
2	0.00968	0.00601	0.00792	0.00719	0.00882	0.00548	0.00548	0.01219	0.01545	0.11035	0.68376	0.03813	0.04700	0.01063	0.00632	0.00171	0.00281	0.00935	0.00609	0.00563
3	0.00765	0.00501	0.00631	0.00699	0.00772	0.00475	0.00492	0.00928	0.01165	0.01683	0.16731	0.47446	0.03418	0.01364	0.00621	0.00193	0.00297	0.03269	0.18077	0.00472
4	0.01458	0.81168	0.02857	0.00933	0.01399	0.02157	0.00933	0.01632	0.01108	0.01283	0.00758	0.00875	0.00700	0.00466	0.00350	0.00117	0.00583	0.00292	0.00233	0.00700
5	0.01389	0.66388	0.17035	0.01050	0.01580	0.01989	0.01137	0.01650	0.01116	0.01366	0.00800	0.00927	0.00698	0.00476	0.00382	0.00127	0.00625	0.00313	0.00233	0.00720
6	0.01093	0.02820	0.78016	0.01554	0.02360	0.01266	0.02014	0.01727	0.01151	0.01727	0.00978	0.01151	0.00691	0.00518	0.00518	0.00173	0.00806	0.00403	0.00230	0.00806
7	0.00688	0.00485	0.00625	0.00728	0.00754	0.00459	0.00473	0.00765	0.00996	0.01329	0.02762	0.65975	0.03299	0.16636	0.01088	0.00279	0.00356	0.01407	0.00473	0.00422
8	0.02037	0.02598	0.01545	0.01404	0.01685	0.78652	0.01053	0.02177	0.01545	0.01334	0.00843	0.00983	0.00702	0.00562	0.00492	0.00140	0.00983	0.00351	0.00281	0.00632
9	0.00722	0.00555	0.00660	0.00634	0.00784	0.00493	0.00475	0.00932	0.01426	0.01907	0.49108	0.04532	0.33362	0.01219	0.00644	0.00176	0.00265	0.01050	0.00563	0.00493
10	0.00664	0.00474	0.00633	0.00759	0.00791	0.00443	0.00506	0.00759	0.01044	0.01392	0.03005	0.80485	0.03606	0.01708	0.00696	0.00221	0.00316	0.01550	0.00506	0.00443
11	0.01156	0.01007	0.01257	0.01105	0.10202	0.00793	0.00766	0.01408	0.01143	0.01777	0.00976	0.01156	0.00814	0.00413	0.00420	0.00090	0.00432	0.00342	0.00317	0.74425
12	0.00688	0.00540	0.00627	0.00672	0.00804	0.00480	0.00502	0.00837	0.01215	0.01528	0.10460	0.25574	0.42707	0.01462	0.00671	0.00201	0.00312	0.09742	0.00513	0.00465
13	0.02070	0.01613	0.01629	0.01266	0.01690	0.07835	0.01038	0.69758	0.02482	0.03268	0.01272	0.01283	0.00909	0.00647	0.00541	0.00162	0.00631	0.00480	0.00524	0.00904
14	0.01294	0.01423	0.10922	0.15246	0.50438	0.01295	0.01626	0.04344	0.04829	0.01795	0.01078	0.01374	0.00862	0.00517	0.00539	0.00168	0.00667	0.00482	0.00284	0.00817
15	0.07249	0.01196	0.01786	0.16327	0.27976	0.01426	0.01365	0.05737	0.01127	0.01691	0.00906	0.01279	0.00772	0.00669	0.00956	0.00192	0.27892	0.00469	0.00275	0.00708
16	0.01562	0.01044	0.01276	0.06680	0.01519	0.01158	0.00898	0.05735	0.28819	0.22443	0.02219	0.02142	0.09518	0.00803	0.00731	0.00187	0.11345	0.00621	0.00516	0.00785
17	0.00951	0.00754	0.01136	0.35103	0.02134	0.00840	0.00970	0.03201	0.01222	0.04626	0.15372	0.24402	0.05102	0.01013	0.00609	0.00190	0.00497	0.00902	0.00416	0.00560
18	0.01646	0.10901	0.07749	0.02153	0.35376	0.10469	0.01355	0.10860	0.01455	0.11226	0.01142	0.01293	0.00880	0.00539	0.00512	0.00156	0.00663	0.00449	0.00347	0.00828
19	0.05647	0.02954	0.01076	0.12960	0.03870	0.00862	0.03146	0.09761	0.01325	0.01756	0.04385	0.16525	0.31486	0.01088	0.00598	0.00184	0.00439	0.00929	0.00440	0.00570
20	0.00864	0.01355	0.27928	0.01087	0.01418	0.00788	0.04428	0.01167	0.01105	0.01552	0.07628	0.35819	0.02412	0.08902	0.00830	0.00229	0.00532	0.00990	0.00389	0.00578
21	0.04228	0.07938	0.04107	0.01413	0.15765	0.01141	0.00991	0.10949	0.03717	0.16028	0.01254	0.01327	0.00939	0.00523	0.00475	0.00135	0.00515	0.00424	0.00402	0.27727
22	0.11018	0.03482	0.01042	0.00923	0.03438	0.03250	0.03022	0.01282	0.01181	0.06930	0.11901	0.29450	0.02377	0.00999	0.00553	0.00168	0.00408	0.00870	0.00443	0.17264
23	0.01327	0.13524	0.08106	0.01107	0.03743	0.05277	0.03477	0.05072	0.09632	0.04309	0.01320	0.01508	0.03146	0.00555	0.00468	0.00130	0.00535	0.02672	0.00354	0.33740
24	0.23155	0.03718	0.01307	0.01041	0.04385	0.03084	0.02906	0.12738	0.03589	0.10911	0.01134	0.01210	0.00853	0.00520	0.00441	0.00138	0.00490	0.00391	0.00400	0.27589

[dist]
# distance from previous block
# <min> <max>
5	27

[block]
# block no. 6 follows, 44 sequences, length 14
# corresponding to MSA columns:
# 755-768
name=unknown_G
#
# <colnr> <probs for GDERKNQSTAVLIFYWHMCP>
#	G	D	E	R	K	N	Q	S	T	A	V	L	I	F	Y	W	H	M	C	P
0	0.06612	0.16858	0.01696	0.01118	0.01507	0.01509	0.04265	0.16535	0.31266	0.10642	0.01612	0.01554	0.01196	0.00636	0.00503	0.00165	0.00519	0.00503	0.00478	0.00829
1	0.01442	0.08593	0.24118	0.01747	0.20463	0.01208	0.03696	0.03861	0.01275	0.13846	0.01169	0.01299	0.00868	0.00515	0.00500	0.00150	0.00628	0.00434	0.00336	0.13851
2	0.01365	0.21815	0.27313	0.04458	0.16650	0.01439	0.01429	0.04218	0.03257	0.07730	0.04577	0.01350	0.01019	0.00550	0.00491	0.00156	0.00647	0.00441	0.00311	0.00785
3	0.01393	0.17548	0.19033	0.08514	0.03200	0.03523	0.10675	0.01998	0.15929	0.09148	0.01346	0.01515	0.01025	0.00584	0.00518	0.00166	0.00657	0.02105	0.00353	0.00770
4	0.01293	0.00974	0.01595	0.13897	0.20478	0.00988	0.08395	0.01566	0.01270	0.14626	0.09642	0.11063	0.04771	0.00816	0.00641	0.00183	0.03691	0.03000	0.00412	0.00699
5	0.01342	0.15545	0.45211	0.04270	0.02158	0.09255	0.06748	0.01802	0.01216	0.06149	0.01006	0.01163	0.00743	0.00520	0.00499	0.00161	0.00771	0.00407	0.00266	0.00766
6	0.00878	0.00765	0.08553	0.00841	0.01004	0.00565	0.00681	0.01050	0.01141	0.08642	0.06264	0.55987	0.08642	0.01439	0.00658	0.00206	0.00374	0.01284	0.00498	0.00530
7	0.03089	0.01578	0.16925	0.04167	0.07940	0.03685	0.08734	0.23907	0.01651	0.09214	0.05224	0.06366	0.01298	0.00693	0.00578	0.00174	0.01667	0.01903	0.00418	0.00790
8	0.01302	0.19369	0.24396	0.05329	0.05879	0.03882	0.06450	0.01650	0.01187	0.07703	0.01219	0.08634	0.01052	0.00616	0.00499	0.00155	0.00643	0.00513	0.00310	0.09211
9	0.00802	0.00646	0.00940	0.01244	0.15771	0.00615	0.00727	0.00953	0.01124	0.01515	0.06598	0.54967	0.09174	0.01412	0.00658	0.00204	0.00375	0.01280	0.00465	0.00530
10	0.01615	0.01315	0.02094	0.02541	0.45531	0.01322	0.09359	0.16254	0.01543	0.11199	0.01224	0.01415	0.00930	0.00539	0.00553	0.00165	0.00645	0.00511	0.00373	0.00870
11	0.01454	0.03977	0.33108	0.01257	0.01826	0.01152	0.03993	0.09161	0.07020	0.15984	0.03108	0.01600	0.04263	0.00611	0.00525	0.00162	0.00618	0.00496	0.00398	0.09289
12	0.01848	0.01315	0.01625	0.01267	0.01665	0.01398	0.08678	0.45424	0.08229	0.12674	0.01631	0.08889	0.01284	0.00743	0.00571	0.00174	0.00575	0.00624	0.00531	0.00857
13	0.00707	0.00503	0.00647	0.00743	0.00810	0.00470	0.00526	0.00839	0.01119	0.01504	0.07615	0.57133	0.11016	0.01563	0.00676	0.00212	0.00323	0.08200	0.04934	0.00458

[dist]
# distance from previous block
# <min> <max>
0	2

[block]
# block no. 7 follows, 44 sequences, length 29
# corresponding to MSA columns:
# 771-799
name=unknown_H
#
# <colnr> <probs for GDERKNQSTAVLIFYWHMCP>
#	G	D	E	R	K	N	Q	S	T	A	V	L	I	F	Y	W	H	M	C	P
0	0.01466	0.01292	0.07378	0.01138	0.01496	0.01297	0.00967	0.14543	0.46744	0.06778	0.04887	0.02151	0.01667	0.00763	0.00565	0.00183	0.00488	0.04827	0.00533	0.00838
1	0.07877	0.05667	0.02243	0.01569	0.02055	0.01185	0.38543	0.01621	0.03485	0.01790	0.01114	0.03931	0.00913	0.00497	0.00531	0.00150	0.00674	0.00531	0.00308	0.25315
