[name]
unknown

[dist]
# distance from previous block
# <min> <max>
0	141

[block]
# block no. 0 follows, 47 sequences, length 30
# corresponding to MSA columns:
# 141-170
name=unknown_A
#
# <colnr> <probs for GDERKNQSTAVLIFYWHMCP>
#	G	D	E	R	K	N	Q	S	T	A	V	L	I	F	Y	W	H	M	C	P
0	0.02015	0.00903	0.01144	0.00912	0.01264	0.00848	0.00749	0.11586	0.04313	0.53456	0.01944	0.01921	0.01333	0.00676	0.00512	0.00160	0.00435	0.03897	0.11117	0.00815
1	0.01348	0.01164	0.01202	0.01064	0.01343	0.04823	0.00831	0.11758	0.55118	0.02202	0.05492	0.05722	0.01678	0.00756	0.00572	0.00175	0.02848	0.00618	0.00508	0.00779
2	0.01077	0.01031	0.01660	0.48754	0.20728	0.02494	0.01405	0.01379	0.01046	0.01402	0.00931	0.01360	0.00751	0.00704	0.04244	0.00205	0.09492	0.00465	0.00240	0.00631
3	0.85377	0.01007	0.00765	0.00685	0.01007	0.01168	0.00564	0.01531	0.00886	0.02336	0.00725	0.00846	0.00564	0.00483	0.00322	0.00161	0.00403	0.00282	0.00322	0.00564
4	0.00801	0.00616	0.00885	0.04381	0.01044	0.00586	0.05400	0.01040	0.01346	0.03720	0.50818	0.03591	0.15190	0.01251	0.06813	0.00220	0.00404	0.00883	0.00503	0.00509
5	0.00901	0.00640	0.00972	0.09854	0.05751	0.00657	0.03803	0.00931	0.00850	0.01153	0.01252	0.04511	0.01275	0.19714	0.07781	0.31416	0.00586	0.03351	0.00276	0.04324
6	0.01189	0.01324	0.02822	0.02037	0.02503	0.01263	0.67827	0.01582	0.01176	0.01601	0.01086	0.01552	0.00873	0.06837	0.00814	0.00203	0.03755	0.00620	0.00266	0.00667
7	0.00657	0.00461	0.00611	0.00728	0.00766	0.00434	0.00496	0.00760	0.01010	0.01363	0.02823	0.74840	0.03347	0.01585	0.00656	0.00210	0.00309	0.05001	0.03516	0.00428
8	0.01234	0.07631	0.05330	0.10561	0.26301	0.02350	0.24725	0.04936	0.03234	0.01666	0.01136	0.06420	0.00969	0.00551	0.00541	0.00164	0.00685	0.00560	0.00286	0.00720
9	0.01285	0.01397	0.10388	0.13189	0.36506	0.01279	0.13349	0.09630	0.04535	0.01828	0.01056	0.01324	0.00822	0.00499	0.00531	0.00163	0.00673	0.00485	0.00291	0.00772
10	0.00652	0.00470	0.00618	0.00705	0.00758	0.00436	0.00482	0.00773	0.01091	0.01471	0.16702	0.64364	0.06512	0.01516	0.00654	0.00201	0.00290	0.01368	0.00500	0.00436
11	0.01203	0.01052	0.01230	0.06510	0.03208	0.02663	0.03081	0.04914	0.48285	0.02032	0.11321	0.05745	0.01909	0.00769	0.00591	0.00176	0.03447	0.00649	0.00482	0.00733
12	0.00655	0.00513	0.00586	0.00606	0.00731	0.00453	0.00439	0.00798	0.01188	0.01517	0.19552	0.21026	0.42544	0.04705	0.00713	0.00196	0.00283	0.02559	0.00495	0.00442
13	0.01028	0.00942	0.01545	0.59283	0.08389	0.01131	0.03331	0.04102	0.01075	0.01409	0.01007	0.01538	0.00821	0.06450	0.03583	0.00221	0.02815	0.00491	0.00253	0.00587
14	0.00745	0.00554	0.00816	0.00816	0.00902	0.00640	0.00625	0.00917	0.00831	0.01194	0.01414	0.02149	0.01347	0.09821	0.73781	0.00812	0.01327	0.00573	0.00282	0.00454
15	0.01067	0.00578	0.00588	0.00553	0.00703	0.00593	0.00424	0.08390	0.01221	0.02069	0.01656	0.01876	0.01292	0.00608	0.00379	0.00125	0.00274	0.00484	0.76598	0.00523
16	0.07612	0.13568	0.18536	0.04379	0.02070	0.03222	0.27389	0.01698	0.04349	0.05241	0.01027	0.01219	0.00776	0.00478	0.00495	0.00154	0.00693	0.00453	0.00283	0.06356
17	0.01099	0.01075	0.01290	0.04842	0.01313	0.10245	0.00939	0.01215	0.00929	0.01267	0.04533	0.03922	0.02816	0.01432	0.13662	0.07319	0.40790	0.00525	0.00270	0.00518
18	0.63878	0.08780	0.01081	0.00788	0.01137	0.01325	0.00664	0.13718	0.01156	0.02384	0.00810	0.00910	0.00626	0.00503	0.00356	0.00156	0.00445	0.00312	0.00345	0.00626
19	0.85377	0.01007	0.00765	0.00685	0.01007	0.01168	0.00564	0.01531	0.00886	0.02336	0.00725	0.00846	0.00564	0.00483	0.00322	0.00161	0.00403	0.00282	0.00322	0.00564
20	0.05862	0.01438	0.01526	0.01174	0.01587	0.01594	0.00970	0.73213	0.02376	0.03238	0.01226	0.01231	0.00871	0.00619	0.00512	0.00157	0.00565	0.00460	0.00512	0.00871
21	0.01980	0.01459	0.01563	0.01198	0.01615	0.01615	0.00990	0.76713	0.02448	0.03282	0.01250	0.01250	0.00886	0.00625	0.00521	0.00156	0.00573	0.00469	0.00521	0.00886
22	0.01323	0.00983	0.01560	0.44751	0.11241	0.01092	0.04065	0.04439	0.03990	0.16474	0.01369	0.01599	0.03689	0.00575	0.00528	0.00169	0.00614	0.00508	0.00346	0.00686
23	0.25420	0.00994	0.01098	0.00939	0.01216	0.05067	0.02964	0.06486	0.02894	0.21010	0.01350	0.01619	0.01059	0.02543	0.15862	0.00303	0.04960	0.03159	0.00407	0.00651
24	0.00981	0.00631	0.00790	0.00747	0.00919	0.00599	0.00582	0.01293	0.07663	0.11593	0.36726	0.06679	0.13364	0.04083	0.00688	0.00191	0.00331	0.11048	0.00541	0.00552
25	0.00983	0.00926	0.01562	0.80447	0.03587	0.01157	0.01446	0.01331	0.01041	0.01331	0.00926	0.01388	0.00694	0.00521	0.00521	0.00174	0.00694	0.00463	0.00231	0.00579
26	0.01306	0.14784	0.34105	0.01480	0.04779	0.01380	0.13960	0.09606	0.03290	0.05275	0.01034	0.01184	0.00770	0.00506	0.00510	0.00155	0.01878	0.00428	0.00291	0.03280
27	0.00750	0.00504	0.00668	0.00708	0.00745	0.00515	0.00487	0.00801	0.00861	0.01163	0.01900	0.22482	0.02130	0.29251	0.17268	0.11182	0.00623	0.07236	0.00353	0.00375
28	0.00651	0.00496	0.00600	0.00668	0.00761	0.00448	0.00478	0.00775	0.01100	0.01409	0.07635	0.43476	0.29439	0.02878	0.00684	0.00204	0.00303	0.07076	0.00485	0.00435
29	0.21140	0.01123	0.01620	0.18839	0.16356	0.01213	0.10577	0.09425	0.04455	0.08808	0.01089	0.01288	0.00810	0.00521	0.00486	0.00165	0.00588	0.00451	0.00341	0.00706

[dist]
# distance from previous block
# <min> <max>
0	5

[block]
# block no. 1 follows, 47 sequences, length 35
# corresponding to MSA columns:
# 176-210
name=unknown_B
#
# <colnr> <probs for GDERKNQSTAVLIFYWHMCP>
#	G	D	E	R	K	N	Q	S	T	A	V	L	I	F	Y	W	H	M	C	P
0	0.18600	0.09198	0.09438	0.04057	0.06467	0.01336	0.08596	0.10366	0.10289	0.01970	0.01043	0.01193	0.00814	0.00543	0.00547	0.00157	0.06584	0.00417	0.00328	0.08055
1	0.03317	0.01343	0.08995	0.36323	0.13457	0.11610	0.02379	0.01523	0.01129	0.04293	0.01031	0.04747	0.00848	0.00576	0.00561	0.00165	0.04102	0.00478	0.00270	0.02854
2	0.00677	0.00481	0.00582	0.00645	0.00681	0.00455	0.00412	0.00739	0.00932	0.01222	0.02701	0.44268	0.11492	0.30664	0.01380	0.00314	0.00371	0.01174	0.00422	0.00386
3	0.00962	0.00655	0.00860	0.00895	0.06053	0.00615	0.00615	0.03553	0.01268	0.10013	0.23416	0.26431	0.14694	0.01140	0.00627	0.00177	0.02321	0.00994	0.00498	0.04213
4	0.04013	0.08282	0.14969	0.02479	0.10735	0.12404	0.06613	0.08421	0.03382	0.19410	0.01221	0.01284	0.00880	0.00537	0.00491	0.00152	0.00642	0.00435	0.00372	0.03276
5	0.00782	0.00496	0.00587	0.00587	0.00587	0.00496	0.00339	0.00744	0.00744	0.00992	0.01515	0.03097	0.01725	0.68087	0.02546	0.14875	0.00496	0.00705	0.00300	0.00300
6	0.01879	0.00804	0.01076	0.00859	0.01184	0.00714	0.00696	0.04289	0.01514	0.55163	0.23285	0.02348	0.02289	0.00761	0.00549	0.00162	0.00392	0.00639	0.00621	0.00776
7	0.01315	0.01737	0.25951	0.07648	0.11978	0.06523	0.09097	0.11026	0.09046	0.04277	0.05392	0.01445	0.01073	0.00563	0.00524	0.00163	0.00668	0.00487	0.00334	0.00752
8	0.01700	0.05520	0.30244	0.01248	0.01778	0.10774	0.03920	0.07726	0.01388	0.28647	0.01328	0.01325	0.00903	0.00558	0.00501	0.00157	0.00656	0.00437	0.00399	0.00792
9	0.01692	0.02049	0.01455	0.06175	0.01653	0.56447	0.01025	0.01913	0.05500	0.01353	0.03581	0.01154	0.00873	0.00618	0.00660	0.00153	0.12413	0.00396	0.00285	0.00605
10	0.04076	0.00927	0.01075	0.00776	0.01231	0.00714	0.00622	0.01377	0.01092	0.05348	0.00972	0.01104	0.00788	0.00401	0.00390	0.00084	0.00389	0.00318	0.00325	0.77992
11	0.01371	0.05723	0.02305	0.01670	0.02066	0.03339	0.38900	0.07409	0.13577	0.05993	0.01223	0.01423	0.00930	0.00571	0.00711	0.00176	0.11002	0.00549	0.00340	0.00724
12	0.00798	0.00531	0.00681	0.00670	0.00791	0.00486	0.00492	0.00995	0.01325	0.06034	0.47488	0.22217	0.10220	0.01181	0.00613	0.00174	0.00271	0.01044	0.03496	0.00492
13	0.01247	0.05659	0.32053	0.01673	0.08503	0.02432	0.18321	0.07778	0.11753	0.01826	0.01135	0.01298	0.00850	0.00528	0.00552	0.00166	0.02688	0.00474	0.00300	0.00764
14	0.00714	0.00521	0.00595	0.00581	0.00687	0.00478	0.00405	0.00854	0.01162	0.01557	0.29354	0.04031	0.27894	0.23640	0.01171	0.00261	0.00324	0.00920	0.04426	0.00425
15	0.01267	0.04937	0.19897	0.09988	0.09082	0.03973	0.02154	0.08039	0.03984	0.09998	0.11752	0.01927	0.07402	0.00678	0.00555	0.00163	0.02571	0.00558	0.00377	0.00699
16	0.01278	0.00883	0.01013	0.00908	0.01159	0.00938	0.00703	0.02122	0.40000	0.15053	0.17780	0.08988	0.05188	0.00868	0.00560	0.00174	0.00369	0.00742	0.00553	0.00720
17	0.01181	0.01872	0.36807	0.04984	0.10294	0.03522	0.07585	0.08879	0.07473	0.01834	0.04639	0.03507	0.03895	0.00602	0.00526	0.00166	0.00663	0.00517	0.00315	0.00740
18	0.05970	0.00711	0.00878	0.00875	0.03792	0.02983	0.02590	0.01027	0.01145	0.01638	0.20346	0.32656	0.07611	0.01119	0.00628	0.00174	0.03847	0.00976	0.00443	0.10590
19	0.05143	0.01035	0.01692	0.31519	0.29652	0.01135	0.04285	0.01491	0.01144	0.06290	0.07091	0.01538	0.01107	0.00563	0.00572	0.00167	0.04092	0.00502	0.00298	0.00682
20	0.22764	0.01545	0.01255	0.12567	0.01686	0.29430	0.00899	0.07270	0.01287	0.05124	0.00905	0.01058	0.00703	0.00513	0.00436	0.00142	0.00651	0.00355	0.00317	0.11094
21	0.34856	0.01637	0.01156	0.01016	0.01329	0.35198	0.00794	0.03179	0.01262	0.13749	0.00975	0.01037	0.00728	0.00534	0.00421	0.00149	0.00645	0.00346	0.00352	0.00637
22	0.01148	0.01109	0.01742	0.33837	0.28780	0.03969	0.03603	0.02701	0.01136	0.01538	0.05799	0.01467	0.01010	0.00578	0.00655	0.00171	0.09330	0.00493	0.00269	0.00666
23	0.01136	0.01126	0.01564	0.01331	0.01359	0.01540	0.01108	0.01257	0.00815	0.01280	0.00698	0.01136	0.00689	0.00879	0.01628	0.00219	0.75854	0.00447	0.00233	0.05701
24	0.01156	0.00923	0.01088	0.00781	0.01240	0.00699	0.00626	0.01386	0.01105	0.06391	0.00994	0.01122	0.00803	0.00401	0.00394	0.00082	0.00389	0.00322	0.00329	0.79769
25	0.00815	0.00675	0.00723	0.00700	0.00824	0.05614	0.00510	0.02924	0.01192	0.01551	0.24978	0.08273	0.21671	0.14115	0.12818	0.00322	0.00520	0.00876	0.00440	0.00461
26	0.00670	0.00494	0.00627	0.00670	0.00756	0.00451	0.00473	0.00824	0.01203	0.01624	0.31296	0.41092	0.15153	0.01374	0.00639	0.00188	0.00275	0.01223	0.00517	0.00451
27	0.00907	0.00862	0.03230	0.08846	0.10096	0.00810	0.11270	0.03744	0.03270	0.01582	0.05637	0.15480	0.26101	0.01010	0.00600	0.00181	0.00474	0.04930	0.00403	0.00568
28	0.68554	0.00983	0.00855	0.00734	0.01072	0.01087	0.00605	0.01735	0.01009	0.17829	0.00994	0.01034	0.00711	0.00516	0.00363	0.00161	0.00411	0.00331	0.00388	0.00629
29	0.04219	0.30412	0.28643	0.03413	0.06464	0.04058	0.04084	0.04294	0.01156	0.05183	0.00912	0.01060	0.00714	0.00498	0.00474	0.00146	0.02920	0.00369	0.00261	0.00721
30	0.00744	0.00558	0.00837	0.00837	0.00930	0.00651	0.00651	0.00930	0.00837	0.01209	0.01395	0.02046	0.01302	0.03906	0.79635	0.00837	0.01395	0.00558	0.00279	0.00465
31	0.00888	0.00744	0.03636	0.10976	0.09460	0.00677	0.00771	0.01127	0.01279	0.05840	0.31737	0.08792	0.20074	0.00988	0.00587	0.00170	0.00378	0.00863	0.00462	0.00552
32	0.05027	0.01205	0.01206	0.01167	0.06732	0.09320	0.00839	0.09329	0.42822	0.02048	0.01660	0.01713	0.01292	0.03522	0.00647	0.04161	0.00491	0.00522	0.05568	0.00729
33	0.46135	0.02301	0.01199	0.01082	0.04976	0.18335	0.07288	0.01621	0.01102	0.01958	0.04237	0.01235	0.00899	0.00544	0.00414	0.00156	0.00564	0.02320	0.03045	0.00590
34	0.01311	0.09543	0.23029	0.01218	0.01657	0.03327	0.11418	0.08545	0.01248	0.11410	0.01481	0.05514	0.05748	0.03606	0.00735	0.08036	0.00616	0.00547	0.00342	0.00667

[dist]
# distance from previous block
# <min> <max>
0	18

[block]
# block no. 2 follows, 47 sequences, length 10
# corresponding to MSA columns:
# 229-238
name=unknown_C
#
# <colnr> <probs for GDERKNQSTAVLIFYWHMCP>
#	G	D	E	R	K	N	Q	S	T	A	V	L	I	F	Y	W	H	M	C	P
0	0.01179	0.12286	0.09884	0.11232	0.03548	0.01203	0.09691	0.08557	0.10618	0.01776	0.05629	0.05375	0.04507	0.00628	0.00502	0.00151	0.00555	0.00544	0.00349	0.11785
1	0.01220	0.01178	0.01939	0.12552	0.53374	0.01300	0.01486	0.01494	0.01089	0.01564	0.00913	0.01271	0.00780	0.00562	0.00758	0.00172	0.16895	0.00462	0.00248	0.00742
2	0.01056	0.01036	0.01896	0.01447	0.01787	0.01006	0.36560	0.01582	0.13071	0.01903	0.29942	0.02413	0.02449	0.00713	0.00601	0.00171	0.00571	0.00732	0.00420	0.00643
3	0.00891	0.00615	0.00708	0.00660	0.00835	0.00577	0.00505	0.05663	0.03399	0.05928	0.30089	0.06358	0.29815	0.01076	0.00581	0.00167	0.00293	0.02391	0.08924	0.00524
4	0.16749	0.30480	0.07370	0.00800	0.01146	0.01322	0.00757	0.04860	0.04169	0.01801	0.01104	0.01243	0.00889	0.00522	0.00369	0.00132	0.00448	0.00368	0.24853	0.00619
5	0.04101	0.00545	0.00657	0.00642	0.00776	0.00506	0.00476	0.00987	0.01302	0.04196	0.43369	0.15968	0.16670	0.01131	0.00591	0.00170	0.00270	0.00984	0.06172	0.00486
6	0.01255	0.01166	0.01916	0.24875	0.51482	0.01243	0.01509	0.07206	0.01240	0.01716	0.00985	0.01314	0.00793	0.00492	0.00517	0.00160	0.00637	0.00464	0.00270	0.00760
7	0.07478	0.02174	0.01468	0.04466	0.05104	0.60731	0.01019	0.08707	0.01494	0.01548	0.00852	0.00994	0.00691	0.00537	0.00468	0.00140	0.00846	0.00355	0.00293	0.00635
8	0.01132	0.01134	0.09834	0.01589	0.14325	0.00949	0.17520	0.03571	0.02879	0.07621	0.05249	0.12432	0.05909	0.00959	0.03764	0.00207	0.00611	0.09279	0.00380	0.00657
9	0.09121	0.22134	0.11074	0.01124	0.01560	0.06739	0.04701	0.16577	0.11651	0.08766	0.01178	0.01215	0.00885	0.00548	0.00455	0.00149	0.00584	0.00412	0.00373	0.00751

[dist]
# distance from previous block
# <min> <max>
1	34

[block]
# block no. 3 follows, 47 sequences, length 6
# corresponding to MSA columns:
# 274-279
name=unknown_D
#
# <colnr> <probs for GDERKNQSTAVLIFYWHMCP>
#	G	D	E	R	K	N	Q	S	T	A	V	L	I	F	Y	W	H	M	C	P
0	0.05654	0.10854	0.06843	0.05161	0.19488	0.09048	0.04881	0.07263	0.01243	0.04167	0.00949	0.01143	0.00763	0.00495	0.00511	0.00139	0.04020	0.00395	0.00295	0.16689
1	0.04407	0.16595	0.13601	0.10327	0.01504	0.01094	0.00909	0.04944	0.01090	0.05273	0.04490	0.01929	0.03366	0.21343	0.01016	0.00236	0.00549	0.00514	0.00314	0.06501
2	0.00659	0.00529	0.00588	0.00573	0.00730	0.00458	0.00430	0.00831	0.01289	0.01650	0.31300	0.04611	0.52062	0.01228	0.00615	0.00172	0.00257	0.01043	0.00516	0.00458
3	0.00873	0.00961	0.12521	0.07421	0.04122	0.00750	0.06077	0.01116	0.01071	0.01447	0.02007	0.22830	0.02140	0.01287	0.03469	0.06678	0.00556	0.23777	0.00374	0.00523
4	0.01405	0.21896	0.12812	0.01726	0.20981	0.03728	0.09605	0.05303	0.03205	0.09365	0.01141	0.04565	0.00933	0.00544	0.00484	0.00151	0.00624	0.00471	0.00312	0.00750
5	0.01084	0.00880	0.01527	0.01278	0.03867	0.00872	0.21859	0.01338	0.01203	0.09084	0.19717	0.06480	0.02264	0.08128	0.04901	0.00245	0.06694	0.07590	0.00407	0.00584

[dist]
# distance from previous block
# <min> <max>
0	6

[block]
# block no. 4 follows, 47 sequences, length 12
# corresponding to MSA columns:
# 286-297
name=unknown_E
#
# <colnr> <probs for GDERKNQSTAVLIFYWHMCP>
#	G	D	E	R	K	N	Q	S	T	A	V	L	I	F	Y	W	H	M	C	P
0	0.00864	0.00552	0.00682	0.00703	0.00833	0.00500	0.00522	0.00998	0.01137	0.10199	0.06609	0.29686	0.25448	0.08143	0.00807	0.00222	0.00345	0.10780	0.00491	0.00482
1	0.01370	0.08862	0.12961	0.01466	0.03481	0.05104	0.17078	0.04036	0.07220	0.04616	0.03359	0.04330	0.01497	0.05528	0.03897	0.00251	0.04719	0.09091	0.00396	0.00740
2	0.02763	0.05733	0.11973	0.31373	0.06506	0.03140	0.01237	0.01404	0.01110	0.05870	0.01429	0.08111	0.01326	0.00765	0.00572	0.00181	0.02383	0.13192	0.00318	0.00612
3	0.00651	0.00465	0.00623	0.00744	0.00781	0.00437	0.00512	0.00754	0.01013	0.01348	0.02861	0.75282	0.03408	0.01616	0.00669	0.00214	0.00316	0.07394	0.00483	0.00428
4	0.01113	0.01087	0.01524	0.57677	0.04900	0.08267	0.01321	0.04325	0.01109	0.01398	0.00942	0.01364	0.00741	0.00767	0.05631	0.00215	0.06322	0.00457	0.00250	0.00591
5	0.01734	0.23585	0.01872	0.01240	0.01575	0.48215	0.04380	0.05039	0.05181	0.01407	0.00878	0.00995	0.00730	0.00520	0.00445	0.00133	0.00793	0.00351	0.00279	0.00648
6	0.01444	0.01245	0.01680	0.10039	0.06785	0.01370	0.12643	0.23285	0.31370	0.02290	0.01507	0.01562	0.01121	0.00607	0.00538	0.00169	0.00573	0.00537	0.00437	0.00796
7	0.01793	0.01449	0.01482	0.01254	0.05232	0.08366	0.00969	0.54313	0.10257	0.02805	0.01519	0.01512	0.05322	0.00658	0.00522	0.00158	0.00573	0.00505	0.00485	0.00826
8	0.85377	0.01007	0.00765	0.00685	0.01007	0.01168	0.00564	0.01531	0.00886	0.02336	0.00725	0.00846	0.00564	0.00483	0.00322	0.00161	0.00403	0.00282	0.00322	0.00564
9	0.01012	0.00964	0.01568	0.66137	0.03185	0.01236	0.01391	0.01317	0.00997	0.01317	0.00882	0.01343	0.00692	0.00591	0.00736	0.00183	0.15180	0.00462	0.00231	0.00577
10	0.01289	0.01237	0.02114	0.03196	0.78450	0.01237	0.01598	0.01598	0.01186	0.01701	0.00980	0.01289	0.00825	0.00464	0.00516	0.00155	0.00619	0.00464	0.00258	0.00825
11	0.00845	0.00649	0.00885	0.00866	0.01028	0.00626	0.04431	0.05289	0.01326	0.01756	0.22330	0.09887	0.16178	0.01240	0.00654	0.00200	0.00396	0.30413	0.00496	0.00506

[dist]
# distance from previous block
# <min> <max>
5	9

[block]
# block no. 5 follows, 47 sequences, length 16
# corresponding to MSA columns:
# 308-323
name=unknown_F
#
# <colnr> <probs for GDERKNQSTAVLIFYWHMCP>
#	G	D	E	R	K	N	Q	S	T	A	V	L	I	F	Y	W	H	M	C	P
0	0.04869	0.00711	0.04777	0.04505	0.04924	0.00637	0.00656	0.00972	0.01090	0.01515	0.15574	0.12840	0.21440	0.08439	0.14429	0.00318	0.00552	0.00859	0.00405	0.00489
1	0.05482	0.01270	0.01360	0.01112	0.01459	0.01432	0.00898	0.38168	0.30866	0.02651	0.01516	0.01483	0.01125	0.00653	0.00567	0.00164	0.04395	0.00499	0.00492	0.04406
2	0.01250	0.10065	0.08887	0.13938	0.32227	0.05064	0.06951	0.04246	0.02339	0.01620	0.01084	0.01547	0.00924	0.00549	0.00512	0.00159	0.00653	0.05527	0.00277	0.02179
3	0.01235	0.01183	0.01341	0.23323	0.01977	0.14224	0.05916	0.04428	0.18388	0.01673	0.01412	0.05570	0.01154	0.00803	0.04555	0.00197	0.00639	0.00539	0.10808	0.00632
4	0.01127	0.05471	0.02485	0.00831	0.01245	0.00797	0.01902	0.01416	0.04562	0.05443	0.04890	0.02779	0.02706	0.00533	0.00435	0.00106	0.00407	0.03576	0.00354	0.58934
5	0.01812	0.01375	0.01468	0.01164	0.01551	0.01536	0.00949	0.58561	0.20874	0.03011	0.01464	0.01420	0.01058	0.00645	0.00523	0.00161	0.00534	0.00498	0.00523	0.00871
6	0.00683	0.00527	0.00593	0.00581	0.00724	0.00471	0.00431	0.00850	0.01227	0.01605	0.26550	0.04293	0.44533	0.05842	0.04533	0.00220	0.00325	0.00977	0.04582	0.00452
7	0.01229	0.01405	0.03073	0.02195	0.02722	0.01317	0.76558	0.01668	0.01229	0.01668	0.01054	0.01405	0.00790	0.00439	0.00615	0.00176	0.00878	0.00615	0.00263	0.00702
8	0.85377	0.01007	0.00765	0.00685	0.01007	0.01168	0.00564	0.01531	0.00886	0.02336	0.00725	0.00846	0.00564	0.00483	0.00322	0.00161	0.00403	0.00282	0.00322	0.00564
9	0.00839	0.00793	0.06486	0.04250	0.05412	0.00634	0.00706	0.01077	0.01245	0.03645	0.26369	0.03460	0.26766	0.01120	0.04293	0.00194	0.00410	0.03459	0.00447	0.08394
10	0.00987	0.00487	0.00703	0.00684	0.00711	0.00479	0.00459	0.00814	0.00742	0.06235	0.01060	0.01786	0.01034	0.10069	0.01996	0.70261	0.00457	0.00489	0.00264	0.00281
11	0.01379	0.20765	0.02182	0.03555	0.01841	0.01493	0.23760	0.07074	0.21741	0.05409	0.01301	0.01406	0.00998	0.00558	0.00560	0.00161	0.04219	0.00501	0.00358	0.00739
12	0.05141	0.09461	0.04764	0.00841	0.01292	0.00888	0.02372	0.01425	0.01106	0.06926	0.01198	0.01300	0.04744	0.00468	0.00408	0.00102	0.00430	0.00369	0.00327	0.56436
13	0.11199	0.22784	0.07564	0.06560	0.01497	0.02485	0.02680	0.08579	0.05407	0.01679	0.01181	0.01713	0.01059	0.03742	0.08853	0.00242	0.04421	0.07409	0.00315	0.00631
14	0.00938	0.00636	0.00830	0.06244	0.01114	0.00643	0.00653	0.01264	0.11207	0.09121	0.07434	0.43575	0.04936	0.01274	0.00624	0.00198	0.00369	0.07906	0.00494	0.00542
15	0.01374	0.27806	0.05046	0.13356	0.10021	0.04172	0.09300	0.01665	0.02673	0.10146	0.02757	0.01257	0.00893	0.00500	0.00459	0.00141	0.00605	0.00420	0.00302	0.07109

[dist]
# distance from previous block
# <min> <max>
6	44

# created by:
# /home/berkeley/.conda/envs/busco_data_prod/bin/msa2prfl.pl pipeline/OGs_align_augustus/33634/166480.fs
