[name]
unknown

[dist]
# distance from previous block
# <min> <max>
4	42

[block]
# block no. 0 follows, 40 sequences, length 14
# corresponding to MSA columns:
# 49-62
name=unknown_A
#
# <colnr> <probs for GDERKNQSTAVLIFYWHMCP>
#	G	D	E	R	K	N	Q	S	T	A	V	L	I	F	Y	W	H	M	C	P
0	0.47942	0.00930	0.00918	0.11064	0.01416	0.01058	0.00727	0.01413	0.01039	0.02111	0.01502	0.21520	0.01543	0.03866	0.00587	0.00211	0.00468	0.00711	0.00393	0.00580
1	0.25548	0.00913	0.01090	0.22385	0.01848	0.01041	0.00883	0.05877	0.01166	0.01920	0.01636	0.21817	0.01681	0.08860	0.00797	0.00237	0.00535	0.00787	0.00392	0.00588
2	0.22317	0.01136	0.01159	0.11865	0.01613	0.06746	0.00807	0.05667	0.01215	0.04243	0.01169	0.01678	0.01032	0.14713	0.00908	0.00224	0.00569	0.00471	0.00359	0.22111
3	0.17526	0.04688	0.01269	0.27423	0.02056	0.03619	0.03154	0.01493	0.01140	0.01860	0.01272	0.01739	0.01048	0.07357	0.00687	0.00203	0.00569	0.00502	0.21794	0.00600
4	0.03486	0.01423	0.18284	0.11403	0.01863	0.01209	0.01245	0.01536	0.01107	0.09033	0.03082	0.01999	0.03223	0.13513	0.04721	0.00298	0.20986	0.00585	0.00337	0.00667
5	0.01508	0.18370	0.12950	0.01127	0.01649	0.01439	0.01071	0.20447	0.01616	0.02240	0.03960	0.03577	0.01112	0.00602	0.00495	0.00140	0.00582	0.00461	0.00388	0.26268
6	0.01106	0.07034	0.52311	0.01351	0.01964	0.01203	0.01611	0.01576	0.01125	0.01627	0.01235	0.01882	0.01096	0.21137	0.01169	0.00279	0.00768	0.00531	0.00274	0.00720
7	0.62048	0.00985	0.00785	0.00719	0.01036	0.01093	0.00581	0.01481	0.01077	0.02339	0.02134	0.02157	0.20191	0.00783	0.00445	0.00184	0.00409	0.00553	0.00407	0.00594
8	0.01468	0.01189	0.01346	0.00986	0.01489	0.01043	0.00798	0.20364	0.01604	0.02356	0.01128	0.01255	0.00895	0.00500	0.00470	0.00109	0.00485	0.00391	0.00406	0.61717
9	0.01572	0.01022	0.01243	0.00906	0.01406	0.00796	0.00732	0.01821	0.01325	0.21293	0.01362	0.01407	0.01012	0.00506	0.00471	0.00111	0.00447	0.00407	0.00442	0.61718
10	0.01815	0.16929	0.09838	0.01098	0.01621	0.01326	0.01019	0.13608	0.01574	0.22368	0.01392	0.01396	0.01003	0.00579	0.00499	0.00144	0.00566	0.00441	0.00455	0.22328
11	0.01112	0.01332	0.16972	0.13640	0.01882	0.01098	0.01169	0.05798	0.10343	0.01719	0.01557	0.02133	0.02642	0.12944	0.20930	0.00439	0.02671	0.00604	0.00349	0.00667
12	0.01166	0.00863	0.01004	0.00870	0.01101	0.00868	0.00679	0.20058	0.01886	0.02577	0.46898	0.03744	0.13766	0.01099	0.00659	0.00183	0.00372	0.00938	0.00611	0.00656
13	0.01018	0.01025	0.09152	0.00951	0.01208	0.00870	0.00815	0.01664	0.20593	0.02148	0.35833	0.05903	0.07115	0.05805	0.00790	0.00215	0.00416	0.03260	0.00556	0.00662

[dist]
# distance from previous block
# <min> <max>
0	13

[block]
# block no. 1 follows, 40 sequences, length 18
# corresponding to MSA columns:
# 93-110
name=unknown_B
#
# <colnr> <probs for GDERKNQSTAVLIFYWHMCP>
#	G	D	E	R	K	N	Q	S	T	A	V	L	I	F	Y	W	H	M	C	P
0	0.01224	0.02717	0.65067	0.01579	0.02386	0.01282	0.03668	0.01840	0.01244	0.04386	0.01088	0.01259	0.00776	0.00545	0.00545	0.00175	0.00809	0.00433	0.00272	0.08705
1	0.01243	0.00686	0.00881	0.00848	0.01033	0.00634	0.00640	0.03800	0.01415	0.18706	0.14822	0.31991	0.08833	0.01321	0.00671	0.00205	0.00378	0.05597	0.05667	0.00629
2	0.78675	0.01116	0.00885	0.00781	0.01147	0.01277	0.00644	0.01779	0.01031	0.07153	0.00901	0.01008	0.00680	0.00551	0.00374	0.00180	0.00453	0.00332	0.00382	0.00652
3	0.01628	0.01335	0.06938	0.01599	0.14548	0.01286	0.01162	0.24718	0.05377	0.09860	0.07029	0.02272	0.02850	0.03171	0.05532	0.00245	0.03237	0.05894	0.00486	0.00832
4	0.00819	0.00578	0.00700	0.00688	0.00761	0.00557	0.00457	0.00947	0.01199	0.01639	0.30002	0.06806	0.09160	0.37665	0.05253	0.00397	0.00471	0.00972	0.00480	0.00449
5	0.00968	0.00776	0.01069	0.01049	0.01223	0.00791	0.04791	0.03238	0.04792	0.01819	0.10153	0.10378	0.16213	0.01398	0.00813	0.00234	0.05281	0.33922	0.00520	0.00574
6	0.01335	0.01352	0.01738	0.01498	0.01540	0.05878	0.01237	0.01582	0.06706	0.01481	0.00896	0.01330	0.00842	0.00977	0.01730	0.00244	0.68177	0.00513	0.00283	0.00660
7	0.04373	0.17508	0.11389	0.01103	0.01597	0.01336	0.01041	0.12574	0.01601	0.25891	0.07258	0.01665	0.01379	0.00654	0.00524	0.00160	0.00565	0.00506	0.00490	0.08387
8	0.01649	0.00755	0.00879	0.00752	0.01010	0.00723	0.00596	0.06399	0.01459	0.26300	0.01994	0.02058	0.01442	0.00692	0.00475	0.00152	0.00367	0.00555	0.51027	0.00715
9	0.01166	0.03008	0.76550	0.01657	0.02517	0.01351	0.02149	0.01842	0.01228	0.01842	0.01044	0.01228	0.00737	0.00552	0.00552	0.00184	0.00859	0.00430	0.00246	0.00859
10	0.36975	0.11025	0.01496	0.01091	0.01475	0.20136	0.00893	0.16888	0.01536	0.02390	0.00953	0.01063	0.00748	0.00582	0.00448	0.00165	0.00657	0.00372	0.00378	0.00729
11	0.01321	0.33547	0.47362	0.01394	0.02110	0.01728	0.01690	0.01802	0.01209	0.01654	0.00950	0.01111	0.00740	0.00531	0.00481	0.00160	0.00765	0.00383	0.00247	0.00814
12	0.00805	0.00583	0.00778	0.00891	0.00984	0.00557	0.00690	0.00986	0.01253	0.01646	0.07918	0.39874	0.09424	0.01669	0.00759	0.00242	0.00409	0.29484	0.00544	0.00504
13	0.00791	0.00575	0.00745	0.00740	0.00859	0.00529	0.00541	0.01021	0.01515	0.02108	0.56224	0.20207	0.09294	0.01339	0.00698	0.00195	0.00289	0.01189	0.00613	0.00529
14	0.00987	0.00568	0.00664	0.00662	0.00779	0.00593	0.00494	0.01221	0.01136	0.01881	0.05240	0.02422	0.01713	0.07538	0.21077	0.00382	0.00636	0.00610	0.50875	0.00522
15	0.01438	0.07251	0.02235	0.17819	0.50545	0.07350	0.01641	0.01765	0.01307	0.01742	0.01046	0.01393	0.00866	0.00535	0.00558	0.00171	0.00730	0.00491	0.00280	0.00835
16	0.01400	0.00985	0.01118	0.00974	0.01212	0.01037	0.00751	0.30857	0.01819	0.02474	0.10550	0.17879	0.07947	0.01202	0.00828	0.10324	0.00466	0.00866	0.06638	0.00672
17	0.01460	0.01213	0.01287	0.01140	0.01462	0.01371	0.00890	0.13312	0.54353	0.02495	0.02534	0.06865	0.07268	0.00887	0.00606	0.00196	0.00467	0.00739	0.00583	0.00872

[dist]
# distance from previous block
# <min> <max>
1	3

[block]
# block no. 2 follows, 40 sequences, length 57
# corresponding to MSA columns:
# 114-170
name=unknown_C
#
# <colnr> <probs for GDERKNQSTAVLIFYWHMCP>
#	G	D	E	R	K	N	Q	S	T	A	V	L	I	F	Y	W	H	M	C	P
0	0.08011	0.37979	0.13575	0.01344	0.07179	0.04192	0.03280	0.06018	0.04369	0.04329	0.04033	0.01288	0.01023	0.00573	0.00469	0.00154	0.00649	0.00423	0.00328	0.00787
1	0.01291	0.01180	0.01960	0.02878	0.55628	0.01178	0.01534	0.01607	0.01316	0.01843	0.01639	0.06565	0.01605	0.00825	0.00634	0.00197	0.00638	0.16311	0.00355	0.00813
2	0.00789	0.00589	0.00733	0.00706	0.00850	0.00533	0.00526	0.01027	0.01551	0.02129	0.57268	0.08457	0.20137	0.01281	0.00689	0.00188	0.00282	0.01119	0.00614	0.00533
3	0.01206	0.01034	0.01206	0.00861	0.01378	0.00775	0.00689	0.01464	0.01206	0.01895	0.01034	0.01206	0.00861	0.00431	0.00431	0.00086	0.00431	0.00345	0.00345	0.83118
4	0.00868	0.00677	0.01005	0.00984	0.01079	0.00815	0.00772	0.01069	0.00931	0.01354	0.01491	0.02200	0.01396	0.04083	0.70981	0.00878	0.07967	0.00614	0.00307	0.00529
5	0.00846	0.00564	0.00634	0.00634	0.00634	0.00564	0.00352	0.00846	0.00846	0.01128	0.01832	0.03805	0.02114	0.79563	0.02960	0.00564	0.00564	0.00846	0.00352	0.00352
6	0.02172	0.02772	0.01648	0.01498	0.01798	0.77228	0.01124	0.02322	0.01648	0.01423	0.00899	0.01049	0.00749	0.00599	0.00524	0.00150	0.01049	0.00375	0.00300	0.00674
7	0.02609	0.00990	0.01350	0.01035	0.01484	0.00855	0.00855	0.02834	0.01664	0.76338	0.02294	0.01979	0.01439	0.00720	0.00585	0.00180	0.00495	0.00585	0.00720	0.00990
8	0.51829	0.01175	0.01079	0.00882	0.01292	0.01256	0.00723	0.12461	0.01324	0.06424	0.01015	0.01114	0.00769	0.00552	0.00418	0.00161	0.00477	0.00365	0.00408	0.16275
9	0.01431	0.00757	0.00928	0.00807	0.01083	0.00670	0.00632	0.01689	0.04549	0.28434	0.17208	0.06590	0.30597	0.01136	0.00648	0.00189	0.00371	0.00957	0.00625	0.00697
10	0.00836	0.00600	0.00819	0.00819	0.00883	0.00664	0.00583	0.00965	0.00900	0.01265	0.01663	0.02868	0.01707	0.33199	0.48767	0.00792	0.01177	0.00708	0.00327	0.00455
11	0.00753	0.00561	0.00765	0.00935	0.04669	0.00525	0.00600	0.00882	0.01173	0.01573	0.08634	0.66489	0.06876	0.01693	0.00727	0.00227	0.00349	0.01532	0.00534	0.00502
12	0.01269	0.16433	0.54388	0.01776	0.11380	0.01523	0.01899	0.01817	0.01231	0.01765	0.01008	0.01202	0.00761	0.00539	0.00524	0.00172	0.00797	0.00420	0.00251	0.00847
13	0.02063	0.02565	0.01754	0.01806	0.12812	0.65960	0.01222	0.02242	0.01600	0.01494	0.00928	0.01107	0.00775	0.00587	0.00532	0.00153	0.00996	0.00396	0.00298	0.00711
14	0.01374	0.07015	0.02148	0.02867	0.55816	0.03908	0.01521	0.01669	0.01306	0.01784	0.01632	0.01884	0.09923	0.00656	0.00629	0.00175	0.03960	0.00584	0.00314	0.00836
15	0.01516	0.01281	0.01670	0.07102	0.16739	0.01412	0.04276	0.06297	0.44333	0.06064	0.01913	0.01904	0.01438	0.00699	0.00591	0.00190	0.00562	0.00610	0.00501	0.00903
16	0.01338	0.01289	0.02226	0.25123	0.52109	0.01359	0.04700	0.01701	0.01279	0.01778	0.01080	0.01477	0.00877	0.00535	0.00582	0.00180	0.00727	0.00525	0.00280	0.00836
17	0.00713	0.00590	0.00624	0.00616	0.00801	0.00502	0.00462	0.00883	0.01385	0.01713	0.18871	0.05363	0.62631	0.01420	0.00687	0.00194	0.00291	0.01195	0.00559	0.00502
18	0.83671	0.01125	0.00855	0.00765	0.01125	0.01305	0.00630	0.01709	0.00990	0.02609	0.00810	0.00945	0.00630	0.00540	0.00360	0.00180	0.00450	0.00315	0.00360	0.00630
19	0.01439	0.01382	0.02360	0.03569	0.75936	0.01382	0.01785	0.01785	0.01324	0.01900	0.01094	0.01439	0.00921	0.00518	0.00576	0.00173	0.00691	0.00518	0.00288	0.00921
20	0.00806	0.00592	0.00755	0.00718	0.00859	0.00541	0.00537	0.01063	0.01601	0.02232	0.66586	0.05970	0.13107	0.01232	0.00687	0.00185	0.00278	0.01083	0.00627	0.00541
21	0.01535	0.75994	0.06793	0.01029	0.01545	0.02253	0.01054	0.01746	0.01184	0.01392	0.00820	0.00948	0.00746	0.00500	0.00382	0.00127	0.00634	0.00317	0.00249	0.00752
22	0.01166	0.03008	0.76550	0.01657	0.02517	0.01351	0.02149	0.01842	0.01228	0.01842	0.01044	0.01228	0.00737	0.00552	0.00552	0.00184	0.00859	0.00430	0.00246	0.00859
23	0.00728	0.00591	0.00645	0.00631	0.00810	0.00508	0.00474	0.00913	0.01421	0.01797	0.26590	0.05225	0.54860	0.01388	0.00687	0.00192	0.00289	0.01175	0.00570	0.00508
24	0.00763	0.00529	0.00659	0.00740	0.00760	0.00509	0.00465	0.00824	0.01007	0.01342	0.02657	0.49103	0.03155	0.32845	0.01627	0.00367	0.00428	0.01331	0.00465	0.00424
25	0.83671	0.01125	0.00855	0.00765	0.01125	0.01305	0.00630	0.01709	0.00990	0.02609	0.00810	0.00945	0.00630	0.00540	0.00360	0.00180	0.00450	0.00315	0.00360	0.00630
26	0.01734	0.01227	0.01555	0.04224	0.08448	0.03296	0.03954	0.13090	0.03921	0.18757	0.01421	0.01483	0.01039	0.00569	0.00526	0.00143	0.00555	0.00473	0.00461	0.33127
27	0.00788	0.00643	0.00679	0.00651	0.00851	0.00567	0.00493	0.04607	0.01451	0.01805	0.17309	0.05173	0.60167	0.01386	0.00682	0.00193	0.00309	0.01162	0.00559	0.00526
28	0.02169	0.05336	0.01660	0.01404	0.01740	0.57617	0.01079	0.07270	0.04848	0.09861	0.01146	0.01218	0.00885	0.00624	0.00532	0.00156	0.00919	0.00418	0.00376	0.00744
29	0.03911	0.20742	0.25065	0.01583	0.09493	0.08821	0.04340	0.01923	0.01300	0.10375	0.01175	0.03528	0.00935	0.00613	0.00573	0.00170	0.03854	0.00469	0.00325	0.00806
30	0.00804	0.00597	0.00752	0.00721	0.00868	0.00544	0.00546	0.01057	0.01579	0.02177	0.60697	0.04650	0.17427	0.01255	0.00691	0.00189	0.00289	0.04002	0.00619	0.00538
31	0.00967	0.00730	0.01034	0.01169	0.04380	0.00772	0.00940	0.01206	0.01243	0.01653	0.02638	0.05474	0.02842	0.07173	0.06617	0.00332	0.05927	0.53880	0.00477	0.00545
32	0.00846	0.00564	0.00634	0.00634	0.00634	0.00564	0.00352	0.00846	0.00846	0.01128	0.01832	0.03805	0.02114	0.79563	0.02960	0.00564	0.00564	0.00846	0.00352	0.00352
33	0.01498	0.01275	0.01344	0.01194	0.01532	0.01471	0.00933	0.07918	0.69972	0.02517	0.02301	0.02117	0.01722	0.00783	0.00591	0.00196	0.00472	0.00648	0.00591	0.00925
34	0.00812	0.00599	0.00762	0.00735	0.00880	0.00549	0.00560	0.01068	0.01580	0.02184	0.60844	0.04672	0.15253	0.01257	0.00694	0.00191	0.00295	0.05909	0.00619	0.00540
35	0.01439	0.01382	0.02360	0.03569	0.75936	0.01382	0.01785	0.01785	0.01324	0.01900	0.01094	0.01439	0.00921	0.00518	0.00576	0.00173	0.00691	0.00518	0.00288	0.00921
36	0.01107	0.00892	0.01067	0.00869	0.01252	0.00714	0.00696	0.01353	0.01220	0.01850	0.01627	0.09492	0.01587	0.00769	0.00519	0.00133	0.00428	0.12053	0.06007	0.56366
37	0.01515	0.72092	0.10522	0.01062	0.01597	0.02204	0.01112	0.01751	0.01186	0.01416	0.00832	0.00963	0.00745	0.00503	0.00391	0.00130	0.00646	0.00323	0.00248	0.00758
38	0.01746	0.01372	0.10331	0.01138	0.01620	0.01148	0.01012	0.08913	0.22245	0.22695	0.01791	0.01710	0.01275	0.00650	0.00547	0.00163	0.00527	0.00525	0.00527	0.20066
39	0.81875	0.01136	0.00874	0.00777	0.01140	0.01316	0.00640	0.03303	0.01028	0.02632	0.00823	0.00955	0.00638	0.00543	0.00365	0.00180	0.00454	0.00319	0.00365	0.00638
40	0.00899	0.00607	0.00770	0.00721	0.00868	0.00558	0.00537	0.01148	0.01564	0.05261	0.60621	0.04216	0.10033	0.05200	0.00787	0.00201	0.00300	0.01013	0.04146	0.00552
41	0.04739	0.01323	0.01560	0.01475	0.09800	0.06593	0.04750	0.20060	0.14146	0.08572	0.10974	0.07274	0.01871	0.00822	0.00645	0.00186	0.03193	0.00685	0.00513	0.00821
42	0.05798	0.01008	0.01298	0.01012	0.01436	0.00907	0.00828	0.07457	0.01659	0.57703	0.05070	0.04847	0.01591	0.00753	0.00575	0.00176	0.00484	0.00613	0.00661	0.06123
43	0.01746	0.01447	0.05045	0.02113	0.29202	0.01453	0.01335	0.21012	0.18433	0.09828	0.01578	0.01638	0.01176	0.00648	0.00581	0.00180	0.00613	0.00554	0.00474	0.00943
44	0.08570	0.01557	0.01656	0.01278	0.01734	0.01716	0.01056	0.64745	0.02544	0.07286	0.01396	0.01391	0.00984	0.00687	0.00565	0.00175	0.00618	0.00510	0.00572	0.00961
45	0.00858	0.00559	0.00644	0.00644	0.00644	0.00559	0.00364	0.00839	0.00839	0.01118	0.01768	0.03647	0.02028	0.73529	0.02906	0.06985	0.00559	0.00819	0.00345	0.00345
46	0.01370	0.01745	0.17289	0.02943	0.45263	0.01395	0.17800	0.01813	0.01316	0.01880	0.01102	0.01426	0.00876	0.00519	0.00596	0.00180	0.00788	0.00538	0.00281	0.00879
47	0.01874	0.01401	0.07741	0.01401	0.09726	0.08603	0.01074	0.08760	0.04638	0.28374	0.08015	0.03168	0.01613	0.00729	0.00578	0.00172	0.00588	0.02657	0.00524	0.08365
48	0.49869	0.10661	0.09728	0.01073	0.03098	0.13834	0.00948	0.01830	0.01153	0.02171	0.00857	0.01003	0.00681	0.00546	0.00415	0.00169	0.00619	0.00342	0.00323	0.00683
49	0.01555	0.79913	0.03047	0.00995	0.01493	0.02301	0.00995	0.01741	0.01182	0.01368	0.00808	0.00933	0.00746	0.00498	0.00373	0.00124	0.00622	0.00311	0.00249	0.00746
50	0.01307	0.01217	0.02003	0.02829	0.53589	0.01223	0.03788	0.01718	0.06815	0.01891	0.03705	0.12028	0.01579	0.00763	0.00613	0.00187	0.00619	0.02928	0.00362	0.00834
51	0.00808	0.00582	0.00750	0.00729	0.00846	0.00540	0.00530	0.01039	0.01517	0.02125	0.59964	0.12756	0.07058	0.07136	0.00863	0.00218	0.00304	0.01109	0.00604	0.00524
52	0.01059	0.00692	0.00905	0.00857	0.00977	0.00746	0.00629	0.05842	0.01086	0.06680	0.01699	0.02680	0.01632	0.27424	0.40367	0.00683	0.01058	0.00681	0.03772	0.00531
53	0.00713	0.00605	0.00622	0.00610	0.00813	0.00504	0.00458	0.00867	0.01324	0.01604	0.07656	0.07373	0.68710	0.01432	0.00678	0.00193	0.00301	0.01198	0.00535	0.03807
54	0.28907	0.13138	0.03605	0.01082	0.01498	0.06746	0.00927	0.26801	0.01691	0.05587	0.01093	0.01189	0.00830	0.00659	0.00541	0.03494	0.00597	0.00412	0.00423	0.00780
55	0.04836	0.01121	0.01316	0.01012	0.01468	0.01017	0.03692	0.04769	0.18425	0.02132	0.03371	0.01526	0.01195	0.00552	0.00488	0.00127	0.00465	0.00456	0.00418	0.51614
56	0.07020	0.48830	0.08607	0.01090	0.01556	0.01791	0.03131	0.01755	0.01236	0.07084	0.01273	0.01858	0.01164	0.00680	0.00473	0.00160	0.00619	0.10603	0.00333	0.00737

[dist]
# distance from previous block
# <min> <max>
0	89

[block]
# block no. 3 follows, 40 sequences, length 17
# corresponding to MSA columns:
# 260-276
name=unknown_D
#
# <colnr> <probs for GDERKNQSTAVLIFYWHMCP>
#	G	D	E	R	K	N	Q	S	T	A	V	L	I	F	Y	W	H	M	C	P
0	0.01212	0.01095	0.01801	0.02552	0.48106	0.01104	0.01358	0.01519	0.01316	0.01885	0.15520	0.02149	0.01895	0.01334	0.14301	0.00311	0.00766	0.00640	0.00360	0.00778
1	0.01074	0.00612	0.00818	0.00832	0.00964	0.00558	0.00598	0.01236	0.01332	0.15052	0.19351	0.48534	0.03786	0.01482	0.00701	0.00214	0.00351	0.01327	0.00595	0.00582
2	0.00977	0.00707	0.00866	0.00904	0.01015	0.00710	0.00641	0.13889	0.01403	0.01874	0.02882	0.65283	0.03336	0.01621	0.00714	0.00225	0.00391	0.01451	0.00547	0.00565
3	0.01121	0.00950	0.01207	0.15697	0.01751	0.00837	0.00807	0.01358	0.01133	0.01679	0.01176	0.01737	0.01069	0.14601	0.00912	0.00192	0.00521	0.00467	0.00329	0.52457
4	0.01100	0.00618	0.00832	0.00868	0.00997	0.00567	0.00632	0.01250	0.01274	0.15968	0.08138	0.53423	0.03460	0.01548	0.00713	0.00224	0.00379	0.06846	0.00581	0.00582
5	0.02037	0.01316	0.03663	0.01144	0.01534	0.01326	0.00938	0.40637	0.02079	0.21691	0.01693	0.01970	0.01297	0.14793	0.01007	0.00246	0.00596	0.00594	0.00566	0.00872
6	0.01244	0.01055	0.01558	0.49535	0.03008	0.01240	0.01319	0.14369	0.01537	0.02038	0.15453	0.02060	0.01720	0.00719	0.00602	0.00188	0.00655	0.00621	0.00390	0.00689
7	0.00907	0.01034	0.15243	0.00831	0.00997	0.00715	0.00698	0.01037	0.00919	0.01265	0.01681	0.03309	0.01849	0.64359	0.02497	0.00491	0.00621	0.00766	0.00332	0.00450
8	0.01248	0.00990	0.01112	0.01020	0.01254	0.01105	0.00775	0.02290	0.47544	0.02159	0.16222	0.02516	0.02353	0.01086	0.00910	0.15006	0.00432	0.00706	0.00540	0.00730
9	0.07763	0.15805	0.19182	0.01133	0.01620	0.09129	0.01130	0.04456	0.01400	0.16123	0.02088	0.02066	0.14272	0.00748	0.00534	0.00171	0.00627	0.00570	0.00416	0.00767
10	0.03619	0.01493	0.03239	0.01614	0.11274	0.14691	0.10653	0.02135	0.06447	0.18663	0.01478	0.01677	0.01123	0.00615	0.00559	0.00162	0.00676	0.02985	0.00429	0.16467
11	0.23202	0.01517	0.15887	0.15000	0.04548	0.01246	0.04546	0.06952	0.01268	0.02130	0.01011	0.01240	0.00773	0.00535	0.00490	0.00164	0.00629	0.00418	0.00327	0.18115
12	0.12651	0.04474	0.01734	0.01749	0.20759	0.01426	0.01148	0.24887	0.04341	0.16873	0.01415	0.01464	0.01025	0.00623	0.00540	0.00172	0.00588	0.00498	0.00484	0.03148
13	0.13216	0.01641	0.16040	0.01723	0.17776	0.01269	0.01297	0.07942	0.03036	0.04742	0.01242	0.01458	0.00985	0.00614	0.00552	0.00174	0.00636	0.00467	0.00395	0.24793
14	0.17460	0.01204	0.01565	0.01831	0.25034	0.01200	0.01115	0.08497	0.01559	0.10666	0.15711	0.02238	0.01979	0.00796	0.00607	0.00198	0.00559	0.02350	0.00497	0.04931
15	0.45058	0.01182	0.01164	0.00974	0.01373	0.01213	0.00780	0.07420	0.01398	0.21677	0.01467	0.04164	0.01119	0.00716	0.00510	0.00196	0.00513	0.00492	0.00516	0.08067
16	0.32168	0.16246	0.01491	0.05402	0.03902	0.01356	0.00827	0.01763	0.01202	0.11559	0.02743	0.01878	0.01253	0.14773	0.00938	0.00261	0.00575	0.00519	0.00422	0.00722

[dist]
# distance from previous block
# <min> <max>
18	737

# created by:
# /home/berkeley/.conda/envs/busco_data_prod/bin/msa2prfl.pl pipeline/OGs_align_augustus/33634/166439.fs
