[name]
unknown

[dist]
# distance from previous block
# <min> <max>
2	123

[block]
# block no. 0 follows, 45 sequences, length 10
# corresponding to MSA columns:
# 136-145
name=unknown_A
#
# <colnr> <probs for GDERKNQSTAVLIFYWHMCP>
#	G	D	E	R	K	N	Q	S	T	A	V	L	I	F	Y	W	H	M	C	P
0	0.15873	0.01171	0.01284	0.07311	0.06851	0.10227	0.03603	0.04722	0.07412	0.18646	0.05541	0.01791	0.05711	0.02627	0.00558	0.00170	0.00539	0.00524	0.00432	0.05009
1	0.10550	0.04188	0.08720	0.07022	0.10652	0.01175	0.01048	0.17600	0.03258	0.14890	0.07468	0.04180	0.01327	0.00645	0.00511	0.00161	0.00532	0.00524	0.00433	0.05116
2	0.06690	0.00933	0.01145	0.13017	0.01577	0.00985	0.00845	0.16459	0.06152	0.15362	0.11892	0.06560	0.10098	0.00866	0.00568	0.00177	0.00467	0.05019	0.00499	0.00688
3	0.11680	0.00999	0.01342	0.14432	0.01775	0.01023	0.06906	0.09684	0.05283	0.21947	0.07168	0.01957	0.07589	0.00680	0.00528	0.00166	0.00512	0.00571	0.00462	0.05293
4	0.28089	0.09669	0.01354	0.11702	0.03833	0.01320	0.00896	0.01479	0.05442	0.01758	0.05119	0.01457	0.01053	0.06506	0.00883	0.00204	0.17876	0.00452	0.00311	0.00598
5	0.01570	0.01276	0.04350	0.08984	0.01936	0.03961	0.15097	0.15620	0.12530	0.15057	0.01574	0.01631	0.03750	0.00604	0.00543	0.00162	0.00604	0.00536	0.00436	0.09779
6	0.12258	0.01247	0.01634	0.23668	0.22670	0.04061	0.01256	0.19079	0.05385	0.02124	0.01080	0.01311	0.00828	0.00552	0.00507	0.00167	0.00620	0.00457	0.00345	0.00751
7	0.00952	0.00654	0.00768	0.00725	0.00904	0.00609	0.00543	0.05177	0.03858	0.07771	0.08761	0.15983	0.29929	0.06057	0.03610	0.04823	0.00395	0.03386	0.00481	0.04612
8	0.01678	0.03891	0.01610	0.05721	0.11056	0.01134	0.07896	0.07178	0.12677	0.28478	0.01711	0.07371	0.01311	0.00705	0.00619	0.00175	0.04906	0.00603	0.00478	0.00801
9	0.60686	0.01134	0.01022	0.00978	0.06721	0.03875	0.00724	0.07653	0.01131	0.06527	0.00898	0.01006	0.00683	0.00515	0.00383	0.00160	0.00466	0.00337	0.00360	0.04740

[dist]
# distance from previous block
# <min> <max>
0	1

[block]
# block no. 1 follows, 45 sequences, length 12
# corresponding to MSA columns:
# 147-158
name=unknown_B
#
# <colnr> <probs for GDERKNQSTAVLIFYWHMCP>
#	G	D	E	R	K	N	Q	S	T	A	V	L	I	F	Y	W	H	M	C	P
0	0.01128	0.00845	0.01337	0.49988	0.02677	0.00967	0.01156	0.01432	0.01220	0.11547	0.16313	0.05942	0.01795	0.00721	0.00564	0.00177	0.00570	0.00635	0.00377	0.00612
1	0.01273	0.01037	0.01554	0.11969	0.17182	0.01069	0.07991	0.15068	0.03123	0.05632	0.08105	0.17399	0.01778	0.00818	0.00578	0.00175	0.00545	0.00744	0.00414	0.03546
2	0.01039	0.00980	0.01656	0.73692	0.09652	0.01199	0.01503	0.01394	0.01085	0.01402	0.00959	0.01423	0.00726	0.00532	0.00536	0.00177	0.00709	0.00477	0.00241	0.00617
3	0.00773	0.00517	0.00588	0.00595	0.00597	0.00515	0.00335	0.00779	0.00795	0.01060	0.01765	0.08027	0.02045	0.76493	0.02613	0.00503	0.00508	0.00824	0.00335	0.00332
4	0.00768	0.00572	0.00845	0.00845	0.00935	0.00661	0.00649	0.00947	0.00857	0.01233	0.01454	0.02198	0.01381	0.08907	0.74180	0.00841	0.01380	0.00588	0.00290	0.00470
5	0.01338	0.05642	0.05909	0.04908	0.61404	0.06054	0.01555	0.01648	0.01220	0.01678	0.01031	0.03315	0.00889	0.00516	0.00522	0.00158	0.00656	0.00483	0.00268	0.00808
6	0.03767	0.22846	0.09946	0.08048	0.05785	0.02829	0.02640	0.08393	0.07426	0.03707	0.03222	0.02960	0.04812	0.02444	0.00663	0.00171	0.08815	0.00496	0.00332	0.00697
7	0.00989	0.00664	0.00833	0.00758	0.00935	0.00645	0.00579	0.01410	0.11755	0.09141	0.60349	0.03537	0.04256	0.01007	0.00613	0.00170	0.00295	0.00882	0.00592	0.00590
8	0.47776	0.10358	0.06055	0.00909	0.01303	0.01395	0.00810	0.15566	0.05795	0.04240	0.00981	0.01055	0.00743	0.00540	0.00401	0.00161	0.00491	0.00358	0.00373	0.00693
9	0.00858	0.00605	0.00726	0.00676	0.00848	0.00556	0.00514	0.01145	0.05840	0.06689	0.45982	0.04115	0.27166	0.01130	0.00623	0.00173	0.00282	0.00973	0.00564	0.00535
10	0.01400	0.03313	0.10278	0.06808	0.20098	0.01083	0.10542	0.01822	0.06737	0.17097	0.13585	0.01895	0.01643	0.00636	0.00556	0.00168	0.00579	0.00584	0.00411	0.00765
11	0.01244	0.09861	0.19123	0.03810	0.01684	0.03297	0.07649	0.03129	0.02872	0.08805	0.06496	0.04481	0.06874	0.00643	0.00508	0.00148	0.00567	0.00542	0.00359	0.17908

[dist]
# distance from previous block
# <min> <max>
1	85

[block]
# block no. 2 follows, 45 sequences, length 18
# corresponding to MSA columns:
# 250-267
name=unknown_C
#
# <colnr> <probs for GDERKNQSTAVLIFYWHMCP>
#	G	D	E	R	K	N	Q	S	T	A	V	L	I	F	Y	W	H	M	C	P
0	0.21372	0.03062	0.04478	0.13083	0.03284	0.04030	0.02408	0.11963	0.01325	0.07626	0.05370	0.03041	0.02684	0.02155	0.00516	0.00162	0.00529	0.00474	0.00378	0.12060
1	0.04777	0.13123	0.05352	0.07846	0.14172	0.01238	0.06994	0.05992	0.03254	0.05641	0.03279	0.01428	0.02508	0.00614	0.02083	0.00159	0.02869	0.00457	0.02250	0.15962
2	0.21124	0.00849	0.01079	0.06269	0.03948	0.00931	0.03406	0.03305	0.03051	0.09482	0.01395	0.11332	0.01302	0.03637	0.04568	0.14723	0.06043	0.02637	0.00365	0.00554
3	0.00840	0.00594	0.00850	0.00830	0.00881	0.00686	0.00614	0.00902	0.00811	0.01149	0.01307	0.02150	0.01297	0.15625	0.43596	0.18817	0.07789	0.00575	0.00277	0.00411
4	0.12927	0.01232	0.10802	0.05096	0.01584	0.01124	0.05398	0.05772	0.12788	0.18453	0.01462	0.01540	0.01065	0.00749	0.03348	0.00196	0.07032	0.00490	0.08207	0.00736
5	0.00731	0.00548	0.00677	0.00645	0.00784	0.00494	0.00484	0.00957	0.01451	0.01989	0.60752	0.04278	0.21918	0.01158	0.00633	0.00172	0.00258	0.01008	0.00569	0.00494
6	0.01253	0.01086	0.03856	0.01052	0.01347	0.01140	0.02815	0.02384	0.54337	0.05973	0.02453	0.10295	0.07939	0.00859	0.00568	0.00184	0.00428	0.00734	0.00525	0.00773
7	0.00652	0.00473	0.00616	0.00731	0.00774	0.00437	0.00491	0.00749	0.01044	0.01377	0.03160	0.74634	0.09571	0.01656	0.00681	0.00215	0.00308	0.01494	0.00498	0.00437
8	0.01435	0.81458	0.02813	0.00918	0.01378	0.02124	0.00918	0.01607	0.01091	0.01263	0.00746	0.00861	0.00689	0.00459	0.00344	0.00115	0.00574	0.00287	0.00230	0.00689
9	0.68272	0.01139	0.00933	0.00803	0.01149	0.03997	0.00658	0.10205	0.01152	0.06322	0.00882	0.00972	0.00661	0.00525	0.00372	0.00165	0.00457	0.00327	0.00371	0.00638
10	0.01141	0.01105	0.01737	0.48735	0.25864	0.04787	0.01472	0.01468	0.01128	0.01478	0.00992	0.01416	0.00790	0.00711	0.04830	0.00209	0.00743	0.00477	0.00251	0.00668
11	0.01300	0.01130	0.04845	0.02754	0.14454	0.04993	0.00946	0.01876	0.19928	0.09856	0.15459	0.03701	0.03285	0.00708	0.00537	0.00158	0.00475	0.00607	0.00450	0.12539
12	0.00685	0.00502	0.00643	0.00701	0.00780	0.00460	0.00490	0.00834	0.01205	0.01625	0.26673	0.47810	0.12689	0.01460	0.00663	0.00198	0.00289	0.01306	0.00527	0.00460
13	0.01232	0.01150	0.01891	0.31346	0.43313	0.01233	0.01512	0.04693	0.01217	0.01682	0.00998	0.01354	0.00800	0.00503	0.00527	0.00163	0.00652	0.00470	0.00270	0.04996
14	0.01435	0.01203	0.01270	0.01113	0.01434	0.01382	0.00874	0.13168	0.66339	0.02406	0.02058	0.01902	0.01536	0.00716	0.00545	0.00179	0.00448	0.00589	0.00545	0.00859
15	0.03549	0.00951	0.01083	0.00795	0.01241	0.00757	0.00636	0.05160	0.01189	0.01828	0.01330	0.01445	0.07040	0.00491	0.00422	0.00094	0.00398	0.00392	0.00344	0.70853
16	0.16966	0.00908	0.01159	0.09953	0.06537	0.00938	0.00871	0.06769	0.01307	0.24801	0.03324	0.10060	0.01560	0.00926	0.03289	0.00205	0.00519	0.08744	0.00469	0.00694
17	0.18227	0.01047	0.01616	0.33355	0.11642	0.01173	0.11077	0.01524	0.05229	0.01724	0.01167	0.07792	0.00999	0.00614	0.00520	0.00178	0.00621	0.00552	0.00303	0.00642

[dist]
# distance from previous block
# <min> <max>
0	1

[block]
# block no. 3 follows, 45 sequences, length 22
# corresponding to MSA columns:
# 269-290
name=unknown_D
#
# <colnr> <probs for GDERKNQSTAVLIFYWHMCP>
#	G	D	E	R	K	N	Q	S	T	A	V	L	I	F	Y	W	H	M	C	P
0	0.01358	0.01302	0.01987	0.24880	0.06128	0.05789	0.20806	0.15049	0.06562	0.01895	0.01172	0.03699	0.00926	0.00602	0.00636	0.00178	0.05435	0.00551	0.00333	0.00713
1	0.05992	0.01021	0.06291	0.00942	0.03818	0.00797	0.00760	0.01518	0.05763	0.09625	0.01577	0.11949	0.04180	0.00668	0.00477	0.00131	0.00425	0.00559	0.00391	0.43119
2	0.00687	0.00490	0.00647	0.00728	0.00776	0.00466	0.00494	0.00805	0.01084	0.01471	0.15471	0.57793	0.03575	0.08052	0.04567	0.00265	0.00372	0.01327	0.00490	0.00441
3	0.01304	0.01186	0.07099	0.14878	0.02058	0.01141	0.16885	0.11207	0.03570	0.09470	0.08515	0.07181	0.04167	0.00740	0.00671	0.00181	0.06771	0.00655	0.01632	0.00691
4	0.00689	0.00496	0.00640	0.00706	0.00768	0.00461	0.00483	0.00819	0.01147	0.01552	0.22106	0.51314	0.08069	0.07136	0.00814	0.00225	0.00309	0.01308	0.00510	0.00447
5	0.01131	0.05400	0.01207	0.00802	0.01278	0.00793	0.00652	0.01366	0.01112	0.01722	0.00943	0.01099	0.00789	0.00401	0.00395	0.00081	0.00407	0.00316	0.00313	0.79792
6	0.01679	0.01409	0.01400	0.01172	0.01520	0.08316	0.00934	0.34256	0.35602	0.02620	0.01654	0.01607	0.01232	0.00787	0.03158	0.00192	0.00578	0.00529	0.00510	0.00844
7	0.01119	0.01402	0.19051	0.18985	0.20403	0.01078	0.05800	0.01479	0.01145	0.03813	0.03237	0.08004	0.01174	0.04371	0.00642	0.00184	0.00641	0.00572	0.00297	0.06603
8	0.05662	0.01252	0.09258	0.02473	0.10440	0.01089	0.02935	0.10598	0.08106	0.26875	0.01549	0.03094	0.01135	0.00632	0.00557	0.00163	0.02837	0.01905	0.00464	0.08976
9	0.00807	0.00524	0.00703	0.00796	0.00872	0.00490	0.00576	0.00934	0.01101	0.06609	0.02946	0.61242	0.05228	0.01572	0.00683	0.00218	0.00350	0.13361	0.00509	0.00478
10	0.05638	0.00918	0.01228	0.00945	0.01357	0.00805	0.00781	0.02575	0.01512	0.75194	0.02064	0.01790	0.01300	0.00658	0.00532	0.00166	0.00455	0.00530	0.00651	0.00901
11	0.01040	0.00821	0.05373	0.04148	0.01202	0.00772	0.00788	0.06940	0.03199	0.07527	0.06452	0.23220	0.02268	0.04874	0.12626	0.03529	0.03554	0.10670	0.00435	0.00559
12	0.05194	0.00968	0.01221	0.00974	0.01352	0.00915	0.00803	0.11382	0.05444	0.54235	0.03463	0.02124	0.03375	0.00736	0.00549	0.00172	0.00464	0.05165	0.00614	0.00853
13	0.00709	0.00542	0.00651	0.00633	0.00773	0.00484	0.00471	0.00912	0.01386	0.01859	0.47676	0.08964	0.30542	0.01224	0.00637	0.00176	0.00263	0.01061	0.00553	0.00484
14	0.02328	0.00916	0.01267	0.05479	0.01504	0.00812	0.00829	0.02545	0.01510	0.73756	0.02051	0.01804	0.01294	0.00657	0.00540	0.00167	0.00472	0.00536	0.00640	0.00895
15	0.01649	0.01198	0.01407	0.01215	0.02813	0.11390	0.03861	0.05793	0.01313	0.25610	0.01711	0.06643	0.04825	0.00858	0.00893	0.00190	0.22141	0.05351	0.00438	0.00701
16	0.01077	0.02777	0.78354	0.01530	0.02323	0.01247	0.01983	0.01700	0.01133	0.01700	0.00963	0.01133	0.00680	0.00510	0.00510	0.00170	0.00793	0.00397	0.00227	0.00793
17	0.00922	0.00470	0.00692	0.00692	0.00692	0.00470	0.00457	0.00705	0.00705	0.00940	0.00984	0.01759	0.01001	0.07230	0.02141	0.78706	0.00470	0.00487	0.00239	0.00239
18	0.01523	0.62603	0.06074	0.01007	0.01447	0.08562	0.00979	0.01714	0.01150	0.06493	0.00855	0.00960	0.00733	0.00501	0.00430	0.00127	0.03558	0.00321	0.00263	0.00699
19	0.01914	0.02913	0.01332	0.04698	0.01489	0.00891	0.04395	0.07125	0.01454	0.48628	0.01940	0.04968	0.01434	0.01055	0.08026	0.00239	0.00593	0.05555	0.00553	0.00797
20	0.01237	0.01395	0.03022	0.02168	0.02687	0.01307	0.71376	0.01678	0.01282	0.01745	0.05611	0.01600	0.01066	0.00491	0.00633	0.00180	0.00866	0.00653	0.00290	0.00711
21	0.06126	0.11171	0.14028	0.05707	0.11906	0.01228	0.01109	0.05267	0.14179	0.03262	0.12306	0.04603	0.04022	0.00706	0.00542	0.00167	0.01988	0.00581	0.00387	0.00715

[dist]
# distance from previous block
# <min> <max>
1	26

[block]
# block no. 4 follows, 45 sequences, length 22
# corresponding to MSA columns:
# 317-338
name=unknown_E
#
# <colnr> <probs for GDERKNQSTAVLIFYWHMCP>
#	G	D	E	R	K	N	Q	S	T	A	V	L	I	F	Y	W	H	M	C	P
0	0.15198	0.14046	0.04736	0.06984	0.04888	0.01334	0.03950	0.08064	0.17831	0.01948	0.04266	0.01532	0.01169	0.01033	0.10573	0.00252	0.00650	0.00480	0.00368	0.00697
1	0.00653	0.00539	0.00573	0.00575	0.00739	0.00459	0.00427	0.00802	0.01251	0.01541	0.15100	0.10085	0.62710	0.01345	0.00638	0.00182	0.00272	0.01137	0.00511	0.00459
2	0.01122	0.01671	0.25894	0.20773	0.05711	0.03762	0.20086	0.01564	0.01187	0.01615	0.02890	0.01835	0.01064	0.00611	0.00573	0.00181	0.00760	0.07733	0.00278	0.00689
3	0.01204	0.01008	0.01162	0.00838	0.01311	0.00809	0.00674	0.08680	0.01252	0.01910	0.00987	0.01130	0.00807	0.00422	0.00411	0.00088	0.00416	0.00334	0.00340	0.76218
4	0.01957	0.05004	0.01357	0.01025	0.01405	0.01134	0.00839	0.15498	0.20607	0.38940	0.05088	0.01821	0.01459	0.00685	0.00535	0.00167	0.00470	0.00552	0.00588	0.00869
5	0.01481	0.01230	0.01534	0.01249	0.01585	0.04766	0.11599	0.21805	0.25514	0.05619	0.05160	0.05026	0.01479	0.01032	0.08173	0.00241	0.00649	0.00615	0.00472	0.00772
6	0.00911	0.00670	0.00899	0.00999	0.01140	0.00688	0.00863	0.01283	0.08656	0.01669	0.02778	0.05657	0.02947	0.01409	0.00722	0.00241	0.00487	0.66951	0.00499	0.00529
7	0.01113	0.00954	0.01113	0.00795	0.01272	0.00716	0.00636	0.01352	0.01113	0.01749	0.00954	0.01113	0.00795	0.00398	0.00398	0.00080	0.00398	0.00318	0.00318	0.84417
8	0.00686	0.00505	0.00651	0.00754	0.00826	0.00469	0.00545	0.00813	0.01095	0.01423	0.03348	0.55709	0.15697	0.01595	0.00686	0.00217	0.00336	0.13697	0.00498	0.00449
9	0.00919	0.00687	0.00912	0.00990	0.01136	0.00721	0.00844	0.01334	0.11508	0.01658	0.02615	0.05115	0.02720	0.01630	0.08399	0.00299	0.00577	0.56914	0.00481	0.00541
10	0.13138	0.01308	0.01288	0.01183	0.05144	0.08936	0.00888	0.12251	0.39217	0.08495	0.01671	0.01603	0.01239	0.00651	0.00508	0.00170	0.00512	0.00509	0.00485	0.00804
11	0.00660	0.00483	0.00623	0.00732	0.00786	0.00446	0.00502	0.00765	0.01061	0.01390	0.03261	0.68290	0.12712	0.01633	0.00681	0.00215	0.00314	0.04506	0.00498	0.00441
12	0.02069	0.00830	0.01113	0.00880	0.01232	0.00727	0.00717	0.02286	0.01500	0.61574	0.12356	0.02139	0.01841	0.00720	0.00539	0.00163	0.00412	0.00595	0.07483	0.00824
13	0.01602	0.01014	0.01112	0.00917	0.01213	0.01084	0.00738	0.31240	0.09060	0.11491	0.01640	0.01702	0.01211	0.00781	0.03574	0.00179	0.00473	0.00511	0.29711	0.00746
14	0.01267	0.01094	0.01149	0.01039	0.01331	0.01250	0.00807	0.02650	0.69485	0.02168	0.02500	0.02310	0.09003	0.00789	0.00555	0.00182	0.00410	0.00658	0.00542	0.00811
15	0.02235	0.00947	0.01237	0.00963	0.01359	0.00861	0.00790	0.08000	0.04943	0.64800	0.04641	0.01949	0.03316	0.00697	0.00545	0.00167	0.00454	0.00567	0.00643	0.00886
16	0.00666	0.00499	0.00618	0.00686	0.00769	0.00451	0.00477	0.00795	0.01153	0.01512	0.15218	0.50071	0.22111	0.01511	0.00664	0.00201	0.00293	0.01342	0.00513	0.00451
17	0.01435	0.81458	0.02813	0.00918	0.01378	0.02124	0.00918	0.01607	0.01091	0.01263	0.00746	0.00861	0.00689	0.00459	0.00344	0.00115	0.00574	0.00287	0.00230	0.00689
18	0.09296	0.01238	0.09342	0.01507	0.01866	0.01096	0.32673	0.01456	0.04261	0.01665	0.01511	0.18909	0.01474	0.05526	0.00791	0.00210	0.05446	0.00771	0.00335	0.00627
19	0.03193	0.00786	0.05258	0.00812	0.00997	0.00715	0.00659	0.01278	0.10767	0.04924	0.21589	0.05924	0.14532	0.04360	0.08581	0.10290	0.02450	0.01900	0.00450	0.00535
20	0.02979	0.05968	0.09020	0.01090	0.04008	0.04755	0.04062	0.05766	0.04720	0.17424	0.10408	0.13532	0.01922	0.07007	0.02846	0.00215	0.00539	0.00706	0.00449	0.02585
21	0.04488	0.10265	0.01288	0.02754	0.02979	0.02771	0.03226	0.05469	0.17343	0.05236	0.06386	0.08742	0.06928	0.12209	0.00876	0.00222	0.02127	0.03751	0.00428	0.02511

[dist]
# distance from previous block
# <min> <max>
0	93

[block]
# block no. 5 follows, 45 sequences, length 22
# corresponding to MSA columns:
# 432-453
name=unknown_F
#
# <colnr> <probs for GDERKNQSTAVLIFYWHMCP>
#	G	D	E	R	K	N	Q	S	T	A	V	L	I	F	Y	W	H	M	C	P
0	0.08941	0.13288	0.22877	0.07009	0.09321	0.01375	0.10736	0.04040	0.03299	0.05661	0.01022	0.01215	0.00781	0.00528	0.00550	0.00162	0.04557	0.00431	0.00292	0.03914
1	0.01155	0.06792	0.15833	0.01354	0.10235	0.01075	0.06642	0.05092	0.04443	0.05339	0.03689	0.03400	0.10764	0.09412	0.03734	0.03310	0.04760	0.00614	0.00347	0.02011
2	0.01002	0.00762	0.00899	0.00848	0.01033	0.00807	0.00647	0.01581	0.24011	0.05971	0.17547	0.13587	0.15252	0.01408	0.09403	0.00261	0.02980	0.00880	0.00508	0.00613
3	0.00881	0.00952	0.07613	0.14025	0.01675	0.00828	0.10305	0.01217	0.04547	0.01651	0.16278	0.03342	0.29879	0.00959	0.00626	0.00180	0.01946	0.02111	0.00418	0.00569
4	0.05501	0.24002	0.20750	0.04977	0.11485	0.08401	0.08139	0.01766	0.02581	0.06244	0.00990	0.01155	0.00771	0.00504	0.00471	0.00152	0.00689	0.00405	0.00279	0.00739
5	0.01369	0.09852	0.28732	0.05151	0.01882	0.16369	0.01331	0.04444	0.18392	0.01741	0.01290	0.01519	0.01021	0.00614	0.00510	0.00165	0.00698	0.03846	0.00332	0.00743
6	0.01077	0.00646	0.00790	0.00763	0.00934	0.00621	0.00599	0.06326	0.01358	0.10660	0.16885	0.14790	0.10123	0.01098	0.00589	0.00181	0.00352	0.13834	0.17813	0.00562
7	0.00768	0.00569	0.00784	0.00936	0.04464	0.00547	0.00680	0.00940	0.01155	0.01527	0.07530	0.40396	0.07963	0.01498	0.00692	0.00221	0.00387	0.27968	0.00492	0.00482
8	0.01404	0.05026	0.01786	0.21315	0.19761	0.11780	0.03265	0.03162	0.01198	0.07574	0.01044	0.01416	0.00855	0.00631	0.00756	0.00177	0.15545	0.02316	0.00296	0.00694
9	0.00769	0.00566	0.00819	0.00819	0.00900	0.00647	0.00616	0.00930	0.00850	0.01214	0.01478	0.02330	0.01438	0.16197	0.66969	0.00809	0.01293	0.00608	0.00294	0.00455
10	0.04438	0.00521	0.00663	0.00744	0.00810	0.00495	0.00507	0.00891	0.01056	0.05289	0.05963	0.65638	0.03284	0.06051	0.00776	0.00228	0.00333	0.01356	0.00494	0.00463
11	0.04934	0.01198	0.05207	0.15210	0.05328	0.02294	0.10664	0.06210	0.01201	0.09291	0.01119	0.03930	0.00904	0.00631	0.00752	0.00170	0.15638	0.00497	0.00330	0.14492
12	0.01508	0.01451	0.01297	0.01158	0.01463	0.16728	0.00896	0.06847	0.57708	0.02125	0.01866	0.01757	0.01410	0.00689	0.00533	0.00172	0.00542	0.00548	0.00492	0.00808
13	0.01435	0.81458	0.02813	0.00918	0.01378	0.02124	0.00918	0.01607	0.01091	0.01263	0.00746	0.00861	0.00689	0.00459	0.00344	0.00115	0.00574	0.00287	0.00230	0.00689
14	0.01401	0.01138	0.01216	0.01084	0.01394	0.01302	0.00846	0.02838	0.72222	0.06879	0.02181	0.01992	0.01620	0.00724	0.00546	0.00181	0.00427	0.00603	0.00553	0.00854
15	0.00996	0.00683	0.00802	0.00740	0.00933	0.00664	0.00565	0.01436	0.14646	0.09122	0.34771	0.06412	0.19852	0.01047	0.00598	0.00173	0.00309	0.00899	0.04763	0.00590
16	0.00977	0.00539	0.00589	0.04529	0.00817	0.00553	0.00457	0.01253	0.03308	0.01914	0.01843	0.09768	0.01565	0.00728	0.00419	0.00139	0.00285	0.00604	0.69203	0.00509
17	0.00773	0.00550	0.00734	0.00734	0.00786	0.00601	0.00511	0.00876	0.00825	0.01151	0.01555	0.02759	0.01624	0.39724	0.43695	0.00704	0.01013	0.00670	0.00305	0.00408
18	0.00951	0.00828	0.04293	0.04632	0.01326	0.00719	0.12425	0.01095	0.01032	0.01439	0.05505	0.07085	0.08600	0.08260	0.03036	0.19788	0.00530	0.01714	0.04440	0.12303
19	0.04665	0.00870	0.04323	0.00859	0.01146	0.00764	0.00709	0.04448	0.06081	0.30664	0.31956	0.02703	0.02793	0.04775	0.00676	0.00186	0.00395	0.00710	0.00575	0.00701
20	0.07992	0.22012	0.12069	0.01038	0.01446	0.01414	0.00981	0.03753	0.22630	0.01836	0.01346	0.01548	0.01099	0.00615	0.00507	0.00154	0.03534	0.03836	0.03003	0.09188
21	0.03697	0.12019	0.06680	0.01057	0.04650	0.01077	0.00891	0.08465	0.01362	0.23631	0.01386	0.02721	0.01059	0.00577	0.00472	0.00136	0.00495	0.03121	0.00426	0.26076

[dist]
# distance from previous block
# <min> <max>
3	7

[block]
# block no. 6 follows, 45 sequences, length 22
# corresponding to MSA columns:
# 461-482
name=unknown_G
#
# <colnr> <probs for GDERKNQSTAVLIFYWHMCP>
#	G	D	E	R	K	N	Q	S	T	A	V	L	I	F	Y	W	H	M	C	P
0	0.04910	0.01121	0.08105	0.03734	0.23480	0.04859	0.01972	0.01368	0.01231	0.04605	0.12764	0.14957	0.09473	0.00862	0.00564	0.00170	0.00502	0.00759	0.00390	0.04175
1	0.00658	0.00480	0.00619	0.00720	0.00774	0.00442	0.00489	0.00765	0.01077	0.01422	0.07326	0.68033	0.11995	0.01613	0.00677	0.00211	0.00304	0.01451	0.00503	0.00442
2	0.01207	0.00839	0.01232	0.15360	0.05300	0.00951	0.00940	0.01419	0.01151	0.15777	0.12202	0.13058	0.01911	0.01252	0.09251	0.00264	0.16144	0.00715	0.00410	0.00618
3	0.04218	0.04103	0.04271	0.37404	0.08255	0.01201	0.07888	0.04874	0.06031	0.10897	0.03750	0.01599	0.01044	0.00583	0.00537	0.00173	0.00640	0.01488	0.00345	0.00700
4	0.01108	0.00951	0.01550	0.30146	0.11118	0.02971	0.09947	0.01389	0.01160	0.06730	0.01658	0.19538	0.01615	0.00864	0.00597	0.00189	0.00609	0.06888	0.00355	0.00619
5	0.01267	0.01448	0.03167	0.02262	0.02805	0.01357	0.75837	0.01719	0.01267	0.01719	0.01086	0.01448	0.00814	0.00452	0.00633	0.00181	0.00905	0.00633	0.00271	0.00724
6	0.01249	0.09567	0.28074	0.04960	0.11560	0.02814	0.16424	0.06169	0.05318	0.01755	0.01148	0.05132	0.00936	0.00575	0.00555	0.00169	0.02030	0.00519	0.00291	0.00755
7	0.01305	0.11213	0.12567	0.08522	0.33807	0.01370	0.17658	0.01675	0.01203	0.04149	0.01020	0.01296	0.00805	0.00485	0.00529	0.00162	0.00709	0.00480	0.00268	0.00778
8	0.01284	0.00966	0.01463	0.05398	0.27140	0.01023	0.01091	0.01574	0.05174	0.13152	0.04461	0.11700	0.01591	0.04255	0.05101	0.00235	0.09894	0.03409	0.00389	0.00698
9	0.00918	0.00520	0.00761	0.00748	0.00758	0.00556	0.00517	0.00765	0.00729	0.00993	0.01026	0.01786	0.01033	0.07460	0.10363	0.65092	0.04944	0.00500	0.00245	0.00285
10	0.15678	0.07100	0.12278	0.05835	0.22110	0.04530	0.05906	0.07404	0.01245	0.03473	0.01165	0.08781	0.01026	0.00621	0.00501	0.00166	0.00613	0.00527	0.00320	0.00721
11	0.10770	0.04386	0.03795	0.01085	0.08555	0.03881	0.00806	0.01531	0.02870	0.04179	0.00988	0.01134	0.00800	0.00445	0.00415	0.00109	0.00467	0.00346	0.00323	0.53117
12	0.00664	0.00501	0.00607	0.00673	0.00757	0.00452	0.00465	0.00783	0.01126	0.01460	0.11296	0.47157	0.25657	0.04869	0.00751	0.00215	0.00302	0.01321	0.00501	0.00444
13	0.00970	0.00897	0.01326	0.27097	0.01973	0.01135	0.01070	0.01173	0.01012	0.01402	0.06959	0.16364	0.05102	0.00974	0.01025	0.00206	0.29707	0.00734	0.00323	0.00550
14	0.05262	0.16219	0.25841	0.03463	0.21897	0.01388	0.02903	0.04570	0.03181	0.08828	0.01079	0.01229	0.00819	0.00516	0.00485	0.00157	0.00647	0.00422	0.00304	0.00791
15	0.00947	0.00536	0.00747	0.00731	0.00748	0.00558	0.00494	0.03321	0.00792	0.01065	0.01130	0.05459	0.01179	0.12413	0.02052	0.63239	0.03472	0.00557	0.00268	0.00291
16	0.00881	0.00570	0.00674	0.00673	0.00773	0.00546	0.00466	0.01052	0.04184	0.06349	0.11575	0.17888	0.13411	0.27699	0.01313	0.00296	0.00384	0.03685	0.07116	0.00465
17	0.05690	0.05094	0.28761	0.11349	0.09049	0.06613	0.01421	0.14292	0.02665	0.06574	0.01100	0.01255	0.00807	0.00549	0.00502	0.00163	0.00680	0.00430	0.02238	0.00769
18	0.01481	0.17009	0.21588	0.01430	0.09286	0.03927	0.04652	0.11659	0.06070	0.09830	0.01263	0.01460	0.00974	0.00581	0.00497	0.00158	0.00630	0.02970	0.03756	0.00780
19	0.01290	0.01778	0.29932	0.07978	0.12923	0.02714	0.13997	0.01838	0.08443	0.08823	0.01286	0.04381	0.00990	0.00578	0.00548	0.00173	0.00703	0.00529	0.00323	0.00774
20	0.00866	0.04460	0.04642	0.00881	0.03992	0.00752	0.00621	0.01027	0.04354	0.01267	0.01807	0.19546	0.02003	0.39198	0.07597	0.00400	0.04927	0.00847	0.00353	0.00460
21	0.56041	0.10749	0.05272	0.01062	0.09166	0.02548	0.00815	0.01595	0.01004	0.03537	0.00889	0.03696	0.00745	0.00537	0.00382	0.00161	0.00483	0.00363	0.00319	0.00635

[dist]
# distance from previous block
# <min> <max>
8	29

[block]
# block no. 7 follows, 45 sequences, length 16
# corresponding to MSA columns:
# 512-527
name=unknown_H
#
# <colnr> <probs for GDERKNQSTAVLIFYWHMCP>
#	G	D	E	R	K	N	Q	S	T	A	V	L	I	F	Y	W	H	M	C	P
0	0.12450	0.18012	0.01649	0.08611	0.06094	0.06930	0.00957	0.11831	0.07194	0.10966	0.01398	0.01471	0.05213	0.00623	0.00531	0.00159	0.04349	0.00459	0.00382	0.00722
1	0.23474	0.04626	0.01390	0.18675	0.11713	0.01156	0.02363	0.02910	0.02583	0.08519	0.07846	0.01588	0.03172	0.00617	0.00544	0.00168	0.04538	0.00485	0.00355	0.03277
2	0.00857	0.00611	0.00821	0.04852	0.04667	0.00567	0.00621	0.01008	0.01085	0.04931	0.02504	0.52840	0.05203	0.01297	0.00610	0.00188	0.00359	0.01163	0.05679	0.10140
3	0.03083	0.01210	0.07393	0.01301	0.04836	0.01037	0.13837	0.04256	0.06876	0.14840	0.03680	0.01519	0.01100	0.02364	0.00636	0.00156	0.05519	0.00490	0.00388	0.25479
4	0.01279	0.01325	0.01595	0.01380	0.01436	0.10129	0.01132	0.01516	0.07272	0.01374	0.00843	0.01221	0.00782	0.00879	0.01519	0.00220	0.64752	0.00468	0.00266	0.00613
5	0.03387	0.23269	0.01691	0.00952	0.01395	0.08187	0.00812	0.13970	0.01374	0.01866	0.00937	0.01055	0.00771	0.00472	0.00412	0.00110	0.00529	0.00339	0.00327	0.38144
6	0.03189	0.09619	0.17946	0.02987	0.05167	0.01143	0.08781	0.01695	0.03131	0.11190	0.02522	0.01305	0.00921	0.00519	0.00529	0.00142	0.03802	0.00427	0.00332	0.24655
7	0.01349	0.02957	0.28003	0.01498	0.04142	0.04668	0.16332	0.03865	0.05596	0.11772	0.08133	0.01697	0.03241	0.00626	0.00600	0.00172	0.03685	0.00549	0.00363	0.00752
8	0.01240	0.00714	0.00894	0.00846	0.01040	0.00691	0.00632	0.01627	0.14296	0.21678	0.10182	0.35739	0.05837	0.01179	0.00616	0.00192	0.00362	0.01038	0.00559	0.00640
9	0.00844	0.00634	0.00790	0.00770	0.00907	0.00634	0.00578	0.04672	0.07816	0.01919	0.38894	0.18986	0.08366	0.01466	0.08092	0.00248	0.00416	0.02905	0.00529	0.00535
10	0.01574	0.16924	0.13778	0.05210	0.03728	0.08323	0.05769	0.05350	0.03544	0.19089	0.04775	0.03165	0.01219	0.00639	0.00535	0.00161	0.02127	0.02953	0.00391	0.00746
11	0.05376	0.04239	0.04567	0.05738	0.14934	0.25038	0.02577	0.03746	0.01363	0.13462	0.04810	0.03450	0.01124	0.00675	0.02265	0.00168	0.00693	0.00477	0.00361	0.04937
12	0.01287	0.00659	0.00846	0.00742	0.00964	0.00586	0.00576	0.01499	0.01431	0.26689	0.34140	0.07849	0.13469	0.00998	0.00590	0.00170	0.00325	0.00857	0.05695	0.00627
13	0.02630	0.05271	0.21143	0.37401	0.02706	0.01235	0.04716	0.01640	0.10221	0.01604	0.01181	0.04044	0.00927	0.00585	0.00524	0.00174	0.00673	0.00502	0.02143	0.00679
14	0.01606	0.15258	0.10715	0.03267	0.05571	0.03996	0.06805	0.05173	0.04891	0.24866	0.03252	0.04962	0.05958	0.00673	0.00521	0.00161	0.00569	0.00561	0.00432	0.00764
15	0.00953	0.00656	0.02494	0.03894	0.00997	0.00646	0.00624	0.01055	0.00973	0.08200	0.02035	0.12353	0.06983	0.24425	0.14051	0.08075	0.03936	0.06808	0.00379	0.00463

[dist]
# distance from previous block
# <min> <max>
0	20

[block]
# block no. 8 follows, 45 sequences, length 26
# corresponding to MSA columns:
# 551-576
name=unknown_I
#
# <colnr> <probs for GDERKNQSTAVLIFYWHMCP>
#	G	D	E	R	K	N	Q	S	T	A	V	L	I	F	Y	W	H	M	C	P
0	0.03713	0.01761	0.29788	0.05908	0.02001	0.03118	0.10855	0.04589	0.09384	0.03558	0.01351	0.05392	0.03488	0.00684	0.00717	0.00184	0.11925	0.00547	0.00318	0.00718
1	0.00660	0.00475	0.00628	0.00747	0.00787	0.00443	0.00507	0.00760	0.01042	0.01381	0.03053	0.75345	0.06465	0.01662	0.00685	0.00218	0.00316	0.03889	0.00498	0.00439
2	0.01513	0.01001	0.01253	0.01119	0.03853	0.01043	0.03656	0.07745	0.30185	0.20205	0.12489	0.02546	0.02072	0.00814	0.00578	0.00181	0.00453	0.07957	0.00555	0.00782
3	0.06103	0.00946	0.01188	0.00945	0.01323	0.00885	0.00772	0.06942	0.08043	0.54122	0.01982	0.03711	0.01363	0.00689	0.00526	0.00165	0.00447	0.02001	0.03756	0.04091
4	0.00761	0.00534	0.00691	0.00768	0.00840	0.00512	0.00557	0.00913	0.02251	0.02628	0.09307	0.41645	0.06875	0.12573	0.00970	0.00259	0.00376	0.16600	0.00485	0.00453
5	0.01268	0.01320	0.05651	0.26112	0.02548	0.08495	0.22891	0.04410	0.01222	0.05362	0.01152	0.04539	0.00935	0.00846	0.06404	0.00229	0.05103	0.00558	0.00297	0.00658
6	0.05035	0.01151	0.01233	0.01009	0.01343	0.04892	0.00810	0.28797	0.09497	0.21051	0.04593	0.06198	0.01425	0.00722	0.00523	0.00163	0.00486	0.00576	0.09704	0.00792
7	0.01001	0.00585	0.00734	0.00720	0.00879	0.00525	0.00538	0.01169	0.01267	0.14913	0.17257	0.28158	0.20164	0.01257	0.00624	0.00188	0.00321	0.04102	0.05055	0.00542
8	0.01396	0.00943	0.01069	0.00948	0.01221	0.01012	0.00738	0.02331	0.43035	0.16283	0.12634	0.06164	0.02132	0.00807	0.00551	0.00175	0.00388	0.00683	0.06720	0.00768
9	0.05490	0.01011	0.01382	0.15170	0.15156	0.03536	0.02379	0.07539	0.05178	0.11555	0.01709	0.08530	0.01562	0.03564	0.00649	0.00198	0.00563	0.13731	0.00413	0.00682
10	0.05244	0.05596	0.61109	0.01479	0.02189	0.03308	0.06390	0.01749	0.01160	0.05508	0.01006	0.01160	0.00716	0.00513	0.00503	0.00167	0.00761	0.00408	0.00258	0.00776
11	0.01477	0.00836	0.00948	0.00823	0.01075	0.00858	0.00646	0.12112	0.14037	0.18862	0.01952	0.09150	0.01546	0.00751	0.00491	0.00157	0.00377	0.00619	0.32582	0.00700
12	0.01329	0.01275	0.02179	0.03295	0.77787	0.01275	0.01647	0.01647	0.01222	0.01754	0.01010	0.01329	0.00850	0.00478	0.00531	0.00159	0.00638	0.00478	0.00266	0.00850
13	0.02041	0.01504	0.01611	0.01235	0.01665	0.01665	0.01020	0.75997	0.02524	0.03383	0.01289	0.01289	0.00913	0.00644	0.00537	0.00161	0.00591	0.00483	0.00537	0.00913
14	0.00821	0.00530	0.00663	0.00708	0.00770	0.00507	0.00484	0.00917	0.01023	0.05158	0.06258	0.34139	0.05379	0.28740	0.01371	0.00315	0.00402	0.08386	0.02995	0.00434
15	0.00834	0.00608	0.00710	0.00709	0.00843	0.00584	0.00510	0.01121	0.10559	0.04193	0.15048	0.23112	0.25475	0.07670	0.00879	0.04757	0.00334	0.01056	0.00496	0.00500
16	0.00904	0.00692	0.00787	0.00759	0.00939	0.00688	0.00568	0.01395	0.19530	0.04715	0.20608	0.17786	0.26196	0.01179	0.00618	0.00185	0.00319	0.01018	0.00538	0.00576
17	0.24695	0.01002	0.01148	0.00905	0.01302	0.00976	0.00746	0.08772	0.01434	0.47299	0.01616	0.01486	0.01063	0.00605	0.00476	0.00161	0.00454	0.00457	0.00546	0.04857
18	0.00820	0.00548	0.00712	0.00778	0.00844	0.00536	0.00539	0.02890	0.03935	0.04157	0.02560	0.56920	0.02933	0.06614	0.03384	0.07096	0.00395	0.03412	0.00468	0.00461
19	0.06002	0.00951	0.01245	0.00959	0.01372	0.00854	0.00792	0.06529	0.01562	0.70808	0.02013	0.01756	0.01274	0.00656	0.00531	0.00166	0.00462	0.00526	0.00643	0.00899
20	0.00703	0.00507	0.00655	0.00713	0.00793	0.00474	0.00506	0.00859	0.01187	0.01620	0.24132	0.44627	0.10456	0.01541	0.03702	0.00224	0.00339	0.03440	0.03059	0.00463
21	0.00817	0.00593	0.00752	0.00774	0.00849	0.00606	0.00551	0.01011	0.05118	0.03325	0.15217	0.34299	0.06003	0.16549	0.02094	0.00273	0.05125	0.05101	0.00469	0.00474
22	0.01293	0.06079	0.09739	0.03379	0.23254	0.01199	0.01193	0.06638	0.03504	0.07608	0.01343	0.04818	0.01216	0.09236	0.02796	0.00231	0.10914	0.04515	0.00341	0.00705
23	0.13154	0.01193	0.04254	0.39173	0.02557	0.06459	0.04914	0.03929	0.03423	0.01663	0.00975	0.01309	0.00757	0.00572	0.00612	0.00174	0.08037	0.00446	0.03136	0.03266
24	0.04487	0.01170	0.04197	0.03137	0.08818	0.03781	0.06881	0.01502	0.01072	0.10385	0.04683	0.04133	0.04103	0.03189	0.01150	0.00209	0.35553	0.00569	0.00333	0.00648
25	0.06090	0.02380	0.00875	0.00767	0.00971	0.00674	0.04581	0.03428	0.03526	0.04436	0.14084	0.14875	0.35868	0.01282	0.03563	0.00207	0.00390	0.00991	0.00484	0.00530

[dist]
# distance from previous block
# <min> <max>
1	24

[block]
# block no. 9 follows, 45 sequences, length 48
# corresponding to MSA columns:
# 601-648
name=unknown_J
#
# <colnr> <probs for GDERKNQSTAVLIFYWHMCP>
#	G	D	E	R	K	N	Q	S	T	A	V	L	I	F	Y	W	H	M	C	P
0	0.04507	0.00752	0.00959	0.00830	0.01091	0.00689	0.00652	0.02917	0.03933	0.32960	0.21234	0.14063	0.06691	0.00971	0.00584	0.00176	0.00374	0.03058	0.00580	0.02980
1	0.01282	0.10250	0.29387	0.04467	0.29066	0.01369	0.02994	0.07389	0.03671	0.01796	0.01039	0.01281	0.00821	0.02266	0.00555	0.00168	0.00681	0.00443	0.00278	0.00796
2	0.05907	0.06052	0.39533	0.01778	0.12145	0.01307	0.15119	0.01692	0.03977	0.01719	0.01007	0.01234	0.00765	0.00546	0.00592	0.02252	0.02914	0.00451	0.00258	0.00754
3	0.02299	0.00891	0.01215	0.00947	0.01343	0.00774	0.00783	0.02510	0.01525	0.72931	0.04546	0.02052	0.01512	0.00708	0.00550	0.00169	0.00452	0.03252	0.00656	0.00885
4	0.00930	0.03285	0.07131	0.00796	0.02002	0.00687	0.00667	0.04849	0.01265	0.03821	0.14017	0.08940	0.21225	0.08281	0.00775	0.00207	0.00392	0.08433	0.11763	0.00535
5	0.01436	0.23839	0.16896	0.03392	0.08217	0.01461	0.10524	0.06947	0.06352	0.10071	0.01202	0.01388	0.00931	0.00654	0.02915	0.00178	0.00670	0.01827	0.00334	0.00765
6	0.01825	0.00786	0.01041	0.00862	0.01174	0.00690	0.00686	0.02034	0.02645	0.51920	0.08921	0.13286	0.09906	0.00915	0.00578	0.00175	0.00400	0.00775	0.00616	0.00764
7	0.10863	0.01127	0.01263	0.00993	0.01371	0.01168	0.00816	0.33289	0.01838	0.29583	0.01579	0.01519	0.01079	0.00634	0.00497	0.00159	0.00484	0.00485	0.10423	0.00829
8	0.01160	0.00950	0.01572	0.71584	0.03453	0.01150	0.01417	0.01502	0.01122	0.09412	0.01076	0.01473	0.00780	0.00550	0.00537	0.00178	0.00688	0.00484	0.00283	0.00630
9	0.00700	0.00506	0.00662	0.00708	0.00787	0.00468	0.00499	0.00867	0.01254	0.01722	0.36304	0.43799	0.06904	0.01409	0.00660	0.00195	0.00284	0.01264	0.00540	0.00468
10	0.01077	0.02777	0.78354	0.01530	0.02323	0.01247	0.01983	0.01700	0.01133	0.01700	0.00963	0.01133	0.00680	0.00510	0.00510	0.00170	0.00793	0.00397	0.00227	0.00793
11	0.01077	0.02777	0.78354	0.01530	0.02323	0.01247	0.01983	0.01700	0.01133	0.01700	0.00963	0.01133	0.00680	0.00510	0.00510	0.00170	0.00793	0.00397	0.00227	0.00793
12	0.03835	0.04790	0.57031	0.01439	0.02123	0.03630	0.05056	0.01846	0.03945	0.09724	0.01117	0.01231	0.00787	0.00531	0.00509	0.00168	0.00737	0.00422	0.00291	0.00790
13	0.00892	0.00641	0.00826	0.00787	0.00830	0.00718	0.00555	0.00972	0.00883	0.04002	0.05019	0.04875	0.01857	0.44775	0.16129	0.00497	0.11995	0.02981	0.00339	0.00428
14	0.01401	0.01650	0.02868	0.02103	0.02597	0.15457	0.62250	0.01796	0.01313	0.01646	0.01039	0.01361	0.00792	0.00471	0.00606	0.00173	0.00916	0.00581	0.00272	0.00706
15	0.00721	0.00615	0.00738	0.00860	0.08806	0.00543	0.00554	0.00884	0.01237	0.01544	0.11725	0.10227	0.57103	0.01266	0.00627	0.00180	0.00311	0.01078	0.00483	0.00499
16	0.06296	0.07077	0.33955	0.01253	0.01810	0.08206	0.01337	0.08982	0.05329	0.18786	0.01275	0.01300	0.00892	0.00568	0.00498	0.00162	0.00661	0.00430	0.00380	0.00800
17	0.01450	0.01356	0.06812	0.24678	0.02210	0.13287	0.06335	0.07316	0.03221	0.12555	0.02892	0.01707	0.05878	0.00642	0.00571	0.00168	0.03086	0.00526	0.04626	0.00682
18	0.01007	0.00611	0.00756	0.00747	0.00766	0.05897	0.00506	0.00799	0.00756	0.00959	0.00925	0.01586	0.00916	0.01774	0.01986	0.78555	0.00501	0.00458	0.00236	0.00260
19	0.84927	0.01038	0.00789	0.00706	0.01038	0.01204	0.00581	0.01578	0.00914	0.02408	0.00747	0.00872	0.00581	0.00498	0.00332	0.00166	0.00415	0.00291	0.00332	0.00581
20	0.00837	0.00599	0.00748	0.00797	0.00879	0.00594	0.00565	0.08676	0.01199	0.01604	0.06459	0.53173	0.03129	0.10619	0.00906	0.00247	0.00378	0.07621	0.00487	0.00482
21	0.00752	0.00548	0.00707	0.00667	0.00797	0.00503	0.00501	0.00999	0.01502	0.02111	0.73211	0.04079	0.09383	0.01113	0.00633	0.00170	0.00254	0.00980	0.00585	0.00503
22	0.01114	0.11016	0.70443	0.01466	0.02224	0.01339	0.01872	0.01690	0.01129	0.01654	0.00941	0.01105	0.00681	0.00505	0.00493	0.00164	0.00770	0.00385	0.00227	0.00782
23	0.70327	0.06541	0.00912	0.00725	0.01034	0.01187	0.00596	0.01493	0.00938	0.02220	0.00979	0.09239	0.00900	0.00620	0.00370	0.00168	0.00415	0.00420	0.00342	0.00574
24	0.61121	0.01046	0.01085	0.00909	0.01244	0.01169	0.08023	0.04934	0.01039	0.05025	0.00928	0.01112	0.00726	0.00876	0.08617	0.00240	0.00580	0.00372	0.00343	0.00612
25	0.01174	0.01174	0.01644	0.01409	0.01409	0.01644	0.01174	0.01292	0.00822	0.01292	0.00705	0.01174	0.00705	0.00940	0.01762	0.00235	0.80153	0.00470	0.00235	0.00587
26	0.01398	0.73219	0.10723	0.00983	0.01477	0.02032	0.01030	0.01617	0.01095	0.01309	0.00769	0.00890	0.00688	0.00465	0.00362	0.00121	0.00597	0.00299	0.00229	0.00700
27	0.00778	0.00577	0.00778	0.00839	0.00927	0.00604	0.00632	0.01029	0.06268	0.01454	0.05197	0.34102	0.02697	0.04661	0.23809	0.00418	0.00687	0.13620	0.00437	0.00487
28	0.01386	0.67684	0.10748	0.01075	0.01576	0.01979	0.06212	0.01625	0.01107	0.01340	0.00792	0.00930	0.00697	0.00464	0.00382	0.00125	0.00620	0.00322	0.00232	0.00702
29	0.01067	0.01088	0.09508	0.49386	0.02847	0.01050	0.04243	0.01412	0.01152	0.06774	0.04990	0.04781	0.08109	0.00682	0.00557	0.00178	0.00637	0.00600	0.00317	0.00621
30	0.01072	0.00684	0.00836	0.00801	0.00975	0.00671	0.00597	0.01487	0.14946	0.13119	0.21233	0.28253	0.08303	0.01160	0.00613	0.00186	0.00334	0.01018	0.03109	0.00602
31	0.01713	0.02058	0.01564	0.10198	0.01878	0.54274	0.06206	0.04165	0.01484	0.01499	0.08905	0.01382	0.01167	0.00604	0.00518	0.00150	0.00849	0.00450	0.00313	0.00623
32	0.01155	0.00888	0.00833	0.00795	0.00975	0.09047	0.00609	0.06650	0.11765	0.01945	0.04812	0.10589	0.05237	0.00854	0.00501	0.00159	0.00399	0.05747	0.36461	0.00581
33	0.07880	0.01088	0.01342	0.16471	0.06481	0.03610	0.00989	0.17162	0.06833	0.17244	0.01559	0.01679	0.03904	0.00990	0.08739	0.00240	0.00649	0.00517	0.01885	0.00739
34	0.00831	0.00637	0.00751	0.00721	0.00872	0.00619	0.00537	0.03928	0.09283	0.01908	0.38102	0.13233	0.19487	0.04796	0.00723	0.00195	0.00310	0.01996	0.00540	0.00530
35	0.05322	0.01427	0.02366	0.12569	0.15891	0.09147	0.36085	0.02843	0.05760	0.01726	0.01081	0.01379	0.00835	0.00500	0.00566	0.00172	0.00782	0.00536	0.00290	0.00722
36	0.00873	0.00607	0.00743	0.00759	0.00896	0.00580	0.00559	0.01168	0.09135	0.06941	0.16635	0.35257	0.17309	0.01336	0.00645	0.00196	0.00325	0.04975	0.00531	0.00531
37	0.01756	0.01230	0.01646	0.10050	0.01867	0.01366	0.07549	0.28071	0.06175	0.19350	0.01376	0.01463	0.00984	0.00674	0.00749	0.00179	0.13738	0.00513	0.00460	0.00804
38	0.02214	0.01225	0.01438	0.01103	0.01526	0.01251	0.00911	0.41315	0.02057	0.38724	0.01681	0.01543	0.01109	0.00654	0.00538	0.00163	0.00527	0.00510	0.00597	0.00913
39	0.05432	0.00928	0.01224	0.00946	0.01349	0.00829	0.00780	0.05410	0.01551	0.69582	0.04797	0.01850	0.01421	0.00673	0.00535	0.00166	0.00453	0.00544	0.00644	0.00886
40	0.04890	0.01313	0.01430	0.02745	0.03194	0.03864	0.00942	0.44593	0.08649	0.11173	0.05862	0.01567	0.01249	0.00674	0.00563	0.00165	0.02721	0.00517	0.03055	0.00833
41	0.01182	0.00753	0.00909	0.00840	0.01006	0.00765	0.00627	0.11784	0.05819	0.11385	0.10313	0.15058	0.02390	0.22902	0.04026	0.00304	0.00486	0.08395	0.00483	0.00573
42	0.00747	0.00515	0.00637	0.00691	0.00718	0.00508	0.00451	0.00811	0.00913	0.01216	0.02221	0.29298	0.02577	0.43767	0.04607	0.00404	0.00482	0.08654	0.00399	0.00385
43	0.00993	0.00631	0.00862	0.04472	0.04071	0.00606	0.00662	0.03499	0.01213	0.11682	0.09157	0.47961	0.05312	0.01343	0.00646	0.00201	0.00375	0.05258	0.00508	0.00548
44	0.03810	0.10911	0.06530	0.04090	0.06815	0.01023	0.04116	0.06106	0.03806	0.06761	0.01132	0.01522	0.00964	0.02432	0.09262	0.28738	0.00649	0.00469	0.00307	0.00557
45	0.00912	0.00626	0.00772	0.00813	0.00918	0.00631	0.00586	0.04807	0.09542	0.04393	0.02562	0.49107	0.02815	0.05014	0.00779	0.02774	0.00368	0.06737	0.05325	0.00520
46	0.00783	0.00622	0.00789	0.05462	0.01043	0.00624	0.01883	0.01072	0.08537	0.01567	0.10046	0.32828	0.21720	0.02578	0.03548	0.00223	0.01440	0.01110	0.03618	0.00506
47	0.01328	0.01353	0.12606	0.10035	0.07667	0.02830	0.06368	0.10544	0.02417	0.08328	0.04698	0.07159	0.01224	0.00700	0.00713	0.00173	0.11846	0.00563	0.00361	0.09089

[dist]
# distance from previous block
# <min> <max>
0	102

# created by:
# /home/berkeley/.conda/envs/busco_data_prod/bin/msa2prfl.pl pipeline/OGs_align_augustus/33634/166595.fs
