[name]
unknown

[dist]
# distance from previous block
# <min> <max>
0	1475

[block]
# block no. 0 follows, 40 sequences, length 39
# corresponding to MSA columns:
# 2181-2219
name=unknown_A
#
# <colnr> <probs for GDERKNQSTAVLIFYWHMCP>
#	G	D	E	R	K	N	Q	S	T	A	V	L	I	F	Y	W	H	M	C	P
0	0.00856	0.00585	0.00703	0.00723	0.00758	0.00588	0.00475	0.00922	0.00966	0.01287	0.04552	0.04220	0.03853	0.58850	0.06468	0.00516	0.00597	0.12288	0.00393	0.00400
1	0.01387	0.05363	0.06448	0.11120	0.05927	0.04121	0.15440	0.10016	0.01396	0.05051	0.01440	0.12171	0.01308	0.00955	0.04202	0.00226	0.08675	0.00687	0.00368	0.03697
2	0.00719	0.00514	0.00687	0.00822	0.00860	0.00481	0.00558	0.00828	0.01124	0.01496	0.03199	0.75860	0.03823	0.01812	0.00745	0.00238	0.00346	0.04874	0.00540	0.00475
3	0.01153	0.01047	0.01558	0.45239	0.05682	0.01094	0.01261	0.01489	0.01186	0.01661	0.01036	0.01412	0.00814	0.00520	0.00522	0.00151	0.00638	0.00450	0.00293	0.32797
4	0.00740	0.00593	0.00663	0.00649	0.00823	0.00515	0.00490	0.00935	0.01440	0.01844	0.30590	0.05171	0.49323	0.01375	0.00689	0.00193	0.00292	0.02586	0.00575	0.00512
5	0.00762	0.00588	0.00669	0.00651	0.00797	0.00524	0.00471	0.00939	0.01385	0.01808	0.32689	0.04858	0.38014	0.12124	0.01000	0.00242	0.00324	0.01106	0.00553	0.00494
6	0.03960	0.00800	0.01148	0.25866	0.01940	0.00939	0.00938	0.01303	0.05732	0.01475	0.01477	0.02313	0.01366	0.18701	0.27712	0.00529	0.00962	0.00626	0.01660	0.00555
7	0.01480	0.08179	0.35029	0.01709	0.13424	0.01341	0.01582	0.02118	0.11471	0.12979	0.04098	0.01591	0.01185	0.00623	0.00557	0.00179	0.00684	0.00511	0.00385	0.00877
8	0.01550	0.01244	0.01899	0.12145	0.25634	0.01219	0.07210	0.10111	0.01483	0.10561	0.01292	0.01574	0.01002	0.00571	0.00560	0.00161	0.00637	0.01954	0.00385	0.18807
9	0.18494	0.01647	0.01681	0.06583	0.01849	0.23063	0.10859	0.04848	0.01308	0.01827	0.01112	0.07574	0.01010	0.00751	0.00787	0.00192	0.14865	0.00549	0.00332	0.00668
10	0.01137	0.01059	0.01767	0.34136	0.25974	0.01150	0.04251	0.01469	0.01272	0.01712	0.08108	0.07504	0.06504	0.00759	0.00611	0.00189	0.00649	0.00699	0.00342	0.00707
11	0.01396	0.01152	0.01208	0.01095	0.01397	0.01322	0.00850	0.02851	0.64732	0.02396	0.02302	0.02169	0.01736	0.00774	0.00566	0.00189	0.00434	0.00642	0.11921	0.00868
12	0.83671	0.01125	0.00855	0.00765	0.01125	0.01305	0.00630	0.01709	0.00990	0.02609	0.00810	0.00945	0.00630	0.00540	0.00360	0.00180	0.00450	0.00315	0.00360	0.00630
13	0.00958	0.00637	0.00706	0.00678	0.00720	0.00650	0.00409	0.06034	0.01004	0.01376	0.01806	0.03525	0.01993	0.68692	0.02620	0.00507	0.00549	0.00803	0.05922	0.00410
14	0.01441	0.02516	0.56388	0.01622	0.02383	0.01274	0.08643	0.02019	0.01319	0.15022	0.01277	0.01393	0.00875	0.00576	0.00571	0.00185	0.00806	0.00481	0.00334	0.00875
15	0.01365	0.04905	0.10858	0.01100	0.04332	0.00974	0.00953	0.04305	0.01304	0.08281	0.01226	0.04083	0.01004	0.00537	0.00479	0.00120	0.00513	0.00434	0.00373	0.52852
16	0.04674	0.10353	0.09571	0.06101	0.01876	0.12538	0.01169	0.21461	0.22010	0.02384	0.01447	0.01485	0.01092	0.00659	0.00542	0.00174	0.00672	0.00498	0.00444	0.00850
17	0.01398	0.01356	0.02362	0.11837	0.35688	0.01405	0.18939	0.01953	0.11446	0.03227	0.01292	0.01589	0.01016	0.00577	0.00650	0.00187	0.03318	0.00579	0.00334	0.00847
18	0.01651	0.47799	0.16006	0.01254	0.04885	0.01884	0.01228	0.06981	0.01363	0.10513	0.01080	0.01164	0.00851	0.00549	0.00454	0.00147	0.00654	0.00389	0.00329	0.00820
19	0.00834	0.00542	0.00719	0.00772	0.00813	0.00533	0.00525	0.00847	0.00981	0.01302	0.02407	0.28996	0.07389	0.17538	0.08339	0.21232	0.00540	0.04879	0.00410	0.00402
20	0.01214	0.06816	0.07186	0.29768	0.03919	0.01222	0.07392	0.03510	0.02799	0.05583	0.08777	0.05870	0.04329	0.03519	0.02159	0.00217	0.04006	0.00665	0.00366	0.00682
21	0.01242	0.00826	0.01019	0.00837	0.01167	0.00675	0.00645	0.01439	0.01309	0.13128	0.12376	0.14145	0.07340	0.00950	0.00650	0.04378	0.00398	0.00753	0.00482	0.36242
22	0.01377	0.01572	0.13678	0.23111	0.09467	0.07073	0.04039	0.01827	0.06431	0.06045	0.01173	0.01449	0.00902	0.00622	0.00704	0.00181	0.09220	0.00491	0.00323	0.10314
23	0.01608	0.01146	0.05228	0.01170	0.04211	0.00961	0.05523	0.06377	0.06688	0.22179	0.10359	0.02132	0.05765	0.00709	0.00564	0.00157	0.00504	0.00605	0.00512	0.23602
24	0.65731	0.04511	0.01084	0.00906	0.01261	0.15057	0.00733	0.01821	0.01116	0.02346	0.00826	0.00963	0.00656	0.00549	0.00390	0.00172	0.00565	0.00326	0.00345	0.00642
25	0.01777	0.07857	0.01728	0.01271	0.01656	0.08036	0.08905	0.20523	0.11484	0.13221	0.08995	0.02052	0.01663	0.00746	0.00582	0.00177	0.00608	0.03176	0.04716	0.00827
26	0.00850	0.00629	0.00828	0.03594	0.01022	0.00625	0.00620	0.03629	0.01377	0.01894	0.33481	0.22747	0.07925	0.05355	0.11352	0.00319	0.00517	0.02170	0.00533	0.00532
27	0.00736	0.00580	0.00652	0.00654	0.00804	0.00509	0.00475	0.00903	0.01356	0.01736	0.23992	0.13166	0.44191	0.06617	0.00844	0.00221	0.00312	0.01201	0.00554	0.00495
28	0.34128	0.01042	0.01157	0.00930	0.01345	0.01030	0.00767	0.02397	0.01402	0.47671	0.01717	0.01577	0.01125	0.00650	0.00497	0.00180	0.00477	0.00480	0.00580	0.00850
29	0.59498	0.12184	0.01272	0.00897	0.01271	0.10897	0.00749	0.01828	0.01121	0.04737	0.00870	0.00990	0.00688	0.00547	0.00390	0.00169	0.00550	0.00331	0.00349	0.00663
30	0.01253	0.01202	0.02091	0.51026	0.03472	0.03369	0.18689	0.01688	0.03690	0.04415	0.01201	0.03196	0.00922	0.00598	0.00609	0.00194	0.00801	0.00584	0.00302	0.00698
31	0.00831	0.00621	0.00923	0.00923	0.01023	0.00721	0.00712	0.01031	0.00931	0.01341	0.01568	0.02344	0.01480	0.07300	0.74355	0.00920	0.01519	0.00632	0.00313	0.00513
32	0.01081	0.01159	0.10634	0.09179	0.12190	0.00981	0.05492	0.06619	0.02844	0.01812	0.04491	0.33392	0.02274	0.01252	0.03659	0.00234	0.00604	0.01007	0.00424	0.00671
33	0.00796	0.00593	0.00740	0.00703	0.00852	0.00537	0.00527	0.01045	0.01582	0.02181	0.61787	0.04592	0.19423	0.01245	0.00686	0.00186	0.00278	0.01087	0.00620	0.00537
34	0.01190	0.05481	0.33716	0.02916	0.02063	0.01234	0.13314	0.01692	0.04115	0.03285	0.01675	0.07205	0.06158	0.00741	0.00651	0.00188	0.04932	0.00635	0.08061	0.00749
35	0.16891	0.12241	0.06043	0.11024	0.04712	0.01354	0.03901	0.11478	0.02874	0.06342	0.02459	0.08997	0.01378	0.00778	0.00542	0.00185	0.00588	0.05486	0.01999	0.00730
36	0.01273	0.01417	0.21063	0.01234	0.01616	0.00986	0.06020	0.02833	0.05264	0.12481	0.04629	0.16085	0.03509	0.04787	0.04768	0.03496	0.03981	0.03420	0.00435	0.00704
37	0.00716	0.00553	0.00654	0.00709	0.00823	0.00491	0.00501	0.00861	0.01276	0.01640	0.14600	0.38523	0.33390	0.01589	0.00712	0.00212	0.00311	0.01394	0.00554	0.00491
38	0.77121	0.04513	0.01044	0.00837	0.01211	0.01353	0.03345	0.01716	0.01012	0.02528	0.00823	0.00967	0.00644	0.00536	0.00372	0.00178	0.00477	0.00328	0.00353	0.00640

[dist]
# distance from previous block
# <min> <max>
0	3

[block]
# block no. 1 follows, 40 sequences, length 15
# corresponding to MSA columns:
# 2223-2237
name=unknown_B
#
# <colnr> <probs for GDERKNQSTAVLIFYWHMCP>
#	G	D	E	R	K	N	Q	S	T	A	V	L	I	F	Y	W	H	M	C	P
0	0.01521	0.05677	0.31944	0.05722	0.10375	0.01528	0.04365	0.21148	0.07971	0.02345	0.01251	0.01393	0.00921	0.00604	0.00565	0.00180	0.00737	0.00493	0.00372	0.00887
1	0.07577	0.00998	0.01319	0.01018	0.01462	0.00882	0.00841	0.02765	0.01623	0.71819	0.02203	0.01916	0.01390	0.00709	0.00571	0.00180	0.00492	0.00568	0.00698	0.00968
2	0.01709	0.00835	0.01090	0.00912	0.01211	0.00769	0.00723	0.02079	0.07968	0.36834	0.35133	0.03054	0.03281	0.00936	0.00631	0.00183	0.00393	0.00800	0.00673	0.00786
3	0.00962	0.00654	0.00729	0.00694	0.00734	0.00669	0.00416	0.07063	0.01006	0.01343	0.01795	0.03601	0.02019	0.72860	0.02758	0.00531	0.00570	0.00818	0.00372	0.00406
4	0.02211	0.01629	0.01745	0.01338	0.01803	0.01803	0.01105	0.73997	0.02734	0.03665	0.01396	0.01396	0.00989	0.00698	0.00582	0.00175	0.00640	0.00524	0.00582	0.00989
5	0.01379	0.07864	0.01827	0.23701	0.02386	0.01389	0.10398	0.05847	0.24343	0.05405	0.05153	0.01996	0.04368	0.00704	0.00590	0.00187	0.00628	0.00621	0.00433	0.00781
6	0.02013	0.01123	0.01332	0.01111	0.01499	0.01158	0.00888	0.02965	0.39211	0.38440	0.02331	0.02077	0.01612	0.00755	0.00588	0.00189	0.00477	0.00622	0.00654	0.00954
7	0.00811	0.00593	0.00839	0.00856	0.00941	0.00644	0.00633	0.00986	0.01044	0.01471	0.11064	0.15773	0.02432	0.11591	0.46787	0.00683	0.01084	0.00875	0.00396	0.00497
8	0.01492	0.01435	0.10230	0.16475	0.38269	0.01324	0.01624	0.01846	0.01293	0.11885	0.01212	0.01495	0.00931	0.00603	0.00689	0.00186	0.07311	0.00516	0.00334	0.00849
9	0.01492	0.00662	0.00758	0.00674	0.00893	0.00626	0.00526	0.01750	0.01338	0.21997	0.02003	0.02118	0.01477	0.00689	0.00454	0.00147	0.00331	0.00553	0.60850	0.00662
10	0.00923	0.00745	0.00887	0.05750	0.01167	0.00756	0.00656	0.01424	0.16013	0.02010	0.31491	0.08787	0.22049	0.03850	0.00742	0.00206	0.00362	0.01015	0.00564	0.00603
11	0.01588	0.75707	0.02971	0.01022	0.01509	0.06386	0.01002	0.01773	0.01207	0.01371	0.00813	0.00939	0.00746	0.00503	0.00381	0.00126	0.00645	0.00314	0.00252	0.00742
12	0.01105	0.00887	0.03561	0.01010	0.01190	0.00881	0.00796	0.05467	0.15843	0.05493	0.02746	0.35899	0.05373	0.03096	0.00805	0.00231	0.04498	0.09946	0.00532	0.00642
13	0.01650	0.01310	0.04875	0.24677	0.02322	0.06278	0.01211	0.09965	0.10057	0.17865	0.01692	0.03543	0.03830	0.00746	0.00699	0.00192	0.07264	0.00586	0.00450	0.00790
14	0.10249	0.07696	0.07917	0.06100	0.01768	0.01463	0.01066	0.17617	0.23640	0.10034	0.01599	0.01589	0.01172	0.00661	0.00535	0.00176	0.00566	0.00513	0.00487	0.05152

[dist]
# distance from previous block
# <min> <max>
2	18

[block]
# block no. 2 follows, 40 sequences, length 9
# corresponding to MSA columns:
# 2276-2284
name=unknown_C
#
# <colnr> <probs for GDERKNQSTAVLIFYWHMCP>
#	G	D	E	R	K	N	Q	S	T	A	V	L	I	F	Y	W	H	M	C	P
0	0.01287	0.01581	0.23620	0.07998	0.01880	0.01110	0.01254	0.08263	0.04176	0.07141	0.10608	0.08431	0.01754	0.02784	0.00709	0.00189	0.04620	0.00649	0.00413	0.11532
1	0.00810	0.00585	0.00766	0.00740	0.00866	0.00540	0.00548	0.01066	0.01587	0.02239	0.67658	0.12580	0.05306	0.01259	0.00692	0.00189	0.00281	0.01118	0.00629	0.00540
2	0.01240	0.00588	0.00624	0.00592	0.00760	0.00574	0.00452	0.01506	0.01265	0.09742	0.01938	0.02149	0.01485	0.00682	0.00425	0.00140	0.00294	0.00546	0.74411	0.00588
3	0.00736	0.00509	0.00665	0.00790	0.00831	0.00477	0.00530	0.00849	0.01121	0.01534	0.03110	0.73592	0.03675	0.01739	0.00718	0.00229	0.00333	0.01572	0.06511	0.00477
4	0.01439	0.01382	0.02360	0.03569	0.75936	0.01382	0.01785	0.01785	0.01324	0.01900	0.01094	0.01439	0.00921	0.00518	0.00576	0.00173	0.00691	0.00518	0.00288	0.00921
5	0.00740	0.00591	0.00662	0.00645	0.00818	0.00513	0.00483	0.00937	0.01450	0.01867	0.33063	0.05108	0.48343	0.01362	0.00687	0.00191	0.00287	0.01159	0.00579	0.00513
6	0.00713	0.00590	0.00624	0.00616	0.00801	0.00502	0.00462	0.00883	0.01385	0.01712	0.18856	0.05364	0.62647	0.01420	0.00687	0.00194	0.00291	0.01195	0.00559	0.00502
7	0.01386	0.01328	0.02265	0.15135	0.64783	0.01368	0.01758	0.01738	0.01299	0.01836	0.01084	0.01456	0.00899	0.00528	0.00577	0.00176	0.00704	0.00518	0.00283	0.00878
8	0.02175	0.02692	0.01655	0.01487	0.01798	0.71998	0.01122	0.07293	0.01723	0.01579	0.00933	0.01073	0.00766	0.00606	0.00528	0.00152	0.01020	0.00385	0.00319	0.00696

[dist]
# distance from previous block
# <min> <max>
0	1

[block]
# block no. 3 follows, 40 sequences, length 20
# corresponding to MSA columns:
# 2286-2305
name=unknown_D
#
# <colnr> <probs for GDERKNQSTAVLIFYWHMCP>
#	G	D	E	R	K	N	Q	S	T	A	V	L	I	F	Y	W	H	M	C	P
0	0.12158	0.06743	0.01623	0.01365	0.03964	0.36106	0.01041	0.14977	0.12792	0.02131	0.01198	0.01272	0.00937	0.00629	0.00517	0.00164	0.00776	0.00437	0.00398	0.00774
1	0.01454	0.11161	0.02446	0.03249	0.66666	0.01496	0.01686	0.01779	0.01306	0.01834	0.01058	0.01376	0.00899	0.00516	0.00550	0.00167	0.00682	0.00492	0.00283	0.00899
2	0.01290	0.37299	0.34031	0.01246	0.01838	0.01673	0.01421	0.01670	0.01181	0.01568	0.01145	0.07403	0.01050	0.04192	0.00595	0.00179	0.00698	0.00492	0.00275	0.00755
3	0.00831	0.00586	0.00768	0.00777	0.00824	0.00630	0.00528	0.00928	0.00901	0.01247	0.01795	0.07684	0.01929	0.41902	0.35404	0.00707	0.00986	0.00797	0.00346	0.00433
4	0.00827	0.00557	0.00645	0.00661	0.00670	0.00551	0.00384	0.00851	0.00911	0.01221	0.04881	0.13587	0.02470	0.66448	0.02584	0.00507	0.00523	0.00958	0.00388	0.00376
5	0.01524	0.73805	0.08885	0.01048	0.01574	0.02226	0.01087	0.01749	0.01185	0.01406	0.00827	0.00956	0.00746	0.00502	0.00387	0.00129	0.00641	0.00320	0.00249	0.00755
6	0.01373	0.01569	0.03431	0.02451	0.03039	0.01471	0.73824	0.01863	0.01373	0.01863	0.01176	0.01569	0.00882	0.00490	0.00686	0.00196	0.00980	0.00686	0.00294	0.00784
7	0.37356	0.01411	0.01361	0.01091	0.01511	0.01588	0.00900	0.42809	0.01981	0.03209	0.01143	0.01201	0.00834	0.00630	0.00486	0.00177	0.00558	0.00434	0.00486	0.00834
8	0.00730	0.00534	0.00687	0.00769	0.00842	0.00490	0.00531	0.00873	0.01248	0.01671	0.18652	0.55332	0.12194	0.01651	0.00724	0.00221	0.00319	0.01480	0.00561	0.00490
9	0.01555	0.79913	0.03047	0.00995	0.01493	0.02301	0.00995	0.01741	0.01182	0.01368	0.00808	0.00933	0.00746	0.00498	0.00373	0.00124	0.00622	0.00311	0.00249	0.00746
10	0.01166	0.03008	0.76550	0.01657	0.02517	0.01351	0.02149	0.01842	0.01228	0.01842	0.01044	0.01228	0.00737	0.00552	0.00552	0.00184	0.00859	0.00430	0.00246	0.00859
11	0.00716	0.00587	0.00596	0.00594	0.00784	0.00497	0.00445	0.00877	0.01336	0.01642	0.09159	0.05342	0.68034	0.01414	0.00672	0.00192	0.00292	0.01180	0.05146	0.00497
12	0.01242	0.01196	0.02076	0.45708	0.30842	0.01336	0.06033	0.01620	0.01236	0.01663	0.01065	0.01510	0.00836	0.00552	0.00586	0.00186	0.00756	0.00528	0.00272	0.00757
13	0.00753	0.00567	0.00696	0.00716	0.00839	0.00511	0.00517	0.00942	0.01403	0.01878	0.35595	0.26613	0.23945	0.01451	0.00703	0.00202	0.00298	0.01275	0.00584	0.00511
14	0.00709	0.00506	0.00675	0.00810	0.00843	0.00472	0.00540	0.00810	0.01113	0.01484	0.03205	0.79184	0.03846	0.01822	0.00742	0.00236	0.00337	0.01653	0.00540	0.00472
15	0.05819	0.02070	0.37666	0.19839	0.10838	0.01360	0.06680	0.01766	0.03131	0.01812	0.01070	0.01360	0.00798	0.00569	0.00598	0.00188	0.02892	0.00479	0.00272	0.00794
16	0.00861	0.00674	0.00957	0.04720	0.01156	0.00769	0.00740	0.01084	0.02869	0.01461	0.06101	0.14144	0.05281	0.06785	0.44270	0.00641	0.05753	0.00829	0.00377	0.00528
17	0.00833	0.00577	0.00724	0.00791	0.00906	0.00525	0.00579	0.00982	0.01254	0.05333	0.07897	0.42978	0.22538	0.01614	0.00724	0.00224	0.00355	0.10097	0.00554	0.00515
18	0.09654	0.11927	0.01850	0.14322	0.10586	0.31100	0.03135	0.01967	0.01386	0.04927	0.01023	0.01242	0.00818	0.00573	0.00508	0.00162	0.00799	0.00424	0.02880	0.00716
19	0.10020	0.06464	0.06068	0.10472	0.07924	0.04350	0.09946	0.06848	0.03387	0.18994	0.01357	0.01499	0.00986	0.00637	0.00658	0.00184	0.06902	0.00513	0.01985	0.00809

[dist]
# distance from previous block
# <min> <max>
0	27

[block]
# block no. 4 follows, 40 sequences, length 37
# corresponding to MSA columns:
# 2334-2370
name=unknown_E
#
# <colnr> <probs for GDERKNQSTAVLIFYWHMCP>
#	G	D	E	R	K	N	Q	S	T	A	V	L	I	F	Y	W	H	M	C	P
0	0.07064	0.05186	0.30685	0.05057	0.02007	0.01263	0.03906	0.10231	0.01479	0.18490	0.01411	0.01489	0.00985	0.00613	0.00536	0.00176	0.00667	0.00485	0.07429	0.00843
1	0.04070	0.01271	0.01654	0.16545	0.10902	0.07662	0.01238	0.03997	0.01264	0.13340	0.03517	0.01620	0.01092	0.03040	0.02637	0.00228	0.24293	0.00536	0.00365	0.00728
2	0.06708	0.01210	0.01613	0.10213	0.01730	0.03687	0.01190	0.01445	0.00966	0.03071	0.00918	0.01452	0.00862	0.04652	0.04949	0.00282	0.53630	0.00515	0.00280	0.00627
3	0.00790	0.00562	0.00667	0.00689	0.00807	0.00514	0.00493	0.00973	0.01334	0.01836	0.26338	0.24202	0.22251	0.05186	0.00779	0.00213	0.00310	0.01185	0.10368	0.00503
4	0.00746	0.00542	0.00704	0.00769	0.00848	0.00500	0.00536	0.00909	0.01309	0.01779	0.28030	0.48899	0.09104	0.01584	0.00719	0.00215	0.00313	0.01421	0.00574	0.00500
5	0.01312	0.01423	0.10324	0.32468	0.18141	0.01353	0.13106	0.01757	0.03538	0.05342	0.01159	0.01521	0.00881	0.00586	0.00660	0.00191	0.04622	0.00542	0.00301	0.00773
6	0.06258	0.00597	0.00762	0.00869	0.00955	0.00587	0.00649	0.00991	0.01182	0.01654	0.06154	0.48453	0.03514	0.04156	0.00803	0.00249	0.00403	0.20739	0.00525	0.00499
7	0.00966	0.00825	0.01226	0.06602	0.16052	0.00883	0.00947	0.01162	0.01181	0.01624	0.08744	0.30788	0.07441	0.03645	0.05024	0.00263	0.09293	0.02303	0.00430	0.00600
8	0.06988	0.58521	0.06556	0.01043	0.01531	0.02044	0.01023	0.03454	0.08920	0.03737	0.01038	0.01118	0.00870	0.00544	0.00415	0.00141	0.00603	0.00366	0.00312	0.00775
9	0.01259	0.00863	0.05856	0.00836	0.01022	0.00756	0.00651	0.05755	0.01173	0.13525	0.01801	0.02804	0.01687	0.37772	0.11448	0.00449	0.00668	0.00692	0.10413	0.00571
10	0.00842	0.00562	0.00635	0.00639	0.00639	0.00562	0.00357	0.00845	0.00852	0.01136	0.01866	0.05655	0.02157	0.77655	0.02905	0.00556	0.00558	0.00865	0.00357	0.00355
11	0.00832	0.00619	0.00915	0.00915	0.01013	0.00717	0.00703	0.01026	0.00929	0.01336	0.01575	0.02381	0.01496	0.09153	0.72525	0.00911	0.01494	0.00637	0.00314	0.00509
12	0.01050	0.00939	0.01027	0.00977	0.01057	0.09820	0.00720	0.01172	0.00984	0.01292	0.01469	0.02511	0.01500	0.28260	0.34156	0.00633	0.10965	0.00653	0.00316	0.00497
13	0.01294	0.01327	0.05793	0.32394	0.44417	0.01345	0.01737	0.01672	0.01257	0.01736	0.01068	0.01472	0.00855	0.00544	0.00577	0.00181	0.00732	0.00513	0.00274	0.00811
14	0.01176	0.02809	0.67845	0.05847	0.02631	0.01355	0.06686	0.01824	0.01233	0.01824	0.01052	0.01267	0.00748	0.00550	0.00563	0.00185	0.00863	0.00451	0.00249	0.00843
15	0.01272	0.01272	0.01781	0.01527	0.01527	0.01781	0.01272	0.01399	0.00891	0.01399	0.00763	0.01272	0.00763	0.01018	0.01908	0.00254	0.78499	0.00509	0.00254	0.00636
16	0.00709	0.00506	0.00675	0.00810	0.00843	0.00472	0.00540	0.00810	0.01113	0.01484	0.03205	0.79184	0.03846	0.01822	0.00742	0.00236	0.00337	0.01653	0.00540	0.00472
17	0.00765	0.00597	0.00676	0.00682	0.00835	0.00533	0.00513	0.00936	0.01339	0.01702	0.20108	0.05228	0.43345	0.10660	0.00969	0.00245	0.00350	0.09485	0.00539	0.00492
18	0.00692	0.00569	0.00610	0.00642	0.00799	0.00486	0.00465	0.00829	0.01275	0.01550	0.05249	0.23181	0.58529	0.01556	0.00700	0.00206	0.00305	0.01329	0.00540	0.00486
19	0.00823	0.00594	0.00777	0.00732	0.00869	0.00549	0.00549	0.01097	0.01646	0.02332	0.75629	0.04344	0.05487	0.01189	0.00686	0.00183	0.00274	0.01052	0.00640	0.00549
20	0.01478	0.01247	0.01328	0.01189	0.01518	0.01432	0.00936	0.08450	0.65349	0.02490	0.02331	0.02348	0.01800	0.00826	0.00602	0.00199	0.00478	0.04508	0.00588	0.00905
21	0.01188	0.07365	0.72386	0.01620	0.02459	0.01404	0.02083	0.01836	0.01225	0.01815	0.01030	0.01211	0.00737	0.00549	0.00542	0.00181	0.00846	0.00423	0.00246	0.00853
22	0.00715	0.00509	0.00673	0.00802	0.00834	0.00477	0.00531	0.00811	0.01101	0.01468	0.03142	0.75741	0.03767	0.05372	0.00844	0.00251	0.00348	0.01616	0.00531	0.00467
23	0.00709	0.00506	0.00675	0.00810	0.00843	0.00472	0.00540	0.00810	0.01113	0.01484	0.03205	0.79184	0.03846	0.01822	0.00742	0.00236	0.00337	0.01653	0.00540	0.00472
24	0.12511	0.01174	0.01929	0.33909	0.22943	0.01293	0.09972	0.01604	0.01205	0.01797	0.01159	0.05838	0.00982	0.00618	0.00571	0.00189	0.00707	0.00574	0.00300	0.00725
25	0.01387	0.33916	0.12612	0.03248	0.01885	0.01587	0.15123	0.01693	0.01246	0.06637	0.01413	0.14084	0.01330	0.00739	0.00538	0.00170	0.00672	0.00644	0.00337	0.00738
26	0.02134	0.07792	0.01747	0.01455	0.01778	0.67476	0.01114	0.06850	0.01686	0.01562	0.00925	0.01063	0.00764	0.00599	0.00518	0.00150	0.00994	0.00380	0.00314	0.00699
27	0.00724	0.00517	0.00692	0.00827	0.00867	0.00485	0.00566	0.00836	0.01128	0.01501	0.03197	0.74388	0.03813	0.01808	0.00746	0.00238	0.00350	0.06299	0.00540	0.00477
28	0.00867	0.00644	0.00923	0.00909	0.00984	0.00749	0.00684	0.01013	0.00909	0.01299	0.01535	0.02464	0.01508	0.16946	0.56838	0.04584	0.05699	0.00649	0.00313	0.00485
29	0.01269	0.10124	0.63130	0.01609	0.02406	0.01427	0.05482	0.01872	0.01247	0.04685	0.01076	0.01246	0.00772	0.00551	0.00543	0.00179	0.00829	0.00437	0.00267	0.00850
30	0.04073	0.00615	0.00732	0.05054	0.00882	0.00636	0.00469	0.00942	0.00944	0.01320	0.08562	0.03507	0.02239	0.60031	0.04801	0.03041	0.00574	0.00808	0.00370	0.00400
31	0.20780	0.01352	0.01550	0.01235	0.01641	0.01472	0.07042	0.35949	0.06602	0.07102	0.01431	0.01683	0.01101	0.00752	0.00618	0.03398	0.00594	0.04368	0.00500	0.00832
32	0.01312	0.01201	0.01948	0.35051	0.28622	0.01329	0.05054	0.05565	0.06184	0.01864	0.01216	0.01579	0.00947	0.00580	0.00576	0.00183	0.00700	0.00537	0.04775	0.00780
33	0.01114	0.03862	0.01180	0.04733	0.01283	0.00854	0.06049	0.08428	0.01256	0.05346	0.02141	0.28345	0.02312	0.22880	0.03440	0.00324	0.00559	0.02483	0.00446	0.02966
34	0.00896	0.00683	0.02948	0.00782	0.00945	0.00589	0.00595	0.01149	0.04699	0.06022	0.20719	0.30362	0.22073	0.01402	0.00683	0.00204	0.00339	0.01228	0.03123	0.00558
35	0.01257	0.10282	0.01524	0.18985	0.09168	0.05147	0.01051	0.04510	0.01298	0.06554	0.03497	0.20432	0.05057	0.01116	0.03012	0.02626	0.00612	0.02812	0.00404	0.00655
36	0.05205	0.14201	0.21045	0.10235	0.02268	0.01515	0.12675	0.05708	0.04615	0.07851	0.02724	0.01437	0.00977	0.00616	0.00648	0.00182	0.06463	0.00502	0.00341	0.00792

[dist]
# distance from previous block
# <min> <max>
0	92

[block]
# block no. 5 follows, 40 sequences, length 61
# corresponding to MSA columns:
# 2463-2523
name=unknown_F
#
# <colnr> <probs for GDERKNQSTAVLIFYWHMCP>
#	G	D	E	R	K	N	Q	S	T	A	V	L	I	F	Y	W	H	M	C	P
0	0.01474	0.01530	0.07774	0.05772	0.01704	0.17030	0.02705	0.05917	0.01453	0.06441	0.09565	0.03799	0.01494	0.00830	0.04184	0.00183	0.00681	0.00530	0.00394	0.26539
1	0.00827	0.00605	0.00863	0.00870	0.00951	0.00681	0.00645	0.00989	0.00928	0.01316	0.01705	0.07012	0.01717	0.18461	0.58766	0.00824	0.01299	0.00725	0.00332	0.00485
2	0.00936	0.00651	0.00768	0.04377	0.00884	0.00679	0.00476	0.05110	0.00975	0.01303	0.01754	0.03476	0.01950	0.67156	0.06760	0.00544	0.00632	0.00799	0.00359	0.00412
3	0.01616	0.05179	0.01471	0.01208	0.01552	0.09872	0.00954	0.14008	0.47676	0.02459	0.06207	0.01990	0.01703	0.00763	0.00578	0.00184	0.00551	0.00611	0.00544	0.00874
4	0.00852	0.00757	0.05180	0.05932	0.01213	0.00627	0.00738	0.01050	0.01233	0.03371	0.07274	0.38827	0.17199	0.01456	0.00695	0.00215	0.00412	0.08253	0.00505	0.04213
5	0.04621	0.05006	0.05712	0.01018	0.01495	0.05842	0.02565	0.04185	0.01353	0.10681	0.04552	0.03553	0.01193	0.00572	0.00487	0.00126	0.00523	0.00458	0.00402	0.45654
6	0.01244	0.01126	0.01716	0.69533	0.03739	0.05407	0.01544	0.01609	0.01218	0.05804	0.01099	0.01548	0.00812	0.00590	0.00578	0.00191	0.00774	0.00513	0.00287	0.00667
7	0.00752	0.00534	0.00682	0.00759	0.00835	0.00494	0.00526	0.00903	0.01251	0.01710	0.18841	0.52590	0.10322	0.01594	0.00707	0.00216	0.00317	0.01427	0.05045	0.00494
8	0.03824	0.01142	0.01737	0.13318	0.26431	0.01161	0.03384	0.07842	0.01459	0.21554	0.01467	0.01651	0.01074	0.00692	0.00664	0.04963	0.00613	0.00536	0.05658	0.00830
9	0.04881	0.01032	0.01549	0.06130	0.29055	0.01103	0.01172	0.01625	0.08288	0.04010	0.08040	0.03638	0.01620	0.03614	0.19185	0.00375	0.02947	0.00629	0.00374	0.00733
10	0.00706	0.00585	0.00618	0.00620	0.00799	0.00497	0.00461	0.00867	0.01356	0.01665	0.14796	0.09444	0.62671	0.01455	0.00690	0.00197	0.00294	0.01228	0.00553	0.00497
11	0.02021	0.01095	0.01324	0.01100	0.01471	0.01104	0.00885	0.13734	0.19517	0.37107	0.02288	0.09015	0.01750	0.00871	0.00610	0.00192	0.00497	0.03869	0.00643	0.00906
12	0.04143	0.00848	0.01230	0.20101	0.10587	0.00930	0.01012	0.01243	0.01208	0.01657	0.07219	0.06144	0.18459	0.01487	0.11691	0.00305	0.04143	0.04894	0.02097	0.00602
13	0.01308	0.02022	0.26487	0.02201	0.02875	0.01433	0.51223	0.01856	0.01327	0.01856	0.01135	0.01461	0.00836	0.00510	0.00644	0.00192	0.00942	0.00605	0.00279	0.00808
14	0.00940	0.00557	0.00631	0.00630	0.00760	0.00534	0.00466	0.01187	0.01346	0.02110	0.24899	0.10914	0.07730	0.01002	0.00544	0.00164	0.00280	0.00856	0.43915	0.00534
15	0.00721	0.00513	0.00680	0.00808	0.00843	0.00482	0.00541	0.00822	0.01106	0.01474	0.03137	0.73733	0.03751	0.05512	0.00849	0.00253	0.00353	0.03424	0.00531	0.00468
16	0.02827	0.01950	0.39219	0.01267	0.01831	0.01108	0.01419	0.05885	0.06249	0.07016	0.06779	0.06513	0.13793	0.00849	0.00596	0.00189	0.00629	0.00696	0.00412	0.00774
17	0.02587	0.01024	0.01371	0.01051	0.01502	0.00906	0.00868	0.06712	0.01723	0.72378	0.02245	0.01948	0.01415	0.00719	0.00585	0.00180	0.00503	0.00581	0.00712	0.00990
18	0.00709	0.00506	0.00675	0.00810	0.00843	0.00472	0.00540	0.00810	0.01113	0.01484	0.03205	0.79184	0.03846	0.01822	0.00742	0.00236	0.00337	0.01653	0.00540	0.00472
19	0.01698	0.17202	0.20779	0.07501	0.06131	0.05286	0.04373	0.13285	0.01543	0.13466	0.01241	0.01355	0.00907	0.00599	0.00561	0.00171	0.02208	0.00466	0.00380	0.00848
20	0.01002	0.00736	0.00893	0.00852	0.00938	0.00814	0.00597	0.02674	0.10744	0.02655	0.01810	0.03097	0.01843	0.43623	0.18943	0.00560	0.05017	0.02308	0.00384	0.00507
21	0.00774	0.00559	0.00709	0.00753	0.00855	0.00515	0.00543	0.00961	0.01358	0.01857	0.31126	0.34954	0.13622	0.01482	0.00703	0.00208	0.00314	0.04460	0.03737	0.00509
22	0.01449	0.01470	0.01746	0.01504	0.01563	0.12223	0.01236	0.01583	0.01025	0.04281	0.00841	0.01268	0.00787	0.00948	0.01665	0.00237	0.64748	0.00493	0.00279	0.00655
23	0.11955	0.01474	0.03595	0.09236	0.03645	0.06117	0.01102	0.35730	0.03177	0.12593	0.01451	0.01656	0.01079	0.00698	0.00561	0.00181	0.00636	0.03745	0.00504	0.00864
24	0.00867	0.00672	0.00898	0.00937	0.01017	0.00695	0.02180	0.05126	0.01212	0.01625	0.02974	0.59565	0.07016	0.01631	0.00835	0.00233	0.07335	0.04144	0.00512	0.00527
25	0.58510	0.01424	0.01116	0.02787	0.01363	0.13717	0.00804	0.04999	0.01171	0.02344	0.00852	0.01021	0.00679	0.00594	0.00521	0.00181	0.06561	0.00354	0.00349	0.00654
26	0.00707	0.00545	0.00647	0.00724	0.00828	0.00485	0.00509	0.00833	0.01214	0.01540	0.05548	0.46394	0.33079	0.01664	0.00720	0.00220	0.00323	0.02995	0.00542	0.00483
27	0.00837	0.00627	0.00770	0.00755	0.00906	0.00590	0.00573	0.01149	0.05509	0.02087	0.46511	0.09886	0.18207	0.01285	0.00687	0.00195	0.00311	0.06197	0.02365	0.00552
28	0.01272	0.01272	0.01781	0.01527	0.01527	0.01781	0.01272	0.01399	0.00891	0.01399	0.00763	0.01272	0.00763	0.01018	0.01908	0.00254	0.78499	0.00509	0.00254	0.00636
29	0.01296	0.00697	0.00729	0.00664	0.00855	0.00713	0.00514	0.10390	0.01428	0.05879	0.01854	0.02064	0.01426	0.00682	0.00437	0.00142	0.00327	0.00542	0.68744	0.00618
30	0.01555	0.79913	0.03047	0.00995	0.01493	0.02301	0.00995	0.01741	0.01182	0.01368	0.00808	0.00933	0.00746	0.00498	0.00373	0.00124	0.00622	0.00311	0.00249	0.00746
31	0.00739	0.00552	0.00687	0.00737	0.00838	0.00500	0.00521	0.00903	0.01324	0.01763	0.25992	0.39842	0.20376	0.01550	0.00713	0.00211	0.00309	0.01374	0.00571	0.00500
32	0.01439	0.01382	0.02360	0.03569	0.75936	0.01382	0.01785	0.01785	0.01324	0.01900	0.01094	0.01439	0.00921	0.00518	0.00576	0.00173	0.00691	0.00518	0.00288	0.00921
33	0.01206	0.01034	0.01206	0.00861	0.01378	0.00775	0.00689	0.01464	0.01206	0.01895	0.01034	0.01206	0.00861	0.00431	0.00431	0.00086	0.00431	0.00345	0.00345	0.83118
34	0.01166	0.03008	0.76550	0.01657	0.02517	0.01351	0.02149	0.01842	0.01228	0.01842	0.01044	0.01228	0.00737	0.00552	0.00552	0.00184	0.00859	0.00430	0.00246	0.00859
35	0.02172	0.02772	0.01648	0.01498	0.01798	0.77228	0.01124	0.02322	0.01648	0.01423	0.00899	0.01049	0.00749	0.00599	0.00524	0.00150	0.01049	0.00375	0.00300	0.00674
36	0.00695	0.00587	0.00602	0.00603	0.00792	0.00494	0.00451	0.00848	0.01337	0.01610	0.09614	0.07689	0.69762	0.01468	0.00689	0.00197	0.00295	0.01230	0.00545	0.00494
37	0.00817	0.00546	0.00727	0.00803	0.00877	0.00506	0.00556	0.00961	0.01251	0.04998	0.18549	0.59848	0.04088	0.01638	0.00723	0.00222	0.00331	0.01478	0.00569	0.00512
38	0.00786	0.00585	0.00738	0.00821	0.00932	0.00546	0.00629	0.00956	0.01256	0.01619	0.07976	0.30328	0.22135	0.05021	0.00840	0.00247	0.00394	0.23157	0.00536	0.00496
39	0.06585	0.01610	0.12324	0.08918	0.11179	0.01419	0.18744	0.18605	0.01655	0.11335	0.01300	0.01478	0.00934	0.00589	0.00589	0.00184	0.00741	0.00543	0.00406	0.00861
40	0.01990	0.15286	0.01882	0.01280	0.01676	0.19377	0.01059	0.38031	0.02058	0.02576	0.01181	0.01273	0.00910	0.00652	0.00576	0.00161	0.03814	0.00453	0.04928	0.00836
41	0.00855	0.00627	0.00864	0.00921	0.04273	0.00665	0.00616	0.01001	0.01017	0.01424	0.10543	0.07448	0.02272	0.29240	0.34971	0.00644	0.00957	0.00804	0.00377	0.00482
42	0.09636	0.01698	0.10458	0.01560	0.05326	0.04574	0.11346	0.34424	0.01957	0.09573	0.01304	0.01397	0.00935	0.00635	0.00601	0.00180	0.02530	0.00515	0.00462	0.00888
43	0.05958	0.01253	0.06352	0.28608	0.11757	0.01221	0.04557	0.04052	0.04350	0.13530	0.01294	0.01528	0.00949	0.00592	0.00584	0.00177	0.02328	0.00505	0.00374	0.10031
44	0.08367	0.00770	0.00881	0.00770	0.01022	0.00749	0.00605	0.05195	0.01432	0.22995	0.09056	0.06632	0.01901	0.00794	0.00507	0.00164	0.00370	0.00647	0.36450	0.00692
45	0.01355	0.01657	0.16288	0.20831	0.02719	0.03069	0.19370	0.08657	0.13940	0.02009	0.01388	0.03697	0.01068	0.00634	0.00607	0.00192	0.00770	0.00595	0.00360	0.00795
46	0.00777	0.00589	0.00681	0.00658	0.00822	0.00523	0.00494	0.00995	0.01481	0.01987	0.40833	0.04778	0.36257	0.01286	0.00671	0.00186	0.00283	0.01101	0.05073	0.00523
47	0.01439	0.01382	0.02360	0.03569	0.75936	0.01382	0.01785	0.01785	0.01324	0.01900	0.01094	0.01439	0.00921	0.00518	0.00576	0.00173	0.00691	0.00518	0.00288	0.00921
48	0.00751	0.00544	0.00709	0.00767	0.00850	0.00502	0.00538	0.00921	0.01328	0.01812	0.30908	0.46451	0.08636	0.01561	0.00718	0.00214	0.00311	0.01400	0.00578	0.00502
49	0.00699	0.00590	0.00606	0.00602	0.00793	0.00496	0.00451	0.00858	0.01354	0.01639	0.12102	0.05485	0.69446	0.01447	0.00687	0.00195	0.00293	0.01212	0.00549	0.00496
50	0.01555	0.79913	0.03047	0.00995	0.01493	0.02301	0.00995	0.01741	0.01182	0.01368	0.00808	0.00933	0.00746	0.00498	0.00373	0.00124	0.00622	0.00311	0.00249	0.00746
51	0.00846	0.00564	0.00634	0.00634	0.00634	0.00564	0.00352	0.00846	0.00846	0.01128	0.01832	0.03805	0.02114	0.79563	0.02960	0.00564	0.00564	0.00846	0.00352	0.00352
52	0.83671	0.01125	0.00855	0.00765	0.01125	0.01305	0.00630	0.01709	0.00990	0.02609	0.00810	0.00945	0.00630	0.00540	0.00360	0.00180	0.00450	0.00315	0.00360	0.00630
53	0.09466	0.01584	0.01666	0.01287	0.01743	0.01759	0.01063	0.67558	0.02579	0.03571	0.01344	0.01356	0.00957	0.00684	0.00562	0.00175	0.00623	0.00505	0.00562	0.00957
54	0.10206	0.01311	0.01493	0.01155	0.01604	0.01356	0.00954	0.37061	0.02116	0.34190	0.01718	0.01599	0.01144	0.00692	0.00562	0.00177	0.00561	0.00529	0.00619	0.00955
55	0.01371	0.00924	0.00843	0.00761	0.00967	0.07585	0.00588	0.13684	0.01513	0.02354	0.01724	0.01938	0.01340	0.00674	0.00447	0.00143	0.00402	0.00524	0.61589	0.00629
56	0.00843	0.00575	0.00691	0.00691	0.00711	0.00595	0.00424	0.00882	0.00863	0.01170	0.01780	0.03516	0.01989	0.65267	0.17084	0.00634	0.00753	0.00803	0.00345	0.00384
57	0.01309	0.00994	0.05202	0.01087	0.04788	0.00905	0.00841	0.07152	0.13526	0.12716	0.25492	0.12485	0.07457	0.01058	0.00645	0.00193	0.00429	0.02413	0.00580	0.00726
58	0.06103	0.01330	0.01389	0.01196	0.01558	0.01521	0.00947	0.19387	0.54199	0.02727	0.02058	0.01924	0.01531	0.00754	0.00577	0.00191	0.00501	0.00608	0.00577	0.00920
59	0.01613	0.72940	0.02931	0.01026	0.01520	0.02257	0.01005	0.08177	0.01320	0.01573	0.00861	0.00974	0.00768	0.00515	0.00392	0.00129	0.00623	0.00330	0.00278	0.00768
60	0.01128	0.01712	0.28012	0.25378	0.06630	0.01263	0.03131	0.01525	0.01140	0.01605	0.01204	0.08325	0.01057	0.00806	0.00837	0.04717	0.09961	0.00589	0.00281	0.00701

[dist]
# distance from previous block
# <min> <max>
0	5

[block]
# block no. 6 follows, 40 sequences, length 20
# corresponding to MSA columns:
# 2529-2543,2567-2571
name=unknown_G
#
# <colnr> <probs for GDERKNQSTAVLIFYWHMCP>
#	G	D	E	R	K	N	Q	S	T	A	V	L	I	F	Y	W	H	M	C	P
0	0.00965	0.00787	0.01283	0.05768	0.05011	0.00788	0.10645	0.01163	0.01201	0.04406	0.06683	0.49011	0.02962	0.01385	0.00770	0.00221	0.04632	0.01265	0.00475	0.00579
1	0.01817	0.01354	0.01678	0.01348	0.01761	0.01465	0.09143	0.22729	0.36076	0.13210	0.01952	0.01859	0.01408	0.00720	0.00599	0.00188	0.00574	0.00613	0.00574	0.00934
2	0.05726	0.01219	0.01348	0.01109	0.01438	0.01325	0.00876	0.37423	0.08462	0.09732	0.01718	0.06484	0.01443	0.11830	0.06936	0.00294	0.00645	0.00650	0.00530	0.00811
3	0.00831	0.00623	0.00935	0.00935	0.01038	0.00727	0.00727	0.01038	0.00935	0.01350	0.01558	0.02285	0.01454	0.04361	0.77259	0.00935	0.01558	0.00623	0.00312	0.00519
4	0.00814	0.00639	0.00744	0.00722	0.00896	0.00590	0.00551	0.01126	0.06279	0.01992	0.38037	0.04843	0.33971	0.01303	0.00687	0.00194	0.00310	0.05162	0.00590	0.00548
5	0.01373	0.01569	0.03431	0.02451	0.03039	0.01471	0.73824	0.01863	0.01373	0.01863	0.01176	0.01569	0.00882	0.00490	0.00686	0.00196	0.00980	0.00686	0.00294	0.00784
6	0.02211	0.01629	0.01745	0.01338	0.01803	0.01803	0.01105	0.73997	0.02734	0.03665	0.01396	0.01396	0.00989	0.00698	0.00582	0.00175	0.00640	0.00524	0.00582	0.00989
7	0.01098	0.01034	0.01744	0.78165	0.04005	0.01292	0.01615	0.01486	0.01163	0.01486	0.01034	0.01550	0.00775	0.00581	0.00581	0.00194	0.00775	0.00517	0.00258	0.00646
8	0.02118	0.01501	0.01627	0.01260	0.01685	0.01642	0.01026	0.63582	0.02511	0.07732	0.01486	0.01635	0.01111	0.07406	0.00784	0.00208	0.00625	0.00555	0.00570	0.00935
9	0.00831	0.00623	0.00935	0.00935	0.01038	0.00727	0.00727	0.01038	0.00935	0.01350	0.01558	0.02285	0.01454	0.04361	0.77259	0.00935	0.01558	0.00623	0.00312	0.00519
10	0.01098	0.01034	0.01744	0.78165	0.04005	0.01292	0.01615	0.01486	0.01163	0.01486	0.01034	0.01550	0.00775	0.00581	0.00581	0.00194	0.00775	0.00517	0.00258	0.00646
11	0.02609	0.00990	0.01350	0.01035	0.01484	0.00855	0.00855	0.02834	0.01664	0.76338	0.02294	0.01979	0.01439	0.00720	0.00585	0.00180	0.00495	0.00585	0.00720	0.00990
12	0.01206	0.01034	0.01206	0.00861	0.01378	0.00775	0.00689	0.01464	0.01206	0.01895	0.01034	0.01206	0.00861	0.00431	0.00431	0.00086	0.00431	0.00345	0.00345	0.83118
13	0.01166	0.03008	0.76550	0.01657	0.02517	0.01351	0.02149	0.01842	0.01228	0.01842	0.01044	0.01228	0.00737	0.00552	0.00552	0.00184	0.00859	0.00430	0.00246	0.00859
14	0.00808	0.00594	0.00756	0.00716	0.00859	0.00542	0.00537	0.01068	0.01610	0.02247	0.67803	0.04484	0.13366	0.01221	0.00686	0.00184	0.00277	0.01071	0.00629	0.00542
15	0.00717	0.00582	0.00636	0.00639	0.00808	0.00501	0.00473	0.00886	0.01371	0.01720	0.20011	0.12310	0.54420	0.01447	0.00692	0.00197	0.00294	0.01231	0.00561	0.00501
16	0.00734	0.00514	0.00675	0.00792	0.00837	0.00481	0.00534	0.00855	0.01153	0.01573	0.07871	0.70582	0.03840	0.01725	0.00722	0.00228	0.00330	0.01560	0.04514	0.00481
17	0.83671	0.01125	0.00855	0.00765	0.01125	0.01305	0.00630	0.01709	0.00990	0.02609	0.00810	0.00945	0.00630	0.00540	0.00360	0.00180	0.00450	0.00315	0.00360	0.00630
18	0.00818	0.00653	0.00805	0.05853	0.01112	0.02761	0.00643	0.01032	0.05493	0.01543	0.03093	0.63477	0.07263	0.01627	0.00714	0.00227	0.00391	0.01462	0.00518	0.00517
19	0.03082	0.15600	0.03243	0.11103	0.01775	0.02824	0.03224	0.06860	0.01328	0.01838	0.03132	0.09825	0.01392	0.00723	0.00522	0.00151	0.00559	0.04528	0.00367	0.27922

[dist]
# distance from previous block
# <min> <max>
0	1

[block]
# block no. 7 follows, 40 sequences, length 8
# corresponding to MSA columns:
# 2573-2580
name=unknown_H
#
# <colnr> <probs for GDERKNQSTAVLIFYWHMCP>
#	G	D	E	R	K	N	Q	S	T	A	V	L	I	F	Y	W	H	M	C	P
0	0.00848	0.00603	0.00871	0.00868	0.00951	0.00676	0.00648	0.00992	0.00949	0.01348	0.05875	0.02558	0.01737	0.13786	0.56462	0.08097	0.01260	0.00667	0.00331	0.00476
1	0.21454	0.49577	0.02306	0.00980	0.01432	0.01969	0.00912	0.08190	0.05376	0.01930	0.00947	0.01045	0.00797	0.00542	0.00401	0.00146	0.00573	0.00350	0.00324	0.00749
2	0.16052	0.03800	0.17728	0.01234	0.01707	0.01286	0.04902	0.03792	0.11935	0.09624	0.03628	0.01502	0.01121	0.00645	0.00637	0.00177	0.07466	0.00485	0.00401	0.11879
3	0.10106	0.01268	0.02034	0.17966	0.50461	0.01332	0.01588	0.01764	0.01272	0.05191	0.01105	0.01433	0.00884	0.00542	0.00554	0.00178	0.00673	0.00499	0.00309	0.00839
4	0.00731	0.00586	0.00654	0.00648	0.00815	0.00508	0.00481	0.00916	0.01413	0.01805	0.27628	0.09762	0.49195	0.01405	0.00690	0.00195	0.00291	0.01199	0.00571	0.00508
5	0.01555	0.79913	0.03047	0.00995	0.01493	0.02301	0.00995	0.01741	0.01182	0.01368	0.00808	0.00933	0.00746	0.00498	0.00373	0.00124	0.00622	0.00311	0.00249	0.00746
6	0.00831	0.00624	0.00780	0.00796	0.00927	0.00597	0.00593	0.01143	0.06760	0.01973	0.36644	0.24353	0.13117	0.01397	0.00704	0.00207	0.00329	0.07091	0.00589	0.00547
7	0.01010	0.00505	0.00758	0.00758	0.00758	0.00505	0.00505	0.00758	0.00758	0.01010	0.01010	0.01768	0.01010	0.02020	0.02273	0.83081	0.00505	0.00505	0.00253	0.00253

[dist]
# distance from previous block
# <min> <max>
0	3

[block]
# block no. 8 follows, 40 sequences, length 8
# corresponding to MSA columns:
# 2584-2591
name=unknown_I
#
# <colnr> <probs for GDERKNQSTAVLIFYWHMCP>
#	G	D	E	R	K	N	Q	S	T	A	V	L	I	F	Y	W	H	M	C	P
0	0.01270	0.00597	0.00640	0.00602	0.00776	0.00580	0.00461	0.01535	0.01274	0.11208	0.01945	0.02145	0.01484	0.00683	0.00428	0.00141	0.00298	0.00547	0.72789	0.00597
1	0.00784	0.00593	0.00723	0.00691	0.00845	0.00532	0.00518	0.01022	0.01554	0.02113	0.55551	0.04704	0.25701	0.01271	0.00686	0.00187	0.00280	0.01102	0.00611	0.00532
2	0.00844	0.00571	0.00729	0.00780	0.00889	0.00520	0.00558	0.01001	0.01295	0.05919	0.18155	0.44802	0.16007	0.01566	0.00715	0.00217	0.00334	0.04006	0.00570	0.00522
3	0.02381	0.00939	0.01280	0.01006	0.01405	0.00829	0.00818	0.02593	0.01566	0.66682	0.02214	0.02101	0.01477	0.05254	0.06429	0.00257	0.00578	0.00602	0.00669	0.00920
4	0.01166	0.03008	0.76550	0.01657	0.02517	0.01351	0.02149	0.01842	0.01228	0.01842	0.01044	0.01228	0.00737	0.00552	0.00552	0.00184	0.00859	0.00430	0.00246	0.00859
5	0.00794	0.00575	0.00767	0.00879	0.00966	0.00547	0.00671	0.00968	0.01244	0.01640	0.08540	0.43606	0.08830	0.01678	0.00755	0.00240	0.00398	0.25857	0.00546	0.00501
6	0.00992	0.00628	0.00871	0.04021	0.01030	0.00660	0.00623	0.01097	0.01023	0.06935	0.07764	0.07484	0.02018	0.22611	0.28851	0.10891	0.00878	0.00757	0.00384	0.00483
7	0.07518	0.01347	0.01327	0.01171	0.01515	0.06963	0.00917	0.05833	0.55338	0.08385	0.02102	0.01952	0.01558	0.00748	0.00569	0.00190	0.00513	0.00601	0.00564	0.00890

[dist]
# distance from previous block
# <min> <max>
0	1

[block]
# block no. 9 follows, 40 sequences, length 33
# corresponding to MSA columns:
# 2593-2613,2641-2652
name=unknown_J
#
# <colnr> <probs for GDERKNQSTAVLIFYWHMCP>
#	G	D	E	R	K	N	Q	S	T	A	V	L	I	F	Y	W	H	M	C	P
0	0.71395	0.01146	0.00978	0.00867	0.01184	0.01365	0.00714	0.01718	0.03369	0.02462	0.00855	0.01023	0.00682	0.00604	0.00548	0.00189	0.09558	0.00349	0.00355	0.00640
1	0.01332	0.05922	0.27236	0.13336	0.02472	0.04598	0.12957	0.05647	0.01288	0.03409	0.01087	0.01402	0.00841	0.00840	0.05257	0.00235	0.10582	0.00505	0.00291	0.00764
2	0.00810	0.00584	0.00765	0.00741	0.00866	0.00540	0.00548	0.01064	0.01584	0.02233	0.67177	0.13078	0.05295	0.01263	0.00692	0.00189	0.00282	0.01122	0.00628	0.00540
3	0.00791	0.00592	0.00744	0.00845	0.00917	0.00583	0.00580	0.01068	0.09443	0.01594	0.03189	0.68342	0.05714	0.01695	0.00724	0.00231	0.00350	0.01528	0.00546	0.00523
4	0.00832	0.00558	0.00638	0.00652	0.00656	0.00554	0.00372	0.00842	0.00873	0.01164	0.01973	0.11557	0.02292	0.71569	0.02732	0.00530	0.00540	0.00929	0.00372	0.00365
5	0.01364	0.10742	0.12559	0.12098	0.09301	0.01452	0.30749	0.01832	0.03693	0.04556	0.03460	0.01547	0.01027	0.00552	0.00596	0.00180	0.00800	0.00570	0.00314	0.02607
6	0.02060	0.02457	0.01601	0.01431	0.01718	0.61891	0.01090	0.08345	0.01671	0.01656	0.00990	0.01156	0.00813	0.00637	0.00605	0.00157	0.05583	0.00405	0.05042	0.00691
7	0.01721	0.52565	0.08618	0.01134	0.01641	0.06861	0.01105	0.12619	0.01474	0.06043	0.01006	0.01093	0.00822	0.00551	0.00441	0.00141	0.00664	0.00372	0.00328	0.00801
8	0.02141	0.06093	0.01802	0.01312	0.01773	0.01817	0.01091	0.66910	0.05649	0.03482	0.01403	0.01402	0.01008	0.00690	0.00570	0.00173	0.00631	0.00517	0.00563	0.00972
9	0.00992	0.01182	0.18611	0.00933	0.01269	0.00744	0.00917	0.01334	0.01471	0.06304	0.37857	0.03616	0.16997	0.01044	0.00637	0.00184	0.00428	0.00890	0.03953	0.00636
10	0.06016	0.01120	0.01829	0.01386	0.01787	0.01062	0.22208	0.03711	0.01467	0.19626	0.17390	0.02164	0.01984	0.00726	0.00682	0.00178	0.05048	0.00666	0.00484	0.10466
11	0.01865	0.01610	0.08572	0.01270	0.01705	0.06214	0.01096	0.31453	0.24459	0.09573	0.01732	0.01681	0.01253	0.00707	0.00571	0.00180	0.00602	0.00553	0.03986	0.00918
