[name]
unknown

[dist]
# distance from previous block
# <min> <max>
0	897

[block]
# block no. 0 follows, 46 sequences, length 14
# corresponding to MSA columns:
# 1025-1038
name=unknown_A
#
# <colnr> <probs for GDERKNQSTAVLIFYWHMCP>
#	G	D	E	R	K	N	Q	S	T	A	V	L	I	F	Y	W	H	M	C	P
0	0.00975	0.00619	0.00803	0.00780	0.00941	0.00592	0.00609	0.01244	0.05170	0.11580	0.28633	0.13851	0.11353	0.01414	0.07318	0.00244	0.00429	0.12370	0.00527	0.00549
1	0.14297	0.01338	0.08436	0.05375	0.55591	0.01242	0.02972	0.01608	0.01145	0.01809	0.00950	0.01228	0.00777	0.00478	0.00493	0.00160	0.00615	0.00439	0.00268	0.00780
2	0.01051	0.02456	0.66709	0.13720	0.02498	0.01219	0.01878	0.01624	0.01107	0.01624	0.00947	0.01162	0.00675	0.00506	0.00506	0.00169	0.00769	0.00403	0.00225	0.00751
3	0.01039	0.04221	0.10086	0.14081	0.02785	0.01070	0.06133	0.04979	0.06438	0.01520	0.01505	0.21179	0.01500	0.01023	0.01814	0.07373	0.11605	0.00729	0.00335	0.00585
4	0.01754	0.00915	0.01077	0.00869	0.01194	0.00891	0.00704	0.19137	0.03637	0.34138	0.02345	0.02221	0.13126	0.00751	0.00518	0.00158	0.00417	0.00605	0.14785	0.00758
5	0.00739	0.00578	0.00679	0.00683	0.00829	0.00539	0.00519	0.01012	0.06636	0.01715	0.28229	0.13702	0.32393	0.01261	0.00635	0.00185	0.00299	0.08352	0.00523	0.00493
6	0.13873	0.00679	0.00932	0.00874	0.01034	0.00749	0.05177	0.01054	0.00923	0.01459	0.01730	0.07676	0.07835	0.02827	0.50068	0.00601	0.01052	0.00639	0.00321	0.00497
7	0.03454	0.10651	0.23861	0.08114	0.20961	0.01321	0.01429	0.03670	0.02791	0.10379	0.01071	0.01254	0.00814	0.00552	0.00596	0.00164	0.07423	0.00431	0.00301	0.00763
8	0.00759	0.00573	0.00716	0.00796	0.00875	0.00576	0.00559	0.01080	0.12862	0.01515	0.05026	0.63586	0.03231	0.01486	0.00654	0.00209	0.00329	0.04172	0.00501	0.00497
9	0.08235	0.01065	0.01472	0.01138	0.01526	0.01054	0.12480	0.12776	0.10035	0.34970	0.01685	0.01628	0.01154	0.00610	0.00517	0.00163	0.00513	0.00523	0.07650	0.00804
10	0.08381	0.01509	0.10699	0.20590	0.09954	0.13316	0.16599	0.01640	0.04124	0.01607	0.01103	0.06086	0.00923	0.00578	0.00529	0.00169	0.00722	0.00524	0.00284	0.00663
11	0.01104	0.00755	0.01178	0.04559	0.01329	0.00721	0.12349	0.01381	0.05468	0.14450	0.07731	0.33504	0.06977	0.01086	0.00607	0.00187	0.00436	0.00995	0.04593	0.00591
12	0.01057	0.04651	0.01186	0.02244	0.01211	0.16031	0.05286	0.01224	0.01021	0.01267	0.01392	0.09788	0.01381	0.09484	0.37370	0.00514	0.03463	0.00621	0.00299	0.00510
13	0.07336	0.00846	0.01066	0.01132	0.12985	0.00830	0.00751	0.05059	0.06062	0.21718	0.05110	0.02233	0.12197	0.00722	0.00496	0.00156	0.00399	0.00597	0.19615	0.00690

[dist]
# distance from previous block
# <min> <max>
1	19

[block]
# block no. 1 follows, 46 sequences, length 24
# corresponding to MSA columns:
# 1058-1081
name=unknown_B
#
# <colnr> <probs for GDERKNQSTAVLIFYWHMCP>
#	G	D	E	R	K	N	Q	S	T	A	V	L	I	F	Y	W	H	M	C	P
0	0.07213	0.01200	0.06962	0.00936	0.01350	0.05707	0.00798	0.04242	0.13884	0.07724	0.04719	0.02628	0.01167	0.00549	0.00455	0.00127	0.00464	0.00435	0.00390	0.39050
1	0.00770	0.00527	0.00622	0.03580	0.00710	0.00536	0.00380	0.00792	0.00795	0.01060	0.01704	0.07743	0.01953	0.72285	0.04065	0.00490	0.00527	0.00795	0.00326	0.00340
2	0.00753	0.00506	0.00581	0.00597	0.00600	0.00502	0.00342	0.00765	0.00799	0.01066	0.01822	0.13177	0.02119	0.71434	0.02438	0.00475	0.00487	0.00861	0.00342	0.00334
3	0.12903	0.04986	0.03657	0.03683	0.04126	0.01090	0.00852	0.13819	0.09349	0.27424	0.01706	0.11299	0.01360	0.00734	0.00511	0.00169	0.00475	0.00596	0.00496	0.00764
4	0.04251	0.01253	0.01557	0.06887	0.04099	0.10089	0.13943	0.07145	0.25195	0.04814	0.06328	0.04404	0.03254	0.00709	0.00556	0.00174	0.00586	0.03617	0.00425	0.00713
5	0.00668	0.00523	0.00607	0.00628	0.00758	0.00462	0.00462	0.00826	0.01236	0.01589	0.22739	0.21348	0.40848	0.01348	0.00639	0.00186	0.00280	0.03884	0.00513	0.00457
6	0.01605	0.01142	0.01236	0.00973	0.01375	0.05900	0.00779	0.11846	0.17364	0.19340	0.01488	0.01453	0.01085	0.00561	0.00477	0.00133	0.00471	0.00445	0.00463	0.31862
7	0.01293	0.01265	0.02043	0.13660	0.64831	0.04439	0.01577	0.01605	0.01196	0.01658	0.00980	0.01308	0.00813	0.00482	0.00522	0.00159	0.00652	0.00466	0.00258	0.00794
8	0.02329	0.00968	0.01269	0.00973	0.01384	0.00878	0.00804	0.11258	0.01628	0.69646	0.01990	0.01737	0.01260	0.00652	0.00531	0.00163	0.00465	0.00525	0.00640	0.00900
9	0.01287	0.01234	0.02107	0.08543	0.72992	0.01250	0.01612	0.01604	0.01194	0.01701	0.00991	0.01315	0.00828	0.00475	0.00524	0.00158	0.00633	0.00471	0.00260	0.00820
10	0.07215	0.01011	0.01069	0.00958	0.01237	0.01138	0.00748	0.02428	0.54657	0.06857	0.07900	0.02037	0.01762	0.00717	0.00515	0.00171	0.00392	0.00590	0.07833	0.00766
11	0.25516	0.00934	0.01101	0.00872	0.01258	0.00891	0.00720	0.02291	0.01342	0.57209	0.01708	0.01536	0.01103	0.00609	0.00474	0.00164	0.00438	0.00463	0.00563	0.00808
12	0.01308	0.01256	0.02146	0.03245	0.78123	0.01256	0.01622	0.01622	0.01204	0.01727	0.00994	0.01308	0.00837	0.00471	0.00523	0.00157	0.00628	0.00471	0.00262	0.00837
13	0.00709	0.00545	0.00594	0.00585	0.00753	0.00466	0.00437	0.00863	0.01253	0.04288	0.17383	0.09631	0.58051	0.01291	0.00624	0.00178	0.00274	0.01093	0.00512	0.00470
14	0.00737	0.00540	0.00691	0.00653	0.00783	0.00494	0.00490	0.00976	0.01470	0.02057	0.71283	0.04052	0.11588	0.01104	0.00624	0.00167	0.00251	0.00971	0.00574	0.00494
15	0.01017	0.00959	0.01620	0.75449	0.08194	0.01180	0.01478	0.01367	0.01066	0.01374	0.00943	0.01403	0.00713	0.00525	0.00528	0.00175	0.00700	0.00470	0.00237	0.00603
16	0.01531	0.01253	0.01585	0.03756	0.03394	0.04490	0.11192	0.16177	0.32751	0.09490	0.01678	0.01781	0.01269	0.00675	0.00600	0.00176	0.03830	0.03106	0.00470	0.00798
17	0.00718	0.00532	0.00659	0.00659	0.00775	0.00487	0.00487	0.00906	0.01309	0.01773	0.43730	0.13426	0.19792	0.06889	0.00782	0.00204	0.00293	0.05585	0.00528	0.00466
18	0.00635	0.00498	0.00575	0.00637	0.00741	0.00438	0.00447	0.00747	0.01108	0.01389	0.04126	0.43351	0.40439	0.01499	0.00650	0.00197	0.00287	0.01311	0.00491	0.00438
19	0.01384	0.66853	0.13917	0.01012	0.01506	0.05113	0.01064	0.01618	0.01098	0.01309	0.00770	0.00892	0.00677	0.00463	0.00369	0.00122	0.00613	0.00301	0.00228	0.00691
20	0.00804	0.00611	0.00732	0.03464	0.00980	0.00572	0.00607	0.03772	0.01270	0.03419	0.09246	0.08629	0.40806	0.01299	0.00647	0.00196	0.00361	0.21598	0.00493	0.00493
21	0.00925	0.00604	0.00779	0.00718	0.00879	0.00566	0.00551	0.01227	0.05052	0.09115	0.62820	0.03760	0.06089	0.01045	0.00615	0.00170	0.00285	0.03669	0.00581	0.00550
22	0.10100	0.00950	0.01061	0.00878	0.01190	0.00980	0.00708	0.18345	0.08822	0.24013	0.02010	0.01966	0.08704	0.00857	0.04214	0.00192	0.00469	0.00554	0.13256	0.00734
23	0.04186	0.03783	0.04209	0.04906	0.35130	0.05052	0.06622	0.07450	0.07513	0.05395	0.02486	0.02918	0.01012	0.00545	0.00513	0.00155	0.00603	0.00492	0.00336	0.06694

[dist]
# distance from previous block
# <min> <max>
2	26

[block]
# block no. 2 follows, 46 sequences, length 50
# corresponding to MSA columns:
# 1108-1157
name=unknown_C
#
# <colnr> <probs for GDERKNQSTAVLIFYWHMCP>
#	G	D	E	R	K	N	Q	S	T	A	V	L	I	F	Y	W	H	M	C	P
0	0.10995	0.18742	0.07986	0.05391	0.19170	0.01332	0.03622	0.05284	0.04639	0.07890	0.07116	0.02467	0.01210	0.00581	0.00476	0.00155	0.00553	0.01322	0.00344	0.00724
1	0.01685	0.01352	0.12487	0.07498	0.01864	0.01137	0.09121	0.15563	0.09134	0.25948	0.01493	0.01498	0.01031	0.00583	0.00526	0.00161	0.00581	0.00496	0.00457	0.07387
2	0.00744	0.00737	0.08159	0.00837	0.00966	0.00585	0.00663	0.01005	0.06998	0.01475	0.05595	0.61887	0.03075	0.01515	0.02901	0.00224	0.00391	0.01277	0.00466	0.00499
3	0.01246	0.23343	0.17465	0.01373	0.02829	0.01394	0.20796	0.07383	0.01278	0.03305	0.03638	0.01739	0.10733	0.00610	0.00512	0.00156	0.00647	0.00541	0.00313	0.00697
4	0.00951	0.00601	0.00834	0.07120	0.01147	0.00592	0.00696	0.01120	0.01131	0.10489	0.04855	0.34138	0.02798	0.07931	0.00827	0.00237	0.00424	0.23123	0.00477	0.00508
5	0.01167	0.01311	0.04402	0.02090	0.08381	0.01205	0.58452	0.01558	0.01209	0.01649	0.01310	0.12188	0.01167	0.00613	0.00620	0.00181	0.00789	0.00726	0.00296	0.00686
6	0.01604	0.04810	0.11363	0.06093	0.07625	0.00911	0.03136	0.01881	0.01344	0.35824	0.10306	0.03771	0.07555	0.00719	0.00541	0.00165	0.00501	0.00609	0.00486	0.00755
7	0.03899	0.28271	0.19727	0.01264	0.01762	0.12949	0.08105	0.09827	0.02945	0.05208	0.00976	0.01091	0.00758	0.00512	0.00456	0.00145	0.00690	0.00386	0.00298	0.00730
8	0.00663	0.00488	0.00622	0.00692	0.00764	0.00447	0.00480	0.00795	0.01143	0.01524	0.19155	0.53739	0.14568	0.01488	0.00657	0.00199	0.00289	0.01331	0.00510	0.00447
9	0.01073	0.00522	0.00556	0.00541	0.00681	0.00511	0.00408	0.01307	0.01134	0.07806	0.01820	0.06436	0.01473	0.00678	0.00399	0.00131	0.00265	0.00553	0.73187	0.00520
10	0.05075	0.05859	0.09751	0.16617	0.01937	0.10284	0.09340	0.05358	0.02993	0.03239	0.03764	0.16150	0.03017	0.00885	0.03253	0.00196	0.00651	0.00670	0.00341	0.00619
11	0.01449	0.23942	0.14126	0.06650	0.13281	0.08691	0.04688	0.05325	0.01231	0.08023	0.00980	0.01157	0.00774	0.00540	0.00567	0.00153	0.07001	0.00406	0.00289	0.00729
12	0.01204	0.00981	0.01008	0.00869	0.01105	0.07009	0.00681	0.23910	0.01715	0.02255	0.31608	0.03047	0.17308	0.01067	0.03679	0.00191	0.00455	0.00778	0.00512	0.00618
13	0.00775	0.00607	0.00660	0.00627	0.00804	0.00553	0.00475	0.06827	0.01360	0.01747	0.21025	0.08115	0.49485	0.01218	0.00611	0.00174	0.00290	0.01029	0.03125	0.00495
14	0.01713	0.12654	0.17922	0.01358	0.07668	0.07100	0.06248	0.04476	0.01344	0.29895	0.01406	0.03653	0.01018	0.00586	0.00504	0.00157	0.00618	0.00481	0.00410	0.00791
15	0.00918	0.00459	0.00689	0.00689	0.00689	0.00459	0.00459	0.00689	0.00689	0.00918	0.00918	0.01607	0.00918	0.01837	0.02066	0.84619	0.00459	0.00459	0.00230	0.00230
16	0.01138	0.00710	0.00731	0.00676	0.00861	0.00761	0.00521	0.07536	0.17646	0.02131	0.01781	0.01916	0.01375	0.00639	0.00419	0.00138	0.00310	0.00514	0.59598	0.00599
17	0.01319	0.01410	0.09737	0.09365	0.21481	0.13516	0.03671	0.01691	0.06259	0.07764	0.10771	0.01946	0.07460	0.00664	0.00539	0.00162	0.00610	0.00569	0.00363	0.00700
18	0.01544	0.01399	0.16453	0.05183	0.04591	0.01122	0.09227	0.11913	0.12137	0.21301	0.01633	0.08419	0.01262	0.00683	0.00548	0.00172	0.00581	0.00595	0.00447	0.00789
19	0.01171	0.02206	0.55365	0.01404	0.02038	0.01164	0.04604	0.07558	0.01234	0.05489	0.01174	0.01520	0.00908	0.00843	0.06693	0.00225	0.00787	0.04576	0.00290	0.00753
20	0.01369	0.01397	0.02004	0.10368	0.60627	0.11809	0.01526	0.01662	0.01230	0.01632	0.00965	0.01270	0.00803	0.00487	0.00518	0.00156	0.00679	0.00453	0.00261	0.00783
21	0.01010	0.00956	0.01518	0.54487	0.02860	0.01226	0.01315	0.01283	0.00992	0.01331	0.01033	0.07583	0.00921	0.00715	0.00838	0.00193	0.20364	0.00549	0.00254	0.00573
22	0.01556	0.01319	0.01274	0.01100	0.01412	0.11466	0.00866	0.17616	0.40436	0.06875	0.07726	0.01896	0.01611	0.00713	0.00537	0.00168	0.00511	0.01612	0.00511	0.00793
23	0.00769	0.00513	0.00577	0.00577	0.00577	0.00513	0.00320	0.00769	0.00769	0.01025	0.01666	0.03460	0.01922	0.81421	0.02691	0.00513	0.00513	0.00769	0.00320	0.00320
24	0.00644	0.00460	0.00613	0.00736	0.00767	0.00429	0.00491	0.00736	0.01012	0.01350	0.02914	0.81076	0.03497	0.01656	0.00675	0.00215	0.00307	0.01503	0.00491	0.00429
25	0.01155	0.01107	0.01579	0.67717	0.03325	0.07413	0.01396	0.07282	0.01204	0.01501	0.00956	0.01362	0.00718	0.00538	0.00524	0.00172	0.00715	0.00460	0.00261	0.00614
26	0.01213	0.01376	0.02973	0.02132	0.02647	0.01286	0.71912	0.01640	0.01245	0.01678	0.01312	0.01633	0.05167	0.00496	0.00624	0.00178	0.00856	0.00652	0.00280	0.00698
27	0.00998	0.00940	0.01586	0.80150	0.03641	0.01175	0.01468	0.01351	0.01057	0.01351	0.00940	0.01409	0.00705	0.00529	0.00529	0.00176	0.00705	0.00470	0.00235	0.00587
28	0.00702	0.00528	0.00649	0.00641	0.00767	0.00476	0.00472	0.00900	0.01355	0.01835	0.48766	0.14650	0.23871	0.01226	0.00631	0.00176	0.00262	0.01072	0.00546	0.00476
29	0.01077	0.02099	0.47929	0.07773	0.02391	0.01192	0.20006	0.01600	0.01174	0.01689	0.07082	0.01440	0.01048	0.00536	0.00544	0.00171	0.00760	0.00499	0.00263	0.00727
30	0.04599	0.01173	0.01478	0.01141	0.01546	0.01196	0.06840	0.29508	0.09080	0.33709	0.01663	0.01566	0.01126	0.00631	0.00529	0.00164	0.00525	0.00517	0.02149	0.00861
31	0.01104	0.01047	0.01776	0.54061	0.28908	0.01202	0.01521	0.01443	0.01107	0.01478	0.00958	0.01375	0.00750	0.00509	0.00527	0.00170	0.00679	0.00470	0.00244	0.00672
32	0.00672	0.00504	0.00728	0.00804	0.00858	0.00471	0.03959	0.00780	0.01023	0.01365	0.02829	0.77427	0.03373	0.01601	0.00672	0.00213	0.00333	0.01463	0.00481	0.00442
33	0.02223	0.00889	0.01195	0.00927	0.01312	0.00782	0.00761	0.04917	0.01544	0.69519	0.08457	0.01963	0.01606	0.00690	0.00539	0.00164	0.00437	0.00566	0.00644	0.00866
34	0.07892	0.01340	0.07515	0.01222	0.05212	0.04321	0.02457	0.31037	0.06847	0.12371	0.02441	0.01482	0.01060	0.01060	0.11089	0.00254	0.00687	0.00487	0.00446	0.00780
35	0.00652	0.00513	0.00589	0.00620	0.00743	0.00450	0.00446	0.00792	0.01194	0.01520	0.16808	0.28609	0.42400	0.01394	0.00640	0.00188	0.00277	0.01210	0.00506	0.00450
36	0.00789	0.07415	0.00947	0.00844	0.00928	0.00732	0.00641	0.00922	0.00973	0.01317	0.02177	0.44191	0.02473	0.02056	0.20160	0.00366	0.06975	0.05222	0.00396	0.00476
37	0.00749	0.00520	0.00653	0.00668	0.00699	0.00539	0.00432	0.00814	0.00837	0.01143	0.03557	0.12983	0.02042	0.49777	0.21793	0.00552	0.00709	0.00815	0.00339	0.00377
38	0.06072	0.01675	0.22680	0.01540	0.02024	0.03869	0.23673	0.12176	0.01353	0.04950	0.01239	0.03663	0.01021	0.00639	0.00625	0.00179	0.05259	0.06309	0.00332	0.00721
39	0.01135	0.07478	0.02380	0.18177	0.02530	0.01247	0.42185	0.01536	0.04151	0.01564	0.01291	0.11436	0.01144	0.00627	0.00585	0.00177	0.00735	0.00675	0.00296	0.00653
40	0.27216	0.05743	0.11842	0.01501	0.14841	0.07752	0.08169	0.01785	0.01159	0.12758	0.01039	0.01169	0.00774	0.00516	0.00473	0.00160	0.01651	0.00406	0.00332	0.00715
41	0.01329	0.08528	0.08101	0.11120	0.35097	0.05881	0.07241	0.05836	0.01273	0.03868	0.03272	0.04014	0.01008	0.00552	0.00520	0.00159	0.00654	0.00503	0.00297	0.00749
42	0.00827	0.00573	0.00789	0.00775	0.00855	0.00633	0.00566	0.02012	0.00869	0.03601	0.01511	0.02476	0.01497	0.27312	0.52507	0.00716	0.01100	0.00625	0.00310	0.00445
43	0.06145	0.07975	0.02023	0.07610	0.01988	0.01281	0.27495	0.06791	0.09682	0.10746	0.03619	0.01671	0.04775	0.00611	0.00612	0.00172	0.05153	0.00564	0.00375	0.00714
44	0.04756	0.10166	0.23956	0.01285	0.01800	0.10901	0.10091	0.03722	0.04406	0.10606	0.01130	0.02203	0.00853	0.00525	0.00483	0.00148	0.00664	0.00428	0.00325	0.11553
45	0.04265	0.00968	0.01257	0.00966	0.01375	0.00884	0.00798	0.10858	0.01608	0.68251	0.01962	0.01718	0.01245	0.00648	0.00527	0.00163	0.00464	0.00520	0.00633	0.00892
46	0.00732	0.00586	0.00915	0.00904	0.01009	0.00548	0.09056	0.00888	0.01102	0.01479	0.10273	0.58769	0.05222	0.01444	0.00665	0.00206	0.00375	0.04880	0.00474	0.00472
47	0.01584	0.20425	0.16318	0.01258	0.06306	0.12257	0.01120	0.03473	0.11201	0.16713	0.01326	0.03585	0.01018	0.00588	0.00478	0.00152	0.00615	0.00452	0.00373	0.00760
48	0.00650	0.00469	0.00618	0.00734	0.00775	0.00436	0.00498	0.00749	0.01028	0.01361	0.03028	0.74901	0.07088	0.01634	0.00674	0.00214	0.00311	0.03909	0.00491	0.00432
49	0.00810	0.00538	0.00618	0.00613	0.00760	0.00481	0.00454	0.00984	0.01240	0.06013	0.20121	0.16670	0.33455	0.01184	0.00588	0.00172	0.00277	0.01015	0.13519	0.00488

[dist]
# distance from previous block
# <min> <max>
0	7

[block]
# block no. 3 follows, 46 sequences, length 93
# corresponding to MSA columns:
# 1165-1257
name=unknown_D
#
# <colnr> <probs for GDERKNQSTAVLIFYWHMCP>
#	G	D	E	R	K	N	Q	S	T	A	V	L	I	F	Y	W	H	M	C	P
0	0.17657	0.15189	0.01562	0.01080	0.01434	0.14039	0.04493	0.08357	0.23193	0.06109	0.01291	0.01306	0.00987	0.00577	0.00457	0.00155	0.00567	0.00430	0.00393	0.00725
1	0.13901	0.03664	0.22140	0.13831	0.14846	0.03314	0.01273	0.01588	0.03521	0.05399	0.01093	0.01455	0.00889	0.08618	0.00698	0.00198	0.00622	0.00450	0.01825	0.00677
2	0.00644	0.00460	0.00613	0.00736	0.00767	0.00429	0.00491	0.00736	0.01012	0.01350	0.02914	0.81076	0.03497	0.01656	0.00675	0.00215	0.00307	0.01503	0.00491	0.00429
3	0.00680	0.00515	0.00751	0.00814	0.00875	0.00481	0.04572	0.00796	0.01040	0.01393	0.05198	0.74328	0.03399	0.01573	0.00670	0.00211	0.00336	0.01438	0.00482	0.00447
4	0.03158	0.02678	0.01516	0.48485	0.09732	0.01167	0.01268	0.02988	0.07708	0.03220	0.05180	0.01706	0.02488	0.00657	0.01502	0.00183	0.03615	0.01805	0.00308	0.00636
5	0.01084	0.02587	0.71555	0.01467	0.02204	0.01236	0.01851	0.01779	0.08111	0.01724	0.01059	0.01195	0.00757	0.00522	0.00506	0.00169	0.00748	0.00410	0.00252	0.00786
6	0.00643	0.00490	0.00592	0.00664	0.00750	0.00439	0.00461	0.00758	0.01104	0.01418	0.07787	0.50950	0.29006	0.01517	0.00655	0.00200	0.00290	0.01341	0.00496	0.00439
7	0.01415	0.01220	0.02054	0.03014	0.70436	0.01208	0.01538	0.01718	0.01235	0.09413	0.01104	0.01358	0.00885	0.00489	0.00524	0.00158	0.00610	0.00477	0.00301	0.00844
8	0.01313	0.01222	0.02015	0.17386	0.55244	0.01278	0.03459	0.08448	0.01295	0.01804	0.01011	0.01327	0.00817	0.00496	0.00527	0.00161	0.00645	0.00475	0.00281	0.00793
9	0.00657	0.00479	0.00615	0.00719	0.00772	0.00444	0.00494	0.00760	0.01039	0.01361	0.03171	0.64947	0.12696	0.04251	0.00738	0.00222	0.00318	0.05401	0.00485	0.00431
10	0.01413	0.81739	0.02770	0.00905	0.01357	0.02092	0.00905	0.01583	0.01074	0.01244	0.00735	0.00848	0.00678	0.00452	0.00339	0.00113	0.00565	0.00283	0.00226	0.00678
11	0.01413	0.81739	0.02770	0.00905	0.01357	0.02092	0.00905	0.01583	0.01074	0.01244	0.00735	0.00848	0.00678	0.00452	0.00339	0.00113	0.00565	0.00283	0.00226	0.00678
12	0.01308	0.01256	0.02146	0.03245	0.78123	0.01256	0.01622	0.01622	0.01204	0.01727	0.00994	0.01308	0.00837	0.00471	0.00523	0.00157	0.00628	0.00471	0.00262	0.00837
13	0.01398	0.01337	0.02596	0.01868	0.02375	0.01254	0.54490	0.09202	0.01377	0.08035	0.01157	0.01405	0.00851	0.00476	0.00582	0.00164	0.00771	0.00568	0.00330	0.09764
14	0.00660	0.00471	0.00632	0.00754	0.00792	0.00443	0.00518	0.00763	0.01028	0.01367	0.02905	0.75348	0.03462	0.01641	0.00679	0.00217	0.00320	0.07074	0.00490	0.00434
15	0.00711	0.00528	0.00672	0.00770	0.00828	0.00518	0.00525	0.00944	0.08638	0.01436	0.02837	0.73155	0.03308	0.01562	0.00661	0.00211	0.00318	0.01412	0.00495	0.00470
16	0.00775	0.00564	0.00735	0.00708	0.00837	0.00533	0.00544	0.01060	0.03663	0.02069	0.68135	0.04093	0.04695	0.01108	0.00632	0.00174	0.00278	0.08316	0.00571	0.00507
17	0.01164	0.06263	0.68090	0.01452	0.02185	0.01305	0.01818	0.08539	0.01240	0.01807	0.00968	0.01118	0.00691	0.00512	0.00497	0.00164	0.00753	0.00394	0.00251	0.00787
18	0.01100	0.00761	0.00846	0.00765	0.01003	0.00755	0.00593	0.01660	0.23501	0.12614	0.12759	0.03466	0.33199	0.01004	0.00577	0.00173	0.00334	0.00841	0.03415	0.00632
19	0.01136	0.01122	0.01563	0.01344	0.01344	0.01560	0.01112	0.01245	0.00807	0.01259	0.00746	0.01281	0.00760	0.05265	0.01786	0.00246	0.76144	0.00479	0.00236	0.00564
20	0.00647	0.00472	0.00610	0.00713	0.00763	0.00434	0.00482	0.00751	0.01055	0.01395	0.06792	0.69727	0.11020	0.01597	0.00667	0.00209	0.00300	0.01438	0.00495	0.00434
21	0.00874	0.00679	0.00838	0.00796	0.00957	0.00680	0.01960	0.04220	0.13770	0.01945	0.37116	0.17362	0.11195	0.01137	0.00620	0.00182	0.00324	0.04253	0.00537	0.00556
22	0.01060	0.02735	0.78682	0.01507	0.02288	0.01228	0.01953	0.01674	0.01116	0.01674	0.00949	0.01116	0.00670	0.00502	0.00502	0.00167	0.00781	0.00391	0.00223	0.00781
23	0.02116	0.01246	0.01429	0.01099	0.01509	0.01299	0.00907	0.47776	0.02099	0.30538	0.01576	0.01479	0.01059	0.00641	0.00526	0.00160	0.00526	0.00497	0.02631	0.00889
24	0.01149	0.01077	0.01816	0.32043	0.42946	0.01166	0.01493	0.01471	0.01150	0.01572	0.01140	0.01775	0.00990	0.00584	0.00544	0.00172	0.00644	0.07285	0.00272	0.00711
25	0.00662	0.00512	0.00604	0.00634	0.00750	0.00454	0.00455	0.00811	0.01214	0.01575	0.22675	0.29766	0.35234	0.01379	0.00641	0.00187	0.00276	0.01203	0.00514	0.00454
26	0.01018	0.03604	0.01340	0.01140	0.01179	0.01262	0.00924	0.01140	0.00824	0.01231	0.00993	0.01652	0.00997	0.11249	0.21316	0.00416	0.48417	0.00519	0.00255	0.00524
27	0.03372	0.01082	0.01421	0.01372	0.08915	0.04619	0.00999	0.01333	0.00916	0.06012	0.01001	0.01636	0.00977	0.16256	0.01633	0.00268	0.46813	0.00517	0.00281	0.00576
28	0.13416	0.09142	0.05077	0.00939	0.01352	0.03259	0.00822	0.02259	0.01366	0.53388	0.02737	0.01549	0.01148	0.00607	0.00483	0.00158	0.00484	0.00467	0.00534	0.00813
29	0.00770	0.00554	0.00703	0.00780	0.00847	0.00541	0.00538	0.07692	0.01148	0.01532	0.02762	0.73736	0.03258	0.01562	0.00661	0.00210	0.00332	0.01408	0.00494	0.00473
30	0.01145	0.01162	0.01708	0.57418	0.10137	0.09034	0.05211	0.01465	0.01112	0.01393	0.00927	0.01343	0.00719	0.00540	0.00586	0.00173	0.04599	0.00464	0.00243	0.00619
31	0.03832	0.10417	0.01609	0.01301	0.01592	0.69771	0.00999	0.02045	0.01442	0.01314	0.00807	0.00941	0.00678	0.00534	0.00459	0.00135	0.00902	0.00333	0.00269	0.00619
32	0.00764	0.00592	0.00715	0.00681	0.00844	0.00533	0.00510	0.01017	0.04544	0.01809	0.38815	0.14801	0.20719	0.01150	0.00609	0.00170	0.00287	0.02689	0.00520	0.08231
33	0.01280	0.01007	0.01159	0.00862	0.01306	0.00856	0.00691	0.08456	0.08866	0.06580	0.01161	0.01243	0.00909	0.00462	0.00427	0.00101	0.00415	0.00370	0.00376	0.63472
34	0.01292	0.01239	0.02116	0.07391	0.74108	0.01252	0.01614	0.01608	0.01196	0.01707	0.00991	0.01314	0.00830	0.00474	0.00524	0.00158	0.00632	0.00471	0.00260	0.00824
35	0.02349	0.00936	0.01249	0.00958	0.01368	0.00831	0.00791	0.07190	0.01574	0.73790	0.02035	0.01766	0.01283	0.00653	0.00531	0.00163	0.00458	0.00528	0.00646	0.00900
36	0.01284	0.01231	0.02102	0.09306	0.72253	0.01250	0.01610	0.01601	0.01192	0.01697	0.00990	0.01316	0.00827	0.00476	0.00524	0.00159	0.00634	0.00471	0.00260	0.00818
37	0.02263	0.01074	0.01335	0.01023	0.01436	0.01035	0.00845	0.24678	0.01804	0.55977	0.01841	0.01641	0.01186	0.00648	0.00531	0.00162	0.00489	0.00515	0.00617	0.00899
38	0.02289	0.01033	0.01309	0.01004	0.01416	0.00974	0.00829	0.19453	0.01736	0.61299	0.01899	0.01678	0.01215	0.00650	0.00531	0.00162	0.00480	0.00519	0.00626	0.00900
39	0.00644	0.00460	0.00613	0.00736	0.00767	0.00429	0.00491	0.00736	0.01012	0.01350	0.02914	0.81076	0.03497	0.01656	0.00675	0.00215	0.00307	0.01503	0.00491	0.00429
40	0.01315	0.01136	0.01195	0.01076	0.01375	0.01315	0.00837	0.02809	0.77168	0.02211	0.02152	0.01972	0.01614	0.00717	0.00538	0.00179	0.00418	0.00598	0.00538	0.00837
41	0.02321	0.00981	0.01277	0.00979	0.01390	0.00898	0.00809	0.12941	0.01650	0.67932	0.01971	0.01725	0.01251	0.00652	0.00531	0.00163	0.00468	0.00524	0.00637	0.00900
42	0.02113	0.01052	0.01273	0.00987	0.01372	0.01035	0.00812	0.26948	0.01796	0.45866	0.01778	0.01640	0.01177	0.00644	0.00514	0.00158	0.00473	0.00509	0.08994	0.00859
43	0.01058	0.01000	0.01693	0.65376	0.17949	0.01190	0.01498	0.01403	0.01085	0.01423	0.00950	0.01390	0.00730	0.00517	0.00528	0.00172	0.00690	0.00470	0.00240	0.00635
44	0.01677	0.01233	0.01352	0.01124	0.01472	0.01363	0.00915	0.38051	0.28279	0.08042	0.01787	0.02021	0.01391	0.00747	0.00552	0.00175	0.00506	0.07941	0.00537	0.00836
45	0.01620	0.00917	0.00989	0.00828	0.01124	0.07505	0.00658	0.05657	0.01445	0.35975	0.07001	0.02832	0.24936	0.00875	0.00551	0.00163	0.00423	0.00712	0.05095	0.00692
46	0.16774	0.01066	0.01238	0.00966	0.01364	0.01063	0.00798	0.20776	0.01648	0.46443	0.01646	0.01503	0.01078	0.00621	0.00495	0.00162	0.00476	0.00475	0.00566	0.00842
47	0.01843	0.02249	0.01620	0.01409	0.01712	0.61965	0.07917	0.04394	0.09082	0.01484	0.00988	0.01108	0.00792	0.00556	0.00498	0.00145	0.00883	0.00396	0.00306	0.00653
48	0.02048	0.01159	0.01356	0.01068	0.01463	0.01196	0.00873	0.30250	0.15321	0.36788	0.01792	0.01632	0.01209	0.00658	0.00532	0.00165	0.00494	0.00523	0.00587	0.00888
49	0.00642	0.00536	0.00559	0.00554	0.00725	0.00454	0.00415	0.00792	0.01246	0.01525	0.15464	0.04929	0.67740	0.01303	0.00625	0.00177	0.00265	0.01093	0.00504	0.00454
50	0.00755	0.00566	0.00850	0.00850	0.00944	0.00661	0.00661	0.00944	0.00850	0.01227	0.01416	0.02077	0.01322	0.03965	0.79326	0.00850	0.01416	0.00566	0.00283	0.00472
51	0.00725	0.00539	0.00675	0.00641	0.00776	0.00489	0.00481	0.00954	0.01443	0.01992	0.64464	0.04159	0.18448	0.01128	0.00624	0.00169	0.00253	0.00986	0.00565	0.00489
52	0.16208	0.16411	0.01307	0.00830	0.01135	0.01131	0.00698	0.12733	0.01451	0.11707	0.26063	0.02171	0.04644	0.00743	0.00491	0.00154	0.00414	0.00588	0.00467	0.00655
53	0.01029	0.00863	0.01021	0.00760	0.01164	0.00665	0.00602	0.01267	0.01173	0.01799	0.15713	0.01644	0.01591	0.00524	0.00436	0.00095	0.00364	0.00437	0.00365	0.68486
54	0.01370	0.01144	0.05205	0.18864	0.13479	0.02979	0.02489	0.11574	0.02975	0.11504	0.01508	0.04083	0.04353	0.00651	0.00529	0.00160	0.00569	0.04508	0.00381	0.11674
55	0.00930	0.00746	0.00865	0.00880	0.01042	0.00794	0.00669	0.01581	0.29704	0.01740	0.05106	0.30346	0.09608	0.01226	0.00626	0.00201	0.00371	0.12459	0.00511	0.00595
56	0.08965	0.01389	0.02904	0.02087	0.02603	0.01323	0.69247	0.01681	0.01216	0.01756	0.01039	0.01374	0.00781	0.00450	0.00597	0.00177	0.00847	0.00593	0.00273	0.00700
57	0.06791	0.00976	0.01246	0.00961	0.01367	0.00903	0.00793	0.11390	0.01597	0.65352	0.01915	0.01685	0.01220	0.00643	0.00520	0.00163	0.00463	0.00512	0.00622	0.00882
58	0.01307	0.07337	0.31074	0.03441	0.09199	0.10478	0.19455	0.04733	0.04829	0.01695	0.01021	0.01224	0.00773	0.00503	0.00523	0.00162	0.00773	0.00456	0.00271	0.00747
59	0.00630	0.00514	0.00558	0.00593	0.00729	0.00441	0.00427	0.00752	0.01150	0.01406	0.04660	0.26735	0.56710	0.01429	0.00639	0.00189	0.00279	0.01226	0.00491	0.00441
60	0.01413	0.81739	0.02770	0.00905	0.01357	0.02092	0.00905	0.01583	0.01074	0.01244	0.00735	0.00848	0.00678	0.00452	0.00339	0.00113	0.00565	0.00283	0.00226	0.00678
61	0.02737	0.04720	0.15039	0.01324	0.01662	0.01105	0.17431	0.05513	0.04545	0.01656	0.01771	0.18953	0.05275	0.00908	0.00718	0.00191	0.09508	0.05956	0.00356	0.00631
62	0.00871	0.00690	0.01099	0.01079	0.01243	0.00672	0.10233	0.01125	0.01226	0.01622	0.09496	0.12730	0.02986	0.01318	0.00701	0.00225	0.00498	0.51206	0.00468	0.00511
63	0.06543	0.01374	0.01492	0.01150	0.01565	0.01494	0.00950	0.61963	0.02263	0.13838	0.01355	0.01322	0.00939	0.00630	0.00518	0.00160	0.00554	0.00474	0.00536	0.00882
64	0.85155	0.01022	0.00777	0.00695	0.01022	0.01186	0.00573	0.01554	0.00900	0.02372	0.00736	0.00859	0.00573	0.00491	0.00327	0.00164	0.00409	0.00286	0.00327	0.00573
65	0.00898	0.00921	0.08587	0.00811	0.01070	0.00772	0.00700	0.03342	0.19043	0.01870	0.23513	0.03559	0.30809	0.01023	0.00589	0.00174	0.00358	0.00863	0.00500	0.00597
66	0.00664	0.00495	0.00620	0.00701	0.00772	0.00458	0.00483	0.00808	0.02703	0.01453	0.10225	0.58740	0.16880	0.01527	0.00658	0.00203	0.00297	0.01364	0.00500	0.00447
67	0.01300	0.01195	0.01550	0.01316	0.01412	0.05665	0.02908	0.08265	0.01050	0.05213	0.00903	0.01286	0.00807	0.01157	0.09240	0.00277	0.55076	0.00475	0.00287	0.00618
68	0.01624	0.00836	0.00994	0.00836	0.01112	0.00825	0.00663	0.12953	0.07449	0.29742	0.04644	0.09151	0.01617	0.00753	0.00502	0.00157	0.00389	0.00622	0.24408	0.00721
69	0.01053	0.06750	0.65296	0.01423	0.02113	0.01220	0.03242	0.01597	0.01090	0.01607	0.00986	0.01204	0.00738	0.00845	0.08388	0.00233	0.00835	0.00407	0.00230	0.00743
70	0.08831	0.06277	0.60269	0.01475	0.02174	0.01277	0.09210	0.01661	0.01107	0.01719	0.00931	0.01110	0.00674	0.00493	0.00490	0.00166	0.00748	0.00399	0.00237	0.00750
71	0.23059	0.01321	0.05217	0.14951	0.08595	0.08481	0.04661	0.07898	0.01165	0.03204	0.00901	0.01165	0.00719	0.00647	0.01987	0.00186	0.14478	0.00416	0.00298	0.00652
72	0.01381	0.74473	0.09752	0.00960	0.01443	0.02012	0.01001	0.01591	0.01078	0.01283	0.00755	0.00873	0.00678	0.00457	0.00354	0.00118	0.00585	0.00293	0.00226	0.00688
73	0.00759	0.00553	0.00782	0.00782	0.00854	0.00624	0.00577	0.00901	0.00830	0.01177	0.01477	0.02417	0.01469	0.23020	0.60473	0.00767	0.01194	0.00616	0.00292	0.00435
74	0.01375	0.06304	0.09129	0.06535	0.37168	0.11891	0.08925	0.01722	0.03415	0.03253	0.00998	0.01255	0.00807	0.00516	0.00573	0.00160	0.04492	0.00455	0.00272	0.00755
75	0.01384	0.01170	0.01235	0.01090	0.01401	0.01347	0.00854	0.10174	0.69690	0.02324	0.02063	0.01902	0.01542	0.00709	0.00537	0.00177	0.00435	0.00586	0.00537	0.00843
76	0.11480	0.00970	0.01213	0.00941	0.01342	0.00907	0.00777	0.09730	0.01541	0.62679	0.01856	0.01643	0.01187	0.00634	0.00509	0.00163	0.00458	0.00499	0.00606	0.00863
77	0.00863	0.00700	0.00954	0.00895	0.00932	0.00857	0.00672	0.00968	0.00812	0.01170	0.01316	0.02314	0.01366	0.29723	0.33094	0.00575	0.21451	0.00609	0.00283	0.00447
78	0.02010	0.01481	0.01587	0.01216	0.01639	0.01639	0.01005	0.76360	0.02486	0.03332	0.01269	0.01269	0.00899	0.00635	0.00529	0.00159	0.00582	0.00476	0.00529	0.00899
79	0.00757	0.00561	0.00822	0.00822	0.00907	0.00646	0.00627	0.00926	0.00842	0.01207	0.01441	0.02215	0.01382	0.11720	0.71653	0.00816	0.01326	0.00587	0.00287	0.00457
80	0.00769	0.00513	0.00577	0.00577	0.00577	0.00513	0.00320	0.00769	0.00769	0.01025	0.01666	0.03460	0.01922	0.81421	0.02691	0.00513	0.00513	0.00769	0.00320	0.00320
81	0.00707	0.00489	0.00608	0.00668	0.00688	0.00479	0.00420	0.00761	0.00892	0.01194	0.02266	0.41475	0.02665	0.38528	0.05418	0.00383	0.00455	0.01119	0.00402	0.00381
82	0.01060	0.02735	0.78682	0.01507	0.02288	0.01228	0.01953	0.01674	0.01116	0.01674	0.00949	0.01116	0.00670	0.00502	0.00502	0.00167	0.00781	0.00391	0.00223	0.00781
83	0.02345	0.00943	0.01253	0.00961	0.01371	0.00841	0.00794	0.08015	0.01585	0.72950	0.02025	0.01760	0.01278	0.00653	0.00531	0.00163	0.00460	0.00528	0.00645	0.00900
84	0.00779	0.00538	0.00638	0.00631	0.00641	0.00562	0.00382	0.00803	0.00779	0.01054	0.01609	0.03240	0.01820	0.70620	0.10933	0.00540	0.03034	0.00738	0.00314	0.00345
85	0.01096	0.10645	0.71081	0.01446	0.02195	0.01314	0.01848	0.01665	0.01112	0.01631	0.00927	0.01089	0.00671	0.00497	0.00486	0.00162	0.00760	0.00380	0.00224	0.00771
86	0.16481	0.01062	0.01649	0.01243	0.01665	0.01005	0.21010	0.02144	0.02733	0.42139	0.02584	0.01567	0.01098	0.00576	0.00522	0.00168	0.00558	0.00520	0.00490	0.00786
87	0.00720	0.00512	0.00693	0.00760	0.00790	0.00525	0.00522	0.00785	0.00928	0.01258	0.02317	0.52508	0.02705	0.10368	0.10175	0.08084	0.04358	0.01170	0.00412	0.00412
88	0.05686	0.40618	0.01957	0.00930	0.01330	0.01547	0.00837	0.07759	0.08919	0.18862	0.05765	0.01389	0.01179	0.00577	0.00433	0.00140	0.00500	0.00425	0.00403	0.00745
89	0.05857	0.01347	0.01916	0.01454	0.01880	0.03816	0.25566	0.24328	0.15814	0.02315	0.02413	0.01445	0.01027	0.00563	0.00539	0.00162	0.00634	0.00526	0.00408	0.07989
90	0.00842	0.00655	0.01022	0.00973	0.01114	0.00620	0.10742	0.03160	0.01142	0.03834	0.03729	0.51794	0.06985	0.01386	0.00662	0.00207	0.00416	0.09746	0.00468	0.00504
91	0.01548	0.28915	0.09726	0.01511	0.13016	0.20453	0.05198	0.06404	0.01311	0.03879	0.00912	0.01061	0.00744	0.00498	0.00450	0.00138	0.00701	0.00374	0.00279	0.02883
92	0.03023	0.37077	0.18153	0.01400	0.05847	0.03150	0.14910	0.01695	0.02083	0.05358	0.00944	0.01101	0.00750	0.00477	0.00450	0.00143	0.00667	0.00395	0.00265	0.02113

[dist]
# distance from previous block
# <min> <max>
2	24

[block]
# block no. 4 follows, 46 sequences, length 19
# corresponding to MSA columns:
# 1282-1300
name=unknown_E
#
# <colnr> <probs for GDERKNQSTAVLIFYWHMCP>
#	G	D	E	R	K	N	Q	S	T	A	V	L	I	F	Y	W	H	M	C	P
0	0.12663	0.00934	0.01183	0.00919	0.01318	0.00857	0.00759	0.04915	0.01469	0.66505	0.01890	0.01665	0.01203	0.00633	0.00506	0.00163	0.00449	0.00499	0.00609	0.00859
1	0.00932	0.00759	0.00983	0.02694	0.03953	0.00765	0.03440	0.04180	0.16764	0.01745	0.10996	0.37131	0.05204	0.01145	0.00603	0.00184	0.00380	0.01024	0.00477	0.06641
2	0.02773	0.01195	0.01586	0.16444	0.20466	0.06500	0.03689	0.09661	0.10045	0.09148	0.03676	0.03314	0.01123	0.00589	0.00520	0.00159	0.00586	0.00511	0.00375	0.07641
3	0.01241	0.00630	0.00685	0.00619	0.00808	0.00623	0.00481	0.05608	0.03829	0.13154	0.01900	0.02022	0.04159	0.00653	0.00417	0.00135	0.00301	0.00524	0.61625	0.00584
4	0.00644	0.00460	0.00613	0.00736	0.00767	0.00429	0.00491	0.00736	0.01012	0.01350	0.02914	0.81076	0.03497	0.01656	0.00675	0.00215	0.00307	0.01503	0.00491	0.00429
5	0.01275	0.01347	0.07636	0.06970	0.68926	0.01250	0.01639	0.01613	0.01190	0.01704	0.00988	0.01300	0.00819	0.00476	0.00522	0.00159	0.00643	0.00465	0.00258	0.00821
6	0.00755	0.00566	0.00850	0.00850	0.00944	0.00661	0.00661	0.00944	0.00850	0.01227	0.01416	0.02077	0.01322	0.03965	0.79326	0.00850	0.01416	0.00566	0.00283	0.00472
7	0.00852	0.00608	0.00852	0.00974	0.01095	0.00608	0.00852	0.01095	0.01217	0.01582	0.02799	0.05963	0.03042	0.01460	0.00730	0.00243	0.00487	0.74565	0.00487	0.00487
8	0.00719	0.00531	0.00684	0.00772	0.00857	0.00507	0.00574	0.00909	0.03652	0.01498	0.08764	0.46421	0.12477	0.01499	0.00673	0.00212	0.00342	0.17948	0.00498	0.00463
9	0.00644	0.00460	0.00613	0.00736	0.00767	0.00429	0.00491	0.00736	0.01012	0.01350	0.02914	0.81076	0.03497	0.01656	0.00675	0.00215	0.00307	0.01503	0.00491	0.00429
10	0.01405	0.00786	0.00880	0.00759	0.00995	0.00804	0.00605	0.15893	0.05269	0.14588	0.05527	0.02058	0.01517	0.00686	0.00461	0.00146	0.00361	0.03329	0.43277	0.00654
11	0.01204	0.01170	0.02067	0.15053	0.51534	0.01194	0.10700	0.01524	0.01172	0.01636	0.01133	0.07090	0.01004	0.00562	0.00547	0.00167	0.00649	0.00564	0.00275	0.00753
12	0.00666	0.00537	0.00593	0.00579	0.00739	0.00464	0.00434	0.00839	0.01303	0.01660	0.29620	0.04707	0.53499	0.01252	0.00624	0.00174	0.00262	0.01062	0.00521	0.00464
13	0.01251	0.00623	0.00843	0.00826	0.00994	0.00563	0.00619	0.01394	0.01201	0.27651	0.02622	0.47582	0.02712	0.01298	0.00631	0.00200	0.00371	0.07480	0.00546	0.00595
14	0.01548	0.16244	0.05823	0.01328	0.01714	0.13694	0.14274	0.18253	0.05261	0.03769	0.03659	0.01319	0.00982	0.00586	0.00581	0.00156	0.06103	0.00464	0.03521	0.00721
15	0.62172	0.02887	0.06662	0.00828	0.01198	0.01229	0.00736	0.10596	0.01147	0.04394	0.03437	0.01055	0.00789	0.00532	0.00380	0.00162	0.00456	0.00346	0.00359	0.00636
16	0.15999	0.07521	0.04031	0.01157	0.04296	0.01086	0.11281	0.07644	0.04035	0.07365	0.02956	0.20891	0.01558	0.00817	0.00555	0.00172	0.02714	0.00706	0.00394	0.04821
17	0.04720	0.01340	0.11840	0.05588	0.01603	0.06324	0.00980	0.12431	0.05720	0.23997	0.05225	0.03491	0.01237	0.00622	0.00504	0.00152	0.00538	0.00497	0.00453	0.12739
18	0.03025	0.04278	0.05580	0.04334	0.19412	0.01312	0.06565	0.26321	0.01654	0.13899	0.03631	0.01422	0.01029	0.00581	0.00550	0.00160	0.02424	0.00490	0.00417	0.02916

[dist]
# distance from previous block
# <min> <max>
0	28

[block]
# block no. 5 follows, 46 sequences, length 17
# corresponding to MSA columns:
# 1329-1345
name=unknown_F
#
# <colnr> <probs for GDERKNQSTAVLIFYWHMCP>
#	G	D	E	R	K	N	Q	S	T	A	V	L	I	F	Y	W	H	M	C	P
0	0.04996	0.04503	0.00821	0.00692	0.00866	0.00619	0.00531	0.01132	0.01310	0.09777	0.37871	0.12267	0.17105	0.01119	0.00648	0.03468	0.00311	0.00919	0.00519	0.00525
1	0.05964	0.01287	0.01427	0.03860	0.01569	0.11395	0.08319	0.18123	0.09200	0.06630	0.10654	0.01627	0.01415	0.00613	0.00509	0.00147	0.00557	0.00508	0.00424	0.15770
2	0.14217	0.01111	0.01143	0.00970	0.01279	0.05601	0.00769	0.20833	0.12496	0.17223	0.05317	0.12317	0.02888	0.00794	0.00523	0.00170	0.00470	0.00640	0.00506	0.00735
3	0.00901	0.00613	0.00809	0.00765	0.00944	0.00546	0.04179	0.01074	0.01238	0.10595	0.12820	0.20844	0.33165	0.01264	0.00634	0.00189	0.00346	0.08043	0.00510	0.00519
4	0.00867	0.00618	0.00843	0.00856	0.04606	0.00568	0.03498	0.01044	0.01238	0.06972	0.26148	0.18318	0.19544	0.09163	0.00831	0.00215	0.00355	0.03314	0.00493	0.00509
5	0.03893	0.01616	0.01513	0.01272	0.01601	0.26065	0.08393	0.15054	0.22922	0.06096	0.01463	0.05252	0.01160	0.00657	0.00526	0.00162	0.00660	0.00529	0.00423	0.00741
6	0.37366	0.01371	0.01278	0.01047	0.01411	0.10428	0.04530	0.26483	0.05569	0.04351	0.01046	0.01115	0.00777	0.00558	0.00442	0.00160	0.00555	0.00394	0.00404	0.00714
7	0.01273	0.01160	0.01917	0.07317	0.57368	0.01212	0.01450	0.01561	0.01190	0.04609	0.06774	0.01516	0.01145	0.00572	0.00652	0.00166	0.08536	0.00509	0.00296	0.00774
8	0.01206	0.01274	0.02180	0.03241	0.05795	0.07225	0.36850	0.02628	0.01136	0.01518	0.01163	0.09280	0.01062	0.00835	0.02984	0.04711	0.15361	0.00637	0.00285	0.00627
9	0.27955	0.00853	0.00940	0.00809	0.01070	0.00897	0.00638	0.01720	0.04896	0.25129	0.09045	0.01924	0.01510	0.10853	0.06267	0.00258	0.03613	0.00529	0.00454	0.00640
10	0.00865	0.00623	0.00769	0.00745	0.00901	0.00594	0.00583	0.06644	0.01433	0.03634	0.38552	0.10023	0.17973	0.01193	0.00636	0.00184	0.00326	0.13260	0.00540	0.00521
11	0.01236	0.01409	0.12298	0.10078	0.57196	0.01217	0.01603	0.01590	0.01173	0.01685	0.00980	0.01282	0.00800	0.00477	0.00514	0.00156	0.00644	0.00452	0.00257	0.04954
12	0.00915	0.00804	0.00934	0.00899	0.00985	0.08542	0.00679	0.01058	0.00896	0.01201	0.01337	0.02136	0.01311	0.17582	0.50364	0.00661	0.08373	0.00572	0.00284	0.00468
13	0.01736	0.01018	0.01125	0.00936	0.01242	0.06763	0.00741	0.10484	0.11841	0.33697	0.04584	0.02171	0.11198	0.00872	0.00696	0.08565	0.00470	0.00601	0.00530	0.00732
14	0.75787	0.00994	0.00803	0.00709	0.01030	0.01130	0.00578	0.01601	0.00941	0.08038	0.00872	0.01027	0.00678	0.03525	0.00431	0.00177	0.00416	0.00323	0.00351	0.00588
15	0.01120	0.05006	0.08743	0.07416	0.04742	0.06739	0.00871	0.04268	0.01298	0.05799	0.15183	0.02543	0.17022	0.00785	0.00529	0.00151	0.00479	0.02095	0.00401	0.14811
16	0.08620	0.47403	0.13192	0.01088	0.01553	0.12468	0.03415	0.04253	0.01178	0.01495	0.00806	0.00934	0.00680	0.00481	0.00396	0.00132	0.00647	0.00324	0.00252	0.00684

[dist]
# distance from previous block
# <min> <max>
0	1

[block]
# block no. 6 follows, 46 sequences, length 22
# corresponding to MSA columns:
# 1347-1368
name=unknown_G
#
# <colnr> <probs for GDERKNQSTAVLIFYWHMCP>
#	G	D	E	R	K	N	Q	S	T	A	V	L	I	F	Y	W	H	M	C	P
0	0.00715	0.00536	0.00672	0.00726	0.00830	0.00501	0.00541	0.00913	0.03313	0.01596	0.19827	0.34368	0.19049	0.01407	0.00658	0.00200	0.00318	0.12851	0.00511	0.00469
1	0.01305	0.19161	0.45524	0.01258	0.01863	0.05059	0.01467	0.01734	0.01193	0.10078	0.05740	0.01301	0.01008	0.00546	0.00477	0.00154	0.00674	0.00416	0.00296	0.00747
2	0.02082	0.00914	0.01193	0.00925	0.01307	0.00818	0.00757	0.08871	0.01572	0.58676	0.10312	0.01947	0.01647	0.00684	0.00533	0.00158	0.00436	0.00560	0.00614	0.05993
3	0.00763	0.00543	0.00741	0.00857	0.00936	0.00531	0.00679	0.00933	0.01112	0.01460	0.02792	0.36610	0.03175	0.05358	0.00801	0.00244	0.00414	0.41115	0.00480	0.00455
4	0.01398	0.01124	0.01784	0.15297	0.12537	0.01163	0.16741	0.13985	0.06527	0.11086	0.01619	0.08111	0.04836	0.00679	0.00565	0.00173	0.00610	0.00634	0.00397	0.00734
5	0.03818	0.01189	0.12075	0.09777	0.01732	0.00938	0.01021	0.06773	0.01443	0.51298	0.01738	0.03306	0.01158	0.00636	0.00526	0.00166	0.00528	0.00517	0.00529	0.00831
6	0.00699	0.00538	0.00639	0.00613	0.00760	0.00478	0.00460	0.00902	0.01380	0.01844	0.48974	0.04402	0.34030	0.01184	0.00624	0.00171	0.00257	0.01020	0.00546	0.00478
7	0.09647	0.00895	0.01165	0.00907	0.01297	0.00801	0.00747	0.02419	0.01458	0.68492	0.05185	0.01807	0.01400	0.00658	0.00517	0.00164	0.00438	0.00528	0.00622	0.00854
8	0.03423	0.10115	0.05145	0.10413	0.36410	0.01278	0.01306	0.04992	0.05740	0.14305	0.01210	0.01367	0.00918	0.00528	0.00501	0.00157	0.00587	0.00460	0.00347	0.00798
9	0.02323	0.00932	0.01241	0.00957	0.01363	0.00831	0.00789	0.05711	0.03988	0.72850	0.02053	0.01782	0.01301	0.00656	0.00532	0.00164	0.00454	0.00531	0.00645	0.00898
10	0.01597	0.00912	0.01222	0.01018	0.01221	0.01010	0.00821	0.04210	0.01184	0.33892	0.01739	0.01985	0.05872	0.09911	0.06125	0.00267	0.25309	0.00573	0.00449	0.00681
11	0.01508	0.11714	0.16195	0.01906	0.24145	0.01388	0.09631	0.15655	0.01446	0.09731	0.01123	0.01270	0.00842	0.00521	0.00509	0.00157	0.00651	0.00456	0.00340	0.00811
12	0.01515	0.07794	0.05861	0.06414	0.21743	0.11417	0.20046	0.09029	0.01380	0.08128	0.01082	0.01289	0.00826	0.00509	0.00529	0.00158	0.00723	0.00479	0.00317	0.00759
13	0.00998	0.00940	0.01586	0.80150	0.03641	0.01175	0.01468	0.01351	0.01057	0.01351	0.00940	0.01409	0.00705	0.00529	0.00529	0.00176	0.00705	0.00470	0.00235	0.00587
14	0.01940	0.10458	0.01708	0.01197	0.01608	0.09998	0.00996	0.60156	0.02224	0.02883	0.01162	0.01189	0.00851	0.00605	0.00502	0.00151	0.00620	0.00440	0.00468	0.00844
15	0.00643	0.00464	0.00610	0.00727	0.00764	0.00430	0.00486	0.00737	0.01021	0.01353	0.03030	0.77448	0.07049	0.01641	0.00672	0.00213	0.00305	0.01484	0.00491	0.00430
16	0.04313	0.03239	0.33301	0.04483	0.13465	0.01253	0.06167	0.01705	0.01131	0.11695	0.01060	0.01257	0.00789	0.00580	0.00702	0.00175	0.13193	0.00444	0.00294	0.00753
