[name]
unknown

[dist]
# distance from previous block
# <min> <max>
0	294

[block]
# block no. 0 follows, 43 sequences, length 21
# corresponding to MSA columns:
# 352-372
name=unknown_A
#
# <colnr> <probs for GDERKNQSTAVLIFYWHMCP>
#	G	D	E	R	K	N	Q	S	T	A	V	L	I	F	Y	W	H	M	C	P
0	0.03261	0.09253	0.07787	0.01348	0.09592	0.02877	0.04765	0.10707	0.05196	0.18342	0.05908	0.03477	0.02863	0.03214	0.00607	0.00173	0.00559	0.01908	0.00446	0.07716
1	0.05153	0.03313	0.07099	0.03760	0.18958	0.01191	0.01127	0.07860	0.12880	0.13943	0.01571	0.03289	0.03373	0.00641	0.00569	0.00164	0.03175	0.00528	0.00422	0.10983
2	0.05675	0.12897	0.01978	0.07419	0.25218	0.06371	0.07194	0.01827	0.10965	0.01776	0.01128	0.01328	0.00913	0.00520	0.00497	0.00151	0.00623	0.00452	0.00317	0.12749
3	0.01386	0.20080	0.10627	0.08709	0.31562	0.05661	0.01411	0.04209	0.05783	0.01725	0.03136	0.01342	0.00969	0.00541	0.00503	0.00157	0.00660	0.00453	0.00295	0.00789
4	0.07523	0.00904	0.01005	0.00851	0.01150	0.03734	0.00660	0.04900	0.04114	0.12868	0.18101	0.13875	0.04510	0.00872	0.00546	0.00156	0.00404	0.00736	0.00493	0.22598
5	0.04406	0.01209	0.01759	0.18927	0.34659	0.03650	0.01327	0.04841	0.01259	0.01808	0.01012	0.01310	0.00821	0.00498	0.00508	0.00149	0.00617	0.00443	0.00296	0.20503
6	0.01011	0.00829	0.00927	0.00890	0.01089	0.00886	0.00668	0.01810	0.35152	0.01989	0.17256	0.20276	0.12716	0.01130	0.00625	0.00193	0.00357	0.00981	0.00555	0.00659
7	0.45391	0.01010	0.01039	0.00851	0.01234	0.01038	0.00702	0.02138	0.01249	0.38214	0.01445	0.01369	0.00967	0.00596	0.00445	0.00171	0.00449	0.00422	0.00506	0.00763
8	0.00733	0.00564	0.00669	0.00643	0.00796	0.00501	0.00482	0.00946	0.01446	0.01933	0.48532	0.04611	0.33663	0.01240	0.00654	0.00179	0.00269	0.01068	0.00572	0.00501
9	0.01376	0.00665	0.00895	0.00855	0.01040	0.00599	0.00635	0.01520	0.01258	0.30344	0.02668	0.44776	0.02710	0.04352	0.00733	0.00218	0.00393	0.03757	0.00572	0.00635
10	0.00783	0.00554	0.00743	0.00854	0.00922	0.00540	0.00650	0.00933	0.01118	0.01473	0.02836	0.39470	0.03255	0.11634	0.00999	0.00277	0.00428	0.31581	0.00490	0.00461
11	0.00728	0.00515	0.00680	0.00791	0.00835	0.00493	0.00554	0.00839	0.01063	0.01410	0.02862	0.57777	0.03368	0.11967	0.00992	0.00271	0.00381	0.13538	0.00490	0.00445
12	0.02021	0.02567	0.01676	0.01484	0.01787	0.73472	0.05727	0.02184	0.01553	0.01382	0.00873	0.01030	0.00721	0.00564	0.00509	0.00145	0.00995	0.00375	0.00285	0.00649
13	0.00766	0.00547	0.00747	0.00876	0.00948	0.00529	0.00673	0.00929	0.01150	0.01516	0.03002	0.49169	0.03464	0.01649	0.00731	0.00238	0.00400	0.31679	0.00512	0.00475
14	0.84448	0.01071	0.00814	0.00728	0.01071	0.01242	0.00600	0.01628	0.00943	0.02485	0.00771	0.00900	0.00600	0.00514	0.00343	0.00171	0.00428	0.00300	0.00343	0.00600
15	0.84448	0.01071	0.00814	0.00728	0.01071	0.01242	0.00600	0.01628	0.00943	0.02485	0.00771	0.00900	0.00600	0.00514	0.00343	0.00171	0.00428	0.00300	0.00343	0.00600
16	0.01148	0.00984	0.01148	0.00820	0.01312	0.00738	0.00656	0.01395	0.01148	0.01805	0.00984	0.01148	0.00820	0.00410	0.00410	0.00082	0.00410	0.00328	0.00328	0.83922
17	0.01612	0.02040	0.33913	0.01464	0.05046	0.01445	0.01475	0.31520	0.07892	0.06258	0.01293	0.01351	0.00920	0.00607	0.00543	0.00172	0.00679	0.00474	0.00414	0.00882
18	0.01371	0.01300	0.04845	0.13400	0.11241	0.03905	0.01132	0.07807	0.41266	0.02101	0.01719	0.01815	0.01323	0.03555	0.00637	0.00193	0.00563	0.00567	0.00446	0.00812
19	0.09710	0.00857	0.01049	0.00968	0.01190	0.00871	0.03989	0.12253	0.05929	0.05059	0.02243	0.36561	0.02369	0.01183	0.00615	0.00198	0.00439	0.07865	0.00489	0.06162
20	0.01367	0.17144	0.18943	0.01364	0.05962	0.08247	0.05930	0.06785	0.05627	0.01805	0.03326	0.01484	0.01050	0.00575	0.00497	0.00148	0.00652	0.03403	0.00324	0.15365

[dist]
# distance from previous block
# <min> <max>
2	6

[block]
# block no. 1 follows, 43 sequences, length 17
# corresponding to MSA columns:
# 380-396
name=unknown_B
#
# <colnr> <probs for GDERKNQSTAVLIFYWHMCP>
#	G	D	E	R	K	N	Q	S	T	A	V	L	I	F	Y	W	H	M	C	P
0	0.17527	0.01693	0.24424	0.04032	0.02105	0.01198	0.22203	0.01646	0.01169	0.01913	0.03037	0.01296	0.00864	0.00505	0.00512	0.00163	0.00690	0.00463	0.00294	0.14265
1	0.26444	0.03295	0.03235	0.00981	0.01392	0.01284	0.00822	0.27672	0.01623	0.08922	0.01172	0.01302	0.00890	0.04038	0.00559	0.00169	0.00512	0.00421	0.00438	0.14830
2	0.00805	0.00537	0.00604	0.00604	0.00604	0.00537	0.00336	0.00805	0.00805	0.01074	0.01745	0.03624	0.02013	0.80536	0.02819	0.00537	0.00537	0.00805	0.00336	0.00336
3	0.00675	0.00482	0.00643	0.00771	0.00803	0.00450	0.00514	0.00771	0.01060	0.01414	0.03053	0.80175	0.03663	0.01735	0.00707	0.00225	0.00321	0.01574	0.00514	0.00450
4	0.01182	0.01140	0.03976	0.07980	0.13792	0.07031	0.01009	0.01783	0.21998	0.01664	0.01553	0.02017	0.01339	0.11800	0.18914	0.00388	0.00811	0.00580	0.00365	0.00676
5	0.01904	0.02372	0.01584	0.13981	0.02051	0.65871	0.01146	0.02083	0.01495	0.01365	0.00877	0.01076	0.00717	0.00568	0.00508	0.00149	0.00957	0.00379	0.00279	0.00638
6	0.00675	0.00482	0.00643	0.00771	0.00803	0.00450	0.00514	0.00771	0.01060	0.01414	0.03053	0.80175	0.03663	0.01735	0.00707	0.00225	0.00321	0.01574	0.00514	0.00450
7	0.00805	0.00537	0.00604	0.00604	0.00604	0.00537	0.00336	0.00805	0.00805	0.01074	0.01745	0.03624	0.02013	0.80536	0.02819	0.00537	0.00537	0.00805	0.00336	0.00336
8	0.01809	0.01303	0.07818	0.07283	0.05803	0.03038	0.01063	0.12999	0.19962	0.27424	0.01778	0.01714	0.01241	0.00661	0.00548	0.00173	0.00548	0.00538	0.03431	0.00865
9	0.01481	0.80869	0.02902	0.00948	0.01421	0.02191	0.00948	0.01658	0.01125	0.01303	0.00770	0.00888	0.00711	0.00474	0.00355	0.00118	0.00592	0.00296	0.00237	0.00711
10	0.08204	0.01026	0.01145	0.00851	0.01315	0.00862	0.00681	0.03934	0.06971	0.01956	0.01076	0.01204	0.00873	0.00454	0.00421	0.00100	0.00420	0.00354	0.00355	0.67796
11	0.01273	0.37123	0.44831	0.01301	0.01969	0.01684	0.01564	0.01712	0.01150	0.01556	0.00896	0.01046	0.00706	0.00503	0.00451	0.00150	0.00719	0.00360	0.00235	0.00771
12	0.00658	0.00547	0.00576	0.00598	0.00758	0.00464	0.00437	0.00791	0.01226	0.01481	0.05155	0.18651	0.63829	0.01462	0.00664	0.00194	0.00288	0.01241	0.00514	0.00464
13	0.00655	0.00561	0.00561	0.00561	0.00748	0.00468	0.00421	0.00795	0.01262	0.01496	0.05610	0.05330	0.76857	0.01403	0.00655	0.00187	0.00281	0.01169	0.00514	0.00468
14	0.01156	0.07177	0.01478	0.29222	0.02237	0.01082	0.01016	0.01553	0.07435	0.01668	0.01075	0.01324	0.00855	0.00496	0.00471	0.00131	0.00545	0.00410	0.00311	0.40357
15	0.00743	0.00531	0.00721	0.00849	0.00911	0.00509	0.00633	0.00889	0.01128	0.01490	0.03015	0.56965	0.03514	0.01671	0.00725	0.00234	0.00381	0.24110	0.00513	0.00469
16	0.54303	0.01040	0.00935	0.00762	0.01158	0.01060	0.00620	0.01544	0.01017	0.02239	0.00848	0.00990	0.00680	0.00476	0.00367	0.00139	0.00422	0.00310	0.00337	0.30753

[dist]
# distance from previous block
# <min> <max>
0	4

[block]
# block no. 2 follows, 43 sequences, length 26
# corresponding to MSA columns:
# 401-426
name=unknown_C
#
# <colnr> <probs for GDERKNQSTAVLIFYWHMCP>
#	G	D	E	R	K	N	Q	S	T	A	V	L	I	F	Y	W	H	M	C	P
0	0.12303	0.01052	0.01362	0.05178	0.07263	0.00961	0.06167	0.04406	0.03049	0.01897	0.01014	0.01240	0.00829	0.00561	0.00562	0.05669	0.00500	0.00393	0.00327	0.45266
1	0.00835	0.00551	0.00710	0.00758	0.00838	0.00518	0.00536	0.00968	0.01160	0.05516	0.15689	0.38017	0.06205	0.15978	0.01081	0.00272	0.00377	0.09008	0.00507	0.00475
2	0.01307	0.01494	0.03268	0.02334	0.02894	0.01401	0.75070	0.01774	0.01307	0.01774	0.01120	0.01494	0.00840	0.00467	0.00654	0.00187	0.00934	0.00654	0.00280	0.00747
3	0.03509	0.11153	0.11165	0.01601	0.13891	0.19447	0.01222	0.11597	0.08666	0.01893	0.01196	0.01327	0.02608	0.00602	0.00567	0.00159	0.04521	0.00445	0.00340	0.04091
4	0.02802	0.00726	0.00873	0.00767	0.00990	0.00660	0.00573	0.03346	0.02888	0.06088	0.20520	0.10802	0.08747	0.11851	0.06722	0.00262	0.00462	0.00799	0.00463	0.19659
5	0.00716	0.00539	0.00650	0.00671	0.00781	0.00487	0.00477	0.00876	0.01279	0.01695	0.29475	0.26074	0.25598	0.07128	0.00826	0.00219	0.00304	0.01199	0.00535	0.00472
6	0.34294	0.01100	0.01169	0.00937	0.01334	0.01141	0.00773	0.15134	0.01516	0.35198	0.01484	0.01403	0.00995	0.00615	0.00473	0.00170	0.00479	0.00447	0.00529	0.00809
7	0.02915	0.07542	0.01243	0.00925	0.01238	0.02840	0.00736	0.08848	0.08009	0.06807	0.01470	0.09439	0.01315	0.01313	0.12365	0.06829	0.00625	0.00562	0.00394	0.24585
8	0.00878	0.00555	0.00730	0.00726	0.00811	0.00535	0.00514	0.00958	0.01111	0.04988	0.21094	0.14113	0.08787	0.14849	0.08695	0.16419	0.00492	0.02862	0.00443	0.00439
9	0.00711	0.00558	0.00643	0.00633	0.00786	0.00490	0.00470	0.00900	0.01379	0.01800	0.35834	0.09777	0.41423	0.01309	0.00657	0.00184	0.00275	0.01124	0.00555	0.00490
10	0.02206	0.01097	0.01351	0.01048	0.01453	0.01068	0.00861	0.25163	0.01901	0.47275	0.08979	0.01925	0.01602	0.00721	0.00565	0.00170	0.00494	0.00581	0.00637	0.00903
11	0.01431	0.01257	0.02084	0.13119	0.59445	0.01287	0.01594	0.04651	0.01316	0.06835	0.01121	0.01417	0.00894	0.00521	0.00550	0.00168	0.00654	0.00498	0.00309	0.00850
12	0.01098	0.01062	0.01600	0.68730	0.03491	0.05963	0.01462	0.01445	0.01148	0.01429	0.01117	0.01792	0.00914	0.00625	0.00566	0.00187	0.00738	0.05756	0.00268	0.00609
13	0.01046	0.00984	0.01661	0.79205	0.03814	0.01230	0.01538	0.01415	0.01107	0.01415	0.00984	0.01477	0.00738	0.00554	0.00554	0.00185	0.00738	0.00492	0.00246	0.00615
14	0.01981	0.01124	0.01322	0.01082	0.01465	0.01164	0.00871	0.12378	0.32259	0.36890	0.02100	0.01886	0.01445	0.00710	0.00559	0.00177	0.00476	0.00578	0.00618	0.00915
15	0.01148	0.00984	0.01148	0.00820	0.01312	0.00738	0.00656	0.01395	0.01148	0.01805	0.00984	0.01148	0.00820	0.00410	0.00410	0.00082	0.00410	0.00328	0.00328	0.83922
16	0.03282	0.01362	0.02306	0.05931	0.58496	0.03281	0.11971	0.03414	0.01293	0.01832	0.01046	0.01371	0.00858	0.00498	0.00558	0.00168	0.00702	0.00508	0.00282	0.00838
17	0.01293	0.00991	0.01052	0.00880	0.01174	0.01014	0.00702	0.33114	0.01867	0.02414	0.08903	0.03508	0.38733	0.01063	0.00611	0.00177	0.00422	0.00866	0.00538	0.00677
18	0.01248	0.01209	0.08523	0.21848	0.13261	0.01121	0.09254	0.03392	0.08804	0.08072	0.11958	0.02089	0.05418	0.00689	0.00581	0.00179	0.00611	0.00626	0.00392	0.00727
19	0.01627	0.27280	0.20905	0.01460	0.10217	0.01513	0.04061	0.06787	0.01355	0.17976	0.01210	0.01278	0.00889	0.00547	0.00487	0.00155	0.00644	0.00429	0.00359	0.00822
20	0.01818	0.01255	0.02408	0.01749	0.02252	0.01146	0.42849	0.02175	0.01428	0.34618	0.01582	0.01664	0.01071	0.00562	0.00612	0.00180	0.00733	0.00612	0.00456	0.00832
21	0.00791	0.00593	0.00890	0.00890	0.00989	0.00692	0.00692	0.00989	0.00890	0.01286	0.01483	0.02176	0.01385	0.04154	0.78341	0.00890	0.01483	0.00593	0.00297	0.00494
22	0.01823	0.15323	0.23239	0.05068	0.01834	0.04805	0.01239	0.03838	0.01387	0.33919	0.01463	0.01437	0.00996	0.00592	0.00511	0.00163	0.00631	0.00456	0.00437	0.00837
23	0.01922	0.01480	0.07452	0.01531	0.04222	0.01386	0.17836	0.33698	0.01922	0.20661	0.01454	0.01490	0.01002	0.00610	0.00575	0.00173	0.00666	0.00541	0.00492	0.00887
24	0.00655	0.00561	0.00561	0.00561	0.00748	0.00468	0.00421	0.00795	0.01262	0.01496	0.05610	0.05330	0.76857	0.01403	0.00655	0.00187	0.00281	0.01169	0.00514	0.00468
25	0.84448	0.01071	0.00814	0.00728	0.01071	0.01242	0.00600	0.01628	0.00943	0.02485	0.00771	0.00900	0.00600	0.00514	0.00343	0.00171	0.00428	0.00300	0.00343	0.00600

[dist]
# distance from previous block
# <min> <max>
0	1

[block]
# block no. 3 follows, 43 sequences, length 20
# corresponding to MSA columns:
# 428-447
name=unknown_D
#
# <colnr> <probs for GDERKNQSTAVLIFYWHMCP>
#	G	D	E	R	K	N	Q	S	T	A	V	L	I	F	Y	W	H	M	C	P
0	0.79554	0.01085	0.00898	0.00886	0.05549	0.01247	0.00665	0.01632	0.00961	0.02445	0.00787	0.00927	0.00616	0.00513	0.00355	0.00171	0.00442	0.00311	0.00339	0.00616
1	0.02105	0.01551	0.01662	0.01274	0.01717	0.01717	0.01053	0.75235	0.02604	0.03490	0.01330	0.01330	0.00942	0.00665	0.00554	0.00166	0.00609	0.00499	0.00554	0.00942
2	0.01148	0.00984	0.01148	0.00820	0.01312	0.00738	0.00656	0.01395	0.01148	0.01805	0.00984	0.01148	0.00820	0.00410	0.00410	0.00082	0.00410	0.00328	0.00328	0.83922
3	0.00655	0.00561	0.00561	0.00561	0.00748	0.00468	0.00421	0.00795	0.01262	0.01496	0.05610	0.05330	0.76857	0.01403	0.00655	0.00187	0.00281	0.01169	0.00514	0.00468
4	0.15561	0.00689	0.00818	0.03734	0.03591	0.00712	0.00623	0.01151	0.04689	0.01860	0.21486	0.35613	0.03195	0.02970	0.00658	0.00204	0.00362	0.01063	0.00489	0.00533
5	0.01342	0.06021	0.04933	0.15443	0.46276	0.01397	0.05236	0.05574	0.01278	0.01777	0.01018	0.01348	0.00832	0.00535	0.00606	0.00171	0.04641	0.00486	0.00280	0.00805
6	0.00871	0.00538	0.00798	0.00798	0.00846	0.00587	0.00577	0.00856	0.00808	0.01125	0.01253	0.02015	0.01217	0.06696	0.39347	0.39503	0.00973	0.00551	0.00272	0.00369
7	0.01494	0.01248	0.01318	0.01151	0.01485	0.01432	0.00905	0.14529	0.64305	0.02505	0.02106	0.01948	0.01571	0.00738	0.00562	0.00184	0.00466	0.00606	0.00562	0.00887
8	0.01719	0.02076	0.04454	0.10644	0.06288	0.45163	0.04987	0.02173	0.14000	0.01586	0.01135	0.01287	0.00896	0.00588	0.00528	0.00160	0.00845	0.00443	0.00325	0.00704
9	0.01533	0.01224	0.12645	0.01193	0.01585	0.00966	0.10009	0.04305	0.01364	0.27742	0.05358	0.04648	0.12302	0.01040	0.05868	0.00231	0.06085	0.00680	0.00475	0.00746
10	0.01307	0.01494	0.03268	0.02334	0.02894	0.01401	0.75070	0.01774	0.01307	0.01774	0.01120	0.01494	0.00840	0.00467	0.00654	0.00187	0.00934	0.00654	0.00280	0.00747
11	0.39122	0.01025	0.01100	0.03274	0.01345	0.01053	0.00749	0.04978	0.01322	0.38717	0.01482	0.01410	0.00990	0.00604	0.00461	0.00172	0.00466	0.00438	0.00514	0.00779
12	0.01407	0.14648	0.30715	0.09120	0.13281	0.06447	0.04194	0.07138	0.01325	0.05216	0.01039	0.01228	0.00786	0.00534	0.00511	0.00163	0.00736	0.00430	0.00290	0.00791
13	0.09975	0.05661	0.04296	0.03810	0.01237	0.06495	0.00770	0.01409	0.01167	0.13368	0.02114	0.39389	0.02229	0.01155	0.00646	0.00196	0.04047	0.00979	0.00456	0.00600
14	0.00770	0.00569	0.00736	0.00809	0.00924	0.00535	0.00637	0.00962	0.01266	0.01659	0.16168	0.25138	0.18070	0.01491	0.00709	0.00220	0.00373	0.27947	0.00529	0.00488
15	0.01367	0.01332	0.18604	0.03023	0.01546	0.00981	0.07223	0.09653	0.04298	0.10612	0.01552	0.01698	0.01144	0.00612	0.00489	0.00157	0.00524	0.00510	0.33962	0.00715
16	0.01528	0.04329	0.09907	0.13057	0.27234	0.05803	0.08095	0.05831	0.04870	0.12110	0.01243	0.01437	0.00929	0.00554	0.00549	0.00170	0.00690	0.00499	0.00350	0.00815
17	0.01388	0.00971	0.01360	0.07694	0.10555	0.00958	0.06000	0.13111	0.01525	0.15761	0.06576	0.08099	0.21801	0.00921	0.00603	0.00180	0.00497	0.00799	0.00490	0.00711
18	0.00682	0.00491	0.00642	0.00754	0.00796	0.00456	0.00505	0.00784	0.01082	0.01439	0.06004	0.71512	0.07017	0.04045	0.00765	0.00231	0.00324	0.01511	0.00513	0.00450
19	0.04497	0.34218	0.06409	0.07369	0.14448	0.07857	0.08358	0.01738	0.01223	0.05447	0.01087	0.01266	0.02813	0.00530	0.00470	0.00149	0.00672	0.00426	0.00286	0.00737

[dist]
# distance from previous block
# <min> <max>
1	7

[block]
# block no. 4 follows, 43 sequences, length 58
# corresponding to MSA columns:
# 455-512
name=unknown_E
#
# <colnr> <probs for GDERKNQSTAVLIFYWHMCP>
#	G	D	E	R	K	N	Q	S	T	A	V	L	I	F	Y	W	H	M	C	P
0	0.05675	0.19103	0.08811	0.01034	0.01529	0.07059	0.03618	0.03874	0.01227	0.03543	0.00961	0.01104	0.00783	0.00469	0.00429	0.00117	0.00561	0.00352	0.00310	0.39441
1	0.01198	0.00937	0.01258	0.01091	0.01216	0.01128	0.00880	0.01442	0.05015	0.09913	0.18048	0.02267	0.04355	0.04123	0.07176	0.00269	0.34772	0.00650	0.00408	0.03855
2	0.01386	0.01470	0.06131	0.05938	0.63680	0.05968	0.03927	0.01725	0.01271	0.01763	0.01028	0.01345	0.00852	0.00501	0.00548	0.00165	0.00698	0.00486	0.00272	0.00846
3	0.03371	0.00967	0.01194	0.01043	0.01210	0.01160	0.00842	0.01806	0.16296	0.10794	0.01520	0.01712	0.01200	0.00912	0.03964	0.00215	0.27585	0.00527	0.21629	0.02053
4	0.00792	0.00590	0.00875	0.00875	0.00969	0.00684	0.00674	0.00979	0.00886	0.01275	0.01497	0.02251	0.01417	0.08118	0.74422	0.00872	0.01434	0.00604	0.00299	0.00486
5	0.00905	0.00650	0.00786	0.00736	0.00903	0.00623	0.00553	0.01279	0.10064	0.05493	0.47243	0.06932	0.16448	0.04042	0.00720	0.00193	0.00307	0.00981	0.00578	0.00564
6	0.34670	0.00860	0.00887	0.00797	0.01053	0.00898	0.00625	0.01632	0.01106	0.20062	0.01609	0.02443	0.01440	0.19535	0.01030	0.00268	0.00474	0.09557	0.00444	0.00609
7	0.00855	0.00594	0.00767	0.00840	0.00912	0.00594	0.00651	0.00999	0.01071	0.01404	0.02418	0.05110	0.02678	0.35788	0.01656	0.00377	0.00522	0.41896	0.00434	0.00434
8	0.01046	0.00984	0.01661	0.79205	0.03814	0.01230	0.01538	0.01415	0.01107	0.01415	0.00984	0.01477	0.00738	0.00554	0.00554	0.00185	0.00738	0.00492	0.00246	0.00615
9	0.00791	0.00593	0.00890	0.00890	0.00989	0.00692	0.00692	0.00989	0.00890	0.01286	0.01483	0.02176	0.01385	0.04154	0.78341	0.00890	0.01483	0.00593	0.00297	0.00494
10	0.01622	0.00681	0.00966	0.00836	0.01022	0.00625	0.00625	0.01579	0.01096	0.34135	0.01492	0.01771	0.01139	0.01387	0.01467	0.47587	0.00477	0.00514	0.00433	0.00545
11	0.01456	0.04329	0.01523	0.01372	0.05666	0.26349	0.01026	0.04306	0.01194	0.01438	0.00992	0.01446	0.00922	0.07188	0.10829	0.00296	0.25239	0.00470	0.00286	0.03675
12	0.01148	0.00984	0.01148	0.00820	0.01312	0.00738	0.00656	0.01395	0.01148	0.01805	0.00984	0.01148	0.00820	0.00410	0.00410	0.00082	0.00410	0.00328	0.00328	0.83922
13	0.00817	0.00582	0.00743	0.00759	0.00808	0.00576	0.02346	0.03426	0.00997	0.01332	0.02241	0.32145	0.02589	0.40807	0.04209	0.00399	0.00498	0.03892	0.00414	0.00422
14	0.01378	0.01190	0.01252	0.01127	0.01440	0.01378	0.00877	0.02943	0.76081	0.02317	0.02254	0.02066	0.01691	0.00751	0.00564	0.00188	0.00438	0.00626	0.00564	0.00877
15	0.01195	0.20598	0.60670	0.01435	0.02175	0.01492	0.01796	0.01732	0.01159	0.01651	0.00943	0.01105	0.00704	0.00514	0.00487	0.00162	0.00767	0.00384	0.00235	0.00794
16	0.01511	0.12621	0.22422	0.01427	0.03158	0.01241	0.16092	0.01892	0.01334	0.20457	0.09654	0.01705	0.01399	0.00620	0.00572	0.00170	0.01996	0.00547	0.00398	0.00784
17	0.02407	0.01067	0.01362	0.01044	0.01476	0.00998	0.00863	0.17500	0.01793	0.62370	0.02010	0.01772	0.01283	0.00681	0.00556	0.00170	0.00499	0.00545	0.00659	0.00942
18	0.00691	0.00494	0.00660	0.00781	0.00823	0.00463	0.00535	0.00802	0.01092	0.01459	0.05960	0.73243	0.03699	0.01700	0.00708	0.00225	0.00329	0.05364	0.00518	0.00456
19	0.01437	0.20167	0.16937	0.01871	0.23662	0.01419	0.05646	0.01836	0.04884	0.10519	0.01277	0.04578	0.01048	0.00595	0.00517	0.00163	0.00641	0.01665	0.00333	0.00804
20	0.01386	0.05693	0.12159	0.06417	0.08334	0.01359	0.45868	0.01822	0.01291	0.08435	0.01167	0.01446	0.00860	0.00501	0.00600	0.00179	0.00829	0.00575	0.00306	0.00774
21	0.01064	0.00657	0.00853	0.00865	0.01053	0.00609	0.00722	0.01285	0.01353	0.13234	0.11964	0.05114	0.21266	0.01324	0.00693	0.00216	0.00419	0.36191	0.00549	0.00567
22	0.01439	0.01209	0.05791	0.10081	0.36551	0.01113	0.06771	0.01762	0.01327	0.15551	0.07429	0.01901	0.05318	0.00633	0.00571	0.00172	0.00610	0.00588	0.00384	0.00800
23	0.01513	0.12006	0.26597	0.09291	0.10133	0.10679	0.02922	0.01888	0.01290	0.13804	0.01219	0.01476	0.00930	0.00586	0.00523	0.00166	0.00721	0.03150	0.00330	0.00776
24	0.01533	0.76722	0.02818	0.00950	0.01421	0.02120	0.00941	0.01712	0.01149	0.05255	0.00843	0.00940	0.00745	0.00485	0.00366	0.00121	0.00586	0.00310	0.00260	0.00723
25	0.60070	0.06123	0.05131	0.02647	0.03730	0.06983	0.02627	0.01671	0.01031	0.02196	0.00809	0.00972	0.00642	0.00529	0.00428	0.00169	0.02956	0.00334	0.00318	0.00634
26	0.00988	0.00602	0.00736	0.00684	0.00860	0.00542	0.00519	0.01206	0.01427	0.11342	0.38665	0.07845	0.20857	0.01115	0.00614	0.00174	0.00295	0.00960	0.10012	0.00557
27	0.01438	0.13452	0.24316	0.04342	0.04385	0.17404	0.07733	0.02060	0.16192	0.01710	0.01197	0.01318	0.00921	0.00568	0.00516	0.00164	0.00749	0.00452	0.00316	0.00766
28	0.01696	0.01084	0.01495	0.32069	0.02401	0.01203	0.01150	0.16653	0.04283	0.24082	0.01472	0.01600	0.01024	0.00641	0.00596	0.00177	0.03523	0.00518	0.03552	0.00782
29	0.01560	0.00711	0.00960	0.00870	0.01101	0.00631	0.00660	0.01723	0.01346	0.38359	0.07201	0.37481	0.02648	0.01189	0.00631	0.00196	0.00390	0.01045	0.00603	0.00693
30	0.00750	0.00565	0.00694	0.00662	0.00807	0.00508	0.00496	0.00981	0.01489	0.02034	0.58413	0.04445	0.23719	0.01202	0.00654	0.00178	0.00266	0.01045	0.00585	0.00508
31	0.01468	0.00727	0.00902	0.00766	0.01049	0.00626	0.00607	0.01659	0.01449	0.34547	0.14925	0.03655	0.33256	0.01051	0.00612	0.00178	0.00360	0.00878	0.00603	0.00682
32	0.00754	0.00523	0.00646	0.00683	0.00722	0.00503	0.00438	0.00842	0.01054	0.01432	0.17627	0.31368	0.03269	0.35781	0.01612	0.00350	0.00402	0.01123	0.00456	0.00415
33	0.01563	0.01230	0.01371	0.01017	0.01488	0.01163	0.00828	0.33413	0.01780	0.02536	0.01134	0.01227	0.00873	0.00521	0.00473	0.00119	0.00497	0.00402	0.00426	0.47941
34	0.00949	0.00921	0.01781	0.01449	0.01710	0.00862	0.32843	0.01206	0.01167	0.01570	0.02215	0.46058	0.02439	0.01185	0.00684	0.00208	0.00587	0.01175	0.00413	0.00579
35	0.00792	0.00591	0.00879	0.00879	0.00975	0.00687	0.00679	0.00982	0.00887	0.01278	0.01493	0.02229	0.01408	0.06982	0.75545	0.00877	0.01448	0.00601	0.00298	0.00489
36	0.01148	0.00984	0.01148	0.00820	0.01312	0.00738	0.00656	0.01395	0.01148	0.01805	0.00984	0.01148	0.00820	0.00410	0.00410	0.00082	0.00410	0.00328	0.00328	0.83922
37	0.01296	0.01462	0.03090	0.02234	0.02731	0.01434	0.66687	0.01724	0.01255	0.01724	0.01076	0.01462	0.00827	0.00524	0.00786	0.00193	0.09853	0.00634	0.00276	0.00731
38	0.00868	0.00515	0.00651	0.00651	0.00651	0.00515	0.00393	0.00772	0.00772	0.01029	0.01434	0.02854	0.01596	0.49337	0.02559	0.33617	0.00515	0.00677	0.00298	0.00298
39	0.02105	0.01551	0.01662	0.01274	0.01717	0.01717	0.01053	0.75235	0.02604	0.03490	0.01330	0.01330	0.00942	0.00665	0.00554	0.00166	0.00609	0.00499	0.00554	0.00942
40	0.00839	0.00542	0.00570	0.00563	0.00716	0.00497	0.00422	0.01050	0.01267	0.01859	0.15336	0.03724	0.32699	0.01031	0.00538	0.00160	0.00268	0.00859	0.36561	0.00497
41	0.01804	0.01402	0.01493	0.01213	0.01603	0.01577	0.00980	0.45337	0.32992	0.03005	0.01712	0.01634	0.01252	0.00701	0.00558	0.00175	0.00539	0.00551	0.00558	0.00915
42	0.01378	0.01190	0.01252	0.01127	0.01440	0.01378	0.00877	0.02943	0.76081	0.02317	0.02254	0.02066	0.01691	0.00751	0.00564	0.00188	0.00438	0.00626	0.00564	0.00877
43	0.01888	0.01388	0.01499	0.01205	0.01603	0.01541	0.00977	0.45976	0.27128	0.08259	0.01699	0.01615	0.01222	0.00695	0.00557	0.00174	0.00543	0.00545	0.00566	0.00920
44	0.84448	0.01071	0.00814	0.00728	0.01071	0.01242	0.00600	0.01628	0.00943	0.02485	0.00771	0.00900	0.00600	0.00514	0.00343	0.00171	0.00428	0.00300	0.00343	0.00600
45	0.02105	0.01551	0.01662	0.01274	0.01717	0.01717	0.01053	0.75235	0.02604	0.03490	0.01330	0.01330	0.00942	0.00665	0.00554	0.00166	0.00609	0.00499	0.00554	0.00942
46	0.02105	0.01551	0.01662	0.01274	0.01717	0.01717	0.01053	0.75235	0.02604	0.03490	0.01330	0.01330	0.00942	0.00665	0.00554	0.00166	0.00609	0.00499	0.00554	0.00942
47	0.00759	0.00544	0.00737	0.00854	0.00924	0.00528	0.00646	0.00913	0.01126	0.01486	0.02964	0.47466	0.04828	0.04165	0.03643	0.00269	0.00436	0.26745	0.00499	0.00469
48	0.01518	0.01731	0.01673	0.38772	0.09386	0.34662	0.01349	0.01786	0.01321	0.01424	0.00934	0.01260	0.00740	0.00556	0.00530	0.00165	0.00844	0.00434	0.00266	0.00650
49	0.01141	0.00950	0.04071	0.01102	0.01252	0.01025	0.03895	0.01341	0.01203	0.10262	0.21647	0.13027	0.06343	0.01070	0.01059	0.00206	0.28540	0.00818	0.00442	0.00607
50	0.00675	0.00482	0.00643	0.00771	0.00803	0.00450	0.00514	0.00771	0.01060	0.01414	0.03053	0.80175	0.03663	0.01735	0.00707	0.00225	0.00321	0.01574	0.00514	0.00450
51	0.01125	0.00999	0.01778	0.01410	0.01654	0.04882	0.30429	0.01227	0.01039	0.01359	0.01257	0.10480	0.01207	0.01248	0.01307	0.36482	0.00671	0.00668	0.00290	0.00488
52	0.01232	0.05891	0.27366	0.35232	0.05765	0.01281	0.03354	0.01717	0.03968	0.07380	0.01120	0.01391	0.00816	0.00553	0.00537	0.00176	0.00728	0.00468	0.00289	0.00737
53	0.01092	0.05063	0.65579	0.01462	0.02186	0.01244	0.01828	0.01707	0.03917	0.01733	0.01311	0.05542	0.03682	0.00629	0.00536	0.00177	0.00751	0.00503	0.00271	0.00785
54	0.00784	0.00553	0.00674	0.00732	0.00774	0.00545	0.00487	0.00910	0.03752	0.01323	0.02482	0.32334	0.04636	0.37355	0.01663	0.00367	0.00444	0.09327	0.00435	0.00421
55	0.01565	0.12595	0.05658	0.07380	0.14637	0.01400	0.09544	0.16042	0.05371	0.10889	0.01312	0.01552	0.01022	0.04948	0.03502	0.00211	0.00675	0.00515	0.00387	0.00794
56	0.01317	0.01151	0.04561	0.42882	0.24234	0.01215	0.01495	0.01714	0.04123	0.10206	0.01187	0.01504	0.00885	0.00558	0.00552	0.00177	0.00676	0.00502	0.00316	0.00745
57	0.01172	0.07789	0.05007	0.10623	0.07490	0.07076	0.00998	0.06764	0.01238	0.03402	0.01811	0.32574	0.01933	0.01063	0.00715	0.00194	0.08250	0.00892	0.00389	0.00621

[dist]
# distance from previous block
# <min> <max>
2	7

[block]
# block no. 5 follows, 43 sequences, length 33
# corresponding to MSA columns:
# 520-552
name=unknown_F
#
# <colnr> <probs for GDERKNQSTAVLIFYWHMCP>
#	G	D	E	R	K	N	Q	S	T	A	V	L	I	F	Y	W	H	M	C	P
0	0.01442	0.15402	0.02981	0.08912	0.12990	0.13744	0.08521	0.06578	0.06989	0.01715	0.01304	0.01912	0.01157	0.00689	0.00601	0.00174	0.04071	0.09764	0.00336	0.00718
1	0.00961	0.00693	0.00854	0.00822	0.00920	0.03523	0.03461	0.01086	0.01106	0.05284	0.12908	0.09210	0.02677	0.39188	0.01703	0.00365	0.00507	0.13839	0.00433	0.00460
2	0.01287	0.01180	0.04887	0.14909	0.23738	0.01160	0.09642	0.07148	0.06287	0.04951	0.10658	0.01990	0.01549	0.02308	0.00687	0.03336	0.00621	0.02553	0.00373	0.00735
3	0.01088	0.00887	0.01249	0.01116	0.01116	0.01153	0.00872	0.01064	0.00797	0.01174	0.00890	0.01567	0.00910	0.07168	0.02022	0.31796	0.43930	0.00507	0.00248	0.00448
4	0.01705	0.01353	0.01437	0.01193	0.01565	0.01531	0.00956	0.35500	0.42990	0.02845	0.01838	0.01735	0.01353	0.00712	0.00559	0.00178	0.00515	0.00569	0.00559	0.00906
5	0.00741	0.00540	0.00697	0.00709	0.00814	0.00497	0.00512	0.00944	0.01392	0.01923	0.49189	0.27031	0.10279	0.01334	0.00669	0.00190	0.00281	0.01186	0.00574	0.00497
6	0.00714	0.00558	0.00648	0.00638	0.00788	0.00491	0.00474	0.00906	0.01386	0.01818	0.37587	0.10283	0.39117	0.01305	0.00658	0.00184	0.00275	0.01123	0.00557	0.00491
7	0.01402	0.38688	0.01979	0.00896	0.01359	0.01464	0.00808	0.05089	0.01226	0.04841	0.00985	0.01105	0.00823	0.00474	0.00396	0.00109	0.00502	0.00339	0.03871	0.33642
8	0.01627	0.01241	0.01698	0.36391	0.02686	0.01406	0.04415	0.32539	0.01786	0.08918	0.01240	0.01451	0.00883	0.00608	0.00558	0.00176	0.00669	0.00507	0.00415	0.00786
9	0.00952	0.00488	0.00731	0.00731	0.00737	0.00493	0.00493	0.00737	0.00731	0.00981	0.00992	0.01712	0.00987	0.02054	0.06598	0.79057	0.00539	0.00488	0.00244	0.00255
10	0.01399	0.01458	0.01409	0.01230	0.01437	0.24262	0.03838	0.06926	0.01246	0.01531	0.01095	0.01511	0.00978	0.03822	0.23729	0.00391	0.15922	0.00482	0.00305	0.07030
11	0.04582	0.26493	0.04690	0.01110	0.01460	0.03188	0.04673	0.02039	0.29098	0.01784	0.01624	0.10887	0.01433	0.00754	0.00558	0.00170	0.03717	0.00604	0.00400	0.00737
12	0.01344	0.03128	0.01677	0.34211	0.02486	0.07091	0.01300	0.07193	0.01190	0.05399	0.00966	0.01343	0.00780	0.00715	0.00992	0.00198	0.28556	0.00479	0.00293	0.00658
13	0.01185	0.01138	0.07097	0.06642	0.01589	0.00834	0.00838	0.02647	0.01181	0.03600	0.01019	0.01195	0.00820	0.00440	0.00435	0.00100	0.00470	0.00355	0.00327	0.68087
14	0.78352	0.01080	0.00846	0.00758	0.01098	0.01252	0.00620	0.01724	0.06456	0.02473	0.00880	0.00985	0.00680	0.00532	0.00359	0.00173	0.00429	0.00324	0.00359	0.00620
15	0.00792	0.00589	0.00868	0.00868	0.00959	0.00680	0.00665	0.00975	0.00884	0.01269	0.01504	0.02287	0.01433	0.10042	0.72519	0.00863	0.01410	0.00610	0.00300	0.00482
16	0.00708	0.00555	0.00641	0.00637	0.00785	0.00488	0.00471	0.00892	0.01362	0.01775	0.33624	0.12749	0.40675	0.01330	0.00660	0.00186	0.00277	0.01145	0.00552	0.00488
17	0.01599	0.10721	0.17018	0.05018	0.20477	0.05603	0.06938	0.13031	0.01485	0.11137	0.01177	0.01326	0.00876	0.00552	0.00529	0.00164	0.00695	0.00467	0.00354	0.00831
18	0.02106	0.00934	0.01204	0.00953	0.01325	0.00855	0.00775	0.10658	0.01653	0.54282	0.08224	0.05129	0.05548	0.00794	0.00570	0.00173	0.00449	0.00654	0.02859	0.00855
19	0.00806	0.00581	0.00777	0.00809	0.00930	0.00552	0.00643	0.01046	0.01413	0.01937	0.43322	0.12537	0.05876	0.01331	0.00696	0.00206	0.00350	0.25113	0.00565	0.00510
20	0.06072	0.01048	0.01293	0.01021	0.01424	0.01014	0.00835	0.12036	0.11032	0.52895	0.04058	0.01851	0.01425	0.00695	0.00550	0.00173	0.00477	0.00558	0.00635	0.00907
21	0.05238	0.14764	0.07853	0.16600	0.10038	0.17899	0.07530	0.08026	0.01382	0.04248	0.01000	0.01220	0.00781	0.00540	0.00506	0.00160	0.00751	0.00433	0.00303	0.00729
22	0.00870	0.00755	0.01228	0.30458	0.02105	0.00822	0.06385	0.01104	0.01111	0.01453	0.02199	0.39450	0.04409	0.01178	0.00646	0.00207	0.00530	0.04156	0.00396	0.00537
23	0.00714	0.00561	0.00645	0.00629	0.00786	0.00492	0.00470	0.00909	0.01396	0.01825	0.38053	0.06803	0.42165	0.01288	0.00655	0.00182	0.00273	0.01103	0.00558	0.00492
24	0.01490	0.01218	0.04728	0.14161	0.21292	0.02701	0.09647	0.05297	0.07119	0.15875	0.01563	0.08187	0.01279	0.00692	0.00580	0.00180	0.00630	0.02169	0.00406	0.00786
25	0.01113	0.05356	0.15342	0.07941	0.12836	0.01085	0.10952	0.01467	0.02740	0.04466	0.02000	0.12315	0.11030	0.00985	0.03946	0.00215	0.02591	0.02583	0.00353	0.00681
26	0.32233	0.01909	0.35478	0.07323	0.02062	0.01277	0.08969	0.01683	0.01094	0.02003	0.00923	0.01126	0.00681	0.00518	0.00473	0.00176	0.00679	0.00400	0.00280	0.00714
27	0.00688	0.00492	0.00654	0.00762	0.00806	0.00459	0.00515	0.00804	0.01121	0.01510	0.11846	0.71107	0.03849	0.01663	0.00700	0.00219	0.00314	0.01506	0.00526	0.00459
28	0.01383	0.14393	0.28097	0.05355	0.03061	0.02872	0.11559	0.01775	0.01260	0.13399	0.04376	0.07506	0.01242	0.00654	0.00542	0.00171	0.00681	0.00566	0.00350	0.00757
29	0.01662	0.05695	0.14745	0.01665	0.02213	0.01439	0.28685	0.22992	0.01683	0.11791	0.01276	0.01412	0.00907	0.00561	0.00577	0.00174	0.00746	0.00539	0.00400	0.00838
30	0.00776	0.00540	0.00683	0.00709	0.00740	0.00558	0.00460	0.00844	0.00878	0.01195	0.01943	0.18656	0.02189	0.45727	0.21147	0.00562	0.00729	0.00907	0.00362	0.00398
31	0.01792	0.06012	0.01407	0.01060	0.01457	0.07117	0.00857	0.09371	0.24362	0.24197	0.01734	0.01635	0.01244	0.00636	0.00517	0.00155	0.00512	0.00503	0.00517	0.14914
32	0.01288	0.16116	0.18877	0.01272	0.05548	0.01224	0.06667	0.01659	0.02801	0.05053	0.01041	0.01195	0.00821	0.00476	0.00461	0.00128	0.00590	0.00390	0.00305	0.34090

[dist]
# distance from previous block
# <min> <max>
2	13

[block]
# block no. 6 follows, 43 sequences, length 18
# corresponding to MSA columns:
# 566-583
name=unknown_G
#
# <colnr> <probs for GDERKNQSTAVLIFYWHMCP>
#	G	D	E	R	K	N	Q	S	T	A	V	L	I	F	Y	W	H	M	C	P
0	0.09295	0.23260	0.11344	0.01316	0.07750	0.02959	0.05086	0.08605	0.01285	0.03786	0.01207	0.01357	0.04481	0.00589	0.00556	0.00153	0.06097	0.00437	0.02460	0.07976
1	0.10876	0.03663	0.05089	0.10825	0.30646	0.03545	0.01251	0.01716	0.05716	0.03777	0.01079	0.01305	0.00862	0.00510	0.00491	0.00151	0.00589	0.00434	0.00315	0.17159
2	0.01028	0.00725	0.01008	0.06915	0.08248	0.00699	0.00745	0.01309	0.03779	0.09097	0.36993	0.14470	0.07795	0.01053	0.00623	0.00179	0.00375	0.00932	0.00527	0.03500
3	0.00977	0.00875	0.01191	0.01037	0.01170	0.01015	0.04789	0.01263	0.06200	0.01738	0.23946	0.03051	0.18639	0.01058	0.01035	0.00200	0.27301	0.00802	0.03137	0.00575
4	0.00722	0.00556	0.00659	0.00649	0.00793	0.00494	0.00481	0.00919	0.01397	0.01854	0.41257	0.11837	0.33787	0.01298	0.00659	0.00184	0.00275	0.01123	0.00562	0.00494
5	0.00771	0.00552	0.00750	0.00857	0.00937	0.00530	0.00659	0.00949	0.01206	0.01608	0.12256	0.42487	0.03678	0.01581	0.00722	0.00230	0.00386	0.28835	0.00525	0.00482
6	0.00805	0.00537	0.00604	0.00604	0.00604	0.00537	0.00336	0.00805	0.00805	0.01074	0.01745	0.03624	0.02013	0.80536	0.02819	0.00537	0.00537	0.00805	0.00336	0.00336
7	0.02036	0.01517	0.01623	0.01260	0.01691	0.01685	0.01036	0.68369	0.09582	0.03379	0.01417	0.01400	0.01013	0.00673	0.00555	0.00168	0.00593	0.00511	0.00555	0.00936
8	0.02485	0.00943	0.01285	0.00985	0.01414	0.00814	0.00814	0.02699	0.01585	0.77465	0.02185	0.01885	0.01371	0.00685	0.00557	0.00171	0.00471	0.00557	0.00685	0.00943
9	0.01212	0.01212	0.01696	0.01454	0.01454	0.01696	0.01212	0.01333	0.00848	0.01333	0.00727	0.01212	0.00727	0.00969	0.01818	0.00242	0.79523	0.00485	0.00242	0.00606
10	0.42765	0.01314	0.01243	0.01005	0.01398	0.01483	0.00829	0.38889	0.01784	0.02994	0.01054	0.01117	0.00773	0.00590	0.00450	0.00169	0.00520	0.00400	0.00450	0.00773
11	0.00770	0.00556	0.00728	0.00706	0.00824	0.00514	0.00522	0.01011	0.01505	0.02121	0.67632	0.13580	0.05032	0.01207	0.00660	0.00180	0.00269	0.01073	0.00598	0.00514
12	0.01148	0.00984	0.01148	0.00820	0.01312	0.00738	0.00656	0.01395	0.01148	0.01805	0.00984	0.01148	0.00820	0.00410	0.00410	0.00082	0.00410	0.00328	0.00328	0.83922
13	0.01092	0.00962	0.04227	0.04185	0.07689	0.00885	0.15980	0.01407	0.01299	0.05403	0.07002	0.06309	0.02412	0.01102	0.00690	0.00219	0.00603	0.37472	0.00441	0.00622
14	0.01708	0.01464	0.01926	0.06570	0.36379	0.05170	0.01377	0.33948	0.01856	0.02503	0.01156	0.01341	0.00890	0.00576	0.00549	0.00165	0.00657	0.00489	0.00396	0.00880
15	0.00865	0.00661	0.00881	0.00848	0.00987	0.00718	0.00653	0.01265	0.10962	0.01772	0.29873	0.02898	0.02867	0.02574	0.39003	0.00529	0.00888	0.00751	0.00449	0.00555
16	0.00724	0.00564	0.00658	0.00634	0.00791	0.00497	0.00476	0.00930	0.01427	0.01886	0.43915	0.04688	0.38308	0.01257	0.00654	0.00180	0.00270	0.01079	0.00566	0.00497
17	0.01109	0.09625	0.31119	0.01297	0.04333	0.07436	0.01312	0.01478	0.01091	0.01494	0.01155	0.01531	0.00979	0.01953	0.31171	0.00448	0.01067	0.00469	0.00265	0.00668

[dist]
# distance from previous block
# <min> <max>
0	1

[block]
# block no. 7 follows, 43 sequences, length 21
# corresponding to MSA columns:
# 585-605
name=unknown_H
#
# <colnr> <probs for GDERKNQSTAVLIFYWHMCP>
#	G	D	E	R	K	N	Q	S	T	A	V	L	I	F	Y	W	H	M	C	P
0	0.01818	0.01327	0.01709	0.04908	0.32346	0.12419	0.01244	0.02077	0.01414	0.27972	0.01526	0.01801	0.01163	0.00638	0.00558	0.00170	0.00637	0.05010	0.00432	0.00833
1	0.84448	0.01071	0.00814	0.00728	0.01071	0.01242	0.00600	0.01628	0.00943	0.02485	0.00771	0.00900	0.00600	0.00514	0.00343	0.00171	0.00428	0.00300	0.00343	0.00600
2	0.01481	0.80869	0.02902	0.00948	0.01421	0.02191	0.00948	0.01658	0.01125	0.01303	0.00770	0.00888	0.00711	0.00474	0.00355	0.00118	0.00592	0.00296	0.00237	0.00711
3	0.01333	0.01088	0.01365	0.01003	0.01467	0.00941	0.05303	0.09486	0.02858	0.05595	0.01103	0.01246	0.00875	0.00484	0.00509	0.00111	0.03716	0.00390	0.00368	0.60759
4	0.00791	0.00593	0.00890	0.00890	0.00989	0.00692	0.00692	0.00989	0.00890	0.01286	0.01483	0.02176	0.01385	0.04154	0.78341	0.00890	0.01483	0.00593	0.00297	0.00494
5	0.01221	0.01200	0.02110	0.01864	0.13699	0.01175	0.30602	0.01825	0.15710	0.01971	0.15725	0.02067	0.01843	0.00649	0.00605	0.00175	0.00635	0.00670	0.00399	0.05857
6	0.04772	0.03627	0.06944	0.10514	0.25604	0.14342	0.07639	0.01964	0.04548	0.12946	0.01212	0.01392	0.00913	0.00553	0.00537	0.00167	0.00711	0.00481	0.00346	0.00788
7	0.01211	0.02077	0.36157	0.01919	0.02543	0.01377	0.35949	0.01725	0.01204	0.01725	0.01029	0.01324	0.00768	0.00539	0.00703	0.00187	0.08012	0.00530	0.00256	0.00766
8	0.00675	0.00565	0.00590	0.00594	0.00774	0.00480	0.00452	0.00829	0.01282	0.01549	0.09838	0.05306	0.68528	0.01393	0.00660	0.00190	0.00292	0.05010	0.00520	0.00473
9	0.01641	0.01472	0.19184	0.01396	0.03617	0.01053	0.14028	0.03468	0.05993	0.29342	0.03609	0.02094	0.06005	0.00701	0.00584	0.00180	0.00622	0.03724	0.00471	0.00817
10	0.01814	0.05710	0.18276	0.01515	0.08154	0.01323	0.08169	0.20548	0.03208	0.23575	0.01445	0.01463	0.01000	0.00600	0.00548	0.00169	0.00646	0.00502	0.00457	0.00878
11	0.01247	0.00891	0.00927	0.00849	0.01082	0.00991	0.00656	0.05143	0.38203	0.02248	0.02008	0.02035	0.01534	0.00698	0.00481	0.00160	0.00361	0.00570	0.39205	0.00712
12	0.01249	0.00785	0.00959	0.00830	0.01056	0.00767	0.00644	0.10978	0.05709	0.14188	0.44541	0.03350	0.07570	0.04027	0.00703	0.00188	0.00361	0.00847	0.00596	0.00652
13	0.06554	0.20670	0.29494	0.06678	0.09865	0.04053	0.01430	0.01837	0.01219	0.11737	0.01085	0.01217	0.00808	0.00534	0.00482	0.00159	0.00679	0.00408	0.00308	0.00783
14	0.08127	0.00899	0.01322	0.26402	0.10226	0.01004	0.01071	0.01441	0.01148	0.11061	0.03348	0.22142	0.01688	0.00915	0.00674	0.00194	0.06533	0.00779	0.00390	0.00637
15	0.00721	0.00564	0.00653	0.00631	0.00789	0.00496	0.00473	0.00924	0.01420	0.01870	0.42316	0.04715	0.39918	0.01263	0.00654	0.00180	0.00271	0.01083	0.00563	0.00496
16	0.06551	0.00993	0.01256	0.01216	0.05410	0.01036	0.03159	0.15783	0.09402	0.10794	0.02227	0.03618	0.03345	0.01034	0.00637	0.00208	0.00529	0.31577	0.00514	0.00712
17	0.04548	0.06414	0.23930	0.05030	0.20793	0.04580	0.08378	0.01917	0.01288	0.16082	0.01216	0.01364	0.00884	0.00542	0.00533	0.00168	0.00701	0.00472	0.00341	0.00820
18	0.01328	0.01528	0.19131	0.07296	0.12391	0.03540	0.06384	0.03553	0.04081	0.10176	0.01444	0.12422	0.01276	0.00784	0.00756	0.00191	0.11980	0.00643	0.00357	0.00739
19	0.00748	0.00554	0.00716	0.00788	0.00867	0.00540	0.00558	0.00973	0.05670	0.01598	0.14494	0.52879	0.06780	0.01710	0.05500	0.00255	0.00396	0.03963	0.00518	0.00493
20	0.10374	0.07567	0.01476	0.10627	0.05426	0.07487	0.02441	0.03628	0.04488	0.15009	0.01239	0.01374	0.00939	0.00731	0.04629	0.00184	0.00612	0.00431	0.00382	0.20956

[dist]
# distance from previous block
# <min> <max>
0	55

[block]
# block no. 8 follows, 43 sequences, length 12
# corresponding to MSA columns:
# 661-672
name=unknown_I
#
# <colnr> <probs for GDERKNQSTAVLIFYWHMCP>
#	G	D	E	R	K	N	Q	S	T	A	V	L	I	F	Y	W	H	M	C	P
0	0.17940	0.11303	0.11230	0.02874	0.06879	0.01156	0.03973	0.01537	0.06261	0.01851	0.05056	0.11829	0.05209	0.00745	0.00500	0.00165	0.00513	0.00614	0.00363	0.10002
1	0.21631	0.13210	0.07137	0.03219	0.16337	0.03261	0.03153	0.03534	0.05973	0.01965	0.06341	0.01383	0.01116	0.00572	0.00499	0.00158	0.02546	0.00443	0.00335	0.07189
2	0.01557	0.01557	0.01196	0.01074	0.01323	0.34719	0.00814	0.01813	0.04942	0.09330	0.26054	0.05591	0.02436	0.00818	0.00564	0.00159	0.00623	0.00652	0.00456	0.04323
3	0.01427	0.05837	0.03570	0.04901	0.09863	0.01262	0.08356	0.08478	0.23757	0.07053	0.01601	0.01858	0.01268	0.00649	0.00545	0.00166	0.00560	0.04971	0.00431	0.13450
4	0.01027	0.00917	0.01223	0.01089	0.01152	0.01159	0.00865	0.01262	0.05938	0.01541	0.16112	0.02408	0.05178	0.11463	0.08065	0.00316	0.38690	0.00675	0.00364	0.00557
5	0.00963	0.01050	0.07893	0.01168	0.05594	0.01053	0.00947	0.01170	0.01148	0.01589	0.14228	0.03020	0.26327	0.01070	0.01068	0.00203	0.29754	0.00783	0.00390	0.00582
6	0.00675	0.00482	0.00643	0.00771	0.00803	0.00450	0.00514	0.00771	0.01060	0.01414	0.03053	0.80175	0.03663	0.01735	0.00707	0.00225	0.00321	0.01574	0.00514	0.00450
7	0.02133	0.01385	0.01537	0.01184	0.01610	0.01486	0.00976	0.57637	0.02339	0.18051	0.01520	0.01472	0.01048	0.00668	0.00547	0.00166	0.00567	0.00511	0.04241	0.00923
8	0.00876	0.00528	0.00752	0.00752	0.00784	0.00560	0.00520	0.00824	0.00792	0.01088	0.01283	0.02223	0.01304	0.18091	0.26709	0.40901	0.00813	0.00581	0.00277	0.00341
9	0.01307	0.01494	0.03268	0.02334	0.02894	0.01401	0.75070	0.01774	0.01307	0.01774	0.01120	0.01494	0.00840	0.00467	0.00654	0.00187	0.00934	0.00654	0.00280	0.00747
10	0.02105	0.01551	0.01662	0.01274	0.01717	0.01717	0.01053	0.75235	0.02604	0.03490	0.01330	0.01330	0.00942	0.00665	0.00554	0.00166	0.00609	0.00499	0.00554	0.00942
11	0.01203	0.01144	0.01945	0.42597	0.39197	0.01272	0.01616	0.01553	0.01182	0.01605	0.01012	0.01425	0.00805	0.00525	0.00551	0.00175	0.00699	0.00493	0.00260	0.00742

[dist]
# distance from previous block
# <min> <max>
0	14

[block]
# block no. 9 follows, 43 sequences, length 20
# corresponding to MSA columns:
# 687-706
name=unknown_J
#
# <colnr> <probs for GDERKNQSTAVLIFYWHMCP>
#	G	D	E	R	K	N	Q	S	T	A	V	L	I	F	Y	W	H	M	C	P
0	0.00784	0.00566	0.00740	0.00697	0.00827	0.00523	0.00523	0.01045	0.01568	0.02221	0.76789	0.04137	0.05226	0.01132	0.00653	0.00174	0.00261	0.01002	0.00610	0.00523
1	0.84448	0.01071	0.00814	0.00728	0.01071	0.01242	0.00600	0.01628	0.00943	0.02485	0.00771	0.00900	0.00600	0.00514	0.00343	0.00171	0.00428	0.00300	0.00343	0.00600
2	0.00973	0.00788	0.01000	0.00834	0.01125	0.00704	0.00648	0.01181	0.01015	0.01534	0.01249	0.01759	0.01144	0.07769	0.33361	0.00455	0.00871	0.00474	0.00315	0.42799
3	0.00706	0.00528	0.00657	0.00709	0.00807	0.00479	0.00505	0.00862	0.01252	0.01660	0.23736	0.39740	0.21261	0.01487	0.00682	0.00203	0.00301	0.03408	0.00540	0.00476
