[name]
unknown

[dist]
# distance from previous block
# <min> <max>
0	108

[block]
# block no. 0 follows, 46 sequences, length 36
# corresponding to MSA columns:
# 114-120,124-152
name=unknown_A
#
# <colnr> <probs for GDERKNQSTAVLIFYWHMCP>
#	G	D	E	R	K	N	Q	S	T	A	V	L	I	F	Y	W	H	M	C	P
0	0.19096	0.08972	0.21897	0.06540	0.01700	0.01286	0.01123	0.14170	0.05599	0.05925	0.03155	0.01376	0.03617	0.00580	0.00464	0.00159	0.00565	0.00435	0.00358	0.02984
1	0.12915	0.23145	0.27852	0.02270	0.04155	0.01402	0.02410	0.06035	0.01157	0.01741	0.02401	0.01232	0.00848	0.00687	0.04250	0.00182	0.00652	0.01908	0.00278	0.04481
2	0.04330	0.32473	0.27720	0.01110	0.01655	0.01490	0.01210	0.03256	0.05722	0.09061	0.01048	0.01124	0.00801	0.00505	0.00431	0.00140	0.00600	0.00368	0.00301	0.06654
3	0.03550	0.07658	0.04699	0.00780	0.00937	0.00729	0.00636	0.01019	0.01083	0.01512	0.19439	0.12179	0.05807	0.14021	0.17673	0.00372	0.00622	0.06397	0.00400	0.00486
4	0.00714	0.00522	0.00677	0.00715	0.00814	0.00485	0.00532	0.00899	0.01270	0.01724	0.35827	0.29947	0.11690	0.01347	0.00654	0.00194	0.00301	0.10689	0.00530	0.00469
5	0.01357	0.32171	0.01798	0.00881	0.01337	0.01341	0.00779	0.09399	0.01248	0.04219	0.00933	0.01042	0.00772	0.00449	0.00390	0.00103	0.00481	0.00326	0.00314	0.40660
6	0.01329	0.05775	0.40664	0.06285	0.02038	0.01116	0.05746	0.01767	0.01188	0.15662	0.01151	0.01261	0.00813	0.00510	0.00493	0.00153	0.00657	0.00419	0.00318	0.12657
7	0.01310	0.12916	0.08431	0.06339	0.54997	0.03860	0.01520	0.01624	0.01181	0.01622	0.00945	0.01220	0.00790	0.00476	0.00494	0.00152	0.00646	0.00433	0.00253	0.00791
8	0.00930	0.06427	0.01135	0.00972	0.01143	0.00834	0.07191	0.03845	0.14249	0.01607	0.02404	0.46085	0.02614	0.01254	0.00623	0.00199	0.00419	0.07048	0.00462	0.00562
9	0.01721	0.01492	0.07787	0.01254	0.01680	0.01510	0.04713	0.48176	0.21107	0.02836	0.01456	0.01441	0.01056	0.00635	0.00534	0.00166	0.00572	0.00507	0.00494	0.00865
10	0.01432	0.01156	0.04233	0.35232	0.16373	0.01205	0.05823	0.12424	0.01374	0.13811	0.01184	0.01423	0.00856	0.00547	0.00533	0.00168	0.00647	0.00487	0.00349	0.00740
11	0.01255	0.01183	0.01981	0.22897	0.56121	0.01250	0.01559	0.04382	0.01215	0.01691	0.00991	0.01333	0.00806	0.00492	0.00525	0.00162	0.00646	0.00471	0.00265	0.00776
12	0.00868	0.00744	0.00770	0.00727	0.00946	0.00750	0.00556	0.01478	0.27587	0.01722	0.06592	0.03969	0.49058	0.01115	0.00595	0.00178	0.00319	0.00931	0.00510	0.00584
13	0.00704	0.00619	0.04524	0.00807	0.00901	0.00515	0.03412	0.00840	0.01045	0.01408	0.07974	0.60568	0.04957	0.08081	0.00826	0.00231	0.00364	0.01307	0.00462	0.00454
14	0.01838	0.08964	0.14911	0.01276	0.05731	0.11301	0.03122	0.07966	0.05150	0.32302	0.01454	0.01415	0.01003	0.00581	0.00504	0.00156	0.00613	0.00458	0.00444	0.00810
15	0.00777	0.00599	0.00910	0.00931	0.01045	0.00573	0.06752	0.00968	0.01158	0.01547	0.11431	0.39716	0.03295	0.01424	0.00684	0.00216	0.00410	0.26604	0.00482	0.00480
16	0.02312	0.00995	0.01286	0.00986	0.01397	0.00918	0.00814	0.14674	0.01673	0.66166	0.01952	0.01712	0.01241	0.00651	0.00531	0.00163	0.00471	0.00523	0.00634	0.00900
17	0.01175	0.01118	0.01700	0.51397	0.18766	0.04586	0.01435	0.05937	0.01177	0.01541	0.00951	0.01346	0.00742	0.00547	0.00597	0.00173	0.05430	0.00464	0.00259	0.00658
18	0.01473	0.04489	0.29654	0.06255	0.02217	0.01163	0.22182	0.01899	0.01254	0.22286	0.01280	0.01394	0.00881	0.00527	0.00540	0.00168	0.00711	0.00494	0.00352	0.00779
19	0.01248	0.01426	0.03119	0.02228	0.02763	0.01337	0.76203	0.01693	0.01248	0.01693	0.01070	0.01426	0.00802	0.00446	0.00624	0.00178	0.00891	0.00624	0.00267	0.00713
20	0.01291	0.01220	0.02474	0.15894	0.02638	0.01190	0.49414	0.01674	0.01233	0.09978	0.01281	0.04432	0.01011	0.00561	0.00602	0.00180	0.00775	0.03139	0.00319	0.00693
21	0.04754	0.04664	0.13675	0.03027	0.01576	0.00986	0.07057	0.07891	0.01387	0.29661	0.05183	0.08629	0.03273	0.00761	0.00548	0.00173	0.00536	0.05003	0.00473	0.00744
22	0.01106	0.12980	0.68837	0.01429	0.02167	0.01340	0.01817	0.01662	0.01111	0.01618	0.00921	0.01081	0.00671	0.00496	0.00481	0.00160	0.00753	0.00377	0.00224	0.00768
23	0.00956	0.01936	0.48915	0.01273	0.01821	0.00988	0.05069	0.01421	0.01182	0.01693	0.12140	0.06732	0.07519	0.00770	0.00558	0.00176	0.00628	0.05220	0.00327	0.00675
24	0.01445	0.04316	0.28537	0.05678	0.04774	0.01186	0.15444	0.08993	0.01346	0.17089	0.01319	0.05245	0.00990	0.00590	0.00539	0.00168	0.00677	0.00529	0.00362	0.00775
25	0.05570	0.04715	0.11044	0.14897	0.01995	0.03787	0.10029	0.07062	0.02583	0.22318	0.03090	0.03852	0.02910	0.00647	0.00533	0.00169	0.00605	0.03056	0.00409	0.00727
26	0.03050	0.01428	0.16564	0.19771	0.02077	0.07706	0.03736	0.09744	0.01307	0.09969	0.01403	0.09753	0.02642	0.00805	0.03530	0.00193	0.00662	0.00569	0.00354	0.04738
27	0.04330	0.04411	0.30991	0.04053	0.01792	0.03587	0.09467	0.01500	0.01113	0.07125	0.02587	0.07935	0.04434	0.05717	0.05248	0.00232	0.03923	0.00583	0.00313	0.00658
28	0.01351	0.06999	0.13199	0.05838	0.05529	0.12354	0.07470	0.04285	0.01306	0.10384	0.11481	0.02092	0.01604	0.04775	0.01710	0.00192	0.02153	0.06245	0.00371	0.00662
29	0.01242	0.07003	0.05652	0.16396	0.24274	0.04485	0.07446	0.01591	0.04857	0.06886	0.03814	0.11399	0.01320	0.00675	0.00540	0.00168	0.00606	0.00615	0.00333	0.00699
30	0.05450	0.04381	0.08911	0.08991	0.10484	0.07684	0.08818	0.09922	0.02476	0.06423	0.05814	0.02012	0.09202	0.00698	0.00578	0.00169	0.03219	0.03719	0.00367	0.00685
31	0.05871	0.01307	0.08129	0.06575	0.12745	0.07157	0.13300	0.06547	0.07741	0.03401	0.05437	0.04998	0.03849	0.00740	0.00609	0.02114	0.01729	0.06712	0.00362	0.00678
32	0.05972	0.06129	0.09897	0.15806	0.02015	0.03742	0.10148	0.08619	0.07388	0.11912	0.01308	0.03450	0.01029	0.03679	0.00627	0.00179	0.02451	0.01720	0.00366	0.03564
33	0.03866	0.10065	0.01756	0.11133	0.03443	0.13724	0.13018	0.06270	0.01354	0.19262	0.02750	0.01587	0.03920	0.03192	0.00583	0.00167	0.00647	0.00503	0.00382	0.02377
34	0.03129	0.07987	0.11388	0.11485	0.12535	0.04043	0.12092	0.13427	0.09279	0.03774	0.01173	0.02499	0.00909	0.00558	0.00536	0.00163	0.01856	0.00487	0.00337	0.02343
35	0.01532	0.06909	0.06939	0.08813	0.04280	0.05915	0.10598	0.09147	0.01421	0.19959	0.10099	0.02928	0.01420	0.00621	0.00526	0.00156	0.00582	0.00538	0.00419	0.07199

[dist]
# distance from previous block
# <min> <max>
13	70

[block]
# block no. 1 follows, 46 sequences, length 6
# corresponding to MSA columns:
# 260-265
name=unknown_B
#
# <colnr> <probs for GDERKNQSTAVLIFYWHMCP>
#	G	D	E	R	K	N	Q	S	T	A	V	L	I	F	Y	W	H	M	C	P
0	0.12311	0.28523	0.01966	0.05769	0.01645	0.18111	0.08701	0.09018	0.01324	0.01712	0.05612	0.01197	0.00967	0.00537	0.00444	0.00143	0.00652	0.00402	0.00306	0.00660
1	0.22667	0.33324	0.18839	0.01150	0.04393	0.05645	0.04289	0.01629	0.01073	0.01665	0.00810	0.00957	0.00661	0.00478	0.00398	0.00143	0.00609	0.00332	0.00257	0.00678
2	0.52208	0.21373	0.12473	0.00864	0.01288	0.01418	0.00854	0.01579	0.00974	0.01991	0.00766	0.00893	0.00613	0.00483	0.00355	0.00152	0.00501	0.00300	0.00287	0.00629
3	0.00885	0.10237	0.06339	0.00843	0.01021	0.00859	0.00706	0.01136	0.04963	0.01339	0.07210	0.02285	0.01618	0.18630	0.39002	0.00561	0.00948	0.00594	0.00316	0.00508
4	0.01098	0.10947	0.01070	0.00750	0.00980	0.00812	0.00607	0.06954	0.01477	0.10806	0.42895	0.03271	0.14379	0.00956	0.00570	0.00160	0.00341	0.00809	0.00528	0.00591
5	0.01256	0.04269	0.34996	0.01498	0.11322	0.08926	0.01395	0.04724	0.09653	0.04468	0.05922	0.01678	0.06352	0.00626	0.00519	0.00163	0.00647	0.00506	0.00334	0.00744

[dist]
# distance from previous block
# <min> <max>
1	12

[block]
# block no. 2 follows, 46 sequences, length 8
# corresponding to MSA columns:
# 301-308
name=unknown_C
#
# <colnr> <probs for GDERKNQSTAVLIFYWHMCP>
#	G	D	E	R	K	N	Q	S	T	A	V	L	I	F	Y	W	H	M	C	P
0	0.22591	0.04549	0.24064	0.01370	0.10983	0.01180	0.03072	0.01898	0.07680	0.15989	0.01208	0.01272	0.00868	0.00539	0.00466	0.00164	0.00571	0.00420	0.00362	0.00756
1	0.00660	0.00499	0.00613	0.00690	0.00777	0.00452	0.00492	0.00784	0.01112	0.01431	0.07491	0.48073	0.26247	0.01515	0.00661	0.00203	0.00306	0.07055	0.00495	0.00443
2	0.06835	0.16422	0.01455	0.00937	0.01276	0.01374	0.00789	0.28758	0.11785	0.04684	0.01377	0.01428	0.01045	0.00598	0.00446	0.00145	0.00468	0.00449	0.18988	0.00738
3	0.01325	0.09113	0.36473	0.01146	0.01728	0.01072	0.01275	0.01721	0.01198	0.15638	0.04761	0.01345	0.01016	0.00528	0.00473	0.00142	0.00588	0.00416	0.00339	0.19704
4	0.06767	0.12915	0.32856	0.01175	0.01724	0.01291	0.01276	0.11762	0.04507	0.15464	0.01382	0.01404	0.04051	0.00583	0.00484	0.00159	0.00606	0.00444	0.00371	0.00779
5	0.08472	0.39625	0.27691	0.01235	0.01795	0.01643	0.09761	0.01623	0.01093	0.01534	0.00844	0.01003	0.00680	0.00471	0.00424	0.00143	0.00660	0.00357	0.00239	0.00707
6	0.01235	0.07969	0.53964	0.01382	0.02008	0.01324	0.01632	0.05981	0.05267	0.06088	0.01060	0.01194	0.00772	0.00561	0.00598	0.00169	0.07325	0.00413	0.00283	0.00773
7	0.01401	0.01493	0.24871	0.18110	0.06839	0.01056	0.06677	0.01783	0.01202	0.22191	0.01303	0.01478	0.00924	0.00840	0.07297	0.00227	0.00729	0.00482	0.00352	0.00744

[dist]
# distance from previous block
# <min> <max>
0	11

[block]
# block no. 3 follows, 46 sequences, length 8
# corresponding to MSA columns:
# 326-333
name=unknown_D
#
# <colnr> <probs for GDERKNQSTAVLIFYWHMCP>
#	G	D	E	R	K	N	Q	S	T	A	V	L	I	F	Y	W	H	M	C	P
0	0.01062	0.00597	0.00754	0.00719	0.00893	0.00528	0.00536	0.01220	0.01270	0.19515	0.17425	0.28479	0.22471	0.01232	0.00619	0.00184	0.00319	0.01074	0.00546	0.00557
1	0.00696	0.00505	0.00641	0.00674	0.00754	0.00467	0.00470	0.00849	0.01207	0.01645	0.33885	0.35298	0.10828	0.08594	0.00831	0.00218	0.00298	0.01176	0.00513	0.00450
2	0.06056	0.07511	0.06182	0.01242	0.08013	0.08205	0.00981	0.14808	0.01563	0.37904	0.01501	0.01431	0.01019	0.00593	0.00499	0.00156	0.00560	0.00460	0.00490	0.00828
3	0.01757	0.01390	0.01514	0.08562	0.11364	0.17678	0.03384	0.15541	0.03917	0.20443	0.01463	0.04978	0.01148	0.00666	0.00536	0.00164	0.00634	0.03671	0.00433	0.00757
4	0.00767	0.00527	0.00651	0.00704	0.00739	0.00521	0.00483	0.00844	0.00924	0.01222	0.02174	0.18244	0.02486	0.47105	0.01838	0.00392	0.00469	0.19138	0.00393	0.00381
5	0.00919	0.00722	0.00851	0.00919	0.01038	0.04509	0.00737	0.03431	0.06235	0.01563	0.02541	0.22108	0.02774	0.08204	0.00853	0.00248	0.00469	0.40910	0.00468	0.00502
6	0.16763	0.04878	0.01247	0.00976	0.01301	0.11009	0.05508	0.05371	0.01326	0.18713	0.07409	0.03516	0.08007	0.00731	0.00505	0.00160	0.00512	0.05382	0.00439	0.06246
7	0.41142	0.00977	0.00975	0.00868	0.03957	0.01019	0.00664	0.06315	0.04876	0.07316	0.11531	0.01482	0.01344	0.00585	0.00423	0.00149	0.00406	0.00433	0.00402	0.15136

[dist]
# distance from previous block
# <min> <max>
2	15

[block]
# block no. 4 follows, 46 sequences, length 20
# corresponding to MSA columns:
# 380-392,394-400
name=unknown_E
#
# <colnr> <probs for GDERKNQSTAVLIFYWHMCP>
#	G	D	E	R	K	N	Q	S	T	A	V	L	I	F	Y	W	H	M	C	P
0	0.07440	0.03447	0.45422	0.05882	0.02038	0.01164	0.03346	0.04068	0.03332	0.17129	0.01202	0.01282	0.00829	0.00541	0.00499	0.00166	0.00666	0.00428	0.00337	0.00780
1	0.15030	0.01019	0.01496	0.52980	0.10371	0.01214	0.01293	0.05540	0.03179	0.01688	0.00962	0.01316	0.00731	0.00527	0.00495	0.00171	0.00634	0.00443	0.00277	0.00633
2	0.01073	0.01061	0.01933	0.58543	0.09559	0.01213	0.16173	0.01440	0.01107	0.01449	0.00970	0.01404	0.00735	0.00508	0.00547	0.00175	0.00735	0.00500	0.00243	0.00632
3	0.01665	0.01650	0.01370	0.01196	0.01511	0.26502	0.00930	0.17164	0.37986	0.02138	0.01547	0.01505	0.01172	0.00645	0.00516	0.00161	0.00623	0.00491	0.00451	0.00777
4	0.00641	0.00473	0.00601	0.00703	0.00758	0.00432	0.00476	0.00740	0.01044	0.01363	0.03318	0.68492	0.15820	0.01604	0.00666	0.00209	0.00300	0.01439	0.00491	0.00432
5	0.02312	0.00996	0.01286	0.00986	0.01398	0.00920	0.00815	0.14796	0.01674	0.66043	0.01950	0.01712	0.01241	0.00651	0.00531	0.00163	0.00472	0.00522	0.00634	0.00900
6	0.01413	0.81739	0.02770	0.00905	0.01357	0.02092	0.00905	0.01583	0.01074	0.01244	0.00735	0.00848	0.00678	0.00452	0.00339	0.00113	0.00565	0.00283	0.00226	0.00678
7	0.00655	0.00518	0.00593	0.00639	0.00764	0.00456	0.00469	0.00791	0.01162	0.01454	0.08378	0.28718	0.45012	0.01433	0.00648	0.00194	0.00296	0.06877	0.00496	0.00447
8	0.00645	0.00536	0.00564	0.00557	0.00727	0.00455	0.00418	0.00798	0.01253	0.01543	0.17360	0.04899	0.65832	0.01296	0.00625	0.00176	0.00265	0.01089	0.00506	0.00455
9	0.14810	0.00684	0.00827	0.00903	0.01056	0.00716	0.00761	0.01209	0.04770	0.01715	0.02440	0.14093	0.02621	0.01288	0.00647	0.00224	0.00449	0.49813	0.00463	0.00511
10	0.04806	0.22525	0.36026	0.01355	0.01948	0.03793	0.10468	0.05869	0.01222	0.05921	0.00977	0.01116	0.00732	0.00499	0.00470	0.00153	0.00700	0.00398	0.00276	0.00746
11	0.01308	0.01256	0.02146	0.03245	0.78123	0.01256	0.01622	0.01622	0.01204	0.01727	0.00994	0.01308	0.00837	0.00471	0.00523	0.00157	0.00628	0.00471	0.00262	0.00837
12	0.00663	0.00544	0.00592	0.00619	0.00780	0.00472	0.00481	0.00813	0.01196	0.01449	0.04799	0.09376	0.61453	0.01376	0.00645	0.00191	0.00306	0.13301	0.00490	0.00452
13	0.06074	0.01204	0.10042	0.14398	0.04944	0.01139	0.10940	0.04796	0.01128	0.12157	0.01191	0.01645	0.00981	0.11654	0.02790	0.00241	0.13177	0.00521	0.00327	0.00651
14	0.01145	0.02580	0.71468	0.01498	0.02248	0.01205	0.04419	0.01729	0.01144	0.06269	0.01021	0.01168	0.00712	0.00509	0.00508	0.00168	0.00765	0.00407	0.00251	0.00786
15	0.01482	0.01203	0.02028	0.02827	0.62745	0.01180	0.04118	0.01783	0.01257	0.14438	0.01178	0.01394	0.00914	0.00500	0.00528	0.00159	0.00608	0.00486	0.00327	0.00843
16	0.01180	0.02417	0.63314	0.05784	0.02304	0.01219	0.05369	0.04541	0.01195	0.06314	0.01034	0.01194	0.00725	0.00515	0.00512	0.00168	0.00755	0.00418	0.00263	0.00779
17	0.03844	0.07577	0.08842	0.16212	0.04867	0.01130	0.04681	0.08596	0.01401	0.35379	0.01458	0.01479	0.00987	0.00577	0.00512	0.00162	0.00577	0.00478	0.00448	0.00792
18	0.12648	0.06072	0.08295	0.22126	0.02069	0.07040	0.03905	0.01859	0.04085	0.21750	0.01284	0.01473	0.00934	0.00584	0.00513	0.00166	0.01873	0.02243	0.00377	0.00703
19	0.08537	0.07301	0.23519	0.01293	0.06053	0.03393	0.06810	0.01801	0.01251	0.21319	0.05653	0.01822	0.03843	0.00642	0.00516	0.00166	0.00592	0.04359	0.00392	0.00737

[dist]
# distance from previous block
# <min> <max>
0	22

[block]
# block no. 5 follows, 46 sequences, length 25
# corresponding to MSA columns:
# 423-447
name=unknown_F
#
# <colnr> <probs for GDERKNQSTAVLIFYWHMCP>
#	G	D	E	R	K	N	Q	S	T	A	V	L	I	F	Y	W	H	M	C	P
0	0.04868	0.11391	0.18679	0.05224	0.01607	0.01043	0.03691	0.01586	0.02252	0.12708	0.06760	0.08201	0.01380	0.00651	0.00490	0.00149	0.00528	0.01624	0.00366	0.16802
1	0.05562	0.05606	0.15073	0.05484	0.01861	0.01114	0.17183	0.04491	0.04716	0.14674	0.04573	0.06369	0.01290	0.00655	0.00556	0.00168	0.01848	0.03125	0.00382	0.05271
2	0.14850	0.13950	0.14596	0.03904	0.04457	0.05750	0.03347	0.04774	0.01203	0.07121	0.07264	0.02866	0.01157	0.00683	0.02951	0.00171	0.01771	0.00447	0.00334	0.08406
3	0.05700	0.09704	0.05902	0.04720	0.01671	0.11881	0.08551	0.14806	0.09649	0.03732	0.01290	0.06704	0.01095	0.00652	0.00542	0.00158	0.03104	0.02236	0.00370	0.07533
4	0.12857	0.03821	0.09053	0.04706	0.11706	0.02148	0.11881	0.04371	0.13017	0.10115	0.01308	0.03611	0.01011	0.00566	0.00499	0.00160	0.00574	0.00495	0.00370	0.07728
5	0.00758	0.00579	0.00632	0.00678	0.00721	0.03741	0.00437	0.00818	0.00946	0.01215	0.02493	0.34267	0.09551	0.37208	0.01564	0.00342	0.00426	0.02827	0.00405	0.00391
6	0.01408	0.29066	0.01778	0.00934	0.01375	0.07613	0.00809	0.12295	0.01321	0.01755	0.00907	0.01024	0.00755	0.00460	0.00400	0.00107	0.00524	0.00328	0.00311	0.36831
7	0.01257	0.05471	0.11978	0.00920	0.01418	0.00886	0.00851	0.01595	0.04607	0.10073	0.01110	0.01202	0.00857	0.00454	0.00426	0.00106	0.00462	0.00359	0.00343	0.55622
8	0.01255	0.01201	0.02049	0.16548	0.65239	0.01242	0.01596	0.01575	0.01178	0.01662	0.00985	0.01326	0.00814	0.00481	0.00524	0.00160	0.00641	0.00471	0.00257	0.00794
9	0.00702	0.00535	0.00645	0.00626	0.00763	0.00478	0.00466	0.00904	0.01374	0.01849	0.49791	0.08408	0.29142	0.01197	0.00627	0.00173	0.00259	0.01038	0.00547	0.00478
10	0.00803	0.00619	0.00861	0.00758	0.00938	0.00558	0.06319	0.01034	0.01397	0.04291	0.49356	0.04004	0.24859	0.01090	0.00621	0.00171	0.00310	0.00962	0.00535	0.00513
11	0.01101	0.02477	0.64692	0.01739	0.09776	0.01240	0.08281	0.01671	0.01136	0.01681	0.00964	0.01162	0.00697	0.00494	0.00515	0.00167	0.00776	0.00419	0.00231	0.00781
12	0.01001	0.00596	0.00788	0.00708	0.00877	0.00542	0.00542	0.01244	0.01499	0.14032	0.66027	0.03614	0.04414	0.01014	0.00609	0.00166	0.00281	0.00890	0.00593	0.00561
13	0.00756	0.00563	0.00831	0.00831	0.00919	0.00651	0.00638	0.00932	0.00844	0.01214	0.01433	0.02169	0.01362	0.09155	0.74191	0.00827	0.01355	0.00580	0.00286	0.00462
14	0.05670	0.01214	0.01360	0.01145	0.01486	0.01368	0.04846	0.18331	0.51983	0.03910	0.01835	0.01735	0.01361	0.00673	0.00530	0.00174	0.00478	0.00556	0.00513	0.00831
15	0.40905	0.19535	0.07446	0.00938	0.01353	0.01446	0.02956	0.12732	0.01231	0.05923	0.00907	0.00999	0.00695	0.00511	0.00392	0.00152	0.00514	0.00343	0.00341	0.00681
16	0.00718	0.00549	0.00664	0.00664	0.00809	0.00496	0.00517	0.00922	0.01342	0.01774	0.38680	0.04695	0.32307	0.01238	0.00641	0.00183	0.00293	0.12498	0.00533	0.00477
17	0.66517	0.00957	0.00813	0.00714	0.01032	0.01062	0.00583	0.01602	0.01019	0.11213	0.05221	0.01357	0.04996	0.00586	0.00383	0.00165	0.00398	0.00394	0.00388	0.00600
18	0.03958	0.01145	0.01860	0.09343	0.48820	0.01128	0.04509	0.01640	0.01201	0.09009	0.01180	0.01416	0.02566	0.00504	0.00511	0.00153	0.00589	0.00475	0.00310	0.09684
19	0.00657	0.00515	0.00596	0.00637	0.00759	0.00455	0.00464	0.00796	0.01177	0.01491	0.12942	0.29685	0.41501	0.01418	0.00646	0.00192	0.00289	0.04829	0.00501	0.00449
20	0.00644	0.00460	0.00613	0.00736	0.00767	0.00429	0.00491	0.00736	0.01012	0.01350	0.02914	0.81076	0.03497	0.01656	0.00675	0.00215	0.00307	0.01503	0.00491	0.00429
21	0.01561	0.01401	0.06128	0.05866	0.08754	0.01393	0.22788	0.26266	0.04682	0.07999	0.01208	0.01377	0.00888	0.00580	0.00644	0.00172	0.06596	0.00521	0.00386	0.00791
22	0.05241	0.00974	0.01487	0.54829	0.02880	0.01228	0.01292	0.01443	0.06873	0.01451	0.01008	0.01418	0.00795	0.00756	0.04285	0.00215	0.12486	0.00474	0.00265	0.00599
23	0.00755	0.00566	0.00850	0.00850	0.00944	0.00661	0.00661	0.00944	0.00850	0.01227	0.01416	0.02077	0.01322	0.03965	0.79326	0.00850	0.01416	0.00566	0.00283	0.00472
24	0.01201	0.01071	0.01379	0.29621	0.05685	0.01262	0.01100	0.02230	0.46329	0.01880	0.01663	0.01740	0.01251	0.00638	0.00534	0.00177	0.00531	0.00546	0.00416	0.00747

[dist]
# distance from previous block
# <min> <max>
0	1

[block]
# block no. 6 follows, 46 sequences, length 100
# corresponding to MSA columns:
# 449-454,459-552
name=unknown_G
#
# <colnr> <probs for GDERKNQSTAVLIFYWHMCP>
#	G	D	E	R	K	N	Q	S	T	A	V	L	I	F	Y	W	H	M	C	P
0	0.02034	0.01212	0.01378	0.01067	0.01459	0.01269	0.00878	0.46658	0.02060	0.26770	0.01565	0.01497	0.01067	0.00639	0.00516	0.00157	0.00511	0.00495	0.07906	0.00864
1	0.85155	0.01022	0.00777	0.00695	0.01022	0.01186	0.00573	0.01554	0.00900	0.02372	0.00736	0.00859	0.00573	0.00491	0.00327	0.00164	0.00409	0.00286	0.00327	0.00573
2	0.01308	0.01256	0.02146	0.03245	0.78123	0.01256	0.01622	0.01622	0.01204	0.01727	0.00994	0.01308	0.00837	0.00471	0.00523	0.00157	0.00628	0.00471	0.00262	0.00837
3	0.00643	0.00463	0.00610	0.00728	0.00765	0.00430	0.00487	0.00737	0.01020	0.01353	0.03012	0.78005	0.06503	0.01643	0.00673	0.00213	0.00305	0.01487	0.00491	0.00430
4	0.01096	0.00940	0.01096	0.00783	0.01253	0.00705	0.00626	0.01331	0.01096	0.01723	0.00940	0.01096	0.00783	0.00392	0.00392	0.00078	0.00392	0.00313	0.00313	0.84653
5	0.01308	0.01256	0.02146	0.03245	0.78123	0.01256	0.01622	0.01622	0.01204	0.01727	0.00994	0.01308	0.00837	0.00471	0.00523	0.00157	0.00628	0.00471	0.00262	0.00837
6	0.02270	0.00877	0.01194	0.00923	0.01315	0.00760	0.00760	0.02478	0.01512	0.73720	0.06817	0.01934	0.01538	0.00681	0.00537	0.00164	0.00437	0.00558	0.00650	0.00875
7	0.00767	0.00515	0.00596	0.00611	0.00620	0.00514	0.00363	0.00787	0.00811	0.01079	0.01809	0.08141	0.02084	0.71777	0.02451	0.00478	0.00499	0.05420	0.00341	0.00337
8	0.01308	0.01256	0.02146	0.03245	0.78123	0.01256	0.01622	0.01622	0.01204	0.01727	0.00994	0.01308	0.00837	0.00471	0.00523	0.00157	0.00628	0.00471	0.00262	0.00837
9	0.00707	0.00543	0.00650	0.00634	0.00779	0.00485	0.00482	0.00912	0.01369	0.01824	0.45760	0.04502	0.32749	0.01202	0.00630	0.00175	0.00270	0.05309	0.00542	0.00478
10	0.00637	0.00523	0.00561	0.00579	0.00728	0.00447	0.00424	0.00771	0.01192	0.01463	0.09999	0.18165	0.59929	0.01376	0.00633	0.00184	0.00273	0.01172	0.00497	0.00447
11	0.01096	0.00940	0.01096	0.00783	0.01253	0.00705	0.00626	0.01331	0.01096	0.01723	0.00940	0.01096	0.00783	0.00392	0.00392	0.00078	0.00392	0.00313	0.00313	0.84653
12	0.07218	0.01328	0.01473	0.01144	0.01534	0.01454	0.00946	0.54006	0.02113	0.16704	0.01350	0.01333	0.00941	0.00646	0.00587	0.00164	0.05204	0.00473	0.00522	0.00860
13	0.00657	0.00469	0.00628	0.00751	0.00787	0.00441	0.00513	0.00759	0.01025	0.01364	0.02907	0.76385	0.03468	0.01644	0.00678	0.00216	0.00318	0.06066	0.00490	0.00433
14	0.01737	0.01536	0.11476	0.04566	0.06252	0.01458	0.03353	0.45579	0.07714	0.07467	0.01300	0.01346	0.00931	0.00612	0.00552	0.00164	0.02166	0.00481	0.00457	0.00851
15	0.06610	0.01605	0.04836	0.11242	0.01661	0.35498	0.00978	0.01583	0.01178	0.01365	0.01027	0.01375	0.00883	0.01638	0.25849	0.00374	0.01028	0.00429	0.00272	0.00570
16	0.00918	0.00459	0.00689	0.00689	0.00689	0.00459	0.00459	0.00689	0.00689	0.00918	0.00918	0.01607	0.00918	0.01837	0.02066	0.84619	0.00459	0.00459	0.00230	0.00230
17	0.01060	0.02735	0.78682	0.01507	0.02288	0.01228	0.01953	0.01674	0.01116	0.01674	0.00949	0.01116	0.00670	0.00502	0.00502	0.00167	0.00781	0.00391	0.00223	0.00781
18	0.01319	0.46289	0.28221	0.01204	0.01761	0.06263	0.05281	0.01650	0.01122	0.01415	0.00829	0.00975	0.00682	0.00474	0.00417	0.00136	0.00678	0.00341	0.00230	0.00711
19	0.00675	0.00533	0.00608	0.00599	0.00747	0.00466	0.00446	0.00852	0.01308	0.01697	0.33909	0.09382	0.44385	0.01256	0.00627	0.00176	0.00263	0.01077	0.00527	0.00466
20	0.00655	0.00468	0.00626	0.00749	0.00784	0.00439	0.00510	0.00755	0.01023	0.01362	0.02908	0.77142	0.03473	0.01646	0.00678	0.00216	0.00316	0.05330	0.00491	0.00432
21	0.06126	0.00529	0.00747	0.00742	0.00793	0.00570	0.00532	0.00826	0.00754	0.01110	0.01070	0.01714	0.01028	0.02448	0.27200	0.51975	0.00769	0.00483	0.00253	0.00330
22	0.00687	0.00511	0.00675	0.00775	0.00825	0.00499	0.00552	0.00800	0.01041	0.01378	0.02990	0.63775	0.08786	0.01581	0.00720	0.00216	0.03563	0.09702	0.00480	0.00443
23	0.01290	0.01109	0.01174	0.01058	0.01349	0.01279	0.00822	0.02729	0.73810	0.02207	0.05511	0.02060	0.01764	0.00733	0.00542	0.00179	0.00411	0.00614	0.00540	0.00822
24	0.06554	0.04544	0.04842	0.37400	0.02620	0.07685	0.08705	0.11337	0.06727	0.03022	0.01070	0.01333	0.00802	0.00544	0.00513	0.00167	0.00682	0.00463	0.00313	0.00676
25	0.01096	0.00940	0.01096	0.00783	0.01253	0.00705	0.00626	0.01331	0.01096	0.01723	0.00940	0.01096	0.00783	0.00392	0.00392	0.00078	0.00392	0.00313	0.00313	0.84653
26	0.01366	0.62644	0.17682	0.01032	0.01541	0.01878	0.01112	0.01623	0.01090	0.03462	0.00814	0.00932	0.00694	0.00475	0.00399	0.00127	0.01874	0.00314	0.00237	0.00703
27	0.01266	0.01515	0.19922	0.04310	0.41419	0.01157	0.04677	0.03661	0.01219	0.06508	0.01234	0.08468	0.01063	0.00601	0.00537	0.00166	0.00636	0.00555	0.00305	0.00782
28	0.00918	0.00459	0.00689	0.00689	0.00689	0.00459	0.00459	0.00689	0.00689	0.00918	0.00918	0.01607	0.00918	0.01837	0.02066	0.84619	0.00459	0.00459	0.00230	0.00230
29	0.01800	0.01377	0.01468	0.01174	0.01560	0.01541	0.00954	0.54164	0.25024	0.02994	0.01536	0.01481	0.01115	0.00660	0.00532	0.00165	0.00532	0.00513	0.00532	0.00880
30	0.01185	0.00937	0.01105	0.00794	0.01260	0.00710	0.00637	0.01418	0.01125	0.07068	0.01019	0.01145	0.00820	0.00410	0.00401	0.00084	0.00396	0.00328	0.00337	0.78821
31	0.01247	0.01205	0.01994	0.01585	0.01758	0.01473	0.21746	0.01461	0.00979	0.05896	0.00919	0.01362	0.00805	0.00788	0.01340	0.00213	0.52367	0.01960	0.00271	0.00632
32	0.02195	0.00848	0.01133	0.00883	0.01256	0.00741	0.00725	0.02404	0.01461	0.68700	0.02039	0.01821	0.01315	0.00649	0.00511	0.00158	0.00424	0.00527	0.11363	0.00848
33	0.00916	0.00689	0.00875	0.00920	0.01067	0.00715	0.00761	0.01375	0.15206	0.01747	0.14269	0.04760	0.03012	0.06258	0.00801	0.00236	0.00439	0.44911	0.00501	0.00543
34	0.00909	0.00920	0.07676	0.26196	0.01871	0.02165	0.00985	0.01129	0.00925	0.01257	0.01211	0.01986	0.01137	0.18392	0.23628	0.02930	0.05362	0.00550	0.00266	0.00505
35	0.02362	0.00915	0.01236	0.00948	0.01357	0.00800	0.00783	0.04521	0.01539	0.76509	0.02064	0.01785	0.01298	0.00654	0.00532	0.00163	0.00453	0.00530	0.00651	0.00900
36	0.02242	0.00911	0.01205	0.00931	0.01327	0.00807	0.00767	0.06765	0.01551	0.69295	0.02242	0.01974	0.06069	0.00696	0.00537	0.00164	0.00446	0.00565	0.00637	0.00871
37	0.01343	0.01150	0.01211	0.01082	0.01385	0.01328	0.00844	0.05811	0.74120	0.02257	0.02116	0.01944	0.01585	0.00714	0.00538	0.00178	0.00425	0.00593	0.00538	0.00839
38	0.01039	0.00981	0.01659	0.70063	0.13411	0.01185	0.01488	0.01386	0.01076	0.01400	0.00947	0.01396	0.00722	0.00521	0.00528	0.00174	0.00695	0.00470	0.00238	0.00620
39	0.00656	0.00507	0.00599	0.00639	0.00749	0.00450	0.00455	0.00795	0.01185	0.01529	0.18200	0.34635	0.34878	0.01414	0.00644	0.00190	0.00280	0.01237	0.00508	0.00450
40	0.00769	0.00513	0.00577	0.00577	0.00577	0.00513	0.00320	0.00769	0.00769	0.01025	0.01666	0.03460	0.01922	0.81421	0.02691	0.00513	0.00513	0.00769	0.00320	0.00320
41	0.02326	0.00906	0.01219	0.00937	0.01339	0.00795	0.00773	0.04698	0.01531	0.74363	0.02053	0.01788	0.01298	0.00653	0.00527	0.00162	0.00449	0.00529	0.02764	0.00889
42	0.02010	0.01481	0.01587	0.01216	0.01639	0.01639	0.01005	0.76360	0.02486	0.03332	0.01269	0.01269	0.00899	0.00635	0.00529	0.00159	0.00582	0.00476	0.00529	0.00899
43	0.01975	0.02520	0.01498	0.01362	0.01634	0.79299	0.01021	0.02111	0.01498	0.01294	0.00817	0.00953	0.00681	0.00545	0.00477	0.00136	0.00953	0.00340	0.00272	0.00613
44	0.00653	0.00466	0.00623	0.00746	0.00780	0.00437	0.00505	0.00751	0.01021	0.01359	0.02909	0.78010	0.03478	0.01648	0.00677	0.00216	0.00314	0.04485	0.00491	0.00432
45	0.01904	0.12628	0.01663	0.01300	0.01599	0.67407	0.01006	0.03968	0.01469	0.01340	0.00818	0.00948	0.00686	0.00535	0.00460	0.00134	0.00894	0.00337	0.00273	0.00629
46	0.01272	0.09374	0.05823	0.00869	0.01348	0.00922	0.00761	0.04545	0.01187	0.08250	0.01030	0.01139	0.00815	0.00436	0.00410	0.00098	0.00445	0.00340	0.00337	0.60599
47	0.01286	0.01184	0.01989	0.06533	0.65491	0.01201	0.01508	0.01589	0.01213	0.03964	0.05815	0.01488	0.01100	0.00530	0.00563	0.00161	0.02792	0.00503	0.00291	0.00799
48	0.00853	0.00652	0.00959	0.16009	0.01531	0.00692	0.00915	0.01100	0.01175	0.01534	0.05521	0.13335	0.02727	0.01289	0.00681	0.00224	0.00499	0.49359	0.00443	0.00500
49	0.02287	0.00915	0.01224	0.00944	0.01342	0.00811	0.00778	0.06377	0.01563	0.71435	0.05135	0.01859	0.01437	0.00671	0.00535	0.00163	0.00449	0.00546	0.00645	0.00883
50	0.01228	0.01377	0.02946	0.09090	0.05885	0.01319	0.66648	0.01661	0.01229	0.01665	0.01055	0.01420	0.00795	0.00454	0.00611	0.00177	0.00864	0.00604	0.00264	0.00707
51	0.00991	0.00914	0.01494	0.69999	0.03302	0.01123	0.01359	0.01384	0.04379	0.01453	0.07512	0.01649	0.01107	0.00584	0.00537	0.00175	0.00654	0.00517	0.00277	0.00591
52	0.00769	0.00513	0.00577	0.00577	0.00577	0.00513	0.00320	0.00769	0.00769	0.01025	0.01666	0.03460	0.01922	0.81421	0.02691	0.00513	0.00513	0.00769	0.00320	0.00320
53	0.00767	0.00543	0.00717	0.00724	0.00774	0.00586	0.00506	0.00867	0.00832	0.01149	0.01618	0.02977	0.01714	0.41555	0.37407	0.00650	0.00922	0.04979	0.00313	0.00399
54	0.05525	0.02295	0.04549	0.01295	0.01596	0.65012	0.01013	0.02073	0.01441	0.06980	0.00927	0.01047	0.00738	0.00637	0.02520	0.00159	0.00898	0.00360	0.00301	0.00635
55	0.00771	0.04186	0.04298	0.00796	0.00970	0.00648	0.03631	0.01030	0.06704	0.01515	0.08624	0.36191	0.26057	0.01297	0.00622	0.00190	0.00355	0.01141	0.00468	0.00507
56	0.00746	0.00531	0.00651	0.00632	0.00712	0.00510	0.00433	0.00887	0.01155	0.01589	0.37845	0.03747	0.10012	0.31710	0.06322	0.00341	0.00424	0.00875	0.00456	0.00425
57	0.00644	0.00460	0.00613	0.00736	0.00767	0.00429	0.00491	0.00736	0.01012	0.01350	0.02914	0.81076	0.03497	0.01656	0.00675	0.00215	0.00307	0.01503	0.00491	0.00429
58	0.00644	0.00460	0.00613	0.00736	0.00767	0.00429	0.00491	0.00736	0.01012	0.01350	0.02914	0.81076	0.03497	0.01656	0.00675	0.00215	0.00307	0.01503	0.00491	0.00429
59	0.01147	0.18680	0.46285	0.01284	0.01933	0.01318	0.04503	0.01596	0.01109	0.01595	0.00908	0.01070	0.00697	0.00470	0.00454	0.00141	0.00672	0.00364	0.00241	0.15532
60	0.03087	0.01055	0.01525	0.13663	0.10219	0.01220	0.01114	0.03959	0.01178	0.27323	0.01250	0.01426	0.00922	0.00706	0.00949	0.00188	0.28616	0.00485	0.00388	0.00725
61	0.00841	0.00522	0.00623	0.00597	0.00722	0.00496	0.00448	0.01090	0.01344	0.02061	0.47979	0.03173	0.03563	0.00898	0.00524	0.00149	0.00248	0.00774	0.33450	0.00496
62	0.00972	0.00908	0.01511	0.74322	0.03428	0.01121	0.01393	0.01307	0.01062	0.01354	0.01184	0.04147	0.03947	0.00598	0.00537	0.00178	0.00674	0.00530	0.00254	0.00576
63	0.01598	0.30975	0.02466	0.01400	0.01859	0.06398	0.26149	0.05772	0.01313	0.15509	0.01125	0.01243	0.00846	0.00502	0.00488	0.00148	0.00679	0.00456	0.00336	0.00738
64	0.01432	0.79166	0.02729	0.00919	0.01366	0.04599	0.00908	0.01600	0.01088	0.01245	0.00738	0.00851	0.00679	0.00455	0.00344	0.00114	0.00578	0.00285	0.00228	0.00676
65	0.00638	0.00538	0.00554	0.00555	0.00729	0.00454	0.00420	0.00782	0.01223	0.01474	0.09633	0.05043	0.71482	0.01327	0.00628	0.00180	0.00273	0.03121	0.00496	0.00451
66	0.01083	0.03620	0.01735	0.29087	0.02338	0.01177	0.15770	0.01423	0.04465	0.03605	0.06664	0.07370	0.01314	0.00862	0.04336	0.00216	0.13398	0.00614	0.00311	0.00610
67	0.01430	0.18147	0.22442	0.03866	0.06203	0.01390	0.03172	0.13692	0.07618	0.09450	0.04596	0.01402	0.01071	0.00656	0.02479	0.00173	0.00627	0.00456	0.00362	0.00770
68	0.01852	0.02310	0.01480	0.01341	0.01585	0.68452	0.01017	0.02019	0.03137	0.01311	0.00857	0.01030	0.00724	0.00692	0.03144	0.00168	0.07632	0.00364	0.00275	0.00610
69	0.01264	0.01216	0.02044	0.10889	0.64032	0.01279	0.01567	0.01565	0.01155	0.01650	0.00963	0.01306	0.00812	0.00516	0.00627	0.00165	0.07433	0.00470	0.00256	0.00790
70	0.01213	0.01185	0.01848	0.35527	0.40453	0.05311	0.01503	0.01568	0.03376	0.01560	0.00996	0.01352	0.00796	0.00506	0.00524	0.00165	0.00671	0.00467	0.00259	0.00720
71	0.00644	0.00460	0.00613	0.00736	0.00767	0.00429	0.00491	0.00736	0.01012	0.01350	0.02914	0.81076	0.03497	0.01656	0.00675	0.00215	0.00307	0.01503	0.00491	0.00429
72	0.01975	0.02520	0.01498	0.01362	0.01634	0.79299	0.01021	0.02111	0.01498	0.01294	0.00817	0.00953	0.00681	0.00545	0.00477	0.00136	0.00953	0.00340	0.00272	0.00613
73	0.00760	0.00549	0.00761	0.00761	0.00825	0.00613	0.00551	0.00887	0.00823	0.01162	0.01497	0.02524	0.01516	0.28994	0.54562	0.00741	0.01124	0.00632	0.00295	0.00423
74	0.01133	0.01122	0.01574	0.01357	0.01362	0.01563	0.01128	0.01253	0.00812	0.01270	0.00736	0.01210	0.00731	0.01103	0.06259	0.00267	0.75845	0.00469	0.00234	0.00572
75	0.00679	0.00494	0.00688	0.00772	0.00823	0.00503	0.00545	0.00802	0.00961	0.01311	0.02439	0.56018	0.02807	0.02389	0.25622	0.00416	0.00659	0.01206	0.00425	0.00443
76	0.00756	0.00563	0.00833	0.00833	0.00921	0.00652	0.00640	0.00933	0.00845	0.01215	0.01432	0.02163	0.01359	0.08801	0.74541	0.00829	0.01360	0.00579	0.00286	0.00463
77	0.00992	0.00901	0.03631	0.03111	0.01631	0.00832	0.22234	0.01290	0.01212	0.03616	0.02271	0.09905	0.04218	0.01115	0.00677	0.00215	0.00595	0.40570	0.00416	0.00567
78	0.02336	0.00957	0.01262	0.00968	0.01378	0.00861	0.00799	0.09797	0.01608	0.71134	0.02006	0.01747	0.01269	0.00652	0.00531	0.00163	0.00463	0.00526	0.00642	0.00900
79	0.00643	0.00464	0.00609	0.00724	0.00764	0.00430	0.00486	0.00737	0.01023	0.01354	0.03056	0.76646	0.07835	0.01638	0.00672	0.00213	0.00304	0.01480	0.00491	0.00430
80	0.01252	0.01205	0.02011	0.12294	0.59311	0.01293	0.01544	0.01545	0.01136	0.01623	0.00949	0.01301	0.00803	0.00536	0.00679	0.00169	0.10850	0.00470	0.00255	0.00774
81	0.01283	0.01230	0.02099	0.09671	0.71899	0.01249	0.01610	0.01600	0.01191	0.01696	0.00990	0.01317	0.00826	0.00476	0.00524	0.00159	0.00634	0.00471	0.00259	0.00816
82	0.02299	0.01016	0.01299	0.00996	0.01408	0.00950	0.00823	0.17368	0.01708	0.63422	0.01922	0.01693	0.01227	0.00650	0.00531	0.00163	0.00476	0.00520	0.00629	0.00900
83	0.00699	0.00501	0.00672	0.00761	0.00826	0.00473	0.00552	0.00848	0.01142	0.01541	0.17787	0.53272	0.03718	0.01509	0.00674	0.00210	0.00325	0.13528	0.00508	0.00453
84	0.00757	0.00560	0.00815	0.00815	0.00897	0.00642	0.00617	0.00922	0.00839	0.01201	0.01448	0.02254	0.01398	0.13875	0.69521	0.00806	0.01300	0.00592	0.00288	0.00453
85	0.01296	0.01243	0.02123	0.06352	0.75114	0.01253	0.01616	0.01611	0.01198	0.01712	0.00992	0.01313	0.00832	0.00473	0.00524	0.00158	0.00631	0.00471	0.00261	0.00827
86	0.01133	0.00961	0.01116	0.00801	0.01268	0.00742	0.00642	0.04363	0.01152	0.01788	0.00953	0.01103	0.00788	0.00401	0.00397	0.00082	0.00399	0.00320	0.00322	0.81268
87	0.06239	0.01156	0.01937	0.01497	0.04957	0.01090	0.27316	0.08631	0.01460	0.37846	0.01542	0.01553	0.01037	0.00563	0.00553	0.00168	0.00622	0.00544	0.00474	0.00814
88	0.02260	0.00903	0.01215	0.00927	0.01341	0.00771	0.00764	0.02467	0.01477	0.71770	0.01985	0.01738	0.01263	0.00631	0.00519	0.00156	0.00445	0.00513	0.00624	0.08231
89	0.00797	0.00502	0.00598	0.00598	0.00598	0.00502	0.00347	0.00754	0.00754	0.01005	0.01523	0.03107	0.01731	0.66269	0.02572	0.16526	0.00502	0.00710	0.00303	0.00303
90	0.00765	0.00527	0.00652	0.00652	0.00678	0.00553	0.00414	0.00817	0.00791	0.01081	0.01597	0.03078	0.01756	0.60023	0.23862	0.00606	0.00762	0.00713	0.00310	0.00362
91	0.01308	0.01256	0.02146	0.03245	0.78123	0.01256	0.01622	0.01622	0.01204	0.01727	0.00994	0.01308	0.00837	0.00471	0.00523	0.00157	0.00628	0.00471	0.00262	0.00837
92	0.85155	0.01022	0.00777	0.00695	0.01022	0.01186	0.00573	0.01554	0.00900	0.02372	0.00736	0.00859	0.00573	0.00491	0.00327	0.00164	0.00409	0.00286	0.00327	0.00573
93	0.00652	0.00535	0.00564	0.00558	0.00718	0.00458	0.00412	0.00796	0.01225	0.01512	0.16384	0.04816	0.62167	0.05968	0.00745	0.00196	0.00279	0.01071	0.00495	0.00447
94	0.00649	0.00490	0.00601	0.00672	0.00754	0.00441	0.00467	0.00769	0.01116	0.01451	0.11324	0.51797	0.24535	0.01508	0.00655	0.00200	0.00290	0.01338	0.00500	0.00441
95	0.00640	0.00477	0.00595	0.00690	0.00755	0.00433	0.00470	0.00741	0.01057	0.01368	0.03477	0.63547	0.20662	0.01583	0.00663	0.00206	0.00298	0.01414	0.00491	0.00433
96	0.01096	0.00940	0.01096	0.00783	0.01253	0.00705	0.00626	0.01331	0.01096	0.01723	0.00940	0.01096	0.00783	0.00392	0.00392	0.00078	0.00392	0.00313	0.00313	0.84653
97	0.00644	0.00460	0.00613	0.00736	0.00767	0.00429	0.00491	0.00736	0.01012	0.01350	0.02914	0.81076	0.03497	0.01656	0.00675	0.00215	0.00307	0.01503	0.00491	0.00429
98	0.01189	0.00571	0.00643	0.00589	0.00765	0.00541	0.00454	0.01423	0.01219	0.15390	0.08641	0.02277	0.05675	0.00701	0.00434	0.00137	0.00283	0.00573	0.57935	0.00562
99	0.01327	0.01915	0.37734	0.01850	0.15861	0.01187	0.14532	0.03656	0.01244	0.11735	0.01183	0.01425	0.00874	0.00535	0.00538	0.00169	0.00717	0.02421	0.00309	0.00790

[dist]
# distance from previous block
# <min> <max>
0	1

[block]
# block no. 7 follows, 46 sequences, length 34
# corresponding to MSA columns:
# 554-569,576-593
name=unknown_H
#
# <colnr> <probs for GDERKNQSTAVLIFYWHMCP>
#	G	D	E	R	K	N	Q	S	T	A	V	L	I	F	Y	W	H	M	C	P
0	0.24026	0.09239	0.09841	0.19906	0.03467	0.04197	0.14951	0.03199	0.01121	0.04112	0.00928	0.01168	0.00704	0.00499	0.00468	0.00163	0.00651	0.00419	0.00285	0.00657
1	0.06259	0.32271	0.09514	0.01154	0.01548	0.34650	0.01036	0.01870	0.04683	0.01414	0.00855	0.00970	0.00715	0.00510	0.00422	0.00134	0.00736	0.00332	0.00265	0.00662
2	0.00976	0.00495	0.00501	0.00500	0.00623	0.00493	0.00375	0.01223	0.01124	0.01977	0.04716	0.02049	0.01498	0.00634	0.00380	0.00125	0.00246	0.00511	0.81064	0.00493
3	0.01401	0.01156	0.01228	0.01083	0.01395	0.01325	0.00848	0.08686	0.68982	0.04531	0.02079	0.01911	0.01548	0.00709	0.00537	0.00177	0.00432	0.00586	0.00541	0.00844
4	0.00786	0.00691	0.00972	0.00932	0.01059	0.04166	0.10245	0.00938	0.01109	0.01438	0.06520	0.55148	0.11152	0.01387	0.00651	0.00200	0.00405	0.01268	0.00456	0.00480
5	0.01022	0.00964	0.01629	0.74164	0.09439	0.01181	0.01480	0.01372	0.01068	0.01380	0.00944	0.01402	0.00715	0.00524	0.00528	0.00175	0.00699	0.00470	0.00237	0.00607
6	0.01060	0.02735	0.78682	0.01507	0.02288	0.01228	0.01953	0.01674	0.01116	0.01674	0.00949	0.01116	0.00670	0.00502	0.00502	0.00167	0.00781	0.00391	0.00223	0.00781
7	0.02372	0.00900	0.01227	0.00941	0.01350	0.00777	0.00777	0.02576	0.01513	0.78489	0.02086	0.01799	0.01309	0.00654	0.00532	0.00164	0.00450	0.00532	0.00654	0.00900
8	0.01567	0.00804	0.01020	0.00877	0.01149	0.00770	0.00687	0.02013	0.15985	0.36103	0.18881	0.13529	0.02486	0.00902	0.00573	0.00174	0.00379	0.00775	0.00593	0.00733
9	0.00630	0.00536	0.00542	0.00541	0.00717	0.00448	0.00406	0.00768	0.01217	0.01456	0.08234	0.05042	0.75013	0.01329	0.00625	0.00178	0.00267	0.01109	0.00495	0.00448
10	0.00695	0.00537	0.00613	0.00601	0.00736	0.00479	0.00440	0.00858	0.01257	0.01636	0.31530	0.04486	0.39137	0.11474	0.00891	0.00219	0.00299	0.03160	0.00503	0.00451
11	0.50141	0.01110	0.01053	0.00865	0.01230	0.01220	0.00713	0.19644	0.01391	0.16500	0.01110	0.01129	0.00785	0.00555	0.00413	0.00162	0.00458	0.00376	0.00435	0.00710
12	0.02010	0.01481	0.01587	0.01216	0.01639	0.01639	0.01005	0.76360	0.02486	0.03332	0.01269	0.01269	0.00899	0.00635	0.00529	0.00159	0.00582	0.00476	0.00529	0.00899
13	0.01006	0.00615	0.00789	0.00711	0.00889	0.00565	0.00545	0.01281	0.04024	0.13740	0.58072	0.03643	0.09993	0.01023	0.00607	0.00167	0.00287	0.00892	0.00584	0.00567
14	0.00647	0.00469	0.00612	0.00719	0.00764	0.00433	0.00485	0.00748	0.01046	0.01387	0.06147	0.72549	0.08823	0.01610	0.00669	0.00210	0.00302	0.01453	0.00494	0.00433
15	0.06044	0.01237	0.01560	0.01200	0.01613	0.01285	0.08988	0.34199	0.09789	0.26177	0.01566	0.01503	0.01074	0.00622	0.00531	0.00165	0.00549	0.00512	0.00530	0.00857
16	0.01270	0.01207	0.02004	0.12752	0.63004	0.01250	0.01544	0.01677	0.06881	0.01716	0.01074	0.01371	0.00879	0.00497	0.00525	0.00161	0.00622	0.00480	0.00279	0.00806
17	0.00930	0.00604	0.00820	0.06654	0.01060	0.00575	0.00598	0.01173	0.01438	0.10002	0.59486	0.07035	0.05510	0.01025	0.00609	0.00169	0.00307	0.00903	0.00558	0.00543
18	0.01934	0.01440	0.01586	0.07135	0.01790	0.01605	0.01040	0.70736	0.02378	0.03183	0.01245	0.01280	0.00884	0.00627	0.00529	0.00160	0.00591	0.00476	0.00507	0.00876
19	0.00696	0.00538	0.00634	0.00610	0.00758	0.00476	0.00458	0.00896	0.01373	0.01826	0.47026	0.04433	0.35990	0.01190	0.00624	0.00171	0.00257	0.01024	0.00543	0.00476
20	0.01096	0.00940	0.01096	0.00783	0.01253	0.00705	0.00626	0.01331	0.01096	0.01723	0.00940	0.01096	0.00783	0.00392	0.00392	0.00078	0.00392	0.00313	0.00313	0.84653
21	0.04849	0.00709	0.00942	0.00828	0.01045	0.00663	0.03609	0.04001	0.01418	0.11071	0.42433	0.06233	0.03445	0.00975	0.00593	0.00170	0.00358	0.09252	0.00530	0.06878
22	0.01197	0.00823	0.00954	0.00844	0.01049	0.02614	0.00663	0.09262	0.01326	0.15654	0.03262	0.13478	0.33607	0.01106	0.00752	0.00185	0.11258	0.00885	0.00484	0.00597
23	0.01173	0.04138	0.01774	0.01433	0.01490	0.01615	0.06774	0.01315	0.00852	0.01303	0.00724	0.01165	0.00702	0.00872	0.01600	0.00223	0.71552	0.00468	0.00234	0.00592
24	0.02080	0.01368	0.01516	0.01163	0.01583	0.01471	0.00960	0.61983	0.02296	0.17977	0.01428	0.01373	0.00979	0.00638	0.00529	0.00160	0.00556	0.00487	0.00553	0.00899
25	0.02372	0.00900	0.01227	0.00941	0.01350	0.00777	0.00777	0.02576	0.01513	0.78489	0.02086	0.01799	0.01309	0.00654	0.00532	0.00164	0.00450	0.00532	0.00654	0.00900
26	0.01738	0.00759	0.01024	0.00833	0.01131	0.00668	0.00668	0.01960	0.01507	0.48652	0.31685	0.02639	0.02746	0.00821	0.00568	0.00165	0.00372	0.00697	0.00626	0.00743
27	0.01750	0.00895	0.01115	0.00924	0.01245	0.00874	0.00739	0.02328	0.22926	0.41718	0.17162	0.02276	0.02126	0.00757	0.00552	0.00169	0.00401	0.00635	0.00607	0.00802
28	0.00656	0.00486	0.00614	0.00701	0.00771	0.00444	0.00488	0.00773	0.01093	0.01431	0.08992	0.58098	0.17728	0.01546	0.00663	0.00205	0.00302	0.04073	0.00497	0.00440
