[name]
unknown

[dist]
# distance from previous block
# <min> <max>
0	25

[block]
# block no. 0 follows, 39 sequences, length 15
# corresponding to MSA columns:
# 25-39
name=unknown_A
#
# <colnr> <probs for GDERKNQSTAVLIFYWHMCP>
#	G	D	E	R	K	N	Q	S	T	A	V	L	I	F	Y	W	H	M	C	P
0	0.01438	0.01316	0.04443	0.17115	0.18089	0.04322	0.01294	0.10474	0.10569	0.04100	0.05320	0.03772	0.01472	0.00729	0.00596	0.00182	0.00635	0.04812	0.00417	0.08907
1	0.01479	0.01296	0.07256	0.01770	0.16715	0.01197	0.08197	0.06957	0.15051	0.11275	0.07049	0.13597	0.01924	0.00877	0.00665	0.00197	0.02401	0.00785	0.00486	0.00829
2	0.03564	0.17235	0.24505	0.01261	0.01789	0.01446	0.03323	0.10729	0.06927	0.04995	0.08546	0.02143	0.06734	0.00762	0.00565	0.00179	0.00637	0.03446	0.00413	0.00800
3	0.01361	0.12811	0.45820	0.06243	0.02352	0.05907	0.04733	0.01932	0.04271	0.04748	0.03684	0.01411	0.00997	0.00595	0.00551	0.00179	0.00801	0.00471	0.00304	0.00828
4	0.04677	0.01396	0.01856	0.30867	0.20839	0.08911	0.02987	0.09662	0.06614	0.02001	0.03720	0.01599	0.01078	0.00622	0.00582	0.00185	0.00731	0.00537	0.00352	0.00786
5	0.01209	0.01166	0.01228	0.07366	0.01522	0.12143	0.00858	0.01409	0.01255	0.01678	0.05978	0.22731	0.01951	0.00975	0.00730	0.00172	0.08948	0.00795	0.00399	0.27487
6	0.01158	0.14427	0.11125	0.01094	0.01482	0.01233	0.05404	0.01798	0.19903	0.01882	0.07271	0.05241	0.23714	0.00965	0.00604	0.00186	0.00515	0.00808	0.00465	0.00723
7	0.01420	0.21255	0.07616	0.18535	0.17081	0.01549	0.11287	0.01772	0.01314	0.06082	0.05682	0.01575	0.01158	0.00588	0.00556	0.00173	0.00718	0.00528	0.00322	0.00788
8	0.01595	0.07968	0.11570	0.01421	0.06106	0.01097	0.12444	0.01918	0.01446	0.24122	0.08642	0.08014	0.09358	0.00846	0.00619	0.00187	0.00600	0.00752	0.00494	0.00800
9	0.00744	0.00549	0.00697	0.00769	0.00854	0.00501	0.00535	0.00896	0.01293	0.01725	0.20531	0.49875	0.15564	0.01646	0.00733	0.00221	0.00321	0.01470	0.00573	0.00501
10	0.01179	0.01107	0.01865	0.58804	0.19098	0.01301	0.01633	0.01559	0.01238	0.01637	0.04198	0.01673	0.01022	0.00604	0.00595	0.00192	0.00749	0.00549	0.00286	0.00712
11	0.06744	0.32216	0.07817	0.05835	0.17488	0.03528	0.03728	0.01877	0.04312	0.06301	0.01187	0.04417	0.01010	0.00605	0.00500	0.00163	0.00659	0.00483	0.00328	0.00803
12	0.01113	0.00632	0.00797	0.00798	0.00920	0.00593	0.00562	0.01236	0.01181	0.13851	0.02812	0.30653	0.08511	0.20919	0.04854	0.00339	0.00485	0.03614	0.05582	0.00548
13	0.01530	0.01472	0.02746	0.02025	0.02534	0.01445	0.47707	0.12364	0.08755	0.05185	0.01540	0.07124	0.01239	0.00664	0.00673	0.00199	0.00829	0.00737	0.00406	0.00827
14	0.01279	0.01217	0.02067	0.43030	0.37568	0.01357	0.01723	0.01653	0.01259	0.01708	0.01080	0.01524	0.00858	0.00561	0.00589	0.00187	0.00748	0.00526	0.00277	0.00788

[dist]
# distance from previous block
# <min> <max>
0	1

[block]
# block no. 1 follows, 39 sequences, length 38
# corresponding to MSA columns:
# 41-78
name=unknown_B
#
# <colnr> <probs for GDERKNQSTAVLIFYWHMCP>
#	G	D	E	R	K	N	Q	S	T	A	V	L	I	F	Y	W	H	M	C	P
0	0.01303	0.01223	0.04684	0.17653	0.02001	0.05796	0.03480	0.17192	0.01572	0.02031	0.02329	0.20077	0.12113	0.01059	0.00712	0.00203	0.04549	0.00891	0.00445	0.00686
1	0.06540	0.01387	0.10480	0.01250	0.05433	0.01060	0.05409	0.05267	0.06010	0.02097	0.02483	0.01376	0.01000	0.00519	0.00495	0.00131	0.00549	0.00431	0.00367	0.47716
2	0.17568	0.01230	0.03356	0.01042	0.01468	0.01203	0.00871	0.15100	0.08036	0.17327	0.01485	0.01506	0.01078	0.00639	0.00558	0.00163	0.03460	0.00474	0.04450	0.18987
3	0.02209	0.02819	0.01676	0.01524	0.01828	0.76843	0.01143	0.02361	0.01676	0.01447	0.00914	0.01066	0.00762	0.00609	0.00533	0.00152	0.01066	0.00381	0.00305	0.00686
4	0.01327	0.01266	0.02154	0.32813	0.47411	0.01369	0.01747	0.01695	0.01282	0.01766	0.01088	0.01508	0.00878	0.00552	0.00588	0.00184	0.00736	0.00526	0.00281	0.00827
5	0.01269	0.01150	0.01724	0.52710	0.11090	0.04217	0.01488	0.01750	0.08284	0.04481	0.01344	0.05566	0.01086	0.00675	0.00598	0.00195	0.00726	0.00595	0.00333	0.00719
6	0.01102	0.00551	0.00551	0.00551	0.00689	0.00551	0.00413	0.01378	0.01240	0.02205	0.01929	0.02205	0.01516	0.00689	0.00413	0.00138	0.00276	0.00551	0.82500	0.00551
7	0.01977	0.00840	0.01091	0.00893	0.01181	0.00755	0.00676	0.02129	0.01389	0.47385	0.02156	0.02659	0.01702	0.27733	0.01419	0.00316	0.00519	0.00684	0.03732	0.00766
8	0.01561	0.75666	0.06828	0.01046	0.01571	0.02291	0.01072	0.01776	0.01204	0.01416	0.00834	0.00964	0.00758	0.00509	0.00389	0.00130	0.00645	0.00322	0.00253	0.00765
9	0.01102	0.00551	0.00551	0.00551	0.00689	0.00551	0.00413	0.01378	0.01240	0.02205	0.01929	0.02205	0.01516	0.00689	0.00413	0.00138	0.00276	0.00551	0.82500	0.00551
10	0.08824	0.01785	0.04806	0.04210	0.01763	0.25757	0.03776	0.05006	0.16047	0.05909	0.01438	0.04673	0.01159	0.00675	0.00544	0.00167	0.00711	0.00521	0.00415	0.11814
11	0.01715	0.02331	0.46382	0.01476	0.02186	0.01308	0.01696	0.12180	0.01578	0.21294	0.01441	0.01470	0.00970	0.00627	0.00575	0.00185	0.00747	0.00491	0.00422	0.00927
12	0.01218	0.01089	0.01752	0.23271	0.30438	0.01171	0.01472	0.01622	0.04830	0.01794	0.01749	0.03056	0.01660	0.00882	0.00656	0.00211	0.00669	0.21342	0.00373	0.00744
13	0.24908	0.00773	0.00852	0.00882	0.01070	0.00799	0.00682	0.01351	0.01190	0.08594	0.02445	0.35500	0.02645	0.01332	0.00640	0.00225	0.00429	0.14585	0.00512	0.00586
14	0.01245	0.01068	0.01235	0.00901	0.01412	0.00840	0.00719	0.01615	0.06823	0.01969	0.01155	0.01301	0.00947	0.00466	0.00450	0.00096	0.00440	0.00375	0.00370	0.76574
15	0.08180	0.01601	0.02601	0.04865	0.02530	0.06763	0.41069	0.13550	0.08727	0.02261	0.01295	0.01538	0.00969	0.00577	0.00629	0.00191	0.00843	0.00609	0.00380	0.00819
16	0.00904	0.00609	0.00839	0.00832	0.00947	0.00669	0.00639	0.01126	0.01107	0.01679	0.11692	0.02570	0.02035	0.03133	0.48221	0.02735	0.01099	0.00672	0.17964	0.00530
17	0.01145	0.00666	0.00823	0.00750	0.00956	0.00596	0.00574	0.01379	0.01544	0.15133	0.37211	0.06502	0.20755	0.01166	0.00656	0.00186	0.00325	0.01001	0.08010	0.00620
18	0.01543	0.01561	0.04170	0.01071	0.01336	0.27888	0.03839	0.05219	0.01493	0.01960	0.03681	0.01912	0.04528	0.00699	0.00503	0.00154	0.00631	0.00536	0.36635	0.00642
19	0.00880	0.00639	0.00799	0.00874	0.00964	0.00623	0.00614	0.08126	0.01316	0.01745	0.03216	0.64851	0.07396	0.01712	0.00738	0.00233	0.00378	0.03806	0.00553	0.00536
20	0.01638	0.29970	0.02239	0.01349	0.04088	0.08453	0.07539	0.04838	0.22628	0.05835	0.01538	0.01727	0.01245	0.00671	0.00532	0.00170	0.00648	0.03653	0.00415	0.00826
21	0.00945	0.00728	0.00918	0.00858	0.00882	0.00832	0.00595	0.01019	0.00986	0.01382	0.11734	0.03349	0.02311	0.49119	0.05754	0.00472	0.16477	0.00809	0.00376	0.00453
22	0.22210	0.01901	0.01460	0.11984	0.03947	0.36078	0.01074	0.05400	0.01439	0.01884	0.01070	0.05509	0.00929	0.00672	0.00542	0.00175	0.02233	0.00473	0.00341	0.00680
23	0.01523	0.01284	0.01354	0.01196	0.01540	0.01471	0.00937	0.10533	0.63915	0.02572	0.02446	0.02262	0.04663	0.00820	0.00605	0.00198	0.00481	0.00677	0.00599	0.00926
24	0.00860	0.00573	0.00645	0.00645	0.00645	0.00573	0.00358	0.00860	0.00860	0.01147	0.01863	0.03870	0.02150	0.79217	0.03010	0.00573	0.00573	0.00860	0.00358	0.00358
25	0.00790	0.00603	0.00725	0.00695	0.00855	0.00538	0.00521	0.01025	0.01563	0.02107	0.51587	0.04852	0.29373	0.01308	0.00698	0.00191	0.00286	0.01130	0.00616	0.00538
26	0.01102	0.00551	0.00551	0.00551	0.00689	0.00551	0.00413	0.01378	0.01240	0.02205	0.01929	0.02205	0.01516	0.00689	0.00413	0.00138	0.00276	0.00551	0.82500	0.00551
27	0.01367	0.01269	0.01660	0.01399	0.01752	0.04185	0.14499	0.02449	0.42247	0.02165	0.02294	0.05575	0.04127	0.00875	0.00643	0.00203	0.00587	0.08228	0.00514	0.03961
28	0.05300	0.01391	0.01466	0.01262	0.04537	0.11335	0.00971	0.11717	0.12896	0.34360	0.01876	0.01820	0.01315	0.00709	0.00574	0.00177	0.00596	0.01841	0.00581	0.05275
29	0.01102	0.00551	0.00551	0.00551	0.00689	0.00551	0.00413	0.01378	0.01240	0.02205	0.01929	0.02205	0.01516	0.00689	0.00413	0.00138	0.00276	0.00551	0.82500	0.00551
30	0.05536	0.01425	0.01609	0.01238	0.01702	0.01500	0.01022	0.47764	0.02357	0.27183	0.01694	0.01595	0.01141	0.00711	0.00584	0.00179	0.00595	0.00544	0.00628	0.00992
31	0.68221	0.01214	0.00980	0.00854	0.01229	0.05278	0.00698	0.01925	0.01134	0.12446	0.01031	0.01108	0.00758	0.00577	0.00406	0.00181	0.00496	0.00360	0.00412	0.00692
32	0.00928	0.00633	0.00732	0.00700	0.00895	0.00549	0.00527	0.01115	0.01449	0.09046	0.23510	0.11100	0.43901	0.01377	0.00693	0.00198	0.00318	0.01174	0.00594	0.00563
33	0.01265	0.01254	0.01754	0.01515	0.01517	0.01743	0.01256	0.01393	0.00917	0.01428	0.00903	0.05252	0.00936	0.01077	0.01880	0.00258	0.74163	0.00577	0.00274	0.00638
34	0.01117	0.01051	0.01774	0.77795	0.04073	0.01314	0.01642	0.01511	0.01182	0.01511	0.01051	0.01577	0.00788	0.00591	0.00591	0.00197	0.00788	0.00526	0.00263	0.00657
35	0.01246	0.02980	0.71977	0.01667	0.02519	0.01399	0.02125	0.05897	0.01335	0.01977	0.01081	0.01258	0.00764	0.00570	0.00564	0.00187	0.00861	0.00442	0.00269	0.00881
36	0.00854	0.00590	0.00698	0.00720	0.00744	0.00596	0.00453	0.00903	0.00962	0.01298	0.02289	0.17713	0.05080	0.53956	0.02303	0.00462	0.02955	0.03964	0.03051	0.00409
37	0.02007	0.01602	0.01549	0.01260	0.01611	0.17547	0.03839	0.31034	0.01962	0.13634	0.01524	0.01901	0.01233	0.15414	0.01038	0.00248	0.00717	0.00577	0.00496	0.00807

[dist]
# distance from previous block
# <min> <max>
0	2

[block]
# block no. 2 follows, 39 sequences, length 19
# corresponding to MSA columns:
# 81-99
name=unknown_C
#
# <colnr> <probs for GDERKNQSTAVLIFYWHMCP>
#	G	D	E	R	K	N	Q	S	T	A	V	L	I	F	Y	W	H	M	C	P
0	0.04880	0.01410	0.01815	0.01521	0.01660	0.07323	0.06529	0.08869	0.01199	0.01743	0.00949	0.01379	0.00857	0.01176	0.07408	0.00289	0.49477	0.00523	0.00308	0.00688
1	0.01223	0.01160	0.01966	0.55063	0.25975	0.01342	0.01695	0.01604	0.01233	0.01640	0.01070	0.01542	0.00834	0.00572	0.00589	0.00191	0.00762	0.00526	0.00272	0.00743
2	0.00776	0.00594	0.00711	0.00698	0.00850	0.00529	0.00517	0.00991	0.01504	0.02008	0.43161	0.11707	0.31064	0.01374	0.00703	0.00196	0.00292	0.01191	0.00604	0.00529
3	0.01464	0.01405	0.02400	0.03630	0.75528	0.01405	0.01815	0.01815	0.01347	0.01932	0.01112	0.01464	0.00937	0.00527	0.00585	0.00176	0.00703	0.00527	0.00293	0.00937
4	0.33376	0.01460	0.01427	0.01137	0.01569	0.01639	0.00939	0.46006	0.02100	0.03315	0.01191	0.01244	0.00866	0.00648	0.00505	0.00180	0.00577	0.00451	0.00505	0.00866
5	0.00747	0.00596	0.00668	0.00661	0.00831	0.00518	0.00492	0.00937	0.01445	0.01853	0.29108	0.09423	0.47794	0.01421	0.00702	0.00197	0.00295	0.01213	0.00583	0.00518
6	0.22168	0.01531	0.01552	0.01218	0.01664	0.01709	0.01005	0.55926	0.02345	0.03463	0.01273	0.01307	0.00916	0.00670	0.00536	0.00179	0.00603	0.00480	0.00536	0.00916
7	0.00969	0.00783	0.01086	0.01125	0.01198	0.00900	0.00919	0.01157	0.01183	0.01609	0.02590	0.26392	0.02907	0.01551	0.01075	0.00260	0.19533	0.33739	0.00476	0.00551
8	0.02244	0.01384	0.01555	0.01205	0.01642	0.01464	0.00991	0.48515	0.02354	0.22182	0.01703	0.01647	0.01172	0.00714	0.00576	0.00175	0.00577	0.00550	0.08387	0.00963
9	0.01625	0.01888	0.22461	0.01729	0.13132	0.03473	0.01452	0.20051	0.17051	0.05464	0.04643	0.01686	0.01298	0.00680	0.00588	0.00185	0.00672	0.00555	0.00453	0.00916
10	0.00871	0.00569	0.00653	0.00653	0.00653	0.00569	0.00369	0.00854	0.00854	0.01139	0.01807	0.03731	0.02075	0.74044	0.02963	0.06085	0.00569	0.00837	0.00352	0.00352
11	0.07168	0.01397	0.05095	0.01201	0.01598	0.01464	0.00998	0.19248	0.41827	0.07109	0.02149	0.02026	0.04531	0.00777	0.00585	0.00192	0.00525	0.00622	0.00572	0.00915
12	0.01530	0.23593	0.16769	0.01231	0.01754	0.01505	0.04081	0.05021	0.11926	0.10006	0.01499	0.04864	0.01223	0.00674	0.00528	0.00165	0.00621	0.02519	0.00403	0.10088
13	0.01496	0.22692	0.31836	0.01517	0.06816	0.01680	0.01531	0.09485	0.11816	0.03869	0.01262	0.01356	0.00958	0.00599	0.00525	0.00171	0.00709	0.00458	0.00351	0.00874
14	0.01247	0.14802	0.64941	0.01582	0.02400	0.01522	0.02005	0.01857	0.01241	0.01799	0.01025	0.01203	0.00751	0.00553	0.00534	0.00178	0.00837	0.00418	0.00250	0.00856
15	0.01040	0.00652	0.00854	0.00785	0.00963	0.00595	0.00603	0.01308	0.01652	0.10588	0.61627	0.04280	0.07875	0.01182	0.00690	0.00189	0.00315	0.03545	0.00652	0.00606
16	0.01642	0.01496	0.09553	0.13085	0.25264	0.03798	0.06579	0.09543	0.02896	0.13258	0.01388	0.01623	0.01038	0.02087	0.00631	0.00189	0.00705	0.00546	0.03817	0.00863
17	0.06055	0.01494	0.01620	0.01433	0.06667	0.16945	0.07518	0.07883	0.07041	0.25457	0.01657	0.01864	0.01256	0.09461	0.00850	0.00222	0.00694	0.00572	0.00493	0.00820
18	0.00818	0.00606	0.00783	0.00881	0.00999	0.00571	0.00696	0.01010	0.01300	0.01677	0.07163	0.29397	0.19337	0.01654	0.00766	0.00242	0.00414	0.30618	0.00552	0.00515

[dist]
# distance from previous block
# <min> <max>
0	2

[block]
# block no. 3 follows, 39 sequences, length 19
# corresponding to MSA columns:
# 102-120
name=unknown_D
#
# <colnr> <probs for GDERKNQSTAVLIFYWHMCP>
#	G	D	E	R	K	N	Q	S	T	A	V	L	I	F	Y	W	H	M	C	P
0	0.01549	0.03099	0.02114	0.19019	0.28937	0.05197	0.08246	0.09323	0.03084	0.05958	0.01212	0.01493	0.00938	0.00572	0.00581	0.00175	0.00725	0.00525	0.00352	0.06903
1	0.08303	0.06776	0.04816	0.05949	0.06443	0.09733	0.08609	0.01909	0.01354	0.17195	0.07100	0.03107	0.01442	0.05871	0.00869	0.00212	0.08555	0.00589	0.00419	0.00749
2	0.49028	0.01414	0.05156	0.01030	0.01406	0.06565	0.00878	0.07285	0.09069	0.06638	0.01137	0.01230	0.00861	0.00633	0.00541	0.00187	0.05383	0.00411	0.00411	0.00736
3	0.70737	0.06361	0.01086	0.00861	0.01230	0.08250	0.00710	0.01797	0.01080	0.02462	0.00832	0.00970	0.00659	0.00552	0.00382	0.00177	0.00524	0.00325	0.00353	0.00652
4	0.02209	0.02819	0.01676	0.01524	0.01828	0.76843	0.01143	0.02361	0.01676	0.01447	0.00914	0.01066	0.00762	0.00609	0.00533	0.00152	0.01066	0.00381	0.00305	0.00686
5	0.01375	0.27579	0.46515	0.04298	0.02234	0.01661	0.01728	0.01871	0.01250	0.04949	0.01039	0.01198	0.00785	0.00552	0.00506	0.00168	0.00777	0.00408	0.00272	0.00835
6	0.02154	0.01084	0.01430	0.01376	0.11471	0.03924	0.00959	0.02422	0.03235	0.49222	0.04854	0.05862	0.04851	0.00796	0.00602	0.00181	0.00525	0.00669	0.00619	0.03765
7	0.01840	0.00947	0.01178	0.00969	0.01292	0.00904	0.00776	0.13990	0.01781	0.33158	0.19924	0.02944	0.06079	0.05110	0.00755	0.00206	0.00461	0.03255	0.03626	0.00806
8	0.01829	0.02027	0.02061	0.16453	0.02497	0.37900	0.16576	0.02107	0.01497	0.07292	0.01105	0.01358	0.00850	0.00606	0.00630	0.00177	0.03483	0.00497	0.00327	0.00727
9	0.01743	0.04167	0.02056	0.02476	0.40616	0.01216	0.06027	0.02044	0.01435	0.23141	0.01747	0.05043	0.04229	0.00679	0.00599	0.00181	0.00630	0.00628	0.00439	0.00904
10	0.00908	0.00743	0.01072	0.10904	0.08565	0.00782	0.00864	0.01114	0.01176	0.01568	0.05772	0.19160	0.14387	0.07388	0.15570	0.00383	0.02299	0.06356	0.00428	0.00562
11	0.00947	0.00564	0.00837	0.00837	0.00879	0.00606	0.00597	0.00888	0.00846	0.01170	0.01284	0.02093	0.01254	0.06185	0.32134	0.46703	0.00944	0.00576	0.00285	0.00369
12	0.00841	0.00643	0.00929	0.13595	0.01476	0.00666	0.00826	0.01033	0.01195	0.01572	0.02864	0.48859	0.03275	0.01592	0.00743	0.00241	0.00465	0.18160	0.00501	0.00525
13	0.06887	0.01094	0.01388	0.01077	0.01527	0.01021	0.00887	0.10575	0.04341	0.61513	0.02155	0.01898	0.01382	0.00722	0.00582	0.00183	0.00516	0.00576	0.00692	0.00984
14	0.01309	0.03277	0.01842	0.42759	0.16823	0.06829	0.01510	0.01788	0.08733	0.01688	0.01260	0.01764	0.01023	0.00658	0.00638	0.00194	0.03436	0.03414	0.00317	0.00738
15	0.00954	0.00709	0.00996	0.00953	0.01000	0.00841	0.00710	0.01025	0.00892	0.01272	0.01413	0.02393	0.01428	0.19476	0.35659	0.15049	0.13819	0.00642	0.00306	0.00464
16	0.01639	0.45260	0.05186	0.07367	0.05052	0.13295	0.01151	0.06705	0.03982	0.01674	0.03119	0.01226	0.00962	0.00576	0.00466	0.00148	0.00707	0.00405	0.00310	0.00769
17	0.01439	0.05058	0.06864	0.01168	0.05671	0.03960	0.02908	0.01728	0.01367	0.12165	0.08271	0.01814	0.04347	0.00618	0.00520	0.00134	0.00523	0.00512	0.00420	0.40514
18	0.16555	0.07630	0.01760	0.12621	0.08348	0.11489	0.03494	0.17688	0.04829	0.08361	0.01229	0.01369	0.00919	0.00618	0.00530	0.00176	0.00685	0.00472	0.00415	0.00812

[dist]
# distance from previous block
# <min> <max>
4	12

[block]
# block no. 4 follows, 39 sequences, length 32
# corresponding to MSA columns:
# 133-164
name=unknown_E
#
# <colnr> <probs for GDERKNQSTAVLIFYWHMCP>
#	G	D	E	R	K	N	Q	S	T	A	V	L	I	F	Y	W	H	M	C	P
0	0.21562	0.08763	0.05253	0.03862	0.03117	0.12655	0.04525	0.05783	0.04131	0.19949	0.01342	0.01384	0.00967	0.00611	0.00508	0.00171	0.00648	0.00455	0.00440	0.03874
1	0.26044	0.01559	0.03901	0.01166	0.01520	0.17581	0.04219	0.09669	0.06670	0.05823	0.01470	0.12150	0.01313	0.00783	0.00534	0.00182	0.00636	0.00608	0.00430	0.03742
2	0.12785	0.01692	0.06108	0.01248	0.01620	0.18529	0.02977	0.15579	0.10250	0.08176	0.07610	0.01692	0.01411	0.00716	0.00602	0.00179	0.03542	0.00534	0.03958	0.00791
3	0.01659	0.32868	0.10695	0.04952	0.01869	0.05536	0.03811	0.13469	0.01524	0.06082	0.01090	0.01216	0.00859	0.00558	0.00484	0.00147	0.00673	0.00413	0.00352	0.11743
4	0.15706	0.01179	0.05236	0.28860	0.02521	0.01183	0.09443	0.03885	0.01270	0.05537	0.03662	0.08917	0.01271	0.00709	0.00568	0.00187	0.00649	0.00620	0.00365	0.08232
5	0.06715	0.18337	0.19440	0.01400	0.01910	0.08629	0.10175	0.01943	0.01341	0.12512	0.04036	0.04727	0.01184	0.00673	0.00610	0.00177	0.04502	0.00535	0.00367	0.00787
6	0.01379	0.01274	0.08347	0.29949	0.19211	0.01249	0.01493	0.01716	0.01261	0.11289	0.01417	0.08904	0.01202	0.00754	0.00728	0.00199	0.07868	0.00636	0.00356	0.00767
7	0.00887	0.00739	0.00950	0.03354	0.01158	0.00755	0.03372	0.01250	0.11602	0.01680	0.03581	0.39794	0.21830	0.01481	0.00769	0.00222	0.04180	0.01295	0.00524	0.00576
8	0.01178	0.01114	0.01884	0.64718	0.16672	0.01330	0.01673	0.01565	0.01211	0.01585	0.01062	0.01557	0.00815	0.00580	0.00590	0.00193	0.00773	0.00526	0.00268	0.00706
9	0.04014	0.05861	0.18515	0.10757	0.04841	0.22678	0.01393	0.02080	0.05994	0.08902	0.03711	0.01467	0.01063	0.00658	0.00640	0.00180	0.05634	0.00482	0.00355	0.00776
10	0.00912	0.00561	0.00718	0.00718	0.00730	0.00572	0.00450	0.00852	0.00841	0.01133	0.01564	0.03036	0.01716	0.46296	0.10794	0.27053	0.00664	0.00724	0.00321	0.00344
11	0.00704	0.00581	0.00618	0.00648	0.00812	0.00495	0.00471	0.00843	0.01301	0.01578	0.05396	0.21622	0.59741	0.01575	0.00711	0.00209	0.00309	0.01342	0.00549	0.00495
12	0.01254	0.01370	0.09721	0.42832	0.18963	0.01346	0.03724	0.04056	0.04657	0.01777	0.01220	0.01729	0.00969	0.00624	0.00599	0.00194	0.00757	0.03138	0.00306	0.00764
13	0.01353	0.12204	0.09475	0.15353	0.06235	0.01262	0.01207	0.01762	0.07345	0.10617	0.01781	0.12955	0.01638	0.01035	0.03471	0.00226	0.04430	0.06505	0.00412	0.00736
14	0.01450	0.01302	0.02055	0.02901	0.54581	0.01327	0.01533	0.02010	0.13524	0.04410	0.07631	0.01854	0.01490	0.00637	0.00598	0.00181	0.00621	0.00598	0.00388	0.00907
15	0.00845	0.00631	0.00939	0.00939	0.01040	0.00733	0.00724	0.01048	0.00947	0.01364	0.01595	0.02384	0.01505	0.07350	0.73994	0.00936	0.01545	0.00642	0.00318	0.00521
16	0.00962	0.00859	0.01133	0.01149	0.07770	0.03969	0.05680	0.01207	0.01474	0.01945	0.32060	0.06120	0.26238	0.01189	0.00727	0.00195	0.02942	0.03256	0.00529	0.00596
17	0.01508	0.62346	0.11592	0.04523	0.06374	0.02124	0.01227	0.01775	0.01215	0.01487	0.00878	0.01043	0.00770	0.00517	0.00423	0.00140	0.00672	0.00352	0.00255	0.00779
18	0.01285	0.01344	0.06717	0.37976	0.37761	0.01361	0.01758	0.01677	0.01264	0.01733	0.01081	0.01503	0.00856	0.00559	0.00587	0.00186	0.00753	0.00521	0.00276	0.00803
19	0.01574	0.01085	0.01742	0.41542	0.15885	0.01184	0.01428	0.01913	0.01365	0.21307	0.04157	0.01778	0.01171	0.00640	0.00595	0.00189	0.00679	0.00564	0.00407	0.00795
20	0.01019	0.00517	0.00764	0.00764	0.00764	0.00517	0.00506	0.00775	0.00775	0.01033	0.01069	0.01902	0.01084	0.05945	0.02346	0.78648	0.00517	0.00531	0.00262	0.00262
21	0.01165	0.00726	0.00944	0.00869	0.01035	0.00749	0.00664	0.01471	0.05709	0.11807	0.27157	0.05913	0.03020	0.07691	0.16135	0.00370	0.04405	0.00823	0.08728	0.00620
22	0.15746	0.04936	0.12121	0.03459	0.04375	0.02201	0.05591	0.04964	0.04034	0.11681	0.04999	0.03236	0.01336	0.03326	0.12101	0.00312	0.03867	0.00565	0.00406	0.00745
23	0.05621	0.06009	0.34886	0.06984	0.02288	0.06448	0.06073	0.08606	0.08464	0.02070	0.01198	0.01359	0.00891	0.00589	0.00550	0.00177	0.00767	0.00470	0.00336	0.06216
24	0.07186	0.06228	0.12098	0.06184	0.07374	0.06402	0.01211	0.17870	0.06695	0.08293	0.05037	0.01559	0.01204	0.00642	0.00545	0.00168	0.00642	0.00503	0.00435	0.09725
25	0.24878	0.01410	0.07466	0.07282	0.01844	0.04878	0.07571	0.06297	0.01328	0.07140	0.01103	0.01271	0.00835	0.00543	0.00488	0.00157	0.00606	0.00424	0.00374	0.24107
26	0.16793	0.11353	0.06255	0.08415	0.13469	0.03944	0.05709	0.03839	0.03264	0.05376	0.01126	0.01351	0.00894	0.00738	0.04227	0.00201	0.00688	0.00451	0.00343	0.11564
27	0.05699	0.03816	0.03029	0.02456	0.08501	0.01160	0.08341	0.04373	0.05846	0.17191	0.06984	0.07976	0.01625	0.00780	0.00704	0.00181	0.07518	0.00654	0.00466	0.12699
28	0.11145	0.04920	0.06949	0.05741	0.09729	0.03623	0.05016	0.03305	0.01429	0.27918	0.01549	0.01701	0.01124	0.00636	0.00547	0.00172	0.00609	0.02799	0.00469	0.10620
29	0.11063	0.04019	0.05651	0.03921	0.10098	0.03133	0.08260	0.08021	0.04956	0.15705	0.06025	0.01715	0.01326	0.00811	0.04062	0.00208	0.00657	0.00544	0.00447	0.09380
30	0.11701	0.13024	0.09801	0.01218	0.03944	0.03882	0.03385	0.06982	0.03779	0.20828	0.02805	0.01474	0.01092	0.00605	0.00511	0.00160	0.00593	0.00467	0.00449	0.13299
31	0.08104	0.02959	0.04535	0.08709	0.06893	0.01061	0.03294	0.06443	0.01452	0.18451	0.04214	0.02125	0.06209	0.00715	0.00559	0.00167	0.00551	0.04130	0.00464	0.18964

[dist]
# distance from previous block
# <min> <max>
17	965

# created by:
# /home/berkeley/.conda/envs/busco_data_prod/bin/msa2prfl.pl pipeline/OGs_align_augustus/33634/167270.fs
