[name]
unknown

[dist]
# distance from previous block
# <min> <max>
0	202

[block]
# block no. 0 follows, 36 sequences, length 19
# corresponding to MSA columns:
# 209-227
name=unknown_A
#
# <colnr> <probs for GDERKNQSTAVLIFYWHMCP>
#	G	D	E	R	K	N	Q	S	T	A	V	L	I	F	Y	W	H	M	C	P
0	0.04332	0.01236	0.04886	0.12325	0.18158	0.01211	0.04119	0.06417	0.03007	0.10670	0.07475	0.07304	0.07888	0.00913	0.00725	0.00207	0.04331	0.03523	0.00465	0.00808
1	0.04990	0.01360	0.14197	0.01407	0.08897	0.01015	0.02496	0.05166	0.01526	0.15286	0.13261	0.10293	0.07841	0.01184	0.05062	0.00245	0.00629	0.00818	0.00514	0.03814
2	0.01191	0.01011	0.01177	0.00889	0.01364	0.00772	0.00698	0.01441	0.01297	0.01958	0.01831	0.08249	0.08580	0.00701	0.00518	0.00118	0.00438	0.00584	0.00408	0.66777
3	0.01512	0.01564	0.08319	0.07430	0.11738	0.01445	0.20715	0.13087	0.08394	0.02382	0.09430	0.01964	0.01581	0.00697	0.00680	0.00195	0.02128	0.00664	0.00430	0.05645
4	0.01177	0.01107	0.01869	0.76606	0.04291	0.01384	0.01730	0.01592	0.01246	0.01592	0.01107	0.01661	0.00831	0.00623	0.00623	0.00208	0.00831	0.00554	0.00277	0.00692
5	0.10023	0.00935	0.01175	0.01099	0.04791	0.00905	0.00814	0.04335	0.01473	0.31330	0.02193	0.07106	0.01834	0.10778	0.04198	0.00286	0.00569	0.06578	0.08790	0.00788
6	0.00749	0.00632	0.00648	0.00644	0.00849	0.00531	0.00483	0.00918	0.01449	0.01752	0.12044	0.05882	0.68188	0.01552	0.00736	0.00209	0.00314	0.01299	0.00588	0.00531
7	0.00914	0.00639	0.00789	0.05475	0.00961	0.00666	0.00513	0.00968	0.00951	0.01275	0.01950	0.07323	0.02192	0.61999	0.10363	0.00603	0.00716	0.00901	0.00376	0.00422
8	0.13280	0.04370	0.01711	0.01335	0.01758	0.14930	0.05687	0.20734	0.07506	0.15235	0.06144	0.01731	0.01400	0.00728	0.00587	0.00186	0.00693	0.00563	0.00533	0.00886
9	0.01515	0.07808	0.24233	0.01552	0.02176	0.01328	0.14299	0.05685	0.01504	0.09591	0.05932	0.01904	0.01374	0.00671	0.00607	0.00179	0.00738	0.03578	0.00403	0.14921
10	0.05878	0.05095	0.01774	0.04866	0.01856	0.03009	0.06420	0.22894	0.08069	0.17283	0.10670	0.02047	0.01762	0.00801	0.00697	0.00196	0.04569	0.00644	0.00569	0.00903
11	0.01646	0.73385	0.03175	0.01104	0.01602	0.02429	0.01086	0.01841	0.01245	0.01468	0.00863	0.01023	0.00801	0.00570	0.00508	0.00142	0.05705	0.00347	0.00267	0.00792
12	0.00942	0.00725	0.00982	0.01045	0.01110	0.00787	0.00806	0.01107	0.01225	0.01656	0.05225	0.34475	0.03348	0.09433	0.01234	0.00300	0.11458	0.23086	0.00516	0.00542
13	0.05491	0.04703	0.18040	0.20507	0.02657	0.06183	0.05873	0.07952	0.06187	0.06306	0.01265	0.01521	0.00949	0.00690	0.00753	0.00204	0.08996	0.00530	0.00365	0.00828
14	0.01670	0.01392	0.02209	0.08424	0.14908	0.01521	0.14851	0.12397	0.02791	0.10120	0.01473	0.06641	0.01225	0.00815	0.00948	0.00216	0.16441	0.00679	0.00421	0.00858
15	0.00922	0.00598	0.00691	0.00691	0.00691	0.00598	0.00392	0.00898	0.00898	0.01197	0.01885	0.03884	0.02160	0.71381	0.03106	0.07798	0.00598	0.00874	0.00368	0.00368
16	0.01160	0.01035	0.01698	0.04419	0.15751	0.01020	0.12848	0.03849	0.04952	0.02050	0.16068	0.24723	0.05466	0.01157	0.00717	0.00214	0.00569	0.01086	0.00496	0.00720
17	0.24370	0.01303	0.01661	0.09727	0.11947	0.01403	0.05551	0.11717	0.08139	0.12657	0.04601	0.01697	0.01264	0.00681	0.00569	0.00195	0.00618	0.00555	0.00481	0.00861
18	0.02198	0.01604	0.01712	0.01338	0.01792	0.01773	0.01097	0.60940	0.06895	0.03687	0.01611	0.01628	0.01164	0.00751	0.00605	0.00184	0.00634	0.00571	0.08809	0.01007

[dist]
# distance from previous block
# <min> <max>
1	23

[block]
# block no. 1 follows, 36 sequences, length 19
# corresponding to MSA columns:
# 252-270
name=unknown_B
#
# <colnr> <probs for GDERKNQSTAVLIFYWHMCP>
#	G	D	E	R	K	N	Q	S	T	A	V	L	I	F	Y	W	H	M	C	P
0	0.01875	0.01055	0.01253	0.01060	0.01421	0.01048	0.00839	0.05336	0.22814	0.29811	0.06273	0.07036	0.08065	0.00942	0.00636	0.00197	0.00469	0.00786	0.05592	0.03491
1	0.01133	0.01001	0.01640	0.05375	0.16994	0.01047	0.07492	0.01417	0.01181	0.01689	0.01555	0.07459	0.01456	0.02573	0.35427	0.00566	0.03438	0.00695	0.00343	0.07518
2	0.01798	0.05183	0.11298	0.02175	0.18437	0.11926	0.15042	0.07720	0.01615	0.11875	0.01473	0.06010	0.01186	0.00692	0.00632	0.00191	0.00818	0.00628	0.00408	0.00892
3	0.01583	0.20819	0.17991	0.05516	0.01982	0.02713	0.01365	0.11476	0.07312	0.06288	0.01707	0.02486	0.01493	0.00845	0.00606	0.00198	0.00702	0.13645	0.00432	0.00841
4	0.00802	0.00614	0.00791	0.00869	0.00943	0.00603	0.00612	0.00938	0.01252	0.01661	0.08722	0.53231	0.15976	0.01889	0.03542	0.00270	0.04658	0.01539	0.00560	0.00527
5	0.00909	0.00709	0.01034	0.01345	0.12397	0.00680	0.00820	0.01085	0.01287	0.01746	0.08128	0.55235	0.03717	0.01668	0.00768	0.00241	0.00432	0.06665	0.00544	0.00592
6	0.04537	0.04377	0.04111	0.10792	0.09379	0.01344	0.05467	0.16856	0.06126	0.09439	0.14091	0.03799	0.04121	0.00841	0.00642	0.00196	0.00618	0.01900	0.00518	0.00846
7	0.00940	0.00658	0.00752	0.00754	0.00795	0.00668	0.00461	0.01110	0.06759	0.01439	0.06403	0.12232	0.02657	0.58866	0.02559	0.00509	0.00550	0.01000	0.00439	0.00453
8	0.00975	0.00698	0.00843	0.00788	0.00980	0.00645	0.00597	0.01319	0.06009	0.05746	0.47944	0.04752	0.23746	0.01305	0.00724	0.00201	0.00323	0.01128	0.00658	0.00618
9	0.10914	0.01634	0.11473	0.12500	0.23530	0.01482	0.11123	0.08890	0.05027	0.02258	0.01324	0.01758	0.01063	0.00652	0.00616	0.00200	0.00763	0.03554	0.00367	0.00871
10	0.01854	0.01101	0.01604	0.07522	0.09585	0.01171	0.02213	0.02085	0.01428	0.31640	0.02151	0.10962	0.05286	0.00982	0.00959	0.00219	0.17090	0.00767	0.00534	0.00845
11	0.00984	0.00684	0.00830	0.00883	0.01014	0.00676	0.00661	0.04269	0.05087	0.01994	0.09198	0.34768	0.09095	0.01513	0.00719	0.00227	0.00394	0.12159	0.14258	0.00586
12	0.45671	0.01775	0.01282	0.05460	0.01646	0.25186	0.00930	0.02146	0.07055	0.02304	0.01045	0.01190	0.00823	0.00623	0.00476	0.00185	0.00708	0.00400	0.00379	0.00716
13	0.01557	0.12274	0.26837	0.05763	0.11212	0.01561	0.20057	0.02051	0.01408	0.09560	0.01269	0.01498	0.00936	0.00583	0.00612	0.00191	0.00854	0.00549	0.00337	0.00895
14	0.05441	0.01710	0.07883	0.01373	0.01900	0.01666	0.01204	0.49590	0.02491	0.17995	0.01634	0.01588	0.01120	0.00733	0.00612	0.00189	0.00666	0.00557	0.00614	0.01033
15	0.01117	0.00687	0.00840	0.00791	0.00970	0.00652	0.00596	0.01456	0.05118	0.08416	0.40118	0.09743	0.07775	0.01165	0.00663	0.00191	0.00329	0.01010	0.17725	0.00636
16	0.01512	0.01119	0.01590	0.15273	0.18228	0.01165	0.01219	0.06199	0.10001	0.12934	0.02562	0.08985	0.12400	0.00954	0.00663	0.00206	0.00592	0.03072	0.00502	0.00826
17	0.30985	0.01467	0.01418	0.07490	0.01795	0.06873	0.00997	0.20208	0.11261	0.09677	0.01429	0.01479	0.01041	0.00684	0.00535	0.00193	0.00616	0.00494	0.00502	0.00856
18	0.06185	0.01207	0.05694	0.03094	0.18068	0.01138	0.01119	0.01802	0.06496	0.09184	0.06041	0.04641	0.02832	0.10937	0.01051	0.00245	0.06993	0.00670	0.04428	0.08174

[dist]
# distance from previous block
# <min> <max>
5	16

[block]
# block no. 2 follows, 36 sequences, length 21
# corresponding to MSA columns:
# 287-307
name=unknown_C
#
# <colnr> <probs for GDERKNQSTAVLIFYWHMCP>
#	G	D	E	R	K	N	Q	S	T	A	V	L	I	F	Y	W	H	M	C	P
0	0.10106	0.03870	0.19427	0.01267	0.01781	0.01248	0.03389	0.01990	0.12157	0.05937	0.03511	0.07519	0.01420	0.00754	0.00639	0.00181	0.04392	0.00601	0.00422	0.19390
1	0.01059	0.00843	0.05752	0.00917	0.01133	0.00666	0.00745	0.01318	0.01488	0.07568	0.30051	0.26925	0.04020	0.01342	0.00709	0.00208	0.00398	0.04291	0.04298	0.06266
2	0.01877	0.01435	0.01570	0.01253	0.01693	0.01521	0.01023	0.42244	0.10789	0.03140	0.01986	0.02207	0.06104	0.00935	0.02690	0.00205	0.00624	0.04637	0.00571	0.13495
3	0.01313	0.07820	0.05451	0.01210	0.06145	0.01061	0.02581	0.01652	0.03518	0.01966	0.01301	0.06631	0.01162	0.00597	0.00508	0.00125	0.00529	0.00499	0.00372	0.55561
4	0.09267	0.01842	0.01489	0.01270	0.01648	0.27911	0.00990	0.12449	0.08003	0.15385	0.01827	0.01865	0.05926	0.02944	0.00654	0.00190	0.00743	0.00559	0.00500	0.04537
5	0.00865	0.00629	0.00821	0.00839	0.00968	0.00585	0.00635	0.01112	0.01585	0.02181	0.46073	0.19339	0.09763	0.01487	0.00764	0.00220	0.00346	0.10580	0.00643	0.00566
6	0.04138	0.06854	0.15283	0.04027	0.03594	0.03482	0.21246	0.11658	0.01662	0.15840	0.01544	0.05207	0.01172	0.00690	0.00635	0.00196	0.00796	0.00636	0.00444	0.00897
7	0.06060	0.01234	0.01727	0.18801	0.17274	0.01309	0.01296	0.14597	0.01677	0.17718	0.01626	0.03627	0.01262	0.04398	0.00733	0.00214	0.00660	0.01771	0.03142	0.00872
8	0.01236	0.00678	0.00885	0.00878	0.01045	0.00609	0.00637	0.01377	0.01385	0.17904	0.09585	0.40501	0.13371	0.01589	0.00830	0.04519	0.00396	0.01332	0.00614	0.00627
9	0.01147	0.00915	0.03477	0.04417	0.01282	0.00943	0.00829	0.04942	0.04895	0.02236	0.23801	0.06674	0.05019	0.01073	0.00824	0.00202	0.10751	0.04444	0.21480	0.00650
10	0.29196	0.21269	0.06484	0.03419	0.04021	0.03348	0.03231	0.01889	0.02903	0.06644	0.01219	0.06266	0.01061	0.00712	0.00595	0.00188	0.05915	0.00507	0.00373	0.00760
11	0.07081	0.00938	0.01121	0.01043	0.01287	0.00952	0.00822	0.15553	0.01726	0.11887	0.12401	0.25561	0.03086	0.01330	0.00713	0.00226	0.00482	0.12454	0.00613	0.00723
12	0.00789	0.00574	0.00749	0.00865	0.00936	0.00534	0.00609	0.00934	0.01282	0.01696	0.09262	0.58625	0.10793	0.01842	0.00791	0.00248	0.00371	0.07993	0.00586	0.00521
13	0.07951	0.05308	0.12653	0.17128	0.08397	0.06213	0.03609	0.03725	0.05846	0.17268	0.01446	0.01604	0.01046	0.00674	0.00659	0.00196	0.04458	0.00533	0.00423	0.00864
14	0.05657	0.01853	0.24611	0.01733	0.06897	0.01326	0.14231	0.02112	0.13524	0.05741	0.03642	0.03539	0.01364	0.00969	0.05830	0.00255	0.00808	0.00628	0.04427	0.00855
15	0.00985	0.00663	0.00849	0.00912	0.01064	0.00613	0.00714	0.01184	0.01403	0.06981	0.08419	0.27764	0.20734	0.01661	0.00786	0.00246	0.00426	0.23421	0.00597	0.00577
16	0.06598	0.08513	0.07056	0.01725	0.09161	0.21411	0.07863	0.09681	0.01654	0.09475	0.01417	0.04594	0.01185	0.00744	0.00642	0.00189	0.03127	0.03720	0.00413	0.00832
17	0.09710	0.06642	0.05706	0.03706	0.07269	0.01662	0.04701	0.25175	0.18871	0.07870	0.01641	0.01664	0.01207	0.00705	0.00592	0.00192	0.00647	0.00566	0.00522	0.00954
18	0.01316	0.00895	0.01027	0.00969	0.01071	0.05980	0.00689	0.05962	0.10651	0.01504	0.01295	0.01872	0.01171	0.01790	0.01946	0.59931	0.00585	0.00554	0.00346	0.00449
19	0.00834	0.00617	0.00749	0.00748	0.00892	0.00565	0.00549	0.00980	0.01389	0.01815	0.24198	0.11372	0.33553	0.01855	0.07211	0.09998	0.00454	0.01157	0.00552	0.00514
20	0.01547	0.42937	0.05171	0.01120	0.01561	0.01891	0.01027	0.02175	0.20193	0.04249	0.04502	0.08117	0.01601	0.00777	0.00524	0.00171	0.00585	0.00600	0.00423	0.00828

[dist]
# distance from previous block
# <min> <max>
6	16

[block]
# block no. 3 follows, 36 sequences, length 29
# corresponding to MSA columns:
# 329-357
name=unknown_D
#
# <colnr> <probs for GDERKNQSTAVLIFYWHMCP>
#	G	D	E	R	K	N	Q	S	T	A	V	L	I	F	Y	W	H	M	C	P
0	0.04978	0.05529	0.05736	0.02223	0.08981	0.01478	0.41833	0.05129	0.01513	0.06985	0.03858	0.06078	0.01317	0.00667	0.00678	0.00202	0.00857	0.00728	0.00385	0.00845
1	0.04819	0.01378	0.04111	0.12487	0.10689	0.06087	0.04330	0.01719	0.01331	0.01962	0.01103	0.01371	0.00895	0.00521	0.00524	0.00138	0.00636	0.00439	0.00340	0.45121
2	0.08440	0.00825	0.01023	0.01048	0.01266	0.00823	0.00885	0.04965	0.01507	0.09007	0.05311	0.08555	0.11008	0.01461	0.00764	0.00252	0.00521	0.41110	0.00582	0.00646
3	0.01177	0.01107	0.01869	0.76606	0.04291	0.01384	0.01730	0.01592	0.01246	0.01592	0.01107	0.01661	0.00831	0.00623	0.00623	0.00208	0.00831	0.00554	0.00277	0.00692
4	0.00906	0.00604	0.00680	0.00680	0.00680	0.00604	0.00378	0.00906	0.00906	0.01208	0.01963	0.04077	0.02265	0.78103	0.03171	0.00604	0.00604	0.00906	0.00378	0.00378
5	0.82504	0.01205	0.00916	0.00819	0.01205	0.01398	0.00675	0.01832	0.01060	0.02795	0.00868	0.01012	0.00675	0.00578	0.00386	0.00193	0.00482	0.00337	0.00386	0.00675
6	0.02287	0.07930	0.01876	0.01554	0.01905	0.64147	0.01193	0.08634	0.01835	0.01734	0.01004	0.01148	0.00825	0.00644	0.00556	0.00161	0.01054	0.00411	0.00344	0.00757
7	0.01414	0.01309	0.01993	0.07328	0.32639	0.01222	0.05243	0.01830	0.05060	0.02031	0.01217	0.01498	0.00996	0.00535	0.00562	0.00152	0.00639	0.00498	0.00348	0.33488
8	0.02349	0.01077	0.01554	0.01197	0.01644	0.00962	0.07180	0.05559	0.01781	0.53749	0.09719	0.02533	0.06065	0.00845	0.00653	0.00195	0.00547	0.00723	0.00705	0.00963
9	0.00905	0.00607	0.00696	0.00696	0.00701	0.00613	0.00397	0.00916	0.00911	0.01220	0.01949	0.03996	0.02230	0.74450	0.06776	0.00624	0.00657	0.00894	0.00375	0.00386
10	0.01272	0.01189	0.02002	0.55007	0.22596	0.01384	0.01737	0.01672	0.01293	0.01732	0.01154	0.01651	0.00896	0.00608	0.00615	0.00200	0.00790	0.00555	0.02881	0.00766
11	0.04919	0.10029	0.01764	0.01279	0.01650	0.01412	0.09639	0.11452	0.22084	0.04185	0.11373	0.07603	0.06892	0.00936	0.00642	0.00200	0.00563	0.02011	0.00542	0.00825
12	0.01040	0.00556	0.00780	0.00780	0.00780	0.00556	0.00502	0.00834	0.00834	0.01113	0.01294	0.02419	0.01367	0.20434	0.02612	0.62321	0.00556	0.00629	0.00296	0.00296
13	0.01304	0.01268	0.01475	0.01333	0.01424	0.10936	0.01070	0.01485	0.01100	0.01539	0.01224	0.01786	0.01134	0.02295	0.28185	0.00511	0.34963	0.00573	0.05758	0.00635
14	0.07795	0.29876	0.08284	0.01729	0.13150	0.09763	0.06429	0.04344	0.04689	0.06804	0.01176	0.01325	0.00938	0.00593	0.00523	0.00169	0.00745	0.00459	0.00353	0.00858
15	0.01214	0.01237	0.05598	0.66049	0.03972	0.01402	0.01694	0.01764	0.07632	0.01702	0.01235	0.01702	0.00924	0.00641	0.00622	0.00207	0.00805	0.00562	0.00308	0.00730
16	0.00844	0.00582	0.00772	0.00850	0.00928	0.00539	0.00589	0.01008	0.01369	0.03631	0.23370	0.55159	0.04556	0.01731	0.00774	0.00235	0.00346	0.01561	0.00614	0.00543
17	0.01274	0.01215	0.12042	0.01158	0.04664	0.00939	0.00979	0.07852	0.05747	0.07774	0.23227	0.11834	0.10312	0.01098	0.00668	0.00200	0.00481	0.00941	0.06855	0.00740
18	0.01509	0.09568	0.30265	0.01954	0.10906	0.01591	0.12332	0.12382	0.04769	0.02232	0.01374	0.05826	0.01118	0.00684	0.00616	0.00194	0.00808	0.00602	0.00365	0.00905
19	0.01286	0.01770	0.19475	0.44410	0.03437	0.07946	0.03999	0.01749	0.01351	0.01752	0.05988	0.01731	0.01161	0.00658	0.00621	0.00200	0.00849	0.00562	0.00306	0.00748
20	0.08216	0.01255	0.01376	0.01136	0.01522	0.01329	0.00913	0.26686	0.13501	0.17249	0.02395	0.07279	0.07975	0.00908	0.00618	0.00197	0.00531	0.00729	0.05278	0.00906
21	0.19355	0.01117	0.01356	0.08682	0.06537	0.01135	0.02110	0.03397	0.04049	0.04485	0.04111	0.05136	0.01344	0.05208	0.02151	0.00210	0.03969	0.00562	0.00405	0.24681
22	0.11494	0.03141	0.10118	0.14723	0.04519	0.12214	0.01287	0.08534	0.06183	0.15896	0.02574	0.01598	0.01113	0.00671	0.00576	0.00187	0.00725	0.00518	0.00452	0.03474
23	0.00831	0.00630	0.00784	0.00858	0.00985	0.00595	0.00655	0.01005	0.01299	0.01658	0.04153	0.25131	0.27579	0.05940	0.07563	0.00331	0.00527	0.18401	0.00545	0.00527
24	0.01110	0.00949	0.01561	0.01333	0.01544	0.00972	0.15383	0.01367	0.01389	0.04678	0.17750	0.24089	0.07255	0.01311	0.00941	0.00232	0.11339	0.05642	0.00511	0.00644
25	0.10456	0.05150	0.32112	0.01787	0.11087	0.01462	0.04772	0.08311	0.04733	0.09246	0.01342	0.01497	0.00985	0.00780	0.03456	0.00223	0.00797	0.00510	0.00385	0.00909
26	0.08299	0.01380	0.04111	0.03920	0.04693	0.08444	0.14467	0.04236	0.06691	0.12036	0.04544	0.05898	0.02888	0.01120	0.07282	0.00266	0.00775	0.00685	0.07479	0.00786
27	0.00921	0.00660	0.00848	0.00896	0.01036	0.00622	0.00695	0.01180	0.03119	0.03612	0.24952	0.23044	0.14787	0.01580	0.00778	0.00236	0.00397	0.19447	0.00615	0.00575
28	0.00855	0.00580	0.00756	0.00869	0.00937	0.00544	0.00606	0.00986	0.01232	0.03659	0.03426	0.60142	0.07312	0.05291	0.00889	0.00265	0.00391	0.07545	0.03188	0.00525

[dist]
# distance from previous block
# <min> <max>
4	82

[block]
# block no. 4 follows, 36 sequences, length 44
# corresponding to MSA columns:
# 441-484
name=unknown_E
#
# <colnr> <probs for GDERKNQSTAVLIFYWHMCP>
#	G	D	E	R	K	N	Q	S	T	A	V	L	I	F	Y	W	H	M	C	P
0	0.01480	0.05871	0.09647	0.11874	0.08341	0.01474	0.13867	0.08829	0.01454	0.04750	0.01296	0.04390	0.01073	0.00886	0.04255	0.00232	0.09932	0.00598	0.00361	0.09390
1	0.17586	0.06082	0.10236	0.05180	0.01667	0.02524	0.01046	0.05795	0.07107	0.10047	0.01732	0.10835	0.01544	0.00953	0.00694	0.05195	0.00588	0.04816	0.00458	0.05913
2	0.01938	0.01011	0.01394	0.01149	0.01508	0.00952	0.05196	0.07812	0.04635	0.35709	0.11425	0.09423	0.05714	0.01170	0.03632	0.00238	0.00567	0.05003	0.00661	0.00863
3	0.01252	0.00763	0.00978	0.05484	0.01270	0.00720	0.00729	0.03275	0.01615	0.14364	0.28638	0.07663	0.17993	0.01232	0.00702	0.00206	0.00406	0.06538	0.05505	0.00668
4	0.01021	0.05615	0.01335	0.10929	0.01634	0.00884	0.07294	0.01270	0.01412	0.03605	0.15791	0.17999	0.23144	0.01246	0.00698	0.00206	0.00488	0.01102	0.00511	0.03816
5	0.01262	0.03136	0.70860	0.01824	0.02728	0.01454	0.06229	0.01974	0.01324	0.01974	0.01126	0.01336	0.00798	0.00588	0.00600	0.00198	0.00928	0.00476	0.00266	0.00916
6	0.00772	0.00552	0.00736	0.00870	0.00915	0.00516	0.00589	0.00895	0.01231	0.01648	0.07403	0.71842	0.04207	0.01908	0.00793	0.00251	0.00363	0.03412	0.00584	0.00512
7	0.01907	0.01232	0.01542	0.12000	0.06026	0.01314	0.01096	0.22862	0.09272	0.18323	0.05021	0.04841	0.01596	0.00800	0.00616	0.00192	0.00584	0.00661	0.09209	0.00904
8	0.06876	0.01338	0.05908	0.01124	0.01632	0.01157	0.00969	0.16455	0.03286	0.25723	0.01678	0.01653	0.01178	0.00654	0.00553	0.00161	0.00551	0.00511	0.04304	0.24290
9	0.00928	0.00723	0.01074	0.01052	0.01154	0.00869	0.00826	0.01144	0.00998	0.01451	0.01601	0.02361	0.01498	0.04386	0.69749	0.00943	0.07690	0.00658	0.00329	0.00566
10	0.00772	0.00555	0.00711	0.00830	0.00877	0.00517	0.00550	0.00873	0.01183	0.01561	0.03521	0.64780	0.09525	0.09352	0.01022	0.00284	0.00381	0.01650	0.00559	0.00495
11	0.02915	0.07904	0.07877	0.01147	0.01411	0.11224	0.03101	0.01505	0.04110	0.01677	0.02460	0.18759	0.12661	0.01434	0.05487	0.05252	0.06063	0.00899	0.03477	0.00637
12	0.06081	0.44418	0.11054	0.01133	0.01623	0.01926	0.01127	0.07140	0.01409	0.01858	0.04638	0.03991	0.06986	0.00739	0.00554	0.00166	0.03489	0.00531	0.00353	0.00782
13	0.02343	0.01592	0.01739	0.01342	0.01817	0.01728	0.01106	0.59596	0.02693	0.12134	0.01643	0.01621	0.01150	0.00749	0.00612	0.00185	0.00643	0.00570	0.05708	0.01030
14	0.00906	0.00604	0.00680	0.00680	0.00680	0.00604	0.00378	0.00906	0.00906	0.01208	0.01963	0.04077	0.02265	0.78103	0.03171	0.00604	0.00604	0.00906	0.00378	0.00378
15	0.82504	0.01205	0.00916	0.00819	0.01205	0.01398	0.00675	0.01832	0.01060	0.02795	0.00868	0.01012	0.00675	0.00578	0.00386	0.00193	0.00482	0.00337	0.00386	0.00675
16	0.01907	0.02269	0.01828	0.01619	0.01799	0.43451	0.01273	0.02057	0.01412	0.01514	0.00900	0.01228	0.00809	0.00838	0.01209	0.00209	0.34211	0.00464	0.00300	0.00705
17	0.01332	0.01307	0.07084	0.26960	0.02574	0.01158	0.02687	0.07167	0.01411	0.02036	0.01180	0.01486	0.00920	0.00561	0.00544	0.00152	0.00645	0.00470	0.03652	0.36673
18	0.01134	0.00916	0.01123	0.01021	0.01262	0.00941	0.03429	0.04833	0.20811	0.02385	0.32185	0.05950	0.13594	0.01202	0.00715	0.00211	0.00420	0.06526	0.00629	0.00713
19	0.01177	0.01107	0.01869	0.76606	0.04291	0.01384	0.01730	0.01592	0.01246	0.01592	0.01107	0.01661	0.00831	0.00623	0.00623	0.00208	0.00831	0.00554	0.00277	0.00692
20	0.00753	0.00602	0.00674	0.00720	0.00868	0.00523	0.00516	0.00902	0.01365	0.01702	0.09477	0.30067	0.46271	0.01685	0.00756	0.00224	0.00330	0.01457	0.00585	0.00523
21	0.01666	0.78478	0.03265	0.01066	0.01599	0.02465	0.01066	0.01866	0.01266	0.01466	0.00866	0.00999	0.00800	0.00533	0.00400	0.00133	0.00666	0.00333	0.00267	0.00800
22	0.00890	0.00668	0.01001	0.01001	0.01113	0.00779	0.00779	0.01113	0.01001	0.01446	0.01669	0.02448	0.01558	0.04673	0.75634	0.01001	0.01669	0.00668	0.00334	0.00556
23	0.82504	0.01205	0.00916	0.00819	0.01205	0.01398	0.00675	0.01832	0.01060	0.02795	0.00868	0.01012	0.00675	0.00578	0.00386	0.00193	0.00482	0.00337	0.00386	0.00675
24	0.01550	0.01338	0.01409	0.01268	0.01620	0.01550	0.00986	0.03311	0.73091	0.02606	0.02536	0.02325	0.01902	0.00845	0.00634	0.00211	0.00493	0.00704	0.00634	0.00986
25	0.82504	0.01205	0.00916	0.00819	0.01205	0.01398	0.00675	0.01832	0.01060	0.02795	0.00868	0.01012	0.00675	0.00578	0.00386	0.00193	0.00482	0.00337	0.00386	0.00675
26	0.01363	0.01363	0.01908	0.01636	0.01636	0.01908	0.01363	0.01499	0.00954	0.01499	0.00818	0.01363	0.00818	0.01091	0.02045	0.00273	0.76963	0.00545	0.00273	0.00682
27	0.01250	0.03223	0.74875	0.01776	0.02697	0.01447	0.02302	0.01973	0.01315	0.01973	0.01118	0.01315	0.00789	0.00592	0.00592	0.00197	0.00921	0.00460	0.00263	0.00921
28	0.01764	0.01336	0.01447	0.01244	0.01610	0.01491	0.00981	0.21135	0.41790	0.07315	0.02310	0.08122	0.01824	0.00899	0.00636	0.00205	0.00528	0.00743	0.03664	0.00957
29	0.02111	0.01629	0.01772	0.01400	0.01851	0.03641	0.03771	0.50932	0.15406	0.03455	0.01694	0.01694	0.01234	0.00753	0.00616	0.00189	0.00651	0.00591	0.05609	0.01000
30	0.00897	0.00600	0.00682	0.00691	0.00693	0.00598	0.00390	0.00904	0.00924	0.01232	0.02054	0.08628	0.02380	0.73396	0.03024	0.00582	0.00589	0.00960	0.00390	0.00385
31	0.00941	0.00719	0.01001	0.00961	0.01150	0.00660	0.05718	0.01159	0.01424	0.04573	0.14141	0.20948	0.27193	0.01649	0.03568	0.00259	0.00475	0.12307	0.00572	0.00582
32	0.00822	0.00613	0.00765	0.00772	0.00906	0.00556	0.00562	0.01044	0.01556	0.02113	0.43063	0.22450	0.19489	0.01499	0.00750	0.00213	0.00315	0.01320	0.00638	0.00556
33	0.00985	0.00593	0.00779	0.00801	0.00822	0.00595	0.00516	0.00953	0.03855	0.01280	0.01861	0.17090	0.02059	0.25314	0.02273	0.38051	0.00524	0.00895	0.00377	0.00378
34	0.01058	0.00654	0.00859	0.00926	0.01062	0.00603	0.00696	0.01226	0.01345	0.10646	0.03646	0.44617	0.12438	0.01712	0.00781	0.00247	0.00421	0.15872	0.00601	0.00591
35	0.01059	0.00681	0.00802	0.00814	0.00954	0.00706	0.00611	0.02580	0.07034	0.02047	0.06855	0.15821	0.03947	0.04320	0.11945	0.00327	0.00561	0.05117	0.33225	0.00597
36	0.12006	0.00931	0.01019	0.00884	0.01173	0.00949	0.00698	0.11124	0.03146	0.17828	0.06078	0.08163	0.01847	0.00851	0.00544	0.00180	0.00428	0.00685	0.30706	0.00760
37	0.00862	0.00572	0.00766	0.00888	0.00949	0.00532	0.00609	0.00982	0.01229	0.04978	0.03384	0.71765	0.03983	0.01889	0.00790	0.00251	0.00377	0.04073	0.00587	0.00534
38	0.01292	0.00978	0.01298	0.01162	0.01256	0.01186	0.00912	0.05354	0.01235	0.06229	0.07679	0.11217	0.01950	0.07907	0.06018	0.05358	0.29637	0.00787	0.07915	0.00629
39	0.01529	0.01446	0.02410	0.07903	0.58389	0.01444	0.04628	0.04632	0.01460	0.02081	0.01179	0.01533	0.00973	0.00558	0.00610	0.00180	0.00734	0.00548	0.00324	0.07438
40	0.01033	0.00719	0.00823	0.00801	0.00992	0.00666	0.00595	0.06775	0.01538	0.06095	0.13247	0.24014	0.32496	0.01474	0.00718	0.00213	0.00365	0.01268	0.05562	0.00605
41	0.70940	0.01146	0.00959	0.05508	0.01372	0.01326	0.00732	0.01740	0.01082	0.02625	0.01088	0.07185	0.00960	0.00691	0.00433	0.00199	0.00494	0.00465	0.00394	0.00662
42	0.01188	0.00743	0.00877	0.00823	0.00949	0.00741	0.00570	0.08636	0.01386	0.06360	0.13278	0.13797	0.02786	0.30499	0.01697	0.04129	0.00488	0.00955	0.09537	0.00560
43	0.00967	0.05453	0.00931	0.00807	0.00932	0.00714	0.00572	0.01068	0.01149	0.01551	0.05433	0.19501	0.08272	0.27720	0.01643	0.05340	0.00491	0.06819	0.03646	0.06989

[dist]
# distance from previous block
# <min> <max>
0	49

[block]
# block no. 5 follows, 36 sequences, length 57
# corresponding to MSA columns:
# 534-590
name=unknown_F
#
# <colnr> <probs for GDERKNQSTAVLIFYWHMCP>
#	G	D	E	R	K	N	Q	S	T	A	V	L	I	F	Y	W	H	M	C	P
0	0.07345	0.06909	0.17305	0.06429	0.04563	0.01520	0.01359	0.22362	0.01813	0.11969	0.01362	0.01460	0.00983	0.00652	0.00596	0.00179	0.02200	0.00495	0.00457	0.10044
1	0.05114	0.39558	0.02483	0.06674	0.04791	0.01778	0.07280	0.01817	0.03397	0.06608	0.01481	0.05031	0.04590	0.00791	0.00646	0.05642	0.00653	0.00551	0.00353	0.00759
2	0.00868	0.00618	0.00768	0.00806	0.00881	0.00578	0.00535	0.00977	0.01173	0.01599	0.10660	0.36482	0.03443	0.28125	0.01591	0.00359	0.00452	0.03652	0.00507	0.05927
3	0.05187	0.01196	0.01578	0.08850	0.14206	0.01128	0.01078	0.08059	0.02797	0.12572	0.01419	0.01701	0.01123	0.05777	0.00723	0.00183	0.00586	0.00514	0.00436	0.30888
4	0.02205	0.01051	0.01359	0.01091	0.01500	0.00965	0.00879	0.10326	0.01731	0.44932	0.02255	0.10386	0.01714	0.01213	0.07239	0.00260	0.00623	0.00725	0.00655	0.08890
5	0.01357	0.00969	0.01074	0.00995	0.01227	0.05805	0.00758	0.07744	0.04073	0.11425	0.17397	0.23003	0.09109	0.01447	0.04109	0.00245	0.00522	0.03885	0.00593	0.04263
6	0.01278	0.00823	0.00989	0.00882	0.01117	0.00794	0.00673	0.04745	0.09745	0.12851	0.36094	0.04071	0.15780	0.06328	0.00866	0.00227	0.00392	0.00998	0.00651	0.00698
7	0.00923	0.00670	0.00848	0.00902	0.01005	0.00656	0.00638	0.07203	0.01424	0.01916	0.12817	0.54743	0.06849	0.01863	0.04171	0.00272	0.00438	0.01509	0.00586	0.00569
8	0.01582	0.01446	0.02096	0.23598	0.22942	0.04845	0.06441	0.15622	0.01662	0.02230	0.01288	0.04369	0.01055	0.00669	0.00646	0.00190	0.02056	0.00594	0.00376	0.06293
9	0.00873	0.00647	0.00770	0.00794	0.00932	0.00600	0.00573	0.04214	0.01480	0.01975	0.21278	0.33019	0.23986	0.01574	0.00741	0.00220	0.00344	0.01380	0.04042	0.00560
10	0.00955	0.00637	0.00767	0.00780	0.00813	0.00649	0.00497	0.01041	0.04426	0.01338	0.02060	0.08796	0.02289	0.52045	0.05131	0.10738	0.00609	0.05605	0.00402	0.00422
11	0.01606	0.03785	0.01810	0.03127	0.08166	0.10111	0.04399	0.09281	0.19632	0.02148	0.01564	0.01907	0.01297	0.01007	0.04634	0.00244	0.14975	0.03516	0.00433	0.06357
12	0.07844	0.01456	0.08105	0.04651	0.01934	0.01337	0.06600	0.15974	0.12374	0.25019	0.06760	0.01997	0.01591	0.00757	0.00622	0.00197	0.00623	0.00629	0.00587	0.00944
13	0.00890	0.00668	0.01001	0.01001	0.01113	0.00779	0.00779	0.01113	0.01001	0.01446	0.01669	0.02448	0.01558	0.04673	0.75634	0.01001	0.01669	0.00668	0.00334	0.00556
14	0.00757	0.00550	0.00715	0.00847	0.00898	0.00508	0.00569	0.00870	0.01213	0.01599	0.03688	0.71377	0.10276	0.01919	0.00790	0.00249	0.00357	0.01731	0.00578	0.00508
15	0.02056	0.04508	0.01980	0.07000	0.05400	0.16154	0.11004	0.07294	0.12191	0.22021	0.03017	0.01793	0.01306	0.00700	0.00623	0.00190	0.00758	0.00593	0.00511	0.00903
16	0.01029	0.00695	0.00889	0.00886	0.01034	0.00668	0.00651	0.01382	0.07839	0.07079	0.35928	0.30595	0.04553	0.01455	0.00743	0.00220	0.00358	0.02724	0.00646	0.00625
17	0.01229	0.00907	0.01058	0.01071	0.01289	0.00982	0.00879	0.02036	0.26653	0.02222	0.02765	0.04387	0.02577	0.01204	0.00692	0.00231	0.00486	0.31079	0.17531	0.00721
18	0.01138	0.01065	0.01760	0.69910	0.03987	0.01309	0.01620	0.01530	0.01261	0.01600	0.01566	0.02043	0.07276	0.00707	0.00633	0.00208	0.00785	0.00621	0.00303	0.00677
19	0.11780	0.01194	0.01853	0.37545	0.09329	0.01377	0.07842	0.04830	0.01349	0.01985	0.06071	0.04970	0.01322	0.00735	0.00700	0.00208	0.05194	0.00632	0.00353	0.00731
20	0.00753	0.00567	0.00697	0.00801	0.00886	0.00512	0.00549	0.00875	0.01257	0.01617	0.04249	0.57400	0.23891	0.01846	0.00779	0.00241	0.00348	0.01642	0.00578	0.00512
21	0.01466	0.01667	0.03601	0.02584	0.03188	0.01590	0.68959	0.01975	0.01449	0.01975	0.01242	0.01667	0.00940	0.00549	0.00791	0.00213	0.04271	0.00727	0.00313	0.00834
22	0.01390	0.01265	0.01923	0.24506	0.30551	0.01381	0.01525	0.05440	0.12708	0.02047	0.01821	0.05133	0.06106	0.00757	0.00637	0.00200	0.00681	0.00679	0.00395	0.00853
23	0.01376	0.19213	0.10578	0.01397	0.04710	0.01500	0.07702	0.04957	0.16483	0.02110	0.12410	0.09829	0.03401	0.00886	0.00616	0.00191	0.00608	0.00762	0.00463	0.00810
24	0.00890	0.00668	0.01001	0.01001	0.01113	0.00779	0.00779	0.01113	0.01001	0.01446	0.01669	0.02448	0.01558	0.04673	0.75634	0.01001	0.01669	0.00668	0.00334	0.00556
25	0.01169	0.01024	0.01134	0.09237	0.01576	0.10748	0.00977	0.01395	0.01416	0.01763	0.10290	0.09769	0.02994	0.05127	0.00980	0.05042	0.00629	0.33660	0.00493	0.00576
26	0.00759	0.00542	0.00723	0.00868	0.00904	0.00506	0.00578	0.00868	0.01193	0.01591	0.03434	0.77697	0.04121	0.01952	0.00795	0.00253	0.00361	0.01771	0.00578	0.00506
27	0.01250	0.03223	0.74875	0.01776	0.02697	0.01447	0.02302	0.01973	0.01315	0.01973	0.01118	0.01315	0.00789	0.00592	0.00592	0.00197	0.00921	0.00460	0.00263	0.00921
28	0.01292	0.01107	0.01292	0.00923	0.01477	0.00831	0.00738	0.01569	0.01292	0.02030	0.01107	0.01292	0.00923	0.00461	0.00461	0.00092	0.00461	0.00369	0.00369	0.81912
29	0.02795	0.01060	0.01446	0.01109	0.01591	0.00916	0.00916	0.03036	0.01783	0.74648	0.02458	0.02121	0.01542	0.00771	0.00627	0.00193	0.00530	0.00627	0.00771	0.01060
30	0.82504	0.01205	0.00916	0.00819	0.01205	0.01398	0.00675	0.01832	0.01060	0.02795	0.00868	0.01012	0.00675	0.00578	0.00386	0.00193	0.00482	0.00337	0.00386	0.00675
31	0.02368	0.01745	0.01870	0.01434	0.01932	0.01932	0.01184	0.72139	0.02929	0.03927	0.01496	0.01496	0.01060	0.00748	0.00623	0.00187	0.00686	0.00561	0.00623	0.01060
32	0.01363	0.01363	0.01908	0.01636	0.01636	0.01908	0.01363	0.01499	0.00954	0.01499	0.00818	0.01363	0.00818	0.01091	0.02045	0.00273	0.76963	0.00545	0.00273	0.00682
33	0.82504	0.01205	0.00916	0.00819	0.01205	0.01398	0.00675	0.01832	0.01060	0.02795	0.00868	0.01012	0.00675	0.00578	0.00386	0.00193	0.00482	0.00337	0.00386	0.00675
34	0.00882	0.00637	0.00833	0.00784	0.00931	0.00588	0.00588	0.01176	0.01764	0.02499	0.73888	0.04654	0.05879	0.01274	0.00735	0.00196	0.00294	0.01127	0.00686	0.00588
35	0.01082	0.00541	0.00812	0.00812	0.00812	0.00541	0.00541	0.00812	0.00812	0.01082	0.01082	0.01894	0.01082	0.02165	0.02435	0.81872	0.00541	0.00541	0.00271	0.00271
36	0.72357	0.01273	0.01037	0.00897	0.01297	0.01465	0.00739	0.10734	0.01297	0.02939	0.00947	0.01073	0.00723	0.00600	0.00416	0.00192	0.00508	0.00366	0.00416	0.00723
37	0.00759	0.00542	0.00723	0.00868	0.00904	0.00506	0.00578	0.00868	0.01193	0.01591	0.03434	0.77697	0.04121	0.01952	0.00795	0.00253	0.00361	0.01771	0.00578	0.00506
38	0.01666	0.78478	0.03265	0.01066	0.01599	0.02465	0.01066	0.01866	0.01266	0.01466	0.00866	0.00999	0.00800	0.00533	0.00400	0.00133	0.00666	0.00333	0.00267	0.00800
39	0.01666	0.78478	0.03265	0.01066	0.01599	0.02465	0.01066	0.01866	0.01266	0.01466	0.00866	0.00999	0.00800	0.00533	0.00400	0.00133	0.00666	0.00333	0.00267	0.00800
40	0.00891	0.00663	0.00979	0.00979	0.01083	0.00767	0.00752	0.01099	0.00995	0.01430	0.01689	0.02559	0.01606	0.09671	0.70702	0.00974	0.01596	0.00684	0.00337	0.00544
41	0.01342	0.01363	0.02170	0.01771	0.01902	0.01745	0.14932	0.01561	0.01058	0.01591	0.00978	0.01520	0.00908	0.01297	0.08278	0.00325	0.55680	0.00593	0.00286	0.00701
42	0.01233	0.00624	0.00667	0.00653	0.00825	0.00607	0.00504	0.01511	0.01354	0.07098	0.02426	0.02835	0.06635	0.00845	0.00494	0.00161	0.00325	0.04700	0.65895	0.00609
43	0.00763	0.00551	0.00723	0.00852	0.00902	0.00511	0.00574	0.00882	0.01229	0.01635	0.06673	0.71032	0.07559	0.01904	0.00790	0.00248	0.00356	0.01721	0.00583	0.00511
44	0.08599	0.01129	0.01282	0.00953	0.01459	0.00947	0.00766	0.06470	0.01444	0.07119	0.05465	0.01534	0.01242	0.00560	0.00493	0.00120	0.00473	0.00441	0.00433	0.59070
45	0.00905	0.00610	0.00708	0.00708	0.00718	0.00619	0.00413	0.00924	0.00914	0.01229	0.01937	0.03934	0.02203	0.71632	0.09558	0.00639	0.00698	0.00885	0.00374	0.00393
46	0.01014	0.00667	0.00973	0.00968	0.01088	0.00726	0.00736	0.01192	0.01101	0.06469	0.04991	0.12879	0.02062	0.03719	0.52108	0.06227	0.01277	0.00828	0.00408	0.00566
47	0.00891	0.00595	0.00718	0.00735	0.00764	0.00586	0.00455	0.00917	0.01024	0.01369	0.07107	0.14358	0.06084	0.48753	0.05181	0.08036	0.00569	0.01020	0.00425	0.00414
48	0.82504	0.01205	0.00916	0.00819	0.01205	0.01398	0.00675	0.01832	0.01060	0.02795	0.00868	0.01012	0.00675	0.00578	0.00386	0.00193	0.00482	0.00337	0.00386	0.00675
49	0.02615	0.01349	0.01625	0.01246	0.01735	0.01344	0.01029	0.32180	0.02267	0.44822	0.02052	0.01857	0.01339	0.00761	0.00625	0.00190	0.00596	0.00599	0.00709	0.01060
50	0.02097	0.01050	0.01322	0.01054	0.01421	0.01018	0.03441	0.15313	0.01797	0.34217	0.02085	0.02174	0.01493	0.05926	0.00749	0.00207	0.00518	0.00625	0.22617	0.00876
51	0.01420	0.01804	0.11523	0.09051	0.03285	0.01544	0.57933	0.01958	0.01433	0.01958	0.01231	0.01638	0.00918	0.00541	0.00709	0.00208	0.01016	0.00688	0.00306	0.00836
52	0.00798	0.00560	0.00743	0.00882	0.00932	0.00529	0.00612	0.00931	0.01220	0.01646	0.03364	0.68082	0.03968	0.01880	0.00786	0.00252	0.00378	0.08010	0.03914	0.00515
53	0.01184	0.07953	0.09579	0.01049	0.01393	0.01029	0.04305	0.04325	0.01524	0.06919	0.17465	0.03838	0.30216	0.01147	0.00755	0.00201	0.04964	0.00945	0.00521	0.00689
54	0.58622	0.08413	0.01251	0.00918	0.01332	0.04988	0.00768	0.02001	0.01208	0.11175	0.01071	0.01159	0.00805	0.00596	0.00427	0.00182	0.00535	0.00376	0.00417	0.03755
55	0.07009	0.01675	0.12151	0.05053	0.02315	0.05732	0.24259	0.04755	0.01468	0.06690	0.08891	0.05301	0.01579	0.00781	0.00816	0.00210	0.09432	0.00695	0.00399	0.00790
56	0.14187	0.06531	0.14801	0.03937	0.03439	0.01565	0.05603	0.07363	0.08688	0.05281	0.01273	0.01475	0.00989	0.00718	0.00827	0.00201	0.14958	0.00510	0.02768	0.04884

[dist]
# distance from previous block
# <min> <max>
1	54

[block]
# block no. 6 follows, 36 sequences, length 9
# corresponding to MSA columns:
# 645-653
name=unknown_G
#
# <colnr> <probs for GDERKNQSTAVLIFYWHMCP>
#	G	D	E	R	K	N	Q	S	T	A	V	L	I	F	Y	W	H	M	C	P
0	0.01326	0.00949	0.01115	0.00992	0.01224	0.00965	0.00751	0.17718	0.01601	0.05251	0.02756	0.20036	0.14146	0.07894	0.05468	0.05695	0.03365	0.00986	0.00518	0.07245
1	0.06983	0.05126	0.04962	0.12410	0.11247	0.01244	0.01174	0.07467	0.07846	0.15613	0.05057	0.14561	0.01853	0.00913	0.00629	0.00203	0.00593	0.00781	0.00506	0.00832
2	0.01302	0.01145	0.01381	0.01026	0.01500	0.00987	0.00829	0.01559	0.01243	0.01953	0.01065	0.01302	0.00908	0.00553	0.00691	0.00118	0.11564	0.00395	0.00355	0.70123
3	0.03427	0.13009	0.10795	0.06719	0.10764	0.09039	0.01392	0.22844	0.04898	0.02424	0.01320	0.04491	0.01081	0.00722	0.00651	0.00187	0.04386	0.00549	0.00415	0.00887
4	0.01614	0.08480	0.07423	0.12007	0.01851	0.01270	0.01054	0.17064	0.01719	0.09946	0.04106	0.02134	0.06147	0.00765	0.00562	0.00177	0.00568	0.00610	0.21707	0.00796
5	0.00887	0.00737	0.00887	0.00831	0.00976	0.00752	0.00634	0.01076	0.01432	0.01895	0.27630	0.04751	0.35980	0.06522	0.01089	0.00241	0.11452	0.01114	0.00556	0.00559
6	0.01360	0.01339	0.01772	0.01520	0.01667	0.06825	0.08818	0.01741	0.09897	0.01746	0.01567	0.13802	0.01532	0.01087	0.01342	0.00241	0.37772	0.00774	0.04493	0.00706
7	0.01860	0.46795	0.08576	0.01286	0.01799	0.18740	0.01211	0.09921	0.01569	0.01797	0.00979	0.01109	0.00829	0.00586	0.00477	0.00151	0.00792	0.00384	0.00319	0.00821
8	0.08196	0.28577	0.14525	0.06503	0.08218	0.12542	0.01374	0.05031	0.01448	0.06720	0.01098	0.01258	0.00867	0.00595	0.00512	0.00168	0.00770	0.00428	0.00337	0.00836

[dist]
# distance from previous block
# <min> <max>
3	20

[block]
# block no. 7 follows, 36 sequences, length 21
# corresponding to MSA columns:
# 674-694
name=unknown_H
#
# <colnr> <probs for GDERKNQSTAVLIFYWHMCP>
#	G	D	E	R	K	N	Q	S	T	A	V	L	I	F	Y	W	H	M	C	P
0	0.01995	0.04136	0.22118	0.05543	0.02087	0.04376	0.01397	0.15515	0.03128	0.26044	0.01778	0.06203	0.01310	0.00768	0.00617	0.00195	0.00703	0.00616	0.00526	0.00945
1	0.04558	0.07162	0.10724	0.01450	0.03997	0.08702	0.02443	0.03488	0.01207	0.01684	0.01330	0.08638	0.01308	0.06436	0.10244	0.00340	0.24608	0.00652	0.00334	0.00695
2	0.18067	0.01509	0.04573	0.09553	0.04791	0.06868	0.01165	0.18800	0.01705	0.13133	0.01354	0.01509	0.00999	0.00801	0.02335	0.00215	0.08325	0.00510	0.02943	0.00846
3	0.14924	0.15421	0.03937	0.03002	0.13874	0.02802	0.04635	0.15522	0.02867	0.08729	0.01242	0.01393	0.00957	0.00646	0.00626	0.00182	0.05110	0.00488	0.00419	0.03224
4	0.01585	0.24992	0.30107	0.01505	0.05528	0.03005	0.01549	0.05922	0.04703	0.07409	0.01252	0.01391	0.00961	0.00770	0.03612	0.00206	0.00792	0.00460	0.00349	0.03901
5	0.01058	0.00860	0.00990	0.00994	0.01092	0.08095	0.00736	0.01167	0.01077	0.01408	0.01781	0.09581	0.01817	0.10738	0.38868	0.13503	0.01157	0.04212	0.00362	0.00506
6	0.00862	0.00644	0.00818	0.00926	0.01025	0.00626	0.00681	0.01132	0.06493	0.01728	0.03652	0.50557	0.11384	0.01786	0.00790	0.00252	0.00408	0.15097	0.00582	0.00556
7	0.00878	0.00656	0.00976	0.00989	0.01093	0.00754	0.00760	0.01090	0.01019	0.01460	0.01831	0.09369	0.01793	0.04423	0.68750	0.00933	0.01549	0.00769	0.00356	0.00552
8	0.00996	0.00622	0.00784	0.00817	0.00908	0.00579	0.00552	0.01113	0.01251	0.08319	0.10898	0.39199	0.08171	0.21222	0.01377	0.00328	0.00429	0.01344	0.00557	0.00534
9	0.17640	0.26668	0.13650	0.01295	0.01845	0.01878	0.04742	0.16032	0.06799	0.02409	0.01173	0.01281	0.00913	0.00616	0.00506	0.00175	0.00680	0.00447	0.00390	0.00862
10	0.02159	0.00926	0.01172	0.00960	0.01315	0.00850	0.00770	0.06427	0.01671	0.44702	0.02353	0.07638	0.01717	0.00843	0.00584	0.00183	0.00459	0.00693	0.23695	0.00884
11	0.00786	0.00631	0.00704	0.00710	0.00891	0.00549	0.00536	0.00979	0.01485	0.01874	0.21424	0.10436	0.49916	0.01541	0.00747	0.00214	0.00328	0.05105	0.00603	0.00541
12	0.01655	0.11921	0.02250	0.15797	0.30967	0.06967	0.01532	0.02048	0.05542	0.08519	0.01278	0.01546	0.01013	0.00642	0.00679	0.00188	0.05694	0.00528	0.00357	0.00876
13	0.08435	0.00715	0.00834	0.00810	0.00867	0.00786	0.00539	0.01065	0.00941	0.01417	0.01739	0.03325	0.01899	0.52388	0.16793	0.00623	0.05215	0.00787	0.00364	0.00457
14	0.00924	0.00661	0.00758	0.00718	0.00923	0.00574	0.00544	0.01137	0.01569	0.06753	0.30667	0.05254	0.44434	0.01414	0.00729	0.00204	0.00322	0.01201	0.00630	0.00583
15	0.01359	0.01233	0.01853	0.15265	0.28357	0.05991	0.06369	0.01659	0.01343	0.01863	0.01526	0.07446	0.01375	0.00850	0.00738	0.05536	0.00689	0.03496	0.12303	0.00749
16	0.01545	0.09917	0.35627	0.07845	0.02470	0.01654	0.04941	0.15540	0.10258	0.02343	0.01342	0.01486	0.00987	0.00646	0.00593	0.00192	0.00797	0.00517	0.00381	0.00921
17	0.00997	0.00739	0.00904	0.00908	0.01051	0.00732	0.00659	0.07683	0.06220	0.02169	0.26127	0.38878	0.07454	0.01533	0.00747	0.00224	0.00376	0.01361	0.00621	0.00616
18	0.01542	0.01480	0.02529	0.03824	0.74217	0.01480	0.01912	0.01912	0.01419	0.02036	0.01172	0.01542	0.00987	0.00555	0.00617	0.00185	0.00740	0.00555	0.00308	0.00987
19	0.02146	0.01392	0.01810	0.05850	0.12832	0.01469	0.01236	0.25730	0.03531	0.24332	0.01656	0.01695	0.01170	0.00739	0.00747	0.00194	0.07657	0.00572	0.00557	0.04685
20	0.45999	0.01427	0.01301	0.03873	0.01590	0.05216	0.00903	0.20838	0.03542	0.08275	0.01211	0.01288	0.00886	0.00650	0.00491	0.00191	0.00585	0.00439	0.00477	0.00818

[dist]
# distance from previous block
# <min> <max>
0	1

[block]
# block no. 8 follows, 36 sequences, length 14
# corresponding to MSA columns:
# 696-709
name=unknown_I
#
# <colnr> <probs for GDERKNQSTAVLIFYWHMCP>
#	G	D	E	R	K	N	Q	S	T	A	V	L	I	F	Y	W	H	M	C	P
0	0.01597	0.01195	0.01392	0.01042	0.01549	0.01045	0.00840	0.13889	0.03591	0.08859	0.01367	0.01496	0.01065	0.00788	0.04766	0.00172	0.00576	0.00452	0.00454	0.53866
1	0.00898	0.00601	0.00682	0.00690	0.00692	0.00599	0.00389	0.00904	0.00922	0.01229	0.02045	0.08193	0.02369	0.73846	0.03038	0.00584	0.00590	0.00954	0.00389	0.00385
2	0.10617	0.00999	0.01258	0.01042	0.01337	0.01015	0.00821	0.02125	0.01364	0.36393	0.01896	0.02303	0.01490	0.16891	0.05541	0.00330	0.10012	0.00637	0.00550	0.03379
3	0.01250	0.03223	0.74875	0.01776	0.02697	0.01447	0.02302	0.01973	0.01315	0.01973	0.01118	0.01315	0.00789	0.00592	0.00592	0.00197	0.00921	0.00460	0.00263	0.00921
4	0.07021	0.01250	0.01410	0.01229	0.01487	0.01493	0.00985	0.09234	0.31514	0.04452	0.01842	0.01926	0.01428	0.00854	0.00913	0.00211	0.18243	0.00607	0.13062	0.00841
5	0.02249	0.01630	0.01742	0.01349	0.01813	0.01799	0.01110	0.65151	0.02769	0.03768	0.01549	0.01578	0.01113	0.00746	0.00605	0.00183	0.00647	0.00563	0.08625	0.01012
6	0.01292	0.01107	0.01292	0.00923	0.01477	0.00831	0.00738	0.01569	0.01292	0.02030	0.01107	0.01292	0.00923	0.00461	0.00461	0.00092	0.00461	0.00369	0.00369	0.81912
7	0.01080	0.00878	0.01427	0.09567	0.01860	0.00896	0.09818	0.01411	0.01418	0.01851	0.02809	0.05784	0.02960	0.01454	0.00819	0.00269	0.00660	0.53909	0.00509	0.00619
8	0.00759	0.00542	0.00723	0.00868	0.00904	0.00506	0.00578	0.00868	0.01193	0.01591	0.03434	0.77697	0.04121	0.01952	0.00795	0.00253	0.00361	0.01771	0.00578	0.00506
9	0.01731	0.05497	0.01620	0.01401	0.01625	0.39673	0.01089	0.01909	0.01402	0.01495	0.01154	0.01553	0.01034	0.01925	0.23621	0.00430	0.11356	0.00498	0.00316	0.00670
10	0.01707	0.60816	0.10911	0.01189	0.01760	0.02289	0.01216	0.10528	0.01476	0.01824	0.00971	0.01095	0.00830	0.00566	0.00448	0.00147	0.00696	0.00375	0.00310	0.00845
11	0.00760	0.00621	0.00671	0.00682	0.00862	0.00532	0.00503	0.00931	0.01441	0.01788	0.15591	0.14632	0.55660	0.01581	0.00743	0.00214	0.00318	0.01344	0.00594	0.00532
