[name]
unknown

[dist]
# distance from previous block
# <min> <max>
1	65

[block]
# block no. 0 follows, 37 sequences, length 12
# corresponding to MSA columns:
# 69-80
name=unknown_A
#
# <colnr> <probs for GDERKNQSTAVLIFYWHMCP>
#	G	D	E	R	K	N	Q	S	T	A	V	L	I	F	Y	W	H	M	C	P
0	0.01173	0.00946	0.01221	0.15232	0.01792	0.00990	0.00937	0.10368	0.06179	0.02055	0.07367	0.23841	0.07003	0.01166	0.00697	0.00205	0.02050	0.05230	0.00497	0.11051
1	0.06993	0.00973	0.03684	0.05388	0.01503	0.00882	0.02157	0.01739	0.05927	0.16012	0.04074	0.17016	0.06269	0.01240	0.03625	0.00235	0.00548	0.10114	0.00529	0.11094
2	0.01818	0.16101	0.04645	0.04566	0.01647	0.01236	0.04011	0.06017	0.03149	0.27837	0.02025	0.16766	0.01749	0.00983	0.00692	0.04070	0.00573	0.00771	0.00529	0.00815
3	0.01458	0.44515	0.26243	0.01255	0.01904	0.01895	0.01398	0.01830	0.01263	0.01672	0.00961	0.01119	0.00798	0.00533	0.00461	0.00146	0.00710	0.00372	0.00274	0.11193
4	0.01236	0.00750	0.00917	0.00823	0.01083	0.00639	0.00626	0.01434	0.01463	0.16884	0.15179	0.18508	0.25211	0.01272	0.00678	0.00194	0.00377	0.01093	0.00598	0.11034
5	0.01860	0.05927	0.15159	0.04149	0.05085	0.01193	0.06643	0.02297	0.05907	0.30693	0.01979	0.04678	0.04187	0.00746	0.00631	0.00188	0.02044	0.00629	0.00513	0.05491
6	0.01555	0.06385	0.55656	0.01595	0.02378	0.05586	0.01920	0.02133	0.01390	0.13873	0.01294	0.01397	0.00898	0.00610	0.00577	0.00188	0.00841	0.00470	0.00344	0.00910
7	0.01234	0.00777	0.00937	0.00906	0.01101	0.00739	0.00669	0.10308	0.01524	0.12603	0.03623	0.41123	0.19009	0.01516	0.00723	0.00222	0.00410	0.01325	0.00602	0.00650
8	0.01470	0.11854	0.24281	0.05760	0.16905	0.01618	0.17140	0.06915	0.04537	0.02036	0.01193	0.01446	0.00916	0.00576	0.00598	0.00187	0.00827	0.00535	0.00320	0.00887
9	0.03828	0.01516	0.13661	0.06150	0.13284	0.01250	0.01333	0.09976	0.08961	0.22358	0.04443	0.04641	0.01549	0.00781	0.00621	0.00197	0.00633	0.03381	0.00520	0.00915
10	0.01182	0.00667	0.00861	0.00870	0.01037	0.00598	0.00638	0.01338	0.01365	0.17257	0.06242	0.43568	0.15960	0.01573	0.00736	0.00228	0.00389	0.04258	0.00612	0.00622
11	0.01138	0.00744	0.00924	0.00917	0.01068	0.00725	0.00663	0.10216	0.01514	0.08229	0.12789	0.46676	0.06171	0.04186	0.00815	0.00238	0.00407	0.01361	0.00598	0.00620

[dist]
# distance from previous block
# <min> <max>
2	5

[block]
# block no. 1 follows, 37 sequences, length 23
# corresponding to MSA columns:
# 87-109
name=unknown_B
#
# <colnr> <probs for GDERKNQSTAVLIFYWHMCP>
#	G	D	E	R	K	N	Q	S	T	A	V	L	I	F	Y	W	H	M	C	P
0	0.07155	0.00885	0.01076	0.00950	0.01231	0.00864	0.00745	0.02022	0.12393	0.23774	0.27018	0.09247	0.05830	0.01073	0.00661	0.00201	0.00414	0.03036	0.00655	0.00770
1	0.01502	0.03858	0.05064	0.04585	0.33887	0.01500	0.09822	0.05226	0.21260	0.02186	0.01685	0.01853	0.03456	0.00662	0.00621	0.00192	0.00688	0.00619	0.00409	0.00925
2	0.04160	0.01265	0.01655	0.35939	0.02824	0.01478	0.01320	0.17305	0.18479	0.05096	0.01562	0.01761	0.01150	0.00696	0.00603	0.00198	0.00673	0.00577	0.02427	0.00835
3	0.01536	0.06936	0.06512	0.01038	0.01576	0.01080	0.00908	0.06299	0.04878	0.10798	0.01428	0.01505	0.02562	0.00562	0.00501	0.00126	0.00519	0.00443	0.00428	0.50364
4	0.25602	0.01259	0.01504	0.16969	0.02115	0.04597	0.05953	0.06743	0.09366	0.11012	0.01410	0.01605	0.01055	0.00988	0.07097	0.00263	0.00732	0.00522	0.00433	0.00774
5	0.01544	0.01271	0.01139	0.01053	0.01277	0.20057	0.00789	0.01751	0.01617	0.15063	0.27351	0.18942	0.03357	0.01145	0.00672	0.00195	0.00555	0.00970	0.00574	0.00678
6	0.01374	0.01218	0.02003	0.40883	0.21428	0.01385	0.04418	0.04821	0.01366	0.05073	0.02867	0.03610	0.01093	0.00677	0.00702	0.00202	0.05166	0.00597	0.00334	0.00783
7	0.01426	0.03268	0.06267	0.25280	0.10506	0.02635	0.07974	0.04760	0.01401	0.09259	0.01724	0.07467	0.03624	0.00845	0.00729	0.00209	0.05206	0.06258	0.00395	0.00766
8	0.07097	0.31613	0.08292	0.04072	0.01758	0.01680	0.06803	0.01777	0.01284	0.07102	0.04497	0.04759	0.01345	0.00751	0.00666	0.00181	0.08099	0.03520	0.03951	0.00754
9	0.00765	0.00545	0.00719	0.00835	0.00880	0.00510	0.00560	0.00885	0.01215	0.01635	0.10486	0.67042	0.04135	0.05578	0.00889	0.00260	0.00360	0.01635	0.00569	0.00499
10	0.04784	0.02061	0.26035	0.10184	0.02661	0.04469	0.19727	0.08781	0.08017	0.05362	0.01336	0.01543	0.00971	0.00614	0.00620	0.00197	0.00841	0.00562	0.00368	0.00867
11	0.10022	0.01435	0.02132	0.08259	0.05093	0.03369	0.20016	0.15825	0.03662	0.14755	0.01466	0.03122	0.01091	0.00694	0.00720	0.00200	0.06209	0.00607	0.00459	0.00864
12	0.06469	0.00820	0.07199	0.00898	0.01035	0.00655	0.00698	0.01036	0.01174	0.01686	0.07292	0.52221	0.03412	0.11238	0.01024	0.00279	0.00437	0.01385	0.00510	0.00533
13	0.01012	0.00749	0.04005	0.02886	0.01118	0.00622	0.00688	0.01209	0.01386	0.09780	0.16216	0.37037	0.17935	0.01508	0.00728	0.00220	0.00388	0.01329	0.00586	0.00597
14	0.07348	0.06321	0.04033	0.08709	0.16166	0.01399	0.11196	0.02211	0.08334	0.19536	0.01538	0.01687	0.01131	0.00743	0.02268	0.00211	0.05278	0.00571	0.00441	0.00879
15	0.01489	0.01375	0.04629	0.13479	0.14962	0.04977	0.02721	0.10063	0.17761	0.03993	0.01843	0.10470	0.01609	0.00867	0.00668	0.00204	0.02365	0.03583	0.02110	0.00832
16	0.01426	0.01089	0.01756	0.05334	0.33238	0.01058	0.04377	0.01703	0.01404	0.12678	0.04816	0.19471	0.07034	0.00986	0.00665	0.00202	0.00584	0.00908	0.00461	0.00809
17	0.07034	0.01962	0.24565	0.12608	0.08299	0.01492	0.18513	0.08121	0.07511	0.02170	0.01266	0.01521	0.00940	0.00601	0.00613	0.00197	0.00824	0.00557	0.00346	0.00860
18	0.01820	0.01219	0.01916	0.11015	0.21542	0.01191	0.07777	0.04429	0.04325	0.25112	0.01752	0.05013	0.01343	0.00713	0.00624	0.00189	0.00651	0.02363	0.00487	0.06517
19	0.01625	0.10755	0.14938	0.07737	0.05074	0.01302	0.04395	0.04772	0.05224	0.18524	0.10697	0.05625	0.01848	0.00808	0.00650	0.00192	0.02741	0.01774	0.00481	0.00839
20	0.09080	0.01051	0.07246	0.01018	0.01296	0.00900	0.00843	0.10183	0.01484	0.14384	0.03599	0.35934	0.05704	0.01318	0.00717	0.02403	0.00481	0.01103	0.00555	0.00701
21	0.01483	0.05702	0.20675	0.08515	0.04454	0.03889	0.06783	0.04190	0.04483	0.12690	0.05975	0.12102	0.01797	0.00880	0.00638	0.00201	0.00690	0.03602	0.00445	0.00807
22	0.10580	0.07537	0.08459	0.01589	0.13910	0.01238	0.02783	0.02331	0.05807	0.31238	0.03547	0.05404	0.01438	0.00733	0.00581	0.00188	0.00592	0.00608	0.00526	0.00910

[dist]
# distance from previous block
# <min> <max>
17	74

[block]
# block no. 2 follows, 37 sequences, length 9
# corresponding to MSA columns:
# 201-209
name=unknown_C
#
# <colnr> <probs for GDERKNQSTAVLIFYWHMCP>
#	G	D	E	R	K	N	Q	S	T	A	V	L	I	F	Y	W	H	M	C	P
0	0.01450	0.01137	0.03328	0.07750	0.03474	0.01053	0.08683	0.11865	0.01670	0.10162	0.15702	0.05562	0.07483	0.00882	0.00640	0.00182	0.00562	0.03137	0.00513	0.14766
1	0.09712	0.01082	0.01233	0.03918	0.01461	0.03078	0.00830	0.07791	0.06242	0.19558	0.09435	0.06897	0.07256	0.03395	0.00727	0.00197	0.03285	0.00715	0.00547	0.12642
2	0.05200	0.09995	0.06049	0.01182	0.01621	0.08914	0.01014	0.15844	0.11095	0.11667	0.06181	0.04152	0.03641	0.00759	0.00569	0.00172	0.00607	0.00592	0.00505	0.10240
3	0.06681	0.36054	0.06749	0.04090	0.01738	0.06531	0.01071	0.06565	0.01423	0.08502	0.01105	0.01216	0.00883	0.00563	0.00467	0.00145	0.00649	0.00395	0.00358	0.14816
4	0.01587	0.01623	0.08819	0.04275	0.06529	0.13270	0.02843	0.14817	0.10103	0.04616	0.11877	0.11031	0.02115	0.02874	0.00702	0.00204	0.00663	0.00764	0.00492	0.00797
5	0.01745	0.03304	0.09303	0.07184	0.08404	0.06244	0.01201	0.04425	0.11773	0.21003	0.04101	0.06676	0.03105	0.00837	0.00651	0.00195	0.02303	0.03337	0.00512	0.03696
6	0.04317	0.01243	0.05789	0.01666	0.15940	0.01189	0.03219	0.04352	0.17456	0.09392	0.18388	0.02722	0.04708	0.00888	0.00695	0.00200	0.03359	0.03120	0.00528	0.00832
7	0.00912	0.00615	0.00850	0.00850	0.00906	0.00670	0.00598	0.00977	0.00922	0.01285	0.01635	0.02830	0.01676	0.28048	0.40022	0.14606	0.01114	0.00711	0.00331	0.00442
8	0.04068	0.01304	0.03923	0.01191	0.01542	0.03991	0.03721	0.09396	0.35933	0.05251	0.10135	0.04418	0.10620	0.00935	0.00639	0.00201	0.00519	0.00783	0.00581	0.00847

[dist]
# distance from previous block
# <min> <max>
0	1

[block]
# block no. 3 follows, 37 sequences, length 21
# corresponding to MSA columns:
# 211-231
name=unknown_D
#
# <colnr> <probs for GDERKNQSTAVLIFYWHMCP>
#	G	D	E	R	K	N	Q	S	T	A	V	L	I	F	Y	W	H	M	C	P
0	0.00888	0.00790	0.05266	0.00752	0.00979	0.00605	0.00613	0.01089	0.01413	0.05245	0.16667	0.08848	0.45828	0.07219	0.00893	0.00234	0.00377	0.01171	0.00561	0.00564
1	0.04423	0.23592	0.08650	0.01207	0.01735	0.01749	0.01112	0.23474	0.09313	0.02483	0.01277	0.01348	0.00994	0.00614	0.00511	0.00155	0.00622	0.00451	0.00428	0.15863
2	0.06454	0.01321	0.01747	0.29521	0.16264	0.05314	0.01397	0.02231	0.21855	0.05482	0.01540	0.01750	0.01166	0.00667	0.00597	0.00197	0.00685	0.00569	0.00409	0.00834
3	0.00886	0.00608	0.00742	0.00742	0.00768	0.00634	0.00464	0.00938	0.00912	0.01242	0.01860	0.03628	0.02061	0.61031	0.20348	0.00686	0.00841	0.00835	0.00361	0.00412
4	0.34585	0.01227	0.01409	0.01127	0.01555	0.01277	0.06221	0.13373	0.01595	0.25754	0.01596	0.05164	0.01176	0.00716	0.00536	0.00193	0.00557	0.00553	0.00540	0.00847
5	0.00985	0.00561	0.00751	0.00748	0.00759	0.00558	0.00476	0.00858	0.00902	0.01214	0.06902	0.02854	0.01845	0.30130	0.02532	0.46019	0.00536	0.00707	0.00335	0.00328
6	0.01463	0.46727	0.33816	0.01343	0.02029	0.01997	0.01563	0.01878	0.01264	0.01652	0.00956	0.01114	0.00781	0.00548	0.00473	0.00158	0.00761	0.00380	0.00260	0.00836
7	0.01692	0.30771	0.06090	0.01437	0.01957	0.04283	0.16739	0.02001	0.01402	0.13231	0.01398	0.01792	0.01148	0.00647	0.00554	0.00169	0.00720	0.05761	0.00383	0.07824
8	0.55327	0.09601	0.18626	0.01051	0.01568	0.01492	0.01078	0.01836	0.01121	0.02423	0.00910	0.01063	0.00702	0.00567	0.00428	0.00184	0.00593	0.00359	0.00339	0.00732
9	0.41679	0.01881	0.24568	0.01204	0.01759	0.01459	0.01248	0.09949	0.06911	0.02602	0.01126	0.01241	0.00834	0.00611	0.00488	0.00192	0.00633	0.00422	0.00386	0.00806
10	0.00987	0.00734	0.01030	0.00997	0.01129	0.00842	0.00772	0.06587	0.01124	0.01594	0.01644	0.02429	0.01535	0.08746	0.65860	0.00899	0.01502	0.00662	0.00352	0.00574
11	0.29407	0.08631	0.01595	0.01245	0.01627	0.33024	0.00993	0.13091	0.01637	0.02281	0.00988	0.01113	0.00785	0.00617	0.00489	0.00170	0.00786	0.00392	0.00378	0.00752
12	0.05278	0.07480	0.02071	0.02120	0.26359	0.01687	0.01348	0.32191	0.06433	0.06979	0.01406	0.01513	0.01059	0.00655	0.00585	0.00181	0.00662	0.00535	0.00480	0.00977
13	0.01486	0.11315	0.08750	0.01510	0.13527	0.01228	0.01137	0.01797	0.01320	0.08408	0.01177	0.01350	0.00940	0.00538	0.00552	0.00136	0.03301	0.00425	0.00362	0.40740
14	0.01384	0.01108	0.01567	0.01955	0.26977	0.01161	0.01118	0.07815	0.14446	0.01933	0.01559	0.03866	0.01401	0.11440	0.01349	0.18547	0.00608	0.00644	0.00395	0.00727
15	0.00840	0.00617	0.00787	0.00761	0.00902	0.00564	0.00564	0.01098	0.01647	0.02289	0.60695	0.11040	0.13231	0.01342	0.00727	0.00199	0.00297	0.01182	0.00653	0.00564
16	0.01909	0.01646	0.02990	0.01328	0.01705	0.14761	0.01076	0.19854	0.27747	0.09397	0.02009	0.02316	0.01590	0.00849	0.00629	0.00199	0.00661	0.07865	0.00565	0.00904
17	0.00818	0.00606	0.00764	0.00761	0.00895	0.00551	0.00557	0.01049	0.01565	0.02143	0.48818	0.19425	0.16918	0.01434	0.00734	0.00206	0.00306	0.01264	0.00635	0.00551
18	0.00906	0.00702	0.01029	0.01030	0.01125	0.00825	0.00806	0.01111	0.01025	0.01464	0.01842	0.10143	0.01844	0.03860	0.57921	0.00809	0.07615	0.05027	0.00361	0.00553
19	0.00791	0.00616	0.00718	0.00707	0.00872	0.00543	0.00525	0.01004	0.01534	0.02016	0.37393	0.10841	0.37364	0.01441	0.00727	0.00203	0.00304	0.01241	0.00617	0.00543
20	0.01531	0.04606	0.04754	0.01209	0.01612	0.07933	0.01022	0.12089	0.19701	0.02299	0.01893	0.02629	0.01657	0.00854	0.00607	0.00183	0.00600	0.14207	0.00490	0.20123

[dist]
# distance from previous block
# <min> <max>
0	2

[block]
# block no. 4 follows, 37 sequences, length 6
# corresponding to MSA columns:
# 234-239
name=unknown_E
#
# <colnr> <probs for GDERKNQSTAVLIFYWHMCP>
#	G	D	E	R	K	N	Q	S	T	A	V	L	I	F	Y	W	H	M	C	P
0	0.00752	0.00572	0.00692	0.00766	0.00870	0.00513	0.00535	0.00895	0.01309	0.01692	0.12221	0.45778	0.27755	0.01721	0.00755	0.00228	0.00333	0.01520	0.00580	0.00513
1	0.01845	0.32269	0.08399	0.01425	0.09445	0.06963	0.01176	0.02117	0.01417	0.18285	0.01292	0.01356	0.00984	0.00583	0.00500	0.00152	0.00662	0.00435	0.00394	0.10303
2	0.54589	0.16370	0.01474	0.00973	0.01369	0.13290	0.00818	0.01907	0.01189	0.02300	0.00867	0.01009	0.00706	0.00569	0.00409	0.00173	0.00607	0.00341	0.00346	0.00694
3	0.00828	0.00624	0.00765	0.00730	0.00891	0.00561	0.00547	0.01080	0.01642	0.02238	0.55930	0.04929	0.24327	0.01332	0.00722	0.00196	0.00295	0.01157	0.00645	0.00561
4	0.59249	0.01079	0.00968	0.00982	0.06134	0.01197	0.00714	0.01632	0.01179	0.02541	0.09297	0.01965	0.09577	0.00751	0.00470	0.00191	0.00453	0.00537	0.00426	0.00658
5	0.07582	0.07217	0.05847	0.01611	0.09061	0.09210	0.07269	0.16935	0.04792	0.20030	0.01578	0.03561	0.01168	0.00692	0.00587	0.00184	0.00698	0.00565	0.00499	0.00912

[dist]
# distance from previous block
# <min> <max>
1	4

[block]
# block no. 5 follows, 37 sequences, length 26
# corresponding to MSA columns:
# 244-269
name=unknown_F
#
# <colnr> <probs for GDERKNQSTAVLIFYWHMCP>
#	G	D	E	R	K	N	Q	S	T	A	V	L	I	F	Y	W	H	M	C	P
0	0.01574	0.01504	0.06280	0.10926	0.45824	0.01444	0.01673	0.10216	0.03896	0.04147	0.01253	0.01536	0.00991	0.00586	0.00598	0.00181	0.00711	0.00537	0.00360	0.05765
1	0.06100	0.19892	0.40557	0.01476	0.02177	0.04896	0.01685	0.12700	0.01528	0.02145	0.01079	0.01225	0.00812	0.00593	0.00531	0.00176	0.00797	0.00430	0.00322	0.00877
2	0.01777	0.01913	0.02190	0.17180	0.10285	0.27962	0.15072	0.03528	0.01510	0.05821	0.01136	0.01438	0.00887	0.00635	0.00706	0.00189	0.06135	0.00529	0.00332	0.00776
3	0.00832	0.00621	0.00735	0.00707	0.00873	0.00556	0.00530	0.01074	0.01590	0.02166	0.46561	0.04903	0.29434	0.01325	0.00706	0.00195	0.00296	0.01141	0.05200	0.00556
4	0.01695	0.01376	0.03736	0.05284	0.01893	0.01472	0.06687	0.11992	0.37475	0.10726	0.05148	0.02088	0.01669	0.00798	0.00709	0.00204	0.04896	0.00662	0.00566	0.00925
5	0.01130	0.00573	0.00580	0.00578	0.00721	0.00571	0.00434	0.01416	0.01301	0.02289	0.04861	0.02373	0.01735	0.00734	0.00440	0.00145	0.00285	0.00592	0.78671	0.00571
6	0.01570	0.34770	0.08354	0.01553	0.07864	0.08141	0.05989	0.03831	0.04964	0.01745	0.04820	0.01416	0.01131	0.00669	0.00706	0.00174	0.10705	0.00479	0.00322	0.00797
7	0.00882	0.00593	0.00681	0.00688	0.00694	0.00595	0.00395	0.00896	0.00908	0.01214	0.01991	0.07688	0.02292	0.71964	0.05622	0.00590	0.00619	0.00925	0.00379	0.00384
8	0.18146	0.05192	0.01474	0.01340	0.07022	0.01544	0.00985	0.05040	0.47404	0.02542	0.01941	0.01871	0.01474	0.00737	0.00560	0.00197	0.00515	0.00585	0.00531	0.00900
9	0.01525	0.01384	0.02095	0.02713	0.44051	0.01415	0.04313	0.09275	0.12914	0.02271	0.03746	0.01960	0.05377	0.00682	0.00618	0.00186	0.00650	0.00628	0.00413	0.03785
10	0.03942	0.18033	0.01956	0.11467	0.01992	0.05838	0.03917	0.10993	0.23530	0.02149	0.01550	0.01750	0.01242	0.04659	0.02214	0.00221	0.02737	0.00555	0.00432	0.00824
11	0.07135	0.01638	0.01788	0.01457	0.04962	0.01798	0.01151	0.61863	0.02648	0.07276	0.01466	0.01474	0.01039	0.00718	0.00598	0.00184	0.00656	0.00541	0.00592	0.01015
12	0.00883	0.00592	0.00676	0.00680	0.00688	0.00589	0.00388	0.00900	0.00938	0.01257	0.05098	0.07192	0.02456	0.71905	0.02913	0.00562	0.00570	0.00936	0.00392	0.00385
13	0.01637	0.78856	0.03208	0.01047	0.01571	0.02422	0.01047	0.01833	0.01244	0.01440	0.00851	0.00982	0.00786	0.00524	0.00393	0.00131	0.00655	0.00327	0.00262	0.00786
14	0.00752	0.00538	0.00716	0.00848	0.00889	0.00501	0.00569	0.00868	0.01201	0.01609	0.07042	0.74289	0.04138	0.01883	0.00778	0.00246	0.00352	0.01707	0.00574	0.00501
15	0.01351	0.01262	0.02015	0.11937	0.39790	0.01309	0.05036	0.01901	0.11695	0.02042	0.08534	0.02242	0.06744	0.00730	0.00634	0.00192	0.00648	0.00680	0.00399	0.00858
16	0.00785	0.00623	0.00706	0.00685	0.00865	0.00543	0.00514	0.00999	0.01542	0.02001	0.35769	0.05319	0.44635	0.01421	0.00723	0.00201	0.00301	0.01212	0.00614	0.00543
17	0.01324	0.01124	0.01530	0.08832	0.22114	0.03792	0.01153	0.04453	0.09238	0.05686	0.09310	0.14134	0.10870	0.01015	0.00693	0.00203	0.02401	0.00886	0.00477	0.00768
18	0.30627	0.34308	0.05106	0.01189	0.01662	0.05708	0.08450	0.01861	0.01213	0.01984	0.00905	0.01083	0.00757	0.00560	0.00477	0.00167	0.02504	0.00383	0.00311	0.00744
19	0.00850	0.00568	0.00750	0.00845	0.00904	0.00536	0.00571	0.00966	0.01195	0.04500	0.07133	0.61674	0.03794	0.08754	0.03620	0.00300	0.00424	0.01546	0.00556	0.00514
20	0.04151	0.05772	0.17044	0.03769	0.06471	0.24422	0.07370	0.02079	0.01413	0.07463	0.01102	0.01333	0.00865	0.00681	0.00809	0.00192	0.13457	0.00482	0.00328	0.00796
21	0.69585	0.07645	0.01156	0.00888	0.01274	0.07598	0.00737	0.01855	0.01115	0.02537	0.00860	0.01002	0.00683	0.00570	0.00394	0.00182	0.00540	0.00336	0.00364	0.00677
22	0.01573	0.01474	0.02345	0.08436	0.56619	0.04609	0.04552	0.02009	0.05468	0.05098	0.01271	0.01578	0.01023	0.00578	0.00610	0.00185	0.00739	0.00557	0.00339	0.00936
23	0.02299	0.02544	0.01766	0.01525	0.01894	0.53000	0.01177	0.24247	0.02090	0.02231	0.01109	0.01218	0.00867	0.00663	0.00571	0.00166	0.00970	0.00443	0.00408	0.00813
24	0.00874	0.00656	0.00984	0.00984	0.01093	0.00765	0.00765	0.01093	0.00984	0.01421	0.01640	0.02405	0.01530	0.04591	0.76062	0.00984	0.01640	0.00656	0.00328	0.00547
25	0.01156	0.01088	0.01836	0.77016	0.04216	0.01360	0.01700	0.01564	0.01224	0.01564	0.01088	0.01632	0.00816	0.00612	0.00612	0.00204	0.00816	0.00544	0.00272	0.00680

[dist]
# distance from previous block
# <min> <max>
0	32

[block]
# block no. 6 follows, 37 sequences, length 31
# corresponding to MSA columns:
# 302-330,363,364
name=unknown_G
#
# <colnr> <probs for GDERKNQSTAVLIFYWHMCP>
#	G	D	E	R	K	N	Q	S	T	A	V	L	I	F	Y	W	H	M	C	P
0	0.00746	0.00533	0.00710	0.00852	0.00888	0.00497	0.00568	0.00852	0.01172	0.01563	0.03374	0.78088	0.04049	0.01918	0.00781	0.00249	0.00355	0.01740	0.00568	0.00497
1	0.00868	0.00637	0.00837	0.00883	0.03546	0.00612	0.00595	0.01063	0.01391	0.01927	0.36888	0.16164	0.07902	0.15966	0.07679	0.00345	0.00490	0.01120	0.00552	0.00535
2	0.01435	0.01433	0.02071	0.16959	0.39807	0.09637	0.04005	0.01778	0.01451	0.01927	0.11920	0.01947	0.01628	0.00671	0.00622	0.00186	0.00732	0.00617	0.00353	0.00823
3	0.01538	0.32214	0.08805	0.01466	0.01910	0.08450	0.12255	0.04412	0.02864	0.01682	0.01076	0.01359	0.00920	0.01042	0.08657	0.00259	0.09537	0.00479	0.00302	0.00770
4	0.02017	0.04966	0.01727	0.01460	0.01729	0.43930	0.01143	0.02186	0.01503	0.09670	0.01121	0.01337	0.00919	0.00963	0.05356	0.00230	0.16455	0.00460	0.00355	0.02473
5	0.00755	0.00536	0.00708	0.00841	0.00874	0.00503	0.00556	0.00855	0.01154	0.01539	0.03284	0.73486	0.03935	0.06674	0.00926	0.00270	0.00370	0.01687	0.00556	0.00489
6	0.01602	0.38120	0.30788	0.01355	0.02019	0.01910	0.01520	0.09072	0.01452	0.05441	0.01085	0.01204	0.00843	0.00579	0.00499	0.00163	0.00746	0.00412	0.00320	0.00870
7	0.01539	0.01545	0.02301	0.03147	0.54031	0.07355	0.01714	0.01840	0.01327	0.01853	0.01064	0.01447	0.00921	0.00660	0.00889	0.00198	0.16453	0.00532	0.00297	0.00888
8	0.01421	0.38318	0.36352	0.01359	0.02060	0.01845	0.01585	0.01861	0.01268	0.01710	0.00982	0.01146	0.00790	0.00545	0.00484	0.00157	0.00756	0.00388	0.00268	0.06706
9	0.00732	0.00620	0.00632	0.00629	0.00832	0.00521	0.00472	0.00896	0.01416	0.01703	0.10434	0.05809	0.70156	0.01532	0.00723	0.00206	0.00309	0.01280	0.00575	0.00521
10	0.01439	0.49465	0.02360	0.01008	0.01397	0.07287	0.00917	0.01643	0.01372	0.01648	0.14197	0.06759	0.05271	0.00817	0.00511	0.00158	0.00587	0.02078	0.00377	0.00709
11	0.01266	0.04371	0.01325	0.00913	0.01425	0.00888	0.00736	0.01576	0.03316	0.02017	0.05911	0.01502	0.01247	0.00519	0.00473	0.00102	0.00452	0.00419	0.00386	0.71155
12	0.06379	0.12146	0.18217	0.01761	0.15019	0.02894	0.03632	0.10294	0.04461	0.08239	0.01387	0.04209	0.01129	0.03963	0.00671	0.00197	0.00697	0.00548	0.00394	0.03762
13	0.01484	0.01854	0.15828	0.04618	0.47812	0.05068	0.10606	0.01921	0.01395	0.01951	0.01141	0.01474	0.00917	0.00554	0.00613	0.00186	0.00817	0.00543	0.00296	0.00922
14	0.02080	0.01477	0.01574	0.01234	0.01652	0.01622	0.01011	0.57823	0.02547	0.03530	0.01579	0.01639	0.01151	0.00730	0.00574	0.00175	0.00593	0.00555	0.17511	0.00943
15	0.01644	0.01459	0.02218	0.11697	0.47505	0.01540	0.01662	0.16798	0.05261	0.02368	0.01277	0.01557	0.01011	0.00607	0.00609	0.00186	0.00714	0.00554	0.00380	0.00951
16	0.00880	0.00658	0.00848	0.04054	0.01031	0.00685	0.00621	0.01019	0.01139	0.01531	0.10602	0.12660	0.11589	0.28516	0.14473	0.00482	0.03464	0.04809	0.00447	0.00491
17	0.00968	0.00810	0.01152	0.21689	0.05851	0.00846	0.00942	0.02930	0.01454	0.01923	0.23869	0.13269	0.19590	0.01180	0.00691	0.00205	0.00479	0.01033	0.00505	0.00614
18	0.01045	0.00670	0.00856	0.00789	0.00973	0.00612	0.00599	0.01299	0.01630	0.09989	0.51256	0.04398	0.15654	0.03015	0.04276	0.00240	0.00386	0.01058	0.00644	0.00612
19	0.01495	0.01434	0.02449	0.07768	0.70812	0.01449	0.01869	0.01861	0.01385	0.01976	0.01148	0.01521	0.00961	0.00549	0.00606	0.00183	0.00732	0.00545	0.00301	0.00954
20	0.01724	0.01374	0.02244	0.05517	0.49369	0.01347	0.05030	0.05137	0.01508	0.14119	0.01372	0.01603	0.01052	0.00584	0.00605	0.00180	0.00693	0.00555	0.00394	0.05592
21	0.02061	0.25365	0.04484	0.01426	0.01821	0.51933	0.01177	0.02248	0.01576	0.01495	0.00923	0.01074	0.00787	0.00598	0.00506	0.00151	0.00965	0.00376	0.00298	0.00738
22	0.01283	0.01306	0.05283	0.48343	0.28548	0.01395	0.01786	0.01689	0.01286	0.01731	0.01110	0.01577	0.00867	0.00588	0.00609	0.00196	0.00789	0.00540	0.00282	0.00790
23	0.00796	0.00619	0.00724	0.00707	0.00874	0.00546	0.00526	0.01016	0.01554	0.02051	0.40241	0.08724	0.36587	0.01418	0.00726	0.00202	0.00302	0.01221	0.00621	0.00546
24	0.01311	0.01017	0.01161	0.04365	0.01432	0.01100	0.00833	0.03635	0.36288	0.06672	0.17697	0.09009	0.10787	0.01066	0.00666	0.00206	0.00435	0.00912	0.00616	0.00795
25	0.00768	0.00605	0.00694	0.00707	0.00863	0.00530	0.00517	0.00952	0.01449	0.01864	0.25047	0.19318	0.41439	0.01535	0.00734	0.00211	0.00313	0.01325	0.00598	0.00530
26	0.01607	0.01441	0.02016	0.02623	0.41760	0.03360	0.01472	0.13297	0.15502	0.02360	0.01722	0.04695	0.03947	0.00721	0.00620	0.00190	0.00652	0.00643	0.00434	0.00940
27	0.00746	0.00533	0.00710	0.00852	0.00888	0.00497	0.00568	0.00852	0.01172	0.01563	0.03374	0.78088	0.04049	0.01918	0.00781	0.00249	0.00355	0.01740	0.00568	0.00497
28	0.12423	0.01109	0.01676	0.06637	0.10722	0.01203	0.09983	0.01637	0.01222	0.09825	0.04449	0.01988	0.06058	0.01075	0.02621	0.12736	0.12948	0.00617	0.00383	0.00689
29	0.01515	0.01454	0.02485	0.03757	0.74669	0.01454	0.01879	0.01879	0.01394	0.02000	0.01151	0.01515	0.00970	0.00545	0.00606	0.00182	0.00727	0.00545	0.00303	0.00970
30	0.01492	0.01023	0.05293	0.01172	0.06274	0.00888	0.00901	0.05803	0.05662	0.19602	0.35269	0.03427	0.06036	0.01024	0.00674	0.00195	0.00451	0.03404	0.00631	0.00777

[dist]
# distance from previous block
# <min> <max>
2	7

[block]
# block no. 7 follows, 37 sequences, length 14
# corresponding to MSA columns:
# 372-385
name=unknown_H
#
# <colnr> <probs for GDERKNQSTAVLIFYWHMCP>
#	G	D	E	R	K	N	Q	S	T	A	V	L	I	F	Y	W	H	M	C	P
0	0.01354	0.05413	0.01475	0.01474	0.11138	0.18300	0.00998	0.01556	0.01227	0.01520	0.01360	0.01995	0.01270	0.09818	0.32749	0.00550	0.02793	0.00571	0.00323	0.04116
1	0.01815	0.39538	0.10026	0.01318	0.01827	0.17066	0.03563	0.07687	0.05489	0.04841	0.01113	0.01217	0.00900	0.00594	0.00495	0.00156	0.00770	0.00417	0.00342	0.00825
2	0.01697	0.01445	0.01541	0.01327	0.01627	0.07390	0.01064	0.20662	0.26701	0.04026	0.01773	0.01974	0.01409	0.01310	0.10144	0.00304	0.11814	0.02418	0.00510	0.00863
3	0.01063	0.00532	0.00797	0.00797	0.00797	0.00532	0.00532	0.00797	0.00797	0.01063	0.01063	0.01861	0.01063	0.02127	0.02392	0.82190	0.00532	0.00532	0.00266	0.00266
4	0.01629	0.01250	0.01342	0.01234	0.01538	0.06550	0.01008	0.14866	0.23134	0.08909	0.02467	0.05588	0.02227	0.01111	0.00695	0.00224	0.00589	0.24228	0.00590	0.00821
5	0.01937	0.10209	0.13921	0.01758	0.06684	0.39964	0.07259	0.07823	0.01661	0.01821	0.01040	0.01222	0.00829	0.00606	0.00563	0.00168	0.00963	0.00446	0.00323	0.00801
6	0.00746	0.00533	0.00710	0.00852	0.00888	0.00497	0.00568	0.00852	0.01172	0.01563	0.03374	0.78088	0.04049	0.01918	0.00781	0.00249	0.00355	0.01740	0.00568	0.00497
7	0.01589	0.01277	0.01460	0.01445	0.08844	0.01426	0.01025	0.07582	0.51712	0.05948	0.04504	0.02215	0.01811	0.00798	0.00612	0.00198	0.00505	0.00670	0.05436	0.00941
8	0.02296	0.06249	0.05317	0.01425	0.08944	0.03737	0.01100	0.14522	0.01825	0.40577	0.01890	0.01792	0.01276	0.00702	0.00585	0.00180	0.00600	0.00561	0.05447	0.00972
9	0.01529	0.01432	0.02319	0.03343	0.63083	0.01434	0.01726	0.04480	0.05736	0.02100	0.01239	0.01544	0.01022	0.00563	0.00598	0.00178	0.00694	0.00543	0.00337	0.06101
10	0.10058	0.02062	0.01867	0.07784	0.20801	0.33454	0.01347	0.11785	0.01695	0.02081	0.01072	0.01289	0.00859	0.00615	0.00561	0.00174	0.00863	0.00460	0.00356	0.00815
11	0.12257	0.01231	0.01596	0.01748	0.22026	0.01157	0.01084	0.06699	0.03223	0.07120	0.01301	0.03941	0.01070	0.00592	0.00523	0.00151	0.00550	0.00494	0.00405	0.32832
12	0.04671	0.01493	0.03966	0.07534	0.32893	0.10682	0.01420	0.04101	0.02913	0.07642	0.03230	0.10485	0.01448	0.00790	0.00674	0.00194	0.03962	0.00676	0.00394	0.00834
13	0.01802	0.01433	0.04390	0.05769	0.31485	0.03699	0.01401	0.08606	0.07724	0.16471	0.01523	0.01645	0.01133	0.00625	0.00591	0.00176	0.00653	0.00544	0.00451	0.09879

[dist]
# distance from previous block
# <min> <max>
1	5

[block]
# block no. 8 follows, 37 sequences, length 44
# corresponding to MSA columns:
# 392-406,431-459
name=unknown_I
#
# <colnr> <probs for GDERKNQSTAVLIFYWHMCP>
#	G	D	E	R	K	N	Q	S	T	A	V	L	I	F	Y	W	H	M	C	P
0	0.05749	0.08898	0.08879	0.01457	0.10921	0.01329	0.01136	0.13957	0.01585	0.07706	0.01226	0.01356	0.00946	0.00561	0.00515	0.00144	0.00595	0.00441	0.00408	0.32191
1	0.01648	0.16102	0.06178	0.08802	0.21204	0.11697	0.01364	0.04857	0.07451	0.05577	0.01408	0.01577	0.03401	0.00630	0.00555	0.00170	0.00720	0.00508	0.00366	0.05784
2	0.01855	0.04565	0.04152	0.01851	0.17978	0.11312	0.01262	0.20102	0.12859	0.07298	0.04095	0.01769	0.01336	0.00703	0.00595	0.00179	0.00683	0.01803	0.00480	0.05122
3	0.02065	0.14380	0.02023	0.04355	0.14478	0.01581	0.01197	0.20250	0.08732	0.22358	0.01652	0.01647	0.01186	0.00677	0.00576	0.00179	0.00625	0.00543	0.00528	0.00966
4	0.01676	0.74256	0.03118	0.01079	0.01591	0.06881	0.01056	0.01870	0.01274	0.01444	0.00857	0.00989	0.00786	0.00530	0.00402	0.00133	0.00682	0.00331	0.00265	0.00781
5	0.01269	0.01088	0.01269	0.00907	0.01451	0.00816	0.00725	0.01541	0.01269	0.01995	0.01088	0.01269	0.00907	0.00453	0.00453	0.00091	0.00453	0.00363	0.00363	0.82229
6	0.08391	0.01522	0.02013	0.01532	0.02023	0.01602	0.15263	0.36171	0.08756	0.14042	0.01612	0.01636	0.01137	0.00691	0.00618	0.00192	0.00689	0.00591	0.00557	0.00962
7	0.02625	0.01238	0.01493	0.01163	0.01626	0.04859	0.00953	0.12538	0.04266	0.59193	0.02213	0.01956	0.01425	0.00750	0.00612	0.00188	0.00570	0.00598	0.00711	0.01022
8	0.55579	0.01363	0.01217	0.01009	0.01426	0.01551	0.00832	0.25765	0.01663	0.03122	0.01061	0.01155	0.00791	0.00625	0.00458	0.00187	0.00541	0.00406	0.00458	0.00791
9	0.00725	0.00614	0.00626	0.00636	0.00831	0.00515	0.00472	0.00877	0.01380	0.01647	0.06006	0.10866	0.69572	0.01576	0.00727	0.00210	0.00313	0.01323	0.00568	0.00515
10	0.01039	0.00794	0.01017	0.01146	0.01294	0.03757	0.00994	0.01316	0.01422	0.01818	0.03148	0.06670	0.03412	0.01648	0.00834	0.00277	0.00586	0.67706	0.00554	0.00570
11	0.04181	0.67612	0.05825	0.01158	0.01690	0.04295	0.04698	0.01859	0.01263	0.01528	0.00883	0.01031	0.00789	0.00530	0.00420	0.00140	0.00690	0.00354	0.00269	0.00786
12	0.00944	0.00674	0.00938	0.01079	0.01201	0.00668	0.00913	0.01195	0.01367	0.01785	0.03264	0.19417	0.03615	0.01731	0.00834	0.00276	0.00527	0.58454	0.00564	0.00552
13	0.00986	0.00705	0.00986	0.01127	0.01268	0.00705	0.00986	0.01268	0.01409	0.01832	0.03241	0.06905	0.03523	0.01691	0.00845	0.00282	0.00564	0.70549	0.00564	0.00564
14	0.01515	0.01454	0.02485	0.03757	0.74669	0.01454	0.01879	0.01879	0.01394	0.02000	0.01151	0.01515	0.00970	0.00545	0.00606	0.00182	0.00727	0.00545	0.00303	0.00970
15	0.01892	0.28982	0.12532	0.01485	0.04099	0.38077	0.01308	0.02147	0.01494	0.01555	0.00941	0.01101	0.00791	0.00585	0.00503	0.00154	0.00910	0.00384	0.00289	0.00771
16	0.00955	0.00682	0.00950	0.01091	0.01219	0.00678	0.00932	0.01214	0.01378	0.01797	0.03258	0.16181	0.03591	0.01721	0.00837	0.00277	0.00536	0.61582	0.00564	0.00555
17	0.00874	0.00656	0.00984	0.00984	0.01093	0.00765	0.00765	0.01093	0.00984	0.01421	0.01640	0.02405	0.01530	0.04591	0.76062	0.00984	0.01640	0.00656	0.00328	0.00547
18	0.01594	0.64465	0.15166	0.01164	0.01750	0.02220	0.01246	0.01877	0.01264	0.03222	0.00928	0.01059	0.00801	0.00539	0.00429	0.00143	0.00693	0.00355	0.00273	0.00811
19	0.04249	0.11259	0.45562	0.01565	0.02284	0.09261	0.01788	0.13262	0.01577	0.02171	0.01107	0.01257	0.00817	0.00604	0.00556	0.00181	0.00846	0.00444	0.00325	0.00885
20	0.82811	0.01184	0.00900	0.00805	0.01184	0.01373	0.00663	0.01799	0.01042	0.02746	0.00852	0.00994	0.00663	0.00568	0.00379	0.00189	0.00474	0.00331	0.00379	0.00663
21	0.01637	0.78856	0.03208	0.01047	0.01571	0.02422	0.01047	0.01833	0.01244	0.01440	0.00851	0.00982	0.00786	0.00524	0.00393	0.00131	0.00655	0.00327	0.00262	0.00786
22	0.01674	0.65675	0.10355	0.01121	0.01679	0.02213	0.01159	0.01926	0.01285	0.06738	0.00987	0.01092	0.00837	0.00546	0.00428	0.00141	0.00670	0.00360	0.00297	0.00816
23	0.01735	0.09503	0.30360	0.01828	0.10513	0.24607	0.01665	0.09225	0.01597	0.01959	0.01073	0.01250	0.00830	0.00603	0.00561	0.00175	0.00900	0.00444	0.00317	0.00855
24	0.01009	0.00739	0.00997	0.01116	0.01272	0.00747	0.00967	0.01374	0.05780	0.01870	0.03302	0.06588	0.05977	0.01634	0.00828	0.00275	0.00550	0.63821	0.00567	0.00587
25	0.01427	0.01365	0.02326	0.21665	0.57447	0.01431	0.01835	0.01802	0.01352	0.01893	0.01136	0.01544	0.00932	0.00562	0.00607	0.00187	0.00749	0.00545	0.00295	0.00899
26	0.01450	0.01341	0.02200	0.32047	0.38444	0.01462	0.03603	0.08457	0.01470	0.02005	0.01159	0.01560	0.00915	0.00589	0.00612	0.00191	0.00765	0.00550	0.00320	0.00860
27	0.01139	0.00953	0.01037	0.00988	0.01240	0.01015	0.00765	0.02062	0.35705	0.02160	0.09585	0.08531	0.23871	0.01218	0.00690	0.00215	0.00416	0.07067	0.00602	0.00740
28	0.00723	0.00620	0.00620	0.00620	0.00827	0.00517	0.00465	0.00878	0.01395	0.01654	0.06201	0.05891	0.74421	0.01550	0.00723	0.00207	0.00310	0.01292	0.00568	0.00517
29	0.44724	0.01180	0.01187	0.00970	0.01396	0.01243	0.00800	0.08956	0.01486	0.30381	0.01505	0.01454	0.01023	0.00656	0.00491	0.00189	0.00510	0.00460	0.00545	0.00843
30	0.01364	0.02353	0.40706	0.02701	0.36873	0.01437	0.02080	0.01910	0.01341	0.01968	0.01124	0.01398	0.00868	0.00564	0.00593	0.00188	0.00820	0.00497	0.00280	0.00936
31	0.02441	0.01210	0.01486	0.01174	0.01626	0.01191	0.00959	0.15094	0.15595	0.48973	0.02266	0.02015	0.01500	0.00768	0.00616	0.00192	0.00540	0.00619	0.00707	0.01028
32	0.01024	0.00620	0.00864	0.00931	0.01008	0.00620	0.00732	0.01070	0.01127	0.01521	0.02206	0.04391	0.02324	0.05683	0.01555	0.33375	0.00532	0.33754	0.06228	0.00434
33	0.01529	0.01158	0.03889	0.01190	0.01490	0.01169	0.00991	0.21402	0.12903	0.07663	0.02440	0.15662	0.02324	0.01375	0.04598	0.00264	0.00612	0.17969	0.00578	0.00793
34	0.01381	0.02120	0.31818	0.02741	0.40360	0.01396	0.01951	0.01879	0.01344	0.01975	0.01126	0.01408	0.00887	0.00553	0.00585	0.00180	0.00779	0.00495	0.00289	0.06733
35	0.02039	0.01655	0.02224	0.01655	0.02179	0.01737	0.18287	0.50556	0.02418	0.03269	0.01387	0.01499	0.01004	0.00662	0.00628	0.00183	0.00744	0.00579	0.00522	0.06774
36	0.01206	0.01171	0.01998	0.60511	0.03782	0.01444	0.07891	0.01587	0.01206	0.01587	0.01064	0.01595	0.00824	0.00664	0.00806	0.00213	0.10927	0.00559	0.00275	0.00691
37	0.01826	0.03450	0.14121	0.05589	0.07388	0.20829	0.09721	0.11046	0.11042	0.06961	0.01388	0.01516	0.01037	0.00648	0.00602	0.00185	0.00841	0.00532	0.00407	0.00870
38	0.36252	0.06950	0.01857	0.02128	0.31014	0.06010	0.03910	0.01879	0.01255	0.02247	0.00993	0.01235	0.00813	0.00558	0.00495	0.00181	0.00648	0.00436	0.00333	0.00804
39	0.01531	0.07730	0.26979	0.09207	0.06845	0.11518	0.09897	0.06328	0.08333	0.01976	0.01226	0.01440	0.00932	0.00623	0.00629	0.00189	0.02920	0.00513	0.00333	0.00851
40	0.23731	0.01186	0.06546	0.04110	0.12462	0.01072	0.01032	0.01735	0.01277	0.11601	0.01750	0.16237	0.01645	0.00894	0.00574	0.00195	0.00541	0.04241	0.00448	0.08724
41	0.14000	0.01333	0.01475	0.01218	0.01615	0.10328	0.05168	0.08531	0.01684	0.33164	0.04524	0.02409	0.01625	0.00831	0.00611	0.00198	0.00627	0.09222	0.00581	0.00857
42	0.15648	0.18395	0.08694	0.06847	0.11294	0.01510	0.01198	0.05577	0.01404	0.14671	0.01253	0.01370	0.00940	0.00590	0.00506	0.00168	0.00627	0.00448	0.00400	0.08460
43	0.24142	0.10287	0.01497	0.01034	0.01466	0.03430	0.00858	0.15059	0.06718	0.09662	0.03165	0.01568	0.02478	0.02307	0.00554	0.00175	0.00546	0.00480	0.00469	0.14105

[dist]
# distance from previous block
# <min> <max>
0	191

# created by:
# /home/berkeley/.conda/envs/busco_data_prod/bin/msa2prfl.pl pipeline/OGs_align_augustus/33634/167325.fs
