[name]
unknown

[dist]
# distance from previous block
# <min> <max>
7	190

[block]
# block no. 0 follows, 34 sequences, length 15
# corresponding to MSA columns:
# 249-263
name=unknown_A
#
# <colnr> <probs for GDERKNQSTAVLIFYWHMCP>
#	G	D	E	R	K	N	Q	S	T	A	V	L	I	F	Y	W	H	M	C	P
0	0.04187	0.11262	0.01825	0.01417	0.05910	0.05203	0.06224	0.11822	0.08113	0.09667	0.04021	0.17113	0.01967	0.00977	0.00639	0.00199	0.00614	0.00836	0.04489	0.03515
1	0.06073	0.11570	0.04103	0.01360	0.04655	0.01508	0.05112	0.15567	0.05153	0.02412	0.04600	0.01959	0.04828	0.04814	0.00813	0.00198	0.05293	0.00588	0.00445	0.18949
2	0.01816	0.05101	0.05802	0.01199	0.01598	0.05503	0.01021	0.11788	0.03916	0.19245	0.06677	0.09866	0.02054	0.01310	0.07070	0.00270	0.00704	0.05510	0.00567	0.08983
3	0.01590	0.01269	0.01597	0.08000	0.05623	0.05036	0.04477	0.06871	0.07259	0.09590	0.05962	0.05229	0.01698	0.00982	0.04262	0.00217	0.00673	0.03525	0.00485	0.25655
4	0.01315	0.00993	0.01134	0.01055	0.01313	0.01045	0.00811	0.05036	0.27866	0.06244	0.20801	0.13074	0.11367	0.01249	0.00726	0.00222	0.00435	0.03860	0.00662	0.00791
5	0.01160	0.00897	0.01128	0.01078	0.01131	0.05305	0.00798	0.01162	0.01009	0.01364	0.01446	0.06102	0.01473	0.09828	0.21695	0.29253	0.13666	0.00691	0.00329	0.00483
6	0.00847	0.00624	0.00785	0.00843	0.00952	0.00576	0.00606	0.01031	0.01446	0.01927	0.23217	0.34300	0.17073	0.06139	0.00946	0.00262	0.00379	0.06879	0.00618	0.00550
7	0.00807	0.00577	0.00773	0.00922	0.00969	0.00542	0.00634	0.00934	0.01257	0.01672	0.03550	0.71407	0.04230	0.02005	0.00830	0.00265	0.00392	0.07104	0.00599	0.00530
8	0.81856	0.01250	0.00950	0.00850	0.01250	0.01449	0.00700	0.01899	0.01100	0.02899	0.00900	0.01050	0.00700	0.00600	0.00400	0.00200	0.00500	0.00350	0.00400	0.00700
9	0.01320	0.05137	0.01894	0.17493	0.22213	0.01283	0.03942	0.01676	0.02740	0.04216	0.15454	0.02807	0.10895	0.00905	0.00760	0.00206	0.05045	0.00785	0.00438	0.00790
10	0.01376	0.01345	0.09167	0.21705	0.02429	0.01236	0.03073	0.02015	0.15287	0.06254	0.05875	0.05622	0.01686	0.04926	0.00880	0.02717	0.02636	0.00693	0.00446	0.10635
11	0.01055	0.00843	0.01168	0.01099	0.01170	0.01030	0.00846	0.01229	0.01061	0.01563	0.04919	0.02688	0.01782	0.17019	0.37367	0.00702	0.18846	0.00726	0.04312	0.00576
12	0.01781	0.20107	0.02173	0.11310	0.02107	0.09233	0.01247	0.09705	0.10739	0.05896	0.01330	0.01522	0.01063	0.00758	0.00846	0.00196	0.14459	0.00517	0.00408	0.04604
13	0.03364	0.15271	0.07464	0.01202	0.01656	0.01495	0.01068	0.09548	0.10354	0.04630	0.05096	0.07994	0.01605	0.00817	0.00684	0.00177	0.06058	0.00631	0.00460	0.20428
14	0.01671	0.01368	0.08868	0.01235	0.01618	0.05329	0.04644	0.09747	0.03939	0.18052	0.14086	0.15369	0.09051	0.01126	0.00706	0.00212	0.00583	0.00968	0.00605	0.00823

[dist]
# distance from previous block
# <min> <max>
0	10

[block]
# block no. 1 follows, 34 sequences, length 22
# corresponding to MSA columns:
# 274-295
name=unknown_B
#
# <colnr> <probs for GDERKNQSTAVLIFYWHMCP>
#	G	D	E	R	K	N	Q	S	T	A	V	L	I	F	Y	W	H	M	C	P
0	0.02265	0.04421	0.10815	0.01329	0.01865	0.07073	0.01199	0.21134	0.02044	0.28365	0.04250	0.01944	0.03493	0.00771	0.00626	0.00188	0.00678	0.00601	0.00600	0.06338
1	0.01042	0.00865	0.01358	0.23562	0.07214	0.00981	0.01163	0.01324	0.01229	0.01661	0.02069	0.18509	0.02112	0.02400	0.24670	0.00498	0.01007	0.07291	0.00404	0.00641
2	0.01250	0.01228	0.04823	0.30976	0.21532	0.01265	0.01544	0.01613	0.01386	0.01906	0.09477	0.10860	0.01894	0.00877	0.00729	0.00211	0.03638	0.00779	0.00383	0.03628
3	0.03710	0.11968	0.07040	0.16558	0.07941	0.04399	0.04869	0.13292	0.01707	0.11513	0.03163	0.08082	0.01410	0.00794	0.00627	0.00198	0.00733	0.00666	0.00455	0.00875
4	0.01774	0.20505	0.02009	0.01271	0.01573	0.07097	0.01066	0.08245	0.02700	0.12018	0.01426	0.01840	0.01224	0.08452	0.09945	0.00339	0.16742	0.00566	0.00416	0.00793
5	0.01067	0.01495	0.21837	0.01261	0.01614	0.00950	0.07629	0.01377	0.01244	0.01740	0.08047	0.16132	0.02448	0.28439	0.01638	0.00367	0.00691	0.00971	0.00416	0.00639
6	0.01611	0.04812	0.25486	0.04131	0.09068	0.05919	0.13946	0.07384	0.01554	0.07641	0.01476	0.04639	0.01214	0.07234	0.00877	0.00238	0.00861	0.00644	0.00384	0.00880
7	0.02414	0.01716	0.02020	0.01546	0.02061	0.04446	0.07711	0.48325	0.04964	0.15555	0.01713	0.01694	0.01192	0.00757	0.00656	0.00197	0.00729	0.00609	0.00631	0.01062
8	0.00847	0.00672	0.00770	0.00831	0.00973	0.00626	0.00590	0.01128	0.07393	0.01780	0.04749	0.40514	0.33252	0.01762	0.00784	0.00240	0.00366	0.01541	0.00605	0.00576
9	0.00881	0.00705	0.02841	0.00883	0.00985	0.00639	0.00648	0.01030	0.01220	0.01622	0.06438	0.28524	0.12448	0.21172	0.10782	0.00445	0.00635	0.07068	0.00511	0.00523
10	0.01108	0.00566	0.00831	0.00831	0.00831	0.00566	0.00548	0.00849	0.00849	0.01132	0.01193	0.02140	0.01218	0.08086	0.02585	0.74930	0.00566	0.00591	0.00289	0.00289
11	0.00875	0.00605	0.00736	0.00792	0.00829	0.00586	0.00501	0.00928	0.01096	0.01447	0.02941	0.31328	0.09026	0.36863	0.04905	0.03774	0.00547	0.01285	0.00481	0.00457
12	0.01673	0.01421	0.01498	0.01328	0.01705	0.01638	0.01039	0.08701	0.66720	0.02809	0.02546	0.02344	0.01904	0.00869	0.00657	0.00217	0.00527	0.00719	0.00657	0.01029
13	0.00923	0.00692	0.01038	0.01038	0.01154	0.00808	0.00808	0.01154	0.01038	0.01500	0.01731	0.02538	0.01615	0.04846	0.74732	0.01038	0.01731	0.00692	0.00346	0.00577
14	0.01220	0.01148	0.01938	0.75739	0.04450	0.01436	0.01794	0.01651	0.01292	0.01651	0.01148	0.01723	0.00861	0.00646	0.00646	0.00215	0.00861	0.00574	0.00287	0.00718
15	0.04215	0.01217	0.01675	0.28385	0.10500	0.01391	0.01327	0.16722	0.01667	0.02384	0.01445	0.01866	0.01139	0.03046	0.03758	0.00244	0.03007	0.00588	0.14628	0.00798
16	0.11628	0.62698	0.06161	0.01123	0.01668	0.04550	0.01116	0.01955	0.01304	0.01716	0.00913	0.01056	0.00813	0.00565	0.00427	0.00150	0.00693	0.00354	0.00293	0.00816
17	0.00925	0.00623	0.00724	0.00738	0.00746	0.00625	0.00429	0.00945	0.00972	0.01301	0.02165	0.10967	0.02497	0.67026	0.06220	0.00611	0.00652	0.01013	0.00409	0.00412
18	0.01682	0.02928	0.06652	0.01093	0.01624	0.01012	0.00944	0.02131	0.08105	0.18098	0.04298	0.04528	0.01492	0.00686	0.00565	0.00149	0.00526	0.00563	0.00511	0.42414
19	0.01434	0.01759	0.17197	0.04118	0.10047	0.01333	0.23444	0.03246	0.04317	0.05389	0.14747	0.02246	0.01971	0.00735	0.00689	0.00202	0.00788	0.00724	0.00428	0.05184
20	0.00988	0.00742	0.00964	0.01038	0.01224	0.00692	0.00863	0.01237	0.01437	0.01880	0.03757	0.15911	0.15292	0.01669	0.00823	0.00260	0.00509	0.41996	0.00577	0.08141
21	0.01622	0.01498	0.13759	0.01461	0.07248	0.01211	0.01213	0.04997	0.20974	0.15189	0.12438	0.09518	0.04085	0.00980	0.00680	0.00212	0.00575	0.00837	0.00592	0.00911

[dist]
# distance from previous block
# <min> <max>
1	6

[block]
# block no. 2 follows, 34 sequences, length 37
# corresponding to MSA columns:
# 302-323,385-399
name=unknown_C
#
# <colnr> <probs for GDERKNQSTAVLIFYWHMCP>
#	G	D	E	R	K	N	Q	S	T	A	V	L	I	F	Y	W	H	M	C	P
0	0.00922	0.00690	0.01024	0.01020	0.01138	0.00791	0.00791	0.01159	0.01104	0.01590	0.07602	0.02727	0.01985	0.04555	0.68631	0.00970	0.01613	0.00732	0.00376	0.00580
1	0.18980	0.12366	0.26455	0.03502	0.03854	0.10197	0.01476	0.02147	0.03386	0.07212	0.01227	0.01374	0.00923	0.00635	0.00536	0.00188	0.00773	0.00454	0.03462	0.00853
2	0.00912	0.00675	0.00848	0.00862	0.00937	0.00703	0.00604	0.01028	0.01115	0.01485	0.02907	0.12477	0.14112	0.31908	0.19789	0.00588	0.03676	0.04429	0.00445	0.00499
3	0.01631	0.01397	0.01557	0.01522	0.07568	0.01589	0.01091	0.07095	0.59809	0.02681	0.02431	0.02359	0.01857	0.03545	0.00748	0.00230	0.00548	0.00717	0.00620	0.01005
4	0.02328	0.07033	0.01996	0.01445	0.01950	0.02006	0.01201	0.60114	0.09241	0.03770	0.01605	0.01594	0.01160	0.00769	0.00631	0.00192	0.00691	0.00579	0.00622	0.01073
5	0.01727	0.77681	0.03386	0.01106	0.01658	0.02557	0.01106	0.01935	0.01313	0.01520	0.00898	0.01036	0.00829	0.00553	0.00415	0.00138	0.00691	0.00345	0.00276	0.00829
6	0.02868	0.01149	0.01530	0.01173	0.01674	0.01023	0.00969	0.07862	0.01932	0.68879	0.02480	0.02154	0.01565	0.00798	0.00650	0.00200	0.00561	0.00645	0.00789	0.01100
7	0.81856	0.01250	0.00950	0.00850	0.01250	0.01449	0.00700	0.01899	0.01100	0.02899	0.00900	0.01050	0.00700	0.00600	0.00400	0.00200	0.00500	0.00350	0.00400	0.00700
8	0.01122	0.00561	0.00842	0.00842	0.00842	0.00561	0.00561	0.00842	0.00842	0.01122	0.01122	0.01964	0.01122	0.02245	0.02525	0.81201	0.00561	0.00561	0.00281	0.00281
9	0.81856	0.01250	0.00950	0.00850	0.01250	0.01449	0.00700	0.01899	0.01100	0.02899	0.00900	0.01050	0.00700	0.00600	0.00400	0.00200	0.00500	0.00350	0.00400	0.00700
10	0.01204	0.00602	0.00602	0.00602	0.00753	0.00602	0.00452	0.01506	0.01355	0.02409	0.02108	0.02409	0.01656	0.00753	0.00452	0.00151	0.00301	0.00602	0.80879	0.00602
11	0.01041	0.00744	0.01041	0.01190	0.01339	0.00744	0.01041	0.01339	0.01487	0.01934	0.03421	0.07288	0.03719	0.01785	0.00892	0.00297	0.00595	0.68913	0.00595	0.00595
12	0.00794	0.00569	0.00764	0.00907	0.00948	0.00539	0.00610	0.00912	0.01227	0.01642	0.03470	0.73163	0.04141	0.02165	0.04511	0.00301	0.00443	0.01780	0.00587	0.00527
13	0.01220	0.01148	0.01938	0.75739	0.04450	0.01436	0.01794	0.01651	0.01292	0.01651	0.01148	0.01723	0.00861	0.00646	0.00646	0.00215	0.00861	0.00574	0.00287	0.00718
14	0.02362	0.01657	0.01808	0.01419	0.01908	0.01816	0.01161	0.51833	0.14688	0.11754	0.01849	0.01772	0.01305	0.00796	0.00649	0.00199	0.00659	0.00615	0.00666	0.01086
15	0.02871	0.01145	0.01528	0.01171	0.01672	0.01017	0.00967	0.07484	0.01925	0.69267	0.02485	0.02158	0.01568	0.00798	0.00650	0.00200	0.00560	0.00645	0.00790	0.01100
16	0.01506	0.01704	0.03704	0.02663	0.03297	0.01599	0.68164	0.02041	0.01524	0.02064	0.01390	0.01961	0.01088	0.00593	0.00768	0.00221	0.01070	0.03446	0.00337	0.00861
17	0.01041	0.00744	0.01041	0.01190	0.01339	0.00744	0.01041	0.01339	0.01487	0.01934	0.03421	0.07288	0.03719	0.01785	0.00892	0.00297	0.00595	0.68913	0.00595	0.00595
18	0.00878	0.00635	0.00850	0.00988	0.01079	0.00606	0.00753	0.01062	0.01345	0.01760	0.03723	0.46394	0.08965	0.01909	0.00845	0.00272	0.00452	0.26332	0.00598	0.00552
19	0.00826	0.00590	0.00794	0.00944	0.00998	0.00558	0.00667	0.00966	0.01275	0.01693	0.03540	0.66306	0.04189	0.01988	0.00835	0.00268	0.00408	0.12021	0.00599	0.00535
20	0.30168	0.01075	0.01067	0.00922	0.01274	0.01147	0.00741	0.05363	0.09076	0.17678	0.01805	0.01846	0.01315	0.00723	0.00506	0.00188	0.00465	0.00536	0.23297	0.00809
21	0.01437	0.02071	0.22047	0.02286	0.02944	0.01556	0.43645	0.01993	0.01436	0.02051	0.01289	0.01663	0.00972	0.00615	0.00794	0.00214	0.06010	0.00664	0.05448	0.00865
22	0.02792	0.01123	0.01496	0.01163	0.01652	0.01004	0.00956	0.03172	0.07643	0.67853	0.02556	0.02217	0.01630	0.00806	0.00650	0.00202	0.00547	0.00656	0.00788	0.01093
23	0.00834	0.00614	0.00803	0.00906	0.00966	0.00594	0.00628	0.00969	0.01289	0.01723	0.09307	0.57888	0.08585	0.05325	0.00973	0.00273	0.02886	0.04310	0.00589	0.00536
24	0.01250	0.01247	0.02368	0.30373	0.06432	0.01310	0.25869	0.01649	0.01370	0.01819	0.01736	0.18196	0.01659	0.00909	0.00726	0.00225	0.00831	0.00917	0.00371	0.00743
25	0.01127	0.00984	0.01564	0.48688	0.03243	0.01160	0.01433	0.01482	0.01333	0.01719	0.04461	0.05137	0.04574	0.05858	0.00877	0.00259	0.00741	0.14313	0.00390	0.00657
26	0.01592	0.04209	0.01889	0.15150	0.02207	0.18643	0.01370	0.01800	0.01273	0.01615	0.01076	0.03823	0.00987	0.00928	0.01330	0.00233	0.37025	0.00567	0.03572	0.00713
27	0.00973	0.00807	0.03233	0.01009	0.01141	0.00787	0.00760	0.01362	0.10623	0.01760	0.04121	0.35657	0.03063	0.09878	0.18140	0.00471	0.00758	0.04331	0.00520	0.00608
28	0.01252	0.01234	0.07382	0.01689	0.16868	0.03300	0.01120	0.03430	0.01436	0.03650	0.06715	0.30875	0.02586	0.01184	0.00688	0.00204	0.00559	0.01058	0.00480	0.14289
29	0.48511	0.08633	0.01323	0.06957	0.01570	0.01485	0.00851	0.08573	0.01379	0.02620	0.01766	0.01868	0.10775	0.00760	0.00496	0.00197	0.00545	0.00531	0.00431	0.00732
30	0.01347	0.01225	0.01866	0.47869	0.03407	0.01524	0.01586	0.07333	0.01381	0.01854	0.01241	0.01911	0.01030	0.00904	0.02808	0.00248	0.15443	0.03678	0.00334	0.03010
31	0.01795	0.24160	0.10702	0.09667	0.05530	0.09595	0.06086	0.12504	0.01663	0.05188	0.01262	0.03795	0.01036	0.00696	0.00638	0.00186	0.03712	0.00536	0.00378	0.00873
32	0.07964	0.06205	0.04611	0.00970	0.01145	0.03984	0.00758	0.01308	0.02994	0.03831	0.01175	0.01763	0.01075	0.01707	0.01853	0.54176	0.00605	0.00521	0.00323	0.03032
33	0.01461	0.01421	0.07996	0.41087	0.12159	0.01436	0.06122	0.01960	0.05047	0.08188	0.01372	0.01766	0.01027	0.00778	0.02579	0.00234	0.03582	0.00596	0.00358	0.00831
34	0.07920	0.00961	0.01276	0.17422	0.04192	0.00979	0.00984	0.03986	0.01444	0.08368	0.08688	0.19308	0.08129	0.01181	0.02257	0.00224	0.00563	0.00945	0.00503	0.10670
35	0.01351	0.07407	0.04183	0.01036	0.01379	0.04418	0.00847	0.01567	0.01255	0.03348	0.01468	0.02245	0.01389	0.17471	0.01277	0.00255	0.08064	0.02733	0.07014	0.31294
36	0.01711	0.08472	0.01968	0.11737	0.05705	0.01344	0.10737	0.02252	0.11302	0.17033	0.03928	0.03777	0.01631	0.00809	0.00676	0.00204	0.02557	0.03923	0.09374	0.00861

[dist]
# distance from previous block
# <min> <max>
0	19

[block]
# block no. 3 follows, 34 sequences, length 17
# corresponding to MSA columns:
# 419-435
name=unknown_D
#
# <colnr> <probs for GDERKNQSTAVLIFYWHMCP>
#	G	D	E	R	K	N	Q	S	T	A	V	L	I	F	Y	W	H	M	C	P
0	0.01144	0.01135	0.04023	0.13762	0.06785	0.05895	0.06629	0.01381	0.01292	0.01687	0.02303	0.35841	0.02540	0.07436	0.01020	0.00268	0.04594	0.01175	0.00445	0.00647
1	0.07038	0.17569	0.06156	0.01039	0.01559	0.01307	0.00935	0.03560	0.01449	0.09376	0.06485	0.01658	0.01381	0.00626	0.00508	0.00142	0.00546	0.00479	0.04637	0.33551
2	0.05890	0.12950	0.10616	0.01307	0.05433	0.01375	0.01135	0.09359	0.01608	0.10634	0.06186	0.01655	0.01350	0.00644	0.00547	0.00156	0.00606	0.00503	0.00450	0.27595
3	0.01637	0.07487	0.13363	0.01437	0.08052	0.01302	0.01163	0.10323	0.08040	0.12286	0.01857	0.05256	0.01641	0.21790	0.01356	0.00316	0.00677	0.00715	0.00478	0.00824
4	0.00915	0.00671	0.00927	0.00928	0.01048	0.00698	0.00704	0.01151	0.01358	0.01904	0.26723	0.08397	0.05627	0.07999	0.33137	0.00605	0.00970	0.05153	0.00514	0.00573
5	0.01095	0.01066	0.06227	0.22021	0.04665	0.01007	0.01146	0.01570	0.06790	0.02201	0.33284	0.03607	0.08475	0.01062	0.00712	0.00212	0.00547	0.03076	0.00533	0.00703
6	0.01672	0.03794	0.04051	0.13116	0.09932	0.01612	0.24195	0.11694	0.08349	0.06188	0.03978	0.01850	0.01276	0.00698	0.00756	0.00211	0.04625	0.00668	0.00430	0.00905
7	0.00860	0.00612	0.00776	0.00852	0.00953	0.00568	0.00612	0.01050	0.01429	0.01950	0.19837	0.41559	0.12774	0.01712	0.00783	0.00239	0.00364	0.06534	0.05976	0.00557
8	0.01051	0.00692	0.00886	0.00943	0.01057	0.00659	0.00663	0.05756	0.01448	0.06778	0.08469	0.59636	0.05877	0.01796	0.00795	0.00248	0.00403	0.01611	0.00625	0.00609
9	0.01476	0.01309	0.01863	0.27025	0.13094	0.01516	0.03458	0.05859	0.22490	0.02215	0.01670	0.01927	0.01285	0.00748	0.00737	0.00212	0.05719	0.00628	0.05898	0.00869
10	0.01290	0.00733	0.01000	0.00948	0.01037	0.00759	0.00676	0.08938	0.01172	0.03939	0.01453	0.07411	0.01411	0.02261	0.08976	0.55835	0.00675	0.00671	0.00369	0.00447
11	0.00946	0.00634	0.00725	0.00734	0.00744	0.00634	0.00431	0.00964	0.00973	0.01295	0.02121	0.04416	0.02433	0.72667	0.03142	0.00606	0.00624	0.05104	0.00404	0.00404
12	0.02129	0.00961	0.01267	0.01028	0.01401	0.00859	0.00827	0.04995	0.01870	0.44300	0.25823	0.03227	0.06423	0.01010	0.00692	0.00202	0.00465	0.00851	0.00755	0.00912
13	0.01727	0.77681	0.03386	0.01106	0.01658	0.02557	0.01106	0.01935	0.01313	0.01520	0.00898	0.01036	0.00829	0.00553	0.00415	0.00138	0.00691	0.00345	0.00276	0.00829
14	0.02010	0.02820	0.01535	0.01219	0.01553	0.01378	0.00969	0.28353	0.01975	0.18828	0.01863	0.03913	0.01536	0.15344	0.07992	0.00359	0.06211	0.00695	0.00572	0.00874
15	0.01366	0.01203	0.01336	0.00975	0.01519	0.03677	0.00771	0.01639	0.01344	0.02055	0.01175	0.01438	0.01003	0.03262	0.00584	0.00118	0.00510	0.00404	0.00381	0.75241
16	0.07768	0.14393	0.05011	0.05468	0.03771	0.11121	0.08727	0.23445	0.09574	0.02640	0.01373	0.01498	0.01049	0.00681	0.00595	0.00188	0.00787	0.00536	0.00454	0.00921

[dist]
# distance from previous block
# <min> <max>
1	36

[block]
# block no. 4 follows, 34 sequences, length 14
# corresponding to MSA columns:
# 472-485
name=unknown_E
#
# <colnr> <probs for GDERKNQSTAVLIFYWHMCP>
#	G	D	E	R	K	N	Q	S	T	A	V	L	I	F	Y	W	H	M	C	P
0	0.04582	0.17138	0.25819	0.01791	0.07366	0.01702	0.09893	0.04042	0.03032	0.09260	0.02954	0.01547	0.01088	0.00674	0.00707	0.00197	0.06391	0.00536	0.00371	0.00909
1	0.01548	0.01169	0.01056	0.00955	0.01177	0.11410	0.00740	0.11818	0.01633	0.02439	0.01794	0.02077	0.01423	0.01039	0.05658	0.00225	0.03520	0.00578	0.49043	0.00698
2	0.01221	0.00949	0.01365	0.16697	0.07968	0.01046	0.01065	0.01539	0.06392	0.05465	0.08682	0.09270	0.10376	0.04268	0.06181	0.09153	0.06377	0.00865	0.00452	0.00668
3	0.00928	0.00672	0.00936	0.00936	0.01016	0.00752	0.00680	0.01088	0.01008	0.01424	0.01824	0.03056	0.01840	0.27018	0.52866	0.00912	0.01393	0.00768	0.00360	0.00520
4	0.19183	0.01614	0.01683	0.01316	0.01806	0.01771	0.01086	0.49072	0.02500	0.11510	0.01525	0.01517	0.01070	0.00741	0.00595	0.00196	0.00649	0.00541	0.00612	0.01015
5	0.00775	0.00609	0.00702	0.00777	0.00905	0.00535	0.00545	0.00914	0.01355	0.01698	0.05058	0.41433	0.38745	0.01830	0.00794	0.00240	0.00351	0.01600	0.00600	0.00535
6	0.01414	0.01414	0.01979	0.01696	0.01696	0.01979	0.01414	0.01555	0.00990	0.01555	0.00848	0.01414	0.00848	0.01131	0.02120	0.00283	0.76110	0.00565	0.00283	0.00707
7	0.01859	0.02190	0.02249	0.12274	0.02533	0.34650	0.14382	0.02127	0.01512	0.01677	0.01044	0.01406	0.00868	0.00743	0.00966	0.00209	0.17704	0.00536	0.00314	0.00758
8	0.00998	0.00722	0.00986	0.01122	0.01269	0.00710	0.00961	0.01270	0.01467	0.01896	0.03698	0.12460	0.09667	0.01790	0.00876	0.00288	0.00556	0.58081	0.00596	0.00585
9	0.01002	0.00717	0.00889	0.00835	0.01005	0.00694	0.00629	0.01436	0.07772	0.02583	0.59926	0.04382	0.05306	0.01227	0.00722	0.00199	0.00322	0.01075	0.08634	0.00644
10	0.02097	0.01428	0.02387	0.08530	0.17693	0.01393	0.18314	0.09577	0.01765	0.27530	0.01738	0.01851	0.01210	0.00674	0.00674	0.00203	0.00771	0.00648	0.00522	0.00995
11	0.01318	0.00763	0.00977	0.00921	0.01135	0.00702	0.00697	0.01615	0.04801	0.17223	0.27470	0.22306	0.12508	0.01419	0.00754	0.00223	0.00395	0.03389	0.00683	0.00702
12	0.76278	0.01239	0.00989	0.00871	0.01278	0.01414	0.00717	0.01988	0.01153	0.07902	0.01016	0.01131	0.00763	0.00614	0.00418	0.00200	0.00503	0.00371	0.00428	0.00728
13	0.00985	0.00715	0.00948	0.01051	0.01176	0.00721	0.00862	0.01221	0.01400	0.01869	0.03581	0.21543	0.11074	0.01718	0.00888	0.00270	0.03903	0.39240	0.06254	0.00580

[dist]
# distance from previous block
# <min> <max>
0	1

[block]
# block no. 5 follows, 34 sequences, length 28
# corresponding to MSA columns:
# 487-491,498-500,504-523
name=unknown_F
#
# <colnr> <probs for GDERKNQSTAVLIFYWHMCP>
#	G	D	E	R	K	N	Q	S	T	A	V	L	I	F	Y	W	H	M	C	P
0	0.07084	0.05360	0.02685	0.15966	0.23345	0.03271	0.21816	0.07069	0.01534	0.02160	0.01204	0.01580	0.00947	0.00610	0.00683	0.00203	0.02655	0.00600	0.00343	0.00884
1	0.00929	0.00706	0.01064	0.04759	0.01304	0.00820	0.00843	0.01161	0.01065	0.01518	0.01827	0.07584	0.01760	0.04443	0.65975	0.00944	0.01595	0.00765	0.00361	0.00580
2	0.07130	0.56474	0.14806	0.01289	0.01903	0.02262	0.04774	0.01957	0.01317	0.01728	0.00962	0.01126	0.00826	0.00566	0.00464	0.00157	0.00741	0.00388	0.00287	0.00843
3	0.01283	0.01108	0.01679	0.02242	0.31200	0.01112	0.01302	0.01755	0.08105	0.02239	0.20226	0.03803	0.05580	0.01074	0.00728	0.00219	0.00575	0.14438	0.00516	0.00815
4	0.00799	0.00567	0.00746	0.00885	0.00920	0.00532	0.00584	0.00903	0.01215	0.01620	0.03448	0.71483	0.04131	0.07606	0.01007	0.00289	0.00394	0.01770	0.00584	0.00515
5	0.01326	0.01093	0.01265	0.00921	0.01452	0.00835	0.00734	0.01615	0.01341	0.02136	0.01246	0.01448	0.01028	0.00506	0.00476	0.00101	0.00461	0.00405	0.08546	0.73064
6	0.81856	0.01250	0.00950	0.00850	0.01250	0.01449	0.00700	0.01899	0.01100	0.02899	0.00900	0.01050	0.00700	0.00600	0.00400	0.00200	0.00500	0.00350	0.00400	0.00700
7	0.01340	0.10881	0.66789	0.01767	0.02681	0.01608	0.02257	0.02035	0.01359	0.01993	0.01133	0.01331	0.00820	0.00608	0.00594	0.00198	0.00928	0.00464	0.00273	0.00942
8	0.01122	0.00561	0.00842	0.00842	0.00842	0.00561	0.00561	0.00842	0.00842	0.01122	0.01122	0.01964	0.01122	0.02245	0.02525	0.81201	0.00561	0.00561	0.00281	0.00281
9	0.00907	0.00688	0.00999	0.00999	0.01125	0.00781	0.00776	0.01131	0.01082	0.01525	0.02219	0.02912	0.08855	0.04520	0.67230	0.00955	0.01588	0.00760	0.00372	0.00574
10	0.81856	0.01250	0.00950	0.00850	0.01250	0.01449	0.00700	0.01899	0.01100	0.02899	0.00900	0.01050	0.00700	0.00600	0.00400	0.00200	0.00500	0.00350	0.00400	0.00700
11	0.01340	0.01148	0.01340	0.00957	0.01531	0.00861	0.00766	0.01627	0.01340	0.02105	0.01148	0.01340	0.00957	0.00479	0.00479	0.00096	0.00479	0.00383	0.00383	0.81242
12	0.13483	0.01433	0.01604	0.01367	0.01773	0.01623	0.06178	0.09373	0.50024	0.02812	0.02177	0.02081	0.01631	0.00802	0.00626	0.00214	0.00571	0.00663	0.00594	0.00971
13	0.01606	0.01402	0.01569	0.01560	0.08309	0.01600	0.01112	0.03299	0.65555	0.02648	0.02499	0.02336	0.01885	0.00849	0.00656	0.00217	0.00535	0.00716	0.00626	0.01023
14	0.02715	0.01059	0.01441	0.01118	0.01586	0.00918	0.00918	0.02970	0.01847	0.67124	0.09066	0.02443	0.02016	0.00848	0.00660	0.00200	0.00527	0.00698	0.00792	0.01054
15	0.02340	0.01013	0.01266	0.01013	0.01408	0.00941	0.00823	0.08940	0.01808	0.45465	0.02322	0.02203	0.01570	0.00783	0.00589	0.00184	0.00489	0.00629	0.25265	0.00947
16	0.01241	0.01215	0.02315	0.01818	0.02154	0.01242	0.32550	0.01588	0.01309	0.01848	0.01792	0.15103	0.01717	0.01753	0.15914	0.00395	0.08928	0.00906	0.05498	0.00716
17	0.00983	0.00676	0.00886	0.00825	0.00989	0.00621	0.00621	0.01286	0.01830	0.05063	0.70475	0.04735	0.05940	0.01303	0.00758	0.00203	0.00313	0.01150	0.00714	0.00627
18	0.00869	0.00632	0.00837	0.00971	0.01064	0.00600	0.00736	0.01048	0.01344	0.01754	0.03817	0.46562	0.11059	0.01905	0.00841	0.00270	0.00443	0.24099	0.00598	0.00550
19	0.01220	0.01148	0.01938	0.75739	0.04450	0.01436	0.01794	0.01651	0.01292	0.01651	0.01148	0.01723	0.00861	0.00646	0.00646	0.00215	0.00861	0.00574	0.00287	0.00718
20	0.01666	0.67081	0.13447	0.01211	0.01821	0.02406	0.01288	0.01951	0.01320	0.01595	0.00936	0.01083	0.00828	0.00562	0.00443	0.00148	0.00729	0.00364	0.00276	0.00847
21	0.00783	0.00578	0.00734	0.00859	0.00927	0.00528	0.00582	0.00904	0.01276	0.01665	0.04054	0.65211	0.15615	0.01960	0.00815	0.00255	0.00367	0.01759	0.00600	0.00528
22	0.01151	0.00879	0.00943	0.00888	0.01064	0.05758	0.00665	0.05774	0.01767	0.02490	0.44616	0.11271	0.04493	0.01218	0.00697	0.00197	0.00396	0.01053	0.14039	0.00640
23	0.01939	0.02548	0.15177	0.01927	0.07508	0.34674	0.08554	0.02422	0.08143	0.04356	0.01271	0.01459	0.00992	0.00691	0.00716	0.00194	0.05692	0.00521	0.00363	0.00854
24	0.01398	0.00903	0.04321	0.04155	0.01406	0.00770	0.00871	0.01660	0.02944	0.19429	0.04846	0.28038	0.14077	0.01470	0.00760	0.00239	0.00490	0.10882	0.00624	0.00718
25	0.01340	0.01357	0.03654	0.01632	0.01749	0.01688	0.07646	0.01536	0.01062	0.01609	0.01075	0.01747	0.01042	0.07011	0.08328	0.00359	0.52249	0.00613	0.00304	0.03997
26	0.01864	0.01635	0.15150	0.13977	0.02362	0.01353	0.03790	0.12717	0.07655	0.20046	0.01960	0.02024	0.04071	0.00769	0.00666	0.00204	0.02173	0.00629	0.06025	0.00930
27	0.06930	0.07591	0.18625	0.26188	0.06450	0.04510	0.06455	0.03170	0.01392	0.03550	0.01388	0.01704	0.03547	0.00675	0.00638	0.00201	0.02418	0.00557	0.03198	0.00812

[dist]
# distance from previous block
# <min> <max>
0	100

[block]
# block no. 6 follows, 34 sequences, length 33
# corresponding to MSA columns:
# 656-688
name=unknown_G
#
# <colnr> <probs for GDERKNQSTAVLIFYWHMCP>
#	G	D	E	R	K	N	Q	S	T	A	V	L	I	F	Y	W	H	M	C	P
0	0.20950	0.05899	0.04556	0.19849	0.07720	0.12072	0.01262	0.06671	0.03113	0.02227	0.01268	0.04045	0.01040	0.00695	0.00556	0.00194	0.00732	0.00530	0.05845	0.00776
1	0.02898	0.04261	0.09042	0.02819	0.01569	0.08640	0.00979	0.04789	0.06887	0.03495	0.08298	0.10004	0.17682	0.01041	0.00647	0.00188	0.00575	0.00857	0.00495	0.14832
2	0.00902	0.00630	0.00796	0.00879	0.00935	0.00612	0.00613	0.01019	0.01205	0.01595	0.05350	0.30826	0.05207	0.30073	0.01756	0.00403	0.00512	0.15668	0.00525	0.00493
3	0.01550	0.01103	0.01715	0.32851	0.07988	0.01203	0.05195	0.03429	0.04138	0.13454	0.06443	0.02134	0.01527	0.00734	0.00629	0.00200	0.00672	0.00648	0.13585	0.00803
4	0.00953	0.00691	0.00922	0.00983	0.01130	0.00661	0.00801	0.01229	0.01599	0.02151	0.30427	0.11544	0.09749	0.01614	0.00828	0.00253	0.00447	0.32784	0.00640	0.00592
5	0.01057	0.00879	0.01251	0.01171	0.01248	0.01094	0.00921	0.01248	0.01074	0.01573	0.06731	0.02549	0.01800	0.09906	0.43437	0.00737	0.21651	0.00714	0.00360	0.00598
6	0.00894	0.00660	0.00836	0.00792	0.00953	0.00601	0.00594	0.01181	0.01782	0.02479	0.64121	0.05011	0.14966	0.01363	0.00762	0.00205	0.00308	0.01194	0.00697	0.00601
7	0.02111	0.01221	0.01486	0.01107	0.01644	0.01055	0.00903	0.11896	0.01777	0.30671	0.01758	0.01709	0.01231	0.00647	0.00570	0.00151	0.00539	0.00516	0.00584	0.38425
8	0.01823	0.01630	0.03006	0.02187	0.02782	0.01574	0.44803	0.12881	0.05785	0.10708	0.01556	0.01785	0.01125	0.00625	0.00712	0.00206	0.00907	0.00702	0.00452	0.04749
9	0.08480	0.23996	0.38234	0.01664	0.02417	0.01813	0.11023	0.02005	0.01348	0.01975	0.01083	0.01294	0.00833	0.00586	0.00559	0.00187	0.00858	0.00467	0.00292	0.00886
10	0.68869	0.07909	0.01204	0.00895	0.01316	0.01508	0.00754	0.01997	0.01175	0.08154	0.01025	0.01136	0.00779	0.00611	0.00420	0.00195	0.00520	0.00372	0.00419	0.00741
11	0.01398	0.01133	0.01187	0.01050	0.01308	0.06414	0.00812	0.13001	0.12897	0.02764	0.41178	0.03516	0.04010	0.01084	0.00696	0.00199	0.00465	0.00918	0.05207	0.00763
12	0.00854	0.00646	0.00788	0.00778	0.00935	0.00580	0.00574	0.01093	0.01649	0.02223	0.44608	0.14440	0.25469	0.01503	0.00771	0.00215	0.00320	0.01311	0.00664	0.00580
13	0.00923	0.00692	0.01038	0.01038	0.01154	0.00808	0.00808	0.01154	0.01038	0.01500	0.01731	0.02538	0.01615	0.04846	0.74732	0.01038	0.01731	0.00692	0.00346	0.00577
14	0.03067	0.01247	0.01595	0.15298	0.11197	0.01394	0.01212	0.10349	0.22129	0.02341	0.02622	0.06840	0.13001	0.00975	0.00731	0.00216	0.03607	0.00814	0.00512	0.00852
15	0.01823	0.51438	0.11283	0.01346	0.03776	0.02293	0.01303	0.16129	0.01677	0.02120	0.01071	0.01195	0.00888	0.00606	0.00491	0.00159	0.00728	0.00415	0.00353	0.00904
16	0.01882	0.29708	0.20022	0.01383	0.01990	0.07214	0.01409	0.07583	0.08595	0.12270	0.01427	0.01468	0.01071	0.00660	0.00551	0.00178	0.00754	0.00483	0.00420	0.00932
17	0.00871	0.00654	0.00807	0.00779	0.00941	0.00589	0.00580	0.01131	0.01709	0.02333	0.52932	0.09189	0.22237	0.01437	0.00766	0.00210	0.00314	0.01253	0.00678	0.00589
18	0.01674	0.05654	0.19060	0.03327	0.02211	0.13191	0.08239	0.07509	0.10802	0.03870	0.01430	0.01728	0.01137	0.00978	0.04675	0.00254	0.10987	0.02016	0.00392	0.00866
19	0.01763	0.11703	0.14121	0.16409	0.24148	0.01523	0.01683	0.02166	0.01477	0.16801	0.01428	0.01635	0.01053	0.00639	0.00609	0.00193	0.00761	0.00544	0.00400	0.00944
20	0.00843	0.00777	0.06117	0.00952	0.01065	0.00608	0.00722	0.01013	0.01284	0.01742	0.09367	0.61612	0.04088	0.05426	0.00921	0.00270	0.00423	0.01636	0.00576	0.00557
21	0.01291	0.00712	0.00891	0.00917	0.01099	0.00692	0.00752	0.01575	0.01474	0.10003	0.05666	0.08554	0.02786	0.01256	0.00679	0.00222	0.00448	0.27417	0.32917	0.00650
22	0.04829	0.00875	0.00960	0.00905	0.01136	0.00901	0.00688	0.01795	0.20744	0.02395	0.27682	0.07425	0.18881	0.01226	0.00697	0.00210	0.00378	0.01043	0.06523	0.00708
23	0.01883	0.01493	0.01943	0.13902	0.12168	0.01614	0.03916	0.25880	0.15471	0.06817	0.01662	0.01778	0.01230	0.00717	0.00640	0.00196	0.00693	0.00604	0.00522	0.06871
24	0.08777	0.11449	0.08468	0.01731	0.07513	0.05183	0.06453	0.12344	0.01553	0.06828	0.01188	0.01450	0.00954	0.00855	0.02419	0.00229	0.20824	0.00530	0.00389	0.00864
25	0.05717	0.01105	0.01393	0.01194	0.01475	0.05139	0.07929	0.09659	0.01614	0.13064	0.07731	0.20512	0.08472	0.03906	0.00958	0.07268	0.00580	0.01012	0.00556	0.00718
26	0.01682	0.24973	0.07521	0.08036	0.08506	0.01663	0.06546	0.07970	0.01604	0.10391	0.07293	0.04751	0.04855	0.00780	0.00602	0.00186	0.00688	0.00651	0.00439	0.00863
27	0.02986	0.17325	0.15343	0.01546	0.07795	0.01511	0.04198	0.05807	0.01525	0.08908	0.05217	0.02387	0.06699	0.00835	0.00686	0.00194	0.04379	0.05781	0.00431	0.06447
28	0.02975	0.06954	0.13477	0.04887	0.06536	0.04592	0.01182	0.01853	0.07564	0.03679	0.08359	0.06290	0.01803	0.06573	0.00798	0.00207	0.00635	0.00655	0.00424	0.20558
29	0.04617	0.03104	0.04991	0.05272	0.05371	0.04523	0.06576	0.08510	0.09623	0.12791	0.16872	0.02654	0.05670	0.01042	0.03616	0.00233	0.00661	0.00756	0.00555	0.02561
30	0.06120	0.04922	0.14899	0.03241	0.03332	0.01265	0.06489	0.02243	0.14807	0.13919	0.10875	0.06553	0.05001	0.00890	0.00653	0.00206	0.00623	0.00762	0.00532	0.02669
31	0.03261	0.09041	0.23339	0.01747	0.09861	0.01482	0.05122	0.05168	0.10987	0.16277	0.04046	0.01877	0.01384	0.02752	0.00692	0.00209	0.00729	0.00596	0.00471	0.00958
32	0.01825	0.02038	0.21739	0.03185	0.09397	0.06521	0.05150	0.08013	0.15226	0.14065	0.01760	0.01900	0.01297	0.00731	0.00643	0.00203	0.00765	0.02285	0.00486	0.02771

[dist]
# distance from previous block
# <min> <max>
0	42

[block]
# block no. 7 follows, 34 sequences, length 14
# corresponding to MSA columns:
# 731-744
name=unknown_H
#
# <colnr> <probs for GDERKNQSTAVLIFYWHMCP>
#	G	D	E	R	K	N	Q	S	T	A	V	L	I	F	Y	W	H	M	C	P
0	0.11371	0.05639	0.07198	0.01502	0.05907	0.04473	0.06598	0.11255	0.07516	0.12681	0.01641	0.06449	0.01316	0.00762	0.00643	0.00191	0.02837	0.00619	0.00489	0.10915
1	0.11935	0.10079	0.01490	0.01071	0.01441	0.01310	0.00857	0.07452	0.14687	0.14802	0.02043	0.11980	0.01791	0.07813	0.00838	0.00233	0.00542	0.00746	0.00547	0.08345
2	0.13238	0.04443	0.06326	0.01256	0.01757	0.01368	0.06464	0.19390	0.01827	0.02765	0.12022	0.01898	0.01717	0.00715	0.00581	0.00170	0.00602	0.00581	0.00486	0.22394
3	0.01764	0.01898	0.18003	0.01571	0.06591	0.10424	0.01384	0.06650	0.02996	0.14276	0.11079	0.02165	0.01810	0.00828	0.00770	0.00199	0.07349	0.02582	0.00482	0.07180
4	0.01067	0.00846	0.01153	0.00978	0.01204	0.00764	0.06085	0.01251	0.01251	0.01779	0.12850	0.08900	0.02583	0.30163	0.06531	0.00398	0.00630	0.00878	0.00447	0.20242
5	0.01389	0.12280	0.01401	0.01005	0.01225	0.05930	0.00765	0.05663	0.01321	0.07286	0.01917	0.12046	0.01950	0.24556	0.15294	0.00477	0.00840	0.00822	0.00436	0.03396
6	0.01695	0.47999	0.02822	0.01334	0.01700	0.08911	0.01211	0.01879	0.01263	0.01536	0.00892	0.01162	0.00835	0.00737	0.00943	0.00184	0.23411	0.00418	0.00283	0.00785
7	0.01340	0.01148	0.01340	0.00957	0.01531	0.00861	0.00766	0.01627	0.01340	0.02105	0.01148	0.01340	0.00957	0.00479	0.00479	0.00096	0.00479	0.00383	0.00383	0.81242
8	0.00810	0.00578	0.00775	0.00925	0.00972	0.00544	0.00639	0.00938	0.01259	0.01674	0.03549	0.70753	0.04225	0.02003	0.00831	0.00265	0.00394	0.07734	0.00599	0.00531
9	0.01294	0.14485	0.01490	0.05837	0.01440	0.01163	0.00855	0.07661	0.01384	0.05880	0.02207	0.26554	0.02330	0.10511	0.13592	0.00401	0.00763	0.01012	0.00471	0.00670
10	0.01837	0.01940	0.06535	0.04070	0.01960	0.22852	0.05436	0.11993	0.01718	0.06678	0.01890	0.07785	0.07732	0.00952	0.00906	0.00212	0.13557	0.00708	0.00439	0.00799
11	0.01635	0.01611	0.13638	0.01318	0.01900	0.01198	0.05647	0.12736	0.03346	0.09309	0.05791	0.03730	0.01442	0.00684	0.00593	0.00161	0.00628	0.00574	0.00474	0.33588
12	0.04339	0.08130	0.05581	0.01032	0.01494	0.01106	0.00884	0.07654	0.01482	0.02196	0.10118	0.01831	0.01602	0.00836	0.00768	0.09655	0.00534	0.00520	0.00420	0.39816
13	0.08690	0.01646	0.10419	0.01691	0.05901	0.01483	0.13743	0.11110	0.19725	0.04992	0.06410	0.02074	0.01615	0.00752	0.00646	0.00203	0.00693	0.01924	0.00501	0.05781

[dist]
# distance from previous block
# <min> <max>
1	12

[block]
# block no. 8 follows, 34 sequences, length 23
# corresponding to MSA columns:
# 768-790
name=unknown_I
#
# <colnr> <probs for GDERKNQSTAVLIFYWHMCP>
#	G	D	E	R	K	N	Q	S	T	A	V	L	I	F	Y	W	H	M	C	P
0	0.03918	0.12260	0.01796	0.03510	0.06565	0.03598	0.04473	0.06415	0.13192	0.10726	0.10444	0.11786	0.03938	0.00959	0.00645	0.00199	0.00583	0.00818	0.00539	0.03637
1	0.01818	0.05658	0.12757	0.05764	0.09901	0.06125	0.04870	0.17877	0.12404	0.06764	0.03799	0.01776	0.01322	0.00715	0.00626	0.00193	0.00738	0.00589	0.02207	0.04098
2	0.01740	0.01178	0.01757	0.05223	0.18450	0.01139	0.05478	0.08340	0.01682	0.18534	0.09412	0.11061	0.02115	0.02773	0.00735	0.00209	0.00607	0.00813	0.02676	0.06075
3	0.04447	0.15944	0.28748	0.01625	0.05637	0.03522	0.05882	0.02202	0.05843	0.10111	0.01358	0.01481	0.01011	0.00621	0.00573	0.00181	0.00774	0.00495	0.00380	0.09165
4	0.01122	0.00561	0.00842	0.00842	0.00842	0.00561	0.00561	0.00842	0.00842	0.01122	0.01122	0.01964	0.01122	0.02245	0.02525	0.81201	0.00561	0.00561	0.00281	0.00281
5	0.02015	0.20314	0.05257	0.03552	0.01988	0.04690	0.03111	0.30083	0.10463	0.05243	0.01455	0.01530	0.01107	0.00736	0.00686	0.00190	0.05586	0.00537	0.00493	0.00963
6	0.01745	0.01440	0.01788	0.10665	0.11743	0.01638	0.01300	0.14354	0.35266	0.05607	0.01970	0.02006	0.01481	0.00803	0.00737	0.00214	0.05057	0.00653	0.00549	0.00984
7	0.06606	0.01454	0.01687	0.01299	0.01803	0.01489	0.01073	0.36266	0.02392	0.36193	0.01980	0.01826	0.01310	0.00778	0.00636	0.00197	0.00626	0.00602	0.00705	0.01079
8	0.00823	0.00593	0.00783	0.00895	0.00965	0.00553	0.00626	0.00980	0.01357	0.01822	0.14755	0.58248	0.07067	0.01882	0.00817	0.00254	0.00376	0.06043	0.00617	0.00544
9	0.00817	0.00579	0.00756	0.00870	0.00915	0.00544	0.00578	0.00936	0.01265	0.01702	0.10415	0.61711	0.04250	0.10107	0.01085	0.00296	0.00395	0.01672	0.00589	0.00519
10	0.00786	0.00620	0.00709	0.00761	0.00905	0.00543	0.00542	0.00943	0.01415	0.01784	0.11286	0.32701	0.41208	0.01755	0.00787	0.00234	0.00343	0.01525	0.00610	0.00543
11	0.00787	0.00562	0.00750	0.00900	0.00937	0.00525	0.00600	0.00900	0.01237	0.01649	0.03561	0.76871	0.04274	0.02024	0.00825	0.00262	0.00375	0.01837	0.00600	0.00525
12	0.00813	0.00651	0.00729	0.00735	0.00918	0.00566	0.00550	0.01012	0.01540	0.01954	0.22688	0.12495	0.47526	0.01599	0.00773	0.00221	0.00335	0.03705	0.00628	0.00561
13	0.01340	0.01148	0.01340	0.00957	0.01531	0.00861	0.00766	0.01627	0.01340	0.02105	0.01148	0.01340	0.00957	0.00479	0.00479	0.00096	0.00479	0.00383	0.00383	0.81242
14	0.00787	0.00562	0.00750	0.00900	0.00937	0.00525	0.00600	0.00900	0.01237	0.01649	0.03561	0.76871	0.04274	0.02024	0.00825	0.00262	0.00375	0.01837	0.00600	0.00525
15	0.01220	0.01148	0.01938	0.75739	0.04450	0.01436	0.01794	0.01651	0.01292	0.01651	0.01148	0.01723	0.00861	0.00646	0.00646	0.00215	0.00861	0.00574	0.00287	0.00718
16	0.00787	0.00562	0.00750	0.00900	0.00937	0.00525	0.00600	0.00900	0.01237	0.01649	0.03561	0.76871	0.04274	0.02024	0.00825	0.00262	0.00375	0.01837	0.00600	0.00525
17	0.81856	0.01250	0.00950	0.00850	0.01250	0.01449	0.00700	0.01899	0.01100	0.02899	0.00900	0.01050	0.00700	0.00600	0.00400	0.00200	0.00500	0.00350	0.00400	0.00700
18	0.00794	0.00574	0.00751	0.00879	0.00935	0.00532	0.00594	0.00922	0.01290	0.01716	0.08225	0.67837	0.08653	0.01955	0.00817	0.00256	0.00367	0.01764	0.00607	0.00532
19	0.01704	0.50591	0.05649	0.01731	0.11867	0.05837	0.08503	0.02037	0.03541	0.01717	0.01052	0.01248	0.00907	0.00573	0.00505	0.00160	0.00770	0.00441	0.00302	0.00867
20	0.05674	0.04707	0.07198	0.02360	0.20408	0.04681	0.17884	0.12417	0.04191	0.02389	0.03244	0.01670	0.01157	0.00681	0.00749	0.00203	0.06174	0.00609	0.02691	0.00914
21	0.00820	0.00615	0.00729	0.00780	0.00887	0.00558	0.00536	0.00960	0.01355	0.01758	0.14237	0.33375	0.26401	0.12590	0.01149	0.00292	0.00386	0.01460	0.00586	0.00525
22	0.02258	0.05686	0.01878	0.01589	0.01936	0.57837	0.01222	0.06923	0.01805	0.01773	0.01031	0.01212	0.00858	0.00687	0.00673	0.00170	0.05913	0.00432	0.00351	0.05764

[dist]
# distance from previous block
# <min> <max>
1	2

[block]
# block no. 9 follows, 34 sequences, length 34
# corresponding to MSA columns:
# 793-802,804-827
name=unknown_J
#
# <colnr> <probs for GDERKNQSTAVLIFYWHMCP>
#	G	D	E	R	K	N	Q	S	T	A	V	L	I	F	Y	W	H	M	C	P
0	0.10972	0.05905	0.11084	0.14427	0.08520	0.01518	0.01378	0.07312	0.17139	0.11266	0.01663	0.01762	0.01221	0.00707	0.00599	0.00202	0.00675	0.00568	0.02162	0.00919
1	0.00923	0.00692	0.01038	0.01038	0.01154	0.00808	0.00808	0.01154	0.01038	0.01500	0.01731	0.02538	0.01615	0.04846	0.74732	0.01038	0.01731	0.00692	0.00346	0.00577
2	0.05749	0.00920	0.04317	0.10054	0.01538	0.00813	0.00839	0.01455	0.01558	0.10193	0.23413	0.07181	0.27040	0.01242	0.00711	0.00212	0.00452	0.01052	0.00589	0.00674
3	0.01526	0.01333	0.01856	0.01544	0.08400	0.01180	0.10553	0.11738	0.01650	0.02413	0.05310	0.01647	0.01279	0.00587	0.00573	0.00142	0.00613	0.00526	0.00426	0.46705
4	0.02589	0.01511	0.01772	0.01381	0.01872	0.07757	0.05025	0.20791	0.06141	0.41107	0.02087	0.01926	0.01388	0.00772	0.00650	0.00198	0.00674	0.00623	0.00684	0.01051
5	0.00789	0.00582	0.00738	0.00854	0.00927	0.00532	0.00582	0.00918	0.01302	0.01705	0.06963	0.61811	0.16076	0.01929	0.00812	0.00252	0.00364	0.01728	0.00604	0.00532
6	0.01945	0.01584	0.10298	0.01668	0.05094	0.01373	0.13059	0.12402	0.13394	0.21570	0.02088	0.09143	0.01627	0.00853	0.00682	0.00212	0.00697	0.00764	0.00573	0.00973
7	0.01497	0.01637	0.11862	0.05606	0.30503	0.01488	0.08068	0.01868	0.01338	0.05656	0.01297	0.01788	0.01094	0.05258	0.05256	0.00285	0.13676	0.00609	0.00337	0.00877
8	0.01180	0.00959	0.01045	0.00984	0.01206	0.01022	0.00725	0.02043	0.31618	0.02189	0.13857	0.08052	0.16091	0.14759	0.01171	0.00292	0.00459	0.01015	0.00604	0.00731
9	0.00911	0.00614	0.00713	0.00742	0.00749	0.00607	0.00431	0.00932	0.00996	0.01328	0.02324	0.17938	0.02712	0.63087	0.02824	0.00558	0.00579	0.01109	0.00431	0.00417
10	0.02066	0.01823	0.11811	0.08638	0.02262	0.01717	0.01383	0.37002	0.14652	0.09408	0.01735	0.01749	0.01234	0.00761	0.00644	0.00202	0.00710	0.00599	0.00575	0.01029
11	0.00890	0.00619	0.00742	0.00767	0.00816	0.00595	0.00485	0.00981	0.01202	0.01619	0.15685	0.21262	0.07470	0.41627	0.02111	0.00441	0.00492	0.01213	0.00510	0.00471
12	0.01356	0.01182	0.01486	0.05466	0.07976	0.00953	0.00931	0.01659	0.01349	0.02080	0.01154	0.01384	0.00957	0.00497	0.00502	0.00111	0.00526	0.00411	0.00372	0.69648
13	0.01573	0.01690	0.03492	0.02520	0.03131	0.01620	0.60859	0.08062	0.01630	0.02213	0.01352	0.01771	0.01027	0.00808	0.04925	0.00262	0.01092	0.00743	0.00356	0.00875
14	0.02418	0.01843	0.01914	0.01486	0.01989	0.04946	0.01220	0.65383	0.05984	0.03911	0.01576	0.01573	0.01126	0.00776	0.00644	0.00194	0.00721	0.00581	0.00634	0.01081
15	0.00878	0.00637	0.00827	0.00826	0.00954	0.00587	0.00602	0.01131	0.01674	0.02332	0.53620	0.21806	0.08708	0.01500	0.00777	0.00218	0.00322	0.01334	0.00680	0.00587
16	0.81856	0.01250	0.00950	0.00850	0.01250	0.01449	0.00700	0.01899	0.01100	0.02899	0.00900	0.01050	0.00700	0.00600	0.00400	0.00200	0.00500	0.00350	0.00400	0.00700
17	0.00853	0.00655	0.00736	0.00733	0.00884	0.00589	0.00528	0.01021	0.01439	0.01843	0.20686	0.05522	0.38130	0.18163	0.01324	0.00309	0.00403	0.05074	0.00580	0.00529
18	0.00786	0.00620	0.00709	0.00763	0.00906	0.00543	0.00543	0.00942	0.01413	0.01783	0.11208	0.33288	0.40693	0.01758	0.00787	0.00234	0.00344	0.01529	0.00610	0.00543
19	0.81856	0.01250	0.00950	0.00850	0.01250	0.01449	0.00700	0.01899	0.01100	0.02899	0.00900	0.01050	0.00700	0.00600	0.00400	0.00200	0.00500	0.00350	0.00400	0.00700
20	0.81856	0.01250	0.00950	0.00850	0.01250	0.01449	0.00700	0.01899	0.01100	0.02899	0.00900	0.01050	0.00700	0.00600	0.00400	0.00200	0.00500	0.00350	0.00400	0.00700
21	0.01476	0.01387	0.02230	0.27117	0.40355	0.01513	0.01782	0.02084	0.11618	0.02046	0.01398	0.01757	0.01107	0.00642	0.00644	0.00204	0.00761	0.00598	0.00358	0.00923
22	0.01403	0.01280	0.01887	0.14220	0.23880	0.01179	0.02952	0.01750	0.01376	0.02031	0.01173	0.01491	0.00962	0.00537	0.00562	0.00148	0.00644	0.00482	0.00347	0.41697
23	0.41032	0.01384	0.01441	0.31728	0.02638	0.08508	0.01203	0.01863	0.01249	0.02259	0.01012	0.01338	0.00779	0.00625	0.00519	0.00203	0.00713	0.00449	0.00347	0.00712
24	0.19990	0.01307	0.01629	0.01414	0.01506	0.01738	0.01159	0.01581	0.01011	0.01840	0.00964	0.01576	0.00945	0.07675	0.01824	0.00294	0.52002	0.00548	0.00319	0.00678
25	0.02681	0.01449	0.01716	0.01316	0.01824	0.01469	0.01087	0.36604	0.02434	0.39428	0.02058	0.01880	0.01353	0.00788	0.00648	0.00197	0.00629	0.00616	0.00724	0.01099
