[name]
unknown

[dist]
# distance from previous block
# <min> <max>
0	227

[block]
# block no. 0 follows, 41 sequences, length 92
# corresponding to MSA columns:
# 227-318
name=unknown_A
#
# <colnr> <probs for GDERKNQSTAVLIFYWHMCP>
#	G	D	E	R	K	N	Q	S	T	A	V	L	I	F	Y	W	H	M	C	P
0	0.00950	0.00717	0.00952	0.02799	0.01243	0.02139	0.00897	0.01205	0.01307	0.01710	0.04592	0.09633	0.03117	0.01471	0.00752	0.00245	0.00519	0.59811	0.00508	0.05434
1	0.01169	0.00996	0.01160	0.00859	0.01331	0.00777	0.00680	0.01479	0.04743	0.01865	0.01206	0.05869	0.01064	0.00522	0.00449	0.00099	0.00420	0.00430	0.00362	0.74521
2	0.01823	0.01403	0.01501	0.01234	0.01626	0.01577	0.00992	0.37881	0.37680	0.05175	0.01860	0.01757	0.01359	0.00730	0.00577	0.00183	0.00540	0.00580	0.00581	0.00940
3	0.01427	0.01007	0.01625	0.60434	0.03361	0.01170	0.01414	0.01771	0.01259	0.19028	0.01306	0.01623	0.00915	0.00604	0.00573	0.00187	0.00698	0.00524	0.00360	0.00714
4	0.01042	0.02829	0.00875	0.00830	0.00947	0.00718	0.00578	0.02962	0.10189	0.08083	0.02499	0.38585	0.02713	0.22944	0.01284	0.00307	0.00436	0.01136	0.00495	0.00549
5	0.01809	0.01466	0.01758	0.01488	0.05261	0.01746	0.01178	0.44930	0.01977	0.02728	0.01137	0.01332	0.00891	0.00790	0.01036	0.00200	0.28474	0.00510	0.00444	0.00846
6	0.01451	0.01370	0.02294	0.03410	0.72891	0.01378	0.01725	0.05107	0.01366	0.01949	0.01090	0.01414	0.00909	0.00518	0.00567	0.00170	0.00677	0.00510	0.00296	0.00909
7	0.04505	0.02557	0.01586	0.01425	0.01734	0.69305	0.01077	0.04339	0.01634	0.05380	0.00966	0.01085	0.00775	0.00597	0.00516	0.00150	0.00975	0.00382	0.00326	0.00687
8	0.01080	0.01017	0.01716	0.78523	0.03940	0.01271	0.01589	0.01461	0.01144	0.01461	0.01017	0.01525	0.00762	0.00572	0.00572	0.00191	0.00762	0.00508	0.00254	0.00635
9	0.01416	0.01359	0.02322	0.03511	0.76330	0.01359	0.01755	0.01755	0.01302	0.01869	0.01076	0.01416	0.00906	0.00510	0.00566	0.00170	0.00680	0.00510	0.00283	0.00906
10	0.01475	0.01339	0.02271	0.03383	0.72475	0.01332	0.01708	0.01809	0.01320	0.05723	0.01137	0.01443	0.00932	0.00520	0.00567	0.00170	0.00670	0.00513	0.00305	0.00909
11	0.01080	0.01017	0.01716	0.78523	0.03940	0.01271	0.01589	0.01461	0.01144	0.01461	0.01017	0.01525	0.00762	0.00572	0.00572	0.00191	0.00762	0.00508	0.00254	0.00635
12	0.83938	0.01106	0.00841	0.00752	0.01106	0.01283	0.00619	0.01681	0.00973	0.02566	0.00796	0.00929	0.00619	0.00531	0.00354	0.00177	0.00442	0.00310	0.00354	0.00619
13	0.01251	0.01251	0.01752	0.01502	0.01502	0.01752	0.01251	0.01377	0.00876	0.01377	0.00751	0.01251	0.00751	0.01001	0.01877	0.00250	0.78851	0.00501	0.00250	0.00626
14	0.00810	0.00585	0.00765	0.00720	0.00855	0.00540	0.00540	0.01079	0.01619	0.02294	0.76028	0.04273	0.05397	0.01169	0.00675	0.00180	0.00270	0.01034	0.00630	0.00540
15	0.02128	0.01599	0.01810	0.01378	0.01842	0.01755	0.05194	0.70348	0.02614	0.03505	0.01361	0.01383	0.00967	0.00675	0.00578	0.00173	0.00648	0.00524	0.00556	0.00961
16	0.02402	0.00935	0.01266	0.00996	0.01406	0.00816	0.00824	0.02627	0.01598	0.68917	0.02281	0.02209	0.01524	0.00755	0.00579	0.00180	0.00478	0.04609	0.04672	0.00927
17	0.83938	0.01106	0.00841	0.00752	0.01106	0.01283	0.00619	0.01681	0.00973	0.02566	0.00796	0.00929	0.00619	0.00531	0.00354	0.00177	0.00442	0.00310	0.00354	0.00619
18	0.01257	0.01255	0.01770	0.01565	0.03870	0.01740	0.01267	0.01389	0.00889	0.01392	0.00761	0.01257	0.00756	0.00986	0.01836	0.00248	0.76377	0.00501	0.00251	0.00635
19	0.83938	0.01106	0.00841	0.00752	0.01106	0.01283	0.00619	0.01681	0.00973	0.02566	0.00796	0.00929	0.00619	0.00531	0.00354	0.00177	0.00442	0.00310	0.00354	0.00619
20	0.01080	0.01017	0.01716	0.78523	0.03940	0.01271	0.01589	0.01461	0.01144	0.01461	0.01017	0.01525	0.00762	0.00572	0.00572	0.00191	0.00762	0.00508	0.00254	0.00635
21	0.00692	0.00580	0.00602	0.00597	0.00783	0.00490	0.00448	0.00853	0.01343	0.01637	0.14446	0.05353	0.67388	0.01414	0.00676	0.00192	0.00287	0.01186	0.00543	0.00490
22	0.83938	0.01106	0.00841	0.00752	0.01106	0.01283	0.00619	0.01681	0.00973	0.02566	0.00796	0.00929	0.00619	0.00531	0.00354	0.00177	0.00442	0.00310	0.00354	0.00619
23	0.01416	0.01359	0.02322	0.03511	0.76330	0.01359	0.01755	0.01755	0.01302	0.01869	0.01076	0.01416	0.00906	0.00510	0.00566	0.00170	0.00680	0.00510	0.00283	0.00906
24	0.01251	0.01251	0.01752	0.01502	0.01502	0.01752	0.01251	0.01377	0.00876	0.01377	0.00751	0.01251	0.00751	0.01001	0.01877	0.00250	0.78851	0.00501	0.00250	0.00626
25	0.01080	0.01017	0.01716	0.78523	0.03940	0.01271	0.01589	0.01461	0.01144	0.01461	0.01017	0.01525	0.00762	0.00572	0.00572	0.00191	0.00762	0.00508	0.00254	0.00635
26	0.01526	0.01358	0.02127	0.02986	0.59825	0.01387	0.01573	0.14024	0.01532	0.02176	0.01167	0.01445	0.00946	0.00548	0.00559	0.00168	0.00650	0.00512	0.04594	0.00898
27	0.01251	0.01251	0.01752	0.01502	0.01502	0.01752	0.01251	0.01377	0.00876	0.01377	0.00751	0.01251	0.00751	0.01001	0.01877	0.00250	0.78851	0.00501	0.00250	0.00626
28	0.01186	0.01017	0.01186	0.00847	0.01356	0.00762	0.00678	0.01440	0.01186	0.01864	0.01017	0.01186	0.00847	0.00424	0.00424	0.00085	0.00424	0.00339	0.00339	0.83395
29	0.79729	0.01132	0.00886	0.00781	0.01141	0.01308	0.00644	0.05426	0.01062	0.02620	0.00826	0.00952	0.00638	0.00539	0.00365	0.00177	0.00452	0.00320	0.00365	0.00638
30	0.83938	0.01106	0.00841	0.00752	0.01106	0.01283	0.00619	0.01681	0.00973	0.02566	0.00796	0.00929	0.00619	0.00531	0.00354	0.00177	0.00442	0.00310	0.00354	0.00619
31	0.01080	0.01017	0.01716	0.78523	0.03940	0.01271	0.01589	0.01461	0.01144	0.01461	0.01017	0.01525	0.00762	0.00572	0.00572	0.00191	0.00762	0.00508	0.00254	0.00635
32	0.83938	0.01106	0.00841	0.00752	0.01106	0.01283	0.00619	0.01681	0.00973	0.02566	0.00796	0.00929	0.00619	0.00531	0.00354	0.00177	0.00442	0.00310	0.00354	0.00619
33	0.02033	0.02553	0.01613	0.01547	0.05564	0.70118	0.01112	0.02188	0.01580	0.01427	0.00999	0.04672	0.00886	0.00641	0.00528	0.00152	0.00981	0.00434	0.00305	0.00666
34	0.02566	0.00973	0.01327	0.01018	0.01460	0.00841	0.00841	0.02788	0.01637	0.76726	0.02257	0.01947	0.01416	0.00708	0.00575	0.00177	0.00487	0.00575	0.00708	0.00973
35	0.83938	0.01106	0.00841	0.00752	0.01106	0.01283	0.00619	0.01681	0.00973	0.02566	0.00796	0.00929	0.00619	0.00531	0.00354	0.00177	0.00442	0.00310	0.00354	0.00619
36	0.83938	0.01106	0.00841	0.00752	0.01106	0.01283	0.00619	0.01681	0.00973	0.02566	0.00796	0.00929	0.00619	0.00531	0.00354	0.00177	0.00442	0.00310	0.00354	0.00619
37	0.01350	0.01543	0.03375	0.02411	0.02989	0.01446	0.74253	0.01832	0.01350	0.01832	0.01157	0.01543	0.00868	0.00482	0.00675	0.00193	0.00964	0.00675	0.00289	0.00771
38	0.01251	0.01251	0.01752	0.01502	0.01502	0.01752	0.01251	0.01377	0.00876	0.01377	0.00751	0.01251	0.00751	0.01001	0.01877	0.00250	0.78851	0.00501	0.00250	0.00626
39	0.01251	0.01251	0.01752	0.01502	0.01502	0.01752	0.01251	0.01377	0.00876	0.01377	0.00751	0.01251	0.00751	0.01001	0.01877	0.00250	0.78851	0.00501	0.00250	0.00626
40	0.01234	0.01221	0.01709	0.01479	0.01485	0.01696	0.01234	0.01367	0.00899	0.01394	0.00868	0.01519	0.00882	0.01031	0.01821	0.00251	0.74819	0.04206	0.00265	0.00621
41	0.01080	0.01017	0.01716	0.78523	0.03940	0.01271	0.01589	0.01461	0.01144	0.01461	0.01017	0.01525	0.00762	0.00572	0.00572	0.00191	0.00762	0.00508	0.00254	0.00635
42	0.00743	0.00638	0.00644	0.00632	0.00837	0.00568	0.00477	0.01021	0.07971	0.01622	0.05482	0.05201	0.69399	0.01388	0.00668	0.00193	0.00304	0.01157	0.00536	0.00521
43	0.00715	0.00511	0.00685	0.00818	0.00859	0.00481	0.00563	0.00829	0.01113	0.01481	0.03142	0.73491	0.03743	0.01774	0.00735	0.00235	0.00348	0.07476	0.00531	0.00470
44	0.00880	0.00610	0.00784	0.00854	0.00925	0.00610	0.00655	0.01021	0.01092	0.01432	0.02460	0.05196	0.02730	0.37903	0.01774	0.00398	0.00540	0.39251	0.00443	0.00443
45	0.01529	0.80242	0.02997	0.00979	0.01468	0.02263	0.00979	0.01713	0.01162	0.01346	0.00795	0.00918	0.00734	0.00489	0.00367	0.00122	0.00612	0.00306	0.00245	0.00734
46	0.01400	0.01343	0.02293	0.07116	0.72851	0.01355	0.01747	0.01741	0.01295	0.01849	0.01073	0.01421	0.00899	0.00513	0.00567	0.00171	0.00684	0.00510	0.00282	0.00893
47	0.00827	0.00574	0.00722	0.00722	0.00757	0.00608	0.00470	0.00895	0.00861	0.01182	0.01712	0.03244	0.01863	0.54657	0.27856	0.00676	0.00881	0.00759	0.00333	0.00401
48	0.01251	0.01251	0.01752	0.01502	0.01502	0.01752	0.01251	0.01377	0.00876	0.01377	0.00751	0.01251	0.00751	0.01001	0.01877	0.00250	0.78851	0.00501	0.00250	0.00626
49	0.01186	0.01017	0.01186	0.00847	0.01356	0.00762	0.00678	0.01440	0.01186	0.01864	0.01017	0.01186	0.00847	0.00424	0.00424	0.00085	0.00424	0.00339	0.00339	0.83395
50	0.83938	0.01106	0.00841	0.00752	0.01106	0.01283	0.00619	0.01681	0.00973	0.02566	0.00796	0.00929	0.00619	0.00531	0.00354	0.00177	0.00442	0.00310	0.00354	0.00619
51	0.00817	0.00613	0.00919	0.00919	0.01021	0.00715	0.00715	0.01021	0.00919	0.01328	0.01532	0.02247	0.01430	0.04290	0.77631	0.00919	0.01532	0.00613	0.00306	0.00511
52	0.00832	0.00555	0.00624	0.00624	0.00624	0.00555	0.00347	0.00832	0.00832	0.01109	0.01802	0.03743	0.02080	0.79898	0.02911	0.00555	0.00555	0.00832	0.00347	0.00347
53	0.83938	0.01106	0.00841	0.00752	0.01106	0.01283	0.00619	0.01681	0.00973	0.02566	0.00796	0.00929	0.00619	0.00531	0.00354	0.00177	0.00442	0.00310	0.00354	0.00619
54	0.01416	0.01359	0.02322	0.03511	0.76330	0.01359	0.01755	0.01755	0.01302	0.01869	0.01076	0.01416	0.00906	0.00510	0.00566	0.00170	0.00680	0.00510	0.00283	0.00906
55	0.00803	0.00584	0.00755	0.00712	0.00850	0.00537	0.00534	0.01066	0.01602	0.02254	0.72327	0.04338	0.09123	0.01184	0.00675	0.00181	0.00271	0.01044	0.00624	0.00537
56	0.83938	0.01106	0.00841	0.00752	0.01106	0.01283	0.00619	0.01681	0.00973	0.02566	0.00796	0.00929	0.00619	0.00531	0.00354	0.00177	0.00442	0.00310	0.00354	0.00619
57	0.00922	0.00658	0.00922	0.01053	0.01185	0.00658	0.00922	0.01185	0.01317	0.01712	0.03029	0.06452	0.03292	0.01580	0.00790	0.00263	0.00527	0.72480	0.00527	0.00527
58	0.01080	0.01017	0.01716	0.78523	0.03940	0.01271	0.01589	0.01461	0.01144	0.01461	0.01017	0.01525	0.00762	0.00572	0.00572	0.00191	0.00762	0.00508	0.00254	0.00635
59	0.01255	0.01297	0.02255	0.09791	0.02252	0.01530	0.26773	0.01604	0.04505	0.01589	0.01031	0.01470	0.00872	0.00923	0.04902	0.00254	0.36156	0.00575	0.00282	0.00685
60	0.00830	0.00562	0.00662	0.00662	0.00675	0.00575	0.00394	0.00856	0.00843	0.01137	0.01767	0.03549	0.01995	0.70086	0.12608	0.00602	0.00681	0.00803	0.00341	0.00368
61	0.01251	0.01251	0.01752	0.01502	0.01502	0.01752	0.01251	0.01377	0.00876	0.01377	0.00751	0.01251	0.00751	0.01001	0.01877	0.00250	0.78851	0.00501	0.00250	0.00626
62	0.00894	0.00741	0.01167	0.01336	0.12361	0.00707	0.06717	0.01104	0.01260	0.01719	0.15542	0.41110	0.04958	0.01360	0.00695	0.00212	0.00438	0.06613	0.00491	0.00574
63	0.00837	0.00656	0.00930	0.01196	0.11294	0.00640	0.00729	0.01048	0.04696	0.01568	0.02823	0.62979	0.03274	0.01560	0.00702	0.00223	0.00391	0.03406	0.00499	0.00548
64	0.03140	0.01292	0.02091	0.34483	0.34801	0.04993	0.07699	0.01663	0.01248	0.01689	0.01043	0.01443	0.00829	0.00538	0.00571	0.00180	0.00750	0.00512	0.00274	0.00764
65	0.02138	0.02681	0.01625	0.01467	0.01769	0.74535	0.01104	0.05201	0.01664	0.01489	0.00904	0.01045	0.00746	0.00593	0.00518	0.00148	0.01015	0.00374	0.00306	0.00676
66	0.01045	0.00974	0.01654	0.64132	0.03466	0.01171	0.04936	0.01399	0.01168	0.01513	0.04265	0.09251	0.01250	0.00711	0.00596	0.00194	0.00710	0.00647	0.00298	0.00621
67	0.01296	0.08422	0.04632	0.01408	0.11200	0.05150	0.01017	0.07260	0.21231	0.01892	0.01690	0.08341	0.01483	0.01676	0.20324	0.00369	0.00823	0.00638	0.00407	0.00741
68	0.01006	0.00862	0.01165	0.01059	0.01081	0.01096	0.00809	0.01103	0.00869	0.01270	0.01299	0.02365	0.01377	0.30156	0.18612	0.00504	0.33923	0.00644	0.00297	0.00500
69	0.01129	0.00656	0.00668	0.00645	0.00812	0.00691	0.00490	0.01636	0.14342	0.02179	0.01948	0.02133	0.01516	0.00686	0.00432	0.00144	0.00300	0.00553	0.68442	0.00599
70	0.01262	0.07605	0.01454	0.01114	0.08216	0.00968	0.00812	0.03468	0.01235	0.01869	0.01013	0.01190	0.00847	0.00444	0.00436	0.00098	0.00468	0.00357	0.00332	0.66813
71	0.01343	0.01064	0.01156	0.01039	0.01333	0.01177	0.00807	0.02549	0.53660	0.07086	0.12105	0.02736	0.09688	0.00890	0.00603	0.00191	0.00415	0.00748	0.00591	0.00820
72	0.00887	0.00647	0.00782	0.00748	0.00916	0.00612	0.00571	0.01235	0.07594	0.03992	0.45259	0.06506	0.19669	0.01209	0.00664	0.00188	0.00310	0.04708	0.02937	0.00566
73	0.02138	0.02681	0.01625	0.01467	0.01769	0.74535	0.01104	0.05201	0.01664	0.01489	0.00904	0.01045	0.00746	0.00593	0.00518	0.00148	0.01015	0.00374	0.00306	0.00676
74	0.00757	0.00564	0.00705	0.00710	0.00833	0.00511	0.00517	0.00964	0.01437	0.01955	0.45488	0.21898	0.18820	0.01368	0.00688	0.00195	0.00288	0.01205	0.00588	0.00511
75	0.01365	0.47047	0.34755	0.01259	0.01901	0.01862	0.01466	0.01755	0.01182	0.01546	0.00895	0.01042	0.00730	0.00513	0.00443	0.00148	0.00712	0.00356	0.00243	0.00782
76	0.01263	0.01288	0.05882	0.27758	0.44447	0.01287	0.01670	0.01629	0.01247	0.01723	0.01170	0.01739	0.00991	0.00595	0.00580	0.00183	0.00706	0.04765	0.00286	0.00792
77	0.00707	0.00522	0.00664	0.00772	0.00840	0.00479	0.00537	0.00824	0.01146	0.01491	0.03625	0.61737	0.16876	0.01717	0.00724	0.00227	0.00336	0.05774	0.00531	0.00472
78	0.00939	0.00516	0.00704	0.00704	0.00704	0.00516	0.00446	0.00774	0.00774	0.01032	0.01265	0.02412	0.01359	0.28174	0.02463	0.55527	0.00516	0.00609	0.00281	0.00281
79	0.05705	0.01771	0.01521	0.01271	0.01651	0.22663	0.01005	0.30369	0.18855	0.02564	0.01408	0.01421	0.01061	0.00657	0.00540	0.00165	0.00680	0.00485	0.00474	0.05734
80	0.00748	0.00541	0.00712	0.00798	0.00874	0.00505	0.00574	0.00907	0.01251	0.01683	0.19746	0.49942	0.07994	0.01608	0.00722	0.00222	0.00338	0.09794	0.00553	0.00490
81	0.01303	0.00686	0.00920	0.00845	0.01049	0.00621	0.00654	0.01526	0.01503	0.23533	0.35542	0.17914	0.03787	0.01185	0.00665	0.00195	0.00363	0.06432	0.00626	0.00650
82	0.24033	0.05060	0.01370	0.00996	0.01444	0.01340	0.00824	0.27765	0.01668	0.02656	0.01074	0.01171	0.00825	0.00551	0.00455	0.00143	0.00512	0.00393	0.00422	0.27300
83	0.01467	0.06100	0.54164	0.04577	0.02269	0.01265	0.01765	0.02002	0.01295	0.17866	0.01279	0.01366	0.00875	0.00577	0.00543	0.00178	0.00754	0.00453	0.00342	0.00859
84	0.39078	0.01741	0.24336	0.01594	0.15223	0.01326	0.04169	0.03117	0.01151	0.02202	0.00942	0.01134	0.00720	0.00532	0.00467	0.00177	0.00632	0.00398	0.00309	0.00753
85	0.01274	0.00934	0.01071	0.00968	0.01217	0.01000	0.00744	0.02189	0.37890	0.09334	0.27651	0.06457	0.03070	0.02762	0.00673	0.00198	0.00390	0.00822	0.00603	0.00753
86	0.01052	0.00918	0.01517	0.01912	0.28185	0.00949	0.04857	0.01314	0.01147	0.01624	0.05153	0.09883	0.01715	0.02223	0.31396	0.00481	0.00974	0.03692	0.00344	0.00664
87	0.01279	0.10870	0.59841	0.01639	0.05879	0.01405	0.03652	0.01850	0.01233	0.05686	0.01072	0.01234	0.00774	0.00543	0.00531	0.00174	0.00797	0.00429	0.00269	0.00841
88	0.02047	0.01189	0.01989	0.05093	0.04262	0.01114	0.22426	0.05322	0.04445	0.43218	0.01809	0.01777	0.01205	0.00631	0.00604	0.00183	0.00650	0.00600	0.00541	0.00894
89	0.02497	0.00953	0.01291	0.00995	0.01424	0.00827	0.00820	0.02720	0.01617	0.73285	0.02239	0.01955	0.01418	0.00706	0.00567	0.00175	0.00477	0.00573	0.04507	0.00953
90	0.01324	0.02026	0.32945	0.02592	0.39801	0.01362	0.04539	0.03802	0.02755	0.01902	0.01091	0.01348	0.00848	0.00533	0.00561	0.00176	0.00752	0.00483	0.00280	0.00878
91	0.03653	0.01599	0.07641	0.02056	0.28168	0.10899	0.01333	0.12608	0.07702	0.16558	0.01416	0.01496	0.01042	0.00609	0.00557	0.00172	0.00668	0.00505	0.00431	0.00887

[dist]
# distance from previous block
# <min> <max>
1	3

[block]
# block no. 1 follows, 41 sequences, length 23
# corresponding to MSA columns:
# 322-344
name=unknown_B
#
# <colnr> <probs for GDERKNQSTAVLIFYWHMCP>
#	G	D	E	R	K	N	Q	S	T	A	V	L	I	F	Y	W	H	M	C	P
0	0.21754	0.27965	0.08620	0.01287	0.08723	0.05260	0.01072	0.09408	0.01355	0.08320	0.01030	0.01134	0.00804	0.00550	0.00445	0.00156	0.00609	0.00384	0.00350	0.00774
1	0.62550	0.05868	0.01153	0.00992	0.05022	0.05119	0.00762	0.06316	0.04086	0.02460	0.00912	0.01034	0.00713	0.00550	0.00396	0.00172	0.00505	0.00349	0.00364	0.00676
2	0.01459	0.01611	0.08236	0.03176	0.63686	0.08236	0.01725	0.01808	0.01324	0.01822	0.01055	0.01364	0.00876	0.00520	0.00560	0.00169	0.00725	0.00490	0.00281	0.00879
3	0.02566	0.00973	0.01327	0.01018	0.01460	0.00841	0.00841	0.02788	0.01637	0.76726	0.02257	0.01947	0.01416	0.00708	0.00575	0.00177	0.00487	0.00575	0.00708	0.00973
4	0.01215	0.00973	0.01151	0.00851	0.01319	0.00742	0.00674	0.01455	0.01201	0.05499	0.01248	0.07499	0.01110	0.00547	0.00456	0.00101	0.00419	0.00454	0.00372	0.72714
5	0.00790	0.00584	0.00737	0.00699	0.00842	0.00531	0.00524	0.01041	0.01572	0.02183	0.65603	0.04456	0.15892	0.01211	0.00675	0.00182	0.00273	0.01060	0.00615	0.00531
6	0.00693	0.00571	0.00608	0.00617	0.00787	0.00487	0.00456	0.00846	0.01315	0.01616	0.13049	0.13221	0.60846	0.01455	0.00682	0.00196	0.00292	0.01233	0.00542	0.00487
7	0.01529	0.80242	0.02997	0.00979	0.01468	0.02263	0.00979	0.01713	0.01162	0.01346	0.00795	0.00918	0.00734	0.00489	0.00367	0.00122	0.00612	0.00306	0.00245	0.00734
8	0.00774	0.00557	0.00733	0.00744	0.00847	0.00516	0.00537	0.00990	0.01454	0.02032	0.53126	0.27921	0.04890	0.01365	0.00692	0.00196	0.00289	0.01220	0.00599	0.00516
9	0.01297	0.01130	0.01172	0.01064	0.01338	0.04570	0.00821	0.02504	0.53168	0.02323	0.21136	0.02633	0.02636	0.00868	0.00603	0.00188	0.00431	0.00734	0.00581	0.00801
10	0.03928	0.06624	0.07666	0.02406	0.36489	0.01477	0.08512	0.15024	0.05060	0.05500	0.01220	0.01417	0.00944	0.00562	0.00558	0.00172	0.00680	0.00511	0.00366	0.00884
11	0.01733	0.01189	0.01605	0.01711	0.18531	0.04300	0.01142	0.09172	0.01452	0.23709	0.01676	0.08656	0.01416	0.00858	0.00848	0.00198	0.15696	0.04834	0.00466	0.00807
12	0.83938	0.01106	0.00841	0.00752	0.01106	0.01283	0.00619	0.01681	0.00973	0.02566	0.00796	0.00929	0.00619	0.00531	0.00354	0.00177	0.00442	0.00310	0.00354	0.00619
13	0.00802	0.00594	0.00802	0.00797	0.00894	0.00635	0.00588	0.00966	0.01030	0.01423	0.10619	0.03175	0.11297	0.18291	0.44737	0.00674	0.01043	0.00777	0.00379	0.00479
14	0.00839	0.00563	0.00648	0.00658	0.00669	0.00563	0.00393	0.00860	0.00871	0.01157	0.01900	0.03960	0.02177	0.73624	0.02741	0.00531	0.00552	0.06571	0.00361	0.00361
15	0.01416	0.01359	0.02322	0.03511	0.76330	0.01359	0.01755	0.01755	0.01302	0.01869	0.01076	0.01416	0.00906	0.00510	0.00566	0.00170	0.00680	0.00510	0.00283	0.00906
16	0.00774	0.00557	0.00733	0.00744	0.00847	0.00516	0.00537	0.00990	0.01454	0.02032	0.53126	0.27921	0.04890	0.01365	0.00692	0.00196	0.00289	0.01220	0.00599	0.00516
17	0.00733	0.00501	0.00651	0.00771	0.00814	0.00471	0.00518	0.00848	0.01105	0.01525	0.03028	0.72059	0.03560	0.01683	0.00698	0.00223	0.00326	0.01521	0.08493	0.00471
18	0.83938	0.01106	0.00841	0.00752	0.01106	0.01283	0.00619	0.01681	0.00973	0.02566	0.00796	0.00929	0.00619	0.00531	0.00354	0.00177	0.00442	0.00310	0.00354	0.00619
19	0.01660	0.01826	0.01997	0.05533	0.43222	0.28514	0.01474	0.01997	0.05153	0.01713	0.01069	0.01319	0.00883	0.00554	0.00549	0.00164	0.00797	0.00466	0.00301	0.00809
20	0.83938	0.01106	0.00841	0.00752	0.01106	0.01283	0.00619	0.01681	0.00973	0.02566	0.00796	0.00929	0.00619	0.00531	0.00354	0.00177	0.00442	0.00310	0.00354	0.00619
21	0.01169	0.01179	0.02181	0.37552	0.10434	0.01287	0.23316	0.01541	0.01212	0.01612	0.01342	0.05366	0.03937	0.00653	0.00680	0.00194	0.04726	0.00639	0.00292	0.00688
22	0.00690	0.00523	0.00637	0.00728	0.00812	0.00470	0.00501	0.00804	0.01161	0.01487	0.03983	0.56263	0.26509	0.01684	0.00713	0.00220	0.00319	0.01494	0.00531	0.00470

[dist]
# distance from previous block
# <min> <max>
0	1

[block]
# block no. 2 follows, 41 sequences, length 29
# corresponding to MSA columns:
# 346-374
name=unknown_C
#
# <colnr> <probs for GDERKNQSTAVLIFYWHMCP>
#	G	D	E	R	K	N	Q	S	T	A	V	L	I	F	Y	W	H	M	C	P
0	0.01803	0.05124	0.24829	0.01536	0.08111	0.09410	0.02912	0.11415	0.05975	0.21119	0.01444	0.01466	0.01013	0.00616	0.00552	0.00173	0.00702	0.00489	0.00433	0.00877
1	0.00874	0.00613	0.00783	0.05323	0.01038	0.00574	0.00587	0.01094	0.01428	0.05542	0.38743	0.15397	0.20296	0.01248	0.00662	0.00189	0.00323	0.01089	0.03656	0.00542
2	0.01186	0.01017	0.01186	0.00847	0.01356	0.00762	0.00678	0.01440	0.01186	0.01864	0.01017	0.01186	0.00847	0.00424	0.00424	0.00085	0.00424	0.00339	0.00339	0.83395
3	0.00769	0.00569	0.00718	0.00711	0.00837	0.00518	0.00522	0.00990	0.01478	0.02031	0.52330	0.17613	0.16154	0.01322	0.00685	0.00191	0.00284	0.01165	0.00597	0.00518
4	0.00715	0.00581	0.00634	0.00621	0.00797	0.00500	0.00465	0.00897	0.01396	0.01765	0.26437	0.05143	0.55318	0.01367	0.00676	0.00189	0.00284	0.01156	0.00560	0.00500
5	0.00805	0.00585	0.00759	0.00715	0.00852	0.00538	0.00536	0.01071	0.01609	0.02269	0.73733	0.04313	0.07707	0.01178	0.00675	0.00180	0.00271	0.01040	0.00626	0.00538
6	0.01385	0.01328	0.02267	0.10280	0.69797	0.01351	0.01740	0.01729	0.01288	0.01832	0.01071	0.01426	0.00893	0.00515	0.00567	0.00172	0.00687	0.00510	0.00281	0.00882
7	0.02498	0.00989	0.01325	0.01026	0.01462	0.00875	0.00845	0.02802	0.06007	0.72317	0.02261	0.01958	0.01435	0.00712	0.00576	0.00178	0.00485	0.00579	0.00700	0.00969
8	0.01382	0.01325	0.02262	0.10941	0.69160	0.01350	0.01739	0.01726	0.01287	0.01828	0.01070	0.01426	0.00892	0.00516	0.00567	0.00172	0.00688	0.00510	0.00280	0.00879
9	0.00816	0.00575	0.00737	0.00740	0.00789	0.00608	0.00497	0.00907	0.00911	0.01251	0.04083	0.06094	0.04208	0.44509	0.30159	0.00655	0.00889	0.00798	0.00353	0.00421
10	0.00822	0.00557	0.00626	0.00624	0.00640	0.00550	0.00358	0.00839	0.00885	0.01172	0.04390	0.03864	0.06575	0.72751	0.02708	0.00521	0.00530	0.00860	0.00366	0.00361
11	0.02078	0.01554	0.01662	0.01297	0.01737	0.01729	0.01064	0.65275	0.11994	0.03450	0.01496	0.01471	0.01072	0.00698	0.00573	0.00175	0.00607	0.00532	0.00573	0.00964
12	0.01623	0.01435	0.06156	0.02677	0.42799	0.01328	0.13986	0.07756	0.01467	0.13188	0.01288	0.01503	0.00972	0.00551	0.00586	0.00176	0.00704	0.00544	0.00369	0.00895
13	0.04984	0.10176	0.29309	0.01123	0.01537	0.01032	0.01184	0.01335	0.01160	0.01647	0.02141	0.30500	0.06428	0.01095	0.00602	0.00198	0.00565	0.03955	0.00383	0.00647
14	0.02566	0.00973	0.01327	0.01018	0.01460	0.00841	0.00841	0.02788	0.01637	0.76726	0.02257	0.01947	0.01416	0.00708	0.00575	0.00177	0.00487	0.00575	0.00708	0.00973
15	0.01147	0.02959	0.76934	0.01630	0.02476	0.01328	0.02113	0.01811	0.01208	0.01811	0.01026	0.01208	0.00725	0.00543	0.00543	0.00181	0.00845	0.00423	0.00242	0.00845
16	0.01494	0.01566	0.02382	0.04993	0.52422	0.11714	0.13449	0.01832	0.01349	0.01789	0.01062	0.01387	0.00873	0.00518	0.00577	0.00171	0.00776	0.00517	0.00285	0.00844
17	0.01416	0.01359	0.02322	0.03511	0.76330	0.01359	0.01755	0.01755	0.01302	0.01869	0.01076	0.01416	0.00906	0.00510	0.00566	0.00170	0.00680	0.00510	0.00283	0.00906
18	0.00676	0.00579	0.00579	0.00579	0.00773	0.00483	0.00435	0.00821	0.01304	0.01545	0.05794	0.05505	0.76098	0.01449	0.00676	0.00193	0.00290	0.01207	0.00531	0.00483
19	0.01350	0.01282	0.02174	0.09820	0.65472	0.01301	0.01667	0.01689	0.01308	0.01859	0.05644	0.01599	0.01168	0.00555	0.00573	0.00172	0.00662	0.00542	0.00302	0.00860
20	0.02208	0.01344	0.16163	0.01129	0.01633	0.00921	0.01078	0.02511	0.01530	0.58802	0.02053	0.05097	0.01381	0.00722	0.00576	0.00180	0.00551	0.00590	0.00609	0.00927
21	0.02234	0.00902	0.01211	0.00953	0.01343	0.00781	0.00778	0.02455	0.01612	0.62982	0.10956	0.02460	0.07052	0.00812	0.00594	0.00178	0.00448	0.00672	0.00687	0.00890
22	0.83938	0.01106	0.00841	0.00752	0.01106	0.01283	0.00619	0.01681	0.00973	0.02566	0.00796	0.00929	0.00619	0.00531	0.00354	0.00177	0.00442	0.00310	0.00354	0.00619
23	0.83938	0.01106	0.00841	0.00752	0.01106	0.01283	0.00619	0.01681	0.00973	0.02566	0.00796	0.00929	0.00619	0.00531	0.00354	0.00177	0.00442	0.00310	0.00354	0.00619
24	0.02477	0.00954	0.01299	0.01003	0.01429	0.00825	0.00825	0.02701	0.01636	0.72949	0.06001	0.02065	0.01618	0.00731	0.00580	0.00177	0.00476	0.00599	0.00704	0.00951
25	0.01059	0.00576	0.00593	0.00584	0.00720	0.00584	0.00433	0.01386	0.05329	0.02099	0.05942	0.02339	0.01731	0.05111	0.00565	0.00163	0.00293	0.00583	0.69366	0.00544
26	0.00776	0.00697	0.04632	0.00947	0.05113	0.00574	0.00668	0.00953	0.01231	0.01654	0.15698	0.48115	0.13786	0.01504	0.00695	0.00212	0.00361	0.01344	0.00519	0.00524
27	0.00709	0.00507	0.00678	0.00811	0.00849	0.00475	0.00553	0.00818	0.01107	0.01474	0.03146	0.75457	0.03756	0.01780	0.00733	0.00234	0.00343	0.05571	0.00531	0.00468
28	0.01393	0.01126	0.01238	0.03456	0.01453	0.01268	0.00860	0.09849	0.49446	0.03991	0.12630	0.02427	0.02167	0.05220	0.00723	0.00209	0.00461	0.00693	0.00567	0.00822

[dist]
# distance from previous block
# <min> <max>
0	280

# created by:
# /home/berkeley/.conda/envs/busco_data_prod/bin/msa2prfl.pl pipeline/OGs_align_augustus/33634/167685.fs
