[name]
unknown

[dist]
# distance from previous block
# <min> <max>
44	381

[block]
# block no. 0 follows, 36 sequences, length 26
# corresponding to MSA columns:
# 412-437
name=unknown_A
#
# <colnr> <probs for GDERKNQSTAVLIFYWHMCP>
#	G	D	E	R	K	N	Q	S	T	A	V	L	I	F	Y	W	H	M	C	P
0	0.10247	0.06352	0.21391	0.05426	0.05238	0.01349	0.02501	0.08965	0.05607	0.12197	0.08123	0.05676	0.01627	0.00828	0.01646	0.00206	0.00672	0.00630	0.00462	0.00857
1	0.08918	0.12159	0.12026	0.01751	0.14775	0.01454	0.04932	0.05632	0.04677	0.09072	0.03832	0.09295	0.01537	0.00824	0.00665	0.00198	0.04181	0.02808	0.00425	0.00840
2	0.06719	0.13856	0.15475	0.01380	0.05415	0.06896	0.01245	0.03217	0.06931	0.13335	0.01722	0.06332	0.01473	0.00813	0.00586	0.00189	0.00667	0.07350	0.00446	0.05954
3	0.01778	0.13028	0.18961	0.06222	0.05778	0.05420	0.04407	0.12847	0.01664	0.14505	0.01669	0.05952	0.03568	0.00747	0.00599	0.00188	0.00731	0.00607	0.00442	0.00887
4	0.14260	0.11831	0.13394	0.08130	0.01964	0.01427	0.07757	0.06083	0.01400	0.03423	0.07188	0.05165	0.05307	0.00791	0.00654	0.00194	0.04967	0.00632	0.04684	0.00752
5	0.04031	0.01367	0.08439	0.09820	0.12754	0.02659	0.05487	0.14258	0.01647	0.02274	0.10504	0.13428	0.05351	0.04273	0.00770	0.00221	0.00640	0.00845	0.00461	0.00772
6	0.06157	0.56350	0.09435	0.01186	0.01725	0.09026	0.01176	0.05677	0.01394	0.01722	0.00932	0.01067	0.00806	0.00562	0.00443	0.00148	0.00723	0.00363	0.00297	0.00810
7	0.01335	0.01205	0.05871	0.01001	0.01499	0.00908	0.00850	0.01610	0.01288	0.06052	0.01430	0.01687	0.04043	0.04674	0.00720	0.00146	0.04688	0.00467	0.00389	0.60137
8	0.00897	0.00639	0.00855	0.00855	0.00915	0.00699	0.00596	0.01018	0.00958	0.01338	0.01803	0.03190	0.01880	0.38136	0.42612	0.00820	0.01184	0.00776	0.00354	0.00475
9	0.04769	0.04860	0.10203	0.24543	0.06248	0.01258	0.03650	0.01641	0.01314	0.05976	0.08064	0.09779	0.01718	0.00859	0.00742	0.00206	0.07272	0.00713	0.05456	0.00728
10	0.01518	0.09185	0.06274	0.21253	0.14934	0.05272	0.12674	0.03381	0.08479	0.04734	0.01361	0.01647	0.01047	0.00622	0.00604	0.00190	0.00777	0.00567	0.04648	0.00835
11	0.01260	0.01187	0.01967	0.43539	0.09749	0.01451	0.05933	0.01566	0.01180	0.01598	0.01059	0.01606	0.00869	0.00830	0.01073	0.06589	0.17008	0.00562	0.00281	0.00693
12	0.00910	0.00620	0.00789	0.00784	0.00828	0.00646	0.00515	0.00981	0.01004	0.01382	0.08369	0.03554	0.02329	0.46545	0.22504	0.05716	0.00860	0.00839	0.00387	0.00438
13	0.05711	0.05457	0.01455	0.08041	0.01697	0.14979	0.03874	0.09177	0.04657	0.02053	0.10415	0.25239	0.02495	0.01123	0.00658	0.00205	0.00630	0.00959	0.00485	0.00691
14	0.04730	0.01336	0.05241	0.17567	0.16343	0.02942	0.07780	0.09738	0.01473	0.02046	0.01672	0.18601	0.01626	0.00937	0.00739	0.00213	0.05018	0.00827	0.00399	0.00774
15	0.07996	0.05338	0.01882	0.07363	0.05981	0.05499	0.10013	0.12792	0.12975	0.06476	0.01680	0.01786	0.04137	0.00681	0.00586	0.00179	0.00663	0.00576	0.01408	0.11989
16	0.01671	0.01678	0.14156	0.08370	0.06014	0.03084	0.06056	0.19661	0.01740	0.07879	0.01391	0.01672	0.01072	0.04429	0.04826	0.00240	0.00777	0.00546	0.00428	0.14309
17	0.05603	0.04447	0.04228	0.01044	0.04978	0.00822	0.00742	0.01334	0.01230	0.08320	0.06775	0.28765	0.02709	0.20290	0.01287	0.00307	0.00503	0.01070	0.00489	0.05059
18	0.01630	0.06199	0.04683	0.04682	0.01714	0.05308	0.01022	0.12816	0.18189	0.06356	0.01637	0.01931	0.01334	0.09777	0.00952	0.00226	0.04686	0.00575	0.00470	0.15812
19	0.06221	0.12039	0.22216	0.01399	0.01997	0.01411	0.07984	0.08358	0.01531	0.12545	0.04108	0.04826	0.01280	0.00684	0.00574	0.00177	0.00693	0.00565	0.00423	0.10969
20	0.05757	0.05237	0.10375	0.04656	0.03509	0.12935	0.09193	0.05018	0.06482	0.07448	0.05146	0.01625	0.01252	0.00635	0.00572	0.00168	0.00725	0.00525	0.00410	0.18333
21	0.01522	0.35106	0.30635	0.01447	0.02116	0.01922	0.04747	0.05607	0.07909	0.01914	0.01165	0.01298	0.00916	0.00595	0.00522	0.00171	0.00767	0.00446	0.00319	0.00878
22	0.01800	0.04722	0.10455	0.01666	0.11916	0.01248	0.05019	0.05924	0.01555	0.24386	0.06466	0.03693	0.03082	0.03696	0.00864	0.00219	0.07581	0.04325	0.00509	0.00875
23	0.01829	0.09712	0.11403	0.05486	0.10747	0.01325	0.01248	0.08550	0.06092	0.23055	0.02010	0.06157	0.04757	0.03998	0.00716	0.00209	0.00634	0.00666	0.00509	0.00897
24	0.05230	0.01739	0.19539	0.10176	0.11456	0.04721	0.02427	0.01964	0.05883	0.09280	0.03134	0.01893	0.03702	0.04816	0.00790	0.00211	0.03871	0.00574	0.00391	0.08204
25	0.01312	0.03658	0.08153	0.05562	0.11875	0.01022	0.01069	0.05509	0.01390	0.07560	0.06823	0.14017	0.02139	0.14150	0.02820	0.00283	0.00618	0.03491	0.00450	0.08096

[dist]
# distance from previous block
# <min> <max>
32	82

[block]
# block no. 1 follows, 36 sequences, length 8
# corresponding to MSA columns:
# 546-553
name=unknown_B
#
# <colnr> <probs for GDERKNQSTAVLIFYWHMCP>
#	G	D	E	R	K	N	Q	S	T	A	V	L	I	F	Y	W	H	M	C	P
0	0.01627	0.01221	0.01721	0.02807	0.06825	0.01216	0.10185	0.14756	0.08552	0.10263	0.05815	0.02198	0.01595	0.05929	0.05757	0.03833	0.00700	0.02246	0.00489	0.12268
1	0.01205	0.01207	0.08581	0.01478	0.10700	0.01073	0.03382	0.06101	0.07786	0.01872	0.01997	0.19655	0.02055	0.17738	0.03779	0.00323	0.05027	0.00915	0.00433	0.04694
2	0.04610	0.04792	0.06075	0.01202	0.01547	0.07106	0.03314	0.10717	0.08339	0.03890	0.03142	0.20599	0.01937	0.03568	0.00774	0.00207	0.04162	0.00838	0.00474	0.12707
3	0.07321	0.01411	0.05097	0.01397	0.01693	0.03458	0.06977	0.13746	0.06134	0.02229	0.01325	0.01678	0.01100	0.03001	0.08076	0.00291	0.21838	0.00563	0.06767	0.05896
4	0.01099	0.00906	0.01044	0.07196	0.01374	0.04134	0.00781	0.06301	0.06371	0.02306	0.38961	0.04250	0.16492	0.01206	0.00711	0.00204	0.00435	0.04976	0.00603	0.00650
5	0.01256	0.01147	0.01870	0.48945	0.06099	0.01303	0.07331	0.06008	0.01362	0.01803	0.01351	0.07182	0.01166	0.04091	0.00745	0.00218	0.00767	0.00659	0.00336	0.06362
6	0.06391	0.01718	0.15871	0.03194	0.08993	0.01360	0.06167	0.14023	0.04976	0.07862	0.01341	0.01486	0.01002	0.00614	0.00601	0.00171	0.02272	0.00503	0.00422	0.21032
7	0.01285	0.01331	0.07729	0.37021	0.07443	0.04131	0.01432	0.06654	0.01510	0.02029	0.15712	0.02166	0.01870	0.00745	0.00629	0.00192	0.00700	0.00643	0.00393	0.06387

[dist]
# distance from previous block
# <min> <max>
6	31

[block]
# block no. 2 follows, 36 sequences, length 23
# corresponding to MSA columns:
# 585-607
name=unknown_C
#
# <colnr> <probs for GDERKNQSTAVLIFYWHMCP>
#	G	D	E	R	K	N	Q	S	T	A	V	L	I	F	Y	W	H	M	C	P
0	0.05932	0.09632	0.06751	0.03650	0.05263	0.10241	0.03159	0.08510	0.08397	0.09613	0.01712	0.04582	0.04703	0.00722	0.00567	0.00171	0.00656	0.00574	0.00447	0.14719
1	0.01341	0.03376	0.04533	0.01368	0.09581	0.00957	0.04314	0.01685	0.07557	0.11969	0.02450	0.18977	0.05649	0.16503	0.01179	0.00290	0.00565	0.04199	0.00498	0.03011
2	0.11719	0.10524	0.03896	0.04786	0.01842	0.07391	0.01105	0.24031	0.19900	0.06371	0.01587	0.01594	0.01181	0.00710	0.00566	0.00187	0.00650	0.00531	0.00514	0.00917
3	0.01804	0.08162	0.05629	0.01308	0.04891	0.03760	0.01071	0.22530	0.05198	0.07908	0.01366	0.01443	0.01036	0.00609	0.00541	0.00148	0.00609	0.00471	0.00467	0.31048
4	0.01035	0.00726	0.00954	0.06009	0.01258	0.00701	0.00716	0.04485	0.01408	0.05420	0.15530	0.40900	0.03610	0.05565	0.00862	0.00242	0.00431	0.03395	0.00563	0.06188
5	0.01386	0.01993	0.22026	0.02163	0.02832	0.01456	0.42593	0.01997	0.04860	0.02017	0.01352	0.01794	0.01050	0.00600	0.00679	0.00202	0.00931	0.03297	0.00330	0.06442
6	0.05523	0.01439	0.06821	0.18890	0.02472	0.05189	0.11121	0.10906	0.01598	0.12073	0.06447	0.03779	0.01443	0.01022	0.05996	0.00258	0.03136	0.00643	0.00441	0.00805
7	0.01644	0.06393	0.01519	0.03874	0.03762	0.01159	0.03607	0.09360	0.12607	0.17639	0.07257	0.20185	0.02320	0.01045	0.00655	0.00202	0.00527	0.00907	0.00580	0.04758
8	0.00766	0.00557	0.00723	0.00840	0.00900	0.00514	0.00570	0.00893	0.01257	0.01668	0.09018	0.65657	0.10607	0.01867	0.00785	0.00245	0.00352	0.01681	0.00587	0.00514
9	0.01243	0.01101	0.01240	0.01126	0.01272	0.10478	0.04320	0.06139	0.01271	0.01644	0.05413	0.08126	0.01891	0.19693	0.21214	0.05862	0.06231	0.00773	0.00389	0.00573
10	0.16047	0.01514	0.05771	0.03213	0.02067	0.01442	0.17280	0.15943	0.03791	0.02518	0.01208	0.01417	0.00927	0.00607	0.00635	0.00177	0.04357	0.00514	0.00406	0.20166
11	0.01744	0.04871	0.01880	0.01378	0.01768	0.01159	0.16852	0.07663	0.01528	0.21903	0.03917	0.06140	0.01651	0.14695	0.01140	0.00265	0.02984	0.00733	0.00502	0.07229
12	0.00901	0.00612	0.00797	0.00887	0.00983	0.00576	0.00643	0.01048	0.01262	0.05046	0.03573	0.47888	0.12312	0.05829	0.04068	0.00300	0.00463	0.11707	0.00566	0.00540
13	0.05962	0.01567	0.03795	0.01496	0.05545	0.05147	0.04039	0.33837	0.08689	0.06423	0.01647	0.06335	0.01316	0.00818	0.00712	0.00197	0.05939	0.00638	0.04985	0.00914
14	0.05454	0.01326	0.01776	0.11423	0.05088	0.01434	0.06076	0.22578	0.05378	0.17776	0.01773	0.05517	0.01393	0.00837	0.00737	0.00208	0.05813	0.03979	0.00536	0.00898
15	0.00891	0.00663	0.00979	0.00979	0.01083	0.00767	0.00751	0.01098	0.00995	0.01430	0.01689	0.02560	0.01606	0.09730	0.70643	0.00974	0.01596	0.00684	0.00337	0.00544
16	0.01825	0.01255	0.01906	0.09387	0.11791	0.01294	0.11116	0.04460	0.15307	0.22525	0.04054	0.02014	0.01474	0.00731	0.00689	0.00200	0.03574	0.00648	0.04837	0.00913
17	0.01666	0.78478	0.03265	0.01066	0.01599	0.02465	0.01066	0.01866	0.01266	0.01466	0.00866	0.00999	0.00800	0.00533	0.00400	0.00133	0.00666	0.00333	0.00267	0.00800
18	0.01023	0.00691	0.00860	0.00847	0.01019	0.00648	0.00643	0.01335	0.05354	0.07113	0.32672	0.17588	0.16229	0.01410	0.00735	0.00216	0.00362	0.07440	0.03200	0.00615
19	0.00943	0.00769	0.00961	0.00985	0.01083	0.04529	0.04413	0.01084	0.01238	0.01604	0.05852	0.41071	0.05443	0.17232	0.01267	0.00318	0.00509	0.09664	0.00514	0.00521
20	0.00912	0.04394	0.00887	0.00780	0.00871	0.00717	0.00538	0.01025	0.01110	0.01487	0.10711	0.06644	0.10407	0.38602	0.17755	0.00562	0.00756	0.00931	0.00428	0.00481
21	0.06296	0.01086	0.01262	0.01041	0.01419	0.01097	0.00838	0.09673	0.16060	0.33226	0.02199	0.02085	0.01532	0.00764	0.00573	0.00185	0.00483	0.00610	0.18652	0.00919
22	0.29910	0.01519	0.01309	0.01122	0.01493	0.14682	0.00896	0.08788	0.08379	0.15956	0.01479	0.01512	0.01081	0.00693	0.00561	0.00187	0.02917	0.00482	0.06221	0.00814

[dist]
# distance from previous block
# <min> <max>
3	18

[block]
# block no. 3 follows, 36 sequences, length 25
# corresponding to MSA columns:
# 635-659
name=unknown_D
#
# <colnr> <probs for GDERKNQSTAVLIFYWHMCP>
#	G	D	E	R	K	N	Q	S	T	A	V	L	I	F	Y	W	H	M	C	P
0	0.06762	0.14438	0.18014	0.01643	0.05417	0.01580	0.12536	0.02047	0.11226	0.03585	0.02446	0.01948	0.01274	0.00731	0.00692	0.00198	0.05794	0.05783	0.00378	0.03508
1	0.01013	0.04510	0.01055	0.00943	0.01120	0.08858	0.03210	0.01190	0.01426	0.01769	0.15533	0.31372	0.22722	0.01477	0.00723	0.00215	0.00460	0.01286	0.00544	0.00574
2	0.01246	0.01543	0.17601	0.34141	0.02921	0.01340	0.01582	0.01715	0.04762	0.04750	0.01692	0.06710	0.05967	0.00840	0.00815	0.00216	0.10389	0.00670	0.00350	0.00747
3	0.01563	0.09959	0.04531	0.29833	0.04321	0.11399	0.09973	0.02071	0.09280	0.06548	0.01400	0.03981	0.01106	0.00677	0.00610	0.00194	0.00808	0.00588	0.00368	0.00790
4	0.01259	0.00820	0.01012	0.00991	0.01194	0.00818	0.00774	0.06061	0.09578	0.10062	0.13211	0.23499	0.07325	0.01394	0.00730	0.00228	0.00442	0.15091	0.04826	0.00686
5	0.03276	0.00929	0.01160	0.01052	0.01272	0.00967	0.03309	0.12031	0.10296	0.04573	0.20096	0.22298	0.03246	0.05118	0.07177	0.00299	0.00564	0.01059	0.00580	0.00699
6	0.01717	0.00858	0.01096	0.00961	0.01244	0.00807	0.00772	0.04882	0.04203	0.28357	0.15817	0.03420	0.06121	0.01116	0.00777	0.05563	0.00456	0.09901	0.11165	0.00766
7	0.09781	0.00686	0.00834	0.00924	0.01050	0.00683	0.00712	0.01134	0.01296	0.01858	0.07705	0.33685	0.08238	0.05014	0.00869	0.00266	0.00447	0.23715	0.00554	0.00547
8	0.01363	0.01363	0.01908	0.01636	0.01636	0.01908	0.01363	0.01499	0.00954	0.01499	0.00818	0.01363	0.00818	0.01091	0.02045	0.00273	0.76963	0.00545	0.00273	0.00682
9	0.01083	0.00728	0.00895	0.00836	0.01043	0.00677	0.00647	0.01438	0.06404	0.09138	0.42172	0.04724	0.20662	0.01297	0.00727	0.00206	0.00353	0.05669	0.00658	0.00644
10	0.00891	0.00602	0.00784	0.00869	0.00955	0.00562	0.00601	0.01070	0.03017	0.05295	0.12016	0.60387	0.07053	0.01770	0.00773	0.00240	0.00363	0.01593	0.00602	0.00555
11	0.02332	0.02836	0.01777	0.01586	0.01927	0.67554	0.01202	0.10097	0.01893	0.01787	0.01021	0.01164	0.00831	0.00654	0.00569	0.00163	0.01076	0.00419	0.00354	0.00759
12	0.01363	0.01363	0.01908	0.01636	0.01636	0.01908	0.01363	0.01499	0.00954	0.01499	0.00818	0.01363	0.00818	0.01091	0.02045	0.00273	0.76963	0.00545	0.00273	0.00682
13	0.01018	0.00696	0.00868	0.00816	0.00992	0.00658	0.00614	0.01382	0.06363	0.06118	0.52359	0.09009	0.10637	0.01263	0.00713	0.00199	0.00325	0.01105	0.04235	0.00628
14	0.00874	0.09072	0.01008	0.00878	0.00983	0.00734	0.00635	0.01005	0.01233	0.01613	0.05954	0.58338	0.07206	0.04121	0.00823	0.00248	0.00404	0.03788	0.00542	0.00540
15	0.01592	0.01574	0.02098	0.02719	0.41427	0.09557	0.03709	0.02307	0.20657	0.02116	0.01744	0.01907	0.04426	0.00686	0.00624	0.00191	0.00707	0.00617	0.00409	0.00933
16	0.02277	0.01305	0.01521	0.01191	0.01622	0.01337	0.00975	0.35318	0.02290	0.28611	0.09779	0.02116	0.01792	0.00812	0.00624	0.00187	0.00562	0.00647	0.06057	0.00977
17	0.01236	0.01230	0.01657	0.55276	0.03442	0.09375	0.01463	0.01588	0.01355	0.01652	0.06277	0.02266	0.09137	0.00771	0.00636	0.00202	0.00772	0.00657	0.00341	0.00671
18	0.12968	0.41002	0.02408	0.05131	0.04334	0.05216	0.01080	0.07520	0.11375	0.02030	0.01175	0.01283	0.00964	0.00610	0.00474	0.00163	0.00649	0.00425	0.00366	0.00826
19	0.01211	0.04397	0.01497	0.23625	0.02251	0.01237	0.03621	0.01985	0.24271	0.02038	0.10424	0.05375	0.13612	0.00955	0.00657	0.00206	0.00567	0.00824	0.00495	0.00752
20	0.00906	0.00981	0.10370	0.00858	0.01142	0.00681	0.00775	0.01191	0.01537	0.03601	0.29575	0.04852	0.36853	0.01328	0.00718	0.00205	0.00398	0.02839	0.00580	0.00612
21	0.04600	0.01282	0.01738	0.01406	0.01786	0.01357	0.12412	0.13088	0.22698	0.12133	0.09010	0.07224	0.03447	0.00898	0.00720	0.00208	0.03759	0.00780	0.00575	0.00881
22	0.01336	0.06111	0.02021	0.53216	0.13783	0.01501	0.01641	0.04817	0.06115	0.01815	0.01213	0.01639	0.00932	0.00628	0.00609	0.00199	0.00779	0.00550	0.00319	0.00776
23	0.01723	0.01978	0.01876	0.01632	0.01791	0.31171	0.04542	0.01885	0.01313	0.01537	0.01024	0.05009	0.00979	0.00928	0.01332	0.00224	0.39495	0.00557	0.00309	0.00697
24	0.02038	0.14151	0.01909	0.01441	0.01802	0.46520	0.01130	0.02591	0.18901	0.01777	0.01328	0.01394	0.01067	0.00674	0.00554	0.00169	0.00901	0.00464	0.00388	0.00798

[dist]
# distance from previous block
# <min> <max>
2	96

[block]
# block no. 4 follows, 36 sequences, length 14
# corresponding to MSA columns:
# 756-769
name=unknown_E
#
# <colnr> <probs for GDERKNQSTAVLIFYWHMCP>
#	G	D	E	R	K	N	Q	S	T	A	V	L	I	F	Y	W	H	M	C	P
0	0.01654	0.17095	0.22029	0.01455	0.02014	0.01625	0.06268	0.09326	0.08787	0.10381	0.01506	0.05223	0.01197	0.00734	0.00679	0.00190	0.05804	0.00576	0.00419	0.03038
1	0.01580	0.19086	0.30578	0.01379	0.02005	0.01631	0.01498	0.14137	0.05020	0.06037	0.06024	0.01822	0.05154	0.00722	0.00575	0.00182	0.00712	0.00557	0.00413	0.00887
2	0.01857	0.14097	0.07073	0.09301	0.13266	0.04493	0.01282	0.05029	0.05883	0.20264	0.01515	0.01595	0.01110	0.00634	0.00564	0.00172	0.00664	0.00512	0.00452	0.10240
3	0.01323	0.08919	0.38721	0.01506	0.05024	0.01364	0.01609	0.05574	0.05801	0.02010	0.04985	0.01791	0.04418	0.00821	0.00753	0.07600	0.00730	0.00545	0.00350	0.06154
4	0.01042	0.05964	0.01331	0.01061	0.01274	0.00909	0.07173	0.01267	0.01159	0.01652	0.06901	0.02573	0.04632	0.07521	0.37826	0.03975	0.01106	0.00694	0.06014	0.05925
5	0.01204	0.01138	0.01943	0.62489	0.07079	0.01374	0.05435	0.01606	0.01268	0.01647	0.01245	0.01978	0.01013	0.00697	0.00687	0.00214	0.03138	0.04841	0.00298	0.00706
6	0.01666	0.78478	0.03265	0.01066	0.01599	0.02465	0.01066	0.01866	0.01266	0.01466	0.00866	0.00999	0.00800	0.00533	0.00400	0.00133	0.00666	0.00333	0.00267	0.00800
7	0.01471	0.01681	0.03676	0.02626	0.03256	0.01576	0.71954	0.01996	0.01471	0.01996	0.01261	0.01681	0.00945	0.00525	0.00735	0.00210	0.01050	0.00735	0.00315	0.00840
8	0.82504	0.01205	0.00916	0.00819	0.01205	0.01398	0.00675	0.01832	0.01060	0.02795	0.00868	0.01012	0.00675	0.00578	0.00386	0.00193	0.00482	0.00337	0.00386	0.00675
9	0.00900	0.00626	0.00793	0.00793	0.00833	0.00666	0.00519	0.00979	0.00940	0.01292	0.01859	0.03502	0.02015	0.52167	0.28766	0.00744	0.00980	0.00822	0.00362	0.00441
10	0.01531	0.01072	0.01149	0.01015	0.01298	0.01175	0.00786	0.11757	0.30753	0.05994	0.05158	0.02415	0.01867	0.05888	0.00743	0.00212	0.00458	0.00675	0.25234	0.00820
11	0.01177	0.01107	0.01869	0.76606	0.04291	0.01384	0.01730	0.01592	0.01246	0.01592	0.01107	0.01661	0.00831	0.00623	0.00623	0.00208	0.00831	0.00554	0.00277	0.00692
12	0.01738	0.01240	0.01370	0.01043	0.01546	0.05831	0.00834	0.02136	0.08084	0.19136	0.01548	0.01571	0.01151	0.00582	0.00523	0.00131	0.00524	0.00463	0.00485	0.50063
13	0.01665	0.01450	0.01957	0.09170	0.21859	0.01590	0.04812	0.15867	0.29805	0.02577	0.01767	0.01858	0.01343	0.00711	0.00631	0.00199	0.00657	0.00623	0.00494	0.00966

[dist]
# distance from previous block
# <min> <max>
0	15

[block]
# block no. 5 follows, 36 sequences, length 26
# corresponding to MSA columns:
# 785-810
name=unknown_F
#
# <colnr> <probs for GDERKNQSTAVLIFYWHMCP>
#	G	D	E	R	K	N	Q	S	T	A	V	L	I	F	Y	W	H	M	C	P
0	0.01007	0.00659	0.00846	0.00785	0.00955	0.00604	0.00594	0.01291	0.01723	0.06803	0.62424	0.04428	0.08429	0.01226	0.00711	0.00194	0.00309	0.01074	0.05325	0.00613
1	0.00759	0.00542	0.00723	0.00868	0.00904	0.00506	0.00578	0.00868	0.01193	0.01591	0.03434	0.77697	0.04121	0.01952	0.00795	0.00253	0.00361	0.01771	0.00578	0.00506
2	0.00824	0.00625	0.00758	0.00745	0.00900	0.00560	0.00551	0.01056	0.01598	0.02150	0.45493	0.12572	0.27021	0.01439	0.00742	0.00206	0.00308	0.01252	0.00641	0.00560
3	0.00772	0.00558	0.00734	0.00871	0.00923	0.00520	0.00598	0.00894	0.01220	0.01612	0.03591	0.69385	0.08095	0.01917	0.00796	0.00253	0.00371	0.05801	0.00578	0.00511
4	0.01086	0.00632	0.00847	0.00906	0.01020	0.00579	0.00641	0.01230	0.01324	0.12914	0.07530	0.60037	0.03817	0.01724	0.00767	0.00241	0.00388	0.03104	0.00614	0.00598
5	0.01292	0.01107	0.01292	0.00923	0.01477	0.00831	0.00738	0.01569	0.01292	0.02030	0.01107	0.01292	0.00923	0.00461	0.00461	0.00092	0.00461	0.00369	0.00369	0.81912
6	0.01092	0.00879	0.00995	0.00991	0.01169	0.00945	0.00719	0.01856	0.29765	0.01958	0.03123	0.30190	0.09557	0.09254	0.04287	0.00301	0.00492	0.01168	0.00569	0.00688
7	0.01177	0.01107	0.01869	0.76606	0.04291	0.01384	0.01730	0.01592	0.01246	0.01592	0.01107	0.01661	0.00831	0.00623	0.00623	0.00208	0.00831	0.00554	0.00277	0.00692
8	0.26711	0.01493	0.01533	0.01236	0.01628	0.01712	0.01014	0.40328	0.02068	0.03215	0.01252	0.01440	0.00966	0.03895	0.00804	0.00215	0.08607	0.00505	0.00504	0.00874
9	0.01885	0.01061	0.01298	0.01114	0.01454	0.01079	0.00891	0.09397	0.18108	0.28550	0.07598	0.07111	0.02165	0.01278	0.07050	0.00273	0.00601	0.04688	0.03511	0.00888
10	0.02512	0.00977	0.01296	0.01017	0.01441	0.00858	0.00832	0.02762	0.01701	0.62102	0.02384	0.02156	0.01552	0.00763	0.00593	0.00185	0.00489	0.00619	0.14786	0.00977
11	0.00991	0.00836	0.01254	0.04509	0.01390	0.00954	0.05077	0.01186	0.01173	0.01639	0.07908	0.27034	0.02661	0.05259	0.16709	0.00420	0.15271	0.04706	0.00440	0.00583
12	0.01844	0.13548	0.13537	0.13691	0.06602	0.01504	0.04096	0.12061	0.01670	0.19686	0.04694	0.01718	0.01261	0.00679	0.00593	0.00186	0.00705	0.00556	0.00463	0.00904
13	0.00987	0.00629	0.00772	0.00769	0.00828	0.00617	0.00493	0.01069	0.01110	0.05612	0.10825	0.15266	0.02892	0.47414	0.07637	0.00506	0.00603	0.01033	0.00465	0.00474
14	0.00882	0.00644	0.00834	0.00806	0.00957	0.00595	0.00618	0.01166	0.01709	0.02381	0.62517	0.04969	0.10620	0.01337	0.00746	0.00205	0.00321	0.07442	0.00668	0.00582
15	0.01553	0.07585	0.09422	0.06794	0.21968	0.13038	0.10055	0.01939	0.03596	0.01791	0.01143	0.01492	0.00950	0.00886	0.05093	0.00242	0.10783	0.00537	0.00309	0.00826
16	0.01383	0.08846	0.09399	0.07848	0.05056	0.01422	0.22266	0.01969	0.10720	0.04479	0.11178	0.04620	0.01888	0.00791	0.00705	0.00204	0.03110	0.02887	0.00423	0.00807
17	0.00808	0.00591	0.00770	0.00894	0.00977	0.00553	0.00654	0.00960	0.01275	0.01661	0.03800	0.52979	0.13591	0.01852	0.00801	0.00254	0.00400	0.16079	0.00577	0.00523
18	0.00826	0.00639	0.00863	0.00915	0.01020	0.00609	0.03112	0.01037	0.04151	0.01685	0.06317	0.53656	0.14355	0.01946	0.05479	0.00288	0.00464	0.01529	0.00560	0.00547
19	0.01751	0.15195	0.20049	0.03852	0.04863	0.08337	0.05618	0.10116	0.04773	0.11161	0.01470	0.05792	0.01175	0.00722	0.00620	0.00187	0.02450	0.00575	0.00414	0.00880
20	0.00905	0.00680	0.00923	0.01111	0.06302	0.00655	0.00726	0.03872	0.01339	0.01794	0.07540	0.57074	0.06488	0.01731	0.00774	0.00243	0.00411	0.06292	0.00567	0.00574
21	0.00985	0.00644	0.00832	0.00899	0.01007	0.00605	0.00638	0.03795	0.01359	0.07061	0.07495	0.57940	0.08045	0.01749	0.00772	0.00242	0.00388	0.04368	0.00600	0.00576
22	0.32267	0.06770	0.01292	0.00894	0.01382	0.01166	0.00738	0.01691	0.01202	0.02281	0.00998	0.01164	0.00819	0.00511	0.00428	0.00134	0.00484	0.00354	0.00368	0.45057
23	0.06825	0.10692	0.03288	0.01454	0.07900	0.01507	0.03481	0.19937	0.08078	0.19646	0.03810	0.01713	0.01312	0.00693	0.00577	0.00178	0.00610	0.00554	0.00540	0.07208
24	0.12535	0.10669	0.01961	0.04042	0.12153	0.14411	0.05194	0.07863	0.19553	0.03540	0.01454	0.01551	0.01130	0.00663	0.00563	0.00185	0.00714	0.00523	0.00430	0.00867
25	0.01344	0.05635	0.01221	0.01039	0.01295	0.06416	0.00828	0.01942	0.18503	0.07622	0.18258	0.08039	0.09712	0.01162	0.00683	0.00210	0.00490	0.11547	0.03327	0.00727

[dist]
# distance from previous block
# <min> <max>
0	8

[block]
# block no. 6 follows, 36 sequences, length 14
# corresponding to MSA columns:
# 821-834
name=unknown_G
#
# <colnr> <probs for GDERKNQSTAVLIFYWHMCP>
#	G	D	E	R	K	N	Q	S	T	A	V	L	I	F	Y	W	H	M	C	P
0	0.14908	0.02457	0.05419	0.01502	0.01850	0.49633	0.03957	0.02221	0.01540	0.01764	0.00993	0.01212	0.00823	0.00837	0.04128	0.00215	0.05069	0.00427	0.00326	0.00720
1	0.01406	0.01543	0.09214	0.02894	0.48313	0.05088	0.01637	0.01746	0.01354	0.01883	0.01456	0.09510	0.01378	0.05045	0.04611	0.00256	0.00779	0.00687	0.00337	0.00863
2	0.04119	0.41950	0.18598	0.01366	0.01978	0.02067	0.05323	0.14235	0.01574	0.02078	0.01054	0.01194	0.00847	0.00585	0.00499	0.00163	0.00741	0.00424	0.00335	0.00870
3	0.01227	0.01159	0.01960	0.66546	0.13956	0.01398	0.01755	0.01636	0.01270	0.01653	0.01116	0.01645	0.00852	0.00614	0.00622	0.00205	0.00818	0.00554	0.00281	0.00733
4	0.00894	0.00606	0.00676	0.00676	0.00691	0.00598	0.00384	0.00905	0.00943	0.01242	0.02277	0.04216	0.07443	0.72577	0.02995	0.00576	0.00583	0.00936	0.00392	0.00388
5	0.01273	0.21983	0.25067	0.01355	0.01858	0.01461	0.08495	0.01625	0.01223	0.01642	0.01446	0.04106	0.01398	0.19380	0.01199	0.00286	0.00758	0.04402	0.00322	0.00721
6	0.04708	0.05005	0.28396	0.03598	0.11476	0.06461	0.04422	0.11802	0.05273	0.06826	0.01448	0.01590	0.02997	0.00672	0.00633	0.00193	0.02667	0.00535	0.00390	0.00908
7	0.01351	0.21511	0.57473	0.01603	0.02430	0.01694	0.02002	0.01947	0.01303	0.01850	0.01057	0.01239	0.00792	0.00578	0.00545	0.00182	0.00859	0.00429	0.00264	0.00891
8	0.00901	0.00626	0.00791	0.00791	0.00830	0.00665	0.00517	0.00978	0.00939	0.01291	0.01861	0.03512	0.02020	0.52616	0.28323	0.00742	0.00974	0.00823	0.00362	0.00440
9	0.61215	0.05039	0.01136	0.03673	0.01380	0.05479	0.00770	0.05436	0.01229	0.02641	0.00998	0.01161	0.00780	0.00601	0.00420	0.00185	0.00535	0.00378	0.06247	0.00697
10	0.04495	0.07731	0.15420	0.01220	0.01708	0.01317	0.01159	0.17777	0.03892	0.04694	0.07745	0.09440	0.01832	0.00865	0.00603	0.00182	0.00602	0.04352	0.00478	0.14488
11	0.03724	0.20986	0.19690	0.01222	0.01752	0.01415	0.03311	0.04418	0.01434	0.09261	0.07379	0.08944	0.05021	0.00814	0.00572	0.00177	0.00629	0.00660	0.00421	0.08169
12	0.08815	0.12773	0.17890	0.01692	0.13938	0.03700	0.03145	0.05464	0.03925	0.03862	0.01700	0.01929	0.07613	0.00706	0.00565	0.00178	0.00679	0.02474	0.00377	0.08574
13	0.10334	0.23597	0.16669	0.01427	0.05542	0.01662	0.04583	0.05501	0.03176	0.05997	0.01263	0.05289	0.01066	0.00678	0.00598	0.00176	0.04374	0.00514	0.00363	0.07189

[dist]
# distance from previous block
# <min> <max>
1	50

[block]
# block no. 7 follows, 36 sequences, length 12
# corresponding to MSA columns:
# 885-896
name=unknown_H
#
# <colnr> <probs for GDERKNQSTAVLIFYWHMCP>
#	G	D	E	R	K	N	Q	S	T	A	V	L	I	F	Y	W	H	M	C	P
0	0.10677	0.09500	0.12894	0.11538	0.12878	0.01521	0.05319	0.10177	0.05055	0.05009	0.01416	0.01604	0.03379	0.00642	0.00568	0.00184	0.00701	0.00528	0.00386	0.06024
1	0.10488	0.12280	0.15463	0.07316	0.10743	0.02953	0.03054	0.05023	0.06076	0.02111	0.05968	0.05420	0.01457	0.00730	0.00570	0.00184	0.00667	0.02245	0.00384	0.06869
2	0.11929	0.08822	0.15449	0.10543	0.28390	0.01536	0.01599	0.07022	0.01408	0.02121	0.01149	0.01512	0.00942	0.04259	0.00685	0.00206	0.00733	0.00506	0.00329	0.00861
3	0.33510	0.05492	0.01608	0.07519	0.08939	0.01306	0.07652	0.01720	0.01224	0.02236	0.01215	0.05345	0.01074	0.00660	0.00513	0.00179	0.00593	0.02925	0.00369	0.15920
4	0.07789	0.01292	0.01816	0.02236	0.32324	0.01274	0.01310	0.04149	0.10590	0.09124	0.01578	0.01958	0.01288	0.00677	0.00589	0.00179	0.00605	0.04953	0.00437	0.15831
5	0.01579	0.20707	0.33628	0.05257	0.05781	0.05772	0.08205	0.02053	0.01387	0.08354	0.01185	0.01362	0.00886	0.00590	0.00563	0.00181	0.00835	0.00476	0.00320	0.00878
6	0.01066	0.00547	0.00799	0.00799	0.00799	0.00547	0.00526	0.00820	0.00820	0.01094	0.01164	0.02095	0.01191	0.09174	0.02503	0.74370	0.00547	0.00575	0.00280	0.00280
7	0.01435	0.01521	0.02559	0.02405	0.18654	0.08292	0.31224	0.01803	0.01433	0.01880	0.01719	0.08926	0.03576	0.00837	0.00771	0.00214	0.04437	0.07159	0.00367	0.00792
8	0.01482	0.09584	0.16086	0.24510	0.22115	0.01510	0.06487	0.01915	0.01363	0.07375	0.01215	0.01532	0.00923	0.00594	0.00600	0.00191	0.00799	0.00532	0.00322	0.00863
9	0.00816	0.00604	0.00728	0.00753	0.00861	0.00552	0.00523	0.00977	0.01382	0.01836	0.25994	0.25282	0.21564	0.13922	0.01145	0.00281	0.00368	0.01317	0.00580	0.00516
10	0.00880	0.00596	0.00697	0.00718	0.00734	0.00586	0.00425	0.00917	0.01010	0.01357	0.06901	0.16532	0.02814	0.60250	0.02612	0.00518	0.00543	0.01066	0.00432	0.00413
11	0.26611	0.13289	0.03416	0.06238	0.03523	0.01579	0.10563	0.09644	0.04824	0.05586	0.01188	0.01351	0.00912	0.00595	0.00515	0.00178	0.00647	0.00469	0.00400	0.08472

[dist]
# distance from previous block
# <min> <max>
0	2

[block]
# block no. 8 follows, 36 sequences, length 14
# corresponding to MSA columns:
# 899-912
name=unknown_I
#
# <colnr> <probs for GDERKNQSTAVLIFYWHMCP>
#	G	D	E	R	K	N	Q	S	T	A	V	L	I	F	Y	W	H	M	C	P
0	0.54415	0.01130	0.01115	0.06726	0.05309	0.01256	0.00833	0.01857	0.01249	0.09689	0.09850	0.01637	0.01415	0.00683	0.00481	0.00194	0.00504	0.00489	0.00447	0.00720
1	0.02279	0.08489	0.01875	0.01566	0.01902	0.70256	0.01194	0.02442	0.01729	0.01521	0.00956	0.01115	0.00802	0.00634	0.00550	0.00159	0.01090	0.00396	0.00317	0.00728
2	0.01945	0.07025	0.01751	0.01379	0.01753	0.33700	0.03753	0.14669	0.07080	0.02206	0.06761	0.01643	0.01375	0.00704	0.00572	0.00166	0.00804	0.00524	0.05361	0.06831
3	0.01666	0.78478	0.03265	0.01066	0.01599	0.02465	0.01066	0.01866	0.01266	0.01466	0.00866	0.00999	0.00800	0.00533	0.00400	0.00133	0.00666	0.00333	0.00267	0.00800
4	0.01640	0.73763	0.07752	0.01111	0.01668	0.02402	0.01144	0.01872	0.01269	0.01498	0.00882	0.01019	0.00799	0.00537	0.00412	0.00137	0.00682	0.00341	0.00266	0.00807
5	0.01583	0.22634	0.05490	0.00945	0.01306	0.01293	0.00863	0.06323	0.01471	0.11443	0.01774	0.02176	0.01440	0.00747	0.00503	0.00164	0.00506	0.05754	0.32832	0.00752
6	0.00906	0.00604	0.00680	0.00680	0.00680	0.00604	0.00378	0.00906	0.00906	0.01208	0.01963	0.04077	0.02265	0.78103	0.03171	0.00604	0.00604	0.00906	0.00378	0.00378
7	0.01429	0.01462	0.02701	0.17629	0.22496	0.01534	0.28312	0.01955	0.06783	0.01935	0.01270	0.01665	0.00997	0.00618	0.00769	0.00207	0.06429	0.00634	0.00327	0.00850
8	0.00766	0.00590	0.00700	0.00761	0.00882	0.00525	0.00537	0.00919	0.01359	0.01747	0.13805	0.39249	0.32501	0.01713	0.00764	0.00228	0.00334	0.01503	0.00593	0.00525
9	0.82504	0.01205	0.00916	0.00819	0.01205	0.01398	0.00675	0.01832	0.01060	0.02795	0.00868	0.01012	0.00675	0.00578	0.00386	0.00193	0.00482	0.00337	0.00386	0.00675
10	0.00767	0.00608	0.00690	0.00721	0.00874	0.00531	0.00521	0.00935	0.01417	0.01797	0.17062	0.25123	0.43496	0.01627	0.00752	0.00219	0.00324	0.01406	0.00597	0.00531
11	0.02406	0.01482	0.01692	0.01321	0.01793	0.01561	0.01095	0.47639	0.02503	0.24270	0.01889	0.02028	0.01360	0.00816	0.00639	0.00195	0.00634	0.04986	0.00663	0.01029
12	0.00848	0.00586	0.00726	0.00795	0.00826	0.00569	0.00513	0.00927	0.01104	0.01476	0.06224	0.35668	0.03318	0.37012	0.01892	0.00414	0.00483	0.05670	0.00491	0.00455
13	0.02072	0.03802	0.01804	0.01488	0.05370	0.08621	0.03473	0.39363	0.10096	0.07610	0.01788	0.01895	0.03995	0.04855	0.00755	0.00210	0.00692	0.00612	0.00555	0.00945

[dist]
# distance from previous block
# <min> <max>
1	22

[block]
# block no. 9 follows, 36 sequences, length 27
# corresponding to MSA columns:
# 944-950,952-971
name=unknown_J
#
# <colnr> <probs for GDERKNQSTAVLIFYWHMCP>
#	G	D	E	R	K	N	Q	S	T	A	V	L	I	F	Y	W	H	M	C	P
0	0.01294	0.01187	0.01735	0.10792	0.30527	0.04400	0.01320	0.01645	0.04184	0.02031	0.21453	0.02592	0.04952	0.00910	0.00804	0.03747	0.04493	0.00738	0.00428	0.00768
1	0.11662	0.01491	0.01584	0.03491	0.04576	0.06259	0.01059	0.25491	0.13622	0.17842	0.01712	0.01675	0.01218	0.00716	0.00585	0.00187	0.00621	0.00551	0.00573	0.05085
2	0.00926	0.00693	0.00863	0.00849	0.01004	0.00667	0.00645	0.01295	0.07264	0.02230	0.45061	0.10174	0.11983	0.04717	0.00852	0.00231	0.00362	0.08952	0.00637	0.00596
3	0.01332	0.01266	0.02149	0.45703	0.33981	0.01425	0.01808	0.01728	0.01319	0.01780	0.01135	0.01611	0.00897	0.00594	0.00620	0.00198	0.00792	0.00554	0.00290	0.00817
4	0.00814	0.00568	0.00718	0.00808	0.00835	0.00549	0.00517	0.00889	0.01088	0.01455	0.02870	0.49958	0.03398	0.27953	0.04285	0.00399	0.00491	0.01437	0.00501	0.00464
5	0.00895	0.00650	0.00911	0.00911	0.00992	0.00730	0.00667	0.01055	0.00975	0.01380	0.01751	0.02903	0.01755	0.25200	0.55377	0.00890	0.01371	0.00734	0.00346	0.00506
6	0.02184	0.01464	0.01609	0.01280	0.01719	0.01587	0.01042	0.42648	0.15451	0.14701	0.01883	0.01816	0.01335	0.00768	0.00610	0.00189	0.00592	0.00599	0.07517	0.01006
7	0.01603	0.52822	0.23834	0.01273	0.01915	0.02093	0.01415	0.01956	0.01307	0.05339	0.01020	0.01148	0.00834	0.00562	0.00467	0.00155	0.00733	0.00385	0.00291	0.00848
8	0.00898	0.00635	0.00834	0.00834	0.00888	0.00688	0.00570	0.01005	0.00952	0.01323	0.01822	0.03294	0.01925	0.42815	0.37994	0.00795	0.01116	0.00791	0.00357	0.00463
9	0.01284	0.04099	0.05190	0.03084	0.01495	0.01334	0.01051	0.10723	0.03659	0.01829	0.01423	0.02107	0.01315	0.11437	0.27452	0.00542	0.20308	0.00626	0.00364	0.00678
10	0.01665	0.01729	0.02138	0.11863	0.10335	0.15959	0.09300	0.09462	0.01473	0.01895	0.01046	0.01426	0.00876	0.00783	0.01112	0.00216	0.27067	0.00543	0.00329	0.00784
11	0.02577	0.01411	0.01663	0.01275	0.01765	0.01436	0.01053	0.38394	0.02370	0.38462	0.01966	0.01801	0.01295	0.00759	0.00625	0.00190	0.00610	0.00593	0.00695	0.01060
12	0.01666	0.78478	0.03265	0.01066	0.01599	0.02465	0.01066	0.01866	0.01266	0.01466	0.00866	0.00999	0.00800	0.00533	0.00400	0.00133	0.00666	0.00333	0.00267	0.00800
13	0.00764	0.00620	0.00673	0.00704	0.00873	0.00537	0.00519	0.00918	0.01373	0.01680	0.07059	0.18158	0.54351	0.04184	0.00834	0.00235	0.00346	0.05076	0.00574	0.00522
14	0.00736	0.00631	0.00631	0.00631	0.00842	0.00526	0.00473	0.00894	0.01420	0.01683	0.06312	0.05996	0.73964	0.01578	0.00736	0.00210	0.00316	0.01315	0.00579	0.00526
15	0.00786	0.00611	0.00715	0.00736	0.00884	0.00540	0.00534	0.00972	0.01467	0.01906	0.25967	0.23441	0.36052	0.01579	0.00751	0.00217	0.00320	0.01372	0.00611	0.00540
16	0.02678	0.01026	0.01384	0.01071	0.01529	0.00892	0.00881	0.02923	0.01749	0.69462	0.02428	0.02135	0.01546	0.00768	0.00613	0.00189	0.00513	0.00623	0.06565	0.01026
17	0.02368	0.01745	0.01870	0.01434	0.01932	0.01932	0.01184	0.72139	0.02929	0.03927	0.01496	0.01496	0.01060	0.00748	0.00623	0.00187	0.00686	0.00561	0.00623	0.01060
18	0.01292	0.01107	0.01292	0.00923	0.01477	0.00831	0.00738	0.01569	0.01292	0.02030	0.01107	0.01292	0.00923	0.00461	0.00461	0.00092	0.00461	0.00369	0.00369	0.81912
19	0.00768	0.00558	0.00725	0.00841	0.00901	0.00515	0.00571	0.00896	0.01260	0.01675	0.09649	0.65598	0.10018	0.01864	0.00785	0.00245	0.00352	0.01679	0.00588	0.00515
20	0.55460	0.01227	0.01133	0.00952	0.01368	0.01347	0.00783	0.08630	0.03483	0.18480	0.01319	0.01335	0.00934	0.00644	0.00467	0.00193	0.00512	0.00431	0.00498	0.00803
21	0.00758	0.00546	0.00719	0.00858	0.00901	0.00507	0.00574	0.00869	0.01202	0.01594	0.03552	0.74758	0.06983	0.01937	0.00793	0.00251	0.00360	0.01753	0.00578	0.00507
22	0.01293	0.01232	0.02054	0.50199	0.23325	0.01455	0.01749	0.01672	0.01269	0.01706	0.01101	0.01603	0.00873	0.00644	0.00742	0.00207	0.07266	0.00553	0.00285	0.00772
23	0.01240	0.01235	0.02390	0.08348	0.05978	0.01225	0.34112	0.01621	0.01381	0.01857	0.01985	0.13901	0.01968	0.01024	0.00806	0.00234	0.03698	0.15870	0.00404	0.00722
24	0.01842	0.01393	0.04727	0.01743	0.09408	0.06541	0.16040	0.02219	0.05026	0.25605	0.02162	0.11687	0.04757	0.00880	0.00710	0.00205	0.02870	0.00797	0.00521	0.00868
25	0.01149	0.01007	0.06281	0.00981	0.01226	0.00883	0.00791	0.07474	0.12104	0.05172	0.06463	0.26654	0.18303	0.07479	0.00908	0.00251	0.00463	0.01170	0.00565	0.00676
26	0.46668	0.04960	0.11009	0.01069	0.01509	0.07296	0.00983	0.04671	0.05816	0.02534	0.07234	0.01471	0.01239	0.00666	0.00482	0.00189	0.00592	0.00457	0.00409	0.00744

[dist]
# distance from previous block
# <min> <max>
1	52

[block]
# block no. 10 follows, 36 sequences, length 42
# corresponding to MSA columns:
# 1024-1065
name=unknown_K
#
# <colnr> <probs for GDERKNQSTAVLIFYWHMCP>
#	G	D	E	R	K	N	Q	S	T	A	V	L	I	F	Y	W	H	M	C	P
0	0.13542	0.01011	0.04807	0.08408	0.08532	0.00965	0.04362	0.01401	0.03579	0.01954	0.07535	0.32321	0.04363	0.01333	0.02881	0.00244	0.00557	0.01081	0.00469	0.00655
1	0.13271	0.14458	0.05784	0.01162	0.01632	0.06440	0.01018	0.20695	0.03549	0.04748	0.08185	0.01621	0.01406	0.00683	0.00533	0.00165	0.00615	0.00506	0.00462	0.13067
2	0.01826	0.01178	0.01305	0.01077	0.01402	0.03093	0.00843	0.25150	0.06384	0.16223	0.12940	0.02723	0.04925	0.11867	0.00995	0.00248	0.00546	0.00743	0.05703	0.00828
3	0.01599	0.63726	0.02857	0.01037	0.01540	0.02136	0.00997	0.01806	0.01293	0.03377	0.03163	0.04244	0.01112	0.00611	0.00437	0.00137	0.00620	0.00425	0.00314	0.08569
4	0.00882	0.00619	0.00732	0.00730	0.00779	0.00623	0.00462	0.00947	0.01010	0.01344	0.04597	0.04058	0.10989	0.54315	0.14810	0.00610	0.00736	0.00923	0.00404	0.00432
5	0.00759	0.00542	0.00723	0.00868	0.00904	0.00506	0.00578	0.00868	0.01193	0.01591	0.03434	0.77697	0.04121	0.01952	0.00795	0.00253	0.00361	0.01771	0.00578	0.00506
6	0.02343	0.01732	0.01855	0.01428	0.01922	0.01920	0.01178	0.69958	0.05152	0.03885	0.01529	0.01522	0.01086	0.00751	0.00624	0.00188	0.00680	0.00566	0.00624	0.01057
7	0.02283	0.01703	0.01822	0.01416	0.01900	0.01892	0.01164	0.64995	0.10212	0.03790	0.01604	0.01582	0.01147	0.00758	0.00624	0.00190	0.00666	0.00576	0.00624	0.01052
8	0.00758	0.00619	0.00670	0.00685	0.00862	0.00531	0.00503	0.00927	0.01432	0.01775	0.14579	0.16149	0.55159	0.01593	0.00745	0.00215	0.00319	0.01356	0.00592	0.00531
9	0.01353	0.03199	0.67862	0.01759	0.02623	0.08561	0.02197	0.02023	0.01359	0.01930	0.01103	0.01297	0.00791	0.00597	0.00589	0.00194	0.00940	0.00455	0.00269	0.00902
10	0.00825	0.00635	0.00755	0.00725	0.00896	0.00564	0.00543	0.01066	0.01630	0.02182	0.47645	0.05175	0.32319	0.01392	0.00735	0.00202	0.00302	0.01200	0.00644	0.00564
11	0.05454	0.00614	0.00624	0.00639	0.00788	0.00609	0.00472	0.01336	0.01288	0.02183	0.02579	0.13284	0.08847	0.00973	0.00513	0.00169	0.00313	0.00807	0.57937	0.00570
12	0.00927	0.00717	0.00873	0.00843	0.00979	0.00723	0.00632	0.03174	0.01473	0.02010	0.27537	0.17359	0.23208	0.03891	0.00930	0.00227	0.07688	0.01182	0.05054	0.00572
13	0.00848	0.00639	0.00788	0.00793	0.00933	0.00592	0.00578	0.01126	0.04291	0.02117	0.40339	0.22875	0.18800	0.01485	0.00746	0.00214	0.00323	0.01307	0.00636	0.00571
14	0.05965	0.45404	0.02463	0.01113	0.01547	0.01879	0.03364	0.03958	0.01281	0.01707	0.01178	0.04488	0.01111	0.01071	0.08193	0.00240	0.03665	0.02512	0.00325	0.08536
15	0.10041	0.01447	0.01851	0.11976	0.02189	0.01657	0.07338	0.33824	0.01958	0.02792	0.01293	0.01561	0.00998	0.01111	0.07973	0.00281	0.09841	0.00561	0.00455	0.00857
16	0.09640	0.01130	0.01411	0.01115	0.01567	0.01064	0.00923	0.11218	0.01833	0.54306	0.02322	0.02289	0.02957	0.00819	0.00620	0.00198	0.00543	0.04352	0.00705	0.00989
17	0.01885	0.39693	0.08530	0.01271	0.01814	0.02134	0.01207	0.27923	0.05839	0.02480	0.01212	0.01282	0.00955	0.00634	0.00511	0.00163	0.00685	0.00448	0.00418	0.00916
18	0.00853	0.00625	0.00809	0.00855	0.00979	0.00581	0.00648	0.01077	0.01503	0.02031	0.33123	0.25505	0.13262	0.01581	0.00775	0.00230	0.00367	0.14019	0.00622	0.00555
19	0.00879	0.00636	0.00819	0.00919	0.01019	0.00610	0.00706	0.01053	0.01289	0.01674	0.04854	0.27218	0.13171	0.13046	0.01164	0.00312	0.00475	0.29088	0.00549	0.00519
20	0.01081	0.00685	0.00951	0.00956	0.01086	0.00649	0.04077	0.01273	0.02554	0.08862	0.02923	0.45400	0.03200	0.08911	0.00969	0.00269	0.00445	0.06295	0.08830	0.00585
21	0.01131	0.00933	0.01077	0.01191	0.01352	0.07901	0.01023	0.01406	0.01466	0.01832	0.03075	0.06462	0.03319	0.01618	0.00832	0.00275	0.00626	0.63344	0.00549	0.00588
22	0.01471	0.01681	0.03676	0.02626	0.03256	0.01576	0.71954	0.01996	0.01471	0.01996	0.01261	0.01681	0.00945	0.00525	0.00735	0.00210	0.01050	0.00735	0.00315	0.00840
23	0.02327	0.02970	0.01766	0.01605	0.01926	0.75602	0.01204	0.02488	0.01766	0.01525	0.00963	0.01124	0.00803	0.00642	0.00562	0.00161	0.01124	0.00401	0.00321	0.00722
24	0.00960	0.00584	0.00819	0.00859	0.00917	0.00571	0.00617	0.00939	0.01107	0.01480	0.10046	0.17633	0.06613	0.02061	0.05167	0.38920	0.00525	0.09332	0.00432	0.00415
25	0.01684	0.37734	0.25821	0.01399	0.02053	0.01910	0.04891	0.07165	0.01463	0.08854	0.01164	0.01277	0.00894	0.00590	0.00515	0.00167	0.00754	0.00438	0.00342	0.00884
26	0.01328	0.01312	0.01842	0.01589	0.01597	0.01826	0.01320	0.01471	0.00958	0.01496	0.00880	0.01443	0.00872	0.01353	0.07434	0.00326	0.71449	0.00554	0.00277	0.00672
27	0.00842	0.00605	0.00801	0.00839	0.00943	0.00564	0.00611	0.01063	0.01521	0.02105	0.41993	0.33241	0.05049	0.01566	0.00766	0.00224	0.00338	0.05736	0.00637	0.00555
28	0.01525	0.08842	0.01868	0.40926	0.03042	0.13448	0.01386	0.05681	0.01457	0.04538	0.01387	0.01702	0.04416	0.00664	0.00585	0.00183	0.00791	0.00534	0.00343	0.06681
29	0.08632	0.16572	0.12783	0.01198	0.01654	0.01506	0.01127	0.04332	0.17933	0.12873	0.01758	0.05824	0.01398	0.00867	0.02470	0.00210	0.03037	0.00594	0.04373	0.00860
30	0.00925	0.00676	0.00818	0.00782	0.00958	0.00623	0.00586	0.01240	0.05094	0.04386	0.45683	0.09552	0.23625	0.01363	0.00731	0.00204	0.00321	0.01183	0.00650	0.00600
31	0.00955	0.00616	0.00824	0.00905	0.01005	0.00574	0.00656	0.01120	0.01345	0.07095	0.12555	0.52400	0.05452	0.01741	0.00782	0.00245	0.00391	0.10170	0.00606	0.00566
32	0.01668	0.08085	0.13322	0.21744	0.06006	0.10613	0.06839	0.17096	0.01712	0.02206	0.01171	0.01435	0.00887	0.00623	0.00595	0.00184	0.00833	0.00511	0.00362	0.04107
33	0.02052	0.01213	0.04426	0.06116	0.01785	0.04607	0.03144	0.04576	0.01664	0.38427	0.09275	0.02823	0.02052	0.00931	0.00744	0.00210	0.04819	0.09644	0.00617	0.00877
34	0.00985	0.00699	0.00818	0.00846	0.01001	0.00684	0.00627	0.01372	0.10363	0.03481	0.11065	0.28564	0.17555	0.01449	0.00706	0.00219	0.00371	0.06324	0.12262	0.00606
35	0.02327	0.02970	0.01766	0.01605	0.01926	0.75602	0.01204	0.02488	0.01766	0.01525	0.00963	0.01124	0.00803	0.00642	0.00562	0.00161	0.01124	0.00401	0.00321	0.00722
36	0.01212	0.01071	0.01684	0.07406	0.08719	0.01149	0.10766	0.06593	0.01533	0.02136	0.24201	0.13296	0.02970	0.01091	0.00905	0.00218	0.11481	0.02376	0.00486	0.00705
37	0.01550	0.01396	0.04684	0.14714	0.13615	0.01360	0.19557	0.02196	0.14135	0.10341	0.01711	0.03874	0.02434	0.00685	0.00650	0.00199	0.00742	0.00668	0.00429	0.05058
38	0.01235	0.01059	0.01225	0.00893	0.01412	0.00799	0.00711	0.01500	0.01305	0.01995	0.01639	0.01772	0.08376	0.00575	0.00489	0.00104	0.00447	0.00466	0.00391	0.73607
