[name]
unknown

[dist]
# distance from previous block
# <min> <max>
0	952

[block]
# block no. 0 follows, 44 sequences, length 38
# corresponding to MSA columns:
# 1006-1043
name=unknown_A
#
# <colnr> <probs for GDERKNQSTAVLIFYWHMCP>
#	G	D	E	R	K	N	Q	S	T	A	V	L	I	F	Y	W	H	M	C	P
0	0.04239	0.07453	0.20201	0.03287	0.08198	0.06606	0.03503	0.05207	0.05810	0.13872	0.01355	0.01630	0.01056	0.00828	0.05501	0.00209	0.00693	0.04141	0.00370	0.05843
1	0.04150	0.03048	0.09571	0.06315	0.05224	0.00970	0.00944	0.09170	0.06705	0.16347	0.06430	0.15729	0.04520	0.00912	0.00635	0.04002	0.00494	0.00723	0.00461	0.03649
2	0.05893	0.01264	0.04793	0.04002	0.06685	0.08336	0.00928	0.16087	0.03588	0.16477	0.11913	0.01917	0.04991	0.00690	0.00531	0.00157	0.00530	0.00556	0.00471	0.10191
3	0.04125	0.05158	0.11554	0.03066	0.06229	0.01000	0.03468	0.03633	0.03409	0.08012	0.03719	0.02133	0.01377	0.17119	0.11272	0.00332	0.04302	0.03193	0.00351	0.06550
4	0.03597	0.01387	0.08171	0.12922	0.10434	0.03903	0.12835	0.16530	0.07424	0.07592	0.01400	0.05645	0.01132	0.00663	0.00581	0.00178	0.01632	0.02815	0.00391	0.00768
5	0.04011	0.08459	0.06128	0.37756	0.06325	0.04761	0.03884	0.01661	0.06973	0.05035	0.03842	0.01475	0.00992	0.00562	0.00515	0.00165	0.00650	0.00476	0.00310	0.06018
6	0.01243	0.01071	0.01641	0.32181	0.16037	0.01144	0.05050	0.08146	0.03926	0.04323	0.01205	0.04145	0.00997	0.04527	0.00645	0.00181	0.00624	0.00529	0.00326	0.12058
7	0.06093	0.01035	0.01269	0.05187	0.09748	0.02926	0.00898	0.18961	0.01490	0.08861	0.04222	0.20895	0.01770	0.03054	0.00683	0.00188	0.04113	0.02127	0.00451	0.06030
8	0.00930	0.03645	0.03197	0.00977	0.08125	0.00750	0.00634	0.04441	0.04778	0.01468	0.02286	0.18408	0.10482	0.33052	0.01466	0.00322	0.00469	0.00893	0.03172	0.00505
9	0.24211	0.05930	0.01253	0.01014	0.06117	0.01093	0.00762	0.07807	0.05102	0.06943	0.01144	0.04031	0.00935	0.00543	0.00430	0.00135	0.00454	0.00412	0.00378	0.31307
10	0.00821	0.00648	0.00754	0.00743	0.00897	0.00636	0.00549	0.01243	0.14698	0.01858	0.30340	0.19835	0.22433	0.01238	0.00639	0.00187	0.00305	0.01079	0.00549	0.00548
11	0.05501	0.01192	0.01508	0.19568	0.09897	0.04038	0.03296	0.11181	0.21235	0.04730	0.01437	0.01660	0.01112	0.00621	0.00531	0.00168	0.00578	0.02727	0.00403	0.08618
12	0.00686	0.00496	0.00649	0.00733	0.00793	0.00459	0.00503	0.00817	0.01159	0.01564	0.18793	0.60634	0.07558	0.01566	0.00682	0.00209	0.00302	0.01411	0.00526	0.00459
13	0.01141	0.00901	0.01434	0.46812	0.02694	0.01036	0.04557	0.04097	0.01205	0.07271	0.06112	0.01957	0.01276	0.03533	0.04476	0.00224	0.00666	0.03031	0.06962	0.00615
14	0.00831	0.00593	0.00824	0.00949	0.01054	0.00586	0.00795	0.01047	0.01208	0.01578	0.02913	0.22754	0.03242	0.01551	0.00740	0.00244	0.00461	0.57638	0.00503	0.00489
15	0.00947	0.00473	0.00710	0.00710	0.00710	0.00473	0.00473	0.00710	0.00710	0.00947	0.00947	0.01657	0.00947	0.01894	0.02131	0.84138	0.00473	0.00473	0.00237	0.00237
16	0.01393	0.67222	0.16235	0.01043	0.01570	0.01999	0.01125	0.01649	0.01115	0.01362	0.00797	0.00924	0.00698	0.00476	0.00380	0.00127	0.00623	0.00311	0.00233	0.00719
17	0.00792	0.00530	0.00604	0.00604	0.00607	0.00534	0.00342	0.00799	0.00796	0.01064	0.01709	0.03519	0.01961	0.78234	0.05353	0.00540	0.00560	0.00786	0.00329	0.00336
18	0.10962	0.05357	0.23474	0.01457	0.01982	0.04891	0.19500	0.06530	0.01316	0.12483	0.01276	0.06115	0.00998	0.00605	0.00536	0.00173	0.00697	0.00538	0.00355	0.00754
19	0.01287	0.01471	0.03217	0.02298	0.02849	0.01379	0.75460	0.01746	0.01287	0.01746	0.01103	0.01471	0.00827	0.00460	0.00643	0.00184	0.00919	0.00643	0.00276	0.00735
20	0.01198	0.00880	0.00693	0.00668	0.00822	0.14418	0.00501	0.01432	0.01215	0.01908	0.01612	0.01846	0.01274	0.00622	0.00401	0.00129	0.00384	0.00480	0.68989	0.00530
21	0.01458	0.81168	0.02857	0.00933	0.01399	0.02157	0.00933	0.01632	0.01108	0.01283	0.00758	0.00875	0.00700	0.00466	0.00350	0.00117	0.00583	0.00292	0.00233	0.00700
22	0.01775	0.01032	0.01250	0.00945	0.01376	0.00922	0.00769	0.14669	0.02973	0.30761	0.05419	0.01603	0.01272	0.00592	0.00498	0.00135	0.00453	0.00476	0.00513	0.32567
23	0.01360	0.01334	0.02145	0.08129	0.69276	0.04815	0.01635	0.01678	0.01246	0.01736	0.01014	0.01339	0.00847	0.00493	0.00538	0.00162	0.00668	0.00480	0.00269	0.00837
24	0.01062	0.01002	0.01693	0.71854	0.11179	0.01220	0.01530	0.01421	0.01105	0.01432	0.00975	0.01443	0.00741	0.00539	0.00545	0.00180	0.00719	0.00485	0.00245	0.00632
25	0.01095	0.14866	0.00926	0.00584	0.00771	0.00802	0.00479	0.01335	0.01137	0.01899	0.01597	0.01826	0.01273	0.00605	0.00376	0.00125	0.00313	0.00470	0.68980	0.00542
26	0.01505	0.01245	0.01317	0.01140	0.01475	0.01426	0.00899	0.18054	0.61055	0.02521	0.02029	0.01883	0.01511	0.00722	0.00553	0.00180	0.00467	0.00590	0.00553	0.00876
27	0.84691	0.01054	0.00801	0.00717	0.01054	0.01223	0.00590	0.01603	0.00928	0.02446	0.00759	0.00886	0.00590	0.00506	0.00337	0.00169	0.00422	0.00295	0.00337	0.00590
28	0.01480	0.01109	0.01721	0.44976	0.02901	0.01243	0.08267	0.14854	0.01451	0.14780	0.01243	0.01498	0.00878	0.00579	0.00555	0.00176	0.00678	0.00511	0.00373	0.00730
29	0.01243	0.01187	0.02021	0.28690	0.52928	0.01267	0.01620	0.01580	0.01191	0.01652	0.01007	0.01384	0.00818	0.00505	0.00541	0.00168	0.00674	0.00485	0.00261	0.00778
30	0.00782	0.00506	0.00678	0.00777	0.00836	0.00469	0.00532	0.00887	0.01081	0.06269	0.02948	0.74031	0.03453	0.01638	0.00688	0.00219	0.00329	0.02885	0.00517	0.00475
31	0.01377	0.00777	0.04608	0.00742	0.00990	0.00664	0.00621	0.04228	0.01383	0.21693	0.17179	0.02333	0.02097	0.00738	0.00490	0.00150	0.00348	0.00610	0.38324	0.00647
32	0.01063	0.01003	0.01696	0.71482	0.11539	0.01220	0.01531	0.01423	0.01106	0.01434	0.00975	0.01442	0.00741	0.00539	0.00544	0.00180	0.00718	0.00485	0.00245	0.00633
33	0.00845	0.00716	0.01159	0.19123	0.04269	0.00746	0.07405	0.01048	0.01087	0.01440	0.02249	0.45208	0.02518	0.04048	0.00728	0.00220	0.00494	0.05767	0.00411	0.00520
34	0.76657	0.01077	0.00955	0.00894	0.04587	0.01224	0.03186	0.01629	0.00965	0.03693	0.00807	0.00943	0.00624	0.00506	0.00361	0.00169	0.00450	0.00320	0.00338	0.00614
35	0.00738	0.00547	0.00766	0.00812	0.00894	0.00579	0.00604	0.00897	0.00990	0.01360	0.04595	0.27963	0.07199	0.04501	0.40944	0.00563	0.00914	0.04270	0.00395	0.00469
36	0.00937	0.00591	0.00739	0.00724	0.00865	0.00541	0.00540	0.01105	0.01278	0.10351	0.24985	0.14847	0.18424	0.12438	0.00951	0.00240	0.00358	0.09046	0.00528	0.00513
37	0.01414	0.02490	0.02172	0.18397	0.26598	0.04165	0.17902	0.13772	0.04165	0.01958	0.01110	0.01396	0.00858	0.00531	0.00561	0.00171	0.00720	0.00519	0.00321	0.00781

[dist]
# distance from previous block
# <min> <max>
0	5

[block]
# block no. 1 follows, 44 sequences, length 29
# corresponding to MSA columns:
# 1049-1077
name=unknown_B
#
# <colnr> <probs for GDERKNQSTAVLIFYWHMCP>
#	G	D	E	R	K	N	Q	S	T	A	V	L	I	F	Y	W	H	M	C	P
0	0.01731	0.01498	0.10150	0.11025	0.05407	0.01452	0.01192	0.39267	0.12220	0.08406	0.01406	0.01452	0.01006	0.00631	0.00544	0.00170	0.00607	0.00502	0.00471	0.00862
1	0.00813	0.00585	0.00800	0.00919	0.01024	0.00572	0.00761	0.01018	0.01201	0.01563	0.03055	0.24727	0.07147	0.01550	0.00733	0.00240	0.00444	0.51860	0.00503	0.00485
2	0.01363	0.08900	0.05099	0.17210	0.36390	0.07184	0.01407	0.03511	0.01249	0.03446	0.01002	0.01279	0.00810	0.00503	0.00506	0.00153	0.00660	0.00440	0.00282	0.08605
3	0.00991	0.00709	0.00879	0.00772	0.01023	0.00589	0.00578	0.01182	0.01218	0.07536	0.16535	0.28138	0.05231	0.01026	0.00566	0.00155	0.00347	0.00902	0.00470	0.31154
4	0.55719	0.01166	0.01184	0.11094	0.14372	0.05302	0.00914	0.01618	0.01034	0.02143	0.00835	0.01041	0.00660	0.00510	0.00406	0.00168	0.00528	0.00354	0.00311	0.00641
5	0.01815	0.01154	0.02097	0.05172	0.05430	0.01068	0.30930	0.02139	0.01405	0.37863	0.01650	0.01802	0.01149	0.00601	0.00593	0.00178	0.00668	0.02995	0.00471	0.00819
6	0.05590	0.01113	0.01341	0.01045	0.01384	0.01149	0.00857	0.12705	0.01293	0.07759	0.01034	0.01217	0.00832	0.00611	0.00794	0.00146	0.21129	0.00404	0.00362	0.39234
7	0.00793	0.00529	0.00595	0.00595	0.00595	0.00529	0.00330	0.00793	0.00793	0.01057	0.01718	0.03568	0.01982	0.80840	0.02775	0.00529	0.00529	0.00793	0.00330	0.00330
8	0.01217	0.01208	0.01769	0.53547	0.10698	0.08198	0.05312	0.04566	0.01204	0.01525	0.00971	0.01382	0.00751	0.00562	0.00610	0.00178	0.04904	0.00481	0.00263	0.00653
9	0.84691	0.01054	0.00801	0.00717	0.01054	0.01223	0.00590	0.01603	0.00928	0.02446	0.00759	0.00886	0.00590	0.00506	0.00337	0.00169	0.00422	0.00295	0.00337	0.00590
10	0.00669	0.00520	0.00609	0.00656	0.00769	0.00460	0.00466	0.00804	0.01198	0.01530	0.13682	0.36733	0.36990	0.01484	0.00666	0.00198	0.00291	0.01297	0.00518	0.00460
11	0.00765	0.00557	0.00719	0.00679	0.00810	0.00512	0.00509	0.01016	0.01527	0.02148	0.73347	0.04135	0.08973	0.01129	0.00643	0.00172	0.00258	0.00995	0.00595	0.00512
12	0.00664	0.00474	0.00633	0.00759	0.00791	0.00443	0.00506	0.00759	0.01044	0.01392	0.03005	0.80485	0.03606	0.01708	0.00696	0.00221	0.00316	0.01550	0.00506	0.00443
13	0.02101	0.01481	0.01608	0.01233	0.01668	0.01623	0.01018	0.70038	0.02487	0.09128	0.01373	0.01351	0.00959	0.00656	0.00546	0.00164	0.00590	0.00495	0.00555	0.00927
14	0.01315	0.01016	0.01186	0.00860	0.01335	0.00819	0.00693	0.08111	0.01292	0.07744	0.01090	0.01202	0.00860	0.00447	0.00427	0.00095	0.00426	0.00355	0.00370	0.70358
15	0.01617	0.07848	0.16337	0.01276	0.01659	0.18736	0.04749	0.05121	0.01323	0.16052	0.01295	0.05739	0.01067	0.04893	0.00785	0.00189	0.09717	0.00518	0.00364	0.00715
16	0.60729	0.01028	0.00935	0.00797	0.01154	0.01125	0.00654	0.01920	0.04427	0.21017	0.01167	0.01176	0.00825	0.00558	0.00399	0.00169	0.00433	0.00372	0.00430	0.00686
17	0.01338	0.07505	0.23208	0.01570	0.13838	0.01362	0.01322	0.08935	0.25053	0.02041	0.01391	0.01454	0.01057	0.00583	0.00515	0.00163	0.00596	0.00477	0.00376	0.07216
18	0.01225	0.01378	0.09168	0.02088	0.23623	0.02334	0.22739	0.01781	0.13148	0.01807	0.03665	0.05117	0.05083	0.00667	0.00608	0.00180	0.01871	0.02411	0.00349	0.00758
19	0.01358	0.00850	0.01015	0.00858	0.01133	0.00817	0.00673	0.13380	0.06010	0.16656	0.23257	0.10140	0.08620	0.00926	0.00576	0.00166	0.00383	0.00786	0.03417	0.08976
20	0.00744	0.00540	0.00701	0.00695	0.00806	0.00497	0.00508	0.00963	0.01429	0.01993	0.58926	0.19639	0.08023	0.01247	0.00654	0.00182	0.00270	0.01108	0.00577	0.00497
21	0.02091	0.01498	0.01618	0.01240	0.01676	0.01647	0.01025	0.72044	0.02514	0.07083	0.01350	0.01336	0.00948	0.00655	0.00546	0.00164	0.00593	0.00494	0.00552	0.00927
22	0.01257	0.00931	0.01232	0.21155	0.01893	0.00845	0.00870	0.01528	0.01174	0.11017	0.01172	0.01368	0.00896	0.00490	0.00456	0.00121	0.00484	0.00406	0.06386	0.46317
23	0.01918	0.01553	0.24031	0.01229	0.01765	0.01035	0.04926	0.05657	0.05144	0.44458	0.01717	0.01612	0.01125	0.00620	0.00544	0.00171	0.00592	0.00511	0.00512	0.00879
24	0.01458	0.81168	0.02857	0.00933	0.01399	0.02157	0.00933	0.01632	0.01108	0.01283	0.00758	0.00875	0.00700	0.00466	0.00350	0.00117	0.00583	0.00292	0.00233	0.00700
25	0.07619	0.00853	0.01212	0.31029	0.03365	0.00921	0.00988	0.03049	0.01219	0.18401	0.02030	0.14992	0.09118	0.00904	0.01771	0.00195	0.00539	0.00730	0.00423	0.00643
26	0.08856	0.12540	0.21870	0.01251	0.03777	0.06344	0.04449	0.07294	0.03283	0.09711	0.01207	0.03336	0.00960	0.00585	0.00487	0.00155	0.00626	0.02441	0.00350	0.10479
27	0.00757	0.00559	0.00628	0.00628	0.00790	0.00482	0.00464	0.00909	0.01269	0.05402	0.15451	0.17589	0.50406	0.01361	0.00648	0.00188	0.00290	0.01163	0.00528	0.00489
28	0.00756	0.00551	0.00685	0.00680	0.00811	0.00498	0.00504	0.00957	0.01381	0.03220	0.44505	0.17120	0.21771	0.01279	0.00653	0.00185	0.00282	0.03102	0.00561	0.00497

[dist]
# distance from previous block
# <min> <max>
0	2

[block]
# block no. 2 follows, 44 sequences, length 22
# corresponding to MSA columns:
# 1080-1101
name=unknown_C
#
# <colnr> <probs for GDERKNQSTAVLIFYWHMCP>
#	G	D	E	R	K	N	Q	S	T	A	V	L	I	F	Y	W	H	M	C	P
0	0.01186	0.02379	0.01432	0.04865	0.02867	0.05275	0.11400	0.11041	0.08707	0.01863	0.07462	0.09411	0.12926	0.03308	0.04337	0.00224	0.06846	0.00755	0.03078	0.00638
1	0.84691	0.01054	0.00801	0.00717	0.01054	0.01223	0.00590	0.01603	0.00928	0.02446	0.00759	0.00886	0.00590	0.00506	0.00337	0.00169	0.00422	0.00295	0.00337	0.00590
2	0.00767	0.00578	0.00665	0.00689	0.00838	0.00524	0.00513	0.00979	0.04684	0.03991	0.10178	0.24454	0.40998	0.01401	0.00658	0.00197	0.00315	0.06552	0.00521	0.00497
3	0.06621	0.01405	0.01531	0.01179	0.01608	0.01522	0.00974	0.59868	0.02313	0.15343	0.01414	0.01374	0.00977	0.00650	0.00535	0.00165	0.00568	0.00489	0.00555	0.00909
4	0.14533	0.00692	0.00821	0.00743	0.00946	0.00670	0.00573	0.01369	0.01412	0.14563	0.47321	0.08616	0.03681	0.00987	0.00582	0.00174	0.00322	0.00843	0.00563	0.00589
5	0.00657	0.00553	0.00570	0.00566	0.00744	0.00466	0.00424	0.00807	0.01273	0.01544	0.12647	0.05130	0.70050	0.01354	0.00644	0.00183	0.00274	0.01134	0.00516	0.00466
6	0.01582	0.64266	0.02575	0.01034	0.01461	0.18613	0.00959	0.01750	0.01202	0.01294	0.00776	0.00898	0.00700	0.00487	0.00380	0.00122	0.00669	0.00304	0.00243	0.00685
7	0.01016	0.00508	0.00508	0.00508	0.00635	0.00508	0.00381	0.01270	0.01143	0.02033	0.01778	0.02033	0.01397	0.00635	0.00381	0.00127	0.00254	0.00508	0.83867	0.00508
8	0.02072	0.01527	0.01636	0.01254	0.01691	0.01691	0.01036	0.75622	0.02563	0.03436	0.01309	0.01309	0.00927	0.00654	0.00545	0.00164	0.00600	0.00491	0.00545	0.00927
9	0.00947	0.00473	0.00710	0.00710	0.00710	0.00473	0.00473	0.00710	0.00710	0.00947	0.00947	0.01657	0.00947	0.01894	0.02131	0.84138	0.00473	0.00473	0.00237	0.00237
10	0.02258	0.01125	0.01334	0.08833	0.01661	0.09847	0.00901	0.02476	0.01512	0.61369	0.01882	0.01715	0.01213	0.00649	0.00541	0.00167	0.00550	0.00519	0.00586	0.00862
11	0.09413	0.01036	0.01651	0.49745	0.21344	0.01200	0.01418	0.01455	0.01109	0.01592	0.01049	0.04736	0.00869	0.00576	0.00530	0.00177	0.00660	0.00511	0.00270	0.00660
12	0.00692	0.00514	0.00645	0.00697	0.00787	0.00467	0.00491	0.00842	0.01228	0.01639	0.25116	0.43559	0.18382	0.01471	0.00670	0.00200	0.00291	0.01308	0.00534	0.00467
13	0.01488	0.27512	0.10754	0.01528	0.02049	0.01565	0.28562	0.04698	0.04612	0.10426	0.01155	0.01305	0.00872	0.00513	0.00516	0.00158	0.00711	0.00485	0.00326	0.00766
14	0.01336	0.05514	0.59462	0.01417	0.02126	0.01230	0.01728	0.01922	0.04421	0.13968	0.01211	0.01291	0.00838	0.00551	0.00518	0.00170	0.00726	0.00431	0.00316	0.00824
15	0.00708	0.00543	0.00655	0.00698	0.00822	0.00490	0.00524	0.00873	0.01249	0.01612	0.18456	0.25638	0.32635	0.01436	0.00673	0.00201	0.00315	0.11475	0.00524	0.00472
16	0.09569	0.00978	0.01097	0.00798	0.01268	0.00777	0.00640	0.01396	0.01110	0.01844	0.00948	0.01106	0.00786	0.00414	0.00397	0.00090	0.00406	0.00320	0.00324	0.75733
17	0.00821	0.00604	0.00746	0.00712	0.00804	0.00598	0.01912	0.02355	0.00957	0.01276	0.02258	0.03500	0.13398	0.44740	0.15569	0.00491	0.00657	0.04136	0.00361	0.04106
18	0.01608	0.01312	0.01871	0.02297	0.39496	0.04895	0.01349	0.11228	0.01399	0.13157	0.01165	0.01375	0.00910	0.00622	0.00762	0.00176	0.14707	0.00488	0.00360	0.00823
19	0.01494	0.01390	0.02535	0.07847	0.09486	0.06023	0.43778	0.01860	0.01306	0.13377	0.01214	0.01475	0.00891	0.00530	0.00653	0.00179	0.04297	0.00577	0.00333	0.00755
20	0.00731	0.00539	0.00687	0.00765	0.00859	0.00504	0.00575	0.00887	0.01177	0.01537	0.11216	0.35622	0.18029	0.05023	0.00786	0.00230	0.00358	0.19504	0.00507	0.00464
21	0.19224	0.01192	0.01727	0.27293	0.27773	0.03349	0.05047	0.05053	0.01197	0.01862	0.00962	0.01278	0.00757	0.00518	0.00502	0.00170	0.00645	0.00449	0.00289	0.00711

[dist]
# distance from previous block
# <min> <max>
0	2

[block]
# block no. 3 follows, 44 sequences, length 92
# corresponding to MSA columns:
# 1104-1195
name=unknown_D
#
# <colnr> <probs for GDERKNQSTAVLIFYWHMCP>
#	G	D	E	R	K	N	Q	S	T	A	V	L	I	F	Y	W	H	M	C	P
0	0.70577	0.01152	0.05553	0.09310	0.01426	0.01224	0.00776	0.01587	0.00959	0.02288	0.00795	0.00963	0.00611	0.00511	0.00371	0.00170	0.00478	0.00322	0.00321	0.00605
1	0.01255	0.01272	0.06824	0.01170	0.01393	0.09528	0.03918	0.10429	0.04683	0.03167	0.20352	0.06804	0.02120	0.01067	0.05122	0.00225	0.18944	0.00672	0.00413	0.00642
2	0.01227	0.01148	0.01601	0.06069	0.01557	0.01519	0.01145	0.01376	0.00907	0.04411	0.00812	0.01229	0.00750	0.00867	0.01535	0.00218	0.64478	0.00466	0.00264	0.08421
3	0.01030	0.00969	0.01635	0.79530	0.03755	0.01211	0.01514	0.01393	0.01090	0.01393	0.00969	0.01453	0.00727	0.00545	0.00545	0.00182	0.00727	0.00484	0.00242	0.00606
4	0.00761	0.00593	0.00864	0.05795	0.09277	0.00582	0.00693	0.00896	0.01068	0.01434	0.02667	0.67136	0.03135	0.01505	0.00670	0.00213	0.00377	0.01370	0.00465	0.00498
5	0.00664	0.00474	0.00633	0.00759	0.00791	0.00443	0.00506	0.00759	0.01044	0.01392	0.03005	0.80485	0.03606	0.01708	0.00696	0.00221	0.00316	0.01550	0.00506	0.00443
6	0.01130	0.00969	0.01130	0.00807	0.01292	0.00727	0.00646	0.01373	0.01130	0.01776	0.00969	0.01130	0.00807	0.00404	0.00404	0.00081	0.00404	0.00323	0.00323	0.84173
7	0.00798	0.00538	0.00627	0.00635	0.00649	0.00543	0.00384	0.00824	0.00827	0.01105	0.01781	0.03665	0.02027	0.71811	0.06435	0.00528	0.00573	0.05560	0.00340	0.00349
8	0.00677	0.00489	0.00643	0.00762	0.00809	0.00456	0.00524	0.00784	0.01069	0.01412	0.03151	0.71193	0.08060	0.01675	0.00696	0.00221	0.00326	0.06100	0.00506	0.00448
9	0.00772	0.00557	0.00729	0.00686	0.00814	0.00514	0.00514	0.01029	0.01543	0.02186	0.77152	0.04072	0.05144	0.01115	0.00643	0.00171	0.00257	0.00986	0.00600	0.00514
10	0.02446	0.00928	0.01265	0.00970	0.01392	0.00801	0.00801	0.02657	0.01560	0.77817	0.02151	0.01856	0.01350	0.00675	0.00548	0.00169	0.00464	0.00548	0.00675	0.00928
11	0.02326	0.00901	0.01227	0.00950	0.01350	0.00781	0.00781	0.02540	0.01559	0.72389	0.07534	0.02015	0.01622	0.00706	0.00555	0.00169	0.00449	0.00580	0.00669	0.00898
12	0.02037	0.02598	0.01545	0.01404	0.01685	0.78652	0.01053	0.02177	0.01545	0.01334	0.00843	0.00983	0.00702	0.00562	0.00492	0.00140	0.00983	0.00351	0.00281	0.00632
13	0.01570	0.01344	0.05995	0.01098	0.01542	0.01279	0.00933	0.30764	0.18668	0.03873	0.01405	0.01418	0.01050	0.00589	0.00503	0.00144	0.00512	0.00463	0.00463	0.26390
14	0.00772	0.00557	0.00729	0.00686	0.00814	0.00514	0.00514	0.01029	0.01543	0.02186	0.77152	0.04072	0.05144	0.01115	0.00643	0.00171	0.00257	0.00986	0.00600	0.00514
15	0.02037	0.02598	0.01545	0.01404	0.01685	0.78652	0.01053	0.02177	0.01545	0.01334	0.00843	0.00983	0.00702	0.00562	0.00492	0.00140	0.00983	0.00351	0.00281	0.00632
16	0.00779	0.00584	0.00876	0.00876	0.00974	0.00681	0.00681	0.00974	0.00876	0.01266	0.01460	0.02142	0.01363	0.04089	0.78680	0.00876	0.01460	0.00584	0.00292	0.00487
17	0.84691	0.01054	0.00801	0.00717	0.01054	0.01223	0.00590	0.01603	0.00928	0.02446	0.00759	0.00886	0.00590	0.00506	0.00337	0.00169	0.00422	0.00295	0.00337	0.00590
18	0.01210	0.01153	0.01961	0.36499	0.45374	0.01259	0.01604	0.01551	0.01176	0.01612	0.01001	0.01395	0.00804	0.00512	0.00542	0.00171	0.00682	0.00485	0.00258	0.00751
19	0.01120	0.00957	0.01119	0.00804	0.01279	0.00721	0.00642	0.01363	0.01142	0.01788	0.03118	0.01213	0.00930	0.00424	0.00410	0.00083	0.00400	0.00342	0.00331	0.81813
20	0.04831	0.00958	0.01172	0.03237	0.01234	0.01129	0.00816	0.18507	0.01282	0.01819	0.01472	0.09974	0.01488	0.19176	0.08869	0.00342	0.19299	0.03436	0.00377	0.00585
21	0.01302	0.01239	0.02109	0.06235	0.69886	0.01255	0.01607	0.01620	0.01213	0.01734	0.01049	0.01401	0.00888	0.00706	0.05257	0.00206	0.00700	0.00492	0.00270	0.00831
22	0.00687	0.00491	0.00659	0.00786	0.00827	0.00463	0.00546	0.00799	0.01067	0.01418	0.02992	0.72428	0.03555	0.01686	0.00702	0.00225	0.00336	0.09378	0.00506	0.00449
23	0.01868	0.01638	0.01507	0.01244	0.01614	0.16587	0.00992	0.41283	0.22721	0.02708	0.01469	0.01445	0.01086	0.00660	0.00537	0.00165	0.00628	0.00498	0.00496	0.00852
24	0.01074	0.00620	0.00630	0.00610	0.00767	0.00651	0.00462	0.01545	0.13852	0.02074	0.01853	0.02033	0.01442	0.00653	0.00410	0.00137	0.00284	0.00526	0.69808	0.00568
25	0.02032	0.00836	0.01132	0.00900	0.01249	0.00730	0.00730	0.02254	0.01556	0.59094	0.20718	0.02404	0.02289	0.00784	0.00572	0.00169	0.00413	0.00657	0.00656	0.00825
26	0.01093	0.02820	0.78016	0.01554	0.02360	0.01266	0.02014	0.01727	0.01151	0.01727	0.00978	0.01151	0.00691	0.00518	0.00518	0.00173	0.00806	0.00403	0.00230	0.00806
27	0.02446	0.00928	0.01265	0.00970	0.01392	0.00801	0.00801	0.02657	0.01560	0.77817	0.02151	0.01856	0.01350	0.00675	0.00548	0.00169	0.00464	0.00548	0.00675	0.00928
28	0.04850	0.00604	0.00694	0.00692	0.00865	0.00547	0.00527	0.01068	0.01250	0.09102	0.11626	0.19164	0.36273	0.01297	0.00633	0.00192	0.00326	0.07149	0.02625	0.00519
29	0.02384	0.00910	0.01232	0.00950	0.01359	0.00789	0.00783	0.02597	0.01542	0.74521	0.02135	0.01863	0.01352	0.00673	0.00541	0.00167	0.00455	0.00547	0.04293	0.00910
30	0.02446	0.00928	0.01265	0.00970	0.01392	0.00801	0.00801	0.02657	0.01560	0.77817	0.02151	0.01856	0.01350	0.00675	0.00548	0.00169	0.00464	0.00548	0.00675	0.00928
31	0.01584	0.01124	0.01238	0.01074	0.01404	0.01245	0.00846	0.06260	0.56911	0.16412	0.02151	0.01966	0.01563	0.00721	0.00548	0.00179	0.00441	0.00595	0.02869	0.00868
32	0.00664	0.00474	0.00633	0.00759	0.00791	0.00443	0.00506	0.00759	0.01044	0.01392	0.03005	0.80485	0.03606	0.01708	0.00696	0.00221	0.00316	0.01550	0.00506	0.00443
33	0.00821	0.00628	0.00910	0.05595	0.01104	0.00724	0.00699	0.01017	0.00977	0.01403	0.11526	0.02418	0.01846	0.09196	0.51646	0.00661	0.05066	0.00641	0.02630	0.00492
34	0.00652	0.00553	0.00563	0.00560	0.00741	0.00464	0.00420	0.00797	0.01261	0.01516	0.09886	0.05175	0.72828	0.01364	0.00644	0.00183	0.00275	0.01141	0.00512	0.00464
35	0.01017	0.00611	0.00757	0.00695	0.00860	0.00578	0.00530	0.01325	0.04717	0.09739	0.50280	0.03326	0.03812	0.00952	0.00574	0.00162	0.00285	0.00824	0.18386	0.00570
36	0.72893	0.01196	0.00911	0.04523	0.01242	0.08554	0.00678	0.01647	0.00994	0.02291	0.00777	0.00922	0.00607	0.00513	0.00362	0.00167	0.00489	0.00309	0.00328	0.00595
37	0.00897	0.00652	0.00929	0.10322	0.05173	0.00678	0.00752	0.01054	0.01074	0.05036	0.02339	0.39658	0.02608	0.11268	0.00967	0.00253	0.03450	0.10733	0.01651	0.00508
38	0.01278	0.05073	0.07720	0.12249	0.25319	0.01202	0.18891	0.01638	0.01283	0.07103	0.11405	0.01759	0.01430	0.00587	0.00569	0.00170	0.00665	0.00580	0.00336	0.00745
39	0.01470	0.42603	0.18949	0.05921	0.01860	0.01668	0.06862	0.01783	0.01190	0.11542	0.01029	0.01145	0.00795	0.00509	0.00447	0.00145	0.00650	0.00388	0.00295	0.00750
40	0.01439	0.19783	0.38254	0.01292	0.01903	0.01342	0.05371	0.01853	0.01236	0.17025	0.01374	0.01430	0.04220	0.00573	0.00499	0.00160	0.00669	0.00453	0.00336	0.00788
41	0.04510	0.00931	0.01254	0.00964	0.01383	0.00812	0.00796	0.02630	0.01545	0.75926	0.02116	0.01831	0.01330	0.00671	0.00543	0.00169	0.00463	0.00542	0.00666	0.00919
42	0.04303	0.01096	0.12578	0.07799	0.05420	0.00902	0.04686	0.01270	0.01234	0.03649	0.22027	0.05752	0.13583	0.03606	0.00777	0.00196	0.07703	0.02411	0.00411	0.00598
43	0.01503	0.04641	0.02126	0.08197	0.05005	0.01177	0.30815	0.01968	0.09741	0.19673	0.01609	0.08345	0.01269	0.00657	0.00591	0.00180	0.00664	0.00661	0.00416	0.00762
44	0.00710	0.00520	0.00670	0.00728	0.00814	0.00480	0.00522	0.00872	0.01240	0.01671	0.27028	0.42577	0.12514	0.01467	0.00677	0.00203	0.00305	0.05995	0.00536	0.00472
45	0.00794	0.00570	0.00780	0.00899	0.00993	0.00555	0.00727	0.00987	0.01185	0.01553	0.04390	0.32372	0.05430	0.01567	0.00728	0.00237	0.00425	0.44823	0.00505	0.00480
46	0.04042	0.26151	0.25615	0.01361	0.04656	0.03745	0.06215	0.10605	0.01354	0.08489	0.01049	0.01164	0.00793	0.00536	0.00498	0.00155	0.02068	0.00408	0.00317	0.00781
47	0.01129	0.05761	0.54200	0.01420	0.02129	0.01201	0.06308	0.01651	0.01153	0.01719	0.00975	0.01155	0.00724	0.00489	0.00495	0.00152	0.00720	0.00397	0.00252	0.17971
48	0.00793	0.00529	0.00595	0.00595	0.00595	0.00529	0.00330	0.00793	0.00793	0.01057	0.01718	0.03568	0.01982	0.80840	0.02775	0.00529	0.00529	0.00793	0.00330	0.00330
49	0.22020	0.01180	0.01316	0.01128	0.06116	0.01204	0.02060	0.22687	0.04953	0.11970	0.01224	0.01272	0.00899	0.00555	0.00465	0.00148	0.00496	0.00421	0.00440	0.19446
50	0.00997	0.00549	0.00784	0.00761	0.00798	0.00570	0.00530	0.05261	0.00840	0.01132	0.01024	0.01689	0.00991	0.02057	0.10332	0.70044	0.00588	0.00487	0.00261	0.00306
51	0.84691	0.01054	0.00801	0.00717	0.01054	0.01223	0.00590	0.01603	0.00928	0.02446	0.00759	0.00886	0.00590	0.00506	0.00337	0.00169	0.00422	0.00295	0.00337	0.00590
52	0.06333	0.05081	0.16007	0.03124	0.01528	0.03122	0.02939	0.01610	0.01227	0.13632	0.01753	0.04891	0.04648	0.00769	0.00533	0.00166	0.00541	0.13011	0.03509	0.15576
53	0.01182	0.02655	0.70596	0.01546	0.02319	0.01242	0.04677	0.01783	0.01181	0.06321	0.01054	0.01205	0.00735	0.00525	0.00524	0.00173	0.00789	0.00421	0.00259	0.00810
54	0.00790	0.00527	0.00595	0.00598	0.00599	0.00527	0.00334	0.00792	0.00799	0.01065	0.01747	0.05332	0.02019	0.79025	0.02727	0.00521	0.00524	0.00810	0.00334	0.00333
55	0.00695	0.00502	0.00626	0.00709	0.00760	0.00469	0.00475	0.00788	0.01043	0.01369	0.04959	0.52232	0.12850	0.16156	0.01071	0.00273	0.00355	0.03766	0.00476	0.00428
56	0.01342	0.01181	0.01947	0.26099	0.46021	0.01263	0.01538	0.04394	0.01255	0.06305	0.01080	0.01406	0.00851	0.00532	0.00571	0.00170	0.02475	0.00489	0.00296	0.00786
57	0.00666	0.00508	0.00613	0.00681	0.00774	0.00455	0.00475	0.00789	0.01154	0.01485	0.09966	0.48111	0.29268	0.01546	0.00674	0.00204	0.00298	0.01365	0.00514	0.00455
58	0.02037	0.02598	0.01545	0.01404	0.01685	0.78652	0.01053	0.02177	0.01545	0.01334	0.00843	0.00983	0.00702	0.00562	0.00492	0.00140	0.00983	0.00351	0.00281	0.00632
59	0.01840	0.01271	0.13029	0.01187	0.01586	0.01038	0.04577	0.05787	0.01389	0.41253	0.01699	0.01865	0.01220	0.02155	0.03665	0.00215	0.10823	0.04092	0.00497	0.00810
60	0.01282	0.41989	0.35696	0.01235	0.01822	0.01737	0.01422	0.01654	0.01110	0.01479	0.00852	0.01015	0.00697	0.00519	0.00511	0.00149	0.05509	0.00352	0.00232	0.00740
61	0.06270	0.00644	0.00774	0.00721	0.00910	0.00604	0.00544	0.01399	0.01261	0.17060	0.15783	0.22058	0.02554	0.00984	0.00540	0.00168	0.00328	0.00846	0.22635	0.03917
62	0.00680	0.00481	0.00628	0.00739	0.00767	0.00453	0.00485	0.00763	0.01013	0.01351	0.02849	0.71156	0.03409	0.11305	0.00948	0.00259	0.00342	0.01458	0.00485	0.00429
63	0.01307	0.27908	0.46573	0.01334	0.01991	0.04465	0.02657	0.01753	0.01171	0.04818	0.00954	0.01091	0.00724	0.00509	0.00466	0.00153	0.00728	0.00375	0.00253	0.00769
64	0.04967	0.00904	0.01204	0.06937	0.04765	0.01948	0.00847	0.02126	0.04235	0.46980	0.02165	0.12247	0.03341	0.00838	0.00570	0.00180	0.00475	0.03915	0.00569	0.00789
65	0.00779	0.00584	0.00876	0.00876	0.00974	0.00681	0.00681	0.00974	0.00876	0.01266	0.01460	0.02142	0.01363	0.04089	0.78680	0.00876	0.01460	0.00584	0.00292	0.00487
66	0.06315	0.01031	0.03369	0.05097	0.01513	0.00939	0.00862	0.10677	0.01581	0.54924	0.01869	0.01716	0.01216	0.00651	0.00526	0.00166	0.00488	0.00519	0.05676	0.00865
67	0.02034	0.01149	0.02624	0.05042	0.03307	0.07772	0.02948	0.08667	0.03542	0.46585	0.03296	0.07596	0.01436	0.00731	0.00558	0.00171	0.00541	0.00606	0.00562	0.00831
68	0.01352	0.00607	0.00686	0.00617	0.00813	0.00577	0.00480	0.01596	0.01241	0.19847	0.01866	0.01991	0.01386	0.00644	0.00420	0.00137	0.00303	0.00518	0.64312	0.00607
69	0.01474	0.01803	0.33493	0.01515	0.10182	0.01147	0.03254	0.07408	0.07082	0.17875	0.08045	0.01663	0.01333	0.00625	0.00546	0.00171	0.00628	0.00522	0.00409	0.00824
70	0.01648	0.37037	0.02075	0.01119	0.01506	0.20182	0.00960	0.10772	0.16426	0.01749	0.01135	0.01183	0.00920	0.00566	0.00448	0.00141	0.00650	0.00394	0.00346	0.00743
71	0.20386	0.01315	0.01378	0.01077	0.01491	0.01422	0.00889	0.45891	0.02001	0.13728	0.01293	0.01286	0.00908	0.00614	0.00494	0.00162	0.00533	0.00449	0.00509	0.04172
72	0.01804	0.13380	0.16763	0.01262	0.01774	0.01216	0.10822	0.05633	0.02861	0.34799	0.03313	0.01551	0.01131	0.00596	0.00527	0.00164	0.00609	0.00503	0.00460	0.00834
73	0.22249	0.12931	0.43708	0.01284	0.01907	0.01374	0.04864	0.01698	0.01101	0.03029	0.00917	0.01072	0.00683	0.00508	0.00456	0.00164	0.00679	0.00374	0.00267	0.00736
74	0.00772	0.00557	0.00729	0.00686	0.00814	0.00514	0.00514	0.01029	0.01543	0.02186	0.77152	0.04072	0.05144	0.01115	0.00643	0.00171	0.00257	0.00986	0.00600	0.00514
75	0.00986	0.00734	0.01024	0.05736	0.04991	0.00711	0.04136	0.04732	0.02888	0.06551	0.38756	0.10261	0.14220	0.01053	0.00625	0.00178	0.00376	0.00931	0.00526	0.00585
76	0.01547	0.10345	0.24279	0.03404	0.08744	0.01193	0.01268	0.02014	0.08054	0.23654	0.07076	0.01648	0.01318	0.00629	0.00552	0.00167	0.02375	0.00507	0.00419	0.00808
77	0.02080	0.00955	0.01386	0.05155	0.12706	0.00877	0.00948	0.02316	0.01464	0.56695	0.05163	0.01868	0.01413	0.00787	0.03461	0.00195	0.00532	0.00556	0.00576	0.00868
78	0.01244	0.01766	0.19577	0.02135	0.02742	0.01354	0.59395	0.01742	0.01257	0.01742	0.01076	0.01401	0.00797	0.00472	0.00616	0.00181	0.00894	0.00591	0.00266	0.00751
79	0.01744	0.08243	0.17159	0.01383	0.05012	0.34016	0.01210	0.02096	0.05956	0.13088	0.01235	0.01427	0.00960	0.00608	0.00511	0.00157	0.00770	0.03336	0.00352	0.00736
80	0.01790	0.07998	0.13703	0.07611	0.09789	0.01154	0.03216	0.05824	0.05025	0.34582	0.02889	0.01587	0.01137	0.00606	0.00530	0.00166	0.00582	0.00503	0.00466	0.00841
81	0.00807	0.00546	0.00752	0.00752	0.00810	0.00588	0.00534	0.00864	0.00845	0.01162	0.01673	0.02600	0.06060	0.23114	0.39457	0.17130	0.00956	0.00650	0.00304	0.00396
82	0.00720	0.05399	0.00774	0.00771	0.00838	0.00555	0.00542	0.00827	0.01063	0.01397	0.02964	0.69866	0.06346	0.01612	0.00675	0.00215	0.00338	0.04147	0.00489	0.00461
83	0.01839	0.05136	0.14849	0.05220	0.08285	0.01085	0.01138	0.07432	0.05063	0.38142	0.01704	0.05071	0.01215	0.00662	0.00539	0.00170	0.00560	0.00546	0.00497	0.00849
84	0.01735	0.13269	0.05760	0.10782	0.10524	0.05686	0.09880	0.07221	0.02654	0.25131	0.01361	0.01438	0.00968	0.00567	0.00524	0.00162	0.00643	0.00485	0.00409	0.00802
85	0.01238	0.00850	0.04098	0.00725	0.00933	0.07280	0.00595	0.01489	0.01276	0.11159	0.09262	0.02366	0.04561	0.00738	0.00467	0.00147	0.00377	0.03487	0.48371	0.00581
86	0.01206	0.01947	0.36905	0.09119	0.07021	0.01238	0.20438	0.01737	0.04188	0.05001	0.01149	0.01459	0.00871	0.04533	0.00669	0.00194	0.00774	0.00511	0.00283	0.00756
87	0.01713	0.06241	0.11105	0.08015	0.10861	0.03258	0.05186	0.06553	0.12557	0.26591	0.01558	0.01565	0.01095	0.00603	0.00536	0.00168	0.00599	0.00509	0.00451	0.00836
88	0.01322	0.04448	0.56007	0.04907	0.04121	0.01255	0.03613	0.05329	0.01270	0.11012	0.01134	0.01263	0.00791	0.00541	0.00523	0.00171	0.00744	0.00433	0.00302	0.00814
89	0.03578	0.01160	0.06521	0.13732	0.05482	0.03451	0.07204	0.01721	0.03225	0.18247	0.07160	0.05280	0.01473	0.00766	0.00755	0.00187	0.12640	0.04241	0.00405	0.02772
90	0.03576	0.08316	0.24371	0.08082	0.17310	0.04188	0.08857	0.01801	0.01255	0.12342	0.03972	0.01419	0.00999	0.00549	0.00526	0.00166	0.00689	0.00478	0.00325	0.00779
91	0.01310	0.13090	0.30937	0.03362	0.04916	0.01231	0.05212	0.04517	0.03193	0.10763	0.14492	0.01767	0.01598	0.00641	0.00530	0.00164	0.00618	0.00533	0.00372	0.00753

[dist]
# distance from previous block
# <min> <max>
31	298

# created by:
# /home/berkeley/.conda/envs/busco_data_prod/bin/msa2prfl.pl pipeline/OGs_align_augustus/33634/167705.fs
