[name]
unknown

[dist]
# distance from previous block
# <min> <max>
0	898

[block]
# block no. 0 follows, 42 sequences, length 8
# corresponding to MSA columns:
# 982-989
name=unknown_A
#
# <colnr> <probs for GDERKNQSTAVLIFYWHMCP>
#	G	D	E	R	K	N	Q	S	T	A	V	L	I	F	Y	W	H	M	C	P
0	0.14884	0.04488	0.01375	0.06086	0.07343	0.07332	0.03751	0.03105	0.12024	0.08013	0.04551	0.02348	0.09356	0.00790	0.00583	0.00180	0.02756	0.06655	0.00428	0.03950
1	0.01355	0.00993	0.01334	0.20661	0.06718	0.01074	0.01014	0.13570	0.09020	0.10106	0.17207	0.06362	0.04696	0.02610	0.00648	0.00190	0.00521	0.00717	0.00485	0.00719
2	0.01428	0.03063	0.03848	0.01556	0.17471	0.03327	0.01039	0.04998	0.26955	0.10103	0.14094	0.02247	0.03945	0.00841	0.02411	0.00194	0.00527	0.00649	0.00496	0.00809
3	0.00739	0.00555	0.00675	0.00684	0.00800	0.00508	0.00491	0.00911	0.01310	0.01749	0.32444	0.19565	0.24890	0.08041	0.03863	0.00250	0.00355	0.01150	0.00537	0.00483
4	0.46167	0.00957	0.00921	0.00783	0.01122	0.01012	0.00639	0.01924	0.01190	0.24804	0.01386	0.01407	0.00980	0.00596	0.00421	0.00167	0.00420	0.00419	0.13983	0.00700
5	0.00890	0.00681	0.00893	0.01080	0.13060	0.00664	0.00596	0.00988	0.01027	0.01378	0.09095	0.03587	0.11998	0.49482	0.01994	0.00403	0.00505	0.00834	0.00381	0.00466
6	0.00896	0.09068	0.00934	0.00750	0.00835	0.00743	0.00538	0.00986	0.00985	0.01296	0.05209	0.08387	0.02311	0.46623	0.06050	0.00437	0.00573	0.12563	0.00380	0.00434
7	0.01233	0.09626	0.01848	0.14040	0.01865	0.01700	0.01257	0.01403	0.00935	0.01365	0.00786	0.01240	0.00739	0.00863	0.01480	0.00223	0.58051	0.00473	0.00246	0.00628

[dist]
# distance from previous block
# <min> <max>
3	7

[block]
# block no. 1 follows, 42 sequences, length 18
# corresponding to MSA columns:
# 1001-1018
name=unknown_B
#
# <colnr> <probs for GDERKNQSTAVLIFYWHMCP>
#	G	D	E	R	K	N	Q	S	T	A	V	L	I	F	Y	W	H	M	C	P
0	0.01958	0.04984	0.01440	0.01152	0.01488	0.20235	0.00910	0.21375	0.01770	0.22478	0.01741	0.14824	0.01480	0.00835	0.00568	0.00172	0.00629	0.00665	0.00510	0.00786
1	0.25300	0.01131	0.01225	0.01007	0.01359	0.01230	0.04683	0.18740	0.12889	0.10632	0.01497	0.01538	0.01098	0.00633	0.00480	0.00169	0.00482	0.00487	0.14658	0.00763
2	0.53247	0.01032	0.01091	0.26022	0.01970	0.01223	0.00908	0.01568	0.01023	0.02152	0.00905	0.01161	0.00695	0.00542	0.00420	0.00176	0.00529	0.00379	0.04347	0.00610
3	0.71459	0.01010	0.00816	0.00735	0.01051	0.01151	0.00597	0.01564	0.01055	0.02484	0.12335	0.01417	0.01327	0.00618	0.00396	0.00175	0.00409	0.00414	0.00390	0.00597
4	0.57284	0.13138	0.01107	0.00745	0.01087	0.01275	0.00632	0.01514	0.01042	0.02170	0.01624	0.01682	0.13600	0.00671	0.00404	0.00169	0.00435	0.00455	0.00362	0.00604
5	0.70039	0.01131	0.01076	0.01204	0.14019	0.01275	0.00801	0.01667	0.01013	0.02408	0.00831	0.00996	0.00658	0.00519	0.00384	0.00173	0.00475	0.00338	0.00336	0.00658
6	0.01176	0.02344	0.52829	0.01755	0.13592	0.01216	0.01784	0.01711	0.01199	0.01800	0.01016	0.01216	0.00761	0.00509	0.00518	0.00160	0.00736	0.00415	0.00260	0.15004
7	0.01164	0.14912	0.13482	0.50085	0.06778	0.01430	0.01547	0.01547	0.01146	0.01490	0.00967	0.01345	0.00747	0.00542	0.00524	0.00174	0.00733	0.00453	0.00248	0.00686
8	0.00778	0.00561	0.00735	0.00721	0.00837	0.00518	0.00530	0.01014	0.01505	0.02117	0.63879	0.17139	0.05038	0.01255	0.00673	0.00186	0.00276	0.01117	0.00603	0.00518
9	0.00694	0.00496	0.00662	0.00793	0.00829	0.00464	0.00537	0.00798	0.01086	0.01446	0.03097	0.77110	0.03704	0.01755	0.00721	0.00230	0.00334	0.04263	0.00522	0.00459
10	0.01433	0.00664	0.00925	0.00826	0.00981	0.00635	0.00607	0.01432	0.01052	0.25680	0.01561	0.02117	0.01318	0.12707	0.11903	0.34020	0.00630	0.00575	0.00412	0.00523
11	0.01430	0.00799	0.01091	0.04087	0.12475	0.00791	0.00799	0.01692	0.01321	0.19667	0.07709	0.02224	0.01673	0.00723	0.00550	0.00161	0.03089	0.03295	0.35734	0.00689
12	0.05033	0.14838	0.13100	0.01060	0.01512	0.01151	0.01015	0.04268	0.02590	0.34849	0.01971	0.04705	0.05270	0.00759	0.00542	0.00174	0.00543	0.05303	0.00502	0.00812
13	0.00768	0.00887	0.12363	0.00861	0.01058	0.00602	0.00746	0.00986	0.01214	0.01640	0.15386	0.42811	0.15717	0.01417	0.00672	0.00206	0.00387	0.01253	0.00495	0.00530
14	0.01503	0.03464	0.23555	0.03840	0.04810	0.01119	0.14029	0.01885	0.01319	0.22036	0.04525	0.09485	0.01413	0.00731	0.00636	0.00185	0.03613	0.00648	0.00415	0.00789
15	0.14475	0.01159	0.03917	0.01033	0.01414	0.01153	0.00857	0.10105	0.22870	0.28959	0.04398	0.01861	0.01450	0.03098	0.00606	0.00190	0.00485	0.00558	0.00564	0.00848
16	0.00772	0.00877	0.12375	0.00888	0.01066	0.00600	0.00758	0.00985	0.01190	0.01633	0.15410	0.52267	0.06112	0.01459	0.00679	0.00211	0.00392	0.01305	0.00496	0.00528
17	0.03956	0.02960	0.28648	0.04026	0.01843	0.01074	0.07041	0.04350	0.02368	0.07239	0.12239	0.07245	0.04103	0.00749	0.00592	0.00174	0.02193	0.00637	0.00387	0.08175

[dist]
# distance from previous block
# <min> <max>
0	58

[block]
# block no. 2 follows, 42 sequences, length 12
# corresponding to MSA columns:
# 1077-1088
name=unknown_C
#
# <colnr> <probs for GDERKNQSTAVLIFYWHMCP>
#	G	D	E	R	K	N	Q	S	T	A	V	L	I	F	Y	W	H	M	C	P
0	0.01486	0.03061	0.03898	0.08769	0.03815	0.10230	0.06948	0.06831	0.12723	0.11648	0.01781	0.12357	0.02787	0.00851	0.02030	0.00188	0.00614	0.00675	0.03325	0.05983
1	0.01380	0.05353	0.04352	0.09585	0.07869	0.08714	0.01045	0.11884	0.13775	0.01968	0.01802	0.06837	0.08136	0.00760	0.00604	0.00169	0.03950	0.00611	0.00405	0.10800
2	0.01062	0.08059	0.01086	0.00980	0.05848	0.00821	0.00688	0.02828	0.03948	0.06761	0.08666	0.28222	0.09549	0.04212	0.00796	0.03736	0.02505	0.02702	0.06954	0.00576
3	0.01389	0.01466	0.07999	0.20342	0.05433	0.04949	0.17956	0.08551	0.08759	0.04036	0.01187	0.01472	0.00908	0.00636	0.00771	0.00191	0.12335	0.00539	0.00333	0.00749
4	0.00902	0.00601	0.00698	0.00667	0.00850	0.00526	0.00502	0.01086	0.01377	0.09273	0.23929	0.11078	0.40721	0.01279	0.00649	0.00186	0.00302	0.01090	0.03745	0.00539
5	0.00966	0.00813	0.07837	0.00819	0.01035	0.00613	0.00692	0.01221	0.01436	0.09410	0.42232	0.17148	0.11219	0.01184	0.00652	0.00187	0.00352	0.01037	0.00565	0.00582
6	0.00701	0.00550	0.00634	0.00658	0.00794	0.00483	0.00476	0.00861	0.01301	0.01670	0.21511	0.24559	0.40900	0.01449	0.00679	0.00197	0.00291	0.01256	0.00545	0.00483
7	0.00806	0.00597	0.00872	0.00872	0.00961	0.00686	0.00663	0.00984	0.00895	0.01282	0.01537	0.02376	0.01479	0.12763	0.69548	0.00864	0.01399	0.00627	0.00306	0.00484
8	0.01482	0.00985	0.01109	0.00979	0.01274	0.01044	0.00773	0.06042	0.35484	0.16419	0.06084	0.04250	0.09200	0.00874	0.00580	0.00184	0.00420	0.03799	0.08229	0.00790
9	0.51658	0.01010	0.00956	0.02811	0.04363	0.01114	0.00695	0.03502	0.03973	0.09280	0.05907	0.01582	0.04597	0.00640	0.00433	0.00173	0.00433	0.00458	0.05759	0.00657
10	0.01542	0.55498	0.14071	0.04378	0.01708	0.04322	0.01150	0.01805	0.01207	0.08394	0.00962	0.01069	0.00784	0.00516	0.00420	0.00138	0.00645	0.00353	0.00284	0.00754
11	0.08631	0.20453	0.03930	0.01095	0.03840	0.03603	0.03447	0.08581	0.04260	0.14582	0.04565	0.01572	0.03690	0.00610	0.00479	0.00147	0.00535	0.00473	0.02630	0.12877

[dist]
# distance from previous block
# <min> <max>
1	7

[block]
# block no. 3 follows, 42 sequences, length 18
# corresponding to MSA columns:
# 1096-1113
name=unknown_D
#
# <colnr> <probs for GDERKNQSTAVLIFYWHMCP>
#	G	D	E	R	K	N	Q	S	T	A	V	L	I	F	Y	W	H	M	C	P
0	0.06367	0.10846	0.04201	0.01242	0.05107	0.01480	0.01006	0.32984	0.07901	0.08479	0.01396	0.01508	0.01064	0.01185	0.12445	0.00279	0.00728	0.00497	0.00459	0.00827
1	0.01741	0.03643	0.03663	0.04651	0.19618	0.01098	0.01094	0.06451	0.06838	0.26841	0.03480	0.01631	0.01210	0.00600	0.00533	0.00157	0.00538	0.00508	0.00470	0.15232
2	0.01664	0.04285	0.26552	0.03828	0.08524	0.01320	0.04522	0.14126	0.09094	0.18296	0.01458	0.01496	0.01024	0.00610	0.00553	0.00175	0.00663	0.00502	0.00430	0.00878
3	0.01464	0.10010	0.33378	0.01766	0.13288	0.04743	0.06491	0.09209	0.06142	0.06487	0.01186	0.01323	0.00880	0.00561	0.00535	0.00170	0.00733	0.00464	0.00331	0.00841
4	0.00709	0.00535	0.00659	0.00726	0.00825	0.00485	0.00520	0.00855	0.01225	0.01596	0.14623	0.42933	0.24804	0.01563	0.00699	0.00212	0.00317	0.05701	0.00536	0.00477
5	0.00751	0.00557	0.00746	0.07582	0.01055	0.00549	0.00583	0.00881	0.01115	0.01488	0.11614	0.48917	0.07094	0.13161	0.01013	0.00264	0.00387	0.01298	0.00483	0.00464
6	0.01627	0.04317	0.22098	0.06326	0.06382	0.01280	0.11474	0.08682	0.03131	0.20891	0.01465	0.01559	0.02450	0.00626	0.00637	0.00180	0.05105	0.00527	0.00407	0.00834
7	0.04614	0.17084	0.04664	0.24637	0.21367	0.03738	0.03983	0.01669	0.01188	0.04907	0.01000	0.01306	0.00804	0.00561	0.00605	0.00171	0.06230	0.00454	0.00281	0.00738
8	0.03443	0.00866	0.01092	0.00900	0.01216	0.00808	0.00720	0.06162	0.06308	0.38223	0.24971	0.02834	0.08224	0.00889	0.00599	0.00177	0.00404	0.00746	0.00637	0.00780
9	0.03925	0.01421	0.11839	0.12367	0.04470	0.04777	0.11387	0.05250	0.01409	0.28401	0.01528	0.04621	0.01111	0.00663	0.00630	0.00182	0.04207	0.00566	0.00441	0.00806
10	0.01455	0.15783	0.17609	0.10857	0.04933	0.05015	0.01329	0.09563	0.06063	0.06453	0.01179	0.03621	0.00951	0.00670	0.00710	0.00178	0.12045	0.00486	0.00338	0.00764
11	0.01211	0.02538	0.05296	0.40659	0.13977	0.01262	0.07434	0.01586	0.02886	0.05355	0.01387	0.01725	0.05617	0.00638	0.00659	0.00187	0.06024	0.00556	0.00303	0.00699
12	0.00810	0.00542	0.00616	0.00625	0.00627	0.00540	0.00352	0.00816	0.00835	0.01113	0.01857	0.08497	0.02152	0.75264	0.02729	0.00526	0.00532	0.00868	0.00352	0.00348
13	0.24607	0.07734	0.01555	0.01222	0.01555	0.31162	0.04177	0.08108	0.04617	0.03957	0.00981	0.01114	0.00780	0.00597	0.00553	0.00164	0.05689	0.00393	0.00345	0.00692
14	0.00734	0.00542	0.00648	0.00676	0.00766	0.00498	0.00463	0.00864	0.01202	0.01585	0.21155	0.26903	0.22549	0.17511	0.01129	0.00271	0.00346	0.01194	0.00509	0.00456
15	0.01529	0.11450	0.06798	0.03505	0.09958	0.03659	0.05267	0.07574	0.09603	0.12083	0.05253	0.01589	0.01247	0.00596	0.00515	0.00152	0.00569	0.00498	0.03082	0.15075
16	0.03258	0.03859	0.12047	0.00944	0.01274	0.00789	0.04871	0.01338	0.01327	0.09889	0.17186	0.11221	0.24124	0.01047	0.00611	0.00181	0.00443	0.00899	0.00483	0.04209
17	0.01248	0.07201	0.01535	0.04478	0.11021	0.04443	0.05317	0.09023	0.03712	0.01871	0.04241	0.20127	0.01714	0.00834	0.00556	0.00160	0.00530	0.00734	0.00398	0.20857

[dist]
# distance from previous block
# <min> <max>
0	38

[block]
# block no. 4 follows, 42 sequences, length 10
# corresponding to MSA columns:
# 1152-1161
name=unknown_E
#
# <colnr> <probs for GDERKNQSTAVLIFYWHMCP>
#	G	D	E	R	K	N	Q	S	T	A	V	L	I	F	Y	W	H	M	C	P
0	0.01423	0.13159	0.01853	0.07627	0.12324	0.02757	0.03830	0.12716	0.11048	0.01932	0.01214	0.01497	0.01010	0.04475	0.02654	0.00204	0.10934	0.00494	0.00356	0.08493
1	0.00747	0.00579	0.00689	0.00681	0.00834	0.00508	0.00500	0.00934	0.01355	0.01805	0.32297	0.19675	0.30235	0.01332	0.00662	0.00187	0.00293	0.01159	0.00550	0.04978
2	0.01442	0.12042	0.08576	0.07562	0.10966	0.06595	0.02771	0.09523	0.23900	0.02015	0.03088	0.01682	0.03526	0.00666	0.00581	0.00173	0.03155	0.00534	0.00400	0.00801
3	0.00797	0.00580	0.00688	0.00711	0.00785	0.00566	0.00473	0.00992	0.06025	0.01524	0.15453	0.26684	0.10886	0.29599	0.01461	0.00326	0.00398	0.01114	0.00478	0.00459
4	0.00818	0.00611	0.00842	0.00774	0.00920	0.00565	0.04175	0.01063	0.01469	0.02069	0.55391	0.09996	0.09863	0.03805	0.00728	0.00193	0.00315	0.01026	0.04851	0.00526
5	0.01154	0.02923	0.08793	0.04880	0.01516	0.01187	0.01026	0.05032	0.07431	0.01734	0.07243	0.03795	0.01482	0.05382	0.06945	0.00261	0.22057	0.02904	0.00357	0.13899
6	0.00709	0.00513	0.00670	0.00754	0.00818	0.00475	0.00519	0.00847	0.01204	0.01623	0.19490	0.58647	0.08430	0.01607	0.00703	0.00215	0.00311	0.01446	0.00544	0.00475
7	0.01329	0.10963	0.04094	0.10437	0.06528	0.01250	0.09006	0.01693	0.05834	0.06992	0.01211	0.02832	0.00980	0.00595	0.00642	0.00155	0.08915	0.00482	0.04440	0.21622
8	0.10310	0.06347	0.04066	0.03817	0.08319	0.07037	0.02922	0.20498	0.05219	0.06225	0.01299	0.02945	0.01048	0.01235	0.12493	0.03808	0.00762	0.00506	0.00399	0.00744
9	0.08391	0.01077	0.04714	0.47625	0.07338	0.01214	0.01342	0.01493	0.03814	0.01604	0.01098	0.01567	0.00881	0.03441	0.04861	0.00237	0.05143	0.00501	0.03021	0.00638

[dist]
# distance from previous block
# <min> <max>
2	5

[block]
# block no. 5 follows, 42 sequences, length 25
# corresponding to MSA columns:
# 1167,1168,1171-1193
name=unknown_F
#
# <colnr> <probs for GDERKNQSTAVLIFYWHMCP>
#	G	D	E	R	K	N	Q	S	T	A	V	L	I	F	Y	W	H	M	C	P
0	0.01516	0.00870	0.01092	0.00869	0.01236	0.00713	0.00677	0.01714	0.01280	0.26863	0.01824	0.15554	0.01601	0.05135	0.00655	0.00165	0.00429	0.00663	0.00489	0.36657
1	0.03456	0.04824	0.08383	0.01729	0.18676	0.06869	0.04943	0.20196	0.01661	0.11699	0.01554	0.03242	0.04660	0.00655	0.00547	0.00168	0.00631	0.00546	0.04736	0.00826
2	0.01268	0.01094	0.01534	0.21163	0.12101	0.01218	0.02342	0.11289	0.10190	0.01924	0.01433	0.09004	0.01252	0.00920	0.04746	0.00218	0.06856	0.00614	0.01957	0.08877
3	0.01145	0.00679	0.00992	0.04584	0.01186	0.00733	0.00737	0.01324	0.01033	0.15350	0.01605	0.02179	0.01388	0.07472	0.52129	0.04748	0.01178	0.00598	0.00372	0.00571
4	0.01278	0.01103	0.01386	0.01110	0.05610	0.00932	0.04547	0.07383	0.05394	0.01997	0.01109	0.01263	0.00896	0.00464	0.00457	0.00106	0.00475	0.00390	0.00359	0.63739
5	0.01148	0.00975	0.01428	0.44159	0.02663	0.01145	0.01194	0.11794	0.01402	0.01864	0.14362	0.03718	0.03524	0.04508	0.00742	0.00203	0.03514	0.00645	0.00375	0.00635
6	0.01018	0.00586	0.00724	0.00723	0.00795	0.00557	0.00468	0.01080	0.01013	0.11990	0.02258	0.27612	0.02485	0.44028	0.01857	0.00392	0.00467	0.01031	0.00449	0.00465
7	0.01541	0.01279	0.01352	0.01174	0.01517	0.01466	0.00925	0.16698	0.61757	0.02582	0.02111	0.01957	0.01573	0.00747	0.00571	0.00187	0.00479	0.00612	0.00571	0.00903
8	0.00791	0.00565	0.00774	0.00904	0.00983	0.00548	0.00706	0.00966	0.01182	0.01555	0.03043	0.44766	0.03491	0.01664	0.00746	0.00243	0.00418	0.35647	0.00520	0.00486
9	0.00813	0.00547	0.00693	0.00733	0.00822	0.00504	0.00507	0.00948	0.01213	0.05279	0.19564	0.41787	0.12387	0.10380	0.00934	0.00246	0.00340	0.01283	0.00532	0.00487
10	0.22237	0.00780	0.00922	0.08600	0.01272	0.00820	0.00694	0.01414	0.01129	0.12675	0.08278	0.07536	0.04802	0.01077	0.00865	0.17063	0.00450	0.04034	0.04796	0.00556
11	0.01271	0.01919	0.24625	0.02151	0.02796	0.01390	0.53766	0.01797	0.01288	0.01797	0.01101	0.01423	0.00813	0.00492	0.00627	0.00186	0.00915	0.00593	0.00271	0.00780
12	0.02063	0.01407	0.01563	0.01233	0.01649	0.01522	0.01023	0.58581	0.02383	0.12412	0.01621	0.01921	0.01239	0.00766	0.00585	0.00179	0.00592	0.07770	0.00575	0.00913
13	0.00795	0.00529	0.00689	0.00731	0.00798	0.00495	0.00501	0.00881	0.01151	0.02830	0.20240	0.37239	0.08734	0.08907	0.01106	0.11897	0.00355	0.01187	0.00493	0.00444
14	0.53100	0.05514	0.01114	0.00860	0.01237	0.05112	0.00713	0.01984	0.01179	0.22808	0.01181	0.01193	0.00836	0.00571	0.00417	0.00170	0.00486	0.00379	0.00435	0.00713
15	0.12617	0.01306	0.01470	0.01217	0.01534	0.01521	0.02503	0.25005	0.24157	0.06201	0.01487	0.01529	0.01121	0.00735	0.00773	0.00191	0.14802	0.00523	0.00481	0.00825
16	0.00968	0.00715	0.00975	0.00966	0.01151	0.00688	0.04306	0.04969	0.01393	0.04226	0.10935	0.09493	0.18703	0.01372	0.00715	0.00223	0.00457	0.36662	0.00527	0.00555
17	0.01092	0.01043	0.01410	0.34842	0.12421	0.08214	0.01178	0.01350	0.01217	0.01537	0.07060	0.14214	0.07797	0.00899	0.00647	0.02756	0.00617	0.00752	0.00349	0.00606
18	0.00728	0.00514	0.00661	0.00740	0.00782	0.00485	0.00490	0.00833	0.01109	0.01499	0.14250	0.53824	0.03655	0.16367	0.01112	0.00280	0.00358	0.01363	0.00504	0.00447
19	0.16751	0.00915	0.01129	0.00925	0.01288	0.00856	0.00756	0.02255	0.01450	0.51100	0.07177	0.06162	0.01735	0.00794	0.00552	0.00181	0.00450	0.04093	0.00612	0.00819
20	0.01164	0.00731	0.00987	0.05651	0.01225	0.00759	0.00739	0.08552	0.01254	0.10979	0.03553	0.28751	0.02232	0.01785	0.11980	0.10982	0.02218	0.05432	0.00460	0.00567
21	0.01269	0.04883	0.36767	0.03855	0.01959	0.05408	0.05258	0.06255	0.01337	0.04677	0.08222	0.01861	0.01374	0.00743	0.00662	0.04123	0.02306	0.04485	0.03827	0.00730
22	0.05361	0.00986	0.01254	0.00977	0.01382	0.00910	0.00803	0.10054	0.01653	0.59600	0.02040	0.01837	0.01324	0.00684	0.00541	0.00170	0.00471	0.00546	0.08503	0.00904
23	0.00746	0.00523	0.00668	0.00740	0.00782	0.00499	0.00493	0.00848	0.01089	0.01469	0.12738	0.46085	0.03474	0.22368	0.01280	0.00307	0.00385	0.04579	0.00488	0.00439
24	0.01222	0.01076	0.02818	0.12634	0.05713	0.05224	0.11543	0.10182	0.01390	0.04178	0.05735	0.22765	0.01983	0.04609	0.00721	0.00207	0.00589	0.01907	0.04857	0.00644

[dist]
# distance from previous block
# <min> <max>
3	16

[block]
# block no. 6 follows, 42 sequences, length 19
# corresponding to MSA columns:
# 1214-1232
name=unknown_G
#
# <colnr> <probs for GDERKNQSTAVLIFYWHMCP>
#	G	D	E	R	K	N	Q	S	T	A	V	L	I	F	Y	W	H	M	C	P
0	0.01114	0.01040	0.05025	0.00856	0.01322	0.00749	0.00721	0.01387	0.01227	0.01890	0.11432	0.01588	0.01446	0.00524	0.00457	0.00101	0.00417	0.00432	0.00368	0.67905
1	0.06429	0.41913	0.04309	0.02749	0.03422	0.01722	0.10431	0.01714	0.03555	0.06143	0.01100	0.03670	0.00970	0.04676	0.00652	0.00174	0.04891	0.00463	0.00306	0.00711
2	0.00772	0.00582	0.00723	0.00712	0.00850	0.00540	0.00533	0.01017	0.03015	0.01948	0.45707	0.12395	0.21000	0.01409	0.03880	0.00218	0.00339	0.03274	0.00570	0.00517
3	0.00872	0.00521	0.00684	0.00695	0.00704	0.00525	0.00440	0.00792	0.00810	0.01086	0.01538	0.09018	0.01704	0.36831	0.07174	0.34672	0.00565	0.00733	0.00314	0.00321
4	0.00856	0.00573	0.00684	0.00665	0.00797	0.00529	0.00486	0.01053	0.01349	0.04148	0.35366	0.07631	0.18703	0.10883	0.00901	0.00223	0.00319	0.02805	0.11524	0.00504
5	0.01505	0.80561	0.02949	0.00963	0.01444	0.02227	0.00963	0.01685	0.01143	0.01324	0.00782	0.00903	0.00722	0.00481	0.00361	0.00120	0.00602	0.00301	0.00241	0.00722
6	0.01400	0.01209	0.01273	0.01145	0.01463	0.01400	0.00891	0.02990	0.75695	0.02354	0.02291	0.02100	0.01718	0.00764	0.00573	0.00191	0.00445	0.00636	0.00573	0.00891
7	0.01339	0.01148	0.01222	0.01116	0.01417	0.01315	0.00873	0.02788	0.68035	0.02279	0.02469	0.02500	0.04777	0.00840	0.00589	0.00195	0.00444	0.05236	0.00567	0.00851
8	0.84197	0.01088	0.00827	0.00740	0.01088	0.01262	0.00609	0.01654	0.00958	0.02525	0.00784	0.00914	0.00609	0.00522	0.00348	0.00174	0.00435	0.00305	0.00348	0.00609
9	0.01073	0.00556	0.00621	0.00614	0.00743	0.00552	0.00452	0.01294	0.01151	0.06655	0.01951	0.09544	0.01695	0.06716	0.06418	0.00231	0.00395	0.00655	0.58151	0.00531
10	0.05108	0.00971	0.01259	0.00956	0.01402	0.00826	0.00785	0.02419	0.01492	0.58261	0.01907	0.01719	0.01245	0.00630	0.00526	0.00155	0.00464	0.00507	0.00606	0.18763
11	0.00832	0.00541	0.00624	0.00624	0.00624	0.00541	0.00354	0.00811	0.00811	0.01081	0.01703	0.03510	0.01952	0.73360	0.02806	0.07830	0.00541	0.00789	0.00333	0.00333
12	0.05602	0.01304	0.01397	0.01163	0.01539	0.01454	0.00932	0.27385	0.40013	0.10159	0.01894	0.01771	0.01375	0.00716	0.00558	0.00181	0.00507	0.00570	0.00571	0.00907
13	0.00843	0.00648	0.00924	0.00900	0.00977	0.00760	0.00685	0.01009	0.00919	0.01321	0.04954	0.02448	0.01629	0.15704	0.55958	0.00757	0.08111	0.00646	0.00318	0.00488
14	0.06913	0.00881	0.01020	0.00813	0.01163	0.00755	0.00636	0.04211	0.01293	0.05827	0.15656	0.04978	0.03427	0.05888	0.00656	0.00157	0.00405	0.02304	0.00432	0.42584
15	0.00790	0.00563	0.00717	0.00712	0.00834	0.00516	0.00519	0.01008	0.01411	0.01996	0.47837	0.22688	0.08025	0.01261	0.00653	0.00185	0.00286	0.01117	0.05879	0.03004
16	0.02086	0.00882	0.01172	0.00935	0.01300	0.00781	0.00758	0.02364	0.04606	0.57280	0.15373	0.02494	0.05754	0.00814	0.00588	0.00176	0.00431	0.00678	0.00670	0.00857
17	0.01435	0.01085	0.01608	0.16591	0.25452	0.01157	0.01208	0.15182	0.01405	0.06309	0.01180	0.01529	0.00944	0.00873	0.00905	0.18020	0.00611	0.00504	0.03296	0.00705
18	0.11731	0.00606	0.00720	0.00772	0.00883	0.00598	0.00553	0.01023	0.01121	0.04640	0.08444	0.47050	0.06889	0.01529	0.02470	0.04516	0.00379	0.03373	0.02206	0.00497

[dist]
# distance from previous block
# <min> <max>
4	16

[block]
# block no. 7 follows, 42 sequences, length 19
# corresponding to MSA columns:
# 1249-1267
name=unknown_H
#
# <colnr> <probs for GDERKNQSTAVLIFYWHMCP>
#	G	D	E	R	K	N	Q	S	T	A	V	L	I	F	Y	W	H	M	C	P
0	0.00939	0.00647	0.00805	0.00743	0.00916	0.00608	0.00564	0.01284	0.07054	0.07100	0.57282	0.04047	0.13592	0.01126	0.00651	0.00179	0.00295	0.00981	0.00609	0.00579
1	0.01224	0.00675	0.00873	0.00788	0.00984	0.00616	0.00596	0.01468	0.03402	0.20753	0.38023	0.13021	0.08090	0.05962	0.00779	0.00206	0.00349	0.00965	0.00603	0.00623
2	0.02136	0.01024	0.01270	0.01025	0.01414	0.00996	0.00830	0.05180	0.21394	0.50825	0.02190	0.01955	0.01467	0.00712	0.00559	0.00176	0.00464	0.00581	0.04886	0.00918
3	0.00804	0.00603	0.00904	0.00904	0.01005	0.00703	0.00703	0.01005	0.00904	0.01306	0.01507	0.02211	0.01407	0.04221	0.77992	0.00904	0.01507	0.00603	0.00301	0.00502
4	0.00999	0.00788	0.00927	0.00855	0.01050	0.00823	0.00652	0.01710	0.26480	0.02289	0.51520	0.03497	0.04104	0.01021	0.00633	0.00182	0.00326	0.00890	0.00604	0.00652
5	0.01231	0.01231	0.01724	0.01477	0.01477	0.01724	0.01231	0.01354	0.00862	0.01354	0.00739	0.01231	0.00739	0.00985	0.01847	0.00246	0.79192	0.00492	0.00246	0.00616
6	0.00804	0.00603	0.00904	0.00904	0.01005	0.00703	0.00703	0.01005	0.00904	0.01306	0.01507	0.02211	0.01407	0.04221	0.77992	0.00904	0.01507	0.00603	0.00301	0.00502
7	0.01167	0.01000	0.01167	0.00834	0.01334	0.00750	0.00667	0.01417	0.01167	0.01834	0.01000	0.01167	0.00834	0.00417	0.00417	0.00083	0.00417	0.00333	0.00333	0.83663
8	0.01329	0.01034	0.01161	0.01088	0.01364	0.01148	0.00873	0.02457	0.50268	0.07083	0.02580	0.03226	0.04899	0.00973	0.00624	0.00206	0.00459	0.17872	0.00566	0.00791
9	0.00692	0.00575	0.00608	0.00610	0.00790	0.00490	0.00464	0.00855	0.01319	0.01612	0.13600	0.05326	0.64648	0.01401	0.00671	0.00192	0.00295	0.04837	0.00533	0.00484
10	0.02139	0.01576	0.01689	0.01295	0.01745	0.01745	0.01070	0.74835	0.02646	0.03547	0.01351	0.01351	0.00957	0.00676	0.00563	0.00169	0.00619	0.00507	0.00563	0.00957
11	0.04848	0.03658	0.01390	0.01183	0.01494	0.01284	0.05745	0.07514	0.44296	0.02247	0.03855	0.02773	0.01899	0.00878	0.00603	0.00199	0.00505	0.14315	0.00524	0.00791
12	0.01488	0.77192	0.06175	0.00991	0.01487	0.02187	0.01011	0.01689	0.01145	0.01344	0.00792	0.00915	0.00722	0.00484	0.00369	0.00123	0.00612	0.00306	0.00241	0.00727
13	0.00907	0.00648	0.00907	0.01036	0.01166	0.00648	0.00907	0.01166	0.01296	0.01684	0.02980	0.06348	0.03239	0.01555	0.00777	0.00259	0.00518	0.72924	0.00518	0.00518
14	0.00716	0.00547	0.00663	0.00746	0.00840	0.00505	0.00526	0.00887	0.03757	0.01506	0.03836	0.51438	0.25148	0.01618	0.00700	0.00217	0.00328	0.05017	0.00524	0.00481
15	0.10361	0.14660	0.06623	0.01320	0.01774	0.06157	0.12340	0.15943	0.03061	0.17504	0.01288	0.01352	0.00933	0.00600	0.00567	0.00168	0.03638	0.00476	0.00423	0.00811
16	0.01255	0.00880	0.01355	0.12524	0.15342	0.00905	0.02514	0.01491	0.01298	0.13647	0.15908	0.12102	0.02324	0.01003	0.00768	0.04374	0.04532	0.06664	0.00452	0.00662
17	0.00798	0.00683	0.04572	0.00757	0.00916	0.00560	0.00605	0.01061	0.01508	0.02124	0.62750	0.12268	0.06879	0.01194	0.00663	0.00183	0.00301	0.01055	0.00587	0.00537
18	0.04948	0.06225	0.01719	0.12463	0.01909	0.01083	0.15871	0.05289	0.01257	0.15935	0.04157	0.01712	0.01166	0.01153	0.07392	0.15431	0.00707	0.00551	0.00378	0.00655

[dist]
# distance from previous block
# <min> <max>
0	3

[block]
# block no. 8 follows, 42 sequences, length 7
# corresponding to MSA columns:
# 1271-1277
name=unknown_I
#
# <colnr> <probs for GDERKNQSTAVLIFYWHMCP>
#	G	D	E	R	K	N	Q	S	T	A	V	L	I	F	Y	W	H	M	C	P
0	0.03712	0.13809	0.01902	0.33438	0.14617	0.03467	0.01325	0.05071	0.07984	0.05643	0.01155	0.01421	0.00894	0.00580	0.00557	0.00172	0.02716	0.00475	0.00323	0.00740
1	0.01653	0.01088	0.01286	0.04355	0.01483	0.01086	0.00837	0.22934	0.08203	0.17050	0.13954	0.02062	0.01839	0.03838	0.00645	0.00173	0.00484	0.00594	0.00535	0.15899
2	0.13723	0.10118	0.02103	0.01446	0.01907	0.01445	0.23614	0.14713	0.08792	0.14593	0.01375	0.01455	0.00995	0.00582	0.00542	0.00174	0.00652	0.00525	0.00433	0.00813
3	0.12081	0.00813	0.00941	0.00862	0.01004	0.00916	0.00640	0.11355	0.01122	0.01708	0.01446	0.02390	0.01431	0.29842	0.26779	0.00547	0.04618	0.00621	0.00355	0.00529
4	0.12849	0.02236	0.01506	0.12170	0.01952	0.57071	0.01090	0.02055	0.01445	0.01538	0.00877	0.01069	0.00713	0.00570	0.00494	0.00155	0.00901	0.00374	0.00292	0.00643
5	0.24462	0.02248	0.01386	0.01256	0.01562	0.57073	0.00957	0.02086	0.01421	0.01690	0.00846	0.00987	0.00693	0.00564	0.00464	0.00153	0.00857	0.00347	0.00306	0.00641
6	0.04882	0.26913	0.01994	0.06944	0.01727	0.05306	0.03311	0.14921	0.01573	0.25171	0.01358	0.01365	0.00973	0.00594	0.00491	0.00156	0.00603	0.00449	0.00447	0.00823

[dist]
# distance from previous block
# <min> <max>
6	18

[block]
# block no. 9 follows, 42 sequences, length 17
# corresponding to MSA columns:
# 1296,1297,1308-1322
name=unknown_J
#
# <colnr> <probs for GDERKNQSTAVLIFYWHMCP>
#	G	D	E	R	K	N	Q	S	T	A	V	L	I	F	Y	W	H	M	C	P
0	0.07627	0.00771	0.00935	0.00826	0.01084	0.00728	0.00647	0.01736	0.06279	0.26661	0.20341	0.10575	0.12338	0.01015	0.00600	0.00184	0.00375	0.02689	0.03903	0.00685
1	0.01371	0.01315	0.02245	0.08382	0.71952	0.01331	0.01716	0.01708	0.01271	0.01812	0.01055	0.01400	0.00882	0.00505	0.00557	0.00168	0.00674	0.00501	0.00277	0.00874
2	0.00925	0.00593	0.00843	0.00861	0.00965	0.00581	0.02808	0.01069	0.01091	0.08672	0.02513	0.47250	0.02761	0.05620	0.17350	0.00378	0.00620	0.01186	0.03392	0.00521
3	0.00985	0.00606	0.00754	0.00735	0.00894	0.00543	0.00547	0.01137	0.01314	0.11899	0.20783	0.19734	0.25025	0.03980	0.00821	0.04627	0.00345	0.04190	0.00548	0.00535
4	0.00804	0.00603	0.00904	0.00904	0.01005	0.00703	0.00703	0.01005	0.00904	0.01306	0.01507	0.02211	0.01407	0.04221	0.77992	0.00904	0.01507	0.00603	0.00301	0.00502
5	0.00804	0.00603	0.00904	0.00904	0.01005	0.00703	0.00703	0.01005	0.00904	0.01306	0.01507	0.02211	0.01407	0.04221	0.77992	0.00904	0.01507	0.00603	0.00301	0.00502
6	0.01133	0.01056	0.03781	0.47521	0.02921	0.01180	0.05901	0.08246	0.01259	0.01675	0.01337	0.05969	0.02724	0.02704	0.05708	0.00242	0.02173	0.00599	0.03232	0.00640
7	0.01041	0.00596	0.00761	0.00775	0.00889	0.00552	0.00547	0.01162	0.01161	0.13897	0.05870	0.37922	0.07240	0.17305	0.01113	0.00278	0.00399	0.04941	0.03024	0.00526
8	0.00810	0.00542	0.00616	0.00625	0.00627	0.00540	0.00353	0.00816	0.00836	0.01114	0.01862	0.08772	0.02158	0.74980	0.02721	0.00524	0.00531	0.00871	0.00353	0.00349
9	0.07866	0.01050	0.01307	0.01014	0.01435	0.00993	0.00836	0.14221	0.01718	0.57549	0.01970	0.01764	0.01272	0.00680	0.00545	0.00172	0.00491	0.00537	0.03661	0.00919
10	0.14113	0.00805	0.01007	0.03431	0.09043	0.00820	0.00756	0.02901	0.02646	0.10056	0.07176	0.20179	0.05368	0.07375	0.02526	0.00238	0.00467	0.06394	0.04087	0.00610
11	0.01364	0.00678	0.00896	0.00839	0.01044	0.00607	0.00637	0.01538	0.01353	0.28182	0.11559	0.32570	0.08518	0.01251	0.00648	0.00199	0.00376	0.04222	0.02871	0.00648
12	0.00804	0.00603	0.00904	0.00904	0.01005	0.00703	0.00703	0.01005	0.00904	0.01306	0.01507	0.02211	0.01407	0.04221	0.77992	0.00904	0.01507	0.00603	0.00301	0.00502
13	0.49843	0.01162	0.01111	0.02864	0.03157	0.01313	0.00781	0.18631	0.03177	0.05279	0.01051	0.01187	0.00800	0.00770	0.03592	0.03241	0.00538	0.00397	0.00406	0.00699
14	0.00815	0.00574	0.00745	0.03141	0.02526	0.00558	0.00549	0.00963	0.03012	0.01581	0.17518	0.31258	0.08751	0.12201	0.01110	0.08235	0.00377	0.01104	0.04515	0.00466
15	0.01233	0.00718	0.00897	0.00805	0.01015	0.00693	0.00628	0.04159	0.06366	0.15932	0.36755	0.04752	0.05164	0.01120	0.03799	0.00205	0.00390	0.03357	0.11368	0.00643
16	0.84197	0.01088	0.00827	0.00740	0.01088	0.01262	0.00609	0.01654	0.00958	0.02525	0.00784	0.00914	0.00609	0.00522	0.00348	0.00174	0.00435	0.00305	0.00348	0.00609

[dist]
# distance from previous block
# <min> <max>
1	2

[block]
# block no. 10 follows, 42 sequences, length 22
# corresponding to MSA columns:
# 1325-1346
name=unknown_K
#
# <colnr> <probs for GDERKNQSTAVLIFYWHMCP>
#	G	D	E	R	K	N	Q	S	T	A	V	L	I	F	Y	W	H	M	C	P
0	0.00903	0.00595	0.00709	0.05954	0.00937	0.00615	0.00512	0.01095	0.04395	0.01518	0.02027	0.16171	0.02108	0.34101	0.01513	0.00332	0.00441	0.03163	0.22453	0.00460
1	0.01888	0.00948	0.01174	0.00969	0.01299	0.00941	0.00779	0.04373	0.17400	0.40243	0.08309	0.02131	0.01762	0.00753	0.00597	0.00175	0.03191	0.00609	0.11620	0.00838
2	0.01636	0.48016	0.05043	0.04276	0.03241	0.05650	0.01041	0.13990	0.02990	0.05215	0.01035	0.01137	0.00840	0.00546	0.00435	0.00140	0.00621	0.00381	0.02998	0.00769
3	0.00854	0.00594	0.00794	0.06179	0.01050	0.00572	0.00597	0.01076	0.01394	0.04390	0.44435	0.21693	0.06098	0.03203	0.00709	0.00197	0.00328	0.01082	0.04227	0.00528
4	0.01099	0.00667	0.00865	0.00776	0.00965	0.00621	0.00595	0.01422	0.05263	0.14050	0.61061	0.03739	0.04515	0.01060	0.00644	0.00177	0.00308	0.00928	0.00629	0.00616
5	0.00930	0.00630	0.00865	0.00964	0.01093	0.00613	0.00808	0.01156	0.01283	0.05082	0.05698	0.18490	0.05896	0.01532	0.00750	0.00245	0.00467	0.52442	0.00531	0.00527
6	0.01196	0.00692	0.00899	0.00795	0.01002	0.00643	0.00614	0.01526	0.05807	0.18064	0.56539	0.03601	0.04279	0.01033	0.00638	0.00177	0.00321	0.00901	0.00633	0.00642
7	0.02102	0.02682	0.01595	0.01450	0.01740	0.77963	0.01087	0.02247	0.01595	0.01377	0.00870	0.01015	0.00725	0.00580	0.00507	0.00145	0.01015	0.00362	0.00290	0.00652
8	0.08201	0.01540	0.01625	0.01254	0.01697	0.01710	0.01036	0.69429	0.02521	0.03471	0.01309	0.01319	0.00931	0.00664	0.00547	0.00169	0.00606	0.00492	0.00547	0.00931
9	0.12743	0.01353	0.01395	0.01157	0.01537	0.01532	0.00931	0.34182	0.33853	0.02898	0.01680	0.01615	0.01238	0.00693	0.00539	0.00179	0.00520	0.00536	0.00539	0.00882
10	0.00978	0.00489	0.00733	0.00733	0.00733	0.00489	0.00489	0.00733	0.00733	0.00978	0.00978	0.01711	0.00978	0.01955	0.02199	0.83627	0.00489	0.00489	0.00244	0.00244
11	0.01400	0.01209	0.01273	0.01145	0.01463	0.01400	0.00891	0.02990	0.75695	0.02354	0.02291	0.02100	0.01718	0.00764	0.00573	0.00191	0.00445	0.00636	0.00573	0.00891
12	0.03309	0.00879	0.01391	0.16129	0.10626	0.00980	0.05193	0.01337	0.01070	0.06234	0.01475	0.09087	0.01373	0.06206	0.26699	0.00451	0.05953	0.00661	0.00333	0.00612
13	0.18571	0.04146	0.07377	0.06063	0.01758	0.37988	0.01085	0.05745	0.01415	0.06056	0.00965	0.01113	0.00753	0.00590	0.00542	0.00163	0.04266	0.00387	0.00329	0.00689
14	0.01231	0.01231	0.01724	0.01477	0.01477	0.01724	0.01231	0.01354	0.00862	0.01354	0.00739	0.01231	0.00739	0.00985	0.01847	0.00246	0.79192	0.00492	0.00246	0.00616
15	0.00687	0.00570	0.00603	0.00611	0.00787	0.00486	0.00461	0.00843	0.01299	0.01582	0.11065	0.08741	0.64297	0.01425	0.00672	0.00194	0.00296	0.04369	0.00530	0.00481
16	0.01351	0.04202	0.09535	0.22712	0.18297	0.03149	0.13057	0.03525	0.01279	0.06943	0.04029	0.01528	0.01017	0.00596	0.00662	0.00182	0.06335	0.00532	0.00314	0.00754
17	0.01658	0.01425	0.04180	0.04541	0.06640	0.01426	0.26934	0.25815	0.03258	0.08964	0.01330	0.01564	0.00993	0.02868	0.03059	0.00213	0.03313	0.00578	0.00416	0.00825
18	0.00720	0.00546	0.00760	0.00830	0.00906	0.00505	0.03407	0.00848	0.01132	0.01496	0.05843	0.64649	0.10607	0.01652	0.00711	0.00223	0.00351	0.03824	0.00516	0.00475
19	0.00978	0.00489	0.00733	0.00733	0.00733	0.00489	0.00489	0.00733	0.00733	0.00978	0.00978	0.01711	0.00978	0.01955	0.02199	0.83627	0.00489	0.00489	0.00244	0.00244
20	0.22297	0.01024	0.01387	0.34491	0.06622	0.01164	0.02825	0.03049	0.03894	0.03847	0.01189	0.01499	0.03237	0.00675	0.00618	0.05856	0.00599	0.00474	0.00321	0.04934
21	0.13499	0.00980	0.01393	0.17382	0.11530	0.01068	0.05134	0.02969	0.02878	0.01760	0.03527	0.12384	0.03874	0.05237	0.04180	0.00236	0.05080	0.00680	0.00353	0.05859

[dist]
# distance from previous block
# <min> <max>
1	27

[block]
# block no. 11 follows, 42 sequences, length 14
# corresponding to MSA columns:
# 1395-1408
name=unknown_L
#
# <colnr> <probs for GDERKNQSTAVLIFYWHMCP>
#	G	D	E	R	K	N	Q	S	T	A	V	L	I	F	Y	W	H	M	C	P
0	0.01106	0.00782	0.00917	0.00768	0.01078	0.00657	0.00601	0.01374	0.04218	0.09980	0.13450	0.05593	0.22297	0.00925	0.00561	0.00151	0.00362	0.02877	0.03440	0.28861
1	0.01194	0.03642	0.05842	0.04037	0.07707	0.07698	0.02555	0.01564	0.10286	0.04336	0.12820	0.14724	0.03429	0.04101	0.00903	0.04186	0.09143	0.00777	0.00417	0.00638
2	0.00776	0.00609	0.00707	0.00696	0.00852	0.00564	0.00516	0.01071	0.06904	0.01873	0.34101	0.14121	0.32531	0.01306	0.00664	0.00190	0.00294	0.01129	0.00566	0.00527
3	0.00913	0.00591	0.00761	0.00722	0.00869	0.00541	0.00540	0.01149	0.01502	0.07576	0.55596	0.12392	0.08934	0.01181	0.00652	0.00181	0.00289	0.01039	0.04022	0.00550
4	0.00822	0.00583	0.00839	0.00839	0.00913	0.00657	0.00622	0.00949	0.00875	0.01240	0.01508	0.02424	0.01481	0.17291	0.58297	0.08024	0.01251	0.00631	0.00303	0.00452
5	0.01167	0.01000	0.01167	0.00834	0.01334	0.00750	0.00667	0.01417	0.01167	0.01834	0.01000	0.01167	0.00834	0.00417	0.00417	0.00083	0.00417	0.00333	0.00333	0.83663
6	0.01167	0.01000	0.01167	0.00834	0.01334	0.00750	0.00667	0.01417	0.01167	0.01834	0.01000	0.01167	0.00834	0.00417	0.00417	0.00083	0.00417	0.00333	0.00333	0.83663
7	0.01035	0.00527	0.00537	0.00534	0.00666	0.00525	0.00401	0.01298	0.01202	0.02107	0.05839	0.02211	0.01650	0.00682	0.00408	0.00134	0.00262	0.00551	0.78906	0.00525
8	0.41906	0.26831	0.01666	0.08873	0.01545	0.08232	0.00862	0.01694	0.01090	0.01927	0.00813	0.00979	0.00670	0.00518	0.00388	0.00156	0.00572	0.00329	0.00298	0.00651
9	0.01615	0.05261	0.03606	0.01036	0.01388	0.01169	0.00857	0.11151	0.28441	0.19618	0.12276	0.02388	0.07096	0.00813	0.00576	0.00178	0.00459	0.00669	0.00575	0.00827
10	0.01370	0.03206	0.06085	0.01326	0.07980	0.01088	0.03172	0.14062	0.10722	0.07209	0.03741	0.08393	0.01910	0.00985	0.00670	0.02881	0.00544	0.18503	0.00475	0.05679
11	0.19438	0.04759	0.11801	0.03488	0.04574	0.01410	0.05672	0.21512	0.03839	0.09645	0.03841	0.01404	0.01032	0.00630	0.00579	0.00176	0.04502	0.00479	0.00422	0.00798
12	0.07567	0.04644	0.17639	0.00995	0.01262	0.03334	0.00911	0.01318	0.05489	0.01558	0.01821	0.23947	0.01943	0.20680	0.01195	0.00283	0.03619	0.00849	0.00374	0.00572
13	0.09438	0.01359	0.13965	0.04452	0.07743	0.01141	0.11293	0.10038	0.04517	0.02010	0.05950	0.03572	0.04196	0.05934	0.08770	0.00276	0.00719	0.00607	0.03321	0.00699

[dist]
# distance from previous block
# <min> <max>
8	64

[block]
# block no. 12 follows, 42 sequences, length 28
# corresponding to MSA columns:
# 1474-1501
name=unknown_M
#
# <colnr> <probs for GDERKNQSTAVLIFYWHMCP>
#	G	D	E	R	K	N	Q	S	T	A	V	L	I	F	Y	W	H	M	C	P
0	0.00868	0.00677	0.00780	0.00789	0.00929	0.02716	0.00594	0.01149	0.08087	0.01690	0.16912	0.16064	0.21983	0.01594	0.06831	0.06596	0.00456	0.07981	0.02787	0.00516
1	0.01530	0.00747	0.00933	0.00787	0.01080	0.00644	0.00625	0.01726	0.01480	0.35978	0.15016	0.03639	0.31395	0.01052	0.00620	0.00181	0.00370	0.00879	0.00617	0.00703
2	0.00766	0.00527	0.00688	0.00767	0.00836	0.00488	0.00530	0.00896	0.01181	0.03777	0.14648	0.57296	0.07707	0.04423	0.00781	0.00229	0.00332	0.03112	0.00536	0.00482
3	0.02139	0.01576	0.01689	0.01295	0.01745	0.01745	0.01070	0.74835	0.02646	0.03547	0.01351	0.01351	0.00957	0.00676	0.00563	0.00169	0.00619	0.00507	0.00563	0.00957
4	0.00725	0.00559	0.00662	0.00666	0.00804	0.00496	0.00488	0.00913	0.01381	0.01822	0.35605	0.17644	0.33477	0.01365	0.00674	0.00191	0.00284	0.01185	0.00564	0.00496
5	0.43699	0.01168	0.01153	0.00938	0.01333	0.01262	0.00774	0.19031	0.01523	0.22243	0.01291	0.01278	0.00895	0.00604	0.00455	0.00173	0.00490	0.00420	0.00489	0.00782
6	0.01328	0.01518	0.03321	0.02372	0.02941	0.01423	0.74668	0.01803	0.01328	0.01803	0.01139	0.01518	0.00854	0.00474	0.00664	0.00190	0.00949	0.00664	0.00285	0.00759
7	0.00822	0.00549	0.00624	0.00629	0.00634	0.00549	0.00362	0.00831	0.00836	0.01113	0.01817	0.03780	0.02089	0.77356	0.02788	0.00535	0.00545	0.03445	0.00347	0.00347
8	0.01063	0.01000	0.01688	0.78870	0.03876	0.01250	0.01563	0.01438	0.01125	0.01438	0.01000	0.01500	0.00750	0.00563	0.00563	0.00188	0.00750	0.00500	0.00250	0.00625
9	0.01167	0.01000	0.01167	0.00834	0.01334	0.00750	0.00667	0.01417	0.01167	0.01834	0.01000	0.01167	0.00834	0.00417	0.00417	0.00083	0.00417	0.00333	0.00333	0.83663
10	0.01129	0.02911	0.77306	0.01604	0.02436	0.01307	0.02079	0.01782	0.01188	0.01782	0.01010	0.01188	0.00713	0.00535	0.00535	0.00178	0.00832	0.00416	0.00238	0.00832
11	0.01393	0.01337	0.02284	0.03454	0.76712	0.01337	0.01727	0.01727	0.01281	0.01839	0.01059	0.01393	0.00891	0.00501	0.00557	0.00167	0.00669	0.00501	0.00279	0.00891
12	0.01739	0.50028	0.02418	0.01154	0.01560	0.31919	0.01012	0.01905	0.01320	0.01345	0.00817	0.00947	0.00723	0.00520	0.00418	0.00130	0.00764	0.00325	0.00260	0.00695
13	0.01256	0.01304	0.02129	0.01704	0.01849	0.01647	0.19864	0.01468	0.00980	0.01468	0.00840	0.01304	0.00768	0.00855	0.01547	0.00232	0.59340	0.00536	0.00256	0.00652
14	0.07451	0.00964	0.03181	0.08577	0.01507	0.00938	0.00860	0.12938	0.03155	0.13802	0.02151	0.22882	0.04139	0.01034	0.00602	0.00192	0.00486	0.07956	0.00496	0.06690
15	0.00738	0.00553	0.00775	0.00983	0.06471	0.00523	0.00612	0.00854	0.01093	0.01467	0.02949	0.74009	0.03511	0.01669	0.00706	0.00224	0.00352	0.01518	0.00504	0.00489
16	0.01328	0.01518	0.03321	0.02372	0.02941	0.01423	0.74668	0.01803	0.01328	0.01803	0.01139	0.01518	0.00854	0.00474	0.00664	0.00190	0.00949	0.00664	0.00285	0.00759
17	0.00690	0.00518	0.00640	0.00721	0.00804	0.00468	0.00498	0.00814	0.01176	0.01530	0.10145	0.53800	0.22909	0.01621	0.00700	0.00214	0.00310	0.01441	0.00531	0.00468
18	0.01353	0.04227	0.11367	0.20636	0.07225	0.01242	0.26051	0.01732	0.01247	0.09989	0.01209	0.01520	0.00897	0.00614	0.00666	0.04568	0.00755	0.00546	0.03430	0.00728
19	0.04031	0.01014	0.01292	0.01015	0.01417	0.00949	0.00830	0.11586	0.04990	0.56523	0.06695	0.03878	0.01635	0.00747	0.00571	0.00176	0.00477	0.00609	0.00658	0.00909
20	0.00845	0.00547	0.00706	0.00760	0.00812	0.00527	0.00525	0.00906	0.01031	0.03409	0.05297	0.30196	0.05310	0.24228	0.01523	0.10912	0.00437	0.11163	0.00443	0.00422
21	0.01871	0.01233	0.04050	0.07792	0.14287	0.01198	0.11026	0.08269	0.01486	0.33285	0.01543	0.01612	0.01071	0.00644	0.00694	0.00182	0.07880	0.00547	0.00471	0.00859
22	0.04833	0.00846	0.01233	0.13062	0.11119	0.00865	0.02904	0.04022	0.01382	0.09099	0.25000	0.11787	0.02710	0.00959	0.00646	0.02211	0.00469	0.02902	0.03310	0.00640
23	0.00701	0.00502	0.00652	0.00767	0.00806	0.00470	0.00513	0.00797	0.01071	0.01419	0.03109	0.68745	0.06797	0.07946	0.00887	0.00253	0.00347	0.03261	0.00508	0.00450
24	0.00875	0.00719	0.01040	0.09133	0.06818	0.00686	0.03261	0.01064	0.01161	0.01591	0.09101	0.39453	0.06081	0.04998	0.00745	0.00209	0.00431	0.01104	0.00444	0.11087
25	0.01466	0.20306	0.10433	0.04888	0.13496	0.01478	0.06295	0.02034	0.15760	0.09559	0.01388	0.01567	0.01087	0.00606	0.00549	0.00166	0.02423	0.02252	0.00372	0.03876
26	0.01375	0.08869	0.09867	0.06919	0.22735	0.03071	0.01255	0.01824	0.09446	0.09456	0.01732	0.04962	0.05236	0.00727	0.00559	0.00174	0.00593	0.05881	0.00386	0.04934
27	0.11469	0.00973	0.01246	0.01210	0.05953	0.01171	0.00905	0.03343	0.08735	0.03663	0.07567	0.05279	0.01535	0.01615	0.18057	0.00359	0.22906	0.00605	0.02775	0.00636

[dist]
# distance from previous block
# <min> <max>
0	20

[block]
# block no. 13 follows, 42 sequences, length 31
# corresponding to MSA columns:
# 1528-1558
name=unknown_N
#
# <colnr> <probs for GDERKNQSTAVLIFYWHMCP>
#	G	D	E	R	K	N	Q	S	T	A	V	L	I	F	Y	W	H	M	C	P
0	0.03960	0.00896	0.01296	0.16655	0.08739	0.00984	0.03859	0.05223	0.01113	0.02685	0.01425	0.05734	0.01387	0.21260	0.07368	0.02630	0.05933	0.02377	0.02654	0.03821
1	0.08554	0.10841	0.04395	0.19400	0.11427	0.02482	0.02956	0.03469	0.09621	0.08927	0.01218	0.01409	0.00933	0.00590	0.00583	0.00169	0.05086	0.00467	0.00354	0.07120
2	0.06227	0.33502	0.02146	0.08740	0.10709	0.14818	0.01100	0.05156	0.01318	0.04453	0.01010	0.01281	0.00860	0.00560	0.00461	0.00147	0.00672	0.02703	0.00305	0.03833
3	0.01141	0.00664	0.00830	0.00754	0.00917	0.00614	0.00546	0.01329	0.02842	0.15591	0.26310	0.06968	0.06485	0.25614	0.01323	0.00293	0.00413	0.03177	0.00524	0.03664
4	0.01270	0.01213	0.02033	0.30661	0.39273	0.01316	0.05637	0.01740	0.07963	0.01737	0.01153	0.01503	0.00913	0.00546	0.00566	0.00178	0.00694	0.00522	0.00295	0.00787
5	0.00700	0.00503	0.00667	0.00793	0.00838	0.00471	0.00545	0.00810	0.01100	0.01456	0.03189	0.72141	0.06359	0.01737	0.00720	0.00229	0.00338	0.06419	0.00522	0.00462
