[name]
unknown

[dist]
# distance from previous block
# <min> <max>
2	134

[block]
# block no. 0 follows, 43 sequences, length 6
# corresponding to MSA columns:
# 180-185
name=unknown_A
#
# <colnr> <probs for GDERKNQSTAVLIFYWHMCP>
#	G	D	E	R	K	N	Q	S	T	A	V	L	I	F	Y	W	H	M	C	P
0	0.01478	0.24013	0.27366	0.06483	0.07709	0.07199	0.01396	0.04169	0.01293	0.10154	0.03133	0.01280	0.00927	0.00553	0.00488	0.00156	0.00691	0.00421	0.00314	0.00776
1	0.05915	0.05860	0.13693	0.01150	0.01552	0.01088	0.09615	0.04813	0.12138	0.12282	0.07580	0.02325	0.12102	0.03737	0.00701	0.03103	0.00547	0.00648	0.00440	0.00713
2	0.00906	0.04005	0.00800	0.00722	0.00865	0.00594	0.00542	0.01088	0.01291	0.06666	0.25427	0.22037	0.15239	0.05369	0.00744	0.00206	0.00335	0.05287	0.07358	0.00521
3	0.05436	0.01533	0.12817	0.16143	0.14378	0.08795	0.13054	0.01799	0.01278	0.11142	0.03373	0.01481	0.00990	0.00572	0.00579	0.00174	0.02667	0.00507	0.02537	0.00745
4	0.04826	0.01227	0.06831	0.01128	0.04272	0.05472	0.00907	0.07506	0.19624	0.20625	0.02205	0.10414	0.07707	0.00829	0.00563	0.00177	0.00501	0.00686	0.00515	0.03988
5	0.05708	0.00665	0.00784	0.00807	0.00930	0.00670	0.00594	0.08955	0.01282	0.01813	0.08711	0.38935	0.06109	0.07163	0.00803	0.00230	0.00384	0.09094	0.05842	0.00521

[dist]
# distance from previous block
# <min> <max>
0	5

[block]
# block no. 1 follows, 43 sequences, length 15
# corresponding to MSA columns:
# 191-205
name=unknown_B
#
# <colnr> <probs for GDERKNQSTAVLIFYWHMCP>
#	G	D	E	R	K	N	Q	S	T	A	V	L	I	F	Y	W	H	M	C	P
0	0.04896	0.01381	0.01428	0.02554	0.01566	0.07184	0.00926	0.30518	0.13198	0.02496	0.01279	0.01349	0.00977	0.00617	0.00588	0.00151	0.05668	0.00455	0.00443	0.22328
1	0.01326	0.01154	0.01712	0.27998	0.25998	0.03439	0.02681	0.04872	0.10553	0.05578	0.03685	0.01669	0.01135	0.02357	0.00601	0.00182	0.00632	0.00536	0.03142	0.00751
2	0.05998	0.03501	0.12428	0.01749	0.21371	0.06452	0.01251	0.07759	0.08904	0.21096	0.01433	0.01472	0.01032	0.00589	0.00527	0.00166	0.00612	0.00483	0.00427	0.02748
3	0.01317	0.05797	0.15250	0.03463	0.07079	0.03062	0.28728	0.03621	0.06460	0.05815	0.01390	0.09553	0.01184	0.00672	0.00644	0.00184	0.04044	0.00649	0.00340	0.00748
4	0.01274	0.04009	0.01198	0.01004	0.01193	0.00789	0.06989	0.03264	0.01188	0.18643	0.02161	0.36175	0.02209	0.01293	0.00897	0.10842	0.04820	0.00987	0.00473	0.00592
5	0.01286	0.11848	0.08342	0.12959	0.09367	0.09527	0.01129	0.06891	0.08897	0.01731	0.04072	0.13307	0.04531	0.00805	0.00585	0.00175	0.02826	0.00664	0.00368	0.00691
6	0.06125	0.10877	0.03436	0.17932	0.09430	0.01260	0.06834	0.09177	0.02560	0.14579	0.05228	0.03367	0.02205	0.00686	0.00598	0.03436	0.00599	0.00541	0.00394	0.00734
7	0.00821	0.00539	0.00676	0.00707	0.00753	0.00526	0.00459	0.00899	0.00996	0.04300	0.08201	0.31462	0.02803	0.36936	0.07078	0.00404	0.00500	0.01077	0.00434	0.00427
8	0.00874	0.00536	0.00677	0.00677	0.00737	0.00556	0.00467	0.00934	0.00905	0.01330	0.01712	0.02628	0.04952	0.25570	0.20460	0.17482	0.00686	0.00644	0.17774	0.00399
9	0.03442	0.05755	0.15530	0.06263	0.04502	0.02887	0.01123	0.07587	0.04271	0.15854	0.02989	0.01416	0.01023	0.00580	0.00558	0.00151	0.04190	0.00448	0.00393	0.21039
10	0.14425	0.01196	0.07167	0.01230	0.05399	0.01081	0.08215	0.12418	0.01463	0.23947	0.03592	0.01819	0.03951	0.04475	0.04374	0.00223	0.00598	0.00550	0.03110	0.00767
11	0.01372	0.00732	0.00930	0.00855	0.01074	0.00678	0.00652	0.07324	0.01414	0.25693	0.07865	0.32768	0.11806	0.01231	0.00639	0.00196	0.00388	0.03152	0.00578	0.00653
12	0.01247	0.00925	0.01257	0.07274	0.12910	0.03075	0.00931	0.01534	0.05077	0.12885	0.12538	0.16803	0.05254	0.00971	0.00709	0.00186	0.07403	0.03240	0.00458	0.05325
13	0.02898	0.01463	0.09567	0.06821	0.05990	0.05210	0.17530	0.10834	0.05287	0.13668	0.01341	0.03426	0.01013	0.00611	0.00622	0.00172	0.04634	0.00540	0.00393	0.07980
14	0.01157	0.04050	0.01153	0.05113	0.01296	0.00855	0.04534	0.04782	0.07801	0.10960	0.06341	0.26829	0.11467	0.01169	0.00740	0.04320	0.03322	0.00956	0.00481	0.02675

[dist]
# distance from previous block
# <min> <max>
23	115

[block]
# block no. 2 follows, 43 sequences, length 22
# corresponding to MSA columns:
# 348-369
name=unknown_C
#
# <colnr> <probs for GDERKNQSTAVLIFYWHMCP>
#	G	D	E	R	K	N	Q	S	T	A	V	L	I	F	Y	W	H	M	C	P
0	0.04860	0.03607	0.02660	0.10374	0.07183	0.08450	0.03029	0.06028	0.06701	0.09505	0.08987	0.08574	0.08314	0.00813	0.00561	0.00170	0.00541	0.02143	0.00434	0.07066
1	0.01084	0.11821	0.01125	0.00826	0.01023	0.05116	0.00648	0.03641	0.03864	0.05555	0.24909	0.15968	0.11411	0.01166	0.00728	0.07049	0.00412	0.02613	0.00481	0.00560
2	0.01118	0.01236	0.13372	0.01238	0.09681	0.03054	0.03026	0.03444	0.02418	0.03278	0.09188	0.05361	0.11179	0.00763	0.00538	0.00153	0.00497	0.02877	0.07222	0.20356
3	0.07761	0.15895	0.15456	0.03147	0.02352	0.01277	0.01036	0.06183	0.08670	0.08109	0.05067	0.01468	0.01158	0.00586	0.00487	0.00149	0.01585	0.00447	0.05603	0.13564
4	0.08567	0.01638	0.21983	0.08679	0.11484	0.01276	0.02890	0.14637	0.03371	0.13751	0.01307	0.03564	0.00975	0.00622	0.00570	0.00176	0.02802	0.00502	0.00392	0.00813
5	0.00907	0.00592	0.00747	0.00769	0.00900	0.00550	0.00566	0.01112	0.03765	0.08756	0.17069	0.35137	0.15974	0.03650	0.00734	0.00214	0.00343	0.07143	0.00544	0.00529
6	0.05306	0.07306	0.01023	0.00864	0.03297	0.00865	0.00610	0.06739	0.04965	0.06073	0.05778	0.17508	0.02090	0.25182	0.03871	0.00310	0.00492	0.00813	0.06353	0.00554
7	0.07570	0.12285	0.16618	0.05192	0.01852	0.01327	0.07760	0.11617	0.04708	0.20412	0.01528	0.01554	0.03927	0.00615	0.00521	0.00168	0.00617	0.00499	0.00424	0.00807
8	0.00823	0.00608	0.00726	0.00722	0.00866	0.00582	0.00543	0.01150	0.07840	0.01925	0.34955	0.14493	0.18620	0.01219	0.00637	0.00186	0.00304	0.05584	0.07687	0.00531
9	0.01844	0.00818	0.01069	0.00893	0.01217	0.00723	0.00720	0.02082	0.03774	0.49133	0.05789	0.09222	0.14190	0.00957	0.00601	0.00184	0.00421	0.04955	0.00627	0.00781
10	0.01407	0.01407	0.15301	0.13508	0.02180	0.03677	0.16858	0.03772	0.01383	0.16815	0.13266	0.04818	0.01698	0.00695	0.00590	0.00179	0.00656	0.00640	0.00415	0.00733
11	0.01384	0.04428	0.09756	0.01161	0.01491	0.06217	0.04728	0.10302	0.10568	0.09887	0.04599	0.06026	0.10374	0.01092	0.06041	0.00233	0.07137	0.03422	0.00440	0.00713
12	0.00684	0.00496	0.00649	0.00767	0.00816	0.00461	0.00526	0.00792	0.01088	0.01433	0.03256	0.70282	0.09648	0.01697	0.00706	0.00223	0.00328	0.05180	0.00514	0.00454
13	0.01266	0.01301	0.01688	0.01452	0.01470	0.06509	0.01203	0.01388	0.00893	0.01334	0.00735	0.01198	0.00726	0.00944	0.01735	0.00236	0.74590	0.00477	0.00245	0.00608
14	0.08041	0.49725	0.12422	0.01140	0.01652	0.01822	0.07144	0.04109	0.01211	0.06871	0.00945	0.01059	0.00765	0.00504	0.00422	0.00141	0.00629	0.00365	0.00290	0.00743
15	0.01351	0.01184	0.01672	0.01344	0.01642	0.09436	0.21563	0.05304	0.05248	0.10182	0.06974	0.14639	0.05614	0.07414	0.00845	0.00215	0.03481	0.00805	0.00429	0.00658
16	0.00703	0.00502	0.00656	0.00763	0.00808	0.00472	0.00520	0.00809	0.01079	0.01434	0.05811	0.63861	0.06012	0.08158	0.00880	0.00249	0.00347	0.05985	0.00503	0.00448
17	0.00747	0.00521	0.00642	0.00705	0.00738	0.00502	0.00458	0.00820	0.00989	0.01315	0.05238	0.37395	0.05550	0.35529	0.01614	0.00358	0.00422	0.05610	0.00441	0.00408
18	0.01251	0.07199	0.18938	0.12772	0.04764	0.01265	0.15876	0.08937	0.02160	0.01879	0.03219	0.01489	0.00997	0.00709	0.03959	0.00195	0.00725	0.00504	0.07146	0.06016
19	0.00897	0.00601	0.00752	0.00804	0.00894	0.00585	0.00555	0.03433	0.06142	0.06440	0.02812	0.58215	0.04673	0.09336	0.00890	0.00247	0.00369	0.01326	0.00512	0.00515
20	0.03541	0.03243	0.01821	0.11429	0.11735	0.07762	0.11589	0.10972	0.12582	0.01951	0.01232	0.01490	0.00983	0.03297	0.00699	0.00181	0.05812	0.00509	0.00357	0.08814
21	0.29503	0.01330	0.10013	0.01138	0.06752	0.02663	0.00931	0.13959	0.06058	0.06170	0.01220	0.01379	0.00936	0.03256	0.00532	0.00175	0.00520	0.00434	0.08630	0.04400

[dist]
# distance from previous block
# <min> <max>
1	9

[block]
# block no. 3 follows, 43 sequences, length 19
# corresponding to MSA columns:
# 383-392,406-414
name=unknown_D
#
# <colnr> <probs for GDERKNQSTAVLIFYWHMCP>
#	G	D	E	R	K	N	Q	S	T	A	V	L	I	F	Y	W	H	M	C	P
0	0.01408	0.00871	0.01033	0.00929	0.01188	0.00886	0.00716	0.02083	0.28098	0.21597	0.11559	0.17118	0.08114	0.01013	0.00606	0.00189	0.00392	0.00872	0.00588	0.00740
1	0.01277	0.01480	0.05569	0.10165	0.06701	0.01375	0.61448	0.01733	0.01280	0.01739	0.01098	0.01475	0.00827	0.00479	0.00634	0.00185	0.00896	0.00621	0.00275	0.00743
2	0.04558	0.18412	0.12220	0.05939	0.04421	0.08870	0.01095	0.08311	0.06489	0.04493	0.03985	0.10710	0.01492	0.00784	0.00531	0.00171	0.00607	0.05829	0.00378	0.00705
3	0.08278	0.01065	0.03667	0.01097	0.04189	0.01001	0.00878	0.06552	0.10007	0.43975	0.08847	0.01942	0.01620	0.00719	0.00595	0.00176	0.03381	0.00574	0.00585	0.00851
4	0.00738	0.00608	0.00666	0.00654	0.00830	0.00558	0.00493	0.01003	0.06676	0.01651	0.16141	0.06630	0.52552	0.01531	0.06555	0.00240	0.00381	0.01070	0.00516	0.00507
5	0.04268	0.00828	0.01008	0.00892	0.01142	0.00808	0.00705	0.12552	0.01513	0.23796	0.09448	0.14945	0.05032	0.05053	0.00711	0.00205	0.00431	0.09097	0.06880	0.00684
6	0.01405	0.01344	0.05519	0.09723	0.16636	0.06227	0.07482	0.16073	0.09868	0.02983	0.02615	0.11925	0.01460	0.00778	0.00587	0.00182	0.00629	0.03398	0.00407	0.00760
7	0.00873	0.00557	0.00731	0.00788	0.00890	0.00521	0.00583	0.01041	0.01232	0.06874	0.15901	0.42726	0.06282	0.01448	0.00675	0.00210	0.00345	0.12246	0.05568	0.00510
8	0.00997	0.00516	0.00529	0.00536	0.00650	0.00514	0.00390	0.01227	0.01129	0.01957	0.01865	0.06126	0.01578	0.06774	0.00588	0.00165	0.00282	0.00592	0.73086	0.00499
9	0.01210	0.02726	0.72155	0.01536	0.02326	0.01252	0.01957	0.01822	0.01199	0.07217	0.01080	0.01221	0.00750	0.00538	0.00528	0.00175	0.00793	0.00420	0.00266	0.00827
10	0.01742	0.01151	0.01606	0.06548	0.12314	0.01179	0.06613	0.15610	0.12862	0.23866	0.04431	0.04499	0.01457	0.00715	0.00578	0.00178	0.00559	0.02737	0.00513	0.00843
11	0.00944	0.00537	0.00680	0.00685	0.00745	0.00546	0.00474	0.02988	0.00962	0.01433	0.01606	0.11770	0.01590	0.11673	0.07793	0.30699	0.00493	0.00677	0.23310	0.00395
12	0.00942	0.00494	0.00741	0.00741	0.00752	0.00505	0.00505	0.00752	0.00741	0.00999	0.01022	0.01740	0.01010	0.02179	0.10875	0.74396	0.00596	0.00494	0.00247	0.00270
13	0.01103	0.01069	0.06846	0.05042	0.16489	0.01015	0.02875	0.01534	0.11575	0.04567	0.07952	0.19508	0.08203	0.00989	0.00731	0.00194	0.08362	0.00847	0.00422	0.00677
14	0.05780	0.01251	0.01801	0.05136	0.14841	0.02930	0.12510	0.17816	0.03387	0.10417	0.03438	0.04447	0.01174	0.00723	0.01789	0.00189	0.07542	0.00572	0.03475	0.00779
15	0.06225	0.15082	0.14208	0.07039	0.06269	0.23910	0.01256	0.10126	0.03012	0.01765	0.00955	0.01132	0.00764	0.00577	0.00565	0.00160	0.05525	0.00399	0.00302	0.00728
16	0.01135	0.00709	0.00948	0.13154	0.01371	0.00698	0.00689	0.01294	0.01131	0.15178	0.04913	0.12878	0.10102	0.23072	0.04779	0.00310	0.00526	0.00817	0.00435	0.05861
17	0.05782	0.03775	0.06603	0.01234	0.09309	0.09720	0.00927	0.07181	0.01348	0.10367	0.04129	0.04727	0.01256	0.01967	0.03193	0.00180	0.02768	0.00512	0.11870	0.13151
18	0.44624	0.14557	0.06899	0.01005	0.01400	0.10719	0.02491	0.07303	0.01196	0.02132	0.00846	0.00983	0.00674	0.00538	0.00439	0.00161	0.02699	0.00342	0.00323	0.00668

[dist]
# distance from previous block
# <min> <max>
0	2

[block]
# block no. 4 follows, 43 sequences, length 19
# corresponding to MSA columns:
# 417-435
name=unknown_E
#
# <colnr> <probs for GDERKNQSTAVLIFYWHMCP>
#	G	D	E	R	K	N	Q	S	T	A	V	L	I	F	Y	W	H	M	C	P
0	0.04804	0.01019	0.01508	0.31153	0.10563	0.01080	0.01178	0.04291	0.03438	0.31045	0.01514	0.01628	0.01043	0.00608	0.00543	0.00175	0.00590	0.00515	0.02519	0.00785
1	0.04510	0.21109	0.34969	0.01374	0.01922	0.04893	0.06135	0.01699	0.01143	0.03952	0.00964	0.01176	0.00763	0.00723	0.04064	0.00199	0.08993	0.00412	0.00262	0.00739
2	0.03693	0.11614	0.01684	0.03684	0.01580	0.10041	0.06779	0.13007	0.05163	0.08964	0.01435	0.07647	0.01275	0.03836	0.03974	0.00222	0.10586	0.03717	0.00396	0.00701
3	0.00709	0.00512	0.00697	0.00790	0.00844	0.00500	0.00553	0.00841	0.01087	0.01476	0.09763	0.58770	0.03440	0.02052	0.12877	0.00325	0.00503	0.03305	0.00489	0.00465
4	0.00835	0.00658	0.00767	0.00738	0.00909	0.00637	0.00561	0.01250	0.12691	0.01962	0.38122	0.07457	0.25809	0.01197	0.00647	0.00186	0.00307	0.04143	0.00566	0.00556
5	0.01355	0.00944	0.01099	0.00960	0.01263	0.00947	0.00747	0.02110	0.31506	0.14423	0.08761	0.12949	0.02115	0.00873	0.00569	0.00172	0.00409	0.02890	0.00538	0.15371
6	0.01486	0.01643	0.02486	0.04887	0.02372	0.16530	0.40968	0.07188	0.01384	0.01755	0.01045	0.01362	0.00819	0.00574	0.00755	0.00182	0.10959	0.00553	0.02340	0.00712
7	0.00953	0.00640	0.00808	0.00842	0.00967	0.00633	0.00629	0.04280	0.06857	0.05887	0.12278	0.41480	0.03275	0.01387	0.00664	0.00209	0.00367	0.11825	0.05466	0.00551
8	0.00723	0.00512	0.00617	0.00685	0.00770	0.00470	0.00475	0.00859	0.01153	0.01565	0.09646	0.46248	0.19865	0.03528	0.00709	0.00209	0.00306	0.01296	0.09900	0.00464
9	0.01120	0.00945	0.01120	0.00843	0.01294	0.00727	0.00683	0.01367	0.01163	0.01788	0.01204	0.01724	0.01088	0.00537	0.00450	0.00102	0.00421	0.08573	0.00349	0.74504
10	0.00785	0.00574	0.00773	0.00800	0.00857	0.00616	0.00572	0.00918	0.00999	0.01405	0.08465	0.29185	0.02565	0.16001	0.24964	0.00476	0.05020	0.00991	0.03572	0.00461
11	0.00684	0.00495	0.00649	0.00768	0.00816	0.00460	0.00525	0.00790	0.01084	0.01431	0.03221	0.71608	0.08637	0.01703	0.00706	0.00224	0.00327	0.04905	0.00514	0.00454
12	0.00833	0.00565	0.00702	0.00730	0.00860	0.00515	0.00546	0.01009	0.01284	0.05815	0.20377	0.28111	0.22090	0.01387	0.00666	0.00200	0.00324	0.09345	0.04133	0.00507
13	0.00964	0.00653	0.00795	0.00760	0.00925	0.00623	0.00564	0.01308	0.09808	0.08768	0.33045	0.18536	0.15895	0.03924	0.00719	0.00200	0.00325	0.01050	0.00568	0.00571
14	0.01197	0.01171	0.01909	0.28034	0.27141	0.04350	0.10590	0.01574	0.04331	0.01619	0.01279	0.08755	0.01131	0.00780	0.03579	0.00208	0.00725	0.00617	0.00301	0.00710
15	0.02054	0.01216	0.01411	0.01104	0.01501	0.01258	0.00903	0.38852	0.05364	0.28621	0.10183	0.01869	0.01605	0.00728	0.00567	0.00170	0.00515	0.00581	0.00606	0.00892
16	0.01034	0.00762	0.00894	0.00890	0.01019	0.03683	0.00656	0.04324	0.09604	0.05752	0.02270	0.36187	0.02369	0.04000	0.14698	0.00334	0.03299	0.01008	0.06651	0.00567
17	0.14681	0.29771	0.25025	0.01431	0.10254	0.01624	0.03233	0.05132	0.01199	0.01800	0.00904	0.01066	0.00723	0.00507	0.00444	0.00153	0.00651	0.00372	0.00273	0.00756
18	0.10283	0.10450	0.15982	0.01135	0.01568	0.04659	0.01090	0.15146	0.05666	0.03110	0.01272	0.01657	0.01057	0.00662	0.00565	0.00164	0.04883	0.06496	0.04314	0.09841

[dist]
# distance from previous block
# <min> <max>
2	9

[block]
# block no. 5 follows, 43 sequences, length 25
# corresponding to MSA columns:
# 449-473
name=unknown_F
#
# <colnr> <probs for GDERKNQSTAVLIFYWHMCP>
#	G	D	E	R	K	N	Q	S	T	A	V	L	I	F	Y	W	H	M	C	P
0	0.01496	0.07289	0.15908	0.07544	0.24420	0.05087	0.01402	0.10508	0.05378	0.08796	0.03766	0.01520	0.02286	0.00599	0.00551	0.00167	0.01605	0.00498	0.00363	0.00816
1	0.04520	0.01452	0.07971	0.01375	0.05780	0.03542	0.01132	0.26235	0.07610	0.16341	0.01363	0.01432	0.00996	0.00709	0.00803	0.00185	0.16763	0.00498	0.00459	0.00835
2	0.01377	0.39901	0.01979	0.00929	0.01299	0.01545	0.00827	0.05166	0.04243	0.04630	0.01171	0.04969	0.01057	0.04531	0.00621	0.00154	0.05445	0.00446	0.06027	0.13683
3	0.00741	0.00563	0.00688	0.00698	0.00836	0.00510	0.00531	0.00943	0.01375	0.01823	0.36210	0.13373	0.28551	0.01337	0.00673	0.00194	0.00304	0.09602	0.00556	0.00495
4	0.01365	0.01354	0.05234	0.20892	0.39707	0.06524	0.03817	0.01752	0.04322	0.05464	0.03481	0.01506	0.01017	0.00554	0.00553	0.00171	0.00685	0.00510	0.00309	0.00784
5	0.01046	0.00984	0.01661	0.79205	0.03814	0.01230	0.01538	0.01415	0.01107	0.01415	0.00984	0.01477	0.00738	0.00554	0.00554	0.00185	0.00738	0.00492	0.00246	0.00615
6	0.00718	0.00506	0.00666	0.00751	0.00811	0.00473	0.00520	0.00861	0.01183	0.01625	0.19476	0.58386	0.03914	0.01553	0.00684	0.00211	0.00310	0.03143	0.03739	0.00470
7	0.01055	0.00852	0.01026	0.04128	0.04192	0.06123	0.00732	0.04749	0.01046	0.01429	0.04485	0.02222	0.01451	0.18718	0.22127	0.11145	0.08220	0.00597	0.05209	0.00494
8	0.06075	0.10425	0.01654	0.04726	0.09476	0.13876	0.02560	0.08755	0.01516	0.29775	0.01611	0.01595	0.04267	0.00633	0.00519	0.00161	0.00615	0.00495	0.00462	0.00804
9	0.00789	0.00559	0.00706	0.00751	0.00870	0.00512	0.00563	0.00962	0.01275	0.04170	0.20557	0.31219	0.20859	0.01453	0.00686	0.00207	0.00332	0.12490	0.00541	0.00496
10	0.01109	0.01068	0.01877	0.52216	0.16739	0.01215	0.09488	0.01465	0.01154	0.01525	0.01140	0.06443	0.00960	0.00608	0.00573	0.00184	0.00719	0.00578	0.00272	0.00666
11	0.10048	0.29692	0.23756	0.01365	0.07327	0.04888	0.01310	0.08086	0.01260	0.01786	0.00904	0.01067	0.00730	0.00543	0.00524	0.00156	0.05149	0.00374	0.00280	0.00754
12	0.02390	0.00971	0.01294	0.01007	0.01423	0.00868	0.00834	0.07601	0.01642	0.69137	0.02159	0.02035	0.01420	0.00720	0.00566	0.00175	0.00482	0.03684	0.00669	0.00924
13	0.00727	0.00510	0.00632	0.00708	0.00740	0.00487	0.00457	0.00796	0.00987	0.01305	0.02720	0.46757	0.06947	0.29713	0.01456	0.00335	0.00401	0.03458	0.00451	0.00412
14	0.13735	0.05430	0.03022	0.06482	0.01642	0.04362	0.07933	0.17107	0.01427	0.02097	0.01388	0.15581	0.01311	0.00773	0.00582	0.00170	0.04002	0.00637	0.00390	0.11930
15	0.00770	0.00727	0.07178	0.00846	0.00952	0.00592	0.00662	0.00928	0.01078	0.01502	0.06025	0.58091	0.03133	0.04800	0.00812	0.00226	0.04223	0.01299	0.05665	0.00491
16	0.00698	0.00520	0.00644	0.00719	0.00801	0.00475	0.00504	0.00826	0.01161	0.01515	0.11356	0.47479	0.21032	0.05018	0.00784	0.00226	0.00324	0.04943	0.00516	0.00460
17	0.01593	0.70679	0.02712	0.00965	0.01434	0.02055	0.00941	0.04953	0.01229	0.07814	0.00914	0.00992	0.00776	0.00500	0.00381	0.00125	0.00583	0.00327	0.00289	0.00740
18	0.00814	0.00540	0.00653	0.00664	0.00679	0.00548	0.00410	0.00828	0.00836	0.01123	0.01763	0.06733	0.01990	0.60865	0.09863	0.06792	0.00613	0.03590	0.00339	0.00355
19	0.01473	0.21036	0.36621	0.01458	0.05713	0.01493	0.05089	0.08428	0.01348	0.10713	0.01119	0.01226	0.00820	0.00540	0.00499	0.00160	0.00702	0.00424	0.00321	0.00818
20	0.01465	0.62091	0.11831	0.01071	0.01562	0.02025	0.01101	0.06694	0.01218	0.01509	0.00833	0.00968	0.00726	0.00517	0.00461	0.00135	0.04465	0.00333	0.00259	0.00735
21	0.01420	0.24977	0.31596	0.01223	0.01799	0.04738	0.01338	0.06818	0.03010	0.07355	0.04819	0.01310	0.01025	0.00562	0.00480	0.00151	0.00659	0.00420	0.00324	0.05975
22	0.08897	0.08050	0.01775	0.04529	0.01789	0.04966	0.06083	0.47205	0.03178	0.06357	0.01240	0.01297	0.00900	0.00616	0.00525	0.00164	0.00628	0.00474	0.00473	0.00853
23	0.01684	0.01182	0.01293	0.01063	0.01406	0.01268	0.00868	0.41070	0.09191	0.08145	0.02199	0.02425	0.10916	0.00840	0.00571	0.00176	0.00503	0.06739	0.07658	0.00803
24	0.22221	0.14924	0.10065	0.11331	0.05545	0.01378	0.03319	0.07652	0.03312	0.10123	0.01183	0.04627	0.00941	0.00601	0.00474	0.00167	0.00581	0.00464	0.00362	0.00729

[dist]
# distance from previous block
# <min> <max>
0	20

[block]
# block no. 6 follows, 43 sequences, length 38
# corresponding to MSA columns:
# 494-531
name=unknown_G
#
# <colnr> <probs for GDERKNQSTAVLIFYWHMCP>
#	G	D	E	R	K	N	Q	S	T	A	V	L	I	F	Y	W	H	M	C	P
0	0.09367	0.01085	0.10219	0.00950	0.01235	0.00921	0.00819	0.12799	0.05159	0.01940	0.02141	0.24810	0.07969	0.05095	0.07041	0.00259	0.00551	0.00854	0.00433	0.06354
1	0.00731	0.00521	0.00661	0.00757	0.00798	0.00504	0.00501	0.00880	0.04267	0.01414	0.02798	0.63833	0.03288	0.13510	0.01012	0.00268	0.00358	0.01398	0.02048	0.00452
2	0.01202	0.01118	0.01880	0.38011	0.39099	0.01231	0.01550	0.01546	0.01185	0.01643	0.01059	0.01459	0.00845	0.00530	0.00542	0.00172	0.00672	0.00494	0.05027	0.00736
3	0.08084	0.27590	0.05305	0.05971	0.12714	0.09763	0.06744	0.04838	0.05852	0.06683	0.01073	0.01217	0.00850	0.00535	0.00473	0.00153	0.00659	0.00420	0.00322	0.00755
4	0.00713	0.00548	0.00685	0.00752	0.00814	0.00536	0.00521	0.00813	0.01071	0.01399	0.03371	0.52663	0.19522	0.08029	0.00934	0.00243	0.05091	0.01357	0.00483	0.00454
5	0.00677	0.00493	0.00638	0.00746	0.00798	0.00454	0.00505	0.00784	0.01100	0.01452	0.06068	0.69539	0.11350	0.01678	0.00699	0.00219	0.00315	0.01511	0.00518	0.00454
6	0.00838	0.00584	0.00856	0.00887	0.00987	0.00545	0.04826	0.00987	0.01158	0.05790	0.08202	0.59770	0.03447	0.01543	0.00696	0.00219	0.00376	0.07265	0.00517	0.00505
7	0.01190	0.01130	0.01906	0.51204	0.14150	0.01317	0.08701	0.05708	0.01218	0.01621	0.01009	0.01437	0.00779	0.00569	0.00643	0.00184	0.05767	0.00508	0.00271	0.00684
8	0.01234	0.00776	0.00857	0.00789	0.00992	0.00816	0.00606	0.06423	0.18652	0.07683	0.08052	0.06832	0.01962	0.04108	0.00603	0.00178	0.00361	0.02886	0.35545	0.00647
9	0.01078	0.00627	0.00785	0.00729	0.00859	0.00590	0.00507	0.01192	0.01112	0.14200	0.12612	0.11678	0.05541	0.34737	0.07585	0.00384	0.00521	0.00855	0.00457	0.03952
10	0.10221	0.00889	0.01002	0.00987	0.05424	0.00917	0.00714	0.15376	0.06264	0.04464	0.10205	0.15351	0.18964	0.01056	0.00590	0.00185	0.00408	0.03195	0.03144	0.00642
11	0.01817	0.01579	0.01929	0.01575	0.05032	0.13701	0.17397	0.30579	0.04930	0.08689	0.01407	0.01705	0.01090	0.00659	0.00581	0.00174	0.00720	0.05170	0.00448	0.00818
12	0.04692	0.01021	0.01161	0.00870	0.01329	0.00860	0.00695	0.02665	0.11075	0.04980	0.01196	0.01292	0.00950	0.00474	0.00436	0.00104	0.00420	0.00378	0.00377	0.65026
13	0.01476	0.01054	0.01242	0.06095	0.03761	0.06506	0.03112	0.09886	0.13175	0.17230	0.05519	0.21480	0.05119	0.00975	0.00602	0.00187	0.00501	0.00842	0.00517	0.00721
14	0.00881	0.00605	0.00734	0.00715	0.00777	0.00647	0.00490	0.03217	0.00965	0.01385	0.03138	0.05247	0.04084	0.40966	0.18697	0.00508	0.03956	0.00734	0.11817	0.00436
15	0.00712	0.00498	0.00632	0.00724	0.00747	0.00475	0.00463	0.00781	0.00988	0.01317	0.02680	0.58377	0.03193	0.24173	0.01308	0.00314	0.00383	0.01355	0.00463	0.00417
16	0.01367	0.01171	0.01998	0.24709	0.34131	0.01226	0.09722	0.01752	0.04341	0.09540	0.01226	0.01571	0.00955	0.03155	0.00637	0.00187	0.00680	0.00533	0.00323	0.00776
17	0.05374	0.01403	0.01444	0.01185	0.01526	0.06678	0.00954	0.42245	0.12623	0.05042	0.01542	0.07771	0.01247	0.00770	0.00632	0.00177	0.05605	0.00587	0.02367	0.00827
18	0.01487	0.08049	0.09219	0.05500	0.01685	0.05852	0.01015	0.15497	0.16360	0.05276	0.03731	0.01480	0.01146	0.00594	0.00502	0.00147	0.00560	0.00466	0.00416	0.21017
19	0.01346	0.39047	0.31364	0.01206	0.01766	0.01683	0.01357	0.01704	0.01146	0.04802	0.00957	0.01109	0.00766	0.00542	0.00524	0.00151	0.05698	0.00372	0.03710	0.00747
20	0.66341	0.01043	0.00918	0.00785	0.01147	0.01148	0.00647	0.01865	0.01084	0.19049	0.01083	0.01117	0.00770	0.00552	0.00390	0.00171	0.00438	0.00357	0.00418	0.00676
21	0.00980	0.00868	0.01320	0.24687	0.18093	0.00919	0.01071	0.01302	0.03703	0.01735	0.19992	0.06042	0.15310	0.00883	0.00601	0.00180	0.00500	0.00781	0.00407	0.00625
22	0.06078	0.01195	0.01845	0.18219	0.33435	0.01236	0.04566	0.07398	0.01320	0.07036	0.01106	0.01375	0.00861	0.00532	0.00551	0.00163	0.02064	0.00475	0.00328	0.10218
23	0.00777	0.00535	0.00633	0.00670	0.00698	0.00523	0.00423	0.00826	0.00923	0.01216	0.02338	0.19531	0.06888	0.53330	0.02092	0.00430	0.00476	0.06915	0.00397	0.00381
24	0.00697	0.00504	0.00662	0.00769	0.00826	0.00470	0.00535	0.00819	0.01125	0.01493	0.08309	0.64479	0.08771	0.01656	0.00704	0.00221	0.00328	0.06653	0.00520	0.00460
25	0.06784	0.01141	0.01428	0.01121	0.01496	0.01166	0.07103	0.27800	0.04951	0.21158	0.13126	0.02162	0.06538	0.00765	0.00572	0.00173	0.00512	0.00638	0.00557	0.00809
26	0.06007	0.08938	0.03824	0.01017	0.01205	0.01104	0.05490	0.06070	0.02646	0.01513	0.01319	0.02153	0.01297	0.25708	0.18834	0.00449	0.10966	0.00589	0.00318	0.00553
27	0.00741	0.00530	0.00681	0.00759	0.00820	0.00503	0.00528	0.01788	0.01141	0.01528	0.12702	0.50197	0.06510	0.11588	0.00968	0.00258	0.00359	0.07438	0.00504	0.00457
28	0.00892	0.00557	0.00665	0.00678	0.00720	0.00544	0.00431	0.00945	0.00934	0.05498	0.02066	0.16230	0.02308	0.55172	0.02127	0.00433	0.00487	0.05789	0.03118	0.00406
29	0.12477	0.01300	0.08508	0.01386	0.01761	0.01238	0.20915	0.01895	0.21289	0.01946	0.01731	0.04735	0.06009	0.00817	0.03033	0.00209	0.06305	0.00625	0.03106	0.00714
30	0.00816	0.00696	0.05105	0.00844	0.00991	0.00564	0.03821	0.00998	0.01186	0.04010	0.12344	0.47652	0.11310	0.01404	0.00659	0.00203	0.00365	0.01260	0.05258	0.00514
31	0.01379	0.37253	0.06585	0.01192	0.01483	0.09220	0.01088	0.01557	0.01073	0.01351	0.00905	0.05484	0.00882	0.00725	0.00895	0.00172	0.27392	0.00444	0.00259	0.00660
32	0.01538	0.01139	0.08188	0.07454	0.03740	0.00991	0.00977	0.12387	0.01539	0.21695	0.15652	0.05529	0.01947	0.00777	0.00617	0.00169	0.03768	0.01724	0.00497	0.09670
33	0.01502	0.09259	0.13277	0.01258	0.03719	0.01379	0.03349	0.21305	0.06769	0.05452	0.01354	0.01448	0.03737	0.00626	0.00617	0.00156	0.07269	0.00472	0.00394	0.16657
34	0.00820	0.00569	0.00681	0.00717	0.00756	0.00564	0.00456	0.04976	0.01021	0.01363	0.02311	0.37987	0.02696	0.40539	0.01740	0.00375	0.00444	0.01135	0.00428	0.00421
35	0.01185	0.00800	0.01043	0.05346	0.01275	0.00776	0.02967	0.01635	0.12845	0.13961	0.32872	0.03209	0.11531	0.00941	0.00605	0.00174	0.00385	0.01926	0.00553	0.05972
36	0.06263	0.13418	0.07786	0.10524	0.13119	0.03948	0.05829	0.06672	0.06635	0.05123	0.07402	0.05983	0.01388	0.00676	0.00566	0.00170	0.02839	0.00565	0.00364	0.00731
37	0.01390	0.49308	0.16855	0.04490	0.01722	0.01842	0.01187	0.05530	0.01197	0.01540	0.00861	0.01024	0.00730	0.00522	0.00494	0.00140	0.05146	0.00349	0.00259	0.05413

[dist]
# distance from previous block
# <min> <max>
0	1

[block]
# block no. 7 follows, 43 sequences, length 14
# corresponding to MSA columns:
# 533-546
name=unknown_H
#
# <colnr> <probs for GDERKNQSTAVLIFYWHMCP>
#	G	D	E	R	K	N	Q	S	T	A	V	L	I	F	Y	W	H	M	C	P
0	0.00888	0.00578	0.00677	0.00689	0.00846	0.00520	0.00523	0.01062	0.01259	0.07696	0.09536	0.19588	0.33292	0.01305	0.00634	0.00192	0.00323	0.08504	0.11370	0.00517
1	0.01271	0.02772	0.01532	0.01316	0.01431	0.12084	0.03953	0.03517	0.05869	0.01482	0.01239	0.11619	0.01232	0.01217	0.07416	0.00268	0.40218	0.00630	0.00319	0.00616
2	0.01374	0.06786	0.23256	0.19738	0.06714	0.01239	0.05592	0.07581	0.01327	0.12019	0.01353	0.08184	0.01094	0.00661	0.00552	0.00177	0.00675	0.00568	0.00353	0.00758
3	0.04095	0.01093	0.01248	0.01036	0.01388	0.01145	0.00830	0.15235	0.28254	0.26092	0.07770	0.02172	0.05594	0.00771	0.00565	0.00177	0.00457	0.00629	0.00595	0.00853
4	0.00723	0.00554	0.00643	0.00658	0.00784	0.00499	0.00479	0.00877	0.01253	0.01617	0.21593	0.14656	0.35804	0.11257	0.00939	0.00237	0.00329	0.06120	0.00514	0.00465
5	0.01206	0.01154	0.02001	0.31092	0.29648	0.01249	0.11078	0.03893	0.01226	0.01668	0.01192	0.07717	0.01041	0.00630	0.00611	0.00182	0.02795	0.00600	0.00292	0.00724
6	0.01936	0.01693	0.01417	0.01205	0.01542	0.29104	0.00943	0.17424	0.14107	0.16164	0.07540	0.01661	0.01407	0.00687	0.00544	0.00163	0.00668	0.00520	0.00487	0.00789
7	0.01265	0.01348	0.02809	0.02041	0.02509	0.01304	0.60602	0.01683	0.01259	0.01784	0.01185	0.01550	0.00909	0.00522	0.00693	0.00183	0.05878	0.00625	0.11144	0.00708
8	0.00683	0.00525	0.00628	0.00694	0.00798	0.00470	0.00494	0.00815	0.01183	0.01511	0.09037	0.42431	0.32569	0.01555	0.00685	0.00208	0.00309	0.04421	0.00520	0.00464
9	0.01041	0.00884	0.01079	0.03846	0.01293	0.00743	0.00682	0.01263	0.01156	0.01736	0.07237	0.11843	0.04129	0.00707	0.00555	0.00124	0.04501	0.00586	0.00373	0.56222
10	0.07792	0.07035	0.06208	0.08850	0.07529	0.14086	0.03918	0.11992	0.01380	0.01857	0.01212	0.01696	0.01044	0.03803	0.08957	0.00257	0.02654	0.04400	0.04655	0.00675
11	0.01784	0.01045	0.01808	0.01384	0.01792	0.00955	0.24576	0.02088	0.01422	0.37309	0.01911	0.02343	0.01442	0.00722	0.00601	0.00184	0.00607	0.10077	0.07159	0.00789
12	0.01386	0.01284	0.01788	0.21812	0.29252	0.07187	0.01363	0.06341	0.01295	0.04388	0.01039	0.01343	0.00831	0.00560	0.00630	0.00164	0.06964	0.00463	0.00305	0.11606
13	0.01685	0.01225	0.01645	0.11351	0.24853	0.06968	0.01192	0.07306	0.01449	0.22137	0.05268	0.01613	0.01203	0.00608	0.00571	0.00163	0.02364	0.00513	0.00423	0.07465

[dist]
# distance from previous block
# <min> <max>
14	83

[block]
# block no. 8 follows, 43 sequences, length 6
# corresponding to MSA columns:
# 652-657
name=unknown_I
#
# <colnr> <probs for GDERKNQSTAVLIFYWHMCP>
#	G	D	E	R	K	N	Q	S	T	A	V	L	I	F	Y	W	H	M	C	P
0	0.06762	0.00991	0.01177	0.01063	0.07435	0.00902	0.00765	0.04659	0.10290	0.11618	0.03998	0.02006	0.11326	0.00663	0.00499	0.00139	0.00429	0.00543	0.00440	0.34296
1	0.00779	0.00534	0.00622	0.00634	0.00661	0.00521	0.00383	0.00827	0.00944	0.01264	0.10276	0.13707	0.06290	0.57732	0.02201	0.00440	0.00466	0.00945	0.00397	0.00377
2	0.00981	0.00844	0.01149	0.01050	0.01089	0.01060	0.00824	0.01111	0.00963	0.01397	0.10384	0.02659	0.01854	0.20387	0.12359	0.00394	0.34378	0.06272	0.00337	0.00509
3	0.01387	0.11952	0.22132	0.07371	0.01979	0.01329	0.09429	0.05173	0.01263	0.12616	0.01489	0.05275	0.05232	0.00704	0.00697	0.00180	0.10140	0.00560	0.00351	0.00742
4	0.03906	0.05435	0.01760	0.01429	0.05876	0.18395	0.13503	0.04261	0.01398	0.20206	0.01348	0.01467	0.00995	0.00614	0.00625	0.00165	0.06985	0.00493	0.10399	0.00740
5	0.01312	0.01274	0.02228	0.15948	0.59240	0.01308	0.07245	0.01658	0.01239	0.01741	0.01038	0.01398	0.00851	0.00501	0.00557	0.00170	0.00692	0.00505	0.00270	0.00824

[dist]
# distance from previous block
# <min> <max>
3	6

[block]
# block no. 9 follows, 43 sequences, length 43
# corresponding to MSA columns:
# 687-725,732-735
name=unknown_J
#
# <colnr> <probs for GDERKNQSTAVLIFYWHMCP>
#	G	D	E	R	K	N	Q	S	T	A	V	L	I	F	Y	W	H	M	C	P
0	0.01413	0.50332	0.20483	0.01082	0.01595	0.01743	0.01162	0.01670	0.01132	0.06288	0.00931	0.01086	0.00772	0.00622	0.00561	0.07166	0.00629	0.00355	0.00265	0.00712
1	0.06147	0.06603	0.17120	0.02896	0.04428	0.10254	0.01156	0.07558	0.07906	0.24488	0.01442	0.01433	0.01014	0.00599	0.00513	0.00162	0.00626	0.00461	0.00439	0.04753
2	0.00891	0.03307	0.00949	0.07494	0.01270	0.00680	0.00818	0.01098	0.01191	0.03453	0.02719	0.30703	0.03015	0.01461	0.00709	0.00232	0.00467	0.38544	0.00485	0.00516
3	0.00686	0.00489	0.00648	0.00761	0.00798	0.00457	0.00509	0.00790	0.01084	0.01454	0.07753	0.72722	0.03708	0.04332	0.00774	0.00232	0.00325	0.01512	0.00514	0.00451
4	0.01068	0.00838	0.01066	0.00993	0.01088	0.03016	0.00758	0.01315	0.07259	0.06263	0.01638	0.11445	0.01627	0.16364	0.24390	0.00474	0.18765	0.00718	0.00364	0.00551
5	0.01111	0.04064	0.08164	0.59686	0.13454	0.01281	0.01581	0.01490	0.01134	0.01492	0.00985	0.01415	0.00753	0.00540	0.00544	0.00179	0.00729	0.00478	0.00249	0.00671
6	0.00728	0.00541	0.00688	0.00780	0.00866	0.00507	0.00569	0.00897	0.02730	0.01528	0.07103	0.49251	0.16500	0.01592	0.00702	0.00220	0.00345	0.13459	0.00519	0.00476
7	0.00903	0.00634	0.00831	0.00806	0.00932	0.00696	0.00618	0.04376	0.03282	0.01626	0.08480	0.02483	0.04477	0.07014	0.45571	0.00600	0.01002	0.00646	0.14501	0.00522
8	0.22654	0.06879	0.18627	0.01188	0.01673	0.07497	0.01147	0.25746	0.05609	0.02475	0.01089	0.01170	0.00808	0.00580	0.00478	0.00166	0.00631	0.00411	0.00388	0.00786
9	0.01148	0.00984	0.01148	0.00820	0.01312	0.00738	0.00656	0.01395	0.01148	0.01805	0.00984	0.01148	0.00820	0.00410	0.00410	0.00082	0.00410	0.00328	0.00328	0.83922
10	0.00677	0.00552	0.00590	0.00599	0.00754	0.00475	0.00436	0.00817	0.01246	0.01536	0.12092	0.13137	0.58014	0.05639	0.00776	0.00209	0.00297	0.01177	0.00514	0.00464
11	0.00681	0.00492	0.00646	0.00766	0.00811	0.00457	0.00521	0.00785	0.01081	0.01427	0.03213	0.72885	0.08356	0.01707	0.00705	0.00223	0.00325	0.03951	0.00514	0.00453
12	0.00949	0.00486	0.00712	0.00712	0.00712	0.00486	0.00469	0.00729	0.00729	0.00971	0.01028	0.01846	0.01050	0.08522	0.02219	0.76891	0.00486	0.00508	0.00248	0.00248
13	0.01046	0.00984	0.01661	0.79205	0.03814	0.01230	0.01538	0.01415	0.01107	0.01415	0.00984	0.01477	0.00738	0.00554	0.00554	0.00185	0.00738	0.00492	0.00246	0.00615
14	0.28937	0.01368	0.01301	0.01051	0.01444	0.08284	0.00858	0.29797	0.01761	0.18203	0.01282	0.01274	0.00898	0.00612	0.00481	0.00167	0.00557	0.00433	0.00488	0.00804
15	0.00697	0.00508	0.00656	0.00735	0.00803	0.00467	0.00507	0.00833	0.01190	0.01598	0.19387	0.56504	0.10923	0.01572	0.00690	0.00210	0.00304	0.01411	0.00535	0.00467
16	0.01704	0.01620	0.10016	0.12877	0.16930	0.12694	0.01334	0.16741	0.01573	0.13218	0.01212	0.01369	0.00893	0.00605	0.00607	0.00171	0.04771	0.00474	0.00383	0.00807
17	0.02194	0.01026	0.04680	0.00998	0.01409	0.00863	0.00851	0.07465	0.01635	0.59999	0.10955	0.02083	0.01770	0.00730	0.00567	0.00172	0.00471	0.00599	0.00647	0.00887
18	0.01910	0.01000	0.01246	0.04492	0.01480	0.00954	0.00824	0.07119	0.14646	0.41862	0.02251	0.02076	0.07649	0.00722	0.00551	0.00167	0.00464	0.00590	0.00585	0.09413
19	0.01989	0.02389	0.01589	0.04725	0.01790	0.63510	0.01095	0.09678	0.01623	0.01577	0.00904	0.01063	0.00739	0.00598	0.00569	0.00152	0.04647	0.00383	0.00309	0.00670
20	0.06289	0.27696	0.01814	0.00951	0.01413	0.01421	0.00833	0.13818	0.01418	0.10469	0.01093	0.01160	0.00853	0.00510	0.00428	0.00123	0.00512	0.00370	0.00376	0.28452
21	0.06538	0.01214	0.01688	0.06593	0.03784	0.01310	0.12780	0.24420	0.04567	0.07193	0.07202	0.04471	0.01463	0.00757	0.00692	0.00185	0.07714	0.04481	0.00446	0.02503
22	0.00889	0.00590	0.00770	0.00711	0.00863	0.00540	0.00538	0.01144	0.01559	0.07040	0.69785	0.04029	0.07195	0.01112	0.00647	0.00174	0.00275	0.00978	0.00612	0.00548
23	0.01046	0.00984	0.01661	0.79205	0.03814	0.01230	0.01538	0.01415	0.01107	0.01415	0.00984	0.01477	0.00738	0.00554	0.00554	0.00185	0.00738	0.00492	0.00246	0.00615
24	0.01180	0.00950	0.01402	0.27917	0.13726	0.03320	0.01141	0.01445	0.01231	0.08991	0.10156	0.11170	0.03831	0.02567	0.00708	0.00197	0.04645	0.04390	0.00389	0.00643
25	0.01443	0.01639	0.02256	0.01756	0.02080	0.20999	0.33694	0.01720	0.01243	0.01543	0.01027	0.01447	0.00870	0.05145	0.00977	0.00205	0.17684	0.00546	0.03067	0.00659
26	0.08332	0.01017	0.01292	0.00998	0.01422	0.00941	0.00824	0.10378	0.01648	0.64169	0.01992	0.01755	0.01270	0.00671	0.00541	0.00171	0.00483	0.00532	0.00647	0.00918
27	0.01667	0.00978	0.01156	0.00975	0.01281	0.01000	0.00772	0.14974	0.17933	0.25191	0.13172	0.09314	0.02149	0.00856	0.00575	0.00177	0.00430	0.00718	0.05888	0.00794
28	0.08675	0.00833	0.01052	0.02680	0.06410	0.00814	0.03184	0.06255	0.03906	0.11504	0.22821	0.05164	0.22549	0.00985	0.00596	0.00178	0.00398	0.00838	0.00520	0.00639
29	0.00801	0.00547	0.00692	0.00722	0.00833	0.00495	0.00516	0.00962	0.01281	0.05739	0.26075	0.39097	0.17305	0.01434	0.00673	0.00200	0.00304	0.01271	0.00553	0.00502
30	0.00693	0.00492	0.00648	0.00765	0.00798	0.00463	0.00512	0.00787	0.01046	0.01393	0.02939	0.71274	0.03509	0.08342	0.00886	0.00252	0.00346	0.03914	0.00499	0.00442
31	0.07899	0.00910	0.05864	0.00849	0.01103	0.00793	0.00683	0.01718	0.07498	0.24695	0.12059	0.02665	0.02036	0.27335	0.01306	0.00295	0.00481	0.00677	0.00492	0.00643
32	0.01393	0.50489	0.09125	0.05128	0.10729	0.01860	0.11145	0.01676	0.01169	0.01469	0.00878	0.01078	0.00748	0.00483	0.00442	0.00141	0.00672	0.00386	0.00247	0.00740
33	0.13340	0.01210	0.01108	0.00972	0.01263	0.13775	0.00760	0.03207	0.18797	0.16797	0.14185	0.02024	0.01868	0.00728	0.00520	0.00167	0.00494	0.00573	0.07487	0.00723
34	0.00805	0.00540	0.00619	0.00619	0.00625	0.00545	0.00355	0.00815	0.00810	0.01085	0.01731	0.03547	0.01980	0.76456	0.06853	0.00556	0.00587	0.00794	0.00334	0.00344
35	0.01148	0.00984	0.01148	0.00820	0.01312	0.00738	0.00656	0.01395	0.01148	0.01805	0.00984	0.01148	0.00820	0.00410	0.00410	0.00082	0.00410	0.00328	0.00328	0.83922
36	0.00700	0.00501	0.00671	0.00769	0.00812	0.00483	0.00522	0.00812	0.01062	0.01434	0.07570	0.63360	0.03448	0.06272	0.08494	0.00305	0.00444	0.01398	0.00489	0.00453
37	0.08296	0.01262	0.02128	0.24509	0.04583	0.03921	0.26235	0.01658	0.01170	0.06515	0.01046	0.01399	0.00803	0.00595	0.00771	0.00191	0.13410	0.00529	0.00295	0.00686
38	0.01535	0.69713	0.05232	0.01008	0.01486	0.03996	0.00996	0.07850	0.01262	0.01503	0.00826	0.00937	0.00730	0.00494	0.00381	0.00125	0.00611	0.00318	0.00265	0.00732
39	0.04973	0.01036	0.01177	0.00854	0.01336	0.00843	0.00687	0.07602	0.01261	0.01977	0.01004	0.01152	0.00821	0.00436	0.00419	0.00093	0.00428	0.00341	0.00348	0.73212
40	0.03104	0.10045	0.14890	0.01252	0.01708	0.03979	0.05779	0.23716	0.09160	0.09641	0.01595	0.08314	0.02924	0.00722	0.00545	0.00172	0.00611	0.00590	0.00444	0.00807
41	0.05820	0.03219	0.01185	0.00976	0.01205	0.08746	0.00760	0.09926	0.01378	0.19349	0.07962	0.02421	0.03380	0.19021	0.01199	0.00261	0.08634	0.03445	0.00458	0.00652
42	0.16053	0.05990	0.04138	0.10256	0.01713	0.16082	0.00973	0.17883	0.05819	0.02143	0.01254	0.07251	0.01061	0.00671	0.00495	0.00164	0.00622	0.00507	0.04125	0.02800

[dist]
# distance from previous block
# <min> <max>
0	47

[block]
# block no. 10 follows, 43 sequences, length 55
# corresponding to MSA columns:
# 785-798,800-828,830-841
name=unknown_K
#
# <colnr> <probs for GDERKNQSTAVLIFYWHMCP>
#	G	D	E	R	K	N	Q	S	T	A	V	L	I	F	Y	W	H	M	C	P
0	0.01254	0.07276	0.01390	0.01293	0.09365	0.01031	0.03929	0.01781	0.17784	0.09123	0.02111	0.09852	0.01994	0.03752	0.03040	0.00228	0.00540	0.19761	0.00463	0.04032
1	0.01478	0.37428	0.12754	0.01264	0.05982	0.07865	0.04028	0.07546	0.01350	0.05133	0.04856	0.01485	0.05461	0.00601	0.00471	0.00147	0.00636	0.00455	0.00324	0.00737
2	0.01568	0.05754	0.07132	0.04011	0.08106	0.01038	0.12246	0.04308	0.01362	0.26183	0.05494	0.10638	0.01581	0.01024	0.06768	0.00234	0.00656	0.00677	0.00457	0.00761
3	0.01446	0.04158	0.01150	0.00938	0.01223	0.01039	0.00742	0.15368	0.19152	0.13778	0.07437	0.12122	0.10867	0.00932	0.00574	0.00178	0.00422	0.00778	0.06960	0.00739
4	0.00714	0.00538	0.00661	0.00716	0.00818	0.00496	0.00519	0.00858	0.01186	0.01541	0.13034	0.33777	0.26092	0.05729	0.03919	0.00253	0.00376	0.07802	0.00508	0.00466
5	0.01321	0.01456	0.08588	0.05467	0.13511	0.01307	0.41550	0.04649	0.01310	0.04775	0.01261	0.06845	0.01045	0.00602	0.00663	0.00186	0.03742	0.00651	0.00316	0.00756
6	0.01283	0.04767	0.08219	0.18865	0.48055	0.01338	0.06222	0.01648	0.01219	0.01699	0.01019	0.01364	0.00825	0.00506	0.00546	0.00169	0.00702	0.00488	0.00264	0.00803
7	0.06577	0.01383	0.02353	0.01735	0.02216	0.03897	0.39606	0.11364	0.03701	0.18597	0.01380	0.01521	0.00975	0.00560	0.00606	0.00179	0.01553	0.00579	0.00415	0.00805
8	0.00911	0.00594	0.00701	0.00677	0.00761	0.00586	0.00452	0.01110	0.05456	0.04626	0.22456	0.07839	0.02895	0.39775	0.01680	0.00351	0.00417	0.00859	0.07389	0.00464
9	0.01508	0.40851	0.12840	0.01408	0.10852	0.01699	0.04147	0.05311	0.03807	0.08693	0.03360	0.01262	0.00977	0.00541	0.00459	0.00146	0.00620	0.00417	0.00322	0.00780
10	0.01909	0.00976	0.01200	0.00968	0.01318	0.00949	0.00782	0.13886	0.09883	0.39761	0.14497	0.02306	0.04382	0.00785	0.00570	0.00172	0.00441	0.00647	0.03735	0.00835
11	0.00795	0.00545	0.00681	0.00747	0.00820	0.00514	0.00526	0.00902	0.01077	0.03803	0.03048	0.37361	0.13337	0.20620	0.01213	0.00298	0.00402	0.12385	0.00476	0.00450
12	0.01240	0.02593	0.23199	0.01458	0.07581	0.01958	0.08892	0.12146	0.03688	0.04368	0.06912	0.14770	0.04331	0.00945	0.03209	0.00206	0.00647	0.00731	0.00397	0.00731
13	0.05310	0.03757	0.13762	0.06915	0.01772	0.01168	0.06918	0.14474	0.09282	0.07367	0.03913	0.11630	0.03887	0.00851	0.00584	0.00187	0.00579	0.06471	0.00441	0.00732
14	0.00792	0.00519	0.00693	0.00788	0.00853	0.00482	0.00546	0.00909	0.01121	0.05866	0.05786	0.68882	0.04442	0.01639	0.00698	0.00221	0.00335	0.04416	0.00527	0.00484
15	0.00733	0.00507	0.00665	0.00770	0.00827	0.00479	0.00542	0.00871	0.01130	0.01553	0.08761	0.60674	0.03561	0.01581	0.00683	0.00216	0.00330	0.08517	0.07134	0.00467
16	0.15130	0.10885	0.11609	0.06617	0.05007	0.01288	0.19316	0.01687	0.04759	0.05458	0.05650	0.05145	0.01252	0.03162	0.00601	0.00185	0.00644	0.00565	0.00342	0.00699
17	0.01481	0.80869	0.02902	0.00948	0.01421	0.02191	0.00948	0.01658	0.01125	0.01303	0.00770	0.00888	0.00711	0.00474	0.00355	0.00118	0.00592	0.00296	0.00237	0.00711
18	0.07421	0.10933	0.07661	0.06634	0.07326	0.03587	0.01059	0.19244	0.04839	0.11523	0.05558	0.02785	0.01221	0.01528	0.00536	0.00163	0.00572	0.00499	0.00427	0.06486
19	0.01509	0.25995	0.01767	0.01025	0.01299	0.03907	0.00888	0.05731	0.01261	0.13102	0.06377	0.01537	0.01241	0.00706	0.00769	0.00164	0.19030	0.00473	0.12526	0.00690
20	0.01178	0.00969	0.01162	0.00880	0.01285	0.00827	0.00704	0.01477	0.04756	0.04663	0.08613	0.01522	0.01313	0.00553	0.00560	0.00112	0.06751	0.00430	0.00374	0.61869
