[name]
unknown

[dist]
# distance from previous block
# <min> <max>
0	53

[block]
# block no. 0 follows, 39 sequences, length 15
# corresponding to MSA columns:
# 55-69
name=unknown_A
#
# <colnr> <probs for GDERKNQSTAVLIFYWHMCP>
#	G	D	E	R	K	N	Q	S	T	A	V	L	I	F	Y	W	H	M	C	P
0	0.03537	0.12131	0.03146	0.07453	0.08955	0.11838	0.04504	0.08526	0.07305	0.09103	0.03112	0.02254	0.06443	0.00776	0.00581	0.00181	0.00665	0.06929	0.00430	0.02129
1	0.13317	0.05952	0.07556	0.01200	0.01625	0.07379	0.03098	0.14875	0.17279	0.09761	0.04636	0.04279	0.01397	0.00719	0.00549	0.00179	0.00594	0.00564	0.00488	0.04555
2	0.03297	0.11410	0.08044	0.02505	0.01747	0.04393	0.07379	0.09458	0.04619	0.26335	0.01776	0.09790	0.01410	0.00764	0.00577	0.00178	0.00615	0.00641	0.00504	0.04558
3	0.01440	0.15018	0.21759	0.01485	0.05045	0.05535	0.09526	0.04265	0.05762	0.04842	0.01323	0.03746	0.02267	0.00606	0.00537	0.00161	0.00702	0.00507	0.00344	0.15130
4	0.01340	0.01092	0.08378	0.05551	0.01527	0.00907	0.00935	0.02991	0.11712	0.13765	0.07737	0.17462	0.02263	0.01002	0.00620	0.00190	0.00490	0.06360	0.03712	0.11965
5	0.01268	0.01084	0.01378	0.06366	0.01664	0.00918	0.04380	0.07108	0.01346	0.02005	0.01257	0.07239	0.01114	0.00582	0.00498	0.00120	0.00499	0.00496	0.00376	0.60301
6	0.01418	0.01136	0.01594	0.24000	0.12450	0.01124	0.01181	0.05032	0.05673	0.08694	0.01274	0.01501	0.00973	0.00556	0.00535	0.00152	0.00595	0.00476	0.00377	0.31259
7	0.01164	0.00923	0.01026	0.00917	0.01192	0.00940	0.00703	0.01959	0.29739	0.02205	0.15889	0.08479	0.06887	0.00925	0.00586	0.00174	0.00384	0.00787	0.10790	0.14331
8	0.01503	0.01405	0.02277	0.09145	0.43480	0.01476	0.09638	0.09403	0.08552	0.02111	0.01260	0.01548	0.01005	0.00596	0.00657	0.00186	0.03953	0.00560	0.00351	0.00893
9	0.00792	0.00572	0.00687	0.00733	0.00807	0.00538	0.00499	0.00901	0.01160	0.01519	0.10895	0.26737	0.17516	0.26911	0.01477	0.00338	0.00418	0.06547	0.00497	0.00457
10	0.00823	0.00613	0.00792	0.08204	0.01114	0.00621	0.00602	0.00938	0.01069	0.01396	0.02822	0.27041	0.12683	0.29152	0.06190	0.00393	0.00546	0.04098	0.00440	0.00463
11	0.00902	0.00651	0.00798	0.03403	0.01021	0.00638	0.00594	0.01175	0.08200	0.04519	0.07545	0.39359	0.15672	0.11496	0.01005	0.00265	0.00395	0.01287	0.00533	0.00542
12	0.09101	0.01079	0.01689	0.64359	0.03592	0.01354	0.01518	0.01526	0.01144	0.01615	0.01008	0.01495	0.00773	0.00622	0.00675	0.00201	0.06819	0.00505	0.00272	0.00655
13	0.29355	0.01404	0.01408	0.04356	0.01654	0.01590	0.00957	0.36385	0.12309	0.03095	0.01344	0.01384	0.00988	0.00664	0.00517	0.00183	0.00566	0.00480	0.00503	0.00858
14	0.01355	0.01286	0.02086	0.16787	0.46245	0.01353	0.01598	0.01682	0.01259	0.01804	0.01061	0.01439	0.00886	0.00577	0.00700	0.00177	0.08187	0.00504	0.00291	0.10719

[dist]
# distance from previous block
# <min> <max>
1	6

[block]
# block no. 1 follows, 39 sequences, length 9
# corresponding to MSA columns:
# 76-84
name=unknown_B
#
# <colnr> <probs for GDERKNQSTAVLIFYWHMCP>
#	G	D	E	R	K	N	Q	S	T	A	V	L	I	F	Y	W	H	M	C	P
0	0.00909	0.00745	0.00949	0.00908	0.01010	0.04058	0.05861	0.01028	0.01092	0.01418	0.04087	0.23673	0.09049	0.31037	0.09247	0.00426	0.00635	0.02964	0.00427	0.00477
1	0.04276	0.05210	0.08727	0.01220	0.05118	0.01212	0.00978	0.17602	0.12944	0.02104	0.01515	0.07159	0.01331	0.03497	0.02552	0.22240	0.00596	0.00614	0.00415	0.00688
2	0.43718	0.00935	0.00873	0.00804	0.01082	0.01018	0.00636	0.04293	0.01224	0.05450	0.09501	0.09757	0.10776	0.01169	0.06246	0.00248	0.00503	0.00690	0.00457	0.00620
3	0.01330	0.04266	0.01377	0.05064	0.01554	0.01069	0.03521	0.08270	0.15506	0.04321	0.01755	0.14638	0.01598	0.00876	0.00651	0.04312	0.00500	0.00690	0.00451	0.28250
4	0.04307	0.08298	0.08371	0.01134	0.01607	0.01354	0.01003	0.22412	0.09660	0.02434	0.01413	0.05393	0.01165	0.00806	0.03503	0.00183	0.00600	0.00521	0.00439	0.25398
5	0.15256	0.01498	0.05344	0.03860	0.04244	0.07315	0.01058	0.21806	0.11614	0.02541	0.01410	0.01690	0.01126	0.00708	0.00610	0.00180	0.04530	0.04135	0.02805	0.08270
6	0.06087	0.05066	0.12128	0.12956	0.05806	0.06297	0.01222	0.14595	0.09169	0.02257	0.09607	0.01832	0.01512	0.02473	0.00618	0.00185	0.00641	0.00559	0.02053	0.04937
7	0.05801	0.11147	0.01768	0.02916	0.04825	0.07037	0.04512	0.20742	0.16364	0.04680	0.01612	0.08268	0.01347	0.00751	0.00562	0.00176	0.00610	0.00610	0.00471	0.05799
8	0.10499	0.13570	0.06894	0.07834	0.15403	0.07178	0.01229	0.12999	0.01527	0.06010	0.02428	0.01344	0.00953	0.00582	0.00513	0.00161	0.00658	0.00450	0.00372	0.09397

[dist]
# distance from previous block
# <min> <max>
5	18

[block]
# block no. 2 follows, 39 sequences, length 14
# corresponding to MSA columns:
# 106-119
name=unknown_C
#
# <colnr> <probs for GDERKNQSTAVLIFYWHMCP>
#	G	D	E	R	K	N	Q	S	T	A	V	L	I	F	Y	W	H	M	C	P
0	0.08287	0.01392	0.08216	0.01396	0.06392	0.04130	0.05354	0.10808	0.12974	0.04542	0.06092	0.09312	0.01676	0.03185	0.00772	0.00203	0.06833	0.01779	0.00449	0.06208
1	0.21964	0.07764	0.05458	0.00962	0.01368	0.03092	0.00831	0.07953	0.03687	0.08763	0.08092	0.05318	0.05813	0.00738	0.00509	0.00164	0.00498	0.00570	0.00449	0.16006
2	0.08981	0.03689	0.03960	0.03944	0.09939	0.01254	0.02240	0.11191	0.09464	0.08135	0.01604	0.02182	0.01361	0.02750	0.00702	0.00193	0.04719	0.09145	0.01663	0.12887
3	0.11479	0.00998	0.01177	0.07950	0.01530	0.01056	0.00840	0.07189	0.13516	0.23118	0.03722	0.01953	0.01444	0.00929	0.05017	0.00223	0.00543	0.00570	0.15950	0.00794
4	0.05419	0.39909	0.02316	0.01250	0.05900	0.01917	0.01038	0.13181	0.16338	0.05467	0.01322	0.01356	0.01047	0.00611	0.00479	0.00157	0.00592	0.00446	0.00405	0.00849
5	0.01074	0.00832	0.01011	0.07353	0.01307	0.02903	0.00753	0.06409	0.06645	0.03925	0.10063	0.30055	0.05655	0.11101	0.03310	0.00282	0.03658	0.02576	0.00499	0.00590
6	0.01155	0.00885	0.01169	0.01054	0.01283	0.00892	0.05457	0.04336	0.12395	0.05343	0.11682	0.13456	0.07680	0.06546	0.00884	0.00233	0.03426	0.13183	0.02308	0.06631
7	0.06006	0.01685	0.28178	0.01447	0.08305	0.01117	0.01331	0.04307	0.03631	0.04323	0.06622	0.16843	0.01869	0.06404	0.00851	0.00227	0.04955	0.00774	0.00394	0.00730
8	0.00942	0.00685	0.00813	0.00799	0.00918	0.00676	0.00567	0.03366	0.06023	0.01612	0.08714	0.11569	0.11643	0.29107	0.04476	0.04705	0.00513	0.08158	0.00461	0.04252
9	0.08758	0.01304	0.01400	0.01138	0.01518	0.01419	0.00919	0.38956	0.11085	0.10694	0.01761	0.06648	0.01365	0.00782	0.00566	0.00181	0.00536	0.00615	0.09471	0.00883
10	0.04348	0.05804	0.04323	0.01398	0.08829	0.05180	0.06247	0.04376	0.04130	0.05858	0.07398	0.02971	0.01370	0.00636	0.00611	0.00151	0.05126	0.00520	0.00392	0.30332
11	0.01592	0.55192	0.02502	0.01017	0.01455	0.05048	0.00948	0.07345	0.06680	0.01750	0.01121	0.01234	0.00946	0.00570	0.00422	0.00138	0.00596	0.00390	0.10292	0.00763
12	0.70643	0.07741	0.01122	0.00840	0.01225	0.01448	0.00707	0.06970	0.01152	0.02626	0.00867	0.00993	0.00677	0.00557	0.00384	0.00178	0.00486	0.00335	0.00373	0.00677
13	0.04216	0.04393	0.01912	0.04515	0.29340	0.01486	0.01315	0.26685	0.04802	0.07735	0.01484	0.06824	0.01218	0.00709	0.00586	0.00181	0.00629	0.00605	0.00457	0.00909

[dist]
# distance from previous block
# <min> <max>
0	1

[block]
# block no. 3 follows, 39 sequences, length 6
# corresponding to MSA columns:
# 121-126
name=unknown_D
#
# <colnr> <probs for GDERKNQSTAVLIFYWHMCP>
#	G	D	E	R	K	N	Q	S	T	A	V	L	I	F	Y	W	H	M	C	P
0	0.01132	0.00711	0.00867	0.00826	0.01011	0.00666	0.00612	0.04959	0.04149	0.12662	0.18709	0.26494	0.18901	0.04542	0.00786	0.00221	0.00373	0.01172	0.00593	0.00616
1	0.06116	0.00784	0.01000	0.00870	0.01134	0.00724	0.00677	0.01816	0.01478	0.31896	0.20014	0.11767	0.06406	0.04208	0.04505	0.00242	0.00464	0.00863	0.04313	0.00722
2	0.00971	0.00616	0.00801	0.00808	0.00933	0.00571	0.00591	0.01158	0.01390	0.08606	0.30232	0.27295	0.07586	0.08868	0.00936	0.00247	0.00370	0.06882	0.00585	0.00552
3	0.08235	0.01023	0.01225	0.03891	0.06554	0.05207	0.00889	0.03924	0.01398	0.04178	0.26953	0.02884	0.10212	0.01198	0.05191	0.00241	0.14921	0.00768	0.00466	0.00640
4	0.12547	0.08956	0.06736	0.10682	0.05978	0.06575	0.01079	0.09159	0.11285	0.04179	0.05389	0.05671	0.05072	0.00760	0.00548	0.00181	0.00594	0.00605	0.03249	0.00755
5	0.12811	0.01252	0.01508	0.01217	0.01629	0.01312	0.07415	0.13175	0.25859	0.14389	0.01819	0.04255	0.01369	0.00714	0.00565	0.00182	0.00541	0.00594	0.00536	0.08858

[dist]
# distance from previous block
# <min> <max>
0	3

[block]
# block no. 4 follows, 39 sequences, length 11
# corresponding to MSA columns:
# 130-140
name=unknown_E
#
# <colnr> <probs for GDERKNQSTAVLIFYWHMCP>
#	G	D	E	R	K	N	Q	S	T	A	V	L	I	F	Y	W	H	M	C	P
0	0.13786	0.01356	0.05221	0.02824	0.18192	0.01384	0.01165	0.18733	0.10014	0.04111	0.06025	0.05201	0.04006	0.00771	0.00642	0.00190	0.04473	0.00619	0.00457	0.00830
1	0.49710	0.08506	0.05585	0.00951	0.01381	0.04604	0.00841	0.05372	0.01251	0.11900	0.01074	0.01150	0.00797	0.00575	0.00429	0.00172	0.00538	0.00376	0.00404	0.04383
2	0.00805	0.00589	0.00698	0.00707	0.00803	0.00554	0.00489	0.00939	0.01225	0.01617	0.20033	0.11489	0.21573	0.27809	0.04148	0.00356	0.00449	0.04750	0.00500	0.00467
3	0.01311	0.01214	0.07792	0.05003	0.03347	0.01101	0.11489	0.05127	0.16985	0.07995	0.18668	0.02675	0.05787	0.03858	0.04766	0.00246	0.00622	0.00755	0.00500	0.00757
4	0.00870	0.00704	0.00953	0.04907	0.09206	0.00665	0.00720	0.01108	0.01466	0.01976	0.36693	0.12169	0.23840	0.01251	0.00686	0.00195	0.00364	0.01096	0.00553	0.00580
5	0.00950	0.00779	0.01136	0.26268	0.01951	0.00874	0.00936	0.01219	0.01305	0.01790	0.25404	0.07024	0.08354	0.06121	0.05447	0.00265	0.04437	0.00844	0.04325	0.00572
6	0.04971	0.39634	0.06640	0.04134	0.05622	0.11280	0.01134	0.06567	0.01405	0.08494	0.01073	0.01196	0.00863	0.00578	0.00495	0.00152	0.02353	0.00400	0.02222	0.00789
7	0.04296	0.00956	0.01081	0.01010	0.01250	0.01033	0.00784	0.08284	0.27186	0.04326	0.13151	0.15218	0.07280	0.01307	0.04695	0.00247	0.00492	0.06104	0.00572	0.00728
8	0.09897	0.17733	0.19899	0.08327	0.05979	0.05149	0.04467	0.04563	0.07355	0.06557	0.01182	0.01340	0.00903	0.00604	0.00573	0.00177	0.03690	0.00457	0.00342	0.00808
9	0.08002	0.12763	0.08905	0.01227	0.01696	0.03125	0.01099	0.24006	0.19990	0.10945	0.01594	0.01557	0.01164	0.00678	0.00543	0.00177	0.00601	0.00514	0.00506	0.00907
10	0.27015	0.08339	0.05778	0.01164	0.03757	0.10411	0.00963	0.19651	0.01590	0.02434	0.01348	0.01464	0.05487	0.00715	0.00572	0.03841	0.00617	0.00461	0.00402	0.03992

[dist]
# distance from previous block
# <min> <max>
5	26

[block]
# block no. 5 follows, 39 sequences, length 26
# corresponding to MSA columns:
# 169-194
name=unknown_F
#
# <colnr> <probs for GDERKNQSTAVLIFYWHMCP>
#	G	D	E	R	K	N	Q	S	T	A	V	L	I	F	Y	W	H	M	C	P
0	0.07897	0.21117	0.10585	0.01206	0.01659	0.13346	0.01103	0.12577	0.06447	0.10690	0.02946	0.05420	0.01205	0.00693	0.00521	0.00168	0.00669	0.00516	0.00422	0.00810
1	0.07570	0.01773	0.01504	0.01297	0.01648	0.24313	0.01018	0.14884	0.25323	0.09359	0.01608	0.01587	0.01200	0.00712	0.00612	0.00181	0.03547	0.00521	0.00494	0.00848
2	0.04512	0.01220	0.01535	0.06671	0.11592	0.01181	0.01031	0.19738	0.01672	0.11167	0.01412	0.05467	0.01131	0.00641	0.00539	0.00152	0.00554	0.00529	0.00453	0.28801
3	0.43134	0.04566	0.04583	0.03877	0.06659	0.06498	0.00920	0.01956	0.06300	0.08253	0.01120	0.01231	0.00852	0.00575	0.00451	0.00172	0.00557	0.00400	0.00388	0.07507
4	0.00973	0.00636	0.00744	0.00695	0.00891	0.00562	0.00529	0.01192	0.01500	0.09043	0.32596	0.04549	0.34639	0.01244	0.00665	0.00188	0.00309	0.01057	0.07412	0.00575
5	0.01351	0.01714	0.12212	0.05611	0.06701	0.01498	0.50782	0.01826	0.01319	0.01832	0.01129	0.01516	0.00865	0.00563	0.00790	0.00202	0.08376	0.00632	0.00287	0.00794
6	0.01779	0.00856	0.01179	0.10458	0.01579	0.00805	0.00838	0.02000	0.01477	0.39306	0.09905	0.08818	0.07335	0.07639	0.00838	0.00227	0.00496	0.03096	0.00600	0.00770
7	0.03587	0.00687	0.00874	0.00857	0.01036	0.00643	0.00671	0.01346	0.01418	0.13276	0.22373	0.12798	0.12502	0.07556	0.00891	0.00244	0.00415	0.17648	0.00583	0.00595
8	0.02175	0.15192	0.01847	0.01271	0.05173	0.01466	0.01023	0.22833	0.01867	0.32912	0.03857	0.01667	0.01275	0.00703	0.00616	0.00174	0.03922	0.00535	0.00562	0.00930
9	0.00926	0.00555	0.00698	0.00693	0.00714	0.00550	0.00434	0.00881	0.00932	0.01284	0.09156	0.03142	0.02092	0.41136	0.02408	0.28453	0.00508	0.00749	0.04333	0.00354
10	0.02248	0.01656	0.01775	0.01361	0.01834	0.01834	0.01124	0.73556	0.02780	0.03727	0.01420	0.01420	0.01006	0.00710	0.00592	0.00177	0.00651	0.00532	0.00592	0.01006
11	0.01314	0.01103	0.01273	0.00917	0.01438	0.00878	0.00737	0.07645	0.01359	0.02081	0.01083	0.01243	0.00887	0.00461	0.00451	0.00095	0.00456	0.00366	0.00371	0.75843
12	0.01009	0.00890	0.01468	0.15298	0.18820	0.00912	0.06045	0.01248	0.01209	0.01634	0.02229	0.41897	0.02461	0.01229	0.00683	0.00215	0.00550	0.01141	0.00422	0.00639
13	0.67009	0.01214	0.01032	0.00880	0.01267	0.01380	0.00725	0.12628	0.01309	0.06579	0.00991	0.01084	0.00738	0.00583	0.00412	0.00182	0.00489	0.00366	0.00419	0.00714
14	0.01825	0.01548	0.01530	0.01290	0.01674	0.08108	0.01024	0.29398	0.41386	0.02854	0.01909	0.01814	0.01416	0.00751	0.00592	0.00188	0.00588	0.00593	0.00572	0.00940
15	0.01019	0.00892	0.01409	0.01222	0.01346	0.01040	0.10267	0.01206	0.00980	0.01405	0.01413	0.02321	0.01386	0.18645	0.35095	0.00622	0.18204	0.00663	0.00310	0.00554
16	0.00830	0.00554	0.00698	0.00778	0.00853	0.00512	0.00529	0.00948	0.01178	0.04600	0.05684	0.55205	0.11635	0.08353	0.00919	0.00256	0.00360	0.01447	0.04163	0.00499
17	0.00820	0.00610	0.00771	0.00818	0.00919	0.00588	0.00579	0.01112	0.07256	0.01887	0.27998	0.44246	0.07089	0.01533	0.00721	0.00217	0.00330	0.01372	0.00588	0.00545
18	0.01502	0.01286	0.01355	0.01210	0.01550	0.01486	0.00944	0.05971	0.71579	0.02524	0.02367	0.02175	0.01773	0.00799	0.00601	0.00200	0.00475	0.00663	0.00601	0.00939
19	0.01012	0.00524	0.00786	0.00786	0.00795	0.00533	0.00533	0.00795	0.00786	0.01057	0.01075	0.01843	0.01066	0.02258	0.08680	0.75803	0.00605	0.00524	0.00262	0.00280
20	0.01341	0.02214	0.34038	0.02107	0.02817	0.01458	0.40503	0.04740	0.01389	0.01958	0.01148	0.01442	0.00839	0.00534	0.00636	0.00193	0.00931	0.00581	0.00290	0.00838
21	0.01208	0.01174	0.01799	0.64159	0.09944	0.05242	0.01590	0.01580	0.01224	0.01562	0.01049	0.01525	0.00803	0.00580	0.00581	0.00188	0.00780	0.00511	0.00271	0.04229
22	0.04344	0.00974	0.01184	0.00911	0.01349	0.00799	0.00726	0.01703	0.01285	0.17136	0.01504	0.06808	0.01248	0.00932	0.06849	0.00193	0.00541	0.00515	0.00440	0.50559
23	0.01756	0.04476	0.01804	0.01402	0.03735	0.04570	0.13920	0.14768	0.07979	0.19030	0.12977	0.02252	0.04432	0.00891	0.03101	0.00209	0.00645	0.00682	0.00536	0.00835
24	0.01734	0.01437	0.04040	0.02641	0.45843	0.04944	0.01487	0.06936	0.01509	0.14944	0.01330	0.01512	0.01015	0.00573	0.00572	0.00169	0.00664	0.00515	0.00394	0.07741
25	0.09452	0.33891	0.11170	0.01272	0.05242	0.07115	0.01148	0.10084	0.05237	0.01970	0.01042	0.01163	0.00848	0.00558	0.00462	0.00150	0.00656	0.00392	0.00334	0.07813

[dist]
# distance from previous block
# <min> <max>
0	28

[block]
# block no. 6 follows, 39 sequences, length 23
# corresponding to MSA columns:
# 223-245
name=unknown_G
#
# <colnr> <probs for GDERKNQSTAVLIFYWHMCP>
#	G	D	E	R	K	N	Q	S	T	A	V	L	I	F	Y	W	H	M	C	P
0	0.06826	0.10110	0.14426	0.01139	0.01645	0.06110	0.01075	0.05355	0.10964	0.11560	0.01629	0.01650	0.05007	0.00640	0.00517	0.00157	0.00591	0.00491	0.00424	0.19683
1	0.05683	0.11054	0.14598	0.03654	0.05607	0.03734	0.02297	0.04673	0.01328	0.06568	0.03434	0.16341	0.01574	0.00814	0.00553	0.00169	0.00586	0.00680	0.00394	0.16260
2	0.64808	0.06327	0.01125	0.00888	0.01262	0.10665	0.00728	0.01807	0.01110	0.02395	0.00844	0.00984	0.00673	0.00549	0.00390	0.00172	0.00543	0.00329	0.00351	0.04051
3	0.02214	0.02659	0.01689	0.01501	0.01829	0.66572	0.01140	0.12110	0.01827	0.01759	0.00983	0.01115	0.00795	0.00623	0.00541	0.00156	0.01010	0.00402	0.00344	0.00729
4	0.00721	0.00515	0.00686	0.00823	0.00858	0.00480	0.00549	0.00823	0.01132	0.01510	0.03259	0.78831	0.03911	0.01853	0.00755	0.00240	0.00343	0.01681	0.00549	0.00480
5	0.01005	0.00894	0.01334	0.12123	0.23717	0.00888	0.01048	0.01259	0.01339	0.01768	0.11791	0.12267	0.26073	0.01089	0.00656	0.00195	0.00490	0.00962	0.00445	0.00657
6	0.00909	0.00619	0.00759	0.00713	0.00882	0.00559	0.00539	0.01156	0.01572	0.05750	0.51027	0.04460	0.21344	0.01221	0.00675	0.00186	0.00294	0.01056	0.05713	0.00566
7	0.01003	0.00522	0.00752	0.00752	0.00752	0.00522	0.00491	0.00783	0.00783	0.01044	0.01148	0.02097	0.01190	0.13215	0.02412	0.70902	0.00522	0.00564	0.00271	0.00271
8	0.01779	0.28035	0.09454	0.06639	0.03611	0.12108	0.01221	0.23608	0.01753	0.02203	0.01100	0.01235	0.00865	0.00600	0.00503	0.00158	0.00721	0.00430	0.03153	0.00825
9	0.01695	0.01005	0.01197	0.01024	0.01339	0.01015	0.00805	0.11681	0.18175	0.24681	0.14080	0.11977	0.06731	0.01002	0.00638	0.00195	0.00448	0.00849	0.00638	0.00826
10	0.01865	0.01357	0.11012	0.01285	0.05751	0.01132	0.01080	0.13676	0.10540	0.29064	0.08768	0.03741	0.06416	0.00817	0.00609	0.00187	0.00545	0.00675	0.00585	0.00894
11	0.01839	0.16284	0.01848	0.01269	0.01668	0.15561	0.01039	0.21978	0.27843	0.02426	0.01567	0.01547	0.01200	0.00686	0.00545	0.00172	0.00658	0.00513	0.00479	0.00876
12	0.74012	0.01072	0.00853	0.00780	0.01107	0.01232	0.00628	0.01632	0.01002	0.02498	0.00985	0.05838	0.00863	0.00708	0.00490	0.04448	0.00453	0.00415	0.00372	0.00611
13	0.01736	0.01804	0.14750	0.05470	0.12655	0.06292	0.05252	0.28501	0.06509	0.04836	0.05293	0.01619	0.01229	0.00668	0.00594	0.00182	0.00713	0.00553	0.00448	0.00896
14	0.01106	0.03763	0.18429	0.01068	0.01409	0.03368	0.03720	0.01415	0.02316	0.06499	0.03661	0.24371	0.13340	0.04357	0.00728	0.00213	0.00532	0.00971	0.08088	0.00645
15	0.01037	0.00797	0.04794	0.00882	0.01103	0.00651	0.02932	0.01304	0.01536	0.09815	0.42503	0.11876	0.13332	0.01223	0.00690	0.00197	0.00375	0.03739	0.00600	0.00613
16	0.07030	0.02511	0.04304	0.04231	0.08942	0.01062	0.03458	0.04031	0.07783	0.32561	0.01967	0.09530	0.01539	0.01105	0.06990	0.00254	0.00639	0.00677	0.00538	0.00848
17	0.16935	0.01187	0.01592	0.35304	0.02674	0.03791	0.05783	0.09445	0.01416	0.08513	0.03978	0.01596	0.01055	0.00630	0.00551	0.00187	0.00671	0.00521	0.03447	0.00724
18	0.00852	0.00572	0.00655	0.00659	0.00668	0.00568	0.00378	0.00871	0.00915	0.01227	0.05715	0.07534	0.02412	0.71440	0.02781	0.00537	0.00547	0.00911	0.00383	0.00375
19	0.01622	0.01565	0.01616	0.05682	0.04135	0.17568	0.01135	0.13115	0.03461	0.03785	0.04302	0.01642	0.01172	0.00948	0.04118	0.00224	0.23071	0.02413	0.00378	0.08048
20	0.01365	0.01270	0.02424	0.04182	0.04207	0.01250	0.40123	0.04777	0.01410	0.04728	0.01598	0.02395	0.01357	0.00733	0.00720	0.00202	0.04375	0.10813	0.11333	0.00737
21	0.01442	0.01378	0.02327	0.08264	0.68671	0.01401	0.01776	0.01837	0.03628	0.01922	0.01149	0.01494	0.00955	0.00540	0.00586	0.00178	0.00701	0.00531	0.00301	0.00919
22	0.01664	0.01633	0.01889	0.01592	0.04388	0.16642	0.15564	0.17672	0.13911	0.02262	0.03446	0.06706	0.04204	0.00804	0.00661	0.00190	0.02713	0.02805	0.00454	0.00800

[dist]
# distance from previous block
# <min> <max>
0	5

[block]
# block no. 7 follows, 39 sequences, length 19
# corresponding to MSA columns:
# 251-269
name=unknown_H
#
# <colnr> <probs for GDERKNQSTAVLIFYWHMCP>
#	G	D	E	R	K	N	Q	S	T	A	V	L	I	F	Y	W	H	M	C	P
0	0.16142	0.24078	0.08902	0.08427	0.01777	0.03976	0.01066	0.07784	0.01398	0.08910	0.06542	0.01453	0.01187	0.00616	0.00484	0.00161	0.00605	0.00452	0.00383	0.05655
1	0.05346	0.04224	0.10663	0.01603	0.12436	0.05175	0.06833	0.09771	0.08293	0.06439	0.02182	0.02250	0.14229	0.00794	0.00655	0.00186	0.04398	0.00651	0.03080	0.00792
2	0.01218	0.04696	0.01044	0.00902	0.01016	0.11523	0.00645	0.01109	0.00984	0.01213	0.01160	0.07002	0.01166	0.01626	0.01700	0.54380	0.00580	0.00553	0.00292	0.07192
3	0.01503	0.01034	0.01239	0.00936	0.01399	0.00846	0.00746	0.06722	0.01409	0.15169	0.01517	0.08829	0.01281	0.00645	0.00507	0.00125	0.00455	0.00534	0.00454	0.54648
4	0.01587	0.08705	0.01502	0.01101	0.01476	0.01349	0.00891	0.16954	0.24047	0.07760	0.01752	0.03573	0.01399	0.03963	0.08673	0.00264	0.00638	0.00579	0.00498	0.13289
5	0.00762	0.00555	0.00714	0.00772	0.00857	0.00511	0.00539	0.00928	0.01333	0.01807	0.28362	0.44856	0.10835	0.03344	0.00781	0.00225	0.00322	0.01412	0.00580	0.00506
6	0.01448	0.01532	0.08817	0.03961	0.02558	0.01344	0.45715	0.07775	0.01505	0.05654	0.04790	0.01762	0.01197	0.00586	0.00643	0.00189	0.00826	0.00656	0.08247	0.00793
7	0.01027	0.00514	0.00770	0.00770	0.00770	0.00514	0.00514	0.00770	0.00770	0.01027	0.01027	0.01798	0.01027	0.02054	0.02311	0.82794	0.00514	0.00514	0.00257	0.00257
8	0.01915	0.01491	0.01587	0.01293	0.01707	0.01678	0.01043	0.43377	0.33501	0.03190	0.01843	0.01757	0.01348	0.00750	0.00596	0.00187	0.00572	0.00591	0.00596	0.00976
9	0.16253	0.01259	0.01443	0.01227	0.03460	0.01433	0.00964	0.25864	0.01621	0.06983	0.01187	0.01464	0.00956	0.03723	0.01071	0.08135	0.16385	0.00495	0.00429	0.05645
10	0.01693	0.65893	0.02845	0.01103	0.01573	0.15618	0.01035	0.01876	0.01286	0.01401	0.00839	0.00970	0.00759	0.00524	0.00407	0.00131	0.00710	0.00328	0.00262	0.00746
11	0.01219	0.09392	0.70106	0.01630	0.02473	0.01453	0.02088	0.01864	0.01245	0.01833	0.01041	0.01224	0.00750	0.00557	0.00547	0.00182	0.00854	0.00427	0.00250	0.00864
12	0.01773	0.04867	0.01668	0.01599	0.14819	0.01278	0.03140	0.14975	0.14496	0.19138	0.08355	0.05944	0.01834	0.00808	0.00609	0.00187	0.00553	0.02524	0.00549	0.00886
13	0.00784	0.00620	0.00744	0.06078	0.01036	0.00586	0.00560	0.00945	0.01269	0.01621	0.15153	0.12927	0.36622	0.13532	0.04658	0.00295	0.00438	0.01129	0.00504	0.00497
14	0.01878	0.00795	0.01021	0.00859	0.01158	0.00715	0.00681	0.02112	0.01503	0.41651	0.07408	0.09613	0.02003	0.00860	0.00563	0.00175	0.00404	0.00719	0.25092	0.00789
15	0.05116	0.00734	0.00919	0.00847	0.01034	0.00692	0.00623	0.01588	0.01263	0.24927	0.05264	0.16055	0.02384	0.25473	0.01380	0.00320	0.00482	0.06739	0.03534	0.00626
16	0.01157	0.01096	0.01730	0.41494	0.09897	0.01372	0.01447	0.01444	0.01116	0.01527	0.01213	0.09620	0.01128	0.00841	0.00981	0.00217	0.22118	0.00645	0.00295	0.00662
17	0.03795	0.01025	0.01668	0.01342	0.01664	0.00998	0.19870	0.05127	0.01436	0.15164	0.05723	0.13880	0.07381	0.00993	0.00718	0.00204	0.04248	0.06765	0.07286	0.00712
18	0.01742	0.01257	0.01396	0.01155	0.01510	0.01365	0.00923	0.32224	0.21961	0.08744	0.16547	0.04523	0.02257	0.00870	0.00620	0.00188	0.00506	0.00715	0.00616	0.00882

[dist]
# distance from previous block
# <min> <max>
0	1

[block]
# block no. 8 follows, 39 sequences, length 11
# corresponding to MSA columns:
# 271-281
name=unknown_I
#
# <colnr> <probs for GDERKNQSTAVLIFYWHMCP>
#	G	D	E	R	K	N	Q	S	T	A	V	L	I	F	Y	W	H	M	C	P
0	0.13153	0.04763	0.01385	0.01066	0.01475	0.06669	0.00866	0.05269	0.15198	0.33300	0.04094	0.01786	0.01402	0.00695	0.00543	0.00175	0.00532	0.00539	0.00571	0.06522
1	0.06244	0.10758	0.01782	0.01389	0.01744	0.50327	0.01088	0.12038	0.05976	0.01874	0.01056	0.01163	0.00849	0.00620	0.00520	0.00157	0.00897	0.00408	0.00359	0.00749
2	0.33032	0.09713	0.15005	0.01266	0.01774	0.01539	0.08888	0.11480	0.08134	0.02428	0.01132	0.01256	0.00856	0.00586	0.00490	0.00181	0.00635	0.00442	0.00378	0.00787
3	0.00777	0.00602	0.00707	0.00681	0.00847	0.00532	0.00511	0.01000	0.01532	0.02035	0.45130	0.04971	0.35876	0.01334	0.00698	0.00192	0.00288	0.01147	0.00607	0.00532
4	0.01260	0.01186	0.02037	0.10380	0.02168	0.01270	0.24897	0.08212	0.01423	0.01956	0.13347	0.04065	0.01919	0.06851	0.01049	0.00237	0.12502	0.04162	0.00395	0.00686
5	0.00769	0.00586	0.00701	0.00704	0.00842	0.00525	0.00512	0.00964	0.01442	0.01915	0.36394	0.17723	0.29478	0.03808	0.00779	0.00212	0.00306	0.01231	0.00589	0.00518
6	0.00952	0.00754	0.01044	0.01007	0.01121	0.00898	0.00780	0.01298	0.08864	0.01479	0.01624	0.02335	0.01502	0.09202	0.56852	0.00783	0.07945	0.00644	0.00346	0.00570
7	0.03267	0.17452	0.01923	0.07203	0.04056	0.21042	0.01107	0.14072	0.08779	0.03938	0.01183	0.01311	0.00938	0.00628	0.00579	0.00161	0.04216	0.00445	0.00382	0.07318
8	0.64330	0.01287	0.00976	0.00863	0.01220	0.09387	0.00694	0.01753	0.01131	0.02457	0.05050	0.01186	0.00949	0.00585	0.00408	0.00173	0.00512	0.00371	0.00374	0.06292
9	0.01419	0.11523	0.07231	0.23151	0.06741	0.05814	0.11549	0.06307	0.08325	0.01869	0.01190	0.01453	0.00924	0.00573	0.00558	0.00171	0.00738	0.00504	0.00332	0.09629
10	0.04251	0.13110	0.07316	0.01109	0.01481	0.03751	0.00967	0.12473	0.09384	0.17456	0.01658	0.04662	0.01345	0.08752	0.00899	0.02287	0.04077	0.00584	0.03646	0.00792

[dist]
# distance from previous block
# <min> <max>
1	9

[block]
# block no. 9 follows, 39 sequences, length 9
# corresponding to MSA columns:
# 298-306
name=unknown_J
#
# <colnr> <probs for GDERKNQSTAVLIFYWHMCP>
#	G	D	E	R	K	N	Q	S	T	A	V	L	I	F	Y	W	H	M	C	P
0	0.01424	0.01188	0.01683	0.07207	0.11849	0.03273	0.09851	0.17066	0.02699	0.04354	0.07242	0.11373	0.01816	0.09018	0.03826	0.00259	0.02199	0.00765	0.00441	0.02469
1	0.00894	0.00723	0.00970	0.00879	0.01087	0.00658	0.06423	0.01175	0.04767	0.01866	0.17958	0.21398	0.24209	0.01270	0.00666	0.00193	0.00379	0.01122	0.06554	0.06808
2	0.29759	0.10831	0.12591	0.01311	0.07053	0.04985	0.01124	0.02005	0.06283	0.10871	0.01169	0.01282	0.00888	0.00625	0.00591	0.00182	0.06866	0.00428	0.00378	0.00778
3	0.07409	0.01498	0.01983	0.11439	0.20708	0.12679	0.10928	0.02136	0.06335	0.15155	0.01364	0.01545	0.01015	0.00613	0.00614	0.00183	0.02635	0.00535	0.00396	0.00831
4	0.00886	0.00619	0.00707	0.00689	0.00863	0.00542	0.00506	0.01050	0.01377	0.07223	0.18739	0.12900	0.42852	0.07325	0.00872	0.00228	0.00336	0.01182	0.00568	0.00536
5	0.03740	0.07366	0.01922	0.14428	0.10572	0.16751	0.07037	0.08272	0.02727	0.10907	0.03829	0.01525	0.01093	0.00628	0.00594	0.00172	0.02525	0.00511	0.00389	0.05012
6	0.00861	0.00566	0.00660	0.00679	0.00794	0.00530	0.00484	0.01058	0.01320	0.01913	0.22261	0.20963	0.15236	0.06990	0.00804	0.00216	0.00318	0.01083	0.22750	0.00514
7	0.01315	0.06723	0.14111	0.01269	0.06739	0.01139	0.01087	0.07137	0.06725	0.02025	0.01348	0.07582	0.01174	0.00631	0.00514	0.00141	0.00554	0.00520	0.00376	0.38892
8	0.36092	0.07942	0.01572	0.06962	0.05509	0.19629	0.03586	0.06711	0.01344	0.02148	0.00929	0.01120	0.00743	0.00586	0.00509	0.00174	0.03001	0.00394	0.00340	0.00708

[dist]
# distance from previous block
# <min> <max>
0	2

[block]
# block no. 10 follows, 39 sequences, length 9
# corresponding to MSA columns:
# 309-317
name=unknown_K
#
# <colnr> <probs for GDERKNQSTAVLIFYWHMCP>
#	G	D	E	R	K	N	Q	S	T	A	V	L	I	F	Y	W	H	M	C	P
0	0.01204	0.00782	0.00937	0.00874	0.01100	0.00762	0.00679	0.01685	0.14738	0.13214	0.23013	0.10463	0.18180	0.01200	0.00673	0.00202	0.00378	0.06711	0.02530	0.00674
1	0.01738	0.06231	0.01448	0.05603	0.07231	0.03331	0.00938	0.06196	0.12528	0.25905	0.02103	0.14673	0.01798	0.06616	0.00782	0.00219	0.00542	0.00767	0.00542	0.00810
2	0.06020	0.01554	0.01821	0.01524	0.04992	0.08738	0.11004	0.30355	0.14018	0.06375	0.01623	0.06472	0.01286	0.00744	0.00601	0.00186	0.00674	0.00628	0.00506	0.00880
3	0.00834	0.00580	0.00691	0.00729	0.00773	0.00565	0.00478	0.00908	0.01038	0.01368	0.05483	0.16694	0.08727	0.47572	0.02091	0.00436	0.00498	0.09676	0.00440	0.00421
4	0.02117	0.01658	0.01866	0.07629	0.02086	0.07948	0.06428	0.52065	0.02389	0.07817	0.01390	0.01454	0.00989	0.00678	0.00595	0.00179	0.00712	0.00535	0.00529	0.00936
5	0.00964	0.00610	0.00797	0.00797	0.00931	0.00556	0.00579	0.01164	0.01450	0.09276	0.36579	0.32677	0.08503	0.01424	0.00709	0.00207	0.00327	0.01266	0.00614	0.00569
6	0.02013	0.01282	0.01484	0.01117	0.01603	0.01228	0.00915	0.30702	0.01972	0.22223	0.01538	0.01512	0.01083	0.00625	0.00541	0.00149	0.00540	0.00488	0.00548	0.28438
7	0.01413	0.01284	0.01516	0.07500	0.01806	0.07237	0.06167	0.10380	0.01487	0.02096	0.05305	0.01474	0.01144	0.00546	0.00511	0.00127	0.00576	0.00456	0.00382	0.48592
8	0.29567	0.01200	0.01097	0.00977	0.01292	0.07292	0.00768	0.06122	0.16953	0.09995	0.05852	0.08035	0.01610	0.00789	0.00520	0.00186	0.00493	0.00609	0.05901	0.00742

[dist]
# distance from previous block
# <min> <max>
0	16

[block]
# block no. 11 follows, 39 sequences, length 26
# corresponding to MSA columns:
# 334-359
name=unknown_L
#
# <colnr> <probs for GDERKNQSTAVLIFYWHMCP>
#	G	D	E	R	K	N	Q	S	T	A	V	L	I	F	Y	W	H	M	C	P
0	0.09933	0.07716	0.04814	0.01009	0.01430	0.04018	0.00859	0.06508	0.06437	0.20059	0.03742	0.06357	0.06733	0.00759	0.00538	0.00164	0.00512	0.00602	0.00496	0.17311
1	0.01374	0.01189	0.01594	0.04480	0.20905	0.01067	0.01065	0.08855	0.01429	0.02111	0.03700	0.01433	0.01066	0.00521	0.00507	0.00127	0.00536	0.00447	0.00367	0.47228
2	0.00854	0.00655	0.00922	0.00909	0.01007	0.00748	0.00693	0.01031	0.00978	0.01372	0.02021	0.02790	0.08968	0.12518	0.57111	0.00798	0.05054	0.00716	0.00342	0.00511
3	0.06270	0.01011	0.01581	0.20364	0.26021	0.01082	0.01285	0.01490	0.01231	0.04463	0.01719	0.16872	0.01694	0.01155	0.05822	0.00254	0.00680	0.05924	0.00376	0.00709
4	0.00861	0.00590	0.00718	0.00731	0.00830	0.00548	0.00504	0.00997	0.01257	0.04382	0.21242	0.22316	0.16099	0.22782	0.01345	0.00310	0.00394	0.03074	0.00529	0.00491
5	0.02348	0.01139	0.01411	0.01121	0.01553	0.01111	0.00913	0.11021	0.17775	0.51569	0.02245	0.01987	0.01486	0.00745	0.00596	0.00186	0.00512	0.00604	0.00687	0.00991
6	0.01519	0.00887	0.01072	0.00969	0.01226	0.00884	0.00741	0.07172	0.15616	0.21844	0.07969	0.25932	0.05395	0.01150	0.00648	0.00202	0.00423	0.00996	0.04596	0.00757
7	0.00860	0.00573	0.00645	0.00645	0.00645	0.00573	0.00358	0.00860	0.00860	0.01147	0.01863	0.03870	0.02150	0.79217	0.03010	0.00573	0.00573	0.00860	0.00358	0.00358
8	0.00937	0.00682	0.00805	0.00764	0.00926	0.00670	0.00570	0.01368	0.11106	0.02210	0.44911	0.05477	0.11432	0.04922	0.00765	0.00203	0.00321	0.00975	0.10365	0.00590
9	0.11144	0.01094	0.01354	0.01066	0.04189	0.00919	0.04118	0.01756	0.01282	0.12976	0.01223	0.01337	0.00938	0.00501	0.00470	0.00121	0.00485	0.00406	0.00404	0.54217
10	0.16606	0.02533	0.54616	0.01712	0.09656	0.01368	0.01858	0.01842	0.01213	0.02025	0.01022	0.01216	0.00748	0.00556	0.00528	0.00185	0.00779	0.00424	0.00276	0.00837
11	0.01533	0.14475	0.01989	0.02006	0.28284	0.01469	0.01239	0.05331	0.14722	0.08270	0.01804	0.05424	0.05845	0.00745	0.00632	0.00181	0.04157	0.00621	0.00420	0.00854
12	0.01494	0.01415	0.02376	0.03542	0.72687	0.01422	0.01788	0.04581	0.01402	0.02001	0.01124	0.01462	0.00939	0.00534	0.00586	0.00176	0.00701	0.00527	0.00304	0.00939
13	0.63707	0.07144	0.01168	0.00921	0.01287	0.14166	0.00752	0.01846	0.01134	0.02357	0.00839	0.00978	0.00670	0.00556	0.00395	0.00174	0.00573	0.00330	0.00347	0.00657
14	0.01488	0.01417	0.02230	0.15406	0.56215	0.04205	0.01715	0.06675	0.01430	0.01968	0.01116	0.01464	0.00911	0.00553	0.00585	0.00178	0.00726	0.00522	0.00309	0.00887
15	0.01226	0.01051	0.01226	0.00876	0.01401	0.00788	0.00701	0.01489	0.01226	0.01927	0.01051	0.01226	0.00876	0.00438	0.00438	0.00088	0.00438	0.00350	0.00350	0.82832
16	0.11904	0.01058	0.01337	0.01038	0.01486	0.00976	0.00857	0.06698	0.01675	0.63487	0.02109	0.01859	0.01344	0.00710	0.00568	0.00183	0.00506	0.00560	0.00682	0.00964
17	0.01678	0.01373	0.01955	0.27452	0.19548	0.01520	0.03555	0.28584	0.01841	0.04882	0.01249	0.01507	0.00929	0.00623	0.00593	0.00184	0.00714	0.00536	0.00409	0.00867
18	0.01159	0.00687	0.00894	0.00800	0.01001	0.00627	0.00614	0.01451	0.03103	0.15122	0.57876	0.04015	0.08045	0.01132	0.00678	0.00186	0.00323	0.00987	0.00659	0.00641
19	0.07286	0.05010	0.04668	0.15039	0.21647	0.01468	0.03888	0.17841	0.05014	0.10463	0.01332	0.01507	0.00988	0.00615	0.00568	0.00181	0.00670	0.00521	0.00418	0.00876
20	0.00723	0.00573	0.00651	0.00688	0.00828	0.00501	0.00494	0.00875	0.01322	0.01668	0.13939	0.28413	0.44092	0.01572	0.00716	0.00211	0.00311	0.01361	0.00562	0.00501
21	0.00947	0.00675	0.00956	0.00939	0.01024	0.00769	0.00711	0.01094	0.00975	0.03787	0.01719	0.06206	0.01719	0.16168	0.46095	0.04570	0.06805	0.03981	0.00352	0.00510
22	0.06682	0.01774	0.19515	0.08777	0.02518	0.01382	0.25185	0.10103	0.01475	0.07264	0.01214	0.01447	0.00885	0.00569	0.00614	0.00183	0.01986	0.00540	0.00356	0.07530
23	0.00850	0.00608	0.00817	0.00814	0.00880	0.00661	0.00575	0.00982	0.00962	0.01349	0.06605	0.03082	0.02021	0.34164	0.42218	0.00748	0.01092	0.00753	0.00356	0.00462
24	0.01372	0.04691	0.01335	0.00928	0.01429	0.00935	0.00751	0.01772	0.08720	0.07353	0.01272	0.01371	0.01008	0.00500	0.00463	0.00108	0.00455	0.00399	0.00399	0.64740
25	0.14600	0.08697	0.01496	0.04648	0.03066	0.17101	0.00906	0.04226	0.01333	0.01910	0.04453	0.01382	0.01057	0.02878	0.00617	0.00157	0.04388	0.00423	0.00347	0.26314

[dist]
# distance from previous block
# <min> <max>
0	19

[block]
# block no. 12 follows, 39 sequences, length 24
# corresponding to MSA columns:
# 379-402
name=unknown_M
#
# <colnr> <probs for GDERKNQSTAVLIFYWHMCP>
#	G	D	E	R	K	N	Q	S	T	A	V	L	I	F	Y	W	H	M	C	P
0	0.07909	0.01143	0.04326	0.01017	0.01406	0.01057	0.00844	0.08997	0.16447	0.11249	0.15113	0.03522	0.02085	0.00776	0.00565	0.00167	0.00464	0.02019	0.00530	0.20364
1	0.01580	0.01034	0.01356	0.01089	0.01437	0.00991	0.03602	0.08170	0.01493	0.19758	0.09195	0.05401	0.02963	0.02358	0.00786	0.00182	0.09147	0.05485	0.00506	0.23468
2	0.00925	0.00725	0.00845	0.00825	0.00997	0.00719	0.00612	0.02820	0.14603	0.02067	0.30377	0.20279	0.19287	0.01326	0.00691	0.00203	0.00339	0.01157	0.00597	0.00606
3	0.02124	0.00916	0.01188	0.00969	0.01330	0.00836	0.00779	0.02474	0.07686	0.51275	0.07342	0.06981	0.01932	0.00835	0.00590	0.00183	0.00448	0.00696	0.10534	0.00882
4	0.08742	0.01446	0.01477	0.01209	0.01560	0.06663	0.00964	0.34970	0.12041	0.08548	0.01554	0.01778	0.01219	0.09479	0.00921	0.00229	0.05268	0.00564	0.00520	0.00850
5	0.01434	0.01375	0.02348	0.09874	0.69512	0.01397	0.01800	0.01789	0.01333	0.01897	0.01107	0.01473	0.00924	0.00532	0.00586	0.00177	0.00710	0.00527	0.00290	0.00913
6	0.02281	0.01603	0.01742	0.01335	0.01807	0.01755	0.01103	0.67754	0.02691	0.09655	0.01495	0.01469	0.01043	0.00712	0.00592	0.00178	0.00639	0.00538	0.00603	0.01006
7	0.01006	0.00715	0.00807	0.00784	0.00859	0.00742	0.00506	0.07173	0.07487	0.01541	0.02111	0.16252	0.02323	0.52626	0.02213	0.00451	0.00532	0.00955	0.00432	0.00484
8	0.00851	0.00608	0.00822	0.00822	0.00883	0.00669	0.00579	0.00973	0.00912	0.01277	0.01702	0.02976	0.01762	0.35979	0.45717	0.00791	0.01158	0.00729	0.00334	0.00456
9	0.01549	0.01476	0.02470	0.14847	0.31003	0.07125	0.22352	0.01924	0.01390	0.08271	0.01218	0.01537	0.00934	0.00553	0.00616	0.00185	0.00812	0.00571	0.00329	0.00838
10	0.02653	0.01006	0.01372	0.01052	0.01510	0.00869	0.00869	0.02882	0.01693	0.75937	0.02333	0.02013	0.01464	0.00732	0.00595	0.00183	0.00503	0.00595	0.00732	0.01006
11	0.01344	0.08867	0.26852	0.02104	0.02783	0.01530	0.44145	0.01877	0.01331	0.01844	0.01120	0.01427	0.00838	0.00520	0.00626	0.00189	0.00926	0.00581	0.00279	0.00819
12	0.01409	0.28165	0.45578	0.01435	0.02153	0.01732	0.01706	0.08091	0.01367	0.01876	0.01014	0.01165	0.00775	0.00556	0.00504	0.00166	0.00775	0.00405	0.00281	0.00848
13	0.01186	0.00664	0.00846	0.00785	0.00975	0.00611	0.00607	0.01440	0.01538	0.14760	0.38561	0.08130	0.06989	0.01117	0.00643	0.00187	0.00339	0.05546	0.14452	0.00625
14	0.01577	0.01285	0.01527	0.01554	0.12579	0.02671	0.01068	0.17757	0.30336	0.04929	0.06493	0.08680	0.01847	0.00862	0.00672	0.00195	0.03838	0.00717	0.00536	0.00874
15	0.00950	0.00733	0.00874	0.00905	0.01041	0.00756	0.00667	0.01452	0.18281	0.01831	0.10853	0.31145	0.08250	0.09184	0.00942	0.00260	0.00411	0.10321	0.00553	0.00592
16	0.01433	0.01299	0.02050	0.09163	0.41361	0.03298	0.04563	0.01782	0.04076	0.06070	0.01370	0.08255	0.01220	0.00736	0.00778	0.00195	0.10538	0.00639	0.00346	0.00828
17	0.01016	0.00518	0.00762	0.00762	0.00762	0.00518	0.00503	0.00777	0.00777	0.01035	0.01085	0.01940	0.01104	0.07341	0.02359	0.77161	0.00518	0.00537	0.00264	0.00264
18	0.02292	0.01654	0.01722	0.01335	0.01796	0.06375	0.01096	0.61016	0.02587	0.11887	0.01493	0.01466	0.01043	0.00706	0.00588	0.00177	0.00660	0.00530	0.00590	0.00986
19	0.01226	0.01051	0.01226	0.00876	0.01401	0.00788	0.00701	0.01489	0.01226	0.01927	0.01051	0.01226	0.00876	0.00438	0.00438	0.00088	0.00438	0.00350	0.00350	0.82832
20	0.01721	0.08334	0.01863	0.09802	0.07035	0.25169	0.04209	0.02231	0.15768	0.06320	0.01311	0.01472	0.01033	0.00687	0.00731	0.00183	0.10479	0.00501	0.00374	0.00775
21	0.72916	0.01126	0.00934	0.00813	0.01191	0.01267	0.00670	0.01887	0.01095	0.12164	0.01019	0.01097	0.00747	0.00573	0.00396	0.00183	0.00463	0.00356	0.00413	0.00688
22	0.01678	0.20215	0.07711	0.04370	0.01772	0.05757	0.01148	0.24878	0.09534	0.02348	0.04317	0.04772	0.01280	0.00744	0.00656	0.00178	0.06833	0.00549	0.00431	0.00829
23	0.12001	0.01194	0.01429	0.01232	0.05776	0.01207	0.00942	0.19795	0.06367	0.35913	0.06622	0.01879	0.01513	0.00728	0.00573	0.00183	0.00528	0.00578	0.00615	0.00925

[dist]
# distance from previous block
# <min> <max>
0	1

[block]
# block no. 13 follows, 39 sequences, length 27
# corresponding to MSA columns:
# 404-430
name=unknown_N
#
# <colnr> <probs for GDERKNQSTAVLIFYWHMCP>
#	G	D	E	R	K	N	Q	S	T	A	V	L	I	F	Y	W	H	M	C	P
0	0.01268	0.00656	0.00853	0.00826	0.00997	0.00599	0.00609	0.01457	0.01380	0.19930	0.15492	0.35953	0.03262	0.01298	0.00656	0.00202	0.00361	0.01146	0.12421	0.00633
1	0.00725	0.00564	0.00660	0.00712	0.00834	0.00499	0.00505	0.00872	0.01299	0.01659	0.13608	0.36243	0.36490	0.01610	0.00722	0.00215	0.00315	0.01407	0.00562	0.00499
2	0.05856	0.00623	0.00675	0.00672	0.00846	0.00565	0.00500	0.00987	0.01386	0.01876	0.23673	0.13152	0.42044	0.01379	0.00676	0.00198	0.00308	0.01172	0.02887	0.00523
3	0.01283	0.01758	0.29408	0.01395	0.01879	0.01144	0.08645	0.01843	0.09800	0.09010	0.06250	0.11109	0.01750	0.07465	0.00885	0.00232	0.04234	0.00732	0.00412	0.00766
4	0.01271	0.01073	0.01160	0.01081	0.01349	0.01204	0.00825	0.02524	0.54346	0.02267	0.07240	0.14512	0.06552	0.01031	0.00637	0.00206	0.00427	0.00885	0.00594	0.00817
5	0.01549	0.01400	0.02125	0.20052	0.02560	0.01620	0.16358	0.22012	0.04213	0.02232	0.01170	0.01493	0.00906	0.00716	0.00927	0.00206	0.18728	0.00567	0.00374	0.00793
6	0.01546	0.01308	0.01380	0.01219	0.01566	0.01506	0.00954	0.09949	0.67531	0.02595	0.02312	0.02130	0.01728	0.00793	0.00601	0.00198	0.00486	0.00655	0.00601	0.00943
7	0.01797	0.49256	0.02526	0.01117	0.01598	0.02060	0.01026	0.19796	0.07815	0.06167	0.01188	0.01231	0.00948	0.00594	0.00463	0.00149	0.00616	0.00415	0.00393	0.00849
8	0.00814	0.00598	0.00762	0.00732	0.00872	0.00546	0.00545	0.01067	0.01603	0.02229	0.62751	0.09160	0.13554	0.01282	0.00701	0.00191	0.00285	0.01128	0.00633	0.00546
9	0.01581	0.79572	0.03099	0.01012	0.01518	0.02340	0.01012	0.01771	0.01202	0.01391	0.00822	0.00949	0.00759	0.00506	0.00379	0.00126	0.00632	0.00316	0.00253	0.00759
10	0.01858	0.01363	0.01429	0.05767	0.01726	0.08617	0.00992	0.06781	0.41032	0.20641	0.02109	0.01967	0.01515	0.00749	0.00592	0.00190	0.00564	0.00606	0.00585	0.00917
11	0.01846	0.01457	0.01548	0.01279	0.01681	0.01646	0.01027	0.37116	0.39875	0.03078	0.01931	0.01827	0.01419	0.00758	0.00597	0.00189	0.00556	0.00603	0.00597	0.00970
12	0.79962	0.01214	0.00903	0.00809	0.01173	0.04519	0.00662	0.01765	0.01035	0.02602	0.00827	0.00965	0.00646	0.00552	0.00373	0.00182	0.00483	0.00323	0.00363	0.00642
13	0.06314	0.04435	0.13577	0.02509	0.33757	0.01449	0.14226	0.09105	0.01476	0.02143	0.04534	0.01538	0.01098	0.00578	0.00587	0.00181	0.00739	0.00549	0.00337	0.00869
14	0.02248	0.01656	0.01775	0.01361	0.01834	0.01834	0.01124	0.73556	0.02780	0.03727	0.01420	0.01420	0.01006	0.00710	0.00592	0.00177	0.00651	0.00532	0.00592	0.01006
15	0.00845	0.00634	0.00950	0.00950	0.01056	0.00739	0.00739	0.01056	0.00950	0.01373	0.01584	0.02323	0.01478	0.04435	0.76873	0.00950	0.01584	0.00634	0.00317	0.00528
16	0.00845	0.00634	0.00950	0.00950	0.01056	0.00739	0.00739	0.01056	0.00950	0.01373	0.01584	0.02323	0.01478	0.04435	0.76873	0.00950	0.01584	0.00634	0.00317	0.00528
17	0.83394	0.01144	0.00869	0.00778	0.01144	0.01327	0.00640	0.01738	0.01006	0.02653	0.00823	0.00961	0.00640	0.00549	0.00366	0.00183	0.00457	0.00320	0.00366	0.00640
18	0.06653	0.02151	0.29554	0.01448	0.02065	0.01632	0.01492	0.42481	0.02102	0.02970	0.01250	0.01329	0.00888	0.00645	0.00567	0.00181	0.00723	0.00484	0.00450	0.00935
19	0.01638	0.01354	0.01431	0.01237	0.01602	0.01549	0.00977	0.18307	0.59023	0.02744	0.02194	0.02037	0.01633	0.00782	0.00600	0.00196	0.00507	0.00639	0.00600	0.00951
20	0.40969	0.01584	0.01424	0.01184	0.01559	0.14228	0.05020	0.19126	0.01563	0.02597	0.01001	0.01144	0.00771	0.00622	0.00554	0.00182	0.04913	0.00414	0.00400	0.00745
21	0.00717	0.00527	0.00674	0.00792	0.00849	0.00483	0.00535	0.00827	0.01163	0.01522	0.03647	0.68455	0.14037	0.01802	0.00747	0.00234	0.00337	0.01620	0.00549	0.00483
