[name]
unknown

[dist]
# distance from previous block
# <min> <max>
5	725

[block]
# block no. 0 follows, 39 sequences, length 13
# corresponding to MSA columns:
# 793-805
name=unknown_A
#
# <colnr> <probs for GDERKNQSTAVLIFYWHMCP>
#	G	D	E	R	K	N	Q	S	T	A	V	L	I	F	Y	W	H	M	C	P
0	0.29125	0.01552	0.08892	0.01687	0.11473	0.06033	0.15903	0.04430	0.04833	0.04565	0.01202	0.04050	0.00965	0.00608	0.00533	0.00185	0.00682	0.00521	0.00365	0.02396
1	0.01535	0.69330	0.02855	0.00994	0.01503	0.02138	0.00971	0.01734	0.01205	0.01461	0.00852	0.00985	0.00774	0.00497	0.00387	0.00121	0.00607	0.00321	0.00266	0.11465
2	0.83394	0.01144	0.00869	0.00778	0.01144	0.01327	0.00640	0.01738	0.01006	0.02653	0.00823	0.00961	0.00640	0.00549	0.00366	0.00183	0.00457	0.00320	0.00366	0.00640
3	0.72809	0.01211	0.00987	0.00854	0.01234	0.01393	0.00704	0.11107	0.01238	0.02793	0.00901	0.01021	0.00688	0.00570	0.00395	0.00182	0.00483	0.00348	0.00395	0.00688
4	0.00796	0.00589	0.00742	0.00732	0.00865	0.00536	0.00538	0.01025	0.01534	0.02107	0.52349	0.16361	0.16919	0.01359	0.00707	0.00197	0.00293	0.01196	0.00618	0.00536
5	0.00989	0.00844	0.01302	0.03502	0.12929	0.00835	0.07201	0.01318	0.06946	0.01740	0.05033	0.39055	0.06812	0.01352	0.00708	0.00221	0.00492	0.07605	0.00486	0.00629
6	0.01416	0.01349	0.02292	0.03452	0.70785	0.01346	0.01735	0.01752	0.01333	0.01905	0.01249	0.06377	0.01126	0.00611	0.00596	0.00180	0.00680	0.00600	0.00309	0.00908
7	0.01343	0.04878	0.26550	0.04969	0.37519	0.01407	0.01788	0.01902	0.07257	0.01901	0.01206	0.01470	0.00955	0.00711	0.03468	0.00210	0.00773	0.00505	0.00302	0.00885
8	0.00866	0.00715	0.00776	0.00768	0.00960	0.00689	0.00571	0.01314	0.15443	0.01831	0.11912	0.17207	0.41976	0.01394	0.00689	0.00205	0.00337	0.01191	0.00570	0.00586
9	0.00842	0.00665	0.00863	0.00866	0.01006	0.00664	0.02347	0.01155	0.07984	0.01711	0.12765	0.28263	0.18946	0.02101	0.16605	0.00368	0.00611	0.01171	0.00513	0.00554
10	0.01411	0.01496	0.10074	0.04215	0.14460	0.01392	0.12372	0.08014	0.25581	0.02239	0.07565	0.01991	0.01595	0.02378	0.00697	0.00201	0.02377	0.00641	0.00444	0.00856
11	0.01368	0.02301	0.47484	0.01488	0.04399	0.01196	0.01675	0.01931	0.03355	0.09834	0.01235	0.01359	0.00889	0.00559	0.00540	0.00165	0.00723	0.00444	0.00334	0.18721
12	0.66861	0.01116	0.00972	0.00834	0.01219	0.01233	0.00687	0.01973	0.01147	0.17659	0.01133	0.01176	0.00809	0.00586	0.00413	0.00183	0.00467	0.00376	0.00441	0.00715

[dist]
# distance from previous block
# <min> <max>
0	6

[block]
# block no. 1 follows, 39 sequences, length 12
# corresponding to MSA columns:
# 812-823
name=unknown_B
#
# <colnr> <probs for GDERKNQSTAVLIFYWHMCP>
#	G	D	E	R	K	N	Q	S	T	A	V	L	I	F	Y	W	H	M	C	P
0	0.05316	0.06561	0.09181	0.01251	0.01721	0.06322	0.01109	0.30478	0.08400	0.17515	0.01719	0.03181	0.03138	0.00726	0.00570	0.00179	0.00630	0.00557	0.00535	0.00911
1	0.39440	0.01358	0.08800	0.10043	0.09449	0.01312	0.01089	0.07564	0.03182	0.07027	0.01206	0.05033	0.00970	0.00647	0.00492	0.00187	0.00576	0.00487	0.00391	0.00749
2	0.37801	0.12505	0.16845	0.01052	0.01536	0.01390	0.01049	0.04234	0.01229	0.10598	0.01218	0.06075	0.00992	0.00654	0.00466	0.00179	0.00573	0.00468	0.00387	0.00749
3	0.01226	0.01042	0.01154	0.01000	0.01256	0.06076	0.04270	0.04582	0.16167	0.01889	0.04085	0.08060	0.03924	0.16798	0.04702	0.00285	0.00576	0.00721	0.07466	0.14721
4	0.01484	0.01043	0.01253	0.00908	0.01421	0.00803	0.00731	0.01741	0.01310	0.15289	0.01283	0.01368	0.00982	0.00491	0.00466	0.00105	0.00450	0.00394	0.00419	0.68059
5	0.01278	0.05327	0.01592	0.01284	0.08731	0.01015	0.06135	0.01652	0.05899	0.01952	0.04683	0.01476	0.01161	0.00515	0.00491	0.00118	0.00509	0.00446	0.00366	0.55371
6	0.01702	0.12654	0.07442	0.01450	0.12076	0.09572	0.01093	0.01980	0.01421	0.17901	0.06049	0.01580	0.01275	0.00602	0.00521	0.00148	0.00610	0.00480	0.00418	0.21025
7	0.77800	0.01274	0.05992	0.00839	0.01240	0.01330	0.00746	0.01748	0.01023	0.02600	0.00840	0.00980	0.00648	0.00550	0.00379	0.00183	0.00486	0.00328	0.00358	0.00656
8	0.01317	0.09882	0.05076	0.01100	0.01363	0.11242	0.00927	0.10598	0.01387	0.01797	0.05191	0.02214	0.01537	0.04465	0.32730	0.00509	0.01071	0.04370	0.02573	0.00651
9	0.01180	0.02742	0.64094	0.01764	0.05978	0.01324	0.05666	0.01804	0.01253	0.01853	0.01212	0.06254	0.00969	0.00640	0.00582	0.00191	0.00838	0.00534	0.00273	0.00848
10	0.00786	0.00602	0.00719	0.00690	0.00852	0.00536	0.00518	0.01017	0.01553	0.02084	0.49516	0.04890	0.31459	0.01316	0.00698	0.00191	0.00287	0.01136	0.00613	0.00536
11	0.01405	0.01392	0.07844	0.23322	0.10930	0.01392	0.07158	0.15457	0.07425	0.02175	0.05150	0.01893	0.04757	0.00713	0.00677	0.00192	0.04839	0.00607	0.01880	0.00792

[dist]
# distance from previous block
# <min> <max>
8	39

[block]
# block no. 2 follows, 39 sequences, length 56
# corresponding to MSA columns:
# 879-934
name=unknown_C
#
# <colnr> <probs for GDERKNQSTAVLIFYWHMCP>
#	G	D	E	R	K	N	Q	S	T	A	V	L	I	F	Y	W	H	M	C	P
0	0.01688	0.63523	0.02804	0.01086	0.01572	0.05912	0.01029	0.10506	0.04107	0.01716	0.00957	0.01057	0.00827	0.00547	0.00421	0.00137	0.00650	0.00358	0.00309	0.00792
1	0.83394	0.01144	0.00869	0.00778	0.01144	0.01327	0.00640	0.01738	0.01006	0.02653	0.00823	0.00961	0.00640	0.00549	0.00366	0.00183	0.00457	0.00320	0.00366	0.00640
2	0.01809	0.10470	0.05003	0.01390	0.05349	0.01721	0.01124	0.33532	0.28121	0.02843	0.01674	0.01642	0.01249	0.00704	0.00569	0.00180	0.00595	0.00552	0.00527	0.00944
3	0.01423	0.01354	0.02290	0.03306	0.64835	0.01358	0.04191	0.01828	0.04352	0.01957	0.03172	0.01801	0.01198	0.00603	0.00603	0.00182	0.00685	0.03630	0.00326	0.00905
4	0.00860	0.00573	0.00645	0.00645	0.00645	0.00573	0.00358	0.00860	0.00860	0.01147	0.01863	0.03870	0.02150	0.79217	0.03010	0.00573	0.00573	0.00860	0.00358	0.00358
5	0.01581	0.79572	0.03099	0.01012	0.01518	0.02340	0.01012	0.01771	0.01202	0.01391	0.00822	0.00949	0.00759	0.00506	0.00379	0.00126	0.00632	0.00316	0.00253	0.00759
6	0.02248	0.01656	0.01775	0.01361	0.01834	0.01834	0.01124	0.73556	0.02780	0.03727	0.01420	0.01420	0.01006	0.00710	0.00592	0.00177	0.00651	0.00532	0.00592	0.01006
7	0.02248	0.01656	0.01775	0.01361	0.01834	0.01834	0.01124	0.73556	0.02780	0.03727	0.01420	0.01420	0.01006	0.00710	0.00592	0.00177	0.00651	0.00532	0.00592	0.01006
8	0.01034	0.00923	0.01494	0.56186	0.03177	0.01099	0.01338	0.01389	0.01301	0.01721	0.19222	0.05094	0.02071	0.00788	0.00623	0.00196	0.00648	0.00700	0.00368	0.00626
9	0.01559	0.73050	0.06193	0.01049	0.01564	0.02263	0.01060	0.01831	0.04204	0.01457	0.00897	0.01013	0.00801	0.00521	0.00396	0.00132	0.00636	0.00336	0.00267	0.00771
10	0.01117	0.01051	0.01774	0.77795	0.04073	0.01314	0.01642	0.01511	0.01182	0.01511	0.01051	0.01577	0.00788	0.00591	0.00591	0.00197	0.00788	0.00526	0.00263	0.00657
11	0.51659	0.12874	0.01389	0.00995	0.01366	0.20009	0.00817	0.01896	0.01199	0.02175	0.00846	0.00985	0.00687	0.00558	0.00409	0.00167	0.00632	0.00335	0.00335	0.00669
12	0.01633	0.01472	0.02582	0.02464	0.24623	0.01462	0.30236	0.11567	0.07891	0.07930	0.01393	0.01617	0.01046	0.00579	0.00633	0.00188	0.00778	0.00614	0.00396	0.00896
13	0.01165	0.01507	0.23360	0.01084	0.01591	0.00895	0.01106	0.01557	0.01394	0.05716	0.24056	0.02259	0.02322	0.00728	0.00563	0.00152	0.00522	0.00611	0.00432	0.28979
14	0.00860	0.00573	0.00645	0.00645	0.00645	0.00573	0.00358	0.00860	0.00860	0.01147	0.01863	0.03870	0.02150	0.79217	0.03010	0.00573	0.00573	0.00860	0.00358	0.00358
15	0.01447	0.01635	0.12125	0.02771	0.47253	0.03362	0.01652	0.02133	0.17645	0.02032	0.01389	0.01590	0.01100	0.00595	0.00585	0.00182	0.00683	0.00543	0.00356	0.00922
16	0.00860	0.00573	0.00645	0.00645	0.00645	0.00573	0.00358	0.00860	0.00860	0.01147	0.01863	0.03870	0.02150	0.79217	0.03010	0.00573	0.00573	0.00860	0.00358	0.00358
17	0.01304	0.04965	0.01343	0.04395	0.01469	0.04834	0.03948	0.04645	0.25972	0.04960	0.30499	0.02924	0.04427	0.00921	0.00629	0.00187	0.00474	0.00791	0.00565	0.00747
18	0.00726	0.00555	0.00667	0.00734	0.00840	0.00496	0.00514	0.00866	0.01272	0.01640	0.12462	0.44078	0.29718	0.01652	0.00728	0.00219	0.00320	0.01456	0.00561	0.00496
19	0.83394	0.01144	0.00869	0.00778	0.01144	0.01327	0.00640	0.01738	0.01006	0.02653	0.00823	0.00961	0.00640	0.00549	0.00366	0.00183	0.00457	0.00320	0.00366	0.00640
20	0.01369	0.01453	0.06051	0.05731	0.32423	0.01392	0.21521	0.01916	0.09786	0.01929	0.01484	0.01910	0.03078	0.00647	0.00680	0.00194	0.03583	0.03663	0.00343	0.00844
21	0.83394	0.01144	0.00869	0.00778	0.01144	0.01327	0.00640	0.01738	0.01006	0.02653	0.00823	0.00961	0.00640	0.00549	0.00366	0.00183	0.00457	0.00320	0.00366	0.00640
22	0.01848	0.02103	0.02507	0.01937	0.02398	0.32274	0.33671	0.12248	0.01706	0.01972	0.01113	0.01355	0.00857	0.00574	0.00616	0.00177	0.00976	0.00545	0.00343	0.00781
23	0.00837	0.00604	0.00790	0.00744	0.00883	0.00558	0.00558	0.01116	0.01674	0.02371	0.75216	0.04417	0.05580	0.01209	0.00697	0.00186	0.00279	0.01069	0.00651	0.00558
24	0.00699	0.00599	0.00599	0.00599	0.00799	0.00499	0.00449	0.00849	0.01348	0.01598	0.05991	0.05691	0.75288	0.01498	0.00699	0.00200	0.00300	0.01248	0.00549	0.00499
25	0.01433	0.01400	0.02351	0.13018	0.61591	0.03096	0.04879	0.01792	0.01335	0.01866	0.01104	0.01475	0.00912	0.00536	0.00590	0.00179	0.00734	0.00531	0.00289	0.00889
26	0.37590	0.01066	0.01155	0.00933	0.01351	0.01067	0.00770	0.02387	0.01396	0.44227	0.01680	0.01558	0.01108	0.00653	0.00496	0.00183	0.00483	0.00476	0.00574	0.00848
27	0.01027	0.00514	0.00770	0.00770	0.00770	0.00514	0.00514	0.00770	0.00770	0.01027	0.01027	0.01798	0.01027	0.02054	0.02311	0.82794	0.00514	0.00514	0.00257	0.00257
28	0.01581	0.79572	0.03099	0.01012	0.01518	0.02340	0.01012	0.01771	0.01202	0.01391	0.00822	0.00949	0.00759	0.00506	0.00379	0.00126	0.00632	0.00316	0.00253	0.00759
29	0.00888	0.01248	0.21092	0.01029	0.01335	0.00765	0.00993	0.01230	0.03192	0.01819	0.17803	0.33739	0.09934	0.01311	0.00682	0.00210	0.00472	0.01152	0.00491	0.00616
30	0.44698	0.01089	0.01109	0.00915	0.01320	0.01132	0.00753	0.02297	0.04334	0.34703	0.01549	0.01472	0.01049	0.00639	0.00476	0.00184	0.00478	0.00455	0.00536	0.00813
31	0.00852	0.00575	0.00643	0.00643	0.00653	0.00570	0.00363	0.00859	0.00884	0.01169	0.02068	0.03960	0.05775	0.75365	0.02895	0.00555	0.00560	0.00879	0.00368	0.00365
32	0.02528	0.01044	0.01452	0.01120	0.01571	0.00927	0.03548	0.05829	0.01717	0.67414	0.02281	0.02141	0.01494	0.00755	0.00606	0.00187	0.00529	0.03172	0.00703	0.00982
33	0.05409	0.01410	0.01535	0.01238	0.01660	0.01545	0.01004	0.37011	0.25404	0.14645	0.01854	0.01745	0.01318	0.00736	0.00586	0.00186	0.00561	0.00577	0.00608	0.00969
34	0.00953	0.00681	0.00953	0.01089	0.01225	0.00681	0.00953	0.01225	0.01361	0.01770	0.03131	0.06671	0.03403	0.01634	0.00817	0.00272	0.00545	0.71547	0.00545	0.00545
35	0.01374	0.01295	0.02065	0.07992	0.50395	0.01384	0.01566	0.01802	0.07425	0.01881	0.01441	0.01743	0.04681	0.00665	0.00743	0.00189	0.09506	0.00574	0.02425	0.00853
36	0.00920	0.00729	0.00997	0.04214	0.09551	0.00684	0.00733	0.01182	0.01507	0.02101	0.44280	0.07963	0.14539	0.01131	0.00664	0.00184	0.00363	0.00996	0.02591	0.04670
37	0.83394	0.01144	0.00869	0.00778	0.01144	0.01327	0.00640	0.01738	0.01006	0.02653	0.00823	0.00961	0.00640	0.00549	0.00366	0.00183	0.00457	0.00320	0.00366	0.00640
38	0.01186	0.03059	0.76153	0.01686	0.02560	0.01373	0.02185	0.01873	0.01249	0.01873	0.01061	0.01249	0.00749	0.00562	0.00562	0.00187	0.00874	0.00437	0.00250	0.00874
39	0.01350	0.01287	0.02166	0.22070	0.51720	0.01377	0.01709	0.01699	0.01293	0.01814	0.03285	0.01572	0.01030	0.00588	0.00657	0.00185	0.04521	0.00542	0.00294	0.00841
40	0.02653	0.01006	0.01372	0.01052	0.01510	0.00869	0.00869	0.02882	0.01693	0.75937	0.02333	0.02013	0.01464	0.00732	0.00595	0.00183	0.00503	0.00595	0.00732	0.01006
41	0.01127	0.00905	0.01079	0.03360	0.03847	0.00902	0.00826	0.04545	0.09855	0.02045	0.13272	0.08782	0.28322	0.01380	0.00805	0.00238	0.03644	0.13799	0.00581	0.00684
42	0.00724	0.00529	0.00672	0.00783	0.00839	0.00488	0.00526	0.00829	0.01149	0.01504	0.03572	0.64889	0.13804	0.05637	0.00859	0.00251	0.00348	0.01580	0.00540	0.00477
43	0.01308	0.01217	0.06105	0.04672	0.13653	0.01185	0.02934	0.02200	0.31201	0.04815	0.21391	0.02565	0.02525	0.00832	0.00624	0.00191	0.00509	0.00730	0.00525	0.00819
44	0.01037	0.00578	0.00618	0.00619	0.00771	0.00547	0.00460	0.01266	0.01281	0.05202	0.04860	0.11718	0.16840	0.01001	0.00526	0.00165	0.00298	0.00837	0.50824	0.00552
45	0.01664	0.01289	0.04216	0.20546	0.28996	0.01271	0.07088	0.05092	0.01450	0.18861	0.01435	0.01720	0.01064	0.00618	0.00602	0.00187	0.00700	0.01930	0.00403	0.00868
46	0.01613	0.01180	0.01367	0.01020	0.01505	0.01059	0.00827	0.19841	0.01654	0.09945	0.01301	0.01408	0.00998	0.00729	0.04158	0.00161	0.00553	0.00435	0.00449	0.49797
47	0.03784	0.37204	0.41280	0.01358	0.02052	0.01804	0.01615	0.01823	0.01220	0.01681	0.00947	0.01106	0.00750	0.00536	0.00475	0.00160	0.00754	0.00380	0.00255	0.00816
48	0.00845	0.00634	0.00950	0.00950	0.01056	0.00739	0.00739	0.01056	0.00950	0.01373	0.01584	0.02323	0.01478	0.04435	0.76873	0.00950	0.01584	0.00634	0.00317	0.00528
49	0.26501	0.01047	0.01224	0.00971	0.01402	0.01004	0.00802	0.02544	0.01490	0.54292	0.01887	0.01702	0.01221	0.00678	0.00527	0.00183	0.00490	0.00514	0.00624	0.00898
50	0.00845	0.00634	0.00950	0.00950	0.01056	0.00739	0.00739	0.01056	0.00950	0.01373	0.01584	0.02323	0.01478	0.04435	0.76873	0.00950	0.01584	0.00634	0.00317	0.00528
51	0.83394	0.01144	0.00869	0.00778	0.01144	0.01327	0.00640	0.01738	0.01006	0.02653	0.00823	0.00961	0.00640	0.00549	0.00366	0.00183	0.00457	0.00320	0.00366	0.00640
52	0.02030	0.24644	0.12703	0.01157	0.01693	0.01474	0.01121	0.09659	0.01579	0.33008	0.01561	0.01497	0.01083	0.00627	0.00520	0.00163	0.00608	0.00474	0.00492	0.03906
53	0.02010	0.01665	0.01742	0.08692	0.02022	0.12971	0.03650	0.37402	0.10140	0.08321	0.01452	0.01514	0.01057	0.00701	0.00643	0.00183	0.03901	0.00534	0.00505	0.00895
54	0.73996	0.01163	0.00937	0.00813	0.01195	0.01316	0.00668	0.05255	0.01108	0.02658	0.00868	0.01001	0.00674	0.00550	0.00382	0.00176	0.00466	0.00333	0.00376	0.06066
55	0.02116	0.01551	0.01774	0.01367	0.01821	0.01687	0.04051	0.59386	0.02498	0.06991	0.01480	0.01626	0.01095	0.00732	0.00637	0.00180	0.02950	0.02997	0.00565	0.04494

[dist]
# distance from previous block
# <min> <max>
0	2

[block]
# block no. 3 follows, 39 sequences, length 20
# corresponding to MSA columns:
# 937-956
name=unknown_D
#
# <colnr> <probs for GDERKNQSTAVLIFYWHMCP>
#	G	D	E	R	K	N	Q	S	T	A	V	L	I	F	Y	W	H	M	C	P
0	0.09096	0.01052	0.01217	0.00896	0.01396	0.00852	0.00723	0.01744	0.01284	0.14331	0.01244	0.01333	0.00952	0.00497	0.00457	0.00112	0.00451	0.00388	0.00415	0.61559
1	0.01418	0.01313	0.02087	0.02985	0.57377	0.01332	0.01560	0.04471	0.08660	0.02060	0.05820	0.01922	0.05060	0.00650	0.00600	0.00180	0.00632	0.00609	0.00368	0.00895
2	0.00699	0.00599	0.00599	0.00599	0.00799	0.00499	0.00449	0.00849	0.01348	0.01598	0.05991	0.05691	0.75288	0.01498	0.00699	0.00200	0.00300	0.01248	0.00549	0.00499
3	0.01252	0.01090	0.01354	0.01176	0.09476	0.00856	0.00822	0.01525	0.01239	0.01928	0.01058	0.01252	0.00883	0.00448	0.00454	0.00097	0.00467	0.00370	0.00344	0.73911
4	0.18354	0.01055	0.01202	0.00913	0.01384	0.00924	0.00743	0.01994	0.01334	0.26210	0.01423	0.01429	0.01020	0.00556	0.00474	0.00138	0.00463	0.00424	0.00478	0.39481
5	0.24820	0.04443	0.01613	0.01621	0.12848	0.36949	0.01110	0.02024	0.01373	0.01857	0.00907	0.01108	0.00755	0.00604	0.00580	0.00171	0.05797	0.00393	0.00316	0.00711
6	0.02468	0.09674	0.01628	0.01100	0.01565	0.01192	0.00928	0.14689	0.01823	0.55630	0.02014	0.01797	0.01310	0.00704	0.00571	0.00176	0.00542	0.00554	0.00656	0.00979
7	0.01465	0.05357	0.01397	0.01170	0.01492	0.06682	0.00917	0.02815	0.58346	0.02336	0.09476	0.02282	0.02055	0.00814	0.00595	0.00192	0.00499	0.00670	0.00568	0.00872
8	0.00721	0.00515	0.00686	0.00823	0.00858	0.00480	0.00549	0.00823	0.01132	0.01510	0.03259	0.78831	0.03911	0.01853	0.00755	0.00240	0.00343	0.01681	0.00549	0.00480
9	0.01232	0.01160	0.01641	0.05339	0.20065	0.07684	0.09587	0.01493	0.01299	0.01778	0.06928	0.13304	0.05311	0.04937	0.00824	0.00210	0.05609	0.00794	0.10125	0.00677
10	0.00860	0.00573	0.00645	0.00645	0.00645	0.00573	0.00358	0.00860	0.00860	0.01147	0.01863	0.03870	0.02150	0.79217	0.03010	0.00573	0.00573	0.00860	0.00358	0.00358
11	0.01448	0.53730	0.27773	0.01239	0.01870	0.02014	0.01408	0.01805	0.01217	0.01554	0.00903	0.01050	0.00756	0.00525	0.00441	0.00147	0.00714	0.00357	0.00252	0.00798
12	0.00851	0.00601	0.00768	0.00726	0.00867	0.00556	0.00545	0.01126	0.01634	0.02336	0.67987	0.04302	0.07429	0.01182	0.00678	0.00183	0.00279	0.01039	0.06357	0.00556
13	0.01186	0.03059	0.76153	0.01686	0.02560	0.01373	0.02185	0.01873	0.01249	0.01873	0.01061	0.01249	0.00749	0.00562	0.00562	0.00187	0.00874	0.00437	0.00250	0.00874
14	0.00735	0.00525	0.00703	0.00840	0.00881	0.00493	0.00574	0.00849	0.01147	0.01526	0.03251	0.74319	0.03880	0.01839	0.00759	0.00242	0.00356	0.06049	0.00549	0.00484
15	0.00727	0.00533	0.00683	0.00788	0.00852	0.00489	0.00536	0.00850	0.01203	0.01588	0.09211	0.63378	0.13479	0.01756	0.00743	0.00231	0.00332	0.01576	0.00557	0.00489
16	0.60182	0.11889	0.01414	0.00967	0.01375	0.01519	0.05280	0.07906	0.01209	0.02526	0.00898	0.01038	0.00704	0.00554	0.00408	0.00176	0.00532	0.00361	0.00366	0.00698
17	0.00843	0.00579	0.00669	0.00671	0.00700	0.00575	0.00404	0.00883	0.00946	0.01260	0.05572	0.06142	0.07419	0.63065	0.07443	0.00544	0.00599	0.00906	0.00388	0.00392
18	0.11498	0.02882	0.03914	0.01906	0.20527	0.07009	0.06263	0.13966	0.01591	0.15436	0.01328	0.01479	0.00992	0.00763	0.03210	0.00208	0.05225	0.00513	0.00428	0.00862
19	0.01288	0.01941	0.34522	0.01245	0.01922	0.01053	0.01370	0.01737	0.01262	0.06021	0.01127	0.01280	0.00852	0.00509	0.00502	0.00137	0.00635	0.00402	0.00327	0.41867

[dist]
# distance from previous block
# <min> <max>
0	2

[block]
# block no. 4 follows, 39 sequences, length 36
# corresponding to MSA columns:
# 959-994
name=unknown_E
#
# <colnr> <probs for GDERKNQSTAVLIFYWHMCP>
#	G	D	E	R	K	N	Q	S	T	A	V	L	I	F	Y	W	H	M	C	P
0	0.01509	0.01315	0.02189	0.03203	0.64131	0.01297	0.01641	0.01836	0.01375	0.08074	0.01556	0.01805	0.06185	0.00612	0.00594	0.00178	0.00658	0.00583	0.00347	0.00912
1	0.01327	0.08253	0.60062	0.01661	0.02439	0.09104	0.05412	0.01916	0.01296	0.01797	0.01036	0.01226	0.00758	0.00560	0.00553	0.00180	0.00883	0.00435	0.00258	0.00843
2	0.01168	0.00935	0.01387	0.08025	0.20356	0.00919	0.01106	0.02856	0.01392	0.04815	0.10123	0.08101	0.07770	0.01069	0.00669	0.00204	0.00539	0.20574	0.00461	0.07531
3	0.01206	0.00695	0.00933	0.00870	0.00947	0.00727	0.00618	0.11942	0.01087	0.01458	0.01114	0.01765	0.01046	0.01962	0.05622	0.66205	0.00586	0.00522	0.00311	0.00385
4	0.01292	0.14684	0.60445	0.01594	0.02391	0.01513	0.04489	0.01884	0.01258	0.03719	0.01062	0.01235	0.00774	0.00555	0.00540	0.00178	0.00832	0.00432	0.00264	0.00857
5	0.00925	0.00660	0.00920	0.01057	0.01180	0.00656	0.00904	0.01176	0.01333	0.01738	0.03147	0.15504	0.03466	0.01660	0.00809	0.00268	0.00520	0.62995	0.00545	0.00537
6	0.04929	0.16072	0.01880	0.01245	0.01680	0.05420	0.01042	0.37668	0.19165	0.02851	0.01494	0.01483	0.01122	0.00683	0.00543	0.00172	0.00617	0.00509	0.00509	0.00915
7	0.01662	0.01146	0.04203	0.01116	0.03930	0.04645	0.00868	0.02190	0.16062	0.24263	0.12517	0.04561	0.02086	0.06282	0.00759	0.00202	0.00504	0.00676	0.00557	0.11770
8	0.01524	0.15747	0.30395	0.06867	0.03820	0.01421	0.10046	0.01969	0.01358	0.14968	0.05335	0.01574	0.01168	0.00612	0.00562	0.00178	0.00738	0.00517	0.00366	0.00837
9	0.01234	0.09330	0.64981	0.01686	0.02510	0.01462	0.07071	0.01866	0.01255	0.01834	0.01051	0.01248	0.00760	0.00553	0.00556	0.00183	0.00862	0.00445	0.00253	0.00859
10	0.01260	0.01184	0.01994	0.30044	0.41914	0.01275	0.01619	0.01601	0.01265	0.01736	0.01317	0.09669	0.01197	0.00690	0.00605	0.00190	0.00696	0.00648	0.00309	0.00788
11	0.00848	0.00641	0.00759	0.00798	0.00931	0.00603	0.00583	0.05879	0.01363	0.01759	0.08697	0.36900	0.27230	0.03603	0.00785	0.00230	0.00368	0.06941	0.00553	0.00530
12	0.02061	0.13359	0.19958	0.01573	0.08461	0.01417	0.01377	0.04265	0.04309	0.29815	0.05341	0.02007	0.01526	0.00806	0.00652	0.00216	0.00697	0.00600	0.00554	0.01009
13	0.01404	0.02114	0.41314	0.01779	0.13112	0.01194	0.03373	0.01899	0.01339	0.13226	0.05442	0.04601	0.01311	0.00852	0.04247	0.00224	0.00775	0.00572	0.00368	0.00853
14	0.05166	0.00951	0.01242	0.01004	0.01398	0.00862	0.00828	0.02573	0.04279	0.57592	0.02311	0.02389	0.01614	0.00799	0.00588	0.00187	0.00483	0.06494	0.08330	0.00910
15	0.01480	0.04351	0.13639	0.01586	0.10488	0.17026	0.02735	0.04006	0.21429	0.01937	0.01948	0.08642	0.06569	0.00813	0.00594	0.00186	0.00685	0.00670	0.00420	0.00796
16	0.01800	0.01283	0.01989	0.08355	0.42211	0.01289	0.01465	0.06758	0.05197	0.21424	0.01512	0.01651	0.01112	0.00611	0.00590	0.00181	0.00642	0.00552	0.00440	0.00938
17	0.00970	0.03408	0.01009	0.03752	0.06302	0.00737	0.00736	0.05116	0.01299	0.04104	0.03173	0.48907	0.12705	0.01514	0.00705	0.00221	0.00418	0.03827	0.00519	0.00579
18	0.01464	0.01405	0.02400	0.03630	0.75528	0.01405	0.01815	0.01815	0.01347	0.01932	0.01112	0.01464	0.00937	0.00527	0.00585	0.00176	0.00703	0.00527	0.00293	0.00937
19	0.01814	0.16776	0.14189	0.01313	0.01832	0.01436	0.07641	0.02471	0.18475	0.25432	0.01744	0.01687	0.01238	0.00655	0.00558	0.00178	0.00626	0.00541	0.00490	0.00901
20	0.01459	0.02429	0.46242	0.01839	0.08867	0.02991	0.08473	0.10732	0.01496	0.06261	0.01239	0.01487	0.00914	0.00607	0.00587	0.00187	0.00818	0.02153	0.00335	0.00884
21	0.75167	0.01130	0.00920	0.00806	0.01181	0.01280	0.00664	0.01855	0.01076	0.10121	0.00977	0.01068	0.00724	0.00568	0.00389	0.00183	0.00462	0.00348	0.00403	0.00678
22	0.01609	0.01465	0.01383	0.01240	0.01575	0.11368	0.00961	0.03031	0.62382	0.04862	0.02208	0.02050	0.01656	0.00775	0.00592	0.00194	0.00548	0.00628	0.00567	0.00906
23	0.07207	0.04045	0.34709	0.01406	0.04263	0.01219	0.01477	0.05545	0.03059	0.23087	0.01608	0.04734	0.01204	0.00707	0.00573	0.00189	0.00676	0.02975	0.00442	0.00876
24	0.01141	0.01040	0.07111	0.01313	0.07495	0.03809	0.07326	0.01348	0.01221	0.08425	0.02348	0.39470	0.02547	0.10230	0.00974	0.00257	0.01723	0.01136	0.00463	0.00623
25	0.00848	0.00568	0.00648	0.00660	0.00663	0.00566	0.00374	0.00857	0.00883	0.01177	0.01980	0.10115	0.02297	0.72772	0.02822	0.00546	0.00554	0.00928	0.00374	0.00368
26	0.01495	0.01376	0.02328	0.03274	0.62843	0.01377	0.05633	0.01923	0.05538	0.04790	0.01283	0.01650	0.01059	0.00574	0.00598	0.00181	0.00694	0.02129	0.00333	0.00923
27	0.02017	0.01702	0.23239	0.01314	0.01878	0.01176	0.03146	0.12550	0.04285	0.36608	0.01843	0.04744	0.01285	0.00720	0.00594	0.00187	0.00637	0.00588	0.00548	0.00939
28	0.25969	0.01358	0.02120	0.02487	0.37085	0.01414	0.14628	0.01792	0.01237	0.02122	0.01029	0.01331	0.00835	0.00548	0.00592	0.00185	0.03647	0.00496	0.00315	0.00811
29	0.01453	0.08160	0.13323	0.22509	0.21070	0.05774	0.06611	0.07318	0.01417	0.03513	0.01152	0.01525	0.00911	0.00593	0.00577	0.00182	0.00775	0.02014	0.00314	0.00812
30	0.00890	0.00625	0.00765	0.00746	0.00778	0.00666	0.00486	0.00962	0.00958	0.01338	0.07874	0.03479	0.02235	0.54320	0.13451	0.00562	0.05114	0.00813	0.03515	0.00424
31	0.05687	0.14867	0.10911	0.01310	0.03610	0.10971	0.02984	0.10055	0.01555	0.23481	0.01412	0.01491	0.01031	0.02424	0.00684	0.02227	0.03534	0.00484	0.00446	0.00838
32	0.08294	0.07082	0.33627	0.01386	0.01986	0.02542	0.05487	0.04892	0.09933	0.10344	0.04760	0.01735	0.04048	0.00672	0.00562	0.00184	0.00688	0.00540	0.00401	0.00839
33	0.09380	0.01018	0.01330	0.01029	0.01479	0.00907	0.00850	0.02787	0.01635	0.69832	0.02207	0.01925	0.01395	0.00717	0.00576	0.00183	0.00499	0.00572	0.00701	0.00976
34	0.01921	0.01075	0.01215	0.01024	0.01336	0.07602	0.00812	0.04255	0.04506	0.37440	0.09395	0.08749	0.06433	0.00922	0.00677	0.00188	0.04549	0.00746	0.06350	0.00807
35	0.01901	0.12128	0.13665	0.06657	0.01984	0.01372	0.06161	0.11681	0.02920	0.28296	0.01735	0.01730	0.03816	0.00682	0.00604	0.00180	0.02567	0.00549	0.00489	0.00884

[dist]
# distance from previous block
# <min> <max>
2	34

[block]
# block no. 5 follows, 39 sequences, length 35
# corresponding to MSA columns:
# 1029-1063
name=unknown_F
#
# <colnr> <probs for GDERKNQSTAVLIFYWHMCP>
#	G	D	E	R	K	N	Q	S	T	A	V	L	I	F	Y	W	H	M	C	P
0	0.01781	0.09015	0.16208	0.03183	0.06911	0.03373	0.05257	0.07831	0.13761	0.15236	0.02954	0.01851	0.02352	0.00733	0.00617	0.00197	0.00684	0.00577	0.00490	0.06990
1	0.01395	0.07812	0.16401	0.01131	0.01509	0.00969	0.01105	0.01720	0.01413	0.18268	0.10656	0.10556	0.02513	0.01094	0.00660	0.00210	0.00560	0.20787	0.00515	0.00727
2	0.01439	0.10936	0.05450	0.13092	0.36307	0.04726	0.07135	0.05204	0.01396	0.01874	0.04014	0.03508	0.01136	0.00606	0.00576	0.00176	0.00724	0.00555	0.00318	0.00829
3	0.01571	0.15251	0.19413	0.01509	0.05142	0.03321	0.12854	0.01953	0.01346	0.13718	0.01243	0.01375	0.00924	0.00544	0.00532	0.00156	0.00701	0.00468	0.00360	0.17620
4	0.00881	0.00611	0.00781	0.00844	0.00937	0.00588	0.00597	0.01122	0.05904	0.04553	0.14610	0.49107	0.05432	0.06057	0.00861	0.00247	0.00371	0.05394	0.00564	0.00539
5	0.01198	0.01091	0.04780	0.01500	0.01818	0.00997	0.28087	0.01469	0.01177	0.06966	0.01636	0.09172	0.01528	0.13420	0.17389	0.05078	0.00931	0.00770	0.00362	0.00633
6	0.01136	0.00951	0.01152	0.01053	0.01300	0.01013	0.04256	0.02028	0.34504	0.02203	0.20659	0.09670	0.10301	0.01103	0.00668	0.00205	0.00426	0.06059	0.00585	0.00727
7	0.01833	0.01257	0.01469	0.01312	0.06763	0.01328	0.00979	0.29979	0.15370	0.14848	0.11020	0.02337	0.07163	0.00835	0.00614	0.00185	0.00526	0.00684	0.00599	0.00897
8	0.01043	0.00588	0.00641	0.00662	0.00785	0.00586	0.00482	0.04290	0.01275	0.02073	0.02283	0.23795	0.02170	0.01018	0.00517	0.00168	0.00311	0.00869	0.55891	0.00551
9	0.01095	0.00751	0.01102	0.04871	0.08559	0.00804	0.00819	0.01216	0.01046	0.06796	0.01708	0.08644	0.01700	0.15904	0.23249	0.12473	0.04196	0.04160	0.00368	0.00543
10	0.12187	0.01019	0.01021	0.00985	0.01183	0.06446	0.00731	0.14800	0.05015	0.02148	0.04722	0.42175	0.02655	0.01303	0.00647	0.00211	0.00472	0.01121	0.00521	0.00640
11	0.02209	0.02819	0.01676	0.01524	0.01828	0.76843	0.01143	0.02361	0.01676	0.01447	0.00914	0.01066	0.00762	0.00609	0.00533	0.00152	0.01066	0.00381	0.00305	0.00686
12	0.10425	0.01098	0.01378	0.01161	0.05036	0.01048	0.00900	0.11865	0.01725	0.51544	0.01983	0.01816	0.01300	0.00699	0.00561	0.00179	0.00515	0.00554	0.05270	0.00941
13	0.02611	0.01075	0.01415	0.01085	0.01544	0.00971	0.00896	0.10320	0.01807	0.68338	0.02237	0.01950	0.01416	0.00730	0.00594	0.00182	0.00519	0.00588	0.00717	0.01006
14	0.00944	0.00727	0.01100	0.01133	0.01293	0.00710	0.06794	0.01199	0.01319	0.01719	0.03088	0.15437	0.06690	0.03918	0.00860	0.00268	0.00545	0.51188	0.00520	0.00549
15	0.01792	0.00806	0.00978	0.00831	0.01118	0.00760	0.00670	0.06004	0.01518	0.32397	0.02134	0.02335	0.01573	0.00761	0.00520	0.00166	0.00405	0.04574	0.39898	0.00762
16	0.01244	0.00863	0.01114	0.01006	0.01158	0.00985	0.00781	0.10988	0.01264	0.07160	0.01639	0.04787	0.01505	0.13719	0.31322	0.00551	0.10929	0.00662	0.07704	0.00618
17	0.00730	0.00548	0.00677	0.00754	0.00846	0.00495	0.00524	0.00867	0.01258	0.01643	0.13141	0.50131	0.22883	0.01677	0.00733	0.00223	0.00323	0.01489	0.00562	0.00495
18	0.01583	0.01579	0.02290	0.03290	0.63866	0.10110	0.01708	0.04969	0.01446	0.01954	0.01103	0.01416	0.00920	0.00544	0.00580	0.00173	0.00742	0.00510	0.00307	0.00911
19	0.05804	0.00877	0.02936	0.00931	0.01187	0.00818	0.00742	0.03132	0.10811	0.19130	0.12979	0.20449	0.08045	0.01155	0.00646	0.00203	0.00418	0.04949	0.04079	0.00708
20	0.05572	0.01673	0.14147	0.02609	0.40355	0.03819	0.06987	0.06223	0.01449	0.05220	0.05341	0.01588	0.01172	0.00593	0.00585	0.00180	0.00716	0.00544	0.00347	0.00879
21	0.03563	0.34958	0.06700	0.01295	0.01758	0.23790	0.04230	0.08660	0.01528	0.06987	0.01042	0.01148	0.00835	0.00575	0.00483	0.00151	0.00778	0.00398	0.00337	0.00784
22	0.01017	0.00642	0.00912	0.00896	0.00980	0.02002	0.00665	0.01048	0.00926	0.04468	0.01391	0.02086	0.01292	0.03293	0.43573	0.32352	0.01117	0.00581	0.00312	0.00447
23	0.07055	0.01246	0.01489	0.01167	0.01608	0.01254	0.04035	0.20238	0.14964	0.23794	0.03771	0.01764	0.01359	0.00687	0.00565	0.00171	0.00536	0.00556	0.00573	0.13166
24	0.07229	0.14574	0.22416	0.01275	0.01810	0.08000	0.01286	0.15964	0.01653	0.10871	0.08187	0.01586	0.01333	0.00666	0.00539	0.00172	0.00680	0.00501	0.00424	0.00835
25	0.02435	0.00963	0.01295	0.01011	0.01430	0.00845	0.00829	0.02697	0.03026	0.66162	0.07486	0.02195	0.01764	0.00765	0.00594	0.00182	0.00477	0.00628	0.04262	0.00954
26	0.01202	0.00814	0.01101	0.00972	0.02876	0.00747	0.05921	0.03982	0.03786	0.13794	0.27913	0.04029	0.28222	0.01136	0.00673	0.00191	0.00402	0.00985	0.00591	0.00662
27	0.01907	0.01267	0.01652	0.14098	0.05986	0.01356	0.03813	0.21892	0.14775	0.21537	0.01760	0.01830	0.01261	0.03339	0.00679	0.00200	0.00616	0.00588	0.00540	0.00902
28	0.01570	0.01272	0.08238	0.01206	0.01570	0.01168	0.06226	0.18462	0.07701	0.12293	0.13390	0.05108	0.02005	0.01035	0.04960	0.00229	0.03618	0.00691	0.08459	0.00797
29	0.02121	0.00895	0.01130	0.00912	0.01267	0.00822	0.00738	0.04727	0.03946	0.48347	0.02181	0.02059	0.01476	0.00720	0.00539	0.00169	0.00436	0.00582	0.26072	0.00863
30	0.12987	0.08811	0.04047	0.01239	0.01651	0.14437	0.01031	0.23448	0.18980	0.05509	0.01456	0.01458	0.01090	0.00670	0.00533	0.00175	0.00652	0.00490	0.00478	0.00859
31	0.01475	0.01679	0.14947	0.08344	0.41840	0.03668	0.04387	0.04629	0.01396	0.05506	0.03177	0.01528	0.01036	0.00591	0.00632	0.00183	0.03246	0.00531	0.00325	0.00879
32	0.01802	0.00818	0.01100	0.00908	0.01216	0.00723	0.00723	0.02054	0.01684	0.41463	0.36487	0.03140	0.03393	0.00955	0.00643	0.00184	0.00398	0.00817	0.00694	0.00796
33	0.00861	0.00550	0.00736	0.00840	0.00905	0.00509	0.00572	0.00973	0.01173	0.06918	0.03192	0.73249	0.03734	0.01771	0.00743	0.00236	0.00355	0.01602	0.00562	0.00519
34	0.08960	0.01654	0.08051	0.07871	0.34326	0.12099	0.01478	0.03979	0.04582	0.09611	0.01240	0.01440	0.00953	0.00586	0.00559	0.00177	0.00721	0.00493	0.00362	0.00858

[dist]
# distance from previous block
# <min> <max>
1	13

[block]
# block no. 6 follows, 39 sequences, length 69
# corresponding to MSA columns:
# 1077,1078,1080-1127,1146-1164
name=unknown_G
#
# <colnr> <probs for GDERKNQSTAVLIFYWHMCP>
#	G	D	E	R	K	N	Q	S	T	A	V	L	I	F	Y	W	H	M	C	P
0	0.04294	0.31746	0.15903	0.03869	0.10738	0.01752	0.05094	0.09137	0.03212	0.01886	0.01124	0.03271	0.00946	0.00753	0.03749	0.00196	0.00733	0.00470	0.00318	0.00809
1	0.01498	0.01332	0.08695	0.01623	0.17811	0.01082	0.01140	0.05106	0.07918	0.11546	0.06424	0.01694	0.01361	0.00604	0.00541	0.00149	0.00548	0.00514	0.00430	0.29984
2	0.04019	0.03785	0.05755	0.01885	0.18561	0.13899	0.02742	0.24301	0.12015	0.05170	0.01383	0.01473	0.01046	0.00644	0.00571	0.00176	0.00713	0.00515	0.00445	0.00901
3	0.01981	0.02400	0.01674	0.01493	0.01777	0.58238	0.04378	0.05767	0.01626	0.01589	0.01174	0.08694	0.01088	0.00753	0.00639	0.00170	0.04997	0.00537	0.00340	0.00685
4	0.00991	0.00644	0.00815	0.00753	0.00935	0.00580	0.00575	0.01241	0.01612	0.09386	0.54385	0.04451	0.17811	0.01222	0.00690	0.00190	0.00309	0.02184	0.00639	0.00591
5	0.01430	0.01371	0.02339	0.10853	0.68569	0.01396	0.01798	0.01785	0.01331	0.01891	0.01106	0.01475	0.00922	0.00533	0.00586	0.00178	0.00711	0.00527	0.00290	0.00909
6	0.06445	0.01010	0.01258	0.00998	0.01397	0.00944	0.00814	0.10553	0.01703	0.51427	0.02225	0.04638	0.03194	0.00772	0.00570	0.00180	0.00482	0.00621	0.09862	0.00907
7	0.00719	0.00519	0.00682	0.00812	0.00855	0.00481	0.00544	0.00825	0.01143	0.01514	0.03399	0.75095	0.07557	0.01835	0.00752	0.00238	0.00341	0.01659	0.00549	0.00481
8	0.00848	0.00619	0.00877	0.00877	0.00958	0.00700	0.00648	0.01009	0.00929	0.01319	0.01651	0.02693	0.01639	0.22310	0.59218	0.00860	0.01342	0.00688	0.00327	0.00487
9	0.01117	0.01051	0.01774	0.77795	0.04073	0.01314	0.01642	0.01511	0.01182	0.01511	0.01051	0.01577	0.00788	0.00591	0.00591	0.00197	0.00788	0.00526	0.00263	0.00657
10	0.01237	0.01124	0.01776	0.65841	0.03706	0.01394	0.01571	0.08522	0.01322	0.01722	0.01071	0.01545	0.00809	0.00629	0.00671	0.00199	0.05350	0.00526	0.00295	0.00690
11	0.69161	0.01119	0.00958	0.00826	0.01208	0.01246	0.00681	0.01940	0.01127	0.15572	0.01090	0.01146	0.00786	0.00581	0.00406	0.00183	0.00466	0.00369	0.00430	0.00705
12	0.00902	0.00653	0.00813	0.00796	0.00935	0.00631	0.00588	0.04794	0.03457	0.02152	0.42497	0.21631	0.08843	0.01427	0.03251	0.00223	0.00363	0.01148	0.04329	0.00568
13	0.22444	0.01059	0.01250	0.00988	0.01418	0.01016	0.00815	0.05576	0.01562	0.53435	0.01916	0.01733	0.01243	0.00685	0.00535	0.00182	0.00494	0.00524	0.02219	0.00908
14	0.01125	0.01057	0.01604	0.44124	0.14368	0.04563	0.01382	0.01431	0.01218	0.01574	0.01588	0.20207	0.01565	0.00887	0.00627	0.00202	0.00680	0.00798	0.00339	0.00659
15	0.01134	0.00927	0.01226	0.14578	0.05130	0.03718	0.01078	0.07041	0.03085	0.01857	0.02496	0.13390	0.03519	0.01296	0.00725	0.00236	0.00593	0.36866	0.00481	0.00624
16	0.07782	0.01654	0.14706	0.01487	0.03568	0.08617	0.01322	0.01571	0.01072	0.01615	0.01026	0.04848	0.00959	0.01155	0.07028	0.00280	0.39803	0.00537	0.00288	0.00681
17	0.03439	0.00737	0.00873	0.00894	0.01032	0.00750	0.00636	0.04783	0.12444	0.05586	0.04060	0.47604	0.05570	0.07623	0.00879	0.00251	0.00404	0.01287	0.00550	0.00599
18	0.51406	0.01747	0.01269	0.01115	0.01471	0.27619	0.04125	0.01962	0.01257	0.02199	0.00872	0.01026	0.00694	0.00568	0.00439	0.00173	0.00694	0.00359	0.00342	0.00663
19	0.01239	0.34404	0.13864	0.01091	0.01478	0.04670	0.01062	0.01487	0.01220	0.01535	0.01769	0.24809	0.01902	0.01008	0.00561	0.00182	0.00596	0.06084	0.00365	0.00675
20	0.00787	0.00569	0.00753	0.00840	0.00922	0.00537	0.00600	0.00913	0.01158	0.01546	0.05002	0.51462	0.09093	0.01956	0.07060	0.04047	0.00471	0.08247	0.00512	0.03524
21	0.01525	0.37262	0.16267	0.01918	0.22696	0.07774	0.01466	0.01849	0.01289	0.01638	0.00956	0.01159	0.00808	0.00530	0.00484	0.00154	0.00731	0.00403	0.00268	0.00825
22	0.01255	0.07072	0.32228	0.28032	0.02812	0.01391	0.01686	0.08638	0.01362	0.01867	0.01251	0.07497	0.01039	0.00685	0.00578	0.00190	0.00764	0.00568	0.00311	0.00773
23	0.02622	0.01056	0.01403	0.01076	0.01535	0.00943	0.00889	0.08318	0.01776	0.70383	0.02263	0.01967	0.01429	0.00730	0.00594	0.00183	0.00515	0.00590	0.00721	0.01006
24	0.01426	0.01382	0.02404	0.10786	0.64298	0.01402	0.06017	0.01790	0.01333	0.01889	0.01111	0.01482	0.00920	0.00532	0.00593	0.00179	0.00728	0.00537	0.00290	0.00901
25	0.03176	0.06217	0.41119	0.01563	0.04656	0.01272	0.08613	0.03651	0.01370	0.07576	0.08260	0.04636	0.03898	0.00707	0.00589	0.00186	0.00730	0.00603	0.00363	0.00815
26	0.01581	0.79572	0.03099	0.01012	0.01518	0.02340	0.01012	0.01771	0.01202	0.01391	0.00822	0.00949	0.00759	0.00506	0.00379	0.00126	0.00632	0.00316	0.00253	0.00759
27	0.00733	0.00532	0.00691	0.00812	0.00867	0.00494	0.00557	0.00847	0.01160	0.01525	0.03495	0.66717	0.10806	0.03154	0.00792	0.00244	0.00353	0.05193	0.00545	0.00483
28	0.01003	0.00935	0.06843	0.01030	0.01228	0.03525	0.00886	0.01337	0.05598	0.03438	0.11273	0.22977	0.06836	0.01441	0.00734	0.00234	0.00493	0.29064	0.00533	0.00592
29	0.02379	0.05006	0.08835	0.01230	0.03668	0.01058	0.02865	0.05531	0.01653	0.58385	0.02039	0.01838	0.01314	0.00692	0.00583	0.00181	0.00569	0.00564	0.00634	0.00975
30	0.02417	0.00954	0.01297	0.01012	0.01428	0.00829	0.00829	0.02653	0.01690	0.66376	0.11805	0.02325	0.01999	0.00794	0.00608	0.00183	0.00474	0.00656	0.00721	0.00948
31	0.14568	0.00921	0.01062	0.00997	0.01175	0.04386	0.00774	0.03018	0.01147	0.10156	0.01769	0.17013	0.01722	0.03733	0.26864	0.00470	0.08425	0.00764	0.00419	0.00617
32	0.04338	0.01463	0.04021	0.03327	0.66301	0.03659	0.01728	0.01870	0.01355	0.04673	0.01140	0.01450	0.00936	0.00539	0.00576	0.00176	0.00702	0.00516	0.00311	0.00920
33	0.00893	0.00625	0.00862	0.00870	0.01002	0.00567	0.04074	0.01049	0.01275	0.06751	0.10330	0.48995	0.17285	0.01583	0.00725	0.00222	0.00372	0.01420	0.00559	0.00543
34	0.01683	0.56541	0.13607	0.01117	0.01670	0.01977	0.01163	0.01952	0.01282	0.12616	0.01083	0.01152	0.00863	0.00548	0.00439	0.00144	0.00649	0.00376	0.00324	0.00813
35	0.01472	0.01532	0.05153	0.01061	0.01555	0.17160	0.00876	0.01732	0.01336	0.03736	0.01055	0.01213	0.00860	0.00489	0.00469	0.00109	0.00597	0.00368	0.00345	0.58881
36	0.16257	0.01543	0.10493	0.01848	0.16259	0.03292	0.12809	0.06050	0.09837	0.11722	0.03303	0.01590	0.01143	0.00618	0.00566	0.00186	0.00669	0.00543	0.00420	0.00851
37	0.02079	0.18909	0.01980	0.01408	0.01763	0.57699	0.01114	0.05534	0.01627	0.01541	0.00918	0.01058	0.00772	0.00592	0.00504	0.00148	0.00956	0.00374	0.00307	0.00716
38	0.01310	0.01241	0.02067	0.36543	0.39919	0.01368	0.01693	0.01747	0.05008	0.01772	0.01151	0.01552	0.00915	0.00570	0.00589	0.00186	0.00729	0.00534	0.00295	0.00812
39	0.01900	0.38818	0.09814	0.01116	0.01628	0.04246	0.01082	0.02154	0.01381	0.26197	0.01359	0.01353	0.00997	0.00597	0.00504	0.00153	0.01979	0.00428	0.00417	0.03878
40	0.01067	0.00656	0.00857	0.00777	0.00961	0.00596	0.00593	0.01333	0.01661	0.11896	0.62527	0.04164	0.08284	0.01160	0.00684	0.00186	0.00309	0.01016	0.00657	0.00614
41	0.01096	0.01008	0.01671	0.60421	0.09232	0.01204	0.01493	0.01461	0.01241	0.01628	0.08394	0.05878	0.01430	0.00712	0.00610	0.00197	0.00709	0.00639	0.00318	0.00660
42	0.01408	0.01133	0.01851	0.32046	0.24609	0.01210	0.04499	0.01784	0.03317	0.11704	0.03541	0.02015	0.06953	0.00680	0.00606	0.00189	0.00673	0.00617	0.00378	0.00786
43	0.05150	0.02320	0.49014	0.01444	0.02163	0.01210	0.01698	0.02190	0.01380	0.25615	0.01458	0.01481	0.00973	0.00616	0.00564	0.00186	0.00738	0.00483	0.00409	0.00906
44	0.00741	0.00553	0.00715	0.00805	0.00885	0.00527	0.00568	0.00874	0.01156	0.01515	0.03560	0.51153	0.17766	0.02144	0.11622	0.00335	0.00518	0.03554	0.00516	0.00493
45	0.04376	0.06781	0.10090	0.01345	0.05735	0.08475	0.05420	0.02226	0.03429	0.31317	0.12867	0.02045	0.01814	0.00729	0.00585	0.00178	0.00613	0.00605	0.00526	0.00846
46	0.01234	0.07132	0.04192	0.07435	0.07585	0.06058	0.08503	0.01795	0.15135	0.02000	0.21534	0.09493	0.02612	0.00907	0.00630	0.00190	0.00571	0.01807	0.00469	0.00719
47	0.00792	0.00574	0.00744	0.00833	0.00903	0.00551	0.00576	0.03545	0.01236	0.01656	0.08905	0.62779	0.07056	0.01879	0.04718	0.00269	0.00412	0.01516	0.00546	0.00509
48	0.01408	0.01501	0.08158	0.10700	0.62812	0.01394	0.01827	0.01790	0.01323	0.01886	0.01102	0.01458	0.00907	0.00536	0.00584	0.00179	0.00724	0.00520	0.00286	0.00905
49	0.09501	0.04236	0.24506	0.03177	0.15916	0.04542	0.10075	0.02020	0.04974	0.10785	0.03815	0.01538	0.01096	0.00602	0.00568	0.00183	0.00731	0.00521	0.00366	0.00847
50	0.01448	0.04788	0.06634	0.04215	0.35391	0.01135	0.01327	0.01745	0.01370	0.13518	0.04502	0.10987	0.08738	0.00833	0.00611	0.00186	0.00586	0.00744	0.00423	0.00820
51	0.01010	0.00792	0.01032	0.01160	0.06950	0.00802	0.00839	0.05514	0.05258	0.01858	0.06751	0.19649	0.15479	0.03252	0.00821	0.00239	0.02806	0.24661	0.00524	0.00602
52	0.01894	0.01280	0.07152	0.02009	0.26256	0.01089	0.05498	0.02217	0.01526	0.34165	0.09172	0.01995	0.01622	0.00686	0.00606	0.00182	0.00602	0.00615	0.00517	0.00916
53	0.01504	0.13726	0.28624	0.03383	0.15097	0.01339	0.01507	0.01907	0.01341	0.14995	0.01716	0.04077	0.06888	0.00691	0.00561	0.00178	0.00677	0.00566	0.00377	0.00845
54	0.02270	0.01365	0.11216	0.01195	0.01662	0.02591	0.01087	0.06248	0.02844	0.52581	0.02034	0.01874	0.02584	0.00745	0.00697	0.00189	0.06691	0.00573	0.00610	0.00944
55	0.01524	0.07467	0.02239	0.16979	0.49178	0.01410	0.01627	0.01859	0.01338	0.09018	0.01197	0.01498	0.00946	0.00557	0.00571	0.00176	0.00694	0.00517	0.00327	0.00877
56	0.01791	0.01858	0.18183	0.03961	0.19010	0.10839	0.07414	0.05821	0.02813	0.19194	0.02509	0.01563	0.01077	0.00616	0.00588	0.00180	0.00753	0.00529	0.00413	0.00887
57	0.01446	0.01279	0.02141	0.10455	0.57834	0.01292	0.01635	0.01788	0.01379	0.06253	0.07541	0.01760	0.01352	0.00604	0.00596	0.00179	0.00663	0.00577	0.00346	0.00881
58	0.01419	0.05834	0.44740	0.01766	0.02494	0.01397	0.19156	0.02026	0.04031	0.09636	0.01266	0.01434	0.00899	0.00571	0.00592	0.00188	0.00839	0.00520	0.00325	0.00867
59	0.01452	0.01393	0.02379	0.06123	0.73126	0.01402	0.01809	0.01805	0.01341	0.01918	0.01110	0.01467	0.00932	0.00529	0.00586	0.00176	0.00705	0.00527	0.00292	0.00927
60	0.07878	0.01345	0.01683	0.08891	0.07753	0.04546	0.04550	0.23456	0.01870	0.28297	0.01633	0.01695	0.01138	0.00681	0.00583	0.00183	0.00636	0.01732	0.00542	0.00909
61	0.01565	0.00884	0.01177	0.01009	0.01300	0.00840	0.03267	0.07491	0.04790	0.25047	0.27416	0.03635	0.06887	0.01056	0.00670	0.00199	0.00449	0.10930	0.00637	0.00751
