[name]
unknown

[dist]
# distance from previous block
# <min> <max>
13	85

[block]
# block no. 0 follows, 35 sequences, length 8
# corresponding to MSA columns:
# 90-97
name=unknown_A
#
# <colnr> <probs for GDERKNQSTAVLIFYWHMCP>
#	G	D	E	R	K	N	Q	S	T	A	V	L	I	F	Y	W	H	M	C	P
0	0.32352	0.01189	0.01352	0.01485	0.14681	0.01242	0.00970	0.02044	0.09684	0.10248	0.01847	0.07147	0.05532	0.00788	0.00549	0.00195	0.00526	0.00625	0.00475	0.07070
1	0.25611	0.10671	0.09306	0.03120	0.04431	0.01524	0.01101	0.08807	0.08786	0.07198	0.07205	0.03950	0.01493	0.00761	0.00601	0.00196	0.03388	0.00566	0.00461	0.00826
2	0.02370	0.03023	0.01798	0.01634	0.01961	0.75158	0.01226	0.02533	0.01798	0.01553	0.00981	0.01144	0.00817	0.00654	0.00572	0.00163	0.01144	0.00409	0.00327	0.00735
3	0.01632	0.01157	0.01375	0.01001	0.01549	0.00924	0.00808	0.05855	0.01494	0.14134	0.01378	0.01467	0.01052	0.00539	0.00507	0.00116	0.00494	0.00430	0.00459	0.63628
4	0.00923	0.00615	0.00692	0.00692	0.00692	0.00615	0.00384	0.00923	0.00923	0.01230	0.01999	0.04151	0.02306	0.77705	0.03229	0.00615	0.00615	0.00923	0.00384	0.00384
5	0.01553	0.52913	0.27249	0.01329	0.02004	0.02161	0.01509	0.01936	0.01306	0.01666	0.00968	0.01126	0.00811	0.00563	0.00473	0.00158	0.00766	0.00383	0.00270	0.00856
6	0.01278	0.00924	0.01293	0.05465	0.08018	0.00917	0.03493	0.06525	0.03616	0.07370	0.35308	0.03803	0.06998	0.01096	0.00704	0.00204	0.00473	0.06226	0.05567	0.00725
7	0.01367	0.01289	0.02136	0.33720	0.03120	0.01453	0.17019	0.06171	0.10265	0.02002	0.04824	0.02041	0.01350	0.05231	0.00900	0.00238	0.05046	0.00673	0.00383	0.00774

[dist]
# distance from previous block
# <min> <max>
3	5

[block]
# block no. 1 follows, 35 sequences, length 16
# corresponding to MSA columns:
# 106-121
name=unknown_B
#
# <colnr> <probs for GDERKNQSTAVLIFYWHMCP>
#	G	D	E	R	K	N	Q	S	T	A	V	L	I	F	Y	W	H	M	C	P
0	0.09302	0.01425	0.02045	0.33517	0.30488	0.06680	0.01668	0.01888	0.03516	0.01940	0.01163	0.01562	0.00922	0.00612	0.00604	0.00198	0.00787	0.00537	0.00319	0.00830
1	0.04207	0.01421	0.02061	0.01736	0.09778	0.01339	0.15743	0.14122	0.06256	0.04327	0.01358	0.01542	0.01048	0.00582	0.00587	0.00160	0.00670	0.00536	0.00431	0.32094
2	0.01570	0.01507	0.02575	0.03894	0.73748	0.01507	0.01947	0.01947	0.01444	0.02073	0.01193	0.01570	0.01005	0.00565	0.00628	0.00188	0.00754	0.00565	0.00314	0.01005
3	0.01215	0.01128	0.01589	0.01412	0.01446	0.01516	0.01148	0.01371	0.00983	0.01492	0.01164	0.01890	0.01150	0.06948	0.24047	0.00521	0.49426	0.00615	0.00303	0.00637
4	0.01384	0.13724	0.49470	0.01712	0.02497	0.01589	0.08717	0.01972	0.01363	0.03587	0.03298	0.01449	0.00998	0.00620	0.00623	0.00191	0.02592	0.00500	0.00302	0.03413
5	0.00898	0.00648	0.00848	0.00798	0.00948	0.00599	0.00599	0.01197	0.01796	0.02544	0.73413	0.04739	0.05986	0.01297	0.00748	0.00200	0.00299	0.01147	0.00698	0.00599
6	0.00954	0.00802	0.01045	0.01024	0.01090	0.00911	0.00765	0.01090	0.01223	0.01667	0.09645	0.32168	0.15721	0.07514	0.01317	0.00278	0.20460	0.01262	0.00501	0.00564
7	0.42875	0.02112	0.01359	0.01228	0.01589	0.37739	0.00952	0.02194	0.01433	0.02209	0.00931	0.01086	0.00751	0.00621	0.00481	0.00180	0.00812	0.00376	0.00360	0.00711
8	0.01271	0.01202	0.02034	0.62094	0.17889	0.01429	0.01798	0.01684	0.01303	0.01709	0.01140	0.01668	0.00877	0.00621	0.00633	0.00207	0.00828	0.00564	0.00288	0.00763
9	0.01396	0.01376	0.01900	0.43080	0.15337	0.08487	0.01558	0.01760	0.01358	0.01771	0.01124	0.01550	0.00887	0.00595	0.00597	0.00182	0.00791	0.00515	0.00309	0.15429
10	0.00973	0.00726	0.00856	0.00804	0.01004	0.00679	0.00609	0.01365	0.08211	0.04486	0.43505	0.04874	0.26849	0.01339	0.00736	0.00206	0.00332	0.01153	0.00662	0.00631
11	0.01657	0.01457	0.02209	0.02961	0.48108	0.01470	0.01631	0.14848	0.01723	0.02415	0.01449	0.02056	0.01257	0.00704	0.00640	0.00191	0.00706	0.06903	0.00403	0.07213
12	0.53576	0.01463	0.01353	0.01502	0.14485	0.08612	0.00992	0.02061	0.06748	0.02565	0.01080	0.01243	0.00854	0.00612	0.00472	0.00193	0.00603	0.00419	0.00392	0.00774
13	0.01754	0.01567	0.10084	0.01878	0.07787	0.01305	0.22447	0.08543	0.03758	0.16913	0.01771	0.09059	0.01424	0.00761	0.00668	0.00198	0.00750	0.00734	0.00479	0.08117
14	0.36163	0.03808	0.01581	0.01515	0.11864	0.09403	0.03037	0.06131	0.01489	0.17538	0.01325	0.01403	0.00965	0.00640	0.00521	0.00190	0.00643	0.00468	0.00464	0.00851
15	0.08758	0.01158	0.01675	0.49431	0.03322	0.01343	0.01425	0.07855	0.01449	0.02061	0.06732	0.01815	0.01259	0.00677	0.00605	0.00196	0.00721	0.00571	0.00365	0.08584

[dist]
# distance from previous block
# <min> <max>
2	4

[block]
# block no. 2 follows, 35 sequences, length 55
# corresponding to MSA columns:
# 143-178,189-207
name=unknown_C
#
# <colnr> <probs for GDERKNQSTAVLIFYWHMCP>
#	G	D	E	R	K	N	Q	S	T	A	V	L	I	F	Y	W	H	M	C	P
0	0.02632	0.01231	0.01498	0.01190	0.01623	0.06964	0.00971	0.02864	0.01730	0.60840	0.02254	0.02057	0.01474	0.01002	0.04663	0.00241	0.04444	0.00618	0.00699	0.01005
1	0.01404	0.01196	0.01689	0.52047	0.03416	0.07187	0.01471	0.01744	0.01360	0.09089	0.01584	0.12127	0.01380	0.00838	0.00654	0.00212	0.00772	0.00730	0.00380	0.00720
2	0.09639	0.01134	0.01407	0.01123	0.01560	0.01075	0.00913	0.12152	0.01848	0.50736	0.02327	0.09710	0.01695	0.00888	0.00633	0.00202	0.00539	0.00723	0.00709	0.00986
3	0.01472	0.09203	0.25881	0.08172	0.12141	0.01506	0.16920	0.01971	0.01402	0.05587	0.01264	0.01605	0.00976	0.00601	0.00619	0.00190	0.00845	0.01913	0.00328	0.07404
4	0.02657	0.01259	0.01735	0.01315	0.01821	0.01178	0.06671	0.15673	0.02006	0.55395	0.02223	0.02006	0.01430	0.00761	0.00646	0.00197	0.00612	0.00635	0.00720	0.01061
5	0.01141	0.02028	0.35753	0.01447	0.02028	0.01158	0.07148	0.01751	0.07733	0.01999	0.06638	0.10427	0.16081	0.01002	0.00677	0.00212	0.00692	0.00863	0.00427	0.00794
6	0.01465	0.10213	0.16145	0.21496	0.04612	0.01614	0.21781	0.05862	0.04145	0.03280	0.01294	0.02962	0.01000	0.00631	0.00640	0.00201	0.00872	0.00605	0.00338	0.00846
7	0.01344	0.01454	0.07665	0.42194	0.25692	0.01461	0.07563	0.01785	0.01347	0.01824	0.01162	0.01629	0.00901	0.00602	0.00639	0.00204	0.00842	0.00572	0.00294	0.00828
8	0.01296	0.01180	0.01903	0.70152	0.04175	0.01454	0.01717	0.07269	0.01407	0.01813	0.01159	0.01678	0.00864	0.00645	0.00634	0.00210	0.00834	0.00564	0.00310	0.00735
9	0.01411	0.01638	0.08961	0.29555	0.15348	0.04728	0.20295	0.01853	0.01368	0.01831	0.01155	0.01600	0.00898	0.00627	0.00756	0.00210	0.06054	0.00597	0.00298	0.00817
10	0.01714	0.01884	0.08217	0.04026	0.33086	0.12181	0.06924	0.08682	0.06896	0.02162	0.01269	0.01543	0.01018	0.00664	0.00746	0.00198	0.06941	0.00560	0.00364	0.00926
11	0.01683	0.01288	0.01591	0.01503	0.07047	0.01399	0.04771	0.02955	0.47999	0.12364	0.02472	0.08289	0.01947	0.00902	0.00662	0.00214	0.00545	0.00784	0.00618	0.00967
12	0.00771	0.00559	0.00728	0.00864	0.00915	0.00517	0.00580	0.00886	0.01234	0.01627	0.03736	0.71468	0.09864	0.01956	0.00805	0.00254	0.00364	0.01765	0.00589	0.00517
13	0.18387	0.01078	0.01534	0.08983	0.01865	0.01121	0.12317	0.07031	0.01422	0.07779	0.02111	0.29401	0.02139	0.01128	0.00667	0.00223	0.00596	0.01010	0.00491	0.00714
14	0.01841	0.01465	0.08652	0.01859	0.16113	0.01280	0.06935	0.14465	0.03287	0.19047	0.14643	0.02365	0.03533	0.00810	0.00663	0.00197	0.00642	0.00712	0.00557	0.00934
15	0.01880	0.17826	0.16594	0.01733	0.02346	0.09196	0.20895	0.02283	0.01524	0.17644	0.01408	0.01535	0.01019	0.00617	0.00607	0.00186	0.00855	0.00551	0.00403	0.00899
16	0.00895	0.00650	0.00830	0.06941	0.01103	0.00667	0.00593	0.00990	0.01069	0.01415	0.02587	0.21477	0.07873	0.40466	0.09259	0.00506	0.00658	0.01112	0.00436	0.00471
17	0.01557	0.01812	0.09203	0.15173	0.20759	0.08477	0.28110	0.02010	0.01467	0.03491	0.01220	0.01596	0.00939	0.00582	0.00667	0.00201	0.00937	0.00612	0.00319	0.00868
18	0.11988	0.09120	0.01818	0.22916	0.07866	0.01415	0.01248	0.05045	0.05584	0.24525	0.01604	0.01708	0.01132	0.00679	0.00582	0.00195	0.00656	0.00545	0.00489	0.00885
19	0.01759	0.01669	0.02034	0.36801	0.03207	0.13646	0.07138	0.21720	0.01861	0.02319	0.01229	0.01556	0.00917	0.00666	0.00633	0.00198	0.00871	0.00555	0.00393	0.00828
20	0.01696	0.01819	0.02392	0.09569	0.40672	0.17934	0.07415	0.02025	0.01478	0.01874	0.01122	0.01485	0.00933	0.00628	0.00730	0.00193	0.06294	0.00545	0.00312	0.00884
21	0.01603	0.01493	0.02455	0.10643	0.61207	0.01536	0.01869	0.07616	0.01553	0.02187	0.01214	0.01578	0.00996	0.00588	0.00629	0.00191	0.00758	0.00566	0.00337	0.00982
22	0.05482	0.01738	0.01673	0.01354	0.01780	0.17444	0.01091	0.24779	0.02116	0.28282	0.03025	0.01702	0.01261	0.00767	0.00687	0.00191	0.04509	0.00561	0.00596	0.00962
23	0.02370	0.03023	0.01798	0.01634	0.01961	0.75158	0.01226	0.02533	0.01798	0.01553	0.00981	0.01144	0.00817	0.00654	0.00572	0.00163	0.01144	0.00409	0.00327	0.00735
24	0.01621	0.04388	0.13163	0.01235	0.01674	0.01303	0.01131	0.12168	0.20374	0.11484	0.21584	0.02657	0.02657	0.00904	0.00655	0.00200	0.00556	0.00751	0.00601	0.00895
25	0.00920	0.00620	0.00717	0.00713	0.00729	0.00621	0.00417	0.00951	0.00991	0.01338	0.07308	0.04129	0.02552	0.69106	0.05911	0.00600	0.00635	0.00930	0.00406	0.00408
26	0.01363	0.01349	0.07872	0.14242	0.28276	0.01220	0.07228	0.01738	0.01451	0.06050	0.11206	0.11460	0.02055	0.00864	0.00676	0.00206	0.00688	0.00808	0.00418	0.00828
27	0.01696	0.78087	0.03324	0.01085	0.01628	0.02510	0.01085	0.01900	0.01289	0.01493	0.00882	0.01018	0.00814	0.00543	0.00407	0.00136	0.00678	0.00339	0.00271	0.00814
28	0.01414	0.01348	0.02292	0.34304	0.44561	0.01466	0.01869	0.01810	0.01370	0.01883	0.01166	0.01621	0.00938	0.00594	0.00631	0.00198	0.00792	0.00565	0.00301	0.00879
29	0.01198	0.01128	0.01903	0.76180	0.04369	0.01409	0.01762	0.01621	0.01268	0.01621	0.01128	0.01691	0.00846	0.00634	0.00634	0.00211	0.00846	0.00564	0.00282	0.00705
30	0.00795	0.00599	0.00692	0.00753	0.00849	0.00544	0.00506	0.00902	0.01241	0.01574	0.04287	0.35404	0.29837	0.17523	0.01288	0.00315	0.00402	0.01447	0.00547	0.00496
31	0.82186	0.01227	0.00932	0.00834	0.01227	0.01423	0.00687	0.01865	0.01080	0.02846	0.00883	0.01031	0.00687	0.00589	0.00393	0.00196	0.00491	0.00344	0.00393	0.00687
32	0.01296	0.03120	0.67139	0.01897	0.02804	0.01487	0.09461	0.02011	0.01356	0.02011	0.01153	0.01378	0.00820	0.00596	0.00618	0.00202	0.00951	0.00498	0.00273	0.00929
33	0.04987	0.08175	0.02521	0.01797	0.02227	0.01475	0.31116	0.06976	0.01429	0.05118	0.01389	0.01818	0.01133	0.01730	0.20753	0.00423	0.05135	0.00648	0.00366	0.00785
34	0.01863	0.59752	0.02963	0.01203	0.01710	0.13565	0.01118	0.08267	0.01519	0.01727	0.00955	0.01082	0.00838	0.00579	0.00453	0.00145	0.00751	0.00371	0.00313	0.00826
35	0.01545	0.08437	0.14954	0.05524	0.02075	0.01268	0.06869	0.03385	0.04973	0.09615	0.01345	0.01492	0.01019	0.00573	0.00550	0.00152	0.00656	0.00478	0.00399	0.34690
36	0.09214	0.10097	0.13843	0.01378	0.01852	0.03312	0.01276	0.14344	0.27165	0.02554	0.01643	0.01676	0.01250	0.00757	0.00701	0.00202	0.06774	0.00555	0.00480	0.00925
37	0.00941	0.00713	0.00964	0.01056	0.01158	0.00736	0.00846	0.01149	0.01350	0.01787	0.06475	0.30440	0.08911	0.01749	0.00937	0.00269	0.06692	0.32691	0.00566	0.00567
38	0.02171	0.01616	0.01748	0.01376	0.01836	0.01767	0.01120	0.58450	0.06664	0.03627	0.01741	0.08309	0.01399	0.00864	0.00644	0.00194	0.00648	0.00681	0.00620	0.04527
39	0.01176	0.00949	0.01360	0.01224	0.01449	0.00948	0.10061	0.10919	0.05346	0.02128	0.07136	0.33455	0.07127	0.04932	0.00880	0.00255	0.00541	0.08882	0.00560	0.00671
40	0.01331	0.13603	0.64609	0.01708	0.02592	0.01616	0.02170	0.01994	0.01332	0.01938	0.01103	0.01295	0.00805	0.00594	0.00576	0.00192	0.00902	0.00451	0.00268	0.00921
41	0.01553	0.49416	0.24750	0.01431	0.02101	0.02125	0.07140	0.01943	0.01321	0.01691	0.00992	0.01170	0.00823	0.00560	0.00493	0.00162	0.00788	0.00411	0.00274	0.00855
42	0.01529	0.01518	0.02747	0.09048	0.55201	0.01518	0.15134	0.01939	0.01441	0.02031	0.01206	0.01606	0.00985	0.00565	0.00651	0.00195	0.00821	0.00600	0.00313	0.00954
43	0.01246	0.01124	0.01351	0.01355	0.01567	0.10987	0.06811	0.01540	0.01510	0.01862	0.02864	0.05888	0.03043	0.01502	0.00824	0.00268	0.00700	0.54403	0.00527	0.00627
44	0.00921	0.00642	0.00841	0.00932	0.01034	0.00615	0.00720	0.01052	0.01277	0.01647	0.03509	0.22385	0.15156	0.07501	0.01227	0.11066	0.00487	0.27954	0.00530	0.00504
45	0.02710	0.01054	0.01439	0.01132	0.01597	0.00917	0.00939	0.02959	0.01789	0.68801	0.02567	0.02532	0.01725	0.00857	0.00656	0.00203	0.00543	0.05767	0.00770	0.01043
46	0.01198	0.01128	0.01903	0.76180	0.04369	0.01409	0.01762	0.01621	0.01268	0.01621	0.01128	0.01691	0.00846	0.00634	0.00634	0.00211	0.00846	0.00564	0.00282	0.00705
47	0.00877	0.00602	0.00737	0.00804	0.00831	0.00589	0.00516	0.00943	0.01077	0.01432	0.02667	0.31127	0.03116	0.43292	0.02136	0.00456	0.00522	0.07349	0.00477	0.00450
48	0.01293	0.01347	0.02743	0.04838	0.02594	0.01273	0.46032	0.01748	0.01585	0.02181	0.24478	0.02684	0.02574	0.00784	0.00744	0.00209	0.00813	0.00870	0.00441	0.00767
49	0.01529	0.01332	0.01883	0.18464	0.24591	0.01477	0.01460	0.02494	0.30808	0.04926	0.01846	0.02063	0.01431	0.00735	0.00642	0.00207	0.00658	0.02052	0.00467	0.00933
50	0.01310	0.09943	0.68087	0.01744	0.02646	0.01566	0.02232	0.01999	0.01335	0.01963	0.01116	0.01311	0.00805	0.00597	0.00585	0.00195	0.00914	0.00457	0.00268	0.00927
51	0.01198	0.01128	0.01903	0.76180	0.04369	0.01409	0.01762	0.01621	0.01268	0.01621	0.01128	0.01691	0.00846	0.00634	0.00634	0.00211	0.00846	0.00564	0.00282	0.00705
52	0.01734	0.01544	0.02001	0.02516	0.35628	0.08020	0.01450	0.08031	0.17814	0.06402	0.06971	0.01978	0.01609	0.00723	0.00637	0.00194	0.00681	0.00634	0.00472	0.00961
53	0.01304	0.01284	0.02317	0.52918	0.14462	0.01457	0.13695	0.01739	0.01334	0.01758	0.01164	0.01677	0.00889	0.00607	0.00653	0.00208	0.00870	0.00596	0.00293	0.00775
54	0.07496	0.01411	0.02544	0.25427	0.22974	0.01475	0.22359	0.01916	0.01395	0.05117	0.01234	0.01635	0.00944	0.00589	0.00649	0.00204	0.00847	0.00606	0.00333	0.00848

[dist]
# distance from previous block
# <min> <max>
2	5

[block]
# block no. 3 follows, 35 sequences, length 11
# corresponding to MSA columns:
# 213,215-224
name=unknown_D
#
# <colnr> <probs for GDERKNQSTAVLIFYWHMCP>
#	G	D	E	R	K	N	Q	S	T	A	V	L	I	F	Y	W	H	M	C	P
0	0.01805	0.08959	0.02055	0.24223	0.09720	0.33724	0.01457	0.02069	0.01497	0.01617	0.01026	0.01357	0.00845	0.00663	0.00693	0.00186	0.06568	0.00475	0.00303	0.00757
1	0.02519	0.01302	0.01547	0.01223	0.01677	0.03958	0.01005	0.21483	0.02113	0.45125	0.05822	0.02333	0.01738	0.00849	0.00652	0.00198	0.00595	0.04130	0.00713	0.01017
2	0.11936	0.01460	0.01754	0.01388	0.01837	0.01576	0.07419	0.32537	0.11444	0.12352	0.01705	0.01760	0.01242	0.01097	0.07348	0.00272	0.00750	0.00597	0.00571	0.00954
3	0.01831	0.01220	0.01880	0.09019	0.30903	0.01213	0.01415	0.02251	0.06061	0.23510	0.05083	0.02514	0.01707	0.00808	0.00663	0.00206	0.00645	0.07616	0.00517	0.00939
4	0.00919	0.00631	0.00771	0.00771	0.00798	0.00658	0.00483	0.00973	0.00946	0.01288	0.01927	0.03753	0.02133	0.60168	0.20529	0.00712	0.00876	0.00864	0.00374	0.00428
5	0.02290	0.02131	0.01777	0.07179	0.02078	0.39421	0.04976	0.05261	0.01777	0.21132	0.01681	0.01725	0.04292	0.00728	0.00614	0.00182	0.00901	0.00548	0.00470	0.00836
6	0.00773	0.00552	0.00736	0.00883	0.00920	0.00515	0.00589	0.00883	0.01215	0.01619	0.03497	0.77291	0.04196	0.01987	0.00810	0.00258	0.00368	0.01803	0.00589	0.00515
7	0.09977	0.18198	0.02233	0.04840	0.01948	0.18793	0.07526	0.02026	0.01358	0.06479	0.01046	0.01309	0.00871	0.00736	0.00923	0.00198	0.19956	0.00477	0.00337	0.00769
8	0.05408	0.61811	0.11193	0.01158	0.01736	0.02255	0.01202	0.01976	0.01314	0.05618	0.01000	0.01118	0.00849	0.00565	0.00441	0.00149	0.00692	0.00371	0.00305	0.00837
9	0.01884	0.31262	0.10005	0.01301	0.01844	0.02029	0.01231	0.30024	0.05913	0.02631	0.01546	0.01591	0.04717	0.00709	0.00550	0.00173	0.00686	0.00518	0.00454	0.00930
10	0.05387	0.51948	0.05263	0.01233	0.01726	0.18909	0.01140	0.02105	0.04257	0.01631	0.00982	0.01112	0.00854	0.00585	0.00460	0.00150	0.00778	0.00375	0.00304	0.00803

[dist]
# distance from previous block
# <min> <max>
0	18

[block]
# block no. 4 follows, 35 sequences, length 12
# corresponding to MSA columns:
# 264-275
name=unknown_E
#
# <colnr> <probs for GDERKNQSTAVLIFYWHMCP>
#	G	D	E	R	K	N	Q	S	T	A	V	L	I	F	Y	W	H	M	C	P
0	0.13363	0.11462	0.23229	0.01445	0.02067	0.01576	0.06523	0.11565	0.05047	0.15692	0.01454	0.01508	0.01033	0.00656	0.00572	0.00192	0.00725	0.00512	0.00453	0.00929
1	0.01242	0.08015	0.20685	0.01223	0.01614	0.01105	0.01191	0.03796	0.06571	0.06351	0.02408	0.31450	0.02495	0.03378	0.00764	0.00235	0.00598	0.05647	0.00488	0.00742
2	0.00924	0.00664	0.00772	0.00784	0.00854	0.00657	0.00506	0.01129	0.06376	0.01624	0.12209	0.18617	0.08764	0.41019	0.02038	0.00429	0.00493	0.01143	0.00502	0.00496
3	0.00773	0.00552	0.00736	0.00883	0.00920	0.00515	0.00589	0.00883	0.01215	0.01619	0.03497	0.77291	0.04196	0.01987	0.00810	0.00258	0.00368	0.01803	0.00589	0.00515
4	0.01578	0.01363	0.01434	0.01291	0.01650	0.01578	0.01004	0.03371	0.72602	0.02654	0.02582	0.02367	0.01937	0.00861	0.00646	0.00215	0.00502	0.00717	0.00646	0.01004
5	0.01388	0.01388	0.01943	0.01666	0.01666	0.01943	0.01388	0.01527	0.00972	0.01527	0.00833	0.01388	0.00833	0.01110	0.02082	0.00278	0.76544	0.00555	0.00278	0.00694
6	0.01431	0.01390	0.02439	0.29626	0.42661	0.01481	0.08083	0.01838	0.01386	0.01907	0.01178	0.01626	0.00944	0.00587	0.00641	0.00199	0.00815	0.00581	0.00303	0.00884
7	0.76088	0.01364	0.00999	0.00895	0.01283	0.07057	0.00728	0.01916	0.01134	0.02747	0.00891	0.01039	0.00697	0.00594	0.00406	0.00194	0.00541	0.00348	0.00388	0.00691
8	0.02015	0.01482	0.04476	0.02121	0.15607	0.01395	0.19858	0.08097	0.10346	0.25149	0.01826	0.01880	0.01286	0.00680	0.00665	0.00201	0.00740	0.00653	0.00530	0.00993
9	0.01635	0.01355	0.02143	0.11669	0.44575	0.01392	0.01622	0.07069	0.04045	0.08668	0.04660	0.05447	0.01447	0.00718	0.00645	0.00197	0.00694	0.00663	0.00418	0.00940
10	0.00758	0.00609	0.00677	0.00732	0.00880	0.00528	0.00522	0.00900	0.01360	0.01679	0.05342	0.32451	0.47844	0.01748	0.00772	0.00230	0.00339	0.01511	0.00589	0.00528
11	0.12891	0.31044	0.07720	0.01197	0.01698	0.01913	0.01111	0.09584	0.18741	0.06209	0.01468	0.01485	0.01136	0.00667	0.00514	0.00177	0.00624	0.00482	0.00444	0.00894

[dist]
# distance from previous block
# <min> <max>
9	22

[block]
# block no. 5 follows, 35 sequences, length 8
# corresponding to MSA columns:
# 302-309
name=unknown_F
#
# <colnr> <probs for GDERKNQSTAVLIFYWHMCP>
#	G	D	E	R	K	N	Q	S	T	A	V	L	I	F	Y	W	H	M	C	P
0	0.01685	0.40713	0.17556	0.01556	0.07288	0.01930	0.06356	0.02039	0.01374	0.09606	0.01190	0.01348	0.00945	0.00725	0.03043	0.00195	0.00784	0.00455	0.00336	0.00877
1	0.04805	0.31849	0.10593	0.10516	0.02161	0.02000	0.01318	0.18848	0.08149	0.02328	0.01250	0.01382	0.00978	0.00644	0.00533	0.00175	0.00710	0.00472	0.00398	0.00891
2	0.01802	0.40311	0.20433	0.01445	0.06366	0.01893	0.01420	0.02156	0.01411	0.15452	0.01272	0.01348	0.00967	0.00605	0.00513	0.00167	0.00721	0.00442	0.00371	0.00907
3	0.01270	0.12917	0.39697	0.05420	0.02189	0.01493	0.01679	0.01729	0.01247	0.01772	0.03977	0.01882	0.01240	0.12560	0.01126	0.00263	0.07888	0.00560	0.00304	0.00787
4	0.08110	0.20427	0.10649	0.06104	0.04372	0.05595	0.01230	0.16781	0.03273	0.06987	0.01665	0.01814	0.06280	0.03332	0.00649	0.00196	0.00696	0.00550	0.00432	0.00857
5	0.19184	0.06745	0.01803	0.29105	0.02633	0.06893	0.05721	0.01787	0.01250	0.05144	0.01092	0.01474	0.00865	0.00776	0.00823	0.06313	0.06853	0.00502	0.00333	0.00704
6	0.12260	0.07105	0.04861	0.15329	0.28138	0.11313	0.08376	0.01964	0.01403	0.01980	0.01098	0.01430	0.00886	0.00589	0.00586	0.00189	0.00819	0.00513	0.00317	0.00845
7	0.00862	0.00627	0.00829	0.00947	0.01046	0.00595	0.00722	0.01051	0.01360	0.01784	0.08447	0.41525	0.11504	0.01823	0.00821	0.00261	0.00430	0.24226	0.00595	0.00546

[dist]
# distance from previous block
# <min> <max>
1	5

[block]
# block no. 6 follows, 35 sequences, length 10
# corresponding to MSA columns:
# 316-325
name=unknown_G
#
# <colnr> <probs for GDERKNQSTAVLIFYWHMCP>
#	G	D	E	R	K	N	Q	S	T	A	V	L	I	F	Y	W	H	M	C	P
0	0.01781	0.15769	0.10893	0.01571	0.02012	0.21983	0.07042	0.04780	0.15722	0.01938	0.01329	0.01476	0.01061	0.00714	0.00745	0.00191	0.09254	0.00515	0.00378	0.00845
1	0.01678	0.05393	0.13677	0.04916	0.25076	0.07566	0.17544	0.04836	0.04725	0.06496	0.01327	0.01581	0.01015	0.00607	0.00639	0.00194	0.00858	0.00580	0.00363	0.00928
2	0.00821	0.00613	0.00832	0.00942	0.00983	0.00624	0.00654	0.00943	0.01184	0.01602	0.03188	0.66586	0.03779	0.02161	0.06961	0.00321	0.05090	0.01636	0.00550	0.00530
3	0.01388	0.01388	0.01943	0.01666	0.01666	0.01943	0.01388	0.01527	0.00972	0.01527	0.00833	0.01388	0.00833	0.01110	0.02082	0.00278	0.76544	0.00555	0.00278	0.00694
4	0.00923	0.00615	0.00692	0.00692	0.00692	0.00615	0.00384	0.00923	0.00923	0.01230	0.01999	0.04151	0.02306	0.77705	0.03229	0.00615	0.00615	0.00923	0.00384	0.00384
5	0.82186	0.01227	0.00932	0.00834	0.01227	0.01423	0.00687	0.01865	0.01080	0.02846	0.00883	0.01031	0.00687	0.00589	0.00393	0.00196	0.00491	0.00344	0.00393	0.00687
6	0.82186	0.01227	0.00932	0.00834	0.01227	0.01423	0.00687	0.01865	0.01080	0.02846	0.00883	0.01031	0.00687	0.00589	0.00393	0.00196	0.00491	0.00344	0.00393	0.00687
7	0.67083	0.05402	0.01147	0.00894	0.01312	0.01457	0.00746	0.04928	0.01220	0.06346	0.01002	0.01119	0.00765	0.00599	0.00419	0.00189	0.00511	0.00369	0.00415	0.04078
8	0.24069	0.08068	0.06594	0.01553	0.10610	0.05556	0.03074	0.09070	0.04692	0.07065	0.01280	0.01519	0.01019	0.03653	0.00758	0.00211	0.06854	0.00501	0.03026	0.00827
9	0.19438	0.03316	0.01510	0.10835	0.01942	0.06028	0.04229	0.05397	0.17005	0.09734	0.01882	0.05994	0.01583	0.00868	0.00612	0.00212	0.00629	0.07471	0.00503	0.00812

[dist]
# distance from previous block
# <min> <max>
9	25

[block]
# block no. 7 follows, 35 sequences, length 42
# corresponding to MSA columns:
# 358-399
name=unknown_H
#
# <colnr> <probs for GDERKNQSTAVLIFYWHMCP>
#	G	D	E	R	K	N	Q	S	T	A	V	L	I	F	Y	W	H	M	C	P
0	0.08278	0.01472	0.01772	0.01460	0.01884	0.01640	0.09927	0.15606	0.45012	0.02837	0.02085	0.02020	0.01554	0.00779	0.00636	0.00209	0.00609	0.00664	0.00582	0.00973
1	0.01294	0.01259	0.01923	0.38611	0.03006	0.01679	0.01573	0.01573	0.01119	0.01573	0.00979	0.01538	0.00839	0.00874	0.01364	0.00245	0.39011	0.00559	0.00280	0.00699
2	0.01451	0.01721	0.13250	0.03174	0.47753	0.01435	0.11298	0.01881	0.01417	0.02021	0.01385	0.07715	0.01229	0.00682	0.00655	0.00199	0.00792	0.00676	0.00330	0.00935
3	0.01470	0.12019	0.45194	0.01607	0.02318	0.09962	0.01839	0.02173	0.09495	0.01961	0.01374	0.01711	0.01090	0.00693	0.00595	0.00195	0.00861	0.04221	0.00335	0.00888
4	0.01126	0.05983	0.17217	0.01001	0.01403	0.00909	0.00992	0.01454	0.01520	0.07843	0.19310	0.04121	0.32330	0.01185	0.00687	0.00202	0.00492	0.00987	0.00539	0.00699
5	0.00909	0.00649	0.00892	0.01039	0.01135	0.00632	0.00825	0.01118	0.01348	0.01771	0.03422	0.39082	0.03899	0.01859	0.00846	0.00276	0.00486	0.38672	0.00586	0.00553
6	0.01611	0.23366	0.05989	0.01993	0.05489	0.08668	0.28575	0.01959	0.01377	0.01759	0.01063	0.01393	0.00883	0.00640	0.00830	0.00195	0.12540	0.00553	0.00298	0.00818
7	0.01431	0.31248	0.47839	0.01538	0.02328	0.01861	0.01873	0.01968	0.01321	0.01816	0.01043	0.01219	0.00808	0.00580	0.00530	0.00177	0.00841	0.00420	0.00269	0.00891
8	0.00830	0.00626	0.00767	0.00774	0.00917	0.00563	0.00564	0.01049	0.01571	0.02111	0.39553	0.21143	0.24147	0.01535	0.00762	0.00216	0.00321	0.01345	0.00644	0.00563
9	0.00899	0.00687	0.00851	0.00920	0.01095	0.00639	0.00764	0.01137	0.01482	0.01874	0.10329	0.06524	0.32787	0.01655	0.00813	0.00252	0.00452	0.35678	0.00595	0.00565
10	0.01455	0.00798	0.01084	0.01085	0.01317	0.00747	0.00911	0.01712	0.01547	0.20746	0.06382	0.11241	0.07831	0.01490	0.00795	0.00255	0.00526	0.38730	0.00642	0.00705
11	0.01431	0.01365	0.02324	0.30919	0.47810	0.01471	0.01878	0.01825	0.01379	0.01904	0.01169	0.01615	0.00945	0.00591	0.00630	0.00197	0.00788	0.00565	0.00302	0.00893
12	0.02165	0.01441	0.01809	0.22449	0.02568	0.01583	0.01302	0.36848	0.02243	0.18740	0.01627	0.01710	0.01121	0.00731	0.00635	0.00198	0.00705	0.00584	0.00568	0.00974
13	0.01570	0.01507	0.02575	0.03894	0.73748	0.01507	0.01947	0.01947	0.01444	0.02073	0.01193	0.01570	0.01005	0.00565	0.00628	0.00188	0.00754	0.00565	0.00314	0.01005
14	0.01141	0.00963	0.07688	0.01052	0.01283	0.00770	0.00894	0.01477	0.06041	0.09121	0.03380	0.31216	0.11274	0.03836	0.00843	0.00257	0.00498	0.17031	0.00576	0.00658
15	0.01027	0.00833	0.01221	0.11147	0.05473	0.00957	0.00970	0.01231	0.01123	0.01549	0.01956	0.12450	0.02046	0.15743	0.24376	0.00552	0.08590	0.07784	0.00389	0.00585
16	0.01570	0.01507	0.02575	0.03894	0.73748	0.01507	0.01947	0.01947	0.01444	0.02073	0.01193	0.01570	0.01005	0.00565	0.00628	0.00188	0.00754	0.00565	0.00314	0.01005
17	0.02487	0.00988	0.01345	0.01086	0.01498	0.00860	0.00873	0.02709	0.01712	0.61609	0.02675	0.15182	0.02025	0.00994	0.00668	0.00207	0.00510	0.00840	0.00751	0.00982
18	0.01277	0.06137	0.65880	0.01776	0.04341	0.01470	0.02191	0.01960	0.01364	0.02018	0.04955	0.01512	0.01083	0.00636	0.00603	0.00198	0.00889	0.00502	0.00292	0.00916
19	0.01363	0.01296	0.02201	0.44066	0.35192	0.01453	0.01844	0.01766	0.01347	0.01822	0.01157	0.01637	0.00916	0.00604	0.00631	0.00201	0.00805	0.00564	0.00296	0.00838
20	0.01497	0.01346	0.02555	0.02105	0.08216	0.01277	0.36540	0.04694	0.01556	0.08686	0.02193	0.07474	0.06396	0.00917	0.00748	0.00224	0.00813	0.11498	0.00451	0.00814
21	0.01443	0.01797	0.16539	0.16144	0.44292	0.01488	0.05338	0.01906	0.01396	0.01979	0.01175	0.01553	0.00936	0.00583	0.00630	0.00196	0.00821	0.00555	0.00300	0.00932
22	0.09710	0.03878	0.01664	0.01378	0.01759	0.31903	0.01088	0.10439	0.04684	0.20003	0.01481	0.01513	0.01083	0.00800	0.02100	0.00201	0.04461	0.00501	0.00491	0.00863
23	0.01526	0.01462	0.02494	0.12558	0.65433	0.01496	0.01925	0.01908	0.01423	0.02018	0.01185	0.01585	0.00986	0.00574	0.00629	0.00191	0.00765	0.00565	0.00310	0.00969
24	0.01908	0.05127	0.25703	0.01521	0.02116	0.02858	0.04537	0.12215	0.07685	0.20668	0.01696	0.01821	0.01220	0.00751	0.00715	0.00204	0.05364	0.02432	0.00496	0.00963
25	0.01727	0.09978	0.17399	0.01426	0.01953	0.02781	0.05901	0.13289	0.13281	0.11535	0.02025	0.04095	0.04573	0.02206	0.00682	0.00209	0.00694	0.04835	0.00502	0.00908
26	0.01497	0.01711	0.03743	0.02674	0.03316	0.01604	0.71444	0.02032	0.01497	0.02032	0.01283	0.01711	0.00963	0.00535	0.00749	0.00214	0.01070	0.00749	0.00321	0.00856
27	0.01320	0.16254	0.50328	0.01554	0.02304	0.01571	0.01870	0.01965	0.05215	0.01957	0.04775	0.05521	0.01296	0.00713	0.00588	0.00193	0.00807	0.00562	0.00327	0.00880
28	0.01573	0.37746	0.34862	0.01442	0.02157	0.01998	0.01657	0.08363	0.01467	0.01953	0.01055	0.01207	0.00834	0.00590	0.00515	0.00170	0.00796	0.00418	0.00303	0.00893
29	0.01786	0.01510	0.14073	0.01420	0.06115	0.01214	0.01211	0.04297	0.22242	0.22826	0.09961	0.06598	0.02128	0.00886	0.00655	0.00206	0.00579	0.00748	0.00602	0.00944
30	0.01290	0.01105	0.01319	0.17138	0.01982	0.01260	0.01004	0.02305	0.37202	0.02093	0.02667	0.02973	0.10813	0.12846	0.01058	0.00276	0.00570	0.00795	0.00520	0.00785
31	0.01500	0.15736	0.49804	0.01590	0.02373	0.01635	0.01900	0.03842	0.07198	0.06753	0.01311	0.01426	0.00954	0.00629	0.00576	0.00190	0.00826	0.00480	0.00342	0.00935
32	0.01666	0.08582	0.05423	0.09247	0.29393	0.03316	0.07609	0.02162	0.07962	0.11076	0.06096	0.01872	0.01432	0.00672	0.00627	0.00192	0.00722	0.00612	0.00420	0.00920
33	0.00825	0.00598	0.00790	0.00925	0.01000	0.00563	0.00674	0.00979	0.01287	0.01687	0.03705	0.56329	0.09715	0.01906	0.00819	0.00262	0.00411	0.16405	0.00588	0.00532
34	0.01696	0.78087	0.03324	0.01085	0.01628	0.02510	0.01085	0.01900	0.01289	0.01493	0.00882	0.01018	0.00814	0.00543	0.00407	0.00136	0.00678	0.00339	0.00271	0.00814
35	0.10586	0.06465	0.35325	0.01561	0.04124	0.07411	0.02951	0.03887	0.01497	0.18298	0.01404	0.01474	0.00980	0.00644	0.00579	0.00192	0.00794	0.00492	0.00413	0.00923
36	0.36880	0.05396	0.14619	0.01269	0.01767	0.05325	0.06757	0.05730	0.01371	0.07136	0.01320	0.07450	0.01108	0.00724	0.00532	0.00199	0.00666	0.00552	0.00410	0.00787
37	0.00929	0.00638	0.00786	0.00800	0.00835	0.00660	0.00523	0.01000	0.00991	0.01339	0.02065	0.04104	0.02289	0.56478	0.17061	0.00664	0.00824	0.07181	0.00394	0.00438
38	0.21007	0.04809	0.07599	0.01422	0.06478	0.04902	0.05383	0.04359	0.01569	0.33908	0.01682	0.01646	0.01144	0.00677	0.00571	0.00193	0.00647	0.00531	0.00543	0.00929
39	0.03016	0.35766	0.34996	0.01428	0.02137	0.01938	0.01642	0.05040	0.03531	0.03579	0.01113	0.01251	0.00870	0.00595	0.00517	0.00172	0.00784	0.00426	0.00311	0.00890
40	0.00800	0.00575	0.00727	0.00827	0.00882	0.00537	0.00549	0.00909	0.01225	0.01621	0.07326	0.55723	0.10627	0.13156	0.01160	0.00303	0.00397	0.01593	0.00564	0.00502
41	0.01531	0.01213	0.01810	0.20727	0.05345	0.01302	0.10250	0.17090	0.03051	0.06641	0.01848	0.15047	0.01698	0.07167	0.00888	0.00245	0.00702	0.00842	0.01816	0.00787

[dist]
# distance from previous block
# <min> <max>
0	2

[block]
# block no. 8 follows, 35 sequences, length 12
# corresponding to MSA columns:
# 402-413
name=unknown_I
#
# <colnr> <probs for GDERKNQSTAVLIFYWHMCP>
#	G	D	E	R	K	N	Q	S	T	A	V	L	I	F	Y	W	H	M	C	P
0	0.22433	0.05043	0.07040	0.01506	0.07261	0.07769	0.03246	0.23787	0.03625	0.10498	0.01358	0.01429	0.00991	0.00671	0.00559	0.00190	0.00693	0.00498	0.00488	0.00915
1	0.00867	0.00619	0.00844	0.00991	0.01069	0.00596	0.00752	0.01046	0.01307	0.01725	0.03445	0.50837	0.03990	0.01899	0.00835	0.00271	0.00450	0.27329	0.00587	0.00541
2	0.00773	0.00552	0.00736	0.00883	0.00920	0.00515	0.00589	0.00883	0.01215	0.01619	0.03497	0.77291	0.04196	0.01987	0.00810	0.00258	0.00368	0.01803	0.00589	0.00515
3	0.01682	0.12054	0.19966	0.11473	0.08845	0.10081	0.11392	0.13135	0.01670	0.02167	0.01172	0.01422	0.00896	0.00617	0.00606	0.00189	0.00880	0.00521	0.00347	0.00886
4	0.00986	0.00748	0.01081	0.00960	0.01047	0.00751	0.08510	0.01076	0.01000	0.01353	0.01879	0.03658	0.02060	0.59433	0.12324	0.00622	0.00808	0.00871	0.00371	0.00462
5	0.01331	0.01343	0.01891	0.67702	0.04095	0.09798	0.01701	0.01725	0.01329	0.01613	0.01111	0.01629	0.00842	0.00636	0.00627	0.00206	0.00880	0.00546	0.00287	0.00708
6	0.01509	0.09601	0.01746	0.01413	0.10828	0.09560	0.00994	0.01781	0.01384	0.01948	0.01093	0.01297	0.00921	0.00511	0.00495	0.00118	0.00605	0.00400	0.00351	0.53445
7	0.01797	0.01699	0.01986	0.05527	0.31025	0.15152	0.01454	0.02545	0.22563	0.07316	0.01656	0.01774	0.01279	0.00688	0.00624	0.00193	0.00740	0.00586	0.00447	0.00947
8	0.01400	0.01821	0.19265	0.22916	0.38347	0.01473	0.01990	0.01874	0.01372	0.01936	0.01163	0.01549	0.00915	0.00593	0.00624	0.00198	0.00822	0.00542	0.00295	0.00908
9	0.15200	0.01570	0.07932	0.07079	0.10839	0.05585	0.04005	0.10280	0.03281	0.25675	0.01617	0.01655	0.01124	0.00681	0.00594	0.00195	0.00687	0.00547	0.00518	0.00937
10	0.01688	0.14379	0.17969	0.05712	0.07291	0.14412	0.01429	0.07660	0.07385	0.05108	0.09498	0.01808	0.01560	0.00721	0.00593	0.00183	0.00770	0.00562	0.00413	0.00858
11	0.25572	0.01350	0.09585	0.13262	0.05485	0.01201	0.01115	0.01786	0.04279	0.05251	0.05893	0.02092	0.08933	0.00750	0.00556	0.00189	0.00582	0.00589	0.00420	0.11110

[dist]
# distance from previous block
# <min> <max>
2	18

[block]
# block no. 9 follows, 35 sequences, length 16
# corresponding to MSA columns:
# 471-486
name=unknown_J
#
# <colnr> <probs for GDERKNQSTAVLIFYWHMCP>
#	G	D	E	R	K	N	Q	S	T	A	V	L	I	F	Y	W	H	M	C	P
0	0.15814	0.02107	0.24461	0.01938	0.11372	0.07391	0.13624	0.02097	0.03515	0.06344	0.02837	0.01515	0.01033	0.00618	0.00595	0.00195	0.00813	0.00532	0.00363	0.02835
1	0.03804	0.02323	0.39558	0.01702	0.03927	0.01308	0.11227	0.01973	0.01383	0.06576	0.01281	0.01554	0.00962	0.00600	0.00597	0.00181	0.00807	0.01939	0.00342	0.17955
2	0.01059	0.00765	0.00992	0.01060	0.01208	0.00756	0.00848	0.06456	0.01455	0.01930	0.03059	0.26787	0.03395	0.07611	0.01004	0.00291	0.00527	0.36151	0.00565	0.04082
3	0.01583	0.49810	0.18870	0.01677	0.12986	0.02127	0.01495	0.01931	0.01324	0.01696	0.00986	0.01174	0.00841	0.00559	0.00484	0.00158	0.00747	0.00403	0.00277	0.00871
4	0.01622	0.35951	0.35584	0.01420	0.02137	0.01873	0.01644	0.02073	0.01367	0.09271	0.01167	0.01283	0.00888	0.00595	0.00520	0.00172	0.00782	0.00429	0.00323	0.00898
5	0.00987	0.00601	0.00794	0.00794	0.00812	0.00619	0.00511	0.00920	0.00902	0.01220	0.01616	0.03057	0.01742	0.37915	0.14318	0.30975	0.00762	0.00745	0.00337	0.00372
6	0.01827	0.54394	0.02857	0.01260	0.01709	0.19318	0.01143	0.02016	0.01381	0.01509	0.00901	0.01077	0.00816	0.00615	0.00582	0.00154	0.06996	0.00373	0.00285	0.00786
7	0.01542	0.01375	0.02151	0.05716	0.34664	0.01411	0.08229	0.12605	0.06267	0.02402	0.09629	0.07682	0.01865	0.00804	0.00669	0.00200	0.00683	0.00752	0.00448	0.00907
8	0.01225	0.01500	0.19037	0.01457	0.01871	0.01049	0.10639	0.01724	0.06749	0.05837	0.02531	0.20109	0.03804	0.01244	0.00746	0.00240	0.00672	0.18332	0.00489	0.00747
9	0.01434	0.00942	0.01113	0.01056	0.01320	0.00958	0.00823	0.02130	0.23822	0.15228	0.03486	0.18952	0.14213	0.01320	0.00726	0.00231	0.00463	0.10356	0.00642	0.00784
10	0.01280	0.01212	0.02051	0.60187	0.19719	0.01431	0.01803	0.01693	0.01307	0.01721	0.01142	0.01665	0.00881	0.00619	0.00633	0.00206	0.00825	0.00564	0.00289	0.00771
11	0.01295	0.02639	0.50729	0.01832	0.02599	0.01423	0.13218	0.02030	0.06914	0.02036	0.01483	0.06281	0.01207	0.00730	0.00650	0.00210	0.00880	0.02617	0.00335	0.00894
12	0.00882	0.00623	0.00825	0.00914	0.00975	0.00625	0.00656	0.01018	0.01164	0.01558	0.02833	0.33541	0.03233	0.21495	0.12024	0.00464	0.00665	0.15501	0.00501	0.00504
13	0.01930	0.01282	0.01707	0.01398	0.01796	0.05161	0.10726	0.08669	0.12646	0.24904	0.09212	0.03038	0.02208	0.00952	0.00698	0.00214	0.00638	0.11303	0.00622	0.00895
14	0.01181	0.00754	0.00936	0.00904	0.01018	0.00772	0.00641	0.06342	0.01244	0.07481	0.02233	0.10622	0.02350	0.38971	0.14298	0.00551	0.00769	0.07913	0.00467	0.00554
15	0.01477	0.02630	0.47360	0.01910	0.08271	0.05839	0.07663	0.02063	0.01459	0.07653	0.06538	0.01689	0.01273	0.00662	0.00628	0.00198	0.00868	0.00559	0.00351	0.00910

[dist]
# distance from previous block
# <min> <max>
1	2

[block]
# block no. 10 follows, 35 sequences, length 39
# corresponding to MSA columns:
# 489-527
name=unknown_K
#
# <colnr> <probs for GDERKNQSTAVLIFYWHMCP>
#	G	D	E	R	K	N	Q	S	T	A	V	L	I	F	Y	W	H	M	C	P
0	0.01465	0.01400	0.02385	0.24284	0.54178	0.01480	0.01895	0.01855	0.01395	0.01945	0.01175	0.01604	0.00960	0.00585	0.00630	0.00195	0.00780	0.00565	0.00305	0.00920
1	0.02197	0.00963	0.01334	0.06956	0.01658	0.00876	0.00910	0.02455	0.01721	0.49677	0.15302	0.08634	0.02523	0.00963	0.00671	0.00203	0.00507	0.00818	0.00714	0.00918
2	0.01486	0.01463	0.02607	0.09008	0.46076	0.01440	0.15884	0.01889	0.01441	0.02042	0.03306	0.01680	0.01124	0.00578	0.00644	0.00188	0.00789	0.00604	0.00329	0.07422
3	0.02846	0.01080	0.01472	0.01129	0.01619	0.00932	0.00932	0.03092	0.01816	0.74187	0.02503	0.02159	0.01570	0.00785	0.00638	0.00196	0.00540	0.00638	0.00785	0.01080
4	0.01837	0.01392	0.01506	0.01298	0.01692	0.01563	0.01025	0.13193	0.54802	0.10681	0.02421	0.02222	0.01773	0.00838	0.00643	0.00210	0.00534	0.00687	0.00659	0.01023
5	0.01402	0.26153	0.52682	0.01587	0.02404	0.01790	0.01959	0.01976	0.01324	0.01851	0.01060	0.01241	0.00807	0.00584	0.00543	0.00181	0.00858	0.00429	0.00269	0.00900
6	0.01198	0.01128	0.01903	0.76180	0.04369	0.01409	0.01762	0.01621	0.01268	0.01621	0.01128	0.01691	0.00846	0.00634	0.00634	0.00211	0.00846	0.00564	0.00282	0.00705
7	0.01366	0.01243	0.01757	0.31358	0.15333	0.02881	0.01429	0.03594	0.20280	0.02050	0.03778	0.08941	0.01623	0.00830	0.00654	0.00211	0.00682	0.00733	0.00433	0.00825
8	0.01144	0.01002	0.01670	0.05168	0.19669	0.00988	0.09230	0.01436	0.01384	0.01862	0.02618	0.24324	0.04922	0.01328	0.00767	0.00242	0.00625	0.20441	0.00475	0.00705
9	0.01939	0.01549	0.01688	0.01479	0.04976	0.01743	0.01133	0.32872	0.39303	0.03210	0.02062	0.01966	0.01524	0.00805	0.00640	0.00203	0.00598	0.00647	0.00626	0.01037
10	0.01448	0.01132	0.01332	0.00967	0.01518	0.00877	0.00775	0.01778	0.03769	0.07890	0.01287	0.01419	0.01024	0.00508	0.00489	0.00106	0.00477	0.00408	0.00418	0.72378
11	0.01289	0.06172	0.71671	0.01780	0.02703	0.01513	0.02295	0.02005	0.01337	0.01989	0.01129	0.01327	0.00804	0.00600	0.00595	0.00198	0.00928	0.00464	0.00268	0.00933
12	0.01272	0.03281	0.74418	0.01808	0.02746	0.01473	0.02344	0.02009	0.01339	0.02009	0.01138	0.01339	0.00804	0.00603	0.00603	0.00201	0.00938	0.00469	0.00268	0.00938
13	0.01466	0.00794	0.01024	0.00902	0.01174	0.00696	0.02245	0.01675	0.01582	0.24889	0.16007	0.13723	0.26723	0.03179	0.00782	0.00221	0.00417	0.01120	0.00659	0.00720
14	0.02813	0.03297	0.01526	0.01127	0.01620	0.00978	0.00937	0.03057	0.01801	0.72094	0.02456	0.02126	0.01549	0.00778	0.00631	0.00195	0.00544	0.00629	0.00770	0.01072
15	0.01793	0.01297	0.02140	0.09522	0.36706	0.01279	0.06315	0.02158	0.02935	0.20454	0.01742	0.07850	0.01407	0.00746	0.00654	0.00200	0.00693	0.00699	0.00461	0.00946
16	0.01572	0.01785	0.20195	0.16078	0.30266	0.01362	0.01815	0.02025	0.01452	0.11808	0.04540	0.01755	0.01223	0.00650	0.00630	0.00197	0.00767	0.00576	0.00378	0.00925
17	0.01298	0.05364	0.69140	0.01881	0.05899	0.01505	0.02290	0.02003	0.01343	0.01997	0.01134	0.01340	0.00813	0.00599	0.00598	0.00198	0.00922	0.00469	0.00270	0.00937
18	0.01520	0.01332	0.02107	0.24938	0.15615	0.01551	0.07163	0.07271	0.01426	0.06487	0.03238	0.01716	0.01104	0.00851	0.02515	0.00237	0.19152	0.00601	0.00362	0.00816
19	0.01681	0.37575	0.26126	0.01571	0.07806	0.04753	0.01555	0.02074	0.01386	0.08461	0.01145	0.01277	0.00896	0.00591	0.00516	0.00168	0.00774	0.00430	0.00324	0.00891
20	0.01292	0.01236	0.02131	0.57206	0.19367	0.01439	0.04928	0.01710	0.01317	0.01737	0.01149	0.01666	0.00885	0.00615	0.00638	0.00207	0.00836	0.00572	0.00291	0.00777
21	0.00771	0.00559	0.00729	0.00864	0.00915	0.00517	0.00580	0.00886	0.01233	0.01627	0.03732	0.71564	0.09771	0.01957	0.00805	0.00254	0.00364	0.01766	0.00589	0.00517
22	0.01960	0.12092	0.16907	0.01510	0.04032	0.01450	0.06095	0.02311	0.01495	0.29599	0.04333	0.01778	0.01316	0.00757	0.00814	0.00202	0.11361	0.00576	0.00489	0.00925
23	0.01484	0.08833	0.50999	0.01972	0.11110	0.01556	0.03932	0.05132	0.01451	0.05997	0.01220	0.01404	0.00887	0.00609	0.00597	0.00194	0.00866	0.00491	0.00320	0.00948
24	0.00789	0.00574	0.00780	0.03735	0.01051	0.00549	0.00633	0.00911	0.01217	0.01619	0.03407	0.74428	0.04069	0.01936	0.00803	0.00256	0.00386	0.01757	0.00577	0.00522
25	0.01272	0.03281	0.74418	0.01808	0.02746	0.01473	0.02344	0.02009	0.01339	0.02009	0.01138	0.01339	0.00804	0.00603	0.00603	0.00201	0.00938	0.00469	0.00268	0.00938
26	0.01448	0.01360	0.02209	0.12485	0.38766	0.01420	0.07388	0.02075	0.13527	0.02142	0.07298	0.02140	0.01612	0.00713	0.00658	0.00202	0.00708	0.02536	0.00405	0.00909
27	0.01785	0.01393	0.02341	0.15383	0.37311	0.01409	0.09069	0.05135	0.01559	0.16154	0.01462	0.01719	0.01087	0.00625	0.00644	0.00197	0.00759	0.00599	0.00415	0.00956
28	0.01198	0.01128	0.01903	0.76180	0.04369	0.01409	0.01762	0.01621	0.01268	0.01621	0.01128	0.01691	0.00846	0.00634	0.00634	0.00211	0.00846	0.00564	0.00282	0.00705
29	0.00840	0.00628	0.00781	0.00794	0.00933	0.00570	0.00584	0.01064	0.01573	0.02123	0.39858	0.21336	0.21203	0.01539	0.00767	0.00219	0.00329	0.03651	0.00645	0.00565
30	0.04953	0.01280	0.08263	0.10457	0.02033	0.01046	0.01149	0.02711	0.01664	0.54293	0.02181	0.04016	0.01452	0.00776	0.00631	0.00200	0.00608	0.00635	0.00657	0.00992
31	0.01198	0.01128	0.01903	0.76180	0.04369	0.01409	0.01762	0.01621	0.01268	0.01621	0.01128	0.01691	0.00846	0.00634	0.00634	0.00211	0.00846	0.00564	0.00282	0.00705
32	0.01022	0.00730	0.01022	0.01168	0.01314	0.00730	0.01022	0.01314	0.01460	0.01899	0.03359	0.07156	0.03651	0.01752	0.00876	0.00292	0.00584	0.69478	0.00584	0.00584
33	0.02016	0.02227	0.01896	0.05090	0.10928	0.39139	0.01340	0.08631	0.01674	0.03617	0.01104	0.01373	0.00916	0.00887	0.03667	0.00223	0.13633	0.00490	0.00355	0.00795
34	0.74721	0.01248	0.01023	0.04362	0.01407	0.01448	0.00761	0.05093	0.01177	0.02843	0.00924	0.01084	0.00713	0.00599	0.00415	0.00197	0.00517	0.00364	0.00399	0.00706
35	0.01661	0.16685	0.20899	0.01579	0.02190	0.01495	0.16409	0.02123	0.03426	0.15891	0.04150	0.02046	0.07206	0.00724	0.00621	0.00192	0.00755	0.00637	0.00431	0.00881
36	0.01567	0.51891	0.06147	0.01075	0.01526	0.02005	0.01016	0.01911	0.07868	0.03700	0.01289	0.01724	0.01193	0.13674	0.00924	0.00229	0.00660	0.00488	0.00340	0.00773
37	0.05338	0.17656	0.23743	0.01297	0.01841	0.04777	0.01345	0.09289	0.03557	0.05007	0.17834	0.02111	0.02083	0.00783	0.00591	0.00184	0.00673	0.00614	0.00445	0.00836
