[name]
unknown

[dist]
# distance from previous block
# <min> <max>
0	150

[block]
# block no. 0 follows, 46 sequences, length 44
# corresponding to MSA columns:
# 215-258
name=unknown_A
#
# <colnr> <probs for GDERKNQSTAVLIFYWHMCP>
#	G	D	E	R	K	N	Q	S	T	A	V	L	I	F	Y	W	H	M	C	P
0	0.00936	0.00658	0.00809	0.00754	0.00950	0.00580	0.00569	0.02029	0.01114	0.05462	0.05965	0.22890	0.05620	0.10455	0.01899	0.00214	0.00395	0.10884	0.05237	0.22580
1	0.01107	0.01113	0.04475	0.48351	0.23304	0.01191	0.04512	0.01491	0.03374	0.01516	0.00996	0.01378	0.00773	0.00509	0.00525	0.00167	0.00674	0.00472	0.00255	0.03816
2	0.01316	0.01310	0.13243	0.05132	0.01572	0.01176	0.01008	0.09919	0.37669	0.07032	0.02876	0.02127	0.05401	0.04307	0.00639	0.00191	0.00505	0.03346	0.00467	0.00766
3	0.01008	0.00668	0.00861	0.00787	0.00961	0.00667	0.00614	0.06644	0.03664	0.09097	0.40877	0.03228	0.06708	0.01629	0.17133	0.00313	0.00552	0.03509	0.00513	0.00567
4	0.01220	0.01197	0.06332	0.08026	0.16377	0.05311	0.05600	0.10993	0.08499	0.01873	0.11058	0.02050	0.06661	0.04854	0.00722	0.03928	0.00558	0.00594	0.00377	0.03768
5	0.22616	0.01045	0.03509	0.04153	0.01323	0.01137	0.00793	0.05387	0.31980	0.03610	0.05673	0.01726	0.01383	0.01136	0.12041	0.00271	0.00584	0.00515	0.00429	0.00690
6	0.05001	0.01023	0.01454	0.17177	0.20505	0.05485	0.04154	0.03233	0.01281	0.07002	0.13985	0.02482	0.02888	0.00758	0.00565	0.00176	0.00562	0.11236	0.00382	0.00652
7	0.01314	0.03592	0.19565	0.02190	0.33864	0.01282	0.07804	0.08584	0.01280	0.04631	0.01116	0.04878	0.00926	0.00582	0.00611	0.00168	0.06020	0.00510	0.00300	0.00782
8	0.01270	0.01287	0.06988	0.18993	0.40303	0.04754	0.03115	0.01656	0.05322	0.05039	0.01186	0.04662	0.00990	0.00571	0.00533	0.00166	0.00641	0.01476	0.00299	0.00749
9	0.04538	0.10412	0.13141	0.07205	0.04613	0.18886	0.01114	0.12436	0.01429	0.11052	0.01094	0.02098	0.00832	0.00547	0.00474	0.00145	0.00662	0.00408	0.00348	0.08564
10	0.00673	0.00544	0.00604	0.00622	0.00781	0.00475	0.00482	0.00834	0.01231	0.01523	0.12802	0.08109	0.55927	0.01341	0.00642	0.00188	0.00300	0.11964	0.00500	0.00457
11	0.01029	0.00957	0.01549	0.65037	0.07366	0.01114	0.01361	0.01363	0.01070	0.01422	0.00943	0.01361	0.00723	0.00507	0.00509	0.00162	0.00657	0.00448	0.00247	0.12175
12	0.12162	0.00885	0.01138	0.00988	0.01173	0.01004	0.04470	0.01450	0.08241	0.08048	0.19963	0.02536	0.09173	0.00977	0.02761	0.00205	0.19758	0.04042	0.00430	0.00596
13	0.01915	0.01430	0.01586	0.08581	0.01826	0.01596	0.01048	0.69362	0.02352	0.03147	0.01238	0.01282	0.00881	0.00625	0.00529	0.00160	0.00593	0.00475	0.00501	0.00870
14	0.01082	0.00918	0.01067	0.00799	0.01218	0.00741	0.00633	0.01436	0.08233	0.01808	0.08651	0.01460	0.01276	0.00490	0.00428	0.00096	0.00380	0.00403	0.00361	0.68518
15	0.00969	0.00748	0.01252	0.31042	0.05395	0.00830	0.05877	0.01067	0.00924	0.01215	0.01117	0.04963	0.01045	0.03962	0.01235	0.33772	0.00585	0.03298	0.00259	0.00445
16	0.01240	0.01213	0.01938	0.27611	0.50979	0.04763	0.01546	0.01558	0.01170	0.01588	0.00969	0.01324	0.00788	0.00493	0.00523	0.00162	0.00667	0.00465	0.00254	0.00748
17	0.00769	0.00510	0.00679	0.00774	0.00846	0.00476	0.00557	0.00892	0.01079	0.05587	0.02963	0.61943	0.06718	0.01558	0.00673	0.00215	0.00340	0.12459	0.00499	0.00464
18	0.02776	0.01935	0.01423	0.01255	0.01540	0.48013	0.03912	0.05881	0.16021	0.02638	0.08307	0.01472	0.01284	0.00629	0.00509	0.00151	0.00751	0.00467	0.00370	0.00667
19	0.00770	0.00640	0.00999	0.05473	0.01185	0.00666	0.07678	0.00933	0.01008	0.01363	0.02349	0.46316	0.05843	0.01831	0.14653	0.00321	0.04944	0.02141	0.00404	0.00482
20	0.00653	0.00500	0.00599	0.00651	0.00751	0.00447	0.00459	0.00785	0.01159	0.01499	0.15558	0.40957	0.31180	0.01449	0.00648	0.00194	0.00283	0.01274	0.00505	0.00447
21	0.01931	0.00830	0.01046	0.00840	0.01168	0.00769	0.00682	0.05996	0.04920	0.50519	0.01950	0.01826	0.01314	0.00646	0.00488	0.00153	0.00400	0.00521	0.23214	0.00787
22	0.04201	0.01219	0.02349	0.23886	0.14396	0.01241	0.36875	0.01635	0.01192	0.06219	0.01071	0.01406	0.00803	0.00487	0.00566	0.00173	0.00756	0.00540	0.00283	0.00703
23	0.00938	0.00902	0.01702	0.01373	0.01612	0.00871	0.32104	0.01172	0.01080	0.01459	0.01905	0.33116	0.02061	0.10532	0.00935	0.00236	0.03762	0.03331	0.00367	0.00543
24	0.00992	0.00601	0.00742	0.00673	0.00863	0.00530	0.00516	0.01194	0.01399	0.15276	0.40218	0.05088	0.27686	0.01097	0.00609	0.00170	0.00291	0.00941	0.00564	0.00551
25	0.01386	0.01087	0.01488	0.53256	0.02889	0.08387	0.01258	0.01733	0.04214	0.17355	0.01214	0.01470	0.00864	0.00564	0.00525	0.00170	0.00664	0.00476	0.00337	0.00664
26	0.66960	0.01026	0.00974	0.11903	0.05591	0.01191	0.00760	0.01558	0.02682	0.02191	0.00811	0.00985	0.00629	0.00500	0.00371	0.00165	0.00462	0.00329	0.00316	0.00595
27	0.00702	0.00538	0.00805	0.00857	0.00930	0.00506	0.05772	0.00829	0.01044	0.01391	0.02777	0.69929	0.03276	0.01558	0.00675	0.00214	0.00361	0.06907	0.00475	0.00453
28	0.01261	0.01021	0.01180	0.05662	0.01426	0.01011	0.00772	0.12023	0.23008	0.01980	0.01330	0.01442	0.01046	0.00674	0.00632	0.08771	0.00451	0.00441	0.00394	0.35477
29	0.01221	0.00639	0.00846	0.00752	0.00953	0.00572	0.00578	0.01434	0.01432	0.25063	0.43226	0.12638	0.06423	0.01031	0.00602	0.00172	0.00318	0.00900	0.00589	0.00610
30	0.01272	0.01378	0.11730	0.04418	0.05014	0.08185	0.07391	0.05511	0.03993	0.05204	0.08060	0.01467	0.01201	0.00533	0.00485	0.00131	0.00562	0.00453	0.00347	0.32665
31	0.01149	0.20847	0.58158	0.01398	0.02093	0.01431	0.04728	0.01654	0.01112	0.01576	0.00904	0.01067	0.00677	0.00488	0.00470	0.00155	0.00736	0.00375	0.00226	0.00755
32	0.02372	0.00900	0.01227	0.00941	0.01350	0.00777	0.00777	0.02576	0.01513	0.78489	0.02086	0.01799	0.01309	0.00654	0.00532	0.00164	0.00450	0.00532	0.00654	0.00900
33	0.00768	0.03187	0.00795	0.05513	0.01016	0.04115	0.00604	0.00902	0.01095	0.01406	0.06692	0.54218	0.09753	0.01429	0.00643	0.00202	0.00374	0.06362	0.00462	0.00464
34	0.01309	0.00918	0.01307	0.01288	0.09694	0.00925	0.07845	0.01875	0.21964	0.16921	0.04235	0.21050	0.03104	0.00931	0.00588	0.00185	0.00461	0.04196	0.00492	0.00709
35	0.01248	0.01426	0.03119	0.02228	0.02763	0.01337	0.76203	0.01693	0.01248	0.01693	0.01070	0.01426	0.00802	0.00446	0.00624	0.00178	0.00891	0.00624	0.00267	0.00713
36	0.00713	0.00509	0.00692	0.00815	0.00876	0.00489	0.00610	0.00855	0.01080	0.01427	0.02876	0.56179	0.03346	0.01591	0.00693	0.00224	0.00366	0.25720	0.00489	0.00448
37	0.01211	0.01273	0.07721	0.13713	0.29614	0.01222	0.11026	0.04094	0.13147	0.01760	0.01323	0.05187	0.01114	0.00617	0.00575	0.00174	0.02195	0.02963	0.00325	0.00747
38	0.00767	0.00518	0.00605	0.00605	0.00615	0.00528	0.00356	0.00787	0.00777	0.01046	0.01640	0.03315	0.01859	0.73317	0.10708	0.00548	0.00607	0.00748	0.00316	0.00336
39	0.01385	0.04544	0.01117	0.00892	0.01150	0.01079	0.00709	0.32327	0.06416	0.02423	0.04514	0.14331	0.01628	0.00806	0.00503	0.00157	0.00420	0.00661	0.24257	0.00681
40	0.01357	0.06043	0.04008	0.10349	0.10120	0.18882	0.04541	0.06243	0.01310	0.01660	0.04509	0.01409	0.03790	0.00541	0.00480	0.00133	0.00628	0.00438	0.00311	0.23247
41	0.01285	0.01231	0.02090	0.03150	0.75420	0.01228	0.01580	0.01592	0.01204	0.01717	0.01147	0.01440	0.03528	0.00501	0.00527	0.00158	0.00615	0.00494	0.00270	0.00824
42	0.01083	0.01045	0.03496	0.44204	0.20773	0.01133	0.04817	0.03768	0.01166	0.01562	0.03972	0.05953	0.01132	0.00626	0.00549	0.00175	0.00647	0.02961	0.00287	0.00652
43	0.01219	0.01210	0.04965	0.13412	0.32387	0.05618	0.05111	0.01477	0.01105	0.03991	0.01123	0.01723	0.01010	0.12055	0.00967	0.00221	0.09086	0.02370	0.00281	0.00672

[dist]
# distance from previous block
# <min> <max>
5	51

[block]
# block no. 1 follows, 46 sequences, length 70
# corresponding to MSA columns:
# 311-340,343-382
name=unknown_B
#
# <colnr> <probs for GDERKNQSTAVLIFYWHMCP>
#	G	D	E	R	K	N	Q	S	T	A	V	L	I	F	Y	W	H	M	C	P
0	0.01241	0.00773	0.00947	0.00863	0.01088	0.00776	0.00677	0.01792	0.21385	0.18263	0.26271	0.09814	0.05032	0.00986	0.00596	0.00181	0.00364	0.07719	0.00566	0.00665
1	0.00660	0.00523	0.00594	0.00606	0.00743	0.00457	0.00443	0.00816	0.01244	0.01592	0.23579	0.18944	0.45264	0.01331	0.00634	0.00182	0.00270	0.01147	0.00514	0.00457
2	0.01280	0.01462	0.08443	0.10708	0.12674	0.04615	0.33849	0.05726	0.05014	0.01716	0.01054	0.01357	0.00816	0.00536	0.00680	0.00177	0.08359	0.00531	0.00284	0.00720
3	0.04189	0.06167	0.06570	0.24577	0.08518	0.35974	0.01234	0.01787	0.01279	0.03679	0.00907	0.01143	0.00715	0.00528	0.00487	0.00152	0.00789	0.00393	0.00268	0.00645
4	0.07387	0.00947	0.01163	0.00939	0.01306	0.00918	0.00762	0.02514	0.19097	0.52892	0.02001	0.01786	0.01334	0.00657	0.00514	0.00166	0.00432	0.00530	0.03809	0.00848
5	0.01385	0.00825	0.00978	0.00834	0.01093	0.00812	0.00657	0.13987	0.07921	0.20535	0.22494	0.06943	0.12954	0.00915	0.00568	0.00167	0.00372	0.00770	0.05112	0.00679
6	0.01700	0.05430	0.01641	0.13134	0.06842	0.54170	0.03977	0.01889	0.01365	0.01335	0.00878	0.01131	0.00736	0.02923	0.00553	0.00155	0.00864	0.00389	0.00265	0.00621
7	0.00824	0.00767	0.05157	0.14737	0.03699	0.00742	0.00833	0.03349	0.01065	0.01436	0.02212	0.52858	0.02517	0.01283	0.00699	0.00203	0.05565	0.01133	0.00409	0.00512
8	0.02218	0.00887	0.01201	0.00951	0.01333	0.00784	0.00790	0.04387	0.01511	0.69184	0.02132	0.02182	0.01463	0.00730	0.00550	0.00171	0.00457	0.07574	0.00635	0.00860
9	0.07446	0.42086	0.14304	0.05409	0.04074	0.05362	0.01110	0.08761	0.01243	0.04570	0.00895	0.01018	0.00721	0.00497	0.00412	0.00137	0.00613	0.00347	0.00282	0.00714
10	0.00865	0.06091	0.10060	0.00820	0.03304	0.00741	0.00712	0.01154	0.05851	0.04457	0.03988	0.03951	0.51021	0.01098	0.00584	0.00174	0.00383	0.03747	0.00444	0.00555
11	0.01161	0.01158	0.01869	0.38466	0.25734	0.05821	0.09644	0.01489	0.01135	0.01490	0.00995	0.01398	0.00795	0.00730	0.05732	0.00213	0.00764	0.00486	0.00252	0.00671
12	0.00937	0.10237	0.01236	0.00958	0.01058	0.01054	0.00772	0.01080	0.00855	0.01214	0.01184	0.01877	0.01164	0.12818	0.40290	0.00561	0.21399	0.00533	0.00268	0.00504
13	0.42458	0.13530	0.10027	0.01093	0.01512	0.08241	0.11135	0.01671	0.02956	0.01934	0.00847	0.00999	0.00666	0.00490	0.00407	0.00156	0.00587	0.00356	0.00293	0.00641
14	0.00645	0.00486	0.00588	0.00666	0.00740	0.00439	0.00454	0.00745	0.01058	0.01356	0.03592	0.53642	0.26155	0.05885	0.00769	0.00220	0.00306	0.01345	0.00482	0.00429
15	0.01119	0.03475	0.20174	0.01542	0.07878	0.01085	0.21430	0.01559	0.06069	0.04656	0.09888	0.04499	0.05638	0.05860	0.00732	0.00194	0.02539	0.00639	0.00344	0.00678
16	0.01312	0.00905	0.01089	0.00807	0.01243	0.00704	0.00650	0.01536	0.01184	0.16330	0.01406	0.01534	0.04459	0.00512	0.00437	0.00103	0.00399	0.02247	0.00391	0.62752
17	0.01451	0.16617	0.31852	0.01312	0.01869	0.04821	0.06027	0.19413	0.02503	0.05265	0.03320	0.01240	0.00902	0.00549	0.00491	0.00155	0.00674	0.00429	0.00334	0.00776
18	0.01466	0.15059	0.21339	0.01550	0.02069	0.16827	0.23618	0.03792	0.01287	0.06645	0.01007	0.01182	0.00761	0.00499	0.00509	0.00155	0.00786	0.00444	0.00283	0.00722
19	0.00644	0.00460	0.00613	0.00736	0.00767	0.00429	0.00491	0.00736	0.01012	0.01350	0.02914	0.81076	0.03497	0.01656	0.00675	0.00215	0.00307	0.01503	0.00491	0.00429
20	0.01023	0.01548	0.29743	0.01488	0.11418	0.00996	0.06377	0.01496	0.06051	0.01696	0.05709	0.02597	0.06444	0.00921	0.03879	0.00210	0.00642	0.14516	0.02571	0.00675
21	0.00720	0.00535	0.00670	0.00645	0.00775	0.00485	0.00481	0.00940	0.01417	0.01952	0.60544	0.08339	0.18223	0.01159	0.00627	0.00171	0.00256	0.01015	0.00560	0.00485
22	0.04909	0.05747	0.18353	0.01319	0.09456	0.01094	0.01139	0.04734	0.03330	0.32273	0.03902	0.03727	0.01188	0.00645	0.00590	0.00167	0.05682	0.00507	0.00442	0.00795
23	0.01158	0.02002	0.42715	0.10280	0.08341	0.01226	0.10608	0.08684	0.01268	0.01787	0.01279	0.01470	0.05683	0.00562	0.00532	0.00169	0.00722	0.00488	0.00279	0.00746
24	0.01181	0.00586	0.00662	0.00602	0.00793	0.00542	0.00466	0.01398	0.01233	0.17266	0.07367	0.02650	0.15978	0.00789	0.00466	0.00144	0.00292	0.00647	0.46372	0.00566
25	0.00908	0.00664	0.00843	0.00759	0.00845	0.00683	0.05281	0.04917	0.05819	0.01316	0.01627	0.02980	0.01720	0.59148	0.06363	0.00453	0.00572	0.00710	0.03968	0.00424
26	0.01063	0.00620	0.00806	0.00728	0.00908	0.00567	0.00556	0.01321	0.03458	0.16686	0.53463	0.08483	0.07160	0.01037	0.00607	0.00170	0.00297	0.00907	0.00585	0.00578
27	0.19380	0.01584	0.06168	0.01099	0.01428	0.22108	0.00901	0.02282	0.35782	0.01966	0.01416	0.01407	0.01082	0.00609	0.00474	0.00164	0.00583	0.00449	0.00402	0.00717
28	0.01188	0.01112	0.01734	0.16819	0.32778	0.01170	0.05128	0.03440	0.08401	0.01692	0.01360	0.01606	0.05826	0.00584	0.00600	0.00161	0.05627	0.00514	0.00308	0.09951
29	0.48518	0.01054	0.01129	0.00911	0.01283	0.01118	0.05532	0.08501	0.01240	0.24353	0.01194	0.01203	0.00828	0.00548	0.00423	0.00164	0.00467	0.00396	0.00436	0.00705
30	0.01215	0.01137	0.05440	0.06330	0.09594	0.04737	0.00950	0.09167	0.17872	0.02792	0.02519	0.10317	0.01530	0.08447	0.00792	0.00203	0.03557	0.04409	0.00399	0.08594
31	0.00904	0.00779	0.01167	0.05092	0.01281	0.00812	0.09610	0.01089	0.00994	0.01380	0.03342	0.02673	0.10123	0.18103	0.16380	0.00375	0.09346	0.05402	0.01508	0.09639
32	0.00807	0.00790	0.06043	0.01178	0.08439	0.00661	0.08381	0.01002	0.01091	0.01482	0.05364	0.52880	0.04327	0.01310	0.00643	0.00201	0.00431	0.04011	0.00432	0.00525
33	0.01356	0.01212	0.02050	0.08154	0.68290	0.01220	0.01558	0.01666	0.01214	0.06637	0.01061	0.01347	0.00859	0.00487	0.00524	0.00159	0.00622	0.00475	0.00285	0.00825
34	0.12975	0.00951	0.01471	0.68843	0.03268	0.01176	0.01341	0.01380	0.01035	0.01496	0.00911	0.01331	0.00686	0.00523	0.00500	0.00174	0.00663	0.00444	0.00248	0.00585
35	0.00726	0.00596	0.00779	0.00761	0.00925	0.00527	0.04612	0.00887	0.01151	0.01476	0.05797	0.27744	0.34994	0.01334	0.00638	0.00191	0.00348	0.10178	0.00469	0.05868
36	0.01176	0.13914	0.01936	0.28393	0.34085	0.01300	0.01373	0.01474	0.01147	0.01534	0.04247	0.01599	0.01046	0.00560	0.00510	0.00161	0.00621	0.03956	0.00271	0.00698
37	0.00751	0.00598	0.00675	0.00647	0.00809	0.00547	0.00477	0.00924	0.03469	0.01385	0.03456	0.03954	0.39126	0.17863	0.10234	0.00319	0.00481	0.05000	0.00415	0.08868
38	0.00974	0.00813	0.01194	0.05421	0.09561	0.00925	0.01032	0.01203	0.01120	0.01519	0.02056	0.04193	0.02179	0.01191	0.00914	0.00228	0.17715	0.46819	0.00395	0.00549
39	0.67346	0.01012	0.00884	0.00756	0.01101	0.01122	0.00623	0.03826	0.01059	0.16648	0.01004	0.01046	0.00719	0.00525	0.00371	0.00163	0.00421	0.00337	0.00394	0.00643
40	0.01060	0.01006	0.01684	0.62754	0.16407	0.01212	0.01479	0.01394	0.01070	0.01412	0.00936	0.01379	0.00727	0.00539	0.00590	0.00176	0.04836	0.00470	0.00239	0.00630
41	0.85155	0.01022	0.00777	0.00695	0.01022	0.01186	0.00573	0.01554	0.00900	0.02372	0.00736	0.00859	0.00573	0.00491	0.00327	0.00164	0.00409	0.00286	0.00327	0.00573
42	0.01084	0.01063	0.01569	0.60162	0.06997	0.06346	0.01369	0.01383	0.01058	0.01345	0.00941	0.01436	0.00760	0.03961	0.00730	0.00192	0.08297	0.00473	0.00242	0.00590
43	0.01379	0.00994	0.01190	0.01017	0.01242	0.01095	0.02656	0.19828	0.15420	0.09244	0.03597	0.02475	0.01596	0.19932	0.01183	0.00263	0.08129	0.07637	0.00455	0.00666
44	0.85155	0.01022	0.00777	0.00695	0.01022	0.01186	0.00573	0.01554	0.00900	0.02372	0.00736	0.00859	0.00573	0.00491	0.00327	0.00164	0.00409	0.00286	0.00327	0.00573
45	0.00836	0.00712	0.00984	0.08615	0.14008	0.00703	0.00765	0.01105	0.05411	0.01604	0.14660	0.20297	0.26044	0.01112	0.00605	0.00181	0.00383	0.00978	0.00445	0.00551
46	0.05705	0.00932	0.01349	0.01750	0.28927	0.00940	0.01076	0.06196	0.02354	0.04761	0.02162	0.03396	0.09557	0.00943	0.00599	0.00192	0.00515	0.27577	0.00407	0.00661
47	0.01064	0.00995	0.01377	0.16953	0.01725	0.01286	0.01052	0.01427	0.11972	0.01427	0.01368	0.05413	0.05043	0.03275	0.05447	0.00251	0.38448	0.00581	0.00308	0.00591
48	0.01040	0.00983	0.01541	0.41126	0.10888	0.01215	0.01296	0.01306	0.01029	0.01392	0.01285	0.01862	0.05823	0.00737	0.00859	0.00193	0.21285	0.05273	0.00270	0.00597
49	0.04744	0.01036	0.01481	0.36167	0.12286	0.01093	0.01161	0.08526	0.01217	0.01740	0.00969	0.01268	0.00758	0.00490	0.00479	0.00143	0.00579	0.00417	0.00293	0.25154
50	0.01134	0.00919	0.01213	0.06126	0.01300	0.01127	0.00860	0.14149	0.01108	0.01556	0.01122	0.01767	0.01063	0.13714	0.17179	0.08225	0.26058	0.00532	0.00307	0.00542
51	0.11051	0.01251	0.01346	0.01076	0.01456	0.01364	0.00880	0.41642	0.14747	0.15027	0.01518	0.01499	0.01085	0.00646	0.00508	0.00164	0.00507	0.01420	0.01974	0.00841
52	0.01224	0.01272	0.01606	0.06449	0.01556	0.08981	0.01164	0.01357	0.00891	0.01279	0.00721	0.01154	0.00693	0.00864	0.01538	0.00219	0.67763	0.00451	0.00235	0.00582
53	0.00685	0.00504	0.00646	0.00706	0.00791	0.00464	0.00508	0.00838	0.01187	0.01587	0.23551	0.43363	0.14696	0.01439	0.00658	0.00199	0.00299	0.06908	0.00515	0.00455
54	0.01281	0.01284	0.01352	0.20714	0.01930	0.15727	0.01036	0.01944	0.27301	0.01670	0.06193	0.01678	0.01309	0.00826	0.04070	0.00205	0.09918	0.00524	0.00370	0.00666
55	0.00719	0.00539	0.00668	0.00646	0.00780	0.00488	0.00486	0.00937	0.01405	0.01919	0.56423	0.06702	0.21832	0.01170	0.00629	0.00173	0.00262	0.03181	0.00555	0.00484
56	0.00855	0.00785	0.04848	0.04532	0.01101	0.00731	0.00686	0.01271	0.11543	0.01921	0.44786	0.03441	0.15064	0.01007	0.00662	0.00174	0.04673	0.00854	0.00508	0.00559
57	0.00674	0.00483	0.00640	0.00716	0.00773	0.00449	0.00493	0.00810	0.01150	0.01569	0.24212	0.59154	0.03920	0.01493	0.00660	0.00201	0.00290	0.01347	0.00517	0.00449
58	0.07866	0.01118	0.07203	0.48611	0.13530	0.01147	0.01378	0.01563	0.01120	0.09981	0.01058	0.01373	0.00777	0.00529	0.00510	0.00170	0.00648	0.00456	0.00291	0.00670
59	0.01134	0.02517	0.67848	0.01632	0.07696	0.01216	0.04235	0.01706	0.01142	0.04618	0.00999	0.01166	0.00710	0.00504	0.00509	0.00167	0.00761	0.00409	0.00244	0.00788
60	0.08871	0.00647	0.00739	0.00780	0.05734	0.00616	0.00516	0.01033	0.01106	0.06446	0.09263	0.03672	0.34766	0.20080	0.03288	0.00271	0.00405	0.00848	0.00432	0.00488
61	0.01338	0.60423	0.04687	0.01121	0.08635	0.02692	0.00950	0.01527	0.01074	0.01320	0.00840	0.01085	0.00780	0.05658	0.00518	0.00143	0.00568	0.00338	0.00242	0.06063
62	0.00962	0.00732	0.00840	0.00700	0.00918	0.00645	0.00488	0.01152	0.05815	0.02366	0.01389	0.02336	0.01407	0.40349	0.01569	0.02002	0.00455	0.00562	0.00334	0.34982
63	0.01399	0.11463	0.23830	0.06530	0.12902	0.01262	0.01304	0.10084	0.03167	0.10361	0.01119	0.01241	0.00832	0.00515	0.00479	0.00147	0.00608	0.00414	0.00332	0.12011
64	0.09762	0.01097	0.06294	0.04771	0.16880	0.01041	0.03220	0.08832	0.10735	0.07770	0.01693	0.21077	0.01588	0.00829	0.00544	0.00176	0.00499	0.00725	0.00413	0.02055
65	0.01324	0.01320	0.07742	0.13814	0.38372	0.01285	0.04336	0.12191	0.01351	0.03017	0.04183	0.01414	0.00981	0.00561	0.00609	0.00167	0.05761	0.00492	0.00310	0.00771
66	0.00929	0.00798	0.04227	0.00852	0.05008	0.00625	0.01837	0.01116	0.01150	0.06453	0.03123	0.09771	0.34141	0.06132	0.00687	0.00176	0.00380	0.00817	0.00419	0.21359
67	0.01239	0.00800	0.01185	0.05430	0.07509	0.00790	0.05621	0.05469	0.01245	0.18515	0.04117	0.15598	0.10223	0.01529	0.15582	0.00308	0.00649	0.03115	0.00445	0.00632
68	0.09611	0.09018	0.04974	0.01326	0.04438	0.12193	0.12860	0.16288	0.01491	0.13479	0.01316	0.06493	0.01071	0.00639	0.00513	0.00162	0.00635	0.02366	0.00397	0.00730
69	0.01598	0.01308	0.11099	0.12429	0.10366	0.06064	0.04558	0.08255	0.01376	0.25126	0.01483	0.06577	0.01128	0.00645	0.00544	0.00166	0.01601	0.00545	0.04377	0.00754

[dist]
# distance from previous block
# <min> <max>
0	1

[block]
# block no. 2 follows, 46 sequences, length 6
# corresponding to MSA columns:
# 384-389
name=unknown_C
#
# <colnr> <probs for GDERKNQSTAVLIFYWHMCP>
#	G	D	E	R	K	N	Q	S	T	A	V	L	I	F	Y	W	H	M	C	P
0	0.01439	0.01361	0.06237	0.05431	0.01529	0.11636	0.00972	0.14033	0.17630	0.07104	0.01590	0.01785	0.05360	0.06520	0.03114	0.00219	0.12403	0.00539	0.00402	0.00697
1	0.01060	0.00858	0.01281	0.13454	0.18588	0.00886	0.02496	0.02833	0.03450	0.05843	0.06746	0.13925	0.08777	0.07830	0.00795	0.00206	0.03085	0.03903	0.00384	0.03600
2	0.04848	0.01372	0.01543	0.06882	0.14476	0.15584	0.05204	0.09888	0.12872	0.15565	0.01385	0.01533	0.01051	0.04709	0.00628	0.00179	0.00625	0.00494	0.00408	0.00753
3	0.05264	0.01359	0.11830	0.26037	0.19158	0.01218	0.19989	0.01612	0.01161	0.05804	0.01037	0.01349	0.00780	0.00497	0.00538	0.00170	0.00716	0.00493	0.00275	0.00714
4	0.01339	0.01224	0.01866	0.16989	0.49884	0.06501	0.01455	0.01636	0.01217	0.06515	0.01145	0.01601	0.00959	0.00555	0.00534	0.00164	0.00645	0.04715	0.00295	0.00760
5	0.01174	0.01089	0.10563	0.14394	0.09068	0.00924	0.07446	0.04117	0.03772	0.12104	0.01879	0.25714	0.03675	0.00903	0.00581	0.00183	0.00541	0.00817	0.00401	0.00655

[dist]
# distance from previous block
# <min> <max>
10	189

# created by:
# /home/berkeley/.conda/envs/busco_data_prod/bin/msa2prfl.pl pipeline/OGs_align_augustus/33634/168235.fs
