[name]
unknown

[dist]
# distance from previous block
# <min> <max>
0	144

[block]
# block no. 0 follows, 33 sequences, length 42
# corresponding to MSA columns:
# 144-185
name=unknown_A
#
# <colnr> <probs for GDERKNQSTAVLIFYWHMCP>
#	G	D	E	R	K	N	Q	S	T	A	V	L	I	F	Y	W	H	M	C	P
0	0.01286	0.01064	0.05254	0.05015	0.01492	0.04642	0.02816	0.03132	0.02661	0.03639	0.07090	0.07552	0.02155	0.04433	0.01486	0.28748	0.00632	0.11563	0.00434	0.04904
1	0.01759	0.30869	0.15989	0.05947	0.02200	0.16837	0.03287	0.03324	0.03400	0.01795	0.01083	0.01288	0.00894	0.00640	0.00614	0.00174	0.04309	0.00445	0.00318	0.04826
2	0.01527	0.01316	0.05984	0.07705	0.04198	0.04120	0.01072	0.02044	0.11037	0.10711	0.04634	0.13293	0.01949	0.00920	0.00641	0.00186	0.00585	0.02382	0.00511	0.25186
3	0.03763	0.01394	0.06565	0.01354	0.01767	0.01321	0.03528	0.07939	0.10221	0.28696	0.05909	0.04742	0.03528	0.00927	0.00894	0.00218	0.11966	0.00717	0.00610	0.03942
4	0.04942	0.01531	0.13348	0.04743	0.02112	0.01214	0.13926	0.03900	0.07952	0.14434	0.16749	0.06203	0.04189	0.00920	0.00703	0.00214	0.00674	0.00832	0.00549	0.00866
5	0.01597	0.00960	0.01116	0.00989	0.01254	0.04635	0.00763	0.01860	0.03997	0.22327	0.24110	0.08759	0.16274	0.01297	0.00864	0.04397	0.02362	0.01021	0.00666	0.00752
6	0.01892	0.01203	0.01896	0.30930	0.07899	0.01265	0.05978	0.02332	0.05214	0.27065	0.04430	0.02184	0.03230	0.00764	0.00675	0.00212	0.00722	0.00675	0.00525	0.00909
7	0.02130	0.06020	0.05012	0.08767	0.02162	0.03898	0.07165	0.09580	0.09098	0.29056	0.04645	0.04102	0.01624	0.00918	0.02624	0.00228	0.00719	0.00685	0.00596	0.00969
8	0.01829	0.13171	0.18784	0.01978	0.02652	0.04861	0.27593	0.07612	0.01663	0.11458	0.01409	0.01604	0.01025	0.00630	0.00659	0.00201	0.00921	0.00605	0.00402	0.00944
9	0.00810	0.00582	0.00756	0.00892	0.00937	0.00542	0.00592	0.00921	0.01255	0.01661	0.03694	0.68388	0.07815	0.06567	0.00989	0.00287	0.00395	0.01791	0.00598	0.00528
10	0.01564	0.01233	0.01876	0.41739	0.03284	0.01445	0.04069	0.07136	0.06168	0.10467	0.01630	0.07238	0.01316	0.00842	0.00802	0.00225	0.07009	0.00705	0.00432	0.00818
11	0.04161	0.07168	0.01932	0.11185	0.05265	0.01369	0.08322	0.09052	0.07208	0.20203	0.06637	0.04512	0.05236	0.00890	0.00676	0.00211	0.00662	0.03842	0.00564	0.00904
12	0.02954	0.01120	0.01528	0.01171	0.01681	0.00968	0.00968	0.03208	0.01884	0.73213	0.02597	0.02241	0.01630	0.00815	0.00662	0.00204	0.00560	0.00662	0.00815	0.01120
13	0.01257	0.00937	0.01216	0.15395	0.01826	0.00981	0.00931	0.07011	0.07121	0.05878	0.32142	0.03834	0.13623	0.01133	0.00719	0.00210	0.00485	0.00973	0.03600	0.00729
14	0.04567	0.06627	0.11268	0.22052	0.06922	0.01487	0.04838	0.04212	0.02899	0.07039	0.01782	0.04395	0.06678	0.00826	0.00798	0.00213	0.08492	0.00662	0.00394	0.03849
15	0.01580	0.15867	0.12617	0.01327	0.04132	0.01305	0.04778	0.01948	0.03325	0.15553	0.07836	0.06661	0.15032	0.01026	0.00667	0.00205	0.00619	0.04165	0.00522	0.00834
16	0.00883	0.00616	0.00782	0.00906	0.00971	0.00593	0.00616	0.01097	0.04508	0.01807	0.03437	0.65660	0.03981	0.01880	0.00795	0.00254	0.00381	0.01694	0.08574	0.00566
17	0.05476	0.01595	0.02107	0.20700	0.09939	0.01769	0.05628	0.37060	0.02266	0.04931	0.01423	0.01637	0.01038	0.00714	0.00654	0.00205	0.00779	0.00593	0.00504	0.00981
18	0.01749	0.07942	0.05287	0.03768	0.01791	0.08984	0.06071	0.04304	0.04909	0.16721	0.15805	0.06656	0.06195	0.01002	0.00751	0.00209	0.03937	0.02529	0.00560	0.00830
19	0.01250	0.01169	0.01881	0.54219	0.03681	0.01487	0.01660	0.01617	0.01254	0.01667	0.01256	0.02001	0.01053	0.01080	0.05826	0.00291	0.14051	0.03533	0.00309	0.00714
20	0.71365	0.01312	0.00983	0.00886	0.01270	0.04943	0.00720	0.01937	0.01177	0.02849	0.01018	0.01184	0.00796	0.00627	0.00421	0.00198	0.00526	0.00380	0.06699	0.00708
21	0.00801	0.00576	0.00760	0.00908	0.00953	0.00535	0.00607	0.00918	0.01269	0.01684	0.03736	0.73951	0.06767	0.02048	0.00838	0.00266	0.00380	0.01854	0.00611	0.00535
22	0.01656	0.01599	0.02503	0.10183	0.58429	0.04783	0.01906	0.03997	0.04566	0.02166	0.01294	0.01655	0.01063	0.00616	0.00651	0.00198	0.00796	0.00586	0.00348	0.01004
23	0.01237	0.01207	0.02082	0.01877	0.07891	0.01306	0.19751	0.01503	0.01307	0.01816	0.02249	0.27411	0.05588	0.01279	0.01141	0.00252	0.19837	0.01113	0.00429	0.00721
24	0.02850	0.01287	0.01631	0.01250	0.01764	0.01215	0.01033	0.18697	0.02163	0.57331	0.02363	0.02089	0.01512	0.00809	0.00661	0.00202	0.00598	0.00646	0.00779	0.01120
25	0.05897	0.01277	0.01524	0.03062	0.01747	0.01296	0.01010	0.13144	0.17862	0.38281	0.02331	0.02139	0.01584	0.00814	0.00641	0.00205	0.00568	0.00653	0.04915	0.01048
26	0.01665	0.01433	0.02451	0.12912	0.35350	0.01452	0.12488	0.04014	0.04503	0.09216	0.03358	0.05289	0.01397	0.00720	0.00686	0.00209	0.00782	0.00705	0.00418	0.00951
27	0.01029	0.00617	0.00793	0.00793	0.00800	0.00624	0.00492	0.00932	0.00925	0.01240	0.01695	0.03309	0.01864	0.43596	0.07339	0.31763	0.00681	0.00793	0.00352	0.00367
28	0.02472	0.00994	0.01331	0.01074	0.01485	0.00873	0.00865	0.02721	0.01772	0.55715	0.06112	0.09707	0.02131	0.00959	0.00665	0.00205	0.00505	0.00803	0.08622	0.00988
29	0.02405	0.01056	0.01329	0.01067	0.01485	0.00978	0.00866	0.06330	0.06252	0.47875	0.02659	0.02460	0.05081	0.00851	0.00629	0.00196	0.00506	0.00690	0.16297	0.00989
30	0.01332	0.05431	0.71533	0.01856	0.02817	0.01558	0.02397	0.02082	0.01388	0.02070	0.01174	0.01381	0.00834	0.00624	0.00620	0.00207	0.00966	0.00483	0.00278	0.00969
31	0.01132	0.01094	0.02107	0.01707	0.02021	0.01024	0.30471	0.01447	0.01422	0.01922	0.06806	0.40150	0.03030	0.01374	0.00809	0.00244	0.00689	0.01362	0.00499	0.00691
32	0.00864	0.00603	0.00834	0.00935	0.00991	0.00598	0.00649	0.00976	0.01213	0.01647	0.06067	0.52533	0.03633	0.02610	0.15272	0.07343	0.00664	0.01503	0.00538	0.00527
33	0.01513	0.01007	0.01108	0.01060	0.01293	0.07312	0.00813	0.01798	0.04681	0.17793	0.14090	0.24311	0.09707	0.01434	0.00764	0.00233	0.00511	0.09187	0.00652	0.00731
34	0.68096	0.01334	0.01117	0.00959	0.01386	0.01520	0.00790	0.10274	0.01396	0.06577	0.01080	0.01189	0.00807	0.00643	0.00450	0.00203	0.00538	0.00400	0.00458	0.00782
35	0.00831	0.00624	0.00777	0.00881	0.00987	0.00570	0.00635	0.00989	0.01378	0.01776	0.06877	0.46569	0.22942	0.01900	0.00829	0.00257	0.00393	0.09619	0.00615	0.00552
36	0.14310	0.03811	0.03913	0.03103	0.01697	0.03887	0.00928	0.04279	0.01479	0.12941	0.01344	0.01452	0.01020	0.00585	0.00518	0.00145	0.00570	0.00441	0.00453	0.43122
37	0.04588	0.09316	0.13328	0.02957	0.01953	0.01448	0.06750	0.07215	0.10439	0.07547	0.04858	0.09401	0.01711	0.01010	0.03260	0.00231	0.03964	0.00720	0.00474	0.08830
38	0.11261	0.09213	0.09432	0.01232	0.01729	0.01485	0.01114	0.18638	0.04939	0.16137	0.09456	0.02069	0.01751	0.03624	0.00707	0.00208	0.00623	0.00618	0.00563	0.05198
39	0.10929	0.05834	0.03426	0.01093	0.01447	0.05005	0.00889	0.08487	0.07353	0.15326	0.10182	0.12022	0.07510	0.04539	0.00777	0.00226	0.00555	0.00863	0.00587	0.02949
40	0.01471	0.01117	0.01565	0.20415	0.06717	0.01247	0.01209	0.05904	0.07974	0.09959	0.17737	0.02894	0.07715	0.01084	0.02672	0.00240	0.07942	0.00806	0.00529	0.00802
41	0.05216	0.02216	0.16456	0.04037	0.02310	0.09311	0.03382	0.25169	0.04650	0.07529	0.05060	0.03996	0.01642	0.00955	0.00753	0.00247	0.00854	0.00697	0.02144	0.03378

[dist]
# distance from previous block
# <min> <max>
6	52

[block]
# block no. 1 follows, 33 sequences, length 32
# corresponding to MSA columns:
# 238-269
name=unknown_B
#
# <colnr> <probs for GDERKNQSTAVLIFYWHMCP>
#	G	D	E	R	K	N	Q	S	T	A	V	L	I	F	Y	W	H	M	C	P
0	0.16311	0.01874	0.19201	0.01495	0.05862	0.05182	0.01344	0.07018	0.09549	0.05217	0.04034	0.07794	0.01528	0.02656	0.00743	0.00219	0.04012	0.00656	0.00453	0.04851
1	0.01791	0.08956	0.30311	0.01534	0.02193	0.01481	0.03968	0.09978	0.03721	0.16116	0.01669	0.01938	0.01253	0.01049	0.06112	0.00266	0.00863	0.03451	0.00462	0.02885
2	0.06149	0.13435	0.07086	0.05539	0.03098	0.07467	0.03587	0.10323	0.01656	0.06930	0.04302	0.13749	0.07396	0.00975	0.00635	0.00197	0.00666	0.00802	0.00477	0.05529
3	0.08636	0.04486	0.09966	0.04601	0.04375	0.01305	0.04737	0.13287	0.04065	0.09599	0.06509	0.06996	0.01766	0.01113	0.00948	0.12351	0.00661	0.03304	0.00492	0.00805
4	0.11954	0.01742	0.16390	0.04599	0.02008	0.01367	0.01297	0.17220	0.01786	0.14037	0.01559	0.01827	0.01174	0.00799	0.00694	0.03915	0.00681	0.03415	0.00497	0.13041
5	0.04466	0.04577	0.17609	0.01268	0.01724	0.01231	0.01220	0.10171	0.07750	0.02309	0.05361	0.10842	0.04631	0.03336	0.00833	0.03670	0.00634	0.08194	0.00486	0.09688
6	0.01943	0.18680	0.02069	0.01339	0.01726	0.08965	0.04264	0.10974	0.05357	0.14657	0.03155	0.08838	0.01659	0.00924	0.00752	0.00202	0.06906	0.03338	0.03381	0.00872
7	0.20809	0.38532	0.02364	0.01109	0.01619	0.06604	0.01001	0.05853	0.01449	0.05817	0.01073	0.01190	0.00883	0.00600	0.00462	0.00160	0.00660	0.00391	0.00375	0.09052
8	0.01505	0.01227	0.05468	0.24374	0.02608	0.01203	0.08606	0.05622	0.01552	0.12465	0.07661	0.10643	0.04666	0.03662	0.00841	0.00235	0.03032	0.00849	0.02995	0.00786
9	0.01044	0.04835	0.06065	0.00953	0.01138	0.00813	0.00762	0.01246	0.01318	0.04387	0.14727	0.20329	0.07628	0.18208	0.13163	0.00448	0.00709	0.01119	0.00511	0.00599
10	0.01207	0.04544	0.23213	0.01248	0.01643	0.01026	0.01234	0.04536	0.01418	0.05231	0.06794	0.31467	0.02694	0.03151	0.03168	0.04455	0.00653	0.01108	0.00485	0.00725
11	0.01474	0.00830	0.01107	0.01028	0.01206	0.00838	0.00769	0.01636	0.01361	0.20586	0.04823	0.23065	0.06502	0.13416	0.11336	0.00413	0.07249	0.01091	0.00572	0.00696
12	0.02954	0.01120	0.01528	0.01171	0.01681	0.00968	0.00968	0.03208	0.01884	0.73213	0.02597	0.02241	0.01630	0.00815	0.00662	0.00204	0.00560	0.00662	0.00815	0.01120
13	0.04392	0.01471	0.02442	0.18075	0.47873	0.01542	0.04901	0.05082	0.01525	0.02169	0.01304	0.01821	0.01085	0.00649	0.00658	0.00205	0.00798	0.02711	0.00346	0.00951
14	0.02466	0.01569	0.01765	0.01390	0.01883	0.01677	0.01136	0.40002	0.15352	0.22590	0.02058	0.01920	0.01421	0.00816	0.00662	0.00204	0.00643	0.00639	0.00703	0.01106
15	0.01139	0.00745	0.00945	0.00960	0.01099	0.00763	0.00713	0.06733	0.01434	0.04656	0.05390	0.31286	0.02973	0.04903	0.16088	0.00418	0.00709	0.04918	0.13500	0.00629
16	0.00955	0.00652	0.00791	0.00843	0.00878	0.00646	0.00558	0.01030	0.01110	0.01470	0.02574	0.15420	0.02949	0.51428	0.02512	0.00519	0.00595	0.14142	0.00470	0.00459
17	0.01754	0.67383	0.09511	0.01218	0.01807	0.05801	0.01248	0.02011	0.01366	0.01599	0.00943	0.01091	0.00844	0.00574	0.00448	0.00148	0.00750	0.00367	0.00284	0.00852
18	0.00974	0.00772	0.00904	0.00978	0.01090	0.03544	0.00705	0.01272	0.06514	0.01969	0.16837	0.46239	0.06495	0.01752	0.00810	0.00250	0.00427	0.07238	0.00626	0.00604
19	0.61808	0.05557	0.01461	0.01112	0.01552	0.01553	0.08501	0.04917	0.01276	0.02815	0.01037	0.01220	0.00805	0.00616	0.00462	0.00200	0.00589	0.00423	0.03342	0.00754
20	0.01338	0.06379	0.70634	0.01846	0.02803	0.01572	0.02380	0.02080	0.01388	0.02063	0.01171	0.01376	0.00834	0.00623	0.00617	0.00206	0.00962	0.00481	0.00278	0.00968
21	0.00953	0.00718	0.01043	0.01041	0.01139	0.00833	0.00792	0.01155	0.01058	0.01514	0.01865	0.06822	0.01841	0.11698	0.60567	0.00945	0.04287	0.00790	0.00369	0.00571
22	0.01803	0.10220	0.05024	0.09250	0.01928	0.01205	0.04034	0.05830	0.01602	0.24418	0.02383	0.22673	0.02194	0.01128	0.00694	0.00220	0.00616	0.03357	0.00577	0.00848
23	0.01274	0.01212	0.01981	0.63911	0.04100	0.01548	0.01768	0.01667	0.01269	0.01667	0.01123	0.01706	0.00876	0.00735	0.00890	0.00230	0.12438	0.00584	0.00292	0.00730
24	0.02712	0.01049	0.01400	0.01093	0.01553	0.00918	0.00896	0.02974	0.01814	0.63297	0.02534	0.02271	0.01638	0.00808	0.00634	0.00197	0.00525	0.00655	0.11985	0.01049
25	0.02539	0.01350	0.01702	0.01357	0.01745	0.04038	0.01119	0.10435	0.01821	0.46414	0.02028	0.01945	0.01368	0.00884	0.01001	0.00221	0.17732	0.00626	0.00659	0.01016
26	0.04879	0.01381	0.02060	0.01659	0.01912	0.01635	0.10975	0.05569	0.01413	0.16851	0.03892	0.01813	0.01268	0.01105	0.04125	0.00279	0.37259	0.00641	0.00446	0.00840
27	0.01226	0.00801	0.01025	0.00968	0.01165	0.00781	0.00757	0.01531	0.04150	0.11254	0.31069	0.09903	0.15268	0.03222	0.00919	0.00241	0.04596	0.09782	0.00661	0.00682
28	0.00816	0.00579	0.00760	0.00899	0.00934	0.00544	0.00592	0.00920	0.01233	0.01645	0.03490	0.70022	0.04180	0.08713	0.01063	0.00300	0.00405	0.01790	0.00592	0.00523
29	0.12762	0.03400	0.05963	0.04481	0.04640	0.03434	0.03278	0.33697	0.09027	0.07448	0.04353	0.01750	0.01337	0.00763	0.00625	0.00202	0.00694	0.00593	0.00563	0.00990
30	0.05617	0.04598	0.04581	0.09348	0.02301	0.07443	0.11384	0.17544	0.04309	0.13050	0.05877	0.03755	0.02977	0.00811	0.00716	0.00207	0.03376	0.00679	0.00519	0.00909
31	0.09173	0.13852	0.07889	0.01862	0.18579	0.02940	0.01318	0.10631	0.01666	0.07679	0.04775	0.01811	0.03900	0.00701	0.00580	0.00179	0.00665	0.00560	0.02108	0.09132

[dist]
# distance from previous block
# <min> <max>
2	35

[block]
# block no. 2 follows, 33 sequences, length 26
# corresponding to MSA columns:
# 305-330
name=unknown_C
#
# <colnr> <probs for GDERKNQSTAVLIFYWHMCP>
#	G	D	E	R	K	N	Q	S	T	A	V	L	I	F	Y	W	H	M	C	P
0	0.01116	0.02719	0.01149	0.01029	0.01257	0.00746	0.04554	0.01315	0.01356	0.05703	0.02986	0.43524	0.06277	0.01491	0.00730	0.00220	0.00459	0.03180	0.05174	0.15013
1	0.08411	0.04864	0.01659	0.05581	0.01893	0.07482	0.01093	0.15628	0.29006	0.06319	0.01888	0.01896	0.01423	0.00944	0.03696	0.00234	0.00693	0.00603	0.00557	0.06132
2	0.07920	0.06287	0.02287	0.01714	0.04078	0.04831	0.16707	0.17013	0.05863	0.07857	0.03210	0.01686	0.01210	0.00723	0.00770	0.00199	0.07504	0.00601	0.00473	0.09067
3	0.01350	0.01219	0.05014	0.09351	0.25348	0.01162	0.01354	0.01675	0.01441	0.05492	0.13327	0.06666	0.02215	0.05393	0.08321	0.00314	0.03711	0.00779	0.00436	0.05433
4	0.18678	0.08646	0.21157	0.01348	0.01931	0.01581	0.01354	0.04262	0.20378	0.11873	0.01703	0.01698	0.01239	0.00718	0.00579	0.00205	0.00668	0.00542	0.00492	0.00948
5	0.01120	0.01105	0.05581	0.12423	0.01869	0.01101	0.06627	0.01393	0.03100	0.01710	0.06317	0.10741	0.09975	0.21546	0.01645	0.00346	0.11391	0.00954	0.00426	0.00629
6	0.00956	0.00645	0.00753	0.00753	0.00765	0.00657	0.00442	0.00980	0.00968	0.01302	0.02043	0.04132	0.02317	0.69518	0.10592	0.00681	0.00753	0.00932	0.00394	0.00418
7	0.00828	0.00593	0.00787	0.00899	0.00961	0.00552	0.00613	0.00982	0.01382	0.01874	0.17497	0.62014	0.04729	0.01918	0.00827	0.00255	0.00368	0.01734	0.00634	0.00552
8	0.04672	0.01141	0.01786	0.30518	0.17269	0.01266	0.02868	0.05537	0.01407	0.01940	0.01671	0.14560	0.01606	0.01062	0.00861	0.07605	0.00720	0.02382	0.00387	0.00743
9	0.02010	0.03102	0.01723	0.01406	0.01664	0.07808	0.02616	0.05301	0.01505	0.25145	0.01726	0.06109	0.01391	0.01189	0.03992	0.03636	0.25639	0.00671	0.02524	0.00843
10	0.00940	0.00705	0.01058	0.01058	0.01176	0.00823	0.00823	0.01176	0.01058	0.01528	0.01763	0.02586	0.01646	0.04937	0.74255	0.01058	0.01763	0.00705	0.00353	0.00588
11	0.02784	0.01392	0.01696	0.01300	0.01816	0.01371	0.01074	0.28536	0.02340	0.47243	0.02215	0.01992	0.01438	0.00806	0.00661	0.00201	0.00622	0.00636	0.00756	0.01120
12	0.00953	0.00730	0.01020	0.13291	0.01599	0.00758	0.00843	0.04234	0.01354	0.01794	0.03126	0.60607	0.03629	0.01771	0.00802	0.00256	0.00480	0.01599	0.00560	0.00594
13	0.00944	0.00691	0.00986	0.00986	0.01079	0.00784	0.00733	0.01129	0.01037	0.01475	0.01829	0.02950	0.01804	0.20128	0.59280	0.00969	0.01526	0.00759	0.00362	0.00548
14	0.00849	0.00607	0.00818	0.00970	0.01029	0.00575	0.00693	0.00998	0.01307	0.01733	0.03602	0.63892	0.04251	0.02018	0.00853	0.00274	0.00423	0.13950	0.00610	0.00548
15	0.02550	0.01174	0.05312	0.01156	0.01635	0.00944	0.00993	0.02841	0.01854	0.58347	0.13426	0.02613	0.02302	0.00888	0.00678	0.00204	0.00543	0.00735	0.00772	0.01034
16	0.71939	0.01342	0.01090	0.00944	0.01366	0.01545	0.00778	0.10252	0.01360	0.03099	0.00997	0.01131	0.00762	0.00633	0.00438	0.00203	0.00535	0.00385	0.00438	0.00762
17	0.01326	0.03134	0.64717	0.01767	0.02693	0.01450	0.02232	0.02033	0.01387	0.02092	0.01180	0.01387	0.00851	0.00609	0.00609	0.00195	0.00914	0.00475	0.00292	0.10657
18	0.01641	0.01358	0.02264	0.31237	0.37766	0.01453	0.01819	0.02034	0.01475	0.10581	0.01377	0.01752	0.01050	0.00642	0.00655	0.00206	0.00792	0.00595	0.00372	0.00932
19	0.01620	0.01130	0.01728	0.39675	0.07102	0.01262	0.01436	0.02098	0.07441	0.17479	0.01914	0.10964	0.01570	0.00879	0.00682	0.00221	0.00712	0.00772	0.00480	0.00837
20	0.01542	0.01410	0.02353	0.10722	0.57238	0.01439	0.01812	0.01928	0.01466	0.02141	0.01342	0.01742	0.01104	0.00616	0.00629	0.00193	0.00734	0.00590	0.10040	0.00960
21	0.01397	0.06966	0.58013	0.01655	0.02488	0.01454	0.02065	0.02056	0.01405	0.04901	0.01340	0.01534	0.00969	0.00647	0.00596	0.00198	0.00861	0.00502	0.10023	0.00928
22	0.01405	0.06741	0.49170	0.01772	0.02549	0.01447	0.09224	0.02008	0.01419	0.06310	0.01565	0.10558	0.01327	0.00800	0.00659	0.00213	0.00876	0.00688	0.00357	0.00913
23	0.01212	0.05341	0.19439	0.05021	0.07865	0.01194	0.05165	0.01673	0.03588	0.01959	0.05435	0.10990	0.02257	0.01589	0.09642	0.00335	0.00856	0.15235	0.00434	0.00771
24	0.01477	0.16343	0.01667	0.01180	0.04191	0.01373	0.00940	0.15818	0.01750	0.02361	0.06497	0.07341	0.10098	0.01453	0.07880	0.00284	0.00674	0.07700	0.10208	0.00768
25	0.01228	0.00829	0.01117	0.01086	0.01263	0.00824	0.03670	0.03405	0.09459	0.07016	0.08455	0.29272	0.04980	0.01625	0.01000	0.10014	0.00494	0.10220	0.03389	0.00654

[dist]
# distance from previous block
# <min> <max>
7	32

[block]
# block no. 3 follows, 33 sequences, length 19
# corresponding to MSA columns:
# 363-381
name=unknown_D
#
# <colnr> <probs for GDERKNQSTAVLIFYWHMCP>
#	G	D	E	R	K	N	Q	S	T	A	V	L	I	F	Y	W	H	M	C	P
0	0.01668	0.01357	0.01680	0.16760	0.07644	0.04883	0.02992	0.12274	0.15459	0.06173	0.04298	0.02204	0.04323	0.00800	0.00661	0.00200	0.01773	0.00666	0.09836	0.04349
1	0.01654	0.01511	0.03869	0.15626	0.11326	0.02956	0.20418	0.07638	0.03408	0.07547	0.01433	0.01798	0.01106	0.03389	0.00760	0.00209	0.00823	0.00626	0.00407	0.13498
2	0.15574	0.01053	0.01300	0.01100	0.01452	0.01033	0.04529	0.05254	0.04939	0.16858	0.20700	0.05580	0.05750	0.01037	0.00672	0.00210	0.00505	0.05910	0.00622	0.05922
3	0.05721	0.01180	0.01535	0.09811	0.14237	0.01279	0.01152	0.07547	0.18145	0.03491	0.10145	0.10304	0.02340	0.04627	0.00806	0.00236	0.00583	0.02295	0.03728	0.00839
4	0.02429	0.03080	0.01895	0.01781	0.04601	0.71585	0.01299	0.02607	0.01852	0.01631	0.01026	0.01203	0.00855	0.00675	0.00596	0.00171	0.01172	0.00430	0.00339	0.00773
5	0.04708	0.01368	0.06808	0.01097	0.01667	0.01041	0.00954	0.05366	0.04769	0.02298	0.01377	0.01742	0.01161	0.00609	0.00535	0.00132	0.00545	0.04060	0.00421	0.59341
6	0.01624	0.05329	0.01755	0.01492	0.01659	0.24108	0.01191	0.01806	0.01305	0.01574	0.01179	0.01681	0.01089	0.02093	0.22836	0.00471	0.27227	0.00556	0.00323	0.00700
7	0.00923	0.00612	0.00806	0.00914	0.00992	0.00563	0.00625	0.01057	0.01337	0.05559	0.07306	0.65372	0.07578	0.01939	0.00824	0.00259	0.00385	0.01748	0.00628	0.00572
8	0.01644	0.01707	0.12928	0.08676	0.27129	0.01386	0.08676	0.04532	0.01543	0.09258	0.01439	0.03756	0.01138	0.00652	0.00643	0.00190	0.00772	0.00606	0.00395	0.12929
9	0.05705	0.09483	0.15860	0.05760	0.06440	0.01517	0.17140	0.02028	0.08420	0.02079	0.01471	0.04736	0.01218	0.00999	0.06185	0.00261	0.00878	0.00633	0.00371	0.08817
10	0.00800	0.00580	0.00757	0.00898	0.00950	0.00536	0.00603	0.00919	0.01279	0.01688	0.03858	0.71146	0.09494	0.02033	0.00836	0.00264	0.00378	0.01835	0.00611	0.00536
11	0.01117	0.01056	0.05241	0.17814	0.02092	0.01059	0.04113	0.03679	0.01404	0.01928	0.10852	0.12437	0.08461	0.01878	0.14742	0.00386	0.05368	0.02338	0.03358	0.00675
12	0.01504	0.09085	0.10717	0.15308	0.02321	0.01432	0.05237	0.05909	0.09638	0.08119	0.01958	0.15972	0.01794	0.03508	0.00835	0.00234	0.04297	0.00842	0.00465	0.00825
13	0.01556	0.12380	0.37683	0.04484	0.02342	0.01613	0.01753	0.13282	0.01740	0.04135	0.11174	0.01904	0.01653	0.00751	0.00627	0.00198	0.00790	0.00593	0.00417	0.00925
14	0.00808	0.00578	0.00769	0.00913	0.00956	0.00539	0.00612	0.00932	0.01288	0.01725	0.06827	0.73109	0.04441	0.02029	0.00837	0.00265	0.00379	0.01840	0.00616	0.00539
15	0.03784	0.01621	0.04818	0.05483	0.02157	0.04190	0.09997	0.31620	0.02231	0.14039	0.05513	0.04481	0.01582	0.04468	0.00807	0.00226	0.00741	0.00703	0.00579	0.00961
16	0.04320	0.12870	0.12315	0.08692	0.02123	0.01423	0.03475	0.03379	0.08020	0.21481	0.03425	0.02046	0.05102	0.00754	0.00610	0.00191	0.00665	0.00609	0.00511	0.07991
17	0.04087	0.02575	0.05319	0.09002	0.01918	0.01076	0.01099	0.06341	0.01722	0.38895	0.02414	0.11102	0.01924	0.00997	0.00682	0.00217	0.00601	0.05871	0.03224	0.00933
18	0.01262	0.16093	0.01889	0.09198	0.05839	0.01494	0.01166	0.01507	0.01157	0.01594	0.01346	0.01940	0.01235	0.02708	0.35039	0.00604	0.14315	0.00593	0.00319	0.00703

[dist]
# distance from previous block
# <min> <max>
2	19

[block]
# block no. 4 follows, 33 sequences, length 22
# corresponding to MSA columns:
# 403-424
name=unknown_E
#
# <colnr> <probs for GDERKNQSTAVLIFYWHMCP>
#	G	D	E	R	K	N	Q	S	T	A	V	L	I	F	Y	W	H	M	C	P
0	0.39083	0.09815	0.01897	0.01600	0.09592	0.14920	0.07499	0.04909	0.01443	0.02441	0.01036	0.01238	0.00831	0.00618	0.00515	0.00191	0.00749	0.00443	0.00376	0.00806
1	0.01740	0.01505	0.04036	0.13050	0.11862	0.03284	0.17944	0.13157	0.04533	0.08425	0.01683	0.05976	0.01338	0.00755	0.00677	0.00208	0.00788	0.00713	0.07424	0.00904
2	0.00820	0.00586	0.00785	0.00937	0.00983	0.00550	0.00642	0.00948	0.01278	0.01701	0.03618	0.71624	0.04315	0.02045	0.00845	0.00270	0.00398	0.06503	0.00611	0.00540
3	0.01739	0.67794	0.03428	0.01412	0.06246	0.02481	0.05521	0.01983	0.01361	0.01622	0.00962	0.01137	0.00867	0.00564	0.00459	0.00149	0.00734	0.00393	0.00288	0.00860
4	0.41258	0.01243	0.01284	0.01045	0.01506	0.01287	0.00862	0.07033	0.01591	0.34371	0.01710	0.01626	0.01149	0.00714	0.00538	0.00203	0.00546	0.00508	0.00606	0.00922
5	0.00958	0.00670	0.00804	0.00811	0.00824	0.00698	0.00501	0.00995	0.01005	0.01358	0.02194	0.13095	0.02520	0.59175	0.07926	0.00606	0.03963	0.01038	0.00417	0.00443
6	0.69035	0.01305	0.01010	0.00901	0.01297	0.04536	0.00733	0.01952	0.01212	0.05884	0.01395	0.01493	0.05762	0.00697	0.00452	0.00204	0.00529	0.00445	0.00436	0.00722
7	0.00952	0.00623	0.00826	0.00941	0.01023	0.00577	0.00657	0.01089	0.01326	0.06185	0.03683	0.64508	0.07025	0.01952	0.00831	0.00264	0.00405	0.05933	0.00624	0.00577
8	0.00940	0.00705	0.01058	0.01058	0.01176	0.00823	0.00823	0.01176	0.01058	0.01528	0.01763	0.02586	0.01646	0.04937	0.74255	0.01058	0.01763	0.00705	0.00353	0.00588
9	0.01132	0.00701	0.00914	0.00948	0.01108	0.00643	0.00715	0.01336	0.01515	0.10863	0.15702	0.34338	0.13350	0.01691	0.00810	0.00249	0.00422	0.12270	0.00655	0.00637
10	0.00925	0.00682	0.00988	0.01007	0.01103	0.00769	0.00755	0.01122	0.01074	0.01523	0.02027	0.12003	0.02058	0.11622	0.58117	0.00918	0.01480	0.00876	0.00390	0.00563
11	0.49959	0.01212	0.01193	0.00988	0.01437	0.01272	0.00815	0.02447	0.01427	0.31174	0.01592	0.01540	0.01081	0.00693	0.00510	0.00204	0.00530	0.00479	0.00571	0.00877
12	0.01004	0.00704	0.00895	0.00876	0.01058	0.00645	0.00687	0.01282	0.01733	0.05149	0.44842	0.05522	0.18680	0.01469	0.00795	0.00226	0.00376	0.12745	0.00686	0.00625
13	0.01090	0.00707	0.00918	0.00851	0.01036	0.00643	0.00643	0.01379	0.01818	0.08580	0.59629	0.07711	0.09767	0.01349	0.00769	0.00210	0.00336	0.01185	0.00721	0.00656
14	0.00810	0.00579	0.00771	0.00911	0.00957	0.00540	0.00612	0.00938	0.01299	0.01743	0.08086	0.71799	0.04475	0.02016	0.00836	0.00263	0.00377	0.01827	0.00618	0.00540
15	0.01509	0.01424	0.02404	0.11003	0.58114	0.01449	0.01851	0.01888	0.01491	0.02111	0.05661	0.05275	0.01492	0.00708	0.00669	0.00202	0.00745	0.00682	0.00360	0.00962
16	0.01592	0.02325	0.35556	0.15710	0.03113	0.01462	0.15764	0.02178	0.01481	0.12412	0.01417	0.01660	0.00992	0.00645	0.00667	0.00213	0.00922	0.00589	0.00370	0.00932
17	0.05003	0.00852	0.01034	0.01031	0.01232	0.00844	0.00796	0.09235	0.01600	0.09803	0.03241	0.34410	0.07674	0.01567	0.00767	0.00247	0.00481	0.14013	0.05478	0.00692
18	0.24181	0.01598	0.12275	0.11073	0.04761	0.01373	0.10613	0.03472	0.01463	0.17568	0.01541	0.04721	0.01158	0.00718	0.00607	0.00211	0.00725	0.00603	0.00461	0.00876
19	0.08626	0.01139	0.04285	0.06023	0.07584	0.01098	0.03910	0.03539	0.05664	0.12019	0.05650	0.06997	0.01864	0.08253	0.14673	0.00402	0.00833	0.00750	0.02450	0.04244
20	0.06795	0.03586	0.10581	0.01646	0.06833	0.03096	0.04197	0.20175	0.04790	0.07470	0.04056	0.07653	0.01530	0.01077	0.04026	0.00254	0.10135	0.00698	0.00494	0.00907
21	0.10410	0.01547	0.06354	0.14286	0.03957	0.05871	0.01264	0.09071	0.14699	0.06973	0.01687	0.06380	0.01369	0.00821	0.00717	0.00207	0.05342	0.00642	0.00477	0.07927

[dist]
# distance from previous block
# <min> <max>
0	70

[block]
# block no. 5 follows, 33 sequences, length 26
# corresponding to MSA columns:
# 495-520
name=unknown_F
#
# <colnr> <probs for GDERKNQSTAVLIFYWHMCP>
#	G	D	E	R	K	N	Q	S	T	A	V	L	I	F	Y	W	H	M	C	P
0	0.01610	0.07175	0.01681	0.04293	0.05802	0.01437	0.01067	0.13153	0.16220	0.03744	0.01888	0.06627	0.01640	0.03465	0.00798	0.00208	0.04676	0.04188	0.04191	0.16138
1	0.02155	0.01095	0.01384	0.01129	0.01555	0.01023	0.00912	0.02699	0.13799	0.38423	0.06198	0.02529	0.01943	0.01098	0.05067	0.00247	0.00594	0.03124	0.03847	0.11180
2	0.01312	0.01290	0.02325	0.32167	0.08575	0.01436	0.18866	0.01707	0.01372	0.01857	0.05623	0.05450	0.01469	0.03117	0.03344	0.00266	0.07970	0.00743	0.00350	0.00763
3	0.01617	0.08562	0.08609	0.12134	0.06611	0.01507	0.18943	0.09178	0.01580	0.07634	0.01557	0.02240	0.01317	0.12329	0.01083	0.00274	0.00838	0.02743	0.00408	0.00838
4	0.01084	0.00705	0.00881	0.00849	0.01040	0.00631	0.00640	0.01322	0.01669	0.09471	0.35741	0.16106	0.22088	0.01499	0.00780	0.00223	0.00363	0.03583	0.00684	0.00642
5	0.00821	0.00581	0.00758	0.00892	0.00926	0.00547	0.00585	0.00922	0.01223	0.01631	0.03438	0.67577	0.04113	0.11248	0.01149	0.00313	0.00413	0.01759	0.00585	0.00518
6	0.01376	0.00789	0.01102	0.01008	0.01204	0.00745	0.02763	0.01525	0.01507	0.15712	0.21426	0.12818	0.09880	0.01546	0.01157	0.15620	0.02783	0.05791	0.00600	0.00647
7	0.01406	0.05271	0.42544	0.21060	0.06080	0.01587	0.04829	0.05922	0.01478	0.02083	0.01200	0.01509	0.00877	0.00637	0.00636	0.00208	0.00922	0.00529	0.00308	0.00913
8	0.02585	0.01712	0.01894	0.01452	0.01976	0.01845	0.01199	0.58265	0.02874	0.16758	0.01766	0.01701	0.01213	0.00795	0.00659	0.00199	0.00694	0.00605	0.00687	0.01120
9	0.00936	0.00702	0.00793	0.00782	0.00982	0.00625	0.00581	0.01194	0.04171	0.04886	0.20698	0.15133	0.42967	0.01585	0.00777	0.00224	0.00351	0.01356	0.00647	0.00609
10	0.01464	0.01167	0.04357	0.22099	0.05262	0.01144	0.07807	0.06208	0.01574	0.11503	0.06549	0.17459	0.06191	0.01062	0.00714	0.00222	0.00665	0.00956	0.02812	0.00784
11	0.01540	0.01267	0.06344	0.14184	0.06826	0.01180	0.07770	0.05997	0.07362	0.12474	0.02313	0.18430	0.04820	0.01130	0.00818	0.04618	0.00667	0.00936	0.00510	0.00813
12	0.00976	0.00839	0.05558	0.00900	0.01000	0.00754	0.00664	0.01099	0.01017	0.01408	0.01919	0.03581	0.02059	0.49453	0.25303	0.00741	0.01011	0.00848	0.00377	0.00495
13	0.01417	0.01201	0.01393	0.01000	0.01582	0.00931	0.00802	0.04830	0.01445	0.02237	0.01189	0.01375	0.00982	0.00501	0.00495	0.00102	0.00498	0.00399	0.00402	0.77216
14	0.01052	0.00600	0.00877	0.00900	0.00935	0.00619	0.00626	0.00952	0.00976	0.01343	0.01681	0.13550	0.01755	0.02748	0.16860	0.49809	0.00778	0.00800	0.02745	0.00395
15	0.02351	0.02971	0.01794	0.01645	0.01965	0.69425	0.01229	0.02517	0.01826	0.01616	0.01188	0.06085	0.01076	0.00768	0.00610	0.00176	0.01135	0.00518	0.00357	0.00748
16	0.01144	0.00572	0.00858	0.00858	0.00858	0.00572	0.00572	0.00858	0.00858	0.01144	0.01144	0.02001	0.01144	0.02287	0.02573	0.80846	0.00572	0.00572	0.00286	0.00286
17	0.02529	0.01802	0.01950	0.01495	0.02021	0.01980	0.01235	0.66679	0.03025	0.08131	0.01639	0.01619	0.01149	0.00792	0.00659	0.00198	0.00715	0.00597	0.00668	0.01120
18	0.02903	0.01150	0.01540	0.01186	0.01692	0.01018	0.00978	0.05167	0.03937	0.69173	0.02570	0.02228	0.01626	0.00816	0.00662	0.00204	0.00564	0.00662	0.00806	0.01118
19	0.01144	0.00572	0.00858	0.00858	0.00858	0.00572	0.00572	0.00858	0.00858	0.01144	0.01144	0.02001	0.01144	0.02287	0.02573	0.80846	0.00572	0.00572	0.00286	0.00286
20	0.00937	0.00684	0.00905	0.01039	0.01134	0.00674	0.00784	0.01219	0.05586	0.01840	0.03524	0.49399	0.04028	0.01912	0.00853	0.00276	0.00464	0.23539	0.00613	0.00589
21	0.01532	0.39004	0.39710	0.01515	0.02290	0.02048	0.01803	0.02030	0.01365	0.01826	0.01053	0.01229	0.00839	0.00595	0.00528	0.00176	0.00843	0.00422	0.00280	0.00911
22	0.00825	0.00590	0.00787	0.00920	0.00974	0.00552	0.00630	0.00966	0.01329	0.01785	0.10286	0.66712	0.04511	0.01983	0.00837	0.00263	0.00384	0.04496	0.00622	0.00546
23	0.05435	0.01215	0.01556	0.01205	0.01707	0.01127	0.00993	0.10429	0.04838	0.60587	0.02436	0.02140	0.01560	0.00809	0.00654	0.00204	0.00575	0.00648	0.00779	0.01104
24	0.02081	0.01894	0.20364	0.01496	0.02077	0.03982	0.05153	0.12430	0.06006	0.27021	0.02060	0.09084	0.01573	0.00869	0.00674	0.00211	0.00725	0.00726	0.00580	0.00995
25	0.01318	0.00958	0.01277	0.01161	0.01350	0.01041	0.03374	0.04367	0.07588	0.08193	0.14331	0.18777	0.06628	0.01544	0.05395	0.00285	0.12030	0.03513	0.06149	0.00720

[dist]
# distance from previous block
# <min> <max>
1	58

[block]
# block no. 6 follows, 33 sequences, length 16
# corresponding to MSA columns:
# 582-597
name=unknown_G
#
# <colnr> <probs for GDERKNQSTAVLIFYWHMCP>
#	G	D	E	R	K	N	Q	S	T	A	V	L	I	F	Y	W	H	M	C	P
0	0.01539	0.09082	0.09660	0.02722	0.01918	0.01598	0.03698	0.09386	0.01461	0.02126	0.01165	0.03015	0.01004	0.00769	0.01005	0.00188	0.21685	0.00520	0.00370	0.27089
1	0.01032	0.00599	0.00837	0.00869	0.00901	0.00607	0.00590	0.00962	0.01008	0.01395	0.01891	0.17691	0.02031	0.10030	0.11841	0.40749	0.00685	0.00899	0.04975	0.00408
2	0.01013	0.00731	0.00994	0.01085	0.01241	0.00712	0.00918	0.01312	0.01607	0.02137	0.21809	0.06712	0.07758	0.01687	0.00868	0.00274	0.00515	0.47384	0.00638	0.00608
3	0.01316	0.01058	0.01683	0.08678	0.01925	0.01143	0.11782	0.04263	0.04185	0.06248	0.04118	0.04655	0.01717	0.10736	0.26653	0.00559	0.05595	0.00763	0.00419	0.02504
4	0.05035	0.12563	0.05648	0.08271	0.02153	0.04567	0.09220	0.02075	0.01401	0.16506	0.01513	0.05476	0.01238	0.01017	0.03965	0.00253	0.17195	0.00637	0.00427	0.00840
5	0.00956	0.00609	0.00713	0.00770	0.00816	0.00595	0.00490	0.01061	0.01157	0.01669	0.02663	0.30550	0.02972	0.33556	0.01828	0.00401	0.00475	0.01224	0.17003	0.00493
6	0.01206	0.00772	0.00938	0.00871	0.00922	0.00819	0.00567	0.01247	0.01054	0.08412	0.01996	0.03796	0.02154	0.61214	0.02957	0.00558	0.08698	0.00887	0.00428	0.00505
7	0.01248	0.01163	0.03439	0.14882	0.02416	0.01149	0.23027	0.01634	0.01448	0.02079	0.09428	0.13159	0.02158	0.00940	0.00739	0.00215	0.02902	0.00903	0.16348	0.00722
8	0.02453	0.01073	0.01477	0.01168	0.01606	0.00955	0.03348	0.05397	0.01862	0.53280	0.09453	0.07111	0.05817	0.00974	0.00694	0.00209	0.00540	0.00824	0.00760	0.01000
9	0.01419	0.01411	0.02012	0.09638	0.02030	0.01957	0.01482	0.01595	0.01041	0.01595	0.00897	0.01474	0.00866	0.01099	0.01999	0.00281	0.67618	0.00577	0.00289	0.00721
10	0.01035	0.00886	0.00931	0.00931	0.01073	0.07858	0.00676	0.01266	0.01665	0.02205	0.41256	0.25775	0.08934	0.01510	0.00777	0.00222	0.00420	0.01328	0.00647	0.00606
11	0.01331	0.08352	0.01369	0.01098	0.01289	0.00988	0.03164	0.01506	0.01315	0.12234	0.02565	0.28995	0.02709	0.11237	0.09124	0.00380	0.04980	0.06170	0.00526	0.00669
12	0.01107	0.00778	0.01045	0.00991	0.01191	0.00720	0.04826	0.03906	0.01545	0.07059	0.12641	0.30440	0.21266	0.01569	0.00776	0.00234	0.00435	0.04111	0.04717	0.00643
13	0.01467	0.11520	0.45046	0.01706	0.05229	0.01582	0.01901	0.06078	0.01497	0.04807	0.01662	0.04897	0.05472	0.00778	0.00681	0.00205	0.03585	0.00606	0.00359	0.00921
14	0.01531	0.01695	0.03071	0.12084	0.03121	0.06968	0.42863	0.01962	0.01450	0.01918	0.01310	0.04716	0.01088	0.00730	0.00961	0.00230	0.12412	0.00740	0.00333	0.00818
15	0.01586	0.01693	0.03081	0.02337	0.05084	0.06140	0.45901	0.03535	0.01529	0.02106	0.01328	0.01729	0.01036	0.00638	0.00845	0.00210	0.07964	0.00689	0.06920	0.05648

[dist]
# distance from previous block
# <min> <max>
0	1

[block]
# block no. 7 follows, 33 sequences, length 6
# corresponding to MSA columns:
# 599-604
name=unknown_H
#
# <colnr> <probs for GDERKNQSTAVLIFYWHMCP>
#	G	D	E	R	K	N	Q	S	T	A	V	L	I	F	Y	W	H	M	C	P
0	0.01738	0.04887	0.08758	0.10369	0.02885	0.06617	0.30315	0.05742	0.01568	0.08802	0.01336	0.01663	0.01004	0.00695	0.00886	0.00219	0.10613	0.00643	0.00379	0.00880
1	0.11953	0.01847	0.06352	0.01333	0.01641	0.21688	0.01103	0.08235	0.03750	0.02214	0.06493	0.08195	0.05630	0.00969	0.00828	0.00210	0.10887	0.00703	0.05211	0.00757
2	0.06092	0.19964	0.25470	0.01638	0.05946	0.01788	0.05192	0.12698	0.01641	0.02342	0.01176	0.01353	0.00912	0.00613	0.00563	0.00177	0.00782	0.00473	0.00365	0.10816
3	0.06284	0.10411	0.15116	0.01996	0.07245	0.05430	0.22647	0.02209	0.01530	0.12631	0.04256	0.01730	0.01231	0.00674	0.00708	0.00204	0.03768	0.00615	0.00407	0.00909
4	0.02954	0.01120	0.01528	0.01171	0.01681	0.00968	0.00968	0.03208	0.01884	0.73213	0.02597	0.02241	0.01630	0.00815	0.00662	0.00204	0.00560	0.00662	0.00815	0.01120
5	0.00955	0.00796	0.01088	0.14086	0.01678	0.00852	0.00914	0.01164	0.01342	0.01730	0.03768	0.30616	0.21762	0.01605	0.00909	0.00252	0.06768	0.08588	0.00527	0.00598

[dist]
# distance from previous block
# <min> <max>
10	24

[block]
# block no. 8 follows, 33 sequences, length 187
# corresponding to MSA columns:
# 641-648,651-682,687-833
name=unknown_I
#
# <colnr> <probs for GDERKNQSTAVLIFYWHMCP>
#	G	D	E	R	K	N	Q	S	T	A	V	L	I	F	Y	W	H	M	C	P
0	0.01880	0.01678	0.05164	0.07038	0.02467	0.05280	0.20228	0.14727	0.17074	0.09685	0.01786	0.01909	0.01306	0.00737	0.00718	0.00211	0.02626	0.00670	0.03859	0.00957
1	0.02407	0.01794	0.01872	0.01454	0.01947	0.04200	0.01194	0.63340	0.02930	0.03944	0.01605	0.01633	0.01153	0.00785	0.00642	0.00193	0.00708	0.00589	0.06539	0.01071
2	0.03904	0.01440	0.01594	0.01338	0.01722	0.06299	0.04257	0.17153	0.19222	0.07827	0.02154	0.14958	0.01889	0.00992	0.00708	0.00207	0.02616	0.00827	0.00579	0.10314
3	0.01008	0.00784	0.01137	0.01102	0.01192	0.00943	0.00852	0.01196	0.01037	0.01501	0.01665	0.02585	0.01604	0.10830	0.57123	0.03287	0.10523	0.00708	0.00347	0.00578
4	0.00828	0.00602	0.00781	0.00878	0.00956	0.00555	0.00604	0.00988	0.01408	0.01892	0.18481	0.55545	0.10292	0.01878	0.00822	0.00251	0.00363	0.01688	0.00635	0.00555
5	0.01130	0.00882	0.01282	0.01436	0.10176	0.00876	0.03909	0.01472	0.06773	0.04880	0.14671	0.38943	0.05525	0.01513	0.00823	0.00240	0.02829	0.01360	0.00585	0.00697
6	0.02630	0.01377	0.01655	0.01297	0.01792	0.01382	0.01062	0.23159	0.12316	0.42613	0.02309	0.02077	0.01534	0.00819	0.00662	0.00205	0.00603	0.00653	0.00748	0.01109
7	0.01580	0.01828	0.07220	0.02652	0.03308	0.01648	0.62893	0.02125	0.01539	0.04194	0.01348	0.01760	0.01005	0.00584	0.00807	0.00223	0.03296	0.00753	0.00343	0.00894
8	0.01271	0.01411	0.11522	0.01632	0.03692	0.01158	0.17440	0.01849	0.11167	0.03914	0.02306	0.24897	0.02253	0.01529	0.08108	0.00315	0.00804	0.01050	0.02899	0.00784
9	0.16180	0.01146	0.01433	0.01120	0.01612	0.01053	0.00925	0.02994	0.01756	0.61384	0.02314	0.02044	0.01475	0.00781	0.00619	0.00204	0.00552	0.00611	0.00746	0.01052
10	0.01070	0.00740	0.01028	0.11105	0.01521	0.00731	0.00819	0.01311	0.01526	0.07268	0.24352	0.30980	0.09038	0.01521	0.00781	0.00236	0.00448	0.04270	0.00617	0.00636
11	0.02220	0.01103	0.01457	0.01196	0.01609	0.01044	0.03192	0.02788	0.14778	0.42180	0.11192	0.03062	0.05212	0.00979	0.00700	0.00215	0.00534	0.04814	0.00741	0.00985
12	0.01559	0.01456	0.02183	0.03985	0.02103	0.03588	0.15642	0.12776	0.01509	0.02122	0.01288	0.01772	0.01098	0.01631	0.14797	0.00393	0.28332	0.00642	0.02330	0.00794
13	0.01042	0.00721	0.01056	0.01038	0.01166	0.00816	0.00798	0.01260	0.01091	0.05075	0.01828	0.02700	0.01702	0.10200	0.65204	0.00984	0.01618	0.00722	0.00379	0.00600
14	0.01716	0.05429	0.15374	0.01691	0.01992	0.15708	0.01552	0.01991	0.01310	0.05922	0.01058	0.01413	0.00900	0.00917	0.01409	0.00239	0.39723	0.00526	0.00327	0.00805
15	0.01012	0.06493	0.01087	0.05331	0.01278	0.00790	0.00759	0.01190	0.01377	0.04630	0.06663	0.44386	0.13505	0.01707	0.00785	0.00246	0.00452	0.07123	0.00580	0.00606
16	0.01266	0.01215	0.02115	0.69934	0.04453	0.01478	0.06884	0.01714	0.01334	0.01714	0.01182	0.01757	0.00887	0.00651	0.00667	0.00220	0.00895	0.00599	0.00296	0.00743
17	0.01820	0.52672	0.06372	0.01465	0.02026	0.13334	0.10405	0.02095	0.01449	0.01657	0.00998	0.01186	0.00865	0.00582	0.00505	0.00159	0.00843	0.00425	0.00297	0.00844
18	0.00949	0.00642	0.00752	0.00759	0.00771	0.00651	0.00448	0.00976	0.00980	0.01318	0.02114	0.07347	0.02410	0.66823	0.09867	0.00661	0.00732	0.00974	0.00404	0.00423
19	0.04314	0.50669	0.10336	0.01437	0.07193	0.02224	0.01301	0.06114	0.04319	0.01944	0.03956	0.01378	0.01134	0.00631	0.00499	0.00163	0.00710	0.00448	0.00345	0.00884
20	0.06041	0.01658	0.12363	0.05535	0.02485	0.01359	0.26059	0.04991	0.05046	0.06575	0.05358	0.06342	0.05759	0.00802	0.00694	0.00210	0.00793	0.00776	0.00443	0.06712
21	0.06137	0.01288	0.01604	0.01235	0.01744	0.01228	0.01020	0.18182	0.02122	0.54867	0.02300	0.02044	0.01478	0.00801	0.00651	0.00202	0.00595	0.00634	0.00763	0.01103
22	0.01528	0.01646	0.02796	0.12528	0.09926	0.07136	0.30521	0.01912	0.01406	0.01882	0.01275	0.04951	0.01094	0.00781	0.01043	0.00232	0.17487	0.00709	0.00330	0.00820
23	0.04165	0.14983	0.35162	0.04046	0.08963	0.04637	0.01825	0.06223	0.06550	0.02165	0.01361	0.01705	0.01086	0.00696	0.00605	0.00199	0.00838	0.03504	0.00356	0.00931
24	0.03822	0.04337	0.01902	0.03671	0.01847	0.01295	0.15652	0.04911	0.03332	0.04947	0.10016	0.09158	0.02205	0.04816	0.01145	0.03826	0.12081	0.04863	0.05444	0.00728
25	0.00956	0.00632	0.00726	0.00736	0.00738	0.00629	0.00419	0.00951	0.00971	0.01295	0.02129	0.08521	0.02460	0.69377	0.03169	0.03865	0.00620	0.00996	0.00407	0.00402
26	0.06141	0.02106	0.30020	0.09834	0.10963	0.01390	0.12649	0.01896	0.01414	0.03765	0.03417	0.10447	0.01459	0.00805	0.00673	0.00217	0.00837	0.00733	0.00365	0.00869
27	0.11267	0.06210	0.12006	0.10852	0.02536	0.04387	0.18377	0.02159	0.03552	0.13317	0.01637	0.07946	0.01324	0.00768	0.00653	0.00212	0.00804	0.00696	0.00436	0.00863
28	0.00839	0.00610	0.00796	0.00935	0.00988	0.00584	0.00630	0.01031	0.04379	0.01728	0.03586	0.73153	0.04250	0.02011	0.00833	0.00265	0.00388	0.01822	0.00614	0.00557
29	0.01801	0.01318	0.05151	0.08768	0.01941	0.01335	0.03222	0.10294	0.10239	0.18240	0.03570	0.02502	0.06818	0.06685	0.01068	0.00251	0.10592	0.00724	0.04608	0.00872
30	0.02030	0.06243	0.18342	0.06607	0.05522	0.01323	0.04220	0.05841	0.03785	0.29957	0.01995	0.07993	0.01506	0.00828	0.00658	0.00208	0.00711	0.00698	0.00552	0.00979
31	0.01864	0.04743	0.02230	0.19213	0.11323	0.01515	0.10924	0.09486	0.04532	0.17177	0.04668	0.01942	0.01374	0.00747	0.00759	0.00211	0.05233	0.00651	0.00484	0.00926
32	0.01693	0.66405	0.06328	0.01199	0.01729	0.02448	0.01200	0.01929	0.01327	0.01591	0.01028	0.01352	0.00965	0.00652	0.00555	0.00159	0.05187	0.03124	0.00295	0.00833
33	0.01365	0.01170	0.01365	0.00975	0.01560	0.00878	0.00780	0.01658	0.01365	0.02145	0.01170	0.01365	0.00975	0.00488	0.00488	0.00098	0.00488	0.00390	0.00390	0.80888
34	0.01068	0.00897	0.01349	0.01234	0.01337	0.01051	0.05627	0.01253	0.01089	0.01555	0.01829	0.11296	0.01893	0.15722	0.34321	0.00684	0.15957	0.00865	0.00377	0.00596
35	0.01314	0.01196	0.01964	0.65470	0.07669	0.01458	0.01762	0.04721	0.01386	0.01793	0.01191	0.01751	0.00907	0.00726	0.00735	0.03462	0.00854	0.00585	0.00310	0.00746
36	0.00894	0.00648	0.00859	0.00968	0.01071	0.00613	0.00733	0.01095	0.01442	0.01913	0.13960	0.40408	0.09967	0.01855	0.00846	0.00265	0.00432	0.20834	0.00626	0.00570
37	0.01534	0.37811	0.38394	0.01557	0.02329	0.02036	0.04161	0.02033	0.01371	0.01836	0.01062	0.01247	0.00845	0.00594	0.00536	0.00177	0.00852	0.00434	0.00282	0.00910
38	0.07642	0.12240	0.02183	0.01577	0.01958	0.16719	0.11713	0.11650	0.04731	0.02206	0.01583	0.09662	0.01471	0.00910	0.00777	0.00210	0.07410	0.04111	0.00432	0.00816
39	0.00982	0.00720	0.00998	0.04387	0.01366	0.00716	0.00940	0.01231	0.01434	0.01867	0.03584	0.26452	0.07302	0.01828	0.00872	0.00285	0.00542	0.43309	0.00594	0.00589
40	0.01658	0.64796	0.09566	0.01189	0.01755	0.02373	0.01221	0.01921	0.01321	0.01596	0.01004	0.01202	0.00905	0.00901	0.06053	0.00217	0.00809	0.00391	0.00287	0.00837
41	0.00995	0.00703	0.00899	0.03116	0.01125	0.00663	0.00667	0.01284	0.04023	0.05305	0.35859	0.25340	0.14455	0.01537	0.00783	0.00227	0.00370	0.01357	0.00665	0.00627
