[name]
unknown

[dist]
# distance from previous block
# <min> <max>
6	41

[block]
# block no. 0 follows, 44 sequences, length 16
# corresponding to MSA columns:
# 48-63
name=unknown_A
#
# <colnr> <probs for GDERKNQSTAVLIFYWHMCP>
#	G	D	E	R	K	N	Q	S	T	A	V	L	I	F	Y	W	H	M	C	P
0	0.18131	0.03151	0.01658	0.24118	0.12485	0.04810	0.08086	0.01766	0.02906	0.13008	0.01130	0.01354	0.00839	0.00560	0.00554	0.00173	0.03761	0.00463	0.00341	0.00706
1	0.18180	0.01253	0.05175	0.11867	0.20681	0.01242	0.05012	0.12560	0.01407	0.15716	0.01210	0.01352	0.00878	0.00556	0.00507	0.00169	0.00594	0.00464	0.00391	0.00787
2	0.23674	0.01263	0.05196	0.01045	0.01421	0.01303	0.00889	0.21450	0.15943	0.14849	0.03568	0.01490	0.01146	0.00653	0.00543	0.00174	0.03630	0.00481	0.00486	0.00795
3	0.44074	0.01188	0.03395	0.00979	0.01363	0.01242	0.04961	0.17999	0.01431	0.12395	0.05327	0.01322	0.01032	0.00592	0.00450	0.00169	0.00496	0.00432	0.00435	0.00718
4	0.00717	0.00511	0.00686	0.00800	0.00855	0.00486	0.00576	0.00849	0.01107	0.01475	0.07061	0.59209	0.03553	0.03811	0.00762	0.00233	0.00356	0.15992	0.00506	0.00456
5	0.73757	0.00989	0.00769	0.00696	0.01013	0.01124	0.00567	0.01496	0.00969	0.02319	0.01379	0.01453	0.10559	0.00620	0.00377	0.00171	0.00403	0.00406	0.00359	0.00573
6	0.04616	0.02565	0.01768	0.17694	0.29836	0.14642	0.05063	0.03301	0.01302	0.01686	0.06168	0.01718	0.06095	0.00613	0.00541	0.00165	0.00675	0.00536	0.00312	0.00704
7	0.02312	0.01041	0.01323	0.01025	0.01442	0.00982	0.00843	0.14448	0.06797	0.60695	0.02020	0.01779	0.01303	0.00676	0.00548	0.00169	0.00484	0.00544	0.00646	0.00923
8	0.00711	0.00543	0.00759	0.10995	0.01173	0.00544	0.00632	0.00843	0.01061	0.01396	0.02881	0.65974	0.07369	0.01538	0.00673	0.00214	0.00367	0.01389	0.00472	0.00465
9	0.11901	0.00903	0.01461	0.02856	0.01534	0.00908	0.20108	0.01315	0.01166	0.04737	0.03974	0.21663	0.06022	0.01060	0.00681	0.00205	0.04013	0.14496	0.00415	0.00581
10	0.01216	0.01162	0.01960	0.33428	0.44936	0.01278	0.01589	0.01546	0.01164	0.01607	0.00990	0.01384	0.00803	0.00530	0.00597	0.00173	0.04145	0.00485	0.00258	0.00750
11	0.01659	0.01168	0.01443	0.13441	0.06053	0.01281	0.01045	0.21654	0.23813	0.15628	0.01743	0.01908	0.01305	0.00703	0.00560	0.00178	0.00543	0.04538	0.00506	0.00832
12	0.07502	0.01399	0.02317	0.07118	0.07877	0.05415	0.34370	0.07776	0.02913	0.01827	0.01020	0.01340	0.00805	0.00588	0.00797	0.00187	0.15197	0.00537	0.00299	0.00713
13	0.12288	0.01052	0.01512	0.09066	0.21397	0.01076	0.05182	0.06045	0.04142	0.15636	0.08760	0.02053	0.05704	0.00689	0.00545	0.00173	0.00534	0.02972	0.00428	0.00744
14	0.03677	0.01230	0.02033	0.15088	0.38177	0.01276	0.11191	0.04738	0.08087	0.07309	0.01219	0.01466	0.00939	0.00536	0.00551	0.00171	0.00656	0.00518	0.00334	0.00804
15	0.04175	0.16278	0.05925	0.11152	0.08533	0.06163	0.10259	0.08278	0.11443	0.04883	0.01175	0.01336	0.00910	0.00559	0.00538	0.00160	0.02814	0.00463	0.00341	0.04617

[dist]
# distance from previous block
# <min> <max>
11	40

[block]
# block no. 1 follows, 44 sequences, length 9
# corresponding to MSA columns:
# 107-115
name=unknown_B
#
# <colnr> <probs for GDERKNQSTAVLIFYWHMCP>
#	G	D	E	R	K	N	Q	S	T	A	V	L	I	F	Y	W	H	M	C	P
0	0.11165	0.01297	0.10324	0.15126	0.08791	0.01226	0.01128	0.15501	0.12593	0.04210	0.01614	0.05675	0.05374	0.00694	0.00527	0.00175	0.00559	0.00568	0.02717	0.00739
1	0.08334	0.05249	0.01412	0.03942	0.12796	0.07553	0.00965	0.08065	0.13775	0.06274	0.16263	0.02126	0.01907	0.00754	0.00612	0.00173	0.04970	0.03675	0.00439	0.00715
2	0.09354	0.13075	0.01903	0.10875	0.18176	0.09237	0.07656	0.01926	0.03625	0.17288	0.01211	0.01347	0.00903	0.00544	0.00500	0.00160	0.00640	0.00456	0.00361	0.00762
3	0.00913	0.00768	0.00923	0.09333	0.01314	0.04904	0.00773	0.01257	0.10415	0.01551	0.02580	0.36620	0.05082	0.01418	0.03021	0.00234	0.00485	0.17405	0.00464	0.00537
4	0.01481	0.00926	0.01191	0.02966	0.09355	0.00929	0.00841	0.08068	0.14353	0.22145	0.08109	0.08982	0.08353	0.05004	0.00701	0.00199	0.00457	0.04674	0.00530	0.00738
5	0.02007	0.01495	0.01599	0.01241	0.01666	0.01660	0.01020	0.68988	0.09304	0.03330	0.01392	0.01375	0.00994	0.00662	0.00546	0.00166	0.00585	0.00502	0.00546	0.00921
6	0.00818	0.00627	0.00842	0.00878	0.04737	0.00629	0.00617	0.01105	0.05149	0.01824	0.40071	0.07567	0.09039	0.04149	0.19112	0.00352	0.00582	0.00884	0.00488	0.00530
7	0.00722	0.00538	0.00680	0.00778	0.00841	0.00521	0.00532	0.00942	0.07459	0.01471	0.03065	0.70034	0.07146	0.01609	0.00681	0.00216	0.00324	0.01450	0.00510	0.00479
8	0.01198	0.25218	0.56530	0.01376	0.02085	0.01521	0.01705	0.01700	0.01139	0.01600	0.00915	0.01072	0.00693	0.00503	0.00470	0.00157	0.00742	0.00371	0.00231	0.00775

[dist]
# distance from previous block
# <min> <max>
0	1

[block]
# block no. 2 follows, 44 sequences, length 27
# corresponding to MSA columns:
# 117-143
name=unknown_C
#
# <colnr> <probs for GDERKNQSTAVLIFYWHMCP>
#	G	D	E	R	K	N	Q	S	T	A	V	L	I	F	Y	W	H	M	C	P
0	0.29453	0.01114	0.01089	0.01108	0.08076	0.08758	0.00789	0.03758	0.07997	0.09839	0.08490	0.06679	0.05063	0.00776	0.00505	0.00175	0.00485	0.04748	0.00436	0.00661
1	0.04404	0.29207	0.02030	0.01174	0.01572	0.13819	0.03419	0.24327	0.09130	0.02098	0.01095	0.01168	0.00867	0.00581	0.00502	0.00149	0.02906	0.00411	0.00373	0.00769
2	0.04634	0.10850	0.01678	0.01183	0.01580	0.10171	0.00981	0.42202	0.07107	0.10206	0.01305	0.01309	0.00951	0.00633	0.00544	0.00160	0.02725	0.00460	0.00478	0.00844
3	0.00696	0.00499	0.00661	0.00738	0.00798	0.00464	0.00509	0.00838	0.01190	0.01624	0.24675	0.58153	0.04055	0.01535	0.00680	0.00207	0.00299	0.01385	0.00534	0.00464
4	0.01371	0.43097	0.31874	0.01193	0.01785	0.01734	0.01352	0.05120	0.02837	0.03762	0.00940	0.01055	0.00746	0.00507	0.00434	0.00143	0.00663	0.00358	0.00266	0.00761
5	0.01510	0.65892	0.02587	0.00981	0.01430	0.02038	0.00937	0.09205	0.08082	0.01590	0.00946	0.01023	0.00810	0.00510	0.00388	0.00128	0.00571	0.00341	0.00294	0.00737
6	0.00793	0.00529	0.00595	0.00595	0.00595	0.00529	0.00330	0.00793	0.00793	0.01057	0.01718	0.03568	0.01982	0.80840	0.02775	0.00529	0.00529	0.00793	0.00330	0.00330
7	0.00674	0.00505	0.00629	0.00723	0.00800	0.00460	0.00508	0.00790	0.01109	0.01429	0.03642	0.56158	0.22428	0.01610	0.00687	0.00214	0.00319	0.06360	0.00506	0.00451
8	0.09046	0.11638	0.16129	0.01082	0.01536	0.01207	0.01050	0.09450	0.01408	0.30456	0.01628	0.04131	0.03884	0.00674	0.00564	0.00168	0.04184	0.00511	0.00459	0.00797
9	0.01556	0.01384	0.01848	0.20745	0.06925	0.09277	0.13878	0.17256	0.12443	0.07222	0.01314	0.01483	0.00970	0.00588	0.00558	0.00172	0.00694	0.00523	0.00391	0.00772
10	0.02174	0.00918	0.01197	0.00946	0.01335	0.00826	0.00772	0.02511	0.09006	0.63361	0.02463	0.02181	0.08256	0.00745	0.00558	0.00172	0.00444	0.00610	0.00648	0.00879
11	0.01129	0.12198	0.27788	0.01378	0.09266	0.01206	0.01287	0.01703	0.12538	0.01831	0.15119	0.02256	0.01887	0.00740	0.00548	0.00173	0.00577	0.07276	0.00375	0.00725
12	0.00798	0.00593	0.00844	0.08810	0.01242	0.00603	0.00775	0.00990	0.01144	0.01500	0.02746	0.39050	0.03105	0.01500	0.00706	0.00231	0.00441	0.33959	0.00478	0.00486
13	0.01963	0.01368	0.16160	0.01136	0.01605	0.01028	0.01085	0.14979	0.01625	0.42572	0.01851	0.02053	0.01327	0.00724	0.00562	0.00177	0.00558	0.07817	0.00549	0.00862
14	0.12210	0.13649	0.13324	0.01227	0.01646	0.28747	0.03202	0.02059	0.08887	0.08565	0.01105	0.01179	0.00845	0.00559	0.00471	0.00154	0.00722	0.00396	0.00336	0.00716
15	0.01087	0.01374	0.16947	0.53288	0.06643	0.01239	0.01563	0.01609	0.07938	0.01558	0.01087	0.01441	0.00811	0.00555	0.00540	0.00179	0.00712	0.00480	0.00269	0.00681
16	0.01297	0.08192	0.51191	0.03926	0.02120	0.01345	0.01648	0.06905	0.08854	0.06575	0.01178	0.01284	0.00848	0.00562	0.00531	0.00170	0.01815	0.00435	0.00313	0.00810
17	0.00824	0.00583	0.00702	0.00670	0.00737	0.00578	0.00429	0.00885	0.00842	0.01169	0.01594	0.03052	0.01746	0.58122	0.17067	0.00550	0.00694	0.00706	0.00322	0.08727
18	0.01392	0.01647	0.29401	0.01255	0.01756	0.01072	0.05943	0.05272	0.11570	0.16970	0.10464	0.02128	0.04023	0.00722	0.00567	0.00178	0.00591	0.03827	0.00443	0.00780
19	0.01889	0.01088	0.01277	0.01021	0.01369	0.01114	0.00818	0.27813	0.09389	0.29742	0.09309	0.02059	0.01670	0.07982	0.00759	0.00201	0.00493	0.00601	0.00579	0.00826
20	0.01316	0.01683	0.31558	0.01334	0.01835	0.01061	0.10299	0.01748	0.02896	0.16320	0.11126	0.02082	0.05794	0.00724	0.00650	0.00180	0.05650	0.02601	0.00398	0.00744
21	0.01160	0.01102	0.01871	0.48398	0.33866	0.01246	0.01579	0.01507	0.01152	0.01552	0.00992	0.01411	0.00783	0.00521	0.00543	0.00174	0.00694	0.00485	0.00254	0.00711
22	0.09595	0.11755	0.44361	0.06582	0.02004	0.01269	0.01495	0.01656	0.01178	0.05530	0.08588	0.01437	0.01161	0.00580	0.00495	0.00166	0.00663	0.00449	0.00301	0.00734
23	0.11542	0.01136	0.01513	0.25024	0.02162	0.05237	0.07804	0.11688	0.01311	0.01879	0.06352	0.09453	0.01335	0.00755	0.00700	0.00186	0.10323	0.00610	0.00352	0.00638
24	0.06711	0.10564	0.09028	0.00976	0.01274	0.00993	0.08192	0.01378	0.07168	0.03217	0.10081	0.02803	0.14787	0.16035	0.03054	0.00257	0.00538	0.01969	0.00390	0.00584
25	0.06769	0.00968	0.01148	0.01019	0.01231	0.08554	0.08212	0.07980	0.01455	0.01999	0.29799	0.15880	0.03110	0.01049	0.00619	0.00185	0.00474	0.08484	0.00487	0.00578
26	0.01068	0.00917	0.01139	0.00999	0.01185	0.04454	0.05778	0.08788	0.08241	0.01984	0.29813	0.14163	0.07742	0.02435	0.00777	0.00192	0.08342	0.00888	0.00493	0.00599

[dist]
# distance from previous block
# <min> <max>
13	50

[block]
# block no. 3 follows, 44 sequences, length 24
# corresponding to MSA columns:
# 200-223
name=unknown_D
#
# <colnr> <probs for GDERKNQSTAVLIFYWHMCP>
#	G	D	E	R	K	N	Q	S	T	A	V	L	I	F	Y	W	H	M	C	P
0	0.01427	0.07215	0.06017	0.03270	0.16104	0.02451	0.07124	0.05810	0.01330	0.15197	0.06484	0.10928	0.01554	0.00751	0.00619	0.00170	0.04755	0.01908	0.00407	0.06478
1	0.05120	0.16342	0.09358	0.05807	0.04778	0.12004	0.03783	0.07869	0.02255	0.06978	0.01295	0.06684	0.02377	0.00676	0.00567	0.00160	0.04771	0.02651	0.00345	0.06180
2	0.15487	0.07038	0.07427	0.01155	0.07201	0.01054	0.04900	0.03064	0.07306	0.10566	0.17959	0.05268	0.03325	0.00733	0.00521	0.00165	0.00474	0.00615	0.00439	0.05306
3	0.01176	0.02953	0.01407	0.01253	0.06489	0.04076	0.12481	0.01582	0.10871	0.08244	0.17640	0.08215	0.04826	0.08113	0.02525	0.00229	0.00539	0.06288	0.00457	0.00637
4	0.04536	0.16897	0.04742	0.00940	0.01364	0.01206	0.00823	0.09686	0.05762	0.03748	0.07919	0.01429	0.01238	0.00560	0.00489	0.00126	0.03018	0.00425	0.00371	0.34721
5	0.04815	0.06917	0.37780	0.03115	0.05083	0.05085	0.01417	0.07513	0.03491	0.06934	0.05568	0.01692	0.06996	0.00643	0.00522	0.00167	0.00655	0.00507	0.00345	0.00756
6	0.01043	0.00678	0.00871	0.04998	0.01094	0.00689	0.00682	0.05257	0.01147	0.07624	0.02142	0.04189	0.02252	0.35041	0.01573	0.00354	0.00528	0.28915	0.00432	0.00493
7	0.13147	0.26807	0.01678	0.00998	0.02949	0.02927	0.00824	0.10295	0.14333	0.05756	0.05466	0.07853	0.01419	0.02695	0.00527	0.00167	0.00499	0.00541	0.00407	0.00712
8	0.00981	0.00623	0.00725	0.00668	0.00749	0.00607	0.00424	0.04303	0.00981	0.06380	0.05855	0.03204	0.01980	0.61252	0.02267	0.02539	0.00504	0.00741	0.00375	0.04843
9	0.01415	0.03594	0.22797	0.10091	0.08168	0.01224	0.09114	0.07998	0.09259	0.12548	0.03076	0.01772	0.01170	0.00635	0.00558	0.00177	0.00658	0.04574	0.00385	0.00788
10	0.10527	0.05137	0.46251	0.01473	0.02112	0.01314	0.11028	0.04525	0.01180	0.01842	0.00961	0.01159	0.00714	0.00527	0.00562	0.00169	0.04444	0.00420	0.00266	0.05389
11	0.00748	0.00536	0.00727	0.00850	0.00922	0.00515	0.00650	0.00905	0.01131	0.01487	0.03017	0.49650	0.05138	0.01621	0.00717	0.00232	0.00388	0.29795	0.00504	0.00466
12	0.04206	0.01343	0.01809	0.06542	0.38425	0.04952	0.01306	0.21606	0.01582	0.02214	0.01100	0.01315	0.00868	0.00537	0.00517	0.00155	0.00616	0.00462	0.02884	0.07560
13	0.00742	0.00553	0.00689	0.00662	0.00798	0.00501	0.00494	0.00969	0.01464	0.02012	0.59891	0.07154	0.19678	0.01191	0.00645	0.00176	0.00263	0.01040	0.00578	0.00501
14	0.01130	0.00969	0.01130	0.00807	0.01292	0.00727	0.00646	0.01373	0.01130	0.01776	0.00969	0.01130	0.00807	0.00404	0.00404	0.00081	0.00404	0.00323	0.00323	0.84173
15	0.01030	0.00969	0.01635	0.79530	0.03755	0.01211	0.01514	0.01393	0.01090	0.01393	0.00969	0.01453	0.00727	0.00545	0.00545	0.00182	0.00727	0.00484	0.00242	0.00606
16	0.01051	0.00991	0.01674	0.74450	0.08668	0.01217	0.01525	0.01412	0.01100	0.01419	0.00973	0.01447	0.00736	0.00541	0.00545	0.00180	0.00721	0.00485	0.00244	0.00623
17	0.01130	0.00969	0.01130	0.00807	0.01292	0.00727	0.00646	0.01373	0.01130	0.01776	0.00969	0.01130	0.00807	0.00404	0.00404	0.00081	0.00404	0.00323	0.00323	0.84173
18	0.03252	0.01186	0.03378	0.01791	0.22534	0.02238	0.07000	0.06505	0.01401	0.30941	0.01503	0.03911	0.01109	0.00643	0.00653	0.00172	0.07282	0.00542	0.00449	0.03511
19	0.00947	0.00473	0.00710	0.00710	0.00710	0.00473	0.00473	0.00710	0.00710	0.00947	0.00947	0.01657	0.00947	0.01894	0.02131	0.84138	0.00473	0.00473	0.00237	0.00237
20	0.01558	0.52923	0.02357	0.01044	0.01436	0.08961	0.00953	0.03446	0.08030	0.06489	0.00999	0.01091	0.00837	0.00559	0.00520	0.00140	0.07274	0.00363	0.00303	0.00720
21	0.01696	0.01549	0.23077	0.06610	0.08882	0.01087	0.01280	0.05685	0.07189	0.30731	0.01538	0.01532	0.01052	0.00594	0.00531	0.00166	0.00596	0.00488	0.00449	0.05268
22	0.23068	0.03292	0.06500	0.01200	0.04075	0.04890	0.03826	0.21695	0.20287	0.02475	0.01351	0.02775	0.01035	0.00625	0.00491	0.00170	0.00551	0.00480	0.00433	0.00779
23	0.01176	0.04344	0.01152	0.01024	0.01279	0.01122	0.00826	0.02207	0.47246	0.02034	0.06466	0.03251	0.06350	0.00966	0.00603	0.00197	0.00437	0.18061	0.00528	0.00729

[dist]
# distance from previous block
# <min> <max>
0	1

[block]
# block no. 4 follows, 44 sequences, length 26
# corresponding to MSA columns:
# 225-250
name=unknown_E
#
# <colnr> <probs for GDERKNQSTAVLIFYWHMCP>
#	G	D	E	R	K	N	Q	S	T	A	V	L	I	F	Y	W	H	M	C	P
0	0.01614	0.01254	0.01344	0.01141	0.01490	0.01414	0.00906	0.22631	0.52011	0.07010	0.01968	0.01827	0.01446	0.00713	0.00552	0.00178	0.00479	0.00578	0.00559	0.00884
1	0.02115	0.00957	0.01292	0.01073	0.05741	0.00815	0.00820	0.02339	0.01455	0.57981	0.01846	0.01679	0.01211	0.00609	0.00518	0.00150	0.00462	0.00499	0.00580	0.17857
2	0.01441	0.15456	0.39042	0.01473	0.05447	0.01352	0.07208	0.01872	0.01225	0.16037	0.01166	0.01273	0.00836	0.00548	0.00549	0.00165	0.03354	0.00436	0.00320	0.00801
3	0.01226	0.19739	0.54968	0.01443	0.02149	0.01452	0.05961	0.01736	0.01162	0.03999	0.00974	0.01131	0.00721	0.00508	0.00490	0.00161	0.00753	0.00397	0.00247	0.00782
4	0.00677	0.00484	0.00644	0.00751	0.00793	0.00451	0.00507	0.00790	0.01101	0.01484	0.11575	0.71653	0.03784	0.01639	0.00690	0.00216	0.00309	0.01485	0.00517	0.00451
5	0.01645	0.35316	0.04422	0.01248	0.01626	0.31858	0.05377	0.01912	0.05607	0.01402	0.00900	0.01041	0.00764	0.00543	0.00505	0.00141	0.04373	0.00366	0.00273	0.00683
6	0.01064	0.01136	0.10395	0.37461	0.09959	0.01056	0.05126	0.01403	0.01135	0.04487	0.01493	0.11539	0.03114	0.00907	0.04252	0.00219	0.00691	0.03610	0.00314	0.00640
7	0.01265	0.01154	0.01476	0.18891	0.08810	0.12416	0.06704	0.01545	0.03139	0.07225	0.01707	0.14991	0.01659	0.00908	0.00656	0.00193	0.04093	0.12162	0.00377	0.00630
8	0.01093	0.02820	0.78016	0.01554	0.02360	0.01266	0.02014	0.01727	0.01151	0.01727	0.00978	0.01151	0.00691	0.00518	0.00518	0.00173	0.00806	0.00403	0.00230	0.00806
9	0.01301	0.01529	0.10780	0.25568	0.36024	0.10097	0.03703	0.01655	0.01222	0.01607	0.00985	0.01319	0.00783	0.00515	0.00536	0.00167	0.00736	0.00465	0.00258	0.00750
10	0.06025	0.03929	0.51250	0.01559	0.05686	0.04780	0.07067	0.01808	0.03198	0.06312	0.02747	0.01285	0.00867	0.00541	0.00519	0.00170	0.00746	0.00441	0.00287	0.00783
11	0.02173	0.01219	0.01424	0.01104	0.01520	0.01252	0.00908	0.37507	0.06403	0.36228	0.01744	0.01609	0.01167	0.00668	0.00544	0.00166	0.00522	0.00524	0.02401	0.00915
12	0.00793	0.00529	0.00595	0.00595	0.00595	0.00529	0.00330	0.00793	0.00793	0.01057	0.01718	0.03568	0.01982	0.80840	0.02775	0.00529	0.00529	0.00793	0.00330	0.00330
13	0.00681	0.00491	0.00648	0.00759	0.00808	0.00458	0.00523	0.00796	0.01093	0.01455	0.07444	0.68733	0.06892	0.01648	0.00694	0.00218	0.00321	0.05377	0.00511	0.00451
14	0.04365	0.19860	0.19910	0.09390	0.03262	0.13747	0.07355	0.04403	0.02470	0.08833	0.01051	0.01199	0.00795	0.00533	0.00487	0.00156	0.00724	0.00415	0.00306	0.00738
15	0.00947	0.00473	0.00710	0.00710	0.00710	0.00473	0.00473	0.00710	0.00710	0.00947	0.00947	0.01657	0.00947	0.01894	0.02131	0.84138	0.00473	0.00473	0.00237	0.00237
16	0.01030	0.00969	0.01635	0.79530	0.03755	0.01211	0.01514	0.01393	0.01090	0.01393	0.00969	0.01453	0.00727	0.00545	0.00545	0.00182	0.00727	0.00484	0.00242	0.00606
17	0.01030	0.00969	0.01635	0.79530	0.03755	0.01211	0.01514	0.01393	0.01090	0.01393	0.00969	0.01453	0.00727	0.00545	0.00545	0.00182	0.00727	0.00484	0.00242	0.00606
18	0.22065	0.25505	0.17545	0.01091	0.01557	0.13415	0.01081	0.01836	0.04600	0.05462	0.00952	0.01052	0.00747	0.00524	0.00422	0.00150	0.00638	0.00352	0.00302	0.00703
19	0.00652	0.00544	0.00568	0.00581	0.00746	0.00460	0.00429	0.00789	0.01232	0.01491	0.08042	0.13780	0.66001	0.01408	0.00650	0.00188	0.00280	0.01190	0.00510	0.00460
20	0.02390	0.05511	0.01356	0.00968	0.01392	0.00879	0.00809	0.02598	0.01535	0.73446	0.02071	0.01800	0.01312	0.00663	0.00537	0.00166	0.00471	0.00534	0.00650	0.00915
21	0.01288	0.04724	0.06905	0.08415	0.01566	0.04604	0.03263	0.08295	0.02472	0.12134	0.05823	0.18418	0.03293	0.01022	0.00638	0.00194	0.02439	0.13402	0.00456	0.00649
22	0.00894	0.00670	0.00946	0.07655	0.08745	0.00673	0.00750	0.01131	0.05438	0.05086	0.02661	0.49804	0.07019	0.01408	0.02227	0.00219	0.00423	0.03235	0.00467	0.00549
23	0.01112	0.02698	0.71749	0.01576	0.02352	0.01275	0.05602	0.01767	0.03681	0.01746	0.01026	0.01196	0.00730	0.00523	0.00525	0.00174	0.00799	0.00422	0.00243	0.00804
24	0.01512	0.02141	0.46573	0.01460	0.02121	0.01204	0.08455	0.08238	0.01380	0.19725	0.01293	0.01359	0.00878	0.00561	0.00539	0.00172	0.00719	0.00467	0.00366	0.00838
25	0.01849	0.01584	0.17596	0.01415	0.06875	0.01283	0.04658	0.26263	0.06198	0.24430	0.01510	0.01488	0.01035	0.00616	0.00545	0.00169	0.00612	0.00503	0.00487	0.00885

[dist]
# distance from previous block
# <min> <max>
0	23

[block]
# block no. 5 follows, 44 sequences, length 41
# corresponding to MSA columns:
# 274-314
name=unknown_F
#
# <colnr> <probs for GDERKNQSTAVLIFYWHMCP>
#	G	D	E	R	K	N	Q	S	T	A	V	L	I	F	Y	W	H	M	C	P
0	0.12021	0.20571	0.17863	0.01113	0.01578	0.03545	0.01101	0.12699	0.08789	0.07533	0.01189	0.01286	0.00912	0.00837	0.06546	0.00212	0.00668	0.00420	0.00362	0.00756
1	0.11985	0.13494	0.04960	0.06612	0.01628	0.05449	0.01024	0.12907	0.08601	0.11698	0.01181	0.01295	0.00901	0.00655	0.00716	0.00174	0.15154	0.00442	0.00384	0.00741
2	0.01257	0.00887	0.01195	0.14864	0.03844	0.00938	0.02144	0.15278	0.04182	0.10063	0.08714	0.27024	0.02277	0.01043	0.00612	0.00191	0.00484	0.03866	0.00484	0.00655
3	0.05273	0.06285	0.24959	0.05628	0.10794	0.03236	0.06346	0.08483	0.08221	0.05509	0.08771	0.01598	0.01304	0.00609	0.00531	0.00168	0.00641	0.00513	0.00361	0.00769
4	0.00928	0.00594	0.00767	0.00703	0.00866	0.00538	0.00535	0.01171	0.01519	0.09679	0.63591	0.03950	0.10873	0.01093	0.00634	0.00172	0.00279	0.00956	0.00600	0.00551
5	0.01356	0.01171	0.01233	0.01109	0.01418	0.01356	0.00863	0.02897	0.76455	0.02281	0.02219	0.02034	0.01664	0.00740	0.00555	0.00185	0.00431	0.00616	0.00555	0.00863
6	0.01130	0.00969	0.01130	0.00807	0.01292	0.00727	0.00646	0.01373	0.01130	0.01776	0.00969	0.01130	0.00807	0.00404	0.00404	0.00081	0.00404	0.00323	0.00323	0.84173
7	0.00792	0.00533	0.00616	0.00616	0.00624	0.00540	0.00357	0.00807	0.00799	0.01073	0.01698	0.03459	0.01935	0.74977	0.08573	0.00555	0.00600	0.00777	0.00327	0.00342
8	0.01093	0.02820	0.78016	0.01554	0.02360	0.01266	0.02014	0.01727	0.01151	0.01727	0.00978	0.01151	0.00691	0.00518	0.00518	0.00173	0.00806	0.00403	0.00230	0.00806
9	0.01317	0.01263	0.02155	0.10955	0.70080	0.01287	0.01657	0.01645	0.01226	0.01742	0.01020	0.01360	0.00850	0.00492	0.00540	0.00164	0.00656	0.00486	0.00267	0.00838
10	0.02037	0.02598	0.01545	0.01404	0.01685	0.78652	0.01053	0.02177	0.01545	0.01334	0.00843	0.00983	0.00702	0.00562	0.00492	0.00140	0.00983	0.00351	0.00281	0.00632
11	0.00660	0.00489	0.00617	0.00720	0.00780	0.00446	0.00489	0.00764	0.01082	0.01407	0.03484	0.66159	0.17622	0.01646	0.00686	0.00214	0.00309	0.01474	0.00506	0.00446
12	0.01165	0.02681	0.67028	0.01534	0.02243	0.06514	0.01887	0.01725	0.01153	0.01668	0.00949	0.01143	0.00693	0.00554	0.00613	0.00176	0.06855	0.00405	0.00234	0.00778
13	0.00771	0.00560	0.00727	0.00694	0.00825	0.00517	0.00527	0.01022	0.01516	0.02127	0.70308	0.04225	0.08457	0.01145	0.00648	0.00176	0.00269	0.04382	0.00591	0.00511
14	0.00947	0.00473	0.00710	0.00710	0.00710	0.00473	0.00473	0.00710	0.00710	0.00947	0.00947	0.01657	0.00947	0.01894	0.02131	0.84138	0.00473	0.00473	0.00237	0.00237
15	0.01042	0.00982	0.01658	0.76495	0.06690	0.01215	0.01520	0.01404	0.01096	0.01408	0.00971	0.01449	0.00732	0.00543	0.00545	0.00181	0.00724	0.00485	0.00243	0.00616
16	0.01287	0.01471	0.03217	0.02298	0.02849	0.01379	0.75460	0.01746	0.01287	0.01746	0.01103	0.01471	0.00827	0.00460	0.00643	0.00184	0.00919	0.00643	0.00276	0.00735
17	0.00664	0.00474	0.00633	0.00759	0.00791	0.00443	0.00506	0.00759	0.01044	0.01392	0.03005	0.80485	0.03606	0.01708	0.00696	0.00221	0.00316	0.01550	0.00506	0.00443
18	0.00947	0.00473	0.00710	0.00710	0.00710	0.00473	0.00473	0.00710	0.00710	0.00947	0.00947	0.01657	0.00947	0.01894	0.02131	0.84138	0.00473	0.00473	0.00237	0.00237
19	0.01071	0.01025	0.01644	0.59844	0.03169	0.01327	0.01433	0.01373	0.01026	0.01373	0.00905	0.01388	0.00724	0.00648	0.00859	0.00196	0.20669	0.00483	0.00241	0.00603
20	0.00830	0.00619	0.00779	0.00728	0.00875	0.00598	0.00549	0.01215	0.09025	0.02196	0.69668	0.03869	0.04796	0.01077	0.00634	0.00173	0.00275	0.00949	0.00596	0.00549
21	0.00829	0.00673	0.00915	0.19228	0.01534	0.00709	0.00765	0.01127	0.06260	0.01609	0.13227	0.25369	0.17273	0.01182	0.00627	0.00194	0.00412	0.04660	0.02880	0.00528
22	0.01093	0.02820	0.78016	0.01554	0.02360	0.01266	0.02014	0.01727	0.01151	0.01727	0.00978	0.01151	0.00691	0.00518	0.00518	0.00173	0.00806	0.00403	0.00230	0.00806
23	0.01039	0.00979	0.01653	0.77224	0.05985	0.01214	0.01519	0.01401	0.01095	0.01405	0.00971	0.01450	0.00731	0.00543	0.00545	0.00181	0.00724	0.00485	0.00243	0.00613
24	0.01908	0.01331	0.01437	0.01122	0.01506	0.01453	0.00920	0.59847	0.02291	0.06670	0.03452	0.01510	0.01126	0.00665	0.00525	0.00159	0.00536	0.00509	0.12176	0.00858
25	0.04665	0.53526	0.02362	0.01018	0.01443	0.08919	0.00937	0.09346	0.01324	0.08440	0.00946	0.01026	0.00778	0.00528	0.00440	0.00134	0.02779	0.00346	0.00313	0.00731
26	0.00829	0.00545	0.00614	0.00613	0.00759	0.00493	0.00453	0.01016	0.01261	0.04502	0.18448	0.14816	0.30913	0.01165	0.00583	0.00172	0.00279	0.00995	0.21046	0.00497
27	0.00749	0.00564	0.00700	0.00706	0.00845	0.00515	0.00548	0.00965	0.01388	0.01857	0.41163	0.08243	0.24858	0.01282	0.00664	0.00191	0.00307	0.13409	0.00553	0.00494
28	0.00847	0.00549	0.00690	0.00679	0.00797	0.00510	0.00494	0.01052	0.01344	0.05131	0.42728	0.18665	0.07610	0.05147	0.00723	0.00194	0.00292	0.01016	0.11028	0.00505
29	0.01205	0.01332	0.02847	0.02071	0.02546	0.01250	0.64783	0.01607	0.01240	0.01679	0.01309	0.08875	0.01142	0.04590	0.00755	0.00205	0.00844	0.00735	0.00300	0.00688
30	0.00663	0.00548	0.00582	0.00584	0.00751	0.00467	0.00434	0.00815	0.01271	0.01566	0.15227	0.10055	0.62424	0.01366	0.00648	0.00185	0.00276	0.01154	0.00519	0.00467
31	0.00772	0.00557	0.00729	0.00686	0.00814	0.00514	0.00514	0.01029	0.01543	0.02186	0.77152	0.04072	0.05144	0.01115	0.00643	0.00171	0.00257	0.00986	0.00600	0.00514
32	0.01458	0.81168	0.02857	0.00933	0.01399	0.02157	0.00933	0.01632	0.01108	0.01283	0.00758	0.00875	0.00700	0.00466	0.00350	0.00117	0.00583	0.00292	0.00233	0.00700
33	0.08912	0.00938	0.01229	0.00950	0.01365	0.00834	0.00785	0.02574	0.01511	0.71892	0.02041	0.01779	0.01290	0.00662	0.00532	0.00169	0.00461	0.00528	0.00648	0.00901
34	0.01030	0.00969	0.01635	0.79530	0.03755	0.01211	0.01514	0.01393	0.01090	0.01393	0.00969	0.01453	0.00727	0.00545	0.00545	0.00182	0.00727	0.00484	0.00242	0.00606
35	0.01877	0.04489	0.01575	0.01364	0.01634	0.65147	0.04456	0.01995	0.01438	0.01313	0.00863	0.01070	0.00732	0.00687	0.00658	0.08531	0.00918	0.00375	0.00275	0.00599
36	0.01113	0.00949	0.01111	0.00802	0.01269	0.00716	0.00640	0.01356	0.01151	0.01796	0.04685	0.01274	0.01019	0.00438	0.00415	0.00085	0.00397	0.00355	0.00337	0.80092
37	0.00835	0.08687	0.01001	0.00854	0.00977	0.04471	0.03749	0.00960	0.01104	0.01401	0.02832	0.58205	0.09998	0.01444	0.00644	0.00202	0.00397	0.01290	0.00458	0.00492
38	0.00777	0.00522	0.00599	0.00615	0.00619	0.00518	0.00352	0.00789	0.00824	0.01099	0.01879	0.13221	0.02186	0.70909	0.02514	0.00490	0.00502	0.00888	0.00352	0.00344
39	0.00779	0.00583	0.00869	0.00869	0.00964	0.00677	0.00672	0.00969	0.00874	0.01260	0.01467	0.02179	0.01379	0.06083	0.76708	0.00867	0.01436	0.00590	0.00293	0.00483
40	0.00926	0.00724	0.01125	0.34335	0.02107	0.00820	0.00973	0.01158	0.01080	0.05211	0.03738	0.31017	0.02019	0.01450	0.10560	0.00284	0.00643	0.00909	0.00377	0.00544

[dist]
# distance from previous block
# <min> <max>
0	22

[block]
# block no. 6 follows, 44 sequences, length 9
# corresponding to MSA columns:
# 337-345
name=unknown_G
#
# <colnr> <probs for GDERKNQSTAVLIFYWHMCP>
#	G	D	E	R	K	N	Q	S	T	A	V	L	I	F	Y	W	H	M	C	P
0	0.01904	0.01400	0.01500	0.01166	0.01573	0.01533	0.00956	0.62125	0.06539	0.03181	0.01381	0.01398	0.01000	0.00646	0.00526	0.00158	0.00554	0.00491	0.07114	0.04855
1	0.01229	0.05559	0.08611	0.07670	0.13310	0.01073	0.03639	0.01719	0.12661	0.07735	0.05781	0.03317	0.04174	0.00993	0.08119	0.00230	0.00631	0.01877	0.00382	0.11289
2	0.01458	0.81168	0.02857	0.00933	0.01399	0.02157	0.00933	0.01632	0.01108	0.01283	0.00758	0.00875	0.00700	0.00466	0.00350	0.00117	0.00583	0.00292	0.00233	0.00700
3	0.00836	0.00525	0.00688	0.00763	0.00845	0.00479	0.00527	0.00945	0.01110	0.08818	0.03121	0.66910	0.09199	0.01582	0.00677	0.00213	0.00327	0.01421	0.00522	0.00491
4	0.01110	0.12615	0.23420	0.17414	0.07749	0.02870	0.01350	0.01511	0.03038	0.01648	0.12148	0.03791	0.01588	0.00701	0.00570	0.00173	0.02649	0.04655	0.00321	0.00679
5	0.01602	0.21186	0.04618	0.15927	0.06845	0.03786	0.01069	0.05224	0.04517	0.21537	0.07296	0.01605	0.01286	0.00613	0.00502	0.00158	0.00573	0.00491	0.00410	0.00757
6	0.00776	0.00577	0.00853	0.00875	0.00968	0.00654	0.00680	0.00965	0.00922	0.01307	0.01723	0.10063	0.01721	0.03654	0.64969	0.00763	0.01274	0.06445	0.00329	0.00484
7	0.01851	0.00855	0.01115	0.00905	0.01231	0.00787	0.00728	0.04820	0.06954	0.46985	0.24673	0.02515	0.02498	0.00811	0.00577	0.00171	0.00404	0.00683	0.00639	0.00799
8	0.01293	0.03440	0.10399	0.23593	0.22921	0.02917	0.01384	0.01781	0.10032	0.07909	0.03346	0.01685	0.01124	0.00712	0.03030	0.00196	0.00664	0.02485	0.00339	0.00750

[dist]
# distance from previous block
# <min> <max>
1	3

[block]
# block no. 7 follows, 44 sequences, length 28
# corresponding to MSA columns:
# 351-378
name=unknown_H
#
# <colnr> <probs for GDERKNQSTAVLIFYWHMCP>
#	G	D	E	R	K	N	Q	S	T	A	V	L	I	F	Y	W	H	M	C	P
0	0.04743	0.00947	0.05940	0.00971	0.02587	0.00832	0.00782	0.04388	0.13776	0.04488	0.06037	0.25870	0.02268	0.01036	0.00583	0.00180	0.00425	0.08363	0.00464	0.15318
1	0.24927	0.01113	0.01175	0.06264	0.06566	0.06359	0.00824	0.06089	0.04571	0.12435	0.03848	0.07271	0.01211	0.00646	0.00474	0.00157	0.00496	0.00507	0.00410	0.14656
2	0.01209	0.01147	0.01944	0.29478	0.48683	0.01229	0.01567	0.01536	0.01181	0.01630	0.01093	0.04866	0.00937	0.00560	0.00548	0.00171	0.00660	0.00532	0.00271	0.00756
3	0.04145	0.06935	0.05332	0.28783	0.07908	0.01183	0.08048	0.04465	0.01189	0.01692	0.00977	0.01272	0.00769	0.00488	0.00490	0.00145	0.00623	0.00428	0.00285	0.24842
4	0.01058	0.00836	0.00985	0.03288	0.01217	0.00903	0.00768	0.03628	0.29448	0.02030	0.18207	0.06407	0.05692	0.01055	0.00623	0.00197	0.00408	0.18801	0.03799	0.00650
5	0.00739	0.00565	0.00772	0.00823	0.00930	0.00526	0.03226	0.00904	0.01180	0.01544	0.10148	0.41069	0.16677	0.01507	0.00692	0.00215	0.00366	0.17137	0.00506	0.00476
6	0.00704	0.00512	0.00667	0.00737	0.00812	0.00474	0.00522	0.00856	0.01209	0.01632	0.23803	0.49677	0.09387	0.01508	0.00681	0.00206	0.00307	0.05307	0.00532	0.00467
7	0.00708	0.00539	0.00652	0.00667	0.00792	0.00483	0.00489	0.00888	0.01322	0.01753	0.34449	0.21873	0.28746	0.01349	0.00658	0.00189	0.00284	0.03136	0.00545	0.00480
8	0.00741	0.00553	0.00688	0.00661	0.00797	0.00500	0.00493	0.00966	0.01460	0.02005	0.59166	0.07391	0.20179	0.01194	0.00645	0.00176	0.00264	0.01043	0.00577	0.00500
9	0.02037	0.02598	0.01545	0.01404	0.01685	0.78652	0.01053	0.02177	0.01545	0.01334	0.00843	0.00983	0.00702	0.00562	0.00492	0.00140	0.00983	0.00351	0.00281	0.00632
10	0.01349	0.01295	0.02213	0.03346	0.77440	0.01295	0.01673	0.01673	0.01241	0.01781	0.01025	0.01349	0.00864	0.00486	0.00540	0.00162	0.00648	0.00486	0.00270	0.00864
11	0.02130	0.01337	0.01500	0.01155	0.01576	0.01421	0.00952	0.54282	0.02256	0.22395	0.01541	0.01475	0.01052	0.00659	0.00540	0.00164	0.00553	0.00506	0.03595	0.00912
12	0.01458	0.81168	0.02857	0.00933	0.01399	0.02157	0.00933	0.01632	0.01108	0.01283	0.00758	0.00875	0.00700	0.00466	0.00350	0.00117	0.00583	0.00292	0.00233	0.00700
13	0.00785	0.00559	0.00751	0.00751	0.00805	0.00613	0.00525	0.00893	0.00839	0.01173	0.01575	0.02777	0.01639	0.38302	0.44844	0.00721	0.01045	0.00677	0.00309	0.00417
14	0.00664	0.00474	0.00633	0.00759	0.00791	0.00443	0.00506	0.00759	0.01044	0.01392	0.03005	0.80485	0.03606	0.01708	0.00696	0.00221	0.00316	0.01550	0.00506	0.00443
15	0.01686	0.13685	0.01635	0.01145	0.01520	0.06971	0.00940	0.25929	0.33414	0.05005	0.01604	0.01544	0.01202	0.00656	0.00516	0.00164	0.00548	0.00505	0.00487	0.00844
16	0.01386	0.05755	0.22971	0.10559	0.03704	0.01102	0.01223	0.06820	0.01294	0.12842	0.01157	0.01284	0.00848	0.00515	0.00484	0.00141	0.00593	0.00411	0.00348	0.26564
17	0.04503	0.01302	0.11880	0.22461	0.05939	0.04213	0.01202	0.06205	0.04072	0.22146	0.04820	0.01629	0.01163	0.00752	0.03677	0.00199	0.00647	0.00507	0.00412	0.02273
18	0.01287	0.01471	0.03217	0.02298	0.02849	0.01379	0.75460	0.01746	0.01287	0.01746	0.01103	0.01471	0.00827	0.00460	0.00643	0.00184	0.00919	0.00643	0.00276	0.00735
19	0.01044	0.00998	0.01726	0.75093	0.03703	0.01221	0.05763	0.01413	0.01101	0.01413	0.00977	0.01454	0.00733	0.00540	0.00551	0.00182	0.00738	0.00494	0.00244	0.00613
20	0.03610	0.01120	0.08833	0.13116	0.07521	0.01011	0.07294	0.04813	0.11586	0.04429	0.09084	0.10430	0.11794	0.00866	0.00587	0.00183	0.00531	0.02104	0.00420	0.00669
21	0.01410	0.03981	0.16057	0.01305	0.09736	0.00949	0.02827	0.03176	0.04005	0.21789	0.10345	0.05796	0.08890	0.00836	0.00579	0.00178	0.00523	0.06407	0.00469	0.00740
22	0.00947	0.00473	0.00710	0.00710	0.00710	0.00473	0.00473	0.00710	0.00710	0.00947	0.00947	0.01657	0.00947	0.01894	0.02131	0.84138	0.00473	0.00473	0.00237	0.00237
23	0.25826	0.01056	0.01251	0.06515	0.04017	0.01156	0.00880	0.09560	0.01323	0.27296	0.01395	0.04847	0.01045	0.00690	0.00651	0.00180	0.10615	0.00498	0.00457	0.00742
24	0.01430	0.30875	0.17656	0.16220	0.02071	0.04781	0.01258	0.04289	0.06389	0.08601	0.01094	0.01232	0.00837	0.00540	0.00467	0.00153	0.00652	0.00407	0.00310	0.00740
25	0.00933	0.00879	0.04129	0.01093	0.01184	0.01043	0.00908	0.01119	0.00873	0.01299	0.01187	0.01778	0.01115	0.02877	0.49314	0.00631	0.28291	0.00540	0.00271	0.00537
26	0.00771	0.00519	0.00601	0.00623	0.00628	0.00514	0.00360	0.00787	0.00836	0.01114	0.01938	0.16721	0.02260	0.67308	0.02419	0.00476	0.00492	0.00922	0.00360	0.00350
27	0.01472	0.04067	0.06051	0.02004	0.30157	0.05135	0.03475	0.07147	0.14249	0.09072	0.03326	0.04445	0.01277	0.00661	0.00591	0.00172	0.03251	0.02243	0.00394	0.00809

[dist]
# distance from previous block
# <min> <max>
1	3

[block]
# block no. 8 follows, 44 sequences, length 30
# corresponding to MSA columns:
# 382-411
name=unknown_I
#
# <colnr> <probs for GDERKNQSTAVLIFYWHMCP>
#	G	D	E	R	K	N	Q	S	T	A	V	L	I	F	Y	W	H	M	C	P
0	0.01255	0.05256	0.20316	0.23684	0.09317	0.07424	0.13847	0.01647	0.01176	0.03010	0.00981	0.01298	0.00755	0.00553	0.00643	0.00176	0.07222	0.00473	0.00258	0.00710
1	0.42038	0.01528	0.01250	0.01248	0.09217	0.22835	0.00888	0.04529	0.01217	0.05517	0.00892	0.01036	0.00703	0.00555	0.00491	0.00163	0.04542	0.00358	0.00333	0.00659
2	0.00786	0.04253	0.00741	0.00652	0.00795	0.01861	0.00484	0.00873	0.01180	0.01482	0.16751	0.09346	0.40206	0.01399	0.00913	0.16077	0.00339	0.00969	0.00455	0.00440
3	0.01345	0.22527	0.29404	0.06411	0.01922	0.04960	0.03741	0.04121	0.03084	0.07309	0.04495	0.04185	0.01085	0.00608	0.00526	0.00161	0.02593	0.00473	0.00313	0.00738
4	0.03688	0.00789	0.00970	0.00880	0.00939	0.00937	0.00650	0.03780	0.02865	0.01447	0.06727	0.02627	0.03527	0.36008	0.04108	0.00365	0.22931	0.00670	0.05613	0.00481
5	0.01040	0.00611	0.00787	0.00730	0.00904	0.00548	0.00551	0.01248	0.01429	0.15594	0.42600	0.15522	0.13981	0.01162	0.00634	0.00180	0.00306	0.01016	0.00586	0.00571
6	0.00793	0.00529	0.00595	0.00595	0.00595	0.00529	0.00330	0.00793	0.00793	0.01057	0.01718	0.03568	0.01982	0.80840	0.02775	0.00529	0.00529	0.00793	0.00330	0.00330
7	0.00866	0.00549	0.00637	0.00624	0.00647	0.00548	0.00367	0.00884	0.00831	0.04474	0.01725	0.03427	0.01926	0.73828	0.06092	0.00528	0.00568	0.00773	0.00344	0.00364
8	0.02072	0.01527	0.01636	0.01254	0.01691	0.01691	0.01036	0.75622	0.02563	0.03436	0.01309	0.01309	0.00927	0.00654	0.00545	0.00164	0.00600	0.00491	0.00545	0.00927
9	0.02446	0.00928	0.01265	0.00970	0.01392	0.00801	0.00801	0.02657	0.01560	0.77817	0.02151	0.01856	0.01350	0.00675	0.00548	0.00169	0.00464	0.00548	0.00675	0.00928
10	0.01155	0.01044	0.01671	0.14527	0.34291	0.01165	0.01286	0.01411	0.02834	0.01545	0.04447	0.01632	0.01107	0.03372	0.06822	0.07519	0.12697	0.00525	0.00283	0.00668
11	0.01344	0.09031	0.31249	0.06050	0.06514	0.04806	0.09710	0.01749	0.01243	0.11513	0.04684	0.04342	0.02263	0.00622	0.00566	0.00170	0.02538	0.00527	0.00330	0.00752
12	0.04266	0.01731	0.32175	0.01296	0.01878	0.01043	0.06845	0.02185	0.01357	0.39391	0.01561	0.01515	0.01024	0.00591	0.00537	0.00171	0.00634	0.00489	0.00457	0.00854
13	0.01255	0.01420	0.03085	0.02219	0.02744	0.01331	0.71639	0.01696	0.01274	0.01728	0.01200	0.05498	0.00969	0.00523	0.00646	0.00186	0.00888	0.00690	0.00287	0.00720
14	0.01395	0.13315	0.28961	0.04964	0.15026	0.02543	0.03667	0.05080	0.01281	0.10593	0.03595	0.02620	0.01006	0.00581	0.00552	0.00165	0.03077	0.00471	0.00323	0.00785
15	0.01118	0.01619	0.25412	0.02121	0.30333	0.01117	0.09220	0.01507	0.01194	0.01686	0.01659	0.11232	0.07941	0.00721	0.00572	0.00177	0.00652	0.00665	0.00308	0.00745
16	0.00669	0.00507	0.00617	0.00687	0.00776	0.00455	0.00478	0.00793	0.01156	0.01496	0.11147	0.49310	0.26846	0.01546	0.00674	0.00205	0.00298	0.01369	0.00515	0.00455
17	0.01482	0.68225	0.06529	0.01008	0.01472	0.08233	0.00995	0.01723	0.03627	0.01342	0.00824	0.00936	0.00731	0.00486	0.00377	0.00124	0.00622	0.00313	0.00247	0.00705
18	0.05260	0.12964	0.25999	0.09106	0.05920	0.01233	0.03564	0.01901	0.01249	0.22983	0.01338	0.03961	0.00985	0.00593	0.00508	0.00166	0.00632	0.00480	0.00374	0.00784
19	0.05057	0.03914	0.33406	0.04739	0.06458	0.04538	0.06508	0.01702	0.01205	0.12281	0.01421	0.12057	0.01222	0.02371	0.00591	0.00184	0.00666	0.00601	0.00345	0.00734
20	0.01831	0.00840	0.01185	0.04509	0.04751	0.00785	0.00814	0.02052	0.01384	0.48251	0.07635	0.02157	0.04333	0.01360	0.15223	0.00303	0.00649	0.00604	0.00554	0.00780
21	0.01285	0.04782	0.05287	0.19534	0.36898	0.01242	0.01415	0.01630	0.03460	0.05918	0.01227	0.01532	0.03141	0.02094	0.00633	0.00174	0.04489	0.00498	0.00301	0.04463
22	0.01519	0.07129	0.14698	0.06088	0.15381	0.05204	0.09302	0.09606	0.04133	0.13572	0.01466	0.04699	0.03494	0.00628	0.00544	0.00168	0.00654	0.00548	0.00379	0.00789
23	0.01526	0.07902	0.15590	0.01207	0.01623	0.05275	0.07888	0.09291	0.03036	0.19673	0.05080	0.14047	0.01634	0.00809	0.00566	0.00176	0.00588	0.02897	0.00449	0.00744
24	0.01399	0.03497	0.14175	0.33791	0.11639	0.07021	0.01436	0.04473	0.02683	0.11696	0.01151	0.01396	0.00842	0.00564	0.00552	0.00172	0.01993	0.00467	0.00320	0.00733
25	0.03916	0.16636	0.08978	0.05434	0.11364	0.03563	0.10480	0.01539	0.02870	0.05133	0.09072	0.08086	0.06124	0.00755	0.00545	0.00169	0.00586	0.03713	0.00360	0.00678
26	0.03841	0.03395	0.19120	0.01103	0.03913	0.05030	0.01021	0.04017	0.02754	0.15949	0.12133	0.08285	0.09952	0.03296	0.00636	0.00187	0.00528	0.03701	0.00450	0.00687
27	0.05601	0.11237	0.23687	0.01292	0.04968	0.01161	0.07259	0.03949	0.02714	0.14217	0.05600	0.10708	0.03824	0.00735	0.00537	0.00171	0.00590	0.00625	0.00390	0.00735
28	0.03817	0.05038	0.17797	0.14879	0.04173	0.01038	0.01164	0.07037	0.01309	0.09739	0.07103	0.12382	0.04503	0.00857	0.00571	0.00183	0.00566	0.06763	0.00402	0.00677
29	0.11510	0.11034	0.17331	0.01102	0.01525	0.08779	0.01052	0.10484	0.07041	0.10128	0.03813	0.09038	0.03491	0.00722	0.00507	0.00167	0.00582	0.00563	0.00403	0.00728

[dist]
# distance from previous block
# <min> <max>
6	257

[block]
# block no. 9 follows, 44 sequences, length 35
# corresponding to MSA columns:
# 687-721
name=unknown_J
#
# <colnr> <probs for GDERKNQSTAVLIFYWHMCP>
#	G	D	E	R	K	N	Q	S	T	A	V	L	I	F	Y	W	H	M	C	P
0	0.01376	0.10844	0.14521	0.06185	0.06833	0.05084	0.04957	0.15994	0.04274	0.01975	0.01354	0.01540	0.05101	0.00670	0.02285	0.00166	0.00641	0.01521	0.00348	0.14331
1	0.17529	0.09856	0.09728	0.02969	0.09154	0.01307	0.02566	0.13356	0.07095	0.09871	0.01307	0.01446	0.02486	0.03775	0.00567	0.00174	0.00553	0.00457	0.00391	0.05414
2	0.05575	0.02976	0.09431	0.02842	0.02990	0.00998	0.04540	0.07859	0.09246	0.15194	0.18498	0.05183	0.05906	0.00796	0.00578	0.00171	0.01647	0.00672	0.00486	0.04413
3	0.06393	0.13075	0.03784	0.11040	0.09698	0.02494	0.00982	0.10438	0.04397	0.06169	0.03504	0.08030	0.01270	0.04961	0.00619	0.00174	0.00543	0.00548	0.00371	0.11511
4	0.04856	0.08859	0.09460	0.01047	0.01465	0.04501	0.02626	0.09981	0.08387	0.18626	0.11224	0.01805	0.02748	0.00658	0.00513	0.00153	0.00517	0.00529	0.00464	0.11580
5	0.03994	0.10713	0.02506	0.05488	0.09694	0.08660	0.02167	0.15719	0.05668	0.10012	0.02642	0.01612	0.04076	0.00618	0.00503	0.00150	0.00576	0.02154	0.00405	0.12642
6	0.06172	0.11250	0.15665	0.12697	0.14983	0.01336	0.01285	0.05357	0.10162	0.02843	0.07367	0.02901	0.01271	0.00631	0.00564	0.00169	0.03757	0.00511	0.00341	0.00737
7	0.09719	0.09603	0.18257	0.04840	0.11167	0.07466	0.04120	0.02848	0.03730	0.03348	0.05013	0.01414	0.01055	0.02917	0.01625	0.00172	0.00639	0.00446	0.00313	0.11309
8	0.02996	0.06787	0.06370	0.15751	0.07452	0.04481	0.01034	0.09267	0.10217	0.06231	0.08837	0.05071	0.09904	0.02533	0.00599	0.00179	0.00545	0.00642	0.00413	0.00691
9	0.30358	0.06894	0.09555	0.03606	0.05578	0.07760	0.00964	0.10870	0.01319	0.08796	0.01174	0.01264	0.03329	0.00565	0.00447	0.00158	0.00563	0.00404	0.00367	0.06028
10	0.04471	0.09798	0.04039	0.04770	0.03125	0.00947	0.00738	0.05364	0.04404	0.06026	0.11376	0.04634	0.08867	0.12651	0.00913	0.03522	0.00465	0.00641	0.00402	0.12849
11	0.01144	0.07975	0.07860	0.01114	0.05787	0.00969	0.04110	0.03580	0.04501	0.07043	0.01599	0.06105	0.03202	0.03126	0.23785	0.00378	0.02097	0.00585	0.11610	0.03432
12	0.04721	0.01099	0.01515	0.10561	0.14193	0.03939	0.06152	0.03650	0.04626	0.01783	0.06131	0.01992	0.02873	0.00680	0.00634	0.00162	0.06965	0.07186	0.00348	0.20791
13	0.00824	0.00685	0.02702	0.00749	0.00952	0.00558	0.00574	0.01033	0.01276	0.01808	0.31987	0.25469	0.07807	0.01122	0.00600	0.00166	0.00323	0.00990	0.00494	0.19880
14	0.06593	0.00534	0.00671	0.00765	0.00835	0.00512	0.00524	0.00898	0.01058	0.04698	0.02812	0.71614	0.03300	0.01581	0.00665	0.00216	0.00330	0.01420	0.00501	0.00474
15	0.07640	0.04638	0.01504	0.01167	0.01554	0.07449	0.00949	0.40783	0.20482	0.06080	0.01474	0.01440	0.01077	0.00651	0.00521	0.00166	0.00569	0.00492	0.00506	0.00856
16	0.01056	0.00992	0.01653	0.70700	0.08777	0.01195	0.01486	0.01412	0.01102	0.01437	0.00973	0.01432	0.00740	0.00535	0.00538	0.00176	0.00707	0.00477	0.00248	0.04364
17	0.03479	0.11716	0.21960	0.01241	0.04828	0.01175	0.04105	0.01427	0.03700	0.01694	0.14344	0.09443	0.05868	0.00847	0.00699	0.00180	0.09973	0.02308	0.00358	0.00654
18	0.04655	0.14524	0.47946	0.01423	0.02092	0.01359	0.08125	0.01815	0.01194	0.10395	0.01081	0.01206	0.00775	0.00522	0.00499	0.00164	0.00727	0.00419	0.00290	0.00788
19	0.00706	0.00646	0.06036	0.00828	0.00918	0.00510	0.00631	0.00847	0.01063	0.01428	0.02857	0.70930	0.03377	0.01614	0.00687	0.00220	0.00360	0.05384	0.00487	0.00471
