[name]
unknown

[dist]
# distance from previous block
# <min> <max>
0	542

[block]
# block no. 0 follows, 36 sequences, length 26
# corresponding to MSA columns:
# 633-645,648-650,656-658,661-667
name=unknown_A
#
# <colnr> <probs for GDERKNQSTAVLIFYWHMCP>
#	G	D	E	R	K	N	Q	S	T	A	V	L	I	F	Y	W	H	M	C	P
0	0.01001	0.00591	0.00642	0.00650	0.00710	0.00590	0.00411	0.01123	0.01082	0.01676	0.02067	0.07197	0.02093	0.43040	0.01948	0.00401	0.00465	0.00820	0.33025	0.00466
1	0.01449	0.01385	0.02360	0.22410	0.56360	0.01456	0.01866	0.01830	0.01375	0.01922	0.01155	0.01572	0.00947	0.00572	0.00618	0.00191	0.00763	0.00555	0.00300	0.00912
2	0.01143	0.00794	0.01127	0.07362	0.07584	0.00790	0.00900	0.04251	0.01414	0.08020	0.07909	0.40260	0.03290	0.01494	0.00749	0.00236	0.00485	0.10988	0.00556	0.00648
3	0.01371	0.01396	0.02298	0.19677	0.05722	0.06552	0.25360	0.04237	0.01357	0.01778	0.01369	0.05826	0.01221	0.08234	0.04310	0.00284	0.07243	0.00707	0.00334	0.00724
4	0.76910	0.01243	0.00982	0.00862	0.01256	0.01435	0.00710	0.06740	0.01191	0.02874	0.00911	0.01046	0.00702	0.00590	0.00402	0.00192	0.00496	0.00353	0.00402	0.00702
5	0.00782	0.00555	0.00736	0.00855	0.00906	0.00524	0.00580	0.00880	0.01178	0.01562	0.03415	0.64612	0.08697	0.02083	0.04883	0.04654	0.00438	0.01615	0.00549	0.00498
6	0.04190	0.01431	0.01619	0.01339	0.01741	0.01583	0.04108	0.30239	0.31022	0.06024	0.02094	0.08345	0.01666	0.00876	0.00640	0.00204	0.00584	0.00726	0.00610	0.00962
7	0.00772	0.00569	0.00717	0.00813	0.00888	0.00521	0.00555	0.00904	0.01278	0.01684	0.10877	0.55894	0.15987	0.04377	0.00859	0.00252	0.00355	0.01601	0.00582	0.00513
8	0.01497	0.01444	0.02344	0.16544	0.07645	0.01684	0.18445	0.10439	0.04552	0.02021	0.01164	0.01568	0.00940	0.00773	0.01117	0.00226	0.25848	0.00602	0.00345	0.00803
9	0.09415	0.01213	0.01562	0.09135	0.09514	0.01170	0.01069	0.10938	0.01651	0.25746	0.02754	0.01678	0.01195	0.00648	0.00565	0.00169	0.00578	0.00524	0.00521	0.19955
10	0.01806	0.46842	0.11937	0.01231	0.01788	0.08743	0.01220	0.07230	0.01486	0.07941	0.01098	0.01194	0.00885	0.00584	0.00477	0.00151	0.00722	0.00399	0.00344	0.03922
11	0.02757	0.01069	0.01445	0.01114	0.01591	0.00936	0.00918	0.03045	0.04006	0.72403	0.02460	0.02127	0.01554	0.00773	0.00627	0.00193	0.00529	0.00629	0.00767	0.01058
12	0.01066	0.00662	0.00865	0.00923	0.01039	0.00623	0.00658	0.04108	0.01366	0.09826	0.05853	0.59079	0.05055	0.01729	0.00769	0.00242	0.00400	0.04534	0.00605	0.00597
13	0.01535	0.01536	0.09392	0.10959	0.25387	0.04132	0.07167	0.03725	0.04449	0.08364	0.04019	0.01947	0.05003	0.00700	0.00675	0.00192	0.03488	0.00617	0.02296	0.04417
14	0.08738	0.01090	0.01478	0.16925	0.04317	0.01152	0.01103	0.05938	0.01545	0.30144	0.04992	0.02404	0.04699	0.02572	0.00787	0.00216	0.06173	0.04345	0.00545	0.00837
15	0.00770	0.00581	0.00712	0.00788	0.00890	0.00523	0.00550	0.00918	0.01338	0.01744	0.14127	0.47011	0.24288	0.01750	0.00770	0.00233	0.00339	0.01551	0.00593	0.00523
16	0.01230	0.01227	0.11344	0.01251	0.05214	0.01004	0.01027	0.04670	0.13922	0.06463	0.11747	0.22879	0.09053	0.01232	0.00731	0.00219	0.02286	0.03206	0.00550	0.00747
17	0.05223	0.06131	0.16729	0.05395	0.06920	0.12077	0.04798	0.19759	0.01807	0.08527	0.01334	0.03205	0.01020	0.00696	0.00650	0.00190	0.03683	0.00537	0.00424	0.00893
18	0.01054	0.01849	0.35631	0.01250	0.01757	0.00994	0.01392	0.01504	0.01432	0.02050	0.26189	0.02933	0.08774	0.01208	0.04764	0.04611	0.00677	0.00774	0.00437	0.00720
19	0.00793	0.00581	0.00751	0.00858	0.00938	0.00538	0.00609	0.00945	0.01303	0.01720	0.10742	0.54009	0.13241	0.01813	0.00788	0.00245	0.00371	0.08642	0.00589	0.00524
20	0.06029	0.03489	0.16094	0.09547	0.04985	0.08484	0.05089	0.14520	0.13744	0.05916	0.02706	0.02924	0.01217	0.00713	0.00626	0.00196	0.01816	0.00575	0.00444	0.00887
21	0.01900	0.01833	0.03386	0.20810	0.02554	0.21116	0.05017	0.20209	0.03469	0.06235	0.02837	0.01654	0.01102	0.00715	0.00665	0.00192	0.03330	0.01718	0.00428	0.00830
22	0.01445	0.04085	0.39372	0.08368	0.08905	0.03261	0.11425	0.08096	0.05234	0.02130	0.01239	0.01471	0.00913	0.00609	0.00616	0.00196	0.00872	0.00531	0.00327	0.00904
23	0.04940	0.09175	0.18941	0.05308	0.02026	0.03772	0.02758	0.09777	0.01520	0.07237	0.01213	0.01361	0.00920	0.00574	0.00530	0.00154	0.00674	0.00444	0.00384	0.28293
24	0.10048	0.21536	0.05994	0.01409	0.05523	0.09306	0.01172	0.19636	0.09103	0.02420	0.01242	0.01346	0.00980	0.00661	0.00591	0.00174	0.04031	0.00465	0.00417	0.03947
25	0.13680	0.03349	0.01132	0.00962	0.01248	0.00958	0.00743	0.07042	0.04208	0.15014	0.10501	0.27112	0.02665	0.01159	0.00638	0.00203	0.00449	0.00987	0.00574	0.07376

[dist]
# distance from previous block
# <min> <max>
0	9

[block]
# block no. 1 follows, 36 sequences, length 9
# corresponding to MSA columns:
# 677-685
name=unknown_B
#
# <colnr> <probs for GDERKNQSTAVLIFYWHMCP>
#	G	D	E	R	K	N	Q	S	T	A	V	L	I	F	Y	W	H	M	C	P
0	0.07489	0.17428	0.12834	0.01509	0.06604	0.04602	0.08286	0.07838	0.05464	0.02054	0.01475	0.10561	0.01354	0.03296	0.00657	0.00195	0.00691	0.00644	0.00384	0.06635
1	0.01674	0.28596	0.15992	0.01455	0.02009	0.03903	0.12385	0.03737	0.01434	0.12787	0.01496	0.09177	0.01278	0.00732	0.00573	0.00181	0.00737	0.00619	0.00392	0.00842
2	0.01085	0.00772	0.00876	0.00812	0.01021	0.00733	0.00606	0.05955	0.06250	0.06732	0.21620	0.08428	0.31626	0.09525	0.00977	0.00248	0.00393	0.01115	0.00603	0.00624
3	0.00777	0.00582	0.00725	0.00820	0.00914	0.00530	0.00579	0.00922	0.01305	0.01696	0.09249	0.50260	0.21613	0.01796	0.00780	0.00240	0.00358	0.05747	0.00586	0.00521
4	0.01692	0.10803	0.05810	0.09218	0.01905	0.19415	0.01131	0.08951	0.07859	0.05878	0.01442	0.01834	0.01210	0.08322	0.11562	0.00334	0.00926	0.00552	0.00396	0.00759
5	0.06150	0.01106	0.05861	0.01055	0.01398	0.00982	0.00892	0.07670	0.09846	0.20921	0.10311	0.12669	0.11867	0.01125	0.00674	0.00211	0.00490	0.05355	0.00618	0.00800
6	0.00859	0.00641	0.00726	0.00748	0.00902	0.00593	0.00544	0.01128	0.05292	0.01919	0.16392	0.24014	0.32031	0.01490	0.00713	0.00212	0.00331	0.01288	0.09614	0.00562
7	0.01507	0.01337	0.02284	0.14498	0.34202	0.01367	0.12386	0.06419	0.01504	0.05845	0.01550	0.06870	0.01363	0.00752	0.00664	0.00204	0.00752	0.05243	0.00384	0.00868
8	0.01812	0.15789	0.24446	0.01439	0.02027	0.18976	0.01445	0.06805	0.05251	0.08762	0.01260	0.01353	0.00949	0.00624	0.00549	0.00170	0.00817	0.00452	0.00375	0.06700

[dist]
# distance from previous block
# <min> <max>
5	14

[block]
# block no. 2 follows, 36 sequences, length 17
# corresponding to MSA columns:
# 727-743
name=unknown_C
#
# <colnr> <probs for GDERKNQSTAVLIFYWHMCP>
#	G	D	E	R	K	N	Q	S	T	A	V	L	I	F	Y	W	H	M	C	P
0	0.01066	0.00784	0.00927	0.00875	0.01086	0.00757	0.00657	0.01555	0.13946	0.05906	0.30479	0.16063	0.17441	0.01307	0.00710	0.00206	0.00363	0.01136	0.00630	0.04107
1	0.00824	0.00617	0.00764	0.00764	0.00904	0.00557	0.00559	0.01049	0.01572	0.02129	0.44212	0.19026	0.21785	0.01477	0.00747	0.00210	0.00312	0.01296	0.00640	0.00557
2	0.07037	0.17770	0.08363	0.01281	0.01760	0.01816	0.01147	0.19552	0.29904	0.02645	0.01698	0.01670	0.01287	0.00716	0.00562	0.00187	0.00613	0.00546	0.00505	0.00939
3	0.07356	0.01178	0.10743	0.08388	0.05907	0.00977	0.05175	0.01472	0.05421	0.01945	0.09228	0.29276	0.04233	0.01233	0.00695	0.00224	0.00560	0.04836	0.00477	0.00677
4	0.02804	0.33579	0.16602	0.01247	0.01792	0.05058	0.01257	0.05502	0.05091	0.08981	0.01275	0.01411	0.01011	0.00962	0.07134	0.00235	0.00792	0.00452	0.00367	0.04449
5	0.01494	0.01072	0.06149	0.01229	0.01518	0.00942	0.07177	0.01849	0.06775	0.20289	0.02543	0.26218	0.02473	0.05682	0.00929	0.00252	0.04475	0.07625	0.00560	0.00748
6	0.00880	0.00601	0.00784	0.00814	0.00918	0.00554	0.00578	0.01043	0.01431	0.03650	0.32358	0.33761	0.10727	0.01630	0.00888	0.06552	0.00348	0.01344	0.00603	0.00536
7	0.01575	0.08999	0.28577	0.11307	0.02412	0.01471	0.04713	0.08318	0.08408	0.10792	0.06184	0.01775	0.01355	0.00692	0.00605	0.00193	0.00742	0.00569	0.00423	0.00890
8	0.01860	0.10093	0.15493	0.04587	0.02148	0.01594	0.07560	0.23303	0.06006	0.11457	0.01462	0.01537	0.01057	0.00652	0.00589	0.00179	0.00713	0.00531	0.00471	0.08708
9	0.01573	0.00794	0.01027	0.00879	0.01162	0.00700	0.00691	0.01823	0.01711	0.29357	0.35448	0.03939	0.16053	0.01138	0.00695	0.00197	0.00386	0.00972	0.00699	0.00754
10	0.01051	0.00658	0.00849	0.00862	0.01017	0.00598	0.00642	0.01249	0.01473	0.10507	0.22792	0.31783	0.14961	0.01551	0.00756	0.00227	0.00375	0.07416	0.00630	0.00603
11	0.08307	0.15408	0.05521	0.04388	0.01739	0.15290	0.01055	0.02350	0.05075	0.25823	0.01843	0.04893	0.04202	0.00759	0.00565	0.00181	0.00677	0.00577	0.00497	0.00849
12	0.14039	0.15307	0.24239	0.01345	0.01931	0.01712	0.01386	0.12985	0.16835	0.02447	0.01397	0.01457	0.01052	0.00658	0.00541	0.00187	0.00682	0.00487	0.00417	0.00897
13	0.01125	0.00976	0.07786	0.01130	0.01354	0.00800	0.04017	0.04938	0.01371	0.07457	0.02776	0.40137	0.03012	0.01817	0.07368	0.00309	0.00620	0.11827	0.00533	0.00645
14	0.01731	0.05325	0.08058	0.01311	0.01711	0.06206	0.04014	0.16867	0.16864	0.11214	0.02137	0.17953	0.01891	0.00988	0.00649	0.00204	0.00620	0.00834	0.00552	0.00870
15	0.14269	0.07466	0.02002	0.09724	0.06313	0.06106	0.10587	0.18148	0.04910	0.09356	0.04259	0.01627	0.01196	0.00672	0.00585	0.00189	0.00708	0.00556	0.00461	0.00864
16	0.03998	0.08237	0.11510	0.07312	0.01895	0.12801	0.01189	0.08827	0.16443	0.02271	0.15763	0.03421	0.02105	0.00821	0.00610	0.00189	0.00666	0.00657	0.00477	0.00809

[dist]
# distance from previous block
# <min> <max>
0	86

[block]
# block no. 3 follows, 36 sequences, length 15
# corresponding to MSA columns:
# 830-844
name=unknown_D
#
# <colnr> <probs for GDERKNQSTAVLIFYWHMCP>
#	G	D	E	R	K	N	Q	S	T	A	V	L	I	F	Y	W	H	M	C	P
0	0.05944	0.12524	0.15105	0.01293	0.01799	0.01569	0.01224	0.21421	0.10516	0.11535	0.01756	0.09557	0.01438	0.00822	0.00594	0.00192	0.00639	0.00652	0.00510	0.00911
1	0.01837	0.09811	0.05846	0.03289	0.06491	0.14438	0.05095	0.05174	0.16654	0.12595	0.01582	0.01665	0.01197	0.00768	0.00703	0.05431	0.00714	0.00540	0.00453	0.05717
2	0.01648	0.38239	0.22686	0.01346	0.01942	0.10117	0.01410	0.02162	0.09224	0.04173	0.01183	0.01283	0.00943	0.00604	0.00504	0.00165	0.00764	0.00426	0.00329	0.00854
3	0.01468	0.05287	0.01412	0.03663	0.04833	0.21518	0.00965	0.05838	0.01534	0.01877	0.10066	0.16659	0.04111	0.01277	0.04907	0.00243	0.04619	0.03391	0.05662	0.00670
4	0.01669	0.21488	0.08216	0.03950	0.09848	0.04964	0.04512	0.02216	0.13014	0.11783	0.01645	0.01991	0.01334	0.00956	0.05076	0.00234	0.00747	0.05064	0.00428	0.00862
5	0.01371	0.05801	0.11036	0.10515	0.01997	0.08006	0.06495	0.08369	0.05408	0.01850	0.01663	0.02186	0.04940	0.10128	0.13182	0.04428	0.00914	0.00635	0.00370	0.00706
6	0.05731	0.06130	0.35678	0.01756	0.06887	0.01551	0.07808	0.15848	0.01652	0.04622	0.01224	0.01389	0.00895	0.00609	0.00585	0.00186	0.00799	0.00497	0.00370	0.05783
7	0.05920	0.01316	0.01635	0.03630	0.06195	0.04006	0.05724	0.22194	0.01908	0.17185	0.06419	0.09233	0.01722	0.00838	0.00623	0.00188	0.00607	0.00708	0.02821	0.07126
8	0.00934	0.00714	0.00821	0.00839	0.00987	0.00700	0.00605	0.01290	0.12807	0.01745	0.06131	0.23304	0.27589	0.06534	0.01076	0.08919	0.00406	0.03491	0.00545	0.00562
9	0.06765	0.01765	0.09419	0.02474	0.12654	0.01577	0.44209	0.09345	0.01577	0.02254	0.01235	0.01567	0.00932	0.00562	0.00672	0.00202	0.00922	0.00643	0.00347	0.00880
10	0.00827	0.00612	0.00774	0.00802	0.00927	0.00560	0.00588	0.01041	0.01515	0.02050	0.37104	0.26844	0.17111	0.01554	0.00760	0.00221	0.00334	0.05196	0.00629	0.00552
11	0.00871	0.00673	0.00908	0.00863	0.00989	0.00643	0.04507	0.01030	0.01258	0.01673	0.15875	0.15993	0.18581	0.22922	0.10057	0.00414	0.00595	0.01135	0.00499	0.00514
12	0.09240	0.26044	0.02142	0.01296	0.01728	0.23469	0.01086	0.16299	0.09277	0.02216	0.01196	0.01276	0.00957	0.00645	0.00515	0.00166	0.00769	0.00438	0.00403	0.00838
13	0.02505	0.01031	0.01383	0.01073	0.01534	0.00880	0.00875	0.02741	0.01693	0.62248	0.02380	0.06965	0.01645	0.00816	0.00620	0.00186	0.00512	0.00674	0.00716	0.09523
14	0.00931	0.00654	0.00773	0.00760	0.00765	0.00693	0.00463	0.00952	0.00921	0.01247	0.01917	0.05855	0.02194	0.68161	0.05826	0.00588	0.05621	0.00897	0.00375	0.00408

[dist]
# distance from previous block
# <min> <max>
3	12

[block]
# block no. 4 follows, 36 sequences, length 13
# corresponding to MSA columns:
# 859-871
name=unknown_E
#
# <colnr> <probs for GDERKNQSTAVLIFYWHMCP>
#	G	D	E	R	K	N	Q	S	T	A	V	L	I	F	Y	W	H	M	C	P
0	0.03316	0.01330	0.02151	0.24786	0.28456	0.01430	0.08317	0.09685	0.03079	0.02141	0.04040	0.04293	0.01298	0.00699	0.00641	0.00200	0.00747	0.02173	0.00372	0.00846
1	0.00780	0.00564	0.00714	0.00816	0.00872	0.00524	0.00544	0.00890	0.01212	0.01601	0.07101	0.57724	0.11507	0.10773	0.01063	0.00287	0.00381	0.01589	0.00560	0.00497
2	0.01277	0.01123	0.03242	0.10723	0.10723	0.01249	0.04025	0.04304	0.01332	0.03984	0.12326	0.04791	0.03132	0.01333	0.07999	0.03552	0.19233	0.00712	0.04238	0.00703
3	0.00902	0.00631	0.00868	0.00876	0.00940	0.00690	0.00621	0.01011	0.00967	0.01351	0.01819	0.07071	0.01893	0.28083	0.42856	0.06618	0.01172	0.00796	0.00357	0.00475
4	0.01712	0.21594	0.16797	0.03489	0.01975	0.27192	0.01392	0.02002	0.01404	0.01600	0.01101	0.01330	0.02486	0.00816	0.03258	0.00206	0.10137	0.00447	0.00295	0.00766
5	0.04345	0.01466	0.08963	0.01241	0.03153	0.01259	0.01066	0.16531	0.12415	0.11640	0.04353	0.01746	0.01358	0.00766	0.02351	0.00184	0.00596	0.00539	0.00511	0.25518
6	0.03724	0.01266	0.07627	0.04826	0.01698	0.01225	0.01137	0.12512	0.06719	0.11581	0.04794	0.09362	0.02075	0.01264	0.04131	0.00263	0.09959	0.14529	0.00523	0.00785
7	0.01601	0.01551	0.01864	0.33820	0.05622	0.12441	0.04755	0.10780	0.17095	0.02124	0.01453	0.01702	0.01098	0.00682	0.00621	0.00198	0.00790	0.00573	0.00406	0.00823
8	0.01620	0.01652	0.02186	0.19741	0.38785	0.13984	0.01687	0.05211	0.01483	0.01908	0.01118	0.01487	0.00915	0.00624	0.00688	0.00191	0.05013	0.00529	0.00316	0.00862
9	0.01789	0.01447	0.01800	0.06317	0.02008	0.04321	0.09672	0.26557	0.18536	0.06508	0.08601	0.06039	0.01853	0.00845	0.00657	0.00200	0.00650	0.00729	0.00565	0.00906
10	0.00909	0.00674	0.00928	0.00925	0.00991	0.00762	0.00671	0.01050	0.00985	0.01387	0.01852	0.08721	0.01935	0.26722	0.43919	0.00785	0.05097	0.00820	0.00363	0.00504
11	0.01521	0.02103	0.30983	0.07145	0.05824	0.01470	0.08099	0.15848	0.01626	0.05037	0.01372	0.04402	0.01080	0.00990	0.06059	0.00259	0.04329	0.00591	0.00379	0.00881
12	0.00873	0.00798	0.06100	0.00903	0.01070	0.00628	0.00715	0.01082	0.01363	0.01886	0.24133	0.36653	0.07512	0.01709	0.04512	0.03520	0.00455	0.01295	0.00554	0.04238

[dist]
# distance from previous block
# <min> <max>
1	11

[block]
# block no. 5 follows, 36 sequences, length 32
# corresponding to MSA columns:
# 883-914
name=unknown_F
#
# <colnr> <probs for GDERKNQSTAVLIFYWHMCP>
#	G	D	E	R	K	N	Q	S	T	A	V	L	I	F	Y	W	H	M	C	P
0	0.01521	0.01350	0.02612	0.12552	0.09594	0.06466	0.02781	0.16907	0.09018	0.02360	0.05315	0.10844	0.05375	0.00889	0.00634	0.00192	0.00630	0.00757	0.03333	0.06869
1	0.00996	0.00692	0.00863	0.00915	0.01027	0.00688	0.00654	0.01311	0.09328	0.05253	0.05611	0.41239	0.06627	0.11869	0.03533	0.00315	0.00474	0.07460	0.00563	0.00581
2	0.01165	0.01131	0.04970	0.01284	0.01433	0.01233	0.02685	0.01361	0.01123	0.01653	0.01727	0.15032	0.01840	0.07744	0.01466	0.00269	0.32480	0.08415	0.03214	0.09776
3	0.32872	0.01173	0.05675	0.00989	0.01389	0.01088	0.00850	0.02152	0.01367	0.29450	0.05145	0.01914	0.01420	0.05809	0.05935	0.00275	0.00609	0.00550	0.00533	0.00803
4	0.15369	0.15218	0.16397	0.01262	0.01802	0.01662	0.01228	0.13078	0.16772	0.06122	0.01458	0.01491	0.01093	0.00661	0.00534	0.00182	0.00637	0.00489	0.00448	0.04094
5	0.02021	0.01107	0.01337	0.01042	0.01473	0.01022	0.00845	0.15802	0.01854	0.31283	0.08186	0.02305	0.06173	0.00796	0.00597	0.00170	0.00497	0.00645	0.06289	0.16555
6	0.01691	0.04740	0.28251	0.01898	0.11071	0.05986	0.07185	0.18179	0.05388	0.04855	0.03860	0.01586	0.01148	0.00662	0.00614	0.00191	0.00802	0.00550	0.00409	0.00935
7	0.01882	0.26294	0.02299	0.01327	0.01760	0.01857	0.05467	0.24935	0.01819	0.09286	0.01333	0.01500	0.01049	0.01125	0.08891	0.00268	0.07075	0.00515	0.00443	0.00876
8	0.01248	0.01163	0.01903	0.33305	0.28545	0.01293	0.01565	0.01595	0.01336	0.01814	0.06616	0.06201	0.05483	0.00792	0.00713	0.00205	0.04399	0.00703	0.00350	0.00770
9	0.04910	0.00796	0.00935	0.00884	0.01119	0.00737	0.00682	0.05664	0.01500	0.06393	0.13069	0.21429	0.20118	0.01367	0.00703	0.00210	0.00412	0.08722	0.00574	0.09775
10	0.01880	0.13777	0.10723	0.03387	0.02106	0.12427	0.12429	0.13966	0.05710	0.10503	0.01430	0.01545	0.01062	0.00649	0.00583	0.00180	0.00782	0.00535	0.05447	0.00876
11	0.01367	0.00848	0.01075	0.01052	0.01270	0.00831	0.00845	0.10738	0.01625	0.13258	0.04829	0.24837	0.08842	0.01488	0.00762	0.00242	0.00496	0.24289	0.00615	0.00690
12	0.06614	0.00712	0.00913	0.09166	0.01285	0.00735	0.00682	0.01085	0.01085	0.01563	0.02203	0.29770	0.02467	0.22249	0.07260	0.04533	0.00603	0.01069	0.00430	0.05576
13	0.01263	0.01029	0.01571	0.37085	0.02775	0.01158	0.04668	0.08336	0.01443	0.05671	0.02174	0.13256	0.09479	0.01219	0.05906	0.00267	0.00745	0.00836	0.00419	0.00700
14	0.01522	0.15241	0.31732	0.01847	0.02507	0.11342	0.19768	0.02006	0.01389	0.01814	0.01078	0.01334	0.00834	0.00595	0.00661	0.00189	0.04508	0.00506	0.00285	0.00843
15	0.01331	0.01277	0.01862	0.66676	0.03979	0.06602	0.01659	0.06057	0.01387	0.01733	0.01122	0.01613	0.00843	0.00632	0.00619	0.00203	0.00842	0.00544	0.00302	0.00717
16	0.00862	0.00610	0.00801	0.00839	0.00887	0.00638	0.00568	0.00967	0.01014	0.01390	0.02249	0.22868	0.02510	0.32913	0.27391	0.00648	0.00905	0.01052	0.00415	0.00473
17	0.01675	0.01457	0.09588	0.01349	0.01703	0.06946	0.05715	0.08930	0.05043	0.16989	0.02175	0.17301	0.03101	0.02294	0.00850	0.00225	0.07861	0.05475	0.00521	0.00802
18	0.01449	0.01122	0.01154	0.01089	0.01313	0.09305	0.00836	0.14805	0.01712	0.08105	0.07567	0.28238	0.07321	0.03143	0.00778	0.00231	0.00548	0.10015	0.00576	0.00693
19	0.00921	0.00662	0.00822	0.00811	0.00970	0.00612	0.00607	0.01207	0.04098	0.04377	0.40835	0.16777	0.18872	0.01436	0.00744	0.00213	0.00337	0.04468	0.00642	0.00590
20	0.01390	0.15062	0.12807	0.06067	0.23184	0.01582	0.11944	0.01757	0.01313	0.01805	0.01347	0.10005	0.01251	0.00757	0.00730	0.00197	0.06985	0.00666	0.00322	0.00829
21	0.10564	0.01454	0.02385	0.11550	0.02580	0.06543	0.33285	0.06147	0.01460	0.02054	0.02598	0.11670	0.01397	0.00804	0.00709	0.02077	0.00826	0.00772	0.00377	0.00747
22	0.01217	0.01148	0.01941	0.68590	0.11992	0.01395	0.01750	0.01627	0.01265	0.01641	0.01115	0.01648	0.00848	0.00615	0.00622	0.00205	0.00821	0.00554	0.00280	0.00725
23	0.00868	0.00651	0.00808	0.00800	0.00945	0.00608	0.00588	0.01174	0.04944	0.02206	0.46834	0.18875	0.15510	0.01430	0.00742	0.00210	0.00320	0.01260	0.00647	0.00581
24	0.01324	0.09864	0.06448	0.10053	0.16369	0.06501	0.06336	0.03426	0.01353	0.01770	0.01791	0.24376	0.01858	0.01019	0.00723	0.00208	0.04560	0.00893	0.00387	0.00743
25	0.01157	0.01066	0.01773	0.65692	0.06190	0.01308	0.01604	0.01536	0.01218	0.01575	0.01191	0.01847	0.00961	0.05617	0.04592	0.00272	0.00856	0.00581	0.00287	0.00675
26	0.01956	0.02167	0.02016	0.01690	0.01973	0.34614	0.08344	0.12811	0.01669	0.01932	0.01031	0.01309	0.00861	0.00782	0.01037	0.00203	0.23976	0.00503	0.00352	0.00774
27	0.01466	0.19927	0.05788	0.20078	0.26961	0.01635	0.01538	0.03684	0.01363	0.01840	0.01082	0.01402	0.00890	0.00563	0.00548	0.00169	0.00721	0.00477	0.00304	0.09564
28	0.01197	0.01144	0.05587	0.03355	0.01765	0.01067	0.14280	0.07439	0.08263	0.02063	0.06740	0.16252	0.06563	0.01580	0.09172	0.00315	0.00745	0.11273	0.00491	0.00710
29	0.00950	0.00791	0.04871	0.00793	0.00844	0.00722	0.00538	0.00998	0.00931	0.01267	0.01854	0.03776	0.02104	0.69594	0.02966	0.00563	0.04786	0.00862	0.00365	0.00424
30	0.01767	0.06093	0.02074	0.21323	0.02574	0.01444	0.12446	0.12462	0.01623	0.17742	0.01605	0.06984	0.01263	0.00783	0.00754	0.00206	0.06883	0.00670	0.00461	0.00843
31	0.01539	0.01261	0.01707	0.11716	0.17281	0.01207	0.01202	0.11084	0.03493	0.05636	0.01351	0.01690	0.01091	0.00610	0.00564	0.00155	0.00607	0.02932	0.00411	0.34464

[dist]
# distance from previous block
# <min> <max>
0	45

[block]
# block no. 6 follows, 36 sequences, length 16
# corresponding to MSA columns:
# 960-975
name=unknown_G
#
# <colnr> <probs for GDERKNQSTAVLIFYWHMCP>
#	G	D	E	R	K	N	Q	S	T	A	V	L	I	F	Y	W	H	M	C	P
0	0.12360	0.01049	0.04229	0.01087	0.01313	0.01086	0.03093	0.07661	0.07359	0.02049	0.08754	0.06670	0.01920	0.08753	0.17480	0.07552	0.05788	0.00721	0.00431	0.00645
1	0.05601	0.00928	0.01142	0.01003	0.01248	0.00943	0.04450	0.08214	0.01524	0.02078	0.11742	0.08349	0.32172	0.01274	0.00838	0.00213	0.08376	0.04731	0.00528	0.04645
2	0.01395	0.06069	0.35087	0.02052	0.16663	0.03078	0.06387	0.04179	0.03568	0.02009	0.01208	0.01464	0.00939	0.00815	0.04915	0.00229	0.00866	0.00504	0.00314	0.08258
3	0.00756	0.00553	0.00711	0.00838	0.00896	0.00509	0.00565	0.00871	0.01222	0.01602	0.03799	0.68614	0.12968	0.01905	0.00788	0.00248	0.00356	0.01713	0.00578	0.00509
4	0.01534	0.01192	0.01316	0.01140	0.01453	0.01307	0.00894	0.21089	0.28813	0.02869	0.21848	0.06924	0.02880	0.00995	0.00663	0.00201	0.00478	0.00838	0.02708	0.00860
5	0.06104	0.01384	0.01872	0.15810	0.17431	0.05003	0.05924	0.04469	0.16213	0.08064	0.01527	0.01701	0.01158	0.00644	0.00597	0.00186	0.00680	0.00562	0.00430	0.10242
6	0.00964	0.00703	0.00777	0.00745	0.00964	0.00627	0.00562	0.01246	0.06002	0.07280	0.15710	0.09802	0.49450	0.01450	0.00725	0.00210	0.00342	0.01226	0.00612	0.00603
7	0.01377	0.28095	0.40658	0.01374	0.02058	0.01669	0.01631	0.01866	0.01298	0.01851	0.01159	0.01348	0.00904	0.00591	0.00506	0.00169	0.00749	0.00434	0.11431	0.00833
8	0.09314	0.01575	0.01749	0.08803	0.02072	0.01742	0.01170	0.52945	0.02499	0.09774	0.01486	0.01524	0.01045	0.00723	0.00603	0.00190	0.00669	0.00546	0.00581	0.00989
9	0.01039	0.00613	0.00822	0.00901	0.00998	0.00562	0.00625	0.01165	0.01274	0.11625	0.03300	0.67316	0.03767	0.01790	0.00772	0.00245	0.00385	0.01614	0.00605	0.00582
10	0.00949	0.00641	0.00889	0.07485	0.01249	0.00623	0.00703	0.01125	0.01332	0.06521	0.15037	0.53807	0.03961	0.01644	0.00759	0.00236	0.00402	0.01481	0.00583	0.00572
11	0.70292	0.01243	0.01034	0.00892	0.01294	0.01413	0.00735	0.08052	0.01271	0.07593	0.01026	0.01127	0.00765	0.00606	0.00422	0.00192	0.00503	0.00376	0.00432	0.00734
12	0.01437	0.01213	0.03796	0.15904	0.14675	0.01239	0.01235	0.12212	0.09595	0.05662	0.17402	0.02739	0.07160	0.00885	0.00659	0.00199	0.00590	0.02070	0.00509	0.00818
13	0.01911	0.01795	0.12227	0.01606	0.06110	0.08391	0.04794	0.15646	0.16316	0.14826	0.01700	0.01743	0.01241	0.00858	0.02977	0.00223	0.05608	0.00583	0.00507	0.00939
14	0.49932	0.16262	0.01542	0.00999	0.01419	0.05947	0.00849	0.09295	0.04891	0.02575	0.01021	0.01131	0.00807	0.00604	0.00436	0.00180	0.00576	0.00382	0.00396	0.00757
15	0.13375	0.09537	0.07880	0.03456	0.01620	0.07985	0.02392	0.02102	0.20470	0.02187	0.10952	0.06157	0.05754	0.00891	0.00596	0.00197	0.00586	0.02615	0.00480	0.00770

[dist]
# distance from previous block
# <min> <max>
1	18

[block]
# block no. 7 follows, 36 sequences, length 8
# corresponding to MSA columns:
# 994-1001
name=unknown_H
#
# <colnr> <probs for GDERKNQSTAVLIFYWHMCP>
#	G	D	E	R	K	N	Q	S	T	A	V	L	I	F	Y	W	H	M	C	P
0	0.01273	0.01061	0.01266	0.22101	0.02015	0.05363	0.00976	0.08750	0.07955	0.01905	0.04436	0.07466	0.06238	0.17815	0.01236	0.02459	0.00630	0.00782	0.05627	0.00646
1	0.00842	0.00615	0.00800	0.00858	0.00970	0.00573	0.00640	0.01053	0.01467	0.01980	0.29758	0.31802	0.11899	0.01625	0.00777	0.00233	0.00366	0.12576	0.00617	0.00549
2	0.00803	0.00580	0.00729	0.00825	0.00890	0.00543	0.00565	0.00920	0.01215	0.01594	0.06025	0.48698	0.12881	0.14051	0.01171	0.00304	0.00408	0.06751	0.00550	0.00496
3	0.82504	0.01205	0.00916	0.00819	0.01205	0.01398	0.00675	0.01832	0.01060	0.02795	0.00868	0.01012	0.00675	0.00578	0.00386	0.00193	0.00482	0.00337	0.00386	0.00675
4	0.00932	0.00680	0.00910	0.01015	0.01156	0.00657	0.00849	0.01185	0.01443	0.01882	0.11261	0.13925	0.12740	0.01679	0.00825	0.00264	0.00489	0.46960	0.00587	0.00562
5	0.00754	0.00560	0.00704	0.00819	0.00891	0.00510	0.00557	0.00873	0.01240	0.01610	0.04025	0.62977	0.18460	0.01875	0.00783	0.00244	0.00352	0.01678	0.00578	0.00510
6	0.25297	0.01264	0.01248	0.04214	0.04251	0.06908	0.00906	0.05470	0.15879	0.02420	0.09975	0.06764	0.01856	0.00855	0.00652	0.00201	0.05273	0.00655	0.05166	0.00747
7	0.01558	0.01476	0.02856	0.11985	0.02952	0.01436	0.44508	0.07467	0.01556	0.07575	0.01452	0.05531	0.01144	0.00643	0.00693	0.00203	0.00888	0.00723	0.00385	0.04967

[dist]
# distance from previous block
# <min> <max>
0	8

[block]
# block no. 8 follows, 36 sequences, length 16
# corresponding to MSA columns:
# 1010-1021,1023-1026
name=unknown_I
#
# <colnr> <probs for GDERKNQSTAVLIFYWHMCP>
#	G	D	E	R	K	N	Q	S	T	A	V	L	I	F	Y	W	H	M	C	P
0	0.04002	0.00673	0.00868	0.00872	0.00983	0.00688	0.00634	0.01109	0.02775	0.01643	0.10542	0.15054	0.05463	0.14390	0.20750	0.09993	0.00773	0.04810	0.00446	0.03530
1	0.01135	0.01072	0.06614	0.01052	0.01221	0.06453	0.00855	0.01339	0.01136	0.04101	0.04095	0.06201	0.01806	0.18633	0.31548	0.00610	0.06473	0.00736	0.04333	0.00585
2	0.00757	0.00549	0.00716	0.00851	0.00899	0.00507	0.00571	0.00869	0.01209	0.01597	0.03638	0.72611	0.09075	0.01925	0.00791	0.00250	0.00358	0.01739	0.00578	0.00507
3	0.04883	0.03133	0.71568	0.01733	0.02630	0.01445	0.02229	0.01967	0.01304	0.02010	0.01107	0.01302	0.00784	0.00591	0.00583	0.00197	0.00901	0.00455	0.00269	0.00910
4	0.01666	0.78478	0.03265	0.01066	0.01599	0.02465	0.01066	0.01866	0.01266	0.01466	0.00866	0.00999	0.00800	0.00533	0.00400	0.00133	0.00666	0.00333	0.00267	0.00800
5	0.03846	0.06799	0.05383	0.01034	0.01300	0.02640	0.02899	0.01367	0.01239	0.05257	0.02235	0.32457	0.02433	0.09197	0.00952	0.00244	0.02674	0.03291	0.00462	0.14293
6	0.04535	0.01449	0.03842	0.01268	0.01628	0.05108	0.01022	0.06246	0.52542	0.02541	0.06223	0.02212	0.01883	0.00834	0.00670	0.00204	0.03221	0.00670	0.00579	0.03323
7	0.28459	0.01368	0.01382	0.01118	0.01544	0.01498	0.00916	0.30650	0.06001	0.13234	0.01522	0.01530	0.01087	0.00700	0.00533	0.00188	0.00559	0.00507	0.06308	0.00896
8	0.01390	0.01267	0.02089	0.42952	0.06867	0.01431	0.13268	0.10215	0.04121	0.02015	0.01305	0.01780	0.01009	0.03512	0.00729	0.00217	0.00803	0.00605	0.03656	0.00770
9	0.00808	0.00629	0.00734	0.00718	0.00888	0.00555	0.00535	0.01029	0.01573	0.02071	0.38754	0.09393	0.37175	0.01452	0.00739	0.00206	0.00308	0.01250	0.00630	0.00555
10	0.01111	0.01037	0.04848	0.03903	0.04182	0.00882	0.04026	0.01438	0.03967	0.01852	0.08137	0.06759	0.05362	0.07966	0.14918	0.00353	0.00747	0.00711	0.00410	0.27391
11	0.00770	0.00591	0.00708	0.00784	0.00900	0.00529	0.00559	0.00918	0.01329	0.01697	0.09009	0.41878	0.31278	0.01753	0.00772	0.00235	0.00350	0.04835	0.00585	0.00522
12	0.01731	0.55478	0.06184	0.06896	0.01912	0.12259	0.01197	0.05073	0.01409	0.01617	0.00937	0.01103	0.00813	0.00567	0.00457	0.00148	0.00753	0.00375	0.00290	0.00798
13	0.00843	0.00632	0.00769	0.00820	0.00923	0.00601	0.00570	0.01091	0.05890	0.01811	0.17402	0.40003	0.15614	0.08857	0.00987	0.00265	0.00372	0.01422	0.00584	0.00544
14	0.03592	0.12416	0.06366	0.04245	0.02002	0.03546	0.04364	0.35719	0.14125	0.05177	0.01540	0.01570	0.01136	0.00705	0.00591	0.00186	0.00688	0.00549	0.00520	0.00964
15	0.07486	0.13978	0.12945	0.01760	0.09275	0.23545	0.08823	0.05541	0.01525	0.01913	0.01149	0.04371	0.00977	0.00645	0.00562	0.00174	0.00856	0.00508	0.00334	0.03633

[dist]
# distance from previous block
# <min> <max>
1	17

[block]
# block no. 9 follows, 36 sequences, length 19
# corresponding to MSA columns:
# 1044-1062
name=unknown_J
#
# <colnr> <probs for GDERKNQSTAVLIFYWHMCP>
#	G	D	E	R	K	N	Q	S	T	A	V	L	I	F	Y	W	H	M	C	P
0	0.01266	0.09837	0.01318	0.03909	0.03476	0.01062	0.00802	0.04623	0.07564	0.06220	0.07743	0.08396	0.02090	0.13054	0.17331	0.00424	0.00770	0.00766	0.08682	0.00667
1	0.03869	0.12509	0.01878	0.01333	0.01734	0.01571	0.08208	0.08039	0.34645	0.07202	0.01998	0.02139	0.01558	0.01008	0.05103	0.00245	0.00662	0.03267	0.02135	0.00897
2	0.08319	0.16069	0.06143	0.06203	0.03446	0.11831	0.07025	0.09196	0.05282	0.05850	0.01221	0.01371	0.00950	0.00599	0.00535	0.00163	0.00725	0.00466	0.00388	0.14217
3	0.70977	0.01122	0.00892	0.00806	0.01146	0.01285	0.00645	0.01717	0.01090	0.02649	0.05334	0.01480	0.01116	0.06923	0.00633	0.00226	0.00481	0.00431	0.00403	0.00645
4	0.00850	0.00613	0.00768	0.00815	0.00892	0.00602	0.00569	0.00976	0.01167	0.01548	0.07624	0.23353	0.12927	0.25815	0.11970	0.00460	0.00628	0.07448	0.00488	0.00487
5	0.00879	0.00619	0.00753	0.00752	0.00812	0.00618	0.00492	0.00980	0.01115	0.01512	0.14090	0.07588	0.08435	0.44379	0.13855	0.00552	0.00687	0.00978	0.00446	0.00458
6	0.06230	0.01100	0.01155	0.01076	0.01343	0.01242	0.00813	0.02549	0.47099	0.02355	0.02441	0.11138	0.02085	0.07373	0.00829	0.00241	0.00466	0.00810	0.08837	0.00820
7	0.03339	0.02431	0.49747	0.01488	0.02179	0.01260	0.01761	0.04874	0.03268	0.04597	0.06977	0.07873	0.05898	0.00826	0.00625	0.00202	0.00749	0.00676	0.00383	0.00847
8	0.30126	0.01939	0.01556	0.01346	0.01676	0.28486	0.03489	0.08896	0.03240	0.02241	0.01011	0.01201	0.00817	0.00690	0.00710	0.00192	0.10837	0.00432	0.00374	0.00744
9	0.01469	0.00906	0.00969	0.00867	0.01107	0.00957	0.00694	0.20367	0.01754	0.02706	0.02018	0.02581	0.01656	0.00833	0.00529	0.00171	0.00425	0.07651	0.51633	0.00708
10	0.00865	0.00691	0.00813	0.00796	0.00948	0.00667	0.00598	0.01090	0.03271	0.01886	0.23887	0.09732	0.34785	0.07844	0.01025	0.00250	0.04949	0.04775	0.00574	0.00553
11	0.00872	0.00629	0.00824	0.00791	0.00929	0.00581	0.00587	0.01151	0.01717	0.02425	0.68160	0.10593	0.05736	0.01329	0.00740	0.00201	0.00299	0.01179	0.00677	0.00581
12	0.00769	0.00566	0.00720	0.00821	0.00897	0.00518	0.00563	0.00905	0.01290	0.01702	0.11438	0.58604	0.15280	0.01821	0.00780	0.00240	0.00347	0.01630	0.00590	0.00518
13	0.01121	0.00686	0.00905	0.00830	0.01014	0.00625	0.00629	0.01397	0.01734	0.11716	0.60740	0.08446	0.05223	0.01247	0.00724	0.00199	0.00328	0.01099	0.00691	0.00644
14	0.01268	0.02597	0.51880	0.01832	0.06228	0.01380	0.08855	0.01977	0.05972	0.02073	0.08640	0.01768	0.01405	0.00669	0.00625	0.00199	0.00833	0.00576	0.00337	0.00887
15	0.82504	0.01205	0.00916	0.00819	0.01205	0.01398	0.00675	0.01832	0.01060	0.02795	0.00868	0.01012	0.00675	0.00578	0.00386	0.00193	0.00482	0.00337	0.00386	0.00675
16	0.01328	0.03265	0.18997	0.05541	0.06852	0.05113	0.14638	0.06188	0.01528	0.02064	0.12167	0.02713	0.04818	0.05467	0.00822	0.00228	0.00757	0.06337	0.00409	0.00770
17	0.00971	0.00721	0.00955	0.00952	0.01057	0.00751	0.00730	0.01175	0.01411	0.03577	0.28465	0.19877	0.07252	0.07717	0.01116	0.00266	0.09283	0.12583	0.00569	0.00570
18	0.01115	0.04486	0.20566	0.18800	0.02392	0.01163	0.07042	0.01575	0.03549	0.01881	0.11228	0.06981	0.13589	0.00940	0.00662	0.00205	0.00674	0.02020	0.00409	0.00724

[dist]
# distance from previous block
# <min> <max>
3	16

[block]
# block no. 10 follows, 36 sequences, length 23
# corresponding to MSA columns:
# 1081-1089,1091-1104
name=unknown_K
#
# <colnr> <probs for GDERKNQSTAVLIFYWHMCP>
#	G	D	E	R	K	N	Q	S	T	A	V	L	I	F	Y	W	H	M	C	P
0	0.00840	0.00576	0.00699	0.00764	0.00780	0.00560	0.00468	0.00889	0.01035	0.01380	0.02623	0.37092	0.03097	0.43953	0.02106	0.00447	0.00495	0.01294	0.00468	0.00435
1	0.01298	0.01160	0.01612	0.13747	0.01964	0.01447	0.03351	0.04864	0.11770	0.01894	0.05157	0.05690	0.01527	0.01318	0.08266	0.00305	0.28596	0.00681	0.04635	0.00719
2	0.01280	0.00710	0.00906	0.00811	0.01025	0.00647	0.00624	0.01557	0.01688	0.16257	0.47106	0.03911	0.07672	0.01116	0.00673	0.00189	0.00340	0.00965	0.11850	0.00674
3	0.05109	0.08858	0.10288	0.04868	0.01990	0.01464	0.13736	0.01760	0.05570	0.04127	0.08298	0.02278	0.05463	0.00912	0.00988	0.02469	0.16956	0.03732	0.00389	0.00745
4	0.01778	0.01744	0.09989	0.10683	0.05762	0.07392	0.01349	0.29130	0.09977	0.02664	0.01577	0.02019	0.01277	0.04369	0.00792	0.00219	0.03049	0.04866	0.00477	0.00888
5	0.00889	0.00669	0.00847	0.00918	0.01077	0.00627	0.00754	0.01128	0.01466	0.01887	0.14657	0.10049	0.25975	0.01622	0.00800	0.00248	0.00441	0.34796	0.00592	0.00557
6	0.53639	0.01405	0.08766	0.01045	0.01425	0.01414	0.00951	0.04886	0.01188	0.02546	0.01090	0.01468	0.00908	0.00710	0.00632	0.00205	0.09180	0.03943	0.03891	0.00709
7	0.05169	0.01142	0.01371	0.01229	0.01366	0.06088	0.04425	0.07748	0.01288	0.01785	0.01813	0.12585	0.01935	0.20807	0.01671	0.00334	0.19945	0.08272	0.00414	0.00614
8	0.01451	0.01102	0.01308	0.00943	0.01489	0.00840	0.00757	0.01724	0.01344	0.09722	0.01250	0.01380	0.00988	0.00494	0.00479	0.00103	0.00469	0.00396	0.00412	0.73348
9	0.01188	0.01007	0.01167	0.00879	0.01348	0.00771	0.00688	0.01433	0.01290	0.01942	0.01858	0.05917	0.09586	0.03082	0.00595	0.00130	0.00444	0.00569	0.00405	0.65701
10	0.01254	0.00889	0.01078	0.00912	0.01228	0.00776	0.00701	0.04552	0.01381	0.08432	0.06998	0.10133	0.08557	0.09994	0.07162	0.00282	0.00566	0.04305	0.00485	0.30314
11	0.01332	0.03034	0.66597	0.01728	0.02593	0.01481	0.02165	0.06191	0.05284	0.02123	0.01217	0.01381	0.00865	0.00615	0.00596	0.00197	0.00884	0.00480	0.00304	0.00933
12	0.01663	0.01478	0.08622	0.04622	0.04995	0.03573	0.01147	0.20646	0.13501	0.07744	0.06178	0.08585	0.01854	0.03372	0.01955	0.00223	0.00634	0.03054	0.00533	0.05621
13	0.01264	0.01196	0.02026	0.59238	0.20977	0.01407	0.01774	0.01668	0.01287	0.01698	0.01123	0.01633	0.00868	0.00607	0.00621	0.00202	0.00809	0.00554	0.00284	0.00762
14	0.01520	0.02181	0.35189	0.01812	0.09103	0.01377	0.07408	0.10665	0.04663	0.08075	0.01750	0.05095	0.04366	0.00767	0.00639	0.00202	0.00773	0.03099	0.00411	0.00905
15	0.06094	0.17815	0.06685	0.01465	0.06415	0.04049	0.07578	0.05709	0.12389	0.13326	0.05037	0.01988	0.05692	0.00745	0.00613	0.00186	0.02271	0.00606	0.00471	0.00867
16	0.02141	0.01483	0.01640	0.01299	0.01736	0.01607	0.01058	0.46573	0.12152	0.12012	0.09936	0.02039	0.01776	0.00823	0.00638	0.00192	0.00597	0.00652	0.00649	0.00996
17	0.01019	0.00706	0.00955	0.01104	0.06765	0.00656	0.00748	0.01214	0.01400	0.07331	0.12827	0.34975	0.15719	0.01570	0.00759	0.00233	0.00415	0.10408	0.00585	0.00609
18	0.07919	0.08531	0.04896	0.07552	0.18099	0.06899	0.06472	0.05411	0.02745	0.09790	0.02964	0.11557	0.01490	0.00811	0.00637	0.00195	0.02089	0.00697	0.00421	0.00825
19	0.01667	0.03914	0.01294	0.01071	0.01361	0.09406	0.00853	0.05424	0.05394	0.20266	0.16134	0.06500	0.14318	0.01090	0.00752	0.00203	0.05072	0.03924	0.00593	0.00765
20	0.00804	0.00617	0.00795	0.00881	0.00959	0.00607	0.00629	0.00939	0.01226	0.01609	0.03763	0.51806	0.17683	0.01984	0.05272	0.00291	0.04340	0.04720	0.00548	0.00525
21	0.54443	0.01286	0.01185	0.08261	0.01625	0.03705	0.00866	0.06820	0.01254	0.02585	0.00962	0.01157	0.00753	0.00607	0.00511	0.00186	0.03856	0.00389	0.00383	0.09169
22	0.26168	0.01388	0.07888	0.03782	0.09856	0.04952	0.06945	0.01673	0.01295	0.02187	0.06781	0.12941	0.01680	0.00822	0.00570	0.00191	0.00606	0.00692	0.00403	0.09180

[dist]
# distance from previous block
# <min> <max>
9	16

[block]
# block no. 11 follows, 36 sequences, length 6
# corresponding to MSA columns:
# 1123-1128
name=unknown_L
#
# <colnr> <probs for GDERKNQSTAVLIFYWHMCP>
#	G	D	E	R	K	N	Q	S	T	A	V	L	I	F	Y	W	H	M	C	P
0	0.08350	0.03671	0.09296	0.08603	0.06734	0.07259	0.21367	0.05940	0.01470	0.04707	0.01401	0.08382	0.01199	0.00702	0.00622	0.00191	0.00790	0.00657	0.00375	0.08286
1	0.08139	0.00822	0.00955	0.00904	0.01151	0.00793	0.00703	0.01671	0.08418	0.15697	0.10188	0.17373	0.21611	0.01323	0.00698	0.00219	0.00418	0.07613	0.00613	0.00691
2	0.01290	0.04123	0.03687	0.23074	0.05596	0.01309	0.10431	0.09663	0.01483	0.01994	0.06598	0.18587	0.01945	0.00989	0.00777	0.00215	0.06219	0.00875	0.00417	0.00728
3	0.07692	0.04529	0.08274	0.06069	0.02136	0.11577	0.10284	0.12047	0.16759	0.08825	0.01546	0.01636	0.01146	0.00701	0.00665	0.00196	0.04010	0.00564	0.00461	0.00883
4	0.01048	0.01055	0.07610	0.01216	0.01528	0.00827	0.12710	0.01335	0.01395	0.04200	0.11195	0.25484	0.15498	0.01295	0.00725	0.00215	0.00533	0.05082	0.00510	0.06540
5	0.08901	0.10090	0.49193	0.01753	0.08069	0.01585	0.01907	0.07859	0.01431	0.02169	0.01107	0.01290	0.00818	0.00595	0.00559	0.00189	0.00821	0.00453	0.00309	0.00903

[dist]
# distance from previous block
# <min> <max>
0	2

[block]
# block no. 12 follows, 36 sequences, length 34
# corresponding to MSA columns:
# 1131-1164
name=unknown_M
#
# <colnr> <probs for GDERKNQSTAVLIFYWHMCP>
#	G	D	E	R	K	N	Q	S	T	A	V	L	I	F	Y	W	H	M	C	P
0	0.01848	0.05941	0.06216	0.10807	0.04351	0.13960	0.03992	0.16608	0.02789	0.10888	0.07412	0.02015	0.01518	0.00789	0.00701	0.00195	0.04914	0.03747	0.00468	0.00841
1	0.09896	0.22643	0.11350	0.04189	0.01903	0.03501	0.05406	0.06861	0.04723	0.10994	0.04418	0.01536	0.01178	0.00695	0.00683	0.00186	0.08087	0.00507	0.00405	0.00837
2	0.01628	0.10038	0.17723	0.01713	0.07069	0.08175	0.05543	0.12633	0.09555	0.02161	0.01403	0.01586	0.03096	0.00751	0.00847	0.00201	0.14086	0.00546	0.00381	0.00866
3	0.04398	0.13739	0.22153	0.01316	0.01802	0.01493	0.01328	0.07333	0.01352	0.01959	0.01419	0.08915	0.02957	0.02168	0.00834	0.00195	0.12650	0.00601	0.00355	0.13035
4	0.14514	0.07580	0.01530	0.01122	0.01523	0.01234	0.03535	0.10860	0.04825	0.28708	0.07900	0.07385	0.01903	0.00876	0.00605	0.00197	0.00542	0.03693	0.00599	0.00869
5	0.01488	0.01128	0.01451	0.01247	0.01600	0.01139	0.06665	0.11601	0.16317	0.06072	0.02250	0.03360	0.02007	0.00989	0.00663	0.00205	0.00568	0.20774	0.07421	0.13053
6	0.00870	0.00613	0.00709	0.00718	0.00778	0.00587	0.00459	0.00954	0.01144	0.01513	0.12883	0.09797	0.13780	0.47479	0.02206	0.00450	0.00499	0.03642	0.00473	0.00446
7	0.00862	0.00635	0.00778	0.00755	0.00915	0.00598	0.00570	0.01105	0.01509	0.02082	0.37035	0.04533	0.25174	0.01833	0.12020	0.00318	0.00508	0.01069	0.07136	0.00564
8	0.01147	0.00783	0.00946	0.00870	0.01087	0.00748	0.00672	0.06252	0.05576	0.08301	0.38890	0.08036	0.18699	0.01288	0.00722	0.00206	0.00371	0.04089	0.00654	0.00663
9	0.00779	0.00554	0.00727	0.00847	0.00887	0.00520	0.00563	0.00892	0.01209	0.01622	0.08157	0.66728	0.04092	0.08059	0.00983	0.00277	0.00376	0.01657	0.00570	0.00501
10	0.02280	0.01793	0.02041	0.01557	0.02060	0.05126	0.08055	0.62278	0.02737	0.03634	0.01450	0.01498	0.01037	0.00722	0.00631	0.00188	0.00740	0.00571	0.00580	0.01024
11	0.09594	0.46425	0.11711	0.01235	0.01764	0.15130	0.01210	0.03631	0.01379	0.01727	0.00930	0.01074	0.00793	0.00569	0.00456	0.00153	0.00761	0.00367	0.00296	0.00795
12	0.00880	0.00614	0.00791	0.00784	0.00909	0.00571	0.00574	0.01137	0.01614	0.02306	0.54228	0.18829	0.05187	0.01363	0.00723	0.00203	0.00307	0.01209	0.07200	0.00571
13	0.01494	0.01649	0.12096	0.01547	0.01801	0.03940	0.03999	0.12156	0.01376	0.02014	0.01119	0.01507	0.00951	0.01060	0.04599	0.00265	0.40097	0.00547	0.07018	0.00765
14	0.00803	0.00573	0.00773	0.00917	0.00973	0.00544	0.00654	0.00943	0.01236	0.01639	0.03410	0.65126	0.04026	0.01911	0.00807	0.00259	0.00399	0.13912	0.00578	0.00518
15	0.01666	0.78478	0.03265	0.01066	0.01599	0.02465	0.01066	0.01866	0.01266	0.01466	0.00866	0.00999	0.00800	0.00533	0.00400	0.00133	0.00666	0.00333	0.00267	0.00800
16	0.01552	0.31859	0.10852	0.05165	0.18579	0.05293	0.04662	0.04111	0.01374	0.01774	0.01154	0.05390	0.01038	0.00661	0.00604	0.00175	0.04085	0.00524	0.00310	0.00837
17	0.01504	0.07651	0.11812	0.01077	0.01672	0.01060	0.01007	0.01833	0.01354	0.11028	0.01258	0.01375	0.00971	0.00524	0.00495	0.00123	0.00551	0.00411	0.00396	0.53897
18	0.12506	0.08017	0.08956	0.09943	0.06346	0.04333	0.13702	0.03348	0.04114	0.07338	0.01857	0.08230	0.07114	0.00796	0.00610	0.00198	0.00704	0.00697	0.00407	0.00782
19	0.01018	0.00727	0.00876	0.00821	0.00997	0.00722	0.00621	0.01518	0.11744	0.02487	0.52985	0.03974	0.04672	0.01131	0.00675	0.00190	0.00321	0.00985	0.12890	0.00643
20	0.00970	0.00736	0.00973	0.07084	0.01370	0.00742	0.00848	0.04223	0.02585	0.01873	0.07318	0.26155	0.13874	0.01597	0.00784	0.00249	0.00484	0.26989	0.00561	0.00585
21	0.01766	0.07354	0.26906	0.03272	0.14487	0.03285	0.06660	0.09365	0.03762	0.15022	0.01435	0.01551	0.01030	0.00634	0.00604	0.00190	0.00779	0.00535	0.00414	0.00950
22	0.01377	0.01356	0.02177	0.38295	0.27790	0.04297	0.04943	0.01745	0.01307	0.01750	0.01103	0.01572	0.00887	0.00641	0.00761	0.00204	0.08149	0.00556	0.00291	0.00800
23	0.00768	0.00553	0.00729	0.00853	0.00904	0.00513	0.00576	0.00894	0.01247	0.01668	0.09324	0.69371	0.06521	0.01884	0.00788	0.00247	0.00354	0.01703	0.00587	0.00513
24	0.08186	0.20867	0.18729	0.21588	0.04697	0.04933	0.03105	0.04944	0.01377	0.04596	0.01097	0.01349	0.00843	0.00598	0.00541	0.00182	0.00779	0.00461	0.00317	0.00812
