[name]
unknown

[dist]
# distance from previous block
# <min> <max>
0	75

[block]
# block no. 0 follows, 37 sequences, length 12
# corresponding to MSA columns:
# 75-86
name=unknown_A
#
# <colnr> <probs for GDERKNQSTAVLIFYWHMCP>
#	G	D	E	R	K	N	Q	S	T	A	V	L	I	F	Y	W	H	M	C	P
0	0.00986	0.00705	0.00986	0.01127	0.01268	0.00705	0.00986	0.01268	0.01409	0.01832	0.03241	0.06905	0.03523	0.01691	0.00845	0.00282	0.00564	0.70549	0.00564	0.00564
1	0.01362	0.01519	0.03268	0.02375	0.02926	0.01424	0.63937	0.01830	0.01412	0.01914	0.01491	0.10699	0.01298	0.00682	0.00729	0.00211	0.00952	0.00843	0.00340	0.00787
2	0.01053	0.00937	0.01062	0.01042	0.01172	0.10228	0.00797	0.01253	0.01073	0.01419	0.01567	0.02323	0.01473	0.07896	0.62805	0.00860	0.01518	0.00635	0.00329	0.00558
3	0.01353	0.01378	0.02094	0.01730	0.01807	0.01834	0.10287	0.01535	0.01001	0.01535	0.00858	0.01378	0.00819	0.01001	0.01847	0.00260	0.67761	0.00559	0.00273	0.00689
4	0.02370	0.01136	0.01405	0.01107	0.01534	0.01097	0.00904	0.16111	0.07232	0.47304	0.05257	0.02102	0.01636	0.00776	0.00605	0.00186	0.00519	0.00626	0.07113	0.00979
5	0.01003	0.00700	0.01023	0.00974	0.01139	0.00649	0.05921	0.01212	0.01402	0.07779	0.20869	0.35194	0.10553	0.01613	0.03636	0.00253	0.00457	0.04449	0.00581	0.00592
6	0.02327	0.01715	0.01837	0.01408	0.01898	0.01898	0.01163	0.72628	0.02878	0.03858	0.01470	0.01470	0.01041	0.00735	0.00612	0.00184	0.00674	0.00551	0.00612	0.01041
7	0.00753	0.00551	0.00710	0.00834	0.00896	0.00508	0.00572	0.00872	0.01210	0.01585	0.03724	0.66121	0.12883	0.01862	0.00777	0.00245	0.00358	0.04469	0.00568	0.00502
8	0.02160	0.00989	0.01282	0.01065	0.01424	0.00916	0.00844	0.11026	0.01736	0.46655	0.02554	0.22298	0.02133	0.01065	0.00659	0.00205	0.00496	0.00908	0.00689	0.00896
9	0.05161	0.01736	0.10785	0.21997	0.09899	0.09606	0.08507	0.14076	0.01650	0.08875	0.01272	0.01511	0.00931	0.00627	0.00603	0.00190	0.00805	0.00533	0.00389	0.00848
10	0.01194	0.01110	0.05839	0.01354	0.01609	0.03016	0.11857	0.04157	0.01388	0.05251	0.02574	0.24004	0.04729	0.01346	0.00853	0.00241	0.06587	0.21745	0.00489	0.00657
11	0.25423	0.10551	0.01454	0.01033	0.01397	0.01392	0.00855	0.12528	0.02973	0.03916	0.01432	0.11048	0.01333	0.00817	0.00622	0.00182	0.06189	0.02476	0.00432	0.13949

[dist]
# distance from previous block
# <min> <max>
2	10

[block]
# block no. 1 follows, 37 sequences, length 19
# corresponding to MSA columns:
# 97-115
name=unknown_B
#
# <colnr> <probs for GDERKNQSTAVLIFYWHMCP>
#	G	D	E	R	K	N	Q	S	T	A	V	L	I	F	Y	W	H	M	C	P
0	0.00866	0.00626	0.00818	0.00770	0.00914	0.00578	0.00578	0.01155	0.01733	0.02455	0.74346	0.04572	0.05776	0.01251	0.00722	0.00193	0.00289	0.01107	0.00674	0.00578
1	0.01800	0.01480	0.01480	0.01271	0.01642	0.07875	0.01001	0.17917	0.43470	0.07370	0.06355	0.02130	0.01806	0.00813	0.00620	0.00196	0.00569	0.00656	0.00606	0.00944
2	0.00771	0.00559	0.00709	0.00800	0.00863	0.00518	0.00539	0.00894	0.01233	0.01639	0.11708	0.54735	0.11598	0.09208	0.00994	0.00271	0.00366	0.01537	0.00561	0.00496
3	0.00815	0.00605	0.00759	0.00759	0.00893	0.00550	0.00555	0.01041	0.01553	0.02120	0.46929	0.20117	0.18156	0.01446	0.00735	0.00207	0.00307	0.01273	0.00632	0.00550
4	0.78484	0.01176	0.00928	0.00820	0.01204	0.01348	0.00676	0.01863	0.01080	0.06656	0.00937	0.01053	0.00709	0.00578	0.00392	0.00189	0.00476	0.00347	0.00399	0.00683
5	0.00917	0.00694	0.00990	0.00981	0.01099	0.00803	0.00754	0.01219	0.05609	0.01480	0.01711	0.02494	0.01594	0.08803	0.66853	0.00911	0.01503	0.00672	0.00349	0.00563
6	0.08828	0.09287	0.18798	0.01288	0.04184	0.01293	0.01223	0.07368	0.04184	0.21707	0.08092	0.01798	0.01492	0.00691	0.00561	0.00177	0.00610	0.00544	0.00489	0.07385
7	0.76308	0.01196	0.00978	0.00869	0.01218	0.01413	0.00717	0.01773	0.01033	0.02645	0.00848	0.01022	0.00674	0.00608	0.00509	0.00196	0.06611	0.00348	0.00370	0.00663
8	0.07922	0.02544	0.48563	0.01763	0.08515	0.01487	0.01869	0.10683	0.06935	0.02290	0.01234	0.01384	0.00898	0.00615	0.00574	0.00192	0.00795	0.00481	0.00343	0.00912
9	0.03535	0.10394	0.07096	0.28804	0.03722	0.02730	0.03711	0.08930	0.02574	0.06620	0.01252	0.03271	0.00983	0.00638	0.00592	0.00177	0.02235	0.00521	0.00365	0.11851
10	0.01017	0.00573	0.00626	0.00645	0.00773	0.00556	0.00472	0.01264	0.01323	0.02142	0.10876	0.15766	0.06761	0.01031	0.00540	0.00170	0.00299	0.00876	0.53734	0.00556
11	0.00966	0.00685	0.00798	0.00779	0.00944	0.00653	0.00594	0.05408	0.01529	0.02104	0.26047	0.07301	0.22041	0.07464	0.00883	0.00233	0.00375	0.09019	0.11609	0.00568
12	0.01398	0.14590	0.21503	0.05794	0.01988	0.05143	0.01287	0.04755	0.01359	0.01907	0.01110	0.02896	0.00913	0.00561	0.00506	0.00143	0.00670	0.00431	0.00325	0.32722
13	0.14285	0.16387	0.15977	0.01321	0.01861	0.01481	0.08860	0.04420	0.05986	0.12903	0.01440	0.05319	0.01139	0.00669	0.00541	0.00179	0.00658	0.00542	0.00414	0.05620
14	0.00809	0.00587	0.00772	0.00810	0.00908	0.00550	0.00578	0.01010	0.01439	0.01984	0.37180	0.36238	0.07678	0.01721	0.04582	0.00258	0.00387	0.01365	0.00606	0.00539
15	0.01283	0.01428	0.17140	0.06272	0.07627	0.01076	0.03828	0.05115	0.07718	0.07885	0.07239	0.19219	0.04561	0.01249	0.05311	0.00256	0.00669	0.00891	0.00467	0.00766
16	0.08028	0.07488	0.07680	0.15043	0.04152	0.07426	0.01263	0.20610	0.01768	0.12560	0.01323	0.01455	0.00963	0.00652	0.00589	0.00180	0.02233	0.00493	0.00445	0.05649
17	0.08179	0.01765	0.03729	0.01727	0.06420	0.21149	0.18613	0.08532	0.01582	0.03874	0.04226	0.03437	0.01346	0.05281	0.00790	0.00213	0.02309	0.03519	0.02554	0.00754
18	0.05034	0.13330	0.03045	0.05711	0.04876	0.04147	0.00948	0.06083	0.01463	0.09512	0.08656	0.08101	0.01684	0.00743	0.00544	0.00156	0.00550	0.00605	0.00440	0.24374

[dist]
# distance from previous block
# <min> <max>
22	52

[block]
# block no. 2 follows, 37 sequences, length 6
# corresponding to MSA columns:
# 192-197
name=unknown_C
#
# <colnr> <probs for GDERKNQSTAVLIFYWHMCP>
#	G	D	E	R	K	N	Q	S	T	A	V	L	I	F	Y	W	H	M	C	P
0	0.01054	0.00980	0.01772	0.08250	0.10474	0.00958	0.19510	0.01323	0.01274	0.01718	0.02358	0.42556	0.02594	0.01278	0.00731	0.00226	0.00615	0.01231	0.00444	0.00654
1	0.01118	0.00762	0.00913	0.00904	0.01061	0.00754	0.00650	0.06866	0.08425	0.07450	0.09156	0.38522	0.10226	0.09071	0.00959	0.00260	0.00419	0.01280	0.00581	0.00623
2	0.05473	0.00677	0.00844	0.00832	0.00976	0.00664	0.00603	0.01255	0.01234	0.10432	0.09686	0.22977	0.09728	0.12693	0.13713	0.02426	0.00621	0.01051	0.03546	0.00568
3	0.05763	0.01116	0.01905	0.09539	0.02109	0.01110	0.24416	0.05574	0.01454	0.08423	0.05976	0.13947	0.01828	0.00855	0.00641	0.00199	0.00651	0.00823	0.12946	0.00727
4	0.00839	0.00629	0.00773	0.00848	0.00937	0.00612	0.00584	0.01116	0.08257	0.01717	0.09417	0.52309	0.10776	0.07039	0.00917	0.00260	0.00374	0.01482	0.00569	0.00543
5	0.06723	0.00772	0.00888	0.00902	0.01045	0.00803	0.00672	0.05244	0.08407	0.01960	0.06862	0.22627	0.02870	0.16503	0.01164	0.00298	0.00468	0.13625	0.07583	0.00583

[dist]
# distance from previous block
# <min> <max>
5	27

[block]
# block no. 3 follows, 37 sequences, length 16
# corresponding to MSA columns:
# 225-240
name=unknown_D
#
# <colnr> <probs for GDERKNQSTAVLIFYWHMCP>
#	G	D	E	R	K	N	Q	S	T	A	V	L	I	F	Y	W	H	M	C	P
0	0.01738	0.01586	0.05811	0.24563	0.08990	0.06508	0.04154	0.27266	0.01910	0.04480	0.03363	0.01594	0.01075	0.00663	0.00608	0.00186	0.00753	0.00550	0.00429	0.03772
1	0.05474	0.00786	0.00931	0.00826	0.01079	0.00716	0.00629	0.01391	0.03112	0.09016	0.20374	0.07025	0.16147	0.08229	0.06209	0.00274	0.00489	0.02259	0.00534	0.14498
2	0.01715	0.60943	0.05325	0.01170	0.01693	0.04215	0.03783	0.05480	0.04156	0.05093	0.01044	0.01147	0.00879	0.00561	0.00446	0.00145	0.00677	0.00387	0.00320	0.00821
3	0.01120	0.00651	0.00846	0.00822	0.00972	0.00600	0.00599	0.01328	0.01484	0.12551	0.33072	0.26717	0.04143	0.05782	0.00843	0.00229	0.00360	0.01183	0.06091	0.00607
4	0.00824	0.00616	0.00775	0.00761	0.00904	0.00567	0.00564	0.01062	0.01559	0.02134	0.48463	0.12723	0.19430	0.01577	0.05052	0.00247	0.00378	0.01188	0.00621	0.00555
5	0.00767	0.00554	0.00729	0.00850	0.00909	0.00516	0.00588	0.00899	0.01237	0.01646	0.08552	0.64877	0.07892	0.01838	0.00778	0.00244	0.00360	0.05679	0.00575	0.00508
6	0.00924	0.00607	0.00776	0.00785	0.00909	0.00561	0.00569	0.01146	0.01494	0.05047	0.38696	0.28325	0.07225	0.01409	0.00709	0.00206	0.00320	0.01249	0.08476	0.00567
7	0.01445	0.01651	0.03612	0.02580	0.03199	0.01548	0.72446	0.01961	0.01445	0.01961	0.01238	0.01651	0.00929	0.00516	0.00722	0.00206	0.01032	0.00722	0.00310	0.00826
8	0.02128	0.02584	0.01662	0.01508	0.01830	0.60548	0.01138	0.02612	0.16660	0.01719	0.01267	0.01349	0.01013	0.00672	0.00567	0.00168	0.00975	0.00456	0.00379	0.00764
9	0.01269	0.01088	0.01269	0.00907	0.01451	0.00816	0.00725	0.01541	0.01269	0.01995	0.01088	0.01269	0.00907	0.00453	0.00453	0.00091	0.00453	0.00363	0.00363	0.82229
10	0.01269	0.01088	0.01269	0.00907	0.01451	0.00816	0.00725	0.01541	0.01269	0.01995	0.01088	0.01269	0.00907	0.00453	0.00453	0.00091	0.00453	0.00363	0.00363	0.82229
11	0.01985	0.01262	0.01425	0.01181	0.01564	0.01349	0.00938	0.19304	0.30294	0.22251	0.02175	0.02160	0.01595	0.06294	0.00789	0.00223	0.00541	0.00649	0.03070	0.00951
12	0.00758	0.00607	0.00680	0.00701	0.00856	0.00541	0.00509	0.00910	0.01321	0.01649	0.09718	0.17604	0.48273	0.05936	0.06864	0.00295	0.00437	0.01283	0.00546	0.00512
13	0.01237	0.01051	0.01233	0.00896	0.01408	0.00797	0.00714	0.01511	0.01306	0.02031	0.06926	0.01533	0.01295	0.00517	0.00475	0.00099	0.00440	0.00422	0.00387	0.75723
14	0.05415	0.01211	0.01334	0.01196	0.01490	0.01392	0.00934	0.05959	0.47457	0.06035	0.04675	0.10128	0.02026	0.00957	0.00741	0.00213	0.06601	0.00775	0.00585	0.00875
15	0.00793	0.00565	0.00717	0.00820	0.00868	0.00535	0.00554	0.00895	0.01149	0.01513	0.03266	0.52027	0.08624	0.17652	0.01263	0.00319	0.00418	0.07016	0.00527	0.00478

[dist]
# distance from previous block
# <min> <max>
0	3

[block]
# block no. 4 follows, 37 sequences, length 8
# corresponding to MSA columns:
# 244-251
name=unknown_E
#
# <colnr> <probs for GDERKNQSTAVLIFYWHMCP>
#	G	D	E	R	K	N	Q	S	T	A	V	L	I	F	Y	W	H	M	C	P
0	0.01144	0.00679	0.00855	0.00813	0.00971	0.00629	0.00582	0.01302	0.01313	0.13042	0.15356	0.19628	0.10474	0.18611	0.06580	0.00345	0.00510	0.01066	0.02726	0.03374
1	0.06545	0.00652	0.00763	0.00750	0.00910	0.00617	0.00564	0.01145	0.01518	0.02204	0.41357	0.12181	0.16939	0.01298	0.00685	0.00200	0.00321	0.03485	0.07301	0.00563
2	0.15527	0.00970	0.01104	0.00940	0.01251	0.00974	0.00746	0.11575	0.01688	0.22333	0.19515	0.09153	0.02567	0.00941	0.00598	0.00190	0.00442	0.00773	0.07940	0.00774
3	0.01159	0.00817	0.06101	0.04840	0.01224	0.00709	0.00780	0.01188	0.01059	0.07881	0.06598	0.06639	0.01697	0.05246	0.13402	0.38407	0.00720	0.00679	0.00369	0.00484
4	0.00819	0.00614	0.00841	0.01040	0.06011	0.00580	0.00659	0.00953	0.01211	0.01617	0.05682	0.59999	0.07250	0.05995	0.00895	0.00260	0.00397	0.04106	0.00542	0.00529
5	0.03001	0.00814	0.00988	0.00889	0.01111	0.00821	0.00682	0.07180	0.05409	0.16190	0.09111	0.09141	0.02140	0.04616	0.10165	0.04820	0.00576	0.00757	0.20901	0.00688
6	0.01527	0.00888	0.01099	0.07742	0.06503	0.00919	0.00808	0.06491	0.07441	0.13647	0.01929	0.02087	0.01442	0.00710	0.00514	0.00166	0.00442	0.00582	0.44319	0.00745
7	0.01134	0.00997	0.01593	0.35832	0.15741	0.01130	0.01347	0.01410	0.01210	0.01603	0.01723	0.08667	0.04604	0.07799	0.01003	0.04469	0.03116	0.05625	0.00344	0.00653

[dist]
# distance from previous block
# <min> <max>
0	7

[block]
# block no. 5 follows, 37 sequences, length 18
# corresponding to MSA columns:
# 259-276
name=unknown_F
#
# <colnr> <probs for GDERKNQSTAVLIFYWHMCP>
#	G	D	E	R	K	N	Q	S	T	A	V	L	I	F	Y	W	H	M	C	P
0	0.01368	0.08834	0.02200	0.17671	0.29988	0.01455	0.07492	0.01837	0.08398	0.01852	0.03147	0.05085	0.01305	0.04000	0.00750	0.00209	0.02609	0.00633	0.00347	0.00817
1	0.43746	0.01222	0.01421	0.23301	0.02244	0.03226	0.05014	0.01818	0.01176	0.06917	0.01043	0.01305	0.00786	0.00613	0.00555	0.00197	0.03907	0.00444	0.00362	0.00703
2	0.02234	0.00997	0.01297	0.01009	0.01441	0.00861	0.00817	0.02501	0.03952	0.50307	0.02074	0.01946	0.01396	0.00779	0.00673	0.04759	0.00492	0.00565	0.06377	0.15523
3	0.06117	0.03781	0.05978	0.17413	0.25910	0.04019	0.01437	0.01922	0.01349	0.13252	0.01353	0.01688	0.01056	0.04025	0.00756	0.00207	0.04412	0.00542	0.03956	0.00828
4	0.00936	0.00620	0.00765	0.00788	0.00870	0.00592	0.00543	0.01057	0.01212	0.04786	0.13836	0.19530	0.08727	0.33073	0.01724	0.00379	0.00470	0.09090	0.00511	0.00491
5	0.00922	0.00638	0.00811	0.00768	0.00929	0.00579	0.00575	0.01180	0.01655	0.05485	0.57646	0.08763	0.15127	0.01309	0.00721	0.00198	0.00306	0.01147	0.00657	0.00585
6	0.04959	0.00681	0.00742	0.00710	0.00929	0.00601	0.00538	0.01155	0.01443	0.08574	0.15074	0.10205	0.49373	0.01413	0.00700	0.00205	0.00338	0.01188	0.00592	0.00580
7	0.01637	0.78856	0.03208	0.01047	0.01571	0.02422	0.01047	0.01833	0.01244	0.01440	0.00851	0.00982	0.00786	0.00524	0.00393	0.00131	0.00655	0.00327	0.00262	0.00786
8	0.01063	0.00532	0.00797	0.00797	0.00797	0.00532	0.00532	0.00797	0.00797	0.01063	0.01063	0.01861	0.01063	0.02127	0.02392	0.82190	0.00532	0.00532	0.00266	0.00266
9	0.01339	0.01339	0.01875	0.01607	0.01607	0.01875	0.01339	0.01473	0.00937	0.01473	0.00804	0.01339	0.00804	0.01071	0.02009	0.00268	0.77367	0.00536	0.00268	0.00670
10	0.02287	0.02917	0.01735	0.01577	0.01892	0.76030	0.01183	0.02444	0.01735	0.01498	0.00946	0.01104	0.00788	0.00631	0.00552	0.00158	0.01104	0.00394	0.00315	0.00710
11	0.00793	0.00564	0.00726	0.00827	0.00878	0.00534	0.00562	0.00907	0.01183	0.01573	0.07188	0.53293	0.06796	0.14633	0.01170	0.00304	0.00405	0.06635	0.00541	0.00486
12	0.82811	0.01184	0.00900	0.00805	0.01184	0.01373	0.00663	0.01799	0.01042	0.02746	0.00852	0.00994	0.00663	0.00568	0.00379	0.00189	0.00474	0.00331	0.00379	0.00663
13	0.00902	0.00670	0.00932	0.00919	0.00991	0.00768	0.00675	0.01051	0.00954	0.01354	0.01686	0.02832	0.01703	0.26513	0.50662	0.00832	0.04999	0.00720	0.00338	0.00500
14	0.01829	0.01467	0.01556	0.01308	0.01708	0.01666	0.01043	0.29649	0.46668	0.03054	0.02103	0.01974	0.01554	0.00794	0.00619	0.00199	0.00556	0.00638	0.00619	0.00996
15	0.00870	0.00644	0.00832	0.00891	0.01033	0.00605	0.00715	0.01107	0.01470	0.01942	0.24187	0.14801	0.18299	0.01565	0.00778	0.00237	0.00409	0.28468	0.00597	0.00550
16	0.00800	0.00560	0.00712	0.00805	0.00839	0.00535	0.00527	0.00891	0.01128	0.01509	0.06446	0.51449	0.03605	0.23358	0.01435	0.00344	0.00425	0.03645	0.00518	0.00468
17	0.09691	0.05832	0.11636	0.03104	0.01796	0.03596	0.01130	0.12783	0.01720	0.35597	0.01711	0.01636	0.01151	0.00675	0.00565	0.00180	0.00621	0.00519	0.00557	0.05499

[dist]
# distance from previous block
# <min> <max>
6	29

[block]
# block no. 6 follows, 37 sequences, length 11
# corresponding to MSA columns:
# 309-319
name=unknown_G
#
# <colnr> <probs for GDERKNQSTAVLIFYWHMCP>
#	G	D	E	R	K	N	Q	S	T	A	V	L	I	F	Y	W	H	M	C	P
0	0.05760	0.00677	0.00753	0.00716	0.00916	0.00612	0.00539	0.01148	0.01481	0.06340	0.27620	0.06771	0.38794	0.04236	0.00787	0.00216	0.00337	0.01131	0.00595	0.00571
1	0.02035	0.00971	0.01266	0.01046	0.01405	0.00926	0.00843	0.04684	0.09143	0.43182	0.09778	0.02556	0.05178	0.01443	0.12317	0.00315	0.00662	0.00708	0.00655	0.00887
2	0.01343	0.04798	0.06442	0.36104	0.25177	0.01462	0.01657	0.01932	0.11434	0.01854	0.01295	0.01639	0.01007	0.00617	0.00600	0.00194	0.00740	0.00550	0.00329	0.00827
3	0.06191	0.00836	0.01176	0.09716	0.01507	0.00840	0.04800	0.01571	0.02974	0.14990	0.13265	0.02695	0.05167	0.10060	0.01242	0.15735	0.00531	0.00718	0.05372	0.00615
4	0.00994	0.00645	0.00833	0.00827	0.00955	0.00630	0.00598	0.01151	0.01228	0.08233	0.11002	0.19142	0.14652	0.15635	0.20154	0.00475	0.00721	0.01073	0.00502	0.00549
5	0.01228	0.03166	0.75316	0.01745	0.02649	0.01422	0.02262	0.01939	0.01292	0.01939	0.01099	0.01292	0.00775	0.00582	0.00582	0.00194	0.00905	0.00452	0.00258	0.00905
6	0.07844	0.01187	0.04909	0.43368	0.05781	0.01275	0.08087	0.01633	0.04417	0.01789	0.04433	0.05206	0.01303	0.05364	0.00765	0.00227	0.00738	0.00643	0.00336	0.00694
7	0.01196	0.01099	0.09963	0.13159	0.01757	0.00938	0.01019	0.01621	0.08881	0.08207	0.17187	0.07852	0.02533	0.10574	0.05312	0.04476	0.00623	0.02461	0.00476	0.00666
8	0.01026	0.00714	0.00823	0.00806	0.00907	0.00717	0.00556	0.08413	0.01290	0.01739	0.06824	0.13990	0.08428	0.38819	0.01876	0.00400	0.00511	0.07024	0.04629	0.00508
9	0.61772	0.01146	0.01037	0.00880	0.01283	0.01249	0.00725	0.02110	0.01228	0.21757	0.01263	0.01281	0.00887	0.00618	0.00441	0.00189	0.00486	0.00406	0.00478	0.00762
10	0.04204	0.01208	0.01890	0.35796	0.07057	0.01295	0.09396	0.08348	0.01427	0.06316	0.01214	0.01574	0.00919	0.00658	0.00670	0.03710	0.00727	0.00535	0.00356	0.12700

[dist]
# distance from previous block
# <min> <max>
0	2

[block]
# block no. 7 follows, 37 sequences, length 21
# corresponding to MSA columns:
# 322-342
name=unknown_H
#
# <colnr> <probs for GDERKNQSTAVLIFYWHMCP>
#	G	D	E	R	K	N	Q	S	T	A	V	L	I	F	Y	W	H	M	C	P
0	0.07963	0.01078	0.01366	0.05253	0.01638	0.01029	0.00912	0.11066	0.01721	0.45188	0.02172	0.10972	0.01635	0.00859	0.00611	0.00192	0.00530	0.00707	0.00646	0.04461
1	0.01700	0.57969	0.02708	0.01076	0.01546	0.04162	0.01004	0.05065	0.07384	0.06025	0.01170	0.01348	0.01010	0.04868	0.00589	0.00169	0.00642	0.00418	0.00344	0.00802
2	0.34053	0.01079	0.01179	0.03975	0.01466	0.01110	0.00815	0.02321	0.05166	0.33803	0.07762	0.01854	0.01526	0.00722	0.00531	0.00191	0.00493	0.00546	0.00575	0.00835
3	0.09836	0.02026	0.01716	0.01503	0.01706	0.33753	0.01195	0.06173	0.01407	0.01752	0.00910	0.01212	0.00797	0.00812	0.01138	0.00208	0.32374	0.00456	0.00320	0.00708
4	0.00837	0.00566	0.00706	0.00763	0.00789	0.00547	0.00481	0.00890	0.01072	0.01442	0.08289	0.35585	0.03219	0.35022	0.01883	0.05287	0.00464	0.01249	0.00473	0.00435
5	0.01181	0.00696	0.00733	0.00711	0.00883	0.00738	0.00541	0.01691	0.12769	0.02258	0.02047	0.02292	0.01614	0.01041	0.06490	0.00220	0.00425	0.00597	0.62442	0.00632
6	0.00866	0.00626	0.00818	0.00770	0.00914	0.00578	0.00578	0.01155	0.01733	0.02455	0.74346	0.04572	0.05776	0.01251	0.00722	0.00193	0.00289	0.01107	0.00674	0.00578
7	0.01682	0.01394	0.01474	0.01278	0.01653	0.01597	0.01007	0.17015	0.59541	0.02818	0.02289	0.02122	0.01704	0.00812	0.00621	0.00203	0.00522	0.00664	0.00621	0.00983
8	0.01594	0.01521	0.11940	0.14606	0.14824	0.01398	0.09611	0.01957	0.01328	0.15929	0.01336	0.01622	0.01003	0.00817	0.03073	0.00231	0.15426	0.00568	0.00374	0.00840
9	0.06781	0.01029	0.01367	0.07101	0.01687	0.00962	0.00921	0.05326	0.01713	0.53522	0.11016	0.02269	0.01917	0.00795	0.00615	0.00191	0.00519	0.00652	0.00682	0.00935
10	0.00945	0.00675	0.00939	0.01080	0.01203	0.00669	0.00915	0.01197	0.01368	0.01786	0.03264	0.19112	0.03613	0.01730	0.00834	0.00276	0.00528	0.58749	0.00564	0.00552
11	0.05013	0.01428	0.02607	0.10507	0.34394	0.01417	0.24245	0.01977	0.01413	0.09098	0.01283	0.01604	0.00981	0.00564	0.00635	0.00193	0.00803	0.00600	0.00349	0.00888
12	0.08797	0.12830	0.03663	0.13983	0.03501	0.07741	0.05400	0.03619	0.18683	0.10736	0.01608	0.03049	0.01246	0.00702	0.00570	0.00188	0.00670	0.01740	0.00444	0.00830
13	0.01007	0.00556	0.00783	0.00783	0.00792	0.00565	0.00513	0.00844	0.00835	0.01122	0.01313	0.02407	0.01374	0.20183	0.08669	0.56381	0.00638	0.00626	0.00296	0.00314
14	0.00754	0.00547	0.00711	0.00826	0.00885	0.00505	0.00560	0.00879	0.01235	0.01641	0.09269	0.66192	0.10068	0.01834	0.00772	0.00241	0.00346	0.01652	0.00577	0.00505
15	0.01345	0.01245	0.02126	0.20039	0.17985	0.01328	0.15800	0.07426	0.01456	0.01986	0.07518	0.05079	0.01562	0.00829	0.00812	0.03633	0.05016	0.03679	0.00372	0.00762
16	0.01534	0.16053	0.35363	0.06826	0.05489	0.03005	0.07899	0.04815	0.03168	0.08457	0.01231	0.01399	0.00905	0.00595	0.00568	0.00183	0.00808	0.00487	0.00335	0.00879
17	0.01707	0.04620	0.21181	0.04975	0.07924	0.29665	0.01523	0.02252	0.11310	0.01799	0.01207	0.01383	0.00949	0.00666	0.00676	0.00185	0.06352	0.00477	0.00335	0.00815
18	0.00979	0.00619	0.00854	0.00933	0.04007	0.00618	0.00606	0.00959	0.01004	0.01352	0.05568	0.09289	0.02181	0.24920	0.05072	0.31123	0.00579	0.08552	0.00380	0.00406
19	0.31335	0.09278	0.01830	0.07086	0.04984	0.12148	0.11125	0.04261	0.01377	0.06309	0.04214	0.01403	0.01035	0.00613	0.00517	0.00182	0.00699	0.00477	0.00379	0.00749
20	0.07353	0.00700	0.00743	0.00719	0.00922	0.00654	0.00543	0.01155	0.05193	0.02018	0.25340	0.07293	0.42485	0.01360	0.00692	0.00203	0.00327	0.01145	0.00587	0.00569

[dist]
# distance from previous block
# <min> <max>
2	6

[block]
# block no. 8 follows, 37 sequences, length 8
# corresponding to MSA columns:
# 349-356
name=unknown_I
#
# <colnr> <probs for GDERKNQSTAVLIFYWHMCP>
#	G	D	E	R	K	N	Q	S	T	A	V	L	I	F	Y	W	H	M	C	P
0	0.01574	0.01401	0.09158	0.01304	0.01679	0.01334	0.04208	0.12975	0.22528	0.09973	0.11424	0.02250	0.01953	0.01210	0.08093	0.00279	0.06585	0.00678	0.00534	0.00859
1	0.01121	0.00711	0.00925	0.00819	0.01034	0.00635	0.00627	0.01403	0.01699	0.11044	0.60049	0.04017	0.04887	0.01130	0.00688	0.00184	0.00329	0.00990	0.00659	0.07048
2	0.01157	0.00646	0.00865	0.00888	0.01025	0.00588	0.00635	0.01315	0.01365	0.16195	0.13073	0.52849	0.03789	0.01596	0.00740	0.00229	0.00379	0.01430	0.00620	0.00616
3	0.01103	0.00991	0.01421	0.01290	0.01345	0.01310	0.01047	0.01280	0.00961	0.01447	0.01229	0.01882	0.01174	0.02864	0.39720	0.00632	0.38803	0.00597	0.00298	0.00607
4	0.01637	0.78856	0.03208	0.01047	0.01571	0.02422	0.01047	0.01833	0.01244	0.01440	0.00851	0.00982	0.00786	0.00524	0.00393	0.00131	0.00655	0.00327	0.00262	0.00786
5	0.01352	0.01251	0.02156	0.25419	0.37032	0.01323	0.08519	0.01734	0.01333	0.01900	0.01247	0.01661	0.00995	0.00584	0.00597	0.00186	0.00728	0.00565	0.10599	0.00817
6	0.01523	0.01080	0.01295	0.00938	0.01470	0.00830	0.00755	0.01789	0.01352	0.14529	0.01316	0.01409	0.01011	0.00506	0.00481	0.00108	0.00465	0.00406	0.00430	0.68308
7	0.01297	0.01113	0.01282	0.00943	0.01466	0.00892	0.00752	0.01726	0.09091	0.02056	0.01240	0.01379	0.01011	0.00494	0.00472	0.00103	0.00457	0.00398	0.00391	0.73437

[dist]
# distance from previous block
# <min> <max>
4	13

[block]
# block no. 9 follows, 37 sequences, length 17
# corresponding to MSA columns:
# 370-386
name=unknown_J
#
# <colnr> <probs for GDERKNQSTAVLIFYWHMCP>
#	G	D	E	R	K	N	Q	S	T	A	V	L	I	F	Y	W	H	M	C	P
0	0.09255	0.07883	0.01762	0.01333	0.05009	0.01517	0.04013	0.24715	0.12405	0.08164	0.01483	0.01521	0.01108	0.00645	0.00548	0.00166	0.00589	0.00508	0.00498	0.16879
1	0.01119	0.00974	0.09913	0.00965	0.01223	0.00698	0.00823	0.01369	0.01405	0.11406	0.19141	0.34604	0.06852	0.01357	0.00702	0.00211	0.00431	0.01198	0.00568	0.05041
2	0.06266	0.17686	0.20266	0.05041	0.01876	0.01457	0.01264	0.07865	0.04757	0.10201	0.05504	0.01915	0.06785	0.00787	0.01886	0.00190	0.00657	0.00559	0.00420	0.04620
3	0.01309	0.10729	0.40639	0.01464	0.02105	0.01351	0.05592	0.01894	0.05808	0.06052	0.08465	0.06460	0.03985	0.00772	0.00603	0.00192	0.00726	0.00644	0.00380	0.00831
4	0.01304	0.01349	0.02614	0.26413	0.10639	0.01387	0.34296	0.01771	0.03010	0.01869	0.05601	0.01955	0.03638	0.00634	0.00673	0.00202	0.00852	0.00687	0.00334	0.00772
5	0.01374	0.01257	0.01772	0.05477	0.01695	0.01704	0.01284	0.01526	0.01015	0.05764	0.01076	0.06280	0.01052	0.01083	0.01777	0.00259	0.63993	0.00617	0.00316	0.00681
6	0.03353	0.16037	0.31907	0.01450	0.05205	0.01403	0.01504	0.02168	0.01413	0.23468	0.01555	0.05359	0.01168	0.00689	0.00565	0.00183	0.00702	0.00545	0.00427	0.00901
7	0.01054	0.00645	0.00836	0.00890	0.00994	0.00614	0.00624	0.01242	0.04273	0.10525	0.03028	0.52060	0.03385	0.11497	0.01056	0.00286	0.00423	0.05429	0.00568	0.00571
8	0.00854	0.00564	0.00697	0.00751	0.00764	0.00551	0.00462	0.00866	0.00987	0.01316	0.02385	0.31755	0.02794	0.41693	0.02160	0.08888	0.00497	0.01174	0.00435	0.00408
9	0.08894	0.01316	0.05152	0.09503	0.04551	0.01301	0.15789	0.04098	0.19808	0.08180	0.06977	0.02134	0.03884	0.00736	0.00617	0.00197	0.00637	0.00666	0.04738	0.00823
10	0.01262	0.01164	0.01878	0.62552	0.10983	0.01401	0.01657	0.04829	0.04974	0.01759	0.01182	0.01646	0.00894	0.00622	0.00612	0.00201	0.00784	0.00552	0.00308	0.00739
11	0.00770	0.00562	0.00725	0.00811	0.00888	0.00517	0.00560	0.00921	0.01316	0.01766	0.19114	0.54894	0.11424	0.01736	0.00763	0.00232	0.00336	0.01558	0.00591	0.00517
12	0.29992	0.06114	0.08448	0.03081	0.01836	0.06890	0.10924	0.05039	0.02954	0.05966	0.01171	0.04044	0.00955	0.00694	0.00690	0.00198	0.09362	0.00512	0.00374	0.00756
13	0.07799	0.20955	0.08076	0.07190	0.01947	0.08580	0.05251	0.10003	0.01538	0.09211	0.03233	0.03982	0.01142	0.00655	0.00533	0.00167	0.00689	0.00509	0.00398	0.08139
14	0.05913	0.06853	0.08749	0.01592	0.02099	0.01385	0.23013	0.07066	0.10572	0.14500	0.02036	0.02211	0.07393	0.00747	0.00635	0.00197	0.00709	0.03003	0.00472	0.00856
15	0.05858	0.00899	0.03370	0.00942	0.01114	0.04233	0.00713	0.05869	0.01371	0.06497	0.06148	0.42033	0.07585	0.06960	0.00881	0.00252	0.00465	0.03673	0.00541	0.00599
16	0.04379	0.05197	0.16145	0.01432	0.08997	0.01177	0.03316	0.09508	0.01521	0.09584	0.06170	0.04669	0.08984	0.05729	0.00754	0.00204	0.00611	0.00670	0.00444	0.10507

[dist]
# distance from previous block
# <min> <max>
12	112

[block]
# block no. 10 follows, 37 sequences, length 36
# corresponding to MSA columns:
# 499-534
name=unknown_K
#
# <colnr> <probs for GDERKNQSTAVLIFYWHMCP>
#	G	D	E	R	K	N	Q	S	T	A	V	L	I	F	Y	W	H	M	C	P
0	0.07293	0.00795	0.00896	0.00819	0.01047	0.00778	0.00626	0.01398	0.07411	0.05074	0.19408	0.05353	0.24235	0.05220	0.05737	0.00263	0.02507	0.00929	0.03013	0.07197
1	0.01434	0.04681	0.10344	0.06048	0.11563	0.01307	0.17289	0.01912	0.08348	0.07505	0.03531	0.03368	0.01340	0.00833	0.00849	0.07055	0.04708	0.02418	0.04681	0.00786
2	0.01452	0.03145	0.09750	0.07790	0.01766	0.01126	0.01088	0.07952	0.01429	0.12104	0.03785	0.15038	0.01737	0.03001	0.00834	0.00203	0.09130	0.02220	0.00456	0.15993
3	0.01242	0.01114	0.01743	0.53682	0.09668	0.01324	0.01517	0.04667	0.07371	0.01828	0.03397	0.04844	0.01218	0.00703	0.00617	0.00201	0.00725	0.00621	0.02787	0.00731
4	0.01532	0.10044	0.14447	0.06974	0.13456	0.11447	0.03977	0.04875	0.01416	0.03353	0.01168	0.03231	0.00977	0.02154	0.00639	0.00172	0.02789	0.00494	0.00332	0.16521
5	0.06852	0.36531	0.04552	0.01293	0.01746	0.22456	0.03314	0.07970	0.01526	0.05140	0.01019	0.01147	0.00838	0.00600	0.00523	0.00157	0.02807	0.00399	0.00337	0.00792
6	0.01196	0.01050	0.01748	0.67607	0.03848	0.01292	0.01590	0.01582	0.01225	0.04507	0.01187	0.01715	0.00904	0.00951	0.06921	0.00269	0.00873	0.00556	0.00296	0.00683
7	0.01393	0.01084	0.01282	0.00922	0.01460	0.00823	0.00740	0.01662	0.01310	0.08107	0.01199	0.01337	0.00958	0.00479	0.00467	0.00099	0.00459	0.00384	0.00396	0.75440
8	0.02278	0.01202	0.07590	0.03688	0.04608	0.00970	0.01047	0.02613	0.04649	0.53173	0.05570	0.04144	0.01679	0.00825	0.00671	0.02478	0.00554	0.00651	0.00654	0.00955
9	0.00813	0.00600	0.00762	0.00830	0.00938	0.00556	0.00614	0.00996	0.01373	0.01818	0.20217	0.34149	0.17262	0.03852	0.00834	0.00243	0.00372	0.12658	0.00586	0.00527
10	0.00933	0.00627	0.00763	0.00772	0.00929	0.00556	0.00562	0.01110	0.01428	0.07949	0.20681	0.29548	0.28795	0.01539	0.00734	0.00216	0.00338	0.01343	0.00609	0.00568
11	0.00921	0.00674	0.00791	0.00774	0.00955	0.00619	0.00585	0.01209	0.05408	0.05039	0.27972	0.11146	0.32655	0.03403	0.00787	0.00219	0.00347	0.05304	0.00609	0.00581
12	0.02228	0.01619	0.01731	0.01338	0.01799	0.01787	0.01102	0.66674	0.02745	0.03726	0.01514	0.01538	0.01085	0.00733	0.00597	0.00180	0.00641	0.00553	0.07409	0.01002
13	0.02327	0.01715	0.01837	0.01408	0.01898	0.01898	0.01163	0.72628	0.02878	0.03858	0.01470	0.01470	0.01041	0.00735	0.00612	0.00184	0.00674	0.00551	0.00612	0.01041
14	0.01523	0.01315	0.01384	0.01246	0.01592	0.01523	0.00969	0.03253	0.73563	0.02561	0.02491	0.02284	0.01869	0.00830	0.00623	0.00208	0.00484	0.00692	0.00623	0.00969
15	0.02327	0.01715	0.01837	0.01408	0.01898	0.01898	0.01163	0.72628	0.02878	0.03858	0.01470	0.01470	0.01041	0.00735	0.00612	0.00184	0.00674	0.00551	0.00612	0.01041
16	0.01063	0.00532	0.00797	0.00797	0.00797	0.00532	0.00532	0.00797	0.00797	0.01063	0.01063	0.01861	0.01063	0.02127	0.02392	0.82190	0.00532	0.00532	0.00266	0.00266
17	0.01618	0.01362	0.01438	0.01265	0.01628	0.01567	0.00992	0.11480	0.65180	0.02714	0.02370	0.02187	0.01770	0.00819	0.00622	0.00205	0.00507	0.00675	0.00622	0.00977
18	0.01617	0.01635	0.21646	0.01179	0.01793	0.00997	0.01187	0.02001	0.01410	0.20304	0.03490	0.01573	0.01160	0.00587	0.00537	0.00147	0.00590	0.00472	0.00442	0.37236
19	0.01637	0.78856	0.03208	0.01047	0.01571	0.02422	0.01047	0.01833	0.01244	0.01440	0.00851	0.00982	0.00786	0.00524	0.00393	0.00131	0.00655	0.00327	0.00262	0.00786
20	0.01228	0.03166	0.75316	0.01745	0.02649	0.01422	0.02262	0.01939	0.01292	0.01939	0.01099	0.01292	0.00775	0.00582	0.00582	0.00194	0.00905	0.00452	0.00258	0.00905
21	0.01660	0.76083	0.03154	0.01067	0.01583	0.05110	0.01052	0.01855	0.01262	0.01442	0.00854	0.00986	0.00786	0.00528	0.00399	0.00132	0.00671	0.00330	0.00264	0.00783
22	0.00890	0.00593	0.00668	0.00668	0.00668	0.00593	0.00371	0.00890	0.00890	0.01187	0.01929	0.04006	0.02225	0.78487	0.03116	0.00593	0.00593	0.00890	0.00371	0.00371
23	0.53650	0.06708	0.01316	0.01007	0.01379	0.01580	0.00841	0.13022	0.04656	0.02712	0.01020	0.01157	0.00799	0.00647	0.00569	0.00192	0.07191	0.00400	0.00409	0.00746
24	0.00770	0.00597	0.00703	0.00740	0.00878	0.00530	0.00538	0.00944	0.01402	0.01809	0.20353	0.27866	0.35367	0.01601	0.00745	0.00219	0.00327	0.03495	0.00592	0.00526
25	0.00746	0.00533	0.00710	0.00852	0.00888	0.00497	0.00568	0.00852	0.01172	0.01563	0.03374	0.78088	0.04049	0.01918	0.00781	0.00249	0.00355	0.01740	0.00568	0.00497
26	0.00796	0.00556	0.00702	0.00792	0.00822	0.00530	0.00508	0.00878	0.01111	0.01488	0.06178	0.51997	0.03568	0.25377	0.01495	0.00352	0.00425	0.01450	0.00513	0.00462
27	0.01783	0.35844	0.07664	0.03286	0.05492	0.03885	0.07621	0.10917	0.04121	0.09795	0.01229	0.01345	0.00957	0.00612	0.00564	0.00167	0.03006	0.00468	0.00380	0.00864
28	0.02746	0.01042	0.01421	0.01089	0.01563	0.00900	0.00900	0.02983	0.01752	0.75093	0.02415	0.02083	0.01515	0.00758	0.00616	0.00189	0.00521	0.00616	0.00758	0.01042
29	0.00746	0.00533	0.00710	0.00852	0.00888	0.00497	0.00568	0.00852	0.01172	0.01563	0.03374	0.78088	0.04049	0.01918	0.00781	0.00249	0.00355	0.01740	0.00568	0.00497
30	0.01153	0.03420	0.14579	0.06568	0.01589	0.00943	0.01025	0.01635	0.08335	0.07504	0.30502	0.05667	0.12539	0.01045	0.00664	0.00197	0.00490	0.00893	0.00542	0.00711
31	0.01322	0.01280	0.07145	0.06554	0.06152	0.03042	0.16818	0.01766	0.08174	0.08242	0.02189	0.24784	0.04054	0.01059	0.00754	0.00217	0.04274	0.00974	0.00455	0.00745
32	0.00807	0.00574	0.00759	0.00836	0.00896	0.00570	0.00577	0.00940	0.01139	0.01559	0.06638	0.45183	0.05611	0.11796	0.16276	0.00432	0.00637	0.01333	0.02938	0.00499
33	0.01624	0.53136	0.14790	0.01285	0.01847	0.05568	0.04136	0.06015	0.01369	0.01687	0.00946	0.01104	0.00805	0.00566	0.00504	0.00153	0.02978	0.00386	0.00286	0.00815
34	0.09665	0.01657	0.17202	0.04080	0.13232	0.01324	0.06258	0.07100	0.10802	0.14543	0.01642	0.04985	0.01254	0.00705	0.00594	0.00194	0.00666	0.00601	0.02605	0.00893
35	0.01422	0.03373	0.04101	0.31096	0.14817	0.03331	0.01380	0.04997	0.03494	0.09085	0.04811	0.08311	0.04133	0.00797	0.00622	0.00197	0.00673	0.00695	0.01893	0.00773

[dist]
# distance from previous block
# <min> <max>
0	13

[block]
# block no. 11 follows, 37 sequences, length 30
# corresponding to MSA columns:
# 571-598,604,605
name=unknown_L
#
# <colnr> <probs for GDERKNQSTAVLIFYWHMCP>
#	G	D	E	R	K	N	Q	S	T	A	V	L	I	F	Y	W	H	M	C	P
0	0.12719	0.11851	0.16195	0.07450	0.02002	0.02800	0.03712	0.11199	0.05812	0.08333	0.01527	0.03699	0.04000	0.00729	0.00644	0.00191	0.05353	0.00551	0.00411	0.00824
1	0.14050	0.01243	0.06924	0.01160	0.04621	0.05473	0.00892	0.04610	0.11099	0.01927	0.01863	0.09318	0.04122	0.19339	0.06952	0.00354	0.04236	0.00740	0.00418	0.00659
2	0.01206	0.01071	0.01366	0.07565	0.01695	0.02950	0.05178	0.01551	0.04972	0.01930	0.05804	0.13544	0.01720	0.00770	0.00562	0.00146	0.00514	0.00676	0.00414	0.46367
3	0.11262	0.04845	0.04710	0.21949	0.12612	0.19420	0.01327	0.03159	0.01384	0.01833	0.01169	0.05921	0.01014	0.00667	0.00558	0.00179	0.00774	0.00529	0.00329	0.06358
4	0.00876	0.00613	0.00759	0.00769	0.00904	0.00553	0.00554	0.01066	0.01457	0.04990	0.31506	0.26678	0.21242	0.04180	0.00819	0.00226	0.00334	0.01312	0.00610	0.00551
5	0.00806	0.00582	0.00767	0.00849	0.00935	0.00544	0.00612	0.00986	0.01368	0.01850	0.23656	0.46035	0.07683	0.01687	0.00769	0.00234	0.00357	0.09155	0.00598	0.00528
6	0.00907	0.00612	0.00771	0.00741	0.00879	0.00572	0.00552	0.01185	0.01629	0.02380	0.58557	0.07920	0.04980	0.01195	0.00675	0.00187	0.00292	0.01049	0.14346	0.00572
7	0.01170	0.00688	0.00863	0.00798	0.00990	0.00617	0.00594	0.01376	0.01529	0.15373	0.32916	0.12364	0.18446	0.08385	0.00929	0.00238	0.00371	0.01104	0.00628	0.00622
8	0.00851	0.00625	0.00797	0.00754	0.00905	0.00571	0.00566	0.01126	0.01697	0.02371	0.67198	0.04711	0.12976	0.01283	0.00722	0.00194	0.00291	0.01126	0.00663	0.00571
9	0.01523	0.01315	0.01384	0.01246	0.01592	0.01523	0.00969	0.03253	0.73563	0.02561	0.02491	0.02284	0.01869	0.00830	0.00623	0.00208	0.00484	0.00692	0.00623	0.00969
10	0.82811	0.01184	0.00900	0.00805	0.01184	0.01373	0.00663	0.01799	0.01042	0.02746	0.00852	0.00994	0.00663	0.00568	0.00379	0.00189	0.00474	0.00331	0.00379	0.00663
11	0.01455	0.01386	0.02339	0.03504	0.68579	0.01379	0.01766	0.01807	0.01407	0.02003	0.04237	0.01824	0.04342	0.00617	0.00616	0.00183	0.00692	0.00600	0.00329	0.00935
12	0.82811	0.01184	0.00900	0.00805	0.01184	0.01373	0.00663	0.01799	0.01042	0.02746	0.00852	0.00994	0.00663	0.00568	0.00379	0.00189	0.00474	0.00331	0.00379	0.00663
13	0.01267	0.01215	0.05789	0.00958	0.01524	0.00853	0.00819	0.01566	0.01271	0.01991	0.01089	0.01271	0.00899	0.00461	0.00461	0.00097	0.00481	0.00368	0.00356	0.77266
14	0.01159	0.05864	0.05255	0.01727	0.02107	0.01154	0.34601	0.01495	0.01320	0.01770	0.02118	0.31324	0.02227	0.01109	0.00725	0.00221	0.00723	0.03998	0.00415	0.00689
15	0.01443	0.01381	0.02355	0.18353	0.60632	0.01436	0.01843	0.01816	0.01360	0.01913	0.01139	0.01538	0.00939	0.00559	0.00607	0.00186	0.00745	0.00545	0.00297	0.00912
16	0.02010	0.12603	0.24637	0.05931	0.02074	0.01334	0.01400	0.04616	0.01542	0.35357	0.01677	0.01637	0.01126	0.00661	0.00574	0.00183	0.00681	0.00518	0.00499	0.00941
17	0.01205	0.00975	0.03883	0.09303	0.06024	0.01026	0.01123	0.01464	0.01243	0.07572	0.02093	0.07420	0.02091	0.04972	0.12668	0.00375	0.12101	0.23375	0.00435	0.00652
18	0.00877	0.00644	0.00925	0.00925	0.01014	0.00733	0.00692	0.01055	0.00966	0.01377	0.01693	0.02702	0.01660	0.18328	0.62501	0.00911	0.01445	0.00699	0.00336	0.00514
19	0.01014	0.01551	0.25687	0.04846	0.01858	0.00959	0.07853	0.01403	0.01319	0.01845	0.11027	0.29845	0.02717	0.01194	0.00698	0.00219	0.00622	0.04218	0.00441	0.00683
20	0.01664	0.09773	0.27736	0.07712	0.08264	0.08231	0.04377	0.02088	0.01401	0.14628	0.01287	0.01444	0.00939	0.00624	0.00633	0.00183	0.04111	0.00489	0.00363	0.04054
21	0.01364	0.01204	0.02029	0.27509	0.34845	0.01279	0.04651	0.01726	0.01362	0.05103	0.05589	0.04789	0.01366	0.00677	0.00620	0.00192	0.00703	0.00636	0.03541	0.00813
22	0.00879	0.00645	0.00733	0.00731	0.00924	0.00573	0.00564	0.01068	0.01406	0.05156	0.11332	0.08176	0.48694	0.01671	0.05320	0.00258	0.00423	0.07537	0.03357	0.00554
23	0.01853	0.01393	0.05169	0.26914	0.09355	0.03038	0.06896	0.14184	0.01691	0.21134	0.01513	0.01685	0.01056	0.00656	0.00618	0.00193	0.00734	0.00570	0.00462	0.00884
24	0.01551	0.08318	0.25057	0.02907	0.05694	0.01445	0.19228	0.02112	0.06820	0.12410	0.01497	0.04890	0.01155	0.00678	0.00670	0.00197	0.03494	0.00615	0.00387	0.00873
25	0.01009	0.00724	0.03454	0.04303	0.01206	0.00639	0.00761	0.01183	0.01256	0.08521	0.03028	0.51739	0.03407	0.04667	0.00852	0.00257	0.00450	0.11416	0.00554	0.00575
26	0.05470	0.07917	0.08121	0.08929	0.09438	0.13381	0.08973	0.08575	0.03786	0.10153	0.01279	0.01451	0.00964	0.00619	0.00602	0.00177	0.02407	0.00505	0.00392	0.06862
27	0.00859	0.00703	0.03682	0.00875	0.00978	0.00600	0.00642	0.00992	0.01139	0.01539	0.02775	0.43985	0.03221	0.20907	0.01345	0.00327	0.00466	0.09205	0.00494	0.05267
28	0.01589	0.05364	0.03576	0.11698	0.26283	0.02674	0.09355	0.10606	0.07417	0.05423	0.04334	0.01700	0.01229	0.00631	0.00606	0.00182	0.00709	0.00578	0.00400	0.05649
29	0.01331	0.01395	0.04730	0.32314	0.05908	0.08361	0.01455	0.03835	0.01240	0.01633	0.01170	0.05983	0.01044	0.01003	0.04509	0.00254	0.22234	0.00600	0.00306	0.00696

[dist]
# distance from previous block
# <min> <max>
0	2

[block]
# block no. 12 follows, 37 sequences, length 63
# corresponding to MSA columns:
# 608-616,618-655,663-678
name=unknown_M
#
# <colnr> <probs for GDERKNQSTAVLIFYWHMCP>
#	G	D	E	R	K	N	Q	S	T	A	V	L	I	F	Y	W	H	M	C	P
0	0.00803	0.00623	0.00730	0.00703	0.00876	0.00551	0.00528	0.01032	0.01583	0.02098	0.44044	0.05159	0.36300	0.01384	0.00723	0.00199	0.00298	0.01189	0.00627	0.00551
1	0.05297	0.03362	0.01536	0.33509	0.02577	0.03568	0.01195	0.04215	0.01459	0.19435	0.07809	0.02059	0.03254	0.00740	0.00624	0.00192	0.02264	0.00608	0.05534	0.00762
2	0.00838	0.00638	0.00699	0.00675	0.00877	0.00547	0.00509	0.01029	0.01490	0.04770	0.22390	0.05423	0.55058	0.01447	0.00719	0.00203	0.00313	0.01221	0.00601	0.00552
3	0.05029	0.01186	0.03727	0.08982	0.09914	0.01143	0.07816	0.02259	0.08141	0.27995	0.06140	0.02240	0.03140	0.00773	0.00667	0.00197	0.03115	0.02690	0.03977	0.00868
4	0.01504	0.01280	0.01345	0.01214	0.01550	0.01477	0.00943	0.03166	0.70129	0.02547	0.02468	0.02284	0.01854	0.00825	0.00614	0.00205	0.00475	0.00686	0.04484	0.00950
5	0.01063	0.00657	0.00854	0.00898	0.01050	0.00603	0.00685	0.01244	0.01371	0.11296	0.08030	0.35950	0.15684	0.01614	0.00760	0.00238	0.00410	0.16402	0.00598	0.00591
6	0.01063	0.00532	0.00797	0.00797	0.00797	0.00532	0.00532	0.00797	0.00797	0.01063	0.01063	0.01861	0.01063	0.02127	0.02392	0.82190	0.00532	0.00532	0.00266	0.00266
7	0.00757	0.00540	0.00723	0.00865	0.00905	0.00506	0.00587	0.00871	0.01183	0.01575	0.03368	0.74899	0.04025	0.01908	0.00784	0.00250	0.00364	0.04822	0.00568	0.00500
8	0.01400	0.02620	0.52752	0.01681	0.02455	0.01415	0.07354	0.05530	0.08272	0.05570	0.01322	0.01459	0.00944	0.00611	0.00594	0.00191	0.00827	0.00505	0.00342	0.04156
9	0.02183	0.01076	0.01379	0.01085	0.01514	0.00995	0.00883	0.05884	0.08000	0.45441	0.05355	0.02056	0.01606	0.00928	0.04184	0.00215	0.02692	0.00603	0.00641	0.13281
10	0.05780	0.04018	0.15906	0.04047	0.08343	0.03907	0.01365	0.30320	0.03439	0.11520	0.01616	0.01662	0.03921	0.00705	0.00592	0.00186	0.00694	0.00550	0.00492	0.00939
11	0.01618	0.75465	0.06438	0.01079	0.01619	0.02377	0.01102	0.01838	0.01246	0.01462	0.00862	0.00996	0.00785	0.00526	0.00401	0.00134	0.00666	0.00333	0.00262	0.00791
12	0.00874	0.00656	0.00984	0.00984	0.01093	0.00765	0.00765	0.01093	0.00984	0.01421	0.01640	0.02405	0.01530	0.04591	0.76062	0.00984	0.01640	0.00656	0.00328	0.00547
13	0.01392	0.01059	0.01249	0.00906	0.01425	0.00811	0.00726	0.01662	0.01312	0.08392	0.01248	0.01390	0.00992	0.00493	0.00466	0.00102	0.00451	0.00395	0.04353	0.71177
14	0.01105	0.00767	0.01065	0.11060	0.06007	0.00767	0.00833	0.03756	0.01377	0.08211	0.09067	0.37349	0.09567	0.01368	0.00700	0.00217	0.00451	0.01216	0.04486	0.00629
15	0.00785	0.00567	0.00748	0.00857	0.00926	0.00530	0.00606	0.00936	0.01283	0.01716	0.13274	0.57556	0.07525	0.01786	0.00777	0.00242	0.00364	0.08422	0.00582	0.00516
16	0.00759	0.00548	0.00719	0.00832	0.00888	0.00508	0.00565	0.00890	0.01249	0.01674	0.12017	0.65995	0.07445	0.01821	0.00772	0.00240	0.00345	0.01644	0.00581	0.00508
17	0.59754	0.01143	0.01050	0.00887	0.01293	0.01237	0.00731	0.02140	0.01246	0.23581	0.01302	0.01308	0.00908	0.00623	0.00447	0.00189	0.00487	0.00413	0.00488	0.00772
18	0.02019	0.01356	0.04753	0.01145	0.01556	0.01348	0.00970	0.37292	0.03717	0.15477	0.01775	0.01798	0.01267	0.00728	0.00563	0.00175	0.00552	0.00566	0.22034	0.00909
19	0.02514	0.01051	0.01382	0.01082	0.01519	0.00949	0.00891	0.08558	0.01816	0.60985	0.05603	0.02287	0.01727	0.00802	0.00619	0.00190	0.00515	0.02574	0.03947	0.00989
20	0.01633	0.76370	0.03149	0.01054	0.01572	0.02393	0.01045	0.01878	0.03563	0.01476	0.00904	0.01024	0.00820	0.00534	0.00400	0.00133	0.00649	0.00339	0.00273	0.00791
21	0.00784	0.00552	0.00720	0.00821	0.00883	0.00515	0.00561	0.00930	0.01276	0.01748	0.15352	0.60711	0.05720	0.01743	0.00754	0.00233	0.00340	0.01571	0.04272	0.00515
22	0.82811	0.01184	0.00900	0.00805	0.01184	0.01373	0.00663	0.01799	0.01042	0.02746	0.00852	0.00994	0.00663	0.00568	0.00379	0.00189	0.00474	0.00331	0.00379	0.00663
