[name]
unknown

[dist]
# distance from previous block
# <min> <max>
5	235

[block]
# block no. 0 follows, 39 sequences, length 76
# corresponding to MSA columns:
# 254-329
name=unknown_A
#
# <colnr> <probs for GDERKNQSTAVLIFYWHMCP>
#	G	D	E	R	K	N	Q	S	T	A	V	L	I	F	Y	W	H	M	C	P
0	0.16836	0.20882	0.06523	0.01127	0.01578	0.11812	0.01003	0.13311	0.01546	0.12992	0.01204	0.01307	0.00922	0.02740	0.00549	0.00171	0.00649	0.00425	0.00411	0.04013
1	0.04230	0.01638	0.10792	0.17108	0.02221	0.09306	0.01258	0.20850	0.06155	0.05071	0.01303	0.01526	0.00990	0.02790	0.00673	0.00188	0.03496	0.00503	0.03283	0.06620
2	0.01362	0.00788	0.01011	0.00900	0.01066	0.00777	0.00657	0.12418	0.01257	0.09311	0.01496	0.09884	0.01408	0.04915	0.01587	0.42687	0.00513	0.00650	0.00400	0.06915
3	0.28849	0.01206	0.01274	0.01049	0.01412	0.01318	0.00854	0.14869	0.07154	0.10922	0.01336	0.03484	0.01045	0.00767	0.02158	0.00195	0.08752	0.00486	0.00457	0.12413
4	0.01454	0.20507	0.17300	0.01378	0.01861	0.14272	0.09660	0.04024	0.06218	0.01788	0.06784	0.03932	0.06942	0.00722	0.00558	0.00171	0.00730	0.00588	0.00358	0.00752
5	0.01564	0.07368	0.02841	0.02037	0.05687	0.01401	0.45387	0.01962	0.01390	0.11962	0.01294	0.01551	0.00961	0.00538	0.00654	0.00180	0.02559	0.00606	0.00359	0.09700
6	0.01027	0.00514	0.00770	0.00770	0.00770	0.00514	0.00514	0.00770	0.00770	0.01027	0.01027	0.01798	0.01027	0.02054	0.02311	0.82794	0.00514	0.00514	0.00257	0.00257
7	0.01500	0.01406	0.02332	0.06704	0.67580	0.01429	0.01762	0.06515	0.01434	0.02032	0.01130	0.01466	0.00935	0.00542	0.00586	0.00177	0.00703	0.00527	0.00311	0.00929
8	0.00784	0.00600	0.00719	0.00694	0.00852	0.00535	0.00519	0.01011	0.01540	0.02067	0.48163	0.07125	0.30580	0.01332	0.00700	0.00193	0.00288	0.01152	0.00611	0.00535
9	0.00721	0.00515	0.00686	0.00823	0.00858	0.00480	0.00549	0.00823	0.01132	0.01510	0.03259	0.78831	0.03911	0.01853	0.00755	0.00240	0.00343	0.01681	0.00549	0.00480
10	0.00747	0.00601	0.00666	0.00650	0.00828	0.00520	0.00487	0.00942	0.01462	0.01867	0.30127	0.05247	0.50983	0.01397	0.00698	0.00195	0.00292	0.01186	0.00585	0.00520
11	0.00843	0.00628	0.00931	0.00951	0.01053	0.00715	0.00740	0.01050	0.00993	0.01411	0.01821	0.08447	0.01800	0.04040	0.65698	0.00848	0.01416	0.05738	0.00351	0.00526
12	0.01581	0.79572	0.03099	0.01012	0.01518	0.02340	0.01012	0.01771	0.01202	0.01391	0.00822	0.00949	0.00759	0.00506	0.00379	0.00126	0.00632	0.00316	0.00253	0.00759
13	0.01499	0.01352	0.07280	0.15061	0.14156	0.03840	0.01267	0.04303	0.11962	0.11076	0.06281	0.01781	0.01372	0.00674	0.00645	0.00177	0.04650	0.00556	0.00422	0.11647
14	0.01255	0.01033	0.03088	0.01248	0.05070	0.00987	0.09081	0.01449	0.01129	0.07950	0.02612	0.02302	0.01423	0.26705	0.02862	0.00316	0.11457	0.00630	0.00366	0.19037
15	0.03903	0.00721	0.00729	0.00669	0.00860	0.00751	0.00518	0.11246	0.01443	0.02427	0.01824	0.02058	0.01418	0.00687	0.00436	0.00145	0.00333	0.00541	0.68675	0.00616
16	0.01124	0.01066	0.01820	0.75780	0.04047	0.01319	0.03563	0.01521	0.01188	0.01521	0.01055	0.01577	0.00791	0.00589	0.00594	0.00197	0.00794	0.00530	0.00264	0.00661
17	0.03578	0.39489	0.08039	0.01213	0.01692	0.03909	0.01145	0.22931	0.01670	0.04143	0.01056	0.01166	0.00848	0.00617	0.00576	0.00159	0.06152	0.00412	0.00369	0.00835
18	0.00710	0.00593	0.00619	0.00626	0.00809	0.00502	0.00465	0.00866	0.01355	0.01646	0.10689	0.11161	0.64923	0.01504	0.00703	0.00202	0.00301	0.01268	0.00556	0.00502
19	0.00730	0.00592	0.00650	0.00676	0.00842	0.00513	0.00506	0.00891	0.01343	0.01656	0.10797	0.16399	0.54648	0.01536	0.00715	0.00209	0.00320	0.05916	0.00557	0.00504
20	0.02287	0.01594	0.01736	0.01331	0.01803	0.01741	0.01100	0.66763	0.02676	0.10668	0.01508	0.01477	0.01050	0.00712	0.00592	0.00178	0.00637	0.00538	0.00605	0.01006
21	0.01245	0.01081	0.01274	0.00943	0.01420	0.00900	0.00756	0.01579	0.05380	0.01923	0.01109	0.01287	0.00922	0.00501	0.00554	0.00106	0.05945	0.00380	0.00358	0.72338
22	0.00715	0.00549	0.00654	0.00734	0.00835	0.00489	0.00510	0.00839	0.01228	0.01562	0.05830	0.48811	0.31721	0.01701	0.00732	0.00223	0.00325	0.01500	0.00551	0.00489
23	0.00820	0.00553	0.00727	0.00820	0.00878	0.00521	0.00562	0.00939	0.01173	0.03905	0.08533	0.57954	0.03730	0.10600	0.01007	0.00274	0.00381	0.05591	0.00540	0.00493
24	0.01721	0.01537	0.01877	0.02142	0.28566	0.07639	0.01317	0.21842	0.15114	0.02473	0.01405	0.01534	0.01092	0.00641	0.00610	0.00175	0.02621	0.00530	0.00436	0.06731
25	0.00923	0.00600	0.00794	0.00795	0.00918	0.00552	0.00577	0.01135	0.01478	0.07271	0.43859	0.31334	0.04681	0.01410	0.00711	0.00206	0.00318	0.01259	0.00620	0.00562
26	0.04959	0.01505	0.01952	0.01542	0.01868	0.07309	0.12964	0.19602	0.03466	0.09094	0.01215	0.01431	0.00941	0.00755	0.01010	0.00202	0.24861	0.00536	0.00412	0.04376
27	0.07744	0.02181	0.37691	0.04203	0.08980	0.01382	0.17187	0.01978	0.06097	0.05191	0.01220	0.01426	0.00891	0.00568	0.00583	0.00190	0.00807	0.00517	0.00318	0.00848
28	0.00721	0.00515	0.00686	0.00823	0.00858	0.00480	0.00549	0.00823	0.01132	0.01510	0.03259	0.78831	0.03911	0.01853	0.00755	0.00240	0.00343	0.01681	0.00549	0.00480
29	0.01117	0.01051	0.01774	0.77795	0.04073	0.01314	0.01642	0.01511	0.01182	0.01511	0.01051	0.01577	0.00788	0.00591	0.00591	0.00197	0.00788	0.00526	0.00263	0.00657
30	0.01662	0.01430	0.04940	0.17261	0.35650	0.01447	0.01560	0.18856	0.01677	0.07899	0.01264	0.01509	0.00957	0.00600	0.00588	0.00181	0.00699	0.00530	0.00389	0.00901
31	0.01218	0.01167	0.01867	0.27334	0.29263	0.04140	0.05547	0.01532	0.01263	0.01683	0.01541	0.17760	0.01504	0.00828	0.00627	0.00197	0.00686	0.00773	0.00338	0.00731
32	0.83394	0.01144	0.00869	0.00778	0.01144	0.01327	0.00640	0.01738	0.01006	0.02653	0.00823	0.00961	0.00640	0.00549	0.00366	0.00183	0.00457	0.00320	0.00366	0.00640
33	0.00960	0.00633	0.00823	0.00760	0.00924	0.00577	0.00575	0.01230	0.01661	0.07551	0.67042	0.04302	0.08318	0.01188	0.00690	0.00186	0.00296	0.01044	0.00652	0.00587
34	0.01471	0.01270	0.01337	0.01203	0.01538	0.01471	0.00936	0.03142	0.74459	0.02474	0.02407	0.02206	0.01805	0.00802	0.00602	0.00201	0.00468	0.00669	0.00602	0.00936
35	0.00721	0.00515	0.00686	0.00823	0.00858	0.00480	0.00549	0.00823	0.01132	0.01510	0.03259	0.78831	0.03911	0.01853	0.00755	0.00240	0.00343	0.01681	0.00549	0.00480
36	0.01284	0.01280	0.01793	0.01540	0.01542	0.01788	0.01282	0.01415	0.00907	0.01422	0.00794	0.01316	0.00791	0.01108	0.03544	0.00274	0.76497	0.00520	0.00260	0.00644
37	0.00970	0.00625	0.00856	0.00958	0.01069	0.00598	0.00751	0.01157	0.01276	0.07281	0.03133	0.41250	0.03502	0.01671	0.00770	0.00250	0.00444	0.32331	0.00561	0.00549
38	0.01057	0.00636	0.00841	0.00873	0.01012	0.00570	0.00626	0.01198	0.01233	0.12628	0.02948	0.58365	0.03294	0.01569	0.00710	0.00221	0.00383	0.04455	0.00561	0.06821
39	0.00715	0.00537	0.00663	0.00764	0.00842	0.00485	0.00523	0.00830	0.01189	0.01533	0.03982	0.59474	0.22802	0.01759	0.00740	0.00229	0.00332	0.01567	0.00549	0.00485
40	0.01544	0.33773	0.25653	0.01303	0.01878	0.08357	0.01383	0.03399	0.06115	0.04923	0.01093	0.01211	0.00864	0.00581	0.00531	0.00159	0.03222	0.00407	0.00310	0.03294
41	0.02097	0.01665	0.01699	0.01355	0.01788	0.08623	0.02403	0.49749	0.16149	0.05953	0.01590	0.01561	0.01149	0.00715	0.00590	0.00180	0.00655	0.00550	0.00567	0.00959
42	0.01554	0.14552	0.34334	0.01367	0.02014	0.07337	0.01490	0.09735	0.01470	0.07222	0.01140	0.01256	0.00849	0.00567	0.00518	0.00159	0.00736	0.00422	0.00341	0.12937
43	0.01117	0.01051	0.01774	0.77795	0.04073	0.01314	0.01642	0.01511	0.01182	0.01511	0.01051	0.01577	0.00788	0.00591	0.00591	0.00197	0.00788	0.00526	0.00263	0.00657
44	0.04336	0.26168	0.43237	0.01480	0.02183	0.01679	0.06396	0.01891	0.04267	0.01781	0.01044	0.01209	0.00802	0.00550	0.00510	0.00170	0.00776	0.00423	0.00273	0.00828
45	0.05259	0.05564	0.10135	0.01082	0.01611	0.01088	0.00988	0.08667	0.01532	0.29187	0.01534	0.01509	0.01072	0.00593	0.00518	0.00148	0.00543	0.00463	0.00496	0.28009
46	0.00730	0.00594	0.00647	0.00647	0.00821	0.00510	0.00480	0.00904	0.01401	0.01757	0.20632	0.10978	0.54910	0.01463	0.00703	0.00200	0.00298	0.01243	0.00571	0.00510
47	0.07534	0.01071	0.01211	0.00896	0.01394	0.00877	0.00717	0.01661	0.06036	0.04396	0.01164	0.01296	0.00938	0.00480	0.00448	0.00105	0.00444	0.00377	0.00380	0.68575
48	0.19115	0.59753	0.05481	0.00988	0.01478	0.02085	0.00978	0.01768	0.01162	0.01681	0.00832	0.00963	0.00733	0.00517	0.00384	0.00141	0.00604	0.00322	0.00277	0.00738
49	0.00837	0.00604	0.00790	0.00744	0.00883	0.00558	0.00558	0.01116	0.01674	0.02371	0.75216	0.04417	0.05580	0.01209	0.00697	0.00186	0.00279	0.01069	0.00651	0.00558
50	0.01399	0.01244	0.07113	0.00984	0.01528	0.00909	0.00857	0.06360	0.01366	0.07667	0.01174	0.01301	0.00919	0.00488	0.00470	0.00109	0.00491	0.00388	0.00387	0.64848
51	0.07702	0.00959	0.01257	0.00991	0.01397	0.00855	0.00810	0.02558	0.01645	0.60748	0.12512	0.02283	0.01990	0.00787	0.00594	0.00183	0.00469	0.00644	0.00696	0.00919
52	0.00776	0.00602	0.00706	0.00680	0.00846	0.00532	0.00510	0.00998	0.01530	0.02030	0.44666	0.04980	0.36343	0.01336	0.00698	0.00192	0.00288	0.01148	0.00606	0.00532
53	0.00845	0.00634	0.00950	0.00950	0.01056	0.00739	0.00739	0.01056	0.00950	0.01373	0.01584	0.02323	0.01478	0.04435	0.76873	0.00950	0.01584	0.00634	0.00317	0.00528
54	0.00839	0.00567	0.00661	0.00677	0.00692	0.00559	0.00399	0.00873	0.00956	0.01285	0.07259	0.14532	0.02643	0.62726	0.02527	0.00499	0.00520	0.00991	0.00406	0.00390
55	0.01011	0.00614	0.00757	0.00717	0.00870	0.00571	0.00534	0.01257	0.01496	0.07404	0.42801	0.08689	0.07609	0.04171	0.00722	0.00195	0.00311	0.00962	0.18738	0.00572
56	0.01267	0.02094	0.36881	0.14486	0.02716	0.01338	0.16028	0.01912	0.07412	0.04221	0.03660	0.02937	0.01107	0.00623	0.00606	0.00193	0.00810	0.00570	0.00325	0.00815
57	0.01383	0.01046	0.01242	0.00895	0.01413	0.00797	0.00719	0.01642	0.01278	0.10073	0.01192	0.01313	0.00941	0.00470	0.00455	0.00098	0.00445	0.00377	0.00392	0.73825
58	0.01561	0.01364	0.01384	0.01229	0.01572	0.04620	0.00959	0.08462	0.65997	0.02527	0.02270	0.02099	0.01701	0.00787	0.00598	0.00197	0.00507	0.00646	0.00589	0.00931
59	0.01404	0.02854	0.19901	0.19868	0.08781	0.01207	0.02428	0.03349	0.04663	0.11194	0.01412	0.05964	0.01121	0.00665	0.00592	0.00179	0.01837	0.00562	0.00372	0.11647
60	0.01826	0.05620	0.33725	0.01472	0.03215	0.01320	0.05030	0.10984	0.02747	0.25957	0.01533	0.01537	0.01038	0.00632	0.00575	0.00183	0.00713	0.00512	0.00456	0.00926
61	0.02242	0.02653	0.01657	0.01485	0.01806	0.69085	0.01123	0.04652	0.01712	0.06798	0.01031	0.01145	0.00819	0.00621	0.00539	0.00155	0.01013	0.00401	0.00344	0.00718
62	0.00920	0.00602	0.00768	0.00798	0.00918	0.00553	0.00578	0.01086	0.01333	0.07380	0.20810	0.34399	0.13715	0.07030	0.00886	0.00243	0.00365	0.06506	0.00574	0.00538
63	0.01700	0.17175	0.13792	0.08902	0.07909	0.01482	0.14198	0.03506	0.02497	0.19712	0.01371	0.01502	0.00990	0.00596	0.00589	0.00178	0.02140	0.00520	0.00393	0.00853
64	0.01032	0.00944	0.01529	0.56692	0.03245	0.01118	0.02589	0.01370	0.01216	0.01546	0.01966	0.07292	0.10767	0.00854	0.00632	0.00205	0.00685	0.05360	0.00337	0.00621
65	0.00714	0.00589	0.00620	0.00634	0.00804	0.00503	0.00462	0.00859	0.01320	0.01607	0.08840	0.13999	0.60838	0.04568	0.00796	0.00218	0.00314	0.01274	0.00547	0.00494
66	0.01622	0.00783	0.01003	0.00848	0.01145	0.00682	0.00671	0.01841	0.01587	0.35493	0.22816	0.05121	0.21762	0.01080	0.00652	0.00189	0.00387	0.00913	0.00659	0.00744
67	0.04400	0.02820	0.05859	0.05632	0.10989	0.03912	0.18129	0.24465	0.03297	0.10771	0.01412	0.03170	0.01055	0.00643	0.00606	0.00185	0.00736	0.00585	0.00447	0.00887
68	0.01581	0.79572	0.03099	0.01012	0.01518	0.02340	0.01012	0.01771	0.01202	0.01391	0.00822	0.00949	0.00759	0.00506	0.00379	0.00126	0.00632	0.00316	0.00253	0.00759
69	0.02974	0.00663	0.00732	0.00684	0.00874	0.00644	0.00522	0.04137	0.01374	0.10967	0.07175	0.08777	0.07684	0.00884	0.00509	0.00162	0.00328	0.00731	0.49563	0.00615
70	0.05740	0.01514	0.07611	0.01389	0.05766	0.06244	0.03080	0.20799	0.05341	0.33804	0.01743	0.01659	0.01179	0.00682	0.00580	0.00181	0.00629	0.00543	0.00571	0.00946
71	0.01424	0.01397	0.02184	0.15862	0.44934	0.06291	0.07066	0.04355	0.01381	0.01861	0.01259	0.06948	0.01110	0.00642	0.00604	0.00184	0.00736	0.00612	0.00318	0.00832
72	0.18104	0.09219	0.23828	0.14095	0.02299	0.09577	0.05493	0.01907	0.01272	0.07511	0.01077	0.01275	0.00799	0.00573	0.00517	0.00179	0.00752	0.00438	0.00321	0.00765
73	0.00721	0.00515	0.00686	0.00823	0.00858	0.00480	0.00549	0.00823	0.01132	0.01510	0.03259	0.78831	0.03911	0.01853	0.00755	0.00240	0.00343	0.01681	0.00549	0.00480
74	0.00845	0.00634	0.00950	0.00950	0.01056	0.00739	0.00739	0.01056	0.00950	0.01373	0.01584	0.02323	0.01478	0.04435	0.76873	0.00950	0.01584	0.00634	0.00317	0.00528
75	0.16846	0.07026	0.01658	0.01203	0.01651	0.03083	0.03154	0.36986	0.07696	0.07737	0.01364	0.01388	0.00997	0.00648	0.00528	0.00171	0.00595	0.00483	0.00506	0.06280

[dist]
# distance from previous block
# <min> <max>
0	1

[block]
# block no. 1 follows, 39 sequences, length 27
# corresponding to MSA columns:
# 331-357
name=unknown_B
#
# <colnr> <probs for GDERKNQSTAVLIFYWHMCP>
#	G	D	E	R	K	N	Q	S	T	A	V	L	I	F	Y	W	H	M	C	P
0	0.04887	0.07061	0.01635	0.09389	0.04083	0.05204	0.01055	0.17861	0.09845	0.24577	0.01665	0.01663	0.01177	0.00693	0.00604	0.00180	0.03126	0.00535	0.03879	0.00881
1	0.01462	0.00760	0.00984	0.00878	0.01127	0.00686	0.00688	0.03513	0.01574	0.27039	0.25338	0.13533	0.13034	0.01185	0.00675	0.00199	0.00393	0.05586	0.00643	0.00702
2	0.01219	0.01179	0.01650	0.01435	0.01448	0.01621	0.01181	0.01351	0.00909	0.01403	0.00927	0.01547	0.00929	0.05403	0.10890	0.00357	0.65114	0.00549	0.00271	0.00618
3	0.00765	0.00551	0.00673	0.00739	0.00835	0.00503	0.00517	0.00920	0.01276	0.01723	0.15316	0.44481	0.19906	0.01578	0.00706	0.00214	0.00318	0.01397	0.07080	0.00503
4	0.02072	0.02591	0.01606	0.01460	0.01730	0.68167	0.01091	0.02213	0.01584	0.01424	0.00978	0.01282	0.00864	0.06409	0.00773	0.00188	0.04179	0.00422	0.00307	0.00660
5	0.00863	0.00560	0.00664	0.00680	0.00683	0.00556	0.00398	0.00846	0.00880	0.01174	0.01925	0.12087	0.02220	0.61621	0.02675	0.09987	0.00540	0.00913	0.00368	0.00360
6	0.01937	0.01120	0.01325	0.01061	0.01451	0.01110	0.00857	0.19513	0.11362	0.28887	0.11675	0.02318	0.05157	0.00809	0.00597	0.00177	0.00486	0.00661	0.02572	0.06925
7	0.01747	0.01285	0.04541	0.07290	0.01778	0.01333	0.01056	0.25833	0.15662	0.14037	0.01739	0.01849	0.01297	0.01467	0.15978	0.00341	0.00801	0.00584	0.00520	0.00863
8	0.01296	0.01304	0.06390	0.11249	0.30338	0.01123	0.01341	0.01635	0.01272	0.01872	0.01121	0.01481	0.00937	0.00525	0.00529	0.00145	0.00611	0.02013	0.00316	0.34502
9	0.00909	0.00610	0.00764	0.00801	0.00938	0.00540	0.00571	0.01050	0.01248	0.07502	0.05841	0.49336	0.18229	0.01579	0.00710	0.00217	0.00354	0.02605	0.00554	0.05642
10	0.01615	0.16127	0.16887	0.01243	0.01800	0.03983	0.01206	0.21596	0.07187	0.02339	0.01210	0.01302	0.00931	0.00583	0.00510	0.00150	0.00643	0.00437	0.00396	0.19857
11	0.01150	0.01089	0.01840	0.66781	0.06666	0.01293	0.04763	0.01538	0.01201	0.01570	0.01060	0.01551	0.00804	0.00575	0.00586	0.00190	0.00772	0.00522	0.00271	0.05776
12	0.01472	0.07030	0.25768	0.01574	0.07871	0.04676	0.06570	0.11001	0.01483	0.03649	0.01123	0.01295	0.00858	0.00542	0.00532	0.00154	0.00708	0.00445	0.00340	0.22909
13	0.01118	0.00845	0.01207	0.07076	0.05000	0.00851	0.05320	0.09647	0.01442	0.05029	0.08392	0.35859	0.05865	0.03177	0.00756	0.00226	0.00492	0.06552	0.00515	0.00628
14	0.00803	0.00584	0.00774	0.00896	0.00985	0.00555	0.00686	0.00973	0.01239	0.01614	0.03503	0.44764	0.11314	0.01735	0.00771	0.00248	0.00412	0.27091	0.00547	0.00506
15	0.01239	0.13277	0.66396	0.01596	0.02420	0.01502	0.02028	0.01859	0.01242	0.01809	0.01029	0.01209	0.00750	0.00554	0.00537	0.00179	0.00842	0.00421	0.00250	0.00859
16	0.07677	0.08004	0.07929	0.09831	0.01600	0.01087	0.00961	0.01571	0.09207	0.05252	0.01753	0.12340	0.01661	0.08709	0.18137	0.00401	0.00804	0.02034	0.00393	0.00650
17	0.00783	0.00541	0.00668	0.00744	0.00763	0.00522	0.00464	0.00840	0.01011	0.01347	0.02636	0.45333	0.03124	0.36424	0.01763	0.00389	0.00446	0.01314	0.00464	0.00426
18	0.13915	0.01026	0.01302	0.01014	0.01459	0.00933	0.00837	0.02723	0.01597	0.65716	0.02123	0.01866	0.01349	0.00706	0.00563	0.00183	0.00497	0.00556	0.00681	0.00955
19	0.01314	0.01247	0.02102	0.39122	0.33525	0.01392	0.04499	0.03998	0.01302	0.01770	0.01085	0.01516	0.00861	0.00579	0.00637	0.00190	0.03250	0.00533	0.00287	0.00790
20	0.19057	0.01385	0.13235	0.07489	0.01696	0.04624	0.01051	0.06997	0.01376	0.15456	0.01787	0.19994	0.01638	0.00916	0.00576	0.00197	0.00576	0.00751	0.00462	0.00736
21	0.01445	0.00847	0.01017	0.00919	0.01152	0.00844	0.00709	0.12847	0.05317	0.15950	0.13125	0.22457	0.02721	0.01114	0.00627	0.00193	0.00412	0.03096	0.14498	0.00709
22	0.00999	0.00680	0.00894	0.00828	0.00976	0.00666	0.00631	0.01243	0.01559	0.08043	0.54818	0.10140	0.08031	0.01224	0.00786	0.00196	0.06030	0.01050	0.00615	0.00591
23	0.01784	0.10306	0.23223	0.01620	0.03652	0.08378	0.14662	0.09730	0.01567	0.17399	0.01351	0.01445	0.00958	0.00599	0.00575	0.00178	0.00784	0.00512	0.00402	0.00873
24	0.07428	0.01340	0.08444	0.02600	0.02709	0.03434	0.01019	0.12645	0.08931	0.33168	0.02114	0.07554	0.04343	0.00811	0.00590	0.00188	0.00559	0.00657	0.00580	0.00887
25	0.56017	0.01541	0.01141	0.00996	0.01365	0.19147	0.02223	0.01869	0.01190	0.02295	0.00870	0.01020	0.00693	0.00553	0.00418	0.00168	0.00611	0.00345	0.00349	0.07188
26	0.12603	0.01054	0.01058	0.00886	0.01203	0.03709	0.00707	0.16904	0.03486	0.10860	0.01626	0.01733	0.01215	0.00660	0.00476	0.00155	0.00451	0.00502	0.33448	0.07266

[dist]
# distance from previous block
# <min> <max>
3	17

[block]
# block no. 2 follows, 39 sequences, length 7
# corresponding to MSA columns:
# 384-390
name=unknown_C
#
# <colnr> <probs for GDERKNQSTAVLIFYWHMCP>
#	G	D	E	R	K	N	Q	S	T	A	V	L	I	F	Y	W	H	M	C	P
0	0.01060	0.00933	0.01149	0.01052	0.01170	0.05494	0.00811	0.01220	0.00996	0.01403	0.01371	0.02190	0.01345	0.15843	0.36628	0.00610	0.17299	0.00605	0.00314	0.08509
1	0.01159	0.00795	0.00936	0.00906	0.01090	0.00811	0.00672	0.07034	0.14909	0.07320	0.12408	0.33444	0.06743	0.01292	0.00664	0.00206	0.00385	0.01133	0.07434	0.00659
2	0.07511	0.33044	0.06657	0.08669	0.01906	0.26803	0.01172	0.01931	0.01334	0.01541	0.00887	0.01082	0.00754	0.00577	0.00527	0.00155	0.04078	0.00374	0.00279	0.00718
3	0.00858	0.00580	0.00679	0.00679	0.00691	0.00592	0.00401	0.00882	0.00870	0.01172	0.01832	0.03697	0.02075	0.70868	0.11256	0.00615	0.00686	0.00835	0.00354	0.00377
4	0.00896	0.00676	0.00936	0.14630	0.01439	0.00687	0.00737	0.01181	0.01510	0.02125	0.49407	0.07564	0.07422	0.01103	0.00659	0.00188	0.00375	0.00970	0.06927	0.00569
5	0.01642	0.01037	0.01116	0.00942	0.01240	0.01110	0.00750	0.23381	0.13387	0.09297	0.01889	0.01953	0.01405	0.00717	0.00513	0.00164	0.00439	0.00568	0.37663	0.00789
6	0.00905	0.00742	0.01099	0.01064	0.01205	0.00728	0.06765	0.01083	0.01179	0.01614	0.02661	0.48247	0.03047	0.01507	0.00821	0.00228	0.06477	0.11633	0.00486	0.08510

[dist]
# distance from previous block
# <min> <max>
0	1

[block]
# block no. 3 follows, 39 sequences, length 7
# corresponding to MSA columns:
# 392-398
name=unknown_D
#
# <colnr> <probs for GDERKNQSTAVLIFYWHMCP>
#	G	D	E	R	K	N	Q	S	T	A	V	L	I	F	Y	W	H	M	C	P
0	0.01190	0.01128	0.04073	0.08754	0.04445	0.00941	0.05014	0.01477	0.01214	0.01823	0.01247	0.08209	0.01132	0.00617	0.00572	0.00133	0.03950	0.00523	0.00347	0.53212
1	0.03479	0.08471	0.01945	0.23294	0.02473	0.10630	0.07682	0.20219	0.06095	0.02199	0.01218	0.01456	0.00931	0.00641	0.00619	0.00181	0.03894	0.00511	0.03276	0.00784
2	0.00804	0.00597	0.00759	0.00857	0.00928	0.00585	0.00589	0.01076	0.08565	0.01663	0.07870	0.66243	0.03808	0.01705	0.00736	0.00233	0.00352	0.01539	0.00561	0.00531
3	0.00839	0.00569	0.00670	0.00687	0.00702	0.00567	0.00410	0.00875	0.00937	0.01260	0.05265	0.14151	0.02515	0.61961	0.05736	0.00526	0.00572	0.00973	0.00396	0.00391
4	0.01862	0.08377	0.01668	0.01213	0.01599	0.01657	0.01003	0.42136	0.15049	0.02992	0.01570	0.01606	0.01176	0.00722	0.00623	0.00176	0.04601	0.00539	0.10534	0.00897
5	0.00732	0.00520	0.00683	0.00808	0.00840	0.00488	0.00533	0.00827	0.01109	0.01479	0.03141	0.72486	0.03762	0.08401	0.00946	0.00268	0.00363	0.01612	0.00533	0.00470
6	0.10059	0.05326	0.01734	0.05565	0.09172	0.30672	0.02833	0.12074	0.01603	0.01978	0.01195	0.01692	0.01042	0.00719	0.00643	0.00181	0.05636	0.06772	0.00364	0.00741

[dist]
# distance from previous block
# <min> <max>
0	2

[block]
# block no. 4 follows, 39 sequences, length 11
# corresponding to MSA columns:
# 401-411
name=unknown_E
#
# <colnr> <probs for GDERKNQSTAVLIFYWHMCP>
#	G	D	E	R	K	N	Q	S	T	A	V	L	I	F	Y	W	H	M	C	P
0	0.01057	0.00983	0.01705	0.14191	0.12234	0.01010	0.15081	0.01343	0.01283	0.01744	0.10618	0.25608	0.05150	0.01075	0.00735	0.00209	0.03903	0.01002	0.00417	0.00651
1	0.01590	0.01129	0.01632	0.03550	0.08039	0.01013	0.09915	0.04990	0.05084	0.18407	0.03761	0.04426	0.04021	0.00661	0.00564	0.00155	0.00552	0.00590	0.00466	0.29456
2	0.14613	0.12877	0.10081	0.10835	0.02069	0.15577	0.05612	0.06891	0.09504	0.04877	0.01192	0.01336	0.00912	0.00604	0.00519	0.00174	0.00732	0.00456	0.00364	0.00775
3	0.02152	0.01509	0.01730	0.10837	0.02077	0.01662	0.01160	0.56773	0.02461	0.11440	0.01475	0.01505	0.01029	0.00698	0.00592	0.00181	0.00652	0.00538	0.00566	0.00962
4	0.00901	0.00679	0.00909	0.00911	0.01015	0.00760	0.00673	0.01225	0.09091	0.01473	0.01931	0.12092	0.01931	0.16390	0.46441	0.00715	0.01135	0.00806	0.00384	0.00538
5	0.01308	0.01033	0.01421	0.14366	0.14010	0.04619	0.02446	0.05156	0.03565	0.09082	0.20924	0.14974	0.02678	0.00973	0.00645	0.00193	0.00543	0.00864	0.00489	0.00712
6	0.01595	0.01229	0.10694	0.11204	0.07511	0.01015	0.02564	0.04734	0.04686	0.24547	0.04160	0.15055	0.03925	0.00932	0.00633	0.00199	0.00578	0.03427	0.00513	0.00800
7	0.01237	0.00795	0.01046	0.00957	0.01156	0.00845	0.00756	0.10492	0.01393	0.10097	0.11027	0.02690	0.04739	0.02716	0.38496	0.02603	0.01014	0.03100	0.04203	0.00639
8	0.01784	0.02093	0.01342	0.01234	0.01490	0.52077	0.00925	0.01966	0.01592	0.01657	0.09715	0.01993	0.08059	0.00765	0.00551	0.00159	0.00812	0.00556	0.10592	0.00638
9	0.43223	0.20864	0.01669	0.01102	0.05071	0.06675	0.00886	0.10923	0.01342	0.02359	0.00919	0.01048	0.00739	0.00562	0.00420	0.00166	0.00578	0.00361	0.00359	0.00734
10	0.12130	0.01145	0.01312	0.03797	0.01555	0.01065	0.00832	0.11729	0.04634	0.18247	0.01407	0.01443	0.01027	0.00574	0.00496	0.00141	0.00498	0.00444	0.00475	0.37048

[dist]
# distance from previous block
# <min> <max>
1	5

[block]
# block no. 5 follows, 39 sequences, length 23
# corresponding to MSA columns:
# 426-435,437-449
name=unknown_F
#
# <colnr> <probs for GDERKNQSTAVLIFYWHMCP>
#	G	D	E	R	K	N	Q	S	T	A	V	L	I	F	Y	W	H	M	C	P
0	0.01341	0.40078	0.34844	0.01275	0.01918	0.01777	0.01482	0.01745	0.01233	0.01618	0.01322	0.01443	0.06460	0.00606	0.00484	0.00159	0.00713	0.00440	0.00274	0.00789
1	0.01745	0.01165	0.02921	0.07690	0.08521	0.01145	0.09422	0.08886	0.07880	0.25059	0.11491	0.05664	0.01906	0.00799	0.00664	0.00192	0.02761	0.00703	0.00539	0.00846
2	0.01531	0.11773	0.18093	0.02936	0.02100	0.01357	0.18277	0.02015	0.06066	0.15084	0.06190	0.02065	0.01467	0.00713	0.00643	0.00190	0.02866	0.05402	0.00416	0.00816
3	0.00780	0.00619	0.00716	0.00767	0.00936	0.00555	0.00614	0.00965	0.01339	0.01646	0.04922	0.10616	0.48243	0.01563	0.00739	0.00225	0.00379	0.23317	0.00548	0.00512
4	0.06728	0.05543	0.59660	0.01716	0.07711	0.01378	0.01956	0.01827	0.01243	0.01907	0.01132	0.01474	0.00873	0.00604	0.00555	0.00188	0.00810	0.03578	0.00274	0.00844
5	0.03725	0.05140	0.13910	0.06129	0.02433	0.05187	0.28846	0.02179	0.05327	0.19025	0.01455	0.01598	0.01028	0.00591	0.00611	0.00188	0.00797	0.00580	0.00406	0.00846
6	0.01467	0.00916	0.01126	0.00977	0.01206	0.00949	0.02018	0.12582	0.09741	0.14978	0.06563	0.05976	0.01947	0.20187	0.11328	0.02711	0.00662	0.00739	0.03240	0.00688
7	0.01126	0.00684	0.00917	0.00960	0.01129	0.00656	0.00801	0.01380	0.01415	0.10509	0.12677	0.10248	0.05364	0.01399	0.00732	0.00234	0.00460	0.40910	0.07803	0.00595
8	0.03663	0.01758	0.12484	0.08943	0.06731	0.09372	0.01324	0.19282	0.16936	0.05764	0.01447	0.01548	0.01080	0.00695	0.00675	0.00189	0.06277	0.00527	0.00440	0.00866
9	0.06709	0.09610	0.17441	0.09363	0.02031	0.02532	0.05386	0.12943	0.01568	0.12847	0.07074	0.05014	0.03498	0.00732	0.00573	0.00182	0.00653	0.00601	0.00436	0.00806
10	0.00820	0.00659	0.00741	0.00729	0.00916	0.00606	0.00560	0.01134	0.07041	0.01905	0.25722	0.05134	0.43282	0.01371	0.00701	0.00202	0.00327	0.07015	0.00583	0.00554
11	0.02120	0.01066	0.01325	0.01063	0.01451	0.01035	0.00861	0.12893	0.11515	0.42828	0.14932	0.02372	0.02161	0.00821	0.00613	0.00185	0.00481	0.00678	0.00680	0.00919
12	0.03540	0.06578	0.05045	0.05089	0.10186	0.05625	0.07688	0.11749	0.06077	0.07533	0.01445	0.01840	0.01194	0.07398	0.16039	0.00363	0.00881	0.00573	0.00394	0.00763
13	0.68440	0.01171	0.01097	0.01169	0.11009	0.01314	0.00808	0.01807	0.01086	0.06287	0.00939	0.01081	0.00722	0.00555	0.00407	0.00182	0.00492	0.00362	0.00375	0.00698
14	0.00788	0.00542	0.00707	0.00808	0.00875	0.00499	0.00552	0.00908	0.01197	0.03984	0.07300	0.66248	0.09885	0.01752	0.00742	0.00232	0.00341	0.01577	0.00560	0.00503
15	0.00860	0.00570	0.00669	0.00702	0.00728	0.00565	0.00439	0.00917	0.00969	0.01325	0.02196	0.16363	0.02495	0.55220	0.02295	0.00466	0.00513	0.06386	0.05917	0.00406
16	0.06239	0.01497	0.01581	0.01233	0.01661	0.01654	0.01014	0.61201	0.02505	0.03489	0.01451	0.01491	0.01049	0.00699	0.00559	0.00173	0.00596	0.00524	0.10453	0.00932
17	0.01066	0.00652	0.00863	0.00819	0.00988	0.00598	0.00627	0.01314	0.01578	0.11783	0.49591	0.13295	0.06251	0.01266	0.00701	0.00199	0.00338	0.06829	0.00638	0.00605
18	0.01038	0.00606	0.00791	0.00819	0.00935	0.00561	0.00583	0.01196	0.01291	0.11647	0.14710	0.44489	0.03572	0.06710	0.00856	0.00240	0.00371	0.03270	0.05751	0.00562
19	0.10779	0.01076	0.01292	0.01029	0.01435	0.01050	0.00840	0.11953	0.06622	0.45529	0.06018	0.01980	0.01568	0.00738	0.00566	0.00181	0.00490	0.00586	0.05355	0.00913
20	0.01567	0.01135	0.01248	0.01099	0.01421	0.01254	0.00860	0.05140	0.50575	0.12055	0.08744	0.02350	0.02045	0.00817	0.00595	0.00191	0.00447	0.00681	0.06892	0.00885
21	0.01143	0.00698	0.00937	0.00927	0.01084	0.00665	0.01984	0.03453	0.03997	0.12586	0.11322	0.38055	0.05324	0.01495	0.00808	0.04962	0.00415	0.08977	0.00569	0.00599
22	0.61900	0.01214	0.02726	0.07026	0.07917	0.01326	0.04209	0.01776	0.01095	0.04894	0.00938	0.01121	0.00719	0.00554	0.00429	0.00184	0.00539	0.00383	0.00359	0.00691

[dist]
# distance from previous block
# <min> <max>
1	4

[block]
# block no. 6 follows, 39 sequences, length 8
# corresponding to MSA columns:
# 457-464
name=unknown_G
#
# <colnr> <probs for GDERKNQSTAVLIFYWHMCP>
#	G	D	E	R	K	N	Q	S	T	A	V	L	I	F	Y	W	H	M	C	P
0	0.01055	0.12499	0.01125	0.00764	0.01004	0.00833	0.00618	0.01276	0.01502	0.08055	0.36177	0.04100	0.26514	0.01155	0.00642	0.00181	0.00357	0.00973	0.00566	0.00607
1	0.01168	0.00984	0.01161	0.00856	0.01324	0.00754	0.00679	0.01433	0.01294	0.01994	0.12192	0.01706	0.01583	0.00554	0.00477	0.00102	0.00414	0.00458	0.00396	0.70473
2	0.01077	0.00663	0.00836	0.00759	0.00958	0.00592	0.00581	0.01321	0.01607	0.13137	0.49651	0.04331	0.19808	0.01200	0.00683	0.00188	0.00317	0.01037	0.00641	0.00612
3	0.00731	0.00600	0.00644	0.00633	0.00819	0.00513	0.00475	0.00911	0.01424	0.01778	0.22106	0.05395	0.59060	0.01431	0.00699	0.00197	0.00295	0.01207	0.00573	0.00513
4	0.01345	0.01044	0.01714	0.66393	0.03692	0.01248	0.01527	0.01715	0.01258	0.12569	0.01242	0.01641	0.00889	0.00612	0.00592	0.00195	0.00746	0.00536	0.00332	0.00709
5	0.01720	0.00823	0.00958	0.00816	0.01096	0.00802	0.00647	0.06246	0.06892	0.27200	0.02071	0.02094	0.01490	0.00713	0.00499	0.00160	0.00389	0.00573	0.44051	0.00760
6	0.01321	0.01378	0.12655	0.09003	0.04297	0.01097	0.01152	0.01635	0.01215	0.07569	0.01191	0.04064	0.00987	0.00636	0.00724	0.00155	0.12093	0.00478	0.00348	0.38002
7	0.13789	0.01471	0.01603	0.09068	0.17181	0.13899	0.01141	0.05588	0.01393	0.06976	0.01104	0.01309	0.00869	0.00569	0.00553	0.00158	0.02992	0.00436	0.00360	0.19543

[dist]
# distance from previous block
# <min> <max>
0	1

[block]
# block no. 7 follows, 39 sequences, length 7
# corresponding to MSA columns:
# 466-470,478,479
name=unknown_H
#
# <colnr> <probs for GDERKNQSTAVLIFYWHMCP>
#	G	D	E	R	K	N	Q	S	T	A	V	L	I	F	Y	W	H	M	C	P
0	0.39502	0.15821	0.08167	0.01132	0.01541	0.14709	0.03233	0.01850	0.01185	0.02045	0.00869	0.01043	0.00709	0.00582	0.00524	0.00173	0.05539	0.00364	0.00316	0.00696
1	0.66028	0.01213	0.01038	0.00883	0.01271	0.01375	0.00728	0.12709	0.01319	0.07401	0.01008	0.01096	0.00747	0.00585	0.00415	0.00182	0.00490	0.00370	0.00423	0.00719
2	0.01401	0.00889	0.01040	0.00806	0.01201	0.00724	0.00640	0.01654	0.01315	0.14292	0.01782	0.01872	0.05545	0.00614	0.00473	0.00123	0.00399	0.00496	0.21481	0.43253
3	0.05632	0.01294	0.01481	0.01143	0.01605	0.01298	0.00936	0.30174	0.07656	0.26627	0.01705	0.01621	0.01179	0.00672	0.00558	0.00166	0.00545	0.00524	0.00588	0.14598
4	0.01498	0.01805	0.22844	0.23112	0.05158	0.01406	0.13981	0.12738	0.01529	0.08381	0.01246	0.01498	0.00891	0.00595	0.00602	0.00190	0.00800	0.00537	0.00356	0.00833
5	0.01110	0.00711	0.00997	0.07548	0.01399	0.00704	0.00885	0.01343	0.01335	0.10744	0.03031	0.21742	0.06745	0.01476	0.00751	0.00244	0.00503	0.37594	0.00545	0.00594
6	0.01076	0.00656	0.00840	0.00774	0.00962	0.00589	0.00587	0.01315	0.01585	0.13099	0.48317	0.10028	0.15419	0.01232	0.00687	0.00192	0.00320	0.01074	0.00640	0.00610

[dist]
# distance from previous block
# <min> <max>
0	4

[block]
# block no. 8 follows, 39 sequences, length 9
# corresponding to MSA columns:
# 484-492
name=unknown_I
#
# <colnr> <probs for GDERKNQSTAVLIFYWHMCP>
#	G	D	E	R	K	N	Q	S	T	A	V	L	I	F	Y	W	H	M	C	P
0	0.01914	0.01824	0.01526	0.01315	0.01620	0.28476	0.01032	0.17629	0.13753	0.06381	0.01436	0.01521	0.01103	0.00723	0.00697	0.00177	0.08893	0.00504	0.08681	0.00796
1	0.06333	0.04937	0.07418	0.05373	0.17995	0.02897	0.16281	0.15081	0.01625	0.11920	0.01369	0.03735	0.01049	0.00627	0.00592	0.00183	0.00724	0.00576	0.00412	0.00870
2	0.00985	0.00773	0.00995	0.09059	0.01410	0.00821	0.00819	0.03706	0.13891	0.01818	0.04661	0.37338	0.05828	0.01433	0.00714	0.00230	0.00455	0.13925	0.00531	0.00609
3	0.00716	0.00567	0.00645	0.00695	0.00827	0.00496	0.00495	0.00856	0.01287	0.01614	0.09466	0.33660	0.43358	0.01615	0.00720	0.00214	0.00315	0.01403	0.00556	0.00496
4	0.03552	0.01247	0.01988	0.28875	0.11311	0.01390	0.11156	0.07775	0.04438	0.12178	0.01308	0.01595	0.00969	0.00655	0.00743	0.00198	0.08889	0.00559	0.00379	0.00796
5	0.07050	0.32672	0.30433	0.01482	0.05757	0.07064	0.04481	0.01856	0.01255	0.01712	0.00949	0.01124	0.00762	0.00538	0.00482	0.00161	0.00761	0.00393	0.00267	0.00800
6	0.01340	0.01597	0.09559	0.05812	0.01808	0.11621	0.03109	0.01556	0.01090	0.01495	0.01056	0.06777	0.01023	0.01078	0.04293	0.00257	0.44995	0.00582	0.00288	0.00664
7	0.01004	0.00680	0.00866	0.00834	0.01019	0.00585	0.00598	0.01118	0.01166	0.06646	0.02575	0.43274	0.06368	0.01443	0.00830	0.08902	0.00392	0.01145	0.00483	0.20072
8	0.03353	0.01377	0.01528	0.09325	0.01871	0.10840	0.06084	0.15742	0.14978	0.10164	0.02234	0.05668	0.09815	0.00861	0.00617	0.00192	0.00632	0.03422	0.00504	0.00795

[dist]
# distance from previous block
# <min> <max>
0	27

[block]
# block no. 9 follows, 39 sequences, length 37
# corresponding to MSA columns:
# 562-598
name=unknown_J
#
# <colnr> <probs for GDERKNQSTAVLIFYWHMCP>
#	G	D	E	R	K	N	Q	S	T	A	V	L	I	F	Y	W	H	M	C	P
0	0.11669	0.01390	0.01389	0.01286	0.05554	0.10961	0.00954	0.18974	0.11777	0.08930	0.06460	0.11585	0.01735	0.00873	0.00639	0.00190	0.03634	0.00692	0.00510	0.00797
1	0.25068	0.00998	0.05822	0.00859	0.01098	0.00936	0.00688	0.01427	0.01046	0.08291	0.01535	0.05345	0.01515	0.31002	0.02623	0.00347	0.03800	0.02099	0.00392	0.05111
2	0.09242	0.01455	0.02306	0.01722	0.02196	0.05522	0.33223	0.04734	0.05986	0.04868	0.01215	0.01462	0.00936	0.00576	0.00690	0.00177	0.06671	0.00554	0.00360	0.16107
3	0.01130	0.01065	0.01798	0.74873	0.06888	0.01317	0.01649	0.01523	0.01189	0.01528	0.01054	0.01572	0.00794	0.00589	0.00591	0.00196	0.00785	0.00526	0.00264	0.00668
4	0.01178	0.00996	0.01172	0.00860	0.01337	0.00760	0.00683	0.01443	0.01282	0.01982	0.10267	0.01623	0.01460	0.00534	0.00470	0.00100	0.00418	0.00440	0.00388	0.72608
5	0.00855	0.00635	0.00824	0.00833	0.00979	0.00572	0.00620	0.01064	0.01373	0.01913	0.29725	0.32796	0.04093	0.01411	0.00702	0.00205	0.00355	0.09733	0.00562	0.10751
6	0.00738	0.00528	0.00702	0.00812	0.00862	0.00492	0.00550	0.00867	0.01212	0.01637	0.13886	0.67841	0.04158	0.01758	0.00746	0.00232	0.00334	0.01591	0.00564	0.00492
7	0.00758	0.00596	0.00685	0.00674	0.00838	0.00523	0.00501	0.00959	0.01470	0.01916	0.34778	0.09958	0.41435	0.01400	0.00702	0.00197	0.00294	0.01202	0.00592	0.00523
8	0.00709	0.00582	0.00625	0.00651	0.00814	0.00498	0.00474	0.00856	0.01319	0.01614	0.08527	0.20440	0.57728	0.01557	0.00710	0.00207	0.00307	0.01328	0.00554	0.00498
9	0.00896	0.00629	0.00861	0.00887	0.01011	0.00605	0.02828	0.01130	0.01370	0.01924	0.24169	0.20939	0.03798	0.04402	0.00799	0.00233	0.00403	0.21831	0.10747	0.00536
10	0.01546	0.71852	0.07077	0.01073	0.01577	0.02263	0.01089	0.01761	0.01191	0.01419	0.00833	0.00981	0.00759	0.00533	0.00459	0.00136	0.04104	0.00332	0.00253	0.00760
11	0.01117	0.01051	0.01774	0.77795	0.04073	0.01314	0.01642	0.01511	0.01182	0.01511	0.01051	0.01577	0.00788	0.00591	0.00591	0.00197	0.00788	0.00526	0.00263	0.00657
12	0.05635	0.11853	0.01741	0.01341	0.01686	0.43979	0.01063	0.08332	0.07624	0.04657	0.01257	0.01557	0.01054	0.00687	0.00537	0.00165	0.00847	0.04859	0.00381	0.00744
13	0.01345	0.11995	0.24405	0.01478	0.06588	0.01239	0.06727	0.03858	0.01375	0.09240	0.06537	0.11746	0.01840	0.00884	0.00613	0.00194	0.00657	0.08099	0.00409	0.00770
14	0.01471	0.64706	0.02749	0.01039	0.01463	0.02107	0.00996	0.01660	0.01151	0.01391	0.00914	0.01142	0.00849	0.01028	0.09986	0.00237	0.05757	0.00369	0.00261	0.00723
15	0.00796	0.00601	0.00758	0.00797	0.00923	0.00530	0.00559	0.00946	0.01234	0.01680	0.12402	0.52373	0.10928	0.01559	0.00703	0.00210	0.00342	0.01395	0.00537	0.10726
16	0.07049	0.10824	0.01449	0.01137	0.06113	0.05281	0.00862	0.02041	0.08634	0.23435	0.09885	0.02623	0.12105	0.00854	0.00577	0.00178	0.00505	0.02792	0.00533	0.03124
17	0.17477	0.01350	0.01419	0.01146	0.01568	0.01467	0.00932	0.30358	0.18582	0.12841	0.01634	0.01581	0.01173	0.00688	0.00543	0.00180	0.00541	0.00522	0.00557	0.05441
18	0.10000	0.00985	0.01127	0.00963	0.01309	0.00928	0.00778	0.11912	0.01493	0.09401	0.02165	0.12156	0.06849	0.00964	0.00588	0.00177	0.00474	0.12404	0.00495	0.24834
19	0.00789	0.00531	0.00682	0.00768	0.00826	0.00496	0.00521	0.00868	0.01134	0.01532	0.06170	0.51762	0.11075	0.03387	0.00966	0.10493	0.00357	0.01374	0.05807	0.00460
20	0.06632	0.01115	0.01708	0.09236	0.01851	0.01306	0.11807	0.05454	0.01167	0.06316	0.01250	0.06616	0.01125	0.01244	0.06215	0.10530	0.24819	0.00622	0.00343	0.00645
21	0.01294	0.01294	0.01811	0.01553	0.01553	0.01811	0.01294	0.01423	0.00906	0.01423	0.00776	0.01294	0.00776	0.01035	0.01941	0.00259	0.78134	0.00518	0.00259	0.00647
22	0.01605	0.01517	0.10680	0.01165	0.01671	0.04568	0.01035	0.13513	0.16483	0.08883	0.01496	0.01523	0.01118	0.00605	0.00529	0.00149	0.00566	0.00478	0.00459	0.31956
23	0.02234	0.01668	0.04609	0.01353	0.01841	0.01753	0.01148	0.66161	0.02650	0.08394	0.01466	0.01452	0.01026	0.00706	0.00591	0.00178	0.00650	0.00533	0.00588	0.01001
24	0.06881	0.01213	0.01254	0.01111	0.01437	0.01385	0.00871	0.10100	0.53140	0.02582	0.02142	0.02043	0.01610	0.00762	0.00562	0.00189	0.00462	0.00617	0.10763	0.00876
25	0.00845	0.00634	0.00950	0.00950	0.01056	0.00739	0.00739	0.01056	0.00950	0.01373	0.01584	0.02323	0.01478	0.04435	0.76873	0.00950	0.01584	0.00634	0.00317	0.00528
26	0.01390	0.01424	0.03009	0.02195	0.02714	0.01330	0.59801	0.01823	0.01382	0.06470	0.01524	0.11219	0.01307	0.00681	0.00699	0.00203	0.00885	0.00814	0.00357	0.00771
27	0.02424	0.01167	0.01396	0.01078	0.01535	0.05898	0.00880	0.06579	0.01694	0.57863	0.02030	0.01820	0.01319	0.00686	0.00571	0.00169	0.00540	0.00547	0.00649	0.11154
28	0.00743	0.00546	0.00749	0.05257	0.01043	0.00528	0.00612	0.00863	0.01135	0.01510	0.03132	0.74381	0.03731	0.01780	0.00745	0.00238	0.00369	0.01615	0.00532	0.00491
29	0.00878	0.00656	0.00800	0.00781	0.00938	0.00615	0.00590	0.05193	0.01566	0.02112	0.40353	0.15374	0.20656	0.01365	0.00708	0.00202	0.00331	0.05720	0.00603	0.00559
30	0.01664	0.55293	0.02536	0.01029	0.01478	0.01925	0.00966	0.05958	0.01324	0.10995	0.01143	0.01282	0.00952	0.01035	0.09925	0.00239	0.00735	0.00403	0.00341	0.00776
31	0.01540	0.70285	0.07587	0.01085	0.01585	0.02249	0.01101	0.01757	0.01188	0.01423	0.00834	0.00987	0.00759	0.00540	0.00481	0.00138	0.05112	0.00335	0.00253	0.00760
32	0.00866	0.00644	0.00821	0.00841	0.00978	0.00619	0.00647	0.01187	0.06033	0.02039	0.37818	0.18420	0.10517	0.01407	0.00725	0.00215	0.00355	0.14707	0.00600	0.00560
33	0.00760	0.00557	0.00765	0.05271	0.01062	0.00543	0.00634	0.00889	0.01144	0.01519	0.03098	0.68483	0.03667	0.03202	0.00791	0.00246	0.00386	0.05962	0.00529	0.00492
34	0.03687	0.19637	0.12850	0.03115	0.11756	0.01538	0.01231	0.13443	0.06909	0.02187	0.09189	0.01647	0.01429	0.00645	0.00529	0.00162	0.00610	0.00513	0.00394	0.08531
35	0.11234	0.00921	0.01121	0.01011	0.01122	0.01112	0.00799	0.01206	0.01083	0.01656	0.08096	0.02948	0.19416	0.10954	0.06319	0.00313	0.28977	0.00763	0.00389	0.00560
36	0.06948	0.01451	0.03302	0.14463	0.22227	0.04430	0.09793	0.19590	0.01663	0.02304	0.01435	0.01674	0.05175	0.00651	0.00619	0.00185	0.02309	0.00569	0.00382	0.00831

[dist]
# distance from previous block
# <min> <max>
10	39

[block]
# block no. 10 follows, 39 sequences, length 28
# corresponding to MSA columns:
# 647-666,672-679
name=unknown_K
#
# <colnr> <probs for GDERKNQSTAVLIFYWHMCP>
#	G	D	E	R	K	N	Q	S	T	A	V	L	I	F	Y	W	H	M	C	P
0	0.03798	0.06350	0.09565	0.01357	0.01808	0.07651	0.06541	0.23267	0.18416	0.06794	0.04597	0.03304	0.01388	0.00720	0.00581	0.00182	0.00652	0.00585	0.01569	0.00875
1	0.10341	0.66561	0.07243	0.01027	0.01540	0.02173	0.01042	0.01773	0.01183	0.01556	0.00837	0.00968	0.00746	0.00514	0.00389	0.00136	0.00628	0.00324	0.00265	0.00753
2	0.01685	0.01614	0.14302	0.03103	0.22251	0.02964	0.04614	0.10573	0.01548	0.15025	0.01341	0.01474	0.00987	0.00576	0.00561	0.00164	0.00665	0.00497	0.00408	0.15648
3	0.00870	0.00570	0.00653	0.00653	0.00653	0.00570	0.00368	0.00855	0.00855	0.01139	0.01813	0.03746	0.02083	0.74586	0.02968	0.05507	0.00570	0.00839	0.00352	0.00352
4	0.00873	0.00576	0.00782	0.00797	0.00838	0.00610	0.00544	0.00907	0.00903	0.01241	0.01747	0.10959	0.01878	0.29142	0.28603	0.17154	0.00892	0.00799	0.00344	0.00411
5	0.06660	0.02811	0.20866	0.12533	0.03868	0.04370	0.02385	0.14142	0.01607	0.18819	0.01536	0.01617	0.02927	0.00656	0.00566	0.00183	0.00688	0.00520	0.02394	0.00854
6	0.01464	0.01571	0.15936	0.13048	0.03905	0.03108	0.16028	0.03665	0.10894	0.11986	0.06214	0.04910	0.01514	0.00726	0.00626	0.00195	0.00714	0.02261	0.00426	0.00809
7	0.01381	0.01297	0.01500	0.01329	0.01438	0.11588	0.01070	0.01600	0.04107	0.05857	0.01186	0.01669	0.01070	0.03840	0.20506	0.00420	0.38620	0.00548	0.00324	0.00648
8	0.10960	0.01143	0.01632	0.01808	0.24028	0.01082	0.01133	0.02434	0.01513	0.45516	0.01799	0.01733	0.01215	0.00650	0.00567	0.00181	0.00559	0.00545	0.00559	0.00946
9	0.48346	0.00934	0.00852	0.00779	0.01029	0.01042	0.00593	0.01511	0.01006	0.06686	0.01266	0.01918	0.01169	0.21152	0.09273	0.00365	0.00611	0.00509	0.00381	0.00579
10	0.01739	0.01344	0.01837	0.06576	0.17221	0.04481	0.07382	0.22576	0.01784	0.12062	0.02989	0.10380	0.01477	0.00813	0.00661	0.00192	0.02857	0.02303	0.00476	0.00851
11	0.01372	0.00979	0.01155	0.01014	0.01305	0.00951	0.00791	0.20773	0.01655	0.06622	0.02292	0.29487	0.03540	0.01162	0.00641	0.00191	0.00473	0.07601	0.00530	0.17465
12	0.00839	0.00577	0.00639	0.00639	0.00665	0.00564	0.00370	0.00859	0.00923	0.01205	0.02393	0.04104	0.11544	0.69234	0.02713	0.00525	0.00538	0.00910	0.00383	0.00376
13	0.06145	0.01081	0.01224	0.00907	0.01396	0.00891	0.00724	0.07334	0.01335	0.02097	0.01172	0.04882	0.01016	0.00533	0.00461	0.00108	0.00452	0.00426	0.00380	0.67436
14	0.01415	0.42858	0.31930	0.01295	0.01933	0.01886	0.01471	0.01923	0.07179	0.01670	0.01046	0.01170	0.00840	0.00552	0.00470	0.00157	0.00715	0.00393	0.00280	0.00819
15	0.02271	0.00922	0.01250	0.00987	0.01378	0.00804	0.00804	0.02511	0.01689	0.60472	0.17654	0.02518	0.02329	0.00832	0.00616	0.00184	0.00456	0.00695	0.00715	0.00912
