[name]
unknown

[dist]
# distance from previous block
# <min> <max>
0	640

[block]
# block no. 0 follows, 48 sequences, length 32
# corresponding to MSA columns:
# 655-686
name=unknown_A
#
# <colnr> <probs for GDERKNQSTAVLIFYWHMCP>
#	G	D	E	R	K	N	Q	S	T	A	V	L	I	F	Y	W	H	M	C	P
0	0.01279	0.07213	0.17395	0.02200	0.01553	0.02340	0.02219	0.10023	0.36629	0.03792	0.01671	0.06301	0.01347	0.00692	0.00514	0.00168	0.00520	0.02964	0.00424	0.00756
1	0.02185	0.00884	0.01180	0.00912	0.01293	0.00786	0.00750	0.06723	0.01522	0.69996	0.06674	0.01845	0.01466	0.00659	0.00521	0.00159	0.00432	0.00538	0.00624	0.00849
2	0.01428	0.20773	0.33217	0.01164	0.01700	0.01233	0.04157	0.01782	0.01174	0.21891	0.01277	0.05871	0.00979	0.00578	0.00472	0.00152	0.00602	0.00462	0.00344	0.00743
3	0.01509	0.11183	0.30859	0.01300	0.01849	0.01267	0.09876	0.12806	0.03855	0.18711	0.01233	0.01280	0.00863	0.00533	0.00494	0.00156	0.00636	0.00441	0.00366	0.00783
4	0.01050	0.00666	0.02804	0.00789	0.00870	0.00676	0.00592	0.01053	0.00888	0.10633	0.06035	0.06255	0.01477	0.16624	0.01634	0.31343	0.12004	0.00595	0.03596	0.00417
5	0.01270	0.01219	0.02083	0.03149	0.78767	0.01219	0.01575	0.01575	0.01168	0.01676	0.00965	0.01270	0.00813	0.00457	0.00508	0.00152	0.00610	0.00457	0.00254	0.00813
6	0.03561	0.09261	0.01350	0.00933	0.01322	0.05488	0.00779	0.02366	0.03507	0.63277	0.01799	0.01594	0.01169	0.00608	0.00491	0.00153	0.00475	0.00478	0.00563	0.00828
7	0.01298	0.01218	0.07542	0.07083	0.46118	0.03091	0.03955	0.01591	0.01177	0.10730	0.01289	0.10253	0.01129	0.00613	0.00526	0.00161	0.00587	0.00572	0.00320	0.00747
8	0.85592	0.00992	0.00754	0.00675	0.00992	0.01151	0.00556	0.01508	0.00873	0.02302	0.00714	0.00834	0.00556	0.00476	0.00318	0.00159	0.00397	0.00278	0.00318	0.00556
9	0.01917	0.02445	0.01454	0.01322	0.01586	0.79907	0.00991	0.02049	0.01454	0.01256	0.00793	0.00925	0.00661	0.00529	0.00463	0.00132	0.00925	0.00330	0.00264	0.00595
10	0.01954	0.01118	0.08989	0.01363	0.14951	0.00900	0.01012	0.02262	0.04573	0.54770	0.01734	0.01605	0.01142	0.00592	0.00512	0.00159	0.00497	0.00495	0.00523	0.00849
11	0.02071	0.00849	0.01127	0.00886	0.01238	0.00766	0.00723	0.06019	0.01436	0.64033	0.01915	0.01787	0.01268	0.02836	0.05257	0.00204	0.00488	0.00519	0.05769	0.00810
12	0.00665	0.00489	0.00687	0.00780	0.00834	0.00461	0.02528	0.00781	0.01012	0.01346	0.02768	0.70378	0.03272	0.01554	0.00660	0.00211	0.00334	0.10341	0.00470	0.00431
13	0.01630	0.01295	0.02082	0.01691	0.09213	0.01301	0.29515	0.29075	0.01678	0.13234	0.01285	0.01483	0.00942	0.00555	0.00553	0.00164	0.00661	0.02445	0.00410	0.00789
14	0.02099	0.01040	0.01371	0.01277	0.12365	0.03099	0.00906	0.12180	0.01550	0.55980	0.01736	0.01588	0.01136	0.00604	0.00513	0.00157	0.00491	0.00495	0.00555	0.00857
15	0.38787	0.01133	0.01579	0.01957	0.37127	0.01196	0.08082	0.01552	0.01041	0.01952	0.00860	0.01086	0.00695	0.00463	0.00432	0.00157	0.00539	0.00391	0.00283	0.00687
16	0.01606	0.29736	0.06580	0.02616	0.05698	0.37755	0.04247	0.01804	0.01258	0.03182	0.00824	0.00964	0.00688	0.00490	0.00429	0.00130	0.00751	0.00339	0.00254	0.00648
17	0.01158	0.00791	0.00864	0.00784	0.00937	0.07502	0.00567	0.02293	0.02623	0.15025	0.01619	0.04282	0.02783	0.31538	0.20315	0.00439	0.00718	0.00616	0.00369	0.04777
18	0.01314	0.22055	0.13686	0.03846	0.06580	0.02377	0.12097	0.07863	0.06829	0.05843	0.05546	0.01345	0.01051	0.00525	0.00471	0.00143	0.00594	0.00447	0.00323	0.07065
19	0.06338	0.02189	0.57374	0.01464	0.06832	0.01140	0.03583	0.01688	0.03033	0.07834	0.01082	0.03321	0.00804	0.00530	0.00489	0.00163	0.00683	0.00429	0.00274	0.00749
20	0.02302	0.00873	0.01191	0.00913	0.01310	0.00754	0.00754	0.02501	0.01469	0.79122	0.02024	0.01746	0.01270	0.00635	0.00516	0.00159	0.00437	0.00516	0.00635	0.00873
21	0.00714	0.00534	0.00611	0.00585	0.00745	0.00465	0.00441	0.00893	0.01296	0.04345	0.35282	0.04373	0.45525	0.01173	0.00603	0.00168	0.00259	0.01000	0.00518	0.00469
22	0.01366	0.18019	0.24169	0.01661	0.19129	0.06164	0.05104	0.04580	0.01210	0.09114	0.01114	0.01249	0.02786	0.00517	0.00488	0.00149	0.01732	0.00420	0.00290	0.00742
23	0.01166	0.00767	0.02784	0.00886	0.04817	0.02223	0.00657	0.04187	0.01063	0.09679	0.01398	0.04421	0.01169	0.02996	0.00910	0.13684	0.11615	0.00507	0.34547	0.00525
24	0.00733	0.00550	0.00825	0.00825	0.00916	0.00641	0.00641	0.00916	0.00825	0.01191	0.01374	0.02016	0.01283	0.03848	0.79934	0.00825	0.01374	0.00550	0.00275	0.00458
25	0.06389	0.01157	0.01206	0.01047	0.01361	0.01327	0.00827	0.16269	0.59470	0.02355	0.01850	0.01725	0.01379	0.00668	0.00508	0.00169	0.00435	0.00541	0.00508	0.00808
26	0.01349	0.08372	0.10586	0.02306	0.38550	0.07524	0.15085	0.05428	0.01247	0.03295	0.00974	0.01213	0.00776	0.00472	0.00505	0.00152	0.00686	0.00452	0.00270	0.00759
27	0.12345	0.00888	0.01138	0.00884	0.01272	0.00802	0.00730	0.02381	0.01397	0.69859	0.01866	0.01636	0.01184	0.00616	0.00492	0.00159	0.00432	0.00487	0.00597	0.00835
28	0.00608	0.00515	0.00524	0.00531	0.00696	0.00432	0.00395	0.00735	0.01158	0.01382	0.05056	0.09541	0.74047	0.01318	0.00609	0.00175	0.00262	0.01105	0.00476	0.00432
29	0.01572	0.12508	0.28846	0.05064	0.04773	0.12946	0.01270	0.01906	0.01242	0.23317	0.01186	0.01233	0.00835	0.00529	0.00473	0.00150	0.00656	0.00403	0.00344	0.00746
30	0.00750	0.00489	0.00633	0.00706	0.00778	0.00455	0.00497	0.00872	0.01059	0.05366	0.07367	0.57246	0.07637	0.03321	0.00674	0.00204	0.00311	0.05818	0.05368	0.00450
31	0.01539	0.60187	0.02344	0.00976	0.01381	0.15698	0.00899	0.06197	0.01214	0.04351	0.00809	0.00901	0.00695	0.00473	0.00371	0.00118	0.00612	0.00305	0.00261	0.00668

[dist]
# distance from previous block
# <min> <max>
0	11

[block]
# block no. 1 follows, 48 sequences, length 34
# corresponding to MSA columns:
# 698-731
name=unknown_B
#
# <colnr> <probs for GDERKNQSTAVLIFYWHMCP>
#	G	D	E	R	K	N	Q	S	T	A	V	L	I	F	Y	W	H	M	C	P
0	0.01687	0.01379	0.01526	0.01363	0.08924	0.08892	0.04458	0.34841	0.18674	0.07524	0.01384	0.01391	0.01017	0.00594	0.00509	0.00154	0.00567	0.00479	0.00455	0.04185
1	0.01624	0.26173	0.02031	0.04471	0.01725	0.43267	0.10778	0.01813	0.01282	0.01294	0.00806	0.00972	0.00676	0.00489	0.00443	0.00132	0.00795	0.00354	0.00249	0.00625
2	0.01123	0.01123	0.01572	0.01347	0.01347	0.01572	0.01123	0.01235	0.00786	0.01235	0.00674	0.01123	0.00674	0.00898	0.01684	0.00225	0.81028	0.00449	0.00225	0.00561
3	0.00786	0.00596	0.00733	0.00691	0.00834	0.00581	0.00520	0.01172	0.11283	0.02000	0.61310	0.06225	0.09220	0.01038	0.00596	0.00165	0.00266	0.00911	0.00551	0.00521
4	0.00733	0.00520	0.00692	0.00698	0.00745	0.00564	0.00482	0.00828	0.00798	0.01109	0.01565	0.07038	0.01664	0.39145	0.40480	0.00642	0.00917	0.00689	0.00302	0.00389
5	0.00739	0.00527	0.00709	0.00709	0.00761	0.00579	0.00497	0.00842	0.00790	0.01105	0.01480	0.02601	0.01537	0.37943	0.46187	0.00682	0.00992	0.00635	0.00291	0.00394
6	0.01951	0.01437	0.01540	0.01181	0.01591	0.01591	0.00975	0.77056	0.02412	0.03234	0.01232	0.01232	0.00873	0.00616	0.00513	0.00154	0.00565	0.00462	0.00513	0.00873
7	0.01917	0.02445	0.01454	0.01322	0.01586	0.79907	0.00991	0.02049	0.01454	0.01256	0.00793	0.00925	0.00661	0.00529	0.00463	0.00132	0.00925	0.00330	0.00264	0.00595
8	0.00969	0.00912	0.01539	0.80734	0.03534	0.01140	0.01425	0.01311	0.01026	0.01311	0.00912	0.01368	0.00684	0.00513	0.00513	0.00171	0.00684	0.00456	0.00228	0.00570
9	0.01980	0.01390	0.01511	0.01158	0.01568	0.01521	0.00957	0.70790	0.02333	0.09611	0.01298	0.01275	0.00906	0.00618	0.00514	0.00154	0.00554	0.00467	0.00524	0.00873
10	0.02302	0.00873	0.01191	0.00913	0.01310	0.00754	0.00754	0.02501	0.01469	0.79122	0.02024	0.01746	0.01270	0.00635	0.00516	0.00159	0.00437	0.00516	0.00635	0.00873
11	0.02290	0.00893	0.01203	0.00922	0.01320	0.00784	0.00762	0.05161	0.01502	0.76414	0.01996	0.01728	0.01256	0.00634	0.00516	0.00159	0.00441	0.00514	0.00631	0.00873
12	0.00817	0.00681	0.00895	0.00876	0.00958	0.04283	0.00675	0.00975	0.00857	0.01197	0.01397	0.07647	0.01376	0.07196	0.59216	0.00675	0.08924	0.00605	0.00286	0.00464
13	0.00666	0.00485	0.00634	0.00742	0.00789	0.00466	0.00511	0.00826	0.04525	0.01361	0.02788	0.73823	0.03286	0.01555	0.00652	0.00208	0.00312	0.05456	0.00478	0.00438
14	0.01886	0.01403	0.01645	0.01323	0.05233	0.01525	0.05706	0.66137	0.02246	0.05846	0.01237	0.01262	0.00879	0.00598	0.00519	0.00155	0.00581	0.00473	0.00490	0.00859
15	0.01274	0.09640	0.01549	0.01646	0.25726	0.06743	0.03492	0.05092	0.01218	0.09933	0.01640	0.23931	0.01636	0.00843	0.00538	0.00167	0.00521	0.03373	0.00375	0.00663
16	0.39988	0.23871	0.03730	0.01063	0.07057	0.10645	0.02865	0.02888	0.01052	0.01807	0.00765	0.00903	0.00630	0.00472	0.00368	0.00142	0.00542	0.00311	0.00278	0.00623
17	0.01405	0.53163	0.02451	0.01267	0.07919	0.12697	0.09587	0.01603	0.01122	0.01297	0.00805	0.01002	0.00716	0.02499	0.00451	0.00133	0.00641	0.00347	0.00235	0.00658
18	0.08836	0.00878	0.01103	0.00890	0.01222	0.02793	0.00723	0.02121	0.01325	0.56383	0.03771	0.04631	0.01344	0.00937	0.07204	0.00216	0.02350	0.00535	0.00547	0.02192
19	0.01487	0.04621	0.27675	0.01276	0.01761	0.08825	0.08113	0.07597	0.07108	0.18187	0.04266	0.02765	0.01089	0.00591	0.00533	0.00160	0.02337	0.00483	0.00378	0.00749
20	0.01415	0.01306	0.05788	0.06404	0.06563	0.11823	0.05574	0.10131	0.03193	0.11781	0.01325	0.12096	0.01176	0.00769	0.00784	0.00177	0.18080	0.00589	0.00362	0.00664
21	0.02302	0.00873	0.01191	0.00913	0.01310	0.00754	0.00754	0.02501	0.01469	0.79122	0.02024	0.01746	0.01270	0.00635	0.00516	0.00159	0.00437	0.00516	0.00635	0.00873
22	0.00652	0.00489	0.00705	0.00780	0.00832	0.00456	0.03924	0.00756	0.00993	0.01325	0.02747	0.78013	0.03276	0.01555	0.00653	0.00207	0.00323	0.01420	0.00467	0.00429
23	0.01348	0.05740	0.39411	0.01664	0.13964	0.01234	0.08197	0.09622	0.01291	0.11067	0.01093	0.01222	0.00785	0.00507	0.00500	0.00158	0.00676	0.00431	0.00308	0.00782
24	0.01372	0.82276	0.02689	0.00878	0.01317	0.02030	0.00878	0.01536	0.01043	0.01207	0.00713	0.00823	0.00658	0.00439	0.00329	0.00110	0.00549	0.00274	0.00219	0.00658
25	0.10301	0.00885	0.01149	0.00890	0.01279	0.00792	0.00735	0.02405	0.01411	0.71744	0.01898	0.01659	0.01202	0.00620	0.00497	0.00159	0.00433	0.00493	0.00605	0.00843
26	0.01141	0.14117	0.58039	0.01315	0.01959	0.05673	0.01599	0.01621	0.01125	0.03252	0.04882	0.01192	0.00880	0.00515	0.00470	0.00153	0.00704	0.00392	0.00247	0.00723
27	0.01688	0.01131	0.03489	0.05501	0.12204	0.01105	0.07443	0.23894	0.01599	0.25553	0.01562	0.09842	0.01226	0.00680	0.00535	0.00164	0.00541	0.00592	0.00467	0.00783
28	0.00976	0.00517	0.00521	0.00513	0.00643	0.00528	0.00387	0.01290	0.05834	0.01927	0.01700	0.01913	0.01331	0.00604	0.00369	0.00123	0.00249	0.00485	0.79591	0.00499
29	0.00619	0.00518	0.00539	0.00539	0.00702	0.00438	0.00402	0.00760	0.01193	0.01453	0.12684	0.07355	0.68471	0.01284	0.00608	0.00173	0.00259	0.01079	0.00486	0.00438
30	0.23622	0.01246	0.08598	0.03065	0.20500	0.01150	0.06847	0.08615	0.01251	0.17437	0.01131	0.01238	0.00820	0.00521	0.00484	0.00159	0.01782	0.00426	0.00367	0.00740
31	0.00872	0.00597	0.00741	0.00754	0.00878	0.00585	0.00545	0.01206	0.12475	0.07644	0.19053	0.43213	0.06900	0.01262	0.00611	0.00188	0.00311	0.01123	0.00514	0.00526
32	0.01563	0.01615	0.01806	0.02370	0.47003	0.28117	0.01318	0.01801	0.01287	0.06881	0.00979	0.01185	0.00792	0.00494	0.00493	0.00146	0.00706	0.00418	0.00284	0.00742
33	0.16100	0.00952	0.01042	0.02460	0.01244	0.00820	0.00634	0.04989	0.01094	0.01852	0.00892	0.01038	0.00728	0.00411	0.00378	0.00096	0.00398	0.00310	0.00315	0.64246

[dist]
# distance from previous block
# <min> <max>
0	1

[block]
# block no. 2 follows, 48 sequences, length 50
# corresponding to MSA columns:
# 733-782
name=unknown_C
#
# <colnr> <probs for GDERKNQSTAVLIFYWHMCP>
#	G	D	E	R	K	N	Q	S	T	A	V	L	I	F	Y	W	H	M	C	P
0	0.01351	0.45878	0.07352	0.01081	0.04789	0.01701	0.00965	0.06291	0.22642	0.01638	0.01154	0.01190	0.00931	0.00525	0.00413	0.00136	0.00527	0.00386	0.00323	0.00728
1	0.00869	0.00454	0.00652	0.00652	0.00652	0.00454	0.00425	0.00680	0.00680	0.00907	0.01003	0.01837	0.01041	0.14135	0.02099	0.72043	0.00454	0.00492	0.00236	0.00236
2	0.14834	0.00962	0.01111	0.00851	0.01255	0.00881	0.00695	0.08841	0.03023	0.32034	0.01369	0.01328	0.00955	0.00523	0.00439	0.00131	0.00422	0.00403	0.00459	0.29484
3	0.01270	0.01219	0.02083	0.03149	0.78767	0.01219	0.01575	0.01575	0.01168	0.01676	0.00965	0.01270	0.00813	0.00457	0.00508	0.00152	0.00610	0.00457	0.00254	0.00813
4	0.73928	0.00976	0.00815	0.00708	0.01037	0.01095	0.00583	0.01647	0.00957	0.13060	0.00898	0.00961	0.00656	0.00499	0.00345	0.00159	0.00402	0.00311	0.00362	0.00600
5	0.00743	0.00554	0.00801	0.00797	0.00874	0.00639	0.00604	0.00898	0.00813	0.01164	0.01395	0.02190	0.01354	0.14940	0.67366	0.00766	0.02809	0.00576	0.00279	0.00439
6	0.07908	0.01127	0.01235	0.00992	0.01340	0.01210	0.00807	0.35579	0.14199	0.18307	0.04077	0.01560	0.01210	0.00635	0.00491	0.00156	0.00463	0.00495	0.07415	0.00795
7	0.00969	0.00912	0.01539	0.80734	0.03534	0.01140	0.01425	0.01311	0.01026	0.01311	0.00912	0.01368	0.00684	0.00513	0.00513	0.00171	0.00684	0.00456	0.00228	0.00570
8	0.01270	0.01219	0.02083	0.03149	0.78767	0.01219	0.01575	0.01575	0.01168	0.01676	0.00965	0.01270	0.00813	0.00457	0.00508	0.00152	0.00610	0.00457	0.00254	0.00813
9	0.78888	0.00983	0.00789	0.00694	0.01018	0.01119	0.00572	0.01588	0.00921	0.08485	0.00820	0.00907	0.00613	0.00489	0.00334	0.00159	0.00400	0.00297	0.00343	0.00581
10	0.02287	0.00897	0.01206	0.00924	0.01322	0.00790	0.00764	0.05660	0.01509	0.75906	0.01991	0.01725	0.01253	0.00634	0.00516	0.00159	0.00442	0.00514	0.00630	0.00873
11	0.02302	0.00873	0.01191	0.00913	0.01310	0.00754	0.00754	0.02501	0.01469	0.79122	0.02024	0.01746	0.01270	0.00635	0.00516	0.00159	0.00437	0.00516	0.00635	0.00873
12	0.00625	0.00447	0.00595	0.00714	0.00744	0.00417	0.00476	0.00714	0.00982	0.01310	0.02828	0.81633	0.03394	0.01608	0.00655	0.00208	0.00298	0.01459	0.00476	0.00417
13	0.01105	0.01071	0.01593	0.01340	0.01383	0.01428	0.07242	0.01207	0.00808	0.01231	0.00727	0.01191	0.00706	0.00956	0.01630	0.09385	0.65774	0.00461	0.00227	0.00535
14	0.01946	0.01078	0.01386	0.01344	0.14448	0.03602	0.00925	0.15212	0.05204	0.43637	0.01655	0.01619	0.01140	0.03687	0.00592	0.00170	0.00505	0.00502	0.00520	0.00829
15	0.00676	0.00505	0.00729	0.00806	0.00868	0.00477	0.03761	0.00799	0.01018	0.01353	0.02738	0.68360	0.03225	0.01533	0.00660	0.00211	0.00344	0.11035	0.00467	0.00436
16	0.01251	0.01157	0.01942	0.24490	0.42575	0.01232	0.07744	0.07592	0.01231	0.03000	0.00991	0.01309	0.00784	0.00494	0.00538	0.00161	0.02028	0.00470	0.00274	0.00736
17	0.01056	0.06245	0.01801	0.58720	0.13985	0.01220	0.07047	0.01388	0.01061	0.01381	0.00916	0.01320	0.00708	0.00494	0.00507	0.00165	0.00678	0.00456	0.00233	0.00619
18	0.00732	0.00533	0.00778	0.00794	0.00870	0.00600	0.00601	0.00879	0.00839	0.01188	0.01555	0.10370	0.01565	0.08269	0.61542	0.04296	0.01146	0.02709	0.00301	0.00435
19	0.01424	0.41916	0.12877	0.01144	0.04423	0.22194	0.01049	0.01645	0.01167	0.01314	0.00967	0.01083	0.03968	0.00505	0.00406	0.00127	0.00663	0.00346	0.00245	0.02539
20	0.01275	0.39425	0.36624	0.01175	0.01756	0.01555	0.03426	0.01641	0.01093	0.06436	0.00899	0.01014	0.00698	0.00473	0.00419	0.00138	0.00643	0.00346	0.00246	0.00718
21	0.02251	0.00954	0.01241	0.00951	0.01350	0.00875	0.00786	0.13239	0.01605	0.68192	0.01910	0.01672	0.01213	0.00632	0.00516	0.00158	0.00455	0.00508	0.00618	0.00873
22	0.01016	0.03225	0.10628	0.01022	0.06730	0.00805	0.02626	0.01387	0.09121	0.09253	0.16846	0.05168	0.25094	0.00922	0.00588	0.00168	0.02333	0.02014	0.00447	0.00608
23	0.01990	0.06708	0.04148	0.01203	0.09590	0.01025	0.00916	0.10238	0.05664	0.50519	0.01702	0.01563	0.01131	0.00599	0.00501	0.00155	0.00486	0.00486	0.00532	0.00844
24	0.02149	0.00851	0.01132	0.00884	0.01254	0.00755	0.00725	0.02405	0.04780	0.69539	0.01999	0.01767	0.01287	0.00635	0.00504	0.00156	0.00419	0.00516	0.07406	0.00839
25	0.00734	0.00544	0.00797	0.00797	0.00879	0.00626	0.00607	0.00899	0.00816	0.01171	0.01400	0.02155	0.01343	0.11977	0.71888	0.00791	0.01283	0.00570	0.00279	0.00443
26	0.01312	0.02296	0.45248	0.01561	0.08284	0.17665	0.03866	0.07040	0.02753	0.01666	0.00939	0.01103	0.00704	0.00516	0.00523	0.00157	0.02986	0.00394	0.00258	0.00730
27	0.05330	0.11510	0.41711	0.01422	0.04501	0.01287	0.10569	0.06956	0.01217	0.09300	0.01032	0.01158	0.00743	0.00497	0.00480	0.00156	0.00679	0.00411	0.00290	0.00750
28	0.85592	0.00992	0.00754	0.00675	0.00992	0.01151	0.00556	0.01508	0.00873	0.02302	0.00714	0.00834	0.00556	0.00476	0.00318	0.00159	0.00397	0.00278	0.00318	0.00556
29	0.00665	0.00466	0.00601	0.00696	0.00752	0.00427	0.00473	0.00762	0.01017	0.03257	0.03099	0.70230	0.12565	0.01546	0.00646	0.00203	0.00297	0.01389	0.00480	0.00430
30	0.01482	0.01446	0.20808	0.03500	0.25063	0.01062	0.05056	0.01903	0.05947	0.23991	0.03714	0.01487	0.01070	0.00549	0.00514	0.00160	0.00587	0.00484	0.00380	0.00795
31	0.01027	0.00849	0.01239	0.03947	0.24381	0.00875	0.00912	0.04580	0.04247	0.03915	0.27046	0.08551	0.06632	0.03524	0.00703	0.00178	0.05622	0.00739	0.00417	0.00617
32	0.01323	0.18651	0.18389	0.00916	0.01288	0.01088	0.00913	0.04492	0.01145	0.15820	0.01321	0.01615	0.01062	0.11342	0.00743	0.00188	0.02237	0.00454	0.16369	0.00646
33	0.18249	0.00975	0.02400	0.00823	0.02464	0.00831	0.00663	0.03794	0.01113	0.10344	0.01005	0.01101	0.00777	0.00438	0.00390	0.00107	0.00406	0.00331	0.00347	0.53442
34	0.21734	0.06714	0.10190	0.01074	0.01461	0.16146	0.03840	0.10247	0.07875	0.05193	0.02132	0.01143	0.00835	0.00532	0.00457	0.00147	0.01978	0.00383	0.00341	0.07577
35	0.01610	0.41092	0.02025	0.01087	0.01428	0.39523	0.00919	0.01756	0.01239	0.01234	0.00821	0.03535	0.00750	0.00521	0.00404	0.00124	0.00722	0.00340	0.00250	0.00620
36	0.03931	0.09636	0.01469	0.01221	0.12054	0.01016	0.00879	0.06544	0.02893	0.47557	0.02935	0.01539	0.01146	0.00582	0.00486	0.00149	0.00473	0.00472	0.00505	0.04511
37	0.12890	0.00931	0.01142	0.00916	0.01280	0.00892	0.00759	0.10323	0.02865	0.53239	0.01827	0.01906	0.01278	0.00678	0.00506	0.00165	0.00448	0.06592	0.00566	0.00798
38	0.00749	0.00463	0.00546	0.00613	0.00686	0.00441	0.00426	0.00898	0.01030	0.01543	0.02541	0.46674	0.07332	0.01206	0.00540	0.00173	0.00273	0.01064	0.32362	0.00441
39	0.04374	0.00922	0.01423	0.04658	0.16404	0.02582	0.12414	0.03464	0.05079	0.06568	0.14817	0.21193	0.02171	0.00865	0.00568	0.00173	0.00489	0.00803	0.00408	0.00623
40	0.06494	0.09259	0.05023	0.13014	0.11411	0.09131	0.05040	0.30587	0.01623	0.02168	0.01006	0.01165	0.00764	0.00533	0.00482	0.00151	0.00635	0.00423	0.00350	0.00741
41	0.81611	0.00987	0.00775	0.00686	0.01007	0.01132	0.00565	0.01556	0.00902	0.05974	0.00777	0.00877	0.00590	0.00484	0.00327	0.00159	0.00399	0.00289	0.00333	0.00571
42	0.00636	0.00470	0.00595	0.00678	0.00743	0.00429	0.00468	0.00750	0.01066	0.01402	0.10853	0.59197	0.16558	0.01495	0.00642	0.00198	0.00289	0.02619	0.00485	0.00427
43	0.04872	0.14718	0.35654	0.01468	0.11105	0.04322	0.04325	0.01725	0.03508	0.09789	0.03184	0.01231	0.00882	0.00513	0.00469	0.00152	0.00643	0.00410	0.00293	0.00738
44	0.01285	0.23240	0.41503	0.01428	0.09379	0.01369	0.03030	0.01693	0.01126	0.09965	0.00993	0.01112	0.00738	0.00487	0.00453	0.00147	0.00656	0.00379	0.00268	0.00749
45	0.00940	0.00567	0.00750	0.00689	0.00841	0.00517	0.00521	0.01163	0.01417	0.12829	0.61658	0.09802	0.04223	0.01036	0.00597	0.00165	0.00274	0.00913	0.00568	0.00533
46	0.01195	0.01345	0.10311	0.03235	0.36526	0.06295	0.05388	0.03068	0.08094	0.01690	0.06647	0.04740	0.04505	0.00629	0.00576	0.00162	0.03999	0.00557	0.00318	0.00719
47	0.01236	0.09954	0.02187	0.12715	0.52054	0.01306	0.10118	0.01545	0.01141	0.01575	0.00940	0.01247	0.00776	0.00460	0.00500	0.00153	0.00642	0.00454	0.00248	0.00751
48	0.01830	0.07707	0.07020	0.01125	0.07663	0.00961	0.00900	0.08092	0.01437	0.45524	0.07824	0.04784	0.01473	0.00663	0.00510	0.00156	0.00473	0.00546	0.00518	0.00794
49	0.01108	0.01086	0.02968	0.09160	0.40296	0.01064	0.14031	0.01418	0.01172	0.01614	0.04465	0.03352	0.05787	0.00662	0.00560	0.00170	0.00605	0.09487	0.00307	0.00689

[dist]
# distance from previous block
# <min> <max>
5	29

[block]
# block no. 3 follows, 48 sequences, length 35
# corresponding to MSA columns:
# 812-846
name=unknown_D
#
# <colnr> <probs for GDERKNQSTAVLIFYWHMCP>
#	G	D	E	R	K	N	Q	S	T	A	V	L	I	F	Y	W	H	M	C	P
0	0.01238	0.03487	0.08455	0.00958	0.01426	0.05323	0.03150	0.11361	0.01269	0.01836	0.00947	0.01083	0.00757	0.00433	0.00418	0.00101	0.00489	0.00342	0.00318	0.56609
1	0.11787	0.38175	0.11730	0.01189	0.01649	0.08271	0.13489	0.05554	0.01161	0.01576	0.00826	0.00979	0.00676	0.00465	0.00414	0.00137	0.00640	0.00357	0.00257	0.00669
2	0.00812	0.00638	0.00757	0.00841	0.00942	0.04465	0.00674	0.00981	0.01111	0.01410	0.02760	0.20543	0.09646	0.09309	0.00863	0.00245	0.00443	0.42664	0.00447	0.00448
3	0.00708	0.00516	0.00606	0.00626	0.00706	0.00485	0.00439	0.00815	0.01032	0.01341	0.13260	0.10317	0.22656	0.32422	0.01398	0.00308	0.00381	0.11163	0.00424	0.00397
4	0.15905	0.05961	0.01280	0.00930	0.01313	0.02922	0.02846	0.08109	0.03159	0.44126	0.01536	0.01440	0.01034	0.00635	0.01950	0.00164	0.00485	0.00446	0.00501	0.05260
5	0.01154	0.01078	0.01831	0.17232	0.42308	0.01124	0.08729	0.01504	0.06313	0.01546	0.01070	0.01479	0.00900	0.05113	0.00736	0.05813	0.00618	0.00495	0.00269	0.00688
6	0.00765	0.00523	0.00629	0.00672	0.00797	0.00473	0.00507	0.00910	0.01119	0.05753	0.03595	0.30531	0.31811	0.01338	0.00618	0.00191	0.00315	0.12912	0.06081	0.00461
7	0.04022	0.00900	0.01204	0.01047	0.05414	0.00843	0.00811	0.08945	0.01456	0.54468	0.01877	0.02007	0.01333	0.00904	0.05937	0.00210	0.00523	0.06739	0.00558	0.00800
8	0.12256	0.01023	0.01201	0.01046	0.01330	0.02967	0.06554	0.10768	0.25935	0.08818	0.01856	0.09930	0.01626	0.00823	0.00539	0.00180	0.00473	0.11520	0.00467	0.00689
9	0.01583	0.18054	0.04486	0.01266	0.01578	0.33749	0.06041	0.08277	0.06539	0.01512	0.00908	0.01061	0.00749	0.00571	0.00619	0.00149	0.11537	0.00383	0.00287	0.00654
10	0.01064	0.00912	0.01064	0.00760	0.01216	0.00684	0.00608	0.01292	0.01064	0.01672	0.00912	0.01064	0.00760	0.00380	0.00380	0.00076	0.00380	0.00304	0.00304	0.85104
11	0.01233	0.01073	0.01651	0.35963	0.28877	0.02955	0.01333	0.06672	0.03588	0.05967	0.04895	0.01475	0.01007	0.00540	0.00515	0.00161	0.00612	0.00484	0.00306	0.00695
12	0.00742	0.00543	0.00667	0.00715	0.00781	0.00541	0.00492	0.00975	0.08833	0.01416	0.10689	0.41315	0.04060	0.20247	0.01096	0.00269	0.00359	0.05366	0.00452	0.00443
13	0.04163	0.01027	0.01524	0.22467	0.13397	0.01082	0.06242	0.13672	0.01397	0.19804	0.03959	0.01575	0.01076	0.00578	0.00511	0.00160	0.00560	0.01496	0.04586	0.00723
14	0.04249	0.03639	0.13770	0.01269	0.09352	0.01053	0.03166	0.01484	0.01058	0.07698	0.00956	0.01146	0.00763	0.00522	0.00651	0.00137	0.14549	0.00380	0.00294	0.33865
15	0.00796	0.00625	0.00898	0.01034	0.09222	0.00677	0.00674	0.00929	0.00900	0.01253	0.01765	0.22564	0.01924	0.18404	0.26695	0.00462	0.06084	0.04293	0.00337	0.00464
16	0.00662	0.00485	0.00669	0.05196	0.00928	0.00473	0.00561	0.00779	0.01003	0.01330	0.02711	0.70360	0.03203	0.01529	0.00652	0.00209	0.00335	0.08023	0.00462	0.00430
17	0.14693	0.03833	0.04746	0.01136	0.01496	0.19324	0.04063	0.29299	0.04021	0.06739	0.01167	0.05127	0.00925	0.00609	0.00476	0.00153	0.00616	0.00457	0.00400	0.00717
18	0.01372	0.82276	0.02689	0.00878	0.01317	0.02030	0.00878	0.01536	0.01043	0.01207	0.00713	0.00823	0.00658	0.00439	0.00329	0.00110	0.00549	0.00274	0.00219	0.00658
19	0.01241	0.01077	0.06558	0.00954	0.03499	0.00805	0.03120	0.05213	0.01181	0.09597	0.01047	0.01158	0.00812	0.00429	0.00418	0.00099	0.00442	0.00352	0.00339	0.61659
20	0.03383	0.15623	0.16164	0.01179	0.01636	0.01282	0.09393	0.07383	0.16110	0.18662	0.03236	0.01447	0.01092	0.00568	0.00486	0.00155	0.00561	0.00471	0.00404	0.00766
21	0.00735	0.00497	0.00567	0.00571	0.00584	0.00491	0.00331	0.00756	0.00807	0.01077	0.05748	0.07707	0.04115	0.71275	0.02348	0.00456	0.00467	0.00803	0.00337	0.00329
22	0.00793	0.00590	0.00793	0.00865	0.03380	0.00573	0.00675	0.01057	0.03581	0.01741	0.32114	0.07695	0.08643	0.01222	0.00648	0.00197	0.00365	0.34074	0.00503	0.00493
23	0.05505	0.03578	0.01650	0.08248	0.07986	0.01083	0.15028	0.10471	0.05504	0.22353	0.02425	0.04135	0.02077	0.00608	0.00520	0.00160	0.00555	0.02247	0.00421	0.05445
24	0.01126	0.01045	0.01722	0.09605	0.54416	0.01064	0.01323	0.01440	0.03528	0.01649	0.07589	0.09451	0.02523	0.00643	0.00533	0.00161	0.00544	0.00607	0.00310	0.00720
25	0.00627	0.00472	0.00581	0.00656	0.00732	0.00426	0.00453	0.00738	0.01066	0.01382	0.08633	0.55291	0.24114	0.01485	0.00638	0.00196	0.00284	0.01319	0.00482	0.00426
26	0.01272	0.03208	0.08319	0.06313	0.27433	0.03011	0.23389	0.01686	0.05642	0.06925	0.02483	0.01639	0.01036	0.00546	0.00544	0.00165	0.00669	0.04679	0.00309	0.00731
27	0.01003	0.07551	0.18685	0.01103	0.01433	0.00943	0.07373	0.05528	0.05334	0.03050	0.01993	0.23030	0.04293	0.00997	0.00579	0.00186	0.00524	0.15407	0.00387	0.00602
28	0.00691	0.00499	0.00593	0.00630	0.00741	0.00444	0.00449	0.00823	0.01132	0.03911	0.13138	0.37312	0.33080	0.01362	0.00618	0.00185	0.00279	0.01192	0.02473	0.00448
29	0.01244	0.01355	0.02828	0.07450	0.02667	0.01306	0.66723	0.06625	0.01278	0.01726	0.01042	0.01373	0.00778	0.00450	0.00593	0.00172	0.00833	0.00586	0.00274	0.00696
30	0.06900	0.01152	0.01802	0.15570	0.17315	0.01224	0.16746	0.13016	0.09811	0.03956	0.01266	0.01667	0.01016	0.00584	0.00533	0.00169	0.00618	0.05591	0.00348	0.00716
31	0.07263	0.32436	0.01873	0.01112	0.01445	0.45332	0.00920	0.01820	0.01260	0.01307	0.00758	0.00881	0.00653	0.00491	0.00403	0.00125	0.00748	0.00306	0.00251	0.00616
32	0.01064	0.00912	0.01064	0.00760	0.01216	0.00684	0.00608	0.01292	0.01064	0.01672	0.00912	0.01064	0.00760	0.00380	0.00380	0.00076	0.00380	0.00304	0.00304	0.85104
33	0.01736	0.01731	0.01875	0.02744	0.01887	0.28384	0.20707	0.25971	0.02909	0.05461	0.01074	0.01202	0.00801	0.00539	0.00520	0.00152	0.00760	0.00458	0.00363	0.00724
34	0.01378	0.01346	0.06877	0.01778	0.24212	0.13695	0.06981	0.05305	0.02723	0.09613	0.01493	0.06847	0.01358	0.00732	0.00551	0.00170	0.00624	0.13261	0.00361	0.00692

[dist]
# distance from previous block
# <min> <max>
0	4

[block]
# block no. 4 follows, 48 sequences, length 25
# corresponding to MSA columns:
# 851-875
name=unknown_E
#
# <colnr> <probs for GDERKNQSTAVLIFYWHMCP>
#	G	D	E	R	K	N	Q	S	T	A	V	L	I	F	Y	W	H	M	C	P
0	0.00923	0.00732	0.01002	0.00977	0.01063	0.00858	0.00806	0.01087	0.01006	0.04251	0.02132	0.07411	0.09009	0.05535	0.09775	0.00301	0.23844	0.28414	0.00378	0.00497
1	0.04023	0.00573	0.00748	0.00785	0.00902	0.00549	0.02656	0.00956	0.01071	0.04308	0.02888	0.27974	0.15093	0.10127	0.00858	0.00238	0.00394	0.24951	0.00451	0.00456
2	0.17277	0.04432	0.02062	0.03122	0.11207	0.05012	0.29784	0.17402	0.01395	0.02063	0.00983	0.01192	0.00749	0.00488	0.00501	0.00160	0.00671	0.00468	0.00321	0.00711
3	0.01372	0.82276	0.02689	0.00878	0.01317	0.02030	0.00878	0.01536	0.01043	0.01207	0.00713	0.00823	0.00658	0.00439	0.00329	0.00110	0.00549	0.00274	0.00219	0.00658
4	0.01168	0.01028	0.01376	0.01087	0.05623	0.00872	0.09083	0.07339	0.03853	0.01808	0.00995	0.01153	0.00802	0.00419	0.00427	0.00100	0.00461	0.00367	0.00320	0.61717
5	0.01076	0.08584	0.03907	0.52673	0.16554	0.01248	0.06041	0.01407	0.01066	0.01395	0.00911	0.01294	0.00709	0.00491	0.00500	0.00162	0.00671	0.00446	0.00233	0.00634
6	0.00710	0.00540	0.00658	0.00690	0.00821	0.00497	0.00548	0.00891	0.01210	0.01561	0.20436	0.06976	0.32329	0.05327	0.00740	0.00208	0.00336	0.24583	0.00487	0.00450
7	0.00931	0.00723	0.01062	0.01060	0.01234	0.00732	0.07405	0.04506	0.05931	0.01650	0.02472	0.07158	0.02602	0.01259	0.00678	0.00223	0.00501	0.58886	0.00459	0.00528
8	0.01309	0.06068	0.30500	0.01327	0.05589	0.01200	0.04558	0.03154	0.24689	0.11465	0.01477	0.01588	0.01103	0.00596	0.00507	0.00165	0.00584	0.02966	0.00379	0.00776
9	0.00722	0.00519	0.00679	0.00659	0.00769	0.00483	0.00490	0.00943	0.01379	0.01940	0.66773	0.10441	0.04551	0.03808	0.00680	0.00179	0.00264	0.03702	0.00546	0.00472
10	0.00672	0.00474	0.00589	0.00661	0.00694	0.00452	0.00432	0.00741	0.00926	0.01222	0.02587	0.47523	0.07955	0.27892	0.01295	0.00302	0.00368	0.04408	0.00422	0.00386
11	0.43212	0.01228	0.05382	0.01166	0.01573	0.01227	0.19303	0.12584	0.01228	0.07256	0.00964	0.01098	0.00707	0.00497	0.00438	0.00162	0.00556	0.00405	0.00348	0.00666
12	0.01165	0.01420	0.31570	0.01027	0.01429	0.00813	0.01079	0.01482	0.01141	0.17830	0.07719	0.13072	0.03476	0.11186	0.00807	0.00213	0.00533	0.03003	0.00394	0.00640
13	0.00965	0.00570	0.00766	0.03828	0.01000	0.00541	0.00623	0.01124	0.01122	0.13759	0.02694	0.40068	0.07550	0.01297	0.00621	0.00198	0.00368	0.17554	0.04837	0.00512
14	0.00722	0.00536	0.00691	0.00783	0.00871	0.00520	0.00595	0.00936	0.05241	0.01435	0.03020	0.44714	0.11636	0.01463	0.00659	0.00211	0.00354	0.24674	0.00478	0.00458
15	0.76116	0.01040	0.00919	0.00782	0.01116	0.01186	0.04515	0.06147	0.00985	0.02325	0.00763	0.00886	0.00587	0.00483	0.00344	0.00159	0.00431	0.00306	0.00327	0.00582
16	0.22285	0.00851	0.03697	0.00783	0.00995	0.04791	0.05184	0.01083	0.01038	0.01593	0.02642	0.20974	0.24783	0.06304	0.00663	0.00196	0.00408	0.00850	0.00392	0.00488
17	0.10700	0.19194	0.04287	0.04153	0.05363	0.24599	0.02979	0.05760	0.01253	0.01568	0.01087	0.01644	0.00995	0.00619	0.00461	0.00149	0.00652	0.10798	0.00301	0.03439
18	0.20389	0.00760	0.00850	0.00790	0.00990	0.02529	0.04476	0.01205	0.05785	0.03129	0.10853	0.20766	0.13353	0.04020	0.00613	0.00187	0.00381	0.04874	0.00427	0.03623
19	0.12262	0.05897	0.04161	0.05544	0.03656	0.16347	0.09137	0.09186	0.01297	0.05736	0.01233	0.01844	0.01082	0.00657	0.00534	0.00162	0.02993	0.12112	0.00342	0.05817
20	0.13257	0.05491	0.03866	0.01072	0.05124	0.00967	0.04131	0.07749	0.05311	0.08123	0.01707	0.02874	0.01618	0.05668	0.00661	0.00198	0.00497	0.25485	0.00407	0.05794
21	0.18575	0.12391	0.08173	0.06125	0.01457	0.05385	0.00877	0.06188	0.01165	0.06840	0.01120	0.01547	0.00954	0.00574	0.00434	0.00141	0.00514	0.08181	0.00333	0.19026
22	0.24284	0.13483	0.04398	0.06875	0.05899	0.09329	0.06523	0.06101	0.02926	0.09197	0.00981	0.01103	0.00748	0.00497	0.00425	0.00145	0.00567	0.00376	0.00325	0.05818
23	0.08403	0.23132	0.05323	0.00956	0.01354	0.05866	0.01817	0.08558	0.04316	0.16807	0.02623	0.01465	0.01039	0.00570	0.00440	0.00138	0.00515	0.04455	0.00381	0.11841
24	0.18783	0.31530	0.09185	0.00952	0.01381	0.03534	0.01940	0.11040	0.01244	0.08962	0.02349	0.01064	0.00803	0.00502	0.00397	0.00136	0.00529	0.00350	0.00327	0.04993

[dist]
# distance from previous block
# <min> <max>
18	56

[block]
# block no. 5 follows, 48 sequences, length 9
# corresponding to MSA columns:
# 935-943
name=unknown_F
#
# <colnr> <probs for GDERKNQSTAVLIFYWHMCP>
#	G	D	E	R	K	N	Q	S	T	A	V	L	I	F	Y	W	H	M	C	P
0	0.01375	0.04271	0.45331	0.01258	0.01856	0.01200	0.01429	0.17728	0.01415	0.11395	0.01282	0.01338	0.03811	0.00559	0.00493	0.00156	0.00640	0.00435	0.00344	0.03684
1	0.08335	0.26947	0.21048	0.01006	0.01403	0.01257	0.03640	0.01397	0.02788	0.03103	0.03787	0.02983	0.00964	0.00881	0.03957	0.14643	0.00593	0.00415	0.00266	0.00590
2	0.00840	0.01029	0.18855	0.06966	0.01358	0.00695	0.00928	0.01092	0.01047	0.04606	0.03811	0.40264	0.02329	0.01341	0.05680	0.00234	0.00522	0.07479	0.00393	0.00535
3	0.01605	0.01307	0.01260	0.01066	0.01379	0.12869	0.00842	0.22419	0.30075	0.10550	0.09629	0.01766	0.01555	0.00680	0.00519	0.00159	0.00512	0.00541	0.00498	0.00769
4	0.01277	0.13379	0.26265	0.01034	0.01539	0.01084	0.01086	0.05971	0.01239	0.11865	0.09142	0.01423	0.01209	0.00540	0.00456	0.00133	0.00529	0.00426	0.00347	0.21058
5	0.01227	0.02168	0.56942	0.01435	0.06911	0.01090	0.01609	0.01718	0.01141	0.12550	0.01078	0.01187	0.00757	0.00498	0.00484	0.00154	0.00672	0.00397	0.00285	0.07695
6	0.09947	0.02148	0.56372	0.09834	0.02159	0.01146	0.01612	0.01651	0.01087	0.08017	0.00989	0.01142	0.00695	0.00501	0.00475	0.00163	0.00686	0.00388	0.00263	0.00726
7	0.01281	0.00979	0.01650	0.16621	0.27187	0.00981	0.09973	0.01550	0.01177	0.15970	0.01605	0.12738	0.04611	0.00695	0.00547	0.00168	0.00562	0.00652	0.00361	0.00693
8	0.01478	0.01209	0.10339	0.01904	0.32771	0.01013	0.03866	0.01851	0.05818	0.23733	0.09417	0.01694	0.01388	0.00586	0.00522	0.00158	0.00536	0.00527	0.00407	0.00785

[dist]
# distance from previous block
# <min> <max>
0	18

[block]
# block no. 6 follows, 48 sequences, length 32
# corresponding to MSA columns:
# 962-993
name=unknown_G
#
# <colnr> <probs for GDERKNQSTAVLIFYWHMCP>
#	G	D	E	R	K	N	Q	S	T	A	V	L	I	F	Y	W	H	M	C	P
0	0.02169	0.00902	0.01190	0.00920	0.01300	0.00812	0.00757	0.09146	0.01553	0.67295	0.06876	0.01834	0.01464	0.00660	0.00521	0.00159	0.00436	0.00538	0.00620	0.00848
1	0.00997	0.14683	0.21054	0.04887	0.06619	0.03812	0.01044	0.01273	0.01107	0.02866	0.09648	0.26244	0.01964	0.00888	0.00528	0.00166	0.00514	0.00763	0.00346	0.00598
2	0.01334	0.06616	0.29397	0.01410	0.11750	0.01025	0.04479	0.01694	0.01221	0.20060	0.08656	0.05625	0.03193	0.00641	0.00514	0.00160	0.00571	0.00547	0.00375	0.00733
3	0.01704	0.00837	0.01178	0.03636	0.11109	0.00795	0.00815	0.02993	0.01288	0.43526	0.01878	0.09315	0.03291	0.00758	0.00605	0.02652	0.03641	0.00601	0.08647	0.00732
4	0.01251	0.01199	0.02048	0.08145	0.73923	0.01214	0.01565	0.01558	0.01159	0.01653	0.00962	0.01276	0.00804	0.00461	0.00508	0.00154	0.00614	0.00457	0.00252	0.00797
5	0.02688	0.08596	0.23252	0.01423	0.05677	0.08524	0.14798	0.01802	0.03269	0.17362	0.01298	0.06794	0.01021	0.00588	0.00509	0.00159	0.00656	0.00516	0.00344	0.00724
6	0.01149	0.01514	0.25844	0.34298	0.18189	0.01143	0.01551	0.01552	0.01106	0.07368	0.01010	0.01288	0.00744	0.00503	0.00504	0.00164	0.00673	0.00437	0.00261	0.00701
7	0.85592	0.00992	0.00754	0.00675	0.00992	0.01151	0.00556	0.01508	0.00873	0.02302	0.00714	0.00834	0.00556	0.00476	0.00318	0.00159	0.00397	0.00278	0.00318	0.00556
8	0.01917	0.02445	0.01454	0.01322	0.01586	0.79907	0.00991	0.02049	0.01454	0.01256	0.00793	0.00925	0.00661	0.00529	0.00463	0.00132	0.00925	0.00330	0.00264	0.00595
9	0.02973	0.08309	0.18632	0.01175	0.03235	0.04491	0.04136	0.05891	0.12616	0.31064	0.01505	0.01448	0.01039	0.00575	0.00493	0.00157	0.00560	0.00463	0.00441	0.00795
10	0.00845	0.00618	0.00815	0.00871	0.04852	0.00664	0.00563	0.00915	0.00885	0.04284	0.01893	0.30177	0.02157	0.35372	0.01609	0.00328	0.11426	0.00930	0.00367	0.00431
11	0.00734	0.00547	0.00811	0.00811	0.00898	0.00634	0.00624	0.00907	0.00821	0.01181	0.01387	0.02085	0.01313	0.07888	0.75936	0.00808	0.01329	0.00560	0.00277	0.00451
12	0.01346	0.01191	0.01928	0.02762	0.64518	0.01202	0.01444	0.07016	0.03467	0.05177	0.01133	0.01489	0.00945	0.00522	0.00517	0.00157	0.00587	0.03487	0.00306	0.00806
13	0.01458	0.01253	0.06106	0.03842	0.18744	0.03801	0.26029	0.04442	0.01292	0.19018	0.03168	0.06082	0.01133	0.00580	0.00550	0.00164	0.00647	0.00580	0.00368	0.00742
14	0.01237	0.01186	0.02024	0.11540	0.70631	0.01211	0.01559	0.01546	0.01153	0.01637	0.00959	0.01281	0.00799	0.00463	0.00509	0.00154	0.00618	0.00457	0.00251	0.00787
15	0.01375	0.04826	0.13686	0.05587	0.29915	0.11315	0.15645	0.04380	0.01249	0.05680	0.01003	0.01229	0.00777	0.00483	0.00511	0.00155	0.00711	0.00453	0.00277	0.00743
16	0.00746	0.00500	0.00571	0.00571	0.00575	0.00504	0.00325	0.00753	0.00750	0.01003	0.01606	0.03301	0.01841	0.78635	0.05910	0.00511	0.00535	0.00738	0.00309	0.00317
17	0.01456	0.30226	0.10418	0.01011	0.01464	0.01399	0.03307	0.13335	0.03710	0.11221	0.04201	0.01238	0.00982	0.00519	0.00432	0.00129	0.00528	0.00395	0.00353	0.13677
18	0.01313	0.13622	0.45803	0.01374	0.01997	0.01252	0.10891	0.01761	0.01158	0.14488	0.01090	0.01194	0.00771	0.00498	0.00484	0.00156	0.00688	0.00415	0.00292	0.00755
19	0.02302	0.00873	0.01191	0.00913	0.01310	0.00754	0.00754	0.02501	0.01469	0.79122	0.02024	0.01746	0.01270	0.00635	0.00516	0.00159	0.00437	0.00516	0.00635	0.00873
20	0.00652	0.00511	0.00634	0.00670	0.00782	0.00458	0.01863	0.00789	0.01124	0.01439	0.11579	0.36174	0.33903	0.01391	0.00633	0.00190	0.00298	0.05991	0.00481	0.00439
21	0.05254	0.01546	0.28586	0.01281	0.07740	0.00999	0.01214	0.02095	0.06786	0.37049	0.01503	0.01450	0.01008	0.00567	0.00497	0.00161	0.00559	0.00458	0.00437	0.00810
22	0.01428	0.00813	0.01093	0.01188	0.15219	0.00809	0.00775	0.06779	0.01270	0.22413	0.01629	0.04104	0.01276	0.02573	0.00563	0.00157	0.03613	0.02711	0.30917	0.00669
23	0.00733	0.00550	0.00825	0.00825	0.00916	0.00641	0.00641	0.00916	0.00825	0.01191	0.01374	0.02016	0.01283	0.03848	0.79934	0.00825	0.01374	0.00550	0.00275	0.00458
24	0.03662	0.34267	0.16595	0.01230	0.01693	0.16411	0.10244	0.01747	0.05183	0.03249	0.00909	0.01038	0.00731	0.00483	0.00431	0.00137	0.00683	0.00366	0.00261	0.00679
25	0.02486	0.08582	0.51494	0.03998	0.04302	0.01196	0.05359	0.01739	0.01143	0.13399	0.01076	0.01190	0.00756	0.00503	0.00484	0.00158	0.00686	0.00406	0.00286	0.00757
26	0.02145	0.00840	0.01132	0.00879	0.01254	0.00725	0.00722	0.02340	0.01449	0.71763	0.04564	0.02016	0.06355	0.00690	0.00525	0.00160	0.00419	0.00565	0.00623	0.00833
27	0.00777	0.00554	0.00636	0.00662	0.02706	0.00483	0.00470	0.00908	0.01148	0.07737	0.05243	0.17681	0.51621	0.04798	0.00694	0.00193	0.00304	0.02435	0.00478	0.00472
28	0.02913	0.02970	0.27677	0.04601	0.01702	0.03537	0.01176	0.08367	0.02771	0.30635	0.04570	0.04338	0.01185	0.00621	0.00507	0.00161	0.00571	0.00500	0.00431	0.00770
29	0.00956	0.00779	0.01173	0.01522	0.25099	0.00766	0.02191	0.02344	0.03360	0.04596	0.02324	0.37227	0.09494	0.01100	0.00612	0.00184	0.01864	0.03415	0.00407	0.00588
30	0.01325	0.68380	0.02607	0.01013	0.01430	0.01890	0.08093	0.01515	0.01061	0.01278	0.03286	0.00988	0.00807	0.00478	0.00424	0.00122	0.04083	0.00335	0.00235	0.00652
31	0.04872	0.02961	0.03595	0.00846	0.01289	0.02943	0.00708	0.06700	0.01215	0.12461	0.01071	0.01151	0.00821	0.00444	0.00410	0.00101	0.00432	0.00345	0.00359	0.57276

[dist]
# distance from previous block
# <min> <max>
0	1

[block]
# block no. 7 follows, 48 sequences, length 26
# corresponding to MSA columns:
# 995-1020
name=unknown_H
#
# <colnr> <probs for GDERKNQSTAVLIFYWHMCP>
#	G	D	E	R	K	N	Q	S	T	A	V	L	I	F	Y	W	H	M	C	P
0	0.01773	0.15866	0.05320	0.01221	0.01543	0.56948	0.00995	0.04134	0.01387	0.03382	0.00849	0.00967	0.00696	0.00518	0.00442	0.00131	0.00816	0.00335	0.02049	0.00626
1	0.00773	0.00563	0.00746	0.00815	0.00934	0.00544	0.00680	0.00984	0.01207	0.01584	0.16785	0.06381	0.13073	0.04821	0.00758	0.00225	0.00401	0.47779	0.00483	0.00462
2	0.01483	0.01121	0.01290	0.04592	0.05133	0.01237	0.00900	0.27356	0.30402	0.07318	0.04728	0.05286	0.01517	0.00736	0.00536	0.00169	0.00475	0.04443	0.00498	0.00779
3	0.00732	0.00529	0.00712	0.00708	0.00774	0.00571	0.00507	0.00858	0.00870	0.01214	0.08916	0.02743	0.04555	0.29725	0.43623	0.00629	0.00933	0.00671	0.00322	0.00410
4	0.00771	0.00632	0.00926	0.10760	0.07870	0.00675	0.00744	0.00939	0.01007	0.01360	0.05689	0.36006	0.08995	0.01676	0.14482	0.00302	0.04393	0.01901	0.00384	0.00489
5	0.01699	0.01645	0.01349	0.01159	0.01456	0.30034	0.00901	0.31980	0.10141	0.02152	0.01364	0.11226	0.01186	0.00717	0.00513	0.00155	0.00646	0.00551	0.00419	0.00708
6	0.01917	0.02445	0.01454	0.01322	0.01586	0.79907	0.00991	0.02049	0.01454	0.01256	0.00793	0.00925	0.00661	0.00529	0.00463	0.00132	0.00925	0.00330	0.00264	0.00595
7	0.01027	0.00870	0.01405	0.04794	0.36198	0.00857	0.03052	0.01257	0.01147	0.04584	0.07886	0.24149	0.05267	0.00912	0.00573	0.00175	0.00476	0.04363	0.00374	0.00635
8	0.01986	0.00824	0.01077	0.00860	0.01195	0.00743	0.00697	0.06556	0.01438	0.59159	0.01998	0.07970	0.01418	0.00705	0.00507	0.00158	0.00409	0.00582	0.10929	0.00789
9	0.02287	0.00897	0.01206	0.00924	0.01322	0.00790	0.00764	0.05672	0.01509	0.75893	0.01991	0.01725	0.01253	0.00634	0.00516	0.00159	0.00442	0.00514	0.00630	0.00873
10	0.00888	0.00560	0.00738	0.00673	0.00822	0.00512	0.00512	0.01126	0.01454	0.09976	0.70638	0.03618	0.04474	0.01006	0.00596	0.00161	0.00262	0.00886	0.00572	0.00524
11	0.00919	0.00801	0.01178	0.07159	0.17895	0.02295	0.00893	0.01102	0.00932	0.01297	0.01435	0.04838	0.04872	0.12875	0.30549	0.00461	0.09091	0.00593	0.00283	0.00533
12	0.00705	0.00485	0.00596	0.00645	0.00670	0.00472	0.00413	0.00765	0.00898	0.01201	0.06115	0.32850	0.02658	0.42791	0.01659	0.00356	0.00408	0.05547	0.00396	0.00369
13	0.01168	0.02258	0.58540	0.01380	0.02020	0.03464	0.03613	0.03709	0.07219	0.06220	0.01170	0.01418	0.00877	0.00560	0.00505	0.00166	0.00701	0.03971	0.00288	0.00752
14	0.01117	0.00985	0.01791	0.06152	0.05242	0.00969	0.29700	0.01517	0.07078	0.06709	0.01812	0.08594	0.01717	0.00856	0.00618	0.00193	0.00620	0.23321	0.00383	0.00625
15	0.41410	0.01111	0.01450	0.01971	0.41743	0.01187	0.01090	0.01543	0.01028	0.01974	0.00846	0.01062	0.00690	0.00466	0.00417	0.00155	0.00508	0.00372	0.00284	0.00690
