[name]
unknown

[dist]
# distance from previous block
# <min> <max>
0	500

[block]
# block no. 0 follows, 44 sequences, length 26
# corresponding to MSA columns:
# 600-625
name=unknown_A
#
# <colnr> <probs for GDERKNQSTAVLIFYWHMCP>
#	G	D	E	R	K	N	Q	S	T	A	V	L	I	F	Y	W	H	M	C	P
0	0.09548	0.05075	0.01013	0.00848	0.01079	0.04114	0.03411	0.06466	0.01290	0.07062	0.03123	0.16831	0.27284	0.02942	0.00645	0.00195	0.00431	0.07611	0.00467	0.00567
1	0.12353	0.03897	0.01384	0.04119	0.03612	0.04665	0.02843	0.12727	0.19244	0.21782	0.01616	0.01603	0.01166	0.00857	0.05531	0.00215	0.00588	0.00507	0.00490	0.00801
2	0.01675	0.03087	0.01623	0.10531	0.15582	0.18908	0.01145	0.20245	0.07852	0.06747	0.01338	0.06427	0.01096	0.00663	0.00539	0.00165	0.00669	0.00535	0.00401	0.00771
3	0.00908	0.04133	0.03760	0.00864	0.01002	0.00724	0.00672	0.01162	0.06692	0.05585	0.09535	0.45896	0.07173	0.01358	0.00720	0.00205	0.05465	0.03114	0.00488	0.00543
4	0.27354	0.01243	0.01276	0.01034	0.01416	0.01364	0.00854	0.36640	0.05010	0.12424	0.01369	0.01535	0.01026	0.00660	0.00493	0.00171	0.00516	0.04318	0.00496	0.00799
5	0.01061	0.00994	0.01564	0.15137	0.39621	0.01003	0.01228	0.01330	0.01217	0.01614	0.02512	0.02663	0.26241	0.00793	0.00575	0.00173	0.00537	0.00707	0.00344	0.00686
6	0.01195	0.08265	0.64023	0.01527	0.02266	0.04109	0.05142	0.04253	0.01216	0.01740	0.00975	0.01145	0.00706	0.00518	0.00512	0.00168	0.00794	0.00407	0.00245	0.00793
7	0.00752	0.00537	0.00732	0.00850	0.00923	0.00517	0.00650	0.00914	0.01148	0.01520	0.06320	0.48341	0.03495	0.01603	0.00716	0.00231	0.00385	0.29389	0.00509	0.00469
8	0.08313	0.04886	0.01539	0.01141	0.01541	0.04296	0.03682	0.28339	0.01800	0.32421	0.01519	0.01461	0.01035	0.00648	0.00589	0.00168	0.04748	0.00489	0.00530	0.00856
9	0.05848	0.11487	0.32142	0.05488	0.02012	0.01476	0.04165	0.24362	0.01566	0.02209	0.01111	0.03732	0.00860	0.00591	0.00509	0.00165	0.00680	0.00461	0.00344	0.00794
10	0.00689	0.00496	0.00658	0.00780	0.00828	0.00465	0.00546	0.00804	0.01077	0.01423	0.03093	0.68664	0.06548	0.01671	0.00700	0.00223	0.00337	0.10041	0.00506	0.00450
11	0.05211	0.09092	0.27728	0.01258	0.01800	0.01440	0.01296	0.23681	0.11959	0.09302	0.01325	0.01347	0.00951	0.00598	0.00511	0.00166	0.00625	0.00457	0.00413	0.00842
12	0.04362	0.08079	0.01422	0.06080	0.04944	0.01000	0.02780	0.04343	0.01199	0.05804	0.01163	0.04222	0.01008	0.00556	0.00494	0.00124	0.02729	0.03213	0.00345	0.46134
13	0.01164	0.00772	0.01125	0.01340	0.18282	0.00725	0.00812	0.01383	0.01344	0.14827	0.26923	0.16640	0.07455	0.03876	0.00689	0.00191	0.00403	0.00900	0.00506	0.00642
14	0.01050	0.00692	0.00841	0.00788	0.00970	0.00660	0.00600	0.09922	0.01479	0.09627	0.26508	0.22110	0.17062	0.01223	0.00639	0.00188	0.00347	0.04158	0.00557	0.00577
15	0.04677	0.07895	0.20325	0.10579	0.01890	0.02706	0.01213	0.10123	0.09697	0.13145	0.02962	0.06176	0.01251	0.00698	0.00556	0.00175	0.02148	0.02620	0.00405	0.00760
16	0.01313	0.00739	0.00990	0.08534	0.01327	0.00728	0.00732	0.04186	0.06265	0.23621	0.03641	0.40803	0.02474	0.01185	0.00623	0.00197	0.00416	0.01048	0.00535	0.00645
17	0.01134	0.03835	0.01263	0.08123	0.01434	0.00938	0.07115	0.08493	0.04000	0.06424	0.16460	0.03554	0.12044	0.04068	0.07596	0.04055	0.04606	0.00717	0.03541	0.00600
18	0.01349	0.07468	0.14502	0.19584	0.09224	0.04768	0.15233	0.07382	0.04019	0.05822	0.04566	0.01483	0.01031	0.00562	0.00547	0.00170	0.00714	0.00512	0.00324	0.00741
19	0.02616	0.12570	0.29179	0.04667	0.15059	0.01360	0.09834	0.04215	0.01232	0.06680	0.01138	0.04778	0.00918	0.00580	0.00557	0.00168	0.02883	0.00496	0.00297	0.00773
20	0.00796	0.00626	0.00921	0.09700	0.08065	0.00643	0.00734	0.00963	0.01079	0.01466	0.09055	0.44497	0.02833	0.06041	0.09686	0.00299	0.00529	0.01133	0.00430	0.00504
21	0.03578	0.01630	0.22973	0.05697	0.05282	0.01232	0.16401	0.07115	0.11564	0.07639	0.01543	0.02595	0.04825	0.00738	0.03096	0.00201	0.02197	0.00561	0.00364	0.00767
22	0.08575	0.05880	0.09188	0.02481	0.04274	0.05517	0.03853	0.06863	0.08411	0.33283	0.01685	0.01623	0.03148	0.00639	0.00543	0.00168	0.02059	0.00505	0.00486	0.00819
23	0.01247	0.00923	0.01470	0.12710	0.10038	0.00937	0.10705	0.01573	0.06159	0.14853	0.02164	0.22359	0.07777	0.00946	0.00650	0.00190	0.03341	0.00855	0.00435	0.00670
24	0.01176	0.01230	0.08273	0.12654	0.02191	0.01141	0.26934	0.01578	0.05179	0.06572	0.05596	0.10865	0.04820	0.00773	0.00725	0.00191	0.08351	0.00722	0.00358	0.00671
25	0.08967	0.09544	0.13497	0.05623	0.07433	0.04389	0.03218	0.22157	0.01607	0.15371	0.01262	0.02439	0.00923	0.00593	0.00506	0.00163	0.00621	0.00463	0.00414	0.00810

[dist]
# distance from previous block
# <min> <max>
14	57

[block]
# block no. 1 follows, 44 sequences, length 18
# corresponding to MSA columns:
# 683-700
name=unknown_B
#
# <colnr> <probs for GDERKNQSTAVLIFYWHMCP>
#	G	D	E	R	K	N	Q	S	T	A	V	L	I	F	Y	W	H	M	C	P
0	0.01068	0.01039	0.10422	0.28292	0.02113	0.00937	0.01106	0.01352	0.01158	0.09433	0.05714	0.14007	0.11417	0.01020	0.03460	0.00213	0.05503	0.00756	0.00379	0.00610
1	0.06685	0.06941	0.16931	0.12072	0.04268	0.02685	0.06458	0.05505	0.06000	0.17784	0.03192	0.01470	0.01029	0.00611	0.00607	0.00174	0.05955	0.00486	0.00383	0.00765
2	0.01038	0.01476	0.28292	0.01167	0.01558	0.00931	0.01223	0.09024	0.01327	0.01813	0.02223	0.13055	0.06696	0.01084	0.00634	0.00206	0.00583	0.26614	0.00411	0.00644
3	0.01877	0.00816	0.01053	0.00864	0.01175	0.00737	0.00688	0.05598	0.01467	0.48478	0.05453	0.09719	0.04882	0.03492	0.00624	0.00181	0.00416	0.00689	0.11021	0.00772
4	0.01266	0.09744	0.14242	0.10802	0.19949	0.01332	0.07926	0.04369	0.09103	0.03524	0.04488	0.03922	0.02315	0.00627	0.00592	0.00172	0.03999	0.00544	0.00329	0.00755
5	0.04905	0.16188	0.30264	0.06793	0.01982	0.01335	0.06702	0.06340	0.01268	0.10884	0.01259	0.07490	0.01024	0.00627	0.00510	0.00167	0.00659	0.00515	0.00334	0.00752
6	0.01154	0.15742	0.65620	0.01451	0.02201	0.01413	0.01836	0.01711	0.01144	0.01653	0.00942	0.01105	0.00692	0.00509	0.00490	0.00163	0.00769	0.00384	0.00231	0.00788
7	0.00868	0.00748	0.01107	0.18692	0.10614	0.00803	0.00899	0.01075	0.01147	0.01528	0.10161	0.28712	0.14279	0.01143	0.00698	0.00195	0.05372	0.00997	0.00412	0.00549
8	0.06416	0.10651	0.20422	0.18703	0.06886	0.01244	0.05134	0.04100	0.01200	0.08022	0.04277	0.01585	0.01067	0.07239	0.00698	0.00197	0.00654	0.00491	0.00316	0.00698
9	0.03523	0.09350	0.37805	0.04676	0.07251	0.01374	0.03986	0.15958	0.01416	0.02003	0.01170	0.06916	0.00963	0.00622	0.00523	0.00169	0.00689	0.00507	0.00319	0.00781
10	0.00969	0.00794	0.05578	0.00797	0.00983	0.03057	0.00635	0.03779	0.01269	0.08296	0.11139	0.33719	0.19201	0.01267	0.00623	0.00190	0.00372	0.01102	0.05683	0.00547
11	0.01085	0.01186	0.11047	0.12069	0.13266	0.01039	0.06761	0.05133	0.11490	0.01747	0.01911	0.23902	0.03880	0.00926	0.00599	0.00190	0.00561	0.02140	0.00391	0.00679
12	0.01439	0.06308	0.13431	0.05693	0.09016	0.02375	0.04876	0.11885	0.01409	0.12362	0.05108	0.04925	0.04286	0.00697	0.00638	0.00169	0.07052	0.00563	0.02726	0.05045
13	0.10958	0.06347	0.11344	0.07529	0.06928	0.01247	0.05040	0.13136	0.06832	0.19153	0.01451	0.05277	0.01098	0.00640	0.00520	0.00170	0.00579	0.00526	0.00433	0.00792
14	0.00858	0.00750	0.04699	0.00901	0.01102	0.00613	0.08351	0.01051	0.01207	0.06068	0.09564	0.34377	0.25716	0.01310	0.00653	0.00196	0.00394	0.01171	0.00487	0.00531
15	0.01485	0.13213	0.19166	0.01441	0.11019	0.05116	0.01230	0.12448	0.10892	0.08323	0.03705	0.01556	0.03852	0.00614	0.00510	0.00159	0.00607	0.00488	0.00385	0.03791
16	0.07797	0.08541	0.06461	0.11027	0.08165	0.03754	0.04355	0.14195	0.07726	0.10285	0.01320	0.01585	0.01028	0.00615	0.00529	0.00164	0.01560	0.03980	0.00395	0.06518
17	0.00715	0.00526	0.00680	0.00777	0.00860	0.00491	0.00576	0.00860	0.01149	0.01498	0.06961	0.47422	0.15849	0.01579	0.00698	0.00219	0.00349	0.17822	0.00510	0.00463

[dist]
# distance from previous block
# <min> <max>
0	4

[block]
# block no. 2 follows, 44 sequences, length 12
# corresponding to MSA columns:
# 705-716
name=unknown_C
#
# <colnr> <probs for GDERKNQSTAVLIFYWHMCP>
#	G	D	E	R	K	N	Q	S	T	A	V	L	I	F	Y	W	H	M	C	P
0	0.05688	0.04595	0.41812	0.04564	0.02193	0.01271	0.11453	0.07490	0.01321	0.12776	0.01170	0.01296	0.00818	0.00542	0.00528	0.00171	0.00726	0.00457	0.00330	0.00801
1	0.05263	0.04763	0.10295	0.07512	0.13401	0.06372	0.04617	0.06620	0.12894	0.16201	0.02540	0.04637	0.01188	0.00640	0.00534	0.00170	0.00605	0.00539	0.00417	0.00791
2	0.04007	0.08196	0.20443	0.09052	0.20791	0.02524	0.03381	0.05277	0.02367	0.15681	0.01220	0.01367	0.00894	0.00601	0.01740	0.00176	0.00668	0.00461	0.00348	0.00805
3	0.01037	0.06740	0.00940	0.00766	0.00953	0.00725	0.00590	0.06159	0.01323	0.09566	0.14683	0.21168	0.20865	0.07305	0.00785	0.00212	0.00378	0.04744	0.00507	0.00555
4	0.00990	0.00815	0.01017	0.04591	0.05262	0.00880	0.00761	0.01643	0.25759	0.01890	0.20435	0.08280	0.09479	0.01436	0.11797	0.00284	0.00542	0.03014	0.00489	0.00637
5	0.01200	0.06150	0.11364	0.25355	0.10100	0.01162	0.03725	0.04507	0.05510	0.05756	0.03330	0.02378	0.03053	0.00749	0.00574	0.00185	0.00630	0.13227	0.00356	0.00689
6	0.01588	0.01147	0.07142	0.01229	0.05503	0.01039	0.04611	0.19981	0.01580	0.21619	0.01983	0.22536	0.03107	0.00934	0.00631	0.00185	0.03123	0.00799	0.00506	0.00757
7	0.00927	0.00682	0.00849	0.00862	0.01001	0.00690	0.00664	0.11609	0.01348	0.01792	0.08897	0.32162	0.10915	0.01680	0.08751	0.00279	0.00503	0.15357	0.00496	0.00536
8	0.01036	0.00660	0.00971	0.00931	0.01086	0.00618	0.06259	0.01247	0.03662	0.13521	0.08363	0.48724	0.03064	0.01361	0.00664	0.00207	0.00397	0.06140	0.00524	0.00564
9	0.01153	0.01003	0.01243	0.01070	0.09177	0.00786	0.00752	0.01404	0.01142	0.01777	0.00975	0.01153	0.00813	0.00412	0.00418	0.00089	0.00429	0.00340	0.00317	0.75546
10	0.05830	0.01145	0.01613	0.20480	0.24218	0.01252	0.01236	0.16643	0.07149	0.04095	0.03829	0.07547	0.01253	0.00674	0.00548	0.00174	0.00585	0.00586	0.00384	0.00758
11	0.01573	0.44000	0.06935	0.01057	0.01480	0.05707	0.00991	0.14917	0.01411	0.06889	0.01140	0.07138	0.01007	0.00632	0.00485	0.00145	0.02957	0.00456	0.00342	0.00736

[dist]
# distance from previous block
# <min> <max>
3	9

[block]
# block no. 3 follows, 44 sequences, length 34
# corresponding to MSA columns:
# 735-768
name=unknown_D
#
# <colnr> <probs for GDERKNQSTAVLIFYWHMCP>
#	G	D	E	R	K	N	Q	S	T	A	V	L	I	F	Y	W	H	M	C	P
0	0.06790	0.28844	0.16063	0.01216	0.02792	0.01605	0.05064	0.16876	0.01447	0.08736	0.01120	0.03399	0.00887	0.00581	0.00497	0.00154	0.02363	0.00437	0.00353	0.00774
1	0.03209	0.04602	0.05772	0.06143	0.34104	0.02443	0.01317	0.17339	0.01530	0.10966	0.01189	0.01347	0.00900	0.00543	0.00520	0.00157	0.00610	0.00465	0.00375	0.06469
2	0.10081	0.18946	0.01778	0.01138	0.01544	0.15653	0.00955	0.34776	0.01832	0.04516	0.01064	0.01124	0.00812	0.00576	0.00469	0.00147	0.00639	0.00400	0.00406	0.03145
3	0.01875	0.00925	0.01151	0.00921	0.01254	0.00885	0.00746	0.16436	0.01715	0.39746	0.18437	0.02252	0.02105	0.00764	0.00553	0.00165	0.00426	0.00630	0.08216	0.00799
4	0.00670	0.00540	0.00598	0.00618	0.00765	0.00468	0.00454	0.00819	0.01248	0.01560	0.14944	0.19011	0.52186	0.01407	0.00656	0.00191	0.00285	0.02597	0.00519	0.00465
5	0.00689	0.00513	0.00644	0.00709	0.00796	0.00468	0.00501	0.00832	0.01195	0.01579	0.18683	0.46447	0.19390	0.01511	0.00676	0.00204	0.00302	0.03870	0.00525	0.00463
6	0.01115	0.07441	0.73582	0.01517	0.02303	0.01319	0.01950	0.01721	0.01148	0.01700	0.00965	0.01135	0.00691	0.00515	0.00508	0.00169	0.00793	0.00396	0.00230	0.00799
7	0.00686	0.00554	0.00610	0.00596	0.00762	0.00478	0.00447	0.00863	0.01341	0.01707	0.29048	0.04861	0.53547	0.01293	0.00644	0.00180	0.00270	0.01097	0.00537	0.00478
8	0.01048	0.00988	0.01669	0.75036	0.08101	0.01216	0.01523	0.01409	0.01099	0.01416	0.00972	0.01447	0.00735	0.00542	0.00545	0.00181	0.00722	0.00485	0.00244	0.00621
9	0.02303	0.00969	0.01276	0.00973	0.01401	0.00850	0.00802	0.07078	0.01584	0.66284	0.01991	0.01756	0.01274	0.00649	0.00535	0.00160	0.00467	0.00524	0.00635	0.08489
10	0.74601	0.01039	0.00858	0.00748	0.01096	0.01171	0.00616	0.01732	0.01005	0.11693	0.00930	0.01005	0.00684	0.00527	0.00363	0.00169	0.00427	0.00326	0.00379	0.00632
11	0.01534	0.01163	0.01262	0.01101	0.01431	0.01309	0.00866	0.07391	0.62670	0.11620	0.02154	0.01967	0.01580	0.00726	0.00553	0.00182	0.00446	0.00600	0.00569	0.00875
12	0.84691	0.01054	0.00801	0.00717	0.01054	0.01223	0.00590	0.01603	0.00928	0.02446	0.00759	0.00886	0.00590	0.00506	0.00337	0.00169	0.00422	0.00295	0.00337	0.00590
13	0.84691	0.01054	0.00801	0.00717	0.01054	0.01223	0.00590	0.01603	0.00928	0.02446	0.00759	0.00886	0.00590	0.00506	0.00337	0.00169	0.00422	0.00295	0.00337	0.00590
14	0.01442	0.77808	0.06081	0.00959	0.01440	0.02119	0.00979	0.01636	0.01110	0.01302	0.00767	0.00886	0.00699	0.00469	0.00357	0.00119	0.00593	0.00296	0.00233	0.00704
15	0.01093	0.02820	0.78016	0.01554	0.02360	0.01266	0.02014	0.01727	0.01151	0.01727	0.00978	0.01151	0.00691	0.00518	0.00518	0.00173	0.00806	0.00403	0.00230	0.00806
16	0.02430	0.00953	0.01281	0.00982	0.01404	0.00839	0.00811	0.05775	0.01603	0.74639	0.02115	0.01832	0.01331	0.00674	0.00548	0.00168	0.00470	0.00546	0.00669	0.00928
17	0.01692	0.01035	0.01142	0.00937	0.01251	0.01095	0.00754	0.28268	0.11773	0.16014	0.01736	0.01743	0.01257	0.00663	0.00493	0.00155	0.00438	0.00524	0.28252	0.00779
18	0.00950	0.00575	0.00752	0.00794	0.00900	0.00536	0.00561	0.03534	0.01192	0.11539	0.06481	0.61815	0.05248	0.01500	0.00667	0.00209	0.00341	0.01345	0.00534	0.00527
19	0.00793	0.00529	0.00595	0.00595	0.00595	0.00529	0.00330	0.00793	0.00793	0.01057	0.01718	0.03568	0.01982	0.80840	0.02775	0.00529	0.00529	0.00793	0.00330	0.00330
20	0.04321	0.00927	0.01226	0.00954	0.01358	0.00825	0.00784	0.02594	0.04731	0.70139	0.02107	0.01846	0.01346	0.00672	0.00538	0.00168	0.00454	0.00544	0.03564	0.00902
21	0.12658	0.01103	0.01304	0.04449	0.09816	0.05832	0.00917	0.10976	0.01452	0.29824	0.01605	0.01956	0.01238	0.03997	0.00691	0.03776	0.00545	0.06625	0.00481	0.00756
22	0.01245	0.33992	0.45639	0.01331	0.01993	0.01625	0.03971	0.01690	0.01138	0.01550	0.00895	0.01051	0.00699	0.00496	0.00455	0.00151	0.00721	0.00366	0.00233	0.00761
23	0.00699	0.00527	0.00651	0.00709	0.00811	0.00479	0.00516	0.00853	0.01217	0.01592	0.18132	0.37163	0.24926	0.01480	0.00676	0.00204	0.00311	0.08062	0.00524	0.00467
24	0.00831	0.00557	0.00725	0.04078	0.00919	0.00548	0.00550	0.00937	0.01029	0.04464	0.05595	0.33531	0.02823	0.29392	0.01420	0.00327	0.00437	0.10951	0.00443	0.00441
25	0.05385	0.10213	0.19772	0.13726	0.21395	0.06672	0.04053	0.01781	0.04283	0.06161	0.01070	0.01282	0.00821	0.00527	0.00507	0.00164	0.00692	0.00441	0.00292	0.00763
26	0.06177	0.00760	0.00970	0.00969	0.01179	0.00761	0.00821	0.04540	0.04982	0.15775	0.02499	0.07709	0.02461	0.01203	0.00658	0.00219	0.00475	0.43985	0.03239	0.00618
27	0.00779	0.00581	0.00863	0.00863	0.00955	0.00674	0.00664	0.00965	0.00872	0.01255	0.01473	0.02211	0.01393	0.07813	0.74996	0.00859	0.01415	0.00594	0.00294	0.00479
28	0.01207	0.01685	0.22440	0.06836	0.09620	0.01239	0.36399	0.01658	0.01229	0.03817	0.01320	0.05342	0.03421	0.00579	0.00594	0.00180	0.00789	0.00613	0.00291	0.00740
29	0.01314	0.01306	0.02091	0.20527	0.52575	0.05843	0.05181	0.01643	0.01227	0.01665	0.01006	0.01357	0.00821	0.00502	0.00543	0.00166	0.00699	0.00485	0.00265	0.00785
30	0.00948	0.00741	0.00960	0.00874	0.01035	0.00783	0.03647	0.04909	0.13345	0.01773	0.21941	0.04125	0.05770	0.15696	0.20584	0.00414	0.00680	0.00769	0.00447	0.00557
31	0.02353	0.00946	0.01253	0.00966	0.01375	0.00845	0.00796	0.07304	0.01605	0.69354	0.02078	0.01829	0.01325	0.00672	0.00540	0.00166	0.00463	0.00543	0.04682	0.00908
32	0.01378	0.01102	0.06256	0.07533	0.20455	0.01004	0.04693	0.09171	0.01379	0.15001	0.03820	0.20243	0.02746	0.00872	0.00590	0.00182	0.00544	0.01862	0.00435	0.00733
33	0.01699	0.03192	0.01212	0.04009	0.01367	0.04010	0.02535	0.04562	0.07696	0.36507	0.06455	0.20462	0.02030	0.00928	0.00583	0.00181	0.00465	0.00798	0.00561	0.00749

[dist]
# distance from previous block
# <min> <max>
0	10

[block]
# block no. 4 follows, 44 sequences, length 16
# corresponding to MSA columns:
# 779-794
name=unknown_E
#
# <colnr> <probs for GDERKNQSTAVLIFYWHMCP>
#	G	D	E	R	K	N	Q	S	T	A	V	L	I	F	Y	W	H	M	C	P
0	0.01253	0.01345	0.06089	0.09343	0.32298	0.06880	0.16308	0.01590	0.01250	0.01693	0.03034	0.05411	0.01235	0.00644	0.00576	0.00175	0.00693	0.05952	0.03504	0.00727
1	0.44196	0.05878	0.05959	0.04712	0.07157	0.07369	0.00916	0.08904	0.01236	0.07814	0.00965	0.01082	0.00727	0.00536	0.00422	0.00163	0.00550	0.00367	0.00356	0.00692
2	0.00947	0.00473	0.00710	0.00710	0.00710	0.00473	0.00473	0.00710	0.00710	0.00947	0.00947	0.01657	0.00947	0.01894	0.02131	0.84138	0.00473	0.00473	0.00237	0.00237
3	0.04410	0.03160	0.05868	0.24287	0.21712	0.05788	0.07651	0.13259	0.05134	0.01935	0.01091	0.01358	0.00839	0.00546	0.00536	0.00169	0.00693	0.00483	0.00320	0.00759
4	0.00849	0.00552	0.00669	0.00665	0.00703	0.00562	0.00426	0.00929	0.04333	0.01256	0.07281	0.05851	0.02016	0.45582	0.07394	0.14573	0.00536	0.00744	0.04701	0.00377
5	0.01283	0.17272	0.44605	0.01486	0.06289	0.01434	0.03507	0.01831	0.06726	0.06081	0.01092	0.01226	0.00817	0.00546	0.00542	0.00165	0.03603	0.00420	0.00284	0.00791
6	0.05609	0.00812	0.07013	0.00752	0.01001	0.00621	0.00641	0.01103	0.01240	0.06084	0.13135	0.14308	0.33872	0.01164	0.00605	0.00180	0.00361	0.04304	0.00482	0.06713
7	0.00761	0.00562	0.00761	0.00852	0.00911	0.00569	0.00637	0.00904	0.01109	0.01487	0.07336	0.49524	0.03359	0.04123	0.00838	0.00237	0.04976	0.20098	0.00490	0.00468
8	0.01775	0.06144	0.04360	0.01234	0.01594	0.08919	0.01035	0.33955	0.17218	0.07124	0.01392	0.01416	0.01037	0.00682	0.00669	0.00172	0.09485	0.00490	0.00466	0.00831
9	0.00917	0.00827	0.08347	0.05061	0.03389	0.00649	0.00744	0.01140	0.01207	0.06276	0.12665	0.18074	0.18656	0.07027	0.00771	0.00212	0.00412	0.05972	0.07111	0.00543
10	0.02997	0.01391	0.01578	0.05781	0.01761	0.04635	0.05212	0.43698	0.14750	0.05969	0.05487	0.01600	0.01263	0.00671	0.00553	0.00169	0.00586	0.00541	0.00509	0.00848
11	0.01216	0.04604	0.21896	0.13096	0.21096	0.01263	0.01470	0.03998	0.09281	0.01771	0.01215	0.01600	0.00992	0.00600	0.00576	0.00170	0.03547	0.04369	0.00308	0.06931
12	0.01469	0.01355	0.01271	0.01130	0.01439	0.11488	0.00878	0.09178	0.55758	0.02214	0.02144	0.02013	0.05749	0.00745	0.00551	0.00177	0.00510	0.00601	0.00515	0.00816
13	0.01466	0.44499	0.23875	0.01172	0.01724	0.04485	0.01258	0.12643	0.01351	0.01729	0.00905	0.01021	0.00731	0.00512	0.00431	0.00140	0.00662	0.00355	0.00280	0.00761
14	0.00852	0.00546	0.00707	0.00750	0.00834	0.00522	0.00523	0.00961	0.01050	0.07813	0.02778	0.43096	0.09990	0.14609	0.10508	0.00343	0.00502	0.02676	0.00466	0.00474
15	0.73898	0.01256	0.00898	0.00807	0.01137	0.11333	0.00651	0.01678	0.01008	0.02301	0.00770	0.00898	0.00605	0.00513	0.00358	0.00165	0.00495	0.00303	0.00330	0.00596

[dist]
# distance from previous block
# <min> <max>
0	2

[block]
# block no. 5 follows, 44 sequences, length 7
# corresponding to MSA columns:
# 797-803
name=unknown_F
#
# <colnr> <probs for GDERKNQSTAVLIFYWHMCP>
#	G	D	E	R	K	N	Q	S	T	A	V	L	I	F	Y	W	H	M	C	P
0	0.84691	0.01054	0.00801	0.00717	0.01054	0.01223	0.00590	0.01603	0.00928	0.02446	0.00759	0.00886	0.00590	0.00506	0.00337	0.00169	0.00422	0.00295	0.00337	0.00590
1	0.00798	0.00528	0.00620	0.00633	0.00745	0.00501	0.00459	0.00986	0.01205	0.01752	0.20868	0.17637	0.16672	0.05276	0.05644	0.00233	0.00361	0.00952	0.23651	0.00479
2	0.01430	0.01197	0.02002	0.15629	0.56041	0.01221	0.01541	0.01746	0.01255	0.10955	0.01153	0.01428	0.00900	0.00519	0.00542	0.00166	0.00638	0.00493	0.00315	0.00829
3	0.01246	0.09921	0.61773	0.01460	0.02189	0.01400	0.01795	0.10696	0.01319	0.01893	0.00998	0.01145	0.00720	0.00530	0.00506	0.00166	0.00760	0.00403	0.00269	0.00811
4	0.07918	0.00950	0.01034	0.00855	0.01169	0.07238	0.00685	0.02103	0.01406	0.42757	0.05701	0.01872	0.01448	0.00666	0.00490	0.00156	0.00440	0.00526	0.21835	0.00750
5	0.01379	0.07613	0.01312	0.00985	0.01274	0.01022	0.04452	0.17293	0.04165	0.12327	0.21240	0.03054	0.08536	0.03248	0.00658	0.00187	0.00463	0.09585	0.00523	0.00685
6	0.01642	0.00870	0.00980	0.00849	0.01106	0.07149	0.00661	0.01846	0.01409	0.35238	0.13923	0.13245	0.02220	0.00873	0.00549	0.00167	0.00416	0.00735	0.15426	0.00695

[dist]
# distance from previous block
# <min> <max>
5	34

[block]
# block no. 6 follows, 44 sequences, length 39
# corresponding to MSA columns:
# 839-860,863-879
name=unknown_G
#
# <colnr> <probs for GDERKNQSTAVLIFYWHMCP>
#	G	D	E	R	K	N	Q	S	T	A	V	L	I	F	Y	W	H	M	C	P
0	0.55257	0.08986	0.01110	0.05720	0.01297	0.01217	0.00703	0.01539	0.01000	0.02131	0.00892	0.01175	0.00748	0.00531	0.00379	0.00155	0.00458	0.03357	0.00326	0.13022
1	0.01470	0.00778	0.00999	0.00829	0.01120	0.00683	0.00651	0.04122	0.01448	0.29201	0.24675	0.11141	0.02647	0.00877	0.00564	0.00160	0.00373	0.00752	0.03281	0.14231
2	0.00788	0.00573	0.00836	0.00836	0.00917	0.00654	0.00631	0.00941	0.00859	0.01227	0.01469	0.02291	0.01419	0.13142	0.66377	0.04377	0.01307	0.00604	0.00294	0.00457
3	0.54669	0.04447	0.01038	0.00896	0.03997	0.01192	0.00694	0.01804	0.09418	0.09075	0.01152	0.04179	0.00918	0.00587	0.00405	0.00166	0.00437	0.00410	0.00391	0.04125
4	0.01128	0.04014	0.03887	0.28731	0.02107	0.01044	0.02842	0.06942	0.04396	0.05906	0.04314	0.10946	0.01502	0.08591	0.09484	0.00292	0.02234	0.00669	0.00360	0.00611
5	0.00760	0.00536	0.00709	0.00812	0.00870	0.00521	0.00600	0.00891	0.01070	0.01412	0.02731	0.41371	0.03152	0.16013	0.01093	0.00287	0.00418	0.25840	0.00473	0.00442
6	0.01389	0.01293	0.02099	0.07263	0.62317	0.01347	0.01580	0.08387	0.01332	0.01885	0.01031	0.01343	0.00854	0.00530	0.00609	0.00167	0.04957	0.00486	0.00292	0.00841
7	0.00793	0.00532	0.00657	0.00661	0.00686	0.00544	0.00416	0.00828	0.00857	0.01165	0.05981	0.07426	0.02082	0.54457	0.14601	0.06169	0.00646	0.00790	0.00343	0.00366
8	0.01093	0.02820	0.78016	0.01554	0.02360	0.01266	0.02014	0.01727	0.01151	0.01727	0.00978	0.01151	0.00691	0.00518	0.00518	0.00173	0.00806	0.00403	0.00230	0.00806
9	0.02084	0.01585	0.01615	0.01255	0.01679	0.07438	0.01029	0.67376	0.02449	0.06061	0.01305	0.01305	0.00926	0.00648	0.00541	0.00162	0.00624	0.00482	0.00530	0.00905
10	0.84691	0.01054	0.00801	0.00717	0.01054	0.01223	0.00590	0.01603	0.00928	0.02446	0.00759	0.00886	0.00590	0.00506	0.00337	0.00169	0.00422	0.00295	0.00337	0.00590
11	0.00853	0.00643	0.00799	0.00745	0.00898	0.00631	0.00563	0.01288	0.11946	0.02199	0.66746	0.03789	0.04661	0.01062	0.00631	0.00173	0.00281	0.00935	0.00594	0.00563
12	0.01193	0.01193	0.01670	0.01431	0.01431	0.01670	0.01193	0.01312	0.00835	0.01312	0.00716	0.01193	0.00716	0.00954	0.01789	0.00239	0.79843	0.00477	0.00239	0.00596
13	0.01030	0.00969	0.01635	0.79530	0.03755	0.01211	0.01514	0.01393	0.01090	0.01393	0.00969	0.01453	0.00727	0.00545	0.00545	0.00182	0.00727	0.00484	0.00242	0.00606
14	0.00772	0.00557	0.00729	0.00686	0.00814	0.00514	0.00514	0.01029	0.01543	0.02186	0.77152	0.04072	0.05144	0.01115	0.00643	0.00171	0.00257	0.00986	0.00600	0.00514
15	0.01287	0.01471	0.03217	0.02298	0.02849	0.01379	0.75460	0.01746	0.01287	0.01746	0.01103	0.01471	0.00827	0.00460	0.00643	0.00184	0.00919	0.00643	0.00276	0.00735
16	0.01030	0.00969	0.01635	0.79530	0.03755	0.01211	0.01514	0.01393	0.01090	0.01393	0.00969	0.01453	0.00727	0.00545	0.00545	0.00182	0.00727	0.00484	0.00242	0.00606
17	0.00772	0.00557	0.00729	0.00686	0.00814	0.00514	0.00514	0.01029	0.01543	0.02186	0.77152	0.04072	0.05144	0.01115	0.00643	0.00171	0.00257	0.00986	0.00600	0.00514
18	0.01130	0.00969	0.01130	0.00807	0.01292	0.00727	0.00646	0.01373	0.01130	0.01776	0.00969	0.01130	0.00807	0.00404	0.00404	0.00081	0.00404	0.00323	0.00323	0.84173
19	0.01142	0.00824	0.00920	0.00812	0.01007	0.04051	0.00616	0.11761	0.04024	0.07565	0.42068	0.03350	0.08570	0.09869	0.00850	0.00210	0.00388	0.00835	0.00546	0.00595
20	0.02037	0.02598	0.01545	0.01404	0.01685	0.78652	0.01053	0.02177	0.01545	0.01334	0.00843	0.00983	0.00702	0.00562	0.00492	0.00140	0.00983	0.00351	0.00281	0.00632
21	0.01590	0.64026	0.02594	0.01002	0.01462	0.02057	0.00955	0.17558	0.01421	0.01746	0.00877	0.00968	0.00749	0.00507	0.00392	0.00127	0.00587	0.00334	0.00300	0.00749
22	0.01189	0.04010	0.01135	0.00901	0.01195	0.00986	0.00713	0.12014	0.19821	0.02273	0.31174	0.02519	0.02728	0.00802	0.00552	0.00155	0.00387	0.00677	0.00516	0.16253
23	0.01085	0.01026	0.01736	0.66230	0.16619	0.01226	0.01542	0.01442	0.01117	0.01461	0.00979	0.01435	0.00751	0.00535	0.00544	0.00178	0.00713	0.00485	0.00247	0.00651
24	0.00710	0.00537	0.00657	0.00676	0.00796	0.00484	0.00495	0.00890	0.01317	0.01753	0.34452	0.24105	0.25920	0.01359	0.00661	0.00191	0.00286	0.03686	0.00545	0.00480
25	0.01210	0.01242	0.01947	0.01586	0.01685	0.01618	0.14476	0.01390	0.00916	0.01390	0.00785	0.01242	0.00736	0.00866	0.01584	0.00229	0.65726	0.00507	0.00245	0.00621
26	0.01356	0.01171	0.01233	0.01109	0.01418	0.01356	0.00863	0.02897	0.76455	0.02281	0.02219	0.02034	0.01664	0.00740	0.00555	0.00185	0.00431	0.00616	0.00555	0.00863
27	0.02072	0.01527	0.01636	0.01254	0.01691	0.01691	0.01036	0.75622	0.02563	0.03436	0.01309	0.01309	0.00927	0.00654	0.00545	0.00164	0.00600	0.00491	0.00545	0.00927
28	0.02211	0.00980	0.01258	0.01000	0.01397	0.00921	0.00815	0.02709	0.17686	0.61553	0.02165	0.01894	0.01417	0.00689	0.00550	0.00172	0.00457	0.00563	0.00649	0.00914
29	0.01303	0.00700	0.00849	0.00742	0.00973	0.00647	0.00584	0.05690	0.01469	0.21617	0.24586	0.03228	0.16314	0.00944	0.00567	0.00166	0.00339	0.02558	0.16091	0.00633
30	0.01865	0.01529	0.01499	0.01222	0.01603	0.10134	0.00982	0.44487	0.24181	0.04448	0.01543	0.01498	0.01128	0.00670	0.00542	0.00167	0.00590	0.00513	0.00521	0.00875
31	0.00744	0.00556	0.00691	0.00657	0.00798	0.00503	0.00493	0.00976	0.01479	0.02034	0.61838	0.04323	0.20553	0.01171	0.00643	0.00174	0.00261	0.01021	0.00580	0.00503
32	0.06809	0.00717	0.00892	0.00766	0.01018	0.00652	0.00603	0.01591	0.01464	0.28196	0.35636	0.03274	0.14251	0.00963	0.00591	0.00172	0.00342	0.00814	0.00595	0.00654
33	0.00770	0.00555	0.00703	0.00666	0.00799	0.00509	0.00499	0.01016	0.01498	0.02112	0.67196	0.04096	0.11776	0.01119	0.00632	0.00171	0.00259	0.00981	0.04134	0.00509
34	0.00680	0.00486	0.00651	0.00778	0.00816	0.00457	0.00534	0.00787	0.01060	0.01410	0.02996	0.74902	0.03571	0.01693	0.00700	0.00224	0.00330	0.06974	0.00506	0.00447
35	0.01112	0.00943	0.01112	0.00822	0.01280	0.00719	0.00663	0.01354	0.01140	0.01766	0.01113	0.01507	0.00982	0.00487	0.00430	0.00094	0.00411	0.05839	0.00336	0.77889
36	0.04195	0.03853	0.42112	0.01397	0.02013	0.04307	0.03979	0.20253	0.01542	0.07490	0.01180	0.03178	0.00870	0.00591	0.00525	0.00169	0.00712	0.00463	0.00354	0.00817
37	0.01408	0.00945	0.04019	0.00970	0.02780	0.02708	0.00776	0.01787	0.09732	0.23115	0.19762	0.08763	0.03882	0.00880	0.00609	0.00170	0.02714	0.03738	0.00530	0.10712
38	0.01314	0.14126	0.35130	0.01393	0.03753	0.02933	0.07047	0.10043	0.03527	0.03103	0.05188	0.01346	0.01024	0.00553	0.00504	0.00156	0.00679	0.00449	0.00316	0.07415

[dist]
# distance from previous block
# <min> <max>
4	10

[block]
# block no. 7 follows, 44 sequences, length 107
# corresponding to MSA columns:
# 890-910,929-1014
name=unknown_H
#
# <colnr> <probs for GDERKNQSTAVLIFYWHMCP>
#	G	D	E	R	K	N	Q	S	T	A	V	L	I	F	Y	W	H	M	C	P
0	0.00681	0.00504	0.00611	0.00688	0.00755	0.00462	0.00465	0.00776	0.01062	0.01369	0.03454	0.49645	0.21813	0.12684	0.00974	0.00255	0.00339	0.02549	0.00481	0.00432
1	0.01330	0.35790	0.06825	0.05917	0.01630	0.05944	0.03801	0.04099	0.01194	0.01548	0.00989	0.05002	0.00887	0.00532	0.00430	0.00126	0.00582	0.00405	0.00286	0.22681
2	0.01269	0.01092	0.06958	0.01026	0.01464	0.00837	0.06224	0.02708	0.03997	0.10970	0.01599	0.02111	0.03999	0.00650	0.00511	0.00138	0.00491	0.10392	0.00398	0.43165
3	0.09198	0.03780	0.01902	0.05484	0.31542	0.06814	0.05893	0.22018	0.01601	0.05001	0.01102	0.01287	0.00850	0.00546	0.00521	0.00163	0.00649	0.00467	0.00365	0.00818
4	0.01373	0.58490	0.18493	0.01077	0.01602	0.01908	0.01154	0.01751	0.07000	0.01454	0.00918	0.01023	0.00773	0.00499	0.00401	0.00134	0.00618	0.00340	0.00258	0.00735
5	0.00665	0.00490	0.00624	0.00724	0.00783	0.00448	0.00492	0.00773	0.01094	0.01435	0.06252	0.65928	0.15024	0.01635	0.00686	0.00214	0.00308	0.01466	0.00510	0.00448
6	0.01179	0.01122	0.01906	0.43832	0.38282	0.01251	0.01589	0.01524	0.01161	0.01575	0.00995	0.01405	0.00791	0.00517	0.00543	0.00172	0.00690	0.00485	0.00255	0.00726
7	0.00684	0.00550	0.00576	0.00577	0.00721	0.00480	0.00413	0.00803	0.01166	0.01422	0.07447	0.04894	0.57780	0.17032	0.01067	0.00253	0.00331	0.02893	0.00475	0.00438
8	0.01341	0.56029	0.26973	0.01132	0.01707	0.01871	0.01280	0.01663	0.01122	0.01425	0.00829	0.00963	0.00697	0.00483	0.00404	0.00135	0.00654	0.00327	0.00232	0.00734
9	0.01028	0.00760	0.00906	0.00827	0.01024	0.00782	0.00633	0.01670	0.24152	0.05812	0.50970	0.03352	0.03913	0.00980	0.00612	0.00175	0.00320	0.00854	0.00590	0.00639
10	0.00804	0.00579	0.00802	0.00829	0.00906	0.00629	0.00630	0.00959	0.00935	0.01289	0.01835	0.03382	0.01909	0.23946	0.41754	0.00649	0.01007	0.16360	0.00347	0.00448
11	0.01030	0.00969	0.01635	0.79530	0.03755	0.01211	0.01514	0.01393	0.01090	0.01393	0.00969	0.01453	0.00727	0.00545	0.00545	0.00182	0.00727	0.00484	0.00242	0.00606
12	0.04642	0.01018	0.01306	0.01004	0.01426	0.00942	0.00830	0.13194	0.01688	0.64984	0.01991	0.01750	0.01268	0.00667	0.00542	0.00168	0.00482	0.00533	0.00647	0.00918
13	0.02023	0.01524	0.01735	0.01319	0.01763	0.01671	0.05673	0.71019	0.02484	0.03331	0.01296	0.01319	0.00921	0.00642	0.00551	0.00165	0.00620	0.00500	0.00529	0.00915
14	0.84691	0.01054	0.00801	0.00717	0.01054	0.01223	0.00590	0.01603	0.00928	0.02446	0.00759	0.00886	0.00590	0.00506	0.00337	0.00169	0.00422	0.00295	0.00337	0.00590
15	0.02368	0.00945	0.01267	0.00969	0.01394	0.00820	0.00799	0.04418	0.01563	0.71988	0.02068	0.01804	0.01311	0.00660	0.00541	0.00164	0.00464	0.00535	0.00653	0.05269
16	0.84691	0.01054	0.00801	0.00717	0.01054	0.01223	0.00590	0.01603	0.00928	0.02446	0.00759	0.00886	0.00590	0.00506	0.00337	0.00169	0.00422	0.00295	0.00337	0.00590
17	0.84691	0.01054	0.00801	0.00717	0.01054	0.01223	0.00590	0.01603	0.00928	0.02446	0.00759	0.00886	0.00590	0.00506	0.00337	0.00169	0.00422	0.00295	0.00337	0.00590
18	0.01287	0.01471	0.03217	0.02298	0.02849	0.01379	0.75460	0.01746	0.01287	0.01746	0.01103	0.01471	0.00827	0.00460	0.00643	0.00184	0.00919	0.00643	0.00276	0.00735
19	0.01293	0.01231	0.01666	0.01411	0.01461	0.01672	0.01175	0.09816	0.01033	0.01555	0.00784	0.01206	0.00740	0.00920	0.01647	0.00230	0.70774	0.00479	0.00274	0.00634
20	0.00768	0.00557	0.00724	0.00682	0.00812	0.00513	0.00512	0.01022	0.01535	0.02166	0.75150	0.04105	0.07159	0.01122	0.00643	0.00172	0.00258	0.00991	0.00598	0.00513
21	0.02037	0.02598	0.01545	0.01404	0.01685	0.78652	0.01053	0.02177	0.01545	0.01334	0.00843	0.00983	0.00702	0.00562	0.00492	0.00140	0.00983	0.00351	0.00281	0.00632
22	0.01356	0.01179	0.01294	0.01249	0.06154	0.01352	0.00913	0.02821	0.71769	0.02249	0.02145	0.01991	0.01614	0.00724	0.00554	0.00183	0.00445	0.00608	0.00537	0.00863
23	0.01356	0.01171	0.01233	0.01109	0.01418	0.01356	0.00863	0.02897	0.76455	0.02281	0.02219	0.02034	0.01664	0.00740	0.00555	0.00185	0.00431	0.00616	0.00555	0.00863
24	0.01272	0.21755	0.52530	0.01389	0.02063	0.08870	0.01661	0.01747	0.01178	0.01582	0.00912	0.01068	0.00694	0.00510	0.00475	0.00156	0.00769	0.00371	0.00236	0.00763
25	0.02072	0.01527	0.01636	0.01254	0.01691	0.01691	0.01036	0.75622	0.02563	0.03436	0.01309	0.01309	0.00927	0.00654	0.00545	0.00164	0.00600	0.00491	0.00545	0.00927
26	0.02446	0.00928	0.01265	0.00970	0.01392	0.00801	0.00801	0.02657	0.01560	0.77817	0.02151	0.01856	0.01350	0.00675	0.00548	0.00169	0.00464	0.00548	0.00675	0.00928
27	0.00759	0.00557	0.00711	0.00672	0.00806	0.00509	0.00504	0.01003	0.01512	0.02113	0.69783	0.04193	0.12558	0.01142	0.00643	0.00173	0.00259	0.01003	0.00590	0.00509
28	0.01030	0.00969	0.01635	0.79530	0.03755	0.01211	0.01514	0.01393	0.01090	0.01393	0.00969	0.01453	0.00727	0.00545	0.00545	0.00182	0.00727	0.00484	0.00242	0.00606
29	0.00774	0.00563	0.00609	0.00591	0.00758	0.00491	0.00439	0.00936	0.01271	0.04557	0.17225	0.04558	0.51248	0.06200	0.00753	0.00198	0.00294	0.01026	0.07027	0.00483
30	0.01356	0.01171	0.01233	0.01109	0.01418	0.01356	0.00863	0.02897	0.76455	0.02281	0.02219	0.02034	0.01664	0.00740	0.00555	0.00185	0.00431	0.00616	0.00555	0.00863
31	0.01193	0.01193	0.01670	0.01431	0.01431	0.01670	0.01193	0.01312	0.00835	0.01312	0.00716	0.01193	0.00716	0.00954	0.01789	0.00239	0.79843	0.00477	0.00239	0.00596
32	0.00691	0.00547	0.00626	0.00670	0.00793	0.00495	0.00478	0.00880	0.04447	0.01519	0.08827	0.36173	0.38951	0.01472	0.00662	0.00199	0.00298	0.01282	0.00514	0.00474
33	0.01130	0.00969	0.01130	0.00807	0.01292	0.00727	0.00646	0.01373	0.01130	0.01776	0.00969	0.01130	0.00807	0.00404	0.00404	0.00081	0.00404	0.00323	0.00323	0.84173
34	0.01399	0.01192	0.01257	0.01118	0.01434	0.01376	0.00873	0.07250	0.72031	0.02350	0.02164	0.01991	0.01620	0.00735	0.00554	0.00184	0.00442	0.00609	0.00554	0.00867
35	0.75932	0.01218	0.00880	0.00790	0.01121	0.09429	0.00639	0.01663	0.00993	0.02328	0.00768	0.00896	0.00602	0.00512	0.00354	0.00166	0.00481	0.00301	0.00331	0.00595
36	0.00774	0.00646	0.00687	0.00679	0.00862	0.00611	0.00507	0.01148	0.13791	0.01643	0.09245	0.13813	0.51019	0.01297	0.00636	0.00188	0.00306	0.01100	0.00520	0.00529
37	0.01016	0.00873	0.01277	0.01298	0.11890	0.00875	0.08128	0.01554	0.16424	0.02079	0.41456	0.03069	0.05991	0.00896	0.00611	0.00174	0.00413	0.00814	0.00509	0.00653
38	0.01836	0.00793	0.01070	0.00866	0.01181	0.00697	0.00697	0.02064	0.01554	0.50258	0.29481	0.02663	0.02732	0.00835	0.00583	0.00170	0.00389	0.00708	0.00648	0.00777
39	0.02098	0.01357	0.12136	0.01132	0.01602	0.01121	0.01036	0.23632	0.01773	0.43299	0.01722	0.01607	0.01135	0.00748	0.02860	0.00189	0.00581	0.00512	0.00563	0.00897
40	0.00771	0.00630	0.00676	0.00662	0.00822	0.03280	0.00504	0.00966	0.01369	0.01776	0.33218	0.04585	0.39082	0.01230	0.00637	0.00180	0.00307	0.05561	0.03252	0.00492
41	0.01287	0.01471	0.03217	0.02298	0.02849	0.01379	0.75460	0.01746	0.01287	0.01746	0.01103	0.01471	0.00827	0.00460	0.00643	0.00184	0.00919	0.00643	0.00276	0.00735
42	0.01447	0.78845	0.05085	0.00951	0.01428	0.02131	0.00965	0.01635	0.01109	0.01296	0.00764	0.00883	0.00699	0.00468	0.00355	0.00118	0.00590	0.00295	0.00233	0.00703
43	0.01093	0.02820	0.78016	0.01554	0.02360	0.01266	0.02014	0.01727	0.01151	0.01727	0.00978	0.01151	0.00691	0.00518	0.00518	0.00173	0.00806	0.00403	0.00230	0.00806
44	0.01030	0.00969	0.01635	0.79530	0.03755	0.01211	0.01514	0.01393	0.01090	0.01393	0.00969	0.01453	0.00727	0.00545	0.00545	0.00182	0.00727	0.00484	0.00242	0.00606
45	0.02072	0.01527	0.01636	0.01254	0.01691	0.01691	0.01036	0.75622	0.02563	0.03436	0.01309	0.01309	0.00927	0.00654	0.00545	0.00164	0.00600	0.00491	0.00545	0.00927
46	0.01287	0.01471	0.03217	0.02298	0.02849	0.01379	0.75460	0.01746	0.01287	0.01746	0.01103	0.01471	0.00827	0.00460	0.00643	0.00184	0.00919	0.00643	0.00276	0.00735
47	0.01159	0.01153	0.01600	0.01377	0.01388	0.01594	0.01144	0.01279	0.00860	0.01322	0.01015	0.01445	0.05482	0.00981	0.01718	0.00235	0.74886	0.00519	0.00255	0.00588
48	0.01298	0.01312	0.02501	0.05486	0.29809	0.01289	0.35375	0.05160	0.01313	0.01808	0.01215	0.01769	0.01018	0.00628	0.02140	0.00193	0.00778	0.05841	0.00302	0.00764
49	0.02037	0.02598	0.01545	0.01404	0.01685	0.78652	0.01053	0.02177	0.01545	0.01334	0.00843	0.00983	0.00702	0.00562	0.00492	0.00140	0.00983	0.00351	0.00281	0.00632
50	0.01300	0.01245	0.02123	0.15154	0.66019	0.01282	0.01648	0.01630	0.01218	0.01721	0.01017	0.01365	0.00842	0.00495	0.00541	0.00165	0.00660	0.00486	0.00266	0.00824
51	0.02161	0.09750	0.09331	0.01031	0.01493	0.01015	0.00942	0.02460	0.04198	0.59017	0.01883	0.01684	0.01223	0.00639	0.00524	0.00164	0.00511	0.00508	0.00577	0.00888
52	0.01372	0.01261	0.02140	0.08001	0.69924	0.01271	0.01630	0.01694	0.01244	0.04681	0.01065	0.01375	0.00874	0.00497	0.00540	0.00163	0.00646	0.00488	0.00284	0.00850
53	0.02446	0.00928	0.01265	0.00970	0.01392	0.00801	0.00801	0.02657	0.01560	0.77817	0.02151	0.01856	0.01350	0.00675	0.00548	0.00169	0.00464	0.00548	0.00675	0.00928
54	0.00742	0.00548	0.00718	0.00814	0.00909	0.00525	0.00629	0.00904	0.01142	0.01481	0.03315	0.36579	0.16392	0.01728	0.05565	0.00266	0.00445	0.26337	0.00491	0.00469
55	0.01329	0.01356	0.05062	0.05946	0.68224	0.03210	0.01639	0.01657	0.01235	0.01745	0.01062	0.03131	0.00910	0.00519	0.00541	0.00164	0.00658	0.00503	0.00273	0.00837
56	0.00675	0.00527	0.00622	0.00663	0.00780	0.00474	0.00476	0.00815	0.01183	0.01514	0.12710	0.32152	0.37441	0.01637	0.05524	0.00239	0.00362	0.01241	0.00504	0.00462
57	0.00679	0.00498	0.00638	0.00721	0.00788	0.00457	0.00496	0.00805	0.01149	0.01529	0.15217	0.58642	0.13233	0.01571	0.00681	0.00209	0.00302	0.01409	0.00521	0.00457
58	0.01471	0.00958	0.01328	0.24878	0.08446	0.01039	0.01033	0.04871	0.13501	0.19171	0.01607	0.01731	0.01163	0.00622	0.00517	0.00167	0.00521	0.00525	0.15713	0.00738
59	0.02295	0.00954	0.01280	0.04010	0.01480	0.00865	0.00834	0.07658	0.01592	0.66618	0.02080	0.04917	0.01385	0.00709	0.00554	0.00171	0.00478	0.00581	0.00642	0.00896
60	0.01030	0.00969	0.01635	0.79530	0.03755	0.01211	0.01514	0.01393	0.01090	0.01393	0.00969	0.01453	0.00727	0.00545	0.00545	0.00182	0.00727	0.00484	0.00242	0.00606
61	0.00768	0.00558	0.00725	0.00693	0.00821	0.00515	0.00523	0.01018	0.01513	0.02127	0.70721	0.05685	0.07616	0.01148	0.00648	0.00175	0.00267	0.03376	0.00592	0.00511
62	0.04137	0.00769	0.01089	0.08563	0.03168	0.00901	0.02812	0.01085	0.00932	0.01348	0.04154	0.02434	0.03840	0.22769	0.24637	0.00489	0.14239	0.01829	0.00310	0.00496
63	0.09500	0.48931	0.17345	0.01107	0.01630	0.01768	0.04985	0.01717	0.01136	0.06213	0.00905	0.01021	0.00734	0.00493	0.00409	0.00139	0.00621	0.00348	0.00272	0.00726
64	0.18698	0.00993	0.05277	0.01164	0.06693	0.00915	0.07814	0.01562	0.01218	0.15825	0.12591	0.11290	0.01989	0.05818	0.00717	0.00204	0.02268	0.03868	0.00445	0.00649
65	0.00962	0.01584	0.31356	0.09857	0.07362	0.00973	0.05427	0.01354	0.01187	0.01636	0.06548	0.11633	0.15054	0.00861	0.00584	0.00182	0.00602	0.01836	0.00345	0.00658
66	0.01165	0.01067	0.04136	0.59126	0.05543	0.01179	0.08171	0.01529	0.01156	0.07186	0.01140	0.01640	0.00871	0.00579	0.00561	0.00183	0.00717	0.03112	0.00287	0.00652
67	0.01265	0.07084	0.13749	0.28856	0.03726	0.01154	0.10440	0.01620	0.01209	0.12251	0.03835	0.07809	0.01257	0.00678	0.00560	0.00178	0.00661	0.02634	0.00345	0.00691
68	0.01478	0.01544	0.19517	0.12593	0.24582	0.01180	0.10513	0.01870	0.01275	0.18233	0.01261	0.01442	0.00906	0.00539	0.00550	0.00171	0.00688	0.00499	0.00346	0.00814
69	0.01240	0.01414	0.22164	0.28079	0.05156	0.01044	0.02682	0.01626	0.01249	0.13951	0.09519	0.01956	0.06249	0.00669	0.00557	0.00176	0.00627	0.00572	0.00365	0.00705
70	0.01467	0.23356	0.11581	0.02962	0.01644	0.04007	0.06435	0.04280	0.03156	0.14538	0.01548	0.02278	0.01354	0.00757	0.00578	0.00175	0.03223	0.15557	0.00387	0.00718
71	0.01704	0.01275	0.07701	0.17086	0.14702	0.01179	0.07539	0.11621	0.03367	0.26128	0.01442	0.01538	0.01003	0.00586	0.00552	0.00171	0.00628	0.00516	0.00434	0.00826
72	0.01293	0.04179	0.34110	0.10172	0.12956	0.02473	0.02618	0.04512	0.01249	0.10068	0.01319	0.08835	0.01092	0.00712	0.01890	0.00186	0.00692	0.00554	0.00327	0.00763
73	0.01106	0.04330	0.08289	0.50792	0.03044	0.01227	0.07032	0.01538	0.05363	0.03256	0.04049	0.03705	0.01045	0.00609	0.00577	0.00180	0.02375	0.00539	0.00292	0.00650
74	0.13998	0.14306	0.01947	0.01425	0.06939	0.04344	0.11778	0.16417	0.01422	0.08958	0.01060	0.01222	0.00820	0.00605	0.00679	0.00170	0.12350	0.00449	0.00362	0.00748
75	0.01630	0.17519	0.10387	0.04545	0.09786	0.05817	0.05720	0.12225	0.09546	0.14143	0.01386	0.01440	0.02299	0.00587	0.00509	0.00159	0.00625	0.00476	0.00396	0.00805
76	0.01238	0.00932	0.05967	0.01223	0.04132	0.00789	0.11108	0.01507	0.01295	0.17186	0.05943	0.15870	0.04718	0.01106	0.00657	0.00206	0.00527	0.24468	0.00487	0.00642
77	0.01046	0.00986	0.01666	0.75503	0.07649	0.01216	0.01522	0.01408	0.01098	0.01413	0.00972	0.01448	0.00734	0.00542	0.00545	0.00181	0.00723	0.00485	0.00244	0.00619
78	0.08365	0.01581	0.01461	0.01291	0.04840	0.22147	0.02656	0.26216	0.03249	0.12230	0.01423	0.04658	0.01157	0.00709	0.00537	0.00167	0.00660	0.05433	0.00452	0.00766
79	0.01870	0.01375	0.04253	0.01344	0.07502	0.01413	0.01038	0.49399	0.04467	0.11691	0.01561	0.08824	0.01238	0.00740	0.00559	0.00170	0.00563	0.00597	0.00524	0.00870
80	0.01183	0.00909	0.01637	0.01304	0.01602	0.00835	0.26531	0.01444	0.01282	0.14134	0.10595	0.26306	0.07769	0.01017	0.00644	0.00192	0.00540	0.00980	0.00464	0.00633
