[name]
unknown

[dist]
# distance from previous block
# <min> <max>
0	420

[block]
# block no. 0 follows, 34 sequences, length 20
# corresponding to MSA columns:
# 523-542
name=unknown_A
#
# <colnr> <probs for GDERKNQSTAVLIFYWHMCP>
#	G	D	E	R	K	N	Q	S	T	A	V	L	I	F	Y	W	H	M	C	P
0	0.01136	0.00932	0.02847	0.04911	0.01420	0.00885	0.02853	0.06580	0.08377	0.03840	0.06979	0.29323	0.16350	0.04443	0.00847	0.00244	0.00486	0.03399	0.00571	0.03576
1	0.04798	0.04237	0.04881	0.15932	0.05495	0.06118	0.03159	0.28139	0.05562	0.08639	0.01523	0.03540	0.01154	0.00759	0.00680	0.00202	0.03149	0.00599	0.00499	0.00935
2	0.01898	0.01494	0.08769	0.13573	0.09683	0.05440	0.01317	0.02387	0.08280	0.24940	0.03732	0.02060	0.03935	0.00743	0.00631	0.00192	0.00673	0.00618	0.00522	0.09113
3	0.01393	0.20085	0.58053	0.01676	0.02540	0.01738	0.02099	0.02021	0.01353	0.01928	0.01101	0.01290	0.00821	0.00600	0.00569	0.00190	0.00895	0.00448	0.00274	0.00927
4	0.01705	0.73824	0.07047	0.01144	0.01717	0.02502	0.01172	0.01941	0.01316	0.01547	0.00912	0.01053	0.00829	0.00556	0.00425	0.00142	0.00705	0.00352	0.00276	0.00836
5	0.01684	0.03816	0.21946	0.03620	0.10746	0.01202	0.04321	0.02146	0.04019	0.20829	0.05303	0.08324	0.07422	0.00891	0.00665	0.00207	0.00680	0.00766	0.00505	0.00908
6	0.01537	0.02828	0.57355	0.01785	0.05081	0.01386	0.02099	0.02179	0.01446	0.12823	0.01468	0.01754	0.01068	0.00691	0.00632	0.00207	0.00872	0.03456	0.00368	0.00964
7	0.00780	0.00640	0.00689	0.00725	0.00905	0.00549	0.00535	0.00939	0.01427	0.01734	0.05826	0.20263	0.56546	0.01719	0.00781	0.00230	0.00348	0.04221	0.00600	0.00543
8	0.01981	0.01580	0.07709	0.07120	0.39120	0.04240	0.01659	0.02347	0.01582	0.23853	0.01605	0.01754	0.01166	0.00655	0.00639	0.00196	0.00737	0.00584	0.00461	0.01012
9	0.01797	0.03356	0.08378	0.18629	0.09144	0.03808	0.01377	0.02208	0.04386	0.23678	0.01800	0.02144	0.01357	0.01311	0.10796	0.00320	0.00867	0.03286	0.00482	0.00877
10	0.00787	0.00562	0.00750	0.00900	0.00937	0.00525	0.00600	0.00900	0.01237	0.01649	0.03561	0.76871	0.04274	0.02024	0.00825	0.00262	0.00375	0.01837	0.00600	0.00525
11	0.01296	0.03342	0.73944	0.01842	0.02797	0.01501	0.02387	0.02046	0.01364	0.02046	0.01160	0.01364	0.00818	0.00614	0.00614	0.00205	0.00955	0.00477	0.00273	0.00955
12	0.01850	0.01281	0.01937	0.18416	0.24845	0.01329	0.01487	0.09934	0.01693	0.19238	0.01813	0.04865	0.01461	0.00813	0.00671	0.00210	0.00702	0.06027	0.00495	0.00932
13	0.01733	0.01773	0.02138	0.05368	0.40567	0.18100	0.01584	0.06981	0.01632	0.02060	0.01478	0.10790	0.01381	0.00792	0.00650	0.00196	0.00809	0.00695	0.00380	0.00894
14	0.00787	0.00562	0.00750	0.00900	0.00937	0.00525	0.00600	0.00900	0.01237	0.01649	0.03561	0.76871	0.04274	0.02024	0.00825	0.00262	0.00375	0.01837	0.00600	0.00525
15	0.78321	0.01262	0.01023	0.00987	0.04422	0.01453	0.00756	0.01903	0.01116	0.02864	0.00914	0.01074	0.00714	0.00599	0.00410	0.00200	0.00512	0.00360	0.00396	0.00714
16	0.00831	0.00725	0.03747	0.00855	0.01000	0.00593	0.00647	0.01007	0.01373	0.01787	0.11736	0.38270	0.25408	0.05383	0.00911	0.00259	0.00397	0.03929	0.00588	0.00554
17	0.17569	0.01644	0.01713	0.04334	0.10788	0.08266	0.01202	0.21957	0.18097	0.02872	0.01538	0.01623	0.01170	0.00739	0.00652	0.00202	0.03641	0.00554	0.00504	0.00933
18	0.15933	0.01531	0.01833	0.02013	0.22235	0.04183	0.01278	0.25578	0.01972	0.06948	0.03537	0.04683	0.01298	0.00742	0.00604	0.00193	0.00664	0.00599	0.00498	0.03675
19	0.09068	0.01493	0.01777	0.01800	0.15846	0.04363	0.01214	0.21063	0.10972	0.18773	0.01805	0.03615	0.01337	0.00757	0.00623	0.00196	0.00645	0.00613	0.00575	0.03465

[dist]
# distance from previous block
# <min> <max>
2	16

[block]
# block no. 1 follows, 34 sequences, length 9
# corresponding to MSA columns:
# 559-567
name=unknown_B
#
# <colnr> <probs for GDERKNQSTAVLIFYWHMCP>
#	G	D	E	R	K	N	Q	S	T	A	V	L	I	F	Y	W	H	M	C	P
0	0.01339	0.01353	0.09362	0.11621	0.13694	0.05586	0.01258	0.03281	0.03211	0.05204	0.02400	0.14657	0.10882	0.01216	0.00911	0.09845	0.00658	0.02367	0.00433	0.00723
1	0.01893	0.01499	0.04621	0.02552	0.34779	0.04323	0.04126	0.05815	0.06087	0.18278	0.07926	0.02045	0.01646	0.00724	0.00656	0.00197	0.00694	0.00652	0.00498	0.00989
2	0.01434	0.01497	0.06753	0.31556	0.42343	0.01495	0.01935	0.01859	0.01395	0.01929	0.01186	0.01632	0.00948	0.00605	0.00641	0.00202	0.00815	0.00569	0.00304	0.00901
3	0.00822	0.00588	0.00786	0.00917	0.00975	0.00552	0.00640	0.00969	0.01316	0.01765	0.10187	0.63848	0.04399	0.01936	0.00825	0.00260	0.00388	0.07680	0.00610	0.00539
4	0.04728	0.01668	0.01848	0.03492	0.13542	0.20792	0.08943	0.01979	0.01605	0.07273	0.08814	0.02856	0.08107	0.00929	0.00726	0.00207	0.03121	0.08135	0.00453	0.00782
5	0.01631	0.01529	0.02339	0.21930	0.44825	0.04468	0.01821	0.09711	0.01616	0.02193	0.01228	0.01608	0.00983	0.00620	0.00640	0.00197	0.00801	0.00570	0.00349	0.00943
6	0.01343	0.11456	0.66244	0.01761	0.02672	0.01616	0.02247	0.02034	0.01359	0.01989	0.01131	0.01328	0.00820	0.00607	0.00592	0.00197	0.00926	0.00463	0.00273	0.00941
7	0.00888	0.00644	0.00869	0.00903	0.00977	0.00684	0.00639	0.01031	0.01080	0.01484	0.02467	0.19939	0.06041	0.22420	0.36152	0.00717	0.01073	0.01048	0.00428	0.00517
8	0.02118	0.01579	0.13759	0.01326	0.01842	0.01261	0.01240	0.15336	0.08654	0.30586	0.02419	0.02702	0.05008	0.00918	0.00676	0.00213	0.00639	0.08100	0.00637	0.00986

[dist]
# distance from previous block
# <min> <max>
0	1

[block]
# block no. 2 follows, 34 sequences, length 30
# corresponding to MSA columns:
# 569-598
name=unknown_C
#
# <colnr> <probs for GDERKNQSTAVLIFYWHMCP>
#	G	D	E	R	K	N	Q	S	T	A	V	L	I	F	Y	W	H	M	C	P
0	0.01317	0.01502	0.09152	0.06973	0.21993	0.10081	0.01360	0.01622	0.01397	0.01810	0.02231	0.16968	0.08314	0.01494	0.09232	0.00308	0.00832	0.02250	0.00404	0.00760
1	0.01594	0.54655	0.25241	0.01334	0.02011	0.02230	0.01503	0.01969	0.01329	0.01683	0.00979	0.01138	0.00826	0.00572	0.00476	0.00159	0.00773	0.00386	0.00275	0.00868
2	0.81856	0.01250	0.00950	0.00850	0.01250	0.01449	0.00700	0.01899	0.01100	0.02899	0.00900	0.01050	0.00700	0.00600	0.00400	0.00200	0.00500	0.00350	0.00400	0.00700
3	0.00856	0.00608	0.00806	0.00900	0.00950	0.00605	0.00618	0.00976	0.01159	0.01561	0.02942	0.45605	0.03411	0.17837	0.13432	0.00466	0.00662	0.05580	0.00515	0.00510
4	0.67954	0.14511	0.01372	0.00894	0.01320	0.01642	0.00770	0.01905	0.01137	0.02660	0.00899	0.01047	0.00722	0.00592	0.00402	0.00189	0.00533	0.00349	0.00378	0.00722
5	0.01641	0.21385	0.43565	0.01553	0.02319	0.03408	0.01823	0.02210	0.03401	0.11036	0.01309	0.01414	0.00953	0.00631	0.00570	0.00187	0.00831	0.00472	0.00353	0.00939
6	0.01725	0.54521	0.17028	0.01299	0.01920	0.04613	0.01371	0.07650	0.01481	0.01834	0.01006	0.01147	0.00849	0.00587	0.00478	0.00157	0.00759	0.00393	0.00308	0.00873
7	0.00918	0.00631	0.00727	0.00751	0.00783	0.00618	0.00463	0.00962	0.01048	0.01376	0.02639	0.11245	0.08412	0.59097	0.02694	0.00537	0.00577	0.05651	0.00441	0.00430
8	0.38691	0.01080	0.01077	0.00952	0.01296	0.01151	0.00754	0.02102	0.07754	0.17563	0.10819	0.08896	0.02050	0.02457	0.00620	0.00217	0.00478	0.00699	0.00565	0.00779
9	0.09127	0.56871	0.06164	0.01150	0.01697	0.02280	0.01127	0.06705	0.03732	0.04526	0.01071	0.01175	0.00900	0.00595	0.00455	0.00156	0.00676	0.00392	0.00344	0.00858
10	0.00927	0.00621	0.00708	0.00721	0.00724	0.00618	0.00409	0.00936	0.00964	0.01285	0.02161	0.10186	0.02507	0.71120	0.03087	0.00597	0.00606	0.01013	0.00409	0.00402
11	0.00797	0.00580	0.00751	0.00869	0.00934	0.00534	0.00591	0.00931	0.01313	0.01744	0.10183	0.63759	0.10782	0.01924	0.00813	0.00253	0.00364	0.01732	0.00610	0.00534
12	0.09011	0.16570	0.07977	0.01402	0.01865	0.04113	0.08121	0.15987	0.08837	0.02449	0.03831	0.05004	0.01584	0.02499	0.02122	0.00226	0.00724	0.06365	0.00464	0.00851
13	0.20432	0.25994	0.18025	0.01275	0.01865	0.04237	0.01301	0.10102	0.01536	0.08175	0.01171	0.01271	0.00891	0.00627	0.00507	0.00180	0.00711	0.00430	0.00392	0.00878
14	0.00854	0.00633	0.00805	0.00926	0.00996	0.00614	0.00631	0.01108	0.07056	0.01739	0.03582	0.68469	0.06318	0.01918	0.00809	0.00257	0.00385	0.01731	0.00605	0.00566
15	0.01754	0.74845	0.03327	0.01127	0.01671	0.05299	0.01111	0.01959	0.01333	0.01523	0.00902	0.01041	0.00829	0.00557	0.00421	0.00139	0.00709	0.00348	0.00279	0.00826
16	0.05809	0.18561	0.02176	0.10463	0.10011	0.09541	0.01306	0.08314	0.05310	0.01994	0.01300	0.06509	0.01171	0.00819	0.00844	0.00203	0.13891	0.00588	0.00373	0.00816
17	0.08210	0.00682	0.00740	0.00782	0.00950	0.00632	0.00572	0.01040	0.01385	0.01882	0.09420	0.29236	0.36718	0.01654	0.00755	0.00233	0.00366	0.03595	0.00589	0.00559
18	0.10295	0.01428	0.01627	0.01495	0.08199	0.01541	0.01099	0.37919	0.03848	0.05648	0.11282	0.07045	0.02037	0.00925	0.00654	0.00204	0.00605	0.02617	0.00600	0.00932
19	0.06377	0.07051	0.20052	0.02037	0.15939	0.03909	0.05548	0.17477	0.06570	0.06820	0.01411	0.01547	0.01048	0.00664	0.00613	0.00195	0.00782	0.00545	0.00434	0.00979
20	0.06501	0.00895	0.01259	0.19457	0.07813	0.00945	0.01028	0.01357	0.01397	0.01970	0.15783	0.15113	0.10655	0.04073	0.02945	0.00257	0.00579	0.04194	0.00485	0.03291
21	0.03726	0.00817	0.01014	0.01048	0.05926	0.00790	0.00727	0.01514	0.08129	0.04787	0.42194	0.04365	0.17581	0.01231	0.00719	0.00205	0.00374	0.01064	0.03107	0.00682
22	0.08389	0.10762	0.07213	0.03963	0.25595	0.03903	0.03391	0.03824	0.07607	0.13226	0.03349	0.01705	0.01250	0.00678	0.00632	0.00193	0.02376	0.00563	0.00438	0.00944
23	0.37574	0.03784	0.04416	0.03003	0.05335	0.02950	0.02659	0.03471	0.05080	0.07190	0.03081	0.08535	0.01440	0.05976	0.00767	0.00236	0.02675	0.00630	0.00448	0.00752
24	0.11593	0.09135	0.08638	0.14345	0.09092	0.01632	0.05001	0.16418	0.04007	0.11978	0.01426	0.01580	0.01039	0.00671	0.00597	0.00196	0.00729	0.00542	0.00458	0.00924
25	0.09975	0.10034	0.05598	0.01789	0.16224	0.01587	0.01262	0.07321	0.13914	0.04203	0.03834	0.03869	0.01383	0.00759	0.00721	0.00194	0.07524	0.00587	0.00441	0.08780
26	0.13189	0.06236	0.10239	0.03608	0.17442	0.03157	0.04040	0.08391	0.09791	0.08685	0.01494	0.01722	0.01157	0.00698	0.00638	0.00198	0.02806	0.02165	0.00442	0.03901
27	0.01973	0.06150	0.03358	0.01530	0.10289	0.01408	0.01115	0.21702	0.06625	0.17472	0.07585	0.03701	0.01779	0.04510	0.02354	0.00229	0.00633	0.00674	0.02912	0.04001
28	0.12216	0.06618	0.05445	0.01352	0.03468	0.07274	0.04466	0.15417	0.05051	0.14123	0.04792	0.01820	0.02821	0.00856	0.02980	0.00211	0.00698	0.00569	0.00513	0.09310
29	0.03609	0.18162	0.08354	0.08404	0.12342	0.02669	0.01302	0.06600	0.02979	0.16615	0.04010	0.01837	0.02992	0.00704	0.00579	0.00182	0.00666	0.00563	0.04720	0.02712

[dist]
# distance from previous block
# <min> <max>
81	232

[block]
# block no. 3 follows, 34 sequences, length 22
# corresponding to MSA columns:
# 869-890
name=unknown_D
#
# <colnr> <probs for GDERKNQSTAVLIFYWHMCP>
#	G	D	E	R	K	N	Q	S	T	A	V	L	I	F	Y	W	H	M	C	P
0	0.04715	0.21136	0.21692	0.01521	0.04891	0.03989	0.03775	0.14441	0.01660	0.04710	0.01343	0.04625	0.01124	0.03989	0.00687	0.00201	0.00761	0.00549	0.00392	0.03798
1	0.10609	0.21138	0.19997	0.01406	0.01966	0.06703	0.02917	0.09715	0.03429	0.06185	0.01410	0.01533	0.03776	0.00710	0.00657	0.00190	0.05898	0.00501	0.00388	0.00872
2	0.06299	0.18242	0.18275	0.01367	0.04240	0.01563	0.01313	0.09897	0.05199	0.06918	0.11854	0.02196	0.01874	0.00795	0.00596	0.00188	0.00657	0.03836	0.00462	0.04231
3	0.04412	0.14672	0.22463	0.06402	0.07870	0.05195	0.03902	0.06030	0.03519	0.12675	0.01376	0.01505	0.01013	0.00638	0.00581	0.00184	0.00775	0.00504	0.00403	0.05880
4	0.06563	0.13695	0.20546	0.03244	0.05558	0.03302	0.03739	0.05833	0.01441	0.02030	0.03865	0.06212	0.08862	0.02849	0.03504	0.00237	0.03302	0.00676	0.00385	0.04158
5	0.01707	0.14446	0.30794	0.04569	0.07002	0.01511	0.03387	0.04202	0.01506	0.15369	0.01558	0.01666	0.02754	0.00666	0.00589	0.00188	0.00763	0.00532	0.03390	0.03403
6	0.05590	0.17932	0.16249	0.05439	0.09452	0.03710	0.04746	0.06909	0.04479	0.07010	0.03793	0.01708	0.03305	0.00697	0.00633	0.00187	0.03267	0.00548	0.00397	0.03948
7	0.04917	0.24303	0.23019	0.04451	0.02049	0.01704	0.01436	0.07113	0.01520	0.13186	0.03755	0.01655	0.01205	0.03981	0.00721	0.00204	0.02966	0.00518	0.00409	0.00888
8	0.08291	0.13214	0.17148	0.01600	0.08137	0.04072	0.01413	0.05875	0.01468	0.11981	0.01678	0.01812	0.06525	0.00801	0.00834	0.00205	0.13101	0.00566	0.00411	0.00870
9	0.04079	0.25747	0.25283	0.01361	0.01968	0.01669	0.04402	0.03949	0.03812	0.02035	0.09831	0.01828	0.01574	0.03452	0.00658	0.00192	0.00717	0.00549	0.00370	0.06523
10	0.01556	0.13377	0.27530	0.01546	0.04637	0.07013	0.03801	0.07066	0.03732	0.04890	0.13078	0.01968	0.01796	0.00742	0.00611	0.00186	0.00753	0.00597	0.00418	0.04704
11	0.04822	0.07847	0.15782	0.06825	0.06636	0.03643	0.03108	0.08307	0.05731	0.17169	0.01853	0.04390	0.04333	0.00829	0.00695	0.03402	0.00702	0.00626	0.00479	0.02821
12	0.03503	0.14328	0.14664	0.04590	0.10061	0.01564	0.02839	0.01936	0.05931	0.07135	0.04908	0.04654	0.01478	0.05410	0.00986	0.00231	0.11977	0.00630	0.02346	0.00827
13	0.01635	0.10058	0.16252	0.01887	0.14399	0.05621	0.03531	0.02523	0.24501	0.05188	0.01674	0.01745	0.01279	0.00686	0.00606	0.00191	0.00715	0.00569	0.00441	0.06499
14	0.01284	0.09365	0.22139	0.01526	0.07820	0.01289	0.01389	0.01797	0.06470	0.04366	0.07641	0.02149	0.01669	0.02118	0.25612	0.00479	0.01072	0.00629	0.00386	0.00801
15	0.01725	0.05623	0.07963	0.13888	0.11385	0.04763	0.05719	0.17037	0.09739	0.04900	0.01612	0.03899	0.01302	0.00763	0.00645	0.00201	0.00754	0.03552	0.00456	0.04075
16	0.01280	0.00900	0.01157	0.01049	0.04348	0.00770	0.00763	0.01545	0.01527	0.09803	0.23819	0.11204	0.05861	0.01234	0.04728	0.00219	0.00497	0.00879	0.00556	0.27862
17	0.01346	0.01041	0.03146	0.10834	0.06694	0.01022	0.01009	0.10493	0.03516	0.07323	0.34211	0.07491	0.07028	0.01102	0.00713	0.00207	0.00504	0.00958	0.00603	0.00759
18	0.03473	0.00992	0.02928	0.04216	0.04843	0.00850	0.00851	0.01593	0.01641	0.10368	0.27681	0.06504	0.16289	0.01159	0.00717	0.00206	0.00466	0.00972	0.00613	0.13637
19	0.32054	0.03990	0.30103	0.01566	0.07354	0.01455	0.04088	0.02015	0.01318	0.06238	0.03572	0.01430	0.01016	0.00636	0.00542	0.00200	0.00722	0.00476	0.00370	0.00853
20	0.01440	0.03016	0.60295	0.01887	0.02771	0.01522	0.09238	0.05890	0.01490	0.04689	0.01245	0.01442	0.00878	0.00622	0.00632	0.00205	0.00941	0.00518	0.00317	0.00959
21	0.01760	0.74129	0.03312	0.01132	0.01675	0.05992	0.01112	0.01965	0.01338	0.01523	0.00903	0.01043	0.00829	0.00558	0.00423	0.00140	0.00714	0.00349	0.00279	0.00825

[dist]
# distance from previous block
# <min> <max>
0	2

[block]
# block no. 4 follows, 34 sequences, length 7
# corresponding to MSA columns:
# 893-899
name=unknown_E
#
# <colnr> <probs for GDERKNQSTAVLIFYWHMCP>
#	G	D	E	R	K	N	Q	S	T	A	V	L	I	F	Y	W	H	M	C	P
0	0.81856	0.01250	0.00950	0.00850	0.01250	0.01449	0.00700	0.01899	0.01100	0.02899	0.00900	0.01050	0.00700	0.00600	0.00400	0.00200	0.00500	0.00350	0.00400	0.00700
1	0.01630	0.01646	0.01990	0.40801	0.10499	0.15574	0.01621	0.09003	0.01569	0.01926	0.01144	0.01561	0.00896	0.00694	0.00749	0.00207	0.06816	0.00544	0.00336	0.00793
2	0.01747	0.01430	0.04926	0.08787	0.01976	0.05075	0.01073	0.11006	0.08113	0.12342	0.05079	0.01788	0.01389	0.00673	0.00583	0.00161	0.00611	0.00542	0.00499	0.32202
3	0.01210	0.00870	0.01173	0.01339	0.12537	0.00813	0.00859	0.01532	0.04306	0.09539	0.27708	0.07166	0.23591	0.01264	0.00734	0.00211	0.00430	0.03381	0.00616	0.00720
4	0.14778	0.05940	0.09999	0.01048	0.01429	0.04538	0.00943	0.01789	0.01465	0.14632	0.09022	0.09942	0.15304	0.03465	0.00724	0.00221	0.00553	0.02928	0.00533	0.00745
5	0.02137	0.05780	0.07006	0.04193	0.19149	0.07147	0.01373	0.10227	0.01768	0.25604	0.01643	0.01690	0.01169	0.00674	0.00612	0.00183	0.00708	0.00552	0.00513	0.07872
6	0.06263	0.07743	0.09282	0.01378	0.01910	0.06024	0.03782	0.22768	0.09411	0.13254	0.01736	0.01736	0.03024	0.00726	0.00601	0.00185	0.00689	0.00564	0.00533	0.08391

[dist]
# distance from previous block
# <min> <max>
17	43

[block]
# block no. 5 follows, 34 sequences, length 25
# corresponding to MSA columns:
# 947-971
name=unknown_F
#
# <colnr> <probs for GDERKNQSTAVLIFYWHMCP>
#	G	D	E	R	K	N	Q	S	T	A	V	L	I	F	Y	W	H	M	C	P
0	0.07068	0.05245	0.22392	0.01730	0.09508	0.06516	0.04715	0.10538	0.01654	0.10965	0.01645	0.06161	0.03226	0.00756	0.00617	0.00194	0.00757	0.00618	0.00438	0.05258
1	0.07184	0.05446	0.19295	0.01769	0.02397	0.04344	0.22277	0.02320	0.01562	0.21312	0.04637	0.01807	0.01297	0.00672	0.00650	0.00202	0.00825	0.00622	0.00460	0.00923
2	0.01842	0.01590	0.12836	0.11950	0.13565	0.01302	0.11785	0.02333	0.05357	0.23768	0.01822	0.05976	0.01370	0.00750	0.00669	0.00209	0.00754	0.00689	0.00489	0.00945
3	0.01224	0.01004	0.01191	0.09040	0.06284	0.07790	0.00943	0.01443	0.01443	0.06129	0.10192	0.26887	0.06925	0.06000	0.00909	0.00258	0.00573	0.10584	0.00534	0.00646
4	0.01354	0.01069	0.01770	0.50012	0.03442	0.01229	0.05134	0.01717	0.01359	0.09727	0.01719	0.13816	0.01513	0.00881	0.00677	0.00220	0.00749	0.00795	0.02083	0.00735
5	0.01490	0.02199	0.35960	0.06672	0.02590	0.01310	0.13360	0.02033	0.01456	0.11670	0.01742	0.06717	0.01452	0.00832	0.00686	0.00220	0.00845	0.07477	0.00406	0.00883
6	0.00845	0.00609	0.00758	0.00836	0.00941	0.00550	0.00583	0.00996	0.01378	0.03437	0.12549	0.49579	0.20932	0.01819	0.00799	0.00243	0.00359	0.01616	0.00618	0.00553
7	0.01632	0.01466	0.02245	0.33202	0.05647	0.01595	0.14118	0.09367	0.13690	0.02340	0.01871	0.04680	0.03287	0.00866	0.00751	0.00246	0.00844	0.00753	0.00476	0.00926
8	0.01220	0.01148	0.01938	0.75739	0.04450	0.01436	0.01794	0.01651	0.01292	0.01651	0.01148	0.01723	0.00861	0.00646	0.00646	0.00215	0.00861	0.00574	0.00287	0.00718
9	0.01518	0.01193	0.01693	0.22926	0.04340	0.01312	0.05975	0.13102	0.10313	0.06591	0.05006	0.09327	0.01896	0.05995	0.00862	0.00245	0.00681	0.04390	0.01831	0.00806
10	0.00804	0.00608	0.00743	0.00811	0.00923	0.00547	0.00569	0.00968	0.01419	0.01856	0.17540	0.42356	0.24959	0.01777	0.00795	0.00238	0.00348	0.01571	0.00621	0.00547
11	0.02332	0.02947	0.01838	0.06732	0.02165	0.69686	0.01286	0.02517	0.01794	0.01586	0.01009	0.01203	0.00834	0.00664	0.00587	0.00170	0.01144	0.00427	0.00330	0.00747
12	0.58497	0.01706	0.01327	0.01152	0.01552	0.18542	0.05053	0.02068	0.01296	0.02542	0.00947	0.01118	0.00748	0.00612	0.00464	0.00193	0.00690	0.00390	0.00380	0.00722
13	0.01531	0.01295	0.02199	0.01714	0.02123	0.03928	0.29262	0.06071	0.01594	0.11615	0.02598	0.21560	0.09353	0.01091	0.00750	0.00224	0.00734	0.01062	0.00508	0.00789
14	0.00949	0.00625	0.00829	0.00928	0.01021	0.00580	0.00663	0.01104	0.01351	0.06099	0.08229	0.56804	0.07533	0.01860	0.00814	0.00256	0.00402	0.08761	0.00619	0.00574
15	0.02414	0.03079	0.01831	0.01665	0.01998	0.74698	0.01248	0.02580	0.01831	0.01581	0.00999	0.01165	0.00832	0.00666	0.00583	0.00166	0.01165	0.00416	0.00333	0.00749
16	0.01244	0.01172	0.01981	0.71278	0.08727	0.01442	0.01806	0.01672	0.01303	0.01679	0.01153	0.01715	0.00871	0.00642	0.00646	0.00214	0.00856	0.00574	0.00289	0.00737
17	0.00803	0.00599	0.00750	0.00853	0.00945	0.00546	0.00598	0.00949	0.01341	0.01744	0.08441	0.52332	0.20413	0.01879	0.00810	0.00250	0.00371	0.05231	0.00606	0.00538
18	0.07865	0.01690	0.01807	0.01406	0.01904	0.01860	0.01157	0.56769	0.07394	0.09145	0.01653	0.01623	0.01167	0.00772	0.00630	0.00196	0.00671	0.00581	0.00642	0.01067
19	0.01330	0.14077	0.59658	0.01670	0.02526	0.01604	0.02097	0.01969	0.01363	0.01953	0.01412	0.01579	0.04720	0.00660	0.00593	0.00196	0.00882	0.00506	0.00291	0.00914
20	0.02097	0.25457	0.06218	0.01421	0.01958	0.05880	0.04979	0.27840	0.06884	0.09083	0.01448	0.01488	0.01084	0.00689	0.00577	0.00179	0.00734	0.00520	0.00492	0.00971
21	0.02251	0.02599	0.01731	0.01560	0.01908	0.54470	0.01183	0.02803	0.17988	0.05187	0.01446	0.01500	0.01130	0.00721	0.00603	0.00180	0.00986	0.00499	0.00429	0.00828
22	0.00937	0.00704	0.00972	0.01170	0.05577	0.00676	0.00840	0.01152	0.01401	0.01849	0.07808	0.35634	0.10219	0.01768	0.00829	0.00263	0.00472	0.26550	0.00587	0.00589
23	0.01263	0.11244	0.46422	0.01586	0.02322	0.01442	0.06408	0.01827	0.01412	0.01978	0.06219	0.02246	0.11352	0.00789	0.00631	0.00200	0.00806	0.00648	0.00349	0.00856
24	0.01979	0.01526	0.01679	0.01281	0.01799	0.01554	0.01045	0.41171	0.06570	0.03242	0.01482	0.01556	0.01116	0.00787	0.02547	0.00184	0.00646	0.00525	0.00548	0.28763

[dist]
# distance from previous block
# <min> <max>
5	31

[block]
# block no. 6 follows, 34 sequences, length 10
# corresponding to MSA columns:
# 1004-1013
name=unknown_G
#
# <colnr> <probs for GDERKNQSTAVLIFYWHMCP>
#	G	D	E	R	K	N	Q	S	T	A	V	L	I	F	Y	W	H	M	C	P
0	0.01772	0.02016	0.24385	0.06346	0.02432	0.01474	0.11566	0.19344	0.01889	0.10969	0.06297	0.01868	0.01400	0.00722	0.00652	0.00201	0.00785	0.00623	0.04317	0.00941
1	0.10656	0.06090	0.06636	0.05134	0.14811	0.01610	0.06833	0.20637	0.04425	0.13035	0.01605	0.01706	0.02555	0.00698	0.00615	0.00197	0.00711	0.00580	0.00497	0.00969
2	0.00962	0.00661	0.00819	0.00867	0.01019	0.00597	0.00648	0.01145	0.01450	0.06380	0.11951	0.32063	0.26385	0.01713	0.00796	0.00243	0.00393	0.10697	0.00624	0.00587
3	0.00926	0.00681	0.00980	0.00980	0.01075	0.00776	0.00735	0.01116	0.01021	0.01457	0.01784	0.02835	0.01744	0.17548	0.62206	0.00966	0.01537	0.00736	0.00354	0.00544
4	0.10296	0.01316	0.01831	0.38519	0.03129	0.01502	0.03946	0.15236	0.01638	0.05605	0.01260	0.01597	0.00936	0.00671	0.00657	0.00201	0.03156	0.00545	0.00402	0.07556
5	0.12803	0.05910	0.14990	0.04845	0.02118	0.01587	0.05445	0.24282	0.01936	0.12147	0.01590	0.03536	0.01225	0.00771	0.00618	0.00203	0.00721	0.03831	0.00506	0.00936
6	0.01642	0.01800	0.01838	0.01576	0.01769	0.23383	0.05297	0.01827	0.01301	0.01615	0.01089	0.01607	0.01011	0.05266	0.08352	0.00319	0.32485	0.00550	0.00320	0.06955
7	0.11552	0.01523	0.07100	0.01197	0.01705	0.01388	0.01041	0.28168	0.02022	0.03009	0.10216	0.01821	0.01609	0.00722	0.00579	0.00168	0.00585	0.00560	0.00518	0.24518
8	0.01276	0.01107	0.01492	0.30109	0.02577	0.01303	0.01223	0.02143	0.27209	0.02001	0.02051	0.10324	0.01785	0.05735	0.06579	0.00310	0.00734	0.00799	0.00468	0.00778
9	0.07446	0.01566	0.01677	0.09119	0.02066	0.05926	0.01148	0.30898	0.14239	0.10452	0.01744	0.03401	0.01296	0.00775	0.00623	0.00196	0.00668	0.00605	0.00575	0.05580

[dist]
# distance from previous block
# <min> <max>
0	2

[block]
# block no. 7 follows, 34 sequences, length 12
# corresponding to MSA columns:
# 1016-1027
name=unknown_H
#
# <colnr> <probs for GDERKNQSTAVLIFYWHMCP>
#	G	D	E	R	K	N	Q	S	T	A	V	L	I	F	Y	W	H	M	C	P
0	0.01219	0.27040	0.05645	0.10075	0.01721	0.01406	0.01020	0.01479	0.01399	0.01788	0.13047	0.14406	0.10121	0.02502	0.00685	0.00206	0.00572	0.04531	0.00448	0.00691
1	0.01186	0.00797	0.01002	0.00925	0.01137	0.00761	0.00727	0.07220	0.01861	0.07555	0.47998	0.04780	0.10803	0.01321	0.00760	0.00215	0.00393	0.09193	0.00689	0.00678
2	0.02344	0.02634	0.01828	0.01612	0.01934	0.55121	0.01241	0.07319	0.01821	0.07817	0.01151	0.01308	0.00917	0.00738	0.00768	0.00184	0.09611	0.00464	0.00388	0.00798
3	0.03333	0.06851	0.33311	0.11656	0.04401	0.01424	0.05352	0.02135	0.05387	0.12103	0.01592	0.06886	0.01253	0.00749	0.00632	0.00206	0.00795	0.00631	0.00401	0.00901
4	0.01158	0.00807	0.01013	0.01118	0.07220	0.00778	0.00757	0.03513	0.05316	0.05898	0.14524	0.18061	0.17996	0.01326	0.00706	0.00214	0.00414	0.04931	0.13574	0.00676
5	0.00796	0.00583	0.00730	0.00841	0.00906	0.00537	0.00563	0.00908	0.01252	0.01632	0.03937	0.58662	0.15772	0.08401	0.01025	0.00286	0.00388	0.01680	0.00582	0.00517
6	0.01190	0.00722	0.00998	0.01108	0.06063	0.00700	0.00724	0.01303	0.03868	0.07705	0.05643	0.27055	0.04627	0.04373	0.01352	0.23904	0.00483	0.02817	0.04805	0.00561
7	0.01616	0.26032	0.25029	0.02013	0.12543	0.05984	0.11271	0.04824	0.01479	0.01950	0.01113	0.01344	0.00886	0.00589	0.00575	0.00181	0.00866	0.00490	0.00307	0.00908
8	0.02107	0.01844	0.01836	0.07504	0.16817	0.25156	0.01314	0.02535	0.08871	0.18912	0.05441	0.01865	0.01454	0.00734	0.00632	0.00191	0.00802	0.00589	0.00490	0.00907
9	0.01158	0.00762	0.00940	0.00958	0.01148	0.00726	0.00732	0.01506	0.08341	0.10292	0.07453	0.29270	0.19527	0.01605	0.00782	0.00244	0.00432	0.12829	0.00634	0.00661
10	0.01059	0.00886	0.01424	0.05457	0.13071	0.00865	0.07662	0.01313	0.01408	0.01956	0.15127	0.35182	0.03403	0.03530	0.00821	0.00239	0.00524	0.01262	0.04148	0.00664
11	0.11796	0.07507	0.08256	0.01626	0.02136	0.08490	0.19617	0.03694	0.04162	0.17192	0.01692	0.08063	0.01358	0.00767	0.00636	0.00203	0.00778	0.00685	0.00470	0.00871

[dist]
# distance from previous block
# <min> <max>
0	1

[block]
# block no. 8 follows, 34 sequences, length 28
# corresponding to MSA columns:
# 1029-1033,1037-1059
name=unknown_I
#
# <colnr> <probs for GDERKNQSTAVLIFYWHMCP>
#	G	D	E	R	K	N	Q	S	T	A	V	L	I	F	Y	W	H	M	C	P
0	0.01772	0.01031	0.01253	0.01103	0.01426	0.01030	0.00871	0.06038	0.19030	0.24715	0.13439	0.11772	0.06914	0.01150	0.00711	0.00220	0.00482	0.05473	0.00695	0.00876
1	0.01753	0.00872	0.00994	0.00866	0.01149	0.00865	0.00681	0.04536	0.10111	0.21742	0.02271	0.02324	0.01660	0.00781	0.00537	0.00174	0.00408	0.00630	0.46841	0.00804
2	0.07433	0.00836	0.00919	0.00822	0.01071	0.00830	0.00640	0.07048	0.03110	0.10446	0.19677	0.03231	0.10651	0.00988	0.00599	0.00185	0.00384	0.00812	0.29610	0.00707
3	0.01822	0.05300	0.01862	0.01465	0.01705	0.07362	0.01211	0.05033	0.04414	0.14832	0.01308	0.01559	0.01052	0.00913	0.01355	0.00226	0.38598	0.00547	0.00422	0.09015
4	0.01527	0.07648	0.20542	0.09924	0.03723	0.01329	0.01403	0.04961	0.04729	0.07481	0.01325	0.01495	0.01003	0.00596	0.00560	0.00161	0.00686	0.00475	0.00389	0.30043
5	0.05934	0.01276	0.01722	0.14097	0.04966	0.01378	0.05778	0.06299	0.15284	0.10687	0.02018	0.02137	0.06819	0.00810	0.00777	0.00204	0.08053	0.00652	0.00487	0.10624
6	0.07314	0.01263	0.02312	0.01838	0.02214	0.01264	0.32641	0.01657	0.01406	0.01995	0.02251	0.11735	0.05806	0.01101	0.00881	0.00245	0.06840	0.16077	0.00434	0.00726
7	0.00893	0.00711	0.02758	0.00843	0.00992	0.00614	0.00639	0.01152	0.01645	0.02291	0.50967	0.18589	0.09189	0.04727	0.00879	0.00234	0.00351	0.01279	0.00658	0.00590
8	0.01032	0.00737	0.01028	0.01162	0.01311	0.00734	0.01009	0.01330	0.01513	0.01983	0.08639	0.07104	0.03897	0.01750	0.00883	0.00290	0.00573	0.63827	0.00604	0.00596
9	0.01764	0.01298	0.01561	0.01550	0.10064	0.01396	0.01085	0.11294	0.34458	0.12076	0.10886	0.05535	0.02297	0.00919	0.00673	0.00210	0.00541	0.00782	0.00639	0.00972
10	0.26459	0.01405	0.01627	0.01276	0.01762	0.01456	0.08783	0.14822	0.12555	0.02801	0.01393	0.01500	0.01064	0.00640	0.00545	0.00179	0.00602	0.00506	0.00473	0.20151
11	0.00814	0.00581	0.00780	0.00930	0.00979	0.00548	0.00646	0.00945	0.01263	0.01679	0.03547	0.69643	0.04216	0.01999	0.00832	0.00266	0.00398	0.08804	0.00599	0.00532
12	0.00960	0.00705	0.00754	0.00719	0.00957	0.00604	0.00547	0.01175	0.02969	0.07443	0.11538	0.05715	0.60560	0.01530	0.00752	0.00216	0.00347	0.01279	0.00626	0.00604
13	0.01592	0.01346	0.01724	0.04034	0.18780	0.03908	0.01167	0.02098	0.10732	0.07516	0.01452	0.01614	0.01145	0.00605	0.00598	0.00153	0.02260	0.00506	0.00428	0.38341
14	0.01342	0.01073	0.01129	0.01009	0.01265	0.06643	0.00773	0.09533	0.08029	0.05468	0.35966	0.08635	0.11124	0.01194	0.00715	0.00202	0.00460	0.01018	0.00642	0.03780
15	0.09930	0.01010	0.01182	0.01072	0.01288	0.02563	0.00847	0.11903	0.01422	0.04473	0.01634	0.02174	0.01411	0.05632	0.34961	0.00600	0.05698	0.00623	0.10884	0.00693
16	0.19680	0.01131	0.01225	0.01055	0.01420	0.01182	0.00846	0.08425	0.14342	0.20412	0.08870	0.05272	0.06741	0.00948	0.00622	0.00209	0.00497	0.03213	0.03051	0.00861
17	0.14289	0.01121	0.01420	0.01106	0.01592	0.01022	0.00914	0.02969	0.01741	0.63494	0.02311	0.02033	0.01470	0.00771	0.00614	0.00200	0.00543	0.00607	0.00742	0.01042
18	0.01249	0.00728	0.00933	0.00948	0.01106	0.00692	0.00700	0.04868	0.01496	0.12338	0.08932	0.43156	0.03560	0.01573	0.00751	0.00236	0.00420	0.06451	0.09205	0.00657
19	0.01008	0.00676	0.00849	0.00844	0.01013	0.00610	0.00633	0.01233	0.01595	0.07482	0.32214	0.20718	0.21134	0.01540	0.00776	0.00226	0.00363	0.05812	0.00660	0.00612
20	0.12347	0.01215	0.01466	0.01163	0.01636	0.01183	0.00953	0.09017	0.10355	0.50342	0.02270	0.02027	0.01491	0.00782	0.00620	0.00202	0.00553	0.00617	0.00720	0.01041
21	0.39422	0.01192	0.01241	0.01023	0.01466	0.01233	0.00839	0.02591	0.06977	0.35329	0.01790	0.01682	0.01211	0.00713	0.00534	0.00201	0.00524	0.00517	0.00603	0.00908
22	0.00963	0.00625	0.00831	0.00892	0.00992	0.00577	0.00626	0.01138	0.01442	0.06689	0.22764	0.51904	0.04603	0.01748	0.00796	0.00242	0.00367	0.01572	0.00644	0.00587
23	0.01289	0.01196	0.01464	0.01320	0.01388	0.06996	0.01048	0.01453	0.01090	0.01575	0.01329	0.02092	0.01285	0.10655	0.21515	0.00505	0.35936	0.00633	0.06599	0.00631
24	0.01100	0.00941	0.01235	0.01133	0.01217	0.01141	0.00897	0.01232	0.01147	0.01599	0.02743	0.03389	0.20333	0.08295	0.10066	0.05741	0.29452	0.03775	0.03978	0.00585
25	0.01687	0.01357	0.04593	0.05058	0.01848	0.01352	0.06520	0.27944	0.06565	0.05847	0.02436	0.17780	0.07238	0.01076	0.00689	0.00213	0.00615	0.00926	0.05396	0.00860
26	0.09975	0.00973	0.01268	0.01183	0.04305	0.00986	0.06232	0.04103	0.10210	0.02486	0.33628	0.06663	0.10676	0.01153	0.00708	0.00212	0.00461	0.03461	0.00603	0.00714
27	0.78328	0.01274	0.00994	0.00878	0.01283	0.01474	0.00723	0.04974	0.01186	0.02951	0.00929	0.01072	0.00717	0.00608	0.00411	0.00200	0.00509	0.00360	0.00411	0.00717

[dist]
# distance from previous block
# <min> <max>
0	3

[block]
# block no. 9 follows, 34 sequences, length 22
# corresponding to MSA columns:
# 1063-1084
name=unknown_J
#
# <colnr> <probs for GDERKNQSTAVLIFYWHMCP>
#	G	D	E	R	K	N	Q	S	T	A	V	L	I	F	Y	W	H	M	C	P
0	0.05983	0.01263	0.01581	0.04519	0.01804	0.01315	0.05599	0.14117	0.19129	0.20307	0.10600	0.02591	0.06520	0.00894	0.00666	0.00207	0.00572	0.00752	0.00642	0.00937
1	0.01427	0.09305	0.39146	0.01993	0.02742	0.01662	0.22201	0.02113	0.06069	0.02028	0.01263	0.01517	0.00944	0.00628	0.00709	0.00207	0.04248	0.00570	0.00315	0.00913
2	0.00973	0.00661	0.00822	0.00819	0.00980	0.00593	0.00600	0.01186	0.01579	0.06826	0.32631	0.24753	0.22051	0.01558	0.00772	0.00223	0.00346	0.01366	0.00659	0.00603
3	0.65901	0.01197	0.00987	0.00875	0.01249	0.01359	0.00713	0.05677	0.01301	0.02896	0.09172	0.01656	0.03497	0.00722	0.00465	0.00201	0.00485	0.00485	0.00455	0.00707
4	0.42853	0.01614	0.13930	0.01139	0.01669	0.01368	0.01092	0.06611	0.01457	0.20656	0.01402	0.01426	0.00972	0.00664	0.00516	0.00200	0.00605	0.00462	0.00494	0.00870
5	0.01386	0.01012	0.01103	0.01005	0.01130	0.06902	0.00714	0.04751	0.01232	0.09459	0.01837	0.03127	0.01842	0.41295	0.13599	0.00556	0.07258	0.00778	0.00428	0.00588
6	0.00971	0.00650	0.00781	0.00793	0.00885	0.00612	0.00534	0.01088	0.01276	0.04798	0.13895	0.18526	0.13632	0.33380	0.01836	0.00399	0.00481	0.04413	0.00538	0.00513
7	0.00850	0.00634	0.00795	0.00838	0.00967	0.00579	0.00616	0.01060	0.01528	0.02041	0.29727	0.28992	0.20051	0.01660	0.00794	0.00234	0.00357	0.07071	0.00640	0.00566
8	0.01296	0.03342	0.73944	0.01842	0.02797	0.01501	0.02387	0.02046	0.01364	0.02046	0.01160	0.01364	0.00818	0.00614	0.00614	0.00205	0.00955	0.00477	0.00273	0.00955
9	0.01666	0.01601	0.02143	0.12685	0.21467	0.10114	0.07757	0.11260	0.04142	0.02130	0.01464	0.01799	0.04032	0.00840	0.00928	0.05323	0.08814	0.00611	0.00379	0.00844
10	0.01005	0.00727	0.00848	0.00842	0.00978	0.00709	0.00597	0.05552	0.04104	0.02032	0.18680	0.22116	0.15156	0.16629	0.01255	0.00303	0.00428	0.02367	0.05092	0.00580
11	0.01141	0.00743	0.00940	0.00869	0.01066	0.00703	0.00666	0.01530	0.06155	0.08629	0.54282	0.04459	0.07547	0.01246	0.00735	0.00205	0.00349	0.03287	0.04774	0.00674
12	0.01360	0.01254	0.01817	0.14836	0.05254	0.07788	0.14529	0.01760	0.05445	0.05356	0.09083	0.18896	0.04806	0.01078	0.00721	0.00220	0.00699	0.02577	0.01787	0.00735
13	0.01348	0.05280	0.15359	0.18238	0.31076	0.01406	0.01757	0.01772	0.01411	0.01952	0.04988	0.05765	0.05385	0.00765	0.00648	0.00202	0.00752	0.00682	0.00351	0.00865
14	0.00829	0.00597	0.00757	0.00856	0.00913	0.00568	0.00577	0.00939	0.01205	0.01589	0.03488	0.49702	0.10860	0.16120	0.05028	0.00366	0.00494	0.04057	0.00548	0.00507
15	0.01252	0.04548	0.05784	0.01367	0.04467	0.04342	0.05616	0.01466	0.03540	0.01772	0.13479	0.07018	0.03356	0.06134	0.01466	0.16084	0.13422	0.03847	0.00416	0.00625
16	0.04428	0.15031	0.14819	0.05377	0.14717	0.04762	0.05068	0.02174	0.06464	0.11838	0.03283	0.06407	0.01397	0.00746	0.00609	0.00194	0.00733	0.00628	0.00423	0.00901
17	0.01782	0.01348	0.04746	0.09126	0.08248	0.01336	0.05092	0.18565	0.04873	0.13476	0.05124	0.07144	0.04136	0.03618	0.00803	0.00221	0.03109	0.00752	0.05616	0.00883
18	0.01069	0.00737	0.01018	0.11438	0.01503	0.00726	0.00800	0.01318	0.01541	0.07818	0.29390	0.25698	0.10255	0.01429	0.00758	0.00225	0.00432	0.02599	0.00613	0.00633
19	0.09003	0.04630	0.17665	0.06546	0.13365	0.01370	0.07760	0.02181	0.06295	0.14482	0.05714	0.01861	0.01395	0.00760	0.00704	0.03607	0.00725	0.00599	0.00441	0.00896
20	0.10058	0.05052	0.17485	0.06538	0.08266	0.01431	0.05763	0.05526	0.12675	0.10162	0.04364	0.06774	0.01543	0.00793	0.00628	0.00207	0.00693	0.00671	0.00469	0.00900
21	0.06616	0.07285	0.13527	0.01454	0.08799	0.01217	0.01196	0.05451	0.03132	0.12003	0.02021	0.14888	0.04322	0.01114	0.04159	0.00234	0.00663	0.00773	0.00473	0.10673

[dist]
# distance from previous block
# <min> <max>
0	22

[block]
# block no. 10 follows, 34 sequences, length 38
# corresponding to MSA columns:
# 1107-1144
name=unknown_K
#
# <colnr> <probs for GDERKNQSTAVLIFYWHMCP>
#	G	D	E	R	K	N	Q	S	T	A	V	L	I	F	Y	W	H	M	C	P
0	0.05790	0.23787	0.09990	0.07193	0.10418	0.04880	0.01367	0.09886	0.04235	0.14504	0.01407	0.01503	0.01052	0.00655	0.00561	0.00181	0.00723	0.00500	0.00436	0.00931
1	0.13118	0.10471	0.12223	0.04196	0.04354	0.04536	0.05502	0.03235	0.06105	0.09707	0.05074	0.09910	0.03924	0.00854	0.00606	0.00198	0.00657	0.00705	0.00458	0.04168
2	0.10168	0.04329	0.07914	0.13700	0.02050	0.03572	0.03714	0.03254	0.09219	0.08457	0.09041	0.02984	0.14753	0.00954	0.00652	0.00209	0.00616	0.03138	0.00500	0.00777
3	0.12882	0.01498	0.12359	0.06544	0.01903	0.01276	0.01184	0.06306	0.15555	0.15696	0.05423	0.06143	0.01775	0.00866	0.00628	0.00208	0.00606	0.03800	0.00546	0.04802
4	0.02287	0.04980	0.04213	0.07023	0.02132	0.09417	0.01256	0.40559	0.07292	0.11951	0.01621	0.01636	0.01155	0.00750	0.00630	0.00193	0.00743	0.00569	0.00579	0.01013
5	0.04716	0.01495	0.02411	0.09657	0.57004	0.01535	0.01827	0.06871	0.01567	0.04904	0.01271	0.01608	0.01024	0.00605	0.00632	0.00195	0.00753	0.00570	0.00361	0.00993
6	0.01250	0.02044	0.33269	0.13090	0.02478	0.01307	0.03576	0.04655	0.04167	0.02146	0.14699	0.07353	0.02105	0.00885	0.00734	0.00214	0.04057	0.00741	0.00411	0.00819
7	0.09973	0.01045	0.01200	0.00986	0.01396	0.00947	0.00777	0.02053	0.08833	0.18779	0.02320	0.11322	0.06757	0.00891	0.00591	0.00175	0.00471	0.00735	0.03548	0.27202
8	0.02019	0.05234	0.01514	0.01142	0.01536	0.01286	0.00931	0.22538	0.07139	0.22655	0.18321	0.02700	0.04781	0.00929	0.00657	0.00195	0.00528	0.00759	0.04207	0.00928
9	0.02414	0.03079	0.01831	0.01665	0.01998	0.74698	0.01248	0.02580	0.01831	0.01581	0.00999	0.01165	0.00832	0.00666	0.00583	0.00166	0.01165	0.00416	0.00333	0.00749
10	0.00934	0.00600	0.00802	0.00917	0.00987	0.00554	0.00624	0.01056	0.01279	0.06641	0.03491	0.71698	0.04088	0.01939	0.00813	0.00258	0.00387	0.01755	0.00614	0.00565
11	0.01268	0.00765	0.00987	0.01004	0.01194	0.00725	0.00776	0.01573	0.06028	0.14357	0.07285	0.31752	0.11252	0.01603	0.00789	0.00249	0.00455	0.16616	0.00643	0.00679
12	0.00916	0.00659	0.00844	0.00933	0.01015	0.00637	0.00645	0.05881	0.01417	0.01904	0.09582	0.65156	0.04212	0.01874	0.00807	0.00252	0.00392	0.01689	0.00613	0.00573
13	0.00918	0.00656	0.00808	0.00852	0.00911	0.00658	0.00585	0.01030	0.01198	0.01619	0.06945	0.27100	0.09371	0.29427	0.01769	0.00388	0.03955	0.07333	0.03978	0.00500
14	0.00855	0.00649	0.00791	0.00822	0.00957	0.00598	0.00591	0.01108	0.03974	0.02042	0.28721	0.31065	0.22175	0.01639	0.00781	0.00229	0.00343	0.01443	0.00641	0.00577
15	0.10445	0.01110	0.01224	0.01075	0.01407	0.01173	0.00869	0.12847	0.15212	0.14021	0.07226	0.02938	0.03709	0.00955	0.00628	0.00206	0.00502	0.08880	0.14726	0.00847
16	0.01155	0.00956	0.01198	0.01186	0.01345	0.04509	0.00959	0.03284	0.07291	0.01789	0.02150	0.03601	0.02093	0.03160	0.38923	0.00662	0.06181	0.18467	0.00440	0.00650
17	0.00787	0.00562	0.00750	0.00900	0.00937	0.00525	0.00600	0.00900	0.01237	0.01649	0.03561	0.76871	0.04274	0.02024	0.00825	0.00262	0.00375	0.01837	0.00600	0.00525
18	0.00923	0.00687	0.01012	0.01009	0.01122	0.00787	0.00776	0.01149	0.01086	0.01561	0.06437	0.02763	0.01943	0.07795	0.66718	0.00965	0.01588	0.00735	0.00372	0.00571
19	0.06017	0.02374	0.01635	0.01480	0.01802	0.47435	0.01135	0.12130	0.01902	0.02071	0.04103	0.07128	0.01508	0.00878	0.00629	0.00190	0.00939	0.05446	0.00433	0.00765
20	0.00919	0.00632	0.00776	0.00794	0.00821	0.00651	0.00498	0.00978	0.00994	0.01348	0.02151	0.12262	0.02425	0.54197	0.17228	0.00666	0.00817	0.00994	0.00406	0.00444
21	0.51904	0.07030	0.06712	0.06245	0.01735	0.07147	0.01015	0.07777	0.01366	0.02650	0.00998	0.01170	0.00773	0.00621	0.00468	0.00194	0.00640	0.00399	0.00390	0.00766
22	0.01079	0.00779	0.00954	0.00890	0.01088	0.00759	0.00673	0.01581	0.11951	0.05451	0.51129	0.07594	0.10972	0.01292	0.00745	0.00209	0.00350	0.01129	0.00693	0.00681
23	0.01295	0.00773	0.00976	0.00895	0.01115	0.00720	0.00681	0.01656	0.06350	0.15053	0.39643	0.12536	0.10380	0.01287	0.00732	0.00210	0.00372	0.01121	0.03495	0.00708
24	0.06851	0.01426	0.02006	0.01670	0.01790	0.01868	0.05938	0.04892	0.01172	0.05601	0.01004	0.01459	0.00898	0.01023	0.01772	0.00265	0.58704	0.00569	0.00337	0.00756
25	0.01373	0.00829	0.00943	0.00843	0.01032	0.00891	0.00664	0.04789	0.01402	0.05421	0.01862	0.02151	0.01469	0.00791	0.00704	0.00170	0.10942	0.00584	0.57163	0.05977
26	0.18372	0.01396	0.01488	0.01358	0.04917	0.01572	0.02275	0.14417	0.36410	0.02912	0.05118	0.02122	0.03280	0.00818	0.00610	0.00209	0.00552	0.00653	0.00582	0.00937
27	0.00823	0.00583	0.00765	0.00898	0.00939	0.00552	0.00607	0.00936	0.01221	0.01624	0.03377	0.63599	0.04014	0.10621	0.01112	0.00307	0.00419	0.06514	0.00576	0.00515
28	0.00876	0.00667	0.00813	0.00817	0.00987	0.00604	0.00632	0.01124	0.01633	0.02167	0.37244	0.08656	0.28514	0.01526	0.00784	0.00225	0.00358	0.11140	0.00652	0.00582
29	0.00913	0.00680	0.00963	0.00959	0.01072	0.00756	0.00726	0.01119	0.01113	0.01566	0.07035	0.03141	0.07042	0.12276	0.56598	0.00878	0.01412	0.00800	0.00394	0.00557
30	0.05956	0.73648	0.03257	0.01092	0.01637	0.02498	0.01084	0.01933	0.01302	0.01593	0.00898	0.01037	0.00822	0.00555	0.00414	0.00141	0.00681	0.00346	0.00283	0.00822
31	0.01023	0.00663	0.00842	0.00876	0.01024	0.00600	0.00643	0.01207	0.01469	0.08662	0.16648	0.36958	0.18791	0.01683	0.00789	0.00239	0.00384	0.06257	0.00639	0.00604
32	0.00882	0.00637	0.00746	0.00769	0.00857	0.00600	0.00520	0.01000	0.01270	0.01663	0.13808	0.14895	0.19323	0.33396	0.01840	0.00399	0.00475	0.05901	0.00529	0.00491
33	0.04335	0.06225	0.02044	0.62919	0.08999	0.01517	0.01721	0.01702	0.01299	0.01722	0.01127	0.01643	0.00865	0.00633	0.00621	0.00208	0.00830	0.00551	0.00293	0.00746
34	0.01594	0.04234	0.08678	0.16713	0.04682	0.06419	0.06165	0.14067	0.01620	0.05057	0.01510	0.06416	0.01325	0.08356	0.04617	0.00291	0.06367	0.00681	0.00409	0.00799
35	0.00859	0.00595	0.00754	0.00856	0.00893	0.00572	0.00566	0.00956	0.01170	0.01570	0.03070	0.48943	0.03610	0.24086	0.01545	0.00369	0.00463	0.06277	0.02352	0.00492
36	0.01131	0.00794	0.00943	0.00891	0.01100	0.00761	0.00670	0.04827	0.08081	0.07228	0.29782	0.17097	0.21365	0.01418	0.00750	0.00218	0.00378	0.01228	0.00663	0.00674
37	0.11494	0.23303	0.31067	0.01428	0.02114	0.01760	0.02794	0.05946	0.02829	0.09851	0.01258	0.01362	0.00932	0.00628	0.00542	0.00185	0.00763	0.00460	0.00375	0.00912

[dist]
# distance from previous block
# <min> <max>
0	32

[block]
# block no. 11 follows, 34 sequences, length 42
# corresponding to MSA columns:
# 1177-1218
name=unknown_L
#
# <colnr> <probs for GDERKNQSTAVLIFYWHMCP>
#	G	D	E	R	K	N	Q	S	T	A	V	L	I	F	Y	W	H	M	C	P
0	0.05967	0.04068	0.07102	0.13813	0.02369	0.09223	0.02919	0.27245	0.02016	0.05360	0.01316	0.01482	0.00977	0.00666	0.00596	0.00180	0.00758	0.00514	0.00462	0.12967
1	0.00907	0.00613	0.00714	0.00746	0.00754	0.00605	0.00436	0.00931	0.01003	0.01337	0.02361	0.19718	0.02759	0.61242	0.02763	0.00549	0.00573	0.01131	0.00436	0.00420
2	0.13400	0.15294	0.01889	0.01251	0.01689	0.01761	0.03041	0.23393	0.17026	0.04543	0.06840	0.03963	0.01642	0.00800	0.00588	0.00194	0.00602	0.00622	0.00544	0.00918
