[name]
unknown

[dist]
# distance from previous block
# <min> <max>
0	116

[block]
# block no. 0 follows, 40 sequences, length 8
# corresponding to MSA columns:
# 119-126
name=unknown_A
#
# <colnr> <probs for GDERKNQSTAVLIFYWHMCP>
#	G	D	E	R	K	N	Q	S	T	A	V	L	I	F	Y	W	H	M	C	P
0	0.01109	0.05648	0.01244	0.01034	0.01263	0.00857	0.06349	0.05894	0.04544	0.05499	0.02441	0.41985	0.02650	0.01288	0.00658	0.00202	0.00462	0.06104	0.00494	0.10275
1	0.01631	0.46261	0.11388	0.01382	0.06319	0.01917	0.06813	0.09559	0.01409	0.06888	0.01047	0.01169	0.00840	0.00541	0.00468	0.00149	0.00675	0.00408	0.00322	0.00816
2	0.15164	0.10738	0.13638	0.01220	0.01700	0.05049	0.08020	0.04096	0.09195	0.06964	0.07911	0.01602	0.01341	0.00624	0.00516	0.00165	0.00608	0.00502	0.00398	0.10551
3	0.01552	0.20472	0.07161	0.01621	0.10874	0.05358	0.12384	0.04036	0.07036	0.07756	0.01211	0.01361	0.00948	0.00555	0.00549	0.00155	0.02412	0.00470	0.00352	0.13737
4	0.06284	0.02504	0.03345	0.02846	0.16877	0.01019	0.08779	0.01653	0.06653	0.05672	0.12464	0.09579	0.02039	0.00807	0.00580	0.00177	0.00521	0.02178	0.10081	0.05943
5	0.01608	0.10418	0.01537	0.01084	0.01503	0.01356	0.00885	0.09336	0.33697	0.10702	0.01770	0.01703	0.01326	0.00654	0.00527	0.00158	0.00493	0.00522	0.00507	0.20211
6	0.00874	0.00554	0.00655	0.00655	0.00655	0.00554	0.00379	0.00831	0.00831	0.01107	0.01691	0.03456	0.01925	0.66250	0.02842	0.14731	0.00554	0.00787	0.00335	0.00335
7	0.01875	0.01172	0.01436	0.01155	0.01547	0.04409	0.05309	0.16528	0.05335	0.27834	0.02170	0.07170	0.05593	0.00849	0.00604	0.00181	0.00552	0.06175	0.00566	0.09543

[dist]
# distance from previous block
# <min> <max>
0	2

[block]
# block no. 1 follows, 40 sequences, length 34
# corresponding to MSA columns:
# 129-162
name=unknown_B
#
# <colnr> <probs for GDERKNQSTAVLIFYWHMCP>
#	G	D	E	R	K	N	Q	S	T	A	V	L	I	F	Y	W	H	M	C	P
0	0.10148	0.04799	0.13843	0.01097	0.01537	0.01148	0.04255	0.13518	0.01548	0.19386	0.01574	0.01638	0.01125	0.00639	0.00506	0.00167	0.00545	0.00503	0.21226	0.00798
1	0.01475	0.03718	0.10412	0.04054	0.06762	0.01163	0.05651	0.10186	0.03832	0.10264	0.01524	0.01747	0.01165	0.02311	0.00696	0.00181	0.07708	0.00538	0.25863	0.00750
2	0.04680	0.26189	0.18967	0.01221	0.01746	0.03281	0.01224	0.07749	0.18313	0.09105	0.01409	0.01423	0.01061	0.00617	0.00503	0.00167	0.00631	0.00462	0.00403	0.00848
3	0.00992	0.00838	0.01025	0.00933	0.01030	0.06042	0.06428	0.01111	0.01108	0.01475	0.12006	0.14330	0.02533	0.38097	0.01823	0.00372	0.05489	0.00916	0.02974	0.00478
4	0.83671	0.01125	0.00855	0.00765	0.01125	0.01305	0.00630	0.01709	0.00990	0.02609	0.00810	0.00945	0.00630	0.00540	0.00360	0.00180	0.00450	0.00315	0.00360	0.00630
5	0.00704	0.00524	0.00656	0.00761	0.00831	0.00476	0.00518	0.00815	0.01160	0.01503	0.03794	0.63046	0.19604	0.01745	0.00730	0.00227	0.00328	0.01560	0.00540	0.00476
6	0.01678	0.55267	0.08650	0.01129	0.01648	0.02107	0.01114	0.18790	0.01551	0.01948	0.00966	0.01066	0.00803	0.00549	0.00437	0.00141	0.00645	0.00371	0.00327	0.00813
7	0.04001	0.01133	0.01596	0.29854	0.13678	0.04136	0.02791	0.01803	0.10811	0.06557	0.08750	0.03018	0.03805	0.00709	0.00603	0.00184	0.01696	0.00614	0.00394	0.03867
8	0.01253	0.01029	0.01704	0.70240	0.03746	0.01247	0.01537	0.01624	0.01214	0.09177	0.01163	0.01594	0.00843	0.00596	0.00582	0.00192	0.00746	0.00524	0.00306	0.00681
9	0.00707	0.00513	0.00667	0.00791	0.00838	0.00474	0.00531	0.00812	0.01132	0.01492	0.03436	0.72865	0.10016	0.01792	0.00738	0.00233	0.00334	0.01617	0.00540	0.00474
10	0.01365	0.01025	0.01377	0.14113	0.01845	0.01087	0.05998	0.11869	0.14663	0.09843	0.07034	0.13994	0.11340	0.00980	0.00635	0.00196	0.00527	0.00855	0.00515	0.00737
11	0.01463	0.01337	0.02267	0.09457	0.66904	0.01351	0.01730	0.01806	0.01326	0.05114	0.01141	0.01472	0.00932	0.00532	0.00577	0.00175	0.00689	0.00521	0.00304	0.00902
12	0.11713	0.01111	0.01359	0.01055	0.01497	0.01063	0.00871	0.14529	0.01766	0.55925	0.01977	0.01765	0.01273	0.00696	0.00559	0.00179	0.00514	0.00544	0.00656	0.00949
13	0.00794	0.00556	0.00677	0.00708	0.00820	0.00511	0.00508	0.00986	0.01350	0.01883	0.28598	0.29900	0.17022	0.01389	0.00669	0.00197	0.00299	0.01222	0.11399	0.00511
14	0.02264	0.01308	0.01835	0.01377	0.01855	0.01287	0.13141	0.27339	0.01986	0.38696	0.01796	0.01709	0.01190	0.00674	0.00601	0.00181	0.00626	0.00581	0.00601	0.00955
15	0.03774	0.01248	0.01990	0.27417	0.32441	0.01344	0.04677	0.06868	0.04843	0.07916	0.01247	0.01542	0.00950	0.00580	0.00578	0.00183	0.00694	0.00532	0.00350	0.00827
16	0.00869	0.00597	0.00819	0.00941	0.01034	0.00577	0.00739	0.01053	0.01236	0.03589	0.03120	0.42210	0.03542	0.01689	0.00767	0.00250	0.00437	0.35469	0.00542	0.00516
17	0.33803	0.01595	0.07690	0.11227	0.02091	0.10699	0.13665	0.09220	0.01357	0.02237	0.00992	0.01213	0.00752	0.00561	0.00503	0.00181	0.00709	0.00443	0.00342	0.00719
18	0.00880	0.00626	0.00821	0.00807	0.00840	0.00693	0.00553	0.00937	0.00877	0.01217	0.01643	0.05093	0.01771	0.41886	0.26245	0.07285	0.06329	0.00747	0.00330	0.00420
19	0.00912	0.00714	0.00906	0.07013	0.01201	0.00722	0.00676	0.01363	0.11647	0.02159	0.48928	0.08671	0.10542	0.01149	0.00668	0.00190	0.00346	0.01008	0.00588	0.00598
20	0.01198	0.01166	0.01527	0.15154	0.01866	0.06668	0.01168	0.01460	0.04232	0.01449	0.01095	0.01606	0.00986	0.01759	0.20869	0.00408	0.35941	0.00537	0.00288	0.00623
21	0.01773	0.01016	0.01264	0.00931	0.01421	0.00807	0.00756	0.02018	0.01391	0.31993	0.01543	0.01519	0.01095	0.00548	0.00493	0.00124	0.00457	0.00442	0.00496	0.49913
22	0.01288	0.01085	0.01182	0.01114	0.01380	0.01230	0.00858	0.02580	0.57502	0.02227	0.02556	0.15270	0.02229	0.01018	0.00631	0.00209	0.00445	0.05798	0.00579	0.00819
23	0.00826	0.00630	0.00800	0.00822	0.00970	0.00544	0.00575	0.00964	0.01135	0.01581	0.02693	0.60793	0.03142	0.01494	0.00669	0.00201	0.00359	0.01345	0.00494	0.19964
24	0.00809	0.00594	0.00758	0.00717	0.00860	0.00543	0.00538	0.01070	0.01613	0.02254	0.68463	0.04473	0.12701	0.01218	0.00686	0.00184	0.00276	0.01070	0.00630	0.00543
25	0.01373	0.01569	0.03431	0.02451	0.03039	0.01471	0.73824	0.01863	0.01373	0.01863	0.01176	0.01569	0.00882	0.00490	0.00686	0.00196	0.00980	0.00686	0.00294	0.00784
26	0.01553	0.01350	0.06840	0.07687	0.09653	0.02669	0.05751	0.18420	0.12593	0.08543	0.13119	0.03374	0.01910	0.00783	0.00612	0.00187	0.00597	0.03038	0.00498	0.00825
27	0.01638	0.01279	0.01906	0.04922	0.22224	0.01448	0.04722	0.06962	0.06003	0.15511	0.01310	0.01538	0.01017	0.00747	0.01015	0.00204	0.25785	0.00544	0.00395	0.00829
28	0.01727	0.00921	0.01035	0.00858	0.01151	0.00933	0.00688	0.19944	0.01705	0.20045	0.01865	0.01930	0.01353	0.00693	0.00493	0.00156	0.00416	0.00547	0.42783	0.00760
29	0.00713	0.00573	0.00636	0.00656	0.00810	0.00496	0.00478	0.00870	0.01332	0.01671	0.16125	0.20294	0.50309	0.01500	0.00698	0.00202	0.00300	0.01286	0.00555	0.00496
30	0.01309	0.01095	0.01261	0.00910	0.01422	0.00881	0.00732	0.08917	0.01363	0.02077	0.01071	0.01225	0.00874	0.00458	0.00446	0.00095	0.00452	0.00363	0.00369	0.74679
31	0.00729	0.00525	0.00690	0.00788	0.00846	0.00487	0.00538	0.00863	0.01219	0.01643	0.16566	0.62848	0.06713	0.01693	0.00730	0.00225	0.00324	0.01528	0.00558	0.00487
32	0.02003	0.00862	0.01116	0.00899	0.01266	0.00742	0.00728	0.02209	0.01572	0.52560	0.06714	0.03073	0.21796	0.00946	0.00617	0.00185	0.00430	0.00781	0.00667	0.00834
33	0.00755	0.00554	0.00715	0.00824	0.00891	0.00526	0.00576	0.00933	0.03801	0.01576	0.06112	0.62961	0.08945	0.01720	0.00735	0.00232	0.00351	0.06753	0.00545	0.00497

[dist]
# distance from previous block
# <min> <max>
0	1

[block]
# block no. 2 follows, 40 sequences, length 31
# corresponding to MSA columns:
# 164-194
name=unknown_C
#
# <colnr> <probs for GDERKNQSTAVLIFYWHMCP>
#	G	D	E	R	K	N	Q	S	T	A	V	L	I	F	Y	W	H	M	C	P
0	0.01559	0.01874	0.22055	0.03328	0.04088	0.01438	0.30825	0.13038	0.01548	0.09315	0.01262	0.01477	0.00908	0.00585	0.00672	0.00190	0.04054	0.00570	0.00364	0.00850
1	0.83671	0.01125	0.00855	0.00765	0.01125	0.01305	0.00630	0.01709	0.00990	0.02609	0.00810	0.00945	0.00630	0.00540	0.00360	0.00180	0.00450	0.00315	0.00360	0.00630
2	0.01309	0.01249	0.02125	0.32104	0.48421	0.01347	0.01720	0.01670	0.01262	0.01741	0.01071	0.01482	0.00865	0.00542	0.00578	0.00181	0.00723	0.00518	0.00277	0.00816
3	0.01555	0.79913	0.03047	0.00995	0.01493	0.02301	0.00995	0.01741	0.01182	0.01368	0.00808	0.00933	0.00746	0.00498	0.00373	0.00124	0.00622	0.00311	0.00249	0.00746
4	0.00738	0.00537	0.00695	0.00770	0.00845	0.00495	0.00534	0.00890	0.01275	0.01721	0.22989	0.52626	0.10493	0.01621	0.00722	0.00218	0.00317	0.01454	0.00567	0.00495
5	0.00724	0.00521	0.00688	0.00804	0.00854	0.00485	0.00549	0.00846	0.01171	0.01566	0.09376	0.68625	0.06092	0.01752	0.00738	0.00231	0.00337	0.03612	0.00548	0.00481
6	0.00792	0.00586	0.00739	0.00715	0.00853	0.00533	0.00531	0.01031	0.01550	0.02139	0.58391	0.10843	0.16567	0.01287	0.00691	0.00190	0.00283	0.01130	0.00616	0.00533
7	0.01233	0.01253	0.01946	0.60199	0.06942	0.07707	0.09371	0.01610	0.01233	0.01540	0.01040	0.01505	0.00791	0.00570	0.00588	0.00189	0.00817	0.00523	0.00267	0.00676
8	0.02533	0.01112	0.01426	0.01093	0.01546	0.01037	0.00903	0.16500	0.01870	0.62382	0.02122	0.01867	0.01353	0.00716	0.00584	0.00179	0.00523	0.00573	0.00693	0.00990
9	0.01329	0.01133	0.01802	0.57166	0.12828	0.01329	0.01547	0.08551	0.01361	0.05748	0.01143	0.01544	0.00850	0.00592	0.00581	0.00189	0.00736	0.00521	0.00318	0.00732
10	0.01446	0.01249	0.01315	0.01183	0.01512	0.01446	0.00920	0.03090	0.74885	0.02433	0.02367	0.02170	0.01775	0.00789	0.00592	0.00197	0.00460	0.00657	0.00592	0.00920
11	0.83671	0.01125	0.00855	0.00765	0.01125	0.01305	0.00630	0.01709	0.00990	0.02609	0.00810	0.00945	0.00630	0.00540	0.00360	0.00180	0.00450	0.00315	0.00360	0.00630
12	0.02146	0.01597	0.01709	0.01325	0.01779	0.01773	0.01090	0.68029	0.08807	0.03561	0.01478	0.01461	0.01055	0.00706	0.00583	0.00176	0.00625	0.00535	0.00583	0.00983
13	0.83671	0.01125	0.00855	0.00765	0.01125	0.01305	0.00630	0.01709	0.00990	0.02609	0.00810	0.00945	0.00630	0.00540	0.00360	0.00180	0.00450	0.00315	0.00360	0.00630
14	0.01439	0.01382	0.02360	0.03569	0.75936	0.01382	0.01785	0.01785	0.01324	0.01900	0.01094	0.01439	0.00921	0.00518	0.00576	0.00173	0.00691	0.00518	0.00288	0.00921
15	0.01446	0.01249	0.01315	0.01183	0.01512	0.01446	0.00920	0.03090	0.74885	0.02433	0.02367	0.02170	0.01775	0.00789	0.00592	0.00197	0.00460	0.00657	0.00592	0.00920
16	0.01761	0.00789	0.01059	0.00909	0.01194	0.00696	0.00710	0.01967	0.01528	0.42197	0.17887	0.19852	0.04756	0.01084	0.00644	0.00194	0.00408	0.00938	0.00658	0.00769
17	0.11275	0.00981	0.01254	0.00980	0.01404	0.00887	0.00807	0.02636	0.01569	0.64536	0.02113	0.01877	0.01355	0.00698	0.00551	0.00178	0.00478	0.00553	0.04940	0.00928
18	0.00838	0.00596	0.00795	0.00795	0.00851	0.00651	0.00553	0.00949	0.00893	0.01247	0.01685	0.02991	0.01761	0.39311	0.42728	0.00762	0.01096	0.00727	0.00331	0.00442
19	0.08135	0.00819	0.00994	0.00867	0.01152	0.00779	0.00695	0.04417	0.01439	0.33311	0.02203	0.10645	0.01795	0.00887	0.00553	0.00181	0.00421	0.06678	0.23284	0.00744
20	0.00719	0.00534	0.00672	0.00757	0.00836	0.00486	0.00522	0.00852	0.01225	0.01613	0.13246	0.55056	0.18016	0.01671	0.00724	0.00221	0.00321	0.01491	0.00553	0.00486
21	0.01277	0.01031	0.01213	0.00870	0.01384	0.00779	0.00697	0.01534	0.01229	0.05684	0.01098	0.01245	0.00891	0.00445	0.00439	0.00091	0.00434	0.00357	0.00364	0.78938
22	0.01040	0.00657	0.00830	0.00818	0.00978	0.00614	0.00604	0.01318	0.06143	0.11581	0.25247	0.31363	0.12502	0.01374	0.00689	0.00206	0.00345	0.02499	0.00597	0.00595
23	0.07306	0.00561	0.00683	0.00790	0.00862	0.00540	0.00540	0.00883	0.01119	0.01580	0.03214	0.67487	0.08935	0.01694	0.00708	0.00229	0.00343	0.01515	0.00526	0.00486
24	0.01275	0.01535	0.08933	0.01997	0.02425	0.01463	0.43212	0.01660	0.01232	0.01718	0.01434	0.01784	0.06790	0.00710	0.00991	0.00210	0.20941	0.00662	0.00299	0.00729
25	0.01492	0.07590	0.02331	0.07030	0.62490	0.01423	0.01665	0.01820	0.01322	0.05699	0.01130	0.01433	0.00927	0.00530	0.00560	0.00170	0.00679	0.00505	0.00306	0.00897
26	0.07307	0.00613	0.00649	0.00669	0.00834	0.00557	0.00490	0.00925	0.01283	0.01712	0.12033	0.22139	0.45871	0.01450	0.00674	0.00203	0.00315	0.01235	0.00536	0.00504
27	0.00774	0.06830	0.00855	0.00803	0.00890	0.00620	0.00567	0.00886	0.01139	0.01484	0.03272	0.65901	0.10491	0.01683	0.00708	0.00223	0.00356	0.01506	0.00517	0.00496
28	0.08195	0.01346	0.02030	0.15103	0.02389	0.06556	0.23248	0.06872	0.05962	0.16289	0.03643	0.03199	0.01197	0.00641	0.00599	0.00187	0.00725	0.00603	0.00428	0.00788
29	0.07996	0.01412	0.09835	0.11714	0.06011	0.01375	0.09911	0.07671	0.09795	0.08749	0.01419	0.06114	0.01152	0.00751	0.00800	0.00201	0.13324	0.00601	0.00393	0.00777
30	0.07919	0.01246	0.01864	0.07766	0.29502	0.02679	0.07383	0.04527	0.05069	0.03761	0.05317	0.05743	0.01328	0.00685	0.00669	0.00181	0.06252	0.00598	0.00364	0.07149

[dist]
# distance from previous block
# <min> <max>
1	32

[block]
# block no. 3 follows, 40 sequences, length 42
# corresponding to MSA columns:
# 227-245,257-279
name=unknown_D
#
# <colnr> <probs for GDERKNQSTAVLIFYWHMCP>
#	G	D	E	R	K	N	Q	S	T	A	V	L	I	F	Y	W	H	M	C	P
0	0.14670	0.07427	0.12223	0.02699	0.14641	0.04594	0.04968	0.06972	0.04978	0.10827	0.01476	0.02826	0.04156	0.00635	0.00529	0.00173	0.00630	0.00516	0.00395	0.04663
1	0.15528	0.01422	0.02821	0.03198	0.09110	0.09327	0.10558	0.07547	0.05750	0.11281	0.01268	0.01390	0.00950	0.00566	0.00522	0.00161	0.00638	0.00472	0.00406	0.17086
2	0.19172	0.04619	0.01533	0.01143	0.01551	0.01326	0.06464	0.24896	0.01790	0.20146	0.07562	0.01756	0.01409	0.03351	0.00624	0.00190	0.00559	0.00552	0.00528	0.00830
3	0.00858	0.00677	0.00790	0.00736	0.00929	0.00628	0.00557	0.01224	0.08622	0.02076	0.42522	0.04383	0.27451	0.01205	0.00665	0.00184	0.00306	0.01036	0.00589	0.04561
4	0.06014	0.01201	0.01954	0.29315	0.35138	0.01304	0.04297	0.04721	0.01296	0.01841	0.01220	0.06866	0.01058	0.00639	0.00581	0.00186	0.00691	0.00592	0.00312	0.00774
5	0.05282	0.00884	0.01156	0.00945	0.01303	0.00792	0.00768	0.02350	0.01541	0.54044	0.05836	0.07192	0.01847	0.00840	0.00582	0.00183	0.00451	0.03805	0.09347	0.00854
6	0.00736	0.00546	0.00687	0.00746	0.00839	0.00497	0.00523	0.00894	0.01301	0.01735	0.23699	0.44404	0.18101	0.01580	0.00716	0.00214	0.00312	0.01405	0.00568	0.00497
7	0.00755	0.00588	0.00686	0.00670	0.00829	0.00519	0.00499	0.00963	0.01474	0.01943	0.40249	0.08425	0.37614	0.01349	0.00689	0.00192	0.00287	0.01160	0.00590	0.00519
8	0.00709	0.00506	0.00675	0.00810	0.00843	0.00472	0.00540	0.00810	0.01113	0.01484	0.03205	0.79184	0.03846	0.01822	0.00742	0.00236	0.00337	0.01653	0.00540	0.00472
9	0.00968	0.00616	0.00813	0.00772	0.00921	0.00564	0.00575	0.01209	0.01559	0.08995	0.56834	0.16581	0.04842	0.01251	0.00686	0.00191	0.00305	0.01109	0.00631	0.00577
10	0.01206	0.01034	0.01206	0.00861	0.01378	0.00775	0.00689	0.01464	0.01206	0.01895	0.01034	0.01206	0.00861	0.00431	0.00431	0.00086	0.00431	0.00345	0.00345	0.83118
11	0.01500	0.01276	0.01345	0.01194	0.01533	0.01471	0.00933	0.08055	0.69833	0.02519	0.02299	0.02115	0.01720	0.00783	0.00591	0.00196	0.00473	0.00648	0.00591	0.00925
12	0.01276	0.01207	0.02004	0.39148	0.37123	0.01343	0.01653	0.01718	0.05566	0.01733	0.01140	0.01535	0.00901	0.00564	0.00579	0.00184	0.00718	0.00526	0.00292	0.00789
13	0.01214	0.12421	0.67553	0.01576	0.02391	0.01467	0.02007	0.01829	0.01222	0.01784	0.01015	0.01192	0.00738	0.00546	0.00531	0.00177	0.00830	0.00415	0.00246	0.00846
14	0.00709	0.00506	0.00675	0.00810	0.00843	0.00472	0.00540	0.00810	0.01113	0.01484	0.03205	0.79184	0.03846	0.01822	0.00742	0.00236	0.00337	0.01653	0.00540	0.00472
15	0.01045	0.00632	0.00758	0.00708	0.00872	0.00608	0.00537	0.01382	0.05048	0.06628	0.43152	0.03373	0.03735	0.00971	0.00582	0.00168	0.00295	0.00835	0.28081	0.00590
16	0.01612	0.27050	0.22759	0.01362	0.05279	0.04496	0.01339	0.07491	0.03906	0.11959	0.01349	0.01656	0.01082	0.00651	0.00520	0.00168	0.00680	0.05442	0.00373	0.00826
17	0.01373	0.01569	0.03431	0.02451	0.03039	0.01471	0.73824	0.01863	0.01373	0.01863	0.01176	0.01569	0.00882	0.00490	0.00686	0.00196	0.00980	0.00686	0.00294	0.00784
18	0.01263	0.00928	0.01058	0.00952	0.01211	0.00979	0.00736	0.02140	0.34758	0.09336	0.29279	0.03248	0.09703	0.00989	0.00634	0.00190	0.00381	0.00845	0.00617	0.00754
19	0.01370	0.01062	0.04969	0.29970	0.08269	0.01078	0.01217	0.01781	0.06910	0.15771	0.01788	0.02089	0.05897	0.03846	0.11179	0.00303	0.00765	0.00607	0.00402	0.00727
20	0.03910	0.01505	0.04668	0.14827	0.16935	0.09890	0.04101	0.14371	0.04933	0.15536	0.01375	0.01518	0.01001	0.00628	0.00598	0.00180	0.02230	0.00519	0.00426	0.00850
21	0.01188	0.01066	0.01458	0.01253	0.01399	0.01302	0.05607	0.01687	0.15893	0.01904	0.18508	0.02263	0.02129	0.01020	0.02659	0.00228	0.32889	0.00680	0.06194	0.00673
22	0.00779	0.00557	0.00714	0.00813	0.00874	0.00531	0.00579	0.00900	0.01128	0.01478	0.03145	0.44178	0.09333	0.16167	0.01162	0.00300	0.00417	0.15975	0.00504	0.00465
23	0.01447	0.01464	0.05276	0.01774	0.17568	0.15926	0.07753	0.06069	0.03240	0.02968	0.04354	0.06484	0.02488	0.01000	0.00906	0.14953	0.00698	0.04596	0.00361	0.00675
24	0.01672	0.11927	0.34597	0.01457	0.02103	0.01566	0.04802	0.23737	0.01724	0.09149	0.01241	0.01326	0.00885	0.00602	0.00548	0.00174	0.00736	0.00469	0.00393	0.00893
25	0.00709	0.00506	0.00675	0.00810	0.00843	0.00472	0.00540	0.00810	0.01113	0.01484	0.03205	0.79184	0.03846	0.01822	0.00742	0.00236	0.00337	0.01653	0.00540	0.00472
26	0.01197	0.00825	0.01021	0.01022	0.01231	0.00844	0.00838	0.04737	0.15513	0.08906	0.05476	0.12740	0.08728	0.01327	0.00713	0.00230	0.00472	0.32950	0.00570	0.00661
27	0.01009	0.00722	0.01065	0.06374	0.01288	0.00843	0.00815	0.01212	0.00993	0.06662	0.01532	0.02233	0.01396	0.08352	0.56159	0.00755	0.07077	0.00619	0.00335	0.00560
28	0.00833	0.00616	0.00899	0.00899	0.00991	0.00708	0.00683	0.01016	0.00924	0.01324	0.01590	0.02465	0.01532	0.13265	0.68461	0.00891	0.01440	0.00649	0.00316	0.00499
29	0.01160	0.00605	0.00644	0.00627	0.00780	0.00602	0.00471	0.04452	0.01293	0.05502	0.02035	0.10421	0.01721	0.00804	0.00458	0.00150	0.00304	0.00663	0.66737	0.00574
30	0.01508	0.09992	0.02076	0.31473	0.02773	0.05809	0.12263	0.12371	0.09411	0.04821	0.01267	0.01518	0.00951	0.00604	0.00572	0.00181	0.00741	0.00530	0.00366	0.00772
31	0.01560	0.59462	0.14461	0.01154	0.01687	0.10262	0.01190	0.01820	0.01239	0.01449	0.00855	0.00992	0.00745	0.00517	0.00418	0.00137	0.00705	0.00337	0.00254	0.00756
32	0.01063	0.04603	0.06567	0.04012	0.01461	0.01015	0.07102	0.02646	0.14911	0.02019	0.25322	0.03316	0.18224	0.01002	0.00693	0.00190	0.03824	0.00856	0.00503	0.00670
33	0.00777	0.00587	0.00718	0.00696	0.00844	0.00527	0.00518	0.01005	0.01521	0.02063	0.51294	0.09464	0.25240	0.01309	0.00690	0.00190	0.00284	0.01140	0.00605	0.00527
34	0.04197	0.01577	0.01672	0.04344	0.05012	0.06925	0.01106	0.49164	0.08714	0.09190	0.01478	0.01484	0.01058	0.00685	0.00573	0.00176	0.00643	0.00524	0.00543	0.00936
35	0.00987	0.00720	0.00864	0.00826	0.00996	0.00697	0.00611	0.08594	0.04317	0.02108	0.27248	0.29249	0.07037	0.01269	0.00655	0.00192	0.00351	0.01115	0.06327	0.05837
36	0.01133	0.00687	0.00900	0.00838	0.01038	0.00608	0.02385	0.01323	0.01310	0.13615	0.11954	0.33900	0.08059	0.01239	0.00636	0.00190	0.00370	0.01096	0.09237	0.09481
37	0.12153	0.01052	0.01285	0.01140	0.05739	0.01029	0.00855	0.12055	0.04126	0.33714	0.10431	0.06903	0.01856	0.00797	0.00571	0.00179	0.00481	0.00653	0.00589	0.04392
38	0.00837	0.00610	0.00771	0.00860	0.00934	0.00600	0.00593	0.05571	0.04463	0.01665	0.03053	0.70840	0.03573	0.01705	0.00725	0.00231	0.00362	0.01537	0.00545	0.00525
39	0.18608	0.05776	0.01297	0.01031	0.01349	0.04145	0.00834	0.20700	0.04751	0.09494	0.05238	0.12074	0.01700	0.01125	0.05927	0.00239	0.00596	0.03879	0.00495	0.00743
40	0.39132	0.14112	0.01405	0.05457	0.01444	0.01437	0.00822	0.11459	0.04445	0.04830	0.01276	0.09552	0.01128	0.00711	0.00464	0.00178	0.00513	0.00522	0.00407	0.00706
41	0.10289	0.09025	0.05750	0.01981	0.14388	0.06807	0.25868	0.09194	0.03925	0.02060	0.01326	0.01542	0.04055	0.00584	0.00572	0.00178	0.00760	0.00555	0.00344	0.00795

[dist]
# distance from previous block
# <min> <max>
5	41

[block]
# block no. 4 follows, 40 sequences, length 26
# corresponding to MSA columns:
# 321-346
name=unknown_E
#
# <colnr> <probs for GDERKNQSTAVLIFYWHMCP>
#	G	D	E	R	K	N	Q	S	T	A	V	L	I	F	Y	W	H	M	C	P
0	0.09479	0.01116	0.01365	0.01070	0.01493	0.01091	0.00881	0.18028	0.01790	0.49314	0.01923	0.01783	0.01272	0.00935	0.05531	0.00228	0.00591	0.00550	0.00632	0.00928
1	0.01100	0.00781	0.01082	0.12689	0.01548	0.00807	0.02203	0.08794	0.01403	0.06921	0.09062	0.38590	0.02958	0.01337	0.00690	0.00217	0.00472	0.08220	0.00518	0.00607
2	0.00879	0.00549	0.00735	0.00830	0.00901	0.00507	0.00568	0.00991	0.01163	0.08191	0.03124	0.72267	0.03631	0.01723	0.00728	0.00231	0.00351	0.01557	0.00556	0.00519
3	0.01394	0.01175	0.01711	0.50035	0.03163	0.07806	0.06063	0.01724	0.01286	0.12063	0.01368	0.07248	0.01098	0.00687	0.00595	0.00191	0.00741	0.00608	0.00350	0.00693
4	0.01506	0.48650	0.02631	0.12049	0.02004	0.01965	0.07435	0.06537	0.09009	0.01688	0.01073	0.01235	0.00886	0.00552	0.00466	0.00151	0.00659	0.00423	0.00312	0.00769
5	0.14668	0.05026	0.01368	0.15219	0.07116	0.01065	0.03093	0.01593	0.04070	0.08470	0.07446	0.07001	0.04403	0.07619	0.00752	0.00208	0.00537	0.00643	0.00408	0.09294
6	0.01533	0.01043	0.01247	0.00927	0.01413	0.00851	0.00745	0.01905	0.07733	0.18181	0.01425	0.01459	0.01067	0.00525	0.00478	0.00116	0.00447	0.00424	0.00448	0.58032
7	0.01541	0.56071	0.02754	0.01197	0.01669	0.04833	0.08609	0.01995	0.13214	0.01595	0.01104	0.01205	0.00928	0.00548	0.00447	0.00145	0.00649	0.00409	0.00311	0.00776
8	0.00756	0.00589	0.00686	0.00667	0.00829	0.00519	0.00498	0.00965	0.01479	0.01949	0.40668	0.07169	0.38458	0.01341	0.00688	0.00191	0.00286	0.01152	0.00590	0.00519
9	0.00760	0.00558	0.00713	0.00746	0.00848	0.00511	0.00532	0.00949	0.01392	0.01897	0.37921	0.34625	0.13438	0.01478	0.00709	0.00206	0.00302	0.01315	0.00587	0.00511
10	0.00762	0.00587	0.00696	0.00679	0.00834	0.00521	0.00505	0.00976	0.01488	0.01980	0.43654	0.09054	0.33487	0.01338	0.00690	0.00191	0.00286	0.01156	0.00594	0.00521
11	0.12518	0.01213	0.01403	0.01101	0.01536	0.01231	0.00905	0.23843	0.06606	0.40817	0.01847	0.01689	0.01226	0.00695	0.00556	0.00179	0.00530	0.00538	0.00626	0.00940
12	0.01446	0.01249	0.01315	0.01183	0.01512	0.01446	0.00920	0.03090	0.74885	0.02433	0.02367	0.02170	0.01775	0.00789	0.00592	0.00197	0.00460	0.00657	0.00592	0.00920
13	0.01206	0.01034	0.01206	0.00861	0.01378	0.00775	0.00689	0.01464	0.01206	0.01895	0.01034	0.01206	0.00861	0.00431	0.00431	0.00086	0.00431	0.00345	0.00345	0.83118
14	0.24326	0.01171	0.01347	0.01236	0.07914	0.01209	0.00911	0.16323	0.03936	0.29593	0.01656	0.05280	0.01213	0.00705	0.00530	0.00182	0.00519	0.00548	0.00544	0.00859
15	0.22660	0.01023	0.01353	0.38782	0.02573	0.01196	0.01147	0.01723	0.06552	0.08553	0.01375	0.08249	0.01138	0.00706	0.00539	0.00193	0.00604	0.00580	0.00375	0.00678
16	0.00724	0.00518	0.00674	0.00784	0.00827	0.00484	0.00523	0.00828	0.01129	0.01505	0.06935	0.66969	0.06585	0.07464	0.00899	0.00256	0.00349	0.01547	0.00531	0.00468
17	0.00883	0.00645	0.00851	0.00843	0.00952	0.00649	0.00634	0.01084	0.01387	0.04248	0.37262	0.25997	0.08896	0.01383	0.00815	0.00210	0.07323	0.04827	0.00567	0.00544
18	0.01778	0.01407	0.12458	0.01275	0.01701	0.01200	0.05806	0.10612	0.09740	0.27077	0.06373	0.02086	0.06029	0.00791	0.00738	0.00192	0.08726	0.00629	0.00528	0.00856
19	0.01395	0.01260	0.01558	0.01353	0.01431	0.08196	0.01097	0.01532	0.01028	0.08091	0.01074	0.01607	0.00994	0.07051	0.09629	0.00332	0.50881	0.00540	0.00313	0.00638
20	0.00865	0.00676	0.00887	0.01049	0.06436	0.00665	0.00698	0.01175	0.08922	0.01698	0.07752	0.47449	0.10090	0.01527	0.00711	0.00223	0.00386	0.07693	0.00533	0.00564
21	0.01512	0.04004	0.27901	0.08510	0.19077	0.01443	0.06879	0.14698	0.02686	0.05981	0.01205	0.01403	0.00890	0.00579	0.00573	0.00180	0.00753	0.00501	0.00349	0.00878
22	0.02075	0.06952	0.01469	0.04084	0.01544	0.10175	0.00912	0.04916	0.01560	0.41957	0.06066	0.08586	0.01668	0.00820	0.00645	0.00181	0.04337	0.00650	0.00569	0.00834
23	0.39795	0.07021	0.01230	0.01027	0.04110	0.01269	0.00793	0.06311	0.01204	0.08856	0.01413	0.15025	0.01329	0.00832	0.00607	0.00192	0.07277	0.00615	0.00418	0.00678
24	0.05044	0.08304	0.06499	0.01424	0.05499	0.35325	0.01115	0.02359	0.16462	0.08436	0.01387	0.03254	0.01098	0.00660	0.00535	0.00167	0.00774	0.00485	0.00397	0.00777
25	0.00868	0.07547	0.00935	0.00815	0.00931	0.03637	0.00591	0.01016	0.01259	0.01649	0.18878	0.45555	0.08099	0.04509	0.00772	0.00222	0.00382	0.01298	0.00520	0.00517

[dist]
# distance from previous block
# <min> <max>
1	14

[block]
# block no. 5 follows, 40 sequences, length 28
# corresponding to MSA columns:
# 361-380,382-388,397
name=unknown_F
#
# <colnr> <probs for GDERKNQSTAVLIFYWHMCP>
#	G	D	E	R	K	N	Q	S	T	A	V	L	I	F	Y	W	H	M	C	P
0	0.02064	0.01615	0.01670	0.05582	0.01878	0.07559	0.01103	0.53085	0.11531	0.05737	0.01490	0.01494	0.01072	0.00696	0.00579	0.00177	0.00652	0.00530	0.00548	0.00937
1	0.00821	0.00583	0.00764	0.00768	0.00886	0.00545	0.00576	0.01063	0.01508	0.02121	0.53644	0.18087	0.04865	0.01322	0.00697	0.00198	0.00308	0.07241	0.03469	0.00533
2	0.01273	0.05623	0.24439	0.01686	0.02153	0.01497	0.19051	0.01846	0.10503	0.01777	0.01271	0.05196	0.01061	0.00736	0.00910	0.00205	0.19092	0.00593	0.00318	0.00772
3	0.01598	0.01304	0.01490	0.01267	0.01634	0.01466	0.04985	0.12271	0.57842	0.06136	0.02171	0.02026	0.01607	0.00757	0.00595	0.00193	0.00514	0.00638	0.00580	0.00925
4	0.00772	0.00552	0.00713	0.00753	0.00832	0.00515	0.00522	0.00938	0.01321	0.01816	0.34408	0.37523	0.05917	0.09537	0.00945	0.00246	0.00333	0.01301	0.00564	0.00493
5	0.00808	0.00594	0.00757	0.00716	0.00860	0.00543	0.00537	0.01069	0.01612	0.02250	0.68155	0.04478	0.13011	0.01219	0.00686	0.00184	0.00277	0.01070	0.00629	0.00543
6	0.00782	0.00601	0.00726	0.00751	0.00904	0.00545	0.00586	0.00990	0.01408	0.01827	0.25899	0.10997	0.33961	0.01443	0.00716	0.00211	0.00343	0.16226	0.00569	0.00516
7	0.01555	0.79913	0.03047	0.00995	0.01493	0.02301	0.00995	0.01741	0.01182	0.01368	0.00808	0.00933	0.00746	0.00498	0.00373	0.00124	0.00622	0.00311	0.00249	0.00746
8	0.01166	0.03008	0.76550	0.01657	0.02517	0.01351	0.02149	0.01842	0.01228	0.01842	0.01044	0.01228	0.00737	0.00552	0.00552	0.00184	0.00859	0.00430	0.00246	0.00859
9	0.02579	0.01038	0.01379	0.01058	0.01509	0.00927	0.00874	0.08221	0.01745	0.70837	0.02226	0.01935	0.01405	0.00718	0.00585	0.00180	0.00506	0.00580	0.00709	0.00990
10	0.01555	0.79913	0.03047	0.00995	0.01493	0.02301	0.00995	0.01741	0.01182	0.01368	0.00808	0.00933	0.00746	0.00498	0.00373	0.00124	0.00622	0.00311	0.00249	0.00746
11	0.00740	0.00529	0.00711	0.00846	0.00894	0.00500	0.00595	0.00865	0.01145	0.01520	0.03188	0.69075	0.03777	0.01792	0.00751	0.00241	0.00365	0.11448	0.00539	0.00481
12	0.00809	0.00601	0.00762	0.00764	0.00906	0.00553	0.00591	0.01049	0.01507	0.02046	0.46736	0.09017	0.18380	0.01345	0.00708	0.00202	0.00324	0.12571	0.00599	0.00531
13	0.00709	0.00506	0.00675	0.00810	0.00843	0.00472	0.00540	0.00810	0.01113	0.01484	0.03205	0.79184	0.03846	0.01822	0.00742	0.00236	0.00337	0.01653	0.00540	0.00472
14	0.02211	0.01629	0.01745	0.01338	0.01803	0.01803	0.01105	0.73997	0.02734	0.03665	0.01396	0.01396	0.00989	0.00698	0.00582	0.00175	0.00640	0.00524	0.00582	0.00989
15	0.00911	0.00690	0.00881	0.00840	0.00861	0.00794	0.00577	0.00974	0.00871	0.01217	0.01604	0.03086	0.01761	0.51530	0.17963	0.00590	0.13344	0.00746	0.00328	0.00432
16	0.80892	0.01142	0.00885	0.00784	0.01148	0.01322	0.00646	0.04175	0.01049	0.02645	0.00830	0.00960	0.00642	0.00545	0.00367	0.00180	0.00456	0.00322	0.00367	0.00642
17	0.00947	0.00742	0.01063	0.01016	0.01128	0.00891	0.00802	0.04847	0.01023	0.01475	0.01468	0.02135	0.01359	0.03829	0.65570	0.00826	0.09398	0.00606	0.00320	0.00555
18	0.39570	0.05183	0.10593	0.03887	0.07738	0.01298	0.01033	0.05476	0.01283	0.17220	0.01197	0.01271	0.00858	0.00583	0.00466	0.00177	0.00558	0.00417	0.00414	0.00778
19	0.06023	0.27466	0.27596	0.01395	0.05365	0.05838	0.01410	0.07403	0.05171	0.05672	0.01108	0.01216	0.00852	0.00567	0.00489	0.00162	0.00707	0.00413	0.00325	0.00823
20	0.01628	0.73256	0.02914	0.01016	0.01504	0.05092	0.00993	0.01815	0.01222	0.04897	0.00882	0.00986	0.00779	0.00512	0.00389	0.00128	0.00632	0.00326	0.00273	0.00755
21	0.00751	0.00570	0.00692	0.00708	0.00836	0.00511	0.00513	0.00941	0.01408	0.01875	0.35094	0.24201	0.26903	0.01442	0.00701	0.00201	0.00297	0.01263	0.00583	0.00511
22	0.01500	0.01335	0.01760	0.25860	0.22701	0.09299	0.01380	0.04223	0.10328	0.07435	0.01342	0.01594	0.01028	0.00623	0.00604	0.00181	0.02872	0.00526	0.04623	0.00789
23	0.05985	0.01602	0.18599	0.03405	0.16860	0.01306	0.01367	0.06745	0.17209	0.06927	0.05070	0.01813	0.01361	0.00865	0.04327	0.00224	0.03371	0.01708	0.00415	0.00840
24	0.00801	0.00638	0.00691	0.00669	0.00857	0.00581	0.00505	0.01101	0.06973	0.01868	0.23888	0.04831	0.47732	0.01305	0.00665	0.00190	0.00301	0.01103	0.04759	0.00541
25	0.01024	0.00744	0.00959	0.06786	0.04965	0.00764	0.00705	0.01316	0.07900	0.05210	0.10975	0.03740	0.10217	0.29873	0.04904	0.00367	0.00552	0.07997	0.00452	0.00550
26	0.05652	0.06029	0.05936	0.08604	0.20964	0.31898	0.01343	0.04079	0.02713	0.05936	0.01077	0.01273	0.00852	0.00579	0.00535	0.00165	0.00820	0.00441	0.00327	0.00778
27	0.05589	0.00990	0.01338	0.12925	0.01742	0.01068	0.00965	0.06667	0.01383	0.30331	0.01825	0.11611	0.01516	0.05269	0.03065	0.00241	0.11516	0.00697	0.00503	0.00757

[dist]
# distance from previous block
# <min> <max>
0	7

[block]
# block no. 6 follows, 40 sequences, length 38
# corresponding to MSA columns:
# 408-431,485-498
name=unknown_G
#
# <colnr> <probs for GDERKNQSTAVLIFYWHMCP>
#	G	D	E	R	K	N	Q	S	T	A	V	L	I	F	Y	W	H	M	C	P
0	0.00889	0.00565	0.00737	0.00803	0.00898	0.00516	0.00560	0.01021	0.01231	0.08341	0.09869	0.58635	0.10464	0.01633	0.00718	0.00223	0.00342	0.01463	0.00565	0.00528
1	0.01227	0.01065	0.01310	0.01106	0.08124	0.00830	0.00788	0.01493	0.01217	0.01895	0.01039	0.01227	0.00867	0.00439	0.00444	0.00094	0.00454	0.00360	0.00339	0.75681
2	0.08997	0.01283	0.01967	0.15985	0.42949	0.01348	0.01503	0.08301	0.01424	0.08979	0.01196	0.01460	0.00923	0.00566	0.00559	0.00178	0.00661	0.00506	0.00356	0.00859
3	0.01343	0.00820	0.00994	0.07806	0.01358	0.00781	0.00722	0.01721	0.10474	0.21993	0.05752	0.03795	0.37922	0.01096	0.00638	0.00191	0.00412	0.00914	0.00572	0.00695
4	0.01184	0.00655	0.00743	0.00704	0.00874	0.00660	0.00532	0.01553	0.07878	0.08800	0.09876	0.06295	0.02075	0.03863	0.05108	0.00218	0.00398	0.00682	0.47296	0.00606
5	0.01373	0.01569	0.03431	0.02451	0.03039	0.01471	0.73824	0.01863	0.01373	0.01863	0.01176	0.01569	0.00882	0.00490	0.00686	0.00196	0.00980	0.00686	0.00294	0.00784
6	0.36395	0.01335	0.01179	0.01052	0.01350	0.09386	0.00838	0.03143	0.23238	0.02265	0.01521	0.01578	0.04435	0.00718	0.00635	0.00191	0.09107	0.00490	0.00423	0.00721
7	0.00802	0.00567	0.00657	0.00663	0.00722	0.00540	0.00421	0.00884	0.01093	0.01449	0.15648	0.12222	0.14728	0.44894	0.01957	0.00403	0.00445	0.01029	0.00453	0.00422
8	0.00821	0.00542	0.00658	0.00737	0.00812	0.00516	0.00518	0.00966	0.01146	0.01620	0.03017	0.41292	0.09803	0.10090	0.00916	0.00250	0.00362	0.07603	0.17847	0.00481
9	0.00866	0.00620	0.00846	0.00923	0.01043	0.00601	0.00753	0.01110	0.01401	0.01888	0.26082	0.17040	0.04102	0.01507	0.00757	0.00236	0.00422	0.38703	0.00569	0.00530
10	0.02142	0.01595	0.01707	0.01324	0.01777	0.01771	0.01089	0.67636	0.09206	0.03554	0.01483	0.01466	0.01059	0.00706	0.00583	0.00177	0.00624	0.00536	0.00583	0.00983
11	0.02609	0.00990	0.01350	0.01035	0.01484	0.00855	0.00855	0.02834	0.01664	0.76338	0.02294	0.01979	0.01439	0.00720	0.00585	0.00180	0.00495	0.00585	0.00720	0.00990
12	0.01446	0.01249	0.01315	0.01183	0.01512	0.01446	0.00920	0.03090	0.74885	0.02433	0.02367	0.02170	0.01775	0.00789	0.00592	0.00197	0.00460	0.00657	0.00592	0.00920
13	0.00728	0.00523	0.00696	0.00827	0.00874	0.00491	0.00572	0.00846	0.01140	0.01510	0.03275	0.70452	0.05966	0.01792	0.00746	0.00238	0.00354	0.07953	0.00539	0.00479
14	0.16783	0.01647	0.01516	0.01221	0.01640	0.12473	0.00988	0.42713	0.05774	0.02983	0.01245	0.01292	0.00921	0.00644	0.00525	0.00168	0.00643	0.00460	0.00487	0.05877
15	0.08777	0.08722	0.10481	0.01231	0.01776	0.01192	0.11982	0.05307	0.01311	0.05697	0.01096	0.01263	0.00854	0.00498	0.00487	0.00135	0.00597	0.00421	0.00348	0.37825
16	0.01373	0.30870	0.41529	0.01448	0.02139	0.01727	0.06040	0.05460	0.01296	0.01763	0.00984	0.01150	0.00762	0.00536	0.00497	0.00163	0.00769	0.00407	0.00267	0.00820
17	0.00731	0.00542	0.00683	0.00751	0.00839	0.00493	0.00524	0.00881	0.01276	0.01696	0.20459	0.48356	0.17415	0.01611	0.00719	0.00217	0.00315	0.01436	0.00563	0.00493
18	0.08850	0.21353	0.21683	0.04871	0.05621	0.06693	0.01319	0.12045	0.01430	0.01980	0.01202	0.08219	0.01059	0.00676	0.00513	0.00170	0.00685	0.00519	0.00338	0.00775
19	0.01630	0.15774	0.07577	0.01865	0.24436	0.05153	0.01252	0.06535	0.02405	0.14526	0.04713	0.08773	0.01441	0.00721	0.00557	0.00172	0.00618	0.00609	0.00413	0.00830
20	0.00726	0.00522	0.00686	0.00810	0.00856	0.00488	0.00553	0.00836	0.01126	0.01491	0.03258	0.69017	0.06709	0.04596	0.00824	0.00248	0.00356	0.05892	0.00533	0.00473
21	0.01418	0.01360	0.02323	0.08112	0.71555	0.01376	0.01774	0.01766	0.01314	0.01875	0.01090	0.01446	0.00912	0.00522	0.00576	0.00174	0.00696	0.00518	0.00286	0.00904
22	0.03864	0.01320	0.02243	0.20818	0.46758	0.01385	0.08386	0.04866	0.01342	0.01897	0.01092	0.01461	0.00877	0.00539	0.00581	0.00180	0.00728	0.00528	0.00296	0.00838
23	0.01344	0.00921	0.01164	0.01139	0.08089	0.00920	0.00789	0.16656	0.01762	0.09679	0.36382	0.03224	0.06304	0.08019	0.00848	0.00215	0.00439	0.00834	0.00573	0.00699
24	0.00992	0.00634	0.00841	0.00842	0.00988	0.00593	0.00655	0.01222	0.01459	0.08700	0.36895	0.15387	0.05969	0.04566	0.00806	0.00226	0.00377	0.17689	0.00594	0.00565
25	0.00715	0.00509	0.00673	0.00802	0.00834	0.00477	0.00531	0.00811	0.01101	0.01468	0.03142	0.75740	0.03767	0.05373	0.00844	0.00251	0.00348	0.01616	0.00531	0.00467
26	0.01415	0.01462	0.01759	0.08449	0.01798	0.11610	0.01277	0.04692	0.01095	0.01509	0.00833	0.01274	0.00772	0.00910	0.01549	0.00232	0.57940	0.00493	0.00275	0.00657
27	0.01886	0.01981	0.01871	0.08957	0.22009	0.32861	0.01342	0.18281	0.01762	0.02064	0.01076	0.01278	0.00852	0.00598	0.00556	0.00166	0.00835	0.00460	0.00356	0.00809
28	0.01404	0.00981	0.01165	0.00857	0.01329	0.00765	0.00687	0.01658	0.01275	0.13018	0.01302	0.01411	0.01006	0.00497	0.00451	0.00105	0.00425	0.00399	0.08075	0.63189
29	0.02244	0.00910	0.01226	0.00967	0.01357	0.00791	0.00789	0.02473	0.01647	0.61423	0.14002	0.02509	0.05313	0.00826	0.00605	0.00181	0.00451	0.00686	0.00699	0.00898
30	0.00901	0.00713	0.00826	0.00776	0.00965	0.00698	0.00588	0.01393	0.15004	0.02147	0.43510	0.04280	0.23604	0.01191	0.00669	0.00189	0.00314	0.01026	0.00604	0.00601
31	0.00739	0.00562	0.00680	0.00713	0.00833	0.00503	0.00511	0.00911	0.01355	0.01788	0.27618	0.31021	0.27653	0.01503	0.00706	0.00206	0.00303	0.01320	0.00572	0.00503
32	0.01474	0.01477	0.02234	0.10608	0.62062	0.08433	0.01707	0.01806	0.01339	0.01815	0.01070	0.01414	0.00891	0.00532	0.00571	0.00173	0.00732	0.00505	0.00286	0.00871
33	0.00730	0.00523	0.00694	0.00795	0.00848	0.00487	0.00542	0.00864	0.01215	0.01646	0.16986	0.64943	0.04158	0.01701	0.00732	0.00226	0.00325	0.01539	0.00559	0.00487
34	0.01311	0.02508	0.48687	0.08913	0.15999	0.08983	0.01931	0.01847	0.01282	0.01778	0.01037	0.01278	0.00775	0.00554	0.00557	0.00179	0.00840	0.00448	0.00260	0.00833
35	0.01271	0.14439	0.56793	0.01685	0.06086	0.03267	0.05056	0.01836	0.01242	0.01764	0.01013	0.01205	0.00754	0.00541	0.00532	0.00174	0.00825	0.00426	0.00252	0.00838
36	0.33670	0.26524	0.13655	0.01080	0.01577	0.01625	0.04346	0.01808	0.04804	0.02024	0.00949	0.01085	0.00761	0.00535	0.00424	0.00161	0.00593	0.00367	0.00314	0.03698
37	0.01825	0.10166	0.10373	0.09619	0.05635	0.10235	0.02161	0.04014	0.05182	0.25449	0.04871	0.01659	0.01255	0.00672	0.00618	0.00176	0.04288	0.00523	0.00452	0.00827

[dist]
# distance from previous block
# <min> <max>
0	10

[block]
# block no. 7 follows, 40 sequences, length 12
# corresponding to MSA columns:
# 512-523
name=unknown_H
#
# <colnr> <probs for GDERKNQSTAVLIFYWHMCP>
#	G	D	E	R	K	N	Q	S	T	A	V	L	I	F	Y	W	H	M	C	P
0	0.61705	0.01160	0.01029	0.03673	0.01339	0.01322	0.00742	0.07310	0.07633	0.07802	0.01102	0.01180	0.00819	0.00588	0.00421	0.00182	0.00480	0.00387	0.00418	0.00708
1	0.01626	0.04579	0.04593	0.05869	0.29509	0.19553	0.06833	0.02092	0.10546	0.04486	0.01228	0.01440	0.00977	0.00598	0.00615	0.00175	0.03615	0.00505	0.00339	0.00822
2	0.00707	0.00510	0.00670	0.00799	0.00841	0.00473	0.00535	0.00811	0.01124	0.01489	0.03340	0.75480	0.07462	0.01804	0.00739	0.00234	0.00335	0.01632	0.00540	0.00473
3	0.01479	0.01278	0.02115	0.01896	0.12663	0.01284	0.25014	0.10365	0.13809	0.07690	0.01810	0.12684	0.01576	0.00803	0.00646	0.00197	0.00673	0.02753	0.00450	0.00815
4	0.01355	0.01694	0.09823	0.02382	0.02994	0.01460	0.67558	0.01861	0.01360	0.01861	0.01165	0.01539	0.00870	0.00496	0.00675	0.00195	0.00970	0.00664	0.00290	0.00791
5	0.00856	0.00578	0.00746	0.00746	0.00780	0.00613	0.00491	0.00902	0.00867	0.01191	0.01666	0.03113	0.01793	0.47417	0.27706	0.08174	0.00890	0.00740	0.00330	0.00399
6	0.00833	0.00609	0.00860	0.00856	0.00942	0.00678	0.00636	0.01005	0.00981	0.01395	0.08333	0.02776	0.01952	0.19115	0.55450	0.00792	0.01242	0.00706	0.00350	0.00489
7	0.00747	0.00559	0.00698	0.00778	0.00862	0.00522	0.00539	0.00935	0.03992	0.01640	0.12635	0.55018	0.15630	0.01647	0.00721	0.00222	0.00327	0.01472	0.00554	0.00502
8	0.07627	0.06537	0.14919	0.09186	0.01948	0.01263	0.03804	0.11228	0.05524	0.07424	0.01252	0.01390	0.00938	0.00567	0.00507	0.00154	0.00604	0.00451	0.03376	0.21300
9	0.00806	0.00567	0.00727	0.00735	0.00846	0.00526	0.00533	0.01029	0.01462	0.02066	0.48582	0.24396	0.07146	0.01333	0.00682	0.00194	0.00292	0.01184	0.06371	0.00526
10	0.08988	0.01207	0.01560	0.10146	0.19215	0.03868	0.01103	0.06830	0.01403	0.10830	0.03908	0.01488	0.01086	0.00564	0.00517	0.00150	0.00571	0.00470	0.00393	0.25702
11	0.05923	0.04091	0.26277	0.04534	0.15446	0.01272	0.03334	0.07745	0.01403	0.09416	0.02513	0.01403	0.00963	0.00565	0.00536	0.00165	0.00672	0.00467	0.00357	0.12917

[dist]
# distance from previous block
# <min> <max>
0	1

[block]
# block no. 8 follows, 40 sequences, length 92
# corresponding to MSA columns:
# 560-575,581-606,609-624,680-713
name=unknown_I
#
# <colnr> <probs for GDERKNQSTAVLIFYWHMCP>
#	G	D	E	R	K	N	Q	S	T	A	V	L	I	F	Y	W	H	M	C	P
0	0.05259	0.01517	0.11642	0.03851	0.23388	0.03326	0.05196	0.10622	0.04577	0.17915	0.03148	0.02688	0.01196	0.02335	0.00627	0.00188	0.00656	0.00558	0.00437	0.00876
1	0.01543	0.74739	0.03073	0.01091	0.01595	0.02246	0.05804	0.01749	0.01194	0.01401	0.00833	0.00975	0.00755	0.00497	0.00394	0.00129	0.00646	0.00336	0.00252	0.00749
2	0.01412	0.01354	0.02311	0.09495	0.70221	0.01375	0.01771	0.01761	0.01311	0.01867	0.01089	0.01448	0.00910	0.00523	0.00576	0.00174	0.00698	0.00518	0.00286	0.00899
3	0.11545	0.26793	0.04880	0.03036	0.01336	0.06382	0.00838	0.01455	0.01121	0.01571	0.01374	0.12622	0.01408	0.10825	0.06881	0.00270	0.00657	0.00611	0.00332	0.06062
4	0.00709	0.00506	0.00675	0.00810	0.00843	0.00472	0.00540	0.00810	0.01113	0.01484	0.03205	0.79184	0.03846	0.01822	0.00742	0.00236	0.00337	0.01653	0.00540	0.00472
5	0.00747	0.00546	0.00702	0.00758	0.00846	0.00501	0.00532	0.00914	0.01324	0.01793	0.29087	0.44807	0.12169	0.01561	0.00716	0.00213	0.00310	0.01395	0.00575	0.00501
6	0.00805	0.00552	0.00700	0.00758	0.00852	0.00506	0.00532	0.00964	0.01282	0.03859	0.19863	0.46989	0.12928	0.01546	0.00701	0.00212	0.00319	0.01377	0.04745	0.00510
7	0.00832	0.00617	0.00905	0.00905	0.00998	0.00711	0.00689	0.01019	0.00926	0.01328	0.01585	0.02437	0.01520	0.11885	0.69826	0.00897	0.01458	0.00645	0.00316	0.00503
8	0.01792	0.00801	0.01066	0.00880	0.01184	0.00711	0.00702	0.02039	0.01627	0.41724	0.31601	0.02938	0.03062	0.00905	0.00613	0.00178	0.00392	0.00769	0.06234	0.00783
9	0.00784	0.00542	0.00670	0.00742	0.00765	0.00525	0.00474	0.00847	0.01001	0.01332	0.02559	0.40236	0.03013	0.38003	0.01778	0.00390	0.00453	0.05013	0.00452	0.00420
10	0.00714	0.00531	0.00666	0.00756	0.00833	0.00483	0.00520	0.00840	0.01204	0.01576	0.10035	0.57203	0.19130	0.01694	0.00726	0.00223	0.00323	0.01511	0.00549	0.00483
11	0.01367	0.01308	0.02229	0.19449	0.60623	0.01363	0.01749	0.01721	0.01290	0.01812	0.01081	0.01463	0.00890	0.00532	0.00577	0.00177	0.00709	0.00518	0.00282	0.00863
