[name]
unknown

[dist]
# distance from previous block
# <min> <max>
5	508

[block]
# block no. 0 follows, 39 sequences, length 22
# corresponding to MSA columns:
# 545-555,558-568
name=unknown_A
#
# <colnr> <probs for GDERKNQSTAVLIFYWHMCP>
#	G	D	E	R	K	N	Q	S	T	A	V	L	I	F	Y	W	H	M	C	P
0	0.67119	0.01366	0.01041	0.00911	0.01281	0.09164	0.00739	0.08797	0.01248	0.02634	0.00891	0.01016	0.00689	0.00571	0.00405	0.00179	0.00539	0.00347	0.00382	0.00681
1	0.01500	0.63841	0.18119	0.01150	0.01732	0.02141	0.01253	0.01792	0.01211	0.01490	0.00871	0.01010	0.00757	0.00517	0.00417	0.00139	0.00682	0.00341	0.00252	0.00783
2	0.06843	0.01129	0.01397	0.01092	0.01527	0.01083	0.00896	0.17991	0.01862	0.52568	0.02101	0.05740	0.01445	0.00774	0.00590	0.00185	0.00524	0.00622	0.00672	0.00960
3	0.01306	0.01351	0.02220	0.07172	0.02108	0.01699	0.18990	0.01545	0.01045	0.01545	0.00899	0.01388	0.00807	0.00872	0.01541	0.00240	0.53758	0.00562	0.00269	0.00685
4	0.00855	0.00591	0.00737	0.00737	0.00768	0.00623	0.00473	0.00919	0.00887	0.01215	0.01779	0.03405	0.01948	0.56751	0.25200	0.00687	0.00877	0.00792	0.00346	0.00409
5	0.00889	0.00563	0.00666	0.00666	0.00666	0.00563	0.00385	0.00845	0.00845	0.01126	0.01721	0.03517	0.01959	0.66064	0.02891	0.14588	0.00563	0.00801	0.00341	0.00341
6	0.01242	0.09504	0.62361	0.01711	0.02525	0.01469	0.09426	0.01866	0.01260	0.01834	0.01055	0.01258	0.00765	0.00550	0.00560	0.00183	0.00866	0.00453	0.00255	0.00856
7	0.01267	0.18635	0.61281	0.01548	0.02347	0.01570	0.01946	0.01852	0.01239	0.01775	0.01013	0.01188	0.00751	0.00550	0.00525	0.00175	0.00825	0.00412	0.00250	0.00851
8	0.02042	0.01575	0.01629	0.01298	0.01726	0.04890	0.01055	0.53038	0.15598	0.04727	0.01806	0.01756	0.04584	0.00759	0.00596	0.00182	0.00616	0.00585	0.00582	0.00956
9	0.00858	0.00675	0.00795	0.00822	0.00992	0.00644	0.00645	0.01200	0.08481	0.01832	0.15162	0.13465	0.32406	0.01458	0.00724	0.00220	0.00377	0.18116	0.00569	0.00559
10	0.02101	0.02148	0.01655	0.01413	0.01782	0.37615	0.01102	0.27906	0.14092	0.02431	0.01341	0.01381	0.01021	0.00677	0.00565	0.00169	0.00819	0.00483	0.00456	0.00841
11	0.03668	0.00916	0.01113	0.00912	0.01296	0.00752	0.00728	0.01501	0.01263	0.09483	0.01742	0.11735	0.01665	0.00858	0.00595	0.02369	0.00450	0.10508	0.00440	0.48006
12	0.07600	0.15406	0.12489	0.01227	0.01708	0.04752	0.01151	0.18534	0.09807	0.13969	0.01570	0.01805	0.01214	0.00714	0.00549	0.00179	0.00633	0.05354	0.00474	0.00864
13	0.01418	0.01254	0.01746	0.30210	0.16460	0.01438	0.01384	0.09569	0.25965	0.02143	0.01556	0.01750	0.01180	0.00662	0.00594	0.00192	0.00650	0.00575	0.00416	0.00839
14	0.00740	0.00595	0.00660	0.00656	0.00827	0.00515	0.00487	0.00923	0.01425	0.01811	0.25479	0.10499	0.50425	0.01441	0.00702	0.00199	0.00297	0.01228	0.00578	0.00515
15	0.01190	0.01126	0.01906	0.62118	0.19177	0.01333	0.01679	0.01575	0.01217	0.01600	0.01064	0.01553	0.00820	0.00578	0.00590	0.00193	0.00770	0.00526	0.00269	0.00716
16	0.07341	0.01661	0.13011	0.03577	0.24219	0.04623	0.08468	0.05344	0.08422	0.07586	0.01279	0.01488	0.00984	0.00638	0.00718	0.00191	0.08702	0.00527	0.00365	0.00856
17	0.01029	0.01059	0.07568	0.01170	0.01394	0.04351	0.08317	0.03364	0.05391	0.01672	0.02284	0.32363	0.02442	0.05484	0.14102	0.00365	0.00746	0.05854	0.00441	0.00604
18	0.00735	0.00521	0.00682	0.00805	0.00836	0.00490	0.00529	0.00827	0.01104	0.01472	0.03115	0.71100	0.03730	0.09831	0.00987	0.00275	0.00367	0.01597	0.00529	0.00468
19	0.04897	0.33838	0.09862	0.01163	0.01677	0.01779	0.01112	0.17132	0.05353	0.15881	0.01334	0.01341	0.00990	0.00613	0.00494	0.00160	0.00622	0.00444	0.00435	0.00873
20	0.07780	0.01803	0.01636	0.08420	0.06128	0.24167	0.01140	0.22872	0.09391	0.08944	0.01357	0.01432	0.01006	0.00659	0.00559	0.00175	0.00746	0.00490	0.00456	0.00841
21	0.01817	0.01465	0.01883	0.07428	0.25543	0.03930	0.01323	0.30003	0.04575	0.06827	0.01333	0.01478	0.01004	0.00619	0.00574	0.00170	0.00656	0.00517	0.00450	0.08404

[dist]
# distance from previous block
# <min> <max>
3	9

[block]
# block no. 1 follows, 39 sequences, length 52
# corresponding to MSA columns:
# 578-629
name=unknown_B
#
# <colnr> <probs for GDERKNQSTAVLIFYWHMCP>
#	G	D	E	R	K	N	Q	S	T	A	V	L	I	F	Y	W	H	M	C	P
0	0.01285	0.15600	0.48071	0.01609	0.05275	0.01520	0.04914	0.01936	0.07676	0.01867	0.04054	0.01430	0.01047	0.00595	0.00547	0.00178	0.00773	0.00477	0.00301	0.00847
1	0.01236	0.01131	0.01869	0.05349	0.50561	0.01129	0.01428	0.01526	0.01314	0.01849	0.06701	0.19660	0.01942	0.00884	0.00633	0.00192	0.00593	0.00833	0.00376	0.00795
2	0.00913	0.00698	0.00917	0.00930	0.01061	0.00680	0.03475	0.06797	0.03887	0.01817	0.08226	0.50490	0.11071	0.01579	0.00728	0.00226	0.00399	0.04994	0.00551	0.00561
3	0.01361	0.01854	0.20658	0.15920	0.29400	0.05246	0.13446	0.01816	0.01318	0.01812	0.01092	0.01431	0.00849	0.00546	0.00596	0.00185	0.00826	0.00525	0.00278	0.00837
4	0.40915	0.01167	0.01139	0.00934	0.01345	0.04959	0.00764	0.02222	0.01336	0.32542	0.01461	0.01414	0.00999	0.00620	0.00473	0.00175	0.00506	0.00438	0.00512	0.06081
5	0.01073	0.00772	0.01021	0.01099	0.01264	0.00788	0.00943	0.08792	0.01495	0.01957	0.02960	0.11077	0.03187	0.01552	0.00789	0.00260	0.00542	0.59291	0.00550	0.00589
6	0.01464	0.01405	0.02400	0.03630	0.75528	0.01405	0.01815	0.01815	0.01347	0.01932	0.01112	0.01464	0.00937	0.00527	0.00585	0.00176	0.00703	0.00527	0.00293	0.00937
7	0.01457	0.00747	0.00991	0.00899	0.01057	0.00743	0.00657	0.02987	0.10436	0.18338	0.01649	0.05783	0.01409	0.04343	0.01617	0.44786	0.00502	0.00623	0.00434	0.00543
8	0.00825	0.00593	0.00761	0.00860	0.00925	0.00573	0.00588	0.05821	0.01245	0.01662	0.03133	0.73512	0.03712	0.01774	0.00744	0.00236	0.00364	0.01602	0.00552	0.00516
9	0.00721	0.00515	0.00686	0.00823	0.00858	0.00480	0.00549	0.00823	0.01132	0.01510	0.03259	0.78831	0.03911	0.01853	0.00755	0.00240	0.00343	0.01681	0.00549	0.00480
10	0.02653	0.01006	0.01372	0.01052	0.01510	0.00869	0.00869	0.02882	0.01693	0.75937	0.02333	0.02013	0.01464	0.00732	0.00595	0.00183	0.00503	0.00595	0.00732	0.01006
11	0.01546	0.01155	0.01295	0.01183	0.01465	0.03900	0.00996	0.31318	0.01954	0.02599	0.02263	0.04000	0.02191	0.01152	0.00687	0.00220	0.00590	0.34916	0.05828	0.00742
12	0.00769	0.00615	0.00699	0.00735	0.00908	0.00545	0.00580	0.00954	0.01362	0.01684	0.09702	0.09464	0.50242	0.01529	0.00729	0.00218	0.00358	0.17841	0.00555	0.00513
13	0.02248	0.01656	0.01775	0.01361	0.01834	0.01834	0.01124	0.73556	0.02780	0.03727	0.01420	0.01420	0.01006	0.00710	0.00592	0.00177	0.00651	0.00532	0.00592	0.01006
14	0.01464	0.01405	0.02400	0.03630	0.75528	0.01405	0.01815	0.01815	0.01347	0.01932	0.01112	0.01464	0.00937	0.00527	0.00585	0.00176	0.00703	0.00527	0.00293	0.00937
15	0.83394	0.01144	0.00869	0.00778	0.01144	0.01327	0.00640	0.01738	0.01006	0.02653	0.00823	0.00961	0.00640	0.00549	0.00366	0.00183	0.00457	0.00320	0.00366	0.00640
16	0.01192	0.03363	0.28214	0.40429	0.08659	0.01369	0.01804	0.01738	0.04425	0.01710	0.01114	0.01467	0.00829	0.00584	0.00577	0.00191	0.00795	0.00496	0.00275	0.00769
17	0.01715	0.63201	0.02795	0.01121	0.01584	0.18231	0.01040	0.01897	0.01303	0.01403	0.00842	0.00974	0.00760	0.00528	0.00412	0.00132	0.00725	0.00330	0.00264	0.00743
18	0.00837	0.00609	0.00791	0.00758	0.00900	0.00563	0.00577	0.01109	0.01639	0.02297	0.67424	0.04617	0.08903	0.01249	0.00705	0.00192	0.00296	0.05342	0.00640	0.00554
19	0.02105	0.01577	0.01744	0.01351	0.01777	0.01762	0.01116	0.61120	0.02487	0.04715	0.01351	0.01408	0.00984	0.00731	0.00726	0.00182	0.08773	0.00523	0.00547	0.05023
20	0.01391	0.24886	0.10561	0.01176	0.01604	0.01482	0.04590	0.08343	0.10547	0.04028	0.02000	0.08795	0.07133	0.00874	0.00571	0.00181	0.00592	0.07718	0.00423	0.03105
21	0.00856	0.00576	0.00666	0.00669	0.00676	0.00582	0.00387	0.00872	0.00872	0.01169	0.01877	0.05475	0.02147	0.72647	0.07711	0.00590	0.00633	0.00864	0.00360	0.00372
22	0.00858	0.00580	0.00681	0.00681	0.00693	0.00593	0.00403	0.00883	0.00871	0.01173	0.01831	0.03689	0.02071	0.70457	0.11662	0.00618	0.00692	0.00833	0.00353	0.00378
23	0.01868	0.01102	0.01343	0.01025	0.01493	0.00967	0.00840	0.12766	0.01633	0.28464	0.01695	0.01885	0.01267	0.00660	0.00541	0.00147	0.00500	0.05045	0.00534	0.36224
24	0.01516	0.44275	0.02379	0.01141	0.01480	0.01919	0.01031	0.06576	0.01249	0.04828	0.01117	0.06188	0.01052	0.00944	0.04884	0.00213	0.17664	0.00492	0.00321	0.00732
25	0.00865	0.00599	0.00765	0.00724	0.00863	0.00557	0.00543	0.01144	0.01628	0.02354	0.67521	0.04185	0.05153	0.01154	0.00668	0.00181	0.00279	0.01015	0.09245	0.00557
26	0.00837	0.00604	0.00790	0.00744	0.00883	0.00558	0.00558	0.01116	0.01674	0.02371	0.75216	0.04417	0.05580	0.01209	0.00697	0.00186	0.00279	0.01069	0.00651	0.00558
27	0.01464	0.01405	0.02400	0.03630	0.75528	0.01405	0.01815	0.01815	0.01347	0.01932	0.01112	0.01464	0.00937	0.00527	0.00585	0.00176	0.00703	0.00527	0.00293	0.00937
28	0.01786	0.02131	0.01365	0.01285	0.01522	0.53846	0.00950	0.01937	0.01528	0.01518	0.01642	0.16195	0.04504	0.00889	0.00574	0.00170	0.00842	0.00677	0.06009	0.00629
29	0.00912	0.00623	0.00818	0.00767	0.00919	0.00574	0.00582	0.01189	0.01665	0.05238	0.70149	0.04392	0.05352	0.01203	0.00697	0.00189	0.00296	0.03211	0.00651	0.00575
30	0.16193	0.00948	0.01063	0.00899	0.01206	0.00947	0.03838	0.12642	0.01593	0.09632	0.13784	0.03437	0.29473	0.01041	0.00611	0.00190	0.00431	0.00853	0.00544	0.00676
31	0.01319	0.00828	0.00994	0.00859	0.01096	0.00813	0.00671	0.13924	0.01804	0.11171	0.42375	0.03416	0.06885	0.01019	0.00634	0.00179	0.00370	0.00869	0.10089	0.00685
32	0.01847	0.01465	0.01787	0.16543	0.13825	0.13804	0.04917	0.07671	0.01557	0.20198	0.01391	0.01534	0.01006	0.00607	0.00571	0.00170	0.00714	0.00510	0.00427	0.09455
33	0.02214	0.07067	0.01844	0.01337	0.01800	0.07044	0.01108	0.61127	0.02556	0.06015	0.01377	0.01384	0.00988	0.00690	0.00573	0.00172	0.00673	0.00509	0.00553	0.00967
34	0.00803	0.00583	0.00757	0.00755	0.00873	0.00537	0.00551	0.01035	0.01532	0.02133	0.55054	0.21783	0.08646	0.01373	0.00711	0.00199	0.00295	0.01221	0.00622	0.00537
35	0.01137	0.02792	0.68229	0.01595	0.02381	0.01280	0.02013	0.01763	0.01236	0.01835	0.01292	0.09395	0.01081	0.00697	0.00582	0.00193	0.00818	0.00568	0.00281	0.00833
36	0.00814	0.00592	0.00766	0.00748	0.00876	0.00544	0.00551	0.01061	0.01582	0.02212	0.61634	0.14875	0.08905	0.01314	0.00706	0.00194	0.00289	0.01164	0.00632	0.00544
37	0.01383	0.01323	0.02255	0.20874	0.58913	0.01384	0.01775	0.01744	0.01308	0.01834	0.01098	0.01490	0.00902	0.00542	0.00587	0.00181	0.00723	0.00527	0.00286	0.00872
38	0.01414	0.01353	0.02285	0.03435	0.70720	0.01347	0.01727	0.01753	0.01347	0.01911	0.01426	0.01736	0.05720	0.00589	0.00593	0.00177	0.00677	0.00573	0.00309	0.00909
39	0.00832	0.00594	0.00814	0.00951	0.01034	0.00577	0.00743	0.01016	0.01242	0.01635	0.03198	0.44184	0.03667	0.01748	0.00785	0.00256	0.00440	0.35227	0.00547	0.00511
40	0.00947	0.00720	0.00885	0.00824	0.00997	0.00717	0.00624	0.01468	0.14317	0.02389	0.62569	0.04033	0.04924	0.01138	0.00681	0.00189	0.00312	0.01000	0.00642	0.00624
41	0.00845	0.00634	0.00950	0.00950	0.01056	0.00739	0.00739	0.01056	0.00950	0.01373	0.01584	0.02323	0.01478	0.04435	0.76873	0.00950	0.01584	0.00634	0.00317	0.00528
42	0.00955	0.00729	0.00917	0.00988	0.01160	0.00730	0.00832	0.01364	0.09803	0.01836	0.06145	0.05872	0.18362	0.01495	0.00763	0.00246	0.00475	0.46192	0.00556	0.00581
43	0.00846	0.00629	0.00927	0.00927	0.01024	0.00726	0.00710	0.01041	0.00943	0.01355	0.01606	0.02444	0.01531	0.10263	0.71117	0.00921	0.01505	0.00651	0.00320	0.00515
44	0.00721	0.00515	0.00686	0.00823	0.00858	0.00480	0.00549	0.00823	0.01132	0.01510	0.03259	0.78831	0.03911	0.01853	0.00755	0.00240	0.00343	0.01681	0.00549	0.00480
45	0.00959	0.00715	0.00876	0.00815	0.00993	0.00693	0.00628	0.06175	0.05412	0.02353	0.54904	0.04366	0.12264	0.01209	0.00693	0.00193	0.00332	0.05193	0.00627	0.00601
46	0.01354	0.01364	0.02114	0.01715	0.01844	0.01755	0.14368	0.04665	0.01077	0.01610	0.00881	0.01354	0.00808	0.00923	0.01656	0.00244	0.60745	0.00551	0.00281	0.00690
47	0.00845	0.00634	0.00950	0.00950	0.01056	0.00739	0.00739	0.01056	0.00950	0.01373	0.01584	0.02323	0.01478	0.04435	0.76873	0.00950	0.01584	0.00634	0.00317	0.00528
48	0.02583	0.01119	0.01442	0.01106	0.01566	0.01037	0.00913	0.15158	0.01882	0.63394	0.02174	0.01910	0.01384	0.00728	0.00594	0.00182	0.00529	0.00584	0.00708	0.01006
49	0.01697	0.66038	0.02869	0.01072	0.01573	0.02252	0.01031	0.14240	0.01476	0.01797	0.00926	0.01030	0.00802	0.00541	0.00416	0.00135	0.00636	0.00354	0.00312	0.00802
50	0.01928	0.01114	0.01486	0.01296	0.04516	0.03483	0.01009	0.02117	0.01344	0.37530	0.03115	0.01897	0.01323	0.04951	0.06039	0.00274	0.24675	0.00586	0.00507	0.00811
51	0.01806	0.33919	0.02190	0.01228	0.01639	0.33966	0.01031	0.02074	0.05717	0.01535	0.00979	0.01102	0.00834	0.00560	0.00464	0.00138	0.00788	0.00368	0.00306	0.09355

[dist]
# distance from previous block
# <min> <max>
0	1

[block]
# block no. 2 follows, 39 sequences, length 75
# corresponding to MSA columns:
# 631-705
name=unknown_C
#
# <colnr> <probs for GDERKNQSTAVLIFYWHMCP>
#	G	D	E	R	K	N	Q	S	T	A	V	L	I	F	Y	W	H	M	C	P
0	0.01546	0.01688	0.08081	0.01838	0.02341	0.06273	0.32556	0.09944	0.24859	0.02244	0.01578	0.01712	0.01179	0.00630	0.00635	0.00194	0.00786	0.00631	0.00423	0.00863
1	0.01289	0.00926	0.00835	0.00790	0.00988	0.07862	0.00600	0.01871	0.17952	0.02196	0.01943	0.02099	0.01511	0.00707	0.00467	0.00153	0.00393	0.00562	0.56202	0.00651
2	0.01117	0.01051	0.01774	0.77795	0.04073	0.01314	0.01642	0.01511	0.01182	0.01511	0.01051	0.01577	0.00788	0.00591	0.00591	0.00197	0.00788	0.00526	0.00263	0.00657
3	0.01332	0.12067	0.60504	0.01575	0.02368	0.01532	0.01946	0.08533	0.01386	0.01988	0.01066	0.01229	0.00774	0.00569	0.00543	0.00179	0.00824	0.00431	0.00282	0.00873
4	0.00789	0.00588	0.00743	0.00850	0.00919	0.00573	0.00581	0.01040	0.07967	0.01603	0.03292	0.68699	0.06642	0.01740	0.00738	0.00235	0.00353	0.01569	0.00554	0.00524
5	0.02523	0.01215	0.01501	0.01151	0.01614	0.01179	0.00951	0.25552	0.02042	0.52774	0.02040	0.01823	0.01317	0.00725	0.00594	0.00181	0.00551	0.00575	0.00687	0.01006
6	0.00721	0.00515	0.00686	0.00823	0.00858	0.00480	0.00549	0.00823	0.01132	0.01510	0.03259	0.78831	0.03911	0.01853	0.00755	0.00240	0.00343	0.01681	0.00549	0.00480
7	0.00721	0.00515	0.00686	0.00823	0.00858	0.00480	0.00549	0.00823	0.01132	0.01510	0.03259	0.78831	0.03911	0.01853	0.00755	0.00240	0.00343	0.01681	0.00549	0.00480
8	0.02286	0.01596	0.01737	0.01332	0.01804	0.01744	0.01100	0.66977	0.02679	0.10449	0.01505	0.01475	0.01048	0.00712	0.00592	0.00178	0.00637	0.00538	0.00605	0.01006
9	0.00699	0.00599	0.00599	0.00599	0.00799	0.00499	0.00449	0.00849	0.01348	0.01598	0.05991	0.05691	0.75288	0.01498	0.00699	0.00200	0.00300	0.01248	0.00549	0.00499
10	0.02209	0.02819	0.01676	0.01524	0.01828	0.76843	0.01143	0.02361	0.01676	0.01447	0.00914	0.01066	0.00762	0.00609	0.00533	0.00152	0.01066	0.00381	0.00305	0.00686
11	0.02309	0.01594	0.01710	0.01319	0.01784	0.04070	0.01086	0.60454	0.02579	0.14729	0.01544	0.01500	0.01068	0.00710	0.00590	0.00178	0.00641	0.00537	0.00604	0.00996
12	0.00860	0.00573	0.00645	0.00645	0.00645	0.00573	0.00358	0.00860	0.00860	0.01147	0.01863	0.03870	0.02150	0.79217	0.03010	0.00573	0.00573	0.00860	0.00358	0.00358
13	0.01396	0.01595	0.03490	0.02493	0.03091	0.01496	0.73380	0.01894	0.01396	0.01894	0.01196	0.01595	0.00897	0.00499	0.00698	0.00199	0.00997	0.00698	0.00299	0.00798
14	0.01436	0.01399	0.02278	0.15098	0.61829	0.04030	0.01765	0.01787	0.01333	0.01850	0.01096	0.01467	0.00908	0.00540	0.00585	0.00178	0.00729	0.00522	0.00288	0.00884
15	0.14155	0.67518	0.02756	0.00976	0.01460	0.02184	0.00955	0.01766	0.01172	0.01585	0.00822	0.00950	0.00741	0.00513	0.00377	0.00135	0.00606	0.00317	0.00270	0.00741
16	0.00730	0.00521	0.00697	0.00834	0.00873	0.00489	0.00566	0.00840	0.01142	0.01520	0.03254	0.75872	0.03891	0.01844	0.00757	0.00241	0.00351	0.04546	0.00549	0.00483
17	0.02356	0.01114	0.01432	0.03806	0.01641	0.01070	0.00958	0.17530	0.01873	0.51257	0.02171	0.02307	0.01525	0.00806	0.00615	0.00191	0.00548	0.07184	0.00669	0.00951
18	0.08038	0.53927	0.02526	0.01027	0.01511	0.01965	0.00967	0.07277	0.01391	0.14868	0.01134	0.01173	0.00893	0.00564	0.00432	0.00145	0.00598	0.00382	0.00371	0.00812
19	0.07764	0.04459	0.01594	0.05594	0.01763	0.01243	0.05658	0.18130	0.04885	0.05861	0.01240	0.01365	0.00949	0.00554	0.00506	0.00140	0.00558	0.00447	0.00423	0.36866
20	0.02038	0.02792	0.14301	0.01541	0.01952	0.59686	0.01318	0.06426	0.01668	0.01652	0.00969	0.01118	0.00774	0.00607	0.00541	0.00160	0.01010	0.00399	0.00312	0.00736
21	0.01384	0.06064	0.03160	0.02187	0.02770	0.01449	0.59322	0.01832	0.01362	0.01869	0.01155	0.01508	0.00886	0.00491	0.00644	0.00180	0.00900	0.00629	0.00303	0.11905
22	0.00789	0.00591	0.00789	0.05330	0.01086	0.00589	0.00636	0.01003	0.05548	0.01568	0.03080	0.69720	0.03603	0.01716	0.00736	0.00235	0.00377	0.01553	0.00535	0.00518
23	0.00707	0.00599	0.00611	0.00608	0.00804	0.00503	0.00456	0.00865	0.01368	0.01644	0.10157	0.05615	0.71093	0.01480	0.00699	0.00199	0.00298	0.01237	0.00555	0.00503
24	0.01129	0.01063	0.01796	0.75200	0.06573	0.01317	0.01648	0.01522	0.01188	0.01526	0.01053	0.01573	0.00794	0.00589	0.00591	0.00196	0.00785	0.00526	0.00264	0.00667
25	0.10663	0.01023	0.01313	0.01014	0.01466	0.00910	0.00836	0.02684	0.01596	0.64136	0.02105	0.01860	0.01346	0.00696	0.00562	0.00177	0.00495	0.00552	0.00672	0.05894
26	0.00761	0.00543	0.00732	0.00869	0.00921	0.00515	0.00619	0.00893	0.01172	0.01555	0.03237	0.66329	0.03823	0.01815	0.00766	0.00246	0.00378	0.13785	0.00548	0.00491
27	0.02623	0.01055	0.01402	0.01075	0.01534	0.00941	0.00888	0.08112	0.01773	0.70594	0.02266	0.01969	0.01430	0.00730	0.00594	0.00183	0.00514	0.00590	0.00722	0.01006
28	0.00721	0.00515	0.00686	0.00823	0.00858	0.00480	0.00549	0.00823	0.01132	0.01510	0.03259	0.78831	0.03911	0.01853	0.00755	0.00240	0.00343	0.01681	0.00549	0.00480
29	0.01117	0.01051	0.01774	0.77795	0.04073	0.01314	0.01642	0.01511	0.01182	0.01511	0.01051	0.01577	0.00788	0.00591	0.00591	0.00197	0.00788	0.00526	0.00263	0.00657
30	0.00894	0.00640	0.00805	0.00757	0.00908	0.00612	0.00570	0.01255	0.05955	0.02365	0.65478	0.04123	0.05056	0.01146	0.00671	0.00183	0.00290	0.01007	0.06704	0.00580
31	0.00857	0.00612	0.00843	0.00979	0.01074	0.00598	0.00786	0.01059	0.01267	0.01662	0.03184	0.36453	0.03613	0.01724	0.00791	0.00259	0.00461	0.42712	0.00546	0.00518
32	0.01488	0.01229	0.01293	0.01153	0.01479	0.01410	0.00900	0.07676	0.62861	0.02532	0.02297	0.02154	0.01725	0.00786	0.00584	0.00193	0.00462	0.00649	0.08224	0.00905
33	0.02246	0.01726	0.01769	0.01370	0.01834	0.06326	0.01125	0.69292	0.02714	0.03591	0.01390	0.01399	0.00991	0.00704	0.00588	0.00176	0.00676	0.00523	0.00574	0.00987
34	0.00709	0.00592	0.00618	0.00628	0.00809	0.00501	0.00465	0.00862	0.01347	0.01634	0.09769	0.12425	0.64583	0.01514	0.00704	0.00203	0.00302	0.01278	0.00555	0.00501
35	0.07237	0.01091	0.01765	0.65193	0.10507	0.01323	0.01584	0.01556	0.01185	0.01635	0.01040	0.01521	0.00791	0.00582	0.00574	0.00194	0.00756	0.00510	0.00273	0.00682
36	0.00821	0.00599	0.00772	0.00739	0.00876	0.00550	0.00550	0.01081	0.01621	0.02270	0.66465	0.08836	0.10074	0.01266	0.00701	0.00190	0.00284	0.01117	0.00638	0.00550
37	0.01352	0.01168	0.01567	0.33426	0.03734	0.03880	0.01243	0.07963	0.04883	0.04225	0.01307	0.01817	0.01069	0.00690	0.00686	0.00181	0.07314	0.04770	0.02222	0.16503
38	0.01566	0.76665	0.05875	0.01037	0.01557	0.02303	0.01056	0.01775	0.01203	0.01410	0.00831	0.00960	0.00759	0.00508	0.00386	0.00129	0.00642	0.00321	0.00253	0.00763
39	0.00707	0.00599	0.00611	0.00608	0.00804	0.00503	0.00456	0.00865	0.01368	0.01644	0.10157	0.05615	0.71093	0.01480	0.00699	0.00199	0.00298	0.01237	0.00555	0.00503
40	0.00740	0.00549	0.00691	0.00776	0.00861	0.00501	0.00543	0.00881	0.01257	0.01654	0.13629	0.51463	0.18645	0.01686	0.00738	0.00226	0.00332	0.03769	0.00563	0.00497
41	0.01383	0.01555	0.03322	0.02373	0.02966	0.01443	0.68002	0.01864	0.01383	0.01897	0.01186	0.01568	0.00896	0.00494	0.00679	0.00191	0.00956	0.00672	0.00303	0.06868
42	0.00701	0.00592	0.00606	0.00617	0.00804	0.00498	0.00457	0.00847	0.01330	0.01590	0.05767	0.11682	0.69441	0.01527	0.00704	0.00203	0.00303	0.01284	0.00549	0.00498
43	0.01396	0.01595	0.03490	0.02493	0.03091	0.01496	0.73380	0.01894	0.01396	0.01894	0.01196	0.01595	0.00897	0.00499	0.00698	0.00199	0.00997	0.00698	0.00299	0.00798
44	0.00721	0.00553	0.00662	0.00734	0.00838	0.00493	0.00513	0.00854	0.01252	0.01606	0.09599	0.46144	0.30561	0.01673	0.00730	0.00221	0.00322	0.01475	0.00557	0.00493
45	0.00727	0.00554	0.00672	0.00762	0.00859	0.00499	0.00539	0.00856	0.01220	0.01555	0.04194	0.49322	0.28506	0.01717	0.00739	0.00228	0.00340	0.05672	0.00549	0.00491
46	0.10333	0.01062	0.01351	0.01046	0.01496	0.00976	0.00864	0.07401	0.01698	0.64214	0.02129	0.01874	0.01355	0.00713	0.00573	0.00183	0.00509	0.00564	0.00688	0.00971
47	0.00767	0.00594	0.00699	0.00689	0.00845	0.00526	0.00510	0.00974	0.01483	0.01959	0.38760	0.11892	0.35390	0.01393	0.00703	0.00197	0.00294	0.01203	0.00598	0.00526
48	0.01245	0.01400	0.07861	0.36921	0.12471	0.01364	0.24200	0.01676	0.01265	0.01700	0.01130	0.01613	0.00879	0.02923	0.00695	0.00206	0.00843	0.00583	0.00280	0.00743
49	0.01489	0.04129	0.02341	0.08890	0.63216	0.01457	0.01732	0.06108	0.01416	0.01990	0.01116	0.01451	0.00924	0.00542	0.00579	0.00176	0.00703	0.00520	0.00307	0.00914
50	0.01102	0.00551	0.00551	0.00551	0.00689	0.00551	0.00413	0.01378	0.01240	0.02205	0.01929	0.02205	0.01516	0.00689	0.00413	0.00138	0.00276	0.00551	0.82500	0.00551
51	0.07238	0.01096	0.01352	0.01072	0.01495	0.01056	0.00875	0.10175	0.10646	0.51444	0.05664	0.02027	0.01606	0.00750	0.00586	0.00185	0.00501	0.00604	0.00675	0.00954
52	0.19552	0.01176	0.01476	0.05918	0.13805	0.01211	0.01039	0.13538	0.01613	0.26682	0.04604	0.04115	0.01334	0.00702	0.00553	0.00184	0.00552	0.00564	0.00522	0.00861
53	0.01581	0.79572	0.03099	0.01012	0.01518	0.02340	0.01012	0.01771	0.01202	0.01391	0.00822	0.00949	0.00759	0.00506	0.00379	0.00126	0.00632	0.00316	0.00253	0.00759
54	0.01788	0.01832	0.17064	0.01416	0.04035	0.04614	0.01283	0.37917	0.08899	0.04136	0.08369	0.01734	0.01451	0.00721	0.00591	0.00180	0.00658	0.00568	0.00505	0.02239
55	0.02272	0.01618	0.01751	0.01342	0.01815	0.01777	0.01109	0.69368	0.02716	0.08006	0.01474	0.01455	0.01033	0.00711	0.00592	0.00178	0.00642	0.00536	0.00600	0.01006
56	0.01475	0.01016	0.01218	0.00894	0.01387	0.00787	0.00719	0.01724	0.01325	0.16431	0.01595	0.01645	0.05401	0.00558	0.00484	0.00113	0.00443	0.00452	0.00437	0.61896
57	0.00898	0.00712	0.01053	0.01022	0.01115	0.00867	0.00805	0.01100	0.00945	0.01379	0.01488	0.02200	0.01395	0.04029	0.67924	0.00868	0.10727	0.00620	0.00310	0.00542
58	0.00837	0.00604	0.00790	0.00744	0.00883	0.00558	0.00558	0.01116	0.01674	0.02371	0.75216	0.04417	0.05580	0.01209	0.00697	0.00186	0.00279	0.01069	0.00651	0.00558
59	0.01117	0.01051	0.01774	0.77795	0.04073	0.01314	0.01642	0.01511	0.01182	0.01511	0.01051	0.01577	0.00788	0.00591	0.00591	0.00197	0.00788	0.00526	0.00263	0.00657
60	0.01453	0.01394	0.02381	0.05867	0.73373	0.01402	0.01810	0.01806	0.01342	0.01919	0.01111	0.01467	0.00932	0.00529	0.00586	0.00176	0.00705	0.00527	0.00292	0.00928
61	0.01124	0.00594	0.00598	0.00590	0.00739	0.00606	0.00444	0.01483	0.05579	0.02221	0.01957	0.02205	0.01533	0.00696	0.00425	0.00142	0.00287	0.00558	0.77647	0.00574
62	0.02623	0.01055	0.01402	0.01075	0.01534	0.00941	0.00888	0.08112	0.01773	0.70594	0.02266	0.01969	0.01430	0.00730	0.00594	0.00183	0.00514	0.00590	0.00722	0.01006
63	0.02388	0.01066	0.01365	0.01086	0.01516	0.01004	0.00884	0.02940	0.18021	0.59453	0.02350	0.02056	0.01540	0.00748	0.00596	0.00187	0.00495	0.00611	0.00703	0.00991
64	0.02090	0.02566	0.01656	0.01493	0.01786	0.64071	0.01133	0.03952	0.08089	0.01587	0.01049	0.01189	0.00860	0.00654	0.00624	0.00163	0.05571	0.00418	0.00335	0.00713
65	0.02653	0.01006	0.01372	0.01052	0.01510	0.00869	0.00869	0.02882	0.01693	0.75937	0.02333	0.02013	0.01464	0.00732	0.00595	0.00183	0.00503	0.00595	0.00732	0.01006
66	0.00747	0.00567	0.00688	0.00729	0.00846	0.00508	0.00520	0.00914	0.01355	0.01782	0.24521	0.34355	0.27212	0.01557	0.00721	0.00212	0.00311	0.01369	0.00578	0.00508
67	0.06703	0.01333	0.01478	0.01136	0.01604	0.01344	0.00927	0.33603	0.07390	0.14321	0.01500	0.01491	0.01080	0.00637	0.00538	0.00156	0.00545	0.00490	0.00536	0.23189
68	0.01464	0.01405	0.02400	0.03630	0.75528	0.01405	0.01815	0.01815	0.01347	0.01932	0.01112	0.01464	0.00937	0.00527	0.00585	0.00176	0.00703	0.00527	0.00293	0.00937
69	0.00769	0.00573	0.00716	0.00741	0.00857	0.00520	0.00533	0.00962	0.01424	0.01921	0.36697	0.29884	0.19258	0.01486	0.00717	0.00207	0.00305	0.01313	0.00596	0.00520
70	0.01129	0.00829	0.01125	0.08115	0.01314	0.00971	0.00796	0.03432	0.01042	0.05740	0.04040	0.02587	0.01606	0.29617	0.12944	0.06564	0.16584	0.00682	0.00355	0.00527
71	0.03382	0.01165	0.05575	0.01074	0.01388	0.05596	0.00907	0.05989	0.01512	0.18109	0.17434	0.08299	0.02399	0.00953	0.00740	0.00188	0.07728	0.05957	0.00524	0.11081
72	0.00990	0.00776	0.01098	0.15096	0.01621	0.00814	0.02982	0.06473	0.01378	0.01840	0.15211	0.24570	0.05360	0.08543	0.00917	0.00251	0.00503	0.10512	0.00492	0.00573
73	0.01496	0.47312	0.04510	0.00986	0.01406	0.01805	0.00928	0.08430	0.05799	0.01886	0.06655	0.01527	0.01318	0.00625	0.00447	0.00144	0.00551	0.00453	0.12976	0.00749
74	0.01567	0.04039	0.01419	0.02818	0.03878	0.09305	0.00876	0.11408	0.05929	0.07602	0.01553	0.03969	0.04140	0.00640	0.00516	0.00138	0.00551	0.00508	0.02858	0.36284

[dist]
# distance from previous block
# <min> <max>
1	6

[block]
# block no. 3 follows, 39 sequences, length 11
# corresponding to MSA columns:
# 712-722
name=unknown_D
#
# <colnr> <probs for GDERKNQSTAVLIFYWHMCP>
#	G	D	E	R	K	N	Q	S	T	A	V	L	I	F	Y	W	H	M	C	P
0	0.01281	0.01317	0.02523	0.09111	0.02546	0.01311	0.43367	0.01864	0.12116	0.01836	0.01553	0.06200	0.01333	0.09789	0.00946	0.00245	0.00814	0.00750	0.00361	0.00736
1	0.05370	0.01424	0.10151	0.07682	0.24485	0.04885	0.02482	0.05916	0.01416	0.05770	0.10001	0.10197	0.01768	0.00814	0.00679	0.00191	0.04899	0.00694	0.00398	0.00778
2	0.06426	0.13694	0.19048	0.05999	0.01954	0.01344	0.07490	0.01721	0.05675	0.01837	0.01488	0.01984	0.04140	0.00697	0.00591	0.00174	0.03190	0.07194	0.00342	0.15013
3	0.01254	0.01099	0.08279	0.01146	0.01438	0.00960	0.04647	0.06091	0.10036	0.08742	0.22915	0.08192	0.03073	0.01113	0.00730	0.00212	0.03233	0.15581	0.00551	0.00707
4	0.00721	0.00515	0.00686	0.00823	0.00858	0.00480	0.00549	0.00823	0.01132	0.01510	0.03259	0.78831	0.03911	0.01853	0.00755	0.00240	0.00343	0.01681	0.00549	0.00480
5	0.01477	0.00959	0.03796	0.03873	0.04496	0.00856	0.07672	0.01796	0.05828	0.22793	0.07954	0.15663	0.09982	0.01070	0.00728	0.04417	0.00502	0.00884	0.04528	0.00725
6	0.06605	0.09547	0.34495	0.01581	0.05660	0.05368	0.08684	0.01889	0.01308	0.09766	0.01376	0.08651	0.01143	0.00690	0.00567	0.00185	0.00749	0.00580	0.00347	0.00811
7	0.00845	0.00619	0.00715	0.00718	0.00896	0.00543	0.00548	0.01030	0.01404	0.05341	0.18195	0.13149	0.44302	0.01457	0.00711	0.00207	0.00333	0.07873	0.00577	0.00537
8	0.00917	0.00742	0.00946	0.01081	0.08016	0.00722	0.00725	0.01290	0.09877	0.01888	0.18663	0.21415	0.22530	0.01358	0.00700	0.00210	0.00385	0.07379	0.00552	0.00603
9	0.15171	0.01644	0.19763	0.01659	0.11368	0.01279	0.10130	0.06280	0.01386	0.05942	0.08777	0.01917	0.06002	0.00717	0.00658	0.00191	0.05355	0.00594	0.00387	0.00780
10	0.01386	0.01559	0.12759	0.06828	0.24068	0.02482	0.10463	0.05914	0.14080	0.03176	0.02816	0.05995	0.04370	0.00717	0.00615	0.00190	0.00686	0.00660	0.00392	0.00845

[dist]
# distance from previous block
# <min> <max>
0	1

[block]
# block no. 4 follows, 39 sequences, length 21
# corresponding to MSA columns:
# 724-744
name=unknown_E
#
# <colnr> <probs for GDERKNQSTAVLIFYWHMCP>
#	G	D	E	R	K	N	Q	S	T	A	V	L	I	F	Y	W	H	M	C	P
0	0.00721	0.00515	0.00686	0.00823	0.00858	0.00480	0.00549	0.00823	0.01132	0.01510	0.03259	0.78831	0.03911	0.01853	0.00755	0.00240	0.00343	0.01681	0.00549	0.00480
1	0.01092	0.13113	0.01264	0.00966	0.01111	0.03873	0.00741	0.01228	0.01196	0.05947	0.05464	0.47921	0.02894	0.01415	0.00799	0.00215	0.08491	0.01206	0.00478	0.00584
2	0.01878	0.03136	0.04930	0.03295	0.18990	0.15094	0.01294	0.15486	0.10666	0.12138	0.01426	0.01521	0.01071	0.00672	0.00663	0.00181	0.05712	0.00520	0.00442	0.00884
3	0.01540	0.71637	0.10676	0.01082	0.01626	0.02240	0.01134	0.01781	0.01206	0.01441	0.00847	0.00980	0.00758	0.00512	0.00398	0.00133	0.00657	0.00329	0.00253	0.00771
4	0.04956	0.10188	0.01925	0.01370	0.01781	0.09514	0.06195	0.32249	0.08728	0.05586	0.01323	0.01406	0.01000	0.00684	0.00676	0.00177	0.07485	0.00504	0.00464	0.03788
5	0.02060	0.01513	0.01572	0.01234	0.01647	0.04018	0.01009	0.59501	0.02494	0.03406	0.01487	0.01537	0.01081	0.00703	0.00561	0.00170	0.00603	0.00531	0.13955	0.00921
6	0.01532	0.01353	0.01332	0.01194	0.01520	0.06835	0.00927	0.05703	0.62110	0.02433	0.02233	0.02094	0.01682	0.00778	0.00585	0.00192	0.00507	0.00636	0.05457	0.00898
7	0.00935	0.00675	0.00928	0.01054	0.01195	0.00668	0.00917	0.01198	0.01360	0.01757	0.03336	0.06601	0.08558	0.01624	0.00808	0.00267	0.00527	0.66506	0.00545	0.00541
8	0.00837	0.00604	0.00790	0.00744	0.00883	0.00558	0.00558	0.01116	0.01674	0.02371	0.75216	0.04417	0.05580	0.01209	0.00697	0.00186	0.00279	0.01069	0.00651	0.00558
9	0.00745	0.00533	0.00713	0.00837	0.00886	0.00500	0.00578	0.00873	0.01187	0.01590	0.08410	0.68366	0.03995	0.01791	0.00755	0.00239	0.00353	0.06603	0.00556	0.00490
10	0.58172	0.01231	0.01069	0.00929	0.01303	0.01417	0.00755	0.10989	0.14732	0.02755	0.01189	0.01247	0.00900	0.00616	0.00438	0.00186	0.00484	0.00411	0.00438	0.00741
11	0.02248	0.01656	0.01775	0.01361	0.01834	0.01834	0.01124	0.73556	0.02780	0.03727	0.01420	0.01420	0.01006	0.00710	0.00592	0.00177	0.00651	0.00532	0.00592	0.01006
12	0.02576	0.00984	0.01331	0.01027	0.01469	0.00853	0.00846	0.02807	0.01670	0.72253	0.02313	0.02022	0.01466	0.00730	0.00586	0.00181	0.00492	0.00593	0.04818	0.00984
13	0.00892	0.00662	0.00846	0.00833	0.00985	0.00639	0.00649	0.01257	0.06760	0.02211	0.52076	0.07359	0.07770	0.01289	0.00714	0.00205	0.00342	0.13313	0.00621	0.00577
14	0.01484	0.01120	0.01884	0.01444	0.01837	0.01070	0.25758	0.04898	0.08321	0.15559	0.15290	0.02634	0.08566	0.00808	0.00646	0.00189	0.00602	0.00775	0.06346	0.00770
15	0.02611	0.01074	0.01414	0.01084	0.01543	0.00969	0.00896	0.10212	0.01805	0.68448	0.02238	0.01951	0.01416	0.00730	0.00594	0.00182	0.00519	0.00588	0.00717	0.01006
16	0.00812	0.00558	0.00683	0.00746	0.00769	0.00545	0.00475	0.00872	0.01002	0.01333	0.02500	0.33390	0.02928	0.43442	0.01972	0.00422	0.00481	0.06205	0.00446	0.00419
17	0.01633	0.01837	0.05953	0.04047	0.01743	0.30806	0.06207	0.06738	0.07604	0.03556	0.13261	0.02175	0.06968	0.00784	0.00592	0.00174	0.00740	0.00628	0.03840	0.00714
18	0.01245	0.02977	0.73151	0.01660	0.02517	0.01353	0.02132	0.01913	0.01266	0.04846	0.01112	0.01279	0.00778	0.00569	0.00563	0.00187	0.00859	0.00443	0.00269	0.00879
19	0.00784	0.00593	0.00728	0.00751	0.00888	0.00538	0.00564	0.00988	0.01436	0.01903	0.32417	0.19572	0.26450	0.01467	0.00722	0.00210	0.00325	0.08553	0.00589	0.00523
20	0.01264	0.00647	0.00695	0.00652	0.00824	0.00651	0.00496	0.04282	0.03683	0.07443	0.01900	0.02137	0.01473	0.00778	0.00552	0.05066	0.00327	0.00555	0.65979	0.00596

[dist]
# distance from previous block
# <min> <max>
0	16

[block]
# block no. 5 follows, 39 sequences, length 45
# corresponding to MSA columns:
# 761-805
name=unknown_F
#
# <colnr> <probs for GDERKNQSTAVLIFYWHMCP>
#	G	D	E	R	K	N	Q	S	T	A	V	L	I	F	Y	W	H	M	C	P
0	0.07629	0.45566	0.08331	0.01251	0.01716	0.10838	0.05954	0.01873	0.03550	0.01599	0.00923	0.01094	0.00793	0.00572	0.00550	0.00155	0.06190	0.00384	0.00282	0.00751
1	0.01347	0.12331	0.02027	0.52554	0.06568	0.06253	0.04109	0.01692	0.01255	0.04903	0.01076	0.01471	0.00824	0.00580	0.00561	0.00183	0.00775	0.00496	0.00288	0.00707
2	0.00801	0.00568	0.00753	0.00844	0.00897	0.00564	0.00597	0.00923	0.01088	0.01458	0.02737	0.42384	0.03157	0.18015	0.11072	0.00405	0.00582	0.12203	0.00479	0.00471
3	0.01592	0.53759	0.18410	0.01191	0.01767	0.03651	0.01267	0.06840	0.01347	0.04046	0.00965	0.01082	0.00797	0.00541	0.00443	0.00145	0.00690	0.00367	0.00292	0.00807
4	0.03741	0.00550	0.00696	0.00814	0.00876	0.00519	0.00559	0.00872	0.01151	0.01567	0.03368	0.68110	0.09045	0.01771	0.00739	0.00236	0.00351	0.04002	0.00542	0.00490
5	0.00718	0.00525	0.00676	0.00797	0.00851	0.00483	0.00537	0.00826	0.01158	0.01520	0.03585	0.70108	0.12424	0.01810	0.00748	0.00235	0.00338	0.01630	0.00549	0.00483
6	0.01294	0.01294	0.01811	0.01553	0.01553	0.01811	0.01294	0.01423	0.00906	0.01423	0.00776	0.01294	0.00776	0.01035	0.01941	0.00259	0.78134	0.00518	0.00259	0.00647
7	0.16404	0.01189	0.01458	0.26901	0.02346	0.01290	0.01102	0.15246	0.04313	0.04643	0.01173	0.01396	0.00883	0.00585	0.00517	0.00166	0.00603	0.00458	0.00391	0.18938
8	0.01645	0.01248	0.01340	0.01040	0.01466	0.04555	0.00836	0.25875	0.01848	0.07819	0.07304	0.01947	0.06831	0.00704	0.00544	0.00145	0.00515	0.00559	0.03319	0.30460
9	0.00854	0.00597	0.00763	0.00763	0.00804	0.00638	0.00506	0.00936	0.00895	0.01234	0.01755	0.03271	0.01890	0.50256	0.31615	0.00719	0.00965	0.00772	0.00342	0.00424
10	0.01117	0.01051	0.01774	0.77795	0.04073	0.01314	0.01642	0.01511	0.01182	0.01511	0.01051	0.01577	0.00788	0.00591	0.00591	0.00197	0.00788	0.00526	0.00263	0.00657
11	0.01435	0.01365	0.02269	0.09748	0.63998	0.01402	0.01735	0.01887	0.06731	0.01936	0.01203	0.01528	0.00988	0.00553	0.00587	0.00179	0.00693	0.00537	0.00313	0.00913
12	0.00734	0.00537	0.00694	0.00814	0.00877	0.00497	0.00565	0.00856	0.01176	0.01540	0.03597	0.64362	0.12930	0.01792	0.00752	0.00237	0.00352	0.06651	0.00549	0.00487
13	0.01102	0.00551	0.00551	0.00551	0.00689	0.00551	0.00413	0.01378	0.01240	0.02205	0.01929	0.02205	0.01516	0.00689	0.00413	0.00138	0.00276	0.00551	0.82500	0.00551
14	0.01461	0.01439	0.04261	0.01551	0.01667	0.04850	0.03678	0.06882	0.01138	0.04870	0.00921	0.01334	0.00826	0.00947	0.01638	0.00241	0.60769	0.00520	0.00307	0.00703
15	0.00766	0.00572	0.00822	0.00912	0.00977	0.00537	0.03591	0.00897	0.01160	0.01545	0.03165	0.70309	0.03749	0.01781	0.00757	0.00241	0.00385	0.06799	0.00538	0.00498
16	0.00721	0.00515	0.00686	0.00823	0.00858	0.00480	0.00549	0.00823	0.01132	0.01510	0.03259	0.78831	0.03911	0.01853	0.00755	0.00240	0.00343	0.01681	0.00549	0.00480
17	0.04489	0.01023	0.01281	0.01023	0.01435	0.00955	0.00829	0.02654	0.14348	0.49288	0.05205	0.02067	0.01629	0.00735	0.00574	0.00177	0.00472	0.00600	0.04228	0.06987
18	0.01581	0.79572	0.03099	0.01012	0.01518	0.02340	0.01012	0.01771	0.01202	0.01391	0.00822	0.00949	0.00759	0.00506	0.00379	0.00126	0.00632	0.00316	0.00253	0.00759
19	0.00833	0.00634	0.00789	0.00856	0.01012	0.00590	0.00704	0.01050	0.01371	0.01742	0.10434	0.09783	0.31410	0.01556	0.00758	0.00235	0.00417	0.34746	0.00556	0.00525
20	0.01552	0.73923	0.08493	0.01062	0.01595	0.02269	0.01099	0.01778	0.01205	0.01427	0.00840	0.00971	0.00758	0.00510	0.00393	0.00131	0.00650	0.00325	0.00253	0.00767
21	0.01186	0.03059	0.76153	0.01686	0.02560	0.01373	0.02185	0.01873	0.01249	0.01873	0.01061	0.01249	0.00749	0.00562	0.00562	0.00187	0.00874	0.00437	0.00250	0.00874
22	0.01027	0.00514	0.00770	0.00770	0.00770	0.00514	0.00514	0.00770	0.00770	0.01027	0.01027	0.01798	0.01027	0.02054	0.02311	0.82794	0.00514	0.00514	0.00257	0.00257
23	0.64855	0.01204	0.01025	0.00886	0.01265	0.01374	0.00726	0.09744	0.06883	0.05810	0.01073	0.01151	0.00804	0.00594	0.00418	0.00184	0.00481	0.00382	0.00424	0.00718
24	0.01396	0.01595	0.03490	0.02493	0.03091	0.01496	0.73380	0.01894	0.01396	0.01894	0.01196	0.01595	0.00897	0.00499	0.00698	0.00199	0.00997	0.00698	0.00299	0.00798
25	0.01232	0.00856	0.00988	0.00899	0.01153	0.00859	0.00701	0.01884	0.23107	0.11756	0.23901	0.03865	0.21070	0.01117	0.00661	0.00197	0.00381	0.04043	0.00617	0.00713
26	0.01150	0.00780	0.00943	0.00838	0.01053	0.00752	0.00646	0.11537	0.01764	0.07935	0.46252	0.07093	0.14586	0.01170	0.00677	0.00189	0.00355	0.01008	0.00630	0.00644
27	0.01076	0.00817	0.00964	0.00916	0.01118	0.00844	0.00701	0.01753	0.23930	0.04572	0.33786	0.11768	0.08512	0.01183	0.00679	0.00203	0.00369	0.05520	0.00614	0.00676
28	0.00733	0.00566	0.00674	0.00753	0.00867	0.00507	0.00544	0.00872	0.01245	0.01571	0.04401	0.41235	0.34000	0.01682	0.00737	0.00226	0.00343	0.08000	0.00549	0.00494
29	0.07222	0.18905	0.05439	0.01385	0.01776	0.24506	0.07139	0.03593	0.03720	0.10434	0.01128	0.01267	0.00886	0.00642	0.00674	0.00172	0.09548	0.00445	0.00355	0.00765
30	0.00956	0.00671	0.00846	0.00792	0.00959	0.00639	0.00597	0.01330	0.07481	0.05548	0.59510	0.07807	0.08181	0.01200	0.00688	0.00190	0.00308	0.01054	0.00641	0.00602
31	0.00730	0.00521	0.00697	0.00834	0.00872	0.00488	0.00565	0.00839	0.01141	0.01520	0.03254	0.76039	0.03892	0.01844	0.00757	0.00241	0.00351	0.04384	0.00549	0.00483
32	0.08217	0.01104	0.01481	0.01224	0.01577	0.01137	0.12124	0.02255	0.27590	0.14197	0.05194	0.05807	0.11184	0.02191	0.00662	0.00205	0.00525	0.01984	0.00544	0.00797
33	0.06510	0.01035	0.01669	0.69525	0.03746	0.01280	0.01531	0.01497	0.01169	0.01586	0.01128	0.04754	0.00909	0.00641	0.00583	0.00198	0.00748	0.00560	0.00281	0.00649
34	0.00845	0.00634	0.00950	0.00950	0.01056	0.00739	0.00739	0.01056	0.00950	0.01373	0.01584	0.02323	0.01478	0.04435	0.76873	0.00950	0.01584	0.00634	0.00317	0.00528
35	0.04947	0.00696	0.00771	0.00700	0.00913	0.00683	0.00543	0.01710	0.04682	0.15235	0.09867	0.02355	0.01919	0.00752	0.00482	0.00156	0.00333	0.00610	0.51991	0.00653
36	0.01126	0.01064	0.01776	0.73902	0.03944	0.01339	0.01625	0.01506	0.01168	0.01506	0.01037	0.01562	0.00788	0.00614	0.00660	0.00200	0.04738	0.00525	0.00263	0.00656
37	0.01347	0.02103	0.32971	0.08644	0.11286	0.07166	0.07262	0.05035	0.05513	0.01957	0.03829	0.01759	0.01169	0.00653	0.00590	0.00187	0.00781	0.03612	0.03325	0.00814
38	0.01190	0.01240	0.03939	0.01757	0.02104	0.01203	0.39545	0.01499	0.01166	0.01604	0.01374	0.02255	0.01280	0.22881	0.07385	0.00367	0.07538	0.00717	0.00313	0.00642
39	0.00860	0.00573	0.00645	0.00645	0.00645	0.00573	0.00358	0.00860	0.00860	0.01147	0.01863	0.03870	0.02150	0.79217	0.03010	0.00573	0.00573	0.00860	0.00358	0.00358
40	0.01319	0.01280	0.02343	0.10847	0.14565	0.01293	0.31207	0.01883	0.10227	0.01952	0.01536	0.02087	0.01254	0.00655	0.00633	0.00194	0.00748	0.05862	0.09339	0.00776
41	0.01809	0.10052	0.06510	0.09836	0.10947	0.06713	0.01261	0.19741	0.06839	0.12803	0.02966	0.01646	0.01165	0.00683	0.00612	0.00180	0.03143	0.01772	0.00452	0.00869
42	0.03231	0.01011	0.01173	0.00858	0.01340	0.00781	0.00680	0.01453	0.01236	0.01947	0.05515	0.01495	0.01193	0.03002	0.00534	0.00111	0.00433	0.00409	0.00369	0.73229
43	0.06909	0.07043	0.10696	0.04776	0.16498	0.06206	0.09222	0.04976	0.10125	0.06212	0.04387	0.01585	0.01187	0.00609	0.00559	0.00173	0.00681	0.00527	0.00383	0.07244
44	0.08408	0.02828	0.04844	0.04525	0.09077	0.03806	0.10385	0.03469	0.01400	0.11056	0.10680	0.09110	0.04588	0.00888	0.02116	0.00195	0.00604	0.01890	0.00445	0.09686

[dist]
# distance from previous block
# <min> <max>
7	86

[block]
# block no. 6 follows, 39 sequences, length 17
# corresponding to MSA columns:
# 895-911
name=unknown_G
#
# <colnr> <probs for GDERKNQSTAVLIFYWHMCP>
#	G	D	E	R	K	N	Q	S	T	A	V	L	I	F	Y	W	H	M	C	P
0	0.01367	0.01237	0.01814	0.21329	0.28694	0.01322	0.01398	0.05699	0.15851	0.02015	0.01534	0.01761	0.03678	0.00632	0.00579	0.00178	0.00633	0.00562	0.00377	0.09339
1	0.01454	0.01340	0.06438	0.42526	0.15286	0.04033	0.01549	0.06288	0.04420	0.09105	0.01262	0.01579	0.00932	0.00609	0.00587	0.00189	0.00739	0.00528	0.00349	0.00786
2	0.09287	0.01173	0.01782	0.20483	0.30942	0.03262	0.03889	0.01606	0.01353	0.01979	0.16525	0.02052	0.01834	0.00688	0.00591	0.00184	0.00631	0.00622	0.00368	0.00750
3	0.01392	0.08834	0.01377	0.01036	0.01304	0.06425	0.00833	0.11604	0.12543	0.05343	0.32244	0.02846	0.05059	0.00947	0.00699	0.00184	0.05289	0.00765	0.00548	0.00727
4	0.06424	0.01236	0.01934	0.12902	0.43627	0.01327	0.01494	0.01749	0.06852	0.01888	0.01376	0.09110	0.01248	0.00720	0.00675	0.00192	0.05451	0.00638	0.00340	0.00817
5	0.01444	0.01417	0.02228	0.26378	0.36958	0.06094	0.08721	0.06219	0.01410	0.01878	0.01108	0.01484	0.00880	0.00561	0.00595	0.00183	0.00778	0.00535	0.00303	0.00824
6	0.54946	0.04175	0.01152	0.00903	0.01304	0.01317	0.00751	0.09055	0.01336	0.18430	0.01206	0.01231	0.00858	0.00602	0.00438	0.00180	0.00493	0.00400	0.00462	0.00759
7	0.00860	0.00573	0.00645	0.00645	0.00645	0.00573	0.00358	0.00860	0.00860	0.01147	0.01863	0.03870	0.02150	0.79217	0.03010	0.00573	0.00573	0.00860	0.00358	0.00358
