[name]
unknown

[dist]
# distance from previous block
# <min> <max>
16	909

[block]
# block no. 0 follows, 38 sequences, length 7
# corresponding to MSA columns:
# 927-932,934
name=unknown_A
#
# <colnr> <probs for GDERKNQSTAVLIFYWHMCP>
#	G	D	E	R	K	N	Q	S	T	A	V	L	I	F	Y	W	H	M	C	P
0	0.10294	0.00606	0.00773	0.00762	0.00804	0.00627	0.00509	0.00911	0.00827	0.01253	0.01171	0.02102	0.01201	0.15378	0.02252	0.58826	0.00527	0.00562	0.00292	0.00323
1	0.04598	0.04873	0.01842	0.07934	0.02002	0.12725	0.09534	0.11612	0.08566	0.10215	0.01582	0.02121	0.01309	0.00812	0.00772	0.00202	0.09550	0.08512	0.00444	0.00794
2	0.01967	0.01393	0.09814	0.01217	0.01657	0.01231	0.01076	0.19946	0.11738	0.27831	0.02001	0.06934	0.01505	0.01144	0.07445	0.00262	0.00675	0.00658	0.00585	0.00919
3	0.83108	0.01163	0.00884	0.00791	0.01163	0.01350	0.00651	0.01768	0.01024	0.02699	0.00838	0.00977	0.00651	0.00558	0.00372	0.00186	0.00465	0.00326	0.00372	0.00651
4	0.83108	0.01163	0.00884	0.00791	0.01163	0.01350	0.00651	0.01768	0.01024	0.02699	0.00838	0.00977	0.00651	0.00558	0.00372	0.00186	0.00465	0.00326	0.00372	0.00651
5	0.01602	0.01170	0.02007	0.01764	0.11433	0.01114	0.22724	0.05749	0.01471	0.18335	0.07889	0.02405	0.01718	0.16553	0.01143	0.00271	0.00694	0.00720	0.00461	0.00777
6	0.11191	0.00958	0.01268	0.01253	0.07929	0.00953	0.05355	0.05556	0.06275	0.12583	0.12513	0.20397	0.09129	0.01097	0.00645	0.00203	0.00474	0.00959	0.00543	0.00719

[dist]
# distance from previous block
# <min> <max>
0	18

[block]
# block no. 1 follows, 38 sequences, length 21
# corresponding to MSA columns:
# 955-975
name=unknown_B
#
# <colnr> <probs for GDERKNQSTAVLIFYWHMCP>
#	G	D	E	R	K	N	Q	S	T	A	V	L	I	F	Y	W	H	M	C	P
0	0.02287	0.01685	0.01805	0.01384	0.01866	0.01866	0.01143	0.73100	0.02828	0.03791	0.01444	0.01444	0.01023	0.00722	0.00602	0.00181	0.00662	0.00542	0.00602	0.01023
1	0.06591	0.14889	0.03254	0.08686	0.01963	0.03898	0.09668	0.01938	0.09873	0.07770	0.01480	0.02069	0.01271	0.00813	0.00847	0.00205	0.15264	0.08378	0.00388	0.00755
2	0.04402	0.01352	0.02520	0.06675	0.02502	0.03280	0.40333	0.01760	0.01362	0.05026	0.01629	0.04952	0.01468	0.00820	0.00796	0.00219	0.06361	0.13435	0.00374	0.00735
3	0.01045	0.00849	0.01239	0.20930	0.01867	0.00907	0.05340	0.05627	0.01329	0.01777	0.17415	0.06014	0.06385	0.25117	0.01407	0.00318	0.00585	0.00853	0.00431	0.00568
4	0.02255	0.01588	0.01719	0.01324	0.01788	0.01740	0.01092	0.65196	0.02682	0.08194	0.01528	0.01521	0.01078	0.00723	0.00593	0.00179	0.00634	0.00547	0.04620	0.01000
5	0.02163	0.01011	0.01333	0.05328	0.01587	0.00954	0.00891	0.07221	0.06277	0.48323	0.15809	0.02453	0.02225	0.00830	0.00625	0.00188	0.00493	0.00692	0.00685	0.00914
6	0.01148	0.01055	0.01731	0.37877	0.22014	0.01196	0.01457	0.01461	0.01223	0.01646	0.01567	0.18459	0.01540	0.00886	0.00696	0.00207	0.04001	0.00793	0.00339	0.00703
7	0.01715	0.70370	0.02970	0.01047	0.01557	0.02252	0.01024	0.04863	0.01325	0.06830	0.00972	0.01063	0.00834	0.00540	0.00411	0.00135	0.00635	0.00351	0.00307	0.00801
8	0.01217	0.00708	0.01008	0.00979	0.01157	0.00645	0.04213	0.01388	0.01326	0.17851	0.03194	0.46660	0.08322	0.01522	0.00730	0.00229	0.00432	0.07205	0.00587	0.00629
9	0.01662	0.01115	0.01295	0.00991	0.01469	0.03544	0.00800	0.01998	0.05479	0.21175	0.01586	0.01779	0.01222	0.00610	0.00519	0.00132	0.00493	0.03914	0.00480	0.49735
10	0.21229	0.01194	0.01357	0.01072	0.01515	0.01203	0.00883	0.16519	0.03799	0.42438	0.01836	0.01686	0.01213	0.00699	0.00551	0.00186	0.00530	0.00530	0.00626	0.00935
11	0.01271	0.01264	0.01932	0.01603	0.01690	0.01643	0.10791	0.01448	0.00987	0.01488	0.00977	0.01614	0.00952	0.07067	0.06070	0.00319	0.57372	0.00584	0.00280	0.00650
12	0.01451	0.01276	0.01534	0.08125	0.11656	0.01453	0.01135	0.02824	0.56171	0.02340	0.02171	0.02201	0.01669	0.00781	0.00614	0.00202	0.00538	0.02402	0.00539	0.00918
13	0.01441	0.01372	0.02236	0.10846	0.55930	0.01456	0.01710	0.01907	0.07854	0.01934	0.01219	0.01556	0.01005	0.00605	0.00697	0.00189	0.06272	0.00548	0.00320	0.00902
14	0.00749	0.00540	0.00713	0.00847	0.00897	0.00504	0.00583	0.00868	0.01178	0.01559	0.03433	0.70012	0.07173	0.01852	0.00770	0.00245	0.00362	0.06664	0.00558	0.00494
15	0.01489	0.01429	0.02442	0.03692	0.75106	0.01429	0.01846	0.01846	0.01370	0.01965	0.01132	0.01489	0.00953	0.00536	0.00596	0.00179	0.00715	0.00536	0.00298	0.00953
16	0.00957	0.00732	0.00903	0.00916	0.01038	0.00787	0.00669	0.01392	0.15174	0.01635	0.02535	0.20089	0.06080	0.17768	0.21648	0.00500	0.00772	0.05367	0.00466	0.00572
17	0.01136	0.01069	0.01804	0.77412	0.04143	0.01337	0.01671	0.01537	0.01203	0.01537	0.01069	0.01604	0.00802	0.00601	0.00601	0.00200	0.00802	0.00535	0.00267	0.00668
18	0.01539	0.03844	0.06070	0.08015	0.20958	0.01415	0.33402	0.01995	0.03222	0.09495	0.01335	0.01627	0.01002	0.00561	0.00637	0.00191	0.00823	0.00614	0.02396	0.00858
19	0.18881	0.04230	0.03466	0.06675	0.01407	0.00975	0.00793	0.01550	0.04468	0.06265	0.20405	0.10854	0.03921	0.02120	0.00613	0.00189	0.00453	0.01894	0.00486	0.10354
20	0.49164	0.04193	0.05430	0.01012	0.01453	0.01331	0.03843	0.04532	0.05368	0.11880	0.01191	0.01263	0.00876	0.00593	0.00454	0.00180	0.00531	0.00414	0.00427	0.05866

[dist]
# distance from previous block
# <min> <max>
3	10

[block]
# block no. 2 follows, 38 sequences, length 13
# corresponding to MSA columns:
# 986-998
name=unknown_C
#
# <colnr> <probs for GDERKNQSTAVLIFYWHMCP>
#	G	D	E	R	K	N	Q	S	T	A	V	L	I	F	Y	W	H	M	C	P
0	0.00886	0.00587	0.00765	0.00812	0.00916	0.00537	0.00574	0.01053	0.01361	0.06316	0.24004	0.47279	0.09438	0.01601	0.00737	0.00222	0.00337	0.01432	0.00600	0.00545
1	0.04313	0.01975	0.29590	0.15444	0.13069	0.01383	0.08552	0.07900	0.01439	0.06264	0.01354	0.01587	0.03212	0.00618	0.00595	0.00191	0.00786	0.00538	0.00339	0.00850
2	0.02948	0.06025	0.19187	0.11134	0.16204	0.01237	0.01440	0.06305	0.01382	0.06375	0.01711	0.17630	0.01628	0.00897	0.00619	0.00199	0.00660	0.03240	0.00393	0.00785
3	0.01458	0.01197	0.01671	0.25634	0.14195	0.01328	0.01301	0.22782	0.01742	0.02337	0.06061	0.12715	0.01699	0.00871	0.00636	0.00198	0.00645	0.02301	0.00444	0.00786
4	0.01476	0.39188	0.06701	0.01033	0.01417	0.03446	0.00949	0.01679	0.01280	0.10851	0.01787	0.24218	0.01818	0.00958	0.00543	0.00175	0.00566	0.00781	0.00410	0.00725
5	0.00890	0.00743	0.01187	0.12364	0.04903	0.00747	0.06943	0.01093	0.01218	0.01630	0.06098	0.53636	0.03194	0.01487	0.00728	0.00229	0.00486	0.01370	0.00487	0.00567
6	0.01466	0.01141	0.01839	0.33106	0.26305	0.01214	0.01480	0.01807	0.01364	0.13194	0.04016	0.01921	0.04650	0.00663	0.00604	0.00187	0.00676	0.00594	0.00381	0.03391
7	0.13621	0.01266	0.12727	0.03426	0.01563	0.01008	0.02205	0.05217	0.02597	0.19634	0.02205	0.22097	0.04147	0.01043	0.00644	0.00208	0.01825	0.03302	0.00513	0.00753
8	0.01183	0.07599	0.55465	0.07998	0.02455	0.01354	0.01894	0.01772	0.01315	0.01904	0.10152	0.01676	0.01372	0.00652	0.00579	0.00187	0.00791	0.00524	0.00306	0.00823
9	0.00978	0.07736	0.12721	0.01264	0.08191	0.00909	0.00988	0.01256	0.03152	0.01691	0.05920	0.47147	0.02947	0.01379	0.00682	0.00216	0.00492	0.01229	0.00467	0.00634
10	0.01813	0.11549	0.22998	0.01301	0.01855	0.01367	0.01327	0.09248	0.09531	0.23708	0.01794	0.02053	0.01350	0.00750	0.00587	0.00189	0.00651	0.06524	0.00497	0.00905
11	0.06906	0.18285	0.40580	0.12164	0.02537	0.01596	0.06408	0.01824	0.01244	0.01808	0.01020	0.01257	0.00772	0.00559	0.00533	0.00180	0.00805	0.00441	0.00268	0.00813
12	0.01385	0.07901	0.02181	0.29196	0.30834	0.01457	0.04799	0.06527	0.01420	0.01917	0.05715	0.01676	0.01182	0.00612	0.00593	0.00184	0.00723	0.00560	0.00327	0.00811

[dist]
# distance from previous block
# <min> <max>
18	61

[block]
# block no. 3 follows, 38 sequences, length 8
# corresponding to MSA columns:
# 1060-1067
name=unknown_D
#
# <colnr> <probs for GDERKNQSTAVLIFYWHMCP>
#	G	D	E	R	K	N	Q	S	T	A	V	L	I	F	Y	W	H	M	C	P
0	0.01237	0.01103	0.01712	0.11565	0.35335	0.01152	0.01325	0.01664	0.09179	0.01812	0.01788	0.14370	0.01756	0.09213	0.00900	0.00242	0.00620	0.03876	0.00388	0.00763
1	0.00947	0.00635	0.00799	0.00835	0.00984	0.00564	0.00607	0.01097	0.01269	0.07753	0.03630	0.46201	0.17972	0.01594	0.00724	0.00222	0.00376	0.06674	0.00559	0.06559
2	0.00770	0.00748	0.06924	0.00887	0.01010	0.00566	0.00686	0.00929	0.01184	0.01576	0.03419	0.64490	0.11086	0.01738	0.00746	0.00236	0.00389	0.01559	0.00533	0.00524
3	0.01165	0.01144	0.07113	0.01632	0.13637	0.01015	0.08713	0.08833	0.04910	0.01958	0.02325	0.40021	0.02498	0.01243	0.00694	0.00216	0.00560	0.01143	0.00472	0.00708
4	0.01285	0.01645	0.17750	0.01775	0.14115	0.09141	0.06897	0.01626	0.01348	0.03801	0.05958	0.19025	0.02025	0.01004	0.00723	0.00207	0.04404	0.06140	0.00398	0.00734
5	0.43419	0.09554	0.01552	0.01260	0.06855	0.01464	0.07151	0.01965	0.12281	0.02328	0.01189	0.01354	0.00946	0.00844	0.05405	0.00234	0.00627	0.00449	0.00382	0.00739
6	0.09031	0.30612	0.02311	0.01486	0.09324	0.15373	0.05753	0.02134	0.01415	0.15566	0.01198	0.01289	0.00925	0.00583	0.00497	0.00159	0.00715	0.00435	0.00376	0.00817
7	0.01711	0.30010	0.16801	0.01548	0.10723	0.09689	0.01342	0.03749	0.01404	0.10841	0.01150	0.01265	0.00895	0.00569	0.00501	0.00156	0.00719	0.00422	0.00342	0.06163

[dist]
# distance from previous block
# <min> <max>
1	20

[block]
# block no. 4 follows, 38 sequences, length 15
# corresponding to MSA columns:
# 1088-1102
name=unknown_E
#
# <colnr> <probs for GDERKNQSTAVLIFYWHMCP>
#	G	D	E	R	K	N	Q	S	T	A	V	L	I	F	Y	W	H	M	C	P
0	0.01271	0.05954	0.15258	0.01104	0.01450	0.03440	0.01013	0.01765	0.12088	0.10260	0.09531	0.26497	0.05616	0.01147	0.00651	0.00205	0.00522	0.00988	0.00514	0.00726
1	0.03982	0.04415	0.10177	0.12961	0.21717	0.01151	0.01343	0.01758	0.01352	0.12716	0.04932	0.11800	0.03012	0.00827	0.00609	0.00191	0.00620	0.02374	0.00418	0.03644
2	0.06793	0.23006	0.13401	0.04878	0.12008	0.04183	0.08945	0.08386	0.02771	0.08497	0.01186	0.01345	0.00909	0.00580	0.00533	0.00171	0.00726	0.00473	0.00357	0.00852
3	0.13185	0.06490	0.00994	0.00792	0.01035	0.03456	0.00622	0.01346	0.01435	0.07138	0.25847	0.08468	0.24721	0.01153	0.00627	0.00191	0.00391	0.00955	0.00546	0.00608
4	0.06880	0.01065	0.01606	0.06485	0.06555	0.01025	0.10989	0.05679	0.01533	0.28658	0.05698	0.12463	0.06880	0.00905	0.00638	0.00198	0.00573	0.00807	0.00549	0.00813
5	0.07226	0.03861	0.01841	0.03409	0.11094	0.02931	0.06109	0.24224	0.06630	0.24095	0.01650	0.01643	0.01154	0.00675	0.00588	0.00184	0.00636	0.00556	0.00546	0.00949
6	0.01626	0.01350	0.02320	0.10632	0.50769	0.01348	0.07926	0.01983	0.01409	0.12785	0.01316	0.01595	0.01013	0.00571	0.00608	0.00184	0.00720	0.00561	0.00361	0.00922
7	0.01153	0.00718	0.01014	0.00955	0.01093	0.00789	0.00730	0.01331	0.01061	0.12310	0.01737	0.02539	0.01587	0.16372	0.49736	0.00757	0.04471	0.00673	0.00389	0.00585
8	0.07009	0.45038	0.02446	0.01230	0.04644	0.16103	0.01043	0.02082	0.01381	0.12477	0.01094	0.01170	0.00878	0.00572	0.00456	0.00148	0.00699	0.00385	0.00348	0.00795
9	0.01769	0.67669	0.02893	0.01035	0.01543	0.02159	0.01008	0.01968	0.01296	0.12362	0.01063	0.01125	0.00878	0.00549	0.00418	0.00137	0.00624	0.00364	0.00329	0.00809
10	0.02182	0.10663	0.12495	0.06578	0.04827	0.01223	0.01198	0.04885	0.01584	0.45502	0.01831	0.01732	0.01213	0.00673	0.00573	0.00180	0.00616	0.00538	0.00559	0.00947
11	0.01805	0.63653	0.02823	0.01054	0.01559	0.02133	0.01014	0.05662	0.01379	0.12485	0.01095	0.01150	0.00891	0.00559	0.00430	0.00140	0.00625	0.00375	0.00347	0.00822
12	0.10325	0.40242	0.05669	0.01046	0.01522	0.01739	0.00986	0.06235	0.01442	0.17610	0.06821	0.01508	0.01299	0.00638	0.00477	0.00158	0.00582	0.00460	0.00424	0.00818
13	0.12320	0.24910	0.14297	0.01066	0.01570	0.01469	0.01057	0.05398	0.01349	0.05679	0.05335	0.04029	0.05865	0.00686	0.00496	0.00158	0.00577	0.00517	0.00379	0.12843
14	0.06710	0.19654	0.07686	0.12368	0.01908	0.06753	0.01102	0.04139	0.04808	0.13224	0.14070	0.01946	0.01787	0.00722	0.00550	0.00174	0.00617	0.00568	0.00442	0.00772

[dist]
# distance from previous block
# <min> <max>
9	38

[block]
# block no. 5 follows, 38 sequences, length 44
# corresponding to MSA columns:
# 1141-1184
name=unknown_F
#
# <colnr> <probs for GDERKNQSTAVLIFYWHMCP>
#	G	D	E	R	K	N	Q	S	T	A	V	L	I	F	Y	W	H	M	C	P
0	0.08955	0.35038	0.06008	0.01180	0.01673	0.01977	0.01088	0.30421	0.01851	0.02510	0.01167	0.03502	0.00958	0.00646	0.00492	0.00161	0.00639	0.00458	0.00415	0.00860
1	0.01896	0.46373	0.02582	0.01180	0.01680	0.02162	0.01078	0.32006	0.01903	0.02422	0.01094	0.01168	0.00878	0.00603	0.00477	0.00151	0.00651	0.00415	0.00403	0.00878
2	0.01846	0.44613	0.07065	0.01208	0.01733	0.02121	0.01146	0.29357	0.01846	0.02363	0.01086	0.01169	0.00868	0.00598	0.00481	0.00152	0.00666	0.00414	0.00390	0.00876
3	0.01722	0.60691	0.06738	0.01129	0.01653	0.04040	0.01109	0.11910	0.01474	0.03367	0.00970	0.01075	0.00822	0.00554	0.00435	0.00141	0.00667	0.00367	0.00318	0.00817
4	0.01699	0.60581	0.07850	0.01138	0.01672	0.02224	0.01130	0.14193	0.01505	0.01861	0.00958	0.01069	0.00815	0.00555	0.00436	0.00142	0.00663	0.00368	0.00317	0.00824
5	0.01457	0.29034	0.43129	0.01445	0.02163	0.01783	0.01701	0.09329	0.01417	0.01935	0.01034	0.01184	0.00793	0.00568	0.00511	0.00168	0.00781	0.00413	0.00292	0.00863
6	0.01608	0.79220	0.03152	0.01029	0.01544	0.02380	0.01029	0.01801	0.01222	0.01415	0.00836	0.00965	0.00772	0.00515	0.00386	0.00129	0.00643	0.00322	0.00257	0.00772
7	0.01315	0.23726	0.56080	0.01529	0.02317	0.01663	0.01899	0.01877	0.01257	0.01772	0.01014	0.01187	0.00765	0.00556	0.00521	0.00174	0.00823	0.00411	0.00255	0.00857
8	0.01207	0.03112	0.75741	0.01715	0.02604	0.01397	0.02223	0.01905	0.01270	0.01905	0.01080	0.01270	0.00762	0.00572	0.00572	0.00191	0.00889	0.00445	0.00254	0.00889
9	0.02136	0.01719	0.26592	0.01279	0.01878	0.01048	0.01328	0.02528	0.01568	0.48300	0.04168	0.01859	0.01372	0.00701	0.00597	0.00188	0.00633	0.00565	0.00576	0.00964
10	0.01546	0.01999	0.39484	0.01356	0.01955	0.01070	0.01508	0.01993	0.01378	0.23166	0.01893	0.16631	0.01603	0.00879	0.00620	0.00200	0.00674	0.00739	0.00456	0.00850
11	0.00733	0.00524	0.00698	0.00838	0.00873	0.00489	0.00558	0.00838	0.01152	0.01536	0.03316	0.78466	0.03979	0.01885	0.00768	0.00244	0.00349	0.01710	0.00558	0.00489
12	0.01167	0.01113	0.06278	0.15066	0.02245	0.01028	0.16990	0.01526	0.01338	0.04978	0.02177	0.09638	0.02161	0.01204	0.02756	0.00254	0.00731	0.28252	0.00432	0.00667
13	0.01606	0.00966	0.01482	0.34412	0.04918	0.01030	0.01210	0.01898	0.01382	0.26537	0.01943	0.13936	0.01636	0.00888	0.00637	0.00205	0.00621	0.03441	0.00486	0.00765
14	0.01207	0.03112	0.75741	0.01715	0.02604	0.01397	0.02223	0.01905	0.01270	0.01905	0.01080	0.01270	0.00762	0.00572	0.00572	0.00191	0.00889	0.00445	0.00254	0.00889
15	0.00763	0.00545	0.00732	0.00872	0.00920	0.00514	0.00610	0.00889	0.01181	0.01569	0.03299	0.69460	0.03914	0.01857	0.00776	0.00248	0.00375	0.10423	0.00558	0.00497
16	0.01710	0.02407	0.50643	0.01497	0.02243	0.01224	0.01771	0.02252	0.01423	0.26758	0.01516	0.01533	0.01008	0.00630	0.00583	0.00189	0.00762	0.00499	0.00420	0.00935
17	0.01438	0.01498	0.06858	0.10519	0.63990	0.01419	0.01853	0.01821	0.01348	0.01921	0.01123	0.01486	0.00927	0.00544	0.00595	0.00181	0.00734	0.00530	0.00292	0.00922
18	0.00720	0.00610	0.00621	0.00618	0.00818	0.00511	0.00464	0.00880	0.01391	0.01673	0.10289	0.05710	0.70637	0.01506	0.00711	0.00202	0.00303	0.01259	0.00565	0.00511
19	0.01358	0.01296	0.02206	0.30945	0.48873	0.01395	0.01781	0.01732	0.01308	0.01807	0.01109	0.01531	0.00897	0.00560	0.00598	0.00187	0.00747	0.00535	0.00287	0.00848
20	0.01709	0.01367	0.05932	0.17917	0.24761	0.01281	0.14008	0.02086	0.01432	0.21305	0.01459	0.01673	0.01047	0.00601	0.00618	0.00190	0.00740	0.00580	0.00408	0.00885
21	0.01207	0.03112	0.75741	0.01715	0.02604	0.01397	0.02223	0.01905	0.01270	0.01905	0.01080	0.01270	0.00762	0.00572	0.00572	0.00191	0.00889	0.00445	0.00254	0.00889
22	0.01136	0.01069	0.01804	0.77412	0.04143	0.01337	0.01671	0.01537	0.01203	0.01537	0.01069	0.01604	0.00802	0.00601	0.00601	0.00200	0.00802	0.00535	0.00267	0.00668
23	0.01456	0.06860	0.57782	0.01619	0.02414	0.01381	0.05052	0.02051	0.01340	0.12649	0.01262	0.01383	0.00876	0.00591	0.00572	0.00187	0.00826	0.00473	0.00328	0.00899
24	0.01766	0.04631	0.43007	0.01506	0.02217	0.01250	0.05454	0.02271	0.01439	0.28298	0.01543	0.01558	0.01031	0.00628	0.00585	0.00188	0.00753	0.00512	0.00433	0.00930
25	0.01675	0.02114	0.39573	0.01533	0.04905	0.01197	0.03536	0.02236	0.05364	0.24669	0.03826	0.03943	0.01297	0.00693	0.00599	0.00191	0.00713	0.00574	0.00449	0.00913
26	0.01467	0.01232	0.04761	0.39388	0.19537	0.01271	0.05162	0.01834	0.01323	0.13178	0.01324	0.01720	0.00998	0.03450	0.00695	0.00207	0.00743	0.00564	0.00353	0.00793
27	0.01432	0.00979	0.01577	0.08354	0.06294	0.00951	0.12586	0.05500	0.01431	0.17598	0.02395	0.32082	0.03897	0.01146	0.00688	0.00213	0.00572	0.01059	0.00517	0.00730
28	0.01341	0.01186	0.01986	0.37218	0.34120	0.01300	0.01636	0.01696	0.01297	0.05492	0.01303	0.06404	0.01101	0.00661	0.00610	0.00193	0.00721	0.00613	0.00323	0.00797
29	0.01385	0.01741	0.16887	0.02992	0.46742	0.01388	0.12087	0.01818	0.01346	0.01926	0.01245	0.05390	0.01064	0.00608	0.00616	0.00188	0.00773	0.00603	0.00303	0.00896
30	0.01222	0.06927	0.51615	0.10234	0.05302	0.01412	0.07120	0.01805	0.01279	0.01826	0.01330	0.01552	0.04530	0.00614	0.00582	0.00189	0.00838	0.00512	0.00276	0.00835
31	0.01766	0.03594	0.35127	0.04001	0.03564	0.01228	0.08679	0.02243	0.01448	0.28160	0.01601	0.01722	0.01106	0.00652	0.00601	0.00191	0.00748	0.02213	0.00443	0.00913
32	0.01381	0.02485	0.52614	0.03991	0.06146	0.01290	0.05755	0.01956	0.01340	0.10569	0.03080	0.04287	0.01101	0.00651	0.00596	0.00192	0.00806	0.00547	0.00338	0.00875
33	0.01389	0.12498	0.53964	0.05692	0.02475	0.01479	0.03965	0.01961	0.01304	0.08182	0.01164	0.01327	0.00833	0.00579	0.00556	0.00183	0.00824	0.00455	0.00299	0.00872
34	0.01652	0.01410	0.14276	0.28204	0.06565	0.01164	0.04064	0.02040	0.01403	0.24948	0.01650	0.03499	0.01231	0.00718	0.00617	0.00198	0.00706	0.04388	0.00440	0.00828
35	0.01902	0.05529	0.18997	0.04094	0.16767	0.01184	0.01406	0.02265	0.01475	0.33628	0.01750	0.05581	0.01280	0.00704	0.00592	0.00186	0.00648	0.00593	0.00491	0.00927
36	0.03475	0.04332	0.32398	0.03404	0.04081	0.01118	0.02627	0.01907	0.01413	0.18221	0.09411	0.06051	0.06042	0.00817	0.00609	0.00193	0.00651	0.01979	0.00449	0.00822
37	0.01844	0.06120	0.28971	0.04254	0.02035	0.03279	0.01430	0.06996	0.05699	0.27658	0.02879	0.01760	0.02990	0.00689	0.00583	0.00185	0.00684	0.00546	0.00484	0.00914
38	0.01561	0.05552	0.46920	0.01535	0.02246	0.01275	0.05932	0.02086	0.01377	0.19190	0.01503	0.05639	0.01117	0.00677	0.00590	0.00191	0.00768	0.00561	0.00389	0.00890
39	0.01814	0.01592	0.11549	0.05812	0.13979	0.03123	0.16938	0.07679	0.01554	0.22154	0.01516	0.01715	0.01094	0.00657	0.00696	0.00194	0.04838	0.01760	0.00441	0.00896
40	0.01458	0.01399	0.08319	0.15771	0.09153	0.01276	0.22026	0.05731	0.05141	0.10102	0.01661	0.11115	0.01415	0.00773	0.00655	0.00202	0.00747	0.01844	0.00408	0.00803
41	0.01773	0.01259	0.03033	0.10352	0.08195	0.04960	0.06442	0.14314	0.01705	0.20767	0.04943	0.09985	0.01785	0.00893	0.00647	0.00200	0.00640	0.06756	0.00524	0.00828
42	0.01301	0.01730	0.20910	0.30763	0.11902	0.01415	0.07869	0.04049	0.10456	0.01907	0.01277	0.01582	0.00956	0.00608	0.00604	0.00195	0.00787	0.00545	0.00324	0.00818
43	0.01341	0.10491	0.55306	0.06273	0.02553	0.01511	0.05073	0.05526	0.01357	0.03576	0.01108	0.01301	0.00802	0.00576	0.00563	0.00185	0.00844	0.00458	0.00286	0.00870

[dist]
# distance from previous block
# <min> <max>
0	4

[block]
# block no. 6 follows, 38 sequences, length 10
# corresponding to MSA columns:
# 1189-1198
name=unknown_G
#
# <colnr> <probs for GDERKNQSTAVLIFYWHMCP>
#	G	D	E	R	K	N	Q	S	T	A	V	L	I	F	Y	W	H	M	C	P
0	0.01746	0.02083	0.36497	0.01515	0.03913	0.01243	0.05020	0.09017	0.01581	0.24034	0.03998	0.01781	0.03439	0.00684	0.00600	0.00189	0.00719	0.00562	0.00459	0.00918
1	0.01991	0.00874	0.01130	0.00918	0.01282	0.00753	0.00740	0.02208	0.01627	0.48767	0.10518	0.03278	0.21290	0.00998	0.00643	0.00191	0.00435	0.00828	0.00687	0.00842
2	0.00925	0.00620	0.00825	0.00924	0.01036	0.00585	0.00712	0.01103	0.01287	0.05830	0.03484	0.41885	0.10488	0.01707	0.00775	0.00249	0.00426	0.26029	0.00567	0.00544
3	0.01318	0.01075	0.01634	0.01451	0.04789	0.01083	0.15488	0.08624	0.13391	0.06258	0.04393	0.22974	0.05231	0.01141	0.00701	0.00217	0.00578	0.08390	0.00521	0.00741
4	0.57997	0.01265	0.01169	0.08303	0.01600	0.01458	0.00854	0.16935	0.01425	0.02820	0.00989	0.01137	0.00745	0.00597	0.00443	0.00186	0.00540	0.00392	0.00411	0.00732
5	0.02111	0.19125	0.02013	0.01439	0.01793	0.60673	0.01134	0.02274	0.01602	0.01460	0.00910	0.01059	0.00774	0.00598	0.00509	0.00149	0.00991	0.00373	0.00299	0.00713
6	0.01437	0.01173	0.01328	0.00979	0.01483	0.01011	0.00789	0.16719	0.01591	0.02330	0.01448	0.01560	0.05324	0.00569	0.00495	0.00115	0.00483	0.00450	0.00421	0.60295
7	0.01152	0.00630	0.00847	0.00887	0.01014	0.00573	0.00628	0.01284	0.01273	0.17290	0.03115	0.62194	0.03449	0.01642	0.00733	0.00232	0.00384	0.01475	0.00598	0.00603
8	0.01344	0.01050	0.01180	0.01103	0.01346	0.01147	0.00842	0.17076	0.27188	0.02374	0.02605	0.31752	0.02570	0.01250	0.00681	0.00218	0.00470	0.04449	0.00586	0.00769
9	0.05022	0.01382	0.01804	0.05742	0.01922	0.08460	0.15550	0.11420	0.05881	0.07393	0.02339	0.02436	0.16725	0.00873	0.00801	0.00201	0.10131	0.00717	0.00445	0.00755

[dist]
# distance from previous block
# <min> <max>
0	9

[block]
# block no. 7 follows, 38 sequences, length 26
# corresponding to MSA columns:
# 1208-1233
name=unknown_H
#
# <colnr> <probs for GDERKNQSTAVLIFYWHMCP>
#	G	D	E	R	K	N	Q	S	T	A	V	L	I	F	Y	W	H	M	C	P
0	0.12635	0.07502	0.06138	0.01232	0.01671	0.06425	0.01064	0.22010	0.13407	0.16675	0.01577	0.01552	0.01134	0.00701	0.00604	0.00184	0.03554	0.00514	0.00521	0.00901
1	0.38725	0.04288	0.01320	0.01099	0.03464	0.04091	0.00866	0.16882	0.09998	0.07678	0.05236	0.01500	0.01210	0.00671	0.00494	0.00184	0.00537	0.00479	0.00480	0.00799
2	0.09346	0.01609	0.01690	0.01319	0.01780	0.01791	0.01085	0.61397	0.08187	0.03596	0.01469	0.01465	0.01053	0.00715	0.00582	0.00183	0.00630	0.00533	0.00582	0.00985
3	0.27935	0.01078	0.01201	0.01011	0.01401	0.01097	0.00837	0.05650	0.06377	0.35587	0.01942	0.02243	0.01454	0.00796	0.00558	0.00198	0.00507	0.08696	0.00589	0.00846
4	0.01679	0.01415	0.02054	0.09317	0.28281	0.03545	0.07962	0.10510	0.17558	0.09135	0.01570	0.01714	0.01183	0.00645	0.00610	0.00189	0.00683	0.00586	0.00442	0.00921
5	0.00921	0.00728	0.00996	0.01214	0.09629	0.00693	0.00851	0.01151	0.01371	0.01781	0.08815	0.15304	0.22458	0.01493	0.00755	0.00235	0.00460	0.30031	0.00534	0.00580
6	0.01489	0.01429	0.02442	0.03692	0.75106	0.01429	0.01846	0.01846	0.01370	0.01965	0.01132	0.01489	0.00953	0.00536	0.00596	0.00179	0.00715	0.00536	0.00298	0.00953
7	0.01136	0.01069	0.01804	0.77412	0.04143	0.01337	0.01671	0.01537	0.01203	0.01537	0.01069	0.01604	0.00802	0.00601	0.00601	0.00200	0.00802	0.00535	0.00267	0.00668
8	0.01387	0.01261	0.02017	0.43993	0.27554	0.01429	0.01668	0.09947	0.01447	0.01942	0.01134	0.01547	0.00878	0.00594	0.00600	0.00191	0.00757	0.00536	0.00316	0.00804
9	0.01119	0.00579	0.00838	0.00835	0.00842	0.00568	0.00556	0.00842	0.00834	0.01119	0.01118	0.01923	0.01112	0.02121	0.02361	0.81548	0.00547	0.00546	0.00287	0.00304
10	0.02129	0.13686	0.01916	0.01480	0.01826	0.56259	0.01145	0.02447	0.10069	0.01655	0.01167	0.01305	0.00968	0.00676	0.00559	0.00171	0.00969	0.00437	0.00363	0.00775
11	0.01647	0.53593	0.21660	0.01256	0.01865	0.02052	0.01353	0.01950	0.01313	0.06598	0.01078	0.01220	0.00888	0.00594	0.00481	0.00162	0.00721	0.00398	0.00315	0.00855
12	0.01630	0.69522	0.11605	0.01157	0.01717	0.02290	0.01196	0.01859	0.01273	0.01542	0.00940	0.01105	0.00841	0.00571	0.00441	0.00150	0.00695	0.00361	0.00283	0.00822
13	0.01090	0.00795	0.00968	0.00876	0.01065	0.00762	0.00664	0.09533	0.01862	0.02605	0.63242	0.04245	0.07409	0.01222	0.00726	0.00202	0.00356	0.01047	0.00673	0.00657
14	0.00928	0.00671	0.00858	0.00808	0.00956	0.00613	0.00601	0.01189	0.01742	0.02471	0.73999	0.04557	0.05689	0.01271	0.00739	0.00202	0.00311	0.01104	0.00683	0.00606
15	0.00951	0.00639	0.00712	0.00709	0.00716	0.00629	0.00400	0.00932	0.00924	0.01240	0.01959	0.04006	0.02241	0.77991	0.03064	0.00592	0.00607	0.00894	0.00389	0.00406
16	0.01381	0.01313	0.02240	0.39595	0.34835	0.01426	0.06561	0.01746	0.01335	0.01818	0.01179	0.01652	0.00945	0.00615	0.00637	0.00204	0.00800	0.00570	0.00309	0.00839
17	0.05963	0.02637	0.01726	0.01560	0.01841	0.63448	0.01183	0.02301	0.01622	0.01596	0.00984	0.01210	0.00841	0.00715	0.00732	0.00183	0.09974	0.00425	0.00333	0.00728
18	0.01490	0.01667	0.03572	0.02566	0.03175	0.01556	0.72108	0.01972	0.01463	0.01991	0.01288	0.01719	0.00982	0.00557	0.00739	0.00216	0.01033	0.00731	0.00330	0.00847
19	0.02500	0.01357	0.01603	0.01254	0.01718	0.01361	0.01021	0.30781	0.07659	0.40796	0.02069	0.01915	0.01393	0.00788	0.00635	0.00199	0.00593	0.00608	0.00698	0.01051
20	0.01379	0.01249	0.01994	0.53804	0.20309	0.01435	0.01691	0.07125	0.01411	0.01877	0.01185	0.01662	0.00924	0.00644	0.00631	0.00207	0.00792	0.00558	0.00326	0.00798
21	0.23614	0.04738	0.01593	0.01434	0.05695	0.33899	0.01061	0.04945	0.04906	0.07686	0.01183	0.01328	0.00936	0.00683	0.00594	0.00187	0.03884	0.00443	0.00406	0.00787
22	0.01393	0.02979	0.69238	0.01706	0.02559	0.01394	0.02134	0.02028	0.01349	0.07595	0.01251	0.01430	0.00888	0.00633	0.00605	0.00203	0.00881	0.00481	0.00317	0.00934
23	0.05036	0.01183	0.01551	0.01246	0.05673	0.00965	0.07669	0.01617	0.01303	0.02044	0.01204	0.03265	0.01030	0.00547	0.00516	0.00127	0.00538	0.00456	0.00378	0.63652
24	0.03978	0.08529	0.39873	0.01895	0.12792	0.01433	0.06029	0.02063	0.01400	0.12552	0.02772	0.01565	0.01067	0.00644	0.00601	0.00197	0.00793	0.00520	0.00371	0.00925
25	0.03319	0.01110	0.03592	0.01310	0.06838	0.01000	0.06665	0.01641	0.09896	0.02087	0.15087	0.10352	0.07319	0.02338	0.00730	0.00195	0.03234	0.00810	0.00486	0.21991

[dist]
# distance from previous block
# <min> <max>
0	1

[block]
# block no. 8 follows, 38 sequences, length 22
# corresponding to MSA columns:
# 1236-1257
name=unknown_I
#
# <colnr> <probs for GDERKNQSTAVLIFYWHMCP>
#	G	D	E	R	K	N	Q	S	T	A	V	L	I	F	Y	W	H	M	C	P
0	0.08109	0.01563	0.10160	0.03148	0.58874	0.01392	0.01748	0.01823	0.01341	0.02033	0.03461	0.01520	0.01059	0.00564	0.00578	0.00181	0.00699	0.00527	0.00311	0.00909
1	0.01460	0.01400	0.02390	0.09718	0.69306	0.01422	0.01832	0.01821	0.01356	0.01930	0.01126	0.01498	0.00941	0.00541	0.00596	0.00180	0.00722	0.00536	0.00295	0.00930
2	0.01176	0.01110	0.01877	0.69036	0.12207	0.01347	0.01691	0.01572	0.01222	0.01586	0.01076	0.01591	0.00819	0.00594	0.00601	0.00198	0.00792	0.00535	0.00271	0.00701
3	0.00875	0.00583	0.00656	0.00656	0.00656	0.00583	0.00365	0.00875	0.00875	0.01166	0.01895	0.03937	0.02187	0.78858	0.03062	0.00583	0.00583	0.00875	0.00365	0.00365
4	0.00736	0.00610	0.00644	0.00635	0.00828	0.00518	0.00477	0.00911	0.01430	0.01764	0.18232	0.05560	0.62637	0.01472	0.00711	0.00201	0.00301	0.01238	0.00577	0.00518
5	0.02247	0.02867	0.01705	0.01550	0.01860	0.76443	0.01162	0.02402	0.01705	0.01472	0.00930	0.01085	0.00775	0.00620	0.00542	0.00155	0.01085	0.00387	0.00310	0.00697
6	0.01608	0.79220	0.03152	0.01029	0.01544	0.02380	0.01029	0.01801	0.01222	0.01415	0.00836	0.00965	0.00772	0.00515	0.00386	0.00129	0.00643	0.00322	0.00257	0.00772
7	0.01496	0.01292	0.01360	0.01224	0.01564	0.01496	0.00952	0.03197	0.74019	0.02516	0.02448	0.02244	0.01836	0.00816	0.00612	0.00204	0.00476	0.00680	0.00612	0.00952
8	0.00746	0.00601	0.00664	0.00669	0.00839	0.00519	0.00494	0.00923	0.01423	0.01796	0.21548	0.13548	0.51131	0.01496	0.00717	0.00205	0.00305	0.01277	0.00582	0.00519
9	0.01136	0.01069	0.01804	0.77412	0.04143	0.01337	0.01671	0.01537	0.01203	0.01537	0.01069	0.01604	0.00802	0.00601	0.00601	0.00200	0.00802	0.00535	0.00267	0.00668
10	0.02250	0.02779	0.01712	0.01538	0.01860	0.70915	0.01161	0.07642	0.01788	0.01644	0.00968	0.01111	0.00793	0.00627	0.00547	0.00157	0.01054	0.00399	0.00332	0.00722
11	0.01567	0.70340	0.02936	0.01014	0.01531	0.02201	0.00993	0.01769	0.01225	0.01477	0.00863	0.00997	0.00786	0.00507	0.00393	0.00124	0.00621	0.00326	0.00269	0.10063
12	0.00875	0.00583	0.00656	0.00656	0.00656	0.00583	0.00365	0.00875	0.00875	0.01166	0.01895	0.03937	0.02187	0.78858	0.03062	0.00583	0.00583	0.00875	0.00365	0.00365
13	0.01316	0.01316	0.01843	0.01579	0.01579	0.01843	0.01316	0.01448	0.00921	0.01448	0.00790	0.01316	0.00790	0.01053	0.01974	0.00263	0.77757	0.00526	0.00263	0.00658
14	0.01229	0.01153	0.01941	0.44870	0.29176	0.01300	0.01642	0.01590	0.01258	0.01690	0.01275	0.07845	0.01115	0.00683	0.00613	0.00196	0.00734	0.00631	0.00302	0.00755
15	0.01410	0.01090	0.01746	0.63169	0.03671	0.01295	0.01535	0.04886	0.01349	0.12197	0.01272	0.01660	0.00910	0.00627	0.00602	0.00198	0.00754	0.00545	0.00350	0.00735
16	0.00875	0.00583	0.00656	0.00656	0.00656	0.00583	0.00365	0.00875	0.00875	0.01166	0.01895	0.03937	0.02187	0.78858	0.03062	0.00583	0.00583	0.00875	0.00365	0.00365
17	0.00778	0.00556	0.00749	0.00889	0.00943	0.00527	0.00636	0.00915	0.01196	0.01586	0.03291	0.64884	0.03881	0.01842	0.00780	0.00250	0.00388	0.14850	0.00558	0.00501
18	0.01758	0.08324	0.04966	0.08299	0.19261	0.23533	0.09541	0.09875	0.03558	0.01939	0.01113	0.01356	0.00890	0.00602	0.00607	0.00175	0.02550	0.00495	0.00336	0.00823
19	0.01533	0.01407	0.02308	0.11568	0.48709	0.03256	0.08170	0.01999	0.06924	0.06289	0.01301	0.01595	0.01027	0.00577	0.00607	0.00185	0.00731	0.00563	0.00346	0.00905
20	0.00863	0.00628	0.00884	0.00882	0.00965	0.00702	0.00649	0.01029	0.00980	0.01389	0.05166	0.02845	0.01868	0.22336	0.55111	0.00837	0.01299	0.00721	0.00349	0.00497
21	0.00792	0.00650	0.00752	0.04382	0.01070	0.00590	0.00631	0.00988	0.01376	0.01682	0.07156	0.05774	0.53568	0.01502	0.00732	0.00219	0.00383	0.16679	0.00547	0.00527

[dist]
# distance from previous block
# <min> <max>
0	34

# created by:
# /home/berkeley/.conda/envs/busco_data_prod/bin/msa2prfl.pl pipeline/OGs_align_augustus/33634/168904.fs
