[name]
unknown

[dist]
# distance from previous block
# <min> <max>
0	143

[block]
# block no. 0 follows, 36 sequences, length 24
# corresponding to MSA columns:
# 187-210
name=unknown_A
#
# <colnr> <probs for GDERKNQSTAVLIFYWHMCP>
#	G	D	E	R	K	N	Q	S	T	A	V	L	I	F	Y	W	H	M	C	P
0	0.01205	0.01083	0.01736	0.46058	0.07591	0.01236	0.03955	0.04218	0.01349	0.01776	0.01663	0.02519	0.04531	0.00995	0.04482	0.00250	0.00795	0.09074	0.00351	0.05132
1	0.01420	0.01319	0.05738	0.09982	0.13704	0.01301	0.03700	0.11789	0.16809	0.02461	0.18176	0.03811	0.02382	0.00862	0.00657	0.00199	0.00594	0.02163	0.00513	0.02419
2	0.00971	0.00662	0.00853	0.00797	0.00968	0.00610	0.00604	0.01241	0.01677	0.06350	0.57345	0.04541	0.13600	0.01490	0.05296	0.00247	0.00394	0.01094	0.00656	0.00605
3	0.01362	0.04002	0.01609	0.17621	0.06491	0.03387	0.07110	0.01776	0.06513	0.09696	0.16066	0.07521	0.05137	0.01057	0.03616	0.00230	0.00640	0.00803	0.04626	0.00737
4	0.00903	0.05145	0.05457	0.07408	0.01317	0.00773	0.00762	0.01137	0.01395	0.01814	0.14558	0.17674	0.33037	0.01361	0.00696	0.00208	0.00421	0.01163	0.04185	0.00588
5	0.26337	0.10346	0.03207	0.01481	0.11427	0.01465	0.04237	0.08104	0.03976	0.06434	0.05009	0.01897	0.01362	0.00733	0.00589	0.00192	0.03269	0.04744	0.04396	0.00796
6	0.08225	0.04319	0.06043	0.04649	0.19047	0.04915	0.03839	0.21266	0.04490	0.09332	0.01370	0.01514	0.01027	0.00663	0.00641	0.00187	0.03469	0.00531	0.00453	0.04022
7	0.02989	0.06928	0.25540	0.02051	0.16835	0.01347	0.12899	0.01749	0.01337	0.01924	0.04122	0.08900	0.01387	0.00781	0.00694	0.03420	0.00761	0.00663	0.00336	0.05336
8	0.00788	0.00631	0.00707	0.00733	0.00894	0.00561	0.00532	0.01002	0.03623	0.01805	0.15140	0.23955	0.44198	0.01607	0.00748	0.00219	0.00330	0.01385	0.00596	0.00544
9	0.18264	0.01088	0.01343	0.01052	0.01516	0.01009	0.00869	0.02803	0.01643	0.60704	0.02149	0.01906	0.01374	0.00734	0.00580	0.00193	0.00521	0.00570	0.00696	0.00986
10	0.01328	0.02677	0.49660	0.02077	0.02895	0.01493	0.26969	0.01981	0.01370	0.01981	0.01169	0.01445	0.00845	0.00568	0.00643	0.00202	0.00967	0.00558	0.00282	0.00892
11	0.82504	0.01205	0.00916	0.00819	0.01205	0.01398	0.00675	0.01832	0.01060	0.02795	0.00868	0.01012	0.00675	0.00578	0.00386	0.00193	0.00482	0.00337	0.00386	0.00675
12	0.76320	0.01194	0.00957	0.00842	0.01235	0.01360	0.00693	0.01925	0.01116	0.08370	0.00991	0.01098	0.00742	0.00593	0.00404	0.00193	0.00486	0.00360	0.00415	0.00705
13	0.00951	0.00648	0.00750	0.00743	0.00783	0.00672	0.00461	0.01084	0.04626	0.01370	0.01961	0.03692	0.02124	0.60939	0.11686	0.00607	0.00710	0.00849	0.04902	0.00442
14	0.10179	0.01598	0.01719	0.01329	0.01815	0.01740	0.01098	0.55798	0.02590	0.13581	0.01568	0.01535	0.01089	0.00735	0.00601	0.00188	0.00644	0.00548	0.00621	0.01022
15	0.01055	0.00730	0.00885	0.00851	0.00959	0.00768	0.00588	0.01349	0.09453	0.04926	0.05448	0.03500	0.05861	0.39768	0.20614	0.00600	0.00825	0.00841	0.00439	0.00542
16	0.00863	0.00636	0.00807	0.00765	0.00920	0.00580	0.00573	0.01140	0.01720	0.02395	0.65324	0.04824	0.14507	0.01312	0.00735	0.00198	0.00297	0.01151	0.00672	0.00580
17	0.00894	0.00652	0.00923	0.00923	0.01007	0.00736	0.00681	0.01062	0.00978	0.01388	0.01740	0.02844	0.01730	0.22523	0.58019	0.00905	0.01410	0.00726	0.00344	0.00513
18	0.05163	0.06209	0.14456	0.07560	0.15314	0.02597	0.05034	0.01772	0.06683	0.03429	0.03228	0.16816	0.01840	0.00956	0.00675	0.00210	0.02217	0.04649	0.00408	0.00784
19	0.09328	0.00982	0.01267	0.01013	0.01414	0.00887	0.00824	0.02530	0.01716	0.52809	0.17743	0.02571	0.02403	0.00863	0.00629	0.00193	0.00475	0.00709	0.00719	0.00925
20	0.01284	0.01188	0.05309	0.22211	0.02341	0.01258	0.04800	0.01885	0.14805	0.04796	0.08011	0.02929	0.01976	0.05140	0.00965	0.00246	0.08841	0.10830	0.00448	0.00737
21	0.01690	0.62902	0.08274	0.01148	0.01707	0.02283	0.01156	0.08633	0.01431	0.01760	0.00954	0.01081	0.00828	0.00556	0.00437	0.00142	0.00680	0.00366	0.00304	0.03671
22	0.01685	0.03243	0.07687	0.06417	0.01762	0.01225	0.01062	0.09437	0.20525	0.17513	0.18497	0.02548	0.02439	0.00866	0.00641	0.00196	0.00538	0.00724	0.00603	0.02392
23	0.05505	0.23589	0.16265	0.07941	0.02044	0.04532	0.02759	0.07721	0.05169	0.09522	0.05402	0.04261	0.01351	0.00708	0.00555	0.00180	0.00694	0.00551	0.00410	0.00841

[dist]
# distance from previous block
# <min> <max>
1	24

[block]
# block no. 1 follows, 36 sequences, length 26
# corresponding to MSA columns:
# 235-260
name=unknown_B
#
# <colnr> <probs for GDERKNQSTAVLIFYWHMCP>
#	G	D	E	R	K	N	Q	S	T	A	V	L	I	F	Y	W	H	M	C	P
0	0.03080	0.02173	0.27497	0.15663	0.13873	0.10397	0.06924	0.01966	0.04093	0.01905	0.03576	0.01561	0.01050	0.00639	0.00652	0.00196	0.03064	0.00536	0.00314	0.00839
1	0.01666	0.01491	0.09660	0.12454	0.15783	0.01340	0.05966	0.11186	0.01603	0.13101	0.03474	0.05146	0.01296	0.00729	0.00702	0.00192	0.04946	0.00622	0.00437	0.08204
2	0.00878	0.00628	0.00818	0.00832	0.00900	0.00658	0.00579	0.01004	0.01058	0.01448	0.06397	0.10667	0.06210	0.33056	0.29870	0.00669	0.00948	0.02486	0.00413	0.00481
3	0.02412	0.00976	0.01323	0.01044	0.01458	0.00850	0.00850	0.02664	0.01779	0.60196	0.16766	0.02628	0.02411	0.00872	0.00648	0.00193	0.00483	0.00727	0.00754	0.00966
4	0.00818	0.00576	0.00754	0.00883	0.00951	0.00544	0.00631	0.00967	0.01249	0.01679	0.03488	0.58685	0.07595	0.01828	0.00782	0.00250	0.00388	0.12338	0.05070	0.00522
5	0.01542	0.01480	0.02529	0.03824	0.74217	0.01480	0.01912	0.01912	0.01419	0.02036	0.01172	0.01542	0.00987	0.00555	0.00617	0.00185	0.00740	0.00555	0.00308	0.00987
6	0.01347	0.01313	0.02322	0.25980	0.34307	0.01377	0.12648	0.01728	0.01352	0.01838	0.01483	0.01951	0.05032	0.03794	0.00748	0.00214	0.00788	0.00639	0.00317	0.00822
7	0.00921	0.00672	0.00775	0.00775	0.00979	0.00592	0.00612	0.01127	0.01493	0.05884	0.15475	0.05774	0.47011	0.01515	0.00753	0.00221	0.00372	0.13872	0.00604	0.00573
8	0.01237	0.07118	0.01465	0.23054	0.02161	0.10146	0.01088	0.03144	0.01394	0.01722	0.04924	0.18739	0.07619	0.01109	0.00664	0.00207	0.00644	0.08140	0.00428	0.04994
9	0.01099	0.00591	0.00617	0.00611	0.00760	0.00579	0.00458	0.01383	0.01374	0.02310	0.11911	0.02847	0.06341	0.00848	0.00493	0.00156	0.00292	0.00696	0.66055	0.00579
10	0.10220	0.05984	0.02728	0.02080	0.08010	0.03785	0.36620	0.03903	0.01404	0.02067	0.01137	0.01465	0.00899	0.00572	0.00710	0.00188	0.05818	0.00580	0.00333	0.11497
11	0.01752	0.20748	0.12321	0.01321	0.01833	0.01825	0.01232	0.17676	0.27822	0.04740	0.01696	0.01669	0.01279	0.00709	0.00568	0.00184	0.00639	0.00545	0.00493	0.00949
12	0.01617	0.07353	0.16583	0.04470	0.02012	0.04356	0.04327	0.12017	0.07537	0.07514	0.01494	0.04531	0.01215	0.00746	0.00702	0.00185	0.06631	0.02552	0.00426	0.13731
13	0.01372	0.07124	0.65319	0.01708	0.02567	0.04861	0.02141	0.02026	0.01349	0.04335	0.01142	0.01317	0.00815	0.00597	0.00582	0.00192	0.00904	0.00456	0.00283	0.00910
14	0.01321	0.01463	0.05511	0.07008	0.02725	0.01394	0.43666	0.01754	0.01391	0.01885	0.01728	0.04764	0.03529	0.00838	0.00856	0.00228	0.07453	0.11364	0.00362	0.00760
15	0.01148	0.01027	0.06922	0.19155	0.04067	0.00945	0.01098	0.01441	0.01368	0.08056	0.12311	0.15547	0.12286	0.01358	0.05068	0.00262	0.03736	0.03056	0.00479	0.00670
16	0.01507	0.06948	0.09386	0.04109	0.08024	0.01505	0.29815	0.01908	0.01364	0.07634	0.02374	0.01636	0.01053	0.00813	0.04026	0.00234	0.10580	0.00609	0.00346	0.06131
17	0.07742	0.01242	0.07077	0.05152	0.01656	0.01147	0.01026	0.18680	0.03441	0.14695	0.02272	0.23875	0.02160	0.01138	0.00670	0.00217	0.00564	0.05874	0.00568	0.00805
18	0.01669	0.00832	0.01042	0.00905	0.01187	0.00775	0.00707	0.02039	0.07385	0.28852	0.20397	0.08861	0.06873	0.01030	0.00640	0.00193	0.00403	0.00876	0.14554	0.00783
19	0.01397	0.11398	0.08077	0.11939	0.20896	0.01400	0.01388	0.03328	0.10222	0.04383	0.05637	0.09863	0.01794	0.00860	0.00629	0.00199	0.00647	0.04697	0.00420	0.00827
20	0.01697	0.01356	0.05246	0.17047	0.16502	0.01440	0.02992	0.02101	0.06035	0.18430	0.01456	0.01699	0.01091	0.00767	0.00967	0.00215	0.19097	0.00578	0.00418	0.00864
21	0.01250	0.03223	0.74875	0.01776	0.02697	0.01447	0.02302	0.01973	0.01315	0.01973	0.01118	0.01315	0.00789	0.00592	0.00592	0.00197	0.00921	0.00460	0.00263	0.00921
22	0.01202	0.00766	0.00913	0.00858	0.01078	0.00709	0.00663	0.05941	0.01567	0.12216	0.15093	0.10767	0.28854	0.07329	0.00921	0.00247	0.00423	0.09204	0.00609	0.00638
23	0.16529	0.12400	0.16111	0.12508	0.02314	0.01500	0.10155	0.02026	0.06003	0.09368	0.01380	0.04722	0.01086	0.00670	0.00564	0.00193	0.00716	0.00557	0.00384	0.00815
24	0.01532	0.00936	0.01110	0.03138	0.01309	0.05630	0.00782	0.01816	0.02821	0.22631	0.35081	0.05653	0.06325	0.01260	0.03895	0.00234	0.00507	0.03962	0.00647	0.00733
25	0.01324	0.06317	0.01875	0.01523	0.01565	0.01797	0.01271	0.01468	0.01009	0.01516	0.01106	0.07432	0.01164	0.01142	0.01801	0.00262	0.63512	0.02937	0.00306	0.00672

[dist]
# distance from previous block
# <min> <max>
1	6

[block]
# block no. 2 follows, 36 sequences, length 14
# corresponding to MSA columns:
# 300-313
name=unknown_C
#
# <colnr> <probs for GDERKNQSTAVLIFYWHMCP>
#	G	D	E	R	K	N	Q	S	T	A	V	L	I	F	Y	W	H	M	C	P
0	0.03429	0.15936	0.02136	0.24065	0.05933	0.09623	0.07753	0.02904	0.01388	0.06289	0.01365	0.07223	0.01194	0.00729	0.00611	0.00186	0.01942	0.02151	0.00357	0.04782
1	0.08712	0.10562	0.01979	0.01483	0.01611	0.01931	0.01255	0.05844	0.01120	0.01758	0.00869	0.01296	0.00818	0.00958	0.01614	0.00244	0.56423	0.00502	0.00303	0.00718
2	0.01651	0.08182	0.01842	0.01443	0.09183	0.01270	0.05594	0.10503	0.05122	0.09183	0.01350	0.01472	0.01044	0.00565	0.00534	0.00140	0.00582	0.00474	0.00433	0.39433
3	0.01960	0.02338	0.01793	0.01596	0.01811	0.46664	0.01245	0.02205	0.05608	0.01579	0.01005	0.01273	0.00871	0.00804	0.01062	0.00201	0.26471	0.00467	0.00323	0.00724
4	0.00794	0.00604	0.00718	0.00749	0.00876	0.00542	0.00532	0.00965	0.01415	0.01853	0.23984	0.27464	0.29281	0.06235	0.00901	0.00243	0.00341	0.01378	0.00596	0.00528
5	0.01258	0.00728	0.01002	0.01059	0.01232	0.00692	0.00864	0.01485	0.01427	0.15012	0.03186	0.26766	0.03371	0.01616	0.00799	0.00260	0.00504	0.37487	0.00611	0.00642
6	0.01361	0.01482	0.10704	0.01549	0.10765	0.01149	0.04675	0.03501	0.01332	0.02024	0.01109	0.01357	0.00910	0.00556	0.00656	0.00141	0.07424	0.00442	0.00344	0.48520
7	0.00768	0.00562	0.00722	0.00831	0.00899	0.00516	0.00567	0.00900	0.01274	0.01688	0.10454	0.62211	0.12630	0.01843	0.00783	0.00243	0.00350	0.01656	0.00589	0.00516
8	0.01052	0.00835	0.02295	0.00957	0.01121	0.02790	0.00726	0.08097	0.01453	0.03378	0.12435	0.31628	0.10888	0.02199	0.16723	0.00389	0.00693	0.01197	0.00536	0.00609
9	0.16165	0.48457	0.02490	0.01076	0.01558	0.08620	0.00991	0.02060	0.01338	0.10785	0.01073	0.01152	0.00870	0.00580	0.00440	0.00154	0.00658	0.00376	0.00355	0.00803
10	0.01040	0.00752	0.00986	0.00970	0.01103	0.00817	0.00728	0.01398	0.09828	0.04468	0.08731	0.14396	0.05239	0.09955	0.29339	0.03179	0.03203	0.02796	0.00471	0.00599
11	0.09323	0.01282	0.01824	0.01642	0.10258	0.01302	0.09860	0.07809	0.09585	0.30119	0.01837	0.01836	0.01287	0.00722	0.00696	0.00199	0.05203	0.00603	0.03672	0.00940
12	0.01041	0.00868	0.03368	0.01266	0.10154	0.00792	0.03531	0.01295	0.01430	0.03909	0.31316	0.03735	0.09449	0.14605	0.10190	0.00363	0.00624	0.00930	0.00510	0.00625
13	0.01265	0.01317	0.10513	0.13006	0.02026	0.01166	0.05386	0.10081	0.11933	0.02336	0.21560	0.09024	0.05786	0.00988	0.00677	0.00205	0.00582	0.00865	0.00519	0.00764

[dist]
# distance from previous block
# <min> <max>
0	19

[block]
# block no. 3 follows, 36 sequences, length 12
# corresponding to MSA columns:
# 333-344
name=unknown_D
#
# <colnr> <probs for GDERKNQSTAVLIFYWHMCP>
#	G	D	E	R	K	N	Q	S	T	A	V	L	I	F	Y	W	H	M	C	P
0	0.21074	0.04216	0.01658	0.08708	0.04696	0.03254	0.10035	0.02118	0.10911	0.12921	0.03892	0.04942	0.02664	0.00847	0.02561	0.00218	0.00643	0.00628	0.03219	0.00796
1	0.01537	0.04269	0.01599	0.01399	0.05963	0.06767	0.05727	0.17857	0.06434	0.02135	0.01838	0.06155	0.05405	0.08446	0.02466	0.13226	0.04505	0.03124	0.00440	0.00709
2	0.01153	0.01753	0.29973	0.01250	0.01727	0.01066	0.01321	0.01761	0.10602	0.03988	0.14613	0.05147	0.08994	0.06361	0.04914	0.00276	0.00682	0.03203	0.00459	0.00758
3	0.08342	0.00892	0.01057	0.00948	0.01192	0.03874	0.00743	0.01767	0.01377	0.20697	0.11776	0.02533	0.02072	0.04717	0.25300	0.00466	0.00866	0.00679	0.09996	0.00704
4	0.00936	0.00735	0.01101	0.16538	0.01684	0.00840	0.00894	0.01165	0.01114	0.01536	0.06648	0.11021	0.02066	0.11704	0.38465	0.00654	0.01136	0.00825	0.00378	0.00560
5	0.00877	0.00823	0.07050	0.01014	0.01163	0.00649	0.00841	0.01100	0.01312	0.01766	0.08462	0.46454	0.03825	0.01724	0.00792	0.00253	0.00462	0.20310	0.00559	0.00566
6	0.01003	0.00609	0.00815	0.00889	0.00985	0.00559	0.00618	0.01141	0.01305	0.10055	0.08790	0.63344	0.03961	0.01764	0.00771	0.00242	0.00376	0.01590	0.00609	0.00576
7	0.00912	0.00620	0.00744	0.00775	0.00804	0.00621	0.00502	0.00971	0.01010	0.01343	0.02257	0.09013	0.02567	0.59051	0.04876	0.00544	0.00617	0.11931	0.00420	0.00422
8	0.01285	0.01443	0.12980	0.01058	0.01670	0.00928	0.00987	0.01633	0.01296	0.02021	0.01109	0.01296	0.00902	0.00482	0.00482	0.00109	0.00534	0.00384	0.00352	0.69047
9	0.00903	0.00681	0.00985	0.08969	0.01365	0.00747	0.00806	0.01097	0.01112	0.01515	0.02265	0.21757	0.02430	0.12205	0.31896	0.00603	0.01003	0.08701	0.00421	0.00538
10	0.00958	0.00652	0.00830	0.00885	0.01028	0.00646	0.00715	0.01210	0.01366	0.01925	0.10270	0.08881	0.13060	0.01868	0.11053	0.00334	0.00590	0.25677	0.17490	0.00564
11	0.05534	0.01989	0.22198	0.01426	0.02026	0.07258	0.05286	0.11360	0.08940	0.08735	0.01413	0.01499	0.01038	0.00626	0.00571	0.00172	0.00716	0.00498	0.00429	0.18285

[dist]
# distance from previous block
# <min> <max>
1	2

[block]
# block no. 4 follows, 36 sequences, length 12
# corresponding to MSA columns:
# 347-358
name=unknown_E
#
# <colnr> <probs for GDERKNQSTAVLIFYWHMCP>
#	G	D	E	R	K	N	Q	S	T	A	V	L	I	F	Y	W	H	M	C	P
0	0.12631	0.01577	0.01634	0.01314	0.01762	0.01770	0.01070	0.46387	0.19582	0.03461	0.01664	0.01632	0.01212	0.00749	0.00595	0.00194	0.00613	0.00566	0.00595	0.00992
1	0.00768	0.00549	0.00731	0.00861	0.00906	0.00512	0.00579	0.00891	0.01236	0.01659	0.08779	0.72155	0.04254	0.01901	0.00791	0.00249	0.00356	0.01722	0.00587	0.00512
2	0.01179	0.01103	0.01886	0.57890	0.06427	0.01302	0.07261	0.01548	0.01226	0.01592	0.01234	0.01973	0.01033	0.10725	0.00964	0.00259	0.00815	0.00614	0.00294	0.00674
3	0.03134	0.27701	0.10399	0.05559	0.10320	0.01783	0.10704	0.06220	0.01382	0.04030	0.01167	0.01557	0.00997	0.06897	0.00848	0.00213	0.05429	0.00520	0.00327	0.00814
4	0.01015	0.01222	0.14896	0.01320	0.04017	0.00900	0.05753	0.01360	0.01319	0.01849	0.12985	0.14356	0.02720	0.02102	0.19581	0.00423	0.00877	0.12198	0.00447	0.00658
5	0.00768	0.00614	0.00687	0.00708	0.00871	0.00533	0.00516	0.00941	0.01437	0.01815	0.18206	0.20546	0.46967	0.01599	0.00748	0.00217	0.00321	0.01374	0.00598	0.00533
6	0.01802	0.46445	0.02716	0.01565	0.11156	0.19754	0.01205	0.02094	0.05086	0.01613	0.01015	0.01168	0.00881	0.00578	0.00479	0.00151	0.00776	0.00397	0.00304	0.00815
7	0.01619	0.08379	0.02095	0.09103	0.06969	0.01418	0.15128	0.09528	0.09456	0.11581	0.04290	0.02386	0.11337	0.00812	0.00688	0.00198	0.02970	0.00718	0.00479	0.00844
8	0.08174	0.01030	0.01411	0.22258	0.04791	0.01108	0.01090	0.08261	0.01472	0.18728	0.01894	0.13994	0.01663	0.05817	0.05324	0.00280	0.00679	0.00776	0.00490	0.00763
9	0.01052	0.01218	0.10704	0.10237	0.04071	0.04685	0.01015	0.01381	0.03402	0.01834	0.10394	0.16578	0.22114	0.01176	0.00676	0.00202	0.00535	0.01007	0.00474	0.07244
10	0.08080	0.01210	0.03902	0.02964	0.10935	0.04371	0.02684	0.13059	0.01576	0.08943	0.04636	0.22072	0.02153	0.09473	0.00930	0.00251	0.00592	0.00920	0.00500	0.00749
11	0.01372	0.11564	0.09547	0.12689	0.02378	0.03628	0.17957	0.04166	0.08806	0.01855	0.01564	0.09453	0.01416	0.07053	0.00893	0.00235	0.03569	0.00721	0.00371	0.00763

[dist]
# distance from previous block
# <min> <max>
0	30

[block]
# block no. 5 follows, 36 sequences, length 15
# corresponding to MSA columns:
# 391-405
name=unknown_F
#
# <colnr> <probs for GDERKNQSTAVLIFYWHMCP>
#	G	D	E	R	K	N	Q	S	T	A	V	L	I	F	Y	W	H	M	C	P
0	0.12166	0.06655	0.01523	0.06741	0.09828	0.01261	0.01014	0.03244	0.16084	0.13715	0.09765	0.04414	0.05155	0.00834	0.00597	0.00193	0.00532	0.01687	0.00525	0.04067
1	0.01419	0.00934	0.01193	0.10191	0.01595	0.00907	0.00822	0.04845	0.03842	0.12869	0.01753	0.04767	0.01530	0.16020	0.09043	0.00335	0.00668	0.00649	0.06751	0.19868
2	0.00903	0.00600	0.00774	0.00823	0.00903	0.00569	0.00592	0.00947	0.01173	0.01522	0.07008	0.19351	0.17044	0.11033	0.01508	0.21751	0.00459	0.12113	0.00478	0.00448
3	0.01584	0.08852	0.01706	0.04881	0.06683	0.03667	0.01014	0.16004	0.08219	0.02407	0.06501	0.01669	0.01379	0.00639	0.00545	0.00148	0.00575	0.00512	0.00447	0.32571
4	0.05670	0.02577	0.52273	0.01547	0.02323	0.01322	0.03528	0.01932	0.03921	0.02065	0.01198	0.01385	0.00882	0.00585	0.00559	0.00180	0.00789	0.00461	0.03824	0.12980
5	0.05026	0.07051	0.10622	0.18206	0.07361	0.01352	0.09176	0.05255	0.04317	0.10899	0.03898	0.07310	0.01518	0.00801	0.00634	0.00204	0.00712	0.04419	0.00427	0.00814
6	0.01492	0.14426	0.17762	0.04787	0.02118	0.01426	0.13452	0.01858	0.01374	0.10872	0.05821	0.04233	0.01542	0.00867	0.00810	0.03904	0.06069	0.06000	0.00396	0.00790
7	0.00965	0.00649	0.00788	0.00770	0.00932	0.00581	0.00561	0.01159	0.01496	0.07596	0.29744	0.17961	0.25905	0.06948	0.00912	0.00240	0.00353	0.01246	0.00618	0.00576
8	0.01081	0.00694	0.00899	0.02308	0.01091	0.00672	0.00670	0.06178	0.01379	0.07452	0.07284	0.48342	0.06423	0.03212	0.00935	0.06507	0.00425	0.03298	0.00570	0.00579
9	0.05361	0.23021	0.12556	0.16454	0.06343	0.05141	0.06569	0.07345	0.03960	0.01963	0.03514	0.01473	0.01046	0.00630	0.00582	0.00181	0.02209	0.00500	0.00337	0.00816
10	0.00919	0.00695	0.00869	0.04299	0.01162	0.00670	0.00710	0.04405	0.01428	0.01838	0.09712	0.25067	0.25797	0.01624	0.00834	0.03490	0.00427	0.14933	0.00562	0.00558
11	0.00887	0.00607	0.00714	0.00742	0.00770	0.00596	0.00463	0.00939	0.01032	0.01369	0.04824	0.14099	0.05343	0.56846	0.02511	0.00505	0.00549	0.06345	0.00437	0.00422
12	0.04078	0.06600	0.07533	0.12168	0.04335	0.01077	0.03402	0.01399	0.01266	0.03955	0.08734	0.25465	0.02422	0.01554	0.09001	0.00304	0.04638	0.00973	0.00434	0.00662
13	0.22090	0.11923	0.07884	0.01930	0.15225	0.01571	0.17362	0.02063	0.04748	0.07804	0.01235	0.01431	0.00945	0.00585	0.00556	0.00189	0.00721	0.00517	0.00372	0.00850
14	0.00867	0.00678	0.00794	0.00788	0.00960	0.00630	0.00592	0.01193	0.06658	0.02065	0.31911	0.13477	0.30934	0.01457	0.00741	0.00213	0.00337	0.04499	0.00624	0.00583

[dist]
# distance from previous block
# <min> <max>
0	3

[block]
# block no. 6 follows, 36 sequences, length 9
# corresponding to MSA columns:
# 409-417
name=unknown_G
#
# <colnr> <probs for GDERKNQSTAVLIFYWHMCP>
#	G	D	E	R	K	N	Q	S	T	A	V	L	I	F	Y	W	H	M	C	P
0	0.06353	0.00748	0.00848	0.00798	0.01007	0.00732	0.00612	0.04950	0.01475	0.12163	0.09992	0.15089	0.06581	0.01062	0.00589	0.00188	0.00377	0.03106	0.32669	0.00660
1	0.01469	0.09050	0.06794	0.25311	0.06676	0.01577	0.14462	0.12016	0.04719	0.02083	0.01388	0.06827	0.01162	0.00724	0.00674	0.00201	0.03032	0.00651	0.00371	0.00813
2	0.36338	0.01162	0.01248	0.01006	0.01448	0.01179	0.00830	0.06635	0.01547	0.40186	0.01731	0.01617	0.01148	0.00689	0.00525	0.00192	0.00519	0.00501	0.00600	0.00898
3	0.00973	0.00673	0.00852	0.00822	0.00982	0.00628	0.00610	0.01287	0.04860	0.05845	0.49112	0.16780	0.11458	0.01371	0.00735	0.00207	0.00328	0.01208	0.00660	0.00610
4	0.10118	0.01145	0.01705	0.10239	0.13665	0.01137	0.06582	0.02180	0.01484	0.30719	0.02085	0.07042	0.05544	0.00813	0.00662	0.00202	0.02579	0.00699	0.00529	0.00873
5	0.01590	0.01585	0.22467	0.01236	0.01658	0.01078	0.01208	0.05588	0.01397	0.20770	0.01916	0.11043	0.01703	0.17237	0.01272	0.00293	0.05934	0.00762	0.00476	0.00785
6	0.00849	0.00599	0.00774	0.00891	0.00974	0.00569	0.00658	0.01013	0.01268	0.01696	0.03504	0.45892	0.09915	0.05059	0.00886	0.00266	0.00416	0.18664	0.05580	0.00524
7	0.01363	0.01363	0.01908	0.01636	0.01636	0.01908	0.01363	0.01499	0.00954	0.01499	0.00818	0.01363	0.00818	0.01091	0.02045	0.00273	0.76963	0.00545	0.00273	0.00682
8	0.02075	0.10165	0.12580	0.01549	0.09206	0.04277	0.01284	0.15550	0.04741	0.26149	0.01828	0.03455	0.02872	0.00735	0.00599	0.00186	0.00666	0.00586	0.00534	0.00963

[dist]
# distance from previous block
# <min> <max>
1	3

[block]
# block no. 7 follows, 36 sequences, length 16
# corresponding to MSA columns:
# 421-436
name=unknown_H
#
# <colnr> <probs for GDERKNQSTAVLIFYWHMCP>
#	G	D	E	R	K	N	Q	S	T	A	V	L	I	F	Y	W	H	M	C	P
0	0.20865	0.01301	0.01437	0.01120	0.01567	0.05573	0.05539	0.05301	0.01376	0.07806	0.01195	0.01361	0.00933	0.00590	0.00582	0.00153	0.05137	0.00436	0.03696	0.34032
1	0.00833	0.00610	0.00790	0.00867	0.00951	0.00600	0.00627	0.00977	0.01183	0.01560	0.03309	0.33754	0.13469	0.13437	0.14310	0.00434	0.00649	0.10624	0.00505	0.00508
2	0.02036	0.01097	0.01373	0.06316	0.01664	0.01101	0.00934	0.12653	0.10933	0.33322	0.14071	0.02458	0.02192	0.00847	0.00632	0.00193	0.00514	0.00702	0.06046	0.00915
3	0.01363	0.01363	0.01908	0.01636	0.01636	0.01908	0.01363	0.01499	0.00954	0.01499	0.00818	0.01363	0.00818	0.01091	0.02045	0.00273	0.76963	0.00545	0.00273	0.00682
4	0.06686	0.01087	0.01719	0.62996	0.03742	0.01317	0.01547	0.01702	0.01273	0.06764	0.01226	0.01679	0.00903	0.00635	0.00599	0.00203	0.00763	0.00546	0.03901	0.00712
5	0.01666	0.78478	0.03265	0.01066	0.01599	0.02465	0.01066	0.01866	0.01266	0.01466	0.00866	0.00999	0.00800	0.00533	0.00400	0.00133	0.00666	0.00333	0.00267	0.00800
6	0.00761	0.00615	0.00677	0.00698	0.00866	0.00531	0.00509	0.00927	0.01423	0.01776	0.14979	0.19752	0.51090	0.01609	0.00748	0.00217	0.00322	0.01378	0.00593	0.00531
7	0.01542	0.01480	0.02529	0.03824	0.74217	0.01480	0.01912	0.01912	0.01419	0.02036	0.01172	0.01542	0.00987	0.00555	0.00617	0.00185	0.00740	0.00555	0.00308	0.00987
8	0.01209	0.00962	0.01146	0.00899	0.01324	0.00751	0.00697	0.01452	0.01327	0.04653	0.06135	0.14627	0.04928	0.00821	0.00552	0.00134	0.00431	0.00702	0.00447	0.56802
9	0.01440	0.18167	0.55427	0.01587	0.02400	0.01614	0.01958	0.02025	0.01338	0.06905	0.01160	0.01308	0.00843	0.00593	0.00556	0.00184	0.00843	0.00446	0.00299	0.00906
10	0.02327	0.02970	0.01766	0.01605	0.01926	0.75602	0.01204	0.02488	0.01766	0.01525	0.00963	0.01124	0.00803	0.00642	0.00562	0.00161	0.01124	0.00401	0.00321	0.00722
11	0.00841	0.00635	0.00776	0.00741	0.00906	0.00571	0.00556	0.01097	0.01668	0.02271	0.54991	0.05029	0.24918	0.01359	0.00735	0.00200	0.00300	0.01179	0.00656	0.00571
12	0.00833	0.00595	0.00808	0.00952	0.01020	0.00570	0.00707	0.00995	0.01266	0.01673	0.03393	0.56422	0.03960	0.01883	0.00815	0.00263	0.00425	0.22319	0.00577	0.00526
13	0.00869	0.00705	0.01108	0.01069	0.01193	0.00660	0.10003	0.01030	0.01230	0.01639	0.05058	0.55480	0.07014	0.08612	0.00998	0.00275	0.00471	0.01516	0.00528	0.00542
14	0.07130	0.21613	0.06661	0.01520	0.05415	0.03506	0.05951	0.22745	0.04919	0.02448	0.01187	0.01348	0.00941	0.00679	0.00705	0.00183	0.09051	0.00488	0.00406	0.03104
15	0.04222	0.16397	0.11070	0.04840	0.06630	0.08822	0.01315	0.05946	0.01375	0.05393	0.01261	0.07505	0.01138	0.00813	0.00873	0.00196	0.16995	0.00571	0.00355	0.04283

[dist]
# distance from previous block
# <min> <max>
1	27

[block]
# block no. 8 follows, 36 sequences, length 15
# corresponding to MSA columns:
# 464-475,477-479
name=unknown_I
#
# <colnr> <probs for GDERKNQSTAVLIFYWHMCP>
#	G	D	E	R	K	N	Q	S	T	A	V	L	I	F	Y	W	H	M	C	P
0	0.03888	0.10147	0.21658	0.15471	0.05320	0.01646	0.04185	0.10056	0.13497	0.02179	0.01354	0.01551	0.01027	0.00673	0.00663	0.00197	0.04708	0.00531	0.00377	0.00872
1	0.01434	0.00970	0.01197	0.00926	0.01343	0.00773	0.00719	0.01598	0.01268	0.11848	0.01411	0.05527	0.01205	0.00888	0.00856	0.14787	0.00480	0.00509	0.00418	0.51843
2	0.00922	0.00732	0.00961	0.01091	0.08171	0.00691	0.00711	0.01225	0.04882	0.02097	0.34448	0.19427	0.19508	0.01387	0.00731	0.00210	0.00366	0.01223	0.00601	0.00616
3	0.00769	0.00546	0.00720	0.00855	0.00889	0.00513	0.00565	0.00870	0.01174	0.01565	0.03337	0.72846	0.03999	0.06969	0.00952	0.00276	0.00377	0.01714	0.00565	0.00498
4	0.01177	0.00960	0.01092	0.01071	0.01317	0.01027	0.00861	0.02071	0.32155	0.02199	0.09246	0.04624	0.16506	0.01282	0.00730	0.00233	0.00467	0.21629	0.00610	0.00742
5	0.01666	0.78478	0.03265	0.01066	0.01599	0.02465	0.01066	0.01866	0.01266	0.01466	0.00866	0.00999	0.00800	0.00533	0.00400	0.00133	0.00666	0.00333	0.00267	0.00800
6	0.00875	0.00591	0.00689	0.00719	0.00727	0.00583	0.00420	0.00898	0.00967	0.01289	0.02274	0.19634	0.02657	0.62012	0.02669	0.00530	0.00553	0.01089	0.00420	0.00405
7	0.82504	0.01205	0.00916	0.00819	0.01205	0.01398	0.00675	0.01832	0.01060	0.02795	0.00868	0.01012	0.00675	0.00578	0.00386	0.00193	0.00482	0.00337	0.00386	0.00675
8	0.02368	0.01745	0.01870	0.01434	0.01932	0.01932	0.01184	0.72139	0.02929	0.03927	0.01496	0.01496	0.01060	0.00748	0.00623	0.00187	0.00686	0.00561	0.00623	0.01060
9	0.01421	0.00784	0.01008	0.00912	0.01154	0.00733	0.00723	0.01775	0.05535	0.20140	0.35982	0.04044	0.06285	0.01146	0.00694	0.00203	0.00397	0.09128	0.07216	0.00721
10	0.14058	0.01110	0.01206	0.03975	0.01470	0.01194	0.00846	0.10183	0.21625	0.10184	0.16080	0.02855	0.10794	0.00944	0.00624	0.00201	0.00472	0.00769	0.00598	0.00813
11	0.07817	0.01424	0.15000	0.03676	0.01743	0.01048	0.06182	0.01729	0.06488	0.05757	0.04380	0.05051	0.07456	0.08438	0.00854	0.00224	0.00608	0.03836	0.00429	0.17862
12	0.28860	0.00928	0.00979	0.00875	0.01165	0.00937	0.00671	0.01813	0.01296	0.22641	0.02340	0.14730	0.07830	0.11221	0.00920	0.00259	0.00478	0.00812	0.00541	0.00704
13	0.08011	0.32540	0.05980	0.06225	0.04045	0.01771	0.01100	0.01980	0.12316	0.01932	0.05400	0.01588	0.01302	0.00672	0.00579	0.00170	0.04724	0.00489	0.04174	0.05002
14	0.01151	0.00960	0.05745	0.08187	0.01536	0.00842	0.03501	0.01444	0.01548	0.09782	0.32723	0.06816	0.16967	0.01163	0.00774	0.00206	0.04421	0.00994	0.00570	0.00668

[dist]
# distance from previous block
# <min> <max>
0	1

[block]
# block no. 9 follows, 36 sequences, length 25
# corresponding to MSA columns:
# 481-505
name=unknown_J
#
# <colnr> <probs for GDERKNQSTAVLIFYWHMCP>
#	G	D	E	R	K	N	Q	S	T	A	V	L	I	F	Y	W	H	M	C	P
0	0.04790	0.00625	0.00713	0.00758	0.00898	0.00571	0.00543	0.00974	0.01367	0.01830	0.15555	0.33946	0.31957	0.01629	0.00742	0.00224	0.00339	0.01418	0.00586	0.00535
1	0.05650	0.01681	0.03826	0.04533	0.14121	0.12263	0.03889	0.19185	0.12195	0.06332	0.01587	0.05603	0.01275	0.00741	0.00609	0.00188	0.00711	0.00609	0.00477	0.04525
2	0.05105	0.07833	0.01811	0.04888	0.11118	0.13408	0.01178	0.14250	0.23202	0.05829	0.01651	0.01695	0.01256	0.00706	0.00582	0.00186	0.00681	0.00554	0.03159	0.00906
3	0.01245	0.01189	0.02049	0.62354	0.14764	0.01407	0.04893	0.01658	0.01282	0.01677	0.01124	0.01644	0.00859	0.00608	0.00627	0.00204	0.00827	0.00562	0.00283	0.00743
4	0.05870	0.12999	0.02094	0.17523	0.05586	0.04295	0.07394	0.17012	0.03285	0.12533	0.01412	0.01614	0.01052	0.02237	0.00634	0.00194	0.00718	0.00543	0.02143	0.00863
5	0.01574	0.56582	0.15659	0.01310	0.01909	0.02185	0.06355	0.01956	0.04378	0.01641	0.01010	0.01160	0.00856	0.00556	0.00467	0.00153	0.00731	0.00400	0.00285	0.00832
6	0.02095	0.00895	0.01165	0.00947	0.01311	0.00785	0.00763	0.02339	0.01684	0.47617	0.12998	0.02968	0.10863	0.00934	0.00634	0.00190	0.00444	0.00775	0.09717	0.00876
7	0.00878	0.06517	0.06635	0.03634	0.01212	0.00754	0.00787	0.01052	0.01210	0.01611	0.02985	0.63491	0.03504	0.01696	0.00744	0.00238	0.00443	0.01522	0.00521	0.00566
8	0.01442	0.04593	0.01531	0.10326	0.12000	0.11060	0.01123	0.01785	0.06298	0.08134	0.05414	0.20791	0.02285	0.01111	0.00707	0.00214	0.02300	0.07680	0.00475	0.00733
9	0.01238	0.00874	0.06352	0.00944	0.01177	0.00677	0.00765	0.01456	0.01446	0.17016	0.15138	0.35870	0.11670	0.01449	0.00728	0.00222	0.00421	0.01276	0.00613	0.00668
10	0.01512	0.01729	0.13762	0.02089	0.02692	0.01384	0.43910	0.02059	0.04567	0.09639	0.04390	0.02077	0.05755	0.00668	0.00698	0.00206	0.00879	0.00732	0.00399	0.00853
11	0.01493	0.25604	0.47792	0.01512	0.02283	0.01711	0.01825	0.02022	0.01336	0.07392	0.01145	0.01283	0.00850	0.00588	0.00537	0.00178	0.00815	0.00435	0.00303	0.00895
12	0.01452	0.13601	0.16116	0.05457	0.05289	0.08884	0.08068	0.03416	0.05446	0.01857	0.07184	0.01880	0.01429	0.03718	0.02327	0.00228	0.10686	0.01830	0.00353	0.00781
13	0.02474	0.01014	0.01334	0.01045	0.01487	0.00884	0.00856	0.04528	0.01759	0.61815	0.03013	0.02687	0.12424	0.00892	0.00643	0.00195	0.00502	0.00728	0.00738	0.00980
14	0.02422	0.01612	0.12632	0.01316	0.01870	0.01331	0.01213	0.25693	0.02091	0.40365	0.01939	0.01793	0.01270	0.00737	0.00620	0.00192	0.00640	0.00580	0.00646	0.01039
15	0.01291	0.01373	0.05176	0.05819	0.13247	0.01260	0.33205	0.01742	0.03240	0.02001	0.07045	0.02661	0.11062	0.00789	0.00694	0.00204	0.00771	0.03309	0.04329	0.00781
16	0.01344	0.01359	0.01637	0.03353	0.01620	0.11742	0.03729	0.01528	0.01125	0.01515	0.01230	0.01977	0.01185	0.04827	0.20278	0.00450	0.36462	0.03679	0.00314	0.00645
17	0.01976	0.01522	0.01619	0.01324	0.01746	0.01710	0.01067	0.40662	0.31393	0.03311	0.01945	0.01874	0.01429	0.00786	0.00618	0.00195	0.00588	0.00620	0.04609	0.01006
18	0.01864	0.01494	0.01586	0.01331	0.01740	0.01696	0.01062	0.29695	0.46196	0.03112	0.02137	0.02007	0.01579	0.00808	0.00630	0.00202	0.00567	0.00649	0.00630	0.01014
19	0.01077	0.00843	0.01349	0.01275	0.01497	0.00806	0.11560	0.01367	0.01439	0.04268	0.06712	0.13742	0.09379	0.01501	0.00810	0.00257	0.00584	0.40366	0.00548	0.00619
20	0.02056	0.01210	0.01456	0.01173	0.01613	0.01169	0.00969	0.20074	0.06563	0.27493	0.02093	0.02559	0.01635	0.00855	0.00631	0.00188	0.00561	0.11006	0.00620	0.16078
21	0.00890	0.00668	0.01001	0.01001	0.01113	0.00779	0.00779	0.01113	0.01001	0.01446	0.01669	0.02448	0.01558	0.04673	0.75634	0.01001	0.01669	0.00668	0.00334	0.00556
22	0.01177	0.01107	0.01869	0.76606	0.04291	0.01384	0.01730	0.01592	0.01246	0.01592	0.01107	0.01661	0.00831	0.00623	0.00623	0.00208	0.00831	0.00554	0.00277	0.00692
23	0.02527	0.01069	0.01418	0.01075	0.01570	0.00901	0.00884	0.02774	0.01695	0.61666	0.02217	0.01973	0.01432	0.00716	0.00597	0.00175	0.00518	0.00581	0.00699	0.15514
24	0.01292	0.01107	0.01292	0.00923	0.01477	0.00831	0.00738	0.01569	0.01292	0.02030	0.01107	0.01292	0.00923	0.00461	0.00461	0.00092	0.00461	0.00369	0.00369	0.81912

[dist]
# distance from previous block
# <min> <max>
0	12

[block]
# block no. 10 follows, 36 sequences, length 6
# corresponding to MSA columns:
# 518-523
name=unknown_K
#
# <colnr> <probs for GDERKNQSTAVLIFYWHMCP>
#	G	D	E	R	K	N	Q	S	T	A	V	L	I	F	Y	W	H	M	C	P
0	0.01250	0.03223	0.74875	0.01776	0.02697	0.01447	0.02302	0.01973	0.01315	0.01973	0.01118	0.01315	0.00789	0.00592	0.00592	0.00197	0.00921	0.00460	0.00263	0.00921
1	0.00801	0.00572	0.00771	0.00915	0.00970	0.00542	0.00651	0.00940	0.01234	0.01637	0.03411	0.65649	0.04030	0.01913	0.00806	0.00259	0.00398	0.13407	0.00578	0.00518
2	0.00911	0.00622	0.00856	0.00857	0.00929	0.00655	0.00610	0.01018	0.01096	0.01530	0.14077	0.08078	0.02551	0.19694	0.31391	0.12433	0.00951	0.00853	0.00410	0.00478
3	0.01659	0.45244	0.15833	0.01414	0.01990	0.06630	0.08723	0.01984	0.01342	0.05441	0.01040	0.01208	0.00853	0.00584	0.00556	0.00163	0.03782	0.00426	0.00301	0.00830
4	0.16014	0.00905	0.01009	0.00880	0.01132	0.00910	0.00668	0.01573	0.05818	0.06885	0.25643	0.02958	0.02855	0.14060	0.01089	0.00254	0.03678	0.00752	0.00517	0.12398
5	0.15654	0.01234	0.08066	0.01099	0.01510	0.01021	0.06545	0.01776	0.04536	0.11433	0.01863	0.05253	0.05627	0.13918	0.01003	0.00248	0.00577	0.00653	0.00444	0.17539

[dist]
# distance from previous block
# <min> <max>
3	18

[block]
# block no. 11 follows, 36 sequences, length 19
# corresponding to MSA columns:
# 551-569
name=unknown_L
#
# <colnr> <probs for GDERKNQSTAVLIFYWHMCP>
#	G	D	E	R	K	N	Q	S	T	A	V	L	I	F	Y	W	H	M	C	P
0	0.01423	0.04768	0.06847	0.01145	0.01421	0.01159	0.00979	0.03462	0.11121	0.13190	0.19961	0.10929	0.05960	0.01098	0.00901	0.00214	0.13228	0.00875	0.00554	0.00763
1	0.01047	0.20219	0.01481	0.09382	0.01447	0.01116	0.00802	0.01257	0.01374	0.01730	0.14523	0.17468	0.23472	0.01230	0.00650	0.00196	0.00467	0.01038	0.00483	0.00620
2	0.06922	0.10833	0.01577	0.09621	0.01745	0.01486	0.00970	0.12206	0.24894	0.02249	0.01762	0.02194	0.01488	0.14641	0.04563	0.00303	0.00655	0.00630	0.00470	0.00791
3	0.21082	0.01455	0.06916	0.04715	0.01762	0.02830	0.01055	0.20604	0.03363	0.23049	0.04044	0.01690	0.01263	0.00714	0.00564	0.00191	0.00600	0.00538	0.02658	0.00905
4	0.03984	0.01422	0.06902	0.11243	0.26614	0.01302	0.05305	0.06670	0.01601	0.24078	0.03642	0.01796	0.01257	0.00663	0.00623	0.00193	0.00694	0.00591	0.00475	0.00946
5	0.01565	0.01174	0.01305	0.01129	0.01455	0.01273	0.00888	0.14994	0.33451	0.07578	0.21435	0.02951	0.06153	0.00971	0.00663	0.00202	0.00469	0.00814	0.00652	0.00877
6	0.01666	0.78478	0.03265	0.01066	0.01599	0.02465	0.01066	0.01866	0.01266	0.01466	0.00866	0.00999	0.00800	0.00533	0.00400	0.00133	0.00666	0.00333	0.00267	0.00800
7	0.00939	0.00658	0.00830	0.00791	0.00963	0.00598	0.00606	0.01205	0.01679	0.05197	0.53842	0.04956	0.18343	0.01339	0.00739	0.00204	0.00325	0.05529	0.00662	0.00594
8	0.01062	0.00548	0.00797	0.00797	0.00797	0.00548	0.00523	0.00822	0.00822	0.01096	0.01182	0.02140	0.01216	0.10734	0.02518	0.72702	0.00548	0.00582	0.00283	0.00283
9	0.02373	0.01473	0.01682	0.01321	0.01786	0.01554	0.01096	0.47377	0.02492	0.23130	0.01908	0.02122	0.01400	0.00834	0.00644	0.00197	0.00634	0.06298	0.00660	0.01020
10	0.00819	0.00574	0.00762	0.00891	0.00953	0.00544	0.00635	0.00971	0.01259	0.01706	0.06498	0.60538	0.04003	0.01830	0.00785	0.00250	0.00386	0.11699	0.04372	0.00523
11	0.82504	0.01205	0.00916	0.00819	0.01205	0.01398	0.00675	0.01832	0.01060	0.02795	0.00868	0.01012	0.00675	0.00578	0.00386	0.00193	0.00482	0.00337	0.00386	0.00675
12	0.01346	0.00635	0.00678	0.00640	0.00823	0.00619	0.00490	0.01631	0.01360	0.10484	0.02081	0.02300	0.01591	0.00731	0.00457	0.00151	0.00317	0.00586	0.72445	0.00635
13	0.00919	0.00705	0.00859	0.00926	0.01039	0.00712	0.00652	0.01359	0.14857	0.01868	0.09707	0.53881	0.06782	0.01666	0.00757	0.00238	0.00378	0.01492	0.00599	0.00605
14	0.00867	0.00604	0.00750	0.00850	0.00917	0.00591	0.00577	0.01100	0.06007	0.01717	0.03122	0.59451	0.03569	0.06588	0.00895	0.00260	0.00378	0.01510	0.09708	0.00538
15	0.00929	0.00627	0.00875	0.00875	0.00934	0.00686	0.00621	0.00999	0.00940	0.01312	0.01648	0.02817	0.01676	0.25359	0.41633	0.15408	0.01160	0.00714	0.00335	0.00454
16	0.10626	0.01095	0.01351	0.01071	0.01512	0.01037	0.00877	0.06034	0.07074	0.53862	0.02230	0.02009	0.01463	0.00753	0.00590	0.00191	0.00514	0.00597	0.06131	0.00984
17	0.00934	0.00693	0.00901	0.01000	0.01132	0.00683	0.00799	0.01254	0.06185	0.01855	0.08059	0.27859	0.10237	0.01691	0.00806	0.00259	0.00463	0.34026	0.00587	0.00577
18	0.04076	0.00838	0.01117	0.01031	0.01308	0.00770	0.00832	0.01992	0.01529	0.34270	0.04514	0.20175	0.02699	0.01273	0.00711	0.00228	0.00488	0.17972	0.03398	0.00779

[dist]
# distance from previous block
# <min> <max>
0	6

[block]
# block no. 12 follows, 36 sequences, length 9
# corresponding to MSA columns:
# 576-584
name=unknown_M
#
# <colnr> <probs for GDERKNQSTAVLIFYWHMCP>
#	G	D	E	R	K	N	Q	S	T	A	V	L	I	F	Y	W	H	M	C	P
0	0.00939	0.00654	0.00813	0.00798	0.00818	0.00705	0.00514	0.00971	0.00921	0.01260	0.01797	0.03510	0.01991	0.56305	0.16141	0.05216	0.05046	0.00822	0.00358	0.00421
1	0.57824	0.01103	0.00966	0.00904	0.01227	0.01245	0.00736	0.06247	0.01243	0.02615	0.01504	0.10894	0.01457	0.00889	0.00506	0.00211	0.00492	0.08823	0.00446	0.00668
2	0.01411	0.01057	0.01615	0.06706	0.18914	0.01123	0.03359	0.05637	0.04839	0.10012	0.01629	0.02101	0.01360	0.04247	0.32520	0.00546	0.01108	0.00633	0.00404	0.00778
3	0.02155	0.01730	0.02300	0.01718	0.02248	0.01847	0.18042	0.55430	0.02582	0.03467	0.01440	0.01540	0.01032	0.00695	0.00650	0.00192	0.00773	0.00602	0.00550	0.01007
4	0.01292	0.01107	0.01292	0.00923	0.01477	0.00831	0.00738	0.01569	0.01292	0.02030	0.01107	0.01292	0.00923	0.00461	0.00461	0.00092	0.00461	0.00369	0.00369	0.81912
5	0.05663	0.00654	0.00734	0.00723	0.00767	0.00664	0.00437	0.01036	0.00959	0.03715	0.01962	0.06706	0.02194	0.64931	0.05940	0.00570	0.00631	0.00889	0.00397	0.00430
6	0.01375	0.02646	0.57297	0.01588	0.02351	0.01272	0.01932	0.01968	0.01357	0.10584	0.01554	0.10509	0.01276	0.00775	0.00620	0.00203	0.00808	0.00636	0.00361	0.00888
7	0.01729	0.01381	0.01185	0.01052	0.01323	0.18692	0.00820	0.12379	0.01761	0.08978	0.10102	0.02394	0.01914	0.00825	0.00566	0.00172	0.00584	0.03989	0.29424	0.00730
8	0.02056	0.08968	0.24175	0.01393	0.02011	0.01489	0.01420	0.18694	0.05515	0.25582	0.01683	0.01637	0.01150	0.00693	0.00595	0.00188	0.00696	0.00538	0.00528	0.00990

[dist]
# distance from previous block
# <min> <max>
8	45

[block]
# block no. 13 follows, 36 sequences, length 6
# corresponding to MSA columns:
# 631-636
name=unknown_N
#
# <colnr> <probs for GDERKNQSTAVLIFYWHMCP>
#	G	D	E	R	K	N	Q	S	T	A	V	L	I	F	Y	W	H	M	C	P
0	0.12146	0.01445	0.04880	0.01643	0.12807	0.04287	0.05483	0.07746	0.12792	0.07925	0.05269	0.01733	0.01362	0.00673	0.00608	0.00178	0.02484	0.00553	0.00459	0.15525
1	0.00889	0.00689	0.00859	0.00818	0.01010	0.00620	0.00610	0.01107	0.01416	0.01952	0.26666	0.18214	0.17993	0.01802	0.10671	0.00302	0.00518	0.01119	0.00551	0.12194
2	0.01515	0.01225	0.01669	0.05018	0.20809	0.01106	0.01132	0.01968	0.08564	0.08645	0.01390	0.01552	0.01090	0.00560	0.00542	0.00143	0.00560	0.00483	0.00412	0.41618
3	0.01292	0.00955	0.01170	0.01306	0.12143	0.04099	0.00799	0.01506	0.05656	0.08198	0.02372	0.03275	0.11317	0.27660	0.01679	0.07813	0.00581	0.02853	0.00438	0.04887
4	0.01223	0.01034	0.01218	0.00916	0.01402	0.00788	0.00718	0.01478	0.01279	0.01973	0.01409	0.11211	0.01338	0.00655	0.00505	0.00113	0.00448	0.00551	0.00396	0.71344
5	0.01565	0.01524	0.06167	0.04059	0.13375	0.05894	0.01167	0.11960	0.07167	0.02298	0.01276	0.01445	0.01010	0.00572	0.00543	0.00144	0.00623	0.00466	0.00404	0.38341

[dist]
# distance from previous block
# <min> <max>
2	21

[block]
# block no. 14 follows, 36 sequences, length 11
# corresponding to MSA columns:
# 658-668
name=unknown_O
#
# <colnr> <probs for GDERKNQSTAVLIFYWHMCP>
#	G	D	E	R	K	N	Q	S	T	A	V	L	I	F	Y	W	H	M	C	P
0	0.01475	0.08575	0.01665	0.16770	0.02043	0.04690	0.03322	0.08533	0.01423	0.07184	0.01770	0.06658	0.07188	0.01010	0.00944	0.10403	0.06559	0.00656	0.00401	0.08731
1	0.08790	0.00941	0.06766	0.06820	0.01455	0.00916	0.00931	0.01259	0.01035	0.01597	0.01480	0.02183	0.01352	0.06010	0.49792	0.05827	0.01326	0.00611	0.00326	0.00582
2	0.02153	0.03715	0.01729	0.04597	0.01885	0.01569	0.01082	0.41583	0.05598	0.14587	0.01599	0.01593	0.01135	0.00699	0.00592	0.00173	0.00622	0.00540	0.00581	0.13967
3	0.04876	0.07197	0.01537	0.01154	0.04004	0.03438	0.00901	0.07619	0.05047	0.16920	0.01775	0.05037	0.04444	0.00720	0.00595	0.00157	0.03009	0.00565	0.00489	0.30516
4	0.04109	0.09444	0.13464	0.06313	0.08758	0.01230	0.02422	0.06933	0.01315	0.04977	0.01613	0.07811	0.01568	0.23936	0.03264	0.00335	0.00706	0.00712	0.00383	0.00705
5	0.00839	0.00611	0.00771	0.00798	0.00883	0.00601	0.00553	0.00980	0.01208	0.01626	0.14613	0.21744	0.13620	0.21715	0.16140	0.00474	0.00663	0.01162	0.00497	0.00499
6	0.01290	0.00892	0.01045	0.01042	0.03623	0.04109	0.00744	0.05402	0.04765	0.09008	0.13146	0.23083	0.02860	0.05539	0.05875	0.00280	0.02977	0.01009	0.12645	0.00664
7	0.09289	0.20065	0.28285	0.07195	0.02171	0.04294	0.01502	0.06323	0.04123	0.03870	0.01215	0.03776	0.00976	0.00644	0.00534	0.00179	0.00743	0.00483	0.00343	0.03992
8	0.00869	0.00635	0.00814	0.00895	0.00980	0.00620	0.00636	0.01134	0.06290	0.01819	0.15490	0.48062	0.04096	0.06849	0.00939	0.00267	0.00396	0.08072	0.00587	0.00551
9	0.00872	0.00955	0.08043	0.00944	0.01229	0.00706	0.06223	0.01135	0.01462	0.01884	0.18175	0.10733	0.42562	0.01373	0.00727	0.00210	0.00430	0.01189	0.00548	0.00599
10	0.09271	0.01617	0.15419	0.26086	0.14101	0.01410	0.01587	0.08206	0.04789	0.06692	0.04045	0.01674	0.01139	0.00658	0.00598	0.00198	0.00732	0.00550	0.00384	0.00845

[dist]
# distance from previous block
# <min> <max>
13	534

# created by:
# /home/berkeley/.conda/envs/busco_data_prod/bin/msa2prfl.pl pipeline/OGs_align_augustus/33634/169156.fs
