[name]
unknown

[dist]
# distance from previous block
# <min> <max>
0	64

[block]
# block no. 0 follows, 38 sequences, length 17
# corresponding to MSA columns:
# 106-122
name=unknown_A
#
# <colnr> <probs for GDERKNQSTAVLIFYWHMCP>
#	G	D	E	R	K	N	Q	S	T	A	V	L	I	F	Y	W	H	M	C	P
0	0.12091	0.01040	0.01336	0.01038	0.01492	0.00939	0.00857	0.02796	0.01640	0.67016	0.02194	0.01923	0.01391	0.00723	0.00578	0.00186	0.00506	0.00572	0.00701	0.00980
1	0.01163	0.00977	0.01186	0.00907	0.01349	0.00791	0.00721	0.01419	0.01186	0.01838	0.01187	0.01490	0.01024	0.01329	0.16958	0.00280	0.00699	0.00419	0.00349	0.64727
2	0.71438	0.01143	0.00958	0.00832	0.01217	0.01282	0.00685	0.01937	0.01125	0.13268	0.01061	0.01133	0.00773	0.00585	0.00406	0.00186	0.00472	0.00366	0.00426	0.00706
3	0.01489	0.01429	0.02442	0.03692	0.75106	0.01429	0.01846	0.01846	0.01370	0.01965	0.01132	0.01489	0.00953	0.00536	0.00596	0.00179	0.00715	0.00536	0.00298	0.00953
4	0.00995	0.00606	0.00788	0.00807	0.00929	0.00560	0.00580	0.01190	0.01405	0.08926	0.27586	0.38970	0.04103	0.01445	0.00701	0.00210	0.00336	0.01288	0.08002	0.00573
5	0.00718	0.00582	0.00638	0.00683	0.00832	0.00502	0.00490	0.00855	0.01300	0.01596	0.05198	0.29217	0.52012	0.01640	0.00729	0.00216	0.00319	0.01412	0.00559	0.00502
6	0.00737	0.00531	0.00699	0.00825	0.00871	0.00493	0.00555	0.00852	0.01185	0.01579	0.06625	0.72160	0.06981	0.01841	0.00763	0.00240	0.00344	0.01664	0.00563	0.00493
7	0.00861	0.00574	0.00675	0.00713	0.00735	0.00566	0.00440	0.00913	0.00983	0.01338	0.02280	0.20695	0.02615	0.53623	0.02296	0.00468	0.00513	0.04415	0.04884	0.00412
8	0.83108	0.01163	0.00884	0.00791	0.01163	0.01350	0.00651	0.01768	0.01024	0.02699	0.00838	0.00977	0.00651	0.00558	0.00372	0.00186	0.00465	0.00326	0.00372	0.00651
9	0.01207	0.03112	0.75741	0.01715	0.02604	0.01397	0.02223	0.01905	0.01270	0.01905	0.01080	0.01270	0.00762	0.00572	0.00572	0.00191	0.00889	0.00445	0.00254	0.00889
10	0.01316	0.01316	0.01843	0.01579	0.01579	0.01843	0.01316	0.01448	0.00921	0.01448	0.00790	0.01316	0.00790	0.01053	0.01974	0.00263	0.77757	0.00526	0.00263	0.00658
11	0.02241	0.01027	0.01297	0.01027	0.01394	0.00966	0.00810	0.12975	0.01703	0.48650	0.02131	0.02368	0.01571	0.17706	0.01138	0.00272	0.00550	0.00654	0.00641	0.00880
12	0.00851	0.00615	0.00804	0.00757	0.00899	0.00568	0.00568	0.01135	0.01703	0.02412	0.74788	0.04494	0.05676	0.01230	0.00710	0.00189	0.00284	0.01088	0.00662	0.00568
13	0.00851	0.00615	0.00804	0.00757	0.00899	0.00568	0.00568	0.01135	0.01703	0.02412	0.74788	0.04494	0.05676	0.01230	0.00710	0.00189	0.00284	0.01088	0.00662	0.00568
14	0.00898	0.00701	0.01040	0.01018	0.01117	0.00843	0.00799	0.01106	0.00963	0.01401	0.01542	0.02276	0.01444	0.04222	0.70228	0.00908	0.07996	0.00635	0.00317	0.00547
15	0.57451	0.01227	0.01276	0.01461	0.17257	0.01369	0.00942	0.05649	0.01195	0.02544	0.00968	0.01173	0.00774	0.00732	0.03689	0.00218	0.00579	0.00397	0.00366	0.00732
16	0.01295	0.00955	0.03040	0.04278	0.03959	0.00939	0.00811	0.06691	0.09809	0.07581	0.16169	0.04497	0.08945	0.00912	0.00652	0.00180	0.04113	0.00751	0.19250	0.05173

[dist]
# distance from previous block
# <min> <max>
1	2

[block]
# block no. 1 follows, 38 sequences, length 18
# corresponding to MSA columns:
# 125-142
name=unknown_B
#
# <colnr> <probs for GDERKNQSTAVLIFYWHMCP>
#	G	D	E	R	K	N	Q	S	T	A	V	L	I	F	Y	W	H	M	C	P
0	0.02277	0.00975	0.01268	0.01003	0.01396	0.00884	0.00817	0.07738	0.01755	0.53632	0.11440	0.02332	0.01991	0.00800	0.00600	0.00182	0.00471	0.00657	0.08864	0.00920
1	0.00767	0.00580	0.00708	0.00742	0.00864	0.00521	0.00532	0.00947	0.01405	0.01861	0.28523	0.31688	0.25567	0.01554	0.00731	0.00213	0.00314	0.01367	0.00594	0.00521
2	0.02115	0.00886	0.01186	0.00954	0.01314	0.00780	0.00771	0.02364	0.01685	0.51639	0.20935	0.02689	0.02568	0.00866	0.00619	0.00184	0.00437	0.00726	0.06409	0.00874
3	0.30196	0.01048	0.01170	0.00957	0.01354	0.01043	0.00786	0.04544	0.01507	0.39893	0.08347	0.01988	0.01608	0.00744	0.00539	0.00188	0.00481	0.02165	0.00600	0.00844
4	0.02488	0.01126	0.01436	0.01111	0.01557	0.01057	0.00913	0.16720	0.01940	0.56196	0.07243	0.02099	0.01689	0.00774	0.00612	0.00185	0.00526	0.00626	0.00711	0.00992
5	0.00796	0.00572	0.00755	0.00794	0.00887	0.00531	0.00563	0.00997	0.01447	0.02005	0.41615	0.38827	0.04888	0.01534	0.00737	0.00215	0.00314	0.01377	0.00614	0.00531
6	0.06087	0.11547	0.01871	0.01279	0.01737	0.03999	0.01075	0.46547	0.04801	0.11184	0.01444	0.01441	0.01040	0.00698	0.00595	0.00177	0.02472	0.00510	0.00546	0.00952
7	0.01875	0.34174	0.04419	0.04874	0.01815	0.01833	0.03903	0.19889	0.04322	0.12825	0.01338	0.01394	0.01008	0.00622	0.00509	0.00161	0.00641	0.00467	0.03059	0.00871
8	0.00780	0.00569	0.00780	0.00870	0.00939	0.00569	0.00622	0.00929	0.01145	0.01550	0.05795	0.49863	0.06311	0.02509	0.20201	0.00427	0.00678	0.04454	0.00502	0.00508
9	0.01228	0.01110	0.01651	0.55435	0.03373	0.01353	0.01447	0.01959	0.19898	0.01811	0.01451	0.01788	0.01091	0.00660	0.00598	0.00199	0.00702	0.00573	0.02934	0.00738
10	0.00993	0.20784	0.01342	0.00808	0.01050	0.01010	0.00669	0.01191	0.01395	0.01781	0.22962	0.13877	0.24657	0.01238	0.00640	0.00189	0.00402	0.03913	0.00509	0.00591
11	0.01513	0.01163	0.02651	0.04823	0.02759	0.02672	0.05308	0.20156	0.05284	0.04226	0.01624	0.03388	0.01309	0.03317	0.06098	0.00248	0.07306	0.00600	0.24811	0.00746
12	0.01500	0.10077	0.01416	0.01130	0.06128	0.01108	0.00842	0.07172	0.11279	0.14560	0.29109	0.02794	0.02951	0.00890	0.00606	0.00179	0.00446	0.00750	0.06284	0.00777
13	0.01293	0.01201	0.10558	0.15155	0.01917	0.01060	0.02382	0.03801	0.10800	0.08961	0.08006	0.04779	0.07163	0.06517	0.00969	0.05971	0.03450	0.01891	0.03429	0.00698
14	0.00999	0.01041	0.11173	0.00970	0.04011	0.00746	0.00825	0.03500	0.01498	0.05512	0.24000	0.04266	0.34411	0.03489	0.00748	0.00206	0.00425	0.01010	0.00540	0.00631
15	0.01416	0.13966	0.06387	0.01201	0.01553	0.01476	0.03568	0.09514	0.28859	0.02156	0.04466	0.08649	0.01778	0.06322	0.03389	0.00245	0.03067	0.00705	0.00479	0.00804
16	0.01316	0.06697	0.10508	0.18794	0.02077	0.01184	0.01135	0.06824	0.08089	0.06229	0.02953	0.09805	0.01560	0.10506	0.00892	0.00234	0.00618	0.00686	0.02725	0.07168
17	0.10430	0.11954	0.04233	0.09564	0.01706	0.05252	0.03894	0.04319	0.07966	0.07627	0.07844	0.04048	0.14808	0.03071	0.00649	0.00196	0.00568	0.00705	0.00452	0.00713

[dist]
# distance from previous block
# <min> <max>
13	46

[block]
# block no. 2 follows, 38 sequences, length 8
# corresponding to MSA columns:
# 194-201
name=unknown_C
#
# <colnr> <probs for GDERKNQSTAVLIFYWHMCP>
#	G	D	E	R	K	N	Q	S	T	A	V	L	I	F	Y	W	H	M	C	P
0	0.01580	0.08642	0.03202	0.01314	0.09699	0.01189	0.00965	0.10965	0.05659	0.11398	0.07001	0.01895	0.04216	0.02201	0.00590	0.00157	0.00527	0.00547	0.00463	0.27789
1	0.06730	0.02945	0.04963	0.01212	0.01444	0.13381	0.01006	0.03415	0.03268	0.09009	0.09188	0.05658	0.06987	0.01159	0.05375	0.00249	0.20679	0.00669	0.01969	0.00693
2	0.06990	0.00888	0.01007	0.00952	0.01112	0.03771	0.00711	0.05752	0.09450	0.01755	0.04605	0.02589	0.01746	0.20227	0.35114	0.00627	0.01035	0.00680	0.00399	0.00590
3	0.01287	0.00991	0.01474	0.01656	0.18120	0.00961	0.05351	0.08433	0.01525	0.07363	0.13442	0.24521	0.04358	0.01122	0.00676	0.00202	0.00515	0.03408	0.00509	0.04088
4	0.01284	0.01218	0.07644	0.00992	0.01484	0.00917	0.00860	0.01770	0.10753	0.05095	0.07732	0.01845	0.03997	0.00621	0.00516	0.00129	0.00472	0.00510	0.00430	0.51731
5	0.01400	0.06015	0.01758	0.18896	0.13127	0.06786	0.04529	0.02012	0.17545	0.04409	0.03831	0.02149	0.07711	0.02571	0.00654	0.00194	0.00648	0.00632	0.00412	0.04722
6	0.01350	0.01173	0.01581	0.01711	0.22675	0.01029	0.01040	0.05696	0.01347	0.02010	0.01169	0.01525	0.01011	0.06209	0.00689	0.00156	0.00546	0.00457	0.00354	0.48272
7	0.07529	0.06349	0.01621	0.03783	0.04050	0.01441	0.01031	0.26306	0.11396	0.19322	0.01788	0.01988	0.01346	0.00759	0.00584	0.00186	0.00580	0.05363	0.00564	0.04017

[dist]
# distance from previous block
# <min> <max>
0	2

[block]
# block no. 3 follows, 38 sequences, length 7
# corresponding to MSA columns:
# 204-210
name=unknown_D
#
# <colnr> <probs for GDERKNQSTAVLIFYWHMCP>
#	G	D	E	R	K	N	Q	S	T	A	V	L	I	F	Y	W	H	M	C	P
0	0.01609	0.01657	0.23815	0.05244	0.04961	0.01128	0.02865	0.06420	0.05445	0.20557	0.06424	0.04419	0.01594	0.08417	0.00847	0.00228	0.00653	0.00639	0.00471	0.02607
1	0.11443	0.00787	0.00922	0.00858	0.01078	0.00771	0.00651	0.01596	0.06231	0.15756	0.21989	0.17286	0.08643	0.06205	0.00808	0.00229	0.00403	0.03098	0.00589	0.00656
2	0.01123	0.03936	0.03524	0.09597	0.07770	0.01031	0.07152	0.01587	0.10363	0.01861	0.05892	0.13527	0.10666	0.01053	0.00659	0.00202	0.00555	0.10309	0.00455	0.08738
3	0.01962	0.05365	0.08689	0.01437	0.08519	0.03092	0.03023	0.09030	0.07476	0.30038	0.04490	0.01899	0.01422	0.00699	0.00584	0.00176	0.00598	0.01997	0.00540	0.08963
4	0.01803	0.01168	0.05102	0.19672	0.02302	0.01124	0.07788	0.02164	0.04370	0.32431	0.01885	0.09342	0.01450	0.00815	0.00717	0.00203	0.05624	0.00697	0.00511	0.00833
5	0.00968	0.00622	0.00747	0.00760	0.00906	0.00554	0.00540	0.01103	0.01298	0.09925	0.08103	0.32429	0.28882	0.09161	0.00952	0.00253	0.00371	0.01311	0.00566	0.00548
6	0.08038	0.13752	0.19695	0.05185	0.01924	0.03225	0.05317	0.06618	0.08062	0.06556	0.03296	0.11058	0.01445	0.00794	0.00603	0.00190	0.02402	0.00647	0.00403	0.00792

[dist]
# distance from previous block
# <min> <max>
6	17

[block]
# block no. 4 follows, 38 sequences, length 11
# corresponding to MSA columns:
# 230-240
name=unknown_E
#
# <colnr> <probs for GDERKNQSTAVLIFYWHMCP>
#	G	D	E	R	K	N	Q	S	T	A	V	L	I	F	Y	W	H	M	C	P
0	0.01625	0.01164	0.05026	0.09017	0.13445	0.01064	0.07725	0.02046	0.07312	0.23546	0.05755	0.07674	0.08388	0.00870	0.00643	0.00198	0.00593	0.02563	0.00516	0.00829
1	0.08217	0.01662	0.04432	0.03110	0.17784	0.10948	0.10495	0.17392	0.03552	0.05832	0.01280	0.01559	0.01006	0.00661	0.00674	0.00187	0.05503	0.02254	0.00405	0.03047
2	0.06827	0.01144	0.01536	0.11394	0.07710	0.01141	0.03679	0.02362	0.15789	0.26331	0.01870	0.01864	0.02749	0.00676	0.00574	0.00178	0.00561	0.00570	0.00522	0.12524
3	0.11876	0.00783	0.00997	0.01173	0.09580	0.00773	0.00768	0.01284	0.01248	0.06855	0.05329	0.30971	0.09700	0.06662	0.00841	0.00246	0.00452	0.09350	0.00506	0.00604
4	0.01174	0.00896	0.01269	0.26914	0.02182	0.00964	0.01049	0.01606	0.09054	0.07635	0.09384	0.15956	0.05392	0.01046	0.00657	0.00206	0.00546	0.07314	0.00476	0.06279
5	0.01477	0.01093	0.01436	0.04637	0.13428	0.00991	0.00966	0.06163	0.04594	0.10977	0.03097	0.07862	0.01401	0.00682	0.00543	0.00148	0.00508	0.00584	0.04170	0.35243
6	0.01329	0.00744	0.00947	0.00855	0.01090	0.00650	0.00637	0.01514	0.01386	0.20260	0.13189	0.26360	0.07867	0.06530	0.00820	0.00219	0.00404	0.01048	0.02895	0.11257
7	0.01211	0.00796	0.00966	0.00950	0.01138	0.00802	0.00699	0.01746	0.19354	0.12384	0.08910	0.39595	0.06223	0.01389	0.00699	0.00220	0.00397	0.01228	0.00607	0.00687
8	0.00957	0.00692	0.00809	0.00791	0.00857	0.00739	0.00516	0.01229	0.10913	0.01393	0.01919	0.03418	0.02014	0.54603	0.16119	0.00601	0.00756	0.00806	0.00391	0.00477
9	0.21176	0.00696	0.00766	0.00848	0.00975	0.00719	0.00615	0.01102	0.01139	0.01846	0.02691	0.53410	0.03112	0.01538	0.00675	0.00233	0.00395	0.07020	0.00512	0.00534
10	0.21385	0.00769	0.00755	0.00728	0.00930	0.00806	0.00554	0.04831	0.01322	0.02299	0.10757	0.14277	0.07185	0.00970	0.00526	0.00180	0.00358	0.00791	0.29986	0.00592

[dist]
# distance from previous block
# <min> <max>
2	99

[block]
# block no. 5 follows, 38 sequences, length 25
# corresponding to MSA columns:
# 341-365
name=unknown_F
#
# <colnr> <probs for GDERKNQSTAVLIFYWHMCP>
#	G	D	E	R	K	N	Q	S	T	A	V	L	I	F	Y	W	H	M	C	P
0	0.01307	0.00990	0.01143	0.00857	0.01314	0.00792	0.00681	0.01630	0.04083	0.05616	0.01337	0.01493	0.01067	0.00518	0.00455	0.00107	0.00422	0.00416	0.14210	0.61564
1	0.01016	0.00871	0.07316	0.04530	0.01195	0.00679	0.00734	0.01295	0.01471	0.07021	0.27980	0.05680	0.24320	0.01136	0.00647	0.00188	0.00384	0.00966	0.11959	0.00611
2	0.55662	0.01299	0.07500	0.00934	0.01353	0.01258	0.00836	0.04998	0.01267	0.12821	0.06126	0.01411	0.01136	0.00638	0.00455	0.00186	0.00505	0.00436	0.00444	0.00735
3	0.02427	0.01246	0.01593	0.01388	0.08021	0.01219	0.01039	0.21264	0.05507	0.46742	0.02025	0.01850	0.01337	0.00724	0.00604	0.00185	0.00567	0.00586	0.00662	0.01014
4	0.83108	0.01163	0.00884	0.00791	0.01163	0.01350	0.00651	0.01768	0.01024	0.02699	0.00838	0.00977	0.00651	0.00558	0.00372	0.00186	0.00465	0.00326	0.00372	0.00651
5	0.00727	0.00546	0.00675	0.00779	0.00857	0.00494	0.00532	0.00844	0.01208	0.01559	0.04028	0.59839	0.22145	0.01792	0.00753	0.00234	0.00338	0.01597	0.00558	0.00494
6	0.83108	0.01163	0.00884	0.00791	0.01163	0.01350	0.00651	0.01768	0.01024	0.02699	0.00838	0.00977	0.00651	0.00558	0.00372	0.00186	0.00465	0.00326	0.00372	0.00651
7	0.09421	0.01470	0.01620	0.01252	0.01720	0.01569	0.01034	0.48913	0.02388	0.22080	0.01630	0.01558	0.01110	0.00714	0.00583	0.00182	0.00606	0.00539	0.00618	0.00991
8	0.02287	0.01685	0.01805	0.01384	0.01866	0.01866	0.01143	0.73100	0.02828	0.03791	0.01444	0.01444	0.01023	0.00722	0.00602	0.00181	0.00662	0.00542	0.00602	0.01023
9	0.06251	0.01030	0.01373	0.01058	0.01519	0.00905	0.00874	0.02880	0.01691	0.72305	0.02305	0.02000	0.01452	0.00736	0.00595	0.00186	0.00510	0.00593	0.00728	0.01007
10	0.02699	0.01024	0.01396	0.01070	0.01536	0.00884	0.00884	0.02932	0.01722	0.75522	0.02373	0.02048	0.01489	0.00745	0.00605	0.00186	0.00512	0.00605	0.00745	0.01024
11	0.01086	0.00893	0.01490	0.01259	0.01472	0.00865	0.19111	0.01362	0.04400	0.03747	0.02198	0.18684	0.02309	0.25516	0.01454	0.00336	0.00624	0.08908	0.03708	0.00579
12	0.04333	0.00988	0.01105	0.00926	0.01214	0.01022	0.00737	0.23377	0.01895	0.10796	0.20476	0.02512	0.02408	0.00843	0.00568	0.00172	0.00429	0.00687	0.24755	0.00757
13	0.00974	0.00744	0.00910	0.00846	0.01025	0.00744	0.00641	0.01527	0.15454	0.02432	0.61032	0.04066	0.04946	0.01151	0.00691	0.00192	0.00320	0.01010	0.00653	0.00641
14	0.02480	0.01115	0.01405	0.01088	0.01529	0.01051	0.00895	0.16740	0.01902	0.54898	0.02153	0.01945	0.01401	0.00736	0.00588	0.00181	0.00522	0.00589	0.07800	0.00983
15	0.00915	0.00631	0.00810	0.00872	0.00981	0.00613	0.00643	0.01197	0.05983	0.03797	0.17903	0.41518	0.03903	0.01546	0.00729	0.00227	0.00372	0.11123	0.05674	0.00562
16	0.02573	0.01159	0.01472	0.01136	0.01599	0.01094	0.00936	0.16178	0.04825	0.59069	0.02201	0.01942	0.01415	0.00743	0.00605	0.00186	0.00539	0.00596	0.00712	0.01021
17	0.26838	0.01078	0.01344	0.20551	0.02090	0.01142	0.01015	0.02219	0.01376	0.34336	0.01570	0.01607	0.01057	0.00651	0.00533	0.00190	0.00572	0.00502	0.00509	0.00819
18	0.04550	0.01070	0.01392	0.01086	0.01539	0.00977	0.00892	0.04959	0.08024	0.65314	0.02315	0.02021	0.01485	0.00746	0.00600	0.00188	0.00512	0.00603	0.00720	0.01008
19	0.00863	0.00565	0.00710	0.00770	0.00833	0.00536	0.00515	0.00989	0.01194	0.03535	0.12703	0.44067	0.03560	0.17817	0.01207	0.00297	0.00387	0.01321	0.07636	0.00493
20	0.11546	0.00977	0.01074	0.01132	0.06291	0.06271	0.00778	0.04030	0.02886	0.13891	0.02505	0.36735	0.04887	0.01243	0.00644	0.00209	0.00479	0.01074	0.02674	0.00674
21	0.03568	0.05163	0.21948	0.12703	0.09981	0.01315	0.14107	0.01904	0.03261	0.10411	0.04131	0.03745	0.03732	0.00674	0.00609	0.00192	0.00749	0.00614	0.00372	0.00821
22	0.01485	0.00797	0.01002	0.00907	0.01124	0.00768	0.00676	0.04712	0.06479	0.23356	0.11173	0.20849	0.02700	0.12918	0.03563	0.00285	0.00484	0.00969	0.05056	0.00696
23	0.01372	0.03957	0.04323	0.23391	0.02330	0.01255	0.05996	0.14088	0.07624	0.05063	0.05476	0.14542	0.04794	0.00912	0.00636	0.00199	0.00624	0.00799	0.00456	0.02163
24	0.13459	0.09068	0.05566	0.03037	0.01746	0.01322	0.07731	0.08899	0.02855	0.16261	0.03444	0.01513	0.01116	0.00626	0.00589	0.00166	0.04056	0.00491	0.00444	0.17611

[dist]
# distance from previous block
# <min> <max>
1	60

[block]
# block no. 6 follows, 38 sequences, length 45
# corresponding to MSA columns:
# 426-470
name=unknown_G
#
# <colnr> <probs for GDERKNQSTAVLIFYWHMCP>
#	G	D	E	R	K	N	Q	S	T	A	V	L	I	F	Y	W	H	M	C	P
0	0.03373	0.05303	0.06882	0.03238	0.17589	0.04254	0.01212	0.13508	0.10579	0.09733	0.04841	0.08388	0.01555	0.00770	0.00591	0.00181	0.00607	0.00649	0.00470	0.06277
1	0.01253	0.01128	0.10035	0.02520	0.01448	0.00944	0.02414	0.03414	0.01395	0.11172	0.17598	0.17695	0.02760	0.02483	0.00875	0.00215	0.10216	0.05342	0.00503	0.06592
2	0.04773	0.13259	0.17426	0.01354	0.01864	0.03496	0.04468	0.12609	0.13458	0.11432	0.01518	0.03431	0.01156	0.00699	0.00630	0.00184	0.04571	0.00539	0.00444	0.02689
3	0.00857	0.02839	0.10545	0.01098	0.04875	0.00702	0.00851	0.01058	0.01194	0.01624	0.04653	0.60826	0.03374	0.01597	0.00723	0.00230	0.00443	0.01437	0.00501	0.00573
4	0.04498	0.29024	0.26836	0.01530	0.05736	0.01819	0.05377	0.10417	0.03381	0.01995	0.01067	0.01232	0.00840	0.00587	0.00560	0.00171	0.03327	0.00437	0.00316	0.00849
5	0.01273	0.05124	0.21874	0.04986	0.01740	0.01123	0.03114	0.01848	0.13275	0.08023	0.10477	0.06289	0.02016	0.14993	0.01057	0.00264	0.00622	0.00722	0.00441	0.00738
6	0.00757	0.00608	0.00675	0.00665	0.00842	0.00526	0.00496	0.00949	0.01469	0.01874	0.27979	0.08111	0.50047	0.01443	0.00713	0.00200	0.00300	0.01228	0.00592	0.00526
7	0.02215	0.06704	0.01778	0.01524	0.01844	0.72721	0.01156	0.02372	0.01681	0.01469	0.00925	0.01079	0.00775	0.00615	0.00535	0.00154	0.01063	0.00384	0.00307	0.00701
8	0.04010	0.01423	0.11380	0.10805	0.07154	0.02900	0.01254	0.08093	0.03354	0.36442	0.01854	0.02015	0.01311	0.00732	0.00605	0.00192	0.00638	0.04381	0.00545	0.00913
9	0.01227	0.00746	0.01069	0.00998	0.01117	0.00829	0.00766	0.01320	0.01049	0.12730	0.01640	0.07496	0.01513	0.04817	0.32979	0.18038	0.10042	0.00680	0.00385	0.00559
10	0.15024	0.01108	0.01356	0.01057	0.01510	0.01049	0.00873	0.09448	0.01720	0.57480	0.02049	0.01825	0.01316	0.00714	0.00569	0.00186	0.00519	0.00556	0.00674	0.00966
11	0.00863	0.00611	0.00808	0.00813	0.00866	0.00662	0.00559	0.00970	0.00929	0.01290	0.01805	0.05675	0.01916	0.40255	0.38554	0.00758	0.01073	0.00791	0.00351	0.00452
12	0.11690	0.01398	0.14634	0.01149	0.01621	0.01060	0.01078	0.07501	0.01547	0.37543	0.01941	0.09044	0.01463	0.00988	0.04399	0.00231	0.00625	0.00646	0.00563	0.00880
13	0.20590	0.01171	0.01353	0.01063	0.01510	0.01160	0.00878	0.14950	0.01760	0.46702	0.01868	0.01703	0.01220	0.00699	0.00552	0.00185	0.00528	0.00532	0.00636	0.00940
14	0.01207	0.03112	0.75741	0.01715	0.02604	0.01397	0.02223	0.01905	0.01270	0.01905	0.01080	0.01270	0.00762	0.00572	0.00572	0.00191	0.00889	0.00445	0.00254	0.00889
15	0.01049	0.00833	0.01095	0.01235	0.12376	0.00814	0.00791	0.04579	0.06772	0.02271	0.39694	0.03841	0.15988	0.01094	0.00666	0.00188	0.00384	0.00954	0.04714	0.00664
16	0.13405	0.00658	0.00710	0.00751	0.00901	0.00635	0.00542	0.01018	0.01255	0.01829	0.10880	0.36592	0.25708	0.01503	0.00684	0.00217	0.00347	0.01298	0.00540	0.00527
17	0.00856	0.00621	0.00805	0.00864	0.00945	0.00623	0.00606	0.04823	0.01224	0.01652	0.06523	0.48291	0.05988	0.08274	0.14534	0.00393	0.00606	0.01342	0.00508	0.00521
18	0.01316	0.01316	0.01843	0.01579	0.01579	0.01843	0.01316	0.01448	0.00921	0.01448	0.00790	0.01316	0.00790	0.01053	0.01974	0.00263	0.77757	0.00526	0.00263	0.00658
19	0.68522	0.15132	0.01290	0.00834	0.01232	0.01534	0.00719	0.01774	0.01059	0.02469	0.00837	0.00975	0.00673	0.00551	0.00375	0.00176	0.00497	0.00325	0.00352	0.00673
20	0.01793	0.10353	0.01699	0.01276	0.01654	0.13146	0.01025	0.20778	0.33214	0.02517	0.01815	0.05103	0.01440	0.00775	0.00580	0.00184	0.00630	0.00605	0.00521	0.00890
21	0.01247	0.01069	0.01247	0.00891	0.01426	0.00802	0.00713	0.01515	0.01247	0.01960	0.01069	0.01247	0.00891	0.00446	0.00446	0.00089	0.00446	0.00356	0.00356	0.82536
22	0.02287	0.01685	0.01805	0.01384	0.01866	0.01866	0.01143	0.73100	0.02828	0.03791	0.01444	0.01444	0.01023	0.00722	0.00602	0.00181	0.00662	0.00542	0.00602	0.01023
23	0.83108	0.01163	0.00884	0.00791	0.01163	0.01350	0.00651	0.01768	0.01024	0.02699	0.00838	0.00977	0.00651	0.00558	0.00372	0.00186	0.00465	0.00326	0.00372	0.00651
24	0.01122	0.00673	0.00831	0.00779	0.00982	0.00593	0.00588	0.01325	0.01509	0.15298	0.27708	0.16450	0.27149	0.01343	0.00700	0.00202	0.00343	0.01160	0.00627	0.00618
25	0.01608	0.79220	0.03152	0.01029	0.01544	0.02380	0.01029	0.01801	0.01222	0.01415	0.00836	0.00965	0.00772	0.00515	0.00386	0.00129	0.00643	0.00322	0.00257	0.00772
26	0.02247	0.02867	0.01705	0.01550	0.01860	0.76443	0.01162	0.02402	0.01705	0.01472	0.00930	0.01085	0.00775	0.00620	0.00542	0.00155	0.01085	0.00387	0.00310	0.00697
27	0.01668	0.01316	0.01423	0.01232	0.01592	0.01493	0.00973	0.15954	0.53296	0.06359	0.02214	0.02094	0.01651	0.00996	0.04730	0.00240	0.00574	0.00649	0.00601	0.00946
28	0.01155	0.00702	0.00910	0.00818	0.01018	0.00648	0.00627	0.01479	0.04332	0.13636	0.59057	0.04072	0.06866	0.01149	0.00690	0.00190	0.00326	0.01004	0.00670	0.00650
29	0.02460	0.01407	0.01633	0.01252	0.01727	0.01452	0.01034	0.43563	0.02363	0.33986	0.01835	0.01698	0.01219	0.00732	0.00603	0.00183	0.00599	0.00568	0.00662	0.01023
30	0.01508	0.01031	0.01107	0.00991	0.01280	0.01133	0.00772	0.04462	0.40658	0.09514	0.02251	0.02203	0.01682	0.00768	0.00547	0.00180	0.00419	0.00629	0.28036	0.00829
31	0.00914	0.00687	0.00916	0.00889	0.00936	0.00789	0.00634	0.01022	0.00920	0.01297	0.01656	0.02974	0.01742	0.38187	0.35075	0.00718	0.09102	0.00738	0.00335	0.00471
32	0.83108	0.01163	0.00884	0.00791	0.01163	0.01350	0.00651	0.01768	0.01024	0.02699	0.00838	0.00977	0.00651	0.00558	0.00372	0.00186	0.00465	0.00326	0.00372	0.00651
33	0.83108	0.01163	0.00884	0.00791	0.01163	0.01350	0.00651	0.01768	0.01024	0.02699	0.00838	0.00977	0.00651	0.00558	0.00372	0.00186	0.00465	0.00326	0.00372	0.00651
34	0.06211	0.00981	0.01180	0.01017	0.01336	0.00974	0.00798	0.07361	0.14611	0.30019	0.10149	0.16244	0.04459	0.01026	0.00637	0.00200	0.00454	0.00870	0.00642	0.00831
35	0.00799	0.00593	0.00717	0.00790	0.00891	0.00557	0.00552	0.01024	0.05205	0.01715	0.09584	0.49287	0.18673	0.01638	0.00725	0.00224	0.00338	0.01454	0.04707	0.00528
36	0.01087	0.00929	0.01413	0.21858	0.12737	0.00981	0.03039	0.04963	0.01474	0.01993	0.23279	0.11122	0.09041	0.01020	0.00668	0.00200	0.00540	0.02522	0.00468	0.00667
37	0.00938	0.00652	0.00773	0.00757	0.00809	0.00676	0.00486	0.04830	0.01023	0.01378	0.02001	0.06914	0.04088	0.56084	0.15553	0.00603	0.00748	0.00865	0.00384	0.00440
38	0.01352	0.01297	0.04052	0.13473	0.12399	0.01273	0.25575	0.04428	0.07054	0.03902	0.11158	0.02074	0.01669	0.00675	0.00638	0.00191	0.00718	0.00681	0.06608	0.00783
39	0.01351	0.01281	0.02136	0.32451	0.43486	0.01396	0.01731	0.01795	0.05071	0.01826	0.01175	0.01573	0.00940	0.00576	0.00599	0.00189	0.00736	0.00543	0.00302	0.00841
40	0.13170	0.05217	0.04305	0.02869	0.06132	0.04638	0.04120	0.07289	0.17323	0.02118	0.01762	0.15284	0.01645	0.03533	0.00798	0.00217	0.07642	0.00744	0.00443	0.00751
41	0.08868	0.15089	0.01561	0.02914	0.01471	0.01173	0.00807	0.04474	0.01345	0.08587	0.04936	0.04624	0.01273	0.00609	0.00479	0.00132	0.00494	0.00474	0.00406	0.40282
42	0.19626	0.07128	0.14564	0.04334	0.06660	0.07217	0.07593	0.03645	0.07203	0.10078	0.03433	0.03554	0.01164	0.00657	0.00544	0.00185	0.00679	0.00529	0.00402	0.00805
43	0.07394	0.06547	0.08159	0.01093	0.01574	0.01228	0.00970	0.14623	0.06503	0.11239	0.04664	0.01762	0.01323	0.02805	0.00599	0.00166	0.00548	0.02209	0.00468	0.26126
44	0.07879	0.01254	0.03222	0.01190	0.01596	0.01236	0.05136	0.20356	0.11685	0.09197	0.05852	0.05612	0.03411	0.00838	0.00601	0.00184	0.00550	0.06265	0.00532	0.13406

[dist]
# distance from previous block
# <min> <max>
2	15

[block]
# block no. 7 follows, 38 sequences, length 16
# corresponding to MSA columns:
# 486-501
name=unknown_H
#
# <colnr> <probs for GDERKNQSTAVLIFYWHMCP>
#	G	D	E	R	K	N	Q	S	T	A	V	L	I	F	Y	W	H	M	C	P
0	0.02833	0.01079	0.01285	0.01190	0.05308	0.07614	0.07597	0.03641	0.07434	0.11179	0.02515	0.09346	0.12061	0.07207	0.00797	0.00216	0.00538	0.00797	0.16670	0.00693
1	0.01413	0.20320	0.04769	0.01107	0.01499	0.01322	0.05768	0.08228	0.05696	0.07085	0.05210	0.13982	0.06191	0.03821	0.00666	0.00187	0.00551	0.00749	0.00447	0.10991
2	0.01331	0.00942	0.01230	0.03429	0.09357	0.00919	0.00877	0.11267	0.03274	0.09324	0.02359	0.31042	0.03720	0.04735	0.00770	0.00218	0.00494	0.03860	0.00515	0.10339
3	0.01592	0.11337	0.16781	0.01425	0.04474	0.08415	0.05119	0.11776	0.01529	0.04587	0.01126	0.01289	0.00878	0.00575	0.00581	0.00153	0.03807	0.00439	0.00358	0.23758
4	0.01555	0.05900	0.07591	0.01779	0.17525	0.02521	0.08009	0.04217	0.05039	0.11159	0.05298	0.01648	0.01271	0.00594	0.00558	0.00156	0.00622	0.00526	0.00410	0.23621
5	0.00790	0.00586	0.00725	0.03813	0.00944	0.00556	0.00538	0.00909	0.01188	0.01555	0.10562	0.36105	0.17780	0.19647	0.01279	0.00308	0.00406	0.01318	0.00512	0.00479
6	0.01353	0.07546	0.02047	0.44493	0.03206	0.01518	0.08561	0.08815	0.05575	0.01854	0.01164	0.01545	0.00894	0.00634	0.00680	0.00194	0.05767	0.00538	0.00326	0.03289
7	0.00790	0.00589	0.00673	0.00702	0.00801	0.00541	0.00479	0.00901	0.01200	0.01534	0.09610	0.18834	0.29746	0.26010	0.01470	0.00333	0.00411	0.04403	0.00505	0.00466
8	0.00883	0.00639	0.00817	0.00839	0.00955	0.00611	0.00610	0.05156	0.01503	0.02060	0.34325	0.37103	0.06382	0.01515	0.00734	0.00217	0.00346	0.04143	0.00606	0.00557
9	0.00764	0.00575	0.00742	0.00806	0.00902	0.00552	0.00576	0.00916	0.01211	0.01603	0.09774	0.40869	0.19208	0.02274	0.15892	0.00375	0.00586	0.01346	0.00520	0.00509
10	0.01376	0.00859	0.01021	0.00905	0.01168	0.00851	0.00703	0.01980	0.19360	0.16952	0.29981	0.03496	0.12410	0.01040	0.00649	0.00191	0.00379	0.00886	0.05048	0.00745
11	0.01985	0.21668	0.02029	0.01346	0.01725	0.38538	0.01094	0.13681	0.04448	0.01869	0.01086	0.01231	0.00897	0.00842	0.04899	0.00201	0.00913	0.00422	0.00356	0.00769
12	0.01575	0.01331	0.01405	0.01240	0.01594	0.01533	0.00971	0.10152	0.66935	0.02643	0.02349	0.02165	0.01755	0.00807	0.00611	0.00202	0.00495	0.00666	0.00611	0.00959
13	0.18555	0.01128	0.01491	0.20574	0.06034	0.03012	0.03676	0.01573	0.01157	0.01903	0.01275	0.01979	0.01125	0.00799	0.00852	0.00210	0.17119	0.07511	0.09365	0.00660
14	0.00891	0.00623	0.00774	0.00744	0.00905	0.00560	0.00555	0.01123	0.01569	0.05487	0.47863	0.12053	0.21928	0.01343	0.00711	0.00198	0.00306	0.01171	0.00631	0.00566
15	0.01436	0.01136	0.01302	0.00990	0.01478	0.00989	0.00789	0.04831	0.15898	0.07051	0.01447	0.01508	0.01125	0.00551	0.00496	0.00122	0.00465	0.00445	0.00443	0.57497

[dist]
# distance from previous block
# <min> <max>
0	1

[block]
# block no. 8 follows, 38 sequences, length 39
# corresponding to MSA columns:
# 503-541
name=unknown_I
#
# <colnr> <probs for GDERKNQSTAVLIFYWHMCP>
#	G	D	E	R	K	N	Q	S	T	A	V	L	I	F	Y	W	H	M	C	P
0	0.01494	0.01176	0.01863	0.48485	0.16012	0.01336	0.01557	0.07532	0.01430	0.11422	0.01280	0.01629	0.00936	0.00618	0.00601	0.00193	0.00738	0.00545	0.00362	0.00793
1	0.02033	0.02016	0.14555	0.05674	0.02119	0.09259	0.01361	0.49731	0.02356	0.03107	0.01309	0.01387	0.00941	0.00679	0.00591	0.00181	0.00751	0.00509	0.00494	0.00947
2	0.01496	0.01292	0.01360	0.01224	0.01564	0.01496	0.00952	0.03197	0.74019	0.02516	0.02448	0.02244	0.01836	0.00816	0.00612	0.00204	0.00476	0.00680	0.00612	0.00952
3	0.06859	0.01277	0.01936	0.20546	0.37705	0.01387	0.01521	0.01984	0.14490	0.02002	0.01481	0.01745	0.03212	0.00633	0.00588	0.00190	0.00664	0.00569	0.00360	0.00852
4	0.01357	0.08355	0.17595	0.09193	0.11661	0.01273	0.05301	0.01842	0.06363	0.08443	0.18097	0.02197	0.02060	0.00757	0.00646	0.00187	0.02801	0.00649	0.00425	0.00797
5	0.00935	0.00812	0.01407	0.01237	0.01436	0.00761	0.17551	0.01183	0.01346	0.01830	0.17869	0.40063	0.03583	0.01409	0.00746	0.00225	0.00505	0.05997	0.00520	0.00585
6	0.00837	0.00614	0.00785	0.00742	0.00890	0.00562	0.00557	0.01108	0.01670	0.02334	0.67962	0.04622	0.12552	0.01259	0.00710	0.00191	0.00286	0.01106	0.00652	0.00562
7	0.29843	0.08963	0.10575	0.01208	0.05276	0.04152	0.01048	0.03898	0.01387	0.26220	0.01402	0.01403	0.00979	0.00622	0.00497	0.00179	0.00590	0.00449	0.00468	0.00840
8	0.18594	0.17874	0.01853	0.05684	0.10992	0.14005	0.01107	0.01820	0.01277	0.04459	0.01257	0.01639	0.03354	0.00774	0.02079	0.00196	0.07958	0.04012	0.00340	0.00726
9	0.00851	0.00615	0.00804	0.00757	0.00899	0.00568	0.00568	0.01135	0.01703	0.02412	0.74788	0.04494	0.05676	0.01230	0.00710	0.00189	0.00284	0.01088	0.00662	0.00568
10	0.09978	0.01134	0.01796	0.53091	0.13141	0.01324	0.02776	0.01702	0.01244	0.06595	0.01141	0.01552	0.00853	0.00596	0.00578	0.00195	0.00739	0.00520	0.00315	0.00731
11	0.01901	0.01462	0.10356	0.06749	0.12577	0.01299	0.02835	0.13384	0.07953	0.25523	0.05192	0.01845	0.01396	0.00718	0.00665	0.00191	0.03915	0.00590	0.00523	0.00926
12	0.01093	0.00855	0.01322	0.10675	0.20673	0.00861	0.01037	0.01302	0.01235	0.05736	0.02366	0.41830	0.02597	0.04595	0.00792	0.00233	0.00517	0.01167	0.00458	0.00656
13	0.01138	0.01031	0.01686	0.04464	0.22461	0.01144	0.05997	0.01398	0.01130	0.01618	0.01466	0.08595	0.01403	0.02268	0.30226	0.00504	0.11764	0.00692	0.00325	0.00691
14	0.09504	0.16848	0.31475	0.01492	0.02108	0.01567	0.10812	0.03621	0.08788	0.01981	0.01301	0.05615	0.01068	0.00653	0.00550	0.00184	0.00738	0.00541	0.00335	0.00820
15	0.02201	0.01159	0.02995	0.12856	0.01922	0.04799	0.01022	0.05975	0.01658	0.47953	0.06869	0.02109	0.01612	0.03266	0.00687	0.00200	0.00588	0.00618	0.00614	0.00898
16	0.01499	0.47225	0.02507	0.05377	0.01671	0.05043	0.03451	0.01701	0.01218	0.03503	0.01163	0.08164	0.01116	0.00729	0.00662	0.00166	0.10590	0.00517	0.02973	0.00724
17	0.01214	0.01256	0.08541	0.11211	0.01885	0.00955	0.01000	0.01537	0.01253	0.01901	0.04201	0.01438	0.01067	0.00532	0.00539	0.00124	0.03025	0.00425	0.00345	0.57551
18	0.05378	0.08273	0.21525	0.01264	0.01807	0.05072	0.01262	0.07880	0.05636	0.27801	0.06815	0.01790	0.01441	0.00701	0.00572	0.00182	0.00645	0.00549	0.00510	0.00898
19	0.04330	0.01040	0.04727	0.05214	0.06045	0.02114	0.00891	0.07763	0.05550	0.12824	0.14413	0.02398	0.02018	0.08078	0.01197	0.17558	0.00543	0.00662	0.00470	0.02164
20	0.00940	0.00714	0.00835	0.00790	0.00941	0.00709	0.00571	0.01369	0.12805	0.02067	0.39444	0.04188	0.13071	0.17553	0.01190	0.00276	0.00380	0.01002	0.00579	0.00577
21	0.04310	0.12882	0.18379	0.05875	0.02355	0.06725	0.21045	0.04676	0.04517	0.08686	0.01335	0.04211	0.01042	0.00629	0.00589	0.00185	0.00803	0.00571	0.00361	0.00823
22	0.16402	0.05206	0.01597	0.06186	0.10437	0.03769	0.05065	0.06111	0.02799	0.15997	0.01476	0.04788	0.01154	0.00657	0.00530	0.00171	0.00578	0.00538	0.05929	0.10612
23	0.00992	0.00906	0.01537	0.07725	0.03714	0.00910	0.16328	0.01254	0.01306	0.01755	0.11800	0.27031	0.10869	0.01328	0.02599	0.00238	0.04902	0.03733	0.00463	0.00611
24	0.00837	0.00573	0.00696	0.00753	0.00776	0.00562	0.00478	0.00894	0.01007	0.01339	0.02461	0.28116	0.02870	0.47607	0.02136	0.00448	0.00506	0.07078	0.00443	0.00420
25	0.02839	0.30060	0.12463	0.05757	0.07805	0.01783	0.05032	0.04947	0.09267	0.01852	0.01188	0.01380	0.00964	0.00626	0.00625	0.00172	0.07101	0.00467	0.04864	0.00806
26	0.09757	0.04212	0.07610	0.03507	0.07407	0.01352	0.05643	0.13100	0.14454	0.18414	0.01772	0.01777	0.02451	0.00689	0.00570	0.00185	0.00598	0.00566	0.05045	0.00892
27	0.00780	0.00628	0.00737	0.00753	0.00926	0.00585	0.00588	0.00966	0.01300	0.01627	0.07248	0.05147	0.47884	0.02160	0.16684	0.00373	0.00611	0.09969	0.00512	0.00522
28	0.08971	0.16524	0.24455	0.03734	0.05821	0.04314	0.13484	0.01801	0.01300	0.01906	0.05270	0.01498	0.01115	0.00604	0.00568	0.00177	0.02213	0.00505	0.04959	0.00780
29	0.19856	0.05896	0.12781	0.01446	0.04619	0.01292	0.13267	0.04156	0.01439	0.24638	0.03954	0.01608	0.01168	0.00633	0.00557	0.00186	0.00654	0.00533	0.00464	0.00853
30	0.00731	0.00575	0.00661	0.00714	0.00844	0.00505	0.00507	0.00874	0.01307	0.01650	0.10326	0.35448	0.40428	0.01648	0.00734	0.00219	0.00321	0.01436	0.00567	0.00505
31	0.01517	0.00781	0.01009	0.00871	0.01129	0.00712	0.00680	0.04299	0.01679	0.26648	0.36910	0.07866	0.07147	0.01076	0.00660	0.00189	0.00378	0.00927	0.04795	0.00728
32	0.05085	0.04319	0.19615	0.06474	0.15213	0.04777	0.01468	0.12456	0.08180	0.11487	0.01484	0.04284	0.01138	0.00680	0.00581	0.00186	0.00698	0.00556	0.00426	0.00892
33	0.01716	0.07614	0.11777	0.08288	0.20032	0.01562	0.06571	0.19063	0.07159	0.08298	0.01377	0.01530	0.01025	0.00625	0.00588	0.00183	0.00714	0.00538	0.00419	0.00920
34	0.12580	0.00712	0.00775	0.00725	0.00835	0.00721	0.00472	0.01232	0.01039	0.09206	0.06687	0.03363	0.02133	0.54552	0.02272	0.00460	0.00539	0.00784	0.00425	0.00487
35	0.01181	0.01489	0.19603	0.01403	0.01848	0.01035	0.15955	0.01680	0.06322	0.06122	0.22069	0.09291	0.07500	0.00942	0.00669	0.00199	0.00614	0.00865	0.00475	0.00736
36	0.03968	0.01724	0.18069	0.09006	0.08265	0.02656	0.15240	0.06892	0.03988	0.20289	0.01486	0.01615	0.01042	0.00631	0.00639	0.00192	0.02417	0.00563	0.00430	0.00888
37	0.01493	0.01074	0.06340	0.02538	0.01529	0.00965	0.07010	0.04159	0.04121	0.21040	0.06103	0.26860	0.02346	0.01134	0.00786	0.00213	0.07364	0.00979	0.03203	0.00742
38	0.14960	0.00908	0.00965	0.00871	0.01124	0.00933	0.00674	0.14807	0.01620	0.05865	0.15719	0.16103	0.16382	0.01138	0.00622	0.00196	0.00411	0.00947	0.05091	0.00664

[dist]
# distance from previous block
# <min> <max>
3	18

[block]
# block no. 9 follows, 38 sequences, length 35
# corresponding to MSA columns:
# 572-606
name=unknown_J
#
# <colnr> <probs for GDERKNQSTAVLIFYWHMCP>
#	G	D	E	R	K	N	Q	S	T	A	V	L	I	F	Y	W	H	M	C	P
0	0.07357	0.08881	0.24072	0.01221	0.01690	0.01192	0.03442	0.01732	0.03150	0.09634	0.09459	0.05341	0.03710	0.05346	0.04349	0.00247	0.03328	0.02256	0.00410	0.03182
1	0.04334	0.06131	0.20844	0.04017	0.01904	0.05074	0.02418	0.10358	0.14060	0.14032	0.06348	0.01875	0.01468	0.03688	0.00676	0.00201	0.00661	0.00574	0.00473	0.00863
2	0.04439	0.04884	0.09264	0.08372	0.03477	0.01018	0.05571	0.01730	0.05576	0.12859	0.25475	0.08246	0.04724	0.00939	0.00637	0.00193	0.00527	0.00820	0.00519	0.00730
3	0.00841	0.00580	0.00752	0.00837	0.00907	0.00551	0.00571	0.01021	0.03813	0.03815	0.11888	0.59969	0.03928	0.06413	0.00890	0.00255	0.00365	0.01515	0.00567	0.00523
4	0.43858	0.01327	0.01294	0.03560	0.01545	0.08995	0.05194	0.04586	0.01341	0.17862	0.01326	0.04483	0.01012	0.00663	0.00491	0.00187	0.00586	0.00486	0.00453	0.00752
5	0.01640	0.01773	0.16877	0.06659	0.09572	0.04918	0.22326	0.03923	0.04453	0.14575	0.01404	0.01583	0.01012	0.00589	0.00615	0.00185	0.00796	0.00568	0.00391	0.06141
6	0.01052	0.02046	0.04468	0.01090	0.03564	0.00731	0.02721	0.02969	0.01321	0.06407	0.02936	0.37941	0.05639	0.01490	0.00726	0.00233	0.00471	0.18641	0.04951	0.00603
7	0.00893	0.00637	0.00778	0.00822	0.00970	0.00586	0.00640	0.01075	0.01339	0.04503	0.09404	0.15171	0.29584	0.08644	0.00966	0.00264	0.00417	0.22222	0.00554	0.00530
8	0.01810	0.10979	0.19965	0.09510	0.02109	0.05331	0.01348	0.07444	0.09036	0.22205	0.03391	0.01667	0.01219	0.00671	0.00570	0.00182	0.00683	0.00528	0.00466	0.00887
9	0.01323	0.01373	0.12935	0.09392	0.03395	0.01204	0.06978	0.04277	0.11805	0.08002	0.01952	0.17253	0.01817	0.01066	0.02092	0.00230	0.08856	0.04847	0.00445	0.00756
10	0.02249	0.02801	0.01710	0.01541	0.01860	0.72267	0.01161	0.06361	0.01768	0.01602	0.00959	0.01105	0.00789	0.00626	0.00546	0.00156	0.01061	0.00396	0.00326	0.00716
11	0.01368	0.01469	0.02692	0.02055	0.02357	0.01683	0.36925	0.01686	0.01169	0.01686	0.01002	0.01469	0.00851	0.00781	0.01345	0.00233	0.39593	0.00618	0.00284	0.00734
12	0.04219	0.03152	0.03393	0.01567	0.09857	0.07700	0.07294	0.10319	0.12064	0.19163	0.05821	0.01893	0.01481	0.00872	0.03755	0.00218	0.02587	0.00599	0.03178	0.00870
13	0.01041	0.00697	0.00811	0.00830	0.00978	0.02463	0.00598	0.03622	0.01362	0.09117	0.07404	0.42821	0.19015	0.01529	0.00708	0.00217	0.00378	0.01343	0.04489	0.00578
14	0.00764	0.00527	0.00687	0.00815	0.00859	0.00494	0.00547	0.00883	0.01161	0.01593	0.03206	0.72282	0.03781	0.01789	0.00740	0.00236	0.00343	0.01617	0.07182	0.00494
15	0.03626	0.08176	0.09513	0.08535	0.02248	0.16904	0.18759	0.03228	0.04894	0.06355	0.05461	0.01662	0.01235	0.00634	0.00584	0.00179	0.00800	0.00560	0.05878	0.00768
16	0.05759	0.14208	0.07304	0.01294	0.05175	0.03751	0.03283	0.04129	0.10142	0.31761	0.05851	0.01836	0.01476	0.00699	0.00563	0.00178	0.00590	0.00561	0.00537	0.00900
17	0.00756	0.00545	0.00712	0.00821	0.00880	0.00507	0.00563	0.00885	0.01222	0.01631	0.10725	0.62340	0.08172	0.03690	0.00818	0.00246	0.00353	0.04072	0.00564	0.00497
18	0.43405	0.04281	0.06967	0.01198	0.01615	0.06797	0.08126	0.02074	0.13624	0.02355	0.01174	0.01299	0.00906	0.00618	0.00530	0.00190	0.03265	0.00445	0.00385	0.00744
19	0.00848	0.00612	0.00801	0.00759	0.00898	0.00565	0.00567	0.01126	0.01685	0.02384	0.72484	0.06879	0.05621	0.01251	0.00711	0.00191	0.00286	0.01108	0.00659	0.00565
20	0.35102	0.01473	0.01431	0.01143	0.01580	0.01656	0.00944	0.44137	0.02096	0.03348	0.01198	0.01255	0.00872	0.00656	0.00509	0.00183	0.00582	0.00454	0.00509	0.00872
21	0.01276	0.01162	0.01581	0.01372	0.01400	0.01581	0.01134	0.01438	0.00991	0.01610	0.01029	0.01505	0.00943	0.00981	0.01658	0.00238	0.61970	0.00533	0.16959	0.00638
22	0.01657	0.07866	0.05962	0.01400	0.08598	0.01139	0.06640	0.02035	0.05084	0.18784	0.01436	0.01511	0.01066	0.00559	0.00527	0.00144	0.00574	0.00476	0.00435	0.34107
23	0.01907	0.01675	0.16182	0.05893	0.04129	0.01349	0.12196	0.19817	0.01824	0.22736	0.05030	0.01759	0.01290	0.00679	0.00618	0.00189	0.00709	0.00591	0.00505	0.00922
24	0.00721	0.00571	0.00649	0.00711	0.00839	0.00499	0.00502	0.00852	0.01274	0.01585	0.04858	0.38111	0.43338	0.01684	0.00736	0.00221	0.00324	0.01466	0.00559	0.00499
25	0.01526	0.41109	0.20063	0.04757	0.02028	0.05464	0.05312	0.04412	0.06935	0.01734	0.01075	0.01223	0.00870	0.00567	0.00490	0.00159	0.00738	0.00420	0.00301	0.00816
26	0.01714	0.09658	0.15303	0.05133	0.04942	0.01378	0.04645	0.04840	0.15358	0.20516	0.01777	0.05993	0.01359	0.00752	0.00647	0.00192	0.03812	0.00616	0.00481	0.00884
27	0.00801	0.00598	0.00744	0.00739	0.00876	0.00541	0.00542	0.01026	0.01537	0.02093	0.47783	0.17430	0.20267	0.01405	0.00720	0.00202	0.00299	0.01233	0.00622	0.00541
28	0.01362	0.00788	0.00903	0.00815	0.01026	0.04210	0.00624	0.01618	0.01566	0.17480	0.34151	0.07407	0.03452	0.01005	0.00611	0.00178	0.00372	0.00858	0.20910	0.00662
29	0.01751	0.05542	0.14040	0.16385	0.04399	0.03572	0.01301	0.04934	0.09085	0.24543	0.01840	0.05487	0.02981	0.00745	0.00596	0.00190	0.00653	0.00614	0.00483	0.00860
30	0.01499	0.03844	0.02709	0.00932	0.01218	0.00814	0.00752	0.01830	0.07460	0.25804	0.11147	0.17159	0.16629	0.01193	0.00669	0.00204	0.00430	0.04355	0.00616	0.00736
31	0.01955	0.01066	0.01233	0.01007	0.01359	0.01083	0.00811	0.19596	0.09324	0.26871	0.05022	0.02076	0.01598	0.00754	0.00557	0.00174	0.00470	0.00605	0.23570	0.00867
32	0.06085	0.01411	0.01859	0.20354	0.21805	0.09842	0.03476	0.02114	0.07409	0.14488	0.01388	0.01599	0.01037	0.00642	0.00642	0.00189	0.03892	0.00536	0.00397	0.00835
33	0.03819	0.04667	0.17180	0.09071	0.11874	0.01385	0.13844	0.07279	0.05718	0.10833	0.01354	0.01532	0.00993	0.00592	0.00587	0.00181	0.00737	0.00536	0.00386	0.07431
34	0.01339	0.03286	0.02995	0.06447	0.01517	0.01069	0.04309	0.01543	0.01164	0.14163	0.03414	0.06823	0.01604	0.13291	0.16757	0.00422	0.15424	0.00703	0.03078	0.00653

[dist]
# distance from previous block
# <min> <max>
1	5

[block]
# block no. 10 follows, 38 sequences, length 22
# corresponding to MSA columns:
# 612-633
name=unknown_K
#
# <colnr> <probs for GDERKNQSTAVLIFYWHMCP>
#	G	D	E	R	K	N	Q	S	T	A	V	L	I	F	Y	W	H	M	C	P
0	0.21272	0.01065	0.01182	0.00971	0.01347	0.01065	0.00776	0.06781	0.09397	0.22197	0.04336	0.01725	0.01317	0.00889	0.02331	0.08167	0.00512	0.00514	0.00511	0.13640
1	0.01970	0.01179	0.01358	0.01142	0.01526	0.01243	0.00910	0.07504	0.38819	0.29477	0.02330	0.02120	0.01640	0.00777	0.00598	0.00192	0.00491	0.00637	0.05125	0.00962
2	0.01489	0.01429	0.02442	0.03692	0.75106	0.01429	0.01846	0.01846	0.01370	0.01965	0.01132	0.01489	0.00953	0.00536	0.00596	0.00179	0.00715	0.00536	0.00298	0.00953
3	0.00789	0.00564	0.00763	0.00902	0.00962	0.00537	0.00657	0.00935	0.01208	0.01599	0.03284	0.61322	0.03855	0.01831	0.00783	0.00252	0.00398	0.18295	0.00557	0.00504
4	0.01660	0.01374	0.01453	0.01257	0.01627	0.01573	0.00992	0.17707	0.59241	0.02781	0.02240	0.02078	0.01668	0.00797	0.00610	0.00199	0.00515	0.00651	0.00610	0.00967
5	0.83108	0.01163	0.00884	0.00791	0.01163	0.01350	0.00651	0.01768	0.01024	0.02699	0.00838	0.00977	0.00651	0.00558	0.00372	0.00186	0.00465	0.00326	0.00372	0.00651
6	0.06784	0.01096	0.01360	0.01092	0.01522	0.01056	0.00888	0.02932	0.18975	0.54102	0.02308	0.02036	0.01527	0.00752	0.00594	0.00190	0.00501	0.00608	0.00693	0.00986
