[name]
unknown

[dist]
# distance from previous block
# <min> <max>
4	35

[block]
# block no. 0 follows, 41 sequences, length 6
# corresponding to MSA columns:
# 69-74
name=unknown_A
#
# <colnr> <probs for GDERKNQSTAVLIFYWHMCP>
#	G	D	E	R	K	N	Q	S	T	A	V	L	I	F	Y	W	H	M	C	P
0	0.14964	0.00840	0.01021	0.15056	0.01552	0.00894	0.00785	0.01447	0.08241	0.02136	0.34785	0.02852	0.06064	0.00878	0.00576	0.00177	0.00417	0.00741	0.00486	0.06087
1	0.01410	0.15868	0.06816	0.15490	0.42881	0.01487	0.01569	0.01743	0.01258	0.04720	0.01059	0.01351	0.00860	0.00526	0.00530	0.00166	0.00683	0.00469	0.00286	0.00828
2	0.43042	0.07678	0.01318	0.00956	0.01362	0.01411	0.00803	0.20043	0.01530	0.15240	0.01187	0.01211	0.00851	0.00596	0.00447	0.00171	0.00510	0.00405	0.00459	0.00777
3	0.01335	0.01254	0.02000	0.21405	0.46050	0.01348	0.01571	0.01900	0.13750	0.01858	0.01273	0.01564	0.01013	0.00570	0.00570	0.00179	0.00661	0.00532	0.00327	0.00840
4	0.01468	0.01004	0.01396	0.01542	0.19564	0.00953	0.00969	0.01920	0.11232	0.18007	0.21382	0.02349	0.02310	0.00750	0.00578	0.00165	0.00463	0.00656	0.00513	0.12779
5	0.01354	0.01296	0.02210	0.17285	0.63037	0.01343	0.01725	0.01701	0.01273	0.01794	0.01065	0.01436	0.00880	0.00521	0.00567	0.00174	0.00695	0.00509	0.00278	0.00856

[dist]
# distance from previous block
# <min> <max>
0	1

[block]
# block no. 1 follows, 41 sequences, length 9
# corresponding to MSA columns:
# 76-84
name=unknown_B
#
# <colnr> <probs for GDERKNQSTAVLIFYWHMCP>
#	G	D	E	R	K	N	Q	S	T	A	V	L	I	F	Y	W	H	M	C	P
0	0.01399	0.01405	0.02584	0.03237	0.58076	0.01381	0.19800	0.01775	0.01314	0.01860	0.01096	0.01447	0.00897	0.00503	0.00593	0.00176	0.00750	0.00551	0.00285	0.00873
1	0.01986	0.01542	0.01867	0.01862	0.20331	0.01671	0.01254	0.56336	0.02344	0.03173	0.01299	0.01384	0.00956	0.00643	0.00571	0.00171	0.00642	0.00514	0.00500	0.00956
2	0.21442	0.00740	0.00719	0.00680	0.00898	0.00744	0.00529	0.01093	0.01245	0.01891	0.13589	0.04021	0.44764	0.01164	0.00647	0.00190	0.03694	0.00931	0.00488	0.00530
3	0.01356	0.01313	0.02146	0.07145	0.53716	0.01452	0.01621	0.01645	0.01188	0.01724	0.00992	0.01381	0.00859	0.00635	0.00893	0.00191	0.20141	0.00507	0.00273	0.00821
4	0.02073	0.01144	0.01826	0.01372	0.01824	0.01061	0.19113	0.07261	0.04983	0.45019	0.06663	0.01966	0.01520	0.00683	0.00607	0.00182	0.00600	0.00629	0.00584	0.00892
5	0.01573	0.01097	0.01616	0.02089	0.34579	0.04066	0.01181	0.01813	0.01353	0.21705	0.01900	0.20983	0.01751	0.00885	0.00607	0.00186	0.00556	0.00799	0.00459	0.00804
6	0.01526	0.01025	0.01664	0.01416	0.06416	0.00965	0.17763	0.05469	0.01463	0.23378	0.07268	0.12501	0.12635	0.00928	0.00673	0.00192	0.02614	0.00847	0.00511	0.00748
7	0.03663	0.01265	0.01352	0.01134	0.01464	0.05831	0.00900	0.08870	0.28896	0.04135	0.01604	0.04586	0.01296	0.00730	0.00711	0.00170	0.11023	0.00548	0.00454	0.21368
8	0.01896	0.27415	0.02133	0.05826	0.01803	0.05119	0.01082	0.43151	0.02051	0.02642	0.01142	0.01218	0.00872	0.00611	0.00502	0.00156	0.00649	0.00440	0.00434	0.00861

[dist]
# distance from previous block
# <min> <max>
0	1

[block]
# block no. 2 follows, 41 sequences, length 59
# corresponding to MSA columns:
# 86-144
name=unknown_C
#
# <colnr> <probs for GDERKNQSTAVLIFYWHMCP>
#	G	D	E	R	K	N	Q	S	T	A	V	L	I	F	Y	W	H	M	C	P
0	0.01040	0.00747	0.01008	0.01030	0.01163	0.00797	0.00867	0.01255	0.01257	0.06508	0.05135	0.05104	0.10693	0.05669	0.01030	0.00262	0.11608	0.43780	0.00493	0.00556
1	0.57821	0.01382	0.01094	0.00941	0.01307	0.10943	0.00762	0.13113	0.01347	0.05416	0.00953	0.01050	0.00720	0.00569	0.00417	0.00172	0.00547	0.00359	0.00394	0.00693
2	0.02087	0.01584	0.01819	0.01388	0.01850	0.01737	0.06302	0.66513	0.05370	0.03432	0.01394	0.01414	0.00995	0.00675	0.00580	0.00174	0.00647	0.00531	0.00552	0.00956
3	0.01447	0.01356	0.04456	0.03064	0.61881	0.01325	0.01628	0.01834	0.04433	0.05950	0.03252	0.01541	0.01082	0.00570	0.00620	0.00175	0.03642	0.00530	0.00326	0.00887
4	0.01154	0.01053	0.01820	0.70236	0.03780	0.01268	0.06747	0.01537	0.01177	0.04260	0.01072	0.01542	0.00794	0.00570	0.00579	0.00190	0.00767	0.00523	0.00273	0.00658
5	0.01175	0.01104	0.01862	0.45617	0.30120	0.01245	0.01574	0.01521	0.01198	0.01610	0.01191	0.07052	0.01030	0.00636	0.00581	0.00186	0.00701	0.00589	0.00284	0.00722
6	0.01013	0.00640	0.00852	0.04148	0.01110	0.00624	0.00668	0.01253	0.06164	0.11009	0.02885	0.56062	0.03186	0.01521	0.00698	0.00223	0.00392	0.06438	0.00545	0.00570
7	0.02025	0.01263	0.01612	0.06762	0.01830	0.01312	0.05909	0.31561	0.07265	0.26593	0.06492	0.01820	0.01433	0.00709	0.00587	0.00178	0.00580	0.00587	0.00578	0.00903
8	0.01228	0.01168	0.01983	0.45451	0.35856	0.01310	0.01662	0.01591	0.01214	0.01641	0.01043	0.01477	0.00826	0.00544	0.00569	0.00181	0.00726	0.00509	0.00267	0.00755
9	0.00955	0.00611	0.00805	0.00873	0.00966	0.00592	0.00664	0.01104	0.01157	0.06852	0.02701	0.25609	0.02990	0.21161	0.01289	0.00321	0.00477	0.29880	0.00496	0.00496
10	0.83938	0.01106	0.00841	0.00752	0.01106	0.01283	0.00619	0.01681	0.00973	0.02566	0.00796	0.00929	0.00619	0.00531	0.00354	0.00177	0.00442	0.00310	0.00354	0.00619
11	0.01467	0.01457	0.02272	0.03365	0.71002	0.06808	0.01709	0.01793	0.01325	0.01835	0.01062	0.01388	0.00894	0.00515	0.00563	0.00168	0.00705	0.00500	0.00284	0.00889
12	0.01216	0.02089	0.38836	0.05011	0.26791	0.03477	0.01766	0.01695	0.01271	0.01805	0.04246	0.01708	0.06352	0.00623	0.00566	0.00178	0.00731	0.00533	0.00293	0.00815
13	0.01172	0.01236	0.02535	0.09680	0.02542	0.01190	0.48273	0.01568	0.01331	0.01805	0.10808	0.11802	0.01797	0.00744	0.00672	0.00196	0.00776	0.00824	0.00359	0.00690
14	0.01307	0.01249	0.02126	0.27699	0.52987	0.01331	0.01702	0.01661	0.01251	0.01737	0.01057	0.01451	0.00860	0.00530	0.00568	0.00177	0.00706	0.00509	0.00274	0.00819
15	0.01444	0.01428	0.06309	0.03250	0.67419	0.01340	0.01717	0.01833	0.03388	0.04677	0.01152	0.01444	0.00939	0.00526	0.00566	0.00171	0.00675	0.00511	0.00305	0.00905
16	0.63177	0.05654	0.03826	0.00915	0.01246	0.03633	0.00790	0.01666	0.00999	0.02282	0.00801	0.00984	0.00650	0.00592	0.00565	0.00183	0.10733	0.00340	0.00329	0.00636
17	0.01230	0.04264	0.09049	0.01283	0.01497	0.10642	0.01152	0.01554	0.05243	0.01620	0.01851	0.03467	0.01881	0.01119	0.00985	0.00228	0.20827	0.31089	0.00390	0.00630
18	0.01585	0.01250	0.07060	0.16902	0.23101	0.01170	0.01345	0.09730	0.01474	0.18184	0.01604	0.07381	0.01318	0.00736	0.00592	0.00186	0.00627	0.04508	0.00429	0.00819
19	0.78131	0.01097	0.00875	0.00771	0.01131	0.01252	0.00635	0.01760	0.01021	0.07859	0.00901	0.01002	0.00676	0.00544	0.00370	0.00177	0.00446	0.00329	0.00379	0.00645
20	0.01298	0.01075	0.06515	0.01032	0.01304	0.00999	0.00856	0.14762	0.08329	0.08398	0.05111	0.26169	0.08089	0.01116	0.00715	0.00196	0.06057	0.00935	0.01854	0.05190
21	0.01890	0.11077	0.09223	0.01097	0.01515	0.09420	0.00980	0.02282	0.08475	0.34035	0.12278	0.01993	0.01784	0.00723	0.00555	0.00169	0.00564	0.00576	0.00535	0.00829
22	0.02369	0.00959	0.01272	0.00994	0.01412	0.00847	0.00815	0.02661	0.05615	0.67315	0.02513	0.02211	0.06771	0.00765	0.00583	0.00179	0.00471	0.00624	0.00688	0.00935
23	0.01815	0.02132	0.05636	0.06893	0.01886	0.42072	0.01139	0.07288	0.21753	0.01847	0.01329	0.01401	0.01029	0.00643	0.00543	0.00167	0.00817	0.00467	0.00386	0.00758
24	0.00823	0.00589	0.00801	0.00801	0.00862	0.00651	0.00567	0.00945	0.00884	0.01240	0.01641	0.02848	0.01691	0.34651	0.47626	0.00773	0.01140	0.00701	0.00323	0.00445
25	0.00702	0.00570	0.00623	0.00639	0.00801	0.00491	0.00473	0.00858	0.01314	0.01631	0.14177	0.16060	0.55083	0.01466	0.00686	0.00199	0.00299	0.02897	0.00543	0.00488
26	0.15418	0.01259	0.01275	0.01115	0.01462	0.01447	0.00882	0.12496	0.52931	0.02586	0.01941	0.01828	0.01451	0.00723	0.00542	0.00188	0.00475	0.00572	0.00542	0.00866
27	0.01080	0.01017	0.01716	0.78523	0.03940	0.01271	0.01589	0.01461	0.01144	0.01461	0.01017	0.01525	0.00762	0.00572	0.00572	0.00191	0.00762	0.00508	0.00254	0.00635
28	0.02047	0.01456	0.01630	0.06787	0.01865	0.01607	0.01078	0.53975	0.10928	0.10380	0.01544	0.01528	0.01091	0.00691	0.00574	0.00176	0.00605	0.00536	0.00564	0.00941
29	0.01572	0.01358	0.02591	0.12688	0.10858	0.01329	0.39744	0.06074	0.01441	0.14518	0.01327	0.01585	0.00956	0.00547	0.00626	0.00186	0.00806	0.00608	0.00371	0.00813
30	0.02013	0.00852	0.01128	0.00910	0.01253	0.00759	0.00734	0.02281	0.03279	0.51628	0.18433	0.02480	0.02303	0.00807	0.00581	0.00174	0.00418	0.00674	0.08460	0.00835
31	0.00721	0.00529	0.00680	0.00776	0.00849	0.00488	0.00546	0.00856	0.01192	0.01573	0.10722	0.56360	0.14170	0.01667	0.00721	0.00224	0.00334	0.06572	0.00540	0.00479
32	0.01376	0.01319	0.02250	0.12367	0.67783	0.01349	0.01736	0.01721	0.01284	0.01821	0.01069	0.01429	0.00889	0.00517	0.00567	0.00172	0.00689	0.00509	0.00280	0.00874
33	0.01231	0.01156	0.01950	0.36622	0.38707	0.01269	0.01620	0.01583	0.01233	0.01676	0.01192	0.01833	0.01017	0.00616	0.00585	0.00186	0.00705	0.05773	0.00288	0.00758
34	0.00697	0.00498	0.00664	0.00796	0.00830	0.00465	0.00531	0.00796	0.01095	0.01460	0.03153	0.79525	0.03783	0.01792	0.00730	0.00232	0.00332	0.01626	0.00531	0.00465
35	0.01350	0.01543	0.03375	0.02411	0.02989	0.01446	0.74253	0.01832	0.01350	0.01832	0.01157	0.01543	0.00868	0.00482	0.00675	0.00193	0.00964	0.00675	0.00289	0.00771
36	0.00704	0.00572	0.00624	0.00630	0.00794	0.00492	0.00465	0.00867	0.01341	0.01678	0.18822	0.13288	0.54864	0.01433	0.00682	0.00195	0.00291	0.01220	0.00550	0.00492
37	0.01707	0.01370	0.01453	0.01221	0.01596	0.01555	0.00974	0.30020	0.47854	0.02851	0.01967	0.01847	0.01454	0.00742	0.00578	0.00186	0.00519	0.00597	0.00578	0.00931
38	0.00696	0.00501	0.00661	0.00789	0.00828	0.00465	0.00528	0.00797	0.01103	0.01463	0.03247	0.76876	0.06371	0.01780	0.00728	0.00231	0.00330	0.01611	0.00531	0.00465
39	0.01377	0.01337	0.02335	0.11060	0.63728	0.01356	0.06919	0.01731	0.01290	0.01825	0.01076	0.01436	0.00889	0.00514	0.00575	0.00174	0.00708	0.00521	0.00281	0.00869
40	0.01529	0.80242	0.02997	0.00979	0.01468	0.02263	0.00979	0.01713	0.01162	0.01346	0.00795	0.00918	0.00734	0.00489	0.00367	0.00122	0.00612	0.00306	0.00245	0.00734
41	0.00832	0.00555	0.00624	0.00624	0.00624	0.00555	0.00347	0.00832	0.00832	0.01109	0.01802	0.03743	0.02080	0.79898	0.02911	0.00555	0.00555	0.00832	0.00347	0.00347
42	0.01080	0.01017	0.01716	0.78523	0.03940	0.01271	0.01589	0.01461	0.01144	0.01461	0.01017	0.01525	0.00762	0.00572	0.00572	0.00191	0.00762	0.00508	0.00254	0.00635
43	0.01080	0.01017	0.01716	0.78523	0.03940	0.01271	0.01589	0.01461	0.01144	0.01461	0.01017	0.01525	0.00762	0.00572	0.00572	0.00191	0.00762	0.00508	0.00254	0.00635
44	0.00697	0.00498	0.00664	0.00796	0.00830	0.00465	0.00531	0.00796	0.01095	0.01460	0.03153	0.79525	0.03783	0.01792	0.00730	0.00232	0.00332	0.01626	0.00531	0.00465
45	0.01066	0.00533	0.00533	0.00533	0.00666	0.00533	0.00400	0.01333	0.01200	0.02132	0.01866	0.02132	0.01466	0.00666	0.00400	0.00133	0.00267	0.00533	0.83073	0.00533
46	0.00676	0.00579	0.00579	0.00579	0.00773	0.00483	0.00435	0.00821	0.01304	0.01545	0.05794	0.05505	0.76098	0.01449	0.00676	0.00193	0.00290	0.01207	0.00531	0.00483
47	0.00697	0.00498	0.00664	0.00796	0.00830	0.00465	0.00531	0.00796	0.01095	0.01460	0.03153	0.79525	0.03783	0.01792	0.00730	0.00232	0.00332	0.01626	0.00531	0.00465
48	0.01416	0.01359	0.02322	0.03511	0.76330	0.01359	0.01755	0.01755	0.01302	0.01869	0.01076	0.01416	0.00906	0.00510	0.00566	0.00170	0.00680	0.00510	0.00283	0.00906
49	0.83938	0.01106	0.00841	0.00752	0.01106	0.01283	0.00619	0.01681	0.00973	0.02566	0.00796	0.00929	0.00619	0.00531	0.00354	0.00177	0.00442	0.00310	0.00354	0.00619
50	0.00702	0.00580	0.00616	0.00607	0.00789	0.00494	0.00455	0.00872	0.01366	0.01693	0.19694	0.05261	0.62106	0.01393	0.00676	0.00191	0.00286	0.01173	0.00551	0.00494
51	0.00817	0.00613	0.00919	0.00919	0.01021	0.00715	0.00715	0.01021	0.00919	0.01328	0.01532	0.02247	0.01430	0.04290	0.77631	0.00919	0.01532	0.00613	0.00306	0.00511
52	0.01186	0.01017	0.01186	0.00847	0.01356	0.00762	0.00678	0.01440	0.01186	0.01864	0.01017	0.01186	0.00847	0.00424	0.00424	0.00085	0.00424	0.00339	0.00339	0.83395
53	0.01080	0.01017	0.01716	0.78523	0.03940	0.01271	0.01589	0.01461	0.01144	0.01461	0.01017	0.01525	0.00762	0.00572	0.00572	0.00191	0.00762	0.00508	0.00254	0.00635
54	0.01324	0.19033	0.41148	0.01455	0.02105	0.01440	0.09543	0.01800	0.01279	0.07102	0.07462	0.01496	0.01189	0.00590	0.00533	0.00169	0.00734	0.00488	0.00314	0.00797
55	0.01186	0.01017	0.01186	0.00847	0.01356	0.00762	0.00678	0.01440	0.01186	0.01864	0.01017	0.01186	0.00847	0.00424	0.00424	0.00085	0.00424	0.00339	0.00339	0.83395
56	0.01376	0.01191	0.01730	0.12324	0.31869	0.01240	0.01300	0.14347	0.05516	0.02090	0.01620	0.09465	0.04100	0.00749	0.00585	0.00178	0.00598	0.02633	0.00391	0.06699
57	0.25904	0.01284	0.01882	0.02692	0.54008	0.01337	0.01418	0.01733	0.01205	0.02076	0.00993	0.01271	0.00821	0.00516	0.00503	0.00172	0.00609	0.00450	0.00304	0.00821
58	0.05896	0.01227	0.01972	0.14939	0.48978	0.01275	0.01537	0.03956	0.01321	0.05952	0.01264	0.01794	0.01068	0.00613	0.00572	0.00181	0.00657	0.05639	0.00332	0.00826

[dist]
# distance from previous block
# <min> <max>
0	5

[block]
# block no. 3 follows, 41 sequences, length 49
# corresponding to MSA columns:
# 150-198
name=unknown_D
#
# <colnr> <probs for GDERKNQSTAVLIFYWHMCP>
#	G	D	E	R	K	N	Q	S	T	A	V	L	I	F	Y	W	H	M	C	P
0	0.51689	0.01217	0.01390	0.01722	0.26806	0.01334	0.01030	0.05347	0.01172	0.02380	0.00921	0.01117	0.00735	0.00531	0.00437	0.00174	0.00533	0.00388	0.00341	0.00735
1	0.01448	0.01348	0.02050	0.02882	0.56485	0.05557	0.01527	0.01804	0.04098	0.05012	0.07101	0.01662	0.01298	0.00609	0.00639	0.00175	0.04562	0.00551	0.00339	0.00852
2	0.23196	0.35873	0.03794	0.04863	0.01523	0.01687	0.00944	0.01824	0.01160	0.12683	0.01022	0.01135	0.00806	0.00578	0.00528	0.00160	0.06780	0.00375	0.00342	0.00728
3	0.01391	0.01412	0.02584	0.02738	0.36715	0.01403	0.29996	0.01973	0.12118	0.01931	0.01290	0.01570	0.01014	0.00538	0.00611	0.00182	0.00758	0.00594	0.00329	0.00853
4	0.01358	0.01161	0.01237	0.01117	0.01420	0.01329	0.00867	0.02832	0.67505	0.02382	0.10122	0.02360	0.02132	0.00818	0.00592	0.00193	0.00433	0.00688	0.00587	0.00867
5	0.00840	0.00593	0.00818	0.00818	0.00899	0.00662	0.00602	0.01001	0.00921	0.01340	0.01623	0.02594	0.01588	0.22007	0.53701	0.00770	0.01199	0.00659	0.06893	0.00473
6	0.00817	0.00613	0.00919	0.00919	0.01021	0.00715	0.00715	0.01021	0.00919	0.01328	0.01532	0.02247	0.01430	0.04290	0.77631	0.00919	0.01532	0.00613	0.00306	0.00511
7	0.01078	0.05389	0.01459	0.01219	0.01291	0.01329	0.01002	0.01241	0.00911	0.01354	0.01094	0.01667	0.01046	0.02405	0.34800	0.00535	0.40788	0.00539	0.00274	0.00582
8	0.00703	0.00567	0.00626	0.00640	0.00796	0.00490	0.00469	0.00862	0.01324	0.01661	0.17529	0.17641	0.51777	0.01457	0.00685	0.00197	0.00293	0.01247	0.00548	0.00490
9	0.01399	0.01342	0.02291	0.07259	0.72713	0.01355	0.01747	0.01741	0.01294	0.01848	0.01073	0.01421	0.00899	0.00513	0.00567	0.00171	0.00684	0.00510	0.00282	0.00893
10	0.01508	0.75921	0.07131	0.01015	0.01524	0.02211	0.01042	0.01718	0.01165	0.01372	0.00808	0.00934	0.00734	0.00492	0.00377	0.00126	0.00625	0.00312	0.00245	0.00740
11	0.00764	0.00579	0.00704	0.00681	0.00828	0.00519	0.00507	0.00987	0.01497	0.02026	0.51130	0.08406	0.26714	0.01285	0.00678	0.00187	0.00279	0.01116	0.00595	0.00519
12	0.08726	0.00951	0.01215	0.06681	0.06834	0.01013	0.01001	0.08321	0.10306	0.07994	0.02253	0.05098	0.02165	0.01095	0.00657	0.00220	0.00541	0.33740	0.00500	0.00690
13	0.01159	0.00765	0.01005	0.00910	0.00991	0.00866	0.00666	0.01253	0.00971	0.11912	0.01606	0.02715	0.01600	0.39096	0.15875	0.00506	0.16523	0.00689	0.00371	0.00521
14	0.00701	0.00515	0.00659	0.00768	0.00829	0.00473	0.00525	0.00814	0.01143	0.01498	0.05283	0.65363	0.14492	0.01722	0.00722	0.00226	0.00328	0.02937	0.00533	0.00470
15	0.02445	0.01003	0.01334	0.01042	0.01468	0.00901	0.00864	0.08113	0.01699	0.67005	0.02233	0.02155	0.01487	0.00755	0.00587	0.00181	0.00500	0.04591	0.00688	0.00948
16	0.01251	0.01251	0.01752	0.01502	0.01502	0.01752	0.01251	0.01377	0.00876	0.01377	0.00751	0.01251	0.00751	0.01001	0.01877	0.00250	0.78851	0.00501	0.00250	0.00626
17	0.01147	0.02959	0.76934	0.01630	0.02476	0.01328	0.02113	0.01811	0.01208	0.01811	0.01026	0.01208	0.00725	0.00543	0.00543	0.00181	0.00845	0.00423	0.00242	0.00845
18	0.01186	0.01017	0.01186	0.00847	0.01356	0.00762	0.00678	0.01440	0.01186	0.01864	0.01017	0.01186	0.00847	0.00424	0.00424	0.00085	0.00424	0.00339	0.00339	0.83395
19	0.00738	0.00550	0.00686	0.00719	0.00828	0.00499	0.00514	0.00916	0.01351	0.01815	0.33145	0.33334	0.19874	0.01467	0.00696	0.00203	0.00298	0.01298	0.00571	0.00499
20	0.00707	0.00509	0.00674	0.00802	0.00845	0.00475	0.00547	0.00817	0.01114	0.01476	0.03240	0.73253	0.06318	0.01769	0.00731	0.00232	0.00340	0.05152	0.00531	0.00468
21	0.01490	0.17825	0.29160	0.01645	0.08324	0.19120	0.04421	0.01859	0.01279	0.01592	0.00933	0.01145	0.00753	0.00578	0.00626	0.00167	0.07647	0.00411	0.00261	0.00764
22	0.01498	0.01381	0.02201	0.03077	0.61069	0.01442	0.01632	0.10819	0.01442	0.02047	0.01087	0.01397	0.00902	0.00571	0.00671	0.00176	0.06869	0.00510	0.00317	0.00892
23	0.00832	0.00555	0.00624	0.00624	0.00624	0.00555	0.00347	0.00832	0.00832	0.01109	0.01802	0.03743	0.02080	0.79898	0.02911	0.00555	0.00555	0.00832	0.00347	0.00347
24	0.01198	0.01013	0.01685	0.72364	0.03742	0.01237	0.01529	0.01567	0.01183	0.07442	0.01115	0.01558	0.00814	0.00583	0.00572	0.00190	0.00741	0.00514	0.00290	0.00662
25	0.05709	0.17511	0.39167	0.01313	0.01961	0.01422	0.01499	0.05043	0.01342	0.18018	0.01250	0.01304	0.00881	0.00574	0.00507	0.00168	0.00693	0.00431	0.00362	0.00845
26	0.00820	0.00562	0.00647	0.00665	0.00693	0.00553	0.00411	0.00859	0.00923	0.01212	0.02291	0.07905	0.08149	0.63136	0.02445	0.00485	0.00520	0.06957	0.00386	0.00379
27	0.01377	0.01320	0.02253	0.12049	0.68090	0.01349	0.01736	0.01722	0.01284	0.01822	0.01069	0.01428	0.00890	0.00517	0.00567	0.00172	0.00689	0.00509	0.00280	0.00875
28	0.05792	0.01169	0.01318	0.01100	0.01471	0.01248	0.00881	0.13622	0.34686	0.24941	0.05978	0.02018	0.01668	0.00751	0.00572	0.00184	0.00480	0.00610	0.00610	0.00903
29	0.00830	0.00562	0.00659	0.00659	0.00672	0.00574	0.00391	0.00855	0.00842	0.01135	0.01770	0.03563	0.02001	0.70817	0.11886	0.00598	0.00672	0.00806	0.00342	0.00366
30	0.00886	0.00633	0.00881	0.01013	0.01129	0.00628	0.00860	0.01123	0.01282	0.01672	0.03048	0.18051	0.03370	0.01614	0.00781	0.00258	0.00496	0.61234	0.00527	0.00517
31	0.01411	0.07614	0.02351	0.06293	0.67502	0.01427	0.01687	0.01740	0.01285	0.01811	0.01051	0.01380	0.00887	0.00511	0.00551	0.00167	0.00677	0.00493	0.00279	0.00882
32	0.01414	0.01364	0.02352	0.03479	0.74199	0.01362	0.03862	0.01758	0.01304	0.01868	0.01078	0.01419	0.00905	0.00509	0.00569	0.00171	0.00688	0.00514	0.00283	0.00902
33	0.00764	0.00572	0.00708	0.00698	0.00832	0.00516	0.00514	0.00982	0.01476	0.02009	0.50003	0.14707	0.21483	0.01318	0.00682	0.00190	0.00283	0.01154	0.00594	0.00516
34	0.01328	0.01131	0.01798	0.36174	0.27636	0.01248	0.01468	0.01797	0.08688	0.07676	0.01467	0.01750	0.04122	0.00619	0.00576	0.00183	0.00662	0.00557	0.00344	0.00774
35	0.01335	0.01259	0.02071	0.25601	0.45695	0.01381	0.01638	0.04687	0.01279	0.01781	0.01045	0.01433	0.00854	0.00575	0.00672	0.00183	0.06914	0.00509	0.00284	0.00806
36	0.02321	0.01028	0.01324	0.01045	0.01452	0.00956	0.00851	0.12035	0.04662	0.58198	0.02215	0.08044	0.01559	0.00794	0.00587	0.00181	0.00492	0.00654	0.00671	0.00930
37	0.01485	0.00811	0.01045	0.00965	0.01215	0.00771	0.00786	0.08739	0.01539	0.24797	0.08676	0.14991	0.08682	0.01214	0.00676	0.00211	0.00456	0.21649	0.00596	0.00695
38	0.75164	0.01280	0.00924	0.00830	0.01177	0.09469	0.00672	0.01746	0.01043	0.02441	0.00806	0.00940	0.00632	0.00537	0.00371	0.00174	0.00506	0.00316	0.00348	0.00624
39	0.01172	0.01110	0.01881	0.58074	0.23674	0.01295	0.01634	0.01542	0.01187	0.01572	0.01033	0.01495	0.00802	0.00555	0.00570	0.00185	0.00740	0.00509	0.00262	0.00709
40	0.09627	0.05497	0.02022	0.07594	0.44071	0.13917	0.01451	0.05876	0.01383	0.01904	0.01016	0.01285	0.00836	0.00538	0.00528	0.00166	0.00713	0.00457	0.00304	0.00815
41	0.01499	0.28133	0.28426	0.01420	0.01969	0.17749	0.05513	0.01855	0.01269	0.01548	0.00912	0.01096	0.00740	0.00558	0.00562	0.00159	0.05189	0.00391	0.00257	0.00754
42	0.00908	0.00741	0.01041	0.04649	0.12026	0.00757	0.00787	0.02792	0.01194	0.01607	0.10321	0.07077	0.20155	0.08871	0.24039	0.00440	0.00773	0.00850	0.00410	0.00564
43	0.03303	0.27609	0.18125	0.01348	0.04765	0.01734	0.03010	0.19735	0.07898	0.05517	0.01202	0.01276	0.00915	0.00585	0.00498	0.00160	0.00654	0.00440	0.00379	0.00847
44	0.02981	0.34664	0.39984	0.01323	0.01976	0.03932	0.01542	0.01828	0.03960	0.01644	0.00971	0.01112	0.00765	0.00531	0.00468	0.00156	0.00732	0.00379	0.00259	0.00792
45	0.02504	0.00960	0.01307	0.01007	0.01439	0.00830	0.00830	0.02727	0.01636	0.74091	0.04868	0.02029	0.01557	0.00724	0.00579	0.00177	0.00479	0.00591	0.00705	0.00958
46	0.01386	0.01139	0.01892	0.35735	0.27302	0.01235	0.04399	0.03413	0.01306	0.10165	0.01306	0.01817	0.01038	0.00624	0.00587	0.00186	0.00695	0.04665	0.00339	0.00770
47	0.01101	0.01041	0.01740	0.71870	0.06518	0.01298	0.01578	0.01468	0.01136	0.01472	0.01006	0.01507	0.00767	0.00591	0.00637	0.00193	0.04668	0.00508	0.00255	0.00645
48	0.01191	0.01108	0.01830	0.05816	0.49330	0.01100	0.03097	0.01474	0.01263	0.01745	0.01961	0.15038	0.09311	0.00849	0.00613	0.00186	0.00587	0.02382	0.00355	0.00765

[dist]
# distance from previous block
# <min> <max>
0	1

[block]
# block no. 4 follows, 41 sequences, length 42
# corresponding to MSA columns:
# 200-241
name=unknown_E
#
# <colnr> <probs for GDERKNQSTAVLIFYWHMCP>
#	G	D	E	R	K	N	Q	S	T	A	V	L	I	F	Y	W	H	M	C	P
0	0.01650	0.10467	0.01775	0.01357	0.01568	0.26481	0.03678	0.01803	0.01241	0.07928	0.01081	0.04074	0.00978	0.04692	0.01117	0.00208	0.28412	0.00504	0.00320	0.00666
1	0.01529	0.18773	0.35241	0.01339	0.01949	0.07614	0.01475	0.08267	0.01408	0.09213	0.01203	0.01443	0.00932	0.00605	0.00516	0.00165	0.00728	0.03495	0.00337	0.03769
2	0.01754	0.01798	0.04141	0.01321	0.01618	0.34788	0.06186	0.03298	0.03160	0.12544	0.03756	0.09399	0.03350	0.03235	0.00721	0.00189	0.04830	0.02811	0.00410	0.00690
3	0.01360	0.01114	0.01748	0.30931	0.27305	0.01216	0.01405	0.01842	0.09656	0.09046	0.05263	0.01760	0.01248	0.00621	0.00572	0.00181	0.00633	0.00559	0.02757	0.00781
4	0.01183	0.01161	0.06836	0.00906	0.01439	0.00805	0.00785	0.01468	0.01188	0.01860	0.01017	0.01188	0.00838	0.00433	0.00433	0.00092	0.00455	0.00345	0.00332	0.77238
5	0.01261	0.01234	0.06538	0.01404	0.08303	0.01207	0.06711	0.03743	0.38898	0.02214	0.14934	0.05433	0.03929	0.00835	0.00609	0.00189	0.00503	0.00737	0.00514	0.00802
6	0.00812	0.00612	0.00907	0.00907	0.01013	0.00707	0.00705	0.01014	0.00933	0.01336	0.01683	0.02362	0.04069	0.04189	0.74912	0.00894	0.01488	0.00634	0.00314	0.00510
7	0.01544	0.01757	0.19961	0.04825	0.04546	0.04217	0.02983	0.15368	0.25885	0.05967	0.01570	0.01601	0.01156	0.00661	0.00593	0.00181	0.02426	0.00530	0.00445	0.03785
8	0.00702	0.00516	0.00659	0.00760	0.00823	0.00473	0.00518	0.00821	0.01163	0.01534	0.08958	0.63534	0.14043	0.01697	0.00718	0.00223	0.00321	0.01523	0.00538	0.00473
9	0.01580	0.48705	0.02481	0.01172	0.01530	0.10111	0.01060	0.07122	0.01262	0.01527	0.00838	0.01037	0.00756	0.00628	0.00732	0.00157	0.17935	0.00371	0.00276	0.00720
10	0.01251	0.01251	0.01752	0.01502	0.01502	0.01752	0.01251	0.01377	0.00876	0.01377	0.00751	0.01251	0.00751	0.01001	0.01877	0.00250	0.78851	0.00501	0.00250	0.00626
11	0.00688	0.00531	0.00630	0.00709	0.00807	0.00472	0.00492	0.00806	0.01179	0.01494	0.04214	0.49775	0.32848	0.01654	0.00708	0.00217	0.00315	0.01458	0.00531	0.00472
12	0.00797	0.00584	0.00747	0.00707	0.00847	0.00534	0.00530	0.01055	0.01590	0.02224	0.69463	0.04388	0.12006	0.01195	0.00675	0.00181	0.00272	0.01051	0.00620	0.00534
13	0.01304	0.01245	0.02120	0.28461	0.52252	0.01330	0.01700	0.01658	0.01250	0.01733	0.01056	0.01452	0.00858	0.00530	0.00568	0.00177	0.00707	0.00509	0.00273	0.00816
14	0.01147	0.02959	0.76934	0.01630	0.02476	0.01328	0.02113	0.01811	0.01208	0.01811	0.01026	0.01208	0.00725	0.00543	0.00543	0.00181	0.00845	0.00423	0.00242	0.00845
15	0.01080	0.01017	0.01716	0.78523	0.03940	0.01271	0.01589	0.01461	0.01144	0.01461	0.01017	0.01525	0.00762	0.00572	0.00572	0.00191	0.00762	0.00508	0.00254	0.00635
16	0.00817	0.00613	0.00919	0.00919	0.01021	0.00715	0.00715	0.01021	0.00919	0.01328	0.01532	0.02247	0.01430	0.04290	0.77631	0.00919	0.01532	0.00613	0.00306	0.00511
17	0.01186	0.01017	0.01186	0.00847	0.01356	0.00762	0.00678	0.01440	0.01186	0.01864	0.01017	0.01186	0.00847	0.00424	0.00424	0.00085	0.00424	0.00339	0.00339	0.83395
18	0.01080	0.01017	0.01716	0.78523	0.03940	0.01271	0.01589	0.01461	0.01144	0.01461	0.01017	0.01525	0.00762	0.00572	0.00572	0.00191	0.00762	0.00508	0.00254	0.00635
19	0.00832	0.00555	0.00624	0.00624	0.00624	0.00555	0.00347	0.00832	0.00832	0.01109	0.01802	0.03743	0.02080	0.79898	0.02911	0.00555	0.00555	0.00832	0.00347	0.00347
20	0.07681	0.00996	0.04757	0.01116	0.01402	0.00922	0.12519	0.04076	0.07490	0.03628	0.32924	0.06504	0.08232	0.00976	0.00659	0.00189	0.01992	0.02782	0.00510	0.00645
21	0.01529	0.80242	0.02997	0.00979	0.01468	0.02263	0.00979	0.01713	0.01162	0.01346	0.00795	0.00918	0.00734	0.00489	0.00367	0.00122	0.00612	0.00306	0.00245	0.00734
22	0.02547	0.01005	0.01347	0.01032	0.01476	0.00887	0.00853	0.06328	0.01689	0.73112	0.02213	0.01919	0.01394	0.00707	0.00575	0.00177	0.00494	0.00572	0.00701	0.00973
23	0.00706	0.00505	0.00672	0.00790	0.00832	0.00470	0.00532	0.00818	0.01136	0.01525	0.08818	0.73675	0.03909	0.01744	0.00726	0.00228	0.00327	0.01580	0.00539	0.00470
24	0.41375	0.01239	0.01253	0.09752	0.01665	0.05540	0.02487	0.11925	0.01400	0.16658	0.01192	0.01271	0.00848	0.00593	0.00467	0.00176	0.00557	0.00422	0.00436	0.00743
25	0.01529	0.80242	0.02997	0.00979	0.01468	0.02263	0.00979	0.01713	0.01162	0.01346	0.00795	0.00918	0.00734	0.00489	0.00367	0.00122	0.00612	0.00306	0.00245	0.00734
26	0.00712	0.00513	0.00678	0.00805	0.00852	0.00479	0.00554	0.00825	0.01120	0.01481	0.03260	0.71178	0.06934	0.01762	0.00732	0.00233	0.00344	0.06540	0.00531	0.00470
27	0.01529	0.80242	0.02997	0.00979	0.01468	0.02263	0.00979	0.01713	0.01162	0.01346	0.00795	0.00918	0.00734	0.00489	0.00367	0.00122	0.00612	0.00306	0.00245	0.00734
28	0.01529	0.80242	0.02997	0.00979	0.01468	0.02263	0.00979	0.01713	0.01162	0.01346	0.00795	0.00918	0.00734	0.00489	0.00367	0.00122	0.00612	0.00306	0.00245	0.00734
29	0.02437	0.00969	0.01286	0.00995	0.01415	0.00860	0.00819	0.05946	0.01652	0.67828	0.02187	0.01935	0.01399	0.00704	0.00562	0.00173	0.00477	0.00569	0.06845	0.00941
30	0.00697	0.00498	0.00664	0.00796	0.00830	0.00465	0.00531	0.00796	0.01095	0.01460	0.03153	0.79525	0.03783	0.01792	0.00730	0.00232	0.00332	0.01626	0.00531	0.00465
31	0.01332	0.00814	0.00852	0.00763	0.00984	0.00866	0.00595	0.12467	0.13094	0.04670	0.01878	0.02015	0.01436	0.00688	0.00459	0.00150	0.00356	0.00550	0.55361	0.00670
32	0.00725	0.00518	0.00696	0.00829	0.00874	0.00489	0.00580	0.00845	0.01123	0.01492	0.03137	0.70391	0.03722	0.01766	0.00738	0.00236	0.00356	0.10482	0.00530	0.00472
33	0.00853	0.00637	0.00781	0.00753	0.00907	0.00610	0.00570	0.01214	0.07888	0.02132	0.51362	0.08001	0.13962	0.01206	0.00666	0.00188	0.00303	0.04295	0.03112	0.00559
34	0.01202	0.01181	0.01577	0.01378	0.01403	0.04262	0.01129	0.01334	0.00907	0.01358	0.00915	0.01499	0.00908	0.05052	0.12657	0.00356	0.61495	0.00527	0.00264	0.00598
35	0.00707	0.00505	0.00675	0.00807	0.00845	0.00473	0.00548	0.00813	0.01105	0.01471	0.03147	0.76400	0.03762	0.01783	0.00733	0.00234	0.00340	0.04656	0.00531	0.00467
36	0.00832	0.00555	0.00624	0.00624	0.00624	0.00555	0.00347	0.00832	0.00832	0.01109	0.01802	0.03743	0.02080	0.79898	0.02911	0.00555	0.00555	0.00832	0.00347	0.00347
37	0.02551	0.00998	0.01342	0.01029	0.01472	0.00877	0.00850	0.05545	0.01678	0.73911	0.02223	0.01925	0.01399	0.00707	0.00575	0.00177	0.00492	0.00573	0.00703	0.00973
38	0.01571	0.01016	0.01195	0.01037	0.01312	0.06416	0.03598	0.08462	0.07628	0.22080	0.16842	0.14018	0.02599	0.01003	0.00626	0.00189	0.00484	0.05664	0.03530	0.00731
39	0.00828	0.00592	0.00814	0.00947	0.01037	0.00578	0.00759	0.01023	0.01225	0.01607	0.03080	0.36834	0.03496	0.01668	0.00765	0.00250	0.00446	0.43020	0.00528	0.00501
40	0.01186	0.01017	0.01186	0.00847	0.01356	0.00762	0.00678	0.01440	0.01186	0.01864	0.01017	0.01186	0.00847	0.00424	0.00424	0.00085	0.00424	0.00339	0.00339	0.83395
41	0.05230	0.01291	0.01595	0.01245	0.01673	0.01343	0.06635	0.29510	0.14044	0.26774	0.03491	0.01745	0.01322	0.00697	0.00577	0.00179	0.00565	0.00572	0.00589	0.00923

[dist]
# distance from previous block
# <min> <max>
0	1

[block]
# block no. 5 follows, 41 sequences, length 45
# corresponding to MSA columns:
# 243-287
name=unknown_F
#
# <colnr> <probs for GDERKNQSTAVLIFYWHMCP>
#	G	D	E	R	K	N	Q	S	T	A	V	L	I	F	Y	W	H	M	C	P
0	0.29924	0.01516	0.01495	0.05795	0.21123	0.17605	0.01098	0.04266	0.04140	0.02027	0.01017	0.01287	0.00842	0.03676	0.00597	0.00186	0.01926	0.00429	0.00332	0.00717
1	0.32426	0.04433	0.01425	0.15946	0.13243	0.01247	0.01034	0.04617	0.01243	0.10343	0.04382	0.01404	0.01018	0.00582	0.00479	0.00172	0.00550	0.00448	0.00379	0.04629
2	0.00798	0.00631	0.00743	0.00688	0.00894	0.00542	0.03157	0.00980	0.01373	0.04635	0.17639	0.05008	0.58194	0.01336	0.00672	0.00190	0.00319	0.01133	0.00546	0.00522
3	0.04433	0.04151	0.10558	0.03295	0.23193	0.01414	0.09233	0.09719	0.06339	0.02030	0.01132	0.01371	0.00902	0.00593	0.00691	0.00173	0.09332	0.00492	0.00335	0.10614
4	0.05460	0.01186	0.01403	0.01110	0.01532	0.01200	0.00907	0.21375	0.14566	0.42045	0.01982	0.01790	0.01326	0.00707	0.00567	0.00179	0.00516	0.00561	0.00637	0.00948
5	0.05121	0.07974	0.19546	0.02073	0.23948	0.03860	0.07984	0.14579	0.03001	0.04868	0.01152	0.01333	0.00876	0.00560	0.00546	0.00171	0.00718	0.00481	0.00347	0.00861
6	0.00952	0.00816	0.04323	0.12348	0.01477	0.00773	0.00847	0.01277	0.04135	0.04243	0.34737	0.08068	0.10348	0.01127	0.00708	0.00198	0.03279	0.09241	0.00517	0.00586
7	0.04515	0.01092	0.01162	0.01039	0.01331	0.01221	0.00809	0.07514	0.49169	0.02403	0.14943	0.02653	0.07950	0.00878	0.00595	0.00189	0.00421	0.00733	0.00577	0.00805
8	0.05801	0.01893	0.21110	0.11105	0.04439	0.10060	0.09651	0.12444	0.07214	0.05287	0.01205	0.01386	0.00893	0.00611	0.00621	0.00182	0.04450	0.00493	0.00356	0.00799
9	0.01495	0.08903	0.01977	0.02274	0.35742	0.11061	0.02554	0.04813	0.13125	0.01894	0.01446	0.01974	0.01259	0.00681	0.00570	0.00177	0.00668	0.08204	0.00366	0.00819
10	0.01553	0.00676	0.00791	0.00690	0.00924	0.00633	0.00543	0.01804	0.01341	0.26319	0.01993	0.02072	0.01450	0.00680	0.00457	0.00147	0.00338	0.00547	0.56367	0.00676
11	0.01067	0.00936	0.01481	0.05166	0.25736	0.00942	0.05840	0.01424	0.07530	0.01753	0.05352	0.33544	0.02357	0.01090	0.00642	0.00199	0.00511	0.01012	0.02738	0.00679
12	0.01312	0.01338	0.09535	0.36052	0.07628	0.01326	0.08198	0.09415	0.01367	0.04981	0.03567	0.01735	0.01067	0.00663	0.00689	0.00193	0.06704	0.03168	0.00333	0.00730
13	0.00720	0.00528	0.00726	0.05393	0.01014	0.00512	0.00594	0.00836	0.01098	0.01460	0.03026	0.74912	0.03604	0.01720	0.00721	0.00230	0.00357	0.01560	0.00515	0.00475
14	0.01216	0.00665	0.00866	0.00767	0.00969	0.00605	0.00592	0.01475	0.01584	0.18496	0.53087	0.03568	0.04166	0.01022	0.00628	0.00175	0.00317	0.00888	0.08281	0.00634
15	0.04996	0.01354	0.04895	0.42180	0.08503	0.11554	0.01386	0.01853	0.01303	0.14780	0.01212	0.01485	0.00877	0.00591	0.00554	0.00180	0.00734	0.00489	0.00345	0.00727
16	0.11298	0.02250	0.44955	0.01479	0.02126	0.01366	0.05780	0.09869	0.01365	0.07948	0.01125	0.01272	0.00803	0.00594	0.00613	0.00184	0.05365	0.00450	0.00331	0.00825
17	0.00994	0.00497	0.00745	0.00745	0.00745	0.00497	0.00497	0.00745	0.00745	0.00994	0.00994	0.01739	0.00994	0.01987	0.02235	0.83358	0.00497	0.00497	0.00248	0.00248
18	0.16126	0.01614	0.02412	0.01806	0.02287	0.12042	0.39767	0.10102	0.01485	0.05250	0.01126	0.01362	0.00841	0.00538	0.00581	0.00181	0.00824	0.00546	0.00351	0.00761
19	0.02038	0.01674	0.04695	0.01199	0.01526	0.29657	0.00964	0.02225	0.01477	0.31276	0.01592	0.04278	0.01229	0.06798	0.02948	0.00221	0.04437	0.00543	0.00466	0.00758
20	0.01012	0.00651	0.00923	0.00885	0.01035	0.00700	0.00688	0.01205	0.01043	0.10367	0.02081	0.02605	0.09391	0.05965	0.57847	0.00742	0.01244	0.00679	0.00380	0.00558
21	0.00919	0.00697	0.00730	0.00698	0.00863	0.03954	0.00525	0.01216	0.04928	0.02037	0.35524	0.03871	0.21841	0.01086	0.00604	0.00172	0.00316	0.00921	0.18551	0.00547
22	0.01655	0.00906	0.01114	0.00918	0.01214	0.00880	0.00733	0.16219	0.01805	0.26028	0.32239	0.02799	0.02961	0.00889	0.00602	0.00174	0.00410	0.00748	0.06945	0.00762
23	0.01414	0.00976	0.02691	0.15014	0.06563	0.00989	0.00978	0.03168	0.16065	0.18353	0.12478	0.11615	0.05433	0.00907	0.00612	0.00190	0.00493	0.00787	0.00523	0.00750
24	0.01980	0.01413	0.01498	0.01219	0.01620	0.04769	0.00982	0.34175	0.27632	0.15729	0.01836	0.01721	0.01307	0.00717	0.00574	0.00179	0.00561	0.00565	0.00587	0.00936
25	0.22344	0.01232	0.01607	0.31241	0.05200	0.04708	0.06845	0.09643	0.01289	0.02004	0.01017	0.01387	0.00803	0.03117	0.00672	0.00198	0.05216	0.00475	0.00323	0.00681
26	0.17932	0.01154	0.01222	0.00997	0.01359	0.01236	0.00810	0.26421	0.08312	0.17204	0.04545	0.01691	0.01305	0.00684	0.00510	0.00170	0.00482	0.00521	0.12628	0.00816
27	0.00716	0.00529	0.00672	0.00760	0.00838	0.00485	0.00531	0.00851	0.01204	0.01585	0.12333	0.54431	0.16672	0.01648	0.00716	0.00220	0.00325	0.04460	0.00543	0.00479
28	0.01555	0.04812	0.01568	0.12116	0.05132	0.04522	0.01084	0.16681	0.41305	0.02392	0.01779	0.01771	0.01336	0.00698	0.00566	0.00183	0.00570	0.00570	0.00495	0.00864
29	0.01416	0.01359	0.02322	0.03511	0.76330	0.01359	0.01755	0.01755	0.01302	0.01869	0.01076	0.01416	0.00906	0.00510	0.00566	0.00170	0.00680	0.00510	0.00283	0.00906
30	0.01346	0.00943	0.01100	0.00946	0.01209	0.00978	0.00742	0.15935	0.16205	0.09020	0.39498	0.03107	0.04637	0.00963	0.00628	0.00181	0.00395	0.00820	0.00614	0.00732
31	0.00832	0.00555	0.00624	0.00624	0.00624	0.00555	0.00347	0.00832	0.00832	0.01109	0.01802	0.03743	0.02080	0.79898	0.02911	0.00555	0.00555	0.00832	0.00347	0.00347
32	0.00774	0.00583	0.00715	0.00682	0.00832	0.00524	0.00511	0.01010	0.01534	0.02092	0.57097	0.04605	0.24454	0.01245	0.00675	0.00183	0.00275	0.01081	0.00603	0.00524
33	0.02174	0.01602	0.01717	0.01316	0.01774	0.01774	0.01087	0.74423	0.02689	0.03605	0.01373	0.01373	0.00973	0.00687	0.00572	0.00172	0.00629	0.00515	0.00572	0.00973
34	0.00738	0.00582	0.00665	0.00644	0.00810	0.00509	0.00483	0.00940	0.01449	0.01891	0.38249	0.04935	0.43427	0.01320	0.00675	0.00187	0.00281	0.01127	0.00577	0.00509
35	0.01396	0.01339	0.02286	0.07947	0.72049	0.01354	0.01746	0.01738	0.01293	0.01845	0.01072	0.01422	0.00898	0.00513	0.00567	0.00171	0.00684	0.00510	0.00281	0.00890
36	0.83938	0.01106	0.00841	0.00752	0.01106	0.01283	0.00619	0.01681	0.00973	0.02566	0.00796	0.00929	0.00619	0.00531	0.00354	0.00177	0.00442	0.00310	0.00354	0.00619
37	0.00721	0.00581	0.00659	0.00654	0.00819	0.00519	0.00491	0.00898	0.01325	0.01683	0.20629	0.07449	0.50173	0.01702	0.08863	0.00269	0.00419	0.01121	0.00529	0.00498
38	0.00817	0.00613	0.00919	0.00919	0.01021	0.00715	0.00715	0.01021	0.00919	0.01328	0.01532	0.02247	0.01430	0.04290	0.77631	0.00919	0.01532	0.00613	0.00306	0.00511
39	0.00824	0.00593	0.00817	0.00840	0.00914	0.00642	0.00620	0.00975	0.00978	0.01357	0.04609	0.08643	0.02120	0.23821	0.40995	0.00674	0.01030	0.08712	0.00369	0.00467
40	0.01278	0.02043	0.29376	0.02135	0.02808	0.01405	0.48754	0.01825	0.01300	0.01825	0.01111	0.01424	0.00817	0.00504	0.00629	0.00189	0.00922	0.00586	0.00272	0.00798
41	0.02462	0.01021	0.01342	0.01042	0.01476	0.00926	0.00856	0.05957	0.07314	0.67828	0.02223	0.01936	0.01422	0.00712	0.00576	0.00178	0.00490	0.00578	0.00692	0.00968
42	0.01575	0.08642	0.23164	0.01417	0.03348	0.19697	0.02413	0.10987	0.13562	0.01998	0.04201	0.01521	0.02528	0.00652	0.00562	0.00170	0.01903	0.00493	0.00373	0.00796
43	0.00770	0.00582	0.00702	0.00673	0.00819	0.00523	0.00499	0.00990	0.01487	0.02013	0.51396	0.04618	0.26507	0.04971	0.00781	0.00202	0.00289	0.01077	0.00587	0.00513
44	0.01200	0.01207	0.02237	0.09488	0.10239	0.01276	0.30133	0.01528	0.01208	0.01661	0.01462	0.06623	0.01386	0.03466	0.00950	0.00224	0.13966	0.10736	0.00327	0.00682

[dist]
# distance from previous block
# <min> <max>
0	4

[block]
# block no. 6 follows, 41 sequences, length 61
# corresponding to MSA columns:
# 295,297-313,316-358
name=unknown_G
#
# <colnr> <probs for GDERKNQSTAVLIFYWHMCP>
#	G	D	E	R	K	N	Q	S	T	A	V	L	I	F	Y	W	H	M	C	P
0	0.80621	0.01101	0.00861	0.00763	0.01121	0.01265	0.00628	0.01726	0.01000	0.05590	0.00856	0.00971	0.00652	0.00538	0.00363	0.00177	0.00444	0.00321	0.00368	0.00634
1	0.01200	0.01447	0.14357	0.01559	0.02004	0.01162	0.27191	0.06874	0.07185	0.02077	0.19216	0.05269	0.05167	0.00788	0.00657	0.00189	0.01746	0.00760	0.00423	0.00728
2	0.01334	0.01281	0.05564	0.01130	0.03745	0.06248	0.00896	0.02150	0.31624	0.04301	0.03001	0.05538	0.06302	0.00737	0.00545	0.00160	0.00496	0.00610	0.00465	0.23875
3	0.00737	0.00580	0.00666	0.00654	0.00816	0.00509	0.00490	0.00934	0.01429	0.01859	0.35092	0.07588	0.42753	0.01346	0.00679	0.00190	0.00287	0.02314	0.00572	0.00507
4	0.01287	0.01121	0.01401	0.27754	0.02290	0.01326	0.01115	0.02411	0.46078	0.02059	0.01854	0.01924	0.01394	0.00700	0.00569	0.00190	0.00550	0.00593	0.04590	0.00794
5	0.00994	0.00497	0.00745	0.00745	0.00745	0.00497	0.00497	0.00745	0.00745	0.00994	0.00994	0.01739	0.00994	0.01987	0.02235	0.83358	0.00497	0.00497	0.00248	0.00248
6	0.00775	0.00576	0.00727	0.00780	0.00874	0.00549	0.00550	0.01025	0.05947	0.01775	0.25158	0.46395	0.09690	0.01515	0.00700	0.00211	0.00318	0.01355	0.00564	0.00516
7	0.01082	0.00745	0.01075	0.00932	0.01151	0.00698	0.06862	0.01423	0.05123	0.10522	0.49744	0.03876	0.07789	0.01080	0.00666	0.00187	0.00379	0.05447	0.00596	0.00622
8	0.01186	0.01017	0.01186	0.00847	0.01356	0.00762	0.00678	0.01440	0.01186	0.01864	0.01017	0.01186	0.00847	0.00424	0.00424	0.00085	0.00424	0.00339	0.00339	0.83395
9	0.01251	0.01251	0.01752	0.01502	0.01502	0.01752	0.01251	0.01377	0.00876	0.01377	0.00751	0.01251	0.00751	0.01001	0.01877	0.00250	0.78851	0.00501	0.00250	0.00626
10	0.01714	0.01496	0.02109	0.06568	0.05628	0.07832	0.22601	0.22173	0.09771	0.08199	0.01485	0.01779	0.01136	0.00658	0.00609	0.00184	0.00737	0.04045	0.00442	0.00834
11	0.00830	0.00562	0.00664	0.00664	0.00677	0.00576	0.00396	0.00857	0.00844	0.01139	0.01766	0.03542	0.01992	0.69709	0.12981	0.00604	0.00686	0.00802	0.00341	0.00369
12	0.01523	0.01240	0.01322	0.01167	0.01504	0.01418	0.00914	0.07529	0.67315	0.05904	0.02265	0.02077	0.01682	0.00767	0.00581	0.00192	0.00465	0.00635	0.00587	0.00913
13	0.01260	0.01257	0.02206	0.01607	0.02109	0.01129	0.35546	0.01741	0.07670	0.01921	0.05926	0.01631	0.01221	0.00529	0.00572	0.00151	0.00673	0.00568	0.00355	0.31927
14	0.01455	0.01538	0.04336	0.08729	0.08122	0.17958	0.03030	0.02211	0.28640	0.01850	0.01575	0.02884	0.01282	0.05497	0.03052	0.00218	0.00692	0.00558	0.00404	0.05971
15	0.00973	0.00686	0.00890	0.00912	0.01064	0.00681	0.00732	0.04585	0.04456	0.04343	0.22401	0.15900	0.07240	0.01524	0.04432	0.00255	0.00467	0.27337	0.00555	0.00569
16	0.01364	0.35191	0.01983	0.00918	0.01417	0.01441	0.00820	0.03805	0.01222	0.01694	0.00932	0.01076	0.00802	0.00460	0.00404	0.00104	0.00511	0.00330	0.00305	0.45219
17	0.01427	0.13286	0.14222	0.09523	0.30332	0.04458	0.08470	0.01796	0.01280	0.05291	0.01075	0.01333	0.00850	0.00525	0.00537	0.00165	0.00726	0.00472	0.00291	0.03940
18	0.04695	0.37950	0.11249	0.20760	0.02204	0.01797	0.01288	0.01618	0.01120	0.01484	0.00873	0.01148	0.00738	0.00582	0.00626	0.00165	0.10352	0.00395	0.00252	0.00704
19	0.00804	0.00584	0.00757	0.00714	0.00851	0.00537	0.00536	0.01069	0.01607	0.02264	0.73249	0.04321	0.08195	0.01180	0.00675	0.00180	0.00271	0.01041	0.00626	0.00537
20	0.01529	0.80242	0.02997	0.00979	0.01468	0.02263	0.00979	0.01713	0.01162	0.01346	0.00795	0.00918	0.00734	0.00489	0.00367	0.00122	0.00612	0.00306	0.00245	0.00734
21	0.00812	0.00581	0.00740	0.00758	0.00823	0.00590	0.00517	0.00981	0.03555	0.01504	0.16213	0.21640	0.02982	0.28995	0.16295	0.00464	0.00632	0.01012	0.00445	0.00462
22	0.01186	0.01095	0.01757	0.61402	0.10829	0.01325	0.01539	0.04936	0.04805	0.01643	0.01094	0.01528	0.00834	0.00594	0.00612	0.00190	0.03138	0.00515	0.00287	0.00691
23	0.00790	0.00584	0.00737	0.00699	0.00842	0.00531	0.00524	0.01041	0.01572	0.02182	0.65555	0.04456	0.15940	0.01211	0.00675	0.00182	0.00273	0.01060	0.00615	0.00531
