[name]
unknown

[dist]
# distance from previous block
# <min> <max>
27	745

[block]
# block no. 0 follows, 36 sequences, length 6
# corresponding to MSA columns:
# 1103-1108
name=unknown_A
#
# <colnr> <probs for GDERKNQSTAVLIFYWHMCP>
#	G	D	E	R	K	N	Q	S	T	A	V	L	I	F	Y	W	H	M	C	P
0	0.05379	0.05006	0.01561	0.08154	0.07321	0.13749	0.01073	0.12178	0.07137	0.06036	0.06815	0.17262	0.02003	0.00985	0.00667	0.00200	0.02400	0.00812	0.00486	0.00775
1	0.00981	0.09197	0.01186	0.01091	0.06656	0.00841	0.00744	0.01150	0.01279	0.01694	0.06825	0.37622	0.11668	0.05904	0.00846	0.00238	0.00447	0.04911	0.00503	0.06218
2	0.07183	0.09872	0.01520	0.01347	0.10726	0.01206	0.00918	0.12089	0.01526	0.07701	0.10367	0.09303	0.02075	0.10639	0.05743	0.05212	0.00630	0.00752	0.00470	0.00723
3	0.01857	0.32259	0.12645	0.01431	0.06865	0.01853	0.01285	0.16772	0.01696	0.10821	0.01260	0.01338	0.00962	0.00612	0.00520	0.00162	0.00682	0.00452	0.00410	0.06119
4	0.01244	0.11314	0.01291	0.00958	0.01126	0.06772	0.00710	0.06227	0.04447	0.01579	0.01735	0.07959	0.01796	0.30420	0.14681	0.05212	0.00817	0.00756	0.00387	0.00569
5	0.01115	0.06198	0.01114	0.01029	0.06098	0.00788	0.00708	0.01323	0.01478	0.08680	0.27175	0.18143	0.15445	0.06848	0.00881	0.00233	0.00412	0.01124	0.00577	0.00633

[dist]
# distance from previous block
# <min> <max>
12	20

[block]
# block no. 1 follows, 36 sequences, length 44
# corresponding to MSA columns:
# 1129-1172
name=unknown_B
#
# <colnr> <probs for GDERKNQSTAVLIFYWHMCP>
#	G	D	E	R	K	N	Q	S	T	A	V	L	I	F	Y	W	H	M	C	P
0	0.01270	0.01226	0.01205	0.01083	0.01282	0.13377	0.00839	0.03947	0.04518	0.02052	0.28487	0.05521	0.14544	0.01136	0.00897	0.00202	0.12722	0.00891	0.00520	0.04280
1	0.01458	0.27480	0.11345	0.01599	0.02153	0.01739	0.20855	0.01868	0.03791	0.01798	0.01177	0.03798	0.01002	0.00618	0.00646	0.00171	0.05431	0.00537	0.00317	0.12217
2	0.01750	0.05392	0.19572	0.01722	0.05174	0.04221	0.15503	0.09095	0.07042	0.15602	0.04406	0.04774	0.01406	0.00724	0.00638	0.00196	0.00762	0.00648	0.00464	0.00909
3	0.01624	0.05236	0.04632	0.29489	0.02949	0.18018	0.11972	0.01968	0.01428	0.06428	0.01165	0.01493	0.00891	0.00621	0.00652	0.00186	0.03505	0.00524	0.00330	0.06890
4	0.00886	0.00655	0.00841	0.00864	0.01017	0.00611	0.00687	0.01146	0.01585	0.02133	0.38612	0.08353	0.17508	0.01484	0.00774	0.00227	0.00381	0.21036	0.00630	0.00569
5	0.01445	0.09237	0.13985	0.08280	0.02234	0.01396	0.16341	0.10371	0.01602	0.05412	0.13471	0.05032	0.01936	0.04329	0.00785	0.00215	0.01986	0.00717	0.00431	0.00794
6	0.01855	0.09593	0.18854	0.01542	0.01986	0.42764	0.01407	0.02145	0.01536	0.01628	0.01171	0.06949	0.01050	0.00739	0.00638	0.00179	0.04367	0.00519	0.00320	0.00757
7	0.00904	0.00607	0.00691	0.00687	0.00699	0.00603	0.00393	0.00926	0.00971	0.01306	0.07394	0.04121	0.02538	0.72302	0.02987	0.00573	0.00581	0.00923	0.00401	0.00393
8	0.00809	0.00591	0.00696	0.00744	0.00822	0.00548	0.00491	0.00912	0.01210	0.01574	0.09744	0.31051	0.20991	0.25204	0.01506	0.00345	0.00419	0.01337	0.00526	0.00479
9	0.01553	0.01225	0.01876	0.11723	0.22701	0.01261	0.06629	0.11686	0.03853	0.09255	0.10995	0.10704	0.02041	0.00870	0.00664	0.00201	0.00639	0.00793	0.00483	0.00849
10	0.01122	0.00821	0.00996	0.00885	0.01093	0.00809	0.00682	0.12981	0.01941	0.02697	0.58527	0.04194	0.08404	0.01201	0.00716	0.00195	0.00360	0.01042	0.00670	0.00663
11	0.01228	0.01024	0.01190	0.00882	0.01344	0.00793	0.00678	0.01458	0.01228	0.01893	0.01250	0.01756	0.01146	0.13393	0.00913	0.00178	0.00485	0.00459	0.00371	0.68332
12	0.06957	0.00877	0.01126	0.02180	0.04199	0.00934	0.00804	0.04901	0.04121	0.09208	0.14513	0.22032	0.02791	0.05342	0.03794	0.06434	0.07631	0.00987	0.00521	0.00649
13	0.01552	0.01898	0.17444	0.21322	0.10705	0.12043	0.04347	0.01941	0.01363	0.07615	0.01196	0.01527	0.00921	0.00816	0.03372	0.00230	0.10046	0.00528	0.00327	0.00807
14	0.00967	0.00745	0.00885	0.00909	0.01055	0.00752	0.00669	0.01434	0.14824	0.01943	0.15739	0.26457	0.12849	0.09136	0.00991	0.00268	0.00416	0.08765	0.00587	0.00608
15	0.01250	0.03223	0.74875	0.01776	0.02697	0.01447	0.02302	0.01973	0.01315	0.01973	0.01118	0.01315	0.00789	0.00592	0.00592	0.00197	0.00921	0.00460	0.00263	0.00921
16	0.01719	0.01544	0.02405	0.13593	0.29758	0.07346	0.14893	0.05920	0.01538	0.10287	0.01314	0.01609	0.01002	0.00622	0.00691	0.00195	0.03707	0.00585	0.00375	0.00896
17	0.00834	0.00589	0.00729	0.00827	0.00892	0.00564	0.00557	0.01014	0.04038	0.01654	0.03344	0.56748	0.08468	0.09374	0.00994	0.00275	0.00382	0.01521	0.06675	0.00519
18	0.00851	0.00606	0.00775	0.00848	0.00924	0.00577	0.00604	0.01002	0.01288	0.01723	0.15640	0.33843	0.07970	0.17349	0.01278	0.00318	0.00432	0.12910	0.00555	0.00507
19	0.07755	0.00850	0.00951	0.00906	0.01105	0.03050	0.00671	0.04807	0.04240	0.12037	0.07576	0.25573	0.12330	0.02539	0.00908	0.09206	0.00449	0.01063	0.03352	0.00631
20	0.00940	0.00651	0.00787	0.00790	0.00833	0.00672	0.00505	0.03758	0.01043	0.01410	0.02106	0.14249	0.02365	0.51899	0.14799	0.00603	0.00750	0.00977	0.00409	0.00453
21	0.78587	0.01231	0.00962	0.00849	0.01240	0.01424	0.00700	0.05268	0.01152	0.02851	0.00898	0.01036	0.00694	0.00587	0.00397	0.00193	0.00492	0.00348	0.00397	0.00694
22	0.00848	0.00599	0.00739	0.00763	0.00833	0.00567	0.00507	0.00984	0.01296	0.01765	0.26308	0.24591	0.07967	0.27606	0.01580	0.00351	0.00419	0.01239	0.00545	0.00490
23	0.00996	0.00621	0.00786	0.00810	0.00911	0.00576	0.00558	0.01119	0.01291	0.07754	0.14890	0.34867	0.09755	0.15493	0.01256	0.03656	0.00410	0.01295	0.02418	0.00536
24	0.00930	0.00628	0.00786	0.00802	0.00944	0.00565	0.00580	0.01120	0.01474	0.06762	0.27434	0.31983	0.20540	0.01563	0.00751	0.00220	0.00340	0.01377	0.00627	0.00575
25	0.01833	0.00943	0.01075	0.00903	0.01210	0.00944	0.00720	0.13287	0.05666	0.22849	0.02094	0.02134	0.01513	0.00749	0.00530	0.00169	0.00432	0.00597	0.41539	0.00814
26	0.00954	0.00619	0.00796	0.00832	0.00949	0.00572	0.00597	0.01139	0.01415	0.06520	0.23577	0.37902	0.09584	0.04203	0.00830	0.00238	0.00363	0.04014	0.04327	0.00568
27	0.01666	0.78478	0.03265	0.01066	0.01599	0.02465	0.01066	0.01866	0.01266	0.01466	0.00866	0.00999	0.00800	0.00533	0.00400	0.00133	0.00666	0.00333	0.00267	0.00800
28	0.02182	0.01566	0.01600	0.01282	0.01706	0.07161	0.01038	0.42651	0.09484	0.11966	0.01744	0.01731	0.01251	0.00750	0.00596	0.00183	0.00630	0.00574	0.10940	0.00966
29	0.00888	0.00597	0.00685	0.00702	0.00707	0.00592	0.00402	0.00901	0.00941	0.01255	0.02142	0.13011	0.02490	0.68862	0.02883	0.00561	0.00575	0.01011	0.00402	0.00393
30	0.00757	0.00549	0.00716	0.00850	0.00899	0.00508	0.00570	0.00870	0.01210	0.01598	0.03653	0.72230	0.09446	0.01923	0.00791	0.00250	0.00358	0.01736	0.00578	0.00508
31	0.01155	0.03508	0.01213	0.01091	0.01236	0.07031	0.00855	0.01356	0.01100	0.04718	0.01569	0.02270	0.01447	0.07128	0.54771	0.00794	0.07176	0.00635	0.00347	0.00602
32	0.01086	0.00728	0.00922	0.00860	0.01054	0.00689	0.00664	0.01472	0.06924	0.08334	0.52947	0.04539	0.10110	0.01254	0.00727	0.00204	0.00349	0.05814	0.00673	0.00650
33	0.00868	0.00602	0.00724	0.00736	0.00817	0.00567	0.00493	0.00987	0.01270	0.01726	0.22013	0.17327	0.13607	0.26536	0.01612	0.04332	0.00422	0.01145	0.03736	0.00480
34	0.01487	0.01273	0.01355	0.01223	0.01556	0.01460	0.00949	0.03112	0.66442	0.02596	0.09187	0.02542	0.02273	0.00885	0.00643	0.00210	0.00475	0.00744	0.00639	0.00949
35	0.00876	0.00644	0.00865	0.00884	0.00985	0.00676	0.00658	0.01052	0.01144	0.01561	0.08409	0.09421	0.10280	0.17745	0.35035	0.00652	0.01007	0.07150	0.00438	0.00519
36	0.00803	0.00582	0.00765	0.00890	0.00948	0.00556	0.00613	0.00986	0.03698	0.01681	0.06735	0.68360	0.04103	0.01871	0.00790	0.00250	0.00373	0.04882	0.00585	0.00530
37	0.01292	0.01107	0.01292	0.00923	0.01477	0.00831	0.00738	0.01569	0.01292	0.02030	0.01107	0.01292	0.00923	0.00461	0.00461	0.00092	0.00461	0.00369	0.00369	0.81912
38	0.00766	0.00584	0.00706	0.00785	0.00892	0.00524	0.00552	0.00911	0.01323	0.01704	0.10346	0.45698	0.28088	0.01763	0.00771	0.00234	0.00344	0.02899	0.00587	0.00521
39	0.01255	0.01200	0.02071	0.60263	0.16577	0.01410	0.05089	0.01668	0.01287	0.01689	0.01126	0.01641	0.00864	0.00606	0.00627	0.00204	0.00825	0.00563	0.00284	0.00751
40	0.01030	0.00667	0.00794	0.00755	0.00916	0.00604	0.00543	0.01200	0.01430	0.09082	0.24876	0.07989	0.25553	0.19131	0.01293	0.00299	0.00404	0.02290	0.00583	0.00563
41	0.03665	0.00678	0.00830	0.00816	0.00980	0.00627	0.00601	0.01281	0.01440	0.10421	0.22518	0.23030	0.15784	0.07611	0.00917	0.00247	0.00384	0.03895	0.03680	0.00597
42	0.04655	0.00722	0.00887	0.04305	0.01092	0.00739	0.00632	0.06356	0.01249	0.01716	0.07368	0.19743	0.10837	0.16603	0.04602	0.15980	0.00538	0.01013	0.00459	0.00504
43	0.06131	0.01301	0.01552	0.01209	0.01682	0.01302	0.00994	0.24543	0.07492	0.43953	0.02093	0.01892	0.01380	0.00761	0.00615	0.00192	0.00574	0.00599	0.00697	0.01037

[dist]
# distance from previous block
# <min> <max>
5	58

[block]
# block no. 2 follows, 36 sequences, length 19
# corresponding to MSA columns:
# 1231-1249
name=unknown_C
#
# <colnr> <probs for GDERKNQSTAVLIFYWHMCP>
#	G	D	E	R	K	N	Q	S	T	A	V	L	I	F	Y	W	H	M	C	P
0	0.09643	0.07612	0.04665	0.01416	0.08444	0.04137	0.01064	0.05521	0.20834	0.05501	0.01578	0.01803	0.01279	0.06553	0.00849	0.00214	0.05836	0.00550	0.00447	0.12052
1	0.01214	0.04527	0.01522	0.26797	0.02329	0.01148	0.03698	0.07136	0.03802	0.01843	0.01721	0.14662	0.01660	0.08550	0.05974	0.00289	0.00711	0.00784	0.02838	0.08795
2	0.11995	0.01222	0.01686	0.13954	0.03966	0.03766	0.12145	0.06731	0.06977	0.05947	0.10607	0.02655	0.08659	0.00855	0.00641	0.00202	0.00641	0.04236	0.00471	0.02645
3	0.00916	0.00597	0.00675	0.00686	0.00702	0.00594	0.00399	0.00949	0.00963	0.01334	0.02088	0.09860	0.02358	0.65400	0.02748	0.00537	0.00558	0.00948	0.07285	0.00405
4	0.01443	0.01562	0.08080	0.23577	0.02546	0.05315	0.01525	0.08457	0.01301	0.01803	0.01001	0.01448	0.00842	0.00856	0.01295	0.00233	0.37128	0.00535	0.00309	0.00744
5	0.01186	0.01107	0.01820	0.70182	0.04052	0.01337	0.01646	0.01590	0.01250	0.01629	0.01107	0.01630	0.00838	0.00609	0.00609	0.00198	0.00799	0.00538	0.00285	0.07586
6	0.01850	0.01278	0.01645	0.22516	0.02418	0.01439	0.01230	0.13854	0.21903	0.18781	0.01866	0.01911	0.01331	0.00762	0.00694	0.00205	0.04242	0.00614	0.00546	0.00918
7	0.01492	0.01594	0.02020	0.08785	0.02052	0.12425	0.06785	0.01688	0.01138	0.01550	0.00900	0.01381	0.00827	0.00939	0.01597	0.00246	0.53058	0.00540	0.00283	0.00701
8	0.01305	0.00811	0.00986	0.00942	0.01115	0.00805	0.00688	0.07061	0.07004	0.12472	0.06308	0.25101	0.05312	0.20223	0.01328	0.00320	0.00493	0.06508	0.00570	0.00646
9	0.00968	0.00775	0.01123	0.01078	0.01163	0.00948	0.00841	0.01159	0.00986	0.01436	0.01554	0.02403	0.01495	0.10008	0.57848	0.00851	0.13808	0.00667	0.00327	0.00562
10	0.01672	0.57916	0.03117	0.01325	0.01825	0.02221	0.10623	0.01913	0.01294	0.05264	0.00996	0.01178	0.00858	0.00590	0.00591	0.00158	0.06932	0.00419	0.00299	0.00809
11	0.00993	0.00617	0.00803	0.00861	0.00973	0.00574	0.00621	0.01170	0.01363	0.07702	0.14187	0.46361	0.06471	0.01618	0.00744	0.00231	0.00372	0.06280	0.07484	0.00575
12	0.01006	0.00649	0.00836	0.00904	0.01043	0.00596	0.00683	0.01177	0.01350	0.08747	0.03903	0.40004	0.18142	0.01710	0.00781	0.00246	0.00415	0.16634	0.00596	0.00579
13	0.01238	0.07705	0.02090	0.33052	0.02925	0.01356	0.15600	0.01731	0.07398	0.01866	0.10913	0.08006	0.01857	0.00803	0.00656	0.00204	0.00726	0.00754	0.00391	0.00728
14	0.15385	0.00894	0.01044	0.00884	0.01184	0.00855	0.00684	0.01989	0.01462	0.31353	0.13116	0.02869	0.05869	0.14385	0.01044	0.00264	0.00476	0.00735	0.04756	0.00753
15	0.07216	0.00868	0.01024	0.00953	0.01187	0.00865	0.00739	0.09059	0.05138	0.11162	0.21219	0.19679	0.10153	0.01297	0.00703	0.00216	0.00428	0.06774	0.00623	0.00697
16	0.00907	0.00738	0.00820	0.00831	0.01018	0.00713	0.00619	0.01350	0.13937	0.01897	0.10356	0.21938	0.36673	0.01518	0.00737	0.00222	0.00366	0.04152	0.00597	0.00609
17	0.01013	0.00670	0.00828	0.00839	0.01010	0.00612	0.00650	0.01224	0.01469	0.07762	0.18902	0.14994	0.24435	0.04675	0.00851	0.00241	0.00398	0.15285	0.03556	0.00585
18	0.02923	0.00762	0.00976	0.00913	0.01106	0.00729	0.00674	0.02827	0.03906	0.19339	0.11591	0.23513	0.06521	0.10043	0.06861	0.04475	0.00541	0.01063	0.00581	0.00659

[dist]
# distance from previous block
# <min> <max>
0	1

[block]
# block no. 3 follows, 36 sequences, length 21
# corresponding to MSA columns:
# 1251-1271
name=unknown_D
#
# <colnr> <probs for GDERKNQSTAVLIFYWHMCP>
#	G	D	E	R	K	N	Q	S	T	A	V	L	I	F	Y	W	H	M	C	P
0	0.00964	0.00731	0.00846	0.00858	0.01004	0.02884	0.00622	0.01257	0.06197	0.04414	0.27159	0.32090	0.15585	0.01514	0.00742	0.00220	0.00369	0.01334	0.00617	0.00593
1	0.27693	0.01150	0.01185	0.01006	0.01348	0.01265	0.00815	0.20448	0.01667	0.09360	0.03688	0.01755	0.01277	0.01340	0.12586	0.00315	0.00701	0.00532	0.11089	0.00778
2	0.01389	0.01267	0.03577	0.05883	0.06529	0.06250	0.00988	0.02338	0.33584	0.02266	0.10540	0.02563	0.03565	0.05170	0.00756	0.00217	0.00540	0.00714	0.11059	0.00806
3	0.05909	0.01036	0.03952	0.01092	0.01366	0.01030	0.03050	0.09156	0.09254	0.08864	0.08059	0.04386	0.03603	0.07225	0.21157	0.00447	0.00847	0.04501	0.04342	0.00723
4	0.01216	0.00776	0.00973	0.00882	0.01099	0.00742	0.00675	0.01664	0.10210	0.12468	0.49800	0.06655	0.07968	0.01191	0.00710	0.00200	0.00354	0.01039	0.00683	0.00695
5	0.00759	0.00542	0.00723	0.00868	0.00904	0.00506	0.00578	0.00868	0.01193	0.01591	0.03434	0.77697	0.04121	0.01952	0.00795	0.00253	0.00361	0.01771	0.00578	0.00506
6	0.08407	0.01031	0.01499	0.06837	0.09729	0.01084	0.07504	0.07452	0.04125	0.04349	0.05171	0.08889	0.01818	0.01476	0.09153	0.08898	0.00722	0.06208	0.04952	0.00695
7	0.01381	0.03822	0.02498	0.07654	0.05014	0.03562	0.32817	0.01859	0.06086	0.01913	0.01429	0.04616	0.01202	0.00921	0.05545	0.00245	0.04199	0.01865	0.02092	0.11278
8	0.00834	0.00625	0.00750	0.00733	0.00875	0.00566	0.00530	0.01043	0.01530	0.02056	0.41460	0.09798	0.25231	0.10014	0.01012	0.00250	0.00339	0.01199	0.00613	0.00541
9	0.01721	0.30455	0.08553	0.01388	0.01873	0.07950	0.05717	0.14167	0.01580	0.02039	0.01049	0.01240	0.00869	0.00645	0.00696	0.00168	0.10039	0.00444	0.00347	0.09058
10	0.00882	0.00655	0.00845	0.00930	0.01070	0.00618	0.00750	0.01107	0.01430	0.01856	0.13267	0.19410	0.20116	0.01672	0.00804	0.00251	0.00439	0.32755	0.00590	0.00552
11	0.33497	0.01535	0.01499	0.01195	0.01650	0.01725	0.00986	0.44828	0.02203	0.03487	0.01252	0.01308	0.00910	0.00682	0.00531	0.00189	0.00607	0.00474	0.00531	0.00910
12	0.01143	0.01018	0.01616	0.43237	0.11729	0.01177	0.01380	0.01422	0.01222	0.01588	0.01874	0.02406	0.11038	0.05825	0.01006	0.07068	0.03595	0.00680	0.00328	0.00650
13	0.00983	0.00663	0.00851	0.00868	0.01011	0.00621	0.00645	0.01250	0.04176	0.06669	0.29859	0.30167	0.11045	0.01528	0.00756	0.00225	0.00365	0.07088	0.00632	0.00598
14	0.00890	0.00668	0.01001	0.01001	0.01113	0.00779	0.00779	0.01113	0.01001	0.01446	0.01669	0.02448	0.01558	0.04673	0.75634	0.01001	0.01669	0.00668	0.00334	0.00556
15	0.01363	0.01363	0.01908	0.01636	0.01636	0.01908	0.01363	0.01499	0.00954	0.01499	0.00818	0.01363	0.00818	0.01091	0.02045	0.00273	0.76963	0.00545	0.00273	0.00682
16	0.01272	0.00713	0.00961	0.00921	0.01047	0.00717	0.00666	0.02735	0.07154	0.10628	0.04515	0.15196	0.03534	0.02008	0.08522	0.37005	0.00600	0.00826	0.00450	0.00528
17	0.00745	0.00631	0.00642	0.00640	0.00847	0.00529	0.00480	0.00910	0.01439	0.01729	0.10099	0.05921	0.70148	0.01561	0.00736	0.00210	0.00314	0.01304	0.00585	0.00529
18	0.01200	0.01131	0.01911	0.71973	0.08742	0.01390	0.01742	0.01612	0.01257	0.01620	0.01112	0.01654	0.00841	0.00619	0.00623	0.00206	0.00825	0.00554	0.00279	0.00711
19	0.75447	0.01307	0.00995	0.00881	0.01269	0.04726	0.00720	0.04920	0.01173	0.02788	0.00899	0.01038	0.00697	0.00589	0.00404	0.00191	0.00519	0.00350	0.00393	0.00694
20	0.01452	0.01810	0.09636	0.02555	0.03209	0.01565	0.66124	0.01994	0.01458	0.01994	0.01249	0.01650	0.00932	0.00531	0.00723	0.00209	0.01040	0.00712	0.00311	0.00847

[dist]
# distance from previous block
# <min> <max>
0	1

[block]
# block no. 4 follows, 36 sequences, length 6
# corresponding to MSA columns:
# 1273-1278
name=unknown_E
#
# <colnr> <probs for GDERKNQSTAVLIFYWHMCP>
#	G	D	E	R	K	N	Q	S	T	A	V	L	I	F	Y	W	H	M	C	P
0	0.02647	0.01449	0.01575	0.01240	0.01705	0.10762	0.01009	0.17285	0.02019	0.50559	0.02066	0.01863	0.01347	0.00750	0.00618	0.00187	0.00639	0.00584	0.00682	0.01017
1	0.01049	0.00791	0.01014	0.01076	0.01252	0.00792	0.00879	0.01481	0.10602	0.01894	0.02995	0.17891	0.03197	0.05263	0.00903	0.00272	0.00520	0.40898	0.00557	0.06674
2	0.00758	0.00624	0.00666	0.00672	0.00859	0.00533	0.00498	0.00930	0.01447	0.01785	0.15124	0.11952	0.58860	0.01569	0.00741	0.00212	0.00317	0.01329	0.00593	0.00533
3	0.01542	0.01480	0.02529	0.03824	0.74217	0.01480	0.01912	0.01912	0.01419	0.02036	0.01172	0.01542	0.00987	0.00555	0.00617	0.00185	0.00740	0.00555	0.00308	0.00987
4	0.00757	0.00552	0.00712	0.00841	0.00897	0.00508	0.00566	0.00871	0.01219	0.01601	0.03763	0.69497	0.12108	0.01909	0.00789	0.00248	0.00356	0.01719	0.00578	0.00508
5	0.00890	0.00668	0.01001	0.01001	0.01113	0.00779	0.00779	0.01113	0.01001	0.01446	0.01669	0.02448	0.01558	0.04673	0.75634	0.01001	0.01669	0.00668	0.00334	0.00556

[dist]
# distance from previous block
# <min> <max>
0	7

[block]
# block no. 5 follows, 36 sequences, length 24
# corresponding to MSA columns:
# 1286-1309
name=unknown_F
#
# <colnr> <probs for GDERKNQSTAVLIFYWHMCP>
#	G	D	E	R	K	N	Q	S	T	A	V	L	I	F	Y	W	H	M	C	P
0	0.00809	0.00634	0.00732	0.00708	0.00886	0.00557	0.00531	0.01036	0.01593	0.02093	0.40244	0.05322	0.39777	0.01425	0.00736	0.00203	0.00305	0.01220	0.00632	0.00557
1	0.01179	0.00677	0.00806	0.00751	0.00846	0.00646	0.00481	0.01249	0.01138	0.12373	0.08496	0.03930	0.06083	0.55969	0.02455	0.00487	0.00552	0.00904	0.00474	0.00506
2	0.01666	0.78478	0.03265	0.01066	0.01599	0.02465	0.01066	0.01866	0.01266	0.01466	0.00866	0.00999	0.00800	0.00533	0.00400	0.00133	0.00666	0.00333	0.00267	0.00800
3	0.01313	0.01246	0.02115	0.49497	0.30336	0.01420	0.01798	0.01711	0.01310	0.01757	0.01131	0.01617	0.00889	0.00598	0.00621	0.00199	0.00797	0.00554	0.00289	0.00802
4	0.00759	0.00542	0.00723	0.00868	0.00904	0.00506	0.00578	0.00868	0.01193	0.01591	0.03434	0.77697	0.04121	0.01952	0.00795	0.00253	0.00361	0.01771	0.00578	0.00506
5	0.00983	0.00647	0.00830	0.00898	0.00974	0.00632	0.00656	0.01114	0.01185	0.04513	0.02769	0.21825	0.03105	0.31817	0.01746	0.00400	0.00535	0.24364	0.00506	0.00501
6	0.04019	0.01033	0.01122	0.00933	0.01245	0.01075	0.00748	0.23758	0.01878	0.13698	0.01897	0.01998	0.01396	0.00736	0.00521	0.00167	0.00455	0.00575	0.41942	0.00805
7	0.05981	0.01629	0.01770	0.01362	0.01854	0.01771	0.01125	0.59690	0.02692	0.13426	0.01598	0.01559	0.01108	0.00744	0.00613	0.00188	0.00656	0.00560	0.00633	0.01043
8	0.00821	0.00568	0.00705	0.00788	0.00809	0.00548	0.00493	0.00884	0.01071	0.01428	0.02810	0.46475	0.03334	0.34247	0.01803	0.00402	0.00464	0.01404	0.00493	0.00452
9	0.74976	0.01221	0.00984	0.00861	0.01256	0.01396	0.00709	0.04912	0.01178	0.06530	0.00976	0.01090	0.00736	0.00596	0.00408	0.00193	0.00493	0.00362	0.00416	0.00711
10	0.01364	0.01510	0.03233	0.02362	0.02903	0.01415	0.61235	0.01826	0.01429	0.01935	0.01587	0.13097	0.01422	0.00739	0.00744	0.00217	0.00947	0.00891	0.00355	0.00790
11	0.01603	0.67177	0.14019	0.01173	0.01764	0.02312	0.01252	0.01882	0.01273	0.01542	0.00904	0.01047	0.00798	0.00542	0.00429	0.00143	0.00705	0.00352	0.00266	0.00818
12	0.01524	0.00777	0.01001	0.00901	0.01161	0.00703	0.00724	0.01783	0.01628	0.25277	0.24289	0.04105	0.11921	0.01156	0.00686	0.00205	0.00413	0.11276	0.09743	0.00728
13	0.00807	0.00569	0.00755	0.00859	0.00915	0.00536	0.00592	0.00937	0.01267	0.01709	0.13870	0.57178	0.04181	0.05681	0.00954	0.02469	0.00380	0.05259	0.00576	0.00509
14	0.01735	0.61667	0.08246	0.01199	0.01728	0.13375	0.01177	0.01967	0.01345	0.01512	0.00899	0.01041	0.00799	0.00554	0.00438	0.00142	0.00753	0.00353	0.00274	0.00797
15	0.02299	0.01558	0.01795	0.01402	0.01823	0.01736	0.01160	0.48412	0.02415	0.16988	0.01577	0.01595	0.01115	0.00804	0.00837	0.00201	0.12111	0.00571	0.00599	0.01003
16	0.00876	0.00620	0.00828	0.00953	0.01026	0.00603	0.00719	0.01040	0.01249	0.01647	0.03182	0.39857	0.03659	0.12144	0.01142	0.00314	0.00478	0.28599	0.00549	0.00515
17	0.00986	0.00804	0.01166	0.01111	0.01194	0.00996	0.00874	0.01179	0.00987	0.01444	0.01514	0.02318	0.01447	0.07894	0.56987	0.00834	0.16713	0.00656	0.00324	0.00572
18	0.01001	0.03326	0.01060	0.12228	0.01415	0.00790	0.00765	0.01053	0.01001	0.01340	0.01673	0.12557	0.01750	0.15437	0.17595	0.24593	0.00816	0.00792	0.00345	0.00463
19	0.01936	0.01701	0.01618	0.01397	0.01772	0.19593	0.04616	0.06424	0.33836	0.13157	0.02062	0.02177	0.01577	0.00810	0.00632	0.00199	0.00696	0.04331	0.00558	0.00907
20	0.01903	0.01210	0.01395	0.01171	0.01547	0.01279	0.00932	0.13143	0.31695	0.22409	0.13886	0.02522	0.02321	0.00880	0.00647	0.00200	0.00500	0.00730	0.00678	0.00953
21	0.01225	0.01098	0.01707	0.30765	0.20100	0.01202	0.01389	0.01708	0.07730	0.02006	0.17533	0.04401	0.02180	0.00802	0.00647	0.00197	0.00634	0.00722	0.00418	0.03536
22	0.05391	0.00993	0.01282	0.11294	0.03257	0.03189	0.01009	0.04633	0.05110	0.04276	0.01882	0.07188	0.01828	0.09432	0.18607	0.00449	0.07998	0.11112	0.00420	0.00651
23	0.01463	0.01170	0.01946	0.22002	0.02542	0.01284	0.15636	0.05508	0.01403	0.11193	0.01694	0.13138	0.01496	0.00976	0.02390	0.00234	0.10654	0.00786	0.03730	0.00753

[dist]
# distance from previous block
# <min> <max>
2	14

[block]
# block no. 6 follows, 36 sequences, length 7
# corresponding to MSA columns:
# 1324-1330
name=unknown_G
#
# <colnr> <probs for GDERKNQSTAVLIFYWHMCP>
#	G	D	E	R	K	N	Q	S	T	A	V	L	I	F	Y	W	H	M	C	P
0	0.28377	0.01157	0.01368	0.12533	0.04891	0.01270	0.04038	0.06096	0.10371	0.02338	0.01630	0.12722	0.01490	0.00844	0.00568	0.00201	0.00567	0.02245	0.00440	0.06855
1	0.01249	0.01119	0.01823	0.51863	0.14484	0.01319	0.01577	0.01677	0.06267	0.01676	0.01215	0.01715	0.00957	0.00796	0.00820	0.09100	0.00761	0.00563	0.00306	0.00712
2	0.01203	0.00777	0.01030	0.03634	0.01315	0.00762	0.00860	0.05509	0.01538	0.09903	0.10880	0.20215	0.08389	0.01512	0.00777	0.00246	0.00492	0.29711	0.00601	0.00644
3	0.01298	0.00751	0.00928	0.00870	0.01058	0.00704	0.00637	0.03185	0.03922	0.16751	0.13838	0.18698	0.13182	0.17270	0.01229	0.00297	0.00450	0.03697	0.00595	0.00641
4	0.06914	0.00779	0.00923	0.00911	0.01065	0.00793	0.00674	0.05451	0.06386	0.04791	0.11429	0.21282	0.06891	0.11322	0.01218	0.09170	0.00467	0.08419	0.00532	0.00582
5	0.01850	0.18492	0.02087	0.03896	0.01814	0.01582	0.08706	0.18685	0.06763	0.14450	0.01677	0.04581	0.01378	0.10249	0.00907	0.00235	0.00665	0.00635	0.00492	0.00857
6	0.04062	0.00823	0.00941	0.00877	0.01041	0.00834	0.00620	0.05627	0.09116	0.09726	0.06126	0.11079	0.07548	0.34351	0.01755	0.00383	0.00523	0.03439	0.00520	0.00609

[dist]
# distance from previous block
# <min> <max>
0	1

[block]
# block no. 7 follows, 36 sequences, length 6
# corresponding to MSA columns:
# 1332-1337
name=unknown_H
#
# <colnr> <probs for GDERKNQSTAVLIFYWHMCP>
#	G	D	E	R	K	N	Q	S	T	A	V	L	I	F	Y	W	H	M	C	P
0	0.09691	0.00795	0.00908	0.00859	0.01058	0.00791	0.00657	0.08082	0.01661	0.02403	0.36856	0.14610	0.13618	0.01305	0.00701	0.00209	0.00377	0.04185	0.00613	0.00623
1	0.05807	0.00746	0.00885	0.00810	0.01022	0.00719	0.00620	0.03954	0.01578	0.13661	0.28516	0.11076	0.03358	0.01057	0.00617	0.00187	0.00361	0.00901	0.23453	0.00672
2	0.04056	0.01145	0.01109	0.01040	0.01273	0.10446	0.00799	0.08378	0.09538	0.04013	0.10523	0.12047	0.15558	0.04010	0.08066	0.00299	0.00648	0.05837	0.00536	0.00679
3	0.07069	0.06191	0.01008	0.00830	0.01038	0.00815	0.00656	0.01353	0.03227	0.04779	0.32443	0.07104	0.14720	0.04005	0.00765	0.00217	0.00392	0.07711	0.05063	0.00614
4	0.00968	0.00755	0.01211	0.01105	0.01272	0.00808	0.08297	0.01228	0.01163	0.01694	0.08228	0.07849	0.02062	0.03352	0.48379	0.00709	0.01254	0.00785	0.08292	0.00588
5	0.01109	0.00737	0.00926	0.00867	0.01056	0.00704	0.00653	0.01518	0.08999	0.09199	0.47386	0.13524	0.08308	0.01284	0.00722	0.00205	0.00346	0.01127	0.00670	0.00660

[dist]
# distance from previous block
# <min> <max>
0	10

[block]
# block no. 8 follows, 36 sequences, length 17
# corresponding to MSA columns:
# 1348-1356,1361-1368
name=unknown_I
#
# <colnr> <probs for GDERKNQSTAVLIFYWHMCP>
#	G	D	E	R	K	N	Q	S	T	A	V	L	I	F	Y	W	H	M	C	P
0	0.02251	0.07166	0.07809	0.01380	0.01906	0.01763	0.01218	0.48066	0.05885	0.13875	0.01611	0.01577	0.01130	0.00728	0.00606	0.00186	0.00671	0.00553	0.00591	0.01027
1	0.05031	0.00777	0.00934	0.00941	0.01107	0.00780	0.00698	0.05216	0.07210	0.07260	0.07599	0.35897	0.08235	0.06035	0.03128	0.00278	0.00472	0.07196	0.00578	0.00630
2	0.00944	0.00617	0.00781	0.00825	0.00946	0.00559	0.00583	0.01099	0.01366	0.07671	0.15115	0.44728	0.16984	0.03716	0.00825	0.00241	0.00362	0.01468	0.00606	0.00564
3	0.00801	0.00573	0.00770	0.00889	0.00939	0.00558	0.00617	0.00928	0.01170	0.01568	0.03131	0.59258	0.03676	0.07606	0.08996	0.00361	0.00534	0.06581	0.00538	0.00507
4	0.01062	0.07099	0.01015	0.00828	0.00912	0.06077	0.00556	0.01125	0.01017	0.01296	0.01795	0.05144	0.01983	0.53655	0.13416	0.00585	0.00797	0.00809	0.00363	0.00466
5	0.13672	0.00835	0.00942	0.00846	0.01088	0.00813	0.00637	0.01588	0.04982	0.11250	0.23961	0.09661	0.05375	0.10671	0.00938	0.00242	0.00421	0.00873	0.03961	0.07244
6	0.01376	0.01360	0.02358	0.05813	0.02254	0.01554	0.26987	0.04598	0.01286	0.01860	0.01306	0.06970	0.01172	0.00877	0.01214	0.00231	0.30424	0.00705	0.06922	0.00735
7	0.00922	0.00626	0.00797	0.00786	0.00912	0.00580	0.00567	0.01148	0.01548	0.04341	0.45883	0.18760	0.08207	0.07618	0.00929	0.00239	0.00340	0.01206	0.04028	0.00566
8	0.01413	0.00939	0.04566	0.00937	0.01231	0.00810	0.00773	0.01869	0.10057	0.19156	0.34000	0.03735	0.13144	0.01097	0.00681	0.00197	0.00405	0.00936	0.03302	0.00752
9	0.01521	0.01283	0.01348	0.01218	0.01555	0.01479	0.00946	0.03175	0.67843	0.02586	0.02499	0.02324	0.01880	0.00837	0.00619	0.00206	0.00478	0.00695	0.06550	0.00957
10	0.00787	0.00585	0.00741	0.00855	0.00942	0.00539	0.00613	0.00930	0.01274	0.01647	0.04030	0.52934	0.18943	0.01841	0.00791	0.00248	0.00380	0.10822	0.00578	0.00519
11	0.02292	0.02671	0.01764	0.01557	0.01911	0.58960	0.01189	0.14458	0.05845	0.01995	0.01140	0.01253	0.00906	0.00671	0.00576	0.00168	0.01014	0.00445	0.00390	0.00794
12	0.00978	0.00659	0.00858	0.00796	0.00963	0.00603	0.00601	0.01264	0.01753	0.06285	0.67736	0.04567	0.08043	0.01258	0.00729	0.00196	0.00307	0.01107	0.00687	0.00611
13	0.02467	0.00988	0.01341	0.01053	0.01477	0.00859	0.00859	0.02717	0.01780	0.62255	0.14727	0.02556	0.02287	0.00857	0.00645	0.00193	0.00490	0.00712	0.00757	0.00979
14	0.00833	0.00640	0.00771	0.00796	0.00958	0.00578	0.00616	0.01051	0.01507	0.01959	0.26344	0.12785	0.33192	0.01547	0.00764	0.00224	0.00361	0.13911	0.00611	0.00552
15	0.02112	0.02610	0.01798	0.01612	0.01861	0.59124	0.01239	0.02267	0.01584	0.01519	0.00931	0.01177	0.00806	0.00742	0.00893	0.00186	0.18081	0.00433	0.00310	0.00713
16	0.02419	0.01665	0.01820	0.01395	0.01892	0.01813	0.01153	0.64029	0.02795	0.12227	0.01609	0.01569	0.01116	0.00751	0.00624	0.00188	0.00667	0.00569	0.00641	0.01060

[dist]
# distance from previous block
# <min> <max>
0	1

[block]
# block no. 9 follows, 36 sequences, length 59
# corresponding to MSA columns:
# 1370-1428
name=unknown_J
#
# <colnr> <probs for GDERKNQSTAVLIFYWHMCP>
#	G	D	E	R	K	N	Q	S	T	A	V	L	I	F	Y	W	H	M	C	P
0	0.01968	0.04545	0.14205	0.01391	0.01881	0.03171	0.01288	0.31016	0.06321	0.13214	0.07210	0.01815	0.01476	0.00789	0.00731	0.00196	0.06700	0.00593	0.00542	0.00948
1	0.02075	0.35475	0.02434	0.01294	0.01768	0.18484	0.01123	0.22393	0.01885	0.05996	0.01153	0.01229	0.00914	0.00632	0.00512	0.00158	0.00766	0.00429	0.00408	0.00871
2	0.01869	0.01849	0.04497	0.01830	0.07768	0.13785	0.14058	0.21033	0.21848	0.02603	0.01618	0.01697	0.01217	0.00697	0.00635	0.00194	0.00782	0.00603	0.00484	0.00934
3	0.02438	0.01567	0.07455	0.01356	0.01884	0.01450	0.03182	0.35132	0.02272	0.33918	0.01870	0.01754	0.01241	0.00739	0.00625	0.00191	0.00648	0.00586	0.00649	0.01043
4	0.00758	0.00547	0.00718	0.00855	0.00900	0.00507	0.00573	0.00869	0.01205	0.01595	0.03587	0.73880	0.07839	0.01932	0.00792	0.00251	0.00359	0.01747	0.00578	0.00507
5	0.00980	0.00636	0.00827	0.00892	0.01010	0.00591	0.00659	0.01147	0.01345	0.07487	0.09989	0.40782	0.11643	0.05674	0.00905	0.00263	0.00414	0.13599	0.00592	0.00565
6	0.01919	0.01293	0.01448	0.01238	0.01632	0.01412	0.00981	0.07614	0.50460	0.21050	0.02450	0.02220	0.01757	0.00820	0.00631	0.00205	0.00515	0.00675	0.00668	0.01010
7	0.00767	0.00555	0.00726	0.00847	0.00902	0.00514	0.00573	0.00893	0.01251	0.01667	0.09120	0.67724	0.08403	0.01877	0.00787	0.00246	0.00353	0.01694	0.00587	0.00514
8	0.00759	0.00542	0.00723	0.00868	0.00904	0.00506	0.00578	0.00868	0.01193	0.01591	0.03434	0.77697	0.04121	0.01952	0.00795	0.00253	0.00361	0.01771	0.00578	0.00506
9	0.00772	0.00627	0.00685	0.00682	0.00867	0.00539	0.00507	0.00959	0.01487	0.01870	0.22078	0.10182	0.53511	0.01530	0.00740	0.00210	0.00313	0.01299	0.00604	0.00539
10	0.09927	0.01572	0.01660	0.01312	0.01752	0.01738	0.01069	0.58098	0.02565	0.03570	0.01598	0.07476	0.01291	0.02661	0.00674	0.00203	0.00639	0.00642	0.00591	0.00963
11	0.23750	0.02498	0.01539	0.01395	0.01733	0.55776	0.01062	0.02313	0.01577	0.01864	0.00938	0.01094	0.00768	0.00625	0.00515	0.00169	0.00952	0.00384	0.00338	0.00710
12	0.02327	0.02970	0.01766	0.01605	0.01926	0.75602	0.01204	0.02488	0.01766	0.01525	0.00963	0.01124	0.00803	0.00642	0.00562	0.00161	0.01124	0.00401	0.00321	0.00722
13	0.00906	0.00604	0.00680	0.00680	0.00680	0.00604	0.00378	0.00906	0.00906	0.01208	0.01963	0.04077	0.02265	0.78103	0.03171	0.00604	0.00604	0.00906	0.00378	0.00378
14	0.02407	0.01160	0.01454	0.01139	0.01576	0.01110	0.00931	0.18078	0.03726	0.47304	0.12132	0.02338	0.02044	0.00837	0.00641	0.00192	0.00531	0.00683	0.00723	0.00993
15	0.01250	0.03223	0.74875	0.01776	0.02697	0.01447	0.02302	0.01973	0.01315	0.01973	0.01118	0.01315	0.00789	0.00592	0.00592	0.00197	0.00921	0.00460	0.00263	0.00921
16	0.00750	0.00579	0.00685	0.00771	0.00878	0.00514	0.00535	0.00878	0.01286	0.01629	0.04615	0.48285	0.32771	0.01799	0.00771	0.00236	0.00343	0.01584	0.00578	0.00514
17	0.01542	0.01480	0.02529	0.03824	0.74217	0.01480	0.01912	0.01912	0.01419	0.02036	0.01172	0.01542	0.00987	0.00555	0.00617	0.00185	0.00740	0.00555	0.00308	0.00987
18	0.07010	0.01586	0.01697	0.01342	0.01806	0.01751	0.01097	0.50148	0.15324	0.09213	0.01721	0.01665	0.01226	0.00757	0.00611	0.00192	0.00627	0.00579	0.00623	0.01024
19	0.01875	0.01364	0.01475	0.01214	0.01576	0.01500	0.00957	0.37792	0.18332	0.05760	0.01937	0.05167	0.01580	0.10991	0.00957	0.00248	0.00590	0.00691	0.05088	0.00904
20	0.00882	0.00637	0.00833	0.00784	0.00931	0.00588	0.00588	0.01176	0.01764	0.02499	0.73888	0.04654	0.05879	0.01274	0.00735	0.00196	0.00294	0.01127	0.00686	0.00588
21	0.00895	0.00599	0.00683	0.00694	0.00697	0.00596	0.00393	0.00903	0.00929	0.01238	0.02078	0.09840	0.02410	0.72142	0.02985	0.00577	0.00585	0.00974	0.00393	0.00388
22	0.01542	0.01480	0.02529	0.03824	0.74217	0.01480	0.01912	0.01912	0.01419	0.02036	0.01172	0.01542	0.00987	0.00555	0.00617	0.00185	0.00740	0.00555	0.00308	0.00987
23	0.01472	0.01409	0.02403	0.17680	0.60904	0.01462	0.01878	0.01851	0.01386	0.01951	0.01160	0.01565	0.00957	0.00568	0.00618	0.00189	0.00757	0.00555	0.00302	0.00931
24	0.00900	0.00623	0.00777	0.00773	0.00814	0.00649	0.00501	0.00982	0.00999	0.01373	0.07571	0.03691	0.02363	0.52553	0.22199	0.00677	0.00862	0.00860	0.00390	0.00442
25	0.01708	0.15649	0.29272	0.07458	0.02309	0.21260	0.01603	0.02194	0.05181	0.06083	0.01186	0.01338	0.00900	0.00621	0.00558	0.00178	0.00878	0.00453	0.00330	0.00841
26	0.01358	0.01966	0.30447	0.04556	0.22890	0.01257	0.01708	0.01837	0.01333	0.04717	0.01298	0.01589	0.01012	0.00910	0.06509	0.00244	0.00818	0.00514	0.06675	0.08361
27	0.01511	0.01737	0.08536	0.02068	0.02640	0.07186	0.43022	0.02007	0.04163	0.04577	0.01411	0.05552	0.01142	0.00627	0.00671	0.00192	0.00896	0.00690	0.00360	0.11008
28	0.02175	0.02470	0.01754	0.01555	0.01897	0.53868	0.04015	0.07234	0.05517	0.05622	0.01356	0.01753	0.01142	0.00747	0.00604	0.00179	0.00983	0.05957	0.00401	0.00770
29	0.00759	0.00542	0.00723	0.00868	0.00904	0.00506	0.00578	0.00868	0.01193	0.01591	0.03434	0.77697	0.04121	0.01952	0.00795	0.00253	0.00361	0.01771	0.00578	0.00506
30	0.00898	0.00601	0.00682	0.00690	0.00691	0.00599	0.00388	0.00904	0.00921	0.01228	0.02041	0.07996	0.02364	0.74050	0.03045	0.00585	0.00591	0.00952	0.00388	0.00384
31	0.01489	0.08624	0.07230	0.02649	0.15441	0.01632	0.49678	0.01968	0.01435	0.01954	0.01202	0.01576	0.00931	0.00535	0.00677	0.00198	0.00955	0.00653	0.00307	0.00866
32	0.00836	0.00678	0.00750	0.00756	0.00941	0.00620	0.00564	0.01139	0.07109	0.01879	0.16299	0.15457	0.45426	0.01528	0.00740	0.00217	0.00341	0.03549	0.00600	0.00571
33	0.02131	0.01230	0.01451	0.01183	0.01593	0.01267	0.00953	0.16611	0.22927	0.31422	0.10278	0.02340	0.02037	0.00845	0.00640	0.00197	0.00524	0.00692	0.00692	0.00986
34	0.01465	0.00704	0.00774	0.00709	0.00923	0.00690	0.00548	0.01825	0.05200	0.14860	0.02133	0.02288	0.01604	0.00740	0.00479	0.00157	0.00343	0.00595	0.63279	0.00685
35	0.02447	0.01619	0.01792	0.01374	0.01869	0.01745	0.01135	0.59405	0.02718	0.16959	0.01673	0.01611	0.01149	0.00752	0.00624	0.00188	0.00657	0.00573	0.00651	0.01060
36	0.01666	0.78478	0.03265	0.01066	0.01599	0.02465	0.01066	0.01866	0.01266	0.01466	0.00866	0.00999	0.00800	0.00533	0.00400	0.00133	0.00666	0.00333	0.00267	0.00800
37	0.00907	0.00725	0.00787	0.00752	0.00970	0.00659	0.00581	0.06599	0.01601	0.02015	0.17629	0.05466	0.52058	0.01467	0.00735	0.00211	0.00356	0.05299	0.00601	0.00582
38	0.01009	0.00670	0.00781	0.00751	0.00913	0.00654	0.00563	0.01401	0.07158	0.02366	0.38595	0.06760	0.08239	0.01112	0.00635	0.00184	0.00312	0.00958	0.26328	0.00610
39	0.01250	0.03223	0.74875	0.01776	0.02697	0.01447	0.02302	0.01973	0.01315	0.01973	0.01118	0.01315	0.00789	0.00592	0.00592	0.00197	0.00921	0.00460	0.00263	0.00921
40	0.01177	0.01107	0.01869	0.76606	0.04291	0.01384	0.01730	0.01592	0.01246	0.01592	0.01107	0.01661	0.00831	0.00623	0.00623	0.00208	0.00831	0.00554	0.00277	0.00692
41	0.00894	0.00599	0.00683	0.00694	0.00697	0.00596	0.00393	0.00903	0.00929	0.01238	0.02079	0.09897	0.02412	0.72084	0.02983	0.00576	0.00585	0.00974	0.00393	0.00388
42	0.01581	0.01717	0.06851	0.03434	0.58704	0.07345	0.07362	0.01968	0.01444	0.01988	0.01159	0.01506	0.00957	0.00562	0.00620	0.00186	0.00806	0.00551	0.00307	0.00951
43	0.00885	0.00636	0.00813	0.00912	0.00984	0.00618	0.00626	0.06447	0.01329	0.01773	0.03282	0.71732	0.03881	0.01858	0.00782	0.00248	0.00387	0.01677	0.00582	0.00549
44	0.05259	0.00683	0.00839	0.00878	0.00997	0.00668	0.00636	0.01230	0.03640	0.06041	0.12392	0.32450	0.05906	0.14861	0.01170	0.00301	0.00442	0.10486	0.00560	0.00561
45	0.00882	0.00667	0.00829	0.00913	0.01008	0.00664	0.00636	0.01245	0.11618	0.01811	0.08970	0.59404	0.05508	0.01730	0.00766	0.00242	0.00374	0.01556	0.00595	0.00582
46	0.00914	0.00661	0.00719	0.00705	0.00794	0.00636	0.00453	0.03784	0.01159	0.01480	0.03327	0.04634	0.24582	0.49519	0.02261	0.00458	0.00517	0.02487	0.00454	0.00455
47	0.00822	0.00621	0.00746	0.00817	0.00928	0.00572	0.00572	0.03762	0.01351	0.01745	0.06781	0.50713	0.24754	0.01768	0.00769	0.00236	0.00358	0.01564	0.00584	0.00537
48	0.36695	0.01175	0.01138	0.00981	0.01332	0.01286	0.00786	0.17635	0.03970	0.08107	0.06017	0.09565	0.04200	0.00863	0.00542	0.00197	0.00495	0.00659	0.03588	0.00769
49	0.00759	0.00542	0.00723	0.00868	0.00904	0.00506	0.00578	0.00868	0.01193	0.01591	0.03434	0.77697	0.04121	0.01952	0.00795	0.00253	0.00361	0.01771	0.00578	0.00506
50	0.00874	0.00717	0.00783	0.00776	0.00972	0.00674	0.00577	0.01268	0.11358	0.01922	0.15705	0.15538	0.43597	0.01484	0.00730	0.00214	0.00343	0.01267	0.00603	0.00596
51	0.05779	0.00659	0.00818	0.00874	0.00976	0.00651	0.00608	0.01174	0.03940	0.05615	0.08525	0.49173	0.03514	0.09524	0.04882	0.00314	0.00470	0.01389	0.00555	0.00560
52	0.00851	0.00589	0.00764	0.00848	0.00938	0.00542	0.00595	0.01004	0.01332	0.04140	0.14421	0.53906	0.11750	0.01762	0.00777	0.00239	0.00359	0.04043	0.00601	0.00541
53	0.01133	0.01132	0.02242	0.01760	0.02109	0.01060	0.37089	0.01469	0.01380	0.01869	0.07837	0.33096	0.02634	0.01169	0.00760	0.00227	0.00709	0.01191	0.00452	0.00683
54	0.06393	0.07918	0.01743	0.01310	0.01714	0.21376	0.01050	0.28826	0.02074	0.12114	0.02889	0.01658	0.01195	0.06109	0.00757	0.00206	0.00756	0.00533	0.00506	0.00872
55	0.01690	0.12720	0.01496	0.01036	0.01329	0.04093	0.00828	0.14560	0.01638	0.14766	0.07962	0.12524	0.02000	0.03664	0.00954	0.11883	0.00550	0.00757	0.04820	0.00730
56	0.20458	0.05815	0.01348	0.01039	0.01410	0.04307	0.00842	0.12783	0.11524	0.15898	0.05356	0.01896	0.01491	0.02708	0.00603	0.00195	0.00530	0.00561	0.10405	0.00833
57	0.07544	0.01510	0.02787	0.04904	0.13515	0.01482	0.38896	0.04980	0.05769	0.10189	0.01431	0.01690	0.01055	0.00592	0.00666	0.00202	0.00850	0.00652	0.00400	0.00887
58	0.15781	0.37078	0.02076	0.00974	0.01387	0.01653	0.00875	0.01883	0.01356	0.13336	0.11573	0.01754	0.01638	0.00781	0.00602	0.05012	0.00552	0.00506	0.00427	0.00757

[dist]
# distance from previous block
# <min> <max>
0	14

[block]
# block no. 10 follows, 36 sequences, length 49
# corresponding to MSA columns:
# 1444-1484,1517-1524
name=unknown_K
#
# <colnr> <probs for GDERKNQSTAVLIFYWHMCP>
#	G	D	E	R	K	N	Q	S	T	A	V	L	I	F	Y	W	H	M	C	P
0	0.00899	0.00673	0.00903	0.06663	0.01175	0.00686	0.00667	0.01122	0.01382	0.01908	0.34639	0.03976	0.09632	0.15981	0.16553	0.00438	0.00676	0.00964	0.00517	0.00546
1	0.01553	0.00824	0.01178	0.05061	0.01434	0.00774	0.03089	0.01780	0.01485	0.27331	0.12063	0.23165	0.05662	0.01561	0.07624	0.00289	0.00585	0.03190	0.00613	0.00739
2	0.01491	0.12319	0.01788	0.21940	0.06399	0.04319	0.01179	0.10740	0.04367	0.05193	0.01501	0.01926	0.03384	0.05346	0.08315	0.07305	0.00797	0.00579	0.00380	0.00730
3	0.34271	0.01117	0.01357	0.01162	0.01500	0.01188	0.10698	0.06275	0.04075	0.02449	0.08121	0.07689	0.06494	0.00961	0.00603	0.00214	0.00553	0.10105	0.00477	0.00693
4	0.04386	0.01184	0.01346	0.01121	0.01508	0.01238	0.00898	0.12409	0.26515	0.26839	0.02318	0.02169	0.02892	0.00796	0.00598	0.00192	0.00501	0.00642	0.11498	0.00949
5	0.09269	0.00859	0.01012	0.00912	0.01161	0.00846	0.00694	0.04253	0.06483	0.20727	0.13906	0.17496	0.02734	0.06606	0.00815	0.00230	0.00435	0.00923	0.09910	0.00729
6	0.00976	0.00727	0.00932	0.02268	0.01155	0.00721	0.00769	0.04933	0.01505	0.01996	0.19003	0.09368	0.16501	0.04679	0.08112	0.00325	0.00571	0.24310	0.00566	0.00583
7	0.00871	0.00636	0.00818	0.00772	0.00924	0.00583	0.00579	0.01154	0.01738	0.02437	0.68758	0.04756	0.11047	0.01297	0.00735	0.00197	0.00296	0.01141	0.00678	0.00583
8	0.00882	0.00587	0.00758	0.00812	0.00869	0.00565	0.00556	0.00924	0.01125	0.01485	0.06862	0.27391	0.10670	0.17857	0.04031	0.16886	0.00498	0.06326	0.00472	0.00445
9	0.14884	0.00782	0.00887	0.00848	0.01043	0.00789	0.00646	0.04228	0.01519	0.05955	0.32004	0.16447	0.03756	0.03464	0.00733	0.00218	0.00388	0.04535	0.06249	0.00624
10	0.14477	0.01032	0.01229	0.00991	0.01370	0.00990	0.00790	0.06976	0.01595	0.44116	0.02057	0.02198	0.01484	0.11543	0.00933	0.00247	0.00528	0.00614	0.05954	0.00875
11	0.01250	0.03223	0.74875	0.01776	0.02697	0.01447	0.02302	0.01973	0.01315	0.01973	0.01118	0.01315	0.00789	0.00592	0.00592	0.00197	0.00921	0.00460	0.00263	0.00921
12	0.00931	0.00639	0.00852	0.00941	0.01044	0.00622	0.00738	0.01136	0.01360	0.01854	0.14047	0.23457	0.03765	0.06676	0.01006	0.03261	0.00460	0.30767	0.05910	0.00536
13	0.00888	0.00609	0.00757	0.00792	0.00894	0.00560	0.00547	0.01038	0.01346	0.04640	0.20739	0.34842	0.14851	0.13225	0.01125	0.00283	0.00381	0.01369	0.00582	0.00531
14	0.01640	0.00942	0.01097	0.00933	0.01248	0.00895	0.00737	0.14507	0.01791	0.22188	0.08288	0.09310	0.25784	0.01154	0.00669	0.00199	0.00442	0.00959	0.06442	0.00776
15	0.01666	0.78478	0.03265	0.01066	0.01599	0.02465	0.01066	0.01866	0.01266	0.01466	0.00866	0.00999	0.00800	0.00533	0.00400	0.00133	0.00666	0.00333	0.00267	0.00800
16	0.01189	0.00601	0.00871	0.00843	0.00878	0.00601	0.00576	0.03264	0.00918	0.03926	0.01147	0.01889	0.01099	0.02065	0.02307	0.76106	0.00546	0.00545	0.00301	0.00326
17	0.00788	0.00608	0.00720	0.00768	0.00903	0.00544	0.00560	0.00958	0.01394	0.01789	0.16108	0.29286	0.34118	0.02987	0.00806	0.00234	0.00349	0.05959	0.00592	0.00530
18	0.01542	0.01480	0.02529	0.03824	0.74217	0.01480	0.01912	0.01912	0.01419	0.02036	0.01172	0.01542	0.00987	0.00555	0.00617	0.00185	0.00740	0.00555	0.00308	0.00987
