[name]
unknown

[dist]
# distance from previous block
# <min> <max>
0	1278

[block]
# block no. 0 follows, 39 sequences, length 8
# corresponding to MSA columns:
# 1793-1800
name=unknown_A
#
# <colnr> <probs for GDERKNQSTAVLIFYWHMCP>
#	G	D	E	R	K	N	Q	S	T	A	V	L	I	F	Y	W	H	M	C	P
0	0.01076	0.00707	0.00982	0.04861	0.03927	0.00683	0.00831	0.01301	0.01361	0.09811	0.09928	0.22731	0.09591	0.01444	0.00737	0.00233	0.00463	0.28184	0.00553	0.00596
1	0.01485	0.06807	0.23869	0.12824	0.08370	0.02856	0.17578	0.03779	0.03246	0.09902	0.01252	0.01480	0.00915	0.00586	0.00622	0.00187	0.02536	0.00533	0.00338	0.00834
2	0.02231	0.01152	0.01547	0.01207	0.01625	0.04210	0.07687	0.10210	0.01745	0.48435	0.06852	0.06931	0.01754	0.00805	0.00618	0.00186	0.00565	0.00689	0.00641	0.00910
3	0.00898	0.00649	0.00770	0.00799	0.00924	0.00625	0.00563	0.01193	0.09201	0.04570	0.10341	0.36685	0.19033	0.09779	0.00954	0.00255	0.00372	0.01290	0.00551	0.00549
4	0.10254	0.01394	0.06816	0.14813	0.31579	0.01358	0.10869	0.01799	0.06004	0.01936	0.01262	0.05331	0.01064	0.00633	0.00614	0.00190	0.02361	0.00587	0.00326	0.00808
5	0.16779	0.02867	0.15148	0.04434	0.14894	0.01333	0.11782	0.06472	0.04475	0.08882	0.05058	0.02843	0.01209	0.00633	0.00564	0.00186	0.00673	0.00553	0.00392	0.00821
6	0.01683	0.13911	0.10480	0.06831	0.19045	0.01443	0.10039	0.05405	0.03972	0.17043	0.03535	0.01603	0.01150	0.00608	0.00570	0.00176	0.00688	0.00539	0.00405	0.00873
7	0.05146	0.01323	0.11233	0.29961	0.02646	0.01183	0.07401	0.01764	0.04954	0.08821	0.09305	0.01851	0.01429	0.00664	0.00612	0.00184	0.02255	0.00576	0.00380	0.08313

[dist]
# distance from previous block
# <min> <max>
6	57

[block]
# block no. 1 follows, 39 sequences, length 12
# corresponding to MSA columns:
# 1858-1869
name=unknown_B
#
# <colnr> <probs for GDERKNQSTAVLIFYWHMCP>
#	G	D	E	R	K	N	Q	S	T	A	V	L	I	F	Y	W	H	M	C	P
0	0.03626	0.01292	0.11010	0.18754	0.08640	0.01076	0.03582	0.03924	0.01394	0.12510	0.10354	0.05330	0.01635	0.00709	0.00581	0.00174	0.00607	0.00615	0.00419	0.13769
1	0.09114	0.02644	0.05249	0.08558	0.09751	0.05269	0.04692	0.06429	0.06514	0.17124	0.04150	0.04228	0.03955	0.00808	0.00637	0.00195	0.02836	0.06581	0.00471	0.00796
2	0.09455	0.04556	0.09717	0.10725	0.04029	0.01176	0.05129	0.08779	0.02605	0.19191	0.03087	0.07742	0.02700	0.03336	0.00672	0.00206	0.00613	0.05024	0.00472	0.00784
3	0.06578	0.08226	0.02433	0.06194	0.31130	0.01549	0.16772	0.13605	0.01562	0.04608	0.01175	0.01433	0.00916	0.00560	0.00580	0.00178	0.00734	0.00536	0.00357	0.00873
4	0.01732	0.03914	0.06949	0.04079	0.29144	0.03918	0.03154	0.04473	0.03133	0.20322	0.01529	0.05864	0.01213	0.00712	0.00703	0.00188	0.07070	0.00597	0.00427	0.00878
5	0.12167	0.07663	0.08237	0.01158	0.05094	0.01181	0.03004	0.07935	0.08652	0.05493	0.13265	0.02381	0.10815	0.00797	0.00558	0.00172	0.00508	0.00649	0.00464	0.09807
6	0.05350	0.25365	0.27089	0.05658	0.04591	0.05797	0.01421	0.04271	0.03884	0.03106	0.07194	0.01475	0.01214	0.00617	0.00513	0.00167	0.00704	0.00467	0.00327	0.00791
7	0.01179	0.07320	0.08075	0.07420	0.01598	0.01190	0.00969	0.02017	0.31150	0.01972	0.06664	0.15714	0.07702	0.03524	0.00697	0.00211	0.00502	0.00857	0.00496	0.00741
8	0.76585	0.01302	0.07105	0.00853	0.01261	0.01331	0.00768	0.01750	0.01026	0.02589	0.00843	0.00985	0.00649	0.00550	0.00382	0.00183	0.00492	0.00330	0.00356	0.00660
9	0.01059	0.00967	0.01598	0.64763	0.03531	0.01179	0.01458	0.01418	0.01217	0.01578	0.07075	0.08807	0.01448	0.00754	0.00614	0.00200	0.00708	0.00673	0.00319	0.00633
10	0.14754	0.00673	0.00716	0.00748	0.00915	0.00658	0.00563	0.01075	0.01252	0.01862	0.09712	0.25474	0.26281	0.01386	0.00655	0.00211	0.00358	0.07602	0.04574	0.00529
11	0.00849	0.00604	0.00812	0.00812	0.00884	0.00653	0.00578	0.00959	0.00942	0.01296	0.01991	0.03070	0.07471	0.28827	0.42252	0.05363	0.01088	0.00750	0.00345	0.00454

[dist]
# distance from previous block
# <min> <max>
2	5

[block]
# block no. 2 follows, 39 sequences, length 9
# corresponding to MSA columns:
# 1875-1883
name=unknown_C
#
# <colnr> <probs for GDERKNQSTAVLIFYWHMCP>
#	G	D	E	R	K	N	Q	S	T	A	V	L	I	F	Y	W	H	M	C	P
0	0.21534	0.22770	0.27962	0.01332	0.01937	0.01656	0.07335	0.05901	0.01276	0.02044	0.00971	0.01137	0.00752	0.00547	0.00478	0.00170	0.00705	0.00403	0.00303	0.00787
1	0.12120	0.40622	0.26959	0.01207	0.01814	0.01824	0.01346	0.01848	0.01213	0.04936	0.00967	0.01096	0.00771	0.00540	0.00447	0.00156	0.00684	0.00369	0.00287	0.00792
2	0.13830	0.41492	0.01975	0.00872	0.01242	0.01590	0.00793	0.01521	0.01292	0.01824	0.17887	0.02235	0.09898	0.00776	0.00483	0.00156	0.00491	0.00585	0.00391	0.00668
3	0.01200	0.06300	0.06776	0.01007	0.01302	0.00868	0.00903	0.01510	0.03197	0.10632	0.10876	0.04062	0.10441	0.01425	0.06985	0.00268	0.00590	0.24115	0.00505	0.07040
4	0.01131	0.07142	0.26529	0.01182	0.01663	0.01034	0.06590	0.01499	0.01332	0.06807	0.08872	0.03096	0.24596	0.05072	0.00745	0.00208	0.00596	0.00787	0.00419	0.00698
5	0.26558	0.09805	0.38046	0.01243	0.01850	0.01372	0.01427	0.01745	0.01212	0.02116	0.08475	0.01451	0.01206	0.00618	0.00497	0.00180	0.00661	0.00453	0.00327	0.00759
6	0.05349	0.01895	0.32176	0.01388	0.04255	0.01175	0.01432	0.08058	0.01518	0.28475	0.01736	0.01732	0.03784	0.00811	0.03395	0.00213	0.00705	0.00536	0.00470	0.00897
7	0.01296	0.12731	0.40817	0.01499	0.04291	0.01342	0.05697	0.01782	0.01303	0.06870	0.08744	0.01699	0.01367	0.00948	0.06887	0.00242	0.00816	0.00530	0.00334	0.00804
8	0.01439	0.01066	0.01484	0.32424	0.02513	0.01198	0.01225	0.17938	0.01617	0.08514	0.01836	0.10363	0.01673	0.00942	0.00648	0.00209	0.00644	0.13081	0.00457	0.00729

[dist]
# distance from previous block
# <min> <max>
2	7

[block]
# block no. 3 follows, 39 sequences, length 43
# corresponding to MSA columns:
# 1891-1933
name=unknown_D
#
# <colnr> <probs for GDERKNQSTAVLIFYWHMCP>
#	G	D	E	R	K	N	Q	S	T	A	V	L	I	F	Y	W	H	M	C	P
0	0.01677	0.29469	0.05922	0.01206	0.03061	0.04372	0.03491	0.05237	0.12683	0.13579	0.04258	0.01836	0.01378	0.00687	0.00525	0.00165	0.00602	0.04337	0.00437	0.05080
1	0.17151	0.01837	0.22730	0.01462	0.01998	0.02684	0.11153	0.09866	0.08662	0.10061	0.01321	0.01435	0.00958	0.00639	0.00638	0.00192	0.05470	0.00504	0.00403	0.00837
2	0.05601	0.01055	0.01634	0.27393	0.13088	0.01096	0.06470	0.01509	0.02670	0.01801	0.05231	0.12158	0.01520	0.00753	0.00586	0.00179	0.00616	0.00684	0.00357	0.15598
3	0.01905	0.25767	0.02109	0.01225	0.01684	0.01927	0.01056	0.38906	0.14887	0.02782	0.01408	0.01412	0.01070	0.00663	0.00528	0.00166	0.00613	0.00489	0.00488	0.00917
4	0.02305	0.00981	0.01381	0.11329	0.01805	0.00904	0.00949	0.02559	0.01623	0.60177	0.07877	0.02143	0.01696	0.00750	0.00602	0.00185	0.00524	0.00623	0.00663	0.00924
5	0.00850	0.00783	0.03386	0.00953	0.01064	0.04935	0.03793	0.00995	0.01190	0.01539	0.03103	0.64630	0.07194	0.01661	0.00730	0.00229	0.00428	0.01500	0.00514	0.00520
6	0.01478	0.06420	0.47796	0.01678	0.06265	0.01361	0.06199	0.02099	0.05835	0.13286	0.01338	0.01443	0.00944	0.00594	0.00570	0.00184	0.00778	0.00490	0.00351	0.00891
7	0.00891	0.00813	0.05201	0.00946	0.04181	0.00648	0.03359	0.01117	0.01395	0.04484	0.20643	0.16920	0.34513	0.01332	0.00692	0.00201	0.00385	0.01159	0.00542	0.00579
8	0.00928	0.00612	0.00840	0.00985	0.05177	0.00574	0.00633	0.01057	0.01198	0.07277	0.06865	0.59251	0.03521	0.07030	0.00886	0.00252	0.00389	0.01441	0.00541	0.00543
9	0.01659	0.01296	0.02508	0.01934	0.06129	0.01198	0.40618	0.02048	0.01510	0.21645	0.11429	0.02078	0.01679	0.00657	0.00665	0.00192	0.00754	0.00711	0.00461	0.00828
10	0.01314	0.07610	0.51582	0.01780	0.08153	0.01441	0.05782	0.07336	0.01385	0.01984	0.01203	0.01589	0.00945	0.00625	0.00576	0.00187	0.00815	0.04536	0.00299	0.00859
11	0.01342	0.01127	0.01962	0.07758	0.11661	0.01109	0.22145	0.04276	0.01387	0.10291	0.02305	0.15808	0.11476	0.00937	0.00714	0.00203	0.03447	0.00885	0.00432	0.00735
12	0.01593	0.01714	0.02080	0.01670	0.02052	0.24696	0.26547	0.01994	0.07205	0.05582	0.01894	0.07477	0.07184	0.00806	0.00645	0.00191	0.00825	0.04720	0.00398	0.00724
13	0.01510	0.01346	0.02330	0.12335	0.55331	0.01359	0.07374	0.01868	0.01358	0.07682	0.01207	0.01531	0.00957	0.00549	0.00596	0.00181	0.00721	0.00546	0.00324	0.00897
14	0.01440	0.01344	0.02226	0.11976	0.60123	0.01382	0.01705	0.05635	0.01419	0.01999	0.04237	0.01599	0.01118	0.00573	0.00591	0.00179	0.00692	0.00550	0.00321	0.00892
15	0.01427	0.01367	0.02333	0.11550	0.67897	0.01395	0.01797	0.01782	0.01329	0.01887	0.01106	0.01476	0.00921	0.00534	0.00586	0.00178	0.00712	0.00527	0.00290	0.00907
16	0.01123	0.11285	0.45595	0.01307	0.01910	0.01246	0.01538	0.01585	0.01232	0.01736	0.07347	0.02165	0.07206	0.11237	0.00891	0.00233	0.00713	0.00593	0.00320	0.00737
17	0.00861	0.00597	0.00695	0.00724	0.00878	0.00521	0.00522	0.00998	0.01289	0.07393	0.04612	0.34638	0.40967	0.01580	0.00713	0.00215	0.00333	0.01370	0.00563	0.00531
18	0.01686	0.01409	0.04834	0.06683	0.39413	0.03415	0.06193	0.05106	0.01463	0.15638	0.01341	0.01540	0.01010	0.00571	0.00581	0.00173	0.00683	0.00529	0.00389	0.07342
19	0.01626	0.08346	0.04808	0.01080	0.01588	0.01134	0.03514	0.07394	0.07845	0.15776	0.01420	0.01462	0.01061	0.00559	0.00502	0.00134	0.00526	0.00451	0.00446	0.40327
20	0.00821	0.00604	0.00769	0.00728	0.00874	0.00551	0.00546	0.01086	0.01637	0.02284	0.67402	0.04561	0.13448	0.01242	0.00698	0.00188	0.00281	0.01090	0.00640	0.00551
21	0.01581	0.79572	0.03099	0.01012	0.01518	0.02340	0.01012	0.01771	0.01202	0.01391	0.00822	0.00949	0.00759	0.00506	0.00379	0.00126	0.00632	0.00316	0.00253	0.00759
22	0.01294	0.01294	0.01811	0.01553	0.01553	0.01811	0.01294	0.01423	0.00906	0.01423	0.00776	0.01294	0.00776	0.01035	0.01941	0.00259	0.78134	0.00518	0.00259	0.00647
23	0.02164	0.04109	0.01696	0.01348	0.04477	0.01584	0.01066	0.43566	0.13059	0.18143	0.01721	0.01643	0.01207	0.00714	0.00586	0.00180	0.00595	0.00558	0.00599	0.00985
24	0.01673	0.01477	0.07373	0.04435	0.27737	0.02503	0.11839	0.09925	0.06849	0.13331	0.01546	0.01901	0.01205	0.00664	0.00616	0.00189	0.00703	0.04714	0.00426	0.00896
25	0.00910	0.00669	0.00804	0.00743	0.00963	0.00579	0.02956	0.01105	0.01434	0.07581	0.17607	0.05082	0.51823	0.01359	0.00695	0.00199	0.00345	0.04009	0.00573	0.00561
26	0.08016	0.36012	0.18599	0.01372	0.05781	0.11144	0.01303	0.05933	0.03737	0.01798	0.00987	0.01125	0.00805	0.00557	0.00468	0.00155	0.00725	0.00386	0.00300	0.00795
27	0.00845	0.00634	0.00950	0.00950	0.01056	0.00739	0.00739	0.01056	0.00950	0.01373	0.01584	0.02323	0.01478	0.04435	0.76873	0.00950	0.01584	0.00634	0.00317	0.00528
28	0.05431	0.00778	0.04651	0.00785	0.01008	0.00628	0.00629	0.01183	0.01324	0.09859	0.08549	0.24544	0.35662	0.01392	0.00677	0.00206	0.00371	0.01190	0.00550	0.00581
29	0.01523	0.05322	0.01626	0.01406	0.12185	0.03924	0.02401	0.09696	0.02891	0.06567	0.01191	0.01336	0.00943	0.00517	0.00495	0.00125	0.00549	0.00423	0.00389	0.46492
30	0.00791	0.00576	0.00657	0.00671	0.00751	0.00537	0.00438	0.00885	0.01144	0.01487	0.12807	0.15520	0.23525	0.35657	0.01722	0.00368	0.00424	0.01118	0.00479	0.00442
31	0.01349	0.01412	0.02246	0.33627	0.04901	0.08631	0.24383	0.01887	0.09320	0.01772	0.03758	0.01696	0.01098	0.00606	0.00624	0.00193	0.00827	0.00601	0.00329	0.00739
32	0.01464	0.01405	0.02400	0.03630	0.75528	0.01405	0.01815	0.01815	0.01347	0.01932	0.01112	0.01464	0.00937	0.00527	0.00585	0.00176	0.00703	0.00527	0.00293	0.00937
33	0.01810	0.06136	0.01964	0.08139	0.25924	0.40359	0.01371	0.02044	0.01482	0.01599	0.01011	0.01309	0.00860	0.02805	0.00617	0.00174	0.00890	0.00450	0.00296	0.00760
34	0.00799	0.00548	0.00663	0.00723	0.00738	0.00533	0.00441	0.00844	0.00978	0.01305	0.02470	0.36466	0.02916	0.45576	0.02029	0.00428	0.00473	0.01217	0.00441	0.00411
35	0.00835	0.00623	0.00921	0.00932	0.01029	0.00714	0.00714	0.01032	0.00962	0.01377	0.01723	0.08366	0.01688	0.06290	0.68871	0.00884	0.01459	0.00722	0.00336	0.00520
36	0.00805	0.00646	0.00800	0.03427	0.04091	0.00589	0.00598	0.01023	0.01468	0.01930	0.34612	0.08798	0.36415	0.01324	0.00693	0.00195	0.00327	0.01141	0.00571	0.00547
37	0.00996	0.01506	0.27056	0.01089	0.01515	0.00882	0.01141	0.01457	0.03853	0.02147	0.40222	0.03107	0.06089	0.00937	0.00632	0.00182	0.00502	0.00802	0.00489	0.05396
38	0.01507	0.01113	0.01356	0.01095	0.05701	0.00917	0.00820	0.07383	0.01417	0.11711	0.01251	0.01358	0.00966	0.00503	0.00479	0.00112	0.00478	0.00407	0.00416	0.61011
39	0.01414	0.01283	0.06074	0.19228	0.21397	0.01157	0.04620	0.02929	0.01328	0.08761	0.01230	0.01541	0.00959	0.00555	0.00553	0.00159	0.00648	0.01515	0.00350	0.24300
40	0.01500	0.06430	0.29710	0.01727	0.11880	0.01397	0.04136	0.14472	0.01562	0.07455	0.04125	0.07606	0.01306	0.00732	0.00633	0.00187	0.03291	0.00604	0.00391	0.00855
41	0.00720	0.00560	0.00655	0.00716	0.00833	0.00495	0.00504	0.00857	0.01272	0.01616	0.10007	0.39930	0.36445	0.01642	0.00725	0.00218	0.00318	0.01438	0.00557	0.00495
42	0.02000	0.01162	0.01677	0.15878	0.16643	0.01176	0.01228	0.08794	0.05731	0.35510	0.01789	0.01860	0.01245	0.00683	0.00596	0.00186	0.00608	0.01784	0.00535	0.00916

[dist]
# distance from previous block
# <min> <max>
0	5

[block]
# block no. 4 follows, 39 sequences, length 23
# corresponding to MSA columns:
# 1939-1961
name=unknown_E
#
# <colnr> <probs for GDERKNQSTAVLIFYWHMCP>
#	G	D	E	R	K	N	Q	S	T	A	V	L	I	F	Y	W	H	M	C	P
0	0.04912	0.19849	0.03417	0.04367	0.10375	0.16153	0.01151	0.11766	0.02949	0.14297	0.01347	0.01570	0.01060	0.00653	0.00532	0.00167	0.00703	0.03488	0.00416	0.00828
1	0.00928	0.00655	0.00981	0.01010	0.01129	0.00621	0.05678	0.01087	0.01217	0.04756	0.02964	0.45388	0.04693	0.01660	0.00852	0.05179	0.00457	0.19696	0.00521	0.00528
2	0.01821	0.01501	0.01518	0.01245	0.01656	0.07083	0.00994	0.29881	0.31168	0.04468	0.01754	0.01699	0.01302	0.00707	0.00573	0.00174	0.00579	0.00555	0.00549	0.10774
3	0.01463	0.08876	0.30823	0.01838	0.12152	0.06932	0.09837	0.05824	0.01401	0.04083	0.01108	0.01307	0.00843	0.00547	0.00551	0.00167	0.00783	0.00464	0.00310	0.10693
4	0.05427	0.28711	0.36836	0.01406	0.04079	0.03633	0.01554	0.01936	0.01276	0.08541	0.01083	0.01204	0.00819	0.00558	0.00493	0.00165	0.00738	0.00406	0.00303	0.00833
5	0.01220	0.05074	0.57457	0.01880	0.09963	0.01373	0.07145	0.01815	0.01262	0.01848	0.01174	0.05002	0.00931	0.00614	0.00578	0.00188	0.00832	0.00521	0.00272	0.00852
6	0.00870	0.00643	0.00821	0.00843	0.04065	0.00584	0.00592	0.01109	0.01552	0.03995	0.49258	0.08312	0.22604	0.01272	0.00693	0.00192	0.00311	0.01110	0.00607	0.00567
7	0.01530	0.11238	0.24854	0.01501	0.02070	0.05431	0.14968	0.02000	0.04912	0.14056	0.01817	0.04098	0.07495	0.00704	0.00589	0.00183	0.00732	0.00613	0.00394	0.00816
8	0.01745	0.10623	0.18370	0.01511	0.08947	0.16709	0.01294	0.04617	0.01492	0.16731	0.03901	0.07089	0.02964	0.00735	0.00567	0.00175	0.00717	0.00583	0.00416	0.00814
9	0.01096	0.04265	0.01509	0.09755	0.01754	0.00976	0.12923	0.03538	0.06905	0.03548	0.07812	0.25529	0.07236	0.01194	0.00691	0.00215	0.00553	0.09381	0.00479	0.00642
10	0.01075	0.00995	0.01645	0.65970	0.03602	0.01231	0.01499	0.01426	0.01167	0.01508	0.01306	0.10827	0.01162	0.00758	0.00657	0.00204	0.03371	0.00664	0.00297	0.00635
11	0.04656	0.02879	0.06954	0.06334	0.29951	0.06778	0.01367	0.06804	0.03522	0.12291	0.03438	0.04928	0.01277	0.00897	0.05143	0.00227	0.00723	0.00583	0.00403	0.00845
12	0.01592	0.07838	0.35289	0.01937	0.17752	0.01492	0.01716	0.15045	0.01583	0.08430	0.01227	0.01368	0.00897	0.00592	0.00562	0.00178	0.00748	0.00478	0.00362	0.00914
13	0.01092	0.06722	0.01052	0.00924	0.01084	0.02584	0.00716	0.07637	0.01345	0.03692	0.02766	0.33653	0.08233	0.01491	0.00829	0.07313	0.00459	0.13948	0.03896	0.00564
14	0.04579	0.08696	0.43252	0.05487	0.09387	0.10931	0.05947	0.01899	0.01304	0.01801	0.01027	0.01247	0.00776	0.00557	0.00548	0.00178	0.00849	0.00444	0.00269	0.00823
15	0.00781	0.00629	0.00702	0.00698	0.00881	0.00561	0.00536	0.01023	0.03747	0.01840	0.23556	0.05335	0.48737	0.01413	0.00706	0.00202	0.00321	0.07223	0.00577	0.00532
16	0.01388	0.01318	0.02196	0.12478	0.53877	0.01362	0.04441	0.01860	0.07592	0.01946	0.04801	0.01689	0.01215	0.00590	0.00597	0.00182	0.00684	0.00572	0.00333	0.00878
17	0.00778	0.00602	0.00708	0.00682	0.00847	0.00533	0.00511	0.01001	0.01534	0.02039	0.45490	0.04964	0.35513	0.01333	0.00698	0.00192	0.00288	0.01146	0.00607	0.00533
18	0.01117	0.01051	0.01774	0.77795	0.04073	0.01314	0.01642	0.01511	0.01182	0.01511	0.01051	0.01577	0.00788	0.00591	0.00591	0.00197	0.00788	0.00526	0.00263	0.00657
19	0.83394	0.01144	0.00869	0.00778	0.01144	0.01327	0.00640	0.01738	0.01006	0.02653	0.00823	0.00961	0.00640	0.00549	0.00366	0.00183	0.00457	0.00320	0.00366	0.00640
20	0.01649	0.01324	0.02208	0.05828	0.55301	0.01326	0.03659	0.01977	0.01386	0.14750	0.01312	0.01561	0.01016	0.00582	0.00639	0.00181	0.03466	0.00543	0.00367	0.00924
21	0.38894	0.01578	0.01333	0.04885	0.05156	0.19312	0.00951	0.06670	0.01370	0.09544	0.01056	0.01190	0.00803	0.00616	0.00541	0.00179	0.04402	0.00405	0.00389	0.00727
22	0.01341	0.00716	0.00826	0.00736	0.00966	0.00692	0.00573	0.01686	0.05678	0.13411	0.04608	0.02182	0.01616	0.01022	0.07033	0.00216	0.00449	0.00574	0.47894	0.07783

[dist]
# distance from previous block
# <min> <max>
0	1

[block]
# block no. 5 follows, 39 sequences, length 20
# corresponding to MSA columns:
# 1963-1982
name=unknown_F
#
# <colnr> <probs for GDERKNQSTAVLIFYWHMCP>
#	G	D	E	R	K	N	Q	S	T	A	V	L	I	F	Y	W	H	M	C	P
0	0.01240	0.01064	0.01233	0.00895	0.01409	0.00828	0.00714	0.01584	0.05433	0.01958	0.01129	0.01283	0.00929	0.00459	0.00447	0.00094	0.00440	0.00369	0.00365	0.78127
1	0.01349	0.01027	0.01502	0.37136	0.05466	0.01073	0.01197	0.04008	0.01349	0.11427	0.04559	0.01969	0.06657	0.00670	0.00571	0.00170	0.00612	0.00573	0.00391	0.18294
2	0.01194	0.01015	0.01191	0.00869	0.01363	0.00769	0.00690	0.01452	0.01241	0.01930	0.04037	0.04010	0.01164	0.00517	0.00459	0.00097	0.00428	0.00424	0.00369	0.76783
3	0.00777	0.00582	0.00722	0.00730	0.00858	0.00526	0.00531	0.00985	0.01469	0.01988	0.42114	0.22585	0.21104	0.01430	0.00712	0.00202	0.00299	0.01257	0.00603	0.00526
4	0.01551	0.02784	0.09308	0.05773	0.03375	0.01444	0.19827	0.21406	0.08447	0.04451	0.01615	0.11224	0.01377	0.00793	0.00687	0.00198	0.03751	0.00719	0.00441	0.00829
5	0.01645	0.01356	0.01840	0.04196	0.25670	0.01455	0.04043	0.12383	0.30992	0.07444	0.01761	0.01802	0.01326	0.00678	0.00598	0.00188	0.00601	0.00596	0.00488	0.00938
6	0.00981	0.00530	0.00736	0.00736	0.00736	0.00530	0.00471	0.00795	0.00795	0.01060	0.01259	0.02372	0.01338	0.23442	0.02505	0.60004	0.00530	0.00610	0.00285	0.00285
7	0.06172	0.04316	0.18983	0.01321	0.01832	0.03492	0.03995	0.14207	0.20735	0.12445	0.01864	0.01828	0.04753	0.00714	0.00576	0.00186	0.00632	0.00572	0.00489	0.00887
8	0.01363	0.10900	0.22200	0.02115	0.02774	0.01561	0.46719	0.01875	0.01336	0.01831	0.01119	0.01432	0.00843	0.00516	0.00626	0.00188	0.00924	0.00587	0.00281	0.00813
9	0.03303	0.00782	0.00854	0.00754	0.00993	0.00792	0.00591	0.07364	0.06931	0.15085	0.01971	0.02084	0.01470	0.00703	0.00472	0.00154	0.00362	0.00561	0.54078	0.00696
10	0.83394	0.01144	0.00869	0.00778	0.01144	0.01327	0.00640	0.01738	0.01006	0.02653	0.00823	0.00961	0.00640	0.00549	0.00366	0.00183	0.00457	0.00320	0.00366	0.00640
11	0.00768	0.00539	0.00686	0.00769	0.00805	0.00512	0.00501	0.00862	0.01116	0.01502	0.10103	0.52002	0.03623	0.21788	0.01332	0.00321	0.00396	0.01408	0.00510	0.00457
12	0.01981	0.01630	0.01802	0.03379	0.01915	0.07501	0.06467	0.47852	0.06476	0.03061	0.01365	0.01431	0.01003	0.00655	0.00577	0.00168	0.00676	0.00518	0.00510	0.11033
13	0.09879	0.16878	0.15967	0.06432	0.01843	0.01368	0.06560	0.06358	0.01410	0.05031	0.13648	0.03348	0.04221	0.00722	0.00547	0.00173	0.00611	0.00592	0.00396	0.04016
14	0.01247	0.01136	0.01963	0.59059	0.13995	0.01321	0.06538	0.01636	0.01241	0.04616	0.01122	0.01580	0.00844	0.00582	0.00598	0.00194	0.00779	0.00540	0.00289	0.00720
15	0.00921	0.00629	0.00784	0.00798	0.00959	0.00571	0.00617	0.01126	0.01427	0.06906	0.23593	0.17500	0.26064	0.01451	0.00723	0.00215	0.00360	0.14213	0.00588	0.00555
16	0.00938	0.06135	0.01329	0.01137	0.01298	0.00849	0.10439	0.01130	0.01203	0.01593	0.02731	0.45332	0.04901	0.01490	0.00795	0.00232	0.04749	0.12679	0.00479	0.00562
17	0.01540	0.07732	0.13083	0.05767	0.14047	0.04364	0.24216	0.02014	0.05363	0.09664	0.01280	0.01514	0.00964	0.00594	0.00680	0.00188	0.05247	0.00561	0.00346	0.00838
18	0.00813	0.00641	0.00805	0.00904	0.04968	0.00594	0.00605	0.01048	0.04156	0.01812	0.21931	0.30744	0.25850	0.01471	0.00708	0.00209	0.00338	0.01294	0.00563	0.00548
19	0.00728	0.00568	0.00661	0.00707	0.00834	0.00501	0.00504	0.00879	0.01315	0.01681	0.15415	0.33455	0.37464	0.01590	0.00720	0.00213	0.00313	0.01387	0.00564	0.00501

[dist]
# distance from previous block
# <min> <max>
0	4

[block]
# block no. 6 follows, 39 sequences, length 52
# corresponding to MSA columns:
# 1988-2035,2039-2042
name=unknown_G
#
# <colnr> <probs for GDERKNQSTAVLIFYWHMCP>
#	G	D	E	R	K	N	Q	S	T	A	V	L	I	F	Y	W	H	M	C	P
0	0.04433	0.01286	0.02206	0.08872	0.02281	0.04450	0.30131	0.01579	0.01245	0.01721	0.01549	0.11070	0.01499	0.00908	0.00923	0.00221	0.15374	0.09224	0.00349	0.00678
1	0.48719	0.04526	0.05513	0.04309	0.08982	0.10213	0.03710	0.01870	0.02493	0.03587	0.00955	0.01128	0.00746	0.00560	0.00449	0.00178	0.00617	0.00388	0.00345	0.00711
2	0.00844	0.03672	0.00892	0.00811	0.00941	0.00704	0.00615	0.00989	0.01052	0.01393	0.02787	0.03354	0.22130	0.11583	0.40437	0.05092	0.01019	0.00812	0.00381	0.00496
3	0.03828	0.02112	0.35349	0.06076	0.08041	0.02821	0.01622	0.06771	0.14962	0.04716	0.01362	0.01490	0.01007	0.00635	0.00617	0.00187	0.03643	0.00500	0.00367	0.03894
4	0.01560	0.03353	0.28029	0.02070	0.20574	0.01349	0.07541	0.02128	0.08004	0.14511	0.01409	0.01544	0.01027	0.00616	0.00637	0.00187	0.03652	0.00530	0.00379	0.00901
5	0.01226	0.01051	0.01226	0.00876	0.01401	0.00788	0.00701	0.01489	0.01226	0.01927	0.01051	0.01226	0.00876	0.00438	0.00438	0.00088	0.00438	0.00350	0.00350	0.82832
6	0.00859	0.00576	0.00657	0.00657	0.00661	0.00580	0.00373	0.00867	0.00863	0.01155	0.01853	0.03812	0.02125	0.76395	0.05797	0.00588	0.00611	0.00851	0.00357	0.00365
7	0.02211	0.01020	0.01327	0.00997	0.01476	0.00844	0.00817	0.02450	0.01548	0.52973	0.01935	0.01769	0.01281	0.00641	0.00546	0.00153	0.00483	0.00519	0.00614	0.26395
8	0.00724	0.00600	0.00633	0.00625	0.00814	0.00510	0.00469	0.00897	0.01406	0.01736	0.18377	0.05463	0.62815	0.01446	0.00699	0.00197	0.00296	0.01216	0.00567	0.00510
9	0.01396	0.01595	0.03490	0.02493	0.03091	0.01496	0.73380	0.01894	0.01396	0.01894	0.01196	0.01595	0.00897	0.00499	0.00698	0.00199	0.00997	0.00698	0.00299	0.00798
10	0.01561	0.01064	0.01599	0.20785	0.22848	0.01114	0.01239	0.05906	0.01427	0.15725	0.01526	0.01759	0.01133	0.00628	0.00550	0.00174	0.00587	0.00545	0.19034	0.00796
11	0.01369	0.01553	0.03379	0.02427	0.03003	0.01455	0.70506	0.01852	0.01385	0.01879	0.01278	0.04643	0.01016	0.00552	0.00700	0.00201	0.00971	0.00737	0.00309	0.00785
12	0.02201	0.00910	0.01162	0.00927	0.01295	0.00826	0.00754	0.05773	0.01617	0.51946	0.02177	0.02039	0.01457	0.00719	0.00544	0.00170	0.00447	0.00580	0.23579	0.00879
13	0.00722	0.00552	0.00666	0.00753	0.00852	0.00496	0.00529	0.00849	0.01220	0.01553	0.04250	0.49153	0.29923	0.01714	0.00737	0.00227	0.00336	0.04429	0.00549	0.00490
14	0.01226	0.01051	0.01226	0.00876	0.01401	0.00788	0.00701	0.01489	0.01226	0.01927	0.01051	0.01226	0.00876	0.00438	0.00438	0.00088	0.00438	0.00350	0.00350	0.82832
15	0.02175	0.00919	0.01170	0.00944	0.01313	0.00844	0.00765	0.02540	0.07890	0.51705	0.02242	0.02076	0.01506	0.00728	0.00551	0.00174	0.00445	0.00591	0.20532	0.00890
16	0.00709	0.00584	0.00624	0.00648	0.00814	0.00498	0.00473	0.00857	0.01323	0.01617	0.08725	0.19258	0.58724	0.01550	0.00709	0.00207	0.00307	0.01320	0.00554	0.00498
17	0.00959	0.00676	0.00938	0.01069	0.01205	0.00676	0.00933	0.01231	0.01357	0.01786	0.03086	0.06505	0.03333	0.01599	0.00802	0.00267	0.00535	0.68905	0.03594	0.00545
18	0.02348	0.01497	0.01676	0.01285	0.01754	0.01597	0.01061	0.56182	0.02513	0.21479	0.01644	0.01566	0.01118	0.00715	0.00592	0.00179	0.00614	0.00548	0.00626	0.01006
19	0.83394	0.01144	0.00869	0.00778	0.01144	0.01327	0.00640	0.01738	0.01006	0.02653	0.00823	0.00961	0.00640	0.00549	0.00366	0.00183	0.00457	0.00320	0.00366	0.00640
20	0.01117	0.01051	0.01774	0.77795	0.04073	0.01314	0.01642	0.01511	0.01182	0.01511	0.01051	0.01577	0.00788	0.00591	0.00591	0.00197	0.00788	0.00526	0.00263	0.00657
21	0.01547	0.72941	0.09431	0.01070	0.01608	0.02256	0.01114	0.01780	0.01206	0.01433	0.00843	0.00975	0.00758	0.00511	0.00395	0.00132	0.00653	0.00327	0.00253	0.00769
22	0.00841	0.00598	0.00775	0.00741	0.00874	0.00554	0.00552	0.01111	0.01627	0.02318	0.68407	0.08352	0.05328	0.01223	0.00689	0.00187	0.00282	0.01082	0.03905	0.00554
23	0.00713	0.00604	0.00618	0.00626	0.00822	0.00509	0.00477	0.00869	0.01349	0.01607	0.05834	0.05745	0.71352	0.01505	0.00705	0.00204	0.00313	0.05097	0.00549	0.00502
24	0.71976	0.01124	0.00940	0.00817	0.01195	0.01262	0.00673	0.01900	0.01103	0.13017	0.01037	0.01109	0.00757	0.00575	0.00398	0.00183	0.00464	0.00359	0.00418	0.00692
25	0.00734	0.00600	0.00647	0.00636	0.00820	0.00514	0.00477	0.00916	0.01430	0.01792	0.23409	0.05371	0.57748	0.01425	0.00699	0.00196	0.00294	0.01203	0.00575	0.00514
26	0.02653	0.01006	0.01372	0.01052	0.01510	0.00869	0.00869	0.02882	0.01693	0.75937	0.02333	0.02013	0.01464	0.00732	0.00595	0.00183	0.00503	0.00595	0.00732	0.01006
27	0.01486	0.01405	0.02356	0.05723	0.70355	0.01420	0.01781	0.04790	0.01401	0.01994	0.01123	0.01465	0.00935	0.00536	0.00586	0.00176	0.00703	0.00527	0.00304	0.00931
28	0.01471	0.01270	0.01337	0.01203	0.01538	0.01471	0.00936	0.03142	0.74459	0.02474	0.02407	0.02206	0.01805	0.00802	0.00602	0.00201	0.00468	0.00669	0.00602	0.00936
29	0.83394	0.01144	0.00869	0.00778	0.01144	0.01327	0.00640	0.01738	0.01006	0.02653	0.00823	0.00961	0.00640	0.00549	0.00366	0.00183	0.00457	0.00320	0.00366	0.00640
30	0.02248	0.01656	0.01775	0.01361	0.01834	0.01834	0.01124	0.73556	0.02780	0.03727	0.01420	0.01420	0.01006	0.00710	0.00592	0.00177	0.00651	0.00532	0.00592	0.01006
31	0.83394	0.01144	0.00869	0.00778	0.01144	0.01327	0.00640	0.01738	0.01006	0.02653	0.00823	0.00961	0.00640	0.00549	0.00366	0.00183	0.00457	0.00320	0.00366	0.00640
32	0.01464	0.01405	0.02400	0.03630	0.75528	0.01405	0.01815	0.01815	0.01347	0.01932	0.01112	0.01464	0.00937	0.00527	0.00585	0.00176	0.00703	0.00527	0.00293	0.00937
33	0.01513	0.01291	0.01361	0.01212	0.01554	0.01491	0.00946	0.06997	0.70535	0.02542	0.02353	0.02163	0.01761	0.00797	0.00601	0.00199	0.00478	0.00661	0.00601	0.00940
34	0.00721	0.00515	0.00686	0.00823	0.00858	0.00480	0.00549	0.00823	0.01132	0.01510	0.03259	0.78831	0.03911	0.01853	0.00755	0.00240	0.00343	0.01681	0.00549	0.00480
35	0.02624	0.01053	0.01401	0.01074	0.01533	0.00938	0.00887	0.07926	0.01770	0.70784	0.02268	0.01971	0.01431	0.00730	0.00594	0.00183	0.00514	0.00590	0.00722	0.01006
36	0.00856	0.00591	0.00732	0.00732	0.00762	0.00621	0.00467	0.00916	0.00886	0.01211	0.01784	0.03428	0.01958	0.57844	0.24120	0.00681	0.00862	0.00795	0.00346	0.00407
37	0.00888	0.00568	0.00756	0.00827	0.00912	0.00523	0.00575	0.01031	0.01269	0.07315	0.15685	0.60071	0.04015	0.01656	0.00733	0.00226	0.00344	0.01492	0.00581	0.00534
38	0.00833	0.00546	0.00729	0.00832	0.00895	0.00506	0.00567	0.00952	0.01192	0.05631	0.07099	0.70603	0.03868	0.01757	0.00743	0.00234	0.00348	0.01589	0.00564	0.00513
39	0.01226	0.01051	0.01226	0.00876	0.01401	0.00788	0.00701	0.01489	0.01226	0.01927	0.01051	0.01226	0.00876	0.00438	0.00438	0.00088	0.00438	0.00350	0.00350	0.82832
40	0.00947	0.00642	0.00886	0.01005	0.01121	0.00625	0.00823	0.01165	0.01303	0.04598	0.03140	0.29050	0.03486	0.01667	0.00789	0.00259	0.00480	0.46918	0.00553	0.00543
41	0.00800	0.00552	0.00676	0.00728	0.00755	0.00533	0.00456	0.00869	0.01049	0.01411	0.09285	0.35001	0.03200	0.39863	0.01859	0.00399	0.00450	0.01220	0.00465	0.00428
42	0.01117	0.01051	0.01774	0.77795	0.04073	0.01314	0.01642	0.01511	0.01182	0.01511	0.01051	0.01577	0.00788	0.00591	0.00591	0.00197	0.00788	0.00526	0.00263	0.00657
43	0.01348	0.01314	0.01809	0.01542	0.01569	0.01813	0.01284	0.05513	0.01012	0.01554	0.00813	0.01301	0.00789	0.01017	0.01864	0.00254	0.73741	0.00518	0.00278	0.00667
44	0.00731	0.00600	0.00644	0.00633	0.00819	0.00513	0.00475	0.00911	0.01424	0.01778	0.22167	0.05394	0.58999	0.01430	0.00699	0.00196	0.00295	0.01206	0.00573	0.00513
45	0.04369	0.00721	0.00948	0.00950	0.01104	0.00701	0.02593	0.04098	0.03624	0.11497	0.02816	0.47330	0.03073	0.04734	0.00806	0.00243	0.00433	0.08803	0.00554	0.00601
46	0.01828	0.47714	0.02430	0.01070	0.01518	0.01860	0.00987	0.07742	0.01431	0.18492	0.03185	0.01364	0.01080	0.00696	0.01999	0.00168	0.04783	0.00433	0.00401	0.00819
47	0.01396	0.01595	0.03490	0.02493	0.03091	0.01496	0.73380	0.01894	0.01396	0.01894	0.01196	0.01595	0.00897	0.00499	0.00698	0.00199	0.00997	0.00698	0.00299	0.00798
48	0.01220	0.01051	0.01256	0.05034	0.01546	0.00817	0.00752	0.01490	0.01224	0.01905	0.01051	0.01245	0.00871	0.00446	0.00446	0.00094	0.00457	0.00360	0.00346	0.78389
49	0.05969	0.03987	0.01389	0.00968	0.01468	0.00910	0.04691	0.01596	0.01266	0.05966	0.04192	0.01396	0.01087	0.00498	0.00465	0.00110	0.00474	0.00410	0.00378	0.62781
50	0.00740	0.00529	0.00703	0.00810	0.00862	0.00493	0.00550	0.00872	0.01221	0.01652	0.15109	0.66576	0.04186	0.01747	0.00745	0.00231	0.00333	0.01580	0.00566	0.00493
51	0.10579	0.01599	0.17198	0.01759	0.12367	0.01221	0.14385	0.04706	0.01450	0.20394	0.04496	0.01803	0.04057	0.00653	0.00588	0.00186	0.00681	0.00583	0.00437	0.00854

[dist]
# distance from previous block
# <min> <max>
0	1

[block]
# block no. 7 follows, 39 sequences, length 34
# corresponding to MSA columns:
# 2044-2077
name=unknown_H
#
# <colnr> <probs for GDERKNQSTAVLIFYWHMCP>
#	G	D	E	R	K	N	Q	S	T	A	V	L	I	F	Y	W	H	M	C	P
0	0.17427	0.14073	0.27729	0.01292	0.01821	0.11455	0.01350	0.01801	0.01221	0.01853	0.01021	0.04041	0.00860	0.00631	0.00587	0.00173	0.06116	0.00435	0.00298	0.05816
1	0.32361	0.02086	0.28425	0.01367	0.04770	0.09480	0.01356	0.10065	0.01382	0.02335	0.00999	0.01149	0.00746	0.00578	0.00489	0.00180	0.00706	0.00402	0.00340	0.00784
2	0.01600	0.08203	0.43779	0.01518	0.02219	0.01612	0.01714	0.27864	0.01801	0.02510	0.01174	0.01289	0.00843	0.00611	0.00559	0.00179	0.00775	0.00463	0.00374	0.00913
3	0.83394	0.01144	0.00869	0.00778	0.01144	0.01327	0.00640	0.01738	0.01006	0.02653	0.00823	0.00961	0.00640	0.00549	0.00366	0.00183	0.00457	0.00320	0.00366	0.00640
4	0.01226	0.01051	0.01226	0.00876	0.01401	0.00788	0.00701	0.01489	0.01226	0.01927	0.01051	0.01226	0.00876	0.00438	0.00438	0.00088	0.00438	0.00350	0.00350	0.82832
5	0.00714	0.00600	0.00619	0.00614	0.00808	0.00505	0.00461	0.00877	0.01382	0.01679	0.13319	0.05556	0.67909	0.01467	0.00699	0.00198	0.00297	0.01229	0.00560	0.00505
6	0.67319	0.01116	0.00969	0.00832	0.01217	0.01236	0.00686	0.01966	0.01143	0.17244	0.01124	0.01170	0.00804	0.00585	0.00412	0.00183	0.00467	0.00375	0.00439	0.00713
7	0.00722	0.00535	0.00677	0.00788	0.00856	0.00489	0.00540	0.00838	0.01179	0.01533	0.03772	0.63173	0.17384	0.01780	0.00746	0.00233	0.00340	0.03380	0.00549	0.00486
8	0.00734	0.00600	0.00648	0.00636	0.00820	0.00514	0.00477	0.00917	0.01431	0.01796	0.23729	0.05365	0.57426	0.01424	0.00699	0.00196	0.00294	0.01202	0.00575	0.00514
9	0.00848	0.00604	0.00824	0.00955	0.01041	0.00589	0.00752	0.01035	0.01241	0.01631	0.03135	0.38018	0.03573	0.04922	0.00880	0.00271	0.00458	0.38176	0.00539	0.00509
10	0.02585	0.00986	0.01336	0.01030	0.01473	0.00855	0.00849	0.02815	0.01673	0.72669	0.02315	0.02021	0.01466	0.00730	0.00587	0.00181	0.00493	0.00593	0.04357	0.00986
11	0.01226	0.01051	0.01226	0.00876	0.01401	0.00788	0.00701	0.01489	0.01226	0.01927	0.01051	0.01226	0.00876	0.00438	0.00438	0.00088	0.00438	0.00350	0.00350	0.82832
12	0.02576	0.01024	0.01370	0.01062	0.01511	0.00908	0.00874	0.02899	0.06441	0.71143	0.02338	0.02025	0.01486	0.00737	0.00595	0.00184	0.00501	0.00600	0.00723	0.01002
13	0.01117	0.01051	0.01774	0.77795	0.04073	0.01314	0.01642	0.01511	0.01182	0.01511	0.01051	0.01577	0.00788	0.00591	0.00591	0.00197	0.00788	0.00526	0.00263	0.00657
14	0.01186	0.03059	0.76153	0.01686	0.02560	0.01373	0.02185	0.01873	0.01249	0.01873	0.01061	0.01249	0.00749	0.00562	0.00562	0.00187	0.00874	0.00437	0.00250	0.00874
15	0.00721	0.00515	0.00686	0.00823	0.00858	0.00480	0.00549	0.00823	0.01132	0.01510	0.03259	0.78831	0.03911	0.01853	0.00755	0.00240	0.00343	0.01681	0.00549	0.00480
16	0.02125	0.00890	0.01203	0.00963	0.01328	0.00779	0.00779	0.02369	0.01687	0.54554	0.23517	0.02712	0.02660	0.00871	0.00625	0.00184	0.00438	0.00733	0.00708	0.00876
17	0.01284	0.01070	0.01917	0.01500	0.01840	0.01033	0.28100	0.01688	0.06151	0.10139	0.14426	0.11709	0.04510	0.03965	0.06101	0.00267	0.02248	0.00880	0.00467	0.00704
18	0.01396	0.01595	0.03490	0.02493	0.03091	0.01496	0.73380	0.01894	0.01396	0.01894	0.01196	0.01595	0.00897	0.00499	0.00698	0.00199	0.00997	0.00698	0.00299	0.00798
19	0.00700	0.00594	0.00605	0.00614	0.00803	0.00498	0.00456	0.00847	0.01334	0.01592	0.05813	0.10464	0.70630	0.01521	0.00703	0.00202	0.00302	0.01276	0.00549	0.00498
20	0.01117	0.00991	0.01268	0.01159	0.01294	0.07941	0.04075	0.01315	0.01047	0.03469	0.01407	0.02058	0.01299	0.05945	0.49774	0.00699	0.13641	0.00602	0.00319	0.00581
21	0.01245	0.03623	0.08019	0.04320	0.03852	0.05686	0.02937	0.10924	0.05728	0.02091	0.17388	0.15272	0.07795	0.01064	0.00732	0.00199	0.05602	0.02351	0.00483	0.00691
22	0.01082	0.02329	0.53737	0.01405	0.02061	0.01131	0.01701	0.01648	0.01375	0.02021	0.23118	0.02191	0.02186	0.00754	0.00602	0.00187	0.00697	0.00625	0.00369	0.00780
23	0.01880	0.01022	0.01209	0.00999	0.01347	0.01022	0.00801	0.11972	0.15770	0.30869	0.09060	0.02410	0.05698	0.00820	0.00585	0.00180	0.00453	0.00672	0.12372	0.00860
24	0.01404	0.01304	0.02142	0.28524	0.45938	0.01406	0.01706	0.07012	0.01397	0.01922	0.01114	0.01499	0.00892	0.00562	0.00588	0.00183	0.00728	0.00527	0.00305	0.00847
25	0.01507	0.01319	0.02238	0.12850	0.47047	0.01349	0.07928	0.04247	0.01409	0.07886	0.03999	0.01640	0.01130	0.00591	0.00628	0.00183	0.02257	0.00568	0.00347	0.00876
26	0.00850	0.00571	0.00659	0.00668	0.00675	0.00573	0.00385	0.00865	0.00882	0.01180	0.01950	0.09024	0.02248	0.71147	0.05514	0.00564	0.00594	0.00909	0.00370	0.00373
27	0.01997	0.01063	0.01245	0.01019	0.01382	0.01076	0.00821	0.14185	0.16386	0.32578	0.02106	0.01998	0.01469	0.00733	0.00554	0.00175	0.00469	0.00589	0.19266	0.00889
28	0.01461	0.01388	0.02350	0.10509	0.63505	0.01417	0.04024	0.04701	0.01391	0.01964	0.01122	0.01477	0.00924	0.00540	0.00590	0.00178	0.00718	0.00532	0.00302	0.00909
29	0.27268	0.12978	0.01576	0.01073	0.01444	0.06370	0.04058	0.04567	0.01312	0.13796	0.04240	0.04568	0.01184	0.00691	0.00599	0.00175	0.06746	0.00496	0.00418	0.06442
30	0.00744	0.00517	0.00678	0.00807	0.00847	0.00485	0.00541	0.00858	0.01139	0.01553	0.03177	0.74099	0.03763	0.01781	0.00734	0.00234	0.00339	0.01611	0.05610	0.00485
31	0.63635	0.01403	0.01165	0.01000	0.01375	0.12003	0.05213	0.01882	0.01152	0.05348	0.00919	0.01057	0.00706	0.00562	0.00419	0.00180	0.00579	0.00363	0.00368	0.00671
32	0.00745	0.00538	0.00700	0.00811	0.00868	0.00502	0.00559	0.00868	0.01185	0.01571	0.07845	0.61802	0.09192	0.04682	0.00836	0.00248	0.00356	0.05659	0.00548	0.00486
33	0.01335	0.01358	0.01897	0.50253	0.19098	0.10939	0.01607	0.01682	0.01274	0.01591	0.01040	0.01481	0.00817	0.00591	0.00616	0.00188	0.02732	0.00507	0.00274	0.00721

[dist]
# distance from previous block
# <min> <max>
0	6

[block]
# block no. 8 follows, 39 sequences, length 101
# corresponding to MSA columns:
# 2084-2109,2115-2189
name=unknown_I
#
# <colnr> <probs for GDERKNQSTAVLIFYWHMCP>
#	G	D	E	R	K	N	Q	S	T	A	V	L	I	F	Y	W	H	M	C	P
0	0.01896	0.01147	0.01329	0.01063	0.01430	0.01168	0.00862	0.31886	0.02100	0.21937	0.17087	0.02574	0.08397	0.00884	0.00617	0.00181	0.00494	0.00719	0.03374	0.00856
1	0.01411	0.01157	0.01252	0.01131	0.01434	0.01307	0.00876	0.04671	0.58371	0.04419	0.10415	0.06829	0.02310	0.00903	0.00621	0.00200	0.00446	0.00765	0.00607	0.00872
2	0.02209	0.00964	0.01243	0.00968	0.01380	0.00848	0.00790	0.05440	0.01626	0.52368	0.04666	0.02012	0.01532	0.00710	0.00557	0.00166	0.00464	0.00576	0.11573	0.09907
3	0.00837	0.00591	0.00762	0.00739	0.00868	0.00548	0.00547	0.01094	0.01583	0.02253	0.61808	0.12478	0.06471	0.01255	0.00687	0.00189	0.00286	0.01110	0.05345	0.00548
4	0.00845	0.00634	0.00950	0.00950	0.01056	0.00739	0.00739	0.01056	0.00950	0.01373	0.01584	0.02323	0.01478	0.04435	0.76873	0.00950	0.01584	0.00634	0.00317	0.00528
5	0.83394	0.01144	0.00869	0.00778	0.01144	0.01327	0.00640	0.01738	0.01006	0.02653	0.00823	0.00961	0.00640	0.00549	0.00366	0.00183	0.00457	0.00320	0.00366	0.00640
6	0.83394	0.01144	0.00869	0.00778	0.01144	0.01327	0.00640	0.01738	0.01006	0.02653	0.00823	0.00961	0.00640	0.00549	0.00366	0.00183	0.00457	0.00320	0.00366	0.00640
7	0.08368	0.01324	0.01488	0.01173	0.01602	0.01394	0.00960	0.36200	0.08350	0.25693	0.05984	0.01807	0.01450	0.00741	0.00582	0.00182	0.00554	0.00578	0.00622	0.00947
8	0.17330	0.01555	0.01567	0.03230	0.01737	0.09773	0.03415	0.36060	0.02026	0.09845	0.01346	0.01481	0.00997	0.00670	0.00545	0.00175	0.00648	0.02228	0.00500	0.04871
9	0.00841	0.00611	0.00796	0.00767	0.00909	0.00566	0.00587	0.01114	0.01634	0.02288	0.66166	0.04663	0.08327	0.01257	0.00708	0.00194	0.00302	0.07077	0.00638	0.00554
10	0.11175	0.01335	0.01539	0.01311	0.05863	0.01400	0.01009	0.31899	0.08242	0.27571	0.01726	0.01637	0.01183	0.00697	0.00568	0.00182	0.00568	0.00541	0.00597	0.00956
11	0.01301	0.17693	0.51310	0.01529	0.02263	0.01576	0.04199	0.01993	0.09276	0.01846	0.01167	0.01307	0.00872	0.00575	0.00535	0.00177	0.00787	0.00448	0.00291	0.00856
12	0.01396	0.01595	0.03490	0.02493	0.03091	0.01496	0.73380	0.01894	0.01396	0.01894	0.01196	0.01595	0.00897	0.00499	0.00698	0.00199	0.00997	0.00698	0.00299	0.00798
13	0.00716	0.00593	0.00627	0.00632	0.00813	0.00504	0.00469	0.00876	0.01367	0.01676	0.13376	0.11161	0.62166	0.01493	0.00703	0.00201	0.00301	0.01262	0.00560	0.00504
14	0.21157	0.01301	0.01350	0.01081	0.01507	0.07604	0.00882	0.14392	0.01715	0.40630	0.01712	0.01591	0.01138	0.00676	0.00536	0.00179	0.00565	0.00503	0.00588	0.00895
15	0.01752	0.25927	0.07643	0.01343	0.04688	0.25927	0.01142	0.05140	0.01482	0.05934	0.01294	0.01792	0.01139	0.00698	0.00523	0.00163	0.00763	0.08205	0.03703	0.00744
16	0.00720	0.00518	0.00683	0.00814	0.00855	0.00481	0.00545	0.00825	0.01141	0.01513	0.03374	0.75754	0.06914	0.01838	0.00752	0.00238	0.00341	0.01663	0.00549	0.00481
17	0.01426	0.01366	0.02332	0.11767	0.67688	0.01395	0.01796	0.01782	0.01329	0.01886	0.01106	0.01476	0.00920	0.00534	0.00586	0.00178	0.00712	0.00527	0.00289	0.00906
18	0.01155	0.01090	0.01842	0.69659	0.11912	0.01324	0.01661	0.01544	0.01200	0.01557	0.01058	0.01564	0.00805	0.00584	0.00591	0.00195	0.00779	0.00526	0.00266	0.00688
19	0.83394	0.01144	0.00869	0.00778	0.01144	0.01327	0.00640	0.01738	0.01006	0.02653	0.00823	0.00961	0.00640	0.00549	0.00366	0.00183	0.00457	0.00320	0.00366	0.00640
20	0.02100	0.01266	0.01458	0.01150	0.01555	0.01316	0.00938	0.36739	0.06229	0.24726	0.10964	0.02045	0.01777	0.00783	0.00599	0.00180	0.00535	0.00626	0.04087	0.00927
21	0.01382	0.29037	0.31262	0.01412	0.01942	0.01824	0.01539	0.04022	0.01202	0.01661	0.00924	0.01161	0.00767	0.00657	0.00820	0.00183	0.18740	0.00417	0.00264	0.00786
22	0.00719	0.00600	0.00626	0.00620	0.00811	0.00508	0.00465	0.00887	0.01395	0.01708	0.15899	0.05509	0.65310	0.01456	0.00699	0.00198	0.00297	0.01223	0.00564	0.00508
23	0.00942	0.00624	0.00792	0.00745	0.00908	0.00567	0.00560	0.01191	0.01590	0.07158	0.55291	0.08635	0.13959	0.01236	0.00686	0.00189	0.00300	0.01081	0.02969	0.00576
24	0.00789	0.00603	0.00724	0.00693	0.00854	0.00538	0.00520	0.01023	0.01560	0.02102	0.51073	0.04862	0.29891	0.01310	0.00698	0.00191	0.00286	0.01132	0.00615	0.00538
25	0.10645	0.00767	0.00858	0.00742	0.01011	0.00742	0.00589	0.01916	0.01364	0.26690	0.01942	0.02005	0.01403	0.00688	0.00468	0.00158	0.00371	0.00540	0.46390	0.00712
26	0.01471	0.01270	0.01337	0.01203	0.01538	0.01471	0.00936	0.03142	0.74459	0.02474	0.02407	0.02206	0.01805	0.00802	0.00602	0.00201	0.00468	0.00669	0.00602	0.00936
27	0.01226	0.01051	0.01226	0.00876	0.01401	0.00788	0.00701	0.01489	0.01226	0.01927	0.01051	0.01226	0.00876	0.00438	0.00438	0.00088	0.00438	0.00350	0.00350	0.82832
28	0.83394	0.01144	0.00869	0.00778	0.01144	0.01327	0.00640	0.01738	0.01006	0.02653	0.00823	0.00961	0.00640	0.00549	0.00366	0.00183	0.00457	0.00320	0.00366	0.00640
29	0.01117	0.01051	0.01774	0.77795	0.04073	0.01314	0.01642	0.01511	0.01182	0.01511	0.01051	0.01577	0.00788	0.00591	0.00591	0.00197	0.00788	0.00526	0.00263	0.00657
