[name]
unknown

[dist]
# distance from previous block
# <min> <max>
0	73

[block]
# block no. 0 follows, 34 sequences, length 19
# corresponding to MSA columns:
# 332-350
name=unknown_A
#
# <colnr> <probs for GDERKNQSTAVLIFYWHMCP>
#	G	D	E	R	K	N	Q	S	T	A	V	L	I	F	Y	W	H	M	C	P
0	0.01314	0.00902	0.01341	0.01155	0.01445	0.00859	0.06533	0.01583	0.01357	0.11874	0.08380	0.08962	0.02200	0.02452	0.28498	0.00510	0.00991	0.04774	0.00483	0.14387
1	0.01855	0.04957	0.01696	0.01320	0.01744	0.01590	0.04068	0.20478	0.34047	0.07077	0.02091	0.02032	0.01552	0.00786	0.00620	0.00196	0.00578	0.00643	0.07847	0.04823
2	0.01495	0.01053	0.01492	0.15616	0.03393	0.01095	0.04782	0.10098	0.04631	0.12447	0.20336	0.09023	0.06816	0.01182	0.03418	0.00241	0.00615	0.00907	0.00575	0.00786
3	0.08490	0.06716	0.08189	0.01511	0.08534	0.04103	0.02557	0.06922	0.04101	0.27761	0.03532	0.02153	0.07179	0.00815	0.00694	0.00200	0.04417	0.00638	0.00553	0.00934
4	0.01648	0.13639	0.14082	0.01878	0.02374	0.01808	0.22109	0.05295	0.01426	0.07802	0.01214	0.01516	0.00953	0.00741	0.01024	0.00218	0.20472	0.00584	0.00353	0.00865
5	0.00891	0.00641	0.00810	0.00796	0.00927	0.00589	0.00576	0.01104	0.01604	0.02204	0.47355	0.13368	0.14868	0.05947	0.01011	0.04530	0.00349	0.01230	0.00641	0.00560
6	0.01511	0.38858	0.02408	0.01197	0.01593	0.05951	0.06656	0.05155	0.01438	0.01786	0.01842	0.18309	0.04315	0.00949	0.00571	0.00180	0.00645	0.00780	0.05107	0.00750
7	0.02141	0.01927	0.05804	0.08614	0.06434	0.23004	0.07450	0.02430	0.01613	0.22835	0.01498	0.01636	0.01085	0.00740	0.00813	0.00203	0.09876	0.00560	0.00455	0.00882
8	0.01436	0.00670	0.00725	0.00677	0.00875	0.00650	0.00520	0.01730	0.01423	0.12146	0.02168	0.02380	0.01648	0.00759	0.00479	0.00157	0.00335	0.00609	0.69943	0.00670
9	0.02133	0.01462	0.02513	0.09003	0.02648	0.01421	0.28465	0.12686	0.01845	0.28365	0.01780	0.01878	0.01212	0.00681	0.00693	0.00208	0.00815	0.00677	0.00542	0.00973
10	0.00921	0.00629	0.00756	0.00791	0.00823	0.00618	0.00504	0.00992	0.01113	0.01492	0.08221	0.17052	0.03110	0.51323	0.02442	0.00500	0.00554	0.07238	0.00472	0.00451
11	0.11052	0.10790	0.01754	0.01266	0.01654	0.01712	0.01047	0.14330	0.26417	0.10357	0.01825	0.01813	0.01371	0.00802	0.00741	0.00205	0.08424	0.00585	0.02918	0.00938
12	0.02099	0.01408	0.01799	0.05530	0.05505	0.04207	0.04223	0.19909	0.03975	0.23307	0.01876	0.07932	0.01474	0.00986	0.02349	0.00232	0.10970	0.00710	0.00571	0.00939
13	0.01122	0.00561	0.00842	0.00842	0.00842	0.00561	0.00561	0.00842	0.00842	0.01122	0.01122	0.01964	0.01122	0.02245	0.02525	0.81201	0.00561	0.00561	0.00281	0.00281
14	0.01063	0.00807	0.01119	0.01080	0.01209	0.00933	0.00834	0.06863	0.01212	0.01714	0.01850	0.09185	0.01810	0.07899	0.54324	0.00837	0.05464	0.00793	0.00393	0.00612
15	0.01430	0.01590	0.11328	0.01333	0.05175	0.04341	0.01136	0.03586	0.01384	0.02077	0.01130	0.01360	0.00930	0.00577	0.00663	0.00138	0.07479	0.00428	0.00361	0.53554
16	0.01677	0.01357	0.01811	0.03340	0.09599	0.07139	0.10402	0.06528	0.10196	0.12302	0.06015	0.12102	0.05260	0.00980	0.00770	0.00213	0.04974	0.00853	0.03637	0.00845
17	0.00940	0.00680	0.00832	0.00848	0.00859	0.00720	0.00541	0.00984	0.01027	0.01390	0.02353	0.24155	0.02748	0.49519	0.02499	0.00494	0.07359	0.01155	0.00440	0.00457
18	0.01680	0.01428	0.05569	0.20013	0.26267	0.01404	0.04211	0.06927	0.01555	0.11413	0.01427	0.01720	0.01077	0.00662	0.00684	0.00197	0.03580	0.00579	0.04667	0.04940

[dist]
# distance from previous block
# <min> <max>
11	41

[block]
# block no. 1 follows, 34 sequences, length 21
# corresponding to MSA columns:
# 404-413,416-426
name=unknown_B
#
# <colnr> <probs for GDERKNQSTAVLIFYWHMCP>
#	G	D	E	R	K	N	Q	S	T	A	V	L	I	F	Y	W	H	M	C	P
0	0.01485	0.04606	0.01493	0.01042	0.01588	0.01077	0.00853	0.10484	0.01562	0.02322	0.01296	0.01634	0.01100	0.00581	0.00517	0.00120	0.00523	0.03635	0.00422	0.63662
1	0.01595	0.09832	0.22239	0.05514	0.05091	0.01465	0.01454	0.11081	0.01586	0.05569	0.01238	0.01417	0.00948	0.00611	0.00604	0.00165	0.02894	0.00468	0.00384	0.25847
2	0.01618	0.20671	0.27328	0.02787	0.02020	0.01531	0.01462	0.02116	0.05070	0.13233	0.06376	0.05708	0.01552	0.00757	0.00587	0.00186	0.00701	0.00601	0.00430	0.05266
3	0.00927	0.00629	0.00736	0.00735	0.00764	0.00618	0.00442	0.00988	0.01115	0.01514	0.14824	0.08286	0.03125	0.59582	0.02702	0.00531	0.00555	0.01029	0.00460	0.00438
4	0.00969	0.00754	0.00984	0.04924	0.04566	0.00720	0.00730	0.03320	0.01701	0.02315	0.44395	0.10189	0.19289	0.01353	0.00752	0.00211	0.00379	0.01183	0.00637	0.00630
5	0.01992	0.15452	0.14906	0.10518	0.02339	0.05108	0.03957	0.14424	0.04916	0.17913	0.01547	0.01615	0.01103	0.00687	0.00602	0.00190	0.00760	0.00540	0.00478	0.00951
6	0.01105	0.00764	0.01000	0.01001	0.01134	0.00809	0.00743	0.04435	0.06964	0.04387	0.03884	0.22323	0.04110	0.08549	0.24638	0.07508	0.00883	0.04670	0.00491	0.00603
7	0.00793	0.00571	0.00752	0.00886	0.00936	0.00530	0.00596	0.00918	0.01277	0.01703	0.07341	0.70559	0.06798	0.01973	0.00819	0.00258	0.00369	0.01785	0.00606	0.00530
8	0.04352	0.00911	0.01288	0.08062	0.03678	0.04085	0.07778	0.01255	0.01311	0.01768	0.02818	0.50197	0.03211	0.01578	0.00772	0.00247	0.00553	0.05007	0.00516	0.00612
9	0.02346	0.01575	0.08579	0.01553	0.02114	0.01372	0.12734	0.16637	0.06870	0.36283	0.02020	0.01931	0.01350	0.00741	0.00665	0.00203	0.00706	0.00645	0.00632	0.01043
10	0.01727	0.77681	0.03386	0.01106	0.01658	0.02557	0.01106	0.01935	0.01313	0.01520	0.00898	0.01036	0.00829	0.00553	0.00415	0.00138	0.00691	0.00345	0.00276	0.00829
11	0.62791	0.01327	0.01400	0.01534	0.15228	0.01474	0.04087	0.01923	0.01190	0.02710	0.00979	0.01187	0.00775	0.00593	0.00462	0.00199	0.00578	0.00412	0.00381	0.00770
12	0.00888	0.00688	0.00820	0.00767	0.00967	0.00603	0.00578	0.01143	0.01678	0.02272	0.45883	0.05096	0.28730	0.01379	0.00746	0.00202	0.00323	0.01189	0.00654	0.05395
13	0.01288	0.01128	0.01818	0.09377	0.07006	0.01143	0.15894	0.01873	0.13120	0.04818	0.17065	0.10727	0.07862	0.02976	0.00791	0.00227	0.00623	0.00965	0.00524	0.00773
14	0.00824	0.00595	0.00773	0.00863	0.00932	0.00560	0.00590	0.00969	0.01322	0.01781	0.15291	0.52246	0.08431	0.07106	0.04260	0.00309	0.00437	0.01584	0.00593	0.00534
15	0.01369	0.03484	0.01522	0.06135	0.01783	0.04751	0.03993	0.02925	0.01401	0.02022	0.01532	0.06090	0.04342	0.00654	0.00542	0.00131	0.00565	0.00547	0.00396	0.55817
16	0.03550	0.11920	0.18240	0.07255	0.06884	0.05710	0.02851	0.11416	0.08810	0.07226	0.01412	0.01539	0.01060	0.00654	0.00586	0.00183	0.00752	0.00515	0.00421	0.09016
17	0.18332	0.08327	0.06188	0.01412	0.05972	0.01442	0.04666	0.06629	0.06307	0.21955	0.07000	0.01878	0.01524	0.00760	0.00669	0.00201	0.04716	0.00587	0.00531	0.00905
18	0.03595	0.15392	0.01692	0.01091	0.01465	0.01245	0.03319	0.03262	0.05664	0.12589	0.09342	0.11504	0.02132	0.04499	0.03930	0.00236	0.02200	0.00760	0.00503	0.15580
19	0.04647	0.01377	0.10608	0.04175	0.06871	0.01209	0.08447	0.01998	0.15481	0.05204	0.07578	0.05655	0.01963	0.05029	0.15091	0.00392	0.00878	0.02134	0.00462	0.00801
20	0.05178	0.09300	0.03400	0.06912	0.13100	0.01325	0.01171	0.10162	0.01608	0.09148	0.03302	0.10045	0.01661	0.00859	0.00616	0.00186	0.00613	0.05106	0.00470	0.15838

[dist]
# distance from previous block
# <min> <max>
0	44

[block]
# block no. 2 follows, 34 sequences, length 12
# corresponding to MSA columns:
# 483-494
name=unknown_C
#
# <colnr> <probs for GDERKNQSTAVLIFYWHMCP>
#	G	D	E	R	K	N	Q	S	T	A	V	L	I	F	Y	W	H	M	C	P
0	0.01728	0.04060	0.07230	0.01451	0.02000	0.01272	0.13511	0.11574	0.03135	0.12759	0.01600	0.05328	0.01268	0.00835	0.03335	0.00201	0.00714	0.00613	0.00473	0.26912
1	0.04588	0.13799	0.10632	0.04134	0.05580	0.04753	0.07435	0.10960	0.15232	0.08981	0.01685	0.01763	0.02780	0.00733	0.00675	0.00198	0.04094	0.00584	0.00465	0.00930
2	0.00885	0.00646	0.00792	0.00829	0.00921	0.00616	0.00566	0.01103	0.04307	0.01878	0.22453	0.32156	0.11052	0.17259	0.01302	0.00315	0.00409	0.01377	0.00590	0.00543
3	0.01406	0.01677	0.11891	0.19820	0.08307	0.08061	0.07721	0.02001	0.10427	0.02060	0.13479	0.02208	0.01903	0.00802	0.00757	0.00210	0.05361	0.00683	0.00414	0.00811
4	0.01800	0.10722	0.19651	0.05439	0.05668	0.04532	0.06998	0.03911	0.01527	0.20127	0.01701	0.06832	0.01341	0.01036	0.05628	0.00255	0.00834	0.00646	0.00454	0.00901
5	0.01710	0.04963	0.11256	0.06712	0.02539	0.01429	0.26707	0.04332	0.05343	0.15660	0.01727	0.06443	0.01370	0.03654	0.00830	0.00229	0.03024	0.00735	0.00451	0.00884
6	0.00861	0.00650	0.00797	0.00796	0.00952	0.00586	0.00594	0.01100	0.01636	0.02199	0.41938	0.14614	0.24851	0.01522	0.00776	0.00219	0.00333	0.04335	0.00660	0.00580
7	0.01443	0.06089	0.28278	0.14558	0.16448	0.01554	0.06293	0.06197	0.05362	0.02112	0.01511	0.01764	0.04209	0.00675	0.00634	0.00202	0.00830	0.00584	0.00347	0.00910
8	0.04871	0.10819	0.17610	0.03512	0.11468	0.06532	0.12933	0.04612	0.01540	0.14157	0.01373	0.01551	0.01013	0.00657	0.00691	0.00198	0.04587	0.00552	0.00400	0.00924
9	0.02130	0.01129	0.01550	0.01233	0.01630	0.01090	0.05633	0.07758	0.06352	0.38154	0.15234	0.02792	0.06365	0.00945	0.00764	0.00208	0.04618	0.00787	0.00692	0.00938
10	0.00843	0.00652	0.00760	0.00814	0.00941	0.00604	0.00570	0.01074	0.05172	0.01786	0.09795	0.37034	0.28865	0.06846	0.00955	0.00264	0.00377	0.01495	0.00597	0.00557
11	0.01787	0.10526	0.13600	0.10761	0.20525	0.01578	0.05016	0.08685	0.01625	0.13691	0.03285	0.01691	0.01176	0.00674	0.00658	0.00196	0.02586	0.00570	0.00422	0.00948

[dist]
# distance from previous block
# <min> <max>
3	7

[block]
# block no. 3 follows, 34 sequences, length 12
# corresponding to MSA columns:
# 511-522
name=unknown_D
#
# <colnr> <probs for GDERKNQSTAVLIFYWHMCP>
#	G	D	E	R	K	N	Q	S	T	A	V	L	I	F	Y	W	H	M	C	P
0	0.01649	0.01691	0.13868	0.11579	0.22593	0.01424	0.06014	0.10047	0.03654	0.08711	0.04050	0.01809	0.01267	0.00793	0.02821	0.00221	0.00787	0.00601	0.02128	0.04294
1	0.01480	0.00828	0.01068	0.00948	0.01191	0.00775	0.00726	0.04665	0.04018	0.20189	0.39751	0.12644	0.04308	0.03443	0.00807	0.00222	0.00407	0.01075	0.00706	0.00749
2	0.01057	0.00663	0.00794	0.00788	0.00845	0.00647	0.00504	0.01127	0.01130	0.05925	0.08403	0.08697	0.02840	0.56106	0.02589	0.00518	0.00577	0.05843	0.00471	0.00477
3	0.01404	0.00946	0.01156	0.00920	0.01318	0.00770	0.00721	0.01676	0.01540	0.12748	0.20039	0.06458	0.05590	0.00878	0.00605	0.00154	0.00427	0.00746	0.03485	0.38418
4	0.01599	0.01535	0.02623	0.03966	0.73262	0.01535	0.01983	0.01983	0.01471	0.02111	0.01215	0.01599	0.01023	0.00576	0.00640	0.00192	0.00768	0.00576	0.00320	0.01023
5	0.01014	0.00781	0.00955	0.01035	0.01164	0.00810	0.00756	0.01557	0.18115	0.01935	0.03322	0.50455	0.03657	0.01721	0.00793	0.00257	0.00435	0.09972	0.00613	0.00652
6	0.02157	0.17411	0.02173	0.07297	0.04908	0.52185	0.01291	0.02360	0.01675	0.01595	0.00999	0.01200	0.00841	0.00639	0.00557	0.00166	0.01034	0.00421	0.00318	0.00773
7	0.01122	0.00561	0.00842	0.00842	0.00842	0.00561	0.00561	0.00842	0.00842	0.01122	0.01122	0.01964	0.01122	0.02245	0.02525	0.81201	0.00561	0.00561	0.00281	0.00281
8	0.02360	0.01762	0.01885	0.01467	0.01967	0.01959	0.01205	0.63429	0.10873	0.03917	0.01674	0.01649	0.01198	0.00787	0.00648	0.00197	0.00688	0.00599	0.00648	0.01090
9	0.02387	0.01211	0.01458	0.01148	0.01579	0.01194	0.00938	0.23235	0.02132	0.37606	0.06639	0.02202	0.01742	0.00818	0.00626	0.00191	0.00546	0.00655	0.12700	0.00994
10	0.01439	0.01145	0.01350	0.00969	0.01539	0.00867	0.00777	0.01723	0.01372	0.06648	0.01237	0.01394	0.00998	0.00499	0.00489	0.00102	0.00483	0.00400	0.00409	0.76158
11	0.01376	0.01300	0.02221	0.40708	0.25494	0.01444	0.07034	0.04062	0.01421	0.01907	0.01344	0.06330	0.01140	0.00706	0.00664	0.00210	0.00814	0.00667	0.00332	0.00825

[dist]
# distance from previous block
# <min> <max>
0	3

[block]
# block no. 4 follows, 34 sequences, length 7
# corresponding to MSA columns:
# 526-532
name=unknown_E
#
# <colnr> <probs for GDERKNQSTAVLIFYWHMCP>
#	G	D	E	R	K	N	Q	S	T	A	V	L	I	F	Y	W	H	M	C	P
0	0.01727	0.77681	0.03386	0.01106	0.01658	0.02557	0.01106	0.01935	0.01313	0.01520	0.00898	0.01036	0.00829	0.00553	0.00415	0.00138	0.00691	0.00345	0.00276	0.00829
1	0.02675	0.01129	0.01485	0.01152	0.01622	0.01022	0.00946	0.09601	0.01963	0.60450	0.08852	0.02375	0.01960	0.00845	0.00660	0.00200	0.00543	0.00690	0.00777	0.01055
2	0.08353	0.01455	0.01787	0.01803	0.15636	0.01538	0.01224	0.21495	0.17754	0.19366	0.01907	0.01863	0.01364	0.00751	0.00629	0.00201	0.00624	0.00612	0.00602	0.01036
3	0.01122	0.00561	0.00842	0.00842	0.00842	0.00561	0.00561	0.00842	0.00842	0.01122	0.01122	0.01964	0.01122	0.02245	0.02525	0.81201	0.00561	0.00561	0.00281	0.00281
4	0.00887	0.00675	0.00835	0.00896	0.01057	0.00622	0.00714	0.01114	0.01508	0.01940	0.16177	0.15177	0.29369	0.01683	0.00815	0.00249	0.00422	0.24673	0.00617	0.00571
5	0.01506	0.01605	0.01216	0.01212	0.01396	0.29395	0.00876	0.01783	0.06963	0.01748	0.02411	0.37454	0.02610	0.01335	0.00696	0.00215	0.00688	0.01129	0.05107	0.00655
6	0.51895	0.01566	0.12698	0.01100	0.01576	0.01404	0.01051	0.06747	0.01350	0.06067	0.01310	0.01797	0.01083	0.00739	0.00511	0.00210	0.00599	0.07087	0.00435	0.00777

[dist]
# distance from previous block
# <min> <max>
0	1

[block]
# block no. 5 follows, 34 sequences, length 33
# corresponding to MSA columns:
# 534-566
name=unknown_F
#
# <colnr> <probs for GDERKNQSTAVLIFYWHMCP>
#	G	D	E	R	K	N	Q	S	T	A	V	L	I	F	Y	W	H	M	C	P
0	0.02082	0.01598	0.01709	0.01399	0.01847	0.01794	0.01127	0.38411	0.34429	0.05397	0.02070	0.01960	0.01510	0.00822	0.00652	0.00206	0.00616	0.00651	0.00656	0.01064
1	0.00816	0.00583	0.00782	0.00932	0.00982	0.00549	0.00649	0.00949	0.01265	0.01681	0.03546	0.69109	0.04212	0.01998	0.00832	0.00266	0.00399	0.09319	0.00599	0.00533
2	0.01650	0.01507	0.05192	0.12669	0.44761	0.01447	0.09449	0.02056	0.01485	0.09257	0.01373	0.01705	0.01065	0.00610	0.00649	0.00198	0.00788	0.00601	0.02577	0.00961
3	0.01204	0.00602	0.00602	0.00602	0.00753	0.00602	0.00452	0.01506	0.01355	0.02409	0.02108	0.02409	0.01656	0.00753	0.00452	0.00151	0.00301	0.00602	0.80879	0.00602
4	0.01555	0.01458	0.05960	0.18887	0.14756	0.01508	0.01429	0.11429	0.23815	0.02485	0.06203	0.02089	0.01619	0.00767	0.00648	0.00206	0.00669	0.00657	0.02940	0.00920
5	0.01826	0.01482	0.01514	0.01298	0.01649	0.05967	0.01025	0.25554	0.28736	0.02937	0.02112	0.07597	0.01705	0.00912	0.00696	0.00206	0.03553	0.00724	0.09573	0.00935
6	0.01233	0.00864	0.01026	0.00886	0.01139	0.00766	0.00627	0.01453	0.04476	0.07246	0.02006	0.12737	0.02052	0.30416	0.03646	0.00362	0.00563	0.00837	0.00459	0.27207
7	0.28555	0.07068	0.32008	0.01463	0.04822	0.03590	0.01531	0.02126	0.01344	0.10281	0.01208	0.01334	0.00875	0.00626	0.00533	0.00197	0.00739	0.00448	0.00378	0.00874
8	0.01715	0.74623	0.03329	0.01129	0.01660	0.02533	0.01118	0.01920	0.01300	0.01522	0.00896	0.01052	0.00830	0.00576	0.00483	0.00144	0.03715	0.00354	0.00277	0.00824
9	0.00878	0.00664	0.00813	0.00789	0.00960	0.00599	0.00600	0.01141	0.01704	0.02304	0.49342	0.05380	0.25607	0.01441	0.00770	0.00213	0.00328	0.05206	0.00672	0.00590
10	0.00914	0.00656	0.00852	0.00877	0.00962	0.00670	0.00629	0.01069	0.01200	0.01629	0.11151	0.11741	0.07973	0.27132	0.22059	0.00589	0.00843	0.08065	0.00475	0.00515
11	0.00930	0.00681	0.00832	0.00906	0.01017	0.00670	0.00642	0.01281	0.09422	0.01936	0.10497	0.48545	0.08954	0.01693	0.00769	0.00241	0.00381	0.03360	0.06642	0.00599
12	0.01000	0.00616	0.00825	0.00925	0.01009	0.00568	0.00635	0.01126	0.01299	0.08900	0.03459	0.69357	0.04004	0.01901	0.00807	0.00256	0.00392	0.01717	0.00620	0.00583
13	0.00792	0.00572	0.00741	0.00873	0.00923	0.00531	0.00583	0.00903	0.01242	0.01640	0.03721	0.68527	0.09351	0.05146	0.00923	0.00274	0.00382	0.01764	0.00591	0.00521
14	0.01583	0.01580	0.02879	0.03699	0.58232	0.01556	0.16808	0.02002	0.01483	0.02102	0.01235	0.01630	0.01014	0.00569	0.00666	0.00197	0.00837	0.00616	0.00321	0.00991
15	0.02628	0.01535	0.01769	0.01356	0.01867	0.01595	0.01120	0.44786	0.02578	0.31043	0.01938	0.01802	0.01293	0.00785	0.00648	0.00196	0.00649	0.00608	0.00706	0.01099
16	0.02456	0.01810	0.01939	0.01487	0.02004	0.02004	0.01228	0.71107	0.03038	0.04072	0.01551	0.01551	0.01099	0.00776	0.00646	0.00194	0.00711	0.00582	0.00646	0.01099
17	0.01718	0.71955	0.03241	0.01121	0.01660	0.02485	0.01099	0.02047	0.06625	0.01609	0.01028	0.01140	0.00915	0.00577	0.00433	0.00144	0.00678	0.00374	0.00305	0.00844
18	0.00969	0.00681	0.00833	0.08512	0.01094	0.00711	0.00537	0.01014	0.00976	0.01294	0.01944	0.03968	0.02194	0.69318	0.03014	0.00584	0.00651	0.00902	0.00381	0.00425
19	0.01064	0.00704	0.00831	0.00783	0.00984	0.00644	0.00597	0.01367	0.03719	0.07100	0.35488	0.04726	0.25084	0.01302	0.00714	0.00203	0.00339	0.02468	0.11249	0.00634
20	0.01336	0.00983	0.01310	0.04147	0.01532	0.01009	0.04908	0.08340	0.12607	0.07161	0.23239	0.17609	0.03589	0.01276	0.00748	0.00227	0.00502	0.08093	0.00630	0.00754
21	0.01369	0.01462	0.06036	0.01626	0.01681	0.01843	0.01388	0.01534	0.01007	0.01559	0.00961	0.01636	0.00966	0.07183	0.02127	0.00306	0.65739	0.00590	0.00291	0.00696
22	0.01727	0.77681	0.03386	0.01106	0.01658	0.02557	0.01106	0.01935	0.01313	0.01520	0.00898	0.01036	0.00829	0.00553	0.00415	0.00138	0.00691	0.00345	0.00276	0.00829
23	0.00889	0.00633	0.00815	0.00911	0.00990	0.00603	0.00637	0.03596	0.01343	0.01781	0.07097	0.56283	0.08832	0.03366	0.00942	0.04065	0.00408	0.05679	0.00588	0.00542
24	0.01701	0.10288	0.05159	0.01399	0.01800	0.11338	0.04381	0.09311	0.33597	0.02376	0.02086	0.10203	0.01763	0.00902	0.00641	0.00205	0.00670	0.00744	0.00530	0.00906
25	0.01370	0.01420	0.08318	0.14252	0.02555	0.01365	0.21294	0.01742	0.01326	0.06234	0.04788	0.03798	0.01444	0.06434	0.09320	0.00344	0.12152	0.00718	0.00369	0.00757
26	0.01921	0.01066	0.01435	0.01130	0.01560	0.00926	0.04427	0.05084	0.01653	0.30987	0.08524	0.06807	0.02073	0.04458	0.00766	0.00202	0.00539	0.03870	0.00611	0.21959
27	0.01015	0.00771	0.01120	0.01065	0.01196	0.00840	0.04024	0.04713	0.01173	0.01636	0.01993	0.12453	0.02033	0.16528	0.45514	0.00784	0.01281	0.00882	0.00402	0.00579
28	0.03344	0.31452	0.11992	0.03562	0.05949	0.04833	0.01255	0.03515	0.03975	0.11845	0.03699	0.05611	0.04892	0.00772	0.00562	0.00180	0.00682	0.00597	0.00422	0.00862
29	0.34552	0.06258	0.06695	0.04119	0.05087	0.06582	0.04617	0.02096	0.05433	0.09810	0.01602	0.05089	0.04121	0.00746	0.00544	0.00200	0.00640	0.00568	0.00441	0.00800
30	0.01401	0.04726	0.00944	0.00760	0.00993	0.00886	0.00601	0.10404	0.01590	0.04459	0.02344	0.02530	0.07289	0.00818	0.00505	0.00162	0.00382	0.00649	0.57869	0.00686
31	0.03776	0.03849	0.06760	0.01253	0.03055	0.01247	0.04260	0.10049	0.18861	0.06675	0.14519	0.05616	0.02377	0.00967	0.00717	0.03448	0.00541	0.00766	0.10429	0.00833
32	0.11309	0.38456	0.06972	0.05666	0.01859	0.01844	0.04679	0.01845	0.01325	0.04052	0.02500	0.06541	0.01233	0.00704	0.00512	0.00169	0.00663	0.01689	0.00355	0.07628

[dist]
# distance from previous block
# <min> <max>
0	61

[block]
# block no. 6 follows, 34 sequences, length 14
# corresponding to MSA columns:
# 628-641
name=unknown_G
#
# <colnr> <probs for GDERKNQSTAVLIFYWHMCP>
#	G	D	E	R	K	N	Q	S	T	A	V	L	I	F	Y	W	H	M	C	P
0	0.10584	0.01331	0.04763	0.14315	0.03488	0.03672	0.04060	0.03577	0.15437	0.13217	0.09130	0.02237	0.01804	0.04382	0.00750	0.00221	0.00634	0.00659	0.00515	0.05224
1	0.05144	0.01657	0.01680	0.08723	0.04753	0.17739	0.03127	0.05102	0.01544	0.07187	0.01217	0.01422	0.00960	0.00612	0.00619	0.00155	0.03911	0.00462	0.00396	0.33590
2	0.07236	0.05099	0.10871	0.05279	0.09328	0.02788	0.03439	0.08280	0.12060	0.02242	0.04496	0.02284	0.04690	0.11000	0.00995	0.00252	0.02005	0.00656	0.00438	0.06563
3	0.04699	0.03264	0.13324	0.04761	0.04375	0.07817	0.05323	0.08638	0.15777	0.07132	0.09797	0.02051	0.01759	0.00762	0.00629	0.00193	0.00695	0.00631	0.00494	0.07879
4	0.01188	0.00900	0.01099	0.03364	0.01267	0.00913	0.00745	0.09666	0.01432	0.02009	0.07530	0.21877	0.02578	0.18509	0.04668	0.00337	0.04911	0.01005	0.03131	0.12871
5	0.01298	0.01340	0.09587	0.06665	0.01826	0.01294	0.04096	0.04840	0.17235	0.02040	0.01930	0.02329	0.04232	0.05245	0.19146	0.00438	0.09265	0.00684	0.05739	0.00771
6	0.00787	0.00562	0.00750	0.00900	0.00937	0.00525	0.00600	0.00900	0.01237	0.01649	0.03561	0.76871	0.04274	0.02024	0.00825	0.00262	0.00375	0.01837	0.00600	0.00525
7	0.01193	0.00777	0.00974	0.00884	0.01102	0.00735	0.00677	0.01619	0.08248	0.10692	0.52794	0.04421	0.10847	0.01247	0.00740	0.00206	0.00354	0.01085	0.00707	0.00698
8	0.00804	0.00574	0.00769	0.00919	0.00964	0.00539	0.00629	0.00929	0.01254	0.01668	0.03552	0.72275	0.04237	0.02008	0.00829	0.00265	0.00389	0.06267	0.00599	0.00529
9	0.01394	0.01326	0.02252	0.42844	0.35988	0.01481	0.01881	0.01803	0.01374	0.01862	0.01179	0.01666	0.00936	0.00614	0.00643	0.00205	0.00818	0.00575	0.00302	0.00858
10	0.01558	0.01547	0.02801	0.08888	0.54929	0.01547	0.15173	0.01976	0.01469	0.02070	0.01228	0.01636	0.01004	0.00575	0.00664	0.00199	0.00836	0.00611	0.00319	0.00972
11	0.01101	0.00569	0.00826	0.00826	0.00826	0.00569	0.00542	0.00853	0.00853	0.01137	0.01227	0.02224	0.01263	0.10858	0.02613	0.71953	0.00569	0.00605	0.00293	0.00293
12	0.01576	0.00903	0.01056	0.09419	0.01464	0.00951	0.00778	0.12468	0.01660	0.09972	0.01957	0.02176	0.01473	0.00749	0.00525	0.00170	0.00455	0.00601	0.50905	0.00744
13	0.02067	0.02439	0.01693	0.01542	0.01821	0.50158	0.01169	0.05246	0.07785	0.01788	0.01443	0.10000	0.01338	0.00887	0.00761	0.00194	0.07885	0.00627	0.00400	0.00758

[dist]
# distance from previous block
# <min> <max>
0	1

[block]
# block no. 7 follows, 34 sequences, length 33
# corresponding to MSA columns:
# 643-675
name=unknown_H
#
# <colnr> <probs for GDERKNQSTAVLIFYWHMCP>
#	G	D	E	R	K	N	Q	S	T	A	V	L	I	F	Y	W	H	M	C	P
0	0.00866	0.00601	0.00737	0.00819	0.00865	0.00575	0.00536	0.00958	0.01165	0.01557	0.03170	0.40649	0.08111	0.28375	0.01676	0.00385	0.00468	0.04725	0.03277	0.00485
1	0.01312	0.01453	0.06210	0.01294	0.01455	0.15366	0.01045	0.01499	0.01241	0.01578	0.01814	0.19395	0.01928	0.08583	0.16400	0.00435	0.17086	0.00885	0.00388	0.00635
2	0.01626	0.38421	0.02426	0.08058	0.01893	0.01799	0.01056	0.05227	0.01423	0.04381	0.01095	0.01268	0.00915	0.00556	0.00477	0.00136	0.00632	0.00402	0.00350	0.27857
3	0.02432	0.01666	0.01825	0.01407	0.01896	0.01810	0.01153	0.59531	0.02792	0.12163	0.01694	0.01763	0.01221	0.04640	0.00780	0.00216	0.00688	0.00608	0.00652	0.01063
4	0.01160	0.00864	0.01237	0.01285	0.01483	0.00872	0.04468	0.06075	0.01594	0.02084	0.03192	0.06631	0.03408	0.01656	0.00870	0.00287	0.00627	0.60979	0.00585	0.00642
5	0.01127	0.01891	0.31364	0.01455	0.01865	0.01229	0.01509	0.01510	0.01239	0.01795	0.02006	0.29990	0.02134	0.01255	0.01004	0.00243	0.16234	0.01011	0.00399	0.00741
6	0.00940	0.00626	0.00705	0.00705	0.00705	0.00626	0.00392	0.00940	0.00940	0.01253	0.02036	0.04228	0.02349	0.77292	0.03289	0.00626	0.00626	0.00940	0.00392	0.00392
7	0.01220	0.01148	0.01938	0.75739	0.04450	0.01436	0.01794	0.01651	0.01292	0.01651	0.01148	0.01723	0.00861	0.00646	0.00646	0.00215	0.00861	0.00574	0.00287	0.00718
8	0.04545	0.00633	0.00620	0.00616	0.00781	0.00634	0.00465	0.01484	0.01352	0.02386	0.02346	0.02600	0.06258	0.00804	0.00470	0.00157	0.00311	0.00641	0.72295	0.00603
9	0.00940	0.00626	0.00705	0.00705	0.00705	0.00626	0.00392	0.00940	0.00940	0.01253	0.02036	0.04228	0.02349	0.77292	0.03289	0.00626	0.00626	0.00940	0.00392	0.00392
10	0.00891	0.00653	0.00835	0.00802	0.00954	0.00597	0.00597	0.01168	0.01754	0.02442	0.61529	0.09658	0.12912	0.01399	0.00766	0.00209	0.00312	0.01232	0.00692	0.00597
11	0.01138	0.00881	0.01289	0.24087	0.04562	0.00963	0.01052	0.03829	0.01498	0.03405	0.23096	0.06175	0.06770	0.01469	0.08433	0.03441	0.00673	0.00863	0.05717	0.00660
12	0.24080	0.12936	0.10261	0.10432	0.02114	0.10712	0.03323	0.02075	0.01353	0.09124	0.01143	0.01345	0.00878	0.00671	0.00659	0.00197	0.07062	0.00460	0.00372	0.00802
13	0.15272	0.09667	0.01952	0.07624	0.04114	0.04024	0.01273	0.08656	0.01334	0.03926	0.01017	0.01369	0.00871	0.00863	0.01247	0.00230	0.34921	0.00506	0.00354	0.00780
14	0.01574	0.04520	0.10933	0.34777	0.08784	0.03593	0.01623	0.08371	0.04243	0.07946	0.01470	0.01926	0.01132	0.00717	0.00637	0.00206	0.00789	0.03431	0.02481	0.00847
15	0.00783	0.00578	0.00734	0.00858	0.00926	0.00528	0.00581	0.00904	0.01277	0.01666	0.04063	0.64983	0.15837	0.01959	0.00814	0.00255	0.00367	0.01757	0.00600	0.00528
16	0.01106	0.00760	0.00922	0.00869	0.01069	0.00728	0.00659	0.01539	0.09391	0.07020	0.41247	0.09435	0.14786	0.01313	0.00735	0.00210	0.00357	0.02453	0.04731	0.00671
17	0.36252	0.01163	0.01267	0.01023	0.01481	0.01161	0.00844	0.02621	0.01533	0.43797	0.01852	0.01714	0.01219	0.00715	0.00544	0.00200	0.00529	0.00523	0.00631	0.00931
18	0.01179	0.00733	0.00865	0.00789	0.01035	0.00635	0.00607	0.01401	0.01648	0.14443	0.26313	0.05095	0.40039	0.01395	0.00743	0.00210	0.00359	0.01180	0.00669	0.00661
19	0.02146	0.01472	0.01583	0.01256	0.01680	0.01604	0.01024	0.47877	0.06253	0.07319	0.01790	0.01829	0.01300	0.00777	0.00602	0.00186	0.00597	0.00598	0.19127	0.00981
20	0.01525	0.01743	0.03813	0.02723	0.03377	0.01634	0.70915	0.02070	0.01525	0.02070	0.01307	0.01743	0.00980	0.00545	0.00763	0.00218	0.01089	0.00763	0.00327	0.00871
21	0.01220	0.01148	0.01938	0.75739	0.04450	0.01436	0.01794	0.01651	0.01292	0.01651	0.01148	0.01723	0.00861	0.00646	0.00646	0.00215	0.00861	0.00574	0.00287	0.00718
22	0.02025	0.14187	0.05936	0.01702	0.02089	0.42579	0.08577	0.02264	0.01583	0.01643	0.01004	0.01249	0.00849	0.00695	0.00783	0.00185	0.11091	0.00465	0.00314	0.00779
23	0.01283	0.00866	0.00982	0.00883	0.01082	0.00939	0.00692	0.01738	0.09544	0.02299	0.04753	0.02257	0.01687	0.00815	0.00724	0.00173	0.10953	0.00612	0.48695	0.09024
24	0.08381	0.22685	0.05060	0.01265	0.01696	0.04694	0.01112	0.14542	0.19098	0.02463	0.01532	0.01603	0.01204	0.00737	0.00652	0.00188	0.05979	0.00523	0.05693	0.00893
25	0.01592	0.13293	0.38691	0.01679	0.02412	0.01613	0.09284	0.05518	0.06119	0.08744	0.04036	0.01641	0.01193	0.00666	0.00615	0.00197	0.00830	0.00552	0.00387	0.00940
26	0.01165	0.00798	0.01045	0.03284	0.01133	0.00903	0.00718	0.01293	0.01076	0.06342	0.01811	0.03075	0.01814	0.35854	0.19345	0.00594	0.11423	0.00771	0.07002	0.00554
27	0.00927	0.00677	0.00961	0.00961	0.01050	0.00766	0.00712	0.01104	0.01016	0.01443	0.01801	0.02928	0.01784	0.21548	0.58261	0.00943	0.01476	0.00749	0.00357	0.00534
28	0.08063	0.18153	0.09403	0.01213	0.03316	0.01453	0.01097	0.06742	0.01533	0.15979	0.01374	0.01439	0.01030	0.00602	0.00520	0.00153	0.00612	0.00451	0.00446	0.26418
29	0.01137	0.00772	0.00954	0.00891	0.00931	0.00847	0.00594	0.01186	0.01013	0.06190	0.01888	0.03608	0.02050	0.57628	0.06746	0.00571	0.11243	0.00855	0.00401	0.00493
30	0.00787	0.00562	0.00750	0.00900	0.00937	0.00525	0.00600	0.00900	0.01237	0.01649	0.03561	0.76871	0.04274	0.02024	0.00825	0.00262	0.00375	0.01837	0.00600	0.00525
31	0.01747	0.01386	0.06778	0.01729	0.09929	0.03296	0.13954	0.02137	0.03985	0.21077	0.07425	0.07557	0.04632	0.03670	0.00773	0.00215	0.00675	0.00784	0.00525	0.07724
32	0.01756	0.25212	0.17416	0.01492	0.04465	0.03546	0.03955	0.11790	0.05091	0.08506	0.01634	0.04777	0.03951	0.00758	0.00627	0.00187	0.02921	0.00586	0.00424	0.00906

[dist]
# distance from previous block
# <min> <max>
3	6

[block]
# block no. 8 follows, 34 sequences, length 17
# corresponding to MSA columns:
# 686-702
name=unknown_I
#
# <colnr> <probs for GDERKNQSTAVLIFYWHMCP>
#	G	D	E	R	K	N	Q	S	T	A	V	L	I	F	Y	W	H	M	C	P
0	0.01607	0.11684	0.17046	0.18494	0.05773	0.03308	0.04361	0.05118	0.08364	0.08511	0.03355	0.01708	0.01187	0.00715	0.00719	0.00203	0.06005	0.00566	0.00396	0.00879
1	0.00846	0.00641	0.00787	0.00865	0.00969	0.00608	0.00604	0.01078	0.05160	0.01784	0.09388	0.47872	0.18475	0.03768	0.03727	0.00285	0.00426	0.01560	0.00597	0.00561
2	0.01410	0.00860	0.01083	0.12295	0.01572	0.00925	0.00831	0.07189	0.01508	0.08738	0.04579	0.09599	0.01869	0.01004	0.02460	0.00208	0.03454	0.00743	0.38972	0.00701
3	0.09233	0.20803	0.26266	0.01441	0.02073	0.08301	0.01511	0.10198	0.07263	0.05342	0.01281	0.01379	0.00970	0.00650	0.00551	0.00184	0.00786	0.00468	0.00388	0.00911
4	0.01363	0.00821	0.01203	0.03557	0.01405	0.00775	0.05780	0.01611	0.03961	0.17720	0.05250	0.44558	0.03232	0.04484	0.00864	0.00255	0.00494	0.01358	0.00612	0.00699
5	0.00792	0.00621	0.00719	0.00779	0.00918	0.00548	0.00559	0.00949	0.01406	0.01775	0.10148	0.34262	0.38760	0.01772	0.00792	0.00237	0.00352	0.03461	0.00608	0.00543
6	0.08804	0.01238	0.06531	0.01382	0.04661	0.01215	0.05041	0.06576	0.10947	0.04032	0.04679	0.09321	0.01910	0.04871	0.18471	0.00434	0.05328	0.03338	0.00464	0.00759
7	0.01905	0.24247	0.16813	0.03984	0.07446	0.04606	0.01447	0.16263	0.01790	0.11017	0.03704	0.01544	0.01166	0.00675	0.00573	0.00180	0.00748	0.00512	0.00435	0.00943
8	0.00947	0.00635	0.00729	0.00739	0.00750	0.00635	0.00438	0.00968	0.00979	0.01301	0.02135	0.04446	0.02447	0.71913	0.03118	0.00603	0.00624	0.05783	0.00406	0.00406
9	0.00958	0.00695	0.00903	0.00885	0.00935	0.00764	0.00609	0.01066	0.01029	0.01435	0.05924	0.03501	0.02218	0.42722	0.28805	0.00732	0.05099	0.00843	0.00388	0.00488
10	0.01656	0.10852	0.23888	0.01940	0.10759	0.05804	0.08952	0.04193	0.05142	0.08563	0.01435	0.04789	0.01154	0.00739	0.00753	0.00204	0.07288	0.00599	0.00382	0.00909
11	0.03297	0.14739	0.10113	0.08530	0.14136	0.04429	0.03943	0.07057	0.12657	0.05533	0.01570	0.05926	0.01300	0.00759	0.00659	0.00198	0.03210	0.00622	0.00420	0.00902
12	0.01622	0.01939	0.11596	0.05535	0.01948	0.20777	0.01352	0.01953	0.03730	0.04935	0.06602	0.01829	0.01405	0.01388	0.10714	0.00325	0.20639	0.00585	0.00371	0.00756
13	0.03609	0.00754	0.01064	0.00975	0.01112	0.00722	0.07660	0.01128	0.01287	0.01776	0.15865	0.20940	0.09790	0.28520	0.01666	0.00371	0.00524	0.01191	0.00512	0.00536
14	0.01333	0.01141	0.01860	0.23564	0.19583	0.01205	0.06985	0.01734	0.03273	0.03970	0.08758	0.04422	0.01742	0.02670	0.03581	0.00240	0.00724	0.00703	0.08825	0.03688
15	0.14341	0.01502	0.07903	0.05561	0.12891	0.02872	0.03549	0.05002	0.07507	0.06549	0.01524	0.07011	0.01309	0.00823	0.00803	0.00209	0.10556	0.01781	0.00425	0.07881
16	0.11655	0.08730	0.03387	0.13200	0.05447	0.11020	0.01170	0.08545	0.04713	0.10729	0.01515	0.04840	0.01208	0.00741	0.00600	0.00189	0.02021	0.00569	0.06177	0.03544

[dist]
# distance from previous block
# <min> <max>
7	42

[block]
# block no. 9 follows, 34 sequences, length 6
# corresponding to MSA columns:
# 746-751
name=unknown_J
#
# <colnr> <probs for GDERKNQSTAVLIFYWHMCP>
#	G	D	E	R	K	N	Q	S	T	A	V	L	I	F	Y	W	H	M	C	P
0	0.01035	0.00652	0.00791	0.00806	0.00860	0.00632	0.00518	0.01105	0.01131	0.05888	0.05815	0.18815	0.02949	0.49337	0.02368	0.00487	0.00554	0.05287	0.00486	0.00484
1	0.01727	0.77681	0.03386	0.01106	0.01658	0.02557	0.01106	0.01935	0.01313	0.01520	0.00898	0.01036	0.00829	0.00553	0.00415	0.00138	0.00691	0.00345	0.00276	0.00829
2	0.00897	0.00660	0.00840	0.00795	0.00955	0.00602	0.00596	0.01186	0.01789	0.02495	0.65380	0.04985	0.13697	0.01357	0.00762	0.00205	0.00307	0.01191	0.00699	0.00602
3	0.01222	0.00743	0.01056	0.01003	0.01159	0.00801	0.00765	0.01420	0.01145	0.12290	0.01901	0.02749	0.01727	0.15453	0.52565	0.00849	0.01383	0.00724	0.00421	0.00627
4	0.00866	0.00649	0.00803	0.00785	0.00941	0.00586	0.00581	0.01119	0.01686	0.02298	0.50411	0.12477	0.21490	0.01466	0.00769	0.00213	0.00317	0.01282	0.00674	0.00586
5	0.01586	0.66117	0.02991	0.01075	0.01550	0.02252	0.01030	0.01780	0.01302	0.01540	0.01298	0.12408	0.01346	0.00773	0.00476	0.00157	0.00644	0.00569	0.00325	0.00784

[dist]
# distance from previous block
# <min> <max>
0	2

[block]
# block no. 10 follows, 34 sequences, length 17
# corresponding to MSA columns:
# 754-770
name=unknown_K
#
# <colnr> <probs for GDERKNQSTAVLIFYWHMCP>
#	G	D	E	R	K	N	Q	S	T	A	V	L	I	F	Y	W	H	M	C	P
0	0.01609	0.04423	0.14134	0.24282	0.13586	0.06490	0.07766	0.13395	0.01694	0.02244	0.03449	0.01654	0.01088	0.00662	0.00642	0.00200	0.00855	0.00576	0.00369	0.00882
1	0.01568	0.23216	0.16168	0.11159	0.05363	0.06641	0.06951	0.05936	0.01442	0.01868	0.01244	0.01525	0.02951	0.00783	0.02338	0.00212	0.08960	0.00521	0.00320	0.00834
2	0.01337	0.01218	0.01957	0.58333	0.10213	0.01480	0.01712	0.05737	0.01396	0.01854	0.01194	0.01708	0.00916	0.00678	0.00720	0.00213	0.04969	0.00575	0.03029	0.00763
3	0.00904	0.00660	0.00848	0.00801	0.00959	0.00605	0.00601	0.01198	0.01803	0.02530	0.68093	0.04928	0.10963	0.01344	0.00762	0.00204	0.00306	0.01183	0.00703	0.00605
4	0.01111	0.00724	0.01011	0.00977	0.01026	0.00815	0.00704	0.01141	0.05083	0.01356	0.01427	0.02320	0.01396	0.10817	0.19301	0.41729	0.07645	0.00643	0.00330	0.00444
5	0.00804	0.00590	0.00755	0.00853	0.00933	0.00541	0.00587	0.00954	0.01363	0.01813	0.15046	0.56035	0.13625	0.01861	0.00807	0.00247	0.00357	0.01668	0.00618	0.00541
6	0.00837	0.00615	0.00786	0.00833	0.00941	0.00563	0.00590	0.01037	0.01514	0.02055	0.32899	0.38009	0.13570	0.01682	0.00791	0.00232	0.00340	0.01499	0.00646	0.00563
7	0.01727	0.77681	0.03386	0.01106	0.01658	0.02557	0.01106	0.01935	0.01313	0.01520	0.00898	0.01036	0.00829	0.00553	0.00415	0.00138	0.00691	0.00345	0.00276	0.00829
8	0.00870	0.00648	0.00726	0.00722	0.00840	0.00596	0.00493	0.01000	0.01330	0.01715	0.16975	0.05216	0.30509	0.31271	0.01759	0.00378	0.00450	0.03465	0.00539	0.00499
9	0.12914	0.02727	0.01696	0.01528	0.01879	0.60900	0.01159	0.02522	0.01736	0.05806	0.01073	0.01208	0.00858	0.00665	0.00562	0.00173	0.01043	0.00421	0.00368	0.00762
10	0.01068	0.00839	0.01037	0.00871	0.01176	0.00700	0.00668	0.01358	0.01620	0.02368	0.42978	0.06717	0.04092	0.01037	0.00659	0.00166	0.00373	0.00904	0.00583	0.30788
11	0.00942	0.00608	0.00767	0.00795	0.00812	0.00611	0.00498	0.00933	0.00987	0.01327	0.02137	0.17507	0.02433	0.43289	0.08900	0.14949	0.00663	0.01021	0.00407	0.00413
12	0.47352	0.01332	0.01292	0.01067	0.01492	0.01474	0.00880	0.15217	0.01615	0.17550	0.01358	0.01395	0.00965	0.00696	0.00569	0.00202	0.03699	0.00464	0.00523	0.00857
13	0.11390	0.03285	0.11102	0.11208	0.05942	0.01400	0.03282	0.09061	0.10909	0.13836	0.03574	0.01793	0.01302	0.00703	0.00599	0.00194	0.00661	0.00570	0.02077	0.07111
14	0.01231	0.00979	0.01321	0.04401	0.01505	0.00962	0.06394	0.05688	0.09697	0.03592	0.29170	0.03573	0.05527	0.11081	0.01042	0.00253	0.00515	0.02843	0.00568	0.09657
15	0.01516	0.01292	0.01382	0.01249	0.01586	0.01476	0.00968	0.03142	0.62831	0.02688	0.11896	0.02729	0.02516	0.00935	0.00671	0.00217	0.00484	0.00788	0.00665	0.00968
16	0.01648	0.63347	0.02963	0.01058	0.01592	0.02226	0.01025	0.01871	0.01319	0.01646	0.00998	0.01152	0.00892	0.00554	0.00425	0.00133	0.00642	0.00365	0.04729	0.11418

[dist]
# distance from previous block
# <min> <max>
0	26

[block]
# block no. 11 follows, 34 sequences, length 13
# corresponding to MSA columns:
# 797-809
name=unknown_L
#
# <colnr> <probs for GDERKNQSTAVLIFYWHMCP>
#	G	D	E	R	K	N	Q	S	T	A	V	L	I	F	Y	W	H	M	C	P
0	0.08486	0.01413	0.01591	0.01265	0.01706	0.01497	0.01030	0.22695	0.13979	0.12309	0.01657	0.01684	0.01226	0.00752	0.00738	0.00187	0.08067	0.00552	0.00555	0.18611
1	0.00880	0.00889	0.08109	0.01153	0.04889	0.00674	0.00849	0.01070	0.01262	0.01713	0.03201	0.65459	0.03761	0.01809	0.00794	0.00253	0.00453	0.01636	0.00553	0.00593
2	0.00800	0.00571	0.00764	0.00914	0.00957	0.00536	0.00621	0.00921	0.01249	0.01663	0.03554	0.73462	0.04246	0.02013	0.00828	0.00264	0.00386	0.05123	0.00600	0.00528
3	0.00924	0.00623	0.00725	0.00740	0.00749	0.00625	0.00432	0.00946	0.00974	0.01304	0.02173	0.11356	0.02506	0.66428	0.06394	0.00610	0.00653	0.01017	0.00410	0.00413
4	0.02065	0.12560	0.13325	0.01459	0.02021	0.04385	0.01354	0.36219	0.12368	0.05581	0.01570	0.01584	0.01151	0.00731	0.00609	0.00191	0.00728	0.00551	0.00533	0.01016
5	0.01168	0.00621	0.00898	0.00879	0.00907	0.00635	0.00602	0.03830	0.00945	0.01267	0.01172	0.01977	0.01147	0.02319	0.06220	0.73585	0.00629	0.00569	0.00299	0.00331
6	0.05440	0.22861	0.18699	0.05001	0.03971	0.05626	0.08340	0.09710	0.04738	0.02186	0.04585	0.01539	0.01176	0.00652	0.00573	0.00182	0.00786	0.00520	0.00373	0.03041
7	0.01388	0.19268	0.58829	0.01684	0.02553	0.01727	0.02113	0.02022	0.01353	0.01934	0.01104	0.01294	0.00821	0.00601	0.00571	0.00190	0.00898	0.00449	0.00274	0.00928
8	0.00952	0.05556	0.00956	0.00909	0.01016	0.00681	0.00644	0.01089	0.01310	0.05098	0.06764	0.61788	0.07187	0.01821	0.00784	0.00247	0.00398	0.01631	0.00594	0.00577
9	0.01392	0.03679	0.05344	0.12267	0.03861	0.04503	0.05666	0.04021	0.01470	0.08878	0.06410	0.13818	0.03545	0.02938	0.07185	0.00306	0.03335	0.10171	0.00480	0.00730
10	0.05162	0.06715	0.20477	0.08960	0.02436	0.03947	0.08968	0.17555	0.03304	0.08935	0.01542	0.06396	0.01217	0.00756	0.00636	0.00203	0.00793	0.00634	0.00448	0.00916
11	0.01035	0.00772	0.04298	0.00938	0.01075	0.00642	0.00708	0.01158	0.01254	0.06262	0.04886	0.39434	0.06882	0.10839	0.01267	0.08726	0.00477	0.06163	0.00536	0.02648
12	0.01651	0.08624	0.05465	0.14361	0.04061	0.05222	0.14846	0.02041	0.03768	0.13992	0.02042	0.04803	0.08323	0.00813	0.00723	0.00203	0.04236	0.00711	0.00440	0.03675

[dist]
# distance from previous block
# <min> <max>
1	83

[block]
# block no. 12 follows, 34 sequences, length 10
# corresponding to MSA columns:
# 893-900,902,903
name=unknown_M
#
# <colnr> <probs for GDERKNQSTAVLIFYWHMCP>
#	G	D	E	R	K	N	Q	S	T	A	V	L	I	F	Y	W	H	M	C	P
0	0.01608	0.20444	0.15214	0.09347	0.02226	0.03187	0.04445	0.10672	0.06345	0.03658	0.01369	0.03992	0.01128	0.00881	0.03151	0.00224	0.08190	0.00564	0.02496	0.00857
1	0.01645	0.15615	0.05181	0.06208	0.07764	0.08901	0.01233	0.08911	0.06377	0.04615	0.09238	0.03959	0.01727	0.04634	0.00945	0.00221	0.10939	0.00642	0.00431	0.00815
2	0.01002	0.00961	0.06216	0.00858	0.01159	0.00718	0.00704	0.01243	0.01428	0.01969	0.20023	0.04059	0.22890	0.14219	0.01120	0.00255	0.00454	0.00952	0.00517	0.19253
3	0.07302	0.26887	0.29387	0.01322	0.01946	0.01696	0.01476	0.01863	0.01350	0.04795	0.01888	0.01979	0.11390	0.00768	0.00610	0.00187	0.03403	0.00565	0.00353	0.00833
4	0.00904	0.00635	0.00753	0.00781	0.00833	0.00626	0.00506	0.00977	0.01089	0.01430	0.02872	0.13304	0.11734	0.47679	0.08075	0.00540	0.00642	0.05711	0.00454	0.00456
5	0.01220	0.01148	0.01938	0.75739	0.04450	0.01436	0.01794	0.01651	0.01292	0.01651	0.01148	0.01723	0.00861	0.00646	0.00646	0.00215	0.00861	0.00574	0.00287	0.00718
6	0.00897	0.00654	0.00787	0.00753	0.00924	0.00592	0.00565	0.01163	0.01695	0.02348	0.49383	0.05012	0.23843	0.01361	0.00738	0.00203	0.00311	0.01177	0.07004	0.00592
7	0.07485	0.00759	0.00948	0.00866	0.01077	0.00716	0.00661	0.01511	0.01741	0.12029	0.53926	0.08346	0.04972	0.01236	0.00722	0.00206	0.00357	0.01074	0.00692	0.00677
8	0.03520	0.09735	0.35402	0.01560	0.02250	0.01471	0.05840	0.02210	0.09468	0.08633	0.01584	0.01944	0.01237	0.00719	0.00614	0.00198	0.00776	0.05175	0.00402	0.07259
9	0.10612	0.06302	0.01831	0.01383	0.01821	0.09703	0.03999	0.35318	0.10106	0.03108	0.05633	0.01805	0.01433	0.03262	0.00698	0.00207	0.00704	0.00595	0.00547	0.00933

[dist]
# distance from previous block
# <min> <max>
2	4

[block]
# block no. 13 follows, 34 sequences, length 20
# corresponding to MSA columns:
# 912-931
name=unknown_N
#
# <colnr> <probs for GDERKNQSTAVLIFYWHMCP>
#	G	D	E	R	K	N	Q	S	T	A	V	L	I	F	Y	W	H	M	C	P
0	0.17268	0.04391	0.25496	0.01608	0.05282	0.01613	0.03730	0.15368	0.01646	0.07077	0.01305	0.01568	0.00994	0.00725	0.00720	0.00208	0.07342	0.02335	0.00416	0.00908
1	0.01248	0.00903	0.01119	0.01167	0.06887	0.00863	0.00841	0.09209	0.01739	0.07367	0.15879	0.04991	0.30705	0.01368	0.00755	0.00223	0.00464	0.12952	0.00615	0.00705
2	0.01354	0.01134	0.01758	0.28396	0.07817	0.01267	0.06068	0.09408	0.01568	0.03982	0.11230	0.08161	0.01992	0.01268	0.07743	0.00292	0.03178	0.00782	0.01845	0.00758
3	0.01729	0.01204	0.01718	0.09690	0.02056	0.01153	0.08733	0.04599	0.06265	0.18454	0.04858	0.01980	0.01455	0.03030	0.00765	0.00190	0.04343	0.00605	0.02657	0.24518
4	0.02022	0.49158	0.02783	0.01270	0.01765	0.19400	0.01139	0.07645	0.01606	0.06395	0.01080	0.01183	0.00901	0.00613	0.00488	0.00153	0.00795	0.00400	0.00353	0.00849
5	0.01527	0.01353	0.06079	0.01106	0.01636	0.01097	0.00945	0.13115	0.04865	0.04475	0.09418	0.01841	0.01614	0.00658	0.00559	0.00139	0.00531	0.00533	0.00480	0.48027
6	0.00988	0.00758	0.01133	0.07216	0.09437	0.00780	0.00920	0.01162	0.01230	0.01662	0.02612	0.37001	0.02918	0.04058	0.11585	0.06260	0.00696	0.08516	0.00478	0.00590
7	0.18824	0.01532	0.01680	0.09691	0.02080	0.01696	0.01148	0.40595	0.02294	0.12097	0.01493	0.01546	0.01051	0.00728	0.00596	0.00198	0.00664	0.00541	0.00574	0.00973
8	0.13042	0.01682	0.03697	0.08100	0.02351	0.01789	0.12989	0.39768	0.04951	0.03264	0.01418	0.01558	0.01030	0.00701	0.00632	0.00202	0.00757	0.00583	0.00519	0.00966
