[name]
unknown

[dist]
# distance from previous block
# <min> <max>
0	41

[block]
# block no. 0 follows, 43 sequences, length 30
# corresponding to MSA columns:
# 45-74
name=unknown_A
#
# <colnr> <probs for GDERKNQSTAVLIFYWHMCP>
#	G	D	E	R	K	N	Q	S	T	A	V	L	I	F	Y	W	H	M	C	P
0	0.00918	0.00505	0.00709	0.00716	0.00725	0.00508	0.00476	0.00770	0.00773	0.01032	0.01252	0.02360	0.01321	0.19463	0.04750	0.58430	0.00528	0.04202	0.00277	0.00283
1	0.01441	0.31226	0.31557	0.01461	0.08465	0.10066	0.01446	0.01810	0.01225	0.05221	0.00959	0.01100	0.00754	0.00517	0.00464	0.00150	0.00724	0.00377	0.00266	0.00771
2	0.01478	0.17417	0.20298	0.07429	0.04882	0.04393	0.08325	0.10584	0.09114	0.07120	0.01255	0.01451	0.00962	0.00587	0.00521	0.00166	0.00684	0.02187	0.00353	0.00792
3	0.00797	0.00572	0.00785	0.00962	0.06695	0.00533	0.00609	0.00923	0.01124	0.04339	0.04611	0.63074	0.09757	0.01559	0.00683	0.00214	0.00348	0.01406	0.00504	0.00504
4	0.01149	0.01108	0.01733	0.49686	0.22771	0.04689	0.01481	0.01477	0.01165	0.01516	0.01153	0.07487	0.00999	0.00630	0.00562	0.00180	0.00697	0.00570	0.00276	0.00673
5	0.02807	0.01186	0.01624	0.52239	0.03063	0.04528	0.01351	0.18908	0.01501	0.05869	0.01119	0.01434	0.00816	0.00587	0.00548	0.00178	0.00700	0.00488	0.00345	0.00710
6	0.01422	0.07975	0.29686	0.07252	0.15742	0.01370	0.05362	0.13000	0.01429	0.06437	0.01146	0.01327	0.00850	0.00551	0.00526	0.00167	0.00697	0.00461	0.03786	0.00816
7	0.02407	0.00925	0.01260	0.00972	0.01387	0.00801	0.00801	0.02623	0.01584	0.74023	0.05598	0.01988	0.01547	0.00706	0.00561	0.00171	0.00462	0.00577	0.00682	0.00923
8	0.01104	0.01141	0.07739	0.48635	0.06111	0.01202	0.01402	0.01585	0.08959	0.02775	0.02495	0.05294	0.01146	0.00692	0.00632	0.00190	0.04611	0.03308	0.00314	0.00662
9	0.12134	0.01076	0.03812	0.10138	0.12063	0.03439	0.00997	0.04218	0.02611	0.23905	0.12485	0.02049	0.02858	0.00837	0.03485	0.00201	0.00559	0.01920	0.00470	0.00745
10	0.01112	0.00679	0.00910	0.00850	0.01045	0.00621	0.03740	0.01341	0.04399	0.16976	0.10640	0.30613	0.19565	0.01286	0.00653	0.00199	0.00374	0.03852	0.00550	0.00593
11	0.01111	0.02865	0.77667	0.01579	0.02397	0.01286	0.02046	0.01754	0.01169	0.01754	0.00994	0.01169	0.00702	0.00526	0.00526	0.00175	0.00818	0.00409	0.00234	0.00818
12	0.15866	0.01210	0.01473	0.42246	0.02664	0.09601	0.01222	0.04065	0.01202	0.08336	0.01032	0.01337	0.00773	0.00593	0.00600	0.00180	0.06182	0.00449	0.00316	0.00654
13	0.01564	0.09586	0.11148	0.08802	0.05343	0.06243	0.05036	0.05901	0.20655	0.13979	0.01527	0.01626	0.01139	0.00643	0.00578	0.00174	0.03103	0.01728	0.00421	0.00805
14	0.00679	0.00492	0.00641	0.00751	0.00800	0.00455	0.00507	0.00787	0.01102	0.01462	0.07079	0.70462	0.09380	0.01678	0.00700	0.00219	0.00315	0.01513	0.00519	0.00455
15	0.03126	0.10837	0.57305	0.01621	0.05669	0.01381	0.07479	0.01759	0.01183	0.03267	0.01001	0.01182	0.00732	0.00518	0.00515	0.00170	0.00780	0.00420	0.00251	0.00802
16	0.05259	0.28742	0.13771	0.08170	0.01847	0.01497	0.06811	0.04903	0.04124	0.11337	0.07403	0.01490	0.01221	0.00590	0.00488	0.00157	0.00611	0.00471	0.00359	0.00746
17	0.01583	0.01293	0.02089	0.05285	0.52814	0.01300	0.05066	0.10263	0.01454	0.11599	0.01222	0.01441	0.00941	0.00538	0.00555	0.00167	0.00645	0.00510	0.00358	0.00878
18	0.00763	0.00568	0.00665	0.00683	0.00812	0.00527	0.00496	0.01005	0.05026	0.01763	0.24505	0.25500	0.26492	0.01327	0.00643	0.00189	0.00293	0.01157	0.07082	0.00502
19	0.03849	0.01285	0.01714	0.01315	0.01722	0.04634	0.13683	0.18126	0.06446	0.21474	0.02826	0.01542	0.01110	0.00635	0.00649	0.00167	0.06811	0.00524	0.00473	0.11015
20	0.01711	0.07419	0.05461	0.21492	0.02227	0.04216	0.04985	0.13810	0.09419	0.21496	0.01470	0.01543	0.01035	0.00615	0.00542	0.00172	0.00630	0.00508	0.00444	0.00805
21	0.00770	0.00564	0.00805	0.00831	0.00904	0.00625	0.00612	0.00923	0.00913	0.01285	0.01829	0.17919	0.01918	0.13204	0.53427	0.00713	0.01133	0.00816	0.00345	0.00466
22	0.02943	0.01109	0.01470	0.01204	0.01531	0.01174	0.10985	0.12744	0.26937	0.10455	0.10348	0.02312	0.04929	0.00841	0.00687	0.03981	0.02021	0.03049	0.00513	0.00768
23	0.01558	0.04889	0.03396	0.11487	0.07791	0.01333	0.18582	0.19416	0.05886	0.10677	0.03184	0.06648	0.01239	0.00667	0.00581	0.00177	0.00657	0.00618	0.00423	0.00791
24	0.00833	0.00631	0.00728	0.00771	0.00875	0.02971	0.00552	0.01023	0.04118	0.03465	0.13102	0.37167	0.15286	0.09009	0.00882	0.00239	0.00372	0.06977	0.00509	0.00491
25	0.01836	0.04467	0.01288	0.00990	0.01347	0.04795	0.00804	0.16700	0.08839	0.31494	0.07634	0.02402	0.13325	0.00816	0.00568	0.00171	0.00482	0.00658	0.00577	0.00808
26	0.01419	0.01234	0.02128	0.22584	0.13321	0.01293	0.22913	0.09820	0.04240	0.08696	0.04430	0.01617	0.01093	0.00583	0.00610	0.00180	0.02143	0.00573	0.00361	0.00762
27	0.03081	0.10603	0.04126	0.19680	0.13275	0.01386	0.06912	0.16659	0.01509	0.10594	0.01275	0.01455	0.02424	0.00576	0.00529	0.00164	0.00642	0.00491	0.00375	0.04244
28	0.05464	0.00909	0.01361	0.01219	0.04536	0.00885	0.13745	0.07159	0.03767	0.06330	0.07279	0.21060	0.08519	0.01056	0.00628	0.00194	0.00500	0.09426	0.02185	0.03779
29	0.01693	0.11923	0.08543	0.01269	0.04014	0.17205	0.02465	0.18949	0.07736	0.07766	0.06238	0.01562	0.02955	0.00643	0.00519	0.00155	0.00650	0.00493	0.00417	0.04806

[dist]
# distance from previous block
# <min> <max>
3	36

[block]
# block no. 1 follows, 43 sequences, length 27
# corresponding to MSA columns:
# 113-139
name=unknown_B
#
# <colnr> <probs for GDERKNQSTAVLIFYWHMCP>
#	G	D	E	R	K	N	Q	S	T	A	V	L	I	F	Y	W	H	M	C	P
0	0.05089	0.16840	0.22771	0.01246	0.01752	0.06397	0.06156	0.10487	0.04109	0.09367	0.04335	0.01418	0.01073	0.00588	0.00496	0.00159	0.00646	0.00460	0.05841	0.00769
1	0.06766	0.03657	0.53077	0.01402	0.03213	0.01198	0.01638	0.01858	0.04312	0.11371	0.01291	0.05587	0.00985	0.00619	0.00527	0.00177	0.00700	0.00493	0.00328	0.00801
2	0.01647	0.01290	0.02010	0.08196	0.06646	0.06450	0.24915	0.10728	0.01489	0.19446	0.01534	0.04764	0.02289	0.03763	0.02104	0.00204	0.00719	0.00618	0.00420	0.00769
3	0.07893	0.05097	0.12539	0.11640	0.04745	0.04195	0.06455	0.05336	0.09249	0.14451	0.01753	0.06705	0.06142	0.00714	0.00547	0.00177	0.00601	0.00601	0.00412	0.00746
4	0.00672	0.00492	0.00633	0.00746	0.00797	0.00452	0.00503	0.00774	0.01085	0.01424	0.03361	0.71134	0.12504	0.01695	0.00701	0.00220	0.00316	0.01525	0.00514	0.00452
5	0.03943	0.01220	0.06839	0.06453	0.01768	0.01123	0.08069	0.15124	0.09204	0.27843	0.04734	0.06538	0.01496	0.00742	0.00576	0.00180	0.00562	0.02242	0.00524	0.00822
6	0.04447	0.06375	0.01448	0.03456	0.08123	0.06446	0.03005	0.08001	0.13232	0.10047	0.08007	0.13988	0.03055	0.00874	0.00667	0.00183	0.06756	0.00717	0.00455	0.00717
7	0.01318	0.26475	0.41484	0.01342	0.01980	0.01564	0.04171	0.04538	0.05710	0.03644	0.01061	0.01187	0.00806	0.00533	0.00480	0.00158	0.00705	0.00405	0.01650	0.00789
8	0.00672	0.00559	0.00589	0.00600	0.00771	0.00476	0.00451	0.00821	0.01268	0.01540	0.09605	0.10217	0.65020	0.01413	0.00662	0.00191	0.00291	0.03862	0.00520	0.00471
9	0.04676	0.07337	0.43860	0.01612	0.02256	0.03459	0.16698	0.01846	0.07424	0.01783	0.01090	0.01278	0.00810	0.00543	0.00573	0.00176	0.03055	0.00466	0.00277	0.00782
10	0.04591	0.07539	0.04555	0.21024	0.04543	0.11433	0.06596	0.13030	0.11720	0.04107	0.01205	0.01393	0.00918	0.00606	0.00591	0.00173	0.04390	0.00482	0.00360	0.00745
11	0.03070	0.00823	0.01012	0.00940	0.01112	0.00868	0.01805	0.08455	0.12011	0.11549	0.02279	0.34078	0.02332	0.11151	0.00975	0.00246	0.05166	0.01001	0.00501	0.00624
12	0.00692	0.00498	0.00661	0.00784	0.00830	0.00466	0.00542	0.00804	0.01086	0.01437	0.03137	0.71220	0.06329	0.01706	0.00710	0.00226	0.00336	0.07568	0.00514	0.00456
13	0.01838	0.01366	0.01778	0.06941	0.06437	0.04575	0.10930	0.30625	0.09634	0.15725	0.01529	0.01655	0.01113	0.00652	0.00572	0.00175	0.00636	0.02469	0.00491	0.00859
14	0.01785	0.01539	0.08493	0.04353	0.03631	0.08380	0.14259	0.18709	0.09014	0.18642	0.01482	0.02501	0.01068	0.00636	0.00603	0.00175	0.02897	0.00543	0.00455	0.00833
15	0.00715	0.00510	0.00682	0.00792	0.00835	0.00492	0.00551	0.00827	0.01051	0.01404	0.02836	0.61509	0.03336	0.07980	0.05985	0.00296	0.00434	0.08831	0.00486	0.00450
16	0.07103	0.08921	0.01848	0.07112	0.06813	0.03463	0.11677	0.18285	0.10245	0.13981	0.01430	0.02765	0.01065	0.00617	0.00535	0.00169	0.00613	0.00526	0.02023	0.00810
17	0.01425	0.45372	0.15560	0.05904	0.04734	0.01848	0.01226	0.08441	0.03390	0.01639	0.00924	0.01084	0.00767	0.00542	0.00511	0.00147	0.05084	0.00374	0.00277	0.00750
18	0.00954	0.00689	0.00793	0.00790	0.00953	0.00693	0.00599	0.04372	0.13011	0.03062	0.12387	0.22234	0.16368	0.01210	0.00619	0.00192	0.00348	0.07793	0.12360	0.00572
19	0.00974	0.00877	0.00880	0.05531	0.03851	0.08743	0.00655	0.01228	0.05407	0.04430	0.12420	0.06148	0.44493	0.01148	0.00621	0.00180	0.00411	0.00959	0.00486	0.00555
20	0.01579	0.42162	0.15780	0.01190	0.01694	0.11156	0.02562	0.10613	0.03670	0.03528	0.00973	0.01076	0.00785	0.00531	0.00444	0.00142	0.00683	0.00371	0.00302	0.00761
21	0.04522	0.03926	0.21050	0.14122	0.05407	0.01331	0.11116	0.10652	0.10601	0.09883	0.01315	0.01456	0.00950	0.00580	0.00548	0.00176	0.00685	0.00504	0.00373	0.00802
22	0.00947	0.00760	0.01155	0.08704	0.07108	0.00781	0.04541	0.01256	0.04330	0.01638	0.02509	0.17376	0.02684	0.01310	0.00705	0.00230	0.00529	0.42413	0.00459	0.00564
23	0.11435	0.02674	0.01324	0.01204	0.05493	0.09216	0.05276	0.09977	0.08014	0.12530	0.04941	0.17900	0.01847	0.00909	0.00573	0.00184	0.00538	0.04788	0.00473	0.00702
24	0.04721	0.05665	0.01535	0.07249	0.01690	0.05442	0.07380	0.10230	0.08691	0.26049	0.08897	0.01954	0.04311	0.00697	0.00552	0.00168	0.00551	0.00584	0.00505	0.03129
25	0.01221	0.01115	0.11061	0.01032	0.02771	0.00895	0.00902	0.06600	0.03270	0.10285	0.13211	0.09170	0.06977	0.01867	0.00693	0.00177	0.06516	0.04882	0.03899	0.13456
26	0.01378	0.01116	0.05659	0.00962	0.01253	0.06230	0.00799	0.14549	0.07848	0.10371	0.29556	0.05600	0.02746	0.00867	0.00577	0.00168	0.00450	0.00726	0.06128	0.03018

[dist]
# distance from previous block
# <min> <max>
4	8

[block]
# block no. 2 follows, 43 sequences, length 24
# corresponding to MSA columns:
# 148-171
name=unknown_C
#
# <colnr> <probs for GDERKNQSTAVLIFYWHMCP>
#	G	D	E	R	K	N	Q	S	T	A	V	L	I	F	Y	W	H	M	C	P
0	0.03831	0.01202	0.01634	0.01278	0.01681	0.01230	0.12768	0.15257	0.20428	0.21802	0.03322	0.01787	0.01325	0.00669	0.00596	0.00174	0.02605	0.01571	0.00519	0.06320
1	0.01515	0.03452	0.02325	0.11011	0.04261	0.01415	0.31729	0.11680	0.03179	0.10734	0.01217	0.01470	0.00905	0.00608	0.00768	0.00187	0.11854	0.00564	0.00360	0.00766
2	0.01634	0.08981	0.13731	0.01594	0.07367	0.05080	0.13921	0.22673	0.08119	0.07409	0.01327	0.01509	0.01003	0.00606	0.00552	0.00170	0.00691	0.02392	0.00404	0.00833
3	0.01789	0.00924	0.06109	0.00963	0.01292	0.00735	0.00817	0.02010	0.01416	0.46266	0.06038	0.20156	0.02164	0.00994	0.00608	0.00190	0.00452	0.05703	0.00601	0.00772
4	0.00879	0.00700	0.01073	0.00953	0.01148	0.00642	0.10979	0.01112	0.01347	0.04370	0.28007	0.17654	0.19150	0.01229	0.00671	0.00196	0.00403	0.08426	0.00519	0.00542
5	0.00734	0.00535	0.00693	0.00736	0.00831	0.00495	0.00534	0.00915	0.01309	0.01781	0.34684	0.35959	0.11115	0.01434	0.00683	0.00202	0.00304	0.06014	0.00555	0.00486
6	0.03828	0.01481	0.08052	0.06467	0.33595	0.01344	0.33512	0.01720	0.01257	0.01791	0.01061	0.01401	0.00833	0.00488	0.00586	0.00176	0.00786	0.00551	0.00275	0.00795
7	0.01046	0.00984	0.01661	0.79205	0.03814	0.01230	0.01538	0.01415	0.01107	0.01415	0.00984	0.01477	0.00738	0.00554	0.00554	0.00185	0.00738	0.00492	0.00246	0.00615
8	0.00904	0.00683	0.01017	0.00950	0.01086	0.00743	0.05660	0.04519	0.01040	0.01484	0.01670	0.07320	0.01621	0.10417	0.48016	0.00648	0.01107	0.04261	0.06338	0.00517
9	0.01091	0.01021	0.01673	0.68745	0.08584	0.01246	0.01504	0.01539	0.06261	0.01503	0.01075	0.01510	0.00813	0.00563	0.00554	0.00183	0.00712	0.00501	0.00270	0.00651
10	0.01255	0.02487	0.61986	0.01457	0.02177	0.01231	0.01790	0.06723	0.01322	0.07356	0.06088	0.01427	0.01064	0.00587	0.00539	0.00174	0.00743	0.00465	0.00313	0.00816
11	0.00782	0.00683	0.00686	0.00693	0.00841	0.05597	0.00506	0.00941	0.01311	0.01637	0.21165	0.20279	0.40180	0.01355	0.00655	0.00189	0.00332	0.01161	0.00521	0.00488
12	0.00948	0.00650	0.00878	0.00878	0.00981	0.00687	0.00653	0.03706	0.01142	0.07570	0.07747	0.39178	0.04608	0.02063	0.18865	0.00370	0.06989	0.01087	0.00464	0.00535
13	0.04881	0.04348	0.00935	0.10917	0.01204	0.00756	0.00623	0.01121	0.01027	0.06584	0.07311	0.07944	0.06891	0.35482	0.07373	0.00387	0.00577	0.00772	0.00384	0.00485
14	0.01449	0.77177	0.02810	0.00945	0.01402	0.02122	0.00936	0.01628	0.01115	0.01302	0.00803	0.00948	0.00742	0.00643	0.03943	0.00154	0.00633	0.00310	0.00240	0.00701
15	0.01006	0.00745	0.00983	0.00889	0.01015	0.00777	0.05231	0.11668	0.01162	0.01585	0.01809	0.15201	0.01918	0.34954	0.16254	0.00468	0.00710	0.00829	0.02294	0.00502
16	0.05682	0.05399	0.05158	0.18085	0.08766	0.13985	0.01179	0.12876	0.10683	0.05416	0.01245	0.01433	0.00957	0.00833	0.05761	0.00216	0.00737	0.00474	0.00368	0.00745
17	0.12170	0.01415	0.05258	0.10128	0.01872	0.06382	0.04795	0.20977	0.18223	0.09060	0.01427	0.01481	0.01042	0.00639	0.00562	0.00176	0.02637	0.00500	0.00451	0.00803
18	0.01321	0.40265	0.31663	0.01318	0.03269	0.01735	0.05137	0.01783	0.05863	0.01574	0.00972	0.01110	0.00778	0.00511	0.00453	0.00149	0.00688	0.00382	0.00259	0.00768
19	0.00812	0.00570	0.00716	0.04346	0.00841	0.00597	0.00471	0.00885	0.00890	0.01211	0.07068	0.03294	0.02070	0.57023	0.16444	0.00559	0.00701	0.00766	0.00344	0.00391
20	0.07392	0.04343	0.08131	0.21113	0.20545	0.16858	0.10531	0.01740	0.01256	0.01643	0.00967	0.01270	0.00765	0.00524	0.00530	0.00168	0.00775	0.00458	0.00271	0.00719
21	0.01164	0.01093	0.01844	0.44455	0.32486	0.01227	0.01561	0.01510	0.01178	0.01585	0.01129	0.01735	0.00947	0.00591	0.00565	0.00181	0.00692	0.05070	0.00274	0.00712
22	0.01848	0.01246	0.01495	0.06527	0.01709	0.06039	0.05915	0.24241	0.08926	0.23103	0.08814	0.01846	0.01522	0.00696	0.00563	0.00170	0.00565	0.00577	0.03371	0.00827
23	0.01488	0.01198	0.03499	0.07616	0.01780	0.04971	0.09082	0.14506	0.06630	0.12054	0.01801	0.06548	0.01607	0.00904	0.00733	0.00200	0.07976	0.16229	0.00455	0.00722

[dist]
# distance from previous block
# <min> <max>
4	23

[block]
# block no. 3 follows, 43 sequences, length 11
# corresponding to MSA columns:
# 198-208
name=unknown_D
#
# <colnr> <probs for GDERKNQSTAVLIFYWHMCP>
#	G	D	E	R	K	N	Q	S	T	A	V	L	I	F	Y	W	H	M	C	P
0	0.01177	0.01830	0.33181	0.29123	0.05503	0.01279	0.04655	0.07024	0.04470	0.01805	0.03963	0.01462	0.00959	0.00575	0.00550	0.00179	0.00736	0.00490	0.00293	0.00746
1	0.01604	0.04270	0.01993	0.05770	0.42390	0.07528	0.01412	0.17572	0.03571	0.04482	0.01136	0.01350	0.00899	0.00566	0.00578	0.00166	0.03031	0.00482	0.00352	0.00849
2	0.01163	0.00983	0.01498	0.34219	0.12187	0.01074	0.03000	0.06202	0.04542	0.04466	0.01626	0.14278	0.03447	0.00793	0.00580	0.00182	0.00595	0.02668	0.00363	0.06135
3	0.01483	0.34264	0.25120	0.01216	0.01752	0.07268	0.01292	0.09831	0.01362	0.04817	0.01105	0.01423	0.00923	0.00596	0.00475	0.00154	0.00682	0.05166	0.00311	0.00760
4	0.01521	0.01006	0.01496	0.37780	0.02561	0.01106	0.03384	0.07858	0.06075	0.22318	0.01596	0.08208	0.01235	0.00707	0.00571	0.00183	0.00607	0.00614	0.00434	0.00737
5	0.01396	0.04049	0.02102	0.01750	0.09260	0.03501	0.28793	0.04936	0.07785	0.09847	0.01623	0.05694	0.01392	0.00971	0.06296	0.00239	0.00757	0.08479	0.00394	0.00738
6	0.01393	0.07519	0.25111	0.16550	0.20880	0.01330	0.03515	0.06109	0.01308	0.09441	0.01131	0.01347	0.00838	0.00542	0.00532	0.00170	0.00703	0.00464	0.00312	0.00805
7	0.00686	0.00487	0.00639	0.00757	0.00787	0.00457	0.00499	0.00774	0.01039	0.01385	0.02943	0.73760	0.03525	0.08338	0.00884	0.00251	0.00339	0.01510	0.00499	0.00440
8	0.00815	0.00573	0.00704	0.00730	0.00793	0.00554	0.00496	0.00899	0.00960	0.01294	0.02151	0.19560	0.02448	0.43704	0.04216	0.00407	0.00509	0.12902	0.00399	0.05883
9	0.20709	0.03214	0.05604	0.07957	0.06254	0.01228	0.05594	0.16059	0.01492	0.18607	0.01329	0.01411	0.00945	0.00589	0.00493	0.00168	0.00558	0.00466	0.06550	0.00776
10	0.29738	0.03092	0.01532	0.13388	0.03378	0.13524	0.08657	0.12086	0.03394	0.03460	0.01040	0.01278	0.00808	0.00571	0.00484	0.00170	0.00655	0.01697	0.00353	0.00692

[dist]
# distance from previous block
# <min> <max>
2	15

[block]
# block no. 4 follows, 43 sequences, length 95
# corresponding to MSA columns:
# 224-318
name=unknown_E
#
# <colnr> <probs for GDERKNQSTAVLIFYWHMCP>
#	G	D	E	R	K	N	Q	S	T	A	V	L	I	F	Y	W	H	M	C	P
0	0.20002	0.05856	0.01361	0.01099	0.04949	0.01307	0.00851	0.26074	0.06774	0.10743	0.03980	0.02489	0.04790	0.00712	0.00551	0.02790	0.00501	0.00511	0.00471	0.04189
1	0.15873	0.19854	0.15748	0.01174	0.02812	0.09863	0.04476	0.01763	0.05559	0.04364	0.10510	0.01506	0.01344	0.00618	0.00506	0.00160	0.02362	0.00465	0.00344	0.00700
2	0.05047	0.53680	0.06016	0.04339	0.01597	0.08032	0.01015	0.07866	0.01280	0.01591	0.00854	0.00985	0.00732	0.00502	0.00402	0.00130	0.00627	0.00333	0.00277	0.04695
3	0.01537	0.10563	0.10004	0.01073	0.02754	0.02329	0.00956	0.13267	0.01478	0.15685	0.05319	0.01970	0.01388	0.04888	0.00638	0.00171	0.00540	0.06224	0.00435	0.18781
4	0.05474	0.08536	0.39647	0.01373	0.01941	0.01324	0.03813	0.01873	0.01198	0.16914	0.01171	0.01293	0.00840	0.00612	0.00691	0.00179	0.11554	0.00442	0.00333	0.00792
5	0.01177	0.00859	0.04333	0.01094	0.01325	0.00784	0.04814	0.01566	0.08616	0.12557	0.02593	0.12120	0.02599	0.01255	0.00694	0.00226	0.00514	0.41728	0.00517	0.00627
6	0.01435	0.38281	0.19694	0.01417	0.05456	0.06590	0.09559	0.05361	0.04433	0.01635	0.00969	0.01121	0.00784	0.00513	0.00464	0.00148	0.00705	0.00399	0.00275	0.00761
7	0.05646	0.01248	0.01708	0.01334	0.01672	0.03136	0.12408	0.17396	0.01502	0.17644	0.01343	0.04734	0.01049	0.00719	0.00834	0.00182	0.18208	0.00549	0.00431	0.08258
8	0.00691	0.00494	0.00640	0.00743	0.00784	0.00462	0.00494	0.00788	0.01069	0.01424	0.06561	0.66245	0.06689	0.09025	0.00899	0.00250	0.00337	0.01458	0.00502	0.00443
9	0.00715	0.00531	0.00707	0.00812	0.00856	0.00523	0.00570	0.00826	0.01074	0.01431	0.03041	0.68008	0.06586	0.01670	0.00762	0.00226	0.04116	0.06582	0.00501	0.00462
10	0.01282	0.02611	0.01757	0.50908	0.15579	0.12672	0.01464	0.02733	0.02865	0.01521	0.01004	0.01389	0.00781	0.00551	0.00542	0.00174	0.00753	0.00472	0.00268	0.00675
11	0.01111	0.02865	0.77667	0.01579	0.02397	0.01286	0.02046	0.01754	0.01169	0.01754	0.00994	0.01169	0.00702	0.00526	0.00526	0.00175	0.00818	0.00409	0.00234	0.00818
12	0.01106	0.01052	0.01814	0.69266	0.03656	0.01263	0.08522	0.03932	0.01177	0.01519	0.01009	0.01473	0.00755	0.00549	0.00563	0.00184	0.00753	0.00508	0.00260	0.00639
13	0.16430	0.04871	0.01639	0.17195	0.12402	0.18684	0.03627	0.08098	0.05005	0.05485	0.01069	0.01263	0.00823	0.00561	0.00499	0.00165	0.00693	0.00435	0.00339	0.00719
14	0.01861	0.01023	0.01325	0.01096	0.01390	0.01081	0.00903	0.12127	0.04584	0.37088	0.03299	0.04024	0.02934	0.00969	0.03424	0.00217	0.14763	0.06545	0.00546	0.00800
15	0.00807	0.00588	0.00686	0.00693	0.00843	0.00533	0.00507	0.01030	0.04855	0.05260	0.18464	0.25440	0.35507	0.01377	0.00660	0.00194	0.00305	0.01193	0.00543	0.00515
16	0.14495	0.31284	0.03754	0.04875	0.01662	0.13832	0.05888	0.05013	0.04801	0.01690	0.00914	0.01085	0.00762	0.00563	0.00551	0.00155	0.07308	0.00382	0.00294	0.00692
17	0.06051	0.01903	0.01539	0.01277	0.01648	0.33092	0.01010	0.33037	0.01978	0.11399	0.01210	0.01239	0.00883	0.00621	0.00522	0.00157	0.00744	0.00438	0.00449	0.00802
18	0.02144	0.01427	0.01577	0.01216	0.01651	0.01541	0.01002	0.59207	0.05438	0.16760	0.01522	0.01460	0.01050	0.00672	0.00555	0.00168	0.00578	0.00514	0.00578	0.00939
19	0.01028	0.00836	0.01169	0.22756	0.01867	0.00924	0.02537	0.10017	0.06453	0.01745	0.02193	0.31870	0.04602	0.01248	0.03469	0.00228	0.00546	0.05482	0.00434	0.00596
20	0.01566	0.01367	0.01772	0.17340	0.08813	0.06574	0.08599	0.26161	0.08854	0.03483	0.01352	0.04697	0.01083	0.00679	0.00624	0.00179	0.04005	0.01659	0.00409	0.00783
21	0.20308	0.00971	0.01075	0.00967	0.01260	0.01019	0.00809	0.17360	0.01534	0.14085	0.03337	0.04207	0.06355	0.00971	0.00582	0.00198	0.00486	0.23277	0.00511	0.00687
22	0.01981	0.00997	0.01238	0.00996	0.01359	0.00969	0.00806	0.12048	0.12913	0.43666	0.14696	0.02220	0.02014	0.00768	0.00574	0.00174	0.00449	0.00635	0.00637	0.00862
23	0.13591	0.07760	0.01516	0.04973	0.01613	0.15709	0.00964	0.21345	0.08030	0.11172	0.01316	0.01483	0.01011	0.00659	0.00558	0.00168	0.03824	0.03103	0.00436	0.00769
24	0.07449	0.20705	0.07662	0.04866	0.01707	0.10152	0.02807	0.21925	0.05009	0.07481	0.01334	0.01392	0.03989	0.00613	0.00490	0.00157	0.00635	0.00454	0.00395	0.00777
25	0.00919	0.00721	0.00814	0.00751	0.00941	0.00712	0.00569	0.06170	0.12527	0.02034	0.34534	0.03999	0.27055	0.04900	0.00737	0.00197	0.00330	0.00956	0.00556	0.00576
26	0.00662	0.00532	0.00591	0.00639	0.00769	0.00461	0.00456	0.00786	0.01187	0.01465	0.04659	0.33175	0.49626	0.01526	0.00674	0.00201	0.00296	0.01320	0.00514	0.00461
27	0.17475	0.10080	0.25598	0.01264	0.01763	0.23739	0.01263	0.05943	0.01337	0.05428	0.00964	0.01083	0.00732	0.00547	0.00469	0.00159	0.00746	0.00374	0.00309	0.00727
28	0.01226	0.01359	0.02899	0.02097	0.02596	0.01272	0.64397	0.01657	0.01326	0.01800	0.08317	0.03256	0.03784	0.00582	0.00655	0.00186	0.00839	0.00719	0.00322	0.00712
29	0.06382	0.00949	0.01263	0.00973	0.01397	0.00834	0.00804	0.02648	0.01555	0.73900	0.02118	0.01838	0.01334	0.00677	0.00547	0.00171	0.00469	0.00545	0.00669	0.00926
30	0.03526	0.04501	0.01366	0.01120	0.01385	0.05057	0.05400	0.12109	0.03476	0.14427	0.07190	0.07472	0.04127	0.02876	0.00767	0.00205	0.06965	0.16861	0.00486	0.00685
31	0.04752	0.04524	0.38819	0.01278	0.01897	0.01144	0.01425	0.05149	0.01385	0.32045	0.01467	0.01442	0.00975	0.00593	0.00527	0.00171	0.00650	0.00464	0.00431	0.00862
32	0.01336	0.00848	0.00981	0.00856	0.01128	0.00837	0.00671	0.05330	0.19676	0.18974	0.18373	0.03329	0.23382	0.00993	0.00605	0.00180	0.00373	0.00833	0.00586	0.00707
33	0.01159	0.01108	0.01850	0.36901	0.26608	0.01265	0.04979	0.01469	0.01126	0.01534	0.01132	0.01614	0.02740	0.04486	0.00811	0.00202	0.09531	0.00531	0.00267	0.00687
34	0.08298	0.06403	0.17350	0.01355	0.01831	0.21195	0.04730	0.24562	0.03538	0.04036	0.01097	0.01193	0.00818	0.00583	0.00512	0.00161	0.00745	0.00429	0.00375	0.00789
35	0.04394	0.21685	0.11711	0.01142	0.01596	0.10218	0.01071	0.15068	0.01560	0.18844	0.02991	0.01565	0.01112	0.00639	0.00500	0.00158	0.00628	0.03902	0.00423	0.00793
36	0.00674	0.00485	0.00640	0.00764	0.00801	0.00450	0.00511	0.00772	0.01067	0.01416	0.03136	0.77732	0.06051	0.01724	0.00705	0.00224	0.00320	0.01561	0.00514	0.00450
37	0.03211	0.03406	0.13830	0.26382	0.05869	0.01016	0.01220	0.01547	0.01179	0.13548	0.01628	0.16850	0.01484	0.02783	0.02350	0.00211	0.00621	0.01818	0.00376	0.00672
38	0.01855	0.01777	0.07121	0.01298	0.01660	0.24709	0.03546	0.20614	0.05198	0.13046	0.03213	0.01540	0.02857	0.02365	0.00687	0.00176	0.06631	0.00502	0.00432	0.00773
39	0.01307	0.01494	0.03268	0.02334	0.02894	0.01401	0.75070	0.01774	0.01307	0.01774	0.01120	0.01494	0.00840	0.00467	0.00654	0.00187	0.00934	0.00654	0.00280	0.00747
40	0.18822	0.01003	0.01481	0.62479	0.03230	0.01233	0.01338	0.01460	0.01072	0.01643	0.00939	0.01354	0.00709	0.00545	0.00509	0.00182	0.00672	0.00451	0.00267	0.00612
41	0.01562	0.01341	0.13491	0.20262	0.02172	0.04304	0.03906	0.04792	0.03227	0.24139	0.05814	0.01962	0.01357	0.02428	0.00657	0.00189	0.03105	0.04107	0.00433	0.00753
42	0.04853	0.01331	0.01767	0.12943	0.02104	0.05113	0.14286	0.21269	0.17074	0.07951	0.01458	0.01577	0.01074	0.00765	0.03758	0.00206	0.00689	0.00545	0.00439	0.00799
43	0.00722	0.00506	0.00648	0.00744	0.00774	0.00484	0.00492	0.00803	0.01009	0.01343	0.02712	0.56087	0.03214	0.21771	0.01248	0.00306	0.00388	0.05857	0.00468	0.00425
44	0.16427	0.06716	0.15564	0.10338	0.01875	0.01301	0.04750	0.06117	0.15293	0.02005	0.01455	0.02014	0.01229	0.00715	0.00556	0.00186	0.02116	0.10250	0.00376	0.00717
45	0.43202	0.01172	0.01206	0.13168	0.03696	0.02914	0.00892	0.14883	0.02587	0.09978	0.01079	0.01199	0.00788	0.00569	0.00447	0.00172	0.00532	0.00403	0.00400	0.00711
46	0.05845	0.01271	0.01405	0.01119	0.01505	0.01368	0.00911	0.41333	0.12603	0.16150	0.09177	0.01793	0.01538	0.00721	0.00556	0.00171	0.00517	0.00568	0.00574	0.00874
47	0.11446	0.01389	0.04927	0.15293	0.05651	0.08101	0.09588	0.07428	0.07982	0.01848	0.01125	0.01510	0.00925	0.00684	0.00802	0.00192	0.16944	0.03141	0.00327	0.00695
48	0.34520	0.08663	0.01288	0.00960	0.01309	0.05036	0.00786	0.18434	0.08055	0.06743	0.01319	0.08292	0.01109	0.00688	0.00464	0.00170	0.00506	0.00506	0.00433	0.00720
49	0.08963	0.01178	0.01663	0.14211	0.31595	0.01282	0.01271	0.05431	0.19578	0.03641	0.01430	0.04935	0.01163	0.00634	0.00541	0.00177	0.00575	0.00556	0.00379	0.00797
50	0.05317	0.00627	0.00767	0.00757	0.00911	0.00594	0.00575	0.02851	0.01377	0.06701	0.33092	0.21125	0.14211	0.01269	0.00651	0.00194	0.00330	0.07560	0.00555	0.00538
51	0.20877	0.01142	0.01267	0.04846	0.01494	0.05006	0.04363	0.11768	0.11559	0.16593	0.04796	0.09624	0.01476	0.00761	0.00550	0.00180	0.01862	0.00612	0.00483	0.00740
52	0.15763	0.04714	0.01509	0.02920	0.01606	0.06731	0.06058	0.19277	0.24598	0.07255	0.01531	0.01600	0.01154	0.00655	0.00521	0.00174	0.00567	0.02094	0.00471	0.00803
53	0.00722	0.00540	0.00679	0.00749	0.00850	0.00496	0.00555	0.00881	0.01223	0.01598	0.15043	0.38097	0.21612	0.01527	0.00695	0.00213	0.00333	0.13182	0.00528	0.00475
54	0.18196	0.01067	0.01250	0.02727	0.01421	0.01116	0.04704	0.14242	0.12514	0.20059	0.07849	0.03889	0.07113	0.00757	0.00538	0.00177	0.00477	0.00615	0.00523	0.00767
55	0.13042	0.05409	0.01546	0.04493	0.01668	0.16611	0.00992	0.35201	0.06900	0.05767	0.01208	0.01263	0.00896	0.00624	0.00528	0.00164	0.01996	0.00445	0.00446	0.00802
56	0.01850	0.01730	0.01666	0.16310	0.07761	0.24399	0.01191	0.31450	0.01876	0.04820	0.01130	0.01281	0.00845	0.00603	0.00537	0.00163	0.00749	0.00457	0.00399	0.00785
57	0.00800	0.00587	0.00678	0.00685	0.00771	0.00572	0.00464	0.00994	0.06068	0.01480	0.14152	0.13350	0.16917	0.34814	0.01575	0.00341	0.00412	0.04435	0.00456	0.00447
58	0.03434	0.01004	0.01217	0.00906	0.01363	0.00834	0.02023	0.03649	0.05532	0.17768	0.02973	0.01425	0.01080	0.00513	0.00461	0.00115	0.00436	0.00417	0.00428	0.54421
59	0.57517	0.01153	0.01003	0.00864	0.01211	0.02951	0.00702	0.13595	0.04451	0.06530	0.01109	0.04836	0.00890	0.00617	0.00418	0.00173	0.00468	0.00421	0.00411	0.00679
60	0.00762	0.00572	0.00630	0.00622	0.00797	0.00490	0.00463	0.00919	0.01302	0.05200	0.15550	0.12344	0.55665	0.01362	0.00655	0.00188	0.00291	0.01155	0.00536	0.00496
61	0.04744	0.10018	0.04902	0.01359	0.01692	0.62797	0.01083	0.04409	0.01522	0.01472	0.00866	0.01003	0.00716	0.00561	0.00483	0.00143	0.00921	0.00356	0.00289	0.00664
62	0.11681	0.05079	0.05179	0.12153	0.01867	0.02896	0.04667	0.11957	0.18779	0.03381	0.03757	0.01525	0.01128	0.00686	0.00721	0.00185	0.12712	0.00509	0.00394	0.00741
63	0.00686	0.00514	0.00638	0.00709	0.00794	0.00465	0.00493	0.00818	0.01186	0.01556	0.14840	0.50636	0.21521	0.01564	0.00686	0.00208	0.00302	0.01390	0.00529	0.00465
64	0.00744	0.00563	0.00688	0.00670	0.00813	0.00507	0.00504	0.00962	0.01445	0.01953	0.50164	0.08161	0.26077	0.01252	0.00660	0.00183	0.00277	0.03301	0.00574	0.00503
65	0.01373	0.30492	0.32454	0.01382	0.05067	0.05211	0.04936	0.01760	0.01226	0.05933	0.04587	0.01267	0.00973	0.00543	0.00478	0.00153	0.00698	0.00418	0.00285	0.00764
66	0.05605	0.01375	0.03550	0.10438	0.13425	0.05482	0.31966	0.03465	0.01352	0.15937	0.01264	0.01482	0.00915	0.00534	0.00581	0.00177	0.00756	0.00554	0.00360	0.00781
67	0.00680	0.00564	0.00599	0.00616	0.00789	0.00483	0.00470	0.00832	0.01262	0.01525	0.07068	0.08941	0.64901	0.01423	0.00667	0.00195	0.00303	0.07693	0.00516	0.00472
68	0.04034	0.01126	0.01950	0.49529	0.10231	0.01266	0.14272	0.04265	0.01228	0.05236	0.01076	0.01464	0.00802	0.00542	0.00564	0.00181	0.00737	0.00517	0.00290	0.00690
69	0.01230	0.08347	0.02016	0.48666	0.12373	0.05024	0.09498	0.03519	0.01212	0.01545	0.00990	0.01386	0.00768	0.00533	0.00544	0.00174	0.00746	0.00486	0.00263	0.00680
70	0.01270	0.01212	0.02053	0.21674	0.56940	0.01269	0.01620	0.01602	0.01224	0.01704	0.01171	0.01521	0.03226	0.00537	0.00553	0.00170	0.00666	0.00514	0.00275	0.00801
71	0.01275	0.01229	0.02123	0.25048	0.52968	0.01295	0.04765	0.01621	0.01219	0.01695	0.01029	0.01406	0.00836	0.00510	0.00554	0.00171	0.00693	0.00500	0.00266	0.00797
72	0.04070	0.01110	0.01325	0.01183	0.01457	0.06636	0.07190	0.11914	0.16222	0.06047	0.03453	0.06494	0.01995	0.01146	0.04343	0.00236	0.00610	0.23387	0.00486	0.00694
73	0.01095	0.01034	0.01749	0.67837	0.14802	0.01243	0.01562	0.01458	0.01130	0.01474	0.00993	0.01461	0.00759	0.00545	0.00553	0.00182	0.00726	0.00492	0.00250	0.00655
74	0.01675	0.38560	0.09434	0.01222	0.01634	0.33118	0.01112	0.01881	0.01300	0.01368	0.00825	0.00972	0.00712	0.00537	0.00485	0.00138	0.03743	0.00339	0.00257	0.00689
75	0.01903	0.17373	0.01827	0.05450	0.01768	0.59814	0.01072	0.02065	0.01461	0.01349	0.00847	0.01003	0.00714	0.00551	0.00475	0.00140	0.00908	0.00352	0.00274	0.00654
76	0.01225	0.00855	0.01079	0.01131	0.07680	0.00870	0.00811	0.01795	0.21629	0.11951	0.09810	0.07526	0.12713	0.01086	0.00686	0.03250	0.00432	0.14260	0.00528	0.00681
77	0.00676	0.00557	0.00594	0.00596	0.00764	0.00475	0.00443	0.00832	0.01296	0.01603	0.16453	0.10124	0.60905	0.01383	0.00658	0.00188	0.00280	0.01170	0.00529	0.00475
78	0.00714	0.00536	0.00659	0.00693	0.00801	0.00485	0.00498	0.00878	0.01281	0.01701	0.28098	0.31691	0.23506	0.03167	0.00723	0.00206	0.00300	0.03044	0.00542	0.00478
79	0.26851	0.00991	0.01138	0.00907	0.01304	0.00962	0.00747	0.04696	0.01418	0.50677	0.01827	0.01665	0.03142	0.00653	0.00496	0.00172	0.00458	0.00495	0.00574	0.00828
80	0.19120	0.00726	0.00802	0.00785	0.00966	0.00744	0.00586	0.01352	0.07297	0.07804	0.21097	0.30063	0.04292	0.01151	0.00590	0.00193	0.00350	0.00990	0.00518	0.00574
81	0.00978	0.00721	0.00874	0.00815	0.00992	0.00730	0.00616	0.01534	0.19179	0.04926	0.50654	0.09502	0.04126	0.01073	0.00633	0.00181	0.00316	0.00941	0.00594	0.00616
82	0.00716	0.00583	0.00638	0.00637	0.00808	0.00515	0.00483	0.00929	0.03662	0.01671	0.19324	0.07558	0.54007	0.01347	0.00659	0.00189	0.00295	0.04950	0.00534	0.00493
83	0.13773	0.00960	0.01220	0.00950	0.01367	0.00873	0.00784	0.02552	0.01497	0.67138	0.01990	0.01749	0.01265	0.00662	0.00527	0.00171	0.00465	0.00522	0.00638	0.00895
84	0.28498	0.00901	0.00897	0.00777	0.01048	0.00959	0.00613	0.11722	0.01335	0.12719	0.04666	0.04388	0.01360	0.06537	0.00620	0.00189	0.00414	0.00526	0.21185	0.00646
85	0.04110	0.00623	0.00573	0.00567	0.00708	0.03736	0.00426	0.01328	0.01168	0.02036	0.01759	0.03829	0.01414	0.00663	0.00398	0.00133	0.00296	0.00527	0.75182	0.00523
86	0.00872	0.00633	0.00728	0.00698	0.00872	0.00581	0.00526	0.04174	0.03192	0.05405	0.23801	0.10961	0.36977	0.04532	0.00740	0.00202	0.00325	0.03706	0.00543	0.00530
87	0.02910	0.00697	0.00771	0.00733	0.00869	0.00732	0.00539	0.11281	0.01277	0.01937	0.02116	0.19217	0.05456	0.11864	0.00883	0.00219	0.03619	0.00808	0.33533	0.00539
88	0.00799	0.00536	0.00611	0.00615	0.00622	0.00533	0.00351	0.00814	0.00847	0.01135	0.04882	0.06884	0.02215	0.73941	0.02641	0.00509	0.00516	0.00846	0.00354	0.00348
89	0.01226	0.04270	0.01142	0.00992	0.01250	0.01149	0.00773	0.05238	0.46669	0.02104	0.02474	0.13109	0.06783	0.00935	0.00575	0.00187	0.00415	0.03418	0.06544	0.00748
90	0.00755	0.00550	0.00684	0.00761	0.00833	0.00522	0.00527	0.03859	0.01146	0.01505	0.04449	0.55533	0.12864	0.08670	0.00885	0.00246	0.00355	0.04889	0.00501	0.00466
91	0.00972	0.00511	0.00762	0.00752	0.00752	0.00531	0.00511	0.00747	0.00727	0.00977	0.00952	0.01664	0.00952	0.01885	0.02150	0.80451	0.03727	0.00481	0.00241	0.00256
92	0.01138	0.00642	0.00918	0.00860	0.00984	0.00678	0.00650	0.04181	0.00998	0.11756	0.01392	0.01930	0.01218	0.02757	0.37940	0.29626	0.00960	0.00545	0.00341	0.00486
93	0.00978	0.00790	0.04170	0.04184	0.05154	0.00712	0.00757	0.01336	0.08159	0.06737	0.28904	0.18333	0.10175	0.01155	0.00642	0.00192	0.00386	0.06113	0.00528	0.00597
94	0.05226	0.00613	0.00732	0.00782	0.03892	0.00598	0.00502	0.02110	0.01137	0.01592	0.19550	0.17265	0.12232	0.29730	0.01419	0.00314	0.00404	0.00988	0.00454	0.00461

[dist]
# distance from previous block
# <min> <max>
0	357

# created by:
# /home/berkeley/.conda/envs/busco_data_prod/bin/msa2prfl.pl pipeline/OGs_align_augustus/33634/169475.fs
