[name]
unknown

[dist]
# distance from previous block
# <min> <max>
67	331

[block]
# block no. 0 follows, 48 sequences, length 16
# corresponding to MSA columns:
# 554-569
name=unknown_A
#
# <colnr> <probs for GDERKNQSTAVLIFYWHMCP>
#	G	D	E	R	K	N	Q	S	T	A	V	L	I	F	Y	W	H	M	C	P
0	0.01191	0.03405	0.11479	0.05807	0.03665	0.03010	0.11880	0.11916	0.07509	0.04036	0.01500	0.18104	0.01392	0.00786	0.01488	0.00170	0.01520	0.00666	0.00369	0.10109
1	0.01276	0.02758	0.14472	0.18304	0.10269	0.01031	0.02094	0.03376	0.07313	0.13963	0.04415	0.03669	0.01116	0.00575	0.00511	0.00153	0.01546	0.00487	0.00355	0.12315
2	0.00976	0.03495	0.11835	0.09371	0.04045	0.04074	0.00918	0.05662	0.01117	0.01523	0.04423	0.11692	0.04652	0.05308	0.15443	0.00302	0.00683	0.04803	0.02238	0.07441
3	0.06108	0.06951	0.12253	0.21741	0.07563	0.03064	0.02513	0.05359	0.01134	0.03888	0.01462	0.08873	0.07321	0.00702	0.00556	0.02393	0.01856	0.00558	0.00309	0.05398
4	0.09064	0.12350	0.11650	0.14683	0.01908	0.03541	0.05838	0.10194	0.15119	0.05680	0.01167	0.01290	0.00879	0.00558	0.00522	0.00160	0.03914	0.00437	0.00342	0.00706
5	0.00889	0.00659	0.00841	0.06185	0.01106	0.00628	0.00616	0.07895	0.01143	0.03594	0.02204	0.52987	0.02474	0.01208	0.00582	0.00177	0.00366	0.01078	0.00438	0.14931
6	0.05311	0.00889	0.09492	0.16799	0.01559	0.00812	0.00895	0.01156	0.00980	0.05153	0.07649	0.06079	0.03182	0.05498	0.24910	0.05191	0.03021	0.00587	0.00315	0.00520
7	0.01514	0.21867	0.13871	0.08580	0.01841	0.04029	0.10455	0.07914	0.01289	0.19212	0.01218	0.03951	0.00923	0.00554	0.00478	0.00150	0.00613	0.00460	0.00353	0.00726
8	0.01008	0.08301	0.03965	0.22041	0.14018	0.00942	0.01006	0.01241	0.01089	0.05456	0.06021	0.19108	0.04062	0.04787	0.00645	0.00188	0.00509	0.04685	0.00349	0.00579
9	0.01214	0.01432	0.09869	0.01889	0.02380	0.01243	0.56654	0.08475	0.01290	0.01760	0.01191	0.07890	0.00988	0.00550	0.00590	0.00173	0.00781	0.00641	0.00296	0.00692
10	0.00734	0.02684	0.04904	0.00821	0.00969	0.00578	0.04906	0.00915	0.01125	0.01500	0.16051	0.38713	0.13417	0.02388	0.00652	0.00195	0.00364	0.08151	0.00457	0.00474
11	0.01316	0.03518	0.11705	0.19900	0.01932	0.01067	0.04505	0.12638	0.01236	0.12797	0.01172	0.03599	0.00920	0.00884	0.03080	0.13772	0.04510	0.00485	0.00336	0.00628
12	0.00756	0.00606	0.00701	0.04954	0.00910	0.04361	0.00525	0.00881	0.02899	0.01252	0.02382	0.44508	0.06856	0.20525	0.05215	0.00300	0.00452	0.01092	0.00405	0.00422
13	0.07933	0.02359	0.65730	0.01334	0.02028	0.01142	0.01668	0.01585	0.01064	0.01685	0.00903	0.01061	0.00652	0.00477	0.00464	0.00154	0.00694	0.00364	0.00233	0.08469
14	0.08793	0.05579	0.19446	0.11436	0.01745	0.01024	0.10830	0.01489	0.05416	0.01730	0.01296	0.01505	0.02977	0.00544	0.00451	0.00151	0.00539	0.00462	0.23968	0.00617
15	0.06646	0.01499	0.19878	0.01257	0.01686	0.04345	0.11942	0.15417	0.07628	0.09873	0.01426	0.10915	0.01189	0.00776	0.03023	0.00188	0.00625	0.00583	0.00386	0.00716

[dist]
# distance from previous block
# <min> <max>
0	12

[block]
# block no. 1 follows, 48 sequences, length 10
# corresponding to MSA columns:
# 582-591
name=unknown_B
#
# <colnr> <probs for GDERKNQSTAVLIFYWHMCP>
#	G	D	E	R	K	N	Q	S	T	A	V	L	I	F	Y	W	H	M	C	P
0	0.08146	0.16041	0.25747	0.06010	0.01752	0.01265	0.05217	0.01655	0.03373	0.12300	0.01168	0.03976	0.00941	0.00606	0.00566	0.00163	0.06912	0.03157	0.00314	0.00689
1	0.01315	0.08738	0.12684	0.14140	0.33906	0.06232	0.01386	0.01712	0.06340	0.07132	0.01069	0.01274	0.00830	0.00502	0.00488	0.00153	0.00630	0.00434	0.00288	0.00745
2	0.00990	0.06806	0.05536	0.05640	0.06171	0.07478	0.00886	0.01191	0.00946	0.01285	0.01184	0.03858	0.01103	0.05569	0.36490	0.00475	0.10010	0.00511	0.03336	0.00534
3	0.04211	0.01314	0.10102	0.08266	0.05594	0.06634	0.16740	0.08741	0.04136	0.09095	0.01382	0.11538	0.01197	0.00664	0.00532	0.00163	0.00613	0.01979	0.00358	0.06739
4	0.01639	0.06501	0.12161	0.03517	0.12459	0.08885	0.01123	0.19107	0.03086	0.18313	0.01347	0.03767	0.02166	0.00608	0.00534	0.00156	0.02983	0.00479	0.00402	0.00769
5	0.07288	0.01008	0.05974	0.00952	0.01231	0.00969	0.00817	0.16499	0.14966	0.07307	0.10414	0.07321	0.06022	0.00917	0.00562	0.00181	0.00443	0.15986	0.00483	0.00659
6	0.01037	0.06785	0.05579	0.02493	0.03802	0.02568	0.06398	0.02793	0.12974	0.03944	0.09121	0.15780	0.09294	0.00973	0.00694	0.03263	0.05964	0.05544	0.00406	0.00590
7	0.01297	0.11814	0.27317	0.03839	0.06171	0.08489	0.12570	0.07891	0.03322	0.04464	0.01143	0.04465	0.00942	0.00577	0.00504	0.00159	0.00687	0.03343	0.00298	0.00709
8	0.06699	0.09496	0.08267	0.02792	0.14391	0.08074	0.01074	0.22367	0.05241	0.11906	0.01234	0.04092	0.00955	0.00585	0.00481	0.00152	0.00577	0.00461	0.00392	0.00764
9	0.07229	0.00697	0.00860	0.00782	0.00984	0.00678	0.00612	0.05583	0.04092	0.18292	0.32680	0.14343	0.03080	0.00994	0.00573	0.00174	0.00345	0.06871	0.00537	0.00594

[dist]
# distance from previous block
# <min> <max>
0	1

[block]
# block no. 2 follows, 48 sequences, length 37
# corresponding to MSA columns:
# 593-629
name=unknown_C
#
# <colnr> <probs for GDERKNQSTAVLIFYWHMCP>
#	G	D	E	R	K	N	Q	S	T	A	V	L	I	F	Y	W	H	M	C	P
0	0.02779	0.07976	0.04289	0.29041	0.06813	0.05864	0.01043	0.02729	0.01170	0.07890	0.10918	0.06777	0.01594	0.04168	0.00610	0.00179	0.00559	0.04659	0.00345	0.00595
1	0.01440	0.08566	0.08240	0.06076	0.12652	0.03483	0.12282	0.19192	0.05824	0.08108	0.01310	0.06906	0.01077	0.00620	0.00520	0.00160	0.00608	0.01821	0.00372	0.00742
2	0.05971	0.00679	0.00925	0.22323	0.01581	0.00726	0.00772	0.01155	0.04342	0.06805	0.04670	0.31140	0.12212	0.01074	0.00575	0.00185	0.00422	0.03506	0.00415	0.00521
3	0.41793	0.01293	0.03554	0.03660	0.09872	0.07467	0.09257	0.14069	0.01253	0.02184	0.00881	0.01038	0.00675	0.00498	0.00424	0.00157	0.00560	0.00376	0.00327	0.00660
4	0.01195	0.20128	0.01889	0.22613	0.22330	0.01310	0.04013	0.01546	0.06400	0.04188	0.04266	0.04007	0.01105	0.00572	0.00485	0.00154	0.00576	0.02249	0.00296	0.00676
5	0.23363	0.01010	0.04218	0.00910	0.01206	0.01031	0.00764	0.13460	0.07344	0.16993	0.01441	0.04437	0.01172	0.03890	0.10540	0.00262	0.03070	0.03798	0.00426	0.00666
6	0.05228	0.03995	0.06633	0.01020	0.01387	0.01176	0.00875	0.18805	0.25991	0.20403	0.07669	0.01732	0.01461	0.00659	0.00507	0.00161	0.00464	0.00529	0.00510	0.00794
7	0.01469	0.07412	0.22607	0.04571	0.03181	0.04988	0.08006	0.24229	0.03889	0.07123	0.01125	0.01254	0.00830	0.00691	0.03918	0.00186	0.02969	0.00443	0.00352	0.00756
8	0.00861	0.06269	0.00900	0.00804	0.00956	0.00759	0.00615	0.01313	0.19374	0.01598	0.09159	0.34417	0.10388	0.01211	0.00598	0.00189	0.00352	0.09221	0.00477	0.00541
9	0.10582	0.01484	0.04576	0.07631	0.14033	0.21186	0.01048	0.11611	0.01338	0.01792	0.01030	0.01410	0.00875	0.00571	0.00502	0.00148	0.02597	0.05539	0.00315	0.11733
10	0.05689	0.01109	0.06527	0.00995	0.03474	0.03285	0.00819	0.12761	0.06499	0.21988	0.08324	0.06155	0.01456	0.00650	0.00490	0.00144	0.00456	0.00531	0.00460	0.18190
11	0.01417	0.00695	0.00903	0.00790	0.01031	0.00629	0.00619	0.01663	0.05131	0.35520	0.18931	0.15147	0.10817	0.00978	0.00574	0.00172	0.00354	0.03411	0.00567	0.00654
12	0.01190	0.01399	0.10350	0.06485	0.30091	0.01239	0.31042	0.01565	0.01146	0.01617	0.00970	0.01285	0.00767	0.00472	0.00597	0.00163	0.04704	0.00501	0.00251	0.04167
13	0.06732	0.07782	0.04714	0.29685	0.12374	0.03523	0.01184	0.13388	0.01319	0.08044	0.02579	0.01484	0.00935	0.00569	0.00492	0.00160	0.00599	0.03422	0.00331	0.00683
14	0.00853	0.06452	0.07120	0.01039	0.01223	0.00851	0.09776	0.01053	0.00992	0.01365	0.04192	0.33949	0.02072	0.01620	0.15163	0.00307	0.08508	0.02593	0.00355	0.00517
15	0.00766	0.00535	0.00634	0.00640	0.00780	0.00479	0.00476	0.00910	0.01158	0.06795	0.13403	0.19328	0.38294	0.04962	0.03935	0.00222	0.00345	0.05391	0.00483	0.00465
16	0.01139	0.00844	0.01005	0.17169	0.01513	0.07744	0.00774	0.01407	0.06207	0.13886	0.11850	0.24858	0.04035	0.04418	0.00654	0.00189	0.00462	0.00837	0.00439	0.00567
17	0.03127	0.01310	0.07199	0.07895	0.29654	0.05584	0.08085	0.05680	0.05395	0.16951	0.01224	0.01369	0.00905	0.00533	0.00544	0.00160	0.02788	0.00473	0.00354	0.00771
18	0.00891	0.00446	0.00668	0.00668	0.00668	0.00446	0.00446	0.00668	0.00668	0.00891	0.00891	0.01560	0.00891	0.01783	0.02005	0.85071	0.00446	0.00446	0.00223	0.00223
19	0.04383	0.09640	0.00957	0.00765	0.00900	0.00773	0.00600	0.01069	0.03255	0.02837	0.05571	0.04740	0.04089	0.22727	0.21891	0.00431	0.00697	0.13855	0.00354	0.00467
20	0.14497	0.04562	0.14138	0.01337	0.10995	0.03076	0.09173	0.02849	0.01130	0.04890	0.04425	0.01354	0.03431	0.00518	0.00480	0.00140	0.02257	0.00429	0.00309	0.20008
21	0.04194	0.01027	0.05042	0.00896	0.01327	0.00819	0.03807	0.05654	0.04326	0.11876	0.03118	0.03070	0.02128	0.00506	0.00438	0.00112	0.00431	0.00418	0.00374	0.50437
22	0.06830	0.00638	0.00794	0.00807	0.00962	0.00628	0.00624	0.01288	0.07161	0.13154	0.08014	0.33675	0.04778	0.01223	0.00607	0.00197	0.00367	0.17212	0.00498	0.00543
23	0.01315	0.01201	0.08400	0.11904	0.10599	0.03828	0.01033	0.15052	0.14756	0.07330	0.09099	0.01898	0.06181	0.00668	0.00518	0.00160	0.00514	0.00557	0.04274	0.00712
24	0.01342	0.11502	0.20966	0.06347	0.17170	0.05219	0.03426	0.08094	0.10453	0.06115	0.02043	0.01289	0.00903	0.00538	0.00512	0.00155	0.02421	0.00437	0.00318	0.00751
25	0.01657	0.01087	0.10104	0.04523	0.01441	0.00918	0.00905	0.13357	0.01404	0.35895	0.03168	0.04597	0.01277	0.04279	0.11578	0.00267	0.01785	0.00544	0.00475	0.00738
26	0.00744	0.00546	0.00588	0.00572	0.00748	0.00467	0.00434	0.00882	0.01183	0.06758	0.07808	0.04636	0.63428	0.04898	0.00695	0.00189	0.00291	0.04186	0.00483	0.00462
27	0.01247	0.02511	0.22554	0.07416	0.08114	0.01051	0.09454	0.01780	0.12631	0.13355	0.06194	0.07225	0.01402	0.00664	0.00534	0.00168	0.00579	0.02024	0.00378	0.00719
28	0.07254	0.08009	0.14957	0.10096	0.10473	0.02191	0.04115	0.10798	0.01317	0.17055	0.02511	0.05580	0.01066	0.00607	0.00495	0.00159	0.00574	0.01641	0.00373	0.00727
29	0.01134	0.01937	0.49607	0.05960	0.01931	0.01043	0.01475	0.01625	0.04470	0.10755	0.01358	0.12241	0.01142	0.00678	0.00542	0.00171	0.02345	0.00558	0.00316	0.00712
30	0.03676	0.01341	0.07750	0.06356	0.11001	0.01233	0.46091	0.01547	0.02323	0.01613	0.01251	0.01541	0.05497	0.00532	0.00641	0.00173	0.05913	0.00574	0.00271	0.00677
31	0.02942	0.08659	0.16898	0.07666	0.16543	0.07405	0.07633	0.01614	0.01170	0.11367	0.02721	0.05107	0.02748	0.00634	0.00551	0.02788	0.00623	0.01927	0.00317	0.00688
32	0.03734	0.07943	0.08654	0.08275	0.25906	0.05677	0.06419	0.03443	0.01234	0.17381	0.01304	0.03873	0.02766	0.00561	0.00499	0.00155	0.00600	0.00491	0.00344	0.00740
33	0.00798	0.00603	0.00828	0.00765	0.00907	0.00585	0.05746	0.02398	0.02372	0.03077	0.16212	0.15129	0.19213	0.10279	0.13714	0.00314	0.00522	0.00891	0.05173	0.00474
34	0.01147	0.00897	0.01414	0.11986	0.21846	0.00917	0.06219	0.05912	0.01182	0.08662	0.03577	0.16781	0.05340	0.03141	0.00718	0.04762	0.02032	0.02476	0.00366	0.00622
35	0.01536	0.21947	0.06313	0.03993	0.04945	0.05987	0.11281	0.07410	0.02136	0.19466	0.01293	0.05151	0.01038	0.04592	0.00585	0.00166	0.00593	0.00495	0.00367	0.00707
36	0.36417	0.03133	0.02708	0.04855	0.03103	0.15959	0.00811	0.14070	0.01294	0.05220	0.00998	0.05004	0.00820	0.00570	0.00421	0.00152	0.00549	0.00402	0.00350	0.03165

[dist]
# distance from previous block
# <min> <max>
1	52

[block]
# block no. 3 follows, 48 sequences, length 18
# corresponding to MSA columns:
# 682-699
name=unknown_D
#
# <colnr> <probs for GDERKNQSTAVLIFYWHMCP>
#	G	D	E	R	K	N	Q	S	T	A	V	L	I	F	Y	W	H	M	C	P
0	0.09180	0.01169	0.01313	0.06175	0.09382	0.09121	0.00917	0.17740	0.01449	0.16963	0.06030	0.01653	0.04075	0.03487	0.02326	0.00187	0.07217	0.00504	0.00415	0.00697
1	0.12056	0.04324	0.04469	0.07546	0.06045	0.03659	0.00821	0.01572	0.17018	0.03810	0.10411	0.10785	0.05520	0.02131	0.00549	0.00173	0.00446	0.04534	0.00407	0.03724
2	0.18123	0.40671	0.01898	0.05768	0.01420	0.01576	0.00842	0.10453	0.01227	0.12383	0.00967	0.01033	0.00749	0.00498	0.00385	0.00135	0.00514	0.00341	0.00331	0.00687
3	0.04580	0.01130	0.07148	0.14436	0.01770	0.01088	0.04107	0.25339	0.01551	0.11535	0.04286	0.09714	0.04477	0.00772	0.00542	0.00171	0.00534	0.05695	0.00434	0.00691
4	0.15053	0.01729	0.07947	0.03710	0.15949	0.29552	0.03706	0.04772	0.04067	0.04293	0.00936	0.01099	0.00739	0.00528	0.00511	0.00152	0.03902	0.00388	0.00296	0.00672
5	0.01334	0.00953	0.01136	0.07587	0.01399	0.07813	0.05395	0.04768	0.08805	0.20116	0.09735	0.07807	0.16996	0.00867	0.00558	0.00168	0.00468	0.02978	0.00476	0.00640
6	0.07860	0.00613	0.00822	0.00792	0.00918	0.00686	0.00615	0.01041	0.00884	0.06051	0.01617	0.02129	0.07004	0.05962	0.54337	0.04124	0.03190	0.00566	0.00313	0.00477
7	0.74145	0.01049	0.00973	0.00817	0.01156	0.01189	0.06305	0.06144	0.00993	0.02310	0.00770	0.00899	0.00592	0.00482	0.00351	0.00160	0.00442	0.00314	0.00325	0.00585
8	0.01165	0.01062	0.07571	0.00855	0.01312	0.00769	0.00748	0.01416	0.01087	0.07967	0.00994	0.01124	0.00789	0.00431	0.00454	0.00096	0.03772	0.00334	0.00320	0.67735
9	0.01228	0.00699	0.00879	0.00787	0.00963	0.00692	0.00591	0.07558	0.01199	0.21733	0.05190	0.16297	0.10802	0.16762	0.08637	0.00300	0.03850	0.00801	0.00463	0.00568
10	0.00706	0.07237	0.00779	0.00725	0.00804	0.00568	0.00523	0.00811	0.01006	0.01311	0.02764	0.60552	0.08449	0.04780	0.00709	0.00212	0.00337	0.06841	0.00448	0.00438
11	0.07809	0.00618	0.00674	0.00710	0.00817	0.03707	0.00528	0.00992	0.01060	0.01552	0.09727	0.26483	0.06912	0.07718	0.06003	0.00250	0.00426	0.11068	0.12491	0.00454
12	0.00868	0.00590	0.00754	0.03511	0.00970	0.00584	0.00594	0.04248	0.05657	0.06373	0.02676	0.51165	0.06865	0.01342	0.00620	0.00197	0.00351	0.08677	0.03456	0.00502
13	0.00699	0.07234	0.00775	0.00705	0.00791	0.00560	0.00504	0.00817	0.01061	0.01403	0.12524	0.59569	0.08643	0.01417	0.00618	0.00192	0.00309	0.01266	0.00466	0.00447
14	0.01398	0.10643	0.04815	0.01612	0.23349	0.02543	0.04520	0.06356	0.01237	0.11833	0.01068	0.01208	0.00830	0.00478	0.00482	0.00130	0.02332	0.00402	0.00328	0.24435
15	0.01502	0.00963	0.01156	0.00864	0.01275	0.02215	0.00701	0.05311	0.01246	0.25349	0.01253	0.01281	0.00915	0.00496	0.00490	0.00113	0.04188	0.00384	0.00411	0.49885
16	0.01236	0.42567	0.32135	0.01183	0.03091	0.01611	0.02693	0.01575	0.01063	0.02806	0.00830	0.00974	0.00674	0.00476	0.00451	0.00136	0.03469	0.00335	0.00229	0.02464
17	0.01034	0.01015	0.06116	0.01923	0.36370	0.00922	0.03971	0.01302	0.01192	0.03138	0.18151	0.13522	0.04790	0.00800	0.00597	0.00167	0.03242	0.00727	0.00365	0.00656

[dist]
# distance from previous block
# <min> <max>
0	3

[block]
# block no. 4 follows, 48 sequences, length 15
# corresponding to MSA columns:
# 703-717
name=unknown_E
#
# <colnr> <probs for GDERKNQSTAVLIFYWHMCP>
#	G	D	E	R	K	N	Q	S	T	A	V	L	I	F	Y	W	H	M	C	P
0	0.00834	0.00561	0.00768	0.00794	0.00901	0.00532	0.03092	0.01019	0.04524	0.08317	0.02780	0.56451	0.08619	0.01499	0.03780	0.00224	0.00380	0.03960	0.00477	0.00490
1	0.02155	0.00881	0.01154	0.00895	0.01268	0.00794	0.00736	0.08103	0.01506	0.66407	0.01932	0.01722	0.01244	0.00630	0.00502	0.00155	0.00429	0.00508	0.08143	0.00838
2	0.01178	0.00702	0.00964	0.04406	0.01141	0.00643	0.04801	0.03143	0.01373	0.22218	0.29636	0.03261	0.22562	0.00936	0.00576	0.00165	0.00360	0.00809	0.00527	0.00598
3	0.00839	0.00679	0.00734	0.00711	0.00896	0.00665	0.00542	0.07856	0.12397	0.01658	0.03868	0.16601	0.43992	0.01207	0.00599	0.00181	0.00327	0.05235	0.00486	0.00527
4	0.16693	0.00847	0.00910	0.00816	0.01049	0.00908	0.00635	0.09702	0.17966	0.07398	0.22787	0.11461	0.02390	0.00843	0.00516	0.00167	0.00360	0.00702	0.03221	0.00629
5	0.01219	0.00684	0.00874	0.00828	0.01041	0.00641	0.00676	0.04013	0.03956	0.22862	0.07326	0.11006	0.17026	0.01124	0.00612	0.00191	0.00393	0.24403	0.00527	0.00596
6	0.01398	0.01432	0.01632	0.01417	0.04192	0.16366	0.06571	0.10722	0.07999	0.01606	0.00926	0.01193	0.00787	0.00727	0.01089	0.00188	0.40361	0.00451	0.00297	0.00646
7	0.01214	0.01660	0.32792	0.01133	0.01596	0.04166	0.01191	0.01870	0.20023	0.11027	0.05412	0.01961	0.10717	0.00692	0.00542	0.00166	0.02166	0.00556	0.00392	0.00722
8	0.03923	0.00754	0.00944	0.00864	0.01098	0.00742	0.00696	0.01753	0.14796	0.25160	0.16145	0.09097	0.04048	0.00970	0.00581	0.00183	0.00388	0.16662	0.00543	0.00653
9	0.00729	0.00526	0.00651	0.00693	0.00797	0.00489	0.00502	0.00925	0.04417	0.03810	0.17500	0.40535	0.19604	0.01358	0.00628	0.00191	0.00298	0.05383	0.00499	0.00466
10	0.06584	0.01808	0.08251	0.01194	0.01462	0.38725	0.00998	0.06474	0.03970	0.01538	0.01269	0.04366	0.03872	0.00722	0.00632	0.00163	0.09678	0.07370	0.00318	0.00605
11	0.01156	0.01029	0.06219	0.01117	0.01330	0.02152	0.07888	0.05266	0.07080	0.09284	0.01836	0.15323	0.07292	0.01008	0.03185	0.00207	0.20626	0.03190	0.04203	0.00609
12	0.03925	0.00677	0.00786	0.00698	0.00904	0.00658	0.00542	0.07912	0.03084	0.16370	0.19221	0.08540	0.09729	0.00850	0.00505	0.00154	0.00320	0.00713	0.23822	0.00588
13	0.00817	0.00530	0.00707	0.00765	0.00847	0.00510	0.00555	0.00940	0.01069	0.08316	0.06208	0.56662	0.06880	0.01436	0.00680	0.00203	0.03215	0.08703	0.00485	0.00472
14	0.03263	0.01089	0.10706	0.03651	0.08451	0.00914	0.09828	0.06556	0.01259	0.10491	0.05626	0.10627	0.04665	0.00895	0.00611	0.00185	0.02521	0.17617	0.00406	0.00636

[dist]
# distance from previous block
# <min> <max>
1	8

[block]
# block no. 5 follows, 48 sequences, length 29
# corresponding to MSA columns:
# 726-754
name=unknown_F
#
# <colnr> <probs for GDERKNQSTAVLIFYWHMCP>
#	G	D	E	R	K	N	Q	S	T	A	V	L	I	F	Y	W	H	M	C	P
0	0.08496	0.03748	0.08211	0.03000	0.04975	0.13231	0.00903	0.07213	0.03121	0.17311	0.03740	0.03086	0.01038	0.00554	0.00459	0.00136	0.00542	0.00429	0.00384	0.19424
1	0.06196	0.17758	0.05250	0.03212	0.12929	0.05822	0.07040	0.01570	0.02243	0.09821	0.03078	0.06485	0.01109	0.03041	0.00535	0.00153	0.01310	0.00488	0.02827	0.09136
2	0.85592	0.00992	0.00754	0.00675	0.00992	0.01151	0.00556	0.01508	0.00873	0.02302	0.00714	0.00834	0.00556	0.00476	0.00318	0.00159	0.00397	0.00278	0.00318	0.00556
3	0.01271	0.00924	0.00986	0.00834	0.01095	0.06184	0.00654	0.12924	0.08606	0.11421	0.27804	0.02516	0.08172	0.00793	0.00527	0.00149	0.00391	0.00660	0.05151	0.08937
4	0.01432	0.01125	0.01645	0.06056	0.33355	0.01124	0.03443	0.09440	0.11211	0.12318	0.01272	0.01393	0.00963	0.00519	0.00497	0.00147	0.00535	0.00464	0.00372	0.12688
5	0.00821	0.00571	0.00704	0.00690	0.00777	0.00566	0.00471	0.00970	0.04443	0.03607	0.04619	0.16451	0.02066	0.38376	0.13605	0.00420	0.00572	0.03057	0.00367	0.06847
6	0.01099	0.00734	0.00861	0.00773	0.00988	0.00724	0.00600	0.07868	0.13183	0.12438	0.26909	0.08341	0.19563	0.01002	0.00578	0.00170	0.00334	0.02692	0.00536	0.00605
7	0.03860	0.03222	0.01611	0.13375	0.32865	0.05892	0.01198	0.10345	0.05484	0.03616	0.01223	0.01752	0.01060	0.06128	0.00655	0.00184	0.00593	0.05909	0.00326	0.00702
8	0.00753	0.00506	0.00631	0.00671	0.00774	0.00463	0.00487	0.00902	0.01147	0.05111	0.17334	0.38634	0.17836	0.01319	0.00613	0.00186	0.00293	0.05632	0.06246	0.00461
9	0.01507	0.00780	0.00988	0.06876	0.01258	0.00769	0.00694	0.01928	0.14011	0.33181	0.09597	0.05322	0.04703	0.00735	0.00507	0.00158	0.00384	0.00616	0.15289	0.00697
10	0.07398	0.00867	0.06257	0.06802	0.03260	0.00816	0.00790	0.04227	0.10511	0.05695	0.02164	0.35135	0.04932	0.01089	0.00609	0.00189	0.03029	0.05228	0.00430	0.00571
11	0.05110	0.01088	0.03847	0.13784	0.05579	0.06360	0.02520	0.04771	0.04517	0.29936	0.07266	0.01651	0.01280	0.00753	0.03502	0.00189	0.06192	0.00507	0.00435	0.00713
12	0.00798	0.00544	0.00668	0.00686	0.00826	0.00490	0.00527	0.00962	0.01204	0.07422	0.17034	0.21171	0.30648	0.01291	0.00627	0.00188	0.00314	0.13619	0.00503	0.00479
13	0.64019	0.00929	0.00821	0.00721	0.01031	0.01023	0.00586	0.01628	0.00990	0.16168	0.01113	0.07140	0.00901	0.00591	0.00379	0.00163	0.00397	0.00411	0.00387	0.00603
14	0.01338	0.11758	0.20692	0.07874	0.28237	0.05622	0.04195	0.07373	0.01248	0.05503	0.00985	0.01182	0.00762	0.00490	0.00483	0.00151	0.00658	0.00417	0.00278	0.00753
15	0.01686	0.01156	0.11570	0.00983	0.01369	0.00934	0.00888	0.17458	0.03656	0.34920	0.04354	0.08208	0.08963	0.00767	0.00534	0.00164	0.00471	0.00630	0.00521	0.00766
16	0.00720	0.00525	0.00632	0.00616	0.00754	0.00466	0.00458	0.00903	0.01299	0.04069	0.41432	0.12928	0.30944	0.01189	0.00609	0.00171	0.00261	0.01031	0.00525	0.00470
17	0.01132	0.01514	0.16843	0.09467	0.07696	0.01250	0.42380	0.01543	0.01127	0.01569	0.01030	0.03899	0.00825	0.00526	0.00652	0.00175	0.06885	0.00555	0.00253	0.00682
18	0.01538	0.11264	0.21616	0.01164	0.01615	0.01198	0.04869	0.04493	0.10936	0.25844	0.03271	0.01453	0.01078	0.00600	0.00582	0.00161	0.06675	0.00467	0.00407	0.00768
19	0.01185	0.02307	0.63700	0.01392	0.02061	0.01135	0.03242	0.01705	0.01127	0.11050	0.01101	0.01304	0.00794	0.00543	0.00535	0.00166	0.03115	0.02508	0.00276	0.00757
20	0.00932	0.00613	0.00741	0.00694	0.00866	0.00566	0.00529	0.06149	0.01359	0.10100	0.30442	0.15420	0.24927	0.01142	0.00601	0.00173	0.00306	0.03386	0.00528	0.00527
21	0.03277	0.01246	0.01106	0.12972	0.03653	0.25214	0.00830	0.02663	0.01262	0.03783	0.10262	0.08653	0.18720	0.00853	0.00572	0.00162	0.03172	0.00684	0.00370	0.00546
22	0.01040	0.02966	0.05604	0.00938	0.05149	0.00714	0.00717	0.04690	0.03584	0.11578	0.17987	0.21699	0.06388	0.04518	0.06694	0.00238	0.00466	0.03996	0.00462	0.00572
23	0.01044	0.01158	0.08229	0.07849	0.11089	0.03353	0.23316	0.04080	0.01160	0.01558	0.01665	0.21955	0.04044	0.00839	0.00614	0.00181	0.02697	0.04220	0.00333	0.00615
24	0.01099	0.00995	0.01662	0.36358	0.30825	0.01084	0.03783	0.02624	0.01121	0.03677	0.01286	0.08354	0.03699	0.00616	0.00530	0.00167	0.00606	0.00571	0.00285	0.00659
25	0.01054	0.01167	0.18605	0.05066	0.05715	0.02232	0.02279	0.03753	0.01176	0.09557	0.07705	0.17055	0.06866	0.07092	0.00726	0.00203	0.00508	0.08249	0.00397	0.00597
26	0.07641	0.03502	0.06034	0.11672	0.16508	0.08082	0.06307	0.09201	0.01246	0.03209	0.01418	0.12510	0.03509	0.00729	0.00556	0.00169	0.02812	0.03915	0.00334	0.00647
27	0.01268	0.06624	0.06893	0.14597	0.08776	0.03280	0.02891	0.06835	0.01173	0.12010	0.01403	0.09190	0.02323	0.05338	0.02731	0.00207	0.10315	0.03158	0.00347	0.00640
28	0.03212	0.03428	0.20426	0.11469	0.13283	0.03696	0.10800	0.01673	0.07404	0.08211	0.06064	0.03806	0.01215	0.00598	0.00523	0.00165	0.00625	0.02373	0.00329	0.00702

[dist]
# distance from previous block
# <min> <max>
27	124

[block]
# block no. 6 follows, 48 sequences, length 6
# corresponding to MSA columns:
# 918-923
name=unknown_G
#
# <colnr> <probs for GDERKNQSTAVLIFYWHMCP>
#	G	D	E	R	K	N	Q	S	T	A	V	L	I	F	Y	W	H	M	C	P
0	0.01185	0.10336	0.14763	0.11653	0.12586	0.05668	0.16196	0.01659	0.10190	0.01560	0.01165	0.06151	0.00979	0.00578	0.00549	0.00163	0.03122	0.00521	0.00287	0.00689
1	0.01147	0.00798	0.01111	0.00935	0.01165	0.00778	0.08959	0.13708	0.01417	0.11511	0.19640	0.16862	0.11331	0.04267	0.03774	0.00210	0.00454	0.00856	0.00484	0.00594
2	0.01508	0.01113	0.01882	0.02168	0.38142	0.01091	0.12526	0.01783	0.01234	0.22900	0.01428	0.01564	0.04203	0.00565	0.00600	0.00162	0.05462	0.00521	0.00367	0.00780
3	0.10251	0.00610	0.00747	0.00723	0.00883	0.00582	0.00544	0.01193	0.01218	0.14515	0.27053	0.28553	0.05945	0.01123	0.00579	0.00179	0.00319	0.03935	0.00514	0.00532
4	0.71845	0.00973	0.00826	0.00714	0.01045	0.01086	0.00588	0.01672	0.00971	0.14981	0.00931	0.00984	0.00674	0.00503	0.00350	0.00159	0.00403	0.00317	0.00370	0.00608
5	0.19372	0.01083	0.01205	0.00953	0.01331	0.01121	0.00784	0.25051	0.05964	0.35710	0.01515	0.01410	0.01018	0.00600	0.00474	0.00158	0.00466	0.00454	0.00526	0.00804

[dist]
# distance from previous block
# <min> <max>
0	2

[block]
# block no. 7 follows, 48 sequences, length 7
# corresponding to MSA columns:
# 926-932
name=unknown_H
#
# <colnr> <probs for GDERKNQSTAVLIFYWHMCP>
#	G	D	E	R	K	N	Q	S	T	A	V	L	I	F	Y	W	H	M	C	P
0	0.08678	0.00569	0.00659	0.00654	0.00791	0.00537	0.00476	0.00993	0.01160	0.07209	0.23542	0.25381	0.19652	0.06504	0.00718	0.00199	0.00307	0.01008	0.00486	0.00477
1	0.15296	0.19619	0.13584	0.03109	0.06410	0.01379	0.11718	0.05276	0.04570	0.04639	0.01021	0.01297	0.00834	0.02843	0.00569	0.00165	0.04427	0.02272	0.00296	0.00675
2	0.02967	0.00731	0.04368	0.04446	0.04021	0.00634	0.00690	0.01318	0.01170	0.18466	0.07449	0.21908	0.10696	0.03595	0.00627	0.00186	0.00387	0.07070	0.08701	0.00570
3	0.00839	0.08117	0.00836	0.00700	0.00831	0.00613	0.00521	0.00967	0.01101	0.06995	0.11595	0.38089	0.16130	0.06691	0.00734	0.00204	0.00338	0.03757	0.00463	0.00478
4	0.00993	0.06847	0.08508	0.01088	0.01371	0.00914	0.15177	0.08234	0.03534	0.01667	0.04249	0.29209	0.08537	0.00968	0.00564	0.00174	0.00485	0.00881	0.06020	0.00579
5	0.04997	0.11797	0.24828	0.17734	0.09553	0.08681	0.03455	0.01701	0.09535	0.01567	0.01008	0.01201	0.00775	0.00509	0.00472	0.00155	0.00666	0.00409	0.00267	0.00692
6	0.01389	0.14726	0.01496	0.01160	0.06384	0.19212	0.00876	0.09328	0.13545	0.01779	0.13895	0.01660	0.01558	0.00659	0.00561	0.00149	0.06074	0.00496	0.04397	0.00656

[dist]
# distance from previous block
# <min> <max>
5	34

[block]
# block no. 8 follows, 48 sequences, length 8
# corresponding to MSA columns:
# 968-975
name=unknown_I
#
# <colnr> <probs for GDERKNQSTAVLIFYWHMCP>
#	G	D	E	R	K	N	Q	S	T	A	V	L	I	F	Y	W	H	M	C	P
0	0.19268	0.04141	0.07753	0.16425	0.04879	0.03328	0.05274	0.03902	0.01098	0.03717	0.04430	0.01338	0.00939	0.04137	0.00537	0.00158	0.00539	0.00415	0.00304	0.17418
1	0.01230	0.03464	0.25820	0.01391	0.06674	0.05345	0.09881	0.09535	0.06377	0.03779	0.05539	0.01650	0.03233	0.02473	0.00581	0.00164	0.02065	0.02687	0.00332	0.07781
2	0.01195	0.01092	0.04140	0.04383	0.10988	0.03567	0.03911	0.03954	0.01161	0.04939	0.01026	0.01273	0.00842	0.00453	0.00436	0.00109	0.00483	0.02404	0.00314	0.53331
3	0.01997	0.00802	0.01093	0.00891	0.01224	0.00702	0.00725	0.02185	0.01390	0.64367	0.02169	0.11846	0.01644	0.00807	0.00546	0.00170	0.00422	0.05626	0.00605	0.00790
4	0.00721	0.00487	0.00567	0.00592	0.00598	0.00481	0.00345	0.00740	0.00795	0.01060	0.01867	0.19542	0.02181	0.65353	0.02207	0.00438	0.00456	0.00893	0.00345	0.00333
5	0.01021	0.00993	0.10186	0.08564	0.01383	0.00859	0.00847	0.11797	0.08497	0.03561	0.19981	0.12216	0.09872	0.02592	0.02766	0.00196	0.00461	0.03159	0.00447	0.00600
6	0.00977	0.00915	0.01276	0.01136	0.01177	0.01214	0.00934	0.01116	0.00864	0.01281	0.04118	0.01892	0.06683	0.01562	0.17591	0.00342	0.52219	0.03902	0.00277	0.00524
7	0.04467	0.13024	0.20510	0.01084	0.01504	0.06499	0.01065	0.11455	0.09658	0.11282	0.04687	0.01448	0.01106	0.03206	0.00577	0.00164	0.03333	0.00449	0.03766	0.00716

[dist]
# distance from previous block
# <min> <max>
7	20

[block]
# block no. 9 follows, 48 sequences, length 18
# corresponding to MSA columns:
# 999-1016
name=unknown_J
#
# <colnr> <probs for GDERKNQSTAVLIFYWHMCP>
#	G	D	E	R	K	N	Q	S	T	A	V	L	I	F	Y	W	H	M	C	P
0	0.01057	0.00928	0.01313	0.25990	0.12948	0.03783	0.03367	0.06822	0.04790	0.03085	0.07806	0.12997	0.09346	0.02788	0.00601	0.00178	0.00526	0.00709	0.00364	0.00601
1	0.01114	0.00793	0.01051	0.06849	0.05297	0.02694	0.03295	0.03034	0.08787	0.13221	0.22446	0.05836	0.12087	0.01217	0.09719	0.00242	0.00519	0.00735	0.00463	0.00603
2	0.73299	0.01102	0.00866	0.00755	0.01080	0.04657	0.00618	0.09314	0.01057	0.02352	0.00771	0.00879	0.00593	0.00493	0.00344	0.00157	0.00437	0.00299	0.00335	0.00590
3	0.00807	0.00612	0.00777	0.00762	0.00875	0.00635	0.00587	0.03089	0.04346	0.01586	0.23285	0.07538	0.14098	0.09569	0.09901	0.02955	0.05215	0.12450	0.00441	0.00472
4	0.00675	0.00517	0.00609	0.00610	0.00735	0.00463	0.00450	0.00841	0.01235	0.01621	0.33045	0.11455	0.34317	0.06606	0.00749	0.00197	0.00283	0.04649	0.00500	0.00445
5	0.01060	0.00954	0.01520	0.24332	0.16186	0.01031	0.09868	0.04002	0.10370	0.01595	0.04945	0.07814	0.01378	0.09934	0.00775	0.00206	0.00573	0.00620	0.02216	0.00621
6	0.00932	0.00564	0.00687	0.00677	0.00828	0.00518	0.00519	0.01108	0.01167	0.10237	0.12411	0.14707	0.17293	0.06438	0.00702	0.00194	0.00332	0.12542	0.15023	0.03124
7	0.02939	0.08009	0.01615	0.01288	0.04193	0.16488	0.03377	0.16031	0.08472	0.08028	0.01068	0.01214	0.00845	0.00660	0.00819	0.00169	0.23304	0.00435	0.00351	0.00696
8	0.01199	0.21724	0.20861	0.01292	0.06804	0.04797	0.07593	0.01514	0.01087	0.01504	0.00863	0.01046	0.00705	0.00461	0.00486	0.00128	0.04352	0.00359	0.00249	0.22976
9	0.01345	0.06298	0.17664	0.07601	0.06736	0.01069	0.02257	0.06397	0.06509	0.17374	0.06946	0.03033	0.03685	0.05048	0.00674	0.00179	0.04121	0.00534	0.00389	0.02140
10	0.00764	0.00539	0.00679	0.00717	0.00830	0.00506	0.00535	0.00971	0.04204	0.04642	0.19216	0.34128	0.17369	0.01331	0.00632	0.00192	0.00313	0.11454	0.00503	0.00476
11	0.00954	0.00655	0.00983	0.00906	0.01025	0.00694	0.05653	0.01095	0.00979	0.10021	0.05349	0.23839	0.01962	0.07839	0.24235	0.04131	0.07985	0.00817	0.00379	0.00498
12	0.01482	0.12451	0.09798	0.05744	0.23354	0.06890	0.08790	0.10449	0.01335	0.11476	0.01092	0.01253	0.00829	0.00575	0.02143	0.00164	0.00657	0.00440	0.00324	0.00754
13	0.01164	0.04220	0.03715	0.07977	0.21951	0.01049	0.03430	0.05295	0.11395	0.06103	0.01840	0.12404	0.06786	0.00811	0.00590	0.00174	0.03340	0.06698	0.00381	0.00674
14	0.00948	0.00584	0.00732	0.00715	0.00871	0.00536	0.00545	0.01151	0.03451	0.13434	0.20144	0.19636	0.20358	0.04790	0.00701	0.00197	0.00331	0.09842	0.00514	0.00519
15	0.00961	0.03196	0.01030	0.05222	0.03990	0.00726	0.03746	0.03798	0.01202	0.06940	0.15617	0.26686	0.02731	0.01129	0.00648	0.00189	0.03594	0.14983	0.03077	0.00535
16	0.09890	0.10657	0.10695	0.04093	0.08691	0.10024	0.04568	0.14677	0.01388	0.12546	0.01179	0.04385	0.00921	0.00572	0.00469	0.00151	0.00592	0.00451	0.03334	0.00716
17	0.11136	0.15488	0.12261	0.01042	0.01443	0.04935	0.03705	0.08694	0.15001	0.09899	0.04279	0.01371	0.01074	0.00612	0.00516	0.03527	0.00531	0.00435	0.00375	0.03675

[dist]
# distance from previous block
# <min> <max>
2	12

[block]
# block no. 10 follows, 48 sequences, length 36
# corresponding to MSA columns:
# 1029-1064
name=unknown_K
#
# <colnr> <probs for GDERKNQSTAVLIFYWHMCP>
#	G	D	E	R	K	N	Q	S	T	A	V	L	I	F	Y	W	H	M	C	P
0	0.10202	0.07274	0.04759	0.10867	0.05672	0.01015	0.00873	0.09237	0.01172	0.06915	0.04221	0.22903	0.01629	0.00989	0.03133	0.02177	0.05282	0.00712	0.00375	0.00593
1	0.01338	0.00771	0.00979	0.00813	0.01116	0.00668	0.00647	0.01575	0.03759	0.25735	0.06668	0.08514	0.03643	0.03788	0.05301	0.00197	0.00451	0.07043	0.00462	0.26532
2	0.04039	0.00992	0.01116	0.00967	0.01182	0.10820	0.05641	0.10180	0.03815	0.12972	0.05314	0.09145	0.04762	0.01132	0.03249	0.20265	0.00541	0.02915	0.00398	0.00556
3	0.01096	0.00934	0.01080	0.03997	0.01238	0.03506	0.03086	0.01834	0.36405	0.01717	0.03747	0.08663	0.01657	0.09957	0.00916	0.02910	0.07807	0.02246	0.06582	0.00622
4	0.01373	0.00894	0.01103	0.00883	0.01235	0.00819	0.03559	0.01863	0.18828	0.22519	0.02162	0.04064	0.12554	0.00689	0.00498	0.00142	0.00400	0.00579	0.00471	0.25365
5	0.00937	0.00869	0.01451	0.73306	0.03275	0.01073	0.01337	0.01256	0.01022	0.01311	0.01090	0.08819	0.00936	0.00615	0.00526	0.00174	0.00648	0.00549	0.00251	0.00556
6	0.00887	0.00745	0.01062	0.00969	0.01051	0.00912	0.03268	0.01108	0.05047	0.01267	0.01264	0.01934	0.01203	0.12951	0.40274	0.00549	0.21513	0.00551	0.02952	0.00493
7	0.00904	0.00772	0.01205	0.10421	0.15129	0.00793	0.05924	0.03540	0.04417	0.01534	0.05678	0.37471	0.02267	0.01181	0.03612	0.00211	0.00492	0.03494	0.00394	0.00561
8	0.01064	0.00912	0.01064	0.00760	0.01216	0.00684	0.00608	0.01292	0.01064	0.01672	0.00912	0.01064	0.00760	0.00380	0.00380	0.00076	0.00380	0.00304	0.00304	0.85104
9	0.00827	0.00591	0.00827	0.00945	0.01063	0.00591	0.00827	0.01063	0.01181	0.01536	0.02717	0.05788	0.02953	0.01417	0.00709	0.00236	0.00472	0.75313	0.00472	0.00472
10	0.00664	0.00491	0.00620	0.00654	0.00745	0.00447	0.00465	0.00823	0.01207	0.01630	0.34380	0.37052	0.16278	0.01327	0.00627	0.00183	0.00269	0.01179	0.00513	0.00447
11	0.00740	0.00542	0.00667	0.00632	0.00766	0.00504	0.00475	0.01008	0.04067	0.01954	0.60813	0.03823	0.15389	0.01049	0.00589	0.00161	0.00250	0.00914	0.05169	0.00488
12	0.01076	0.01121	0.08911	0.00986	0.03801	0.00787	0.05297	0.01354	0.01078	0.01666	0.00922	0.01091	0.00752	0.00396	0.00408	0.00093	0.00453	0.00334	0.00291	0.69184
13	0.01064	0.00912	0.01064	0.00760	0.01216	0.00684	0.00608	0.01292	0.01064	0.01672	0.00912	0.01064	0.00760	0.00380	0.00380	0.00076	0.00380	0.00304	0.00304	0.85104
14	0.01165	0.01059	0.04261	0.33869	0.28892	0.01094	0.03272	0.04017	0.01153	0.06432	0.01200	0.09109	0.01035	0.00608	0.00527	0.00167	0.00608	0.00559	0.00297	0.00678
15	0.01129	0.07610	0.05670	0.08404	0.05404	0.04543	0.00859	0.01379	0.01074	0.01566	0.00886	0.01080	0.00734	0.00430	0.00446	0.00103	0.03055	0.00333	0.00278	0.55015
16	0.00891	0.00446	0.00668	0.00668	0.00668	0.00446	0.00446	0.00668	0.00668	0.00891	0.00891	0.01560	0.00891	0.01783	0.02005	0.85071	0.00446	0.00446	0.00223	0.00223
17	0.01163	0.03715	0.04219	0.12114	0.13299	0.03296	0.09252	0.04327	0.25434	0.01808	0.08847	0.05453	0.03470	0.00675	0.00535	0.00166	0.00536	0.00606	0.00387	0.00698
18	0.24795	0.03647	0.04091	0.06185	0.03468	0.04312	0.00908	0.33024	0.03401	0.08726	0.01106	0.01171	0.00803	0.00600	0.01498	0.00164	0.00544	0.00406	0.00413	0.00737
19	0.00918	0.00744	0.00926	0.04204	0.01094	0.00707	0.00620	0.04733	0.01170	0.01675	0.21319	0.05227	0.07991	0.07729	0.06718	0.00219	0.05760	0.00644	0.00390	0.27212
20	0.01427	0.30893	0.04345	0.01104	0.04095	0.12945	0.05198	0.07696	0.04599	0.07032	0.10023	0.01527	0.01321	0.05033	0.00569	0.00157	0.00580	0.00458	0.00340	0.00659
21	0.01463	0.14656	0.13524	0.13509	0.06383	0.26787	0.03743	0.09029	0.01336	0.01563	0.02865	0.01140	0.00803	0.00520	0.00469	0.00145	0.00731	0.00393	0.00276	0.00666
22	0.85592	0.00992	0.00754	0.00675	0.00992	0.01151	0.00556	0.01508	0.00873	0.02302	0.00714	0.00834	0.00556	0.00476	0.00318	0.00159	0.00397	0.00278	0.00318	0.00556
23	0.76322	0.00980	0.00783	0.00691	0.01006	0.01122	0.00568	0.03929	0.00952	0.05051	0.00819	0.00925	0.00624	0.00492	0.00333	0.00157	0.00397	0.00301	0.03977	0.00574
24	0.00736	0.00538	0.00766	0.00766	0.00837	0.00610	0.00568	0.00879	0.00807	0.01148	0.01428	0.02313	0.01412	0.21148	0.62811	0.00752	0.01180	0.00593	0.00283	0.00426
25	0.00782	0.00631	0.03269	0.03642	0.06023	0.00574	0.00662	0.00971	0.03325	0.04014	0.05415	0.54604	0.05195	0.01459	0.04042	0.00224	0.00403	0.03827	0.00446	0.00492
26	0.01094	0.00907	0.01317	0.14773	0.12535	0.00982	0.05447	0.07538	0.15811	0.01641	0.01544	0.11163	0.01431	0.04411	0.00840	0.11650	0.00523	0.05432	0.00360	0.00600
27	0.00823	0.00764	0.01005	0.00958	0.01086	0.07809	0.11084	0.00966	0.01069	0.01356	0.02545	0.58284	0.07559	0.01327	0.00627	0.00194	0.00431	0.01214	0.00427	0.00472
28	0.03546	0.01141	0.04334	0.28738	0.26668	0.01189	0.03567	0.07332	0.01170	0.01658	0.00936	0.01253	0.00745	0.00512	0.00576	0.00157	0.06225	0.00437	0.00269	0.09548
29	0.01501	0.00973	0.01112	0.00955	0.01244	0.01038	0.00748	0.09369	0.38553	0.21486	0.07029	0.05867	0.01747	0.05195	0.00646	0.00187	0.00418	0.00627	0.00539	0.00765
30	0.05860	0.06931	0.14088	0.07061	0.19694	0.01178	0.04832	0.11058	0.03953	0.03659	0.08226	0.01581	0.01229	0.05391	0.00619	0.00174	0.00571	0.00492	0.00332	0.03071
31	0.00777	0.00532	0.00617	0.00628	0.00762	0.00475	0.00462	0.00907	0.01122	0.06858	0.07633	0.19454	0.38432	0.09902	0.00825	0.00216	0.00320	0.06782	0.02841	0.00455
32	0.00793	0.00567	0.00785	0.00889	0.00996	0.00559	0.00752	0.01011	0.01182	0.01556	0.09775	0.14997	0.03183	0.01407	0.00692	0.00226	0.00429	0.59253	0.00482	0.00467
33	0.00969	0.00912	0.01539	0.80734	0.03534	0.01140	0.01425	0.01311	0.01026	0.01311	0.00912	0.01368	0.00684	0.00513	0.00513	0.00171	0.00684	0.00456	0.00228	0.00570
34	0.01257	0.01095	0.01474	0.01222	0.01506	0.01226	0.13256	0.06602	0.42576	0.04219	0.01684	0.02998	0.01326	0.03624	0.06191	0.00233	0.07773	0.00581	0.00431	0.00728
35	0.01135	0.01094	0.01690	0.27817	0.08852	0.01383	0.05755	0.05470	0.01013	0.01432	0.00830	0.01238	0.00706	0.00689	0.01067	0.00194	0.38316	0.00462	0.00246	0.00611

[dist]
# distance from previous block
# <min> <max>
1	2

[block]
# block no. 11 follows, 48 sequences, length 11
# corresponding to MSA columns:
# 1067-1077
name=unknown_L
#
# <colnr> <probs for GDERKNQSTAVLIFYWHMCP>
#	G	D	E	R	K	N	Q	S	T	A	V	L	I	F	Y	W	H	M	C	P
0	0.09835	0.03944	0.04471	0.00838	0.01134	0.01075	0.00711	0.30366	0.03156	0.02409	0.01460	0.01563	0.03453	0.00606	0.00430	0.00141	0.00418	0.00461	0.32867	0.00661
1	0.01458	0.04051	0.04524	0.19920	0.27655	0.06924	0.04030	0.01743	0.01228	0.19072	0.03612	0.01437	0.00990	0.00534	0.00507	0.00156	0.00612	0.00472	0.00342	0.00733
2	0.01119	0.00696	0.00982	0.00874	0.01036	0.00689	0.05479	0.06847	0.06329	0.10870	0.14754	0.12867	0.02092	0.01230	0.01038	0.27081	0.00425	0.04668	0.00422	0.00503
3	0.01211	0.01384	0.03028	0.02163	0.02682	0.01298	0.76903	0.01644	0.01211	0.01644	0.01038	0.01384	0.00779	0.00433	0.00606	0.00173	0.00865	0.00606	0.00260	0.00692
4	0.01041	0.00916	0.03676	0.06944	0.17475	0.03698	0.00954	0.04278	0.05739	0.03916	0.08539	0.15782	0.03671	0.03955	0.00663	0.00196	0.00488	0.17067	0.00406	0.00597
5	0.01220	0.23595	0.26321	0.04712	0.12433	0.04343	0.11409	0.01616	0.03396	0.01494	0.00905	0.01110	0.00722	0.00490	0.00517	0.00151	0.04215	0.00402	0.00240	0.00710
6	0.01554	0.00699	0.00872	0.00741	0.00993	0.00649	0.00597	0.04619	0.01340	0.35775	0.08969	0.02240	0.01709	0.00709	0.00479	0.00149	0.00353	0.05333	0.31553	0.00666
7	0.00795	0.00507	0.00662	0.00698	0.00785	0.00466	0.00489	0.00928	0.01132	0.07937	0.21372	0.48798	0.06134	0.05880	0.00739	0.00208	0.00305	0.01197	0.00502	0.00466
8	0.01203	0.07124	0.08565	0.27544	0.12061	0.01152	0.11138	0.03337	0.01135	0.09357	0.01167	0.05596	0.00950	0.00764	0.05232	0.00203	0.01991	0.00520	0.00298	0.00663
9	0.04327	0.01473	0.11610	0.32394	0.02413	0.15754	0.06651	0.04219	0.01159	0.01501	0.02788	0.01280	0.00804	0.00561	0.00607	0.00165	0.08268	0.00439	0.02975	0.00612
10	0.26891	0.00950	0.01169	0.00921	0.01288	0.00933	0.05573	0.05697	0.01320	0.43533	0.05594	0.01538	0.01197	0.00596	0.00467	0.00160	0.00448	0.00470	0.00507	0.00747

[dist]
# distance from previous block
# <min> <max>
1	4

[block]
# block no. 12 follows, 48 sequences, length 51
# corresponding to MSA columns:
# 1082-1132
name=unknown_M
#
# <colnr> <probs for GDERKNQSTAVLIFYWHMCP>
#	G	D	E	R	K	N	Q	S	T	A	V	L	I	F	Y	W	H	M	C	P
0	0.00890	0.00677	0.03055	0.00858	0.01008	0.00618	0.00702	0.06725	0.01206	0.04390	0.02694	0.32208	0.08216	0.01331	0.00644	0.00206	0.00406	0.30713	0.00471	0.02983
1	0.07189	0.26207	0.01897	0.04954	0.01591	0.03430	0.09708	0.10339	0.13444	0.01776	0.01062	0.01180	0.00848	0.00522	0.00491	0.00141	0.04182	0.00405	0.00324	0.10311
2	0.18884	0.05164	0.20323	0.03233	0.07997	0.03132	0.06041	0.04549	0.09382	0.06404	0.02466	0.01316	0.02502	0.00534	0.00458	0.00154	0.00563	0.00427	0.00331	0.06139
3	0.00724	0.00515	0.00654	0.00649	0.00764	0.00468	0.00475	0.00915	0.01308	0.03618	0.49414	0.21253	0.14929	0.01199	0.00614	0.00173	0.00262	0.01058	0.00534	0.00471
4	0.00708	0.00499	0.00642	0.00677	0.00734	0.00505	0.00468	0.00817	0.00925	0.01274	0.06546	0.26563	0.07031	0.23757	0.20948	0.00432	0.00615	0.02117	0.04336	0.00407
5	0.01351	0.20226	0.09558	0.10279	0.24165	0.04358	0.02548	0.01667	0.03913	0.09121	0.01013	0.01205	0.00802	0.00526	0.00562	0.00152	0.07135	0.00414	0.00285	0.00721
6	0.44354	0.01086	0.01053	0.00864	0.01216	0.01191	0.00710	0.21647	0.04256	0.16170	0.02292	0.01185	0.00867	0.00558	0.00416	0.00158	0.00446	0.00390	0.00437	0.00704
7	0.00624	0.00452	0.00590	0.00700	0.00740	0.00418	0.00470	0.00716	0.00997	0.01316	0.03007	0.75844	0.09067	0.01584	0.00651	0.00206	0.00295	0.01430	0.00476	0.00418
8	0.01827	0.15635	0.01660	0.01246	0.01542	0.65564	0.00972	0.03361	0.01404	0.01285	0.00788	0.00914	0.00664	0.00516	0.00442	0.00129	0.00856	0.00324	0.00262	0.00611
9	0.01287	0.00662	0.00844	0.00772	0.00971	0.00618	0.00591	0.04035	0.03157	0.27138	0.07531	0.24046	0.08467	0.04585	0.03003	0.00208	0.00392	0.04100	0.06990	0.00602
10	0.00670	0.00478	0.00647	0.00765	0.00815	0.00455	0.00554	0.00791	0.01026	0.01360	0.02803	0.64874	0.03296	0.01566	0.00667	0.00215	0.00336	0.17777	0.00475	0.00429
11	0.48324	0.01023	0.01053	0.00855	0.01214	0.01091	0.03267	0.10671	0.01241	0.25055	0.01173	0.01168	0.00811	0.00538	0.00409	0.00159	0.00444	0.00381	0.00432	0.00691
12	0.05714	0.13719	0.14598	0.16592	0.22543	0.07289	0.03130	0.07646	0.01216	0.01655	0.00907	0.01141	0.00718	0.00488	0.00468	0.00151	0.00654	0.00402	0.00263	0.00707
13	0.00762	0.00622	0.02531	0.00680	0.00838	0.00560	0.00531	0.01099	0.07874	0.01958	0.59573	0.03767	0.15172	0.01042	0.00596	0.00164	0.00271	0.00908	0.00540	0.00511
