[name]
unknown

[dist]
# distance from previous block
# <min> <max>
0	19

[block]
# block no. 0 follows, 39 sequences, length 33
# corresponding to MSA columns:
# 19-51
name=unknown_A
#
# <colnr> <probs for GDERKNQSTAVLIFYWHMCP>
#	G	D	E	R	K	N	Q	S	T	A	V	L	I	F	Y	W	H	M	C	P
0	0.01220	0.00997	0.05369	0.01163	0.06648	0.00893	0.00868	0.01782	0.17022	0.09502	0.20551	0.16499	0.06072	0.01082	0.00650	0.00195	0.00436	0.03008	0.00557	0.05488
1	0.00905	0.00587	0.00776	0.00824	0.00930	0.00542	0.00593	0.01076	0.01341	0.07181	0.22805	0.46175	0.06986	0.01570	0.00729	0.00221	0.00347	0.05279	0.00590	0.00544
2	0.01334	0.01214	0.02121	0.18922	0.27992	0.01222	0.14556	0.01687	0.01312	0.05364	0.01423	0.07406	0.01254	0.00689	0.00619	0.00187	0.00710	0.04093	0.00344	0.07551
3	0.00851	0.00575	0.00675	0.00682	0.00694	0.00583	0.00403	0.00875	0.00884	0.01187	0.01918	0.07993	0.02190	0.68167	0.09453	0.00588	0.00650	0.00887	0.00365	0.00380
4	0.01342	0.01306	0.06416	0.07326	0.06333	0.01164	0.30331	0.01804	0.04971	0.08673	0.16904	0.02325	0.04041	0.00720	0.00653	0.00189	0.00700	0.00731	0.00429	0.03641
5	0.06145	0.01072	0.01245	0.00920	0.01419	0.00881	0.00741	0.03551	0.03907	0.13169	0.01288	0.01369	0.00987	0.00508	0.00467	0.00114	0.00455	0.00401	0.00424	0.60936
6	0.00908	0.00594	0.00736	0.00736	0.00786	0.00570	0.00473	0.00903	0.00932	0.01261	0.01886	0.13302	0.02127	0.43058	0.02260	0.17443	0.00519	0.04765	0.00372	0.06369
7	0.01815	0.01483	0.01807	0.12655	0.10538	0.07494	0.05370	0.27188	0.10020	0.08904	0.01638	0.01736	0.04009	0.00700	0.00619	0.00185	0.01910	0.00577	0.00477	0.00877
8	0.02245	0.01608	0.01738	0.01339	0.01806	0.01769	0.01104	0.67381	0.05031	0.07676	0.01502	0.01478	0.01057	0.00714	0.00592	0.00179	0.00637	0.00540	0.00600	0.01004
9	0.01989	0.01089	0.01424	0.03512	0.01601	0.01079	0.04391	0.15041	0.08649	0.34524	0.06663	0.05804	0.01845	0.00849	0.00617	0.00191	0.00529	0.04703	0.04622	0.00879
10	0.01279	0.00888	0.01058	0.00838	0.01206	0.00732	0.00652	0.01551	0.03710	0.12397	0.13620	0.02648	0.11574	0.06487	0.00728	0.00170	0.00415	0.00663	0.00486	0.38899
11	0.01555	0.33715	0.09351	0.01728	0.13209	0.04839	0.08801	0.07222	0.04895	0.01802	0.01049	0.01250	0.00870	0.00588	0.00616	0.00166	0.06769	0.00451	0.00308	0.00816
12	0.01441	0.00944	0.01141	0.00923	0.01261	0.00864	0.00730	0.13003	0.01719	0.14147	0.29755	0.04929	0.04561	0.00887	0.00601	0.00162	0.00416	0.00751	0.00574	0.21190
13	0.09011	0.05306	0.05036	0.01228	0.01712	0.01595	0.01054	0.45266	0.04361	0.08971	0.01387	0.01400	0.00997	0.00655	0.00545	0.00167	0.00604	0.00489	0.00526	0.09691
14	0.00860	0.00573	0.00645	0.00645	0.00645	0.00573	0.00358	0.00860	0.00860	0.01147	0.01863	0.03870	0.02150	0.79217	0.03010	0.00573	0.00573	0.00860	0.00358	0.00358
15	0.00998	0.00524	0.00749	0.00749	0.00749	0.00524	0.00487	0.00786	0.00786	0.01048	0.01172	0.02156	0.01221	0.15392	0.02432	0.68583	0.00524	0.00573	0.00274	0.00274
16	0.05888	0.01372	0.07675	0.01861	0.06222	0.01251	0.33706	0.01670	0.04627	0.01908	0.07154	0.13189	0.01770	0.00841	0.00756	0.00207	0.06104	0.02691	0.00380	0.00726
17	0.01534	0.06527	0.16495	0.10534	0.24788	0.01351	0.02766	0.04836	0.06785	0.11969	0.05562	0.01699	0.01273	0.00633	0.00579	0.00181	0.00676	0.00549	0.00393	0.00870
18	0.00794	0.00591	0.00796	0.00876	0.00924	0.00605	0.00620	0.00923	0.01141	0.01552	0.08379	0.54680	0.03531	0.06334	0.06730	0.00312	0.05365	0.04841	0.00510	0.00497
19	0.13658	0.00977	0.01166	0.00984	0.01327	0.00971	0.00796	0.07831	0.05387	0.35684	0.02071	0.07823	0.01609	0.01101	0.06125	0.00245	0.00558	0.04057	0.06811	0.00819
20	0.01618	0.03812	0.12002	0.09703	0.14936	0.06944	0.09155	0.14791	0.07138	0.06624	0.01496	0.01662	0.03926	0.00659	0.00631	0.00185	0.02907	0.00561	0.00397	0.00853
21	0.01200	0.00963	0.04812	0.12255	0.05002	0.00970	0.01008	0.01410	0.01209	0.11900	0.02380	0.31070	0.07490	0.01226	0.00892	0.00221	0.13867	0.01019	0.00457	0.00649
22	0.01464	0.01405	0.02400	0.03630	0.75528	0.01405	0.01815	0.01815	0.01347	0.01932	0.01112	0.01464	0.00937	0.00527	0.00585	0.00176	0.00703	0.00527	0.00293	0.00937
23	0.00730	0.00522	0.00694	0.00817	0.00860	0.00486	0.00550	0.00846	0.01175	0.01577	0.08906	0.72991	0.04042	0.01802	0.00750	0.00236	0.00338	0.01633	0.00557	0.00486
24	0.01619	0.31210	0.21278	0.05055	0.02076	0.22219	0.05375	0.01952	0.01352	0.01563	0.00940	0.01123	0.00766	0.00552	0.00495	0.00156	0.00839	0.00396	0.00269	0.00766
25	0.01276	0.07129	0.08580	0.01640	0.13637	0.01311	0.07278	0.02003	0.22352	0.02091	0.17136	0.02387	0.04721	0.00810	0.00684	0.00190	0.04825	0.00697	0.00457	0.00795
26	0.00970	0.00639	0.00835	0.00830	0.00890	0.00668	0.00582	0.01012	0.01002	0.04901	0.02244	0.16664	0.07662	0.26196	0.10456	0.13942	0.06260	0.03393	0.00403	0.00452
27	0.07684	0.01339	0.02428	0.24430	0.23734	0.01414	0.24413	0.01734	0.01275	0.01838	0.01088	0.01494	0.00853	0.00554	0.00649	0.00193	0.03245	0.00565	0.00291	0.00779
28	0.00721	0.00515	0.00686	0.00823	0.00858	0.00480	0.00549	0.00823	0.01132	0.01510	0.03259	0.78831	0.03911	0.01853	0.00755	0.00240	0.00343	0.01681	0.00549	0.00480
29	0.01842	0.39692	0.07818	0.01239	0.01733	0.13151	0.01150	0.23005	0.01740	0.02123	0.01029	0.01127	0.00831	0.00585	0.00478	0.00150	0.00720	0.00398	0.00360	0.00829
30	0.01532	0.43034	0.25209	0.01331	0.01950	0.01943	0.04911	0.10497	0.01417	0.01845	0.00986	0.01129	0.00793	0.00547	0.00476	0.00155	0.00726	0.00398	0.00295	0.00826
31	0.03992	0.12399	0.08676	0.11666	0.07472	0.01509	0.09916	0.14627	0.04167	0.16556	0.01393	0.01512	0.01006	0.00622	0.00587	0.00180	0.01899	0.00523	0.00431	0.00866
32	0.06981	0.06804	0.01444	0.03462	0.01547	0.01063	0.00839	0.06661	0.03273	0.26697	0.01504	0.01499	0.01077	0.00579	0.00500	0.00140	0.00501	0.00453	0.00490	0.34485

[dist]
# distance from previous block
# <min> <max>
0	20

[block]
# block no. 1 follows, 39 sequences, length 10
# corresponding to MSA columns:
# 72-81
name=unknown_B
#
# <colnr> <probs for GDERKNQSTAVLIFYWHMCP>
#	G	D	E	R	K	N	Q	S	T	A	V	L	I	F	Y	W	H	M	C	P
0	0.01126	0.01097	0.01969	0.10623	0.06127	0.01070	0.27369	0.04606	0.01409	0.01859	0.08309	0.12026	0.17890	0.00958	0.00682	0.00201	0.00653	0.00929	0.00420	0.00675
1	0.01660	0.10943	0.13055	0.02885	0.09755	0.03860	0.04725	0.08885	0.01489	0.14105	0.01280	0.01388	0.00954	0.00560	0.00525	0.00151	0.00641	0.00457	0.00398	0.22284
2	0.00899	0.00617	0.00714	0.00711	0.00888	0.00536	0.00524	0.01062	0.01371	0.08444	0.13806	0.22126	0.43201	0.01474	0.00702	0.00206	0.00326	0.01266	0.00579	0.00548
3	0.01368	0.01108	0.01348	0.15420	0.04981	0.04831	0.01015	0.08346	0.20585	0.05307	0.08656	0.04434	0.03314	0.01263	0.07809	0.07694	0.00667	0.00669	0.00461	0.00725
4	0.56459	0.01101	0.01027	0.00858	0.01258	0.01169	0.00706	0.02028	0.01204	0.22219	0.01242	0.01259	0.00876	0.00591	0.00432	0.00177	0.00468	0.00396	0.00463	0.06066
5	0.01290	0.00977	0.01294	0.05690	0.01459	0.01080	0.04741	0.15157	0.07330	0.03916	0.04156	0.02392	0.01580	0.19010	0.19434	0.04485	0.04283	0.00667	0.00415	0.00643
6	0.00859	0.00588	0.00758	0.00764	0.00826	0.00615	0.00526	0.00940	0.00956	0.01318	0.02126	0.06654	0.08409	0.32153	0.28578	0.07960	0.00877	0.00808	0.03850	0.00436
7	0.20204	0.01369	0.08464	0.09290	0.01744	0.04712	0.01030	0.06700	0.18291	0.06944	0.05878	0.01737	0.01361	0.00778	0.00667	0.04964	0.02186	0.00534	0.02393	0.00753
8	0.01360	0.00897	0.01093	0.00888	0.01246	0.00759	0.00693	0.04174	0.03096	0.15225	0.13693	0.13182	0.06386	0.00892	0.00576	0.00154	0.00411	0.00762	0.00520	0.33993
9	0.45272	0.01469	0.08469	0.01174	0.05643	0.05281	0.00969	0.08452	0.05352	0.11179	0.01186	0.01256	0.00868	0.00602	0.00466	0.00182	0.00567	0.00417	0.00424	0.00774

[dist]
# distance from previous block
# <min> <max>
4	53

[block]
# block no. 2 follows, 39 sequences, length 33
# corresponding to MSA columns:
# 140-172
name=unknown_C
#
# <colnr> <probs for GDERKNQSTAVLIFYWHMCP>
#	G	D	E	R	K	N	Q	S	T	A	V	L	I	F	Y	W	H	M	C	P
0	0.03868	0.01077	0.03476	0.24067	0.02125	0.05343	0.02920	0.01695	0.07454	0.10094	0.10345	0.05549	0.04109	0.09810	0.00896	0.00241	0.00613	0.05207	0.00443	0.00667
1	0.01660	0.07038	0.07095	0.12743	0.01917	0.06233	0.01063	0.09021	0.01516	0.18685	0.03967	0.08943	0.01435	0.00745	0.00561	0.00168	0.00599	0.00610	0.02005	0.13996
2	0.01571	0.07102	0.06783	0.19794	0.09917	0.26053	0.04044	0.01938	0.05559	0.01625	0.01119	0.01459	0.00922	0.04286	0.00665	0.00187	0.00825	0.00479	0.00308	0.05363
3	0.09002	0.09331	0.23828	0.02857	0.06000	0.07059	0.01349	0.04340	0.01224	0.01783	0.01196	0.04854	0.01046	0.01409	0.15416	0.00334	0.07414	0.00520	0.00308	0.00728
4	0.06995	0.06203	0.25238	0.11772	0.05035	0.01319	0.01419	0.07141	0.01390	0.11100	0.04730	0.01594	0.01147	0.00662	0.00632	0.00184	0.05602	0.00508	0.06531	0.00797
5	0.04111	0.00711	0.00790	0.00757	0.00877	0.03624	0.00535	0.01116	0.03171	0.01646	0.15554	0.05333	0.09766	0.11596	0.01418	0.24705	0.00441	0.00762	0.08987	0.04098
6	0.07009	0.01146	0.01859	0.18133	0.11095	0.01198	0.14446	0.01952	0.07105	0.15666	0.01466	0.01719	0.01091	0.00852	0.03729	0.04951	0.01763	0.00572	0.03476	0.00770
7	0.01641	0.00821	0.01070	0.03807	0.01281	0.00778	0.00737	0.01972	0.07081	0.31794	0.17675	0.10300	0.02676	0.06846	0.00806	0.00219	0.00438	0.02668	0.06642	0.00748
8	0.03581	0.06347	0.06462	0.03861	0.07242	0.00996	0.00957	0.01743	0.01332	0.14856	0.05032	0.01905	0.04767	0.00754	0.02796	0.00167	0.00548	0.02354	0.00424	0.33876
9	0.78858	0.01109	0.00859	0.00780	0.01128	0.01280	0.00635	0.01688	0.01013	0.02591	0.00957	0.05233	0.00820	0.00620	0.00387	0.00186	0.00451	0.00395	0.00376	0.00632
10	0.01159	0.01278	0.11023	0.05757	0.05029	0.03922	0.01066	0.02902	0.17384	0.02014	0.19140	0.10321	0.04969	0.01151	0.04325	0.00235	0.06321	0.00814	0.00476	0.00713
11	0.00751	0.00552	0.00703	0.00769	0.00857	0.00505	0.00537	0.00910	0.01317	0.01767	0.24087	0.47281	0.14547	0.01619	0.00731	0.00219	0.00319	0.01446	0.00578	0.00505
12	0.01039	0.00896	0.01318	0.13680	0.14244	0.00988	0.01027	0.01352	0.05510	0.01683	0.09721	0.14452	0.07190	0.07647	0.09920	0.00323	0.07111	0.00860	0.00407	0.00633
13	0.10694	0.01809	0.01289	0.01190	0.01457	0.36435	0.00898	0.05966	0.09003	0.01887	0.03764	0.12895	0.04981	0.00871	0.00564	0.00177	0.00717	0.00669	0.04057	0.00676
14	0.01079	0.00799	0.00931	0.00894	0.01050	0.00839	0.00643	0.03477	0.21064	0.04074	0.18160	0.18919	0.03095	0.18627	0.03411	0.00309	0.00463	0.01001	0.00543	0.00623
15	0.02209	0.02819	0.01676	0.01524	0.01828	0.76843	0.01143	0.02361	0.01676	0.01447	0.00914	0.01066	0.00762	0.00609	0.00533	0.00152	0.01066	0.00381	0.00305	0.00686
16	0.01523	0.01296	0.01367	0.01214	0.01558	0.01495	0.00949	0.07889	0.69628	0.02558	0.02340	0.02153	0.01751	0.00796	0.00601	0.00199	0.00480	0.00659	0.00601	0.00941
17	0.00926	0.05231	0.01149	0.01320	0.14421	0.00774	0.00812	0.01112	0.01273	0.01705	0.11911	0.40863	0.10634	0.01411	0.00692	0.00212	0.00420	0.04042	0.00498	0.00593
18	0.01299	0.05584	0.68569	0.01619	0.02453	0.01373	0.02055	0.01937	0.01277	0.06848	0.01139	0.01290	0.00798	0.00571	0.00558	0.00185	0.00841	0.00443	0.00282	0.00879
19	0.02026	0.18637	0.10470	0.01342	0.01873	0.02667	0.08919	0.17432	0.01734	0.26875	0.01522	0.01509	0.01060	0.00632	0.00554	0.00171	0.00666	0.00511	0.00490	0.00910
20	0.00855	0.00574	0.00661	0.00676	0.00684	0.00572	0.00397	0.00874	0.00900	0.01198	0.02010	0.08850	0.02320	0.70767	0.02767	0.00538	0.00557	0.04046	0.00379	0.00374
21	0.01468	0.01346	0.02407	0.16886	0.44715	0.01368	0.14259	0.01845	0.01348	0.06836	0.01198	0.01544	0.00938	0.00548	0.00607	0.00184	0.00756	0.00561	0.00318	0.00866
22	0.07196	0.04509	0.05219	0.10095	0.16913	0.12759	0.01256	0.07098	0.14368	0.09386	0.01499	0.04600	0.01187	0.00683	0.00565	0.00181	0.00677	0.00556	0.00421	0.00832
23	0.00946	0.00603	0.00766	0.03175	0.00979	0.00564	0.00574	0.01113	0.01289	0.07610	0.15210	0.37574	0.12362	0.05898	0.00818	0.00230	0.00361	0.01252	0.08131	0.00542
24	0.01661	0.65520	0.02873	0.01204	0.05022	0.12387	0.01067	0.01853	0.01273	0.01424	0.00848	0.00989	0.00768	0.00521	0.00410	0.00132	0.00694	0.00335	0.00262	0.00757
25	0.01464	0.01405	0.02400	0.03630	0.75528	0.01405	0.01815	0.01815	0.01347	0.01932	0.01112	0.01464	0.00937	0.00527	0.00585	0.00176	0.00703	0.00527	0.00293	0.00937
26	0.08419	0.01840	0.01619	0.08006	0.04691	0.32535	0.04936	0.03401	0.08179	0.11962	0.04066	0.01517	0.01149	0.00644	0.00553	0.00169	0.00779	0.00493	0.00410	0.04631
27	0.01953	0.04930	0.04647	0.04762	0.17644	0.01226	0.06657	0.03770	0.10735	0.33600	0.01860	0.01833	0.02294	0.00667	0.00591	0.00183	0.00610	0.00584	0.00524	0.00929
28	0.00894	0.00603	0.00806	0.00852	0.00933	0.00597	0.00612	0.01018	0.01187	0.05074	0.11450	0.41367	0.06858	0.06302	0.06874	0.05034	0.03384	0.05132	0.00513	0.00509
29	0.00733	0.00529	0.00697	0.00826	0.00876	0.00493	0.00567	0.00848	0.01157	0.01529	0.03402	0.70684	0.07799	0.01821	0.00755	0.00240	0.00352	0.05660	0.00549	0.00485
30	0.08207	0.15376	0.04087	0.08694	0.12793	0.15081	0.08625	0.06767	0.01440	0.07659	0.01103	0.01311	0.00865	0.00600	0.00609	0.00173	0.05008	0.00468	0.00343	0.00790
31	0.04523	0.27320	0.08481	0.13703	0.05164	0.05057	0.03095	0.04607	0.01367	0.14672	0.01285	0.03392	0.01009	0.00698	0.02105	0.00182	0.00691	0.00484	0.01371	0.00791
32	0.01896	0.00974	0.01144	0.00962	0.01274	0.03702	0.00748	0.04296	0.09537	0.38035	0.04521	0.06865	0.05286	0.10304	0.00886	0.00231	0.00489	0.00728	0.07317	0.00804

[dist]
# distance from previous block
# <min> <max>
0	27

[block]
# block no. 3 follows, 39 sequences, length 28
# corresponding to MSA columns:
# 200-212,214-228
name=unknown_D
#
# <colnr> <probs for GDERKNQSTAVLIFYWHMCP>
#	G	D	E	R	K	N	Q	S	T	A	V	L	I	F	Y	W	H	M	C	P
0	0.01635	0.01599	0.05622	0.01304	0.01622	0.21570	0.07291	0.02002	0.07853	0.12545	0.12705	0.05932	0.01930	0.04850	0.00823	0.00204	0.06091	0.00671	0.00455	0.03299
1	0.05613	0.12484	0.01853	0.18597	0.02198	0.01518	0.05053	0.18163	0.09440	0.04976	0.01320	0.01498	0.01006	0.00686	0.01829	0.00183	0.01898	0.00500	0.02672	0.08512
2	0.00969	0.00677	0.00763	0.00735	0.00807	0.00696	0.00471	0.03634	0.07969	0.01563	0.10621	0.05970	0.02511	0.54041	0.02242	0.00449	0.00511	0.00868	0.04032	0.00471
3	0.04454	0.00860	0.04248	0.04091	0.01274	0.00778	0.04675	0.01396	0.07171	0.04998	0.36348	0.12889	0.08716	0.04534	0.00770	0.00213	0.00418	0.00997	0.00554	0.00617
4	0.01003	0.00617	0.00759	0.00784	0.00916	0.00580	0.00564	0.01238	0.04364	0.08595	0.12157	0.39707	0.10445	0.01402	0.00666	0.00206	0.00340	0.01237	0.13848	0.00571
5	0.00872	0.00576	0.00692	0.00724	0.00849	0.00525	0.00519	0.01049	0.01321	0.04812	0.16685	0.33296	0.20773	0.01431	0.00673	0.00203	0.00317	0.01253	0.12896	0.00531
6	0.01518	0.01064	0.01172	0.01035	0.01337	0.01163	0.00809	0.05496	0.42792	0.11419	0.10238	0.02392	0.02096	0.00816	0.00580	0.00186	0.00428	0.00679	0.13935	0.00844
7	0.00910	0.00677	0.00861	0.00829	0.00854	0.00765	0.00564	0.00976	0.00887	0.01234	0.01663	0.03187	0.01822	0.51922	0.20295	0.00623	0.10396	0.00764	0.00336	0.00434
8	0.02332	0.00955	0.01269	0.00990	0.01411	0.00822	0.00807	0.02562	0.01595	0.60912	0.02234	0.05303	0.01524	0.00752	0.00575	0.00174	0.00474	0.00618	0.06738	0.07951
9	0.01550	0.73534	0.08864	0.01065	0.01600	0.02264	0.01104	0.01779	0.01205	0.01429	0.00841	0.00972	0.00758	0.00510	0.00394	0.00131	0.00651	0.00326	0.00253	0.00768
10	0.00763	0.00563	0.00749	0.00866	0.00916	0.00549	0.00611	0.00885	0.01155	0.01535	0.03271	0.66030	0.06741	0.01787	0.00802	0.00242	0.03200	0.08305	0.00538	0.00493
11	0.01464	0.01405	0.02400	0.03630	0.75528	0.01405	0.01815	0.01815	0.01347	0.01932	0.01112	0.01464	0.00937	0.00527	0.00585	0.00176	0.00703	0.00527	0.00293	0.00937
12	0.05801	0.01479	0.05209	0.09634	0.17304	0.04599	0.09115	0.14793	0.14437	0.04840	0.01493	0.04629	0.01184	0.00686	0.00620	0.00189	0.02107	0.00598	0.00425	0.00856
13	0.01511	0.01602	0.01778	0.01529	0.01636	0.17317	0.02998	0.05227	0.01174	0.01553	0.00889	0.01313	0.00824	0.01092	0.05402	0.00267	0.52428	0.00500	0.00289	0.00671
14	0.01633	0.01254	0.01860	0.19976	0.20371	0.01341	0.05272	0.11711	0.11827	0.13031	0.04612	0.01800	0.01303	0.00663	0.00602	0.00187	0.00652	0.00589	0.00449	0.00866
15	0.00914	0.00717	0.00782	0.00764	0.00856	0.03944	0.00520	0.01083	0.03999	0.01486	0.12632	0.03759	0.12890	0.38121	0.14581	0.00496	0.00680	0.00878	0.00427	0.00472
16	0.00870	0.00619	0.00776	0.00783	0.00898	0.00591	0.00562	0.02381	0.05102	0.01846	0.28631	0.24947	0.14616	0.01527	0.00944	0.12342	0.00351	0.01156	0.00546	0.00511
17	0.00914	0.00697	0.00999	0.00977	0.01083	0.00815	0.00756	0.03703	0.01018	0.01457	0.01618	0.05413	0.01555	0.07345	0.63962	0.00842	0.05293	0.00677	0.00335	0.00542
18	0.01036	0.00569	0.00873	0.08668	0.01109	0.00596	0.00629	0.00846	0.00813	0.01077	0.01030	0.01775	0.01003	0.01904	0.02135	0.74325	0.00542	0.00515	0.00257	0.00298
19	0.00984	0.00677	0.00768	0.00723	0.00807	0.00665	0.00464	0.04927	0.01042	0.01442	0.01843	0.03579	0.02015	0.60036	0.02408	0.00472	0.00549	0.04617	0.04603	0.07378
20	0.31453	0.01072	0.01181	0.00950	0.01363	0.01072	0.00783	0.06268	0.01488	0.42749	0.01727	0.01612	0.01146	0.00664	0.00505	0.00181	0.00486	0.00491	0.03954	0.00857
21	0.00849	0.00584	0.00690	0.00687	0.00718	0.00590	0.00422	0.00898	0.00941	0.01265	0.06018	0.03796	0.06010	0.61439	0.12200	0.00581	0.00672	0.00862	0.00379	0.00398
22	0.01220	0.01051	0.01256	0.05113	0.01549	0.00817	0.00753	0.01490	0.01224	0.01904	0.01051	0.01246	0.00871	0.00446	0.00446	0.00094	0.00457	0.00360	0.00346	0.78306
23	0.10370	0.01090	0.01315	0.01057	0.01471	0.01068	0.00860	0.07030	0.14781	0.47842	0.05313	0.02012	0.01595	0.00746	0.00578	0.00186	0.00492	0.00598	0.00660	0.00938
24	0.00782	0.00689	0.04842	0.00804	0.00939	0.00551	0.00617	0.00967	0.01286	0.01742	0.17475	0.43790	0.16664	0.01543	0.00708	0.00215	0.00349	0.01368	0.04146	0.00524
25	0.05432	0.00940	0.01121	0.01049	0.04507	0.00934	0.00778	0.10721	0.09031	0.08441	0.23084	0.09318	0.06592	0.01003	0.00623	0.00184	0.00427	0.04428	0.02587	0.08800
26	0.09392	0.01014	0.01177	0.04146	0.01440	0.00925	0.00765	0.05228	0.06201	0.07050	0.01536	0.11477	0.01379	0.00875	0.03902	0.00178	0.00510	0.00587	0.00427	0.41791
27	0.05087	0.14757	0.04806	0.09654	0.08396	0.02305	0.04676	0.05840	0.05442	0.07836	0.04722	0.05904	0.02564	0.01668	0.00568	0.00171	0.00586	0.00583	0.04853	0.09584

[dist]
# distance from previous block
# <min> <max>
10	59

[block]
# block no. 4 follows, 39 sequences, length 10
# corresponding to MSA columns:
# 299-308
name=unknown_E
#
# <colnr> <probs for GDERKNQSTAVLIFYWHMCP>
#	G	D	E	R	K	N	Q	S	T	A	V	L	I	F	Y	W	H	M	C	P
0	0.03856	0.00851	0.01046	0.00913	0.01119	0.00864	0.00690	0.01654	0.04961	0.19875	0.02112	0.07390	0.05378	0.22803	0.01413	0.00298	0.09340	0.02399	0.05890	0.07146
1	0.01413	0.01288	0.08208	0.01174	0.06209	0.00971	0.00951	0.08214	0.01433	0.07344	0.04852	0.01475	0.01154	0.00539	0.00497	0.00122	0.00511	0.00439	0.00401	0.52807
2	0.07410	0.01205	0.08097	0.01045	0.01475	0.00964	0.02691	0.06455	0.01370	0.05364	0.07853	0.07800	0.01651	0.00750	0.00590	0.00153	0.03397	0.04181	0.00422	0.37125
3	0.01373	0.01032	0.05911	0.01066	0.01292	0.00983	0.03137	0.09956	0.01301	0.13024	0.01738	0.02722	0.01616	0.27004	0.14917	0.00456	0.07090	0.04312	0.00428	0.00643
4	0.00884	0.00613	0.00732	0.00727	0.00730	0.00644	0.00445	0.00889	0.00884	0.01192	0.01879	0.10472	0.02167	0.63251	0.02699	0.04485	0.05662	0.00896	0.00364	0.00384
5	0.01304	0.05983	0.01106	0.00888	0.01125	0.00877	0.00702	0.08092	0.05283	0.12372	0.20416	0.11181	0.11136	0.01274	0.03558	0.03939	0.00457	0.03906	0.05738	0.00664
6	0.01049	0.00880	0.07723	0.00850	0.01082	0.00669	0.00703	0.01250	0.01290	0.09161	0.17734	0.13178	0.15155	0.14059	0.04521	0.02760	0.00492	0.00955	0.00498	0.05993
7	0.05139	0.15988	0.12625	0.03035	0.01668	0.01346	0.05805	0.08347	0.06500	0.08134	0.04843	0.04799	0.01456	0.11431	0.00878	0.00225	0.00619	0.00595	0.00407	0.06162
8	0.07557	0.01145	0.01558	0.20823	0.11760	0.01235	0.03073	0.06891	0.14462	0.06085	0.01551	0.04467	0.01247	0.00687	0.00564	0.00181	0.00592	0.02177	0.04481	0.09461
9	0.10178	0.03991	0.03926	0.04061	0.01662	0.04887	0.08760	0.17218	0.04410	0.09102	0.07408	0.09072	0.01733	0.08724	0.00858	0.00228	0.01864	0.00702	0.00473	0.00746

[dist]
# distance from previous block
# <min> <max>
7	46

[block]
# block no. 5 follows, 39 sequences, length 15
# corresponding to MSA columns:
# 358-372
name=unknown_F
#
# <colnr> <probs for GDERKNQSTAVLIFYWHMCP>
#	G	D	E	R	K	N	Q	S	T	A	V	L	I	F	Y	W	H	M	C	P
0	0.05117	0.11140	0.13993	0.01234	0.01702	0.10930	0.01152	0.12618	0.03643	0.17160	0.01521	0.01558	0.03247	0.00675	0.00603	0.00171	0.04581	0.00492	0.03579	0.04884
1	0.03502	0.10879	0.01753	0.05639	0.10487	0.05702	0.04070	0.10383	0.05707	0.06826	0.12967	0.03064	0.01747	0.00738	0.00627	0.01469	0.02761	0.00589	0.00436	0.10652
2	0.04111	0.13954	0.11614	0.09489	0.06223	0.01321	0.10216	0.03859	0.03551	0.06939	0.11807	0.04977	0.01741	0.00727	0.00577	0.00177	0.00636	0.02146	0.00398	0.05534
3	0.14634	0.05719	0.19411	0.04757	0.03800	0.07094	0.04309	0.11759	0.07798	0.09275	0.01398	0.05097	0.01091	0.00677	0.00547	0.00183	0.00681	0.00533	0.00413	0.00823
4	0.06906	0.03433	0.01001	0.00856	0.01102	0.00823	0.00668	0.01707	0.10048	0.16383	0.20751	0.12766	0.12623	0.01097	0.00626	0.00193	0.00385	0.02441	0.05509	0.00683
5	0.00963	0.00704	0.00984	0.10706	0.04623	0.00712	0.00780	0.01204	0.01356	0.04677	0.25287	0.13282	0.10812	0.04603	0.07453	0.00282	0.00527	0.06037	0.04430	0.00577
6	0.00841	0.00568	0.00662	0.00680	0.00689	0.00567	0.00398	0.00862	0.00900	0.01204	0.02041	0.13898	0.02362	0.66031	0.05449	0.00543	0.00580	0.00962	0.00382	0.00381
7	0.59366	0.01010	0.00859	0.00766	0.01090	0.01125	0.00621	0.01729	0.01145	0.08284	0.06981	0.01486	0.01215	0.00635	0.00417	0.00177	0.00422	0.00432	0.11592	0.00650
8	0.00874	0.00586	0.00693	0.00692	0.00768	0.00571	0.00468	0.01010	0.01169	0.01650	0.19506	0.06040	0.07955	0.36576	0.04919	0.00394	0.00482	0.04289	0.10898	0.00459
9	0.00923	0.00614	0.00786	0.00768	0.00910	0.00565	0.00573	0.01153	0.01513	0.06129	0.46365	0.15284	0.10826	0.03660	0.00767	0.00209	0.00325	0.04691	0.03380	0.00559
10	0.01664	0.69733	0.02925	0.01066	0.01558	0.06697	0.01027	0.06703	0.01337	0.01554	0.00868	0.00988	0.00776	0.00526	0.00403	0.00131	0.00659	0.00335	0.00279	0.00771
11	0.08644	0.01139	0.01256	0.00950	0.01433	0.01013	0.00762	0.07894	0.10653	0.02215	0.01235	0.01344	0.00984	0.00517	0.00466	0.00118	0.00462	0.00404	0.00404	0.58108
12	0.08310	0.01171	0.01188	0.00992	0.01320	0.05294	0.00793	0.23207	0.06809	0.12876	0.06262	0.02149	0.06534	0.00779	0.00543	0.00172	0.00492	0.00609	0.19712	0.00787
13	0.15638	0.05793	0.01447	0.01053	0.01504	0.01306	0.00868	0.19278	0.09162	0.17423	0.01485	0.01471	0.01074	0.00622	0.00508	0.00158	0.00520	0.00469	0.00508	0.19711
14	0.12334	0.01004	0.03470	0.01081	0.01336	0.00998	0.05070	0.03704	0.06358	0.10104	0.05216	0.27238	0.03965	0.01114	0.00762	0.00206	0.08696	0.00933	0.00486	0.05924

[dist]
# distance from previous block
# <min> <max>
0	18

[block]
# block no. 6 follows, 39 sequences, length 17
# corresponding to MSA columns:
# 391-407
name=unknown_G
#
# <colnr> <probs for GDERKNQSTAVLIFYWHMCP>
#	G	D	E	R	K	N	Q	S	T	A	V	L	I	F	Y	W	H	M	C	P
0	0.08401	0.03967	0.01638	0.01322	0.01640	0.21840	0.06195	0.01993	0.01370	0.15026	0.01325	0.01720	0.01093	0.02558	0.00847	0.00191	0.14187	0.04723	0.00397	0.09568
1	0.01415	0.01215	0.01229	0.01019	0.01408	0.11497	0.00814	0.01733	0.05039	0.07688	0.07577	0.02401	0.01720	0.00748	0.00551	0.00146	0.00536	0.11252	0.00440	0.41572
2	0.65272	0.01172	0.00993	0.00839	0.01236	0.01292	0.00688	0.07507	0.01181	0.02638	0.00904	0.01035	0.00703	0.00546	0.00394	0.00169	0.00470	0.00342	0.00382	0.12238
3	0.01027	0.00514	0.00770	0.00770	0.00770	0.00514	0.00514	0.00770	0.00770	0.01027	0.01027	0.01798	0.01027	0.02054	0.02311	0.82794	0.00514	0.00514	0.00257	0.00257
4	0.01330	0.01109	0.01260	0.00970	0.01423	0.00991	0.00771	0.08020	0.15370	0.02223	0.07336	0.01688	0.01445	0.00593	0.00504	0.00125	0.00449	0.00485	0.00444	0.53466
5	0.00998	0.00598	0.00804	0.00867	0.00973	0.00553	0.00623	0.01145	0.01266	0.11222	0.08945	0.57253	0.03690	0.01639	0.00734	0.00231	0.00374	0.06944	0.00581	0.00560
6	0.01117	0.01051	0.01774	0.77795	0.04073	0.01314	0.01642	0.01511	0.01182	0.01511	0.01051	0.01577	0.00788	0.00591	0.00591	0.00197	0.00788	0.00526	0.00263	0.00657
7	0.01978	0.02419	0.01539	0.01414	0.01696	0.61745	0.01070	0.02230	0.05593	0.01602	0.07562	0.01743	0.01389	0.00731	0.00568	0.00165	0.00936	0.04577	0.00365	0.00680
8	0.00894	0.00581	0.00753	0.00796	0.00854	0.00575	0.00533	0.00986	0.01042	0.05458	0.02469	0.37042	0.02792	0.28262	0.13762	0.00464	0.00629	0.01176	0.00457	0.00476
9	0.00836	0.00572	0.00725	0.00779	0.00885	0.00518	0.00549	0.00988	0.01304	0.05408	0.17687	0.47476	0.16855	0.01608	0.00726	0.00220	0.00331	0.01431	0.00578	0.00525
10	0.02031	0.05562	0.01340	0.01015	0.01375	0.03531	0.00816	0.02427	0.11393	0.43490	0.08840	0.04297	0.03695	0.04761	0.00755	0.02010	0.00499	0.00679	0.00627	0.00857
11	0.00970	0.00660	0.00956	0.01104	0.07402	0.00663	0.00736	0.01078	0.01112	0.03754	0.06389	0.22346	0.02521	0.08490	0.14698	0.14971	0.00672	0.10541	0.00429	0.00508
12	0.00958	0.00610	0.00783	0.00819	0.00952	0.00554	0.00602	0.01126	0.01335	0.09494	0.15186	0.40053	0.16080	0.01552	0.00725	0.00221	0.00360	0.07450	0.00584	0.00557
13	0.01919	0.01299	0.01866	0.05705	0.02001	0.01327	0.15364	0.21737	0.10639	0.22390	0.06054	0.01913	0.01472	0.00707	0.00616	0.00187	0.00634	0.00630	0.02639	0.00899
14	0.01444	0.01053	0.01467	0.25687	0.02237	0.03058	0.02862	0.07867	0.02722	0.14044	0.11616	0.10222	0.01935	0.00890	0.00753	0.00200	0.08177	0.00737	0.02313	0.00718
15	0.03422	0.00961	0.01390	0.22617	0.04499	0.01167	0.01099	0.01391	0.01103	0.05849	0.01575	0.16087	0.01563	0.07771	0.01185	0.00249	0.21810	0.00767	0.04876	0.00619
16	0.01216	0.05107	0.01298	0.01331	0.13543	0.00891	0.02185	0.02721	0.02448	0.07288	0.01903	0.20243	0.01916	0.11599	0.04060	0.03719	0.00544	0.00830	0.07205	0.09953

[dist]
# distance from previous block
# <min> <max>
2	10

[block]
# block no. 7 follows, 39 sequences, length 8
# corresponding to MSA columns:
# 418-425
name=unknown_H
#
# <colnr> <probs for GDERKNQSTAVLIFYWHMCP>
#	G	D	E	R	K	N	Q	S	T	A	V	L	I	F	Y	W	H	M	C	P
0	0.01372	0.00800	0.01025	0.04796	0.01260	0.00771	0.00727	0.07936	0.01560	0.19075	0.21329	0.15437	0.09823	0.07144	0.00851	0.00229	0.00436	0.04166	0.00592	0.00673
1	0.01283	0.07445	0.06859	0.26511	0.11053	0.01341	0.04455	0.01888	0.14567	0.01858	0.03674	0.01645	0.01158	0.00606	0.00558	0.00172	0.00653	0.00527	0.00354	0.13394
2	0.00782	0.00593	0.00706	0.00694	0.00834	0.00533	0.00505	0.00981	0.01455	0.01941	0.39954	0.11205	0.28794	0.07337	0.00880	0.00225	0.00314	0.01167	0.00585	0.00516
3	0.01010	0.00658	0.00860	0.07663	0.01203	0.00623	0.00654	0.01184	0.01317	0.10639	0.14002	0.31112	0.19487	0.05803	0.00827	0.00231	0.00396	0.01213	0.00550	0.00568
4	0.05020	0.01014	0.01153	0.00994	0.01239	0.01099	0.00786	0.23691	0.01755	0.06116	0.12834	0.12719	0.06366	0.01003	0.00716	0.00190	0.07385	0.00803	0.14403	0.00715
5	0.00885	0.00631	0.00816	0.00804	0.00909	0.00636	0.00572	0.01005	0.00999	0.01406	0.02028	0.11235	0.05202	0.25686	0.27849	0.04408	0.00860	0.02784	0.03465	0.07820
6	0.01252	0.01265	0.06833	0.61336	0.07255	0.01375	0.01635	0.08782	0.01355	0.01779	0.01092	0.01533	0.00815	0.00598	0.00589	0.00193	0.00776	0.00520	0.00296	0.00720
7	0.09258	0.13310	0.18187	0.04684	0.01833	0.01478	0.01231	0.05617	0.12579	0.05303	0.01258	0.01382	0.00971	0.00630	0.00631	0.00171	0.07548	0.00454	0.00371	0.13103

[dist]
# distance from previous block
# <min> <max>
15	86

[block]
# block no. 8 follows, 39 sequences, length 12
# corresponding to MSA columns:
# 512-523
name=unknown_I
#
# <colnr> <probs for GDERKNQSTAVLIFYWHMCP>
#	G	D	E	R	K	N	Q	S	T	A	V	L	I	F	Y	W	H	M	C	P
0	0.06344	0.10760	0.20073	0.10727	0.04384	0.03218	0.08402	0.04348	0.03648	0.15232	0.01321	0.01498	0.00970	0.02147	0.00638	0.00188	0.02841	0.00501	0.00379	0.02382
1	0.11664	0.13008	0.06737	0.07222	0.04835	0.03800	0.05472	0.05248	0.09552	0.15840	0.01444	0.01604	0.01090	0.00651	0.00581	0.00177	0.03323	0.02165	0.00429	0.05159
2	0.01112	0.00824	0.01033	0.04871	0.02630	0.02580	0.00760	0.05824	0.02812	0.06790	0.27147	0.12714	0.10596	0.01537	0.09119	0.00280	0.02825	0.03410	0.00535	0.02601
3	0.09983	0.04014	0.01888	0.16798	0.26050	0.06369	0.03411	0.06616	0.07200	0.06965	0.01252	0.01477	0.00965	0.00589	0.00553	0.00177	0.00678	0.00503	0.00370	0.04142
4	0.03312	0.00808	0.00963	0.00848	0.01102	0.00772	0.00664	0.04926	0.08099	0.14393	0.31927	0.03592	0.13783	0.01047	0.00635	0.00184	0.00372	0.03030	0.05541	0.04002
5	0.01152	0.00783	0.00957	0.00887	0.01096	0.00776	0.00686	0.03845	0.13528	0.09466	0.39085	0.09563	0.08870	0.01176	0.00681	0.00198	0.00367	0.05590	0.00627	0.00667
6	0.83394	0.01144	0.00869	0.00778	0.01144	0.01327	0.00640	0.01738	0.01006	0.02653	0.00823	0.00961	0.00640	0.00549	0.00366	0.00183	0.00457	0.00320	0.00366	0.00640
7	0.01027	0.00514	0.00770	0.00770	0.00770	0.00514	0.00514	0.00770	0.00770	0.01027	0.01027	0.01798	0.01027	0.02054	0.02311	0.82794	0.00514	0.00514	0.00257	0.00257
8	0.01186	0.03059	0.76153	0.01686	0.02560	0.01373	0.02185	0.01873	0.01249	0.01873	0.01061	0.01249	0.00749	0.00562	0.00562	0.00187	0.00874	0.00437	0.00250	0.00874
9	0.01348	0.00853	0.01090	0.05946	0.01401	0.00807	0.00788	0.03688	0.07624	0.16024	0.02359	0.27653	0.02305	0.01120	0.00632	0.00193	0.00454	0.06879	0.03304	0.15534
10	0.02053	0.02560	0.01779	0.01555	0.01873	0.63715	0.05829	0.02232	0.01590	0.01499	0.00931	0.01122	0.00777	0.00618	0.00621	0.00158	0.05493	0.00408	0.00304	0.04881
11	0.03730	0.01147	0.06331	0.03179	0.08237	0.03221	0.05386	0.01875	0.01488	0.24000	0.17853	0.07688	0.03988	0.00848	0.00611	0.00179	0.00528	0.00740	0.00530	0.08440

[dist]
# distance from previous block
# <min> <max>
3	12

[block]
# block no. 9 follows, 39 sequences, length 43
# corresponding to MSA columns:
# 536-578
name=unknown_J
#
# <colnr> <probs for GDERKNQSTAVLIFYWHMCP>
#	G	D	E	R	K	N	Q	S	T	A	V	L	I	F	Y	W	H	M	C	P
0	0.70373	0.01130	0.00978	0.04161	0.01307	0.01317	0.00734	0.01743	0.01044	0.05320	0.00948	0.01192	0.00757	0.00611	0.00478	0.00190	0.04501	0.02187	0.00375	0.00653
1	0.01287	0.01049	0.01232	0.00883	0.01406	0.00792	0.00708	0.01548	0.01246	0.05052	0.01105	0.01260	0.00901	0.00450	0.00445	0.00092	0.00441	0.00361	0.00366	0.79377
2	0.01131	0.01079	0.01863	0.73893	0.04022	0.01323	0.05360	0.01531	0.01194	0.01531	0.01059	0.01578	0.00794	0.00586	0.00597	0.00197	0.00799	0.00534	0.00265	0.00664
3	0.01417	0.01098	0.03620	0.03122	0.01502	0.01097	0.05307	0.22078	0.04505	0.04932	0.13060	0.07480	0.05455	0.01100	0.00809	0.06766	0.01893	0.09749	0.04298	0.00711
4	0.01130	0.00739	0.00957	0.00926	0.01117	0.00714	0.00753	0.06477	0.01625	0.08746	0.34843	0.06456	0.07066	0.01299	0.00722	0.00216	0.00417	0.24565	0.00612	0.00621
5	0.01669	0.31552	0.16151	0.01499	0.02034	0.21417	0.12478	0.01989	0.01376	0.03359	0.00984	0.01160	0.00796	0.00547	0.00508	0.00157	0.00843	0.00421	0.00284	0.00773
6	0.00721	0.00515	0.00686	0.00823	0.00858	0.00480	0.00549	0.00823	0.01132	0.01510	0.03259	0.78831	0.03911	0.01853	0.00755	0.00240	0.00343	0.01681	0.00549	0.00480
7	0.19990	0.01263	0.01572	0.08031	0.10758	0.01335	0.03278	0.17868	0.05362	0.22570	0.01510	0.01544	0.01060	0.00646	0.00546	0.00183	0.00588	0.00513	0.00507	0.00877
8	0.09714	0.01504	0.01630	0.06909	0.01880	0.11995	0.06380	0.19505	0.01686	0.08091	0.01202	0.01342	0.00906	0.00599	0.00576	0.00158	0.03280	0.00460	0.00421	0.21762
9	0.00954	0.00830	0.01016	0.00981	0.01141	0.04947	0.05992	0.02565	0.06884	0.01721	0.08406	0.39287	0.15921	0.03835	0.00780	0.00228	0.00447	0.02973	0.00523	0.00567
10	0.00950	0.00661	0.00852	0.00922	0.01035	0.00651	0.00687	0.03614	0.06123	0.04608	0.08265	0.48606	0.03601	0.01612	0.00741	0.00236	0.00403	0.15299	0.00567	0.00567
11	0.01696	0.62182	0.05116	0.01106	0.01611	0.05045	0.01071	0.12951	0.01466	0.01771	0.00926	0.01036	0.00797	0.00543	0.00424	0.00137	0.00659	0.00356	0.00307	0.00798
12	0.01349	0.01159	0.01464	0.01056	0.01581	0.00956	0.06502	0.09218	0.01406	0.02117	0.01102	0.01276	0.00891	0.00472	0.00475	0.00106	0.00505	0.00397	0.00372	0.67596
13	0.04696	0.01264	0.09212	0.01121	0.03673	0.07186	0.00933	0.07018	0.01506	0.21170	0.02816	0.17114	0.16001	0.01070	0.00633	0.00196	0.00537	0.02582	0.00532	0.00741
14	0.01306	0.01370	0.09313	0.26765	0.07625	0.01389	0.09152	0.05633	0.01290	0.04607	0.04957	0.01675	0.01125	0.00901	0.04730	0.00243	0.16292	0.00570	0.00326	0.00732
15	0.00719	0.00519	0.00682	0.00812	0.00855	0.00481	0.00544	0.00825	0.01143	0.01514	0.03397	0.75134	0.07518	0.01835	0.00752	0.00238	0.00341	0.01659	0.00549	0.00481
16	0.02448	0.01055	0.01380	0.01091	0.01522	0.00969	0.00904	0.10273	0.03287	0.60716	0.02302	0.02332	0.01580	0.00804	0.00613	0.00190	0.00522	0.06346	0.00699	0.00967
17	0.01419	0.02024	0.33624	0.07265	0.11425	0.01333	0.05661	0.09263	0.06743	0.06969	0.03818	0.01769	0.04709	0.00665	0.00593	0.00187	0.00731	0.00565	0.00378	0.00861
18	0.01743	0.01461	0.02224	0.01702	0.02169	0.04947	0.28673	0.09275	0.24448	0.14272	0.01768	0.01813	0.01277	0.00657	0.00633	0.00193	0.00722	0.00641	0.00492	0.00889
19	0.02447	0.01337	0.01577	0.01209	0.01675	0.01360	0.00999	0.38863	0.02246	0.39175	0.01868	0.01711	0.01231	0.00721	0.00593	0.00180	0.00578	0.00563	0.00660	0.01006
20	0.05023	0.00958	0.01086	0.03557	0.01275	0.06259	0.00747	0.05719	0.01695	0.19947	0.42556	0.03187	0.03615	0.00974	0.00637	0.00183	0.00435	0.00825	0.00616	0.00706
21	0.01583	0.57355	0.02843	0.08072	0.01897	0.02071	0.07396	0.04313	0.03766	0.04414	0.01007	0.01161	0.00844	0.00539	0.00449	0.00146	0.00668	0.00398	0.00300	0.00777
22	0.00721	0.00515	0.00686	0.00823	0.00858	0.00480	0.00549	0.00823	0.01132	0.01510	0.03259	0.78831	0.03911	0.01853	0.00755	0.00240	0.00343	0.01681	0.00549	0.00480
23	0.02209	0.02819	0.01676	0.01524	0.01828	0.76843	0.01143	0.02361	0.01676	0.01447	0.00914	0.01066	0.00762	0.00609	0.00533	0.00152	0.01066	0.00381	0.00305	0.00686
24	0.00718	0.00523	0.00678	0.00801	0.00852	0.00482	0.00539	0.00826	0.01154	0.01518	0.03529	0.71615	0.10953	0.01818	0.00749	0.00236	0.00339	0.01638	0.00549	0.00482
25	0.01427	0.01494	0.07624	0.12376	0.53506	0.01427	0.04028	0.04868	0.01368	0.01935	0.01106	0.01458	0.00901	0.00562	0.00635	0.00183	0.03393	0.00526	0.00298	0.00887
26	0.00721	0.00515	0.00686	0.00823	0.00858	0.00480	0.00549	0.00823	0.01132	0.01510	0.03259	0.78831	0.03911	0.01853	0.00755	0.00240	0.00343	0.01681	0.00549	0.00480
27	0.00953	0.00681	0.00953	0.01089	0.01225	0.00681	0.00953	0.01225	0.01361	0.01770	0.03131	0.06671	0.03403	0.01634	0.00817	0.00272	0.00545	0.71547	0.00545	0.00545
28	0.01194	0.01120	0.01885	0.51454	0.24233	0.01288	0.01627	0.01560	0.01231	0.01637	0.01215	0.05119	0.01030	0.00653	0.00602	0.00195	0.00738	0.02202	0.00291	0.00726
29	0.01027	0.00514	0.00770	0.00770	0.00770	0.00514	0.00514	0.00770	0.00770	0.01027	0.01027	0.01798	0.01027	0.02054	0.02311	0.82794	0.00514	0.00514	0.00257	0.00257
30	0.01117	0.01051	0.01774	0.77795	0.04073	0.01314	0.01642	0.01511	0.01182	0.01511	0.01051	0.01577	0.00788	0.00591	0.00591	0.00197	0.00788	0.00526	0.00263	0.00657
31	0.01471	0.01067	0.01952	0.01538	0.01905	0.00986	0.28383	0.01783	0.01422	0.19493	0.06267	0.18962	0.02218	0.01010	0.00699	0.00212	0.00649	0.08745	0.00503	0.00738
32	0.00745	0.00538	0.00687	0.00775	0.00846	0.00493	0.00532	0.00856	0.01208	0.01592	0.11257	0.54833	0.15837	0.01735	0.00818	0.04400	0.00338	0.01485	0.00545	0.00480
33	0.01226	0.01051	0.01226	0.00876	0.01401	0.00788	0.00701	0.01489	0.01226	0.01927	0.01051	0.01226	0.00876	0.00438	0.00438	0.00088	0.00438	0.00350	0.00350	0.82832
34	0.08519	0.09455	0.13600	0.01382	0.01891	0.05204	0.07724	0.20539	0.07941	0.14155	0.01426	0.01466	0.01025	0.00648	0.00586	0.00180	0.02409	0.00507	0.00461	0.00883
35	0.00721	0.00515	0.00686	0.00823	0.00858	0.00480	0.00549	0.00823	0.01132	0.01510	0.03259	0.78831	0.03911	0.01853	0.00755	0.00240	0.00343	0.01681	0.00549	0.00480
36	0.01652	0.57590	0.05210	0.01254	0.01747	0.14144	0.07843	0.01880	0.01297	0.01463	0.00879	0.01037	0.00772	0.00524	0.00440	0.00139	0.00744	0.00366	0.00265	0.00754
37	0.00906	0.00720	0.00945	0.00910	0.01075	0.00694	0.03748	0.01294	0.10943	0.01927	0.23747	0.35121	0.08681	0.01374	0.00696	0.00207	0.00371	0.01232	0.00564	0.04845
38	0.04003	0.36938	0.27252	0.01249	0.01869	0.01765	0.01376	0.06133	0.01347	0.08023	0.01075	0.01179	0.00831	0.00554	0.00473	0.00155	0.00690	0.00395	0.00320	0.04373
39	0.01255	0.00956	0.01521	0.10704	0.19671	0.00960	0.05176	0.02850	0.01334	0.09760	0.03733	0.22742	0.04419	0.01195	0.03047	0.00233	0.00601	0.08681	0.00454	0.00707
40	0.00718	0.00524	0.00676	0.00798	0.00851	0.00482	0.00538	0.00826	0.01157	0.01520	0.03570	0.70522	0.12019	0.01812	0.00748	0.00236	0.00338	0.01632	0.00549	0.00482
41	0.08717	0.01392	0.09109	0.01407	0.04334	0.01176	0.10567	0.11282	0.01678	0.41554	0.01782	0.01706	0.01178	0.00660	0.00586	0.00185	0.00626	0.00561	0.00566	0.00934
42	0.05186	0.01556	0.07167	0.12924	0.10134	0.06648	0.19477	0.10720	0.03216	0.10959	0.01363	0.01684	0.01032	0.00637	0.00639	0.00191	0.02502	0.02746	0.00394	0.00825

[dist]
# distance from previous block
# <min> <max>
0	1

[block]
# block no. 10 follows, 39 sequences, length 51
# corresponding to MSA columns:
# 580-630
name=unknown_K
#
# <colnr> <probs for GDERKNQSTAVLIFYWHMCP>
#	G	D	E	R	K	N	Q	S	T	A	V	L	I	F	Y	W	H	M	C	P
0	0.01374	0.01166	0.01321	0.01190	0.01495	0.01318	0.03873	0.02749	0.59025	0.02339	0.02419	0.07187	0.01962	0.00890	0.00615	0.00203	0.00475	0.04242	0.05296	0.00860
1	0.01481	0.01385	0.02292	0.11201	0.63026	0.01425	0.01750	0.06706	0.01428	0.02011	0.01127	0.01472	0.00926	0.00546	0.00586	0.00178	0.00708	0.00527	0.00310	0.00912
2	0.01045	0.00563	0.00603	0.00593	0.00731	0.00553	0.00445	0.01321	0.01334	0.02241	0.17862	0.02686	0.02399	0.00802	0.00475	0.00148	0.00276	0.00664	0.64706	0.00553
3	0.00731	0.00520	0.00688	0.00813	0.00849	0.00487	0.00541	0.00835	0.01139	0.01523	0.05692	0.72936	0.03891	0.05252	0.00853	0.00253	0.00351	0.01624	0.00544	0.00478
4	0.00722	0.00523	0.00683	0.00806	0.00854	0.00484	0.00542	0.00833	0.01161	0.01539	0.05362	0.71831	0.08854	0.01811	0.00749	0.00236	0.00338	0.01635	0.00552	0.00484
5	0.00723	0.00530	0.00679	0.00790	0.00851	0.00486	0.00536	0.00840	0.01185	0.01560	0.06811	0.65656	0.13630	0.01776	0.00745	0.00232	0.00334	0.01596	0.00554	0.00486
6	0.83394	0.01144	0.00869	0.00778	0.01144	0.01327	0.00640	0.01738	0.01006	0.02653	0.00823	0.00961	0.00640	0.00549	0.00366	0.00183	0.00457	0.00320	0.00366	0.00640
7	0.02608	0.01080	0.01418	0.01087	0.01546	0.00978	0.00898	0.10857	0.01815	0.67789	0.02230	0.01946	0.01412	0.00729	0.00594	0.00182	0.00520	0.00588	0.00716	0.01006
8	0.83394	0.01144	0.00869	0.00778	0.01144	0.01327	0.00640	0.01738	0.01006	0.02653	0.00823	0.00961	0.00640	0.00549	0.00366	0.00183	0.00457	0.00320	0.00366	0.00640
9	0.01471	0.01270	0.01337	0.01203	0.01538	0.01471	0.00936	0.03142	0.74459	0.02474	0.02407	0.02206	0.01805	0.00802	0.00602	0.00201	0.00468	0.00669	0.00602	0.00936
10	0.00721	0.00515	0.00686	0.00823	0.00858	0.00480	0.00549	0.00823	0.01132	0.01510	0.03259	0.78831	0.03911	0.01853	0.00755	0.00240	0.00343	0.01681	0.00549	0.00480
11	0.83394	0.01144	0.00869	0.00778	0.01144	0.01327	0.00640	0.01738	0.01006	0.02653	0.00823	0.00961	0.00640	0.00549	0.00366	0.00183	0.00457	0.00320	0.00366	0.00640
12	0.01102	0.00551	0.00551	0.00551	0.00689	0.00551	0.00413	0.01378	0.01240	0.02205	0.01929	0.02205	0.01516	0.00689	0.00413	0.00138	0.00276	0.00551	0.82500	0.00551
13	0.04573	0.01311	0.01585	0.01309	0.01593	0.08287	0.05954	0.15609	0.01534	0.16246	0.01434	0.01712	0.01130	0.03042	0.17058	0.00365	0.15493	0.00559	0.00439	0.00768
14	0.01063	0.00794	0.00941	0.00868	0.01054	0.00818	0.00649	0.01691	0.21474	0.04312	0.45497	0.03688	0.04069	0.09382	0.00914	0.00231	0.00368	0.00924	0.00609	0.00653
15	0.07420	0.01065	0.01374	0.01060	0.01513	0.00971	0.00875	0.08294	0.01736	0.65984	0.02173	0.01904	0.01379	0.00719	0.00581	0.00183	0.00512	0.00574	0.00699	0.00985
16	0.01117	0.01051	0.01774	0.77795	0.04073	0.01314	0.01642	0.01511	0.01182	0.01511	0.01051	0.01577	0.00788	0.00591	0.00591	0.00197	0.00788	0.00526	0.00263	0.00657
17	0.06254	0.01568	0.01318	0.01140	0.01454	0.20965	0.00891	0.19412	0.12736	0.04608	0.07003	0.01808	0.01491	0.00722	0.00540	0.00168	0.00619	0.00547	0.15984	0.00773
18	0.00721	0.00515	0.00686	0.00823	0.00858	0.00480	0.00549	0.00823	0.01132	0.01510	0.03259	0.78831	0.03911	0.01853	0.00755	0.00240	0.00343	0.01681	0.00549	0.00480
