[name]
unknown

[dist]
# distance from previous block
# <min> <max>
5	373

[block]
# block no. 0 follows, 38 sequences, length 41
# corresponding to MSA columns:
# 459-499
name=unknown_A
#
# <colnr> <probs for GDERKNQSTAVLIFYWHMCP>
#	G	D	E	R	K	N	Q	S	T	A	V	L	I	F	Y	W	H	M	C	P
0	0.05302	0.01707	0.08804	0.07102	0.08776	0.08119	0.04823	0.23393	0.14491	0.05467	0.01465	0.01555	0.01087	0.00659	0.00583	0.00182	0.00696	0.00535	0.00462	0.04792
1	0.01635	0.07603	0.04429	0.18502	0.19998	0.01534	0.05335	0.21332	0.01756	0.05216	0.05793	0.01668	0.01230	0.00650	0.00595	0.00183	0.00701	0.00564	0.00410	0.00865
2	0.01628	0.12408	0.09158	0.01792	0.02368	0.01457	0.34402	0.02101	0.05140	0.14096	0.01393	0.01568	0.01021	0.00563	0.00606	0.00178	0.00788	0.00581	0.00387	0.08365
3	0.08820	0.01175	0.01683	0.14153	0.15059	0.05844	0.06869	0.01612	0.01197	0.05220	0.01280	0.01740	0.01077	0.01854	0.24743	0.00439	0.05643	0.00558	0.00328	0.00705
4	0.00851	0.00597	0.00726	0.00753	0.00883	0.00535	0.00537	0.01013	0.01361	0.05269	0.20081	0.32831	0.26318	0.04399	0.00814	0.00229	0.00337	0.01350	0.00583	0.00533
5	0.26923	0.01627	0.04945	0.01179	0.01617	0.12040	0.00994	0.23290	0.02961	0.16898	0.01365	0.01372	0.00965	0.00656	0.00523	0.00181	0.00641	0.00464	0.00502	0.00856
6	0.01379	0.24078	0.39651	0.01524	0.05565	0.01649	0.01656	0.06940	0.01346	0.01860	0.01089	0.01308	0.00861	0.00927	0.07497	0.00243	0.00862	0.00440	0.00288	0.00837
7	0.00973	0.07878	0.01099	0.01007	0.01174	0.00802	0.00861	0.01213	0.01363	0.01759	0.07664	0.13976	0.09432	0.01543	0.00765	0.00248	0.00502	0.46644	0.00534	0.00564
8	0.00861	0.00639	0.00938	0.00938	0.01036	0.00736	0.00716	0.01056	0.00958	0.01375	0.01637	0.02508	0.01567	0.11343	0.69729	0.00932	0.01517	0.00666	0.00326	0.00521
9	0.01958	0.01444	0.01858	0.12473	0.14021	0.01566	0.02772	0.35723	0.08300	0.11468	0.01531	0.01617	0.01103	0.00681	0.00604	0.00186	0.00664	0.00563	0.00517	0.00951
10	0.01653	0.01451	0.01949	0.09848	0.14249	0.06103	0.10997	0.08981	0.28228	0.07569	0.01726	0.01808	0.01290	0.00679	0.00616	0.00193	0.00680	0.00609	0.00472	0.00899
11	0.01534	0.00772	0.00956	0.00819	0.01110	0.00670	0.00646	0.01749	0.01572	0.30829	0.18359	0.03936	0.29561	0.01130	0.00659	0.00191	0.00381	0.00948	0.03455	0.00724
12	0.00742	0.00617	0.00652	0.00663	0.00857	0.00528	0.00510	0.00912	0.01389	0.01682	0.09353	0.05814	0.64750	0.01521	0.00722	0.00209	0.00327	0.07673	0.00564	0.00515
13	0.01430	0.01376	0.02358	0.21462	0.33523	0.01452	0.14940	0.05566	0.08088	0.01996	0.01269	0.01610	0.00993	0.00582	0.00620	0.00191	0.00768	0.00582	0.00336	0.00859
14	0.00924	0.00660	0.00917	0.01056	0.01174	0.00653	0.00890	0.01168	0.01340	0.01749	0.03210	0.20611	0.03562	0.01705	0.00819	0.00271	0.00514	0.57681	0.00555	0.00541
15	0.02165	0.02026	0.01653	0.01371	0.01756	0.29768	0.01084	0.39947	0.02262	0.02778	0.01299	0.01383	0.00977	0.00682	0.00563	0.00167	0.00786	0.00485	0.07990	0.00858
16	0.02394	0.01519	0.01734	0.01337	0.01807	0.06867	0.04731	0.37973	0.02259	0.30481	0.01745	0.01654	0.01175	0.00712	0.00604	0.00182	0.00654	0.00563	0.00619	0.00989
17	0.01384	0.02734	0.61405	0.01605	0.02400	0.01354	0.01971	0.02127	0.08001	0.09389	0.01336	0.01438	0.00934	0.00611	0.00579	0.00191	0.00813	0.00482	0.00336	0.00908
18	0.02247	0.02867	0.01705	0.01550	0.01860	0.76443	0.01162	0.02402	0.01705	0.01472	0.00930	0.01085	0.00775	0.00620	0.00542	0.00155	0.01085	0.00387	0.00310	0.00697
19	0.01418	0.01357	0.02314	0.18513	0.60840	0.01411	0.01811	0.01784	0.01336	0.01879	0.01119	0.01512	0.00923	0.00549	0.00597	0.00183	0.00732	0.00536	0.00292	0.00896
20	0.00725	0.00605	0.00632	0.00635	0.00824	0.00512	0.00473	0.00887	0.01390	0.01693	0.12254	0.09647	0.64625	0.01516	0.00714	0.00204	0.00305	0.01277	0.00568	0.00512
21	0.02247	0.02867	0.01705	0.01550	0.01860	0.76443	0.01162	0.02402	0.01705	0.01472	0.00930	0.01085	0.00775	0.00620	0.00542	0.00155	0.01085	0.00387	0.00310	0.00697
22	0.01882	0.01135	0.05479	0.01162	0.01553	0.00985	0.06096	0.11713	0.01763	0.33667	0.16961	0.09470	0.03552	0.00930	0.00648	0.00193	0.00525	0.00805	0.00630	0.00851
23	0.12817	0.01478	0.02157	0.02717	0.43817	0.04053	0.07429	0.09805	0.05998	0.02282	0.01207	0.01458	0.00964	0.00577	0.00574	0.00183	0.00697	0.00526	0.00362	0.00899
24	0.02247	0.02867	0.01705	0.01550	0.01860	0.76443	0.01162	0.02402	0.01705	0.01472	0.00930	0.01085	0.00775	0.00620	0.00542	0.00155	0.01085	0.00387	0.00310	0.00697
25	0.02148	0.01574	0.01696	0.01337	0.01789	0.01744	0.01093	0.55682	0.17092	0.06970	0.01691	0.01634	0.01209	0.00742	0.00604	0.00186	0.00617	0.00573	0.00611	0.01009
26	0.01037	0.00525	0.00778	0.00778	0.00778	0.00525	0.00515	0.00788	0.00788	0.01051	0.01086	0.01930	0.01100	0.05766	0.02385	0.78575	0.00525	0.00539	0.00266	0.00266
27	0.10113	0.02021	0.01715	0.01402	0.01819	0.26270	0.02438	0.41654	0.02258	0.02890	0.01212	0.01284	0.00903	0.00669	0.00562	0.00173	0.00788	0.00473	0.00478	0.00876
28	0.00739	0.00532	0.00690	0.00814	0.00857	0.00495	0.00542	0.00841	0.01150	0.01521	0.03410	0.69886	0.08271	0.06074	0.00890	0.00260	0.00359	0.01637	0.00548	0.00483
29	0.01634	0.18680	0.02254	0.03810	0.08279	0.16521	0.06968	0.01849	0.01270	0.04431	0.00970	0.01268	0.00838	0.00717	0.00982	0.00190	0.25230	0.00468	0.00299	0.03342
30	0.00732	0.00528	0.00694	0.00826	0.00870	0.00490	0.00553	0.00839	0.01163	0.01540	0.03453	0.74863	0.07493	0.01867	0.00765	0.00242	0.00347	0.01688	0.00558	0.00490
31	0.00711	0.00609	0.00609	0.00609	0.00813	0.00508	0.00457	0.00863	0.01371	0.01625	0.06094	0.05789	0.74862	0.01524	0.00711	0.00203	0.00305	0.01270	0.00559	0.00508
32	0.01566	0.56881	0.19093	0.01218	0.01801	0.07514	0.01303	0.01868	0.01268	0.01528	0.00897	0.01041	0.00770	0.00535	0.00438	0.00144	0.00730	0.00354	0.00260	0.00792
33	0.01572	0.01737	0.01801	0.01653	0.05285	0.22957	0.01278	0.01725	0.01168	0.01478	0.00877	0.01298	0.00820	0.01031	0.04237	0.00254	0.49378	0.00492	0.00280	0.00679
34	0.00861	0.00652	0.00821	0.00909	0.01065	0.00613	0.00757	0.01081	0.01365	0.01720	0.04254	0.10862	0.29524	0.01625	0.00783	0.00248	0.00450	0.41320	0.00556	0.00533
35	0.05943	0.46883	0.21501	0.01367	0.04627	0.01986	0.03985	0.01819	0.01225	0.01651	0.00922	0.01100	0.00775	0.00552	0.00511	0.00157	0.03546	0.00383	0.00266	0.00799
36	0.05974	0.41693	0.02696	0.10458	0.22102	0.01911	0.04104	0.01787	0.01257	0.01670	0.00959	0.01208	0.00824	0.00532	0.00480	0.00157	0.00686	0.00420	0.00278	0.00805
37	0.00778	0.00595	0.00662	0.00667	0.00792	0.00535	0.00461	0.00908	0.01277	0.01628	0.16022	0.12002	0.38026	0.21459	0.01323	0.00303	0.00377	0.01180	0.00526	0.00479
38	0.00766	0.00580	0.00711	0.00795	0.00888	0.00539	0.00551	0.00957	0.04171	0.01650	0.08350	0.54013	0.20385	0.01718	0.00745	0.00230	0.00340	0.01528	0.00567	0.00517
39	0.09954	0.14719	0.10276	0.02467	0.05598	0.01329	0.02028	0.07738	0.01480	0.16100	0.09509	0.10305	0.01816	0.00837	0.00615	0.00186	0.03107	0.00673	0.00471	0.00793
40	0.07911	0.14867	0.19794	0.01392	0.01962	0.04535	0.09334	0.11366	0.04150	0.02139	0.01214	0.04289	0.00992	0.00617	0.00533	0.00166	0.00703	0.00500	0.00359	0.13176

[dist]
# distance from previous block
# <min> <max>
0	49

[block]
# block no. 1 follows, 38 sequences, length 47
# corresponding to MSA columns:
# 549-564,569-599
name=unknown_B
#
# <colnr> <probs for GDERKNQSTAVLIFYWHMCP>
#	G	D	E	R	K	N	Q	S	T	A	V	L	I	F	Y	W	H	M	C	P
0	0.05267	0.25059	0.07736	0.05170	0.08296	0.07207	0.02901	0.06238	0.03126	0.06171	0.01074	0.01283	0.00877	0.00659	0.00754	0.00178	0.13987	0.00449	0.00334	0.03234
1	0.07308	0.01489	0.11324	0.11614	0.02222	0.01383	0.12215	0.02367	0.32186	0.03985	0.01829	0.04967	0.01443	0.00748	0.00614	0.00203	0.00652	0.02157	0.00455	0.00837
2	0.11058	0.00730	0.00898	0.00874	0.01033	0.00787	0.00675	0.01272	0.04784	0.01922	0.22987	0.03280	0.04974	0.07555	0.29686	0.00518	0.00858	0.05076	0.00465	0.00569
3	0.02252	0.02721	0.01717	0.01529	0.01860	0.67225	0.01160	0.11141	0.01844	0.01759	0.00993	0.01129	0.00806	0.00633	0.00550	0.00158	0.01033	0.00407	0.00346	0.00738
4	0.00875	0.00583	0.00656	0.00656	0.00656	0.00583	0.00365	0.00875	0.00875	0.01166	0.01895	0.03937	0.02187	0.78858	0.03062	0.00583	0.00583	0.00875	0.00365	0.00365
5	0.01460	0.01521	0.03020	0.02216	0.02759	0.01476	0.55808	0.02170	0.14643	0.04225	0.01527	0.01882	0.01164	0.00600	0.00692	0.00204	0.00889	0.02525	0.00380	0.00837
6	0.01470	0.01392	0.02271	0.07629	0.61933	0.01432	0.01726	0.01995	0.10340	0.02009	0.01291	0.01589	0.01053	0.00574	0.00598	0.00183	0.00690	0.00554	0.00335	0.00936
7	0.02699	0.01024	0.01396	0.01070	0.01536	0.00884	0.00884	0.02932	0.01722	0.75522	0.02373	0.02048	0.01489	0.00745	0.00605	0.00186	0.00512	0.00605	0.00745	0.01024
8	0.02287	0.01685	0.01805	0.01384	0.01866	0.01866	0.01143	0.73100	0.02828	0.03791	0.01444	0.01444	0.01023	0.00722	0.00602	0.00181	0.00662	0.00542	0.00602	0.01023
9	0.01213	0.00728	0.00830	0.10143	0.01240	0.00782	0.00645	0.05891	0.04901	0.02264	0.01844	0.02115	0.01433	0.00696	0.00463	0.00153	0.00378	0.00562	0.63098	0.00621
10	0.01496	0.01292	0.01360	0.01224	0.01564	0.01496	0.00952	0.03197	0.74019	0.02516	0.02448	0.02244	0.01836	0.00816	0.00612	0.00204	0.00476	0.00680	0.00612	0.00952
11	0.00732	0.00529	0.00693	0.00824	0.00869	0.00490	0.00552	0.00839	0.01165	0.01541	0.03485	0.74037	0.08298	0.01863	0.00764	0.00242	0.00346	0.01683	0.00558	0.00490
12	0.01585	0.69628	0.03201	0.01216	0.01742	0.02274	0.09916	0.01817	0.01247	0.01479	0.00883	0.01046	0.00789	0.00514	0.00426	0.00138	0.00689	0.00370	0.00263	0.00777
13	0.02699	0.01024	0.01396	0.01070	0.01536	0.00884	0.00884	0.02932	0.01722	0.75522	0.02373	0.02048	0.01489	0.00745	0.00605	0.00186	0.00512	0.00605	0.00745	0.01024
14	0.02206	0.01623	0.01758	0.03811	0.01895	0.01799	0.01133	0.68074	0.02717	0.03660	0.01452	0.01480	0.01036	0.00717	0.00595	0.00180	0.00652	0.00542	0.03678	0.00994
15	0.00818	0.00614	0.00758	0.00722	0.00878	0.00554	0.00542	0.01071	0.01625	0.02227	0.58656	0.04798	0.21924	0.01299	0.00710	0.00192	0.00289	0.01131	0.00638	0.00554
16	0.01480	0.01453	0.02579	0.03549	0.66210	0.01441	0.10632	0.01856	0.01376	0.01961	0.01142	0.01505	0.00948	0.00532	0.00610	0.00182	0.00752	0.00558	0.00299	0.00935
17	0.00711	0.00609	0.00609	0.00609	0.00813	0.00508	0.00457	0.00863	0.01371	0.01625	0.06094	0.05789	0.74862	0.01524	0.00711	0.00203	0.00305	0.01270	0.00559	0.00508
18	0.00859	0.00645	0.00967	0.00967	0.01074	0.00752	0.00752	0.01074	0.00967	0.01396	0.01611	0.02363	0.01504	0.04512	0.76474	0.00967	0.01611	0.00645	0.00322	0.00537
19	0.11041	0.01804	0.10843	0.01360	0.01880	0.01751	0.01223	0.56456	0.02437	0.03438	0.01333	0.01371	0.00950	0.00686	0.00573	0.00182	0.00668	0.00506	0.00534	0.00966
20	0.01017	0.00843	0.01155	0.01303	0.10232	0.04461	0.00879	0.01244	0.01064	0.01505	0.01545	0.02235	0.01423	0.05878	0.57529	0.00778	0.01379	0.00622	0.04316	0.00592
21	0.01136	0.01069	0.01804	0.77412	0.04143	0.01337	0.01671	0.01537	0.01203	0.01537	0.01069	0.01604	0.00802	0.00601	0.00601	0.00200	0.00802	0.00535	0.00267	0.00668
22	0.00851	0.00615	0.00804	0.00757	0.00899	0.00568	0.00568	0.01135	0.01703	0.02412	0.74788	0.04494	0.05676	0.01230	0.00710	0.00189	0.00284	0.01088	0.00662	0.00568
23	0.01608	0.79220	0.03152	0.01029	0.01544	0.02380	0.01029	0.01801	0.01222	0.01415	0.00836	0.00965	0.00772	0.00515	0.00386	0.00129	0.00643	0.00322	0.00257	0.00772
24	0.01692	0.69636	0.02986	0.01073	0.01584	0.02317	0.01043	0.10615	0.01421	0.01709	0.00911	0.01024	0.00803	0.00540	0.00413	0.00135	0.00646	0.00349	0.00300	0.00803
25	0.01391	0.01124	0.01232	0.01109	0.01408	0.01256	0.00860	0.02706	0.54409	0.05255	0.19325	0.02762	0.02719	0.00910	0.00635	0.00200	0.00433	0.00772	0.00629	0.00865
26	0.01109	0.00842	0.01201	0.01113	0.01122	0.01051	0.00851	0.01066	0.00887	0.01275	0.01221	0.10079	0.01289	0.01774	0.05593	0.37067	0.31047	0.00661	0.00298	0.00456
27	0.01695	0.01920	0.01657	0.01458	0.01750	0.37094	0.09864	0.04374	0.11322	0.01759	0.01739	0.19228	0.01684	0.00928	0.00627	0.00189	0.00810	0.00778	0.00417	0.00708
28	0.01977	0.11136	0.01839	0.01294	0.01733	0.01790	0.01084	0.47071	0.15599	0.03142	0.01660	0.01859	0.01290	0.00771	0.00591	0.00184	0.00619	0.04853	0.00558	0.00950
29	0.11076	0.01579	0.01649	0.01299	0.01751	0.01763	0.01066	0.56615	0.11430	0.03514	0.01502	0.01492	0.01083	0.00716	0.00578	0.00184	0.00617	0.00535	0.00578	0.00973
30	0.00886	0.00660	0.00924	0.00912	0.00985	0.00759	0.00674	0.01038	0.00940	0.01336	0.01649	0.02741	0.01655	0.24553	0.52938	0.00829	0.04994	0.00701	0.00331	0.00496
31	0.01425	0.01364	0.02327	0.17003	0.62293	0.01413	0.01815	0.01790	0.01340	0.01888	0.01120	0.01510	0.00926	0.00548	0.00597	0.00183	0.00730	0.00536	0.00292	0.00901
32	0.00805	0.00622	0.00741	0.00737	0.00905	0.00557	0.00570	0.01032	0.01521	0.01997	0.36324	0.05336	0.35228	0.01410	0.00725	0.00206	0.00326	0.09815	0.00604	0.00540
33	0.00733	0.00524	0.00698	0.00838	0.00873	0.00489	0.00558	0.00838	0.01152	0.01536	0.03316	0.78466	0.03979	0.01885	0.00768	0.00244	0.00349	0.01710	0.00558	0.00489
34	0.01655	0.10915	0.47599	0.01465	0.02198	0.01366	0.01728	0.02172	0.01387	0.21814	0.01404	0.01447	0.00960	0.00612	0.00560	0.00183	0.00760	0.00475	0.00387	0.00913
35	0.07195	0.02706	0.01659	0.01495	0.01817	0.68264	0.01130	0.05763	0.01717	0.01659	0.00949	0.01096	0.00779	0.00621	0.00535	0.00158	0.01027	0.00391	0.00328	0.00710
36	0.00756	0.00538	0.00709	0.00817	0.00863	0.00504	0.00548	0.00877	0.01203	0.01621	0.12064	0.64764	0.04079	0.06512	0.00901	0.00258	0.00355	0.01582	0.00559	0.00491
37	0.02152	0.02166	0.01694	0.01436	0.01818	0.35814	0.01124	0.30506	0.12866	0.02545	0.01359	0.01399	0.01030	0.00689	0.00576	0.00172	0.00827	0.00492	0.00470	0.00864
38	0.01136	0.01069	0.01804	0.77412	0.04143	0.01337	0.01671	0.01537	0.01203	0.01537	0.01069	0.01604	0.00802	0.00601	0.00601	0.00200	0.00802	0.00535	0.00267	0.00668
39	0.25395	0.01532	0.01318	0.01163	0.01522	0.12803	0.00916	0.09598	0.34835	0.02538	0.01652	0.01622	0.01251	0.00702	0.00531	0.00189	0.00583	0.00519	0.00496	0.00833
40	0.09180	0.30294	0.28471	0.10738	0.02253	0.01731	0.03648	0.01843	0.01240	0.04137	0.01013	0.01208	0.00788	0.00557	0.00494	0.00169	0.00740	0.00413	0.00285	0.00799
41	0.10017	0.09034	0.08842	0.01630	0.04196	0.18159	0.18877	0.01938	0.03207	0.03676	0.10198	0.01707	0.01450	0.00670	0.00638	0.00182	0.03898	0.00569	0.00364	0.00749
42	0.19798	0.03048	0.03025	0.01527	0.14743	0.05883	0.02801	0.08268	0.02914	0.06373	0.09979	0.01800	0.03237	0.00682	0.00562	0.00171	0.01989	0.00542	0.00429	0.12228
43	0.03197	0.08289	0.06685	0.03252	0.18354	0.06856	0.02596	0.03406	0.10345	0.08505	0.04901	0.01643	0.01263	0.00709	0.00783	0.00187	0.12579	0.00539	0.00394	0.05517
44	0.19335	0.06170	0.07689	0.05804	0.11456	0.03162	0.10406	0.09387	0.01479	0.14846	0.01283	0.01429	0.00938	0.00618	0.00599	0.00186	0.03454	0.00502	0.00414	0.00841
45	0.09385	0.12932	0.05715	0.03466	0.08654	0.10801	0.08989	0.11512	0.02746	0.03360	0.06518	0.03693	0.02555	0.00728	0.00649	0.00183	0.05213	0.01728	0.00392	0.00781
46	0.08716	0.34162	0.13217	0.01576	0.12273	0.05083	0.04085	0.01935	0.04829	0.03702	0.01063	0.01221	0.00868	0.00552	0.00481	0.00157	0.00687	0.00415	0.00311	0.04666

[dist]
# distance from previous block
# <min> <max>
4	32

[block]
# block no. 2 follows, 38 sequences, length 20
# corresponding to MSA columns:
# 637-656
name=unknown_C
#
# <colnr> <probs for GDERKNQSTAVLIFYWHMCP>
#	G	D	E	R	K	N	Q	S	T	A	V	L	I	F	Y	W	H	M	C	P
0	0.08591	0.01339	0.01765	0.18496	0.08308	0.04626	0.07396	0.15725	0.09553	0.09802	0.03860	0.01935	0.01312	0.00715	0.00604	0.00194	0.00677	0.03812	0.00460	0.00831
1	0.05241	0.01383	0.04469	0.15158	0.12443	0.01448	0.01260	0.23658	0.12761	0.07984	0.03426	0.01733	0.01249	0.00690	0.00586	0.00187	0.00628	0.00567	0.04244	0.00885
2	0.06524	0.01472	0.05059	0.12972	0.29475	0.05554	0.01454	0.08912	0.12595	0.04496	0.01453	0.01806	0.01165	0.00670	0.00593	0.00190	0.00685	0.03657	0.00400	0.00869
3	0.04194	0.05020	0.01867	0.24132	0.19133	0.09559	0.01388	0.10987	0.07284	0.02030	0.01494	0.01739	0.05262	0.00681	0.00619	0.00186	0.02698	0.00558	0.00369	0.00799
4	0.09501	0.01118	0.01433	0.08506	0.15888	0.04549	0.01081	0.03613	0.06529	0.11471	0.01954	0.20148	0.01867	0.00989	0.00669	0.00204	0.03180	0.04076	0.00465	0.02759
5	0.22529	0.01423	0.01516	0.06752	0.04184	0.08497	0.05194	0.11862	0.17686	0.07341	0.01531	0.04441	0.01199	0.00718	0.00586	0.00192	0.02512	0.00560	0.00466	0.00813
6	0.01582	0.01237	0.01332	0.01147	0.01412	0.07773	0.00908	0.12603	0.14900	0.11233	0.20375	0.04054	0.06479	0.00971	0.00819	0.00199	0.10877	0.00759	0.00562	0.00780
7	0.07167	0.01018	0.01236	0.01027	0.01378	0.01002	0.00829	0.09858	0.10169	0.33155	0.20389	0.02755	0.02561	0.00900	0.00626	0.00192	0.00465	0.03755	0.00661	0.00857
8	0.01746	0.04502	0.05184	0.11543	0.14044	0.27891	0.07252	0.08878	0.06033	0.01941	0.04418	0.01520	0.01123	0.00638	0.00586	0.00176	0.00847	0.00521	0.00360	0.00796
9	0.01489	0.01265	0.01335	0.01196	0.01521	0.01455	0.00924	0.05791	0.66785	0.02484	0.02376	0.02316	0.01826	0.05558	0.00761	0.00226	0.00490	0.00687	0.00597	0.00919
10	0.00776	0.00615	0.00704	0.00758	0.00892	0.00566	0.00539	0.01013	0.06095	0.01662	0.06198	0.38895	0.35840	0.01636	0.00730	0.00222	0.00336	0.01429	0.00565	0.00530
11	0.01207	0.03112	0.75741	0.01715	0.02604	0.01397	0.02223	0.01905	0.01270	0.01905	0.01080	0.01270	0.00762	0.00572	0.00572	0.00191	0.00889	0.00445	0.00254	0.00889
12	0.01680	0.01431	0.01872	0.06282	0.25438	0.01579	0.01345	0.21443	0.24546	0.02586	0.01612	0.01714	0.01234	0.00698	0.00657	0.00192	0.03688	0.00582	0.00475	0.00944
13	0.02247	0.02867	0.01705	0.01550	0.01860	0.76443	0.01162	0.02402	0.01705	0.01472	0.00930	0.01085	0.00775	0.00620	0.00542	0.00155	0.01085	0.00387	0.00310	0.00697
14	0.00865	0.00661	0.00845	0.02942	0.01084	0.00617	0.00658	0.01103	0.04168	0.01764	0.12169	0.42309	0.09595	0.01527	0.00720	0.00219	0.00387	0.09128	0.00545	0.08693
15	0.02141	0.04702	0.01787	0.01548	0.07703	0.22816	0.04217	0.18135	0.05203	0.19838	0.01591	0.04926	0.01212	0.00722	0.00589	0.00177	0.00743	0.00569	0.00501	0.00879
16	0.02250	0.02410	0.01653	0.01457	0.01788	0.55719	0.01116	0.05546	0.04828	0.12828	0.01231	0.01305	0.00940	0.00668	0.00612	0.00167	0.03867	0.00445	0.00400	0.00770
17	0.00716	0.00589	0.00630	0.00662	0.00826	0.00503	0.00481	0.00857	0.01320	0.01604	0.05449	0.22677	0.58391	0.01607	0.00724	0.00213	0.00315	0.01372	0.00559	0.00503
18	0.02075	0.05860	0.01797	0.01523	0.01859	0.59170	0.04238	0.02471	0.12138	0.01641	0.01158	0.01271	0.00934	0.00639	0.00553	0.00163	0.00975	0.00441	0.00351	0.00742
19	0.00969	0.00647	0.00866	0.00960	0.01082	0.00621	0.00766	0.01165	0.01300	0.05739	0.03309	0.28128	0.08523	0.06363	0.00926	0.00275	0.00473	0.36788	0.00555	0.00545

[dist]
# distance from previous block
# <min> <max>
1	2

[block]
# block no. 3 follows, 38 sequences, length 7
# corresponding to MSA columns:
# 659-665
name=unknown_D
#
# <colnr> <probs for GDERKNQSTAVLIFYWHMCP>
#	G	D	E	R	K	N	Q	S	T	A	V	L	I	F	Y	W	H	M	C	P
0	0.01918	0.01510	0.02025	0.05551	0.19565	0.08055	0.09794	0.19623	0.01827	0.15771	0.03821	0.01652	0.01191	0.00646	0.00605	0.00179	0.00711	0.00567	0.00469	0.04520
1	0.01041	0.00774	0.01005	0.00985	0.01126	0.00828	0.00756	0.10926	0.01435	0.01971	0.14110	0.26598	0.03031	0.02262	0.20788	0.00421	0.03601	0.07235	0.00508	0.00600
2	0.01603	0.51749	0.22246	0.01215	0.01824	0.01980	0.01332	0.01934	0.01282	0.08445	0.01044	0.01147	0.00836	0.00551	0.00456	0.00150	0.00696	0.00381	0.00302	0.00826
3	0.01411	0.01091	0.01185	0.04785	0.01441	0.07044	0.00858	0.13676	0.10972	0.07799	0.11370	0.26946	0.02787	0.01208	0.00677	0.00210	0.00514	0.04743	0.00565	0.00718
4	0.01601	0.15083	0.35054	0.01312	0.01934	0.01325	0.01469	0.02043	0.01432	0.20317	0.11050	0.01837	0.01592	0.00692	0.00567	0.00179	0.00674	0.00549	0.00431	0.00861
5	0.00914	0.00597	0.00731	0.00729	0.00790	0.00625	0.00490	0.01037	0.01008	0.01482	0.05166	0.03223	0.02042	0.40706	0.22615	0.00590	0.00797	0.00764	0.15237	0.00457
6	0.01602	0.31761	0.25115	0.01505	0.02126	0.08363	0.11769	0.01995	0.01348	0.07598	0.01097	0.01251	0.00847	0.00559	0.00521	0.00165	0.00800	0.00444	0.00307	0.00827

[dist]
# distance from previous block
# <min> <max>
0	7

[block]
# block no. 4 follows, 38 sequences, length 20
# corresponding to MSA columns:
# 673-676,683-698
name=unknown_E
#
# <colnr> <probs for GDERKNQSTAVLIFYWHMCP>
#	G	D	E	R	K	N	Q	S	T	A	V	L	I	F	Y	W	H	M	C	P
0	0.00955	0.00688	0.00949	0.01080	0.01222	0.00682	0.00940	0.01225	0.01384	0.01790	0.03350	0.06729	0.07518	0.01654	0.00824	0.00273	0.00540	0.67092	0.00554	0.00551
1	0.02307	0.01653	0.01786	0.01369	0.01850	0.01818	0.01131	0.69697	0.02775	0.07270	0.01489	0.01474	0.01046	0.00723	0.00602	0.00181	0.00655	0.00545	0.00609	0.01023
2	0.01432	0.01483	0.02859	0.09020	0.39143	0.01461	0.31823	0.01856	0.01378	0.01915	0.01163	0.01554	0.00924	0.00529	0.00644	0.00191	0.00848	0.00609	0.00298	0.00871
3	0.01979	0.01389	0.01648	0.04727	0.06040	0.05683	0.04375	0.17510	0.23458	0.21614	0.01961	0.03872	0.01432	0.00755	0.00611	0.00191	0.00609	0.00629	0.00578	0.00940
4	0.00875	0.00583	0.00656	0.00656	0.00656	0.00583	0.00365	0.00875	0.00875	0.01166	0.01895	0.03937	0.02187	0.78858	0.03062	0.00583	0.00583	0.00875	0.00365	0.00365
5	0.01608	0.79220	0.03152	0.01029	0.01544	0.02380	0.01029	0.01801	0.01222	0.01415	0.00836	0.00965	0.00772	0.00515	0.00386	0.00129	0.00643	0.00322	0.00257	0.00772
6	0.01378	0.02872	0.67198	0.01641	0.02481	0.01338	0.02069	0.02023	0.01322	0.10365	0.01228	0.01359	0.00846	0.00591	0.00575	0.00190	0.00846	0.00463	0.00310	0.00905
7	0.83108	0.01163	0.00884	0.00791	0.01163	0.01350	0.00651	0.01768	0.01024	0.02699	0.00838	0.00977	0.00651	0.00558	0.00372	0.00186	0.00465	0.00326	0.00372	0.00651
8	0.83108	0.01163	0.00884	0.00791	0.01163	0.01350	0.00651	0.01768	0.01024	0.02699	0.00838	0.00977	0.00651	0.00558	0.00372	0.00186	0.00465	0.00326	0.00372	0.00651
9	0.02699	0.01024	0.01396	0.01070	0.01536	0.00884	0.00884	0.02932	0.01722	0.75522	0.02373	0.02048	0.01489	0.00745	0.00605	0.00186	0.00512	0.00605	0.00745	0.01024
10	0.01427	0.01373	0.02296	0.12316	0.58121	0.01466	0.01764	0.01763	0.01298	0.01854	0.01085	0.01483	0.00916	0.00603	0.00755	0.00191	0.09579	0.00535	0.00290	0.00885
11	0.83108	0.01163	0.00884	0.00791	0.01163	0.01350	0.00651	0.01768	0.01024	0.02699	0.00838	0.00977	0.00651	0.00558	0.00372	0.00186	0.00465	0.00326	0.00372	0.00651
12	0.00873	0.00623	0.00859	0.00997	0.01094	0.00609	0.00801	0.01079	0.01290	0.01692	0.03238	0.36077	0.03673	0.01753	0.00805	0.00264	0.00470	0.42719	0.00556	0.00527
13	0.00749	0.00530	0.00693	0.00817	0.00848	0.00499	0.00536	0.00842	0.01120	0.01493	0.03152	0.69901	0.03773	0.10731	0.01031	0.00283	0.00376	0.01614	0.00536	0.00474
14	0.00775	0.00553	0.00746	0.00885	0.00939	0.00525	0.00631	0.00910	0.01193	0.01582	0.03293	0.65795	0.03887	0.01845	0.00779	0.00250	0.00385	0.13968	0.00558	0.00500
15	0.04355	0.01296	0.01323	0.01098	0.01458	0.13875	0.00871	0.05469	0.05075	0.38468	0.17764	0.02367	0.02248	0.00826	0.00611	0.00182	0.00564	0.00665	0.00630	0.00855
16	0.02140	0.02689	0.01721	0.01553	0.01828	0.67870	0.01180	0.02292	0.01615	0.01469	0.00914	0.01111	0.00777	0.00670	0.00707	0.00167	0.09896	0.00403	0.00305	0.00693
17	0.00733	0.00524	0.00698	0.00838	0.00873	0.00489	0.00558	0.00838	0.01152	0.01536	0.03316	0.78466	0.03979	0.01885	0.00768	0.00244	0.00349	0.01710	0.00558	0.00489
18	0.24436	0.01388	0.01540	0.16229	0.02101	0.01590	0.01110	0.34718	0.01909	0.04918	0.01204	0.01358	0.00881	0.00665	0.00587	0.00189	0.03393	0.00482	0.00464	0.00837
19	0.00905	0.00687	0.00864	0.00824	0.00972	0.00678	0.00618	0.01291	0.08307	0.02267	0.55367	0.12048	0.08196	0.01269	0.00741	0.00199	0.02432	0.01109	0.00631	0.00595

[dist]
# distance from previous block
# <min> <max>
0	2

[block]
# block no. 5 follows, 38 sequences, length 19
# corresponding to MSA columns:
# 701-719
name=unknown_F
#
# <colnr> <probs for GDERKNQSTAVLIFYWHMCP>
#	G	D	E	R	K	N	Q	S	T	A	V	L	I	F	Y	W	H	M	C	P
0	0.10527	0.37431	0.08241	0.01435	0.09211	0.09912	0.01191	0.01977	0.07569	0.01755	0.01034	0.01188	0.00870	0.00593	0.00543	0.00162	0.04861	0.00403	0.00311	0.00788
1	0.75208	0.01271	0.00969	0.00857	0.01232	0.04971	0.00700	0.05354	0.01146	0.02695	0.00872	0.01006	0.00676	0.00570	0.00392	0.00184	0.00505	0.00339	0.00381	0.00672
2	0.01182	0.00634	0.00673	0.00621	0.00815	0.00598	0.00474	0.01460	0.01292	0.04871	0.04442	0.02209	0.01616	0.00694	0.00440	0.00138	0.00306	0.00559	0.67670	0.09305
3	0.10146	0.01536	0.01988	0.09594	0.33364	0.11424	0.04269	0.05428	0.04027	0.08405	0.01231	0.01466	0.00958	0.00607	0.00613	0.00183	0.03024	0.00512	0.00368	0.00856
4	0.00733	0.00598	0.00649	0.00662	0.00833	0.00513	0.00487	0.00897	0.01386	0.01720	0.15106	0.15872	0.55384	0.01534	0.00719	0.00207	0.00308	0.01307	0.00573	0.00513
5	0.00939	0.00690	0.00854	0.00838	0.00989	0.00662	0.00629	0.07282	0.01608	0.02191	0.38724	0.22679	0.12285	0.01407	0.00723	0.00209	0.00352	0.05745	0.00613	0.00580
6	0.00816	0.00559	0.00673	0.00731	0.00746	0.00544	0.00445	0.00859	0.00989	0.01319	0.02483	0.34783	0.02929	0.47000	0.02112	0.00443	0.00486	0.01221	0.00445	0.00416
7	0.01722	0.55840	0.02724	0.01190	0.01616	0.18457	0.01083	0.01901	0.01301	0.01431	0.00853	0.01022	0.00774	0.00584	0.00558	0.00146	0.07429	0.00354	0.00269	0.00746
8	0.02112	0.01563	0.01676	0.01310	0.01741	0.01730	0.01063	0.62165	0.07414	0.03478	0.01551	0.01714	0.01178	0.07506	0.00816	0.00217	0.00643	0.00580	0.00582	0.00961
9	0.01945	0.01677	0.01955	0.02175	0.27133	0.10627	0.01361	0.30654	0.09042	0.05354	0.01405	0.01516	0.01065	0.00655	0.00594	0.00179	0.00708	0.00537	0.00468	0.00953
10	0.01630	0.30973	0.22628	0.01404	0.01981	0.09787	0.06927	0.05806	0.01422	0.07030	0.01191	0.04522	0.00982	0.00627	0.00522	0.00166	0.00766	0.00484	0.00332	0.00819
11	0.01376	0.11923	0.11492	0.01102	0.01480	0.05206	0.03022	0.01858	0.09996	0.10501	0.29516	0.02815	0.05469	0.00897	0.00615	0.00182	0.00528	0.00752	0.00523	0.00748
12	0.02723	0.11192	0.15880	0.01619	0.09943	0.03535	0.07271	0.16955	0.01685	0.05933	0.08032	0.02082	0.04093	0.03061	0.00668	0.00194	0.00687	0.03189	0.00427	0.00832
13	0.08070	0.06795	0.15812	0.01163	0.01620	0.03558	0.01111	0.09660	0.01579	0.22882	0.06543	0.08388	0.04618	0.00917	0.01628	0.00201	0.00606	0.03508	0.00517	0.00823
14	0.01427	0.09166	0.20994	0.01192	0.01643	0.05299	0.01182	0.13105	0.01641	0.06427	0.17476	0.02590	0.06339	0.06059	0.00770	0.00210	0.00624	0.02632	0.00463	0.00761
15	0.04748	0.09176	0.08932	0.05486	0.08162	0.04157	0.01151	0.06283	0.21314	0.04242	0.01475	0.01553	0.01137	0.00618	0.00533	0.00162	0.00598	0.00493	0.00421	0.19359
16	0.04008	0.04773	0.10916	0.20279	0.10017	0.08616	0.07818	0.01778	0.01371	0.05366	0.08259	0.01713	0.01330	0.00628	0.00577	0.00174	0.00726	0.00545	0.00351	0.10755
17	0.03336	0.06385	0.08030	0.04162	0.19146	0.01343	0.08562	0.09461	0.07706	0.08419	0.01637	0.07187	0.02609	0.04457	0.00715	0.00203	0.00656	0.00650	0.00420	0.04917
18	0.01569	0.04852	0.17333	0.05394	0.01934	0.09503	0.02986	0.16587	0.01658	0.05388	0.04182	0.07064	0.02584	0.00828	0.02509	0.00191	0.00713	0.00591	0.00416	0.13719

[dist]
# distance from previous block
# <min> <max>
1	186

[block]
# block no. 6 follows, 38 sequences, length 11
# corresponding to MSA columns:
# 930-940
name=unknown_G
#
# <colnr> <probs for GDERKNQSTAVLIFYWHMCP>
#	G	D	E	R	K	N	Q	S	T	A	V	L	I	F	Y	W	H	M	C	P
0	0.08729	0.13708	0.04214	0.04109	0.05749	0.01363	0.07460	0.07229	0.05925	0.07391	0.04762	0.04752	0.05069	0.00864	0.02496	0.02520	0.03360	0.00599	0.00415	0.09284
1	0.03578	0.03424	0.10104	0.01314	0.03736	0.05339	0.06942	0.07281	0.11342	0.09193	0.06570	0.08258	0.01712	0.03305	0.03700	0.00222	0.00648	0.00675	0.02103	0.10555
2	0.01391	0.11438	0.17732	0.09744	0.13575	0.04674	0.03260	0.01959	0.11229	0.04104	0.03409	0.04094	0.01296	0.00804	0.02986	0.00206	0.00726	0.02222	0.00365	0.04787
3	0.06545	0.08233	0.16103	0.10070	0.17256	0.01481	0.01455	0.11647	0.07860	0.06775	0.01303	0.01464	0.00982	0.00607	0.00554	0.00177	0.00679	0.00494	0.00387	0.05928
4	0.01090	0.01039	0.05777	0.20336	0.09364	0.01005	0.01139	0.03176	0.05261	0.01760	0.06130	0.07707	0.07102	0.09767	0.05752	0.00296	0.00672	0.08967	0.00408	0.03253
5	0.00763	0.00611	0.00681	0.00664	0.00844	0.00530	0.00498	0.00964	0.01494	0.01916	0.31484	0.05311	0.49290	0.01415	0.00710	0.00198	0.00297	0.01202	0.00597	0.00530
6	0.01860	0.45538	0.02519	0.01216	0.01670	0.19718	0.01075	0.13195	0.04873	0.01851	0.01027	0.01126	0.00860	0.00586	0.00467	0.00146	0.00743	0.00388	0.00340	0.00802
7	0.00759	0.00586	0.00699	0.00768	0.00894	0.00526	0.00565	0.00915	0.01305	0.01655	0.08469	0.34459	0.34407	0.01666	0.00748	0.00228	0.00351	0.09927	0.00564	0.00509
8	0.06220	0.06055	0.01823	0.05203	0.01915	0.01620	0.05646	0.36436	0.12537	0.13979	0.01628	0.01617	0.01158	0.00699	0.00586	0.00184	0.00631	0.00557	0.00557	0.00948
9	0.11757	0.04329	0.01370	0.01088	0.01444	0.01337	0.00879	0.30364	0.07041	0.06465	0.03809	0.12721	0.07862	0.00961	0.00602	0.00192	0.00523	0.02986	0.00549	0.03721
10	0.00891	0.00577	0.00721	0.00782	0.00843	0.00542	0.00513	0.00974	0.01116	0.05809	0.03010	0.46908	0.07810	0.24932	0.01444	0.00340	0.00426	0.01366	0.00511	0.00484

[dist]
# distance from previous block
# <min> <max>
2	39

[block]
# block no. 7 follows, 38 sequences, length 27
# corresponding to MSA columns:
# 980-1006
name=unknown_H
#
# <colnr> <probs for GDERKNQSTAVLIFYWHMCP>
#	G	D	E	R	K	N	Q	S	T	A	V	L	I	F	Y	W	H	M	C	P
0	0.05861	0.20977	0.07588	0.01122	0.01551	0.06394	0.01003	0.15832	0.03380	0.06571	0.07189	0.07289	0.01563	0.03316	0.00618	0.00178	0.00605	0.00589	0.00438	0.07937
1	0.01089	0.00708	0.00870	0.00836	0.01018	0.00665	0.00621	0.03964	0.05181	0.10495	0.26212	0.25891	0.17351	0.01381	0.00706	0.00208	0.00357	0.01208	0.00617	0.00622
2	0.06892	0.04798	0.26059	0.01510	0.02054	0.05628	0.11894	0.08275	0.05365	0.06518	0.03760	0.09164	0.01456	0.00784	0.00609	0.00195	0.00734	0.03092	0.00405	0.00810
3	0.01958	0.10139	0.11272	0.01491	0.05791	0.08281	0.01271	0.34428	0.10777	0.06564	0.01440	0.01469	0.01060	0.00674	0.00571	0.00177	0.00699	0.00512	0.00488	0.00939
4	0.00988	0.00710	0.01039	0.04951	0.05052	0.00693	0.03445	0.01176	0.01257	0.05878	0.07715	0.37000	0.05598	0.07951	0.03479	0.00285	0.00510	0.11187	0.00514	0.00571
5	0.01544	0.10663	0.11232	0.06922	0.05996	0.01417	0.09382	0.11351	0.07430	0.06028	0.01294	0.01448	0.00986	0.00575	0.00546	0.00159	0.00663	0.00490	0.00390	0.21483
6	0.00780	0.00574	0.00720	0.00776	0.00870	0.00528	0.00548	0.00941	0.01327	0.01771	0.22744	0.38218	0.16414	0.06870	0.00901	0.00247	0.00349	0.04342	0.00573	0.00507
7	0.01039	0.00577	0.00635	0.00620	0.00761	0.00563	0.00465	0.01321	0.01396	0.02294	0.24105	0.02927	0.02799	0.00862	0.00508	0.00155	0.00281	0.00721	0.57407	0.00563
8	0.01247	0.01069	0.01247	0.00891	0.01426	0.00802	0.00713	0.01515	0.01247	0.01960	0.01069	0.01247	0.00891	0.00446	0.00446	0.00089	0.00446	0.00356	0.00356	0.82536
9	0.05986	0.01353	0.02185	0.06365	0.10921	0.01291	0.22926	0.10293	0.01539	0.10321	0.01298	0.01509	0.00969	0.00556	0.00585	0.00168	0.00706	0.00544	0.00401	0.20084
10	0.00748	0.00543	0.00703	0.00824	0.00879	0.00505	0.00564	0.00863	0.01176	0.01546	0.03525	0.65091	0.10668	0.04510	0.00845	0.00254	0.00364	0.05351	0.00551	0.00490
11	0.01505	0.13596	0.25219	0.04045	0.05834	0.03458	0.01455	0.07820	0.06602	0.07504	0.01308	0.01507	0.01013	0.01013	0.07694	0.00257	0.07109	0.00497	0.01734	0.00831
12	0.05602	0.01511	0.11635	0.26650	0.04755	0.03379	0.05465	0.10521	0.03834	0.01972	0.01266	0.05928	0.01071	0.02417	0.00840	0.00214	0.11247	0.00597	0.00346	0.00749
13	0.00788	0.00564	0.00727	0.00823	0.00878	0.00543	0.00568	0.00901	0.01129	0.01493	0.03137	0.48184	0.08420	0.15959	0.05734	0.00350	0.00485	0.08330	0.00509	0.00477
14	0.00984	0.00838	0.01304	0.28825	0.02215	0.01012	0.01113	0.01261	0.01090	0.01481	0.01670	0.02404	0.05099	0.02606	0.37242	0.00577	0.05565	0.03802	0.00322	0.00591
15	0.01767	0.26144	0.10707	0.05731	0.03348	0.11864	0.03659	0.09114	0.01516	0.10863	0.01275	0.01579	0.01031	0.00676	0.00609	0.00174	0.04734	0.04020	0.00377	0.00813
16	0.01389	0.05005	0.27056	0.06610	0.02844	0.05794	0.36333	0.01958	0.03621	0.01870	0.01171	0.01470	0.00872	0.00550	0.00633	0.00193	0.00934	0.00578	0.00294	0.00825
17	0.00808	0.00606	0.00787	0.00840	0.00922	0.00608	0.00605	0.00952	0.01174	0.01568	0.08711	0.34526	0.14037	0.10246	0.13633	0.00392	0.03128	0.05458	0.00497	0.00502
18	0.06449	0.19463	0.26240	0.01565	0.10332	0.01545	0.01456	0.04127	0.01339	0.10436	0.01305	0.01445	0.02445	0.00632	0.00602	0.00176	0.05102	0.00469	0.04033	0.00840
19	0.01523	0.03776	0.27547	0.03885	0.02026	0.03245	0.05013	0.07572	0.14841	0.11836	0.02148	0.02141	0.10259	0.00766	0.00606	0.00192	0.00676	0.00631	0.00453	0.00863
20	0.01010	0.00670	0.00866	0.00902	0.01010	0.00665	0.00658	0.05397	0.01286	0.05923	0.06374	0.37638	0.03172	0.13342	0.08319	0.00358	0.00557	0.10776	0.00525	0.00551
21	0.01456	0.07292	0.12714	0.11631	0.12350	0.10033	0.05475	0.06107	0.05066	0.04250	0.01347	0.03911	0.01117	0.01282	0.13047	0.00311	0.00921	0.00563	0.00347	0.00780
22	0.21586	0.10156	0.06825	0.06832	0.06233	0.08024	0.05456	0.07869	0.01397	0.08750	0.01117	0.01294	0.00857	0.00619	0.00614	0.00179	0.06345	0.00449	0.00374	0.05025
23	0.01598	0.29955	0.23156	0.01301	0.01887	0.01686	0.03491	0.05873	0.08345	0.10119	0.01356	0.03609	0.01067	0.00634	0.00519	0.00167	0.00679	0.00488	0.00377	0.03695
24	0.26329	0.07968	0.14538	0.01208	0.01664	0.08573	0.04798	0.09847	0.01369	0.02197	0.01114	0.01441	0.00925	0.06582	0.05448	0.00254	0.00744	0.00458	0.00354	0.04189
25	0.07646	0.01161	0.04503	0.01044	0.01257	0.06159	0.00827	0.08089	0.01283	0.08166	0.01663	0.05840	0.01644	0.27904	0.01620	0.00334	0.10531	0.04905	0.00417	0.05003
26	0.03758	0.11875	0.05798	0.10709	0.01710	0.01180	0.00992	0.01782	0.07665	0.12559	0.16693	0.05807	0.04649	0.01066	0.04711	0.00227	0.03843	0.00706	0.00477	0.03792

[dist]
# distance from previous block
# <min> <max>
97	218

[block]
# block no. 8 follows, 38 sequences, length 10
# corresponding to MSA columns:
# 1269-1278
name=unknown_I
#
# <colnr> <probs for GDERKNQSTAVLIFYWHMCP>
#	G	D	E	R	K	N	Q	S	T	A	V	L	I	F	Y	W	H	M	C	P
0	0.10284	0.01388	0.06050	0.08799	0.05516	0.05019	0.10872	0.07137	0.06882	0.09480	0.01575	0.02020	0.02413	0.04057	0.00690	0.00200	0.00666	0.05027	0.00423	0.11503
1	0.09579	0.17679	0.01980	0.01343	0.01739	0.24371	0.05267	0.10402	0.13584	0.04337	0.01269	0.01351	0.00997	0.00647	0.00567	0.00171	0.03049	0.00464	0.00400	0.00803
2	0.01686	0.21713	0.17931	0.01425	0.01952	0.06304	0.10962	0.02033	0.01399	0.17050	0.04457	0.04596	0.01272	0.00687	0.00620	0.00178	0.03953	0.00559	0.00397	0.00825
3	0.00914	0.00728	0.01129	0.01062	0.01182	0.00840	0.04535	0.01126	0.00982	0.01412	0.01565	0.02371	0.01479	0.08967	0.63723	0.00864	0.05597	0.00657	0.00321	0.00547
4	0.02075	0.01762	0.07467	0.07233	0.02177	0.06545	0.07526	0.45698	0.02300	0.09111	0.01412	0.01485	0.01000	0.00678	0.00605	0.00184	0.00736	0.00544	0.00517	0.00947
5	0.00863	0.00629	0.00889	0.00889	0.00969	0.00710	0.00655	0.01024	0.00944	0.01339	0.01683	0.02759	0.01676	0.23199	0.58022	0.00870	0.01353	0.00702	0.00333	0.00494
6	0.00863	0.00588	0.00705	0.00714	0.00732	0.00602	0.00434	0.00902	0.00906	0.01224	0.01944	0.08468	0.02201	0.62947	0.13768	0.00618	0.00720	0.00894	0.00371	0.00398
7	0.06588	0.35395	0.02305	0.01425	0.08257	0.25734	0.01105	0.05364	0.01480	0.01725	0.04822	0.01260	0.01053	0.00600	0.00481	0.00151	0.00762	0.00413	0.00322	0.00759
8	0.01385	0.01177	0.08968	0.01128	0.01500	0.00950	0.04353	0.06161	0.09265	0.12784	0.10252	0.19175	0.02386	0.01012	0.00637	0.00189	0.00509	0.03361	0.00528	0.14279
9	0.06353	0.01997	0.23037	0.02371	0.29097	0.06734	0.07048	0.05772	0.04878	0.05249	0.01224	0.01436	0.00934	0.00583	0.00582	0.00184	0.00775	0.00510	0.00341	0.00895

[dist]
# distance from previous block
# <min> <max>
0	22

[block]
# block no. 9 follows, 38 sequences, length 13
# corresponding to MSA columns:
# 1301-1313
name=unknown_J
#
# <colnr> <probs for GDERKNQSTAVLIFYWHMCP>
#	G	D	E	R	K	N	Q	S	T	A	V	L	I	F	Y	W	H	M	C	P
0	0.01489	0.03194	0.01416	0.01168	0.01471	0.01143	0.05644	0.21526	0.07893	0.07807	0.14462	0.14781	0.04958	0.01113	0.00678	0.00206	0.00523	0.09182	0.00580	0.00766
1	0.18522	0.01277	0.04184	0.01127	0.01414	0.08284	0.04324	0.12568	0.07232	0.02232	0.02021	0.30151	0.02074	0.01103	0.00615	0.00206	0.00555	0.00933	0.00482	0.00693
2	0.01774	0.01824	0.01889	0.14669	0.24830	0.27314	0.01415	0.02213	0.09734	0.06672	0.01284	0.01491	0.01002	0.00621	0.00581	0.00177	0.00816	0.00505	0.00362	0.00822
3	0.02001	0.02035	0.01707	0.01669	0.10069	0.39469	0.03794	0.09274	0.01703	0.10472	0.01478	0.10812	0.01303	0.00787	0.00596	0.00177	0.00840	0.00620	0.00419	0.00776
4	0.01045	0.00522	0.00784	0.00784	0.00784	0.00522	0.00522	0.00784	0.00784	0.01045	0.01045	0.01829	0.01045	0.02090	0.02351	0.82497	0.00522	0.00522	0.00261	0.00261
5	0.02488	0.01094	0.01407	0.01108	0.01554	0.01023	0.00906	0.05807	0.13477	0.60802	0.02348	0.02055	0.01527	0.00755	0.00606	0.00189	0.00512	0.00615	0.00717	0.01012
6	0.73796	0.01153	0.00989	0.09495	0.01502	0.01348	0.00767	0.01742	0.01044	0.02567	0.00864	0.01048	0.00669	0.00563	0.00398	0.00188	0.00504	0.00349	0.00360	0.00653
7	0.01709	0.01097	0.01389	0.09667	0.01794	0.00956	0.00898	0.06653	0.01480	0.22590	0.01458	0.01525	0.01057	0.00565	0.00518	0.00135	0.00519	0.00458	0.00471	0.45061
8	0.12519	0.05287	0.03747	0.04367	0.01871	0.03951	0.06066	0.33900	0.08209	0.09198	0.04040	0.01591	0.01205	0.00692	0.00571	0.00183	0.00643	0.00544	0.00518	0.00898
9	0.01316	0.01316	0.01843	0.01579	0.01579	0.01843	0.01316	0.01448	0.00921	0.01448	0.00790	0.01316	0.00790	0.01053	0.01974	0.00263	0.77757	0.00526	0.00263	0.00658
10	0.01045	0.00522	0.00784	0.00784	0.00784	0.00522	0.00522	0.00784	0.00784	0.01045	0.01045	0.01829	0.01045	0.02090	0.02351	0.82497	0.00522	0.00522	0.00261	0.00261
11	0.01462	0.01416	0.02457	0.08528	0.66624	0.01428	0.05556	0.01830	0.01361	0.01935	0.01132	0.01504	0.00941	0.00539	0.00602	0.00181	0.00736	0.00545	0.00296	0.00927
12	0.00995	0.00814	0.01175	0.10659	0.14881	0.00823	0.00881	0.01179	0.01167	0.01585	0.07241	0.16415	0.07492	0.24181	0.04405	0.00343	0.00587	0.00932	0.00407	0.03837

[dist]
# distance from previous block
# <min> <max>
0	2

[block]
# block no. 10 follows, 38 sequences, length 9
# corresponding to MSA columns:
# 1316-1324
name=unknown_K
#
# <colnr> <probs for GDERKNQSTAVLIFYWHMCP>
#	G	D	E	R	K	N	Q	S	T	A	V	L	I	F	Y	W	H	M	C	P
0	0.12342	0.01250	0.01402	0.07991	0.01754	0.06720	0.03646	0.07312	0.08186	0.11412	0.05395	0.01968	0.01429	0.00699	0.00552	0.00168	0.00575	0.04872	0.00464	0.21861
1	0.14737	0.01235	0.04834	0.13816	0.08292	0.01209	0.04641	0.07701	0.06626	0.10423	0.08530	0.01827	0.01470	0.00673	0.00558	0.00179	0.00584	0.00561	0.03082	0.09023
2	0.05558	0.00967	0.01371	0.13897	0.15994	0.00979	0.01038	0.01570	0.04979	0.06413	0.20129	0.02711	0.09225	0.00914	0.00703	0.04389	0.00513	0.00728	0.00458	0.07463
3	0.01373	0.01075	0.01516	0.27634	0.13019	0.04133	0.01195	0.01660	0.01348	0.11894	0.05417	0.05820	0.08954	0.04121	0.00713	0.00201	0.00622	0.00693	0.00414	0.08197
4	0.04942	0.04061	0.01741	0.18027	0.18211	0.04564	0.01276	0.07868	0.15074	0.09703	0.04480	0.01930	0.04115	0.00707	0.00591	0.00188	0.00635	0.00597	0.00447	0.00843
5	0.04183	0.01303	0.01705	0.08852	0.26136	0.05882	0.01256	0.08672	0.07428	0.11119	0.05122	0.02214	0.08466	0.00756	0.00605	0.00184	0.00620	0.01835	0.00454	0.03208
6	0.06516	0.01198	0.01839	0.15369	0.11795	0.01229	0.11713	0.04560	0.06248	0.09766	0.04847	0.05640	0.01378	0.00702	0.00649	0.00184	0.03628	0.00627	0.00414	0.11697
7	0.06745	0.05403	0.01761	0.01654	0.14251	0.01369	0.05456	0.14889	0.14158	0.11398	0.05485	0.02250	0.01618	0.00775	0.00604	0.00190	0.00592	0.06942	0.00508	0.03953
8	0.08595	0.01326	0.05035	0.02005	0.27254	0.01243	0.01262	0.07072	0.08443	0.21361	0.04774	0.01768	0.01350	0.00658	0.00577	0.00180	0.00589	0.00560	0.00488	0.05459

[dist]
# distance from previous block
# <min> <max>
2	45

[block]
# block no. 11 follows, 38 sequences, length 14
# corresponding to MSA columns:
# 1378-1391
name=unknown_L
#
# <colnr> <probs for GDERKNQSTAVLIFYWHMCP>
#	G	D	E	R	K	N	Q	S	T	A	V	L	I	F	Y	W	H	M	C	P
0	0.01626	0.06818	0.05998	0.11778	0.17030	0.01467	0.05825	0.15356	0.06794	0.08741	0.06803	0.01864	0.01415	0.00708	0.00660	0.00189	0.03823	0.01804	0.00438	0.00863
1	0.06206	0.06833	0.10222	0.12935	0.19511	0.04818	0.04182	0.08230	0.05783	0.05532	0.03602	0.01759	0.04629	0.00675	0.00612	0.00186	0.02515	0.00562	0.00380	0.00828
