[name]
unknown

[dist]
# distance from previous block
# <min> <max>
0	101

[block]
# block no. 0 follows, 41 sequences, length 21
# corresponding to MSA columns:
# 101-121
name=unknown_A
#
# <colnr> <probs for GDERKNQSTAVLIFYWHMCP>
#	G	D	E	R	K	N	Q	S	T	A	V	L	I	F	Y	W	H	M	C	P
0	0.01301	0.01066	0.01576	0.04712	0.31599	0.01065	0.02395	0.04485	0.07949	0.06200	0.07254	0.02494	0.09461	0.04828	0.00705	0.00195	0.00541	0.03532	0.04118	0.04525
1	0.05743	0.11011	0.09037	0.01175	0.01579	0.01281	0.07798	0.06457	0.20693	0.02096	0.10349	0.08034	0.01822	0.00760	0.00553	0.00171	0.00535	0.00649	0.00442	0.09816
2	0.01116	0.00654	0.00825	0.00785	0.00957	0.00611	0.00586	0.01396	0.05251	0.14122	0.30383	0.23066	0.07573	0.01201	0.00641	0.00190	0.00331	0.01053	0.08653	0.00606
3	0.03883	0.00708	0.00876	0.00802	0.01010	0.00668	0.00611	0.01544	0.06187	0.17970	0.31907	0.15056	0.08624	0.01106	0.00627	0.00186	0.00344	0.00957	0.06292	0.00642
4	0.00792	0.00584	0.00740	0.00701	0.00844	0.00532	0.00526	0.01046	0.01578	0.02196	0.66871	0.04433	0.14615	0.01206	0.00675	0.00182	0.00272	0.01057	0.00617	0.00532
5	0.01164	0.00661	0.00811	0.00753	0.00966	0.00577	0.00571	0.01342	0.01405	0.19930	0.17593	0.18213	0.31235	0.01280	0.00661	0.00194	0.00342	0.01099	0.00593	0.00609
6	0.83938	0.01106	0.00841	0.00752	0.01106	0.01283	0.00619	0.01681	0.00973	0.02566	0.00796	0.00929	0.00619	0.00531	0.00354	0.00177	0.00442	0.00310	0.00354	0.00619
7	0.28977	0.01095	0.01218	0.00968	0.01384	0.01101	0.00799	0.11331	0.01552	0.43523	0.01672	0.01545	0.01102	0.00648	0.00503	0.00176	0.00490	0.00481	0.00576	0.00858
8	0.83938	0.01106	0.00841	0.00752	0.01106	0.01283	0.00619	0.01681	0.00973	0.02566	0.00796	0.00929	0.00619	0.00531	0.00354	0.00177	0.00442	0.00310	0.00354	0.00619
9	0.01127	0.00651	0.00839	0.00752	0.00947	0.00589	0.00578	0.01378	0.01576	0.15556	0.53547	0.03842	0.09975	0.01083	0.00643	0.00178	0.00310	0.00940	0.04876	0.00613
10	0.00782	0.00582	0.00720	0.00686	0.00828	0.00528	0.00510	0.01015	0.01522	0.02090	0.58326	0.04512	0.20193	0.04280	0.00762	0.00197	0.00285	0.01063	0.00598	0.00520
11	0.83938	0.01106	0.00841	0.00752	0.01106	0.01283	0.00619	0.01681	0.00973	0.02566	0.00796	0.00929	0.00619	0.00531	0.00354	0.00177	0.00442	0.00310	0.00354	0.00619
12	0.00706	0.00509	0.00671	0.00797	0.00843	0.00474	0.00543	0.00815	0.01116	0.01476	0.03286	0.72363	0.07561	0.01764	0.00730	0.00232	0.00338	0.04777	0.00531	0.00468
13	0.06584	0.01143	0.01404	0.01082	0.01524	0.01105	0.00893	0.21300	0.01876	0.54019	0.01954	0.01747	0.01261	0.00693	0.00563	0.00176	0.00521	0.00546	0.00655	0.00955
14	0.00791	0.00600	0.00712	0.00689	0.00844	0.00549	0.00514	0.01060	0.04097	0.02011	0.44966	0.08391	0.27561	0.01260	0.00666	0.00186	0.00286	0.01090	0.03195	0.00531
15	0.02239	0.00958	0.01246	0.00992	0.01372	0.00879	0.00794	0.02603	0.10389	0.59519	0.02215	0.02166	0.01528	0.09394	0.00832	0.00220	0.00490	0.00612	0.00653	0.00897
16	0.01080	0.01017	0.01716	0.78523	0.03940	0.01271	0.01589	0.01461	0.01144	0.01461	0.01017	0.01525	0.00762	0.00572	0.00572	0.00191	0.00762	0.00508	0.00254	0.00635
17	0.02036	0.01220	0.05353	0.05005	0.01717	0.01146	0.03615	0.15712	0.09313	0.38526	0.03222	0.01832	0.01341	0.00890	0.04654	0.00220	0.02152	0.00573	0.00577	0.00897
18	0.03236	0.00682	0.00892	0.00861	0.01053	0.00616	0.00641	0.01499	0.01296	0.26809	0.02987	0.44244	0.08189	0.01368	0.00667	0.00210	0.00389	0.03133	0.00586	0.00642
19	0.02474	0.01059	0.01458	0.01110	0.01560	0.00957	0.04207	0.09579	0.01724	0.66339	0.02122	0.01874	0.01349	0.00696	0.00579	0.00177	0.00522	0.00574	0.00676	0.00964
20	0.01192	0.01076	0.05642	0.30589	0.18219	0.01068	0.03895	0.01519	0.01216	0.05954	0.01519	0.12957	0.01357	0.00751	0.00575	0.00184	0.00618	0.00680	0.10296	0.00691

[dist]
# distance from previous block
# <min> <max>
0	4

[block]
# block no. 1 follows, 41 sequences, length 27
# corresponding to MSA columns:
# 126-152
name=unknown_B
#
# <colnr> <probs for GDERKNQSTAVLIFYWHMCP>
#	G	D	E	R	K	N	Q	S	T	A	V	L	I	F	Y	W	H	M	C	P
0	0.01475	0.01044	0.01489	0.34072	0.05287	0.03709	0.02708	0.05697	0.02814	0.18590	0.01785	0.04748	0.06128	0.03322	0.04456	0.00233	0.00682	0.00626	0.00417	0.00718
1	0.58801	0.01198	0.01007	0.00861	0.01213	0.03913	0.00694	0.12967	0.01264	0.02557	0.00967	0.01201	0.00786	0.05807	0.00566	0.00196	0.00498	0.00380	0.00385	0.04739
2	0.01141	0.00844	0.01182	0.12957	0.08465	0.00881	0.00906	0.05262	0.01288	0.08785	0.05790	0.21384	0.12102	0.03778	0.04574	0.00245	0.04862	0.01945	0.00451	0.03159
3	0.06906	0.06439	0.28372	0.01604	0.02203	0.12175	0.18675	0.05412	0.01353	0.01876	0.01025	0.01234	0.00778	0.00527	0.00538	0.00165	0.00807	0.00457	0.00294	0.09162
4	0.01024	0.00672	0.00856	0.00764	0.00964	0.00609	0.00585	0.01322	0.03823	0.09779	0.57512	0.03834	0.08423	0.01076	0.00645	0.00174	0.00309	0.00939	0.00612	0.06077
5	0.00885	0.00646	0.00833	0.00849	0.00943	0.00660	0.00620	0.01070	0.03305	0.05151	0.15270	0.40728	0.12431	0.03692	0.00882	0.00227	0.08302	0.02454	0.00523	0.00530
6	0.00751	0.00539	0.00682	0.00732	0.00824	0.00496	0.00516	0.00922	0.01306	0.01790	0.28591	0.41023	0.12897	0.01483	0.00689	0.00205	0.00302	0.01320	0.04436	0.00496
7	0.00710	0.00513	0.00665	0.00770	0.00821	0.00475	0.00519	0.00824	0.01144	0.01525	0.09516	0.65575	0.08576	0.04480	0.00799	0.00237	0.00332	0.01520	0.00533	0.00468
8	0.01234	0.14693	0.57867	0.01483	0.02220	0.01482	0.01816	0.01921	0.08717	0.01799	0.01123	0.01257	0.00830	0.00559	0.00520	0.00173	0.00769	0.00427	0.00277	0.00834
9	0.03860	0.01271	0.03667	0.17123	0.33631	0.01277	0.13050	0.05252	0.01377	0.03932	0.08718	0.01740	0.01332	0.00599	0.00589	0.00179	0.00688	0.00583	0.00341	0.00791
10	0.07174	0.01827	0.07834	0.01304	0.01659	0.24363	0.01103	0.18030	0.01666	0.13854	0.01310	0.05156	0.01039	0.00732	0.00708	0.00179	0.10344	0.00512	0.00427	0.00778
11	0.06331	0.05100	0.03097	0.03952	0.04890	0.01200	0.02318	0.17136	0.05183	0.31534	0.02646	0.01612	0.01180	0.00637	0.00537	0.00163	0.00542	0.00510	0.00535	0.10896
12	0.05461	0.01119	0.01520	0.10441	0.06771	0.01196	0.06585	0.09379	0.18919	0.15994	0.01860	0.08097	0.01523	0.03589	0.00701	0.00205	0.02133	0.03220	0.00492	0.00796
13	0.00744	0.00557	0.00661	0.00678	0.00796	0.00500	0.00482	0.00884	0.01285	0.01677	0.24161	0.21525	0.31444	0.07042	0.00920	0.04124	0.00322	0.01194	0.00532	0.00474
14	0.65632	0.01023	0.00877	0.00783	0.01110	0.01160	0.00639	0.01693	0.01031	0.08551	0.01032	0.01193	0.00800	0.00932	0.08214	0.00251	0.00550	0.00371	0.03524	0.00634
15	0.01440	0.01369	0.05500	0.01660	0.05621	0.03451	0.22778	0.11333	0.15802	0.04375	0.01646	0.03298	0.01382	0.00839	0.00779	0.05717	0.03076	0.08749	0.00420	0.00765
16	0.18444	0.02236	0.46685	0.01405	0.02057	0.01305	0.05540	0.01875	0.08686	0.02020	0.01286	0.01414	0.03481	0.00593	0.00520	0.00183	0.00708	0.00463	0.00312	0.00787
17	0.01271	0.00998	0.01070	0.00978	0.01241	0.01095	0.00753	0.07018	0.41822	0.03821	0.04726	0.10435	0.11825	0.00960	0.00592	0.00189	0.00407	0.00809	0.09229	0.00762
18	0.02063	0.01547	0.01654	0.01294	0.01731	0.01722	0.01060	0.63834	0.13460	0.03425	0.01515	0.01486	0.01087	0.00700	0.00574	0.00175	0.00603	0.00535	0.00574	0.00963
19	0.10558	0.01425	0.01549	0.01199	0.01643	0.01536	0.00990	0.52621	0.02303	0.18212	0.01492	0.01444	0.01026	0.00675	0.00551	0.00173	0.00582	0.00506	0.00577	0.00937
20	0.01092	0.01032	0.01718	0.73411	0.03778	0.01303	0.01566	0.01456	0.01126	0.01456	0.00999	0.01507	0.00762	0.00600	0.00658	0.00195	0.05945	0.00508	0.00254	0.00635
21	0.02140	0.02625	0.01630	0.01459	0.01769	0.70791	0.01104	0.08764	0.01717	0.01598	0.00928	0.01062	0.00758	0.00598	0.00521	0.00150	0.00995	0.00382	0.00320	0.00691
22	0.02174	0.01602	0.01717	0.01316	0.01774	0.01774	0.01087	0.74423	0.02689	0.03605	0.01373	0.01373	0.00973	0.00687	0.00572	0.00172	0.00629	0.00515	0.00572	0.00973
23	0.15783	0.02317	0.49651	0.01422	0.02112	0.01299	0.03888	0.05835	0.01295	0.09641	0.01134	0.01253	0.00794	0.00564	0.00519	0.00180	0.00731	0.00431	0.00328	0.00824
24	0.00810	0.00585	0.00765	0.00720	0.00855	0.00540	0.00540	0.01079	0.01619	0.02294	0.76028	0.04273	0.05397	0.01169	0.00675	0.00180	0.00270	0.01034	0.00630	0.00540
25	0.00714	0.00573	0.00638	0.00639	0.00801	0.00496	0.00473	0.00888	0.01368	0.01739	0.24520	0.12681	0.49641	0.01408	0.00681	0.00194	0.00289	0.01203	0.00558	0.00496
26	0.01251	0.01251	0.01752	0.01502	0.01502	0.01752	0.01251	0.01377	0.00876	0.01377	0.00751	0.01251	0.00751	0.01001	0.01877	0.00250	0.78851	0.00501	0.00250	0.00626

[dist]
# distance from previous block
# <min> <max>
0	26

[block]
# block no. 2 follows, 41 sequences, length 6
# corresponding to MSA columns:
# 179-182,186,187
name=unknown_C
#
# <colnr> <probs for GDERKNQSTAVLIFYWHMCP>
#	G	D	E	R	K	N	Q	S	T	A	V	L	I	F	Y	W	H	M	C	P
0	0.08796	0.01123	0.01335	0.01067	0.01481	0.01124	0.00870	0.12603	0.16811	0.45510	0.02033	0.01825	0.01359	0.00705	0.00558	0.00180	0.00496	0.00560	0.00635	0.00931
1	0.72737	0.01174	0.00961	0.00829	0.01198	0.01350	0.00684	0.11646	0.01208	0.02709	0.00875	0.00990	0.00668	0.00552	0.00384	0.00176	0.00468	0.00338	0.00384	0.00668
2	0.00761	0.00584	0.00708	0.00762	0.00900	0.00531	0.00592	0.00944	0.01309	0.01673	0.14191	0.20274	0.33609	0.01512	0.00715	0.00217	0.00355	0.19322	0.00543	0.00498
3	0.00906	0.00744	0.01090	0.01039	0.01120	0.00927	0.00825	0.01094	0.00910	0.01338	0.01372	0.02043	0.01291	0.03616	0.62121	0.00782	0.17363	0.00590	0.00295	0.00534
4	0.17880	0.00777	0.00986	0.00943	0.01087	0.00935	0.00749	0.01192	0.00926	0.01586	0.01304	0.01878	0.01196	0.03192	0.54258	0.00701	0.09016	0.00540	0.00311	0.00544
5	0.04990	0.03398	0.01324	0.03221	0.01482	0.00988	0.00794	0.07243	0.04155	0.13773	0.01264	0.01349	0.00962	0.00531	0.00510	0.00123	0.02939	0.00409	0.00416	0.50128

[dist]
# distance from previous block
# <min> <max>
3	5

[block]
# block no. 3 follows, 41 sequences, length 35
# corresponding to MSA columns:
# 194-203,210-234
name=unknown_D
#
# <colnr> <probs for GDERKNQSTAVLIFYWHMCP>
#	G	D	E	R	K	N	Q	S	T	A	V	L	I	F	Y	W	H	M	C	P
0	0.01058	0.00876	0.01063	0.06398	0.03451	0.09272	0.04250	0.01130	0.01092	0.03127	0.01974	0.34168	0.02174	0.05031	0.03324	0.19185	0.00566	0.00983	0.00392	0.00485
1	0.01416	0.01359	0.02322	0.03511	0.76330	0.01359	0.01755	0.01755	0.01302	0.01869	0.01076	0.01416	0.00906	0.00510	0.00566	0.00170	0.00680	0.00510	0.00283	0.00906
2	0.08205	0.00998	0.01367	0.03246	0.01538	0.00916	0.04427	0.04529	0.01590	0.57215	0.08220	0.02020	0.01634	0.00718	0.00572	0.00178	0.00501	0.00596	0.00638	0.00892
3	0.01327	0.01282	0.04052	0.33315	0.22126	0.03525	0.04450	0.04985	0.11508	0.03070	0.01286	0.02979	0.01013	0.00617	0.00599	0.00185	0.02024	0.00550	0.00336	0.00773
4	0.00900	0.00552	0.00734	0.00801	0.00862	0.00523	0.00553	0.00967	0.01073	0.06714	0.02639	0.48487	0.03014	0.13157	0.01212	0.09630	0.00409	0.06824	0.00484	0.00464
5	0.01131	0.00552	0.00568	0.00554	0.00701	0.00546	0.00419	0.01396	0.01219	0.05375	0.01883	0.02124	0.01464	0.00668	0.00407	0.00135	0.00276	0.00535	0.79493	0.00552
6	0.00886	0.00704	0.01014	0.11719	0.07603	0.00703	0.00782	0.01163	0.01485	0.02068	0.52619	0.08054	0.06831	0.01077	0.00655	0.00184	0.00377	0.00958	0.00539	0.00577
7	0.03666	0.01634	0.19652	0.21462	0.21099	0.01299	0.11842	0.01787	0.02644	0.06489	0.01150	0.01442	0.00861	0.00546	0.00570	0.00181	0.00752	0.00510	0.00302	0.02112
8	0.83938	0.01106	0.00841	0.00752	0.01106	0.01283	0.00619	0.01681	0.00973	0.02566	0.00796	0.00929	0.00619	0.00531	0.00354	0.00177	0.00442	0.00310	0.00354	0.00619
9	0.01281	0.01282	0.01890	0.48602	0.25575	0.08519	0.01593	0.01628	0.01237	0.01578	0.01022	0.01445	0.00803	0.00555	0.00565	0.00180	0.00763	0.00495	0.00267	0.00720
10	0.01409	0.11183	0.25047	0.09509	0.11478	0.02945	0.12475	0.05683	0.01325	0.06199	0.01131	0.01422	0.00873	0.00588	0.00629	0.00179	0.05102	0.01714	0.00307	0.00801
11	0.01053	0.00825	0.01337	0.07611	0.04209	0.00820	0.11019	0.03002	0.01290	0.05234	0.02497	0.26143	0.02666	0.01308	0.00716	0.00229	0.00556	0.28415	0.00474	0.00596
12	0.00728	0.00528	0.00695	0.00816	0.00877	0.00495	0.00580	0.00856	0.01145	0.01504	0.03356	0.62591	0.09772	0.01732	0.00734	0.00234	0.00357	0.11995	0.00530	0.00475
13	0.00838	0.00803	0.07277	0.00972	0.01133	0.00753	0.00822	0.01076	0.00953	0.01375	0.01577	0.06300	0.01497	0.03842	0.67050	0.00821	0.01410	0.00651	0.00313	0.00536
14	0.02985	0.29823	0.21095	0.01371	0.04585	0.03386	0.07196	0.02019	0.02746	0.17820	0.01240	0.01308	0.00914	0.00559	0.00496	0.00159	0.00679	0.00439	0.00358	0.00823
15	0.00812	0.00569	0.00734	0.00748	0.00788	0.00602	0.00498	0.00896	0.00891	0.01225	0.01850	0.11298	0.02029	0.44520	0.29400	0.00651	0.00880	0.00838	0.00352	0.00418
16	0.01192	0.00570	0.00600	0.00574	0.00733	0.00559	0.00437	0.01455	0.01236	0.08385	0.01899	0.02117	0.01462	0.00670	0.00415	0.00137	0.00285	0.00537	0.76170	0.00570
17	0.01303	0.16603	0.17261	0.23901	0.13097	0.01523	0.04989	0.01700	0.02617	0.03729	0.01030	0.01332	0.00811	0.00581	0.00640	0.00177	0.07211	0.00465	0.00274	0.00755
18	0.04138	0.13721	0.30949	0.01324	0.01934	0.01368	0.04256	0.08945	0.01468	0.24413	0.01392	0.01407	0.00959	0.00595	0.00529	0.00171	0.00675	0.00466	0.00418	0.00870
19	0.01134	0.00993	0.01514	0.17247	0.20505	0.01138	0.01159	0.03409	0.01081	0.01507	0.01234	0.02028	0.01177	0.18439	0.10667	0.02448	0.12807	0.00591	0.00296	0.00624
20	0.27093	0.07942	0.01632	0.04314	0.03783	0.11404	0.05190	0.13901	0.01426	0.06901	0.01027	0.01193	0.00798	0.00629	0.00650	0.00178	0.10406	0.00426	0.00373	0.00734
21	0.00766	0.00583	0.00705	0.00674	0.00828	0.00521	0.00506	0.00996	0.01517	0.02051	0.53289	0.04672	0.28287	0.01260	0.00675	0.00184	0.00276	0.01090	0.00598	0.00521
22	0.01309	0.02652	0.04914	0.11598	0.01777	0.04225	0.00904	0.01588	0.01232	0.07495	0.01163	0.03499	0.00950	0.00519	0.00473	0.00119	0.00522	0.00421	0.00353	0.54288
23	0.00953	0.00806	0.01094	0.01011	0.01063	0.00983	0.00779	0.01096	0.01044	0.01502	0.15271	0.09108	0.04382	0.15381	0.15910	0.00412	0.27511	0.00792	0.00379	0.00522
24	0.01469	0.01303	0.08126	0.21936	0.11687	0.03082	0.11549	0.06459	0.01388	0.14634	0.01549	0.11470	0.01302	0.00736	0.00603	0.00188	0.00683	0.00675	0.00396	0.00765
25	0.01297	0.01335	0.02102	0.36391	0.21143	0.08504	0.14133	0.01659	0.01284	0.01655	0.04238	0.01572	0.01011	0.00568	0.00587	0.00181	0.00782	0.00547	0.00287	0.00724
26	0.01100	0.00671	0.00722	0.03969	0.00953	0.00697	0.00540	0.05320	0.07491	0.02113	0.02269	0.06821	0.08261	0.00808	0.00475	0.00154	0.00329	0.00664	0.56058	0.00584
27	0.80421	0.01125	0.00949	0.00823	0.01186	0.01290	0.03756	0.01688	0.00989	0.02535	0.00812	0.00955	0.00630	0.00529	0.00368	0.00178	0.00465	0.00325	0.00351	0.00626
28	0.01416	0.01359	0.02322	0.03511	0.76330	0.01359	0.01755	0.01755	0.01302	0.01869	0.01076	0.01416	0.00906	0.00510	0.00566	0.00170	0.00680	0.00510	0.00283	0.00906
29	0.00710	0.00523	0.00668	0.00773	0.00841	0.00481	0.00537	0.00832	0.01160	0.01520	0.06436	0.61068	0.15124	0.01702	0.00723	0.00226	0.00333	0.05333	0.00535	0.00474
30	0.00740	0.00578	0.00675	0.00687	0.00839	0.00513	0.00519	0.00929	0.01379	0.01781	0.26968	0.13628	0.39915	0.01412	0.00691	0.00199	0.00308	0.07175	0.00561	0.00502
31	0.00804	0.00584	0.00757	0.00714	0.00851	0.00537	0.00535	0.01069	0.01606	0.02263	0.73157	0.04323	0.08287	0.01181	0.00675	0.00180	0.00271	0.01041	0.00626	0.00537
32	0.06835	0.00983	0.01292	0.00992	0.01434	0.00859	0.00818	0.02640	0.01572	0.67821	0.02097	0.01842	0.01336	0.00680	0.00553	0.00171	0.00480	0.00545	0.00665	0.06384
33	0.01613	0.01489	0.01789	0.04926	0.06776	0.10044	0.09491	0.14199	0.26103	0.04360	0.01516	0.01616	0.01160	0.00709	0.00760	0.00190	0.11434	0.00560	0.00439	0.00826
34	0.04237	0.21284	0.05311	0.01403	0.05268	0.10791	0.06197	0.26019	0.01779	0.09231	0.01181	0.01264	0.00891	0.00601	0.00538	0.00160	0.02143	0.00452	0.00410	0.00837

[dist]
# distance from previous block
# <min> <max>
1	6

[block]
# block no. 4 follows, 41 sequences, length 14
# corresponding to MSA columns:
# 241-254
name=unknown_E
#
# <colnr> <probs for GDERKNQSTAVLIFYWHMCP>
#	G	D	E	R	K	N	Q	S	T	A	V	L	I	F	Y	W	H	M	C	P
0	0.06728	0.05941	0.10293	0.07366	0.04732	0.05144	0.18402	0.01802	0.10328	0.04362	0.03575	0.07916	0.01381	0.03674	0.03725	0.00226	0.00716	0.00646	0.02325	0.00718
1	0.00807	0.00533	0.00705	0.00796	0.00864	0.00491	0.00545	0.00927	0.01171	0.05629	0.08699	0.67169	0.06158	0.01675	0.00716	0.00224	0.00334	0.01510	0.00548	0.00499
2	0.02582	0.07823	0.11256	0.18516	0.02277	0.02646	0.12163	0.01588	0.01217	0.03020	0.02793	0.02981	0.01003	0.00564	0.00546	0.00155	0.02109	0.00494	0.04817	0.21451
3	0.01489	0.01312	0.07578	0.15342	0.10876	0.03322	0.06279	0.12355	0.03609	0.10848	0.01481	0.06714	0.01235	0.03766	0.00700	0.01793	0.00644	0.02253	0.00405	0.07998
4	0.00785	0.00597	0.00697	0.00733	0.00854	0.00552	0.00519	0.04843	0.01288	0.01660	0.09782	0.39263	0.29859	0.04851	0.00789	0.00224	0.00337	0.01333	0.00533	0.00500
5	0.01185	0.00924	0.03816	0.12815	0.04736	0.00944	0.02889	0.01475	0.05221	0.11385	0.05194	0.21983	0.04483	0.03699	0.05272	0.01901	0.09071	0.01930	0.00438	0.00637
6	0.04532	0.04502	0.10005	0.10156	0.18844	0.03792	0.10585	0.06537	0.01451	0.21924	0.01382	0.01512	0.00985	0.00583	0.00564	0.00176	0.00688	0.00520	0.00409	0.00851
7	0.01273	0.01290	0.04929	0.23638	0.13079	0.03445	0.14440	0.06000	0.07215	0.01803	0.01365	0.08200	0.01176	0.00789	0.02493	0.00209	0.05572	0.00640	0.01714	0.00729
8	0.24537	0.01009	0.01196	0.00946	0.01365	0.00960	0.00781	0.02489	0.01458	0.56703	0.01862	0.01672	0.01201	0.00660	0.00515	0.00177	0.00475	0.00504	0.00612	0.00878
9	0.04605	0.01035	0.04498	0.03932	0.06808	0.02366	0.06838	0.04040	0.06219	0.13211	0.09101	0.13874	0.07277	0.04012	0.00743	0.00208	0.02782	0.04468	0.03293	0.00690
10	0.10064	0.04272	0.03287	0.14400	0.01971	0.06340	0.06222	0.02184	0.02730	0.36012	0.01690	0.05698	0.01227	0.00689	0.00555	0.00180	0.00606	0.00573	0.00496	0.00805
11	0.02030	0.02129	0.01475	0.01318	0.01615	0.51738	0.00999	0.07947	0.01647	0.12101	0.01382	0.10429	0.01209	0.00755	0.00554	0.00163	0.00841	0.00557	0.00402	0.00708
12	0.74851	0.06061	0.00966	0.00760	0.01106	0.01311	0.00629	0.01643	0.00979	0.02421	0.00844	0.01061	0.00695	0.04253	0.00475	0.00191	0.00458	0.00334	0.00347	0.00614
13	0.07517	0.00638	0.00788	0.00736	0.00896	0.00608	0.00557	0.01180	0.01550	0.05016	0.64756	0.06555	0.04813	0.01123	0.00647	0.00181	0.00294	0.00980	0.00607	0.00559

[dist]
# distance from previous block
# <min> <max>
7	13

[block]
# block no. 5 follows, 41 sequences, length 13
# corresponding to MSA columns:
# 269-281
name=unknown_F
#
# <colnr> <probs for GDERKNQSTAVLIFYWHMCP>
#	G	D	E	R	K	N	Q	S	T	A	V	L	I	F	Y	W	H	M	C	P
0	0.03747	0.08514	0.28596	0.04064	0.03968	0.03500	0.04220	0.24317	0.04674	0.05258	0.01211	0.01317	0.00882	0.00595	0.00539	0.00171	0.00711	0.00465	0.00386	0.02866
1	0.01446	0.19593	0.34359	0.01690	0.08164	0.01503	0.13029	0.01898	0.01276	0.10176	0.01138	0.01296	0.00842	0.00538	0.00530	0.00169	0.00758	0.00461	0.00306	0.00828
2	0.01221	0.00695	0.00890	0.00799	0.01012	0.00635	0.00613	0.01509	0.04664	0.19512	0.42007	0.09994	0.11899	0.01127	0.00652	0.00186	0.00335	0.00979	0.00627	0.00644
3	0.01700	0.01195	0.01717	0.20451	0.16030	0.04227	0.04466	0.09665	0.01479	0.22228	0.01507	0.04941	0.01159	0.02982	0.00697	0.00194	0.03537	0.00586	0.00434	0.00805
4	0.01666	0.04830	0.17181	0.04229	0.01791	0.01123	0.06296	0.09204	0.04641	0.25654	0.05938	0.05074	0.04922	0.02562	0.02125	0.00203	0.00618	0.00636	0.00490	0.00817
5	0.00764	0.00564	0.00720	0.00803	0.00894	0.00536	0.00596	0.00912	0.01167	0.01518	0.05308	0.35797	0.17649	0.08102	0.05599	0.00298	0.00457	0.17331	0.00504	0.00477
6	0.01230	0.02849	0.70878	0.01605	0.02419	0.01364	0.02031	0.07658	0.01327	0.01956	0.01054	0.01221	0.00745	0.00555	0.00546	0.00180	0.00828	0.00430	0.00268	0.00856
7	0.01238	0.01047	0.01214	0.00872	0.01377	0.00815	0.00699	0.05258	0.01265	0.01955	0.01035	0.01196	0.00854	0.00437	0.00431	0.00089	0.00434	0.00348	0.00351	0.79084
8	0.04551	0.14520	0.15731	0.01381	0.01781	0.20623	0.09088	0.01760	0.01265	0.03706	0.01200	0.08224	0.01106	0.04984	0.00777	0.00195	0.07556	0.00553	0.00310	0.00689
9	0.00792	0.00581	0.00743	0.00710	0.00846	0.00531	0.00529	0.01043	0.01567	0.02188	0.66356	0.07535	0.11999	0.01222	0.00677	0.00183	0.00274	0.01075	0.00616	0.00531
10	0.01462	0.04934	0.14330	0.11147	0.10937	0.03316	0.05707	0.10769	0.05751	0.07217	0.03981	0.01587	0.01111	0.02729	0.00822	0.00198	0.12322	0.00532	0.00364	0.00784
11	0.06393	0.00777	0.00834	0.00726	0.00965	0.00788	0.00574	0.10981	0.01449	0.14590	0.01803	0.01933	0.01344	0.00668	0.00448	0.00148	0.00360	0.00524	0.54029	0.00667
12	0.01218	0.06508	0.08343	0.01263	0.02859	0.01191	0.07987	0.03302	0.05812	0.05126	0.09458	0.10166	0.01785	0.04747	0.02941	0.00226	0.16652	0.00693	0.02213	0.07510

[dist]
# distance from previous block
# <min> <max>
0	1

[block]
# block no. 6 follows, 41 sequences, length 33
# corresponding to MSA columns:
# 283-315
name=unknown_G
#
# <colnr> <probs for GDERKNQSTAVLIFYWHMCP>
#	G	D	E	R	K	N	Q	S	T	A	V	L	I	F	Y	W	H	M	C	P
0	0.45781	0.01454	0.14146	0.01089	0.02826	0.01255	0.03257	0.07020	0.01268	0.15406	0.01147	0.01213	0.00814	0.00573	0.00454	0.00178	0.00553	0.00405	0.00409	0.00755
1	0.29858	0.01018	0.01164	0.00929	0.01341	0.00989	0.00766	0.02417	0.01415	0.51853	0.01767	0.01606	0.01149	0.00649	0.00501	0.00177	0.00472	0.00486	0.00589	0.00855
2	0.00713	0.00537	0.00660	0.00721	0.00819	0.00484	0.00506	0.00857	0.01253	0.01643	0.17846	0.44553	0.24175	0.01577	0.00704	0.00211	0.00308	0.01396	0.00550	0.00484
3	0.00868	0.00668	0.00926	0.08416	0.01182	0.00757	0.00695	0.00975	0.00954	0.01309	0.01905	0.24220	0.02114	0.23588	0.16418	0.04068	0.09173	0.00931	0.00367	0.00466
4	0.01867	0.01347	0.01446	0.01142	0.01499	0.01478	0.00912	0.56677	0.02268	0.03077	0.01482	0.01827	0.01195	0.13971	0.00952	0.00233	0.00590	0.00569	0.06632	0.00835
5	0.05786	0.01059	0.01201	0.00872	0.01369	0.00856	0.00701	0.06165	0.01271	0.02015	0.01028	0.01184	0.00843	0.00446	0.00429	0.00095	0.00438	0.00349	0.00355	0.73537
6	0.08165	0.01462	0.01566	0.03601	0.01731	0.01631	0.01028	0.52155	0.14885	0.05677	0.01511	0.01494	0.01087	0.00687	0.00558	0.00177	0.00585	0.00524	0.00552	0.00924
7	0.01510	0.01272	0.01343	0.01182	0.01521	0.01464	0.00927	0.11354	0.66839	0.02534	0.02217	0.02045	0.01656	0.00766	0.00581	0.00191	0.00473	0.00631	0.00581	0.00913
8	0.70855	0.01186	0.00981	0.00842	0.01213	0.01362	0.00694	0.13321	0.01248	0.02732	0.00889	0.01000	0.00676	0.00556	0.00389	0.00176	0.00472	0.00343	0.00389	0.00676
9	0.00733	0.00582	0.00659	0.00639	0.00808	0.00507	0.00479	0.00931	0.01438	0.01865	0.35792	0.04978	0.45901	0.01329	0.00675	0.00187	0.00281	0.01133	0.00573	0.00507
10	0.00793	0.00574	0.00734	0.00711	0.00830	0.00531	0.00518	0.01020	0.01493	0.02084	0.59602	0.11171	0.09233	0.07155	0.00848	0.00214	0.00298	0.01084	0.00593	0.00515
11	0.01565	0.75736	0.02917	0.01007	0.01486	0.06643	0.00986	0.01746	0.01189	0.01349	0.00800	0.00924	0.00734	0.00495	0.00376	0.00124	0.00636	0.00309	0.00248	0.00730
12	0.01905	0.01356	0.01490	0.01173	0.01565	0.01466	0.00957	0.54168	0.04037	0.07477	0.14102	0.02036	0.04057	0.00794	0.00593	0.00175	0.00547	0.00630	0.00589	0.00884
13	0.01350	0.01157	0.01689	0.01402	0.01528	0.01457	0.06242	0.01531	0.01068	0.09771	0.07111	0.01623	0.01236	0.01026	0.03899	0.00247	0.52576	0.00561	0.00340	0.04187
14	0.16627	0.14805	0.03691	0.01017	0.01452	0.01313	0.00887	0.11401	0.04790	0.33908	0.03635	0.01568	0.01206	0.00647	0.00502	0.00168	0.00521	0.00486	0.00527	0.00851
15	0.00750	0.00524	0.00665	0.00744	0.00770	0.00510	0.00478	0.00822	0.00994	0.01332	0.02594	0.48990	0.03061	0.28744	0.05984	0.00383	0.00479	0.01294	0.00455	0.00427
16	0.00870	0.00597	0.00785	0.00867	0.00983	0.00585	0.00701	0.01094	0.01271	0.01757	0.10594	0.19404	0.06942	0.01566	0.04141	0.00256	0.00460	0.34682	0.11930	0.00514
17	0.05625	0.03714	0.03580	0.01287	0.01557	0.00953	0.19744	0.01438	0.07272	0.04171	0.02102	0.31755	0.02187	0.01190	0.00776	0.06453	0.00562	0.04592	0.00430	0.00612
18	0.02100	0.01212	0.01524	0.01504	0.14386	0.06613	0.01031	0.11870	0.01664	0.40723	0.04129	0.01809	0.01348	0.00942	0.06267	0.00228	0.00649	0.00558	0.00555	0.00891
19	0.00722	0.00521	0.00698	0.00812	0.00864	0.00497	0.00565	0.00845	0.01116	0.01492	0.05191	0.65219	0.05664	0.01936	0.06414	0.00282	0.00429	0.05740	0.00517	0.00474
20	0.01122	0.01409	0.13067	0.09018	0.02385	0.01145	0.36321	0.01507	0.01219	0.01664	0.01583	0.17647	0.01526	0.06732	0.00826	0.00226	0.00768	0.00830	0.00333	0.00674
21	0.40392	0.03849	0.01116	0.00909	0.01246	0.03228	0.00735	0.11471	0.03644	0.13364	0.05504	0.09493	0.01414	0.00751	0.00484	0.00180	0.00475	0.00564	0.00470	0.00712
22	0.01430	0.59257	0.20013	0.01150	0.01702	0.02027	0.01251	0.01722	0.01161	0.01454	0.00847	0.00998	0.00733	0.00522	0.00468	0.00141	0.03783	0.00341	0.00244	0.00755
23	0.06605	0.00892	0.01129	0.00907	0.01265	0.00809	0.00728	0.02326	0.03543	0.53429	0.02380	0.02311	0.07043	0.06606	0.00730	0.00203	0.00456	0.00626	0.07179	0.00834
24	0.01175	0.02456	0.57719	0.06923	0.02348	0.01267	0.01828	0.07139	0.01320	0.01912	0.03807	0.07137	0.01134	0.00670	0.00566	0.00185	0.00765	0.00546	0.00302	0.00801
25	0.01812	0.08986	0.17837	0.03781	0.01795	0.03724	0.01193	0.09634	0.14060	0.26277	0.01670	0.01631	0.01171	0.00765	0.02945	0.00198	0.00643	0.00515	0.00488	0.00876
26	0.03516	0.03495	0.07145	0.01298	0.01519	0.27055	0.01082	0.02784	0.01233	0.03983	0.01126	0.04136	0.01024	0.04341	0.10092	0.00289	0.22141	0.00510	0.02589	0.00641
27	0.75619	0.01149	0.00948	0.00878	0.03493	0.01320	0.00688	0.06801	0.01104	0.02618	0.00846	0.00976	0.00653	0.00541	0.00376	0.00176	0.00463	0.00330	0.00367	0.00653
28	0.16139	0.00952	0.01132	0.00913	0.01296	0.00898	0.00747	0.02306	0.04825	0.44803	0.01900	0.01876	0.01313	0.00681	0.00513	0.00169	0.00449	0.02549	0.09892	0.06646
29	0.01189	0.15303	0.01347	0.00934	0.01200	0.02337	0.00775	0.05016	0.17244	0.03265	0.21307	0.04523	0.10337	0.01007	0.00602	0.00184	0.00441	0.10355	0.01961	0.00673
30	0.01104	0.06661	0.01016	0.00805	0.01001	0.00770	0.00620	0.06375	0.01513	0.09311	0.37165	0.15160	0.09505	0.05495	0.00766	0.00204	0.00369	0.00991	0.00566	0.00600
31	0.01856	0.00886	0.01176	0.00985	0.01284	0.00850	0.00785	0.02168	0.07042	0.43815	0.14519	0.12266	0.02359	0.00950	0.00704	0.00191	0.05941	0.00787	0.00631	0.00806
32	0.00866	0.00674	0.00871	0.10107	0.01258	0.00686	0.00671	0.01175	0.08194	0.01695	0.15925	0.32268	0.08644	0.09128	0.00884	0.00237	0.00404	0.01121	0.02021	0.03168

[dist]
# distance from previous block
# <min> <max>
0	2

[block]
# block no. 7 follows, 41 sequences, length 10
# corresponding to MSA columns:
# 318-327
name=unknown_H
#
# <colnr> <probs for GDERKNQSTAVLIFYWHMCP>
#	G	D	E	R	K	N	Q	S	T	A	V	L	I	F	Y	W	H	M	C	P
0	0.06082	0.01560	0.03043	0.16748	0.03455	0.21932	0.05703	0.03354	0.01315	0.11489	0.01181	0.01558	0.00959	0.07477	0.00931	0.00215	0.11460	0.00504	0.00347	0.00685
1	0.01738	0.01339	0.01358	0.01147	0.01472	0.07917	0.00913	0.22434	0.27348	0.09419	0.01781	0.01763	0.01320	0.00725	0.00617	0.00177	0.04758	0.00555	0.12379	0.00841
2	0.06270	0.01338	0.06492	0.15266	0.10979	0.04147	0.04309	0.03885	0.13826	0.14653	0.01432	0.01570	0.01059	0.00647	0.00666	0.00183	0.07363	0.00519	0.00410	0.04986
3	0.00990	0.00694	0.00869	0.00781	0.00979	0.00648	0.00596	0.01368	0.07925	0.06655	0.57928	0.03761	0.06479	0.01062	0.00643	0.00174	0.00310	0.00928	0.00606	0.06604
4	0.01310	0.11623	0.16336	0.05077	0.01782	0.04600	0.09173	0.04233	0.05272	0.07778	0.15818	0.04438	0.07310	0.00785	0.00578	0.00175	0.00603	0.00673	0.01712	0.00722
5	0.38297	0.06380	0.01396	0.10694	0.06904	0.04283	0.00956	0.11481	0.07709	0.05379	0.01114	0.01243	0.00845	0.00583	0.00460	0.00174	0.00559	0.00417	0.00390	0.00736
6	0.38044	0.00995	0.00986	0.00860	0.01174	0.01058	0.00686	0.10596	0.01373	0.15269	0.05848	0.12645	0.06631	0.00854	0.00511	0.00185	0.00438	0.00665	0.00494	0.00689
7	0.01371	0.09518	0.10215	0.16804	0.09533	0.02577	0.03134	0.08478	0.10897	0.05397	0.10264	0.03347	0.01561	0.00707	0.00616	0.00180	0.03652	0.00586	0.00398	0.00766
8	0.01167	0.00876	0.01283	0.10662	0.11976	0.00905	0.02918	0.04475	0.03732	0.07488	0.08009	0.06370	0.06439	0.09495	0.14155	0.03422	0.00713	0.01986	0.00407	0.03521
9	0.01566	0.16872	0.05410	0.03894	0.03282	0.12725	0.05933	0.03518	0.01380	0.13047	0.06061	0.04529	0.03260	0.00814	0.03614	0.00184	0.00664	0.00544	0.03170	0.09534

[dist]
# distance from previous block
# <min> <max>
7	22

[block]
# block no. 8 follows, 41 sequences, length 24
# corresponding to MSA columns:
# 355-378
name=unknown_I
#
# <colnr> <probs for GDERKNQSTAVLIFYWHMCP>
#	G	D	E	R	K	N	Q	S	T	A	V	L	I	F	Y	W	H	M	C	P
0	0.09678	0.16378	0.10150	0.02740	0.12334	0.03288	0.04639	0.08217	0.06524	0.11193	0.06777	0.01649	0.02777	0.00638	0.00522	0.00168	0.00604	0.00516	0.00406	0.00801
1	0.03789	0.21324	0.26462	0.02512	0.01792	0.01440	0.01281	0.06825	0.05472	0.12447	0.01481	0.01529	0.04523	0.00618	0.00501	0.00161	0.00629	0.00469	0.02520	0.04222
2	0.21198	0.06194	0.13325	0.08492	0.03662	0.01254	0.02353	0.07662	0.08870	0.02156	0.07536	0.04548	0.04440	0.00722	0.00522	0.00178	0.00556	0.02034	0.00397	0.03902
3	0.04152	0.13633	0.03389	0.01231	0.01555	0.01340	0.10958	0.09176	0.10791	0.04049	0.03071	0.05375	0.06440	0.02931	0.09594	0.00279	0.06641	0.04280	0.00406	0.00707
4	0.01368	0.12921	0.28321	0.01236	0.01747	0.01310	0.02644	0.10813	0.06496	0.06012	0.06596	0.03924	0.03276	0.00805	0.00693	0.07515	0.00631	0.00548	0.00379	0.02766
5	0.00730	0.00549	0.00671	0.00719	0.00825	0.00498	0.00513	0.00885	0.01276	0.01675	0.20769	0.35357	0.24994	0.04218	0.00779	0.00221	0.00320	0.03967	0.00547	0.00486
6	0.03994	0.06279	0.27221	0.03266	0.05221	0.01388	0.13267	0.11484	0.07221	0.06651	0.01251	0.01390	0.00918	0.00567	0.00550	0.00171	0.00715	0.00491	0.00361	0.07593
7	0.03599	0.00769	0.00859	0.00750	0.00983	0.00770	0.00585	0.08762	0.04500	0.16483	0.07227	0.02202	0.01703	0.03430	0.00562	0.00167	0.00366	0.00585	0.45028	0.00671
8	0.04912	0.55613	0.02566	0.10310	0.04992	0.04791	0.01069	0.04568	0.01236	0.01541	0.00867	0.01043	0.00753	0.00511	0.00415	0.00136	0.00636	0.00350	0.00270	0.03421
9	0.01051	0.00793	0.00958	0.02767	0.01112	0.03537	0.00707	0.01351	0.07489	0.06090	0.05499	0.05445	0.11756	0.10265	0.26012	0.00468	0.05534	0.03499	0.05098	0.00569
10	0.00803	0.00575	0.00706	0.00678	0.00780	0.00538	0.00474	0.00982	0.01361	0.01878	0.47671	0.04243	0.11476	0.23863	0.01319	0.00289	0.00354	0.00993	0.00538	0.00478
11	0.00826	0.00595	0.00731	0.00690	0.00851	0.00533	0.00520	0.01061	0.01534	0.04341	0.54645	0.04538	0.24556	0.01232	0.00672	0.00183	0.00282	0.01068	0.00605	0.00537
12	0.02035	0.02571	0.01552	0.01414	0.01699	0.72009	0.01060	0.02187	0.01609	0.01437	0.03756	0.01312	0.03672	0.00642	0.00527	0.00150	0.00977	0.00423	0.00315	0.00652
13	0.01874	0.00800	0.00984	0.00811	0.01114	0.00739	0.00651	0.04961	0.01481	0.40169	0.02045	0.02008	0.01421	0.00688	0.00496	0.00157	0.00393	0.00554	0.37880	0.00775
14	0.02097	0.01046	0.01280	0.01042	0.01430	0.01030	0.00841	0.05579	0.23710	0.46526	0.02313	0.02075	0.03327	0.00744	0.00572	0.00180	0.00468	0.00608	0.04210	0.00922
15	0.83938	0.01106	0.00841	0.00752	0.01106	0.01283	0.00619	0.01681	0.00973	0.02566	0.00796	0.00929	0.00619	0.00531	0.00354	0.00177	0.00442	0.00310	0.00354	0.00619
16	0.00773	0.00587	0.00780	0.00873	0.00932	0.00594	0.00640	0.00904	0.01131	0.01501	0.03167	0.55950	0.09382	0.01670	0.00822	0.00235	0.06297	0.12763	0.00509	0.00488
17	0.22170	0.04118	0.01151	0.00932	0.01148	0.01163	0.00725	0.12846	0.01233	0.07543	0.01275	0.01913	0.01169	0.20594	0.03259	0.07140	0.10092	0.00538	0.00386	0.00605
18	0.02428	0.01055	0.01368	0.01065	0.01495	0.00975	0.00882	0.13687	0.01783	0.61938	0.02158	0.02074	0.01438	0.00746	0.00585	0.00180	0.00510	0.04003	0.00678	0.00952
19	0.04728	0.12746	0.01471	0.00955	0.01359	0.04765	0.00790	0.02833	0.03877	0.06692	0.03833	0.02777	0.03069	0.00705	0.02771	0.00152	0.05557	0.00450	0.00372	0.40099
20	0.03602	0.09600	0.10881	0.15455	0.08040	0.05522	0.03939	0.13849	0.05189	0.04714	0.01391	0.08236	0.01207	0.05101	0.00686	0.00198	0.00668	0.00595	0.00375	0.00751
21	0.00731	0.00549	0.00670	0.00711	0.00813	0.00501	0.00501	0.00881	0.01259	0.01662	0.21542	0.33719	0.23953	0.06406	0.03192	0.00249	0.00356	0.01286	0.00537	0.00482
22	0.01691	0.01056	0.07799	0.01067	0.01402	0.00886	0.02478	0.04922	0.04466	0.34310	0.04401	0.14605	0.01885	0.03042	0.09561	0.00285	0.02513	0.02311	0.00547	0.00775
23	0.01765	0.17586	0.01890	0.11334	0.01918	0.10968	0.04837	0.12086	0.07909	0.16059	0.01580	0.01634	0.04596	0.00665	0.00569	0.00168	0.02696	0.00517	0.00430	0.00792

[dist]
# distance from previous block
# <min> <max>
2	27

[block]
# block no. 9 follows, 41 sequences, length 16
# corresponding to MSA columns:
# 406-421
name=unknown_J
#
# <colnr> <probs for GDERKNQSTAVLIFYWHMCP>
#	G	D	E	R	K	N	Q	S	T	A	V	L	I	F	Y	W	H	M	C	P
0	0.01386	0.03941	0.06423	0.03109	0.01626	0.02918	0.09856	0.04145	0.04400	0.13054	0.09106	0.07479	0.05646	0.00740	0.00561	0.00157	0.00537	0.00650	0.00445	0.23820
1	0.09761	0.05419	0.01583	0.03476	0.01641	0.01185	0.10179	0.07804	0.11636	0.10700	0.01669	0.01731	0.05857	0.00638	0.00555	0.00158	0.02552	0.00530	0.01891	0.21034
2	0.01151	0.01026	0.06188	0.00968	0.01329	0.00826	0.02676	0.03845	0.02795	0.05913	0.11088	0.10070	0.04189	0.01131	0.08148	0.00222	0.02858	0.00660	0.00421	0.34496
3	0.01120	0.00999	0.01422	0.33972	0.06177	0.01006	0.01106	0.01460	0.03486	0.01668	0.01290	0.04082	0.03182	0.02645	0.00581	0.00158	0.00578	0.00509	0.00320	0.34240
4	0.03994	0.05332	0.05140	0.01455	0.05092	0.03390	0.09897	0.10409	0.14313	0.03395	0.01535	0.11638	0.01377	0.00845	0.00848	0.00197	0.16545	0.00669	0.00405	0.03525
5	0.01012	0.00845	0.01303	0.19189	0.04274	0.00973	0.04451	0.01227	0.01076	0.03131	0.05298	0.11573	0.01803	0.13634	0.13900	0.00382	0.10947	0.04067	0.00353	0.00562
6	0.00854	0.00600	0.00706	0.00684	0.00745	0.00580	0.00424	0.00904	0.00896	0.01230	0.01817	0.09757	0.02050	0.59495	0.08434	0.00510	0.00601	0.00833	0.00358	0.08522
7	0.02311	0.00956	0.01248	0.00986	0.01387	0.00868	0.00805	0.02673	0.08826	0.62307	0.02226	0.01983	0.01453	0.00711	0.00559	0.00174	0.00462	0.00578	0.08560	0.00925
8	0.01371	0.01313	0.02240	0.13569	0.66623	0.01347	0.01733	0.01716	0.01281	0.01814	0.01068	0.01430	0.00887	0.00518	0.00567	0.00173	0.00691	0.00509	0.00279	0.00870
9	0.83938	0.01106	0.00841	0.00752	0.01106	0.01283	0.00619	0.01681	0.00973	0.02566	0.00796	0.00929	0.00619	0.00531	0.00354	0.00177	0.00442	0.00310	0.00354	0.00619
10	0.01680	0.01595	0.01462	0.01262	0.01557	0.18789	0.00994	0.18983	0.26632	0.02329	0.08846	0.01824	0.01591	0.00775	0.00711	0.00183	0.08927	0.00575	0.00484	0.00800
11	0.00817	0.00613	0.00919	0.00919	0.01021	0.00715	0.00715	0.01021	0.00919	0.01328	0.01532	0.02247	0.01430	0.04290	0.77631	0.00919	0.01532	0.00613	0.00306	0.00511
12	0.00823	0.00558	0.00660	0.00667	0.00681	0.00569	0.00399	0.00852	0.00856	0.01153	0.01840	0.07465	0.02092	0.67098	0.11481	0.00580	0.00657	0.00847	0.00351	0.00372
13	0.06840	0.01191	0.01869	0.30561	0.33212	0.01292	0.01492	0.05677	0.01331	0.09393	0.01171	0.01475	0.00889	0.00563	0.00556	0.00179	0.00672	0.00503	0.00335	0.00798
14	0.00734	0.00517	0.00684	0.00781	0.00830	0.00494	0.00532	0.00859	0.01128	0.01543	0.10100	0.61292	0.03637	0.05041	0.05826	0.00282	0.00411	0.01431	0.03405	0.00473
15	0.09070	0.05894	0.09273	0.12295	0.08386	0.03847	0.11106	0.14970	0.01465	0.03749	0.01139	0.01493	0.00909	0.00639	0.00680	0.00183	0.08378	0.02900	0.00350	0.03272

[dist]
# distance from previous block
# <min> <max>
1	5

[block]
# block no. 10 follows, 41 sequences, length 12
# corresponding to MSA columns:
# 428-439
name=unknown_K
#
# <colnr> <probs for GDERKNQSTAVLIFYWHMCP>
#	G	D	E	R	K	N	Q	S	T	A	V	L	I	F	Y	W	H	M	C	P
0	0.01400	0.01276	0.01487	0.16712	0.06481	0.10485	0.02664	0.10551	0.06703	0.03522	0.03107	0.08852	0.01416	0.00774	0.00624	0.00174	0.03744	0.04749	0.00397	0.14884
1	0.04358	0.00892	0.01036	0.00806	0.01199	0.00725	0.00637	0.01304	0.01206	0.01842	0.08300	0.02074	0.10497	0.00971	0.07486	0.00186	0.00495	0.00531	0.00386	0.55069
2	0.00837	0.00603	0.00680	0.00645	0.00735	0.00561	0.00408	0.00907	0.01010	0.01353	0.08967	0.03842	0.14214	0.53022	0.02126	0.00420	0.00475	0.00866	0.00401	0.07928
3	0.01515	0.11156	0.05079	0.21908	0.10646	0.08312	0.10547	0.14390	0.05388	0.01965	0.01126	0.01383	0.00872	0.00586	0.00587	0.00174	0.02755	0.00497	0.00336	0.00777
4	0.12841	0.01098	0.01502	0.20494	0.04923	0.01394	0.01172	0.04060	0.01066	0.01677	0.01153	0.10856	0.01120	0.00894	0.01099	0.00217	0.32875	0.00614	0.00313	0.00631
5	0.00757	0.00561	0.00728	0.00803	0.00894	0.00501	0.00549	0.00875	0.01106	0.01510	0.02891	0.69945	0.03424	0.01625	0.00693	0.00214	0.00343	0.01469	0.00507	0.10606
6	0.00762	0.00583	0.00698	0.00669	0.00825	0.00519	0.00502	0.00987	0.01506	0.02026	0.50917	0.04713	0.30675	0.01269	0.00675	0.00185	0.00277	0.01096	0.00594	0.00519
7	0.00817	0.00613	0.00919	0.00919	0.01021	0.00715	0.00715	0.01021	0.00919	0.01328	0.01532	0.02247	0.01430	0.04290	0.77631	0.00919	0.01532	0.00613	0.00306	0.00511
8	0.01186	0.01017	0.01186	0.00847	0.01356	0.00762	0.00678	0.01440	0.01186	0.01864	0.01017	0.01186	0.00847	0.00424	0.00424	0.00085	0.00424	0.00339	0.00339	0.83395
9	0.00814	0.00572	0.00716	0.00745	0.00870	0.00519	0.00547	0.00991	0.01341	0.04702	0.26169	0.31266	0.21359	0.01463	0.00698	0.00207	0.00321	0.05617	0.00568	0.00516
10	0.01186	0.01017	0.01186	0.00847	0.01356	0.00762	0.00678	0.01440	0.01186	0.01864	0.01017	0.01186	0.00847	0.00424	0.00424	0.00085	0.00424	0.00339	0.00339	0.83395
11	0.01325	0.13267	0.41309	0.01353	0.01964	0.08151	0.01524	0.01931	0.10320	0.04137	0.01613	0.01678	0.07719	0.00656	0.00534	0.00172	0.00719	0.00505	0.00329	0.00792

[dist]
# distance from previous block
# <min> <max>
1	3

[block]
# block no. 11 follows, 41 sequences, length 13
# corresponding to MSA columns:
# 444-456
name=unknown_L
#
# <colnr> <probs for GDERKNQSTAVLIFYWHMCP>
#	G	D	E	R	K	N	Q	S	T	A	V	L	I	F	Y	W	H	M	C	P
0	0.73341	0.01144	0.00938	0.00813	0.01180	0.01308	0.00670	0.08108	0.01152	0.05780	0.00909	0.01011	0.00684	0.00552	0.00382	0.00177	0.00461	0.00339	0.00388	0.00665
1	0.71016	0.01185	0.00979	0.00841	0.01212	0.01361	0.00693	0.13178	0.01245	0.02730	0.00888	0.00999	0.00675	0.00556	0.00388	0.00176	0.00472	0.00342	0.00388	0.00675
2	0.00715	0.00512	0.00680	0.00784	0.00834	0.00476	0.00532	0.00841	0.01178	0.01592	0.14671	0.67631	0.04038	0.01694	0.00721	0.00224	0.00322	0.01533	0.00547	0.00476
3	0.83938	0.01106	0.00841	0.00752	0.01106	0.01283	0.00619	0.01681	0.00973	0.02566	0.00796	0.00929	0.00619	0.00531	0.00354	0.00177	0.00442	0.00310	0.00354	0.00619
4	0.00765	0.00575	0.00708	0.00691	0.00831	0.00518	0.00512	0.00988	0.01491	0.02027	0.51488	0.11468	0.23245	0.01297	0.00680	0.00188	0.00281	0.01132	0.00596	0.00518
5	0.01251	0.01251	0.01752	0.01502	0.01502	0.01752	0.01251	0.01377	0.00876	0.01377	0.00751	0.01251	0.00751	0.01001	0.01877	0.00250	0.78851	0.00501	0.00250	0.00626
6	0.07806	0.01095	0.01313	0.01047	0.01456	0.01079	0.00854	0.12730	0.13368	0.46600	0.02188	0.01971	0.04382	0.00734	0.00565	0.00180	0.00490	0.00586	0.00638	0.00919
7	0.01423	0.01229	0.01293	0.01164	0.01487	0.01423	0.00905	0.03039	0.75297	0.02393	0.02328	0.02134	0.01746	0.00776	0.00582	0.00194	0.00453	0.00647	0.00582	0.00905
8	0.00884	0.00734	0.00954	0.01067	0.10548	0.00648	0.00683	0.01090	0.01315	0.01785	0.19318	0.17720	0.25749	0.01169	0.00632	0.00177	0.00364	0.01020	0.00491	0.13650
9	0.01558	0.70235	0.02799	0.01021	0.01487	0.06693	0.00981	0.01837	0.06248	0.01420	0.00905	0.01007	0.00803	0.00515	0.00391	0.00129	0.00626	0.00333	0.00271	0.00741
10	0.00787	0.00555	0.00733	0.00820	0.00891	0.00533	0.00590	0.00948	0.03441	0.01584	0.11574	0.48750	0.06539	0.01662	0.00854	0.07335	0.00367	0.11038	0.00519	0.00478
11	0.06424	0.19205	0.05778	0.01133	0.01528	0.01443	0.03408	0.14537	0.07431	0.14567	0.01457	0.01654	0.01140	0.01227	0.12732	0.00287	0.02620	0.02209	0.00431	0.00787
12	0.76563	0.01197	0.00916	0.00810	0.01166	0.04453	0.00662	0.05268	0.01084	0.02569	0.00828	0.00955	0.00642	0.00541	0.00371	0.00176	0.00476	0.00322	0.00362	0.00639

[dist]
# distance from previous block
# <min> <max>
1	3

[block]
# block no. 12 follows, 41 sequences, length 10
# corresponding to MSA columns:
# 460-467,471,472
name=unknown_M
#
# <colnr> <probs for GDERKNQSTAVLIFYWHMCP>
#	G	D	E	R	K	N	Q	S	T	A	V	L	I	F	Y	W	H	M	C	P
0	0.00953	0.00673	0.00849	0.00830	0.00992	0.00660	0.00651	0.01351	0.09195	0.04441	0.44662	0.06660	0.06319	0.01199	0.00674	0.00197	0.00347	0.14693	0.04070	0.00584
