[name]
unknown

[dist]
# distance from previous block
# <min> <max>
25	1917

[block]
# block no. 0 follows, 36 sequences, length 10
# corresponding to MSA columns:
# 2108-2117
name=unknown_A
#
# <colnr> <probs for GDERKNQSTAVLIFYWHMCP>
#	G	D	E	R	K	N	Q	S	T	A	V	L	I	F	Y	W	H	M	C	P
0	0.08401	0.14110	0.08075	0.01360	0.09189	0.05214	0.01057	0.03509	0.01371	0.04310	0.05625	0.13808	0.01705	0.00913	0.02249	0.00188	0.00612	0.00679	0.00406	0.17220
1	0.12585	0.17042	0.05691	0.06713	0.01687	0.04170	0.00992	0.01758	0.03124	0.06239	0.01378	0.01627	0.02951	0.01341	0.14128	0.00309	0.00805	0.00481	0.00366	0.16612
2	0.07504	0.04195	0.19779	0.01743	0.05870	0.03594	0.17267	0.05198	0.08581	0.02199	0.06666	0.01726	0.01341	0.00656	0.00644	0.00188	0.02753	0.00583	0.00384	0.09128
3	0.20905	0.11644	0.01485	0.04643	0.01477	0.01347	0.00898	0.01617	0.04174	0.01972	0.04729	0.01679	0.01257	0.01587	0.17639	0.00364	0.09456	0.00504	0.00362	0.12261
4	0.01316	0.01166	0.01551	0.08232	0.03813	0.01149	0.04130	0.06218	0.01371	0.01990	0.01663	0.02060	0.07600	0.00761	0.00804	0.00166	0.12954	0.03713	0.00386	0.38958
5	0.01239	0.01036	0.01463	0.13014	0.05719	0.01104	0.03646	0.01650	0.08249	0.05298	0.04124	0.06464	0.09046	0.01467	0.12050	0.00316	0.08896	0.00727	0.00421	0.14070
6	0.01181	0.00716	0.01015	0.00964	0.01112	0.00770	0.00732	0.01369	0.01104	0.12478	0.01838	0.02672	0.01674	0.16412	0.52123	0.00812	0.01318	0.00701	0.00407	0.00603
7	0.01243	0.01273	0.07087	0.10253	0.17193	0.03402	0.04096	0.03177	0.05131	0.01831	0.07801	0.05169	0.05341	0.16340	0.03204	0.00305	0.05291	0.00757	0.00393	0.00713
8	0.01272	0.00715	0.00884	0.00799	0.01027	0.00638	0.00614	0.01514	0.01617	0.17444	0.32589	0.07197	0.20925	0.01215	0.00686	0.00196	0.00351	0.01040	0.08609	0.00668
9	0.01437	0.08454	0.48131	0.01472	0.02192	0.01359	0.01753	0.02052	0.04742	0.10166	0.01656	0.01749	0.04827	0.00681	0.00579	0.00189	0.00758	0.00534	0.06381	0.00884

[dist]
# distance from previous block
# <min> <max>
0	1

[block]
# block no. 1 follows, 36 sequences, length 9
# corresponding to MSA columns:
# 2119-2127
name=unknown_B
#
# <colnr> <probs for GDERKNQSTAVLIFYWHMCP>
#	G	D	E	R	K	N	Q	S	T	A	V	L	I	F	Y	W	H	M	C	P
0	0.02302	0.01351	0.07103	0.06040	0.01890	0.01257	0.01172	0.10415	0.01712	0.45029	0.01904	0.01841	0.01272	0.00796	0.00848	0.00206	0.12699	0.00589	0.00606	0.00967
1	0.01984	0.01321	0.01734	0.06965	0.18058	0.04321	0.01203	0.09568	0.05577	0.25619	0.03415	0.01791	0.01312	0.00671	0.00598	0.00175	0.00620	0.00564	0.00525	0.13980
2	0.07351	0.01951	0.01637	0.01376	0.01783	0.26393	0.01086	0.22883	0.12957	0.14047	0.01589	0.01566	0.01154	0.00720	0.00590	0.00183	0.00766	0.00526	0.00532	0.00911
3	0.42915	0.01476	0.01266	0.01066	0.01478	0.12021	0.00862	0.09196	0.01529	0.20840	0.01345	0.01356	0.00950	0.00653	0.00495	0.00188	0.00607	0.00442	0.00497	0.00817
4	0.01190	0.01124	0.01953	0.51019	0.08892	0.01286	0.09270	0.01594	0.01365	0.01813	0.12654	0.02128	0.01654	0.00710	0.00653	0.00204	0.00763	0.00664	0.00348	0.00714
5	0.02684	0.01239	0.01556	0.01193	0.01680	0.01181	0.00986	0.21037	0.02082	0.56226	0.02207	0.01958	0.01417	0.00765	0.00626	0.00191	0.00571	0.00609	0.00733	0.01060
6	0.01365	0.01547	0.13397	0.19600	0.23121	0.01376	0.01596	0.02091	0.16728	0.02058	0.01582	0.01967	0.01258	0.00696	0.00615	0.00199	0.00699	0.03246	0.05995	0.00864
7	0.01436	0.00717	0.00820	0.00746	0.00933	0.00736	0.00583	0.01706	0.01355	0.13712	0.02006	0.02217	0.01528	0.00761	0.00590	0.00163	0.06259	0.00585	0.62481	0.00664
8	0.01630	0.01274	0.02003	0.12970	0.39388	0.01310	0.01524	0.02119	0.09301	0.13500	0.01691	0.07627	0.01396	0.00739	0.00635	0.00198	0.00663	0.00677	0.00434	0.00920

[dist]
# distance from previous block
# <min> <max>
0	1

[block]
# block no. 2 follows, 36 sequences, length 17
# corresponding to MSA columns:
# 2129-2145
name=unknown_C
#
# <colnr> <probs for GDERKNQSTAVLIFYWHMCP>
#	G	D	E	R	K	N	Q	S	T	A	V	L	I	F	Y	W	H	M	C	P
0	0.08566	0.03262	0.09015	0.15920	0.14464	0.01529	0.01405	0.16537	0.13292	0.04906	0.01480	0.01708	0.01133	0.03309	0.00682	0.00209	0.00688	0.00562	0.00439	0.00890
1	0.01339	0.00633	0.00675	0.00638	0.00820	0.00617	0.00488	0.01624	0.01358	0.10189	0.02079	0.02301	0.01591	0.00731	0.00456	0.00150	0.00316	0.00586	0.72775	0.00633
2	0.06445	0.24143	0.27704	0.09551	0.02244	0.06146	0.01526	0.02037	0.08398	0.01885	0.01191	0.01366	0.00928	0.00610	0.00525	0.00177	0.00759	0.00451	0.03083	0.00829
3	0.03412	0.01900	0.21356	0.03843	0.14079	0.01453	0.16329	0.11097	0.01613	0.07803	0.04935	0.01795	0.03027	0.00684	0.00698	0.00200	0.03865	0.00615	0.00399	0.00897
4	0.01415	0.01462	0.09836	0.05926	0.31544	0.01291	0.04061	0.02027	0.13593	0.05646	0.04344	0.04215	0.10310	0.00803	0.00645	0.00198	0.00648	0.00721	0.00432	0.00883
5	0.00903	0.09060	0.00960	0.00770	0.00934	0.00742	0.00575	0.01063	0.01310	0.01719	0.08123	0.30875	0.26622	0.04581	0.00789	0.00226	0.00378	0.01273	0.08546	0.00552
6	0.04655	0.01108	0.06104	0.01037	0.01418	0.00907	0.02581	0.06118	0.03777	0.12156	0.08971	0.15780	0.09283	0.01093	0.02319	0.00200	0.00512	0.00859	0.00528	0.20593
7	0.01554	0.01341	0.02103	0.12177	0.44914	0.01384	0.01594	0.08800	0.03250	0.05511	0.06890	0.02007	0.04325	0.00694	0.00633	0.00191	0.00681	0.00635	0.00403	0.00912
8	0.28522	0.14867	0.09151	0.01376	0.04653	0.13316	0.05146	0.05340	0.08474	0.02245	0.01136	0.01269	0.00894	0.00612	0.00501	0.00180	0.00711	0.00437	0.00371	0.00798
9	0.03109	0.04921	0.27009	0.01578	0.06743	0.01293	0.05836	0.05546	0.07239	0.15477	0.01534	0.01683	0.01121	0.00821	0.00796	0.09075	0.00711	0.00546	0.04099	0.00863
10	0.00989	0.00621	0.00796	0.00848	0.00970	0.00566	0.00604	0.01147	0.01354	0.08951	0.11353	0.48383	0.13647	0.01667	0.00755	0.00233	0.00367	0.03118	0.03055	0.00576
11	0.01166	0.00991	0.01598	0.53292	0.05595	0.01168	0.01421	0.01524	0.01314	0.04146	0.07769	0.09555	0.03073	0.00836	0.00644	0.00207	0.00694	0.00742	0.03585	0.00679
12	0.00944	0.00756	0.00874	0.00809	0.01040	0.00691	0.00619	0.01329	0.08618	0.02133	0.31387	0.06255	0.28354	0.01280	0.00702	0.00196	0.00351	0.03611	0.00603	0.09448
13	0.43943	0.01265	0.01355	0.09269	0.01791	0.01393	0.03285	0.12704	0.01513	0.16203	0.01299	0.01385	0.00921	0.00643	0.00504	0.00194	0.00579	0.00462	0.00479	0.00812
14	0.01211	0.00817	0.01045	0.03503	0.01233	0.00824	0.00758	0.03151	0.03112	0.11920	0.28888	0.08545	0.19921	0.01273	0.00845	0.00214	0.07649	0.03822	0.00606	0.00665
15	0.01485	0.03382	0.08804	0.13638	0.02057	0.08265	0.02797	0.03498	0.08850	0.09212	0.15550	0.02330	0.03311	0.02530	0.00735	0.00197	0.03699	0.00665	0.00469	0.08527
16	0.01112	0.00767	0.00934	0.00864	0.01112	0.00669	0.00657	0.01369	0.03717	0.09109	0.15158	0.21670	0.19114	0.01321	0.00694	0.00200	0.00392	0.05245	0.00579	0.15319

[dist]
# distance from previous block
# <min> <max>
0	57

[block]
# block no. 3 follows, 36 sequences, length 8
# corresponding to MSA columns:
# 2203-2210
name=unknown_D
#
# <colnr> <probs for GDERKNQSTAVLIFYWHMCP>
#	G	D	E	R	K	N	Q	S	T	A	V	L	I	F	Y	W	H	M	C	P
0	0.04105	0.07868	0.22015	0.04341	0.07943	0.01542	0.03723	0.02259	0.11114	0.07056	0.01751	0.02169	0.01434	0.00874	0.00759	0.00238	0.03802	0.03765	0.00488	0.12754
1	0.01397	0.00940	0.00827	0.00768	0.00965	0.08494	0.00587	0.08298	0.01509	0.02393	0.01870	0.02120	0.01463	0.00719	0.00467	0.00151	0.00414	0.00560	0.65417	0.00641
2	0.01635	0.09280	0.01663	0.01248	0.01617	0.01507	0.04245	0.10142	0.39339	0.07351	0.02289	0.02488	0.03946	0.06744	0.00819	0.00232	0.00566	0.03428	0.00566	0.00896
3	0.01310	0.01194	0.09007	0.01249	0.01592	0.01000	0.08735	0.08324	0.04932	0.08462	0.16816	0.11356	0.08468	0.01407	0.06438	0.00275	0.00650	0.07505	0.00543	0.00737
4	0.00914	0.00696	0.00815	0.00774	0.00942	0.00610	0.00533	0.01047	0.01212	0.01650	0.08431	0.22237	0.15522	0.24170	0.01420	0.00313	0.00440	0.01104	0.00485	0.16685
5	0.11157	0.09101	0.21773	0.01375	0.05097	0.06870	0.01307	0.09629	0.05055	0.05880	0.01361	0.01496	0.01028	0.00638	0.00528	0.00175	0.00676	0.00478	0.11769	0.04607
6	0.01514	0.15260	0.18275	0.01504	0.08661	0.05286	0.03350	0.03359	0.01418	0.09415	0.04867	0.11407	0.01604	0.00848	0.00638	0.02453	0.00668	0.00671	0.03193	0.05609
7	0.09325	0.09154	0.20702	0.08694	0.06858	0.02888	0.02864	0.11349	0.05777	0.04167	0.01385	0.05236	0.01129	0.00891	0.04284	0.00229	0.00768	0.00561	0.00388	0.03353

[dist]
# distance from previous block
# <min> <max>
2	44

[block]
# block no. 4 follows, 36 sequences, length 10
# corresponding to MSA columns:
# 2255-2264
name=unknown_E
#
# <colnr> <probs for GDERKNQSTAVLIFYWHMCP>
#	G	D	E	R	K	N	Q	S	T	A	V	L	I	F	Y	W	H	M	C	P
0	0.00959	0.00702	0.00869	0.00963	0.06361	0.00629	0.00643	0.01158	0.01459	0.05968	0.17416	0.17730	0.36896	0.01434	0.00720	0.00210	0.00362	0.01238	0.03682	0.00600
1	0.13475	0.11654	0.13465	0.11546	0.02034	0.01515	0.01270	0.09678	0.01426	0.07176	0.03015	0.01849	0.01199	0.05180	0.02625	0.00241	0.08157	0.03325	0.00391	0.00778
2	0.64349	0.03659	0.01092	0.08810	0.01522	0.01369	0.00798	0.01734	0.01074	0.02496	0.00937	0.01180	0.00751	0.00830	0.03880	0.03532	0.00580	0.00383	0.00363	0.00659
3	0.00875	0.00591	0.00797	0.00861	0.00905	0.00600	0.00593	0.00943	0.01053	0.01424	0.02427	0.31857	0.02752	0.19672	0.16807	0.11195	0.00718	0.05026	0.00443	0.00460
4	0.03622	0.11376	0.16274	0.13156	0.02259	0.04414	0.01387	0.17900	0.03468	0.09798	0.01418	0.04574	0.01109	0.00779	0.00693	0.03310	0.02619	0.00558	0.00428	0.00857
5	0.01878	0.20736	0.02240	0.07848	0.12266	0.06306	0.05837	0.05165	0.03587	0.19548	0.01488	0.01631	0.01123	0.00955	0.06521	0.00241	0.00787	0.00532	0.00434	0.00876
6	0.00909	0.00586	0.00771	0.00871	0.00951	0.00538	0.00597	0.01030	0.01250	0.07026	0.03532	0.67834	0.08064	0.01842	0.00779	0.00246	0.00371	0.01659	0.00593	0.00548
7	0.01690	0.19407	0.09927	0.09402	0.16231	0.01810	0.06226	0.18140	0.07166	0.02330	0.01274	0.01464	0.00991	0.00625	0.00576	0.00181	0.00740	0.00519	0.00389	0.00914
8	0.04746	0.09645	0.23130	0.08739	0.06840	0.01384	0.03623	0.05679	0.03642	0.07765	0.02951	0.03563	0.01235	0.02772	0.00649	0.00194	0.00708	0.02439	0.00385	0.09910
9	0.09664	0.08997	0.15963	0.01518	0.06386	0.07807	0.03491	0.05394	0.01521	0.22774	0.03006	0.01580	0.01137	0.00701	0.00698	0.00192	0.07308	0.00520	0.00456	0.00889

[dist]
# distance from previous block
# <min> <max>
0	3

[block]
# block no. 5 follows, 36 sequences, length 11
# corresponding to MSA columns:
# 2268-2278
name=unknown_F
#
# <colnr> <probs for GDERKNQSTAVLIFYWHMCP>
#	G	D	E	R	K	N	Q	S	T	A	V	L	I	F	Y	W	H	M	C	P
0	0.01688	0.53511	0.06848	0.01214	0.01739	0.02124	0.04031	0.05752	0.01378	0.05360	0.01024	0.01169	0.00866	0.00586	0.00545	0.00151	0.04998	0.00398	0.00320	0.06296
1	0.01342	0.01519	0.10789	0.06279	0.16903	0.01307	0.22523	0.06427	0.01470	0.02030	0.05785	0.05276	0.04359	0.05085	0.05866	0.00277	0.00853	0.00738	0.00374	0.00801
2	0.01854	0.04232	0.18268	0.01706	0.14717	0.01206	0.01372	0.02362	0.07988	0.27927	0.04458	0.02091	0.04867	0.00744	0.00612	0.00191	0.00631	0.00621	0.03208	0.00943
3	0.01400	0.03723	0.03588	0.19649	0.08228	0.01123	0.01135	0.05593	0.06464	0.11543	0.04205	0.13022	0.08916	0.04555	0.03882	0.00257	0.00643	0.00845	0.00478	0.00752
4	0.01109	0.00680	0.00895	0.00871	0.01042	0.00623	0.00663	0.01348	0.01593	0.11595	0.38878	0.20091	0.08572	0.01413	0.00746	0.00217	0.00368	0.08012	0.00657	0.00627
5	0.01517	0.10427	0.05681	0.17197	0.08696	0.01288	0.10999	0.01864	0.01454	0.13918	0.12107	0.04263	0.01864	0.02764	0.00692	0.00202	0.00674	0.00688	0.02913	0.00792
6	0.01856	0.05983	0.15871	0.01676	0.09617	0.01274	0.09121	0.07332	0.01611	0.24681	0.04036	0.05770	0.01431	0.00730	0.00619	0.00187	0.00682	0.00637	0.00496	0.06392
7	0.01282	0.01228	0.09543	0.20242	0.05909	0.01146	0.05077	0.01613	0.01242	0.08919	0.03545	0.05186	0.01439	0.05436	0.19854	0.00430	0.06152	0.00672	0.00371	0.00716
8	0.01015	0.00677	0.00874	0.00913	0.01064	0.00635	0.00720	0.01230	0.01440	0.06768	0.16996	0.15954	0.15442	0.07767	0.00978	0.00272	0.00447	0.25638	0.00594	0.00576
9	0.01824	0.06552	0.11440	0.05532	0.09890	0.01220	0.01234	0.06000	0.03484	0.26598	0.09166	0.05340	0.04660	0.00842	0.00676	0.00196	0.03225	0.00693	0.00538	0.00890
10	0.05375	0.10282	0.29854	0.08575	0.14264	0.01495	0.04214	0.03274	0.03827	0.09232	0.01336	0.03283	0.01024	0.00641	0.00584	0.00191	0.00769	0.00532	0.00357	0.00893

[dist]
# distance from previous block
# <min> <max>
0	3

[block]
# block no. 6 follows, 36 sequences, length 22
# corresponding to MSA columns:
# 2283-2304
name=unknown_G
#
# <colnr> <probs for GDERKNQSTAVLIFYWHMCP>
#	G	D	E	R	K	N	Q	S	T	A	V	L	I	F	Y	W	H	M	C	P
0	0.01487	0.10603	0.11414	0.08654	0.27886	0.03198	0.04226	0.01843	0.01411	0.08042	0.04639	0.07602	0.04813	0.00765	0.00617	0.00190	0.00699	0.00677	0.00383	0.00851
1	0.04792	0.13456	0.17087	0.04548	0.04348	0.08896	0.02747	0.05317	0.04671	0.11984	0.01767	0.05973	0.05578	0.00757	0.00577	0.00181	0.00700	0.00601	0.00424	0.05596
2	0.28982	0.01873	0.28105	0.12218	0.02185	0.01304	0.01410	0.01751	0.01226	0.02177	0.01486	0.01671	0.07181	0.00671	0.00531	0.00192	0.00678	0.00502	0.00341	0.05519
3	0.08191	0.01001	0.08803	0.00998	0.03362	0.00786	0.00816	0.01367	0.01459	0.06487	0.30469	0.12831	0.10050	0.08204	0.00911	0.00243	0.00449	0.02382	0.00555	0.00636
4	0.01393	0.14010	0.16705	0.01484	0.09350	0.01270	0.03956	0.03824	0.01437	0.08630	0.06355	0.12291	0.09016	0.00928	0.00620	0.00189	0.00618	0.01939	0.00438	0.05546
5	0.01536	0.45737	0.17388	0.01316	0.04133	0.05392	0.01318	0.01857	0.01317	0.01663	0.01100	0.01477	0.00983	0.00616	0.00487	0.00155	0.00718	0.04584	0.00297	0.07926
6	0.01329	0.17286	0.50596	0.06098	0.05966	0.01611	0.01964	0.01901	0.01311	0.01853	0.01156	0.01507	0.00911	0.00624	0.00569	0.00189	0.00845	0.03131	0.00279	0.00874
7	0.01693	0.08296	0.04069	0.29063	0.05203	0.09235	0.04695	0.15214	0.05115	0.06382	0.01324	0.01593	0.00999	0.00809	0.03497	0.00221	0.00827	0.00542	0.00397	0.00828
8	0.01197	0.01239	0.11576	0.07229	0.08124	0.00961	0.09453	0.01523	0.01410	0.08239	0.09644	0.20581	0.13939	0.01144	0.00701	0.00213	0.00589	0.01034	0.00485	0.00718
9	0.01612	0.11222	0.27045	0.07995	0.02260	0.05710	0.03747	0.02042	0.01403	0.13170	0.01289	0.01429	0.00944	0.00590	0.00554	0.00167	0.00745	0.00466	0.00370	0.17242
10	0.00932	0.07493	0.01035	0.00864	0.01064	0.00743	0.00646	0.01092	0.01265	0.01679	0.03320	0.43092	0.15430	0.01507	0.00698	0.00210	0.00405	0.04013	0.00516	0.13996
11	0.04644	0.22655	0.08192	0.05257	0.02024	0.09419	0.05936	0.15781	0.09441	0.08829	0.01382	0.01458	0.01043	0.00652	0.00555	0.00176	0.00735	0.00500	0.00434	0.00888
12	0.01629	0.22764	0.12199	0.01175	0.01714	0.05849	0.01120	0.09095	0.01560	0.07149	0.07551	0.01579	0.01355	0.00632	0.00521	0.00148	0.00634	0.00478	0.00405	0.22441
13	0.01588	0.50417	0.13861	0.05621	0.01938	0.02084	0.01279	0.06039	0.04139	0.01773	0.01034	0.01184	0.00865	0.00568	0.00468	0.00151	0.00697	0.00395	0.00308	0.05592
14	0.01633	0.26513	0.24089	0.01475	0.02022	0.01791	0.05337	0.02001	0.01306	0.11954	0.01178	0.01357	0.00912	0.00688	0.00816	0.00191	0.15069	0.00474	0.00340	0.00852
15	0.00836	0.00581	0.00729	0.00797	0.00824	0.00574	0.00508	0.00907	0.01049	0.01409	0.02625	0.38406	0.03070	0.35819	0.08595	0.00476	0.00587	0.01290	0.00468	0.00454
16	0.08264	0.01058	0.00955	0.00911	0.01112	0.12040	0.00682	0.01462	0.04737	0.02154	0.32689	0.11603	0.14506	0.01196	0.00669	0.00197	0.00455	0.01005	0.03690	0.00615
17	0.08482	0.01298	0.02083	0.16961	0.26367	0.01295	0.10791	0.01752	0.01347	0.02026	0.03932	0.01604	0.01098	0.00574	0.00585	0.00174	0.00700	0.00542	0.00337	0.18051
18	0.01378	0.01411	0.08450	0.16281	0.24764	0.01325	0.09034	0.01804	0.04175	0.05132	0.07669	0.02077	0.01514	0.06787	0.00925	0.00233	0.05208	0.00652	0.00369	0.00813
19	0.08054	0.11462	0.12713	0.15941	0.02306	0.01522	0.03673	0.05101	0.17672	0.11152	0.01594	0.01691	0.01171	0.00676	0.00573	0.00192	0.00670	0.00544	0.02425	0.00868
20	0.01154	0.00782	0.01077	0.16445	0.01644	0.00820	0.00821	0.01314	0.01240	0.09331	0.08078	0.03402	0.16720	0.17207	0.07292	0.08308	0.02503	0.00841	0.00447	0.00573
21	0.01224	0.01025	0.04778	0.01247	0.01533	0.00923	0.09962	0.01708	0.11570	0.08513	0.03184	0.21011	0.12182	0.01339	0.00747	0.00236	0.00553	0.17006	0.00554	0.00705

[dist]
# distance from previous block
# <min> <max>
3	4

[block]
# block no. 7 follows, 36 sequences, length 27
# corresponding to MSA columns:
# 2309-2335
name=unknown_H
#
# <colnr> <probs for GDERKNQSTAVLIFYWHMCP>
#	G	D	E	R	K	N	Q	S	T	A	V	L	I	F	Y	W	H	M	C	P
0	0.01602	0.21623	0.12612	0.01852	0.14601	0.01613	0.10640	0.05376	0.02826	0.07536	0.01321	0.04476	0.01088	0.00628	0.00564	0.00170	0.00717	0.00545	0.00367	0.09843
1	0.01606	0.01226	0.01543	0.01176	0.01681	0.01014	0.05991	0.01954	0.06517	0.09531	0.04418	0.01871	0.01429	0.00676	0.00589	0.00157	0.00554	0.00538	0.04093	0.53437
2	0.01626	0.01267	0.01440	0.01071	0.01582	0.01144	0.00866	0.22470	0.01817	0.04516	0.05557	0.01573	0.01272	0.00602	0.00530	0.00129	0.00520	0.00477	0.00474	0.51067
3	0.01733	0.04840	0.06909	0.01773	0.18515	0.01270	0.01232	0.09115	0.06619	0.14291	0.01522	0.01688	0.01164	0.00629	0.00568	0.00162	0.00606	0.01949	0.00458	0.24959
4	0.16879	0.04734	0.03964	0.08139	0.01788	0.04756	0.02915	0.05374	0.10138	0.07778	0.01504	0.01961	0.01253	0.04072	0.09024	0.00310	0.10572	0.03663	0.00422	0.00756
5	0.00787	0.00577	0.00744	0.00861	0.00937	0.00534	0.00609	0.00928	0.01272	0.01668	0.06593	0.57468	0.13800	0.01849	0.00792	0.00248	0.00375	0.08857	0.00582	0.00519
6	0.03588	0.01288	0.04614	0.01204	0.01558	0.01335	0.00986	0.06145	0.45824	0.08161	0.10144	0.05162	0.02330	0.00939	0.00651	0.00211	0.00502	0.03829	0.00622	0.00907
7	0.05775	0.00964	0.01246	0.01036	0.01402	0.00886	0.00825	0.02480	0.06675	0.47762	0.10196	0.13594	0.02377	0.00997	0.00653	0.00203	0.00475	0.00843	0.00706	0.00905
8	0.01782	0.06941	0.01729	0.01407	0.06779	0.06356	0.02407	0.14731	0.20937	0.08513	0.01765	0.01768	0.02814	0.00690	0.00575	0.00168	0.00602	0.00555	0.00507	0.18975
9	0.00758	0.00548	0.00717	0.00851	0.00899	0.00507	0.00571	0.00869	0.01209	0.01597	0.03636	0.72672	0.09015	0.01926	0.00791	0.00250	0.00358	0.01739	0.00578	0.00507
10	0.00759	0.00542	0.00723	0.00868	0.00904	0.00506	0.00578	0.00868	0.01193	0.01591	0.03434	0.77697	0.04121	0.01952	0.00795	0.00253	0.00361	0.01771	0.00578	0.00506
11	0.01292	0.01107	0.01292	0.00923	0.01477	0.00831	0.00738	0.01569	0.01292	0.02030	0.01107	0.01292	0.00923	0.00461	0.00461	0.00092	0.00461	0.00369	0.00369	0.81912
12	0.00894	0.00651	0.00916	0.00916	0.00998	0.00732	0.00672	0.01058	0.00976	0.01383	0.01747	0.02880	0.01745	0.24162	0.56401	0.00896	0.01386	0.00731	0.00345	0.00509
13	0.01471	0.01681	0.03676	0.02626	0.03256	0.01576	0.71954	0.01996	0.01471	0.01996	0.01261	0.01681	0.00945	0.00525	0.00735	0.00210	0.01050	0.00735	0.00315	0.00840
14	0.01368	0.01475	0.09174	0.23608	0.15329	0.01353	0.20314	0.01844	0.03655	0.05123	0.04277	0.04621	0.03624	0.00699	0.00663	0.00204	0.00804	0.00691	0.00360	0.00813
15	0.01250	0.03223	0.74875	0.01776	0.02697	0.01447	0.02302	0.01973	0.01315	0.01973	0.01118	0.01315	0.00789	0.00592	0.00592	0.00197	0.00921	0.00460	0.00263	0.00921
16	0.63510	0.01170	0.01042	0.00888	0.01297	0.01283	0.00732	0.02119	0.01233	0.19918	0.01247	0.01276	0.00881	0.00624	0.00443	0.00193	0.00493	0.00406	0.00477	0.00767
17	0.00892	0.00616	0.00805	0.00872	0.00927	0.00607	0.00594	0.01007	0.01211	0.04153	0.09713	0.52867	0.03750	0.14079	0.01223	0.00303	0.03836	0.01476	0.00549	0.00520
18	0.19697	0.01296	0.01513	0.06533	0.04186	0.01349	0.01027	0.21555	0.01891	0.32276	0.01715	0.01659	0.01155	0.00706	0.00573	0.00192	0.00590	0.00539	0.00598	0.00949
19	0.01082	0.00541	0.00812	0.00812	0.00812	0.00541	0.00541	0.00812	0.00812	0.01082	0.01082	0.01894	0.01082	0.02165	0.02435	0.81872	0.00541	0.00541	0.00271	0.00271
20	0.00987	0.00705	0.00984	0.01128	0.01264	0.00702	0.00974	0.01261	0.01417	0.01845	0.03308	0.11997	0.03623	0.01737	0.00856	0.00284	0.00559	0.65224	0.00574	0.00569
21	0.01035	0.00832	0.01147	0.04882	0.07863	0.00878	0.00864	0.03660	0.05624	0.02024	0.24606	0.15208	0.08056	0.01916	0.15294	0.00365	0.03572	0.01008	0.00518	0.00648
22	0.14470	0.13071	0.04686	0.12696	0.08473	0.15619	0.01262	0.02059	0.01376	0.11194	0.01157	0.01365	0.00899	0.00666	0.00685	0.00188	0.08514	0.00463	0.00366	0.00792
23	0.01443	0.01627	0.03507	0.09582	0.03354	0.01558	0.65351	0.01958	0.01449	0.01958	0.01246	0.01679	0.00935	0.00534	0.00725	0.00210	0.01030	0.00718	0.00312	0.00826
24	0.01250	0.03223	0.74875	0.01776	0.02697	0.01447	0.02302	0.01973	0.01315	0.01973	0.01118	0.01315	0.00789	0.00592	0.00592	0.00197	0.00921	0.00460	0.00263	0.00921
25	0.01743	0.03972	0.10568	0.10653	0.12150	0.01263	0.06277	0.03575	0.06269	0.22696	0.04383	0.02200	0.07350	0.00775	0.00681	0.00199	0.03205	0.00660	0.00491	0.00889
26	0.15032	0.01554	0.04877	0.01419	0.06307	0.04349	0.01118	0.37507	0.02153	0.03100	0.06616	0.05372	0.01613	0.00853	0.00612	0.00198	0.00634	0.05269	0.00536	0.00883

[dist]
# distance from previous block
# <min> <max>
0	6

[block]
# block no. 8 follows, 36 sequences, length 29
# corresponding to MSA columns:
# 2342-2370
name=unknown_I
#
# <colnr> <probs for GDERKNQSTAVLIFYWHMCP>
#	G	D	E	R	K	N	Q	S	T	A	V	L	I	F	Y	W	H	M	C	P
0	0.06354	0.00785	0.01032	0.03242	0.01210	0.00876	0.00772	0.05346	0.01283	0.01886	0.15236	0.05356	0.04723	0.06067	0.40235	0.00640	0.03142	0.00786	0.00434	0.00597
1	0.01507	0.01379	0.02061	0.35423	0.26741	0.05813	0.01667	0.04135	0.01393	0.05746	0.01182	0.01585	0.00925	0.00653	0.00736	0.00201	0.07155	0.00549	0.00328	0.00822
2	0.82504	0.01205	0.00916	0.00819	0.01205	0.01398	0.00675	0.01832	0.01060	0.02795	0.00868	0.01012	0.00675	0.00578	0.00386	0.00193	0.00482	0.00337	0.00386	0.00675
3	0.82504	0.01205	0.00916	0.00819	0.01205	0.01398	0.00675	0.01832	0.01060	0.02795	0.00868	0.01012	0.00675	0.00578	0.00386	0.00193	0.00482	0.00337	0.00386	0.00675
4	0.00753	0.00630	0.00657	0.00670	0.00866	0.00535	0.00504	0.00917	0.01419	0.01710	0.08026	0.09869	0.65275	0.01595	0.00745	0.00215	0.00328	0.04175	0.00582	0.00529
5	0.00759	0.00542	0.00723	0.00868	0.00904	0.00506	0.00578	0.00868	0.01193	0.01591	0.03434	0.77697	0.04121	0.01952	0.00795	0.00253	0.00361	0.01771	0.00578	0.00506
6	0.02640	0.01015	0.01363	0.01058	0.01508	0.00884	0.00870	0.02885	0.01738	0.67755	0.02418	0.02140	0.01548	0.00767	0.00608	0.00188	0.00507	0.00622	0.08472	0.01015
7	0.01666	0.78478	0.03265	0.01066	0.01599	0.02465	0.01066	0.01866	0.01266	0.01466	0.00866	0.00999	0.00800	0.00533	0.00400	0.00133	0.00666	0.00333	0.00267	0.00800
8	0.01250	0.03223	0.74875	0.01776	0.02697	0.01447	0.02302	0.01973	0.01315	0.01973	0.01118	0.01315	0.00789	0.00592	0.00592	0.00197	0.00921	0.00460	0.00263	0.00921
9	0.01004	0.00717	0.01004	0.01147	0.01291	0.00717	0.01004	0.01291	0.01434	0.01865	0.03299	0.07028	0.03586	0.01721	0.00861	0.00287	0.00574	0.70023	0.00574	0.00574
10	0.82504	0.01205	0.00916	0.00819	0.01205	0.01398	0.00675	0.01832	0.01060	0.02795	0.00868	0.01012	0.00675	0.00578	0.00386	0.00193	0.00482	0.00337	0.00386	0.00675
11	0.01004	0.00717	0.01004	0.01147	0.01291	0.00717	0.01004	0.01291	0.01434	0.01865	0.03299	0.07028	0.03586	0.01721	0.00861	0.00287	0.00574	0.70023	0.00574	0.00574
12	0.82504	0.01205	0.00916	0.00819	0.01205	0.01398	0.00675	0.01832	0.01060	0.02795	0.00868	0.01012	0.00675	0.00578	0.00386	0.00193	0.00482	0.00337	0.00386	0.00675
13	0.01542	0.01480	0.02529	0.03824	0.74217	0.01480	0.01912	0.01912	0.01419	0.02036	0.01172	0.01542	0.00987	0.00555	0.00617	0.00185	0.00740	0.00555	0.00308	0.00987
14	0.01550	0.01338	0.01409	0.01268	0.01620	0.01550	0.00986	0.03311	0.73091	0.02606	0.02536	0.02325	0.01902	0.00845	0.00634	0.00211	0.00493	0.00704	0.00634	0.00986
15	0.00754	0.00605	0.00674	0.00714	0.00867	0.00525	0.00514	0.00907	0.01377	0.01717	0.10544	0.27574	0.47705	0.01668	0.00754	0.00222	0.00328	0.01439	0.00587	0.00525
16	0.01471	0.01681	0.03676	0.02626	0.03256	0.01576	0.71954	0.01996	0.01471	0.01996	0.01261	0.01681	0.00945	0.00525	0.00735	0.00210	0.01050	0.00735	0.00315	0.00840
17	0.02290	0.01162	0.01412	0.01148	0.01571	0.01157	0.00927	0.07571	0.23678	0.43676	0.02394	0.02154	0.01624	0.00790	0.00617	0.00195	0.00515	0.00643	0.05466	0.01009
18	0.00756	0.00623	0.00665	0.00674	0.00859	0.00531	0.00498	0.00925	0.01437	0.01770	0.14025	0.13299	0.58622	0.01581	0.00742	0.00213	0.00318	0.01340	0.00591	0.00531
19	0.02180	0.01410	0.01571	0.01239	0.01669	0.01504	0.01012	0.43577	0.07140	0.16495	0.06547	0.01951	0.01571	0.00791	0.00614	0.00186	0.00581	0.00621	0.08361	0.00978
20	0.01185	0.00758	0.00903	0.00903	0.01072	0.00765	0.00660	0.01674	0.15067	0.08689	0.09248	0.35250	0.03132	0.01335	0.00674	0.00214	0.00382	0.01175	0.16246	0.00670
21	0.00843	0.00647	0.00782	0.00843	0.00998	0.00593	0.00666	0.01043	0.01411	0.01787	0.10593	0.15482	0.34456	0.03661	0.00848	0.00250	0.00411	0.23566	0.00581	0.00540
22	0.00975	0.00612	0.00808	0.00866	0.00972	0.00561	0.00608	0.01132	0.01361	0.08753	0.16091	0.54492	0.06983	0.01702	0.00766	0.00235	0.00364	0.01528	0.00616	0.00575
23	0.06963	0.16913	0.34417	0.01598	0.07147	0.01578	0.01639	0.02092	0.01355	0.14295	0.01268	0.01391	0.00928	0.00637	0.00635	0.00188	0.05232	0.00468	0.00362	0.00896
24	0.02141	0.09893	0.02111	0.01685	0.03828	0.51593	0.08069	0.07814	0.03913	0.01797	0.01077	0.01241	0.00874	0.00632	0.00571	0.00167	0.01010	0.00453	0.00348	0.00782
25	0.01278	0.00970	0.01423	0.24890	0.09573	0.01004	0.01125	0.01641	0.03612	0.08949	0.18993	0.04991	0.07127	0.00883	0.00641	0.00190	0.00555	0.00772	0.03194	0.08187
26	0.01261	0.03964	0.01695	0.26913	0.10177	0.01178	0.03158	0.01579	0.01274	0.01826	0.03343	0.01756	0.01148	0.04786	0.00754	0.00187	0.03693	0.00531	0.05103	0.25674
27	0.10296	0.04844	0.23060	0.01694	0.13277	0.03437	0.02915	0.05177	0.01405	0.02068	0.03440	0.13279	0.06324	0.00940	0.00628	0.00206	0.00674	0.05154	0.00400	0.00783
28	0.01396	0.08209	0.19723	0.06243	0.14152	0.05050	0.05796	0.05777	0.01455	0.03827	0.04923	0.13980	0.03223	0.00878	0.00669	0.00200	0.02544	0.00757	0.00389	0.00809

[dist]
# distance from previous block
# <min> <max>
0	251

[block]
# block no. 9 follows, 36 sequences, length 18
# corresponding to MSA columns:
# 2623-2640
name=unknown_J
#
# <colnr> <probs for GDERKNQSTAVLIFYWHMCP>
#	G	D	E	R	K	N	Q	S	T	A	V	L	I	F	Y	W	H	M	C	P
0	0.01231	0.00882	0.01058	0.00973	0.01179	0.00896	0.00735	0.15619	0.05644	0.04312	0.33707	0.24517	0.04086	0.01324	0.00721	0.00211	0.00409	0.01160	0.00642	0.00693
1	0.01129	0.00859	0.00969	0.00859	0.01101	0.00837	0.00666	0.15443	0.01873	0.02487	0.34340	0.04509	0.29978	0.01279	0.00713	0.00199	0.00381	0.01082	0.00634	0.00661
2	0.02795	0.01060	0.01446	0.01109	0.01591	0.00916	0.00916	0.03036	0.01783	0.74648	0.02458	0.02121	0.01542	0.00771	0.00627	0.00193	0.00530	0.00627	0.00771	0.01060
3	0.00869	0.00590	0.00738	0.00804	0.00905	0.00554	0.00581	0.01066	0.01374	0.01938	0.18838	0.37939	0.09844	0.01553	0.00723	0.00222	0.00348	0.06641	0.13931	0.00543
4	0.01354	0.00858	0.01141	0.01202	0.05139	0.00862	0.00893	0.04494	0.08000	0.12662	0.02664	0.16791	0.02673	0.07181	0.03902	0.04567	0.00580	0.23797	0.00558	0.00683
5	0.01462	0.01654	0.03530	0.02544	0.03122	0.01603	0.66097	0.01955	0.01428	0.01955	0.01224	0.01654	0.00935	0.00572	0.00844	0.00215	0.07349	0.00720	0.00312	0.00827
6	0.01082	0.00541	0.00812	0.00812	0.00812	0.00541	0.00541	0.00812	0.00812	0.01082	0.01082	0.01894	0.01082	0.02165	0.02435	0.81872	0.00541	0.00541	0.00271	0.00271
7	0.01548	0.01394	0.02446	0.18989	0.45511	0.01430	0.10166	0.01936	0.01415	0.07266	0.01263	0.01626	0.00989	0.00582	0.00633	0.00193	0.00781	0.00582	0.00336	0.00912
8	0.02074	0.11650	0.04831	0.01568	0.07859	0.04750	0.01235	0.39479	0.11819	0.06282	0.01535	0.01553	0.01134	0.00708	0.00592	0.00183	0.00681	0.00543	0.00533	0.00992
9	0.01250	0.03223	0.74875	0.01776	0.02697	0.01447	0.02302	0.01973	0.01315	0.01973	0.01118	0.01315	0.00789	0.00592	0.00592	0.00197	0.00921	0.00460	0.00263	0.00921
10	0.00740	0.00617	0.00645	0.00668	0.00851	0.00523	0.00490	0.00890	0.01385	0.01669	0.05866	0.17114	0.63134	0.01636	0.00746	0.00217	0.00323	0.01386	0.00579	0.00523
11	0.01434	0.02965	0.66104	0.01696	0.02565	0.01384	0.02136	0.02100	0.01371	0.10654	0.01278	0.01412	0.00879	0.00613	0.00596	0.00197	0.00874	0.00480	0.00324	0.00937
12	0.01392	0.01380	0.02090	0.45584	0.28377	0.07120	0.01753	0.01772	0.01346	0.01741	0.01119	0.01579	0.00883	0.00601	0.00616	0.00196	0.00822	0.00542	0.00291	0.00797
13	0.00942	0.00670	0.00793	0.00767	0.00778	0.00711	0.00475	0.00976	0.00976	0.01331	0.07394	0.03896	0.02423	0.65811	0.02891	0.00545	0.06916	0.00893	0.00393	0.00419
14	0.01184	0.00902	0.01050	0.00972	0.01182	0.00965	0.00735	0.01991	0.30036	0.02357	0.33488	0.03288	0.03523	0.01193	0.00897	0.10465	0.00404	0.00863	0.03799	0.00706
15	0.01455	0.04180	0.28363	0.12578	0.13728	0.01342	0.03376	0.04897	0.03158	0.08851	0.10440	0.01926	0.01577	0.00702	0.00622	0.00195	0.00740	0.00601	0.00398	0.00872
16	0.07470	0.01566	0.13430	0.06923	0.09355	0.01221	0.03324	0.07837	0.01462	0.07454	0.01228	0.01417	0.00938	0.00574	0.00570	0.00157	0.02170	0.00463	0.00388	0.32053
17	0.35592	0.10241	0.04360	0.01166	0.01587	0.24506	0.00975	0.05701	0.01426	0.02229	0.00957	0.01103	0.00771	0.00594	0.00468	0.00169	0.00727	0.00375	0.00359	0.06695

[dist]
# distance from previous block
# <min> <max>
0	9

[block]
# block no. 10 follows, 36 sequences, length 13
# corresponding to MSA columns:
# 2650-2662
name=unknown_K
#
# <colnr> <probs for GDERKNQSTAVLIFYWHMCP>
#	G	D	E	R	K	N	Q	S	T	A	V	L	I	F	Y	W	H	M	C	P
0	0.01858	0.01283	0.01588	0.01331	0.01614	0.01490	0.01084	0.10986	0.20017	0.20435	0.01978	0.02015	0.03993	0.01018	0.03049	0.00243	0.23940	0.00640	0.00547	0.00892
1	0.00874	0.00657	0.00833	0.00863	0.01000	0.00577	0.00597	0.01016	0.01219	0.01690	0.05960	0.55612	0.03479	0.06206	0.00872	0.00241	0.00392	0.01425	0.00531	0.15952
2	0.01886	0.01539	0.01947	0.08693	0.20675	0.01691	0.01380	0.34006	0.16459	0.02968	0.01587	0.01689	0.01189	0.00707	0.00624	0.00193	0.00674	0.00588	0.00514	0.00994
3	0.00840	0.00635	0.00775	0.00740	0.00905	0.00570	0.00555	0.01094	0.01664	0.02263	0.54356	0.05042	0.25558	0.01362	0.00735	0.00200	0.00300	0.01181	0.00655	0.00570
4	0.09123	0.00961	0.06740	0.01021	0.01224	0.00881	0.00843	0.01384	0.03267	0.06408	0.04946	0.28507	0.04316	0.02069	0.17258	0.00397	0.05686	0.01024	0.03312	0.00633
5	0.00849	0.00679	0.00768	0.00771	0.00945	0.00629	0.00568	0.01175	0.07895	0.01948	0.21969	0.19044	0.37472	0.01509	0.00738	0.00215	0.00335	0.01301	0.00610	0.00579
6	0.01078	0.00944	0.01361	0.01253	0.01320	0.01227	0.01011	0.01266	0.00983	0.01467	0.01331	0.02017	0.01264	0.03252	0.46439	0.00712	0.31540	0.00619	0.00310	0.00606
7	0.01254	0.01203	0.01700	0.01490	0.01516	0.01649	0.01229	0.01411	0.00965	0.01487	0.01013	0.01612	0.00988	0.01913	0.18949	0.00440	0.59667	0.00573	0.00287	0.00653
8	0.73561	0.01265	0.01022	0.00888	0.01286	0.01457	0.00732	0.09678	0.01269	0.02922	0.00938	0.01066	0.00718	0.00597	0.00412	0.00192	0.00505	0.00362	0.00412	0.00718
9	0.05468	0.01385	0.01547	0.01404	0.09683	0.09635	0.02623	0.05914	0.01535	0.11030	0.05575	0.01608	0.01281	0.00602	0.00539	0.00142	0.00595	0.00488	0.00439	0.38506
10	0.01651	0.08467	0.02288	0.16873	0.38840	0.08098	0.01630	0.05987	0.03644	0.04878	0.01224	0.01523	0.00978	0.00602	0.00595	0.00184	0.00766	0.00529	0.00346	0.00898
11	0.01246	0.01178	0.01994	0.62792	0.17563	0.01403	0.01765	0.01653	0.01279	0.01676	0.01120	0.01639	0.00860	0.00610	0.00622	0.00203	0.00813	0.00554	0.00283	0.00748
12	0.19635	0.01371	0.10590	0.07083	0.01804	0.01231	0.03401	0.03722	0.11346	0.14128	0.01920	0.10017	0.03183	0.02735	0.00710	0.00219	0.03262	0.02359	0.00488	0.00798

[dist]
# distance from previous block
# <min> <max>
4	6

[block]
# block no. 11 follows, 36 sequences, length 52
# corresponding to MSA columns:
# 2669-2703,2709-2725
name=unknown_L
#
# <colnr> <probs for GDERKNQSTAVLIFYWHMCP>
#	G	D	E	R	K	N	Q	S	T	A	V	L	I	F	Y	W	H	M	C	P
0	0.01397	0.11775	0.05169	0.07936	0.19261	0.01307	0.01260	0.02979	0.01381	0.08014	0.05244	0.15652	0.04424	0.01005	0.00748	0.00207	0.06221	0.04815	0.00431	0.00776
1	0.00761	0.00575	0.00705	0.00805	0.00898	0.00519	0.00561	0.00890	0.01271	0.01628	0.04307	0.53381	0.25413	0.01830	0.00780	0.00241	0.00355	0.03986	0.00578	0.00514
2	0.02130	0.01142	0.01609	0.05129	0.01811	0.01111	0.08479	0.09361	0.08363	0.37786	0.02169	0.05492	0.01553	0.00791	0.00624	0.00194	0.00577	0.00682	0.10066	0.00930
3	0.06653	0.01490	0.02063	0.02305	0.28648	0.01557	0.05228	0.28433	0.01995	0.07352	0.01525	0.01957	0.01227	0.00730	0.00631	0.00196	0.00695	0.05872	0.00482	0.00961
4	0.01327	0.00799	0.01153	0.01062	0.01242	0.00885	0.00841	0.01543	0.01161	0.16936	0.01781	0.02335	0.01516	0.05111	0.53027	0.00770	0.06762	0.00655	0.00423	0.00668
5	0.01666	0.78478	0.03265	0.01066	0.01599	0.02465	0.01066	0.01866	0.01266	0.01466	0.00866	0.00999	0.00800	0.00533	0.00400	0.00133	0.00666	0.00333	0.00267	0.00800
6	0.00843	0.00635	0.00779	0.00743	0.00907	0.00571	0.00557	0.01100	0.01672	0.02280	0.55805	0.05013	0.24098	0.01355	0.00735	0.00200	0.00300	0.01177	0.00657	0.00571
7	0.00870	0.00636	0.00817	0.00772	0.00924	0.00583	0.00579	0.01153	0.01736	0.02433	0.68475	0.04762	0.11333	0.01298	0.00735	0.00197	0.00296	0.01142	0.00677	0.00583
8	0.00758	0.00546	0.00719	0.00857	0.00901	0.00507	0.00574	0.00869	0.01203	0.01595	0.03566	0.74414	0.07319	0.01935	0.00793	0.00251	0.00359	0.01750	0.00578	0.00507
9	0.01550	0.01338	0.01409	0.01268	0.01620	0.01550	0.00986	0.03311	0.73091	0.02606	0.02536	0.02325	0.01902	0.00845	0.00634	0.00211	0.00493	0.00704	0.00634	0.00986
10	0.01672	0.01399	0.01478	0.01293	0.01667	0.01607	0.01016	0.13599	0.62603	0.02804	0.02380	0.02201	0.01776	0.00831	0.00632	0.00208	0.00522	0.00683	0.00632	0.00997
11	0.00891	0.00663	0.00977	0.00977	0.01079	0.00765	0.00748	0.01097	0.00994	0.01428	0.01691	0.02572	0.01612	0.10289	0.70092	0.00971	0.01587	0.00686	0.00337	0.00543
12	0.01997	0.01585	0.02198	0.01627	0.02166	0.01604	0.18622	0.39191	0.02234	0.07342	0.01432	0.01546	0.01038	0.00648	0.00625	0.00178	0.00730	0.00577	0.00514	0.14147
13	0.00789	0.00633	0.00704	0.00686	0.00874	0.00548	0.00514	0.00995	0.01543	0.01976	0.30554	0.05515	0.49539	0.01469	0.00736	0.00205	0.00308	0.01247	0.00617	0.00548
14	0.00785	0.00590	0.00727	0.00783	0.00894	0.00533	0.00553	0.00955	0.01401	0.01851	0.22500	0.39753	0.23053	0.01677	0.00764	0.00227	0.00332	0.01483	0.00606	0.00533
15	0.01250	0.03223	0.74875	0.01776	0.02697	0.01447	0.02302	0.01973	0.01315	0.01973	0.01118	0.01315	0.00789	0.00592	0.00592	0.00197	0.00921	0.00460	0.00263	0.00921
16	0.02311	0.01657	0.01685	0.01359	0.01782	0.15847	0.03308	0.27488	0.02100	0.25126	0.01702	0.01722	0.01208	0.01134	0.08394	0.00269	0.00836	0.00567	0.00571	0.00935
17	0.01353	0.21860	0.57140	0.01600	0.02425	0.01699	0.01996	0.01947	0.01303	0.01848	0.01056	0.01237	0.00792	0.00577	0.00544	0.00181	0.00858	0.00429	0.00264	0.00891
18	0.16477	0.00814	0.00912	0.00866	0.01023	0.00900	0.00647	0.02862	0.01122	0.01772	0.04065	0.03155	0.14116	0.21107	0.22533	0.00531	0.05364	0.00777	0.00408	0.00550
19	0.01177	0.01107	0.01869	0.76606	0.04291	0.01384	0.01730	0.01592	0.01246	0.01592	0.01107	0.01661	0.00831	0.00623	0.00623	0.00208	0.00831	0.00554	0.00277	0.00692
20	0.01604	0.01427	0.02381	0.10728	0.60955	0.01451	0.01814	0.04020	0.01468	0.06321	0.01251	0.01586	0.01006	0.00580	0.00618	0.00188	0.00735	0.00559	0.00342	0.00964
21	0.01243	0.01022	0.04990	0.05608	0.03274	0.00968	0.01012	0.03454	0.15226	0.06354	0.03001	0.11342	0.09366	0.01279	0.00724	0.00235	0.00536	0.24922	0.04727	0.00718
22	0.00987	0.00760	0.00963	0.00983	0.01117	0.00793	0.00749	0.03469	0.08622	0.01978	0.17166	0.29629	0.08294	0.01727	0.05280	0.00283	0.04478	0.11536	0.00575	0.00611
23	0.25279	0.05644	0.08545	0.01230	0.01725	0.05936	0.01097	0.26696	0.01905	0.14282	0.01367	0.01391	0.00971	0.00671	0.00538	0.00186	0.00650	0.00476	0.00508	0.00903
24	0.07781	0.00956	0.01219	0.08764	0.01593	0.00871	0.00819	0.01691	0.01312	0.15736	0.07773	0.01879	0.01481	0.00946	0.00908	0.15869	0.00515	0.00535	0.00446	0.28906
25	0.01838	0.14012	0.17601	0.01383	0.01900	0.15120	0.01321	0.22159	0.06075	0.02446	0.01337	0.01447	0.01020	0.00665	0.00552	0.00173	0.00760	0.00486	0.08829	0.00874
26	0.01542	0.01480	0.02529	0.03824	0.74217	0.01480	0.01912	0.01912	0.01419	0.02036	0.01172	0.01542	0.00987	0.00555	0.00617	0.00185	0.00740	0.00555	0.00308	0.00987
27	0.00913	0.02858	0.05987	0.00856	0.01064	0.00688	0.00712	0.01216	0.01668	0.02338	0.59164	0.08698	0.08954	0.01264	0.00720	0.00199	0.00352	0.01108	0.00634	0.00608
28	0.02022	0.01419	0.09785	0.07199	0.16485	0.01158	0.01316	0.04232	0.03852	0.33767	0.01767	0.01772	0.01219	0.00661	0.00601	0.00181	0.00632	0.00558	0.00529	0.10845
29	0.01161	0.00581	0.00581	0.00581	0.00726	0.00581	0.00436	0.01452	0.01307	0.02323	0.02033	0.02323	0.01597	0.00726	0.00436	0.00145	0.00290	0.00581	0.81562	0.00581
30	0.01692	0.04968	0.10043	0.03545	0.19041	0.01162	0.01272	0.02033	0.01431	0.17966	0.01410	0.01532	0.01051	0.00574	0.00551	0.00153	0.00613	0.00483	0.00424	0.30057
31	0.01350	0.10068	0.01401	0.01111	0.01315	0.19477	0.00867	0.01540	0.01229	0.01495	0.01445	0.02077	0.01342	0.08764	0.38877	0.00619	0.01264	0.00578	0.04569	0.00612
32	0.01161	0.00581	0.00581	0.00581	0.00726	0.00581	0.00436	0.01452	0.01307	0.02323	0.02033	0.02323	0.01597	0.00726	0.00436	0.00145	0.00290	0.00581	0.81562	0.00581
33	0.55452	0.01327	0.01423	0.01510	0.14524	0.03598	0.04609	0.01930	0.01202	0.06304	0.01027	0.01211	0.00797	0.00594	0.00499	0.00193	0.02235	0.00419	0.00384	0.00761
34	0.04364	0.01414	0.02395	0.15277	0.47080	0.01454	0.08538	0.04156	0.01451	0.06072	0.01241	0.01587	0.00980	0.00582	0.00622	0.00192	0.00763	0.00569	0.00342	0.00920
35	0.01304	0.01139	0.01821	0.12514	0.37238	0.01174	0.01419	0.01684	0.05599	0.04004	0.01935	0.23593	0.01941	0.00991	0.00670	0.00209	0.00622	0.00917	0.00415	0.00811
36	0.00903	0.00633	0.00819	0.00843	0.00896	0.00665	0.00585	0.01011	0.01012	0.01378	0.02107	0.08270	0.02301	0.42131	0.25434	0.00672	0.00919	0.08560	0.00398	0.00463
37	0.00992	0.00810	0.01226	0.01620	0.19109	0.00799	0.00957	0.01206	0.01293	0.01774	0.08099	0.38027	0.05214	0.01838	0.09251	0.00318	0.00611	0.05722	0.00492	0.00642
38	0.01275	0.01050	0.01210	0.00911	0.01396	0.00836	0.00723	0.01635	0.06084	0.04261	0.03840	0.02060	0.10204	0.00657	0.00519	0.00121	0.00443	0.00537	0.00433	0.61805
39	0.01466	0.44098	0.23786	0.13550	0.02355	0.01995	0.01532	0.01852	0.01277	0.01633	0.00978	0.01199	0.00802	0.00565	0.00492	0.00164	0.00767	0.00406	0.00267	0.00817
40	0.01542	0.01480	0.02529	0.03824	0.74217	0.01480	0.01912	0.01912	0.01419	0.02036	0.01172	0.01542	0.00987	0.00555	0.00617	0.00185	0.00740	0.00555	0.00308	0.00987
41	0.00774	0.00553	0.00740	0.00884	0.00927	0.00519	0.00604	0.00893	0.01207	0.01607	0.03426	0.73498	0.04089	0.01938	0.00799	0.00255	0.00374	0.05826	0.00578	0.00510
42	0.01091	0.01008	0.04956	0.21951	0.11085	0.00958	0.01125	0.01402	0.01436	0.04033	0.21128	0.03446	0.17175	0.05584	0.00824	0.00225	0.00557	0.00876	0.00468	0.00671
43	0.01170	0.00917	0.01168	0.01040	0.01282	0.00901	0.04439	0.10432	0.07527	0.02241	0.19054	0.19884	0.07672	0.06606	0.00877	0.00234	0.00470	0.05120	0.00566	0.08399
44	0.01363	0.01363	0.01908	0.01636	0.01636	0.01908	0.01363	0.01499	0.00954	0.01499	0.00818	0.01363	0.00818	0.01091	0.02045	0.00273	0.76963	0.00545	0.00273	0.00682
45	0.01590	0.01804	0.01408	0.05891	0.05583	0.36813	0.01032	0.01762	0.01473	0.01575	0.01879	0.27725	0.02006	0.01326	0.05067	0.00246	0.00854	0.00908	0.00407	0.00650
46	0.01474	0.01411	0.02436	0.09272	0.60278	0.01427	0.05442	0.01850	0.01409	0.01988	0.01312	0.01921	0.01144	0.00636	0.00640	0.00195	0.00752	0.05159	0.00324	0.00929
47	0.00890	0.00668	0.01001	0.01001	0.01113	0.00779	0.00779	0.01113	0.01001	0.01446	0.01669	0.02448	0.01558	0.04673	0.75634	0.01001	0.01669	0.00668	0.00334	0.00556
48	0.00928	0.00676	0.00868	0.00814	0.00879	0.00660	0.04632	0.00989	0.01016	0.01334	0.02406	0.04273	0.09089	0.62256	0.02675	0.00527	0.00601	0.04545	0.00403	0.00429
49	0.01161	0.00581	0.00581	0.00581	0.00726	0.00581	0.00436	0.01452	0.01307	0.02323	0.02033	0.02323	0.01597	0.00726	0.00436	0.00145	0.00290	0.00581	0.81562	0.00581
50	0.77125	0.01198	0.00979	0.05832	0.01409	0.01397	0.00745	0.01816	0.01073	0.02716	0.00883	0.01055	0.00685	0.00581	0.00401	0.00194	0.00505	0.00352	0.00378	0.00676
51	0.01303	0.10863	0.14259	0.01079	0.01667	0.01120	0.01039	0.01649	0.01324	0.01983	0.05894	0.01483	0.01212	0.00547	0.00495	0.00122	0.00555	0.00431	0.00359	0.52616

[dist]
# distance from previous block
# <min> <max>
0	1

[block]
# block no. 12 follows, 36 sequences, length 21
