[name]
unknown

[dist]
# distance from previous block
# <min> <max>
0	115

[block]
# block no. 0 follows, 45 sequences, length 30
# corresponding to MSA columns:
# 219-248
name=unknown_A
#
# <colnr> <probs for GDERKNQSTAVLIFYWHMCP>
#	G	D	E	R	K	N	Q	S	T	A	V	L	I	F	Y	W	H	M	C	P
0	0.14359	0.01308	0.06482	0.13160	0.22884	0.09322	0.04102	0.01622	0.02305	0.04584	0.01297	0.02020	0.01152	0.00672	0.00533	0.00177	0.00636	0.12373	0.00327	0.00684
1	0.17848	0.01304	0.06393	0.03464	0.20380	0.05012	0.02547	0.13344	0.05099	0.08490	0.04252	0.01683	0.05203	0.00633	0.00507	0.00166	0.00558	0.01974	0.00395	0.00748
2	0.12503	0.14382	0.01587	0.06127	0.01575	0.14183	0.02614	0.20408	0.03182	0.05164	0.03466	0.01368	0.02400	0.02284	0.01928	0.00169	0.00621	0.00438	0.00378	0.05223
3	0.05644	0.01113	0.01780	0.04808	0.07010	0.02982	0.24381	0.01646	0.08106	0.05604	0.14394	0.01939	0.03449	0.00621	0.00552	0.00158	0.00580	0.00603	0.00385	0.14247
4	0.00787	0.00559	0.00701	0.00659	0.00805	0.00505	0.00497	0.01017	0.01465	0.04329	0.61831	0.04158	0.18417	0.01133	0.00631	0.00171	0.00263	0.00988	0.00576	0.00509
5	0.01210	0.01130	0.01894	0.09390	0.59011	0.01144	0.01449	0.01521	0.01258	0.01786	0.13392	0.01771	0.01521	0.00584	0.00548	0.00163	0.00582	0.00558	0.00316	0.00773
6	0.01804	0.02233	0.01391	0.01268	0.01521	0.66273	0.00951	0.01960	0.01521	0.01450	0.13246	0.01461	0.01400	0.00641	0.00508	0.00143	0.00852	0.00447	0.00327	0.00604
7	0.01014	0.00954	0.01610	0.79845	0.03697	0.01193	0.01491	0.01371	0.01073	0.01371	0.00954	0.01431	0.00716	0.00537	0.00537	0.00179	0.00716	0.00477	0.00239	0.00596
8	0.02179	0.19890	0.01615	0.00946	0.01372	0.01103	0.00819	0.02378	0.01431	0.60042	0.01795	0.01599	0.01178	0.00616	0.00494	0.00154	0.00484	0.00480	0.00562	0.00861
9	0.01231	0.00950	0.01125	0.00810	0.01281	0.00722	0.00650	0.01467	0.01152	0.08702	0.01060	0.01178	0.00844	0.00422	0.00410	0.00087	0.00403	0.00338	0.00350	0.76819
10	0.02193	0.01215	0.13732	0.01048	0.01525	0.00863	0.00982	0.02468	0.01471	0.65777	0.01931	0.01715	0.01224	0.00639	0.00535	0.00167	0.00511	0.00517	0.00594	0.00894
11	0.01602	0.04892	0.01460	0.01023	0.01479	0.00973	0.07122	0.09605	0.03288	0.23024	0.01343	0.01368	0.00973	0.00513	0.00473	0.00125	0.00486	0.00429	0.00434	0.39387
12	0.00896	0.00704	0.00764	0.00700	0.00909	0.00667	0.00546	0.13013	0.01490	0.01901	0.18030	0.04364	0.48288	0.01201	0.00623	0.00179	0.00330	0.04336	0.00522	0.00539
13	0.01185	0.01302	0.02771	0.02005	0.02481	0.01220	0.63639	0.01605	0.01308	0.01790	0.13460	0.01863	0.01503	0.00557	0.00633	0.00179	0.00799	0.00688	0.00323	0.00689
14	0.00705	0.00608	0.00730	0.13401	0.01213	0.00576	0.00593	0.00882	0.01211	0.01480	0.09253	0.07229	0.57779	0.01221	0.00620	0.00181	0.00344	0.01031	0.00462	0.00479
15	0.01375	0.01124	0.01223	0.01099	0.01394	0.01273	0.00880	0.14640	0.52319	0.02330	0.02143	0.02541	0.01754	0.00837	0.00576	0.00189	0.00463	0.12499	0.00536	0.00803
16	0.02128	0.00876	0.01174	0.00920	0.01289	0.00776	0.00752	0.05075	0.01570	0.63080	0.14294	0.02161	0.01918	0.00734	0.00555	0.00166	0.00429	0.00608	0.00648	0.00848
17	0.01227	0.02741	0.65912	0.01506	0.02216	0.13834	0.01830	0.01772	0.01196	0.01637	0.00942	0.01107	0.00682	0.00517	0.00506	0.00165	0.00822	0.00388	0.00235	0.00766
18	0.01277	0.01420	0.03007	0.02430	0.14947	0.01344	0.63823	0.01708	0.01260	0.01725	0.01074	0.01429	0.00820	0.00457	0.00617	0.00178	0.00862	0.00608	0.00271	0.00744
19	0.00643	0.00511	0.00578	0.00631	0.00748	0.00446	0.00447	0.00760	0.01139	0.01416	0.04371	0.37711	0.45712	0.01498	0.00656	0.00197	0.00289	0.01302	0.00498	0.00446
20	0.00668	0.00485	0.00631	0.00722	0.00778	0.00448	0.00493	0.00789	0.01115	0.01493	0.14248	0.63972	0.09030	0.01572	0.00674	0.00208	0.00300	0.01415	0.00512	0.00448
21	0.00907	0.00811	0.01334	0.52381	0.02735	0.00961	0.02800	0.01186	0.01055	0.01373	0.01538	0.23532	0.01536	0.01020	0.04328	0.00222	0.00642	0.00777	0.00314	0.00549
22	0.01168	0.09148	0.62853	0.01388	0.02096	0.01248	0.01732	0.01701	0.01160	0.06564	0.01261	0.01373	0.04870	0.00561	0.00505	0.00166	0.00725	0.00436	0.00270	0.00774
23	0.02380	0.00959	0.01274	0.00977	0.01393	0.00857	0.00807	0.08304	0.01613	0.72362	0.02053	0.01785	0.01297	0.00663	0.00540	0.00166	0.00467	0.00535	0.00655	0.00913
24	0.01619	0.01549	0.01827	0.08097	0.07067	0.19507	0.11892	0.12640	0.01412	0.08795	0.01046	0.01274	0.00816	0.00646	0.00824	0.00178	0.19287	0.00474	0.00336	0.00711
25	0.01264	0.26638	0.40348	0.01440	0.02067	0.05724	0.12174	0.01698	0.01160	0.01548	0.00907	0.01086	0.00703	0.00489	0.00476	0.00153	0.00752	0.00394	0.00237	0.00742
26	0.01038	0.00995	0.01696	0.70619	0.03502	0.01231	0.05481	0.01385	0.01068	0.01385	0.00945	0.01416	0.00720	0.00558	0.00621	0.00183	0.05831	0.00485	0.00240	0.00603
27	0.08960	0.01254	0.02327	0.02173	0.21776	0.01245	0.36828	0.03284	0.01219	0.01787	0.01230	0.06669	0.01085	0.00614	0.00626	0.00181	0.03600	0.04122	0.00306	0.00713
28	0.04310	0.11575	0.42710	0.01254	0.01815	0.01171	0.05317	0.01533	0.01165	0.04520	0.06379	0.07833	0.06803	0.00697	0.00521	0.00168	0.00635	0.00576	0.00314	0.00702
29	0.09672	0.16948	0.21192	0.01103	0.03050	0.03045	0.01089	0.01846	0.02714	0.22347	0.04464	0.07722	0.01275	0.00662	0.00488	0.00161	0.00557	0.00521	0.00400	0.00743

[dist]
# distance from previous block
# <min> <max>
2	7

[block]
# block no. 1 follows, 45 sequences, length 68
# corresponding to MSA columns:
# 256-323
name=unknown_B
#
# <colnr> <probs for GDERKNQSTAVLIFYWHMCP>
#	G	D	E	R	K	N	Q	S	T	A	V	L	I	F	Y	W	H	M	C	P
0	0.02864	0.00999	0.01656	0.12526	0.28101	0.00993	0.09526	0.01422	0.01209	0.04843	0.08800	0.12542	0.03444	0.00750	0.00568	0.00171	0.00557	0.02280	0.00357	0.06392
1	0.01391	0.10159	0.04891	0.09927	0.03332	0.01023	0.00887	0.01792	0.10044	0.18113	0.07553	0.03915	0.03599	0.00641	0.00497	0.00145	0.00476	0.00529	0.00426	0.20660
2	0.05017	0.00956	0.01179	0.00911	0.01282	0.00865	0.04220	0.07236	0.05691	0.05104	0.16980	0.01815	0.01750	0.00615	0.00520	0.00127	0.02778	0.00510	0.00415	0.42028
3	0.01052	0.00900	0.01307	0.42982	0.02469	0.01042	0.01102	0.08043	0.07618	0.01824	0.20533	0.02274	0.05182	0.00738	0.00566	0.00175	0.00545	0.00641	0.00390	0.00617
4	0.01213	0.01290	0.06033	0.28711	0.02461	0.08132	0.14666	0.05212	0.12300	0.01774	0.11332	0.01795	0.01451	0.00629	0.00562	0.00173	0.00667	0.00574	0.00353	0.00673
5	0.01170	0.01151	0.01993	0.29090	0.29938	0.02924	0.14465	0.01504	0.01184	0.01599	0.05340	0.01619	0.01078	0.03904	0.00648	0.00185	0.00692	0.00542	0.00278	0.00695
6	0.00648	0.00542	0.00565	0.00563	0.00735	0.00458	0.00421	0.00796	0.01250	0.01524	0.13141	0.07001	0.67835	0.01340	0.00636	0.00181	0.00271	0.01126	0.00508	0.00458
7	0.01486	0.01322	0.05050	0.01296	0.01584	0.06154	0.07493	0.04244	0.30837	0.12366	0.01548	0.01601	0.01170	0.00725	0.00849	0.00189	0.20352	0.00537	0.00430	0.00767
8	0.01486	0.74574	0.02704	0.00953	0.01402	0.05651	0.00928	0.04651	0.01169	0.01351	0.00772	0.00883	0.00698	0.00471	0.00359	0.00118	0.00593	0.00298	0.00244	0.00695
9	0.03774	0.02465	0.12638	0.02936	0.06442	0.00999	0.01019	0.10555	0.01477	0.33604	0.05412	0.01646	0.02281	0.00613	0.00514	0.00154	0.00519	0.00498	0.00484	0.11971
10	0.03794	0.10601	0.61474	0.01392	0.02103	0.01295	0.01726	0.01767	0.01158	0.08408	0.01036	0.01159	0.00735	0.00518	0.00490	0.00164	0.00730	0.00395	0.00269	0.00787
11	0.01077	0.02777	0.78354	0.01530	0.02323	0.01247	0.01983	0.01700	0.01133	0.01700	0.00963	0.01133	0.00680	0.00510	0.00510	0.00170	0.00793	0.00397	0.00227	0.00793
12	0.00682	0.00494	0.00683	0.00776	0.00823	0.00494	0.00541	0.00800	0.00987	0.01339	0.02580	0.61212	0.03001	0.02265	0.20170	0.00378	0.00592	0.01289	0.00446	0.00447
13	0.01537	0.08285	0.05851	0.18592	0.02288	0.04560	0.19694	0.05288	0.03258	0.20025	0.02717	0.01582	0.02708	0.00577	0.00545	0.00168	0.00672	0.00531	0.00383	0.00740
14	0.01322	0.03105	0.39826	0.01414	0.01992	0.01239	0.08793	0.16747	0.01476	0.05542	0.05251	0.01813	0.01214	0.00655	0.00554	0.00175	0.00690	0.07060	0.00357	0.00773
15	0.00866	0.00715	0.01120	0.01018	0.01122	0.00820	0.07402	0.01024	0.00893	0.01272	0.01443	0.09057	0.01443	0.10130	0.43922	0.04480	0.11822	0.00665	0.00299	0.00486
16	0.00957	0.00898	0.01569	0.49994	0.02854	0.01026	0.10992	0.01262	0.01087	0.01417	0.01470	0.21175	0.01434	0.00811	0.00586	0.00189	0.00640	0.00759	0.00307	0.00573
17	0.01175	0.00815	0.01189	0.16788	0.01727	0.00857	0.04083	0.07227	0.01301	0.10521	0.02085	0.03853	0.02046	0.07997	0.00829	0.00238	0.00561	0.35673	0.00442	0.00591
18	0.17266	0.10156	0.09973	0.05251	0.05808	0.03048	0.00993	0.13926	0.08027	0.04026	0.01504	0.10063	0.03332	0.00738	0.00500	0.00170	0.00535	0.03597	0.00390	0.00698
19	0.01238	0.01194	0.02067	0.24505	0.53717	0.01256	0.05062	0.01574	0.01183	0.01646	0.00998	0.01363	0.00811	0.00493	0.00538	0.00166	0.00672	0.00485	0.00258	0.00774
20	0.01014	0.00954	0.01610	0.79845	0.03697	0.01193	0.01491	0.01371	0.01073	0.01371	0.00954	0.01431	0.00716	0.00537	0.00537	0.00179	0.00716	0.00477	0.00239	0.00596
21	0.01268	0.01214	0.02070	0.17906	0.63645	0.01260	0.01618	0.01595	0.01194	0.01681	0.00999	0.01348	0.00825	0.00489	0.00532	0.00163	0.00653	0.00478	0.00261	0.00802
22	0.14952	0.04673	0.11483	0.01124	0.01499	0.01259	0.02673	0.05400	0.17314	0.20824	0.01446	0.01456	0.01046	0.00655	0.00669	0.00178	0.11668	0.00475	0.00436	0.00772
23	0.00772	0.00523	0.00613	0.00620	0.00631	0.00530	0.00367	0.00795	0.00802	0.01078	0.01739	0.07737	0.01985	0.69481	0.09716	0.00535	0.00594	0.00804	0.00332	0.00346
24	0.01077	0.02777	0.78354	0.01530	0.02323	0.01247	0.01983	0.01700	0.01133	0.01700	0.00963	0.01133	0.00680	0.00510	0.00510	0.00170	0.00793	0.00397	0.00227	0.00793
25	0.01453	0.67802	0.05689	0.00986	0.01436	0.07238	0.00965	0.01727	0.05955	0.01347	0.00853	0.00952	0.00749	0.00485	0.00373	0.00123	0.00600	0.00316	0.00253	0.00699
26	0.05087	0.04064	0.24761	0.01298	0.01804	0.13606	0.05385	0.10062	0.06590	0.20153	0.01328	0.01348	0.00931	0.00578	0.00513	0.00163	0.00679	0.00452	0.00401	0.00796
27	0.00644	0.00521	0.00572	0.00608	0.00743	0.00449	0.00437	0.00770	0.01173	0.01444	0.06563	0.27786	0.53519	0.01449	0.00650	0.00192	0.00283	0.01246	0.00501	0.00449
28	0.01028	0.00969	0.01636	0.76313	0.07115	0.01196	0.01498	0.01384	0.01080	0.01389	0.00957	0.01426	0.00722	0.00534	0.00536	0.00178	0.00712	0.00477	0.00240	0.00608
29	0.01162	0.01070	0.01405	0.33448	0.04323	0.07870	0.01164	0.08664	0.01213	0.01568	0.01239	0.01951	0.01095	0.01332	0.15323	0.00313	0.07929	0.08021	0.00307	0.00603
30	0.01373	0.01433	0.02460	0.16506	0.02656	0.07350	0.42179	0.11402	0.01390	0.01817	0.01047	0.01372	0.00793	0.00529	0.00655	0.00178	0.05300	0.00553	0.00298	0.00709
31	0.01071	0.00975	0.01593	0.62877	0.09806	0.01168	0.01429	0.04494	0.01161	0.01510	0.01142	0.01829	0.00947	0.00621	0.00555	0.00183	0.00684	0.07058	0.00276	0.00622
32	0.01053	0.03275	0.25631	0.01351	0.01697	0.01210	0.08846	0.01397	0.01108	0.01617	0.13727	0.01931	0.01578	0.00970	0.05343	0.00231	0.24131	0.03949	0.00310	0.00644
33	0.01315	0.06781	0.01745	0.01395	0.01481	0.12933	0.03118	0.01448	0.00954	0.01304	0.00736	0.01131	0.00705	0.00838	0.01450	0.00211	0.61166	0.00444	0.00242	0.00603
34	0.00698	0.00538	0.00644	0.00681	0.00809	0.00484	0.00515	0.00865	0.01242	0.01599	0.19293	0.22107	0.35202	0.01396	0.00661	0.00197	0.00309	0.11778	0.00517	0.00466
35	0.72810	0.01103	0.00996	0.00841	0.01194	0.01254	0.04862	0.08231	0.01077	0.02457	0.00815	0.00942	0.00624	0.00509	0.00367	0.00166	0.00459	0.00327	0.00347	0.00619
36	0.01491	0.01612	0.01291	0.01175	0.01417	0.30964	0.00900	0.02181	0.31779	0.01700	0.01800	0.06189	0.06491	0.00777	0.00645	0.00172	0.07735	0.00582	0.00409	0.00689
37	0.00882	0.00495	0.00725	0.00725	0.00746	0.00516	0.00499	0.00764	0.00742	0.01011	0.01111	0.01905	0.01113	0.09419	0.19070	0.58524	0.00685	0.00518	0.00253	0.00295
38	0.00793	0.00601	0.00720	0.00727	0.00873	0.00576	0.00560	0.01111	0.08053	0.01805	0.29472	0.12730	0.22825	0.01235	0.00637	0.00189	0.00317	0.12232	0.04032	0.00514
39	0.01301	0.01240	0.02074	0.10006	0.66865	0.01271	0.01588	0.01691	0.05469	0.01747	0.01071	0.01376	0.00883	0.00498	0.00533	0.00162	0.00633	0.00485	0.00279	0.00828
40	0.00767	0.00575	0.00863	0.00863	0.00959	0.00671	0.00671	0.00959	0.00863	0.01246	0.01438	0.02109	0.01342	0.04026	0.79008	0.00863	0.01438	0.00575	0.00288	0.00479
41	0.02399	0.00929	0.01255	0.00963	0.01378	0.00812	0.00795	0.04580	0.01563	0.76157	0.02096	0.01813	0.01318	0.00664	0.00540	0.00166	0.00460	0.00538	0.00661	0.00914
42	0.01372	0.01295	0.01997	0.11085	0.32217	0.06709	0.14679	0.03113	0.10919	0.05844	0.01300	0.04772	0.01058	0.00581	0.00556	0.00170	0.00666	0.00560	0.00336	0.00770
43	0.00880	0.00480	0.00666	0.00672	0.00673	0.00479	0.00431	0.00723	0.00736	0.00981	0.01223	0.05781	0.01317	0.22378	0.02197	0.58779	0.00473	0.00597	0.00269	0.00266
44	0.01077	0.02777	0.78354	0.01530	0.02323	0.01247	0.01983	0.01700	0.01133	0.01700	0.00963	0.01133	0.00680	0.00510	0.00510	0.00170	0.00793	0.00397	0.00227	0.00793
45	0.01132	0.02699	0.75129	0.01506	0.02283	0.01227	0.01933	0.01738	0.01150	0.04898	0.01012	0.01162	0.00707	0.00516	0.00511	0.00170	0.00779	0.00403	0.00245	0.00798
46	0.01732	0.08843	0.15143	0.01328	0.01826	0.01477	0.09301	0.35064	0.06643	0.11360	0.01315	0.01349	0.00936	0.00591	0.00526	0.00163	0.00632	0.00481	0.00442	0.00847
47	0.01405	0.01646	0.02724	0.02023	0.02480	0.17078	0.55960	0.01775	0.01297	0.01616	0.01046	0.01416	0.00823	0.00513	0.00657	0.00176	0.04577	0.01818	0.00275	0.00693
48	0.08498	0.01361	0.13508	0.07051	0.26714	0.01216	0.04628	0.01572	0.01132	0.05896	0.01207	0.01823	0.01055	0.00684	0.00727	0.00186	0.12705	0.09011	0.00308	0.00718
49	0.01198	0.04076	0.68313	0.01492	0.02224	0.08192	0.01851	0.01760	0.01177	0.03512	0.00976	0.01131	0.00697	0.00517	0.00506	0.00166	0.00797	0.00394	0.00242	0.00779
50	0.00783	0.00541	0.00644	0.00645	0.00655	0.00562	0.00392	0.00810	0.00804	0.01087	0.01718	0.08106	0.01959	0.66947	0.09388	0.00524	0.02952	0.00799	0.00330	0.00354
51	0.01324	0.06553	0.45765	0.10473	0.05388	0.01211	0.01599	0.01834	0.03710	0.13955	0.01178	0.01301	0.00830	0.00539	0.00509	0.00166	0.00692	0.00432	0.00312	0.02229
52	0.01028	0.00974	0.01613	0.72841	0.03493	0.01233	0.01463	0.01364	0.01051	0.01364	0.00932	0.01408	0.00715	0.00573	0.00646	0.00184	0.07809	0.00476	0.00238	0.00595
53	0.02345	0.00935	0.01251	0.00962	0.01371	0.00828	0.00794	0.06435	0.01588	0.72208	0.04074	0.01857	0.01406	0.00675	0.00542	0.00166	0.00458	0.00548	0.00656	0.00903
54	0.01014	0.00954	0.01610	0.79845	0.03697	0.01193	0.01491	0.01371	0.01073	0.01371	0.00954	0.01431	0.00716	0.00537	0.00537	0.00179	0.00716	0.00477	0.00239	0.00596
55	0.02037	0.01595	0.01603	0.01248	0.01664	0.08369	0.01022	0.69593	0.02437	0.03204	0.01249	0.01261	0.00894	0.00636	0.00532	0.00159	0.00623	0.00471	0.00514	0.00888
56	0.00710	0.00547	0.00648	0.00623	0.00771	0.00485	0.00467	0.00916	0.01402	0.01873	0.48818	0.04470	0.33925	0.01202	0.00634	0.00174	0.00261	0.01035	0.00554	0.00485
57	0.00763	0.00525	0.00663	0.00681	0.00709	0.00544	0.00440	0.00817	0.00834	0.01136	0.01791	0.14366	0.02004	0.48213	0.21207	0.03049	0.00714	0.00829	0.00338	0.00377
58	0.01077	0.02777	0.78354	0.01530	0.02323	0.01247	0.01983	0.01700	0.01133	0.01700	0.00963	0.01133	0.00680	0.00510	0.00510	0.00170	0.00793	0.00397	0.00227	0.00793
59	0.01014	0.00954	0.01610	0.79845	0.03697	0.01193	0.01491	0.01371	0.01073	0.01371	0.00954	0.01431	0.00716	0.00537	0.00537	0.00179	0.00716	0.00477	0.00239	0.00596
60	0.07032	0.00964	0.01247	0.00962	0.01373	0.00877	0.00794	0.08009	0.01575	0.68334	0.01979	0.01733	0.01256	0.00654	0.00528	0.00166	0.00464	0.00522	0.00636	0.00895
61	0.00661	0.00484	0.00621	0.00715	0.00774	0.00444	0.00488	0.00774	0.01096	0.01450	0.09929	0.64360	0.13052	0.01589	0.00674	0.00209	0.00301	0.01427	0.00507	0.00444
62	0.01329	0.50706	0.30334	0.01143	0.01723	0.01770	0.01304	0.01667	0.01118	0.03375	0.00860	0.00985	0.00702	0.00483	0.00410	0.00136	0.00651	0.00333	0.00240	0.00733
63	0.08262	0.00592	0.00705	0.00664	0.00815	0.00563	0.00502	0.01037	0.01433	0.02098	0.62695	0.03857	0.12667	0.01073	0.00606	0.00170	0.00270	0.00928	0.00558	0.00507
64	0.01374	0.65916	0.10747	0.01027	0.01481	0.01988	0.01055	0.01589	0.01071	0.01312	0.00766	0.00918	0.00689	0.00508	0.00489	0.00131	0.07703	0.00315	0.00230	0.00691
65	0.01081	0.01051	0.01246	0.01117	0.01257	0.11548	0.03888	0.01299	0.03068	0.01353	0.02641	0.01698	0.01139	0.02378	0.39919	0.00523	0.19562	0.00519	0.00288	0.04428
66	0.03473	0.01101	0.01760	0.39602	0.31668	0.01241	0.01454	0.01649	0.09617	0.01644	0.01108	0.01441	0.00867	0.00535	0.00530	0.00171	0.00645	0.00487	0.00286	0.00721
67	0.07122	0.13306	0.01619	0.01139	0.01513	0.24777	0.00930	0.20725	0.04711	0.17281	0.01240	0.01240	0.00905	0.00588	0.00481	0.00150	0.00657	0.00418	0.00427	0.00770

[dist]
# distance from previous block
# <min> <max>
0	1

[block]
# block no. 2 follows, 45 sequences, length 82
# corresponding to MSA columns:
# 361-442
name=unknown_C
#
# <colnr> <probs for GDERKNQSTAVLIFYWHMCP>
#	G	D	E	R	K	N	Q	S	T	A	V	L	I	F	Y	W	H	M	C	P
0	0.01433	0.01475	0.13506	0.05583	0.07088	0.01332	0.05116	0.20621	0.21683	0.03550	0.01431	0.03110	0.01095	0.00633	0.00580	0.00168	0.03664	0.00520	0.00416	0.06996
1	0.00677	0.00498	0.00637	0.00720	0.00791	0.00458	0.00505	0.00806	0.01134	0.01500	0.13342	0.55209	0.14770	0.01545	0.00674	0.00207	0.00307	0.05259	0.00511	0.00451
2	0.00932	0.00466	0.00699	0.00699	0.00699	0.00466	0.00466	0.00699	0.00699	0.00932	0.00932	0.01632	0.00932	0.01865	0.02098	0.84382	0.00466	0.00466	0.00233	0.00233
3	0.00749	0.00626	0.00768	0.00824	0.00904	0.04656	0.03624	0.00864	0.01082	0.01389	0.03004	0.66073	0.10326	0.01540	0.00667	0.00209	0.00367	0.01389	0.00477	0.00459
4	0.01190	0.01128	0.01924	0.26946	0.46833	0.01200	0.03967	0.01504	0.01147	0.01584	0.01042	0.01516	0.00884	0.06096	0.00689	0.00191	0.00663	0.00504	0.00262	0.00730
5	0.00767	0.00575	0.00863	0.00863	0.00959	0.00671	0.00671	0.00959	0.00863	0.01246	0.01438	0.02109	0.01342	0.04026	0.79008	0.00863	0.01438	0.00575	0.00288	0.00479
6	0.02310	0.00911	0.01228	0.00948	0.01349	0.00799	0.00781	0.04649	0.01564	0.71955	0.06106	0.01928	0.01516	0.00687	0.00545	0.00166	0.00450	0.00561	0.00657	0.00892
7	0.01190	0.11257	0.58995	0.01457	0.02159	0.01337	0.05698	0.01786	0.05179	0.04542	0.01054	0.01192	0.00763	0.00519	0.00501	0.00165	0.00743	0.00414	0.00263	0.00786
8	0.00822	0.00572	0.00742	0.00810	0.00878	0.00574	0.00624	0.00960	0.01029	0.01352	0.02319	0.06454	0.02570	0.35202	0.03764	0.00379	0.00528	0.39582	0.00417	0.00421
9	0.01077	0.02777	0.78354	0.01530	0.02323	0.01247	0.01983	0.01700	0.01133	0.01700	0.00963	0.01133	0.00680	0.00510	0.00510	0.00170	0.00793	0.00397	0.00227	0.00793
10	0.00821	0.00599	0.00806	0.00912	0.01039	0.00585	0.00780	0.01044	0.01223	0.01571	0.03220	0.09905	0.13791	0.01476	0.00723	0.00236	0.00453	0.59836	0.00495	0.00485
11	0.01075	0.01017	0.01721	0.64962	0.18102	0.01209	0.01521	0.01425	0.01102	0.01446	0.00965	0.01411	0.00742	0.00525	0.00536	0.00175	0.00700	0.00477	0.00244	0.00646
12	0.01762	0.02145	0.01564	0.01387	0.01601	0.56497	0.02925	0.01906	0.01338	0.01337	0.00831	0.01057	0.00716	0.00645	0.00789	0.00162	0.19810	0.00387	0.02528	0.00613
13	0.07092	0.01629	0.20371	0.02616	0.50931	0.01276	0.02910	0.03730	0.01217	0.01831	0.00989	0.01251	0.00792	0.00491	0.00514	0.00163	0.00663	0.00448	0.00269	0.00818
14	0.00785	0.00524	0.00604	0.00604	0.00614	0.00531	0.00352	0.00804	0.00795	0.01078	0.01674	0.03375	0.01893	0.73606	0.08317	0.00537	0.00582	0.00759	0.02226	0.00341
15	0.00732	0.00554	0.00679	0.00649	0.00794	0.00495	0.00484	0.00946	0.01407	0.01922	0.53165	0.08319	0.23280	0.01176	0.00630	0.00172	0.00265	0.01024	0.00555	0.02753
16	0.02005	0.02558	0.01521	0.01383	0.01659	0.78980	0.01037	0.02143	0.01521	0.01314	0.00830	0.00968	0.00691	0.00553	0.00484	0.00138	0.00968	0.00346	0.00277	0.00622
17	0.01119	0.01091	0.01565	0.15034	0.01751	0.01487	0.01171	0.01270	0.00863	0.01288	0.00817	0.01382	0.00793	0.06438	0.01615	0.00245	0.60767	0.00493	0.00242	0.00571
18	0.02408	0.00914	0.01246	0.00955	0.01370	0.00789	0.00789	0.02616	0.01536	0.78158	0.02118	0.01827	0.01329	0.00664	0.00540	0.00166	0.00457	0.00540	0.00664	0.00914
19	0.01014	0.00954	0.01610	0.79845	0.03697	0.01193	0.01491	0.01371	0.01073	0.01371	0.00954	0.01431	0.00716	0.00537	0.00537	0.00179	0.00716	0.00477	0.00239	0.00596
20	0.02005	0.02558	0.01521	0.01383	0.01659	0.78980	0.01037	0.02143	0.01521	0.01314	0.00830	0.00968	0.00691	0.00553	0.00484	0.00138	0.00968	0.00346	0.00277	0.00622
21	0.00743	0.00548	0.00695	0.00658	0.00792	0.00500	0.00494	0.00981	0.01481	0.02061	0.68090	0.04161	0.14536	0.01132	0.00633	0.00170	0.00256	0.00992	0.00579	0.00500
22	0.00833	0.00478	0.00683	0.00717	0.00733	0.00476	0.00481	0.00737	0.00808	0.01084	0.01581	0.23763	0.01755	0.07080	0.07432	0.49440	0.00499	0.00789	0.00317	0.00314
23	0.07233	0.75874	0.02672	0.00904	0.01354	0.02060	0.00895	0.01605	0.01078	0.01342	0.00746	0.00862	0.00681	0.00462	0.00344	0.00118	0.00563	0.00287	0.00237	0.00681
24	0.01014	0.00954	0.01610	0.79845	0.03697	0.01193	0.01491	0.01371	0.01073	0.01371	0.00954	0.01431	0.00716	0.00537	0.00537	0.00179	0.00716	0.00477	0.00239	0.00596
25	0.02274	0.00880	0.01193	0.00925	0.01315	0.00764	0.00760	0.02485	0.01522	0.71588	0.06117	0.01949	0.01529	0.00686	0.00539	0.00165	0.00439	0.00561	0.03428	0.00878
26	0.00776	0.00566	0.00732	0.00687	0.00819	0.00530	0.00516	0.01065	0.03647	0.02155	0.75376	0.03953	0.04968	0.01087	0.00631	0.00169	0.00258	0.00960	0.00590	0.00516
27	0.04797	0.01259	0.01638	0.01309	0.01693	0.01362	0.14418	0.18329	0.38333	0.08350	0.01732	0.01691	0.01268	0.00646	0.00551	0.00175	0.00549	0.00568	0.00496	0.00835
28	0.00685	0.00536	0.00673	0.00740	0.00808	0.00524	0.00521	0.00791	0.01065	0.01386	0.03455	0.55332	0.22856	0.01545	0.00747	0.00209	0.05845	0.01349	0.00480	0.00451
29	0.00707	0.00534	0.00721	0.00814	0.00845	0.00548	0.00570	0.00807	0.01017	0.01371	0.02756	0.71301	0.03285	0.01610	0.00782	0.00220	0.07343	0.03842	0.00475	0.00451
30	0.01113	0.00954	0.01113	0.00795	0.01272	0.00716	0.00636	0.01352	0.01113	0.01749	0.00954	0.01113	0.00795	0.00398	0.00398	0.00080	0.00398	0.00318	0.00318	0.84417
31	0.01014	0.00954	0.01610	0.79845	0.03697	0.01193	0.01491	0.01371	0.01073	0.01371	0.00954	0.01431	0.00716	0.00537	0.00537	0.00179	0.00716	0.00477	0.00239	0.00596
32	0.00806	0.00618	0.00784	0.00744	0.00879	0.00613	0.00574	0.01106	0.05444	0.01996	0.56194	0.04023	0.12584	0.01125	0.00696	0.00180	0.04533	0.06026	0.00553	0.00522
33	0.01816	0.41220	0.02085	0.01008	0.01431	0.11111	0.00899	0.07843	0.01381	0.22829	0.01186	0.01182	0.00887	0.00541	0.00432	0.00135	0.00587	0.00381	0.00383	0.02663
34	0.01223	0.01307	0.02703	0.01960	0.02414	0.01240	0.61051	0.04636	0.01243	0.01683	0.01188	0.01761	0.00995	0.12964	0.00955	0.00233	0.00832	0.00650	0.00291	0.00670
35	0.00724	0.00497	0.00602	0.00658	0.00672	0.00483	0.00403	0.00766	0.00891	0.01188	0.02259	0.38113	0.02667	0.45558	0.01816	0.00385	0.00427	0.01114	0.00403	0.00375
36	0.00932	0.00466	0.00699	0.00699	0.00699	0.00466	0.00466	0.00699	0.00699	0.00932	0.00932	0.01632	0.00932	0.01865	0.02098	0.84382	0.00466	0.00466	0.00233	0.00233
37	0.00807	0.00614	0.00881	0.00872	0.00980	0.00714	0.00675	0.01086	0.06135	0.01311	0.01496	0.02134	0.01377	0.05581	0.71795	0.00808	0.01346	0.00582	0.00306	0.00501
38	0.01329	0.01275	0.02179	0.03295	0.77787	0.01275	0.01647	0.01647	0.01222	0.01754	0.01010	0.01329	0.00850	0.00478	0.00531	0.00159	0.00638	0.00478	0.00266	0.00850
39	0.00767	0.00575	0.00863	0.00863	0.00959	0.00671	0.00671	0.00959	0.00863	0.01246	0.01438	0.02109	0.01342	0.04026	0.79008	0.00863	0.01438	0.00575	0.00288	0.00479
40	0.01822	0.00913	0.01141	0.00925	0.01254	0.00878	0.00746	0.10975	0.09765	0.41078	0.19886	0.02304	0.02199	0.00771	0.00558	0.00167	0.00416	0.00641	0.02762	0.00799
41	0.00773	0.00540	0.00727	0.00735	0.00783	0.00584	0.00510	0.00859	0.00833	0.01156	0.01618	0.08108	0.01717	0.34568	0.38990	0.05126	0.00941	0.00717	0.00314	0.00402
42	0.00817	0.00584	0.00810	0.00934	0.01037	0.00577	0.00782	0.01030	0.01189	0.01553	0.02868	0.22936	0.03193	0.01528	0.00729	0.00241	0.00453	0.57763	0.00495	0.00481
43	0.01091	0.02678	0.72796	0.01584	0.02359	0.01255	0.07443	0.01701	0.01143	0.01701	0.00972	0.01157	0.00690	0.00506	0.00519	0.00171	0.00802	0.00414	0.00230	0.00788
44	0.01077	0.02777	0.78354	0.01530	0.02323	0.01247	0.01983	0.01700	0.01133	0.01700	0.00963	0.01133	0.00680	0.00510	0.00510	0.00170	0.00793	0.00397	0.00227	0.00793
45	0.01018	0.00687	0.00924	0.00991	0.01146	0.00690	0.00852	0.06373	0.01330	0.05791	0.02702	0.09483	0.02869	0.01392	0.00714	0.00235	0.00489	0.61264	0.00507	0.00543
46	0.00844	0.00570	0.00722	0.00707	0.00839	0.00531	0.00521	0.01094	0.04119	0.06152	0.45040	0.21702	0.10380	0.01204	0.00630	0.00180	0.00286	0.01063	0.02893	0.00521
47	0.67310	0.01179	0.07657	0.10493	0.01477	0.01206	0.00815	0.01563	0.00952	0.02219	0.00792	0.00963	0.00606	0.00504	0.00373	0.00168	0.00485	0.00323	0.00311	0.00602
48	0.01741	0.32625	0.07342	0.01193	0.01586	0.38421	0.01047	0.04376	0.01364	0.04558	0.00875	0.00985	0.00723	0.00522	0.00437	0.00133	0.00772	0.00339	0.00280	0.00681
49	0.00773	0.00554	0.00693	0.00714	0.00825	0.00523	0.00521	0.00914	0.01149	0.03532	0.14510	0.32539	0.21007	0.01517	0.04927	0.03020	0.02622	0.02997	0.03931	0.02733
50	0.01525	0.20736	0.05790	0.01025	0.01441	0.15232	0.00899	0.07591	0.03094	0.08990	0.01283	0.01463	0.03713	0.00575	0.00456	0.00131	0.00584	0.03154	0.00353	0.21964
51	0.13527	0.01208	0.01455	0.01695	0.25609	0.10566	0.01036	0.01932	0.01311	0.26412	0.03420	0.06967	0.01243	0.00650	0.00513	0.00164	0.00556	0.00541	0.00430	0.00767
52	0.01894	0.00817	0.01026	0.00837	0.01157	0.00759	0.00675	0.02243	0.08867	0.48543	0.02018	0.01895	0.01373	0.00659	0.00493	0.00156	0.00394	0.00535	0.24873	0.00787
53	0.01014	0.00954	0.01610	0.79845	0.03697	0.01193	0.01491	0.01371	0.01073	0.01371	0.00954	0.01431	0.00716	0.00537	0.00537	0.00179	0.00716	0.00477	0.00239	0.00596
54	0.06098	0.01053	0.03324	0.17743	0.01883	0.01074	0.02077	0.08890	0.15407	0.28464	0.01748	0.07135	0.01308	0.00702	0.00540	0.00175	0.00521	0.00587	0.00494	0.00778
55	0.00733	0.00546	0.00682	0.00652	0.00787	0.00495	0.00488	0.00960	0.01451	0.02000	0.62009	0.06211	0.18677	0.01162	0.00635	0.00172	0.00258	0.01016	0.00571	0.00495
56	0.00794	0.00516	0.00595	0.00595	0.00595	0.00516	0.00337	0.00774	0.00774	0.01032	0.01627	0.03353	0.01865	0.74389	0.02678	0.07658	0.00516	0.00754	0.00317	0.00317
57	0.01077	0.02777	0.78354	0.01530	0.02323	0.01247	0.01983	0.01700	0.01133	0.01700	0.00963	0.01133	0.00680	0.00510	0.00510	0.00170	0.00793	0.00397	0.00227	0.00793
58	0.01014	0.00954	0.01610	0.79845	0.03697	0.01193	0.01491	0.01371	0.01073	0.01371	0.00954	0.01431	0.00716	0.00537	0.00537	0.00179	0.00716	0.00477	0.00239	0.00596
59	0.00932	0.00466	0.00699	0.00699	0.00699	0.00466	0.00466	0.00699	0.00699	0.00932	0.00932	0.01632	0.00932	0.01865	0.02098	0.84382	0.00466	0.00466	0.00233	0.00233
60	0.00865	0.00618	0.00865	0.00989	0.01112	0.00618	0.00865	0.01112	0.01236	0.01606	0.02842	0.06055	0.03089	0.01483	0.00741	0.00247	0.00494	0.74174	0.00494	0.00494
61	0.04797	0.06050	0.36477	0.05890	0.13410	0.01257	0.09244	0.03721	0.01232	0.11279	0.01115	0.01276	0.00804	0.00520	0.00516	0.00166	0.00703	0.00448	0.00305	0.00788
62	0.00937	0.00469	0.00685	0.00685	0.00694	0.00469	0.00459	0.00740	0.00731	0.01011	0.00993	0.01659	0.00965	0.01773	0.01971	0.78154	0.00450	0.00469	0.06434	0.00253
63	0.01111	0.01623	0.25039	0.01644	0.04989	0.03371	0.27130	0.01519	0.01181	0.01633	0.01428	0.04435	0.01303	0.06638	0.00755	0.00211	0.00736	0.12095	0.02492	0.00667
64	0.01113	0.00954	0.01113	0.00795	0.01272	0.00716	0.00636	0.01352	0.01113	0.01749	0.00954	0.01113	0.00795	0.00398	0.00398	0.00080	0.00398	0.00318	0.00318	0.84417
65	0.01460	0.65529	0.10032	0.01027	0.01499	0.10093	0.01035	0.01673	0.01140	0.01311	0.00776	0.00899	0.00688	0.00474	0.00375	0.00123	0.00637	0.00304	0.00234	0.00692
66	0.01348	0.66903	0.11247	0.00971	0.01445	0.01912	0.01011	0.01577	0.01125	0.01374	0.06101	0.01111	0.00992	0.00509	0.00383	0.00125	0.00577	0.00347	0.00254	0.00688
67	0.03660	0.01826	0.07560	0.04120	0.09267	0.26540	0.32349	0.01811	0.01320	0.01593	0.01047	0.01433	0.00853	0.00538	0.00561	0.00167	0.00858	0.03528	0.00279	0.00691
68	0.04460	0.00941	0.01249	0.00960	0.01374	0.00835	0.00793	0.05615	0.01561	0.73179	0.02049	0.01781	0.01293	0.00659	0.00534	0.00166	0.00461	0.00531	0.00651	0.00905
69	0.00928	0.00469	0.00704	0.00704	0.00707	0.00472	0.00472	0.00707	0.00704	0.00942	0.00947	0.01646	0.00944	0.01928	0.04352	0.81934	0.00495	0.00469	0.00235	0.00240
70	0.06220	0.00739	0.00935	0.00892	0.01048	0.00808	0.00693	0.08362	0.03097	0.07000	0.02044	0.20800	0.05884	0.02183	0.28645	0.00435	0.05085	0.04155	0.00415	0.00562
71	0.02053	0.01295	0.01459	0.01139	0.01549	0.01380	0.00934	0.46350	0.11696	0.23973	0.01633	0.01529	0.01120	0.00661	0.00539	0.00165	0.00532	0.00515	0.00573	0.00905
72	0.00768	0.00572	0.00846	0.00846	0.00935	0.00662	0.00650	0.00948	0.00858	0.01233	0.01454	0.02196	0.01380	0.08800	0.74285	0.00841	0.01381	0.00588	0.00290	0.00470
73	0.01305	0.00696	0.00828	0.00717	0.00983	0.00604	0.00565	0.01514	0.03571	0.29297	0.08474	0.03794	0.43371	0.01073	0.00597	0.00175	0.00342	0.00893	0.00566	0.00635
74	0.01398	0.01332	0.01940	0.18538	0.50149	0.09832	0.01502	0.01699	0.01242	0.05760	0.01038	0.01336	0.00831	0.00509	0.00528	0.00161	0.00680	0.00467	0.00283	0.00777
75	0.00738	0.00502	0.00598	0.00640	0.00651	0.00492	0.00384	0.00769	0.00865	0.01153	0.02122	0.29763	0.02495	0.54144	0.02037	0.00418	0.00449	0.01034	0.00384	0.00363
76	0.01077	0.02777	0.78354	0.01530	0.02323	0.01247	0.01983	0.01700	0.01133	0.01700	0.00963	0.01133	0.00680	0.00510	0.00510	0.00170	0.00793	0.00397	0.00227	0.00793
77	0.04511	0.00996	0.07858	0.01129	0.03458	0.00892	0.06418	0.01572	0.17649	0.01868	0.14418	0.09212	0.03844	0.01039	0.00624	0.00200	0.00480	0.22738	0.00469	0.00625
78	0.01014	0.00954	0.01610	0.79845	0.03697	0.01193	0.01491	0.01371	0.01073	0.01371	0.00954	0.01431	0.00716	0.00537	0.00537	0.00179	0.00716	0.00477	0.00239	0.00596
79	0.01595	0.00860	0.01176	0.07807	0.01413	0.02626	0.05853	0.01840	0.01287	0.31366	0.03406	0.01811	0.01283	0.00652	0.00575	0.00158	0.05981	0.00528	0.29090	0.00693
80	0.41818	0.01351	0.06939	0.01597	0.21533	0.06973	0.04660	0.01669	0.01092	0.04017	0.00920	0.01152	0.00737	0.00522	0.00459	0.00166	0.01937	0.01462	0.00309	0.00685
81	0.05786	0.28424	0.25879	0.04342	0.06641	0.04830	0.06329	0.03734	0.01166	0.02908	0.00901	0.01085	0.00718	0.00518	0.00519	0.00153	0.04698	0.00385	0.00258	0.00727

[dist]
# distance from previous block
# <min> <max>
0	10

[block]
# block no. 3 follows, 45 sequences, length 31
# corresponding to MSA columns:
# 453-483
name=unknown_D
#
# <colnr> <probs for GDERKNQSTAVLIFYWHMCP>
#	G	D	E	R	K	N	Q	S	T	A	V	L	I	F	Y	W	H	M	C	P
0	0.00977	0.00745	0.00895	0.05248	0.03102	0.03179	0.00667	0.01251	0.07026	0.06344	0.12774	0.15505	0.17408	0.03884	0.02971	0.03276	0.00432	0.06655	0.00461	0.07201
1	0.02845	0.23527	0.15331	0.05933	0.01677	0.01351	0.01071	0.07414	0.05685	0.15710	0.02996	0.01326	0.00992	0.00548	0.00461	0.00143	0.00560	0.00418	0.00372	0.11641
2	0.03401	0.01060	0.01679	0.53799	0.10982	0.03776	0.06350	0.03802	0.01156	0.01526	0.01110	0.06946	0.00937	0.00608	0.00546	0.00177	0.00688	0.00552	0.00275	0.00631
3	0.08023	0.00912	0.01200	0.00930	0.01332	0.00810	0.00767	0.02501	0.01493	0.70869	0.04100	0.01822	0.01380	0.00665	0.00528	0.00166	0.00448	0.00535	0.00640	0.00880
4	0.01093	0.03673	0.10885	0.53779	0.13260	0.01246	0.01520	0.01531	0.04996	0.01504	0.01020	0.01394	0.00776	0.00533	0.00527	0.00173	0.00695	0.00468	0.00256	0.00670
5	0.01890	0.12570	0.07535	0.01193	0.03982	0.09261	0.03547	0.11575	0.01528	0.32980	0.05238	0.01542	0.01206	0.00626	0.00547	0.00158	0.02859	0.00487	0.00471	0.00805
6	0.00699	0.00525	0.00647	0.00661	0.00776	0.00474	0.00479	0.00879	0.01310	0.01761	0.38840	0.25127	0.23213	0.01323	0.00648	0.00185	0.00274	0.01163	0.00542	0.00474
7	0.00784	0.00570	0.00810	0.00866	0.00955	0.00611	0.00683	0.00966	0.00997	0.01361	0.02105	0.13860	0.02236	0.08857	0.37888	0.00555	0.00918	0.24125	0.00384	0.00466
8	0.01106	0.02264	0.54320	0.13519	0.11090	0.01248	0.05703	0.01646	0.01141	0.01658	0.00974	0.01216	0.00712	0.00507	0.00523	0.00171	0.00770	0.00430	0.00235	0.00767
9	0.01014	0.00954	0.01610	0.79845	0.03697	0.01193	0.01491	0.01371	0.01073	0.01371	0.00954	0.01431	0.00716	0.00537	0.00537	0.00179	0.00716	0.00477	0.00239	0.00596
10	0.00805	0.00603	0.00853	0.00855	0.00954	0.00687	0.00658	0.01051	0.04888	0.01302	0.01595	0.02504	0.01534	0.11500	0.62011	0.00752	0.01230	0.05416	0.00319	0.00484
11	0.00849	0.00583	0.00715	0.00687	0.00829	0.00545	0.00512	0.02811	0.03161	0.04734	0.45130	0.14534	0.14244	0.01144	0.00613	0.00174	0.00283	0.00999	0.06930	0.00521
12	0.06075	0.01482	0.10259	0.01160	0.02872	0.19463	0.01001	0.03799	0.03453	0.23243	0.01776	0.04757	0.02499	0.00809	0.00557	0.00178	0.00622	0.14840	0.00449	0.00707
13	0.01440	0.03220	0.05058	0.00893	0.01188	0.00867	0.05598	0.08809	0.06499	0.17954	0.01735	0.04034	0.01310	0.00650	0.00468	0.00149	0.00419	0.00541	0.38486	0.00683
14	0.00975	0.00893	0.01264	0.04227	0.01273	0.01171	0.00936	0.01126	0.00877	0.01288	0.01349	0.04068	0.06051	0.03208	0.27526	0.00443	0.41926	0.00584	0.00279	0.00534
15	0.01092	0.00915	0.01083	0.00848	0.03134	0.00723	0.00649	0.01376	0.04007	0.02953	0.07183	0.01615	0.05496	0.00524	0.00440	0.00099	0.00387	0.00433	0.00362	0.66680
16	0.11750	0.01242	0.06341	0.05955	0.01570	0.01257	0.00960	0.26649	0.06748	0.15164	0.01448	0.05600	0.01111	0.00697	0.00606	0.00172	0.06663	0.00527	0.04768	0.00770
17	0.01424	0.01634	0.30043	0.01241	0.01746	0.01043	0.06558	0.05745	0.08069	0.19674	0.06875	0.06565	0.01446	0.00683	0.00544	0.00170	0.00588	0.00582	0.02817	0.02555
18	0.01245	0.04267	0.01812	0.43430	0.25857	0.01275	0.01443	0.07791	0.01253	0.03342	0.01017	0.01367	0.00787	0.00525	0.00525	0.00167	0.00663	0.00468	0.00283	0.02483
19	0.05442	0.01186	0.01384	0.01074	0.01486	0.01213	0.00884	0.34315	0.05913	0.38838	0.01709	0.01566	0.01136	0.00653	0.00531	0.00165	0.00511	0.00509	0.00590	0.00897
20	0.00775	0.00559	0.00773	0.00778	0.00844	0.00620	0.00567	0.00907	0.00850	0.01193	0.01573	0.02711	0.01605	0.28854	0.51409	0.00729	0.01106	0.03410	0.00308	0.00430
21	0.00690	0.00517	0.00647	0.00739	0.00816	0.00484	0.00523	0.00850	0.03522	0.01434	0.03405	0.57255	0.17815	0.01572	0.00676	0.00212	0.00323	0.07563	0.00500	0.00458
22	0.01258	0.01203	0.02051	0.20534	0.61102	0.01257	0.01612	0.01585	0.01189	0.01668	0.00997	0.01352	0.00820	0.00491	0.00533	0.00164	0.00655	0.00478	0.00260	0.00793
23	0.00778	0.00543	0.00744	0.00750	0.00803	0.00592	0.00529	0.00867	0.00831	0.01159	0.01563	0.06594	0.01631	0.29873	0.43194	0.07158	0.00994	0.00685	0.00307	0.00406
24	0.06633	0.00951	0.01242	0.00957	0.01369	0.00857	0.00790	0.06436	0.01556	0.70316	0.02003	0.01750	0.01268	0.00655	0.00529	0.00166	0.00462	0.00524	0.00641	0.00896
25	0.01303	0.01163	0.01882	0.25242	0.46232	0.03145	0.01499	0.01619	0.01207	0.06504	0.01137	0.01581	0.00932	0.00551	0.00541	0.00169	0.00651	0.03589	0.00293	0.00760
26	0.00932	0.00466	0.00699	0.00699	0.00699	0.00466	0.00466	0.00699	0.00699	0.00932	0.00932	0.01632	0.00932	0.01865	0.02098	0.84382	0.00466	0.00466	0.00233	0.00233
27	0.01523	0.02152	0.52497	0.01337	0.02004	0.01093	0.01583	0.02007	0.01268	0.27339	0.01350	0.01366	0.00898	0.00562	0.00520	0.00169	0.00680	0.00445	0.00373	0.00834
28	0.01095	0.06859	0.74435	0.01498	0.02274	0.01292	0.01928	0.01695	0.01131	0.01677	0.00952	0.01119	0.00680	0.00507	0.00501	0.00167	0.00782	0.00391	0.00227	0.00788
29	0.03354	0.00957	0.01521	0.28221	0.21789	0.01094	0.02408	0.01330	0.01039	0.01475	0.01135	0.01756	0.01010	0.08793	0.10541	0.00295	0.07719	0.01874	0.03072	0.00617
30	0.08005	0.13705	0.19259	0.01448	0.01938	0.06572	0.19921	0.10672	0.01327	0.02849	0.01059	0.03469	0.00847	0.00562	0.00555	0.00164	0.03838	0.00478	0.02612	0.00722

[dist]
# distance from previous block
# <min> <max>
0	1

[block]
# block no. 4 follows, 45 sequences, length 22
# corresponding to MSA columns:
# 485-506
name=unknown_E
#
# <colnr> <probs for GDERKNQSTAVLIFYWHMCP>
#	G	D	E	R	K	N	Q	S	T	A	V	L	I	F	Y	W	H	M	C	P
0	0.12862	0.03216	0.01834	0.03258	0.32700	0.07160	0.07822	0.03955	0.01205	0.05670	0.01078	0.02979	0.00918	0.00608	0.00665	0.00173	0.10326	0.02527	0.00311	0.00732
1	0.01423	0.17383	0.09755	0.01812	0.05502	0.16046	0.37112	0.01772	0.01266	0.01554	0.00957	0.01209	0.00756	0.00479	0.00533	0.00158	0.00830	0.00483	0.00260	0.00710
2	0.00772	0.00598	0.00793	0.02939	0.04274	0.00551	0.00586	0.00946	0.01187	0.01634	0.22823	0.36006	0.09898	0.02657	0.03089	0.00209	0.00365	0.01103	0.00478	0.09093
3	0.01759	0.07195	0.01260	0.00900	0.01254	0.00910	0.00740	0.07274	0.05065	0.38858	0.19153	0.02157	0.02073	0.00725	0.00533	0.00155	0.00422	0.00598	0.00567	0.08403
4	0.00867	0.00722	0.00879	0.12762	0.01317	0.05229	0.00705	0.05108	0.01142	0.01472	0.02412	0.58126	0.02775	0.02993	0.00684	0.00210	0.00431	0.01225	0.00445	0.00495
5	0.02247	0.00907	0.01193	0.00926	0.01314	0.00812	0.00761	0.06784	0.01554	0.66212	0.02033	0.01813	0.01309	0.00659	0.00523	0.00162	0.00444	0.00533	0.08941	0.00872
6	0.01014	0.00954	0.01610	0.79845	0.03697	0.01193	0.01491	0.01371	0.01073	0.01371	0.00954	0.01431	0.00716	0.00537	0.00537	0.00179	0.00716	0.00477	0.00239	0.00596
7	0.10799	0.05106	0.10977	0.17704	0.10187	0.02343	0.07234	0.05368	0.12600	0.09015	0.01262	0.01416	0.00935	0.00560	0.00506	0.00168	0.00612	0.00474	0.01990	0.00741
8	0.00847	0.00578	0.00689	0.00644	0.00818	0.00508	0.00489	0.01047	0.01397	0.08300	0.40858	0.04310	0.35188	0.01171	0.00626	0.00174	0.00278	0.01002	0.00558	0.00519
9	0.00774	0.00552	0.00784	0.00791	0.00858	0.00616	0.00580	0.00896	0.00845	0.01192	0.01536	0.06379	0.01554	0.19430	0.54884	0.05802	0.01135	0.00659	0.00303	0.00431
10	0.01077	0.02777	0.78354	0.01530	0.02323	0.01247	0.01983	0.01700	0.01133	0.01700	0.00963	0.01133	0.00680	0.00510	0.00510	0.00170	0.00793	0.00397	0.00227	0.00793
11	0.04805	0.01002	0.01553	0.65017	0.03270	0.01209	0.01369	0.07770	0.01217	0.06222	0.01044	0.01419	0.00763	0.00552	0.00528	0.00176	0.00676	0.00473	0.00294	0.00642
12	0.02137	0.00914	0.01169	0.00919	0.01289	0.00842	0.00752	0.08847	0.04099	0.58073	0.01995	0.01811	0.01310	0.00659	0.00516	0.00160	0.00438	0.00531	0.12688	0.00852
13	0.00676	0.00481	0.00639	0.00757	0.00794	0.00454	0.00517	0.00777	0.01031	0.01371	0.02885	0.71185	0.03434	0.05720	0.00794	0.00236	0.00336	0.06988	0.00489	0.00435
14	0.03789	0.03487	0.22521	0.04859	0.01721	0.01226	0.01175	0.21400	0.10452	0.07511	0.13017	0.01873	0.01622	0.00693	0.00540	0.00169	0.00565	0.02168	0.00441	0.00771
15	0.01077	0.02777	0.78354	0.01530	0.02323	0.01247	0.01983	0.01700	0.01133	0.01700	0.00963	0.01133	0.00680	0.00510	0.00510	0.00170	0.00793	0.00397	0.00227	0.00793
16	0.00654	0.00467	0.00623	0.00747	0.00779	0.00436	0.00498	0.00747	0.01028	0.01370	0.02959	0.80785	0.03550	0.01682	0.00685	0.00218	0.00311	0.01526	0.00498	0.00436
17	0.09598	0.08713	0.23474	0.28423	0.02454	0.01376	0.01412	0.11225	0.01252	0.01817	0.00949	0.01208	0.00715	0.00553	0.00554	0.00170	0.04706	0.00419	0.00282	0.00700
18	0.01271	0.10573	0.12331	0.02508	0.01566	0.01105	0.05894	0.11937	0.01350	0.04930	0.02819	0.05986	0.05583	0.00634	0.00492	0.00138	0.00530	0.01973	0.00364	0.28016
19	0.01299	0.31457	0.34291	0.01171	0.01718	0.01485	0.01317	0.03947	0.03159	0.05429	0.00982	0.01146	0.00774	0.00645	0.00611	0.08567	0.00646	0.00379	0.00269	0.00710
20	0.01205	0.02707	0.67826	0.01504	0.02232	0.08979	0.01853	0.04552	0.01224	0.01725	0.00962	0.01123	0.00690	0.00519	0.00508	0.00167	0.00803	0.00395	0.00243	0.00781
21	0.01230	0.00986	0.01397	0.20565	0.17370	0.01055	0.01076	0.14334	0.02817	0.05217	0.10669	0.04558	0.09244	0.04543	0.00669	0.00189	0.00537	0.02461	0.00405	0.00677

[dist]
# distance from previous block
# <min> <max>
0	4

[block]
# block no. 5 follows, 45 sequences, length 29
# corresponding to MSA columns:
# 511-539
name=unknown_F
#
# <colnr> <probs for GDERKNQSTAVLIFYWHMCP>
#	G	D	E	R	K	N	Q	S	T	A	V	L	I	F	Y	W	H	M	C	P
0	0.01431	0.12487	0.12585	0.03987	0.01875	0.03890	0.12889	0.14613	0.26615	0.02086	0.01411	0.01467	0.01063	0.00592	0.00524	0.00166	0.00627	0.00505	0.00395	0.00795
1	0.01627	0.05707	0.37129	0.01293	0.01894	0.01133	0.05101	0.05583	0.01348	0.29090	0.01387	0.01391	0.00934	0.00563	0.00516	0.00163	0.00645	0.00456	0.00403	0.03637
2	0.01336	0.08225	0.02007	0.18189	0.28436	0.01236	0.11628	0.04109	0.01252	0.09178	0.02524	0.07168	0.01118	0.00606	0.00544	0.00168	0.00636	0.00573	0.00328	0.00739
