[name]
unknown

[dist]
# distance from previous block
# <min> <max>
0	32

[block]
# block no. 0 follows, 37 sequences, length 19
# corresponding to MSA columns:
# 32-50
name=unknown_A
#
# <colnr> <probs for GDERKNQSTAVLIFYWHMCP>
#	G	D	E	R	K	N	Q	S	T	A	V	L	I	F	Y	W	H	M	C	P
0	0.04471	0.00688	0.00801	0.00826	0.00936	0.00680	0.00586	0.05356	0.01280	0.01741	0.07184	0.26129	0.13060	0.23754	0.01423	0.00336	0.00463	0.09259	0.00511	0.00516
1	0.01018	0.00996	0.04635	0.23822	0.07354	0.00963	0.06578	0.01331	0.01359	0.01801	0.13750	0.15714	0.14143	0.01098	0.00689	0.00210	0.00582	0.02867	0.00444	0.00645
2	0.00773	0.00618	0.00650	0.00642	0.00834	0.00530	0.00482	0.00958	0.01445	0.01825	0.17294	0.05451	0.58539	0.01449	0.00705	0.00200	0.00305	0.01217	0.05551	0.00530
3	0.06176	0.00991	0.01473	0.01185	0.01504	0.00957	0.12730	0.06154	0.04494	0.14093	0.38977	0.03194	0.03537	0.00961	0.00674	0.00194	0.00493	0.00868	0.00603	0.00742
4	0.07836	0.14009	0.01547	0.00986	0.01401	0.01119	0.00834	0.02319	0.01586	0.43034	0.10955	0.02426	0.07704	0.00828	0.00583	0.00181	0.00495	0.00660	0.00623	0.00874
5	0.63878	0.01035	0.00861	0.00789	0.01089	0.01181	0.00626	0.01608	0.01016	0.02435	0.00961	0.01222	0.00788	0.00839	0.00719	0.13929	0.00471	0.00380	0.05582	0.00590
6	0.01563	0.01327	0.01517	0.13964	0.02070	0.01543	0.01116	0.11737	0.52507	0.02558	0.02127	0.02072	0.01588	0.00782	0.00620	0.00204	0.00564	0.00649	0.00563	0.00930
7	0.00973	0.00781	0.01216	0.01439	0.13409	0.00862	0.00938	0.01208	0.01066	0.01528	0.01680	0.07609	0.01614	0.03724	0.58091	0.00797	0.01396	0.00714	0.00341	0.00614
8	0.01506	0.38045	0.37645	0.01384	0.02087	0.01854	0.01620	0.01951	0.01297	0.05989	0.01061	0.01195	0.00823	0.00565	0.00496	0.00164	0.00767	0.00404	0.00289	0.00858
9	0.69323	0.01273	0.01057	0.00906	0.01304	0.01461	0.00747	0.13669	0.01349	0.02933	0.00956	0.01074	0.00726	0.00596	0.00418	0.00188	0.00507	0.00368	0.00418	0.00726
10	0.06130	0.00783	0.00915	0.00867	0.01025	0.00787	0.00633	0.08855	0.01452	0.06302	0.18578	0.15692	0.05147	0.23193	0.01381	0.00321	0.00474	0.06340	0.00540	0.00585
11	0.00782	0.00555	0.00716	0.00812	0.00880	0.00515	0.00557	0.00928	0.01280	0.01743	0.14801	0.58509	0.08508	0.01734	0.00752	0.00232	0.00339	0.01559	0.04283	0.00515
12	0.04476	0.00779	0.01064	0.00963	0.01184	0.00805	0.00756	0.01678	0.01222	0.23033	0.01876	0.02354	0.01541	0.07830	0.42110	0.00648	0.01123	0.00642	0.05231	0.00686
13	0.69146	0.01168	0.00962	0.00822	0.01229	0.01280	0.00673	0.01756	0.01080	0.02620	0.00892	0.01040	0.00704	0.00549	0.00391	0.00173	0.00470	0.00337	0.00376	0.14332
14	0.01064	0.00543	0.00750	0.00750	0.00774	0.00543	0.00503	0.00909	0.00885	0.01276	0.01281	0.02083	0.01230	0.07291	0.02114	0.62668	0.00495	0.00564	0.13952	0.00324
15	0.01402	0.21588	0.47482	0.04838	0.02420	0.01700	0.03996	0.06426	0.01384	0.01923	0.01065	0.01253	0.00801	0.00576	0.00543	0.00179	0.00828	0.00440	0.00284	0.00872
16	0.01477	0.14033	0.01535	0.01122	0.04005	0.01280	0.00864	0.13389	0.04563	0.07644	0.07587	0.15981	0.02107	0.05740	0.00846	0.00215	0.05938	0.00807	0.10134	0.00734
17	0.03242	0.06290	0.01761	0.02929	0.04580	0.04694	0.08012	0.19213	0.01750	0.03433	0.03687	0.02516	0.03537	0.00815	0.00610	0.00178	0.00637	0.12266	0.00460	0.19389
18	0.01671	0.08476	0.08042	0.06290	0.14013	0.04683	0.03998	0.02168	0.10332	0.17349	0.03842	0.02197	0.03798	0.00894	0.03404	0.00218	0.00688	0.04360	0.00465	0.03112

[dist]
# distance from previous block
# <min> <max>
1	43

[block]
# block no. 1 follows, 37 sequences, length 22
# corresponding to MSA columns:
# 94-115
name=unknown_B
#
# <colnr> <probs for GDERKNQSTAVLIFYWHMCP>
#	G	D	E	R	K	N	Q	S	T	A	V	L	I	F	Y	W	H	M	C	P
0	0.12186	0.03449	0.01413	0.04955	0.01616	0.04215	0.04469	0.06878	0.21401	0.10182	0.07074	0.08803	0.03189	0.00927	0.00683	0.03916	0.00546	0.00717	0.00524	0.02859
1	0.04027	0.01269	0.01700	0.08345	0.20453	0.01291	0.01210	0.09869	0.14182	0.08419	0.01523	0.01677	0.01172	0.00810	0.04096	0.00208	0.00646	0.00538	0.00445	0.18122
2	0.00933	0.00677	0.00842	0.00910	0.01014	0.00663	0.00661	0.07294	0.01357	0.01786	0.03313	0.48058	0.09637	0.07856	0.00958	0.00272	0.00431	0.12234	0.00556	0.00547
3	0.08656	0.01604	0.04756	0.04404	0.33092	0.08051	0.04268	0.10387	0.05639	0.02257	0.01214	0.01443	0.00966	0.00585	0.00569	0.00173	0.00708	0.00505	0.00370	0.10353
4	0.00834	0.00629	0.00887	0.00955	0.01059	0.00592	0.03517	0.01014	0.01299	0.01720	0.09614	0.47871	0.09407	0.01727	0.00783	0.00246	0.00418	0.16329	0.00566	0.00533
5	0.04165	0.01222	0.01305	0.04535	0.01566	0.04701	0.00901	0.15099	0.21647	0.13594	0.07910	0.02848	0.16002	0.00945	0.00635	0.00196	0.00520	0.00770	0.00597	0.00842
6	0.00882	0.00599	0.00713	0.00719	0.00736	0.00613	0.00434	0.00916	0.00915	0.01236	0.01953	0.07064	0.02211	0.64953	0.13029	0.00632	0.00727	0.00896	0.00374	0.00401
7	0.42987	0.01113	0.01159	0.00946	0.01372	0.01138	0.00781	0.02388	0.01395	0.38731	0.01630	0.01536	0.01087	0.00662	0.00497	0.00189	0.00497	0.00473	0.00567	0.00851
8	0.00980	0.00761	0.00958	0.00940	0.01085	0.00838	0.00708	0.01426	0.13976	0.01629	0.02447	0.03279	0.10274	0.16380	0.37564	0.00654	0.01046	0.04042	0.00427	0.00588
9	0.01979	0.01487	0.01518	0.01271	0.03748	0.11630	0.00982	0.20378	0.09150	0.17300	0.07910	0.01857	0.01567	0.00721	0.00585	0.00167	0.00611	0.00569	0.00552	0.16014
10	0.01723	0.01103	0.01197	0.00992	0.01329	0.09488	0.00779	0.01977	0.01667	0.26574	0.30309	0.02821	0.03010	0.00889	0.00625	0.00172	0.00487	0.00744	0.00612	0.13504
11	0.01427	0.01373	0.01872	0.01589	0.01633	0.01877	0.01324	0.07790	0.01110	0.01685	0.00863	0.01351	0.00825	0.01042	0.01885	0.00260	0.70558	0.00537	0.00298	0.00703
12	0.07981	0.07287	0.12752	0.01635	0.08405	0.01527	0.09380	0.17599	0.11357	0.07391	0.06002	0.01736	0.01370	0.00684	0.00591	0.00187	0.00673	0.00577	0.00465	0.02401
13	0.41487	0.01822	0.25888	0.01169	0.01740	0.01306	0.01239	0.02053	0.01250	0.15153	0.01208	0.01285	0.00850	0.00606	0.00488	0.00191	0.00626	0.00422	0.00405	0.00810
14	0.01759	0.01200	0.01279	0.01028	0.01383	0.01271	0.00830	0.37848	0.02098	0.03063	0.01649	0.01779	0.01242	0.00702	0.00524	0.00159	0.00498	0.00543	0.33276	0.07870
15	0.00807	0.00615	0.00744	0.00747	0.00898	0.00552	0.00558	0.01025	0.01525	0.02028	0.37769	0.14925	0.29175	0.01465	0.00737	0.00209	0.00319	0.04738	0.00618	0.00545
16	0.01336	0.01272	0.02162	0.40196	0.39626	0.01407	0.01790	0.01722	0.01309	0.01783	0.01120	0.01573	0.00893	0.00579	0.00609	0.00193	0.00771	0.00545	0.00288	0.00826
17	0.02119	0.01392	0.01551	0.01217	0.01635	0.01486	0.00995	0.48043	0.02444	0.14086	0.10120	0.01989	0.01706	0.00796	0.00610	0.00182	0.00574	0.00627	0.07482	0.00948
18	0.00876	0.00610	0.00762	0.00781	0.00915	0.00549	0.00564	0.01066	0.01454	0.05246	0.30050	0.31414	0.20365	0.01538	0.00739	0.00216	0.00328	0.01356	0.00616	0.00556
19	0.02280	0.01112	0.01513	0.01169	0.01597	0.01047	0.06353	0.13507	0.01841	0.45283	0.05384	0.02094	0.01597	0.00752	0.00603	0.00184	0.00542	0.00630	0.11572	0.00941
20	0.00939	0.00725	0.00900	0.07600	0.01270	0.00728	0.00714	0.03984	0.05695	0.01850	0.10064	0.26885	0.20734	0.04948	0.00829	0.00239	0.00426	0.07329	0.03563	0.00578
21	0.01824	0.07772	0.01440	0.01124	0.01473	0.03996	0.00951	0.08287	0.01636	0.26973	0.02360	0.06465	0.02111	0.01067	0.00666	0.00209	0.00572	0.24000	0.00584	0.06490

[dist]
# distance from previous block
# <min> <max>
2	17

[block]
# block no. 2 follows, 37 sequences, length 14
# corresponding to MSA columns:
# 154-167
name=unknown_C
#
# <colnr> <probs for GDERKNQSTAVLIFYWHMCP>
#	G	D	E	R	K	N	Q	S	T	A	V	L	I	F	Y	W	H	M	C	P
0	0.48900	0.01166	0.01074	0.00865	0.01311	0.01179	0.00704	0.04194	0.01193	0.02499	0.00964	0.01116	0.00769	0.00530	0.00415	0.00152	0.00473	0.00351	0.00381	0.31764
1	0.25839	0.01363	0.01895	0.02311	0.34415	0.01411	0.05990	0.05669	0.04996	0.02347	0.01147	0.01384	0.00919	0.00567	0.00534	0.00180	0.00634	0.00486	0.00364	0.07548
2	0.01343	0.01032	0.01174	0.01101	0.01346	0.01128	0.00839	0.11646	0.29909	0.04527	0.02685	0.26649	0.04227	0.01460	0.05813	0.00272	0.00546	0.02938	0.00585	0.00779
3	0.00794	0.00567	0.00766	0.00908	0.00964	0.00539	0.00652	0.00936	0.01220	0.01617	0.03347	0.63792	0.03943	0.01872	0.00794	0.00255	0.00397	0.15559	0.00567	0.00511
4	0.00811	0.00576	0.00732	0.00783	0.00850	0.00542	0.00529	0.00954	0.01294	0.01764	0.24961	0.38595	0.06196	0.17081	0.01230	0.00299	0.00381	0.01362	0.00561	0.00497
5	0.02084	0.01569	0.01687	0.01336	0.01777	0.01741	0.01089	0.55389	0.15410	0.03531	0.06610	0.01826	0.01511	0.00787	0.00622	0.00189	0.00614	0.00614	0.00618	0.00997
6	0.47651	0.01001	0.00878	0.00795	0.01102	0.01114	0.00636	0.01825	0.06598	0.05975	0.07347	0.01729	0.01419	0.00686	0.00447	0.00180	0.00418	0.00490	0.19032	0.00675
7	0.61025	0.01284	0.01127	0.00948	0.01356	0.01451	0.00782	0.16487	0.01467	0.07659	0.01081	0.01163	0.00796	0.00615	0.00442	0.00188	0.00518	0.00395	0.00452	0.00765
8	0.01665	0.01463	0.01343	0.01190	0.01485	0.17926	0.00938	0.17085	0.07088	0.07016	0.06083	0.02716	0.10295	0.01605	0.14238	0.00334	0.00849	0.05430	0.00500	0.00753
9	0.01637	0.78856	0.03208	0.01047	0.01571	0.02422	0.01047	0.01833	0.01244	0.01440	0.00851	0.00982	0.00786	0.00524	0.00393	0.00131	0.00655	0.00327	0.00262	0.00786
10	0.06221	0.02942	0.60495	0.01655	0.02456	0.07577	0.02013	0.06167	0.01408	0.02064	0.01093	0.01270	0.00786	0.00594	0.00569	0.00190	0.00882	0.00446	0.00291	0.00882
11	0.01409	0.00969	0.01292	0.13381	0.01824	0.01064	0.01062	0.07266	0.09340	0.10721	0.02304	0.05088	0.02126	0.01208	0.02799	0.00249	0.04691	0.25273	0.07209	0.00725
12	0.00852	0.00614	0.00717	0.00752	0.00906	0.00540	0.00548	0.01007	0.01358	0.05380	0.09422	0.30690	0.39383	0.01623	0.00742	0.00222	0.00344	0.03774	0.00585	0.00542
13	0.01437	0.01318	0.02117	0.32580	0.36453	0.03270	0.01708	0.01791	0.01320	0.05185	0.01156	0.01566	0.00918	0.00620	0.00703	0.00196	0.05977	0.00544	0.00310	0.00831

[dist]
# distance from previous block
# <min> <max>
0	13

[block]
# block no. 3 follows, 37 sequences, length 6
# corresponding to MSA columns:
# 181-186
name=unknown_D
#
# <colnr> <probs for GDERKNQSTAVLIFYWHMCP>
#	G	D	E	R	K	N	Q	S	T	A	V	L	I	F	Y	W	H	M	C	P
0	0.00955	0.00777	0.00873	0.00879	0.01080	0.00771	0.00681	0.01483	0.17304	0.01933	0.09798	0.13753	0.33390	0.01435	0.00728	0.00223	0.00393	0.12331	0.00588	0.00626
1	0.00980	0.00795	0.01120	0.01061	0.01126	0.00977	0.00817	0.01138	0.00956	0.01388	0.01510	0.02473	0.01502	0.17798	0.45936	0.00752	0.18133	0.00674	0.00323	0.00540
2	0.01865	0.52617	0.02713	0.01210	0.01682	0.19383	0.01092	0.09941	0.01541	0.01726	0.00943	0.01065	0.00815	0.00572	0.00454	0.00143	0.00761	0.00368	0.00314	0.00797
3	0.00851	0.00577	0.00763	0.00820	0.00892	0.00545	0.00578	0.00952	0.01261	0.01701	0.20202	0.34150	0.07849	0.06654	0.01170	0.13072	0.00395	0.06555	0.00533	0.00478
4	0.05744	0.12853	0.14992	0.09284	0.07730	0.05396	0.02956	0.07153	0.09536	0.06684	0.01344	0.01545	0.01043	0.00953	0.06372	0.00247	0.04447	0.00512	0.00378	0.00833
5	0.01366	0.05478	0.02177	0.15453	0.40724	0.01387	0.05206	0.01809	0.06825	0.01884	0.01495	0.10687	0.01366	0.00739	0.00624	0.00194	0.00691	0.00696	0.00352	0.00847

[dist]
# distance from previous block
# <min> <max>
0	1

[block]
# block no. 4 follows, 37 sequences, length 11
# corresponding to MSA columns:
# 188-198
name=unknown_E
#
# <colnr> <probs for GDERKNQSTAVLIFYWHMCP>
#	G	D	E	R	K	N	Q	S	T	A	V	L	I	F	Y	W	H	M	C	P
0	0.01304	0.01241	0.01748	0.29755	0.09629	0.07422	0.06312	0.06767	0.01384	0.01787	0.01603	0.17430	0.01553	0.01074	0.03938	0.00243	0.04943	0.00797	0.00370	0.00703
1	0.01343	0.01112	0.01441	0.01368	0.07494	0.04360	0.07018	0.02073	0.22853	0.06880	0.33126	0.03086	0.03326	0.00948	0.00669	0.00196	0.00497	0.00843	0.00586	0.00781
2	0.01670	0.02505	0.44908	0.01643	0.02381	0.01518	0.05665	0.21644	0.01779	0.08523	0.01318	0.01427	0.00919	0.00635	0.00601	0.00191	0.00816	0.00508	0.00401	0.00950
3	0.01143	0.00857	0.01039	0.00982	0.03675	0.00849	0.00720	0.14825	0.01863	0.02550	0.44672	0.08287	0.13712	0.01206	0.00701	0.00196	0.00385	0.01042	0.00629	0.00667
4	0.82811	0.01184	0.00900	0.00805	0.01184	0.01373	0.00663	0.01799	0.01042	0.02746	0.00852	0.00994	0.00663	0.00568	0.00379	0.00189	0.00474	0.00331	0.00379	0.00663
5	0.01395	0.02454	0.45944	0.01626	0.02341	0.01429	0.07865	0.13587	0.05342	0.02262	0.01738	0.01849	0.08010	0.00708	0.00615	0.00195	0.00798	0.00586	0.00370	0.00886
6	0.00859	0.00642	0.00809	0.00882	0.00975	0.00632	0.00617	0.01190	0.09704	0.01850	0.16874	0.55176	0.04126	0.01664	0.00751	0.00233	0.00357	0.01497	0.00595	0.00567
7	0.01206	0.01032	0.01634	0.21342	0.09612	0.01100	0.07832	0.07329	0.01497	0.01991	0.08317	0.08247	0.03993	0.01078	0.00712	0.00225	0.00656	0.21050	0.00451	0.00695
8	0.01441	0.01696	0.18013	0.01681	0.02176	0.01357	0.20673	0.02202	0.19124	0.08306	0.01839	0.10642	0.01532	0.00826	0.00745	0.00211	0.05493	0.00754	0.00442	0.00849
9	0.01335	0.01311	0.02003	0.01548	0.01869	0.01426	0.15339	0.01595	0.01159	0.01760	0.00994	0.01376	0.00866	0.00736	0.01188	0.00191	0.34219	0.00510	0.00311	0.30265
10	0.08784	0.01590	0.01802	0.01833	0.15815	0.08665	0.01265	0.25430	0.07783	0.02585	0.01362	0.01701	0.01115	0.00782	0.00828	0.00202	0.13360	0.03777	0.00446	0.00874

[dist]
# distance from previous block
# <min> <max>
0	3

[block]
# block no. 5 follows, 37 sequences, length 10
# corresponding to MSA columns:
# 202-211
name=unknown_F
#
# <colnr> <probs for GDERKNQSTAVLIFYWHMCP>
#	G	D	E	R	K	N	Q	S	T	A	V	L	I	F	Y	W	H	M	C	P
0	0.73501	0.01167	0.00960	0.00838	0.01228	0.01318	0.00690	0.01937	0.01124	0.11160	0.01034	0.01121	0.00762	0.00590	0.00406	0.00189	0.00479	0.00365	0.00423	0.00707
1	0.01990	0.10290	0.01654	0.01192	0.01612	0.01477	0.00977	0.10141	0.36064	0.24602	0.02172	0.01988	0.01550	0.00763	0.00593	0.00191	0.00535	0.00612	0.00621	0.00977
2	0.00951	0.00727	0.00819	0.00720	0.00983	0.00612	0.00551	0.01186	0.01434	0.02027	0.21497	0.03928	0.28999	0.01091	0.00616	0.00166	0.00336	0.00918	0.12222	0.20217
3	0.01377	0.01121	0.01240	0.01145	0.01423	0.01248	0.00889	0.09201	0.43214	0.02473	0.10047	0.13933	0.02640	0.01090	0.00672	0.00215	0.00469	0.06152	0.00615	0.00835
4	0.01702	0.00947	0.01059	0.00888	0.01177	0.00966	0.00708	0.19755	0.01803	0.15405	0.07236	0.02209	0.01734	0.00766	0.00529	0.00165	0.00425	0.00613	0.41140	0.00773
5	0.13136	0.01010	0.01120	0.01028	0.01283	0.01061	0.00793	0.21539	0.01697	0.07786	0.02470	0.34334	0.04367	0.01282	0.00665	0.00218	0.00484	0.04441	0.00567	0.00719
6	0.06396	0.01849	0.28507	0.01275	0.01827	0.01227	0.01349	0.14613	0.01639	0.14164	0.01627	0.01869	0.01207	0.00710	0.00563	0.00185	0.00644	0.03597	0.15894	0.00859
7	0.00896	0.00595	0.00705	0.00705	0.00723	0.00602	0.00423	0.00901	0.00909	0.01215	0.01982	0.03755	0.04575	0.62994	0.09746	0.06992	0.00676	0.00854	0.00366	0.00384
8	0.01497	0.00793	0.01057	0.00926	0.01130	0.00781	0.00703	0.01684	0.01385	0.25116	0.19361	0.03132	0.02665	0.19168	0.13548	0.00415	0.04607	0.00798	0.00555	0.00678
9	0.35542	0.05206	0.01424	0.01166	0.06550	0.01275	0.03507	0.06357	0.01293	0.02402	0.01012	0.01184	0.00812	0.00532	0.00450	0.00151	0.00527	0.00386	0.00374	0.29849

[dist]
# distance from previous block
# <min> <max>
0	16

[block]
# block no. 6 follows, 37 sequences, length 9
# corresponding to MSA columns:
# 228-236
name=unknown_G
#
# <colnr> <probs for GDERKNQSTAVLIFYWHMCP>
#	G	D	E	R	K	N	Q	S	T	A	V	L	I	F	Y	W	H	M	C	P
0	0.01859	0.12317	0.06778	0.01744	0.07301	0.01638	0.17789	0.24181	0.01871	0.09966	0.01351	0.01483	0.00996	0.00611	0.00593	0.00175	0.00738	0.00545	0.00445	0.07618
1	0.02015	0.01485	0.01718	0.01584	0.09865	0.01623	0.01152	0.34831	0.25827	0.10509	0.01867	0.01805	0.01354	0.00748	0.00615	0.00192	0.00602	0.00603	0.00596	0.01009
2	0.01299	0.01280	0.01798	0.01553	0.01563	0.01779	0.01290	0.01440	0.00941	0.01469	0.00876	0.01432	0.00866	0.01376	0.08423	0.00330	0.70808	0.00546	0.00273	0.00659
3	0.00890	0.00600	0.00725	0.00748	0.00879	0.00560	0.00557	0.01120	0.01445	0.02068	0.28394	0.19455	0.14578	0.01347	0.00679	0.00202	0.00326	0.06412	0.18467	0.00549
4	0.00749	0.00554	0.00700	0.00806	0.00878	0.00505	0.00550	0.00874	0.01245	0.01630	0.07973	0.60838	0.16833	0.01813	0.00767	0.00238	0.00343	0.01623	0.00574	0.00505
5	0.01583	0.01201	0.01322	0.01107	0.01435	0.01286	0.00879	0.32693	0.12899	0.02959	0.21295	0.05977	0.10694	0.01023	0.00662	0.00195	0.00491	0.00848	0.00623	0.00829
6	0.71029	0.01163	0.00976	0.00847	0.01240	0.01304	0.00698	0.01974	0.01146	0.13393	0.01082	0.01155	0.00788	0.00596	0.00414	0.00189	0.00480	0.00373	0.00435	0.00719
7	0.01712	0.09207	0.01562	0.01133	0.01466	0.01504	0.00898	0.33796	0.12702	0.02678	0.01761	0.05514	0.01549	0.17858	0.01143	0.00273	0.00599	0.00677	0.03149	0.00818
8	0.02278	0.01630	0.14837	0.01285	0.01817	0.05242	0.01198	0.10581	0.08949	0.42687	0.01999	0.01839	0.01324	0.00724	0.00606	0.00190	0.00635	0.00574	0.00614	0.00992

[dist]
# distance from previous block
# <min> <max>
0	1

[block]
# block no. 7 follows, 37 sequences, length 18
# corresponding to MSA columns:
# 238-245,254-263
name=unknown_H
#
# <colnr> <probs for GDERKNQSTAVLIFYWHMCP>
#	G	D	E	R	K	N	Q	S	T	A	V	L	I	F	Y	W	H	M	C	P
0	0.07992	0.45120	0.07126	0.01069	0.01563	0.01871	0.01031	0.04555	0.05538	0.10428	0.01602	0.01623	0.06897	0.00667	0.00478	0.00159	0.00604	0.00477	0.00388	0.00812
1	0.51758	0.01516	0.01221	0.01161	0.04574	0.15720	0.00876	0.01854	0.01174	0.02277	0.00926	0.01188	0.00777	0.02993	0.02135	0.00218	0.08209	0.00396	0.00351	0.00675
2	0.01684	0.01375	0.01928	0.02387	0.34473	0.01443	0.01417	0.16823	0.14361	0.06066	0.01761	0.02304	0.01470	0.00780	0.00639	0.00199	0.00644	0.08829	0.00477	0.00940
3	0.00764	0.00594	0.00695	0.00728	0.00866	0.00525	0.00524	0.00935	0.01405	0.01814	0.21361	0.28046	0.36366	0.01594	0.00741	0.00216	0.00319	0.01388	0.00593	0.00525
4	0.01056	0.00623	0.00679	0.00659	0.00816	0.00612	0.00496	0.01399	0.04686	0.02303	0.22284	0.03143	0.07346	0.00920	0.00537	0.00163	0.00297	0.00770	0.50625	0.00587
5	0.00746	0.00598	0.00667	0.00698	0.00853	0.00519	0.00505	0.00904	0.01377	0.01725	0.13505	0.24380	0.48154	0.01610	0.00738	0.00216	0.00319	0.01386	0.00581	0.00519
6	0.00980	0.00582	0.00856	0.00856	0.00896	0.00623	0.00605	0.00914	0.00874	0.01205	0.01346	0.02235	0.01330	0.09220	0.29608	0.45646	0.00945	0.00606	0.00297	0.00378
7	0.01256	0.01617	0.17640	0.43648	0.20554	0.01395	0.01862	0.01718	0.01279	0.01747	0.01105	0.01532	0.00844	0.00590	0.00604	0.00197	0.00814	0.00525	0.00276	0.00796
8	0.01333	0.01063	0.01484	0.14842	0.14909	0.01140	0.01131	0.02027	0.20255	0.07246	0.24754	0.02743	0.02736	0.00869	0.00649	0.00196	0.00527	0.00766	0.00529	0.00799
9	0.01816	0.01455	0.01862	0.15242	0.12323	0.01650	0.01341	0.39089	0.02080	0.02818	0.01320	0.01569	0.01011	0.01015	0.06648	0.00256	0.06589	0.00556	0.00460	0.00900
10	0.01658	0.60530	0.04601	0.01118	0.01623	0.02232	0.01074	0.06915	0.11782	0.01780	0.01136	0.01211	0.00959	0.00584	0.00446	0.00147	0.00637	0.00398	0.00338	0.00832
11	0.00991	0.00542	0.00790	0.00828	0.00844	0.00534	0.00566	0.00836	0.00913	0.01214	0.01681	0.18388	0.01841	0.02057	0.01960	0.60008	0.00496	0.04832	0.00347	0.00332
12	0.02134	0.01983	0.02207	0.01715	0.02186	0.22358	0.18423	0.30708	0.02127	0.08135	0.01340	0.01458	0.00979	0.00655	0.00622	0.00182	0.00869	0.00554	0.00467	0.00897
13	0.00953	0.00586	0.00682	0.00689	0.00819	0.00557	0.00505	0.01201	0.01424	0.02178	0.27071	0.16198	0.08141	0.01155	0.00607	0.00182	0.00300	0.00999	0.35196	0.00557
14	0.00947	0.00830	0.01426	0.01226	0.01440	0.00771	0.17575	0.01208	0.01417	0.01932	0.24529	0.34431	0.07017	0.01367	0.00747	0.00220	0.00493	0.01287	0.00539	0.00600
15	0.01269	0.01244	0.01738	0.01518	0.01522	0.01712	0.01248	0.01400	0.00965	0.01484	0.01107	0.10388	0.01186	0.01171	0.01864	0.00266	0.68287	0.00678	0.00303	0.00649
16	0.00841	0.00678	0.00856	0.09698	0.01267	0.00645	0.00663	0.01089	0.01533	0.02018	0.37463	0.04772	0.33644	0.01300	0.00710	0.00200	0.00360	0.01117	0.00583	0.00564
17	0.00854	0.00880	0.09565	0.01016	0.01177	0.00650	0.00857	0.01069	0.01237	0.01664	0.03077	0.53872	0.03551	0.01712	0.00771	0.00249	0.00464	0.16244	0.00531	0.00559

[dist]
# distance from previous block
# <min> <max>
2	6

[block]
# block no. 8 follows, 37 sequences, length 10
# corresponding to MSA columns:
# 270-279
name=unknown_I
#
# <colnr> <probs for GDERKNQSTAVLIFYWHMCP>
#	G	D	E	R	K	N	Q	S	T	A	V	L	I	F	Y	W	H	M	C	P
0	0.43016	0.06720	0.04186	0.01288	0.08538	0.07323	0.00978	0.07558	0.01392	0.12244	0.01156	0.01247	0.00859	0.00607	0.00473	0.00182	0.00598	0.00417	0.00423	0.00794
1	0.19203	0.01599	0.19455	0.06295	0.01863	0.01172	0.01186	0.02023	0.07015	0.14109	0.01715	0.01767	0.05986	0.00675	0.00538	0.00179	0.00597	0.00521	0.00434	0.13668
2	0.00799	0.00618	0.00729	0.00712	0.00876	0.00547	0.00530	0.01021	0.01557	0.02065	0.41481	0.09633	0.34391	0.01417	0.00726	0.00202	0.00302	0.01223	0.00623	0.00547
3	0.06493	0.02013	0.01605	0.01373	0.01756	0.31845	0.01074	0.18078	0.15633	0.11796	0.01540	0.01530	0.01137	0.00705	0.00578	0.00179	0.00782	0.00511	0.00500	0.00872
4	0.02243	0.10451	0.01739	0.01182	0.01634	0.01522	0.00993	0.36083	0.02182	0.24488	0.01733	0.01681	0.01208	0.00714	0.00568	0.00175	0.00585	0.00546	0.09312	0.00961
5	0.00772	0.00605	0.00686	0.00718	0.00861	0.00536	0.00521	0.00927	0.01347	0.01699	0.12864	0.20924	0.42137	0.07673	0.00931	0.00249	0.00353	0.05122	0.00565	0.00511
6	0.06174	0.01198	0.01466	0.01150	0.01608	0.01168	0.00943	0.15174	0.10199	0.50945	0.02187	0.01949	0.01434	0.00753	0.00605	0.00191	0.00541	0.00600	0.00699	0.01016
7	0.00983	0.00684	0.00837	0.00761	0.00972	0.00600	0.00580	0.01232	0.01613	0.07142	0.46419	0.04529	0.23355	0.01243	0.00697	0.00189	0.00321	0.01072	0.00630	0.06141
8	0.01339	0.01339	0.01875	0.01607	0.01607	0.01875	0.01339	0.01473	0.00937	0.01473	0.00804	0.01339	0.00804	0.01071	0.02009	0.00268	0.77367	0.00536	0.00268	0.00670
9	0.01269	0.01088	0.01269	0.00907	0.01451	0.00816	0.00725	0.01541	0.01269	0.01995	0.01088	0.01269	0.00907	0.00453	0.00453	0.00091	0.00453	0.00363	0.00363	0.82229

[dist]
# distance from previous block
# <min> <max>
0	8

[block]
# block no. 9 follows, 37 sequences, length 8
# corresponding to MSA columns:
# 288-295
name=unknown_J
#
# <colnr> <probs for GDERKNQSTAVLIFYWHMCP>
#	G	D	E	R	K	N	Q	S	T	A	V	L	I	F	Y	W	H	M	C	P
0	0.02093	0.01520	0.01660	0.01294	0.01767	0.01624	0.01056	0.47187	0.13849	0.08709	0.01653	0.01619	0.01191	0.00715	0.00594	0.00176	0.00604	0.00554	0.00592	0.11543
1	0.82811	0.01184	0.00900	0.00805	0.01184	0.01373	0.00663	0.01799	0.01042	0.02746	0.00852	0.00994	0.00663	0.00568	0.00379	0.00189	0.00474	0.00331	0.00379	0.00663
2	0.01618	0.01350	0.02115	0.13538	0.44087	0.01403	0.01620	0.11285	0.01594	0.07342	0.01435	0.01980	0.01192	0.00683	0.00627	0.00193	0.00706	0.05928	0.00392	0.00912
3	0.01014	0.00648	0.00886	0.00988	0.01105	0.00618	0.00772	0.01205	0.01320	0.07785	0.03238	0.41711	0.03616	0.01726	0.00795	0.00258	0.00457	0.30707	0.00582	0.00571
4	0.02315	0.00924	0.01219	0.00969	0.01358	0.00815	0.00789	0.02564	0.01662	0.56369	0.07247	0.02291	0.01816	0.00783	0.00587	0.00181	0.00460	0.00641	0.16089	0.00921
5	0.00814	0.00569	0.00725	0.00814	0.00854	0.00546	0.00543	0.00912	0.01138	0.01522	0.06901	0.46665	0.03567	0.24446	0.01471	0.00350	0.00438	0.06740	0.00516	0.00470
6	0.02086	0.01595	0.01701	0.01360	0.01806	0.01786	0.01105	0.51817	0.24082	0.03469	0.01776	0.01714	0.01289	0.00764	0.00616	0.00191	0.00617	0.00593	0.00616	0.01019
7	0.18497	0.00782	0.00828	0.00776	0.00979	0.00807	0.00595	0.04983	0.01506	0.02480	0.34263	0.09289	0.03440	0.01025	0.00588	0.00186	0.00353	0.00856	0.17157	0.00611

[dist]
# distance from previous block
# <min> <max>
1	2

[block]
# block no. 10 follows, 37 sequences, length 23
# corresponding to MSA columns:
# 300-322
name=unknown_K
#
# <colnr> <probs for GDERKNQSTAVLIFYWHMCP>
#	G	D	E	R	K	N	Q	S	T	A	V	L	I	F	Y	W	H	M	C	P
0	0.01520	0.01584	0.10029	0.37101	0.11337	0.07198	0.01593	0.09411	0.06922	0.05512	0.01295	0.01594	0.00963	0.00639	0.00604	0.00194	0.00784	0.00538	0.00363	0.00818
1	0.01637	0.78856	0.03208	0.01047	0.01571	0.02422	0.01047	0.01833	0.01244	0.01440	0.00851	0.00982	0.00786	0.00524	0.00393	0.00131	0.00655	0.00327	0.00262	0.00786
2	0.31167	0.01389	0.01567	0.25275	0.09279	0.10044	0.03207	0.01785	0.01224	0.02052	0.01000	0.01325	0.00791	0.00618	0.00600	0.00194	0.05171	0.00454	0.02155	0.00706
3	0.01521	0.01345	0.01737	0.10328	0.20457	0.01506	0.01291	0.06232	0.43599	0.02373	0.01943	0.01975	0.01481	0.00729	0.00617	0.00199	0.00593	0.00631	0.00502	0.00941
4	0.00767	0.00558	0.00726	0.00840	0.00906	0.00517	0.00584	0.00902	0.01250	0.01656	0.09122	0.61411	0.10823	0.01818	0.00775	0.00242	0.00358	0.05658	0.00576	0.00509
5	0.01215	0.01101	0.01818	0.45475	0.21685	0.01253	0.01549	0.01591	0.01327	0.01815	0.09312	0.01966	0.01450	0.00672	0.00612	0.00194	0.00705	0.00609	0.04915	0.00737
6	0.00824	0.00589	0.00800	0.00942	0.01012	0.00565	0.00704	0.00988	0.01249	0.01650	0.03331	0.54927	0.03878	0.01844	0.00802	0.00259	0.00423	0.24128	0.00567	0.00519
7	0.01063	0.00532	0.00797	0.00797	0.00797	0.00532	0.00532	0.00797	0.00797	0.01063	0.01063	0.01861	0.01063	0.02127	0.02392	0.82190	0.00532	0.00532	0.00266	0.00266
8	0.01941	0.43305	0.02518	0.01295	0.01721	0.36882	0.01111	0.02119	0.01474	0.01467	0.00896	0.01039	0.00787	0.00574	0.00467	0.00143	0.00865	0.00359	0.00287	0.00750
9	0.00746	0.00533	0.00710	0.00852	0.00888	0.00497	0.00568	0.00852	0.01172	0.01563	0.03374	0.78088	0.04049	0.01918	0.00781	0.00249	0.00355	0.01740	0.00568	0.00497
10	0.01282	0.00888	0.01066	0.00979	0.01218	0.00913	0.00759	0.02007	0.24211	0.10493	0.36024	0.07627	0.03857	0.01125	0.00689	0.00205	0.00395	0.04862	0.00655	0.00747
11	0.01430	0.01571	0.08543	0.19448	0.47004	0.03522	0.05965	0.01836	0.01361	0.01883	0.01132	0.01518	0.00912	0.00564	0.00611	0.00188	0.00790	0.00543	0.00293	0.00885
12	0.73701	0.01130	0.00909	0.00841	0.01193	0.01299	0.00699	0.01740	0.01083	0.02645	0.01118	0.01652	0.00981	0.00693	0.00431	0.00200	0.00484	0.08149	0.00399	0.00652
13	0.01156	0.01088	0.01836	0.77016	0.04216	0.01360	0.01700	0.01564	0.01224	0.01564	0.01088	0.01632	0.00816	0.00612	0.00612	0.00204	0.00816	0.00544	0.00272	0.00680
14	0.01133	0.00752	0.00841	0.00785	0.01002	0.00705	0.00589	0.08001	0.01443	0.04363	0.03059	0.22067	0.16812	0.01163	0.00604	0.00182	0.00371	0.00990	0.25447	0.09692
15	0.08876	0.01150	0.01441	0.01113	0.01582	0.01081	0.00920	0.12983	0.01860	0.59177	0.02157	0.01910	0.01381	0.00740	0.00597	0.00189	0.00539	0.00584	0.00707	0.01012
16	0.00938	0.00707	0.00946	0.00923	0.00974	0.00812	0.00668	0.01055	0.00957	0.01343	0.01742	0.03177	0.01838	0.36085	0.32917	0.00704	0.09570	0.03809	0.00350	0.00485
17	0.00915	0.00680	0.00784	0.00742	0.00940	0.00618	0.00562	0.01224	0.05764	0.05021	0.35873	0.04946	0.36992	0.01345	0.00713	0.00200	0.00319	0.01148	0.00626	0.00591
18	0.01511	0.01440	0.01797	0.30618	0.08883	0.08940	0.03909	0.07217	0.25004	0.02094	0.01569	0.01771	0.01189	0.00685	0.00613	0.00197	0.00727	0.00584	0.00419	0.00832
19	0.01359	0.01255	0.02014	0.37623	0.30026	0.01361	0.01632	0.05105	0.01372	0.01885	0.01130	0.01540	0.00894	0.00575	0.00592	0.00182	0.00736	0.00525	0.00310	0.09885
20	0.00763	0.00572	0.00708	0.00778	0.00878	0.00517	0.00544	0.00916	0.01334	0.01755	0.17551	0.46010	0.22045	0.01699	0.00756	0.00227	0.00331	0.01507	0.00588	0.00517
21	0.01410	0.11989	0.22709	0.01757	0.11876	0.04685	0.08772	0.01869	0.04266	0.04670	0.01747	0.01892	0.09104	0.00692	0.00621	0.00179	0.02881	0.00578	0.00351	0.07953
22	0.08394	0.01385	0.01913	0.03336	0.21910	0.05459	0.08949	0.01905	0.04819	0.05722	0.01212	0.01447	0.00969	0.00578	0.00634	0.00164	0.05123	0.00493	0.00365	0.25222

[dist]
# distance from previous block
# <min> <max>
0	13

[block]
# block no. 11 follows, 37 sequences, length 9
# corresponding to MSA columns:
# 336-344
name=unknown_L
#
# <colnr> <probs for GDERKNQSTAVLIFYWHMCP>
#	G	D	E	R	K	N	Q	S	T	A	V	L	I	F	Y	W	H	M	C	P
0	0.12466	0.01962	0.30451	0.07031	0.02121	0.01298	0.01448	0.08035	0.05595	0.05528	0.04807	0.01542	0.01147	0.00630	0.00550	0.00177	0.00677	0.00490	0.00386	0.13658
1	0.09236	0.00957	0.01140	0.00934	0.01304	0.00879	0.00745	0.02074	0.07789	0.27834	0.17732	0.02763	0.09254	0.00878	0.00601	0.00177	0.00433	0.00724	0.00611	0.13933
2	0.01557	0.05978	0.27327	0.01564	0.05699	0.08114	0.03456	0.16608	0.06985	0.02401	0.12574	0.01897	0.01698	0.00733	0.00606	0.00186	0.00731	0.00592	0.00431	0.00865
3	0.07505	0.01195	0.05010	0.01218	0.01517	0.01187	0.07093	0.17290	0.07008	0.02353	0.04569	0.19107	0.06006	0.03486	0.00811	0.00225	0.04979	0.04391	0.04318	0.00731
4	0.00840	0.00613	0.00755	0.00737	0.00884	0.00557	0.00546	0.01084	0.01589	0.02199	0.50117	0.11553	0.19470	0.01347	0.00713	0.00198	0.00299	0.01176	0.04765	0.00557
5	0.01125	0.00838	0.01205	0.05233	0.16139	0.00822	0.00936	0.01380	0.01410	0.05451	0.17910	0.07579	0.10466	0.08553	0.00918	0.00244	0.00494	0.11997	0.06649	0.00652
6	0.00941	0.00569	0.00771	0.00796	0.00839	0.00561	0.00546	0.00873	0.00970	0.01277	0.02209	0.12644	0.09908	0.13456	0.07590	0.40331	0.00579	0.04390	0.00373	0.00375
7	0.02192	0.01657	0.01812	0.01416	0.01854	0.01873	0.01167	0.62189	0.07067	0.03571	0.01475	0.01509	0.01071	0.00770	0.00734	0.00192	0.07304	0.00558	0.00583	0.01004
8	0.06859	0.01453	0.02090	0.01683	0.06458	0.05626	0.20579	0.07150	0.03347	0.02114	0.01149	0.01410	0.00920	0.00582	0.00697	0.00165	0.07747	0.00511	0.00360	0.29100

[dist]
# distance from previous block
# <min> <max>
0	1

[block]
# block no. 12 follows, 37 sequences, length 11
# corresponding to MSA columns:
# 346-356
name=unknown_M
#
# <colnr> <probs for GDERKNQSTAVLIFYWHMCP>
#	G	D	E	R	K	N	Q	S	T	A	V	L	I	F	Y	W	H	M	C	P
0	0.01797	0.32269	0.04410	0.01642	0.11928	0.14795	0.04583	0.07973	0.04356	0.06056	0.01235	0.04146	0.01046	0.00642	0.00526	0.00163	0.00744	0.00494	0.00363	0.00836
1	0.82811	0.01184	0.00900	0.00805	0.01184	0.01373	0.00663	0.01799	0.01042	0.02746	0.00852	0.00994	0.00663	0.00568	0.00379	0.00189	0.00474	0.00331	0.00379	0.00663
2	0.10044	0.15869	0.08828	0.01514	0.04624	0.08933	0.09503	0.13247	0.15670	0.02312	0.01406	0.01576	0.01104	0.00661	0.00559	0.00182	0.00717	0.01975	0.00417	0.00859
3	0.01384	0.01138	0.01465	0.21488	0.02116	0.04763	0.01122	0.05775	0.07930	0.07626	0.05122	0.10269	0.01719	0.09567	0.01178	0.00259	0.15209	0.00749	0.00426	0.00697
4	0.00876	0.00648	0.00943	0.00943	0.01039	0.00743	0.00715	0.01067	0.00972	0.01391	0.01677	0.02610	0.01619	0.14060	0.66714	0.00934	0.01506	0.00686	0.00333	0.00524
5	0.11243	0.01004	0.01215	0.01048	0.01395	0.00985	0.00837	0.04400	0.11525	0.36996	0.02443	0.15631	0.02030	0.01011	0.00634	0.00208	0.00489	0.05400	0.00645	0.00861
6	0.00816	0.00577	0.00783	0.00848	0.00914	0.00570	0.00593	0.00954	0.01206	0.01656	0.16032	0.42119	0.03647	0.07066	0.15241	0.04036	0.00609	0.01311	0.00517	0.00503
7	0.11603	0.01032	0.01329	0.01107	0.01388	0.01097	0.07394	0.08260	0.07633	0.08269	0.24496	0.02617	0.02631	0.00891	0.00718	0.00193	0.06675	0.00733	0.11204	0.00730
8	0.07742	0.00941	0.01141	0.01043	0.01171	0.01097	0.00803	0.06068	0.06328	0.01908	0.12751	0.03097	0.02284	0.21669	0.07592	0.00384	0.16783	0.06153	0.00441	0.00604
9	0.55739	0.01409	0.01180	0.01012	0.01386	0.08264	0.00824	0.10970	0.01381	0.07479	0.01040	0.01154	0.00786	0.00633	0.00523	0.00190	0.04470	0.00394	0.00422	0.00741
10	0.01863	0.05395	0.05627	0.06666	0.14726	0.12602	0.01322	0.18638	0.04773	0.09373	0.01359	0.01603	0.01066	0.04353	0.00836	0.00207	0.07756	0.00537	0.00429	0.00868

[dist]
# distance from previous block
# <min> <max>
0	1

[block]
# block no. 13 follows, 37 sequences, length 7
# corresponding to MSA columns:
# 358-364
name=unknown_N
#
# <colnr> <probs for GDERKNQSTAVLIFYWHMCP>
#	G	D	E	R	K	N	Q	S	T	A	V	L	I	F	Y	W	H	M	C	P
0	0.10141	0.17964	0.07660	0.06751	0.01923	0.08042	0.05969	0.01835	0.05514	0.01776	0.03513	0.01412	0.01024	0.00750	0.00951	0.00201	0.23019	0.00493	0.00320	0.00740
1	0.00991	0.00639	0.00796	0.00792	0.00952	0.00570	0.00580	0.01180	0.01466	0.09696	0.26091	0.28327	0.22631	0.01491	0.00730	0.00214	0.00340	0.01307	0.00621	0.00585
2	0.01745	0.09920	0.10359	0.01414	0.01911	0.01684	0.07202	0.28905	0.19971	0.02749	0.01912	0.01910	0.06061	0.00754	0.00605	0.00189	0.00657	0.00615	0.00509	0.00927
3	0.01074	0.00735	0.00902	0.00855	0.01043	0.00708	0.00641	0.01501	0.10970	0.08363	0.39282	0.16301	0.12635	0.01299	0.00710	0.00205	0.00347	0.01137	0.00645	0.00647
4	0.01043	0.00849	0.01265	0.22077	0.11346	0.00938	0.00982	0.01230	0.01059	0.01426	0.01560	0.02827	0.01587	0.37621	0.11297	0.00482	0.00804	0.00721	0.00329	0.00556
5	0.10441	0.15635	0.16587	0.06674	0.02016	0.10756	0.01313	0.17959	0.05463	0.02308	0.01266	0.04676	0.01031	0.00685	0.00543	0.00179	0.00733	0.00508	0.00393	0.00834
6	0.10440	0.01056	0.01243	0.01089	0.01425	0.01082	0.00894	0.09886	0.13541	0.23922	0.10928	0.03226	0.02355	0.00999	0.00651	0.00211	0.00507	0.15080	0.00629	0.00835

[dist]
# distance from previous block
# <min> <max>
0	1

[block]
# block no. 14 follows, 37 sequences, length 10
# corresponding to MSA columns:
# 366,420,421,424-430
name=unknown_O
#
# <colnr> <probs for GDERKNQSTAVLIFYWHMCP>
#	G	D	E	R	K	N	Q	S	T	A	V	L	I	F	Y	W	H	M	C	P
0	0.01899	0.15821	0.05483	0.01369	0.03281	0.19631	0.01129	0.09304	0.24963	0.08652	0.01622	0.01604	0.01229	0.00693	0.00560	0.00177	0.00712	0.00519	0.00470	0.00883
1	0.30143	0.06408	0.01468	0.01118	0.01538	0.13864	0.00914	0.12801	0.01640	0.22582	0.01391	0.01383	0.00983	0.00653	0.00509	0.00180	0.00633	0.00453	0.00500	0.00839
2	0.01468	0.08388	0.36087	0.04969	0.15189	0.05202	0.10787	0.07176	0.01462	0.02020	0.01126	0.01369	0.00851	0.00577	0.00591	0.00186	0.00859	0.00501	0.00303	0.00889
3	0.01290	0.08934	0.01261	0.06102	0.01396	0.00935	0.00767	0.01592	0.05491	0.11049	0.05393	0.20300	0.10231	0.01051	0.00605	0.00180	0.00451	0.00897	0.06541	0.15533
4	0.01190	0.00716	0.00918	0.00902	0.01070	0.00682	0.00663	0.01495	0.08112	0.13841	0.18227	0.34109	0.07145	0.01473	0.00806	0.04331	0.00391	0.02680	0.00611	0.00638
5	0.26270	0.00872	0.00938	0.00862	0.01134	0.00881	0.00666	0.01790	0.01303	0.21705	0.02159	0.23758	0.01996	0.01029	0.00565	0.00200	0.00426	0.00848	0.11891	0.00704
6	0.01498	0.23844	0.06333	0.06368	0.01749	0.07145	0.01091	0.03509	0.19384	0.04085	0.05217	0.02182	0.08212	0.00809	0.00635	0.00183	0.04465	0.02067	0.00432	0.00793
7	0.00986	0.00692	0.00904	0.07638	0.01280	0.00679	0.00734	0.01255	0.03693	0.05637	0.16211	0.24811	0.15568	0.01420	0.00720	0.00221	0.00415	0.11099	0.05449	0.00588
8	0.02883	0.12135	0.30281	0.09127	0.06223	0.01544	0.05690	0.08251	0.08181	0.02123	0.06667	0.01664	0.01294	0.00658	0.00583	0.00187	0.00748	0.00543	0.00364	0.00855
9	0.01237	0.00991	0.01356	0.01247	0.01313	0.01242	0.01002	0.01397	0.01124	0.06642	0.01881	0.21424	0.01977	0.01286	0.01361	0.00248	0.39115	0.06842	0.07682	0.00633

[dist]
# distance from previous block
# <min> <max>
0	3

[block]
# block no. 15 follows, 37 sequences, length 12
# corresponding to MSA columns:
# 434-445
name=unknown_P
#
# <colnr> <probs for GDERKNQSTAVLIFYWHMCP>
#	G	D	E	R	K	N	Q	S	T	A	V	L	I	F	Y	W	H	M	C	P
0	0.05934	0.05826	0.01583	0.05341	0.11361	0.01216	0.01010	0.08281	0.10067	0.05629	0.01521	0.07737	0.01302	0.00689	0.00543	0.00156	0.00541	0.00573	0.00434	0.30256
1	0.10394	0.02920	0.01816	0.01948	0.22835	0.01362	0.05062	0.18719	0.01693	0.10776	0.01596	0.08725	0.01369	0.04088	0.03785	0.00240	0.00676	0.00666	0.00465	0.00865
2	0.01325	0.01260	0.02141	0.42581	0.37332	0.01404	0.01784	0.01712	0.01304	0.01769	0.01118	0.01577	0.00888	0.00581	0.00609	0.00194	0.00774	0.00545	0.00287	0.00816
3	0.00940	0.00644	0.00780	0.00733	0.00914	0.00577	0.00554	0.01186	0.01611	0.06183	0.46545	0.04720	0.25862	0.01288	0.00702	0.00194	0.00308	0.01110	0.04566	0.00584
4	0.01891	0.02232	0.01773	0.01557	0.01803	0.45462	0.04833	0.02155	0.05420	0.01606	0.01078	0.01339	0.00913	0.00856	0.03072	0.00212	0.18790	0.00475	0.03822	0.00710
5	0.01661	0.11074	0.02075	0.05353	0.01953	0.01376	0.18436	0.06308	0.08496	0.14139	0.01646	0.01802	0.01225	0.00673	0.00642	0.00182	0.04344	0.00592	0.17209	0.00815
6	0.01791	0.00831	0.01073	0.00911	0.01222	0.00731	0.00723	0.02007	0.01590	0.38662	0.13751	0.06453	0.16652	0.04613	0.00779	0.00217	0.00439	0.04153	0.02614	0.00785
7	0.01848	0.00877	0.01104	0.00927	0.01242	0.00822	0.00736	0.02262	0.09120	0.35665	0.19882	0.02750	0.02601	0.00877	0.00606	0.00183	0.00415	0.00735	0.16519	0.00829
8	0.00868	0.00591	0.00717	0.00737	0.00767	0.00595	0.00461	0.00906	0.00963	0.01287	0.02273	0.14051	0.06081	0.50922	0.11912	0.04400	0.00676	0.00982	0.00398	0.00413
9	0.01554	0.00816	0.01034	0.00942	0.01207	0.00753	0.00732	0.01879	0.07636	0.28241	0.08994	0.21239	0.15369	0.01276	0.00698	0.00214	0.00426	0.05594	0.00649	0.00748
10	0.10905	0.04263	0.05333	0.01260	0.01664	0.12158	0.03767	0.04710	0.29295	0.03666	0.04107	0.01983	0.01510	0.00743	0.00573	0.00184	0.00622	0.03556	0.00482	0.09219
11	0.23694	0.23736	0.07807	0.01077	0.01531	0.07823	0.00992	0.03512	0.02905	0.12936	0.07531	0.01533	0.01321	0.00658	0.00489	0.00171	0.00609	0.00467	0.00422	0.00785

[dist]
# distance from previous block
# <min> <max>
1	26

[block]
# block no. 16 follows, 37 sequences, length 19
# corresponding to MSA columns:
# 472-490
name=unknown_Q
#
# <colnr> <probs for GDERKNQSTAVLIFYWHMCP>
#	G	D	E	R	K	N	Q	S	T	A	V	L	I	F	Y	W	H	M	C	P
0	0.01084	0.00734	0.00991	0.04988	0.01179	0.00803	0.00713	0.01265	0.03927	0.07208	0.01983	0.14674	0.02036	0.24485	0.22064	0.04478	0.05554	0.00874	0.00414	0.00545
1	0.00832	0.00621	0.00773	0.00743	0.00896	0.00562	0.00554	0.01086	0.01641	0.02255	0.57565	0.07852	0.19680	0.01340	0.00725	0.00198	0.00296	0.01171	0.00648	0.00562
2	0.01723	0.00866	0.01111	0.00928	0.01226	0.00802	0.00736	0.07325	0.01796	0.30625	0.35953	0.03215	0.03475	0.00984	0.00652	0.00187	0.00408	0.00837	0.06359	0.00792
3	0.01570	0.00835	0.00987	0.00899	0.01149	0.00829	0.00689	0.02086	0.15378	0.21927	0.02483	0.17502	0.02112	0.00991	0.00588	0.00189	0.00402	0.00842	0.27783	0.00761
4	0.47008	0.01061	0.01032	0.00873	0.01251	0.01120	0.00714	0.02105	0.01319	0.25281	0.05363	0.01627	0.01274	0.00675	0.00475	0.00186	0.00464	0.00480	0.06922	0.00769
5	0.23484	0.00843	0.00852	0.00806	0.01046	0.00886	0.00619	0.01734	0.06835	0.10894	0.02060	0.17665	0.01855	0.00938	0.00525	0.00188	0.00394	0.00763	0.26947	0.00667
6	0.01727	0.46956	0.10946	0.01365	0.01890	0.19276	0.06653	0.01996	0.01378	0.01549	0.00930	0.01096	0.00796	0.00554	0.00476	0.00150	0.00815	0.00387	0.00277	0.00784
7	0.01766	0.63718	0.02914	0.01153	0.01635	0.17095	0.01074	0.01955	0.01342	0.01452	0.00870	0.01006	0.00786	0.00545	0.00425	0.00136	0.00744	0.00341	0.00273	0.00770
8	0.46726	0.01285	0.01515	0.03592	0.26048	0.01427	0.01137	0.01872	0.04369	0.02409	0.01029	0.01255	0.00829	0.00593	0.00536	0.00191	0.03617	0.00432	0.00357	0.00780
9	0.16741	0.01233	0.01429	0.01207	0.01513	0.01398	0.04103	0.18548	0.10782	0.04248	0.07537	0.02349	0.05547	0.01006	0.02951	0.00231	0.11204	0.04921	0.02270	0.00782
10	0.00747	0.00583	0.00660	0.00716	0.00836	0.00516	0.00497	0.00869	0.01262	0.01576	0.04706	0.34088	0.40276	0.08616	0.00961	0.00258	0.00353	0.01432	0.00551	0.00496
11	0.01424	0.01073	0.01348	0.14712	0.01871	0.05034	0.00990	0.06595	0.03282	0.10885	0.01521	0.01964	0.01256	0.05693	0.24742	0.00448	0.02293	0.00572	0.00405	0.13890
12	0.00810	0.00601	0.00740	0.00749	0.00870	0.00547	0.00535	0.01006	0.01466	0.01980	0.37886	0.21707	0.19657	0.07541	0.00924	0.00240	0.00333	0.01275	0.00603	0.00530
13	0.00963	0.00633	0.00863	0.00866	0.00905	0.00671	0.00612	0.00969	0.01015	0.01389	0.08160	0.10211	0.02267	0.20757	0.10742	0.26634	0.05406	0.06131	0.00386	0.00421
14	0.01748	0.06181	0.03377	0.23724	0.21486	0.06815	0.03135	0.06668	0.03458	0.15420	0.01391	0.01608	0.01026	0.00628	0.00596	0.00186	0.00738	0.00540	0.00404	0.00870
15	0.06437	0.04651	0.01157	0.00947	0.01234	0.00981	0.00745	0.02015	0.17844	0.16902	0.22416	0.08911	0.11153	0.01065	0.00646	0.00198	0.00416	0.00898	0.00621	0.00762
16	0.07142	0.09350	0.18047	0.01535	0.03933	0.13281	0.06687	0.16613	0.07798	0.03963	0.01270	0.01413	0.00966	0.00708	0.00655	0.04122	0.00779	0.00494	0.00396	0.00849
17	0.49046	0.04862	0.06870	0.04654	0.01577	0.01426	0.00934	0.06624	0.07650	0.09497	0.01215	0.01295	0.00896	0.00621	0.00465	0.00189	0.00549	0.00424	0.00432	0.00775
18	0.18027	0.12630	0.07282	0.01177	0.01613	0.03146	0.06474	0.05247	0.11957	0.11324	0.08361	0.02083	0.06708	0.00761	0.00558	0.00186	0.00579	0.00607	0.00479	0.00803

[dist]
# distance from previous block
# <min> <max>
2	23

[block]
# block no. 17 follows, 37 sequences, length 13
# corresponding to MSA columns:
# 515-527
name=unknown_R
#
