[name]
unknown

[dist]
# distance from previous block
# <min> <max>
0	45

[block]
# block no. 0 follows, 37 sequences, length 29
# corresponding to MSA columns:
# 47-75
name=unknown_A
#
# <colnr> <probs for GDERKNQSTAVLIFYWHMCP>
#	G	D	E	R	K	N	Q	S	T	A	V	L	I	F	Y	W	H	M	C	P
0	0.14519	0.00900	0.00978	0.00908	0.01165	0.00920	0.00734	0.10918	0.01557	0.07871	0.08343	0.05601	0.15975	0.03968	0.00729	0.00223	0.00460	0.15029	0.08539	0.00664
1	0.01270	0.00910	0.01063	0.01006	0.01233	0.00949	0.00762	0.05176	0.24830	0.08536	0.15135	0.24466	0.07443	0.01269	0.00696	0.00216	0.00419	0.03259	0.00622	0.00739
2	0.01429	0.00863	0.01037	0.00932	0.01158	0.00857	0.00695	0.07216	0.10376	0.17298	0.11898	0.14284	0.08815	0.16147	0.03929	0.00309	0.00511	0.00961	0.00585	0.00701
3	0.04481	0.04044	0.01832	0.01460	0.01656	0.01458	0.10930	0.03616	0.01122	0.01701	0.01145	0.01646	0.01029	0.01771	0.19880	0.00412	0.33288	0.00567	0.02624	0.05337
4	0.00899	0.00616	0.00761	0.00804	0.00928	0.00567	0.00572	0.01107	0.03413	0.05455	0.16542	0.41705	0.18232	0.01592	0.00733	0.00222	0.00344	0.01408	0.03541	0.00559
5	0.01048	0.00620	0.00809	0.00820	0.00915	0.00587	0.00576	0.01097	0.01158	0.08262	0.06787	0.22500	0.10532	0.15628	0.04278	0.17877	0.00501	0.05035	0.00482	0.00488
6	0.01058	0.00727	0.00948	0.00930	0.01073	0.00713	0.02790	0.03881	0.04908	0.07159	0.10335	0.40923	0.09177	0.06273	0.00904	0.00247	0.02310	0.01304	0.03740	0.00599
7	0.01533	0.00891	0.00956	0.00839	0.01094	0.00932	0.00658	0.12885	0.10886	0.09738	0.02020	0.02136	0.01520	0.00736	0.00500	0.00162	0.00395	0.00588	0.50790	0.00741
8	0.01269	0.01088	0.01269	0.00907	0.01451	0.00816	0.00725	0.01541	0.01269	0.01995	0.01088	0.01269	0.00907	0.00453	0.00453	0.00091	0.00453	0.00363	0.00363	0.82229
9	0.00941	0.00725	0.00994	0.00959	0.01017	0.00853	0.00707	0.01074	0.00946	0.01348	0.01627	0.02807	0.01670	0.29188	0.41553	0.00757	0.11276	0.00719	0.00335	0.00503
10	0.02206	0.01483	0.01591	0.01286	0.01721	0.05378	0.01038	0.30541	0.22802	0.22319	0.01987	0.01848	0.01392	0.00763	0.00613	0.00191	0.00601	0.00601	0.00639	0.01003
11	0.01515	0.01454	0.02485	0.03757	0.74669	0.01454	0.01879	0.01879	0.01394	0.02000	0.01151	0.01515	0.00970	0.00545	0.00606	0.00182	0.00727	0.00545	0.00303	0.00970
12	0.00866	0.00626	0.00818	0.00770	0.00914	0.00578	0.00578	0.01155	0.01733	0.02455	0.74346	0.04572	0.05776	0.01251	0.00722	0.00193	0.00289	0.01107	0.00674	0.00578
13	0.01228	0.03166	0.75316	0.01745	0.02649	0.01422	0.02262	0.01939	0.01292	0.01939	0.01099	0.01292	0.00775	0.00582	0.00582	0.00194	0.00905	0.00452	0.00258	0.00905
14	0.01228	0.03166	0.75316	0.01745	0.02649	0.01422	0.02262	0.01939	0.01292	0.01939	0.01099	0.01292	0.00775	0.00582	0.00582	0.00194	0.00905	0.00452	0.00258	0.00905
15	0.02327	0.01715	0.01837	0.01408	0.01898	0.01898	0.01163	0.72628	0.02878	0.03858	0.01470	0.01470	0.01041	0.00735	0.00612	0.00184	0.00674	0.00551	0.00612	0.01041
16	0.00890	0.00593	0.00668	0.00668	0.00668	0.00593	0.00371	0.00890	0.00890	0.01187	0.01929	0.04006	0.02225	0.78487	0.03116	0.00593	0.00593	0.00890	0.00371	0.00371
17	0.02095	0.02505	0.01882	0.01636	0.01931	0.56047	0.06433	0.02279	0.01590	0.04429	0.01003	0.01219	0.00830	0.00696	0.00794	0.00180	0.12953	0.00449	0.00325	0.00725
18	0.01055	0.00784	0.00938	0.00972	0.01128	0.00810	0.00711	0.01630	0.21058	0.04832	0.05120	0.44450	0.06867	0.01524	0.00731	0.00233	0.00406	0.05500	0.00593	0.00655
19	0.01445	0.01651	0.03612	0.02580	0.03199	0.01548	0.72446	0.01961	0.01445	0.01961	0.01238	0.01651	0.00929	0.00516	0.00722	0.00206	0.01032	0.00722	0.00310	0.00826
20	0.02746	0.01042	0.01421	0.01089	0.01563	0.00900	0.00900	0.02983	0.01752	0.75093	0.02415	0.02083	0.01515	0.00758	0.00616	0.00189	0.00521	0.00616	0.00758	0.01042
21	0.01273	0.00986	0.01072	0.00995	0.01258	0.01063	0.00771	0.02251	0.37792	0.04887	0.09199	0.03484	0.15380	0.04065	0.00743	0.00219	0.00429	0.05301	0.08062	0.00771
22	0.01297	0.01277	0.01794	0.01550	0.01560	0.01774	0.01287	0.01439	0.00942	0.01468	0.00879	0.01436	0.00870	0.01391	0.08736	0.00333	0.70488	0.00547	0.00273	0.00658
23	0.01637	0.78856	0.03208	0.01047	0.01571	0.02422	0.01047	0.01833	0.01244	0.01440	0.00851	0.00982	0.00786	0.00524	0.00393	0.00131	0.00655	0.00327	0.00262	0.00786
24	0.01015	0.00690	0.00858	0.00898	0.01031	0.00666	0.00652	0.04020	0.05659	0.06650	0.07958	0.45276	0.11328	0.04016	0.00822	0.00245	0.00400	0.06640	0.00586	0.00591
25	0.00815	0.00607	0.00867	0.00930	0.01009	0.00585	0.03484	0.00947	0.01166	0.01554	0.03122	0.54137	0.07147	0.05131	0.08717	0.02789	0.00540	0.05429	0.00516	0.00508
26	0.00900	0.00690	0.00985	0.00948	0.01047	0.00744	0.02709	0.01089	0.01178	0.01661	0.18657	0.13393	0.02904	0.14700	0.30597	0.00577	0.05302	0.00940	0.00443	0.00534
27	0.01199	0.01189	0.03202	0.01324	0.04162	0.07814	0.01003	0.01351	0.01132	0.01555	0.07485	0.14217	0.01989	0.13347	0.05734	0.00334	0.31167	0.00821	0.00373	0.00603
28	0.45786	0.01184	0.01165	0.11616	0.01692	0.05475	0.02936	0.01654	0.01157	0.02256	0.01273	0.11826	0.01190	0.00753	0.00494	0.00190	0.00556	0.00574	0.00383	0.07841

[dist]
# distance from previous block
# <min> <max>
1	62

[block]
# block no. 1 follows, 37 sequences, length 6
# corresponding to MSA columns:
# 138-143
name=unknown_B
#
# <colnr> <probs for GDERKNQSTAVLIFYWHMCP>
#	G	D	E	R	K	N	Q	S	T	A	V	L	I	F	Y	W	H	M	C	P
0	0.01017	0.00806	0.04029	0.01082	0.04405	0.00710	0.00827	0.03612	0.01428	0.04234	0.17213	0.25830	0.07632	0.01524	0.00839	0.04496	0.00457	0.18712	0.00555	0.00593
1	0.01796	0.12019	0.06487	0.01927	0.21850	0.05521	0.01305	0.09686	0.11414	0.14232	0.01667	0.06605	0.01344	0.00733	0.00589	0.00184	0.00651	0.00612	0.00464	0.00915
2	0.01468	0.01501	0.09871	0.04919	0.14223	0.07543	0.05660	0.05311	0.04725	0.06337	0.03751	0.02952	0.01766	0.00891	0.00656	0.00202	0.00696	0.18211	0.00436	0.08884
3	0.00858	0.00613	0.00762	0.00762	0.00847	0.00620	0.00527	0.00940	0.01038	0.01364	0.02845	0.03815	0.20139	0.30262	0.24311	0.07727	0.00830	0.00890	0.00399	0.00451
4	0.01588	0.59368	0.03310	0.01434	0.01982	0.02201	0.19070	0.01865	0.01295	0.01572	0.00949	0.01151	0.00822	0.00522	0.00476	0.00150	0.00750	0.00427	0.00274	0.00796
5	0.01189	0.01136	0.01581	0.01417	0.01426	0.01527	0.01145	0.01316	0.00997	0.01496	0.01452	0.20712	0.01623	0.01285	0.01699	0.00263	0.57928	0.00840	0.00344	0.00626

[dist]
# distance from previous block
# <min> <max>
0	1

[block]
# block no. 2 follows, 37 sequences, length 25
# corresponding to MSA columns:
# 145-169
name=unknown_C
#
# <colnr> <probs for GDERKNQSTAVLIFYWHMCP>
#	G	D	E	R	K	N	Q	S	T	A	V	L	I	F	Y	W	H	M	C	P
0	0.00966	0.00835	0.01027	0.05706	0.01234	0.03926	0.00770	0.01093	0.01151	0.01521	0.04452	0.36289	0.10076	0.12344	0.01311	0.00289	0.14810	0.01205	0.00458	0.00536
1	0.01451	0.05265	0.32281	0.04232	0.04615	0.01456	0.06846	0.15099	0.06913	0.02270	0.01540	0.03841	0.01290	0.03296	0.00705	0.00213	0.00768	0.06662	0.00395	0.00862
2	0.00942	0.00668	0.00792	0.00780	0.00831	0.00708	0.00500	0.01136	0.07241	0.01352	0.01921	0.03543	0.02059	0.57306	0.17128	0.00636	0.00788	0.00827	0.00384	0.00457
3	0.01278	0.01045	0.01219	0.00889	0.01401	0.00793	0.00709	0.01538	0.01299	0.04750	0.01584	0.01703	0.07336	0.00561	0.00483	0.00105	0.00443	0.00453	0.00396	0.72016
4	0.75672	0.01138	0.00907	0.00821	0.01176	0.01320	0.00672	0.01738	0.01037	0.02631	0.00921	0.01117	0.00739	0.00919	0.06974	0.00259	0.00575	0.00360	0.00374	0.00653
5	0.01096	0.00719	0.00905	0.00825	0.01024	0.00676	0.00630	0.01475	0.07059	0.09853	0.55665	0.04261	0.11029	0.01195	0.00704	0.00195	0.00329	0.01042	0.00669	0.00649
6	0.00866	0.00626	0.00818	0.00770	0.00914	0.00578	0.00578	0.01155	0.01733	0.02455	0.74346	0.04572	0.05776	0.01251	0.00722	0.00193	0.00289	0.01107	0.00674	0.00578
7	0.01269	0.01088	0.01269	0.00907	0.01451	0.00816	0.00725	0.01541	0.01269	0.01995	0.01088	0.01269	0.00907	0.00453	0.00453	0.00091	0.00453	0.00363	0.00363	0.82229
8	0.01156	0.01088	0.01836	0.77016	0.04216	0.01360	0.01700	0.01564	0.01224	0.01564	0.01088	0.01632	0.00816	0.00612	0.00612	0.00204	0.00816	0.00544	0.00272	0.00680
9	0.01639	0.01373	0.01450	0.01269	0.01636	0.01577	0.00997	0.13337	0.63288	0.02749	0.02343	0.02165	0.01748	0.00817	0.00621	0.00204	0.00512	0.00672	0.00621	0.00979
10	0.00890	0.00593	0.00668	0.00668	0.00668	0.00593	0.00371	0.00890	0.00890	0.01187	0.01929	0.04006	0.02225	0.78487	0.03116	0.00593	0.00593	0.00890	0.00371	0.00371
11	0.01113	0.00693	0.00876	0.00888	0.01027	0.00663	0.00635	0.03243	0.05959	0.10626	0.08899	0.43429	0.08687	0.04117	0.00914	0.05335	0.00402	0.01317	0.00579	0.00598
12	0.73272	0.01173	0.00943	0.00817	0.01215	0.01308	0.00670	0.01769	0.01068	0.02658	0.00880	0.01027	0.00691	0.00555	0.00388	0.00178	0.00471	0.00335	0.00377	0.10205
13	0.02163	0.01238	0.01483	0.01122	0.01618	0.01152	0.00918	0.20720	0.03874	0.32753	0.01775	0.01686	0.01220	0.00663	0.00567	0.00159	0.00540	0.00526	0.00598	0.25224
14	0.01069	0.00658	0.00828	0.00863	0.01007	0.00605	0.00616	0.01276	0.04523	0.12377	0.03696	0.50773	0.16077	0.01634	0.00740	0.00231	0.00377	0.01449	0.00598	0.00601
15	0.04055	0.00760	0.00893	0.00816	0.01055	0.00687	0.00619	0.01378	0.04658	0.07842	0.21983	0.14392	0.18189	0.02988	0.00715	0.00199	0.00373	0.02697	0.03595	0.12106
16	0.00792	0.00591	0.00737	0.00768	0.00886	0.00536	0.00550	0.00987	0.01459	0.01963	0.34249	0.31294	0.19833	0.01555	0.00744	0.00216	0.00317	0.01374	0.00613	0.00536
17	0.05740	0.01259	0.01514	0.01176	0.01637	0.01249	0.00967	0.24950	0.04749	0.44948	0.04015	0.01920	0.01460	0.00759	0.00608	0.00188	0.00560	0.00600	0.00689	0.01011
18	0.09630	0.01100	0.01108	0.00988	0.01239	0.08166	0.00742	0.08893	0.04444	0.17013	0.04844	0.14615	0.04506	0.13168	0.01078	0.03560	0.00549	0.00824	0.02839	0.00697
19	0.01063	0.00704	0.00872	0.00851	0.01030	0.00641	0.00628	0.04083	0.01445	0.08727	0.16962	0.31955	0.15367	0.03984	0.00797	0.00226	0.00386	0.04023	0.00588	0.05668
20	0.04799	0.01234	0.01296	0.01101	0.01417	0.04261	0.00866	0.29209	0.08644	0.07201	0.05312	0.10689	0.04766	0.04192	0.03461	0.00235	0.00580	0.00761	0.09167	0.00809
21	0.05958	0.01271	0.01837	0.20592	0.04718	0.03926	0.10217	0.10948	0.01482	0.11405	0.01402	0.03804	0.01122	0.03200	0.05421	0.02304	0.08611	0.00608	0.00405	0.00768
22	0.01180	0.00920	0.01095	0.00862	0.01250	0.00732	0.00660	0.01409	0.01304	0.04839	0.10020	0.09460	0.04444	0.07535	0.00763	0.00169	0.00435	0.00669	0.00442	0.51812
23	0.01000	0.00664	0.00775	0.00755	0.00927	0.00604	0.00550	0.01222	0.03847	0.08511	0.17601	0.17135	0.30222	0.09042	0.00945	0.00245	0.00366	0.01182	0.03831	0.00576
24	0.01305	0.01016	0.01413	0.06271	0.07503	0.01116	0.03402	0.08624	0.05221	0.06988	0.08747	0.22102	0.04558	0.04361	0.02729	0.00253	0.12231	0.00965	0.00489	0.00706

[dist]
# distance from previous block
# <min> <max>
3	33

[block]
# block no. 3 follows, 37 sequences, length 30
# corresponding to MSA columns:
# 203-232
name=unknown_D
#
# <colnr> <probs for GDERKNQSTAVLIFYWHMCP>
#	G	D	E	R	K	N	Q	S	T	A	V	L	I	F	Y	W	H	M	C	P
0	0.04401	0.12981	0.04839	0.02930	0.01745	0.02745	0.05220	0.11881	0.12247	0.04727	0.01389	0.01514	0.01087	0.00741	0.02873	0.00183	0.03052	0.00489	0.02446	0.22510
1	0.04657	0.01165	0.01761	0.10489	0.35366	0.01138	0.01315	0.01583	0.01299	0.01890	0.01691	0.07330	0.06739	0.04059	0.00696	0.00191	0.00608	0.00656	0.00356	0.17011
2	0.01091	0.00891	0.03960	0.00889	0.01084	0.03350	0.00670	0.01216	0.01180	0.06003	0.02578	0.23018	0.11117	0.18416	0.01360	0.05688	0.02988	0.00998	0.00453	0.13048
3	0.03465	0.00953	0.01232	0.01062	0.01298	0.00994	0.03221	0.05771	0.08434	0.14122	0.06326	0.09504	0.04830	0.06699	0.04527	0.09103	0.08392	0.00765	0.03633	0.05668
4	0.01171	0.00937	0.04252	0.03957	0.01374	0.00883	0.00894	0.11866	0.01596	0.04613	0.13123	0.14575	0.10984	0.01677	0.08426	0.00303	0.00616	0.17552	0.00546	0.00656
5	0.01481	0.01616	0.03177	0.02318	0.02868	0.04542	0.58812	0.06656	0.01531	0.02037	0.01417	0.07893	0.01187	0.00651	0.00713	0.00206	0.00955	0.00781	0.00351	0.00808
6	0.00890	0.00674	0.00800	0.00809	0.00947	0.00664	0.00587	0.01217	0.08663	0.01839	0.17500	0.19704	0.20401	0.10107	0.07587	0.00323	0.00486	0.02866	0.03374	0.00560
7	0.10691	0.00780	0.00916	0.00867	0.01091	0.00753	0.00653	0.01619	0.04958	0.18020	0.11359	0.27939	0.10604	0.01265	0.00657	0.00209	0.00395	0.01088	0.05461	0.00675
8	0.01748	0.01005	0.01221	0.01041	0.01360	0.01005	0.00828	0.10703	0.14579	0.24978	0.22155	0.06203	0.02886	0.00991	0.00656	0.00198	0.00456	0.03703	0.03441	0.00842
9	0.01156	0.01088	0.01836	0.77016	0.04216	0.01360	0.01700	0.01564	0.01224	0.01564	0.01088	0.01632	0.00816	0.00612	0.00612	0.00204	0.00816	0.00544	0.00272	0.00680
10	0.07452	0.00770	0.00928	0.00870	0.01017	0.00779	0.00623	0.08482	0.01290	0.09148	0.06349	0.17923	0.02184	0.14169	0.01500	0.21340	0.00491	0.00870	0.03269	0.00547
11	0.04326	0.00787	0.00921	0.00845	0.01056	0.00774	0.00653	0.07058	0.04618	0.07811	0.32224	0.06228	0.11704	0.04319	0.00762	0.00211	0.00384	0.04930	0.09740	0.00649
12	0.00750	0.00536	0.00714	0.00849	0.00889	0.00500	0.00569	0.00864	0.01194	0.01597	0.06137	0.75226	0.04116	0.01892	0.00779	0.00246	0.00353	0.01716	0.00572	0.00500
13	0.34423	0.00926	0.00984	0.00899	0.01177	0.00964	0.00706	0.01752	0.01216	0.19176	0.01784	0.13318	0.01616	0.01117	0.00820	0.12227	0.00481	0.05260	0.00491	0.00662
14	0.01102	0.00722	0.00915	0.00951	0.01094	0.00707	0.00714	0.03780	0.06516	0.08598	0.05565	0.38208	0.06301	0.06897	0.00918	0.00265	0.00445	0.15113	0.00580	0.00608
15	0.00968	0.00611	0.00793	0.00858	0.00942	0.00576	0.00602	0.01092	0.01215	0.07530	0.05482	0.44742	0.05221	0.16950	0.01235	0.00313	0.00436	0.09359	0.00548	0.00527
16	0.06722	0.01524	0.01605	0.01355	0.01686	0.14470	0.08692	0.11506	0.20892	0.04105	0.06401	0.06547	0.01694	0.00878	0.00726	0.03353	0.03077	0.00676	0.03297	0.00796
17	0.01194	0.00676	0.00874	0.00846	0.00967	0.00652	0.00597	0.04105	0.01247	0.11374	0.08528	0.22440	0.05048	0.14381	0.04682	0.17020	0.00511	0.00999	0.03322	0.00536
18	0.08627	0.00928	0.01168	0.01049	0.01245	0.00998	0.03203	0.04537	0.05676	0.12210	0.05250	0.22150	0.07685	0.09030	0.01099	0.00259	0.11248	0.00973	0.01996	0.00669
19	0.14809	0.01150	0.01396	0.01087	0.01549	0.01101	0.00898	0.11819	0.01790	0.54923	0.02056	0.01839	0.01325	0.00726	0.00579	0.00189	0.00533	0.00564	0.00681	0.00984
20	0.00926	0.00601	0.00770	0.00816	0.00853	0.00601	0.00534	0.01008	0.05875	0.01391	0.02283	0.32116	0.02580	0.21679	0.01833	0.23689	0.00476	0.01106	0.00435	0.00430
21	0.01167	0.00802	0.01075	0.14014	0.01584	0.00842	0.00826	0.05989	0.03816	0.07228	0.15070	0.19405	0.04572	0.08263	0.03551	0.03601	0.00531	0.02124	0.04921	0.00620
22	0.01364	0.01094	0.01557	0.32635	0.02561	0.01258	0.03362	0.13580	0.04126	0.04477	0.03167	0.02331	0.01405	0.15606	0.04239	0.00310	0.03234	0.02597	0.00399	0.00699
23	0.00831	0.00583	0.00731	0.00808	0.00852	0.00567	0.00543	0.00923	0.01096	0.01451	0.02879	0.36476	0.06244	0.30862	0.04111	0.00405	0.00509	0.09186	0.00485	0.00460
24	0.06123	0.01598	0.01943	0.09474	0.18945	0.09473	0.04219	0.25579	0.01940	0.12672	0.01392	0.01526	0.01017	0.00653	0.00597	0.00185	0.00729	0.00537	0.00471	0.00925
25	0.01476	0.12346	0.02132	0.27901	0.05638	0.01523	0.10103	0.11424	0.03885	0.04856	0.06849	0.04472	0.01413	0.00720	0.00644	0.00192	0.02620	0.00628	0.00394	0.00783
26	0.13641	0.01214	0.01414	0.03241	0.01630	0.01241	0.00938	0.16303	0.10963	0.37248	0.04528	0.01912	0.01479	0.00749	0.00586	0.00191	0.00539	0.00588	0.00643	0.00953
27	0.01115	0.00673	0.00840	0.00801	0.00993	0.00597	0.00598	0.01317	0.01515	0.14231	0.27219	0.21255	0.23694	0.01403	0.00718	0.00209	0.00349	0.01220	0.00635	0.00620
28	0.19917	0.15431	0.04638	0.02898	0.04571	0.04033	0.00999	0.09081	0.06086	0.14377	0.03384	0.01481	0.01133	0.00635	0.00505	0.00169	0.00584	0.00468	0.00453	0.09158
29	0.01480	0.04136	0.01560	0.17748	0.02085	0.02622	0.03967	0.16842	0.06642	0.05372	0.04056	0.06541	0.01728	0.07994	0.00941	0.03602	0.00645	0.08124	0.00464	0.03452

[dist]
# distance from previous block
# <min> <max>
0	21

[block]
# block no. 4 follows, 37 sequences, length 30
# corresponding to MSA columns:
# 265-294
name=unknown_E
#
# <colnr> <probs for GDERKNQSTAVLIFYWHMCP>
#	G	D	E	R	K	N	Q	S	T	A	V	L	I	F	Y	W	H	M	C	P
0	0.01763	0.33895	0.02194	0.06357	0.01729	0.01702	0.01032	0.04689	0.09227	0.16816	0.01486	0.03291	0.01174	0.00813	0.03188	0.00194	0.04092	0.00505	0.00432	0.05423
1	0.01698	0.01105	0.01278	0.01104	0.01449	0.01152	0.00871	0.05542	0.34413	0.19623	0.10358	0.05903	0.02266	0.00905	0.00630	0.00196	0.00468	0.02722	0.03033	0.05284
2	0.29366	0.01299	0.01499	0.07279	0.04834	0.01390	0.03339	0.19803	0.01727	0.21633	0.01456	0.01490	0.01012	0.00660	0.00538	0.00189	0.00592	0.00499	0.00521	0.00875
3	0.05960	0.01271	0.01587	0.20337	0.04760	0.05515	0.04049	0.11278	0.14070	0.08966	0.13891	0.02195	0.01930	0.00780	0.00621	0.00195	0.00628	0.00660	0.00500	0.00809
4	0.04410	0.00694	0.00884	0.00822	0.00962	0.00683	0.00586	0.01270	0.01061	0.10089	0.01696	0.05761	0.01618	0.20485	0.14043	0.20269	0.00692	0.00685	0.07150	0.06139
5	0.00962	0.00625	0.00760	0.00788	0.00843	0.00615	0.00505	0.01087	0.03901	0.05370	0.02501	0.30983	0.02826	0.41385	0.03760	0.00439	0.00523	0.01174	0.00473	0.00481
6	0.01379	0.00813	0.01004	0.00952	0.01160	0.00790	0.00709	0.08315	0.06363	0.16867	0.07956	0.38831	0.06078	0.01383	0.00699	0.00217	0.00418	0.01215	0.04150	0.00701
7	0.05339	0.00639	0.00796	0.00849	0.00949	0.00621	0.00591	0.01143	0.03753	0.05553	0.13775	0.48906	0.03711	0.06954	0.00944	0.02600	0.00386	0.01380	0.00563	0.00547
8	0.00775	0.00597	0.00709	0.00733	0.00872	0.00531	0.00530	0.00959	0.01440	0.01884	0.27144	0.25679	0.32830	0.01558	0.00739	0.00214	0.00316	0.01358	0.00602	0.00531
9	0.01579	0.01128	0.01172	0.01030	0.01319	0.03289	0.00804	0.13792	0.29403	0.05717	0.02040	0.02086	0.01547	0.00838	0.00651	0.04602	0.00472	0.00609	0.27114	0.00809
10	0.02047	0.01004	0.01249	0.01027	0.01387	0.00957	0.00827	0.11966	0.05050	0.38649	0.09542	0.07253	0.05107	0.00930	0.00629	0.00192	0.00477	0.02481	0.08347	0.00881
11	0.01297	0.00815	0.00941	0.00860	0.01071	0.00819	0.00657	0.12023	0.04667	0.07644	0.20444	0.15823	0.05615	0.01096	0.00622	0.00188	0.00382	0.00936	0.23422	0.00678
12	0.01445	0.01651	0.03612	0.02580	0.03199	0.01548	0.72446	0.01961	0.01445	0.01961	0.01238	0.01651	0.00929	0.00516	0.00722	0.00206	0.01032	0.00722	0.00310	0.00826
13	0.00949	0.00671	0.00761	0.00705	0.00790	0.00628	0.00426	0.00992	0.00949	0.01313	0.01798	0.03579	0.02020	0.66328	0.02701	0.00515	0.00572	0.00808	0.00370	0.13126
14	0.01339	0.01339	0.01875	0.01607	0.01607	0.01875	0.01339	0.01473	0.00937	0.01473	0.00804	0.01339	0.00804	0.01071	0.02009	0.00268	0.77367	0.00536	0.00268	0.00670
15	0.04435	0.00608	0.00766	0.00838	0.00938	0.00571	0.00589	0.01042	0.01262	0.05492	0.10056	0.52884	0.10377	0.01704	0.00802	0.03067	0.00369	0.03092	0.00569	0.00535
16	0.01206	0.00984	0.01082	0.00979	0.02698	0.05927	0.00721	0.01492	0.04650	0.05710	0.15674	0.16109	0.07177	0.04297	0.00727	0.00188	0.00461	0.02867	0.00504	0.26548
17	0.00888	0.00604	0.00721	0.00721	0.00740	0.00622	0.00438	0.00924	0.00906	0.01226	0.01880	0.03735	0.02108	0.66000	0.15442	0.00659	0.00770	0.00851	0.00364	0.00401
18	0.00874	0.00656	0.00984	0.00984	0.01093	0.00765	0.00765	0.01093	0.00984	0.01421	0.01640	0.02405	0.01530	0.04591	0.76062	0.00984	0.01640	0.00656	0.00328	0.00547
19	0.01563	0.00888	0.01143	0.01080	0.01336	0.00864	0.00885	0.10946	0.01646	0.21113	0.02953	0.18166	0.05981	0.01359	0.00738	0.00235	0.00517	0.27229	0.00622	0.00736
20	0.17520	0.01596	0.01639	0.01287	0.01749	0.01781	0.01060	0.56004	0.05812	0.03587	0.01400	0.01418	0.01008	0.00708	0.00569	0.00186	0.00627	0.00516	0.00569	0.00966
21	0.01156	0.01088	0.01836	0.77016	0.04216	0.01360	0.01700	0.01564	0.01224	0.01564	0.01088	0.01632	0.00816	0.00612	0.00612	0.00204	0.00816	0.00544	0.00272	0.00680
22	0.01307	0.01080	0.01187	0.01090	0.01365	0.01175	0.00832	0.02397	0.44301	0.02167	0.02380	0.06810	0.02100	0.13116	0.01027	0.00266	0.00499	0.07434	0.00549	0.08918
23	0.00746	0.00533	0.00710	0.00852	0.00888	0.00497	0.00568	0.00852	0.01172	0.01563	0.03374	0.78088	0.04049	0.01918	0.00781	0.00249	0.00355	0.01740	0.00568	0.00497
24	0.01335	0.01086	0.01276	0.00915	0.01456	0.00820	0.00733	0.01605	0.01291	0.05245	0.01147	0.01306	0.00934	0.00467	0.00461	0.00095	0.00456	0.00374	0.00380	0.78619
25	0.02287	0.02917	0.01735	0.01577	0.01892	0.76030	0.01183	0.02444	0.01735	0.01498	0.00946	0.01104	0.00788	0.00631	0.00552	0.00158	0.01104	0.00394	0.00315	0.00710
26	0.01414	0.01051	0.01189	0.01034	0.01324	0.01105	0.00818	0.18238	0.17935	0.05543	0.27868	0.03494	0.11368	0.01071	0.00676	0.00199	0.00445	0.03811	0.00635	0.00783
27	0.00880	0.00606	0.00748	0.00767	0.00799	0.00624	0.00495	0.00946	0.00958	0.01296	0.02060	0.09975	0.02310	0.53974	0.16836	0.00624	0.00773	0.04512	0.00389	0.00425
28	0.02728	0.01072	0.01439	0.01103	0.01578	0.00945	0.00912	0.06120	0.01803	0.71884	0.02372	0.02056	0.01494	0.00757	0.00615	0.00189	0.00528	0.00613	0.00751	0.01042
29	0.00828	0.00606	0.00780	0.00896	0.00961	0.00593	0.00623	0.01062	0.06452	0.01641	0.03238	0.63677	0.03770	0.05043	0.00873	0.00263	0.00391	0.07206	0.00564	0.00532

[dist]
# distance from previous block
# <min> <max>
0	15

[block]
# block no. 5 follows, 37 sequences, length 15
# corresponding to MSA columns:
# 310-324
name=unknown_F
#
# <colnr> <probs for GDERKNQSTAVLIFYWHMCP>
#	G	D	E	R	K	N	Q	S	T	A	V	L	I	F	Y	W	H	M	C	P
0	0.09724	0.00845	0.00988	0.00876	0.01155	0.00795	0.00690	0.04851	0.01527	0.15984	0.18372	0.10903	0.11202	0.01085	0.00631	0.00192	0.00411	0.05392	0.06202	0.08173
1	0.00796	0.00570	0.00740	0.00832	0.00897	0.00536	0.00578	0.00936	0.01259	0.01688	0.14272	0.50858	0.07334	0.09181	0.01000	0.00274	0.00382	0.06799	0.00565	0.00503
2	0.01105	0.00840	0.00978	0.00892	0.01106	0.00860	0.00683	0.06236	0.17049	0.02503	0.45679	0.03855	0.09237	0.01121	0.00678	0.00194	0.00357	0.00967	0.04976	0.00686
3	0.01059	0.00763	0.00927	0.00958	0.01095	0.00779	0.00690	0.05417	0.13557	0.04562	0.05926	0.49480	0.03395	0.04715	0.00834	0.00249	0.00416	0.03968	0.00583	0.00628
4	0.05184	0.00864	0.01247	0.05385	0.01384	0.00972	0.06337	0.01188	0.01120	0.01609	0.06544	0.19167	0.06804	0.12846	0.09117	0.03691	0.14626	0.00951	0.00408	0.00556
5	0.16025	0.01115	0.01346	0.01059	0.01500	0.01068	0.00871	0.10111	0.01752	0.51503	0.05883	0.01968	0.01549	0.00750	0.00581	0.00189	0.00517	0.00587	0.00674	0.00953
6	0.00867	0.00642	0.00876	0.00899	0.00960	0.00702	0.00644	0.01004	0.01042	0.01451	0.05113	0.23366	0.02509	0.20341	0.32155	0.00626	0.04872	0.01016	0.00414	0.00501
7	0.25228	0.01328	0.01517	0.03579	0.01721	0.01405	0.04325	0.24119	0.03749	0.24800	0.01583	0.01554	0.01086	0.00683	0.00552	0.00189	0.00587	0.00520	0.00565	0.00910
8	0.01613	0.09845	0.05260	0.03833	0.01481	0.03316	0.02456	0.08224	0.01402	0.17006	0.01668	0.02249	0.01421	0.18758	0.07783	0.00344	0.05041	0.00620	0.06957	0.00724
9	0.01109	0.00609	0.00883	0.00863	0.00890	0.00638	0.00600	0.00950	0.00881	0.04150	0.01315	0.06347	0.01325	0.06054	0.06655	0.60505	0.04928	0.00630	0.00312	0.00356
10	0.00784	0.00570	0.00719	0.00822	0.00888	0.00532	0.00569	0.00901	0.01192	0.01555	0.03592	0.51437	0.14008	0.11419	0.01071	0.00289	0.00399	0.08221	0.00543	0.00491
11	0.04112	0.10213	0.13523	0.25793	0.08123	0.04166	0.16756	0.01760	0.01299	0.01757	0.01178	0.03959	0.00962	0.00737	0.02948	0.00217	0.00861	0.00574	0.00296	0.00768
12	0.31043	0.07367	0.03220	0.06578	0.03365	0.14705	0.03544	0.08237	0.01468	0.07151	0.05244	0.01485	0.01139	0.02399	0.00567	0.00190	0.00672	0.00474	0.00407	0.00747
13	0.01581	0.03426	0.02083	0.18020	0.21504	0.04959	0.08150	0.09439	0.05617	0.06278	0.04521	0.01705	0.01211	0.00656	0.00666	0.00188	0.03839	0.00577	0.00392	0.05187
14	0.01242	0.00942	0.01161	0.07899	0.01486	0.00900	0.00791	0.12337	0.01491	0.02060	0.09936	0.07932	0.10280	0.01130	0.00920	0.14671	0.00493	0.00729	0.00449	0.23150

[dist]
# distance from previous block
# <min> <max>
3	14

[block]
# block no. 6 follows, 37 sequences, length 30
# corresponding to MSA columns:
# 339-368
name=unknown_G
#
# <colnr> <probs for GDERKNQSTAVLIFYWHMCP>
#	G	D	E	R	K	N	Q	S	T	A	V	L	I	F	Y	W	H	M	C	P
0	0.01170	0.00684	0.00848	0.00807	0.01011	0.00602	0.00604	0.01358	0.01481	0.16713	0.19104	0.23556	0.26861	0.01421	0.00716	0.00211	0.00360	0.01232	0.00629	0.00631
1	0.18979	0.00950	0.00996	0.00889	0.01132	0.01012	0.00676	0.10022	0.07101	0.07490	0.07011	0.02779	0.07585	0.17196	0.04496	0.03823	0.00547	0.02145	0.04519	0.00653
2	0.04184	0.00576	0.00722	0.00830	0.00898	0.00552	0.00567	0.00907	0.01170	0.01603	0.03408	0.62162	0.10371	0.04158	0.04569	0.00289	0.00427	0.01561	0.00543	0.00505
3	0.00785	0.00553	0.00705	0.00810	0.00843	0.00525	0.00529	0.00871	0.01115	0.01481	0.03085	0.57376	0.05035	0.20107	0.01337	0.00330	0.00416	0.03107	0.00521	0.00469
4	0.06550	0.01155	0.01269	0.01091	0.01422	0.01249	0.00862	0.14667	0.29533	0.09599	0.20018	0.02745	0.05372	0.00922	0.00634	0.00197	0.00465	0.00763	0.00629	0.00856
5	0.03274	0.00724	0.00875	0.00810	0.00972	0.00688	0.00572	0.01446	0.04313	0.15592	0.14824	0.11287	0.09846	0.28257	0.01574	0.02378	0.00467	0.00970	0.00543	0.00590
6	0.08342	0.01108	0.01324	0.01065	0.01471	0.01093	0.00866	0.11754	0.10364	0.41242	0.06540	0.02114	0.01696	0.00776	0.00589	0.00187	0.00499	0.00621	0.07412	0.00937
7	0.01526	0.01105	0.01238	0.01110	0.01423	0.01205	0.00872	0.02691	0.45892	0.11837	0.12957	0.02903	0.04187	0.00937	0.00642	0.00204	0.00453	0.04210	0.03731	0.00876
8	0.04705	0.00783	0.00933	0.00839	0.01078	0.00742	0.00643	0.01664	0.07731	0.16816	0.29000	0.06817	0.16857	0.04604	0.00776	0.00214	0.00380	0.00970	0.03764	0.00684
9	0.01049	0.00746	0.00906	0.00859	0.01045	0.00721	0.00650	0.05662	0.06710	0.05513	0.37756	0.16222	0.14894	0.01334	0.00717	0.00207	0.00359	0.03383	0.00634	0.00632
10	0.00889	0.00614	0.00691	0.00698	0.00743	0.00605	0.00427	0.00990	0.03327	0.01395	0.04836	0.11070	0.09626	0.55698	0.02399	0.00480	0.00518	0.00998	0.03566	0.00431
11	0.01156	0.01088	0.01836	0.77016	0.04216	0.01360	0.01700	0.01564	0.01224	0.01564	0.01088	0.01632	0.00816	0.00612	0.00612	0.00204	0.00816	0.00544	0.00272	0.00680
12	0.27221	0.00815	0.00730	0.00681	0.00914	0.00883	0.00534	0.04595	0.01275	0.02498	0.01610	0.01837	0.01258	0.00668	0.00420	0.00159	0.00362	0.00494	0.52427	0.00620
13	0.01637	0.78856	0.03208	0.01047	0.01571	0.02422	0.01047	0.01833	0.01244	0.01440	0.00851	0.00982	0.00786	0.00524	0.00393	0.00131	0.00655	0.00327	0.00262	0.00786
14	0.01153	0.00923	0.01050	0.01003	0.01225	0.00992	0.00767	0.02052	0.33532	0.02306	0.23354	0.13541	0.06170	0.01176	0.00684	0.00211	0.00403	0.05443	0.03278	0.00737
15	0.01374	0.00759	0.00946	0.00869	0.01104	0.00684	0.00659	0.04562	0.01545	0.21965	0.14297	0.24522	0.21551	0.01356	0.00705	0.00211	0.00393	0.01172	0.00638	0.00687
16	0.01018	0.00646	0.00822	0.00797	0.00954	0.00585	0.00585	0.01228	0.01522	0.09765	0.37615	0.21399	0.14525	0.04704	0.00827	0.00224	0.00345	0.01218	0.00630	0.00591
17	0.00758	0.00544	0.00715	0.00835	0.00883	0.00506	0.00561	0.00878	0.01214	0.01625	0.08929	0.68639	0.05956	0.03785	0.00834	0.00252	0.00355	0.01658	0.00571	0.00501
18	0.01349	0.00725	0.00905	0.00855	0.01011	0.00683	0.00596	0.01525	0.04475	0.20447	0.02660	0.25334	0.05184	0.29586	0.01584	0.00356	0.00489	0.01076	0.00547	0.00613
19	0.10817	0.00901	0.01137	0.00971	0.01293	0.00831	0.00756	0.02184	0.01472	0.43995	0.02448	0.20855	0.02097	0.06383	0.00803	0.00232	0.00480	0.00881	0.00643	0.00820
20	0.01341	0.01122	0.01288	0.00971	0.01460	0.00948	0.00769	0.04791	0.11399	0.02112	0.01299	0.01446	0.01054	0.00593	0.00571	0.03795	0.00471	0.00424	0.00405	0.63741
21	0.00846	0.00622	0.00759	0.00801	0.00923	0.00584	0.00585	0.01088	0.04005	0.01893	0.22177	0.29088	0.18426	0.04462	0.00825	0.00235	0.00357	0.07166	0.04615	0.00544
22	0.37009	0.00887	0.00853	0.00827	0.01067	0.00954	0.00631	0.01515	0.04125	0.05340	0.09956	0.23778	0.05115	0.01091	0.00566	0.00206	0.00407	0.00892	0.04156	0.00625
23	0.00764	0.00557	0.00721	0.00832	0.00900	0.00515	0.00576	0.00898	0.01253	0.01657	0.09486	0.61091	0.11900	0.01813	0.00773	0.00241	0.00354	0.04586	0.00577	0.00509
24	0.01868	0.01557	0.01716	0.01396	0.01782	0.11500	0.08414	0.29848	0.08788	0.07131	0.05512	0.05967	0.04879	0.00905	0.00688	0.02149	0.00682	0.03825	0.00539	0.00854
25	0.00888	0.00650	0.02689	0.00898	0.00993	0.00580	0.00688	0.00967	0.01168	0.01526	0.03070	0.32502	0.11585	0.01836	0.01171	0.19908	0.00455	0.17468	0.00487	0.00470
26	0.00791	0.00539	0.00698	0.00820	0.00870	0.00507	0.00554	0.00921	0.01198	0.01661	0.05021	0.68212	0.03830	0.01773	0.00742	0.00236	0.00346	0.01600	0.09173	0.00507
27	0.01009	0.00618	0.00795	0.00818	0.00913	0.00582	0.00562	0.01116	0.01214	0.08941	0.10085	0.35807	0.07440	0.18484	0.05056	0.03770	0.00485	0.01248	0.00531	0.00527
28	0.01736	0.01344	0.01647	0.10767	0.05591	0.05677	0.04116	0.15755	0.15034	0.12664	0.02081	0.04210	0.05889	0.00871	0.00733	0.00205	0.05754	0.04554	0.00518	0.00855
29	0.11764	0.01450	0.06313	0.41959	0.07575	0.07411	0.05649	0.03996	0.01324	0.01875	0.01072	0.01460	0.00819	0.00593	0.00575	0.00191	0.00787	0.00502	0.00307	0.04379

[dist]
# distance from previous block
# <min> <max>
0	3

[block]
# block no. 7 follows, 37 sequences, length 32
# corresponding to MSA columns:
# 372-377,386-391,397-416
name=unknown_H
#
# <colnr> <probs for GDERKNQSTAVLIFYWHMCP>
#	G	D	E	R	K	N	Q	S	T	A	V	L	I	F	Y	W	H	M	C	P
0	0.03074	0.01499	0.08573	0.27114	0.10271	0.01499	0.17593	0.05597	0.01364	0.04909	0.01160	0.01552	0.00890	0.00657	0.00824	0.00208	0.11526	0.00574	0.00322	0.00794
1	0.00883	0.00629	0.00768	0.00780	0.00918	0.00584	0.00567	0.01143	0.04174	0.03652	0.31084	0.26994	0.18271	0.01458	0.00718	0.00210	0.00326	0.01281	0.04996	0.00566
2	0.07176	0.01520	0.01662	0.05884	0.06677	0.04386	0.01120	0.35203	0.14643	0.02971	0.01495	0.01553	0.01116	0.00681	0.00576	0.00176	0.00627	0.00530	0.00515	0.11489
3	0.00832	0.00609	0.00720	0.00743	0.00835	0.00559	0.00490	0.00932	0.01160	0.01537	0.08328	0.29294	0.16182	0.28437	0.01562	0.00348	0.00431	0.01235	0.00495	0.05270
4	0.02888	0.00786	0.00954	0.03969	0.01154	0.00761	0.00649	0.07316	0.01384	0.05692	0.13897	0.19031	0.07599	0.18524	0.01286	0.03679	0.00469	0.00996	0.00506	0.08460
5	0.01518	0.01551	0.11345	0.15873	0.18175	0.01365	0.16731	0.05815	0.03936	0.09004	0.01508	0.02059	0.01206	0.00690	0.00650	0.00203	0.00786	0.06344	0.00386	0.00856
6	0.17018	0.00915	0.01010	0.00941	0.01214	0.00936	0.00750	0.03979	0.10098	0.13549	0.10268	0.11278	0.13333	0.01154	0.00648	0.00214	0.00446	0.10960	0.00579	0.00708
7	0.01126	0.00681	0.00824	0.00787	0.00990	0.00598	0.00590	0.01306	0.01455	0.14981	0.16019	0.19226	0.32312	0.03882	0.00794	0.00223	0.00368	0.02611	0.00613	0.00614
8	0.02830	0.00903	0.01313	0.08246	0.06996	0.00913	0.05142	0.04087	0.05627	0.11036	0.10638	0.19839	0.02506	0.05729	0.00959	0.06818	0.00532	0.02880	0.02334	0.00674
9	0.01291	0.03760	0.01106	0.00953	0.01142	0.00923	0.00729	0.02994	0.12946	0.09948	0.10177	0.12443	0.09727	0.01403	0.02592	0.16012	0.05460	0.00860	0.04897	0.00637
10	0.74208	0.01198	0.00951	0.00852	0.01227	0.01389	0.00695	0.01953	0.08717	0.02727	0.01026	0.01131	0.00791	0.00596	0.00405	0.00191	0.00475	0.00370	0.00405	0.00695
11	0.01001	0.00661	0.00805	0.00823	0.00986	0.00603	0.00609	0.01217	0.03740	0.09255	0.10571	0.30853	0.26652	0.03184	0.00789	0.00232	0.00376	0.06463	0.00595	0.00584
12	0.03552	0.00973	0.01284	0.01170	0.03557	0.00957	0.04488	0.11504	0.05068	0.19334	0.05872	0.24810	0.05484	0.04651	0.00796	0.00231	0.00509	0.04410	0.00591	0.00760
13	0.06394	0.01191	0.01358	0.01114	0.01484	0.01246	0.00886	0.20035	0.16880	0.25205	0.01977	0.02037	0.01448	0.05963	0.00863	0.05040	0.00542	0.00611	0.04833	0.00892
14	0.36999	0.01056	0.01057	0.00933	0.01262	0.01135	0.00747	0.06282	0.07616	0.14089	0.12655	0.07932	0.02045	0.00872	0.00549	0.00198	0.00460	0.02828	0.00539	0.00744
15	0.10784	0.00750	0.00803	0.00782	0.00979	0.00734	0.00577	0.01342	0.07267	0.06031	0.11605	0.17608	0.27455	0.07625	0.00867	0.00240	0.00384	0.01101	0.02473	0.00593
16	0.03551	0.00800	0.00977	0.00886	0.01116	0.00752	0.00669	0.05602	0.03950	0.14115	0.25106	0.20211	0.09254	0.04469	0.00783	0.00216	0.00400	0.01063	0.00611	0.05467
17	0.07579	0.01395	0.01550	0.01226	0.01673	0.01480	0.01003	0.36475	0.11816	0.23241	0.02021	0.01898	0.04268	0.00776	0.00604	0.00190	0.00578	0.00604	0.00637	0.00985
18	0.00768	0.00558	0.00707	0.00799	0.00865	0.00516	0.00540	0.00891	0.01236	0.01637	0.11119	0.55199	0.12872	0.08097	0.00960	0.00266	0.00362	0.01547	0.00563	0.00498
19	0.05191	0.00815	0.01016	0.00899	0.01156	0.00760	0.00688	0.01866	0.04561	0.28634	0.15338	0.13311	0.07302	0.09580	0.00925	0.00244	0.00440	0.02579	0.03964	0.00729
20	0.02862	0.00696	0.00865	0.00860	0.01014	0.00669	0.00624	0.01407	0.06881	0.10450	0.21227	0.34283	0.05916	0.04862	0.00814	0.00233	0.00376	0.01236	0.04106	0.00619
21	0.01688	0.01360	0.01445	0.01229	0.01602	0.01525	0.00975	0.24980	0.42631	0.02894	0.05059	0.02405	0.07712	0.00874	0.00631	0.00199	0.00523	0.00712	0.00617	0.00940
22	0.00918	0.00691	0.00818	0.00770	0.00932	0.00657	0.00567	0.03445	0.05326	0.02176	0.44556	0.04578	0.20153	0.10549	0.01001	0.00244	0.00352	0.01083	0.00610	0.00574
23	0.05100	0.00859	0.01027	0.00913	0.01194	0.00769	0.00683	0.04365	0.03560	0.08516	0.07242	0.32005	0.02591	0.02855	0.00683	0.00192	0.00423	0.01009	0.00520	0.25493
24	0.00803	0.00591	0.00752	0.00780	0.00893	0.00540	0.00559	0.01007	0.01482	0.02019	0.39108	0.31670	0.14462	0.01536	0.00744	0.00215	0.00316	0.01364	0.00621	0.00540
25	0.01637	0.78856	0.03208	0.01047	0.01571	0.02422	0.01047	0.01833	0.01244	0.01440	0.00851	0.00982	0.00786	0.00524	0.00393	0.00131	0.00655	0.00327	0.00262	0.00786
26	0.02232	0.01667	0.01784	0.01389	0.01862	0.01854	0.01140	0.64427	0.11234	0.03704	0.01590	0.01566	0.01139	0.00746	0.00614	0.00187	0.00651	0.00568	0.00614	0.01032
27	0.01133	0.00716	0.01004	0.01043	0.04992	0.00722	0.00722	0.01323	0.01246	0.11120	0.14349	0.14129	0.02697	0.14132	0.27263	0.00536	0.00868	0.00917	0.00483	0.00605
28	0.00861	0.00596	0.00750	0.00819	0.00859	0.00590	0.00556	0.00953	0.01073	0.01426	0.02597	0.27608	0.02993	0.38117	0.05011	0.00448	0.00557	0.13273	0.00464	0.00451
29	0.01063	0.00532	0.00797	0.00797	0.00797	0.00532	0.00532	0.00797	0.00797	0.01063	0.01063	0.01861	0.01063	0.02127	0.02392	0.82190	0.00532	0.00532	0.00266	0.00266
30	0.08967	0.07330	0.02701	0.12816	0.04977	0.10740	0.35858	0.01990	0.01412	0.05680	0.01176	0.01490	0.00892	0.00563	0.00621	0.00191	0.00896	0.00581	0.00331	0.00788
31	0.01489	0.01322	0.01848	0.56092	0.03587	0.10140	0.04446	0.01852	0.01356	0.10243	0.01234	0.01624	0.00900	0.00627	0.00610	0.00197	0.00824	0.00542	0.00336	0.00732

[dist]
# distance from previous block
# <min> <max>
0	12

[block]
# block no. 8 follows, 37 sequences, length 16
# corresponding to MSA columns:
# 429-444
name=unknown_I
#
# <colnr> <probs for GDERKNQSTAVLIFYWHMCP>
#	G	D	E	R	K	N	Q	S	T	A	V	L	I	F	Y	W	H	M	C	P
0	0.01027	0.00649	0.00845	0.00819	0.00911	0.00621	0.00559	0.01041	0.05022	0.01364	0.01798	0.14021	0.04220	0.12326	0.01873	0.41851	0.00494	0.00784	0.00368	0.09407
1	0.00792	0.00568	0.00752	0.00821	0.00898	0.00528	0.00572	0.00968	0.01387	0.01904	0.30571	0.49916	0.04710	0.01662	0.00759	0.00227	0.00330	0.01498	0.00609	0.00528
2	0.01048	0.00539	0.00799	0.00795	0.00806	0.00535	0.00535	0.00825	0.00868	0.01169	0.06606	0.02066	0.01420	0.02060	0.02266	0.75988	0.00513	0.00575	0.00297	0.00289
3	0.01405	0.01084	0.01283	0.00923	0.01461	0.00824	0.00741	0.01674	0.01314	0.08728	0.01210	0.01344	0.00963	0.00481	0.00468	0.00100	0.00460	0.00386	0.00399	0.74751
4	0.01228	0.03166	0.75316	0.01745	0.02649	0.01422	0.02262	0.01939	0.01292	0.01939	0.01099	0.01292	0.00775	0.00582	0.00582	0.00194	0.00905	0.00452	0.00258	0.00905
5	0.70929	0.01172	0.00951	0.00851	0.01212	0.01344	0.00691	0.06722	0.01181	0.02735	0.01087	0.06859	0.00946	0.00682	0.00426	0.00193	0.00479	0.00454	0.00410	0.00677
6	0.01284	0.02125	0.39616	0.01540	0.02166	0.01198	0.10497	0.04244	0.01511	0.06353	0.20779	0.02266	0.02183	0.00768	0.00640	0.00194	0.00726	0.00674	0.00417	0.00820
7	0.00866	0.00626	0.00818	0.00770	0.00914	0.00578	0.00578	0.01155	0.01733	0.02455	0.74346	0.04572	0.05776	0.01251	0.00722	0.00193	0.00289	0.01107	0.00674	0.00578
8	0.00759	0.00538	0.00706	0.00835	0.00868	0.00506	0.00550	0.00856	0.01146	0.01528	0.03241	0.71262	0.03881	0.08973	0.00996	0.00280	0.00377	0.01662	0.00550	0.00486
9	0.00911	0.00576	0.00806	0.00839	0.00876	0.00597	0.00576	0.00905	0.00949	0.01295	0.01893	0.19868	0.02068	0.15449	0.21994	0.27915	0.00800	0.00902	0.00369	0.00412
10	0.00901	0.00766	0.05242	0.00841	0.00931	0.00696	0.00618	0.01018	0.00953	0.01319	0.01828	0.05516	0.01966	0.47495	0.26645	0.00686	0.00946	0.00813	0.00356	0.00464
11	0.02287	0.02917	0.01735	0.01577	0.01892	0.76030	0.01183	0.02444	0.01735	0.01498	0.00946	0.01104	0.00788	0.00631	0.00552	0.00158	0.01104	0.00394	0.00315	0.00710
12	0.01527	0.01419	0.01350	0.01232	0.01550	0.09881	0.00947	0.02912	0.57868	0.02340	0.02533	0.06849	0.05093	0.00905	0.00629	0.00204	0.00539	0.00748	0.00582	0.00891
13	0.00875	0.00672	0.00822	0.00758	0.00955	0.00587	0.00570	0.01124	0.01578	0.02184	0.47692	0.08513	0.19669	0.01261	0.00695	0.00187	0.00316	0.01096	0.00610	0.09836
14	0.01138	0.01338	0.16912	0.04139	0.01757	0.00972	0.09800	0.01464	0.01323	0.06971	0.10392	0.31481	0.02683	0.01209	0.00781	0.00221	0.05186	0.01078	0.00468	0.00687
15	0.09328	0.02791	0.10020	0.01527	0.01915	0.60914	0.01259	0.02329	0.01623	0.01659	0.00955	0.01116	0.00776	0.00620	0.00540	0.00165	0.01025	0.00395	0.00315	0.00728

[dist]
# distance from previous block
# <min> <max>
1	3

[block]
# block no. 9 follows, 37 sequences, length 17
# corresponding to MSA columns:
# 448-464
name=unknown_J
#
# <colnr> <probs for GDERKNQSTAVLIFYWHMCP>
#	G	D	E	R	K	N	Q	S	T	A	V	L	I	F	Y	W	H	M	C	P
0	0.02327	0.01715	0.01837	0.01408	0.01898	0.01898	0.01163	0.72628	0.02878	0.03858	0.01470	0.01470	0.01041	0.00735	0.00612	0.00184	0.00674	0.00551	0.00612	0.01041
1	0.03704	0.01375	0.01686	0.01460	0.06003	0.01552	0.01131	0.30386	0.01947	0.15774	0.03969	0.01901	0.05606	0.00871	0.00960	0.00207	0.19431	0.00615	0.00530	0.00892
2	0.01567	0.14604	0.47575	0.01560	0.02286	0.12395	0.01808	0.02080	0.01386	0.07674	0.01144	0.01281	0.00838	0.00594	0.00551	0.00179	0.00864	0.00438	0.00307	0.00869
3	0.01036	0.00549	0.00824	0.00824	0.00840	0.00565	0.00565	0.00840	0.00824	0.01114	0.01145	0.01938	0.01130	0.02477	0.12879	0.70631	0.00689	0.00549	0.00275	0.00306
4	0.82811	0.01184	0.00900	0.00805	0.01184	0.01373	0.00663	0.01799	0.01042	0.02746	0.00852	0.00994	0.00663	0.00568	0.00379	0.00189	0.00474	0.00331	0.00379	0.00663
5	0.01307	0.01130	0.05581	0.01075	0.01379	0.01097	0.00882	0.02299	0.36233	0.06771	0.25846	0.06285	0.05494	0.01017	0.00662	0.00203	0.00437	0.00871	0.00622	0.00808
6	0.01918	0.01480	0.01814	0.01450	0.01844	0.03123	0.07838	0.43822	0.02240	0.05440	0.01676	0.04412	0.01400	0.01126	0.05869	0.00257	0.05246	0.07615	0.00537	0.00894
7	0.01394	0.01121	0.01308	0.00943	0.01481	0.00880	0.00757	0.05555	0.01380	0.05352	0.01168	0.01317	0.00941	0.00483	0.00469	0.00100	0.00469	0.00384	0.00394	0.74105
8	0.01064	0.00719	0.00912	0.00804	0.00973	0.00643	0.00560	0.01065	0.01002	0.01434	0.04009	0.02357	0.01507	0.21115	0.05341	0.30727	0.00567	0.00600	0.00339	0.24263
9	0.01090	0.00971	0.01352	0.01248	0.01273	0.01255	0.00982	0.01208	0.00994	0.01457	0.01632	0.20569	0.01800	0.06405	0.12433	0.03172	0.40355	0.00870	0.00356	0.00578
10	0.01063	0.00532	0.00797	0.00797	0.00797	0.00532	0.00532	0.00797	0.00797	0.01063	0.01063	0.01861	0.01063	0.02127	0.02392	0.82190	0.00532	0.00532	0.00266	0.00266
11	0.00874	0.00656	0.00984	0.00984	0.01093	0.00765	0.00765	0.01093	0.00984	0.01421	0.01640	0.02405	0.01530	0.04591	0.76062	0.00984	0.01640	0.00656	0.00328	0.00547
12	0.01054	0.00628	0.00779	0.00770	0.00841	0.00605	0.00499	0.01119	0.01109	0.08870	0.08797	0.18645	0.02775	0.43078	0.03824	0.04088	0.00532	0.01032	0.00472	0.00482
13	0.04273	0.01145	0.01257	0.01106	0.01418	0.01261	0.00864	0.10586	0.37752	0.07480	0.12104	0.02705	0.06297	0.03641	0.05107	0.00259	0.00543	0.00752	0.00601	0.00850
14	0.02270	0.05944	0.01870	0.01428	0.04088	0.04035	0.01145	0.54512	0.05592	0.10629	0.01547	0.01529	0.01099	0.00720	0.00599	0.00182	0.00664	0.00546	0.00589	0.01012
15	0.02411	0.00966	0.01315	0.01053	0.01461	0.00844	0.00860	0.02647	0.01703	0.62124	0.08112	0.06753	0.02077	0.00902	0.00643	0.00197	0.00495	0.03751	0.00732	0.00954
16	0.00765	0.00549	0.00716	0.00825	0.00876	0.00511	0.00554	0.00886	0.01222	0.01637	0.10655	0.63758	0.06814	0.06031	0.00901	0.00260	0.00360	0.01612	0.00568	0.00499

