[name]
unknown

[dist]
# distance from previous block
# <min> <max>
0	11

[block]
# block no. 0 follows, 36 sequences, length 18
# corresponding to MSA columns:
# 11-28
name=unknown_A
#
# <colnr> <probs for GDERKNQSTAVLIFYWHMCP>
#	G	D	E	R	K	N	Q	S	T	A	V	L	I	F	Y	W	H	M	C	P
0	0.01004	0.00717	0.01004	0.01147	0.01291	0.00717	0.01004	0.01291	0.01434	0.01865	0.03299	0.07028	0.03586	0.01721	0.00861	0.00287	0.00574	0.70023	0.00574	0.00574
1	0.02472	0.01578	0.01767	0.01354	0.01849	0.01685	0.01119	0.55316	0.02650	0.21144	0.01730	0.01648	0.01177	0.00754	0.00624	0.00188	0.00648	0.00577	0.00659	0.01060
2	0.82504	0.01205	0.00916	0.00819	0.01205	0.01398	0.00675	0.01832	0.01060	0.02795	0.00868	0.01012	0.00675	0.00578	0.00386	0.00193	0.00482	0.00337	0.00386	0.00675
3	0.02018	0.01092	0.01339	0.01110	0.01463	0.01075	0.00881	0.21708	0.01975	0.30822	0.10610	0.18505	0.02461	0.01077	0.00674	0.00204	0.00510	0.00912	0.00678	0.00887
4	0.63580	0.01257	0.01227	0.01291	0.10637	0.01462	0.00906	0.01807	0.01095	0.02562	0.00901	0.01117	0.00730	0.00629	0.00589	0.00200	0.08541	0.00387	0.00364	0.00716
5	0.01177	0.01107	0.01869	0.76606	0.04291	0.01384	0.01730	0.01592	0.01246	0.01592	0.01107	0.01661	0.00831	0.00623	0.00623	0.00208	0.00831	0.00554	0.00277	0.00692
6	0.04865	0.01462	0.02092	0.35291	0.32987	0.09213	0.01706	0.01829	0.01364	0.01820	0.01109	0.01528	0.00886	0.00595	0.00604	0.00193	0.00809	0.00529	0.00299	0.00817
7	0.02083	0.01603	0.01709	0.01376	0.01823	0.01799	0.01115	0.48108	0.27426	0.03466	0.01859	0.01785	0.01354	0.00782	0.00627	0.00195	0.00618	0.00611	0.00627	0.01034
8	0.09216	0.01363	0.01644	0.01441	0.05439	0.06183	0.02997	0.11101	0.03299	0.25676	0.04001	0.04675	0.01399	0.00859	0.00928	0.00211	0.17547	0.00621	0.00528	0.00872
9	0.00890	0.00668	0.01001	0.01001	0.01113	0.00779	0.00779	0.01113	0.01001	0.01446	0.01669	0.02448	0.01558	0.04673	0.75634	0.01001	0.01669	0.00668	0.00334	0.00556
10	0.01177	0.01107	0.01869	0.76606	0.04291	0.01384	0.01730	0.01592	0.01246	0.01592	0.01107	0.01661	0.00831	0.00623	0.00623	0.00208	0.00831	0.00554	0.00277	0.00692
11	0.01542	0.01480	0.02529	0.03824	0.74217	0.01480	0.01912	0.01912	0.01419	0.02036	0.01172	0.01542	0.00987	0.00555	0.00617	0.00185	0.00740	0.00555	0.00308	0.00987
12	0.30858	0.01342	0.01480	0.01229	0.01535	0.01592	0.01018	0.16109	0.01507	0.12626	0.01201	0.01369	0.00916	0.00793	0.00965	0.00216	0.23498	0.00485	0.00453	0.00808
13	0.00842	0.00606	0.00797	0.00811	0.00922	0.00561	0.00585	0.01075	0.01577	0.02201	0.50837	0.28552	0.05304	0.01496	0.00755	0.00215	0.00316	0.01338	0.00651	0.00561
14	0.01562	0.01479	0.05598	0.01489	0.01916	0.01528	0.11495	0.03038	0.56528	0.04766	0.02271	0.02170	0.01691	0.00783	0.00646	0.00210	0.00599	0.00694	0.00572	0.00964
15	0.01591	0.25395	0.11950	0.04518	0.19827	0.05823	0.04788	0.03885	0.12692	0.01945	0.01284	0.01456	0.01032	0.00609	0.00553	0.00176	0.00739	0.00498	0.00349	0.00891
16	0.01829	0.15413	0.08614	0.17304	0.11825	0.01634	0.03801	0.15801	0.01704	0.14153	0.01377	0.01540	0.01008	0.00641	0.00584	0.00184	0.00727	0.00525	0.00428	0.00908
17	0.00949	0.00719	0.00902	0.00867	0.01038	0.00709	0.00667	0.01378	0.09130	0.02301	0.48881	0.04539	0.11150	0.01566	0.06789	0.00271	0.00450	0.06441	0.00633	0.00620

[dist]
# distance from previous block
# <min> <max>
7	12

[block]
# block no. 1 follows, 36 sequences, length 20
# corresponding to MSA columns:
# 42-61
name=unknown_B
#
# <colnr> <probs for GDERKNQSTAVLIFYWHMCP>
#	G	D	E	R	K	N	Q	S	T	A	V	L	I	F	Y	W	H	M	C	P
0	0.01346	0.12619	0.49504	0.01685	0.02408	0.01641	0.05795	0.01991	0.05623	0.01897	0.01147	0.01361	0.00870	0.00648	0.00731	0.00198	0.08884	0.00483	0.00290	0.00879
1	0.01217	0.01191	0.10083	0.19100	0.02207	0.01010	0.07603	0.03480	0.01441	0.07594	0.12458	0.17009	0.07387	0.01044	0.00679	0.00209	0.00608	0.00935	0.04040	0.00704
2	0.00791	0.00626	0.00712	0.00706	0.00879	0.00547	0.00523	0.00994	0.01527	0.01971	0.30591	0.11264	0.43664	0.01498	0.00741	0.00209	0.00311	0.01283	0.00617	0.00547
3	0.04813	0.00861	0.01102	0.00931	0.01223	0.00798	0.00735	0.05119	0.01797	0.28289	0.42265	0.03464	0.03910	0.01043	0.00678	0.00194	0.00403	0.00892	0.00702	0.00781
4	0.01247	0.01160	0.01989	0.48355	0.17545	0.01321	0.06667	0.01637	0.01297	0.01753	0.01310	0.05679	0.01090	0.00679	0.00627	0.00202	0.00771	0.00633	0.05295	0.00744
5	0.01093	0.00685	0.00895	0.00815	0.01002	0.00623	0.00621	0.01376	0.01753	0.10630	0.63363	0.04416	0.07853	0.01228	0.00723	0.00196	0.00321	0.01077	0.00692	0.00639
6	0.01209	0.01137	0.04691	0.01201	0.04501	0.04861	0.04593	0.04952	0.14186	0.02329	0.31275	0.07926	0.09648	0.01088	0.00685	0.00200	0.00484	0.00949	0.03366	0.00722
7	0.23959	0.01203	0.01603	0.04549	0.01807	0.01201	0.10341	0.06675	0.01571	0.34577	0.01731	0.01714	0.01170	0.00676	0.00567	0.00193	0.00598	0.00554	0.04424	0.00888
8	0.01491	0.01137	0.01274	0.01132	0.01422	0.01204	0.00875	0.26576	0.13403	0.02619	0.02626	0.28610	0.06146	0.01242	0.00690	0.00213	0.00507	0.03177	0.00592	0.05064
9	0.01189	0.01108	0.01888	0.69788	0.04079	0.01355	0.04759	0.01603	0.01259	0.01644	0.01158	0.01693	0.00872	0.00623	0.00619	0.00205	0.00815	0.00563	0.04089	0.00693
10	0.82504	0.01205	0.00916	0.00819	0.01205	0.01398	0.00675	0.01832	0.01060	0.02795	0.00868	0.01012	0.00675	0.00578	0.00386	0.00193	0.00482	0.00337	0.00386	0.00675
11	0.42415	0.01490	0.01354	0.01120	0.01545	0.04369	0.00915	0.29230	0.07186	0.03173	0.01239	0.01302	0.00920	0.00666	0.00503	0.00191	0.00586	0.00454	0.00494	0.00849
12	0.02327	0.02970	0.01766	0.01605	0.01926	0.75602	0.01204	0.02488	0.01766	0.01525	0.00963	0.01124	0.00803	0.00642	0.00562	0.00161	0.01124	0.00401	0.00321	0.00722
13	0.00875	0.00739	0.01126	0.01057	0.01236	0.00677	0.10272	0.01077	0.01345	0.01746	0.08179	0.38280	0.22836	0.01598	0.00772	0.00235	0.00454	0.06383	0.00549	0.00567
14	0.00846	0.00596	0.00690	0.00720	0.00768	0.00569	0.00449	0.00910	0.01094	0.01435	0.06720	0.21162	0.13781	0.45108	0.02133	0.00443	0.00489	0.01177	0.00470	0.00440
15	0.01370	0.15197	0.56875	0.01694	0.02521	0.01636	0.05748	0.04560	0.01376	0.01965	0.01099	0.01291	0.00809	0.00585	0.00570	0.00187	0.00878	0.00458	0.00280	0.00902
16	0.00829	0.00631	0.00763	0.00739	0.00901	0.00564	0.00551	0.01071	0.01626	0.02194	0.48842	0.08564	0.27648	0.01404	0.00738	0.00203	0.00304	0.01218	0.00646	0.00564
17	0.01266	0.01468	0.14985	0.01293	0.03668	0.04994	0.03412	0.05473	0.12482	0.03505	0.22579	0.10364	0.06161	0.01070	0.00685	0.00207	0.00569	0.04527	0.00534	0.00759
18	0.01252	0.18539	0.05422	0.01083	0.01361	0.03434	0.00919	0.04891	0.09384	0.01915	0.11269	0.25257	0.05438	0.01187	0.00735	0.00205	0.05537	0.00984	0.00486	0.00702
19	0.02104	0.01358	0.07181	0.01245	0.01775	0.01116	0.05306	0.11304	0.03912	0.34725	0.03822	0.01837	0.01374	0.00684	0.00595	0.00171	0.00588	0.00569	0.00586	0.19745

[dist]
# distance from previous block
# <min> <max>
3	62

[block]
# block no. 2 follows, 36 sequences, length 18
# corresponding to MSA columns:
# 125-142
name=unknown_C
#
# <colnr> <probs for GDERKNQSTAVLIFYWHMCP>
#	G	D	E	R	K	N	Q	S	T	A	V	L	I	F	Y	W	H	M	C	P
0	0.04720	0.01348	0.03384	0.03941	0.22351	0.01306	0.05259	0.12544	0.06827	0.11203	0.04153	0.01878	0.03248	0.00681	0.00598	0.00178	0.00621	0.00593	0.04056	0.11110
1	0.11009	0.01492	0.01930	0.06004	0.02074	0.01631	0.11289	0.35611	0.02115	0.08021	0.05983	0.01713	0.01309	0.00749	0.00721	0.00199	0.06123	0.00600	0.00521	0.00906
2	0.00800	0.00573	0.00763	0.00862	0.00929	0.00536	0.00602	0.00961	0.01338	0.01816	0.19841	0.57148	0.04504	0.01782	0.00784	0.00241	0.00356	0.05032	0.00603	0.00529
3	0.02123	0.01091	0.01311	0.01091	0.01479	0.01093	0.00873	0.02910	0.26987	0.38913	0.02426	0.02221	0.01677	0.00791	0.00602	0.00193	0.00483	0.00648	0.12121	0.00966
4	0.00860	0.00643	0.00812	0.00909	0.01040	0.00603	0.00719	0.01053	0.01350	0.01719	0.04163	0.24856	0.24122	0.04354	0.00887	0.00267	0.00445	0.30093	0.00570	0.00536
5	0.00770	0.00550	0.00736	0.00880	0.00921	0.00516	0.00598	0.00887	0.01204	0.01603	0.03428	0.74517	0.04097	0.01942	0.00798	0.00255	0.00371	0.04842	0.00578	0.00509
6	0.01292	0.01107	0.01292	0.00923	0.01477	0.00831	0.00738	0.01569	0.01292	0.02030	0.01107	0.01292	0.00923	0.00461	0.00461	0.00092	0.00461	0.00369	0.00369	0.81912
7	0.01707	0.01367	0.01577	0.01346	0.01735	0.01530	0.05050	0.08527	0.57927	0.08388	0.02377	0.02208	0.01754	0.00814	0.00638	0.00208	0.00543	0.00689	0.00626	0.00989
8	0.01482	0.01419	0.02420	0.15884	0.62630	0.01464	0.01882	0.01859	0.01390	0.01962	0.01161	0.01562	0.00961	0.00566	0.00618	0.00189	0.00755	0.00555	0.00303	0.00938
9	0.00904	0.00613	0.00725	0.00725	0.00741	0.00629	0.00435	0.00935	0.00920	0.01242	0.01921	0.03846	0.02165	0.67665	0.13472	0.00661	0.00755	0.00872	0.00371	0.00403
10	0.01330	0.01324	0.01942	0.53655	0.11880	0.07188	0.01668	0.01687	0.01272	0.01627	0.01070	0.01571	0.00845	0.00671	0.00783	0.00209	0.09725	0.00541	0.00283	0.00727
11	0.01633	0.01652	0.02441	0.03568	0.65862	0.10046	0.01830	0.01979	0.01459	0.01977	0.01148	0.01494	0.00966	0.00565	0.00610	0.00182	0.00785	0.00537	0.00310	0.00956
12	0.00759	0.00542	0.00723	0.00868	0.00904	0.00506	0.00578	0.00868	0.01193	0.01591	0.03434	0.77697	0.04121	0.01952	0.00795	0.00253	0.00361	0.01771	0.00578	0.00506
13	0.00785	0.00633	0.00698	0.00682	0.00871	0.00547	0.00511	0.00988	0.01534	0.01954	0.28778	0.05550	0.51328	0.01477	0.00736	0.00206	0.00308	0.01252	0.00614	0.00547
14	0.01072	0.00545	0.00804	0.00804	0.00804	0.00545	0.00531	0.00817	0.00817	0.01090	0.01135	0.02025	0.01153	0.06728	0.02479	0.76988	0.00545	0.00563	0.00277	0.00277
15	0.00825	0.00631	0.00756	0.00733	0.00898	0.00562	0.00547	0.01062	0.01616	0.02167	0.46658	0.08361	0.30098	0.01412	0.00738	0.00204	0.00305	0.01222	0.00643	0.00562
16	0.01505	0.01443	0.02462	0.11158	0.67171	0.01471	0.01894	0.01880	0.01401	0.01991	0.01165	0.01554	0.00971	0.00562	0.00617	0.00187	0.00749	0.00555	0.00305	0.00957
17	0.01177	0.01107	0.01869	0.76606	0.04291	0.01384	0.01730	0.01592	0.01246	0.01592	0.01107	0.01661	0.00831	0.00623	0.00623	0.00208	0.00831	0.00554	0.00277	0.00692

[dist]
# distance from previous block
# <min> <max>
0	14

[block]
# block no. 3 follows, 36 sequences, length 11
# corresponding to MSA columns:
# 157-167
name=unknown_D
#
# <colnr> <probs for GDERKNQSTAVLIFYWHMCP>
#	G	D	E	R	K	N	Q	S	T	A	V	L	I	F	Y	W	H	M	C	P
0	0.59843	0.01704	0.01156	0.01041	0.01409	0.22371	0.00824	0.02017	0.01260	0.02436	0.00895	0.01044	0.00711	0.00596	0.00435	0.00184	0.00663	0.00355	0.00367	0.00688
1	0.01713	0.73081	0.03158	0.01105	0.01623	0.07693	0.01076	0.01910	0.01302	0.01470	0.00873	0.01008	0.00800	0.00541	0.00411	0.00135	0.00699	0.00338	0.00270	0.00794
2	0.00900	0.00628	0.00800	0.00800	0.00842	0.00670	0.00528	0.00984	0.00942	0.01297	0.01853	0.03466	0.02000	0.50571	0.30340	0.00753	0.01003	0.00817	0.00361	0.00445
3	0.00806	0.00579	0.00765	0.00835	0.00914	0.00538	0.00582	0.00986	0.01413	0.01940	0.30545	0.49590	0.04797	0.01691	0.00772	0.00231	0.00335	0.01523	0.00620	0.00538
4	0.00747	0.00627	0.00649	0.00653	0.00850	0.00529	0.00486	0.00910	0.01429	0.01728	0.10300	0.09804	0.65999	0.01580	0.00739	0.00212	0.00317	0.01328	0.00585	0.00529
5	0.01268	0.00754	0.00977	0.00871	0.01090	0.00703	0.00670	0.01637	0.05856	0.15630	0.56803	0.04060	0.04862	0.01158	0.00709	0.00196	0.00348	0.01012	0.00698	0.00697
6	0.12910	0.01707	0.10158	0.01502	0.02007	0.01628	0.10217	0.27893	0.11789	0.08383	0.01524	0.01589	0.01104	0.00709	0.00665	0.00199	0.04006	0.00565	0.00508	0.00937
7	0.17802	0.01562	0.11775	0.01504	0.10003	0.01413	0.01192	0.10677	0.19918	0.09910	0.01679	0.01775	0.01263	0.03478	0.00659	0.00210	0.00603	0.00558	0.03121	0.00896
8	0.36125	0.01330	0.01339	0.01088	0.01526	0.01442	0.00894	0.21870	0.06210	0.20194	0.01525	0.01492	0.01065	0.00688	0.00525	0.00192	0.00551	0.00491	0.00559	0.00893
9	0.07764	0.28684	0.07226	0.01139	0.01597	0.01751	0.01044	0.16594	0.07618	0.06449	0.05257	0.01864	0.03893	0.05766	0.00701	0.00200	0.00617	0.00550	0.00449	0.00836
10	0.25025	0.16792	0.19965	0.01302	0.01827	0.06037	0.04122	0.01985	0.03856	0.05224	0.03111	0.01337	0.00981	0.00644	0.00596	0.00187	0.05416	0.00447	0.00352	0.00795

[dist]
# distance from previous block
# <min> <max>
0	85

[block]
# block no. 4 follows, 36 sequences, length 43
# corresponding to MSA columns:
# 253-295
name=unknown_E
#
# <colnr> <probs for GDERKNQSTAVLIFYWHMCP>
#	G	D	E	R	K	N	Q	S	T	A	V	L	I	F	Y	W	H	M	C	P
0	0.37149	0.14027	0.03695	0.01098	0.04453	0.04169	0.00896	0.01987	0.04744	0.08892	0.05497	0.01452	0.01187	0.00634	0.00472	0.00174	0.00552	0.00446	0.00420	0.08058
1	0.05213	0.14456	0.13996	0.02235	0.28524	0.03984	0.01545	0.04690	0.06331	0.11214	0.01359	0.01504	0.01039	0.00615	0.00568	0.00181	0.00713	0.00508	0.00390	0.00935
2	0.16857	0.01612	0.11156	0.08439	0.35009	0.01477	0.01582	0.04615	0.09368	0.02269	0.01266	0.01508	0.00995	0.00609	0.00572	0.00193	0.00692	0.00519	0.00363	0.00898
3	0.48134	0.03643	0.01127	0.00939	0.01288	0.01313	0.00760	0.01951	0.09770	0.06546	0.05698	0.06057	0.01411	0.00759	0.00550	0.00195	0.03764	0.00541	0.00457	0.05099
4	0.18533	0.01276	0.01746	0.04090	0.27517	0.01291	0.01256	0.04419	0.05142	0.26290	0.01612	0.01667	0.01151	0.00654	0.00574	0.00191	0.00606	0.00542	0.00502	0.00941
5	0.00905	0.00673	0.00837	0.00790	0.00947	0.00635	0.00588	0.01251	0.05532	0.02364	0.60134	0.04629	0.11981	0.04985	0.00847	0.00218	0.00322	0.01111	0.00658	0.00593
6	0.01618	0.01687	0.01931	0.27058	0.09800	0.18628	0.06514	0.04010	0.18502	0.01947	0.01440	0.01680	0.01108	0.00670	0.00619	0.00195	0.00822	0.00568	0.00386	0.00818
7	0.01375	0.01003	0.01201	0.01055	0.01237	0.01124	0.00798	0.21993	0.01538	0.02116	0.01634	0.02552	0.01553	0.24759	0.22445	0.04057	0.05777	0.00691	0.02443	0.00648
8	0.00951	0.00804	0.00935	0.09495	0.01393	0.02582	0.00760	0.03728	0.03404	0.01827	0.07839	0.13763	0.38621	0.01444	0.00735	0.00222	0.00450	0.09915	0.00545	0.00588
9	0.00845	0.00635	0.00782	0.00745	0.00908	0.00572	0.00559	0.01105	0.01677	0.02293	0.56825	0.04993	0.23070	0.01351	0.00735	0.00200	0.00299	0.01174	0.00659	0.00572
10	0.01432	0.02371	0.40829	0.01912	0.13784	0.04932	0.01808	0.06133	0.04141	0.04748	0.08042	0.04201	0.01484	0.00721	0.00619	0.00195	0.00782	0.00598	0.00376	0.00893
11	0.01442	0.01370	0.01895	0.03801	0.01728	0.01873	0.01355	0.05340	0.01087	0.03176	0.00897	0.01395	0.00847	0.01052	0.01897	0.00264	0.69020	0.00548	0.00302	0.00710
12	0.00763	0.00632	0.00668	0.00659	0.00858	0.00537	0.00495	0.00946	0.01484	0.01834	0.18807	0.05748	0.61375	0.01522	0.00736	0.00208	0.00312	0.01280	0.00598	0.00537
13	0.00807	0.00547	0.00706	0.00833	0.00882	0.00515	0.00561	0.00937	0.01206	0.01678	0.03266	0.68677	0.03819	0.01805	0.00752	0.00240	0.00353	0.01629	0.10269	0.00515
14	0.05215	0.00892	0.01109	0.04284	0.01332	0.03039	0.00833	0.04000	0.09724	0.01732	0.01706	0.02387	0.01541	0.09533	0.48961	0.00747	0.01295	0.00658	0.00383	0.00628
15	0.01586	0.04845	0.06146	0.06268	0.60850	0.01487	0.01835	0.01961	0.01420	0.05903	0.01223	0.01543	0.00993	0.00570	0.00607	0.00185	0.00738	0.00545	0.00328	0.00968
16	0.01680	0.42513	0.21109	0.01285	0.01911	0.01985	0.01370	0.10344	0.01504	0.05447	0.01095	0.01208	0.00870	0.00582	0.00489	0.00157	0.00716	0.00409	0.00338	0.04988
17	0.01494	0.10871	0.03627	0.02439	0.03058	0.01682	0.63471	0.01980	0.01446	0.01932	0.01213	0.01599	0.00928	0.00526	0.00695	0.00201	0.01004	0.00687	0.00309	0.00835
18	0.00922	0.00768	0.00759	0.00734	0.00923	0.05053	0.00550	0.01138	0.01540	0.02002	0.27310	0.04895	0.40220	0.01336	0.00695	0.00196	0.00354	0.01124	0.08918	0.00563
19	0.05542	0.01382	0.03624	0.06067	0.56527	0.01362	0.02811	0.01792	0.01400	0.02056	0.05631	0.06270	0.01441	0.00686	0.00624	0.00192	0.00690	0.00652	0.00349	0.00903
20	0.01644	0.01804	0.01803	0.01574	0.01679	0.23461	0.01263	0.03234	0.01231	0.01543	0.00933	0.01433	0.00892	0.04858	0.01637	0.00255	0.49249	0.00522	0.00299	0.00686
21	0.00771	0.00573	0.00740	0.00842	0.00918	0.00542	0.00584	0.00902	0.01210	0.01590	0.03731	0.56032	0.16146	0.02212	0.09741	0.00335	0.00510	0.01559	0.00549	0.00516
22	0.01372	0.01316	0.02316	0.14978	0.41779	0.01351	0.11259	0.01737	0.01355	0.01890	0.03864	0.01898	0.01242	0.05484	0.05270	0.00266	0.00829	0.00628	0.00323	0.00843
23	0.01726	0.04278	0.02092	0.08880	0.20676	0.02702	0.10321	0.09806	0.08578	0.13501	0.04804	0.06723	0.01552	0.00762	0.00644	0.00197	0.00686	0.00696	0.00477	0.00901
24	0.01584	0.01550	0.06566	0.04955	0.45162	0.04135	0.04327	0.06108	0.01533	0.05872	0.05337	0.01869	0.03868	0.00680	0.00685	0.00192	0.03671	0.00612	0.00377	0.00918
25	0.42995	0.14244	0.10346	0.01278	0.05175	0.10990	0.03367	0.01946	0.01244	0.02258	0.00937	0.01108	0.00749	0.00578	0.00457	0.00180	0.00676	0.00383	0.00337	0.00751
26	0.00932	0.00807	0.04867	0.01055	0.03698	0.00694	0.00765	0.05274	0.01345	0.01818	0.07260	0.56591	0.03663	0.04443	0.00852	0.00254	0.00437	0.04109	0.00553	0.00582
27	0.01082	0.00541	0.00812	0.00812	0.00812	0.00541	0.00541	0.00812	0.00812	0.01082	0.01082	0.01894	0.01082	0.02165	0.02435	0.81872	0.00541	0.00541	0.00271	0.00271
28	0.01292	0.01107	0.01292	0.00923	0.01477	0.00831	0.00738	0.01569	0.01292	0.02030	0.01107	0.01292	0.00923	0.00461	0.00461	0.00092	0.00461	0.00369	0.00369	0.81912
29	0.04610	0.10987	0.21447	0.01393	0.03956	0.01411	0.02677	0.11844	0.01655	0.12714	0.11306	0.02233	0.03563	0.00814	0.00665	0.00194	0.03606	0.03594	0.00473	0.00859
30	0.07675	0.10576	0.19276	0.01315	0.03879	0.06210	0.01249	0.08054	0.01561	0.12143	0.11102	0.01903	0.01655	0.00794	0.00675	0.03185	0.02549	0.00568	0.04816	0.00816
31	0.01056	0.15012	0.01189	0.00774	0.00901	0.00953	0.00534	0.01113	0.01008	0.01318	0.01807	0.07772	0.02041	0.55480	0.02387	0.00471	0.00594	0.00826	0.00369	0.04395
32	0.05761	0.24484	0.11262	0.01258	0.01757	0.03852	0.04936	0.08884	0.07217	0.08053	0.03996	0.01674	0.01262	0.04508	0.03092	0.00216	0.00703	0.00519	0.00412	0.06154
33	0.03196	0.13406	0.26966	0.01574	0.09237	0.03804	0.01463	0.02082	0.05050	0.14077	0.05765	0.01874	0.01407	0.06560	0.00773	0.00216	0.00714	0.00560	0.00410	0.00864
34	0.05812	0.06852	0.05263	0.01012	0.01351	0.01009	0.02563	0.03983	0.03605	0.09499	0.10990	0.07931	0.02157	0.13201	0.05416	0.00289	0.00600	0.02042	0.00473	0.15953
35	0.06173	0.11161	0.13673	0.05847	0.05572	0.03229	0.01231	0.06561	0.08416	0.15123	0.01545	0.03214	0.01188	0.02961	0.00635	0.00187	0.00647	0.00535	0.00449	0.11654
36	0.04520	0.04467	0.19314	0.01316	0.01821	0.04472	0.03833	0.08628	0.12068	0.12111	0.14862	0.02251	0.03151	0.00799	0.00619	0.00190	0.00633	0.00658	0.00513	0.03773
37	0.18888	0.11894	0.11797	0.01368	0.05412	0.01479	0.05318	0.07689	0.08856	0.03558	0.03548	0.03818	0.01301	0.00705	0.00546	0.00182	0.00625	0.03209	0.00416	0.09390
38	0.12067	0.11897	0.08949	0.05406	0.07697	0.01446	0.07596	0.09593	0.04178	0.03963	0.02770	0.04960	0.01246	0.04894	0.00760	0.02848	0.00662	0.00578	0.00393	0.08097
39	0.09359	0.06439	0.06811	0.09460	0.03268	0.05250	0.01086	0.07591	0.04644	0.12675	0.01921	0.08062	0.06175	0.00869	0.00665	0.01637	0.02839	0.01990	0.00464	0.08796
40	0.13754	0.18927	0.09208	0.01225	0.01700	0.06678	0.04482	0.07573	0.01473	0.15628	0.01318	0.01450	0.00999	0.00878	0.03384	0.06002	0.00711	0.00472	0.00419	0.03720
41	0.08510	0.07547	0.12035	0.04970	0.01846	0.03565	0.01181	0.13269	0.07675	0.11227	0.01767	0.04216	0.03841	0.00797	0.00641	0.00190	0.03534	0.04092	0.00474	0.08625
42	0.01675	0.09277	0.17529	0.05273	0.11463	0.05769	0.10765	0.07119	0.01535	0.10433	0.02662	0.01535	0.01055	0.00623	0.00632	0.00180	0.02896	0.00530	0.00383	0.08665

[dist]
# distance from previous block
# <min> <max>
8	76

[block]
# block no. 5 follows, 36 sequences, length 6
# corresponding to MSA columns:
# 374-379
name=unknown_F
#
# <colnr> <probs for GDERKNQSTAVLIFYWHMCP>
#	G	D	E	R	K	N	Q	S	T	A	V	L	I	F	Y	W	H	M	C	P
0	0.21500	0.07621	0.12404	0.04046	0.04019	0.01347	0.05238	0.04101	0.06132	0.11683	0.06154	0.01716	0.01344	0.00891	0.04747	0.00231	0.00681	0.00534	0.00437	0.05173
1	0.08862	0.10055	0.11906	0.01127	0.01596	0.04767	0.01046	0.11281	0.05429	0.08837	0.06088	0.02408	0.14334	0.00837	0.00581	0.00179	0.00585	0.00653	0.00481	0.08947
2	0.06717	0.11335	0.05399	0.01540	0.09417	0.04343	0.08084	0.11171	0.07639	0.02389	0.20374	0.04922	0.02396	0.00842	0.00622	0.00189	0.00611	0.00724	0.00484	0.00803
3	0.07660	0.17194	0.12143	0.01282	0.04228	0.05429	0.01133	0.08898	0.06915	0.04183	0.01465	0.05143	0.01284	0.06311	0.11145	0.00319	0.00815	0.00574	0.00393	0.03490
4	0.08906	0.14504	0.09925	0.01441	0.01961	0.10963	0.06746	0.24788	0.05257	0.07769	0.01331	0.01405	0.00988	0.00657	0.00565	0.00180	0.00753	0.00499	0.00455	0.00907
5	0.06182	0.09931	0.10070	0.07111	0.19878	0.09772	0.03105	0.09392	0.05111	0.03806	0.01329	0.05524	0.01123	0.00712	0.00653	0.00190	0.04306	0.00571	0.00376	0.00859

[dist]
# distance from previous block
# <min> <max>
2	19

[block]
# block no. 6 follows, 36 sequences, length 14
# corresponding to MSA columns:
# 399-412
name=unknown_G
#
# <colnr> <probs for GDERKNQSTAVLIFYWHMCP>
#	G	D	E	R	K	N	Q	S	T	A	V	L	I	F	Y	W	H	M	C	P
0	0.01352	0.15677	0.11953	0.01145	0.01508	0.01280	0.01072	0.08827	0.03080	0.03912	0.01898	0.03300	0.01873	0.16512	0.03956	0.00314	0.00692	0.17424	0.00428	0.03797
1	0.17891	0.25850	0.04968	0.01112	0.01570	0.04482	0.00996	0.11985	0.01573	0.15707	0.01467	0.07311	0.01210	0.00735	0.00516	0.00177	0.00611	0.00541	0.00461	0.00839
2	0.12593	0.28793	0.08419	0.09562	0.02008	0.03442	0.04472	0.06106	0.01401	0.08982	0.01271	0.04416	0.01062	0.00687	0.00569	0.00180	0.03099	0.01759	0.00375	0.00803
3	0.00968	0.00649	0.00892	0.00976	0.01077	0.00649	0.00748	0.01150	0.01240	0.05035	0.02914	0.32240	0.03227	0.08693	0.14048	0.00421	0.00686	0.23309	0.00526	0.00552
4	0.01104	0.00930	0.01226	0.01286	0.07845	0.03362	0.02464	0.01246	0.01133	0.01549	0.07002	0.05441	0.02235	0.33722	0.06385	0.00437	0.13518	0.08161	0.00396	0.00557
5	0.01083	0.00805	0.00985	0.00900	0.01115	0.00768	0.00696	0.09695	0.01771	0.02457	0.43881	0.10587	0.08586	0.01259	0.00715	0.00200	0.00383	0.06477	0.00629	0.07008
6	0.08484	0.02862	0.10480	0.01564	0.01962	0.60878	0.01294	0.02375	0.01656	0.01678	0.00974	0.01138	0.00791	0.00631	0.00552	0.00167	0.01049	0.00403	0.00319	0.00742
7	0.07789	0.01532	0.10371	0.25809	0.02602	0.03592	0.01360	0.06358	0.23368	0.02214	0.01546	0.01716	0.01162	0.00679	0.00589	0.00194	0.00681	0.00553	0.00422	0.07463
8	0.02157	0.02685	0.01635	0.01494	0.01776	0.66594	0.01105	0.02298	0.01662	0.01487	0.01083	0.01478	0.00978	0.09945	0.00875	0.00214	0.01061	0.00462	0.00328	0.00681
9	0.01189	0.01125	0.01871	0.71582	0.04113	0.01419	0.01706	0.01586	0.01226	0.01586	0.01088	0.01641	0.00830	0.00654	0.00718	0.00212	0.05933	0.00553	0.00277	0.00691
10	0.01207	0.01228	0.10313	0.41659	0.03010	0.01140	0.01450	0.01588	0.01339	0.06853	0.05339	0.08550	0.07122	0.00916	0.00664	0.00214	0.00701	0.05608	0.00397	0.00705
11	0.11327	0.01491	0.12650	0.06413	0.17601	0.01223	0.03625	0.02225	0.04451	0.23728	0.07682	0.01924	0.01524	0.00703	0.00604	0.00194	0.00642	0.00597	0.00492	0.00906
12	0.22908	0.03835	0.10272	0.05045	0.09181	0.03654	0.01173	0.05409	0.01475	0.18681	0.03524	0.02107	0.03467	0.00766	0.00573	0.00198	0.00622	0.05798	0.00478	0.00834
13	0.01284	0.01358	0.12460	0.07295	0.03677	0.02912	0.05802	0.01609	0.01355	0.07135	0.09450	0.10422	0.04874	0.01067	0.00921	0.00223	0.13945	0.08286	0.05214	0.00713

[dist]
# distance from previous block
# <min> <max>
10	318

# created by:
# /home/berkeley/.conda/envs/busco_data_prod/bin/msa2prfl.pl pipeline/OGs_align_augustus/33634/170465.fs
