[name]
unknown

[dist]
# distance from previous block
# <min> <max>
0	56

[block]
# block no. 0 follows, 40 sequences, length 20
# corresponding to MSA columns:
# 56-75
name=unknown_A
#
# <colnr> <probs for GDERKNQSTAVLIFYWHMCP>
#	G	D	E	R	K	N	Q	S	T	A	V	L	I	F	Y	W	H	M	C	P
0	0.15780	0.05525	0.04485	0.01169	0.01577	0.07592	0.03618	0.19570	0.08964	0.02418	0.01455	0.01959	0.01235	0.00722	0.00537	0.00173	0.00599	0.09383	0.00440	0.12798
1	0.01411	0.01232	0.01574	0.01330	0.01456	0.01566	0.01084	0.17346	0.04105	0.01996	0.07673	0.01810	0.01378	0.07333	0.01545	0.00254	0.45240	0.00593	0.00381	0.00693
2	0.12030	0.01334	0.01744	0.07373	0.01817	0.01670	0.05260	0.18328	0.01380	0.02113	0.00960	0.01297	0.00806	0.00819	0.01231	0.00218	0.40048	0.00498	0.00346	0.00726
3	0.01289	0.01283	0.01839	0.01731	0.08961	0.01741	0.01323	0.01438	0.00934	0.01449	0.00796	0.01289	0.00779	0.00968	0.01775	0.00246	0.70725	0.00510	0.00258	0.00665
4	0.01249	0.01133	0.01816	0.61828	0.12137	0.01353	0.01584	0.08765	0.01339	0.01752	0.01077	0.01522	0.00813	0.00586	0.00581	0.00189	0.00752	0.00518	0.00294	0.00712
5	0.02170	0.01338	0.01530	0.01185	0.01637	0.01379	0.00971	0.38179	0.09472	0.26175	0.01743	0.01639	0.01197	0.00690	0.00570	0.00171	0.00558	0.00540	0.00605	0.08249
6	0.72812	0.01192	0.00973	0.00841	0.01215	0.01371	0.00693	0.11345	0.01222	0.02750	0.00888	0.01005	0.00678	0.00561	0.00389	0.00179	0.00475	0.00343	0.00389	0.00678
7	0.14786	0.01200	0.01473	0.01315	0.09215	0.01168	0.04691	0.15277	0.04331	0.06338	0.01198	0.01353	0.00930	0.00630	0.00594	0.04812	0.00538	0.00443	0.00408	0.29299
8	0.00780	0.00621	0.00974	0.00988	0.01081	0.00581	0.08484	0.00924	0.01141	0.01525	0.02985	0.70770	0.03525	0.01678	0.00736	0.00232	0.00407	0.01548	0.00513	0.00506
9	0.01382	0.01324	0.02258	0.16006	0.63943	0.01367	0.01756	0.01735	0.01297	0.01831	0.01084	0.01458	0.00897	0.00529	0.00577	0.00176	0.00705	0.00518	0.00283	0.00875
10	0.01373	0.01569	0.03431	0.02451	0.03039	0.01471	0.73824	0.01863	0.01373	0.01863	0.01176	0.01569	0.00882	0.00490	0.00686	0.00196	0.00980	0.00686	0.00294	0.00784
11	0.01750	0.01564	0.05455	0.02014	0.20340	0.07704	0.12612	0.21051	0.03692	0.09731	0.07028	0.01701	0.01333	0.00648	0.00599	0.00178	0.00703	0.00581	0.00443	0.00873
12	0.02172	0.02772	0.01648	0.01498	0.01798	0.77228	0.01124	0.02322	0.01648	0.01423	0.00899	0.01049	0.00749	0.00599	0.00524	0.00150	0.01049	0.00375	0.00300	0.00674
13	0.01439	0.01382	0.02360	0.03569	0.75936	0.01382	0.01785	0.01785	0.01324	0.01900	0.01094	0.01439	0.00921	0.00518	0.00576	0.00173	0.00691	0.00518	0.00288	0.00921
14	0.06778	0.01409	0.02022	0.12300	0.41645	0.04254	0.02903	0.13542	0.05663	0.02190	0.01183	0.01444	0.00936	0.00574	0.00565	0.00177	0.00684	0.00512	0.00354	0.00867
15	0.01363	0.01424	0.01768	0.01524	0.01554	0.09427	0.01257	0.01493	0.00967	0.01402	0.00777	0.01250	0.00762	0.00975	0.01768	0.00244	0.70650	0.00495	0.00259	0.00640
16	0.01439	0.01382	0.02360	0.03569	0.75936	0.01382	0.01785	0.01785	0.01324	0.01900	0.01094	0.01439	0.00921	0.00518	0.00576	0.00173	0.00691	0.00518	0.00288	0.00921
17	0.12443	0.01187	0.01528	0.16696	0.02083	0.01313	0.06600	0.07411	0.26600	0.13985	0.03137	0.01795	0.01318	0.00682	0.00566	0.00190	0.00577	0.00573	0.00492	0.00825
18	0.37343	0.01369	0.01212	0.03267	0.01464	0.10127	0.00844	0.12709	0.11347	0.09926	0.04265	0.01445	0.01130	0.00649	0.00485	0.00178	0.00556	0.00461	0.00461	0.00760
19	0.13789	0.01252	0.01808	0.25119	0.24198	0.03971	0.05143	0.01901	0.07025	0.08490	0.01236	0.01497	0.00938	0.00581	0.00551	0.00183	0.00672	0.00508	0.00352	0.00785

[dist]
# distance from previous block
# <min> <max>
0	2

[block]
# block no. 1 follows, 40 sequences, length 20
# corresponding to MSA columns:
# 78-97
name=unknown_B
#
# <colnr> <probs for GDERKNQSTAVLIFYWHMCP>
#	G	D	E	R	K	N	Q	S	T	A	V	L	I	F	Y	W	H	M	C	P
0	0.01897	0.16841	0.12446	0.09373	0.02055	0.01420	0.06747	0.11302	0.01570	0.28468	0.01497	0.01519	0.01036	0.00618	0.00546	0.00172	0.00656	0.00502	0.00463	0.00872
1	0.02024	0.01536	0.01640	0.01300	0.01732	0.01716	0.01060	0.56641	0.20394	0.03363	0.01634	0.01585	0.01181	0.00720	0.00584	0.00180	0.00596	0.00556	0.00584	0.00972
2	0.01439	0.01382	0.02360	0.03569	0.75936	0.01382	0.01785	0.01785	0.01324	0.01900	0.01094	0.01439	0.00921	0.00518	0.00576	0.00173	0.00691	0.00518	0.00288	0.00921
3	0.05804	0.01173	0.01551	0.43162	0.02869	0.03471	0.01294	0.04759	0.23434	0.04449	0.01475	0.01699	0.01098	0.00651	0.00571	0.00192	0.00656	0.00547	0.00393	0.00753
4	0.01844	0.01084	0.01283	0.01073	0.01393	0.01107	0.00847	0.27977	0.03876	0.24038	0.02150	0.17849	0.01901	0.07142	0.00810	0.00223	0.00521	0.03472	0.00594	0.00815
5	0.01033	0.00848	0.00970	0.00931	0.01101	0.05465	0.03389	0.06741	0.05121	0.03507	0.14553	0.36441	0.14864	0.01379	0.00686	0.00207	0.00422	0.01215	0.00541	0.00585
6	0.01752	0.05479	0.07382	0.05937	0.18455	0.05810	0.02552	0.10964	0.14607	0.16519	0.03645	0.01693	0.01267	0.00655	0.00571	0.00178	0.00634	0.00549	0.00465	0.00887
7	0.01335	0.01145	0.01835	0.40501	0.25172	0.01279	0.01513	0.07134	0.01353	0.05543	0.01295	0.06976	0.01084	0.00665	0.00591	0.00188	0.00695	0.00601	0.00335	0.00760
8	0.04753	0.04287	0.01874	0.16689	0.27137	0.01221	0.05832	0.04717	0.01391	0.13072	0.06246	0.07373	0.01463	0.00705	0.00588	0.00183	0.00628	0.00640	0.00402	0.00798
9	0.01606	0.01277	0.04620	0.01329	0.01696	0.04994	0.13982	0.18810	0.02954	0.14649	0.02210	0.20885	0.06404	0.00980	0.00643	0.00195	0.00607	0.00875	0.00513	0.00772
10	0.78609	0.01116	0.00886	0.00782	0.01147	0.01276	0.00644	0.01780	0.01032	0.07213	0.00902	0.01009	0.00680	0.00551	0.00374	0.00180	0.00453	0.00332	0.00382	0.00652
11	0.63252	0.01190	0.00988	0.00849	0.01226	0.05330	0.00692	0.01895	0.01135	0.13287	0.01043	0.01115	0.00766	0.00564	0.00405	0.00174	0.00488	0.00359	0.00408	0.04835
12	0.21995	0.01253	0.01870	0.16561	0.43973	0.01346	0.01464	0.01711	0.01211	0.02002	0.01012	0.01336	0.00821	0.00535	0.00523	0.00178	0.00646	0.00467	0.00301	0.00798
13	0.00918	0.00766	0.01107	0.17336	0.09182	0.00780	0.00879	0.01199	0.01450	0.01963	0.38910	0.03698	0.17480	0.01047	0.00653	0.00187	0.00426	0.00918	0.00504	0.00596
14	0.01324	0.02028	0.38354	0.01372	0.01943	0.05444	0.04821	0.01839	0.04315	0.10573	0.11131	0.02330	0.06836	0.00780	0.00601	0.00188	0.00687	0.04248	0.00405	0.00781
15	0.23486	0.05440	0.10485	0.14954	0.04799	0.05288	0.01156	0.05908	0.01363	0.19982	0.01283	0.01384	0.00906	0.00601	0.00506	0.00178	0.00628	0.00452	0.00415	0.00786
16	0.11501	0.01184	0.01421	0.22275	0.07096	0.06955	0.01087	0.10859	0.01542	0.12591	0.13373	0.02058	0.04183	0.00735	0.00571	0.00181	0.00598	0.00602	0.00452	0.00736
17	0.10228	0.06245	0.09383	0.12770	0.03908	0.04323	0.01097	0.06205	0.06530	0.08072	0.12120	0.01887	0.02812	0.00707	0.00596	0.00174	0.03668	0.00556	0.00418	0.08300
18	0.17357	0.01044	0.01310	0.15634	0.08987	0.02553	0.01010	0.07194	0.01403	0.10303	0.11772	0.05650	0.05518	0.00840	0.00620	0.00192	0.03179	0.04284	0.00450	0.00700
19	0.12206	0.01240	0.01466	0.01467	0.13022	0.04103	0.01016	0.21611	0.01753	0.14594	0.11300	0.05139	0.01768	0.00800	0.00631	0.00184	0.03659	0.02715	0.00511	0.00814

[dist]
# distance from previous block
# <min> <max>
2	18

[block]
# block no. 2 follows, 40 sequences, length 30
# corresponding to MSA columns:
# 116-145
name=unknown_C
#
# <colnr> <probs for GDERKNQSTAVLIFYWHMCP>
#	G	D	E	R	K	N	Q	S	T	A	V	L	I	F	Y	W	H	M	C	P
0	0.10850	0.01018	0.01232	0.07689	0.08465	0.04020	0.00919	0.03524	0.05599	0.16539	0.07278	0.06757	0.08515	0.02210	0.00637	0.00196	0.00517	0.08811	0.00495	0.04729
1	0.04366	0.01212	0.07643	0.02078	0.01507	0.01101	0.03120	0.21176	0.04074	0.14723	0.08585	0.10940	0.02078	0.06940	0.00805	0.00224	0.00552	0.07576	0.00535	0.00765
2	0.04777	0.03752	0.06433	0.01151	0.04647	0.04651	0.04239	0.01748	0.03543	0.21150	0.11915	0.20098	0.04784	0.03576	0.00698	0.00204	0.00510	0.00885	0.00523	0.00713
3	0.06627	0.01371	0.05033	0.01237	0.03793	0.04314	0.01013	0.28100	0.06905	0.21457	0.01993	0.04370	0.05040	0.00814	0.00591	0.00186	0.00576	0.05145	0.00562	0.00875
4	0.32391	0.08360	0.01722	0.03955	0.10314	0.07604	0.07818	0.09458	0.01369	0.07612	0.01059	0.01222	0.00813	0.00582	0.00533	0.00176	0.03450	0.00433	0.00373	0.00757
5	0.11434	0.01533	0.01715	0.05060	0.01879	0.16115	0.12571	0.10662	0.09400	0.18273	0.01494	0.01616	0.01100	0.03789	0.00658	0.00194	0.00705	0.00536	0.00461	0.00804
6	0.01332	0.01273	0.02167	0.26955	0.53386	0.01354	0.01731	0.01691	0.01274	0.01770	0.01075	0.01474	0.00875	0.00538	0.00577	0.00179	0.00717	0.00518	0.00279	0.00835
7	0.01906	0.01180	0.01886	0.04764	0.12398	0.02945	0.14993	0.02203	0.01493	0.36127	0.06849	0.02025	0.01510	0.00707	0.00678	0.00188	0.04423	0.02349	0.00516	0.00860
8	0.01759	0.24361	0.02321	0.01426	0.01858	0.17166	0.17040	0.03302	0.01456	0.13851	0.04435	0.01754	0.01248	0.00652	0.00550	0.00166	0.00749	0.04756	0.00386	0.00763
9	0.01115	0.01051	0.01774	0.74535	0.07506	0.01296	0.01623	0.01500	0.01171	0.01506	0.01037	0.01545	0.00782	0.00578	0.00581	0.00193	0.00771	0.00517	0.00260	0.00659
10	0.01258	0.00753	0.01109	0.03797	0.01306	0.00710	0.05780	0.01500	0.03530	0.18982	0.09934	0.38371	0.03038	0.01321	0.00690	0.00215	0.00445	0.06050	0.00565	0.00645
11	0.01708	0.02059	0.02310	0.01839	0.02216	0.37371	0.29845	0.01988	0.01452	0.01599	0.01124	0.05529	0.00972	0.00655	0.00705	0.00181	0.06860	0.00578	0.00307	0.00704
12	0.01318	0.01448	0.10437	0.28824	0.21258	0.05043	0.06796	0.01686	0.01252	0.04660	0.01201	0.01747	0.00991	0.03482	0.00740	0.00204	0.04497	0.03365	0.00302	0.00749
13	0.01988	0.01182	0.01967	0.01476	0.01939	0.01095	0.23913	0.05895	0.05108	0.39619	0.02102	0.04515	0.04904	0.00721	0.00627	0.00188	0.00639	0.00683	0.00558	0.00881
14	0.01409	0.01242	0.02123	0.13669	0.48254	0.01258	0.06527	0.01755	0.01359	0.07091	0.08337	0.01781	0.01373	0.00604	0.00595	0.00179	0.00669	0.00585	0.00348	0.00842
15	0.01304	0.03760	0.02929	0.04746	0.03997	0.01416	0.54335	0.01722	0.01318	0.01780	0.01451	0.02036	0.04050	0.00652	0.00773	0.00203	0.06804	0.05669	0.00315	0.00740
16	0.00967	0.00746	0.01157	0.11517	0.09565	0.00777	0.02684	0.01116	0.01141	0.01530	0.05060	0.27181	0.02445	0.01437	0.01011	0.15163	0.02235	0.13324	0.00414	0.00530
17	0.01188	0.01132	0.01937	0.58075	0.21492	0.01318	0.03496	0.01568	0.01207	0.01596	0.01052	0.01524	0.00813	0.00564	0.00583	0.00189	0.00760	0.00521	0.00266	0.00717
18	0.08807	0.19780	0.16006	0.05562	0.11031	0.01591	0.24350	0.01777	0.01257	0.01806	0.02244	0.01334	0.00877	0.00527	0.00542	0.00173	0.00772	0.00498	0.00284	0.00781
19	0.04242	0.01738	0.01827	0.01725	0.10708	0.27480	0.11740	0.07280	0.01566	0.10485	0.01498	0.04218	0.01300	0.00761	0.00622	0.00184	0.01898	0.09568	0.00405	0.00754
20	0.01590	0.01351	0.02232	0.03220	0.65336	0.01344	0.01662	0.04758	0.01415	0.09626	0.01229	0.01493	0.00977	0.00546	0.00577	0.00174	0.00669	0.00525	0.00344	0.00931
21	0.01242	0.01092	0.01810	0.51971	0.19042	0.01269	0.01549	0.01599	0.01238	0.05510	0.04688	0.01674	0.01067	0.00618	0.00628	0.00190	0.03241	0.00546	0.00307	0.00718
22	0.01433	0.09920	0.37913	0.01927	0.12236	0.01418	0.14961	0.01934	0.01309	0.09779	0.01185	0.01370	0.00864	0.00549	0.00566	0.00178	0.00796	0.00493	0.00311	0.00857
23	0.03172	0.14986	0.36719	0.01483	0.04966	0.01425	0.05057	0.02032	0.07906	0.11574	0.04323	0.01507	0.01128	0.00608	0.00540	0.00175	0.00704	0.00490	0.00361	0.00845
24	0.00956	0.00715	0.00967	0.04611	0.01189	0.00707	0.03581	0.04145	0.05645	0.03985	0.21496	0.31581	0.08605	0.04819	0.00795	0.00226	0.00408	0.04453	0.00543	0.00573
25	0.00991	0.00665	0.00927	0.00904	0.01025	0.00644	0.03592	0.04820	0.01270	0.04110	0.14867	0.25184	0.06237	0.04672	0.01129	0.17447	0.00441	0.10088	0.00487	0.00500
26	0.01149	0.01281	0.11276	0.06541	0.01730	0.05810	0.09461	0.09273	0.01403	0.01837	0.02308	0.31374	0.05781	0.01178	0.00671	0.00210	0.00604	0.07024	0.00442	0.00647
27	0.05448	0.01386	0.05950	0.21132	0.12727	0.01335	0.28346	0.04268	0.01359	0.09191	0.01255	0.02775	0.00947	0.00573	0.00610	0.00189	0.00789	0.00591	0.00341	0.00786
28	0.01309	0.01315	0.01906	0.43959	0.23242	0.08630	0.01585	0.01640	0.01230	0.01586	0.01014	0.01448	0.00812	0.00603	0.00687	0.00189	0.07348	0.00503	0.00270	0.00723
29	0.01182	0.01049	0.01757	0.71062	0.07449	0.01277	0.01590	0.01560	0.01193	0.04821	0.01092	0.01564	0.00812	0.00584	0.00581	0.00192	0.00759	0.00520	0.00280	0.00675

[dist]
# distance from previous block
# <min> <max>
2	40

[block]
# block no. 3 follows, 40 sequences, length 16
# corresponding to MSA columns:
# 186-201
name=unknown_D
#
# <colnr> <probs for GDERKNQSTAVLIFYWHMCP>
#	G	D	E	R	K	N	Q	S	T	A	V	L	I	F	Y	W	H	M	C	P
0	0.48835	0.05700	0.01148	0.00868	0.01261	0.01225	0.00723	0.05461	0.01272	0.20506	0.01424	0.01425	0.04049	0.00625	0.00443	0.00174	0.00473	0.00430	0.00459	0.03500
1	0.01495	0.00931	0.01143	0.00870	0.01280	0.00752	0.00684	0.01720	0.01333	0.21157	0.08974	0.01983	0.01604	0.08500	0.00749	0.00168	0.00445	0.00528	0.00472	0.45211
2	0.01248	0.01058	0.01228	0.00881	0.01396	0.00818	0.00706	0.04493	0.01270	0.01969	0.01049	0.01214	0.00867	0.00442	0.00437	0.00090	0.00439	0.00352	0.00354	0.79689
3	0.01453	0.01316	0.02094	0.17187	0.49287	0.01388	0.01611	0.11633	0.01480	0.02049	0.01206	0.04468	0.01016	0.00605	0.00584	0.00179	0.00686	0.00563	0.00333	0.00861
4	0.00888	0.00655	0.00741	0.00718	0.00907	0.00597	0.00538	0.01180	0.07141	0.05994	0.20907	0.13377	0.41512	0.01353	0.00680	0.00197	0.00319	0.01156	0.00577	0.00563
5	0.00919	0.00609	0.00773	0.00721	0.00877	0.00559	0.00545	0.01182	0.01591	0.05808	0.61478	0.04148	0.09877	0.01146	0.00659	0.00180	0.00286	0.01002	0.07074	0.00565
6	0.29608	0.00981	0.01106	0.00909	0.01285	0.00964	0.00740	0.02223	0.01410	0.42190	0.07585	0.05512	0.01600	0.00749	0.00525	0.00183	0.00455	0.00582	0.00584	0.00809
7	0.00765	0.00538	0.00679	0.00739	0.00813	0.00495	0.00506	0.00848	0.01166	0.01534	0.12921	0.40527	0.18096	0.06027	0.01041	0.10695	0.00354	0.01298	0.00506	0.00452
8	0.00771	0.00582	0.00712	0.00701	0.00842	0.00523	0.00517	0.00988	0.01491	0.02014	0.47128	0.13780	0.25134	0.01346	0.00693	0.00193	0.00288	0.01174	0.00600	0.00523
9	0.08560	0.01170	0.01349	0.01044	0.01455	0.01160	0.00853	0.19536	0.01630	0.17553	0.01389	0.01451	0.01020	0.00629	0.00618	0.00152	0.07151	0.00461	0.05296	0.27525
10	0.00725	0.00521	0.00679	0.00799	0.00844	0.00487	0.00541	0.00830	0.01120	0.01481	0.03272	0.67660	0.07732	0.06153	0.00866	0.00254	0.00356	0.04679	0.00529	0.00469
11	0.35595	0.01422	0.01380	0.01103	0.01525	0.01599	0.00910	0.44372	0.02019	0.03232	0.01156	0.01211	0.00842	0.00633	0.00491	0.00177	0.00562	0.00438	0.00491	0.00842
12	0.03931	0.19115	0.27765	0.01245	0.01844	0.01417	0.02784	0.01891	0.07004	0.06886	0.01169	0.01282	0.00895	0.00551	0.00513	0.00152	0.02064	0.00417	0.00332	0.18743
13	0.10814	0.03829	0.01505	0.09729	0.01792	0.11338	0.07757	0.13939	0.02812	0.02053	0.01861	0.12530	0.07241	0.01009	0.03471	0.00214	0.00671	0.03570	0.00416	0.03450
14	0.05690	0.01170	0.11237	0.08133	0.01686	0.00907	0.01010	0.02115	0.01478	0.38804	0.12158	0.06430	0.01944	0.00801	0.00586	0.00184	0.00519	0.00668	0.03664	0.00817
15	0.01504	0.34300	0.07459	0.01192	0.01575	0.11675	0.03370	0.01874	0.09192	0.03959	0.01321	0.06070	0.01212	0.04065	0.00705	0.00183	0.06371	0.02908	0.00340	0.00725

[dist]
# distance from previous block
# <min> <max>
25	41

[block]
# block no. 4 follows, 40 sequences, length 13
# corresponding to MSA columns:
# 249-261
name=unknown_E
#
# <colnr> <probs for GDERKNQSTAVLIFYWHMCP>
#	G	D	E	R	K	N	Q	S	T	A	V	L	I	F	Y	W	H	M	C	P
0	0.01688	0.01633	0.02499	0.02238	0.17289	0.10851	0.31005	0.12356	0.05834	0.06822	0.01296	0.01514	0.00976	0.00571	0.00617	0.00182	0.00821	0.00582	0.00379	0.00848
1	0.01282	0.01274	0.06245	0.04186	0.08031	0.01345	0.09851	0.10055	0.04446	0.01844	0.01484	0.11219	0.01434	0.05820	0.03931	0.00264	0.22938	0.03281	0.00368	0.00701
2	0.01515	0.07231	0.05571	0.09062	0.53454	0.01426	0.01641	0.04921	0.01378	0.06614	0.01155	0.01434	0.00924	0.00544	0.00561	0.00172	0.00685	0.00503	0.00321	0.00890
3	0.21020	0.01486	0.07093	0.01771	0.02270	0.01389	0.40081	0.06448	0.03983	0.02132	0.01177	0.01544	0.00926	0.05298	0.00727	0.00212	0.00780	0.00580	0.00339	0.00744
4	0.01485	0.01506	0.02015	0.29247	0.23314	0.15345	0.07090	0.01801	0.01316	0.04636	0.01070	0.01427	0.00845	0.00594	0.00665	0.00183	0.05906	0.00506	0.00295	0.00752
5	0.00860	0.00620	0.00783	0.00830	0.00928	0.00600	0.00601	0.05332	0.01333	0.01793	0.18001	0.40670	0.07126	0.08364	0.00919	0.00252	0.00383	0.09542	0.00546	0.00517
6	0.01492	0.01157	0.01361	0.01151	0.01478	0.01275	0.06451	0.12350	0.40496	0.04387	0.02032	0.02012	0.01524	0.00726	0.00555	0.00179	0.00483	0.00613	0.19444	0.00834
7	0.00786	0.00573	0.00664	0.00664	0.00754	0.00532	0.00444	0.00905	0.01205	0.01591	0.22282	0.11417	0.22367	0.31494	0.01567	0.00338	0.00397	0.01074	0.00494	0.00451
8	0.00740	0.00555	0.00671	0.00714	0.00816	0.00503	0.00499	0.00886	0.01275	0.01676	0.20538	0.34752	0.24701	0.07854	0.00893	0.00239	0.00329	0.01327	0.00548	0.00486
9	0.01405	0.05799	0.16804	0.01194	0.01592	0.03668	0.02529	0.05268	0.20645	0.09145	0.07804	0.09999	0.01849	0.00843	0.00630	0.00187	0.03389	0.00693	0.05772	0.00786
10	0.01545	0.01160	0.01086	0.00909	0.01222	0.13115	0.00709	0.07549	0.01497	0.11288	0.07504	0.01861	0.01505	0.00657	0.00490	0.00139	0.00490	0.00515	0.27486	0.19272
11	0.30432	0.03333	0.01335	0.01119	0.04123	0.01372	0.00876	0.15573	0.12637	0.11724	0.01366	0.01396	0.01009	0.00640	0.00547	0.00176	0.03955	0.00458	0.00470	0.07461
12	0.01301	0.07418	0.01674	0.17329	0.01996	0.05899	0.05763	0.01771	0.13035	0.01708	0.01322	0.01691	0.01095	0.04215	0.00974	0.00209	0.19597	0.00542	0.11783	0.00679

[dist]
# distance from previous block
# <min> <max>
0	29

[block]
# block no. 5 follows, 40 sequences, length 23
# corresponding to MSA columns:
# 291-313
name=unknown_F
#
# <colnr> <probs for GDERKNQSTAVLIFYWHMCP>
#	G	D	E	R	K	N	Q	S	T	A	V	L	I	F	Y	W	H	M	C	P
0	0.05269	0.29519	0.03339	0.05236	0.01677	0.14930	0.01030	0.13387	0.01510	0.07510	0.01136	0.01306	0.00919	0.01031	0.09607	0.00245	0.00806	0.00427	0.00359	0.00756
1	0.00838	0.00584	0.00745	0.00792	0.00895	0.00547	0.00560	0.01054	0.04147	0.04601	0.22715	0.46567	0.10683	0.01539	0.00710	0.00215	0.00327	0.01375	0.00575	0.00531
2	0.01117	0.01079	0.08101	0.01213	0.01499	0.00911	0.12447	0.06574	0.01342	0.05169	0.06431	0.29058	0.07015	0.04463	0.00822	0.00221	0.03899	0.03731	0.00462	0.04445
3	0.21720	0.04321	0.04523	0.01036	0.01406	0.08020	0.00873	0.17220	0.01686	0.14308	0.17201	0.01954	0.01894	0.00745	0.00536	0.00175	0.00538	0.00570	0.00510	0.00764
4	0.01718	0.00848	0.01083	0.00899	0.01210	0.00774	0.00716	0.05097	0.04661	0.36544	0.26919	0.03187	0.11898	0.00969	0.00631	0.00183	0.00402	0.00818	0.00660	0.00780
5	0.00721	0.00515	0.00689	0.00824	0.00863	0.00483	0.00561	0.00831	0.01126	0.01498	0.03198	0.75245	0.03819	0.01810	0.00746	0.00238	0.00348	0.05470	0.00540	0.00476
6	0.01425	0.53583	0.18563	0.01320	0.07102	0.01948	0.01284	0.01728	0.01189	0.01507	0.00919	0.01104	0.00795	0.00716	0.04512	0.00184	0.00727	0.00368	0.00254	0.00771
7	0.01459	0.00748	0.00994	0.00931	0.01152	0.00694	0.00729	0.01715	0.04386	0.27548	0.12985	0.22287	0.02994	0.04773	0.00785	0.00228	0.00434	0.13865	0.00609	0.00686
8	0.02269	0.00925	0.01198	0.00945	0.01329	0.00833	0.00772	0.05810	0.01620	0.57341	0.02169	0.01992	0.01429	0.00710	0.00547	0.00170	0.00454	0.00573	0.18019	0.00895
9	0.01329	0.01184	0.01985	0.27970	0.43090	0.01261	0.01594	0.01665	0.01272	0.05277	0.01285	0.07157	0.01110	0.00644	0.00590	0.00185	0.00684	0.00603	0.00317	0.00801
10	0.04413	0.00700	0.00865	0.00781	0.00970	0.00666	0.00599	0.05111	0.01664	0.07763	0.60131	0.03933	0.07931	0.01115	0.00660	0.00183	0.00318	0.00967	0.00627	0.00605
11	0.02125	0.00932	0.01161	0.00926	0.01287	0.00870	0.00753	0.10334	0.01655	0.46859	0.02080	0.01969	0.01404	0.00705	0.00533	0.00167	0.00446	0.00566	0.24367	0.00861
12	0.01555	0.79913	0.03047	0.00995	0.01493	0.02301	0.00995	0.01741	0.01182	0.01368	0.00808	0.00933	0.00746	0.00498	0.00373	0.00124	0.00622	0.00311	0.00249	0.00746
13	0.00765	0.00570	0.00682	0.00706	0.00837	0.00514	0.00517	0.00953	0.01372	0.01834	0.27834	0.23763	0.28234	0.01434	0.00691	0.00201	0.00306	0.03655	0.04622	0.00509
14	0.00788	0.00562	0.00694	0.00728	0.00840	0.00516	0.00528	0.00981	0.01361	0.01876	0.29731	0.29769	0.16805	0.01422	0.00684	0.00202	0.00308	0.03747	0.07945	0.00512
15	0.00804	0.00556	0.00719	0.00761	0.00855	0.00521	0.00548	0.01005	0.01371	0.01937	0.35452	0.35615	0.04342	0.01425	0.00689	0.00204	0.00311	0.04235	0.08134	0.00516
16	0.00830	0.00566	0.00670	0.00674	0.00703	0.00558	0.00412	0.00891	0.01008	0.01370	0.14556	0.10312	0.02821	0.57515	0.04353	0.00480	0.00521	0.00944	0.00417	0.00401
17	0.01012	0.00633	0.00827	0.00766	0.00933	0.00575	0.00578	0.01263	0.01596	0.10652	0.59071	0.09518	0.07934	0.01193	0.00678	0.00187	0.00305	0.01049	0.00638	0.00591
18	0.00764	0.00540	0.00662	0.00743	0.00822	0.00501	0.00516	0.00897	0.01175	0.01585	0.06730	0.47052	0.16159	0.07274	0.00864	0.00243	0.00347	0.04744	0.07900	0.00480
19	0.01551	0.36347	0.05701	0.01050	0.01557	0.05370	0.00969	0.10435	0.01410	0.03058	0.00992	0.01113	0.00824	0.00511	0.00436	0.00123	0.00593	0.00361	0.00330	0.27268
20	0.25122	0.00824	0.00884	0.00848	0.01070	0.00869	0.00673	0.01506	0.07469	0.05256	0.28412	0.09077	0.03153	0.01058	0.00601	0.00200	0.00394	0.11437	0.00534	0.00613
21	0.01547	0.04590	0.01819	0.01476	0.05188	0.03471	0.10158	0.20485	0.01613	0.05855	0.10071	0.01913	0.01542	0.05602	0.03548	0.00242	0.19086	0.00616	0.00424	0.00752
22	0.06906	0.10297	0.05226	0.04677	0.01886	0.13142	0.11170	0.15235	0.01656	0.12458	0.08075	0.01634	0.01336	0.00668	0.00600	0.00174	0.03099	0.00539	0.00433	0.00791

[dist]
# distance from previous block
# <min> <max>
0	50

[block]
# block no. 6 follows, 40 sequences, length 35
# corresponding to MSA columns:
# 364-398
name=unknown_G
#
# <colnr> <probs for GDERKNQSTAVLIFYWHMCP>
#	G	D	E	R	K	N	Q	S	T	A	V	L	I	F	Y	W	H	M	C	P
0	0.47714	0.07670	0.08417	0.01014	0.01408	0.01468	0.00923	0.11793	0.01262	0.02434	0.00945	0.01121	0.00748	0.00775	0.04125	0.00216	0.06514	0.00384	0.00361	0.00707
1	0.01195	0.01093	0.12135	0.00967	0.01298	0.00786	0.00860	0.01488	0.03836	0.11720	0.09294	0.12840	0.05120	0.07597	0.08388	0.03689	0.00594	0.00761	0.00447	0.15892
2	0.05319	0.39557	0.24379	0.01181	0.01774	0.03510	0.01284	0.01816	0.01226	0.05748	0.00984	0.01108	0.00788	0.00524	0.00446	0.00145	0.00668	0.00366	0.00290	0.08887
3	0.18447	0.15826	0.01695	0.01152	0.01475	0.12149	0.00971	0.06365	0.01343	0.15694	0.01205	0.01438	0.00962	0.00713	0.00753	0.00183	0.15528	0.02961	0.00397	0.00744
4	0.16261	0.00870	0.01014	0.00887	0.01170	0.00853	0.00694	0.06484	0.01462	0.27859	0.11518	0.19023	0.02315	0.00986	0.00581	0.00189	0.00419	0.00824	0.05865	0.00727
5	0.00774	0.00572	0.00681	0.00707	0.00833	0.00519	0.00516	0.00952	0.01337	0.01783	0.23963	0.22077	0.27888	0.05172	0.00799	0.00220	0.00324	0.05294	0.05088	0.00501
6	0.05376	0.14326	0.01897	0.01272	0.01718	0.11215	0.01065	0.48803	0.02253	0.04777	0.01239	0.01275	0.00917	0.00648	0.00532	0.00164	0.00677	0.00464	0.00488	0.00896
7	0.01667	0.09097	0.20574	0.01240	0.01764	0.01193	0.05541	0.07747	0.02523	0.22927	0.08150	0.01850	0.01476	0.04162	0.00664	0.00186	0.00617	0.00555	0.00462	0.07604
8	0.01278	0.10566	0.32029	0.13445	0.02383	0.03253	0.08271	0.05362	0.02364	0.03312	0.07275	0.05290	0.01335	0.00673	0.00572	0.00181	0.00740	0.00573	0.00331	0.00768
9	0.71607	0.01120	0.00926	0.00813	0.01179	0.01272	0.00667	0.01891	0.05301	0.09269	0.01034	0.01109	0.00769	0.00570	0.00394	0.00181	0.00455	0.00359	0.00406	0.00679
10	0.01303	0.36119	0.21042	0.04748	0.01758	0.03491	0.01236	0.03220	0.01291	0.01668	0.08854	0.06004	0.03259	0.00726	0.00511	0.00163	0.00639	0.02914	0.00329	0.00726
11	0.01237	0.05356	0.01733	0.29278	0.13720	0.01155	0.06471	0.01593	0.03879	0.07229	0.05702	0.11203	0.04395	0.00833	0.00615	0.00194	0.00630	0.03689	0.00387	0.00703
12	0.01002	0.00666	0.00792	0.00758	0.00949	0.00608	0.00579	0.01261	0.04925	0.10203	0.22266	0.09820	0.32145	0.04971	0.00790	0.00217	0.00354	0.06539	0.00579	0.00578
13	0.00727	0.00534	0.00683	0.00765	0.00840	0.00489	0.00528	0.00868	0.01243	0.01657	0.17278	0.55090	0.13848	0.01655	0.00724	0.00221	0.00320	0.01482	0.00559	0.00489
14	0.01980	0.01445	0.01584	0.01273	0.01678	0.01613	0.01035	0.43714	0.23986	0.09580	0.01737	0.01672	0.01253	0.00740	0.00640	0.00185	0.03778	0.00568	0.00583	0.00954
15	0.05346	0.00944	0.01237	0.00992	0.01386	0.00850	0.00811	0.02564	0.04169	0.60578	0.02289	0.05731	0.01604	0.00796	0.00582	0.00184	0.00473	0.03149	0.05408	0.00908
16	0.00820	0.00578	0.00708	0.00749	0.00877	0.00519	0.00544	0.00978	0.01304	0.05159	0.15215	0.35773	0.27817	0.01545	0.00711	0.00214	0.00331	0.05077	0.00564	0.00518
17	0.01261	0.01200	0.02038	0.42540	0.38358	0.01335	0.01696	0.01629	0.01240	0.01684	0.01062	0.01497	0.00845	0.00551	0.00579	0.00184	0.00735	0.00517	0.00272	0.00777
18	0.05288	0.01224	0.01399	0.01105	0.01535	0.07109	0.00901	0.10854	0.05973	0.55280	0.02033	0.01814	0.01324	0.00705	0.00572	0.00178	0.00552	0.00556	0.00651	0.00948
19	0.01465	0.01507	0.03180	0.02291	0.02837	0.01438	0.64255	0.01915	0.01370	0.07702	0.01243	0.01585	0.00920	0.00536	0.00743	0.00198	0.05027	0.00669	0.00326	0.00793
20	0.83671	0.01125	0.00855	0.00765	0.01125	0.01305	0.00630	0.01709	0.00990	0.02609	0.00810	0.00945	0.00630	0.00540	0.00360	0.00180	0.00450	0.00315	0.00360	0.00630
21	0.00817	0.00542	0.00711	0.00804	0.00876	0.00498	0.00551	0.00936	0.01182	0.05650	0.06571	0.66617	0.08643	0.01709	0.00727	0.00228	0.00340	0.01539	0.00554	0.00505
22	0.01168	0.00975	0.01141	0.00837	0.01305	0.00746	0.00665	0.01428	0.01244	0.01944	0.07492	0.01516	0.01286	0.00506	0.00452	0.00097	0.00411	0.00414	0.03824	0.72551
23	0.01910	0.01396	0.01460	0.05266	0.01720	0.08568	0.00997	0.16512	0.33422	0.19427	0.01954	0.01838	0.01397	0.00727	0.00581	0.00184	0.00575	0.00581	0.00574	0.00912
24	0.01274	0.00998	0.01121	0.00991	0.01269	0.01050	0.00766	0.10527	0.29254	0.04007	0.21284	0.10142	0.06495	0.00986	0.00621	0.00185	0.00412	0.00842	0.00579	0.07197
25	0.00941	0.00645	0.00814	0.00793	0.00952	0.00604	0.00603	0.01240	0.05207	0.06658	0.42318	0.15202	0.13542	0.01300	0.00693	0.00200	0.00330	0.06777	0.00607	0.00575
26	0.56211	0.01183	0.01054	0.00908	0.01281	0.01339	0.00740	0.09126	0.12750	0.08702	0.01232	0.01265	0.00910	0.00609	0.00436	0.00182	0.00474	0.00411	0.00447	0.00740
27	0.00775	0.00562	0.00669	0.00694	0.00810	0.00511	0.00494	0.00948	0.01325	0.01796	0.25466	0.26024	0.23883	0.05917	0.00811	0.00220	0.00314	0.01221	0.07061	0.00499
28	0.00751	0.00588	0.00683	0.00709	0.00848	0.00532	0.00513	0.00966	0.03932	0.01747	0.20729	0.27527	0.35394	0.01490	0.00700	0.00205	0.00309	0.01297	0.00564	0.00514
29	0.06099	0.01290	0.04106	0.01773	0.02212	0.01210	0.40253	0.01812	0.04643	0.08935	0.09898	0.06408	0.01754	0.00748	0.00690	0.00199	0.02665	0.04148	0.00413	0.00743
30	0.51422	0.01236	0.01044	0.01022	0.05127	0.09498	0.00754	0.01632	0.01114	0.02207	0.01290	0.08894	0.04082	0.00720	0.00498	0.00180	0.03231	0.00510	0.00370	0.05171
31	0.00988	0.00758	0.00945	0.00995	0.03666	0.00744	0.00695	0.06798	0.08198	0.01823	0.04458	0.47472	0.03001	0.03555	0.00742	0.00220	0.00410	0.05315	0.00517	0.08700
32	0.05074	0.27051	0.36964	0.01426	0.05871	0.01590	0.01533	0.01853	0.01238	0.07024	0.01049	0.01185	0.00801	0.00539	0.00485	0.00159	0.00710	0.00398	0.00292	0.04758
33	0.25267	0.07878	0.01493	0.02197	0.08165	0.01328	0.02637	0.07073	0.07754	0.14464	0.09240	0.01705	0.01459	0.00699	0.00609	0.00182	0.06093	0.00526	0.00458	0.00772
34	0.08221	0.01383	0.11054	0.01344	0.04778	0.05446	0.02725	0.05100	0.01205	0.01802	0.04975	0.12974	0.04141	0.02104	0.01046	0.00215	0.25824	0.00704	0.04301	0.00659

[dist]
# distance from previous block
# <min> <max>
0	57

[block]
# block no. 7 follows, 40 sequences, length 23
# corresponding to MSA columns:
# 456-478
name=unknown_H
#
# <colnr> <probs for GDERKNQSTAVLIFYWHMCP>
#	G	D	E	R	K	N	Q	S	T	A	V	L	I	F	Y	W	H	M	C	P
0	0.01374	0.01315	0.02242	0.17930	0.62088	0.01364	0.01752	0.01727	0.01293	0.01820	0.01082	0.01461	0.00893	0.00530	0.00577	0.00177	0.00707	0.00518	0.00282	0.00868
1	0.08642	0.01075	0.01608	0.12685	0.12812	0.01144	0.08137	0.06323	0.03535	0.09828	0.06568	0.12927	0.01796	0.00887	0.00693	0.00200	0.05225	0.04752	0.00435	0.00727
2	0.01261	0.01488	0.13817	0.16181	0.10132	0.01262	0.23471	0.01661	0.01275	0.05571	0.01673	0.05442	0.07783	0.00715	0.00708	0.00196	0.05614	0.00675	0.00332	0.00745
3	0.06293	0.04611	0.05403	0.05367	0.06452	0.02501	0.04452	0.22445	0.09902	0.20336	0.01634	0.01731	0.01185	0.00682	0.00569	0.00180	0.00610	0.02621	0.00515	0.02513
4	0.01586	0.40456	0.21690	0.06024	0.01941	0.05088	0.01329	0.05211	0.01331	0.08905	0.01059	0.01176	0.00824	0.00552	0.00469	0.00153	0.00700	0.00394	0.00312	0.00801
5	0.00910	0.00610	0.00816	0.05653	0.01123	0.00595	0.00674	0.01086	0.01220	0.05843	0.05651	0.40492	0.09638	0.02905	0.02831	0.00248	0.00433	0.12819	0.05923	0.00531
6	0.01231	0.01162	0.01943	0.31483	0.40737	0.01252	0.01582	0.01570	0.01254	0.01704	0.01463	0.05154	0.05661	0.00659	0.00592	0.00185	0.00683	0.00612	0.00304	0.00770
7	0.01415	0.01329	0.02213	0.17449	0.58608	0.01387	0.01718	0.05462	0.01367	0.01913	0.01098	0.01458	0.00897	0.00539	0.00577	0.00177	0.00704	0.00518	0.00298	0.00873
8	0.00847	0.00628	0.00958	0.00939	0.01030	0.00659	0.04962	0.00974	0.00985	0.01362	0.01985	0.24352	0.02136	0.11648	0.35333	0.08454	0.00962	0.00935	0.00375	0.00477
9	0.40135	0.00991	0.00982	0.00846	0.01177	0.01053	0.00682	0.04044	0.04964	0.19730	0.10075	0.04033	0.01607	0.00722	0.00483	0.00179	0.00430	0.00542	0.06607	0.00718
10	0.04929	0.01489	0.02016	0.09732	0.02196	0.07555	0.17684	0.20683	0.07238	0.06711	0.02759	0.01542	0.01054	0.00684	0.00770	0.00192	0.10980	0.00562	0.00418	0.00806
11	0.01217	0.01193	0.01837	0.61694	0.15355	0.05827	0.01613	0.01583	0.01217	0.01548	0.01035	0.01503	0.00797	0.00572	0.00577	0.00188	0.00778	0.00509	0.00266	0.00692
12	0.00818	0.00555	0.00655	0.00681	0.00692	0.00553	0.00404	0.00847	0.00902	0.01206	0.02089	0.18463	0.02425	0.61270	0.05601	0.00515	0.00561	0.00994	0.00387	0.00383
13	0.01155	0.00641	0.00785	0.00743	0.00839	0.00611	0.00491	0.01227	0.01072	0.14836	0.05327	0.10435	0.02344	0.51871	0.02148	0.00437	0.00517	0.03572	0.00455	0.00494
14	0.01657	0.01382	0.09324	0.04695	0.05646	0.02522	0.15181	0.03625	0.13162	0.22074	0.05523	0.05423	0.01524	0.00742	0.00681	0.00192	0.04668	0.00659	0.00483	0.00838
15	0.09112	0.01304	0.05788	0.03418	0.01616	0.01330	0.00983	0.05487	0.45627	0.15825	0.02058	0.01920	0.01489	0.00730	0.00566	0.00191	0.00505	0.00590	0.00563	0.00898
16	0.01166	0.03008	0.76550	0.01657	0.02517	0.01351	0.02149	0.01842	0.01228	0.01842	0.01044	0.01228	0.00737	0.00552	0.00552	0.00184	0.00859	0.00430	0.00246	0.00859
17	0.00824	0.00558	0.00653	0.00668	0.00685	0.00549	0.00397	0.00863	0.00956	0.01287	0.08715	0.14499	0.02664	0.61481	0.02441	0.00483	0.00506	0.00978	0.00405	0.00387
18	0.71731	0.01196	0.00938	0.00832	0.01192	0.04592	0.00678	0.01865	0.04873	0.06316	0.00970	0.01065	0.00736	0.00564	0.00391	0.00180	0.00479	0.00349	0.00388	0.00665
19	0.05596	0.27394	0.22845	0.01161	0.01699	0.01528	0.01224	0.06044	0.03574	0.04687	0.06678	0.01468	0.01210	0.00782	0.04296	0.00192	0.00674	0.00452	0.00343	0.08152
20	0.01912	0.28053	0.08321	0.01328	0.04933	0.07890	0.03129	0.16403	0.01641	0.17753	0.01288	0.01325	0.00952	0.00607	0.00531	0.00159	0.02047	0.00449	0.00422	0.00856
21	0.01269	0.00860	0.01002	0.00967	0.04520	0.03480	0.00701	0.01725	0.12563	0.13292	0.31851	0.03357	0.12210	0.00992	0.00619	0.00180	0.00384	0.00846	0.08496	0.00685
22	0.07089	0.07759	0.02277	0.03039	0.60082	0.01476	0.01609	0.01752	0.01262	0.01874	0.01030	0.01354	0.00877	0.00549	0.00628	0.00174	0.05524	0.00487	0.00288	0.00869

[dist]
# distance from previous block
# <min> <max>
4	48

[block]
# block no. 8 follows, 40 sequences, length 22
# corresponding to MSA columns:
# 529-550
name=unknown_I
#
# <colnr> <probs for GDERKNQSTAVLIFYWHMCP>
#	G	D	E	R	K	N	Q	S	T	A	V	L	I	F	Y	W	H	M	C	P
0	0.11094	0.01753	0.06748	0.01248	0.01641	0.23068	0.04703	0.08896	0.09498	0.05725	0.01481	0.01624	0.04616	0.03593	0.00640	0.00179	0.01876	0.00500	0.00401	0.10717
1	0.01533	0.10644	0.01634	0.04049	0.01593	0.14630	0.04645	0.10651	0.04166	0.06092	0.15574	0.05772	0.01978	0.00808	0.00650	0.00171	0.05200	0.01985	0.00443	0.07782
2	0.04020	0.01302	0.01225	0.06963	0.01543	0.16772	0.00844	0.04677	0.05598	0.07777	0.09804	0.08567	0.08083	0.00822	0.00563	0.00160	0.00566	0.00669	0.00447	0.19598
3	0.13232	0.04273	0.09396	0.01076	0.01506	0.02633	0.00962	0.14641	0.06988	0.20189	0.09755	0.03241	0.03685	0.00742	0.00549	0.00175	0.00530	0.00585	0.00522	0.05321
4	0.07152	0.01288	0.02183	0.01625	0.02088	0.01238	0.31788	0.09020	0.01459	0.12724	0.01454	0.07578	0.01180	0.00665	0.00658	0.00180	0.03954	0.00649	0.00413	0.12702
5	0.00745	0.00537	0.00694	0.00787	0.00848	0.00502	0.00543	0.00873	0.01186	0.01582	0.12157	0.54906	0.08773	0.07704	0.00906	0.00254	0.00356	0.05634	0.00537	0.00477
6	0.01165	0.00852	0.01055	0.06162	0.01326	0.00862	0.02113	0.13385	0.04883	0.06221	0.18860	0.16398	0.18446	0.02564	0.00705	0.00204	0.00431	0.03169	0.00554	0.00645
7	0.01098	0.01034	0.01744	0.78165	0.04005	0.01292	0.01615	0.01486	0.01163	0.01486	0.01034	0.01550	0.00775	0.00581	0.00581	0.00194	0.00775	0.00517	0.00258	0.00646
8	0.01843	0.00929	0.01158	0.00972	0.01297	0.00894	0.00771	0.05776	0.13663	0.37386	0.13798	0.08787	0.03507	0.00904	0.00606	0.00185	0.00432	0.00762	0.05497	0.00832
9	0.00734	0.00545	0.00685	0.00747	0.00839	0.00496	0.00523	0.00889	0.01292	0.01720	0.22455	0.45596	0.18168	0.01591	0.00717	0.00215	0.00313	0.01415	0.00566	0.00496
10	0.01289	0.00847	0.00965	0.00890	0.01117	0.00864	0.00706	0.14750	0.06486	0.07276	0.06305	0.09632	0.12523	0.03404	0.00683	0.00203	0.00427	0.12269	0.18704	0.00661
11	0.01610	0.06111	0.07471	0.01246	0.01659	0.01573	0.01065	0.19522	0.47812	0.02612	0.01943	0.01841	0.01448	0.00732	0.00573	0.00187	0.00543	0.00588	0.00542	0.00921
12	0.01500	0.00917	0.01152	0.01104	0.04979	0.00896	0.00830	0.09712	0.08237	0.19527	0.06103	0.13820	0.08463	0.01080	0.00641	0.00198	0.00463	0.12157	0.03641	0.04580
13	0.05676	0.01299	0.01783	0.01596	0.11558	0.01304	0.09961	0.22301	0.06702	0.18421	0.05319	0.01713	0.01318	0.00654	0.00577	0.00173	0.00600	0.00567	0.00510	0.07969
14	0.01488	0.00917	0.01177	0.06151	0.01475	0.00774	0.00767	0.01726	0.01351	0.22333	0.07481	0.12136	0.01775	0.00766	0.00545	0.00147	0.00447	0.00653	0.00491	0.37401
15	0.01603	0.01342	0.01996	0.17207	0.28570	0.01420	0.05689	0.19356	0.05406	0.05985	0.01282	0.01512	0.00973	0.00592	0.00579	0.00176	0.00678	0.00531	0.00393	0.04707
16	0.04188	0.00931	0.01125	0.07299	0.01448	0.00905	0.00777	0.05048	0.12606	0.07867	0.21529	0.07220	0.04711	0.00856	0.00579	0.00165	0.00427	0.00728	0.00512	0.21079
17	0.00878	0.00712	0.00795	0.00727	0.00965	0.00613	0.00548	0.04625	0.01372	0.01799	0.11383	0.16206	0.39333	0.01266	0.00643	0.00180	0.00342	0.01077	0.00516	0.16023
18	0.01477	0.01393	0.02015	0.01778	0.08114	0.05283	0.12299	0.04350	0.06187	0.06480	0.01091	0.01432	0.00915	0.00828	0.01320	0.00222	0.43202	0.00546	0.00330	0.00739
19	0.00988	0.00513	0.00741	0.00741	0.00741	0.00513	0.00484	0.00770	0.00770	0.01026	0.01123	0.02046	0.01161	0.12629	0.02367	0.71792	0.00513	0.00552	0.00266	0.00266
20	0.01048	0.00935	0.01477	0.54472	0.03080	0.01113	0.01309	0.01476	0.05312	0.01750	0.19880	0.02287	0.02016	0.00746	0.00608	0.00191	0.00632	0.00659	0.00373	0.00636
21	0.04160	0.04845	0.26781	0.06771	0.02279	0.05296	0.11823	0.17138	0.01614	0.07903	0.01311	0.01629	0.00995	0.00642	0.00581	0.00184	0.00769	0.04064	0.00382	0.00835

[dist]
# distance from previous block
# <min> <max>
0	2

[block]
# block no. 9 follows, 40 sequences, length 9
# corresponding to MSA columns:
# 553-561
name=unknown_J
#
# <colnr> <probs for GDERKNQSTAVLIFYWHMCP>
#	G	D	E	R	K	N	Q	S	T	A	V	L	I	F	Y	W	H	M	C	P
0	0.01542	0.01088	0.05173	0.06564	0.01569	0.00944	0.00889	0.11136	0.03819	0.20068	0.02529	0.06333	0.15493	0.00871	0.00587	0.00171	0.00495	0.03142	0.00516	0.17072
1	0.01098	0.01034	0.01744	0.78165	0.04005	0.01292	0.01615	0.01486	0.01163	0.01486	0.01034	0.01550	0.00775	0.00581	0.00581	0.00194	0.00775	0.00517	0.00258	0.00646
2	0.02044	0.01533	0.01582	0.01220	0.01680	0.07931	0.00993	0.45035	0.02208	0.11160	0.01378	0.01392	0.00992	0.00637	0.00546	0.00155	0.00616	0.00481	0.00524	0.17895
3	0.01000	0.00679	0.00941	0.00910	0.01036	0.00755	0.00689	0.01264	0.05524	0.06808	0.01704	0.02495	0.01576	0.15705	0.55308	0.00776	0.01257	0.00657	0.00365	0.00552
4	0.00826	0.00598	0.00801	0.00900	0.01005	0.00573	0.00712	0.01029	0.01305	0.01725	0.13528	0.30587	0.09188	0.01610	0.00758	0.00240	0.00414	0.33137	0.00552	0.00513
5	0.00801	0.00635	0.00833	0.00881	0.00943	0.00667	0.00641	0.00933	0.01167	0.01571	0.09975	0.49842	0.12744	0.01601	0.00892	0.00230	0.11053	0.03575	0.00510	0.00506
6	0.12465	0.01167	0.01369	0.01080	0.01511	0.01168	0.00886	0.17914	0.08608	0.44817	0.01925	0.01744	0.01274	0.00699	0.00557	0.00180	0.00517	0.00545	0.00634	0.00938
7	0.01487	0.17073	0.09860	0.01230	0.01610	0.07317	0.01108	0.06000	0.27037	0.03959	0.01636	0.01911	0.01340	0.00941	0.04689	0.00224	0.06300	0.05052	0.00424	0.00800
8	0.06476	0.04848	0.10300	0.01357	0.05600	0.07804	0.01138	0.15320	0.15059	0.21777	0.01637	0.01596	0.01161	0.00676	0.00588	0.00179	0.02565	0.00519	0.00507	0.00893

[dist]
# distance from previous block
# <min> <max>
6	63

[block]
# block no. 10 follows, 40 sequences, length 12
# corresponding to MSA columns:
# 625-636
name=unknown_K
#
# <colnr> <probs for GDERKNQSTAVLIFYWHMCP>
#	G	D	E	R	K	N	Q	S	T	A	V	L	I	F	Y	W	H	M	C	P
0	0.31883	0.01196	0.01598	0.14657	0.06036	0.01305	0.12169	0.07060	0.05179	0.07996	0.01211	0.01407	0.00899	0.00583	0.00508	0.00183	0.00610	0.00483	0.04301	0.00737
1	0.01501	0.16685	0.26039	0.01292	0.01821	0.07325	0.01329	0.05213	0.17088	0.07372	0.05958	0.01722	0.01367	0.00675	0.00542	0.00174	0.00666	0.02003	0.00403	0.00826
2	0.00727	0.00522	0.00684	0.00801	0.00849	0.00488	0.00546	0.00839	0.01139	0.01511	0.05475	0.66999	0.07216	0.04999	0.00833	0.00248	0.00352	0.04765	0.00535	0.00473
3	0.01293	0.01214	0.03613	0.05430	0.15792	0.01270	0.17060	0.01657	0.04380	0.04898	0.05544	0.02013	0.06619	0.00764	0.00884	0.00197	0.17386	0.00642	0.08614	0.00730
4	0.00776	0.00578	0.00722	0.00716	0.00848	0.00524	0.00526	0.00996	0.01491	0.02035	0.49285	0.17293	0.19361	0.01353	0.00696	0.00195	0.00289	0.01189	0.00603	0.00524
5	0.05982	0.01663	0.08691	0.19946	0.02292	0.12997	0.01257	0.16217	0.20843	0.02243	0.01422	0.01543	0.01063	0.00656	0.00561	0.00183	0.00699	0.00514	0.00419	0.00808
6	0.77416	0.01114	0.00893	0.00786	0.01152	0.01270	0.00647	0.01796	0.01042	0.08298	0.00924	0.01025	0.00692	0.00554	0.00377	0.00180	0.00453	0.00336	0.00388	0.00658
7	0.00851	0.00605	0.00887	0.00887	0.00969	0.00688	0.00667	0.00990	0.00907	0.01292	0.01526	0.02377	0.01471	0.11410	0.62097	0.09610	0.01350	0.00632	0.00309	0.00475
8	0.00746	0.00562	0.00690	0.00719	0.00837	0.00506	0.00516	0.00925	0.01372	0.01827	0.31155	0.30756	0.24295	0.01488	0.00706	0.00205	0.00302	0.01310	0.00578	0.00506
9	0.01111	0.01051	0.01747	0.72639	0.03826	0.01327	0.01590	0.01480	0.01143	0.01480	0.01014	0.01530	0.00774	0.00613	0.00677	0.00198	0.06380	0.00516	0.00258	0.00645
10	0.75938	0.01172	0.00939	0.00819	0.01189	0.01352	0.00675	0.08572	0.01155	0.02709	0.00865	0.00988	0.00664	0.00555	0.00381	0.00179	0.00468	0.00335	0.00381	0.00664
11	0.08778	0.01357	0.01806	0.17614	0.29308	0.07694	0.01373	0.06963	0.01379	0.05852	0.01230	0.01498	0.02829	0.00611	0.00622	0.00177	0.04883	0.00501	0.00341	0.05187

[dist]
# distance from previous block
# <min> <max>
0	4

[block]
# block no. 11 follows, 40 sequences, length 25
# corresponding to MSA columns:
# 641-665
name=unknown_L
#
# <colnr> <probs for GDERKNQSTAVLIFYWHMCP>
#	G	D	E	R	K	N	Q	S	T	A	V	L	I	F	Y	W	H	M	C	P
0	0.01417	0.01162	0.06383	0.00942	0.01472	0.00827	0.00814	0.01699	0.01277	0.13243	0.01227	0.01325	0.00941	0.00483	0.00463	0.00107	0.00470	0.00387	0.00395	0.64966
1	0.00763	0.00527	0.00689	0.00793	0.00826	0.00503	0.00531	0.00839	0.01062	0.01414	0.02840	0.57046	0.03360	0.15653	0.01219	0.04530	0.00399	0.06070	0.00491	0.00444
2	0.07096	0.20700	0.01965	0.01213	0.01660	0.05717	0.01034	0.42113	0.08375	0.02819	0.01274	0.01303	0.00962	0.00642	0.00515	0.00163	0.00629	0.00463	0.00473	0.00885
3	0.01269	0.00731	0.00945	0.00833	0.01054	0.00683	0.00644	0.01632	0.07011	0.18924	0.53832	0.03655	0.04308	0.01054	0.00656	0.00183	0.00337	0.00918	0.00654	0.00675
