[name]
unknown

[dist]
# distance from previous block
# <min> <max>
0	1536

[block]
# block no. 0 follows, 48 sequences, length 19
# corresponding to MSA columns:
# 1615-1633
name=unknown_A
#
# <colnr> <probs for GDERKNQSTAVLIFYWHMCP>
#	G	D	E	R	K	N	Q	S	T	A	V	L	I	F	Y	W	H	M	C	P
0	0.07910	0.01201	0.04193	0.05866	0.05201	0.01202	0.18674	0.20896	0.04683	0.11964	0.01334	0.01700	0.01050	0.04666	0.00666	0.00185	0.02698	0.04791	0.00398	0.00721
1	0.52653	0.01348	0.17070	0.00880	0.01288	0.01152	0.00865	0.09573	0.01104	0.02192	0.01154	0.01241	0.06556	0.00556	0.00396	0.00160	0.00479	0.00380	0.00330	0.00622
2	0.01249	0.01081	0.01356	0.04373	0.05302	0.05909	0.07922	0.19489	0.10313	0.01940	0.05681	0.14501	0.01675	0.04419	0.04404	0.00220	0.05064	0.04046	0.00410	0.00646
3	0.12154	0.01022	0.01208	0.00950	0.01332	0.01015	0.00780	0.17821	0.07415	0.48330	0.01708	0.01543	0.01125	0.00617	0.00492	0.00159	0.00456	0.00481	0.00563	0.00830
4	0.01161	0.00929	0.01220	0.23064	0.05900	0.01048	0.00955	0.01920	0.32981	0.07682	0.09070	0.06937	0.03468	0.00733	0.00536	0.00172	0.00470	0.00634	0.00436	0.00685
5	0.00877	0.00710	0.00963	0.00844	0.01030	0.00710	0.06378	0.01383	0.17235	0.02044	0.56785	0.03249	0.03854	0.00929	0.00588	0.00165	0.00323	0.00831	0.00533	0.00568
6	0.01154	0.01149	0.07644	0.07342	0.52088	0.01052	0.01356	0.01375	0.01050	0.01487	0.00943	0.01322	0.00809	0.00737	0.00816	0.17720	0.00592	0.00449	0.00243	0.00671
7	0.03796	0.01106	0.02921	0.17559	0.01915	0.03329	0.04765	0.17701	0.01539	0.37832	0.01493	0.01485	0.00995	0.00586	0.00513	0.00160	0.00555	0.00483	0.00481	0.00784
8	0.00787	0.00512	0.00631	0.00601	0.00722	0.00483	0.00451	0.01028	0.01353	0.02019	0.58205	0.03326	0.03910	0.00930	0.00540	0.00150	0.00241	0.00809	0.22818	0.00483
9	0.00821	0.00721	0.01164	0.01027	0.01215	0.00680	0.16322	0.01095	0.06116	0.01507	0.06675	0.41965	0.09291	0.01186	0.00619	0.00189	0.00427	0.04372	0.00432	0.04179
10	0.01647	0.01218	0.01328	0.01078	0.01405	0.01335	0.00865	0.58041	0.05387	0.02789	0.01599	0.17893	0.01424	0.00825	0.00543	0.00166	0.00503	0.00673	0.00506	0.00776
11	0.85592	0.00992	0.00754	0.00675	0.00992	0.01151	0.00556	0.01508	0.00873	0.02302	0.00714	0.00834	0.00556	0.00476	0.00318	0.00159	0.00397	0.00278	0.00318	0.00556
12	0.18793	0.65462	0.02289	0.00836	0.01250	0.01848	0.00811	0.01531	0.01008	0.01434	0.00714	0.00825	0.00637	0.00447	0.00327	0.00120	0.00517	0.00275	0.00240	0.00637
13	0.01229	0.00982	0.01030	0.00931	0.01189	0.01120	0.00723	0.04448	0.59893	0.02128	0.01979	0.01895	0.01495	0.00674	0.00488	0.00162	0.00376	0.00556	0.17958	0.00745
14	0.00928	0.00893	0.00802	0.00803	0.00923	0.16886	0.00580	0.01085	0.01265	0.01579	0.30405	0.31524	0.08045	0.01160	0.00594	0.00173	0.00405	0.01007	0.00465	0.00479
15	0.00834	0.17426	0.01070	0.00687	0.00869	0.00790	0.00554	0.01029	0.01280	0.01716	0.45002	0.12378	0.12471	0.01017	0.00554	0.00158	0.00314	0.00873	0.00473	0.00506
16	0.00977	0.00539	0.00723	0.00752	0.00862	0.00490	0.00534	0.01097	0.01106	0.17443	0.06440	0.61223	0.03027	0.01378	0.00624	0.00196	0.00324	0.01237	0.00514	0.00515
17	0.01014	0.00840	0.01365	0.01160	0.01404	0.00820	0.18896	0.07659	0.02818	0.03473	0.12940	0.08641	0.08112	0.01045	0.00671	0.02634	0.00512	0.24999	0.00436	0.00562
18	0.57547	0.01126	0.01101	0.01243	0.17138	0.06234	0.00807	0.01619	0.01009	0.06892	0.00853	0.00987	0.00660	0.00486	0.00379	0.00156	0.00478	0.00333	0.00321	0.00631

[dist]
# distance from previous block
# <min> <max>
1	7

[block]
# block no. 1 follows, 48 sequences, length 23
# corresponding to MSA columns:
# 1644-1666
name=unknown_B
#
# <colnr> <probs for GDERKNQSTAVLIFYWHMCP>
#	G	D	E	R	K	N	Q	S	T	A	V	L	I	F	Y	W	H	M	C	P
0	0.01178	0.00935	0.01195	0.03466	0.11224	0.00839	0.00785	0.07953	0.01206	0.05958	0.01350	0.07620	0.04224	0.00584	0.00489	0.00120	0.02851	0.00485	0.03037	0.44500
1	0.01409	0.00987	0.01228	0.00920	0.01339	0.00867	0.04570	0.09446	0.08005	0.16317	0.01284	0.01324	0.00954	0.00488	0.00442	0.00114	0.00432	0.00404	0.02864	0.46604
2	0.01259	0.00998	0.01151	0.00844	0.01285	0.04744	0.02663	0.01484	0.01136	0.10874	0.01042	0.01147	0.00816	0.00419	0.00406	0.00091	0.00427	0.00339	0.00340	0.68535
3	0.01051	0.02327	0.63454	0.01360	0.02008	0.04421	0.04049	0.01577	0.01121	0.01654	0.04929	0.01291	0.00920	0.00525	0.00486	0.00158	0.00702	0.00420	0.06832	0.00714
4	0.00849	0.00555	0.00761	0.04531	0.00981	0.00538	0.00598	0.01029	0.01179	0.08356	0.24640	0.31399	0.05176	0.01453	0.06806	0.00239	0.00415	0.09513	0.00488	0.00494
5	0.00910	0.00841	0.01410	0.03396	0.01478	0.00813	0.22521	0.01291	0.08563	0.01661	0.15426	0.09528	0.16817	0.00970	0.00615	0.00183	0.00492	0.12099	0.00426	0.00561
6	0.00689	0.00480	0.00587	0.00647	0.00673	0.00463	0.00414	0.00746	0.00892	0.01180	0.02367	0.39133	0.05768	0.38289	0.01549	0.00340	0.00396	0.04615	0.00401	0.00372
7	0.01424	0.01183	0.01282	0.01100	0.01396	0.01374	0.00875	0.20246	0.53937	0.02333	0.01775	0.01691	0.01332	0.00693	0.00611	0.00173	0.06728	0.00542	0.00497	0.00807
8	0.00647	0.00456	0.00589	0.00687	0.00712	0.00431	0.00447	0.00720	0.00941	0.01254	0.02613	0.67763	0.03123	0.15847	0.01002	0.00260	0.00333	0.01332	0.00447	0.00398
9	0.01746	0.01689	0.24128	0.01214	0.01723	0.01322	0.01203	0.41488	0.01853	0.16606	0.01286	0.01282	0.00880	0.00582	0.00506	0.00157	0.00598	0.00448	0.00449	0.00839
10	0.16255	0.09519	0.01517	0.07591	0.06183	0.05216	0.00944	0.39647	0.01721	0.02453	0.01039	0.01187	0.00799	0.03139	0.00525	0.00161	0.00561	0.00413	0.00393	0.00737
11	0.00664	0.00476	0.00599	0.00659	0.00734	0.00438	0.00460	0.00801	0.01119	0.01521	0.20060	0.49245	0.13929	0.01384	0.00621	0.00188	0.00277	0.01234	0.05155	0.00438
12	0.01450	0.01259	0.01845	0.01425	0.01800	0.07292	0.27506	0.18217	0.07720	0.09087	0.07505	0.02014	0.03226	0.00666	0.00567	0.00169	0.00634	0.06491	0.00417	0.00710
13	0.02236	0.00908	0.01204	0.00931	0.01323	0.00815	0.00766	0.05654	0.05319	0.72082	0.01994	0.01733	0.01268	0.00637	0.00516	0.00159	0.00440	0.00517	0.00624	0.00870
14	0.01064	0.00912	0.01064	0.00760	0.01216	0.00684	0.00608	0.01292	0.01064	0.01672	0.00912	0.01064	0.00760	0.00380	0.00380	0.00076	0.00380	0.00304	0.00304	0.85104
15	0.01019	0.00963	0.01630	0.67774	0.16102	0.01153	0.01450	0.01355	0.01050	0.01372	0.00921	0.01352	0.00706	0.00504	0.00512	0.00168	0.00672	0.00456	0.00232	0.00611
16	0.00669	0.00487	0.00639	0.00733	0.00801	0.00456	0.00534	0.00802	0.01076	0.01419	0.09033	0.53596	0.10902	0.01497	0.00656	0.00206	0.00322	0.15254	0.00483	0.00434
17	0.21904	0.00901	0.01088	0.00857	0.01235	0.00848	0.00707	0.02267	0.01328	0.61043	0.01716	0.01532	0.01102	0.00598	0.00469	0.00159	0.00427	0.00460	0.00560	0.00798
18	0.01317	0.01168	0.01506	0.39659	0.03883	0.07362	0.03296	0.23401	0.01482	0.01910	0.04011	0.05387	0.01034	0.00621	0.00538	0.00165	0.01743	0.00520	0.00340	0.00657
19	0.15839	0.01135	0.01447	0.01651	0.26028	0.01206	0.01025	0.11894	0.15315	0.07008	0.01215	0.01314	0.00934	0.00548	0.00516	0.00154	0.03808	0.00440	0.00376	0.08147
20	0.08067	0.03323	0.01300	0.08054	0.07520	0.03493	0.00854	0.10677	0.03555	0.21804	0.03508	0.01378	0.01022	0.00534	0.00459	0.00135	0.00481	0.00427	0.00415	0.22994
21	0.09319	0.10108	0.19365	0.01211	0.03744	0.19820	0.01112	0.07445	0.14107	0.04667	0.01126	0.01206	0.00862	0.00647	0.02983	0.00172	0.00672	0.00400	0.00329	0.00704
22	0.27372	0.01125	0.01476	0.01142	0.01527	0.03443	0.18278	0.09817	0.03469	0.11846	0.01305	0.01463	0.04043	0.00555	0.00468	0.00155	0.00539	0.02223	0.00379	0.09374

[dist]
# distance from previous block
# <min> <max>
0	2

[block]
# block no. 2 follows, 48 sequences, length 29
# corresponding to MSA columns:
# 1669-1697
name=unknown_C
#
# <colnr> <probs for GDERKNQSTAVLIFYWHMCP>
#	G	D	E	R	K	N	Q	S	T	A	V	L	I	F	Y	W	H	M	C	P
0	0.01242	0.01005	0.03310	0.01071	0.03971	0.03068	0.05311	0.09954	0.16881	0.09346	0.24115	0.02434	0.04470	0.00789	0.00601	0.00165	0.03995	0.03356	0.00478	0.04438
1	0.01466	0.52830	0.11710	0.01051	0.01494	0.16802	0.01029	0.05837	0.01202	0.01380	0.00783	0.00897	0.00670	0.00472	0.00384	0.00123	0.00647	0.00308	0.00244	0.00670
2	0.01059	0.09600	0.72625	0.01411	0.02142	0.01265	0.01807	0.01617	0.01080	0.01589	0.00903	0.01061	0.00651	0.00483	0.00474	0.00158	0.00740	0.00370	0.00217	0.00750
3	0.03588	0.00930	0.01143	0.00825	0.01275	0.00727	0.03604	0.01413	0.01098	0.08161	0.01004	0.01127	0.00798	0.00406	0.00398	0.00089	0.00404	0.00333	0.00330	0.72347
4	0.21152	0.00704	0.00822	0.00775	0.00878	0.00825	0.00583	0.01032	0.00797	0.01385	0.01135	0.01889	0.01128	0.20828	0.24715	0.09363	0.10765	0.00507	0.00282	0.00435
5	0.10858	0.00885	0.01146	0.00888	0.01277	0.00795	0.00734	0.02399	0.01407	0.71230	0.01890	0.01653	0.01197	0.00619	0.00496	0.00159	0.00433	0.00492	0.00602	0.00841
6	0.00824	0.00472	0.00629	0.00629	0.00633	0.00475	0.00397	0.00711	0.00708	0.00947	0.01217	0.02336	0.01318	0.35674	0.05450	0.45965	0.00505	0.00577	0.00262	0.00270
7	0.01733	0.08522	0.14733	0.01036	0.01489	0.01011	0.03008	0.08111	0.02509	0.38575	0.02853	0.04260	0.01157	0.00604	0.00491	0.00150	0.00510	0.00491	0.00468	0.08288
8	0.05001	0.01203	0.01377	0.01059	0.01461	0.01252	0.00875	0.45542	0.01993	0.32599	0.01521	0.01417	0.01016	0.00618	0.00508	0.00156	0.00509	0.00476	0.00554	0.00862
9	0.00981	0.00924	0.01561	0.77626	0.06548	0.01143	0.01431	0.01322	0.01032	0.01326	0.00914	0.01364	0.00689	0.00511	0.00513	0.00170	0.00681	0.00456	0.00229	0.00580
10	0.01024	0.05718	0.68929	0.01391	0.02077	0.01170	0.01755	0.01569	0.01091	0.01600	0.01078	0.01507	0.00863	0.00571	0.00501	0.00167	0.00723	0.07296	0.00240	0.00728
11	0.00869	0.00608	0.00790	0.00746	0.00761	0.00690	0.00514	0.02381	0.00771	0.01065	0.01248	0.02386	0.01355	0.40732	0.07367	0.22911	0.13582	0.00599	0.00275	0.00349
12	0.00625	0.00447	0.00595	0.00714	0.00744	0.00417	0.00476	0.00714	0.00982	0.01310	0.02828	0.81633	0.03394	0.01608	0.00655	0.00208	0.00298	0.01459	0.00476	0.00417
13	0.01092	0.00908	0.01507	0.73362	0.03329	0.01104	0.01363	0.01421	0.01067	0.08498	0.01015	0.01403	0.00738	0.00524	0.00513	0.00170	0.00661	0.00462	0.00266	0.00598
14	0.01400	0.01351	0.03858	0.13347	0.31656	0.12376	0.08444	0.04882	0.05135	0.07460	0.01115	0.01334	0.00861	0.00512	0.00506	0.00155	0.00653	0.00463	0.03765	0.00728
15	0.00851	0.00834	0.08193	0.02419	0.05804	0.00708	0.04240	0.01063	0.02134	0.03507	0.02284	0.39279	0.05120	0.04532	0.00768	0.00212	0.05234	0.11891	0.00408	0.00518
16	0.00964	0.00547	0.00656	0.00647	0.00778	0.00526	0.00477	0.01214	0.04665	0.09407	0.18457	0.24042	0.02642	0.00978	0.00515	0.00159	0.00283	0.00850	0.31677	0.00517
17	0.00646	0.00513	0.00580	0.00581	0.00722	0.00447	0.00429	0.00807	0.01238	0.01589	0.28043	0.13013	0.47065	0.01254	0.00611	0.00173	0.00258	0.01075	0.00504	0.00447
18	0.85592	0.00992	0.00754	0.00675	0.00992	0.01151	0.00556	0.01508	0.00873	0.02302	0.00714	0.00834	0.00556	0.00476	0.00318	0.00159	0.00397	0.00278	0.00318	0.00556
19	0.01232	0.01172	0.01970	0.02917	0.70767	0.01191	0.01480	0.01511	0.01127	0.01617	0.00991	0.01388	0.00869	0.05328	0.00684	0.00176	0.04078	0.00474	0.00256	0.00772
20	0.01208	0.01021	0.01574	0.01250	0.01578	0.01024	0.21657	0.08129	0.19626	0.06302	0.15580	0.04455	0.01979	0.00740	0.00569	0.00169	0.00518	0.06505	0.00445	0.05671
21	0.00715	0.00524	0.00671	0.00634	0.00760	0.00479	0.00476	0.00947	0.01427	0.01996	0.71792	0.03934	0.11583	0.01072	0.00605	0.00162	0.00244	0.00942	0.00557	0.00479
22	0.01323	0.01146	0.04673	0.28997	0.12709	0.01214	0.03987	0.13292	0.14585	0.07648	0.01304	0.01560	0.00989	0.00587	0.00538	0.00168	0.01717	0.02476	0.00364	0.00723
23	0.00746	0.00497	0.00560	0.00560	0.00560	0.00497	0.00311	0.00746	0.00746	0.00995	0.01617	0.03358	0.01865	0.81967	0.02612	0.00497	0.00497	0.00746	0.00311	0.00311
24	0.01196	0.01603	0.24651	0.13017	0.32935	0.01190	0.11375	0.01602	0.01143	0.04954	0.01000	0.01264	0.00763	0.00478	0.00516	0.00161	0.00689	0.00456	0.00257	0.00751
25	0.00879	0.00677	0.00868	0.00781	0.00944	0.00693	0.03356	0.01344	0.15360	0.02019	0.52071	0.03127	0.03633	0.00915	0.00602	0.00162	0.02903	0.00795	0.08316	0.00554
26	0.01080	0.18653	0.34006	0.14980	0.02044	0.01338	0.01397	0.01484	0.03090	0.01444	0.01039	0.04773	0.00895	0.00611	0.00586	0.00164	0.08075	0.03431	0.00250	0.00662
27	0.04398	0.00763	0.01179	0.16513	0.14890	0.00856	0.00941	0.01181	0.00945	0.04194	0.01221	0.01757	0.01079	0.05424	0.41794	0.00519	0.01001	0.00511	0.00279	0.00554
28	0.01253	0.01278	0.05127	0.26013	0.12714	0.03811	0.20367	0.10641	0.08657	0.01763	0.01094	0.01364	0.00830	0.00523	0.00558	0.00167	0.02337	0.00499	0.00302	0.00701

[dist]
# distance from previous block
# <min> <max>
2	7

[block]
# block no. 3 follows, 48 sequences, length 11
# corresponding to MSA columns:
# 1705-1715
name=unknown_D
#
# <colnr> <probs for GDERKNQSTAVLIFYWHMCP>
#	G	D	E	R	K	N	Q	S	T	A	V	L	I	F	Y	W	H	M	C	P
0	0.24788	0.14603	0.03943	0.01036	0.01370	0.30683	0.00866	0.08034	0.01286	0.04664	0.00920	0.01133	0.00760	0.00544	0.00418	0.00144	0.00648	0.03218	0.00313	0.00628
1	0.12943	0.00941	0.01459	0.65012	0.07451	0.01146	0.01311	0.01354	0.01012	0.01472	0.00887	0.01287	0.00673	0.00505	0.00485	0.00168	0.00639	0.00431	0.00242	0.00582
2	0.01194	0.21593	0.04188	0.00903	0.01193	0.03114	0.03052	0.08716	0.04293	0.07089	0.26941	0.02141	0.02228	0.01089	0.09862	0.00226	0.00559	0.00586	0.00412	0.00621
3	0.00740	0.00514	0.00644	0.00638	0.00679	0.00532	0.00419	0.00820	0.00866	0.01194	0.12419	0.03087	0.02139	0.50868	0.21793	0.00532	0.00682	0.00722	0.00338	0.00372
4	0.71197	0.00972	0.00830	0.00716	0.01047	0.01082	0.00590	0.01680	0.00976	0.15579	0.00941	0.00991	0.00679	0.00504	0.00352	0.00159	0.00404	0.00319	0.00372	0.00611
5	0.01531	0.00996	0.01107	0.00937	0.01213	0.03950	0.00735	0.23193	0.11957	0.19069	0.04740	0.12142	0.07927	0.00915	0.00655	0.06606	0.00449	0.00679	0.00504	0.00696
6	0.00840	0.00606	0.00732	0.00709	0.00857	0.00587	0.00527	0.01201	0.12104	0.05525	0.36613	0.19621	0.15832	0.01134	0.00600	0.00175	0.00289	0.00993	0.00530	0.00527
7	0.01223	0.00835	0.00986	0.03352	0.04480	0.06858	0.00685	0.05457	0.06691	0.12316	0.01381	0.04392	0.01224	0.10828	0.14395	0.22834	0.00656	0.00543	0.00351	0.00514
8	0.12701	0.00596	0.00723	0.00845	0.05550	0.00595	0.00562	0.00923	0.01007	0.01501	0.05919	0.43138	0.08016	0.08653	0.00776	0.00222	0.00358	0.07026	0.00429	0.00460
9	0.01408	0.18963	0.04154	0.01238	0.05275	0.08659	0.10212	0.12351	0.09077	0.04166	0.01138	0.03841	0.00930	0.00534	0.00460	0.00135	0.00577	0.00442	0.00339	0.16103
10	0.14940	0.21020	0.01598	0.01008	0.02834	0.10645	0.04925	0.05656	0.04869	0.05714	0.01061	0.01183	0.02198	0.00687	0.04929	0.00169	0.00588	0.00376	0.00318	0.15285

[dist]
# distance from previous block
# <min> <max>
0	16

[block]
# block no. 4 follows, 48 sequences, length 20
# corresponding to MSA columns:
# 1732-1751
name=unknown_E
#
# <colnr> <probs for GDERKNQSTAVLIFYWHMCP>
#	G	D	E	R	K	N	Q	S	T	A	V	L	I	F	Y	W	H	M	C	P
0	0.03361	0.03501	0.42493	0.01338	0.09432	0.00983	0.01354	0.01373	0.01128	0.01642	0.12687	0.02013	0.08004	0.00735	0.00596	0.04619	0.00584	0.03202	0.00306	0.00650
1	0.01809	0.07861	0.01581	0.01250	0.01545	0.43500	0.00991	0.24012	0.01641	0.01832	0.00905	0.01027	0.00724	0.00584	0.00587	0.00146	0.08620	0.00377	0.00330	0.00678
2	0.00761	0.00503	0.00651	0.00689	0.00782	0.00459	0.00488	0.00902	0.01159	0.06653	0.23225	0.47800	0.11267	0.01363	0.00628	0.00189	0.00288	0.01217	0.00510	0.00467
3	0.04519	0.01103	0.01052	0.00884	0.01171	0.16295	0.00698	0.05889	0.01408	0.34546	0.07215	0.01718	0.01377	0.00630	0.00470	0.00145	0.00480	0.00491	0.19217	0.00692
4	0.00882	0.00653	0.00951	0.14938	0.01375	0.00665	0.03335	0.01169	0.04558	0.06250	0.39877	0.17968	0.03339	0.01000	0.00590	0.00173	0.00371	0.00896	0.00480	0.00530
5	0.01138	0.01442	0.26852	0.04619	0.01606	0.04224	0.04991	0.01545	0.05860	0.12081	0.09882	0.11227	0.07441	0.00905	0.03705	0.00195	0.00582	0.00666	0.00385	0.00654
6	0.01019	0.00707	0.01043	0.00898	0.01105	0.00676	0.10326	0.05197	0.01341	0.07967	0.28989	0.06546	0.06176	0.00923	0.00568	0.00168	0.00387	0.10737	0.14672	0.00554
7	0.01322	0.00655	0.00866	0.00744	0.00971	0.00582	0.00582	0.01534	0.01420	0.31725	0.41059	0.06528	0.08012	0.00930	0.00573	0.00163	0.00321	0.00802	0.00583	0.00628
8	0.01242	0.01072	0.04683	0.47702	0.14506	0.01163	0.01347	0.07034	0.01190	0.10077	0.01056	0.01363	0.00780	0.00541	0.00562	0.00168	0.04088	0.00460	0.00297	0.00670
9	0.05268	0.01650	0.15200	0.05352	0.01681	0.22011	0.03765	0.04983	0.06612	0.22144	0.01365	0.05431	0.01032	0.00613	0.00499	0.00157	0.00646	0.00483	0.00393	0.00715
10	0.85592	0.00992	0.00754	0.00675	0.00992	0.01151	0.00556	0.01508	0.00873	0.02302	0.00714	0.00834	0.00556	0.00476	0.00318	0.00159	0.00397	0.00278	0.00318	0.00556
11	0.00877	0.00641	0.00928	0.00869	0.00913	0.00732	0.03333	0.00896	0.00800	0.01113	0.01285	0.03722	0.01345	0.19484	0.14423	0.25985	0.15055	0.06940	0.00278	0.00382
12	0.05496	0.00785	0.01013	0.00809	0.01134	0.00704	0.00658	0.02122	0.01375	0.56954	0.07504	0.01889	0.01509	0.00652	0.00487	0.00152	0.00387	0.00530	0.15078	0.00763
13	0.01233	0.01083	0.01540	0.15790	0.29353	0.01175	0.01170	0.11102	0.18432	0.01928	0.07343	0.01778	0.04578	0.00621	0.00524	0.00162	0.00529	0.00548	0.00375	0.00736
14	0.00983	0.00717	0.00874	0.00739	0.00973	0.00657	0.00574	0.07009	0.04672	0.05376	0.49483	0.02871	0.03373	0.00840	0.00543	0.00143	0.00312	0.00727	0.00506	0.18627
15	0.01235	0.01161	0.01857	0.19011	0.46663	0.03071	0.04642	0.07260	0.01262	0.01733	0.06258	0.01459	0.01060	0.00522	0.00519	0.00157	0.00615	0.00493	0.00290	0.00734
16	0.01488	0.10335	0.01482	0.03361	0.04070	0.01212	0.04121	0.20822	0.13076	0.13294	0.05473	0.04743	0.03574	0.00713	0.00541	0.00160	0.02231	0.04773	0.00454	0.04077
17	0.00923	0.04672	0.14633	0.06389	0.04769	0.00867	0.07128	0.01266	0.05428	0.01554	0.09407	0.22443	0.03218	0.02749	0.02802	0.00192	0.00518	0.01989	0.00362	0.08689
18	0.13716	0.05703	0.16624	0.12355	0.13332	0.01116	0.07387	0.01582	0.01090	0.10027	0.01043	0.01294	0.00806	0.04078	0.00558	0.00167	0.00592	0.00424	0.00299	0.07807
19	0.17348	0.07194	0.01784	0.01366	0.04965	0.06855	0.20706	0.10950	0.07703	0.03216	0.01060	0.01244	0.00829	0.00701	0.04877	0.00193	0.03864	0.00450	0.00329	0.04367

[dist]
# distance from previous block
# <min> <max>
0	31

[block]
# block no. 5 follows, 48 sequences, length 21
# corresponding to MSA columns:
# 1783-1803
name=unknown_F
#
# <colnr> <probs for GDERKNQSTAVLIFYWHMCP>
#	G	D	E	R	K	N	Q	S	T	A	V	L	I	F	Y	W	H	M	C	P
0	0.01174	0.10016	0.38917	0.05874	0.06966	0.01185	0.03798	0.03976	0.04789	0.06935	0.01335	0.03621	0.03302	0.00615	0.00504	0.00163	0.00637	0.05171	0.00304	0.00717
1	0.01359	0.10286	0.26549	0.01735	0.18738	0.01298	0.09133	0.08608	0.06530	0.09186	0.01134	0.01261	0.00842	0.00510	0.00495	0.00155	0.00642	0.00443	0.00317	0.00778
2	0.00699	0.00499	0.00674	0.00783	0.00845	0.00479	0.00588	0.00841	0.01060	0.01406	0.05833	0.51166	0.03263	0.03846	0.00727	0.00224	0.00359	0.25799	0.00474	0.00435
3	0.03079	0.02286	0.07461	0.05190	0.02752	0.00719	0.05619	0.01150	0.01107	0.08644	0.13856	0.31153	0.04815	0.01113	0.00709	0.05525	0.02957	0.00915	0.00419	0.00532
4	0.01348	0.01373	0.14917	0.12527	0.10275	0.01144	0.21020	0.06876	0.01255	0.14366	0.01252	0.05783	0.00975	0.00585	0.00588	0.00169	0.03942	0.00548	0.00337	0.00721
5	0.01548	0.00792	0.01164	0.00967	0.01223	0.00752	0.06483	0.01736	0.01272	0.39799	0.09970	0.21426	0.02074	0.00922	0.00662	0.00178	0.07034	0.00791	0.00527	0.00682
6	0.06581	0.01677	0.34890	0.01320	0.01809	0.01066	0.13658	0.05830	0.01123	0.04808	0.01153	0.03923	0.00941	0.03521	0.15137	0.00296	0.00819	0.00496	0.00286	0.00667
7	0.01485	0.08793	0.08965	0.01610	0.10280	0.03663	0.23696	0.03547	0.05290	0.19260	0.04074	0.01464	0.01055	0.00549	0.00572	0.00161	0.03918	0.00510	0.00366	0.00744
8	0.03885	0.09605	0.27389	0.01092	0.01521	0.03898	0.04415	0.03412	0.05264	0.08040	0.17976	0.06879	0.03066	0.00712	0.00513	0.00159	0.00539	0.00595	0.00377	0.00662
9	0.02302	0.00873	0.01191	0.00913	0.01310	0.00754	0.00754	0.02501	0.01469	0.79122	0.02024	0.01746	0.01270	0.00635	0.00516	0.00159	0.00437	0.00516	0.00635	0.00873
10	0.00979	0.01063	0.10878	0.11805	0.16444	0.00897	0.05674	0.01347	0.05822	0.03212	0.11839	0.07969	0.12431	0.00831	0.00565	0.00173	0.00510	0.06567	0.00373	0.00620
11	0.01766	0.07058	0.05532	0.08414	0.05878	0.08507	0.02356	0.18663	0.03712	0.27478	0.04527	0.01479	0.01116	0.00593	0.00500	0.00153	0.00566	0.00474	0.00452	0.00774
12	0.01683	0.01640	0.24711	0.01209	0.01697	0.07521	0.05007	0.13071	0.04591	0.28502	0.04241	0.01470	0.01095	0.00587	0.00511	0.00158	0.00605	0.00474	0.00435	0.00790
13	0.06095	0.01243	0.04005	0.10489	0.39970	0.04400	0.08167	0.06288	0.01224	0.04235	0.01080	0.01501	0.00901	0.00550	0.00558	0.00164	0.03560	0.04545	0.00294	0.00730
14	0.01034	0.00864	0.01356	0.17492	0.27718	0.00898	0.01065	0.04034	0.01203	0.04243	0.14705	0.19510	0.02066	0.00836	0.00559	0.00170	0.00485	0.00761	0.00374	0.00625
15	0.85592	0.00992	0.00754	0.00675	0.00992	0.01151	0.00556	0.01508	0.00873	0.02302	0.00714	0.00834	0.00556	0.00476	0.00318	0.00159	0.00397	0.00278	0.00318	0.00556
16	0.00758	0.00549	0.00681	0.00707	0.00848	0.00503	0.00565	0.00948	0.01239	0.04038	0.21926	0.09788	0.30050	0.01274	0.00638	0.00192	0.00329	0.23996	0.00502	0.00470
17	0.00919	0.00794	0.01121	0.01021	0.01056	0.01030	0.00810	0.01025	0.00789	0.01171	0.01054	0.01724	0.01044	0.10447	0.31775	0.06110	0.36867	0.00518	0.00253	0.00474
18	0.10229	0.01214	0.01361	0.01150	0.05352	0.06699	0.02515	0.25998	0.05151	0.32871	0.01485	0.01411	0.01010	0.00595	0.00494	0.00156	0.00525	0.00464	0.00506	0.00812
19	0.16384	0.26295	0.12514	0.03512	0.01504	0.01426	0.03501	0.08485	0.09004	0.03975	0.03281	0.01174	0.00902	0.00517	0.00417	0.00141	0.00530	0.00382	0.00322	0.05735
20	0.07399	0.23209	0.06285	0.03976	0.06371	0.01269	0.00913	0.06824	0.06832	0.20804	0.04495	0.03731	0.01150	0.00584	0.00451	0.00145	0.00496	0.00457	0.00398	0.04212

[dist]
# distance from previous block
# <min> <max>
1	9

[block]
# block no. 6 follows, 48 sequences, length 7
# corresponding to MSA columns:
# 1818-1824
name=unknown_G
#
# <colnr> <probs for GDERKNQSTAVLIFYWHMCP>
#	G	D	E	R	K	N	Q	S	T	A	V	L	I	F	Y	W	H	M	C	P
0	0.10762	0.00836	0.01016	0.03610	0.04195	0.00831	0.00706	0.08790	0.06185	0.22506	0.11167	0.16340	0.05444	0.00852	0.00527	0.00166	0.00399	0.00720	0.00493	0.04456
1	0.04103	0.04598	0.01148	0.06034	0.04328	0.13280	0.00775	0.04047	0.03843	0.10872	0.31905	0.02310	0.02463	0.00909	0.04137	0.00187	0.03394	0.00625	0.00440	0.00601
2	0.04796	0.00973	0.06312	0.42448	0.05527	0.00983	0.04357	0.01398	0.01111	0.09708	0.07122	0.10409	0.01362	0.00679	0.00529	0.00171	0.00578	0.00602	0.00330	0.00605
3	0.06675	0.08651	0.05507	0.06468	0.12314	0.01336	0.04488	0.08949	0.23288	0.05370	0.02938	0.01446	0.01079	0.00609	0.00607	0.00166	0.08521	0.00479	0.00374	0.00735
4	0.00761	0.00609	0.00867	0.00768	0.00938	0.00548	0.06542	0.00986	0.01316	0.01829	0.49298	0.13111	0.12611	0.01052	0.00596	0.00164	0.00310	0.00943	0.00502	0.06250
5	0.01270	0.03551	0.02109	0.11154	0.33503	0.06281	0.20381	0.04510	0.04922	0.01662	0.01110	0.01528	0.00920	0.00526	0.00536	0.00162	0.00683	0.04185	0.00286	0.00722
6	0.01071	0.00867	0.01076	0.00949	0.01064	0.11828	0.09580	0.01062	0.03221	0.01125	0.03889	0.01609	0.01053	0.03698	0.03717	0.52500	0.00582	0.00482	0.00259	0.00368

[dist]
# distance from previous block
# <min> <max>
9	20

[block]
# block no. 7 follows, 48 sequences, length 19
# corresponding to MSA columns:
# 1847-1865
name=unknown_H
#
# <colnr> <probs for GDERKNQSTAVLIFYWHMCP>
#	G	D	E	R	K	N	Q	S	T	A	V	L	I	F	Y	W	H	M	C	P
0	0.61207	0.07579	0.01123	0.00920	0.04759	0.04564	0.04430	0.01512	0.00947	0.02052	0.00812	0.02586	0.00672	0.00509	0.00389	0.00156	0.02419	0.00338	0.02445	0.00580
1	0.11828	0.01068	0.01698	0.13818	0.36856	0.01117	0.07456	0.01545	0.03435	0.05857	0.04306	0.05361	0.01097	0.00570	0.00522	0.00163	0.01766	0.00522	0.00310	0.00701
2	0.01046	0.00913	0.01396	0.04698	0.09117	0.00862	0.13336	0.09308	0.01213	0.01693	0.01645	0.29445	0.01701	0.00858	0.00546	0.00159	0.00487	0.00798	0.00371	0.20408
3	0.00792	0.00612	0.00793	0.03114	0.00954	0.00576	0.04039	0.01075	0.05995	0.03541	0.34922	0.08262	0.27571	0.01066	0.00588	0.00168	0.00308	0.00929	0.04192	0.00505
4	0.01202	0.01107	0.01579	0.15010	0.16663	0.02939	0.08303	0.06360	0.09797	0.01751	0.01084	0.01289	0.00854	0.00476	0.00475	0.00133	0.00550	0.00430	0.00314	0.29683
5	0.01785	0.00745	0.00983	0.00804	0.01103	0.00662	0.00654	0.01998	0.01386	0.51650	0.12555	0.02260	0.01853	0.00724	0.00511	0.00156	0.00378	0.04229	0.14830	0.00733
6	0.00724	0.00562	0.00654	0.00645	0.00778	0.00530	0.00471	0.01001	0.08136	0.01672	0.31980	0.15351	0.27985	0.06305	0.00732	0.00195	0.00287	0.01013	0.00503	0.00476
7	0.00669	0.00522	0.00607	0.00586	0.00732	0.00460	0.00439	0.00858	0.01318	0.01738	0.43639	0.04358	0.39898	0.01168	0.00606	0.00167	0.00251	0.01002	0.00523	0.00460
8	0.01059	0.07502	0.70818	0.01461	0.02188	0.01249	0.05535	0.01620	0.01087	0.01600	0.00914	0.01082	0.00657	0.00482	0.00484	0.00160	0.00751	0.00384	0.00219	0.00749
9	0.04571	0.00934	0.01261	0.08717	0.01463	0.03837	0.04642	0.07231	0.02895	0.05846	0.02245	0.01807	0.01136	0.01804	0.27868	0.00405	0.17699	0.04742	0.00320	0.00576
10	0.00850	0.00707	0.00840	0.00912	0.08282	0.05577	0.00606	0.01075	0.01362	0.01872	0.52643	0.06614	0.10581	0.00983	0.00577	0.00160	0.00324	0.00859	0.04663	0.00515
11	0.00994	0.00869	0.01373	0.39689	0.12517	0.00982	0.03997	0.04502	0.01028	0.01361	0.01151	0.01951	0.01070	0.25118	0.01150	0.00266	0.00619	0.00550	0.00270	0.00542
12	0.01405	0.72885	0.05303	0.00935	0.01371	0.08409	0.00923	0.01582	0.01078	0.01226	0.00727	0.00841	0.00658	0.00448	0.00346	0.00113	0.00587	0.00283	0.00223	0.00657
13	0.77516	0.08787	0.00940	0.00694	0.01023	0.01235	0.00587	0.01511	0.00889	0.02197	0.00714	0.00833	0.00566	0.00473	0.00319	0.00154	0.00411	0.00278	0.00308	0.00566
14	0.10222	0.01101	0.01247	0.00981	0.01355	0.01140	0.00805	0.31547	0.06597	0.33160	0.01572	0.01474	0.01065	0.00614	0.00488	0.00156	0.00471	0.00474	0.04712	0.00818
15	0.01441	0.01109	0.01326	0.25100	0.01985	0.06402	0.00991	0.24271	0.05338	0.10152	0.08664	0.01719	0.01320	0.04759	0.03015	0.00197	0.00594	0.00524	0.00411	0.00682
16	0.00848	0.00698	0.00736	0.00769	0.00843	0.08131	0.00554	0.00957	0.00973	0.01245	0.02053	0.19350	0.04331	0.27662	0.12577	0.00384	0.00605	0.14367	0.02501	0.00418
17	0.01132	0.00944	0.01569	0.64018	0.12108	0.01112	0.01378	0.01456	0.01085	0.08815	0.01025	0.01393	0.00755	0.00518	0.00513	0.00168	0.00652	0.00462	0.00270	0.00627
18	0.01004	0.00602	0.00727	0.00678	0.00839	0.00582	0.00514	0.01339	0.08638	0.10848	0.34983	0.10228	0.04937	0.00917	0.00532	0.00157	0.00285	0.00792	0.20845	0.00552

[dist]
# distance from previous block
# <min> <max>
7	88

[block]
# block no. 8 follows, 48 sequences, length 26
# corresponding to MSA columns:
# 1964-1989
name=unknown_I
#
# <colnr> <probs for GDERKNQSTAVLIFYWHMCP>
#	G	D	E	R	K	N	Q	S	T	A	V	L	I	F	Y	W	H	M	C	P
0	0.03448	0.14301	0.06754	0.00937	0.01372	0.04015	0.00832	0.15792	0.01340	0.06346	0.01017	0.01129	0.00802	0.00618	0.03955	0.00144	0.00536	0.00358	0.00341	0.35964
1	0.01520	0.01725	0.38699	0.01229	0.01781	0.00970	0.05322	0.01914	0.01237	0.32554	0.01498	0.06855	0.01092	0.00620	0.00517	0.00165	0.00604	0.00519	0.00404	0.00777
2	0.01163	0.10002	0.07565	0.00937	0.01396	0.00920	0.05948	0.02589	0.01111	0.05608	0.01047	0.04685	0.00887	0.00470	0.00420	0.00105	0.00464	0.00392	0.00313	0.53980
3	0.04943	0.00631	0.00777	0.00747	0.00788	0.00721	0.00532	0.00925	0.00814	0.01202	0.01470	0.02802	0.01585	0.45376	0.12829	0.00449	0.13107	0.05721	0.04180	0.00401
4	0.17584	0.00923	0.01128	0.00883	0.01266	0.00869	0.00729	0.06071	0.01407	0.61191	0.01744	0.01553	0.01119	0.00605	0.00479	0.00159	0.00436	0.00470	0.00571	0.00815
5	0.01274	0.09188	0.07863	0.23003	0.05077	0.01071	0.05415	0.04102	0.03762	0.14691	0.05507	0.08097	0.01279	0.00636	0.00505	0.00157	0.00551	0.00552	0.00362	0.06907
6	0.01096	0.02173	0.53979	0.06961	0.02305	0.01220	0.14322	0.01604	0.01091	0.03638	0.00953	0.01173	0.00692	0.00511	0.00590	0.00169	0.06133	0.00431	0.00236	0.00724
7	0.02249	0.00958	0.01243	0.00953	0.01352	0.00880	0.00787	0.13729	0.01611	0.67692	0.01905	0.01669	0.01210	0.00632	0.00516	0.00158	0.00456	0.00508	0.00617	0.00873
8	0.01145	0.01092	0.01857	0.35294	0.47596	0.01186	0.01513	0.01465	0.01109	0.01525	0.00943	0.01311	0.00759	0.00480	0.00510	0.00160	0.00640	0.00457	0.00243	0.00712
9	0.01133	0.01124	0.06236	0.01161	0.01336	0.08207	0.08562	0.01361	0.04301	0.06888	0.01460	0.18101	0.01467	0.09089	0.04163	0.00247	0.23561	0.00702	0.00336	0.00564
10	0.00746	0.00497	0.00560	0.00560	0.00560	0.00497	0.00311	0.00746	0.00746	0.00995	0.01617	0.03358	0.01865	0.81967	0.02612	0.00497	0.00497	0.00746	0.00311	0.00311
11	0.01226	0.00940	0.01052	0.00920	0.01173	0.01024	0.00719	0.12786	0.37234	0.05574	0.28462	0.02474	0.02590	0.00804	0.00549	0.00166	0.00373	0.00681	0.00541	0.00710
12	0.01085	0.13942	0.65616	0.01405	0.02109	0.01315	0.04491	0.01613	0.01082	0.01566	0.00896	0.01057	0.00656	0.00479	0.00469	0.00155	0.00732	0.00373	0.00219	0.00742
13	0.00925	0.00799	0.06190	0.04512	0.01147	0.00715	0.00730	0.03925	0.12157	0.05019	0.22351	0.26980	0.02983	0.01110	0.00599	0.00185	0.00380	0.08248	0.00485	0.00562
14	0.00969	0.00912	0.01539	0.80734	0.03534	0.01140	0.01425	0.01311	0.01026	0.01311	0.00912	0.01368	0.00684	0.00513	0.00513	0.00171	0.00684	0.00456	0.00228	0.00570
15	0.00624	0.00452	0.00590	0.00700	0.00740	0.00418	0.00470	0.00716	0.00996	0.01315	0.03002	0.75999	0.08915	0.01585	0.00651	0.00206	0.00295	0.01431	0.00476	0.00418
16	0.00625	0.00447	0.00595	0.00714	0.00744	0.00417	0.00476	0.00714	0.00982	0.01310	0.02828	0.81633	0.03394	0.01608	0.00655	0.00208	0.00298	0.01459	0.00476	0.00417
17	0.05195	0.01478	0.01896	0.01528	0.01739	0.18752	0.21233	0.01536	0.01050	0.01397	0.00799	0.01135	0.00693	0.00673	0.01065	0.00187	0.38336	0.00457	0.00247	0.00603
18	0.00969	0.00912	0.01539	0.80734	0.03534	0.01140	0.01425	0.01311	0.01026	0.01311	0.00912	0.01368	0.00684	0.00513	0.00513	0.00171	0.00684	0.00456	0.00228	0.00570
19	0.01237	0.22931	0.34513	0.01383	0.08664	0.02776	0.03475	0.06873	0.06318	0.01675	0.01008	0.01144	0.00780	0.00500	0.00449	0.00146	0.00634	0.00388	0.04376	0.00730
20	0.00681	0.00493	0.00643	0.00668	0.00755	0.00455	0.00477	0.00858	0.01254	0.01733	0.45479	0.34929	0.07094	0.01282	0.00625	0.00181	0.00265	0.01146	0.00526	0.00455
21	0.01256	0.26424	0.18021	0.01393	0.13080	0.09219	0.01170	0.01616	0.06349	0.01485	0.03020	0.01313	0.04318	0.00553	0.00509	0.00142	0.04886	0.00413	0.00273	0.04560
22	0.00673	0.00505	0.00627	0.00655	0.00762	0.00459	0.00482	0.00842	0.01224	0.01632	0.32585	0.27456	0.22549	0.01303	0.00627	0.00183	0.00279	0.06196	0.00510	0.00451
23	0.05155	0.01069	0.04943	0.04854	0.25448	0.01059	0.01055	0.07725	0.16066	0.03823	0.12339	0.05553	0.01713	0.00836	0.04063	0.00194	0.00527	0.02477	0.00397	0.00706
24	0.00650	0.00467	0.00588	0.00666	0.00709	0.00436	0.00440	0.00737	0.00987	0.01307	0.07285	0.56565	0.10218	0.15259	0.00981	0.00252	0.00325	0.01271	0.00453	0.00404
25	0.08572	0.05109	0.26637	0.01152	0.01526	0.03095	0.04770	0.01417	0.01093	0.05104	0.13144	0.01750	0.05144	0.00833	0.04116	0.00199	0.14873	0.00520	0.00318	0.00628

[dist]
# distance from previous block
# <min> <max>
7	10

[block]
# block no. 9 follows, 48 sequences, length 10
# corresponding to MSA columns:
# 2010-2019
name=unknown_J
#
# <colnr> <probs for GDERKNQSTAVLIFYWHMCP>
#	G	D	E	R	K	N	Q	S	T	A	V	L	I	F	Y	W	H	M	C	P
0	0.03378	0.00662	0.00848	0.00768	0.00979	0.00590	0.00578	0.01420	0.01156	0.27471	0.04054	0.31127	0.04086	0.07322	0.00717	0.00197	0.00372	0.03034	0.02184	0.09058
1	0.00813	0.00537	0.00715	0.00697	0.00793	0.00534	0.00505	0.00973	0.01105	0.06067	0.31184	0.11893	0.02997	0.17628	0.20837	0.00398	0.00593	0.00833	0.00437	0.00459
2	0.67951	0.00923	0.00766	0.00676	0.00980	0.01037	0.00553	0.01571	0.00955	0.09836	0.00950	0.01044	0.00711	0.00505	0.00342	0.00154	0.00383	0.00324	0.09759	0.00578
3	0.01486	0.09280	0.01468	0.04638	0.06000	0.01343	0.00919	0.29213	0.22654	0.05002	0.08314	0.01806	0.01473	0.00676	0.00513	0.00160	0.00491	0.03331	0.00466	0.00768
4	0.00693	0.00523	0.00640	0.00611	0.00746	0.00470	0.00458	0.00905	0.01375	0.01874	0.58419	0.04136	0.25033	0.01118	0.00606	0.00165	0.00247	0.00970	0.00541	0.00470
5	0.01046	0.00865	0.04703	0.00970	0.01142	0.00876	0.03804	0.03046	0.05556	0.09455	0.26863	0.13097	0.04015	0.01080	0.03802	0.00207	0.17679	0.00776	0.00443	0.00577
6	0.01123	0.01123	0.01572	0.01347	0.01347	0.01572	0.01123	0.01235	0.00786	0.01235	0.00674	0.01123	0.00674	0.00898	0.01684	0.00225	0.81028	0.00449	0.00225	0.00561
7	0.01315	0.00961	0.01148	0.00894	0.03492	0.00803	0.00692	0.06544	0.05577	0.12716	0.01158	0.01225	0.00887	0.00452	0.00420	0.00101	0.00408	0.00364	0.00375	0.60468
8	0.01676	0.01138	0.01566	0.13177	0.21631	0.01191	0.01125	0.26091	0.01631	0.20770	0.03940	0.01474	0.01061	0.00579	0.00516	0.00157	0.00552	0.00489	0.00436	0.00800
9	0.77208	0.01037	0.00833	0.00725	0.01052	0.01195	0.00598	0.09081	0.01028	0.02396	0.00766	0.00873	0.00587	0.00490	0.00337	0.00158	0.00414	0.00296	0.00337	0.00587

[dist]
# distance from previous block
# <min> <max>
0	2

[block]
# block no. 10 follows, 48 sequences, length 24
# corresponding to MSA columns:
# 2022-2045
name=unknown_K
#
# <colnr> <probs for GDERKNQSTAVLIFYWHMCP>
#	G	D	E	R	K	N	Q	S	T	A	V	L	I	F	Y	W	H	M	C	P
0	0.01711	0.14409	0.01618	0.06888	0.01646	0.54086	0.00980	0.06194	0.01416	0.01404	0.04486	0.01096	0.00872	0.00543	0.00455	0.00134	0.00797	0.00367	0.00283	0.00614
1	0.00622	0.00520	0.00542	0.00536	0.00703	0.00440	0.00402	0.00767	0.01207	0.01475	0.14848	0.04793	0.68853	0.01267	0.00606	0.00172	0.00258	0.01063	0.00488	0.00440
2	0.22426	0.01137	0.01249	0.05770	0.01482	0.01220	0.00837	0.32938	0.01686	0.24368	0.01310	0.01288	0.00896	0.00581	0.00466	0.00158	0.00495	0.00432	0.00483	0.00777
3	0.00863	0.00580	0.00754	0.00699	0.00832	0.00562	0.00532	0.01074	0.01347	0.07912	0.54611	0.09221	0.09733	0.01055	0.00660	0.00168	0.05126	0.00905	0.02856	0.00510
4	0.01141	0.07373	0.69064	0.01388	0.02101	0.01211	0.01752	0.01682	0.01108	0.07137	0.00987	0.01115	0.00695	0.00495	0.00480	0.00159	0.00723	0.00383	0.00247	0.00760
5	0.00631	0.00451	0.00601	0.00710	0.00746	0.00421	0.00477	0.00730	0.01011	0.01356	0.07450	0.76880	0.03482	0.01573	0.00652	0.00206	0.00294	0.01426	0.00482	0.00421
6	0.00633	0.00452	0.00604	0.00718	0.00753	0.00423	0.00485	0.00731	0.01001	0.01338	0.05081	0.77461	0.03426	0.01586	0.00655	0.00208	0.00300	0.03246	0.00479	0.00420
7	0.01210	0.01165	0.01979	0.15864	0.60206	0.01229	0.02904	0.01512	0.01122	0.01588	0.00940	0.01279	0.00782	0.00493	0.00582	0.00160	0.05521	0.00459	0.00248	0.00755
8	0.01643	0.01749	0.11219	0.01272	0.01628	0.29779	0.07670	0.07128	0.05885	0.14502	0.01190	0.01298	0.00891	0.00770	0.05386	0.00194	0.04560	0.00437	0.02108	0.00690
9	0.85592	0.00992	0.00754	0.00675	0.00992	0.01151	0.00556	0.01508	0.00873	0.02302	0.00714	0.00834	0.00556	0.00476	0.00318	0.00159	0.00397	0.00278	0.00318	0.00556
10	0.00649	0.00467	0.00609	0.00709	0.00753	0.00441	0.00486	0.00747	0.00986	0.01304	0.02841	0.64116	0.07777	0.07672	0.02549	0.00243	0.00346	0.06431	0.00459	0.00415
11	0.32726	0.00917	0.01031	0.00826	0.01194	0.00899	0.00682	0.02138	0.01251	0.51062	0.01546	0.01413	0.01009	0.00577	0.00444	0.00159	0.00422	0.00429	0.00519	0.00757
12	0.01111	0.01073	0.01756	0.40683	0.29557	0.03583	0.05240	0.01421	0.01096	0.01458	0.01016	0.01532	0.00845	0.00559	0.00567	0.01355	0.02167	0.04077	0.00251	0.00652
13	0.00770	0.00574	0.00739	0.00788	0.00917	0.00555	0.00644	0.01032	0.04472	0.01654	0.22360	0.10410	0.15549	0.01288	0.00654	0.00202	0.00364	0.36048	0.00499	0.00479
14	0.01567	0.06855	0.01270	0.00951	0.01257	0.05067	0.00778	0.26742	0.03956	0.17314	0.22991	0.02226	0.02140	0.00760	0.00532	0.00157	0.00458	0.03747	0.00516	0.00716
15	0.01297	0.54000	0.25899	0.01071	0.01605	0.01753	0.01192	0.05390	0.01124	0.01437	0.00803	0.00923	0.00667	0.00463	0.00387	0.00128	0.00613	0.00316	0.00234	0.00700
16	0.00914	0.00569	0.00847	0.14319	0.01201	0.00587	0.00621	0.00837	0.00768	0.01037	0.00928	0.01560	0.00886	0.04885	0.01632	0.59382	0.00483	0.00448	0.00235	0.07861
17	0.05850	0.01307	0.01412	0.01108	0.01496	0.01433	0.00908	0.54932	0.12478	0.11652	0.01414	0.01364	0.00997	0.00622	0.00506	0.00157	0.00521	0.00475	0.00519	0.00849
18	0.01246	0.00807	0.00948	0.00844	0.01062	0.00814	0.00656	0.22837	0.01540	0.11685	0.11663	0.24954	0.10044	0.01053	0.00576	0.00175	0.00386	0.04032	0.04059	0.00619
19	0.02866	0.04712	0.07802	0.22412	0.02075	0.05914	0.05947	0.13627	0.01416	0.18956	0.07114	0.02500	0.01191	0.00600	0.00512	0.00160	0.00594	0.00503	0.00396	0.00705
20	0.04888	0.00592	0.00732	0.00744	0.00840	0.00605	0.00546	0.01074	0.04176	0.06868	0.01993	0.13758	0.02119	0.32056	0.10346	0.00386	0.00552	0.16880	0.00396	0.00449
21	0.00987	0.00700	0.00852	0.00848	0.01006	0.00723	0.00648	0.02669	0.21400	0.07441	0.13750	0.30420	0.02864	0.01168	0.00608	0.00192	0.00359	0.12271	0.00513	0.00580
22	0.12558	0.09124	0.06143	0.01008	0.01414	0.04243	0.00879	0.34222	0.04885	0.03596	0.01100	0.01162	0.00827	0.00539	0.00441	0.00138	0.00517	0.00394	0.03945	0.12863
23	0.04826	0.09074	0.01260	0.11451	0.01479	0.00991	0.00780	0.10781	0.03798	0.11975	0.16128	0.01901	0.04904	0.00647	0.00481	0.00139	0.00438	0.00528	0.00419	0.18000

[dist]
# distance from previous block
# <min> <max>
0	1

[block]
# block no. 11 follows, 48 sequences, length 30
# corresponding to MSA columns:
# 2053-2080,2093,2094
name=unknown_L
#
# <colnr> <probs for GDERKNQSTAVLIFYWHMCP>
#	G	D	E	R	K	N	Q	S	T	A	V	L	I	F	Y	W	H	M	C	P
0	0.17655	0.06450	0.06330	0.01027	0.03985	0.03227	0.03581	0.10767	0.01375	0.25429	0.10543	0.03668	0.01430	0.00635	0.00478	0.00155	0.00480	0.00506	0.00452	0.01827
1	0.01335	0.24410	0.08694	0.01043	0.01397	0.06756	0.06624	0.04186	0.04251	0.12103	0.07718	0.09215	0.05808	0.00717	0.00531	0.00153	0.03453	0.00581	0.00371	0.00655
2	0.01212	0.00744	0.01093	0.27365	0.01826	0.00770	0.00863	0.01470	0.01300	0.21892	0.28843	0.02526	0.06414	0.00776	0.00551	0.00165	0.00441	0.00671	0.00466	0.00612
3	0.02567	0.00866	0.01025	0.00858	0.01163	0.00822	0.00671	0.07559	0.15469	0.19718	0.05981	0.15868	0.03975	0.00796	0.00514	0.00151	0.00387	0.00675	0.00486	0.20449
4	0.01657	0.05654	0.13944	0.02721	0.01633	0.01052	0.08044	0.04648	0.12782	0.33539	0.01558	0.01503	0.01071	0.00568	0.00500	0.00154	0.00534	0.00479	0.00455	0.07503
5	0.00726	0.00522	0.00722	0.00821	0.00895	0.00523	0.00639	0.00887	0.01034	0.01377	0.02539	0.36987	0.02866	0.03942	0.12301	0.00317	0.00531	0.31486	0.00441	0.00443
6	0.00969	0.00912	0.01539	0.80734	0.03534	0.01140	0.01425	0.01311	0.01026	0.01311	0.00912	0.01368	0.00684	0.00513	0.00513	0.00171	0.00684	0.00456	0.00228	0.00570
7	0.01438	0.01259	0.06728	0.04033	0.01499	0.13142	0.08254	0.09065	0.06297	0.17393	0.07368	0.07862	0.11866	0.00775	0.00543	0.00163	0.00549	0.00657	0.00440	0.00670
8	0.05317	0.00886	0.01174	0.00909	0.01299	0.00788	0.00749	0.02473	0.04268	0.73463	0.01979	0.01719	0.01255	0.00632	0.00509	0.00159	0.00434	0.00510	0.00619	0.00859
9	0.01060	0.02506	0.73505	0.01414	0.02132	0.01147	0.01801	0.01622	0.01093	0.04425	0.01033	0.04146	0.00776	0.00535	0.00495	0.00164	0.00729	0.00425	0.00242	0.00750
10	0.05895	0.01435	0.01561	0.10294	0.29853	0.23016	0.01165	0.03901	0.04083	0.05063	0.01156	0.08149	0.01016	0.00605	0.00500	0.00155	0.00650	0.00506	0.00311	0.00683
11	0.05196	0.05709	0.28913	0.01214	0.01663	0.08043	0.05973	0.05734	0.08745	0.06612	0.04391	0.07824	0.03466	0.00671	0.00549	0.00164	0.03558	0.00543	0.00343	0.00689
12	0.05995	0.00900	0.01185	0.00912	0.01306	0.00803	0.00754	0.05269	0.01478	0.72841	0.01936	0.01686	0.01223	0.00627	0.00507	0.00159	0.00440	0.00503	0.00616	0.00859
13	0.01256	0.01205	0.02058	0.06634	0.75388	0.01216	0.01568	0.01563	0.01162	0.01660	0.00963	0.01274	0.00807	0.00460	0.00508	0.00153	0.00613	0.00457	0.00253	0.00802
14	0.01281	0.04304	0.05549	0.23977	0.02217	0.03971	0.15706	0.04395	0.09149	0.12082	0.01414	0.10140	0.01171	0.00657	0.00552	0.00170	0.01643	0.00599	0.00357	0.00668
15	0.03740	0.05925	0.01545	0.05147	0.03857	0.05190	0.10430	0.02115	0.11852	0.36081	0.01630	0.04703	0.01183	0.00634	0.00557	0.00163	0.03484	0.00536	0.00467	0.00761
16	0.02514	0.01362	0.01872	0.22850	0.28407	0.16078	0.11879	0.01617	0.01193	0.04114	0.01001	0.02980	0.00813	0.00513	0.00515	0.00158	0.00709	0.00475	0.00268	0.00681
