[name]
unknown

[dist]
# distance from previous block
# <min> <max>
0	499

[block]
# block no. 0 follows, 43 sequences, length 23
# corresponding to MSA columns:
# 519-541
name=unknown_A
#
# <colnr> <probs for GDERKNQSTAVLIFYWHMCP>
#	G	D	E	R	K	N	Q	S	T	A	V	L	I	F	Y	W	H	M	C	P
0	0.00775	0.00556	0.00670	0.00692	0.00763	0.00540	0.00478	0.00880	0.01044	0.01374	0.09928	0.10414	0.15743	0.36977	0.07722	0.00408	0.00518	0.09671	0.00426	0.00420
1	0.00878	0.00649	0.00903	0.00881	0.00990	0.00737	0.00672	0.05993	0.01002	0.01415	0.01547	0.04531	0.01490	0.12341	0.62432	0.00783	0.01285	0.00639	0.00325	0.00506
2	0.01588	0.01332	0.01591	0.01428	0.07307	0.03299	0.05769	0.27282	0.28553	0.02494	0.01662	0.01880	0.01314	0.03716	0.00727	0.00196	0.05010	0.03534	0.00485	0.00835
3	0.01396	0.53977	0.08103	0.00992	0.01482	0.03154	0.00975	0.01710	0.05955	0.01494	0.00923	0.01034	0.00793	0.00486	0.00394	0.00121	0.00574	0.00333	0.00275	0.15829
4	0.01477	0.33935	0.25429	0.01322	0.01886	0.01616	0.09704	0.01832	0.01212	0.12052	0.01072	0.01193	0.00815	0.00537	0.00526	0.00156	0.03741	0.00415	0.00303	0.00776
5	0.01192	0.17170	0.58826	0.01513	0.02251	0.01461	0.06791	0.01738	0.01171	0.01672	0.00961	0.01139	0.00713	0.00512	0.00503	0.00166	0.00785	0.00405	0.00238	0.00794
6	0.00756	0.00612	0.00677	0.00652	0.00830	0.00558	0.00491	0.01049	0.07254	0.01808	0.29604	0.04667	0.46531	0.01259	0.00647	0.00183	0.00286	0.01069	0.00551	0.00518
7	0.04948	0.00964	0.01568	0.66500	0.06448	0.01176	0.01423	0.01388	0.01102	0.01481	0.01133	0.07391	0.00958	0.00639	0.00555	0.00186	0.00689	0.00565	0.00272	0.00613
8	0.01629	0.17627	0.04022	0.15510	0.12172	0.12594	0.07205	0.12736	0.01479	0.08319	0.01096	0.01281	0.00840	0.00552	0.00513	0.00159	0.00711	0.00451	0.00340	0.00766
9	0.00855	0.00744	0.00940	0.18848	0.01557	0.05905	0.00787	0.01017	0.01106	0.01410	0.02428	0.56717	0.02791	0.01385	0.00658	0.00210	0.00463	0.01243	0.00437	0.00501
10	0.02127	0.01517	0.01641	0.01258	0.01700	0.01667	0.01039	0.71159	0.02547	0.07647	0.01378	0.01361	0.00966	0.00666	0.00554	0.00166	0.00602	0.00502	0.00561	0.00942
11	0.00919	0.00614	0.00774	0.00717	0.00875	0.00578	0.00543	0.01237	0.05173	0.06415	0.61292	0.03824	0.07454	0.01068	0.00626	0.00172	0.00282	0.00934	0.05939	0.00561
12	0.01090	0.00891	0.01368	0.01898	0.35668	0.00876	0.01028	0.01363	0.01284	0.01901	0.17091	0.09618	0.04576	0.00802	0.00554	0.00165	0.00448	0.00726	0.17978	0.00675
13	0.01173	0.02096	0.40570	0.13672	0.08592	0.01310	0.21263	0.01704	0.01204	0.01712	0.01030	0.01317	0.00758	0.00512	0.00566	0.00179	0.00824	0.00493	0.00251	0.00773
14	0.00689	0.00550	0.00616	0.00626	0.00776	0.00478	0.00459	0.00851	0.01304	0.01656	0.22181	0.16627	0.48456	0.01390	0.00662	0.00190	0.00282	0.01192	0.00537	0.00478
15	0.01438	0.01184	0.01266	0.01113	0.01424	0.01345	0.00871	0.15470	0.55427	0.02462	0.05030	0.07034	0.01822	0.00814	0.00575	0.00186	0.00454	0.00679	0.00560	0.00847
16	0.02031	0.01574	0.01552	0.01233	0.01635	0.10758	0.01000	0.53341	0.07908	0.08105	0.01419	0.01411	0.01018	0.00661	0.00542	0.00164	0.00621	0.00496	0.03647	0.00885
17	0.05298	0.01101	0.01438	0.18852	0.02009	0.01086	0.03826	0.13260	0.01392	0.07718	0.01119	0.01311	0.00851	0.00526	0.00520	0.00138	0.02599	0.00425	0.00369	0.36162
18	0.01017	0.04535	0.01286	0.01038	0.01254	0.00815	0.11799	0.01242	0.01299	0.07432	0.21098	0.17800	0.14974	0.01140	0.00724	0.00195	0.05516	0.05773	0.00485	0.00579
19	0.02104	0.01217	0.01414	0.01121	0.01529	0.01264	0.00914	0.28943	0.18358	0.34206	0.01891	0.01724	0.01286	0.00693	0.00557	0.00173	0.00514	0.00551	0.00611	0.00928
20	0.00800	0.00556	0.00702	0.00699	0.00737	0.00585	0.00458	0.00876	0.00875	0.01205	0.05858	0.03198	0.01995	0.52094	0.26431	0.00628	0.00819	0.00750	0.00339	0.00396
21	0.01452	0.76897	0.02803	0.00951	0.01408	0.02114	0.00945	0.01633	0.01133	0.01321	0.00877	0.01154	0.00833	0.00526	0.00376	0.00125	0.00588	0.03913	0.00250	0.00701
22	0.09291	0.01260	0.01366	0.06979	0.01654	0.08719	0.01989	0.13174	0.11389	0.27460	0.01576	0.01536	0.01101	0.00622	0.00518	0.00162	0.00556	0.00487	0.00503	0.09658

[dist]
# distance from previous block
# <min> <max>
0	1

[block]
# block no. 1 follows, 43 sequences, length 6
# corresponding to MSA columns:
# 543-548
name=unknown_B
#
# <colnr> <probs for GDERKNQSTAVLIFYWHMCP>
#	G	D	E	R	K	N	Q	S	T	A	V	L	I	F	Y	W	H	M	C	P
0	0.37323	0.05370	0.01388	0.01296	0.09323	0.26032	0.00927	0.09115	0.01350	0.02097	0.00882	0.01023	0.00704	0.00543	0.00436	0.00158	0.00661	0.00358	0.00333	0.00681
1	0.01848	0.02081	0.01620	0.01598	0.10455	0.45755	0.01121	0.10363	0.12399	0.01785	0.01126	0.01244	0.00900	0.00619	0.00587	0.00159	0.04818	0.00434	0.00352	0.00735
2	0.01395	0.00934	0.01137	0.00843	0.01286	0.00733	0.00676	0.01636	0.01282	0.17855	0.08747	0.01600	0.01373	0.00540	0.00465	0.00110	0.00408	0.00443	0.00432	0.58102
3	0.00731	0.00530	0.00694	0.00756	0.00841	0.00494	0.00547	0.00901	0.01265	0.01715	0.28155	0.42628	0.08794	0.01490	0.00691	0.00208	0.00316	0.08214	0.00546	0.00481
4	0.01099	0.00881	0.01115	0.00926	0.03871	0.00711	0.02987	0.01334	0.01233	0.05494	0.09298	0.06450	0.10568	0.00721	0.00509	0.00127	0.00406	0.02583	0.00408	0.49281
5	0.41852	0.05533	0.06404	0.06906	0.01580	0.19977	0.00941	0.04807	0.01196	0.02020	0.00844	0.01015	0.00669	0.00554	0.00476	0.00166	0.03749	0.00351	0.00314	0.00646

[dist]
# distance from previous block
# <min> <max>
0	2

[block]
# block no. 2 follows, 43 sequences, length 12
# corresponding to MSA columns:
# 551-562
name=unknown_C
#
# <colnr> <probs for GDERKNQSTAVLIFYWHMCP>
#	G	D	E	R	K	N	Q	S	T	A	V	L	I	F	Y	W	H	M	C	P
0	0.84448	0.01071	0.00814	0.00728	0.01071	0.01242	0.00600	0.01628	0.00943	0.02485	0.00771	0.00900	0.00600	0.00514	0.00343	0.00171	0.00428	0.00300	0.00343	0.00600
1	0.00713	0.00491	0.00638	0.00744	0.00791	0.00460	0.00504	0.00834	0.01103	0.01524	0.07885	0.68391	0.03576	0.01601	0.00676	0.00213	0.00312	0.01445	0.07638	0.00460
2	0.00827	0.00645	0.00958	0.00938	0.01028	0.00777	0.00736	0.01018	0.00887	0.01290	0.01420	0.02095	0.01329	0.03886	0.71901	0.00836	0.08052	0.00584	0.00292	0.00504
3	0.01481	0.80869	0.02902	0.00948	0.01421	0.02191	0.00948	0.01658	0.01125	0.01303	0.00770	0.00888	0.00711	0.00474	0.00355	0.00118	0.00592	0.00296	0.00237	0.00711
4	0.01213	0.00997	0.01158	0.00871	0.01309	0.00826	0.00698	0.09902	0.01340	0.02002	0.05147	0.04573	0.01257	0.00568	0.00463	0.00108	0.00425	0.02942	0.00383	0.63818
5	0.01661	0.00953	0.01434	0.28960	0.08564	0.00988	0.01110	0.03739	0.01355	0.33166	0.03574	0.06481	0.01351	0.03420	0.00644	0.00191	0.00573	0.00608	0.00467	0.00760
6	0.00721	0.00515	0.00696	0.00824	0.00876	0.00490	0.00594	0.00851	0.01106	0.01465	0.03027	0.64512	0.03562	0.01692	0.00719	0.00231	0.00361	0.16782	0.00513	0.00463
7	0.84448	0.01071	0.00814	0.00728	0.01071	0.01242	0.00600	0.01628	0.00943	0.02485	0.00771	0.00900	0.00600	0.00514	0.00343	0.00171	0.00428	0.00300	0.00343	0.00600
8	0.01211	0.01021	0.01182	0.00850	0.01339	0.00802	0.00682	0.06193	0.01243	0.01914	0.01007	0.01160	0.00828	0.00427	0.00420	0.00088	0.00423	0.00339	0.00343	0.78529
9	0.01075	0.00868	0.00948	0.00878	0.01091	0.02759	0.00677	0.10312	0.18260	0.02114	0.23372	0.11956	0.17565	0.01117	0.00629	0.00188	0.00384	0.04621	0.00550	0.00636
10	0.08201	0.43362	0.07802	0.01174	0.05493	0.01820	0.01053	0.16796	0.01453	0.06755	0.01005	0.01089	0.00799	0.00534	0.00430	0.00142	0.00595	0.00373	0.00341	0.00781
11	0.03847	0.05102	0.01413	0.09320	0.07960	0.01024	0.07083	0.05950	0.01166	0.08383	0.01667	0.02417	0.05843	0.23637	0.07221	0.00335	0.04678	0.01986	0.00363	0.00603

[dist]
# distance from previous block
# <min> <max>
0	5

[block]
# block no. 3 follows, 43 sequences, length 66
# corresponding to MSA columns:
# 568-633
name=unknown_D
#
# <colnr> <probs for GDERKNQSTAVLIFYWHMCP>
#	G	D	E	R	K	N	Q	S	T	A	V	L	I	F	Y	W	H	M	C	P
0	0.05331	0.13097	0.03938	0.06198	0.01678	0.23707	0.01080	0.04216	0.07120	0.06965	0.01115	0.01398	0.00928	0.00696	0.00778	0.00176	0.17600	0.02954	0.00334	0.00690
1	0.15853	0.00883	0.01144	0.01011	0.01288	0.00876	0.06722	0.06102	0.01367	0.07652	0.15349	0.03436	0.02413	0.00973	0.00600	0.00192	0.00479	0.24856	0.00479	0.08324
2	0.01173	0.01015	0.01227	0.01213	0.10760	0.05572	0.04109	0.07185	0.01361	0.04823	0.02754	0.04632	0.26633	0.00986	0.03026	0.00181	0.00511	0.03240	0.00421	0.19177
3	0.01032	0.00516	0.00516	0.00516	0.00645	0.00516	0.00387	0.01290	0.01161	0.02065	0.01807	0.02065	0.01420	0.00645	0.00387	0.00129	0.00258	0.00516	0.83611	0.00516
4	0.01134	0.00888	0.01050	0.00818	0.01187	0.00746	0.00645	0.05221	0.04073	0.04643	0.22631	0.02192	0.04524	0.00680	0.00505	0.00123	0.00378	0.00572	0.00446	0.47544
5	0.01378	0.01190	0.01252	0.01127	0.01440	0.01378	0.00877	0.02943	0.76081	0.02317	0.02254	0.02066	0.01691	0.00751	0.00564	0.00188	0.00438	0.00626	0.00564	0.00877
6	0.01032	0.00516	0.00516	0.00516	0.00645	0.00516	0.00387	0.01290	0.01161	0.02065	0.01807	0.02065	0.01420	0.00645	0.00387	0.00129	0.00258	0.00516	0.83611	0.00516
7	0.28375	0.01186	0.01268	0.02171	0.01354	0.06185	0.00892	0.07470	0.01182	0.13484	0.01088	0.01296	0.00857	0.00999	0.07564	0.00251	0.22891	0.00438	0.00374	0.00674
8	0.01121	0.01146	0.01945	0.12442	0.06764	0.06576	0.28577	0.01422	0.01224	0.01586	0.01756	0.24001	0.01789	0.00924	0.00645	0.00198	0.00690	0.06208	0.00358	0.00628
9	0.10093	0.06969	0.01335	0.12306	0.01676	0.01270	0.00912	0.06716	0.32554	0.02114	0.07103	0.04794	0.01667	0.00752	0.00536	0.00178	0.00488	0.03669	0.00458	0.04411
10	0.01162	0.01015	0.01768	0.01384	0.01682	0.00999	0.27600	0.07506	0.01219	0.03885	0.01496	0.02421	0.01395	0.20784	0.14875	0.00394	0.00845	0.05264	0.00348	0.03958
11	0.01408	0.11840	0.04727	0.08188	0.25594	0.09896	0.09652	0.03852	0.01321	0.04722	0.01430	0.01968	0.04294	0.00660	0.00556	0.00171	0.00691	0.07961	0.00327	0.00741
12	0.01329	0.19648	0.26749	0.01288	0.01772	0.10111	0.04192	0.05057	0.08622	0.01688	0.01320	0.10987	0.01186	0.00708	0.00555	0.00168	0.03005	0.00560	0.00324	0.00731
13	0.01032	0.00516	0.00516	0.00516	0.00645	0.00516	0.00387	0.01290	0.01161	0.02065	0.01807	0.02065	0.01420	0.00645	0.00387	0.00129	0.00258	0.00516	0.83611	0.00516
14	0.01183	0.01005	0.01167	0.00837	0.01327	0.00774	0.00671	0.04067	0.01201	0.01866	0.00997	0.01155	0.00825	0.00419	0.00415	0.00085	0.00417	0.00334	0.00336	0.80918
15	0.84448	0.01071	0.00814	0.00728	0.01071	0.01242	0.00600	0.01628	0.00943	0.02485	0.00771	0.00900	0.00600	0.00514	0.00343	0.00171	0.00428	0.00300	0.00343	0.00600
16	0.01212	0.01212	0.01696	0.01454	0.01454	0.01696	0.01212	0.01333	0.00848	0.01333	0.00727	0.01212	0.00727	0.00969	0.01818	0.00242	0.79523	0.00485	0.00242	0.00606
17	0.00875	0.00595	0.00756	0.00802	0.00889	0.00583	0.00581	0.04090	0.01146	0.04208	0.05046	0.34654	0.06483	0.18742	0.04585	0.00319	0.00467	0.14221	0.00476	0.00480
18	0.72335	0.01052	0.00884	0.00766	0.01122	0.01179	0.00631	0.01786	0.01038	0.13566	0.00980	0.01045	0.00714	0.00539	0.00374	0.00171	0.00435	0.00338	0.00393	0.00650
19	0.01183	0.01147	0.01592	0.01371	0.01384	0.01582	0.01138	0.01318	0.00897	0.01411	0.04188	0.01387	0.00964	0.00960	0.01691	0.00233	0.71850	0.00509	0.04597	0.00597
20	0.00688	0.00559	0.00600	0.00609	0.00767	0.00484	0.00451	0.00834	0.01253	0.01542	0.11984	0.09191	0.57936	0.06421	0.00800	0.00213	0.00307	0.04383	0.00512	0.00465
21	0.01113	0.02745	0.72812	0.01530	0.02328	0.01251	0.01958	0.01731	0.01168	0.01757	0.00993	0.01168	0.00709	0.00519	0.00519	0.00169	0.00793	0.00404	0.00240	0.06091
22	0.00680	0.00486	0.00648	0.00767	0.00805	0.00454	0.00515	0.00785	0.01087	0.01456	0.06890	0.76218	0.03744	0.01704	0.00704	0.00222	0.00318	0.01545	0.00519	0.00454
23	0.01304	0.00991	0.07557	0.00811	0.01175	0.00767	0.00711	0.06210	0.01295	0.10206	0.01467	0.01609	0.01118	0.00560	0.00436	0.00124	0.00404	0.00446	0.33768	0.29042
24	0.00863	0.00595	0.00764	0.00733	0.00872	0.00557	0.00545	0.01146	0.04482	0.05446	0.56858	0.15393	0.07230	0.01197	0.00653	0.00183	0.00287	0.01058	0.00593	0.00543
25	0.01186	0.01018	0.01201	0.00876	0.01336	0.00833	0.00705	0.03951	0.01180	0.01833	0.00980	0.01159	0.00819	0.00454	0.00504	0.00095	0.05437	0.00344	0.00331	0.75758
26	0.00812	0.00560	0.00728	0.00717	0.00838	0.00513	0.00526	0.01027	0.01435	0.04656	0.53331	0.21783	0.08442	0.01271	0.00662	0.00187	0.00284	0.01128	0.00585	0.00518
27	0.00795	0.00595	0.00890	0.00895	0.00995	0.00690	0.00700	0.00995	0.00906	0.01301	0.01542	0.02340	0.01457	0.04048	0.75217	0.00864	0.01444	0.03524	0.00305	0.00495
28	0.01761	0.01942	0.01771	0.01488	0.01742	0.36447	0.07597	0.14368	0.01515	0.01750	0.00923	0.01160	0.00767	0.00692	0.00902	0.00179	0.23540	0.00444	0.00318	0.00692
29	0.01159	0.00993	0.01153	0.00834	0.01318	0.00766	0.00666	0.01463	0.04456	0.01827	0.01040	0.01189	0.00859	0.00425	0.00417	0.00087	0.00411	0.00341	0.00339	0.80256
30	0.00725	0.00523	0.00690	0.00763	0.00838	0.00488	0.00546	0.00886	0.01236	0.01677	0.24961	0.48677	0.06623	0.01527	0.00694	0.00211	0.00318	0.07596	0.00542	0.00477
31	0.00797	0.00596	0.00741	0.00818	0.00895	0.00598	0.00570	0.01107	0.11683	0.01557	0.05447	0.57625	0.03299	0.07230	0.00839	0.00242	0.00360	0.04578	0.00511	0.00507
32	0.00813	0.00536	0.00622	0.00622	0.00626	0.00541	0.00358	0.00809	0.00805	0.01077	0.01693	0.03462	0.01932	0.73208	0.05985	0.04889	0.00574	0.00780	0.00329	0.00337
33	0.24543	0.01325	0.01204	0.01004	0.01378	0.11385	0.00808	0.14678	0.08810	0.06022	0.01265	0.01511	0.01015	0.00616	0.00471	0.00154	0.00540	0.04582	0.00417	0.18272
34	0.01324	0.16131	0.04671	0.01541	0.10897	0.03419	0.14612	0.04854	0.11634	0.04356	0.01703	0.08558	0.06069	0.04302	0.00697	0.00189	0.03301	0.00650	0.00371	0.00722
35	0.00745	0.00537	0.00719	0.00830	0.00904	0.00510	0.00622	0.00900	0.01165	0.01540	0.07808	0.50296	0.06853	0.01622	0.00718	0.00229	0.00371	0.22639	0.00519	0.00473
36	0.00798	0.00630	0.00699	0.00746	0.00826	0.03284	0.00506	0.00983	0.05683	0.01459	0.07676	0.40895	0.13894	0.17975	0.01120	0.00276	0.00388	0.01218	0.00478	0.00466
37	0.01476	0.01649	0.06671	0.09326	0.14154	0.19328	0.13998	0.08912	0.06042	0.01814	0.01331	0.07368	0.01163	0.00681	0.00576	0.00176	0.00754	0.03506	0.00345	0.00730
38	0.00806	0.00549	0.00676	0.00725	0.00832	0.00501	0.00514	0.00926	0.01135	0.06242	0.03582	0.41794	0.24731	0.07330	0.04126	0.00262	0.00390	0.03892	0.00503	0.00482
39	0.00687	0.00494	0.00654	0.00777	0.00821	0.00462	0.00533	0.00794	0.01081	0.01431	0.03146	0.72906	0.06517	0.01710	0.00708	0.00225	0.00331	0.05754	0.00514	0.00454
40	0.01223	0.01165	0.01982	0.37792	0.43841	0.01277	0.01626	0.01571	0.01191	0.01630	0.01016	0.01419	0.00814	0.00521	0.00551	0.00174	0.00694	0.00493	0.00261	0.00758
41	0.03602	0.00824	0.01125	0.24051	0.01872	0.00900	0.00940	0.08484	0.01362	0.06915	0.09327	0.09036	0.04231	0.00930	0.00588	0.00189	0.00503	0.13351	0.11158	0.00610
42	0.01340	0.01251	0.02035	0.02967	0.63590	0.01262	0.01536	0.04237	0.05190	0.01872	0.01427	0.01803	0.04967	0.00601	0.00563	0.00170	0.00619	0.03405	0.00321	0.00844
43	0.01032	0.00516	0.00516	0.00516	0.00645	0.00516	0.00387	0.01290	0.01161	0.02065	0.01807	0.02065	0.01420	0.00645	0.00387	0.00129	0.00258	0.00516	0.83611	0.00516
44	0.00877	0.00698	0.01048	0.00945	0.01081	0.00659	0.10526	0.01013	0.01019	0.01378	0.02074	0.22401	0.02320	0.34638	0.01575	0.00344	0.00524	0.09867	0.00393	0.06622
45	0.07101	0.01513	0.01358	0.01153	0.01468	0.20731	0.00914	0.15085	0.13400	0.16176	0.01622	0.01620	0.04055	0.00701	0.00625	0.00170	0.06840	0.00507	0.04190	0.00770
46	0.01032	0.00516	0.00516	0.00516	0.00645	0.00516	0.00387	0.01290	0.01161	0.02065	0.01807	0.02065	0.01420	0.00645	0.00387	0.00129	0.00258	0.00516	0.83611	0.00516
47	0.01218	0.01216	0.01718	0.01531	0.04432	0.01681	0.01231	0.01347	0.00864	0.01352	0.00739	0.01218	0.00733	0.00951	0.01768	0.00239	0.76417	0.00485	0.00244	0.00617
48	0.06660	0.01430	0.04989	0.08984	0.43253	0.07308	0.01485	0.04280	0.01234	0.01770	0.00966	0.01288	0.00808	0.00585	0.00722	0.00177	0.12536	0.00466	0.00281	0.00779
49	0.00773	0.00528	0.00632	0.00663	0.00677	0.00527	0.00402	0.00810	0.00872	0.01169	0.02039	0.21784	0.02365	0.56609	0.07391	0.00486	0.00549	0.00975	0.00376	0.00374
50	0.01150	0.01093	0.01835	0.54245	0.19711	0.01266	0.04778	0.01590	0.05876	0.01574	0.01083	0.01491	0.00833	0.00549	0.00558	0.00180	0.00710	0.00508	0.00274	0.00695
51	0.04124	0.00760	0.01021	0.06647	0.03267	0.00769	0.01796	0.02254	0.02970	0.15319	0.10564	0.20056	0.10571	0.01123	0.00685	0.00197	0.04534	0.08700	0.04028	0.00614
52	0.16729	0.02543	0.04047	0.01065	0.01445	0.07888	0.00889	0.21168	0.01605	0.20889	0.01345	0.01449	0.00991	0.04780	0.00678	0.00183	0.04471	0.00462	0.00466	0.06908
53	0.05821	0.01280	0.01678	0.07407	0.26077	0.03564	0.01201	0.20943	0.06398	0.14740	0.03258	0.01542	0.01115	0.00612	0.00541	0.00168	0.00589	0.00513	0.01702	0.00851
54	0.01486	0.01001	0.01320	0.24163	0.02007	0.03710	0.00999	0.11699	0.01367	0.18843	0.01540	0.06149	0.01283	0.10969	0.07678	0.00288	0.03789	0.00610	0.00419	0.00680
55	0.01360	0.01399	0.09446	0.15263	0.17798	0.05911	0.04268	0.09143	0.08091	0.04290	0.02365	0.04515	0.01195	0.00668	0.00579	0.00174	0.01924	0.04312	0.01263	0.06036
56	0.01410	0.01105	0.05801	0.00996	0.01295	0.01060	0.00828	0.27089	0.08316	0.06798	0.10303	0.16880	0.05985	0.00955	0.00582	0.00178	0.00456	0.00802	0.08434	0.00725
57	0.01297	0.01203	0.01661	0.42215	0.11949	0.10894	0.04456	0.01601	0.01212	0.07062	0.01208	0.05572	0.00995	0.00837	0.05325	0.00221	0.00774	0.00549	0.00305	0.00664
58	0.00827	0.00719	0.02752	0.07577	0.01231	0.00658	0.04515	0.01123	0.03615	0.01933	0.44162	0.07290	0.19261	0.01105	0.00642	0.00181	0.00363	0.00975	0.00527	0.00545
59	0.01074	0.00700	0.00878	0.00822	0.00959	0.00724	0.00603	0.03453	0.06485	0.10810	0.10536	0.13198	0.07986	0.21167	0.14256	0.00395	0.04091	0.00855	0.00458	0.00551
60	0.01408	0.01321	0.10884	0.38821	0.05471	0.04460	0.03555	0.04353	0.01269	0.14517	0.01215	0.01485	0.00877	0.00597	0.00612	0.00179	0.04797	0.00493	0.02969	0.00718
61	0.01305	0.00769	0.00939	0.00834	0.01071	0.00748	0.00646	0.01784	0.15770	0.20452	0.30145	0.08026	0.09532	0.00990	0.00604	0.00178	0.00352	0.00850	0.04320	0.00683
62	0.01336	0.01315	0.02242	0.10691	0.58001	0.02584	0.08242	0.01667	0.01234	0.01735	0.01024	0.01378	0.00850	0.00523	0.00623	0.00172	0.04788	0.00505	0.00270	0.00822
63	0.00734	0.00563	0.00710	0.00838	0.04735	0.00521	0.00544	0.00850	0.01104	0.01424	0.03490	0.40803	0.23988	0.12207	0.00972	0.00255	0.00366	0.04953	0.00477	0.00465
64	0.06239	0.00837	0.01045	0.06547	0.05170	0.04134	0.00821	0.01176	0.03744	0.01533	0.02146	0.38497	0.02400	0.03806	0.00885	0.00226	0.11956	0.07880	0.00418	0.00541
65	0.00711	0.00519	0.00674	0.00790	0.00836	0.00498	0.00533	0.00884	0.04952	0.01461	0.03011	0.76123	0.03561	0.01684	0.00699	0.00223	0.00327	0.01525	0.00517	0.00472

[dist]
# distance from previous block
# <min> <max>
0	10

[block]
# block no. 4 follows, 43 sequences, length 16
# corresponding to MSA columns:
# 644-659
name=unknown_E
#
# <colnr> <probs for GDERKNQSTAVLIFYWHMCP>
#	G	D	E	R	K	N	Q	S	T	A	V	L	I	F	Y	W	H	M	C	P
0	0.06491	0.07858	0.14118	0.01568	0.06214	0.08689	0.15539	0.16711	0.07743	0.05601	0.02471	0.01440	0.01000	0.00588	0.00541	0.00169	0.00706	0.01379	0.00379	0.00797
1	0.00706	0.00505	0.00656	0.00764	0.00809	0.00476	0.00523	0.00809	0.01063	0.01403	0.03038	0.61745	0.07275	0.10013	0.00932	0.00258	0.00358	0.07725	0.00495	0.00444
2	0.04307	0.42809	0.07893	0.01099	0.05329	0.01606	0.00969	0.05693	0.03343	0.03062	0.05685	0.13221	0.01479	0.00732	0.00470	0.00152	0.00541	0.00576	0.00342	0.00695
3	0.01489	0.19032	0.30274	0.07771	0.02118	0.07358	0.07299	0.01883	0.01261	0.13388	0.01130	0.01258	0.00825	0.00539	0.00503	0.00160	0.00725	0.00429	0.00315	0.02243
4	0.01186	0.01602	0.28112	0.04384	0.08109	0.01047	0.07522	0.04102	0.05248	0.07796	0.03904	0.21122	0.01714	0.00868	0.00594	0.00188	0.00617	0.00774	0.00387	0.00726
5	0.00704	0.00509	0.00660	0.00770	0.00825	0.00477	0.00537	0.00816	0.01087	0.01428	0.03188	0.61291	0.09890	0.06158	0.00829	0.00243	0.00350	0.09284	0.00504	0.00451
6	0.01616	0.15531	0.18371	0.01097	0.01539	0.05038	0.01071	0.06743	0.01386	0.23735	0.04907	0.09419	0.01476	0.04855	0.00647	0.00185	0.00584	0.00598	0.00439	0.00760
7	0.08388	0.01203	0.02148	0.05613	0.02155	0.01155	0.35186	0.04917	0.01405	0.23423	0.04884	0.01690	0.01191	0.00582	0.00583	0.00178	0.00684	0.00594	0.03249	0.00774
8	0.01257	0.00816	0.01228	0.16244	0.11836	0.00828	0.00979	0.01486	0.01233	0.17832	0.02230	0.21979	0.05727	0.01206	0.04768	0.00234	0.00559	0.08449	0.00455	0.00655
9	0.05575	0.13919	0.01437	0.01055	0.01321	0.18611	0.03987	0.01600	0.01306	0.10046	0.04944	0.17927	0.05346	0.00972	0.00569	0.00179	0.00586	0.09579	0.00422	0.00622
10	0.21965	0.01098	0.01551	0.18030	0.19766	0.01215	0.05332	0.05909	0.01236	0.01998	0.08748	0.04428	0.01317	0.00653	0.00583	0.00179	0.04420	0.00545	0.00344	0.00685
11	0.04596	0.07889	0.07553	0.09367	0.12014	0.08499	0.07670	0.05078	0.01301	0.01751	0.11351	0.05586	0.03257	0.04737	0.00737	0.00194	0.04706	0.02699	0.00352	0.00663
12	0.13628	0.01196	0.13003	0.05111	0.01553	0.00970	0.07791	0.01641	0.07906	0.11322	0.08071	0.09751	0.06372	0.08368	0.00773	0.00217	0.00535	0.00705	0.00427	0.00662
13	0.06936	0.16057	0.06686	0.15896	0.12936	0.01451	0.01209	0.17366	0.01499	0.06088	0.04414	0.01610	0.01120	0.00625	0.00514	0.00166	0.00612	0.03684	0.00371	0.00762
14	0.03730	0.05108	0.33905	0.05237	0.05991	0.01351	0.01466	0.08763	0.14105	0.05950	0.03638	0.01476	0.01079	0.00627	0.00604	0.00178	0.05135	0.00486	0.00362	0.00808
15	0.22972	0.09658	0.01539	0.01268	0.09869	0.05064	0.03596	0.15689	0.01445	0.07650	0.01329	0.02385	0.04781	0.00599	0.00470	0.00155	0.00544	0.00457	0.00393	0.10136

[dist]
# distance from previous block
# <min> <max>
18	60

[block]
# block no. 5 follows, 43 sequences, length 20
# corresponding to MSA columns:
# 731-750
name=unknown_F
#
# <colnr> <probs for GDERKNQSTAVLIFYWHMCP>
#	G	D	E	R	K	N	Q	S	T	A	V	L	I	F	Y	W	H	M	C	P
0	0.01220	0.02923	0.03385	0.13259	0.12212	0.01009	0.01012	0.06777	0.04246	0.06558	0.01593	0.17946	0.01518	0.02139	0.03164	0.00197	0.03010	0.00698	0.00387	0.16747
1	0.01384	0.03676	0.03339	0.04709	0.05003	0.07690	0.00937	0.15456	0.06226	0.06361	0.01840	0.21254	0.02992	0.00961	0.00677	0.00184	0.06513	0.03789	0.00442	0.06568
2	0.04457	0.05814	0.07176	0.09549	0.10200	0.01111	0.01026	0.12243	0.03837	0.05524	0.14542	0.02098	0.04523	0.00708	0.00536	0.00160	0.00515	0.02316	0.02829	0.10837
3	0.01383	0.01259	0.01627	0.04314	0.19307	0.10385	0.07797	0.06170	0.05756	0.04231	0.06925	0.01755	0.01318	0.00753	0.00717	0.08977	0.00614	0.02781	0.00360	0.13572
4	0.01016	0.03487	0.01158	0.03449	0.01270	0.10151	0.07364	0.01206	0.01218	0.01571	0.07963	0.33333	0.06072	0.01196	0.00661	0.00194	0.02579	0.07557	0.05299	0.03258
5	0.06339	0.01243	0.01323	0.01154	0.05315	0.07198	0.00864	0.14304	0.13865	0.05576	0.01326	0.01489	0.01056	0.03882	0.03445	0.00187	0.04125	0.00462	0.00412	0.26434
6	0.10110	0.01153	0.01372	0.27513	0.02200	0.05211	0.01086	0.17632	0.07167	0.02145	0.07164	0.02052	0.01422	0.00722	0.00552	0.00179	0.00597	0.07465	0.00406	0.03851
7	0.01270	0.01105	0.04955	0.01194	0.01368	0.01219	0.04287	0.09235	0.05079	0.07384	0.06111	0.07990	0.01555	0.11151	0.04961	0.00282	0.29162	0.00666	0.00385	0.00640
8	0.01423	0.01778	0.27612	0.01219	0.01685	0.09580	0.01239	0.08684	0.07154	0.11423	0.16814	0.02166	0.01923	0.00752	0.00570	0.00175	0.00619	0.03988	0.00440	0.00755
9	0.01108	0.05791	0.27630	0.35708	0.06434	0.01280	0.07249	0.01553	0.01150	0.01570	0.01086	0.05022	0.00876	0.00586	0.00549	0.00179	0.00750	0.00517	0.00258	0.00704
10	0.04593	0.01118	0.06740	0.02970	0.04237	0.03395	0.05209	0.09735	0.04960	0.17298	0.30539	0.02532	0.02662	0.00814	0.00587	0.00173	0.00484	0.00700	0.00529	0.00725
11	0.01009	0.01131	0.15283	0.01132	0.04872	0.00822	0.04171	0.02856	0.06066	0.05399	0.20412	0.19359	0.08190	0.01198	0.04135	0.00221	0.00515	0.02130	0.00466	0.00634
12	0.01016	0.00910	0.01503	0.56605	0.08190	0.01093	0.01332	0.01314	0.01064	0.01395	0.01137	0.04205	0.00971	0.04196	0.08839	0.04049	0.00777	0.00550	0.00265	0.00587
13	0.01376	0.11388	0.15769	0.33982	0.08570	0.09598	0.01456	0.01730	0.01225	0.08313	0.01058	0.01325	0.00793	0.00548	0.00518	0.00167	0.00733	0.00444	0.00289	0.00717
14	0.06073	0.01517	0.10750	0.09209	0.16608	0.03844	0.09751	0.19787	0.01610	0.13575	0.01262	0.01402	0.00909	0.00574	0.00548	0.00171	0.00675	0.00498	0.00402	0.00834
15	0.00705	0.00533	0.00654	0.00731	0.00816	0.00494	0.00507	0.00878	0.03926	0.01528	0.09236	0.54453	0.20353	0.01577	0.00686	0.00211	0.00312	0.01403	0.00523	0.00475
16	0.01119	0.00643	0.00791	0.00731	0.00925	0.00575	0.00550	0.01319	0.02677	0.18306	0.22099	0.15394	0.24609	0.05301	0.00746	0.00203	0.00339	0.01014	0.02075	0.00584
17	0.01560	0.04379	0.06232	0.11750	0.22010	0.05084	0.04726	0.10469	0.09733	0.12192	0.02283	0.01569	0.01897	0.00637	0.00594	0.02530	0.00636	0.00519	0.00394	0.00806
18	0.01510	0.14885	0.36666	0.01319	0.01910	0.05879	0.02841	0.07247	0.05081	0.13032	0.01240	0.01360	0.00914	0.03065	0.00580	0.00175	0.00700	0.00444	0.00348	0.00805
19	0.00800	0.00537	0.00613	0.00617	0.00645	0.00526	0.00370	0.00848	0.00930	0.01268	0.09116	0.08151	0.05767	0.61085	0.02278	0.00449	0.00474	0.00872	0.04279	0.00374

[dist]
# distance from previous block
# <min> <max>
3	9

[block]
# block no. 6 follows, 43 sequences, length 36
# corresponding to MSA columns:
# 760-795
name=unknown_G
#
# <colnr> <probs for GDERKNQSTAVLIFYWHMCP>
#	G	D	E	R	K	N	Q	S	T	A	V	L	I	F	Y	W	H	M	C	P
0	0.07202	0.01009	0.01493	0.04136	0.07789	0.01031	0.11360	0.10765	0.03408	0.09868	0.04526	0.04267	0.02728	0.01093	0.04527	0.00236	0.00625	0.22794	0.00455	0.00690
1	0.01357	0.01008	0.01278	0.01345	0.15535	0.00988	0.00876	0.07597	0.14724	0.07607	0.06835	0.01804	0.01458	0.00622	0.00498	0.00145	0.00443	0.00525	0.15969	0.19386
2	0.02642	0.09844	0.01789	0.05243	0.23393	0.14157	0.03084	0.03987	0.03322	0.06758	0.01196	0.04577	0.01014	0.00779	0.04900	0.00191	0.00696	0.00488	0.00334	0.11607
3	0.01332	0.01210	0.01795	0.06967	0.38924	0.04170	0.04699	0.04864	0.10419	0.04134	0.07897	0.04938	0.04834	0.00686	0.00574	0.00173	0.00591	0.00629	0.00381	0.00786
4	0.01032	0.00516	0.00516	0.00516	0.00645	0.00516	0.00387	0.01290	0.01161	0.02065	0.01807	0.02065	0.01420	0.00645	0.00387	0.00129	0.00258	0.00516	0.83611	0.00516
5	0.03920	0.07120	0.36810	0.07268	0.02135	0.01315	0.05604	0.05483	0.01263	0.12024	0.01134	0.01292	0.00819	0.00582	0.00628	0.00174	0.07355	0.00446	0.00323	0.04305
6	0.01747	0.02013	0.01596	0.06464	0.01762	0.44848	0.01124	0.08056	0.01421	0.01532	0.00890	0.01147	0.00758	0.00786	0.03140	0.00195	0.21159	0.00417	0.00295	0.00652
7	0.01032	0.00516	0.00516	0.00516	0.00645	0.00516	0.00387	0.01290	0.01161	0.02065	0.01807	0.02065	0.01420	0.00645	0.00387	0.00129	0.00258	0.00516	0.83611	0.00516
8	0.47154	0.03544	0.06788	0.01008	0.01373	0.08106	0.00882	0.12741	0.01279	0.04545	0.00916	0.01047	0.00705	0.00585	0.00533	0.00173	0.07210	0.00366	0.00360	0.00684
9	0.02290	0.00896	0.01212	0.00945	0.01337	0.00779	0.00774	0.02510	0.01569	0.68465	0.08463	0.02081	0.01698	0.00722	0.00559	0.00170	0.00446	0.00593	0.03598	0.00892
10	0.01039	0.00773	0.00954	0.00826	0.01017	0.00772	0.00628	0.01179	0.01063	0.07752	0.02346	0.02855	0.18845	0.19018	0.09771	0.00327	0.12094	0.00701	0.00387	0.17654
11	0.02025	0.01577	0.01681	0.01520	0.10818	0.09681	0.01108	0.50579	0.04184	0.09269	0.01341	0.01366	0.00966	0.00638	0.00548	0.00165	0.00640	0.00491	0.00503	0.00901
12	0.01281	0.01059	0.01210	0.00913	0.01330	0.04035	0.00732	0.03256	0.01227	0.06731	0.05301	0.01368	0.01094	0.00528	0.00559	0.00111	0.07107	0.00399	0.00364	0.61394
13	0.13039	0.01223	0.01618	0.10385	0.26575	0.03121	0.01190	0.09725	0.10205	0.13363	0.01336	0.01457	0.00994	0.00580	0.00519	0.00169	0.00578	0.00485	0.00407	0.03031
14	0.00693	0.00549	0.00637	0.00655	0.00794	0.00493	0.00480	0.00851	0.01245	0.01591	0.17387	0.19871	0.43086	0.01653	0.07216	0.00252	0.00387	0.01172	0.00513	0.00476
15	0.01039	0.00965	0.01611	0.69158	0.06949	0.01175	0.01461	0.01397	0.01153	0.01500	0.07307	0.01693	0.01119	0.00599	0.00562	0.00183	0.00695	0.00535	0.00278	0.00620
16	0.01363	0.01359	0.02675	0.08849	0.19831	0.01352	0.42664	0.01752	0.01265	0.06189	0.01127	0.01468	0.00864	0.00527	0.00695	0.00184	0.06185	0.00586	0.00297	0.00768
17	0.01446	0.76841	0.02794	0.00935	0.01392	0.02108	0.00926	0.01628	0.01148	0.01349	0.04584	0.01051	0.00937	0.00507	0.00370	0.00121	0.00576	0.00332	0.00256	0.00701
18	0.28968	0.01328	0.05282	0.01162	0.01596	0.03509	0.09358	0.18231	0.01547	0.21919	0.01313	0.01334	0.00911	0.00589	0.00494	0.00171	0.00574	0.00458	0.00464	0.00793
19	0.05648	0.01284	0.01263	0.01117	0.02436	0.13191	0.00851	0.21235	0.05680	0.03304	0.01341	0.01853	0.01187	0.15341	0.14931	0.00365	0.07380	0.00544	0.00390	0.00659
20	0.01932	0.01590	0.01290	0.01125	0.01435	0.32445	0.00868	0.03238	0.06367	0.27692	0.01996	0.08345	0.07674	0.00791	0.00555	0.00166	0.00658	0.00615	0.00484	0.00734
21	0.01352	0.01297	0.02215	0.07657	0.72967	0.01311	0.01691	0.01684	0.01252	0.01787	0.01039	0.01377	0.00869	0.00497	0.00549	0.00166	0.00662	0.00493	0.00273	0.00863
22	0.00700	0.00545	0.00606	0.00633	0.00753	0.00486	0.00448	0.00818	0.01159	0.01447	0.07633	0.19093	0.43704	0.15245	0.01046	0.00257	0.00341	0.04151	0.00487	0.00446
23	0.00805	0.00537	0.00604	0.00604	0.00604	0.00537	0.00336	0.00805	0.00805	0.01074	0.01745	0.03624	0.02013	0.80536	0.02819	0.00537	0.00537	0.00805	0.00336	0.00336
24	0.00931	0.01020	0.07897	0.09981	0.01840	0.00870	0.21045	0.01216	0.01180	0.01595	0.06988	0.36498	0.04354	0.01110	0.00655	0.00202	0.00571	0.01058	0.00403	0.00585
25	0.10058	0.01060	0.01531	0.15447	0.22633	0.01118	0.03309	0.04831	0.07644	0.09779	0.11821	0.02015	0.05049	0.00684	0.00552	0.00175	0.00545	0.00596	0.00412	0.00740
26	0.17941	0.01253	0.06577	0.01072	0.05858	0.04848	0.00856	0.04440	0.01236	0.09602	0.01074	0.01187	0.00826	0.00489	0.00438	0.00126	0.00500	0.00369	0.00364	0.40945
27	0.00726	0.00538	0.00735	0.05878	0.01028	0.00523	0.00609	0.00869	0.01134	0.01507	0.09292	0.59024	0.06824	0.01575	0.00695	0.00219	0.00357	0.07491	0.00504	0.00473
28	0.01912	0.01504	0.01637	0.06489	0.08087	0.07712	0.01100	0.47101	0.06462	0.07060	0.01333	0.01383	0.00967	0.00631	0.00544	0.00163	0.00627	0.00490	0.00488	0.04310
29	0.01910	0.09105	0.01473	0.01057	0.01427	0.06843	0.02134	0.17154	0.03514	0.31914	0.01928	0.11461	0.03662	0.00794	0.00551	0.00168	0.00532	0.00646	0.00537	0.03191
30	0.13673	0.01139	0.01769	0.33166	0.28736	0.01265	0.03997	0.01655	0.04498	0.03439	0.01060	0.01389	0.00826	0.00535	0.00524	0.00176	0.00652	0.00477	0.00295	0.00728
31	0.12286	0.01486	0.01751	0.01375	0.01761	0.09211	0.13219	0.33847	0.01824	0.06280	0.01228	0.01446	0.00939	0.00750	0.02899	0.00197	0.05828	0.02452	0.00432	0.00790
32	0.01364	0.01092	0.01766	0.26210	0.24575	0.01148	0.06515	0.06413	0.01346	0.11306	0.03844	0.05076	0.05567	0.00670	0.00575	0.00177	0.00628	0.00613	0.00370	0.00746
33	0.08251	0.01194	0.02048	0.17947	0.38173	0.01241	0.13094	0.01583	0.01200	0.01756	0.01179	0.05916	0.01033	0.00598	0.00563	0.00178	0.00676	0.02328	0.00294	0.00748
34	0.13870	0.01083	0.01123	0.03735	0.02297	0.09744	0.00775	0.05641	0.01327	0.15690	0.15581	0.04740	0.01948	0.11131	0.00960	0.00225	0.08411	0.00632	0.00451	0.00637
35	0.01887	0.02159	0.01633	0.01423	0.01739	0.52862	0.07269	0.05224	0.09316	0.04984	0.01219	0.01499	0.01003	0.00644	0.00539	0.00160	0.00868	0.04524	0.00355	0.00694

[dist]
# distance from previous block
# <min> <max>
2	5

[block]
# block no. 7 follows, 43 sequences, length 6
# corresponding to MSA columns:
# 801-806
name=unknown_H
#
# <colnr> <probs for GDERKNQSTAVLIFYWHMCP>
#	G	D	E	R	K	N	Q	S	T	A	V	L	I	F	Y	W	H	M	C	P
0	0.01508	0.08896	0.08649	0.09615	0.19153	0.07390	0.05331	0.01974	0.10671	0.11811	0.01284	0.01433	0.00976	0.00579	0.00580	0.00165	0.03957	0.00481	0.00358	0.05187
1	0.00771	0.00586	0.00692	0.00712	0.00833	0.00552	0.00521	0.00998	0.05185	0.01647	0.20334	0.17938	0.25743	0.12448	0.00973	0.00247	0.00351	0.08474	0.00513	0.00484
2	0.04127	0.06539	0.10443	0.05101	0.07371	0.04258	0.04248	0.05625	0.10680	0.03123	0.07817	0.03948	0.03380	0.00723	0.00684	0.00172	0.09798	0.01766	0.00375	0.09823
3	0.01951	0.01304	0.01521	0.08636	0.01807	0.01367	0.01001	0.44394	0.02071	0.17353	0.01416	0.01427	0.00989	0.00625	0.00536	0.00158	0.00569	0.00487	0.00520	0.11869
4	0.02184	0.01091	0.01262	0.01006	0.01381	0.08092	0.00814	0.07371	0.01651	0.54863	0.12344	0.02076	0.01814	0.00735	0.00565	0.00169	0.00501	0.00596	0.00629	0.00856
5	0.00935	0.00855	0.08162	0.00887	0.01072	0.00699	0.00729	0.01295	0.10652	0.05281	0.08785	0.32234	0.07681	0.10564	0.00908	0.00245	0.00426	0.07539	0.00488	0.00562

[dist]
# distance from previous block
# <min> <max>
12	118

[block]
# block no. 8 follows, 43 sequences, length 6
# corresponding to MSA columns:
# 934-939
name=unknown_I
#
# <colnr> <probs for GDERKNQSTAVLIFYWHMCP>
#	G	D	E	R	K	N	Q	S	T	A	V	L	I	F	Y	W	H	M	C	P
0	0.01200	0.00898	0.00905	0.00878	0.01060	0.08347	0.00682	0.09357	0.03945	0.05413	0.04933	0.18912	0.06959	0.01085	0.00586	0.00185	0.00443	0.13187	0.20437	0.00589
1	0.09804	0.13537	0.20765	0.01261	0.01739	0.14548	0.01232	0.15765	0.04952	0.06055	0.01088	0.01185	0.00823	0.00591	0.00548	0.00163	0.04406	0.00411	0.00354	0.00774
2	0.00955	0.00742	0.01037	0.07686	0.05991	0.00769	0.03600	0.04813	0.08724	0.01665	0.02311	0.44116	0.02497	0.01293	0.00719	0.04822	0.00432	0.01098	0.06170	0.00562
3	0.00829	0.00563	0.00697	0.00725	0.00847	0.00515	0.00534	0.00991	0.01247	0.05664	0.18017	0.27807	0.21509	0.06341	0.00804	0.00223	0.00339	0.08869	0.02982	0.00496
4	0.00893	0.00585	0.00737	0.00738	0.00783	0.00611	0.00488	0.01007	0.08221	0.01220	0.01669	0.10472	0.01771	0.33364	0.10342	0.25027	0.00591	0.00747	0.00344	0.00390
5	0.47813	0.08845	0.01092	0.00803	0.01112	0.01211	0.00657	0.07306	0.01137	0.06357	0.04464	0.01488	0.01081	0.08868	0.05560	0.00248	0.00531	0.00430	0.00376	0.00620

[dist]
# distance from previous block
# <min> <max>
0	48

[block]
# block no. 9 follows, 43 sequences, length 29
# corresponding to MSA columns:
# 988-1016
name=unknown_J
#
# <colnr> <probs for GDERKNQSTAVLIFYWHMCP>
#	G	D	E	R	K	N	Q	S	T	A	V	L	I	F	Y	W	H	M	C	P
0	0.05013	0.04125	0.05740	0.01314	0.09297	0.03542	0.03899	0.09745	0.07677	0.18093	0.01651	0.08473	0.02397	0.00700	0.00533	0.00160	0.00534	0.01638	0.00453	0.15014
1	0.01400	0.33763	0.14163	0.01340	0.08739	0.06203	0.04069	0.04130	0.01247	0.05465	0.01283	0.08455	0.02480	0.00697	0.01580	0.00163	0.00639	0.00515	0.02949	0.00723
2	0.80516	0.01094	0.00855	0.00754	0.01102	0.01265	0.00621	0.05143	0.01022	0.02533	0.00798	0.00920	0.00616	0.00521	0.00353	0.00171	0.00437	0.00309	0.00353	0.00616
3	0.00916	0.00579	0.00836	0.00808	0.00874	0.00615	0.00586	0.00882	0.00816	0.01147	0.01170	0.01882	0.01135	0.05602	0.29018	0.43209	0.03496	0.00524	0.00270	0.05636
4	0.01257	0.01284	0.06670	0.31597	0.17152	0.01310	0.09783	0.05610	0.14806	0.01833	0.01272	0.01547	0.00968	0.00573	0.00561	0.00179	0.00682	0.00530	0.01629	0.00756
5	0.01195	0.00932	0.01313	0.01662	0.26232	0.00916	0.00973	0.03321	0.09066	0.08927	0.02798	0.10398	0.21476	0.04006	0.00691	0.00198	0.00473	0.04276	0.00450	0.00698
6	0.00808	0.00538	0.00627	0.00634	0.00652	0.00545	0.00380	0.00845	0.00846	0.01163	0.01798	0.07716	0.02020	0.65214	0.09293	0.00530	0.00595	0.00815	0.04616	0.00365
7	0.00799	0.00534	0.00606	0.00613	0.00615	0.00532	0.00345	0.00804	0.00819	0.01092	0.01814	0.07645	0.02100	0.76397	0.02708	0.00521	0.00526	0.00846	0.00345	0.00342
8	0.00856	0.00595	0.00862	0.00872	0.00984	0.00559	0.04865	0.01013	0.01186	0.04503	0.12945	0.41569	0.05979	0.01462	0.00765	0.04913	0.00385	0.11065	0.04126	0.00496
9	0.01485	0.01634	0.01978	0.32615	0.02799	0.24461	0.17099	0.06798	0.01387	0.01615	0.00994	0.01322	0.00766	0.00555	0.00582	0.00172	0.02291	0.00486	0.00286	0.00674
10	0.01385	0.00773	0.00976	0.00849	0.01095	0.00742	0.00666	0.01833	0.13035	0.24351	0.39716	0.03135	0.03395	0.00935	0.00605	0.00176	0.00355	0.02199	0.03078	0.00700
11	0.00709	0.00546	0.00648	0.00660	0.00791	0.00485	0.00481	0.00887	0.01337	0.01759	0.32665	0.21246	0.33050	0.01370	0.00665	0.00190	0.00282	0.01193	0.00551	0.00485
12	0.01325	0.00909	0.01096	0.00826	0.01249	0.00715	0.00656	0.01558	0.01231	0.14509	0.03909	0.06385	0.01268	0.00575	0.00461	0.00111	0.00403	0.00477	0.04375	0.57962
13	0.00784	0.00566	0.00740	0.00697	0.00827	0.00523	0.00523	0.01045	0.01568	0.02221	0.76789	0.04137	0.05226	0.01132	0.00653	0.00174	0.00261	0.01002	0.00610	0.00523
14	0.01693	0.00998	0.01216	0.00927	0.01370	0.00859	0.00748	0.02116	0.12056	0.30845	0.01626	0.01562	0.01156	0.00564	0.00488	0.00131	0.00438	0.00458	0.00499	0.40250
15	0.01148	0.00984	0.01148	0.00820	0.01312	0.00738	0.00656	0.01395	0.01148	0.01805	0.00984	0.01148	0.00820	0.00410	0.00410	0.00082	0.00410	0.00328	0.00328	0.83922
16	0.02065	0.01654	0.01632	0.01274	0.01701	0.10453	0.01040	0.64052	0.02430	0.03182	0.01262	0.01285	0.00911	0.00644	0.00542	0.00160	0.00646	0.00476	0.00515	0.04075
17	0.01046	0.00984	0.01661	0.79205	0.03814	0.01230	0.01538	0.01415	0.01107	0.01415	0.00984	0.01477	0.00738	0.00554	0.00554	0.00185	0.00738	0.00492	0.00246	0.00615
18	0.00805	0.00537	0.00604	0.00604	0.00604	0.00537	0.00336	0.00805	0.00805	0.01074	0.01745	0.03624	0.02013	0.80536	0.02819	0.00537	0.00537	0.00805	0.00336	0.00336
19	0.01046	0.00984	0.01661	0.79205	0.03814	0.01230	0.01538	0.01415	0.01107	0.01415	0.00984	0.01477	0.00738	0.00554	0.00554	0.00185	0.00738	0.00492	0.00246	0.00615
20	0.01148	0.00984	0.01148	0.00820	0.01312	0.00738	0.00656	0.01395	0.01148	0.01805	0.00984	0.01148	0.00820	0.00410	0.00410	0.00082	0.00410	0.00328	0.00328	0.83922
21	0.01252	0.01012	0.01181	0.00851	0.01338	0.00793	0.00683	0.05325	0.01242	0.04897	0.01050	0.01187	0.00849	0.00434	0.00424	0.00090	0.00423	0.00346	0.00354	0.76270
22	0.01040	0.00758	0.01064	0.01000	0.01196	0.00749	0.05422	0.05471	0.05314	0.05316	0.30244	0.04479	0.03519	0.01189	0.00685	0.00208	0.00444	0.30763	0.00546	0.00592
23	0.01034	0.01000	0.05021	0.04486	0.05472	0.03904	0.00839	0.04069	0.04724	0.01577	0.10350	0.02854	0.13692	0.19920	0.04427	0.00302	0.14656	0.00730	0.00381	0.00560
24	0.00898	0.00693	0.00833	0.00924	0.01031	0.04927	0.00731	0.01089	0.01244	0.02944	0.09208	0.32611	0.03365	0.01502	0.00716	0.00229	0.00447	0.35594	0.00511	0.00504
25	0.63385	0.05702	0.01077	0.00862	0.01189	0.08413	0.00711	0.01712	0.01033	0.05510	0.00838	0.00971	0.00658	0.00553	0.00460	0.00170	0.05464	0.00328	0.00340	0.00625
26	0.22315	0.38219	0.05892	0.01009	0.01428	0.09333	0.00935	0.05283	0.02851	0.04677	0.00903	0.01011	0.00741	0.00534	0.00440	0.00146	0.02931	0.00341	0.00308	0.00702
27	0.05842	0.03072	0.06247	0.01579	0.15129	0.04374	0.06752	0.05544	0.02695	0.01817	0.01974	0.10288	0.02010	0.01029	0.00636	0.00207	0.00595	0.29144	0.00410	0.00655
28	0.01369	0.01184	0.01833	0.01516	0.05651	0.01203	0.22814	0.14434	0.16068	0.05195	0.10268	0.04551	0.07506	0.00781	0.00615	0.00184	0.00594	0.03014	0.00466	0.00758

[dist]
# distance from previous block
# <min> <max>
0	1

[block]
# block no. 10 follows, 43 sequences, length 23
# corresponding to MSA columns:
# 1018-1040
name=unknown_K
#
# <colnr> <probs for GDERKNQSTAVLIFYWHMCP>
#	G	D	E	R	K	N	Q	S	T	A	V	L	I	F	Y	W	H	M	C	P
0	0.01021	0.00605	0.00762	0.00709	0.00815	0.00584	0.00489	0.01147	0.01148	0.11624	0.24470	0.03414	0.02841	0.38845	0.08820	0.00411	0.00532	0.00812	0.00462	0.00488
1	0.01111	0.02865	0.77667	0.01579	0.02397	0.01286	0.02046	0.01754	0.01169	0.01754	0.00994	0.01169	0.00702	0.00526	0.00526	0.00175	0.00818	0.00409	0.00234	0.00818
2	0.01212	0.01212	0.01696	0.01454	0.01454	0.01696	0.01212	0.01333	0.00848	0.01333	0.00727	0.01212	0.00727	0.00969	0.01818	0.00242	0.79523	0.00485	0.00242	0.00606
3	0.01916	0.01149	0.01344	0.01030	0.01461	0.01108	0.00842	0.27071	0.04623	0.28324	0.01804	0.01716	0.05066	0.00656	0.00528	0.00151	0.00493	0.00520	0.00546	0.19652
4	0.01307	0.01494	0.03268	0.02334	0.02894	0.01401	0.75070	0.01774	0.01307	0.01774	0.01120	0.01494	0.00840	0.00467	0.00654	0.00187	0.00934	0.00654	0.00280	0.00747
5	0.01986	0.02466	0.01531	0.01391	0.01679	0.69078	0.01047	0.02299	0.10513	0.01471	0.01024	0.01127	0.00831	0.00592	0.00507	0.00148	0.00931	0.00389	0.00319	0.00670
6	0.08083	0.04693	0.01224	0.00983	0.01247	0.02702	0.02836	0.15748	0.11862	0.06337	0.15769	0.06983	0.05613	0.05949	0.05210	0.00240	0.02646	0.00708	0.00487	0.00681
7	0.01163	0.00871	0.01101	0.01006	0.01124	0.05352	0.00784	0.01317	0.00996	0.10820	0.01420	0.02078	0.01299	0.13438	0.38313	0.00578	0.16857	0.00583	0.00339	0.00560
