[name]
unknown

[dist]
# distance from previous block
# <min> <max>
0	345

[block]
# block no. 0 follows, 45 sequences, length 9
# corresponding to MSA columns:
# 563-571
name=unknown_A
#
# <colnr> <probs for GDERKNQSTAVLIFYWHMCP>
#	G	D	E	R	K	N	Q	S	T	A	V	L	I	F	Y	W	H	M	C	P
0	0.01284	0.13644	0.05961	0.03950	0.01502	0.02305	0.08529	0.06157	0.07213	0.10846	0.05500	0.13679	0.06468	0.00922	0.02736	0.00187	0.00546	0.03132	0.00420	0.05021
1	0.01392	0.01047	0.05443	0.07946	0.09335	0.00966	0.04633	0.07846	0.06895	0.17601	0.16572	0.02064	0.01863	0.00967	0.07099	0.00221	0.00583	0.00599	0.00456	0.06470
2	0.08047	0.04239	0.01102	0.02269	0.05540	0.07678	0.03449	0.01271	0.01232	0.05025	0.14541	0.15385	0.15055	0.01006	0.00605	0.00175	0.02600	0.05331	0.00433	0.05015
3	0.01068	0.00919	0.01426	0.05776	0.04746	0.00940	0.14677	0.10427	0.04408	0.01769	0.05024	0.29404	0.02138	0.05294	0.00775	0.00210	0.03339	0.04184	0.00418	0.03059
4	0.04862	0.06431	0.01380	0.02882	0.07530	0.04888	0.03046	0.01748	0.05999	0.16555	0.06804	0.04155	0.01332	0.00590	0.00480	0.00134	0.00480	0.00490	0.00410	0.29802
5	0.03245	0.01471	0.13552	0.01634	0.17399	0.04252	0.04469	0.14378	0.10454	0.10858	0.03931	0.04387	0.01206	0.00624	0.00531	0.00163	0.00589	0.00531	0.00409	0.05917
6	0.00932	0.00466	0.00699	0.00699	0.00699	0.00466	0.00466	0.00699	0.00699	0.00932	0.00932	0.01632	0.00932	0.01865	0.02098	0.84382	0.00466	0.00466	0.00233	0.00233
7	0.01572	0.04297	0.01433	0.01290	0.08650	0.07260	0.05495	0.16619	0.01556	0.17141	0.05083	0.10236	0.01693	0.00830	0.00565	0.00174	0.00542	0.09255	0.05591	0.00722
8	0.01307	0.04475	0.06860	0.05283	0.21670	0.01107	0.04235	0.07789	0.03978	0.09523	0.01847	0.05124	0.10473	0.00836	0.03062	0.00191	0.03934	0.02929	0.00380	0.04996

[dist]
# distance from previous block
# <min> <max>
0	7

[block]
# block no. 1 follows, 45 sequences, length 15
# corresponding to MSA columns:
# 579-593
name=unknown_B
#
# <colnr> <probs for GDERKNQSTAVLIFYWHMCP>
#	G	D	E	R	K	N	Q	S	T	A	V	L	I	F	Y	W	H	M	C	P
0	0.00927	0.00617	0.00819	0.00766	0.00892	0.00608	0.02591	0.01123	0.03765	0.08283	0.18779	0.10132	0.08739	0.23135	0.16040	0.00401	0.00598	0.00847	0.00442	0.00496
1	0.07660	0.01416	0.09483	0.04715	0.22193	0.05073	0.01233	0.10737	0.11706	0.07247	0.01225	0.01380	0.00944	0.00672	0.02283	0.00184	0.08129	0.00469	0.00364	0.02888
2	0.00686	0.00496	0.00646	0.00740	0.00793	0.00456	0.00495	0.00782	0.01017	0.01370	0.02773	0.71717	0.03304	0.06599	0.00798	0.00230	0.00329	0.01415	0.00478	0.04877
3	0.01169	0.04608	0.06492	0.04197	0.01583	0.01488	0.04004	0.01358	0.00918	0.01396	0.00779	0.01170	0.00719	0.00787	0.01355	0.00201	0.55316	0.00444	0.00247	0.11768
4	0.01239	0.06970	0.08102	0.01049	0.04305	0.04734	0.00875	0.05194	0.03850	0.03836	0.01129	0.04544	0.00965	0.00707	0.04468	0.00156	0.02910	0.00423	0.00332	0.44212
5	0.01200	0.09796	0.04135	0.04862	0.06038	0.01051	0.03176	0.03139	0.20204	0.09110	0.02132	0.26904	0.04084	0.00971	0.00570	0.00182	0.00462	0.00849	0.00454	0.00679
6	0.00654	0.00490	0.00608	0.00693	0.00766	0.00444	0.00476	0.00767	0.01101	0.01430	0.07356	0.58091	0.22029	0.01572	0.00670	0.00206	0.00299	0.01400	0.00503	0.00444
7	0.01239	0.00824	0.00879	0.02442	0.01068	0.08670	0.00656	0.03267	0.01254	0.15831	0.02362	0.31783	0.04403	0.01126	0.00585	0.00185	0.00429	0.08348	0.14073	0.00576
8	0.01322	0.01427	0.17208	0.08594	0.06712	0.01180	0.16940	0.01701	0.03805	0.13320	0.01247	0.03282	0.00970	0.00858	0.05262	0.02740	0.11852	0.00536	0.00329	0.00713
9	0.20903	0.01477	0.01357	0.01104	0.01471	0.14242	0.00894	0.33919	0.01797	0.13650	0.01193	0.01216	0.00855	0.00608	0.00519	0.00161	0.02973	0.00425	0.00457	0.00780
10	0.00673	0.00487	0.00618	0.00715	0.00763	0.00454	0.00482	0.00767	0.01031	0.01352	0.03105	0.61060	0.11926	0.10211	0.00902	0.00247	0.00336	0.03963	0.00479	0.00428
11	0.01357	0.01087	0.02914	0.05586	0.04552	0.01189	0.09640	0.08593	0.07338	0.12548	0.11493	0.05876	0.01644	0.00877	0.02535	0.00204	0.20825	0.00633	0.00416	0.00694
12	0.03826	0.01139	0.04808	0.39361	0.10292	0.01224	0.04173	0.11146	0.07649	0.03369	0.02227	0.04865	0.01059	0.00630	0.00544	0.00177	0.00637	0.01844	0.00338	0.00693
13	0.00971	0.00732	0.01057	0.00955	0.01123	0.02969	0.11633	0.02169	0.01171	0.04585	0.06326	0.30684	0.03864	0.05349	0.00709	0.00203	0.00437	0.06719	0.17818	0.00525
14	0.46325	0.02405	0.02344	0.01212	0.10280	0.05343	0.02814	0.09764	0.01219	0.08674	0.00967	0.01089	0.00733	0.00548	0.00480	0.00166	0.04212	0.00376	0.00363	0.00688

[dist]
# distance from previous block
# <min> <max>
0	1

[block]
# block no. 2 follows, 45 sequences, length 15
# corresponding to MSA columns:
# 595-609
name=unknown_C
#
# <colnr> <probs for GDERKNQSTAVLIFYWHMCP>
#	G	D	E	R	K	N	Q	S	T	A	V	L	I	F	Y	W	H	M	C	P
0	0.06693	0.15406	0.02643	0.00999	0.01328	0.01298	0.01999	0.16747	0.12542	0.08250	0.09203	0.03816	0.02581	0.02808	0.00639	0.01487	0.03703	0.03198	0.00443	0.04218
1	0.05768	0.03230	0.01491	0.04435	0.05890	0.01201	0.05308	0.22253	0.10056	0.24948	0.01583	0.01671	0.01153	0.05514	0.02889	0.00207	0.00570	0.00528	0.00495	0.00809
2	0.01113	0.00954	0.01113	0.00795	0.01272	0.00716	0.00636	0.01352	0.01113	0.01749	0.00954	0.01113	0.00795	0.00398	0.00398	0.00080	0.00398	0.00318	0.00318	0.84417
3	0.01272	0.01087	0.01162	0.01066	0.01345	0.01248	0.00828	0.02646	0.68836	0.02163	0.02262	0.07182	0.01821	0.00820	0.00563	0.00187	0.00421	0.03743	0.00541	0.00808
4	0.01246	0.01078	0.06881	0.15062	0.01743	0.03327	0.00906	0.01551	0.03070	0.11692	0.05611	0.06256	0.01280	0.00601	0.00486	0.00134	0.00494	0.00503	0.02186	0.35894
5	0.00774	0.00565	0.00596	0.00575	0.00765	0.00480	0.00436	0.00928	0.01255	0.06343	0.09257	0.04711	0.64252	0.01259	0.00614	0.00176	0.00281	0.01051	0.05196	0.00488
6	0.01267	0.01448	0.03167	0.02262	0.02805	0.01357	0.75837	0.01719	0.01267	0.01719	0.01086	0.01448	0.00814	0.00452	0.00633	0.00181	0.00905	0.00633	0.00271	0.00724
7	0.01709	0.01430	0.21961	0.10075	0.04185	0.00988	0.03479	0.03901	0.01352	0.37778	0.01646	0.06519	0.01186	0.00660	0.00543	0.00172	0.00589	0.00556	0.00462	0.00808
8	0.06334	0.00981	0.01428	0.18392	0.13980	0.01026	0.03801	0.08452	0.03481	0.18129	0.01662	0.16975	0.01462	0.00788	0.00557	0.00178	0.00539	0.00695	0.00427	0.00713
9	0.06104	0.00970	0.01060	0.00940	0.01219	0.01062	0.00736	0.02341	0.44917	0.12382	0.13182	0.02211	0.02021	0.00752	0.00532	0.00172	0.00388	0.00625	0.07622	0.00763
10	0.00663	0.00491	0.00620	0.00703	0.00772	0.00447	0.00483	0.00783	0.01121	0.01478	0.12310	0.58163	0.16891	0.01555	0.00670	0.00206	0.00297	0.01390	0.00509	0.00447
11	0.03357	0.05561	0.06608	0.00902	0.01265	0.00877	0.00776	0.03235	0.02649	0.11905	0.05084	0.11360	0.03333	0.00884	0.04559	0.00176	0.03994	0.00580	0.00397	0.32496
12	0.01503	0.01127	0.05914	0.01288	0.11122	0.00923	0.04028	0.07856	0.01347	0.20188	0.01400	0.06348	0.01107	0.00582	0.00495	0.00135	0.00497	0.00499	0.00417	0.33223
13	0.02206	0.00933	0.01219	0.00947	0.01338	0.00840	0.00778	0.09322	0.01611	0.63699	0.05359	0.02054	0.05713	0.00719	0.00549	0.00167	0.00451	0.00586	0.00640	0.00871
14	0.00762	0.00542	0.00658	0.00709	0.00809	0.00517	0.00517	0.00976	0.04404	0.01613	0.13369	0.34370	0.15477	0.04604	0.00717	0.00208	0.00322	0.08794	0.10158	0.00475

[dist]
# distance from previous block
# <min> <max>
2	4

[block]
# block no. 3 follows, 45 sequences, length 29
# corresponding to MSA columns:
# 614-642
name=unknown_D
#
# <colnr> <probs for GDERKNQSTAVLIFYWHMCP>
#	G	D	E	R	K	N	Q	S	T	A	V	L	I	F	Y	W	H	M	C	P
0	0.01097	0.01138	0.05057	0.60482	0.12481	0.04868	0.01488	0.01447	0.01121	0.01438	0.01023	0.01550	0.00815	0.00563	0.00540	0.00177	0.00714	0.03117	0.00252	0.00634
1	0.01517	0.70101	0.02627	0.00985	0.01418	0.13187	0.00936	0.01685	0.01153	0.01270	0.00758	0.00876	0.00689	0.00473	0.00365	0.00118	0.00631	0.00295	0.00236	0.00679
2	0.00714	0.00543	0.00657	0.00638	0.00776	0.00486	0.00475	0.00921	0.01398	0.01886	0.50481	0.08704	0.27939	0.01213	0.00636	0.00176	0.00262	0.01053	0.00556	0.00486
3	0.00742	0.00538	0.00699	0.00681	0.00796	0.00495	0.00502	0.00970	0.01444	0.02025	0.65198	0.14365	0.07162	0.01184	0.00640	0.00176	0.00262	0.01051	0.00576	0.00495
4	0.75380	0.00994	0.00788	0.00702	0.01023	0.01136	0.00575	0.01598	0.00955	0.05597	0.00878	0.00994	0.00670	0.00514	0.00344	0.00163	0.00405	0.00316	0.06378	0.00590
5	0.02225	0.00866	0.01159	0.00903	0.01286	0.00753	0.00741	0.02432	0.01492	0.69072	0.02238	0.01988	0.04719	0.00692	0.00532	0.00164	0.00433	0.00563	0.06880	0.00862
6	0.02408	0.00914	0.01246	0.00955	0.01370	0.00789	0.00789	0.02616	0.01536	0.78158	0.02118	0.01827	0.01329	0.00664	0.00540	0.00166	0.00457	0.00540	0.00664	0.00914
7	0.01197	0.01308	0.13925	0.01034	0.01563	0.00888	0.05712	0.04786	0.01202	0.04109	0.01014	0.01167	0.00799	0.00438	0.00442	0.00107	0.00505	0.00365	0.00320	0.59118
8	0.01335	0.01153	0.01214	0.01092	0.01396	0.01335	0.00850	0.02852	0.76817	0.02245	0.02185	0.02003	0.01639	0.00728	0.00546	0.00182	0.00425	0.00607	0.00546	0.00850
9	0.84927	0.01038	0.00789	0.00706	0.01038	0.01204	0.00581	0.01578	0.00914	0.02408	0.00747	0.00872	0.00581	0.00498	0.00332	0.00166	0.00415	0.00291	0.00332	0.00581
10	0.02041	0.01504	0.01611	0.01235	0.01665	0.01665	0.01020	0.75997	0.02524	0.03383	0.01289	0.01289	0.00913	0.00644	0.00537	0.00161	0.00591	0.00483	0.00537	0.00913
11	0.84927	0.01038	0.00789	0.00706	0.01038	0.01204	0.00581	0.01578	0.00914	0.02408	0.00747	0.00872	0.00581	0.00498	0.00332	0.00166	0.00415	0.00291	0.00332	0.00581
12	0.01329	0.01275	0.02179	0.03295	0.77787	0.01275	0.01647	0.01647	0.01222	0.01754	0.01010	0.01329	0.00850	0.00478	0.00531	0.00159	0.00638	0.00478	0.00266	0.00850
13	0.01335	0.01153	0.01214	0.01092	0.01396	0.01335	0.00850	0.02852	0.76817	0.02245	0.02185	0.02003	0.01639	0.00728	0.00546	0.00182	0.00425	0.00607	0.00546	0.00850
14	0.00654	0.00467	0.00623	0.00747	0.00779	0.00436	0.00498	0.00747	0.01028	0.01370	0.02959	0.80785	0.03550	0.01682	0.00685	0.00218	0.00311	0.01526	0.00498	0.00436
15	0.02215	0.00922	0.01196	0.00930	0.01314	0.00838	0.00764	0.09285	0.01582	0.62619	0.01999	0.01797	0.01295	0.00658	0.00521	0.00161	0.00446	0.00530	0.10061	0.00867
16	0.00777	0.00537	0.00668	0.00668	0.00696	0.00565	0.00428	0.00834	0.00805	0.01102	0.01616	0.03095	0.01770	0.58202	0.25418	0.00622	0.00793	0.00719	0.00314	0.00371
17	0.57727	0.00892	0.00776	0.00717	0.00990	0.00988	0.00569	0.01500	0.01000	0.08386	0.01303	0.14265	0.01195	0.00718	0.00411	0.00172	0.00389	0.00532	0.06893	0.00578
18	0.00747	0.00515	0.00658	0.00728	0.00814	0.00470	0.00515	0.00876	0.01143	0.04739	0.11137	0.53414	0.15591	0.01515	0.00668	0.00206	0.00314	0.04965	0.00515	0.00469
19	0.01218	0.01016	0.01169	0.00845	0.01316	0.00823	0.00679	0.09767	0.01272	0.01933	0.00992	0.01133	0.00808	0.00425	0.00413	0.00089	0.00419	0.00337	0.00343	0.75002
20	0.00833	0.00569	0.00673	0.00647	0.00813	0.00499	0.00485	0.01010	0.01330	0.08314	0.29557	0.12872	0.37932	0.01245	0.00631	0.00180	0.00286	0.01070	0.00544	0.00509
21	0.00727	0.00495	0.00661	0.00753	0.00810	0.00461	0.00520	0.00848	0.01107	0.03826	0.11563	0.67012	0.03642	0.01576	0.00677	0.00212	0.00315	0.03820	0.00514	0.00461
22	0.01524	0.09987	0.02067	0.01478	0.01826	0.09977	0.21081	0.17476	0.03389	0.04757	0.04011	0.01554	0.01077	0.00664	0.00750	0.00175	0.13805	0.03322	0.00360	0.00720
23	0.15738	0.06882	0.04097	0.08069	0.01721	0.01230	0.16339	0.05616	0.02714	0.01701	0.01022	0.01408	0.00862	0.03425	0.06437	0.08931	0.10191	0.00479	0.02538	0.00598
24	0.00758	0.00513	0.00649	0.00710	0.00793	0.00472	0.00497	0.00888	0.01135	0.04499	0.12554	0.49298	0.13372	0.05008	0.00747	0.00216	0.00317	0.03409	0.03700	0.00465
25	0.00663	0.00477	0.00631	0.00752	0.00792	0.00445	0.00512	0.00766	0.01045	0.01384	0.03042	0.74528	0.06189	0.01661	0.00686	0.00218	0.00319	0.04952	0.00498	0.00439
26	0.03616	0.02891	0.09274	0.07929	0.15506	0.02382	0.04442	0.19904	0.08015	0.07092	0.02350	0.01597	0.01070	0.01872	0.03691	0.00203	0.04496	0.02505	0.00388	0.00776
27	0.01335	0.10358	0.25149	0.09664	0.06729	0.07332	0.04923	0.08818	0.03766	0.03662	0.01090	0.03280	0.00869	0.00601	0.00615	0.00167	0.07632	0.00463	0.02817	0.00729
28	0.01149	0.03331	0.12579	0.30175	0.06570	0.02412	0.05550	0.06379	0.01214	0.03045	0.01228	0.10262	0.01077	0.00643	0.00530	0.00164	0.00632	0.00565	0.00308	0.12186

[dist]
# distance from previous block
# <min> <max>
0	72

[block]
# block no. 4 follows, 45 sequences, length 27
# corresponding to MSA columns:
# 715-741
name=unknown_E
#
# <colnr> <probs for GDERKNQSTAVLIFYWHMCP>
#	G	D	E	R	K	N	Q	S	T	A	V	L	I	F	Y	W	H	M	C	P
0	0.12900	0.16250	0.03380	0.03989	0.21288	0.06297	0.01015	0.01472	0.01086	0.02850	0.01055	0.04440	0.00959	0.00853	0.03844	0.09511	0.00602	0.02262	0.00289	0.05657
1	0.19039	0.19303	0.01653	0.06380	0.14241	0.04851	0.00947	0.04563	0.01178	0.06646	0.01094	0.06663	0.00956	0.00579	0.00442	0.00147	0.00534	0.00449	0.00329	0.10007
2	0.00804	0.00497	0.00601	0.00655	0.00738	0.00477	0.00468	0.00985	0.01144	0.01726	0.13600	0.37753	0.02962	0.01201	0.00566	0.00178	0.00287	0.03750	0.31135	0.00472
3	0.01265	0.01167	0.02072	0.23486	0.31741	0.01212	0.16617	0.01662	0.04306	0.05854	0.04480	0.01553	0.01050	0.00536	0.00559	0.00171	0.00678	0.00540	0.00307	0.00744
4	0.05897	0.00941	0.01209	0.00940	0.01332	0.00861	0.00773	0.08709	0.01574	0.63071	0.03834	0.01801	0.01355	0.00664	0.00525	0.00164	0.00452	0.00533	0.04494	0.00870
5	0.00660	0.00477	0.00624	0.00729	0.00777	0.00442	0.00493	0.00766	0.01072	0.01426	0.07937	0.70812	0.08557	0.01623	0.00678	0.00212	0.00305	0.01464	0.00504	0.00442
6	0.00670	0.00545	0.00594	0.00581	0.00747	0.00468	0.00436	0.00840	0.01308	0.01651	0.26076	0.04835	0.56805	0.01284	0.00634	0.00178	0.00267	0.01086	0.00525	0.00468
7	0.00661	0.00486	0.00621	0.00720	0.00780	0.00446	0.00494	0.00771	0.01083	0.01420	0.06315	0.64022	0.15048	0.01603	0.00677	0.00211	0.00308	0.03387	0.00502	0.00443
8	0.01521	0.01025	0.01141	0.00985	0.01288	0.01113	0.00777	0.08915	0.42704	0.16472	0.07186	0.02044	0.01722	0.00723	0.00531	0.00170	0.00414	0.00597	0.09867	0.00805
9	0.01113	0.00954	0.01113	0.00795	0.01272	0.00716	0.00636	0.01352	0.01113	0.01749	0.00954	0.01113	0.00795	0.00398	0.00398	0.00080	0.00398	0.00318	0.00318	0.84417
10	0.01335	0.01153	0.01214	0.01092	0.01396	0.01335	0.00850	0.02852	0.76817	0.02245	0.02185	0.02003	0.01639	0.00728	0.00546	0.00182	0.00425	0.00607	0.00546	0.00850
11	0.01014	0.00954	0.01610	0.79845	0.03697	0.01193	0.01491	0.01371	0.01073	0.01371	0.00954	0.01431	0.00716	0.00537	0.00537	0.00179	0.00716	0.00477	0.00239	0.00596
12	0.01077	0.02777	0.78354	0.01530	0.02323	0.01247	0.01983	0.01700	0.01133	0.01700	0.00963	0.01133	0.00680	0.00510	0.00510	0.00170	0.00793	0.00397	0.00227	0.00793
13	0.00654	0.00467	0.00623	0.00747	0.00779	0.00436	0.00498	0.00747	0.01028	0.01370	0.02959	0.80785	0.03550	0.01682	0.00685	0.00218	0.00311	0.01526	0.00498	0.00436
14	0.02331	0.00896	0.01221	0.00942	0.01344	0.00776	0.00776	0.02540	0.01536	0.74578	0.05669	0.01930	0.01505	0.00685	0.00544	0.00166	0.00447	0.00560	0.00661	0.00894
15	0.00755	0.00576	0.00739	0.03786	0.00997	0.00561	0.00632	0.00980	0.04746	0.01513	0.05510	0.36839	0.18155	0.01458	0.00676	0.00214	0.00371	0.20517	0.00492	0.00483
16	0.01267	0.01448	0.03167	0.02262	0.02805	0.01357	0.75837	0.01719	0.01267	0.01719	0.01086	0.01448	0.00814	0.00452	0.00633	0.00181	0.00905	0.00633	0.00271	0.00724
17	0.00727	0.00585	0.00653	0.00629	0.00797	0.00530	0.00474	0.00996	0.06217	0.01767	0.32452	0.04525	0.45275	0.01220	0.00628	0.00177	0.00275	0.01038	0.00536	0.00499
18	0.01472	0.01155	0.01681	0.01342	0.01649	0.04740	0.18305	0.04963	0.15095	0.17099	0.07332	0.08233	0.01593	0.00775	0.00751	0.00185	0.11787	0.00666	0.00449	0.00729
19	0.03582	0.05237	0.09808	0.13599	0.13692	0.01273	0.19269	0.06720	0.01314	0.15361	0.01200	0.01399	0.00873	0.00546	0.00590	0.00171	0.03750	0.00504	0.00347	0.00766
20	0.01100	0.01576	0.24100	0.01363	0.01611	0.01401	0.01338	0.01381	0.00991	0.01507	0.09289	0.01476	0.01180	0.00831	0.01269	0.00208	0.47963	0.00504	0.00272	0.00639
21	0.00801	0.00528	0.00650	0.00717	0.00798	0.00502	0.00495	0.00980	0.04397	0.04546	0.02895	0.54946	0.09196	0.04684	0.00714	0.00212	0.00320	0.01256	0.10884	0.00478
22	0.01224	0.03146	0.23854	0.09309	0.07164	0.01166	0.13192	0.01831	0.13542	0.07312	0.09013	0.01854	0.01435	0.00636	0.00558	0.00175	0.00641	0.02837	0.00366	0.00744
23	0.01517	0.01416	0.09353	0.12077	0.29748	0.05657	0.05702	0.10425	0.01412	0.13007	0.01325	0.01497	0.03286	0.00566	0.00538	0.00165	0.00654	0.00502	0.00356	0.00796
24	0.00796	0.00547	0.00734	0.00804	0.00901	0.00525	0.00613	0.00965	0.01164	0.04441	0.12368	0.37417	0.08487	0.01672	0.06601	0.00264	0.00440	0.20280	0.00499	0.00483
25	0.00975	0.00667	0.00791	0.00743	0.00911	0.00652	0.00563	0.08407	0.04929	0.05364	0.31987	0.16583	0.13466	0.01110	0.00600	0.00175	0.00319	0.02161	0.09035	0.00560
26	0.04565	0.01244	0.11649	0.14304	0.11269	0.01026	0.02210	0.04415	0.01173	0.01777	0.03255	0.01331	0.00921	0.00517	0.00525	0.00138	0.04084	0.00420	0.04619	0.30557

[dist]
# distance from previous block
# <min> <max>
1	43

[block]
# block no. 5 follows, 45 sequences, length 19
# corresponding to MSA columns:
# 785-803
name=unknown_F
#
# <colnr> <probs for GDERKNQSTAVLIFYWHMCP>
#	G	D	E	R	K	N	Q	S	T	A	V	L	I	F	Y	W	H	M	C	P
0	0.38538	0.01092	0.01287	0.14220	0.07761	0.04062	0.06371	0.01649	0.04325	0.06682	0.03508	0.03586	0.00974	0.00572	0.00454	0.00167	0.00534	0.00451	0.00347	0.03418
1	0.00803	0.00606	0.00689	0.00657	0.00821	0.00575	0.00496	0.01150	0.09316	0.01911	0.37539	0.03981	0.28714	0.01098	0.00598	0.00170	0.00277	0.00939	0.09137	0.00524
2	0.13153	0.00829	0.03350	0.00842	0.01109	0.00759	0.03475	0.03541	0.01414	0.19777	0.35779	0.02731	0.02898	0.00839	0.00550	0.00167	0.00379	0.02371	0.05397	0.00639
3	0.06853	0.01064	0.01176	0.00999	0.01325	0.01150	0.00795	0.11339	0.37588	0.19727	0.06304	0.01922	0.01598	0.00705	0.00526	0.00171	0.00432	0.00572	0.04935	0.00817
4	0.00651	0.00495	0.00600	0.00678	0.00762	0.00444	0.00469	0.00764	0.01110	0.01424	0.06407	0.53065	0.28087	0.01555	0.00667	0.00204	0.00296	0.01376	0.00502	0.00444
5	0.00752	0.00548	0.00707	0.00667	0.00797	0.00503	0.00500	0.00998	0.01501	0.02109	0.72987	0.04082	0.09609	0.01114	0.00633	0.00170	0.00254	0.00981	0.00585	0.00503
6	0.84927	0.01038	0.00789	0.00706	0.01038	0.01204	0.00581	0.01578	0.00914	0.02408	0.00747	0.00872	0.00581	0.00498	0.00332	0.00166	0.00415	0.00291	0.00332	0.00581
7	0.84927	0.01038	0.00789	0.00706	0.01038	0.01204	0.00581	0.01578	0.00914	0.02408	0.00747	0.00872	0.00581	0.00498	0.00332	0.00166	0.00415	0.00291	0.00332	0.00581
8	0.00763	0.00547	0.00733	0.00842	0.00923	0.00530	0.00658	0.00926	0.01121	0.01466	0.02943	0.35921	0.06965	0.06880	0.00846	0.00250	0.00411	0.36332	0.00485	0.00457
9	0.02319	0.01058	0.01335	0.01023	0.01442	0.01003	0.00845	0.20531	0.01777	0.59903	0.01915	0.01696	0.01227	0.00659	0.00539	0.00165	0.00489	0.00526	0.00633	0.00913
10	0.00986	0.04105	0.14617	0.01019	0.03476	0.00827	0.03189	0.03627	0.01296	0.05088	0.22338	0.12785	0.13751	0.00991	0.00626	0.00176	0.02911	0.03565	0.00444	0.04182
11	0.01219	0.01287	0.09657	0.01576	0.02015	0.01073	0.36372	0.01592	0.01298	0.08256	0.17450	0.01955	0.01746	0.00630	0.00641	0.00170	0.04060	0.00640	0.00371	0.07993
12	0.01329	0.01275	0.02179	0.03295	0.77787	0.01275	0.01647	0.01647	0.01222	0.01754	0.01010	0.01329	0.00850	0.00478	0.00531	0.00159	0.00638	0.00478	0.00266	0.00850
13	0.01267	0.01448	0.03167	0.02262	0.02805	0.01357	0.75837	0.01719	0.01267	0.01719	0.01086	0.01448	0.00814	0.00452	0.00633	0.00181	0.00905	0.00633	0.00271	0.00724
14	0.04030	0.01339	0.10727	0.06328	0.21563	0.01169	0.15144	0.05794	0.07667	0.09713	0.01585	0.04227	0.05343	0.00640	0.00560	0.00174	0.00630	0.02236	0.00368	0.00764
15	0.01014	0.00954	0.01610	0.79845	0.03697	0.01193	0.01491	0.01371	0.01073	0.01371	0.00954	0.01431	0.00716	0.00537	0.00537	0.00179	0.00716	0.00477	0.00239	0.00596
16	0.00827	0.00712	0.01133	0.00992	0.01182	0.00666	0.14180	0.01097	0.03818	0.01726	0.25767	0.24995	0.14891	0.01189	0.00650	0.00191	0.00408	0.04561	0.00487	0.00529
17	0.00654	0.00467	0.00623	0.00747	0.00779	0.00436	0.00498	0.00747	0.01028	0.01370	0.02959	0.80785	0.03550	0.01682	0.00685	0.00218	0.00311	0.01526	0.00498	0.00436
18	0.05121	0.06994	0.04185	0.09258	0.09085	0.09947	0.01102	0.30712	0.05317	0.11234	0.01247	0.01317	0.00909	0.00591	0.00509	0.00159	0.00624	0.00455	0.00428	0.00808

[dist]
# distance from previous block
# <min> <max>
0	1

[block]
# block no. 6 follows, 45 sequences, length 10
# corresponding to MSA columns:
# 805-814
name=unknown_G
#
# <colnr> <probs for GDERKNQSTAVLIFYWHMCP>
#	G	D	E	R	K	N	Q	S	T	A	V	L	I	F	Y	W	H	M	C	P
0	0.00887	0.00741	0.01076	0.09486	0.09622	0.02357	0.02727	0.01140	0.04297	0.01454	0.04133	0.27239	0.02043	0.03763	0.23885	0.00397	0.00758	0.00872	0.02581	0.00541
1	0.03231	0.01215	0.03833	0.30756	0.09692	0.01338	0.01253	0.25201	0.01562	0.07176	0.01144	0.01380	0.00845	0.00602	0.00611	0.00172	0.06094	0.00477	0.02674	0.00745
2	0.01478	0.00943	0.01150	0.00840	0.01300	0.00736	0.00679	0.01707	0.01232	0.23255	0.01282	0.01314	0.00945	0.00473	0.00438	0.00104	0.00414	0.00380	0.00416	0.60914
3	0.04100	0.05652	0.35245	0.01084	0.01558	0.01025	0.01174	0.04651	0.01082	0.01600	0.01163	0.01784	0.01062	0.23189	0.01106	0.00252	0.00625	0.00488	0.00285	0.12877
4	0.00672	0.00523	0.00610	0.00635	0.00760	0.00462	0.00458	0.00826	0.01244	0.01607	0.23144	0.26154	0.38219	0.01383	0.00648	0.00188	0.00278	0.01202	0.00522	0.00462
5	0.00798	0.00655	0.00927	0.22939	0.01600	0.00683	0.00764	0.01043	0.01293	0.01728	0.35407	0.10282	0.17766	0.01042	0.00611	0.00178	0.00392	0.00912	0.00466	0.00515
6	0.00761	0.00567	0.00720	0.00734	0.00872	0.00526	0.00585	0.00986	0.01373	0.01840	0.40189	0.04847	0.20908	0.01265	0.00664	0.00194	0.00325	0.21611	0.00543	0.00491
7	0.20431	0.01015	0.01256	0.01027	0.01307	0.01122	0.00851	0.02012	0.01197	0.39661	0.01415	0.01431	0.00987	0.00705	0.00837	0.00185	0.22879	0.00465	0.00470	0.00748
8	0.01534	0.01252	0.01326	0.01133	0.01472	0.01428	0.00898	0.23439	0.55906	0.02566	0.01933	0.01802	0.01434	0.00705	0.00544	0.00176	0.00472	0.00572	0.00544	0.00867
9	0.01358	0.01090	0.01235	0.00914	0.01361	0.00973	0.00738	0.22346	0.01528	0.02227	0.04503	0.01293	0.01021	0.00499	0.00447	0.00107	0.00445	0.00394	0.00392	0.57127

[dist]
# distance from previous block
# <min> <max>
0	35

[block]
# block no. 7 follows, 45 sequences, length 10
# corresponding to MSA columns:
# 850-859
name=unknown_H
#
# <colnr> <probs for GDERKNQSTAVLIFYWHMCP>
#	G	D	E	R	K	N	Q	S	T	A	V	L	I	F	Y	W	H	M	C	P
0	0.69743	0.00945	0.00752	0.00684	0.00956	0.01081	0.00535	0.01434	0.00890	0.02162	0.00918	0.01349	0.00829	0.15048	0.00765	0.00230	0.00434	0.00379	0.00331	0.00535
1	0.00945	0.00880	0.01418	0.65536	0.03161	0.01059	0.01295	0.01263	0.01100	0.01386	0.01763	0.02105	0.14583	0.00685	0.00554	0.00179	0.00636	0.00595	0.00285	0.00570
2	0.00917	0.15118	0.01043	0.00757	0.00901	0.00770	0.00570	0.01035	0.01073	0.05920	0.02576	0.48732	0.08222	0.06023	0.00721	0.00208	0.00375	0.01135	0.03398	0.00507
3	0.01123	0.00878	0.00910	0.05531	0.01063	0.14686	0.00640	0.01012	0.00878	0.01042	0.00940	0.01523	0.00896	0.01653	0.05419	0.60158	0.00618	0.00450	0.00244	0.00337
4	0.01150	0.22482	0.32449	0.01170	0.01659	0.01263	0.03461	0.01501	0.01110	0.05748	0.01370	0.15555	0.01289	0.00976	0.06328	0.00216	0.00682	0.00600	0.00307	0.00683
5	0.00825	0.00655	0.00863	0.00875	0.00952	0.00715	0.00685	0.00963	0.01083	0.01450	0.08599	0.20873	0.14806	0.07301	0.01082	0.03158	0.14774	0.19433	0.00435	0.00471
6	0.00837	0.00587	0.00755	0.04003	0.01013	0.00551	0.00633	0.01020	0.01228	0.06069	0.11443	0.21349	0.25276	0.01361	0.00666	0.00205	0.00370	0.21627	0.00506	0.00500
7	0.06493	0.09923	0.24539	0.01433	0.07147	0.01475	0.04555	0.28754	0.03529	0.05463	0.01133	0.01224	0.00828	0.00560	0.00502	0.00161	0.00646	0.00438	0.00377	0.00821
8	0.01775	0.06242	0.06246	0.01384	0.05381	0.04322	0.07326	0.37016	0.11317	0.09723	0.01368	0.01395	0.00992	0.00617	0.00558	0.00164	0.02368	0.00494	0.00462	0.00848
9	0.41282	0.03576	0.05578	0.05468	0.07700	0.11324	0.00952	0.05772	0.01136	0.03634	0.00858	0.01040	0.00680	0.00560	0.00546	0.00168	0.08400	0.00363	0.00315	0.00650

[dist]
# distance from previous block
# <min> <max>
5	12

[block]
# block no. 8 follows, 45 sequences, length 32
# corresponding to MSA columns:
# 873-904
name=unknown_I
#
# <colnr> <probs for GDERKNQSTAVLIFYWHMCP>
#	G	D	E	R	K	N	Q	S	T	A	V	L	I	F	Y	W	H	M	C	P
0	0.04590	0.09455	0.01675	0.10083	0.01796	0.01341	0.09122	0.11533	0.20386	0.10062	0.01428	0.01516	0.01072	0.00684	0.02161	0.00180	0.05458	0.00502	0.02284	0.04674
1	0.00726	0.00528	0.00671	0.00749	0.00818	0.00501	0.00517	0.04292	0.01153	0.01535	0.09204	0.65141	0.09034	0.01561	0.00670	0.00209	0.00317	0.01402	0.00508	0.00465
2	0.01073	0.01107	0.04360	0.60936	0.07998	0.01224	0.12775	0.01451	0.01114	0.01458	0.00978	0.01418	0.00738	0.00520	0.00550	0.00178	0.00742	0.00498	0.00245	0.00637
3	0.00790	0.00549	0.00661	0.00651	0.00671	0.00573	0.00406	0.00833	0.00837	0.01142	0.06224	0.03294	0.02025	0.64097	0.12190	0.00533	0.03069	0.00757	0.00334	0.00364
4	0.00658	0.00476	0.00623	0.00731	0.00777	0.00441	0.00493	0.00763	0.01065	0.01416	0.07014	0.72124	0.08172	0.01631	0.00679	0.00213	0.00306	0.01473	0.00503	0.00441
5	0.00820	0.00561	0.00684	0.00644	0.00797	0.00506	0.00486	0.01042	0.01420	0.05429	0.51035	0.04060	0.22620	0.01110	0.00612	0.00169	0.00267	0.00959	0.06268	0.00511
6	0.05954	0.00580	0.00682	0.00670	0.00820	0.00535	0.00497	0.01010	0.01300	0.05793	0.33498	0.19666	0.24570	0.01230	0.00621	0.00182	0.00291	0.01065	0.00534	0.00503
7	0.01435	0.81458	0.02813	0.00918	0.01378	0.02124	0.00918	0.01607	0.01091	0.01263	0.00746	0.00861	0.00689	0.00459	0.00344	0.00115	0.00574	0.00287	0.00230	0.00689
8	0.01077	0.02777	0.78354	0.01530	0.02323	0.01247	0.01983	0.01700	0.01133	0.01700	0.00963	0.01133	0.00680	0.00510	0.00510	0.00170	0.00793	0.00397	0.00227	0.00793
9	0.02408	0.00914	0.01246	0.00955	0.01370	0.00789	0.00789	0.02616	0.01536	0.78158	0.02118	0.01827	0.01329	0.00664	0.00540	0.00166	0.00457	0.00540	0.00664	0.00914
10	0.01435	0.81458	0.02813	0.00918	0.01378	0.02124	0.00918	0.01607	0.01091	0.01263	0.00746	0.00861	0.00689	0.00459	0.00344	0.00115	0.00574	0.00287	0.00230	0.00689
11	0.01050	0.00991	0.01675	0.71139	0.12124	0.01202	0.01509	0.01403	0.01090	0.01415	0.00960	0.01419	0.00731	0.00530	0.00536	0.00177	0.00707	0.00477	0.00242	0.00625
12	0.00828	0.00591	0.00822	0.00946	0.01053	0.00586	0.00801	0.01048	0.01199	0.01565	0.02863	0.19194	0.03170	0.01518	0.00732	0.00242	0.00462	0.61401	0.00495	0.00484
13	0.00878	0.00574	0.00713	0.00737	0.00859	0.00534	0.00529	0.01078	0.04918	0.09026	0.11238	0.41202	0.17376	0.05024	0.00743	0.00213	0.00332	0.02996	0.00519	0.00510
14	0.06409	0.05159	0.13478	0.01864	0.11266	0.01310	0.32224	0.03352	0.09843	0.06575	0.01247	0.02704	0.00952	0.00536	0.00555	0.00172	0.00713	0.00546	0.00331	0.00764
15	0.01237	0.01273	0.08091	0.07477	0.05997	0.01045	0.23455	0.01634	0.04213	0.05754	0.01108	0.01324	0.00850	0.00465	0.00509	0.00138	0.00623	0.00463	0.00315	0.34028
16	0.75774	0.01037	0.00859	0.00756	0.01077	0.01201	0.00623	0.01627	0.00947	0.06944	0.00828	0.00945	0.00633	0.00530	0.00416	0.00170	0.04370	0.00315	0.00348	0.00602
17	0.01960	0.01359	0.01508	0.04127	0.01629	0.06100	0.00993	0.42825	0.01975	0.19562	0.01404	0.03003	0.01016	0.00692	0.00669	0.00171	0.09155	0.00507	0.00505	0.00839
18	0.00850	0.00665	0.00749	0.00741	0.00795	0.05334	0.00502	0.00932	0.00857	0.01137	0.01541	0.02816	0.01639	0.46436	0.32088	0.00630	0.00902	0.00675	0.00308	0.00403
19	0.01197	0.01140	0.08723	0.00958	0.03854	0.00790	0.00810	0.01474	0.01145	0.06489	0.01029	0.01166	0.00819	0.00428	0.00422	0.00096	0.00448	0.00345	0.00329	0.68339
20	0.01211	0.18119	0.38429	0.01649	0.02293	0.01459	0.26106	0.01688	0.01169	0.01619	0.00960	0.01182	0.00726	0.00481	0.00517	0.00163	0.00786	0.00453	0.00242	0.00750
21	0.00672	0.00488	0.00624	0.00718	0.00772	0.00453	0.00489	0.00778	0.01068	0.01409	0.07236	0.60836	0.11938	0.06540	0.00805	0.00231	0.00322	0.03689	0.00493	0.00437
22	0.13831	0.01769	0.30229	0.06802	0.04950	0.01255	0.11292	0.08556	0.05968	0.03600	0.04869	0.01390	0.01004	0.00565	0.00530	0.00172	0.01677	0.00474	0.00327	0.00741
23	0.06419	0.01246	0.01869	0.09118	0.40390	0.03667	0.06710	0.10511	0.02424	0.01922	0.01158	0.06236	0.00999	0.00580	0.00530	0.00163	0.00621	0.00534	0.00322	0.04583
24	0.00644	0.00517	0.00575	0.00617	0.00745	0.00448	0.00441	0.00767	0.01161	0.01436	0.06012	0.31375	0.50449	0.01466	0.00652	0.00194	0.00285	0.01266	0.00500	0.00448
25	0.00840	0.00570	0.00665	0.00672	0.00747	0.00554	0.00440	0.00996	0.05689	0.04908	0.06001	0.22110	0.12570	0.38985	0.01626	0.00349	0.00416	0.00993	0.00432	0.00437
26	0.07799	0.26736	0.19184	0.04433	0.14756	0.01529	0.01278	0.04031	0.05814	0.05690	0.01023	0.01168	0.00806	0.00528	0.00493	0.00153	0.03132	0.00396	0.00295	0.00754
27	0.01158	0.02750	0.04888	0.13526	0.08087	0.00937	0.04355	0.03374	0.10295	0.10110	0.09938	0.15221	0.07881	0.00953	0.01692	0.00191	0.00506	0.03041	0.00440	0.00656
28	0.00701	0.00547	0.00680	0.00708	0.00807	0.00527	0.00514	0.00848	0.01169	0.01544	0.18801	0.33044	0.26495	0.01573	0.05572	0.00237	0.04093	0.01182	0.00492	0.00466
29	0.01654	0.03117	0.01489	0.16643	0.01923	0.24132	0.05892	0.01857	0.01322	0.20622	0.03736	0.06392	0.01191	0.00729	0.00644	0.04106	0.02962	0.00540	0.00385	0.00664
30	0.10222	0.06342	0.15925	0.10045	0.12747	0.01227	0.11318	0.03603	0.05492	0.04610	0.05839	0.01517	0.01114	0.02881	0.00592	0.00175	0.01694	0.00495	0.00322	0.03842
31	0.08116	0.10130	0.06359	0.01494	0.14607	0.06697	0.03429	0.18334	0.01556	0.19209	0.01256	0.01305	0.00909	0.00559	0.00493	0.00154	0.00595	0.00443	0.00417	0.03939

[dist]
# distance from previous block
# <min> <max>
2	192

[block]
# block no. 9 follows, 45 sequences, length 20
# corresponding to MSA columns:
# 1104-1123
name=unknown_J
#
# <colnr> <probs for GDERKNQSTAVLIFYWHMCP>
#	G	D	E	R	K	N	Q	S	T	A	V	L	I	F	Y	W	H	M	C	P
0	0.01266	0.03380	0.06250	0.09348	0.06311	0.00963	0.04884	0.06201	0.04202	0.09161	0.03879	0.09194	0.01285	0.00632	0.00502	0.00141	0.00508	0.00548	0.00379	0.30969
1	0.04366	0.07105	0.01615	0.22688	0.15293	0.03580	0.04032	0.01644	0.10888	0.03472	0.01302	0.01533	0.03878	0.00625	0.00581	0.04387	0.00580	0.00480	0.00319	0.11633
2	0.01007	0.00997	0.07009	0.12952	0.09685	0.00998	0.01009	0.04078	0.02301	0.01619	0.15806	0.08605	0.02031	0.11996	0.02379	0.00246	0.14100	0.02238	0.00362	0.00581
3	0.01093	0.00905	0.01260	0.17869	0.05658	0.01048	0.00970	0.04372	0.10687	0.04622	0.17658	0.09743	0.02095	0.00995	0.03733	0.00213	0.14085	0.00703	0.00409	0.01881
4	0.01092	0.00961	0.01512	0.63065	0.03170	0.01145	0.01326	0.06920	0.01158	0.01516	0.00978	0.01414	0.00751	0.00630	0.00639	0.06161	0.00667	0.00466	0.00266	0.06165
5	0.01241	0.01406	0.03059	0.02198	0.02719	0.01318	0.72614	0.01678	0.01257	0.01705	0.01166	0.04843	0.00932	0.00505	0.00636	0.00183	0.00880	0.00672	0.00281	0.00712
6	0.01350	0.01139	0.01211	0.01075	0.01377	0.01305	0.00840	0.08216	0.66240	0.02325	0.07123	0.02083	0.01812	0.00747	0.00551	0.00180	0.00426	0.00622	0.00548	0.00832
7	0.00757	0.00516	0.00618	0.00651	0.00668	0.00513	0.00403	0.00797	0.00860	0.01149	0.02015	0.20394	0.02333	0.56953	0.05056	0.00454	0.00508	0.04622	0.00370	0.00364
8	0.00692	0.00508	0.00624	0.00668	0.00746	0.00467	0.00458	0.00817	0.01144	0.01518	0.20284	0.37410	0.18274	0.12725	0.00953	0.00242	0.00320	0.01216	0.00495	0.00440
9	0.00777	0.00536	0.00664	0.00664	0.00691	0.00563	0.00423	0.00831	0.00804	0.01099	0.01620	0.03116	0.01779	0.59330	0.24302	0.00617	0.00780	0.00723	0.00315	0.00369
10	0.02041	0.01504	0.01611	0.01235	0.01665	0.01665	0.01020	0.75997	0.02524	0.03383	0.01289	0.01289	0.00913	0.00644	0.00537	0.00161	0.00591	0.00483	0.00537	0.00913
11	0.02408	0.00914	0.01246	0.00955	0.01370	0.00789	0.00789	0.02616	0.01536	0.78158	0.02118	0.01827	0.01329	0.00664	0.00540	0.00166	0.00457	0.00540	0.00664	0.00914
12	0.01335	0.01153	0.01214	0.01092	0.01396	0.01335	0.00850	0.02852	0.76817	0.02245	0.02185	0.02003	0.01639	0.00728	0.00546	0.00182	0.00425	0.00607	0.00546	0.00850
13	0.00701	0.00501	0.00677	0.00801	0.00853	0.00476	0.00580	0.00828	0.01074	0.01423	0.02933	0.64180	0.03448	0.01638	0.00698	0.00224	0.00352	0.17668	0.00497	0.00449
14	0.05603	0.07173	0.01280	0.01041	0.01343	0.06407	0.00836	0.02393	0.46619	0.07993	0.02078	0.02274	0.04014	0.00774	0.00538	0.00178	0.00476	0.07717	0.00496	0.00767
15	0.03983	0.00540	0.00643	0.00716	0.00805	0.00517	0.00507	0.00897	0.03417	0.01479	0.03215	0.48095	0.17685	0.05479	0.00752	0.00221	0.00332	0.06478	0.03780	0.00459
16	0.11074	0.01110	0.03741	0.01355	0.15655	0.01003	0.00932	0.03991	0.01184	0.10760	0.01069	0.01220	0.00836	0.00508	0.00542	0.00132	0.06452	0.00390	0.00348	0.37699
17	0.09992	0.01764	0.23996	0.01270	0.05474	0.10259	0.01184	0.14276	0.02993	0.07463	0.01146	0.01306	0.00869	0.03382	0.00559	0.00165	0.00631	0.00423	0.03610	0.09239
18	0.21301	0.01410	0.03796	0.01090	0.01475	0.12232	0.03248	0.18388	0.10070	0.17517	0.01338	0.01329	0.00955	0.00593	0.00482	0.00161	0.00569	0.00441	0.00454	0.03151
19	0.33745	0.04445	0.06219	0.01133	0.05394	0.04305	0.03840	0.16445	0.05192	0.08209	0.01159	0.01313	0.00882	0.00578	0.00451	0.00164	0.00533	0.02181	0.03092	0.00720

[dist]
# distance from previous block
# <min> <max>
0	43

[block]
# block no. 10 follows, 45 sequences, length 17
# corresponding to MSA columns:
# 1167-1183
name=unknown_K
#
# <colnr> <probs for GDERKNQSTAVLIFYWHMCP>
#	G	D	E	R	K	N	Q	S	T	A	V	L	I	F	Y	W	H	M	C	P
0	0.22659	0.10682	0.04530	0.07126	0.01580	0.09360	0.02527	0.06522	0.15234	0.01964	0.01109	0.01218	0.00868	0.00557	0.00484	0.00154	0.03119	0.00402	0.00350	0.09554
1	0.01358	0.03809	0.01491	0.01141	0.01475	0.04071	0.15238	0.05429	0.07565	0.15955	0.11536	0.10766	0.08654	0.00819	0.00572	0.00167	0.00509	0.00738	0.00468	0.08239
2	0.03206	0.12973	0.11164	0.06080	0.01436	0.01065	0.00921	0.09587	0.04210	0.01785	0.07875	0.19804	0.05627	0.00946	0.00554	0.00174	0.00489	0.06437	0.00406	0.05261
3	0.29184	0.12105	0.01485	0.01036	0.01413	0.08821	0.04421	0.14927	0.09770	0.10329	0.01171	0.01207	0.00872	0.00565	0.00445	0.00158	0.00549	0.00407	0.00405	0.00730
4	0.06574	0.07075	0.01195	0.00916	0.01189	0.04055	0.04831	0.01556	0.01320	0.20629	0.18535	0.13032	0.05462	0.00927	0.00566	0.00172	0.00438	0.06166	0.00497	0.04867
5	0.00754	0.00571	0.00677	0.00710	0.00825	0.00533	0.00507	0.05915	0.01245	0.01620	0.11964	0.43511	0.26295	0.01446	0.00654	0.00197	0.00312	0.01272	0.00511	0.00482
6	0.01515	0.07687	0.21472	0.09570	0.09509	0.01174	0.04393	0.01859	0.01253	0.24185	0.05141	0.01529	0.01122	0.00611	0.00616	0.00170	0.06549	0.00491	0.00382	0.00773
7	0.01517	0.04355	0.23590	0.12638	0.10532	0.03918	0.02278	0.07257	0.08738	0.17895	0.01342	0.01428	0.00953	0.00573	0.00523	0.00167	0.00644	0.00471	0.00381	0.00801
8	0.00686	0.00541	0.00636	0.00646	0.00785	0.00491	0.00483	0.00852	0.01228	0.01581	0.20765	0.14286	0.41640	0.01622	0.08753	0.00256	0.00400	0.03386	0.00497	0.00467
9	0.00816	0.00855	0.11087	0.00962	0.01150	0.00637	0.00877	0.01060	0.01158	0.01538	0.02772	0.28079	0.07069	0.01407	0.00688	0.00224	0.00466	0.38178	0.00460	0.00514
10	0.01417	0.14108	0.18685	0.05426	0.17364	0.04428	0.04675	0.05833	0.01278	0.09254	0.01069	0.01227	0.00817	0.00504	0.00484	0.00146	0.00639	0.00417	0.00312	0.11918
11	0.01155	0.03014	0.01677	0.25039	0.19086	0.01075	0.08907	0.01429	0.01149	0.07428	0.01621	0.15450	0.05053	0.00783	0.00633	0.00182	0.04613	0.00708	0.00339	0.00657
12	0.01197	0.00796	0.01020	0.11346	0.01406	0.00819	0.00753	0.06155	0.11983	0.14253	0.25525	0.10916	0.09703	0.00958	0.00593	0.00177	0.00400	0.00827	0.00528	0.00645
13	0.52436	0.01181	0.01030	0.03262	0.01257	0.06128	0.00733	0.14098	0.01236	0.02377	0.00916	0.01060	0.00710	0.00563	0.00472	0.00165	0.05315	0.00357	0.06067	0.00635
14	0.01308	0.00817	0.01082	0.00942	0.01186	0.00783	0.04296	0.10405	0.04343	0.17703	0.14405	0.21669	0.02547	0.03567	0.00672	0.00192	0.00426	0.07044	0.00526	0.06087
15	0.07683	0.01056	0.01528	0.39644	0.09598	0.01223	0.03061	0.11318	0.07803	0.01845	0.01233	0.01725	0.00998	0.00751	0.03564	0.00205	0.00662	0.05095	0.00333	0.00674
16	0.57088	0.04528	0.01154	0.06152	0.07616	0.06586	0.00807	0.07366	0.01123	0.02241	0.00830	0.00984	0.00650	0.00513	0.00389	0.00162	0.00511	0.00337	0.00328	0.00637

[dist]
# distance from previous block
# <min> <max>
0	1

[block]
# block no. 11 follows, 45 sequences, length 12
# corresponding to MSA columns:
# 1185-1196
name=unknown_L
#
# <colnr> <probs for GDERKNQSTAVLIFYWHMCP>
#	G	D	E	R	K	N	Q	S	T	A	V	L	I	F	Y	W	H	M	C	P
0	0.01116	0.00968	0.01168	0.00909	0.01309	0.00845	0.03958	0.01621	0.17172	0.01815	0.01540	0.07029	0.04237	0.00598	0.00469	0.00119	0.00415	0.00510	0.00384	0.53820
1	0.01697	0.01313	0.15651	0.01598	0.19445	0.00981	0.01187	0.02059	0.04904	0.35431	0.01725	0.08850	0.01315	0.00689	0.00546	0.00171	0.00547	0.00593	0.00469	0.00830
2	0.00723	0.00542	0.00670	0.00649	0.00782	0.00489	0.00482	0.00938	0.01417	0.01935	0.55513	0.09224	0.22268	0.01198	0.00637	0.00175	0.00261	0.01045	0.00563	0.00489
3	0.00737	0.00534	0.00657	0.00647	0.00772	0.00487	0.00477	0.00946	0.01373	0.01904	0.48875	0.13838	0.19033	0.01193	0.00623	0.00175	0.00264	0.01043	0.05934	0.00487
4	0.01409	0.64496	0.02491	0.08182	0.01573	0.01869	0.00961	0.01605	0.01122	0.05266	0.00976	0.01310	0.00885	0.00545	0.00399	0.00132	0.00576	0.05255	0.00271	0.00679
5	0.00758	0.00569	0.00715	0.00791	0.00874	0.00562	0.00562	0.01046	0.10070	0.01564	0.09799	0.56821	0.05981	0.01491	0.00666	0.00210	0.00330	0.06183	0.00512	0.00496
6	0.08338	0.01425	0.01441	0.01154	0.01543	0.06659	0.00937	0.46184	0.14834	0.09852	0.01444	0.01406	0.01034	0.00643	0.00519	0.00164	0.00562	0.00485	0.00517	0.00857
7	0.01297	0.10543	0.01467	0.11271	0.04940	0.03452	0.03475	0.13446	0.07674	0.06725	0.10858	0.07280	0.11531	0.00821	0.00583	0.00169	0.02677	0.00682	0.00433	0.00676
8	0.06119	0.04526	0.04348	0.04003	0.05308	0.01001	0.00869	0.11494	0.01487	0.24750	0.18056	0.06498	0.02028	0.00782	0.00601	0.00168	0.04228	0.00638	0.00503	0.02591
9	0.04825	0.13602	0.16583	0.04978	0.07124	0.05870	0.01134	0.05447	0.08339	0.13601	0.03478	0.01378	0.01035	0.00559	0.00480	0.00149	0.00585	0.00437	0.00371	0.10027
10	0.04424	0.08378	0.15896	0.01272	0.08477	0.02477	0.01091	0.10497	0.06597	0.15953	0.05189	0.01465	0.01148	0.00574	0.00490	0.00148	0.00547	0.00457	0.00407	0.14514
11	0.07364	0.09515	0.06321	0.03398	0.12093	0.03864	0.00944	0.04749	0.02856	0.08364	0.03437	0.01419	0.02690	0.02237	0.00503	0.00138	0.00514	0.00425	0.00349	0.28817

[dist]
# distance from previous block
# <min> <max>
1	122

[block]
# block no. 12 follows, 45 sequences, length 19
# corresponding to MSA columns:
# 1319-1337
name=unknown_M
#
# <colnr> <probs for GDERKNQSTAVLIFYWHMCP>
#	G	D	E	R	K	N	Q	S	T	A	V	L	I	F	Y	W	H	M	C	P
0	0.13505	0.01729	0.06676	0.01448	0.08514	0.25271	0.07266	0.11171	0.05854	0.09456	0.01131	0.01227	0.00848	0.00555	0.00494	0.00156	0.00698	0.00428	0.00367	0.03207
1	0.06599	0.08576	0.11575	0.03101	0.03719	0.05404	0.00969	0.10254	0.08640	0.10066	0.16312	0.01906	0.01775	0.00680	0.00512	0.00156	0.00518	0.01584	0.00433	0.07221
2	0.05192	0.01453	0.13138	0.01516	0.11226	0.04336	0.08633	0.10669	0.16222	0.13216	0.01538	0.06457	0.01203	0.00654	0.00540	0.00171	0.00593	0.00566	0.00424	0.02253
3	0.01089	0.00814	0.00897	0.00813	0.01008	0.04891	0.00611	0.09812	0.03385	0.06888	0.29459	0.17703	0.09295	0.04806	0.00699	0.00188	0.00382	0.00912	0.00517	0.05831
4	0.01485	0.01113	0.01499	0.10656	0.10219	0.01184	0.05988	0.17600	0.17930	0.12156	0.03876	0.06913	0.05486	0.00738	0.00562	0.00174	0.00534	0.00641	0.00470	0.00776
5	0.00662	0.00473	0.00632	0.00756	0.00791	0.00443	0.00512	0.00761	0.01035	0.01379	0.02954	0.78004	0.03533	0.01674	0.00687	0.00219	0.00318	0.04229	0.00498	0.00438
6	0.01113	0.00954	0.01113	0.00795	0.01272	0.00716	0.00636	0.01352	0.01113	0.01749	0.00954	0.01113	0.00795	0.00398	0.00398	0.00080	0.00398	0.00318	0.00318	0.84417
7	0.01750	0.02993	0.12013	0.01130	0.01624	0.01061	0.05763	0.15789	0.01536	0.28755	0.01429	0.01414	0.00987	0.00557	0.00503	0.00145	0.00545	0.00457	0.00463	0.21087
8	0.71787	0.01119	0.00906	0.00865	0.04106	0.04414	0.00663	0.01702	0.06805	0.02325	0.00872	0.00981	0.00678	0.00517	0.00363	0.00166	0.00447	0.00325	0.00344	0.00614
9	0.00654	0.00467	0.00623	0.00747	0.00779	0.00436	0.00498	0.00747	0.01028	0.01370	0.02959	0.80785	0.03550	0.01682	0.00685	0.00218	0.00311	0.01526	0.00498	0.00436
