[name]
unknown

[dist]
# distance from previous block
# <min> <max>
22	605

[block]
# block no. 0 follows, 33 sequences, length 35
# corresponding to MSA columns:
# 739-773
name=unknown_A
#
# <colnr> <probs for GDERKNQSTAVLIFYWHMCP>
#	G	D	E	R	K	N	Q	S	T	A	V	L	I	F	Y	W	H	M	C	P
0	0.03759	0.04507	0.01765	0.06487	0.16129	0.05008	0.01192	0.08613	0.03281	0.13088	0.04446	0.07068	0.06212	0.00847	0.00660	0.00189	0.01859	0.00706	0.00501	0.13684
1	0.05778	0.03129	0.10541	0.02451	0.29259	0.02769	0.06156	0.10271	0.01660	0.03596	0.05456	0.09828	0.01660	0.00888	0.01816	0.00218	0.00747	0.00740	0.00428	0.02609
2	0.10501	0.03199	0.16790	0.01428	0.01973	0.01555	0.03022	0.24479	0.08207	0.11215	0.01808	0.08247	0.01442	0.00931	0.02071	0.00226	0.00715	0.00682	0.00546	0.00966
3	0.01994	0.13127	0.11635	0.03285	0.02068	0.11641	0.07222	0.07960	0.01703	0.18419	0.01705	0.08171	0.01379	0.00793	0.00626	0.00190	0.00773	0.00650	0.00484	0.06175
4	0.09778	0.06028	0.13842	0.02625	0.01863	0.07262	0.01229	0.10558	0.12670	0.10154	0.07728	0.05873	0.01778	0.00837	0.00622	0.00199	0.00669	0.00663	0.00523	0.05099
5	0.01873	0.06340	0.09812	0.01673	0.10788	0.06454	0.01302	0.12754	0.12156	0.10451	0.03406	0.01753	0.01333	0.00698	0.00607	0.00178	0.00684	0.00560	0.00498	0.16681
6	0.01843	0.06227	0.01582	0.05177	0.06584	0.01223	0.01011	0.14968	0.02923	0.20348	0.16839	0.04588	0.11860	0.01018	0.00687	0.00203	0.00548	0.00849	0.00636	0.00886
7	0.01968	0.26450	0.14752	0.01387	0.01981	0.07724	0.01349	0.19696	0.01896	0.07592	0.03209	0.01470	0.01124	0.00676	0.00563	0.00173	0.00759	0.00491	0.00440	0.06300
8	0.01575	0.16410	0.01628	0.01102	0.01395	0.01289	0.00879	0.14480	0.01696	0.10762	0.02570	0.38150	0.02707	0.01369	0.00700	0.00221	0.00533	0.01178	0.00578	0.00778
9	0.02387	0.02986	0.01832	0.01665	0.02007	0.67830	0.01252	0.02705	0.08003	0.01712	0.01164	0.01299	0.00950	0.00697	0.00600	0.00174	0.01129	0.00452	0.00368	0.00788
10	0.01570	0.01528	0.02686	0.07934	0.36176	0.01578	0.18256	0.06416	0.01549	0.02163	0.01415	0.06860	0.01242	0.00745	0.00817	0.00216	0.06835	0.00721	0.00364	0.00929
11	0.01514	0.06240	0.01415	0.01289	0.05140	0.06947	0.00919	0.14522	0.01717	0.07136	0.02652	0.42082	0.02862	0.01446	0.00736	0.00230	0.00566	0.01260	0.00575	0.00752
12	0.02736	0.01105	0.01467	0.01146	0.01628	0.00975	0.00939	0.03069	0.05510	0.64631	0.02880	0.02532	0.06499	0.00877	0.00670	0.00206	0.00543	0.00716	0.00793	0.01078
13	0.02512	0.01014	0.01377	0.01110	0.01530	0.00884	0.00893	0.02755	0.01806	0.58243	0.08870	0.11559	0.02367	0.01014	0.00694	0.00212	0.00516	0.00857	0.00782	0.01005
14	0.01769	0.21821	0.02728	0.13136	0.16442	0.01712	0.13542	0.02122	0.01498	0.12913	0.01486	0.01918	0.01192	0.00685	0.00628	0.00196	0.00789	0.04119	0.00401	0.00905
15	0.02584	0.01318	0.07395	0.01304	0.01843	0.01033	0.05804	0.02894	0.01797	0.57948	0.02665	0.02410	0.06184	0.00838	0.00675	0.00207	0.00616	0.00704	0.00725	0.01056
16	0.00825	0.00589	0.00790	0.00943	0.00991	0.00554	0.00651	0.00956	0.01283	0.01706	0.03616	0.70358	0.04304	0.02041	0.00846	0.00271	0.00402	0.07723	0.00611	0.00541
17	0.01322	0.01251	0.02118	0.60679	0.18519	0.01483	0.01868	0.01751	0.01354	0.01778	0.01184	0.01729	0.00911	0.00644	0.00657	0.00215	0.00858	0.00585	0.00299	0.00795
18	0.17570	0.01203	0.01489	0.07075	0.01857	0.01177	0.01008	0.07456	0.01778	0.49532	0.02097	0.01936	0.01362	0.00762	0.00614	0.00205	0.00587	0.00594	0.00686	0.01012
19	0.01700	0.01801	0.02941	0.02830	0.23929	0.10464	0.31941	0.05852	0.01657	0.02162	0.01451	0.02102	0.01224	0.00694	0.00721	0.00213	0.00959	0.06079	0.00371	0.00910
20	0.00935	0.00675	0.00912	0.01053	0.01163	0.00652	0.00837	0.01151	0.01409	0.01837	0.03758	0.35925	0.08619	0.01909	0.00872	0.00283	0.00495	0.36332	0.00609	0.00573
21	0.01684	0.01462	0.01725	0.13651	0.12116	0.10247	0.01359	0.16593	0.01859	0.04109	0.02070	0.07344	0.01977	0.01086	0.00730	0.00231	0.00758	0.19672	0.00500	0.00826
22	0.50629	0.06744	0.01464	0.01092	0.01549	0.01736	0.00914	0.23943	0.01769	0.03239	0.01129	0.01232	0.00853	0.00665	0.00489	0.00197	0.00592	0.00432	0.00479	0.00853
23	0.19145	0.17384	0.02104	0.01709	0.13182	0.19267	0.01206	0.09505	0.01636	0.02286	0.01082	0.01261	0.00888	0.00624	0.00527	0.00173	0.00778	0.00437	0.00378	0.06429
24	0.12385	0.01267	0.01449	0.01469	0.09517	0.01345	0.01029	0.15859	0.15913	0.02679	0.02462	0.12586	0.07791	0.01050	0.00664	0.00214	0.00558	0.04808	0.00557	0.06399
25	0.07337	0.02815	0.08257	0.01406	0.07386	0.01155	0.01128	0.03635	0.06759	0.32564	0.08394	0.02144	0.01783	0.00770	0.00624	0.00190	0.00583	0.00630	0.00610	0.11832
26	0.06839	0.00977	0.01095	0.01019	0.01258	0.02537	0.00766	0.12774	0.01679	0.03988	0.12238	0.30845	0.07919	0.01599	0.04768	0.00266	0.00541	0.01186	0.00587	0.07117
27	0.01355	0.01045	0.01172	0.01031	0.01234	0.01132	0.00755	0.10953	0.13605	0.02111	0.02315	0.03225	0.07501	0.31383	0.01859	0.00379	0.07183	0.00815	0.04687	0.06262
28	0.01665	0.02928	0.13323	0.10796	0.03759	0.02823	0.04342	0.10366	0.11295	0.08568	0.01697	0.06629	0.01370	0.00811	0.00746	0.00203	0.05822	0.00658	0.00469	0.11728
29	0.01767	0.01251	0.01830	0.18851	0.19190	0.01319	0.01394	0.07422	0.09064	0.16750	0.07540	0.07135	0.01868	0.00857	0.00680	0.00211	0.00662	0.00753	0.00531	0.00925
30	0.01368	0.00960	0.01220	0.01277	0.06970	0.00946	0.00855	0.13571	0.01628	0.07047	0.02706	0.40846	0.02935	0.08061	0.00977	0.00266	0.00516	0.01282	0.00578	0.05993
31	0.07151	0.01620	0.05671	0.13819	0.09242	0.06362	0.01363	0.10910	0.27783	0.02549	0.01884	0.02176	0.01483	0.00812	0.00652	0.00215	0.00703	0.04164	0.00508	0.00933
32	0.06144	0.12303	0.18922	0.01613	0.07406	0.08316	0.01450	0.06953	0.05334	0.16580	0.01506	0.01568	0.01098	0.00682	0.00616	0.00188	0.02126	0.00515	0.00457	0.06223
33	0.01900	0.11277	0.17136	0.01917	0.04282	0.06438	0.21480	0.10635	0.01744	0.12808	0.01499	0.03330	0.01123	0.00681	0.00658	0.00201	0.00884	0.00624	0.00434	0.00950
34	0.01630	0.05009	0.01331	0.01109	0.01405	0.01038	0.00869	0.10394	0.06368	0.17070	0.04229	0.30700	0.02811	0.01348	0.00728	0.00226	0.00512	0.06517	0.00634	0.06073

[dist]
# distance from previous block
# <min> <max>
24	98

[block]
# block no. 1 follows, 33 sequences, length 8
# corresponding to MSA columns:
# 891,892,900,902-906
name=unknown_B
#
# <colnr> <probs for GDERKNQSTAVLIFYWHMCP>
#	G	D	E	R	K	N	Q	S	T	A	V	L	I	F	Y	W	H	M	C	P
0	0.43602	0.01525	0.15566	0.01094	0.01523	0.01256	0.01049	0.01711	0.01197	0.02424	0.01556	0.15722	0.01509	0.01227	0.06242	0.00283	0.00675	0.00701	0.00416	0.00722
1	0.04252	0.01491	0.01635	0.01358	0.01667	0.07154	0.01087	0.23409	0.04330	0.09867	0.01571	0.01967	0.01294	0.08653	0.08903	0.00343	0.15207	0.00620	0.00502	0.04691
2	0.01646	0.01500	0.02378	0.23439	0.13179	0.01661	0.14782	0.15834	0.07149	0.02401	0.01411	0.01767	0.01085	0.00842	0.03160	0.00244	0.05570	0.00639	0.00410	0.00903
3	0.01471	0.01483	0.02721	0.09712	0.31008	0.01533	0.22526	0.01863	0.01424	0.01990	0.01453	0.08923	0.01317	0.00786	0.00867	0.00222	0.08701	0.00768	0.00349	0.00884
4	0.66041	0.01158	0.00951	0.00859	0.01218	0.01313	0.00695	0.01802	0.01263	0.02893	0.14644	0.01808	0.01769	0.00752	0.00478	0.00204	0.00471	0.00517	0.00468	0.00695
5	0.17755	0.01477	0.02101	0.02881	0.44687	0.01561	0.01569	0.02287	0.14877	0.02429	0.01450	0.01675	0.01162	0.00650	0.00606	0.00203	0.00677	0.00570	0.00408	0.00976
6	0.01470	0.01177	0.01620	0.12452	0.17921	0.01232	0.01228	0.09061	0.10491	0.06712	0.04669	0.11636	0.15429	0.01073	0.00706	0.00217	0.00597	0.00933	0.00529	0.00846
7	0.02326	0.01445	0.02009	0.02049	0.19219	0.04040	0.05634	0.11514	0.06184	0.33249	0.02028	0.02112	0.01442	0.00771	0.00672	0.00205	0.00692	0.02744	0.00612	0.01053

[dist]
# distance from previous block
# <min> <max>
2	14

[block]
# block no. 2 follows, 33 sequences, length 16
# corresponding to MSA columns:
# 921-936
name=unknown_C
#
# <colnr> <probs for GDERKNQSTAVLIFYWHMCP>
#	G	D	E	R	K	N	Q	S	T	A	V	L	I	F	Y	W	H	M	C	P
0	0.14599	0.34970	0.09743	0.01354	0.04595	0.02022	0.01242	0.07101	0.01438	0.04798	0.01078	0.01251	0.00889	0.00654	0.00638	0.00178	0.07498	0.00428	0.00358	0.05165
1	0.01923	0.18477	0.04257	0.01443	0.08098	0.01451	0.03401	0.08833	0.01786	0.22035	0.14945	0.03947	0.04886	0.00875	0.00638	0.00191	0.00602	0.00726	0.00573	0.00913
2	0.09170	0.27220	0.02272	0.01287	0.01750	0.08598	0.01115	0.14517	0.05372	0.15176	0.01435	0.01477	0.01086	0.00723	0.00659	0.00185	0.06057	0.00494	0.00482	0.00926
3	0.01664	0.01314	0.08218	0.01714	0.11191	0.01082	0.07658	0.04703	0.01624	0.18422	0.06440	0.14700	0.02376	0.01097	0.00729	0.00223	0.00645	0.10475	0.00560	0.05165
4	0.02219	0.01703	0.01816	0.01457	0.01933	0.01909	0.01183	0.48548	0.25572	0.03691	0.01941	0.01868	0.01412	0.00824	0.00662	0.00206	0.00658	0.00642	0.00662	0.01094
5	0.00823	0.00607	0.00771	0.00860	0.00950	0.00555	0.00595	0.00983	0.01414	0.01880	0.17265	0.51618	0.15538	0.01863	0.00818	0.00249	0.00361	0.01665	0.00633	0.00555
6	0.01857	0.18199	0.24000	0.01829	0.05958	0.06200	0.12107	0.09005	0.01669	0.11110	0.01359	0.01504	0.01001	0.00643	0.00613	0.00192	0.00864	0.00536	0.00399	0.00957
7	0.01542	0.31413	0.44436	0.01568	0.02369	0.01919	0.01887	0.02079	0.01387	0.04252	0.01127	0.01291	0.00865	0.00608	0.00549	0.00183	0.00857	0.00441	0.00297	0.00929
8	0.00879	0.00624	0.00832	0.00971	0.01033	0.00598	0.00701	0.01029	0.01295	0.01714	0.03452	0.53092	0.04038	0.08800	0.01085	0.00310	0.00460	0.17956	0.00591	0.00540
9	0.00992	0.00683	0.00866	0.00830	0.01000	0.00618	0.00619	0.01256	0.01743	0.05820	0.51476	0.12905	0.15820	0.01448	0.00778	0.00216	0.00334	0.01270	0.00699	0.00626
10	0.01502	0.04987	0.05661	0.53733	0.07969	0.05394	0.01735	0.01914	0.01409	0.07691	0.01274	0.01706	0.00945	0.00662	0.00642	0.00210	0.00859	0.00567	0.00339	0.00801
11	0.01613	0.02587	0.39032	0.11514	0.05743	0.08012	0.10816	0.02191	0.01496	0.08887	0.01324	0.01561	0.00947	0.00642	0.00651	0.00207	0.00950	0.00552	0.00346	0.00929
12	0.01331	0.03334	0.70414	0.01916	0.02875	0.01535	0.05400	0.02086	0.01397	0.02086	0.01188	0.01407	0.00841	0.00622	0.00632	0.00209	0.00979	0.00499	0.00280	0.00969
13	0.01411	0.01341	0.02278	0.44332	0.34173	0.01507	0.01912	0.01829	0.01396	0.01886	0.01200	0.01701	0.00949	0.00627	0.00655	0.00209	0.00836	0.00586	0.00307	0.00867
14	0.01656	0.01754	0.11753	0.01433	0.01837	0.11599	0.03663	0.15249	0.07321	0.04685	0.04987	0.11685	0.04190	0.01145	0.00728	0.00228	0.00728	0.13988	0.00539	0.00831
15	0.10506	0.01707	0.08471	0.01611	0.04517	0.01583	0.08886	0.27817	0.03847	0.21869	0.01733	0.01730	0.01193	0.00733	0.00644	0.00204	0.00721	0.00601	0.00592	0.01034

[dist]
# distance from previous block
# <min> <max>
0	11

[block]
# block no. 3 follows, 33 sequences, length 23
# corresponding to MSA columns:
# 948-970
name=unknown_D
#
# <colnr> <probs for GDERKNQSTAVLIFYWHMCP>
#	G	D	E	R	K	N	Q	S	T	A	V	L	I	F	Y	W	H	M	C	P
0	0.11861	0.07460	0.10369	0.01635	0.09672	0.05726	0.02837	0.09300	0.03118	0.04294	0.01649	0.04344	0.01488	0.01016	0.03335	0.00237	0.03169	0.10287	0.00438	0.07765
1	0.04999	0.27631	0.02386	0.01404	0.01861	0.19905	0.01191	0.21449	0.05889	0.02414	0.01224	0.01331	0.00984	0.00701	0.00619	0.00177	0.04036	0.00469	0.00428	0.00903
2	0.01002	0.00724	0.00988	0.01128	0.01269	0.00710	0.00953	0.01268	0.01478	0.01914	0.03750	0.17262	0.09130	0.01842	0.00889	0.00292	0.00553	0.53649	0.00607	0.00592
3	0.01697	0.66643	0.13513	0.01234	0.01856	0.02450	0.01314	0.01988	0.01345	0.01626	0.00953	0.01104	0.00843	0.00572	0.00452	0.00151	0.00743	0.00371	0.00281	0.00863
4	0.01967	0.05433	0.31064	0.05066	0.02357	0.01539	0.01670	0.19184	0.01909	0.18144	0.01666	0.04293	0.01207	0.00758	0.00642	0.00204	0.00784	0.00599	0.00502	0.01009
5	0.00961	0.00869	0.04325	0.00913	0.01132	0.00747	0.00730	0.01386	0.09401	0.02155	0.25422	0.17878	0.26210	0.01509	0.00774	0.00228	0.00396	0.03678	0.00636	0.00648
6	0.01202	0.01369	0.11757	0.01358	0.01537	0.01347	0.01197	0.01473	0.02964	0.01608	0.01439	0.02356	0.01410	0.18149	0.20010	0.00540	0.28604	0.00681	0.00337	0.00664
7	0.02521	0.01054	0.01415	0.01146	0.01579	0.00942	0.00938	0.02855	0.05157	0.56684	0.08302	0.05394	0.02262	0.00975	0.00695	0.00214	0.00535	0.05536	0.00779	0.01020
8	0.01299	0.01244	0.02154	0.64055	0.11196	0.01484	0.05821	0.01740	0.01348	0.01753	0.01186	0.01744	0.00901	0.00645	0.00664	0.00217	0.00882	0.00596	0.00298	0.00771
9	0.02359	0.13793	0.02093	0.01614	0.01986	0.63926	0.01251	0.02534	0.01790	0.01602	0.01003	0.01168	0.00848	0.00662	0.00569	0.00165	0.01118	0.00414	0.00331	0.00775
10	0.00826	0.00649	0.00746	0.00765	0.00929	0.00569	0.00557	0.01021	0.01550	0.01996	0.24187	0.20843	0.39695	0.01662	0.00791	0.00228	0.00337	0.01437	0.00643	0.00569
11	0.01269	0.01020	0.01231	0.01146	0.01353	0.06020	0.04877	0.08456	0.01715	0.04545	0.21651	0.28144	0.05314	0.02827	0.00828	0.00241	0.00528	0.07544	0.00613	0.00679
12	0.01243	0.01170	0.01975	0.75282	0.04534	0.01463	0.01828	0.01682	0.01316	0.01682	0.01170	0.01755	0.00878	0.00658	0.00658	0.00219	0.00878	0.00585	0.00293	0.00731
13	0.01051	0.00647	0.00871	0.00970	0.01068	0.00600	0.00689	0.01198	0.01349	0.09211	0.03507	0.62363	0.04017	0.01909	0.00828	0.00264	0.00421	0.07800	0.00632	0.00603
14	0.81514	0.01273	0.00968	0.00866	0.01273	0.01477	0.00713	0.01935	0.01120	0.02954	0.00917	0.01069	0.00713	0.00611	0.00407	0.00204	0.00509	0.00356	0.00407	0.00713
15	0.04020	0.01609	0.01984	0.02066	0.19619	0.01735	0.01363	0.31804	0.17447	0.08831	0.01799	0.01824	0.01325	0.00759	0.00654	0.00203	0.00676	0.00624	0.00584	0.01074
16	0.06027	0.01242	0.02017	0.58044	0.14050	0.01498	0.01776	0.01742	0.01320	0.01821	0.01154	0.01686	0.00891	0.00663	0.00696	0.00217	0.03505	0.00572	0.00304	0.00775
17	0.00986	0.00764	0.01147	0.11685	0.01601	0.00892	0.00914	0.01221	0.01082	0.01519	0.01717	0.02684	0.01630	0.13379	0.54747	0.00885	0.01494	0.00720	0.00350	0.00585
18	0.01598	0.07097	0.09592	0.13677	0.44174	0.05836	0.04702	0.02014	0.01474	0.02002	0.01191	0.01564	0.00972	0.00603	0.00636	0.00196	0.00846	0.00558	0.00314	0.00955
19	0.53243	0.01209	0.01194	0.02758	0.05560	0.01415	0.00892	0.01743	0.01153	0.02521	0.01324	0.11998	0.01279	0.00889	0.00714	0.00224	0.10142	0.00621	0.00414	0.00708
20	0.01882	0.01558	0.01770	0.01766	0.11965	0.05862	0.01230	0.19421	0.28100	0.06150	0.02016	0.04637	0.01587	0.01096	0.05047	0.00262	0.03393	0.00693	0.00571	0.00992
21	0.03986	0.28630	0.32589	0.01728	0.02474	0.01911	0.14073	0.02075	0.01406	0.03795	0.01145	0.01356	0.00885	0.00596	0.00576	0.00187	0.00879	0.00493	0.00307	0.00909
22	0.20513	0.01227	0.01150	0.01190	0.05452	0.11463	0.00832	0.01639	0.01467	0.04368	0.16602	0.19183	0.02904	0.04658	0.00781	0.00234	0.00562	0.02714	0.00521	0.02540

[dist]
# distance from previous block
# <min> <max>
1	8

[block]
# block no. 4 follows, 33 sequences, length 7
# corresponding to MSA columns:
# 979-985
name=unknown_E
#
# <colnr> <probs for GDERKNQSTAVLIFYWHMCP>
#	G	D	E	R	K	N	Q	S	T	A	V	L	I	F	Y	W	H	M	C	P
0	0.01889	0.01384	0.02043	0.04744	0.27447	0.01378	0.05138	0.15235	0.01853	0.15428	0.02153	0.07387	0.07060	0.00855	0.00681	0.00204	0.00680	0.00761	0.00523	0.03159
1	0.02428	0.01622	0.01812	0.01379	0.01911	0.01690	0.01136	0.49056	0.02641	0.16266	0.01707	0.01670	0.01191	0.00753	0.00636	0.00185	0.00663	0.00577	0.00650	0.12027
2	0.66003	0.01557	0.01151	0.01017	0.01423	0.11179	0.00821	0.06375	0.01345	0.02851	0.00972	0.01117	0.00757	0.00631	0.00448	0.00199	0.00613	0.00380	0.00414	0.00745
3	0.01331	0.18323	0.06585	0.00989	0.01262	0.01174	0.00840	0.01522	0.01330	0.07940	0.11336	0.08968	0.02598	0.27604	0.01589	0.00353	0.00605	0.04527	0.00471	0.00655
4	0.01997	0.54067	0.08569	0.01196	0.01780	0.02147	0.01194	0.02262	0.01466	0.17904	0.01319	0.01352	0.01023	0.00625	0.00493	0.00160	0.00693	0.00433	0.00403	0.00918
5	0.01849	0.02678	0.47583	0.01668	0.02476	0.01469	0.01942	0.11440	0.01729	0.18550	0.01557	0.01609	0.01053	0.00690	0.00638	0.00206	0.00846	0.00541	0.00451	0.01026
6	0.19725	0.28245	0.32949	0.01389	0.02093	0.01886	0.01593	0.02012	0.01311	0.02099	0.01030	0.01202	0.00810	0.00601	0.00506	0.00184	0.00775	0.00411	0.00309	0.00870

[dist]
# distance from previous block
# <min> <max>
4	10

[block]
# block no. 5 follows, 33 sequences, length 7
# corresponding to MSA columns:
# 998-1004
name=unknown_F
#
# <colnr> <probs for GDERKNQSTAVLIFYWHMCP>
#	G	D	E	R	K	N	Q	S	T	A	V	L	I	F	Y	W	H	M	C	P
0	0.01729	0.05210	0.02053	0.15830	0.27275	0.06990	0.01495	0.02183	0.07179	0.12064	0.06254	0.05663	0.01649	0.00785	0.00657	0.00203	0.00724	0.00688	0.00455	0.00912
1	0.00937	0.00677	0.00914	0.01056	0.01166	0.00654	0.00841	0.01155	0.01411	0.01840	0.03759	0.35279	0.08664	0.01907	0.00872	0.00283	0.00497	0.36906	0.00609	0.00574
2	0.01020	0.00810	0.01124	0.01214	0.06238	0.00887	0.00827	0.01195	0.01210	0.01681	0.08701	0.14175	0.07162	0.17742	0.22239	0.00556	0.08955	0.03222	0.00450	0.00590
3	0.01469	0.01586	0.10371	0.14308	0.02860	0.01394	0.27884	0.02093	0.09686	0.06943	0.01879	0.13088	0.01628	0.00865	0.00729	0.00226	0.00839	0.00866	0.00435	0.00852
4	0.04478	0.15648	0.04945	0.09343	0.10605	0.06277	0.09004	0.12840	0.01692	0.06320	0.01256	0.01494	0.00982	0.00673	0.00710	0.00191	0.06189	0.00534	0.00399	0.06419
5	0.05678	0.04324	0.02258	0.09242	0.07563	0.03752	0.18597	0.02105	0.03517	0.10968	0.01410	0.01636	0.01065	0.00597	0.00614	0.00175	0.00748	0.00564	0.00417	0.24770
6	0.11821	0.06106	0.15389	0.02158	0.19559	0.08638	0.06049	0.07220	0.05089	0.09803	0.01394	0.01552	0.01046	0.00656	0.00609	0.00198	0.00799	0.00539	0.00419	0.00954

[dist]
# distance from previous block
# <min> <max>
2	7

[block]
# block no. 6 follows, 33 sequences, length 54
# corresponding to MSA columns:
# 1018-1071
name=unknown_G
#
# <colnr> <probs for GDERKNQSTAVLIFYWHMCP>
#	G	D	E	R	K	N	Q	S	T	A	V	L	I	F	Y	W	H	M	C	P
0	0.01838	0.11172	0.21363	0.15207	0.11893	0.01598	0.01704	0.09321	0.01657	0.15868	0.01468	0.01631	0.01054	0.00672	0.00621	0.00198	0.00792	0.00546	0.00430	0.00966
1	0.01381	0.01252	0.02013	0.31993	0.21470	0.03456	0.05702	0.01749	0.01455	0.04490	0.07561	0.11108	0.01829	0.00869	0.00694	0.00216	0.00756	0.00803	0.00399	0.00804
2	0.02614	0.01339	0.06069	0.01737	0.14702	0.01110	0.01248	0.02924	0.01784	0.55980	0.02264	0.02078	0.01475	0.00762	0.00658	0.00202	0.00625	0.00638	0.00693	0.01097
3	0.01597	0.01194	0.04146	0.13086	0.10812	0.01136	0.09906	0.01947	0.02951	0.17239	0.04599	0.05217	0.05955	0.09577	0.07406	0.00334	0.00803	0.00793	0.00484	0.00817
4	0.01766	0.01171	0.05699	0.01176	0.01510	0.03208	0.04515	0.05465	0.01628	0.23903	0.15044	0.02944	0.06573	0.06523	0.04363	0.10120	0.02236	0.00796	0.00581	0.00780
5	0.01562	0.05697	0.32795	0.01982	0.02658	0.04219	0.20904	0.02100	0.01459	0.07091	0.03777	0.01666	0.01130	0.00703	0.00838	0.00216	0.09339	0.00606	0.00351	0.00906
6	0.01467	0.01233	0.01948	0.42264	0.11109	0.01383	0.05132	0.06657	0.03176	0.07138	0.02025	0.02341	0.09743	0.00794	0.00679	0.00215	0.00771	0.00703	0.00410	0.00815
7	0.01772	0.04661	0.41259	0.01751	0.02495	0.03986	0.05301	0.15894	0.01779	0.08913	0.01369	0.01512	0.00974	0.00700	0.00716	0.00208	0.04778	0.00537	0.00408	0.00988
8	0.01451	0.09682	0.11219	0.26550	0.13182	0.01685	0.03198	0.04306	0.05595	0.01928	0.01250	0.01649	0.01004	0.00900	0.04044	0.00251	0.10359	0.00566	0.00333	0.00847
9	0.02092	0.01472	0.02252	0.16115	0.02705	0.03077	0.16987	0.16304	0.01912	0.22976	0.03453	0.01919	0.01303	0.00743	0.00744	0.00212	0.03576	0.00664	0.00539	0.00956
10	0.01655	0.01530	0.10727	0.18097	0.13464	0.01345	0.08073	0.04391	0.06945	0.14077	0.02068	0.03621	0.05679	0.00830	0.00690	0.00217	0.00755	0.04458	0.00470	0.00905
11	0.02115	0.01254	0.01928	0.01643	0.06359	0.01192	0.13191	0.10358	0.01830	0.31446	0.02396	0.03083	0.03669	0.04632	0.00854	0.00243	0.00695	0.11548	0.00623	0.00942
12	0.00948	0.00680	0.00872	0.03593	0.01113	0.00630	0.00651	0.01186	0.01627	0.04504	0.38009	0.22446	0.18204	0.01540	0.00784	0.00225	0.00362	0.01355	0.00662	0.00608
13	0.09160	0.01859	0.01787	0.05534	0.09688	0.21963	0.01254	0.12907	0.01882	0.19442	0.01611	0.01850	0.01218	0.00777	0.00679	0.00200	0.03249	0.03505	0.00515	0.00920
14	0.01705	0.16279	0.30180	0.08841	0.09320	0.01705	0.03623	0.07003	0.03201	0.10111	0.01363	0.01530	0.01002	0.00651	0.00605	0.00195	0.00825	0.00521	0.00382	0.00959
15	0.01719	0.01451	0.01756	0.18622	0.02367	0.07050	0.01318	0.10349	0.12900	0.08441	0.01677	0.06457	0.01384	0.00936	0.01024	0.00230	0.18740	0.00685	0.02045	0.00847
16	0.01473	0.13111	0.02407	0.07266	0.37822	0.01523	0.04607	0.01816	0.01460	0.01969	0.01810	0.05096	0.03693	0.00876	0.00676	0.00211	0.00734	0.12185	0.00383	0.00881
17	0.08648	0.01433	0.02336	0.15598	0.24216	0.03753	0.15306	0.02048	0.01478	0.10579	0.01515	0.06195	0.01240	0.00740	0.00697	0.01443	0.00800	0.00685	0.00404	0.00885
18	0.01187	0.00927	0.04059	0.01296	0.01477	0.00836	0.13839	0.01208	0.01117	0.01499	0.01661	0.07195	0.01682	0.05455	0.01895	0.44165	0.00684	0.08976	0.00359	0.00484
19	0.07748	0.38383	0.13737	0.01499	0.06364	0.04387	0.01383	0.15454	0.01701	0.02285	0.01110	0.01252	0.00900	0.00626	0.00519	0.00171	0.00755	0.00437	0.00369	0.00919
20	0.01773	0.05611	0.17520	0.02704	0.34751	0.03466	0.03154	0.02351	0.08102	0.11898	0.01528	0.01703	0.01154	0.00656	0.00639	0.00199	0.00781	0.00578	0.00413	0.01018
21	0.01631	0.00971	0.01430	0.20508	0.05552	0.00985	0.01116	0.01917	0.01602	0.22260	0.17449	0.03250	0.07527	0.01087	0.00823	0.05073	0.00587	0.04867	0.00577	0.00786
22	0.01428	0.01405	0.10107	0.01319	0.01691	0.01275	0.01176	0.02544	0.35648	0.04918	0.09050	0.03860	0.02707	0.01144	0.00737	0.00240	0.00581	0.18671	0.00615	0.00882
23	0.02084	0.01643	0.02701	0.03824	0.02607	0.01676	0.30281	0.23586	0.02051	0.15361	0.01600	0.01775	0.01137	0.00716	0.00807	0.00215	0.05751	0.00681	0.00516	0.00987
24	0.01594	0.01457	0.02301	0.28713	0.40311	0.04197	0.01840	0.02032	0.03629	0.05682	0.01321	0.01714	0.01038	0.00636	0.00653	0.00204	0.00811	0.00589	0.00351	0.00927
25	0.01278	0.00685	0.00705	0.00686	0.00855	0.00695	0.00517	0.05655	0.01477	0.02510	0.02202	0.06850	0.01814	0.00846	0.00495	0.00163	0.00336	0.00688	0.70903	0.00639
26	0.05647	0.01043	0.01661	0.06682	0.01823	0.01044	0.13442	0.06558	0.01331	0.07103	0.01434	0.02138	0.01242	0.01435	0.01522	0.36024	0.00696	0.04205	0.00390	0.04578
27	0.01109	0.00738	0.01042	0.04861	0.01225	0.00810	0.00766	0.01155	0.02943	0.03374	0.02021	0.23211	0.02176	0.06904	0.08994	0.29154	0.07614	0.00985	0.00416	0.00499
28	0.01197	0.00599	0.00701	0.00701	0.00799	0.00599	0.00500	0.01292	0.01194	0.01986	0.01789	0.02292	0.01493	0.01310	0.01215	0.28983	0.00401	0.00599	0.51854	0.00497
29	0.01039	0.00781	0.01017	0.01088	0.01281	0.00740	0.00902	0.01344	0.03535	0.01946	0.03575	0.17390	0.10672	0.01676	0.00834	0.00265	0.00528	0.41877	0.00587	0.08922
30	0.16372	0.09649	0.19151	0.02287	0.22041	0.01670	0.09546	0.04353	0.01432	0.02271	0.01144	0.01415	0.00904	0.00614	0.00628	0.00198	0.02793	0.00514	0.00338	0.02679
31	0.02503	0.01844	0.01976	0.01515	0.02042	0.02042	0.01251	0.70562	0.03095	0.04149	0.01581	0.01581	0.01120	0.00790	0.00659	0.00198	0.00724	0.00593	0.00659	0.01120
32	0.01725	0.16118	0.04975	0.01414	0.06066	0.05875	0.02826	0.15024	0.01732	0.02365	0.01280	0.03811	0.01079	0.00636	0.00548	0.00148	0.00666	0.00497	0.00415	0.32800
33	0.08714	0.01758	0.05975	0.04222	0.05026	0.12936	0.01217	0.18615	0.05830	0.18947	0.05627	0.02109	0.01573	0.00820	0.00644	0.00203	0.00727	0.03532	0.00574	0.00950
34	0.00957	0.00638	0.00718	0.00718	0.00718	0.00638	0.00399	0.00957	0.00957	0.01276	0.02074	0.04308	0.02393	0.76864	0.03351	0.00638	0.00638	0.00957	0.00399	0.00399
35	0.01680	0.06221	0.06838	0.09479	0.44883	0.01655	0.04306	0.10351	0.01659	0.02312	0.01252	0.01582	0.01010	0.00614	0.00637	0.00193	0.00792	0.00568	0.00360	0.03606
36	0.07148	0.01754	0.11255	0.07590	0.44544	0.01539	0.09936	0.02054	0.01468	0.04665	0.01264	0.01608	0.01000	0.00602	0.00647	0.00202	0.00823	0.00583	0.00342	0.00977
37	0.01392	0.05418	0.06522	0.14248	0.06501	0.01811	0.01541	0.01646	0.01139	0.01664	0.01061	0.03175	0.00985	0.01157	0.04756	0.00291	0.45044	0.00595	0.00300	0.00754
38	0.01014	0.00791	0.01172	0.08243	0.01547	0.00805	0.04962	0.04734	0.01378	0.01836	0.02971	0.49398	0.03374	0.01930	0.05276	0.02072	0.00596	0.06750	0.00543	0.00608
39	0.00957	0.00701	0.00920	0.01015	0.01130	0.00688	0.00773	0.01277	0.05992	0.02016	0.16476	0.37843	0.04386	0.01780	0.00838	0.00264	0.00444	0.21263	0.00635	0.00605
40	0.00836	0.00632	0.00772	0.00815	0.00945	0.00568	0.00582	0.01028	0.01521	0.02012	0.26214	0.33259	0.24984	0.01720	0.00802	0.00235	0.00345	0.01515	0.00647	0.00568
41	0.02459	0.01523	0.01808	0.01527	0.06077	0.01599	0.01177	0.39503	0.04853	0.24676	0.01916	0.01876	0.01332	0.01048	0.05263	0.00254	0.00736	0.00626	0.00667	0.01079
42	0.01097	0.00728	0.00954	0.01038	0.01161	0.00707	0.00777	0.05514	0.01472	0.06161	0.03406	0.51286	0.03858	0.01852	0.00834	0.00268	0.00466	0.17175	0.00625	0.00623
43	0.69053	0.01312	0.01081	0.00945	0.01362	0.01504	0.00775	0.06366	0.05465	0.05488	0.01122	0.01225	0.00848	0.00646	0.00448	0.00204	0.00525	0.00405	0.00453	0.00772
44	0.01475	0.09063	0.53600	0.01763	0.02605	0.08485	0.04289	0.02097	0.01434	0.02002	0.01149	0.01355	0.00852	0.00613	0.00601	0.00192	0.00941	0.00472	0.00294	0.06717
45	0.01368	0.01293	0.01568	0.01512	0.05736	0.08494	0.01118	0.03749	0.01197	0.01643	0.01367	0.02191	0.01336	0.13376	0.23101	0.00545	0.28736	0.00657	0.00343	0.00671
46	0.01583	0.01084	0.01259	0.01126	0.01426	0.01143	0.00870	0.06373	0.29321	0.12910	0.21178	0.12058	0.03297	0.01136	0.00714	0.00219	0.00462	0.00977	0.01986	0.00878
47	0.01440	0.01077	0.01330	0.01192	0.01438	0.01213	0.00938	0.21952	0.05869	0.02381	0.01871	0.06180	0.01677	0.05776	0.41713	0.00697	0.01270	0.00743	0.00478	0.00764
48	0.00843	0.00604	0.00805	0.00917	0.00985	0.00565	0.00640	0.01007	0.01394	0.01886	0.17104	0.58256	0.04684	0.01907	0.00832	0.00258	0.00381	0.05741	0.00633	0.00556
49	0.02120	0.00957	0.01271	0.01050	0.01414	0.00859	0.00839	0.04177	0.01814	0.43083	0.19215	0.06984	0.07266	0.01261	0.04347	0.00251	0.00542	0.00895	0.00743	0.00911
50	0.01042	0.00776	0.01112	0.01354	0.09844	0.00751	0.00901	0.01276	0.01459	0.03724	0.14284	0.31606	0.06856	0.01815	0.04635	0.00295	0.00544	0.16497	0.00585	0.00645
51	0.01664	0.01140	0.01455	0.04961	0.01738	0.01008	0.03262	0.02153	0.10102	0.17110	0.08761	0.02276	0.04869	0.00751	0.00606	0.00162	0.00525	0.00635	0.00548	0.36276
52	0.01987	0.04000	0.01740	0.01387	0.04093	0.12599	0.01077	0.17194	0.05335	0.09915	0.01439	0.01534	0.01099	0.00678	0.00659	0.00162	0.04584	0.00501	0.00489	0.29528
53	0.15591	0.01332	0.01705	0.22598	0.07773	0.01452	0.01288	0.13229	0.06229	0.15454	0.01555	0.01710	0.01117	0.00699	0.00606	0.00201	0.00678	0.00560	0.00499	0.05724

[dist]
# distance from previous block
# <min> <max>
5	11

[block]
# block no. 7 follows, 33 sequences, length 38
# corresponding to MSA columns:
# 1086-1104,1106-1124
name=unknown_H
#
# <colnr> <probs for GDERKNQSTAVLIFYWHMCP>
#	G	D	E	R	K	N	Q	S	T	A	V	L	I	F	Y	W	H	M	C	P
0	0.44343	0.01236	0.01149	0.06867	0.01564	0.04958	0.00841	0.04356	0.01331	0.10390	0.01535	0.09478	0.01373	0.07154	0.00765	0.00246	0.00584	0.00630	0.00470	0.00732
1	0.01477	0.01539	0.02726	0.02109	0.02395	0.01798	0.30188	0.01801	0.01255	0.01848	0.01125	0.01632	0.00962	0.00883	0.01496	0.00254	0.40692	0.00662	0.04374	0.00785
2	0.01215	0.00710	0.00746	0.00734	0.00894	0.00732	0.00539	0.01666	0.09576	0.02353	0.05537	0.06831	0.02143	0.07455	0.00770	0.00212	0.00365	0.00755	0.56126	0.00641
3	0.01028	0.00692	0.00906	0.00908	0.01055	0.00689	0.00684	0.01241	0.01363	0.05795	0.13792	0.14340	0.14436	0.07124	0.24432	0.00518	0.00837	0.04481	0.05077	0.00601
4	0.00783	0.00648	0.00686	0.00717	0.00902	0.00552	0.00522	0.00939	0.01453	0.01759	0.06065	0.20273	0.58943	0.01746	0.00790	0.00231	0.00343	0.01485	0.00611	0.00552
5	0.01295	0.00749	0.00992	0.00896	0.01110	0.00680	0.00684	0.01584	0.01833	0.15520	0.55712	0.08484	0.05266	0.01289	0.00759	0.00210	0.00360	0.01132	0.00735	0.00708
6	0.01346	0.01149	0.01344	0.00973	0.01539	0.00866	0.00774	0.01632	0.01361	0.02129	0.01255	0.03970	0.01092	0.00542	0.00500	0.00103	0.00484	0.00441	0.00398	0.78100
7	0.00986	0.00744	0.00860	0.00872	0.01050	0.01960	0.00657	0.01255	0.04033	0.04521	0.22272	0.20204	0.28484	0.01606	0.00792	0.00234	0.00394	0.07817	0.00644	0.00614
8	0.01622	0.18632	0.27738	0.05387	0.13738	0.01794	0.10988	0.06207	0.01535	0.04628	0.01227	0.01465	0.00939	0.00615	0.00611	0.00193	0.00869	0.00529	0.00336	0.00948
9	0.01473	0.01500	0.01963	0.01695	0.01719	0.05964	0.01402	0.01623	0.01058	0.01583	0.00915	0.01480	0.00900	0.01303	0.05451	0.00318	0.68068	0.00574	0.00294	0.00716
10	0.01876	0.01208	0.01398	0.01183	0.01549	0.01260	0.00937	0.15217	0.22867	0.18679	0.17513	0.06110	0.05232	0.01031	0.00700	0.00213	0.00510	0.00864	0.00707	0.00945
11	0.07062	0.13791	0.10174	0.01148	0.01639	0.01397	0.01073	0.09437	0.01640	0.17995	0.01659	0.01735	0.01219	0.00703	0.00586	0.00175	0.02682	0.00525	0.16550	0.08811
12	0.02602	0.01685	0.01877	0.01439	0.01962	0.01806	0.01189	0.55769	0.02829	0.19318	0.01804	0.01726	0.01232	0.00796	0.00659	0.00199	0.00688	0.00608	0.00693	0.01120
13	0.01256	0.00872	0.01037	0.00995	0.01164	0.00903	0.00728	0.06113	0.11976	0.06142	0.09638	0.14358	0.04866	0.24439	0.05622	0.00405	0.00603	0.07652	0.00567	0.00661
14	0.01624	0.01193	0.01307	0.01143	0.01466	0.03559	0.00892	0.09087	0.27669	0.11081	0.25264	0.03333	0.07449	0.01060	0.00706	0.00211	0.00488	0.00892	0.00689	0.00885
15	0.15155	0.01715	0.09945	0.05523	0.02491	0.01545	0.22973	0.12618	0.01734	0.15773	0.01501	0.01665	0.01060	0.00676	0.00689	0.00212	0.02703	0.00612	0.00475	0.00934
16	0.01985	0.00867	0.01112	0.00948	0.01266	0.00785	0.00755	0.02256	0.01686	0.36354	0.12022	0.07058	0.02498	0.00979	0.00637	0.00197	0.00444	0.03170	0.24126	0.00853
17	0.06625	0.45321	0.15837	0.01337	0.01941	0.08891	0.01366	0.08412	0.01546	0.01979	0.01035	0.01179	0.00861	0.00609	0.00496	0.00165	0.00788	0.00406	0.00329	0.00878
18	0.01429	0.10968	0.51802	0.01735	0.02572	0.01615	0.05839	0.06137	0.01500	0.02141	0.01439	0.01615	0.04182	0.00668	0.00616	0.00198	0.00890	0.00533	0.00324	0.03797
19	0.01758	0.10447	0.25940	0.01997	0.02705	0.06640	0.25042	0.06497	0.01627	0.09094	0.01356	0.01566	0.00988	0.00627	0.00658	0.00202	0.00949	0.00590	0.00377	0.00940
20	0.01186	0.00815	0.01017	0.00929	0.01142	0.00796	0.00709	0.01719	0.12058	0.07931	0.56996	0.04358	0.05255	0.01240	0.00752	0.00209	0.00360	0.01086	0.00723	0.00720
21	0.01399	0.08418	0.01304	0.02648	0.01263	0.04771	0.00788	0.05515	0.05314	0.04268	0.06648	0.02519	0.06038	0.01729	0.05849	0.32596	0.00652	0.02120	0.05576	0.00582
22	0.11107	0.11078	0.28459	0.04692	0.02161	0.05148	0.01537	0.02205	0.01458	0.16383	0.02972	0.01655	0.01160	0.00993	0.06033	0.00260	0.00854	0.00523	0.00421	0.00900
23	0.01351	0.08575	0.68552	0.01824	0.02768	0.01604	0.02341	0.02077	0.01386	0.02047	0.01163	0.01367	0.00835	0.00621	0.00611	0.00204	0.00954	0.00477	0.00278	0.00964
24	0.00839	0.00645	0.00770	0.00803	0.00951	0.00576	0.00586	0.01038	0.01540	0.02012	0.25135	0.25852	0.31327	0.01689	0.00800	0.00233	0.00349	0.03639	0.00645	0.00571
25	0.01905	0.01891	0.14348	0.06034	0.07749	0.06891	0.09201	0.06576	0.10478	0.16531	0.01650	0.01781	0.01202	0.00766	0.00845	0.00217	0.09889	0.00613	0.00475	0.00956
26	0.01410	0.01224	0.01989	0.47287	0.13399	0.01402	0.04057	0.05896	0.01502	0.04491	0.04687	0.05221	0.01365	0.00755	0.00671	0.00214	0.00791	0.00681	0.02156	0.00801
27	0.00954	0.00650	0.00756	0.00764	0.00790	0.00652	0.00467	0.00993	0.01020	0.01354	0.02348	0.04475	0.05671	0.64788	0.07371	0.00625	0.00690	0.04784	0.00418	0.00429
28	0.01578	0.01656	0.03254	0.05953	0.35626	0.01611	0.36221	0.02053	0.01520	0.02113	0.01283	0.01707	0.01015	0.00573	0.00715	0.00210	0.00950	0.00682	0.00328	0.00954
29	0.03664	0.04454	0.01990	0.08722	0.15983	0.02975	0.03085	0.14112	0.18201	0.11068	0.04234	0.01966	0.01489	0.00781	0.00722	0.00209	0.04191	0.00641	0.00531	0.00982
30	0.02699	0.01376	0.01658	0.01278	0.01777	0.01366	0.01053	0.29153	0.02329	0.43214	0.02183	0.01996	0.01435	0.00803	0.00651	0.00199	0.00612	0.00633	0.04488	0.01096
31	0.00801	0.00576	0.00761	0.00909	0.00953	0.00535	0.00608	0.00918	0.01268	0.01684	0.03727	0.74168	0.06557	0.02050	0.00838	0.00266	0.00380	0.01856	0.00611	0.00535
32	0.01662	0.01402	0.06207	0.32450	0.02916	0.04708	0.01421	0.04349	0.13302	0.14075	0.07828	0.03498	0.01716	0.00811	0.00669	0.00214	0.00723	0.00686	0.00499	0.00864
33	0.01849	0.01541	0.06401	0.24083	0.17586	0.03302	0.04825	0.09170	0.06740	0.15544	0.01606	0.01817	0.01161	0.00696	0.00660	0.00208	0.00781	0.00611	0.00464	0.00953
34	0.01031	0.00748	0.01001	0.01128	0.01259	0.00752	0.00926	0.01363	0.05313	0.01912	0.03392	0.21778	0.03732	0.06077	0.01020	0.00310	0.00555	0.46500	0.00599	0.00603
35	0.01470	0.00709	0.00889	0.00820	0.00967	0.00682	0.00583	0.01543	0.01239	0.15476	0.01947	0.02715	0.01693	0.18362	0.03719	0.21185	0.00539	0.00692	0.24193	0.00578
36	0.10559	0.04212	0.15532	0.06476	0.10549	0.01459	0.07700	0.06472	0.01612	0.23134	0.01589	0.01694	0.01116	0.00703	0.00699	0.00208	0.04261	0.00574	0.00485	0.00966
37	0.02032	0.01656	0.04790	0.06289	0.29706	0.01656	0.05800	0.24321	0.02042	0.11293	0.01505	0.01690	0.01116	0.00695	0.00695	0.00202	0.02377	0.00605	0.00489	0.01042

[dist]
# distance from previous block
# <min> <max>
1	74

[block]
# block no. 8 follows, 33 sequences, length 13
# corresponding to MSA columns:
# 1202-1214
name=unknown_I
#
# <colnr> <probs for GDERKNQSTAVLIFYWHMCP>
#	G	D	E	R	K	N	Q	S	T	A	V	L	I	F	Y	W	H	M	C	P
0	0.47065	0.06031	0.08233	0.01434	0.08643	0.08748	0.01135	0.05162	0.01355	0.02583	0.01011	0.01204	0.00802	0.00643	0.00551	0.00199	0.03601	0.00417	0.00380	0.00801
1	0.06974	0.01279	0.01995	0.05309	0.26535	0.01331	0.08181	0.04872	0.04892	0.03584	0.01862	0.06176	0.01722	0.01171	0.05240	0.00276	0.02829	0.11527	0.03395	0.00851
2	0.26141	0.05961	0.01762	0.01412	0.05739	0.01791	0.01103	0.36716	0.02214	0.09110	0.01406	0.01453	0.01019	0.00714	0.00569	0.00197	0.00649	0.00513	0.00555	0.00977
3	0.01048	0.00698	0.00892	0.00904	0.01070	0.00656	0.00715	0.01328	0.01650	0.04914	0.33883	0.09701	0.11438	0.01458	0.00775	0.00230	0.00401	0.18128	0.09488	0.00623
4	0.00867	0.00646	0.00806	0.00817	0.00956	0.00586	0.00593	0.01098	0.01635	0.02217	0.41263	0.23254	0.19654	0.01594	0.00793	0.00225	0.00333	0.01404	0.00672	0.00586
5	0.00957	0.00638	0.00718	0.00718	0.00718	0.00638	0.00399	0.00957	0.00957	0.01276	0.02074	0.04308	0.02393	0.76864	0.03351	0.00638	0.00638	0.00957	0.00399	0.00399
6	0.00963	0.00684	0.00850	0.00921	0.01041	0.00651	0.00662	0.01216	0.05432	0.04269	0.08234	0.42567	0.15072	0.06399	0.00971	0.00278	0.00422	0.08161	0.00615	0.00592
7	0.01320	0.03405	0.73453	0.01876	0.02849	0.01529	0.02432	0.02085	0.01390	0.02085	0.01181	0.01390	0.00834	0.00625	0.00625	0.00208	0.00973	0.00486	0.00278	0.00973
8	0.01559	0.01486	0.02221	0.09947	0.02492	0.01649	0.19834	0.02802	0.40489	0.02388	0.02035	0.02131	0.01540	0.00792	0.00791	0.00227	0.05432	0.00725	0.00513	0.00946
9	0.06974	0.01147	0.01257	0.01131	0.01443	0.01259	0.00878	0.02640	0.40240	0.06545	0.25271	0.03151	0.03269	0.01017	0.00686	0.00216	0.00454	0.00859	0.00678	0.00887
10	0.09117	0.01070	0.01255	0.03087	0.01456	0.01172	0.00915	0.16396	0.04495	0.05205	0.02410	0.24908	0.02488	0.07125	0.03670	0.00302	0.05308	0.08325	0.00558	0.00738
11	0.06557	0.20701	0.04775	0.04441	0.06765	0.03547	0.05032	0.04917	0.01579	0.19813	0.03014	0.05684	0.01376	0.00738	0.00584	0.00181	0.00670	0.00598	0.00482	0.08548
12	0.01674	0.01230	0.01515	0.05281	0.05753	0.01140	0.00993	0.06391	0.13427	0.12152	0.07046	0.01988	0.01644	0.00699	0.00593	0.00160	0.00542	0.00582	0.00529	0.36661

[dist]
# distance from previous block
# <min> <max>
0	6

[block]
# block no. 9 follows, 33 sequences, length 14
# corresponding to MSA columns:
# 1221-1234
name=unknown_J
#
# <colnr> <probs for GDERKNQSTAVLIFYWHMCP>
#	G	D	E	R	K	N	Q	S	T	A	V	L	I	F	Y	W	H	M	C	P
0	0.16394	0.04272	0.01923	0.01904	0.15930	0.07683	0.01308	0.11793	0.01626	0.12260	0.01305	0.01508	0.01013	0.00783	0.00930	0.00215	0.17271	0.00532	0.00447	0.00903
1	0.13826	0.01359	0.01950	0.24294	0.16933	0.01469	0.03955	0.10363	0.01653	0.15775	0.01470	0.01698	0.01062	0.00678	0.00624	0.00207	0.00733	0.00574	0.00460	0.00917
2	0.01478	0.01164	0.01864	0.09679	0.29117	0.01159	0.05171	0.01755	0.01406	0.09898	0.02167	0.07570	0.07561	0.15737	0.01212	0.00294	0.00693	0.00830	0.00435	0.00811
3	0.01266	0.01101	0.01614	0.42316	0.05909	0.05433	0.01382	0.01484	0.01230	0.01560	0.01331	0.06248	0.01189	0.01330	0.04538	0.19648	0.00830	0.00654	0.00317	0.00620
4	0.01486	0.01576	0.02773	0.02152	0.02422	0.01874	0.29346	0.01797	0.01229	0.01797	0.01054	0.01576	0.00919	0.00910	0.01600	0.00261	0.45477	0.00657	0.00306	0.00788
5	0.01944	0.01397	0.01536	0.01324	0.01733	0.01551	0.01046	0.08955	0.53475	0.15476	0.02574	0.02346	0.01869	0.00871	0.00668	0.00218	0.00545	0.00717	0.00695	0.01062
6	0.01197	0.00963	0.01449	0.16593	0.16178	0.00996	0.01131	0.01482	0.01469	0.04560	0.19579	0.06080	0.09009	0.12147	0.02790	0.00295	0.00621	0.02269	0.00487	0.00705
7	0.00867	0.00678	0.00799	0.00855	0.01029	0.00610	0.00670	0.01073	0.01501	0.01884	0.10718	0.16116	0.40024	0.01735	0.00820	0.00248	0.00409	0.18772	0.00619	0.00571
8	0.01390	0.08017	0.59514	0.01757	0.02625	0.01614	0.02166	0.02260	0.10478	0.02136	0.01358	0.01506	0.00987	0.00656	0.00618	0.00206	0.00897	0.00511	0.00329	0.00973
9	0.01583	0.00738	0.00844	0.00759	0.00999	0.00693	0.00590	0.01870	0.01533	0.18817	0.06639	0.02780	0.06142	0.00865	0.00544	0.00172	0.00367	0.00705	0.52633	0.00728
10	0.00925	0.00727	0.00842	0.00803	0.01001	0.00672	0.00605	0.01296	0.06995	0.02309	0.41227	0.05290	0.32012	0.01438	0.00769	0.00214	0.00336	0.01235	0.00676	0.00627
11	0.01549	0.01164	0.01384	0.00998	0.01574	0.00888	0.00802	0.01837	0.01425	0.10351	0.01335	0.01466	0.01051	0.00525	0.00508	0.00110	0.00496	0.00421	0.00439	0.71678
12	0.00892	0.00666	0.00828	0.00799	0.00962	0.00603	0.00595	0.01161	0.01753	0.02404	0.54643	0.09083	0.20278	0.01453	0.00780	0.00214	0.00319	0.01270	0.00694	0.00603
13	0.01551	0.14782	0.01859	0.01279	0.07561	0.01269	0.00963	0.01877	0.03291	0.05885	0.01248	0.01409	0.01021	0.00538	0.00504	0.00123	0.00556	0.00424	0.00396	0.53466

[dist]
# distance from previous block
# <min> <max>
1	4

[block]
# block no. 10 follows, 33 sequences, length 17
# corresponding to MSA columns:
# 1239-1255
name=unknown_K
#
# <colnr> <probs for GDERKNQSTAVLIFYWHMCP>
#	G	D	E	R	K	N	Q	S	T	A	V	L	I	F	Y	W	H	M	C	P
0	0.03811	0.01215	0.05773	0.04429	0.01742	0.03085	0.05739	0.09060	0.01618	0.09058	0.02530	0.25214	0.02580	0.01307	0.00745	0.00234	0.00619	0.13792	0.00552	0.06896
1	0.01760	0.77260	0.03450	0.01126	0.01690	0.02605	0.01126	0.01971	0.01338	0.01549	0.00915	0.01056	0.00845	0.00563	0.00422	0.00141	0.00704	0.00352	0.00282	0.00845
2	0.01874	0.01004	0.01281	0.01121	0.01451	0.00990	0.00893	0.02450	0.15705	0.30414	0.11874	0.07055	0.04682	0.01563	0.09714	0.00323	0.00654	0.05374	0.00687	0.00892
3	0.01462	0.01332	0.05901	0.05723	0.01921	0.00997	0.04350	0.01803	0.01405	0.06508	0.01267	0.01465	0.01002	0.00530	0.00531	0.00124	0.00576	0.00444	0.00401	0.62258
4	0.00872	0.00639	0.00834	0.00965	0.01061	0.00601	0.00723	0.01047	0.01367	0.01776	0.04021	0.46917	0.13890	0.01937	0.00851	0.00271	0.00439	0.20621	0.00610	0.00558
5	0.00946	0.00682	0.00941	0.00941	0.01018	0.00759	0.00677	0.01100	0.01023	0.01441	0.01871	0.03180	0.01904	0.29742	0.49803	0.00913	0.01375	0.00792	0.00369	0.00523
6	0.00938	0.00637	0.00717	0.00725	0.00741	0.00628	0.00416	0.00954	0.01007	0.01329	0.02440	0.08235	0.06833	0.68269	0.03059	0.00593	0.00606	0.01032	0.00423	0.00416
7	0.01595	0.01529	0.02610	0.10361	0.66705	0.01555	0.02003	0.01990	0.01483	0.02109	0.01232	0.01641	0.01028	0.00593	0.00652	0.00198	0.00791	0.00586	0.00323	0.01015
8	0.01800	0.01794	0.03389	0.02447	0.03077	0.01763	0.52416	0.19888	0.01954	0.02639	0.01396	0.01725	0.01030	0.00616	0.00746	0.00216	0.01010	0.00729	0.00418	0.00948
9	0.13814	0.01950	0.24134	0.01391	0.02033	0.01350	0.01426	0.10912	0.01766	0.32157	0.01783	0.01722	0.01183	0.00723	0.00613	0.00204	0.00703	0.00554	0.00567	0.01015
10	0.00837	0.00602	0.00802	0.00949	0.01010	0.00567	0.00670	0.00980	0.01305	0.01725	0.03724	0.64088	0.06872	0.02013	0.00848	0.00271	0.00412	0.11169	0.00610	0.00546
11	0.01215	0.00957	0.01182	0.10200	0.01692	0.04279	0.00991	0.01672	0.10758	0.04985	0.06260	0.27816	0.03267	0.01515	0.00793	0.00256	0.00566	0.20330	0.00580	0.00686
12	0.01426	0.09374	0.43098	0.01989	0.02778	0.03729	0.19983	0.02035	0.01435	0.02008	0.01321	0.05411	0.01064	0.00679	0.00658	0.00208	0.00960	0.00622	0.00312	0.00910
