[name]
unknown

[dist]
# distance from previous block
# <min> <max>
0	380

[block]
# block no. 0 follows, 43 sequences, length 27
# corresponding to MSA columns:
# 586-612
name=unknown_A
#
# <colnr> <probs for GDERKNQSTAVLIFYWHMCP>
#	G	D	E	R	K	N	Q	S	T	A	V	L	I	F	Y	W	H	M	C	P
0	0.00962	0.03952	0.01128	0.13466	0.04612	0.00801	0.02730	0.01216	0.03898	0.04644	0.09712	0.26477	0.06010	0.05720	0.05611	0.00256	0.00528	0.04478	0.00433	0.03367
1	0.01382	0.01806	0.33090	0.01421	0.01950	0.01159	0.10097	0.05909	0.04930	0.14067	0.03835	0.05041	0.01356	0.00737	0.00643	0.00188	0.04444	0.06773	0.00392	0.00779
2	0.01496	0.05543	0.19866	0.10008	0.03593	0.07604	0.15150	0.08891	0.06493	0.10640	0.01334	0.04595	0.01024	0.00614	0.00559	0.00174	0.00726	0.00543	0.00366	0.00780
3	0.01511	0.01199	0.01815	0.08671	0.42526	0.02585	0.01349	0.05379	0.06069	0.13243	0.01409	0.06021	0.01150	0.00621	0.00554	0.00168	0.00597	0.00565	0.00382	0.04185
4	0.01158	0.01010	0.01647	0.05981	0.40649	0.01006	0.05442	0.01444	0.01215	0.01771	0.01746	0.10342	0.06894	0.00726	0.00549	0.00168	0.00537	0.00674	0.16330	0.00711
5	0.01355	0.17144	0.11820	0.05523	0.01534	0.04324	0.00984	0.05286	0.07972	0.11642	0.12308	0.10734	0.05479	0.00828	0.00545	0.00169	0.00528	0.00681	0.00438	0.00706
6	0.01028	0.08730	0.30674	0.10453	0.03564	0.01112	0.02558	0.01465	0.04776	0.01596	0.01643	0.21838	0.01622	0.00998	0.03199	0.00211	0.00654	0.02870	0.00336	0.00673
7	0.00696	0.00569	0.00621	0.00639	0.00808	0.00493	0.00493	0.00859	0.01281	0.01570	0.10669	0.07958	0.59197	0.01410	0.00671	0.00196	0.00310	0.10562	0.00521	0.00477
8	0.07027	0.00950	0.01259	0.00971	0.01395	0.00838	0.00802	0.02640	0.01550	0.73310	0.02107	0.01830	0.01328	0.00676	0.00545	0.00171	0.00469	0.00543	0.00666	0.00924
9	0.05219	0.12497	0.32065	0.01417	0.01965	0.01310	0.14688	0.01711	0.07356	0.01814	0.09490	0.05351	0.01442	0.00651	0.00543	0.00173	0.00674	0.00571	0.00330	0.00735
10	0.00865	0.00630	0.00720	0.00786	0.00881	0.04216	0.00548	0.00979	0.01152	0.06753	0.03272	0.59608	0.14392	0.01556	0.00679	0.00212	0.00358	0.01384	0.00515	0.00496
11	0.01529	0.00927	0.00992	0.00828	0.01094	0.00979	0.00662	0.28593	0.01722	0.07873	0.01658	0.01782	0.01240	0.00655	0.00460	0.00146	0.00402	0.00513	0.47244	0.00703
12	0.01194	0.02610	0.63592	0.01660	0.02423	0.01326	0.11508	0.05988	0.01270	0.01857	0.01030	0.01221	0.00733	0.00526	0.00544	0.00176	0.00821	0.00446	0.00258	0.00816
13	0.08680	0.01337	0.01348	0.01107	0.01465	0.09916	0.00885	0.31335	0.04016	0.21529	0.01689	0.11292	0.01359	0.00784	0.00551	0.00173	0.00563	0.00620	0.00535	0.00817
14	0.00666	0.00556	0.00581	0.00586	0.00758	0.00471	0.00435	0.00812	0.01272	0.01546	0.10927	0.10483	0.66197	0.01405	0.00658	0.00189	0.00282	0.01184	0.00522	0.00471
15	0.00685	0.00503	0.00643	0.00734	0.00799	0.00461	0.00502	0.00807	0.01148	0.01521	0.12184	0.60976	0.13764	0.01618	0.00693	0.00214	0.00309	0.01451	0.00526	0.00461
16	0.09997	0.02319	0.52180	0.01394	0.02069	0.01307	0.01643	0.10065	0.05645	0.06620	0.01153	0.01254	0.00815	0.00563	0.00514	0.00174	0.00712	0.00429	0.00327	0.00820
17	0.01937	0.16022	0.03788	0.01252	0.01653	0.25890	0.03514	0.18148	0.06920	0.13774	0.01262	0.01285	0.00938	0.00600	0.00505	0.00153	0.00713	0.00438	0.00416	0.00791
18	0.01148	0.00984	0.01148	0.00820	0.01312	0.00738	0.00656	0.01395	0.01148	0.01805	0.00984	0.01148	0.00820	0.00410	0.00410	0.00082	0.00410	0.00328	0.00328	0.83922
19	0.01288	0.06062	0.47642	0.01488	0.02132	0.04429	0.07948	0.07209	0.03534	0.04432	0.04852	0.01569	0.01095	0.00609	0.00547	0.00175	0.00748	0.03136	0.00317	0.00789
20	0.04897	0.12481	0.19487	0.01890	0.24827	0.03394	0.01410	0.07924	0.05831	0.10897	0.01210	0.01329	0.00911	0.00553	0.00510	0.00163	0.00646	0.00452	0.00352	0.00837
21	0.19025	0.01089	0.01225	0.00975	0.01366	0.01108	0.00800	0.18551	0.04747	0.38005	0.01686	0.01578	0.01134	0.00646	0.00503	0.00168	0.00479	0.00492	0.05579	0.00844
22	0.00752	0.00525	0.00655	0.00690	0.00736	0.00501	0.00451	0.00858	0.01103	0.01506	0.22443	0.31506	0.03477	0.30579	0.01470	0.00326	0.00385	0.01137	0.00474	0.00427
23	0.06325	0.01146	0.01667	0.03576	0.26685	0.01183	0.07711	0.13770	0.07596	0.02152	0.09727	0.07236	0.07298	0.00762	0.00577	0.00176	0.00551	0.00685	0.00418	0.00757
24	0.04850	0.01235	0.01774	0.11333	0.35382	0.01310	0.01318	0.17800	0.06052	0.05238	0.04360	0.04411	0.01211	0.00634	0.00553	0.00172	0.00598	0.00557	0.00391	0.00822
25	0.06586	0.05706	0.07545	0.06425	0.15043	0.09999	0.01190	0.18425	0.02944	0.05144	0.01212	0.01365	0.02823	0.00606	0.00591	0.00162	0.05579	0.00459	0.00367	0.07830
26	0.01412	0.03622	0.04510	0.08855	0.46658	0.01305	0.01455	0.08541	0.06610	0.04975	0.01301	0.05962	0.01098	0.00612	0.00553	0.00171	0.00621	0.00559	0.00346	0.00833

[dist]
# distance from previous block
# <min> <max>
1	25

[block]
# block no. 1 follows, 43 sequences, length 10
# corresponding to MSA columns:
# 638-647
name=unknown_B
#
# <colnr> <probs for GDERKNQSTAVLIFYWHMCP>
#	G	D	E	R	K	N	Q	S	T	A	V	L	I	F	Y	W	H	M	C	P
0	0.13484	0.01575	0.17703	0.08142	0.08450	0.03079	0.10322	0.05923	0.12336	0.06836	0.01308	0.03629	0.01009	0.00617	0.00574	0.00180	0.03183	0.00518	0.00364	0.00768
1	0.08087	0.00854	0.01181	0.05635	0.13662	0.00812	0.03782	0.01210	0.01112	0.01647	0.03634	0.19347	0.08623	0.07492	0.00794	0.02935	0.00470	0.00787	0.00376	0.17561
2	0.01940	0.08262	0.01689	0.01207	0.01621	0.01659	0.01002	0.63106	0.02357	0.03141	0.01417	0.07461	0.01135	0.00732	0.00549	0.00167	0.00585	0.00565	0.00524	0.00884
3	0.01327	0.01125	0.01818	0.22091	0.39885	0.01149	0.01418	0.01641	0.01239	0.08176	0.01296	0.01675	0.02896	0.00573	0.00546	0.00165	0.00623	0.02811	0.00321	0.09222
4	0.00768	0.00566	0.00714	0.00783	0.00888	0.00533	0.00602	0.00933	0.01199	0.01555	0.10570	0.23374	0.19593	0.09942	0.00935	0.00255	0.00393	0.25427	0.00503	0.00469
5	0.06684	0.01556	0.10905	0.09766	0.11952	0.09599	0.24682	0.01786	0.01314	0.08258	0.07043	0.01587	0.01178	0.00571	0.00570	0.00174	0.00748	0.00552	0.00336	0.00737
6	0.01394	0.07797	0.13589	0.05198	0.13264	0.01376	0.35442	0.01868	0.04634	0.08196	0.01199	0.01440	0.00895	0.00515	0.00580	0.00175	0.00781	0.00551	0.00315	0.00791
7	0.00681	0.00492	0.00645	0.00755	0.00802	0.00456	0.00510	0.00791	0.01106	0.01473	0.08239	0.71034	0.07614	0.01676	0.00700	0.00219	0.00315	0.01514	0.00521	0.00456
8	0.01028	0.00871	0.01314	0.01167	0.01276	0.00990	0.09532	0.03170	0.01067	0.03903	0.01917	0.31117	0.02116	0.10360	0.01261	0.00259	0.23493	0.04216	0.00393	0.00549
9	0.05962	0.11825	0.14866	0.03721	0.01670	0.03371	0.04834	0.05134	0.02939	0.24808	0.03235	0.02986	0.07149	0.00706	0.00573	0.00171	0.03163	0.01675	0.00441	0.00771

[dist]
# distance from previous block
# <min> <max>
4	22

[block]
# block no. 2 follows, 43 sequences, length 22
# corresponding to MSA columns:
# 672-693
name=unknown_C
#
# <colnr> <probs for GDERKNQSTAVLIFYWHMCP>
#	G	D	E	R	K	N	Q	S	T	A	V	L	I	F	Y	W	H	M	C	P
0	0.12024	0.09267	0.03399	0.01241	0.04550	0.05554	0.06605	0.09270	0.13344	0.06816	0.02351	0.01379	0.01021	0.00598	0.00584	0.00158	0.06394	0.00457	0.00391	0.14598
1	0.01501	0.73006	0.02756	0.00972	0.01435	0.02125	0.00948	0.04847	0.05426	0.01453	0.00878	0.00974	0.00776	0.00498	0.00376	0.00124	0.00584	0.00323	0.00269	0.00730
2	0.01460	0.03542	0.08647	0.01217	0.08664	0.00930	0.00949	0.03848	0.02777	0.22331	0.08595	0.11396	0.03309	0.01985	0.01749	0.00184	0.03931	0.01835	0.00470	0.12182
3	0.01257	0.01045	0.01456	0.07923	0.01680	0.01154	0.10304	0.07226	0.25554	0.05387	0.06185	0.03945	0.03728	0.04589	0.11732	0.00302	0.04720	0.00661	0.00441	0.00713
4	0.00931	0.00808	0.04657	0.00814	0.01027	0.00722	0.00655	0.01426	0.16495	0.04326	0.30333	0.12791	0.20568	0.01145	0.00632	0.00186	0.00343	0.00989	0.00550	0.00601
5	0.01517	0.01171	0.01915	0.13503	0.04349	0.01195	0.23220	0.14679	0.03627	0.13077	0.03959	0.01775	0.01200	0.04599	0.00687	0.00192	0.00658	0.00590	0.07337	0.00750
6	0.01199	0.01242	0.05808	0.23393	0.20523	0.01239	0.16388	0.03826	0.03073	0.01757	0.07013	0.01912	0.01304	0.00646	0.00646	0.00185	0.04125	0.04683	0.00319	0.00718
7	0.00770	0.00508	0.00673	0.00760	0.00818	0.00470	0.00518	0.00854	0.01087	0.04328	0.06151	0.63647	0.07572	0.01665	0.00808	0.06671	0.00335	0.01404	0.00504	0.00457
8	0.11120	0.01093	0.01320	0.01023	0.01446	0.01063	0.00845	0.18933	0.01746	0.52816	0.01842	0.01655	0.01192	0.00663	0.00533	0.00170	0.00498	0.00516	0.00619	0.00906
9	0.00792	0.00598	0.00752	0.00828	0.00955	0.00572	0.00657	0.01033	0.04398	0.01608	0.06994	0.24524	0.22284	0.01498	0.00708	0.00223	0.00389	0.30167	0.00519	0.00500
10	0.00860	0.00554	0.00740	0.00822	0.00914	0.00517	0.00605	0.01004	0.01173	0.07366	0.06436	0.53571	0.06536	0.01574	0.00702	0.00223	0.00364	0.15005	0.00531	0.00503
11	0.02105	0.01551	0.01662	0.01274	0.01717	0.01717	0.01053	0.75235	0.02604	0.03490	0.01330	0.01330	0.00942	0.00665	0.00554	0.00166	0.00609	0.00499	0.00554	0.00942
12	0.01000	0.01279	0.19998	0.02735	0.01658	0.00861	0.13714	0.01313	0.01169	0.05377	0.02129	0.37799	0.02259	0.01136	0.00646	0.00205	0.00574	0.05118	0.00409	0.00622
13	0.00798	0.00535	0.00721	0.00791	0.00869	0.00507	0.00565	0.00945	0.01175	0.05033	0.15848	0.53444	0.03651	0.01730	0.05870	0.00260	0.00407	0.05834	0.00524	0.00492
14	0.02115	0.01205	0.04320	0.01183	0.04739	0.01134	0.00953	0.23649	0.06395	0.41410	0.02017	0.01858	0.04996	0.00705	0.00560	0.00172	0.00521	0.00566	0.00596	0.00907
15	0.00750	0.00565	0.00693	0.00661	0.00807	0.00508	0.00496	0.00979	0.01487	0.02030	0.58064	0.04451	0.24070	0.01203	0.00654	0.00178	0.00266	0.01046	0.00585	0.00508
16	0.00784	0.00531	0.00623	0.00643	0.00652	0.00530	0.00379	0.00808	0.00849	0.01137	0.01939	0.15566	0.02244	0.64802	0.05825	0.00504	0.00545	0.00917	0.00362	0.00361
17	0.01109	0.00991	0.01564	0.15958	0.18880	0.04239	0.09678	0.01358	0.01187	0.04731	0.01865	0.32150	0.01948	0.00997	0.00622	0.00194	0.00580	0.00930	0.00381	0.00640
18	0.01481	0.80869	0.02902	0.00948	0.01421	0.02191	0.00948	0.01658	0.01125	0.01303	0.00770	0.00888	0.00711	0.00474	0.00355	0.00118	0.00592	0.00296	0.00237	0.00711
19	0.00673	0.00552	0.00593	0.00603	0.00765	0.00472	0.00445	0.00823	0.01276	0.01576	0.14159	0.14262	0.59061	0.01409	0.00661	0.00190	0.00283	0.01197	0.00526	0.00472
20	0.00819	0.00544	0.00681	0.00731	0.00839	0.00489	0.00516	0.00950	0.01194	0.07370	0.10104	0.49643	0.21012	0.01522	0.00678	0.00207	0.00318	0.01349	0.00536	0.00498
21	0.01148	0.00984	0.01148	0.00820	0.01312	0.00738	0.00656	0.01395	0.01148	0.01805	0.00984	0.01148	0.00820	0.00410	0.00410	0.00082	0.00410	0.00328	0.00328	0.83922

[dist]
# distance from previous block
# <min> <max>
0	10

[block]
# block no. 3 follows, 43 sequences, length 9
# corresponding to MSA columns:
# 704-712
name=unknown_D
#
# <colnr> <probs for GDERKNQSTAVLIFYWHMCP>
#	G	D	E	R	K	N	Q	S	T	A	V	L	I	F	Y	W	H	M	C	P
0	0.14329	0.27560	0.08610	0.01067	0.01487	0.09766	0.00980	0.13662	0.03061	0.06719	0.01186	0.07131	0.01019	0.00642	0.00460	0.00155	0.00602	0.00467	0.00366	0.00732
1	0.00889	0.00749	0.00942	0.00931	0.01044	0.06609	0.00721	0.01082	0.00942	0.01291	0.01436	0.02086	0.01333	0.03881	0.72408	0.00833	0.01447	0.00575	0.00296	0.00506
2	0.01075	0.01019	0.01716	0.65630	0.03485	0.01190	0.06436	0.01437	0.01125	0.01481	0.00994	0.01443	0.00754	0.00533	0.00545	0.00174	0.00717	0.00486	0.00257	0.09505
3	0.00656	0.00556	0.00566	0.00575	0.00752	0.00466	0.00427	0.00793	0.01249	0.01491	0.05445	0.10169	0.72125	0.01424	0.00658	0.00189	0.00283	0.01195	0.00514	0.00466
4	0.01079	0.01025	0.01693	0.67225	0.07130	0.01284	0.01511	0.01420	0.01087	0.01425	0.00960	0.01443	0.00744	0.00595	0.00688	0.00190	0.09133	0.00491	0.00247	0.00627
5	0.00803	0.00662	0.02828	0.00870	0.00985	0.00600	0.03054	0.03934	0.03920	0.01607	0.06817	0.58119	0.07862	0.01523	0.00685	0.00215	0.00372	0.04125	0.00507	0.00512
6	0.05241	0.04747	0.04722	0.01244	0.01689	0.01067	0.16217	0.01754	0.02788	0.15691	0.01303	0.04378	0.01027	0.00580	0.00597	0.00148	0.05924	0.00503	0.00383	0.29999
7	0.07122	0.01507	0.01479	0.01222	0.01596	0.13022	0.03941	0.25275	0.27562	0.05527	0.01552	0.01527	0.01152	0.00652	0.00533	0.00168	0.00596	0.00509	0.00487	0.04569
8	0.01710	0.11959	0.15858	0.01458	0.09760	0.06181	0.04516	0.08096	0.07461	0.21666	0.01500	0.01514	0.02547	0.00602	0.00523	0.00162	0.00629	0.00488	0.00423	0.02946

[dist]
# distance from previous block
# <min> <max>
2	13

[block]
# block no. 4 follows, 43 sequences, length 37
# corresponding to MSA columns:
# 726-762
name=unknown_E
#
# <colnr> <probs for GDERKNQSTAVLIFYWHMCP>
#	G	D	E	R	K	N	Q	S	T	A	V	L	I	F	Y	W	H	M	C	P
0	0.15285	0.00981	0.01306	0.17498	0.04711	0.02846	0.06500	0.03453	0.05602	0.04923	0.25316	0.02247	0.02249	0.00737	0.00551	0.00172	0.00507	0.00635	0.00430	0.04052
1	0.01178	0.01098	0.01741	0.22183	0.23438	0.01071	0.07114	0.01491	0.01179	0.01686	0.01096	0.04562	0.00933	0.00530	0.00518	0.00146	0.00604	0.00495	0.00295	0.28642
2	0.01012	0.00831	0.01334	0.01150	0.01377	0.00811	0.15700	0.01368	0.06976	0.05223	0.20195	0.17292	0.08216	0.01136	0.00701	0.00203	0.02556	0.12829	0.00493	0.00597
3	0.01720	0.01418	0.01895	0.02220	0.35618	0.01511	0.01331	0.36666	0.07561	0.02645	0.01270	0.01404	0.00969	0.00594	0.00552	0.00167	0.00618	0.00506	0.00429	0.00908
4	0.01373	0.01257	0.02128	0.07657	0.67562	0.01265	0.01620	0.01693	0.01258	0.04687	0.01144	0.03797	0.00973	0.00542	0.00554	0.00168	0.00645	0.00529	0.00296	0.00851
5	0.01323	0.22232	0.30138	0.03668	0.25889	0.03038	0.01608	0.02998	0.01219	0.01672	0.00955	0.01168	0.00765	0.00506	0.00490	0.00157	0.00708	0.00409	0.00254	0.00804
6	0.00891	0.00683	0.00830	0.00773	0.00939	0.00681	0.00585	0.01392	0.15519	0.02214	0.60340	0.03791	0.07063	0.01070	0.00636	0.00177	0.00295	0.00937	0.00598	0.00587
7	0.07593	0.01298	0.02304	0.11986	0.38670	0.01344	0.20820	0.01658	0.01207	0.01776	0.01017	0.01371	0.00821	0.00523	0.00634	0.00178	0.05229	0.00520	0.00276	0.00775
8	0.01400	0.08889	0.11714	0.14026	0.21521	0.04082	0.15851	0.04752	0.01320	0.06989	0.03447	0.01447	0.00977	0.00543	0.00551	0.00169	0.00723	0.00511	0.00313	0.00776
9	0.00813	0.00595	0.00785	0.00878	0.00974	0.00588	0.00677	0.01083	0.06242	0.01648	0.10698	0.39994	0.03521	0.01531	0.00713	0.00228	0.00392	0.27606	0.00526	0.00508
10	0.01112	0.01006	0.01809	0.27707	0.14492	0.01083	0.15760	0.01341	0.01079	0.01452	0.01147	0.06790	0.01024	0.00906	0.00960	0.17682	0.03188	0.00594	0.00274	0.00594
11	0.01354	0.39704	0.21044	0.11655	0.02025	0.01661	0.04564	0.01690	0.01185	0.05838	0.03878	0.01246	0.00929	0.00535	0.00460	0.00150	0.00663	0.00408	0.00279	0.00732
12	0.00920	0.00726	0.01043	0.00950	0.01047	0.00822	0.04891	0.04049	0.00952	0.01339	0.01468	0.02482	0.01477	0.28461	0.38583	0.00642	0.08697	0.00652	0.00314	0.00486
13	0.01111	0.02865	0.77667	0.01579	0.02397	0.01286	0.02046	0.01754	0.01169	0.01754	0.00994	0.01169	0.00702	0.00526	0.00526	0.00175	0.00818	0.00409	0.00234	0.00818
14	0.04922	0.01098	0.04759	0.22854	0.02105	0.01083	0.01075	0.11697	0.04592	0.30067	0.04732	0.04574	0.01361	0.00705	0.00559	0.00179	0.00563	0.01793	0.00495	0.00788
15	0.06976	0.04285	0.01499	0.01236	0.05804	0.03821	0.00961	0.27575	0.03101	0.28168	0.03425	0.01758	0.01254	0.00705	0.00593	0.00173	0.03589	0.03682	0.00537	0.00856
16	0.00701	0.00501	0.00673	0.00801	0.00845	0.00472	0.00560	0.00816	0.01086	0.01443	0.03038	0.71294	0.03606	0.01710	0.00714	0.00229	0.00344	0.10197	0.00514	0.00457
17	0.00697	0.00499	0.00667	0.00785	0.00830	0.00468	0.00543	0.00815	0.01106	0.01479	0.07354	0.70197	0.03719	0.01685	0.00708	0.00224	0.00332	0.06913	0.00519	0.00459
18	0.04662	0.01551	0.01768	0.03697	0.03975	0.16273	0.12073	0.15448	0.13730	0.09899	0.01338	0.01444	0.01004	0.00655	0.00700	0.00178	0.09894	0.00512	0.00416	0.00782
19	0.05284	0.01489	0.01601	0.01299	0.01639	0.18564	0.09197	0.13281	0.04170	0.22388	0.01456	0.01677	0.01106	0.04223	0.00764	0.00192	0.07657	0.02795	0.00452	0.00766
20	0.00791	0.00593	0.00890	0.00890	0.00989	0.00692	0.00692	0.00989	0.00890	0.01286	0.01483	0.02176	0.01385	0.04154	0.78341	0.00890	0.01483	0.00593	0.00297	0.00494
21	0.07584	0.01432	0.02988	0.06706	0.02810	0.01379	0.65136	0.01742	0.01268	0.01807	0.01086	0.01448	0.00816	0.00476	0.00624	0.00185	0.00884	0.00617	0.00283	0.00728
22	0.09408	0.03002	0.04216	0.10812	0.17622	0.01347	0.12262	0.13535	0.11314	0.06872	0.01411	0.01562	0.02966	0.00596	0.00547	0.00175	0.00632	0.00532	0.00391	0.00799
23	0.00799	0.00561	0.00726	0.00726	0.00768	0.00603	0.00488	0.00884	0.00841	0.01164	0.01634	0.03007	0.01745	0.47974	0.35014	0.00687	0.00940	0.00715	0.00319	0.00403
24	0.00683	0.00488	0.00650	0.00766	0.00805	0.00455	0.00515	0.00792	0.01099	0.01475	0.08633	0.74420	0.03781	0.01689	0.00703	0.00221	0.00317	0.01531	0.00521	0.00455
25	0.01305	0.01265	0.02221	0.08869	0.59430	0.01272	0.09184	0.01648	0.01272	0.01800	0.05473	0.01553	0.01117	0.00533	0.00566	0.00169	0.00669	0.00540	0.00292	0.00823
26	0.07204	0.00641	0.00798	0.00781	0.00897	0.00675	0.00574	0.01063	0.01044	0.05818	0.08640	0.15475	0.10680	0.16541	0.22957	0.00454	0.03984	0.00863	0.00414	0.00496
27	0.00770	0.00499	0.00613	0.00695	0.00763	0.00471	0.00479	0.00918	0.01123	0.01628	0.07147	0.53260	0.05988	0.01414	0.00621	0.00196	0.00300	0.01260	0.21382	0.00471
28	0.01667	0.04702	0.31365	0.01308	0.01862	0.04285	0.01371	0.21021	0.01628	0.16669	0.01491	0.01518	0.04274	0.00649	0.00587	0.00172	0.03680	0.00491	0.00419	0.00840
29	0.05926	0.09242	0.11081	0.08233	0.09054	0.03694	0.07835	0.13468	0.01497	0.20218	0.01303	0.01397	0.00930	0.00590	0.00567	0.00169	0.03091	0.00480	0.00410	0.00816
30	0.01315	0.00940	0.03975	0.01037	0.03892	0.00907	0.00794	0.01972	0.26046	0.15734	0.09150	0.16980	0.03794	0.04251	0.00693	0.00205	0.00427	0.04053	0.03116	0.00717
31	0.01146	0.00683	0.00877	0.00782	0.00954	0.00654	0.00592	0.07812	0.01469	0.11467	0.40887	0.03157	0.07435	0.01215	0.00948	0.17672	0.00366	0.00801	0.00532	0.00551
32	0.01478	0.05962	0.09604	0.09338	0.08297	0.03706	0.06975	0.07336	0.26970	0.09052	0.02705	0.01653	0.01219	0.00642	0.00581	0.00177	0.02520	0.00541	0.00427	0.00816
33	0.01689	0.09201	0.11483	0.05264	0.08814	0.09139	0.02211	0.06017	0.09966	0.21572	0.02476	0.04328	0.01211	0.00652	0.00529	0.00166	0.00608	0.00529	0.03342	0.00803
34	0.35095	0.01069	0.01238	0.06399	0.14858	0.02786	0.00931	0.01776	0.03479	0.14005	0.01338	0.04374	0.01100	0.00664	0.00507	0.00178	0.02191	0.04724	0.02586	0.00701
35	0.10383	0.00945	0.01220	0.07170	0.09903	0.03597	0.04539	0.06036	0.02884	0.04932	0.06271	0.28088	0.04953	0.01009	0.00586	0.00185	0.00484	0.00889	0.00433	0.05493
36	0.09305	0.10899	0.01822	0.01733	0.22094	0.06146	0.03428	0.15227	0.07964	0.08726	0.01245	0.01388	0.00968	0.02339	0.00554	0.00166	0.00601	0.00466	0.00392	0.04535

[dist]
# distance from previous block
# <min> <max>
1	66

[block]
# block no. 5 follows, 43 sequences, length 35
# corresponding to MSA columns:
# 829-863
name=unknown_F
#
# <colnr> <probs for GDERKNQSTAVLIFYWHMCP>
#	G	D	E	R	K	N	Q	S	T	A	V	L	I	F	Y	W	H	M	C	P
0	0.03583	0.01170	0.04575	0.05415	0.15165	0.01119	0.05301	0.11209	0.11425	0.13172	0.07341	0.08345	0.01604	0.00727	0.00563	0.00171	0.00537	0.00638	0.00458	0.07481
1	0.00893	0.00762	0.06205	0.06872	0.01253	0.00634	0.02291	0.01094	0.01187	0.06674	0.09681	0.44735	0.07592	0.01372	0.00667	0.00209	0.00416	0.06431	0.00489	0.00540
2	0.15661	0.01011	0.01289	0.16745	0.01846	0.01037	0.00933	0.06867	0.03922	0.40690	0.01736	0.01690	0.02861	0.00648	0.00523	0.00175	0.00521	0.00514	0.00524	0.00806
3	0.06725	0.02890	0.26625	0.01089	0.01496	0.00982	0.01116	0.09449	0.01372	0.04429	0.13919	0.18321	0.05516	0.00958	0.00585	0.00186	0.00530	0.02711	0.00429	0.00672
4	0.01453	0.04379	0.01264	0.01056	0.01357	0.03816	0.00829	0.06799	0.45818	0.09938	0.09606	0.07567	0.02032	0.00829	0.00571	0.00182	0.00451	0.00693	0.00554	0.00807
5	0.13675	0.01054	0.01260	0.00985	0.01393	0.01025	0.00812	0.15521	0.01664	0.51102	0.01823	0.01656	0.01189	0.00657	0.00521	0.00169	0.00482	0.00510	0.03624	0.00880
6	0.00979	0.00646	0.00790	0.00755	0.00937	0.00600	0.00581	0.01271	0.06360	0.10439	0.30336	0.11875	0.23848	0.01224	0.00651	0.00190	0.00329	0.07046	0.00571	0.00570
7	0.01050	0.00939	0.01488	0.33592	0.19081	0.01051	0.01239	0.03900	0.01177	0.01575	0.01684	0.22882	0.03580	0.00901	0.00639	0.00192	0.03246	0.00804	0.00343	0.00636
8	0.04236	0.00646	0.00688	0.00625	0.00818	0.00644	0.00486	0.05361	0.01285	0.12102	0.01795	0.01961	0.01359	0.00647	0.00417	0.00138	0.00311	0.00513	0.65370	0.00598
9	0.00802	0.00650	0.01049	0.01032	0.01154	0.00615	0.10810	0.00978	0.01134	0.01508	0.02765	0.55690	0.03188	0.01523	0.00710	0.00225	0.00440	0.14743	0.00481	0.00502
10	0.07161	0.00794	0.00879	0.00752	0.01012	0.00795	0.00598	0.09137	0.04173	0.21974	0.01805	0.01866	0.01314	0.00653	0.00452	0.00149	0.00367	0.00515	0.44918	0.00689
11	0.13524	0.02161	0.43661	0.01587	0.02238	0.01312	0.18115	0.01832	0.06986	0.01910	0.01087	0.01272	0.00794	0.00529	0.00530	0.00178	0.00757	0.00465	0.00286	0.00775
12	0.00693	0.00501	0.00656	0.00772	0.00822	0.00467	0.00533	0.00803	0.01086	0.01431	0.03194	0.67595	0.08688	0.03368	0.00753	0.00231	0.00338	0.07106	0.00510	0.00453
13	0.00687	0.00492	0.00634	0.00741	0.00779	0.00460	0.00490	0.00776	0.01046	0.01383	0.03069	0.67780	0.07845	0.09892	0.00923	0.00255	0.00341	0.01471	0.00496	0.00439
14	0.01344	0.01381	0.09903	0.06790	0.33891	0.01264	0.03772	0.08150	0.13972	0.03385	0.09185	0.01771	0.01454	0.00628	0.00564	0.00173	0.00603	0.00566	0.00383	0.00821
15	0.07358	0.01298	0.04543	0.01411	0.12540	0.06529	0.01015	0.19024	0.04211	0.20372	0.13191	0.01871	0.01676	0.00702	0.00568	0.00169	0.01640	0.00567	0.00503	0.00811
16	0.01408	0.01012	0.01554	0.07119	0.28195	0.01070	0.01157	0.01643	0.01214	0.16623	0.01601	0.14511	0.01440	0.00821	0.00754	0.00186	0.12229	0.00685	0.06041	0.00737
17	0.01029	0.00801	0.01013	0.00872	0.01117	0.00785	0.00675	0.08024	0.01123	0.01634	0.01339	0.01930	0.01233	0.11129	0.37788	0.00525	0.00954	0.00523	0.00335	0.27170
18	0.02752	0.01223	0.01690	0.06629	0.01726	0.03918	0.06261	0.07064	0.01219	0.19100	0.01156	0.01402	0.00898	0.00800	0.01206	0.00208	0.41147	0.00508	0.00373	0.00719
19	0.00805	0.00537	0.00604	0.00604	0.00604	0.00537	0.00336	0.00805	0.00805	0.01074	0.01745	0.03624	0.02013	0.80536	0.02819	0.00537	0.00537	0.00805	0.00336	0.00336
20	0.02069	0.02640	0.01569	0.01427	0.01712	0.78313	0.01070	0.02212	0.01569	0.01355	0.00856	0.00999	0.00713	0.00571	0.00499	0.00143	0.00999	0.00357	0.00285	0.00642
21	0.00787	0.00529	0.00609	0.00627	0.00631	0.00525	0.00360	0.00801	0.00840	0.01120	0.01924	0.14121	0.02240	0.69731	0.02529	0.00494	0.00507	0.00911	0.00360	0.00351
22	0.01352	0.01187	0.01593	0.42023	0.02705	0.08074	0.01304	0.01708	0.05999	0.09854	0.01133	0.01461	0.00865	0.00672	0.00820	0.00192	0.17576	0.00494	0.00318	0.00669
23	0.06331	0.06614	0.09433	0.04261	0.01507	0.01207	0.00962	0.24346	0.06444	0.04800	0.03924	0.22599	0.01831	0.00948	0.00574	0.00184	0.00520	0.02321	0.00468	0.00723
24	0.01886	0.09462	0.01618	0.01316	0.01613	0.57687	0.01012	0.05677	0.06738	0.01525	0.01099	0.05788	0.00968	0.00648	0.00506	0.00150	0.00864	0.00449	0.00327	0.00668
25	0.00685	0.00508	0.00641	0.00723	0.00796	0.00463	0.00498	0.00812	0.01165	0.01536	0.13273	0.56325	0.17362	0.01594	0.00690	0.00211	0.00306	0.01424	0.00527	0.00463
26	0.00722	0.00529	0.00637	0.00685	0.00791	0.00480	0.00491	0.00881	0.01234	0.01654	0.18674	0.35747	0.24768	0.01436	0.00660	0.00198	0.00298	0.03318	0.06320	0.00476
27	0.06398	0.01076	0.01266	0.09990	0.09383	0.06680	0.00935	0.03606	0.12988	0.17091	0.07086	0.05021	0.11598	0.00827	0.00586	0.00180	0.01589	0.02497	0.00478	0.00724
28	0.01820	0.00974	0.01151	0.00956	0.01282	0.03713	0.00767	0.11499	0.05104	0.37962	0.10002	0.07825	0.10273	0.00905	0.00592	0.00179	0.00456	0.03152	0.00604	0.00786
29	0.00741	0.00548	0.00696	0.00726	0.00838	0.00504	0.00539	0.00933	0.01340	0.01807	0.35874	0.26206	0.17218	0.01391	0.00680	0.00199	0.00307	0.08406	0.00556	0.00491
30	0.00930	0.00641	0.00798	0.00738	0.00910	0.00602	0.00566	0.03328	0.04251	0.06616	0.55073	0.04083	0.14669	0.01129	0.00645	0.00179	0.00301	0.03381	0.00594	0.00564
31	0.01200	0.01003	0.01363	0.19425	0.09185	0.00943	0.00977	0.01571	0.06250	0.05165	0.05638	0.01519	0.01152	0.00530	0.00488	0.00131	0.00507	0.00453	0.00352	0.42149
32	0.04902	0.00905	0.01493	0.11672	0.01785	0.00915	0.16932	0.01425	0.01176	0.10935	0.01976	0.14194	0.04397	0.11607	0.00961	0.00247	0.02879	0.10589	0.00409	0.00602
33	0.07119	0.00920	0.01123	0.00967	0.01286	0.00900	0.00792	0.08088	0.09667	0.34912	0.04913	0.05732	0.07098	0.00926	0.00594	0.00190	0.00457	0.12954	0.00589	0.00775
34	0.01796	0.34929	0.02060	0.01137	0.01522	0.25859	0.00977	0.08674	0.01461	0.09959	0.01145	0.01421	0.00966	0.00614	0.00468	0.00145	0.00703	0.05092	0.00349	0.00723

[dist]
# distance from previous block
# <min> <max>
0	1

[block]
# block no. 6 follows, 43 sequences, length 20
# corresponding to MSA columns:
# 865-884
name=unknown_G
#
# <colnr> <probs for GDERKNQSTAVLIFYWHMCP>
#	G	D	E	R	K	N	Q	S	T	A	V	L	I	F	Y	W	H	M	C	P
0	0.08899	0.06521	0.01711	0.06239	0.01750	0.05732	0.03986	0.33105	0.01743	0.07038	0.01119	0.01272	0.00851	0.00683	0.00782	0.00180	0.16723	0.00467	0.00415	0.00784
1	0.01491	0.01242	0.01642	0.04635	0.12337	0.05000	0.06360	0.11859	0.01398	0.09192	0.01175	0.03200	0.00947	0.00606	0.00681	0.00153	0.10818	0.00479	0.00371	0.26415
2	0.01292	0.15264	0.01303	0.00867	0.01086	0.03981	0.00676	0.15102	0.01310	0.04711	0.01603	0.05465	0.03769	0.25185	0.07940	0.03364	0.00621	0.00626	0.05253	0.00582
3	0.03480	0.08804	0.10263	0.01030	0.02385	0.03832	0.00921	0.04752	0.04004	0.18673	0.03722	0.04997	0.03755	0.00662	0.00503	0.00146	0.00513	0.02490	0.00431	0.24641
4	0.04517	0.12910	0.14907	0.01358	0.05620	0.08968	0.06343	0.09323	0.11054	0.07322	0.04006	0.04152	0.01189	0.00628	0.00517	0.00161	0.00635	0.00510	0.00384	0.05498
5	0.00766	0.00601	0.00697	0.00676	0.00835	0.00554	0.00505	0.01056	0.06406	0.01890	0.39002	0.09128	0.33352	0.01251	0.00651	0.00183	0.00284	0.01078	0.00563	0.00520
6	0.04398	0.01144	0.01719	0.38711	0.02748	0.01286	0.09900	0.18494	0.01507	0.07581	0.01213	0.01492	0.00882	0.00583	0.00548	0.00176	0.00670	0.00512	0.05714	0.00723
7	0.04770	0.08162	0.17218	0.11004	0.04702	0.07578	0.06603	0.01964	0.10217	0.13382	0.01402	0.04454	0.01097	0.00651	0.00576	0.00176	0.03113	0.01799	0.00374	0.00759
8	0.06895	0.00990	0.01460	0.01231	0.04505	0.00923	0.12326	0.04124	0.04117	0.25422	0.03188	0.10094	0.04358	0.00818	0.00580	0.00177	0.00522	0.07263	0.00493	0.10515
9	0.01733	0.00771	0.00953	0.00794	0.01079	0.00718	0.00634	0.03571	0.04498	0.37697	0.08414	0.02142	0.01724	0.00711	0.00501	0.00156	0.00374	0.00581	0.32208	0.00742
10	0.06784	0.00651	0.00684	0.00638	0.00825	0.00667	0.00493	0.01571	0.06918	0.09705	0.01798	0.01973	0.01379	0.00776	0.03238	0.00168	0.00349	0.00517	0.60275	0.00592
11	0.04809	0.11275	0.15760	0.04521	0.11549	0.03089	0.01228	0.10494	0.02703	0.27100	0.01416	0.01430	0.00990	0.00590	0.00516	0.00164	0.00611	0.00467	0.00437	0.00849
12	0.02104	0.00944	0.01188	0.00941	0.01309	0.00886	0.00767	0.11053	0.04589	0.51077	0.04966	0.01943	0.01492	0.00697	0.00534	0.00165	0.00445	0.00564	0.13477	0.00857
13	0.00755	0.00535	0.00644	0.00661	0.00722	0.00507	0.00434	0.00861	0.01113	0.01499	0.22431	0.20705	0.11171	0.33734	0.01550	0.00335	0.00389	0.01065	0.00467	0.00424
14	0.06866	0.04673	0.31052	0.12475	0.04902	0.01198	0.01413	0.07441	0.01361	0.14288	0.07896	0.01585	0.01235	0.00616	0.00531	0.00172	0.00645	0.00496	0.00376	0.00777
15	0.04788	0.06306	0.06106	0.12260	0.01746	0.03990	0.03711	0.12156	0.06531	0.07341	0.07889	0.01966	0.02765	0.08521	0.06703	0.00264	0.05304	0.00575	0.00397	0.00681
16	0.00872	0.00577	0.00756	0.00736	0.00869	0.00530	0.00550	0.01095	0.01453	0.06859	0.52901	0.18045	0.07459	0.01240	0.00661	0.00187	0.00296	0.03791	0.00590	0.00534
17	0.00894	0.00556	0.00661	0.00660	0.00695	0.00546	0.00402	0.00927	0.00895	0.06038	0.01959	0.14710	0.02198	0.61904	0.04278	0.00477	0.00525	0.00897	0.00383	0.00395
18	0.04856	0.01540	0.17296	0.07986	0.28121	0.01225	0.07195	0.06247	0.01355	0.14986	0.01256	0.01432	0.00919	0.00550	0.00542	0.00171	0.00664	0.00493	0.02333	0.00831
19	0.11022	0.07734	0.01715	0.07305	0.06572	0.12977	0.08813	0.09787	0.05263	0.12833	0.04850	0.03440	0.01183	0.00645	0.00571	0.00169	0.03455	0.00519	0.00404	0.00742

[dist]
# distance from previous block
# <min> <max>
2	4

[block]
# block no. 7 follows, 43 sequences, length 19
# corresponding to MSA columns:
# 890-902,911-916
name=unknown_H
#
# <colnr> <probs for GDERKNQSTAVLIFYWHMCP>
#	G	D	E	R	K	N	Q	S	T	A	V	L	I	F	Y	W	H	M	C	P
0	0.04898	0.01400	0.02256	0.01703	0.02159	0.01452	0.35456	0.16998	0.23281	0.02309	0.01478	0.01603	0.01098	0.00592	0.00595	0.00182	0.00703	0.00600	0.00421	0.00818
1	0.56090	0.00967	0.00827	0.00740	0.01032	0.01100	0.00600	0.07217	0.01110	0.02399	0.01065	0.01247	0.00840	0.00800	0.05690	0.00212	0.00481	0.00378	0.16603	0.00603
2	0.01266	0.13684	0.31983	0.06516	0.01862	0.01221	0.01329	0.04524	0.03250	0.09405	0.07422	0.07916	0.04069	0.00744	0.00542	0.00173	0.00617	0.02370	0.00370	0.00736
3	0.01250	0.00672	0.00853	0.00759	0.00966	0.00618	0.00585	0.03256	0.01466	0.20772	0.34627	0.08666	0.08736	0.02432	0.02195	0.00193	0.00356	0.00864	0.10109	0.00623
4	0.02024	0.01322	0.01485	0.01149	0.01581	0.01383	0.00942	0.44383	0.09513	0.19877	0.01580	0.01510	0.01101	0.00653	0.00541	0.00161	0.00542	0.00507	0.00562	0.09185
5	0.00857	0.00620	0.00806	0.00842	0.00934	0.00638	0.00612	0.07604	0.01183	0.01604	0.05994	0.42660	0.02856	0.07666	0.17538	0.00384	0.00621	0.05613	0.00463	0.00503
6	0.01383	0.04579	0.57355	0.01480	0.02187	0.06580	0.01763	0.09700	0.01376	0.06937	0.01094	0.01215	0.00773	0.00553	0.00525	0.00170	0.00780	0.00422	0.00302	0.00825
7	0.01263	0.00748	0.00865	0.00762	0.01028	0.00686	0.00597	0.01619	0.11151	0.22550	0.09850	0.03862	0.40623	0.01099	0.00616	0.00182	0.00352	0.00916	0.00575	0.00656
8	0.01207	0.00780	0.00956	0.00845	0.01068	0.00776	0.00655	0.04469	0.15832	0.13788	0.48303	0.03291	0.03800	0.00974	0.00618	0.00176	0.00340	0.00843	0.00610	0.00670
9	0.01237	0.01221	0.02160	0.30852	0.25206	0.01310	0.18302	0.01742	0.09071	0.01709	0.01166	0.01511	0.00903	0.00537	0.00576	0.00179	0.00727	0.00543	0.00296	0.00751
10	0.01333	0.03626	0.01985	0.01500	0.01825	0.01092	0.30221	0.01600	0.01225	0.14834	0.01823	0.19024	0.03689	0.03636	0.00846	0.00209	0.09621	0.00828	0.00405	0.00677
11	0.00806	0.00586	0.00688	0.00697	0.00854	0.00526	0.00538	0.00979	0.01290	0.04732	0.16876	0.08487	0.39646	0.06765	0.00820	0.00222	0.00346	0.14122	0.00525	0.00494
12	0.02137	0.01227	0.01365	0.01071	0.01464	0.04869	0.00875	0.32647	0.01958	0.34224	0.01721	0.01633	0.01167	0.00667	0.00533	0.00163	0.00529	0.00518	0.10353	0.00878
13	0.01656	0.01435	0.01875	0.07305	0.38414	0.10710	0.01369	0.13686	0.01525	0.10227	0.01258	0.01448	0.02303	0.00591	0.00596	0.00168	0.03740	0.00497	0.00367	0.00831
14	0.00959	0.00754	0.06050	0.00880	0.01041	0.00664	0.00716	0.01150	0.01055	0.08858	0.04965	0.17864	0.04063	0.11575	0.32810	0.00524	0.00877	0.04255	0.00406	0.00535
15	0.00805	0.00575	0.00717	0.00700	0.00846	0.00521	0.00531	0.01023	0.01438	0.04282	0.46787	0.09859	0.22446	0.01254	0.00662	0.00186	0.00294	0.05985	0.00575	0.00516
16	0.01426	0.01247	0.02084	0.19172	0.45950	0.01295	0.06544	0.06732	0.01346	0.07166	0.01135	0.01435	0.00884	0.00530	0.00558	0.00171	0.00677	0.00509	0.00317	0.00822
17	0.03394	0.17069	0.09341	0.07125	0.15336	0.01439	0.18236	0.01745	0.01219	0.09914	0.01165	0.04051	0.00944	0.00587	0.00621	0.00171	0.06050	0.00523	0.00315	0.00758
18	0.01168	0.01075	0.01810	0.35973	0.33465	0.01186	0.03143	0.01505	0.01165	0.01623	0.01100	0.01518	0.00885	0.00756	0.05341	0.00216	0.00722	0.00504	0.06133	0.00711

[dist]
# distance from previous block
# <min> <max>
4	11

[block]
# block no. 8 follows, 43 sequences, length 26
# corresponding to MSA columns:
# 929-954
name=unknown_I
#
# <colnr> <probs for GDERKNQSTAVLIFYWHMCP>
#	G	D	E	R	K	N	Q	S	T	A	V	L	I	F	Y	W	H	M	C	P
0	0.01389	0.01326	0.01830	0.15751	0.12360	0.06461	0.08627	0.11558	0.03930	0.01840	0.01029	0.01334	0.00833	0.00638	0.00833	0.00178	0.18756	0.00484	0.00317	0.10527
1	0.02750	0.08633	0.18395	0.03436	0.01690	0.01096	0.02759	0.06611	0.01278	0.06856	0.01088	0.01225	0.00836	0.00490	0.00459	0.00126	0.00554	0.00386	0.02195	0.39138
2	0.14768	0.24581	0.03403	0.17211	0.01799	0.03937	0.00962	0.04105	0.01152	0.08044	0.01101	0.01461	0.00928	0.07997	0.06239	0.00242	0.00664	0.00438	0.00319	0.00651
3	0.00934	0.00657	0.00797	0.00787	0.00946	0.00635	0.00601	0.01276	0.09776	0.06453	0.24207	0.13884	0.18108	0.06723	0.00810	0.00221	0.00361	0.11726	0.00544	0.00554
4	0.00693	0.00543	0.00628	0.00647	0.00782	0.00478	0.00470	0.00855	0.01294	0.01666	0.23625	0.22993	0.40531	0.01412	0.00667	0.00193	0.00285	0.01222	0.00539	0.00478
5	0.01224	0.10110	0.08088	0.38862	0.15894	0.04073	0.10904	0.01591	0.01182	0.01541	0.00984	0.01355	0.00768	0.00522	0.00540	0.00172	0.00749	0.00480	0.00255	0.00705
6	0.01438	0.00941	0.01069	0.00934	0.01211	0.00997	0.00732	0.05825	0.33435	0.15588	0.17340	0.02420	0.02280	0.00798	0.00555	0.00173	0.00391	0.00669	0.12435	0.00768
7	0.00725	0.00499	0.00634	0.00718	0.00739	0.00478	0.00458	0.00780	0.00970	0.01293	0.02577	0.53877	0.03061	0.25986	0.01408	0.03247	0.00393	0.01300	0.00450	0.00407
8	0.01271	0.00864	0.01246	0.03647	0.01375	0.00874	0.08646	0.09977	0.02780	0.14196	0.03352	0.36319	0.04227	0.01158	0.00702	0.00200	0.04827	0.01024	0.02671	0.00645
9	0.06927	0.01146	0.01394	0.01210	0.05821	0.01221	0.00927	0.26653	0.01786	0.23380	0.12546	0.01912	0.02663	0.00762	0.00691	0.00177	0.08852	0.00583	0.00536	0.00814
10	0.00879	0.00557	0.00738	0.00825	0.00919	0.00528	0.00620	0.01038	0.01164	0.06545	0.02927	0.47718	0.04990	0.01517	0.00685	0.00221	0.00374	0.20085	0.07166	0.00504
11	0.01140	0.00991	0.01281	0.05946	0.10603	0.00821	0.00826	0.01405	0.01193	0.01815	0.07050	0.01434	0.01174	0.00487	0.00455	0.00106	0.00448	0.00412	0.00339	0.62074
12	0.00673	0.00487	0.00637	0.00757	0.00799	0.00451	0.00508	0.00773	0.01074	0.01419	0.03229	0.75016	0.08708	0.01712	0.00703	0.00222	0.00319	0.01546	0.00514	0.00451
13	0.01169	0.14998	0.13417	0.28546	0.07076	0.01348	0.01310	0.01706	0.12118	0.01698	0.09984	0.01718	0.01399	0.00628	0.00528	0.00170	0.00621	0.00525	0.00333	0.00707
14	0.07700	0.00668	0.00831	0.00753	0.00942	0.00643	0.00581	0.01331	0.02806	0.11981	0.53034	0.03456	0.05959	0.01214	0.05476	0.00219	0.00382	0.00860	0.00575	0.00587
15	0.01324	0.07561	0.01713	0.07371	0.05870	0.01486	0.05702	0.07013	0.25585	0.01914	0.06010	0.01699	0.01347	0.00758	0.00894	0.00193	0.21859	0.00560	0.00395	0.00745
16	0.01064	0.08629	0.15097	0.01054	0.01351	0.00896	0.01018	0.01389	0.03179	0.06656	0.07318	0.15967	0.02554	0.01177	0.00647	0.00210	0.00523	0.30202	0.00454	0.00615
17	0.01373	0.38544	0.22830	0.01351	0.07749	0.01670	0.03511	0.06261	0.01267	0.03484	0.01266	0.01379	0.06004	0.00570	0.00464	0.00149	0.00646	0.00433	0.00290	0.00758
18	0.01380	0.08571	0.47189	0.01573	0.02260	0.01308	0.14649	0.01891	0.01252	0.13007	0.01176	0.01311	0.00827	0.00535	0.00540	0.00172	0.00769	0.00465	0.00310	0.00816
19	0.28706	0.07670	0.11372	0.09761	0.01721	0.01232	0.01014	0.06781	0.01298	0.23627	0.01264	0.01308	0.00880	0.00576	0.00467	0.00169	0.00552	0.00422	0.00421	0.00759
20	0.03400	0.12237	0.30718	0.06321	0.07041	0.01286	0.11920	0.01663	0.01258	0.05592	0.11893	0.01665	0.01415	0.00605	0.00540	0.00169	0.00682	0.00529	0.00324	0.00744
21	0.01642	0.11257	0.11568	0.16652	0.01976	0.08542	0.01120	0.01928	0.01351	0.26632	0.04832	0.01857	0.06940	0.00674	0.00533	0.00167	0.00613	0.00538	0.00428	0.00750
22	0.01754	0.05762	0.01233	0.06288	0.01398	0.00862	0.00781	0.04851	0.01503	0.40701	0.15282	0.07340	0.08116	0.00863	0.00578	0.00174	0.00441	0.00724	0.00585	0.00764
23	0.06357	0.01350	0.13032	0.31984	0.23699	0.01251	0.01522	0.01518	0.01130	0.01638	0.01086	0.05690	0.00924	0.00623	0.00627	0.00183	0.05879	0.00527	0.00273	0.00708
24	0.01158	0.00947	0.01513	0.19901	0.29279	0.00979	0.01200	0.01424	0.01228	0.07443	0.06543	0.18065	0.06257	0.00872	0.00596	0.00184	0.00546	0.00793	0.00384	0.00687
25	0.01642	0.01088	0.01762	0.11190	0.25079	0.01091	0.07168	0.01929	0.01353	0.27368	0.06339	0.01897	0.01372	0.00665	0.00646	0.00179	0.05028	0.02960	0.00438	0.00807

[dist]
# distance from previous block
# <min> <max>
3	12

[block]
# block no. 9 follows, 43 sequences, length 6
# corresponding to MSA columns:
# 967-972
name=unknown_J
#
# <colnr> <probs for GDERKNQSTAVLIFYWHMCP>
#	G	D	E	R	K	N	Q	S	T	A	V	L	I	F	Y	W	H	M	C	P
0	0.01329	0.01264	0.02101	0.13145	0.62159	0.01309	0.01620	0.01750	0.06531	0.01794	0.01120	0.01434	0.00917	0.00520	0.00550	0.00169	0.00653	0.00503	0.00291	0.00843
1	0.01461	0.01258	0.02115	0.07980	0.64866	0.01260	0.01601	0.01781	0.01284	0.09338	0.01152	0.01429	0.00918	0.00516	0.00549	0.00166	0.00644	0.00500	0.00313	0.00867
2	0.01173	0.01078	0.01756	0.61473	0.15538	0.01278	0.01530	0.06624	0.01237	0.01624	0.01018	0.01449	0.00775	0.00552	0.00553	0.00180	0.00716	0.00493	0.00272	0.00681
3	0.01217	0.01142	0.01927	0.29021	0.45320	0.01226	0.01572	0.01553	0.01210	0.01661	0.01191	0.01843	0.01037	0.00607	0.00570	0.00179	0.00672	0.07011	0.00286	0.00755
4	0.09740	0.01211	0.01625	0.30384	0.17813	0.04794	0.01282	0.14626	0.01434	0.06383	0.01194	0.04965	0.00958	0.00619	0.00536	0.00175	0.00645	0.00521	0.00355	0.00738
5	0.03161	0.07533	0.12555	0.09388	0.05607	0.01353	0.21766	0.09165	0.04729	0.01842	0.01358	0.06907	0.02897	0.00806	0.03744	0.00210	0.05320	0.00608	0.00329	0.00724

[dist]
# distance from previous block
# <min> <max>
0	15

[block]
# block no. 10 follows, 43 sequences, length 11
# corresponding to MSA columns:
# 991-1001
name=unknown_K
#
# <colnr> <probs for GDERKNQSTAVLIFYWHMCP>
#	G	D	E	R	K	N	Q	S	T	A	V	L	I	F	Y	W	H	M	C	P
0	0.02800	0.11205	0.23387	0.01225	0.01680	0.03136	0.01228	0.14388	0.11934	0.04915	0.11019	0.01694	0.01492	0.00694	0.00629	0.00173	0.06694	0.00526	0.00404	0.00777
1	0.00955	0.00641	0.00788	0.06732	0.01093	0.00585	0.00587	0.01152	0.01362	0.11495	0.22795	0.07130	0.40236	0.01188	0.00636	0.00183	0.00337	0.01010	0.00540	0.00554
2	0.03199	0.12190	0.18891	0.04000	0.03774	0.06806	0.01199	0.11562	0.01524	0.27439	0.03213	0.01465	0.01073	0.00609	0.00517	0.00163	0.00630	0.00469	0.00444	0.00833
3	0.01699	0.01190	0.01432	0.11488	0.12052	0.09514	0.01046	0.06560	0.09993	0.24907	0.03018	0.09669	0.01502	0.00771	0.00572	0.00178	0.00576	0.02566	0.00483	0.00783
4	0.30584	0.12418	0.15084	0.00983	0.01441	0.01271	0.00965	0.06556	0.01263	0.16398	0.01489	0.01504	0.06691	0.00622	0.00456	0.00166	0.00530	0.00448	0.00400	0.00732
5	0.00747	0.00534	0.00722	0.00828	0.00898	0.00509	0.00616	0.00907	0.01183	0.01583	0.12556	0.50566	0.03738	0.01602	0.00715	0.00226	0.00364	0.20702	0.00525	0.00475
6	0.01374	0.01135	0.01950	0.09679	0.40313	0.01128	0.09795	0.01679	0.01272	0.11178	0.01498	0.10169	0.01336	0.00705	0.00590	0.00181	0.00630	0.04247	0.00361	0.00782
7	0.01110	0.02642	0.68221	0.01594	0.02354	0.01254	0.06701	0.01719	0.01185	0.01749	0.01119	0.01497	0.00861	0.00583	0.00549	0.00181	0.00807	0.04826	0.00254	0.00795
8	0.17377	0.01118	0.01324	0.01054	0.01414	0.01181	0.00872	0.16299	0.01568	0.39528	0.01571	0.01509	0.01063	0.00687	0.00680	0.00180	0.10712	0.00489	0.00540	0.00836
9	0.01456	0.17022	0.44309	0.01382	0.02042	0.01438	0.04065	0.08618	0.01351	0.11621	0.01141	0.01235	0.00817	0.00548	0.00505	0.00164	0.00716	0.00424	0.00324	0.00823
10	0.15404	0.01006	0.01238	0.00965	0.01381	0.00946	0.00797	0.07731	0.01557	0.60318	0.01900	0.01690	0.01218	0.00657	0.00523	0.00171	0.00474	0.00512	0.00622	0.00888

[dist]
# distance from previous block
# <min> <max>
0	1

[block]
# block no. 11 follows, 43 sequences, length 29
# corresponding to MSA columns:
# 1003-1031
name=unknown_L
#
# <colnr> <probs for GDERKNQSTAVLIFYWHMCP>
#	G	D	E	R	K	N	Q	S	T	A	V	L	I	F	Y	W	H	M	C	P
0	0.01279	0.07343	0.01160	0.00857	0.01123	0.00912	0.00689	0.14294	0.01692	0.10581	0.44957	0.02966	0.03438	0.00907	0.00587	0.00163	0.00381	0.00770	0.00562	0.05339
1	0.01542	0.72699	0.02763	0.00998	0.01452	0.10142	0.00960	0.01716	0.01172	0.01308	0.00779	0.00900	0.00711	0.00484	0.00370	0.00121	0.00635	0.00302	0.00242	0.00704
2	0.08663	0.04570	0.01665	0.16463	0.28863	0.01135	0.01209	0.01650	0.01246	0.09999	0.07720	0.01597	0.01245	0.00572	0.00515	0.00158	0.00564	0.00498	0.00354	0.11315
3	0.01489	0.11215	0.09466	0.01031	0.01411	0.01215	0.00937	0.23714	0.01703	0.11080	0.10807	0.04491	0.13640	0.00864	0.00581	0.00172	0.01463	0.03487	0.00489	0.00743
