[name]
unknown

[dist]
# distance from previous block
# <min> <max>
0	40

[block]
# block no. 0 follows, 32 sequences, length 14
# corresponding to MSA columns:
# 54-67
name=unknown_A
#
# <colnr> <probs for GDERKNQSTAVLIFYWHMCP>
#	G	D	E	R	K	N	Q	S	T	A	V	L	I	F	Y	W	H	M	C	P
0	0.12431	0.01143	0.01452	0.04839	0.06217	0.01138	0.01038	0.05724	0.06248	0.31076	0.08713	0.06888	0.02246	0.00998	0.00684	0.00222	0.00570	0.06779	0.00662	0.00931
1	0.01098	0.00680	0.00879	0.00911	0.01043	0.00621	0.00643	0.01270	0.01487	0.09909	0.17644	0.42851	0.10593	0.05923	0.00960	0.00270	0.00405	0.01530	0.00658	0.00625
2	0.01221	0.00699	0.00850	0.00818	0.00900	0.00670	0.00523	0.01241	0.01142	0.10098	0.02509	0.10126	0.06842	0.47645	0.02603	0.09536	0.00591	0.01003	0.00478	0.00506
3	0.10890	0.00728	0.00840	0.00874	0.01012	0.00710	0.00616	0.01217	0.01391	0.04609	0.16065	0.36366	0.10052	0.10258	0.01072	0.00290	0.00424	0.01391	0.00601	0.00592
4	0.09130	0.00821	0.00973	0.00930	0.01123	0.00805	0.00686	0.03840	0.01521	0.12259	0.16760	0.21471	0.03426	0.13485	0.01159	0.00297	0.00473	0.04374	0.05793	0.00673
5	0.14531	0.01383	0.01493	0.01206	0.01635	0.01467	0.00975	0.29014	0.06064	0.17432	0.06591	0.02330	0.05084	0.04460	0.00771	0.00227	0.00595	0.00686	0.03095	0.00961
6	0.01711	0.01195	0.01368	0.01183	0.01516	0.01263	0.00926	0.16986	0.21175	0.10834	0.21670	0.09828	0.05181	0.01137	0.00728	0.00219	0.00503	0.00965	0.00705	0.00909
7	0.01727	0.00813	0.01047	0.00961	0.01217	0.00743	0.00744	0.01973	0.01616	0.27068	0.09645	0.20768	0.02946	0.01245	0.00696	0.00218	0.00442	0.05293	0.20051	0.00788
8	0.00865	0.00644	0.00774	0.00856	0.00970	0.00593	0.00598	0.01071	0.03447	0.01874	0.08884	0.46597	0.22931	0.01846	0.00811	0.00249	0.00371	0.01633	0.04410	0.00576
9	0.01661	0.01594	0.02724	0.04119	0.72233	0.01594	0.02059	0.02059	0.01528	0.02192	0.01262	0.01661	0.01063	0.00598	0.00664	0.00199	0.00797	0.00598	0.00332	0.01063
10	0.00838	0.00616	0.00788	0.00901	0.00984	0.00566	0.00627	0.00989	0.01390	0.01834	0.10707	0.56158	0.14434	0.01963	0.00844	0.00261	0.00385	0.04522	0.00634	0.00560
11	0.00842	0.00601	0.00806	0.00962	0.01011	0.00566	0.00665	0.00976	0.01309	0.01740	0.03685	0.69704	0.04385	0.02079	0.00863	0.00276	0.00410	0.07946	0.00622	0.00552
12	0.00829	0.00593	0.00789	0.00926	0.00976	0.00553	0.00624	0.00964	0.01340	0.01801	0.09834	0.69594	0.04608	0.02036	0.00851	0.00267	0.00383	0.01845	0.00633	0.00553
13	0.00914	0.00700	0.00964	0.00982	0.01112	0.00646	0.04480	0.01058	0.01357	0.01757	0.06355	0.36772	0.20650	0.06908	0.01129	0.05501	0.00466	0.07122	0.00574	0.00554

[dist]
# distance from previous block
# <min> <max>
0	2

[block]
# block no. 1 follows, 32 sequences, length 20
# corresponding to MSA columns:
# 70-89
name=unknown_B
#
# <colnr> <probs for GDERKNQSTAVLIFYWHMCP>
#	G	D	E	R	K	N	Q	S	T	A	V	L	I	F	Y	W	H	M	C	P
0	0.01381	0.01151	0.01335	0.00967	0.01530	0.00875	0.00771	0.01680	0.01393	0.02210	0.01266	0.01473	0.01047	0.00518	0.00495	0.00104	0.00483	0.00414	0.06285	0.74622
1	0.02443	0.01751	0.01902	0.01483	0.01983	0.01918	0.01214	0.61906	0.02961	0.07112	0.01812	0.07132	0.01408	0.00902	0.00685	0.00207	0.00705	0.00704	0.00675	0.01097
2	0.01307	0.00973	0.01283	0.01180	0.01392	0.01111	0.00934	0.16275	0.01533	0.02143	0.01756	0.02411	0.01560	0.04106	0.57742	0.00886	0.01565	0.00694	0.00428	0.00718
3	0.01568	0.01396	0.02263	0.24540	0.05860	0.01548	0.16412	0.04725	0.15912	0.06061	0.01683	0.02050	0.01298	0.02968	0.04426	0.00279	0.05001	0.00693	0.00437	0.00879
4	0.02551	0.01879	0.02014	0.01544	0.02081	0.02081	0.01275	0.69996	0.03155	0.04229	0.01611	0.01611	0.01141	0.00805	0.00671	0.00201	0.00738	0.00604	0.00671	0.01141
5	0.01862	0.01537	0.01626	0.01405	0.01818	0.01759	0.01109	0.18124	0.56148	0.03118	0.02486	0.02308	0.01849	0.00887	0.00680	0.00222	0.00576	0.00725	0.00680	0.01079
6	0.01696	0.60747	0.18731	0.01316	0.01981	0.02415	0.01440	0.02035	0.01375	0.01698	0.00992	0.01151	0.00859	0.00588	0.00476	0.00159	0.00778	0.00389	0.00286	0.00890
7	0.00965	0.00646	0.00735	0.00746	0.00749	0.00643	0.00422	0.00973	0.00997	0.01330	0.02225	0.09396	0.02579	0.71223	0.03236	0.00624	0.00632	0.01041	0.00422	0.00416
8	0.01511	0.30493	0.47366	0.01631	0.02469	0.01962	0.01989	0.02082	0.01397	0.01924	0.01104	0.01291	0.00854	0.00614	0.00561	0.00187	0.00891	0.00445	0.00285	0.00944
9	0.01019	0.00797	0.01141	0.17053	0.01796	0.00821	0.00903	0.01364	0.01777	0.02477	0.56388	0.04306	0.05140	0.01218	0.00765	0.00214	0.00443	0.01078	0.00642	0.00658
10	0.01493	0.01543	0.02472	0.01995	0.02144	0.01977	0.16442	0.01732	0.01149	0.01732	0.00985	0.01543	0.00911	0.01041	0.01893	0.00279	0.58961	0.00632	0.00304	0.00771
11	0.18775	0.01216	0.01788	0.58606	0.03893	0.01494	0.01614	0.01771	0.01298	0.01998	0.01136	0.01636	0.00858	0.00660	0.00615	0.00220	0.00812	0.00545	0.00324	0.00741
12	0.02617	0.02747	0.01826	0.01611	0.01995	0.57784	0.01228	0.02809	0.01906	0.17214	0.01390	0.01445	0.01039	0.00722	0.00620	0.00180	0.01070	0.00485	0.00452	0.00858
13	0.01166	0.00583	0.00874	0.00874	0.00874	0.00583	0.00583	0.00874	0.00874	0.01166	0.01166	0.02040	0.01166	0.02331	0.02622	0.80478	0.00583	0.00583	0.00291	0.00291
14	0.00839	0.00599	0.00803	0.00958	0.01007	0.00563	0.00660	0.00971	0.01305	0.01736	0.03687	0.70503	0.04392	0.02082	0.00862	0.00275	0.00408	0.07177	0.00622	0.00551
15	0.02775	0.01520	0.01791	0.01373	0.01901	0.01547	0.01134	0.37434	0.02552	0.37641	0.02117	0.01939	0.01395	0.00818	0.00673	0.00204	0.00657	0.00639	0.00749	0.01141
16	0.00909	0.00764	0.01008	0.17005	0.01743	0.00765	0.00844	0.01130	0.01429	0.01792	0.06892	0.25823	0.34284	0.01581	0.00785	0.00239	0.00475	0.01374	0.00556	0.00602
17	0.01669	0.01441	0.01517	0.01365	0.01745	0.01669	0.01062	0.03565	0.71021	0.02807	0.02731	0.02503	0.02048	0.00910	0.00683	0.00228	0.00531	0.00759	0.00683	0.01062
18	0.01607	0.01316	0.01753	0.06137	0.01864	0.04788	0.04536	0.07400	0.01451	0.09940	0.01852	0.17981	0.01814	0.01403	0.04684	0.00295	0.29036	0.00897	0.00466	0.00777
19	0.01794	0.01698	0.09676	0.03596	0.08287	0.04774	0.01355	0.25379	0.06154	0.04492	0.01713	0.05503	0.01421	0.01767	0.16735	0.00402	0.03150	0.00683	0.00496	0.00926

[dist]
# distance from previous block
# <min> <max>
0	1

[block]
# block no. 2 follows, 32 sequences, length 9
# corresponding to MSA columns:
# 91-96,99-101
name=unknown_C
#
# <colnr> <probs for GDERKNQSTAVLIFYWHMCP>
#	G	D	E	R	K	N	Q	S	T	A	V	L	I	F	Y	W	H	M	C	P
0	0.01565	0.06217	0.01646	0.05060	0.01828	0.01199	0.00940	0.10807	0.01622	0.02393	0.01231	0.01422	0.00999	0.00552	0.00525	0.00123	0.00565	0.00433	0.00421	0.60450
1	0.01334	0.01045	0.01599	0.32830	0.04987	0.01105	0.03797	0.01663	0.01467	0.09191	0.05121	0.10931	0.14465	0.01037	0.00710	0.00218	0.00662	0.00912	0.00473	0.06451
2	0.01956	0.01503	0.01922	0.10834	0.07104	0.04833	0.03826	0.13750	0.13398	0.14338	0.05190	0.02031	0.01537	0.00874	0.00945	0.00225	0.13574	0.00667	0.00541	0.00953
3	0.01451	0.12050	0.18318	0.11438	0.07603	0.01508	0.14648	0.01892	0.01447	0.05400	0.01756	0.14036	0.01632	0.00906	0.00692	0.00219	0.00823	0.02937	0.00393	0.00852
4	0.01166	0.00583	0.00874	0.00874	0.00874	0.00583	0.00583	0.00874	0.00874	0.01166	0.01166	0.02040	0.01166	0.02331	0.02622	0.80478	0.00583	0.00583	0.00291	0.00291
5	0.00959	0.00719	0.01078	0.01078	0.01198	0.00839	0.00839	0.01198	0.01078	0.01558	0.01797	0.02636	0.01677	0.05032	0.73760	0.01078	0.01797	0.00719	0.00359	0.00599
6	0.01371	0.01091	0.04812	0.01194	0.01312	0.01167	0.00948	0.01486	0.01155	0.08915	0.05166	0.02844	0.01839	0.27015	0.06710	0.07539	0.23636	0.00763	0.00413	0.00625
7	0.01607	0.32672	0.40218	0.01595	0.02374	0.07143	0.01865	0.02118	0.01430	0.01873	0.01084	0.01266	0.00855	0.00616	0.00553	0.00182	0.00898	0.00437	0.00289	0.00924
8	0.01876	0.12119	0.04722	0.03560	0.01983	0.08325	0.08053	0.09013	0.05943	0.12877	0.08949	0.02260	0.05493	0.00894	0.00869	0.00211	0.10768	0.00692	0.00507	0.00886

[dist]
# distance from previous block
# <min> <max>
1	5

[block]
# block no. 3 follows, 32 sequences, length 22
# corresponding to MSA columns:
# 107-128
name=unknown_D
#
# <colnr> <probs for GDERKNQSTAVLIFYWHMCP>
#	G	D	E	R	K	N	Q	S	T	A	V	L	I	F	Y	W	H	M	C	P
0	0.02265	0.02205	0.14086	0.01604	0.02192	0.06910	0.01464	0.47996	0.08639	0.03567	0.01599	0.01627	0.01151	0.00778	0.00662	0.00204	0.00796	0.00587	0.00583	0.01084
1	0.01609	0.02420	0.40515	0.01742	0.04067	0.01324	0.07825	0.02191	0.01582	0.14267	0.10648	0.02071	0.01727	0.00752	0.00672	0.00207	0.00818	0.00644	0.00447	0.04471
2	0.01172	0.00709	0.01003	0.00965	0.00965	0.00786	0.00668	0.00988	0.00911	0.01247	0.01291	0.02367	0.01346	0.14844	0.02703	0.56415	0.10288	0.00651	0.00311	0.00369
3	0.01621	0.01399	0.01496	0.01302	0.01718	0.01537	0.01016	0.03245	0.59120	0.02701	0.02468	0.02313	0.01868	0.00840	0.00651	0.00206	0.00525	0.00697	0.00634	0.14643
4	0.00818	0.00584	0.00779	0.00934	0.00973	0.00545	0.00623	0.00934	0.01285	0.01713	0.03698	0.75981	0.04438	0.02102	0.00856	0.00273	0.00389	0.01908	0.00623	0.00545
5	0.01717	0.64285	0.15383	0.01279	0.01924	0.02468	0.01376	0.02029	0.01372	0.01672	0.00979	0.01135	0.00859	0.00585	0.00466	0.00155	0.00764	0.00382	0.00286	0.00883
6	0.01008	0.00703	0.01001	0.01001	0.01127	0.00802	0.00776	0.01261	0.01135	0.01719	0.01864	0.02613	0.01685	0.04306	0.61233	0.00921	0.01544	0.00703	0.13996	0.00604
7	0.01668	0.01184	0.01420	0.01028	0.01611	0.00910	0.00828	0.01960	0.01482	0.14238	0.01441	0.01544	0.01108	0.00554	0.00527	0.00118	0.00510	0.00445	0.00472	0.66953
8	0.01391	0.01193	0.01391	0.00994	0.01590	0.00894	0.00795	0.01690	0.01391	0.02186	0.01193	0.01391	0.00994	0.00497	0.00497	0.00099	0.00497	0.00398	0.00398	0.80521
9	0.14777	0.00851	0.00898	0.00879	0.01006	0.00894	0.00591	0.07104	0.01270	0.01950	0.02267	0.21576	0.02537	0.38251	0.02022	0.00441	0.00570	0.01073	0.00485	0.00560
10	0.00976	0.00651	0.00732	0.00732	0.00732	0.00651	0.00407	0.00976	0.00976	0.01301	0.02114	0.04391	0.02439	0.76419	0.03415	0.00651	0.00651	0.00976	0.00407	0.00407
11	0.08248	0.01152	0.01519	0.01173	0.01685	0.01021	0.00969	0.03183	0.01868	0.68028	0.02532	0.02204	0.01598	0.00817	0.00657	0.00208	0.00567	0.00654	0.00803	0.01114
12	0.01038	0.00679	0.00988	0.01021	0.01114	0.00725	0.00763	0.01152	0.01139	0.03639	0.02226	0.18573	0.02319	0.03526	0.36876	0.16527	0.01138	0.05579	0.00434	0.00544
13	0.00991	0.00649	0.00768	0.00768	0.00776	0.00658	0.00452	0.00982	0.00974	0.01307	0.02010	0.04066	0.02277	0.65076	0.08211	0.07583	0.00724	0.00924	0.00393	0.00410
14	0.01426	0.02965	0.53274	0.02391	0.14821	0.01580	0.09888	0.02116	0.01454	0.02139	0.01231	0.01502	0.00905	0.00623	0.00659	0.00212	0.00974	0.00546	0.00298	0.00994
15	0.01645	0.00974	0.01375	0.15937	0.01985	0.02936	0.01043	0.01846	0.01348	0.20699	0.01810	0.02326	0.01456	0.05633	0.24466	0.11609	0.01051	0.00667	0.00466	0.00729
16	0.07093	0.00904	0.01100	0.00994	0.01253	0.00871	0.00755	0.06120	0.03100	0.19739	0.20879	0.20675	0.05394	0.05155	0.00869	0.00246	0.00459	0.01119	0.02503	0.00771
17	0.00826	0.00590	0.00786	0.00929	0.00975	0.00550	0.00623	0.00955	0.01323	0.01774	0.07951	0.71554	0.04556	0.02057	0.00852	0.00269	0.00385	0.01864	0.00630	0.00550
18	0.15349	0.01489	0.01665	0.01297	0.01807	0.01547	0.01071	0.32193	0.02334	0.31624	0.01920	0.01799	0.01284	0.00786	0.00632	0.00205	0.00636	0.00594	0.00694	0.01075
19	0.01426	0.01260	0.01765	0.19119	0.05419	0.07404	0.09937	0.03811	0.01438	0.05261	0.03445	0.12884	0.01894	0.14255	0.03678	0.02012	0.00812	0.00877	0.00427	0.02877
20	0.01534	0.01024	0.01112	0.00995	0.01238	0.07067	0.00749	0.01845	0.04808	0.16957	0.34147	0.05962	0.08749	0.09582	0.01040	0.00259	0.00497	0.01020	0.00673	0.00738
21	0.06318	0.01153	0.01518	0.01163	0.01684	0.01001	0.00958	0.03076	0.01840	0.63527	0.02446	0.02154	0.01562	0.00792	0.00648	0.00198	0.00562	0.00637	0.00775	0.07987

[dist]
# distance from previous block
# <min> <max>
13	24

[block]
# block no. 4 follows, 32 sequences, length 34
# corresponding to MSA columns:
# 162-195
name=unknown_E
#
# <colnr> <probs for GDERKNQSTAVLIFYWHMCP>
#	G	D	E	R	K	N	Q	S	T	A	V	L	I	F	Y	W	H	M	C	P
0	0.17405	0.07053	0.01566	0.01184	0.01632	0.20242	0.00942	0.01981	0.01444	0.02104	0.01140	0.01380	0.00963	0.01008	0.07448	0.00236	0.00827	0.00428	0.00376	0.30643
1	0.01221	0.05342	0.08015	0.01111	0.01398	0.01004	0.00967	0.01615	0.05709	0.07340	0.12683	0.06398	0.08726	0.02813	0.31917	0.00583	0.01074	0.00866	0.00496	0.00721
2	0.06415	0.01054	0.01276	0.01040	0.01430	0.00951	0.00805	0.02250	0.06234	0.28683	0.02174	0.05442	0.01799	0.15910	0.01180	0.00277	0.00558	0.02454	0.00598	0.19470
3	0.02417	0.01873	0.01933	0.01507	0.02024	0.06011	0.01235	0.58471	0.04702	0.03863	0.01625	0.01733	0.01202	0.00806	0.00662	0.00196	0.00741	0.02115	0.00634	0.06250
4	0.01415	0.08343	0.16370	0.05432	0.01989	0.01303	0.01283	0.03142	0.08101	0.03643	0.07833	0.04023	0.01780	0.00885	0.02115	0.00198	0.02195	0.04001	0.00444	0.25504
5	0.07927	0.01605	0.07077	0.08252	0.02082	0.05098	0.01214	0.17968	0.10409	0.18088	0.08464	0.02122	0.01760	0.00819	0.00653	0.00204	0.00669	0.00652	0.00602	0.04336
6	0.01485	0.00918	0.01030	0.00950	0.01206	0.00934	0.00720	0.02145	0.19458	0.12512	0.06239	0.10027	0.11328	0.05362	0.00812	0.00232	0.00436	0.00934	0.22486	0.00786
7	0.00891	0.00680	0.00847	0.02963	0.01076	0.00623	0.00633	0.01134	0.01666	0.02237	0.39133	0.18576	0.23928	0.01578	0.00800	0.00227	0.00353	0.01381	0.00672	0.00602
8	0.00901	0.00658	0.00873	0.06104	0.01207	0.00634	0.00683	0.01033	0.01358	0.01790	0.12623	0.41089	0.14653	0.04399	0.01079	0.07868	0.00435	0.01489	0.00576	0.00545
9	0.00976	0.00651	0.00732	0.00732	0.00732	0.00651	0.00407	0.00976	0.00976	0.01301	0.02114	0.04391	0.02439	0.76419	0.03415	0.00651	0.00651	0.00976	0.00407	0.00407
10	0.01626	0.01742	0.03548	0.02584	0.03183	0.01702	0.56871	0.07279	0.01668	0.02268	0.01457	0.02061	0.01161	0.00686	0.00877	0.00233	0.05678	0.04102	0.00376	0.00898
11	0.01267	0.01193	0.02013	0.74806	0.04621	0.01491	0.01863	0.01714	0.01342	0.01714	0.01193	0.01789	0.00894	0.00671	0.00671	0.00224	0.00894	0.00596	0.00298	0.00745
12	0.05510	0.00923	0.01124	0.01045	0.01278	0.00908	0.00780	0.11068	0.01729	0.15880	0.12255	0.34901	0.03429	0.04854	0.00880	0.00256	0.00481	0.01276	0.00665	0.00757
13	0.02309	0.01759	0.01877	0.01495	0.01989	0.01968	0.01217	0.51764	0.21781	0.03839	0.01918	0.01856	0.01390	0.00834	0.00674	0.00209	0.00681	0.00647	0.00674	0.01119
14	0.00950	0.00686	0.00897	0.00844	0.01002	0.00633	0.00633	0.01266	0.01899	0.02691	0.71879	0.05012	0.06331	0.01372	0.00791	0.00211	0.00317	0.01213	0.00739	0.00633
15	0.00970	0.00851	0.04456	0.00846	0.01105	0.00666	0.00706	0.01215	0.01609	0.04999	0.17852	0.05869	0.47016	0.01564	0.00793	0.00230	0.00405	0.07585	0.00635	0.00629
16	0.01323	0.00768	0.01005	0.00944	0.01146	0.00704	0.00706	0.03043	0.01757	0.15255	0.37805	0.23499	0.06453	0.01464	0.00785	0.00227	0.00392	0.01293	0.00720	0.00712
17	0.02148	0.01641	0.01766	0.01427	0.01883	0.01826	0.01154	0.44548	0.22380	0.03678	0.08590	0.02188	0.01892	0.00889	0.00686	0.00210	0.00639	0.00706	0.00681	0.01070
18	0.01708	0.62729	0.16856	0.01295	0.01949	0.02444	0.01404	0.02031	0.01374	0.01684	0.00985	0.01142	0.00859	0.00586	0.00470	0.00157	0.00770	0.00385	0.00286	0.00886
19	0.01230	0.00865	0.01038	0.00965	0.01190	0.00835	0.00727	0.04946	0.08715	0.06784	0.26755	0.14178	0.11797	0.07948	0.00996	0.00259	0.00442	0.04470	0.00652	0.05207
20	0.00992	0.00745	0.00931	0.00920	0.01085	0.00720	0.00690	0.01413	0.08297	0.02429	0.44694	0.16907	0.10486	0.01505	0.00801	0.00230	0.00370	0.05435	0.00698	0.00653
21	0.01001	0.00716	0.00916	0.01002	0.01098	0.00702	0.00723	0.05921	0.01473	0.01968	0.07825	0.50277	0.04087	0.07622	0.01046	0.00298	0.00464	0.11654	0.00616	0.00593
22	0.01085	0.00677	0.00868	0.00879	0.00969	0.00657	0.00597	0.01184	0.01256	0.07068	0.09361	0.24404	0.06678	0.26270	0.09664	0.05454	0.00643	0.01210	0.00531	0.00546
23	0.06784	0.00796	0.01051	0.05749	0.01343	0.00854	0.00798	0.01354	0.01299	0.06013	0.10097	0.14092	0.07852	0.05402	0.23153	0.05491	0.03048	0.00965	0.03237	0.00621
24	0.25820	0.01324	0.01458	0.01169	0.01650	0.01358	0.00960	0.13320	0.06780	0.36575	0.01988	0.01843	0.01333	0.00771	0.00598	0.00208	0.00579	0.00578	0.00673	0.01014
25	0.06475	0.00786	0.00913	0.00856	0.01099	0.00718	0.00650	0.01549	0.01596	0.15056	0.17152	0.16193	0.25550	0.01404	0.00732	0.00221	0.00395	0.01194	0.06765	0.00696
26	0.01090	0.00894	0.01085	0.01046	0.01159	0.04718	0.00788	0.01256	0.01423	0.01932	0.24727	0.14369	0.08930	0.02149	0.13031	0.09362	0.09862	0.01063	0.00525	0.00591
27	0.07034	0.01212	0.05078	0.06798	0.12265	0.01111	0.01191	0.02241	0.03307	0.27073	0.09334	0.06535	0.02073	0.01427	0.09982	0.00323	0.00763	0.00762	0.00580	0.00910
28	0.01265	0.00812	0.01102	0.01050	0.01197	0.00876	0.00795	0.06551	0.01282	0.06736	0.01916	0.03033	0.01820	0.15057	0.37659	0.11711	0.01209	0.04893	0.00431	0.00608
29	0.01528	0.00734	0.00855	0.00785	0.00999	0.00695	0.00595	0.01805	0.01539	0.16309	0.10634	0.06516	0.02428	0.04760	0.00717	0.00204	0.00385	0.00787	0.47012	0.00713
30	0.02048	0.01802	0.01980	0.07424	0.08849	0.12449	0.04222	0.19071	0.21449	0.07232	0.01793	0.01864	0.01343	0.00798	0.00747	0.00212	0.04547	0.00632	0.00542	0.00997
31	0.09832	0.01531	0.01710	0.06098	0.02006	0.01655	0.01145	0.35947	0.09220	0.17153	0.02097	0.02039	0.04866	0.00840	0.00655	0.00208	0.00654	0.00651	0.00653	0.01039
32	0.12434	0.01013	0.01216	0.04712	0.01430	0.01074	0.00833	0.14394	0.01503	0.08843	0.01660	0.03827	0.04203	0.01553	0.01551	0.37430	0.00603	0.00634	0.00454	0.00632
33	0.01508	0.06508	0.01551	0.08016	0.01824	0.01110	0.00926	0.05973	0.01514	0.05726	0.01529	0.07254	0.01328	0.00696	0.00554	0.00143	0.00549	0.00571	0.05604	0.47118

[dist]
# distance from previous block
# <min> <max>
0	42

[block]
# block no. 5 follows, 32 sequences, length 42
# corresponding to MSA columns:
# 238-279
name=unknown_F
#
# <colnr> <probs for GDERKNQSTAVLIFYWHMCP>
#	G	D	E	R	K	N	Q	S	T	A	V	L	I	F	Y	W	H	M	C	P
0	0.07223	0.00902	0.01069	0.02494	0.01284	0.00900	0.00755	0.03051	0.10686	0.07327	0.23459	0.20913	0.05016	0.04299	0.00869	0.01657	0.00446	0.01125	0.00630	0.05895
1	0.01697	0.01023	0.01323	0.05948	0.01598	0.01039	0.00925	0.06536	0.05717	0.19920	0.22951	0.08752	0.03122	0.01089	0.00810	0.00213	0.05771	0.00904	0.05854	0.04807
2	0.01324	0.00916	0.01081	0.00975	0.01227	0.00897	0.00748	0.10475	0.06525	0.08139	0.32396	0.12049	0.17858	0.01367	0.00767	0.00220	0.00418	0.01175	0.00698	0.00746
3	0.06446	0.00775	0.00946	0.00940	0.01106	0.00749	0.00704	0.01440	0.01428	0.10612	0.12678	0.14817	0.08261	0.21002	0.01472	0.00354	0.00520	0.14533	0.00594	0.00623
4	0.01115	0.00704	0.00921	0.00960	0.01098	0.00640	0.00683	0.01276	0.01398	0.09036	0.08681	0.49052	0.03905	0.07055	0.00994	0.00279	0.00441	0.05307	0.00623	0.05832
5	0.01019	0.00651	0.00841	0.00921	0.01031	0.00603	0.00655	0.01193	0.01427	0.06568	0.10462	0.50376	0.08720	0.01812	0.00810	0.00253	0.00398	0.05379	0.06275	0.00604
6	0.07070	0.01166	0.01231	0.01147	0.01432	0.01309	0.00869	0.02668	0.43340	0.02563	0.07150	0.11243	0.02513	0.06026	0.00854	0.00253	0.00490	0.00898	0.06905	0.00872
7	0.01331	0.00830	0.01014	0.00947	0.01139	0.00800	0.00688	0.06059	0.04596	0.11821	0.21429	0.20205	0.09191	0.15367	0.01265	0.00307	0.00469	0.01207	0.00648	0.00688
8	0.16003	0.00770	0.00838	0.00861	0.00995	0.00784	0.00591	0.01314	0.01215	0.05930	0.02573	0.32630	0.02840	0.22738	0.01464	0.00356	0.00493	0.01200	0.05826	0.00579
9	0.02095	0.30489	0.02431	0.01390	0.01815	0.22415	0.01177	0.10547	0.01752	0.07540	0.01373	0.06601	0.01214	0.00803	0.00674	0.00183	0.05661	0.00559	0.00418	0.00863
10	0.07734	0.01213	0.01509	0.01147	0.01679	0.01069	0.00941	0.07155	0.01820	0.46315	0.02109	0.01942	0.01402	0.00733	0.00614	0.00181	0.00560	0.00582	0.00686	0.20608
11	0.62277	0.01361	0.01186	0.01005	0.01448	0.01531	0.00829	0.11447	0.01499	0.10391	0.01204	0.01285	0.00880	0.00669	0.00477	0.00207	0.00555	0.00429	0.00493	0.00827
12	0.00830	0.00589	0.00775	0.00918	0.00954	0.00553	0.00606	0.00938	0.01260	0.01680	0.03573	0.70338	0.04280	0.07960	0.01058	0.00302	0.00410	0.01834	0.00606	0.00534
13	0.00833	0.00612	0.00767	0.00871	0.00948	0.00562	0.00590	0.00965	0.01350	0.01772	0.08951	0.54362	0.16018	0.06836	0.01008	0.00285	0.00393	0.01713	0.00617	0.00546
14	0.00944	0.00672	0.00914	0.00996	0.01098	0.00670	0.00756	0.01118	0.01333	0.01781	0.08147	0.27424	0.08942	0.05444	0.14841	0.05649	0.00724	0.17439	0.00550	0.00559
15	0.00926	0.00667	0.00875	0.00860	0.00997	0.00617	0.00631	0.01206	0.01788	0.02513	0.59516	0.17880	0.05988	0.01504	0.00803	0.00222	0.00330	0.01339	0.00718	0.00617
16	0.01794	0.76823	0.03516	0.01148	0.01722	0.02655	0.01148	0.02009	0.01363	0.01579	0.00933	0.01076	0.00861	0.00574	0.00431	0.00144	0.00718	0.00359	0.00287	0.00861
17	0.01468	0.01468	0.02055	0.01762	0.01762	0.02055	0.01468	0.01615	0.01028	0.01615	0.00881	0.01468	0.00881	0.01174	0.02202	0.00294	0.75191	0.00587	0.00294	0.00734
18	0.00878	0.00688	0.00797	0.00783	0.00976	0.00607	0.00596	0.01120	0.01692	0.02207	0.35038	0.05889	0.39421	0.01565	0.00800	0.00224	0.00346	0.05100	0.00673	0.00598
19	0.01416	0.01392	0.01956	0.01692	0.01704	0.01931	0.01404	0.01572	0.01033	0.01609	0.00974	0.01587	0.00962	0.01567	0.09488	0.00374	0.67718	0.00601	0.00300	0.00720
20	0.00960	0.00644	0.00737	0.00752	0.00756	0.00640	0.00429	0.00972	0.01007	0.01343	0.02275	0.11680	0.02643	0.68852	0.03155	0.00612	0.00624	0.01071	0.00429	0.00421
21	0.01572	0.01775	0.03765	0.02719	0.03329	0.01733	0.62839	0.02095	0.01527	0.02095	0.01309	0.01775	0.01004	0.00628	0.00935	0.00233	0.08672	0.00771	0.00335	0.00888
22	0.00959	0.00719	0.01078	0.01078	0.01198	0.00839	0.00839	0.01198	0.01078	0.01558	0.01797	0.02636	0.01677	0.05032	0.73760	0.01078	0.01797	0.00719	0.00359	0.00599
23	0.02421	0.03019	0.01862	0.01692	0.02041	0.66388	0.01273	0.02770	0.08939	0.01761	0.01210	0.01342	0.00985	0.00714	0.00613	0.00178	0.01141	0.00465	0.00380	0.00807
24	0.81159	0.01298	0.00986	0.00882	0.01298	0.01505	0.00727	0.01972	0.01142	0.03010	0.00934	0.01090	0.00727	0.00623	0.00415	0.00208	0.00519	0.00363	0.00415	0.00727
25	0.01042	0.00717	0.00965	0.01074	0.01200	0.00719	0.00878	0.01301	0.01436	0.01963	0.05775	0.15422	0.03548	0.06881	0.06769	0.00368	0.00640	0.40022	0.08686	0.00594
26	0.01041	0.00641	0.00858	0.00961	0.01049	0.00590	0.00660	0.01172	0.01349	0.08941	0.03591	0.68477	0.04155	0.01973	0.00838	0.00266	0.00408	0.01782	0.00644	0.00606
27	0.00857	0.00619	0.00800	0.00912	0.00983	0.00578	0.00631	0.01003	0.01364	0.01813	0.10772	0.54074	0.09785	0.06805	0.01016	0.00290	0.00410	0.06116	0.00620	0.00552
28	0.81159	0.01298	0.00986	0.00882	0.01298	0.01505	0.00727	0.01972	0.01142	0.03010	0.00934	0.01090	0.00727	0.00623	0.00415	0.00208	0.00519	0.00363	0.00415	0.00727
29	0.00813	0.00600	0.00762	0.00891	0.00962	0.00549	0.00603	0.00939	0.01327	0.01730	0.04230	0.64045	0.16031	0.02033	0.00846	0.00265	0.00381	0.01823	0.00623	0.00549
30	0.00828	0.00588	0.00776	0.00921	0.00958	0.00552	0.00609	0.00937	0.01265	0.01686	0.03595	0.71332	0.04308	0.06928	0.01023	0.00297	0.00406	0.01847	0.00609	0.00536
31	0.01045	0.00749	0.00848	0.00843	0.01041	0.00687	0.00616	0.01345	0.06970	0.06913	0.09488	0.21773	0.37522	0.05899	0.00940	0.00259	0.00399	0.01387	0.00638	0.00637
32	0.01137	0.00676	0.00897	0.00948	0.01071	0.00627	0.00671	0.01257	0.01351	0.11007	0.03571	0.49145	0.10534	0.02103	0.05757	0.05989	0.00515	0.01523	0.00609	0.00611
33	0.02372	0.01656	0.01804	0.01417	0.01892	0.01803	0.01156	0.56157	0.02825	0.08449	0.01865	0.06978	0.01447	0.00897	0.00671	0.00204	0.00674	0.00702	0.05966	0.01065
34	0.01422	0.00784	0.01043	0.01041	0.01242	0.00733	0.00809	0.01687	0.03012	0.17778	0.12599	0.29425	0.03763	0.01574	0.00800	0.00251	0.00470	0.16196	0.04649	0.00721
35	0.18179	0.01236	0.01383	0.01145	0.01565	0.01274	0.00916	0.08077	0.15659	0.31075	0.05654	0.02310	0.01794	0.05812	0.00810	0.00240	0.00558	0.00670	0.00672	0.00969
36	0.01249	0.00908	0.01363	0.03257	0.15469	0.00919	0.02410	0.01496	0.01336	0.05895	0.02318	0.18636	0.02342	0.09650	0.15661	0.00441	0.00823	0.05378	0.09743	0.00706
37	0.00997	0.00659	0.00807	0.00855	0.00962	0.00604	0.00581	0.01120	0.01345	0.06422	0.07333	0.39201	0.17532	0.16798	0.01341	0.00332	0.00440	0.01505	0.00599	0.00566
38	0.01488	0.01247	0.02019	0.55768	0.03962	0.01467	0.05094	0.07200	0.01548	0.06676	0.01484	0.02184	0.01164	0.00764	0.00694	0.00226	0.00854	0.04970	0.00386	0.00803
39	0.01484	0.04957	0.18840	0.14324	0.11253	0.10732	0.11440	0.01921	0.01480	0.01916	0.01612	0.13872	0.01504	0.00875	0.00692	0.00217	0.00889	0.00788	0.00364	0.00840
40	0.27527	0.13141	0.07129	0.01534	0.04392	0.08938	0.11305	0.02116	0.01447	0.06999	0.05757	0.01598	0.01257	0.00697	0.00626	0.00201	0.03559	0.00535	0.00409	0.00831
41	0.01654	0.08350	0.09879	0.17825	0.09362	0.13693	0.14001	0.03243	0.01488	0.01864	0.01164	0.01571	0.00939	0.00773	0.00889	0.04777	0.06812	0.00573	0.00320	0.00825

[dist]
# distance from previous block
# <min> <max>
2	14

[block]
# block no. 6 follows, 32 sequences, length 14
# corresponding to MSA columns:
# 303-316
name=unknown_G
#
# <colnr> <probs for GDERKNQSTAVLIFYWHMCP>
#	G	D	E	R	K	N	Q	S	T	A	V	L	I	F	Y	W	H	M	C	P
0	0.01428	0.01202	0.01958	0.05875	0.15557	0.01222	0.13104	0.07653	0.01577	0.04595	0.02244	0.26147	0.02271	0.01176	0.00806	0.00233	0.03743	0.02468	0.05934	0.00806
1	0.56081	0.01214	0.01121	0.00966	0.01385	0.01313	0.00787	0.02244	0.01352	0.20910	0.01545	0.05981	0.01195	0.00767	0.00509	0.00212	0.00525	0.00538	0.00535	0.00823
2	0.15041	0.01166	0.01469	0.01146	0.01649	0.01066	0.00946	0.03070	0.01801	0.61970	0.02383	0.02100	0.01517	0.00799	0.00635	0.00208	0.00563	0.00627	0.00767	0.01078
3	0.04306	0.00820	0.01033	0.00932	0.01144	0.00767	0.00676	0.01750	0.01485	0.23081	0.14743	0.13241	0.04854	0.23920	0.03945	0.00379	0.00559	0.01032	0.00625	0.00706
4	0.01238	0.00765	0.00990	0.00996	0.01157	0.00740	0.00721	0.01571	0.07613	0.12017	0.15501	0.40768	0.03977	0.03650	0.04728	0.00300	0.00495	0.01422	0.00659	0.00690
5	0.00945	0.00674	0.00904	0.00926	0.00989	0.00726	0.00644	0.01076	0.01069	0.01482	0.02187	0.13690	0.02358	0.31776	0.36674	0.00801	0.01162	0.00985	0.00415	0.00518
6	0.02460	0.01169	0.01467	0.01167	0.01606	0.01113	0.00949	0.13020	0.05603	0.44012	0.12266	0.02594	0.02267	0.00904	0.00677	0.00205	0.00541	0.00741	0.06208	0.01030
7	0.04757	0.00815	0.00976	0.00899	0.01104	0.00786	0.00672	0.06022	0.01757	0.08434	0.37001	0.11344	0.09659	0.08134	0.00987	0.00255	0.00415	0.01126	0.04176	0.00680
8	0.00931	0.00689	0.00883	0.00981	0.01076	0.00675	0.00695	0.01251	0.07715	0.01971	0.13255	0.54589	0.04450	0.01874	0.00836	0.00262	0.00407	0.06204	0.00644	0.00609
9	0.00879	0.00627	0.00793	0.00897	0.00992	0.00582	0.00639	0.01052	0.01409	0.01898	0.10445	0.48412	0.13947	0.01867	0.00822	0.00256	0.00391	0.07658	0.05866	0.00568
10	0.01242	0.01016	0.01092	0.01154	0.01316	0.07432	0.00920	0.01638	0.08513	0.01961	0.02961	0.12105	0.03117	0.12164	0.01188	0.00323	0.00626	0.34786	0.05804	0.00641
11	0.01379	0.00843	0.01039	0.01007	0.01162	0.00836	0.00743	0.07616	0.01466	0.10853	0.02687	0.14752	0.02829	0.32492	0.01890	0.00422	0.00604	0.16182	0.00563	0.00634
12	0.01680	0.12247	0.02836	0.03698	0.62249	0.01744	0.01930	0.02052	0.01505	0.02105	0.01215	0.01578	0.01034	0.00594	0.00631	0.00191	0.00786	0.00564	0.00326	0.01034
13	0.01473	0.01484	0.02143	0.01811	0.01842	0.02039	0.04601	0.01639	0.01053	0.01639	0.00903	0.01484	0.00887	0.01146	0.02137	0.00291	0.71795	0.00597	0.00296	0.00742

[dist]
# distance from previous block
# <min> <max>
0	1

[block]
# block no. 7 follows, 32 sequences, length 23
# corresponding to MSA columns:
# 318-340
name=unknown_H
#
# <colnr> <probs for GDERKNQSTAVLIFYWHMCP>
#	G	D	E	R	K	N	Q	S	T	A	V	L	I	F	Y	W	H	M	C	P
0	0.00809	0.00618	0.00743	0.00842	0.00949	0.00553	0.00582	0.00945	0.01373	0.01749	0.04816	0.50912	0.28786	0.01957	0.00834	0.00256	0.00371	0.01730	0.00623	0.00553
1	0.00955	0.00682	0.00876	0.00876	0.00944	0.00725	0.00599	0.01070	0.01060	0.01448	0.02322	0.03792	0.07219	0.40376	0.33332	0.00803	0.01119	0.00898	0.00402	0.00501
2	0.00905	0.00638	0.00817	0.00906	0.01003	0.00583	0.00623	0.01064	0.01338	0.01873	0.07281	0.59979	0.04054	0.01826	0.00792	0.00246	0.00386	0.01644	0.07610	0.06430
3	0.01583	0.01167	0.01384	0.01208	0.01514	0.01274	0.00945	0.15730	0.17518	0.06257	0.02006	0.02451	0.01674	0.08987	0.27259	0.00557	0.01040	0.00703	0.00528	0.06216
4	0.01311	0.00829	0.01232	0.01135	0.01357	0.00758	0.06801	0.01547	0.01572	0.14392	0.16152	0.33674	0.08513	0.01563	0.00808	0.00245	0.00486	0.06264	0.00655	0.00704
5	0.11991	0.01117	0.01428	0.01124	0.01597	0.01014	0.00922	0.02929	0.01827	0.57921	0.08968	0.02401	0.01991	0.00857	0.00655	0.00208	0.00541	0.00689	0.00773	0.01045
6	0.01277	0.01071	0.01269	0.00982	0.01467	0.00825	0.00761	0.01539	0.01370	0.02092	0.01692	0.16259	0.01680	0.00817	0.00569	0.00134	0.00475	0.00699	0.00442	0.64580
7	0.00901	0.00628	0.00786	0.00847	0.00945	0.00584	0.00590	0.01091	0.01474	0.02049	0.22720	0.39517	0.10547	0.05451	0.00924	0.00259	0.00370	0.01502	0.08242	0.00572
8	0.00942	0.00692	0.00984	0.00995	0.01100	0.00755	0.00743	0.01157	0.01220	0.01727	0.12759	0.12034	0.02789	0.10400	0.47599	0.00811	0.01300	0.00961	0.00453	0.00581
9	0.01507	0.00774	0.00965	0.00891	0.01039	0.00725	0.00600	0.01597	0.01284	0.20917	0.02516	0.15371	0.02549	0.43725	0.02252	0.00468	0.00587	0.01044	0.00558	0.00630
10	0.01481	0.00809	0.01032	0.00905	0.01177	0.00716	0.00704	0.01751	0.01827	0.21674	0.39188	0.04570	0.18903	0.01293	0.00760	0.00213	0.00391	0.01109	0.00739	0.00758
11	0.00957	0.00712	0.01039	0.01028	0.01156	0.00794	0.00794	0.01213	0.01256	0.01803	0.16978	0.03151	0.02686	0.04239	0.57954	0.00890	0.01477	0.00826	0.00442	0.00606
12	0.00837	0.00592	0.00773	0.00910	0.00944	0.00558	0.00597	0.00939	0.01247	0.01663	0.03506	0.67313	0.04196	0.11100	0.01166	0.00318	0.00421	0.01795	0.00597	0.00528
13	0.01094	0.00661	0.00866	0.00909	0.00998	0.00619	0.00618	0.01201	0.01338	0.08504	0.11405	0.42823	0.03831	0.14923	0.01398	0.05734	0.00457	0.01453	0.00596	0.00571
14	0.36441	0.01332	0.01477	0.19925	0.02322	0.01519	0.01137	0.10372	0.06242	0.11250	0.01410	0.01571	0.01022	0.00702	0.00561	0.00212	0.00649	0.00516	0.00484	0.00854
15	0.01904	0.01417	0.01894	0.05235	0.01920	0.01764	0.01331	0.08083	0.07580	0.17349	0.01505	0.01764	0.01176	0.01019	0.01528	0.00258	0.42285	0.00623	0.00477	0.00887
16	0.01075	0.00910	0.01294	0.01218	0.01316	0.01128	0.00971	0.01284	0.01108	0.01597	0.02037	0.02698	0.08186	0.03713	0.48221	0.00793	0.20702	0.00751	0.00368	0.00631
17	0.01188	0.00635	0.00668	0.00662	0.00804	0.00629	0.00483	0.01471	0.01426	0.02410	0.10620	0.02986	0.02347	0.08079	0.00790	0.00210	0.00345	0.00730	0.62912	0.00605
18	0.06719	0.00927	0.01217	0.09971	0.01674	0.01010	0.00946	0.06555	0.01440	0.08769	0.02397	0.06636	0.07944	0.04276	0.27804	0.00550	0.01034	0.04621	0.04800	0.00710
19	0.11058	0.01242	0.05014	0.18947	0.05099	0.01220	0.01182	0.03459	0.09613	0.04635	0.12194	0.07803	0.04433	0.00918	0.00654	0.00206	0.00605	0.00775	0.00495	0.10449
20	0.06093	0.01356	0.01709	0.19993	0.13146	0.07615	0.01293	0.03451	0.01528	0.05927	0.10638	0.02235	0.01790	0.05863	0.00876	0.00225	0.03135	0.00652	0.00431	0.12042
21	0.11756	0.01687	0.01987	0.03130	0.10054	0.10137	0.09456	0.13407	0.03365	0.04234	0.01309	0.01504	0.01018	0.00628	0.00595	0.00173	0.00747	0.00521	0.00440	0.23849
22	0.01919	0.10483	0.02001	0.03716	0.06631	0.03064	0.06123	0.10853	0.04515	0.16889	0.03160	0.08500	0.02730	0.00831	0.00638	0.00186	0.00651	0.00706	0.00537	0.15865

[dist]
# distance from previous block
# <min> <max>
0	123

[block]
# block no. 8 follows, 32 sequences, length 8
# corresponding to MSA columns:
# 464-471
name=unknown_I
#
# <colnr> <probs for GDERKNQSTAVLIFYWHMCP>
#	G	D	E	R	K	N	Q	S	T	A	V	L	I	F	Y	W	H	M	C	P
0	0.01507	0.01095	0.01434	0.08232	0.09811	0.01151	0.01036	0.07244	0.14438	0.08980	0.12210	0.10128	0.04212	0.11998	0.01161	0.02476	0.00585	0.00924	0.00570	0.00808
1	0.01703	0.01892	0.08010	0.26182	0.09261	0.17927	0.01616	0.02119	0.04736	0.05524	0.01396	0.05184	0.01161	0.00813	0.00841	0.00219	0.09593	0.00624	0.00372	0.00827
2	0.00935	0.00634	0.00744	0.00784	0.00793	0.00624	0.00462	0.00965	0.01055	0.01406	0.02519	0.22674	0.02950	0.57440	0.02762	0.00554	0.00584	0.01214	0.00462	0.00442
3	0.01188	0.00714	0.00896	0.00885	0.01051	0.00645	0.00634	0.01362	0.01512	0.12591	0.17391	0.29797	0.16692	0.10157	0.01096	0.00285	0.00423	0.01387	0.00652	0.00641
4	0.01835	0.01558	0.05740	0.13787	0.12267	0.01583	0.06102	0.14239	0.16411	0.10351	0.01877	0.05380	0.01460	0.00828	0.00743	0.00220	0.03402	0.00710	0.00525	0.00983
5	0.01014	0.00639	0.00854	0.00950	0.01039	0.00589	0.00655	0.01158	0.01384	0.07848	0.08601	0.64489	0.04339	0.01940	0.00836	0.00262	0.00399	0.01751	0.00649	0.00602
6	0.48390	0.01258	0.01214	0.01015	0.01451	0.01348	0.00833	0.07463	0.01559	0.22096	0.06277	0.01722	0.01394	0.00744	0.00531	0.00207	0.00536	0.00524	0.00570	0.00865
7	0.12011	0.01128	0.01327	0.01129	0.01502	0.01123	0.00912	0.12466	0.03903	0.27784	0.09510	0.08012	0.05324	0.03293	0.00776	0.00236	0.00548	0.07433	0.00685	0.00899

[dist]
# distance from previous block
# <min> <max>
0	6

[block]
# block no. 9 follows, 32 sequences, length 15
# corresponding to MSA columns:
# 478-492
name=unknown_J
#
# <colnr> <probs for GDERKNQSTAVLIFYWHMCP>
#	G	D	E	R	K	N	Q	S	T	A	V	L	I	F	Y	W	H	M	C	P
0	0.01298	0.00882	0.01156	0.08484	0.01588	0.00896	0.00905	0.01753	0.09389	0.10760	0.18987	0.10426	0.13496	0.01627	0.06172	0.00298	0.00589	0.09932	0.00628	0.00733
1	0.01267	0.00911	0.01099	0.01011	0.01239	0.00923	0.00769	0.05151	0.15917	0.06325	0.43938	0.11379	0.04776	0.01296	0.00764	0.00220	0.00401	0.01134	0.00717	0.00762
2	0.06913	0.00699	0.00838	0.00896	0.01024	0.00664	0.00631	0.01189	0.01365	0.06106	0.07988	0.44869	0.13176	0.07696	0.01004	0.00284	0.00424	0.03029	0.00610	0.00593
3	0.06002	0.01263	0.01511	0.01217	0.01654	0.01261	0.00978	0.16162	0.10757	0.37113	0.06525	0.04413	0.01963	0.05047	0.00826	0.00235	0.00581	0.00740	0.00727	0.01026
4	0.06893	0.00892	0.01073	0.00977	0.01230	0.00878	0.00749	0.01901	0.11026	0.13837	0.37629	0.11197	0.06538	0.01256	0.00739	0.00219	0.00408	0.01084	0.00708	0.00768
5	0.00928	0.00630	0.00746	0.00793	0.00805	0.00618	0.00472	0.00963	0.01069	0.01426	0.02595	0.26114	0.03046	0.53869	0.02639	0.00536	0.00571	0.01258	0.00472	0.00449
6	0.31998	0.01072	0.01151	0.00990	0.01356	0.01084	0.00784	0.02217	0.01500	0.28355	0.08223	0.10017	0.02063	0.05461	0.00770	0.00241	0.00514	0.00754	0.00618	0.00833
7	0.01405	0.00847	0.01048	0.00956	0.01175	0.00816	0.00730	0.07784	0.01795	0.12295	0.30545	0.09988	0.06185	0.08977	0.01020	0.00262	0.00452	0.05660	0.07343	0.00716
8	0.10854	0.01135	0.01380	0.01107	0.01552	0.01046	0.00891	0.07803	0.01792	0.37318	0.07350	0.09632	0.02046	0.00927	0.00648	0.00198	0.00531	0.00760	0.00683	0.12346
9	0.00936	0.00619	0.00764	0.00822	0.00837	0.00604	0.00505	0.00950	0.01081	0.01442	0.02612	0.30981	0.03059	0.41071	0.02376	0.08588	0.00546	0.01285	0.00476	0.00447
10	0.34475	0.01050	0.01073	0.00949	0.01296	0.01074	0.00745	0.02032	0.01413	0.22455	0.02481	0.12876	0.08835	0.05541	0.00770	0.00245	0.00505	0.00816	0.00584	0.00784
11	0.02021	0.01566	0.01729	0.01293	0.01857	0.01539	0.01056	0.38790	0.02349	0.03296	0.01420	0.01511	0.01074	0.00665	0.00592	0.00155	0.00628	0.00510	0.00546	0.37406
12	0.00900	0.00654	0.00804	0.00818	0.00928	0.00606	0.00568	0.01085	0.01519	0.02056	0.32322	0.21718	0.15225	0.16217	0.01318	0.00313	0.00402	0.01361	0.00629	0.00558
13	0.01009	0.00656	0.00838	0.00930	0.01045	0.00608	0.00674	0.01179	0.01395	0.06068	0.03913	0.48800	0.12849	0.01846	0.00817	0.00258	0.00416	0.09638	0.06461	0.00598
14	0.01227	0.00849	0.01143	0.10833	0.01574	0.00878	0.00851	0.08187	0.01619	0.03947	0.25414	0.13964	0.05619	0.03040	0.01204	0.16933	0.00516	0.01028	0.00555	0.00622

[dist]
# distance from previous block
# <min> <max>
0	14

[block]
# block no. 10 follows, 32 sequences, length 8
# corresponding to MSA columns:
# 507-514
name=unknown_K
#
# <colnr> <probs for GDERKNQSTAVLIFYWHMCP>
#	G	D	E	R	K	N	Q	S	T	A	V	L	I	F	Y	W	H	M	C	P
0	0.26431	0.01519	0.01990	0.01590	0.01983	0.06944	0.16601	0.02147	0.01411	0.13385	0.01464	0.05983	0.01198	0.00830	0.00888	0.00228	0.13486	0.00645	0.00450	0.00827
1	0.00892	0.00639	0.00830	0.00947	0.01021	0.00607	0.00678	0.01043	0.01337	0.01764	0.06434	0.46417	0.08459	0.11323	0.01184	0.00322	0.00460	0.14496	0.00599	0.00547
2	0.12532	0.04861	0.02050	0.01897	0.13789	0.03328	0.11365	0.02412	0.15426	0.10838	0.01985	0.04046	0.03948	0.00791	0.00647	0.00207	0.00684	0.02343	0.00502	0.06348
3	0.01546	0.02072	0.14837	0.02684	0.03412	0.01675	0.59181	0.02145	0.01557	0.02145	0.01333	0.01748	0.00992	0.00577	0.00768	0.00224	0.01109	0.00745	0.00331	0.00919
4	0.00816	0.00642	0.00721	0.00779	0.00918	0.00565	0.00544	0.00953	0.01396	0.01737	0.05283	0.32359	0.41417	0.07478	0.01014	0.00276	0.00382	0.01567	0.00607	0.00546
5	0.09967	0.00832	0.01037	0.00979	0.01201	0.00789	0.00723	0.01740	0.01464	0.22168	0.09054	0.31932	0.03111	0.05917	0.01008	0.05048	0.00475	0.01195	0.00638	0.00719
6	0.09242	0.01691	0.04461	0.09745	0.02227	0.01807	0.01276	0.44305	0.06777	0.03551	0.06890	0.01890	0.01515	0.00817	0.00657	0.00207	0.00701	0.00633	0.00597	0.01010
7	0.01267	0.01193	0.02013	0.74806	0.04621	0.01491	0.01863	0.01714	0.01342	0.01714	0.01193	0.01789	0.00894	0.00671	0.00671	0.00224	0.00894	0.00596	0.00298	0.00745

[dist]
# distance from previous block
# <min> <max>
3	9

[block]
# block no. 11 follows, 32 sequences, length 25
# corresponding to MSA columns:
# 525-549
name=unknown_L
#
# <colnr> <probs for GDERKNQSTAVLIFYWHMCP>
#	G	D	E	R	K	N	Q	S	T	A	V	L	I	F	Y	W	H	M	C	P
0	0.81159	0.01298	0.00986	0.00882	0.01298	0.01505	0.00727	0.01972	0.01142	0.03010	0.00934	0.01090	0.00727	0.00623	0.00415	0.00208	0.00519	0.00363	0.00415	0.00727
1	0.00829	0.00593	0.00789	0.00926	0.00976	0.00553	0.00624	0.00963	0.01338	0.01798	0.09641	0.69795	0.04603	0.02038	0.00851	0.00267	0.00383	0.01847	0.00633	0.00553
2	0.01123	0.00655	0.00737	0.00730	0.00891	0.00633	0.00557	0.01429	0.01571	0.02490	0.23636	0.03784	0.07295	0.01076	0.00612	0.00186	0.00333	0.04747	0.46890	0.00624
3	0.01450	0.01444	0.02051	0.08128	0.02011	0.02006	0.01502	0.01623	0.01055	0.01623	0.00908	0.01496	0.00882	0.01131	0.02069	0.00287	0.68715	0.00588	0.00294	0.00735
4	0.02698	0.06367	0.01763	0.01241	0.01774	0.01303	0.01037	0.16025	0.02077	0.48465	0.02204	0.01994	0.01448	0.00779	0.00642	0.00193	0.00607	0.00616	0.00725	0.08042
5	0.00959	0.00719	0.01078	0.01078	0.01198	0.00839	0.00839	0.01198	0.01078	0.01558	0.01797	0.02636	0.01677	0.05032	0.73760	0.01078	0.01797	0.00719	0.00359	0.00599
6	0.01166	0.00583	0.00874	0.00874	0.00874	0.00583	0.00583	0.00874	0.00874	0.01166	0.01166	0.02040	0.01166	0.02331	0.02622	0.80478	0.00583	0.00583	0.00291	0.00291
7	0.03010	0.01142	0.01557	0.01194	0.01713	0.00986	0.00986	0.03270	0.01920	0.72698	0.02647	0.02284	0.01661	0.00830	0.00675	0.00208	0.00571	0.00675	0.00830	0.01142
8	0.01500	0.01189	0.01402	0.01007	0.01598	0.00901	0.00808	0.01796	0.01427	0.06917	0.01290	0.01451	0.01039	0.00519	0.00509	0.00107	0.00502	0.00416	0.00427	0.75196
9	0.02506	0.03198	0.01901	0.01729	0.02074	0.73725	0.01296	0.02679	0.01901	0.01642	0.01037	0.01210	0.00864	0.00691	0.00605	0.00173	0.01210	0.00432	0.00346	0.00778
10	0.01159	0.00735	0.00949	0.00868	0.01071	0.00665	0.00660	0.01456	0.01869	0.10177	0.58703	0.04844	0.11572	0.01342	0.00779	0.00212	0.00346	0.01173	0.00738	0.00682
11	0.01166	0.00583	0.00874	0.00874	0.00874	0.00583	0.00583	0.00874	0.00874	0.01166	0.01166	0.02040	0.01166	0.02331	0.02622	0.80478	0.00583	0.00583	0.00291	0.00291
12	0.03010	0.01142	0.01557	0.01194	0.01713	0.00986	0.00986	0.03270	0.01920	0.72698	0.02647	0.02284	0.01661	0.00830	0.00675	0.00208	0.00571	0.00675	0.00830	0.01142
13	0.00825	0.00596	0.00782	0.00915	0.00972	0.00552	0.00618	0.00959	0.01340	0.01786	0.08619	0.67351	0.08143	0.02030	0.00849	0.00266	0.00382	0.01833	0.00631	0.00552
14	0.00959	0.00719	0.01078	0.01078	0.01198	0.00839	0.00839	0.01198	0.01078	0.01558	0.01797	0.02636	0.01677	0.05032	0.73760	0.01078	0.01797	0.00719	0.00359	0.00599
15	0.02311	0.01112	0.01490	0.01390	0.07698	0.01036	0.01015	0.07127	0.03556	0.41866	0.04676	0.07812	0.03769	0.00987	0.00689	0.00213	0.00556	0.04329	0.07377	0.00991
16	0.08266	0.00814	0.00928	0.00885	0.01024	0.00819	0.00598	0.01533	0.05245	0.11415	0.02370	0.13409	0.02465	0.43176	0.02212	0.00467	0.00585	0.02674	0.00516	0.00597
17	0.05800	0.05171	0.01210	0.01022	0.01276	0.00893	0.00779	0.01854	0.03997	0.22295	0.11505	0.35228	0.03391	0.01440	0.00743	0.00234	0.00463	0.01257	0.00669	0.00773
