[name]
unknown

[dist]
# distance from previous block
# <min> <max>
5	509

[block]
# block no. 0 follows, 38 sequences, length 11
# corresponding to MSA columns:
# 755-765
name=unknown_A
#
# <colnr> <probs for GDERKNQSTAVLIFYWHMCP>
#	G	D	E	R	K	N	Q	S	T	A	V	L	I	F	Y	W	H	M	C	P
0	0.01464	0.03322	0.24728	0.01466	0.07614	0.01190	0.02969	0.08281	0.02903	0.08187	0.04730	0.01533	0.01160	0.00589	0.00544	0.00154	0.00640	0.00483	0.00390	0.27653
1	0.01516	0.06066	0.10559	0.11245	0.10776	0.01239	0.01241	0.08291	0.05542	0.12461	0.05295	0.10455	0.01602	0.00803	0.00631	0.00184	0.02598	0.00675	0.00447	0.08374
2	0.06470	0.15435	0.13673	0.01487	0.09258	0.05630	0.03076	0.08426	0.05862	0.09593	0.01366	0.04678	0.01098	0.00645	0.00533	0.00166	0.00654	0.00511	0.00400	0.11040
3	0.01395	0.01190	0.04782	0.01309	0.08169	0.01006	0.05116	0.10824	0.01564	0.06967	0.09915	0.04781	0.08541	0.00755	0.00576	0.00154	0.00521	0.00650	0.00460	0.31324
4	0.10682	0.01448	0.08202	0.01348	0.06714	0.04773	0.01091	0.14492	0.05814	0.32227	0.05812	0.01824	0.01437	0.00716	0.00580	0.00185	0.00593	0.00566	0.00573	0.00923
5	0.26759	0.01571	0.10978	0.03194	0.06060	0.05697	0.12763	0.08543	0.01437	0.07077	0.04756	0.06034	0.01259	0.00693	0.00556	0.00191	0.00672	0.00580	0.00407	0.00773
6	0.06588	0.01076	0.01489	0.09919	0.01867	0.01108	0.09157	0.11973	0.05590	0.02165	0.02225	0.07722	0.06219	0.01027	0.00663	0.00209	0.00602	0.20412	0.00471	0.09518
7	0.10906	0.01382	0.01477	0.08992	0.05907	0.05953	0.01049	0.11801	0.31529	0.02445	0.01657	0.01694	0.01259	0.00680	0.00557	0.00180	0.00579	0.00541	0.00481	0.10931
8	0.01164	0.00790	0.01037	0.01056	0.01248	0.00782	0.00870	0.07777	0.01455	0.06691	0.02766	0.19195	0.02926	0.01685	0.05987	0.00293	0.00588	0.37682	0.00544	0.05465
9	0.34083	0.01299	0.01339	0.03698	0.08511	0.05490	0.00941	0.12405	0.05708	0.13338	0.01302	0.01411	0.00966	0.00733	0.00629	0.05871	0.00574	0.00463	0.00453	0.00783
10	0.14677	0.04693	0.21444	0.01388	0.01908	0.13768	0.07071	0.05954	0.01468	0.11158	0.01597	0.01876	0.05159	0.00714	0.00568	0.00187	0.00745	0.04431	0.00400	0.00793

[dist]
# distance from previous block
# <min> <max>
0	1

[block]
# block no. 1 follows, 38 sequences, length 7
# corresponding to MSA columns:
# 767-773
name=unknown_B
#
# <colnr> <probs for GDERKNQSTAVLIFYWHMCP>
#	G	D	E	R	K	N	Q	S	T	A	V	L	I	F	Y	W	H	M	C	P
0	0.01039	0.00627	0.00814	0.00840	0.00939	0.00601	0.00591	0.01160	0.01171	0.10411	0.04836	0.33774	0.04913	0.22300	0.07612	0.00386	0.00547	0.06393	0.00513	0.00532
1	0.11718	0.00837	0.00967	0.00812	0.01124	0.00798	0.00652	0.02118	0.01435	0.34494	0.02007	0.02004	0.01411	0.00703	0.00496	0.00166	0.00404	0.00552	0.36526	0.00775
2	0.01453	0.00953	0.01138	0.01035	0.01271	0.00986	0.00792	0.17288	0.10950	0.11149	0.09112	0.26941	0.02672	0.01300	0.00807	0.06329	0.00469	0.04045	0.00585	0.00723
3	0.01613	0.01292	0.01633	0.06166	0.16919	0.01399	0.01169	0.16040	0.28385	0.06370	0.01939	0.08904	0.01589	0.00812	0.00615	0.00194	0.00570	0.00697	0.00520	0.03172
4	0.01008	0.00677	0.00865	0.00800	0.00961	0.00646	0.00587	0.01197	0.01297	0.07061	0.25815	0.03601	0.09548	0.18918	0.17901	0.00441	0.00672	0.00871	0.00496	0.06638
5	0.01266	0.01104	0.01516	0.16080	0.13326	0.01024	0.01079	0.04945	0.01325	0.01928	0.01305	0.08501	0.01175	0.00636	0.00536	0.00143	0.00557	0.00553	0.00361	0.42641
6	0.06173	0.01153	0.01605	0.08787	0.10802	0.01109	0.07634	0.07714	0.03984	0.05302	0.03445	0.01912	0.04374	0.02754	0.00620	0.00169	0.00577	0.01776	0.04180	0.25930

[dist]
# distance from previous block
# <min> <max>
0	3

[block]
# block no. 2 follows, 38 sequences, length 8
# corresponding to MSA columns:
# 777-784
name=unknown_C
#
# <colnr> <probs for GDERKNQSTAVLIFYWHMCP>
#	G	D	E	R	K	N	Q	S	T	A	V	L	I	F	Y	W	H	M	C	P
0	0.33892	0.01257	0.05498	0.25410	0.02269	0.01365	0.01141	0.07078	0.04508	0.02230	0.01188	0.05898	0.00991	0.00699	0.00583	0.00198	0.04204	0.00523	0.00366	0.00702
1	0.02498	0.01194	0.04984	0.08842	0.15743	0.01112	0.10541	0.04429	0.05965	0.03400	0.08326	0.10610	0.04455	0.00889	0.00645	0.00194	0.00614	0.06347	0.00430	0.08780
2	0.01511	0.04800	0.04093	0.20404	0.12316	0.04474	0.02730	0.05889	0.04448	0.11869	0.07755	0.03864	0.01567	0.04698	0.00717	0.00202	0.00642	0.00623	0.03591	0.03806
3	0.06324	0.12891	0.05851	0.14246	0.08284	0.04539	0.12601	0.01948	0.08181	0.08361	0.04604	0.05013	0.03198	0.00702	0.00584	0.00186	0.00691	0.00620	0.00392	0.00784
4	0.01680	0.13013	0.11291	0.01408	0.04987	0.04606	0.01229	0.05133	0.05439	0.15365	0.03208	0.01525	0.01123	0.00740	0.00890	0.00188	0.19525	0.00504	0.00406	0.07739
5	0.04631	0.12643	0.18980	0.05228	0.12308	0.09954	0.05458	0.08620	0.04328	0.05995	0.01192	0.01357	0.00911	0.00587	0.00547	0.00171	0.00757	0.00470	0.00353	0.05507
6	0.08032	0.09081	0.08734	0.11035	0.09568	0.01399	0.06217	0.08668	0.03172	0.02035	0.04718	0.09912	0.01429	0.00784	0.00686	0.00189	0.06738	0.00645	0.00377	0.06580
7	0.04021	0.10016	0.29475	0.05924	0.05081	0.01307	0.01464	0.01935	0.01329	0.15460	0.04394	0.01593	0.01159	0.00835	0.04477	0.00218	0.03597	0.00501	0.00380	0.06835

[dist]
# distance from previous block
# <min> <max>
8	71

[block]
# block no. 3 follows, 38 sequences, length 16
# corresponding to MSA columns:
# 860-875
name=unknown_D
#
# <colnr> <probs for GDERKNQSTAVLIFYWHMCP>
#	G	D	E	R	K	N	Q	S	T	A	V	L	I	F	Y	W	H	M	C	P
0	0.05373	0.18468	0.18681	0.04650	0.03891	0.04282	0.03399	0.04619	0.02937	0.06495	0.05950	0.06489	0.04530	0.03477	0.00639	0.00189	0.00652	0.00606	0.00383	0.04290
1	0.11627	0.05811	0.01676	0.05833	0.06425	0.06248	0.04041	0.19977	0.07789	0.10779	0.06008	0.01705	0.01347	0.00818	0.03219	0.00205	0.00657	0.00547	0.00483	0.04805
2	0.01920	0.01491	0.15876	0.01434	0.08458	0.01101	0.01228	0.06274	0.01544	0.32991	0.01742	0.01850	0.01239	0.00696	0.00636	0.00179	0.03861	0.02880	0.03796	0.10804
3	0.05570	0.04151	0.04787	0.03736	0.09560	0.10497	0.01086	0.06783	0.03625	0.31018	0.01770	0.01738	0.03387	0.00673	0.00564	0.00171	0.00628	0.00533	0.00516	0.09208
4	0.01434	0.04319	0.07247	0.17642	0.07182	0.01178	0.01139	0.06939	0.09821	0.11142	0.06046	0.03339	0.01619	0.12526	0.03495	0.00274	0.00655	0.00651	0.02600	0.00751
5	0.09817	0.01578	0.11693	0.01520	0.09105	0.06751	0.06758	0.07002	0.04593	0.15288	0.06997	0.01711	0.01370	0.00649	0.00565	0.00171	0.00642	0.00540	0.00451	0.12801
6	0.24895	0.04607	0.04018	0.03465	0.04711	0.01291	0.00940	0.12165	0.07637	0.15760	0.05058	0.04559	0.01370	0.00712	0.00528	0.00180	0.00532	0.00548	0.00497	0.06525
7	0.01822	0.01383	0.06664	0.01180	0.01600	0.01306	0.01002	0.29906	0.10224	0.13817	0.07862	0.05223	0.01738	0.05492	0.00752	0.00204	0.00566	0.00658	0.00567	0.08033
8	0.01636	0.01170	0.01385	0.04423	0.01572	0.06852	0.03992	0.10331	0.03336	0.18333	0.06739	0.12968	0.08955	0.00975	0.00726	0.00191	0.06076	0.00802	0.00528	0.09009
9	0.19022	0.03904	0.01321	0.01186	0.06608	0.05673	0.00879	0.12695	0.01670	0.13870	0.19360	0.02486	0.04419	0.00849	0.00580	0.00186	0.00519	0.03473	0.00535	0.00766
10	0.34194	0.01170	0.01226	0.07166	0.01613	0.01294	0.00889	0.06571	0.17627	0.17122	0.01650	0.01776	0.01226	0.00709	0.00522	0.00194	0.00519	0.03206	0.00513	0.00813
11	0.01180	0.00997	0.01175	0.00884	0.01353	0.00761	0.00692	0.01426	0.01235	0.01904	0.01365	0.11422	0.01298	0.00635	0.00488	0.00110	0.00433	0.00535	0.00383	0.71725
12	0.01239	0.01421	0.07801	0.12280	0.02695	0.01289	0.39468	0.01719	0.03920	0.01909	0.10208	0.08586	0.01752	0.00750	0.00709	0.00205	0.02142	0.00794	0.00370	0.00743
13	0.00851	0.00615	0.00804	0.00757	0.00899	0.00568	0.00568	0.01135	0.01703	0.02412	0.74788	0.04494	0.05676	0.01230	0.00710	0.00189	0.00284	0.01088	0.00662	0.00568
14	0.01410	0.02232	0.36394	0.04407	0.08321	0.01406	0.27713	0.01971	0.01362	0.07179	0.01226	0.01480	0.00885	0.00559	0.00627	0.00194	0.00891	0.00562	0.00311	0.00869
15	0.00772	0.00595	0.00666	0.00686	0.00815	0.00533	0.00483	0.00906	0.01279	0.01618	0.12691	0.15948	0.39645	0.16933	0.01191	0.00286	0.00373	0.03563	0.00532	0.00485

[dist]
# distance from previous block
# <min> <max>
0	1

[block]
# block no. 4 follows, 38 sequences, length 20
# corresponding to MSA columns:
# 877-896
name=unknown_E
#
# <colnr> <probs for GDERKNQSTAVLIFYWHMCP>
#	G	D	E	R	K	N	Q	S	T	A	V	L	I	F	Y	W	H	M	C	P
0	0.00810	0.00638	0.00741	0.00698	0.00889	0.00554	0.00526	0.01033	0.01528	0.02031	0.39626	0.04900	0.36715	0.01319	0.00696	0.00190	0.00302	0.01130	0.00598	0.05078
1	0.01819	0.54009	0.02674	0.01201	0.01648	0.26835	0.01073	0.02000	0.01382	0.01434	0.00867	0.01005	0.00773	0.00549	0.00438	0.00137	0.00789	0.00343	0.00275	0.00747
2	0.83108	0.01163	0.00884	0.00791	0.01163	0.01350	0.00651	0.01768	0.01024	0.02699	0.00838	0.00977	0.00651	0.00558	0.00372	0.00186	0.00465	0.00326	0.00372	0.00651
3	0.01383	0.01838	0.19993	0.13121	0.17237	0.01428	0.30020	0.01882	0.01354	0.04163	0.01183	0.01524	0.00887	0.00549	0.00636	0.00194	0.00880	0.00585	0.00300	0.00844
4	0.00818	0.00644	0.00759	0.00817	0.00993	0.00585	0.00670	0.01023	0.01377	0.01698	0.04885	0.06204	0.45183	0.01581	0.00761	0.00234	0.00408	0.30278	0.00557	0.00527
5	0.00850	0.00619	0.00803	0.00768	0.00913	0.00571	0.00584	0.01127	0.01667	0.02336	0.67102	0.04691	0.09302	0.01270	0.00716	0.00195	0.00300	0.04971	0.00651	0.00564
6	0.00773	0.00584	0.00714	0.00742	0.00866	0.00525	0.00533	0.00961	0.01429	0.01904	0.32032	0.29023	0.24670	0.01527	0.00729	0.00211	0.00311	0.01343	0.00599	0.00525
7	0.01353	0.05846	0.01691	0.01523	0.09374	0.09580	0.10966	0.05930	0.06093	0.03964	0.13332	0.17272	0.05493	0.01032	0.00661	0.00198	0.00609	0.03893	0.00476	0.00715
8	0.01257	0.02621	0.54186	0.06314	0.02739	0.01422	0.15096	0.01956	0.05144	0.01920	0.01177	0.01406	0.00849	0.00574	0.00601	0.00194	0.00885	0.00511	0.00283	0.00865
9	0.02215	0.01833	0.01780	0.01561	0.07269	0.17516	0.01173	0.42503	0.04305	0.09999	0.01415	0.01449	0.01028	0.00699	0.00620	0.00178	0.02477	0.00518	0.00524	0.00939
10	0.01936	0.01457	0.01595	0.03914	0.01785	0.01624	0.01062	0.43829	0.23028	0.05477	0.01866	0.06554	0.01450	0.00819	0.00615	0.00192	0.00589	0.00657	0.00595	0.00957
11	0.00783	0.00586	0.00734	0.00801	0.00913	0.00537	0.00591	0.00959	0.01348	0.01769	0.18322	0.36008	0.21778	0.01634	0.00751	0.00227	0.00353	0.10811	0.00579	0.00518
12	0.01406	0.01574	0.13108	0.01959	0.21224	0.05677	0.05865	0.04111	0.13588	0.04632	0.10662	0.02460	0.05849	0.00801	0.00632	0.00193	0.00651	0.04338	0.00441	0.00832
13	0.00836	0.00665	0.00857	0.05320	0.01106	0.00661	0.00650	0.01046	0.01421	0.01912	0.32989	0.20390	0.22214	0.01397	0.00796	0.00210	0.05218	0.01200	0.00565	0.00547
14	0.26499	0.01432	0.05523	0.01368	0.06204	0.06224	0.05272	0.07378	0.01342	0.05620	0.04644	0.01442	0.01079	0.00689	0.00748	0.00188	0.13467	0.00482	0.02650	0.07749
15	0.10740	0.29656	0.13622	0.05243	0.01741	0.01590	0.01147	0.05527	0.01378	0.09686	0.04015	0.01959	0.05561	0.00724	0.00518	0.00173	0.00620	0.04936	0.00390	0.00775
16	0.05910	0.19375	0.20521	0.09063	0.02251	0.04160	0.11120	0.04304	0.05550	0.06081	0.05198	0.01541	0.01162	0.00618	0.00552	0.00178	0.00740	0.00514	0.00353	0.00809
17	0.08148	0.01413	0.13778	0.13328	0.03982	0.01149	0.02917	0.09633	0.03617	0.02073	0.01501	0.13767	0.01382	0.00829	0.00629	0.02738	0.00611	0.00664	0.00389	0.17452
18	0.07775	0.01418	0.07529	0.05669	0.06066	0.08485	0.10103	0.03740	0.09459	0.04370	0.01748	0.16613	0.01656	0.05492	0.00793	0.00219	0.02552	0.00777	0.00416	0.05120
19	0.01503	0.09671	0.04384	0.11873	0.06709	0.04019	0.10677	0.05185	0.07511	0.09986	0.08552	0.03890	0.01727	0.00790	0.00658	0.00192	0.02963	0.05944	0.00438	0.03327

[dist]
# distance from previous block
# <min> <max>
11	39

[block]
# block no. 5 follows, 38 sequences, length 34
# corresponding to MSA columns:
# 947-980
name=unknown_F
#
# <colnr> <probs for GDERKNQSTAVLIFYWHMCP>
#	G	D	E	R	K	N	Q	S	T	A	V	L	I	F	Y	W	H	M	C	P
0	0.01324	0.01338	0.02834	0.41441	0.08783	0.09837	0.03662	0.02865	0.07601	0.01753	0.03724	0.01926	0.04388	0.00686	0.00603	0.00190	0.00748	0.01694	0.00344	0.04261
1	0.16450	0.03569	0.01565	0.25661	0.07753	0.01367	0.01193	0.07119	0.08635	0.06600	0.08080	0.01789	0.01397	0.00712	0.00651	0.00195	0.05537	0.00560	0.00413	0.00756
2	0.05011	0.01280	0.01895	0.12282	0.25225	0.01303	0.05470	0.05925	0.06335	0.05672	0.01253	0.01504	0.00986	0.00590	0.00632	0.00170	0.04582	0.00510	0.00369	0.19006
3	0.18554	0.01252	0.01414	0.01323	0.09138	0.01302	0.00951	0.19350	0.09899	0.09092	0.08833	0.01775	0.01522	0.00693	0.00544	0.00172	0.00523	0.00546	0.00507	0.12610
4	0.05767	0.01507	0.09420	0.10167	0.28532	0.01358	0.17638	0.01914	0.05469	0.05289	0.05959	0.01742	0.01269	0.00610	0.00616	0.00190	0.00745	0.00601	0.00357	0.00848
5	0.04923	0.01163	0.01680	0.54044	0.03308	0.05316	0.01457	0.01621	0.01248	0.04914	0.05791	0.01724	0.01134	0.00692	0.00733	0.00202	0.08497	0.00555	0.00320	0.00677
6	0.01045	0.00522	0.00784	0.00784	0.00784	0.00522	0.00522	0.00784	0.00784	0.01045	0.01045	0.01829	0.01045	0.02090	0.02351	0.82497	0.00522	0.00522	0.00261	0.00261
7	0.28450	0.01449	0.01362	0.01134	0.01539	0.06507	0.00915	0.23672	0.16876	0.08217	0.01480	0.01474	0.01086	0.00676	0.00522	0.00184	0.00571	0.00490	0.00514	0.02883
8	0.01394	0.05541	0.04854	0.04050	0.17983	0.01193	0.02259	0.01719	0.04056	0.11771	0.13796	0.06237	0.05904	0.01087	0.04686	0.00238	0.11286	0.00731	0.00448	0.00766
9	0.01387	0.14861	0.36065	0.01563	0.08606	0.01417	0.01575	0.05181	0.01394	0.06085	0.05695	0.03748	0.03403	0.00671	0.00556	0.00174	0.00705	0.00538	0.00351	0.06025
10	0.01242	0.09874	0.69292	0.01654	0.02510	0.01484	0.02117	0.01896	0.01266	0.01862	0.01058	0.01243	0.00763	0.00566	0.00555	0.00185	0.00867	0.00434	0.00254	0.00879
11	0.01496	0.01292	0.01360	0.01224	0.01564	0.01496	0.00952	0.03197	0.74019	0.02516	0.02448	0.02244	0.01836	0.00816	0.00612	0.00204	0.00476	0.00680	0.00612	0.00952
12	0.01421	0.01394	0.06117	0.25926	0.41832	0.01378	0.04407	0.01837	0.02841	0.05324	0.01199	0.01560	0.00939	0.00573	0.00601	0.00188	0.00747	0.00543	0.00314	0.00860
13	0.01260	0.01297	0.02526	0.10161	0.15074	0.01295	0.35437	0.01632	0.01312	0.01792	0.01587	0.16970	0.01516	0.00823	0.00750	0.00210	0.04408	0.00853	0.00348	0.00749
14	0.00875	0.00583	0.00656	0.00656	0.00656	0.00583	0.00365	0.00875	0.00875	0.01166	0.01895	0.03937	0.02187	0.78858	0.03062	0.00583	0.00583	0.00875	0.00365	0.00365
15	0.00863	0.00632	0.00903	0.00903	0.00989	0.00718	0.00673	0.01034	0.00948	0.01350	0.01669	0.02684	0.01643	0.19682	0.61495	0.00889	0.01402	0.00692	0.00331	0.00502
16	0.01136	0.08270	0.07534	0.04698	0.01631	0.03777	0.08217	0.05025	0.01242	0.01682	0.04821	0.08913	0.01645	0.02531	0.35500	0.00547	0.01127	0.00702	0.00357	0.00648
17	0.04103	0.00864	0.01052	0.00880	0.01165	0.00853	0.00708	0.04713	0.01482	0.32840	0.02004	0.02034	0.01425	0.00740	0.00609	0.00171	0.05680	0.00570	0.37329	0.00780
18	0.00739	0.00528	0.00703	0.00834	0.00874	0.00493	0.00559	0.00853	0.01180	0.01580	0.06969	0.74684	0.04066	0.01851	0.00765	0.00241	0.00346	0.01678	0.00564	0.00493
19	0.01683	0.01423	0.02053	0.31218	0.02937	0.01596	0.12105	0.32343	0.04185	0.02593	0.01295	0.01558	0.00945	0.00646	0.00618	0.00192	0.00764	0.00568	0.00427	0.00851
20	0.01374	0.01513	0.03144	0.14079	0.06410	0.01505	0.55130	0.01839	0.01359	0.01844	0.01169	0.01598	0.00891	0.00551	0.00753	0.00204	0.04888	0.00666	0.00296	0.00788
21	0.00924	0.00617	0.00740	0.00716	0.00853	0.00590	0.00526	0.01219	0.03876	0.02208	0.43209	0.07862	0.07954	0.06102	0.00792	0.00207	0.00313	0.00980	0.19754	0.00558
22	0.83108	0.01163	0.00884	0.00791	0.01163	0.01350	0.00651	0.01768	0.01024	0.02699	0.00838	0.00977	0.00651	0.00558	0.00372	0.00186	0.00465	0.00326	0.00372	0.00651
23	0.01496	0.01181	0.01404	0.01137	0.01557	0.01164	0.04061	0.05500	0.32111	0.08237	0.03531	0.04721	0.01569	0.00713	0.00566	0.00163	0.00492	0.00604	0.00519	0.29276
24	0.01785	0.55115	0.02685	0.01183	0.01634	0.23250	0.01064	0.02017	0.03751	0.01468	0.00916	0.01041	0.00808	0.00554	0.00438	0.00139	0.00762	0.00352	0.00284	0.00757
25	0.00875	0.00583	0.00656	0.00656	0.00656	0.00583	0.00365	0.00875	0.00875	0.01166	0.01895	0.03937	0.02187	0.78858	0.03062	0.00583	0.00583	0.00875	0.00365	0.00365
26	0.11370	0.01391	0.01395	0.01186	0.01541	0.04829	0.00943	0.27368	0.26637	0.02821	0.04408	0.02145	0.01591	0.05781	0.00746	0.00218	0.00571	0.03647	0.00550	0.00862
27	0.01065	0.00817	0.00992	0.01036	0.01197	0.00860	0.00800	0.05362	0.18680	0.01965	0.02972	0.35830	0.03164	0.01505	0.00740	0.00241	0.00454	0.21104	0.00572	0.00646
28	0.00969	0.00692	0.00969	0.01108	0.01246	0.00692	0.00969	0.01246	0.01385	0.01800	0.03185	0.06786	0.03462	0.01662	0.00831	0.00277	0.00554	0.71057	0.00554	0.00554
29	0.02019	0.01999	0.28838	0.01441	0.02061	0.06023	0.05099	0.08915	0.01641	0.33433	0.01662	0.01624	0.01104	0.00659	0.00594	0.00186	0.00726	0.00532	0.00501	0.00943
30	0.01844	0.01466	0.08205	0.01461	0.06458	0.01377	0.04339	0.12931	0.30663	0.19052	0.01980	0.01889	0.01416	0.00721	0.00603	0.00190	0.00586	0.00604	0.00566	0.03648
31	0.00819	0.00610	0.00870	0.00908	0.00983	0.00594	0.03868	0.00957	0.01145	0.01547	0.07366	0.46618	0.03365	0.14396	0.09432	0.00374	0.00561	0.04594	0.00496	0.00497
32	0.00855	0.00586	0.00680	0.00688	0.00711	0.00586	0.00412	0.00888	0.00929	0.01235	0.02221	0.08133	0.06877	0.63715	0.08571	0.00570	0.00633	0.00929	0.00385	0.00394
33	0.01268	0.04174	0.07490	0.03781	0.01640	0.03078	0.04168	0.01662	0.06904	0.01862	0.01263	0.01637	0.01086	0.09095	0.00774	0.00173	0.00563	0.00468	0.00358	0.48558

[dist]
# distance from previous block
# <min> <max>
0	6

[block]
# block no. 6 follows, 38 sequences, length 22
# corresponding to MSA columns:
# 987-1008
name=unknown_G
#
# <colnr> <probs for GDERKNQSTAVLIFYWHMCP>
#	G	D	E	R	K	N	Q	S	T	A	V	L	I	F	Y	W	H	M	C	P
0	0.01779	0.01874	0.06220	0.09473	0.01997	0.24410	0.01183	0.11908	0.21033	0.05061	0.01738	0.01789	0.04797	0.00745	0.00636	0.00186	0.03336	0.00563	0.00450	0.00820
1	0.01136	0.01069	0.01804	0.77412	0.04143	0.01337	0.01671	0.01537	0.01203	0.01537	0.01069	0.01604	0.00802	0.00601	0.00601	0.00200	0.00802	0.00535	0.00267	0.00668
2	0.01649	0.08500	0.01851	0.01817	0.18688	0.05328	0.01203	0.12186	0.37346	0.02410	0.01786	0.01788	0.01372	0.00701	0.00583	0.00186	0.00602	0.00581	0.00491	0.00933
3	0.01171	0.01117	0.01927	0.69422	0.08281	0.01351	0.05146	0.01574	0.01223	0.01581	0.01080	0.01598	0.00816	0.00593	0.00606	0.00199	0.00807	0.00543	0.00271	0.00692
4	0.03377	0.01301	0.02167	0.16806	0.42029	0.01349	0.06761	0.04984	0.01404	0.07027	0.01298	0.03782	0.01060	0.00741	0.03154	0.00214	0.00750	0.00586	0.00347	0.00863
5	0.01315	0.05127	0.41112	0.02055	0.02806	0.01487	0.33594	0.01911	0.01335	0.01898	0.01132	0.01416	0.00829	0.00541	0.00627	0.00194	0.00936	0.00558	0.00276	0.00850
6	0.00733	0.00524	0.00698	0.00838	0.00873	0.00489	0.00558	0.00838	0.01152	0.01536	0.03316	0.78466	0.03979	0.01885	0.00768	0.00244	0.00349	0.01710	0.00558	0.00489
7	0.01414	0.01340	0.02270	0.03411	0.67777	0.01336	0.01719	0.01747	0.01348	0.01923	0.01347	0.09089	0.01252	0.00669	0.00613	0.00185	0.00679	0.00652	0.00324	0.00907
8	0.01649	0.01437	0.01651	0.13534	0.09541	0.12008	0.03571	0.18566	0.01710	0.06517	0.01860	0.07051	0.07922	0.00834	0.00695	0.00191	0.05518	0.00672	0.04292	0.00779
9	0.01489	0.01429	0.02442	0.03692	0.75106	0.01429	0.01846	0.01846	0.01370	0.01965	0.01132	0.01489	0.00953	0.00536	0.00596	0.00179	0.00715	0.00536	0.00298	0.00953
10	0.00870	0.00602	0.00750	0.00750	0.00783	0.00634	0.00482	0.00935	0.00903	0.01236	0.01809	0.03459	0.01980	0.56306	0.25331	0.00700	0.00895	0.00805	0.00352	0.00417
11	0.01505	0.01527	0.02641	0.03368	0.57330	0.04445	0.16486	0.01885	0.01393	0.01938	0.01141	0.01500	0.00938	0.00533	0.00617	0.00183	0.00791	0.00566	0.00300	0.00913
12	0.01464	0.01238	0.01644	0.12324	0.19355	0.04932	0.01233	0.13620	0.05938	0.04986	0.01743	0.02035	0.06358	0.01544	0.17012	0.00356	0.02409	0.00616	0.00405	0.00788
13	0.01207	0.03112	0.75741	0.01715	0.02604	0.01397	0.02223	0.01905	0.01270	0.01905	0.01080	0.01270	0.00762	0.00572	0.00572	0.00191	0.00889	0.00445	0.00254	0.00889
14	0.01191	0.02384	0.52183	0.01457	0.02120	0.01214	0.01732	0.06584	0.01386	0.02031	0.05804	0.12141	0.01551	0.00808	0.00601	0.00195	0.00733	0.00669	0.04408	0.00808
15	0.01423	0.01297	0.02052	0.21633	0.42121	0.01383	0.01603	0.08530	0.04123	0.02053	0.03927	0.01818	0.04107	0.00644	0.00607	0.00187	0.00691	0.00590	0.00354	0.00857
16	0.01670	0.06165	0.01995	0.13831	0.18751	0.15421	0.04971	0.09031	0.01544	0.06634	0.04815	0.03780	0.01229	0.00705	0.00700	0.00186	0.06830	0.00569	0.00375	0.00799
17	0.01604	0.01810	0.01875	0.12296	0.02109	0.26454	0.04797	0.01800	0.01245	0.01492	0.00896	0.01295	0.00792	0.00819	0.01245	0.00216	0.37804	0.00491	0.00281	0.00680
18	0.09450	0.01122	0.01370	0.15649	0.01957	0.01092	0.00955	0.09371	0.04372	0.09227	0.01379	0.05257	0.01114	0.00631	0.00523	0.00151	0.00542	0.00512	0.00425	0.34900
19	0.01675	0.04625	0.06766	0.14303	0.20935	0.09007	0.03248	0.06079	0.04137	0.12781	0.05049	0.01684	0.01235	0.00672	0.00671	0.00187	0.05146	0.00554	0.00401	0.00844
20	0.00742	0.00527	0.00695	0.00826	0.00859	0.00495	0.00546	0.00840	0.01134	0.01513	0.03227	0.73790	0.03866	0.06714	0.00912	0.00266	0.00364	0.01658	0.00546	0.00481
21	0.00775	0.00612	0.00698	0.00677	0.00852	0.00535	0.00508	0.00988	0.01523	0.01985	0.37516	0.05197	0.43215	0.01389	0.00710	0.00197	0.00295	0.01187	0.00606	0.00535

[dist]
# distance from previous block
# <min> <max>
0	1

[block]
# block no. 7 follows, 38 sequences, length 6
# corresponding to MSA columns:
# 1010-1015
name=unknown_H
#
# <colnr> <probs for GDERKNQSTAVLIFYWHMCP>
#	G	D	E	R	K	N	Q	S	T	A	V	L	I	F	Y	W	H	M	C	P
0	0.01458	0.24353	0.34205	0.01397	0.02004	0.09381	0.01537	0.06418	0.01367	0.01785	0.01079	0.01300	0.00867	0.01018	0.09139	0.00257	0.00907	0.00433	0.00291	0.00805
1	0.01174	0.00915	0.01191	0.01437	0.14296	0.04493	0.00956	0.01415	0.01423	0.07413	0.09429	0.12854	0.15652	0.01303	0.00719	0.00222	0.00515	0.23418	0.00522	0.00653
2	0.02253	0.00989	0.01298	0.01035	0.01434	0.00906	0.00845	0.07908	0.01685	0.53953	0.02599	0.02423	0.09030	0.01251	0.09233	0.00276	0.00627	0.00673	0.00666	0.00915
3	0.00761	0.00543	0.00730	0.00869	0.00916	0.00513	0.00607	0.00886	0.01179	0.01567	0.03300	0.70040	0.03918	0.01858	0.00775	0.00248	0.00373	0.09861	0.00558	0.00496
4	0.01729	0.24032	0.08185	0.10126	0.05442	0.11088	0.01211	0.07110	0.01489	0.13221	0.01459	0.06564	0.01242	0.00735	0.00551	0.00175	0.00700	0.03743	0.00400	0.00798
5	0.07067	0.01146	0.01501	0.01297	0.07192	0.01079	0.04664	0.13199	0.01713	0.24570	0.12752	0.02035	0.01812	0.00716	0.00579	0.00167	0.00527	0.00602	0.00553	0.16828

[dist]
# distance from previous block
# <min> <max>
1	3

[block]
# block no. 8 follows, 38 sequences, length 20
# corresponding to MSA columns:
# 1019-1038
name=unknown_I
#
# <colnr> <probs for GDERKNQSTAVLIFYWHMCP>
#	G	D	E	R	K	N	Q	S	T	A	V	L	I	F	Y	W	H	M	C	P
0	0.01394	0.01268	0.12315	0.21580	0.07695	0.01061	0.01278	0.01816	0.06141	0.15926	0.02131	0.17529	0.05429	0.00942	0.00637	0.00204	0.00613	0.00821	0.00456	0.00764
1	0.03928	0.05316	0.04760	0.01121	0.01612	0.06174	0.04888	0.01632	0.01255	0.01878	0.01027	0.01241	0.00857	0.00521	0.00588	0.00123	0.06664	0.00393	0.00334	0.55689
2	0.00780	0.00575	0.00736	0.00816	0.00911	0.00531	0.00591	0.00947	0.01322	0.01753	0.17818	0.44053	0.15597	0.01672	0.00754	0.00231	0.00353	0.09467	0.00578	0.00515
3	0.07078	0.50842	0.02466	0.07075	0.01684	0.05573	0.01013	0.01838	0.05290	0.03782	0.01201	0.07575	0.01114	0.00667	0.00461	0.00155	0.00628	0.00486	0.00328	0.00746
4	0.03996	0.01199	0.08961	0.01215	0.04220	0.01037	0.02255	0.12849	0.07208	0.09732	0.11824	0.13470	0.07440	0.01111	0.00670	0.00209	0.00527	0.10772	0.00549	0.00753
5	0.01665	0.13440	0.19950	0.01304	0.01837	0.08382	0.01277	0.11699	0.13784	0.08303	0.05099	0.01619	0.01296	0.00666	0.00552	0.00171	0.00674	0.00512	0.00436	0.07334
6	0.07946	0.04615	0.06891	0.00887	0.01195	0.00824	0.00783	0.01416	0.01420	0.09791	0.17037	0.05160	0.24928	0.01150	0.00647	0.00197	0.00436	0.09409	0.00534	0.04734
7	0.01052	0.00814	0.05899	0.00851	0.01023	0.00666	0.00679	0.01262	0.01361	0.08260	0.31158	0.05865	0.03587	0.26603	0.01474	0.00328	0.00470	0.07558	0.00532	0.00559
8	0.04783	0.19925	0.24630	0.01500	0.04300	0.11891	0.03682	0.03718	0.05402	0.06604	0.01145	0.01294	0.00888	0.00630	0.00644	0.00178	0.07185	0.00448	0.00331	0.00823
9	0.06721	0.10592	0.04804	0.07022	0.01475	0.05257	0.00894	0.05032	0.03813	0.02093	0.28218	0.11920	0.03147	0.01050	0.00629	0.00193	0.00504	0.05483	0.00499	0.00653
10	0.08186	0.03789	0.05132	0.04659	0.01558	0.01045	0.06546	0.05351	0.09193	0.13249	0.13969	0.07663	0.15237	0.00980	0.00631	0.00195	0.00506	0.00837	0.00536	0.00739
11	0.04026	0.04374	0.06670	0.07683	0.04426	0.01344	0.06690	0.15101	0.16420	0.10628	0.05703	0.02234	0.06472	0.04673	0.00731	0.00210	0.00610	0.00662	0.00503	0.00839
12	0.13718	0.17996	0.07819	0.05280	0.11063	0.01525	0.17321	0.01813	0.03065	0.03770	0.07004	0.01794	0.01344	0.00644	0.00560	0.00182	0.00695	0.03277	0.00354	0.00775
13	0.01328	0.09665	0.07673	0.01335	0.08092	0.11610	0.01050	0.04031	0.01407	0.01801	0.03174	0.10266	0.08718	0.00954	0.00604	0.00179	0.00616	0.11663	0.00409	0.15425
14	0.08172	0.01002	0.01115	0.01100	0.04948	0.05994	0.00789	0.07161	0.01506	0.12436	0.14583	0.23223	0.09835	0.01187	0.00712	0.00204	0.03807	0.00999	0.00547	0.00680
15	0.05741	0.14905	0.12584	0.05359	0.09175	0.05603	0.03479	0.07892	0.03017	0.12400	0.06678	0.01622	0.01302	0.00640	0.00545	0.00168	0.00659	0.00512	0.00414	0.07304
16	0.08158	0.01356	0.06154	0.05853	0.26043	0.06801	0.02899	0.01675	0.01386	0.05387	0.07711	0.02378	0.13751	0.00772	0.00591	0.00178	0.00611	0.00661	0.00399	0.07236
17	0.01423	0.12130	0.30511	0.03401	0.06210	0.01491	0.06016	0.07644	0.11699	0.04424	0.04611	0.05092	0.01338	0.00699	0.00582	0.00186	0.00714	0.00584	0.00386	0.00859
18	0.08570	0.05118	0.01575	0.01416	0.09814	0.05339	0.04252	0.05141	0.09471	0.22664	0.06986	0.08044	0.01780	0.00813	0.00593	0.00185	0.00563	0.02221	0.00530	0.04925
19	0.06177	0.07874	0.10747	0.04756	0.04777	0.01251	0.13872	0.01985	0.01424	0.20428	0.10101	0.02892	0.01604	0.00711	0.00664	0.00185	0.04579	0.00615	0.00453	0.04905

[dist]
# distance from previous block
# <min> <max>
1	208

# created by:
# /home/berkeley/.conda/envs/busco_data_prod/bin/msa2prfl.pl pipeline/OGs_align_augustus/33634/171694.fs
