[name]
unknown

[dist]
# distance from previous block
# <min> <max>
12	62

[block]
# block no. 0 follows, 38 sequences, length 16
# corresponding to MSA columns:
# 70-85
name=unknown_A
#
# <colnr> <probs for GDERKNQSTAVLIFYWHMCP>
#	G	D	E	R	K	N	Q	S	T	A	V	L	I	F	Y	W	H	M	C	P
0	0.01759	0.02091	0.05610	0.08204	0.28613	0.33646	0.01514	0.02031	0.01459	0.01675	0.01010	0.01300	0.00842	0.00621	0.00685	0.00178	0.07204	0.00467	0.00296	0.00794
1	0.37675	0.04658	0.14106	0.01247	0.01706	0.01319	0.12209	0.01749	0.01206	0.04564	0.07332	0.01613	0.01248	0.04453	0.00665	0.00209	0.02447	0.00511	0.00370	0.00712
2	0.01468	0.01537	0.08025	0.10184	0.59919	0.01437	0.01830	0.04829	0.01408	0.01999	0.01135	0.01481	0.00927	0.00553	0.00595	0.00182	0.00734	0.00529	0.00304	0.00925
3	0.01204	0.01101	0.01821	0.06332	0.35399	0.01104	0.06826	0.01567	0.05035	0.01885	0.07845	0.23118	0.02212	0.00982	0.00663	0.00202	0.00594	0.00927	0.00415	0.00767
4	0.01361	0.01339	0.02277	0.32585	0.38662	0.03163	0.08437	0.01745	0.01317	0.01781	0.01110	0.01537	0.00885	0.00561	0.00607	0.00189	0.00786	0.00548	0.00287	0.00821
5	0.01085	0.00893	0.01377	0.21331	0.17808	0.00957	0.01083	0.01284	0.01156	0.01563	0.07418	0.05599	0.01863	0.23690	0.01477	0.06675	0.00630	0.03163	0.00355	0.00591
6	0.01469	0.01635	0.03741	0.25018	0.11870	0.14422	0.21977	0.01838	0.01361	0.01712	0.01081	0.01468	0.00850	0.00585	0.00684	0.00189	0.04810	0.00549	0.00293	0.04448
7	0.05291	0.01401	0.02060	0.04401	0.22997	0.05534	0.12674	0.09327	0.01597	0.19869	0.01515	0.03957	0.01146	0.00645	0.00602	0.00182	0.00696	0.00591	0.00451	0.05063
8	0.08722	0.03654	0.03872	0.07285	0.15947	0.04825	0.10802	0.03179	0.01377	0.06120	0.03506	0.06175	0.01519	0.00781	0.00606	0.00188	0.00663	0.09634	0.00396	0.10749
9	0.05397	0.06138	0.06221	0.06939	0.40694	0.01356	0.08534	0.01752	0.01320	0.04432	0.01401	0.10502	0.01278	0.00704	0.00603	0.00188	0.00692	0.00665	0.00342	0.00841
10	0.04590	0.23575	0.18406	0.05555	0.12769	0.07951	0.01452	0.04817	0.04376	0.05149	0.01111	0.01293	0.00881	0.00607	0.00599	0.00173	0.05097	0.00445	0.00323	0.00831
11	0.11613	0.01249	0.01751	0.05625	0.30818	0.01266	0.01263	0.04509	0.04272	0.05866	0.04244	0.01553	0.01148	0.00610	0.00621	0.00169	0.04952	0.00505	0.00378	0.17588
12	0.01650	0.09781	0.01999	0.15626	0.22816	0.01495	0.01346	0.15959	0.06169	0.08028	0.04928	0.01672	0.01245	0.00646	0.00576	0.00176	0.00649	0.00547	0.00423	0.04267
13	0.01714	0.06060	0.06184	0.12177	0.13090	0.10478	0.01332	0.19770	0.01734	0.05526	0.05673	0.01587	0.01203	0.00693	0.00693	0.00182	0.07034	0.00531	0.00408	0.03930
14	0.11675	0.04874	0.05957	0.01880	0.21169	0.20056	0.01254	0.02187	0.02856	0.15717	0.01286	0.01398	0.00968	0.00600	0.00539	0.00169	0.00725	0.00465	0.00399	0.05829
15	0.11144	0.09638	0.08511	0.13778	0.09456	0.06953	0.01227	0.08632	0.01480	0.10092	0.04857	0.04725	0.01260	0.00682	0.00548	0.00177	0.00658	0.00543	0.00404	0.05235

[dist]
# distance from previous block
# <min> <max>
6	46

[block]
# block no. 1 follows, 38 sequences, length 33
# corresponding to MSA columns:
# 135-167
name=unknown_B
#
# <colnr> <probs for GDERKNQSTAVLIFYWHMCP>
#	G	D	E	R	K	N	Q	S	T	A	V	L	I	F	Y	W	H	M	C	P
0	0.09731	0.16909	0.04988	0.15040	0.09179	0.03098	0.01208	0.07097	0.01434	0.11735	0.06621	0.01767	0.01331	0.00700	0.00619	0.00182	0.04657	0.02512	0.00404	0.00787
1	0.05365	0.08428	0.11837	0.05548	0.06910	0.02505	0.01218	0.13880	0.03219	0.24880	0.02942	0.01611	0.01166	0.00662	0.00585	0.00176	0.01967	0.00518	0.00494	0.06087
2	0.06720	0.15982	0.12446	0.02840	0.03093	0.08189	0.03995	0.13633	0.02758	0.14202	0.06295	0.01705	0.01332	0.00694	0.00581	0.00177	0.02107	0.01963	0.00446	0.00842
3	0.14821	0.27465	0.13646	0.01680	0.14579	0.01697	0.06519	0.03260	0.02736	0.03369	0.01134	0.02937	0.00962	0.00603	0.00504	0.00171	0.00678	0.02110	0.00323	0.00807
4	0.08539	0.05476	0.07960	0.01607	0.18020	0.07456	0.01076	0.01595	0.01275	0.05938	0.07333	0.06596	0.01843	0.18265	0.01140	0.00276	0.00634	0.03892	0.00394	0.00688
5	0.10115	0.24223	0.13931	0.01203	0.01676	0.06446	0.01147	0.02295	0.25765	0.02047	0.04519	0.01602	0.01321	0.00667	0.00514	0.00174	0.00621	0.00499	0.00409	0.00826
6	0.06370	0.12359	0.28573	0.01381	0.01993	0.01546	0.03452	0.12913	0.12067	0.06259	0.01360	0.01431	0.01005	0.00621	0.00543	0.00176	0.00690	0.00480	0.00401	0.06380
7	0.11808	0.01395	0.04286	0.08422	0.04883	0.05418	0.01072	0.19512	0.11484	0.08294	0.05146	0.01739	0.01336	0.00969	0.06095	0.00237	0.00684	0.00548	0.00479	0.06193
8	0.05622	0.41979	0.05025	0.06882	0.08203	0.01902	0.01156	0.04757	0.10707	0.06764	0.01222	0.01325	0.00979	0.00589	0.00478	0.00159	0.00631	0.00434	0.00359	0.00828
9	0.11423	0.01550	0.06987	0.01175	0.01473	0.21789	0.01014	0.01653	0.01412	0.01816	0.02326	0.03697	0.09810	0.01081	0.00643	0.00209	0.00684	0.26403	0.00432	0.04422
10	0.00872	0.00725	0.00798	0.00894	0.00994	0.05631	0.00654	0.01019	0.01268	0.01593	0.03610	0.48187	0.15854	0.01699	0.00754	0.00237	0.00427	0.13725	0.00541	0.00517
11	0.31423	0.27373	0.10698	0.01087	0.01574	0.07534	0.01044	0.06095	0.01312	0.05712	0.00984	0.01096	0.00777	0.00569	0.00439	0.00165	0.00637	0.00370	0.00347	0.00763
12	0.06323	0.25839	0.33251	0.01469	0.02136	0.01697	0.08429	0.05798	0.01370	0.06853	0.01111	0.01256	0.00836	0.00567	0.00520	0.00172	0.00764	0.00442	0.00319	0.00848
13	0.00900	0.00643	0.00889	0.01028	0.01136	0.00632	0.00848	0.01126	0.01316	0.01722	0.03224	0.27911	0.03614	0.01728	0.00812	0.00267	0.00494	0.50619	0.00555	0.00535
14	0.01671	0.71984	0.03023	0.01067	0.01574	0.04312	0.01041	0.06608	0.01343	0.01576	0.00880	0.01000	0.00789	0.00531	0.00405	0.00133	0.00656	0.00338	0.00282	0.00787
15	0.00927	0.00634	0.00821	0.00821	0.00972	0.00585	0.00633	0.01166	0.01535	0.05671	0.41158	0.14941	0.13701	0.01403	0.00732	0.00213	0.00350	0.12545	0.00621	0.00569
16	0.01604	0.66722	0.10707	0.01132	0.01674	0.06630	0.01163	0.01848	0.01256	0.01470	0.00867	0.01004	0.00771	0.00527	0.00415	0.00137	0.00695	0.00338	0.00260	0.00780
17	0.01797	0.38444	0.08935	0.01322	0.01861	0.01954	0.07757	0.19273	0.04044	0.07518	0.01205	0.01289	0.00932	0.00596	0.00508	0.00160	0.00688	0.00454	0.00392	0.00871
18	0.00875	0.00583	0.00656	0.00656	0.00656	0.00583	0.00365	0.00875	0.00875	0.01166	0.01895	0.03937	0.02187	0.78858	0.03062	0.00583	0.00583	0.00875	0.00365	0.00365
19	0.00795	0.00558	0.00720	0.00826	0.00865	0.00536	0.00561	0.00895	0.01113	0.01479	0.02959	0.52040	0.03487	0.20328	0.01326	0.00330	0.00430	0.09774	0.00511	0.00467
20	0.02134	0.06876	0.05638	0.01650	0.07249	0.37005	0.06930	0.05649	0.01662	0.17609	0.01304	0.01383	0.00963	0.00628	0.00568	0.00169	0.00873	0.00477	0.00410	0.00825
21	0.22642	0.02729	0.04881	0.01304	0.05279	0.04810	0.04875	0.09802	0.14124	0.18064	0.01601	0.01670	0.01177	0.03723	0.00640	0.00203	0.00596	0.00531	0.00500	0.00850
22	0.19176	0.29659	0.09820	0.00998	0.01414	0.01542	0.00947	0.03992	0.01259	0.05590	0.06613	0.06170	0.01472	0.08209	0.00724	0.00207	0.00576	0.00548	0.00375	0.00709
23	0.01093	0.04072	0.05276	0.00813	0.00951	0.00740	0.00610	0.01208	0.01098	0.08015	0.08362	0.03744	0.02382	0.51539	0.02214	0.00449	0.00569	0.05935	0.00427	0.00503
24	0.05161	0.10988	0.12287	0.01183	0.06243	0.01034	0.00967	0.04071	0.01247	0.01733	0.02358	0.34876	0.05941	0.06902	0.00818	0.00235	0.00527	0.02355	0.00436	0.00637
25	0.10770	0.30744	0.08303	0.01351	0.05688	0.05243	0.03951	0.12391	0.03582	0.07029	0.01247	0.01522	0.01023	0.00642	0.00506	0.00168	0.00667	0.03964	0.00384	0.00824
26	0.04771	0.21731	0.04541	0.01173	0.01572	0.07225	0.01029	0.26183	0.01848	0.02409	0.05635	0.06643	0.04171	0.00866	0.00573	0.00180	0.00627	0.07565	0.00464	0.00794
27	0.01537	0.34330	0.26010	0.01271	0.01885	0.01752	0.01376	0.03706	0.08638	0.07016	0.01215	0.01299	0.00940	0.00580	0.00493	0.00159	0.00683	0.00425	0.00341	0.06345
28	0.15685	0.20035	0.09254	0.01402	0.07887	0.11294	0.04994	0.03884	0.01362	0.05642	0.03151	0.04911	0.01136	0.00650	0.00504	0.00167	0.00670	0.00500	0.04361	0.02512
29	0.10020	0.14894	0.36304	0.01400	0.02032	0.10296	0.01545	0.09215	0.01453	0.02039	0.01281	0.01408	0.04407	0.00629	0.00527	0.00176	0.00776	0.00456	0.00324	0.00818
30	0.03279	0.25001	0.19707	0.01524	0.08252	0.07328	0.05224	0.05884	0.01434	0.03340	0.07041	0.01571	0.02737	0.00629	0.00529	0.00163	0.00711	0.00496	0.00342	0.04808
31	0.04288	0.34382	0.12239	0.01173	0.01650	0.09382	0.01137	0.08433	0.01494	0.06325	0.07847	0.01706	0.02449	0.00774	0.02338	0.00181	0.00694	0.02351	0.00378	0.00781
32	0.09954	0.19908	0.14309	0.01287	0.01745	0.09858	0.08166	0.01842	0.01336	0.08642	0.04968	0.07281	0.01440	0.04350	0.00663	0.00196	0.00696	0.02236	0.00378	0.00743

[dist]
# distance from previous block
# <min> <max>
5	113

[block]
# block no. 2 follows, 38 sequences, length 15
# corresponding to MSA columns:
# 283-297
name=unknown_C
#
# <colnr> <probs for GDERKNQSTAVLIFYWHMCP>
#	G	D	E	R	K	N	Q	S	T	A	V	L	I	F	Y	W	H	M	C	P
0	0.08399	0.22381	0.15366	0.01247	0.02962	0.01639	0.01195	0.19096	0.01662	0.08607	0.03809	0.04505	0.03918	0.00721	0.00557	0.00174	0.01951	0.00542	0.00428	0.00840
1	0.04085	0.40775	0.06746	0.01179	0.04187	0.04788	0.03310	0.04250	0.01379	0.04572	0.08236	0.04290	0.06364	0.00718	0.00503	0.00157	0.00610	0.00552	0.00367	0.02933
2	0.04111	0.31378	0.04277	0.04727	0.03020	0.03273	0.01003	0.11100	0.01453	0.04984	0.06462	0.01943	0.01456	0.06114	0.09419	0.00282	0.00740	0.03137	0.00383	0.00737
3	0.16302	0.26707	0.07161	0.01061	0.01490	0.03773	0.00977	0.11710	0.01506	0.07379	0.07328	0.05775	0.03577	0.00758	0.00512	0.00172	0.00579	0.02042	0.00425	0.00766
4	0.15230	0.43564	0.05922	0.01060	0.01521	0.05424	0.00998	0.07360	0.01372	0.04808	0.03502	0.04702	0.01106	0.00641	0.00454	0.00156	0.00618	0.00448	0.00352	0.00764
5	0.11104	0.32823	0.13515	0.01204	0.01747	0.01874	0.01189	0.20786	0.01667	0.07292	0.01139	0.01213	0.00872	0.00599	0.00485	0.00162	0.00657	0.00418	0.00394	0.00860
6	0.13496	0.29823	0.24915	0.01284	0.01856	0.01829	0.01374	0.10594	0.01387	0.02049	0.00983	0.01142	0.00783	0.00599	0.00569	0.00171	0.05616	0.00400	0.00316	0.00814
7	0.06489	0.24551	0.19248	0.01293	0.01854	0.03478	0.01300	0.22717	0.06358	0.03684	0.01319	0.01387	0.02565	0.00639	0.00520	0.00170	0.00685	0.00465	0.00403	0.00874
8	0.01937	0.08510	0.15287	0.01545	0.02117	0.01786	0.09592	0.46177	0.02252	0.03039	0.01302	0.01393	0.00943	0.00653	0.00591	0.00180	0.00741	0.00525	0.00476	0.00954
9	0.05145	0.28431	0.04834	0.01186	0.01638	0.01847	0.01056	0.34541	0.01948	0.02594	0.01411	0.10122	0.01252	0.00772	0.00536	0.00171	0.00620	0.00588	0.00455	0.00854
10	0.01140	0.13999	0.29564	0.01187	0.01690	0.01204	0.01281	0.03843	0.01368	0.01887	0.12656	0.13466	0.08768	0.00939	0.00599	0.00185	0.00601	0.00781	0.00403	0.04440
11	0.01314	0.23372	0.56418	0.01532	0.02322	0.01659	0.01905	0.01877	0.01257	0.01775	0.01015	0.01189	0.00765	0.00556	0.00522	0.00174	0.00824	0.00412	0.00255	0.00858
12	0.01580	0.04554	0.41926	0.01455	0.02102	0.04859	0.01626	0.10176	0.01528	0.13765	0.01547	0.09465	0.01245	0.00754	0.00594	0.00191	0.00749	0.00607	0.00407	0.00872
13	0.01832	0.41315	0.10856	0.01146	0.01666	0.01761	0.01135	0.06686	0.01465	0.19744	0.01429	0.01667	0.01134	0.00664	0.00503	0.00163	0.00635	0.04933	0.00417	0.00849
14	0.01285	0.02657	0.61175	0.01553	0.02322	0.01261	0.01925	0.01898	0.01356	0.07842	0.09671	0.01703	0.01386	0.00661	0.00590	0.00190	0.00789	0.00531	0.00340	0.00863

[dist]
# distance from previous block
# <min> <max>
0	10

[block]
# block no. 3 follows, 38 sequences, length 15
# corresponding to MSA columns:
# 308-322
name=unknown_D
#
# <colnr> <probs for GDERKNQSTAVLIFYWHMCP>
#	G	D	E	R	K	N	Q	S	T	A	V	L	I	F	Y	W	H	M	C	P
0	0.02019	0.09384	0.08937	0.01661	0.08513	0.01645	0.09042	0.34487	0.02071	0.14160	0.01442	0.01498	0.01028	0.00651	0.00589	0.00179	0.00701	0.00538	0.00498	0.00957
1	0.02190	0.01674	0.19783	0.01492	0.08298	0.04081	0.01320	0.05643	0.01628	0.44895	0.01848	0.01743	0.01215	0.00678	0.00593	0.00185	0.00652	0.00548	0.00561	0.00972
2	0.01101	0.03194	0.04617	0.01562	0.15535	0.03466	0.04459	0.01361	0.03611	0.04187	0.02481	0.46545	0.02749	0.01344	0.00694	0.00218	0.00519	0.01223	0.00473	0.00660
3	0.01658	0.73330	0.03041	0.01069	0.01568	0.08093	0.01040	0.01848	0.01260	0.01420	0.00844	0.00974	0.00772	0.00523	0.00398	0.00131	0.00677	0.00327	0.00261	0.00766
4	0.01245	0.01188	0.05591	0.00939	0.01494	0.00837	0.00801	0.01538	0.01249	0.01957	0.01070	0.01249	0.00884	0.00453	0.00453	0.00095	0.00471	0.00362	0.00350	0.77776
5	0.01195	0.13382	0.21415	0.40000	0.03092	0.01445	0.01633	0.01620	0.01220	0.01616	0.01210	0.07348	0.01032	0.00679	0.00574	0.00190	0.00766	0.00569	0.00285	0.00728
6	0.00866	0.00619	0.00838	0.00838	0.00901	0.00682	0.00591	0.00992	0.00929	0.01301	0.01729	0.03016	0.01787	0.35353	0.46020	0.00808	0.01185	0.00740	0.00340	0.00466
7	0.00990	0.00794	0.01100	0.01129	0.01205	0.00915	0.00920	0.01180	0.01176	0.01605	0.02483	0.19203	0.02748	0.06085	0.06147	0.00330	0.18402	0.32572	0.00462	0.00553
8	0.01651	0.01459	0.07512	0.04155	0.15152	0.01416	0.04075	0.13044	0.28345	0.09335	0.06070	0.01979	0.01593	0.00731	0.00613	0.00192	0.00603	0.00628	0.00518	0.00928
9	0.23486	0.01073	0.03320	0.00938	0.01198	0.03496	0.00741	0.03420	0.03040	0.09629	0.02981	0.02154	0.01395	0.21124	0.08475	0.00360	0.05482	0.00578	0.00409	0.06702
10	0.01192	0.00819	0.00993	0.00979	0.01148	0.00836	0.00727	0.13146	0.06307	0.06643	0.02840	0.43342	0.04700	0.05063	0.02613	0.00261	0.00475	0.06707	0.00566	0.00643
11	0.01413	0.01493	0.10620	0.05310	0.11601	0.02866	0.11187	0.08236	0.02881	0.03987	0.02913	0.01890	0.03566	0.00643	0.00581	0.00163	0.00663	0.03992	0.00384	0.25613
12	0.01478	0.10399	0.25219	0.01625	0.10102	0.01355	0.06215	0.07627	0.03644	0.09373	0.03144	0.04513	0.01324	0.10344	0.00888	0.00233	0.00711	0.00603	0.00385	0.00818
13	0.16538	0.05731	0.16042	0.01419	0.04174	0.29505	0.03407	0.01997	0.01381	0.04676	0.01149	0.03722	0.00983	0.06013	0.00699	0.00202	0.00820	0.00481	0.00336	0.00725
14	0.15719	0.25529	0.23802	0.01222	0.01783	0.06068	0.01288	0.06046	0.01345	0.05952	0.01197	0.01363	0.02695	0.02995	0.00562	0.00180	0.00695	0.00431	0.00337	0.00791

[dist]
# distance from previous block
# <min> <max>
7	47

[block]
# block no. 4 follows, 38 sequences, length 28
# corresponding to MSA columns:
# 428-455
name=unknown_E
#
# <colnr> <probs for GDERKNQSTAVLIFYWHMCP>
#	G	D	E	R	K	N	Q	S	T	A	V	L	I	F	Y	W	H	M	C	P
0	0.07237	0.09192	0.13566	0.03114	0.10123	0.05786	0.03018	0.01836	0.01398	0.10474	0.11764	0.01798	0.01596	0.00654	0.00544	0.00161	0.00614	0.00534	0.00407	0.16182
1	0.07814	0.12010	0.17857	0.01319	0.05238	0.03179	0.02188	0.02014	0.10727	0.10512	0.01595	0.05102	0.01342	0.04341	0.00667	0.00197	0.00627	0.04106	0.00415	0.08750
2	0.05658	0.09571	0.10896	0.01380	0.05038	0.11084	0.04559	0.06725	0.06087	0.18284	0.02695	0.04789	0.01247	0.00684	0.00557	0.00171	0.00668	0.00547	0.00454	0.08907
3	0.01510	0.09817	0.29463	0.08293	0.04612	0.01487	0.06287	0.09937	0.08530	0.06816	0.01320	0.01461	0.00971	0.00606	0.00566	0.00179	0.00739	0.00498	0.00372	0.06535
4	0.01563	0.07993	0.10486	0.01549	0.08606	0.02906	0.09806	0.03388	0.05080	0.13790	0.05642	0.05241	0.01429	0.00698	0.00642	0.00172	0.04264	0.00596	0.00426	0.15723
5	0.06188	0.15820	0.26641	0.04911	0.02058	0.01430	0.04703	0.02041	0.05973	0.12404	0.01299	0.01401	0.00956	0.00583	0.00526	0.00167	0.00685	0.00459	0.00370	0.11382
6	0.15917	0.12497	0.08803	0.04506	0.10026	0.04203	0.12086	0.04874	0.03243	0.05959	0.03497	0.01568	0.01100	0.04541	0.00662	0.00195	0.00687	0.00515	0.00364	0.04756
7	0.13433	0.06329	0.11820	0.01541	0.07953	0.03961	0.06696	0.18692	0.09520	0.08012	0.01370	0.01452	0.01013	0.00628	0.00551	0.00178	0.00666	0.00502	0.00442	0.05243
8	0.08384	0.13969	0.03498	0.04891	0.05456	0.06250	0.04424	0.13638	0.05273	0.15584	0.04202	0.01865	0.04730	0.00711	0.00557	0.00175	0.00626	0.01746	0.00474	0.03547
9	0.37614	0.04066	0.01339	0.01076	0.01476	0.10920	0.00872	0.16112	0.08750	0.06944	0.01229	0.01284	0.00922	0.00628	0.00480	0.00176	0.00591	0.00429	0.00451	0.04641
10	0.05014	0.01357	0.04804	0.32906	0.10497	0.04810	0.07058	0.09513	0.01518	0.10726	0.04990	0.01711	0.01169	0.00647	0.00602	0.00191	0.00736	0.00566	0.00392	0.00794
11	0.01114	0.00949	0.01231	0.04611	0.08179	0.00988	0.03593	0.01807	0.23499	0.02123	0.22370	0.06445	0.14810	0.04657	0.00776	0.00217	0.00453	0.00919	0.00547	0.00712
12	0.01215	0.01672	0.25715	0.03720	0.01775	0.01152	0.01268	0.08432	0.15245	0.02244	0.17508	0.09071	0.06571	0.00940	0.00637	0.00198	0.00578	0.00794	0.00485	0.00782
13	0.00769	0.00549	0.00722	0.00809	0.00868	0.00513	0.00551	0.00912	0.01273	0.01731	0.20725	0.56609	0.04303	0.05613	0.00869	0.00248	0.00345	0.01516	0.00574	0.00502
14	0.05727	0.04433	0.01466	0.01216	0.01583	0.01573	0.00965	0.12251	0.58088	0.02649	0.02171	0.02024	0.01627	0.00779	0.00590	0.00197	0.00507	0.00630	0.00585	0.00939
15	0.01174	0.00817	0.01045	0.01007	0.01260	0.00746	0.00834	0.04006	0.01392	0.07226	0.02660	0.10441	0.05500	0.04450	0.00801	0.00232	0.00506	0.36342	0.00518	0.19043
16	0.01789	0.10116	0.22647	0.01508	0.09720	0.01258	0.01357	0.04997	0.01525	0.26372	0.07981	0.01808	0.01472	0.00677	0.00573	0.00176	0.00638	0.00551	0.00476	0.04361
17	0.01090	0.00946	0.07192	0.04792	0.09690	0.00786	0.00944	0.01341	0.01339	0.08106	0.14392	0.25366	0.07783	0.04512	0.03884	0.00259	0.00531	0.05895	0.00506	0.00644
18	0.00742	0.00527	0.00695	0.00826	0.00859	0.00495	0.00546	0.00840	0.01134	0.01512	0.03225	0.73691	0.03864	0.06816	0.00915	0.00266	0.00364	0.01657	0.00546	0.00481
19	0.05232	0.01361	0.03248	0.12024	0.23186	0.06078	0.11442	0.04461	0.06121	0.05566	0.05819	0.07291	0.04022	0.00752	0.00623	0.00192	0.00692	0.00692	0.00400	0.00800
20	0.02017	0.04070	0.01948	0.01981	0.22791	0.01408	0.04574	0.17061	0.09088	0.24577	0.01690	0.01709	0.01207	0.00675	0.00630	0.00185	0.02321	0.00573	0.00525	0.00969
21	0.01142	0.00689	0.00871	0.00869	0.01056	0.00633	0.00667	0.01363	0.03268	0.14779	0.08307	0.26739	0.21519	0.01574	0.03197	0.00247	0.00437	0.11434	0.00591	0.00617
22	0.01256	0.02612	0.57492	0.04797	0.02418	0.01349	0.01924	0.08322	0.01389	0.02015	0.01281	0.06297	0.01029	0.00856	0.04162	0.00230	0.00864	0.00548	0.00309	0.00850
23	0.01535	0.06441	0.02334	0.08716	0.30252	0.06455	0.13537	0.01985	0.07450	0.05721	0.01284	0.01578	0.01025	0.00763	0.03695	0.00219	0.05260	0.00561	0.00343	0.00847
24	0.16961	0.03526	0.27540	0.01631	0.10393	0.01499	0.01494	0.18801	0.01625	0.07372	0.01200	0.01328	0.00874	0.00623	0.00578	0.00186	0.02619	0.00466	0.00397	0.00885
25	0.01795	0.00820	0.01004	0.00856	0.01147	0.00772	0.00677	0.02162	0.07317	0.33655	0.06788	0.05412	0.01901	0.00810	0.00547	0.00172	0.00398	0.00669	0.32309	0.00788
26	0.01109	0.00800	0.03818	0.00910	0.03926	0.00738	0.00603	0.02971	0.02497	0.07452	0.01849	0.03357	0.01933	0.56796	0.08342	0.00531	0.00676	0.00792	0.00396	0.00505
27	0.03615	0.11328	0.30775	0.01939	0.17696	0.01510	0.04149	0.08705	0.03756	0.05367	0.04665	0.01518	0.01128	0.00615	0.00566	0.00180	0.00736	0.00510	0.00354	0.00885

[dist]
# distance from previous block
# <min> <max>
0	2

[block]
# block no. 5 follows, 38 sequences, length 24
# corresponding to MSA columns:
# 458-481
name=unknown_F
#
# <colnr> <probs for GDERKNQSTAVLIFYWHMCP>
#	G	D	E	R	K	N	Q	S	T	A	V	L	I	F	Y	W	H	M	C	P
0	0.03149	0.08297	0.06916	0.05812	0.07395	0.07271	0.07711	0.21724	0.12946	0.10530	0.01511	0.01574	0.01108	0.00661	0.00584	0.00182	0.00703	0.00544	0.00473	0.00907
1	0.01482	0.01396	0.01906	0.02163	0.27802	0.05871	0.02500	0.03910	0.04986	0.03528	0.01137	0.01441	0.00958	0.00746	0.02261	0.00196	0.19718	0.00503	0.00337	0.17161
2	0.16441	0.01553	0.01598	0.01263	0.01711	0.01737	0.01037	0.53393	0.09785	0.03469	0.01440	0.01444	0.01041	0.00703	0.00562	0.00184	0.00608	0.00518	0.00562	0.00950
3	0.00864	0.00610	0.00736	0.00752	0.00893	0.00549	0.00549	0.01037	0.01381	0.05093	0.21630	0.23525	0.28307	0.06668	0.00883	0.00238	0.00351	0.04821	0.00579	0.00534
4	0.04450	0.01489	0.02207	0.02864	0.48090	0.05245	0.05529	0.09803	0.04838	0.05937	0.01319	0.01635	0.01063	0.00608	0.00599	0.00183	0.00711	0.02127	0.00377	0.00924
5	0.29250	0.01267	0.01320	0.01065	0.01494	0.01346	0.00873	0.20356	0.08876	0.23075	0.01584	0.01527	0.01103	0.00673	0.00521	0.00183	0.00529	0.00494	0.00557	0.03907
6	0.00795	0.00552	0.00716	0.00818	0.00888	0.00507	0.00559	0.00918	0.01221	0.03768	0.07528	0.64953	0.10984	0.01779	0.00754	0.00235	0.00346	0.01600	0.00570	0.00511
7	0.01265	0.01218	0.02119	0.49438	0.26201	0.01378	0.06474	0.01659	0.01269	0.01697	0.01099	0.01569	0.00856	0.00575	0.00607	0.00194	0.00789	0.00547	0.00279	0.00767
8	0.01378	0.01231	0.01936	0.35383	0.28246	0.01353	0.01566	0.03729	0.08496	0.04063	0.01275	0.01614	0.00988	0.00598	0.00591	0.00186	0.00706	0.00541	0.00340	0.05782
9	0.00795	0.00575	0.00770	0.00895	0.00969	0.00550	0.00661	0.00949	0.01215	0.01601	0.03390	0.53203	0.08242	0.01914	0.03856	0.00279	0.00448	0.18632	0.00548	0.00508
10	0.00828	0.00612	0.00786	0.00834	0.00962	0.00569	0.00644	0.01047	0.01442	0.01926	0.29073	0.22079	0.16940	0.01535	0.00752	0.00225	0.00368	0.18246	0.00594	0.00536
11	0.01589	0.01416	0.02206	0.13772	0.30026	0.04177	0.12274	0.10528	0.05882	0.06479	0.01415	0.05003	0.01145	0.00656	0.00622	0.00190	0.00738	0.00622	0.00388	0.00871
12	0.01446	0.00758	0.00912	0.00800	0.01087	0.00654	0.00634	0.01645	0.01514	0.27777	0.09104	0.04300	0.39070	0.01206	0.00668	0.00197	0.00385	0.03723	0.03424	0.00697
13	0.00866	0.00599	0.00747	0.00751	0.00783	0.00629	0.00481	0.00931	0.00909	0.01243	0.01856	0.05686	0.02044	0.55240	0.24071	0.00683	0.00871	0.00833	0.00358	0.00418
14	0.01951	0.01532	0.01784	0.08143	0.15238	0.08437	0.01260	0.33744	0.02086	0.09953	0.04216	0.01923	0.01332	0.00746	0.00613	0.00186	0.00687	0.04755	0.00505	0.00906
15	0.01832	0.38263	0.02289	0.01127	0.01587	0.01919	0.01006	0.21474	0.10800	0.07660	0.01378	0.01406	0.01069	0.00636	0.00491	0.00157	0.00598	0.00460	0.04978	0.00870
16	0.06845	0.00997	0.01289	0.01025	0.01435	0.00910	0.00835	0.02655	0.06499	0.57254	0.11566	0.02315	0.02002	0.00801	0.00606	0.00188	0.00478	0.00656	0.00705	0.00940
17	0.01295	0.00987	0.08161	0.00807	0.01074	0.00849	0.00713	0.10767	0.04421	0.02420	0.01828	0.02044	0.01410	0.00696	0.00467	0.00153	0.00397	0.00552	0.60290	0.00669
18	0.01376	0.01278	0.01955	0.35322	0.06615	0.01581	0.05821	0.10723	0.01344	0.01843	0.01041	0.01488	0.00841	0.00751	0.01043	0.00217	0.25171	0.00544	0.00313	0.00734
19	0.01573	0.01373	0.08679	0.01232	0.01595	0.01280	0.01087	0.35287	0.02042	0.02746	0.05912	0.13103	0.03999	0.01113	0.00679	0.00212	0.00591	0.16142	0.00553	0.00800
20	0.16413	0.01200	0.01381	0.01240	0.06368	0.01225	0.00930	0.22214	0.01771	0.19522	0.01752	0.09282	0.01436	0.00810	0.00569	0.00184	0.00536	0.03216	0.01713	0.08239
21	0.01633	0.60712	0.09485	0.01136	0.01672	0.02195	0.01144	0.08907	0.05116	0.01750	0.01001	0.01105	0.00850	0.00556	0.00436	0.00143	0.00659	0.00373	0.00309	0.00817
22	0.01961	0.01455	0.11520	0.01181	0.01634	0.04973	0.01064	0.11974	0.10041	0.31357	0.09513	0.02327	0.06639	0.00820	0.00615	0.00188	0.00572	0.00665	0.00600	0.00900
23	0.05606	0.18082	0.04664	0.01320	0.06544	0.01417	0.03693	0.08908	0.04843	0.28766	0.01589	0.01559	0.01127	0.00629	0.00534	0.00165	0.00590	0.00498	0.00501	0.08963

[dist]
# distance from previous block
# <min> <max>
1	23

[block]
# block no. 6 follows, 38 sequences, length 34
# corresponding to MSA columns:
# 537-570
name=unknown_G
#
# <colnr> <probs for GDERKNQSTAVLIFYWHMCP>
#	G	D	E	R	K	N	Q	S	T	A	V	L	I	F	Y	W	H	M	C	P
0	0.19591	0.05808	0.01761	0.03866	0.16703	0.12583	0.03665	0.12249	0.04065	0.09098	0.04221	0.01490	0.01127	0.00637	0.00539	0.00178	0.00672	0.00497	0.00423	0.00827
1	0.08870	0.06833	0.33582	0.04748	0.04695	0.13121	0.09450	0.08276	0.01468	0.02038	0.01069	0.01272	0.00802	0.00581	0.00558	0.00182	0.00852	0.00462	0.00312	0.00828
2	0.01392	0.01183	0.01607	0.05353	0.12933	0.01249	0.07214	0.10947	0.18449	0.04681	0.02776	0.02830	0.19752	0.02897	0.00759	0.00208	0.03701	0.00780	0.00490	0.00799
3	0.01445	0.03228	0.01590	0.10450	0.14320	0.08143	0.01146	0.04415	0.12337	0.05289	0.04185	0.03407	0.06143	0.00805	0.00655	0.00183	0.03752	0.05799	0.00430	0.12278
4	0.00865	0.00622	0.00854	0.00854	0.00922	0.00690	0.00611	0.01002	0.00933	0.01313	0.01715	0.02937	0.01753	0.31600	0.49727	0.00827	0.01237	0.00728	0.00338	0.00474
5	0.01382	0.30173	0.05138	0.14026	0.02050	0.01673	0.06313	0.07756	0.03111	0.01746	0.01609	0.03985	0.07788	0.00989	0.05825	0.00229	0.04554	0.00577	0.00342	0.00734
6	0.00757	0.00610	0.00666	0.00652	0.00830	0.00528	0.00484	0.00940	0.01444	0.01826	0.25105	0.05352	0.52584	0.04590	0.00806	0.00215	0.00310	0.01203	0.00580	0.00519
7	0.04776	0.05946	0.11091	0.14071	0.02388	0.06334	0.14613	0.03551	0.04292	0.05243	0.01190	0.01423	0.00909	0.00554	0.00554	0.00163	0.00730	0.00490	0.00345	0.21335
8	0.02237	0.07023	0.01883	0.01380	0.01843	0.10898	0.01138	0.59793	0.02585	0.03352	0.01342	0.01369	0.00976	0.00696	0.00580	0.00174	0.00712	0.00508	0.00544	0.00967
9	0.01967	0.05722	0.13716	0.01371	0.01921	0.03602	0.01266	0.48612	0.02299	0.03114	0.01302	0.01362	0.00948	0.00655	0.00568	0.00169	0.00685	0.00491	0.00495	0.09734
10	0.01838	0.04411	0.04794	0.01686	0.14772	0.01176	0.07655	0.07424	0.06546	0.27454	0.07045	0.09029	0.01796	0.00812	0.00625	0.00191	0.00592	0.00721	0.00542	0.00890
11	0.01022	0.00653	0.00859	0.00786	0.00958	0.00597	0.00597	0.01301	0.01705	0.09162	0.68103	0.04268	0.05290	0.01185	0.00700	0.00189	0.00305	0.01043	0.00670	0.00610
12	0.00913	0.00694	0.01011	0.01135	0.07795	0.00756	0.00747	0.01082	0.00994	0.01403	0.01749	0.07758	0.01782	0.21767	0.46822	0.00754	0.01198	0.00761	0.00346	0.00531
13	0.01949	0.27303	0.09011	0.01387	0.01828	0.40631	0.01216	0.07021	0.01587	0.01653	0.00949	0.01088	0.00790	0.00589	0.00499	0.00152	0.00896	0.00382	0.00308	0.00761
14	0.01343	0.01474	0.13281	0.46813	0.05560	0.01356	0.10021	0.04268	0.01338	0.07056	0.01197	0.01578	0.00870	0.00599	0.00610	0.00197	0.00812	0.00547	0.00317	0.00765
15	0.00747	0.00541	0.00707	0.00820	0.00879	0.00501	0.00561	0.00875	0.01222	0.01628	0.10098	0.65287	0.08874	0.01795	0.00760	0.00237	0.00344	0.03055	0.00568	0.00499
16	0.00897	0.00648	0.00881	0.01001	0.01123	0.00632	0.00830	0.01131	0.01352	0.01764	0.06956	0.21396	0.08463	0.01677	0.00804	0.00261	0.00482	0.48603	0.00561	0.00538
17	0.01004	0.00754	0.01091	0.08204	0.09995	0.00738	0.00829	0.01271	0.01516	0.05061	0.42409	0.16419	0.05972	0.01189	0.00692	0.00199	0.00403	0.01063	0.00566	0.00626
18	0.01690	0.01346	0.01242	0.01100	0.01376	0.16664	0.00839	0.07789	0.14343	0.14769	0.14600	0.08789	0.02348	0.06141	0.00782	0.00212	0.00579	0.00760	0.03875	0.00756
19	0.06747	0.00762	0.00896	0.00801	0.01022	0.00746	0.00621	0.04475	0.04158	0.12157	0.39156	0.03250	0.03577	0.00972	0.00604	0.00178	0.00348	0.00824	0.18042	0.00664
20	0.00807	0.00563	0.00715	0.00802	0.00836	0.00547	0.00533	0.00894	0.01072	0.01428	0.02766	0.43954	0.03245	0.28880	0.03364	0.00383	0.00480	0.07795	0.00485	0.00452
21	0.07353	0.01551	0.04718	0.15863	0.10715	0.10149	0.03553	0.09825	0.21466	0.06475	0.01543	0.01658	0.01155	0.00669	0.00583	0.00189	0.00690	0.00550	0.00441	0.00853
22	0.04694	0.01348	0.02101	0.28094	0.33024	0.04480	0.04458	0.01714	0.01258	0.01764	0.01051	0.01474	0.00860	0.00627	0.00765	0.00197	0.10488	0.00527	0.00287	0.00791
23	0.01206	0.00908	0.01008	0.00979	0.01191	0.00986	0.00737	0.03383	0.33441	0.03463	0.02732	0.24949	0.04546	0.01157	0.00636	0.00207	0.00408	0.03248	0.14088	0.00728
24	0.01519	0.01271	0.01728	0.01525	0.06206	0.03562	0.04701	0.06457	0.01323	0.10290	0.06994	0.01822	0.03854	0.00896	0.01248	0.00213	0.36890	0.00595	0.00397	0.08508
25	0.01441	0.15768	0.19968	0.05333	0.11615	0.01429	0.01371	0.03520	0.10523	0.07595	0.09559	0.03073	0.01592	0.00695	0.00564	0.00176	0.00637	0.00572	0.00406	0.04163
26	0.01701	0.01326	0.11300	0.01158	0.01561	0.01125	0.01039	0.04863	0.20552	0.24829	0.12875	0.02538	0.06856	0.00876	0.00692	0.00197	0.04341	0.00711	0.00591	0.00869
27	0.00861	0.00567	0.00689	0.00714	0.00735	0.00554	0.00438	0.00874	0.00986	0.01321	0.07165	0.19068	0.03832	0.47557	0.02309	0.09990	0.00503	0.01026	0.00416	0.00394
28	0.06772	0.13493	0.01863	0.10715	0.01914	0.01474	0.05884	0.09570	0.04098	0.13301	0.03815	0.01909	0.02204	0.01030	0.06058	0.00249	0.11030	0.03417	0.00428	0.00776
29	0.01559	0.05839	0.03343	0.04116	0.10651	0.01278	0.01106	0.03598	0.14561	0.15835	0.04335	0.02219	0.01569	0.03242	0.10610	0.00310	0.10458	0.04097	0.00468	0.00807
30	0.01015	0.00886	0.01225	0.01157	0.01186	0.01116	0.00894	0.01139	0.00998	0.01441	0.01829	0.26200	0.02049	0.09074	0.14048	0.00403	0.33453	0.00954	0.00376	0.00557
31	0.00810	0.00573	0.00718	0.00775	0.00839	0.00545	0.00520	0.00964	0.02500	0.01682	0.18433	0.41512	0.06132	0.17908	0.01226	0.00300	0.00384	0.01343	0.02347	0.00490
32	0.16973	0.01112	0.04817	0.01150	0.06318	0.03422	0.00847	0.08239	0.01387	0.14630	0.01952	0.20158	0.01875	0.10820	0.00900	0.00247	0.00531	0.00823	0.03093	0.00705
33	0.14627	0.02669	0.02773	0.01008	0.01302	0.00957	0.04005	0.07933	0.03012	0.09196	0.03413	0.31160	0.04554	0.01132	0.00617	0.00198	0.00471	0.00977	0.00506	0.09490

[dist]
# distance from previous block
# <min> <max>
0	128

[block]
# block no. 7 follows, 38 sequences, length 28
# corresponding to MSA columns:
# 711-738
name=unknown_H
#
# <colnr> <probs for GDERKNQSTAVLIFYWHMCP>
#	G	D	E	R	K	N	Q	S	T	A	V	L	I	F	Y	W	H	M	C	P
0	0.01200	0.00961	0.01291	0.01516	0.16335	0.03734	0.02128	0.04123	0.03812	0.06103	0.06228	0.28490	0.06243	0.04702	0.06546	0.00277	0.00593	0.01028	0.00476	0.04215
1	0.01290	0.01348	0.14345	0.01367	0.04837	0.01043	0.07867	0.07779	0.07435	0.07587	0.13771	0.15358	0.06019	0.01058	0.00675	0.00207	0.00574	0.06183	0.00508	0.00751
2	0.09310	0.30131	0.02304	0.08732	0.18664	0.11077	0.01245	0.05596	0.01378	0.01812	0.01066	0.04204	0.00943	0.00609	0.00498	0.00163	0.00702	0.00465	0.00315	0.00786
3	0.05589	0.13227	0.08565	0.01220	0.01642	0.01542	0.01088	0.25233	0.07003	0.11632	0.01693	0.11729	0.01442	0.00851	0.00652	0.00189	0.04679	0.00662	0.00502	0.00860
4	0.04027	0.04788	0.01942	0.10239	0.36955	0.01272	0.01379	0.01740	0.04145	0.01910	0.01164	0.01476	0.00967	0.00739	0.04500	0.00199	0.00683	0.00486	0.00323	0.21066
5	0.01586	0.01331	0.02105	0.14020	0.36799	0.01416	0.04765	0.10357	0.01533	0.08341	0.04812	0.01687	0.01198	0.00658	0.00715	0.00191	0.06650	0.00576	0.00383	0.00876
6	0.01023	0.00530	0.00767	0.00767	0.00767	0.00530	0.00502	0.00796	0.00796	0.01061	0.01155	0.02102	0.01193	0.12047	0.02443	0.71873	0.00530	0.00568	0.00275	0.00275
7	0.04279	0.03919	0.01916	0.10351	0.24749	0.04878	0.04306	0.11272	0.08241	0.04809	0.04650	0.01645	0.01227	0.00624	0.00574	0.00172	0.00655	0.00542	0.00405	0.10787
8	0.01690	0.08601	0.02164	0.02513	0.40114	0.03955	0.01452	0.08770	0.07957	0.08533	0.01336	0.01522	0.01053	0.00616	0.00629	0.00176	0.03897	0.00523	0.00391	0.04106
9	0.04446	0.00755	0.00882	0.00893	0.01013	0.02775	0.00674	0.01054	0.01217	0.01639	0.06758	0.28079	0.24372	0.01819	0.08610	0.00302	0.09338	0.04346	0.00490	0.00538
10	0.01862	0.01455	0.02074	0.17534	0.09628	0.04974	0.12672	0.22461	0.01819	0.14432	0.01404	0.01588	0.01009	0.00656	0.00668	0.00191	0.03673	0.00569	0.00452	0.00880
11	0.01100	0.00903	0.01092	0.00905	0.01282	0.00719	0.00709	0.01333	0.01243	0.01847	0.01819	0.19034	0.01882	0.00909	0.00563	0.00146	0.00437	0.09068	0.00425	0.54583
12	0.01169	0.00762	0.00917	0.00870	0.01085	0.00723	0.00674	0.05153	0.06383	0.11814	0.18392	0.16272	0.23638	0.01342	0.00706	0.00211	0.00391	0.08242	0.00610	0.00647
13	0.00868	0.00597	0.00741	0.00788	0.00903	0.00549	0.00562	0.01010	0.01264	0.05523	0.09551	0.37425	0.21956	0.07870	0.04100	0.00285	0.00422	0.04513	0.00551	0.00523
14	0.01209	0.01148	0.04370	0.25596	0.08637	0.01187	0.10453	0.08491	0.01388	0.01873	0.04686	0.07968	0.04238	0.01460	0.14289	0.00338	0.00881	0.00717	0.00367	0.00705
15	0.01635	0.01331	0.01763	0.35732	0.05614	0.01534	0.01373	0.31580	0.05308	0.02583	0.04648	0.01694	0.01170	0.00688	0.00607	0.00191	0.00701	0.00570	0.00443	0.00836
16	0.01008	0.00687	0.00765	0.00725	0.00770	0.00704	0.00438	0.07691	0.01059	0.01414	0.01853	0.03702	0.02077	0.71484	0.02830	0.00545	0.00591	0.00843	0.00387	0.00427
17	0.00846	0.00580	0.00698	0.00736	0.00774	0.00575	0.00473	0.00918	0.01009	0.01362	0.02477	0.20980	0.06366	0.45049	0.07901	0.00485	0.00582	0.04230	0.03530	0.00430
18	0.08962	0.01364	0.01937	0.17324	0.28060	0.01524	0.01462	0.17369	0.01590	0.04789	0.01167	0.01457	0.00912	0.00653	0.00723	0.00193	0.08763	0.00519	0.00376	0.00856
19	0.01959	0.01062	0.01209	0.00977	0.01323	0.01081	0.00791	0.25282	0.01907	0.23970	0.01912	0.01925	0.01357	0.00720	0.00533	0.00167	0.00472	0.00567	0.31938	0.00846
20	0.01424	0.00978	0.01113	0.01018	0.01284	0.01041	0.00780	0.03531	0.34529	0.12414	0.10401	0.15595	0.04500	0.01042	0.00635	0.00201	0.00421	0.00894	0.07404	0.00798
21	0.01136	0.00756	0.00944	0.00895	0.01046	0.00780	0.00676	0.05370	0.03114	0.08137	0.19280	0.25246	0.09094	0.01299	0.00820	0.01520	0.07664	0.01078	0.10528	0.00615
22	0.01144	0.00962	0.01377	0.05261	0.01466	0.01232	0.01029	0.01393	0.03680	0.04384	0.01330	0.01906	0.01206	0.02700	0.38232	0.00599	0.30558	0.00593	0.00324	0.00625
23	0.00752	0.00546	0.00701	0.00797	0.00860	0.00504	0.00541	0.00878	0.01229	0.01637	0.12338	0.58928	0.11112	0.05116	0.00855	0.00248	0.00347	0.01554	0.00563	0.00495
24	0.00756	0.00556	0.00714	0.00827	0.00901	0.00514	0.00583	0.00890	0.01223	0.01599	0.05657	0.58259	0.14874	0.01790	0.00764	0.00240	0.00361	0.08433	0.00561	0.00500
25	0.10738	0.10231	0.20149	0.01682	0.07658	0.03648	0.11061	0.16872	0.08158	0.02386	0.01245	0.01388	0.00937	0.00607	0.00559	0.00182	0.00740	0.00501	0.00384	0.00873
26	0.01418	0.02249	0.38067	0.01795	0.02470	0.01421	0.20342	0.07380	0.04494	0.05947	0.01476	0.01656	0.04129	0.00646	0.00674	0.00197	0.03850	0.00579	0.00348	0.00863
27	0.03012	0.01173	0.01384	0.01167	0.01537	0.01238	0.03533	0.08683	0.36137	0.21018	0.02652	0.05388	0.08602	0.00883	0.00625	0.00199	0.00499	0.00741	0.00623	0.00907

[dist]
# distance from previous block
# <min> <max>
0	1

[block]
# block no. 8 follows, 38 sequences, length 19
# corresponding to MSA columns:
# 743-761
name=unknown_I
#
# <colnr> <probs for GDERKNQSTAVLIFYWHMCP>
#	G	D	E	R	K	N	Q	S	T	A	V	L	I	F	Y	W	H	M	C	P
0	0.01446	0.01295	0.01751	0.02152	0.30123	0.01412	0.01280	0.04379	0.33028	0.02215	0.02031	0.02099	0.05996	0.00759	0.00682	0.00195	0.04861	0.00645	0.02753	0.00899
1	0.16158	0.11251	0.27191	0.01332	0.01929	0.07041	0.01388	0.17866	0.01601	0.02384	0.01078	0.01206	0.00811	0.00592	0.00511	0.00171	0.00720	0.00421	0.00364	0.05985
2	0.01572	0.05351	0.12764	0.05752	0.02198	0.06358	0.16358	0.07329	0.05460	0.08280	0.01292	0.01464	0.00969	0.00577	0.00593	0.00165	0.02052	0.00510	0.00382	0.20575
3	0.01607	0.40905	0.16789	0.01470	0.06802	0.01908	0.05876	0.06363	0.05514	0.05914	0.01142	0.01263	0.00907	0.00569	0.00495	0.00159	0.00703	0.00434	0.00331	0.00849
4	0.00809	0.00661	0.00853	0.00855	0.01007	0.00610	0.04274	0.01051	0.05412	0.01685	0.07413	0.38816	0.31148	0.01584	0.00731	0.00222	0.00371	0.01402	0.00553	0.00543
5	0.01102	0.01082	0.01978	0.01599	0.01852	0.01119	0.27884	0.01377	0.01256	0.01737	0.07726	0.30283	0.02404	0.01170	0.00952	0.00228	0.14108	0.01079	0.00420	0.00646
6	0.01414	0.01052	0.01367	0.15647	0.01916	0.01139	0.03160	0.11180	0.18001	0.09456	0.12405	0.12304	0.06428	0.00982	0.00650	0.00202	0.00529	0.00851	0.00546	0.00772
7	0.00985	0.00715	0.00824	0.00788	0.00844	0.00759	0.00510	0.03939	0.05922	0.01463	0.05207	0.07496	0.04326	0.56594	0.02452	0.00478	0.04928	0.00892	0.00413	0.00466
8	0.00873	0.00671	0.00806	0.00771	0.00939	0.00635	0.00578	0.01247	0.08245	0.02197	0.48819	0.08695	0.20679	0.01294	0.00704	0.00197	0.00310	0.01126	0.00629	0.00585
9	0.00742	0.00531	0.00707	0.00831	0.00875	0.00495	0.00559	0.00861	0.01196	0.01606	0.09041	0.72541	0.04115	0.01832	0.00763	0.00240	0.00344	0.01660	0.00567	0.00495
10	0.01446	0.01398	0.02215	0.37442	0.17823	0.05321	0.13382	0.10098	0.01489	0.01948	0.01143	0.01538	0.00875	0.00588	0.00615	0.00192	0.00818	0.00557	0.00321	0.00792
11	0.09638	0.01719	0.14909	0.10330	0.02194	0.05057	0.05759	0.19348	0.01713	0.16562	0.01377	0.01490	0.00972	0.00672	0.00665	0.00192	0.05562	0.00517	0.00453	0.00870
12	0.00740	0.00526	0.00696	0.00829	0.00862	0.00493	0.00549	0.00839	0.01138	0.01518	0.03247	0.74870	0.03892	0.05598	0.00879	0.00261	0.00360	0.01670	0.00549	0.00483
13	0.01563	0.03749	0.13118	0.03552	0.06611	0.07866	0.01163	0.11567	0.05849	0.10130	0.12543	0.06867	0.01952	0.03592	0.00722	0.00197	0.02366	0.00677	0.00474	0.05442
14	0.01523	0.01389	0.04401	0.11704	0.17004	0.07102	0.01344	0.01815	0.02807	0.10399	0.03630	0.04258	0.01202	0.00793	0.00985	0.00203	0.22578	0.00577	0.00367	0.05922
15	0.00862	0.00635	0.00921	0.00921	0.01012	0.00727	0.00695	0.01045	0.00953	0.01362	0.01653	0.02597	0.01605	0.15531	0.65593	0.00910	0.01459	0.00679	0.00329	0.00512
16	0.05975	0.00647	0.00745	0.00763	0.00920	0.00608	0.00572	0.01071	0.02929	0.01933	0.24782	0.21224	0.27669	0.01453	0.00709	0.00213	0.00340	0.06328	0.00578	0.00543
17	0.01216	0.01127	0.01700	0.19973	0.03795	0.01031	0.11341	0.01545	0.01272	0.01830	0.01408	0.01680	0.05526	0.00562	0.00542	0.00142	0.00611	0.00512	0.00339	0.43849
18	0.00858	0.00603	0.00784	0.00821	0.00872	0.00627	0.00570	0.00965	0.01001	0.01359	0.02186	0.15909	0.02425	0.37186	0.22993	0.00602	0.00830	0.08550	0.00405	0.00453

[dist]
# distance from previous block
# <min> <max>
2	4

[block]
# block no. 9 follows, 38 sequences, length 21
# corresponding to MSA columns:
# 766-786
name=unknown_J
#
# <colnr> <probs for GDERKNQSTAVLIFYWHMCP>
#	G	D	E	R	K	N	Q	S	T	A	V	L	I	F	Y	W	H	M	C	P
0	0.01105	0.05378	0.00888	0.00715	0.00874	0.00767	0.00519	0.04213	0.01170	0.01805	0.01751	0.02629	0.01635	0.27068	0.07687	0.00354	0.00544	0.00641	0.33220	0.07037
1	0.01334	0.01333	0.07868	0.01136	0.01625	0.04098	0.05145	0.01631	0.01285	0.05224	0.03157	0.04664	0.01154	0.00605	0.00610	0.00133	0.05881	0.00486	0.00370	0.52261
2	0.05583	0.01293	0.02178	0.30452	0.42063	0.01395	0.04940	0.01733	0.01293	0.01845	0.01097	0.01511	0.00880	0.00560	0.00591	0.00188	0.00747	0.00532	0.00291	0.00827
3	0.01124	0.00942	0.01116	0.01043	0.01275	0.01006	0.03482	0.02010	0.34885	0.02129	0.12539	0.22147	0.11403	0.01211	0.00679	0.00212	0.00419	0.01064	0.00587	0.00727
4	0.10914	0.01149	0.01431	0.01136	0.01547	0.01135	0.03869	0.17695	0.03012	0.38088	0.05952	0.07990	0.01704	0.00828	0.00602	0.00191	0.00534	0.00681	0.00634	0.00906
5	0.03242	0.01397	0.10557	0.46510	0.18327	0.01356	0.01701	0.03395	0.01301	0.04920	0.01143	0.01542	0.00859	0.00592	0.00591	0.00193	0.00771	0.00523	0.00303	0.00776
6	0.10239	0.01178	0.01690	0.20271	0.22682	0.01247	0.01290	0.04639	0.05857	0.13095	0.01413	0.01741	0.01101	0.05790	0.00731	0.00209	0.00639	0.00546	0.00404	0.05239
7	0.00806	0.00571	0.00752	0.00841	0.00897	0.00555	0.00589	0.00937	0.01169	0.01572	0.09226	0.45048	0.03588	0.15372	0.06182	0.00350	0.00493	0.10050	0.00518	0.00485
8	0.00742	0.00531	0.00706	0.00831	0.00875	0.00495	0.00559	0.00861	0.01196	0.01605	0.08993	0.72590	0.04114	0.01833	0.00763	0.00240	0.00344	0.01661	0.00567	0.00495
9	0.01436	0.01375	0.02346	0.14731	0.64480	0.01415	0.01820	0.01800	0.01345	0.01901	0.01122	0.01506	0.00930	0.00546	0.00596	0.00182	0.00728	0.00536	0.00293	0.00910
10	0.01691	0.01096	0.01233	0.01053	0.01379	0.01167	0.00833	0.12984	0.28970	0.16138	0.11910	0.02390	0.02120	0.00826	0.00592	0.00185	0.00454	0.00682	0.13433	0.00863
11	0.00856	0.00599	0.00753	0.00834	0.00895	0.00585	0.00563	0.04782	0.01207	0.01638	0.02926	0.59235	0.03414	0.11972	0.02828	0.00298	0.00423	0.01460	0.04228	0.00506
12	0.00980	0.00771	0.00909	0.00917	0.01074	0.00798	0.00668	0.01588	0.22199	0.02035	0.20598	0.34682	0.07611	0.01399	0.00706	0.00217	0.00367	0.01240	0.00599	0.00642
13	0.13844	0.01476	0.01867	0.02084	0.26010	0.04906	0.04300	0.17515	0.11777	0.06255	0.01388	0.01520	0.01060	0.00645	0.00605	0.00186	0.02689	0.00530	0.00441	0.00902
14	0.00893	0.00620	0.00764	0.00819	0.00935	0.00574	0.00577	0.04052	0.01322	0.05197	0.06827	0.52539	0.19281	0.01674	0.00738	0.00227	0.00358	0.01485	0.00574	0.00544
15	0.01045	0.00522	0.00784	0.00784	0.00784	0.00522	0.00522	0.00784	0.00784	0.01045	0.01045	0.01829	0.01045	0.02090	0.02351	0.82497	0.00522	0.00522	0.00261	0.00261
16	0.27822	0.01283	0.01363	0.01085	0.01523	0.01355	0.00894	0.24654	0.03698	0.28184	0.01600	0.01526	0.01088	0.00681	0.00531	0.00185	0.00544	0.00499	0.00579	0.00905
17	0.06145	0.01467	0.01913	0.02303	0.34180	0.07325	0.01358	0.15494	0.01736	0.17110	0.04090	0.01644	0.01216	0.00646	0.00587	0.00179	0.00665	0.00548	0.00463	0.00930
