[name]
unknown

[dist]
# distance from previous block
# <min> <max>
2	91

[block]
# block no. 0 follows, 40 sequences, length 22
# corresponding to MSA columns:
# 211-232
name=unknown_A
#
# <colnr> <probs for GDERKNQSTAVLIFYWHMCP>
#	G	D	E	R	K	N	Q	S	T	A	V	L	I	F	Y	W	H	M	C	P
0	0.01182	0.01401	0.15324	0.01103	0.01445	0.06383	0.03406	0.06750	0.09065	0.01851	0.08121	0.07511	0.07572	0.15975	0.04226	0.00283	0.00635	0.00739	0.00417	0.06613
1	0.01595	0.00977	0.01281	0.04422	0.08938	0.00974	0.00899	0.07927	0.12076	0.23425	0.18848	0.08332	0.05927	0.00925	0.00624	0.00187	0.00462	0.00795	0.00588	0.00797
2	0.03120	0.19930	0.10565	0.03490	0.01592	0.05796	0.02470	0.07671	0.01382	0.15220	0.03166	0.01755	0.01223	0.08796	0.06327	0.00259	0.02392	0.00516	0.03584	0.00744
3	0.01574	0.09405	0.13783	0.02909	0.01855	0.11231	0.11300	0.10516	0.01486	0.09802	0.03259	0.06312	0.01352	0.08607	0.00847	0.00218	0.02433	0.01971	0.00394	0.00747
4	0.01243	0.01325	0.09365	0.03167	0.07125	0.05469	0.16499	0.04615	0.01314	0.04798	0.01989	0.11590	0.08953	0.08993	0.04375	0.00256	0.00706	0.00774	0.00383	0.07060
5	0.01345	0.01108	0.01427	0.10361	0.04835	0.01221	0.05221	0.09703	0.31448	0.04137	0.05799	0.13561	0.01988	0.04290	0.00723	0.00214	0.00534	0.00797	0.00509	0.00779
6	0.06737	0.03257	0.06349	0.09139	0.12447	0.04523	0.08496	0.02766	0.02735	0.14296	0.01424	0.06191	0.01203	0.06425	0.00928	0.00221	0.11122	0.00608	0.00385	0.00750
7	0.21350	0.27023	0.07928	0.04525	0.01711	0.04743	0.06273	0.05969	0.01285	0.07936	0.01065	0.01227	0.00840	0.00775	0.04949	0.00207	0.00695	0.00413	0.00342	0.00743
8	0.00916	0.00732	0.01014	0.05444	0.01159	0.00871	0.00743	0.01057	0.00929	0.01307	0.01650	0.02665	0.04374	0.26124	0.35375	0.00642	0.13495	0.00689	0.00320	0.00494
9	0.00930	0.00807	0.01023	0.01050	0.06445	0.03946	0.04363	0.01121	0.01303	0.01725	0.17344	0.22836	0.19033	0.07250	0.00838	0.00219	0.00430	0.01079	0.00487	0.07771
10	0.00990	0.00512	0.00742	0.00742	0.00742	0.00512	0.00486	0.00769	0.00769	0.01025	0.01112	0.02020	0.01147	0.11640	0.02358	0.72844	0.00512	0.00547	0.00265	0.00265
11	0.01414	0.01399	0.01928	0.01557	0.01779	0.07632	0.15198	0.08685	0.04687	0.01758	0.01109	0.01585	0.00983	0.06622	0.04302	0.00266	0.34363	0.00563	0.00326	0.03842
12	0.01296	0.10609	0.01911	0.14828	0.29305	0.01338	0.01324	0.05777	0.01352	0.01860	0.10022	0.01958	0.01536	0.00945	0.06026	0.00231	0.04262	0.02689	0.01978	0.00754
13	0.30221	0.09795	0.23671	0.01275	0.01725	0.01529	0.03749	0.01689	0.01071	0.01967	0.00881	0.01119	0.00711	0.00642	0.00766	0.00192	0.17587	0.00403	0.00290	0.00716
14	0.20648	0.03310	0.01403	0.11336	0.04057	0.07082	0.02522	0.04437	0.08080	0.09106	0.01218	0.01379	0.00934	0.00640	0.00594	0.03288	0.02649	0.00443	0.00389	0.16485
15	0.10936	0.13383	0.06543	0.00823	0.01016	0.00971	0.00665	0.01165	0.01004	0.01475	0.01769	0.16704	0.01964	0.35828	0.01608	0.00354	0.00538	0.02376	0.00368	0.00511
16	0.20362	0.01065	0.02796	0.04595	0.01409	0.01168	0.00888	0.03870	0.03932	0.10029	0.05749	0.02010	0.03202	0.03983	0.03793	0.00236	0.16945	0.03813	0.03101	0.07053
17	0.00786	0.00596	0.00753	0.00802	0.00924	0.00522	0.00556	0.00915	0.01143	0.01556	0.03055	0.61500	0.08565	0.01576	0.00689	0.00209	0.00349	0.01415	0.00509	0.13580
18	0.03303	0.08524	0.10490	0.03682	0.01742	0.01311	0.10608	0.12825	0.04276	0.02045	0.09073	0.12428	0.04588	0.01035	0.03700	0.00223	0.08265	0.00750	0.00415	0.00717
19	0.01141	0.00836	0.01063	0.03930	0.06879	0.00803	0.00720	0.04236	0.05995	0.06709	0.19545	0.03071	0.08168	0.19127	0.03159	0.00278	0.00490	0.00766	0.00473	0.12610
20	0.20392	0.04805	0.03019	0.10436	0.05004	0.01216	0.04316	0.05995	0.08635	0.07839	0.09521	0.01945	0.03238	0.00704	0.00553	0.00177	0.01741	0.02311	0.00433	0.07719
21	0.01288	0.04022	0.07691	0.04780	0.01440	0.00916	0.00880	0.07180	0.03226	0.12388	0.07037	0.07132	0.17716	0.01232	0.06538	0.00237	0.00567	0.04376	0.00483	0.10868

[dist]
# distance from previous block
# <min> <max>
1	61

[block]
# block no. 1 follows, 40 sequences, length 32
# corresponding to MSA columns:
# 294-300,303-327
name=unknown_B
#
# <colnr> <probs for GDERKNQSTAVLIFYWHMCP>
#	G	D	E	R	K	N	Q	S	T	A	V	L	I	F	Y	W	H	M	C	P
0	0.21636	0.01237	0.04100	0.09269	0.04084	0.02175	0.03741	0.13722	0.07027	0.07082	0.04016	0.07117	0.01371	0.00766	0.00607	0.00189	0.04110	0.03079	0.00440	0.04232
1	0.07622	0.01044	0.03927	0.11723	0.01756	0.03545	0.08204	0.01503	0.02588	0.07628	0.07109	0.04991	0.10411	0.04559	0.08799	0.00277	0.00676	0.03707	0.00412	0.09519
2	0.04102	0.00928	0.01116	0.02165	0.01275	0.00902	0.00732	0.05433	0.09259	0.07539	0.01575	0.05711	0.01400	0.10036	0.15286	0.02036	0.02092	0.00586	0.00413	0.27414
3	0.01194	0.01017	0.03784	0.01085	0.01272	0.01112	0.00892	0.06573	0.11624	0.04991	0.07467	0.08133	0.10987	0.01499	0.11090	0.00306	0.19319	0.02223	0.04770	0.00665
4	0.00763	0.00583	0.00702	0.00816	0.00863	0.02783	0.00549	0.00864	0.01124	0.01468	0.03147	0.68837	0.06127	0.06321	0.00865	0.00252	0.00373	0.02567	0.00522	0.00473
5	0.05510	0.01259	0.04209	0.26190	0.07417	0.01377	0.03274	0.13671	0.13451	0.05201	0.05299	0.02862	0.01297	0.00708	0.00667	0.00192	0.05640	0.00580	0.00416	0.00781
6	0.45759	0.01076	0.01051	0.00878	0.01256	0.01147	0.00720	0.06304	0.03532	0.25312	0.01423	0.01411	0.00994	0.00621	0.00452	0.00177	0.00463	0.00436	0.06223	0.00764
7	0.01226	0.04212	0.12403	0.13533	0.26407	0.01206	0.03407	0.05253	0.01322	0.01832	0.01818	0.02077	0.11155	0.00945	0.05856	0.00230	0.00712	0.00608	0.05041	0.00756
8	0.01225	0.00904	0.01071	0.00976	0.01227	0.00943	0.03263	0.06715	0.22362	0.05322	0.09900	0.03559	0.14251	0.01033	0.00624	0.00195	0.00430	0.12222	0.13079	0.00698
9	0.01408	0.03996	0.01501	0.14825	0.01897	0.07100	0.04336	0.11282	0.04542	0.07758	0.04161	0.09113	0.01560	0.01458	0.13800	0.00320	0.05729	0.03117	0.01403	0.00696
10	0.00947	0.00695	0.00896	0.00825	0.00992	0.00691	0.00629	0.06165	0.01478	0.02101	0.42839	0.04952	0.03707	0.04585	0.19104	0.00370	0.00628	0.00866	0.02131	0.05398
11	0.66690	0.01070	0.00873	0.00781	0.01119	0.01221	0.00636	0.01810	0.06176	0.05221	0.01081	0.01191	0.00826	0.00578	0.00389	0.00177	0.00434	0.00371	0.08702	0.00654
12	0.04497	0.47574	0.04976	0.01067	0.01558	0.06114	0.01001	0.11039	0.01423	0.04618	0.00981	0.01082	0.00813	0.00532	0.00429	0.00134	0.00622	0.00360	0.00327	0.10851
13	0.05589	0.05363	0.04416	0.01269	0.01656	0.24759	0.01050	0.19010	0.01786	0.20632	0.01383	0.01405	0.00995	0.00668	0.00610	0.00170	0.04872	0.00471	0.03066	0.00828
14	0.00981	0.00706	0.00835	0.00772	0.00987	0.00639	0.00599	0.05384	0.01516	0.05970	0.28190	0.08238	0.29349	0.01247	0.00669	0.00190	0.00349	0.06493	0.00572	0.06315
15	0.01409	0.04581	0.22947	0.04178	0.02344	0.04851	0.24848	0.08492	0.01413	0.04721	0.01322	0.08215	0.01110	0.00697	0.00704	0.00193	0.06216	0.00636	0.00340	0.00784
16	0.01488	0.69791	0.02775	0.00978	0.01445	0.02125	0.00952	0.01757	0.05507	0.01445	0.01253	0.01330	0.06019	0.00582	0.00408	0.00134	0.00590	0.00395	0.00289	0.00739
17	0.04714	0.02627	0.63978	0.01504	0.02251	0.01245	0.01883	0.01723	0.01233	0.01870	0.04453	0.05046	0.03650	0.00668	0.00563	0.00187	0.00774	0.00534	0.00291	0.00806
18	0.00988	0.00520	0.00779	0.00779	0.00792	0.00532	0.00532	0.00792	0.00779	0.01052	0.01077	0.01831	0.01065	0.02308	0.11489	0.72984	0.00634	0.00520	0.00260	0.00285
19	0.00968	0.00663	0.00848	0.04282	0.01048	0.00645	0.00608	0.01236	0.04184	0.06834	0.39595	0.03984	0.12023	0.13397	0.05110	0.00286	0.00441	0.02739	0.00550	0.00558
20	0.01571	0.00894	0.01072	0.00902	0.01197	0.00861	0.00715	0.13109	0.04853	0.23818	0.22420	0.04777	0.15638	0.00999	0.00625	0.00183	0.00408	0.00837	0.04372	0.00749
21	0.01418	0.00806	0.00983	0.00887	0.01140	0.00772	0.00685	0.01865	0.14125	0.23510	0.14246	0.15621	0.15005	0.01125	0.00642	0.00196	0.00389	0.02406	0.03461	0.00718
22	0.01569	0.01094	0.04312	0.01598	0.16622	0.01090	0.01087	0.08205	0.01327	0.18850	0.01444	0.01750	0.01143	0.01614	0.16564	0.11243	0.08787	0.00549	0.00409	0.00742
23	0.01119	0.00718	0.00966	0.00958	0.01075	0.00753	0.00718	0.01300	0.03217	0.13388	0.02691	0.44687	0.05095	0.01672	0.06133	0.00276	0.10467	0.03655	0.00517	0.00594
24	0.00909	0.00583	0.00773	0.00834	0.00931	0.00544	0.00595	0.01086	0.02500	0.07784	0.16193	0.54192	0.03885	0.01589	0.00720	0.00223	0.00351	0.05196	0.00573	0.00539
25	0.00930	0.00745	0.01000	0.14449	0.05402	0.03053	0.00790	0.01080	0.01130	0.01488	0.08681	0.26899	0.02632	0.19506	0.01289	0.04471	0.00521	0.05009	0.00421	0.00504
26	0.01397	0.14949	0.18490	0.08480	0.04675	0.01499	0.10622	0.03862	0.05096	0.06391	0.01257	0.01596	0.01004	0.00666	0.00722	0.00185	0.10674	0.02936	0.04728	0.00772
27	0.00808	0.00571	0.00690	0.00742	0.00855	0.00519	0.00526	0.00935	0.01201	0.04691	0.04989	0.38078	0.28332	0.08032	0.03017	0.00267	0.00389	0.04334	0.00527	0.00496
28	0.01646	0.01334	0.01424	0.01223	0.01583	0.01516	0.00975	0.23617	0.50706	0.02761	0.02116	0.02136	0.01615	0.00798	0.00598	0.00194	0.00516	0.03732	0.00586	0.00924
29	0.07754	0.01420	0.07040	0.18237	0.23146	0.03299	0.06052	0.12549	0.05386	0.02114	0.01352	0.05650	0.02149	0.00661	0.00577	0.00185	0.00685	0.00582	0.00362	0.00801
30	0.01487	0.08800	0.03079	0.07750	0.17512	0.01380	0.11334	0.09339	0.10195	0.07976	0.01612	0.11493	0.01405	0.00768	0.00639	0.00188	0.03131	0.00688	0.00415	0.00809
31	0.01039	0.00886	0.00949	0.00900	0.00990	0.07087	0.00636	0.03836	0.01125	0.01480	0.06378	0.18140	0.04806	0.31562	0.04466	0.00370	0.10028	0.00911	0.00404	0.04007

[dist]
# distance from previous block
# <min> <max>
1	9

[block]
# block no. 2 follows, 40 sequences, length 9
# corresponding to MSA columns:
# 337-345
name=unknown_C
#
# <colnr> <probs for GDERKNQSTAVLIFYWHMCP>
#	G	D	E	R	K	N	Q	S	T	A	V	L	I	F	Y	W	H	M	C	P
0	0.15444	0.20096	0.10277	0.07544	0.05291	0.10332	0.06557	0.06199	0.01361	0.08107	0.01069	0.01223	0.00822	0.00558	0.00489	0.00163	0.00696	0.00422	0.00341	0.03009
1	0.00903	0.00585	0.00719	0.00731	0.00866	0.00539	0.00541	0.01108	0.01374	0.05544	0.26714	0.23834	0.15784	0.01322	0.00659	0.00196	0.00317	0.04631	0.13092	0.00539
2	0.01360	0.00834	0.01012	0.00909	0.01153	0.00821	0.00698	0.04662	0.15663	0.18472	0.24868	0.15189	0.09715	0.01115	0.00650	0.00194	0.00385	0.00963	0.00621	0.00717
3	0.14204	0.00822	0.00936	0.00834	0.01100	0.00801	0.00650	0.01722	0.07546	0.20798	0.20202	0.10578	0.15433	0.01047	0.00608	0.00190	0.00382	0.00876	0.00585	0.00686
4	0.01396	0.01487	0.10509	0.24536	0.04694	0.01451	0.14411	0.13878	0.07760	0.02068	0.01242	0.01537	0.00940	0.00641	0.00714	0.00193	0.07938	0.00551	0.03275	0.00779
5	0.00896	0.00606	0.00728	0.00714	0.00877	0.00550	0.00546	0.01119	0.01445	0.05346	0.32740	0.09042	0.25474	0.01267	0.00663	0.00192	0.00316	0.06977	0.09958	0.00545
6	0.01424	0.01039	0.03931	0.08972	0.04003	0.03009	0.02785	0.03911	0.06664	0.13638	0.04482	0.01930	0.01326	0.06349	0.01345	0.21145	0.10878	0.00577	0.01964	0.00627
7	0.01555	0.79913	0.03047	0.00995	0.01493	0.02301	0.00995	0.01741	0.01182	0.01368	0.00808	0.00933	0.00746	0.00498	0.00373	0.00124	0.00622	0.00311	0.00249	0.00746
8	0.05846	0.01330	0.01561	0.04654	0.01730	0.06375	0.07011	0.25911	0.07259	0.16221	0.11254	0.02081	0.04618	0.00766	0.00595	0.00180	0.00592	0.00633	0.00546	0.00837

[dist]
# distance from previous block
# <min> <max>
0	1

[block]
# block no. 3 follows, 40 sequences, length 17
# corresponding to MSA columns:
# 347-363
name=unknown_D
#
# <colnr> <probs for GDERKNQSTAVLIFYWHMCP>
#	G	D	E	R	K	N	Q	S	T	A	V	L	I	F	Y	W	H	M	C	P
0	0.01555	0.79913	0.03047	0.00995	0.01493	0.02301	0.00995	0.01741	0.01182	0.01368	0.00808	0.00933	0.00746	0.00498	0.00373	0.00124	0.00622	0.00311	0.00249	0.00746
1	0.79663	0.01149	0.00899	0.00793	0.01158	0.01329	0.00653	0.05266	0.01075	0.02661	0.00839	0.00967	0.00647	0.00548	0.00371	0.00180	0.00459	0.00325	0.00371	0.00647
2	0.01286	0.14410	0.42831	0.01770	0.02473	0.01543	0.21660	0.01818	0.01250	0.01761	0.01035	0.01277	0.00779	0.00541	0.00603	0.00180	0.03222	0.00484	0.00260	0.00815
3	0.00832	0.00588	0.00673	0.00667	0.00722	0.00577	0.00418	0.00933	0.02791	0.01374	0.10944	0.05643	0.12605	0.53534	0.04947	0.00467	0.00522	0.00927	0.00420	0.00416
4	0.00711	0.00525	0.00656	0.00759	0.00823	0.00480	0.00512	0.00816	0.01143	0.01485	0.03667	0.61402	0.17785	0.05287	0.00832	0.00243	0.00339	0.01533	0.00531	0.00471
5	0.00719	0.00510	0.00672	0.00797	0.00828	0.00479	0.00526	0.00812	0.01094	0.01458	0.03103	0.73603	0.03718	0.07577	0.00906	0.00260	0.00354	0.01593	0.00526	0.00463
6	0.00694	0.00589	0.00599	0.00596	0.00790	0.00494	0.00447	0.00848	0.01342	0.01610	0.09430	0.05533	0.72137	0.01458	0.00687	0.00196	0.00294	0.01218	0.00545	0.00494
7	0.01196	0.02801	0.66011	0.01772	0.02592	0.01368	0.12479	0.01845	0.01249	0.01845	0.01063	0.01277	0.00758	0.00544	0.00572	0.00186	0.00877	0.00467	0.00253	0.00849
8	0.04746	0.01035	0.01239	0.01009	0.01366	0.01022	0.00811	0.18845	0.03993	0.36354	0.02092	0.10756	0.01603	0.00833	0.00571	0.00180	0.00478	0.00682	0.11528	0.00856
9	0.02609	0.00990	0.01350	0.01035	0.01484	0.00855	0.00855	0.02834	0.01664	0.76338	0.02294	0.01979	0.01439	0.00720	0.00585	0.00180	0.00495	0.00585	0.00720	0.00990
10	0.01292	0.24708	0.34403	0.01440	0.04374	0.03300	0.04100	0.01775	0.05030	0.01672	0.01196	0.06050	0.01030	0.00811	0.04044	0.00206	0.02997	0.00504	0.00290	0.00779
11	0.01630	0.00951	0.03648	0.01029	0.01282	0.00914	0.00843	0.03497	0.01455	0.31206	0.19738	0.11373	0.02572	0.03614	0.00918	0.00212	0.12990	0.00811	0.00574	0.00741
12	0.00820	0.00555	0.00696	0.00773	0.00869	0.00500	0.00537	0.00940	0.01196	0.06108	0.03771	0.57409	0.20324	0.01673	0.00720	0.00224	0.00337	0.01489	0.00551	0.00508
13	0.01223	0.04904	0.01296	0.00868	0.01384	0.00850	0.00704	0.01478	0.01205	0.01869	0.01023	0.01192	0.00856	0.00434	0.00428	0.00088	0.00440	0.00343	0.00340	0.79076
14	0.04200	0.27958	0.10490	0.01092	0.01553	0.01529	0.01034	0.10825	0.06857	0.08327	0.01366	0.05007	0.01155	0.00729	0.00577	0.03968	0.00581	0.02727	0.00392	0.09634
15	0.01002	0.00508	0.00751	0.00751	0.00751	0.00508	0.00497	0.00762	0.00762	0.01016	0.01053	0.01874	0.01067	0.06050	0.02308	0.78793	0.00508	0.00523	0.00258	0.00258
16	0.00834	0.00573	0.00765	0.00817	0.00914	0.00536	0.00600	0.01025	0.01363	0.03947	0.31275	0.39300	0.04356	0.01519	0.00723	0.00218	0.00341	0.09787	0.00583	0.00524

[dist]
# distance from previous block
# <min> <max>
0	10

[block]
# block no. 4 follows, 40 sequences, length 12
# corresponding to MSA columns:
# 375-386
name=unknown_E
#
# <colnr> <probs for GDERKNQSTAVLIFYWHMCP>
#	G	D	E	R	K	N	Q	S	T	A	V	L	I	F	Y	W	H	M	C	P
0	0.14834	0.07426	0.11026	0.01269	0.04909	0.05692	0.01088	0.06447	0.15767	0.03896	0.01267	0.01373	0.00988	0.00628	0.00618	0.00169	0.07483	0.00450	0.00386	0.14282
1	0.01212	0.01030	0.01186	0.00903	0.01355	0.00865	0.00715	0.01698	0.13313	0.02021	0.07825	0.01640	0.01419	0.00556	0.00480	0.00113	0.00422	0.00458	0.00411	0.62379
2	0.07999	0.16460	0.51614	0.01482	0.02210	0.01539	0.04319	0.04782	0.01267	0.01895	0.01002	0.01171	0.00745	0.00545	0.00511	0.00173	0.00779	0.00412	0.00271	0.00823
3	0.04780	0.06372	0.01543	0.01269	0.01593	0.39778	0.00989	0.04845	0.11489	0.11158	0.04309	0.01651	0.04502	0.00707	0.00575	0.00166	0.02597	0.00505	0.00424	0.00747
4	0.01661	0.01326	0.01399	0.01212	0.01504	0.07316	0.00998	0.32920	0.06693	0.02607	0.01816	0.02711	0.01612	0.00937	0.00725	0.00199	0.07224	0.17468	0.08896	0.00777
5	0.03912	0.17254	0.07970	0.25448	0.08537	0.05551	0.04816	0.03306	0.03230	0.08382	0.01259	0.03802	0.01025	0.00636	0.00543	0.00176	0.00704	0.02362	0.00337	0.00751
6	0.11964	0.03560	0.01462	0.13054	0.08329	0.23499	0.01066	0.01658	0.01216	0.01585	0.01105	0.01602	0.00990	0.08195	0.13379	0.00333	0.05578	0.00490	0.00303	0.00632
7	0.01314	0.01077	0.01711	0.65556	0.03617	0.01295	0.01510	0.07306	0.01329	0.08027	0.01169	0.01575	0.00849	0.00602	0.00582	0.00191	0.00741	0.00523	0.00323	0.00702
8	0.00888	0.00595	0.00714	0.00697	0.00829	0.00566	0.00518	0.01154	0.03036	0.02089	0.40625	0.06160	0.09858	0.07295	0.00807	0.00209	0.00316	0.04112	0.19002	0.00532
9	0.00896	0.00544	0.00708	0.00716	0.00727	0.00552	0.00452	0.00829	0.00837	0.01125	0.01590	0.07340	0.01757	0.40282	0.09128	0.30489	0.00617	0.00750	0.00324	0.00338
10	0.00759	0.00577	0.00717	0.00748	0.00873	0.00534	0.00554	0.00943	0.01326	0.01754	0.24299	0.24377	0.25911	0.01747	0.07456	0.00273	0.00427	0.05669	0.00548	0.00508
11	0.01109	0.07664	0.01714	0.19733	0.13232	0.01098	0.08686	0.01394	0.01292	0.01738	0.16498	0.08167	0.02234	0.03585	0.00768	0.03318	0.00602	0.06137	0.00388	0.00645

[dist]
# distance from previous block
# <min> <max>
0	1

[block]
# block no. 5 follows, 40 sequences, length 11
# corresponding to MSA columns:
# 388-398
name=unknown_F
#
# <colnr> <probs for GDERKNQSTAVLIFYWHMCP>
#	G	D	E	R	K	N	Q	S	T	A	V	L	I	F	Y	W	H	M	C	P
0	0.12120	0.09754	0.04179	0.09866	0.06379	0.27028	0.06250	0.09197	0.01472	0.01871	0.00969	0.01193	0.00781	0.00604	0.00609	0.00171	0.06072	0.00432	0.00320	0.00730
1	0.78950	0.01232	0.05186	0.00816	0.01204	0.01307	0.00717	0.01717	0.01003	0.02565	0.00823	0.00961	0.00636	0.00541	0.00371	0.00180	0.00473	0.00321	0.00353	0.00643
2	0.05705	0.03571	0.14403	0.10415	0.21654	0.04978	0.04888	0.05197	0.03675	0.04244	0.02861	0.01541	0.01020	0.00661	0.00748	0.00190	0.11325	0.01803	0.00327	0.00794
3	0.00751	0.00553	0.00679	0.00724	0.00813	0.00507	0.00499	0.00894	0.01261	0.01678	0.22391	0.35696	0.18444	0.11190	0.00990	0.00255	0.00340	0.01312	0.00543	0.00481
4	0.01202	0.05263	0.01823	0.01457	0.01562	0.01546	0.08341	0.01384	0.00997	0.01478	0.04018	0.03946	0.01153	0.01419	0.11737	0.00330	0.50834	0.00589	0.00290	0.00632
5	0.00727	0.00552	0.00655	0.00707	0.00811	0.00496	0.00492	0.00861	0.01242	0.01605	0.13983	0.36961	0.29686	0.07395	0.00880	0.00239	0.00330	0.01358	0.00540	0.00481
6	0.01148	0.00649	0.00831	0.00798	0.00979	0.00578	0.00592	0.01327	0.01403	0.18103	0.20952	0.30249	0.17389	0.01362	0.00684	0.00203	0.00349	0.01193	0.00603	0.00608
7	0.03966	0.04431	0.06752	0.11291	0.01904	0.01137	0.04458	0.06989	0.05310	0.01962	0.01238	0.03670	0.01046	0.00606	0.00566	0.00146	0.03673	0.02689	0.00359	0.37806
8	0.07258	0.05456	0.01698	0.03688	0.05557	0.04692	0.13499	0.01561	0.03054	0.01832	0.03622	0.06871	0.06751	0.00694	0.00595	0.00156	0.03800	0.00602	0.00362	0.28253
9	0.08611	0.14187	0.05247	0.04740	0.03973	0.13588	0.01042	0.07401	0.13746	0.13547	0.01404	0.01434	0.01049	0.00617	0.00509	0.00162	0.00636	0.00461	0.00429	0.07218
10	0.03612	0.07633	0.03894	0.01246	0.06454	0.01212	0.02588	0.07413	0.06997	0.04959	0.11138	0.04120	0.07667	0.00865	0.00773	0.00181	0.12357	0.03417	0.02997	0.10476

[dist]
# distance from previous block
# <min> <max>
0	34

[block]
# block no. 6 follows, 40 sequences, length 7
# corresponding to MSA columns:
# 433-439
name=unknown_G
#
# <colnr> <probs for GDERKNQSTAVLIFYWHMCP>
#	G	D	E	R	K	N	Q	S	T	A	V	L	I	F	Y	W	H	M	C	P
0	0.00941	0.00855	0.05612	0.04110	0.01224	0.00711	0.00756	0.05210	0.01298	0.01756	0.07481	0.28938	0.12756	0.06182	0.00808	0.00223	0.00444	0.09021	0.00481	0.11192
1	0.03199	0.07810	0.10257	0.01104	0.01441	0.03117	0.00970	0.09914	0.18817	0.05981	0.02040	0.10333	0.05799	0.06422	0.08461	0.00288	0.02135	0.00713	0.00457	0.00742
2	0.01065	0.12007	0.01131	0.05816	0.01177	0.00835	0.00679	0.01219	0.01191	0.08634	0.02715	0.40744	0.08899	0.05060	0.00744	0.00218	0.00424	0.01139	0.05730	0.00573
3	0.01528	0.10858	0.14253	0.12768	0.07086	0.03013	0.08100	0.04212	0.01374	0.15695	0.04511	0.06430	0.01307	0.00692	0.00602	0.00178	0.02564	0.00590	0.00395	0.03844
4	0.01522	0.24790	0.19713	0.06085	0.03554	0.01544	0.02910	0.06457	0.07894	0.10144	0.02954	0.01510	0.02647	0.00611	0.00513	0.00162	0.00645	0.00477	0.00374	0.05495
5	0.10692	0.00969	0.01191	0.00945	0.01336	0.00908	0.00774	0.06774	0.01587	0.52306	0.02022	0.01868	0.01337	0.00693	0.00532	0.00172	0.00463	0.00546	0.14005	0.00880
6	0.00713	0.00523	0.00669	0.00774	0.00837	0.00480	0.00527	0.00831	0.01177	0.01550	0.08174	0.64216	0.13928	0.01733	0.00731	0.00227	0.00327	0.01556	0.00546	0.00480

[dist]
# distance from previous block
# <min> <max>
6	23

[block]
# block no. 7 follows, 40 sequences, length 11
# corresponding to MSA columns:
# 463-473
name=unknown_H
#
# <colnr> <probs for GDERKNQSTAVLIFYWHMCP>
#	G	D	E	R	K	N	Q	S	T	A	V	L	I	F	Y	W	H	M	C	P
0	0.02240	0.01179	0.05203	0.01084	0.01517	0.03259	0.00922	0.10877	0.01720	0.51618	0.05457	0.06182	0.01628	0.00777	0.00589	0.00179	0.00526	0.00635	0.00640	0.03769
1	0.10290	0.03715	0.01525	0.01199	0.01590	0.13539	0.00966	0.32679	0.03848	0.05725	0.01327	0.05297	0.01069	0.00700	0.00584	0.00166	0.03600	0.00514	0.00466	0.11201
2	0.08245	0.12029	0.05156	0.05936	0.05738	0.03512	0.04801	0.16808	0.06554	0.09998	0.01436	0.01522	0.03324	0.00631	0.00554	0.00164	0.02344	0.00494	0.00425	0.10326
3	0.08336	0.12544	0.01621	0.09117	0.05967	0.01217	0.00968	0.08101	0.01488	0.30123	0.05462	0.01702	0.01305	0.00732	0.00630	0.04871	0.00548	0.00518	0.00492	0.04259
4	0.00914	0.00613	0.00769	0.00779	0.00931	0.00560	0.00597	0.01123	0.01414	0.06780	0.27671	0.18457	0.20848	0.01388	0.00699	0.00207	0.00345	0.12088	0.03270	0.00548
5	0.01406	0.10162	0.11205	0.06071	0.02450	0.12047	0.34593	0.01785	0.01321	0.01675	0.01225	0.07774	0.01066	0.00650	0.00664	0.00186	0.04050	0.00636	0.00301	0.00734
6	0.05944	0.01376	0.09182	0.21263	0.09083	0.01317	0.11714	0.07316	0.07123	0.07931	0.03596	0.04868	0.01209	0.00687	0.00662	0.00193	0.04779	0.00602	0.00381	0.00775
7	0.01498	0.00748	0.00954	0.00855	0.01110	0.00666	0.00656	0.01720	0.03665	0.31640	0.09191	0.23300	0.19155	0.01219	0.00658	0.00199	0.00390	0.01050	0.00622	0.00704
8	0.00723	0.00565	0.00659	0.00707	0.00836	0.00500	0.00513	0.00876	0.01292	0.01643	0.13494	0.31222	0.38411	0.01566	0.00712	0.00212	0.00318	0.04705	0.00552	0.00494
9	0.05901	0.09182	0.08353	0.07925	0.04500	0.10196	0.12432	0.01705	0.05194	0.04851	0.01564	0.12811	0.01472	0.04135	0.02220	0.02399	0.00710	0.03400	0.00366	0.00684
10	0.07623	0.12651	0.07410	0.10406	0.10310	0.04540	0.05462	0.03426	0.06755	0.10414	0.01272	0.01486	0.00989	0.00870	0.05586	0.00228	0.07573	0.00495	0.01730	0.00772

[dist]
# distance from previous block
# <min> <max>
6	22

[block]
# block no. 8 follows, 40 sequences, length 20
# corresponding to MSA columns:
# 501-520
name=unknown_I
#
# <colnr> <probs for GDERKNQSTAVLIFYWHMCP>
#	G	D	E	R	K	N	Q	S	T	A	V	L	I	F	Y	W	H	M	C	P
0	0.04001	0.00849	0.01105	0.10329	0.01545	0.00850	0.00880	0.07570	0.01464	0.16206	0.04511	0.11679	0.12843	0.01164	0.00666	0.00211	0.00499	0.20271	0.00534	0.02824
1	0.06137	0.03631	0.12253	0.19858	0.05601	0.04904	0.11874	0.11006	0.07083	0.06169	0.01302	0.01616	0.00993	0.00634	0.00608	0.00188	0.02456	0.02525	0.00370	0.00790
2	0.01491	0.06239	0.18852	0.04339	0.01823	0.01256	0.05237	0.15968	0.06607	0.09571	0.01996	0.02063	0.11431	0.00837	0.00698	0.06055	0.00621	0.00604	0.00432	0.03879
3	0.01956	0.02073	0.01514	0.01345	0.01619	0.47037	0.01033	0.05965	0.02797	0.10048	0.05353	0.04453	0.01266	0.00873	0.03449	0.00198	0.07407	0.00518	0.00392	0.00707
4	0.01215	0.04285	0.04460	0.25934	0.06927	0.01231	0.05683	0.06692	0.07588	0.01797	0.01682	0.04925	0.06031	0.00959	0.03518	0.04042	0.04974	0.02625	0.04749	0.00683
5	0.01285	0.01311	0.01999	0.01648	0.01726	0.01740	0.10830	0.01461	0.00954	0.01461	0.00818	0.01311	0.00779	0.00948	0.01747	0.00247	0.68287	0.00532	0.00260	0.00656
6	0.04097	0.01091	0.01579	0.30631	0.10456	0.01292	0.01270	0.03183	0.11360	0.04538	0.09657	0.01901	0.01496	0.00745	0.00783	0.00197	0.12336	0.00592	0.02078	0.00718
7	0.01428	0.00855	0.01015	0.00878	0.01127	0.00842	0.00675	0.10229	0.08665	0.18036	0.23156	0.04964	0.10140	0.09941	0.00889	0.00226	0.00419	0.00833	0.04982	0.00700
8	0.01523	0.01095	0.01716	0.20799	0.02296	0.01122	0.12561	0.08258	0.02766	0.17403	0.04387	0.07859	0.01425	0.00888	0.03931	0.00216	0.02230	0.00659	0.00442	0.08425
9	0.05470	0.00610	0.00660	0.00647	0.00809	0.00599	0.00497	0.01337	0.01298	0.05540	0.12650	0.05996	0.07700	0.00901	0.00508	0.00162	0.00310	0.04663	0.49083	0.00561
10	0.01133	0.00711	0.00981	0.11156	0.01401	0.00708	0.00761	0.01359	0.02878	0.13260	0.17931	0.18030	0.09931	0.03578	0.04020	0.04665	0.00485	0.05893	0.00522	0.00594
11	0.00721	0.00526	0.00681	0.00788	0.00849	0.00485	0.00541	0.00844	0.01181	0.01563	0.08854	0.64086	0.11369	0.01733	0.00734	0.00229	0.00334	0.03454	0.00547	0.00482
12	0.01277	0.01076	0.01244	0.00895	0.01408	0.00848	0.00719	0.06607	0.01314	0.02020	0.01059	0.01219	0.00870	0.00450	0.00441	0.00092	0.00445	0.00357	0.00361	0.77295
13	0.01179	0.06842	0.13922	0.23646	0.03520	0.01133	0.01242	0.01568	0.04576	0.06610	0.06822	0.15554	0.02973	0.00872	0.00634	0.00190	0.03001	0.00741	0.00387	0.04588
14	0.05162	0.08158	0.04560	0.11333	0.19410	0.05866	0.01268	0.17439	0.01614	0.11459	0.01247	0.01421	0.00940	0.00650	0.00609	0.03369	0.00660	0.00483	0.00401	0.03952
15	0.01533	0.00725	0.00983	0.00873	0.01100	0.00651	0.00665	0.01699	0.01453	0.31709	0.23403	0.19281	0.03078	0.01217	0.00810	0.08186	0.00399	0.00941	0.00613	0.00681
16	0.02519	0.01084	0.01402	0.01080	0.01528	0.01001	0.00891	0.12450	0.04075	0.64239	0.02175	0.01906	0.01389	0.00719	0.00585	0.00180	0.00513	0.00579	0.00697	0.00987
17	0.04388	0.01054	0.04132	0.16740	0.07406	0.05057	0.03091	0.01369	0.02847	0.01705	0.09818	0.17271	0.06650	0.01202	0.05214	0.00243	0.07411	0.00836	0.02945	0.00620
18	0.00943	0.00605	0.00771	0.00758	0.00898	0.00549	0.00552	0.01135	0.01420	0.08949	0.35779	0.24946	0.14047	0.04972	0.00797	0.00217	0.00329	0.01188	0.00593	0.00552
19	0.00971	0.00601	0.00739	0.00743	0.00855	0.00552	0.00511	0.01088	0.01205	0.10037	0.11638	0.29572	0.15523	0.21767	0.01285	0.00302	0.00400	0.01179	0.00523	0.00512

[dist]
# distance from previous block
# <min> <max>
0	1

[block]
# block no. 9 follows, 40 sequences, length 21
# corresponding to MSA columns:
# 522-542
name=unknown_J
#
# <colnr> <probs for GDERKNQSTAVLIFYWHMCP>
#	G	D	E	R	K	N	Q	S	T	A	V	L	I	F	Y	W	H	M	C	P
0	0.03521	0.07764	0.11464	0.19043	0.07663	0.01394	0.02253	0.15110	0.07478	0.09465	0.03901	0.02694	0.01191	0.00803	0.03586	0.00210	0.00692	0.00544	0.00412	0.00812
1	0.01276	0.09105	0.01717	0.13382	0.01892	0.09943	0.07419	0.01576	0.04707	0.01579	0.02457	0.05738	0.05310	0.01107	0.07050	0.00254	0.18039	0.00615	0.06189	0.00646
2	0.05681	0.01097	0.01256	0.03879	0.02564	0.02266	0.00777	0.01618	0.06686	0.01936	0.01112	0.01279	0.00910	0.00489	0.00488	0.00110	0.02562	0.00380	0.00356	0.64553
3	0.16934	0.10086	0.16093	0.08248	0.01903	0.04026	0.04405	0.09090	0.01320	0.08321	0.01093	0.01309	0.00838	0.00728	0.00750	0.06872	0.06454	0.00447	0.00348	0.00734
4	0.01011	0.00616	0.00784	0.00819	0.00944	0.00570	0.00588	0.02820	0.01261	0.11090	0.04962	0.48720	0.12001	0.04616	0.00791	0.00233	0.00373	0.04401	0.02846	0.00554
5	0.10308	0.00678	0.00790	0.00763	0.00944	0.00640	0.00577	0.01121	0.01385	0.02056	0.35998	0.17620	0.11993	0.01224	0.00645	0.00191	0.00335	0.04982	0.00549	0.07201
6	0.20516	0.01200	0.01188	0.04739	0.01468	0.08078	0.00814	0.07724	0.07468	0.13708	0.01577	0.10315	0.01328	0.00741	0.00515	0.00168	0.00523	0.00582	0.02684	0.14665
7	0.04659	0.01002	0.01428	0.01451	0.13592	0.00987	0.04154	0.01757	0.04850	0.17587	0.01932	0.05592	0.07159	0.01390	0.13913	0.00306	0.05030	0.00640	0.00439	0.12132
8	0.02051	0.00886	0.01149	0.00932	0.01261	0.00805	0.00734	0.05805	0.01547	0.49485	0.06173	0.05901	0.01843	0.11535	0.00908	0.00231	0.00476	0.00689	0.06768	0.00822
9	0.01002	0.00666	0.00801	0.00745	0.00926	0.00620	0.00564	0.05205	0.01563	0.07113	0.39934	0.09700	0.19941	0.01198	0.00655	0.00185	0.00318	0.01033	0.07243	0.00584
10	0.01326	0.07012	0.34824	0.11521	0.02441	0.04692	0.09964	0.03823	0.01282	0.04684	0.01274	0.01507	0.03977	0.00644	0.00702	0.00189	0.08552	0.00511	0.00297	0.00779
11	0.01948	0.01029	0.01359	0.01306	0.09898	0.00993	0.00920	0.11471	0.06094	0.37193	0.05035	0.12477	0.01832	0.00865	0.00600	0.00185	0.00493	0.00735	0.04700	0.00867
12	0.00830	0.00567	0.00681	0.00689	0.00714	0.00571	0.00424	0.00883	0.00944	0.01281	0.07888	0.10702	0.02479	0.58257	0.10228	0.00541	0.00622	0.00914	0.00389	0.00397
13	0.01006	0.00667	0.00893	0.07983	0.01201	0.00727	0.00695	0.01236	0.01156	0.04878	0.07504	0.08692	0.05999	0.03145	0.23966	0.00412	0.04107	0.00735	0.24441	0.00557
14	0.01456	0.16162	0.05371	0.01355	0.07832	0.10065	0.01059	0.07347	0.07614	0.05437	0.01335	0.01626	0.01120	0.01771	0.24065	0.00401	0.04394	0.00506	0.00356	0.00730
15	0.07874	0.01117	0.01511	0.29481	0.02398	0.04468	0.04020	0.09179	0.01377	0.11154	0.01485	0.07553	0.01259	0.01067	0.06917	0.00257	0.04326	0.03459	0.00397	0.00702
16	0.01453	0.09525	0.27238	0.07024	0.02004	0.01383	0.01374	0.10684	0.14774	0.08429	0.01752	0.05568	0.04823	0.00732	0.00566	0.00183	0.00647	0.00590	0.00419	0.00833
17	0.05202	0.01131	0.07333	0.01020	0.01470	0.00842	0.07195	0.01400	0.01235	0.01869	0.04754	0.08527	0.09811	0.00719	0.00526	0.00138	0.00485	0.00621	0.00384	0.45340
18	0.05317	0.07289	0.13795	0.01750	0.16048	0.01245	0.10698	0.01827	0.10582	0.05251	0.11175	0.09120	0.01857	0.00772	0.00593	0.00185	0.00614	0.00697	0.00409	0.00779
19	0.01391	0.16385	0.34468	0.01551	0.02175	0.05169	0.13261	0.01840	0.01263	0.05940	0.01101	0.01312	0.00842	0.00729	0.04115	0.00206	0.03205	0.00463	0.00291	0.04292
20	0.05463	0.01036	0.04482	0.23554	0.02101	0.01030	0.01054	0.05383	0.07240	0.19046	0.10814	0.09529	0.05101	0.00861	0.00603	0.00192	0.00544	0.00733	0.00496	0.00737

[dist]
# distance from previous block
# <min> <max>
8	67

[block]
# block no. 10 follows, 40 sequences, length 19
# corresponding to MSA columns:
# 610-628
name=unknown_K
#
# <colnr> <probs for GDERKNQSTAVLIFYWHMCP>
#	G	D	E	R	K	N	Q	S	T	A	V	L	I	F	Y	W	H	M	C	P
0	0.05281	0.15283	0.14556	0.12449	0.06023	0.06580	0.05304	0.09633	0.01438	0.06178	0.03340	0.02994	0.01039	0.00606	0.00527	0.00165	0.00692	0.00488	0.00351	0.07072
1	0.00924	0.00661	0.00869	0.00888	0.01011	0.00660	0.00671	0.02917	0.05093	0.01689	0.12280	0.24007	0.02933	0.04299	0.11224	0.09836	0.00574	0.13924	0.00476	0.05062
2	0.01103	0.05205	0.01067	0.04085	0.01179	0.00843	0.00695	0.03317	0.11134	0.07183	0.48138	0.03591	0.08081	0.01045	0.00642	0.00182	0.00364	0.00902	0.00594	0.00649
3	0.01052	0.02692	0.16950	0.02919	0.01528	0.00919	0.05316	0.02501	0.06358	0.01754	0.07966	0.09823	0.09495	0.06862	0.00920	0.06622	0.00559	0.06134	0.00407	0.09221
4	0.01360	0.01019	0.01413	0.02771	0.01515	0.01065	0.10301	0.04204	0.20901	0.11448	0.11635	0.05246	0.08493	0.04652	0.00812	0.00214	0.04789	0.03377	0.04049	0.00737
5	0.04096	0.04701	0.01459	0.13732	0.01853	0.02777	0.09317	0.01474	0.04038	0.01797	0.04704	0.05882	0.04954	0.00957	0.00623	0.00196	0.00581	0.21016	0.05874	0.09971
6	0.00828	0.00678	0.00955	0.00874	0.01036	0.00638	0.06212	0.01050	0.01420	0.01918	0.36591	0.18053	0.21960	0.01315	0.00742	0.00200	0.03278	0.01157	0.00556	0.00542
7	0.01504	0.06482	0.04178	0.03831	0.02861	0.04158	0.00991	0.06453	0.27929	0.09439	0.03746	0.02178	0.06019	0.00799	0.00680	0.00184	0.06878	0.03209	0.00488	0.07994
8	0.00793	0.00548	0.00677	0.00737	0.00768	0.00531	0.00475	0.00868	0.01036	0.01388	0.07358	0.34971	0.03118	0.38072	0.01777	0.00387	0.00450	0.05161	0.00459	0.00425
9	0.01772	0.01375	0.01484	0.01203	0.01618	0.01494	0.00967	0.32937	0.32706	0.04980	0.01781	0.01712	0.01314	0.00702	0.00566	0.00173	0.00534	0.00558	0.00559	0.11563
10	0.01165	0.01102	0.01865	0.63493	0.18153	0.01310	0.01648	0.01545	0.01195	0.01567	0.01045	0.01529	0.00804	0.00569	0.00580	0.00190	0.00759	0.00517	0.00264	0.00700
11	0.01370	0.00827	0.00951	0.00874	0.01099	0.00858	0.00671	0.01952	0.20533	0.15297	0.02529	0.14609	0.06828	0.00960	0.00605	0.00183	0.02785	0.00801	0.25557	0.00709
12	0.06643	0.01099	0.01223	0.03428	0.01440	0.12036	0.06576	0.04461	0.03633	0.01780	0.02344	0.26077	0.02517	0.01271	0.00683	0.00221	0.00590	0.22913	0.00467	0.00597
13	0.00836	0.00600	0.00820	0.00820	0.00884	0.00665	0.00584	0.00965	0.00901	0.01265	0.01662	0.02864	0.01705	0.33012	0.48952	0.00793	0.01179	0.00708	0.00327	0.00456
14	0.09875	0.01036	0.01296	0.01028	0.01444	0.00974	0.00839	0.07366	0.05760	0.57044	0.02146	0.05519	0.01468	0.00758	0.00572	0.00183	0.00491	0.00611	0.00662	0.00928
15	0.01298	0.01534	0.09346	0.02325	0.12686	0.01327	0.46626	0.01751	0.01348	0.01847	0.01441	0.02276	0.01248	0.00668	0.00677	0.00203	0.00863	0.11439	0.00326	0.00772
16	0.00880	0.00576	0.00743	0.00815	0.00912	0.00532	0.00574	0.01039	0.02615	0.07347	0.06981	0.57903	0.11397	0.01642	0.00720	0.00225	0.00350	0.03660	0.00560	0.00529
17	0.01228	0.01232	0.05984	0.15136	0.32004	0.01193	0.04441	0.04057	0.03231	0.01920	0.12926	0.04953	0.05263	0.00755	0.00650	0.00186	0.03023	0.00681	0.00373	0.00765
18	0.01430	0.01321	0.02186	0.01677	0.02071	0.01376	0.30879	0.15956	0.12330	0.02166	0.01520	0.04111	0.01256	0.05800	0.09653	0.00303	0.04116	0.00673	0.00405	0.00773

[dist]
# distance from previous block
# <min> <max>
3	41

[block]
# block no. 11 follows, 40 sequences, length 17
# corresponding to MSA columns:
# 694-710
name=unknown_L
#
# <colnr> <probs for GDERKNQSTAVLIFYWHMCP>
#	G	D	E	R	K	N	Q	S	T	A	V	L	I	F	Y	W	H	M	C	P
0	0.01314	0.01191	0.03715	0.16995	0.04764	0.04271	0.01088	0.04454	0.01250	0.05559	0.02864	0.01493	0.01013	0.00907	0.06684	0.00217	0.11566	0.00471	0.00340	0.29843
1	0.09264	0.15178	0.08058	0.01004	0.02416	0.02079	0.00850	0.04026	0.02232	0.06811	0.06067	0.22282	0.02077	0.11262	0.00926	0.00238	0.03341	0.00831	0.00422	0.00636
2	0.01497	0.08239	0.12251	0.06574	0.12052	0.02138	0.14307	0.01857	0.02251	0.15643	0.04319	0.05985	0.01386	0.04683	0.00704	0.00199	0.00672	0.00630	0.03830	0.00782
3	0.04305	0.04910	0.09278	0.13288	0.07684	0.01368	0.14337	0.07401	0.01364	0.09063	0.03706	0.05268	0.02990	0.00735	0.00779	0.00195	0.11583	0.00616	0.00370	0.00760
4	0.06256	0.01198	0.08644	0.01077	0.01537	0.00952	0.00958	0.06276	0.01579	0.55319	0.01945	0.01794	0.01268	0.00767	0.00671	0.05270	0.00535	0.00543	0.00611	0.02799
5	0.04853	0.00804	0.01087	0.06879	0.05522	0.00778	0.00805	0.01645	0.03099	0.22872	0.12331	0.20459	0.06918	0.04056	0.00733	0.00215	0.00452	0.05252	0.00555	0.00685
6	0.01395	0.20436	0.30133	0.05040	0.01976	0.02565	0.04030	0.01781	0.01267	0.10546	0.01630	0.04711	0.07409	0.00708	0.00595	0.00176	0.03929	0.00553	0.00343	0.00776
7	0.00783	0.00578	0.00739	0.03788	0.00975	0.00545	0.00582	0.00965	0.01309	0.01765	0.23130	0.34053	0.16583	0.02984	0.00744	0.00217	0.00344	0.05546	0.03862	0.00507
8	0.75761	0.01111	0.00903	0.00791	0.01160	0.01261	0.00652	0.01819	0.01055	0.09803	0.00955	0.01046	0.00709	0.00557	0.00382	0.00180	0.00454	0.00341	0.00395	0.00665
9	0.01041	0.01208	0.13101	0.01270	0.07172	0.05099	0.03664	0.01364	0.01401	0.01896	0.21240	0.07534	0.09428	0.01114	0.00668	0.00203	0.00536	0.17877	0.03554	0.00630
10	0.01264	0.01188	0.01969	0.31982	0.40034	0.01294	0.01601	0.01673	0.04824	0.01741	0.01262	0.06293	0.01086	0.00636	0.00589	0.00186	0.00690	0.00594	0.00307	0.00788
11	0.00823	0.00548	0.00711	0.00796	0.00876	0.00501	0.00549	0.00947	0.01198	0.05883	0.07712	0.62979	0.10924	0.01686	0.00724	0.00226	0.00339	0.01513	0.00556	0.00509
12	0.01812	0.01033	0.01303	0.10095	0.01689	0.01065	0.00916	0.08867	0.17906	0.30518	0.12112	0.02252	0.01952	0.00779	0.00590	0.00183	0.00491	0.00649	0.04937	0.00850
13	0.01342	0.00683	0.00798	0.00742	0.00959	0.00642	0.00586	0.01620	0.03749	0.18475	0.02805	0.06200	0.13588	0.00954	0.00549	0.00174	0.00359	0.07689	0.37441	0.00642
14	0.75761	0.01111	0.00903	0.00791	0.01160	0.01261	0.00652	0.01819	0.01055	0.09803	0.00955	0.01046	0.00709	0.00557	0.00382	0.00180	0.00454	0.00341	0.00395	0.00665
15	0.01068	0.00653	0.00813	0.00824	0.00959	0.00612	0.00584	0.05207	0.01284	0.12011	0.03207	0.46885	0.12884	0.09028	0.00917	0.00251	0.00392	0.01306	0.00549	0.00564
16	0.01153	0.05226	0.58753	0.01498	0.02192	0.04415	0.01816	0.01702	0.01218	0.01745	0.01306	0.10420	0.01134	0.00865	0.03862	0.00219	0.00828	0.00575	0.00285	0.00788

[dist]
# distance from previous block
# <min> <max>
0	2

[block]
# block no. 12 follows, 40 sequences, length 7
# corresponding to MSA columns:
# 713-719
name=unknown_M
#
# <colnr> <probs for GDERKNQSTAVLIFYWHMCP>
#	G	D	E	R	K	N	Q	S	T	A	V	L	I	F	Y	W	H	M	C	P
0	0.05666	0.03027	0.04415	0.00964	0.01174	0.00865	0.02327	0.05198	0.04474	0.04505	0.02116	0.16776	0.05221	0.02282	0.28242	0.00463	0.00858	0.03925	0.06896	0.00605
1	0.12601	0.04866	0.10373	0.01165	0.01549	0.07128	0.03148	0.08399	0.01419	0.21998	0.03016	0.01661	0.03555	0.00845	0.00829	0.09032	0.06703	0.00516	0.00444	0.00753
2	0.15266	0.01366	0.04215	0.05137	0.05869	0.04706	0.02605	0.24840	0.06186	0.11340	0.04793	0.01745	0.04211	0.00762	0.00629	0.03899	0.00588	0.00548	0.00484	0.00809
3	0.02887	0.16932	0.03743	0.06742	0.03123	0.12546	0.04927	0.12282	0.04915	0.06028	0.01328	0.05307	0.01109	0.00744	0.00660	0.03478	0.04520	0.00529	0.07465	0.00735
4	0.11531	0.06356	0.01475	0.07597	0.04982	0.05457	0.04569	0.06148	0.10311	0.08664	0.05518	0.06121	0.01571	0.03908	0.00674	0.00195	0.02137	0.03629	0.03769	0.05390
5	0.08334	0.04842	0.17021	0.05431	0.12052	0.09396	0.04609	0.01846	0.06724	0.04747	0.04983	0.05047	0.01331	0.00680	0.00549	0.00174	0.00664	0.02363	0.02631	0.06575
6	0.01618	0.36800	0.07835	0.04200	0.01817	0.06616	0.07465	0.10029	0.01440	0.07244	0.01205	0.01535	0.01010	0.00789	0.04077	0.00195	0.00736	0.04268	0.00347	0.00773

[dist]
# distance from previous block
# <min> <max>
16	123

[block]
# block no. 13 follows, 40 sequences, length 8
# corresponding to MSA columns:
# 941-948
name=unknown_N
#
# <colnr> <probs for GDERKNQSTAVLIFYWHMCP>
#	G	D	E	R	K	N	Q	S	T	A	V	L	I	F	Y	W	H	M	C	P
0	0.12610	0.43450	0.02292	0.01162	0.04625	0.10572	0.00986	0.07825	0.04940	0.01827	0.00966	0.01080	0.00814	0.00543	0.00428	0.00143	0.00636	0.00363	0.00320	0.04420
1	0.04300	0.49752	0.18609	0.01111	0.01623	0.01825	0.01179	0.01647	0.01168	0.01525	0.01109	0.08152	0.01052	0.00799	0.03795	0.00185	0.00682	0.00472	0.00281	0.00732
2	0.12128	0.13519	0.08990	0.01600	0.12993	0.01572	0.05080	0.23874	0.01710	0.09292	0.01269	0.03249	0.00979	0.00625	0.00528	0.00171	0.00639	0.00497	0.00423	0.00860
3	0.01010	0.00505	0.00758	0.00758	0.00758	0.00505	0.00505	0.00758	0.00758	0.01010	0.01010	0.01768	0.01010	0.02020	0.02273	0.83081	0.00505	0.00505	0.00253	0.00253
4	0.00801	0.00582	0.00775	0.00896	0.00987	0.00556	0.00694	0.00975	0.01227	0.01599	0.03416	0.41958	0.10680	0.01699	0.00762	0.00245	0.00415	0.30695	0.00538	0.00500
5	0.01214	0.17620	0.14444	0.01234	0.01610	0.01362	0.06278	0.04887	0.08432	0.01688	0.01408	0.05247	0.01251	0.03701	0.23189	0.00409	0.04414	0.00577	0.00335	0.00702
6	0.00876	0.00650	0.00839	0.00854	0.00982	0.00653	0.00658	0.01193	0.06577	0.01866	0.28899	0.11366	0.07531	0.07966	0.11496	0.00341	0.00549	0.15628	0.00532	0.00543
7	0.05990	0.07881	0.17732	0.01509	0.07178	0.04425	0.01329	0.06873	0.14438	0.05222	0.01261	0.01420	0.00988	0.00711	0.00848	0.00193	0.18558	0.00489	0.00367	0.02589

[dist]
# distance from previous block
# <min> <max>
12	73

[block]
# block no. 14 follows, 40 sequences, length 18
# corresponding to MSA columns:
# 1030-1047
name=unknown_O
#
# <colnr> <probs for GDERKNQSTAVLIFYWHMCP>
#	G	D	E	R	K	N	Q	S	T	A	V	L	I	F	Y	W	H	M	C	P
0	0.08726	0.01305	0.09501	0.01157	0.03780	0.04023	0.00987	0.08755	0.05939	0.32413	0.15209	0.02146	0.01967	0.00763	0.00578	0.00180	0.00530	0.00619	0.00574	0.00847
1	0.05673	0.22658	0.19983	0.01452	0.04730	0.04378	0.07387	0.08167	0.01400	0.11788	0.01155	0.01283	0.00871	0.00599	0.00607	0.00171	0.06076	0.00450	0.00352	0.00821
2	0.09738	0.16945	0.21942	0.01372	0.04387	0.05711	0.04839	0.11731	0.01493	0.11328	0.01383	0.01457	0.04007	0.00618	0.00518	0.00169	0.00685	0.00474	0.00381	0.00822
3	0.07455	0.00565	0.00695	0.00792	0.00858	0.00550	0.00539	0.00905	0.01128	0.01618	0.08095	0.63812	0.03617	0.05489	0.00816	0.00244	0.00353	0.01462	0.00523	0.00485
4	0.01479	0.31240	0.05278	0.01665	0.05309	0.05327	0.24011	0.01969	0.10803	0.01705	0.01149	0.01349	0.00931	0.00568	0.00603	0.00169	0.04849	0.00501	0.00312	0.00783
5	0.03558	0.14012	0.09254	0.03155	0.08723	0.15033	0.04286	0.17703	0.11670	0.02169	0.01232	0.01351	0.00959	0.00629	0.00589	0.00171	0.03815	0.00474	0.00385	0.00830
6	0.00790	0.00595	0.00746	0.00813	0.00942	0.00551	0.00635	0.00983	0.01328	0.01718	0.14970	0.23259	0.25489	0.01554	0.00736	0.00226	0.00376	0.23226	0.00554	0.00509
7	0.01796	0.00838	0.01109	0.00977	0.01267	0.00771	0.00772	0.02104	0.07069	0.41186	0.06517	0.21933	0.02459	0.01107	0.00650	0.00204	0.00445	0.07363	0.00644	0.00790
8	0.03414	0.17563	0.09365	0.01371	0.04575	0.07476	0.02795	0.21531	0.13554	0.07761	0.01375	0.01418	0.01036	0.00649	0.00582	0.00171	0.03578	0.00485	0.00437	0.00864
