[name]
unknown

[dist]
# distance from previous block
# <min> <max>
0	68

[block]
# block no. 0 follows, 49 sequences, length 69
# corresponding to MSA columns:
# 85-153
name=unknown_A
#
# <colnr> <probs for GDERKNQSTAVLIFYWHMCP>
#	G	D	E	R	K	N	Q	S	T	A	V	L	I	F	Y	W	H	M	C	P
0	0.01174	0.01476	0.29792	0.01313	0.11224	0.00907	0.01196	0.01569	0.03277	0.13313	0.14179	0.01975	0.02970	0.00649	0.00511	0.00154	0.00528	0.04573	0.00371	0.08850
1	0.06132	0.01020	0.02647	0.08619	0.01516	0.00965	0.00814	0.14389	0.07706	0.24575	0.02466	0.01396	0.01016	0.00541	0.00461	0.00136	0.00458	0.00432	0.00442	0.24268
2	0.01117	0.00921	0.01437	0.53653	0.02730	0.02199	0.03159	0.03865	0.01117	0.08926	0.06267	0.01581	0.02065	0.00668	0.02465	0.00184	0.06255	0.00498	0.00300	0.00593
3	0.58413	0.00969	0.00845	0.00727	0.01040	0.01076	0.00595	0.11403	0.01136	0.07582	0.01412	0.01441	0.10430	0.00600	0.00387	0.00158	0.00399	0.00413	0.00379	0.00595
4	0.00726	0.00570	0.00678	0.00656	0.00801	0.00550	0.00494	0.01033	0.08883	0.01698	0.35531	0.08321	0.27920	0.01377	0.08258	0.00230	0.00371	0.00924	0.00492	0.00487
5	0.01238	0.01024	0.01055	0.00952	0.01215	0.02534	0.00739	0.04368	0.63066	0.02092	0.01951	0.01852	0.01472	0.00666	0.00489	0.00162	0.00388	0.00549	0.13438	0.00748
6	0.00900	0.00552	0.00730	0.00676	0.00820	0.00504	0.00510	0.01119	0.01389	0.11635	0.61884	0.11042	0.04194	0.01036	0.00590	0.00163	0.00268	0.00914	0.00557	0.00519
7	0.01030	0.00976	0.01653	0.61225	0.22682	0.01143	0.01442	0.01358	0.01047	0.01383	0.00912	0.01324	0.00706	0.00492	0.00504	0.00164	0.00655	0.00450	0.00231	0.00623
8	0.01352	0.82533	0.02650	0.00865	0.01298	0.02001	0.00865	0.01514	0.01027	0.01190	0.00703	0.00811	0.00649	0.00433	0.00324	0.00108	0.00541	0.00270	0.00216	0.00649
9	0.00699	0.00516	0.00653	0.00619	0.00745	0.00470	0.00464	0.00923	0.01393	0.01936	0.68626	0.03928	0.15010	0.01068	0.00597	0.00161	0.00241	0.00936	0.00545	0.00470
10	0.01385	0.01240	0.11314	0.01852	0.33701	0.00998	0.01189	0.04866	0.01230	0.16655	0.01292	0.01404	0.03572	0.00509	0.00479	0.00139	0.00529	0.00445	0.00346	0.16852
11	0.01745	0.00877	0.01120	0.00835	0.01251	0.00714	0.00681	0.01953	0.01276	0.46023	0.01524	0.01432	0.01036	0.00518	0.00451	0.00121	0.00406	0.00419	0.00486	0.37132
12	0.01819	0.02439	0.01372	0.01136	0.05366	0.00880	0.07437	0.06465	0.04147	0.47143	0.01831	0.02096	0.01350	0.00683	0.00531	0.00163	0.00486	0.09898	0.00523	0.04234
13	0.01497	0.41062	0.06149	0.01119	0.08525	0.02710	0.00936	0.01733	0.02767	0.18748	0.02899	0.01183	0.00919	0.00507	0.00435	0.00129	0.02331	0.00373	0.00330	0.05646
14	0.00720	0.00484	0.00556	0.00571	0.00574	0.00480	0.00327	0.00731	0.00764	0.01019	0.01743	0.13136	0.02027	0.72145	0.02333	0.00455	0.00466	0.00823	0.00327	0.00319
15	0.00598	0.00512	0.00512	0.00512	0.00683	0.00427	0.00384	0.00726	0.01153	0.01366	0.05123	0.04866	0.78869	0.01281	0.00598	0.00171	0.00256	0.01067	0.00470	0.00427
16	0.01274	0.01443	0.19254	0.04644	0.41266	0.01106	0.06519	0.01633	0.01181	0.10643	0.05273	0.01412	0.01026	0.00509	0.00509	0.00156	0.00613	0.00475	0.00302	0.00763
17	0.02053	0.00987	0.06869	0.01005	0.03872	0.00786	0.00841	0.03538	0.01401	0.65895	0.01910	0.05818	0.01295	0.00659	0.00513	0.00159	0.00454	0.00544	0.00574	0.00827
18	0.00731	0.00546	0.00813	0.00824	0.00917	0.00627	0.00650	0.00917	0.00847	0.01207	0.01482	0.02344	0.01423	0.03562	0.72568	0.00757	0.01269	0.07775	0.00290	0.00453
19	0.02235	0.00914	0.01207	0.00925	0.01318	0.00823	0.00764	0.09678	0.01537	0.72084	0.01920	0.01672	0.01214	0.00624	0.00508	0.00156	0.00442	0.00503	0.00614	0.00861
20	0.01118	0.15793	0.54617	0.01284	0.01906	0.01243	0.04005	0.01574	0.01083	0.05720	0.01114	0.04751	0.02554	0.00546	0.00469	0.00154	0.00668	0.00434	0.00255	0.00713
21	0.01046	0.01009	0.01394	0.01207	0.01211	0.01379	0.00984	0.01148	0.00792	0.01216	0.03494	0.01475	0.00953	0.11061	0.01737	0.00253	0.68383	0.00496	0.00244	0.00520
22	0.00616	0.00440	0.00587	0.00704	0.00733	0.00411	0.00469	0.00704	0.00968	0.01291	0.02787	0.81899	0.03344	0.01584	0.00645	0.00205	0.00293	0.01438	0.00469	0.00411
23	0.01252	0.01201	0.02053	0.03104	0.79074	0.01201	0.01552	0.01552	0.01151	0.01652	0.00951	0.01252	0.00801	0.00451	0.00501	0.00150	0.00601	0.00451	0.00250	0.00801
24	0.01314	0.01464	0.01466	0.47425	0.02661	0.30163	0.01215	0.01634	0.05336	0.01317	0.00918	0.01217	0.00713	0.00521	0.00488	0.00155	0.00747	0.00411	0.00254	0.00584
25	0.01763	0.01400	0.01624	0.01485	0.13241	0.04219	0.03534	0.57099	0.05973	0.02783	0.01196	0.01248	0.00876	0.00579	0.00507	0.00152	0.00577	0.00461	0.00451	0.00833
26	0.54523	0.31184	0.01449	0.00739	0.01096	0.01455	0.00665	0.01497	0.00922	0.01869	0.00704	0.00818	0.00585	0.00456	0.00317	0.00139	0.00447	0.00273	0.00277	0.00585
27	0.01252	0.01220	0.01868	0.11980	0.58498	0.05467	0.01431	0.01656	0.08565	0.01632	0.01042	0.01306	0.00849	0.00484	0.00500	0.00153	0.00607	0.00455	0.00273	0.00761
28	0.00710	0.00518	0.00608	0.00626	0.00713	0.00489	0.00451	0.00822	0.01023	0.01323	0.12178	0.04285	0.24200	0.33339	0.01400	0.00308	0.00389	0.15811	0.00415	0.00393
29	0.01059	0.06373	0.64165	0.01340	0.02000	0.01206	0.01652	0.02939	0.08523	0.01671	0.03719	0.01230	0.00875	0.00519	0.00480	0.00158	0.00683	0.00408	0.00259	0.00740
30	0.00633	0.00461	0.00596	0.00672	0.00732	0.00425	0.00462	0.00753	0.01072	0.01435	0.17088	0.59770	0.11130	0.01452	0.00632	0.00193	0.00280	0.01304	0.00486	0.00425
31	0.01049	0.00899	0.01049	0.00749	0.01198	0.00674	0.00599	0.01273	0.01049	0.01648	0.00899	0.01049	0.00749	0.00374	0.00374	0.00075	0.00374	0.00300	0.00300	0.85320
32	0.01383	0.01283	0.08936	0.01645	0.25687	0.10190	0.01083	0.06445	0.02520	0.14105	0.13241	0.02935	0.04878	0.00642	0.00513	0.00151	0.00538	0.00547	0.00389	0.02889
33	0.00859	0.00449	0.00665	0.00680	0.00689	0.00447	0.00466	0.00687	0.00711	0.00945	0.01110	0.06499	0.01158	0.01723	0.01813	0.74651	0.00432	0.05519	0.00251	0.00247
34	0.01468	0.00757	0.01007	0.00855	0.01041	0.00782	0.00669	0.06473	0.02955	0.28889	0.05899	0.01690	0.01253	0.01027	0.01098	0.26317	0.10528	0.00498	0.06220	0.00575
35	0.01332	0.72963	0.10031	0.00931	0.01390	0.03752	0.00964	0.01534	0.01041	0.01230	0.00725	0.00838	0.00648	0.00439	0.00343	0.00114	0.00569	0.00282	0.00217	0.00657
36	0.00714	0.00558	0.00670	0.00683	0.00808	0.00542	0.00506	0.00997	0.08838	0.01562	0.20975	0.23447	0.25076	0.01485	0.08271	0.00240	0.00388	0.03290	0.00475	0.00475
37	0.00875	0.00558	0.00738	0.00696	0.00842	0.00515	0.00543	0.01107	0.01394	0.09403	0.60495	0.03841	0.05605	0.01045	0.00601	0.00168	0.00286	0.10226	0.00550	0.00512
38	0.01214	0.01164	0.01986	0.12846	0.69622	0.01192	0.01533	0.01519	0.01134	0.01607	0.00945	0.01264	0.00785	0.00457	0.00501	0.00152	0.00610	0.00450	0.00247	0.00771
39	0.01258	0.01086	0.01143	0.01029	0.01315	0.01258	0.00800	0.02687	0.78161	0.02115	0.02058	0.01887	0.01544	0.00686	0.00515	0.00172	0.00400	0.00572	0.00515	0.00800
40	0.22155	0.00998	0.01195	0.06361	0.05937	0.01022	0.00821	0.13256	0.02883	0.38260	0.01435	0.01380	0.00965	0.00568	0.00461	0.00156	0.00465	0.00438	0.00482	0.00761
41	0.01178	0.00851	0.00962	0.00815	0.01050	0.00883	0.00643	0.24971	0.07568	0.03330	0.34347	0.02614	0.06827	0.00823	0.00532	0.00152	0.00357	0.00690	0.08661	0.02750
42	0.05673	0.00728	0.00959	0.00829	0.00963	0.00772	0.05016	0.03846	0.02376	0.12972	0.01459	0.02392	0.01415	0.41333	0.09410	0.00393	0.08016	0.00610	0.00351	0.00490
43	0.01342	0.01267	0.02063	0.02733	0.60524	0.02784	0.08754	0.11050	0.01314	0.01833	0.00988	0.01251	0.00802	0.00469	0.00510	0.00152	0.00625	0.00463	0.00283	0.00793
44	0.01037	0.07951	0.74471	0.01403	0.02129	0.01230	0.01801	0.01596	0.01065	0.01574	0.00894	0.01050	0.00641	0.00477	0.00470	0.00157	0.00734	0.00367	0.00214	0.00741
45	0.00710	0.00537	0.00747	0.00793	0.00848	0.00585	0.00582	0.01808	0.00921	0.01271	0.02110	0.44880	0.02383	0.03374	0.28120	0.00419	0.06188	0.02900	0.00382	0.00440
46	0.03939	0.00984	0.01187	0.00932	0.01297	0.00963	0.00763	0.21225	0.06110	0.46702	0.01971	0.01796	0.06336	0.00664	0.00506	0.00156	0.00443	0.00530	0.02687	0.00811
47	0.01049	0.00899	0.01049	0.00749	0.01198	0.00674	0.00599	0.01273	0.01049	0.01648	0.00899	0.01049	0.00749	0.00374	0.00374	0.00075	0.00374	0.00300	0.00300	0.85320
48	0.01054	0.06570	0.00991	0.00821	0.00994	0.00755	0.00647	0.02258	0.05617	0.14314	0.05714	0.14963	0.01750	0.02294	0.38312	0.00473	0.00844	0.00683	0.00391	0.00554
49	0.19564	0.53001	0.02069	0.00872	0.01269	0.04539	0.00812	0.10116	0.01159	0.01649	0.00764	0.00863	0.00651	0.00463	0.00347	0.00124	0.00524	0.00294	0.00271	0.00649
50	0.01237	0.18451	0.24710	0.01110	0.01642	0.01178	0.07024	0.03922	0.01134	0.07758	0.00967	0.01088	0.00741	0.00449	0.00427	0.00123	0.00566	0.00360	0.00286	0.26825
51	0.01352	0.82533	0.02650	0.00865	0.01298	0.02001	0.00865	0.01514	0.01027	0.01190	0.00703	0.00811	0.00649	0.00433	0.00324	0.00108	0.00541	0.00270	0.00216	0.00649
52	0.00878	0.00439	0.00659	0.00659	0.00659	0.00439	0.00439	0.00659	0.00659	0.00878	0.00878	0.01537	0.00878	0.01757	0.01976	0.85288	0.00439	0.00439	0.00220	0.00220
53	0.00731	0.00546	0.00813	0.00824	0.00917	0.00627	0.00650	0.00917	0.00847	0.01207	0.01482	0.02344	0.01423	0.03562	0.72568	0.00757	0.01269	0.07775	0.00290	0.00453
54	0.00725	0.00531	0.00757	0.00757	0.00829	0.00602	0.00563	0.00868	0.00796	0.01133	0.01405	0.02266	0.01386	0.20388	0.63795	0.00744	0.01172	0.00583	0.00278	0.00421
55	0.00668	0.00545	0.00595	0.00577	0.00739	0.00487	0.00434	0.00900	0.05397	0.01603	0.26839	0.04382	0.52686	0.01175	0.00593	0.00167	0.00259	0.00995	0.00498	0.00462
56	0.00955	0.00899	0.01517	0.81013	0.03483	0.01123	0.01404	0.01292	0.01011	0.01292	0.00899	0.01348	0.00674	0.00506	0.00506	0.00169	0.00674	0.00449	0.00225	0.00562
57	0.01963	0.00785	0.01051	0.00849	0.01180	0.00694	0.00701	0.02167	0.01372	0.62228	0.02017	0.02125	0.01417	0.00696	0.00507	0.00159	0.00409	0.07741	0.11165	0.00774
58	0.02269	0.00861	0.01174	0.00900	0.01291	0.00743	0.00743	0.02464	0.01447	0.79425	0.01995	0.01721	0.01252	0.00626	0.00509	0.00156	0.00430	0.00509	0.00626	0.00861
59	0.02047	0.01216	0.01393	0.01068	0.01468	0.01270	0.00882	0.50347	0.02042	0.30702	0.01496	0.01397	0.01001	0.00614	0.00507	0.00153	0.00511	0.00474	0.00549	0.00860
60	0.00612	0.00506	0.00537	0.00544	0.00695	0.00431	0.00402	0.00748	0.01164	0.01428	0.12625	0.12169	0.63827	0.01284	0.00602	0.00173	0.00258	0.01087	0.00479	0.00431
61	0.01976	0.00793	0.01077	0.00855	0.01191	0.00690	0.00694	0.02171	0.01419	0.65062	0.12101	0.06324	0.01826	0.00731	0.00527	0.00159	0.00398	0.00612	0.00608	0.00786
62	0.00955	0.00899	0.01517	0.81013	0.03483	0.01123	0.01404	0.01292	0.01011	0.01292	0.00899	0.01348	0.00674	0.00506	0.00506	0.00169	0.00674	0.00449	0.00225	0.00562
63	0.01209	0.01177	0.02002	0.08377	0.59840	0.01244	0.05576	0.01495	0.01097	0.01570	0.00915	0.01246	0.00773	0.00507	0.00651	0.00161	0.10711	0.00457	0.00245	0.00747
64	0.00679	0.00506	0.00631	0.00619	0.00738	0.00458	0.00457	0.00876	0.01316	0.01799	0.54074	0.13771	0.19906	0.01154	0.00603	0.00167	0.00249	0.01011	0.00528	0.00458
65	0.00722	0.00542	0.00813	0.00813	0.00903	0.00632	0.00632	0.00903	0.00813	0.01174	0.01354	0.01987	0.01264	0.03792	0.80225	0.00813	0.01354	0.00542	0.00271	0.00451
66	0.00647	0.00462	0.00623	0.00740	0.00783	0.00438	0.00524	0.00758	0.00999	0.01326	0.02770	0.69882	0.03276	0.01555	0.00654	0.00210	0.00321	0.13145	0.00469	0.00419
67	0.00974	0.00912	0.01548	0.62020	0.12359	0.01089	0.03123	0.01294	0.01013	0.01332	0.00952	0.01398	0.00748	0.00814	0.08183	0.00228	0.00735	0.00462	0.00233	0.00583
68	0.01086	0.01247	0.11393	0.01235	0.01739	0.00911	0.22909	0.01414	0.01093	0.01634	0.00936	0.01142	0.00741	0.00403	0.00452	0.00113	0.00559	0.00395	0.00276	0.50322

[dist]
# distance from previous block
# <min> <max>
0	1

[block]
# block no. 1 follows, 49 sequences, length 48
# corresponding to MSA columns:
# 155-202
name=unknown_B
#
# <colnr> <probs for GDERKNQSTAVLIFYWHMCP>
#	G	D	E	R	K	N	Q	S	T	A	V	L	I	F	Y	W	H	M	C	P
0	0.00978	0.00760	0.00881	0.06783	0.01160	0.00808	0.00649	0.01630	0.29359	0.04754	0.20091	0.06009	0.17087	0.00893	0.00543	0.00166	0.00343	0.00761	0.05740	0.00603
1	0.85801	0.00978	0.00743	0.00665	0.00978	0.01134	0.00548	0.01486	0.00861	0.02269	0.00704	0.00821	0.00548	0.00469	0.00313	0.00156	0.00391	0.00274	0.00313	0.00548
2	0.00685	0.00516	0.00634	0.00604	0.00737	0.00464	0.00453	0.00895	0.01360	0.01857	0.59813	0.04058	0.23872	0.01097	0.00597	0.00162	0.00243	0.00954	0.00534	0.00464
3	0.75950	0.01146	0.00824	0.00740	0.01047	0.10416	0.00598	0.01549	0.00928	0.02148	0.00713	0.00832	0.00560	0.00475	0.00330	0.00153	0.00452	0.00280	0.00307	0.00552
4	0.08128	0.01054	0.01438	0.01119	0.01499	0.01050	0.11593	0.14959	0.11677	0.36420	0.01663	0.01695	0.01167	0.00621	0.00514	0.00163	0.00506	0.03437	0.00509	0.00788
5	0.00623	0.00445	0.00594	0.00711	0.00744	0.00416	0.00481	0.00715	0.00974	0.01298	0.02784	0.79438	0.03330	0.01578	0.00647	0.00206	0.00299	0.03834	0.00469	0.00412
6	0.01225	0.01079	0.01862	0.29457	0.24764	0.01145	0.15138	0.04560	0.03907	0.07085	0.01096	0.01383	0.00830	0.00497	0.00516	0.00160	0.00637	0.00486	0.03481	0.00691
7	0.01194	0.06271	0.06269	0.16262	0.55194	0.01237	0.01484	0.01533	0.02861	0.01569	0.00949	0.01245	0.00778	0.00466	0.00490	0.00152	0.00613	0.00438	0.00248	0.00747
8	0.01019	0.00589	0.00821	0.04241	0.00960	0.00591	0.00592	0.01073	0.01058	0.12051	0.21520	0.02633	0.07493	0.01254	0.01152	0.31342	0.04861	0.05914	0.00397	0.00439
9	0.00726	0.00526	0.00733	0.00733	0.00795	0.00589	0.00532	0.00852	0.00789	0.01115	0.01428	0.02392	0.01440	0.27829	0.56429	0.00714	0.01090	0.00601	0.00282	0.00407
10	0.85801	0.00978	0.00743	0.00665	0.00978	0.01134	0.00548	0.01486	0.00861	0.02269	0.00704	0.00821	0.00548	0.00469	0.00313	0.00156	0.00391	0.00274	0.00313	0.00548
11	0.65197	0.01027	0.00867	0.00755	0.01071	0.01180	0.00616	0.10464	0.08892	0.02350	0.00926	0.01003	0.00705	0.00511	0.00357	0.00156	0.00407	0.00330	0.02576	0.00608
12	0.02774	0.01199	0.01485	0.04416	0.13706	0.08877	0.05351	0.14411	0.08860	0.28512	0.04200	0.01528	0.01152	0.00587	0.00508	0.00155	0.00549	0.00493	0.00458	0.00779
13	0.01331	0.02602	0.06976	0.01264	0.12121	0.00927	0.00939	0.02527	0.01077	0.23532	0.01357	0.01639	0.01077	0.03787	0.26670	0.00385	0.10278	0.00494	0.00362	0.00656
14	0.00990	0.00934	0.01579	0.71918	0.12308	0.01133	0.01422	0.01322	0.01028	0.01334	0.00905	0.01337	0.00689	0.00499	0.00505	0.00166	0.00666	0.00450	0.00228	0.00590
15	0.01154	0.01199	0.01565	0.57875	0.12032	0.15001	0.01347	0.01450	0.01102	0.01325	0.00884	0.01260	0.00685	0.00502	0.00496	0.00160	0.00707	0.00428	0.00234	0.00594
16	0.85801	0.00978	0.00743	0.00665	0.00978	0.01134	0.00548	0.01486	0.00861	0.02269	0.00704	0.00821	0.00548	0.00469	0.00313	0.00156	0.00391	0.00274	0.00313	0.00548
17	0.01152	0.00783	0.00953	0.00831	0.01032	0.00824	0.00653	0.07948	0.15739	0.11997	0.40133	0.02696	0.02988	0.00856	0.00629	0.00163	0.06029	0.00712	0.03258	0.00624
18	0.01095	0.01129	0.06902	0.37516	0.09536	0.06656	0.02230	0.01371	0.01051	0.04759	0.01159	0.08815	0.01040	0.00686	0.00668	0.00176	0.10838	0.03500	0.00278	0.00594
19	0.01205	0.01012	0.01333	0.26074	0.01993	0.01180	0.01019	0.05347	0.25021	0.06163	0.01300	0.01458	0.00993	0.00618	0.00676	0.00166	0.13275	0.00473	0.00359	0.10336
20	0.01327	0.01721	0.27317	0.01588	0.06446	0.07052	0.22882	0.06958	0.01264	0.10807	0.01215	0.06930	0.00964	0.00570	0.00529	0.00162	0.00699	0.00534	0.00318	0.00717
21	0.01059	0.00996	0.01453	0.08456	0.07840	0.01247	0.04775	0.01404	0.10648	0.01444	0.05237	0.01514	0.01097	0.01112	0.10406	0.00266	0.38065	0.00505	0.01883	0.00594
22	0.00884	0.00702	0.00872	0.00804	0.00841	0.00830	0.00573	0.02680	0.06187	0.01181	0.01377	0.02528	0.01469	0.48685	0.08970	0.00425	0.19634	0.00632	0.00302	0.00424
23	0.01159	0.10681	0.02245	0.21176	0.07483	0.01256	0.33806	0.01491	0.01136	0.04263	0.06396	0.01459	0.01025	0.00515	0.00573	0.00162	0.03727	0.00526	0.00276	0.00644
24	0.01196	0.04685	0.01906	0.14201	0.46796	0.01244	0.04231	0.01498	0.02734	0.02416	0.00935	0.01245	0.00777	0.00512	0.00629	0.00158	0.10077	0.00444	0.00254	0.04064
25	0.08094	0.00869	0.01143	0.00883	0.01269	0.00770	0.00730	0.02396	0.01406	0.74044	0.01905	0.01658	0.01203	0.00615	0.00495	0.00156	0.00428	0.00492	0.00604	0.00839
26	0.02003	0.01590	0.01400	0.01139	0.01494	0.26672	0.00909	0.33395	0.01829	0.22627	0.01280	0.01250	0.00896	0.00584	0.00490	0.00146	0.00638	0.00428	0.00458	0.00772
27	0.50615	0.01045	0.01033	0.06526	0.03822	0.01171	0.00741	0.14403	0.04252	0.10664	0.01005	0.01078	0.00733	0.00520	0.00394	0.00157	0.00450	0.00360	0.00379	0.00653
28	0.69961	0.01089	0.00900	0.00896	0.06533	0.06052	0.00659	0.01591	0.05195	0.02153	0.00801	0.00916	0.00627	0.00483	0.00346	0.00155	0.00439	0.00306	0.00316	0.00582
29	0.00650	0.00476	0.00571	0.00620	0.00712	0.00431	0.00438	0.00784	0.01104	0.01474	0.15771	0.40989	0.25602	0.01336	0.00603	0.00182	0.00269	0.01176	0.06381	0.00431
30	0.00598	0.00512	0.00512	0.00512	0.00683	0.00427	0.00384	0.00726	0.01153	0.01366	0.05123	0.04866	0.78869	0.01281	0.00598	0.00171	0.00256	0.01067	0.00470	0.00427
31	0.00955	0.00899	0.01517	0.81013	0.03483	0.01123	0.01404	0.01292	0.01011	0.01292	0.00899	0.01348	0.00674	0.00506	0.00506	0.00169	0.00674	0.00449	0.00225	0.00562
32	0.01372	0.01154	0.01441	0.01200	0.01367	0.01441	0.00989	0.26645	0.06075	0.03220	0.02345	0.01308	0.00905	0.00983	0.06702	0.00235	0.41132	0.00471	0.00350	0.00667
33	0.00874	0.00555	0.00655	0.00606	0.00781	0.00489	0.00463	0.01060	0.01290	0.11468	0.32593	0.03871	0.36057	0.01061	0.00571	0.00161	0.00270	0.00902	0.05769	0.00503
34	0.00614	0.00449	0.00578	0.00682	0.00728	0.00413	0.00459	0.00707	0.00990	0.01300	0.03061	0.72856	0.12210	0.01549	0.00640	0.00201	0.00289	0.01394	0.00469	0.00413
35	0.01047	0.00967	0.01621	0.01273	0.01532	0.01009	0.25571	0.01313	0.03544	0.06934	0.02405	0.04048	0.26164	0.00853	0.00833	0.00182	0.19044	0.00723	0.00356	0.00581
36	0.05230	0.01546	0.07988	0.01852	0.02329	0.10533	0.54714	0.03040	0.04579	0.01653	0.01020	0.01285	0.00770	0.00458	0.00554	0.00164	0.00806	0.00531	0.00272	0.00677
37	0.00624	0.00444	0.00584	0.00693	0.00721	0.00416	0.00458	0.00706	0.00952	0.01269	0.02704	0.76418	0.03239	0.07208	0.00780	0.00225	0.00307	0.01389	0.00458	0.00403
38	0.01132	0.05884	0.65239	0.01392	0.02076	0.01187	0.04653	0.01694	0.03548	0.07082	0.01016	0.01140	0.00718	0.00493	0.00481	0.00158	0.00709	0.00394	0.00254	0.00750
39	0.02827	0.05588	0.45840	0.01640	0.16402	0.06683	0.01542	0.01654	0.03848	0.04661	0.01049	0.04174	0.00828	0.00530	0.00481	0.00156	0.00673	0.00431	0.00262	0.00732
40	0.00788	0.00577	0.00771	0.00870	0.00979	0.00577	0.00721	0.01053	0.05552	0.01493	0.02758	0.22469	0.05789	0.01393	0.00672	0.00221	0.00416	0.51960	0.00469	0.00471
41	0.17139	0.01150	0.01758	0.06956	0.57409	0.01197	0.01334	0.04214	0.01132	0.01802	0.00911	0.01175	0.00748	0.00463	0.00466	0.00152	0.00564	0.00417	0.00270	0.00742
42	0.00692	0.00504	0.00662	0.00656	0.00758	0.00473	0.00482	0.00894	0.01289	0.01801	0.55910	0.18373	0.07495	0.01340	0.06159	0.00214	0.00327	0.00993	0.00517	0.00461
43	0.00784	0.00595	0.00714	0.00676	0.00822	0.00582	0.00509	0.01176	0.12491	0.01929	0.53594	0.06514	0.12962	0.01019	0.00579	0.00163	0.00266	0.00889	0.03222	0.00515
44	0.02213	0.03638	0.71933	0.01393	0.02098	0.01192	0.01761	0.01674	0.06440	0.01641	0.00982	0.01118	0.00702	0.00494	0.00478	0.00160	0.00715	0.00385	0.00236	0.00747
45	0.01164	0.01288	0.10963	0.04317	0.56432	0.01118	0.01437	0.01525	0.03600	0.01675	0.06482	0.02324	0.01109	0.00514	0.00502	0.00151	0.00575	0.00483	0.00280	0.04061
46	0.01182	0.09451	0.00981	0.00734	0.00946	0.00806	0.00591	0.01549	0.11699	0.14496	0.11469	0.08866	0.03669	0.00783	0.00495	0.00150	0.01765	0.03589	0.26184	0.00595
47	0.09635	0.01700	0.33236	0.01352	0.10768	0.01090	0.01270	0.10165	0.01216	0.04857	0.00967	0.01102	0.00723	0.00472	0.00446	0.00138	0.00578	0.00371	0.00296	0.19617

[dist]
# distance from previous block
# <min> <max>
0	10

[block]
# block no. 2 follows, 49 sequences, length 20
# corresponding to MSA columns:
# 213-232
name=unknown_C
#
# <colnr> <probs for GDERKNQSTAVLIFYWHMCP>
#	G	D	E	R	K	N	Q	S	T	A	V	L	I	F	Y	W	H	M	C	P
0	0.75565	0.01001	0.00879	0.00879	0.06884	0.01158	0.00649	0.01479	0.00879	0.02174	0.00721	0.00867	0.00572	0.00487	0.00388	0.00159	0.04094	0.00295	0.00304	0.00567
1	0.85801	0.00978	0.00743	0.00665	0.00978	0.01134	0.00548	0.01486	0.00861	0.02269	0.00704	0.00821	0.00548	0.00469	0.00313	0.00156	0.00391	0.00274	0.00313	0.00548
2	0.00955	0.00899	0.01517	0.81013	0.03483	0.01123	0.01404	0.01292	0.01011	0.01292	0.00899	0.01348	0.00674	0.00506	0.00506	0.00169	0.00674	0.00449	0.00225	0.00562
3	0.01074	0.01009	0.01686	0.24177	0.38946	0.01064	0.04960	0.01414	0.03716	0.01603	0.11037	0.01761	0.04208	0.00578	0.00523	0.00159	0.00568	0.00543	0.00299	0.00674
4	0.00645	0.00504	0.00591	0.00632	0.00753	0.00449	0.00474	0.00789	0.01139	0.01442	0.12671	0.24668	0.40804	0.01346	0.00623	0.00187	0.00292	0.11080	0.00479	0.00434
5	0.01405	0.01160	0.01226	0.01059	0.01371	0.01327	0.00836	0.19266	0.61342	0.02353	0.01871	0.01737	0.01392	0.00669	0.00513	0.00167	0.00435	0.00546	0.00513	0.00814
6	0.01426	0.01206	0.01562	0.25779	0.16287	0.04213	0.01179	0.31036	0.05417	0.02162	0.03998	0.01380	0.00965	0.00564	0.00507	0.00157	0.00594	0.00471	0.00367	0.00731
7	0.01214	0.01053	0.06706	0.00990	0.01182	0.07191	0.00844	0.01415	0.01190	0.15433	0.24338	0.02277	0.08028	0.00856	0.00879	0.00176	0.24591	0.00628	0.00414	0.00592
8	0.85801	0.00978	0.00743	0.00665	0.00978	0.01134	0.00548	0.01486	0.00861	0.02269	0.00704	0.00821	0.00548	0.00469	0.00313	0.00156	0.00391	0.00274	0.00313	0.00548
9	0.01163	0.01305	0.02797	0.12166	0.02750	0.01259	0.67591	0.01578	0.01170	0.01578	0.01007	0.01362	0.00755	0.00436	0.00585	0.00170	0.00830	0.00578	0.00252	0.00667
10	0.01181	0.01239	0.02381	0.12116	0.12474	0.01246	0.45476	0.01741	0.13524	0.01662	0.01164	0.01431	0.00884	0.00481	0.00559	0.00168	0.00724	0.00555	0.00293	0.00701
11	0.01393	0.64550	0.12519	0.00943	0.01413	0.01776	0.00984	0.01614	0.01072	0.08516	0.00850	0.00929	0.00704	0.00457	0.00362	0.00119	0.00557	0.00306	0.00254	0.00681
12	0.00658	0.00444	0.00572	0.00674	0.00715	0.00418	0.00455	0.00764	0.00980	0.01366	0.02642	0.71720	0.03084	0.01458	0.00608	0.00194	0.00286	0.01315	0.11227	0.00418
13	0.01352	0.82533	0.02650	0.00865	0.01298	0.02001	0.00865	0.01514	0.01027	0.01190	0.00703	0.00811	0.00649	0.00433	0.00324	0.00108	0.00541	0.00270	0.00216	0.00649
14	0.00867	0.00787	0.01318	0.52965	0.02621	0.00920	0.05140	0.01135	0.01008	0.01309	0.01467	0.25294	0.01473	0.00822	0.00552	0.00180	0.00570	0.00751	0.00299	0.00523
15	0.00612	0.00513	0.00532	0.00527	0.00692	0.00433	0.00395	0.00753	0.01186	0.01445	0.13896	0.04737	0.70047	0.01251	0.00597	0.00169	0.00254	0.01049	0.00480	0.00433
16	0.02225	0.00931	0.01217	0.00933	0.01326	0.00848	0.00771	0.11996	0.01566	0.69726	0.01896	0.01657	0.01202	0.00623	0.00508	0.00156	0.00446	0.00502	0.00611	0.00860
17	0.57408	0.01012	0.01025	0.15205	0.07628	0.03161	0.00801	0.01522	0.00956	0.06103	0.00829	0.00999	0.00630	0.00484	0.00376	0.00157	0.00474	0.00333	0.00307	0.00588
18	0.08409	0.01433	0.12062	0.01734	0.08187	0.01245	0.36456	0.10426	0.06564	0.06780	0.01130	0.01313	0.00830	0.00490	0.00529	0.00163	0.00689	0.00506	0.00324	0.00728
19	0.00695	0.00508	0.00654	0.00635	0.00748	0.00466	0.00469	0.00908	0.01357	0.01893	0.64552	0.12947	0.10046	0.01116	0.00602	0.00165	0.00246	0.00987	0.00540	0.00466

[dist]
# distance from previous block
# <min> <max>
0	206

# created by:
# /home/berkeley/.conda/envs/busco_data_prod/bin/msa2prfl.pl pipeline/OGs_align_augustus/33634/180.fs
