[name]
unknown

[dist]
# distance from previous block
# <min> <max>
0	116

[block]
# block no. 0 follows, 48 sequences, length 93
# corresponding to MSA columns:
# 116-198,204-213
name=unknown_A
#
# <colnr> <probs for GDERKNQSTAVLIFYWHMCP>
#	G	D	E	R	K	N	Q	S	T	A	V	L	I	F	Y	W	H	M	C	P
0	0.05310	0.00703	0.00919	0.02190	0.01148	0.02039	0.02318	0.02370	0.03538	0.02992	0.02399	0.04885	0.02538	0.03783	0.00741	0.00232	0.01688	0.59254	0.00449	0.00505
1	0.76749	0.00998	0.00846	0.00816	0.05042	0.01133	0.00619	0.01565	0.00920	0.06394	0.00798	0.00905	0.00607	0.00484	0.00338	0.00158	0.00410	0.00300	0.00331	0.00586
2	0.01266	0.01229	0.02027	0.06780	0.71146	0.02988	0.01541	0.01563	0.01157	0.01636	0.00950	0.01263	0.00799	0.00474	0.00542	0.00155	0.02989	0.00454	0.00252	0.00789
3	0.00975	0.00920	0.01540	0.77704	0.03451	0.01156	0.01413	0.01308	0.01017	0.01308	0.00903	0.01359	0.00684	0.00528	0.00558	0.00173	0.03750	0.00456	0.00228	0.00570
4	0.01276	0.01102	0.01160	0.01044	0.01334	0.01276	0.00812	0.02727	0.77840	0.02146	0.02088	0.01914	0.01566	0.00696	0.00522	0.00174	0.00406	0.00580	0.00522	0.00812
5	0.01261	0.01210	0.02067	0.05434	0.76551	0.01217	0.01570	0.01567	0.01164	0.01666	0.00964	0.01273	0.00809	0.00459	0.00508	0.00153	0.00612	0.00457	0.00253	0.00806
6	0.01270	0.01219	0.02083	0.03149	0.78767	0.01219	0.01575	0.01575	0.01168	0.01676	0.00965	0.01270	0.00813	0.00457	0.00508	0.00152	0.00610	0.00457	0.00254	0.00813
7	0.00814	0.00544	0.00714	0.00660	0.00797	0.00499	0.00499	0.01053	0.01453	0.06341	0.74245	0.03717	0.04643	0.01026	0.00600	0.00161	0.00253	0.00905	0.00569	0.00506
8	0.85592	0.00992	0.00754	0.00675	0.00992	0.01151	0.00556	0.01508	0.00873	0.02302	0.00714	0.00834	0.00556	0.00476	0.00318	0.00159	0.00397	0.00278	0.00318	0.00556
9	0.00606	0.00520	0.00520	0.00520	0.00693	0.00433	0.00390	0.00736	0.01170	0.01386	0.05198	0.04938	0.78558	0.01299	0.00606	0.00173	0.00260	0.01083	0.00476	0.00433
10	0.01039	0.00666	0.00693	0.00656	0.00826	0.00716	0.00501	0.01638	0.23935	0.01990	0.06067	0.02020	0.01586	0.00652	0.00421	0.00138	0.00289	0.00534	0.55055	0.00578
11	0.85592	0.00992	0.00754	0.00675	0.00992	0.01151	0.00556	0.01508	0.00873	0.02302	0.00714	0.00834	0.00556	0.00476	0.00318	0.00159	0.00397	0.00278	0.00318	0.00556
12	0.01270	0.01219	0.02083	0.03149	0.78767	0.01219	0.01575	0.01575	0.01168	0.01676	0.00965	0.01270	0.00813	0.00457	0.00508	0.00152	0.00610	0.00457	0.00254	0.00813
13	0.00734	0.00547	0.00810	0.00810	0.00896	0.00633	0.00623	0.00907	0.00820	0.01180	0.01388	0.02090	0.01315	0.08190	0.75636	0.00806	0.01326	0.00561	0.00277	0.00450
14	0.85592	0.00992	0.00754	0.00675	0.00992	0.01151	0.00556	0.01508	0.00873	0.02302	0.00714	0.00834	0.00556	0.00476	0.00318	0.00159	0.00397	0.00278	0.00318	0.00556
15	0.01128	0.00950	0.01030	0.00935	0.01183	0.01066	0.00723	0.02257	0.57739	0.02101	0.19813	0.02455	0.04813	0.00797	0.00544	0.00171	0.00364	0.00677	0.00530	0.00724
16	0.00969	0.00912	0.01539	0.80734	0.03534	0.01140	0.01425	0.01311	0.01026	0.01311	0.00912	0.01368	0.00684	0.00513	0.00513	0.00171	0.00684	0.00456	0.00228	0.00570
17	0.00733	0.00550	0.00825	0.00825	0.00916	0.00641	0.00641	0.00916	0.00825	0.01191	0.01374	0.02016	0.01283	0.03848	0.79934	0.00825	0.01374	0.00550	0.00275	0.00458
18	0.85592	0.00992	0.00754	0.00675	0.00992	0.01151	0.00556	0.01508	0.00873	0.02302	0.00714	0.00834	0.00556	0.00476	0.00318	0.00159	0.00397	0.00278	0.00318	0.00556
19	0.02114	0.01175	0.01377	0.01056	0.01460	0.01202	0.00872	0.42378	0.01973	0.38531	0.01600	0.01471	0.01058	0.00625	0.00515	0.00156	0.00505	0.00487	0.00570	0.00873
20	0.01757	0.01341	0.01431	0.01141	0.01517	0.01501	0.00928	0.55673	0.24111	0.02921	0.01478	0.01428	0.01072	0.00639	0.00516	0.00160	0.00519	0.00496	0.00516	0.00855
21	0.00624	0.00452	0.00590	0.00701	0.00741	0.00418	0.00470	0.00716	0.00995	0.01315	0.02992	0.76311	0.08609	0.01586	0.00652	0.00206	0.00295	0.01433	0.00476	0.00418
22	0.00969	0.00912	0.01539	0.80734	0.03534	0.01140	0.01425	0.01311	0.01026	0.01311	0.00912	0.01368	0.00684	0.00513	0.00513	0.00171	0.00684	0.00456	0.00228	0.00570
23	0.01270	0.01219	0.02083	0.03149	0.78767	0.01219	0.01575	0.01575	0.01168	0.01676	0.00965	0.01270	0.00813	0.00457	0.00508	0.00152	0.00610	0.00457	0.00254	0.00813
24	0.00803	0.00703	0.00713	0.00704	0.00831	0.08543	0.00516	0.00981	0.01301	0.01691	0.40707	0.19799	0.18473	0.01160	0.00601	0.00170	0.00327	0.01007	0.00499	0.00472
25	0.00716	0.00525	0.00637	0.00623	0.00759	0.00470	0.00466	0.00905	0.01309	0.03572	0.43504	0.11488	0.29156	0.01183	0.00610	0.00171	0.00263	0.02646	0.00527	0.00470
26	0.01222	0.01170	0.01996	0.15475	0.66815	0.01207	0.01551	0.01533	0.01146	0.01618	0.00957	0.01286	0.00792	0.00466	0.00509	0.00155	0.00621	0.00457	0.00250	0.00774
27	0.05957	0.01207	0.02009	0.03012	0.74444	0.01215	0.01518	0.01571	0.01152	0.01711	0.00951	0.01246	0.00798	0.00458	0.00497	0.00153	0.00598	0.00447	0.00258	0.00798
28	0.00678	0.00565	0.00681	0.00668	0.00840	0.00498	0.03309	0.00847	0.01194	0.01473	0.10055	0.04879	0.56395	0.01270	0.00625	0.00184	0.00320	0.14592	0.00474	0.00454
29	0.01029	0.02654	0.79309	0.01462	0.02221	0.01192	0.01896	0.01625	0.01083	0.01625	0.00921	0.01083	0.00650	0.00487	0.00487	0.00162	0.00758	0.00379	0.00217	0.00758
30	0.00675	0.00522	0.00614	0.00591	0.00735	0.00462	0.00443	0.00868	0.01330	0.01768	0.46896	0.04309	0.36622	0.01157	0.00606	0.00167	0.00250	0.00995	0.00527	0.00462
31	0.01906	0.01347	0.01518	0.01172	0.01575	0.01466	0.03397	0.60304	0.08773	0.11135	0.01383	0.01350	0.00971	0.00619	0.00517	0.00157	0.00547	0.00483	0.00519	0.00862
32	0.01213	0.01379	0.02998	0.02194	0.05096	0.01295	0.74513	0.01641	0.01210	0.01645	0.01036	0.01380	0.00780	0.00433	0.00602	0.00172	0.00857	0.00601	0.00259	0.00696
33	0.01123	0.01123	0.01572	0.01347	0.01347	0.01572	0.01123	0.01235	0.00786	0.01235	0.00674	0.01123	0.00674	0.00898	0.01684	0.00225	0.81028	0.00449	0.00225	0.00561
34	0.02081	0.01183	0.01439	0.01097	0.01506	0.01206	0.03687	0.40879	0.01945	0.37157	0.01580	0.01468	0.01047	0.00618	0.00518	0.00157	0.00518	0.00491	0.00558	0.00866
35	0.01269	0.01178	0.01810	0.06298	0.53903	0.01236	0.01361	0.03139	0.20930	0.01806	0.01256	0.01440	0.01002	0.00524	0.00512	0.00159	0.00560	0.00489	0.00326	0.00802
36	0.00733	0.00550	0.00825	0.00825	0.00916	0.00641	0.00641	0.00916	0.00825	0.01191	0.01374	0.02016	0.01283	0.03848	0.79934	0.00825	0.01374	0.00550	0.00275	0.00458
37	0.04255	0.01772	0.05707	0.11974	0.01776	0.38357	0.01046	0.01895	0.11612	0.03886	0.01052	0.02428	0.00848	0.00594	0.00587	0.00154	0.08021	0.00415	0.00306	0.03313
38	0.00956	0.00478	0.00478	0.00478	0.00598	0.00478	0.00359	0.01196	0.01076	0.01913	0.01674	0.01913	0.01315	0.00598	0.00359	0.00120	0.00239	0.00478	0.84816	0.00478
39	0.01233	0.00746	0.00928	0.00784	0.01034	0.00700	0.00615	0.04928	0.09564	0.19619	0.41504	0.02752	0.03081	0.00829	0.00549	0.00153	0.00332	0.00712	0.00547	0.09390
40	0.00746	0.00497	0.00560	0.00560	0.00560	0.00497	0.00311	0.00746	0.00746	0.00995	0.01617	0.03358	0.01865	0.81967	0.02612	0.00497	0.00497	0.00746	0.00311	0.00311
41	0.00956	0.00478	0.00478	0.00478	0.00598	0.00478	0.00359	0.01196	0.01076	0.01913	0.01674	0.01913	0.01315	0.00598	0.00359	0.00120	0.00239	0.00478	0.84816	0.00478
42	0.85592	0.00992	0.00754	0.00675	0.00992	0.01151	0.00556	0.01508	0.00873	0.02302	0.00714	0.00834	0.00556	0.00476	0.00318	0.00159	0.00397	0.00278	0.00318	0.00556
43	0.01263	0.01212	0.02070	0.04908	0.77062	0.01217	0.01571	0.01569	0.01165	0.01668	0.00964	0.01272	0.00810	0.00458	0.00508	0.00153	0.00611	0.00457	0.00253	0.00807
44	0.01381	0.64703	0.04896	0.00950	0.01359	0.09585	0.00917	0.01601	0.03529	0.01274	0.00883	0.01152	0.00815	0.00512	0.00375	0.00123	0.00584	0.04464	0.00247	0.00650
45	0.03333	0.01398	0.01385	0.01124	0.01486	0.10193	0.00905	0.40999	0.20263	0.11342	0.01469	0.01412	0.01055	0.00625	0.00507	0.00157	0.00549	0.00478	0.00498	0.00821
46	0.00702	0.00526	0.00652	0.00626	0.00759	0.00476	0.00473	0.00917	0.01378	0.01885	0.59032	0.04152	0.21932	0.01119	0.00609	0.00167	0.00254	0.03331	0.00541	0.00472
47	0.01270	0.01219	0.02083	0.03149	0.78767	0.01219	0.01575	0.01575	0.01168	0.01676	0.00965	0.01270	0.00813	0.00457	0.00508	0.00152	0.00610	0.00457	0.00254	0.00813
48	0.00969	0.00912	0.01539	0.80734	0.03534	0.01140	0.01425	0.01311	0.01026	0.01311	0.00912	0.01368	0.00684	0.00513	0.00513	0.00171	0.00684	0.00456	0.00228	0.00570
49	0.01354	0.01456	0.16792	0.01508	0.12475	0.04414	0.07597	0.06996	0.23397	0.09755	0.01550	0.04280	0.01226	0.00645	0.00530	0.00168	0.00578	0.04117	0.00399	0.00764
50	0.01071	0.00618	0.00736	0.00659	0.00832	0.00598	0.00509	0.07163	0.01401	0.10435	0.37901	0.02747	0.02938	0.00816	0.00504	0.00146	0.00287	0.00693	0.29390	0.00555
51	0.01159	0.00896	0.01006	0.00901	0.01141	0.00978	0.00698	0.04051	0.44801	0.06486	0.28818	0.02559	0.02678	0.00814	0.00551	0.00168	0.00355	0.00695	0.00543	0.00702
52	0.85592	0.00992	0.00754	0.00675	0.00992	0.01151	0.00556	0.01508	0.00873	0.02302	0.00714	0.00834	0.00556	0.00476	0.00318	0.00159	0.00397	0.00278	0.00318	0.00556
53	0.00606	0.00520	0.00520	0.00520	0.00693	0.00433	0.00390	0.00736	0.01170	0.01386	0.05198	0.04938	0.78558	0.01299	0.00606	0.00173	0.00260	0.01083	0.00476	0.00433
54	0.00891	0.00446	0.00668	0.00668	0.00668	0.00446	0.00446	0.00668	0.00668	0.00891	0.00891	0.01560	0.00891	0.01783	0.02005	0.85071	0.00446	0.00446	0.00223	0.00223
55	0.01291	0.09898	0.14169	0.02315	0.44109	0.06901	0.02579	0.03296	0.01160	0.01589	0.00903	0.01159	0.00750	0.00504	0.00581	0.00154	0.07223	0.00419	0.00249	0.00752
56	0.00956	0.00478	0.00478	0.00478	0.00598	0.00478	0.00359	0.01196	0.01076	0.01913	0.01674	0.01913	0.01315	0.00598	0.00359	0.00120	0.00239	0.00478	0.84816	0.00478
57	0.08055	0.01122	0.01729	0.28884	0.38195	0.01230	0.01373	0.10208	0.01240	0.01784	0.00958	0.01263	0.00756	0.00496	0.00495	0.00159	0.00612	0.00443	0.00280	0.00717
58	0.05394	0.01271	0.01463	0.04323	0.09033	0.03110	0.00975	0.43130	0.05739	0.15726	0.01330	0.01333	0.00940	0.00589	0.00500	0.00154	0.00539	0.00461	0.00478	0.03513
59	0.00956	0.00478	0.00478	0.00478	0.00598	0.00478	0.00359	0.01196	0.01076	0.01913	0.01674	0.01913	0.01315	0.00598	0.00359	0.00120	0.00239	0.00478	0.84816	0.00478
60	0.16363	0.01088	0.01488	0.08774	0.26126	0.03729	0.01122	0.01384	0.00968	0.01564	0.00885	0.01281	0.00786	0.03801	0.06769	0.00236	0.22317	0.00436	0.00259	0.00626
61	0.01260	0.01209	0.02065	0.05618	0.76373	0.01217	0.01570	0.01566	0.01164	0.01665	0.00963	0.01273	0.00809	0.00459	0.00508	0.00153	0.00612	0.00457	0.00253	0.00805
62	0.00955	0.00765	0.00924	0.07053	0.01185	0.00817	0.00674	0.04222	0.24943	0.02050	0.44259	0.02987	0.05305	0.00890	0.00569	0.00166	0.00339	0.00772	0.00521	0.00604
63	0.00808	0.00631	0.00733	0.00715	0.00882	0.00611	0.00561	0.04714	0.08737	0.01768	0.25798	0.06680	0.30899	0.01163	0.00612	0.00180	0.00320	0.13167	0.00508	0.00512
64	0.02302	0.00873	0.01191	0.00913	0.01310	0.00754	0.00754	0.02501	0.01469	0.79122	0.02024	0.01746	0.01270	0.00635	0.00516	0.00159	0.00437	0.00516	0.00635	0.00873
65	0.85592	0.00992	0.00754	0.00675	0.00992	0.01151	0.00556	0.01508	0.00873	0.02302	0.00714	0.00834	0.00556	0.00476	0.00318	0.00159	0.00397	0.00278	0.00318	0.00556
66	0.85592	0.00992	0.00754	0.00675	0.00992	0.01151	0.00556	0.01508	0.00873	0.02302	0.00714	0.00834	0.00556	0.00476	0.00318	0.00159	0.00397	0.00278	0.00318	0.00556
67	0.02270	0.00864	0.01174	0.00902	0.01293	0.00748	0.00745	0.02469	0.01459	0.77267	0.02016	0.01750	0.01271	0.00634	0.00512	0.00158	0.00432	0.00515	0.02658	0.00864
68	0.00738	0.00545	0.00812	0.00812	0.00898	0.00631	0.00626	0.00904	0.00817	0.01176	0.01366	0.02041	0.01288	0.06069	0.75235	0.03450	0.01320	0.00552	0.00274	0.00446
69	0.01047	0.00816	0.00937	0.00897	0.01082	0.00878	0.00685	0.12248	0.25557	0.01939	0.09342	0.29512	0.03794	0.01104	0.00592	0.00187	0.00380	0.07878	0.00504	0.00618
70	0.00631	0.00451	0.00601	0.00710	0.00746	0.00421	0.00477	0.00730	0.01011	0.01355	0.07408	0.76923	0.03481	0.01574	0.00652	0.00206	0.00294	0.01427	0.00482	0.00421
71	0.01928	0.01977	0.01454	0.01241	0.01561	0.47157	0.00965	0.25898	0.04587	0.06829	0.01058	0.01111	0.00800	0.00569	0.00484	0.00142	0.00761	0.00393	0.00376	0.00709
72	0.01272	0.01099	0.01158	0.01039	0.01332	0.01265	0.00808	0.02700	0.76408	0.02138	0.02066	0.01899	0.01551	0.00690	0.00519	0.00172	0.00406	0.00575	0.00518	0.02384
73	0.01600	0.00916	0.01134	0.00838	0.01268	0.00747	0.00681	0.04674	0.01280	0.33156	0.01376	0.01347	0.00971	0.00492	0.00440	0.00113	0.00410	0.00396	0.00446	0.47714
74	0.02003	0.01206	0.01383	0.01062	0.01461	0.01251	0.00876	0.47604	0.02027	0.28366	0.03745	0.01474	0.01117	0.00627	0.00513	0.00153	0.00507	0.00488	0.00548	0.03587
75	0.02302	0.00873	0.01191	0.00913	0.01310	0.00754	0.00754	0.02501	0.01469	0.79122	0.02024	0.01746	0.01270	0.00635	0.00516	0.00159	0.00437	0.00516	0.00635	0.00873
76	0.01460	0.00758	0.00935	0.00799	0.01052	0.03155	0.00632	0.01710	0.04242	0.35452	0.29392	0.05343	0.08935	0.00888	0.00563	0.00164	0.00364	0.02922	0.00572	0.00662
77	0.01278	0.05631	0.01355	0.01101	0.01413	0.01319	0.05305	0.02596	0.69050	0.02065	0.01950	0.01822	0.01469	0.00666	0.00516	0.00170	0.00441	0.00565	0.00490	0.00797
78	0.00923	0.00598	0.00769	0.00699	0.00859	0.00564	0.00533	0.01240	0.06492	0.09906	0.65675	0.03494	0.04262	0.00984	0.00591	0.00162	0.00273	0.00863	0.00569	0.00545
79	0.01000	0.00943	0.01594	0.72839	0.11190	0.01148	0.01440	0.01338	0.01040	0.01348	0.00917	0.01358	0.00697	0.00507	0.00512	0.00169	0.00676	0.00456	0.00231	0.00595
80	0.01865	0.01395	0.01492	0.01163	0.01559	0.01551	0.00955	0.67682	0.11925	0.03097	0.01340	0.01318	0.00960	0.00626	0.00514	0.00157	0.00545	0.00477	0.00514	0.00865
81	0.01416	0.01239	0.01212	0.01073	0.01372	0.08583	0.00836	0.07154	0.63260	0.05067	0.01914	0.01775	0.01429	0.00673	0.00516	0.00168	0.00465	0.00547	0.00502	0.00798
82	0.00624	0.00487	0.00567	0.00629	0.00731	0.00431	0.00448	0.00738	0.01080	0.01355	0.03969	0.41778	0.39685	0.01452	0.00633	0.00192	0.00286	0.04011	0.00476	0.00427
83	0.08630	0.01034	0.01324	0.01080	0.03854	0.04328	0.05399	0.06147	0.05689	0.54436	0.01738	0.01585	0.01140	0.00603	0.00504	0.00159	0.00491	0.00494	0.00547	0.00820
84	0.00969	0.00912	0.01539	0.80734	0.03534	0.01140	0.01425	0.01311	0.01026	0.01311	0.00912	0.01368	0.00684	0.00513	0.00513	0.00171	0.00684	0.00456	0.00228	0.00570
85	0.00658	0.00474	0.00630	0.00736	0.00788	0.00445	0.00523	0.00778	0.01043	0.01386	0.07108	0.63796	0.06254	0.01538	0.00658	0.00208	0.00318	0.11749	0.00481	0.00429
86	0.01003	0.00947	0.01601	0.71851	0.12148	0.01149	0.01442	0.01341	0.01042	0.01353	0.00918	0.01357	0.00699	0.00507	0.00512	0.00169	0.00675	0.00456	0.00231	0.00598
87	0.01197	0.01141	0.01921	0.21990	0.57975	0.01202	0.01514	0.01547	0.03567	0.01602	0.00988	0.01314	0.00805	0.00478	0.00510	0.00158	0.00621	0.00461	0.00256	0.00754
88	0.05342	0.00890	0.01008	0.00901	0.01153	0.05185	0.03155	0.07391	0.09660	0.17692	0.02686	0.10036	0.18554	0.00980	0.00571	0.00179	0.00437	0.13061	0.00490	0.00627
89	0.04008	0.01087	0.01858	0.27316	0.12725	0.02678	0.20013	0.01589	0.01154	0.12419	0.01269	0.01595	0.03376	0.00566	0.00589	0.00170	0.04324	0.02281	0.00314	0.00668
90	0.04462	0.22598	0.24748	0.01106	0.01572	0.01294	0.05038	0.04062	0.08485	0.07876	0.09996	0.04081	0.01367	0.00608	0.00471	0.00151	0.00556	0.00490	0.00344	0.00697
91	0.04011	0.18000	0.38632	0.05576	0.01809	0.01230	0.01326	0.01659	0.01111	0.13955	0.01148	0.04304	0.00900	0.03562	0.00541	0.00166	0.00622	0.00436	0.00302	0.00710
92	0.01861	0.01299	0.04361	0.01213	0.05504	0.14051	0.05021	0.09595	0.07981	0.36639	0.01641	0.05944	0.01199	0.00649	0.00518	0.00159	0.00564	0.00534	0.00487	0.00779

[dist]
# distance from previous block
# <min> <max>
0	13

# created by:
# /home/berkeley/.conda/envs/busco_data_prod/bin/msa2prfl.pl pipeline/OGs_align_augustus/33634/193.fs
