[name]
unknown

[dist]
# distance from previous block
# <min> <max>
8	502

[block]
# block no. 0 follows, 46 sequences, length 28
# corresponding to MSA columns:
# 528-555
name=unknown_A
#
# <colnr> <probs for GDERKNQSTAVLIFYWHMCP>
#	G	D	E	R	K	N	Q	S	T	A	V	L	I	F	Y	W	H	M	C	P
0	0.01422	0.01037	0.01460	0.04176	0.26063	0.01019	0.01033	0.07285	0.10412	0.15253	0.13107	0.01850	0.01641	0.00629	0.00526	0.00153	0.00483	0.00551	0.00437	0.11462
1	0.04538	0.00967	0.01221	0.01119	0.08081	0.00935	0.00820	0.17094	0.01599	0.24552	0.17909	0.02222	0.01981	0.00734	0.00538	0.00158	0.00444	0.04589	0.00520	0.09980
2	0.04229	0.01215	0.01562	0.01696	0.24336	0.01254	0.01074	0.25018	0.11596	0.07979	0.03838	0.01467	0.01116	0.00579	0.00509	0.00152	0.00525	0.00485	0.00429	0.10942
3	0.09520	0.01129	0.03382	0.01493	0.19186	0.01076	0.01000	0.13190	0.04766	0.28522	0.03987	0.01525	0.01148	0.00586	0.00502	0.00156	0.00503	0.00483	0.00469	0.07379
4	0.03158	0.01238	0.05436	0.02243	0.44121	0.03044	0.01292	0.01848	0.02991	0.19011	0.01249	0.01385	0.00938	0.00513	0.00506	0.00151	0.00570	0.00461	0.00361	0.09483
5	0.01438	0.01132	0.01651	0.02037	0.38188	0.01098	0.01166	0.10722	0.04000	0.10719	0.06436	0.01524	0.01199	0.00547	0.00508	0.00145	0.00526	0.00487	0.00380	0.16096
6	0.07692	0.01109	0.01596	0.02040	0.38694	0.01135	0.01158	0.11914	0.04908	0.07808	0.14935	0.01810	0.01641	0.00629	0.00529	0.00161	0.00514	0.00555	0.00403	0.00770
7	0.01831	0.01141	0.05737	0.01669	0.23365	0.01003	0.03056	0.05699	0.04155	0.39788	0.03909	0.01640	0.01215	0.00596	0.00529	0.00161	0.00528	0.00516	0.00488	0.02974
8	0.01589	0.50585	0.02278	0.01085	0.01452	0.28168	0.00958	0.01745	0.01203	0.01262	0.00761	0.00900	0.00680	0.00509	0.00461	0.00127	0.05030	0.00312	0.00242	0.00651
9	0.01096	0.00940	0.01096	0.00783	0.01253	0.00705	0.00626	0.01331	0.01096	0.01723	0.00940	0.01096	0.00783	0.00392	0.00392	0.00078	0.00392	0.00313	0.00313	0.84653
10	0.00659	0.00471	0.00629	0.00746	0.00785	0.00441	0.00510	0.00764	0.01040	0.01389	0.05553	0.74349	0.03525	0.01625	0.00676	0.00215	0.00314	0.05378	0.00494	0.00435
11	0.00768	0.00517	0.00600	0.00600	0.00608	0.00525	0.00350	0.00784	0.00776	0.01042	0.01644	0.03340	0.01870	0.74739	0.09302	0.00542	0.00590	0.00751	0.00317	0.00333
12	0.01181	0.00963	0.01401	0.01029	0.01455	0.00790	0.13690	0.01452	0.01216	0.08337	0.12170	0.01625	0.01439	0.00523	0.00477	0.00116	0.00462	0.00478	0.00373	0.50821
13	0.02063	0.01335	0.01492	0.01142	0.01563	0.01419	0.00943	0.57665	0.02227	0.20031	0.01441	0.01382	0.00987	0.00632	0.00525	0.00157	0.00547	0.00483	0.00550	0.03416
14	0.01330	0.01095	0.04809	0.35283	0.09471	0.01162	0.01220	0.01987	0.22454	0.13543	0.01461	0.01605	0.01063	0.00594	0.00530	0.00173	0.00581	0.00512	0.00386	0.00737
15	0.01232	0.00959	0.01187	0.00982	0.06999	0.00753	0.00715	0.01470	0.01143	0.08942	0.01051	0.01178	0.00837	0.00422	0.00415	0.00092	0.00415	0.00346	0.00341	0.70521
16	0.01157	0.01101	0.01872	0.40853	0.41700	0.01216	0.01547	0.01490	0.01132	0.01543	0.00968	0.01358	0.00773	0.00499	0.00526	0.00166	0.00666	0.00470	0.00249	0.00715
17	0.01908	0.02054	0.01489	0.01286	0.01606	0.47430	0.00995	0.24011	0.10568	0.01999	0.01105	0.01164	0.00853	0.00591	0.00499	0.00148	0.00782	0.00410	0.00379	0.00723
18	0.00866	0.00660	0.00669	0.00658	0.00694	0.04764	0.00399	0.00979	0.06039	0.01132	0.01697	0.05942	0.01890	0.68800	0.02355	0.00459	0.00522	0.00760	0.00339	0.00375
19	0.16523	0.01023	0.01506	0.59624	0.03061	0.03424	0.04788	0.01426	0.01050	0.01553	0.00905	0.01296	0.00684	0.00518	0.00494	0.00173	0.00666	0.00440	0.00254	0.00591
20	0.00743	0.00613	0.00803	0.05148	0.08480	0.00573	0.00618	0.00923	0.01221	0.01588	0.20026	0.19981	0.34895	0.01220	0.00620	0.00181	0.00331	0.01063	0.00475	0.00500
21	0.85155	0.01022	0.00777	0.00695	0.01022	0.01186	0.00573	0.01554	0.00900	0.02372	0.00736	0.00859	0.00573	0.00491	0.00327	0.00164	0.00409	0.00286	0.00327	0.00573
22	0.71208	0.01091	0.00962	0.04204	0.01245	0.04547	0.04727	0.01568	0.00957	0.02234	0.00792	0.00946	0.00616	0.00496	0.00359	0.00163	0.00467	0.00320	0.02516	0.00580
23	0.01603	0.62655	0.02429	0.00953	0.01382	0.09297	0.00898	0.01775	0.01177	0.12236	0.00935	0.00993	0.00768	0.00490	0.00380	0.00122	0.00586	0.00324	0.00291	0.00704
24	0.00657	0.00537	0.00581	0.00570	0.00734	0.00460	0.00427	0.00822	0.01282	0.01611	0.24517	0.04787	0.58633	0.01271	0.00624	0.00175	0.00263	0.01074	0.00515	0.00460
25	0.01102	0.01154	0.02290	0.37402	0.03052	0.01214	0.38283	0.01486	0.01149	0.01520	0.01111	0.05739	0.00904	0.00549	0.00584	0.00179	0.00775	0.00602	0.00265	0.00641
26	0.01069	0.00909	0.01066	0.00777	0.01220	0.00688	0.00617	0.01299	0.01107	0.01724	0.03700	0.03939	0.01023	0.00459	0.00409	0.00086	0.00384	0.00377	0.00329	0.78818
27	0.01311	0.01212	0.02096	0.04514	0.46611	0.01211	0.15349	0.03433	0.06753	0.05034	0.03652	0.04122	0.01125	0.00556	0.00552	0.00166	0.00633	0.00561	0.00323	0.00788

[dist]
# distance from previous block
# <min> <max>
0	1

[block]
# block no. 1 follows, 46 sequences, length 74
# corresponding to MSA columns:
# 557-630
name=unknown_B
#
# <colnr> <probs for GDERKNQSTAVLIFYWHMCP>
#	G	D	E	R	K	N	Q	S	T	A	V	L	I	F	Y	W	H	M	C	P
0	0.01053	0.00971	0.01598	0.66710	0.10197	0.01170	0.01422	0.04176	0.01143	0.01493	0.04343	0.01507	0.00913	0.00552	0.00532	0.00173	0.00673	0.00492	0.00264	0.00618
1	0.01434	0.78764	0.02722	0.00922	0.01367	0.04991	0.00909	0.01603	0.01090	0.01246	0.00738	0.00852	0.00679	0.00456	0.00344	0.00114	0.00580	0.00285	0.00228	0.00676
2	0.00652	0.00466	0.00620	0.00731	0.00769	0.00435	0.00491	0.00756	0.01049	0.01408	0.08579	0.75245	0.03609	0.01613	0.00671	0.00211	0.00302	0.01462	0.00498	0.00435
3	0.06248	0.01457	0.01545	0.01190	0.01608	0.01616	0.00983	0.72547	0.02405	0.03283	0.01242	0.01248	0.00882	0.00627	0.00519	0.00159	0.00573	0.00466	0.00519	0.00882
4	0.00998	0.00940	0.01586	0.80150	0.03641	0.01175	0.01468	0.01351	0.01057	0.01351	0.00940	0.01409	0.00705	0.00529	0.00529	0.00176	0.00705	0.00470	0.00235	0.00587
5	0.00771	0.00520	0.00609	0.00613	0.00625	0.00528	0.00367	0.00795	0.00791	0.01061	0.01685	0.03433	0.01912	0.72187	0.08974	0.00531	0.00587	0.03349	0.00323	0.00339
6	0.00748	0.00540	0.00707	0.00665	0.00790	0.00499	0.00499	0.00998	0.01496	0.02120	0.77844	0.03949	0.04988	0.01081	0.00624	0.00166	0.00249	0.00956	0.00582	0.00499
7	0.01136	0.01080	0.01834	0.46077	0.36641	0.01211	0.01537	0.01471	0.01122	0.01517	0.00964	0.01365	0.00764	0.00503	0.00526	0.00168	0.00671	0.00470	0.00247	0.00698
8	0.00918	0.00459	0.00689	0.00689	0.00689	0.00459	0.00459	0.00689	0.00689	0.00918	0.00918	0.01607	0.00918	0.01837	0.02066	0.84619	0.00459	0.00459	0.00230	0.00230
9	0.01096	0.00940	0.01096	0.00783	0.01253	0.00705	0.00626	0.01331	0.01096	0.01723	0.00940	0.01096	0.00783	0.00392	0.00392	0.00078	0.00392	0.00313	0.00313	0.84653
10	0.01157	0.01072	0.01813	0.46182	0.34877	0.01200	0.01518	0.01491	0.01128	0.03131	0.00987	0.01375	0.00773	0.00507	0.00526	0.00168	0.00667	0.00472	0.00255	0.00699
11	0.00933	0.00851	0.00944	0.00924	0.01045	0.12122	0.00713	0.01114	0.00944	0.01237	0.01329	0.01913	0.01228	0.03466	0.67833	0.00746	0.01349	0.00533	0.00282	0.00493
12	0.00740	0.00540	0.00695	0.00656	0.00784	0.00495	0.00492	0.00981	0.01476	0.02071	0.72762	0.04029	0.10100	0.01099	0.00624	0.00167	0.00251	0.00967	0.00576	0.00495
13	0.01008	0.00946	0.01574	0.77767	0.03573	0.01179	0.01449	0.01395	0.03352	0.01377	0.00976	0.01426	0.00732	0.00534	0.00529	0.00176	0.00696	0.00474	0.00244	0.00595
14	0.00643	0.00494	0.00588	0.00654	0.00748	0.00440	0.00457	0.00760	0.01115	0.01424	0.08130	0.47164	0.32488	0.01500	0.00652	0.00198	0.00288	0.01321	0.00496	0.00440
15	0.01248	0.01426	0.03119	0.02228	0.02763	0.01337	0.76203	0.01693	0.01248	0.01693	0.01070	0.01426	0.00802	0.00446	0.00624	0.00178	0.00891	0.00624	0.00267	0.00713
16	0.00998	0.00940	0.01586	0.80150	0.03641	0.01175	0.01468	0.01351	0.01057	0.01351	0.00940	0.01409	0.00705	0.00529	0.00529	0.00176	0.00705	0.00470	0.00235	0.00587
17	0.01248	0.01426	0.03119	0.02228	0.02763	0.01337	0.76203	0.01693	0.01248	0.01693	0.01070	0.01426	0.00802	0.00446	0.00624	0.00178	0.00891	0.00624	0.00267	0.00713
18	0.01157	0.00990	0.01629	0.59001	0.12639	0.01182	0.01412	0.01478	0.01096	0.07564	0.01022	0.01411	0.00769	0.00557	0.00607	0.00176	0.05918	0.00474	0.00272	0.00643
19	0.01582	0.01174	0.01876	0.02557	0.54759	0.01157	0.01374	0.04224	0.04141	0.19916	0.01304	0.01448	0.00979	0.00529	0.00526	0.00159	0.00577	0.00490	0.00373	0.00854
20	0.00661	0.00537	0.00585	0.00573	0.00736	0.00462	0.00430	0.00828	0.01290	0.01630	0.26511	0.04755	0.56627	0.01264	0.00624	0.00175	0.00262	0.01069	0.00517	0.00462
21	0.00643	0.00465	0.00608	0.00723	0.00763	0.00430	0.00485	0.00738	0.01025	0.01355	0.03072	0.76164	0.08306	0.01636	0.00672	0.00212	0.00304	0.01478	0.00491	0.00430
22	0.00958	0.00872	0.01264	0.01113	0.01306	0.05886	0.12626	0.01293	0.07202	0.01446	0.04866	0.04695	0.01540	0.02596	0.45423	0.00562	0.01088	0.04383	0.00331	0.00549
23	0.01254	0.01407	0.04205	0.02047	0.02552	0.01332	0.63877	0.01856	0.12311	0.01769	0.01225	0.01500	0.00918	0.00486	0.00609	0.00178	0.00820	0.00616	0.00306	0.00732
24	0.00998	0.00940	0.01586	0.80150	0.03641	0.01175	0.01468	0.01351	0.01057	0.01351	0.00940	0.01409	0.00705	0.00529	0.00529	0.00176	0.00705	0.00470	0.00235	0.00587
25	0.00644	0.00460	0.00613	0.00736	0.00767	0.00429	0.00491	0.00736	0.01012	0.01350	0.02914	0.81076	0.03497	0.01656	0.00675	0.00215	0.00307	0.01503	0.00491	0.00429
26	0.01308	0.01256	0.02146	0.03245	0.78123	0.01256	0.01622	0.01622	0.01204	0.01727	0.00994	0.01308	0.00837	0.00471	0.00523	0.00157	0.00628	0.00471	0.00262	0.00837
27	0.00748	0.00540	0.00707	0.00665	0.00790	0.00499	0.00499	0.00998	0.01496	0.02120	0.77844	0.03949	0.04988	0.01081	0.00624	0.00166	0.00249	0.00956	0.00582	0.00499
28	0.01096	0.00940	0.01096	0.00783	0.01253	0.00705	0.00626	0.01331	0.01096	0.01723	0.00940	0.01096	0.00783	0.00392	0.00392	0.00078	0.00392	0.00313	0.00313	0.84653
29	0.01096	0.00940	0.01096	0.00783	0.01253	0.00705	0.00626	0.01331	0.01096	0.01723	0.00940	0.01096	0.00783	0.00392	0.00392	0.00078	0.00392	0.00313	0.00313	0.84653
30	0.07313	0.01242	0.01432	0.01110	0.01500	0.01315	0.03529	0.46692	0.02047	0.18490	0.08604	0.01609	0.01343	0.00665	0.00529	0.00161	0.00523	0.00526	0.00537	0.00834
31	0.00644	0.00529	0.00567	0.00573	0.00730	0.00452	0.00424	0.00791	0.01229	0.01520	0.15494	0.12018	0.60534	0.01332	0.00629	0.00180	0.00269	0.01129	0.00504	0.00452
32	0.01943	0.02351	0.01492	0.01342	0.01604	0.70402	0.01018	0.02082	0.01456	0.05227	0.00874	0.01009	0.00714	0.00574	0.00559	0.00144	0.05937	0.00358	0.00289	0.00625
33	0.01248	0.01426	0.03119	0.02228	0.02763	0.01337	0.76203	0.01693	0.01248	0.01693	0.01070	0.01426	0.00802	0.00446	0.00624	0.00178	0.00891	0.00624	0.00267	0.00713
34	0.00769	0.00513	0.00577	0.00577	0.00577	0.00513	0.00320	0.00769	0.00769	0.01025	0.01666	0.03460	0.01922	0.81421	0.02691	0.00513	0.00513	0.00769	0.00320	0.00320
35	0.01581	0.01272	0.01344	0.06231	0.01605	0.05336	0.00929	0.22576	0.43517	0.07107	0.01762	0.01683	0.01295	0.00670	0.00531	0.00170	0.00510	0.00539	0.00510	0.00830
36	0.01553	0.01727	0.01858	0.04587	0.28422	0.30922	0.07461	0.04602	0.03149	0.01576	0.00951	0.01200	0.00787	0.00597	0.01725	0.00168	0.07290	0.00438	0.00280	0.00710
37	0.01575	0.01066	0.01199	0.01027	0.01358	0.01152	0.00812	0.04389	0.52551	0.21213	0.03733	0.01929	0.01569	0.00697	0.00533	0.00171	0.00426	0.00577	0.00561	0.03462
38	0.00649	0.00483	0.00605	0.00687	0.00757	0.00439	0.00472	0.00763	0.01094	0.01431	0.09770	0.58280	0.19562	0.01540	0.00660	0.00203	0.00294	0.01374	0.00498	0.00439
39	0.12150	0.46261	0.12819	0.01008	0.01478	0.01758	0.01016	0.10596	0.05561	0.01753	0.00909	0.01001	0.00743	0.00501	0.00394	0.00136	0.00569	0.00339	0.00293	0.00715
40	0.01279	0.01226	0.02093	0.10534	0.71064	0.01248	0.01608	0.01597	0.01190	0.01691	0.00989	0.01318	0.00825	0.00476	0.00524	0.00159	0.00635	0.00471	0.00259	0.00814
41	0.01942	0.02303	0.01469	0.01321	0.01595	0.67906	0.01000	0.02151	0.05336	0.06330	0.00963	0.01066	0.00769	0.00572	0.00521	0.00143	0.03290	0.00370	0.00309	0.00642
42	0.01216	0.06750	0.22557	0.01391	0.01824	0.01243	0.16706	0.06549	0.04777	0.05373	0.13090	0.01746	0.02531	0.00670	0.00704	0.00174	0.11090	0.00561	0.00348	0.00701
43	0.02315	0.00945	0.01249	0.00963	0.01369	0.00850	0.00794	0.07353	0.03982	0.71206	0.02035	0.01771	0.01292	0.00655	0.00532	0.00164	0.00457	0.00530	0.00643	0.00898
44	0.01632	0.00952	0.01146	0.00988	0.01291	0.00975	0.00799	0.11061	0.23090	0.28665	0.07041	0.06522	0.01928	0.00856	0.00573	0.00181	0.00441	0.10512	0.00571	0.00777
45	0.01327	0.31652	0.21768	0.01115	0.01616	0.01569	0.01149	0.07752	0.18376	0.01768	0.01165	0.01220	0.00911	0.00535	0.00444	0.00143	0.00578	0.00399	0.00325	0.06186
46	0.00711	0.00521	0.00672	0.00736	0.00808	0.00499	0.00513	0.00927	0.05484	0.01612	0.23622	0.55211	0.03802	0.01443	0.00653	0.00199	0.00297	0.01300	0.00519	0.00472
47	0.00749	0.00507	0.00596	0.00615	0.00624	0.00507	0.00364	0.00772	0.00811	0.01085	0.01848	0.15487	0.02138	0.65208	0.06119	0.00483	0.00525	0.00873	0.00345	0.00345
48	0.01328	0.01244	0.01990	0.02869	0.64690	0.01275	0.01489	0.03748	0.12559	0.01841	0.01174	0.01406	0.00955	0.00512	0.00526	0.00160	0.00596	0.00490	0.00310	0.00839
49	0.00661	0.00472	0.00630	0.00737	0.00779	0.00442	0.00503	0.00772	0.01065	0.01430	0.10029	0.71351	0.03624	0.01595	0.00672	0.00211	0.00307	0.03783	0.00499	0.00438
50	0.00678	0.00478	0.00619	0.00718	0.00747	0.00454	0.00477	0.00761	0.00976	0.01300	0.02671	0.62485	0.03174	0.16817	0.01061	0.00273	0.00355	0.05088	0.00458	0.00412
51	0.01343	0.03549	0.01091	0.01047	0.03607	0.22250	0.00767	0.01495	0.01267	0.13190	0.04465	0.31626	0.02220	0.01085	0.00588	0.00182	0.00541	0.08662	0.00443	0.00580
52	0.01428	0.01265	0.02020	0.02865	0.64314	0.01284	0.01498	0.10171	0.03616	0.04778	0.01101	0.01342	0.00885	0.00504	0.00525	0.00158	0.00610	0.00478	0.00315	0.00847
53	0.00755	0.00566	0.00850	0.00850	0.00944	0.00661	0.00661	0.00944	0.00850	0.01227	0.01416	0.02077	0.01322	0.03965	0.79326	0.00850	0.01416	0.00566	0.00283	0.00472
54	0.01154	0.01216	0.02393	0.32758	0.03018	0.01272	0.41979	0.01631	0.06080	0.01592	0.01088	0.01455	0.00816	0.00496	0.00581	0.00178	0.00787	0.00562	0.00272	0.00672
55	0.01096	0.00940	0.01096	0.00783	0.01253	0.00705	0.00626	0.01331	0.01096	0.01723	0.00940	0.01096	0.00783	0.00392	0.00392	0.00078	0.00392	0.00313	0.00313	0.84653
56	0.01200	0.04914	0.64909	0.01397	0.02099	0.01176	0.01737	0.01735	0.01155	0.10080	0.01140	0.04156	0.00845	0.00560	0.00507	0.00167	0.00721	0.00444	0.00281	0.00778
57	0.01411	0.12250	0.01458	0.01069	0.01404	0.01460	0.00866	0.11386	0.57835	0.02212	0.01852	0.01734	0.01400	0.00671	0.00510	0.00168	0.00458	0.00540	0.00494	0.00822
58	0.01442	0.01153	0.01844	0.02513	0.54508	0.01098	0.01340	0.01727	0.01236	0.13704	0.01156	0.01353	0.00903	0.00488	0.00505	0.00146	0.00564	0.00457	0.00331	0.13534
59	0.02049	0.00932	0.01274	0.01154	0.08606	0.00858	0.00844	0.02398	0.09213	0.58025	0.07323	0.01922	0.01554	0.00673	0.00538	0.00165	0.00449	0.00563	0.00600	0.00859
60	0.02048	0.05234	0.09327	0.01083	0.01532	0.00922	0.06554	0.02312	0.01430	0.58268	0.04491	0.01729	0.01303	0.00628	0.00529	0.00163	0.00516	0.00526	0.00557	0.00848
61	0.01297	0.01244	0.02125	0.06104	0.75354	0.01253	0.01617	0.01612	0.01198	0.01713	0.00992	0.01312	0.00832	0.00473	0.00524	0.00158	0.00631	0.00471	0.00261	0.00828
62	0.01390	0.01256	0.04226	0.04929	0.28918	0.02561	0.09245	0.02145	0.28790	0.08680	0.01513	0.01597	0.01144	0.00578	0.00539	0.00169	0.00578	0.00534	0.00395	0.00814
63	0.03881	0.03380	0.15500	0.01747	0.04595	0.01155	0.40511	0.01593	0.01190	0.06614	0.01372	0.13411	0.01211	0.00654	0.00585	0.00178	0.00724	0.00687	0.00319	0.00693
64	0.01037	0.00979	0.01656	0.70510	0.12977	0.01185	0.01488	0.01385	0.01075	0.01398	0.00946	0.01397	0.00721	0.00521	0.00528	0.00174	0.00695	0.00470	0.00238	0.00619
65	0.00800	0.00621	0.00692	0.00754	0.00839	0.05378	0.00526	0.00919	0.01131	0.04300	0.10569	0.57119	0.11450	0.01457	0.00646	0.00199	0.00342	0.01297	0.00492	0.00467
66	0.01194	0.01306	0.09371	0.25634	0.48955	0.01229	0.01609	0.01548	0.01152	0.01612	0.00974	0.01319	0.00782	0.00491	0.00523	0.00164	0.00665	0.00463	0.00250	0.00759
67	0.04767	0.18524	0.22278	0.01223	0.01707	0.19091	0.03982	0.01961	0.03695	0.16325	0.01128	0.01184	0.00828	0.00535	0.00467	0.00149	0.00690	0.00395	0.00334	0.00736
68	0.01275	0.00740	0.00842	0.00748	0.00990	0.03367	0.00579	0.01494	0.04477	0.26233	0.10449	0.10739	0.33810	0.01071	0.00591	0.00175	0.00359	0.00901	0.00546	0.00617
69	0.02372	0.00900	0.01227	0.00941	0.01350	0.00777	0.00777	0.02576	0.01513	0.78489	0.02086	0.01799	0.01309	0.00654	0.00532	0.00164	0.00450	0.00532	0.00654	0.00900
70	0.02132	0.01196	0.12420	0.01035	0.01494	0.00893	0.00957	0.07189	0.01518	0.61254	0.03149	0.01703	0.01252	0.00638	0.00529	0.00164	0.00503	0.00515	0.00583	0.00876
71	0.39984	0.01051	0.03976	0.00972	0.05150	0.01024	0.00773	0.02036	0.03865	0.34295	0.01374	0.01326	0.00936	0.00567	0.00437	0.00164	0.00452	0.00414	0.00465	0.00741
72	0.05973	0.01148	0.01816	0.02494	0.53597	0.01135	0.01337	0.01843	0.03550	0.18090	0.03048	0.01471	0.01044	0.00533	0.00517	0.00160	0.00563	0.00489	0.00364	0.00829
73	0.06176	0.04021	0.30088	0.01147	0.01683	0.01005	0.02330	0.02088	0.01315	0.39690	0.04201	0.01537	0.01135	0.00595	0.00509	0.00164	0.00574	0.00475	0.00455	0.00815

[dist]
# distance from previous block
# <min> <max>
2	8

[block]
# block no. 2 follows, 46 sequences, length 99
# corresponding to MSA columns:
# 639-737
name=unknown_C
#
# <colnr> <probs for GDERKNQSTAVLIFYWHMCP>
#	G	D	E	R	K	N	Q	S	T	A	V	L	I	F	Y	W	H	M	C	P
0	0.08435	0.01303	0.03395	0.01219	0.06369	0.03288	0.00947	0.33853	0.12091	0.16108	0.01432	0.01405	0.01020	0.00606	0.00503	0.00157	0.00528	0.00471	0.00491	0.06381
1	0.09202	0.01033	0.01506	0.05942	0.26516	0.01000	0.01073	0.02113	0.02670	0.41233	0.01550	0.01538	0.01063	0.00574	0.00511	0.00162	0.00518	0.00488	0.00473	0.00833
2	0.01434	0.02894	0.01218	0.00996	0.06327	0.00813	0.00740	0.03393	0.03380	0.21061	0.08076	0.01561	0.01314	0.00540	0.00462	0.00118	0.00418	0.00446	0.00428	0.44380
3	0.05737	0.01043	0.04402	0.00972	0.03243	0.00807	0.05700	0.01474	0.01142	0.07622	0.03187	0.01245	0.00928	0.00446	0.00428	0.00104	0.00448	0.00374	0.00340	0.60359
4	0.01658	0.01103	0.01246	0.01085	0.04336	0.08718	0.00822	0.03396	0.10553	0.28868	0.03634	0.01728	0.01265	0.06692	0.00811	0.00185	0.09878	0.00510	0.02045	0.11467
5	0.00922	0.00803	0.01324	0.01074	0.01311	0.00770	0.18801	0.01323	0.07902	0.02009	0.49748	0.04291	0.03573	0.00893	0.00611	0.00170	0.00420	0.00842	0.02634	0.00578
6	0.00684	0.00521	0.00629	0.00638	0.00759	0.00466	0.00465	0.00859	0.01291	0.01717	0.36903	0.21666	0.28893	0.01296	0.00635	0.00181	0.00268	0.01132	0.00531	0.00466
7	0.01301	0.01251	0.02119	0.03150	0.74219	0.01275	0.01599	0.01605	0.01184	0.01704	0.00979	0.01301	0.00830	0.00494	0.00585	0.00161	0.04690	0.00471	0.00260	0.00824
8	0.00765	0.00530	0.00663	0.00663	0.00693	0.00559	0.00428	0.00824	0.00794	0.01089	0.01587	0.03023	0.01732	0.56968	0.26885	0.00619	0.00798	0.00705	0.00309	0.00368
9	0.85155	0.01022	0.00777	0.00695	0.01022	0.01186	0.00573	0.01554	0.00900	0.02372	0.00736	0.00859	0.00573	0.00491	0.00327	0.00164	0.00409	0.00286	0.00327	0.00573
10	0.00644	0.00460	0.00613	0.00736	0.00767	0.00429	0.00491	0.00736	0.01012	0.01350	0.02914	0.81076	0.03497	0.01656	0.00675	0.00215	0.00307	0.01503	0.00491	0.00429
11	0.01552	0.01728	0.01873	0.02434	0.45106	0.30735	0.01370	0.01788	0.01294	0.01539	0.00911	0.01166	0.00771	0.00523	0.00571	0.00153	0.05062	0.00421	0.00264	0.00739
12	0.01157	0.01157	0.01619	0.01388	0.01388	0.01619	0.01157	0.01272	0.00810	0.01272	0.00694	0.01157	0.00694	0.00925	0.01735	0.00231	0.80453	0.00463	0.00231	0.00578
13	0.00742	0.00540	0.00698	0.00658	0.00786	0.00496	0.00494	0.00985	0.01481	0.02084	0.74082	0.04008	0.08773	0.01094	0.00624	0.00167	0.00250	0.00964	0.00577	0.00496
14	0.01315	0.01136	0.01195	0.01076	0.01375	0.01315	0.00837	0.02809	0.77168	0.02211	0.02152	0.01972	0.01614	0.00717	0.00538	0.00179	0.00418	0.00598	0.00538	0.00837
15	0.01426	0.01266	0.06380	0.01115	0.01455	0.01316	0.00936	0.24021	0.40030	0.02372	0.01715	0.01724	0.01303	0.01115	0.11112	0.00262	0.00624	0.00544	0.00480	0.00802
16	0.00644	0.00460	0.00613	0.00736	0.00767	0.00429	0.00491	0.00736	0.01012	0.01350	0.02914	0.81076	0.03497	0.01656	0.00675	0.00215	0.00307	0.01503	0.00491	0.00429
17	0.00665	0.00537	0.00591	0.00578	0.00739	0.00463	0.00433	0.00836	0.01300	0.01653	0.28893	0.04718	0.54231	0.01255	0.00624	0.00175	0.00262	0.01064	0.00520	0.00463
18	0.01060	0.02735	0.78682	0.01507	0.02288	0.01228	0.01953	0.01674	0.01116	0.01674	0.00949	0.01116	0.00670	0.00502	0.00502	0.00167	0.00781	0.00391	0.00223	0.00781
19	0.01470	0.02171	0.31323	0.03389	0.08421	0.24379	0.06275	0.01944	0.07379	0.06675	0.01093	0.01225	0.00815	0.00536	0.00510	0.00159	0.00774	0.00425	0.00298	0.00739
20	0.01290	0.01247	0.02156	0.07118	0.71345	0.01255	0.04572	0.01611	0.01198	0.01707	0.00995	0.01318	0.00829	0.00473	0.00528	0.00159	0.00642	0.00477	0.00261	0.00820
21	0.01294	0.01253	0.02174	0.06095	0.71478	0.01257	0.05411	0.01616	0.01200	0.01711	0.00996	0.01318	0.00831	0.00472	0.00529	0.00159	0.00644	0.00479	0.00261	0.00822
22	0.02265	0.00876	0.01192	0.00922	0.01313	0.00759	0.00759	0.02472	0.01512	0.73446	0.07088	0.01941	0.01552	0.00682	0.00538	0.00164	0.00437	0.00560	0.00650	0.00873
23	0.01383	0.01320	0.04104	0.02807	0.57805	0.01287	0.09427	0.08216	0.03170	0.03741	0.01080	0.01341	0.00865	0.00494	0.00534	0.00160	0.00646	0.00490	0.00301	0.00830
24	0.00688	0.00487	0.00641	0.00747	0.00786	0.00464	0.00517	0.00788	0.01008	0.01339	0.02737	0.60971	0.03232	0.11972	0.00944	0.00257	0.00357	0.11176	0.00468	0.00423
25	0.00748	0.00540	0.00707	0.00665	0.00790	0.00499	0.00499	0.00998	0.01496	0.02120	0.77844	0.03949	0.04988	0.01081	0.00624	0.00166	0.00249	0.00956	0.00582	0.00499
26	0.00991	0.00570	0.00730	0.00699	0.00847	0.00520	0.00520	0.01187	0.01317	0.13626	0.34778	0.23065	0.07578	0.01124	0.00594	0.00174	0.00295	0.00987	0.09857	0.00539
27	0.00625	0.00536	0.00536	0.00536	0.00714	0.00446	0.00402	0.00759	0.01205	0.01428	0.05355	0.05088	0.77909	0.01339	0.00625	0.00179	0.00268	0.01116	0.00491	0.00446
28	0.02324	0.00901	0.01222	0.00935	0.01346	0.00774	0.00771	0.02530	0.01498	0.75622	0.02043	0.01773	0.01289	0.00645	0.00526	0.00160	0.00448	0.00523	0.00642	0.04028
29	0.01343	0.01146	0.01347	0.01154	0.01269	0.07552	0.00943	0.09429	0.01145	0.05812	0.01058	0.01359	0.00888	0.00784	0.01152	0.00189	0.44293	0.00464	0.18058	0.00615
30	0.01425	0.80105	0.02744	0.00914	0.01363	0.03685	0.00907	0.01594	0.01083	0.01245	0.00737	0.00850	0.00678	0.00454	0.00342	0.00114	0.00573	0.00284	0.00227	0.00677
31	0.00748	0.00540	0.00707	0.00665	0.00790	0.00499	0.00499	0.00998	0.01496	0.02120	0.77844	0.03949	0.04988	0.01081	0.00624	0.00166	0.00249	0.00956	0.00582	0.00499
32	0.01631	0.40332	0.03343	0.01103	0.01480	0.28987	0.00957	0.04342	0.09129	0.02825	0.00955	0.01036	0.00794	0.00522	0.00420	0.00131	0.00688	0.00348	0.00292	0.00685
33	0.01096	0.00940	0.01096	0.00783	0.01253	0.00705	0.00626	0.01331	0.01096	0.01723	0.00940	0.01096	0.00783	0.00392	0.00392	0.00078	0.00392	0.00313	0.00313	0.84653
34	0.00628	0.00522	0.00550	0.00573	0.00724	0.00443	0.00418	0.00755	0.01169	0.01414	0.04903	0.19156	0.64132	0.01398	0.00634	0.00185	0.00275	0.01187	0.00491	0.00443
35	0.01060	0.02735	0.78682	0.01507	0.02288	0.01228	0.01953	0.01674	0.01116	0.01674	0.00949	0.01116	0.00670	0.00502	0.00502	0.00167	0.00781	0.00391	0.00223	0.00781
36	0.00644	0.00460	0.00613	0.00736	0.00767	0.00429	0.00491	0.00736	0.01012	0.01350	0.02914	0.81076	0.03497	0.01656	0.00675	0.00215	0.00307	0.01503	0.00491	0.00429
37	0.00742	0.00540	0.00698	0.00658	0.00786	0.00496	0.00494	0.00985	0.01482	0.02085	0.74156	0.04007	0.08699	0.01094	0.00624	0.00167	0.00250	0.00964	0.00577	0.00496
38	0.00743	0.00538	0.00705	0.00700	0.00815	0.00500	0.00530	0.00970	0.01404	0.01956	0.59475	0.12886	0.07070	0.01192	0.00640	0.00180	0.00280	0.08369	0.00559	0.00488
39	0.00862	0.00479	0.00646	0.00646	0.00646	0.00479	0.00407	0.00719	0.00719	0.00959	0.01200	0.02306	0.01297	0.31878	0.02302	0.52871	0.00479	0.00576	0.00264	0.00264
40	0.00678	0.00490	0.00649	0.00763	0.00819	0.00461	0.00546	0.00798	0.01060	0.01394	0.03056	0.63347	0.08333	0.01602	0.00681	0.00217	0.00335	0.13841	0.00490	0.00440
41	0.01096	0.00940	0.01096	0.00783	0.01253	0.00705	0.00626	0.01331	0.01096	0.01723	0.00940	0.01096	0.00783	0.00392	0.00392	0.00078	0.00392	0.00313	0.00313	0.84653
42	0.02372	0.00900	0.01227	0.00941	0.01350	0.00777	0.00777	0.02576	0.01513	0.78489	0.02086	0.01799	0.01309	0.00654	0.00532	0.00164	0.00450	0.00532	0.00654	0.00900
43	0.00644	0.00460	0.00613	0.00736	0.00767	0.00429	0.00491	0.00736	0.01012	0.01350	0.02914	0.81076	0.03497	0.01656	0.00675	0.00215	0.00307	0.01503	0.00491	0.00429
44	0.00985	0.00493	0.00493	0.00493	0.00616	0.00493	0.00370	0.01232	0.01109	0.01971	0.01725	0.01971	0.01355	0.00616	0.00370	0.00123	0.00246	0.00493	0.84356	0.00493
45	0.01016	0.00957	0.01617	0.75841	0.07814	0.01179	0.01477	0.01366	0.01065	0.01372	0.00943	0.01404	0.00712	0.00525	0.00528	0.00175	0.00700	0.00470	0.00236	0.00601
46	0.01299	0.01283	0.02301	0.03083	0.66091	0.01269	0.13530	0.01634	0.01211	0.01722	0.01006	0.01327	0.00832	0.00467	0.00539	0.00160	0.00670	0.00495	0.00263	0.00818
47	0.00859	0.00641	0.00940	0.00968	0.01090	0.00635	0.05709	0.01062	0.01119	0.01465	0.02432	0.05105	0.02645	0.19236	0.01161	0.00299	0.00519	0.53216	0.00435	0.00465
48	0.15391	0.51504	0.10089	0.01074	0.03457	0.04208	0.04892	0.01611	0.01075	0.01513	0.00783	0.00922	0.00670	0.00467	0.00378	0.00132	0.00592	0.00319	0.00247	0.00675
49	0.00669	0.00537	0.00597	0.00582	0.00741	0.00465	0.00437	0.00845	0.01310	0.01677	0.31421	0.04678	0.51688	0.01246	0.00624	0.00174	0.00261	0.01058	0.00524	0.00465
50	0.01096	0.00940	0.01096	0.00783	0.01253	0.00705	0.00626	0.01331	0.01096	0.01723	0.00940	0.01096	0.00783	0.00392	0.00392	0.00078	0.00392	0.00313	0.00313	0.84653
51	0.00760	0.00549	0.00760	0.00760	0.00823	0.00612	0.00549	0.00886	0.00823	0.01161	0.01498	0.02531	0.01519	0.29413	0.54147	0.00739	0.01119	0.00633	0.00295	0.00422
52	0.01205	0.00602	0.00746	0.00710	0.00886	0.00567	0.00561	0.01427	0.01251	0.18551	0.11250	0.10595	0.02256	0.00914	0.00522	0.00165	0.00334	0.12180	0.34703	0.00575
53	0.00636	0.00539	0.00552	0.00558	0.00733	0.00455	0.00425	0.00776	0.01206	0.01436	0.05225	0.05132	0.74099	0.01345	0.00630	0.00182	0.00279	0.04853	0.00491	0.00448
54	0.00752	0.00543	0.00700	0.00674	0.00791	0.00505	0.00505	0.00977	0.01409	0.01972	0.64075	0.04088	0.07368	0.07448	0.00794	0.00199	0.00287	0.05881	0.00552	0.00482
55	0.01344	0.01324	0.02111	0.03143	0.73992	0.05471	0.01590	0.01649	0.01220	0.01704	0.00985	0.01289	0.00829	0.00475	0.00521	0.00156	0.00646	0.00464	0.00262	0.00825
56	0.47386	0.24716	0.01478	0.00856	0.01219	0.10068	0.00741	0.05430	0.01097	0.01974	0.00772	0.00887	0.00632	0.00493	0.00357	0.00146	0.00523	0.00301	0.00302	0.00624
57	0.01308	0.01256	0.02146	0.03245	0.78123	0.01256	0.01622	0.01622	0.01204	0.01727	0.00994	0.01308	0.00837	0.00471	0.00523	0.00157	0.00628	0.00471	0.00262	0.00837
58	0.06779	0.01009	0.01266	0.00976	0.01383	0.00951	0.00806	0.15517	0.01651	0.61141	0.01869	0.01655	0.01197	0.00642	0.00520	0.00163	0.00471	0.00509	0.00615	0.00882
59	0.00998	0.00940	0.01586	0.80150	0.03641	0.01175	0.01468	0.01351	0.01057	0.01351	0.00940	0.01409	0.00705	0.00529	0.00529	0.00176	0.00705	0.00470	0.00235	0.00587
60	0.00644	0.00460	0.00613	0.00736	0.00767	0.00429	0.00491	0.00736	0.01012	0.01350	0.02914	0.81076	0.03497	0.01656	0.00675	0.00215	0.00307	0.01503	0.00491	0.00429
61	0.85155	0.01022	0.00777	0.00695	0.01022	0.01186	0.00573	0.01554	0.00900	0.02372	0.00736	0.00859	0.00573	0.00491	0.00327	0.00164	0.00409	0.00286	0.00327	0.00573
62	0.01679	0.01135	0.01931	0.01456	0.01869	0.01100	0.29261	0.02195	0.15142	0.31237	0.01642	0.01667	0.01145	0.00629	0.00645	0.02639	0.02800	0.00574	0.00463	0.00789
63	0.00649	0.00468	0.00615	0.00722	0.00765	0.00434	0.00487	0.00752	0.01049	0.01397	0.07235	0.72932	0.07323	0.01608	0.00669	0.00210	0.00302	0.01453	0.00496	0.00434
64	0.00817	0.00573	0.00740	0.00688	0.00828	0.00537	0.00520	0.01111	0.04323	0.04353	0.72806	0.03812	0.04755	0.01055	0.00618	0.00167	0.00262	0.00930	0.00582	0.00523
65	0.01157	0.01157	0.01619	0.01388	0.01388	0.01619	0.01157	0.01272	0.00810	0.01272	0.00694	0.01157	0.00694	0.00925	0.01735	0.00231	0.80453	0.00463	0.00231	0.00578
66	0.01251	0.01332	0.02687	0.02517	0.28296	0.01277	0.47480	0.01642	0.01231	0.01700	0.01122	0.01590	0.00915	0.00500	0.00594	0.00174	0.00784	0.03889	0.00275	0.00745
67	0.01292	0.01239	0.02116	0.07398	0.74101	0.01252	0.01614	0.01608	0.01196	0.01707	0.00991	0.01314	0.00830	0.00474	0.00524	0.00158	0.00632	0.00471	0.00260	0.00824
68	0.03997	0.01846	0.01429	0.01433	0.09614	0.41567	0.01000	0.02244	0.26053	0.01688	0.03141	0.01392	0.01103	0.00605	0.00501	0.00154	0.00713	0.00451	0.00367	0.00706
69	0.02240	0.00905	0.01195	0.00928	0.01316	0.00810	0.00762	0.05587	0.03598	0.68425	0.02030	0.01793	0.01303	0.00653	0.00521	0.00161	0.00442	0.00529	0.05931	0.00872
70	0.02248	0.00946	0.01237	0.00965	0.01363	0.00866	0.00792	0.05356	0.09485	0.67682	0.02062	0.01798	0.01325	0.00660	0.00532	0.00165	0.00451	0.00536	0.00637	0.00893
71	0.01049	0.00599	0.00779	0.00699	0.00873	0.00546	0.00536	0.01290	0.01468	0.15333	0.58507	0.03415	0.04054	0.00969	0.00587	0.00162	0.00284	0.00845	0.07437	0.00568
72	0.00769	0.00529	0.00666	0.00641	0.00762	0.00492	0.00477	0.01005	0.01407	0.02031	0.60761	0.07895	0.07315	0.01060	0.00592	0.00164	0.00253	0.00930	0.11757	0.00492
73	0.01934	0.00771	0.00995	0.00799	0.01118	0.00687	0.00648	0.02152	0.01385	0.54337	0.01972	0.01854	0.01323	0.00642	0.00480	0.00151	0.00386	0.00519	0.27074	0.00771
74	0.00642	0.00469	0.00604	0.00711	0.00760	0.00431	0.00480	0.00739	0.01036	0.01359	0.03216	0.71676	0.12702	0.01617	0.00669	0.00210	0.00302	0.01455	0.00491	0.00431
75	0.01298	0.01241	0.06312	0.01104	0.01435	0.01309	0.00910	0.02734	0.72146	0.02176	0.02072	0.01916	0.01551	0.00703	0.00536	0.00179	0.00442	0.00584	0.00517	0.00833
76	0.24927	0.01424	0.14704	0.01281	0.01626	0.01343	0.11120	0.03418	0.07938	0.03833	0.00981	0.01195	0.00774	0.00633	0.00810	0.00186	0.22392	0.00436	0.00308	0.00669
77	0.00853	0.00564	0.00737	0.00680	0.00825	0.00516	0.00515	0.01096	0.01491	0.07147	0.71179	0.03833	0.06418	0.01059	0.00617	0.00166	0.00263	0.00932	0.00585	0.00524
78	0.10332	0.11899	0.08932	0.06610	0.08110	0.42672	0.01128	0.01856	0.01294	0.01475	0.00834	0.01006	0.00683	0.00517	0.00454	0.00144	0.00789	0.00352	0.00264	0.00650
79	0.05614	0.01231	0.02042	0.03029	0.71333	0.01235	0.01537	0.01655	0.01200	0.04627	0.01022	0.01304	0.00842	0.00479	0.00514	0.00158	0.00610	0.00464	0.00280	0.00826
80	0.03437	0.03658	0.54679	0.01342	0.02007	0.01176	0.01600	0.06606	0.01278	0.17500	0.01193	0.01255	0.00813	0.00541	0.00503	0.00165	0.00688	0.00420	0.00333	0.00806
81	0.01400	0.77387	0.02708	0.00931	0.01359	0.02066	0.00918	0.01566	0.01060	0.01245	0.00733	0.00865	0.00679	0.00478	0.00415	0.00119	0.04880	0.00292	0.00226	0.00673
82	0.01317	0.01678	0.22563	0.02331	0.35882	0.01279	0.12683	0.07424	0.04131	0.04005	0.01088	0.01310	0.00834	0.00502	0.00534	0.00164	0.00692	0.00479	0.00294	0.00810
83	0.06544	0.01059	0.01391	0.01267	0.09980	0.01063	0.00927	0.13209	0.03265	0.46489	0.01655	0.01566	0.01111	0.00646	0.00620	0.00168	0.07158	0.00499	0.00536	0.00847
84	0.01455	0.01245	0.02060	0.02325	0.37828	0.01250	0.16533	0.06119	0.13357	0.10412	0.01330	0.01490	0.01009	0.00534	0.00547	0.00166	0.00626	0.00529	0.00365	0.00822
85	0.00713	0.00489	0.00593	0.00647	0.00661	0.00476	0.00396	0.00754	0.00877	0.01169	0.02220	0.37920	0.02621	0.46007	0.01796	0.00380	0.00421	0.01095	0.00396	0.00369
86	0.01487	0.45916	0.11365	0.03140	0.05585	0.08829	0.02925	0.12166	0.01327	0.01631	0.00869	0.01000	0.00721	0.00495	0.00419	0.00133	0.00643	0.00350	0.00276	0.00722
87	0.01525	0.01239	0.01370	0.01286	0.08321	0.07865	0.02923	0.29879	0.12498	0.05901	0.01860	0.16156	0.05145	0.00840	0.00559	0.00171	0.00531	0.00706	0.00474	0.00748
88	0.00666	0.00478	0.00622	0.00730	0.00772	0.00448	0.00497	0.00763	0.01017	0.01345	0.02937	0.66420	0.07135	0.07618	0.00827	0.00237	0.00332	0.06253	0.00478	0.00426
89	0.01588	0.01291	0.01650	0.12161	0.10707	0.11005	0.10809	0.10503	0.11941	0.15306	0.01405	0.01510	0.01026	0.00579	0.00525	0.00162	0.00623	0.00504	0.05951	0.00754
90	0.04771	0.12037	0.10029	0.01266	0.01698	0.09530	0.10467	0.14194	0.17074	0.11681	0.01357	0.01381	0.00997	0.00578	0.00502	0.00159	0.00622	0.00471	0.00407	0.00779
91	0.01464	0.01097	0.06150	0.00968	0.01241	0.11172	0.00808	0.03608	0.04229	0.24878	0.08850	0.16582	0.06232	0.00977	0.00584	0.00180	0.00492	0.09324	0.00504	0.00660
92	0.05345	0.00650	0.00774	0.00685	0.00837	0.00620	0.00478	0.01389	0.01052	0.23967	0.04624	0.02729	0.01740	0.43371	0.01652	0.00345	0.00455	0.00658	0.08105	0.00525
93	0.01167	0.01139	0.01566	0.29941	0.23668	0.08824	0.01282	0.01530	0.06363	0.01530	0.01397	0.06097	0.03027	0.00701	0.00585	0.00177	0.02881	0.07161	0.00309	0.00656
94	0.05478	0.05685	0.23695	0.01101	0.01580	0.01058	0.01110	0.04429	0.09563	0.32985	0.01660	0.06746	0.01222	0.00665	0.00514	0.00167	0.00541	0.00536	0.00465	0.00801
95	0.01255	0.01377	0.07443	0.08533	0.37205	0.01269	0.27366	0.03684	0.01238	0.01724	0.01069	0.01468	0.00865	0.00500	0.00563	0.00169	0.00730	0.02507	0.00273	0.00764
96	0.00764	0.00532	0.00674	0.00674	0.00708	0.00565	0.00442	0.00831	0.00798	0.01097	0.01577	0.02966	0.01708	0.53771	0.30047	0.00633	0.00835	0.00697	0.00307	0.00374
97	0.01919	0.05130	0.02745	0.01339	0.01626	0.72773	0.01026	0.02111	0.04107	0.01330	0.00863	0.00988	0.00713	0.00547	0.00475	0.00137	0.00919	0.00348	0.00279	0.00625
98	0.01478	0.54416	0.09952	0.01121	0.03311	0.16966	0.01055	0.01687	0.01156	0.01308	0.00777	0.00914	0.00682	0.00489	0.00426	0.00127	0.02908	0.00314	0.00236	0.00677

[dist]
# distance from previous block
# <min> <max>
1	3

[block]
# block no. 3 follows, 46 sequences, length 32
# corresponding to MSA columns:
# 741-772
name=unknown_D
#
# <colnr> <probs for GDERKNQSTAVLIFYWHMCP>
#	G	D	E	R	K	N	Q	S	T	A	V	L	I	F	Y	W	H	M	C	P
0	0.01152	0.00907	0.01217	0.01162	0.05479	0.01074	0.00867	0.05104	0.03914	0.09142	0.04634	0.18385	0.08617	0.03762	0.01113	0.00214	0.31487	0.00779	0.00395	0.00596
1	0.00963	0.00983	0.08411	0.43671	0.02505	0.00964	0.01181	0.01334	0.04015	0.03287	0.17118	0.08653	0.01910	0.00761	0.00562	0.00178	0.00564	0.02000	0.00352	0.00588
2	0.01016	0.00957	0.01617	0.75871	0.07785	0.01179	0.01477	0.01366	0.01065	0.01372	0.00943	0.01404	0.00712	0.00525	0.00528	0.00175	0.00700	0.00470	0.00236	0.00601
3	0.01309	0.01247	0.02070	0.03072	0.72022	0.01261	0.01560	0.01717	0.07243	0.01766	0.01086	0.01361	0.00899	0.00491	0.00525	0.00159	0.00611	0.00481	0.00284	0.00837
4	0.00918	0.00459	0.00689	0.00689	0.00689	0.00459	0.00459	0.00689	0.00689	0.00918	0.00918	0.01607	0.00918	0.01837	0.02066	0.84619	0.00459	0.00459	0.00230	0.00230
5	0.85155	0.01022	0.00777	0.00695	0.01022	0.01186	0.00573	0.01554	0.00900	0.02372	0.00736	0.00859	0.00573	0.00491	0.00327	0.00164	0.00409	0.00286	0.00327	0.00573
6	0.62974	0.00896	0.00759	0.00687	0.00961	0.01005	0.00553	0.01408	0.01057	0.02306	0.20999	0.01671	0.01733	0.00646	0.00405	0.00164	0.00367	0.00462	0.00394	0.00553
7	0.63401	0.00990	0.00895	0.00760	0.01108	0.01078	0.00626	0.01823	0.01061	0.22375	0.01091	0.01106	0.00766	0.00534	0.00381	0.00164	0.00420	0.00351	0.00413	0.00659
8	0.01043	0.00828	0.00931	0.00905	0.05916	0.00815	0.00649	0.20700	0.01558	0.02000	0.09742	0.06493	0.44195	0.01089	0.00595	0.00172	0.00373	0.00908	0.00494	0.00594
9	0.00869	0.00569	0.00809	0.00899	0.00988	0.00569	0.00749	0.00988	0.01078	0.01408	0.02305	0.04818	0.02484	0.01559	0.01081	0.22416	0.00480	0.55091	0.00419	0.00419
10	0.63401	0.00990	0.00895	0.00760	0.01108	0.01078	0.00626	0.01823	0.01061	0.22375	0.01091	0.01106	0.00766	0.00534	0.00381	0.00164	0.00420	0.00351	0.00413	0.00659
11	0.01003	0.00728	0.00869	0.00862	0.00996	0.00747	0.00626	0.20609	0.01399	0.01870	0.02482	0.60104	0.02814	0.01388	0.00636	0.00200	0.00379	0.01233	0.00501	0.00553
12	0.01210	0.01155	0.01967	0.27734	0.54406	0.01230	0.01573	0.01536	0.01157	0.01607	0.00977	0.01341	0.00795	0.00489	0.00525	0.00163	0.00652	0.00471	0.00253	0.00758
13	0.01232	0.01084	0.01298	0.21856	0.01970	0.01278	0.01003	0.02426	0.57167	0.01985	0.01833	0.01824	0.01375	0.00668	0.00535	0.00178	0.00494	0.00564	0.00458	0.00771
14	0.01179	0.01329	0.05101	0.22635	0.02922	0.01290	0.51097	0.01648	0.04263	0.01624	0.01075	0.01434	0.00805	0.00480	0.00591	0.00177	0.00820	0.00575	0.00268	0.00687
15	0.01539	0.01048	0.01648	0.25231	0.28510	0.01090	0.01277	0.01897	0.05481	0.24895	0.01373	0.01524	0.00984	0.00557	0.00528	0.00166	0.00585	0.00496	0.00388	0.00782
16	0.01463	0.01285	0.01945	0.10153	0.50818	0.01349	0.01445	0.21236	0.01526	0.02112	0.01061	0.01308	0.00841	0.00520	0.00525	0.00159	0.00623	0.00472	0.00329	0.00829
17	0.01003	0.00728	0.00869	0.00862	0.00996	0.00747	0.00626	0.20609	0.01399	0.01870	0.02482	0.60104	0.02814	0.01388	0.00636	0.00200	0.00379	0.01233	0.00501	0.00553
18	0.01468	0.12752	0.39348	0.01280	0.01872	0.01392	0.01422	0.21350	0.01505	0.09121	0.01154	0.03011	0.00855	0.00571	0.00494	0.00159	0.00659	0.00437	0.00350	0.00801
19	0.01274	0.01060	0.01491	0.01875	0.32675	0.01087	0.01083	0.20974	0.01492	0.02031	0.01878	0.21760	0.07280	0.00879	0.00571	0.00174	0.00508	0.00781	0.00407	0.00721
20	0.01359	0.00929	0.01491	0.59335	0.03039	0.01070	0.01287	0.01673	0.01177	0.21622	0.01241	0.01512	0.00863	0.00562	0.00529	0.00173	0.00638	0.00486	0.00345	0.00669
21	0.01619	0.04613	0.17794	0.01133	0.01650	0.00957	0.07785	0.01939	0.01278	0.32043	0.01398	0.01398	0.00964	0.00526	0.00489	0.00141	0.00549	0.00443	0.00421	0.22858
22	0.01312	0.01121	0.01879	0.27565	0.46979	0.01184	0.01492	0.01627	0.01187	0.08981	0.01082	0.01388	0.00840	0.00507	0.00526	0.00164	0.00635	0.00476	0.00291	0.00764
23	0.01785	0.00902	0.01251	0.00967	0.01364	0.00765	0.05155	0.02013	0.01354	0.44765	0.03187	0.03762	0.01391	0.00665	0.00520	0.00149	0.00456	0.06174	0.00524	0.22848
24	0.01077	0.00787	0.00909	0.00824	0.01030	0.00791	0.00645	0.20749	0.01596	0.03562	0.22640	0.15212	0.19447	0.01131	0.00614	0.00181	0.00374	0.07315	0.00527	0.00589
25	0.01666	0.04228	0.17156	0.01135	0.04651	0.00929	0.02690	0.01971	0.01288	0.35024	0.01437	0.01413	0.00987	0.00535	0.00484	0.00140	0.00523	0.00436	0.00437	0.22870
26	0.01811	0.00862	0.01109	0.00852	0.01244	0.00717	0.00692	0.02020	0.01377	0.48144	0.05653	0.01996	0.07859	0.00664	0.00507	0.00143	0.00410	0.00544	0.00547	0.22851
27	0.01301	0.02678	0.58399	0.01469	0.02116	0.21744	0.01708	0.01789	0.01217	0.01574	0.00914	0.01073	0.00673	0.00513	0.00496	0.00159	0.00827	0.00377	0.00236	0.00737
28	0.01632	0.01463	0.19108	0.01142	0.01570	0.03887	0.02239	0.21397	0.01582	0.23191	0.01696	0.15707	0.01416	0.00787	0.00549	0.00172	0.00560	0.00654	0.00473	0.00774
29	0.01900	0.00948	0.02997	0.05315	0.01463	0.00786	0.00798	0.02131	0.01369	0.50855	0.03073	0.01616	0.01189	0.00582	0.00496	0.00142	0.00453	0.00475	0.00530	0.22882
30	0.01227	0.01173	0.01999	0.23455	0.58550	0.01235	0.01582	0.01551	0.01165	0.01628	0.00980	0.01335	0.00803	0.00486	0.00525	0.00162	0.00648	0.00471	0.00255	0.00772
31	0.01205	0.01147	0.01949	0.23373	0.56030	0.01208	0.01545	0.01522	0.01159	0.01616	0.01043	0.03934	0.00889	0.00525	0.00530	0.00164	0.00638	0.00504	0.00262	0.00758

[dist]
# distance from previous block
# <min> <max>
0	16

# created by:
# /home/berkeley/.conda/envs/busco_data_prod/bin/msa2prfl.pl pipeline/OGs_align_augustus/33634/1982.fs
