[name]
unknown

[dist]
# distance from previous block
# <min> <max>
0	457

[block]
# block no. 0 follows, 44 sequences, length 21
# corresponding to MSA columns:
# 463-483
name=unknown_A
#
# <colnr> <probs for GDERKNQSTAVLIFYWHMCP>
#	G	D	E	R	K	N	Q	S	T	A	V	L	I	F	Y	W	H	M	C	P
0	0.17344	0.01028	0.01305	0.01462	0.16287	0.03778	0.02773	0.04432	0.01229	0.06814	0.01662	0.07475	0.01615	0.00885	0.00632	0.00191	0.04934	0.20428	0.00400	0.05325
1	0.08326	0.01098	0.01485	0.16304	0.17575	0.01203	0.01119	0.11508	0.10163	0.05928	0.09037	0.02730	0.01436	0.00674	0.00599	0.00173	0.04501	0.01613	0.00401	0.04125
2	0.05979	0.01118	0.01500	0.09133	0.24360	0.01207	0.01129	0.13199	0.15997	0.02065	0.01704	0.03936	0.04345	0.04650	0.00669	0.00197	0.00552	0.07101	0.00407	0.00750
3	0.24402	0.01718	0.01379	0.05524	0.01625	0.32455	0.04121	0.06025	0.04837	0.03512	0.00961	0.01107	0.00758	0.00559	0.00503	0.00155	0.03323	0.00383	0.00332	0.06322
4	0.07656	0.00985	0.01260	0.05922	0.01478	0.04545	0.08188	0.07700	0.01358	0.13316	0.02613	0.06233	0.19851	0.00972	0.00666	0.00191	0.04921	0.11052	0.00457	0.00637
5	0.05847	0.01240	0.01010	0.04790	0.01250	0.23667	0.00729	0.04810	0.03390	0.01537	0.02269	0.26557	0.11859	0.07673	0.00763	0.00209	0.00567	0.00884	0.00406	0.00542
6	0.06044	0.01227	0.01497	0.09212	0.17002	0.03830	0.01077	0.14689	0.21950	0.02163	0.01387	0.01512	0.01076	0.00752	0.04158	0.00194	0.00595	0.00492	0.00404	0.10738
7	0.01326	0.01233	0.01810	0.19329	0.39483	0.04289	0.01395	0.06755	0.10738	0.01814	0.01213	0.01563	0.00994	0.04956	0.00664	0.00189	0.00641	0.00514	0.00322	0.00773
8	0.20665	0.01305	0.01490	0.01498	0.15851	0.01428	0.01024	0.32702	0.10701	0.06226	0.01278	0.01332	0.00946	0.00600	0.00498	0.00167	0.00542	0.00463	0.00453	0.00831
9	0.10858	0.01448	0.01466	0.01280	0.05780	0.19869	0.05054	0.06864	0.05640	0.34030	0.01516	0.01467	0.01047	0.00609	0.00517	0.00163	0.00628	0.00476	0.00484	0.00802
10	0.02189	0.01340	0.01521	0.01166	0.01598	0.01414	0.00963	0.52895	0.02251	0.26603	0.01571	0.01479	0.01059	0.00661	0.00546	0.00165	0.00558	0.00509	0.00586	0.00927
11	0.05508	0.01375	0.01520	0.01170	0.01599	0.01475	0.00966	0.56480	0.02275	0.19846	0.01473	0.01413	0.01007	0.00653	0.00538	0.00165	0.00563	0.00496	0.00566	0.00914
12	0.01814	0.39177	0.02181	0.01077	0.01526	0.01833	0.00966	0.34137	0.01785	0.09000	0.01123	0.01152	0.00857	0.00567	0.00453	0.00142	0.00580	0.00402	0.00409	0.00819
13	0.01742	0.02083	0.01701	0.04860	0.18129	0.51192	0.03822	0.01949	0.01452	0.01502	0.05742	0.01294	0.01025	0.00576	0.00519	0.00150	0.00852	0.00436	0.00297	0.00677
14	0.01055	0.00888	0.01049	0.00795	0.01206	0.00681	0.00622	0.01281	0.01144	0.01755	0.05560	0.10579	0.01383	0.00597	0.00452	0.00102	0.00385	0.00504	0.00360	0.69601
15	0.24409	0.23131	0.01701	0.01092	0.01420	0.31973	0.00904	0.01818	0.01213	0.01623	0.00789	0.00941	0.00672	0.00547	0.00496	0.00148	0.05878	0.00328	0.00281	0.00636
16	0.01085	0.01026	0.01736	0.66268	0.16582	0.01226	0.01542	0.01442	0.01116	0.01460	0.00979	0.01435	0.00751	0.00535	0.00544	0.00178	0.00713	0.00485	0.00247	0.00651
17	0.15784	0.01134	0.01676	0.06524	0.39700	0.01184	0.03533	0.05204	0.04203	0.02000	0.09115	0.04999	0.01409	0.00629	0.00526	0.00169	0.00555	0.00561	0.00350	0.00746
18	0.01427	0.05328	0.01318	0.20934	0.05113	0.00961	0.00952	0.01774	0.07108	0.24290	0.08144	0.04671	0.11660	0.00812	0.00568	0.00177	0.00498	0.03087	0.00475	0.00703
19	0.04656	0.11971	0.01544	0.06015	0.07587	0.08803	0.00897	0.05789	0.07019	0.01801	0.01039	0.01189	0.00846	0.00487	0.00442	0.00120	0.00538	0.00375	0.00328	0.38555
20	0.13098	0.07806	0.01891	0.06522	0.39920	0.11911	0.02557	0.01730	0.02971	0.01763	0.00965	0.01211	0.00798	0.00503	0.00486	0.00155	0.00650	0.00424	0.00285	0.04355

[dist]
# distance from previous block
# <min> <max>
0	6

[block]
# block no. 1 follows, 44 sequences, length 17
# corresponding to MSA columns:
# 490-506
name=unknown_B
#
# <colnr> <probs for GDERKNQSTAVLIFYWHMCP>
#	G	D	E	R	K	N	Q	S	T	A	V	L	I	F	Y	W	H	M	C	P
0	0.23535	0.01235	0.01289	0.01120	0.04794	0.08607	0.02858	0.13645	0.03518	0.24686	0.01440	0.05028	0.01077	0.00640	0.00490	0.00164	0.00535	0.00493	0.00473	0.04371
1	0.07119	0.02228	0.01554	0.01446	0.06015	0.55046	0.01057	0.15810	0.01679	0.01821	0.00935	0.01059	0.00747	0.00571	0.00495	0.00148	0.00858	0.00381	0.00333	0.00698
2	0.00965	0.00817	0.01127	0.01253	0.07537	0.04371	0.04402	0.01185	0.01198	0.01565	0.02443	0.20825	0.02676	0.01337	0.00770	0.00228	0.05427	0.40887	0.00446	0.00542
3	0.01030	0.00969	0.01635	0.79530	0.03755	0.01211	0.01514	0.01393	0.01090	0.01393	0.00969	0.01453	0.00727	0.00545	0.00545	0.00182	0.00727	0.00484	0.00242	0.00606
4	0.01713	0.43961	0.02269	0.01076	0.01523	0.01924	0.00973	0.32927	0.05097	0.02236	0.01056	0.01110	0.00839	0.00558	0.00442	0.00140	0.00583	0.00390	0.00379	0.00803
5	0.01647	0.01203	0.01893	0.14034	0.34942	0.03648	0.06677	0.03964	0.01358	0.23181	0.01342	0.01504	0.00974	0.00553	0.00549	0.00168	0.00637	0.00510	0.00388	0.00828
6	0.09226	0.16641	0.16482	0.01199	0.01707	0.01411	0.05962	0.17559	0.01534	0.21261	0.01291	0.01307	0.00908	0.00572	0.00492	0.00160	0.00607	0.00443	0.00422	0.00818
7	0.01356	0.01171	0.01233	0.01109	0.01418	0.01356	0.00863	0.02897	0.76455	0.02281	0.02219	0.02034	0.01664	0.00740	0.00555	0.00185	0.00431	0.00616	0.00555	0.00863
8	0.00655	0.00553	0.00567	0.00563	0.00743	0.00465	0.00423	0.00803	0.01268	0.01532	0.11487	0.05149	0.71217	0.01359	0.00644	0.00183	0.00275	0.01137	0.00514	0.00465
9	0.01846	0.01899	0.01735	0.05440	0.18396	0.40941	0.04677	0.02063	0.01431	0.13004	0.01096	0.01245	0.00843	0.00566	0.00550	0.00156	0.02616	0.00433	0.00335	0.00730
10	0.01030	0.00969	0.01635	0.79530	0.03755	0.01211	0.01514	0.01393	0.01090	0.01393	0.00969	0.01453	0.00727	0.00545	0.00545	0.00182	0.00727	0.00484	0.00242	0.00606
11	0.00662	0.00482	0.00625	0.00739	0.00786	0.00444	0.00497	0.00761	0.01063	0.01399	0.03246	0.73264	0.10670	0.01677	0.00691	0.00218	0.00312	0.01512	0.00506	0.00444
12	0.01646	0.01906	0.01852	0.02118	0.28340	0.39065	0.05551	0.01867	0.01358	0.01516	0.00990	0.03983	0.00870	0.00596	0.00611	0.00160	0.06112	0.00466	0.00282	0.00710
13	0.00858	0.00613	0.00855	0.00981	0.01097	0.00610	0.00843	0.01094	0.01235	0.01609	0.02898	0.13210	0.03182	0.01525	0.00748	0.00248	0.00484	0.66911	0.00502	0.00496
14	0.00779	0.00584	0.00876	0.00876	0.00974	0.00681	0.00681	0.00974	0.00876	0.01266	0.01460	0.02142	0.01363	0.04089	0.78680	0.00876	0.01460	0.00584	0.00292	0.00487
15	0.01321	0.01316	0.01630	0.39411	0.15104	0.14737	0.01326	0.07723	0.01360	0.01691	0.08111	0.01587	0.01175	0.00601	0.00544	0.00169	0.00704	0.00509	0.00312	0.00671
16	0.10956	0.02151	0.06744	0.01457	0.04448	0.45787	0.07277	0.09892	0.01528	0.03518	0.00951	0.01092	0.00744	0.00554	0.00498	0.00153	0.00840	0.00397	0.00320	0.00694

[dist]
# distance from previous block
# <min> <max>
0	1

[block]
# block no. 2 follows, 44 sequences, length 28
# corresponding to MSA columns:
# 508-535
name=unknown_C
#
# <colnr> <probs for GDERKNQSTAVLIFYWHMCP>
#	G	D	E	R	K	N	Q	S	T	A	V	L	I	F	Y	W	H	M	C	P
0	0.29483	0.01133	0.01577	0.16755	0.33681	0.01229	0.01231	0.01648	0.01124	0.05953	0.00984	0.01239	0.00771	0.00514	0.00473	0.00168	0.00577	0.00424	0.00309	0.00726
1	0.05051	0.00904	0.01119	0.00860	0.01260	0.00764	0.00694	0.01893	0.03320	0.32571	0.11971	0.01842	0.01638	0.00624	0.00496	0.00135	0.00409	0.00512	0.00510	0.33426
2	0.00831	0.00733	0.00916	0.01116	0.15013	0.00679	0.00684	0.01105	0.06384	0.01625	0.08435	0.04240	0.53913	0.01156	0.00619	0.00179	0.00355	0.00982	0.00471	0.00565
3	0.01048	0.00995	0.01639	0.70489	0.03486	0.01264	0.01477	0.01384	0.01061	0.01384	0.00940	0.01423	0.00725	0.00592	0.00689	0.00188	0.09886	0.00484	0.00242	0.00605
4	0.01858	0.26811	0.01949	0.01259	0.01597	0.55079	0.01016	0.02009	0.01410	0.01318	0.00817	0.00950	0.00701	0.00532	0.00448	0.00133	0.00860	0.00333	0.00266	0.00653
5	0.01374	0.01181	0.01982	0.21861	0.52183	0.01228	0.01552	0.01697	0.01234	0.08819	0.01117	0.01422	0.00875	0.00518	0.00542	0.00167	0.00650	0.00491	0.00301	0.00806
6	0.07433	0.10803	0.16674	0.02088	0.30146	0.05690	0.07825	0.01811	0.01241	0.09703	0.01081	0.01266	0.00831	0.00513	0.00506	0.00161	0.00677	0.00446	0.00306	0.00797
7	0.84691	0.01054	0.00801	0.00717	0.01054	0.01223	0.00590	0.01603	0.00928	0.02446	0.00759	0.00886	0.00590	0.00506	0.00337	0.00169	0.00422	0.00295	0.00337	0.00590
8	0.01264	0.01312	0.07163	0.05292	0.58714	0.01218	0.01536	0.01664	0.05173	0.01811	0.06503	0.01663	0.03123	0.00570	0.00549	0.00166	0.00613	0.00539	0.00310	0.00817
9	0.00730	0.00552	0.00673	0.00650	0.00791	0.00496	0.00485	0.00946	0.01435	0.01946	0.53257	0.07554	0.26059	0.01216	0.00646	0.00177	0.00265	0.01057	0.00569	0.00496
10	0.00733	0.00548	0.00680	0.00663	0.00795	0.00496	0.00491	0.00949	0.01429	0.01952	0.54209	0.11540	0.21049	0.01230	0.00648	0.00179	0.00267	0.01076	0.00570	0.00496
11	0.78865	0.01177	0.06183	0.00775	0.01145	0.01226	0.00690	0.01611	0.00943	0.02396	0.00774	0.00904	0.00597	0.00507	0.00350	0.00169	0.00448	0.00303	0.00330	0.00605
12	0.84691	0.01054	0.00801	0.00717	0.01054	0.01223	0.00590	0.01603	0.00928	0.02446	0.00759	0.00886	0.00590	0.00506	0.00337	0.00169	0.00422	0.00295	0.00337	0.00590
13	0.01686	0.08995	0.11193	0.01323	0.01784	0.01488	0.10472	0.35107	0.07946	0.07498	0.01345	0.01499	0.01015	0.05376	0.00670	0.00187	0.00637	0.00513	0.00440	0.00826
14	0.00718	0.00517	0.00673	0.00750	0.00778	0.00518	0.00499	0.00799	0.00968	0.01304	0.02532	0.55017	0.02990	0.20095	0.06371	0.00336	0.02989	0.01277	0.00443	0.00425
15	0.01112	0.00708	0.01019	0.10090	0.01470	0.00719	0.00941	0.01371	0.01278	0.12105	0.02563	0.05014	0.02612	0.01280	0.00701	0.00232	0.00523	0.55194	0.00496	0.00573
16	0.01201	0.00961	0.01124	0.06553	0.01460	0.06192	0.00965	0.15732	0.01518	0.01946	0.02306	0.04527	0.02373	0.01209	0.00680	0.00222	0.00570	0.49383	0.00477	0.00601
17	0.08451	0.03211	0.01658	0.14638	0.26389	0.05286	0.01206	0.05612	0.05555	0.16275	0.01270	0.01417	0.00943	0.00555	0.00512	0.00162	0.00595	0.00468	0.00380	0.05417
18	0.13698	0.40609	0.02060	0.01058	0.01440	0.25841	0.00917	0.01868	0.05396	0.01523	0.00866	0.00974	0.00738	0.00517	0.00404	0.00135	0.00676	0.00329	0.00281	0.00672
19	0.01162	0.01113	0.01896	0.46858	0.25869	0.01256	0.06565	0.01585	0.05328	0.01584	0.01065	0.01455	0.00827	0.00532	0.00551	0.00176	0.00700	0.00503	0.00270	0.00707
20	0.01794	0.01099	0.01585	0.01231	0.01622	0.01082	0.13974	0.11295	0.15626	0.32219	0.10749	0.02016	0.01713	0.00698	0.00577	0.00174	0.00530	0.00622	0.00557	0.00833
21	0.73674	0.01037	0.00863	0.00751	0.01100	0.01167	0.00619	0.01744	0.01013	0.12543	0.00946	0.01016	0.00692	0.00529	0.00366	0.00169	0.00427	0.00329	0.00383	0.00636
22	0.42018	0.23534	0.01546	0.00940	0.01300	0.19936	0.00795	0.01748	0.01125	0.01860	0.00779	0.00906	0.00647	0.00508	0.00378	0.00148	0.00600	0.00308	0.00295	0.00630
23	0.01163	0.01099	0.01896	0.13649	0.12858	0.01116	0.23050	0.06683	0.05886	0.01922	0.17618	0.02279	0.06910	0.00708	0.00601	0.00176	0.00616	0.00691	0.00390	0.00689
24	0.01448	0.08532	0.24427	0.01474	0.12358	0.01200	0.01283	0.02027	0.14018	0.16406	0.05934	0.01612	0.01278	0.00606	0.00520	0.00163	0.00581	0.00499	0.00403	0.05229
25	0.00691	0.00567	0.00617	0.00642	0.00814	0.00493	0.00506	0.00851	0.01245	0.01504	0.05001	0.05425	0.62562	0.01405	0.00666	0.00197	0.00321	0.15518	0.00505	0.00468
26	0.01475	0.13233	0.05762	0.01245	0.01631	0.08733	0.08372	0.02452	0.42636	0.06150	0.01693	0.01651	0.01279	0.00639	0.00525	0.00169	0.00576	0.00531	0.00443	0.00805
27	0.28601	0.07459	0.01383	0.01111	0.05391	0.10828	0.00859	0.13954	0.01466	0.22216	0.01239	0.01246	0.00882	0.00577	0.00457	0.00160	0.00555	0.00410	0.00441	0.00762

[dist]
# distance from previous block
# <min> <max>
0	3

[block]
# block no. 3 follows, 44 sequences, length 55
# corresponding to MSA columns:
# 539-593
name=unknown_D
#
# <colnr> <probs for GDERKNQSTAVLIFYWHMCP>
#	G	D	E	R	K	N	Q	S	T	A	V	L	I	F	Y	W	H	M	C	P
0	0.01450	0.01172	0.01343	0.01106	0.01472	0.01239	0.03566	0.19427	0.34374	0.03636	0.04662	0.01959	0.01505	0.00699	0.00541	0.00163	0.00481	0.04250	0.00500	0.16455
1	0.53164	0.01118	0.01048	0.00867	0.01240	0.01229	0.00715	0.15711	0.01358	0.17302	0.01133	0.01154	0.00801	0.00567	0.00417	0.00168	0.00463	0.00381	0.00442	0.00719
2	0.01030	0.00969	0.01635	0.79530	0.03755	0.01211	0.01514	0.01393	0.01090	0.01393	0.00969	0.01453	0.00727	0.00545	0.00545	0.00182	0.00727	0.00484	0.00242	0.00606
3	0.00690	0.00554	0.00616	0.00601	0.00765	0.00480	0.00451	0.00872	0.01352	0.01731	0.31486	0.04821	0.51094	0.01284	0.00644	0.00180	0.00269	0.01091	0.00540	0.00480
4	0.01809	0.01226	0.02338	0.01700	0.02193	0.01119	0.41831	0.02156	0.01410	0.36011	0.01575	0.01644	0.01062	0.00556	0.00601	0.00177	0.00714	0.00601	0.00455	0.00822
5	0.01130	0.00969	0.01130	0.00807	0.01292	0.00727	0.00646	0.01373	0.01130	0.01776	0.00969	0.01130	0.00807	0.00404	0.00404	0.00081	0.00404	0.00323	0.00323	0.84173
6	0.01549	0.68812	0.02650	0.01007	0.01444	0.14187	0.00952	0.01718	0.01177	0.01291	0.00771	0.00892	0.00700	0.00481	0.00372	0.00120	0.00646	0.00301	0.00241	0.00689
7	0.01030	0.00969	0.01635	0.79530	0.03755	0.01211	0.01514	0.01393	0.01090	0.01393	0.00969	0.01453	0.00727	0.00545	0.00545	0.00182	0.00727	0.00484	0.00242	0.00606
8	0.01069	0.01010	0.01707	0.70068	0.12906	0.01222	0.01534	0.01428	0.01109	0.01441	0.00976	0.01441	0.00744	0.00538	0.00544	0.00179	0.00717	0.00485	0.00246	0.00638
9	0.00947	0.00473	0.00710	0.00710	0.00710	0.00473	0.00473	0.00710	0.00710	0.00947	0.00947	0.01657	0.00947	0.01894	0.02131	0.84138	0.00473	0.00473	0.00237	0.00237
10	0.00793	0.00529	0.00595	0.00595	0.00595	0.00529	0.00330	0.00793	0.00793	0.01057	0.01718	0.03568	0.01982	0.80840	0.02775	0.00529	0.00529	0.00793	0.00330	0.00330
11	0.84691	0.01054	0.00801	0.00717	0.01054	0.01223	0.00590	0.01603	0.00928	0.02446	0.00759	0.00886	0.00590	0.00506	0.00337	0.00169	0.00422	0.00295	0.00337	0.00590
12	0.02037	0.02598	0.01545	0.01404	0.01685	0.78652	0.01053	0.02177	0.01545	0.01334	0.00843	0.00983	0.00702	0.00562	0.00492	0.00140	0.00983	0.00351	0.00281	0.00632
13	0.01356	0.01171	0.01233	0.01109	0.01418	0.01356	0.00863	0.02897	0.76455	0.02281	0.02219	0.02034	0.01664	0.00740	0.00555	0.00185	0.00431	0.00616	0.00555	0.00863
14	0.01030	0.00969	0.01635	0.79530	0.03755	0.01211	0.01514	0.01393	0.01090	0.01393	0.00969	0.01453	0.00727	0.00545	0.00545	0.00182	0.00727	0.00484	0.00242	0.00606
15	0.00852	0.00647	0.00795	0.00747	0.00902	0.00637	0.00563	0.01293	0.12860	0.02146	0.60517	0.06402	0.07352	0.01088	0.00631	0.00176	0.00286	0.00955	0.00586	0.00563
16	0.00721	0.00555	0.00659	0.00633	0.00784	0.00493	0.00475	0.00931	0.01424	0.01904	0.48812	0.04537	0.33660	0.01220	0.00644	0.00176	0.00265	0.01051	0.00563	0.00493
17	0.52116	0.10840	0.01250	0.00934	0.03195	0.03662	0.00754	0.10856	0.08256	0.02362	0.00973	0.01059	0.00756	0.00543	0.00395	0.00162	0.00486	0.00355	0.00367	0.00679
18	0.06634	0.01326	0.02431	0.01758	0.02265	0.01247	0.46000	0.08503	0.01378	0.08036	0.01163	0.01396	0.00860	0.00489	0.00569	0.00163	0.00740	0.00549	0.00344	0.14151
19	0.08275	0.01555	0.14869	0.03805	0.37351	0.04308	0.01461	0.01851	0.12509	0.01847	0.01146	0.01357	0.00913	0.00566	0.00602	0.00172	0.05836	0.00470	0.00309	0.00799
20	0.01235	0.06330	0.58055	0.01702	0.09922	0.01288	0.05286	0.01778	0.01191	0.06706	0.01055	0.01219	0.00758	0.00520	0.00520	0.00169	0.00762	0.00427	0.00266	0.00811
21	0.00664	0.00474	0.00633	0.00759	0.00791	0.00443	0.00506	0.00759	0.01044	0.01392	0.03005	0.80485	0.03606	0.01708	0.00696	0.00221	0.00316	0.01550	0.00506	0.00443
22	0.01439	0.77201	0.06662	0.00964	0.01448	0.02112	0.00988	0.01637	0.01110	0.01305	0.00769	0.00889	0.00699	0.00469	0.00358	0.00119	0.00594	0.00297	0.00233	0.00705
23	0.01400	0.06598	0.04603	0.12694	0.43266	0.05812	0.03364	0.01825	0.07941	0.05563	0.01153	0.01394	0.00915	0.00529	0.00529	0.00164	0.00657	0.00481	0.00309	0.00803
24	0.00793	0.00529	0.00595	0.00595	0.00595	0.00529	0.00330	0.00793	0.00793	0.01057	0.01718	0.03568	0.01982	0.80840	0.02775	0.00529	0.00529	0.00793	0.00330	0.00330
25	0.01030	0.00969	0.01635	0.79530	0.03755	0.01211	0.01514	0.01393	0.01090	0.01393	0.00969	0.01453	0.00727	0.00545	0.00545	0.00182	0.00727	0.00484	0.00242	0.00606
26	0.01473	0.02588	0.42572	0.01551	0.02140	0.28322	0.07576	0.04489	0.01349	0.01651	0.00953	0.01124	0.00714	0.00533	0.00520	0.00162	0.00870	0.00407	0.00263	0.00744
27	0.01199	0.02582	0.66652	0.01578	0.02337	0.01245	0.08146	0.01789	0.01189	0.06723	0.01066	0.01224	0.00745	0.00523	0.00531	0.00173	0.00793	0.00433	0.00263	0.00808
28	0.00871	0.00623	0.00869	0.00983	0.01109	0.00620	0.00855	0.01123	0.01274	0.01668	0.07762	0.06013	0.03269	0.01480	0.00746	0.00246	0.00486	0.68992	0.00508	0.00503
29	0.01831	0.01397	0.01484	0.07734	0.01754	0.07403	0.01009	0.35479	0.20807	0.11596	0.01563	0.01541	0.01125	0.00667	0.00566	0.00171	0.01989	0.00518	0.00512	0.00856
30	0.01060	0.02703	0.16702	0.01335	0.11513	0.00983	0.01061	0.04870	0.14443	0.01900	0.15399	0.19976	0.03884	0.00952	0.00591	0.00183	0.00486	0.00833	0.00441	0.00685
31	0.01360	0.01236	0.02071	0.08262	0.39319	0.01256	0.13858	0.07477	0.06488	0.04523	0.07531	0.01665	0.01280	0.00575	0.00568	0.00170	0.00642	0.00565	0.00351	0.00801
32	0.01757	0.00997	0.04353	0.01177	0.04628	0.00861	0.08797	0.03938	0.02698	0.40405	0.19640	0.02403	0.02189	0.00766	0.00585	0.00173	0.00489	0.02785	0.00570	0.00789
33	0.02305	0.01172	0.04468	0.01049	0.01475	0.06195	0.00888	0.08254	0.03551	0.61772	0.01950	0.01730	0.01254	0.00661	0.00543	0.00167	0.00523	0.00526	0.00617	0.00901
34	0.01506	0.74609	0.02747	0.00972	0.01423	0.08544	0.00943	0.01678	0.01144	0.01287	0.00765	0.00884	0.00700	0.00474	0.00362	0.00119	0.00616	0.00296	0.00237	0.00694
35	0.01130	0.00969	0.01130	0.00807	0.01292	0.00727	0.00646	0.01373	0.01130	0.01776	0.00969	0.01130	0.00807	0.00404	0.00404	0.00081	0.00404	0.00323	0.00323	0.84173
36	0.00788	0.00576	0.00837	0.00837	0.00927	0.00661	0.00639	0.00967	0.00878	0.01274	0.01495	0.02268	0.01421	0.10993	0.68973	0.00818	0.01332	0.00601	0.03240	0.00473
37	0.02092	0.01420	0.01560	0.01205	0.01632	0.01541	0.00992	0.61058	0.06155	0.14470	0.01481	0.01427	0.01027	0.00662	0.00546	0.00165	0.00571	0.00506	0.00565	0.00924
38	0.00756	0.00557	0.00707	0.00669	0.00805	0.00508	0.00502	0.00998	0.01506	0.02098	0.68336	0.04217	0.14015	0.01147	0.00643	0.00173	0.00260	0.01006	0.00589	0.00508
39	0.00765	0.00552	0.00722	0.00691	0.00813	0.00510	0.00514	0.01011	0.01510	0.02134	0.72285	0.09088	0.05043	0.01153	0.00646	0.00175	0.00261	0.01023	0.00594	0.00510
40	0.00680	0.00486	0.00646	0.00749	0.00794	0.00453	0.00507	0.00798	0.01115	0.01506	0.13637	0.69527	0.03826	0.01623	0.00688	0.00214	0.00308	0.01469	0.00520	0.00453
41	0.01256	0.01156	0.01713	0.54309	0.17152	0.07330	0.01463	0.01585	0.01183	0.06194	0.01043	0.01422	0.00789	0.00543	0.00540	0.00174	0.00716	0.00478	0.00277	0.00676
42	0.01284	0.03951	0.01603	0.34994	0.02524	0.01355	0.04940	0.09163	0.30366	0.01947	0.01484	0.01644	0.01112	0.00624	0.00547	0.00179	0.00605	0.00537	0.00394	0.00746
43	0.01210	0.01153	0.01961	0.36500	0.45374	0.01259	0.01604	0.01551	0.01176	0.01612	0.01001	0.01395	0.00804	0.00512	0.00542	0.00171	0.00682	0.00485	0.00258	0.00751
44	0.01370	0.01267	0.02147	0.07016	0.66370	0.01278	0.03756	0.01736	0.03749	0.04414	0.01104	0.01398	0.00899	0.00503	0.00544	0.00165	0.00646	0.00497	0.00292	0.00849
45	0.00671	0.00490	0.00631	0.00729	0.00786	0.00451	0.00496	0.00784	0.01109	0.01467	0.09488	0.65350	0.12300	0.01620	0.00685	0.00213	0.00307	0.01456	0.00514	0.00451
46	0.01130	0.00969	0.01130	0.00807	0.01292	0.00727	0.00646	0.01373	0.01130	0.01776	0.00969	0.01130	0.00807	0.00404	0.00404	0.00081	0.00404	0.00323	0.00323	0.84173
47	0.00882	0.00639	0.00872	0.00975	0.01104	0.00642	0.00835	0.01181	0.04452	0.01687	0.08085	0.09184	0.03237	0.01455	0.00734	0.00241	0.00473	0.62295	0.00511	0.00515
48	0.60075	0.01133	0.01012	0.00848	0.01213	0.01270	0.00699	0.16080	0.01311	0.10501	0.01011	0.01069	0.00735	0.00552	0.00400	0.00168	0.00461	0.00360	0.00413	0.00691
49	0.00664	0.00474	0.00633	0.00759	0.00791	0.00443	0.00506	0.00759	0.01044	0.01392	0.03005	0.80485	0.03606	0.01708	0.00696	0.00221	0.00316	0.01550	0.00506	0.00443
50	0.00674	0.00501	0.00628	0.00707	0.00783	0.00456	0.00488	0.00798	0.01148	0.01510	0.12966	0.55316	0.18904	0.01565	0.00679	0.00207	0.00301	0.01396	0.00518	0.00456
51	0.01353	0.01344	0.02254	0.05694	0.04799	0.04582	0.36947	0.09757	0.14427	0.02000	0.05148	0.01943	0.01329	0.00635	0.00609	0.00183	0.00726	0.05143	0.00381	0.00746
52	0.01362	0.44366	0.29843	0.01185	0.01766	0.01772	0.01327	0.06575	0.04317	0.01625	0.00934	0.01051	0.00751	0.00509	0.00432	0.00143	0.00658	0.00358	0.00266	0.00760
53	0.02046	0.01287	0.01546	0.01251	0.04713	0.01325	0.03082	0.40961	0.05172	0.25583	0.01563	0.01499	0.01073	0.00636	0.00541	0.00162	0.00551	0.00507	0.00552	0.05949
54	0.01660	0.11994	0.21928	0.01393	0.07740	0.02476	0.03985	0.04762	0.11728	0.24686	0.01491	0.01479	0.01052	0.00590	0.00517	0.00165	0.00609	0.00479	0.00426	0.00840

[dist]
# distance from previous block
# <min> <max>
2	64

[block]
# block no. 4 follows, 44 sequences, length 19
# corresponding to MSA columns:
# 658-676
name=unknown_E
#
# <colnr> <probs for GDERKNQSTAVLIFYWHMCP>
#	G	D	E	R	K	N	Q	S	T	A	V	L	I	F	Y	W	H	M	C	P
0	0.04278	0.01303	0.05365	0.04919	0.06383	0.05736	0.04622	0.15384	0.14450	0.21034	0.06689	0.01726	0.01386	0.00654	0.00543	0.00167	0.00559	0.00542	0.00493	0.03766
1	0.01341	0.01118	0.01763	0.44682	0.18742	0.03246	0.03844	0.04253	0.01241	0.10590	0.01127	0.01455	0.00839	0.00561	0.00581	0.00176	0.02922	0.00494	0.00312	0.00714
2	0.01330	0.01167	0.11339	0.01238	0.03701	0.03286	0.05788	0.07510	0.01421	0.14354	0.05782	0.03701	0.02155	0.01027	0.00645	0.00206	0.00577	0.33621	0.00475	0.00676
3	0.16303	0.05152	0.06403	0.01814	0.26319	0.12299	0.01179	0.01935	0.01274	0.18158	0.01170	0.01285	0.00874	0.00556	0.00527	0.00162	0.03014	0.00432	0.00365	0.00777
4	0.00874	0.00532	0.00703	0.00774	0.00859	0.00486	0.00536	0.00985	0.01115	0.10432	0.03027	0.67516	0.06931	0.01570	0.00676	0.00213	0.00332	0.01412	0.00526	0.00501
5	0.00875	0.00528	0.00707	0.00784	0.00862	0.00485	0.00541	0.00983	0.01105	0.10428	0.02904	0.71188	0.03339	0.01586	0.00678	0.00215	0.00334	0.01431	0.00526	0.00500
6	0.05179	0.06734	0.35800	0.10578	0.02138	0.01237	0.04303	0.04059	0.06663	0.10674	0.01327	0.01666	0.01019	0.00622	0.00531	0.00176	0.00675	0.05513	0.00342	0.00764
7	0.01675	0.01495	0.01635	0.01340	0.01708	0.14930	0.11607	0.13377	0.34508	0.09323	0.01676	0.01644	0.01236	0.00650	0.00554	0.00172	0.00626	0.00549	0.00477	0.00820
8	0.10990	0.02527	0.64225	0.01501	0.02236	0.01268	0.06423	0.01713	0.01133	0.01813	0.00960	0.01140	0.00687	0.00513	0.00504	0.00173	0.00767	0.00405	0.00246	0.00776
9	0.11470	0.01261	0.01336	0.01043	0.01463	0.01314	0.00848	0.35318	0.12612	0.02681	0.01279	0.01313	0.00960	0.00578	0.00482	0.00144	0.00499	0.00438	0.00459	0.24503
10	0.00788	0.00548	0.00692	0.00692	0.00725	0.00581	0.00451	0.00855	0.00822	0.01129	0.01629	0.03076	0.01768	0.54366	0.28957	0.00648	0.00850	0.00721	0.00317	0.00384
11	0.01353	0.12095	0.34860	0.03837	0.11118	0.03616	0.12784	0.08340	0.01325	0.04153	0.01036	0.01227	0.00776	0.00518	0.00522	0.00164	0.00750	0.00448	0.00286	0.00793
12	0.06598	0.15366	0.17837	0.05059	0.04371	0.03777	0.09028	0.09845	0.01266	0.04695	0.00967	0.01189	0.00764	0.00611	0.00746	0.00175	0.16239	0.00437	0.00299	0.00731
13	0.01500	0.00869	0.01061	0.00911	0.01191	0.00870	0.00717	0.02142	0.24895	0.26892	0.29329	0.02714	0.02822	0.00854	0.00585	0.00175	0.00379	0.00728	0.00610	0.00758
14	0.00786	0.00526	0.00597	0.00603	0.00605	0.00524	0.00340	0.00791	0.00806	0.01075	0.01787	0.07717	0.02070	0.76572	0.02663	0.00512	0.00517	0.00834	0.00340	0.00336
15	0.56978	0.03408	0.01036	0.00871	0.01210	0.11973	0.00704	0.01878	0.06299	0.09806	0.01011	0.01075	0.00759	0.00546	0.00395	0.00164	0.00509	0.00350	0.00376	0.00652
16	0.25844	0.01245	0.01464	0.01670	0.25029	0.05371	0.01030	0.10366	0.01331	0.08403	0.01056	0.01200	0.00815	0.00519	0.00460	0.00152	0.00544	0.00405	0.00363	0.12731
17	0.13116	0.03848	0.02179	0.02518	0.43443	0.01344	0.15957	0.06303	0.01290	0.03402	0.01034	0.01300	0.00826	0.00497	0.00526	0.00166	0.00661	0.00485	0.00304	0.00800
18	0.13587	0.01121	0.01469	0.29870	0.09462	0.01277	0.01162	0.21883	0.01526	0.02214	0.06393	0.01731	0.01198	0.00650	0.00531	0.00176	0.00596	0.04070	0.00380	0.00705

[dist]
# distance from previous block
# <min> <max>
0	3

[block]
# block no. 5 follows, 44 sequences, length 8
# corresponding to MSA columns:
# 680-687
name=unknown_F
#
# <colnr> <probs for GDERKNQSTAVLIFYWHMCP>
#	G	D	E	R	K	N	Q	S	T	A	V	L	I	F	Y	W	H	M	C	P
0	0.05069	0.01294	0.01535	0.13043	0.06920	0.06541	0.04717	0.23277	0.16718	0.06361	0.07687	0.01705	0.01378	0.00661	0.00548	0.00171	0.00587	0.00549	0.00455	0.00784
1	0.01113	0.01109	0.01729	0.69460	0.03560	0.06368	0.06154	0.01467	0.01133	0.01411	0.00969	0.01423	0.00731	0.00541	0.00548	0.00179	0.00756	0.00486	0.00247	0.00616
2	0.01349	0.01295	0.02213	0.03346	0.77440	0.01295	0.01673	0.01673	0.01241	0.01781	0.01025	0.01349	0.00864	0.00486	0.00540	0.00162	0.00648	0.00486	0.00270	0.00864
3	0.01030	0.00969	0.01635	0.79530	0.03755	0.01211	0.01514	0.01393	0.01090	0.01393	0.00969	0.01453	0.00727	0.00545	0.00545	0.00182	0.00727	0.00484	0.00242	0.00606
4	0.01466	0.00749	0.00972	0.00812	0.01096	0.00655	0.00650	0.01704	0.01444	0.30104	0.28346	0.02824	0.02727	0.00842	0.00561	0.00160	0.00368	0.05285	0.07509	0.11724
5	0.01487	0.01353	0.02089	0.03018	0.66002	0.06476	0.01559	0.01789	0.01288	0.08074	0.01107	0.01367	0.00893	0.00507	0.00537	0.00161	0.00655	0.00482	0.00304	0.00853
6	0.00715	0.00648	0.05522	0.00785	0.00894	0.00516	0.00603	0.00867	0.01117	0.01492	0.09930	0.53666	0.11167	0.04951	0.00767	0.00225	0.00356	0.04820	0.00490	0.00472
7	0.08719	0.17813	0.05368	0.01069	0.01517	0.06622	0.02996	0.16533	0.01522	0.18894	0.01233	0.01254	0.00899	0.00553	0.00465	0.00143	0.00568	0.00412	0.00419	0.13002

[dist]
# distance from previous block
# <min> <max>
1	56

[block]
# block no. 6 follows, 44 sequences, length 21
# corresponding to MSA columns:
# 748-768
name=unknown_G
#
# <colnr> <probs for GDERKNQSTAVLIFYWHMCP>
#	G	D	E	R	K	N	Q	S	T	A	V	L	I	F	Y	W	H	M	C	P
0	0.15339	0.08546	0.01435	0.01150	0.04372	0.10089	0.00895	0.19630	0.16893	0.04783	0.01446	0.04893	0.01190	0.00686	0.00500	0.00165	0.00553	0.03545	0.00438	0.03451
1	0.20855	0.44113	0.02024	0.00904	0.01324	0.01703	0.00829	0.09077	0.01230	0.04788	0.00944	0.03211	0.00811	0.00534	0.00387	0.00136	0.00524	0.00360	0.00319	0.05928
2	0.00728	0.00536	0.00769	0.00825	0.00893	0.00577	0.00604	0.00879	0.00950	0.01321	0.02139	0.36584	0.02349	0.03042	0.44395	0.00588	0.00957	0.01009	0.00386	0.00467
3	0.10732	0.06155	0.26032	0.01163	0.01687	0.01166	0.01208	0.10527	0.01433	0.27866	0.01488	0.01650	0.01072	0.00639	0.00516	0.00171	0.00594	0.04641	0.00445	0.00815
4	0.06721	0.09123	0.04945	0.01287	0.09303	0.01237	0.00996	0.17468	0.04638	0.36380	0.01595	0.01514	0.01088	0.00617	0.00514	0.00163	0.00534	0.00487	0.00519	0.00871
5	0.00675	0.00489	0.00640	0.00757	0.00806	0.00455	0.00520	0.00782	0.01072	0.01412	0.03199	0.70230	0.09453	0.01670	0.00695	0.00220	0.00324	0.05649	0.00506	0.00448
6	0.01030	0.00588	0.00781	0.00782	0.00911	0.00540	0.00570	0.01189	0.01257	0.15319	0.21235	0.38774	0.03461	0.06144	0.00785	0.00220	0.00351	0.04972	0.00549	0.00544
7	0.05448	0.03155	0.01840	0.01586	0.09932	0.17882	0.13448	0.16902	0.01643	0.20825	0.01318	0.01379	0.00941	0.00579	0.00538	0.00162	0.00699	0.00488	0.00431	0.00806
8	0.01439	0.09019	0.01728	0.20040	0.11820	0.01285	0.05338	0.11476	0.10969	0.10739	0.07562	0.01787	0.03138	0.00645	0.00543	0.00169	0.00580	0.00556	0.00411	0.00757
9	0.02058	0.00843	0.01135	0.00899	0.01257	0.00733	0.00731	0.02275	0.01544	0.60511	0.16238	0.02412	0.05280	0.00787	0.00570	0.00170	0.00417	0.00655	0.00654	0.00831
10	0.02768	0.01662	0.11894	0.07949	0.05834	0.09410	0.29127	0.11332	0.06716	0.06108	0.01202	0.01403	0.00887	0.00543	0.00570	0.00173	0.00776	0.00531	0.00344	0.00771
11	0.01370	0.03304	0.22890	0.01924	0.21163	0.01231	0.11936	0.05881	0.06923	0.09240	0.07558	0.01626	0.01273	0.00589	0.00555	0.00170	0.00659	0.00539	0.00362	0.00807
12	0.07663	0.01617	0.10354	0.11605	0.17189	0.08715	0.07228	0.25029	0.01639	0.02252	0.01072	0.01269	0.00809	0.00557	0.00529	0.00166	0.00697	0.00464	0.00355	0.00793
13	0.01640	0.04755	0.01836	0.04573	0.04325	0.06312	0.17106	0.07975	0.08586	0.20838	0.02628	0.01790	0.01206	0.00825	0.04306	0.00211	0.06276	0.03610	0.00433	0.00767
14	0.05350	0.16892	0.24846	0.01682	0.18028	0.02566	0.03686	0.03879	0.01272	0.12306	0.03759	0.01340	0.00982	0.00546	0.00495	0.00159	0.00645	0.00444	0.00330	0.00793
15	0.01369	0.08476	0.04308	0.01636	0.19700	0.01330	0.02864	0.07073	0.32230	0.04172	0.09584	0.01882	0.01640	0.00672	0.00542	0.00169	0.00516	0.00578	0.00447	0.00812
16	0.00821	0.00641	0.00939	0.00915	0.00997	0.00771	0.00712	0.00997	0.00867	0.01258	0.01401	0.02129	0.01334	0.08133	0.66772	0.00793	0.09157	0.00585	0.00289	0.00489
17	0.04540	0.15711	0.44778	0.01427	0.02049	0.01420	0.08894	0.03122	0.03241	0.01734	0.04325	0.01282	0.00930	0.00555	0.00551	0.00167	0.03807	0.00439	0.00271	0.00755
18	0.01605	0.04565	0.27309	0.01454	0.08774	0.05242	0.01337	0.07644	0.15263	0.19103	0.01486	0.01485	0.01053	0.00602	0.00528	0.00169	0.00631	0.00483	0.00420	0.00845
19	0.04647	0.01063	0.03963	0.04462	0.35904	0.00987	0.01170	0.01587	0.01289	0.12104	0.11138	0.05806	0.06748	0.00732	0.00559	0.00168	0.00518	0.02416	0.00402	0.04339
20	0.32050	0.01677	0.11910	0.01105	0.01464	0.23039	0.04035	0.01671	0.01150	0.01812	0.00994	0.05612	0.00867	0.00768	0.03055	0.04110	0.00684	0.00431	0.00307	0.03260

[dist]
# distance from previous block
# <min> <max>
7	50

[block]
# block no. 7 follows, 44 sequences, length 148
# corresponding to MSA columns:
# 819-966
name=unknown_H
#
# <colnr> <probs for GDERKNQSTAVLIFYWHMCP>
#	G	D	E	R	K	N	Q	S	T	A	V	L	I	F	Y	W	H	M	C	P
0	0.19752	0.13265	0.35800	0.04356	0.01868	0.03048	0.02482	0.04608	0.02306	0.03829	0.03390	0.01197	0.00856	0.00541	0.00463	0.00163	0.00652	0.00398	0.00297	0.00730
1	0.01013	0.04437	0.11894	0.07402	0.01701	0.00954	0.15026	0.01416	0.05904	0.01816	0.23000	0.06459	0.06256	0.00834	0.00621	0.02310	0.00532	0.00732	0.04714	0.02979
2	0.08120	0.43924	0.17797	0.01050	0.01541	0.01703	0.01092	0.05199	0.04537	0.04673	0.01000	0.01183	0.00835	0.04659	0.00535	0.00161	0.00602	0.00375	0.00293	0.00721
3	0.11687	0.00755	0.02787	0.03916	0.00999	0.00761	0.00586	0.04651	0.04060	0.05374	0.01370	0.02284	0.01343	0.30970	0.05754	0.20767	0.00561	0.00585	0.00338	0.00453
4	0.01180	0.01160	0.05126	0.27024	0.30448	0.01201	0.01402	0.04497	0.04220	0.01770	0.11146	0.01752	0.01406	0.00630	0.00619	0.00175	0.04645	0.00553	0.00324	0.00721
5	0.03416	0.27394	0.12716	0.03085	0.03494	0.01423	0.02790	0.01550	0.01161	0.08091	0.08400	0.05004	0.04318	0.00713	0.00668	0.00164	0.11857	0.00528	0.00336	0.02893
6	0.04597	0.01895	0.39337	0.01503	0.09946	0.01137	0.01473	0.06347	0.05165	0.07796	0.03443	0.09097	0.01322	0.00718	0.00549	0.00179	0.00640	0.03730	0.00358	0.00768
7	0.05479	0.00924	0.01307	0.08747	0.20046	0.00951	0.00977	0.01682	0.11656	0.11149	0.21903	0.08868	0.02385	0.00822	0.00574	0.00176	0.00459	0.00725	0.00467	0.00704
8	0.01555	0.01304	0.01836	0.21960	0.28547	0.01431	0.01380	0.30972	0.01728	0.02339	0.01124	0.01360	0.00854	0.00568	0.00543	0.00168	0.00649	0.00487	0.00372	0.00823
9	0.01367	0.29282	0.08145	0.01334	0.05363	0.03651	0.01162	0.01600	0.03029	0.04852	0.00875	0.01133	0.00769	0.00697	0.01001	0.00180	0.34196	0.00411	0.00267	0.00686
10	0.04701	0.62032	0.08020	0.01037	0.04391	0.01874	0.00986	0.01576	0.01134	0.01430	0.04401	0.01245	0.04206	0.00541	0.00395	0.00130	0.00567	0.00376	0.00267	0.00691
11	0.00720	0.00516	0.00668	0.00708	0.00782	0.00481	0.00492	0.00877	0.01239	0.01701	0.34373	0.39234	0.06192	0.08400	0.00855	0.00226	0.00309	0.01233	0.00530	0.00464
12	0.00781	0.00526	0.00611	0.00622	0.00630	0.00528	0.00362	0.00798	0.00819	0.01096	0.01819	0.10258	0.02095	0.70262	0.06178	0.00518	0.00554	0.00849	0.00344	0.00348
13	0.01572	0.08930	0.06359	0.01141	0.01445	0.27205	0.00935	0.06434	0.11555	0.08728	0.01651	0.18544	0.01538	0.00840	0.00542	0.00168	0.00643	0.00673	0.00412	0.00685
14	0.01446	0.01263	0.02130	0.03137	0.70758	0.01252	0.01597	0.01760	0.01269	0.08462	0.01124	0.01394	0.00906	0.00502	0.00540	0.00163	0.00632	0.00491	0.00305	0.00869
15	0.84691	0.01054	0.00801	0.00717	0.01054	0.01223	0.00590	0.01603	0.00928	0.02446	0.00759	0.00886	0.00590	0.00506	0.00337	0.00169	0.00422	0.00295	0.00337	0.00590
16	0.01287	0.01471	0.03217	0.02298	0.02849	0.01379	0.75460	0.01746	0.01287	0.01746	0.01103	0.01471	0.00827	0.00460	0.00643	0.00184	0.00919	0.00643	0.00276	0.00735
17	0.02072	0.01527	0.01636	0.01254	0.01691	0.01691	0.01036	0.75622	0.02563	0.03436	0.01309	0.01309	0.00927	0.00654	0.00545	0.00164	0.00600	0.00491	0.00545	0.00927
18	0.01318	0.01188	0.02008	0.23869	0.53606	0.01247	0.01586	0.01647	0.01217	0.05542	0.01067	0.01403	0.00851	0.00511	0.00542	0.00168	0.00660	0.00489	0.00283	0.00797
19	0.01030	0.00969	0.01635	0.79530	0.03755	0.01211	0.01514	0.01393	0.01090	0.01393	0.00969	0.01453	0.00727	0.00545	0.00545	0.00182	0.00727	0.00484	0.00242	0.00606
20	0.00644	0.00552	0.00552	0.00552	0.00736	0.00460	0.00414	0.00782	0.01243	0.01473	0.05523	0.05247	0.77218	0.01381	0.00644	0.00184	0.00276	0.01151	0.00506	0.00460
21	0.00932	0.00483	0.00725	0.00725	0.00733	0.00492	0.00492	0.00733	0.00725	0.00975	0.00992	0.01700	0.00984	0.02087	0.08857	0.76823	0.00560	0.00483	0.00242	0.00259
22	0.61585	0.01187	0.01032	0.00878	0.01232	0.07968	0.03608	0.01820	0.01093	0.13834	0.00993	0.01065	0.00726	0.00535	0.00395	0.00167	0.00497	0.00352	0.00382	0.00651
23	0.01093	0.02820	0.78016	0.01554	0.02360	0.01266	0.02014	0.01727	0.01151	0.01727	0.00978	0.01151	0.00691	0.00518	0.00518	0.00173	0.00806	0.00403	0.00230	0.00806
24	0.00682	0.00482	0.00627	0.00736	0.00763	0.00455	0.00481	0.00764	0.01008	0.01344	0.02823	0.69629	0.03377	0.12876	0.00989	0.00265	0.00346	0.01443	0.00481	0.00427
25	0.00781	0.00576	0.00836	0.00836	0.00920	0.00660	0.00632	0.00948	0.00864	0.01236	0.01497	0.02343	0.01450	0.14924	0.67964	0.00827	0.01329	0.00614	0.00297	0.00465
26	0.01349	0.01295	0.02213	0.03346	0.77440	0.01295	0.01673	0.01673	0.01241	0.01781	0.01025	0.01349	0.00864	0.00486	0.00540	0.00162	0.00648	0.00486	0.00270	0.00864
27	0.00772	0.00557	0.00729	0.00686	0.00814	0.00514	0.00514	0.01029	0.01543	0.02186	0.77152	0.04072	0.05144	0.01115	0.00643	0.00171	0.00257	0.00986	0.00600	0.00514
28	0.00673	0.00488	0.00635	0.00736	0.00789	0.00451	0.00500	0.00786	0.01105	0.01471	0.10046	0.67643	0.09408	0.01628	0.00687	0.00214	0.00308	0.01467	0.00515	0.00451
29	0.01458	0.81168	0.02857	0.00933	0.01399	0.02157	0.00933	0.01632	0.01108	0.01283	0.00758	0.00875	0.00700	0.00466	0.00350	0.00117	0.00583	0.00292	0.00233	0.00700
30	0.01109	0.00598	0.00607	0.00574	0.00728	0.00612	0.00439	0.07803	0.01268	0.02156	0.01737	0.01969	0.01356	0.00637	0.00396	0.00130	0.00284	0.00507	0.76546	0.00545
31	0.02072	0.01527	0.01636	0.01254	0.01691	0.01691	0.01036	0.75622	0.02563	0.03436	0.01309	0.01309	0.00927	0.00654	0.00545	0.00164	0.00600	0.00491	0.00545	0.00927
32	0.01458	0.81168	0.02857	0.00933	0.01399	0.02157	0.00933	0.01632	0.01108	0.01283	0.00758	0.00875	0.00700	0.00466	0.00350	0.00117	0.00583	0.00292	0.00233	0.00700
33	0.00772	0.00557	0.00729	0.00686	0.00814	0.00514	0.00514	0.01029	0.01543	0.02186	0.77152	0.04072	0.05144	0.01115	0.00643	0.00171	0.00257	0.00986	0.00600	0.00514
34	0.00755	0.00557	0.00706	0.00668	0.00804	0.00507	0.00501	0.00996	0.01504	0.02092	0.67720	0.04227	0.14635	0.01150	0.00643	0.00173	0.00260	0.01008	0.00588	0.00507
35	0.00662	0.00531	0.00591	0.00623	0.00759	0.00460	0.00450	0.00798	0.01214	0.01515	0.11378	0.26546	0.49661	0.01449	0.00659	0.00194	0.00286	0.01249	0.00515	0.00460
36	0.01238	0.01491	0.09113	0.01937	0.02322	0.01469	0.43741	0.01596	0.01121	0.01596	0.00960	0.01348	0.00777	0.00634	0.01025	0.00202	0.27912	0.00566	0.00259	0.00694
37	0.00754	0.00557	0.00704	0.00667	0.00804	0.00507	0.00501	0.00995	0.01502	0.02087	0.67220	0.04235	0.15137	0.01151	0.00643	0.00173	0.00260	0.01009	0.00587	0.00507
38	0.00676	0.00503	0.00631	0.00714	0.00790	0.00458	0.00497	0.00799	0.01139	0.01490	0.10432	0.55109	0.19628	0.01577	0.00681	0.00210	0.00307	0.03388	0.00515	0.00455
39	0.01458	0.81168	0.02857	0.00933	0.01399	0.02157	0.00933	0.01632	0.01108	0.01283	0.00758	0.00875	0.00700	0.00466	0.00350	0.00117	0.00583	0.00292	0.00233	0.00700
40	0.02380	0.00913	0.01244	0.00959	0.01369	0.00790	0.00790	0.02593	0.01560	0.74842	0.05101	0.01943	0.01499	0.00692	0.00552	0.00169	0.00456	0.00565	0.00672	0.00912
41	0.01030	0.00969	0.01635	0.79530	0.03755	0.01211	0.01514	0.01393	0.01090	0.01393	0.00969	0.01453	0.00727	0.00545	0.00545	0.00182	0.00727	0.00484	0.00242	0.00606
42	0.01889	0.22577	0.01879	0.01285	0.01613	0.59201	0.01023	0.02039	0.01434	0.01321	0.00821	0.00956	0.00702	0.00538	0.00456	0.00134	0.00881	0.00336	0.00269	0.00649
43	0.00842	0.00645	0.00806	0.00705	0.00913	0.00557	0.00537	0.01090	0.01439	0.02062	0.57121	0.03502	0.07921	0.00976	0.00592	0.00153	0.00290	0.00852	0.00536	0.18462
44	0.01086	0.00929	0.01176	0.00900	0.01323	0.00733	0.04203	0.01333	0.01149	0.01740	0.01301	0.05305	0.01219	0.00600	0.00471	0.00113	0.00436	0.09403	0.00351	0.66229
45	0.84691	0.01054	0.00801	0.00717	0.01054	0.01223	0.00590	0.01603	0.00928	0.02446	0.00759	0.00886	0.00590	0.00506	0.00337	0.00169	0.00422	0.00295	0.00337	0.00590
46	0.01356	0.01171	0.01233	0.01109	0.01418	0.01356	0.00863	0.02897	0.76455	0.02281	0.02219	0.02034	0.01664	0.00740	0.00555	0.00185	0.00431	0.00616	0.00555	0.00863
47	0.01086	0.01014	0.01639	0.66013	0.09098	0.01232	0.01462	0.01563	0.08553	0.01510	0.01097	0.01503	0.00830	0.00560	0.00546	0.00181	0.00692	0.00498	0.00275	0.00651
48	0.01341	0.00822	0.00855	0.00738	0.00960	0.00872	0.00583	0.24148	0.01580	0.02464	0.01634	0.01810	0.01253	0.00641	0.00432	0.00138	0.00360	0.00503	0.58229	0.00637
49	0.01415	0.11589	0.21542	0.06876	0.11540	0.05800	0.02429	0.07136	0.16623	0.05781	0.01286	0.01384	0.00970	0.00571	0.00510	0.00163	0.00646	0.00461	0.00353	0.02925
50	0.01104	0.01050	0.01660	0.12289	0.04885	0.01287	0.09792	0.01338	0.01042	0.01469	0.01349	0.02489	0.01336	0.01009	0.02486	0.00235	0.35940	0.18330	0.00310	0.00600
51	0.00711	0.00545	0.00653	0.00662	0.00795	0.00487	0.00491	0.00897	0.01336	0.01765	0.34969	0.17154	0.31764	0.01329	0.00657	0.00188	0.00285	0.04285	0.00545	0.00482
52	0.03179	0.04993	0.62153	0.01409	0.02103	0.01233	0.01742	0.03606	0.03087	0.01834	0.08537	0.01450	0.01159	0.00584	0.00522	0.00171	0.00720	0.00462	0.00286	0.00773
53	0.01320	0.04954	0.11867	0.23652	0.24870	0.08216	0.03310	0.01782	0.08113	0.03787	0.01114	0.01377	0.00865	0.00548	0.00550	0.00169	0.01990	0.00472	0.00294	0.00751
54	0.01140	0.01115	0.01569	0.01361	0.01373	0.01544	0.01128	0.01269	0.00840	0.01306	0.00810	0.01313	0.00798	0.01353	0.11569	0.00320	0.69873	0.00491	0.00245	0.00582
55	0.00668	0.00517	0.00611	0.00680	0.00784	0.00460	0.00484	0.00791	0.01148	0.01451	0.05343	0.43196	0.35389	0.01547	0.00675	0.00206	0.00307	0.04780	0.00508	0.00454
56	0.01381	0.01174	0.01900	0.30486	0.37828	0.03326	0.03418	0.01704	0.01234	0.10622	0.01135	0.01440	0.00866	0.00531	0.00544	0.00170	0.00671	0.00493	0.00308	0.00768
57	0.01429	0.04946	0.02016	0.05767	0.52302	0.06482	0.01455	0.03051	0.09465	0.04098	0.01160	0.01393	0.00939	0.00540	0.00561	0.00164	0.02604	0.00484	0.00315	0.00827
58	0.01818	0.04608	0.07653	0.05080	0.01801	0.58629	0.01146	0.02080	0.05310	0.01414	0.00921	0.01081	0.00753	0.00585	0.00564	0.00152	0.05083	0.00380	0.00286	0.00657
59	0.02227	0.00905	0.01248	0.01054	0.04340	0.00798	0.00831	0.02447	0.01510	0.66125	0.02161	0.02218	0.01489	0.00739	0.00561	0.00175	0.00469	0.06978	0.02847	0.00877
60	0.01818	0.01284	0.01583	0.11406	0.09672	0.01369	0.01091	0.38500	0.05801	0.14115	0.01387	0.01440	0.00989	0.00613	0.00536	0.00162	0.00578	0.00493	0.00483	0.06680
61	0.01193	0.01193	0.01670	0.01431	0.01431	0.01670	0.01193	0.01312	0.00835	0.01312	0.00716	0.01193	0.00716	0.00954	0.01789	0.00239	0.79843	0.00477	0.00239	0.00596
62	0.01349	0.01295	0.02213	0.03346	0.77440	0.01295	0.01673	0.01673	0.01241	0.01781	0.01025	0.01349	0.00864	0.00486	0.00540	0.00162	0.00648	0.00486	0.00270	0.00864
63	0.01197	0.01204	0.01734	0.01467	0.01490	0.01658	0.04257	0.01330	0.00854	0.01330	0.00732	0.01204	0.00720	0.00934	0.01742	0.00236	0.76587	0.00484	0.00240	0.00602
