[name]
unknown

[dist]
# distance from previous block
# <min> <max>
6	845

[block]
# block no. 0 follows, 43 sequences, length 33
# corresponding to MSA columns:
# 993-1025
name=unknown_A
#
# <colnr> <probs for GDERKNQSTAVLIFYWHMCP>
#	G	D	E	R	K	N	Q	S	T	A	V	L	I	F	Y	W	H	M	C	P
0	0.06292	0.00991	0.01265	0.10124	0.06975	0.03262	0.02720	0.08746	0.06491	0.10885	0.07523	0.10519	0.06007	0.02132	0.00737	0.04628	0.03199	0.03316	0.00445	0.03742
1	0.04225	0.00867	0.01213	0.17173	0.01707	0.00941	0.04313	0.04704	0.06959	0.07839	0.07843	0.16077	0.01910	0.09200	0.00966	0.04269	0.05009	0.00770	0.00415	0.03602
2	0.04977	0.01186	0.01488	0.13111	0.01857	0.02902	0.05133	0.24466	0.06443	0.12551	0.02895	0.04871	0.01246	0.06418	0.00785	0.00202	0.04864	0.00580	0.00455	0.03569
3	0.21657	0.01015	0.01244	0.03648	0.01407	0.01059	0.08430	0.14650	0.02799	0.02291	0.16399	0.06088	0.06802	0.00908	0.03342	0.00197	0.00513	0.00657	0.00445	0.06450
4	0.08939	0.01125	0.01724	0.01305	0.01706	0.01082	0.21263	0.09401	0.04573	0.20608	0.01468	0.01739	0.01122	0.09010	0.00841	0.03032	0.00609	0.00557	0.00435	0.09460
5	0.01247	0.00910	0.01187	0.06884	0.07631	0.00916	0.02229	0.13096	0.05811	0.08222	0.11952	0.11202	0.12993	0.02372	0.00717	0.04480	0.00462	0.01815	0.00478	0.05396
6	0.01065	0.00996	0.01638	0.74763	0.03679	0.01239	0.01500	0.01502	0.05373	0.01466	0.01057	0.01510	0.00792	0.00565	0.00554	0.00185	0.00721	0.00500	0.00264	0.00630
7	0.04393	0.01484	0.01470	0.01201	0.01576	0.09161	0.00964	0.43725	0.16851	0.06417	0.01587	0.05942	0.01232	0.00730	0.00553	0.00172	0.00586	0.00568	0.00527	0.00861
8	0.00788	0.00572	0.00756	0.00844	0.00947	0.00548	0.00667	0.00978	0.01234	0.01623	0.12738	0.26843	0.11444	0.04241	0.00793	0.00238	0.00400	0.33344	0.00518	0.00484
9	0.00805	0.00537	0.00604	0.00604	0.00604	0.00537	0.00336	0.00805	0.00805	0.01074	0.01745	0.03624	0.02013	0.80536	0.02819	0.00537	0.00537	0.00805	0.00336	0.00336
10	0.00666	0.00561	0.00576	0.00573	0.00755	0.00472	0.00430	0.00816	0.01289	0.01558	0.11735	0.05227	0.70693	0.01379	0.00654	0.00186	0.00279	0.01154	0.00523	0.00472
11	0.01456	0.01544	0.02962	0.02140	0.02672	0.04223	0.61105	0.13001	0.01515	0.02021	0.01143	0.01451	0.00851	0.00501	0.00633	0.00182	0.00887	0.00619	0.00322	0.00773
12	0.01348	0.01078	0.01168	0.01039	0.01333	0.01203	0.00810	0.06214	0.54741	0.05893	0.12234	0.02479	0.06367	0.00831	0.00580	0.00184	0.00416	0.00697	0.00572	0.00813
13	0.03087	0.02258	0.52820	0.01617	0.09970	0.01188	0.01712	0.03559	0.01262	0.08172	0.05342	0.04213	0.01133	0.00615	0.00541	0.00175	0.00711	0.00504	0.00317	0.00804
14	0.01591	0.04489	0.17022	0.01390	0.08019	0.06851	0.01193	0.17440	0.11424	0.09021	0.01323	0.01377	0.00980	0.00578	0.00514	0.00153	0.00614	0.00455	0.00409	0.15157
15	0.01378	0.01190	0.01252	0.01127	0.01440	0.01378	0.00877	0.02943	0.76081	0.02317	0.02254	0.02066	0.01691	0.00751	0.00564	0.00188	0.00438	0.00626	0.00564	0.00877
16	0.01148	0.00984	0.01148	0.00820	0.01312	0.00738	0.00656	0.01395	0.01148	0.01805	0.00984	0.01148	0.00820	0.00410	0.00410	0.00082	0.00410	0.00328	0.00328	0.83922
17	0.02069	0.02640	0.01569	0.01427	0.01712	0.78313	0.01070	0.02212	0.01569	0.01355	0.00856	0.00999	0.00713	0.00571	0.00499	0.00143	0.00999	0.00357	0.00285	0.00642
18	0.01148	0.00984	0.01148	0.00820	0.01312	0.00738	0.00656	0.01395	0.01148	0.01805	0.00984	0.01148	0.00820	0.00410	0.00410	0.00082	0.00410	0.00328	0.00328	0.83922
19	0.01301	0.13897	0.23094	0.01514	0.01997	0.05737	0.19744	0.04615	0.01229	0.03050	0.01157	0.04061	0.01004	0.07298	0.00830	0.00205	0.06669	0.01596	0.00292	0.00709
20	0.01988	0.01413	0.01544	0.01197	0.01607	0.01541	0.00983	0.63316	0.02437	0.07566	0.09304	0.01656	0.01416	0.00715	0.00565	0.00167	0.00565	0.00555	0.00567	0.00898
21	0.00763	0.00620	0.00930	0.00899	0.01030	0.00571	0.08345	0.00937	0.01207	0.01602	0.14952	0.45111	0.15406	0.01445	0.00686	0.00208	0.00376	0.03910	0.00505	0.00498
22	0.01371	0.01316	0.02248	0.03399	0.77081	0.01316	0.01700	0.01700	0.01261	0.01809	0.01042	0.01371	0.00877	0.00493	0.00548	0.00164	0.00658	0.00493	0.00274	0.00877
23	0.00805	0.00539	0.00615	0.00615	0.00618	0.00543	0.00349	0.00812	0.00809	0.01082	0.01735	0.03571	0.01990	0.77715	0.05608	0.00550	0.00572	0.00798	0.00334	0.00341
24	0.00709	0.00519	0.00652	0.02072	0.00841	0.00480	0.00509	0.00849	0.01174	0.01571	0.13576	0.50319	0.17729	0.01516	0.00672	0.00205	0.00309	0.01349	0.04477	0.00469
25	0.01148	0.00984	0.01148	0.00820	0.01312	0.00738	0.00656	0.01395	0.01148	0.01805	0.00984	0.01148	0.00820	0.00410	0.00410	0.00082	0.00410	0.00328	0.00328	0.83922
26	0.51539	0.01273	0.01081	0.00932	0.01284	0.06158	0.00753	0.14870	0.13241	0.02565	0.01111	0.01168	0.00841	0.00582	0.00425	0.00171	0.00498	0.00390	0.00412	0.00707
27	0.12219	0.05027	0.05728	0.35593	0.09830	0.03521	0.08687	0.01557	0.01142	0.01682	0.00962	0.01299	0.00748	0.00514	0.00508	0.00165	0.00680	0.00448	0.00274	0.09417
28	0.06029	0.01047	0.07836	0.05804	0.01435	0.00864	0.00842	0.05762	0.04647	0.14363	0.15752	0.09930	0.04667	0.00811	0.00548	0.00161	0.00449	0.00683	0.00475	0.17896
29	0.00786	0.00578	0.00744	0.00716	0.00856	0.00528	0.00541	0.01026	0.01477	0.02065	0.59583	0.10069	0.09531	0.01193	0.00655	0.00180	0.00287	0.05136	0.00580	0.03470
30	0.00882	0.00701	0.00841	0.00917	0.03506	0.03272	0.00630	0.05230	0.04860	0.01685	0.12218	0.47981	0.06747	0.01617	0.05953	0.00252	0.00447	0.01230	0.00500	0.00533
31	0.03701	0.30339	0.04970	0.00911	0.01254	0.03915	0.00804	0.01480	0.06944	0.01584	0.05351	0.18028	0.05951	0.00842	0.00496	0.00153	0.00484	0.00684	0.00371	0.11738
32	0.06494	0.17047	0.25126	0.01284	0.04385	0.01327	0.04742	0.01843	0.10353	0.08661	0.01423	0.09593	0.01207	0.00676	0.00511	0.00167	0.00606	0.00555	0.00359	0.03641

[dist]
# distance from previous block
# <min> <max>
2	23

[block]
# block no. 1 follows, 43 sequences, length 9
# corresponding to MSA columns:
# 1049-1057
name=unknown_B
#
# <colnr> <probs for GDERKNQSTAVLIFYWHMCP>
#	G	D	E	R	K	N	Q	S	T	A	V	L	I	F	Y	W	H	M	C	P
0	0.01576	0.01374	0.01552	0.08537	0.01814	0.07523	0.04575	0.18549	0.32766	0.04633	0.01597	0.01637	0.01202	0.00708	0.00697	0.00185	0.09247	0.00548	0.00465	0.00814
1	0.65465	0.01093	0.00934	0.00814	0.01165	0.01241	0.00665	0.04752	0.09301	0.08576	0.01070	0.01124	0.00795	0.00560	0.00393	0.00173	0.00440	0.00364	0.00403	0.00671
2	0.00829	0.00616	0.00790	0.00796	0.00891	0.00626	0.00610	0.01003	0.01210	0.01639	0.25113	0.04432	0.11067	0.20243	0.04280	0.00314	0.05128	0.19464	0.00475	0.00473
3	0.01157	0.21483	0.16121	0.01070	0.01395	0.01330	0.01030	0.06035	0.01093	0.01488	0.01165	0.01756	0.01096	0.15369	0.17445	0.00382	0.09173	0.00503	0.00287	0.00623
4	0.00866	0.00604	0.00689	0.00666	0.00728	0.00600	0.00424	0.05573	0.01073	0.01435	0.12243	0.08205	0.08178	0.54022	0.02092	0.00419	0.00472	0.00886	0.00411	0.00416
5	0.01489	0.01448	0.01529	0.10058	0.01853	0.14477	0.05718	0.08605	0.37164	0.02053	0.03690	0.01723	0.01337	0.00697	0.00637	0.00181	0.05562	0.00558	0.00443	0.00778
6	0.08084	0.01289	0.01573	0.10770	0.19524	0.09552	0.03412	0.05821	0.01287	0.01854	0.01032	0.02820	0.00860	0.00516	0.00486	0.00138	0.00599	0.00432	0.00318	0.29634
7	0.18221	0.08781	0.09944	0.05036	0.13028	0.04401	0.02161	0.14077	0.06540	0.03201	0.01206	0.05771	0.01004	0.00630	0.00512	0.00168	0.01694	0.00493	0.00367	0.02765
8	0.06510	0.34490	0.04732	0.01401	0.13390	0.01689	0.01071	0.13093	0.07453	0.04976	0.01096	0.01193	0.00878	0.00538	0.00449	0.00144	0.00575	0.00401	0.00347	0.05575

[dist]
# distance from previous block
# <min> <max>
0	5

[block]
# block no. 2 follows, 43 sequences, length 12
# corresponding to MSA columns:
# 1063-1074
name=unknown_C
#
# <colnr> <probs for GDERKNQSTAVLIFYWHMCP>
#	G	D	E	R	K	N	Q	S	T	A	V	L	I	F	Y	W	H	M	C	P
0	0.01168	0.00764	0.00980	0.00964	0.05850	0.00710	0.00686	0.01498	0.07864	0.14906	0.21488	0.10617	0.15850	0.01160	0.03985	0.00206	0.00418	0.02174	0.00531	0.08182
1	0.01370	0.01192	0.01546	0.37078	0.05480	0.09367	0.03374	0.08689	0.01352	0.07931	0.01308	0.09001	0.01105	0.00673	0.00553	0.00171	0.00664	0.00578	0.00352	0.08218
2	0.10059	0.01232	0.01859	0.38635	0.08015	0.06562	0.13310	0.01598	0.01155	0.03731	0.00989	0.01366	0.00765	0.00574	0.00658	0.00184	0.07876	0.00490	0.00278	0.00663
3	0.02105	0.01551	0.01662	0.01274	0.01717	0.01717	0.01053	0.75235	0.02604	0.03490	0.01330	0.01330	0.00942	0.00665	0.00554	0.00166	0.00609	0.00499	0.00554	0.00942
4	0.01256	0.01064	0.03309	0.00910	0.01355	0.00869	0.00748	0.10340	0.03604	0.03569	0.01294	0.07281	0.01142	0.00588	0.00470	0.00115	0.00444	0.02276	0.00386	0.58979
5	0.00698	0.00498	0.00669	0.00797	0.00840	0.00470	0.00554	0.00811	0.01083	0.01440	0.03040	0.72354	0.03613	0.01713	0.00713	0.00228	0.00341	0.09168	0.00514	0.00456
6	0.02270	0.00958	0.01262	0.00981	0.01380	0.00866	0.00805	0.09157	0.01676	0.62740	0.09999	0.02073	0.01740	0.00731	0.00567	0.00171	0.00462	0.00599	0.00665	0.00898
7	0.01470	0.01299	0.01951	0.11521	0.40027	0.03861	0.05266	0.12862	0.04346	0.04972	0.05963	0.01593	0.01189	0.00585	0.00561	0.00169	0.00645	0.00538	0.00362	0.00822
8	0.01359	0.07496	0.15296	0.09069	0.27979	0.01289	0.04372	0.06722	0.04243	0.06617	0.01350	0.06915	0.01154	0.00655	0.00554	0.00174	0.00648	0.02973	0.00343	0.00792
9	0.00675	0.00482	0.00643	0.00771	0.00803	0.00450	0.00514	0.00771	0.01060	0.01414	0.03053	0.80175	0.03663	0.01735	0.00707	0.00225	0.00321	0.01574	0.00514	0.00450
10	0.00773	0.00528	0.00635	0.00681	0.00699	0.00519	0.00425	0.00819	0.00911	0.01212	0.02205	0.26010	0.02572	0.52280	0.02066	0.00427	0.00473	0.05985	0.00399	0.00381
11	0.03603	0.02919	0.06833	0.18267	0.11072	0.03233	0.15681	0.09055	0.14961	0.06801	0.01346	0.01529	0.01000	0.00581	0.00562	0.00177	0.00684	0.00535	0.00374	0.00786

[dist]
# distance from previous block
# <min> <max>
1	2

[block]
# block no. 3 follows, 43 sequences, length 18
# corresponding to MSA columns:
# 1077-1094
name=unknown_D
#
# <colnr> <probs for GDERKNQSTAVLIFYWHMCP>
#	G	D	E	R	K	N	Q	S	T	A	V	L	I	F	Y	W	H	M	C	P
0	0.01284	0.21951	0.22018	0.01268	0.05207	0.03660	0.03027	0.03471	0.03678	0.01681	0.01114	0.01265	0.03071	0.00537	0.00513	0.00139	0.03713	0.00404	0.00291	0.21710
1	0.53627	0.15282	0.06877	0.00917	0.01290	0.05532	0.00834	0.01653	0.01018	0.02084	0.00789	0.00944	0.00642	0.00543	0.00470	0.00166	0.06066	0.00323	0.00306	0.00638
2	0.00739	0.00564	0.00678	0.00649	0.00800	0.00503	0.00487	0.00958	0.01461	0.01968	0.51947	0.04553	0.30226	0.01227	0.00654	0.00179	0.00268	0.01060	0.00576	0.00503
3	0.01469	0.01346	0.04676	0.01745	0.20531	0.03769	0.02351	0.10957	0.36288	0.04012	0.03809	0.01885	0.01442	0.00686	0.00564	0.00178	0.00553	0.02420	0.00466	0.00855
4	0.26674	0.01187	0.01375	0.24411	0.02125	0.01355	0.01042	0.25023	0.01572	0.08582	0.01127	0.01289	0.00813	0.00588	0.00490	0.00174	0.00582	0.00441	0.00409	0.00741
5	0.00789	0.00555	0.00694	0.00670	0.00800	0.00512	0.00498	0.01027	0.01465	0.02083	0.57607	0.08848	0.11856	0.01149	0.00630	0.00174	0.00267	0.01006	0.08858	0.00512
6	0.00784	0.00547	0.00698	0.00714	0.00749	0.00574	0.00469	0.00858	0.00865	0.01184	0.01834	0.13140	0.02034	0.46653	0.25904	0.00606	0.00802	0.00840	0.00347	0.00400
7	0.00728	0.00513	0.00624	0.00685	0.00721	0.00488	0.00436	0.00795	0.00993	0.01312	0.05028	0.41438	0.09321	0.32570	0.01528	0.00342	0.00400	0.01221	0.00447	0.00409
8	0.72868	0.01115	0.00992	0.00843	0.01204	0.01264	0.03975	0.06218	0.01083	0.05044	0.00869	0.00986	0.00658	0.00527	0.00377	0.00172	0.00464	0.00337	0.00365	0.00639
9	0.01403	0.11582	0.01909	0.11949	0.26727	0.05470	0.04540	0.04699	0.04787	0.07270	0.01420	0.01643	0.04972	0.00861	0.06484	0.00218	0.00703	0.00518	0.00337	0.02508
10	0.01447	0.65811	0.05363	0.01085	0.01564	0.02035	0.06376	0.01776	0.07347	0.01437	0.00926	0.01040	0.00801	0.00498	0.00400	0.00131	0.00612	0.00353	0.00267	0.00731
11	0.00803	0.00547	0.00657	0.00657	0.00676	0.00566	0.00402	0.00840	0.00821	0.01113	0.01696	0.03354	0.01896	0.66290	0.16905	0.00603	0.00713	0.00766	0.00328	0.00365
12	0.00704	0.00563	0.00630	0.00613	0.00779	0.00489	0.00460	0.00891	0.01380	0.01775	0.33031	0.04870	0.49262	0.01298	0.00654	0.00182	0.00273	0.01104	0.00551	0.00489
13	0.01575	0.01222	0.01293	0.01096	0.01429	0.01378	0.00871	0.26758	0.41904	0.02674	0.01889	0.01821	0.01406	0.00709	0.00537	0.00173	0.00472	0.00569	0.11370	0.00851
14	0.00744	0.00565	0.00684	0.00654	0.00803	0.00505	0.00491	0.00967	0.01473	0.01995	0.54609	0.04509	0.27547	0.01216	0.00654	0.00178	0.00267	0.01054	0.00580	0.00505
15	0.01599	0.01438	0.01368	0.01192	0.01526	0.11050	0.00933	0.16267	0.53139	0.02415	0.01908	0.01796	0.01430	0.00713	0.00554	0.00178	0.00540	0.00569	0.00527	0.00859
16	0.01257	0.01198	0.02004	0.12984	0.59944	0.01220	0.01551	0.01573	0.01241	0.01727	0.01489	0.01779	0.08424	0.00592	0.00560	0.00169	0.00631	0.00561	0.00294	0.00802
17	0.06261	0.09593	0.01649	0.02999	0.11601	0.16849	0.02797	0.12450	0.05951	0.03736	0.02920	0.02875	0.02217	0.04737	0.04268	0.00218	0.05483	0.02317	0.00367	0.00710

[dist]
# distance from previous block
# <min> <max>
0	1

[block]
# block no. 4 follows, 43 sequences, length 23
# corresponding to MSA columns:
# 1096-1118
name=unknown_E
#
# <colnr> <probs for GDERKNQSTAVLIFYWHMCP>
#	G	D	E	R	K	N	Q	S	T	A	V	L	I	F	Y	W	H	M	C	P
0	0.05472	0.22617	0.26389	0.01172	0.01727	0.01425	0.01246	0.04435	0.07828	0.18327	0.01306	0.01322	0.00943	0.00568	0.00480	0.00158	0.00613	0.00426	0.00380	0.03163
1	0.15553	0.33280	0.21401	0.06731	0.01812	0.01626	0.03293	0.03605	0.02406	0.01746	0.03387	0.01159	0.00866	0.00531	0.00438	0.00153	0.00629	0.00384	0.00282	0.00716
2	0.11797	0.01360	0.17799	0.01149	0.04773	0.01032	0.01049	0.07041	0.05646	0.16611	0.12732	0.02312	0.08649	0.00786	0.00584	0.00179	0.02492	0.02803	0.00467	0.00740
3	0.03426	0.26106	0.08418	0.01528	0.13463	0.01543	0.06153	0.05270	0.03526	0.07710	0.01187	0.01341	0.02996	0.00587	0.00610	0.00157	0.08470	0.00447	0.00324	0.06736
4	0.00962	0.00481	0.00722	0.00722	0.00722	0.00481	0.00481	0.00722	0.00722	0.00962	0.00962	0.01684	0.00962	0.01924	0.02165	0.83886	0.00481	0.00481	0.00241	0.00241
5	0.01432	0.21629	0.26468	0.01603	0.10649	0.01495	0.09235	0.05322	0.04700	0.08233	0.01132	0.01266	0.00856	0.00530	0.00502	0.00158	0.00686	0.00441	0.00316	0.03347
6	0.02471	0.10173	0.04554	0.01032	0.01317	0.03251	0.02938	0.06884	0.04417	0.15042	0.06277	0.11240	0.03735	0.03897	0.08902	0.00266	0.06103	0.03839	0.00443	0.03218
7	0.00728	0.00553	0.00680	0.00757	0.00860	0.00515	0.00556	0.00914	0.03458	0.01539	0.07188	0.41977	0.24245	0.01552	0.00694	0.00215	0.00339	0.12230	0.00520	0.00480
8	0.01411	0.01518	0.01897	0.32639	0.26536	0.20161	0.04742	0.01717	0.01278	0.01542	0.00977	0.01327	0.00781	0.00535	0.00543	0.00168	0.00785	0.00467	0.00266	0.00711
9	0.07333	0.01024	0.01174	0.00889	0.01338	0.00889	0.00715	0.03969	0.09966	0.14035	0.01319	0.01360	0.00997	0.00509	0.00451	0.00117	0.00430	0.00402	0.00420	0.52661
10	0.01260	0.03158	0.21574	0.01573	0.05482	0.01193	0.19705	0.05689	0.05537	0.05647	0.04803	0.06993	0.01344	0.05698	0.00772	0.00201	0.03958	0.00627	0.00353	0.04433
11	0.00772	0.00575	0.00657	0.00633	0.00804	0.00500	0.00476	0.00958	0.01380	0.04638	0.31423	0.07048	0.45576	0.01287	0.00652	0.00183	0.00282	0.01097	0.00556	0.00505
12	0.00802	0.00540	0.00626	0.00644	0.00655	0.00537	0.00386	0.00826	0.00856	0.01138	0.01919	0.09297	0.02211	0.69527	0.02528	0.00495	0.00520	0.05776	0.00360	0.00356
13	0.11756	0.07133	0.10931	0.01156	0.01585	0.01370	0.01059	0.22694	0.01634	0.24855	0.01374	0.01380	0.00960	0.00654	0.00645	0.00174	0.08868	0.00465	0.00473	0.00834
14	0.01548	0.01035	0.04630	0.01008	0.01317	0.01009	0.00835	0.03512	0.26882	0.24062	0.15407	0.02300	0.02109	0.00922	0.03568	0.00206	0.03752	0.00649	0.04461	0.00788
15	0.00686	0.00544	0.00619	0.00651	0.00789	0.00477	0.00477	0.00836	0.01252	0.01578	0.14344	0.24372	0.45661	0.01457	0.00672	0.00198	0.00297	0.04092	0.00527	0.00472
16	0.00862	0.00619	0.00856	0.00980	0.01099	0.00613	0.00838	0.01097	0.01252	0.01627	0.03026	0.13992	0.05458	0.01548	0.00756	0.00250	0.00483	0.63631	0.00511	0.00502
17	0.01593	0.66402	0.02668	0.01018	0.01475	0.07603	0.00968	0.09908	0.01322	0.01551	0.00839	0.00946	0.00737	0.00502	0.00388	0.00126	0.00623	0.00323	0.00276	0.00732
18	0.06533	0.00677	0.00795	0.00751	0.00794	0.00755	0.00512	0.00936	0.00863	0.01245	0.01862	0.03082	0.09498	0.47877	0.02213	0.07242	0.12899	0.00732	0.00332	0.00402
19	0.01001	0.00680	0.00861	0.00816	0.00923	0.00729	0.00585	0.08784	0.01080	0.04784	0.01706	0.07919	0.01735	0.33021	0.32276	0.00601	0.00902	0.00730	0.00371	0.00497
20	0.06497	0.10319	0.04020	0.01023	0.01441	0.01141	0.00883	0.10278	0.06603	0.44845	0.01780	0.01661	0.01207	0.00838	0.04767	0.00205	0.00563	0.00508	0.00556	0.00864
21	0.01633	0.10501	0.18815	0.01358	0.05547	0.04088	0.01232	0.30231	0.10106	0.04529	0.01312	0.01459	0.01006	0.04971	0.00649	0.00185	0.00643	0.00484	0.00417	0.00835
22	0.48750	0.09116	0.02140	0.00954	0.04742	0.03758	0.00746	0.06624	0.01164	0.06039	0.03454	0.01269	0.00927	0.04915	0.00534	0.00182	0.00493	0.00390	0.00365	0.03440

[dist]
# distance from previous block
# <min> <max>
2	11

[block]
# block no. 5 follows, 43 sequences, length 43
# corresponding to MSA columns:
# 1130-1172
name=unknown_F
#
# <colnr> <probs for GDERKNQSTAVLIFYWHMCP>
#	G	D	E	R	K	N	Q	S	T	A	V	L	I	F	Y	W	H	M	C	P
0	0.13091	0.06471	0.05616	0.03766	0.01526	0.01308	0.00917	0.27379	0.07196	0.04199	0.01432	0.10704	0.01233	0.00720	0.00509	0.00162	0.00521	0.00568	0.00443	0.12238
1	0.05805	0.36435	0.17527	0.01095	0.01618	0.01642	0.01125	0.11401	0.01367	0.07693	0.02790	0.01177	0.00898	0.00539	0.00442	0.00142	0.00601	0.00385	0.00334	0.06985
2	0.04032	0.09064	0.36945	0.01526	0.07999	0.01278	0.05901	0.04676	0.02613	0.01745	0.01267	0.10042	0.01124	0.00909	0.05605	0.00224	0.03443	0.00569	0.00299	0.00739
3	0.01153	0.04391	0.15587	0.00984	0.01436	0.00937	0.00940	0.03542	0.01213	0.05421	0.01883	0.04046	0.14000	0.00698	0.00582	0.00140	0.05587	0.00547	0.00362	0.36549
4	0.07217	0.01117	0.13848	0.00917	0.01277	0.00791	0.02687	0.01352	0.03455	0.04661	0.21880	0.03015	0.17459	0.00891	0.00567	0.00165	0.00435	0.03463	0.00450	0.14352
5	0.01045	0.06136	0.11529	0.00881	0.02728	0.00774	0.00784	0.01305	0.01353	0.10182	0.24951	0.03491	0.26387	0.02870	0.00648	0.00180	0.00408	0.00844	0.00490	0.03013
6	0.01513	0.17395	0.01815	0.03449	0.01653	0.01587	0.06476	0.17028	0.36641	0.02262	0.01725	0.01697	0.03013	0.00666	0.00528	0.00169	0.00546	0.00545	0.00464	0.00829
7	0.07696	0.58735	0.02400	0.00916	0.01380	0.01831	0.00873	0.01687	0.01145	0.06379	0.00891	0.00989	0.00760	0.00482	0.00375	0.00121	0.00547	0.00318	0.00286	0.12190
8	0.01528	0.07363	0.01446	0.01165	0.01494	0.12067	0.00920	0.07415	0.55465	0.02184	0.01891	0.01784	0.01434	0.00700	0.00539	0.00175	0.00538	0.00556	0.00500	0.00836
9	0.01399	0.12377	0.12582	0.01146	0.01552	0.01406	0.01039	0.02498	0.47296	0.06915	0.01891	0.04610	0.01463	0.00712	0.00534	0.00177	0.00513	0.00579	0.00477	0.00834
10	0.00688	0.00566	0.00627	0.00622	0.00791	0.00505	0.00470	0.00850	0.01245	0.01549	0.13104	0.04755	0.58227	0.01755	0.11473	0.00283	0.00446	0.01070	0.00495	0.00478
11	0.06247	0.00700	0.00934	0.01141	0.11391	0.00679	0.00700	0.01082	0.03813	0.01586	0.02394	0.52472	0.02733	0.04405	0.00716	0.00213	0.00394	0.01186	0.00451	0.06763
12	0.01305	0.41907	0.24261	0.01105	0.01683	0.01632	0.01207	0.01632	0.01143	0.01536	0.00879	0.01023	0.00730	0.00476	0.00416	0.00128	0.00621	0.00336	0.00255	0.17725
13	0.07624	0.41855	0.15074	0.01087	0.01573	0.01773	0.01096	0.03921	0.17756	0.01751	0.01152	0.01210	0.00924	0.00552	0.00435	0.00149	0.00585	0.00394	0.00325	0.00764
14	0.01453	0.75044	0.08486	0.00995	0.01494	0.02124	0.01030	0.01666	0.01129	0.01337	0.00787	0.00909	0.00710	0.00478	0.00368	0.00123	0.00609	0.00305	0.00237	0.00719
15	0.01729	0.49380	0.02410	0.01077	0.01539	0.02003	0.00989	0.30868	0.01712	0.02171	0.00992	0.01064	0.00802	0.00550	0.00434	0.00137	0.00599	0.00377	0.00363	0.00802
16	0.01111	0.02865	0.77667	0.01579	0.02397	0.01286	0.02046	0.01754	0.01169	0.01754	0.00994	0.01169	0.00702	0.00526	0.00526	0.00175	0.00818	0.00409	0.00234	0.00818
17	0.00758	0.00565	0.00704	0.00670	0.00812	0.00512	0.00502	0.00995	0.01507	0.02076	0.62557	0.04376	0.19548	0.01186	0.00653	0.00177	0.00265	0.01035	0.00591	0.00512
18	0.00774	0.00566	0.00727	0.00687	0.00821	0.00518	0.00515	0.01026	0.01545	0.02167	0.71459	0.04226	0.10589	0.01152	0.00653	0.00175	0.00263	0.01014	0.00603	0.00518
19	0.02203	0.01078	0.06993	0.01147	0.06196	0.00859	0.00930	0.02460	0.01502	0.61399	0.01996	0.01813	0.01293	0.00658	0.00541	0.00168	0.00493	0.00539	0.06835	0.00897
20	0.00863	0.00623	0.00852	0.00971	0.01084	0.00623	0.00811	0.01129	0.03809	0.01628	0.02935	0.21816	0.03237	0.01547	0.00746	0.00246	0.00467	0.55589	0.00513	0.00510
21	0.00659	0.00561	0.00567	0.00566	0.00751	0.00469	0.00424	0.00803	0.01273	0.01521	0.08046	0.05289	0.74406	0.01393	0.00655	0.00187	0.00280	0.01163	0.00518	0.00469
22	0.01350	0.01294	0.02210	0.08295	0.72350	0.01310	0.01689	0.01681	0.01251	0.01784	0.01038	0.01378	0.00868	0.00497	0.00549	0.00166	0.00663	0.00493	0.00272	0.00860
23	0.01111	0.02865	0.77667	0.01579	0.02397	0.01286	0.02046	0.01754	0.01169	0.01754	0.00994	0.01169	0.00702	0.00526	0.00526	0.00175	0.00818	0.00409	0.00234	0.00818
24	0.00675	0.00482	0.00643	0.00771	0.00803	0.00450	0.00514	0.00771	0.01060	0.01414	0.03053	0.80175	0.03663	0.01735	0.00707	0.00225	0.00321	0.01574	0.00514	0.00450
25	0.00682	0.00507	0.00638	0.00733	0.00804	0.00463	0.00508	0.00799	0.01128	0.01469	0.06272	0.59224	0.19007	0.01637	0.00696	0.00216	0.00317	0.03924	0.00517	0.00458
26	0.06440	0.02679	0.64087	0.01545	0.02283	0.07056	0.04867	0.01781	0.01191	0.01771	0.00975	0.01153	0.00702	0.00526	0.00518	0.00173	0.00812	0.00408	0.00246	0.00789
27	0.01442	0.03275	0.04897	0.01399	0.01794	0.01294	0.18747	0.14162	0.25015	0.06284	0.09053	0.02204	0.01723	0.00737	0.00598	0.00184	0.00594	0.05324	0.00480	0.00795
28	0.01046	0.00984	0.01661	0.79205	0.03814	0.01230	0.01538	0.01415	0.01107	0.01415	0.00984	0.01477	0.00738	0.00554	0.00554	0.00185	0.00738	0.00492	0.00246	0.00615
29	0.00673	0.00562	0.00586	0.00580	0.00759	0.00475	0.00435	0.00830	0.01305	0.01598	0.15571	0.05163	0.66833	0.01365	0.00654	0.00185	0.00278	0.01145	0.00528	0.00475
30	0.01046	0.00984	0.01661	0.79205	0.03814	0.01230	0.01538	0.01415	0.01107	0.01415	0.00984	0.01477	0.00738	0.00554	0.00554	0.00185	0.00738	0.00492	0.00246	0.00615
31	0.01148	0.00984	0.01148	0.00820	0.01312	0.00738	0.00656	0.01395	0.01148	0.01805	0.00984	0.01148	0.00820	0.00410	0.00410	0.00082	0.00410	0.00328	0.00328	0.83922
32	0.02068	0.01085	0.01406	0.11848	0.01804	0.01095	0.00982	0.21406	0.01763	0.41942	0.01851	0.02009	0.01307	0.00725	0.00571	0.00178	0.00547	0.05969	0.00577	0.00865
33	0.00766	0.00565	0.00716	0.00678	0.00816	0.00515	0.00509	0.01011	0.01526	0.02121	0.66976	0.04301	0.15101	0.01170	0.00653	0.00176	0.00264	0.01025	0.00597	0.00515
34	0.01305	0.01446	0.03063	0.02446	0.13075	0.01368	0.62948	0.01747	0.01300	0.01776	0.01159	0.01606	0.00909	0.00499	0.00642	0.00186	0.00884	0.02598	0.00286	0.00759
35	0.01401	0.23764	0.46851	0.01326	0.01997	0.01467	0.01578	0.01858	0.01215	0.12070	0.01097	0.01192	0.00796	0.00534	0.00484	0.00159	0.00709	0.00399	0.00297	0.00806
36	0.01481	0.80869	0.02902	0.00948	0.01421	0.02191	0.00948	0.01658	0.01125	0.01303	0.00770	0.00888	0.00711	0.00474	0.00355	0.00118	0.00592	0.00296	0.00237	0.00711
37	0.84448	0.01071	0.00814	0.00728	0.01071	0.01242	0.00600	0.01628	0.00943	0.02485	0.00771	0.00900	0.00600	0.00514	0.00343	0.00171	0.00428	0.00300	0.00343	0.00600
38	0.84448	0.01071	0.00814	0.00728	0.01071	0.01242	0.00600	0.01628	0.00943	0.02485	0.00771	0.00900	0.00600	0.00514	0.00343	0.00171	0.00428	0.00300	0.00343	0.00600
39	0.01481	0.80869	0.02902	0.00948	0.01421	0.02191	0.00948	0.01658	0.01125	0.01303	0.00770	0.00888	0.00711	0.00474	0.00355	0.00118	0.00592	0.00296	0.00237	0.00711
40	0.00655	0.00561	0.00561	0.00561	0.00748	0.00468	0.00421	0.00795	0.01262	0.01496	0.05610	0.05330	0.76857	0.01403	0.00655	0.00187	0.00281	0.01169	0.00514	0.00468
41	0.00880	0.00657	0.00859	0.06872	0.07489	0.00688	0.00575	0.00946	0.00878	0.01181	0.01660	0.03207	0.03012	0.62817	0.03770	0.00471	0.02552	0.00749	0.00323	0.00416
42	0.00804	0.00582	0.00791	0.00792	0.00859	0.00645	0.00567	0.00956	0.02284	0.01235	0.01631	0.04759	0.01670	0.30564	0.48561	0.00736	0.01104	0.00694	0.00321	0.00445

[dist]
# distance from previous block
# <min> <max>
0	4

[block]
# block no. 6 follows, 43 sequences, length 50
# corresponding to MSA columns:
# 1177-1226
name=unknown_G
#
# <colnr> <probs for GDERKNQSTAVLIFYWHMCP>
#	G	D	E	R	K	N	Q	S	T	A	V	L	I	F	Y	W	H	M	C	P
0	0.01155	0.01200	0.05972	0.17683	0.28473	0.05246	0.04693	0.01487	0.01332	0.01819	0.22940	0.02167	0.02087	0.00695	0.00581	0.00172	0.00600	0.00635	0.00364	0.00700
1	0.65342	0.06457	0.03125	0.00829	0.01203	0.03192	0.00712	0.06058	0.01109	0.06523	0.00890	0.00988	0.00675	0.00531	0.00377	0.00167	0.00477	0.00330	0.00363	0.00653
2	0.00805	0.00539	0.00616	0.00616	0.00620	0.00543	0.00351	0.00813	0.00809	0.01083	0.01734	0.03563	0.01987	0.77328	0.05991	0.00552	0.00577	0.00796	0.00334	0.00342
3	0.01496	0.61205	0.10045	0.01035	0.01518	0.04441	0.01044	0.03514	0.03049	0.04629	0.00966	0.03146	0.00847	0.00537	0.00405	0.00133	0.00612	0.00368	0.00280	0.00732
4	0.01113	0.07857	0.52139	0.01353	0.01993	0.01236	0.01612	0.01606	0.01166	0.01720	0.06627	0.01441	0.01091	0.02877	0.00648	0.00175	0.05017	0.00452	0.00275	0.09601
5	0.01508	0.22788	0.29467	0.01538	0.11245	0.05320	0.01438	0.03758	0.01272	0.12162	0.01098	0.01217	0.00827	0.00553	0.00535	0.00159	0.03587	0.00413	0.00314	0.00801
6	0.01460	0.01242	0.01430	0.05466	0.09152	0.01411	0.01018	0.12758	0.54501	0.02382	0.01938	0.01864	0.01456	0.00703	0.00560	0.00182	0.00500	0.00588	0.00517	0.00872
7	0.84448	0.01071	0.00814	0.00728	0.01071	0.01242	0.00600	0.01628	0.00943	0.02485	0.00771	0.00900	0.00600	0.00514	0.00343	0.00171	0.00428	0.00300	0.00343	0.00600
8	0.00785	0.00724	0.04877	0.00779	0.00962	0.00601	0.00639	0.01073	0.06181	0.01686	0.15582	0.18820	0.32364	0.01350	0.00667	0.00201	0.00357	0.11310	0.00517	0.00525
9	0.00792	0.00564	0.00733	0.00691	0.00821	0.00522	0.00518	0.01054	0.01554	0.02216	0.74208	0.04066	0.05095	0.01115	0.00644	0.00173	0.00261	0.00985	0.03467	0.00522
10	0.01482	0.01363	0.01938	0.10608	0.20392	0.05207	0.13050	0.16767	0.15383	0.02161	0.01457	0.01725	0.02349	0.00630	0.00576	0.00177	0.00667	0.02863	0.00394	0.00810
11	0.00763	0.00550	0.00722	0.00711	0.00823	0.00509	0.00521	0.00994	0.01472	0.02069	0.62941	0.18418	0.04932	0.01245	0.00663	0.00184	0.00273	0.01109	0.00592	0.00509
12	0.01231	0.01554	0.12919	0.18676	0.10502	0.01340	0.42137	0.01688	0.01241	0.01699	0.01066	0.01434	0.00804	0.00496	0.00604	0.00182	0.00849	0.00570	0.00266	0.00742
13	0.00687	0.00490	0.00656	0.00785	0.00822	0.00460	0.00535	0.00792	0.01072	0.01427	0.03046	0.76129	0.03637	0.01724	0.00710	0.00227	0.00332	0.05503	0.00514	0.00453
14	0.02270	0.01113	0.07078	0.01045	0.01491	0.00906	0.00914	0.02652	0.09025	0.64182	0.02102	0.01849	0.01352	0.00680	0.00555	0.00173	0.00494	0.00553	0.00639	0.00927
15	0.84448	0.01071	0.00814	0.00728	0.01071	0.01242	0.00600	0.01628	0.00943	0.02485	0.00771	0.00900	0.00600	0.00514	0.00343	0.00171	0.00428	0.00300	0.00343	0.00600
16	0.02154	0.01473	0.01613	0.01237	0.01678	0.01601	0.01022	0.65876	0.02473	0.13035	0.01440	0.01401	0.00997	0.00668	0.00554	0.00167	0.00592	0.00506	0.00571	0.00942
17	0.01032	0.00516	0.00516	0.00516	0.00645	0.00516	0.00387	0.01290	0.01161	0.02065	0.01807	0.02065	0.01420	0.00645	0.00387	0.00129	0.00258	0.00516	0.83611	0.00516
18	0.01537	0.00818	0.01130	0.01097	0.08729	0.00753	0.00770	0.04198	0.01578	0.30978	0.38183	0.02906	0.03175	0.00882	0.00603	0.00172	0.00393	0.00764	0.00603	0.00733
19	0.84448	0.01071	0.00814	0.00728	0.01071	0.01242	0.00600	0.01628	0.00943	0.02485	0.00771	0.00900	0.00600	0.00514	0.00343	0.00171	0.00428	0.00300	0.00343	0.00600
20	0.01032	0.00516	0.00516	0.00516	0.00645	0.00516	0.00387	0.01290	0.01161	0.02065	0.01807	0.02065	0.01420	0.00645	0.00387	0.00129	0.00258	0.00516	0.83611	0.00516
21	0.01286	0.01012	0.01185	0.00855	0.01341	0.00796	0.00688	0.05481	0.01255	0.06736	0.01080	0.01205	0.00862	0.00442	0.00427	0.00092	0.00425	0.00352	0.00363	0.74115
22	0.02105	0.01551	0.01662	0.01274	0.01717	0.01717	0.01053	0.75235	0.02604	0.03490	0.01330	0.01330	0.00942	0.00665	0.00554	0.00166	0.00609	0.00499	0.00554	0.00942
23	0.02105	0.01551	0.01662	0.01274	0.01717	0.01717	0.01053	0.75235	0.02604	0.03490	0.01330	0.01330	0.00942	0.00665	0.00554	0.00166	0.00609	0.00499	0.00554	0.00942
24	0.02026	0.01485	0.01598	0.01246	0.01672	0.01645	0.01023	0.63700	0.11854	0.05790	0.01475	0.01441	0.01051	0.00676	0.00555	0.00169	0.00583	0.00517	0.00560	0.00934
25	0.00868	0.00586	0.00758	0.00703	0.00854	0.00535	0.00532	0.01118	0.01548	0.06289	0.67807	0.04096	0.09945	0.01126	0.00648	0.00175	0.00274	0.00989	0.00607	0.00542
26	0.01378	0.01190	0.01252	0.01127	0.01440	0.01378	0.00877	0.02943	0.76081	0.02317	0.02254	0.02066	0.01691	0.00751	0.00564	0.00188	0.00438	0.00626	0.00564	0.00877
27	0.00675	0.00482	0.00643	0.00771	0.00803	0.00450	0.00514	0.00771	0.01060	0.01414	0.03053	0.80175	0.03663	0.01735	0.00707	0.00225	0.00321	0.01574	0.00514	0.00450
28	0.01331	0.01270	0.02142	0.12752	0.65444	0.01307	0.01652	0.01706	0.03739	0.01777	0.01075	0.01407	0.00887	0.00510	0.00549	0.00168	0.00661	0.00498	0.00280	0.00845
29	0.06313	0.03675	0.01971	0.01575	0.01921	0.39506	0.18198	0.09623	0.01506	0.01734	0.00948	0.01160	0.00762	0.00589	0.00653	0.00166	0.08248	0.00448	0.00310	0.00693
30	0.84448	0.01071	0.00814	0.00728	0.01071	0.01242	0.00600	0.01628	0.00943	0.02485	0.00771	0.00900	0.00600	0.00514	0.00343	0.00171	0.00428	0.00300	0.00343	0.00600
31	0.00784	0.00566	0.00740	0.00697	0.00827	0.00523	0.00523	0.01045	0.01568	0.02221	0.76789	0.04137	0.05226	0.01132	0.00653	0.00174	0.00261	0.01002	0.00610	0.00523
32	0.01111	0.02865	0.77667	0.01579	0.02397	0.01286	0.02046	0.01754	0.01169	0.01754	0.00994	0.01169	0.00702	0.00526	0.00526	0.00175	0.00818	0.00409	0.00234	0.00818
33	0.01944	0.02432	0.01787	0.01656	0.07106	0.65210	0.08536	0.02132	0.01522	0.01429	0.00896	0.01074	0.00738	0.00555	0.00518	0.00149	0.00968	0.00396	0.00284	0.00669
34	0.00892	0.00637	0.00892	0.01020	0.01147	0.00637	0.00892	0.01147	0.01275	0.01657	0.02932	0.06247	0.03187	0.01530	0.00765	0.00255	0.00510	0.73354	0.00510	0.00510
35	0.00697	0.00498	0.00668	0.00796	0.00838	0.00469	0.00552	0.00809	0.01082	0.01438	0.03040	0.72760	0.03615	0.01715	0.00713	0.00228	0.00340	0.08774	0.00514	0.00456
36	0.01102	0.00972	0.01626	0.10430	0.26393	0.00990	0.07701	0.01412	0.01255	0.01691	0.01944	0.03720	0.01961	0.00992	0.00661	0.00212	0.00620	0.35271	0.00384	0.00662
37	0.01212	0.01212	0.01696	0.01454	0.01454	0.01696	0.01212	0.01333	0.00848	0.01333	0.00727	0.01212	0.00727	0.00969	0.01818	0.00242	0.79523	0.00485	0.00242	0.00606
38	0.00791	0.00593	0.00890	0.00890	0.00989	0.00692	0.00692	0.00989	0.00890	0.01286	0.01483	0.02176	0.01385	0.04154	0.78341	0.00890	0.01483	0.00593	0.00297	0.00494
39	0.00670	0.00562	0.00583	0.00578	0.00758	0.00474	0.00433	0.00825	0.01300	0.01585	0.14332	0.05184	0.68080	0.01369	0.00654	0.00185	0.00278	0.01148	0.00526	0.00474
40	0.01182	0.01046	0.03706	0.00850	0.01351	0.00759	0.00707	0.01440	0.01160	0.03763	0.01016	0.01168	0.00831	0.00421	0.00418	0.00087	0.00425	0.00337	0.00334	0.78999
41	0.01111	0.02865	0.77667	0.01579	0.02397	0.01286	0.02046	0.01754	0.01169	0.01754	0.00994	0.01169	0.00702	0.00526	0.00526	0.00175	0.00818	0.00409	0.00234	0.00818
42	0.00778	0.00566	0.00733	0.00691	0.00824	0.00520	0.00518	0.01035	0.01555	0.02190	0.73800	0.04187	0.08234	0.01144	0.00653	0.00175	0.00262	0.01009	0.00606	0.00520
43	0.01209	0.01258	0.07789	0.27627	0.18071	0.01263	0.03757	0.01933	0.23005	0.01805	0.01482	0.03987	0.01193	0.00653	0.00566	0.00184	0.00629	0.02469	0.00359	0.00759
44	0.58363	0.01128	0.01008	0.00849	0.01217	0.02882	0.00697	0.09233	0.01249	0.17230	0.01106	0.01138	0.00787	0.00564	0.00409	0.00170	0.00467	0.00371	0.00430	0.00702
45	0.00713	0.00563	0.00642	0.00622	0.00784	0.00492	0.00466	0.00907	0.01399	0.01821	0.37559	0.04795	0.44705	0.01281	0.00654	0.00181	0.00272	0.01094	0.00557	0.00492
46	0.01094	0.02148	0.47175	0.04027	0.03460	0.04966	0.06410	0.01580	0.01236	0.01736	0.09455	0.04375	0.06809	0.00702	0.00591	0.00178	0.02436	0.00584	0.00310	0.00726
47	0.01742	0.03889	0.30463	0.01417	0.01989	0.11538	0.07865	0.09998	0.01500	0.22233	0.01338	0.01378	0.00921	0.00583	0.00541	0.00169	0.00731	0.00470	0.00401	0.00833
48	0.00808	0.00567	0.00782	0.00752	0.00862	0.00533	0.02339	0.00964	0.01318	0.01825	0.45744	0.12610	0.08071	0.02861	0.02560	0.13221	0.00357	0.02844	0.00514	0.00468
49	0.02917	0.09173	0.32061	0.01171	0.01646	0.03338	0.02624	0.01637	0.08772	0.01929	0.26436	0.02220	0.02314	0.00746	0.00554	0.00170	0.00572	0.00619	0.00397	0.00704

[dist]
# distance from previous block
# <min> <max>
5	876

# created by:
# /home/berkeley/.conda/envs/busco_data_prod/bin/msa2prfl.pl pipeline/OGs_align_augustus/33634/2321.fs
