[name]
unknown

[dist]
# distance from previous block
# <min> <max>
0	68

[block]
# block no. 0 follows, 44 sequences, length 85
# corresponding to MSA columns:
# 129-212,217
name=unknown_A
#
# <colnr> <probs for GDERKNQSTAVLIFYWHMCP>
#	G	D	E	R	K	N	Q	S	T	A	V	L	I	F	Y	W	H	M	C	P
0	0.04526	0.01012	0.01311	0.02738	0.01461	0.00986	0.04021	0.13803	0.07623	0.38882	0.06514	0.06943	0.01653	0.00766	0.00562	0.00173	0.00484	0.02575	0.00577	0.03392
1	0.03897	0.00939	0.01267	0.04476	0.04054	0.02590	0.08387	0.09867	0.02926	0.09390	0.01723	0.13608	0.01690	0.21715	0.01179	0.00271	0.02323	0.03697	0.00412	0.05590
2	0.05431	0.01303	0.03809	0.01115	0.01509	0.01344	0.00931	0.42261	0.09920	0.15413	0.05436	0.04024	0.03551	0.00731	0.00549	0.00170	0.00524	0.00577	0.00549	0.00854
3	0.01317	0.01090	0.01443	0.35990	0.02459	0.01272	0.01155	0.15465	0.21732	0.03761	0.04179	0.05081	0.01311	0.00691	0.00558	0.00180	0.00583	0.00586	0.00416	0.00731
4	0.08095	0.01325	0.01432	0.01183	0.04187	0.03308	0.00930	0.44859	0.05365	0.13716	0.01428	0.01423	0.01015	0.00633	0.00514	0.00160	0.00542	0.00482	0.05977	0.03425
5	0.01489	0.03499	0.01297	0.01055	0.01362	0.01116	0.03460	0.20213	0.17810	0.12486	0.14697	0.05143	0.04059	0.00887	0.00592	0.00182	0.00471	0.08880	0.00548	0.00756
6	0.01762	0.01244	0.01403	0.01125	0.01508	0.02616	0.02552	0.31105	0.20905	0.14756	0.03579	0.04432	0.01365	0.00699	0.00544	0.00164	0.00512	0.00567	0.00537	0.08624
7	0.08306	0.01264	0.01334	0.01112	0.01469	0.01418	0.00891	0.30092	0.36741	0.05971	0.04408	0.01734	0.01411	0.00699	0.00537	0.00174	0.00489	0.00554	0.00541	0.00856
8	0.00675	0.00499	0.00660	0.03526	0.00890	0.00472	0.00533	0.00784	0.01065	0.01400	0.03176	0.70426	0.10609	0.01635	0.00686	0.00216	0.00327	0.01474	0.00497	0.00450
9	0.01040	0.00926	0.01528	0.01715	0.22107	0.00924	0.12079	0.02976	0.04834	0.01642	0.06254	0.21831	0.02005	0.09223	0.08134	0.00285	0.00634	0.00854	0.00378	0.00630
10	0.01305	0.32865	0.43376	0.01301	0.01940	0.05722	0.01526	0.03381	0.01187	0.01574	0.00894	0.01040	0.00700	0.00504	0.00453	0.00149	0.00725	0.00359	0.00241	0.00759
11	0.01049	0.01253	0.16656	0.05806	0.04773	0.00990	0.01031	0.01770	0.23508	0.02056	0.31809	0.02606	0.02768	0.00822	0.00581	0.00176	0.00465	0.00707	0.00476	0.00697
12	0.00664	0.00474	0.00633	0.00759	0.00791	0.00443	0.00506	0.00759	0.01044	0.01392	0.03005	0.80485	0.03606	0.01708	0.00696	0.00221	0.00316	0.01550	0.00506	0.00443
13	0.01615	0.01173	0.03573	0.02117	0.36959	0.01134	0.01244	0.02134	0.15308	0.22614	0.01647	0.03821	0.01264	0.00640	0.00553	0.00172	0.00549	0.02178	0.00444	0.00860
14	0.01667	0.01823	0.35508	0.01379	0.04751	0.01096	0.03941	0.05303	0.01384	0.31166	0.03790	0.01539	0.01104	0.00609	0.00568	0.00172	0.02429	0.00494	0.00430	0.00844
15	0.01195	0.01320	0.02820	0.02056	0.02531	0.01237	0.63829	0.01605	0.01271	0.01725	0.04584	0.10448	0.01324	0.00628	0.00649	0.00188	0.00823	0.00760	0.00316	0.00693
16	0.00712	0.00549	0.00651	0.00638	0.00781	0.00487	0.00474	0.00909	0.01384	0.01839	0.42731	0.10378	0.33965	0.01267	0.00648	0.00180	0.00269	0.01095	0.00555	0.00487
17	0.01130	0.00969	0.01130	0.00807	0.01292	0.00727	0.00646	0.01373	0.01130	0.01776	0.00969	0.01130	0.00807	0.00404	0.00404	0.00081	0.00404	0.00323	0.00323	0.84173
18	0.03284	0.03528	0.21009	0.06558	0.06729	0.01017	0.09094	0.03412	0.01343	0.11021	0.21255	0.05799	0.02110	0.00745	0.00571	0.00173	0.00573	0.00661	0.00413	0.00705
19	0.01196	0.01215	0.05212	0.37247	0.41350	0.01257	0.01617	0.01550	0.01170	0.01606	0.00998	0.01387	0.00795	0.00514	0.00541	0.00171	0.00690	0.00482	0.00256	0.00746
20	0.01282	0.01454	0.03156	0.04243	0.04466	0.01373	0.72041	0.01736	0.01281	0.01738	0.01098	0.01468	0.00825	0.00462	0.00639	0.00183	0.00909	0.00636	0.00275	0.00735
21	0.01595	0.01961	0.41284	0.01594	0.12159	0.01110	0.01549	0.02041	0.01305	0.28006	0.01390	0.01421	0.00941	0.00568	0.00531	0.00170	0.00666	0.00464	0.00389	0.00856
22	0.01908	0.05045	0.20398	0.01387	0.09166	0.01151	0.01226	0.12731	0.01552	0.37557	0.01569	0.01511	0.01050	0.00605	0.00531	0.00166	0.00591	0.00487	0.00487	0.00881
23	0.00735	0.00542	0.00746	0.00922	0.05379	0.00518	0.00595	0.00850	0.01054	0.01409	0.02768	0.62541	0.03263	0.08275	0.00867	0.00246	0.00371	0.07981	0.00477	0.00464
24	0.03181	0.01135	0.03387	0.02437	0.49198	0.01089	0.01322	0.03450	0.01290	0.10320	0.05424	0.12427	0.01512	0.00714	0.00563	0.00172	0.00558	0.00660	0.00373	0.00789
25	0.01685	0.01310	0.08367	0.02383	0.43858	0.01134	0.03688	0.02002	0.01340	0.26685	0.01393	0.01502	0.01007	0.00550	0.00544	0.00166	0.00609	0.00504	0.00399	0.00876
26	0.00670	0.00482	0.00636	0.00749	0.00791	0.00448	0.00504	0.00776	0.01079	0.01441	0.07503	0.73721	0.05854	0.01663	0.00691	0.00217	0.00312	0.01505	0.00512	0.00448
27	0.01308	0.01246	0.02119	0.03192	0.72866	0.01244	0.01604	0.01619	0.01230	0.01758	0.01144	0.06071	0.01027	0.00559	0.00549	0.00165	0.00628	0.00549	0.00284	0.00838
28	0.01975	0.01098	0.01685	0.01865	0.27983	0.01032	0.04286	0.03755	0.03652	0.44350	0.01699	0.01657	0.01159	0.00601	0.00549	0.00167	0.00549	0.00531	0.00510	0.00895
29	0.01279	0.12101	0.57873	0.01484	0.04348	0.03417	0.01747	0.03922	0.01224	0.06254	0.01029	0.01166	0.00743	0.00525	0.00500	0.00164	0.00752	0.00402	0.00269	0.00801
30	0.01146	0.01121	0.01567	0.01356	0.01363	0.01550	0.01119	0.01266	0.00836	0.01298	0.00812	0.01362	0.00816	0.04576	0.07362	0.00297	0.70832	0.00498	0.00246	0.00577
31	0.84691	0.01054	0.00801	0.00717	0.01054	0.01223	0.00590	0.01603	0.00928	0.02446	0.00759	0.00886	0.00590	0.00506	0.00337	0.00169	0.00422	0.00295	0.00337	0.00590
32	0.01667	0.17633	0.01877	0.01271	0.01550	0.15005	0.01067	0.24832	0.01554	0.01976	0.00932	0.01129	0.00776	0.00695	0.00886	0.00174	0.25486	0.00422	0.00341	0.00727
33	0.01274	0.01258	0.04217	0.02872	0.60987	0.01250	0.01538	0.01582	0.01224	0.01758	0.05708	0.01700	0.01203	0.00608	0.00659	0.00173	0.07261	0.03629	0.00296	0.00803
34	0.04419	0.01049	0.01206	0.01057	0.04480	0.01109	0.00803	0.35134	0.01969	0.02737	0.35315	0.02599	0.04088	0.00860	0.00583	0.00168	0.00437	0.00716	0.00550	0.00720
35	0.00663	0.00497	0.00615	0.00704	0.00778	0.00450	0.00483	0.00774	0.01110	0.01438	0.05994	0.58894	0.22412	0.01606	0.00681	0.00210	0.00304	0.01430	0.00509	0.00450
36	0.81153	0.04460	0.00889	0.00726	0.01069	0.01263	0.00605	0.01604	0.00935	0.02397	0.00759	0.00885	0.00595	0.00504	0.00338	0.00166	0.00429	0.00295	0.00333	0.00595
37	0.01288	0.06677	0.50505	0.01578	0.04048	0.14562	0.07430	0.01777	0.01233	0.01635	0.01023	0.01318	0.00796	0.00553	0.00523	0.00168	0.00818	0.03059	0.00253	0.00755
38	0.00783	0.00569	0.00739	0.00694	0.00826	0.00531	0.00521	0.01065	0.02997	0.02188	0.75698	0.04033	0.05077	0.01107	0.00641	0.00172	0.00261	0.00979	0.00599	0.00521
39	0.01386	0.01186	0.01250	0.01116	0.01429	0.01370	0.00870	0.05989	0.73313	0.02330	0.02180	0.02003	0.01633	0.00736	0.00554	0.00184	0.00439	0.00611	0.00554	0.00866
40	0.00746	0.00556	0.00694	0.00659	0.00799	0.00504	0.00495	0.00980	0.01484	0.02045	0.62929	0.04306	0.19456	0.01167	0.00643	0.00174	0.00261	0.01019	0.00581	0.00504
41	0.01395	0.54973	0.23354	0.01122	0.01679	0.01885	0.01235	0.06073	0.01206	0.01533	0.00851	0.00976	0.00711	0.00492	0.00408	0.00135	0.00645	0.00334	0.00251	0.00742
42	0.01287	0.01471	0.03217	0.02298	0.02849	0.01379	0.75460	0.01746	0.01287	0.01746	0.01103	0.01471	0.00827	0.00460	0.00643	0.00184	0.00919	0.00643	0.00276	0.00735
43	0.01257	0.00739	0.00812	0.00743	0.00952	0.00769	0.00573	0.01844	0.21259	0.11401	0.07081	0.04094	0.01771	0.00727	0.00473	0.00153	0.00329	0.00600	0.43771	0.00653
44	0.00660	0.00524	0.00603	0.00651	0.00771	0.00467	0.00466	0.00785	0.01144	0.01429	0.04309	0.34081	0.44300	0.01669	0.05321	0.00240	0.00362	0.01271	0.00493	0.00455
45	0.84691	0.01054	0.00801	0.00717	0.01054	0.01223	0.00590	0.01603	0.00928	0.02446	0.00759	0.00886	0.00590	0.00506	0.00337	0.00169	0.00422	0.00295	0.00337	0.00590
46	0.84691	0.01054	0.00801	0.00717	0.01054	0.01223	0.00590	0.01603	0.00928	0.02446	0.00759	0.00886	0.00590	0.00506	0.00337	0.00169	0.00422	0.00295	0.00337	0.00590
47	0.11695	0.00964	0.01226	0.00952	0.01365	0.00881	0.00786	0.05174	0.01525	0.66642	0.01964	0.01727	0.01249	0.00655	0.00524	0.00169	0.00464	0.00518	0.00632	0.00890
48	0.01030	0.00969	0.01635	0.79530	0.03755	0.01211	0.01514	0.01393	0.01090	0.01393	0.00969	0.01453	0.00727	0.00545	0.00545	0.00182	0.00727	0.00484	0.00242	0.00606
49	0.62203	0.16542	0.01263	0.00800	0.01170	0.01440	0.00691	0.07374	0.01090	0.02299	0.00802	0.00916	0.00638	0.00510	0.00356	0.00158	0.00467	0.00310	0.00333	0.00638
50	0.00728	0.00556	0.00669	0.00640	0.00788	0.00496	0.00480	0.00945	0.01441	0.01944	0.52787	0.04472	0.29660	0.01205	0.00643	0.00176	0.00264	0.01042	0.00568	0.00496
51	0.01336	0.01296	0.02255	0.05629	0.70720	0.01298	0.06071	0.01669	0.01239	0.01767	0.01028	0.01360	0.00857	0.00486	0.00546	0.00164	0.00666	0.00495	0.00269	0.00848
52	0.01359	0.00827	0.00868	0.00750	0.00977	0.00876	0.00592	0.22118	0.04270	0.04320	0.01673	0.01826	0.01275	0.00645	0.00437	0.00140	0.00362	0.00508	0.55529	0.00648
53	0.00802	0.00573	0.00790	0.00916	0.01008	0.00561	0.00745	0.00997	0.01179	0.01546	0.02929	0.32777	0.03305	0.01578	0.00733	0.00240	0.00435	0.47900	0.00503	0.00481
54	0.00687	0.00496	0.00643	0.00737	0.00791	0.00462	0.00504	0.00802	0.01101	0.01464	0.10169	0.60881	0.09143	0.05777	0.00798	0.00231	0.00326	0.04035	0.00506	0.00447
55	0.00947	0.00473	0.00710	0.00710	0.00710	0.00473	0.00473	0.00710	0.00710	0.00947	0.00947	0.01657	0.00947	0.01894	0.02131	0.84138	0.00473	0.00473	0.00237	0.00237
56	0.01115	0.07495	0.73531	0.01517	0.02302	0.01319	0.01950	0.01721	0.01148	0.01700	0.00965	0.01135	0.00691	0.00515	0.00508	0.00169	0.00792	0.00396	0.00230	0.00799
57	0.01356	0.01171	0.01233	0.01109	0.01418	0.01356	0.00863	0.02897	0.76455	0.02281	0.02219	0.02034	0.01664	0.00740	0.00555	0.00185	0.00431	0.00616	0.00555	0.00863
58	0.02072	0.01527	0.01636	0.01254	0.01691	0.01691	0.01036	0.75622	0.02563	0.03436	0.01309	0.01309	0.00927	0.00654	0.00545	0.00164	0.00600	0.00491	0.00545	0.00927
59	0.01071	0.01104	0.00903	0.00950	0.01056	0.23611	0.00668	0.01179	0.01192	0.01375	0.02364	0.56934	0.02746	0.01368	0.00635	0.00197	0.00514	0.01195	0.00439	0.00499
60	0.00664	0.00474	0.00633	0.00759	0.00791	0.00443	0.00506	0.00759	0.01044	0.01392	0.03005	0.80485	0.03606	0.01708	0.00696	0.00221	0.00316	0.01550	0.00506	0.00443
61	0.01458	0.81168	0.02857	0.00933	0.01399	0.02157	0.00933	0.01632	0.01108	0.01283	0.00758	0.00875	0.00700	0.00466	0.00350	0.00117	0.00583	0.00292	0.00233	0.00700
62	0.02180	0.00981	0.01269	0.00962	0.01397	0.00856	0.00791	0.07995	0.01559	0.58417	0.01873	0.01683	0.01219	0.00624	0.00522	0.00152	0.00463	0.00503	0.00601	0.15950
63	0.01286	0.11249	0.56251	0.01480	0.02178	0.06347	0.05619	0.01802	0.01203	0.06225	0.01022	0.01169	0.00739	0.00521	0.00506	0.00165	0.00778	0.00409	0.00263	0.00786
64	0.01093	0.02820	0.78016	0.01554	0.02360	0.01266	0.02014	0.01727	0.01151	0.01727	0.00978	0.01151	0.00691	0.00518	0.00518	0.00173	0.00806	0.00403	0.00230	0.00806
65	0.84691	0.01054	0.00801	0.00717	0.01054	0.01223	0.00590	0.01603	0.00928	0.02446	0.00759	0.00886	0.00590	0.00506	0.00337	0.00169	0.00422	0.00295	0.00337	0.00590
66	0.00644	0.00552	0.00552	0.00552	0.00736	0.00460	0.00414	0.00782	0.01243	0.01473	0.05523	0.05247	0.77218	0.01381	0.00644	0.00184	0.00276	0.01151	0.00506	0.00460
67	0.01030	0.00969	0.01635	0.79530	0.03755	0.01211	0.01514	0.01393	0.01090	0.01393	0.00969	0.01453	0.00727	0.00545	0.00545	0.00182	0.00727	0.00484	0.00242	0.00606
68	0.00793	0.00529	0.00595	0.00595	0.00595	0.00529	0.00330	0.00793	0.00793	0.01057	0.01718	0.03568	0.01982	0.80840	0.02775	0.00529	0.00529	0.00793	0.00330	0.00330
69	0.01030	0.00969	0.01635	0.79530	0.03755	0.01211	0.01514	0.01393	0.01090	0.01393	0.00969	0.01453	0.00727	0.00545	0.00545	0.00182	0.00727	0.00484	0.00242	0.00606
70	0.84691	0.01054	0.00801	0.00717	0.01054	0.01223	0.00590	0.01603	0.00928	0.02446	0.00759	0.00886	0.00590	0.00506	0.00337	0.00169	0.00422	0.00295	0.00337	0.00590
71	0.00962	0.00868	0.01228	0.04491	0.01263	0.01122	0.00916	0.01099	0.00906	0.01322	0.01468	0.21255	0.01592	0.03144	0.17184	0.00367	0.39191	0.00773	0.00318	0.00531
72	0.01451	0.01218	0.01286	0.01129	0.01454	0.01400	0.00886	0.12525	0.66672	0.02434	0.02098	0.01938	0.01567	0.00728	0.00553	0.00182	0.00454	0.00600	0.00553	0.00871
73	0.00644	0.00552	0.00552	0.00552	0.00736	0.00460	0.00414	0.00782	0.01243	0.01473	0.05523	0.05247	0.77218	0.01381	0.00644	0.00184	0.00276	0.01151	0.00506	0.00460
74	0.01130	0.00969	0.01130	0.00807	0.01292	0.00727	0.00646	0.01373	0.01130	0.01776	0.00969	0.01130	0.00807	0.00404	0.00404	0.00081	0.00404	0.00323	0.00323	0.84173
75	0.01276	0.37553	0.42992	0.01275	0.01919	0.03382	0.01513	0.01695	0.01141	0.01521	0.00878	0.01025	0.00695	0.00496	0.00443	0.00147	0.00711	0.00352	0.00233	0.00755
76	0.00790	0.00486	0.00588	0.00670	0.00735	0.00466	0.00462	0.00941	0.01079	0.01620	0.02568	0.52531	0.02819	0.01326	0.00584	0.00188	0.00294	0.01179	0.30209	0.00466
77	0.01287	0.01471	0.03217	0.02298	0.02849	0.01379	0.75460	0.01746	0.01287	0.01746	0.01103	0.01471	0.00827	0.00460	0.00643	0.00184	0.00919	0.00643	0.00276	0.00735
78	0.01405	0.01600	0.17095	0.02429	0.32826	0.01258	0.22884	0.01816	0.01273	0.10338	0.01166	0.01403	0.00874	0.00506	0.00566	0.00171	0.00736	0.00522	0.00310	0.00823
79	0.01058	0.00964	0.04653	0.03191	0.32704	0.00878	0.01064	0.01339	0.01303	0.03158	0.22970	0.08600	0.08090	0.00841	0.00576	0.00169	0.00460	0.00758	0.06552	0.00670
80	0.00664	0.00474	0.00633	0.00759	0.00791	0.00443	0.00506	0.00759	0.01044	0.01392	0.03005	0.80485	0.03606	0.01708	0.00696	0.00221	0.00316	0.01550	0.00506	0.00443
81	0.01130	0.00969	0.01130	0.00807	0.01292	0.00727	0.00646	0.01373	0.01130	0.01776	0.00969	0.01130	0.00807	0.00404	0.00404	0.00081	0.00404	0.00323	0.00323	0.84173
82	0.07192	0.01130	0.01292	0.01232	0.07615	0.01227	0.00894	0.03873	0.47917	0.15089	0.01941	0.01818	0.01423	0.00676	0.00531	0.00174	0.00456	0.00558	0.00527	0.04436
83	0.01267	0.00799	0.01149	0.01274	0.14480	0.00813	0.00807	0.02755	0.01103	0.17646	0.01665	0.02328	0.03090	0.21615	0.24513	0.00471	0.02599	0.00620	0.00387	0.00618
84	0.01286	0.01382	0.13900	0.01611	0.18522	0.01137	0.03846	0.17988	0.03939	0.02172	0.12153	0.02187	0.11096	0.00730	0.00561	0.00165	0.00550	0.00626	0.00412	0.05736

[dist]
# distance from previous block
# <min> <max>
1	6

[block]
# block no. 1 follows, 44 sequences, length 35
# corresponding to MSA columns:
# 224-258
name=unknown_B
#
# <colnr> <probs for GDERKNQSTAVLIFYWHMCP>
#	G	D	E	R	K	N	Q	S	T	A	V	L	I	F	Y	W	H	M	C	P
0	0.49964	0.16173	0.04659	0.00993	0.01393	0.06565	0.07782	0.01696	0.01064	0.04300	0.00847	0.00985	0.00667	0.00504	0.00392	0.00159	0.00553	0.00343	0.00314	0.00646
1	0.79514	0.06038	0.00929	0.00730	0.01076	0.01281	0.00612	0.01604	0.00939	0.02374	0.00759	0.00885	0.00597	0.00504	0.00338	0.00165	0.00432	0.00295	0.00331	0.00597
2	0.01093	0.02820	0.78016	0.01554	0.02360	0.01266	0.02014	0.01727	0.01151	0.01727	0.00978	0.01151	0.00691	0.00518	0.00518	0.00173	0.00806	0.00403	0.00230	0.00806
3	0.01130	0.00969	0.01130	0.00807	0.01292	0.00727	0.00646	0.01373	0.01130	0.01776	0.00969	0.01130	0.00807	0.00404	0.00404	0.00081	0.00404	0.00323	0.00323	0.84173
4	0.05539	0.00645	0.00771	0.00840	0.00951	0.00662	0.00615	0.01209	0.13584	0.01632	0.02808	0.51254	0.05242	0.01444	0.00658	0.00215	0.00364	0.10534	0.00504	0.00529
5	0.01046	0.00876	0.01041	0.00808	0.01205	0.00677	0.00633	0.01265	0.01122	0.01709	0.01373	0.13988	0.01350	0.00657	0.00465	0.00110	0.00394	0.03548	0.00360	0.67373
6	0.01093	0.02820	0.78016	0.01554	0.02360	0.01266	0.02014	0.01727	0.01151	0.01727	0.00978	0.01151	0.00691	0.00518	0.00518	0.00173	0.00806	0.00403	0.00230	0.00806
7	0.45880	0.01115	0.01094	0.00893	0.01273	0.01203	0.00737	0.16741	0.01427	0.23019	0.01246	0.01233	0.00863	0.00581	0.00436	0.00168	0.00469	0.00403	0.00470	0.00749
8	0.00663	0.00479	0.00628	0.00748	0.00788	0.00444	0.00501	0.00760	0.01055	0.01396	0.03144	0.76336	0.07665	0.01690	0.00693	0.00219	0.00314	0.01528	0.00506	0.00444
9	0.00724	0.00552	0.00649	0.00693	0.00793	0.00517	0.00485	0.00915	0.05036	0.01504	0.10554	0.35223	0.26231	0.10797	0.00913	0.00240	0.00333	0.02880	0.00497	0.00465
10	0.00947	0.00473	0.00710	0.00710	0.00710	0.00473	0.00473	0.00710	0.00710	0.00947	0.00947	0.01657	0.00947	0.01894	0.02131	0.84138	0.00473	0.00473	0.00237	0.00237
11	0.00664	0.00474	0.00633	0.00759	0.00791	0.00443	0.00506	0.00759	0.01044	0.01392	0.03005	0.80485	0.03606	0.01708	0.00696	0.00221	0.00316	0.01550	0.00506	0.00443
12	0.00684	0.00489	0.00656	0.00782	0.00823	0.00460	0.00541	0.00794	0.01064	0.01414	0.02994	0.73503	0.03562	0.01689	0.00701	0.00224	0.00334	0.08333	0.00506	0.00448
13	0.00733	0.00535	0.00700	0.00813	0.00873	0.00520	0.00578	0.00931	0.05321	0.01475	0.02944	0.65794	0.03432	0.01626	0.00696	0.00223	0.00348	0.11476	0.00508	0.00475
14	0.01356	0.01171	0.01233	0.01109	0.01418	0.01356	0.00863	0.02897	0.76455	0.02281	0.02219	0.02034	0.01664	0.00740	0.00555	0.00185	0.00431	0.00616	0.00555	0.00863
15	0.61010	0.08670	0.01155	0.00840	0.01209	0.01401	0.00708	0.15818	0.01259	0.02527	0.00865	0.00966	0.00665	0.00531	0.00378	0.00163	0.00471	0.00332	0.00368	0.00665
16	0.01156	0.10750	0.63048	0.01448	0.02172	0.01367	0.01795	0.01827	0.08219	0.01733	0.01072	0.01205	0.00783	0.00533	0.00504	0.00168	0.00748	0.00411	0.00261	0.00800
17	0.00761	0.00557	0.00640	0.00624	0.00781	0.00491	0.00466	0.00950	0.01346	0.03759	0.31996	0.09216	0.39293	0.01241	0.00630	0.00178	0.00275	0.01062	0.05242	0.00494
18	0.01130	0.00969	0.01130	0.00807	0.01292	0.00727	0.00646	0.01373	0.01130	0.01776	0.00969	0.01130	0.00807	0.00404	0.00404	0.00081	0.00404	0.00323	0.00323	0.84173
19	0.01399	0.01192	0.01257	0.01118	0.01434	0.01376	0.00873	0.07215	0.72067	0.02349	0.02165	0.01991	0.01620	0.00735	0.00554	0.00184	0.00441	0.00609	0.00554	0.00867
20	0.01574	0.03245	0.01893	0.09078	0.46738	0.01161	0.01374	0.01866	0.01295	0.19870	0.01279	0.01454	0.00960	0.00531	0.00530	0.00159	0.00595	0.00486	0.00366	0.05546
21	0.01791	0.07481	0.34118	0.01222	0.01811	0.01114	0.01333	0.03644	0.01373	0.38411	0.01534	0.01474	0.01014	0.00593	0.00521	0.00167	0.00621	0.00467	0.00451	0.00859
22	0.01264	0.01630	0.12030	0.02210	0.02792	0.01365	0.66806	0.01744	0.01271	0.01744	0.01088	0.01433	0.00811	0.00466	0.00629	0.00183	0.00906	0.00615	0.00270	0.00744
23	0.01640	0.00760	0.01000	0.00831	0.01112	0.00687	0.00661	0.01920	0.04221	0.39760	0.32602	0.02773	0.02905	0.00853	0.00577	0.00168	0.00366	0.00726	0.05704	0.00732
24	0.01656	0.53915	0.02380	0.01107	0.06135	0.01777	0.00951	0.03468	0.05482	0.16775	0.01148	0.01175	0.00899	0.00529	0.00417	0.00135	0.00555	0.00378	0.00349	0.00770
25	0.18457	0.01417	0.07511	0.01125	0.01540	0.01423	0.00982	0.37750	0.12011	0.07058	0.01408	0.01542	0.01056	0.00662	0.00511	0.00172	0.00546	0.03520	0.00485	0.00823
26	0.00695	0.00498	0.00660	0.00738	0.00798	0.00463	0.00508	0.00837	0.01187	0.01620	0.24323	0.58515	0.04048	0.01537	0.00681	0.00207	0.00299	0.01388	0.00533	0.00463
27	0.01356	0.01171	0.01233	0.01109	0.01418	0.01356	0.00863	0.02897	0.76455	0.02281	0.02219	0.02034	0.01664	0.00740	0.00555	0.00185	0.00431	0.00616	0.00555	0.00863
28	0.02073	0.01274	0.09238	0.01280	0.06558	0.05360	0.02480	0.02326	0.01423	0.52079	0.01728	0.01632	0.01144	0.00662	0.00660	0.00174	0.08005	0.00513	0.00532	0.00860
29	0.01142	0.19071	0.57473	0.01362	0.02058	0.01402	0.01688	0.01648	0.01148	0.01618	0.01215	0.01348	0.05453	0.00561	0.00491	0.00162	0.00726	0.00426	0.00248	0.00762
30	0.00687	0.00488	0.00645	0.00762	0.00797	0.00461	0.00516	0.00785	0.01038	0.01382	0.02901	0.70111	0.03455	0.07611	0.00855	0.00246	0.00344	0.05986	0.00493	0.00438
31	0.01133	0.01100	0.01538	0.01335	0.01344	0.01516	0.01099	0.01253	0.00837	0.01294	0.00839	0.01408	0.00844	0.05503	0.09064	0.00314	0.68257	0.00504	0.00248	0.00572
32	0.01828	0.01480	0.11046	0.01692	0.13676	0.01298	0.11891	0.25288	0.01739	0.22388	0.01418	0.01464	0.00986	0.00589	0.00556	0.00169	0.00642	0.00517	0.00460	0.00875
33	0.01019	0.00954	0.01606	0.77220	0.03668	0.01189	0.01484	0.01374	0.01089	0.01393	0.01029	0.03771	0.00811	0.00579	0.00549	0.00183	0.00715	0.00516	0.00250	0.00601
34	0.05677	0.01192	0.01406	0.01082	0.01507	0.01203	0.00894	0.34126	0.01967	0.42583	0.01730	0.01579	0.01136	0.00659	0.00538	0.00166	0.00521	0.00513	0.00605	0.00914

[dist]
# distance from previous block
# <min> <max>
0	1

[block]
# block no. 2 follows, 44 sequences, length 13
# corresponding to MSA columns:
# 260-264,266-273
name=unknown_C
#
# <colnr> <probs for GDERKNQSTAVLIFYWHMCP>
#	G	D	E	R	K	N	Q	S	T	A	V	L	I	F	Y	W	H	M	C	P
0	0.06137	0.01457	0.11238	0.05283	0.46962	0.03327	0.03179	0.03489	0.01284	0.10784	0.01139	0.01354	0.00876	0.00521	0.00528	0.00165	0.00650	0.00472	0.00322	0.00832
1	0.00690	0.00511	0.00645	0.00702	0.00788	0.00466	0.00492	0.00837	0.01216	0.01624	0.23821	0.46147	0.17086	0.01487	0.00672	0.00201	0.00293	0.01324	0.00532	0.00466
2	0.01130	0.00969	0.01130	0.00807	0.01292	0.00727	0.00646	0.01373	0.01130	0.01776	0.00969	0.01130	0.00807	0.00404	0.00404	0.00081	0.00404	0.00323	0.00323	0.84173
3	0.04376	0.17412	0.29926	0.01470	0.08788	0.01409	0.04516	0.09196	0.01359	0.14830	0.01170	0.01256	0.00847	0.00542	0.00494	0.00159	0.00661	0.00429	0.00347	0.00813
4	0.01238	0.01268	0.01663	0.01430	0.01445	0.05814	0.01185	0.01359	0.00873	0.01313	0.00722	0.01181	0.00715	0.00933	0.01719	0.00233	0.75597	0.00470	0.00241	0.00598
5	0.00847	0.00576	0.00743	0.00691	0.00838	0.00525	0.00522	0.01093	0.01523	0.05935	0.68290	0.04045	0.10079	0.01111	0.00638	0.00172	0.00269	0.00976	0.00597	0.00531
6	0.01068	0.01234	0.13490	0.08513	0.23372	0.01015	0.01207	0.01556	0.10674	0.01842	0.17719	0.06845	0.07586	0.00797	0.00577	0.00175	0.00523	0.00705	0.00398	0.00704
7	0.04284	0.04106	0.06130	0.01748	0.19724	0.01130	0.13484	0.04481	0.03261	0.11985	0.01193	0.01350	0.00905	0.00499	0.00507	0.00144	0.00593	0.00461	0.00356	0.23658
8	0.00720	0.00527	0.00687	0.00785	0.00866	0.00494	0.00583	0.00868	0.01153	0.01512	0.08138	0.47720	0.13411	0.01577	0.00699	0.00220	0.00351	0.18713	0.00511	0.00464
9	0.00677	0.00523	0.00621	0.00682	0.00791	0.00467	0.00491	0.00811	0.01176	0.01497	0.09252	0.38533	0.34935	0.01515	0.00674	0.00204	0.00307	0.05874	0.00512	0.00459
10	0.01321	0.05344	0.01506	0.24545	0.12231	0.20203	0.01126	0.01579	0.01251	0.01569	0.06597	0.01577	0.01171	0.00691	0.02453	0.00176	0.03198	0.00484	0.12348	0.00628
11	0.04412	0.26808	0.02038	0.01178	0.01599	0.04592	0.05137	0.31700	0.05736	0.07447	0.01174	0.01226	0.00891	0.00591	0.00521	0.00153	0.03141	0.00435	0.00414	0.00808
12	0.00685	0.00483	0.00627	0.00733	0.00760	0.00456	0.00478	0.00764	0.01004	0.01339	0.02801	0.68331	0.03349	0.14211	0.01024	0.00270	0.00350	0.01430	0.00478	0.00425

[dist]
# distance from previous block
# <min> <max>
0	1

[block]
# block no. 3 follows, 44 sequences, length 27
# corresponding to MSA columns:
# 275-298,301-303
name=unknown_D
#
# <colnr> <probs for GDERKNQSTAVLIFYWHMCP>
#	G	D	E	R	K	N	Q	S	T	A	V	L	I	F	Y	W	H	M	C	P
0	0.01349	0.01295	0.02213	0.03346	0.77440	0.01295	0.01673	0.01673	0.01241	0.01781	0.01025	0.01349	0.00864	0.00486	0.00540	0.00162	0.00648	0.00486	0.00270	0.00864
1	0.09709	0.30322	0.01969	0.01136	0.01456	0.12929	0.00981	0.12183	0.05052	0.01764	0.00912	0.01076	0.00773	0.00624	0.00702	0.00160	0.16858	0.00383	0.00312	0.00698
2	0.01341	0.00762	0.01006	0.00988	0.01207	0.00748	0.00825	0.01726	0.10553	0.22168	0.02617	0.10636	0.02515	0.01205	0.00669	0.00218	0.00468	0.39137	0.00555	0.00656
3	0.01193	0.01193	0.01670	0.01431	0.01431	0.01670	0.01193	0.01312	0.00835	0.01312	0.00716	0.01193	0.00716	0.00954	0.01789	0.00239	0.79843	0.00477	0.00239	0.00596
4	0.01221	0.00966	0.01140	0.00819	0.01299	0.00732	0.00657	0.01461	0.01160	0.07016	0.01050	0.01180	0.00845	0.00422	0.00414	0.00087	0.00408	0.00339	0.00347	0.78438
5	0.00879	0.00628	0.00879	0.01004	0.01130	0.00628	0.00879	0.01130	0.01255	0.01632	0.02887	0.06150	0.03138	0.01506	0.00753	0.00251	0.00502	0.73770	0.00502	0.00502
6	0.01465	0.01225	0.01294	0.01131	0.01459	0.01407	0.00889	0.13920	0.65254	0.02456	0.02081	0.01924	0.01552	0.00727	0.00553	0.00182	0.00457	0.00597	0.00553	0.00873
7	0.01259	0.01413	0.03056	0.02209	0.02731	0.01327	0.70321	0.01704	0.01285	0.01738	0.01226	0.01793	0.00986	0.00532	0.00651	0.00188	0.00890	0.05682	0.00291	0.00719
8	0.00740	0.00506	0.00610	0.00662	0.00675	0.00493	0.00403	0.00779	0.00896	0.01195	0.02247	0.35173	0.02649	0.48325	0.01921	0.00402	0.00441	0.01104	0.00403	0.00377
9	0.07565	0.01304	0.01402	0.01115	0.01497	0.01426	0.00909	0.48540	0.11041	0.08536	0.07814	0.01730	0.03226	0.00712	0.00543	0.00168	0.00521	0.00553	0.00545	0.00851
10	0.01364	0.00731	0.00881	0.00767	0.01029	0.00656	0.00600	0.04077	0.04048	0.28179	0.09751	0.09283	0.32632	0.01076	0.00603	0.00179	0.00359	0.00903	0.02225	0.00657
11	0.34094	0.00976	0.01087	0.00873	0.01262	0.00964	0.00720	0.02251	0.01317	0.48815	0.01615	0.01482	0.01057	0.00610	0.00467	0.00169	0.00448	0.00451	0.00545	0.00798
12	0.00716	0.00522	0.00674	0.00706	0.00798	0.00480	0.00503	0.00895	0.01307	0.01792	0.39972	0.36518	0.10317	0.01387	0.00665	0.00194	0.00284	0.01238	0.00553	0.00480
13	0.01368	0.01232	0.01284	0.01168	0.01419	0.15413	0.06424	0.01981	0.24148	0.07166	0.02041	0.05627	0.01873	0.06433	0.00759	0.00218	0.00594	0.19722	0.00461	0.00670
14	0.02393	0.00916	0.01248	0.00961	0.01373	0.00792	0.00792	0.02605	0.01560	0.75401	0.04547	0.01926	0.01471	0.00689	0.00551	0.00169	0.00457	0.00562	0.00672	0.00915
15	0.01077	0.00618	0.00821	0.00866	0.01014	0.00593	0.00706	0.01289	0.01234	0.12545	0.02631	0.21282	0.02708	0.01293	0.00652	0.00213	0.00416	0.35707	0.13784	0.00551
16	0.01551	0.01868	0.02627	0.01983	0.02439	0.28640	0.49210	0.01898	0.01378	0.01601	0.01011	0.01299	0.00783	0.00496	0.00590	0.00169	0.00942	0.00540	0.00278	0.00699
17	0.01333	0.01158	0.01295	0.01278	0.07680	0.01319	0.00917	0.02725	0.67411	0.02236	0.04947	0.02054	0.01729	0.00733	0.00557	0.00183	0.00443	0.00620	0.00533	0.00850
18	0.07700	0.22486	0.47974	0.01343	0.02006	0.01480	0.04366	0.01720	0.01139	0.03801	0.00943	0.01092	0.00709	0.00506	0.00467	0.00158	0.00714	0.00379	0.00253	0.00763
19	0.02072	0.01527	0.01636	0.01254	0.01691	0.01691	0.01036	0.75622	0.02563	0.03436	0.01309	0.01309	0.00927	0.00654	0.00545	0.00164	0.00600	0.00491	0.00545	0.00927
20	0.01095	0.00979	0.03096	0.01667	0.25506	0.02940	0.05033	0.01398	0.03455	0.05414	0.24610	0.05346	0.15436	0.00883	0.00598	0.00172	0.00470	0.00792	0.00443	0.00665
21	0.00793	0.00529	0.00595	0.00595	0.00595	0.00529	0.00330	0.00793	0.00793	0.01057	0.01718	0.03568	0.01982	0.80840	0.02775	0.00529	0.00529	0.00793	0.00330	0.00330
22	0.02333	0.00981	0.01456	0.01100	0.01534	0.00858	0.08103	0.02568	0.01534	0.70378	0.02048	0.01818	0.01298	0.00654	0.00558	0.00170	0.00508	0.00558	0.00636	0.00909
23	0.01409	0.01215	0.02087	0.10326	0.51294	0.01227	0.08130	0.01730	0.01264	0.09887	0.03413	0.01502	0.01023	0.00539	0.00583	0.00169	0.02542	0.00521	0.00320	0.00817
24	0.01865	0.01160	0.04397	0.04436	0.35520	0.01051	0.01256	0.02146	0.01389	0.38810	0.01570	0.01592	0.01090	0.00581	0.00543	0.00166	0.00566	0.00513	0.00465	0.00885
25	0.00779	0.00584	0.00876	0.00876	0.00974	0.00681	0.00681	0.00974	0.00876	0.01266	0.01460	0.02142	0.01363	0.04089	0.78680	0.00876	0.01460	0.00584	0.00292	0.00487
26	0.02095	0.01112	0.01682	0.01327	0.04256	0.01054	0.13705	0.09936	0.04215	0.49574	0.01805	0.01703	0.01192	0.00640	0.00601	0.00173	0.02931	0.00557	0.00562	0.00880

[dist]
# distance from previous block
# <min> <max>
0	1

[block]
# block no. 4 follows, 44 sequences, length 38
# corresponding to MSA columns:
# 305-342
name=unknown_E
#
# <colnr> <probs for GDERKNQSTAVLIFYWHMCP>
#	G	D	E	R	K	N	Q	S	T	A	V	L	I	F	Y	W	H	M	C	P
0	0.79859	0.01061	0.00826	0.00740	0.01075	0.01231	0.00606	0.01678	0.05307	0.02436	0.00844	0.00952	0.00653	0.00520	0.00350	0.00170	0.00422	0.00314	0.00350	0.00606
1	0.00907	0.00591	0.00704	0.00659	0.00838	0.00521	0.00500	0.01105	0.01390	0.10114	0.34391	0.07134	0.33777	0.01180	0.00626	0.00177	0.00290	0.01009	0.03553	0.00535
2	0.01334	0.01354	0.01537	0.01288	0.01448	0.12098	0.01051	0.04682	0.01071	0.01506	0.00812	0.01156	0.00742	0.00771	0.01264	0.00188	0.48750	0.00428	0.00276	0.18243
3	0.01349	0.01295	0.02213	0.03346	0.77440	0.01295	0.01673	0.01673	0.01241	0.01781	0.01025	0.01349	0.00864	0.00486	0.00540	0.00162	0.00648	0.00486	0.00270	0.00864
4	0.01765	0.01428	0.01618	0.01587	0.15041	0.05194	0.01098	0.38000	0.21601	0.04729	0.01497	0.01505	0.01109	0.00643	0.00544	0.00168	0.00579	0.00518	0.00490	0.00885
5	0.01282	0.09495	0.25089	0.01458	0.08454	0.01386	0.03664	0.03929	0.33264	0.01956	0.01554	0.03593	0.01207	0.00637	0.00528	0.00173	0.00597	0.00530	0.00388	0.00816
6	0.00772	0.00578	0.00862	0.00869	0.00963	0.00668	0.00671	0.00961	0.00886	0.01273	0.01550	0.06685	0.01493	0.03951	0.74158	0.00838	0.01394	0.00640	0.00304	0.00484
7	0.01052	0.00640	0.00931	0.00870	0.00885	0.00735	0.00635	0.00906	0.00767	0.03780	0.00942	0.01567	0.00913	0.01654	0.02003	0.63604	0.17049	0.00477	0.00253	0.00337
8	0.01171	0.06342	0.34947	0.01906	0.16583	0.01318	0.13386	0.01609	0.01159	0.01657	0.01213	0.03898	0.03842	0.00611	0.00660	0.00177	0.07976	0.00523	0.00266	0.00756
9	0.01205	0.01057	0.01382	0.01213	0.01307	0.04069	0.00989	0.07388	0.01044	0.04376	0.01072	0.01537	0.00973	0.01952	0.27277	0.00439	0.41308	0.00512	0.00300	0.00601
10	0.01492	0.01022	0.01152	0.01011	0.01312	0.01110	0.00791	0.02558	0.49472	0.17602	0.10110	0.03746	0.01997	0.00782	0.00560	0.00179	0.00412	0.00656	0.03218	0.00820
11	0.00739	0.00544	0.00783	0.00827	0.00899	0.00593	0.00610	0.00893	0.00933	0.01304	0.02011	0.29786	0.02170	0.05306	0.49167	0.00636	0.01032	0.00930	0.00368	0.00467
12	0.01103	0.04957	0.75965	0.01537	0.02333	0.01290	0.01985	0.01724	0.01150	0.01714	0.00972	0.01143	0.00691	0.00517	0.00513	0.00171	0.00800	0.00400	0.00230	0.00803
13	0.01458	0.81168	0.02857	0.00933	0.01399	0.02157	0.00933	0.01632	0.01108	0.01283	0.00758	0.00875	0.00700	0.00466	0.00350	0.00117	0.00583	0.00292	0.00233	0.00700
14	0.01040	0.00790	0.00896	0.00821	0.01041	0.00783	0.00660	0.18014	0.01611	0.02102	0.19356	0.04256	0.31300	0.01180	0.00641	0.00189	0.00386	0.13816	0.00534	0.00586
15	0.00704	0.00508	0.00674	0.00788	0.00847	0.00478	0.00566	0.00834	0.01109	0.01467	0.05930	0.60912	0.07417	0.01634	0.00701	0.00223	0.00344	0.13899	0.00509	0.00457
16	0.01854	0.23975	0.01938	0.01339	0.04578	0.48176	0.01043	0.08204	0.01499	0.01515	0.00866	0.00995	0.00727	0.00541	0.00459	0.00137	0.00828	0.00352	0.00290	0.00685
17	0.00733	0.00527	0.00694	0.00712	0.00806	0.00488	0.00511	0.00931	0.01362	0.01899	0.50316	0.31728	0.04587	0.01329	0.00662	0.00190	0.00279	0.01190	0.00566	0.00488
18	0.00728	0.00558	0.00621	0.00616	0.00754	0.00501	0.00447	0.00869	0.02648	0.01510	0.15652	0.04538	0.46505	0.11840	0.01039	0.06588	0.00332	0.03334	0.00478	0.00444
19	0.02446	0.00928	0.01265	0.00970	0.01392	0.00801	0.00801	0.02657	0.01560	0.77817	0.02151	0.01856	0.01350	0.00675	0.00548	0.00169	0.00464	0.00548	0.00675	0.00928
20	0.01128	0.01050	0.01790	0.33820	0.28554	0.01136	0.07242	0.01462	0.01190	0.01633	0.04285	0.01863	0.04291	0.00611	0.00556	0.00174	0.00643	0.02864	0.05021	0.00686
21	0.00670	0.00494	0.00630	0.00735	0.00796	0.00454	0.00507	0.00779	0.01087	0.01416	0.03424	0.64558	0.15999	0.01644	0.00690	0.00216	0.00318	0.04629	0.00506	0.00448
22	0.01197	0.00967	0.01137	0.00816	0.01297	0.00730	0.00654	0.01437	0.01152	0.05605	0.01028	0.01167	0.00835	0.00417	0.00411	0.00085	0.00407	0.00334	0.00341	0.79982
23	0.01093	0.02668	0.71707	0.04005	0.02350	0.01237	0.01929	0.01698	0.01148	0.01718	0.00978	0.01160	0.00698	0.00513	0.00513	0.00168	0.00783	0.00401	0.00235	0.04997
24	0.00688	0.00548	0.00617	0.00612	0.00766	0.00477	0.00454	0.00862	0.01327	0.01702	0.28968	0.10558	0.47860	0.01318	0.00648	0.00183	0.00273	0.01126	0.00537	0.00477
25	0.02446	0.00928	0.01265	0.00970	0.01392	0.00801	0.00801	0.02657	0.01560	0.77817	0.02151	0.01856	0.01350	0.00675	0.00548	0.00169	0.00464	0.00548	0.00675	0.00928
26	0.02446	0.00928	0.01265	0.00970	0.01392	0.00801	0.00801	0.02657	0.01560	0.77817	0.02151	0.01856	0.01350	0.00675	0.00548	0.00169	0.00464	0.00548	0.00675	0.00928
27	0.00991	0.00765	0.00924	0.04865	0.01193	0.00822	0.00707	0.01619	0.27633	0.04147	0.02594	0.43455	0.02687	0.01268	0.00636	0.00206	0.00390	0.03968	0.00515	0.00617
28	0.00667	0.00553	0.00584	0.00576	0.00750	0.00470	0.00432	0.00826	0.01296	0.01600	0.18284	0.05037	0.64377	0.01333	0.00644	0.00182	0.00273	0.01121	0.00523	0.00470
29	0.00780	0.00580	0.00855	0.00855	0.00945	0.00670	0.00655	0.00960	0.00870	0.01250	0.01480	0.02250	0.01410	0.09902	0.72931	0.00850	0.01390	0.00600	0.00295	0.00475
30	0.01109	0.01011	0.01635	0.73602	0.03599	0.01248	0.01478	0.07015	0.01202	0.01548	0.00995	0.01443	0.00742	0.00553	0.00545	0.00180	0.00717	0.00485	0.00265	0.00630
31	0.01897	0.02231	0.01407	0.01269	0.01539	0.62282	0.00958	0.07269	0.01561	0.01581	0.01006	0.01153	0.00815	0.00579	0.00480	0.00140	0.00854	0.00383	0.11961	0.00636
32	0.01248	0.01042	0.01206	0.05662	0.04738	0.01164	0.00864	0.07803	0.44883	0.02272	0.20363	0.02414	0.02371	0.00803	0.00574	0.00179	0.00428	0.00684	0.00535	0.00768
33	0.00780	0.00579	0.00851	0.00851	0.00940	0.00668	0.00650	0.00957	0.00869	0.01247	0.01483	0.02268	0.01418	0.10894	0.71950	0.00845	0.01378	0.00603	0.00295	0.00473
34	0.00985	0.00701	0.00941	0.01040	0.09915	0.00741	0.00623	0.01066	0.00903	0.05637	0.01554	0.02866	0.01647	0.52166	0.10409	0.00478	0.06835	0.00695	0.00332	0.00466
35	0.12777	0.56604	0.02355	0.00978	0.01403	0.11503	0.00907	0.05426	0.01211	0.01554	0.00796	0.00911	0.00697	0.00493	0.00376	0.00129	0.00612	0.00309	0.00269	0.00688
36	0.50776	0.01771	0.32127	0.01056	0.01584	0.01240	0.01168	0.01653	0.01018	0.02154	0.00848	0.00993	0.00631	0.00511	0.00411	0.00170	0.00578	0.00339	0.00294	0.00678
37	0.01306	0.03293	0.05140	0.01110	0.05393	0.01025	0.05142	0.19877	0.04037	0.04511	0.21947	0.02336	0.05127	0.00764	0.00544	0.00158	0.00457	0.00649	0.12723	0.04461

[dist]
# distance from previous block
# <min> <max>
2	4

[block]
# block no. 5 follows, 44 sequences, length 236
# corresponding to MSA columns:
# 347-582
name=unknown_F
#
# <colnr> <probs for GDERKNQSTAVLIFYWHMCP>
#	G	D	E	R	K	N	Q	S	T	A	V	L	I	F	Y	W	H	M	C	P
0	0.03224	0.00866	0.01399	0.06383	0.25354	0.00938	0.02855	0.01255	0.01016	0.01479	0.01266	0.01800	0.01134	0.02555	0.45337	0.00573	0.01119	0.00541	0.00283	0.00622
1	0.01458	0.81168	0.02857	0.00933	0.01399	0.02157	0.00933	0.01632	0.01108	0.01283	0.00758	0.00875	0.00700	0.00466	0.00350	0.00117	0.00583	0.00292	0.00233	0.00700
2	0.01644	0.03109	0.01483	0.03646	0.06047	0.01392	0.00982	0.37199	0.16069	0.05307	0.01619	0.08433	0.01335	0.00761	0.00590	0.00172	0.02859	0.02172	0.00495	0.04684
3	0.02051	0.01516	0.01624	0.01250	0.01682	0.01681	0.01031	0.73413	0.04807	0.03401	0.01337	0.01331	0.00950	0.00657	0.00546	0.00164	0.00595	0.00495	0.00546	0.00925
4	0.00673	0.00481	0.00640	0.00753	0.00793	0.00448	0.00507	0.00780	0.01083	0.01453	0.08771	0.74542	0.03725	0.01662	0.00692	0.00218	0.00312	0.01506	0.00513	0.00448
5	0.01458	0.81168	0.02857	0.00933	0.01399	0.02157	0.00933	0.01632	0.01108	0.01283	0.00758	0.00875	0.00700	0.00466	0.00350	0.00117	0.00583	0.00292	0.00233	0.00700
6	0.00779	0.00583	0.00869	0.00869	0.00964	0.00678	0.00673	0.00969	0.00874	0.01261	0.01467	0.02176	0.01378	0.05949	0.76840	0.00868	0.01438	0.00589	0.00293	0.00483
7	0.02075	0.01448	0.01579	0.01218	0.01647	0.01584	0.01004	0.64614	0.06082	0.10967	0.01439	0.01400	0.01006	0.00661	0.00546	0.00165	0.00578	0.00503	0.00559	0.00924
8	0.29129	0.00969	0.01115	0.00888	0.01282	0.00938	0.00733	0.02315	0.01355	0.53364	0.01699	0.01541	0.01103	0.00620	0.00480	0.00169	0.00450	0.00466	0.00565	0.00818
9	0.02037	0.02598	0.01545	0.01404	0.01685	0.78652	0.01053	0.02177	0.01545	0.01334	0.00843	0.00983	0.00702	0.00562	0.00492	0.00140	0.00983	0.00351	0.00281	0.00632
10	0.00792	0.00531	0.00608	0.00608	0.00613	0.00536	0.00348	0.00802	0.00797	0.01067	0.01705	0.03498	0.01952	0.77079	0.06495	0.00546	0.00574	0.00783	0.00328	0.00338
11	0.01697	0.01363	0.01050	0.00935	0.01182	0.29129	0.00717	0.01901	0.01380	0.18123	0.01517	0.01611	0.01133	0.00617	0.00458	0.00141	0.00566	0.00459	0.35377	0.00644
12	0.01081	0.00996	0.01635	0.75694	0.03654	0.01235	0.01491	0.05031	0.01162	0.01493	0.00986	0.01446	0.00737	0.00550	0.00545	0.00181	0.00721	0.00485	0.00257	0.00621
13	0.00869	0.00631	0.00894	0.04615	0.01225	0.00640	0.00879	0.01113	0.01231	0.01602	0.02807	0.11713	0.03063	0.01477	0.00739	0.00245	0.00498	0.64766	0.00490	0.00502
14	0.00675	0.00482	0.00645	0.00771	0.00807	0.00452	0.00524	0.00777	0.01054	0.01403	0.02999	0.76841	0.03583	0.01698	0.00699	0.00223	0.00325	0.05089	0.00506	0.00446
15	0.84691	0.01054	0.00801	0.00717	0.01054	0.01223	0.00590	0.01603	0.00928	0.02446	0.00759	0.00886	0.00590	0.00506	0.00337	0.00169	0.00422	0.00295	0.00337	0.00590
16	0.00800	0.00579	0.00788	0.00795	0.00857	0.00639	0.00580	0.00927	0.00878	0.01222	0.01664	0.02991	0.01730	0.31854	0.42779	0.00683	0.02497	0.06980	0.00323	0.00433
17	0.01644	0.43868	0.07379	0.01149	0.01570	0.27064	0.01047	0.04928	0.04167	0.01456	0.00879	0.00991	0.00746	0.00519	0.00423	0.00133	0.00724	0.00339	0.00274	0.00700
18	0.01749	0.38171	0.02199	0.01240	0.05058	0.20451	0.01023	0.20673	0.01591	0.01868	0.00932	0.01034	0.00766	0.00538	0.00443	0.00136	0.00687	0.00366	0.00326	0.00749
19	0.01402	0.01071	0.01463	0.01243	0.08529	0.00933	0.07654	0.05776	0.05725	0.12462	0.01290	0.03187	0.01012	0.00518	0.00482	0.00124	0.00492	0.00454	0.00393	0.45790
20	0.08103	0.09290	0.31528	0.01302	0.01829	0.05998	0.01368	0.17371	0.04298	0.06067	0.01091	0.01202	0.00807	0.00594	0.00594	0.00169	0.06836	0.00421	0.00345	0.00787
21	0.00793	0.00529	0.00595	0.00595	0.00595	0.00529	0.00330	0.00793	0.00793	0.01057	0.01718	0.03568	0.01982	0.80840	0.02775	0.00529	0.00529	0.00793	0.00330	0.00330
22	0.01449	0.77262	0.02874	0.01000	0.01470	0.02119	0.04585	0.01638	0.01117	0.01305	0.00775	0.00904	0.00706	0.00466	0.00364	0.00120	0.00599	0.00309	0.00235	0.00701
23	0.01111	0.06660	0.74332	0.01523	0.02313	0.01310	0.01961	0.01722	0.01149	0.01705	0.00968	0.01137	0.00691	0.00515	0.00510	0.00170	0.00795	0.00397	0.00230	0.00801
24	0.00664	0.00474	0.00633	0.00759	0.00791	0.00443	0.00506	0.00759	0.01044	0.01392	0.03005	0.80485	0.03606	0.01708	0.00696	0.00221	0.00316	0.01550	0.00506	0.00443
25	0.00879	0.00628	0.00879	0.01004	0.01130	0.00628	0.00879	0.01130	0.01255	0.01632	0.02887	0.06150	0.03138	0.01506	0.00753	0.00251	0.00502	0.73770	0.00502	0.00502
26	0.01030	0.00969	0.01635	0.79530	0.03755	0.01211	0.01514	0.01393	0.01090	0.01393	0.00969	0.01453	0.00727	0.00545	0.00545	0.00182	0.00727	0.00484	0.00242	0.00606
27	0.00664	0.00474	0.00633	0.00759	0.00791	0.00443	0.00506	0.00759	0.01044	0.01392	0.03005	0.80485	0.03606	0.01708	0.00696	0.00221	0.00316	0.01550	0.00506	0.00443
28	0.00779	0.00584	0.00876	0.00876	0.00974	0.00681	0.00681	0.00974	0.00876	0.01266	0.01460	0.02142	0.01363	0.04089	0.78680	0.00876	0.01460	0.00584	0.00292	0.00487
29	0.00672	0.00480	0.00642	0.00768	0.00804	0.00450	0.00520	0.00773	0.01052	0.01401	0.03000	0.77670	0.03588	0.01700	0.00698	0.00223	0.00323	0.04284	0.00506	0.00445
30	0.00864	0.00582	0.00706	0.00669	0.00808	0.00562	0.00503	0.01196	0.05857	0.02155	0.54914	0.03470	0.04053	0.00979	0.00576	0.00162	0.00267	0.00851	0.20292	0.00533
31	0.00644	0.00552	0.00552	0.00552	0.00736	0.00460	0.00414	0.00782	0.01243	0.01473	0.05523	0.05247	0.77218	0.01381	0.00644	0.00184	0.00276	0.01151	0.00506	0.00460
32	0.01193	0.01193	0.01670	0.01431	0.01431	0.01670	0.01193	0.01312	0.00835	0.01312	0.00716	0.01193	0.00716	0.00954	0.01789	0.00239	0.79843	0.00477	0.00239	0.00596
33	0.01903	0.01443	0.01541	0.01220	0.01626	0.01612	0.00995	0.58420	0.20041	0.03163	0.01524	0.01480	0.01101	0.00675	0.00548	0.00169	0.00560	0.00521	0.00548	0.00912
34	0.01458	0.81168	0.02857	0.00933	0.01399	0.02157	0.00933	0.01632	0.01108	0.01283	0.00758	0.00875	0.00700	0.00466	0.00350	0.00117	0.00583	0.00292	0.00233	0.00700
35	0.01193	0.01193	0.01670	0.01431	0.01431	0.01670	0.01193	0.01312	0.00835	0.01312	0.00716	0.01193	0.00716	0.00954	0.01789	0.00239	0.79843	0.00477	0.00239	0.00596
36	0.01093	0.02820	0.78016	0.01554	0.02360	0.01266	0.02014	0.01727	0.01151	0.01727	0.00978	0.01151	0.00691	0.00518	0.00518	0.00173	0.00806	0.00403	0.00230	0.00806
37	0.84691	0.01054	0.00801	0.00717	0.01054	0.01223	0.00590	0.01603	0.00928	0.02446	0.00759	0.00886	0.00590	0.00506	0.00337	0.00169	0.00422	0.00295	0.00337	0.00590
