[name]
unknown

[dist]
# distance from previous block
# <min> <max>
5	121

[block]
# block no. 0 follows, 49 sequences, length 20
# corresponding to MSA columns:
# 145-164
name=unknown_A
#
# <colnr> <probs for GDERKNQSTAVLIFYWHMCP>
#	G	D	E	R	K	N	Q	S	T	A	V	L	I	F	Y	W	H	M	C	P
0	0.01280	0.01055	0.01720	0.08097	0.45414	0.01044	0.04318	0.01574	0.02118	0.10863	0.08218	0.01539	0.01210	0.00533	0.00527	0.00150	0.02117	0.00495	0.00328	0.07399
1	0.01408	0.10653	0.25631	0.04997	0.01658	0.01058	0.01113	0.05620	0.01230	0.21114	0.03562	0.01303	0.00955	0.00515	0.00455	0.00137	0.00543	0.00406	0.00360	0.17281
2	0.01273	0.01387	0.16809	0.02114	0.37119	0.01068	0.09031	0.01612	0.01157	0.10864	0.01160	0.05250	0.00942	0.00524	0.00504	0.00152	0.00601	0.00494	0.00303	0.07635
3	0.20439	0.01144	0.03720	0.17610	0.36741	0.01178	0.09062	0.01494	0.01060	0.01718	0.00891	0.01179	0.00711	0.00464	0.00468	0.00158	0.00597	0.00423	0.00259	0.00683
4	0.01141	0.01311	0.23920	0.01215	0.07767	0.00828	0.04443	0.01444	0.01112	0.14131	0.01604	0.23253	0.01512	0.00785	0.00521	0.00159	0.00509	0.00691	0.00368	0.13286
5	0.01714	0.01188	0.06811	0.01357	0.13447	0.01115	0.00999	0.15398	0.20515	0.29546	0.01637	0.01555	0.01143	0.00600	0.00506	0.00159	0.00493	0.00497	0.00491	0.00828
6	0.01305	0.07792	0.14145	0.02489	0.54623	0.01223	0.01482	0.01631	0.01153	0.07928	0.01010	0.01226	0.00801	0.00468	0.00484	0.00149	0.00605	0.00429	0.00272	0.00785
7	0.01302	0.01189	0.02037	0.02959	0.72591	0.01180	0.03955	0.01601	0.01168	0.05665	0.01007	0.01279	0.00823	0.00459	0.00504	0.00151	0.00600	0.00458	0.00270	0.00800
8	0.01221	0.05597	0.49052	0.07023	0.09640	0.01135	0.02799	0.01678	0.01134	0.12513	0.02850	0.01253	0.00842	0.00509	0.00486	0.00157	0.00664	0.00417	0.00285	0.00744
9	0.01279	0.00692	0.01009	0.02816	0.04961	0.00632	0.04551	0.01442	0.01176	0.29489	0.02450	0.37346	0.07860	0.01076	0.00580	0.00180	0.00392	0.00961	0.00498	0.00611
10	0.01265	0.01362	0.07832	0.40048	0.09018	0.14321	0.10051	0.01584	0.01151	0.07156	0.00980	0.01275	0.00732	0.00501	0.00506	0.00159	0.00716	0.00444	0.00265	0.00636
11	0.01042	0.00861	0.01356	0.35192	0.19875	0.00929	0.01129	0.01305	0.01109	0.07745	0.01947	0.05741	0.15880	0.00727	0.00535	0.00167	0.00534	0.02993	0.00328	0.00605
12	0.01212	0.00826	0.08161	0.00946	0.02987	0.00639	0.03151	0.01402	0.01148	0.25763	0.02262	0.41350	0.02279	0.01111	0.00585	0.00185	0.00411	0.04498	0.00483	0.00603
13	0.01264	0.01896	0.44353	0.01746	0.21521	0.01086	0.01555	0.01703	0.01164	0.14108	0.04034	0.01321	0.00935	0.00517	0.00494	0.00157	0.00640	0.00435	0.00302	0.00769
14	0.01047	0.00888	0.01488	0.62746	0.06572	0.01048	0.03617	0.01355	0.01052	0.07100	0.01135	0.07707	0.00936	0.00594	0.00519	0.00170	0.00628	0.00536	0.00276	0.00587
15	0.01429	0.01492	0.21965	0.07945	0.11824	0.01084	0.21546	0.01811	0.01211	0.22787	0.01239	0.01370	0.00864	0.00504	0.00524	0.00161	0.00665	0.00485	0.00343	0.00753
16	0.01311	0.01398	0.18600	0.16142	0.25562	0.01115	0.05730	0.01759	0.07216	0.14408	0.01195	0.01363	0.00874	0.00513	0.00505	0.00160	0.00616	0.00461	0.00321	0.00749
17	0.08330	0.01232	0.10970	0.16094	0.07823	0.05079	0.10453	0.01760	0.01197	0.24798	0.02811	0.04985	0.01050	0.00581	0.00504	0.00161	0.00591	0.00508	0.00375	0.00698
18	0.08270	0.01411	0.20971	0.07280	0.05892	0.01038	0.15645	0.02656	0.02716	0.21966	0.06150	0.01494	0.01108	0.00548	0.00507	0.00161	0.00602	0.00492	0.00371	0.00722
19	0.01334	0.01363	0.18621	0.05589	0.20410	0.03034	0.07211	0.01700	0.03375	0.18148	0.08218	0.04223	0.01357	0.00615	0.00523	0.00161	0.00577	0.02446	0.00368	0.00725

[dist]
# distance from previous block
# <min> <max>
6	31

[block]
# block no. 1 follows, 49 sequences, length 18
# corresponding to MSA columns:
# 196-213
name=unknown_B
#
# <colnr> <probs for GDERKNQSTAVLIFYWHMCP>
#	G	D	E	R	K	N	Q	S	T	A	V	L	I	F	Y	W	H	M	C	P
0	0.17767	0.09897	0.04362	0.00888	0.01137	0.04560	0.04072	0.05721	0.04006	0.07229	0.01618	0.24642	0.01639	0.04320	0.00626	0.02662	0.00459	0.03451	0.00382	0.00563
1	0.05942	0.01323	0.04837	0.01119	0.01485	0.12510	0.08364	0.12215	0.15732	0.16147	0.01376	0.01454	0.01026	0.04270	0.00578	0.00163	0.00562	0.00465	0.00415	0.10018
2	0.01375	0.38282	0.16367	0.01115	0.04988	0.01514	0.01060	0.05695	0.06546	0.09802	0.01018	0.01117	0.00803	0.00568	0.00533	0.03906	0.03948	0.00369	0.00298	0.00695
3	0.01254	0.01229	0.01463	0.07021	0.13264	0.14751	0.09209	0.07974	0.13351	0.01752	0.11671	0.05288	0.01644	0.04394	0.00627	0.00176	0.00581	0.03333	0.00374	0.00645
4	0.00728	0.00518	0.00694	0.00694	0.00743	0.00568	0.00484	0.00827	0.00777	0.01086	0.01463	0.02588	0.01525	0.39481	0.44894	0.00666	0.00961	0.00630	0.00287	0.00385
5	0.85801	0.00978	0.00743	0.00665	0.00978	0.01134	0.00548	0.01486	0.00861	0.02269	0.00704	0.00821	0.00548	0.00469	0.00313	0.00156	0.00391	0.00274	0.00313	0.00548
6	0.01298	0.47898	0.25217	0.01175	0.05038	0.08987	0.01202	0.01589	0.01082	0.01336	0.00782	0.00916	0.00653	0.00456	0.00391	0.00127	0.00639	0.00314	0.00221	0.00679
7	0.01112	0.00656	0.00892	0.03823	0.04690	0.00617	0.00662	0.01304	0.03320	0.19493	0.02299	0.33892	0.04901	0.04869	0.02679	0.00211	0.00412	0.08253	0.00465	0.05450
8	0.05933	0.01094	0.09739	0.00821	0.01295	0.00756	0.00737	0.01322	0.01040	0.01678	0.00889	0.01038	0.00725	0.00392	0.00383	0.00089	0.00417	0.00306	0.00291	0.71056
9	0.00680	0.00505	0.00650	0.00711	0.00804	0.00459	0.00515	0.00814	0.01061	0.01422	0.10118	0.51631	0.10487	0.01394	0.00624	0.00192	0.00312	0.10783	0.00465	0.06375
10	0.00738	0.00594	0.00628	0.00617	0.00756	0.04082	0.00462	0.00919	0.01255	0.01662	0.33314	0.09024	0.32987	0.01115	0.00576	0.00164	0.00285	0.02863	0.07503	0.00457
11	0.01191	0.01296	0.02408	0.04956	0.07934	0.06517	0.50963	0.01603	0.04429	0.01591	0.01246	0.01885	0.01057	0.00569	0.00586	0.00174	0.00764	0.09880	0.00291	0.00658
12	0.01922	0.01416	0.01518	0.01163	0.01568	0.01568	0.00961	0.77388	0.02378	0.03187	0.01214	0.01214	0.00860	0.00607	0.00506	0.00152	0.00556	0.00455	0.00506	0.00860
13	0.01347	0.01142	0.04070	0.19096	0.08411	0.02282	0.22563	0.10494	0.02450	0.13428	0.01328	0.08726	0.01075	0.00609	0.00543	0.00166	0.00635	0.00589	0.00356	0.00690
14	0.05653	0.04060	0.39009	0.01244	0.04098	0.01097	0.03862	0.10951	0.01253	0.06738	0.05989	0.01677	0.02339	0.06359	0.00642	0.00183	0.00610	0.03219	0.00325	0.00692
15	0.00931	0.00777	0.03770	0.14318	0.11430	0.00740	0.00900	0.01192	0.02539	0.06126	0.12309	0.11661	0.12756	0.00995	0.00586	0.00182	0.00447	0.17373	0.00413	0.00554
16	0.01229	0.03864	0.01184	0.00956	0.01277	0.01139	0.00760	0.07190	0.46612	0.01989	0.01621	0.01594	0.01247	0.00707	0.03188	0.00167	0.02285	0.00484	0.01974	0.20532
17	0.06321	0.28092	0.07034	0.03978	0.06960	0.12858	0.03561	0.06817	0.06868	0.06067	0.01006	0.02236	0.00815	0.00521	0.00454	0.00138	0.02438	0.00385	0.00303	0.03148

[dist]
# distance from previous block
# <min> <max>
2	18

[block]
# block no. 2 follows, 49 sequences, length 9
# corresponding to MSA columns:
# 232-240
name=unknown_C
#
# <colnr> <probs for GDERKNQSTAVLIFYWHMCP>
#	G	D	E	R	K	N	Q	S	T	A	V	L	I	F	Y	W	H	M	C	P
0	0.00798	0.00477	0.00676	0.00681	0.00706	0.00500	0.00466	0.00741	0.00727	0.00994	0.01221	0.05088	0.01267	0.18236	0.23044	0.42561	0.00689	0.00564	0.00260	0.00306
1	0.05766	0.01036	0.01348	0.05708	0.15750	0.01132	0.04887	0.06920	0.34537	0.02019	0.10682	0.01835	0.01593	0.00640	0.00508	0.00162	0.00460	0.00557	0.03738	0.00721
2	0.01414	0.10966	0.06575	0.07679	0.06763	0.10117	0.03128	0.17969	0.02853	0.05956	0.01140	0.06220	0.00966	0.02552	0.00588	0.00155	0.04992	0.00473	0.00342	0.09153
3	0.00670	0.00509	0.00618	0.00604	0.00731	0.00456	0.00448	0.00862	0.01304	0.01758	0.49345	0.11119	0.27413	0.01159	0.00601	0.00167	0.00249	0.01008	0.00522	0.00456
4	0.22159	0.10490	0.06513	0.03776	0.19347	0.04450	0.03863	0.06531	0.01159	0.10671	0.00972	0.01120	0.00747	0.00516	0.00509	0.00153	0.05625	0.00389	0.00317	0.00693
5	0.06094	0.32203	0.08304	0.04276	0.01561	0.07802	0.05069	0.08956	0.05645	0.13979	0.01082	0.01136	0.00817	0.00510	0.00426	0.00138	0.00578	0.00381	0.00337	0.00707
6	0.00615	0.00469	0.00566	0.00635	0.00717	0.00420	0.00441	0.00724	0.01055	0.01355	0.07540	0.51667	0.29070	0.01452	0.00627	0.00191	0.00278	0.01285	0.00474	0.00420
7	0.07442	0.13980	0.05724	0.01259	0.06877	0.24215	0.00991	0.11656	0.15138	0.01759	0.01061	0.01147	0.00841	0.00559	0.00517	0.00147	0.05277	0.00392	0.00329	0.00688
8	0.01212	0.01085	0.06252	0.01333	0.16483	0.00897	0.02972	0.07995	0.02886	0.06809	0.04750	0.05195	0.01124	0.00529	0.00458	0.00122	0.00465	0.00458	0.00347	0.38627

[dist]
# distance from previous block
# <min> <max>
0	1

[block]
# block no. 3 follows, 49 sequences, length 39
# corresponding to MSA columns:
# 244-282
name=unknown_D
#
# <colnr> <probs for GDERKNQSTAVLIFYWHMCP>
#	G	D	E	R	K	N	Q	S	T	A	V	L	I	F	Y	W	H	M	C	P
0	0.00868	0.00792	0.02696	0.04164	0.15608	0.03918	0.00830	0.01034	0.01035	0.01392	0.04554	0.41479	0.02368	0.03371	0.00736	0.00200	0.06703	0.07349	0.00385	0.00518
1	0.01453	0.08918	0.06323	0.01171	0.01550	0.04401	0.17502	0.07530	0.03000	0.22209	0.13401	0.01980	0.06970	0.00658	0.00526	0.00155	0.00540	0.00587	0.00433	0.00693
2	0.76383	0.01044	0.03096	0.00722	0.01048	0.01155	0.00612	0.03739	0.05043	0.02267	0.00797	0.00897	0.00613	0.00485	0.00334	0.00157	0.00407	0.00298	0.00326	0.00576
3	0.01239	0.01718	0.27638	0.04471	0.15605	0.01263	0.20873	0.11772	0.07043	0.01854	0.01071	0.01265	0.00799	0.00494	0.00520	0.00161	0.00695	0.00472	0.00293	0.00753
4	0.01430	0.04028	0.21213	0.07432	0.09587	0.01336	0.02861	0.32928	0.05790	0.02265	0.02786	0.01269	0.00895	0.00549	0.00494	0.00153	0.00602	0.00442	0.00366	0.03574
5	0.00716	0.00508	0.00625	0.00601	0.00683	0.00479	0.00415	0.00868	0.01182	0.01639	0.48760	0.03679	0.07829	0.28412	0.01263	0.00271	0.00324	0.00862	0.00468	0.00417
6	0.00825	0.00527	0.00695	0.00727	0.00777	0.00538	0.00500	0.00950	0.11226	0.01209	0.01795	0.33492	0.01947	0.01544	0.01251	0.40035	0.00376	0.00853	0.00359	0.00374
7	0.00699	0.00504	0.00621	0.00610	0.00728	0.00460	0.00450	0.00900	0.01300	0.01812	0.51038	0.12922	0.17695	0.01110	0.00585	0.00164	0.00248	0.00970	0.06724	0.00460
8	0.00955	0.00899	0.01517	0.81013	0.03483	0.01123	0.01404	0.01292	0.01011	0.01292	0.00899	0.01348	0.00674	0.00506	0.00506	0.00169	0.00674	0.00449	0.00225	0.00562
9	0.70386	0.00956	0.00823	0.00708	0.01036	0.01062	0.00584	0.01667	0.00969	0.16506	0.00942	0.00987	0.00678	0.00498	0.00349	0.00156	0.00398	0.00317	0.00371	0.00605
10	0.00944	0.00873	0.01248	0.27530	0.01871	0.03765	0.01005	0.01143	0.00884	0.01214	0.01014	0.01591	0.00925	0.07183	0.24566	0.00394	0.22603	0.00490	0.00244	0.00510
11	0.00772	0.00496	0.00658	0.00713	0.00795	0.00458	0.00507	0.00904	0.01105	0.07502	0.16838	0.55728	0.05146	0.01392	0.00627	0.00194	0.00301	0.04905	0.00498	0.00461
12	0.01180	0.01205	0.02264	0.01701	0.02009	0.01296	0.43608	0.03667	0.01070	0.03474	0.00987	0.01440	0.00834	0.06925	0.01073	0.00210	0.25615	0.00554	0.00266	0.00623
13	0.01621	0.01328	0.01320	0.01220	0.06746	0.15616	0.00901	0.12334	0.30247	0.15681	0.03360	0.01558	0.01226	0.00635	0.00549	0.00159	0.03786	0.00494	0.00458	0.00762
14	0.01194	0.00853	0.00979	0.00830	0.01057	0.00890	0.00654	0.27094	0.05475	0.03769	0.40787	0.04002	0.02962	0.00844	0.00545	0.00155	0.00359	0.00714	0.06211	0.00628
15	0.01073	0.01041	0.01510	0.71048	0.03243	0.07280	0.01350	0.04952	0.01109	0.01377	0.00905	0.01308	0.00681	0.00512	0.00502	0.00165	0.00687	0.00440	0.00241	0.00578
16	0.11505	0.00941	0.01148	0.00917	0.01242	0.00946	0.00754	0.13476	0.01448	0.41349	0.08692	0.01746	0.01409	0.00671	0.00583	0.00160	0.06701	0.02129	0.00519	0.03664
17	0.01040	0.00944	0.01547	0.02110	0.45725	0.00926	0.04180	0.01303	0.01199	0.01685	0.20225	0.02333	0.06158	0.05091	0.00652	0.00176	0.00493	0.03208	0.00348	0.00659
18	0.47682	0.01084	0.01057	0.00940	0.05425	0.01176	0.00718	0.20089	0.01294	0.05682	0.00919	0.01005	0.00690	0.00498	0.00386	0.00146	0.00443	0.00341	0.00369	0.10058
19	0.01311	0.01251	0.02002	0.02933	0.72087	0.03586	0.01499	0.06135	0.01234	0.01732	0.00962	0.01239	0.00800	0.00462	0.00500	0.00150	0.00607	0.00447	0.00266	0.00798
20	0.33565	0.00683	0.00620	0.00610	0.00811	0.00708	0.00473	0.01065	0.01009	0.01751	0.02747	0.13010	0.29813	0.00957	0.00479	0.00168	0.00320	0.03764	0.06970	0.00476
21	0.01625	0.00711	0.00946	0.00775	0.01050	0.00630	0.00620	0.01839	0.01412	0.46476	0.28697	0.02449	0.02480	0.00765	0.00527	0.00154	0.00348	0.00647	0.07151	0.00697
22	0.00735	0.00490	0.00552	0.00552	0.00552	0.00490	0.00306	0.00735	0.00735	0.00980	0.01593	0.03309	0.01838	0.82229	0.02574	0.00490	0.00490	0.00735	0.00306	0.00306
23	0.00843	0.00527	0.00665	0.00665	0.00792	0.00474	0.00485	0.00999	0.01198	0.10735	0.25321	0.32809	0.18275	0.01230	0.00599	0.00177	0.00285	0.01082	0.02352	0.00488
24	0.00809	0.00644	0.00795	0.00828	0.04882	0.00639	0.00580	0.01226	0.15018	0.01810	0.37801	0.14291	0.15424	0.01062	0.00585	0.00170	0.00300	0.02096	0.00506	0.00534
25	0.00634	0.00466	0.00591	0.00661	0.00727	0.00427	0.00455	0.00753	0.01075	0.01430	0.16964	0.54833	0.14649	0.03010	0.00667	0.00197	0.00282	0.01274	0.00482	0.00423
26	0.00955	0.00899	0.01517	0.81013	0.03483	0.01123	0.01404	0.01292	0.01011	0.01292	0.00899	0.01348	0.00674	0.00506	0.00506	0.00169	0.00674	0.00449	0.00225	0.00562
27	0.01374	0.01495	0.09763	0.01805	0.02310	0.01347	0.49573	0.22087	0.01502	0.02041	0.01064	0.01296	0.00780	0.00480	0.00561	0.00164	0.00763	0.00538	0.00319	0.00736
28	0.17690	0.01156	0.03404	0.01234	0.04658	0.01205	0.11280	0.15653	0.07278	0.19957	0.01253	0.01314	0.00900	0.00590	0.00618	0.00166	0.10045	0.00458	0.00412	0.00730
29	0.00997	0.00653	0.00792	0.00784	0.00943	0.00657	0.00600	0.01422	0.16776	0.10303	0.11510	0.26070	0.06494	0.01100	0.00576	0.00182	0.00340	0.11110	0.08130	0.00561
30	0.01282	0.07162	0.04796	0.00851	0.01072	0.00870	0.00699	0.07805	0.01107	0.20396	0.01461	0.02027	0.01274	0.22409	0.20948	0.00405	0.03934	0.00543	0.00378	0.00582
31	0.01399	0.01156	0.01223	0.01058	0.01369	0.01324	0.00835	0.18553	0.62065	0.02343	0.01879	0.01744	0.01398	0.00669	0.00513	0.00167	0.00433	0.00547	0.00513	0.00813
32	0.00798	0.00543	0.00657	0.00613	0.00773	0.00481	0.00465	0.00994	0.01333	0.08015	0.46238	0.04002	0.31029	0.01089	0.00590	0.00163	0.00260	0.00937	0.00531	0.00490
33	0.01194	0.01364	0.02984	0.02131	0.02643	0.01279	0.77238	0.01620	0.01194	0.01620	0.01023	0.01364	0.00767	0.00426	0.00597	0.00171	0.00853	0.00597	0.00256	0.00682
34	0.30670	0.00806	0.00845	0.00716	0.01003	0.00823	0.00579	0.01778	0.03799	0.29282	0.05112	0.01550	0.01195	0.00585	0.00411	0.00149	0.00363	0.00441	0.19247	0.00646
35	0.00742	0.00553	0.00652	0.00620	0.00764	0.00520	0.00467	0.01038	0.06850	0.01853	0.48416	0.03774	0.23260	0.01038	0.00572	0.00160	0.00254	0.00895	0.07086	0.00487
36	0.01067	0.00565	0.00731	0.00712	0.00862	0.00516	0.00534	0.01232	0.01183	0.19619	0.14482	0.33015	0.06373	0.01123	0.00569	0.00175	0.00317	0.05012	0.11377	0.00537
37	0.01142	0.01011	0.04732	0.00912	0.01069	0.05008	0.00712	0.16408	0.07245	0.01608	0.01338	0.02163	0.01304	0.35679	0.04440	0.00331	0.12220	0.00575	0.01566	0.00534
38	0.01152	0.05244	0.46741	0.01404	0.01996	0.01160	0.13827	0.05213	0.03376	0.06158	0.07857	0.01410	0.01094	0.00538	0.00507	0.00159	0.00675	0.00470	0.00296	0.00722

[dist]
# distance from previous block
# <min> <max>
0	17

[block]
# block no. 4 follows, 49 sequences, length 23
# corresponding to MSA columns:
# 300-322
name=unknown_E
#
# <colnr> <probs for GDERKNQSTAVLIFYWHMCP>
#	G	D	E	R	K	N	Q	S	T	A	V	L	I	F	Y	W	H	M	C	P
0	0.01276	0.01134	0.01781	0.23050	0.37971	0.02876	0.05169	0.05688	0.06577	0.06170	0.01088	0.01341	0.00843	0.00499	0.00505	0.00156	0.00608	0.00464	0.00299	0.02505
1	0.04675	0.05651	0.05460	0.01052	0.06738	0.00913	0.00837	0.05413	0.03228	0.40683	0.03533	0.01479	0.01117	0.00554	0.00466	0.00138	0.00453	0.00446	0.00472	0.16690
2	0.00799	0.00571	0.00796	0.00913	0.01022	0.00568	0.00787	0.01020	0.01148	0.01495	0.02686	0.11844	0.02945	0.01412	0.00694	0.00231	0.00452	0.69688	0.00466	0.00461
3	0.00757	0.00538	0.00618	0.00585	0.00752	0.00467	0.00443	0.00931	0.01275	0.07055	0.31852	0.04249	0.46354	0.01145	0.00591	0.00165	0.00262	0.00972	0.00512	0.00476
4	0.03708	0.01302	0.05815	0.02671	0.59900	0.04394	0.06253	0.01637	0.01173	0.06833	0.01009	0.01255	0.00808	0.00466	0.00499	0.00152	0.00619	0.00450	0.00276	0.00779
5	0.00739	0.00513	0.00693	0.00693	0.00739	0.00559	0.00483	0.00816	0.00770	0.01073	0.01421	0.02507	0.01477	0.36378	0.42364	0.06573	0.00930	0.00615	0.00282	0.00375
6	0.04157	0.00719	0.00895	0.00761	0.01034	0.00648	0.00611	0.03791	0.01315	0.39643	0.05558	0.07479	0.19399	0.00884	0.00534	0.00164	0.00366	0.04934	0.06446	0.00661
7	0.21850	0.09068	0.04582	0.00941	0.01324	0.01231	0.00814	0.20288	0.09597	0.23492	0.01333	0.01285	0.00936	0.00565	0.00443	0.00152	0.00472	0.00418	0.00453	0.00754
8	0.28830	0.11192	0.08620	0.04156	0.16318	0.01268	0.00998	0.07811	0.06527	0.08373	0.01020	0.01125	0.00775	0.00503	0.00418	0.00151	0.00510	0.00378	0.00332	0.00696
9	0.00666	0.00515	0.00649	0.00649	0.00771	0.00462	0.02676	0.00824	0.01169	0.01548	0.23818	0.27713	0.30879	0.01255	0.00602	0.00176	0.00279	0.01102	0.03804	0.00445
10	0.01242	0.00999	0.01127	0.00857	0.01257	0.00907	0.00683	0.14411	0.12681	0.03553	0.01171	0.01294	0.00934	0.03360	0.00498	0.00119	0.00414	0.00386	0.00373	0.53733
11	0.01326	0.01177	0.01574	0.16929	0.31173	0.08410	0.01191	0.13294	0.01373	0.05373	0.07817	0.04069	0.02874	0.00603	0.00513	0.00155	0.00581	0.00526	0.00341	0.00700
12	0.01014	0.02616	0.79609	0.01441	0.02189	0.01174	0.01868	0.01601	0.01068	0.01601	0.00907	0.01068	0.00641	0.00480	0.00480	0.00160	0.00747	0.00374	0.00214	0.00747
13	0.01922	0.01416	0.01518	0.01163	0.01568	0.01568	0.00961	0.77388	0.02378	0.03187	0.01214	0.01214	0.00860	0.00607	0.00506	0.00152	0.00556	0.00455	0.00506	0.00860
14	0.00668	0.00515	0.00609	0.00586	0.00726	0.00457	0.00439	0.00861	0.01318	0.01758	0.48772	0.04221	0.34975	0.01134	0.00597	0.00164	0.00246	0.00977	0.00521	0.00457
15	0.00697	0.00516	0.00650	0.00616	0.00744	0.00469	0.00462	0.00917	0.01386	0.01921	0.66911	0.03953	0.16735	0.01074	0.00597	0.00161	0.00241	0.00939	0.00543	0.00469
16	0.01340	0.79630	0.05445	0.00886	0.01330	0.01971	0.00902	0.01517	0.01029	0.01205	0.00710	0.00820	0.00649	0.00434	0.00330	0.00110	0.00548	0.00274	0.00216	0.00653
17	0.00779	0.00529	0.00684	0.00680	0.00804	0.00486	0.00516	0.00977	0.01293	0.05899	0.45308	0.17260	0.12412	0.01172	0.00611	0.00176	0.00285	0.09122	0.00526	0.00479
18	0.00957	0.01025	0.13830	0.12102	0.05143	0.00837	0.00898	0.06050	0.04604	0.03133	0.07345	0.08577	0.01646	0.24495	0.06938	0.00307	0.00590	0.00648	0.00336	0.00540
19	0.42073	0.00783	0.00771	0.00683	0.00931	0.00829	0.00545	0.01402	0.01157	0.11902	0.31339	0.02088	0.02284	0.00709	0.00448	0.00157	0.00337	0.00553	0.00447	0.00560
20	0.01118	0.01121	0.09035	0.01134	0.07191	0.01063	0.00889	0.04401	0.43420	0.02022	0.18540	0.02225	0.04177	0.00736	0.00530	0.00165	0.00416	0.00627	0.00472	0.00717
21	0.00709	0.00501	0.00640	0.00647	0.00753	0.00457	0.00469	0.00886	0.01254	0.03653	0.44035	0.27679	0.13983	0.01224	0.00609	0.00175	0.00262	0.01084	0.00520	0.00460
22	0.01260	0.01038	0.01258	0.06939	0.06954	0.03445	0.03964	0.11139	0.32190	0.05839	0.15278	0.02113	0.04933	0.00713	0.00531	0.00163	0.00454	0.00611	0.00467	0.00711

[dist]
# distance from previous block
# <min> <max>
4	6

[block]
# block no. 5 follows, 49 sequences, length 21
# corresponding to MSA columns:
# 329-349
name=unknown_F
#
# <colnr> <probs for GDERKNQSTAVLIFYWHMCP>
#	G	D	E	R	K	N	Q	S	T	A	V	L	I	F	Y	W	H	M	C	P
0	0.01181	0.10622	0.24701	0.01098	0.01502	0.01169	0.02253	0.09417	0.15080	0.05381	0.08152	0.10991	0.01535	0.00725	0.00552	0.00163	0.03817	0.00591	0.00378	0.00691
1	0.13847	0.01287	0.01451	0.01320	0.11313	0.01401	0.00962	0.51621	0.01939	0.08239	0.01163	0.01198	0.00835	0.00569	0.00478	0.00153	0.00530	0.00432	0.00454	0.00808
2	0.01415	0.00809	0.00925	0.00805	0.01061	0.00838	0.00633	0.02081	0.29714	0.23457	0.05850	0.01937	0.01553	0.00658	0.00468	0.00151	0.00351	0.00541	0.26052	0.00701
3	0.01313	0.01114	0.01174	0.01040	0.01336	0.01283	0.00814	0.08860	0.71899	0.02204	0.01988	0.01831	0.01487	0.00680	0.00514	0.00170	0.00413	0.00562	0.00514	0.00805
4	0.01205	0.01229	0.02577	0.01862	0.02314	0.01148	0.63141	0.01572	0.01176	0.06730	0.01318	0.01688	0.04490	0.06284	0.00731	0.00192	0.00771	0.00623	0.00294	0.00655
5	0.08642	0.01198	0.01758	0.08685	0.47582	0.03113	0.01314	0.11179	0.01263	0.04059	0.00967	0.01214	0.00777	0.00510	0.00556	0.00156	0.05548	0.00434	0.00295	0.00749
6	0.05157	0.42170	0.06316	0.00937	0.01281	0.04973	0.00877	0.01575	0.09581	0.03313	0.01271	0.06947	0.01205	0.00677	0.00468	0.00147	0.02811	0.09353	0.00312	0.00629
7	0.00771	0.00524	0.00670	0.00633	0.00763	0.00480	0.00475	0.00992	0.01373	0.04942	0.63343	0.07324	0.10340	0.01045	0.00586	0.00160	0.00250	0.00917	0.03926	0.00485
8	0.01014	0.02616	0.79609	0.01441	0.02189	0.01174	0.01868	0.01601	0.01068	0.01601	0.00907	0.01068	0.00641	0.00480	0.00480	0.00160	0.00747	0.00374	0.00214	0.00747
9	0.00620	0.00469	0.00573	0.00640	0.00720	0.00422	0.00445	0.00734	0.01068	0.01383	0.10715	0.51361	0.26138	0.01441	0.00626	0.00191	0.00277	0.01277	0.00478	0.00422
10	0.01425	0.02275	0.04113	0.01724	0.12349	0.07171	0.28286	0.14458	0.03876	0.08452	0.06339	0.02508	0.01137	0.00562	0.00572	0.00161	0.02973	0.00542	0.00357	0.00720
11	0.00722	0.00522	0.00640	0.00611	0.00749	0.00468	0.00458	0.00922	0.01335	0.03964	0.52817	0.07151	0.25547	0.01114	0.00596	0.00164	0.00251	0.00967	0.00530	0.00471
12	0.01356	0.06821	0.15959	0.08269	0.09529	0.01304	0.03996	0.13875	0.20779	0.07164	0.01303	0.01380	0.00970	0.00576	0.00549	0.00161	0.04416	0.00465	0.00370	0.00757
13	0.01376	0.01430	0.13280	0.05517	0.37494	0.01265	0.04205	0.17831	0.06642	0.04366	0.01108	0.01282	0.00848	0.00511	0.00504	0.00155	0.00607	0.00456	0.00328	0.00793
14	0.00693	0.00506	0.00577	0.00592	0.00669	0.00477	0.00395	0.00820	0.03198	0.01325	0.11674	0.19207	0.23400	0.30362	0.01308	0.00290	0.00349	0.00973	0.02788	0.00398
15	0.00892	0.00752	0.01007	0.00972	0.04305	0.00922	0.00685	0.00963	0.00775	0.01115	0.01202	0.02286	0.01308	0.41318	0.09666	0.00408	0.30123	0.00597	0.00269	0.00432
16	0.00845	0.00594	0.00691	0.00664	0.00818	0.00582	0.00508	0.01217	0.11649	0.03672	0.33249	0.06356	0.16757	0.00986	0.00549	0.00161	0.00282	0.04941	0.14962	0.00517
17	0.00715	0.00543	0.00661	0.00627	0.00766	0.00503	0.00472	0.00986	0.05036	0.01883	0.58583	0.03932	0.21266	0.01073	0.00593	0.00162	0.00250	0.00932	0.00535	0.00481
18	0.01772	0.01310	0.01373	0.01088	0.01437	0.05680	0.00887	0.53571	0.06741	0.08242	0.05012	0.01428	0.01122	0.00636	0.00534	0.00153	0.02910	0.00481	0.04827	0.00794
19	0.01275	0.01160	0.05513	0.17566	0.48814	0.01110	0.01405	0.01581	0.01145	0.09432	0.01042	0.01297	0.00812	0.00476	0.00494	0.00151	0.00592	0.00444	0.00284	0.05407
20	0.02058	0.00955	0.01207	0.00938	0.01310	0.00907	0.00770	0.17510	0.03966	0.56171	0.07290	0.01770	0.01431	0.00653	0.00514	0.00156	0.00441	0.00528	0.00593	0.00831

[dist]
# distance from previous block
# <min> <max>
0	1

[block]
# block no. 6 follows, 49 sequences, length 17
# corresponding to MSA columns:
# 351-367
name=unknown_G
#
# <colnr> <probs for GDERKNQSTAVLIFYWHMCP>
#	G	D	E	R	K	N	Q	S	T	A	V	L	I	F	Y	W	H	M	C	P
0	0.01305	0.01020	0.01265	0.01042	0.03243	0.04015	0.07204	0.09131	0.15486	0.10883	0.08835	0.06780	0.01514	0.00636	0.00492	0.00138	0.00452	0.00551	0.00426	0.25582
1	0.01177	0.08771	0.31570	0.01042	0.01498	0.01018	0.01114	0.06806	0.02708	0.10297	0.14868	0.01804	0.01577	0.07319	0.00658	0.00176	0.00539	0.00509	0.00359	0.06190
2	0.00677	0.00466	0.00614	0.00722	0.00773	0.00444	0.00516	0.00801	0.01008	0.01378	0.02672	0.62560	0.03099	0.01469	0.00629	0.00202	0.00317	0.13571	0.07655	0.00425
3	0.01049	0.00899	0.01049	0.00749	0.01198	0.00674	0.00599	0.01273	0.01049	0.01648	0.00899	0.01049	0.00749	0.00374	0.00374	0.00075	0.00374	0.00300	0.00300	0.85320
4	0.00728	0.00494	0.00584	0.00600	0.00621	0.00488	0.00372	0.00772	0.00846	0.01135	0.08138	0.11272	0.02303	0.61934	0.02090	0.00417	0.00448	0.06064	0.00354	0.00342
5	0.01150	0.01270	0.02624	0.01904	0.02369	0.01207	0.64421	0.01637	0.07731	0.01641	0.01448	0.01697	0.07257	0.00519	0.00590	0.00171	0.00765	0.00633	0.00295	0.00671
6	0.00701	0.00515	0.00659	0.00684	0.00791	0.00479	0.00522	0.00889	0.01238	0.01672	0.37792	0.17688	0.15072	0.03698	0.00685	0.00193	0.00302	0.15465	0.00504	0.00451
7	0.01186	0.05701	0.59170	0.01279	0.01915	0.01097	0.01560	0.01672	0.01147	0.12711	0.06870	0.01352	0.01036	0.00540	0.00486	0.00157	0.00655	0.00429	0.00298	0.00739
8	0.01439	0.69884	0.02465	0.00924	0.01340	0.08615	0.00882	0.07019	0.01159	0.01338	0.00746	0.00849	0.00664	0.00453	0.00349	0.00113	0.00573	0.00288	0.00241	0.00659
9	0.02269	0.00861	0.01174	0.00900	0.01291	0.00743	0.00743	0.02464	0.01447	0.79425	0.01995	0.01721	0.01252	0.00626	0.00509	0.00156	0.00430	0.00509	0.00626	0.00861
10	0.04229	0.04560	0.01070	0.00885	0.01152	0.00859	0.00746	0.12716	0.03204	0.25474	0.01950	0.02858	0.01680	0.00849	0.00533	0.00173	0.00437	0.24182	0.11781	0.00663
11	0.00955	0.00899	0.01517	0.81013	0.03483	0.01123	0.01404	0.01292	0.01011	0.01292	0.00899	0.01348	0.00674	0.00506	0.00506	0.00169	0.00674	0.00449	0.00225	0.00562
12	0.01338	0.01168	0.01196	0.00921	0.01325	0.08021	0.00735	0.18010	0.10462	0.02000	0.01093	0.01171	0.00858	0.00475	0.00427	0.00108	0.00465	0.00368	0.00366	0.49495
13	0.08458	0.52448	0.18467	0.00959	0.01432	0.01643	0.01027	0.01535	0.01054	0.03946	0.04373	0.01031	0.00847	0.00480	0.00375	0.00127	0.00554	0.00330	0.00253	0.00660
14	0.01454	0.01290	0.16232	0.07584	0.01566	0.06043	0.00984	0.03777	0.13467	0.23960	0.03030	0.04409	0.02407	0.00631	0.00490	0.00155	0.00510	0.00514	0.08305	0.03194
15	0.07978	0.07877	0.17609	0.00930	0.01247	0.03703	0.00881	0.04364	0.09223	0.03981	0.12610	0.20396	0.05451	0.00877	0.00518	0.00166	0.00455	0.00736	0.00397	0.00600
16	0.01088	0.03242	0.05386	0.02870	0.11348	0.00743	0.00780	0.01347	0.03028	0.12775	0.21061	0.10202	0.10137	0.00814	0.00526	0.00150	0.00391	0.00706	0.00434	0.12974

[dist]
# distance from previous block
# <min> <max>
3	28

[block]
# block no. 7 follows, 49 sequences, length 172
# corresponding to MSA columns:
# 396-567
name=unknown_H
#
# <colnr> <probs for GDERKNQSTAVLIFYWHMCP>
#	G	D	E	R	K	N	Q	S	T	A	V	L	I	F	Y	W	H	M	C	P
0	0.00853	0.00710	0.05867	0.00846	0.00988	0.00635	0.02686	0.03687	0.00987	0.05379	0.01888	0.25939	0.01997	0.12816	0.26911	0.00435	0.00738	0.05786	0.00370	0.00482
1	0.05957	0.00627	0.00750	0.00657	0.00865	0.00559	0.00507	0.01118	0.01302	0.07941	0.46124	0.03194	0.14246	0.00906	0.00540	0.00148	0.00285	0.00776	0.00497	0.12999
2	0.01305	0.09352	0.11118	0.11857	0.01738	0.13732	0.01062	0.08534	0.21649	0.01714	0.03522	0.04232	0.01124	0.00635	0.00567	0.00160	0.06188	0.00484	0.00348	0.00678
3	0.00713	0.00517	0.00672	0.00633	0.00754	0.00476	0.00475	0.00949	0.01425	0.02013	0.77118	0.03802	0.06471	0.01039	0.00596	0.00159	0.00239	0.00918	0.00555	0.00476
4	0.68619	0.01064	0.00851	0.00747	0.01058	0.05508	0.00607	0.06596	0.01027	0.06249	0.00873	0.03378	0.00696	0.00524	0.00354	0.00156	0.00430	0.00337	0.00344	0.00583
5	0.00985	0.00789	0.01420	0.01181	0.01412	0.00731	0.24988	0.01200	0.01107	0.09800	0.02239	0.41160	0.05629	0.01091	0.00615	0.00189	0.00492	0.04007	0.00418	0.00548
6	0.01190	0.42719	0.32649	0.01238	0.07019	0.01568	0.01292	0.01531	0.01066	0.01413	0.03568	0.01047	0.00802	0.00474	0.00407	0.00133	0.00615	0.00346	0.00230	0.00692
7	0.01205	0.01091	0.01077	0.00996	0.01243	0.08097	0.00773	0.02272	0.56062	0.01931	0.06264	0.06143	0.03844	0.00799	0.00535	0.00173	0.00432	0.05863	0.00488	0.00712
8	0.01010	0.00912	0.01532	0.74725	0.07095	0.01115	0.01391	0.01341	0.01032	0.03742	0.00935	0.01355	0.00698	0.00507	0.00505	0.00167	0.00663	0.00451	0.00238	0.00583
9	0.00616	0.00440	0.00587	0.00704	0.00733	0.00411	0.00469	0.00704	0.00968	0.01291	0.02787	0.81899	0.03344	0.01584	0.00645	0.00205	0.00293	0.01438	0.00469	0.00411
10	0.01629	0.41172	0.02022	0.01091	0.01435	0.42368	0.00923	0.01775	0.01237	0.01214	0.00744	0.00863	0.00650	0.00478	0.00392	0.00120	0.00732	0.00299	0.00239	0.00617
11	0.01289	0.01329	0.01193	0.01084	0.01265	0.24681	0.00842	0.04869	0.17495	0.01478	0.01237	0.01525	0.01055	0.03703	0.23122	0.00354	0.12089	0.00471	0.00323	0.00593
12	0.00955	0.00899	0.01517	0.81013	0.03483	0.01123	0.01404	0.01292	0.01011	0.01292	0.00899	0.01348	0.00674	0.00506	0.00506	0.00169	0.00674	0.00449	0.00225	0.00562
13	0.00863	0.00569	0.00769	0.00698	0.00808	0.00543	0.00509	0.00879	0.00977	0.01390	0.26248	0.02169	0.02115	0.01261	0.01259	0.40000	0.04301	0.00572	0.00342	0.13726
14	0.00609	0.00468	0.00558	0.00629	0.00714	0.00417	0.00436	0.00713	0.01040	0.01320	0.03696	0.51908	0.32748	0.01466	0.00627	0.00192	0.00279	0.01293	0.00469	0.00417
15	0.01380	0.78583	0.02595	0.00880	0.01311	0.01980	0.00870	0.05209	0.01093	0.01287	0.00728	0.00831	0.00659	0.00441	0.00333	0.00110	0.00542	0.00279	0.00230	0.00659
16	0.00674	0.00495	0.00640	0.00741	0.00794	0.00481	0.00514	0.00866	0.06455	0.01363	0.02729	0.71497	0.03190	0.01509	0.00639	0.00205	0.00312	0.05981	0.00472	0.00442
17	0.00955	0.00899	0.01517	0.81013	0.03483	0.01123	0.01404	0.01292	0.01011	0.01292	0.00899	0.01348	0.00674	0.00506	0.00506	0.00169	0.00674	0.00449	0.00225	0.00562
18	0.01258	0.01086	0.01143	0.01029	0.01315	0.01258	0.00800	0.02687	0.78161	0.02115	0.02058	0.01887	0.01544	0.00686	0.00515	0.00172	0.00400	0.00572	0.00515	0.00800
19	0.01098	0.00885	0.01040	0.00765	0.01185	0.00688	0.00608	0.03656	0.01101	0.04768	0.01068	0.06060	0.00932	0.00466	0.00401	0.00089	0.00377	0.00383	0.00329	0.74100
20	0.02152	0.00829	0.01126	0.00878	0.01244	0.00720	0.00719	0.02343	0.01413	0.73493	0.02024	0.05630	0.01355	0.00672	0.00511	0.00158	0.00418	0.00553	0.02934	0.00828
21	0.01855	0.02359	0.01509	0.01343	0.01616	0.76356	0.04691	0.02000	0.01421	0.01256	0.00793	0.00934	0.00657	0.00516	0.00463	0.00132	0.00909	0.00339	0.00260	0.00591
22	0.01194	0.01364	0.02984	0.02131	0.02643	0.01279	0.77238	0.01620	0.01194	0.01620	0.01023	0.01364	0.00767	0.00426	0.00597	0.00171	0.00853	0.00597	0.00256	0.00682
23	0.08475	0.00882	0.01075	0.00849	0.01193	0.00840	0.00695	0.12084	0.01464	0.51170	0.01738	0.01610	0.01153	0.00605	0.00469	0.00150	0.00413	0.00477	0.13883	0.00775
24	0.00598	0.00512	0.00512	0.00512	0.00683	0.00427	0.00384	0.00726	0.01153	0.01366	0.05123	0.04866	0.78869	0.01281	0.00598	0.00171	0.00256	0.01067	0.00470	0.00427
25	0.00766	0.00538	0.00684	0.00739	0.00811	0.00531	0.00567	0.00897	0.00997	0.01306	0.05471	0.04591	0.06758	0.34730	0.01463	0.00333	0.00455	0.37560	0.00404	0.00398
26	0.00970	0.00914	0.01545	0.76968	0.07408	0.01128	0.01412	0.01305	0.01018	0.01311	0.00901	0.01343	0.00681	0.00503	0.00505	0.00168	0.00670	0.00449	0.00226	0.00574
27	0.00622	0.00509	0.00549	0.00549	0.00700	0.00436	0.00408	0.00769	0.01195	0.01491	0.19369	0.09545	0.59599	0.01252	0.00600	0.00171	0.00255	0.01061	0.00487	0.00436
28	0.01269	0.01557	0.14930	0.07821	0.04627	0.04540	0.41235	0.12170	0.01333	0.01793	0.01053	0.01387	0.00806	0.00497	0.00552	0.00165	0.00765	0.02510	0.00287	0.00702
29	0.03903	0.01278	0.01429	0.01103	0.01487	0.01385	0.00912	0.56927	0.02084	0.19036	0.01344	0.01307	0.00927	0.00619	0.00548	0.00156	0.03739	0.00462	0.00515	0.00841
30	0.30338	0.00865	0.00943	0.00827	0.01123	0.02446	0.00688	0.01784	0.01172	0.33341	0.01668	0.02281	0.01366	0.02439	0.00525	0.00179	0.00436	0.16456	0.00471	0.00653
31	0.00738	0.00540	0.00695	0.00652	0.00778	0.00509	0.00490	0.01025	0.04562	0.02031	0.75677	0.03700	0.04640	0.01020	0.00593	0.00160	0.00245	0.00901	0.00555	0.00490
32	0.49301	0.00893	0.00787	0.00687	0.00966	0.00984	0.00553	0.10004	0.01092	0.02212	0.01061	0.04415	0.00869	0.00550	0.00361	0.00144	0.00372	0.00386	0.18366	0.05998
33	0.01000	0.00970	0.01786	0.06706	0.01812	0.00990	0.33185	0.01352	0.05700	0.01561	0.05450	0.18613	0.01634	0.00798	0.00675	0.00179	0.07769	0.02493	0.06746	0.00581
34	0.00637	0.00457	0.00618	0.00721	0.00760	0.00442	0.00496	0.00739	0.00956	0.01282	0.02614	0.69108	0.03086	0.03483	0.08695	0.00274	0.00411	0.04361	0.00446	0.00415
35	0.00735	0.00490	0.00552	0.00552	0.00552	0.00490	0.00306	0.00735	0.00735	0.00980	0.01593	0.03309	0.01838	0.82229	0.02574	0.00490	0.00490	0.00735	0.00306	0.00306
36	0.04471	0.00906	0.01462	0.72601	0.03241	0.01115	0.01329	0.01382	0.03272	0.04086	0.00963	0.01355	0.00714	0.00514	0.00498	0.00168	0.00646	0.00448	0.00251	0.00579
37	0.03255	0.03961	0.60194	0.01354	0.02006	0.03659	0.02799	0.06560	0.04324	0.05762	0.01019	0.01133	0.00723	0.00504	0.00479	0.00158	0.00698	0.00391	0.00271	0.00750
38	0.00889	0.02826	0.00733	0.00673	0.00745	0.06191	0.00454	0.00963	0.00873	0.03898	0.01631	0.06724	0.03428	0.46750	0.15509	0.00454	0.00638	0.00679	0.05544	0.00398
39	0.00623	0.00443	0.00585	0.00695	0.00723	0.00415	0.00460	0.00706	0.00955	0.01273	0.02717	0.77296	0.03256	0.06307	0.00758	0.00222	0.00305	0.01396	0.00460	0.00405
40	0.00977	0.09458	0.03478	0.00862	0.01060	0.04800	0.03025	0.02665	0.01151	0.05531	0.13695	0.11880	0.13382	0.01343	0.10464	0.00250	0.04474	0.08893	0.02085	0.00527
41	0.01581	0.07498	0.10403	0.03192	0.14464	0.05210	0.08909	0.31922	0.01658	0.07371	0.01126	0.01279	0.00844	0.00543	0.00499	0.00152	0.00624	0.01573	0.00375	0.00779
42	0.01147	0.01207	0.05625	0.33600	0.39696	0.04424	0.04131	0.01474	0.01105	0.01490	0.00924	0.01271	0.00736	0.00476	0.00503	0.00158	0.00658	0.00446	0.00239	0.00691
43	0.55764	0.24280	0.01335	0.00768	0.01111	0.07048	0.00669	0.01533	0.00949	0.01888	0.00709	0.00825	0.00584	0.00463	0.00326	0.00141	0.00471	0.00277	0.00282	0.00579
44	0.00735	0.00490	0.00552	0.00552	0.00552	0.00490	0.00306	0.00735	0.00735	0.00980	0.01593	0.03309	0.01838	0.82229	0.02574	0.00490	0.00490	0.00735	0.00306	0.00306
45	0.00736	0.00550	0.00687	0.00647	0.00781	0.00518	0.00487	0.01033	0.05861	0.01969	0.67253	0.03772	0.11720	0.01037	0.00592	0.00161	0.00250	0.00909	0.00546	0.00491
46	0.09911	0.02444	0.71333	0.01360	0.02062	0.01170	0.01730	0.01589	0.01046	0.01671	0.00886	0.01042	0.00631	0.00479	0.00463	0.00160	0.00710	0.00363	0.00224	0.00726
47	0.00621	0.00506	0.00550	0.00554	0.00701	0.00435	0.00410	0.00766	0.01186	0.01481	0.18507	0.12271	0.57722	0.01265	0.00602	0.00172	0.00257	0.01076	0.00486	0.00435
48	0.01196	0.01265	0.01657	0.01393	0.01463	0.09779	0.07498	0.01335	0.00879	0.01253	0.00706	0.01108	0.00671	0.00808	0.01444	0.00207	0.66099	0.00443	0.00228	0.00567
49	0.01382	0.01148	0.01213	0.01054	0.01362	0.01316	0.00830	0.16661	0.63985	0.02316	0.01900	0.01761	0.01416	0.00671	0.00513	0.00168	0.00429	0.00550	0.00513	0.00812
50	0.01049	0.00899	0.01049	0.00749	0.01198	0.00674	0.00599	0.01273	0.01049	0.01648	0.00899	0.01049	0.00749	0.00374	0.00374	0.00075	0.00374	0.00300	0.00300	0.85320
51	0.01252	0.01201	0.02053	0.03104	0.79074	0.01201	0.01552	0.01552	0.01151	0.01652	0.00951	0.01252	0.00801	0.00451	0.00501	0.00150	0.00601	0.00451	0.00250	0.00801
52	0.00619	0.00452	0.00584	0.00688	0.00736	0.00417	0.00469	0.00716	0.00994	0.01305	0.03048	0.71206	0.11849	0.01545	0.00641	0.00202	0.00294	0.03351	0.00469	0.00414
53	0.00661	0.00527	0.00602	0.00653	0.00745	0.02614	0.00459	0.00786	0.01108	0.01428	0.15395	0.44721	0.25701	0.01379	0.00618	0.00186	0.00291	0.01216	0.00477	0.00431
54	0.52964	0.01027	0.03043	0.02944	0.03094	0.01065	0.00698	0.06656	0.01100	0.17073	0.01013	0.01064	0.00727	0.00504	0.00381	0.00152	0.00431	0.00344	0.00379	0.05344
55	0.85801	0.00978	0.00743	0.00665	0.00978	0.01134	0.00548	0.01486	0.00861	0.02269	0.00704	0.00821	0.00548	0.00469	0.00313	0.00156	0.00391	0.00274	0.00313	0.00548
56	0.02162	0.00925	0.01201	0.00932	0.01316	0.00853	0.00766	0.08902	0.07367	0.67006	0.01933	0.01690	0.01240	0.00629	0.00509	0.00157	0.00439	0.00509	0.00607	0.00856
57	0.01904	0.01388	0.01493	0.01151	0.01550	0.01534	0.00949	0.72349	0.05444	0.05170	0.01269	0.01255	0.00898	0.00611	0.00506	0.00153	0.00547	0.00461	0.00509	0.00858
58	0.01014	0.02616	0.79609	0.01441	0.02189	0.01174	0.01868	0.01601	0.01068	0.01601	0.00907	0.01068	0.00641	0.00480	0.00480	0.00160	0.00747	0.00374	0.00214	0.00747
59	0.59602	0.01115	0.00985	0.00821	0.01162	0.01270	0.00677	0.25194	0.01334	0.02556	0.00863	0.00944	0.00645	0.00512	0.00373	0.00155	0.00443	0.00330	0.00373	0.00645
60	0.85801	0.00978	0.00743	0.00665	0.00978	0.01134	0.00548	0.01486	0.00861	0.02269	0.00704	0.00821	0.00548	0.00469	0.00313	0.00156	0.00391	0.00274	0.00313	0.00548
61	0.02064	0.01190	0.01377	0.01056	0.01455	0.01232	0.00872	0.46830	0.01998	0.34281	0.01533	0.01421	0.01020	0.00615	0.00507	0.00154	0.00505	0.00477	0.00555	0.00860
62	0.01626	0.19003	0.15854	0.01204	0.01622	0.31621	0.01111	0.18994	0.01497	0.01737	0.00886	0.00988	0.00696	0.00515	0.00444	0.00136	0.00723	0.00352	0.00299	0.00691
63	0.00795	0.00501	0.00605	0.00579	0.00698	0.00475	0.00434	0.01032	0.01303	0.01978	0.52006	0.03120	0.03564	0.00879	0.00512	0.00145	0.00238	0.00761	0.29902	0.00475
64	0.00735	0.00490	0.00552	0.00552	0.00552	0.00490	0.00306	0.00735	0.00735	0.00980	0.01593	0.03309	0.01838	0.82229	0.02574	0.00490	0.00490	0.00735	0.00306	0.00306
65	0.01407	0.01247	0.01521	0.01689	0.23901	0.06363	0.03046	0.11541	0.37294	0.04280	0.01522	0.01538	0.01158	0.00589	0.00508	0.00160	0.00523	0.00505	0.00417	0.00793
66	0.00722	0.00537	0.00662	0.00727	0.00791	0.00539	0.00495	0.00988	0.11461	0.01395	0.05690	0.58055	0.02972	0.11414	0.00864	0.00234	0.00330	0.01211	0.00459	0.00454
67	0.04904	0.27990	0.07063	0.01729	0.26216	0.10086	0.04859	0.01694	0.06924	0.02703	0.00941	0.01101	0.00775	0.00474	0.00435	0.00138	0.00610	0.00383	0.00266	0.00709
68	0.00722	0.00542	0.00813	0.00813	0.00903	0.00632	0.00632	0.00903	0.00813	0.01174	0.01354	0.01987	0.01264	0.03792	0.80225	0.00813	0.01354	0.00542	0.00271	0.00451
69	0.00735	0.00490	0.00552	0.00552	0.00552	0.00490	0.00306	0.00735	0.00735	0.00980	0.01593	0.03309	0.01838	0.82229	0.02574	0.00490	0.00490	0.00735	0.00306	0.00306
70	0.49542	0.33860	0.03608	0.00766	0.01139	0.01484	0.00711	0.01501	0.00933	0.01817	0.00709	0.00824	0.00591	0.00455	0.00322	0.00137	0.00461	0.00275	0.00271	0.00594
71	0.01154	0.01352	0.07905	0.16630	0.10518	0.03430	0.44033	0.01576	0.03172	0.01561	0.01047	0.01441	0.00817	0.00482	0.00558	0.00168	0.00766	0.02458	0.00259	0.00672
72	0.01248	0.23394	0.13185	0.01208	0.06999	0.01333	0.05360	0.09431	0.03217	0.01666	0.00909	0.01062	0.00739	0.00473	0.00483	0.00125	0.04807	0.00361	0.00282	0.23718
73	0.06994	0.00819	0.01061	0.00833	0.01185	0.00732	0.00683	0.02247	0.01365	0.65258	0.01876	0.01689	0.01216	0.00612	0.00478	0.00152	0.00404	0.00490	0.11111	0.00794
74	0.01190	0.00573	0.00651	0.00587	0.00761	0.00552	0.00453	0.03396	0.01196	0.16374	0.09014	0.02043	0.01616	0.02170	0.00451	0.00137	0.00285	0.00525	0.57476	0.00552
75	0.00616	0.00440	0.00587	0.00704	0.00733	0.00411	0.00469	0.00704	0.00968	0.01291	0.02787	0.81899	0.03344	0.01584	0.00645	0.00205	0.00293	0.01438	0.00469	0.00411
76	0.02260	0.00874	0.01182	0.00906	0.01298	0.00763	0.00749	0.04289	0.01470	0.77568	0.01976	0.01709	0.01242	0.00625	0.00508	0.00156	0.00433	0.00507	0.00623	0.00861
77	0.01097	0.01165	0.02432	0.01826	0.02237	0.01102	0.57799	0.01474	0.01186	0.01593	0.01444	0.02468	0.01312	0.00673	0.00623	0.00186	0.00754	0.19692	0.00309	0.00627
78	0.01922	0.01416	0.01518	0.01163	0.01568	0.01568	0.00961	0.77388	0.02378	0.03187	0.01214	0.01214	0.00860	0.00607	0.00506	0.00152	0.00556	0.00455	0.00506	0.00860
79	0.01049	0.00899	0.01049	0.00749	0.01198	0.00674	0.00599	0.01273	0.01049	0.01648	0.00899	0.01049	0.00749	0.00374	0.00374	0.00075	0.00374	0.00300	0.00300	0.85320
80	0.01194	0.01364	0.02984	0.02131	0.02643	0.01279	0.77238	0.01620	0.01194	0.01620	0.01023	0.01364	0.00767	0.00426	0.00597	0.00171	0.00853	0.00597	0.00256	0.00682
81	0.00724	0.00548	0.00676	0.00750	0.00823	0.00552	0.00518	0.01029	0.13574	0.01418	0.02670	0.65439	0.04170	0.03695	0.00677	0.00207	0.00316	0.01271	0.00472	0.00472
82	0.00891	0.00796	0.01200	0.01073	0.01151	0.01010	0.04699	0.01057	0.00818	0.01213	0.01078	0.01624	0.01013	0.02528	0.46644	0.00558	0.31388	0.00507	0.00251	0.00501
83	0.01252	0.01201	0.02053	0.03104	0.79074	0.01201	0.01552	0.01552	0.01151	0.01652	0.00951	0.01252	0.00801	0.00451	0.00501	0.00150	0.00601	0.00451	0.00250	0.00801
84	0.01194	0.01364	0.02984	0.02131	0.02643	0.01279	0.77238	0.01620	0.01194	0.01620	0.01023	0.01364	0.00767	0.00426	0.00597	0.00171	0.00853	0.00597	0.00256	0.00682
85	0.00804	0.00612	0.00883	0.00934	0.01078	0.00596	0.04634	0.01032	0.01164	0.01498	0.02934	0.05367	0.13376	0.01331	0.00679	0.00221	0.00456	0.61474	0.00456	0.00471
