[name]
unknown

[dist]
# distance from previous block
# <min> <max>
0	335

[block]
# block no. 0 follows, 48 sequences, length 9
# corresponding to MSA columns:
# 340-348
name=unknown_A
#
# <colnr> <probs for GDERKNQSTAVLIFYWHMCP>
#	G	D	E	R	K	N	Q	S	T	A	V	L	I	F	Y	W	H	M	C	P
0	0.01163	0.00643	0.00850	0.00765	0.00962	0.00594	0.00607	0.01436	0.04100	0.21835	0.46944	0.03466	0.03578	0.00975	0.00592	0.00170	0.00326	0.09830	0.00570	0.00594
1	0.00935	0.21649	0.01395	0.01179	0.14621	0.00976	0.00767	0.01079	0.01022	0.01336	0.01910	0.43702	0.02177	0.04164	0.00620	0.00184	0.00425	0.00950	0.00365	0.00545
2	0.00820	0.00637	0.00854	0.00776	0.00950	0.00635	0.00593	0.00992	0.00877	0.01291	0.01285	0.01932	0.01218	0.12366	0.50141	0.00593	0.01013	0.00510	0.00287	0.22230
3	0.01012	0.01020	0.00875	0.00851	0.01001	0.20951	0.00642	0.01172	0.01204	0.01433	0.16753	0.08977	0.16375	0.05080	0.14635	0.00297	0.00653	0.06189	0.00396	0.00485
4	0.00755	0.00609	0.00711	0.00644	0.00853	0.00506	0.00483	0.00928	0.01173	0.01598	0.20280	0.17193	0.28601	0.01060	0.00556	0.00152	0.00293	0.00913	0.00452	0.22238
5	0.49073	0.01116	0.00806	0.00738	0.00995	0.14844	0.00582	0.01523	0.01028	0.02018	0.00975	0.01128	0.00770	0.00517	0.00354	0.00144	0.00449	0.00339	0.22060	0.00543
6	0.15698	0.01118	0.20897	0.00911	0.01183	0.00754	0.00873	0.01105	0.00999	0.01577	0.01960	0.43002	0.02166	0.01111	0.00555	0.00189	0.00442	0.04547	0.00381	0.00532
7	0.64061	0.01107	0.00956	0.00805	0.01146	0.01264	0.00664	0.20956	0.01269	0.02542	0.00848	0.00936	0.00637	0.00512	0.00368	0.00158	0.00440	0.00325	0.00368	0.00637
8	0.00766	0.14860	0.00974	0.00753	0.00859	0.00709	0.00563	0.00875	0.01002	0.01302	0.02451	0.64054	0.02893	0.01393	0.00600	0.00192	0.00350	0.04514	0.00431	0.00462

[dist]
# distance from previous block
# <min> <max>
0	5

[block]
# block no. 1 follows, 48 sequences, length 12
# corresponding to MSA columns:
# 354-365
name=unknown_B
#
# <colnr> <probs for GDERKNQSTAVLIFYWHMCP>
#	G	D	E	R	K	N	Q	S	T	A	V	L	I	F	Y	W	H	M	C	P
0	0.69989	0.00918	0.00759	0.00696	0.00960	0.01061	0.00556	0.01385	0.00870	0.02097	0.00931	0.06739	0.00852	0.05044	0.02869	0.00202	0.02818	0.00400	0.00324	0.00530
1	0.01359	0.70118	0.02438	0.00889	0.01284	0.05352	0.00850	0.01539	0.03695	0.01220	0.00777	0.00918	0.00707	0.00547	0.00461	0.06134	0.00553	0.00300	0.00232	0.00630
2	0.01020	0.05104	0.65047	0.01380	0.02017	0.01195	0.01700	0.01527	0.01052	0.01558	0.01030	0.06786	0.00847	0.00597	0.00587	0.00169	0.06977	0.00458	0.00236	0.00715
3	0.01358	0.10503	0.02168	0.03955	0.22771	0.13479	0.22739	0.01833	0.12953	0.01612	0.01102	0.01300	0.00875	0.00497	0.00511	0.00154	0.00695	0.00478	0.00294	0.00721
4	0.01372	0.82276	0.02689	0.00878	0.01317	0.02030	0.00878	0.01536	0.01043	0.01207	0.00713	0.00823	0.00658	0.00439	0.00329	0.00110	0.00549	0.00274	0.00219	0.00658
5	0.00657	0.00522	0.00590	0.00573	0.00724	0.00455	0.00430	0.00835	0.01290	0.01672	0.36365	0.04468	0.47213	0.01193	0.00606	0.00168	0.00252	0.01017	0.00514	0.00455
6	0.01276	0.01102	0.01160	0.01044	0.01334	0.01276	0.00812	0.02727	0.77840	0.02146	0.02088	0.01914	0.01566	0.00696	0.00522	0.00174	0.00406	0.00580	0.00522	0.00812
7	0.00825	0.00524	0.00698	0.00704	0.00811	0.00485	0.00510	0.00998	0.01237	0.08608	0.37528	0.36011	0.03799	0.01339	0.03285	0.00203	0.00321	0.01100	0.00524	0.00490
8	0.01023	0.00967	0.01636	0.66841	0.17006	0.01154	0.01452	0.01358	0.01051	0.01376	0.00922	0.01350	0.00707	0.00503	0.00512	0.00168	0.00671	0.00456	0.00233	0.00613
9	0.85592	0.00992	0.00754	0.00675	0.00992	0.01151	0.00556	0.01508	0.00873	0.02302	0.00714	0.00834	0.00556	0.00476	0.00318	0.00159	0.00397	0.00278	0.00318	0.00556
10	0.00692	0.07763	0.00783	0.00729	0.00795	0.00561	0.00512	0.00788	0.00988	0.01301	0.02639	0.74407	0.03149	0.01503	0.00626	0.00200	0.00320	0.01353	0.00453	0.00438
11	0.01530	0.02048	0.26117	0.07182	0.09718	0.28575	0.03327	0.03639	0.01296	0.10329	0.01016	0.01154	0.00752	0.00519	0.00490	0.00151	0.00758	0.00399	0.00294	0.00707

[dist]
# distance from previous block
# <min> <max>
0	16

[block]
# block no. 2 follows, 48 sequences, length 18
# corresponding to MSA columns:
# 382-399
name=unknown_C
#
# <colnr> <probs for GDERKNQSTAVLIFYWHMCP>
#	G	D	E	R	K	N	Q	S	T	A	V	L	I	F	Y	W	H	M	C	P
0	0.01902	0.00779	0.01046	0.00846	0.01167	0.00684	0.00682	0.02091	0.01376	0.59676	0.05811	0.08475	0.05431	0.00882	0.03429	0.00186	0.00434	0.00639	0.03697	0.00767
1	0.00681	0.00523	0.00624	0.00598	0.00739	0.00465	0.00449	0.00881	0.01346	0.01806	0.51024	0.04247	0.32471	0.01143	0.00606	0.00166	0.00249	0.00986	0.00532	0.00465
2	0.01236	0.01218	0.02177	0.09615	0.60999	0.01224	0.12804	0.01563	0.01163	0.01640	0.00972	0.01295	0.00797	0.00458	0.00523	0.00157	0.00654	0.00479	0.00253	0.00774
3	0.08417	0.01340	0.04399	0.05301	0.20571	0.03532	0.06888	0.28947	0.09117	0.04693	0.01180	0.01295	0.00883	0.00549	0.00502	0.00158	0.00588	0.00463	0.00389	0.00787
4	0.01476	0.00873	0.00947	0.00784	0.01042	0.00914	0.00629	0.28864	0.01607	0.11495	0.01555	0.01646	0.01149	0.00609	0.00433	0.00137	0.00380	0.00477	0.44314	0.00668
5	0.01380	0.26571	0.12412	0.03816	0.16695	0.03471	0.06064	0.08091	0.05757	0.05761	0.01012	0.01161	0.00801	0.00515	0.00512	0.00147	0.04399	0.00407	0.00295	0.00734
6	0.01131	0.03693	0.04149	0.11535	0.43913	0.02818	0.03270	0.01409	0.01132	0.01572	0.07418	0.06097	0.01291	0.02674	0.02330	0.00183	0.03852	0.00554	0.00288	0.00690
7	0.00702	0.00518	0.00656	0.00633	0.00755	0.00472	0.00471	0.00918	0.01379	0.01911	0.62888	0.09689	0.14853	0.01124	0.00609	0.00166	0.00249	0.00988	0.00546	0.00472
8	0.00757	0.00507	0.00648	0.00642	0.00679	0.00522	0.00423	0.00806	0.00853	0.01174	0.12124	0.02927	0.02040	0.44562	0.19387	0.09920	0.00651	0.00694	0.00328	0.00358
9	0.00625	0.00447	0.00595	0.00714	0.00744	0.00417	0.00476	0.00714	0.00982	0.01310	0.02828	0.81633	0.03394	0.01608	0.00655	0.00208	0.00298	0.01459	0.00476	0.00417
10	0.01029	0.02654	0.79309	0.01462	0.02221	0.01192	0.01896	0.01625	0.01083	0.01625	0.00921	0.01083	0.00650	0.00487	0.00487	0.00162	0.00758	0.00379	0.00217	0.00758
11	0.01786	0.01534	0.01306	0.03382	0.01451	0.33583	0.00900	0.05888	0.01373	0.23689	0.01287	0.01466	0.00983	0.00865	0.06311	0.00203	0.07969	0.02826	0.02527	0.00669
12	0.00733	0.00550	0.00825	0.00825	0.00916	0.00641	0.00641	0.00916	0.00825	0.01191	0.01374	0.02016	0.01283	0.03848	0.79934	0.00825	0.01374	0.00550	0.00275	0.00458
13	0.01276	0.01102	0.01160	0.01044	0.01334	0.01276	0.00812	0.02727	0.77840	0.02146	0.02088	0.01914	0.01566	0.00696	0.00522	0.00174	0.00406	0.00580	0.00522	0.00812
14	0.01951	0.01437	0.01540	0.01181	0.01591	0.01591	0.00975	0.77056	0.02412	0.03234	0.01232	0.01232	0.00873	0.00616	0.00513	0.00154	0.00565	0.00462	0.00513	0.00873
15	0.00669	0.00518	0.00609	0.00596	0.00734	0.00458	0.00443	0.00853	0.01302	0.01724	0.42461	0.09201	0.36202	0.01191	0.00609	0.00169	0.00253	0.01027	0.00522	0.00458
16	0.00625	0.00447	0.00595	0.00714	0.00744	0.00417	0.00476	0.00714	0.00982	0.01310	0.02828	0.81633	0.03394	0.01608	0.00655	0.00208	0.00298	0.01459	0.00476	0.00417
17	0.66213	0.01072	0.03352	0.00774	0.01091	0.01185	0.00659	0.09244	0.01044	0.02307	0.00819	0.00948	0.00633	0.00517	0.00410	0.00160	0.04256	0.00318	0.04409	0.00591

[dist]
# distance from previous block
# <min> <max>
0	2

[block]
# block no. 3 follows, 48 sequences, length 13
# corresponding to MSA columns:
# 402-414
name=unknown_D
#
# <colnr> <probs for GDERKNQSTAVLIFYWHMCP>
#	G	D	E	R	K	N	Q	S	T	A	V	L	I	F	Y	W	H	M	C	P
0	0.00755	0.00563	0.00659	0.00628	0.00776	0.00530	0.00473	0.01059	0.07174	0.01869	0.46170	0.03825	0.24393	0.01052	0.00578	0.00162	0.00259	0.00906	0.07676	0.00495
1	0.09539	0.36976	0.15015	0.01041	0.02909	0.04280	0.02649	0.05998	0.01138	0.01599	0.00826	0.00955	0.00682	0.00455	0.00388	0.00124	0.00564	0.00321	0.00263	0.14279
2	0.01124	0.00983	0.01394	0.01521	0.18990	0.01072	0.03883	0.04356	0.13917	0.03571	0.04271	0.15920	0.03766	0.00836	0.00762	0.00176	0.15804	0.00686	0.00373	0.06594
3	0.01347	0.17813	0.28218	0.01512	0.11986	0.04056	0.06624	0.04467	0.08756	0.08793	0.01117	0.01220	0.00838	0.00510	0.00473	0.00151	0.00639	0.00418	0.00306	0.00755
4	0.01198	0.01161	0.05532	0.21958	0.38331	0.01167	0.04138	0.01597	0.06901	0.05069	0.01145	0.04412	0.00942	0.00558	0.00563	0.00165	0.03643	0.00508	0.00291	0.00723
5	0.00625	0.00447	0.00595	0.00714	0.00744	0.00417	0.00476	0.00714	0.00982	0.01310	0.02828	0.81633	0.03394	0.01608	0.00655	0.00208	0.00298	0.01459	0.00476	0.00417
6	0.06002	0.02028	0.45243	0.01280	0.01874	0.01247	0.01442	0.19690	0.05269	0.09381	0.01146	0.01209	0.00802	0.00542	0.00489	0.00160	0.00645	0.00416	0.00347	0.00788
7	0.01435	0.07250	0.32863	0.01444	0.11789	0.01158	0.01338	0.01995	0.12849	0.20772	0.01362	0.01379	0.00964	0.00548	0.00492	0.00158	0.00592	0.00446	0.00371	0.00795
8	0.00872	0.00552	0.00706	0.00739	0.03466	0.00541	0.00465	0.00950	0.00926	0.07794	0.07698	0.17490	0.02236	0.44482	0.08511	0.00406	0.00516	0.00845	0.00383	0.00422
9	0.00735	0.00542	0.00787	0.00787	0.00866	0.00621	0.00595	0.00892	0.00814	0.01163	0.01409	0.02206	0.01365	0.14911	0.68984	0.00778	0.01250	0.00578	0.00280	0.00437
10	0.70423	0.05041	0.11251	0.00789	0.01170	0.01198	0.00748	0.01525	0.00909	0.02161	0.00742	0.00866	0.00573	0.00476	0.00341	0.00157	0.00452	0.00291	0.00300	0.00587
11	0.01085	0.01013	0.01687	0.42248	0.32318	0.01146	0.01405	0.01396	0.01084	0.01491	0.02967	0.01405	0.00866	0.00525	0.00557	0.00164	0.04012	0.00469	0.03504	0.00658
12	0.01296	0.06324	0.37920	0.01333	0.05555	0.01223	0.03062	0.17068	0.01369	0.04181	0.01008	0.01131	0.00744	0.00494	0.00470	0.00143	0.00628	0.00390	0.00308	0.15356

[dist]
# distance from previous block
# <min> <max>
0	1

[block]
# block no. 4 follows, 48 sequences, length 15
# corresponding to MSA columns:
# 416-430
name=unknown_E
#
# <colnr> <probs for GDERKNQSTAVLIFYWHMCP>
#	G	D	E	R	K	N	Q	S	T	A	V	L	I	F	Y	W	H	M	C	P
0	0.00674	0.00522	0.00613	0.00591	0.00734	0.00462	0.00443	0.00867	0.01329	0.01764	0.46479	0.04316	0.37042	0.01158	0.00606	0.00167	0.00250	0.00996	0.00526	0.00462
1	0.00827	0.00837	0.06894	0.08220	0.05862	0.00726	0.00752	0.01221	0.11371	0.01656	0.19413	0.06829	0.31430	0.00994	0.00573	0.00170	0.00375	0.00850	0.00445	0.00554
2	0.00652	0.00489	0.00610	0.00654	0.00744	0.00447	0.00464	0.00796	0.01150	0.01529	0.24067	0.39655	0.21370	0.01457	0.03272	0.00208	0.00309	0.01195	0.00494	0.00440
3	0.02256	0.00884	0.01189	0.00919	0.01311	0.00778	0.00757	0.02511	0.04904	0.75659	0.02027	0.01754	0.01283	0.00638	0.00516	0.00159	0.00435	0.00519	0.00630	0.00870
4	0.01421	0.64833	0.02399	0.00928	0.01347	0.01900	0.00881	0.09429	0.09829	0.01521	0.00921	0.00988	0.00783	0.00486	0.00370	0.00122	0.00534	0.00328	0.00284	0.00698
5	0.00969	0.00912	0.01539	0.80734	0.03534	0.01140	0.01425	0.01311	0.01026	0.01311	0.00912	0.01368	0.00684	0.00513	0.00513	0.00171	0.00684	0.00456	0.00228	0.00570
6	0.04858	0.43129	0.20216	0.01073	0.01547	0.10614	0.01109	0.01732	0.08698	0.01449	0.00907	0.01004	0.00742	0.00488	0.00400	0.00133	0.00620	0.00336	0.00258	0.00685
7	0.00939	0.06895	0.00863	0.00736	0.00882	0.00737	0.00571	0.03811	0.10411	0.01690	0.07861	0.19064	0.02255	0.07594	0.00695	0.00195	0.00361	0.11367	0.22553	0.00519
8	0.00726	0.00524	0.00686	0.00646	0.00767	0.00484	0.00484	0.00968	0.01452	0.02058	0.78496	0.03833	0.04841	0.01049	0.00605	0.00161	0.00242	0.00928	0.00565	0.00484
9	0.01029	0.02654	0.79309	0.01462	0.02221	0.01192	0.01896	0.01625	0.01083	0.01625	0.00921	0.01083	0.00650	0.00487	0.00487	0.00162	0.00758	0.00379	0.00217	0.00758
10	0.01571	0.01252	0.01335	0.01097	0.01428	0.04612	0.03199	0.37557	0.27811	0.02560	0.01589	0.04242	0.01218	0.00666	0.00509	0.00160	0.00499	0.00536	0.07373	0.00787
11	0.32085	0.07960	0.28216	0.03491	0.01732	0.04828	0.09268	0.01575	0.01023	0.01804	0.00828	0.01006	0.00632	0.00489	0.00463	0.00159	0.03167	0.00360	0.00261	0.00650
12	0.02159	0.00917	0.01184	0.00916	0.01294	0.00841	0.00754	0.11959	0.01561	0.63774	0.01897	0.01693	0.01222	0.00630	0.00504	0.00155	0.00439	0.00506	0.06751	0.00844
13	0.01213	0.45374	0.38199	0.01149	0.01736	0.01642	0.01350	0.01577	0.01061	0.01401	0.00809	0.00944	0.00655	0.00461	0.00403	0.00134	0.00646	0.00323	0.00218	0.00705
14	0.01208	0.06595	0.21564	0.04767	0.09283	0.01205	0.21548	0.07004	0.05174	0.04540	0.08902	0.01644	0.01263	0.00572	0.00534	0.00163	0.00655	0.02342	0.00325	0.00712

[dist]
# distance from previous block
# <min> <max>
8	10

[block]
# block no. 5 follows, 48 sequences, length 12
# corresponding to MSA columns:
# 441-452
name=unknown_F
#
# <colnr> <probs for GDERKNQSTAVLIFYWHMCP>
#	G	D	E	R	K	N	Q	S	T	A	V	L	I	F	Y	W	H	M	C	P
0	0.00805	0.00578	0.00718	0.00669	0.00818	0.00546	0.00506	0.01122	0.07054	0.04579	0.61500	0.03754	0.13314	0.01039	0.00596	0.00164	0.00263	0.00907	0.00553	0.00515
1	0.09868	0.00946	0.01167	0.00909	0.01287	0.00896	0.00749	0.12907	0.01529	0.57706	0.01775	0.01597	0.01150	0.00616	0.00490	0.00156	0.00442	0.00485	0.04499	0.00826
2	0.00727	0.00493	0.00582	0.00613	0.00625	0.00487	0.00373	0.00758	0.00818	0.01089	0.01922	0.19135	0.02233	0.61302	0.02112	0.00425	0.00456	0.05157	0.00353	0.00341
3	0.00625	0.00447	0.00595	0.00714	0.00744	0.00417	0.00476	0.00714	0.00982	0.01310	0.02828	0.81633	0.03394	0.01608	0.00655	0.00208	0.00298	0.01459	0.00476	0.00417
4	0.00718	0.00524	0.00674	0.00637	0.00761	0.00481	0.00478	0.00952	0.01433	0.02011	0.73441	0.03909	0.09925	0.01066	0.00605	0.00162	0.00243	0.00939	0.00559	0.00481
5	0.00726	0.00524	0.00686	0.00646	0.00767	0.00484	0.00484	0.00968	0.01452	0.02058	0.78496	0.03833	0.04841	0.01049	0.00605	0.00161	0.00242	0.00928	0.00565	0.00484
6	0.85592	0.00992	0.00754	0.00675	0.00992	0.01151	0.00556	0.01508	0.00873	0.02302	0.00714	0.00834	0.00556	0.00476	0.00318	0.00159	0.00397	0.00278	0.00318	0.00556
7	0.01372	0.82276	0.02689	0.00878	0.01317	0.02030	0.00878	0.01536	0.01043	0.01207	0.00713	0.00823	0.00658	0.00439	0.00329	0.00110	0.00549	0.00274	0.00219	0.00658
8	0.01050	0.00874	0.01026	0.00761	0.01162	0.00693	0.00605	0.04609	0.01185	0.01802	0.13137	0.01507	0.01407	0.00496	0.00421	0.00093	0.00366	0.00409	0.00354	0.68042
9	0.00692	0.00487	0.00624	0.00673	0.00724	0.00464	0.00459	0.00807	0.01056	0.01437	0.21714	0.38470	0.03366	0.20844	0.01118	0.00268	0.00342	0.05583	0.00459	0.00412
10	0.09364	0.00551	0.00555	0.00530	0.00682	0.00560	0.00405	0.01287	0.01066	0.06549	0.01574	0.01785	0.01223	0.00628	0.00420	0.02992	0.00273	0.00460	0.68595	0.00501
11	0.02302	0.00873	0.01191	0.00913	0.01310	0.00754	0.00754	0.02501	0.01469	0.79122	0.02024	0.01746	0.01270	0.00635	0.00516	0.00159	0.00437	0.00516	0.00635	0.00873

[dist]
# distance from previous block
# <min> <max>
0	11

[block]
# block no. 6 follows, 48 sequences, length 14
# corresponding to MSA columns:
# 464-477
name=unknown_G
#
# <colnr> <probs for GDERKNQSTAVLIFYWHMCP>
#	G	D	E	R	K	N	Q	S	T	A	V	L	I	F	Y	W	H	M	C	P
0	0.01276	0.01102	0.01160	0.01044	0.01334	0.01276	0.00812	0.02727	0.77840	0.02146	0.02088	0.01914	0.01566	0.00696	0.00522	0.00174	0.00406	0.00580	0.00522	0.00812
1	0.01276	0.01102	0.01160	0.01044	0.01334	0.01276	0.00812	0.02727	0.77840	0.02146	0.02088	0.01914	0.01566	0.00696	0.00522	0.00174	0.00406	0.00580	0.00522	0.00812
2	0.01123	0.01123	0.01572	0.01347	0.01347	0.01572	0.01123	0.01235	0.00786	0.01235	0.00674	0.01123	0.00674	0.00898	0.01684	0.00225	0.81028	0.00449	0.00225	0.00561
3	0.01577	0.01190	0.01286	0.01072	0.01408	0.01329	0.00857	0.29951	0.42302	0.07906	0.04285	0.01715	0.01399	0.00674	0.00521	0.00165	0.00461	0.00544	0.00528	0.00828
4	0.01372	0.82276	0.02689	0.00878	0.01317	0.02030	0.00878	0.01536	0.01043	0.01207	0.00713	0.00823	0.00658	0.00439	0.00329	0.00110	0.00549	0.00274	0.00219	0.00658
5	0.00635	0.00473	0.00595	0.00688	0.00756	0.00433	0.00482	0.00744	0.01038	0.01343	0.03344	0.59267	0.19981	0.01526	0.00648	0.00203	0.00302	0.06642	0.00476	0.00424
6	0.00879	0.00570	0.00693	0.00687	0.00853	0.00515	0.00545	0.01015	0.01155	0.10139	0.05853	0.04311	0.41125	0.01399	0.04289	0.07519	0.00391	0.17121	0.00465	0.00476
7	0.00628	0.00483	0.00577	0.00649	0.00740	0.00432	0.00459	0.00740	0.01066	0.01351	0.03762	0.47528	0.33165	0.01476	0.00638	0.00196	0.00291	0.04918	0.00476	0.00426
8	0.00969	0.00912	0.01539	0.80734	0.03534	0.01140	0.01425	0.01311	0.01026	0.01311	0.00912	0.01368	0.00684	0.00513	0.00513	0.00171	0.00684	0.00456	0.00228	0.00570
9	0.02302	0.00873	0.01191	0.00913	0.01310	0.00754	0.00754	0.02501	0.01469	0.79122	0.02024	0.01746	0.01270	0.00635	0.00516	0.00159	0.00437	0.00516	0.00635	0.00873
10	0.01080	0.01031	0.01784	0.25759	0.31306	0.01107	0.10207	0.01379	0.01112	0.01529	0.05953	0.04980	0.01208	0.02672	0.00649	0.00178	0.04548	0.02582	0.00282	0.00655
11	0.01246	0.05435	0.49041	0.01643	0.10772	0.01189	0.10394	0.01724	0.01153	0.11038	0.01065	0.01209	0.00759	0.00494	0.00500	0.00160	0.00706	0.00427	0.00277	0.00767
12	0.00816	0.00750	0.05510	0.08419	0.08796	0.00655	0.02550	0.01010	0.01080	0.03243	0.06190	0.38108	0.11349	0.03063	0.00654	0.00197	0.00417	0.06263	0.00415	0.00513
13	0.51071	0.20602	0.05692	0.00839	0.01208	0.08352	0.00758	0.03650	0.01019	0.01936	0.00747	0.00864	0.00604	0.00477	0.00348	0.00145	0.00505	0.00292	0.00289	0.00604

[dist]
# distance from previous block
# <min> <max>
0	2

[block]
# block no. 7 follows, 48 sequences, length 34
# corresponding to MSA columns:
# 480-513
name=unknown_H
#
# <colnr> <probs for GDERKNQSTAVLIFYWHMCP>
#	G	D	E	R	K	N	Q	S	T	A	V	L	I	F	Y	W	H	M	C	P
0	0.00754	0.00558	0.00708	0.00664	0.00797	0.00529	0.00500	0.01063	0.05912	0.02038	0.71345	0.03761	0.07345	0.01037	0.00600	0.00163	0.00252	0.00913	0.00559	0.00501
1	0.01057	0.02203	0.56087	0.11567	0.06644	0.01200	0.10907	0.01585	0.01096	0.01591	0.00936	0.01166	0.00679	0.00482	0.00506	0.00164	0.00754	0.00420	0.00225	0.00730
2	0.00707	0.00519	0.00657	0.00631	0.00750	0.00475	0.00467	0.00921	0.01374	0.01907	0.63571	0.07708	0.13665	0.03570	0.00669	0.00175	0.00255	0.00967	0.00542	0.00469
3	0.00635	0.00521	0.00560	0.00550	0.00711	0.00445	0.00413	0.00792	0.01238	0.01548	0.22871	0.04672	0.60784	0.01239	0.00606	0.00170	0.00256	0.01046	0.00498	0.00445
4	0.01108	0.01112	0.01627	0.01374	0.01410	0.01507	0.06044	0.01240	0.00822	0.01265	0.00785	0.04432	0.00792	0.00897	0.01571	0.00220	0.72494	0.00501	0.00237	0.00564
5	0.01917	0.02445	0.01454	0.01322	0.01586	0.79907	0.00991	0.02049	0.01454	0.01256	0.00793	0.00925	0.00661	0.00529	0.00463	0.00132	0.00925	0.00330	0.00264	0.00595
6	0.02226	0.00890	0.01188	0.00923	0.01312	0.00793	0.00758	0.02517	0.07172	0.73374	0.02029	0.01759	0.01292	0.00640	0.00516	0.00160	0.00434	0.00521	0.00627	0.00869
7	0.01951	0.01437	0.01540	0.01181	0.01591	0.01591	0.00975	0.77056	0.02412	0.03234	0.01232	0.01232	0.00873	0.00616	0.00513	0.00154	0.00565	0.00462	0.00513	0.00873
8	0.00772	0.00540	0.00668	0.00626	0.00774	0.00484	0.00473	0.00983	0.01381	0.05605	0.56035	0.04015	0.23547	0.01093	0.00601	0.00164	0.00256	0.00948	0.00546	0.00490
9	0.00821	0.00589	0.00819	0.00934	0.01053	0.00586	0.00815	0.01054	0.01181	0.01532	0.02782	0.05765	0.04952	0.01414	0.00706	0.00235	0.00467	0.73350	0.00473	0.00471
10	0.69531	0.01207	0.00878	0.00782	0.01095	0.13046	0.00630	0.01631	0.00985	0.05285	0.00780	0.00885	0.00601	0.00491	0.00348	0.00155	0.00478	0.00296	0.00322	0.00575
11	0.02302	0.00873	0.01191	0.00913	0.01310	0.00754	0.00754	0.02501	0.01469	0.79122	0.02024	0.01746	0.01270	0.00635	0.00516	0.00159	0.00437	0.00516	0.00635	0.00873
12	0.01584	0.00722	0.00954	0.00786	0.01059	0.00644	0.00628	0.03117	0.01455	0.42680	0.31737	0.02642	0.04794	0.00812	0.00547	0.00159	0.00351	0.00689	0.03947	0.00694
13	0.55852	0.00972	0.00924	0.00770	0.01117	0.01043	0.00635	0.04825	0.01123	0.26703	0.01150	0.01139	0.00795	0.00532	0.00388	0.00159	0.00416	0.00361	0.00426	0.00669
14	0.01873	0.01127	0.01338	0.01158	0.07222	0.01168	0.00874	0.39201	0.01862	0.25491	0.01505	0.01477	0.01044	0.00607	0.00493	0.00151	0.00487	0.00480	0.11626	0.00816
15	0.01059	0.00577	0.00587	0.00550	0.00700	0.00593	0.00422	0.08988	0.01213	0.02049	0.01628	0.01843	0.01270	0.00600	0.00375	0.00123	0.00273	0.00477	0.76156	0.00519
16	0.85592	0.00992	0.00754	0.00675	0.00992	0.01151	0.00556	0.01508	0.00873	0.02302	0.00714	0.00834	0.00556	0.00476	0.00318	0.00159	0.00397	0.00278	0.00318	0.00556
17	0.00625	0.00447	0.00595	0.00714	0.00744	0.00417	0.00476	0.00714	0.00982	0.01310	0.02828	0.81633	0.03394	0.01608	0.00655	0.00208	0.00298	0.01459	0.00476	0.00417
18	0.01218	0.01348	0.02799	0.02021	0.02489	0.01311	0.65819	0.03567	0.01200	0.01650	0.01007	0.01347	0.00771	0.00477	0.00692	0.00174	0.07981	0.00579	0.00264	0.03287
19	0.00625	0.00447	0.00595	0.00714	0.00744	0.00417	0.00476	0.00714	0.00982	0.01310	0.02828	0.81633	0.03394	0.01608	0.00655	0.00208	0.00298	0.01459	0.00476	0.00417
20	0.00733	0.00550	0.00825	0.00825	0.00916	0.00641	0.00641	0.00916	0.00825	0.01191	0.01374	0.02016	0.01283	0.03848	0.79934	0.00825	0.01374	0.00550	0.00275	0.00458
21	0.01711	0.01752	0.01542	0.09772	0.01799	0.33568	0.03379	0.26574	0.03987	0.01950	0.00986	0.01136	0.00765	0.00593	0.00605	0.00155	0.08274	0.00414	0.00346	0.00690
22	0.00749	0.00512	0.00632	0.00632	0.00661	0.00537	0.00405	0.00808	0.00778	0.01078	0.01550	0.02937	0.01685	0.57536	0.24264	0.00578	0.00736	0.00683	0.02883	0.00357
23	0.85592	0.00992	0.00754	0.00675	0.00992	0.01151	0.00556	0.01508	0.00873	0.02302	0.00714	0.00834	0.00556	0.00476	0.00318	0.00159	0.00397	0.00278	0.00318	0.00556
24	0.01286	0.01268	0.02588	0.01885	0.02333	0.01227	0.58543	0.04171	0.01222	0.08058	0.01133	0.01443	0.00855	0.00734	0.06573	0.00222	0.04888	0.00581	0.00299	0.00689
25	0.01250	0.01065	0.01124	0.01014	0.01293	0.01227	0.00787	0.02625	0.73078	0.02136	0.04161	0.01967	0.01647	0.00702	0.00519	0.00172	0.00396	0.00586	0.03461	0.00792
26	0.00712	0.00524	0.00667	0.00631	0.00758	0.00478	0.00473	0.00942	0.01420	0.01980	0.70059	0.03960	0.13327	0.01078	0.00605	0.00163	0.00244	0.00946	0.00555	0.00478
27	0.01919	0.01421	0.01522	0.01174	0.01579	0.01576	0.00968	0.73548	0.05972	0.03182	0.01272	0.01264	0.00905	0.00620	0.00514	0.00155	0.00557	0.00468	0.00514	0.00870
28	0.00615	0.00510	0.00538	0.00553	0.00704	0.00433	0.00407	0.00744	0.01156	0.01407	0.08321	0.15769	0.64414	0.01331	0.00613	0.00178	0.00264	0.01129	0.00481	0.00433
29	0.01048	0.00848	0.00977	0.00718	0.01125	0.00654	0.00571	0.01278	0.01066	0.01708	0.01025	0.01190	0.00842	0.00412	0.00377	0.00082	0.00359	0.00330	0.12807	0.72584
30	0.00728	0.00497	0.00597	0.00613	0.00629	0.00504	0.00374	0.00763	0.00788	0.01062	0.01753	0.13896	0.02003	0.61371	0.11853	0.00498	0.00578	0.00819	0.00329	0.00343
31	0.00768	0.00490	0.00576	0.00576	0.00576	0.00490	0.00331	0.00735	0.00735	0.00980	0.01510	0.03093	0.01722	0.70166	0.02522	0.12945	0.00490	0.00702	0.00298	0.00298
32	0.01233	0.12595	0.18034	0.14678	0.01950	0.06152	0.03279	0.03253	0.30029	0.01716	0.01331	0.01410	0.01010	0.00567	0.00485	0.00159	0.00594	0.00458	0.00343	0.00723
33	0.14797	0.22365	0.40599	0.01218	0.04108	0.01401	0.01357	0.04134	0.01095	0.03402	0.00871	0.01003	0.00663	0.00480	0.00422	0.00148	0.00629	0.00345	0.00254	0.00709

[dist]
# distance from previous block
# <min> <max>
0	2

[block]
# block no. 8 follows, 48 sequences, length 38
# corresponding to MSA columns:
# 516-553
name=unknown_I
#
# <colnr> <probs for GDERKNQSTAVLIFYWHMCP>
#	G	D	E	R	K	N	Q	S	T	A	V	L	I	F	Y	W	H	M	C	P
0	0.14150	0.05724	0.24862	0.01404	0.08245	0.21844	0.04351	0.01836	0.09875	0.01676	0.00988	0.01115	0.00762	0.00513	0.00458	0.00152	0.00689	0.00385	0.00284	0.00688
1	0.00891	0.00446	0.00668	0.00668	0.00668	0.00446	0.00446	0.00668	0.00668	0.00891	0.00891	0.01560	0.00891	0.01783	0.02005	0.85071	0.00446	0.00446	0.00223	0.00223
2	0.01037	0.01064	0.05289	0.59646	0.15692	0.01164	0.03842	0.01419	0.03195	0.01419	0.00958	0.01354	0.00731	0.00505	0.00514	0.00168	0.00673	0.00461	0.00241	0.00629
3	0.01064	0.00912	0.01064	0.00760	0.01216	0.00684	0.00608	0.01292	0.01064	0.01672	0.00912	0.01064	0.00760	0.00380	0.00380	0.00076	0.00380	0.00304	0.00304	0.85104
4	0.01314	0.50948	0.02150	0.00969	0.01348	0.01705	0.03436	0.03901	0.20598	0.01516	0.01134	0.01214	0.00943	0.00746	0.05931	0.00179	0.00581	0.00388	0.00310	0.00691
5	0.01951	0.01437	0.01540	0.01181	0.01591	0.01591	0.00975	0.77056	0.02412	0.03234	0.01232	0.01232	0.00873	0.00616	0.00513	0.00154	0.00565	0.00462	0.00513	0.00873
6	0.00752	0.00495	0.00564	0.00564	0.00564	0.00495	0.00316	0.00743	0.00743	0.00991	0.01587	0.03284	0.01825	0.78660	0.02587	0.03985	0.00495	0.00734	0.00307	0.00307
7	0.00739	0.00541	0.00799	0.00805	0.00889	0.00616	0.00618	0.00899	0.00846	0.01207	0.03305	0.04896	0.01488	0.06023	0.67468	0.04285	0.01219	0.02622	0.00293	0.00443
8	0.01175	0.29663	0.37301	0.01174	0.03188	0.01406	0.01313	0.03021	0.01094	0.01522	0.00855	0.00997	0.00678	0.00455	0.00417	0.00130	0.00618	0.00334	0.00238	0.14421
9	0.01236	0.01184	0.02021	0.11959	0.70224	0.01210	0.01558	0.01545	0.01152	0.01635	0.00959	0.01281	0.00798	0.00464	0.00509	0.00155	0.00618	0.00457	0.00251	0.00785
10	0.00644	0.00540	0.00562	0.00562	0.00728	0.00471	0.00419	0.00834	0.04384	0.01459	0.09905	0.09431	0.65728	0.01276	0.00606	0.00175	0.00267	0.01074	0.00484	0.00451
11	0.01301	0.01298	0.18441	0.05206	0.12753	0.00953	0.11376	0.01623	0.01194	0.19468	0.04419	0.14412	0.01466	0.00732	0.00567	0.00171	0.01776	0.01758	0.00383	0.00703
12	0.00798	0.00629	0.00949	0.00870	0.00982	0.00686	0.06062	0.02164	0.00935	0.01317	0.09559	0.02423	0.03207	0.17419	0.46437	0.00606	0.03543	0.00635	0.00317	0.00460
13	0.01917	0.02445	0.01454	0.01322	0.01586	0.79907	0.00991	0.02049	0.01454	0.01256	0.00793	0.00925	0.00661	0.00529	0.00463	0.00132	0.00925	0.00330	0.00264	0.00595
14	0.01188	0.01026	0.01557	0.53154	0.12968	0.04412	0.01322	0.03854	0.01133	0.07896	0.01054	0.03287	0.00820	0.00560	0.00558	0.00168	0.03647	0.00480	0.00282	0.00634
15	0.05198	0.03949	0.03270	0.18880	0.29562	0.03851	0.05691	0.07417	0.01228	0.04778	0.01204	0.07007	0.01058	0.00615	0.00518	0.00164	0.00604	0.04005	0.00311	0.00692
16	0.70708	0.01022	0.00806	0.00722	0.01030	0.04752	0.00591	0.01547	0.00957	0.06696	0.01031	0.01216	0.03594	0.00551	0.00360	0.00161	0.00421	0.02920	0.00345	0.00569
17	0.62309	0.10671	0.01152	0.00972	0.08319	0.06452	0.00717	0.01553	0.00959	0.02046	0.00743	0.00879	0.00599	0.00474	0.00346	0.00151	0.00469	0.00298	0.00297	0.00594
18	0.00764	0.00546	0.00755	0.00873	0.00964	0.00536	0.00718	0.00955	0.01119	0.01465	0.02751	0.29391	0.03090	0.01477	0.00692	0.00228	0.00418	0.52329	0.00474	0.00455
19	0.01123	0.01123	0.01572	0.01347	0.01347	0.01572	0.01123	0.01235	0.00786	0.01235	0.00674	0.01123	0.00674	0.00898	0.01684	0.00225	0.81028	0.00449	0.00225	0.00561
20	0.01316	0.01122	0.01182	0.01052	0.01349	0.01295	0.00822	0.07083	0.73418	0.02210	0.02038	0.01874	0.01526	0.00691	0.00522	0.00173	0.00415	0.00573	0.00522	0.00816
21	0.00625	0.00447	0.00595	0.00714	0.00744	0.00417	0.00476	0.00714	0.00982	0.01310	0.02828	0.81633	0.03394	0.01608	0.00655	0.00208	0.00298	0.01459	0.00476	0.00417
22	0.01039	0.00503	0.00522	0.00505	0.00642	0.00495	0.00383	0.01276	0.01100	0.06673	0.01695	0.01903	0.01312	0.00600	0.00368	0.00122	0.00251	0.00481	0.79626	0.00503
23	0.00625	0.00447	0.00595	0.00714	0.00744	0.00417	0.00476	0.00714	0.00982	0.01310	0.02828	0.81633	0.03394	0.01608	0.00655	0.00208	0.00298	0.01459	0.00476	0.00417
24	0.00629	0.00450	0.00599	0.00712	0.00745	0.00420	0.00477	0.00725	0.01002	0.01341	0.05980	0.78392	0.03454	0.01584	0.00653	0.00206	0.00295	0.01437	0.00480	0.00420
25	0.01372	0.82276	0.02689	0.00878	0.01317	0.02030	0.00878	0.01536	0.01043	0.01207	0.00713	0.00823	0.00658	0.00439	0.00329	0.00110	0.00549	0.00274	0.00219	0.00658
26	0.00606	0.00520	0.00520	0.00520	0.00693	0.00433	0.00390	0.00736	0.01170	0.01386	0.05198	0.04938	0.78558	0.01299	0.00606	0.00173	0.00260	0.01083	0.00476	0.00433
27	0.01270	0.01219	0.02083	0.03149	0.78767	0.01219	0.01575	0.01575	0.01168	0.01676	0.00965	0.01270	0.00813	0.00457	0.00508	0.00152	0.00610	0.00457	0.00254	0.00813
28	0.00753	0.00551	0.00711	0.00674	0.00802	0.00522	0.00512	0.01046	0.04636	0.02040	0.72274	0.03831	0.04629	0.01049	0.00606	0.00165	0.00258	0.03884	0.00559	0.00497
29	0.01238	0.01187	0.02026	0.11297	0.70866	0.01211	0.01559	0.01547	0.01153	0.01638	0.00960	0.01280	0.00799	0.00463	0.00509	0.00154	0.00617	0.00457	0.00251	0.00787
30	0.01029	0.02654	0.79309	0.01462	0.02221	0.01192	0.01896	0.01625	0.01083	0.01625	0.00921	0.01083	0.00650	0.00487	0.00487	0.00162	0.00758	0.00379	0.00217	0.00758
31	0.01064	0.00912	0.01064	0.00760	0.01216	0.00684	0.00608	0.01292	0.01064	0.01672	0.00912	0.01064	0.00760	0.00380	0.00380	0.00076	0.00380	0.00304	0.00304	0.85104
32	0.01419	0.75382	0.02582	0.00916	0.01340	0.08756	0.00888	0.01581	0.01078	0.01211	0.00720	0.00832	0.00659	0.00447	0.00341	0.00112	0.00581	0.00279	0.00223	0.00653
33	0.00735	0.00510	0.00614	0.00614	0.00644	0.00524	0.00386	0.00782	0.00788	0.01060	0.01775	0.03163	0.06236	0.60516	0.19047	0.00548	0.00671	0.00724	0.00313	0.00350
34	0.01241	0.10468	0.48255	0.01530	0.09369	0.01224	0.06570	0.01700	0.01148	0.10560	0.02596	0.01226	0.00831	0.00504	0.00486	0.00156	0.00682	0.00418	0.00279	0.00757
35	0.01927	0.03450	0.12266	0.01253	0.09600	0.00968	0.01028	0.05308	0.01383	0.51616	0.01634	0.01531	0.01077	0.00600	0.00554	0.00160	0.03832	0.00479	0.00503	0.00832
36	0.00771	0.00551	0.00763	0.00881	0.00975	0.00542	0.00730	0.00966	0.01126	0.01473	0.02748	0.26802	0.03075	0.01470	0.00694	0.00229	0.00424	0.54851	0.00474	0.00457
37	0.01505	0.00881	0.05623	0.01036	0.07065	0.00754	0.00813	0.03269	0.03930	0.32396	0.08886	0.02543	0.01808	0.00774	0.00528	0.00165	0.00426	0.12736	0.14166	0.00695

[dist]
# distance from previous block
# <min> <max>
0	1

[block]
# block no. 9 follows, 48 sequences, length 27
# corresponding to MSA columns:
# 555-581
name=unknown_J
#
# <colnr> <probs for GDERKNQSTAVLIFYWHMCP>
#	G	D	E	R	K	N	Q	S	T	A	V	L	I	F	Y	W	H	M	C	P
0	0.01156	0.01079	0.01631	0.36237	0.27442	0.02955	0.01328	0.04341	0.11536	0.01611	0.01158	0.04082	0.00942	0.00566	0.00533	0.00166	0.01749	0.00504	0.00296	0.00688
1	0.78761	0.01034	0.00773	0.00695	0.01002	0.04485	0.00567	0.01519	0.00906	0.02243	0.00755	0.00879	0.00589	0.00483	0.00325	0.00156	0.00413	0.00288	0.03571	0.00554
2	0.01110	0.01065	0.01838	0.43761	0.36099	0.01181	0.04710	0.01439	0.01096	0.01483	0.00940	0.01326	0.00744	0.00485	0.00515	0.00163	0.00659	0.00463	0.00241	0.00680
3	0.01057	0.00959	0.03473	0.05337	0.06560	0.01001	0.00805	0.01927	0.41718	0.01857	0.09790	0.05391	0.12645	0.04404	0.00637	0.00186	0.00409	0.00703	0.00465	0.00676
4	0.01014	0.00946	0.06250	0.10808	0.14290	0.00883	0.00937	0.08412	0.06014	0.01992	0.39361	0.02571	0.02828	0.00788	0.00557	0.00161	0.00430	0.00692	0.00443	0.00623
5	0.00755	0.00553	0.00759	0.00756	0.00827	0.00621	0.00552	0.00928	0.03383	0.01167	0.01468	0.02399	0.01460	0.26272	0.54972	0.00708	0.01089	0.00607	0.00294	0.00428
6	0.00665	0.04065	0.00696	0.00730	0.00781	0.00494	0.00507	0.00763	0.00992	0.01314	0.02731	0.75305	0.03257	0.01549	0.00642	0.00205	0.00315	0.04094	0.00465	0.00429
7	0.01088	0.00926	0.01077	0.00772	0.01226	0.00709	0.00618	0.03367	0.01101	0.01715	0.00921	0.01069	0.00763	0.00386	0.00384	0.00078	0.00385	0.00308	0.00310	0.82797
8	0.01064	0.00912	0.01064	0.00760	0.01216	0.00684	0.00608	0.01292	0.01064	0.01672	0.00912	0.01064	0.00760	0.00380	0.00380	0.00076	0.00380	0.00304	0.00304	0.85104
9	0.01002	0.00930	0.01539	0.78055	0.03469	0.01155	0.01410	0.03862	0.01073	0.01376	0.00923	0.01363	0.00690	0.00516	0.00513	0.00170	0.00680	0.00456	0.00238	0.00580
10	0.00744	0.00507	0.00609	0.00609	0.00626	0.00524	0.00373	0.00778	0.00761	0.01032	0.01571	0.03107	0.01757	0.67369	0.17061	0.00559	0.00661	0.00709	0.00304	0.00338
11	0.00827	0.00591	0.00827	0.00945	0.01063	0.00591	0.00827	0.01063	0.01181	0.01536	0.02717	0.05788	0.02953	0.01417	0.00709	0.00236	0.00472	0.75313	0.00472	0.00472
12	0.01405	0.01159	0.01228	0.01056	0.01375	0.01313	0.00834	0.18778	0.57911	0.02355	0.01924	0.01795	0.02757	0.00680	0.00518	0.00167	0.00437	0.00555	0.00513	0.03239
13	0.00725	0.00522	0.00662	0.00627	0.00753	0.00479	0.00470	0.00957	0.01411	0.01991	0.68591	0.03849	0.11317	0.01052	0.00595	0.00161	0.00244	0.00922	0.04192	0.00479
14	0.04608	0.04443	0.01480	0.05607	0.05052	0.61806	0.01006	0.01988	0.01389	0.06782	0.00889	0.01016	0.00708	0.00528	0.00462	0.00137	0.00836	0.00352	0.00288	0.00623
15	0.01148	0.01349	0.10912	0.01603	0.02041	0.01180	0.39035	0.01843	0.21351	0.01824	0.10796	0.01789	0.01469	0.00584	0.00570	0.00171	0.00656	0.00613	0.00361	0.00706
16	0.02208	0.00871	0.01161	0.00897	0.01278	0.00770	0.00739	0.05291	0.01481	0.71559	0.01973	0.01737	0.01258	0.00632	0.00506	0.00156	0.00430	0.00512	0.05693	0.00849
17	0.01012	0.00630	0.00752	0.00695	0.00875	0.00588	0.00527	0.07535	0.01346	0.12383	0.22417	0.18030	0.22959	0.01094	0.00577	0.00169	0.00311	0.00940	0.06615	0.00544
18	0.04590	0.08248	0.59435	0.01420	0.02096	0.01238	0.08412	0.01662	0.01104	0.05787	0.00967	0.01116	0.00692	0.00486	0.00481	0.00159	0.00720	0.00395	0.00247	0.00743
19	0.01192	0.01425	0.06136	0.02018	0.02521	0.03651	0.67234	0.01606	0.01211	0.01617	0.01249	0.01548	0.04949	0.00484	0.00596	0.00171	0.00830	0.00613	0.00269	0.00678
20	0.00630	0.00460	0.00595	0.00701	0.00750	0.00425	0.00479	0.00729	0.01010	0.01326	0.03088	0.70455	0.11754	0.01567	0.00651	0.00205	0.00300	0.03979	0.00476	0.00421
21	0.00677	0.00484	0.00594	0.00662	0.00744	0.00437	0.00459	0.00780	0.01044	0.03623	0.03431	0.53215	0.24683	0.04584	0.00713	0.00208	0.00301	0.02451	0.00475	0.00432
22	0.01078	0.02236	0.61612	0.01333	0.01971	0.01117	0.01626	0.03310	0.04712	0.04831	0.04051	0.01331	0.00934	0.00789	0.06666	0.00214	0.00752	0.00430	0.00273	0.00734
23	0.01319	0.00713	0.00868	0.00735	0.00991	0.00645	0.00582	0.07320	0.01436	0.28274	0.21244	0.03296	0.28556	0.00960	0.00568	0.00164	0.00340	0.00804	0.00555	0.00630
24	0.05604	0.02328	0.64676	0.01395	0.02067	0.01139	0.05217	0.01602	0.01086	0.04334	0.01054	0.05339	0.00817	0.00548	0.00494	0.00165	0.00709	0.00446	0.00252	0.00730
25	0.01312	0.20911	0.36962	0.01327	0.05945	0.01312	0.04897	0.01730	0.02941	0.12086	0.01057	0.01155	0.00778	0.00491	0.00456	0.00145	0.00634	0.00389	0.00290	0.05183
26	0.01261	0.01233	0.08615	0.12345	0.24701	0.02888	0.06674	0.06833	0.10660	0.06975	0.04550	0.05405	0.02641	0.00634	0.00533	0.00165	0.00580	0.02228	0.00356	0.00724

[dist]
# distance from previous block
# <min> <max>
6	21

[block]
# block no. 10 follows, 48 sequences, length 14
# corresponding to MSA columns:
# 604-617
name=unknown_K
#
# <colnr> <probs for GDERKNQSTAVLIFYWHMCP>
#	G	D	E	R	K	N	Q	S	T	A	V	L	I	F	Y	W	H	M	C	P
0	0.16405	0.01306	0.11522	0.03998	0.03610	0.01203	0.00961	0.21790	0.15285	0.05200	0.01319	0.04876	0.01036	0.00708	0.02886	0.00178	0.00533	0.00478	0.00405	0.06302
1	0.07264	0.04874	0.11051	0.18257	0.17907	0.01114	0.01174	0.07470	0.01171	0.01732	0.00969	0.02947	0.00790	0.00493	0.00458	0.00139	0.00560	0.00412	0.00285	0.20934
2	0.07188	0.29563	0.08489	0.05052	0.06363	0.02918	0.04907	0.07605	0.18355	0.03169	0.01146	0.01223	0.00898	0.00526	0.00439	0.00146	0.00556	0.00409	0.00329	0.00720
3	0.01581	0.01149	0.01254	0.01058	0.01391	0.01276	0.00842	0.20231	0.49187	0.13345	0.01877	0.01729	0.01361	0.00669	0.00519	0.00167	0.00448	0.00543	0.00536	0.00835
4	0.00762	0.00587	0.00844	0.07425	0.01134	0.00586	0.03637	0.03672	0.01105	0.01464	0.05730	0.50883	0.05165	0.01371	0.00641	0.00204	0.00387	0.13480	0.00452	0.00469
5	0.01413	0.00612	0.00720	0.00626	0.00839	0.00572	0.00493	0.01638	0.01209	0.28111	0.01793	0.01856	0.01300	0.00610	0.00412	0.00133	0.00306	0.00491	0.56252	0.00612
6	0.00716	0.00524	0.00672	0.00635	0.00761	0.00480	0.00476	0.00949	0.01429	0.02003	0.72490	0.03923	0.10882	0.01070	0.00605	0.00162	0.00244	0.00941	0.00558	0.00480
7	0.74578	0.00977	0.00812	0.00706	0.01034	0.01099	0.00582	0.01640	0.00952	0.12461	0.00888	0.00954	0.00650	0.00497	0.00344	0.00159	0.00402	0.00309	0.00360	0.00598
8	0.00727	0.00512	0.00687	0.00774	0.00854	0.00492	0.00596	0.00900	0.01136	0.01541	0.15515	0.38460	0.03396	0.01404	0.00653	0.00207	0.00347	0.27328	0.04021	0.00450
9	0.02124	0.00821	0.01097	0.00855	0.01216	0.00718	0.00702	0.02328	0.01417	0.68912	0.01978	0.01768	0.01276	0.00630	0.00495	0.00154	0.00410	0.00511	0.11767	0.00821
10	0.00969	0.00912	0.01539	0.80734	0.03534	0.01140	0.01425	0.01311	0.01026	0.01311	0.00912	0.01368	0.00684	0.00513	0.00513	0.00171	0.00684	0.00456	0.00228	0.00570
11	0.00654	0.00479	0.00620	0.00709	0.00776	0.00445	0.00506	0.00779	0.01069	0.01408	0.09433	0.56290	0.13403	0.01498	0.00651	0.00203	0.00308	0.09854	0.00483	0.00431
12	0.85592	0.00992	0.00754	0.00675	0.00992	0.01151	0.00556	0.01508	0.00873	0.02302	0.00714	0.00834	0.00556	0.00476	0.00318	0.00159	0.00397	0.00278	0.00318	0.00556
13	0.01162	0.01225	0.02480	0.04053	0.02309	0.01207	0.55047	0.03757	0.01204	0.01645	0.01253	0.01957	0.01073	0.00608	0.00685	0.00183	0.06537	0.10462	0.02503	0.00650

[dist]
# distance from previous block
# <min> <max>
0	1

[block]
# block no. 11 follows, 48 sequences, length 29
# corresponding to MSA columns:
# 619-647
name=unknown_L
#
# <colnr> <probs for GDERKNQSTAVLIFYWHMCP>
#	G	D	E	R	K	N	Q	S	T	A	V	L	I	F	Y	W	H	M	C	P
0	0.01390	0.12070	0.05952	0.02785	0.19319	0.02932	0.01022	0.09925	0.03420	0.09164	0.01070	0.01190	0.00832	0.00476	0.00444	0.00125	0.00521	0.00388	0.00335	0.26640
1	0.01357	0.43640	0.01971	0.00956	0.01325	0.01666	0.00848	0.08029	0.28731	0.01712	0.01326	0.04171	0.01101	0.00588	0.00425	0.00140	0.00490	0.00442	0.00361	0.00722
2	0.01201	0.01453	0.07158	0.02125	0.02657	0.01292	0.72842	0.01643	0.01204	0.01643	0.01032	0.01368	0.00772	0.00436	0.00599	0.00172	0.00859	0.00593	0.00257	0.00696
3	0.01034	0.00839	0.01277	0.07133	0.09582	0.00868	0.12851	0.01488	0.13691	0.01708	0.01663	0.09385	0.01476	0.05711	0.00635	0.00181	0.00471	0.04224	0.25188	0.00593
4	0.00606	0.00520	0.00520	0.00520	0.00693	0.00433	0.00390	0.00736	0.01170	0.01386	0.05198	0.04938	0.78558	0.01299	0.00606	0.00173	0.00260	0.01083	0.00476	0.00433
5	0.00825	0.00661	0.00890	0.03942	0.12106	0.00639	0.00669	0.01104	0.04729	0.01784	0.35621	0.04811	0.21204	0.00979	0.00573	0.00164	0.00330	0.02763	0.05670	0.00535
6	0.02022	0.00906	0.01199	0.00932	0.01289	0.00836	0.02644	0.11564	0.01526	0.57099	0.05870	0.01885	0.01433	0.05658	0.00648	0.00179	0.00452	0.00546	0.02509	0.00805
7	0.85592	0.00992	0.00754	0.00675	0.00992	0.01151	0.00556	0.01508	0.00873	0.02302	0.00714	0.00834	0.00556	0.00476	0.00318	0.00159	0.00397	0.00278	0.00318	0.00556
8	0.01321	0.01124	0.01185	0.01053	0.01351	0.01297	0.00823	0.07630	0.72864	0.02218	0.02032	0.01869	0.01521	0.00691	0.00522	0.00173	0.00417	0.00572	0.00522	0.00816
9	0.00702	0.00508	0.00680	0.00791	0.00865	0.00485	0.00607	0.00852	0.01073	0.01403	0.02949	0.46820	0.08439	0.01512	0.00672	0.00217	0.00363	0.30149	0.00475	0.00440
10	0.06282	0.05958	0.45296	0.01511	0.09354	0.07246	0.04364	0.05026	0.01198	0.07667	0.00996	0.01131	0.00724	0.00500	0.00478	0.00156	0.00696	0.00395	0.00277	0.00746
11	0.01053	0.02485	0.69172	0.01556	0.02282	0.01206	0.11864	0.01627	0.01100	0.01627	0.00936	0.01123	0.00667	0.00480	0.00503	0.00164	0.00772	0.00409	0.00222	0.00750
12	0.00625	0.00447	0.00595	0.00714	0.00744	0.00417	0.00476	0.00714	0.00982	0.01310	0.02828	0.81633	0.03394	0.01608	0.00655	0.00208	0.00298	0.01459	0.00476	0.00417
13	0.00941	0.00719	0.01097	0.19121	0.10156	0.00745	0.02713	0.03013	0.01097	0.06968	0.02145	0.41677	0.05345	0.01096	0.00590	0.00186	0.00449	0.00992	0.00402	0.00547
14	0.08281	0.06165	0.11298	0.04977	0.10179	0.08399	0.04990	0.09645	0.20374	0.02997	0.01299	0.01390	0.02421	0.00587	0.00547	0.00162	0.04747	0.00462	0.00354	0.00726
15	0.01217	0.00991	0.11135	0.00956	0.01271	0.00752	0.07097	0.04875	0.01417	0.19728	0.37269	0.02735	0.06716	0.00824	0.00565	0.00162	0.00420	0.00723	0.00504	0.00641
16	0.01369	0.73981	0.07797	0.00934	0.01388	0.04842	0.00951	0.01561	0.01060	0.01237	0.00730	0.00844	0.00658	0.00446	0.00345	0.00114	0.00577	0.00283	0.00221	0.00663
17	0.00755	0.00500	0.00575	0.00588	0.00602	0.00499	0.00354	0.00785	0.00800	0.01085	0.01746	0.07147	0.01982	0.69412	0.02297	0.00450	0.00475	0.05483	0.04133	0.00334
18	0.85592	0.00992	0.00754	0.00675	0.00992	0.01151	0.00556	0.01508	0.00873	0.02302	0.00714	0.00834	0.00556	0.00476	0.00318	0.00159	0.00397	0.00278	0.00318	0.00556
19	0.17706	0.01249	0.14493	0.01067	0.04122	0.00962	0.02995	0.03847	0.03270	0.34499	0.01389	0.01354	0.00944	0.00543	0.00461	0.00151	0.00498	0.00426	0.00439	0.09585
20	0.01070	0.00930	0.01139	0.00814	0.01272	0.00707	0.03522	0.01305	0.01070	0.01671	0.00917	0.01076	0.00761	0.00382	0.00389	0.00080	0.00399	0.00316	0.00302	0.81880
