[name]
unknown

[dist]
# distance from previous block
# <min> <max>
1	340

[block]
# block no. 0 follows, 43 sequences, length 15
# corresponding to MSA columns:
# 346-360
name=unknown_A
#
# <colnr> <probs for GDERKNQSTAVLIFYWHMCP>
#	G	D	E	R	K	N	Q	S	T	A	V	L	I	F	Y	W	H	M	C	P
0	0.01354	0.01442	0.01308	0.05263	0.13036	0.27265	0.00921	0.01533	0.01284	0.01504	0.08440	0.02157	0.06129	0.14742	0.03975	0.00247	0.00708	0.00580	0.00339	0.07774
1	0.01017	0.00928	0.01496	0.49064	0.13636	0.01073	0.01293	0.01314	0.01109	0.01444	0.01588	0.02107	0.09201	0.08019	0.04278	0.00246	0.00692	0.00599	0.00290	0.00606
2	0.00973	0.01075	0.12603	0.01113	0.01401	0.00817	0.08981	0.05788	0.01399	0.01919	0.23836	0.14430	0.06406	0.01118	0.00659	0.00199	0.00500	0.15706	0.00476	0.00602
3	0.00986	0.00716	0.01113	0.18200	0.10818	0.00780	0.00861	0.01037	0.00905	0.01220	0.01166	0.01982	0.01127	0.15015	0.10029	0.32103	0.00678	0.00552	0.00268	0.00445
4	0.00816	0.00554	0.00665	0.00698	0.00726	0.00553	0.00459	0.00873	0.00915	0.01211	0.02058	0.08310	0.02343	0.60132	0.02285	0.00462	0.00520	0.15661	0.00381	0.00377
5	0.01148	0.00984	0.01148	0.00820	0.01312	0.00738	0.00656	0.01395	0.01148	0.01805	0.00984	0.01148	0.00820	0.00410	0.00410	0.00082	0.00410	0.00328	0.00328	0.83922
6	0.02003	0.02211	0.01582	0.01372	0.01687	0.50587	0.01061	0.21397	0.05849	0.01967	0.01051	0.01153	0.00827	0.00623	0.00576	0.00156	0.04383	0.00414	0.00369	0.00732
7	0.00889	0.00684	0.01050	0.01074	0.01217	0.00670	0.07533	0.01122	0.01215	0.01593	0.02717	0.17833	0.02983	0.06168	0.00868	0.00261	0.00519	0.50616	0.00479	0.00511
8	0.01440	0.00879	0.01081	0.00861	0.01200	0.00775	0.00670	0.04208	0.04648	0.21602	0.06207	0.02016	0.01500	0.12315	0.07537	0.00253	0.00536	0.00540	0.00456	0.31277
9	0.00793	0.00579	0.00766	0.00845	0.00958	0.00552	0.00677	0.00999	0.01282	0.01694	0.17916	0.22599	0.12441	0.01483	0.00716	0.00224	0.00390	0.34059	0.00531	0.00494
10	0.01451	0.01064	0.01394	0.09190	0.04736	0.01143	0.05339	0.05608	0.33050	0.14300	0.10811	0.04203	0.01928	0.00778	0.00585	0.00184	0.00498	0.02419	0.00525	0.00794
11	0.00769	0.00541	0.00707	0.00783	0.00831	0.00539	0.00554	0.00879	0.01008	0.01346	0.02471	0.34444	0.02833	0.25501	0.09645	0.00395	0.00547	0.15339	0.00437	0.00432
12	0.00763	0.00576	0.00716	0.00754	0.00878	0.00538	0.00573	0.00993	0.03589	0.01750	0.26019	0.23731	0.21357	0.01406	0.00684	0.00205	0.00331	0.14093	0.00544	0.00500
13	0.17601	0.04966	0.01423	0.01101	0.01489	0.08378	0.00897	0.28937	0.14634	0.11356	0.01407	0.01386	0.01022	0.00631	0.00499	0.00165	0.00560	0.00464	0.00488	0.02595
14	0.06600	0.00949	0.01379	0.01695	0.27039	0.00916	0.00996	0.01680	0.01274	0.21277	0.05670	0.02500	0.08017	0.09491	0.00867	0.03022	0.00515	0.04950	0.00442	0.00722

[dist]
# distance from previous block
# <min> <max>
0	3

[block]
# block no. 1 follows, 43 sequences, length 34
# corresponding to MSA columns:
# 364-397
name=unknown_B
#
# <colnr> <probs for GDERKNQSTAVLIFYWHMCP>
#	G	D	E	R	K	N	Q	S	T	A	V	L	I	F	Y	W	H	M	C	P
0	0.10812	0.01152	0.01600	0.18522	0.21073	0.01203	0.01191	0.12437	0.01435	0.15790	0.01243	0.01408	0.00910	0.00561	0.00516	0.00163	0.00586	0.00469	0.00396	0.08533
1	0.01444	0.05965	0.01443	0.01156	0.01468	0.03507	0.00927	0.09984	0.48962	0.02209	0.01783	0.01739	0.01367	0.00724	0.00678	0.00180	0.09258	0.00552	0.00485	0.06170
2	0.01257	0.01039	0.03104	0.44896	0.13128	0.01135	0.01329	0.01655	0.05981	0.10159	0.01299	0.03337	0.01030	0.05322	0.00687	0.00199	0.00650	0.00544	0.00333	0.02916
3	0.04287	0.02646	0.01174	0.09146	0.06292	0.03109	0.00860	0.09501	0.15508	0.01882	0.03635	0.26895	0.04689	0.01280	0.06309	0.00243	0.00550	0.00890	0.00452	0.00651
4	0.03584	0.01261	0.01697	0.36339	0.02668	0.08995	0.08831	0.07508	0.07696	0.02866	0.01211	0.03668	0.00978	0.00645	0.00636	0.00182	0.05627	0.01922	0.00329	0.03356
5	0.01209	0.17540	0.14908	0.00996	0.01512	0.01152	0.00972	0.03451	0.01167	0.01701	0.00988	0.01180	0.00822	0.00725	0.06146	0.00167	0.00603	0.00360	0.00297	0.44104
6	0.06781	0.01570	0.01444	0.01214	0.01511	0.27785	0.03735	0.02063	0.01408	0.24426	0.07009	0.01553	0.01258	0.00693	0.00713	0.00169	0.12103	0.00491	0.00429	0.03645
7	0.01270	0.01378	0.05485	0.04310	0.03812	0.01289	0.45122	0.01898	0.15587	0.01820	0.01330	0.01632	0.01030	0.02759	0.00725	0.03181	0.00765	0.00609	0.00334	0.05661
8	0.01725	0.00845	0.01167	0.00987	0.01235	0.00860	0.00789	0.01902	0.01256	0.41158	0.01880	0.07558	0.01493	0.06327	0.17640	0.00361	0.10933	0.00643	0.00511	0.00731
9	0.00977	0.00726	0.00907	0.00834	0.01027	0.00709	0.02602	0.05364	0.09554	0.04921	0.37113	0.08848	0.16791	0.01146	0.00646	0.00187	0.00351	0.06143	0.00566	0.00590
10	0.00788	0.00529	0.00609	0.00627	0.00631	0.00525	0.00360	0.00801	0.00840	0.01120	0.01922	0.14009	0.02237	0.69846	0.02532	0.00495	0.00508	0.00910	0.00360	0.00351
11	0.01185	0.01148	0.07098	0.58747	0.07421	0.01238	0.01509	0.01544	0.01139	0.07041	0.01060	0.01462	0.00789	0.00585	0.00633	0.00186	0.05779	0.00491	0.00279	0.00668
12	0.00817	0.00621	0.00758	0.00714	0.00870	0.00591	0.00538	0.01176	0.08202	0.02115	0.58880	0.04139	0.16205	0.01141	0.00645	0.00177	0.00280	0.00994	0.00590	0.00546
13	0.01227	0.07346	0.30483	0.01222	0.01735	0.01070	0.05304	0.04363	0.01254	0.08835	0.03570	0.16498	0.01491	0.00772	0.00547	0.00168	0.00600	0.00660	0.00368	0.12486
14	0.01187	0.01036	0.01296	0.01169	0.11210	0.00839	0.00801	0.01496	0.04147	0.01826	0.01042	0.01214	0.00862	0.00435	0.00434	0.00097	0.00444	0.00362	0.00330	0.69772
15	0.01532	0.01554	0.01786	0.26762	0.15523	0.19486	0.03239	0.13352	0.01463	0.01801	0.01000	0.01300	0.00791	0.00598	0.00650	0.00173	0.07493	0.00465	0.00310	0.00722
16	0.00857	0.00622	0.00892	0.00975	0.01093	0.00656	0.00823	0.01093	0.01142	0.01529	0.02431	0.04838	0.02563	0.02438	0.27612	0.00475	0.00847	0.48173	0.00436	0.00505
17	0.04902	0.01307	0.01281	0.01140	0.01460	0.06753	0.00889	0.07111	0.63439	0.02326	0.02041	0.01900	0.01533	0.00724	0.00549	0.00183	0.00487	0.00586	0.00534	0.00853
18	0.01371	0.01316	0.02248	0.03399	0.77081	0.01316	0.01700	0.01700	0.01261	0.01809	0.01042	0.01371	0.00877	0.00493	0.00548	0.00164	0.00658	0.00493	0.00274	0.00877
19	0.01103	0.01036	0.01345	0.01203	0.01219	0.04278	0.00951	0.01185	0.00891	0.01288	0.01194	0.11959	0.01307	0.12301	0.01780	0.04885	0.50586	0.00668	0.00293	0.00529
20	0.01216	0.25072	0.56382	0.01399	0.02119	0.01544	0.01733	0.01727	0.01157	0.01626	0.00930	0.01089	0.00704	0.00511	0.00478	0.00159	0.00754	0.00377	0.00235	0.00788
21	0.00685	0.00562	0.00603	0.00593	0.00767	0.00480	0.00445	0.00853	0.01334	0.01666	0.22247	0.05051	0.60115	0.01339	0.00654	0.00184	0.00276	0.01130	0.00537	0.00480
22	0.01384	0.01283	0.02066	0.12739	0.57371	0.01338	0.01579	0.07144	0.06145	0.01915	0.01133	0.01426	0.00917	0.00530	0.00550	0.00169	0.00650	0.00502	0.00310	0.00849
23	0.01123	0.02777	0.72889	0.01627	0.02429	0.01294	0.06736	0.01755	0.01178	0.01755	0.01002	0.01190	0.00710	0.00522	0.00534	0.00176	0.00826	0.00425	0.00237	0.00814
24	0.00806	0.00615	0.00919	0.00910	0.01006	0.00728	0.00711	0.01001	0.00889	0.01287	0.01456	0.02141	0.01361	0.04040	0.75606	0.00867	0.04273	0.00589	0.00295	0.00498
25	0.00675	0.00482	0.00643	0.00771	0.00803	0.00450	0.00514	0.00771	0.01060	0.01414	0.03053	0.80175	0.03663	0.01735	0.00707	0.00225	0.00321	0.01574	0.00514	0.00450
26	0.01296	0.01167	0.01523	0.01280	0.01610	0.01283	0.13021	0.02529	0.55486	0.02186	0.07572	0.05085	0.01885	0.00770	0.00590	0.00188	0.00502	0.00694	0.00519	0.00813
27	0.01422	0.01336	0.02213	0.03121	0.65867	0.01351	0.04656	0.07146	0.03947	0.01949	0.01108	0.01397	0.00909	0.00514	0.00554	0.00166	0.00658	0.00505	0.00305	0.00877
28	0.00737	0.00560	0.00633	0.00615	0.00774	0.00494	0.00461	0.00937	0.01383	0.01843	0.35274	0.04588	0.41184	0.01233	0.00634	0.00177	0.00271	0.01051	0.06657	0.00494
29	0.00791	0.00593	0.00890	0.00890	0.00989	0.00692	0.00692	0.00989	0.00890	0.01286	0.01483	0.02176	0.01385	0.04154	0.78341	0.00890	0.01483	0.00593	0.00297	0.00494
30	0.20285	0.22076	0.01894	0.03812	0.06273	0.24097	0.05360	0.07218	0.01341	0.01807	0.00881	0.01040	0.00722	0.00529	0.00445	0.00150	0.00705	0.00369	0.00303	0.00692
31	0.00698	0.00502	0.00662	0.00750	0.00807	0.00466	0.00514	0.00831	0.01175	0.01590	0.19063	0.61978	0.05711	0.01597	0.00694	0.00213	0.00307	0.01441	0.00535	0.00466
32	0.01151	0.01000	0.01227	0.05556	0.04125	0.00805	0.00755	0.01405	0.01145	0.01773	0.00982	0.01177	0.00816	0.00432	0.00449	0.00094	0.01855	0.00346	0.00320	0.74587
33	0.00853	0.00651	0.00880	0.00904	0.06462	0.00596	0.00619	0.01118	0.01515	0.02161	0.65811	0.03720	0.04592	0.01034	0.00628	0.00167	0.00301	0.00916	0.00565	0.06507

[dist]
# distance from previous block
# <min> <max>
0	1

[block]
# block no. 2 follows, 43 sequences, length 10
# corresponding to MSA columns:
# 399-408
name=unknown_C
#
# <colnr> <probs for GDERKNQSTAVLIFYWHMCP>
#	G	D	E	R	K	N	Q	S	T	A	V	L	I	F	Y	W	H	M	C	P
0	0.01264	0.01074	0.01579	0.06119	0.20430	0.03215	0.07633	0.01678	0.10726	0.07452	0.11918	0.02277	0.04147	0.10577	0.00960	0.00225	0.06973	0.00655	0.00400	0.00698
1	0.01393	0.01464	0.05033	0.06564	0.61350	0.06857	0.05826	0.01730	0.01276	0.01755	0.01028	0.01348	0.00851	0.00501	0.00550	0.00165	0.00708	0.00490	0.00273	0.00839
2	0.00775	0.00566	0.00727	0.00687	0.00822	0.00519	0.00515	0.01027	0.01546	0.02169	0.71704	0.04222	0.10343	0.01152	0.00653	0.00175	0.00263	0.01014	0.00603	0.00519
3	0.01696	0.01811	0.01389	0.10217	0.01789	0.43705	0.01058	0.01899	0.01445	0.07906	0.01496	0.02424	0.01383	0.00815	0.00576	0.00178	0.00803	0.18407	0.00370	0.00632
4	0.01378	0.01190	0.01252	0.01127	0.01440	0.01378	0.00877	0.02943	0.76081	0.02317	0.02254	0.02066	0.01691	0.00751	0.00564	0.00188	0.00438	0.00626	0.00564	0.00877
5	0.01537	0.04481	0.05565	0.01276	0.01642	0.00985	0.14418	0.05970	0.01436	0.24147	0.02173	0.03296	0.03949	0.00937	0.00638	0.00201	0.00594	0.25529	0.00497	0.00729
6	0.01806	0.02215	0.01400	0.01277	0.01531	0.62400	0.00958	0.01973	0.01569	0.01532	0.16389	0.01641	0.01636	0.00686	0.00531	0.00149	0.00848	0.00489	0.00352	0.00618
7	0.00794	0.00580	0.00779	0.00795	0.00879	0.00621	0.00592	0.00939	0.00950	0.01294	0.02137	0.03385	0.09136	0.24631	0.40365	0.00646	0.00985	0.09687	0.00355	0.00450
8	0.01027	0.05724	0.29187	0.01404	0.07733	0.01100	0.01326	0.01370	0.01109	0.01575	0.01652	0.19906	0.01691	0.01114	0.04074	0.00230	0.10388	0.08395	0.00335	0.00660
9	0.74334	0.01055	0.00872	0.00760	0.01113	0.01190	0.00626	0.01760	0.01022	0.11738	0.00946	0.01021	0.00695	0.00535	0.00369	0.00171	0.00434	0.00332	0.00385	0.00642

[dist]
# distance from previous block
# <min> <max>
0	30

[block]
# block no. 3 follows, 43 sequences, length 8
# corresponding to MSA columns:
# 439-446
name=unknown_D
#
# <colnr> <probs for GDERKNQSTAVLIFYWHMCP>
#	G	D	E	R	K	N	Q	S	T	A	V	L	I	F	Y	W	H	M	C	P
0	0.07092	0.01280	0.02116	0.07481	0.67706	0.01306	0.01615	0.01679	0.01230	0.01834	0.01020	0.01344	0.00850	0.00498	0.00534	0.00166	0.00647	0.00480	0.00277	0.00843
1	0.10432	0.00843	0.01236	0.37435	0.05871	0.00985	0.01037	0.01233	0.00982	0.01435	0.01145	0.01886	0.01044	0.15864	0.07809	0.08721	0.00700	0.00536	0.00279	0.00526
2	0.01228	0.01152	0.01933	0.15285	0.53553	0.01196	0.01517	0.01544	0.01209	0.01688	0.01312	0.01793	0.03810	0.00856	0.06449	0.00227	0.00713	0.03470	0.00290	0.00776
3	0.00999	0.00928	0.01532	0.69625	0.03444	0.01136	0.01407	0.01338	0.01114	0.01420	0.01393	0.06511	0.05559	0.00678	0.00569	0.00187	0.00685	0.00599	0.00279	0.00596
4	0.01106	0.00635	0.00800	0.00746	0.00933	0.00573	0.00562	0.01281	0.01320	0.18292	0.19982	0.16098	0.23219	0.05024	0.06618	0.00256	0.00427	0.01002	0.00549	0.00577
5	0.01101	0.00883	0.01332	0.10648	0.01641	0.00931	0.10596	0.04172	0.06876	0.05817	0.02253	0.07048	0.09346	0.11432	0.04500	0.00281	0.04399	0.15728	0.00419	0.00596
6	0.49084	0.01125	0.01254	0.16410	0.01821	0.01293	0.06325	0.06133	0.08190	0.02266	0.01012	0.01193	0.00768	0.00550	0.00441	0.00176	0.00539	0.00407	0.00353	0.00660
7	0.18392	0.01454	0.05238	0.07052	0.29212	0.06000	0.04885	0.17479	0.01491	0.02250	0.01035	0.01248	0.00806	0.00543	0.00509	0.00168	0.00647	0.00451	0.00345	0.00795

[dist]
# distance from previous block
# <min> <max>
0	3

[block]
# block no. 4 follows, 43 sequences, length 17
# corresponding to MSA columns:
# 451-462,465-469
name=unknown_E
#
# <colnr> <probs for GDERKNQSTAVLIFYWHMCP>
#	G	D	E	R	K	N	Q	S	T	A	V	L	I	F	Y	W	H	M	C	P
0	0.00923	0.00654	0.00831	0.00779	0.00923	0.00666	0.00590	0.01175	0.04859	0.06664	0.27266	0.03505	0.17194	0.09724	0.17651	0.00371	0.04354	0.00854	0.00482	0.00536
1	0.04331	0.00915	0.01118	0.04673	0.01295	0.01005	0.00786	0.12488	0.10749	0.04770	0.24498	0.02470	0.02415	0.03881	0.12114	0.00293	0.06769	0.00678	0.00475	0.04277
2	0.03871	0.00633	0.00879	0.04611	0.01076	0.00697	0.00665	0.01078	0.00983	0.05023	0.06034	0.02525	0.06212	0.11359	0.48388	0.03380	0.01085	0.00654	0.00348	0.00500
3	0.01419	0.01279	0.02114	0.11421	0.61965	0.01311	0.01612	0.05909	0.01333	0.04714	0.01095	0.01399	0.00884	0.00517	0.00550	0.00167	0.00657	0.00496	0.00303	0.00855
4	0.06140	0.01609	0.28419	0.28215	0.02504	0.01199	0.01498	0.01472	0.01064	0.01573	0.01037	0.01426	0.00821	0.01160	0.13315	0.00300	0.06858	0.00467	0.00256	0.00666
5	0.01462	0.01235	0.01659	0.13488	0.27189	0.06943	0.01201	0.04070	0.01309	0.10485	0.01143	0.01351	0.00886	0.00512	0.00506	0.00143	0.00601	0.00442	0.00343	0.25033
6	0.01583	0.59452	0.07190	0.01088	0.01543	0.18335	0.01041	0.01782	0.01223	0.01342	0.00802	0.00929	0.00711	0.00498	0.00396	0.00127	0.00693	0.00316	0.00247	0.00703
7	0.00872	0.00529	0.00745	0.00745	0.00776	0.00560	0.00511	0.00824	0.00794	0.01089	0.01312	0.02303	0.01346	0.21543	0.25852	0.38179	0.00804	0.00594	0.00281	0.00342
8	0.01371	0.01316	0.02248	0.03399	0.77081	0.01316	0.01700	0.01700	0.01261	0.01809	0.01042	0.01371	0.00877	0.00493	0.00548	0.00164	0.00658	0.00493	0.00274	0.00877
9	0.01341	0.01277	0.02127	0.10235	0.65238	0.01312	0.01629	0.01757	0.06280	0.01807	0.01118	0.01427	0.00919	0.00516	0.00550	0.00168	0.00651	0.00502	0.00291	0.00853
10	0.02485	0.00943	0.01285	0.00985	0.01414	0.00814	0.00814	0.02699	0.01585	0.77465	0.02185	0.01885	0.01371	0.00685	0.00557	0.00171	0.00471	0.00557	0.00685	0.00943
11	0.00720	0.00553	0.00625	0.00625	0.00746	0.00503	0.00440	0.00851	0.01186	0.01520	0.17429	0.09617	0.38625	0.18985	0.04895	0.00299	0.00395	0.01057	0.00482	0.00449
12	0.00784	0.00566	0.00740	0.00697	0.00827	0.00523	0.00523	0.01045	0.01568	0.02221	0.76789	0.04137	0.05226	0.01132	0.00653	0.00174	0.00261	0.01002	0.00610	0.00523
13	0.01299	0.01057	0.01184	0.01081	0.01351	0.01195	0.00861	0.10758	0.45033	0.02238	0.05727	0.02666	0.01943	0.01260	0.09590	0.00275	0.00580	0.10601	0.00526	0.00773
14	0.00781	0.00524	0.00652	0.00680	0.00717	0.00512	0.00439	0.00810	0.00940	0.01250	0.06212	0.21336	0.09046	0.34974	0.07010	0.11870	0.00505	0.00969	0.00392	0.00382
15	0.05465	0.33480	0.12152	0.01835	0.26621	0.01617	0.01311	0.01775	0.01208	0.08304	0.01014	0.01173	0.00818	0.00508	0.00459	0.00148	0.00625	0.00399	0.00294	0.00795
16	0.01396	0.03999	0.19966	0.18606	0.13324	0.04025	0.01426	0.12373	0.02702	0.06265	0.02333	0.03036	0.00967	0.00587	0.00533	0.00166	0.00672	0.00487	0.00341	0.06796

[dist]
# distance from previous block
# <min> <max>
0	42

# created by:
# /home/berkeley/.conda/envs/busco_data_prod/bin/msa2prfl.pl pipeline/OGs_align_augustus/33634/23565.fs
