[name]
unknown

[dist]
# distance from previous block
# <min> <max>
0	264

[block]
# block no. 0 follows, 48 sequences, length 50
# corresponding to MSA columns:
# 264-313
name=unknown_A
#
# <colnr> <probs for GDERKNQSTAVLIFYWHMCP>
#	G	D	E	R	K	N	Q	S	T	A	V	L	I	F	Y	W	H	M	C	P
0	0.00817	0.00579	0.00793	0.00896	0.00999	0.00579	0.00761	0.01023	0.01126	0.01467	0.02577	0.05479	0.02815	0.11643	0.00950	0.00269	0.00476	0.65847	0.00452	0.00452
1	0.00746	0.00497	0.00560	0.00560	0.00560	0.00497	0.00311	0.00746	0.00746	0.00995	0.01617	0.03358	0.01865	0.81967	0.02612	0.00497	0.00497	0.00746	0.00311	0.00311
2	0.00739	0.00527	0.00708	0.00708	0.00759	0.00578	0.00496	0.00841	0.00790	0.01105	0.01481	0.02607	0.01539	0.38264	0.45869	0.00680	0.00988	0.00636	0.00291	0.00393
3	0.00771	0.00610	0.00892	0.07266	0.10876	0.00600	0.00693	0.00964	0.01183	0.01633	0.30377	0.36421	0.03388	0.01170	0.00607	0.00181	0.00347	0.01057	0.00461	0.00504
4	0.01352	0.01175	0.01881	0.02673	0.61613	0.01191	0.01401	0.01812	0.12170	0.07810	0.01209	0.01400	0.00956	0.00505	0.00511	0.00156	0.00567	0.00479	0.00322	0.00817
5	0.05479	0.11568	0.08048	0.04861	0.07248	0.01327	0.18067	0.05532	0.22103	0.01779	0.01270	0.01464	0.00998	0.00613	0.00596	0.03981	0.02312	0.01713	0.00337	0.00704
6	0.00630	0.00452	0.00590	0.00698	0.00733	0.00422	0.00464	0.00717	0.00979	0.01297	0.02874	0.74253	0.06697	0.05628	0.00751	0.00221	0.00306	0.01406	0.00468	0.00412
7	0.01223	0.05193	0.27809	0.12373	0.06304	0.01254	0.01325	0.17799	0.01349	0.01866	0.01314	0.01475	0.07155	0.00609	0.00590	0.00161	0.06918	0.00468	0.00311	0.04507
8	0.01002	0.01031	0.05353	0.25679	0.10699	0.01182	0.01192	0.01240	0.00949	0.01333	0.01201	0.01596	0.06287	0.01113	0.10991	0.00269	0.27543	0.00506	0.00253	0.00580
9	0.01247	0.22897	0.39690	0.01238	0.01820	0.01444	0.03317	0.10179	0.07237	0.01741	0.00996	0.01105	0.00756	0.00500	0.00451	0.00146	0.00643	0.00380	0.00279	0.03933
10	0.00666	0.00502	0.00610	0.00673	0.00767	0.00460	0.00493	0.00793	0.01080	0.01382	0.06905	0.34165	0.28199	0.07648	0.00796	0.00222	0.00327	0.13420	0.00467	0.00426
11	0.00874	0.00719	0.03447	0.00906	0.01077	0.00648	0.06597	0.01101	0.03228	0.05462	0.17176	0.36204	0.02888	0.01163	0.00656	0.00185	0.03955	0.06752	0.00454	0.06507
12	0.00648	0.00463	0.00620	0.00733	0.00775	0.00436	0.00509	0.00757	0.01019	0.01359	0.05675	0.71624	0.03407	0.01569	0.00658	0.00209	0.00312	0.08324	0.00479	0.00425
13	0.01257	0.01762	0.29212	0.01398	0.01793	0.05279	0.07596	0.07984	0.01140	0.05050	0.00914	0.01155	0.00720	0.00640	0.00908	0.00179	0.28433	0.00430	0.00273	0.03877
14	0.01064	0.00912	0.01064	0.00760	0.01216	0.00684	0.00608	0.01292	0.01064	0.01672	0.00912	0.01064	0.00760	0.00380	0.00380	0.00076	0.00380	0.00304	0.00304	0.85104
15	0.01025	0.01075	0.08861	0.01492	0.12945	0.00916	0.15918	0.06665	0.01282	0.01737	0.10079	0.06454	0.09783	0.00894	0.00600	0.00183	0.00550	0.18536	0.00387	0.00616
16	0.01016	0.14288	0.01407	0.01007	0.01095	0.01255	0.00821	0.01123	0.00825	0.01169	0.01006	0.01723	0.01039	0.19703	0.14154	0.00363	0.36745	0.00504	0.00251	0.00504
17	0.00718	0.00487	0.00576	0.00609	0.00619	0.00480	0.00366	0.00747	0.00817	0.01088	0.01948	0.22890	0.02275	0.59787	0.02073	0.00418	0.00447	0.02956	0.00356	0.00342
18	0.85592	0.00992	0.00754	0.00675	0.00992	0.01151	0.00556	0.01508	0.00873	0.02302	0.00714	0.00834	0.00556	0.00476	0.00318	0.00159	0.00397	0.00278	0.00318	0.00556
19	0.04789	0.00957	0.01236	0.01026	0.07359	0.00782	0.04229	0.01477	0.01117	0.10517	0.01040	0.01163	0.00814	0.00422	0.00413	0.00099	0.00428	0.00353	0.00336	0.61442
20	0.14438	0.01297	0.01773	0.11257	0.42954	0.09609	0.05095	0.04643	0.01189	0.01749	0.00916	0.01181	0.00743	0.00479	0.00479	0.00154	0.00630	0.00423	0.00273	0.00718
21	0.00649	0.00471	0.00619	0.00728	0.00781	0.00440	0.00514	0.00760	0.01022	0.01344	0.03000	0.65997	0.09225	0.01559	0.00658	0.00209	0.00317	0.10805	0.00476	0.00425
22	0.01136	0.01041	0.01592	0.15155	0.27076	0.01212	0.01216	0.06681	0.01123	0.01595	0.07010	0.01516	0.01119	0.00958	0.08288	0.00238	0.21605	0.00501	0.00287	0.00652
23	0.01452	0.30432	0.17915	0.01098	0.01574	0.01498	0.03143	0.11130	0.13228	0.10499	0.01194	0.01221	0.00898	0.00532	0.00444	0.00143	0.00565	0.00403	0.00352	0.02279
24	0.01113	0.00884	0.01041	0.04216	0.05094	0.00965	0.00749	0.01858	0.35535	0.07239	0.05300	0.02627	0.18847	0.04393	0.04202	0.00216	0.03906	0.00690	0.00463	0.00662
25	0.00627	0.00514	0.00553	0.00557	0.00709	0.00440	0.00413	0.00771	0.01197	0.01485	0.16496	0.11835	0.60046	0.01289	0.00611	0.00175	0.00261	0.01093	0.00490	0.00440
26	0.04114	0.00974	0.01462	0.22574	0.28591	0.01044	0.01152	0.06736	0.04697	0.01761	0.12527	0.02027	0.08879	0.00660	0.00527	0.00162	0.00523	0.00584	0.00346	0.00660
27	0.01041	0.11232	0.01631	0.33557	0.07698	0.01151	0.07030	0.05054	0.01109	0.01454	0.02487	0.18124	0.01337	0.00752	0.00578	0.00171	0.04038	0.00662	0.00303	0.00589
28	0.00867	0.01118	0.17177	0.32555	0.05092	0.00893	0.01178	0.01171	0.01041	0.01394	0.01777	0.24922	0.06988	0.00880	0.00556	0.00180	0.00554	0.00777	0.00317	0.00564
29	0.00640	0.00472	0.00600	0.00672	0.00740	0.00431	0.00464	0.00763	0.01095	0.01455	0.16630	0.55758	0.15477	0.01460	0.00638	0.00195	0.00282	0.01305	0.00492	0.00431
30	0.00961	0.01092	0.10765	0.01443	0.21345	0.04028	0.00986	0.01308	0.07091	0.01584	0.06104	0.05879	0.27209	0.00912	0.00564	0.00171	0.00469	0.07091	0.00385	0.00613
31	0.01259	0.03216	0.40213	0.01837	0.17871	0.01289	0.10674	0.14140	0.01336	0.01899	0.00993	0.01178	0.00736	0.00495	0.00508	0.00159	0.00705	0.00435	0.00279	0.00779
32	0.01262	0.01998	0.40646	0.01554	0.07443	0.04556	0.09330	0.15813	0.01371	0.01905	0.01124	0.01513	0.00895	0.00584	0.00542	0.00167	0.02048	0.06203	0.00302	0.00745
33	0.00722	0.00521	0.00686	0.00676	0.00787	0.00485	0.00510	0.00947	0.01378	0.01932	0.64034	0.12843	0.04531	0.01141	0.00619	0.00173	0.00266	0.06726	0.00548	0.00476
34	0.01029	0.02654	0.79309	0.01462	0.02221	0.01192	0.01896	0.01625	0.01083	0.01625	0.00921	0.01083	0.00650	0.00487	0.00487	0.00162	0.00758	0.00379	0.00217	0.00758
35	0.85592	0.00992	0.00754	0.00675	0.00992	0.01151	0.00556	0.01508	0.00873	0.02302	0.00714	0.00834	0.00556	0.00476	0.00318	0.00159	0.00397	0.00278	0.00318	0.00556
36	0.01157	0.01087	0.07354	0.01309	0.11158	0.01035	0.04195	0.01966	0.36078	0.05728	0.05693	0.14829	0.01855	0.00825	0.00553	0.00177	0.00458	0.03379	0.00451	0.00714
37	0.01697	0.01040	0.01113	0.00917	0.01212	0.07112	0.00731	0.24229	0.01644	0.25808	0.07112	0.07867	0.01528	0.00719	0.00501	0.00153	0.00455	0.00581	0.14861	0.00721
38	0.00730	0.00713	0.06871	0.00891	0.01039	0.00568	0.06046	0.00913	0.01068	0.01425	0.05581	0.49729	0.08875	0.01365	0.00641	0.00202	0.00394	0.12034	0.00444	0.00475
39	0.45215	0.01091	0.06499	0.00821	0.01211	0.01020	0.00724	0.05125	0.01124	0.20627	0.01091	0.01117	0.00774	0.00509	0.00394	0.00148	0.00437	0.00354	0.00394	0.11326
40	0.07909	0.13327	0.04355	0.19092	0.19257	0.11281	0.01202	0.04429	0.04020	0.01556	0.00898	0.01150	0.00734	0.00535	0.00573	0.00156	0.08194	0.00401	0.00265	0.00666
41	0.00791	0.03749	0.10829	0.00883	0.01065	0.00749	0.00779	0.01010	0.00947	0.01336	0.07668	0.11281	0.05567	0.04178	0.42734	0.00527	0.04407	0.00679	0.00320	0.00501
42	0.85592	0.00992	0.00754	0.00675	0.00992	0.01151	0.00556	0.01508	0.00873	0.02302	0.00714	0.00834	0.00556	0.00476	0.00318	0.00159	0.00397	0.00278	0.00318	0.00556
43	0.00793	0.00568	0.00741	0.00733	0.00813	0.00630	0.00532	0.01015	0.06278	0.01256	0.01521	0.02405	0.01481	0.26922	0.44763	0.00625	0.00952	0.00606	0.06925	0.00440
44	0.00716	0.00516	0.00649	0.00627	0.00748	0.00473	0.00466	0.00933	0.01366	0.01915	0.60332	0.09388	0.13655	0.01097	0.00597	0.00164	0.00248	0.00963	0.04677	0.00473
45	0.00661	0.00522	0.00595	0.00577	0.00726	0.00456	0.00432	0.00841	0.01297	0.01690	0.38318	0.04439	0.45249	0.01186	0.00606	0.00168	0.00252	0.01013	0.00516	0.00456
46	0.01746	0.01218	0.01393	0.04895	0.10769	0.12075	0.02563	0.08091	0.15467	0.29763	0.01571	0.01553	0.01117	0.00760	0.04498	0.00191	0.00598	0.00491	0.00463	0.00777
47	0.00718	0.00518	0.00679	0.00651	0.00765	0.00479	0.00484	0.00949	0.01416	0.02000	0.72659	0.09834	0.04730	0.01092	0.00609	0.00165	0.00246	0.00969	0.00558	0.00479
48	0.00870	0.00715	0.00787	0.00770	0.00946	0.00741	0.00578	0.01468	0.28215	0.01685	0.09091	0.17505	0.26125	0.04013	0.00662	0.00193	0.00335	0.04241	0.00493	0.00565
49	0.08574	0.12867	0.44178	0.01235	0.01816	0.04293	0.01409	0.07491	0.07202	0.04840	0.01029	0.01124	0.00757	0.00514	0.00456	0.00154	0.00650	0.00382	0.00291	0.00739

[dist]
# distance from previous block
# <min> <max>
0	2

[block]
# block no. 1 follows, 48 sequences, length 13
# corresponding to MSA columns:
# 316-328
name=unknown_B
#
# <colnr> <probs for GDERKNQSTAVLIFYWHMCP>
#	G	D	E	R	K	N	Q	S	T	A	V	L	I	F	Y	W	H	M	C	P
0	0.00802	0.00583	0.00719	0.00677	0.00805	0.00559	0.00500	0.06730	0.01396	0.01930	0.52678	0.12035	0.09619	0.07751	0.00769	0.00194	0.00295	0.00946	0.00524	0.00489
1	0.01243	0.10471	0.01513	0.16767	0.14240	0.04090	0.00984	0.04988	0.01210	0.07555	0.07432	0.03815	0.01197	0.00553	0.00467	0.00134	0.00516	0.00465	0.00331	0.22029
2	0.01337	0.50302	0.17577	0.01033	0.01517	0.10433	0.01068	0.01589	0.01098	0.01337	0.00781	0.00908	0.00666	0.00453	0.00380	0.00120	0.00617	0.00304	0.00232	0.08248
3	0.08783	0.24841	0.34628	0.01231	0.01779	0.04264	0.06779	0.01713	0.08525	0.01606	0.00961	0.01084	0.00743	0.00490	0.00438	0.00148	0.00646	0.00374	0.00261	0.00706
4	0.08889	0.34527	0.02159	0.04199	0.01640	0.05026	0.15070	0.07288	0.01174	0.01577	0.00987	0.01415	0.00879	0.00575	0.00536	0.00151	0.06437	0.06546	0.00282	0.00643
5	0.00769	0.00604	0.00676	0.00651	0.00826	0.00558	0.00509	0.07104	0.01337	0.01708	0.21215	0.04480	0.46802	0.01200	0.00610	0.00176	0.00305	0.09484	0.00499	0.00485
6	0.18796	0.08790	0.11667	0.14717	0.13225	0.01276	0.04692	0.11278	0.01247	0.08264	0.01000	0.01170	0.00746	0.00507	0.00456	0.00156	0.00584	0.00405	0.00320	0.00705
7	0.04494	0.01037	0.01402	0.02581	0.13867	0.01054	0.06194	0.17013	0.08472	0.05410	0.01556	0.02350	0.01389	0.03775	0.00616	0.00178	0.00523	0.16412	0.00406	0.11271
8	0.85592	0.00992	0.00754	0.00675	0.00992	0.01151	0.00556	0.01508	0.00873	0.02302	0.00714	0.00834	0.00556	0.00476	0.00318	0.00159	0.00397	0.00278	0.00318	0.00556
9	0.00839	0.00699	0.00963	0.10699	0.04276	0.00711	0.03610	0.01226	0.10726	0.01798	0.37746	0.07388	0.15377	0.00962	0.00583	0.00169	0.00361	0.00849	0.00475	0.00544
10	0.00635	0.00521	0.00559	0.00549	0.00710	0.00445	0.00412	0.00791	0.01236	0.01544	0.22409	0.04679	0.61249	0.01241	0.00606	0.00170	0.00256	0.01047	0.00497	0.00445
11	0.01127	0.16393	0.50069	0.01504	0.02157	0.01361	0.17220	0.01613	0.01103	0.01555	0.00909	0.01100	0.00678	0.00468	0.00484	0.00155	0.00744	0.00408	0.00226	0.00727
12	0.01126	0.20762	0.01397	0.00903	0.01104	0.05251	0.00752	0.01289	0.00962	0.08185	0.01194	0.01631	0.01073	0.05957	0.39039	0.00488	0.07576	0.00469	0.00291	0.00553

[dist]
# distance from previous block
# <min> <max>
0	1

[block]
# block no. 2 follows, 48 sequences, length 30
# corresponding to MSA columns:
# 330-359
name=unknown_C
#
# <colnr> <probs for GDERKNQSTAVLIFYWHMCP>
#	G	D	E	R	K	N	Q	S	T	A	V	L	I	F	Y	W	H	M	C	P
0	0.01494	0.01231	0.01282	0.01091	0.01418	0.02972	0.00865	0.25322	0.53342	0.02459	0.01802	0.01687	0.01337	0.00668	0.00518	0.00167	0.00465	0.00539	0.00514	0.00826
1	0.85592	0.00992	0.00754	0.00675	0.00992	0.01151	0.00556	0.01508	0.00873	0.02302	0.00714	0.00834	0.00556	0.00476	0.00318	0.00159	0.00397	0.00278	0.00318	0.00556
2	0.01189	0.09749	0.07391	0.07773	0.01411	0.10491	0.07106	0.01373	0.01040	0.08476	0.01289	0.02002	0.01197	0.28331	0.04503	0.00294	0.00639	0.00537	0.04672	0.00538
3	0.00856	0.00553	0.00728	0.00668	0.00811	0.00506	0.00506	0.01095	0.01454	0.08414	0.72188	0.03661	0.04547	0.01015	0.00598	0.00161	0.00258	0.00894	0.00571	0.00516
4	0.01193	0.01112	0.06779	0.01025	0.05912	0.11027	0.00797	0.05027	0.07963	0.04186	0.15267	0.01927	0.01732	0.00690	0.00575	0.00150	0.07321	0.00539	0.26174	0.00602
5	0.00738	0.00511	0.00621	0.00611	0.00663	0.00510	0.00401	0.00831	0.00949	0.01310	0.19663	0.03326	0.06027	0.46847	0.12405	0.00439	0.00539	0.00771	0.02456	0.00381
6	0.01444	0.05475	0.04537	0.06120	0.05075	0.31816	0.00940	0.02977	0.10532	0.05011	0.01347	0.04341	0.04577	0.00902	0.05031	0.06452	0.02010	0.00483	0.00324	0.00607
7	0.00779	0.00537	0.00657	0.00618	0.00765	0.00483	0.00467	0.00990	0.01363	0.05464	0.52445	0.03932	0.23545	0.01073	0.00590	0.00162	0.00256	0.00928	0.04457	0.00489
8	0.01294	0.01131	0.04840	0.20303	0.26767	0.01141	0.04812	0.08099	0.09559	0.08103	0.03978	0.01502	0.01048	0.00607	0.00588	0.04089	0.00584	0.00496	0.00339	0.00719
9	0.00735	0.00543	0.00793	0.00793	0.00873	0.00624	0.00602	0.00896	0.00815	0.01168	0.01403	0.02177	0.01353	0.13232	0.70646	0.00785	0.01269	0.00573	0.00279	0.00440
10	0.01164	0.01184	0.08792	0.24772	0.08910	0.01152	0.07627	0.05300	0.22346	0.04106	0.03480	0.01772	0.05895	0.00620	0.00529	0.00168	0.00573	0.00548	0.00362	0.00699
11	0.09223	0.00842	0.01093	0.00860	0.01218	0.00756	0.00705	0.02232	0.01416	0.63316	0.11090	0.01919	0.01638	0.00671	0.00510	0.00159	0.00410	0.00545	0.00600	0.00799
12	0.00642	0.00500	0.00587	0.00634	0.00746	0.00444	0.00463	0.00778	0.01135	0.01443	0.12114	0.32039	0.38382	0.01390	0.00631	0.00189	0.00287	0.06675	0.00486	0.00436
13	0.00685	0.00470	0.00604	0.00680	0.00731	0.00445	0.00466	0.00807	0.01047	0.01452	0.13931	0.54084	0.03293	0.08294	0.00792	0.00220	0.00308	0.03835	0.07432	0.00425
14	0.00721	0.00494	0.00599	0.00645	0.00667	0.00485	0.00414	0.00772	0.00860	0.01142	0.02076	0.25419	0.02411	0.50686	0.01856	0.00388	0.00439	0.09191	0.00375	0.00358
15	0.00969	0.00912	0.01539	0.80734	0.03534	0.01140	0.01425	0.01311	0.01026	0.01311	0.00912	0.01368	0.00684	0.00513	0.00513	0.00171	0.00684	0.00456	0.00228	0.00570
16	0.01055	0.00875	0.01014	0.00736	0.01163	0.00666	0.00587	0.01284	0.01065	0.01693	0.00977	0.01136	0.00807	0.00399	0.00378	0.00080	0.00368	0.00319	0.07518	0.77880
17	0.00742	0.00501	0.00587	0.00600	0.00611	0.00504	0.00361	0.00767	0.00785	0.01049	0.01732	0.08258	0.01984	0.69579	0.05977	0.00482	0.00524	0.04297	0.00327	0.00332
18	0.01075	0.01013	0.01711	0.19053	0.41153	0.01045	0.05970	0.01371	0.01167	0.01605	0.09390	0.03317	0.07347	0.00631	0.00539	0.00163	0.00568	0.01898	0.00306	0.00677
19	0.01789	0.02238	0.01375	0.01270	0.01515	0.71310	0.00957	0.01926	0.01415	0.01276	0.01007	0.04968	0.00930	0.00634	0.00487	0.00142	0.00868	0.05026	0.00287	0.00579
20	0.01070	0.02372	0.62343	0.01618	0.02323	0.01215	0.18578	0.01629	0.01112	0.01629	0.00947	0.01150	0.00679	0.00475	0.00514	0.00165	0.00782	0.00430	0.00226	0.00744
21	0.00707	0.00524	0.00659	0.00626	0.00755	0.00476	0.00469	0.00931	0.01407	0.01951	0.66833	0.04009	0.16571	0.01089	0.00605	0.00163	0.00245	0.00953	0.00551	0.00476
22	0.00642	0.00463	0.00608	0.00696	0.00746	0.00429	0.00475	0.00759	0.01070	0.01441	0.15929	0.65551	0.06286	0.01501	0.00645	0.00199	0.00287	0.01354	0.00492	0.00429
23	0.01372	0.82276	0.02689	0.00878	0.01317	0.02030	0.00878	0.01536	0.01043	0.01207	0.00713	0.00823	0.00658	0.00439	0.00329	0.00110	0.00549	0.00274	0.00219	0.00658
24	0.02107	0.00875	0.01150	0.00900	0.01258	0.00791	0.00728	0.05426	0.04978	0.65773	0.01960	0.01871	0.01318	0.07580	0.00695	0.00188	0.00446	0.00536	0.00597	0.00822
25	0.00962	0.00917	0.07745	0.01052	0.05970	0.00785	0.06368	0.01441	0.13568	0.04739	0.44182	0.02911	0.05521	0.00855	0.00573	0.00164	0.00389	0.00762	0.00486	0.00608
26	0.00726	0.00524	0.00686	0.00646	0.00767	0.00484	0.00484	0.00968	0.01452	0.02058	0.78496	0.03833	0.04841	0.01049	0.00605	0.00161	0.00242	0.00928	0.00565	0.00484
27	0.01511	0.03648	0.01418	0.01126	0.01469	0.01333	0.05559	0.24806	0.40786	0.06682	0.04863	0.01713	0.01400	0.00659	0.00522	0.00165	0.00481	0.00548	0.00502	0.00808
28	0.01271	0.10839	0.01663	0.01194	0.01492	0.11565	0.15050	0.09760	0.10592	0.01845	0.20157	0.02013	0.03296	0.00704	0.00597	0.00159	0.05179	0.01588	0.00394	0.00643
29	0.00908	0.00548	0.00687	0.00634	0.00783	0.00506	0.00482	0.01140	0.01373	0.09138	0.54092	0.03345	0.07350	0.00941	0.00552	0.00154	0.00260	0.00816	0.15773	0.00517

[dist]
# distance from previous block
# <min> <max>
0	1

[block]
# block no. 3 follows, 48 sequences, length 13
# corresponding to MSA columns:
# 361-373
name=unknown_D
#
# <colnr> <probs for GDERKNQSTAVLIFYWHMCP>
#	G	D	E	R	K	N	Q	S	T	A	V	L	I	F	Y	W	H	M	C	P
0	0.01656	0.08272	0.01441	0.01173	0.01454	0.42290	0.00921	0.13544	0.10516	0.01687	0.01255	0.05391	0.01111	0.00676	0.00495	0.00150	0.00713	0.06248	0.00356	0.00650
1	0.01273	0.08507	0.32781	0.01469	0.02029	0.05121	0.19165	0.08534	0.03630	0.03782	0.01013	0.01181	0.00755	0.00495	0.00522	0.00154	0.02323	0.00435	0.00283	0.06548
2	0.00754	0.00626	0.00685	0.00766	0.00827	0.06799	0.00534	0.00856	0.01017	0.01297	0.02597	0.58700	0.05682	0.06679	0.04628	0.00251	0.00423	0.06008	0.00439	0.00431
3	0.85592	0.00992	0.00754	0.00675	0.00992	0.01151	0.00556	0.01508	0.00873	0.02302	0.00714	0.00834	0.00556	0.00476	0.00318	0.00159	0.00397	0.00278	0.00318	0.00556
4	0.00745	0.00499	0.00569	0.00566	0.00575	0.00496	0.00324	0.00763	0.00799	0.01075	0.07406	0.03394	0.02090	0.75874	0.02461	0.00472	0.00478	0.00760	0.00330	0.00324
5	0.00735	0.00497	0.00583	0.00593	0.00602	0.00502	0.00350	0.00757	0.00771	0.01035	0.01695	0.09511	0.01942	0.69483	0.08454	0.00500	0.00550	0.00788	0.00321	0.00331
6	0.08474	0.00932	0.01151	0.00923	0.01291	0.00897	0.00751	0.02473	0.17880	0.56638	0.01938	0.01713	0.01279	0.00636	0.00502	0.00162	0.00427	0.00512	0.00586	0.00836
7	0.01263	0.19580	0.16191	0.01368	0.11445	0.01257	0.05887	0.07176	0.01178	0.07574	0.01218	0.01762	0.01073	0.08975	0.04045	0.00218	0.02615	0.06194	0.00311	0.00671
8	0.00992	0.00576	0.00743	0.00681	0.00845	0.00521	0.00517	0.01204	0.01375	0.15281	0.49453	0.10296	0.09592	0.01025	0.00583	0.00164	0.00282	0.00894	0.04437	0.00541
9	0.85592	0.00992	0.00754	0.00675	0.00992	0.01151	0.00556	0.01508	0.00873	0.02302	0.00714	0.00834	0.00556	0.00476	0.00318	0.00159	0.00397	0.00278	0.00318	0.00556
10	0.01064	0.00912	0.01064	0.00760	0.01216	0.00684	0.00608	0.01292	0.01064	0.01672	0.00912	0.01064	0.00760	0.00380	0.00380	0.00076	0.00380	0.00304	0.00304	0.85104
11	0.00646	0.00467	0.00614	0.00715	0.00767	0.00435	0.00498	0.00759	0.01040	0.01380	0.07828	0.65975	0.08197	0.01538	0.00653	0.00205	0.00305	0.07070	0.00482	0.00426
12	0.01097	0.01273	0.09544	0.21137	0.08414	0.01197	0.28960	0.01536	0.05754	0.01596	0.07218	0.01550	0.01110	0.00560	0.00640	0.00173	0.06750	0.00548	0.00285	0.00659

[dist]
# distance from previous block
# <min> <max>
0	1

[block]
# block no. 4 follows, 48 sequences, length 13
# corresponding to MSA columns:
# 375-387
name=unknown_E
#
# <colnr> <probs for GDERKNQSTAVLIFYWHMCP>
#	G	D	E	R	K	N	Q	S	T	A	V	L	I	F	Y	W	H	M	C	P
0	0.00701	0.00534	0.00651	0.00652	0.00791	0.00484	0.00509	0.00902	0.01307	0.01732	0.39804	0.04553	0.30574	0.01200	0.00623	0.00178	0.00287	0.13536	0.00518	0.00464
1	0.00725	0.00493	0.00588	0.00608	0.00620	0.00496	0.00366	0.00755	0.00793	0.01064	0.01801	0.16457	0.02075	0.61926	0.08694	0.00476	0.00536	0.00850	0.00336	0.00341
2	0.00726	0.00524	0.00686	0.00646	0.00767	0.00484	0.00484	0.00968	0.01452	0.02058	0.78496	0.03833	0.04841	0.01049	0.00605	0.00161	0.00242	0.00928	0.00565	0.00484
3	0.01803	0.01390	0.01440	0.01158	0.01504	0.07957	0.00940	0.45826	0.14854	0.09579	0.01369	0.01360	0.00993	0.00645	0.00599	0.00161	0.06649	0.00475	0.00483	0.00816
4	0.01122	0.08351	0.01736	0.33323	0.17427	0.01228	0.06585	0.01627	0.14044	0.01555	0.01249	0.01728	0.01034	0.00589	0.00518	0.00167	0.00607	0.06139	0.00303	0.00668
5	0.01192	0.00978	0.01333	0.01154	0.01237	0.01257	0.00942	0.06998	0.00984	0.08398	0.01077	0.04717	0.00999	0.04231	0.14686	0.00323	0.48083	0.00525	0.00305	0.00581
6	0.05042	0.01182	0.01743	0.01469	0.07514	0.06089	0.20030	0.10268	0.01360	0.22857	0.01426	0.07148	0.01134	0.00665	0.00646	0.00171	0.07860	0.02265	0.00410	0.00723
7	0.00801	0.00578	0.00780	0.00879	0.00994	0.00570	0.00751	0.01011	0.01149	0.01484	0.02863	0.05540	0.09695	0.07094	0.00834	0.00249	0.00455	0.63354	0.00461	0.00458
8	0.01180	0.00991	0.01123	0.00846	0.01270	0.00866	0.00676	0.08364	0.14143	0.01893	0.01139	0.01223	0.00906	0.00455	0.00416	0.00100	0.00401	0.00365	0.00360	0.63285
9	0.01292	0.14637	0.28987	0.01296	0.01818	0.02672	0.10156	0.07211	0.17839	0.04965	0.01219	0.01292	0.00909	0.00531	0.00483	0.00154	0.00626	0.00441	0.00330	0.03140
10	0.01314	0.68839	0.15620	0.00977	0.01469	0.01889	0.01050	0.01551	0.01049	0.01278	0.00748	0.00867	0.00657	0.00447	0.00356	0.00119	0.00584	0.00292	0.00219	0.00675
11	0.00715	0.00524	0.00718	0.00782	0.00871	0.00528	0.00605	0.00885	0.01056	0.01420	0.10080	0.27855	0.08613	0.02042	0.20616	0.00364	0.00607	0.20837	0.00433	0.00450
12	0.08502	0.08768	0.01400	0.01127	0.03119	0.26117	0.03779	0.04039	0.16794	0.07533	0.02539	0.04366	0.01170	0.05518	0.00621	0.00174	0.01677	0.01736	0.00370	0.00651

[dist]
# distance from previous block
# <min> <max>
3	7

[block]
# block no. 5 follows, 48 sequences, length 7
# corresponding to MSA columns:
# 396-402
name=unknown_F
#
# <colnr> <probs for GDERKNQSTAVLIFYWHMCP>
#	G	D	E	R	K	N	Q	S	T	A	V	L	I	F	Y	W	H	M	C	P
0	0.01252	0.35070	0.27109	0.01220	0.01746	0.01473	0.11161	0.01598	0.01134	0.06321	0.06534	0.01256	0.01012	0.00510	0.00448	0.00142	0.00628	0.00414	0.00275	0.00696
1	0.16087	0.11899	0.01686	0.14037	0.17324	0.08604	0.05025	0.11758	0.01290	0.01857	0.05102	0.01258	0.00938	0.00526	0.00459	0.00151	0.00593	0.00424	0.00310	0.00673
2	0.01489	0.27511	0.13107	0.01142	0.01532	0.26051	0.01066	0.09643	0.01339	0.01536	0.01060	0.01523	0.00952	0.00609	0.00458	0.00144	0.00690	0.09201	0.00294	0.00654
3	0.01619	0.00877	0.01059	0.00871	0.01171	0.00854	0.00710	0.19963	0.01614	0.30988	0.12287	0.02576	0.10908	0.00818	0.00542	0.00163	0.00411	0.06036	0.05817	0.00716
4	0.00873	0.00457	0.00686	0.00686	0.00696	0.00468	0.00468	0.00696	0.00686	0.00925	0.00946	0.01611	0.00935	0.02016	0.10800	0.75563	0.00550	0.00457	0.00229	0.00249
5	0.00735	0.00616	0.00829	0.20596	0.01427	0.00625	0.00681	0.00950	0.01212	0.01570	0.26545	0.07169	0.33068	0.01040	0.00585	0.00171	0.00362	0.00896	0.00442	0.00482
6	0.01782	0.01475	0.01437	0.01164	0.01528	0.10775	0.00937	0.50028	0.20725	0.02734	0.01389	0.01362	0.01017	0.00625	0.00509	0.00156	0.00569	0.00475	0.00486	0.00825

[dist]
# distance from previous block
# <min> <max>
0	1

[block]
# block no. 6 follows, 48 sequences, length 24
# corresponding to MSA columns:
# 404-427
name=unknown_G
#
# <colnr> <probs for GDERKNQSTAVLIFYWHMCP>
#	G	D	E	R	K	N	Q	S	T	A	V	L	I	F	Y	W	H	M	C	P
0	0.01313	0.31185	0.24218	0.11784	0.01993	0.01501	0.06969	0.07399	0.01197	0.06577	0.00948	0.01103	0.00725	0.00488	0.00446	0.00144	0.00644	0.00383	0.00272	0.00708
1	0.01326	0.71690	0.12876	0.00956	0.01437	0.01919	0.01013	0.01548	0.01048	0.01263	0.00741	0.00858	0.00657	0.00445	0.00350	0.00117	0.00577	0.00288	0.00219	0.00672
2	0.09873	0.01241	0.10940	0.21232	0.23059	0.01166	0.01285	0.05163	0.11346	0.01770	0.01217	0.01657	0.01002	0.00589	0.00505	0.00168	0.00584	0.06192	0.00314	0.00696
3	0.12269	0.05958	0.56765	0.05772	0.02013	0.01186	0.01570	0.01553	0.01070	0.01700	0.04935	0.01198	0.00859	0.00514	0.00465	0.00160	0.00669	0.00394	0.00249	0.00702
4	0.00829	0.11420	0.00963	0.00686	0.00861	0.00723	0.00545	0.01110	0.04960	0.01901	0.59341	0.03422	0.09391	0.00969	0.00565	0.00156	0.00292	0.00836	0.00511	0.00519
5	0.01058	0.02147	0.58354	0.01412	0.06910	0.01061	0.01597	0.01555	0.01148	0.05702	0.08372	0.01610	0.05662	0.00593	0.00508	0.00162	0.00655	0.00483	0.00288	0.00723
6	0.00609	0.00510	0.00530	0.00546	0.00700	0.00431	0.00401	0.00733	0.01145	0.01376	0.04883	0.15135	0.68565	0.01340	0.00613	0.00178	0.00265	0.01133	0.00476	0.00431
7	0.01324	0.01115	0.06590	0.40569	0.14863	0.01132	0.01308	0.07081	0.04958	0.14277	0.01183	0.01412	0.00855	0.00539	0.00511	0.00164	0.00614	0.00467	0.00333	0.00704
8	0.01538	0.01402	0.15177	0.01755	0.23215	0.01122	0.07017	0.11826	0.03624	0.19884	0.01273	0.01355	0.00914	0.00524	0.00505	0.00152	0.00585	0.00461	0.00383	0.07287
9	0.59136	0.11832	0.01205	0.01018	0.10345	0.01270	0.00738	0.03265	0.00989	0.05152	0.00808	0.00929	0.00636	0.00479	0.00354	0.00151	0.00448	0.00312	0.00314	0.00620
10	0.01170	0.00732	0.00787	0.00688	0.00882	0.00764	0.00539	0.20558	0.01485	0.02277	0.15283	0.02082	0.01832	0.00683	0.00442	0.00136	0.00323	0.00554	0.48204	0.00580
11	0.61487	0.00855	0.00708	0.00654	0.00917	0.00951	0.00522	0.01310	0.00973	0.02101	0.08761	0.06233	0.11491	0.00704	0.00402	0.00164	0.00358	0.00513	0.00371	0.00525
12	0.00715	0.00524	0.00671	0.00634	0.00760	0.00480	0.00476	0.00947	0.01427	0.01997	0.71858	0.03933	0.11517	0.01072	0.00605	0.00162	0.00244	0.00942	0.00557	0.00480
13	0.00969	0.00912	0.01539	0.80734	0.03534	0.01140	0.01425	0.01311	0.01026	0.01311	0.00912	0.01368	0.00684	0.00513	0.00513	0.00171	0.00684	0.00456	0.00228	0.00570
14	0.00666	0.00466	0.00615	0.00714	0.00763	0.00439	0.00498	0.00787	0.01042	0.01421	0.09183	0.65139	0.03377	0.01494	0.00640	0.00202	0.00303	0.07033	0.04788	0.00430
15	0.01115	0.00988	0.01659	0.56867	0.22519	0.01140	0.01428	0.01440	0.01085	0.05468	0.00984	0.01363	0.00747	0.00505	0.00512	0.00166	0.00652	0.00459	0.00256	0.00647
16	0.00641	0.00507	0.00577	0.00589	0.00722	0.00443	0.00430	0.00793	0.01209	0.01547	0.23872	0.18849	0.45420	0.01291	0.00615	0.00177	0.00262	0.01112	0.00499	0.00443
17	0.00777	0.00622	0.00869	0.01091	0.12586	0.00591	0.00712	0.00958	0.01139	0.01497	0.08861	0.26912	0.19946	0.01273	0.00632	0.00196	0.00377	0.20012	0.00449	0.00500
18	0.71469	0.01031	0.00883	0.11341	0.01351	0.03852	0.00686	0.01501	0.00913	0.02134	0.00743	0.00908	0.00576	0.00483	0.00349	0.00159	0.00453	0.00303	0.00304	0.00559
19	0.01124	0.00687	0.00930	0.12795	0.01313	0.00684	0.00691	0.05183	0.01384	0.16212	0.38060	0.07239	0.04416	0.00876	0.00557	0.00162	0.00365	0.00760	0.05977	0.00584
20	0.01421	0.07458	0.01529	0.05490	0.14450	0.05788	0.01023	0.18618	0.28952	0.02100	0.01516	0.01755	0.01217	0.00650	0.00512	0.00163	0.00534	0.05640	0.00419	0.00766
21	0.00901	0.00616	0.00718	0.00667	0.00828	0.00597	0.00499	0.01257	0.11454	0.06820	0.34599	0.03438	0.18210	0.08337	0.00748	0.00192	0.00303	0.00827	0.08464	0.00527
22	0.05221	0.50512	0.23382	0.01041	0.01550	0.01702	0.01135	0.01651	0.06941	0.01445	0.00876	0.00978	0.00721	0.00474	0.00387	0.00131	0.00588	0.00327	0.00247	0.00693
23	0.05534	0.06246	0.05481	0.01049	0.01387	0.00926	0.13591	0.04661	0.04381	0.13610	0.28573	0.02215	0.02297	0.00701	0.00529	0.00153	0.00462	0.00626	0.00447	0.07132

[dist]
# distance from previous block
# <min> <max>
0	1

[block]
# block no. 7 follows, 48 sequences, length 17
# corresponding to MSA columns:
# 429-445
name=unknown_H
#
# <colnr> <probs for GDERKNQSTAVLIFYWHMCP>
#	G	D	E	R	K	N	Q	S	T	A	V	L	I	F	Y	W	H	M	C	P
0	0.01250	0.02016	0.36293	0.13138	0.02212	0.15996	0.08274	0.04303	0.01218	0.03238	0.01068	0.01475	0.00853	0.00568	0.00514	0.00164	0.00754	0.05716	0.00269	0.00680
1	0.00705	0.00560	0.00621	0.00638	0.00777	0.00519	0.00481	0.00916	0.05820	0.01415	0.05744	0.08747	0.45774	0.12249	0.00892	0.00229	0.00336	0.12675	0.00458	0.00446
2	0.01487	0.01395	0.01355	0.01218	0.05537	0.19088	0.03927	0.22402	0.16552	0.02177	0.17580	0.01852	0.01790	0.00687	0.00526	0.00155	0.00562	0.00559	0.00445	0.00705
3	0.02002	0.00936	0.01173	0.00917	0.01275	0.00889	0.00751	0.18013	0.01640	0.51307	0.08421	0.01829	0.01497	0.00664	0.00513	0.00155	0.00434	0.00538	0.06232	0.00813
4	0.00956	0.00720	0.00826	0.00741	0.00939	0.00710	0.00583	0.16961	0.01553	0.02071	0.35306	0.03744	0.25821	0.01057	0.00593	0.00168	0.00331	0.05850	0.00521	0.00550
5	0.65346	0.00972	0.00932	0.17575	0.01538	0.01137	0.00745	0.01495	0.00923	0.04297	0.00794	0.00973	0.00603	0.00489	0.00364	0.00161	0.00459	0.00322	0.00308	0.00568
6	0.19162	0.01126	0.01128	0.00985	0.01298	0.01294	0.00781	0.12848	0.51067	0.02331	0.01679	0.01591	0.01256	0.00639	0.00478	0.00168	0.00426	0.00500	0.00478	0.00766
7	0.00756	0.00709	0.01079	0.00908	0.01149	0.00631	0.16578	0.00960	0.01179	0.01455	0.04078	0.04271	0.54759	0.01128	0.00616	0.00179	0.00408	0.08235	0.00430	0.00492
8	0.01252	0.01140	0.01657	0.18866	0.39466	0.07962	0.01304	0.01533	0.01202	0.06332	0.06339	0.01850	0.01254	0.00608	0.00529	0.00163	0.00606	0.06929	0.00312	0.00695
9	0.07087	0.50938	0.10828	0.00993	0.01454	0.01786	0.00990	0.17480	0.01325	0.01754	0.00846	0.00939	0.00696	0.00484	0.00385	0.00128	0.00565	0.00326	0.00288	0.00708
10	0.01703	0.33054	0.07215	0.01023	0.01432	0.14787	0.00932	0.04073	0.06709	0.22594	0.01210	0.01199	0.00895	0.00534	0.00432	0.00136	0.00587	0.00384	0.00370	0.00730
11	0.01080	0.00604	0.00830	0.00771	0.00912	0.00628	0.00585	0.01235	0.00961	0.17642	0.01576	0.02209	0.01393	0.17872	0.43539	0.00578	0.00940	0.00576	0.05550	0.00519
12	0.00681	0.00503	0.00644	0.00743	0.00795	0.00491	0.00505	0.00888	0.07603	0.01382	0.02764	0.74765	0.03236	0.01529	0.00643	0.00205	0.00307	0.01383	0.00480	0.00451
13	0.67684	0.00894	0.00740	0.00669	0.00945	0.01010	0.00541	0.01394	0.00995	0.02251	0.17127	0.01466	0.01460	0.00597	0.00378	0.00159	0.00364	0.00415	0.00370	0.00541
14	0.00750	0.00533	0.00811	0.00814	0.00890	0.00506	0.05909	0.00829	0.01009	0.01361	0.12451	0.43368	0.02845	0.01473	0.00933	0.18109	0.00374	0.06207	0.00419	0.00408
15	0.00699	0.00598	0.00761	0.17476	0.01305	0.00588	0.00626	0.00885	0.01162	0.01449	0.13338	0.09479	0.47537	0.01124	0.00590	0.00174	0.00350	0.00958	0.00435	0.00467
16	0.07609	0.21621	0.01671	0.01023	0.01408	0.01553	0.00873	0.32457	0.17817	0.07090	0.01294	0.01277	0.00967	0.00580	0.00455	0.00148	0.00507	0.00430	0.00435	0.00784

[dist]
# distance from previous block
# <min> <max>
0	315

# created by:
# /home/berkeley/.conda/envs/busco_data_prod/bin/msa2prfl.pl pipeline/OGs_align_augustus/33634/237.fs
