[name]
unknown

[dist]
# distance from previous block
# <min> <max>
0	144

[block]
# block no. 0 follows, 41 sequences, length 23
# corresponding to MSA columns:
# 213-235
name=unknown_A
#
# <colnr> <probs for GDERKNQSTAVLIFYWHMCP>
#	G	D	E	R	K	N	Q	S	T	A	V	L	I	F	Y	W	H	M	C	P
0	0.08500	0.06028	0.04635	0.23953	0.05996	0.01298	0.02447	0.13570	0.02908	0.08936	0.01317	0.06262	0.01066	0.00662	0.00561	0.00173	0.02051	0.00542	0.00389	0.08705
1	0.01508	0.01301	0.01717	0.12352	0.24079	0.05750	0.02521	0.18382	0.04920	0.04571	0.09330	0.02008	0.06263	0.00719	0.00609	0.00177	0.01955	0.00613	0.00424	0.00800
2	0.15766	0.01366	0.01563	0.25542	0.13062	0.12115	0.01219	0.05454	0.07009	0.08239	0.01191	0.01405	0.00897	0.00588	0.00524	0.00175	0.00673	0.00468	0.00362	0.02381
3	0.01558	0.01138	0.01474	0.01581	0.18311	0.01172	0.01023	0.24841	0.04004	0.09801	0.12274	0.06228	0.08397	0.02341	0.03062	0.00209	0.00554	0.00721	0.00510	0.00802
4	0.01295	0.01062	0.01487	0.10400	0.21954	0.03248	0.01125	0.05900	0.04408	0.06567	0.16977	0.04815	0.03401	0.00839	0.00631	0.00181	0.02044	0.06962	0.00443	0.06260
5	0.01153	0.01004	0.01669	0.64119	0.08727	0.01201	0.01492	0.01504	0.01177	0.05277	0.01226	0.06756	0.01008	0.00656	0.00582	0.00191	0.00714	0.00587	0.00298	0.00660
6	0.00948	0.00669	0.00789	0.00762	0.00903	0.00643	0.00552	0.04187	0.04366	0.03901	0.16788	0.12741	0.14307	0.22503	0.01267	0.00292	0.00415	0.07242	0.02890	0.03836
7	0.01110	0.01047	0.01769	0.71950	0.10283	0.01279	0.01603	0.01487	0.01158	0.01497	0.01022	0.01515	0.00775	0.00566	0.00571	0.00189	0.00755	0.00508	0.00257	0.00659
8	0.01353	0.01530	0.03080	0.08999	0.02951	0.04499	0.61402	0.01796	0.01320	0.01760	0.01114	0.01507	0.00848	0.00520	0.00718	0.00194	0.04738	0.00640	0.00285	0.00748
9	0.01223	0.01199	0.01679	0.01462	0.01474	0.01656	0.01223	0.01360	0.00915	0.01406	0.00950	0.01707	0.00974	0.01052	0.01782	0.00251	0.71988	0.06808	0.00275	0.00617
10	0.00806	0.00599	0.00792	0.04501	0.00998	0.00566	0.00584	0.01061	0.01538	0.02145	0.62660	0.09769	0.09423	0.01204	0.00674	0.00185	0.00300	0.01063	0.00598	0.00535
11	0.02137	0.02726	0.01621	0.01474	0.01768	0.77602	0.01105	0.02284	0.01621	0.01400	0.00884	0.01031	0.00737	0.00589	0.00516	0.00147	0.01031	0.00368	0.00295	0.00663
12	0.01202	0.01031	0.01193	0.00868	0.01364	0.00807	0.00693	0.01547	0.06143	0.01899	0.01104	0.01250	0.00907	0.00447	0.00434	0.00092	0.00426	0.00359	0.00355	0.77877
13	0.00697	0.00498	0.00664	0.00796	0.00830	0.00465	0.00531	0.00796	0.01095	0.01460	0.03153	0.79525	0.03783	0.01792	0.00730	0.00232	0.00332	0.01626	0.00531	0.00465
14	0.02399	0.01241	0.01493	0.01145	0.01594	0.01238	0.00946	0.33274	0.02085	0.45607	0.01881	0.01703	0.01227	0.00699	0.00574	0.00175	0.00547	0.00550	0.00650	0.00973
15	0.01686	0.01323	0.04694	0.16319	0.13078	0.01326	0.09140	0.22213	0.01723	0.14049	0.03028	0.01880	0.01206	0.00679	0.00597	0.00184	0.00670	0.04920	0.00447	0.00837
16	0.01343	0.01293	0.04462	0.21014	0.10796	0.07850	0.11125	0.06525	0.04528	0.05533	0.12559	0.07194	0.01776	0.00748	0.00606	0.00184	0.00669	0.00680	0.00397	0.00719
17	0.01089	0.00761	0.01045	0.00945	0.01054	0.00847	0.02903	0.03814	0.01021	0.07865	0.01587	0.02610	0.01558	0.31537	0.29169	0.00592	0.10040	0.00676	0.00359	0.00527
18	0.01301	0.01317	0.06907	0.12768	0.02463	0.01221	0.33636	0.04459	0.04940	0.06832	0.03828	0.12966	0.01486	0.00758	0.00670	0.00197	0.02376	0.00767	0.00379	0.00730
19	0.01350	0.06751	0.15022	0.08441	0.07032	0.01231	0.20836	0.04615	0.01362	0.09579	0.01909	0.03921	0.09929	0.00738	0.00609	0.00187	0.00703	0.04657	0.00376	0.00753
20	0.01304	0.01141	0.03123	0.00941	0.01449	0.03050	0.02427	0.03722	0.01267	0.05070	0.01079	0.01228	0.00869	0.00453	0.00446	0.00098	0.00473	0.00365	0.00357	0.71138
21	0.01275	0.00885	0.01112	0.02307	0.01286	0.00860	0.04169	0.01835	0.18903	0.14490	0.16547	0.03375	0.20535	0.00990	0.00622	0.00183	0.00415	0.03410	0.00562	0.06239
22	0.01284	0.08063	0.16200	0.01206	0.02949	0.04974	0.05522	0.04527	0.11817	0.06363	0.21125	0.02495	0.07780	0.00812	0.00586	0.00175	0.00556	0.00687	0.00460	0.02420

[dist]
# distance from previous block
# <min> <max>
10	18

[block]
# block no. 1 follows, 41 sequences, length 10
# corresponding to MSA columns:
# 261-270
name=unknown_B
#
# <colnr> <probs for GDERKNQSTAVLIFYWHMCP>
#	G	D	E	R	K	N	Q	S	T	A	V	L	I	F	Y	W	H	M	C	P
0	0.06017	0.01460	0.03672	0.01215	0.01625	0.04870	0.02394	0.38268	0.12644	0.05303	0.05036	0.03083	0.01311	0.00706	0.00581	0.00170	0.02134	0.00549	0.00514	0.08447
1	0.01335	0.01020	0.01458	0.14209	0.15484	0.03474	0.03796	0.08746	0.01392	0.10834	0.01987	0.29785	0.01986	0.01028	0.00631	0.00197	0.00561	0.00924	0.00449	0.00704
2	0.01217	0.01079	0.01410	0.04537	0.05409	0.00896	0.05355	0.01574	0.05461	0.01875	0.01104	0.01289	0.00899	0.00458	0.00462	0.00107	0.00487	0.00394	0.00343	0.65645
3	0.00724	0.00537	0.00673	0.00738	0.00820	0.00498	0.00512	0.00858	0.01190	0.01574	0.14494	0.44706	0.18173	0.06558	0.04932	0.00273	0.00392	0.01351	0.00523	0.00475
4	0.01156	0.01088	0.01456	0.01282	0.01327	0.01441	0.01034	0.01412	0.07996	0.01458	0.01407	0.05711	0.05009	0.09046	0.04024	0.00292	0.53291	0.00643	0.00322	0.00606
5	0.00713	0.00528	0.00666	0.00743	0.00824	0.00481	0.00515	0.00851	0.01226	0.01623	0.16532	0.52610	0.17356	0.01619	0.00710	0.00216	0.00313	0.01444	0.00548	0.00481
6	0.01496	0.73615	0.09338	0.01035	0.01554	0.02183	0.01076	0.01721	0.01166	0.01386	0.00815	0.00942	0.00733	0.00494	0.00382	0.00127	0.00632	0.00316	0.00244	0.00744
7	0.00710	0.00572	0.00623	0.00626	0.00786	0.00495	0.00458	0.00868	0.01322	0.01657	0.18504	0.11537	0.53140	0.05180	0.00787	0.00211	0.00302	0.01193	0.00541	0.00485
8	0.83938	0.01106	0.00841	0.00752	0.01106	0.01283	0.00619	0.01681	0.00973	0.02566	0.00796	0.00929	0.00619	0.00531	0.00354	0.00177	0.00442	0.00310	0.00354	0.00619
9	0.01217	0.00692	0.00718	0.00657	0.00838	0.00715	0.00507	0.12042	0.01438	0.02356	0.05298	0.02122	0.01579	0.00693	0.00438	0.00141	0.00320	0.00554	0.67076	0.00598

[dist]
# distance from previous block
# <min> <max>
0	10

[block]
# block no. 2 follows, 41 sequences, length 13
# corresponding to MSA columns:
# 281-293
name=unknown_C
#
# <colnr> <probs for GDERKNQSTAVLIFYWHMCP>
#	G	D	E	R	K	N	Q	S	T	A	V	L	I	F	Y	W	H	M	C	P
0	0.09899	0.01056	0.01327	0.01027	0.01463	0.00985	0.00848	0.10702	0.01695	0.61822	0.02025	0.01790	0.01294	0.00690	0.00555	0.00176	0.00499	0.00544	0.00661	0.00941
1	0.06924	0.01069	0.01772	0.36973	0.20225	0.01189	0.07054	0.01487	0.01181	0.01669	0.01326	0.09439	0.01205	0.00799	0.02523	0.00210	0.00704	0.03255	0.00310	0.00684
2	0.73369	0.01089	0.00904	0.00787	0.01152	0.01226	0.00648	0.01825	0.01060	0.12198	0.00986	0.01061	0.00723	0.00554	0.00383	0.00177	0.00448	0.00344	0.00400	0.00665
3	0.29767	0.01181	0.01551	0.12501	0.10640	0.02732	0.10500	0.04830	0.07516	0.02205	0.09982	0.01670	0.01385	0.00632	0.00521	0.00181	0.00584	0.00533	0.00383	0.00706
4	0.00847	0.00571	0.00761	0.00757	0.00805	0.00606	0.00518	0.00908	0.00908	0.01258	0.06782	0.02948	0.01921	0.35535	0.30565	0.11955	0.00892	0.00719	0.00338	0.00408
5	0.04667	0.00549	0.00671	0.00736	0.00821	0.00529	0.00516	0.00981	0.01210	0.01785	0.17187	0.48455	0.03577	0.01428	0.00648	0.00203	0.00314	0.01270	0.13958	0.00498
6	0.00950	0.00863	0.06193	0.04250	0.01230	0.03318	0.00827	0.01170	0.01240	0.03799	0.08290	0.28764	0.07433	0.03479	0.00788	0.00230	0.02896	0.20131	0.03603	0.00548
7	0.01572	0.17870	0.21111	0.01485	0.07051	0.06813	0.05297	0.10906	0.01446	0.09848	0.01266	0.04969	0.01024	0.00787	0.03660	0.00199	0.03027	0.00509	0.00359	0.00802
8	0.01000	0.00686	0.00880	0.00906	0.01041	0.00678	0.00699	0.08291	0.01418	0.04717	0.15952	0.32650	0.03511	0.04269	0.00793	0.00235	0.00417	0.20743	0.00552	0.00560
9	0.02530	0.01031	0.01363	0.01045	0.01489	0.00926	0.00863	0.09364	0.01734	0.70013	0.02175	0.01894	0.01375	0.00706	0.00575	0.00176	0.00500	0.00570	0.00695	0.00973
10	0.03187	0.01205	0.05057	0.07692	0.10225	0.01138	0.04924	0.05924	0.16860	0.25469	0.04609	0.01955	0.03868	0.00693	0.00575	0.00178	0.00555	0.00594	0.00514	0.04778
11	0.01473	0.03766	0.11611	0.15085	0.05870	0.07314	0.11608	0.06952	0.02699	0.11276	0.01563	0.05569	0.03115	0.03557	0.00710	0.00200	0.02712	0.03792	0.00383	0.00745
12	0.01420	0.18283	0.07019	0.13617	0.03332	0.11805	0.06252	0.01727	0.03504	0.04124	0.01122	0.02907	0.00940	0.00762	0.02938	0.00196	0.12791	0.00484	0.06084	0.00693

[dist]
# distance from previous block
# <min> <max>
1	29

[block]
# block no. 3 follows, 41 sequences, length 21
# corresponding to MSA columns:
# 333-353
name=unknown_D
#
# <colnr> <probs for GDERKNQSTAVLIFYWHMCP>
#	G	D	E	R	K	N	Q	S	T	A	V	L	I	F	Y	W	H	M	C	P
0	0.04708	0.22584	0.12607	0.04239	0.07275	0.03547	0.07835	0.10691	0.12629	0.04702	0.03072	0.01433	0.01073	0.00596	0.00517	0.00166	0.00656	0.00483	0.00373	0.00814
1	0.01056	0.00899	0.01431	0.27985	0.02231	0.01031	0.06839	0.01403	0.06932	0.01560	0.04504	0.05144	0.01602	0.01341	0.08119	0.10329	0.05291	0.11368	0.00352	0.00582
2	0.01936	0.07795	0.01556	0.01300	0.01585	0.60972	0.00992	0.02104	0.01527	0.01504	0.01023	0.01186	0.00844	0.00594	0.00488	0.00144	0.00889	0.00388	0.12522	0.00649
3	0.00865	0.00623	0.00801	0.00781	0.00814	0.00688	0.00530	0.00931	0.00883	0.01226	0.04134	0.03079	0.01869	0.47260	0.23404	0.03811	0.06812	0.00740	0.00334	0.00416
4	0.00720	0.00516	0.00684	0.00781	0.00835	0.00480	0.00533	0.00854	0.01202	0.01631	0.18075	0.64116	0.04114	0.01665	0.00719	0.00222	0.00319	0.01505	0.00551	0.00480
5	0.83938	0.01106	0.00841	0.00752	0.01106	0.01283	0.00619	0.01681	0.00973	0.02566	0.00796	0.00929	0.00619	0.00531	0.00354	0.00177	0.00442	0.00310	0.00354	0.00619
6	0.00743	0.00535	0.00691	0.00747	0.00821	0.00497	0.00516	0.00896	0.01264	0.01721	0.27774	0.45072	0.07920	0.06999	0.00860	0.00235	0.00324	0.01350	0.00551	0.00483
7	0.01165	0.06471	0.73574	0.01601	0.02430	0.01371	0.02062	0.01807	0.01206	0.01790	0.01016	0.01194	0.00725	0.00541	0.00535	0.00178	0.00835	0.00417	0.00242	0.00840
8	0.00686	0.00576	0.00596	0.00599	0.00781	0.00486	0.00446	0.00838	0.01317	0.01594	0.10565	0.08660	0.68012	0.01444	0.00678	0.00194	0.00290	0.01214	0.00538	0.00486
9	0.01090	0.01030	0.01718	0.74019	0.03797	0.01299	0.01569	0.01456	0.01128	0.01456	0.01001	0.01509	0.00762	0.00597	0.00648	0.00194	0.05329	0.00508	0.00254	0.00635
10	0.01315	0.08482	0.15818	0.14221	0.05286	0.01224	0.08657	0.04102	0.01251	0.05591	0.01086	0.01340	0.00843	0.00591	0.00618	0.03934	0.02040	0.00449	0.00312	0.22841
11	0.03770	0.01361	0.04562	0.01001	0.01455	0.12430	0.00826	0.05995	0.01376	0.07979	0.01383	0.03108	0.04472	0.00573	0.00480	0.00122	0.00543	0.00444	0.00385	0.47731
12	0.01100	0.00677	0.00877	0.00820	0.00980	0.00660	0.00620	0.01365	0.04036	0.12954	0.37391	0.19119	0.05636	0.01184	0.00713	0.00192	0.04354	0.01021	0.05697	0.00603
13	0.00940	0.00649	0.00836	0.00784	0.00931	0.00625	0.00592	0.03179	0.01536	0.06300	0.53375	0.13481	0.09091	0.01219	0.00720	0.00190	0.03330	0.01059	0.00599	0.00566
14	0.01530	0.11473	0.13892	0.01516	0.06993	0.03156	0.11895	0.01948	0.06634	0.16829	0.04227	0.07024	0.01372	0.00801	0.02363	0.00199	0.06337	0.00612	0.00408	0.00789
15	0.01232	0.05208	0.28169	0.08644	0.01978	0.01124	0.05603	0.01620	0.01223	0.10096	0.07660	0.06537	0.01522	0.04422	0.08550	0.00276	0.04438	0.00622	0.00360	0.00716
16	0.02542	0.01012	0.01351	0.01036	0.01480	0.00898	0.00856	0.07219	0.01702	0.72203	0.02202	0.01911	0.01388	0.00707	0.00575	0.00177	0.00496	0.00571	0.00700	0.00973
17	0.01081	0.01198	0.07880	0.03157	0.09430	0.09257	0.08010	0.01354	0.02846	0.01657	0.09715	0.26259	0.07146	0.05981	0.00788	0.00219	0.00573	0.02415	0.00423	0.00612
18	0.07447	0.06446	0.22658	0.08256	0.07877	0.01272	0.11135	0.04295	0.03206	0.13176	0.02707	0.01580	0.02500	0.00601	0.00546	0.00176	0.00679	0.00518	0.04128	0.00797
19	0.01136	0.01373	0.15873	0.35352	0.13868	0.01175	0.01494	0.04647	0.01233	0.01664	0.01470	0.07112	0.05413	0.00771	0.00668	0.04456	0.00689	0.00611	0.00305	0.00690
20	0.01444	0.00745	0.01024	0.06594	0.01326	0.00701	0.00757	0.01650	0.01378	0.29067	0.10944	0.21259	0.08087	0.01340	0.05153	0.00243	0.00495	0.06540	0.00573	0.00680

[dist]
# distance from previous block
# <min> <max>
2	10

[block]
# block no. 4 follows, 41 sequences, length 21
# corresponding to MSA columns:
# 366-386
name=unknown_E
#
# <colnr> <probs for GDERKNQSTAVLIFYWHMCP>
#	G	D	E	R	K	N	Q	S	T	A	V	L	I	F	Y	W	H	M	C	P
0	0.07226	0.03039	0.02980	0.01108	0.04777	0.00853	0.06489	0.03476	0.07697	0.03545	0.06945	0.39549	0.07533	0.01261	0.00647	0.00206	0.00443	0.01129	0.00488	0.00609
1	0.20525	0.10429	0.01698	0.16258	0.09412	0.01322	0.05937	0.06366	0.01278	0.07622	0.01134	0.02772	0.00895	0.00568	0.00487	0.00163	0.00589	0.00459	0.02618	0.09466
2	0.04002	0.02504	0.01596	0.03608	0.03845	0.67468	0.01108	0.02167	0.01556	0.01447	0.01033	0.01191	0.02967	0.00620	0.00552	0.00154	0.02816	0.00403	0.00301	0.00662
3	0.01158	0.00628	0.00799	0.00777	0.00945	0.00572	0.00579	0.01346	0.01343	0.17177	0.16416	0.29934	0.09936	0.01258	0.00638	0.00194	0.00344	0.03048	0.12309	0.00596
4	0.07756	0.10520	0.01639	0.01196	0.01391	0.01474	0.01001	0.03847	0.01151	0.17176	0.03638	0.01591	0.01120	0.05790	0.01300	0.00229	0.37582	0.00517	0.00380	0.00700
5	0.00806	0.00567	0.00688	0.00685	0.00744	0.00560	0.00449	0.00906	0.01067	0.01449	0.18529	0.07633	0.08829	0.43360	0.10910	0.00469	0.00574	0.00921	0.00429	0.00425
6	0.00746	0.00549	0.00693	0.00726	0.00825	0.00502	0.00515	0.00922	0.01342	0.01818	0.34676	0.34095	0.15010	0.03943	0.00767	0.00214	0.00306	0.01287	0.00567	0.00496
7	0.13770	0.01233	0.03636	0.09570	0.03502	0.01437	0.03324	0.08498	0.01236	0.11984	0.01114	0.01381	0.00875	0.00765	0.01058	0.00206	0.31872	0.00489	0.03330	0.00719
8	0.04976	0.00723	0.00856	0.00740	0.00996	0.00678	0.00584	0.01878	0.01353	0.30652	0.02033	0.05705	0.01523	0.00731	0.00481	0.00156	0.00361	0.00592	0.44282	0.00702
9	0.02139	0.02665	0.01626	0.01465	0.01769	0.73446	0.01104	0.06238	0.01679	0.01521	0.00911	0.01050	0.00750	0.00595	0.00519	0.00149	0.01009	0.00376	0.00310	0.00680
10	0.01661	0.00818	0.01096	0.00973	0.01277	0.00731	0.00814	0.01899	0.01473	0.35509	0.08154	0.03819	0.05994	0.01063	0.00652	0.00201	0.00470	0.25841	0.00602	0.06952
11	0.02011	0.02530	0.01759	0.06378	0.01996	0.67091	0.06631	0.02198	0.01571	0.01436	0.00913	0.01101	0.00748	0.00580	0.00531	0.00153	0.01010	0.00400	0.00292	0.00670
12	0.00854	0.00620	0.00766	0.00752	0.00872	0.00591	0.00543	0.04989	0.01440	0.01972	0.40142	0.20085	0.10575	0.10638	0.00948	0.00238	0.00343	0.02553	0.00561	0.00519
13	0.01509	0.31793	0.02344	0.01339	0.01667	0.03579	0.08019	0.10280	0.06852	0.01747	0.01001	0.01226	0.00856	0.00692	0.00900	0.00180	0.24505	0.00452	0.00316	0.00744
14	0.07082	0.00754	0.01150	0.01058	0.01222	0.00742	0.12257	0.01068	0.01156	0.01633	0.04606	0.47031	0.10657	0.01402	0.00734	0.00218	0.03655	0.02570	0.00470	0.00536
15	0.19683	0.18412	0.20513	0.03069	0.04419	0.01467	0.04523	0.03396	0.02600	0.08427	0.01122	0.03352	0.00890	0.00594	0.00522	0.00169	0.03208	0.00442	0.00336	0.02855
16	0.01400	0.01118	0.07084	0.27637	0.06238	0.01046	0.01187	0.01835	0.07997	0.17296	0.05748	0.09157	0.01542	0.00750	0.00580	0.00181	0.00583	0.00650	0.00433	0.07541
17	0.00706	0.00543	0.00646	0.00700	0.00811	0.00483	0.00495	0.00849	0.01256	0.01620	0.15258	0.39220	0.32232	0.01563	0.00701	0.00209	0.00306	0.01373	0.00546	0.00483
18	0.00748	0.00571	0.00740	0.00814	0.00881	0.00563	0.00580	0.00877	0.01166	0.01551	0.09795	0.54510	0.13903	0.01630	0.00792	0.00225	0.05255	0.04392	0.00522	0.00486
19	0.04715	0.01352	0.04898	0.03186	0.05991	0.03067	0.15509	0.15987	0.08206	0.11415	0.01567	0.06562	0.01270	0.00711	0.00618	0.00179	0.02619	0.02876	0.00448	0.08823
20	0.07343	0.11127	0.06704	0.01194	0.03627	0.01479	0.01009	0.36047	0.01887	0.05074	0.01535	0.08736	0.03263	0.02572	0.00592	0.00176	0.00574	0.00590	0.00466	0.06004

[dist]
# distance from previous block
# <min> <max>
1	20

[block]
# block no. 5 follows, 41 sequences, length 15
# corresponding to MSA columns:
# 407-421
name=unknown_F
#
# <colnr> <probs for GDERKNQSTAVLIFYWHMCP>
#	G	D	E	R	K	N	Q	S	T	A	V	L	I	F	Y	W	H	M	C	P
0	0.01425	0.01375	0.09820	0.08574	0.11042	0.04300	0.01127	0.06226	0.08546	0.08633	0.03015	0.03525	0.01152	0.00596	0.00524	0.00148	0.00574	0.00497	0.00394	0.28508
1	0.00757	0.00579	0.00702	0.00701	0.00844	0.00513	0.00512	0.00948	0.01381	0.01851	0.34369	0.22689	0.26019	0.01374	0.00678	0.00193	0.00297	0.01201	0.00565	0.03827
2	0.05368	0.05279	0.26540	0.03954	0.05654	0.01295	0.16458	0.06276	0.03816	0.10572	0.07983	0.01671	0.01307	0.00618	0.00574	0.00180	0.00711	0.00556	0.00379	0.00808
3	0.01456	0.01154	0.01472	0.26821	0.02280	0.01320	0.01136	0.26864	0.10673	0.02302	0.01582	0.06601	0.01353	0.04007	0.00754	0.03387	0.00620	0.05037	0.00441	0.00742
4	0.01018	0.00634	0.00830	0.00758	0.00933	0.00583	0.00579	0.01270	0.01561	0.11404	0.57946	0.03960	0.09614	0.01302	0.04852	0.00221	0.00367	0.00967	0.00615	0.00588
5	0.01848	0.01330	0.01440	0.01167	0.01538	0.01461	0.00941	0.47866	0.13520	0.05900	0.01751	0.08302	0.01394	0.00794	0.00572	0.00177	0.00539	0.00635	0.07947	0.00879
6	0.00708	0.00579	0.00617	0.00608	0.00782	0.00497	0.00451	0.00871	0.01344	0.01670	0.19074	0.05196	0.59482	0.04660	0.00769	0.00206	0.00297	0.01158	0.00542	0.00488
7	0.01083	0.01072	0.02101	0.01611	0.01927	0.01014	0.39871	0.01360	0.01158	0.01562	0.01713	0.16889	0.01754	0.22704	0.01304	0.00300	0.00731	0.00898	0.00351	0.00596
8	0.00977	0.00799	0.01027	0.00941	0.00945	0.00977	0.00676	0.01029	0.00851	0.01211	0.01426	0.02817	0.01592	0.49424	0.05610	0.00464	0.27766	0.00708	0.00312	0.00450
9	0.01171	0.00957	0.01105	0.00808	0.01270	0.00734	0.00643	0.01427	0.01188	0.01897	0.01122	0.01303	0.00924	0.00454	0.00421	0.00091	0.00404	0.00363	0.10582	0.73136
10	0.01529	0.80242	0.02997	0.00979	0.01468	0.02263	0.00979	0.01713	0.01162	0.01346	0.00795	0.00918	0.00734	0.00489	0.00367	0.00122	0.00612	0.00306	0.00245	0.00734
11	0.01186	0.01017	0.01186	0.00847	0.01356	0.00762	0.00678	0.01440	0.01186	0.01864	0.01017	0.01186	0.00847	0.00424	0.00424	0.00085	0.00424	0.00339	0.00339	0.83395
12	0.01169	0.01004	0.01467	0.01272	0.01302	0.01304	0.04227	0.01199	0.00868	0.01304	0.00884	0.01447	0.00857	0.01273	0.01883	0.26136	0.48194	0.00508	0.03190	0.00511
13	0.00915	0.00707	0.01045	0.00962	0.01077	0.00691	0.09659	0.01053	0.01047	0.01381	0.02201	0.04282	0.04845	0.45661	0.01970	0.00417	0.00588	0.20651	0.00396	0.00454
14	0.11632	0.01328	0.02138	0.03169	0.67017	0.01350	0.01615	0.01746	0.01262	0.01955	0.01041	0.01355	0.00871	0.00512	0.00540	0.00171	0.00650	0.00485	0.00292	0.00871

[dist]
# distance from previous block
# <min> <max>
0	1

[block]
# block no. 6 follows, 41 sequences, length 22
# corresponding to MSA columns:
# 423-444
name=unknown_G
#
# <colnr> <probs for GDERKNQSTAVLIFYWHMCP>
#	G	D	E	R	K	N	Q	S	T	A	V	L	I	F	Y	W	H	M	C	P
0	0.05607	0.01250	0.01898	0.39065	0.25986	0.04744	0.03924	0.05347	0.01305	0.03947	0.01076	0.01443	0.00832	0.00558	0.00560	0.00180	0.00724	0.00500	0.00301	0.00751
1	0.01315	0.01363	0.01827	0.01547	0.01596	0.06724	0.05002	0.01460	0.00949	0.01402	0.00781	0.01252	0.00756	0.00947	0.01726	0.00241	0.69723	0.00501	0.00255	0.00636
2	0.01316	0.01096	0.01553	0.06176	0.21706	0.03330	0.03163	0.08272	0.01403	0.07081	0.08919	0.09670	0.09802	0.01047	0.04027	0.00222	0.09327	0.00751	0.00419	0.00720
3	0.01389	0.01332	0.02274	0.09394	0.70652	0.01352	0.01742	0.01732	0.01290	0.01837	0.01071	0.01424	0.00895	0.00515	0.00567	0.00172	0.00686	0.00510	0.00281	0.00885
4	0.01102	0.01039	0.01755	0.73591	0.08699	0.01277	0.01599	0.01481	0.01154	0.01488	0.01021	0.01518	0.00772	0.00568	0.00571	0.00189	0.00757	0.00508	0.00256	0.00653
5	0.01080	0.01017	0.01716	0.78523	0.03940	0.01271	0.01589	0.01461	0.01144	0.01461	0.01017	0.01525	0.00762	0.00572	0.00572	0.00191	0.00762	0.00508	0.00254	0.00635
6	0.00773	0.00556	0.00731	0.00745	0.00846	0.00515	0.00537	0.00987	0.01447	0.02020	0.52104	0.28977	0.04867	0.01374	0.00693	0.00197	0.00290	0.01229	0.00597	0.00515
7	0.00792	0.00566	0.00727	0.00719	0.00838	0.00523	0.00527	0.01024	0.01489	0.02094	0.55907	0.18295	0.08486	0.01279	0.00674	0.00188	0.00282	0.01133	0.03933	0.00523
8	0.01489	0.01493	0.01660	0.04063	0.06690	0.14752	0.10197	0.02498	0.41481	0.02055	0.04114	0.03936	0.01539	0.00722	0.00588	0.00185	0.00635	0.00626	0.00464	0.00814
9	0.03129	0.08691	0.09492	0.00963	0.01471	0.00989	0.00880	0.01538	0.01203	0.04205	0.02569	0.01417	0.01005	0.00517	0.00477	0.00114	0.01890	0.02754	0.00342	0.56353
10	0.01506	0.09737	0.42554	0.07508	0.02296	0.01328	0.05700	0.03423	0.01325	0.17386	0.01274	0.01381	0.00885	0.00574	0.00543	0.00176	0.00744	0.00466	0.00349	0.00843
11	0.00770	0.00531	0.00653	0.00709	0.00734	0.00513	0.00444	0.00835	0.01012	0.01360	0.08230	0.37789	0.03104	0.38676	0.01757	0.00381	0.00432	0.01204	0.00452	0.00415
12	0.01063	0.00644	0.00862	0.02883	0.01025	0.00595	0.00611	0.01309	0.01551	0.13122	0.55044	0.12222	0.04507	0.01155	0.00663	0.00186	0.00322	0.01018	0.00620	0.00598
13	0.01546	0.05625	0.14760	0.12426	0.05926	0.03056	0.15676	0.07682	0.07654	0.14097	0.01589	0.01713	0.04369	0.00630	0.00581	0.00181	0.00708	0.00567	0.00400	0.00814
14	0.01434	0.08854	0.14384	0.01162	0.01572	0.03672	0.04317	0.02212	0.26262	0.10407	0.05617	0.04293	0.01583	0.00720	0.00543	0.00174	0.00544	0.00597	0.10857	0.00793
15	0.00725	0.00541	0.00680	0.00775	0.00863	0.00497	0.00559	0.00862	0.01191	0.01540	0.06102	0.49825	0.21116	0.01662	0.00723	0.00225	0.00345	0.10753	0.00534	0.00479
16	0.08957	0.01128	0.04608	0.01102	0.01542	0.00992	0.05690	0.08547	0.01602	0.48738	0.03962	0.01814	0.01349	0.00674	0.00552	0.00174	0.00523	0.00554	0.04744	0.02749
17	0.04429	0.10021	0.08444	0.16563	0.16202	0.04856	0.11008	0.08858	0.03511	0.05426	0.01228	0.01611	0.00981	0.00604	0.00560	0.00177	0.00720	0.03675	0.00341	0.00785
18	0.01313	0.00991	0.01401	0.07327	0.05353	0.01140	0.03578	0.07345	0.01240	0.10610	0.05970	0.11815	0.01731	0.12577	0.03365	0.00280	0.22168	0.00743	0.00408	0.00647
19	0.00806	0.00578	0.00766	0.00868	0.00946	0.00558	0.00641	0.03318	0.01235	0.01646	0.08055	0.54669	0.03686	0.01663	0.00735	0.00234	0.00383	0.18173	0.00538	0.00501
20	0.01520	0.02642	0.09245	0.06182	0.08846	0.01158	0.09241	0.07880	0.05240	0.14270	0.05238	0.01655	0.01242	0.00619	0.00603	0.00163	0.03838	0.00530	0.03754	0.16135
21	0.08025	0.08182	0.09302	0.04727	0.06452	0.05636	0.01068	0.09276	0.07440	0.09484	0.01239	0.01340	0.00942	0.00566	0.00517	0.00149	0.02043	0.00432	0.00391	0.22790

[dist]
# distance from previous block
# <min> <max>
0	4

[block]
# block no. 7 follows, 41 sequences, length 27
# corresponding to MSA columns:
# 449-475
name=unknown_H
#
# <colnr> <probs for GDERKNQSTAVLIFYWHMCP>
#	G	D	E	R	K	N	Q	S	T	A	V	L	I	F	Y	W	H	M	C	P
0	0.45445	0.10048	0.05618	0.03129	0.03246	0.08993	0.00906	0.09729	0.02643	0.04292	0.00960	0.01079	0.00740	0.00560	0.00427	0.00168	0.00578	0.00367	0.00363	0.00709
1	0.21993	0.03489	0.03746	0.01098	0.04524	0.01205	0.00868	0.02380	0.25596	0.20305	0.01722	0.01658	0.01243	0.00654	0.00503	0.00175	0.00477	0.00506	0.03727	0.04129
2	0.01353	0.07104	0.04737	0.01206	0.06022	0.01147	0.03980	0.07710	0.12307	0.05395	0.07090	0.01855	0.03989	0.03322	0.00646	0.00161	0.03094	0.00539	0.00420	0.27923
3	0.00870	0.00595	0.00720	0.00705	0.00865	0.00527	0.00522	0.01059	0.01409	0.07359	0.31670	0.18489	0.30388	0.01352	0.00678	0.00194	0.00305	0.01173	0.00582	0.00537
4	0.00841	0.00598	0.00795	0.00788	0.00836	0.00658	0.00547	0.00932	0.00871	0.01214	0.01622	0.02914	0.01706	0.39946	0.37816	0.03450	0.03007	0.00710	0.00322	0.00427
5	0.00749	0.00552	0.00708	0.00782	0.00876	0.00511	0.00572	0.00914	0.01270	0.01685	0.18914	0.41596	0.15606	0.01576	0.00718	0.00219	0.00339	0.11369	0.00551	0.00492
6	0.01520	0.01374	0.02829	0.02045	0.02568	0.01275	0.56127	0.01942	0.01420	0.14810	0.06870	0.01814	0.01297	0.00572	0.00658	0.00189	0.00831	0.00684	0.00387	0.00789
7	0.06440	0.01445	0.01521	0.01232	0.01637	0.01624	0.00998	0.45548	0.27867	0.03125	0.01674	0.01613	0.01222	0.00709	0.00564	0.00180	0.00558	0.00549	0.00564	0.00930
8	0.01529	0.80242	0.02997	0.00979	0.01468	0.02263	0.00979	0.01713	0.01162	0.01346	0.00795	0.00918	0.00734	0.00489	0.00367	0.00122	0.00612	0.00306	0.00245	0.00734
9	0.00795	0.00575	0.00725	0.00697	0.00830	0.00524	0.00516	0.00998	0.01480	0.02032	0.55176	0.06277	0.18442	0.01300	0.00793	0.06419	0.00292	0.01042	0.00580	0.00505
10	0.01086	0.01303	0.14498	0.03006	0.14513	0.01012	0.10315	0.01402	0.01209	0.03014	0.03861	0.20776	0.07333	0.01065	0.03293	0.00217	0.04958	0.00846	0.00374	0.05919
11	0.01300	0.22372	0.48589	0.01404	0.02093	0.04184	0.01670	0.03550	0.02863	0.01729	0.01047	0.02904	0.00827	0.00565	0.00501	0.00164	0.00757	0.00423	0.00268	0.02790
12	0.00987	0.00599	0.00795	0.00788	0.00921	0.00548	0.00574	0.01182	0.01410	0.11402	0.37262	0.34341	0.04241	0.01362	0.00684	0.00201	0.00322	0.01215	0.00600	0.00564
13	0.01233	0.00700	0.00976	0.00886	0.01047	0.00651	0.04643	0.01371	0.01203	0.18986	0.08568	0.22556	0.02625	0.27064	0.01406	0.00320	0.00480	0.04210	0.00506	0.00571
14	0.07629	0.23937	0.27105	0.08968	0.02000	0.01491	0.01354	0.01879	0.04206	0.11154	0.04359	0.01398	0.01051	0.00587	0.00494	0.00165	0.00656	0.00444	0.00341	0.00781
15	0.01378	0.19885	0.12434	0.01191	0.01561	0.04592	0.03927	0.07971	0.01263	0.06857	0.01234	0.01578	0.01043	0.03571	0.23162	0.00394	0.06435	0.00492	0.00330	0.00704
16	0.00903	0.00652	0.00896	0.01018	0.01154	0.00645	0.00885	0.01158	0.01316	0.01699	0.03236	0.06381	0.08750	0.01570	0.00781	0.00258	0.00509	0.67137	0.00527	0.00523
17	0.01008	0.00880	0.01330	0.43671	0.02615	0.01023	0.01151	0.01458	0.08591	0.01768	0.20575	0.08125	0.03800	0.00853	0.00613	0.00191	0.00565	0.00753	0.00409	0.00622
18	0.03481	0.21923	0.31666	0.01238	0.01791	0.01411	0.02619	0.01819	0.06795	0.07911	0.04884	0.07596	0.03131	0.00707	0.00525	0.00171	0.00639	0.00564	0.00357	0.00772
19	0.01181	0.01054	0.07710	0.11405	0.07270	0.00913	0.04376	0.01604	0.08344	0.10906	0.17152	0.03133	0.20734	0.00933	0.00621	0.00186	0.00496	0.00808	0.00485	0.00689
20	0.00971	0.00637	0.00713	0.00687	0.00752	0.00646	0.00428	0.01152	0.07930	0.04764	0.02043	0.03510	0.05098	0.61937	0.02377	0.00469	0.00518	0.00805	0.04120	0.00442
21	0.01354	0.04464	0.13337	0.33938	0.04392	0.04427	0.03952	0.03095	0.01283	0.11487	0.03540	0.07402	0.01214	0.00702	0.00613	0.00187	0.02945	0.00595	0.00353	0.00719
22	0.09698	0.10803	0.24722	0.01425	0.05915	0.11309	0.02627	0.01885	0.03150	0.09729	0.01265	0.05150	0.01047	0.00683	0.00619	0.00179	0.06262	0.02427	0.00344	0.00761
23	0.01459	0.09392	0.05780	0.01170	0.01504	0.03997	0.05627	0.17589	0.10473	0.02217	0.05527	0.01766	0.01353	0.04023	0.00763	0.00185	0.08783	0.00545	0.13381	0.04467
24	0.21371	0.08587	0.03967	0.03974	0.03547	0.03877	0.04093	0.06296	0.06976	0.11624	0.01323	0.04839	0.01055	0.00616	0.00483	0.00159	0.00542	0.00481	0.00411	0.15779
25	0.07026	0.09550	0.08060	0.13808	0.04327	0.01129	0.02358	0.01520	0.08207	0.03462	0.01818	0.21895	0.01820	0.04043	0.00715	0.00210	0.03119	0.03925	0.02363	0.00646
26	0.05556	0.00723	0.04004	0.00833	0.00971	0.00672	0.00639	0.01129	0.01058	0.07079	0.08501	0.15829	0.03637	0.17098	0.23048	0.06706	0.00760	0.00841	0.00411	0.00509

[dist]
# distance from previous block
# <min> <max>
1	40

[block]
# block no. 8 follows, 41 sequences, length 6
# corresponding to MSA columns:
# 522-527
name=unknown_I
#
# <colnr> <probs for GDERKNQSTAVLIFYWHMCP>
#	G	D	E	R	K	N	Q	S	T	A	V	L	I	F	Y	W	H	M	C	P
0	0.03074	0.08735	0.08035	0.01052	0.04137	0.05136	0.00858	0.06113	0.06492	0.05554	0.06169	0.06200	0.11874	0.15090	0.00996	0.00245	0.00540	0.05204	0.00430	0.04065
1	0.21447	0.16963	0.13801	0.01153	0.01608	0.01513	0.03289	0.05629	0.12469	0.10293	0.01263	0.01326	0.00950	0.00616	0.00559	0.00174	0.05334	0.00440	0.00391	0.00783
2	0.13278	0.07340	0.17817	0.01102	0.01628	0.01206	0.01083	0.11094	0.01454	0.16857	0.03895	0.01416	0.01067	0.00585	0.00493	0.00154	0.00565	0.00444	0.00425	0.18096
3	0.03573	0.00751	0.01076	0.00993	0.01126	0.00808	0.04650	0.05823	0.01121	0.04446	0.04920	0.14090	0.01856	0.04391	0.21715	0.17954	0.05481	0.04326	0.00384	0.00518
4	0.03859	0.05269	0.07667	0.00996	0.01231	0.03019	0.00849	0.01408	0.03118	0.09052	0.02112	0.24487	0.04242	0.02822	0.04630	0.02723	0.07307	0.06324	0.03624	0.05261
5	0.01393	0.06283	0.27658	0.04304	0.04061	0.01265	0.01341	0.07819	0.14171	0.07625	0.01513	0.03659	0.01189	0.00666	0.00543	0.00172	0.00624	0.03169	0.02990	0.09557

[dist]
# distance from previous block
# <min> <max>
0	4

[block]
# block no. 9 follows, 41 sequences, length 15
# corresponding to MSA columns:
# 532-546
name=unknown_J
#
# <colnr> <probs for GDERKNQSTAVLIFYWHMCP>
#	G	D	E	R	K	N	Q	S	T	A	V	L	I	F	Y	W	H	M	C	P
0	0.11256	0.02119	0.01454	0.01296	0.01599	0.49174	0.00995	0.10291	0.01589	0.04052	0.01046	0.01226	0.00851	0.01023	0.09380	0.00243	0.00960	0.00413	0.00347	0.00685
1	0.01270	0.00836	0.01024	0.00813	0.01143	0.00685	0.00618	0.01412	0.01168	0.12532	0.04164	0.03691	0.05106	0.09936	0.01013	0.11779	0.00444	0.00548	0.00405	0.41414
2	0.00882	0.00923	0.09533	0.00933	0.01102	0.03309	0.00783	0.01114	0.03119	0.01561	0.06058	0.34271	0.06607	0.12816	0.01019	0.00271	0.00481	0.14225	0.00468	0.00525
3	0.54347	0.01208	0.05948	0.02515	0.03333	0.03226	0.02653	0.01660	0.01118	0.06564	0.03025	0.01644	0.09476	0.00661	0.00445	0.00179	0.00492	0.00471	0.00386	0.00650
4	0.01186	0.00688	0.00875	0.00792	0.00999	0.00629	0.00614	0.01397	0.01477	0.18993	0.32506	0.09459	0.21479	0.01183	0.00696	0.00191	0.02749	0.02864	0.00602	0.00622
5	0.01402	0.01135	0.01479	0.09818	0.01825	0.01018	0.05846	0.12146	0.01435	0.06046	0.01144	0.01316	0.00887	0.00498	0.00487	0.00122	0.00532	0.00419	0.00379	0.52065
6	0.01508	0.01271	0.01341	0.01181	0.01520	0.01462	0.00926	0.11115	0.67083	0.02530	0.02220	0.02048	0.01659	0.00766	0.00581	0.00191	0.00473	0.00632	0.00581	0.00913
7	0.01275	0.27622	0.44560	0.01332	0.02025	0.01565	0.01586	0.01738	0.01191	0.01667	0.00951	0.01112	0.00741	0.00512	0.00473	0.00151	0.00722	0.00376	0.00254	0.10148
8	0.01080	0.01017	0.01716	0.78523	0.03940	0.01271	0.01589	0.01461	0.01144	0.01461	0.01017	0.01525	0.00762	0.00572	0.00572	0.00191	0.00762	0.00508	0.00254	0.00635
9	0.01191	0.11853	0.68426	0.01555	0.02360	0.01436	0.01983	0.01800	0.01202	0.01758	0.01000	0.01174	0.00726	0.00537	0.00523	0.00174	0.00818	0.00409	0.00242	0.00833
10	0.01161	0.01248	0.10099	0.22421	0.21644	0.01137	0.01355	0.04903	0.05549	0.01872	0.11277	0.07435	0.05932	0.00780	0.00598	0.00185	0.00606	0.00692	0.00377	0.00728
11	0.01533	0.00893	0.01165	0.00987	0.01237	0.00883	0.04065	0.14517	0.01508	0.21724	0.06673	0.15455	0.02085	0.15638	0.06647	0.00308	0.00577	0.00824	0.02591	0.00692
12	0.00959	0.00739	0.00828	0.00776	0.00936	0.04153	0.00585	0.01353	0.08681	0.02244	0.56940	0.03672	0.04379	0.01047	0.00627	0.00174	0.00322	0.00909	0.10097	0.00580
13	0.00951	0.01018	0.09895	0.03341	0.09827	0.00831	0.05474	0.01263	0.03688	0.01698	0.12264	0.24830	0.03959	0.05414	0.09003	0.00298	0.00625	0.04584	0.00429	0.00609
14	0.04912	0.11071	0.19266	0.04883	0.07402	0.13062	0.01291	0.05992	0.01446	0.20639	0.01369	0.03905	0.01025	0.00632	0.00530	0.00169	0.00697	0.00489	0.00403	0.00817

[dist]
# distance from previous block
# <min> <max>
2	9

[block]
# block no. 10 follows, 41 sequences, length 10
# corresponding to MSA columns:
# 556-565
name=unknown_K
#
# <colnr> <probs for GDERKNQSTAVLIFYWHMCP>
#	G	D	E	R	K	N	Q	S	T	A	V	L	I	F	Y	W	H	M	C	P
0	0.56976	0.06554	0.01089	0.00964	0.05112	0.05902	0.00721	0.01597	0.01061	0.02216	0.01155	0.12243	0.01104	0.00712	0.00430	0.00179	0.00487	0.00513	0.00365	0.00623
1	0.05936	0.25219	0.08575	0.05816	0.03593	0.01418	0.01016	0.01684	0.04212	0.05341	0.04740	0.01377	0.01085	0.00579	0.00540	0.00144	0.05333	0.00423	0.02735	0.20236
2	0.00893	0.00614	0.00728	0.00681	0.00867	0.00539	0.00517	0.01103	0.01480	0.07998	0.38734	0.04633	0.36592	0.01256	0.00667	0.00186	0.00296	0.01074	0.00592	0.00550
3	0.00856	0.00582	0.00819	0.00819	0.00888	0.00645	0.00598	0.00962	0.00892	0.01279	0.01527	0.02464	0.01499	0.18561	0.48909	0.12119	0.01137	0.00636	0.04365	0.00444
4	0.01080	0.01017	0.01716	0.78523	0.03940	0.01271	0.01589	0.01461	0.01144	0.01461	0.01017	0.01525	0.00762	0.00572	0.00572	0.00191	0.00762	0.00508	0.00254	0.00635
5	0.01631	0.00912	0.01117	0.00991	0.03349	0.00900	0.00756	0.05532	0.16738	0.27477	0.18477	0.02667	0.06424	0.00852	0.00585	0.00177	0.00410	0.00716	0.09500	0.00788
6	0.04334	0.00916	0.01184	0.01318	0.12852	0.00934	0.00864	0.05533	0.14738	0.09170	0.14529	0.19076	0.06968	0.01069	0.00631	0.00196	0.00438	0.04010	0.00530	0.00710
7	0.00818	0.00555	0.00659	0.00683	0.00699	0.00556	0.00419	0.00855	0.00897	0.01198	0.02035	0.13737	0.02341	0.62011	0.05816	0.00512	0.00567	0.04884	0.00379	0.00379
8	0.01112	0.00969	0.02949	0.17374	0.07043	0.01010	0.00976	0.05943	0.09981	0.01950	0.16110	0.04160	0.09548	0.03172	0.02264	0.00206	0.03982	0.00720	0.05303	0.05229
9	0.01169	0.00932	0.01311	0.22927	0.08310	0.00974	0.01018	0.05520	0.06462	0.05741	0.17489	0.09343	0.05684	0.00855	0.00597	0.00177	0.00510	0.00748	0.00447	0.09787

[dist]
# distance from previous block
# <min> <max>
0	149

# created by:
# /home/berkeley/.conda/envs/busco_data_prod/bin/msa2prfl.pl pipeline/OGs_align_augustus/33634/23904.fs
