[name]
unknown

[dist]
# distance from previous block
# <min> <max>
0	334

[block]
# block no. 0 follows, 44 sequences, length 34
# corresponding to MSA columns:
# 347-380
name=unknown_A
#
# <colnr> <probs for GDERKNQSTAVLIFYWHMCP>
#	G	D	E	R	K	N	Q	S	T	A	V	L	I	F	Y	W	H	M	C	P
0	0.03782	0.16137	0.03206	0.00992	0.01344	0.01301	0.00842	0.24353	0.03367	0.17342	0.03406	0.02043	0.03054	0.12034	0.00834	0.00213	0.00535	0.03999	0.00469	0.00747
1	0.12008	0.03676	0.21909	0.04220	0.01847	0.08661	0.04730	0.17784	0.02937	0.12187	0.02497	0.01315	0.00922	0.00580	0.00506	0.00164	0.00657	0.00447	0.00392	0.02559
2	0.07822	0.01400	0.05067	0.01092	0.01521	0.11565	0.02668	0.16213	0.01552	0.20491	0.01287	0.01313	0.00925	0.00565	0.00514	0.00143	0.02256	0.00427	0.00439	0.22741
3	0.06817	0.00574	0.00694	0.00772	0.00861	0.00560	0.00535	0.00959	0.05106	0.01532	0.02777	0.65925	0.04743	0.01513	0.00650	0.00210	0.00333	0.01354	0.00490	0.03596
4	0.01064	0.01192	0.10173	0.03829	0.29893	0.04596	0.01159	0.01355	0.01283	0.01746	0.17236	0.10215	0.12288	0.00864	0.00586	0.00173	0.00522	0.00766	0.00387	0.00673
5	0.01254	0.01248	0.04535	0.10590	0.59181	0.01206	0.01543	0.01580	0.01230	0.01743	0.03897	0.01586	0.03814	0.00545	0.00542	0.00162	0.00624	0.00519	0.00288	0.03912
6	0.01356	0.01171	0.01233	0.01109	0.01418	0.01356	0.00863	0.02897	0.76455	0.02281	0.02219	0.02034	0.01664	0.00740	0.00555	0.00185	0.00431	0.00616	0.00555	0.00863
7	0.01868	0.00971	0.01224	0.00932	0.01364	0.00827	0.00764	0.07139	0.01458	0.41410	0.01693	0.01746	0.01202	0.00611	0.00504	0.00140	0.00453	0.03757	0.00529	0.31409
8	0.00678	0.00487	0.00655	0.00763	0.00805	0.00463	0.00519	0.00789	0.01059	0.01426	0.06892	0.70916	0.03533	0.01842	0.06119	0.00264	0.00393	0.01452	0.00496	0.00450
9	0.01003	0.01119	0.09476	0.01037	0.01211	0.09806	0.00883	0.01209	0.00969	0.01304	0.01288	0.01969	0.01218	0.12061	0.43986	0.00606	0.09490	0.00551	0.00283	0.00532
10	0.03705	0.54120	0.09888	0.01178	0.01670	0.05352	0.09484	0.04463	0.02953	0.01515	0.00876	0.01017	0.00741	0.00489	0.00417	0.00135	0.00653	0.00360	0.00262	0.00720
11	0.00789	0.00558	0.00760	0.00901	0.04933	0.00542	0.00594	0.00881	0.01024	0.01368	0.04150	0.39666	0.02870	0.17980	0.01238	0.06812	0.00421	0.13636	0.00437	0.00438
12	0.01193	0.01193	0.01670	0.01431	0.01431	0.01670	0.01193	0.01312	0.00835	0.01312	0.00716	0.01193	0.00716	0.00954	0.01789	0.00239	0.79843	0.00477	0.00239	0.00596
13	0.01065	0.00967	0.01509	0.01869	0.30457	0.03004	0.06715	0.01363	0.02748	0.01874	0.29111	0.12481	0.02786	0.00877	0.00604	0.00175	0.00488	0.00815	0.00427	0.00666
14	0.01544	0.16762	0.33905	0.01349	0.01950	0.01485	0.05619	0.18853	0.01521	0.10293	0.01148	0.01231	0.00826	0.00554	0.00504	0.00160	0.00686	0.00432	0.00354	0.00823
15	0.00758	0.00635	0.02322	0.04445	0.01137	0.00587	0.06055	0.00924	0.01097	0.01460	0.04137	0.55443	0.06548	0.01578	0.03291	0.00238	0.00440	0.07948	0.00467	0.00487
16	0.73032	0.01088	0.00999	0.01085	0.11741	0.01233	0.00742	0.01612	0.00972	0.02353	0.00796	0.00950	0.00629	0.00503	0.00366	0.00168	0.00453	0.00322	0.00328	0.00629
17	0.84691	0.01054	0.00801	0.00717	0.01054	0.01223	0.00590	0.01603	0.00928	0.02446	0.00759	0.00886	0.00590	0.00506	0.00337	0.00169	0.00422	0.00295	0.00337	0.00590
18	0.01393	0.11388	0.02270	0.02955	0.64699	0.01421	0.01553	0.04734	0.01279	0.01787	0.01003	0.01288	0.00845	0.00490	0.00516	0.00156	0.00638	0.00461	0.00277	0.00845
19	0.00846	0.00604	0.00841	0.00966	0.01077	0.00599	0.00821	0.01073	0.01223	0.01595	0.02905	0.17564	0.03209	0.01537	0.00744	0.00246	0.00473	0.62680	0.00503	0.00493
20	0.00772	0.00557	0.00729	0.00686	0.00814	0.00514	0.00514	0.01029	0.01543	0.02186	0.77152	0.04072	0.05144	0.01115	0.00643	0.00171	0.00257	0.00986	0.00600	0.00514
21	0.01253	0.21665	0.11868	0.00960	0.01481	0.01209	0.00920	0.05001	0.01195	0.01723	0.00933	0.01076	0.00770	0.00447	0.00412	0.00106	0.00512	0.00334	0.00298	0.47837
22	0.00793	0.00529	0.00595	0.00595	0.00595	0.00529	0.00330	0.00793	0.00793	0.01057	0.01718	0.03568	0.01982	0.80840	0.02775	0.00529	0.00529	0.00793	0.00330	0.00330
23	0.02446	0.00928	0.01265	0.00970	0.01392	0.00801	0.00801	0.02657	0.01560	0.77817	0.02151	0.01856	0.01350	0.00675	0.00548	0.00169	0.00464	0.00548	0.00675	0.00928
24	0.84691	0.01054	0.00801	0.00717	0.01054	0.01223	0.00590	0.01603	0.00928	0.02446	0.00759	0.00886	0.00590	0.00506	0.00337	0.00169	0.00422	0.00295	0.00337	0.00590
25	0.00779	0.00584	0.00876	0.00876	0.00974	0.00681	0.00681	0.00974	0.00876	0.01266	0.01460	0.02142	0.01363	0.04089	0.78680	0.00876	0.01460	0.00584	0.00292	0.00487
26	0.01580	0.01788	0.28748	0.01305	0.01817	0.04088	0.04805	0.20727	0.01562	0.14887	0.01344	0.03760	0.01004	0.00868	0.04580	0.04730	0.00708	0.00506	0.00402	0.00790
27	0.00755	0.00539	0.00737	0.00863	0.00934	0.00521	0.00664	0.00916	0.01133	0.01493	0.02955	0.49029	0.03408	0.01623	0.00720	0.00234	0.00395	0.32110	0.00504	0.00468
28	0.01130	0.00969	0.01130	0.00807	0.01292	0.00727	0.00646	0.01373	0.01130	0.01776	0.00969	0.01130	0.00807	0.00404	0.00404	0.00081	0.00404	0.00323	0.00323	0.84173
29	0.00760	0.00553	0.00715	0.00683	0.00809	0.00508	0.00509	0.01003	0.01502	0.02110	0.69766	0.08245	0.08473	0.01159	0.00646	0.00175	0.00261	0.01024	0.00591	0.00508
30	0.01006	0.01021	0.02052	0.01604	0.01921	0.00957	0.41665	0.01301	0.01177	0.01586	0.01960	0.37096	0.02080	0.01022	0.00667	0.00201	0.00647	0.01052	0.00380	0.00603
31	0.00779	0.00582	0.00864	0.00864	0.00958	0.00675	0.00667	0.00966	0.00873	0.01257	0.01471	0.02201	0.01389	0.07271	0.75532	0.00862	0.01422	0.00593	0.00294	0.00480
32	0.01386	0.03724	0.21082	0.01719	0.18737	0.06813	0.03861	0.06722	0.06106	0.05284	0.01130	0.01281	0.00868	0.00516	0.00502	0.00147	0.00642	0.00432	0.00326	0.18722
33	0.27770	0.04865	0.01298	0.01175	0.09644	0.03675	0.00855	0.03443	0.03057	0.33251	0.01503	0.01610	0.01087	0.00626	0.00480	0.00169	0.00497	0.03742	0.00478	0.00774

[dist]
# distance from previous block
# <min> <max>
0	7

[block]
# block no. 1 follows, 44 sequences, length 11
# corresponding to MSA columns:
# 388-398
name=unknown_B
#
# <colnr> <probs for GDERKNQSTAVLIFYWHMCP>
#	G	D	E	R	K	N	Q	S	T	A	V	L	I	F	Y	W	H	M	C	P
0	0.84691	0.01054	0.00801	0.00717	0.01054	0.01223	0.00590	0.01603	0.00928	0.02446	0.00759	0.00886	0.00590	0.00506	0.00337	0.00169	0.00422	0.00295	0.00337	0.00590
1	0.00729	0.00550	0.00673	0.00654	0.00791	0.00495	0.00486	0.00942	0.01426	0.01934	0.52218	0.09505	0.25146	0.01228	0.00647	0.00178	0.00266	0.01070	0.00568	0.00495
2	0.00868	0.00664	0.00935	0.01152	0.10510	0.00651	0.00755	0.04445	0.01218	0.01642	0.07932	0.46027	0.03150	0.01422	0.00677	0.00214	0.00405	0.16315	0.00484	0.00535
3	0.01712	0.01303	0.02027	0.02365	0.39354	0.06608	0.11645	0.02008	0.01363	0.24109	0.01354	0.01489	0.00990	0.00543	0.00553	0.00165	0.00655	0.00517	0.00391	0.00848
4	0.01446	0.02354	0.50488	0.01446	0.02118	0.01419	0.01662	0.28359	0.01660	0.02343	0.01097	0.01208	0.00776	0.00567	0.00528	0.00169	0.00732	0.00435	0.00344	0.00849
5	0.01201	0.01150	0.01552	0.01340	0.01383	0.01566	0.01107	0.01492	0.09533	0.01465	0.00950	0.01338	0.00864	0.00911	0.01565	0.00226	0.66071	0.00495	0.05168	0.00622
6	0.01095	0.00927	0.00977	0.00965	0.01084	0.10687	0.00717	0.01337	0.07162	0.06882	0.07287	0.42030	0.02671	0.01278	0.00775	0.00204	0.09779	0.03115	0.00468	0.00559
7	0.01210	0.01196	0.01729	0.01443	0.01523	0.04896	0.10184	0.01326	0.00906	0.01319	0.00799	0.01278	0.00759	0.00998	0.01636	0.11099	0.56397	0.00491	0.00245	0.00568
8	0.01190	0.00884	0.00931	0.00858	0.01087	0.00985	0.00661	0.02167	0.43479	0.02183	0.07328	0.02177	0.01811	0.00728	0.00497	0.00163	0.00354	0.00603	0.31207	0.00708
9	0.01030	0.00969	0.01635	0.79530	0.03755	0.01211	0.01514	0.01393	0.01090	0.01393	0.00969	0.01453	0.00727	0.00545	0.00545	0.00182	0.00727	0.00484	0.00242	0.00606
10	0.01701	0.05363	0.16935	0.01234	0.01685	0.11208	0.02968	0.08400	0.19834	0.20255	0.01624	0.01672	0.01185	0.00652	0.00535	0.00170	0.00621	0.02678	0.00459	0.00821

[dist]
# distance from previous block
# <min> <max>
0	2

[block]
# block no. 2 follows, 44 sequences, length 26
# corresponding to MSA columns:
# 401-426
name=unknown_C
#
# <colnr> <probs for GDERKNQSTAVLIFYWHMCP>
#	G	D	E	R	K	N	Q	S	T	A	V	L	I	F	Y	W	H	M	C	P
0	0.01199	0.01094	0.05058	0.07008	0.42179	0.01047	0.01280	0.01494	0.01184	0.03360	0.01402	0.06787	0.01264	0.02693	0.00622	0.00177	0.02627	0.04340	0.14464	0.00721
1	0.02354	0.00982	0.01282	0.00987	0.01400	0.00894	0.00814	0.11001	0.01662	0.66684	0.02041	0.01799	0.01303	0.00671	0.00542	0.00167	0.00472	0.00540	0.03491	0.00913
2	0.14641	0.01438	0.01499	0.01165	0.01585	0.01594	0.00962	0.62297	0.02286	0.05400	0.01249	0.01260	0.00888	0.00632	0.00514	0.00165	0.00569	0.00463	0.00517	0.00876
3	0.00675	0.00492	0.00636	0.00729	0.00788	0.00453	0.00498	0.00795	0.01125	0.01497	0.12351	0.63604	0.11140	0.01603	0.00684	0.00212	0.00305	0.01441	0.00518	0.00453
4	0.00793	0.00529	0.00595	0.00595	0.00595	0.00529	0.00330	0.00793	0.00793	0.01057	0.01718	0.03568	0.01982	0.80840	0.02775	0.00529	0.00529	0.00793	0.00330	0.00330
5	0.01458	0.81168	0.02857	0.00933	0.01399	0.02157	0.00933	0.01632	0.01108	0.01283	0.00758	0.00875	0.00700	0.00466	0.00350	0.00117	0.00583	0.00292	0.00233	0.00700
6	0.00772	0.00557	0.00729	0.00686	0.00814	0.00514	0.00514	0.01029	0.01543	0.02186	0.77152	0.04072	0.05144	0.01115	0.00643	0.00171	0.00257	0.00986	0.00600	0.00514
7	0.05175	0.01509	0.01605	0.01234	0.01667	0.01673	0.01019	0.72842	0.02502	0.03399	0.01288	0.01293	0.00914	0.00649	0.00538	0.00164	0.00593	0.00483	0.00538	0.00914
8	0.01193	0.01193	0.01670	0.01431	0.01431	0.01670	0.01193	0.01312	0.00835	0.01312	0.00716	0.01193	0.00716	0.00954	0.01789	0.00239	0.79843	0.00477	0.00239	0.00596
9	0.00879	0.00628	0.00879	0.01004	0.01130	0.00628	0.00879	0.01130	0.01255	0.01632	0.02887	0.06150	0.03138	0.01506	0.00753	0.00251	0.00502	0.73770	0.00502	0.00502
10	0.84691	0.01054	0.00801	0.00717	0.01054	0.01223	0.00590	0.01603	0.00928	0.02446	0.00759	0.00886	0.00590	0.00506	0.00337	0.00169	0.00422	0.00295	0.00337	0.00590
11	0.01287	0.01471	0.03217	0.02298	0.02849	0.01379	0.75460	0.01746	0.01287	0.01746	0.01103	0.01471	0.00827	0.00460	0.00643	0.00184	0.00919	0.00643	0.00276	0.00735
12	0.00663	0.00514	0.00605	0.00665	0.00769	0.00455	0.00467	0.00788	0.01165	0.01484	0.09399	0.42538	0.35491	0.01524	0.00670	0.00202	0.00295	0.01337	0.00513	0.00455
13	0.01110	0.01096	0.03725	0.53250	0.24611	0.01212	0.01536	0.01461	0.01140	0.01515	0.01134	0.01540	0.03260	0.00555	0.00546	0.00176	0.00692	0.00504	0.00258	0.00679
14	0.00831	0.00517	0.00674	0.00680	0.00759	0.00484	0.00488	0.00792	0.00992	0.01273	0.09205	0.03338	0.25619	0.01635	0.01428	0.43992	0.00394	0.06173	0.00374	0.00351
15	0.01302	0.01125	0.01346	0.06784	0.01565	0.01367	0.00975	0.02319	0.47311	0.04431	0.01741	0.01797	0.01352	0.00939	0.04706	0.00231	0.18922	0.00571	0.00450	0.00766
16	0.84691	0.01054	0.00801	0.00717	0.01054	0.01223	0.00590	0.01603	0.00928	0.02446	0.00759	0.00886	0.00590	0.00506	0.00337	0.00169	0.00422	0.00295	0.00337	0.00590
17	0.01680	0.06108	0.01854	0.03957	0.39318	0.03734	0.01271	0.01980	0.03285	0.24022	0.01354	0.01464	0.01003	0.00556	0.00549	0.00159	0.02222	0.00484	0.00395	0.04605
18	0.01458	0.81168	0.02857	0.00933	0.01399	0.02157	0.00933	0.01632	0.01108	0.01283	0.00758	0.00875	0.00700	0.00466	0.00350	0.00117	0.00583	0.00292	0.00233	0.00700
19	0.01199	0.00920	0.01483	0.62495	0.03171	0.01094	0.01320	0.01533	0.01152	0.10653	0.01189	0.01557	0.00866	0.00569	0.00530	0.00175	0.00650	0.00494	0.08315	0.00635
20	0.01280	0.03557	0.05211	0.00834	0.01078	0.00684	0.00689	0.01510	0.01415	0.23795	0.35224	0.15212	0.03334	0.02866	0.00656	0.00185	0.00374	0.00888	0.00567	0.00641
21	0.01524	0.12491	0.03826	0.22361	0.18164	0.01289	0.08146	0.01872	0.03819	0.19329	0.01281	0.01457	0.00937	0.00550	0.00526	0.00165	0.00638	0.00490	0.00361	0.00774
22	0.00793	0.00529	0.00595	0.00595	0.00595	0.00529	0.00330	0.00793	0.00793	0.01057	0.01718	0.03568	0.01982	0.80840	0.02775	0.00529	0.00529	0.00793	0.00330	0.00330
23	0.00664	0.00497	0.00617	0.00705	0.00778	0.00450	0.00484	0.00777	0.01115	0.01447	0.06965	0.58483	0.21834	0.01601	0.00681	0.00210	0.00304	0.01426	0.00510	0.00450
24	0.01093	0.02820	0.78016	0.01554	0.02360	0.01266	0.02014	0.01727	0.01151	0.01727	0.00978	0.01151	0.00691	0.00518	0.00518	0.00173	0.00806	0.00403	0.00230	0.00806
25	0.01635	0.01381	0.01828	0.10355	0.23885	0.03122	0.04048	0.33694	0.07944	0.02470	0.01229	0.01391	0.00933	0.00600	0.00584	0.00169	0.02974	0.00501	0.00409	0.00845

[dist]
# distance from previous block
# <min> <max>
0	11

[block]
# block no. 3 follows, 44 sequences, length 35
# corresponding to MSA columns:
# 438-472
name=unknown_D
#
# <colnr> <probs for GDERKNQSTAVLIFYWHMCP>
#	G	D	E	R	K	N	Q	S	T	A	V	L	I	F	Y	W	H	M	C	P
0	0.00878	0.00561	0.00662	0.00646	0.00797	0.00507	0.00480	0.01074	0.01318	0.07065	0.27592	0.14488	0.25114	0.01161	0.00598	0.00174	0.00285	0.00999	0.15086	0.00516
1	0.00766	0.00553	0.00724	0.00690	0.00813	0.00511	0.00514	0.01015	0.01517	0.02144	0.73219	0.08125	0.05062	0.01146	0.00646	0.00174	0.00260	0.01016	0.00595	0.00511
2	0.00783	0.00555	0.00718	0.00677	0.00806	0.00514	0.00508	0.01040	0.01524	0.02179	0.73525	0.03974	0.04964	0.01091	0.00630	0.00169	0.00257	0.00963	0.04607	0.00514
3	0.70781	0.01091	0.00915	0.00787	0.01140	0.01238	0.00649	0.08840	0.01132	0.07965	0.00912	0.00996	0.00678	0.00533	0.00373	0.00168	0.00442	0.00332	0.00382	0.00647
4	0.01442	0.77268	0.02773	0.00927	0.01394	0.02088	0.00919	0.01620	0.01109	0.01307	0.00768	0.00887	0.00705	0.00463	0.00352	0.00115	0.00574	0.00293	0.00238	0.04759
5	0.00684	0.00534	0.00620	0.00640	0.00771	0.00470	0.00464	0.00843	0.01274	0.01645	0.24217	0.23869	0.39240	0.01391	0.00657	0.00190	0.00281	0.01207	0.00532	0.00470
6	0.09344	0.01248	0.08270	0.01627	0.14410	0.01056	0.14375	0.02107	0.01353	0.36270	0.01570	0.03508	0.01106	0.00602	0.00546	0.00172	0.00598	0.00544	0.00463	0.00830
7	0.34252	0.05076	0.01258	0.00951	0.01340	0.03998	0.00789	0.19003	0.01523	0.24949	0.01302	0.01274	0.00903	0.00590	0.00454	0.00164	0.00503	0.00417	0.00478	0.00775
8	0.00712	0.00510	0.00667	0.00776	0.00821	0.00485	0.00524	0.03316	0.01096	0.01462	0.02947	0.77781	0.03514	0.01672	0.00691	0.00219	0.00326	0.01514	0.00507	0.00459
9	0.18681	0.02658	0.07122	0.01787	0.25614	0.01263	0.02567	0.07460	0.10506	0.13737	0.01298	0.01389	0.00966	0.00573	0.00522	0.00169	0.02016	0.00466	0.00397	0.00808
10	0.02829	0.07147	0.11833	0.01052	0.01478	0.01173	0.00962	0.14517	0.11388	0.07850	0.08189	0.03125	0.02644	0.00657	0.00549	0.00150	0.03273	0.00517	0.00428	0.20239
11	0.73278	0.01129	0.00945	0.00916	0.05147	0.03995	0.00694	0.01613	0.00962	0.02316	0.00774	0.00929	0.00615	0.00529	0.00424	0.00171	0.04316	0.00316	0.00327	0.00607
12	0.01158	0.02352	0.57780	0.01453	0.02095	0.01251	0.03120	0.04563	0.03647	0.03376	0.01121	0.01450	0.00874	0.05340	0.00755	0.00200	0.06564	0.01862	0.00275	0.00764
13	0.41422	0.01028	0.01070	0.00869	0.01252	0.01061	0.00717	0.07026	0.01327	0.37113	0.01435	0.01359	0.00961	0.00593	0.00448	0.00168	0.00453	0.00424	0.00506	0.00768
14	0.01128	0.00984	0.01594	0.16621	0.39831	0.01023	0.01261	0.01411	0.01166	0.01682	0.01452	0.14525	0.01369	0.00720	0.00543	0.00170	0.00550	0.00664	0.12610	0.00694
15	0.00664	0.00474	0.00633	0.00759	0.00791	0.00443	0.00506	0.00759	0.01044	0.01392	0.03005	0.80485	0.03606	0.01708	0.00696	0.00221	0.00316	0.01550	0.00506	0.00443
16	0.01928	0.01455	0.01555	0.01225	0.01636	0.01623	0.01001	0.60984	0.17436	0.03203	0.01492	0.01455	0.01075	0.00672	0.00547	0.00168	0.00566	0.00516	0.00547	0.00914
17	0.00664	0.00474	0.00633	0.00759	0.00791	0.00443	0.00506	0.00759	0.01044	0.01392	0.03005	0.80485	0.03606	0.01708	0.00696	0.00221	0.00316	0.01550	0.00506	0.00443
18	0.00670	0.00538	0.00599	0.00623	0.00767	0.00467	0.00457	0.00817	0.01239	0.01548	0.13814	0.20906	0.50995	0.01419	0.00658	0.00192	0.00288	0.03019	0.00518	0.00464
19	0.01300	0.01112	0.01185	0.01069	0.01360	0.01276	0.00830	0.02719	0.69299	0.02272	0.09376	0.02229	0.01997	0.00775	0.00563	0.00184	0.00415	0.00652	0.00559	0.00830
20	0.01931	0.04286	0.01578	0.01445	0.04872	0.64794	0.01059	0.03746	0.08437	0.01483	0.00985	0.01100	0.00802	0.00575	0.00497	0.00145	0.00900	0.00383	0.00310	0.00671
21	0.01450	0.30800	0.18704	0.01265	0.07321	0.01434	0.02954	0.01760	0.01212	0.12902	0.02744	0.01238	0.00923	0.00515	0.00452	0.00138	0.00594	0.00397	0.00323	0.12876
22	0.01381	0.07660	0.15169	0.06151	0.18031	0.07528	0.14025	0.06585	0.11781	0.01830	0.01166	0.01364	0.00905	0.00557	0.00583	0.00169	0.03523	0.00491	0.00317	0.00782
23	0.84691	0.01054	0.00801	0.00717	0.01054	0.01223	0.00590	0.01603	0.00928	0.02446	0.00759	0.00886	0.00590	0.00506	0.00337	0.00169	0.00422	0.00295	0.00337	0.00590
24	0.77022	0.01065	0.00841	0.00753	0.01088	0.01235	0.00615	0.01722	0.07879	0.02431	0.00893	0.00991	0.00689	0.00528	0.00357	0.00170	0.00423	0.00325	0.00357	0.00615
25	0.00644	0.00552	0.00552	0.00552	0.00736	0.00460	0.00414	0.00782	0.01243	0.01473	0.05523	0.05247	0.77218	0.01381	0.00644	0.00184	0.00276	0.01151	0.00506	0.00460
26	0.00662	0.00548	0.00582	0.00592	0.00757	0.00467	0.00442	0.00809	0.01251	0.01529	0.11168	0.11409	0.63320	0.01389	0.00651	0.00188	0.00284	0.02973	0.00514	0.00464
27	0.01458	0.81168	0.02857	0.00933	0.01399	0.02157	0.00933	0.01632	0.01108	0.01283	0.00758	0.00875	0.00700	0.00466	0.00350	0.00117	0.00583	0.00292	0.00233	0.00700
28	0.01458	0.81168	0.02857	0.00933	0.01399	0.02157	0.00933	0.01632	0.01108	0.01283	0.00758	0.00875	0.00700	0.00466	0.00350	0.00117	0.00583	0.00292	0.00233	0.00700
29	0.01321	0.00827	0.00886	0.00797	0.01030	0.00887	0.00620	0.05545	0.27370	0.09425	0.01944	0.01981	0.01463	0.00676	0.00465	0.00153	0.00352	0.00549	0.43018	0.00691
30	0.00755	0.00557	0.00705	0.00668	0.00804	0.00507	0.00501	0.00996	0.01503	0.02091	0.67630	0.04228	0.14725	0.01150	0.00643	0.00173	0.00260	0.01008	0.00588	0.00507
31	0.00737	0.00603	0.00659	0.00655	0.00822	0.00553	0.00486	0.01025	0.08427	0.01669	0.17872	0.13916	0.47992	0.01312	0.00642	0.00186	0.00292	0.01119	0.00528	0.00506
32	0.01718	0.01255	0.01366	0.01139	0.01502	0.01395	0.00911	0.26135	0.43669	0.11874	0.01919	0.01780	0.01390	0.00704	0.00551	0.00176	0.00489	0.00568	0.00566	0.00891
33	0.01736	0.01820	0.01627	0.21580	0.11318	0.38720	0.01222	0.05393	0.01441	0.08573	0.01040	0.01244	0.00798	0.00563	0.00519	0.00157	0.00811	0.00426	0.00318	0.00694
34	0.01691	0.00803	0.01101	0.00932	0.01208	0.00786	0.00747	0.05417	0.01303	0.40362	0.01814	0.02006	0.01357	0.04907	0.32423	0.00469	0.00878	0.00569	0.00501	0.00727

[dist]
# distance from previous block
# <min> <max>
1	3

[block]
# block no. 4 follows, 44 sequences, length 25
# corresponding to MSA columns:
# 477-501
name=unknown_E
#
# <colnr> <probs for GDERKNQSTAVLIFYWHMCP>
#	G	D	E	R	K	N	Q	S	T	A	V	L	I	F	Y	W	H	M	C	P
0	0.07504	0.68017	0.06854	0.00964	0.01439	0.02022	0.00972	0.04389	0.01151	0.01472	0.00791	0.00907	0.00700	0.00479	0.00366	0.00125	0.00584	0.00305	0.00252	0.00706
1	0.01053	0.00926	0.01275	0.01137	0.01196	0.01202	0.00913	0.05283	0.00942	0.01388	0.01117	0.01783	0.01089	0.10335	0.29133	0.00491	0.39357	0.00549	0.00284	0.00548
2	0.00741	0.00566	0.00679	0.00706	0.00823	0.00530	0.00510	0.00978	0.05641	0.01673	0.23430	0.29132	0.23761	0.04715	0.00749	0.00210	0.00312	0.03828	0.00527	0.00489
3	0.04272	0.00602	0.00864	0.00860	0.00964	0.00699	0.00666	0.00994	0.00876	0.01308	0.01440	0.02137	0.01352	0.06511	0.72876	0.00835	0.01386	0.00579	0.00295	0.00486
4	0.00829	0.00595	0.00811	0.00869	0.00993	0.00577	0.00722	0.01078	0.01364	0.01847	0.32658	0.07509	0.03956	0.01355	0.00707	0.00218	0.00398	0.42466	0.00541	0.00505
5	0.00764	0.00557	0.00718	0.00678	0.00810	0.00511	0.00509	0.01014	0.01526	0.02144	0.72960	0.04141	0.09362	0.01130	0.00643	0.00172	0.00258	0.00996	0.00595	0.00511
6	0.00758	0.00557	0.00710	0.00672	0.00806	0.00509	0.00504	0.01003	0.01512	0.02112	0.69701	0.04195	0.12642	0.01142	0.00643	0.00173	0.00259	0.01003	0.00590	0.00509
7	0.02037	0.02598	0.01545	0.01404	0.01685	0.78652	0.01053	0.02177	0.01545	0.01334	0.00843	0.00983	0.00702	0.00562	0.00492	0.00140	0.00983	0.00351	0.00281	0.00632
8	0.49299	0.01000	0.01001	0.00826	0.01200	0.01042	0.00681	0.02056	0.01200	0.34880	0.01358	0.01303	0.00917	0.00579	0.00428	0.00169	0.00440	0.00404	0.00483	0.00736
9	0.37838	0.00982	0.01066	0.00861	0.01247	0.00983	0.00711	0.02203	0.01288	0.45383	0.01552	0.01438	0.01023	0.00602	0.00458	0.00169	0.00446	0.00439	0.00530	0.00783
10	0.01585	0.01665	0.01166	0.01072	0.01312	0.38674	0.00810	0.02057	0.17373	0.01746	0.01417	0.01523	0.01116	0.00622	0.00472	0.00146	0.00646	0.00455	0.25498	0.00644
11	0.01312	0.01341	0.02523	0.05705	0.47218	0.01330	0.26993	0.01679	0.01241	0.01743	0.01042	0.01391	0.00842	0.00491	0.00607	0.00172	0.02756	0.00540	0.00270	0.00803
12	0.06101	0.30611	0.06502	0.01009	0.01266	0.01507	0.00908	0.01391	0.01006	0.03038	0.05021	0.01661	0.01184	0.15502	0.01190	0.00234	0.20500	0.00480	0.00287	0.00601
13	0.23338	0.00996	0.02957	0.01161	0.12751	0.02900	0.00785	0.06004	0.03692	0.03756	0.10907	0.04070	0.22929	0.00862	0.00529	0.00173	0.00431	0.00699	0.00431	0.00628
14	0.06100	0.76700	0.02742	0.00921	0.01380	0.02105	0.00914	0.01631	0.01098	0.01348	0.00758	0.00875	0.00694	0.00469	0.00349	0.00120	0.00574	0.00292	0.00239	0.00694
15	0.00812	0.00554	0.00768	0.00866	0.00945	0.00541	0.00682	0.00950	0.01137	0.01505	0.07793	0.29140	0.03142	0.01594	0.00906	0.11095	0.00422	0.36224	0.00476	0.00450
16	0.01788	0.10208	0.06390	0.03172	0.09680	0.00995	0.00954	0.02035	0.01398	0.40634	0.09206	0.06229	0.03442	0.00733	0.00542	0.00166	0.00493	0.00613	0.00520	0.00801
17	0.01177	0.01174	0.01684	0.01434	0.01457	0.01615	0.03584	0.01311	0.00851	0.01324	0.00762	0.01245	0.00749	0.01081	0.05249	0.00266	0.73712	0.00487	0.00242	0.00596
18	0.00823	0.00571	0.00735	0.00806	0.00869	0.00568	0.00610	0.00952	0.01038	0.01363	0.02395	0.11684	0.02683	0.35601	0.01616	0.00368	0.00497	0.35969	0.00429	0.00423
19	0.01377	0.01521	0.07164	0.06671	0.14648	0.09730	0.22250	0.01681	0.01175	0.05026	0.00988	0.01317	0.00798	0.00629	0.00905	0.00189	0.22431	0.00511	0.00278	0.00713
20	0.01502	0.01636	0.22458	0.12778	0.16337	0.02835	0.08748	0.05141	0.03768	0.17518	0.01292	0.01440	0.00920	0.00557	0.00546	0.00172	0.00688	0.00493	0.00361	0.00810
21	0.01003	0.01162	0.10404	0.04641	0.01756	0.01036	0.20561	0.01301	0.01171	0.01640	0.13253	0.20014	0.02165	0.00972	0.00830	0.00200	0.13728	0.03183	0.00373	0.00606
22	0.00758	0.00566	0.00821	0.00897	0.00979	0.00541	0.04020	0.00913	0.01111	0.01471	0.02855	0.53395	0.03306	0.03323	0.00756	0.00235	0.00403	0.22685	0.00491	0.00471
23	0.01676	0.08331	0.34092	0.01397	0.07201	0.02989	0.01397	0.02103	0.03204	0.30167	0.01430	0.01424	0.00975	0.00577	0.00517	0.00165	0.00643	0.00458	0.00409	0.00844
24	0.02916	0.13381	0.08939	0.05380	0.18210	0.02583	0.04366	0.13460	0.04202	0.13294	0.03911	0.03061	0.02688	0.00616	0.00521	0.00162	0.00600	0.00516	0.00396	0.00799

[dist]
# distance from previous block
# <min> <max>
3	4

[block]
# block no. 5 follows, 44 sequences, length 9
# corresponding to MSA columns:
# 510-518
name=unknown_F
#
# <colnr> <probs for GDERKNQSTAVLIFYWHMCP>
#	G	D	E	R	K	N	Q	S	T	A	V	L	I	F	Y	W	H	M	C	P
0	0.01432	0.75656	0.08145	0.00977	0.01467	0.02094	0.01009	0.01639	0.01111	0.01314	0.00773	0.00894	0.00699	0.00470	0.00362	0.00121	0.00599	0.00299	0.00233	0.00707
1	0.01327	0.00680	0.00907	0.00780	0.01006	0.00610	0.00610	0.01569	0.01549	0.27272	0.52275	0.03337	0.03885	0.00969	0.00612	0.00171	0.00326	0.00841	0.00625	0.00652
2	0.01524	0.01137	0.01702	0.03643	0.09806	0.02811	0.15536	0.04373	0.14326	0.17150	0.01555	0.01670	0.01150	0.00639	0.00664	0.00174	0.08360	0.00551	0.12465	0.00764
3	0.00759	0.00560	0.00687	0.00757	0.00872	0.00524	0.00591	0.00922	0.01166	0.01501	0.03608	0.20392	0.26647	0.08065	0.00860	0.00242	0.00385	0.27199	0.03798	0.00463
4	0.01256	0.10694	0.56544	0.01457	0.02126	0.07254	0.01737	0.05415	0.01230	0.01714	0.00948	0.01120	0.00706	0.00547	0.00569	0.00168	0.05093	0.00396	0.00251	0.00776
5	0.00947	0.00822	0.01343	0.22997	0.09465	0.00942	0.04871	0.01213	0.01011	0.01408	0.01375	0.01901	0.03411	0.02280	0.38178	0.00514	0.03352	0.00562	0.02836	0.00573
6	0.00746	0.00590	0.00794	0.00811	0.00938	0.00544	0.04622	0.00899	0.01145	0.01459	0.03606	0.29630	0.27674	0.08066	0.00860	0.00239	0.00391	0.16040	0.00478	0.00467
7	0.13299	0.14321	0.22910	0.01245	0.01732	0.01417	0.06587	0.04520	0.10435	0.06557	0.01136	0.01253	0.00864	0.00577	0.00582	0.00166	0.07199	0.00428	0.00333	0.04440
8	0.01390	0.62040	0.15112	0.01049	0.01559	0.01948	0.01106	0.01746	0.06975	0.01433	0.00908	0.01010	0.00773	0.00496	0.00393	0.00131	0.00608	0.00335	0.00258	0.00730

[dist]
# distance from previous block
# <min> <max>
1	3

[block]
# block no. 6 follows, 44 sequences, length 19
# corresponding to MSA columns:
# 522-540
name=unknown_G
#
# <colnr> <probs for GDERKNQSTAVLIFYWHMCP>
#	G	D	E	R	K	N	Q	S	T	A	V	L	I	F	Y	W	H	M	C	P
0	0.01986	0.01202	0.01857	0.01390	0.01841	0.01161	0.20960	0.15922	0.07068	0.38129	0.01718	0.01664	0.01153	0.00618	0.00574	0.00173	0.00609	0.00568	0.00535	0.00871
1	0.00664	0.00474	0.00633	0.00759	0.00791	0.00443	0.00506	0.00759	0.01044	0.01392	0.03005	0.80485	0.03606	0.01708	0.00696	0.00221	0.00316	0.01550	0.00506	0.00443
2	0.00762	0.00566	0.00705	0.00713	0.00823	0.00536	0.00512	0.01019	0.05556	0.01831	0.40284	0.26444	0.11411	0.05387	0.00763	0.00206	0.00300	0.01137	0.00547	0.00498
3	0.02446	0.00928	0.01265	0.00970	0.01392	0.00801	0.00801	0.02657	0.01560	0.77817	0.02151	0.01856	0.01350	0.00675	0.00548	0.00169	0.00464	0.00548	0.00675	0.00928
4	0.00670	0.00496	0.00626	0.00715	0.00783	0.00452	0.00490	0.00786	0.01122	0.01473	0.09692	0.60177	0.17330	0.01598	0.00682	0.00210	0.00304	0.01429	0.00514	0.00452
5	0.01287	0.01471	0.03217	0.02298	0.02849	0.01379	0.75460	0.01746	0.01287	0.01746	0.01103	0.01471	0.00827	0.00460	0.00643	0.00184	0.00919	0.00643	0.00276	0.00735
6	0.84691	0.01054	0.00801	0.00717	0.01054	0.01223	0.00590	0.01603	0.00928	0.02446	0.00759	0.00886	0.00590	0.00506	0.00337	0.00169	0.00422	0.00295	0.00337	0.00590
7	0.01235	0.08384	0.01348	0.00951	0.04821	0.00904	0.00732	0.01506	0.03058	0.05124	0.01036	0.01172	0.00846	0.00434	0.00415	0.00094	0.00435	0.00345	0.00334	0.66825
8	0.66969	0.01107	0.01028	0.01046	0.09342	0.01246	0.00745	0.06650	0.01096	0.05337	0.00878	0.01001	0.00672	0.00520	0.00381	0.00168	0.00460	0.00339	0.00357	0.00656
9	0.02446	0.00928	0.01265	0.00970	0.01392	0.00801	0.00801	0.02657	0.01560	0.77817	0.02151	0.01856	0.01350	0.00675	0.00548	0.00169	0.00464	0.00548	0.00675	0.00928
10	0.01995	0.00982	0.01332	0.03638	0.08137	0.00868	0.00884	0.02198	0.01538	0.47998	0.14505	0.02244	0.01967	0.00775	0.00597	0.00181	0.00487	0.00628	0.00613	0.08434
11	0.05232	0.17751	0.28694	0.01187	0.01722	0.07215	0.01258	0.04760	0.05163	0.15834	0.01441	0.01464	0.04799	0.00600	0.00489	0.00159	0.00640	0.00452	0.00365	0.00774
12	0.01366	0.00759	0.00932	0.00802	0.01062	0.00706	0.00631	0.03809	0.08534	0.26048	0.28070	0.03363	0.19692	0.00987	0.00602	0.00174	0.00353	0.00835	0.00597	0.00678
13	0.00804	0.00600	0.00763	0.00796	0.00917	0.00584	0.00608	0.01115	0.07600	0.01814	0.30499	0.25283	0.09118	0.01343	0.00672	0.00203	0.00339	0.15880	0.00544	0.00518
14	0.03560	0.07428	0.14501	0.05723	0.04972	0.04087	0.19453	0.11333	0.01445	0.16506	0.01342	0.04902	0.01018	0.00602	0.00551	0.00170	0.00690	0.00547	0.00386	0.00784
15	0.06623	0.01274	0.03936	0.06692	0.10064	0.05338	0.01021	0.12298	0.19170	0.18464	0.01551	0.01548	0.01120	0.00613	0.00519	0.00163	0.00545	0.00495	0.00468	0.08099
16	0.00704	0.00629	0.04787	0.00784	0.00872	0.00522	0.00582	0.00828	0.01054	0.01399	0.03066	0.61418	0.11868	0.05934	0.00820	0.00232	0.02188	0.01376	0.00475	0.00462
17	0.02902	0.00768	0.02256	0.02535	0.04784	0.03361	0.00744	0.01320	0.03946	0.11170	0.08212	0.34591	0.02810	0.01259	0.00640	0.00204	0.00425	0.14397	0.03098	0.00577
18	0.01205	0.01028	0.01128	0.00832	0.01278	0.04719	0.00655	0.01428	0.01149	0.04352	0.01044	0.01279	0.00884	0.04727	0.00540	0.00111	0.00442	0.00357	0.00333	0.72510

[dist]
# distance from previous block
# <min> <max>
0	1

[block]
# block no. 7 follows, 44 sequences, length 17
# corresponding to MSA columns:
# 542-558
name=unknown_H
#
# <colnr> <probs for GDERKNQSTAVLIFYWHMCP>
#	G	D	E	R	K	N	Q	S	T	A	V	L	I	F	Y	W	H	M	C	P
0	0.23812	0.16023	0.01581	0.01057	0.01438	0.14077	0.00881	0.22905	0.06908	0.04974	0.01082	0.01136	0.00827	0.00573	0.00447	0.00154	0.00595	0.00391	0.00396	0.00744
1	0.00779	0.00571	0.00690	0.00682	0.00781	0.00547	0.00476	0.01006	0.05240	0.01726	0.36592	0.14562	0.11642	0.20928	0.01173	0.00269	0.00344	0.01014	0.00508	0.00472
2	0.01611	0.40889	0.04030	0.01211	0.01616	0.26326	0.06248	0.01940	0.08677	0.01440	0.00958	0.01072	0.00804	0.00524	0.00440	0.00137	0.00724	0.00370	0.00283	0.00699
3	0.00704	0.00503	0.00660	0.00751	0.00804	0.00474	0.00521	0.00827	0.01114	0.01495	0.13007	0.56856	0.05401	0.07516	0.00847	0.00239	0.00338	0.06988	0.00505	0.00449
4	0.01617	0.01451	0.11334	0.01584	0.13886	0.03616	0.05876	0.13531	0.18000	0.15580	0.03581	0.01619	0.01219	0.00619	0.00545	0.00168	0.00588	0.00529	0.00453	0.04206
5	0.08963	0.25070	0.08774	0.09164	0.18592	0.03550	0.01194	0.03447	0.01238	0.10550	0.03909	0.01310	0.00976	0.00542	0.00467	0.00153	0.00602	0.00426	0.00325	0.00750
6	0.00846	0.00605	0.00808	0.00892	0.00997	0.00597	0.00716	0.03709	0.01251	0.01660	0.10472	0.26817	0.03345	0.05102	0.00810	0.00244	0.00429	0.39701	0.00507	0.00494
7	0.11931	0.07357	0.13114	0.01124	0.01549	0.21941	0.01017	0.02025	0.01335	0.22867	0.01301	0.04191	0.00982	0.00605	0.00484	0.00154	0.00650	0.00445	0.00398	0.06531
8	0.00793	0.00529	0.00595	0.00595	0.00595	0.00529	0.00330	0.00793	0.00793	0.01057	0.01718	0.03568	0.01982	0.80840	0.02775	0.00529	0.00529	0.00793	0.00330	0.00330
9	0.00879	0.00628	0.00879	0.01004	0.01130	0.00628	0.00879	0.01130	0.01255	0.01632	0.02887	0.06150	0.03138	0.01506	0.00753	0.00251	0.00502	0.73770	0.00502	0.00502
10	0.01352	0.01422	0.09012	0.04004	0.01691	0.04588	0.04864	0.06070	0.43117	0.02026	0.01642	0.01677	0.01258	0.00721	0.00759	0.00190	0.13831	0.00552	0.00433	0.00791
11	0.76596	0.01042	0.00847	0.00742	0.01088	0.01181	0.00611	0.01706	0.00990	0.09865	0.00896	0.00981	0.00665	0.00523	0.00358	0.00169	0.00426	0.00320	0.00371	0.00624
12	0.01063	0.00887	0.03553	0.12725	0.01601	0.00886	0.07512	0.01450	0.08852	0.07067	0.25868	0.05527	0.03988	0.09139	0.00895	0.00220	0.04705	0.03006	0.00452	0.00602
13	0.01115	0.25806	0.01446	0.00826	0.01049	0.05004	0.00678	0.01268	0.01080	0.02875	0.08809	0.02390	0.01721	0.20339	0.13236	0.00348	0.00670	0.04450	0.03696	0.03195
14	0.09553	0.01121	0.01158	0.01033	0.01335	0.01284	0.00809	0.06476	0.58254	0.02344	0.06015	0.01991	0.01695	0.00728	0.00531	0.00179	0.00423	0.00594	0.03670	0.00808
15	0.01374	0.01345	0.05429	0.08465	0.12082	0.05404	0.03294	0.09001	0.28130	0.02026	0.01438	0.01534	0.01108	0.00617	0.00595	0.00165	0.04886	0.00503	0.00399	0.12204
16	0.00689	0.00510	0.00643	0.00704	0.00787	0.00464	0.00492	0.00833	0.01208	0.01612	0.22663	0.47416	0.16985	0.01496	0.00673	0.00202	0.00294	0.01333	0.00530	0.00464

[dist]
# distance from previous block
# <min> <max>
1	7

[block]
# block no. 8 follows, 44 sequences, length 24
# corresponding to MSA columns:
# 566-589
name=unknown_I
#
# <colnr> <probs for GDERKNQSTAVLIFYWHMCP>
#	G	D	E	R	K	N	Q	S	T	A	V	L	I	F	Y	W	H	M	C	P
0	0.36523	0.01022	0.01106	0.00936	0.01229	0.05469	0.09778	0.01464	0.04163	0.02092	0.17454	0.02315	0.12923	0.00768	0.00501	0.00172	0.00460	0.00624	0.00415	0.00586
1	0.01120	0.08376	0.14866	0.01004	0.01322	0.06948	0.00931	0.03975	0.04157	0.04342	0.14526	0.12953	0.04832	0.04022	0.05283	0.00227	0.00579	0.05438	0.00412	0.04687
2	0.27675	0.39874	0.10224	0.01013	0.01479	0.01672	0.05336	0.01677	0.01083	0.04535	0.00853	0.00979	0.00696	0.00492	0.00389	0.00145	0.00572	0.00335	0.00284	0.00687
3	0.01003	0.00579	0.00679	0.00637	0.00789	0.00559	0.00484	0.01303	0.04091	0.06585	0.35782	0.02941	0.03093	0.00857	0.00515	0.00152	0.00274	0.00730	0.38398	0.00549
4	0.00888	0.00807	0.01181	0.40963	0.04625	0.00898	0.01030	0.01194	0.03528	0.01485	0.04838	0.03061	0.31611	0.00900	0.00588	0.00182	0.00522	0.00769	0.00368	0.00561
5	0.00694	0.00516	0.00646	0.00694	0.00787	0.00469	0.00490	0.00849	0.01242	0.01658	0.26871	0.41040	0.19137	0.01454	0.00669	0.00198	0.00289	0.01291	0.00536	0.00469
6	0.01356	0.01171	0.01233	0.01109	0.01418	0.01356	0.00863	0.02897	0.76455	0.02281	0.02219	0.02034	0.01664	0.00740	0.00555	0.00185	0.00431	0.00616	0.00555	0.00863
7	0.01030	0.00969	0.01635	0.79530	0.03755	0.01211	0.01514	0.01393	0.01090	0.01393	0.00969	0.01453	0.00727	0.00545	0.00545	0.00182	0.00727	0.00484	0.00242	0.00606
8	0.01016	0.00508	0.00508	0.00508	0.00635	0.00508	0.00381	0.01270	0.01143	0.02033	0.01778	0.02033	0.01397	0.00635	0.00381	0.00127	0.00254	0.00508	0.83867	0.00508
9	0.84691	0.01054	0.00801	0.00717	0.01054	0.01223	0.00590	0.01603	0.00928	0.02446	0.00759	0.00886	0.00590	0.00506	0.00337	0.00169	0.00422	0.00295	0.00337	0.00590
10	0.00779	0.00584	0.00876	0.00876	0.00974	0.00681	0.00681	0.00974	0.00876	0.01266	0.01460	0.02142	0.01363	0.04089	0.78680	0.00876	0.01460	0.00584	0.00292	0.00487
11	0.01356	0.01171	0.01233	0.01109	0.01418	0.01356	0.00863	0.02897	0.76455	0.02281	0.02219	0.02034	0.01664	0.00740	0.00555	0.00185	0.00431	0.00616	0.00555	0.00863
12	0.84691	0.01054	0.00801	0.00717	0.01054	0.01223	0.00590	0.01603	0.00928	0.02446	0.00759	0.00886	0.00590	0.00506	0.00337	0.00169	0.00422	0.00295	0.00337	0.00590
13	0.01093	0.02820	0.78016	0.01554	0.02360	0.01266	0.02014	0.01727	0.01151	0.01727	0.00978	0.01151	0.00691	0.00518	0.00518	0.00173	0.00806	0.00403	0.00230	0.00806
14	0.01458	0.81168	0.02857	0.00933	0.01399	0.02157	0.00933	0.01632	0.01108	0.01283	0.00758	0.00875	0.00700	0.00466	0.00350	0.00117	0.00583	0.00292	0.00233	0.00700
15	0.84691	0.01054	0.00801	0.00717	0.01054	0.01223	0.00590	0.01603	0.00928	0.02446	0.00759	0.00886	0.00590	0.00506	0.00337	0.00169	0.00422	0.00295	0.00337	0.00590
16	0.00792	0.00532	0.00612	0.00612	0.00617	0.00538	0.00352	0.00804	0.00798	0.01070	0.01702	0.03482	0.01945	0.76211	0.07354	0.00550	0.00585	0.00780	0.00328	0.00340
17	0.01093	0.02820	0.78016	0.01554	0.02360	0.01266	0.02014	0.01727	0.01151	0.01727	0.00978	0.01151	0.00691	0.00518	0.00518	0.00173	0.00806	0.00403	0.00230	0.00806
18	0.00681	0.00541	0.00612	0.00621	0.00766	0.00472	0.00455	0.00843	0.01288	0.01646	0.23815	0.17296	0.46307	0.01365	0.00652	0.00187	0.00278	0.01173	0.00531	0.00472
19	0.06052	0.01389	0.01525	0.01174	0.01603	0.01497	0.00970	0.58079	0.02293	0.17704	0.01445	0.01394	0.00993	0.00651	0.00536	0.00165	0.00565	0.00493	0.00560	0.00911
20	0.00778	0.00570	0.00738	0.00733	0.00867	0.00530	0.00574	0.01021	0.01454	0.02000	0.54791	0.04606	0.12700	0.01220	0.00665	0.00188	0.00307	0.15178	0.00571	0.00506
21	0.01270	0.00973	0.01218	0.02794	0.07500	0.00825	0.00773	0.03862	0.04779	0.09092	0.01342	0.08516	0.01162	0.00582	0.00470	0.00118	0.00436	0.00492	0.00385	0.53410
22	0.01775	0.04289	0.05500	0.01144	0.01498	0.05771	0.00969	0.34799	0.03660	0.14170	0.01372	0.01515	0.01034	0.02841	0.08295	0.05201	0.04429	0.00497	0.00460	0.00782
23	0.05700	0.09463	0.11983	0.01665	0.18064	0.05156	0.02865	0.19601	0.05122	0.10366	0.01216	0.01307	0.00906	0.00562	0.00506	0.00158	0.00623	0.00451	0.00390	0.03895

[dist]
# distance from previous block
# <min> <max>
0	1

[block]
# block no. 9 follows, 44 sequences, length 12
# corresponding to MSA columns:
# 591-602
name=unknown_J
#
# <colnr> <probs for GDERKNQSTAVLIFYWHMCP>
#	G	D	E	R	K	N	Q	S	T	A	V	L	I	F	Y	W	H	M	C	P
0	0.01510	0.22293	0.06991	0.04522	0.05358	0.08132	0.10542	0.09033	0.04557	0.06805	0.01061	0.01251	0.00846	0.00663	0.02069	0.00178	0.12684	0.00449	0.00321	0.00735
1	0.04851	0.00869	0.01119	0.00896	0.01235	0.00796	0.00726	0.07033	0.01587	0.49424	0.20172	0.02327	0.02214	0.00773	0.00558	0.00168	0.00415	0.00640	0.03396	0.00802
2	0.01054	0.01866	0.40507	0.05544	0.01840	0.04902	0.01389	0.01489	0.01266	0.03421	0.20883	0.05717	0.04056	0.00770	0.00599	0.00176	0.02848	0.00634	0.00359	0.00681
3	0.01914	0.07018	0.04636	0.01312	0.06996	0.04725	0.04763	0.13402	0.12766	0.32505	0.01710	0.01696	0.01207	0.00648	0.00539	0.00167	0.00562	0.02054	0.00517	0.00860
4	0.00725	0.00526	0.00613	0.00636	0.00706	0.00491	0.00418	0.00818	0.01069	0.01401	0.14266	0.21470	0.20571	0.32162	0.01480	0.00324	0.00380	0.01078	0.00452	0.00414
5	0.01946	0.00940	0.01186	0.00971	0.01325	0.00898	0.00789	0.05801	0.15216	0.47680	0.08604	0.02387	0.04510	0.00790	0.00571	0.00176	0.00442	0.04298	0.00626	0.00843
6	0.08688	0.08593	0.14889	0.35501	0.06162	0.01363	0.03556	0.10242	0.01283	0.03339	0.01003	0.01286	0.00751	0.00540	0.00507	0.00170	0.00682	0.00443	0.00294	0.00707
7	0.04983	0.01032	0.02932	0.03537	0.18525	0.00987	0.07270	0.07789	0.02855	0.19123	0.06369	0.18671	0.01824	0.00850	0.00582	0.00180	0.00521	0.00766	0.00463	0.00742
8	0.00677	0.00484	0.00624	0.00731	0.00767	0.00453	0.00482	0.00764	0.01027	0.01359	0.02993	0.68315	0.07161	0.10288	0.00919	0.00253	0.00337	0.01447	0.00487	0.00431
9	0.00690	0.00499	0.00657	0.00768	0.00823	0.00466	0.00539	0.00810	0.01100	0.01455	0.06292	0.64705	0.08390	0.01641	0.00696	0.00220	0.00330	0.08957	0.00510	0.00453
10	0.11459	0.04906	0.28320	0.08899	0.13149	0.01276	0.05852	0.05025	0.01240	0.10987	0.01105	0.01277	0.00806	0.00546	0.00543	0.00171	0.02901	0.00443	0.00320	0.00775
11	0.06039	0.45582	0.02352	0.01128	0.01517	0.04022	0.07625	0.09163	0.01251	0.01624	0.01098	0.01247	0.04822	0.00596	0.00583	0.00149	0.09806	0.00413	0.00291	0.00693

[dist]
# distance from previous block
# <min> <max>
0	2

[block]
# block no. 10 follows, 44 sequences, length 43
# corresponding to MSA columns:
# 605-647
name=unknown_K
#
# <colnr> <probs for GDERKNQSTAVLIFYWHMCP>
#	G	D	E	R	K	N	Q	S	T	A	V	L	I	F	Y	W	H	M	C	P
0	0.01354	0.05689	0.40944	0.01374	0.04127	0.01222	0.03284	0.09471	0.02774	0.08555	0.01132	0.01243	0.00821	0.00525	0.00500	0.00153	0.00665	0.00418	0.00327	0.15424
1	0.17540	0.09777	0.05083	0.32761	0.04495	0.05153	0.01166	0.07091	0.06429	0.01825	0.01139	0.01375	0.02894	0.00572	0.00483	0.00168	0.00624	0.00445	0.00313	0.00668
2	0.00772	0.00555	0.00711	0.00672	0.00804	0.00511	0.00504	0.01022	0.01511	0.02138	0.70261	0.04072	0.09331	0.01114	0.00634	0.00171	0.00258	0.00979	0.03468	0.00511
3	0.01167	0.06801	0.07744	0.05820	0.03446	0.15581	0.03682	0.01368	0.01199	0.04960	0.01979	0.37630	0.02141	0.01102	0.00598	0.00188	0.00571	0.03042	0.00398	0.00583
4	0.01026	0.01633	0.32690	0.01095	0.01625	0.00895	0.01180	0.01416	0.01180	0.01766	0.10272	0.09400	0.01556	0.00666	0.00508	0.00143	0.00543	0.00557	0.00336	0.31512
5	0.02007	0.00926	0.01153	0.00934	0.01289	0.00886	0.00755	0.04188	0.16222	0.49804	0.02088	0.01905	0.01409	0.00681	0.00524	0.00165	0.00429	0.00554	0.13228	0.00852
6	0.84691	0.01054	0.00801	0.00717	0.01054	0.01223	0.00590	0.01603	0.00928	0.02446	0.00759	0.00886	0.00590	0.00506	0.00337	0.00169	0.00422	0.00295	0.00337	0.00590
7	0.00664	0.00474	0.00633	0.00759	0.00791	0.00443	0.00506	0.00759	0.01044	0.01392	0.03005	0.80485	0.03606	0.01708	0.00696	0.00221	0.00316	0.01550	0.00506	0.00443
8	0.84691	0.01054	0.00801	0.00717	0.01054	0.01223	0.00590	0.01603	0.00928	0.02446	0.00759	0.00886	0.00590	0.00506	0.00337	0.00169	0.00422	0.00295	0.00337	0.00590
9	0.02446	0.00928	0.01265	0.00970	0.01392	0.00801	0.00801	0.02657	0.01560	0.77817	0.02151	0.01856	0.01350	0.00675	0.00548	0.00169	0.00464	0.00548	0.00675	0.00928
10	0.01030	0.00969	0.01635	0.79530	0.03755	0.01211	0.01514	0.01393	0.01090	0.01393	0.00969	0.01453	0.00727	0.00545	0.00545	0.00182	0.00727	0.00484	0.00242	0.00606
11	0.01458	0.81168	0.02857	0.00933	0.01399	0.02157	0.00933	0.01632	0.01108	0.01283	0.00758	0.00875	0.00700	0.00466	0.00350	0.00117	0.00583	0.00292	0.00233	0.00700
12	0.02069	0.01464	0.01588	0.01225	0.01655	0.01605	0.01010	0.66529	0.05895	0.09230	0.01417	0.01385	0.00994	0.00660	0.00546	0.00165	0.00581	0.00501	0.00556	0.00924
13	0.00664	0.00474	0.00633	0.00759	0.00791	0.00443	0.00506	0.00759	0.01044	0.01392	0.03005	0.80485	0.03606	0.01708	0.00696	0.00221	0.00316	0.01550	0.00506	0.00443
14	0.01030	0.00969	0.01635	0.79530	0.03755	0.01211	0.01514	0.01393	0.01090	0.01393	0.00969	0.01453	0.00727	0.00545	0.00545	0.00182	0.00727	0.00484	0.00242	0.00606
15	0.00664	0.00474	0.00633	0.00759	0.00791	0.00443	0.00506	0.00759	0.01044	0.01392	0.03005	0.80485	0.03606	0.01708	0.00696	0.00221	0.00316	0.01550	0.00506	0.00443
