[name]
unknown

[dist]
# distance from previous block
# <min> <max>
0	123

[block]
# block no. 0 follows, 44 sequences, length 27
# corresponding to MSA columns:
# 241-267
name=unknown_A
#
# <colnr> <probs for GDERKNQSTAVLIFYWHMCP>
#	G	D	E	R	K	N	Q	S	T	A	V	L	I	F	Y	W	H	M	C	P
0	0.05122	0.00587	0.00705	0.00757	0.00850	0.00577	0.00540	0.04749	0.01137	0.01578	0.05153	0.44212	0.10180	0.07395	0.00885	0.04495	0.00367	0.06993	0.03253	0.00468
1	0.01042	0.04677	0.00836	0.00733	0.00833	0.00639	0.00508	0.01121	0.01009	0.12210	0.02101	0.20215	0.02269	0.41943	0.01724	0.00368	0.00474	0.06399	0.00426	0.00472
2	0.01399	0.11105	0.15254	0.14228	0.04807	0.01160	0.01138	0.06109	0.03465	0.13985	0.01227	0.01454	0.00933	0.00800	0.00801	0.14166	0.02381	0.00460	0.04450	0.00676
3	0.01508	0.01237	0.01483	0.06053	0.07590	0.09973	0.01060	0.08734	0.03530	0.13658	0.01303	0.06217	0.01108	0.01097	0.07967	0.00255	0.25602	0.00555	0.00375	0.00695
4	0.00774	0.00506	0.00641	0.00727	0.00794	0.00474	0.00503	0.00896	0.01083	0.03833	0.02929	0.58203	0.07607	0.04566	0.00733	0.00219	0.00327	0.04313	0.10407	0.00465
5	0.00915	0.00501	0.00734	0.00740	0.00746	0.00516	0.00501	0.00745	0.00757	0.01018	0.01196	0.10086	0.01265	0.04271	0.04181	0.67668	0.03009	0.00601	0.00270	0.00280
6	0.06388	0.07921	0.10088	0.12676	0.06554	0.04487	0.01161	0.20714	0.03169	0.10143	0.01170	0.01296	0.00864	0.00577	0.00538	0.00159	0.03063	0.00440	0.00386	0.08206
7	0.03141	0.01167	0.01395	0.15648	0.07160	0.08509	0.02173	0.08669	0.10281	0.08709	0.04631	0.07692	0.07926	0.00811	0.00701	0.00183	0.09458	0.00647	0.00411	0.00689
8	0.02193	0.01097	0.01335	0.01042	0.01447	0.01082	0.00855	0.22430	0.08553	0.48000	0.01914	0.01730	0.01265	0.00674	0.00542	0.00167	0.00490	0.00537	0.03741	0.00906
9	0.07072	0.14869	0.06758	0.04875	0.05668	0.01449	0.08367	0.14677	0.11088	0.10479	0.01350	0.04350	0.01060	0.00640	0.00580	0.00169	0.04856	0.00515	0.00401	0.00777
10	0.00736	0.00543	0.00678	0.00709	0.00796	0.00521	0.00497	0.00916	0.03333	0.01577	0.22016	0.31242	0.13973	0.12199	0.07448	0.00298	0.00422	0.01141	0.00490	0.00464
11	0.01102	0.00976	0.01338	0.24850	0.06136	0.01147	0.01059	0.01762	0.23643	0.01855	0.19153	0.02205	0.02047	0.00779	0.00709	0.00185	0.09319	0.00640	0.00420	0.00674
12	0.00749	0.00554	0.00679	0.00665	0.00802	0.00503	0.00502	0.00968	0.01414	0.01934	0.48979	0.08161	0.22961	0.01212	0.00642	0.00179	0.00277	0.04633	0.03691	0.00496
13	0.01151	0.00607	0.00650	0.00613	0.00769	0.00613	0.00456	0.01489	0.07917	0.08706	0.01845	0.02180	0.01479	0.09167	0.00666	0.00179	0.00318	0.00552	0.60086	0.00559
14	0.11109	0.00925	0.01193	0.00931	0.01331	0.00834	0.00766	0.02474	0.01492	0.66514	0.05273	0.01849	0.01434	0.00676	0.00530	0.00169	0.00450	0.00540	0.00636	0.00874
15	0.01458	0.81168	0.02857	0.00933	0.01399	0.02157	0.00933	0.01632	0.01108	0.01283	0.00758	0.00875	0.00700	0.00466	0.00350	0.00117	0.00583	0.00292	0.00233	0.00700
16	0.84691	0.01054	0.00801	0.00717	0.01054	0.01223	0.00590	0.01603	0.00928	0.02446	0.00759	0.00886	0.00590	0.00506	0.00337	0.00169	0.00422	0.00295	0.00337	0.00590
17	0.61895	0.01019	0.00930	0.00787	0.01148	0.01106	0.00649	0.01895	0.01103	0.23337	0.01145	0.01154	0.00801	0.00553	0.00396	0.00169	0.00433	0.00365	0.00431	0.00684
18	0.05408	0.00907	0.01194	0.00949	0.01326	0.00813	0.00771	0.05162	0.01519	0.63999	0.02156	0.10149	0.01544	0.00777	0.00556	0.00174	0.00452	0.00643	0.00639	0.00863
19	0.10816	0.02434	0.01466	0.01331	0.01618	0.70428	0.01004	0.02116	0.01479	0.01452	0.00834	0.00973	0.00690	0.00556	0.00475	0.00143	0.00924	0.00345	0.00287	0.00628
20	0.01155	0.01002	0.01623	0.54389	0.13355	0.01182	0.01400	0.03743	0.01166	0.04853	0.01151	0.05469	0.00940	0.00623	0.00597	0.00181	0.03766	0.00542	0.02208	0.00654
21	0.00743	0.00503	0.00682	0.00779	0.00833	0.00482	0.00536	0.00853	0.01045	0.04245	0.02809	0.69214	0.03283	0.01922	0.08973	0.00289	0.00443	0.01410	0.00490	0.00466
22	0.09769	0.00737	0.00969	0.00917	0.01005	0.00896	0.00710	0.01072	0.00864	0.01369	0.01314	0.03452	0.01296	0.15063	0.42714	0.00616	0.15864	0.00583	0.00297	0.00493
23	0.01393	0.57785	0.08653	0.01029	0.01462	0.01847	0.03139	0.05295	0.01141	0.01407	0.00833	0.01028	0.00741	0.00644	0.00609	0.09053	0.02679	0.00345	0.00251	0.00669
24	0.03104	0.00913	0.02932	0.12880	0.01631	0.00932	0.00935	0.10196	0.03821	0.18045	0.03357	0.10340	0.01807	0.01326	0.09922	0.00277	0.02036	0.14405	0.00469	0.00673
25	0.03252	0.00825	0.00928	0.00844	0.01036	0.00857	0.00637	0.20683	0.03430	0.05133	0.02249	0.20361	0.08339	0.10332	0.00910	0.04548	0.00431	0.03568	0.11042	0.00593
26	0.21810	0.02985	0.10457	0.04755	0.09456	0.03141	0.06645	0.01640	0.04468	0.05401	0.09506	0.01611	0.01319	0.00602	0.00513	0.00161	0.02110	0.01720	0.00358	0.11341

[dist]
# distance from previous block
# <min> <max>
0	22

[block]
# block no. 1 follows, 44 sequences, length 19
# corresponding to MSA columns:
# 290-308
name=unknown_B
#
# <colnr> <probs for GDERKNQSTAVLIFYWHMCP>
#	G	D	E	R	K	N	Q	S	T	A	V	L	I	F	Y	W	H	M	C	P
0	0.04491	0.08003	0.01396	0.15933	0.03062	0.04164	0.04729	0.05211	0.07115	0.06396	0.07360	0.15450	0.04867	0.02899	0.00609	0.00180	0.00523	0.00723	0.00406	0.06483
1	0.00982	0.00656	0.00929	0.02864	0.02428	0.00669	0.03177	0.01123	0.01083	0.08639	0.15066	0.12920	0.02431	0.22758	0.14149	0.03457	0.03586	0.02167	0.00418	0.00500
2	0.01076	0.00776	0.01054	0.02494	0.11882	0.00735	0.01989	0.01394	0.07111	0.10820	0.21683	0.10886	0.21866	0.01033	0.00608	0.00177	0.00384	0.00902	0.00507	0.02623
3	0.01081	0.00913	0.01076	0.00794	0.01230	0.00697	0.00629	0.01320	0.01169	0.01806	0.08601	0.03797	0.01322	0.00513	0.00436	0.00094	0.00387	0.00426	0.00356	0.73354
4	0.01362	0.35371	0.02355	0.01361	0.03661	0.09523	0.14670	0.01578	0.01149	0.01412	0.01078	0.07116	0.01037	0.00680	0.00680	0.00164	0.12566	0.03299	0.00278	0.00662
5	0.07244	0.00695	0.00924	0.04844	0.01130	0.00748	0.00685	0.01288	0.01027	0.13669	0.01773	0.07998	0.03757	0.11966	0.33453	0.00515	0.03175	0.02175	0.02381	0.00552
6	0.00673	0.00553	0.00592	0.00583	0.00754	0.00473	0.00437	0.00838	0.01311	0.01635	0.21762	0.04980	0.60878	0.01320	0.00644	0.00181	0.00272	0.01113	0.00528	0.00473
7	0.01126	0.01044	0.01501	0.05997	0.37717	0.05359	0.01134	0.01396	0.01314	0.01797	0.19523	0.04271	0.10736	0.00778	0.00571	0.00167	0.00513	0.00698	0.03674	0.00685
8	0.84691	0.01054	0.00801	0.00717	0.01054	0.01223	0.00590	0.01603	0.00928	0.02446	0.00759	0.00886	0.00590	0.00506	0.00337	0.00169	0.00422	0.00295	0.00337	0.00590
9	0.01458	0.81168	0.02857	0.00933	0.01399	0.02157	0.00933	0.01632	0.01108	0.01283	0.00758	0.00875	0.00700	0.00466	0.00350	0.00117	0.00583	0.00292	0.00233	0.00700
10	0.00692	0.00489	0.00636	0.00743	0.00773	0.00463	0.00493	0.00778	0.01013	0.01349	0.02801	0.65759	0.03336	0.13989	0.01021	0.00270	0.00356	0.04134	0.00479	0.00428
11	0.01458	0.81168	0.02857	0.00933	0.01399	0.02157	0.00933	0.01632	0.01108	0.01283	0.00758	0.00875	0.00700	0.00466	0.00350	0.00117	0.00583	0.00292	0.00233	0.00700
12	0.02072	0.01527	0.01636	0.01254	0.01691	0.01691	0.01036	0.75622	0.02563	0.03436	0.01309	0.01309	0.00927	0.00654	0.00545	0.00164	0.00600	0.00491	0.00545	0.00927
13	0.00880	0.00553	0.00688	0.00726	0.00850	0.00492	0.00516	0.01002	0.01165	0.10924	0.03625	0.49008	0.24550	0.01485	0.00663	0.00204	0.00323	0.01310	0.00527	0.00508
14	0.01102	0.03068	0.07383	0.54869	0.05093	0.01233	0.01413	0.05092	0.03721	0.01612	0.06623	0.01610	0.01093	0.00607	0.00586	0.00179	0.03262	0.00515	0.00293	0.00647
15	0.04701	0.19520	0.11225	0.00969	0.01468	0.01209	0.00919	0.06713	0.01265	0.08491	0.02624	0.01202	0.00906	0.00492	0.00431	0.00119	0.00512	0.00370	0.00343	0.36521
16	0.07584	0.43851	0.12422	0.01135	0.01603	0.09361	0.05234	0.01775	0.04865	0.03548	0.00995	0.01216	0.00844	0.00539	0.00431	0.00143	0.00646	0.02817	0.00284	0.00708
17	0.00893	0.06555	0.00936	0.00740	0.00916	0.00717	0.00577	0.03863	0.05209	0.02142	0.62281	0.03683	0.07333	0.01042	0.00614	0.00168	0.00303	0.00905	0.00565	0.00558
18	0.07444	0.00915	0.01324	0.34470	0.06205	0.01012	0.01083	0.05942	0.01262	0.15016	0.03743	0.14722	0.01465	0.00780	0.00555	0.00182	0.00556	0.00675	0.01988	0.00662

[dist]
# distance from previous block
# <min> <max>
1	9

[block]
# block no. 2 follows, 44 sequences, length 26
# corresponding to MSA columns:
# 319-344
name=unknown_C
#
# <colnr> <probs for GDERKNQSTAVLIFYWHMCP>
#	G	D	E	R	K	N	Q	S	T	A	V	L	I	F	Y	W	H	M	C	P
0	0.75549	0.04300	0.00988	0.00802	0.01149	0.04280	0.02981	0.01631	0.00970	0.02335	0.00773	0.00907	0.00607	0.00505	0.00354	0.00166	0.00466	0.00308	0.00329	0.00601
1	0.01471	0.01012	0.01148	0.00982	0.01275	0.01083	0.00775	0.14561	0.30993	0.13402	0.21439	0.02414	0.02386	0.00809	0.00569	0.00173	0.00413	0.00677	0.03637	0.00780
2	0.08086	0.01327	0.12457	0.07420	0.06617	0.01149	0.14161	0.04710	0.10739	0.09149	0.05782	0.03879	0.04344	0.00717	0.00604	0.00183	0.02952	0.04599	0.00399	0.00727
3	0.00727	0.00572	0.00700	0.04952	0.00942	0.00526	0.00528	0.00930	0.01363	0.01799	0.38859	0.09377	0.34286	0.01231	0.00642	0.00180	0.00294	0.01063	0.00536	0.00493
4	0.00923	0.01005	0.11416	0.01083	0.06568	0.00779	0.03047	0.01259	0.06355	0.03996	0.14049	0.16784	0.24414	0.01112	0.00663	0.00188	0.03335	0.01973	0.00458	0.00596
5	0.05748	0.01213	0.05567	0.14978	0.31062	0.01193	0.12580	0.02722	0.01179	0.01699	0.01277	0.12331	0.01188	0.00687	0.00621	0.00181	0.04114	0.00642	0.00304	0.00715
6	0.01370	0.47048	0.02092	0.06477	0.01452	0.06922	0.00876	0.01559	0.01212	0.06565	0.08571	0.06951	0.05556	0.00689	0.00454	0.00142	0.00547	0.00526	0.00335	0.00655
7	0.05331	0.06961	0.14210	0.00973	0.01464	0.00992	0.00919	0.05757	0.01239	0.10866	0.01181	0.03093	0.00951	0.03693	0.00542	0.00139	0.00506	0.00416	0.00360	0.40408
8	0.03517	0.56777	0.02373	0.00964	0.01390	0.04190	0.00903	0.14471	0.01372	0.01745	0.00936	0.01044	0.00791	0.00516	0.00390	0.00128	0.00568	0.00345	0.06860	0.00720
9	0.01262	0.01427	0.03098	0.02221	0.02752	0.01337	0.71873	0.01712	0.01299	0.01767	0.04742	0.01595	0.01034	0.00491	0.00643	0.00183	0.00887	0.00660	0.00291	0.00725
10	0.01505	0.58865	0.10101	0.01067	0.01534	0.12293	0.01055	0.03967	0.01211	0.01399	0.00821	0.00954	0.00718	0.00558	0.01858	0.00141	0.00676	0.00322	0.00250	0.00704
11	0.01553	0.01347	0.06610	0.06094	0.04229	0.05359	0.01051	0.21710	0.19222	0.08678	0.01644	0.05588	0.01345	0.03132	0.00714	0.00193	0.06183	0.04102	0.00463	0.00782
12	0.01900	0.02328	0.01459	0.01326	0.01588	0.66442	0.01001	0.02121	0.05426	0.01433	0.00977	0.01120	0.00802	0.00590	0.00531	0.00145	0.03584	0.00380	0.06212	0.00634
13	0.01458	0.81168	0.02857	0.00933	0.01399	0.02157	0.00933	0.01632	0.01108	0.01283	0.00758	0.00875	0.00700	0.00466	0.00350	0.00117	0.00583	0.00292	0.00233	0.00700
14	0.00703	0.00499	0.00659	0.00773	0.00813	0.00474	0.00534	0.00808	0.01045	0.01388	0.02863	0.63731	0.03387	0.09529	0.00909	0.00255	0.00360	0.10343	0.00488	0.00439
15	0.01354	0.48042	0.25075	0.01121	0.01661	0.01771	0.01229	0.06573	0.01201	0.01547	0.00913	0.01134	0.00782	0.04894	0.00546	0.00159	0.00648	0.00366	0.00259	0.00726
16	0.01349	0.01295	0.02213	0.03346	0.77440	0.01295	0.01673	0.01673	0.01241	0.01781	0.01025	0.01349	0.00864	0.00486	0.00540	0.00162	0.00648	0.00486	0.00270	0.00864
17	0.01435	0.00679	0.00769	0.00671	0.00891	0.00660	0.00528	0.06667	0.01341	0.20515	0.01837	0.01940	0.01354	0.00646	0.00433	0.00140	0.00329	0.00517	0.58012	0.00638
18	0.00672	0.00480	0.00639	0.00754	0.00792	0.00448	0.00507	0.00777	0.01078	0.01446	0.08051	0.75284	0.03710	0.01668	0.00692	0.00218	0.00312	0.01511	0.00512	0.00448
19	0.01373	0.06335	0.08884	0.02664	0.01768	0.02847	0.20388	0.04954	0.04651	0.13124	0.06861	0.06132	0.01540	0.00852	0.00758	0.08245	0.01948	0.05596	0.00399	0.00681
20	0.01054	0.00935	0.06609	0.01079	0.01255	0.00892	0.06497	0.01252	0.01133	0.09117	0.11573	0.27082	0.04929	0.04203	0.02551	0.00231	0.17666	0.00934	0.00429	0.00579
21	0.00698	0.00531	0.00644	0.00673	0.00790	0.00477	0.00489	0.00864	0.01276	0.01680	0.27624	0.28806	0.28636	0.01403	0.00663	0.00194	0.00289	0.03254	0.00536	0.00473
22	0.04243	0.04048	0.08609	0.11225	0.14467	0.01115	0.05061	0.01452	0.01107	0.06483	0.04246	0.06351	0.01261	0.04939	0.04828	0.02131	0.11164	0.00575	0.03574	0.03121
23	0.04617	0.09502	0.23662	0.06889	0.02077	0.03920	0.12296	0.16185	0.03602	0.07135	0.01171	0.01315	0.00856	0.00555	0.00518	0.00165	0.00692	0.00465	0.03601	0.00779
24	0.01203	0.00852	0.01274	0.15563	0.04671	0.00874	0.06745	0.08685	0.01371	0.11582	0.12791	0.24990	0.02342	0.00989	0.00606	0.00186	0.00489	0.00891	0.03262	0.00635
25	0.01277	0.07518	0.08608	0.01495	0.01895	0.01137	0.30674	0.06039	0.01259	0.07983	0.01552	0.12536	0.03523	0.00923	0.02540	0.08635	0.00691	0.00700	0.00353	0.00662

[dist]
# distance from previous block
# <min> <max>
3	71

[block]
# block no. 3 follows, 44 sequences, length 29
# corresponding to MSA columns:
# 416-444
name=unknown_D
#
# <colnr> <probs for GDERKNQSTAVLIFYWHMCP>
#	G	D	E	R	K	N	Q	S	T	A	V	L	I	F	Y	W	H	M	C	P
0	0.11069	0.08497	0.08587	0.10931	0.01682	0.02333	0.00992	0.17860	0.06123	0.05598	0.03436	0.07266	0.03341	0.00806	0.02219	0.00186	0.00562	0.03035	0.04774	0.00704
1	0.05623	0.07245	0.04532	0.25888	0.12498	0.01244	0.03980	0.11175	0.01302	0.03700	0.01336	0.03660	0.02830	0.07026	0.00732	0.00203	0.01711	0.04305	0.00334	0.00676
2	0.05023	0.07116	0.01008	0.05066	0.01099	0.02596	0.00629	0.04006	0.03279	0.07373	0.01965	0.27968	0.02102	0.22036	0.04314	0.00303	0.00509	0.00897	0.00414	0.02298
3	0.01575	0.04174	0.01551	0.04822	0.05223	0.12062	0.03793	0.17994	0.17060	0.06696	0.07980	0.03351	0.01450	0.00727	0.00679	0.00175	0.08923	0.00563	0.00442	0.00760
4	0.00763	0.00554	0.00718	0.00684	0.00811	0.00510	0.00510	0.01009	0.01513	0.02129	0.71657	0.07005	0.07794	0.01147	0.00645	0.00174	0.00260	0.01013	0.00593	0.00510
5	0.00893	0.00662	0.00799	0.06472	0.01079	0.03506	0.00630	0.01088	0.01257	0.04151	0.22991	0.19215	0.10652	0.06859	0.00783	0.00215	0.00391	0.10731	0.07123	0.00504
6	0.05168	0.00595	0.00694	0.00662	0.00828	0.00545	0.00505	0.01027	0.01401	0.04142	0.44390	0.04306	0.28942	0.01173	0.00628	0.00178	0.00286	0.03463	0.00554	0.00512
7	0.00819	0.00547	0.00730	0.00757	0.00828	0.00554	0.00530	0.00939	0.01005	0.04965	0.07895	0.29733	0.03844	0.20176	0.23627	0.00473	0.00696	0.01003	0.00420	0.00459
8	0.84691	0.01054	0.00801	0.00717	0.01054	0.01223	0.00590	0.01603	0.00928	0.02446	0.00759	0.00886	0.00590	0.00506	0.00337	0.00169	0.00422	0.00295	0.00337	0.00590
9	0.13322	0.09390	0.01378	0.00938	0.01353	0.01018	0.00792	0.03846	0.01448	0.58239	0.01802	0.01612	0.01171	0.00630	0.00499	0.00163	0.00473	0.00486	0.00581	0.00859
10	0.00830	0.00604	0.00824	0.00859	0.00941	0.00599	0.03419	0.01008	0.04092	0.01405	0.02421	0.25952	0.02714	0.24513	0.01358	0.03154	0.00469	0.23951	0.00438	0.00450
11	0.84691	0.01054	0.00801	0.00717	0.01054	0.01223	0.00590	0.01603	0.00928	0.02446	0.00759	0.00886	0.00590	0.00506	0.00337	0.00169	0.00422	0.00295	0.00337	0.00590
12	0.74822	0.04883	0.01070	0.00839	0.01198	0.01278	0.05923	0.01614	0.00962	0.02341	0.00783	0.00927	0.00612	0.00501	0.00360	0.00167	0.00465	0.00320	0.00328	0.00606
13	0.01030	0.00969	0.01635	0.79530	0.03755	0.01211	0.01514	0.01393	0.01090	0.01393	0.00969	0.01453	0.00727	0.00545	0.00545	0.00182	0.00727	0.00484	0.00242	0.00606
14	0.00784	0.00525	0.00597	0.00606	0.00608	0.00523	0.00342	0.00791	0.00810	0.01079	0.01804	0.08710	0.02091	0.75550	0.02636	0.00508	0.00514	0.00843	0.00342	0.00338
15	0.01458	0.81168	0.02857	0.00933	0.01399	0.02157	0.00933	0.01632	0.01108	0.01283	0.00758	0.00875	0.00700	0.00466	0.00350	0.00117	0.00583	0.00292	0.00233	0.00700
16	0.01250	0.01362	0.02615	0.01961	0.02297	0.01492	0.46559	0.01577	0.01111	0.01577	0.00952	0.01362	0.00784	0.00652	0.01089	0.00205	0.31632	0.00579	0.00261	0.00681
17	0.01316	0.02398	0.56817	0.01443	0.02133	0.01306	0.01715	0.11551	0.08451	0.05943	0.01199	0.01291	0.00847	0.00565	0.00527	0.00172	0.00726	0.00442	0.00325	0.00833
18	0.00897	0.00612	0.00819	0.00904	0.01021	0.00600	0.00750	0.01095	0.01188	0.04194	0.02856	0.09093	0.07420	0.13033	0.01031	0.00283	0.00482	0.52752	0.00484	0.00487
19	0.10540	0.01233	0.02123	0.01563	0.02035	0.01176	0.34359	0.07937	0.01451	0.29786	0.01467	0.01537	0.01001	0.00559	0.00569	0.00175	0.00675	0.00560	0.00450	0.00806
20	0.01945	0.01720	0.01377	0.01164	0.01497	0.33235	0.00912	0.20924	0.01764	0.16581	0.01735	0.01716	0.08949	0.00696	0.00529	0.00156	0.00687	0.00514	0.03157	0.00742
21	0.00729	0.00540	0.00614	0.00619	0.00743	0.00487	0.00444	0.00885	0.01233	0.01637	0.23029	0.12648	0.34082	0.11748	0.00913	0.00227	0.00311	0.02223	0.06426	0.00459
22	0.01909	0.07786	0.01725	0.01350	0.01671	0.40216	0.03839	0.19980	0.01682	0.05284	0.01006	0.01133	0.00792	0.00618	0.00633	0.00157	0.08729	0.00413	0.00355	0.00723
23	0.03351	0.00971	0.01203	0.00971	0.01328	0.00928	0.00791	0.17523	0.01675	0.44852	0.02284	0.08542	0.06893	0.00835	0.00568	0.00176	0.00464	0.03623	0.02198	0.00824
24	0.00680	0.00486	0.00650	0.00769	0.00810	0.00456	0.00526	0.00790	0.01076	0.01437	0.06047	0.73380	0.03644	0.01673	0.00697	0.00221	0.00324	0.05377	0.00510	0.00449
25	0.00815	0.00606	0.00789	0.00775	0.00828	0.00669	0.00553	0.00919	0.00898	0.01238	0.04455	0.03154	0.05748	0.38102	0.27537	0.00576	0.06959	0.04616	0.00338	0.00425
26	0.01161	0.01013	0.01727	0.38737	0.18603	0.01108	0.08475	0.01486	0.01192	0.05574	0.07844	0.01810	0.01271	0.04742	0.00673	0.00193	0.00651	0.00564	0.02512	0.00665
27	0.01056	0.00575	0.00789	0.00754	0.00825	0.00584	0.00526	0.01049	0.03301	0.09148	0.01368	0.02182	0.01305	0.18987	0.15178	0.40434	0.00652	0.00573	0.00323	0.00393
28	0.06813	0.04515	0.04322	0.04109	0.11343	0.03306	0.06297	0.18509	0.07596	0.07374	0.01381	0.05182	0.01150	0.00883	0.04707	0.00215	0.08122	0.03017	0.00402	0.00757

[dist]
# distance from previous block
# <min> <max>
3	24

[block]
# block no. 4 follows, 44 sequences, length 15
# corresponding to MSA columns:
# 473-487
name=unknown_E
#
# <colnr> <probs for GDERKNQSTAVLIFYWHMCP>
#	G	D	E	R	K	N	Q	S	T	A	V	L	I	F	Y	W	H	M	C	P
0	0.01015	0.00676	0.00862	0.02734	0.01023	0.00675	0.00618	0.01395	0.11038	0.09288	0.38662	0.07998	0.07171	0.01361	0.08062	0.03398	0.00438	0.00860	0.02145	0.00581
1	0.00664	0.00474	0.00633	0.00759	0.00791	0.00443	0.00506	0.00759	0.01044	0.01392	0.03005	0.80485	0.03606	0.01708	0.00696	0.00221	0.00316	0.01550	0.00506	0.00443
2	0.00747	0.00555	0.00745	0.00780	0.00858	0.00563	0.00571	0.00907	0.01133	0.01555	0.20504	0.32332	0.07286	0.06158	0.15792	0.00351	0.03253	0.04968	0.00469	0.00472
3	0.22961	0.05384	0.01447	0.01088	0.01489	0.03757	0.00900	0.44396	0.06065	0.05658	0.01209	0.01230	0.00880	0.00610	0.00482	0.00163	0.00551	0.00436	0.00475	0.00818
4	0.04350	0.38457	0.19927	0.01133	0.02883	0.04428	0.01155	0.03959	0.04029	0.05282	0.00977	0.01081	0.00782	0.00503	0.00426	0.00136	0.00616	0.00357	0.00290	0.09229
5	0.08220	0.15959	0.31288	0.08548	0.06745	0.01448	0.03716	0.07444	0.01210	0.01769	0.00967	0.01235	0.00771	0.03559	0.00635	0.00179	0.04879	0.00420	0.00274	0.00733
6	0.06348	0.01402	0.01321	0.01147	0.01479	0.11115	0.00901	0.15846	0.47564	0.04230	0.01797	0.01701	0.01341	0.00687	0.00533	0.00174	0.00531	0.00540	0.00509	0.00832
7	0.01372	0.00975	0.01082	0.00950	0.01205	0.01056	0.00730	0.13617	0.31352	0.08987	0.10142	0.07396	0.02036	0.09226	0.00791	0.00213	0.00431	0.00701	0.07007	0.00730
8	0.01893	0.00852	0.01122	0.00923	0.01249	0.00778	0.00745	0.04754	0.05240	0.49503	0.16304	0.06936	0.02272	0.00856	0.00584	0.00177	0.00422	0.03957	0.00633	0.00800
9	0.01026	0.00866	0.01160	0.25393	0.01892	0.00973	0.02479	0.03951	0.17707	0.01625	0.03444	0.05122	0.10172	0.17825	0.01049	0.00260	0.00538	0.03534	0.00395	0.00590
10	0.00662	0.00482	0.00624	0.00738	0.00785	0.00445	0.00497	0.00761	0.01064	0.01400	0.03261	0.72837	0.11088	0.01675	0.00691	0.00218	0.00312	0.01509	0.00506	0.00445
11	0.00669	0.00482	0.00634	0.00746	0.00790	0.00447	0.00502	0.00774	0.01078	0.01435	0.06833	0.73303	0.06963	0.01664	0.00691	0.00217	0.00312	0.01504	0.00511	0.00447
12	0.04048	0.01009	0.04459	0.05542	0.08382	0.00880	0.05687	0.05395	0.01290	0.07961	0.08488	0.12119	0.01782	0.00782	0.00547	0.00158	0.00492	0.06160	0.00410	0.24408
13	0.01432	0.00978	0.01220	0.00983	0.05493	0.00774	0.00737	0.01672	0.01231	0.18504	0.01232	0.01302	0.00930	0.00468	0.00443	0.00105	0.00430	0.00381	0.00397	0.61289
14	0.48143	0.10299	0.07061	0.01002	0.05062	0.06886	0.00836	0.01669	0.01060	0.04829	0.00910	0.01052	0.00715	0.00532	0.00424	0.00160	0.02691	0.00344	0.05682	0.00643

[dist]
# distance from previous block
# <min> <max>
0	19

[block]
# block no. 5 follows, 44 sequences, length 7
# corresponding to MSA columns:
# 507-513
name=unknown_F
#
# <colnr> <probs for GDERKNQSTAVLIFYWHMCP>
#	G	D	E	R	K	N	Q	S	T	A	V	L	I	F	Y	W	H	M	C	P
0	0.01360	0.01135	0.06090	0.24234	0.07411	0.01163	0.02917	0.10234	0.03455	0.12107	0.06920	0.04578	0.01441	0.00758	0.00702	0.00187	0.08931	0.05271	0.00398	0.00707
1	0.01344	0.01327	0.01445	0.01262	0.01371	0.14162	0.01021	0.06061	0.04825	0.01565	0.01014	0.01366	0.00893	0.01066	0.07152	0.00252	0.43817	0.00475	0.08963	0.00618
2	0.01075	0.01007	0.09163	0.08812	0.01560	0.00858	0.08765	0.03193	0.02687	0.07345	0.23766	0.08271	0.07261	0.00919	0.00691	0.02784	0.03953	0.00768	0.06514	0.00609
3	0.00663	0.00547	0.00582	0.00586	0.00751	0.00466	0.00435	0.00814	0.01268	0.01562	0.14924	0.10823	0.61955	0.01370	0.00648	0.00185	0.00277	0.01159	0.00519	0.00466
4	0.01120	0.01135	0.07644	0.33990	0.03933	0.01163	0.06630	0.01598	0.10394	0.04497	0.07099	0.06503	0.02842	0.00732	0.00689	0.00188	0.08214	0.00622	0.00346	0.00659
5	0.00998	0.00838	0.01055	0.09461	0.01425	0.00707	0.00703	0.01226	0.01143	0.01692	0.07672	0.17026	0.01708	0.00735	0.00497	0.00127	0.00410	0.00637	0.00373	0.51567
6	0.01562	0.12929	0.05317	0.05698	0.01589	0.27259	0.00960	0.08246	0.01408	0.03370	0.03572	0.01295	0.00976	0.00571	0.00496	0.00138	0.02702	0.00408	0.09525	0.11979

[dist]
# distance from previous block
# <min> <max>
1	17

[block]
# block no. 6 follows, 44 sequences, length 12
# corresponding to MSA columns:
# 536-547
name=unknown_G
#
# <colnr> <probs for GDERKNQSTAVLIFYWHMCP>
#	G	D	E	R	K	N	Q	S	T	A	V	L	I	F	Y	W	H	M	C	P
0	0.11156	0.00691	0.00796	0.06276	0.01049	0.00721	0.00577	0.01181	0.05641	0.04064	0.14549	0.03285	0.13513	0.25457	0.05901	0.00328	0.00494	0.03401	0.00424	0.00498
1	0.01099	0.10185	0.65744	0.01429	0.02161	0.01299	0.01806	0.01656	0.01153	0.01667	0.01254	0.01392	0.05694	0.00569	0.00510	0.00168	0.00750	0.00441	0.00249	0.00773
2	0.48396	0.01220	0.01054	0.00916	0.01258	0.05965	0.00737	0.10058	0.18042	0.05805	0.01212	0.01237	0.00908	0.00585	0.00427	0.00170	0.00479	0.00403	0.00420	0.00706
3	0.04768	0.05548	0.03843	0.27621	0.08882	0.01052	0.01074	0.01419	0.01104	0.01619	0.00983	0.01331	0.00813	0.03664	0.00555	0.00149	0.00563	0.00410	0.00284	0.34320
4	0.01153	0.00981	0.01098	0.01042	0.02963	0.01106	0.00778	0.02175	0.48231	0.02029	0.10213	0.09442	0.07707	0.03810	0.00724	0.00201	0.04327	0.00773	0.00521	0.00727
5	0.01016	0.00538	0.00550	0.00543	0.00677	0.00543	0.00408	0.01321	0.04188	0.02051	0.06193	0.02152	0.01627	0.00667	0.00403	0.00132	0.00261	0.00540	0.75667	0.00523
6	0.84691	0.01054	0.00801	0.00717	0.01054	0.01223	0.00590	0.01603	0.00928	0.02446	0.00759	0.00886	0.00590	0.00506	0.00337	0.00169	0.00422	0.00295	0.00337	0.00590
7	0.00666	0.00485	0.00628	0.00736	0.00786	0.00447	0.00497	0.00772	0.01083	0.01430	0.06097	0.70045	0.11015	0.01653	0.00689	0.00216	0.00310	0.01488	0.00510	0.00447
8	0.00774	0.00567	0.00622	0.00616	0.00792	0.00484	0.00459	0.00921	0.01261	0.06508	0.10407	0.14377	0.57568	0.01355	0.00644	0.00187	0.00292	0.01149	0.00524	0.00493
9	0.01130	0.00969	0.01130	0.00807	0.01292	0.00727	0.00646	0.01373	0.01130	0.01776	0.00969	0.01130	0.00807	0.00404	0.00404	0.00081	0.00404	0.00323	0.00323	0.84173
10	0.00709	0.00536	0.00659	0.00704	0.00817	0.00486	0.00520	0.00875	0.01254	0.01645	0.22650	0.30071	0.26392	0.01435	0.00673	0.00200	0.00309	0.09063	0.00530	0.00473
11	0.53171	0.01018	0.00962	0.00809	0.01155	0.01098	0.00658	0.06165	0.01184	0.22502	0.01217	0.01322	0.00892	0.05138	0.00545	0.00189	0.00449	0.00402	0.00439	0.00685

[dist]
# distance from previous block
# <min> <max>
5	7

[block]
# block no. 7 follows, 44 sequences, length 10
# corresponding to MSA columns:
# 555-557,561-567
name=unknown_H
#
# <colnr> <probs for GDERKNQSTAVLIFYWHMCP>
#	G	D	E	R	K	N	Q	S	T	A	V	L	I	F	Y	W	H	M	C	P
0	0.01331	0.01124	0.01347	0.08488	0.10019	0.01264	0.00985	0.05499	0.49978	0.04147	0.04977	0.02089	0.04875	0.00731	0.00559	0.00180	0.00477	0.00620	0.00497	0.00813
1	0.01356	0.01171	0.01233	0.01109	0.01418	0.01356	0.00863	0.02897	0.76455	0.02281	0.02219	0.02034	0.01664	0.00740	0.00555	0.00185	0.00431	0.00616	0.00555	0.00863
2	0.01537	0.04675	0.13447	0.08575	0.06936	0.03026	0.05037	0.21142	0.17269	0.06701	0.01406	0.01486	0.01037	0.00618	0.00561	0.00171	0.02290	0.00503	0.02767	0.00818
3	0.84691	0.01054	0.00801	0.00717	0.01054	0.01223	0.00590	0.01603	0.00928	0.02446	0.00759	0.00886	0.00590	0.00506	0.00337	0.00169	0.00422	0.00295	0.00337	0.00590
4	0.00673	0.00478	0.00630	0.00748	0.00777	0.00449	0.00494	0.00761	0.01027	0.01369	0.02917	0.75251	0.03495	0.07092	0.00837	0.00242	0.00331	0.01498	0.00494	0.00435
5	0.01255	0.01217	0.02131	0.19475	0.46895	0.01264	0.10783	0.01640	0.03635	0.01703	0.01132	0.01592	0.00942	0.00542	0.00562	0.00173	0.00686	0.03309	0.00283	0.00778
6	0.00947	0.00473	0.00710	0.00710	0.00710	0.00473	0.00473	0.00710	0.00710	0.00947	0.00947	0.01657	0.00947	0.01894	0.02131	0.84138	0.00473	0.00473	0.00237	0.00237
7	0.01789	0.28454	0.06569	0.01258	0.01632	0.48845	0.01071	0.01971	0.01377	0.01341	0.00823	0.00958	0.00701	0.00528	0.00447	0.00135	0.00841	0.00335	0.00262	0.00665
8	0.00692	0.00495	0.00663	0.00780	0.00827	0.00466	0.00545	0.00811	0.01092	0.01458	0.06908	0.68819	0.03639	0.01656	0.00699	0.00222	0.00332	0.08934	0.00511	0.00453
9	0.04731	0.15735	0.01874	0.09097	0.05192	0.05635	0.06807	0.16821	0.19244	0.02071	0.01276	0.01389	0.00991	0.00618	0.00595	0.00168	0.06122	0.00480	0.00385	0.00770

[dist]
# distance from previous block
# <min> <max>
2	3

[block]
# block no. 8 follows, 44 sequences, length 15
# corresponding to MSA columns:
# 572-586
name=unknown_I
#
# <colnr> <probs for GDERKNQSTAVLIFYWHMCP>
#	G	D	E	R	K	N	Q	S	T	A	V	L	I	F	Y	W	H	M	C	P
0	0.05347	0.01828	0.35849	0.06458	0.05226	0.01126	0.01408	0.07450	0.01293	0.11041	0.03189	0.01390	0.00960	0.00734	0.04549	0.00197	0.00691	0.00447	0.00340	0.10477
1	0.01030	0.00813	0.00949	0.00956	0.01127	0.00877	0.00729	0.05484	0.29081	0.01867	0.02606	0.34684	0.02669	0.01261	0.00646	0.00210	0.00405	0.13448	0.00525	0.00633
2	0.20312	0.01220	0.10644	0.02799	0.03777	0.01035	0.06464	0.05027	0.03443	0.27093	0.04726	0.01642	0.01210	0.03163	0.00570	0.00180	0.00528	0.00502	0.04911	0.00753
3	0.00779	0.00536	0.00629	0.00642	0.00674	0.00531	0.00402	0.00828	0.00901	0.01197	0.05362	0.08531	0.07219	0.59262	0.05573	0.00470	0.00526	0.05194	0.00373	0.00371
4	0.78019	0.01092	0.00869	0.00760	0.01106	0.01261	0.00626	0.07580	0.01060	0.02526	0.00804	0.00920	0.00618	0.00518	0.00354	0.00168	0.00436	0.00311	0.00354	0.00618
5	0.47585	0.03347	0.10548	0.03393	0.05024	0.01190	0.00888	0.05988	0.01154	0.05519	0.07274	0.01329	0.01078	0.00684	0.02852	0.00190	0.00524	0.00412	0.00363	0.00659
6	0.00749	0.00524	0.00695	0.05361	0.00956	0.00518	0.00564	0.00876	0.01045	0.01433	0.02624	0.54457	0.03021	0.10156	0.00889	0.00246	0.00372	0.06974	0.08089	0.00451
7	0.00738	0.00553	0.00684	0.00658	0.00796	0.00499	0.00491	0.00962	0.01455	0.01992	0.57827	0.07170	0.21773	0.01198	0.00645	0.00176	0.00264	0.01045	0.00575	0.00499
8	0.02072	0.01527	0.01636	0.01254	0.01691	0.01691	0.01036	0.75622	0.02563	0.03436	0.01309	0.01309	0.00927	0.00654	0.00545	0.00164	0.00600	0.00491	0.00545	0.00927
9	0.01833	0.01408	0.01501	0.01206	0.01600	0.01579	0.00978	0.51348	0.27227	0.03050	0.01613	0.01551	0.01173	0.00683	0.00548	0.00171	0.00544	0.00533	0.00548	0.00906
10	0.02072	0.01527	0.01636	0.01254	0.01691	0.01691	0.01036	0.75622	0.02563	0.03436	0.01309	0.01309	0.00927	0.00654	0.00545	0.00164	0.00600	0.00491	0.00545	0.00927
11	0.02037	0.02598	0.01545	0.01404	0.01685	0.78652	0.01053	0.02177	0.01545	0.01334	0.00843	0.00983	0.00702	0.00562	0.00492	0.00140	0.00983	0.00351	0.00281	0.00632
12	0.01143	0.01323	0.16041	0.08419	0.01684	0.01257	0.01214	0.01397	0.01001	0.05770	0.01207	0.09606	0.01121	0.01048	0.05317	0.00243	0.36108	0.00587	0.04885	0.00629
13	0.00939	0.00594	0.00745	0.03267	0.00938	0.00563	0.00562	0.01153	0.01308	0.07874	0.28319	0.07283	0.15316	0.05146	0.03081	0.00216	0.00368	0.07848	0.13954	0.00526
14	0.01155	0.15352	0.09780	0.01096	0.05239	0.01073	0.02857	0.06928	0.03214	0.05194	0.11478	0.18730	0.06463	0.00930	0.00558	0.00170	0.00482	0.03116	0.00421	0.05762

[dist]
# distance from previous block
# <min> <max>
1	18

[block]
# block no. 9 follows, 44 sequences, length 19
# corresponding to MSA columns:
# 605-623
name=unknown_J
#
# <colnr> <probs for GDERKNQSTAVLIFYWHMCP>
#	G	D	E	R	K	N	Q	S	T	A	V	L	I	F	Y	W	H	M	C	P
0	0.01423	0.26354	0.10636	0.04807	0.07449	0.04822	0.01079	0.08994	0.08240	0.04474	0.02977	0.01343	0.01013	0.00565	0.00481	0.00145	0.01914	0.00427	0.06600	0.06255
1	0.04984	0.10266	0.19447	0.03108	0.01695	0.01215	0.09807	0.09127	0.05923	0.01960	0.15333	0.04691	0.06753	0.00749	0.00579	0.00171	0.02476	0.00634	0.00388	0.00694
2	0.00945	0.00595	0.00774	0.00712	0.00873	0.00540	0.00540	0.01183	0.01507	0.10476	0.61588	0.06981	0.08966	0.01106	0.00635	0.00174	0.00284	0.00970	0.00599	0.00554
3	0.01273	0.01307	0.13648	0.07146	0.04581	0.01148	0.02408	0.11656	0.18703	0.04816	0.05807	0.05347	0.06587	0.00825	0.00694	0.04009	0.04694	0.00626	0.04006	0.00721
4	0.00740	0.00556	0.00685	0.00653	0.00795	0.00501	0.00490	0.00968	0.01469	0.02011	0.59564	0.04361	0.22841	0.01180	0.00643	0.00175	0.00262	0.01026	0.00577	0.00501
5	0.01210	0.05258	0.25279	0.05386	0.01801	0.01109	0.08467	0.08892	0.04584	0.05685	0.13063	0.05480	0.02777	0.03840	0.00675	0.01904	0.00602	0.00622	0.02667	0.00700
6	0.01714	0.01305	0.01232	0.01061	0.01375	0.14028	0.00833	0.10450	0.30419	0.17099	0.01814	0.01744	0.01323	0.00673	0.00517	0.00164	0.00523	0.00530	0.12400	0.00794
7	0.01864	0.17186	0.01803	0.01146	0.01580	0.05736	0.00970	0.45864	0.04409	0.05673	0.01210	0.01236	0.00901	0.00595	0.00493	0.00147	0.00590	0.00437	0.00457	0.07703
8	0.01516	0.18416	0.07401	0.04074	0.01552	0.09366	0.01075	0.04048	0.01179	0.12960	0.01078	0.01286	0.00866	0.00796	0.03384	0.00198	0.25177	0.00436	0.04501	0.00690
9	0.01158	0.00933	0.01109	0.00824	0.01232	0.00757	0.00648	0.01368	0.01100	0.05061	0.01085	0.01415	0.00947	0.08654	0.00722	0.00138	0.04392	0.00389	0.00335	0.67733
10	0.00689	0.00499	0.00647	0.00725	0.00788	0.00462	0.00498	0.00820	0.01161	0.01563	0.19307	0.56832	0.09089	0.03312	0.00727	0.00215	0.00305	0.01382	0.00523	0.00457
11	0.00796	0.00560	0.00678	0.00668	0.00813	0.00497	0.00493	0.00979	0.01346	0.05797	0.34347	0.18627	0.29802	0.01295	0.00648	0.00185	0.00286	0.01125	0.00554	0.00504
12	0.00925	0.00481	0.00694	0.00694	0.00694	0.00481	0.00453	0.00722	0.00722	0.00963	0.01057	0.01931	0.01095	0.13207	0.02223	0.72157	0.00481	0.00519	0.00250	0.00250
13	0.01430	0.01208	0.01274	0.01124	0.01446	0.01391	0.00881	0.10422	0.68809	0.02400	0.02125	0.01959	0.01588	0.00731	0.00554	0.00183	0.00449	0.00603	0.00554	0.00870
14	0.01539	0.01061	0.01198	0.01041	0.01347	0.01142	0.00826	0.15581	0.34377	0.15187	0.04792	0.08748	0.04829	0.00875	0.00581	0.00185	0.00450	0.04872	0.00566	0.00803
15	0.05177	0.02042	0.41284	0.01424	0.02016	0.01269	0.07915	0.12731	0.01408	0.08918	0.05736	0.01433	0.01064	0.00604	0.00597	0.00175	0.04583	0.00484	0.00349	0.00791
16	0.00777	0.00589	0.00720	0.03829	0.00945	0.00556	0.00542	0.00973	0.04881	0.01517	0.07604	0.34318	0.21191	0.05372	0.00806	0.03810	0.00349	0.02416	0.03264	0.05539
17	0.03326	0.04121	0.01700	0.13814	0.25520	0.03842	0.03569	0.10244	0.05732	0.03979	0.02571	0.06258	0.01160	0.00658	0.00602	0.00171	0.05053	0.00558	0.06387	0.00737
18	0.06611	0.05885	0.04520	0.02348	0.16185	0.01045	0.04089	0.07129	0.05647	0.07415	0.03952	0.09174	0.01386	0.03545	0.00811	0.11198	0.00521	0.00599	0.03456	0.04485

[dist]
# distance from previous block
# <min> <max>
0	21

# created by:
# /home/berkeley/.conda/envs/busco_data_prod/bin/msa2prfl.pl pipeline/OGs_align_augustus/33634/24205.fs
