[name]
unknown

[dist]
# distance from previous block
# <min> <max>
4	121

[block]
# block no. 0 follows, 42 sequences, length 22
# corresponding to MSA columns:
# 145-166
name=unknown_A
#
# <colnr> <probs for GDERKNQSTAVLIFYWHMCP>
#	G	D	E	R	K	N	Q	S	T	A	V	L	I	F	Y	W	H	M	C	P
0	0.01522	0.01041	0.01224	0.03015	0.04576	0.03345	0.00822	0.12221	0.10584	0.17172	0.08605	0.12340	0.05322	0.00853	0.00572	0.00167	0.00468	0.00721	0.00521	0.14908
1	0.06984	0.03592	0.01461	0.04352	0.01606	0.01300	0.04518	0.18979	0.22618	0.11810	0.04088	0.06429	0.01476	0.00743	0.00580	0.00176	0.02110	0.00610	0.00511	0.06056
2	0.01085	0.01001	0.01472	0.28030	0.14363	0.04817	0.01207	0.01405	0.03393	0.01476	0.01226	0.01738	0.01051	0.01963	0.29977	0.00456	0.03886	0.00537	0.00286	0.00631
3	0.12445	0.11393	0.04521	0.01048	0.03626	0.06862	0.00847	0.05882	0.03830	0.13187	0.01573	0.15834	0.01435	0.00777	0.00508	0.00160	0.00518	0.00626	0.00425	0.14504
4	0.01169	0.00828	0.01042	0.00924	0.01033	0.00924	0.00691	0.14638	0.01290	0.01780	0.15923	0.02388	0.01964	0.14407	0.01653	0.25540	0.12258	0.00651	0.00393	0.00504
5	0.05794	0.01699	0.13305	0.01718	0.09018	0.13247	0.18983	0.02081	0.02853	0.20406	0.01377	0.03143	0.01014	0.00603	0.00592	0.00176	0.02259	0.00539	0.00393	0.00801
6	0.03480	0.05626	0.20560	0.01280	0.03295	0.01132	0.07987	0.05925	0.04434	0.11724	0.05878	0.01523	0.01187	0.00570	0.00517	0.00150	0.00597	0.00480	0.00387	0.23267
7	0.00956	0.00619	0.00733	0.00684	0.00880	0.00540	0.00520	0.01148	0.01421	0.11761	0.29030	0.08087	0.39020	0.01252	0.00654	0.00185	0.00306	0.01068	0.00578	0.00557
8	0.01394	0.19399	0.51219	0.01386	0.02090	0.01442	0.01673	0.01888	0.01234	0.11644	0.01121	0.01223	0.00805	0.00545	0.00501	0.00165	0.00735	0.00411	0.00299	0.00825
9	0.01771	0.01298	0.03909	0.02011	0.29071	0.01234	0.04086	0.14677	0.05789	0.20699	0.01461	0.01533	0.01061	0.00586	0.00552	0.00164	0.00593	0.00514	0.00451	0.08539
10	0.01312	0.01263	0.02178	0.21321	0.56872	0.01319	0.04207	0.01661	0.01246	0.01742	0.01047	0.01423	0.00857	0.00515	0.00562	0.00173	0.00698	0.00507	0.00272	0.00824
11	0.00955	0.00504	0.00756	0.00756	0.00769	0.00517	0.00517	0.00769	0.00756	0.01021	0.01048	0.01777	0.01034	0.02255	0.12223	0.72686	0.00623	0.00504	0.00252	0.00279
12	0.12288	0.01461	0.02991	0.02156	0.02696	0.01402	0.64874	0.01783	0.01279	0.01898	0.01092	0.01438	0.00822	0.00481	0.00622	0.00188	0.00881	0.00617	0.00293	0.00739
13	0.01779	0.01174	0.01832	0.09658	0.22986	0.01172	0.08818	0.03956	0.11262	0.28972	0.01649	0.01697	0.01165	0.00614	0.00574	0.00177	0.00607	0.00559	0.00472	0.00876
14	0.01164	0.01066	0.01313	0.17486	0.04343	0.11097	0.04419	0.01394	0.01181	0.05283	0.05244	0.02341	0.10259	0.06094	0.21115	0.00391	0.04228	0.00643	0.00348	0.00590
15	0.00978	0.00489	0.00733	0.00733	0.00733	0.00489	0.00489	0.00733	0.00733	0.00978	0.00978	0.01711	0.00978	0.01955	0.02199	0.83627	0.00489	0.00489	0.00244	0.00244
16	0.01528	0.17445	0.19214	0.01227	0.05713	0.01260	0.01150	0.04126	0.03863	0.20218	0.03667	0.02010	0.11076	0.00804	0.02411	0.00185	0.02330	0.00567	0.00423	0.00783
17	0.01521	0.10544	0.23101	0.11896	0.07526	0.01323	0.15560	0.01934	0.01300	0.18013	0.01274	0.01433	0.00906	0.00554	0.00552	0.00174	0.00730	0.00500	0.00351	0.00810
18	0.01644	0.03774	0.05281	0.05237	0.23651	0.15001	0.11201	0.01938	0.01349	0.13590	0.01184	0.01382	0.00905	0.00570	0.00627	0.00167	0.05493	0.00488	0.00345	0.06175
19	0.10968	0.04163	0.09305	0.01714	0.11179	0.07482	0.17289	0.03562	0.01293	0.07510	0.01339	0.01975	0.01151	0.00699	0.00667	0.00187	0.06558	0.10067	0.00353	0.02541
20	0.01514	0.01144	0.05176	0.01253	0.05439	0.01111	0.04032	0.05759	0.31317	0.17421	0.04110	0.13248	0.01913	0.00886	0.00602	0.00192	0.00494	0.03029	0.00545	0.00816
21	0.01395	0.05574	0.01493	0.01231	0.05458	0.11122	0.11268	0.01611	0.03764	0.11679	0.03451	0.02361	0.01501	0.30796	0.01429	0.00307	0.00650	0.00635	0.00380	0.03893

[dist]
# distance from previous block
# <min> <max>
2	20

[block]
# block no. 1 follows, 42 sequences, length 17
# corresponding to MSA columns:
# 187-203
name=unknown_B
#
# <colnr> <probs for GDERKNQSTAVLIFYWHMCP>
#	G	D	E	R	K	N	Q	S	T	A	V	L	I	F	Y	W	H	M	C	P
0	0.03465	0.03510	0.13244	0.01201	0.03754	0.01227	0.01065	0.18270	0.12834	0.12338	0.01476	0.03201	0.01109	0.00619	0.00519	0.00154	0.00550	0.00493	0.00455	0.20515
1	0.20318	0.13258	0.06702	0.01262	0.07413	0.05627	0.01013	0.13934	0.14338	0.06490	0.01267	0.01315	0.00962	0.00592	0.00476	0.00163	0.00570	0.00436	0.00409	0.03456
2	0.01370	0.01327	0.04352	0.12839	0.61034	0.01322	0.01677	0.01709	0.01256	0.03860	0.01073	0.01410	0.00878	0.00530	0.00595	0.00173	0.02961	0.00500	0.00284	0.00850
3	0.05319	0.05658	0.16736	0.01385	0.11346	0.01082	0.03316	0.01618	0.03570	0.01847	0.01033	0.01214	0.00829	0.00473	0.00465	0.00126	0.00560	0.00388	0.00309	0.42724
4	0.01407	0.01339	0.01947	0.04893	0.49849	0.05118	0.01430	0.03860	0.09106	0.01904	0.01176	0.01417	0.00959	0.00527	0.00536	0.00157	0.00627	0.00484	0.00325	0.12939
5	0.01067	0.00900	0.01381	0.01911	0.34646	0.00905	0.00993	0.01235	0.01044	0.01457	0.01503	0.06391	0.01572	0.35622	0.06709	0.00384	0.00653	0.00702	0.00320	0.00603
6	0.00805	0.00598	0.00880	0.00880	0.00972	0.00690	0.00673	0.00989	0.00897	0.01288	0.01530	0.02336	0.01461	0.10703	0.71584	0.00874	0.01425	0.00621	0.00305	0.00489
7	0.00911	0.00549	0.00621	0.00603	0.00740	0.00523	0.00452	0.01164	0.01357	0.02109	0.32377	0.03256	0.09933	0.00927	0.00528	0.00155	0.00266	0.00785	0.42221	0.00523
8	0.00686	0.00490	0.00653	0.00784	0.00816	0.00457	0.00522	0.00784	0.01077	0.01437	0.03102	0.79855	0.03722	0.01763	0.00718	0.00229	0.00326	0.01600	0.00522	0.00457
9	0.01839	0.36730	0.02158	0.01070	0.01535	0.01753	0.00957	0.26244	0.01715	0.13090	0.01197	0.01219	0.00906	0.00573	0.00462	0.00142	0.00576	0.00410	0.00421	0.07003
10	0.00927	0.00689	0.01022	0.01100	0.01251	0.00685	0.04428	0.01196	0.01297	0.01690	0.02892	0.06117	0.03125	0.01503	0.00772	0.00256	0.00539	0.69474	0.00507	0.00530
11	0.00818	0.00546	0.00614	0.00614	0.00614	0.00546	0.00341	0.00818	0.00818	0.01091	0.01773	0.03683	0.02046	0.80222	0.02864	0.00546	0.00546	0.00818	0.00341	0.00341
12	0.01167	0.01000	0.01167	0.00834	0.01334	0.00750	0.00667	0.01417	0.01167	0.01834	0.01000	0.01167	0.00834	0.00417	0.00417	0.00083	0.00417	0.00333	0.00333	0.83663
13	0.00804	0.00603	0.00904	0.00904	0.01005	0.00703	0.00703	0.01005	0.00904	0.01306	0.01507	0.02211	0.01407	0.04221	0.77992	0.00904	0.01507	0.00603	0.00301	0.00502
14	0.01167	0.01000	0.01167	0.00834	0.01334	0.00750	0.00667	0.01417	0.01167	0.01834	0.01000	0.01167	0.00834	0.00417	0.00417	0.00083	0.00417	0.00333	0.00333	0.83663
15	0.02139	0.01576	0.01689	0.01295	0.01745	0.01745	0.01070	0.74835	0.02646	0.03547	0.01351	0.01351	0.00957	0.00676	0.00563	0.00169	0.00619	0.00507	0.00563	0.00957
16	0.84197	0.01088	0.00827	0.00740	0.01088	0.01262	0.00609	0.01654	0.00958	0.02525	0.00784	0.00914	0.00609	0.00522	0.00348	0.00174	0.00435	0.00305	0.00348	0.00609

[dist]
# distance from previous block
# <min> <max>
0	6

[block]
# block no. 2 follows, 42 sequences, length 26
# corresponding to MSA columns:
# 210-220,254-268
name=unknown_C
#
# <colnr> <probs for GDERKNQSTAVLIFYWHMCP>
#	G	D	E	R	K	N	Q	S	T	A	V	L	I	F	Y	W	H	M	C	P
0	0.40079	0.01304	0.02080	0.01688	0.07432	0.01342	0.34744	0.01728	0.01152	0.02143	0.00967	0.01227	0.00742	0.00499	0.00509	0.00181	0.00688	0.00484	0.00314	0.00699
1	0.00819	0.00524	0.00700	0.00799	0.00861	0.00484	0.00545	0.00926	0.01116	0.06932	0.03038	0.74195	0.03553	0.01686	0.00707	0.00225	0.00338	0.01525	0.00535	0.00493
2	0.01231	0.01231	0.01724	0.01477	0.01477	0.01724	0.01231	0.01354	0.00862	0.01354	0.00739	0.01231	0.00739	0.00985	0.01847	0.00246	0.79192	0.00492	0.00246	0.00616
3	0.00783	0.00591	0.00734	0.00743	0.00892	0.00542	0.00588	0.01010	0.01431	0.01903	0.38129	0.05067	0.26118	0.01327	0.00691	0.00200	0.00330	0.17844	0.00567	0.00511
4	0.84197	0.01088	0.00827	0.00740	0.01088	0.01262	0.00609	0.01654	0.00958	0.02525	0.00784	0.00914	0.00609	0.00522	0.00348	0.00174	0.00435	0.00305	0.00348	0.00609
5	0.01231	0.01231	0.01724	0.01477	0.01477	0.01724	0.01231	0.01354	0.00862	0.01354	0.00739	0.01231	0.00739	0.00985	0.01847	0.00246	0.79192	0.00492	0.00246	0.00616
6	0.00970	0.00774	0.00946	0.00767	0.01071	0.00633	0.00595	0.01228	0.01394	0.02059	0.41155	0.02784	0.03217	0.00807	0.00548	0.00133	0.00336	0.00698	0.00486	0.39399
7	0.01173	0.01783	0.32749	0.42710	0.03146	0.01250	0.01734	0.01653	0.01179	0.05855	0.01073	0.01395	0.00771	0.00559	0.00551	0.00183	0.00768	0.00469	0.00270	0.00729
8	0.39791	0.00815	0.00787	0.00723	0.00957	0.00873	0.00568	0.01339	0.01296	0.02382	0.41053	0.02666	0.03112	0.00857	0.00516	0.00176	0.00345	0.00684	0.00493	0.00568
9	0.00804	0.00603	0.00904	0.00904	0.01005	0.00703	0.00703	0.01005	0.00904	0.01306	0.01507	0.02211	0.01407	0.04221	0.77992	0.00904	0.01507	0.00603	0.00301	0.00502
10	0.01494	0.01255	0.01325	0.01164	0.01499	0.01444	0.00913	0.12102	0.66431	0.02505	0.02171	0.02005	0.01621	0.00752	0.00571	0.00188	0.00467	0.00620	0.00571	0.00899
11	0.01542	0.00754	0.00924	0.00786	0.01089	0.00645	0.00629	0.01723	0.01436	0.36864	0.03991	0.03808	0.39140	0.01088	0.00622	0.00185	0.00383	0.03086	0.00604	0.00702
12	0.02065	0.01539	0.01647	0.01280	0.01717	0.01710	0.01052	0.67613	0.09990	0.03427	0.01446	0.01426	0.01034	0.00684	0.00564	0.00171	0.00602	0.00520	0.00564	0.00950
13	0.01505	0.80561	0.02949	0.00963	0.01444	0.02227	0.00963	0.01685	0.01143	0.01324	0.00782	0.00903	0.00722	0.00481	0.00361	0.00120	0.00602	0.00301	0.00241	0.00722
14	0.00969	0.00585	0.00651	0.00625	0.00779	0.00564	0.00472	0.01271	0.04465	0.03870	0.25384	0.03192	0.12801	0.00918	0.00525	0.00157	0.00279	0.00772	0.41176	0.00546
15	0.00848	0.00625	0.00827	0.00926	0.01065	0.00604	0.00788	0.01079	0.01293	0.01658	0.05399	0.08503	0.18034	0.01525	0.00750	0.00242	0.00459	0.54345	0.00522	0.00508
16	0.02342	0.01138	0.01404	0.01089	0.01519	0.01109	0.00895	0.21644	0.07262	0.52407	0.01998	0.01781	0.01302	0.00696	0.00566	0.00174	0.00513	0.00556	0.00653	0.00953
17	0.01063	0.01000	0.01688	0.78870	0.03876	0.01250	0.01563	0.01438	0.01125	0.01438	0.01000	0.01500	0.00750	0.00563	0.00563	0.00188	0.00750	0.00500	0.00250	0.00625
18	0.00772	0.00567	0.00796	0.00840	0.00918	0.00609	0.00622	0.00928	0.00981	0.01353	0.02214	0.24663	0.04951	0.09819	0.42646	0.00621	0.00992	0.04845	0.00387	0.00476
19	0.01154	0.00917	0.01509	0.09276	0.34354	0.00946	0.01140	0.01252	0.01022	0.01419	0.01067	0.01635	0.00972	0.03555	0.05474	0.32302	0.00649	0.00511	0.00266	0.00581
20	0.01125	0.01040	0.01667	0.69473	0.03595	0.01291	0.01498	0.04192	0.05202	0.01562	0.01075	0.01519	0.00810	0.00591	0.00603	0.00189	0.03133	0.00507	0.00279	0.00651
21	0.01018	0.00732	0.01072	0.01114	0.01287	0.00728	0.04856	0.03434	0.01347	0.04155	0.02809	0.05800	0.02985	0.01443	0.00758	0.00250	0.00543	0.64599	0.00513	0.00558
22	0.01289	0.01266	0.02320	0.04133	0.13689	0.01260	0.36701	0.01902	0.14651	0.01923	0.01477	0.04102	0.01174	0.00595	0.00597	0.00180	0.00705	0.00641	0.10635	0.00761
23	0.74899	0.07640	0.01077	0.00808	0.01173	0.01347	0.02868	0.01661	0.00984	0.02404	0.00794	0.00931	0.00626	0.00518	0.00359	0.00170	0.00464	0.00315	0.00338	0.00623
24	0.00885	0.00707	0.00983	0.00942	0.00995	0.00853	0.00712	0.01018	0.00885	0.01272	0.01502	0.06350	0.01546	0.21454	0.41333	0.00656	0.16430	0.00683	0.00311	0.00484
25	0.01532	0.61990	0.08544	0.01138	0.01631	0.10373	0.04888	0.01760	0.01206	0.01390	0.00828	0.00969	0.00729	0.00496	0.00406	0.00131	0.00683	0.00335	0.00248	0.00725

[dist]
# distance from previous block
# <min> <max>
0	10

[block]
# block no. 3 follows, 42 sequences, length 25
# corresponding to MSA columns:
# 279-303
name=unknown_D
#
# <colnr> <probs for GDERKNQSTAVLIFYWHMCP>
#	G	D	E	R	K	N	Q	S	T	A	V	L	I	F	Y	W	H	M	C	P
0	0.00796	0.00575	0.00752	0.00708	0.00841	0.00531	0.00531	0.01062	0.01593	0.02257	0.76415	0.04204	0.05310	0.01150	0.00664	0.00177	0.00265	0.01018	0.00619	0.00531
1	0.00696	0.00503	0.00661	0.00784	0.00831	0.00468	0.00536	0.00804	0.01101	0.01454	0.03250	0.71697	0.08014	0.01732	0.00718	0.00228	0.00334	0.05206	0.00522	0.00461
2	0.01237	0.01248	0.01818	0.01531	0.01564	0.01706	0.05588	0.01381	0.00890	0.01381	0.00762	0.01248	0.00746	0.00955	0.01777	0.00243	0.74551	0.00503	0.00249	0.00624
3	0.01167	0.01000	0.01167	0.00834	0.01334	0.00750	0.00667	0.01417	0.01167	0.01834	0.01000	0.01167	0.00834	0.00417	0.00417	0.00083	0.00417	0.00333	0.00333	0.83663
4	0.00853	0.00631	0.00832	0.00933	0.01076	0.00609	0.00800	0.01086	0.01293	0.01648	0.03584	0.06141	0.19500	0.01526	0.00752	0.00244	0.00466	0.56997	0.00519	0.00509
5	0.84197	0.01088	0.00827	0.00740	0.01088	0.01262	0.00609	0.01654	0.00958	0.02525	0.00784	0.00914	0.00609	0.00522	0.00348	0.00174	0.00435	0.00305	0.00348	0.00609
6	0.00978	0.00489	0.00733	0.00733	0.00733	0.00489	0.00489	0.00733	0.00733	0.00978	0.00978	0.01711	0.00978	0.01955	0.02199	0.83627	0.00489	0.00489	0.00244	0.00244
7	0.01505	0.80561	0.02949	0.00963	0.01444	0.02227	0.00963	0.01685	0.01143	0.01324	0.00782	0.00903	0.00722	0.00481	0.00361	0.00120	0.00602	0.00301	0.00241	0.00722
8	0.02363	0.01218	0.01467	0.01125	0.01566	0.01213	0.00929	0.33062	0.02046	0.46167	0.01855	0.01678	0.01210	0.00688	0.00565	0.00172	0.00538	0.00541	0.00640	0.00957
9	0.00818	0.00546	0.00614	0.00614	0.00614	0.00546	0.00341	0.00818	0.00818	0.01091	0.01773	0.03683	0.02046	0.80222	0.02864	0.00546	0.00546	0.00818	0.00341	0.00341
10	0.84197	0.01088	0.00827	0.00740	0.01088	0.01262	0.00609	0.01654	0.00958	0.02525	0.00784	0.00914	0.00609	0.00522	0.00348	0.00174	0.00435	0.00305	0.00348	0.00609
11	0.00686	0.00490	0.00653	0.00784	0.00816	0.00457	0.00522	0.00784	0.01077	0.01437	0.03102	0.79855	0.03722	0.01763	0.00718	0.00229	0.00326	0.01600	0.00522	0.00457
12	0.01167	0.01000	0.01167	0.00834	0.01334	0.00750	0.00667	0.01417	0.01167	0.01834	0.01000	0.01167	0.00834	0.00417	0.00417	0.00083	0.00417	0.00333	0.00333	0.83663
13	0.02525	0.00958	0.01306	0.01001	0.01437	0.00827	0.00827	0.02743	0.01611	0.77102	0.02220	0.01915	0.01393	0.00697	0.00566	0.00174	0.00479	0.00566	0.00697	0.00958
14	0.01129	0.02911	0.77306	0.01604	0.02436	0.01307	0.02079	0.01782	0.01188	0.01782	0.01010	0.01188	0.00713	0.00535	0.00535	0.00178	0.00832	0.00416	0.00238	0.00832
15	0.01705	0.02084	0.02481	0.01923	0.02357	0.38651	0.38879	0.02019	0.01458	0.01596	0.01008	0.01273	0.00791	0.00526	0.00588	0.00168	0.00981	0.00517	0.00287	0.00707
16	0.01743	0.00910	0.01233	0.01028	0.01248	0.00970	0.00815	0.01895	0.01221	0.38142	0.01728	0.02127	0.01370	0.16595	0.07988	0.00326	0.18852	0.00601	0.00489	0.00719
17	0.02525	0.00958	0.01306	0.01001	0.01437	0.00827	0.00827	0.02743	0.01611	0.77102	0.02220	0.01915	0.01393	0.00697	0.00566	0.00174	0.00479	0.00566	0.00697	0.00958
18	0.00705	0.00579	0.00625	0.00636	0.00814	0.00500	0.00492	0.00872	0.01313	0.01607	0.11918	0.05410	0.61551	0.01415	0.00678	0.00197	0.00310	0.09362	0.00531	0.00485
19	0.01362	0.02376	0.41150	0.01699	0.02327	0.14591	0.18671	0.01847	0.01298	0.03810	0.01150	0.05033	0.00911	0.00592	0.00570	0.00177	0.00857	0.00525	0.00284	0.00769
20	0.01267	0.01127	0.01491	0.36727	0.02578	0.01353	0.01215	0.04834	0.36772	0.01949	0.01621	0.01773	0.01219	0.00675	0.00604	0.00190	0.02858	0.00565	0.00415	0.00764
21	0.84197	0.01088	0.00827	0.00740	0.01088	0.01262	0.00609	0.01654	0.00958	0.02525	0.00784	0.00914	0.00609	0.00522	0.00348	0.00174	0.00435	0.00305	0.00348	0.00609
22	0.01158	0.00889	0.01035	0.00920	0.01182	0.00916	0.03002	0.01923	0.31239	0.08120	0.18200	0.03434	0.23644	0.01015	0.00620	0.00186	0.00382	0.00865	0.00569	0.00701
23	0.01634	0.01390	0.01839	0.01575	0.07765	0.01583	0.07502	0.32810	0.01727	0.02414	0.01086	0.01314	0.00863	0.00715	0.00956	0.00186	0.25016	0.00499	0.00396	0.08730
24	0.01167	0.01000	0.01167	0.00834	0.01334	0.00750	0.00667	0.01417	0.01167	0.01834	0.01000	0.01167	0.00834	0.00417	0.00417	0.00083	0.00417	0.00333	0.00333	0.83663

[dist]
# distance from previous block
# <min> <max>
0	2

[block]
# block no. 4 follows, 42 sequences, length 75
# corresponding to MSA columns:
# 322-396
name=unknown_E
#
# <colnr> <probs for GDERKNQSTAVLIFYWHMCP>
#	G	D	E	R	K	N	Q	S	T	A	V	L	I	F	Y	W	H	M	C	P
0	0.07326	0.01176	0.08164	0.08834	0.05083	0.00983	0.01043	0.04074	0.01493	0.53195	0.01830	0.01710	0.01187	0.00649	0.00549	0.00175	0.00546	0.00525	0.00568	0.00889
1	0.01237	0.33045	0.22964	0.01161	0.03597	0.01497	0.01189	0.03557	0.03407	0.01763	0.17714	0.03494	0.01840	0.00686	0.00501	0.00156	0.00583	0.00540	0.00349	0.00720
2	0.01170	0.00816	0.00979	0.00921	0.01065	0.00903	0.00672	0.01760	0.34843	0.01604	0.01575	0.01888	0.01314	0.01413	0.01459	0.45661	0.00469	0.00556	0.00394	0.00538
3	0.01400	0.01209	0.01273	0.01145	0.01463	0.01400	0.00891	0.02990	0.75695	0.02354	0.02291	0.02100	0.01718	0.00764	0.00573	0.00191	0.00445	0.00636	0.00573	0.00891
4	0.03225	0.00896	0.07493	0.01087	0.06807	0.00759	0.00821	0.01323	0.02727	0.09311	0.21239	0.19041	0.02855	0.06808	0.09540	0.00297	0.02339	0.02351	0.00475	0.00606
5	0.01759	0.01488	0.12654	0.03720	0.25243	0.01276	0.01353	0.14340	0.08955	0.21215	0.01515	0.01561	0.01082	0.00612	0.00559	0.00174	0.00616	0.00520	0.00455	0.00904
6	0.02102	0.02682	0.01595	0.01450	0.01740	0.77963	0.01087	0.02247	0.01595	0.01377	0.00870	0.01015	0.00725	0.00580	0.00507	0.00145	0.01015	0.00362	0.00290	0.00652
7	0.00665	0.00570	0.00570	0.00570	0.00760	0.00475	0.00428	0.00808	0.01283	0.01520	0.05701	0.05416	0.76483	0.01425	0.00665	0.00190	0.00285	0.01188	0.00523	0.00475
8	0.05804	0.06438	0.04720	0.07699	0.01704	0.01010	0.02460	0.02452	0.01485	0.57499	0.01882	0.01729	0.01219	0.00651	0.00543	0.00172	0.00533	0.00527	0.00584	0.00889
9	0.01517	0.01856	0.15049	0.04004	0.02069	0.16553	0.16049	0.04204	0.26684	0.04009	0.01486	0.01565	0.01112	0.00618	0.00571	0.00178	0.00742	0.00539	0.00393	0.00802
10	0.03573	0.00747	0.00945	0.00822	0.01031	0.00694	0.00608	0.01706	0.01208	0.34274	0.02047	0.03075	0.01829	0.36952	0.01625	0.00350	0.00512	0.06861	0.00511	0.00631
11	0.01322	0.01264	0.02156	0.19733	0.60990	0.01318	0.01692	0.01665	0.01248	0.01752	0.01046	0.01416	0.00861	0.00515	0.00558	0.00172	0.00686	0.00501	0.00272	0.00834
12	0.01165	0.01179	0.05402	0.46850	0.13333	0.01255	0.09938	0.01539	0.01189	0.03085	0.02721	0.01722	0.00988	0.00614	0.00633	0.00189	0.03813	0.03412	0.00285	0.00686
13	0.01322	0.01562	0.05673	0.02348	0.02925	0.01419	0.72360	0.01802	0.01324	0.01802	0.01134	0.01508	0.00849	0.00476	0.00660	0.00189	0.00945	0.00656	0.00283	0.00761
14	0.00726	0.00527	0.00694	0.00813	0.00878	0.00495	0.00587	0.00858	0.01136	0.01491	0.03301	0.59529	0.09851	0.01695	0.00725	0.00231	0.00359	0.15111	0.00522	0.00470
15	0.01430	0.08202	0.02442	0.02999	0.56891	0.05270	0.11144	0.01759	0.01291	0.01767	0.01036	0.01348	0.00864	0.00500	0.00552	0.00165	0.00717	0.00499	0.00277	0.00848
16	0.09018	0.01289	0.01387	0.01221	0.04627	0.07992	0.00957	0.24287	0.04759	0.24193	0.01781	0.02229	0.01403	0.00788	0.00573	0.00183	0.00578	0.11364	0.00541	0.00829
17	0.00686	0.00490	0.00653	0.00784	0.00816	0.00457	0.00522	0.00784	0.01077	0.01437	0.03102	0.79855	0.03722	0.01763	0.00718	0.00229	0.00326	0.01600	0.00522	0.00457
18	0.77178	0.01225	0.00893	0.00801	0.01144	0.07820	0.00650	0.01705	0.01012	0.02427	0.00791	0.00923	0.00619	0.00527	0.00362	0.00172	0.00485	0.00310	0.00343	0.00613
19	0.00772	0.00556	0.00602	0.00614	0.00711	0.00515	0.00414	0.00870	0.01075	0.01397	0.03524	0.07701	0.33110	0.33803	0.01554	0.00336	0.00402	0.04091	0.07529	0.00425
20	0.01639	0.01295	0.01627	0.09238	0.07128	0.02920	0.06185	0.39398	0.01969	0.04143	0.03645	0.12304	0.04316	0.00826	0.00596	0.00181	0.00602	0.00703	0.00483	0.00801
21	0.00805	0.00569	0.00748	0.00755	0.00802	0.00613	0.00515	0.00901	0.00871	0.01207	0.01720	0.06911	0.01841	0.41624	0.36940	0.00693	0.00972	0.00760	0.00332	0.00420
22	0.01575	0.71427	0.02790	0.01020	0.01479	0.11110	0.00978	0.01751	0.01196	0.01330	0.00793	0.00916	0.00723	0.00493	0.00378	0.00123	0.00650	0.00308	0.00247	0.00714
23	0.00978	0.00489	0.00733	0.00733	0.00733	0.00489	0.00489	0.00733	0.00733	0.00978	0.00978	0.01711	0.00978	0.01955	0.02199	0.83627	0.00489	0.00489	0.00244	0.00244
24	0.01588	0.52220	0.12612	0.01112	0.01629	0.01959	0.01125	0.14304	0.03472	0.03893	0.00992	0.01079	0.00807	0.00536	0.00430	0.00140	0.00628	0.00368	0.00317	0.00788
25	0.01184	0.07901	0.02030	0.47948	0.14832	0.01353	0.09426	0.01538	0.01169	0.01550	0.01027	0.01448	0.00803	0.00548	0.00577	0.00178	0.02399	0.00502	0.02899	0.00686
26	0.01129	0.02911	0.77306	0.01604	0.02436	0.01307	0.02079	0.01782	0.01188	0.01782	0.01010	0.01188	0.00713	0.00535	0.00535	0.00178	0.00832	0.00416	0.00238	0.00832
27	0.00729	0.00546	0.00676	0.00699	0.00813	0.00494	0.00503	0.00911	0.01352	0.01815	0.35727	0.28893	0.21954	0.01414	0.00682	0.00197	0.00290	0.01246	0.00565	0.00494
28	0.01945	0.01264	0.01342	0.01126	0.01497	0.07750	0.00896	0.07885	0.35722	0.31109	0.02076	0.01883	0.01455	0.00716	0.00564	0.00179	0.00519	0.00577	0.00595	0.00901
29	0.01400	0.01209	0.01273	0.01145	0.01463	0.01400	0.00891	0.02990	0.75695	0.02354	0.02291	0.02100	0.01718	0.00764	0.00573	0.00191	0.00445	0.00636	0.00573	0.00891
30	0.01302	0.00926	0.00964	0.00873	0.01116	0.01027	0.00678	0.08362	0.35212	0.02338	0.02001	0.02035	0.01526	0.00706	0.00489	0.00162	0.00376	0.00574	0.38604	0.00728
31	0.01580	0.35211	0.04554	0.01534	0.10538	0.03371	0.13383	0.05333	0.01334	0.11275	0.01235	0.04655	0.01037	0.00598	0.00502	0.00156	0.00655	0.01927	0.00345	0.00776
32	0.01385	0.05271	0.03026	0.03052	0.03081	0.00918	0.00788	0.03192	0.07924	0.14031	0.08207	0.01839	0.04452	0.00679	0.00569	0.03547	0.00452	0.00512	0.00437	0.36639
33	0.03756	0.43951	0.22951	0.01179	0.01732	0.08749	0.01259	0.01844	0.01228	0.07353	0.00964	0.01070	0.00769	0.00523	0.00437	0.00144	0.00688	0.00359	0.00283	0.00761
34	0.00804	0.00603	0.00904	0.00904	0.01005	0.00703	0.00703	0.01005	0.00904	0.01306	0.01507	0.02211	0.01407	0.04221	0.77992	0.00904	0.01507	0.00603	0.00301	0.00502
35	0.00801	0.00590	0.00835	0.00815	0.00930	0.00625	0.00625	0.01031	0.01218	0.01739	0.35593	0.03118	0.03183	0.02824	0.42805	0.00573	0.00942	0.00792	0.00446	0.00515
36	0.01377	0.01288	0.02208	0.13290	0.63184	0.01315	0.03641	0.01717	0.01271	0.03742	0.01083	0.01424	0.00885	0.00514	0.00561	0.00171	0.00682	0.00507	0.00286	0.00855
37	0.00978	0.00489	0.00733	0.00733	0.00733	0.00489	0.00489	0.00733	0.00733	0.00978	0.00978	0.01711	0.00978	0.01955	0.02199	0.83627	0.00489	0.00489	0.00244	0.00244
38	0.01400	0.01209	0.01273	0.01145	0.01463	0.01400	0.00891	0.02990	0.75695	0.02354	0.02291	0.02100	0.01718	0.00764	0.00573	0.00191	0.00445	0.00636	0.00573	0.00891
39	0.01328	0.01518	0.03321	0.02372	0.02941	0.01423	0.74668	0.01803	0.01328	0.01803	0.01139	0.01518	0.00854	0.00474	0.00664	0.00190	0.00949	0.00664	0.00285	0.00759
40	0.01010	0.00519	0.00760	0.00749	0.00762	0.00524	0.00505	0.02812	0.00787	0.01050	0.00988	0.01701	0.00977	0.01919	0.02154	0.81285	0.00492	0.00489	0.00253	0.00264
41	0.00693	0.00561	0.00620	0.00656	0.00808	0.00488	0.00490	0.00840	0.01252	0.01538	0.06898	0.20250	0.53808	0.01496	0.00685	0.00203	0.00313	0.07398	0.00525	0.00477
42	0.00818	0.00546	0.00614	0.00614	0.00614	0.00546	0.00341	0.00818	0.00818	0.01091	0.01773	0.03683	0.02046	0.80222	0.02864	0.00546	0.00546	0.00818	0.00341	0.00341
43	0.00685	0.00494	0.00649	0.00774	0.00814	0.00458	0.00518	0.00785	0.01087	0.01441	0.03224	0.76362	0.07137	0.01747	0.00716	0.00227	0.00325	0.01581	0.00522	0.00458
44	0.01301	0.01699	0.15258	0.04501	0.16971	0.01383	0.46832	0.01775	0.01291	0.01796	0.01098	0.01439	0.00835	0.00492	0.00620	0.00183	0.00871	0.00588	0.00275	0.00793
45	0.00755	0.00533	0.00700	0.00808	0.00856	0.00513	0.00573	0.00871	0.01080	0.01431	0.02851	0.51341	0.03335	0.15025	0.01095	0.00289	0.00404	0.16600	0.00491	0.00450
46	0.00801	0.00538	0.00682	0.00710	0.00734	0.00548	0.00454	0.00835	0.00882	0.01193	0.01947	0.19713	0.02208	0.43713	0.15071	0.07641	0.00656	0.00922	0.00365	0.00385
47	0.03103	0.17745	0.24307	0.04167	0.28380	0.06698	0.01585	0.03108	0.01254	0.01713	0.00968	0.01198	0.00782	0.00527	0.00529	0.00162	0.02278	0.00423	0.00265	0.00807
48	0.01416	0.01356	0.05250	0.04865	0.55074	0.03365	0.05311	0.01749	0.01308	0.06675	0.02980	0.03834	0.01151	0.00597	0.00574	0.00174	0.00666	0.02489	0.00325	0.00842
49	0.84197	0.01088	0.00827	0.00740	0.01088	0.01262	0.00609	0.01654	0.00958	0.02525	0.00784	0.00914	0.00609	0.00522	0.00348	0.00174	0.00435	0.00305	0.00348	0.00609
50	0.00696	0.00499	0.00674	0.00794	0.00832	0.00478	0.00538	0.00803	0.01063	0.01425	0.02965	0.73217	0.03524	0.01973	0.07325	0.00286	0.00427	0.01515	0.00504	0.00461
51	0.02377	0.00925	0.01259	0.00976	0.01386	0.00802	0.00802	0.02599	0.01609	0.70702	0.08564	0.02111	0.01728	0.00735	0.00574	0.00174	0.00461	0.00605	0.00690	0.00921
52	0.01167	0.01417	0.22210	0.01280	0.04756	0.01028	0.02749	0.09704	0.01250	0.05288	0.01429	0.01993	0.01229	0.05318	0.33150	0.00499	0.01046	0.03462	0.00341	0.00682
53	0.01184	0.01236	0.02431	0.44061	0.03451	0.01329	0.34828	0.01604	0.01218	0.01604	0.01063	0.01508	0.00797	0.00522	0.00609	0.00189	0.00841	0.00575	0.00266	0.00686
54	0.01676	0.01428	0.02058	0.02635	0.48260	0.01492	0.01478	0.29474	0.01799	0.02487	0.01170	0.01377	0.00916	0.00568	0.00559	0.00168	0.00650	0.00503	0.00387	0.00916
55	0.03683	0.02522	0.56966	0.01497	0.02223	0.01385	0.01789	0.17334	0.01504	0.04309	0.01110	0.01236	0.00781	0.00569	0.00536	0.00176	0.00766	0.00436	0.00323	0.00856
56	0.08847	0.00823	0.01053	0.00867	0.01179	0.00751	0.00695	0.02007	0.01548	0.42099	0.30475	0.02705	0.02824	0.00855	0.00585	0.00175	0.00394	0.00716	0.00637	0.00765
57	0.01201	0.00873	0.01062	0.04418	0.01299	0.00896	0.00785	0.19519	0.03114	0.04068	0.02331	0.34684	0.02476	0.03066	0.00702	0.00211	0.00465	0.11727	0.00508	0.06596
58	0.00796	0.00575	0.00752	0.00708	0.00841	0.00531	0.00531	0.01062	0.01593	0.02257	0.76415	0.04204	0.05310	0.01150	0.00664	0.00177	0.00265	0.01018	0.00619	0.00531
59	0.02102	0.02682	0.01595	0.01450	0.01740	0.77963	0.01087	0.02247	0.01595	0.01377	0.00870	0.01015	0.00725	0.00580	0.00507	0.00145	0.01015	0.00362	0.00290	0.00652
60	0.00978	0.00489	0.00733	0.00733	0.00733	0.00489	0.00489	0.00733	0.00733	0.00978	0.00978	0.01711	0.00978	0.01955	0.02199	0.83627	0.00489	0.00489	0.00244	0.00244
61	0.01297	0.44142	0.01846	0.00763	0.01085	0.01452	0.00704	0.01515	0.01160	0.01676	0.01262	0.01447	0.01050	0.00561	0.00376	0.00125	0.00447	0.00403	0.38056	0.00632
62	0.01202	0.00999	0.01171	0.00838	0.01336	0.00752	0.00671	0.01452	0.01179	0.03800	0.01032	0.01187	0.00848	0.00424	0.00421	0.00086	0.00418	0.00339	0.00343	0.81502
63	0.01559	0.00804	0.02799	0.00829	0.01130	0.00671	0.00678	0.01782	0.01515	0.36122	0.23556	0.03386	0.20816	0.00996	0.00616	0.00179	0.00381	0.00839	0.00622	0.00719
64	0.01132	0.44126	0.01904	0.00881	0.01159	0.01422	0.00762	0.01275	0.01113	0.01375	0.01838	0.36828	0.02087	0.01065	0.00524	0.00170	0.00477	0.00892	0.00369	0.00602
65	0.39043	0.01257	0.01815	0.01798	0.18675	0.01356	0.18176	0.01680	0.01109	0.02101	0.00925	0.01190	0.00741	0.00546	0.00597	0.00182	0.07341	0.00449	0.00309	0.00709
66	0.01400	0.01209	0.01273	0.01145	0.01463	0.01400	0.00891	0.02990	0.75695	0.02354	0.02291	0.02100	0.01718	0.00764	0.00573	0.00191	0.00445	0.00636	0.00573	0.00891
67	0.00796	0.00575	0.00752	0.00708	0.00841	0.00531	0.00531	0.01062	0.01593	0.02257	0.76415	0.04204	0.05310	0.01150	0.00664	0.00177	0.00265	0.01018	0.00619	0.00531
68	0.00686	0.00490	0.00653	0.00784	0.00816	0.00457	0.00522	0.00784	0.01077	0.01437	0.03102	0.79855	0.03722	0.01763	0.00718	0.00229	0.00326	0.01600	0.00522	0.00457
69	0.02506	0.00989	0.01325	0.01016	0.01452	0.00873	0.00839	0.06361	0.01663	0.73410	0.02177	0.01887	0.01371	0.00695	0.00566	0.00174	0.00486	0.00563	0.00690	0.00958
70	0.02102	0.02682	0.01595	0.01450	0.01740	0.77963	0.01087	0.02247	0.01595	0.01377	0.00870	0.01015	0.00725	0.00580	0.00507	0.00145	0.01015	0.00362	0.00290	0.00652
71	0.01129	0.02911	0.77306	0.01604	0.02436	0.01307	0.02079	0.01782	0.01188	0.01782	0.01010	0.01188	0.00713	0.00535	0.00535	0.00178	0.00832	0.00416	0.00238	0.00832
72	0.01237	0.02152	0.36986	0.02022	0.02711	0.01370	0.41638	0.01793	0.01265	0.01793	0.01080	0.01368	0.00790	0.00502	0.00605	0.00185	0.00895	0.00551	0.00263	0.00792
73	0.00779	0.00575	0.00727	0.00689	0.00830	0.00523	0.00517	0.01027	0.01551	0.02157	0.66802	0.04369	0.14986	0.01188	0.00664	0.00179	0.00268	0.01041	0.00606	0.00523
74	0.01123	0.44163	0.01867	0.00784	0.01133	0.01430	0.00719	0.01286	0.01207	0.01413	0.03020	0.02956	0.35196	0.00911	0.00499	0.00152	0.00458	0.00704	0.00369	0.00610

[dist]
# distance from previous block
# <min> <max>
0	1

[block]
# block no. 5 follows, 42 sequences, length 35
# corresponding to MSA columns:
# 398-432
name=unknown_F
#
# <colnr> <probs for GDERKNQSTAVLIFYWHMCP>
#	G	D	E	R	K	N	Q	S	T	A	V	L	I	F	Y	W	H	M	C	P
0	0.04412	0.13624	0.26825	0.01587	0.02139	0.24336	0.15867	0.01907	0.01323	0.01626	0.00953	0.01151	0.00742	0.00528	0.00521	0.00162	0.00863	0.00428	0.00267	0.00740
1	0.84197	0.01088	0.00827	0.00740	0.01088	0.01262	0.00609	0.01654	0.00958	0.02525	0.00784	0.00914	0.00609	0.00522	0.00348	0.00174	0.00435	0.00305	0.00348	0.00609
2	0.00977	0.00865	0.01400	0.37069	0.14887	0.00968	0.01201	0.01241	0.01133	0.01504	0.01796	0.30797	0.01886	0.01002	0.00620	0.00199	0.00578	0.00912	0.00357	0.00607
3	0.02139	0.01576	0.01689	0.01295	0.01745	0.01745	0.01070	0.74835	0.02646	0.03547	0.01351	0.01351	0.00957	0.00676	0.00563	0.00169	0.00619	0.00507	0.00563	0.00957
4	0.01050	0.01643	0.37223	0.01148	0.01544	0.00879	0.01247	0.01233	0.00950	0.01361	0.00993	0.01462	0.00851	0.01278	0.01406	0.43861	0.00652	0.00454	0.00241	0.00524
5	0.01063	0.01000	0.01688	0.78870	0.03876	0.01250	0.01563	0.01438	0.01125	0.01438	0.01000	0.01500	0.00750	0.00563	0.00563	0.00188	0.00750	0.00500	0.00250	0.00625
6	0.41242	0.01344	0.01278	0.01030	0.01432	0.01515	0.00850	0.39962	0.01841	0.03060	0.01081	0.01143	0.00791	0.00603	0.00461	0.00171	0.00532	0.00410	0.00461	0.00791
7	0.44882	0.27331	0.01641	0.00912	0.01302	0.09715	0.00796	0.04866	0.01158	0.02054	0.00817	0.00940	0.00674	0.00522	0.00379	0.00153	0.00559	0.00318	0.00316	0.00666
8	0.01894	0.01064	0.01466	0.01198	0.01426	0.01213	0.00989	0.02062	0.01252	0.40997	0.01550	0.01675	0.01127	0.03600	0.01212	0.00219	0.35243	0.00542	0.00485	0.00785
9	0.00949	0.00796	0.00936	0.00807	0.03047	0.00641	0.00604	0.01167	0.01269	0.01788	0.13568	0.04695	0.24791	0.00890	0.00547	0.00139	0.00361	0.02428	0.00440	0.40136
10	0.00796	0.00575	0.00752	0.00708	0.00841	0.00531	0.00531	0.01062	0.01593	0.02257	0.76415	0.04204	0.05310	0.01150	0.00664	0.00177	0.00265	0.01018	0.00619	0.00531
11	0.01099	0.02120	0.46806	0.01595	0.07756	0.01150	0.07359	0.01655	0.03401	0.01909	0.17653	0.01919	0.01778	0.00669	0.00576	0.00178	0.00693	0.00580	0.00338	0.00766
12	0.01209	0.01250	0.02418	0.38955	0.12239	0.01330	0.31078	0.01620	0.01226	0.01633	0.01063	0.01495	0.00809	0.00520	0.00603	0.00186	0.00821	0.00566	0.00267	0.00711
13	0.01099	0.00895	0.01468	0.40339	0.04053	0.01000	0.06369	0.01421	0.02992	0.07244	0.03236	0.22198	0.01761	0.00920	0.00618	0.00199	0.00609	0.02577	0.00380	0.00623
14	0.01500	0.01133	0.01289	0.00984	0.01409	0.01060	0.00792	0.26548	0.01728	0.05596	0.08340	0.05118	0.01450	0.00647	0.00510	0.00132	0.00470	0.00524	0.00463	0.40306
15	0.00686	0.00490	0.00653	0.00784	0.00816	0.00457	0.00522	0.00784	0.01077	0.01437	0.03102	0.79855	0.03722	0.01763	0.00718	0.00229	0.00326	0.01600	0.00522	0.00457
16	0.01523	0.08901	0.01819	0.38365	0.06424	0.15521	0.01330	0.16078	0.01520	0.01851	0.01028	0.01321	0.00791	0.00577	0.00533	0.00169	0.00755	0.00458	0.00320	0.00718
17	0.01328	0.01518	0.03321	0.02372	0.02941	0.01423	0.74668	0.01803	0.01328	0.01803	0.01139	0.01518	0.00854	0.00474	0.00664	0.00190	0.00949	0.00664	0.00285	0.00759
18	0.00978	0.00489	0.00733	0.00733	0.00733	0.00489	0.00489	0.00733	0.00733	0.00978	0.00978	0.01711	0.00978	0.01955	0.02199	0.83627	0.00489	0.00489	0.00244	0.00244
19	0.00880	0.00581	0.00721	0.00694	0.00782	0.00563	0.00474	0.01011	0.01164	0.05238	0.27598	0.05889	0.07375	0.35425	0.08859	0.00406	0.00516	0.00897	0.00465	0.00462
20	0.00684	0.00497	0.00645	0.00764	0.00811	0.00459	0.00514	0.00786	0.01097	0.01444	0.03346	0.72874	0.10546	0.01731	0.00713	0.00225	0.00323	0.01561	0.00522	0.00459
21	0.17525	0.01204	0.05986	0.23752	0.29971	0.01214	0.01368	0.01546	0.01149	0.01820	0.01177	0.08676	0.01051	0.00643	0.00531	0.00181	0.00623	0.00560	0.00305	0.00717
22	0.00734	0.00630	0.00636	0.00624	0.00826	0.00562	0.00471	0.01012	0.08262	0.01598	0.05381	0.05105	0.69471	0.01363	0.00656	0.00190	0.00300	0.01136	0.00527	0.00514
23	0.01400	0.01209	0.01273	0.01145	0.01463	0.01400	0.00891	0.02990	0.75695	0.02354	0.02291	0.02100	0.01718	0.00764	0.00573	0.00191	0.00445	0.00636	0.00573	0.00891
24	0.01359	0.13910	0.24484	0.02230	0.27977	0.03493	0.11700	0.03436	0.02954	0.01777	0.01043	0.01281	0.00824	0.00516	0.00535	0.00166	0.00748	0.00468	0.00275	0.00825
25	0.00814	0.00604	0.00890	0.00902	0.01001	0.00690	0.00705	0.01011	0.00937	0.01331	0.01659	0.02672	0.01610	0.07726	0.67038	0.00826	0.01367	0.07396	0.00324	0.00496
26	0.28437	0.01057	0.01190	0.00946	0.01355	0.01052	0.00781	0.09158	0.01500	0.46509	0.01682	0.01544	0.01103	0.00639	0.00496	0.00174	0.00478	0.00477	0.00573	0.00847
27	0.01484	0.76382	0.06951	0.00997	0.01498	0.02177	0.01023	0.01690	0.01146	0.01349	0.00795	0.00918	0.00722	0.00484	0.00370	0.00123	0.00614	0.00307	0.00241	0.00728
28	0.01306	0.03332	0.14316	0.37278	0.08593	0.01313	0.08567	0.08499	0.01334	0.05179	0.01102	0.01420	0.00816	0.00554	0.00557	0.00176	0.00735	0.00494	0.00306	0.04124
29	0.00686	0.00490	0.00653	0.00784	0.00816	0.00457	0.00522	0.00784	0.01077	0.01437	0.03102	0.79855	0.03722	0.01763	0.00718	0.00229	0.00326	0.01600	0.00522	0.00457
30	0.00849	0.01308	0.25753	0.01089	0.01399	0.00761	0.02874	0.01142	0.01133	0.01580	0.04262	0.50267	0.02709	0.01314	0.00656	0.00210	0.00505	0.01175	0.00426	0.00589
31	0.01735	0.27371	0.14850	0.01442	0.08782	0.08585	0.04467	0.06981	0.01414	0.17491	0.01210	0.01277	0.00899	0.00559	0.00492	0.00154	0.00675	0.00430	0.00368	0.00817
32	0.45608	0.34289	0.01737	0.00846	0.01254	0.01644	0.00768	0.01721	0.01068	0.05708	0.00854	0.00959	0.00695	0.00514	0.00364	0.00152	0.00507	0.00316	0.00321	0.00674
33	0.00700	0.00531	0.00688	0.04600	0.00956	0.00500	0.00555	0.00821	0.01120	0.01453	0.03510	0.61324	0.17904	0.01637	0.00700	0.00219	0.00339	0.01464	0.00509	0.00469
34	0.05319	0.49383	0.16638	0.01262	0.05691	0.08318	0.01215	0.01743	0.01181	0.01499	0.00846	0.01001	0.00725	0.00516	0.00455	0.00142	0.02734	0.00344	0.00251	0.00738

[dist]
# distance from previous block
# <min> <max>
1	4

[block]
# block no. 6 follows, 42 sequences, length 25
# corresponding to MSA columns:
# 514-538
name=unknown_G
#
# <colnr> <probs for GDERKNQSTAVLIFYWHMCP>
#	G	D	E	R	K	N	Q	S	T	A	V	L	I	F	Y	W	H	M	C	P
0	0.04503	0.26013	0.12138	0.01837	0.21341	0.13644	0.04880	0.01865	0.01287	0.06143	0.01002	0.01177	0.00808	0.00523	0.00485	0.00153	0.00718	0.00412	0.00291	0.00782
1	0.00978	0.00489	0.00733	0.00733	0.00733	0.00489	0.00489	0.00733	0.00733	0.00978	0.00978	0.01711	0.00978	0.01955	0.02199	0.83627	0.00489	0.00489	0.00244	0.00244
2	0.01167	0.01000	0.01167	0.00834	0.01334	0.00750	0.00667	0.01417	0.01167	0.01834	0.01000	0.01167	0.00834	0.00417	0.00417	0.00083	0.00417	0.00333	0.00333	0.83663
3	0.01803	0.28500	0.17731	0.01183	0.01715	0.03933	0.01187	0.15926	0.01562	0.19438	0.01275	0.01286	0.00921	0.00582	0.00488	0.00155	0.00637	0.00427	0.00409	0.00842
4	0.43630	0.01038	0.01055	0.00871	0.01250	0.01076	0.00713	0.05666	0.01299	0.30733	0.01449	0.04283	0.01047	0.00639	0.00457	0.00173	0.00456	0.00463	0.00497	0.03203
5	0.01101	0.00895	0.01015	0.00929	0.01155	0.00970	0.00713	0.02036	0.39005	0.02306	0.38992	0.03141	0.03496	0.00955	0.00618	0.00184	0.00356	0.00825	0.00596	0.00713
6	0.01097	0.00956	0.01527	0.02158	0.38482	0.00945	0.01212	0.01364	0.01271	0.01751	0.06680	0.15748	0.04520	0.01038	0.00648	0.00201	0.00539	0.18763	0.00407	0.00692
7	0.01178	0.01056	0.01474	0.44431	0.02772	0.01267	0.01245	0.02015	0.29912	0.01838	0.05804	0.01886	0.01384	0.00674	0.00572	0.00188	0.00605	0.00582	0.00396	0.00722
8	0.01688	0.00970	0.01219	0.01090	0.01390	0.00974	0.00924	0.19963	0.01724	0.24283	0.02351	0.03803	0.02129	0.01084	0.00662	0.00212	0.00532	0.33664	0.00582	0.00756
9	0.01328	0.01518	0.03321	0.02372	0.02941	0.01423	0.74668	0.01803	0.01328	0.01803	0.01139	0.01518	0.00854	0.00474	0.00664	0.00190	0.00949	0.00664	0.00285	0.00759
10	0.01686	0.01337	0.05716	0.11742	0.21175	0.01285	0.11021	0.12259	0.07109	0.18765	0.01451	0.01576	0.01042	0.00595	0.00575	0.00177	0.00658	0.00544	0.00428	0.00861
11	0.01777	0.01380	0.09597	0.04478	0.02150	0.01162	0.26932	0.08564	0.01514	0.29694	0.01644	0.05836	0.01198	0.00653	0.00605	0.00183	0.00694	0.00633	0.00468	0.00836
12	0.00978	0.00489	0.00733	0.00733	0.00733	0.00489	0.00489	0.00733	0.00733	0.00978	0.00978	0.01711	0.00978	0.01955	0.02199	0.83627	0.00489	0.00489	0.00244	0.00244
13	0.00665	0.00570	0.00570	0.00570	0.00760	0.00475	0.00428	0.00808	0.01283	0.01520	0.05701	0.05416	0.76483	0.01425	0.00665	0.00190	0.00285	0.01188	0.00523	0.00475
14	0.84197	0.01088	0.00827	0.00740	0.01088	0.01262	0.00609	0.01654	0.00958	0.02525	0.00784	0.00914	0.00609	0.00522	0.00348	0.00174	0.00435	0.00305	0.00348	0.00609
15	0.01194	0.01135	0.01926	0.48811	0.32906	0.01285	0.01628	0.01553	0.01188	0.01598	0.01023	0.01458	0.00806	0.00538	0.00560	0.00179	0.00718	0.00501	0.00261	0.00731
16	0.02139	0.01576	0.01689	0.01295	0.01745	0.01745	0.01070	0.74835	0.02646	0.03547	0.01351	0.01351	0.00957	0.00676	0.00563	0.00169	0.00619	0.00507	0.00563	0.00957
17	0.01160	0.04508	0.20677	0.03591	0.09861	0.01159	0.14959	0.05216	0.05259	0.01897	0.12384	0.02324	0.10175	0.03550	0.00675	0.00192	0.00642	0.00673	0.00375	0.00724
18	0.84197	0.01088	0.00827	0.00740	0.01088	0.01262	0.00609	0.01654	0.00958	0.02525	0.00784	0.00914	0.00609	0.00522	0.00348	0.00174	0.00435	0.00305	0.00348	0.00609
19	0.01752	0.01063	0.01188	0.00987	0.01317	0.01123	0.00791	0.19980	0.21314	0.20067	0.01928	0.01874	0.01386	0.00699	0.00522	0.00166	0.00448	0.00559	0.22008	0.00828
20	0.01395	0.05885	0.11255	0.22721	0.08886	0.09381	0.12981	0.06476	0.05035	0.03672	0.01157	0.03165	0.00914	0.00603	0.00617	0.00179	0.04098	0.00524	0.00314	0.00741
21	0.00932	0.00614	0.00747	0.00691	0.00875	0.00543	0.00526	0.01150	0.01486	0.09867	0.43887	0.04387	0.29787	0.01199	0.00654	0.00181	0.00295	0.01030	0.00594	0.00556
22	0.01297	0.17646	0.13857	0.01526	0.09116	0.03664	0.10013	0.01701	0.05912	0.03793	0.10489	0.01916	0.01541	0.00707	0.00678	0.00175	0.08539	0.04433	0.00348	0.02649
23	0.00818	0.00549	0.00630	0.00630	0.00635	0.00554	0.00361	0.00829	0.00823	0.01103	0.01759	0.03602	0.02011	0.76030	0.07008	0.00565	0.00599	0.00807	0.00339	0.00350
24	0.07226	0.11744	0.05939	0.05535	0.07109	0.04481	0.15932	0.11056	0.03412	0.04634	0.01286	0.08016	0.01103	0.00638	0.00536	0.00164	0.00652	0.00567	0.00362	0.09606

[dist]
# distance from previous block
# <min> <max>
0	16

[block]
# block no. 7 follows, 42 sequences, length 28
# corresponding to MSA columns:
# 555-561,563-583
name=unknown_H
#
# <colnr> <probs for GDERKNQSTAVLIFYWHMCP>
#	G	D	E	R	K	N	Q	S	T	A	V	L	I	F	Y	W	H	M	C	P
0	0.01571	0.03250	0.03193	0.05033	0.07621	0.01320	0.10629	0.20560	0.15290	0.07481	0.03266	0.01677	0.02919	0.00630	0.00555	0.00164	0.00588	0.00549	0.00453	0.13251
1	0.00711	0.00532	0.00655	0.00715	0.00808	0.00483	0.00503	0.00851	0.01219	0.01599	0.16910	0.42467	0.22614	0.04450	0.00775	0.00222	0.00318	0.03163	0.00533	0.00472
2	0.03315	0.01452	0.12635	0.01349	0.07687	0.01273	0.01109	0.09846	0.33278	0.04270	0.01676	0.01759	0.01286	0.00657	0.00540	0.00168	0.00537	0.02438	0.00456	0.14270
3	0.00796	0.00575	0.00752	0.00708	0.00841	0.00531	0.00531	0.01062	0.01593	0.02257	0.76415	0.04204	0.05310	0.01150	0.00664	0.00177	0.00265	0.01018	0.00619	0.00531
4	0.00818	0.00546	0.00614	0.00614	0.00614	0.00546	0.00341	0.00818	0.00818	0.01091	0.01773	0.03683	0.02046	0.80222	0.02864	0.00546	0.00546	0.00818	0.00341	0.00341
5	0.01400	0.01209	0.01273	0.01145	0.01463	0.01400	0.00891	0.02990	0.75695	0.02354	0.02291	0.02100	0.01718	0.00764	0.00573	0.00191	0.00445	0.00636	0.00573	0.00891
6	0.01400	0.01209	0.01273	0.01145	0.01463	0.01400	0.00891	0.02990	0.75695	0.02354	0.02291	0.02100	0.01718	0.00764	0.00573	0.00191	0.00445	0.00636	0.00573	0.00891
7	0.01075	0.01017	0.01691	0.73106	0.03697	0.01286	0.01538	0.01432	0.01106	0.01432	0.00981	0.01480	0.00749	0.00594	0.00658	0.00192	0.06592	0.00500	0.00250	0.00624
