[name]
unknown

[dist]
# distance from previous block
# <min> <max>
0	424

[block]
# block no. 0 follows, 40 sequences, length 13
# corresponding to MSA columns:
# 426-438
name=unknown_A
#
# <colnr> <probs for GDERKNQSTAVLIFYWHMCP>
#	G	D	E	R	K	N	Q	S	T	A	V	L	I	F	Y	W	H	M	C	P
0	0.01016	0.04342	0.13789	0.01158	0.01423	0.00934	0.03994	0.04181	0.04131	0.01736	0.02414	0.32692	0.02620	0.01327	0.00750	0.00226	0.04179	0.18008	0.00458	0.00622
1	0.06736	0.03077	0.21791	0.01136	0.01491	0.00945	0.05012	0.01326	0.01249	0.01824	0.14697	0.19057	0.08060	0.03994	0.00771	0.00215	0.03707	0.03856	0.00425	0.00632
2	0.07125	0.08714	0.09790	0.07937	0.01909	0.01278	0.06663	0.04804	0.08854	0.22428	0.01565	0.01729	0.01155	0.00665	0.00602	0.00178	0.03693	0.02979	0.00455	0.07476
3	0.03994	0.01284	0.08310	0.17029	0.04852	0.01191	0.13757	0.08014	0.07585	0.08793	0.10140	0.07237	0.01773	0.00780	0.00620	0.00193	0.00648	0.02609	0.00436	0.00756
4	0.00946	0.00666	0.00821	0.00789	0.00939	0.00643	0.00579	0.01306	0.09256	0.05523	0.42383	0.16140	0.09638	0.06720	0.00839	0.00220	0.00336	0.01084	0.00595	0.00578
5	0.01238	0.00863	0.01321	0.12856	0.10856	0.00875	0.03873	0.01474	0.01319	0.14178	0.11790	0.25736	0.05879	0.01107	0.00705	0.00203	0.03586	0.00982	0.00488	0.00670
6	0.01751	0.01221	0.04729	0.03278	0.12328	0.01137	0.10207	0.10884	0.06823	0.24931	0.01951	0.12220	0.01612	0.00834	0.00624	0.00193	0.00600	0.03308	0.00519	0.00851
7	0.02546	0.01247	0.01393	0.01102	0.01530	0.11879	0.00894	0.02760	0.01662	0.65524	0.02093	0.01845	0.01340	0.00702	0.00576	0.00176	0.00575	0.00554	0.00659	0.00944
8	0.00756	0.00532	0.00681	0.00761	0.00833	0.00494	0.00526	0.00907	0.01242	0.01709	0.17897	0.53854	0.08758	0.01591	0.00704	0.00216	0.00317	0.01426	0.06302	0.00494
9	0.08280	0.13814	0.22799	0.04497	0.02050	0.08137	0.09010	0.08034	0.05750	0.08898	0.01230	0.01351	0.00909	0.00586	0.00527	0.00172	0.00729	0.00466	0.01949	0.00811
10	0.02006	0.01033	0.01261	0.01024	0.01397	0.01001	0.00825	0.13579	0.10733	0.40122	0.07281	0.05610	0.09723	0.00881	0.00609	0.00185	0.00471	0.00727	0.00651	0.00878
11	0.00798	0.00574	0.00752	0.00812	0.00903	0.00542	0.00601	0.00984	0.01325	0.01795	0.27398	0.32418	0.07171	0.06762	0.00881	0.00245	0.00367	0.14611	0.00560	0.00502
12	0.00917	0.00668	0.00903	0.00885	0.00985	0.00744	0.00655	0.05798	0.01046	0.01462	0.01724	0.07935	0.01738	0.20795	0.50202	0.00753	0.01189	0.00738	0.00354	0.00510

[dist]
# distance from previous block
# <min> <max>
3	44

[block]
# block no. 1 follows, 40 sequences, length 30
# corresponding to MSA columns:
# 483-503,507-515
name=unknown_B
#
# <colnr> <probs for GDERKNQSTAVLIFYWHMCP>
#	G	D	E	R	K	N	Q	S	T	A	V	L	I	F	Y	W	H	M	C	P
0	0.01402	0.06309	0.20464	0.08646	0.02337	0.01438	0.18778	0.05375	0.09709	0.06866	0.01472	0.01661	0.03857	0.00663	0.00723	0.00193	0.08377	0.00572	0.00358	0.00801
1	0.01176	0.01096	0.01756	0.36679	0.05804	0.01270	0.09798	0.01714	0.12466	0.01716	0.04487	0.02157	0.01366	0.04995	0.00841	0.00222	0.06565	0.04849	0.00352	0.00688
2	0.01492	0.03324	0.04471	0.22467	0.13252	0.01390	0.19597	0.07108	0.10014	0.08988	0.01373	0.01616	0.01016	0.00592	0.00602	0.00187	0.00740	0.00575	0.00376	0.00818
3	0.01814	0.01492	0.18297	0.08933	0.04022	0.01109	0.02765	0.10747	0.01586	0.30806	0.04501	0.05927	0.01418	0.00731	0.00586	0.00184	0.00614	0.00610	0.02996	0.00862
4	0.02598	0.01008	0.01361	0.01043	0.01494	0.00882	0.00862	0.04886	0.01695	0.74243	0.02268	0.01962	0.01427	0.00719	0.00585	0.00180	0.00499	0.00583	0.00716	0.00990
5	0.01647	0.61636	0.06771	0.01123	0.01604	0.15957	0.01081	0.01853	0.01269	0.01404	0.00838	0.00970	0.00746	0.00519	0.00411	0.00132	0.00713	0.00329	0.00258	0.00739
6	0.01802	0.01384	0.11588	0.18319	0.10601	0.01196	0.05419	0.05332	0.02613	0.30435	0.01560	0.01653	0.01072	0.00644	0.00636	0.00187	0.03693	0.00543	0.00458	0.00864
7	0.00889	0.00563	0.00753	0.00753	0.00782	0.00592	0.00500	0.00874	0.00845	0.01155	0.01520	0.02799	0.01614	0.36463	0.23355	0.24352	0.00822	0.00686	0.00312	0.00370
8	0.00724	0.00517	0.00692	0.00827	0.00867	0.00485	0.00566	0.00836	0.01128	0.01501	0.03197	0.74363	0.03813	0.01808	0.00746	0.00238	0.00351	0.06324	0.00540	0.00477
9	0.01197	0.01239	0.05941	0.34203	0.02877	0.01275	0.15985	0.01846	0.15357	0.01830	0.05961	0.02156	0.01442	0.00706	0.00624	0.00199	0.00715	0.05352	0.00370	0.00725
10	0.15479	0.01679	0.14897	0.01752	0.13701	0.01453	0.09598	0.22218	0.03550	0.08324	0.01258	0.01383	0.00917	0.00598	0.00551	0.00180	0.00677	0.00498	0.00417	0.00870
11	0.00827	0.00560	0.00636	0.00648	0.00658	0.00553	0.00372	0.00842	0.00888	0.01176	0.02110	0.10480	0.05128	0.69714	0.02677	0.00521	0.00533	0.00931	0.00376	0.00368
12	0.01360	0.01656	0.07849	0.02403	0.03008	0.01463	0.69493	0.01861	0.01364	0.01861	0.01168	0.01548	0.00874	0.00494	0.00678	0.00195	0.00973	0.00671	0.00291	0.00789
13	0.01215	0.01128	0.03643	0.26214	0.07244	0.01248	0.05091	0.08908	0.07069	0.01864	0.04648	0.16231	0.01660	0.00911	0.00782	0.00205	0.10084	0.00770	0.00389	0.00696
14	0.06298	0.08381	0.06074	0.01324	0.01755	0.01585	0.07810	0.25183	0.26164	0.02596	0.01602	0.01641	0.01209	0.00872	0.04714	0.00222	0.00662	0.00553	0.00483	0.00873
15	0.01610	0.07458	0.01615	0.01134	0.03492	0.01063	0.06242	0.06265	0.03414	0.17344	0.01346	0.01414	0.01007	0.00528	0.00494	0.00127	0.00520	0.00441	0.00430	0.44054
16	0.01802	0.04412	0.19016	0.01321	0.01835	0.03138	0.07356	0.14891	0.01684	0.25188	0.07525	0.04229	0.03474	0.00737	0.00592	0.00181	0.00638	0.00618	0.00505	0.00862
17	0.09675	0.01060	0.01342	0.01039	0.01482	0.00981	0.00858	0.09240	0.01703	0.63236	0.02082	0.01835	0.01327	0.00702	0.00565	0.00179	0.00504	0.00556	0.00676	0.00958
18	0.00937	0.00531	0.00717	0.00720	0.00724	0.00534	0.00458	0.00801	0.00804	0.01075	0.01378	0.04100	0.01491	0.30706	0.05246	0.47958	0.00562	0.00658	0.00297	0.00304
19	0.10907	0.07122	0.07626	0.01172	0.01587	0.04846	0.05227	0.13812	0.04086	0.16622	0.05748	0.04953	0.03417	0.00794	0.00569	0.00181	0.00584	0.06278	0.00490	0.03979
20	0.00843	0.00632	0.00787	0.00762	0.00906	0.00601	0.00565	0.01186	0.07077	0.02160	0.54268	0.13770	0.11709	0.01266	0.00686	0.00192	0.00298	0.01115	0.00614	0.00562
21	0.01798	0.00847	0.01014	0.00840	0.01138	0.00810	0.00673	0.10252	0.01597	0.31617	0.06891	0.02149	0.01678	0.00730	0.00515	0.00161	0.00402	0.00591	0.35526	0.00770
22	0.03167	0.37086	0.04250	0.00992	0.01356	0.03846	0.00903	0.01696	0.03313	0.09584	0.07401	0.04229	0.04214	0.01146	0.09288	0.00246	0.02649	0.01883	0.02046	0.00706
23	0.02021	0.01264	0.04310	0.09407	0.06769	0.01257	0.01109	0.22191	0.01774	0.31465	0.01665	0.01776	0.01184	0.05462	0.00806	0.00207	0.05353	0.00562	0.00536	0.00884
24	0.00736	0.00535	0.00680	0.00775	0.00838	0.00497	0.00532	0.00854	0.01163	0.01533	0.08217	0.55465	0.12504	0.08285	0.00922	0.00257	0.00357	0.04849	0.00530	0.00473
25	0.00714	0.00516	0.00676	0.00793	0.00842	0.00478	0.00535	0.00828	0.01157	0.01540	0.07727	0.70677	0.07836	0.01765	0.00736	0.00231	0.00331	0.01594	0.00546	0.00478
26	0.09526	0.16754	0.09593	0.09634	0.02063	0.01581	0.09162	0.17518	0.06144	0.08499	0.01309	0.01522	0.00999	0.00626	0.00535	0.00175	0.00666	0.02468	0.00406	0.00818
27	0.11814	0.07816	0.06493	0.11642	0.02182	0.06237	0.18539	0.05842	0.05423	0.03457	0.01368	0.03813	0.01156	0.00692	0.00605	0.00188	0.02690	0.05935	0.03382	0.00725
28	0.07106	0.01361	0.09629	0.08618	0.01882	0.03240	0.08709	0.11947	0.03671	0.05807	0.01478	0.05984	0.02583	0.05988	0.03568	0.00227	0.03054	0.00593	0.01943	0.12614
29	0.01472	0.09513	0.01523	0.01165	0.01462	0.14287	0.05300	0.07299	0.14754	0.06070	0.10722	0.16236	0.02197	0.00944	0.00602	0.00183	0.00582	0.02392	0.00482	0.02814

[dist]
# distance from previous block
# <min> <max>
0	27

[block]
# block no. 2 follows, 40 sequences, length 21
# corresponding to MSA columns:
# 543-563
name=unknown_C
#
# <colnr> <probs for GDERKNQSTAVLIFYWHMCP>
#	G	D	E	R	K	N	Q	S	T	A	V	L	I	F	Y	W	H	M	C	P
0	0.09700	0.01049	0.03252	0.06349	0.01533	0.01087	0.04679	0.06326	0.08430	0.07425	0.20055	0.07606	0.02333	0.00891	0.00744	0.00190	0.09581	0.00723	0.02329	0.05718
1	0.01210	0.01379	0.12365	0.01251	0.01668	0.04127	0.09970	0.06322	0.01345	0.01907	0.08814	0.05173	0.04140	0.01143	0.09590	0.00251	0.04971	0.00611	0.00374	0.23390
2	0.01282	0.00860	0.03062	0.04129	0.01330	0.00770	0.02748	0.01628	0.05209	0.16716	0.33295	0.03211	0.04518	0.01186	0.05765	0.00230	0.00497	0.04690	0.00561	0.08313
3	0.04048	0.00999	0.01531	0.08338	0.01720	0.01090	0.13317	0.04550	0.06427	0.03314	0.15452	0.14604	0.04656	0.01086	0.02768	0.00224	0.11778	0.00855	0.02592	0.00651
4	0.04387	0.00674	0.00792	0.00802	0.02900	0.00677	0.00498	0.01186	0.04950	0.07082	0.05168	0.10517	0.02261	0.53204	0.02173	0.00441	0.00518	0.00870	0.00422	0.00478
5	0.00838	0.00563	0.00649	0.00657	0.00663	0.00566	0.00379	0.00852	0.00864	0.01157	0.01896	0.07872	0.02181	0.72105	0.05998	0.00562	0.00594	0.00880	0.00361	0.00366
6	0.10129	0.01044	0.01266	0.00996	0.01403	0.01001	0.00818	0.13014	0.01705	0.49944	0.01974	0.01817	0.01302	0.00694	0.00542	0.00174	0.00486	0.00545	0.10245	0.00903
7	0.02554	0.01079	0.01405	0.01077	0.01529	0.00987	0.00890	0.12753	0.01814	0.66209	0.02169	0.01898	0.01377	0.00717	0.00584	0.00179	0.00515	0.00576	0.00701	0.00990
8	0.01310	0.01390	0.02796	0.02346	0.13873	0.01330	0.48984	0.01787	0.04353	0.01866	0.01616	0.02271	0.04432	0.00666	0.00678	0.00200	0.00838	0.08150	0.00341	0.00772
9	0.01406	0.01203	0.01269	0.01147	0.01453	0.01387	0.00882	0.02940	0.69925	0.02345	0.02331	0.02279	0.01798	0.06066	0.00750	0.00222	0.00467	0.00670	0.00576	0.00882
10	0.00710	0.00533	0.00648	0.00736	0.00815	0.00483	0.00501	0.00819	0.01160	0.01490	0.03907	0.53765	0.24537	0.05981	0.00848	0.00243	0.00337	0.01486	0.00530	0.00471
11	0.01799	0.04653	0.01715	0.07288	0.01790	0.01465	0.03405	0.19440	0.01580	0.20231	0.01380	0.01559	0.01033	0.01018	0.06102	0.00250	0.23492	0.00536	0.00453	0.00811
12	0.01594	0.01447	0.01431	0.02715	0.02899	0.16821	0.00997	0.08874	0.13919	0.08010	0.08437	0.03930	0.05292	0.00870	0.00873	0.00194	0.17462	0.00630	0.02866	0.00738
13	0.01308	0.01211	0.02026	0.03003	0.59730	0.01208	0.01562	0.01620	0.01305	0.01840	0.01536	0.09783	0.01496	0.00775	0.00619	0.00190	0.00637	0.08978	0.00342	0.00831
14	0.00912	0.00677	0.00789	0.00804	0.00950	0.00677	0.00591	0.01352	0.14234	0.01932	0.18541	0.27877	0.13748	0.01313	0.00658	0.00201	0.00338	0.03395	0.10432	0.00580
15	0.01141	0.01007	0.01639	0.36984	0.08421	0.01126	0.07941	0.06887	0.01299	0.01743	0.01603	0.18379	0.01530	0.00969	0.03045	0.00221	0.00685	0.00783	0.03936	0.00660
16	0.11046	0.01001	0.01283	0.24959	0.02086	0.01157	0.01024	0.10896	0.10268	0.02032	0.05432	0.10074	0.01607	0.03548	0.10813	0.00303	0.00706	0.00683	0.00412	0.00673
17	0.01571	0.33429	0.04939	0.02803	0.01948	0.04760	0.18623	0.01968	0.06783	0.08535	0.01187	0.01326	0.00931	0.00539	0.00506	0.00153	0.00695	0.00466	0.00340	0.08500
18	0.01211	0.00805	0.01078	0.04089	0.01236	0.00830	0.02108	0.03386	0.03215	0.12652	0.06661	0.19055	0.05882	0.12277	0.07188	0.02932	0.08053	0.00889	0.00466	0.05987
19	0.02628	0.01599	0.20120	0.04483	0.01829	0.03915	0.04983	0.06552	0.01341	0.08682	0.07718	0.06416	0.01596	0.03001	0.00941	0.00213	0.16767	0.04535	0.00391	0.02289
20	0.01274	0.01763	0.26269	0.10504	0.02328	0.02630	0.16890	0.02856	0.07459	0.05301	0.05334	0.04312	0.01349	0.04489	0.00712	0.00206	0.00736	0.00619	0.04209	0.00760

[dist]
# distance from previous block
# <min> <max>
4	12

[block]
# block no. 3 follows, 40 sequences, length 12
# corresponding to MSA columns:
# 582-593
name=unknown_D
#
# <colnr> <probs for GDERKNQSTAVLIFYWHMCP>
#	G	D	E	R	K	N	Q	S	T	A	V	L	I	F	Y	W	H	M	C	P
0	0.01808	0.01413	0.05944	0.01352	0.04381	0.04664	0.03166	0.26726	0.03736	0.15866	0.03334	0.07137	0.02587	0.04126	0.00868	0.00208	0.10707	0.00644	0.00502	0.00831
1	0.02677	0.00641	0.00882	0.06971	0.01160	0.00657	0.00669	0.01095	0.02951	0.06958	0.02327	0.37397	0.05228	0.01606	0.01157	0.22849	0.02784	0.01067	0.00442	0.00485
2	0.01083	0.01052	0.10709	0.00986	0.01246	0.00845	0.00854	0.05789	0.11569	0.05271	0.11171	0.26217	0.09483	0.04026	0.00743	0.00219	0.00454	0.05070	0.02565	0.00650
3	0.06819	0.05662	0.12079	0.13857	0.09215	0.05662	0.14841	0.06068	0.05265	0.05628	0.03894	0.01644	0.01117	0.00612	0.00572	0.00180	0.00730	0.02120	0.00357	0.03680
4	0.01214	0.11322	0.01801	0.16240	0.05705	0.01543	0.01221	0.01413	0.01046	0.01450	0.01258	0.01932	0.04269	0.05352	0.01327	0.00237	0.37025	0.04715	0.00291	0.00639
5	0.00732	0.00564	0.00661	0.00729	0.00831	0.00515	0.00505	0.00893	0.03515	0.01526	0.04096	0.45013	0.30367	0.06195	0.00846	0.00239	0.00339	0.01416	0.00531	0.00486
6	0.01161	0.02944	0.05241	0.03617	0.02843	0.02861	0.06621	0.04014	0.03272	0.08909	0.28692	0.17435	0.07814	0.01099	0.00656	0.00192	0.00467	0.00977	0.00532	0.00651
7	0.01431	0.03963	0.01915	0.29714	0.05212	0.01375	0.12068	0.02099	0.19264	0.10137	0.01500	0.01711	0.01113	0.00654	0.00670	0.00194	0.05224	0.00576	0.00397	0.00784
8	0.00941	0.00599	0.00839	0.00838	0.00854	0.00653	0.00582	0.00869	0.00862	0.01179	0.01541	0.15137	0.01683	0.14437	0.09471	0.40021	0.08039	0.00765	0.00323	0.00368
9	0.09090	0.01014	0.05427	0.00983	0.01244	0.00941	0.00798	0.15052	0.04157	0.10233	0.02480	0.31905	0.06481	0.04119	0.00724	0.00220	0.00470	0.03457	0.00528	0.00679
10	0.20773	0.01226	0.01355	0.03637	0.01564	0.03991	0.03710	0.18741	0.06668	0.19889	0.03758	0.01899	0.01333	0.00724	0.00543	0.00183	0.00551	0.04694	0.03947	0.00813
11	0.06484	0.08588	0.04361	0.04573	0.01538	0.01142	0.05876	0.04478	0.14754	0.12736	0.10220	0.08111	0.02024	0.00853	0.00578	0.00185	0.00510	0.04735	0.07511	0.00744

[dist]
# distance from previous block
# <min> <max>
1	33

[block]
# block no. 4 follows, 40 sequences, length 7
# corresponding to MSA columns:
# 627-633
name=unknown_E
#
# <colnr> <probs for GDERKNQSTAVLIFYWHMCP>
#	G	D	E	R	K	N	Q	S	T	A	V	L	I	F	Y	W	H	M	C	P
0	0.00771	0.00536	0.00679	0.00749	0.00820	0.00501	0.00515	0.00920	0.01231	0.01706	0.18675	0.48641	0.07483	0.06184	0.00831	0.00234	0.00330	0.01363	0.07344	0.00488
1	0.01492	0.00807	0.01018	0.00863	0.01122	0.00761	0.00680	0.08946	0.01726	0.23505	0.41210	0.03195	0.03553	0.00964	0.00624	0.00177	0.00374	0.00824	0.07442	0.00718
2	0.07046	0.01046	0.01367	0.15643	0.01910	0.01073	0.00983	0.07809	0.09498	0.37180	0.08714	0.02029	0.01641	0.00732	0.00580	0.00184	0.00532	0.00602	0.00578	0.00854
3	0.01300	0.01061	0.00976	0.00963	0.01133	0.15154	0.00703	0.01589	0.07936	0.09516	0.05598	0.37206	0.02620	0.01222	0.00630	0.00196	0.00489	0.01055	0.10036	0.00616
4	0.01614	0.00830	0.01087	0.00993	0.01249	0.00784	0.00793	0.08464	0.01545	0.29838	0.06480	0.24010	0.02661	0.01226	0.00678	0.00213	0.00462	0.15724	0.00616	0.00731
5	0.00993	0.05269	0.11309	0.00907	0.01265	0.00802	0.00820	0.01277	0.01333	0.01899	0.23206	0.13112	0.09525	0.00955	0.00584	0.00160	0.00429	0.00818	0.00456	0.24880
6	0.01469	0.01376	0.02477	0.18742	0.06161	0.01412	0.34112	0.10553	0.03808	0.05680	0.01241	0.01550	0.00924	0.00571	0.00664	0.00188	0.03268	0.00593	0.00352	0.04858

[dist]
# distance from previous block
# <min> <max>
15	82

[block]
# block no. 5 follows, 40 sequences, length 15
# corresponding to MSA columns:
# 717-731
name=unknown_F
#
# <colnr> <probs for GDERKNQSTAVLIFYWHMCP>
#	G	D	E	R	K	N	Q	S	T	A	V	L	I	F	Y	W	H	M	C	P
0	0.01033	0.00742	0.00906	0.00851	0.01018	0.00759	0.00655	0.04450	0.08560	0.04761	0.35649	0.11468	0.10133	0.01171	0.00724	0.00194	0.04611	0.04324	0.07380	0.00609
1	0.01043	0.00740	0.01080	0.13581	0.01544	0.00743	0.03886	0.01315	0.03475	0.08956	0.22402	0.25742	0.07245	0.03035	0.00729	0.00213	0.00446	0.02705	0.00525	0.00597
2	0.01224	0.00672	0.00873	0.00857	0.01034	0.00613	0.00636	0.01427	0.03387	0.20391	0.09967	0.39843	0.10954	0.01412	0.00690	0.00213	0.00378	0.04206	0.00596	0.00626
3	0.01405	0.06136	0.38013	0.05470	0.05389	0.01478	0.04684	0.16247	0.03642	0.02145	0.01234	0.04966	0.00981	0.00668	0.00641	0.00186	0.05004	0.00530	0.00342	0.00840
4	0.00755	0.00667	0.04500	0.00770	0.00886	0.00540	0.00572	0.00894	0.01169	0.01532	0.08732	0.41545	0.20502	0.12929	0.01038	0.00268	0.00382	0.01330	0.00505	0.00484
5	0.00748	0.00520	0.00676	0.00794	0.00835	0.00492	0.00536	0.00857	0.01108	0.01503	0.03027	0.66274	0.03571	0.07754	0.00899	0.00258	0.00360	0.04625	0.04692	0.00469
6	0.01347	0.01204	0.05725	0.04420	0.16841	0.01140	0.08365	0.05538	0.16621	0.07748	0.09183	0.13958	0.03570	0.00886	0.00629	0.00193	0.00563	0.00806	0.00474	0.00789
7	0.01129	0.00862	0.05035	0.00896	0.01115	0.00745	0.00718	0.10265	0.01535	0.09194	0.21186	0.29698	0.12705	0.01304	0.00676	0.00202	0.00398	0.01138	0.00571	0.00629
8	0.01034	0.00611	0.00779	0.00801	0.00937	0.00551	0.00574	0.01171	0.01259	0.13819	0.07032	0.44443	0.16082	0.05461	0.00817	0.00235	0.00368	0.02899	0.00565	0.00560
9	0.01532	0.00945	0.01154	0.00889	0.01300	0.00787	0.00712	0.05125	0.01482	0.22208	0.13890	0.02264	0.07392	0.00723	0.00540	0.00140	0.00422	0.00599	0.00520	0.37375
10	0.01149	0.02550	0.60087	0.01654	0.07098	0.01255	0.01890	0.01780	0.03357	0.01923	0.10417	0.01658	0.01372	0.00637	0.00572	0.00184	0.00764	0.00520	0.00307	0.00826
11	0.01226	0.10669	0.62067	0.01667	0.02463	0.01458	0.08922	0.01833	0.01237	0.01796	0.01033	0.01231	0.00752	0.00541	0.00547	0.00179	0.00847	0.00442	0.00251	0.00841
12	0.12328	0.00875	0.00992	0.00857	0.01136	0.00873	0.00683	0.10571	0.01564	0.20395	0.15473	0.06317	0.05084	0.00885	0.00558	0.00178	0.00408	0.03254	0.16856	0.00713
13	0.02790	0.12940	0.01405	0.00971	0.01256	0.04961	0.00788	0.06895	0.06215	0.16801	0.12540	0.06110	0.08931	0.06141	0.02394	0.00219	0.04777	0.00718	0.02437	0.00712
14	0.01976	0.06295	0.05339	0.08150	0.01898	0.14265	0.03011	0.20566	0.06088	0.20008	0.01493	0.01574	0.01082	0.02635	0.00667	0.02432	0.00689	0.00515	0.00480	0.00839

[dist]
# distance from previous block
# <min> <max>
16	68

[block]
# block no. 6 follows, 40 sequences, length 16
# corresponding to MSA columns:
# 800-815
name=unknown_G
#
# <colnr> <probs for GDERKNQSTAVLIFYWHMCP>
#	G	D	E	R	K	N	Q	S	T	A	V	L	I	F	Y	W	H	M	C	P
0	0.01379	0.07474	0.01352	0.01053	0.01340	0.01120	0.03791	0.07332	0.24144	0.10597	0.14699	0.16600	0.04640	0.01015	0.00622	0.00192	0.00454	0.00878	0.00562	0.00756
1	0.01734	0.01614	0.02291	0.03607	0.04407	0.14111	0.30502	0.09227	0.09692	0.11907	0.01582	0.01715	0.03531	0.00628	0.00619	0.00183	0.00801	0.00610	0.00420	0.00819
2	0.05015	0.01849	0.28317	0.05690	0.10324	0.03343	0.07277	0.02014	0.05785	0.14689	0.04222	0.01708	0.01197	0.00634	0.00573	0.00182	0.00701	0.02211	0.00389	0.03880
3	0.01465	0.15754	0.05384	0.08495	0.17438	0.01446	0.05353	0.04309	0.16005	0.07298	0.01586	0.04121	0.01317	0.00700	0.00562	0.00180	0.00618	0.04761	0.02390	0.00816
4	0.05005	0.00799	0.00949	0.00840	0.01075	0.00782	0.00652	0.07614	0.06253	0.13551	0.36930	0.06936	0.10334	0.01054	0.00631	0.00184	0.00363	0.00899	0.04478	0.00670
5	0.00765	0.00539	0.00700	0.00797	0.00835	0.00523	0.00539	0.00862	0.01061	0.01416	0.02794	0.51907	0.03284	0.19889	0.05125	0.00350	0.00468	0.07210	0.00485	0.00452
6	0.03555	0.04333	0.07599	0.33452	0.04534	0.09549	0.07740	0.05547	0.01382	0.07619	0.04696	0.04977	0.01194	0.00667	0.00581	0.00184	0.00742	0.00577	0.00351	0.00721
7	0.01580	0.00797	0.00928	0.00801	0.01061	0.00783	0.00632	0.05722	0.08515	0.23073	0.09100	0.02284	0.01861	0.00750	0.00510	0.00160	0.00372	0.00613	0.39731	0.00728
8	0.00960	0.00587	0.00787	0.00861	0.00956	0.00548	0.00621	0.01099	0.01210	0.09868	0.05112	0.55443	0.03486	0.04855	0.00823	0.00246	0.00389	0.11059	0.00554	0.00536
9	0.05934	0.01272	0.04164	0.07166	0.15166	0.01289	0.09418	0.08815	0.11294	0.15143	0.01494	0.01665	0.01119	0.00895	0.04601	0.03642	0.05109	0.00559	0.00431	0.00823
10	0.04146	0.01779	0.17174	0.05468	0.05405	0.04993	0.01310	0.31961	0.05637	0.11502	0.01467	0.04039	0.01090	0.00689	0.00573	0.00180	0.00672	0.00542	0.00478	0.00896
11	0.01010	0.00505	0.00758	0.00758	0.00758	0.00505	0.00505	0.00758	0.00758	0.01010	0.01010	0.01768	0.01010	0.02020	0.02273	0.83081	0.00505	0.00505	0.00253	0.00253
12	0.00769	0.00603	0.00696	0.00710	0.00859	0.00547	0.00525	0.00996	0.04020	0.01776	0.22725	0.18373	0.37037	0.03440	0.00757	0.00213	0.00321	0.04556	0.00562	0.00516
13	0.03517	0.04891	0.01771	0.44369	0.10885	0.06234	0.01404	0.10005	0.01410	0.04543	0.01143	0.01489	0.00866	0.00594	0.00554	0.00180	0.00719	0.00498	0.04199	0.00729
14	0.01004	0.00708	0.00941	0.00918	0.01037	0.00785	0.00694	0.03532	0.07144	0.03569	0.01885	0.08955	0.03189	0.10145	0.36980	0.07893	0.03290	0.03363	0.03428	0.00541
15	0.02517	0.00759	0.00912	0.00849	0.01041	0.00761	0.00650	0.08590	0.06228	0.07026	0.30027	0.15273	0.07654	0.01323	0.04663	0.00230	0.00425	0.02905	0.07539	0.00629

[dist]
# distance from previous block
# <min> <max>
1	4

[block]
# block no. 7 follows, 40 sequences, length 9
# corresponding to MSA columns:
# 821-829
name=unknown_H
#
# <colnr> <probs for GDERKNQSTAVLIFYWHMCP>
#	G	D	E	R	K	N	Q	S	T	A	V	L	I	F	Y	W	H	M	C	P
0	0.00851	0.00628	0.00793	0.08960	0.01158	0.00614	0.00624	0.01073	0.01347	0.01852	0.26123	0.10097	0.21558	0.06408	0.00800	0.00215	0.00370	0.04690	0.11317	0.00524
1	0.13834	0.12444	0.06734	0.01262	0.04708	0.05559	0.03251	0.07491	0.02879	0.04041	0.01022	0.01209	0.00831	0.00601	0.00672	0.00159	0.11846	0.00412	0.00342	0.20702
2	0.10091	0.01085	0.01226	0.00947	0.01374	0.01002	0.00763	0.13759	0.03637	0.12736	0.11068	0.01757	0.01572	0.00636	0.00508	0.00140	0.00457	0.00506	0.00484	0.36251
3	0.06649	0.17730	0.13164	0.01351	0.04148	0.01534	0.07896	0.13775	0.11064	0.07189	0.03498	0.01650	0.01203	0.05868	0.00693	0.00197	0.00642	0.00526	0.00410	0.00812
4	0.02754	0.05392	0.03921	0.00999	0.03883	0.04531	0.00768	0.05246	0.01452	0.06944	0.26314	0.15008	0.03068	0.04057	0.00741	0.00200	0.02740	0.02848	0.08507	0.00628
5	0.00782	0.00571	0.00728	0.00777	0.00877	0.00531	0.00569	0.00960	0.01326	0.01780	0.26860	0.30488	0.13942	0.06708	0.00872	0.00239	0.00352	0.10577	0.00559	0.00500
6	0.05276	0.01009	0.07350	0.00951	0.01247	0.00865	0.00808	0.01844	0.14856	0.16094	0.30183	0.09238	0.05875	0.01006	0.00628	0.00190	0.00413	0.00860	0.00588	0.00721
7	0.01322	0.05603	0.10673	0.21450	0.11598	0.03429	0.08470	0.06412	0.01394	0.04512	0.06268	0.01878	0.06117	0.00655	0.00576	0.00174	0.00681	0.00578	0.00353	0.07858
8	0.01891	0.02000	0.01543	0.01316	0.01649	0.38102	0.01025	0.16860	0.05536	0.02036	0.01138	0.01275	0.00907	0.00642	0.00623	0.00156	0.06529	0.00435	0.04779	0.11555

[dist]
# distance from previous block
# <min> <max>
0	9

[block]
# block no. 8 follows, 40 sequences, length 8
# corresponding to MSA columns:
# 840-847
name=unknown_I
#
# <colnr> <probs for GDERKNQSTAVLIFYWHMCP>
#	G	D	E	R	K	N	Q	S	T	A	V	L	I	F	Y	W	H	M	C	P
0	0.01464	0.01211	0.01397	0.05449	0.01646	0.08746	0.04808	0.01728	0.01343	0.11310	0.05660	0.01516	0.01197	0.00542	0.00498	0.00123	0.00543	0.00449	0.00398	0.49974
1	0.00746	0.00522	0.00681	0.00774	0.00830	0.00483	0.00526	0.00829	0.01140	0.01508	0.08681	0.57393	0.11683	0.01756	0.00890	0.08795	0.00345	0.01442	0.00518	0.00457
2	0.00945	0.00629	0.00802	0.00842	0.00950	0.00614	0.00599	0.01198	0.07066	0.07196	0.09532	0.44988	0.05832	0.08285	0.05054	0.00289	0.00444	0.03649	0.00538	0.00549
3	0.06074	0.05687	0.04320	0.01561	0.08175	0.06996	0.11891	0.03769	0.11893	0.06824	0.01501	0.09534	0.01308	0.00772	0.00747	0.00187	0.10770	0.00635	0.00396	0.06959
4	0.07548	0.05809	0.01559	0.01192	0.01518	0.07753	0.03403	0.21112	0.01658	0.18205	0.01461	0.01773	0.01152	0.05217	0.02779	0.05193	0.08561	0.02861	0.00470	0.00776
5	0.01612	0.00803	0.01019	0.00903	0.01152	0.00756	0.00701	0.07775	0.01512	0.29404	0.08862	0.19840	0.02453	0.04981	0.00738	0.00211	0.00430	0.05151	0.10979	0.00719
6	0.00784	0.00571	0.00673	0.00716	0.00784	0.00545	0.00470	0.00920	0.03517	0.01461	0.07860	0.32403	0.16052	0.28838	0.01498	0.00339	0.00409	0.01224	0.00483	0.00453
7	0.07461	0.21665	0.09915	0.01359	0.01845	0.04023	0.14911	0.03315	0.04793	0.13895	0.05333	0.01531	0.01192	0.00612	0.00567	0.00168	0.02888	0.00509	0.00390	0.03629

[dist]
# distance from previous block
# <min> <max>
4	11

[block]
# block no. 9 follows, 40 sequences, length 19
# corresponding to MSA columns:
# 859-874,878-880
name=unknown_J
#
# <colnr> <probs for GDERKNQSTAVLIFYWHMCP>
#	G	D	E	R	K	N	Q	S	T	A	V	L	I	F	Y	W	H	M	C	P
0	0.11696	0.20510	0.12053	0.01242	0.01752	0.04896	0.07275	0.10293	0.08475	0.03648	0.01156	0.01266	0.00900	0.00561	0.00487	0.00155	0.00639	0.00431	0.00363	0.12204
1	0.06592	0.10997	0.35949	0.06389	0.02273	0.01455	0.09704	0.04384	0.01267	0.04488	0.01056	0.01269	0.00793	0.00572	0.00613	0.00177	0.05430	0.00452	0.00295	0.05846
2	0.04584	0.00648	0.00804	0.00847	0.00960	0.00641	0.00600	0.03131	0.04855	0.06703	0.06010	0.52146	0.04705	0.05239	0.05015	0.00276	0.00441	0.01314	0.00531	0.00551
3	0.00838	0.00568	0.00654	0.00665	0.00684	0.00562	0.00399	0.00869	0.00923	0.01226	0.04312	0.07439	0.04952	0.67066	0.02604	0.00510	0.00534	0.04433	0.00385	0.00378
4	0.01432	0.40956	0.31032	0.01371	0.02000	0.06385	0.06074	0.01822	0.01239	0.01584	0.00927	0.01093	0.00751	0.00524	0.00471	0.00153	0.00761	0.00384	0.00253	0.00788
5	0.01689	0.00989	0.01223	0.01028	0.01321	0.01008	0.00827	0.15302	0.05648	0.25283	0.19210	0.06619	0.06794	0.00986	0.00723	0.00193	0.05847	0.03915	0.00609	0.00785
6	0.02525	0.01125	0.01433	0.01099	0.01552	0.01056	0.00908	0.17911	0.01891	0.60941	0.02104	0.01856	0.01344	0.00715	0.00584	0.00179	0.00526	0.00572	0.00691	0.00990
7	0.01171	0.00691	0.00865	0.00774	0.00988	0.00629	0.00597	0.01463	0.04215	0.16334	0.44111	0.03962	0.16900	0.01118	0.00654	0.00184	0.00327	0.00962	0.03419	0.00636
8	0.01539	0.76863	0.05962	0.01021	0.01533	0.02263	0.01041	0.01745	0.01183	0.01387	0.00818	0.00945	0.00746	0.00500	0.00380	0.00127	0.00631	0.00316	0.00249	0.00751
9	0.00892	0.00586	0.00767	0.00777	0.00896	0.00536	0.00561	0.01088	0.01421	0.06951	0.38762	0.33961	0.07746	0.01421	0.00702	0.00204	0.00315	0.01267	0.00601	0.00545
10	0.01234	0.00715	0.00893	0.00818	0.01035	0.00656	0.00623	0.01536	0.06438	0.19222	0.28177	0.16292	0.17613	0.01213	0.00666	0.00195	0.00352	0.01050	0.00619	0.00652
11	0.05759	0.00625	0.00729	0.00693	0.00861	0.00578	0.00523	0.01060	0.01516	0.02133	0.51415	0.04494	0.25050	0.01230	0.00667	0.00187	0.00291	0.01057	0.00595	0.00537
12	0.01183	0.07633	0.61568	0.01609	0.02378	0.01365	0.07064	0.01787	0.01263	0.01846	0.06067	0.01443	0.01068	0.00587	0.00560	0.00181	0.00813	0.00482	0.00276	0.00826
13	0.00951	0.00666	0.00811	0.00800	0.00960	0.00630	0.00600	0.03786	0.04912	0.06013	0.26350	0.22853	0.19586	0.02763	0.00734	0.00212	0.00351	0.05871	0.00582	0.00571
14	0.00769	0.00568	0.00716	0.00749	0.00854	0.00529	0.00540	0.00944	0.01319	0.01772	0.28295	0.28206	0.17414	0.06601	0.04652	0.00267	0.00392	0.04364	0.00551	0.00499
15	0.01146	0.05797	0.01862	0.53774	0.05945	0.01328	0.06326	0.01537	0.03151	0.01596	0.05907	0.01782	0.02775	0.00650	0.00642	0.00191	0.04053	0.00569	0.00300	0.00668
16	0.01626	0.01131	0.01483	0.17315	0.08144	0.01228	0.01130	0.18388	0.10615	0.13424	0.01808	0.02347	0.01449	0.00790	0.00598	0.00191	0.00586	0.09860	0.07078	0.00809
17	0.00843	0.00606	0.00848	0.00848	0.00928	0.00681	0.00625	0.01003	0.00923	0.01326	0.01636	0.02648	0.01615	0.22430	0.56499	0.00816	0.01271	0.00674	0.03301	0.00480
18	0.01565	0.14887	0.05389	0.01287	0.04289	0.05337	0.05913	0.09489	0.06599	0.07931	0.01243	0.01381	0.00975	0.00659	0.01988	0.00164	0.06228	0.00455	0.02238	0.21981

[dist]
# distance from previous block
# <min> <max>
1	11

[block]
# block no. 10 follows, 40 sequences, length 14
# corresponding to MSA columns:
# 893-906
name=unknown_K
#
# <colnr> <probs for GDERKNQSTAVLIFYWHMCP>
#	G	D	E	R	K	N	Q	S	T	A	V	L	I	F	Y	W	H	M	C	P
0	0.01735	0.34354	0.05342	0.01239	0.01631	0.28507	0.02610	0.05319	0.01414	0.01588	0.00965	0.01131	0.00818	0.00584	0.00527	0.00147	0.04506	0.00383	0.06484	0.00717
1	0.03273	0.01142	0.07403	0.01389	0.10240	0.02534	0.04790	0.03152	0.07511	0.08763	0.07026	0.14934	0.04367	0.05083	0.00770	0.00213	0.01760	0.08037	0.00463	0.07152
2	0.09596	0.00998	0.02714	0.08223	0.02693	0.03213	0.00818	0.01496	0.03570	0.05773	0.15352	0.11696	0.02160	0.00838	0.00579	0.00163	0.01946	0.01913	0.00442	0.25817
3	0.00763	0.00559	0.00709	0.00739	0.00839	0.00513	0.00524	0.00944	0.01370	0.01864	0.36239	0.32935	0.13570	0.04722	0.00802	0.00221	0.00313	0.01294	0.00577	0.00504
4	0.00869	0.00606	0.00753	0.00735	0.00891	0.00546	0.00554	0.01088	0.01489	0.05679	0.42373	0.13216	0.22967	0.01331	0.00693	0.00196	0.00310	0.04552	0.00602	0.00546
5	0.09426	0.01523	0.08447	0.02027	0.05947	0.01360	0.43629	0.03701	0.01366	0.08312	0.01324	0.01779	0.01034	0.00603	0.00667	0.00196	0.02897	0.04623	0.00352	0.00786
6	0.01142	0.00712	0.01001	0.01109	0.09134	0.00704	0.00702	0.01255	0.06837	0.07169	0.08481	0.10290	0.05372	0.05381	0.01484	0.37105	0.00476	0.00744	0.00402	0.00500
7	0.00913	0.00597	0.00779	0.00834	0.00955	0.00551	0.00624	0.01085	0.01304	0.07526	0.14461	0.39593	0.12820	0.01557	0.00725	0.00224	0.00370	0.13972	0.00568	0.00538
8	0.01293	0.00733	0.00900	0.00817	0.01053	0.00667	0.00626	0.01589	0.06748	0.21993	0.18864	0.15746	0.24212	0.01216	0.00661	0.00195	0.00363	0.01043	0.00613	0.00666
9	0.01206	0.01034	0.01206	0.00861	0.01378	0.00775	0.00689	0.01464	0.01206	0.01895	0.01034	0.01206	0.00861	0.00431	0.00431	0.00086	0.00431	0.00345	0.00345	0.83118
10	0.01346	0.01276	0.04275	0.28307	0.10116	0.04975	0.16867	0.03547	0.02699	0.07548	0.01576	0.09874	0.03533	0.00732	0.00620	0.00193	0.00734	0.00694	0.00360	0.00729
11	0.01003	0.00646	0.00806	0.00804	0.00947	0.00602	0.00582	0.04907	0.01389	0.09218	0.19038	0.37821	0.14194	0.04278	0.00778	0.00222	0.00357	0.01267	0.00575	0.00566
12	0.00968	0.00691	0.00891	0.00949	0.01070	0.00694	0.00752	0.07121	0.01363	0.01809	0.08490	0.23138	0.03285	0.11236	0.01029	0.00282	0.00479	0.34690	0.00526	0.00536
13	0.09758	0.01321	0.03494	0.01436	0.05672	0.01275	0.11182	0.21544	0.01819	0.34032	0.01668	0.01624	0.01123	0.00651	0.00576	0.00180	0.00616	0.00550	0.00556	0.00921

[dist]
# distance from previous block
# <min> <max>
7	22

[block]
# block no. 11 follows, 40 sequences, length 24
# corresponding to MSA columns:
# 937-940,959-978
name=unknown_L
#
# <colnr> <probs for GDERKNQSTAVLIFYWHMCP>
#	G	D	E	R	K	N	Q	S	T	A	V	L	I	F	Y	W	H	M	C	P
0	0.03753	0.04268	0.24081	0.02376	0.02985	0.01309	0.07945	0.12344	0.04372	0.10677	0.04777	0.04778	0.01307	0.00997	0.06595	0.00246	0.05389	0.00586	0.00407	0.00808
1	0.11855	0.20767	0.35940	0.01425	0.02046	0.04393	0.07278	0.01840	0.03309	0.01814	0.00991	0.01171	0.00768	0.00559	0.00547	0.00172	0.03652	0.00415	0.00277	0.00784
2	0.01601	0.61558	0.02695	0.01089	0.01518	0.13059	0.01015	0.01778	0.01235	0.01384	0.00965	0.01105	0.02910	0.00573	0.00500	0.00138	0.05531	0.00359	0.00265	0.00722
3	0.01268	0.13829	0.20145	0.01126	0.01563	0.01253	0.01119	0.03208	0.17537	0.05957	0.17073	0.05978	0.05879	0.00844	0.00578	0.00180	0.00538	0.00697	0.00463	0.00764
4	0.01494	0.60062	0.16936	0.01150	0.01699	0.02086	0.01227	0.04185	0.01233	0.01537	0.00871	0.01016	0.00753	0.00532	0.00465	0.00142	0.03234	0.00347	0.00260	0.00772
5	0.02739	0.01038	0.04283	0.01298	0.12093	0.00994	0.00903	0.05197	0.17584	0.09265	0.13609	0.02686	0.09379	0.00847	0.00578	0.00178	0.00446	0.01726	0.14401	0.00754
6	0.03211	0.00660	0.00772	0.00713	0.00914	0.00626	0.00551	0.01607	0.01316	0.18837	0.04943	0.08374	0.03965	0.00888	0.00561	0.02690	0.00348	0.03173	0.45221	0.00630
7	0.00933	0.00770	0.01103	0.15569	0.08282	0.00817	0.00911	0.01275	0.08461	0.01635	0.02624	0.42688	0.05608	0.01343	0.00684	0.00219	0.00474	0.05541	0.00469	0.00594
8	0.59922	0.07387	0.01146	0.00856	0.01242	0.01344	0.00718	0.04359	0.04148	0.12681	0.01097	0.01151	0.00809	0.00577	0.00409	0.00176	0.00477	0.00373	0.00417	0.00712
9	0.00736	0.00539	0.00731	0.00826	0.00886	0.00534	0.00578	0.00865	0.01084	0.01458	0.02976	0.56627	0.07561	0.02401	0.18822	0.00399	0.00623	0.01384	0.00486	0.00485
10	0.01444	0.00805	0.00887	0.00788	0.01027	0.00828	0.00615	0.06344	0.14406	0.13835	0.04761	0.02173	0.01651	0.00724	0.00488	0.00157	0.00362	0.00587	0.47412	0.00706
11	0.01122	0.01046	0.01757	0.66195	0.10953	0.01264	0.01591	0.01499	0.01189	0.01542	0.01161	0.01838	0.00943	0.00636	0.00594	0.00196	0.00753	0.04776	0.00278	0.00667
12	0.00735	0.00576	0.00665	0.00674	0.00822	0.00506	0.00493	0.00915	0.01391	0.01800	0.27826	0.18158	0.40481	0.01443	0.00697	0.00199	0.00296	0.01246	0.00572	0.00506
13	0.00838	0.00567	0.00642	0.00639	0.00656	0.00560	0.00369	0.00862	0.00919	0.01227	0.06964	0.03914	0.05320	0.71126	0.02715	0.00523	0.00533	0.00875	0.00379	0.00371
14	0.01516	0.01138	0.01240	0.01096	0.01413	0.01270	0.00857	0.05338	0.54385	0.09761	0.07904	0.02289	0.01978	0.00802	0.00585	0.00189	0.00443	0.00668	0.06253	0.00875
15	0.01177	0.02836	0.69154	0.01645	0.02419	0.01393	0.02062	0.01798	0.01194	0.01798	0.01016	0.01232	0.00739	0.00599	0.00687	0.00191	0.08539	0.00438	0.00246	0.00837
16	0.01030	0.00780	0.01002	0.01082	0.01255	0.00816	0.00923	0.01561	0.15554	0.01870	0.03005	0.05689	0.04674	0.01445	0.00760	0.00253	0.00515	0.56631	0.00546	0.00609
17	0.41624	0.01073	0.01123	0.00913	0.01320	0.01099	0.00754	0.04353	0.01371	0.38738	0.01553	0.01464	0.01037	0.00632	0.00476	0.00180	0.00477	0.00453	0.00542	0.00816
18	0.01156	0.07388	0.60116	0.09134	0.02501	0.01351	0.01929	0.01739	0.01212	0.01756	0.01157	0.05885	0.00926	0.00628	0.00556	0.00185	0.00805	0.00504	0.00265	0.00808
19	0.02026	0.01270	0.01445	0.01148	0.01542	0.01337	0.00941	0.41130	0.04980	0.19866	0.08505	0.02078	0.01655	0.00786	0.00590	0.00179	0.00540	0.03413	0.05667	0.00901
20	0.00850	0.00604	0.00859	0.00867	0.00963	0.00682	0.00658	0.01044	0.00969	0.01427	0.01712	0.07097	0.01648	0.08785	0.59780	0.00785	0.01285	0.00693	0.08786	0.00508
21	0.00783	0.00570	0.00743	0.00839	0.00928	0.00538	0.00628	0.00948	0.01242	0.01634	0.10603	0.41030	0.12290	0.04451	0.00826	0.00246	0.00387	0.20277	0.00542	0.00495
22	0.09566	0.16198	0.12778	0.08788	0.01906	0.05911	0.01164	0.16842	0.03663	0.03605	0.01162	0.03392	0.00931	0.00606	0.00499	0.00159	0.00644	0.00454	0.00372	0.11359
23	0.00819	0.00639	0.00966	0.00962	0.01077	0.00600	0.07807	0.00990	0.01200	0.01618	0.07930	0.50733	0.07266	0.04358	0.00802	0.00237	0.00417	0.07519	0.03545	0.00513

[dist]
# distance from previous block
# <min> <max>
0	15

[block]
# block no. 12 follows, 40 sequences, length 12
# corresponding to MSA columns:
# 995-1006
name=unknown_M
#
# <colnr> <probs for GDERKNQSTAVLIFYWHMCP>
#	G	D	E	R	K	N	Q	S	T	A	V	L	I	F	Y	W	H	M	C	P
0	0.01853	0.06687	0.01602	0.10340	0.11168	0.01153	0.01077	0.10686	0.02750	0.30791	0.05083	0.03971	0.03513	0.00790	0.00594	0.00185	0.00563	0.05815	0.00534	0.00846
1	0.00732	0.00562	0.00669	0.00723	0.00839	0.00504	0.00520	0.00881	0.01272	0.01634	0.13628	0.33845	0.32431	0.03836	0.00781	0.00225	0.00331	0.05551	0.00547	0.00490
2	0.00787	0.00578	0.00738	0.00731	0.00855	0.00528	0.00536	0.01016	0.01513	0.02094	0.54765	0.18249	0.12776	0.01336	0.00696	0.00194	0.00288	0.01181	0.00611	0.00528
3	0.09466	0.30438	0.21125	0.07209	0.02111	0.01746	0.09579	0.08745	0.01345	0.01895	0.00983	0.01172	0.00774	0.00540	0.00489	0.00163	0.00719	0.00420	0.00297	0.00784
4	0.00912	0.00702	0.00992	0.00976	0.01105	0.00693	0.05832	0.03491	0.07681	0.01759	0.12144	0.46791	0.03387	0.01520	0.00803	0.04962	0.00415	0.04761	0.00524	0.00551
5	0.00939	0.00698	0.04347	0.00862	0.01004	0.00578	0.00666	0.01133	0.01321	0.08287	0.22327	0.45021	0.03901	0.01486	0.00708	0.00216	0.00369	0.05009	0.00568	0.00559
6	0.00716	0.00529	0.00673	0.00785	0.00852	0.00486	0.00543	0.00834	0.01161	0.01512	0.03657	0.62950	0.16069	0.01751	0.00736	0.00231	0.00340	0.05155	0.00540	0.00479
7	0.05409	0.23982	0.11907	0.04801	0.07174	0.01414	0.06726	0.01837	0.01293	0.15743	0.01534	0.09912	0.01339	0.00743	0.00542	0.00176	0.00626	0.03673	0.00393	0.00774
8	0.08293	0.00596	0.00582	0.00571	0.00727	0.00609	0.00433	0.01373	0.01222	0.02215	0.05632	0.02174	0.01623	0.00692	0.00417	0.00142	0.00287	0.00549	0.71315	0.00550
9	0.01457	0.01000	0.01181	0.01075	0.01370	0.01035	0.00887	0.11806	0.19496	0.10593	0.02324	0.03489	0.02078	0.01014	0.00636	0.00203	0.00499	0.25470	0.06421	0.07965
10	0.03709	0.04722	0.09592	0.01630	0.09640	0.03842	0.09472	0.22925	0.06058	0.16737	0.01555	0.01750	0.01156	0.00676	0.00586	0.00182	0.00672	0.03721	0.00481	0.00893
11	0.00932	0.00786	0.01040	0.00969	0.01048	0.00937	0.00752	0.01078	0.01033	0.01447	0.05599	0.04982	0.16588	0.12843	0.22750	0.00469	0.22908	0.00787	0.02527	0.00525

[dist]
# distance from previous block
# <min> <max>
6	30

[block]
# block no. 13 follows, 40 sequences, length 17
# corresponding to MSA columns:
# 1054-1070
name=unknown_N
#
# <colnr> <probs for GDERKNQSTAVLIFYWHMCP>
#	G	D	E	R	K	N	Q	S	T	A	V	L	I	F	Y	W	H	M	C	P
0	0.10037	0.18039	0.17383	0.05554	0.01885	0.03358	0.06352	0.07163	0.04780	0.07505	0.01374	0.01801	0.01124	0.00671	0.00527	0.00177	0.00659	0.06794	0.04048	0.00769
1	0.00815	0.00597	0.00709	0.00691	0.00845	0.00537	0.00510	0.01006	0.01406	0.04069	0.33033	0.09999	0.33271	0.05874	0.03825	0.00243	0.00360	0.01123	0.00566	0.00521
2	0.01459	0.01137	0.01252	0.01061	0.01438	0.01181	0.00834	0.02563	0.46720	0.09318	0.02250	0.02122	0.05696	0.00738	0.00559	0.00170	0.00447	0.00610	0.00544	0.19900
3	0.00806	0.00593	0.00726	0.00787	0.00890	0.00562	0.00569	0.00993	0.05199	0.01563	0.06369	0.34613	0.22245	0.04888	0.00953	0.07581	0.00377	0.09284	0.00513	0.00487
4	0.01329	0.01225	0.01587	0.13391	0.06066	0.04610	0.03138	0.07483	0.01279	0.01828	0.01034	0.01356	0.00865	0.00793	0.04354	0.00195	0.16648	0.00454	0.00324	0.32041
5	0.01002	0.00602	0.00698	0.00670	0.00710	0.00590	0.00397	0.01022	0.00918	0.07794	0.01873	0.03644	0.02054	0.72575	0.02749	0.00530	0.00558	0.00823	0.00385	0.00409
6	0.00992	0.00512	0.00744	0.00744	0.00744	0.00512	0.00488	0.00767	0.00767	0.01023	0.01102	0.01996	0.01134	0.10706	0.02350	0.73838	0.00512	0.00543	0.00264	0.00264
7	0.00814	0.00586	0.00774	0.00790	0.00853	0.00624	0.00551	0.00929	0.00945	0.01296	0.02093	0.11929	0.06156	0.31595	0.36734	0.00676	0.00979	0.00858	0.00366	0.00451
8	0.01334	0.01423	0.13111	0.23973	0.15623	0.01296	0.03705	0.04595	0.01289	0.07333	0.03706	0.05157	0.01157	0.00707	0.00756	0.00193	0.10634	0.00579	0.00338	0.03090
9	0.00792	0.00556	0.00676	0.00738	0.00782	0.00536	0.00488	0.00869	0.01035	0.01358	0.02811	0.31135	0.09382	0.36797	0.01743	0.00384	0.00456	0.08580	0.00455	0.00427
10	0.01299	0.00694	0.00872	0.00826	0.01021	0.00648	0.00618	0.01573	0.05748	0.20615	0.12322	0.29702	0.07573	0.01214	0.00635	0.00196	0.00364	0.01060	0.12372	0.00650
11	0.14314	0.06984	0.22363	0.13878	0.09172	0.01265	0.02875	0.01746	0.01242	0.08532	0.01462	0.01975	0.03426	0.00695	0.00551	0.00188	0.00669	0.07558	0.00351	0.00753
12	0.07012	0.06016	0.20168	0.01200	0.01704	0.03205	0.01189	0.04362	0.06694	0.32425	0.01775	0.01967	0.01295	0.00748	0.00602	0.01975	0.00610	0.05690	0.00504	0.00858
13	0.04037	0.00558	0.00715	0.00802	0.00874	0.00536	0.00568	0.00922	0.01164	0.01621	0.10339	0.50117	0.06530	0.01656	0.00845	0.07289	0.00363	0.07628	0.02958	0.00476
14	0.11673	0.01529	0.17248	0.08159	0.06159	0.01258	0.12484	0.06451	0.05403	0.01941	0.01517	0.04216	0.06091	0.00825	0.00801	0.07539	0.05059	0.00592	0.00344	0.00712
15	0.03121	0.06394	0.08074	0.17035	0.05212	0.01395	0.04759	0.09244	0.01342	0.10190	0.03009	0.01663	0.01088	0.05409	0.00977	0.00216	0.16636	0.00540	0.02956	0.00738
16	0.01117	0.02947	0.03432	0.14538	0.01707	0.01005	0.00899	0.05928	0.13587	0.01861	0.04944	0.17130	0.09018	0.05392	0.00754	0.00205	0.01692	0.00833	0.00446	0.12564

[dist]
# distance from previous block
# <min> <max>
2	24

[block]
# block no. 14 follows, 40 sequences, length 20
# corresponding to MSA columns:
# 1095-1114
name=unknown_O
#
# <colnr> <probs for GDERKNQSTAVLIFYWHMCP>
#	G	D	E	R	K	N	Q	S	T	A	V	L	I	F	Y	W	H	M	C	P
0	0.07991	0.03909	0.09983	0.11112	0.07297	0.01270	0.03390	0.06871	0.09898	0.19480	0.01728	0.03940	0.04091	0.00727	0.00653	0.00189	0.05614	0.00582	0.00455	0.00820
1	0.01012	0.00825	0.01263	0.09133	0.12494	0.00835	0.04894	0.03678	0.03496	0.03085	0.05815	0.43678	0.02800	0.01306	0.00685	0.00214	0.00489	0.03207	0.00471	0.00619
2	0.04850	0.00897	0.03129	0.12025	0.01464	0.04470	0.00803	0.03143	0.01302	0.04262	0.10586	0.23536	0.17799	0.01194	0.00689	0.00200	0.03617	0.01012	0.04444	0.00579
3	0.07592	0.15761	0.13708	0.04683	0.01728	0.01295	0.01097	0.02228	0.08229	0.28448	0.02801	0.01576	0.01169	0.00626	0.00516	0.00166	0.00575	0.00485	0.00470	0.06847
4	0.01281	0.02353	0.01716	0.09993	0.11371	0.06064	0.12887	0.04513	0.08287	0.03850	0.11694	0.07137	0.01996	0.05169	0.05448	0.00256	0.00701	0.04163	0.00418	0.00703
