[name]
unknown

[dist]
# distance from previous block
# <min> <max>
1	406

[block]
# block no. 0 follows, 45 sequences, length 16
# corresponding to MSA columns:
# 473-488
name=unknown_A
#
# <colnr> <probs for GDERKNQSTAVLIFYWHMCP>
#	G	D	E	R	K	N	Q	S	T	A	V	L	I	F	Y	W	H	M	C	P
0	0.11144	0.01157	0.01508	0.01799	0.28695	0.01218	0.01082	0.09483	0.20794	0.03530	0.03936	0.01651	0.01234	0.02291	0.00556	0.00170	0.00513	0.01713	0.00401	0.07126
1	0.01074	0.00899	0.01287	0.01597	0.25611	0.00859	0.00929	0.01424	0.08625	0.03737	0.09672	0.21231	0.03467	0.02200	0.00597	0.00170	0.00442	0.00790	0.00409	0.14979
2	0.01533	0.01068	0.01288	0.01216	0.08262	0.01142	0.00880	0.24478	0.16637	0.12067	0.07949	0.05726	0.01640	0.01068	0.08266	0.00236	0.00570	0.00616	0.04580	0.00775
3	0.00827	0.00558	0.00683	0.00659	0.00806	0.00509	0.00501	0.01045	0.01382	0.05141	0.44149	0.07154	0.20478	0.01133	0.00611	0.00173	0.00280	0.04540	0.08865	0.00508
4	0.01006	0.00721	0.00897	0.00877	0.01014	0.00755	0.00660	0.06526	0.10872	0.06154	0.16491	0.34735	0.03048	0.02854	0.00747	0.00206	0.05006	0.06344	0.00515	0.00573
5	0.00776	0.00562	0.00682	0.00689	0.00710	0.00590	0.00444	0.00820	0.00862	0.01158	0.02075	0.18680	0.06547	0.51180	0.05718	0.00436	0.06413	0.00916	0.00361	0.00381
6	0.00781	0.00520	0.00585	0.00585	0.00585	0.00520	0.00325	0.00781	0.00781	0.01041	0.01691	0.03513	0.01952	0.81135	0.02732	0.00520	0.00520	0.00781	0.00325	0.00325
7	0.11606	0.00669	0.00833	0.00796	0.00906	0.00736	0.00586	0.04048	0.07901	0.01411	0.01157	0.01668	0.01048	0.02043	0.19650	0.43053	0.00688	0.00483	0.00299	0.00419
8	0.06422	0.00948	0.01241	0.00957	0.01368	0.00852	0.00790	0.06140	0.01554	0.70815	0.02010	0.01754	0.01272	0.00655	0.00530	0.00166	0.00461	0.00525	0.00642	0.00897
9	0.01504	0.23723	0.14094	0.01400	0.11741	0.05574	0.01164	0.15981	0.01435	0.05046	0.01011	0.01131	0.00794	0.00510	0.00456	0.00137	0.00611	0.00386	0.00326	0.12977
10	0.01087	0.00871	0.00818	0.00792	0.00844	0.15059	0.00530	0.00992	0.00876	0.01035	0.01139	0.02067	0.01190	0.25149	0.01987	0.43851	0.00575	0.00537	0.00269	0.00333
11	0.01122	0.07687	0.01624	0.01264	0.01345	0.01462	0.03769	0.01282	0.00990	0.01465	0.14981	0.01685	0.01517	0.00911	0.01394	0.00211	0.55850	0.00554	0.00302	0.00586
12	0.01317	0.08371	0.43033	0.01293	0.01923	0.04825	0.01461	0.12069	0.01348	0.03558	0.01009	0.01138	0.00748	0.00511	0.00481	0.00147	0.00679	0.00387	0.00298	0.15403
13	0.01533	0.03854	0.01144	0.00862	0.01222	0.00847	0.00695	0.11487	0.01450	0.25864	0.03639	0.08708	0.13502	0.00789	0.00525	0.00148	0.00418	0.00651	0.00501	0.22160
14	0.01521	0.01062	0.01207	0.00978	0.01265	0.01154	0.00794	0.28193	0.05300	0.07544	0.01399	0.01520	0.01062	0.00655	0.00639	0.00153	0.10986	0.00477	0.23492	0.10599
15	0.01658	0.01133	0.01636	0.19582	0.09444	0.01181	0.07261	0.17309	0.05943	0.21879	0.02977	0.01568	0.01083	0.00596	0.00541	0.00166	0.00590	0.00518	0.00445	0.04491

[dist]
# distance from previous block
# <min> <max>
1	11

[block]
# block no. 1 follows, 45 sequences, length 11
# corresponding to MSA columns:
# 500-510
name=unknown_B
#
# <colnr> <probs for GDERKNQSTAVLIFYWHMCP>
#	G	D	E	R	K	N	Q	S	T	A	V	L	I	F	Y	W	H	M	C	P
0	0.00930	0.00594	0.00747	0.00786	0.00915	0.00567	0.00603	0.01140	0.04120	0.08627	0.03021	0.27484	0.14180	0.07651	0.00816	0.00232	0.00386	0.20921	0.05770	0.00510
1	0.03733	0.31203	0.05286	0.01245	0.04356	0.07956	0.05600	0.22600	0.06279	0.05306	0.01093	0.01166	0.00849	0.00548	0.00462	0.00145	0.00624	0.00410	0.00364	0.00775
2	0.06441	0.04490	0.02979	0.01151	0.01440	0.01125	0.11140	0.11788	0.07290	0.09268	0.17819	0.05611	0.04006	0.00829	0.00702	0.00180	0.09285	0.03319	0.00455	0.00679
3	0.00718	0.00527	0.00674	0.00680	0.00787	0.00482	0.00493	0.00917	0.01359	0.01871	0.50119	0.24150	0.12671	0.01279	0.00647	0.00183	0.00270	0.01133	0.00557	0.00482
4	0.00722	0.00509	0.00635	0.00684	0.00734	0.00485	0.00457	0.00824	0.01057	0.01421	0.16077	0.35427	0.06913	0.26676	0.01323	0.00304	0.00373	0.04500	0.00460	0.00417
5	0.04905	0.01286	0.04506	0.12527	0.08397	0.07309	0.05751	0.08064	0.19175	0.08418	0.01395	0.01494	0.01043	0.00578	0.00510	0.00159	0.00579	0.00486	0.03425	0.09994
6	0.01562	0.01287	0.11626	0.01395	0.01824	0.01059	0.21415	0.02029	0.10223	0.27329	0.01739	0.10346	0.01365	0.00716	0.00621	0.00181	0.03395	0.00661	0.00454	0.00775
7	0.00771	0.00498	0.00659	0.00750	0.00803	0.00463	0.00506	0.00866	0.01044	0.06136	0.02826	0.70993	0.03311	0.06625	0.00805	0.00234	0.00334	0.01418	0.00498	0.00459
8	0.02116	0.01159	0.09765	0.01021	0.01484	0.00886	0.00920	0.06892	0.01512	0.57904	0.01829	0.01650	0.01181	0.00621	0.00523	0.00158	0.00497	0.00500	0.00575	0.08807
9	0.01564	0.01456	0.08921	0.06549	0.01915	0.04649	0.12023	0.23387	0.18243	0.07668	0.01475	0.01625	0.01104	0.00627	0.00549	0.00169	0.00623	0.02736	0.00439	0.04276
10	0.01405	0.01008	0.01382	0.01355	0.10801	0.01028	0.06779	0.17844	0.09831	0.12539	0.02005	0.27805	0.01909	0.00964	0.00594	0.00184	0.00492	0.00861	0.00488	0.00725

[dist]
# distance from previous block
# <min> <max>
2	13

[block]
# block no. 2 follows, 45 sequences, length 8
# corresponding to MSA columns:
# 526-533
name=unknown_C
#
# <colnr> <probs for GDERKNQSTAVLIFYWHMCP>
#	G	D	E	R	K	N	Q	S	T	A	V	L	I	F	Y	W	H	M	C	P
0	0.01596	0.09761	0.07576	0.23591	0.02200	0.01396	0.01171	0.24431	0.08479	0.12591	0.01306	0.01411	0.00938	0.00594	0.00516	0.00165	0.00607	0.00473	0.00414	0.00784
1	0.00770	0.00539	0.00673	0.00690	0.00807	0.00489	0.00503	0.00938	0.01269	0.04739	0.29928	0.28202	0.20553	0.03453	0.00706	0.00199	0.00301	0.04224	0.00533	0.00484
2	0.03581	0.01121	0.01567	0.19916	0.05413	0.04353	0.10905	0.06707	0.16856	0.05654	0.01725	0.08679	0.05731	0.00744	0.00623	0.00181	0.04514	0.00648	0.00391	0.00691
3	0.00783	0.00515	0.00590	0.00601	0.00621	0.00509	0.00358	0.00825	0.00874	0.01210	0.05944	0.11736	0.02249	0.62120	0.02219	0.00439	0.00463	0.00850	0.06736	0.00360
4	0.17479	0.00882	0.05147	0.00895	0.01158	0.00797	0.05317	0.01492	0.01169	0.17985	0.11298	0.14024	0.01978	0.07160	0.06754	0.00254	0.00518	0.00713	0.04369	0.00609
5	0.01399	0.01272	0.01767	0.19882	0.32626	0.04858	0.01344	0.14057	0.10756	0.01977	0.01178	0.01404	0.00918	0.00550	0.00528	0.00163	0.00628	0.00483	0.00342	0.03867
6	0.00907	0.00578	0.00739	0.00695	0.00850	0.00521	0.00522	0.01121	0.01423	0.10138	0.50631	0.12822	0.14688	0.01155	0.00629	0.00176	0.00284	0.01011	0.00575	0.00535
7	0.01464	0.28787	0.17271	0.01181	0.01660	0.07719	0.07632	0.01751	0.01214	0.13202	0.01220	0.07310	0.01024	0.00598	0.00474	0.00147	0.00630	0.00480	0.00329	0.05908

[dist]
# distance from previous block
# <min> <max>
0	3

[block]
# block no. 3 follows, 45 sequences, length 21
# corresponding to MSA columns:
# 537-557
name=unknown_D
#
# <colnr> <probs for GDERKNQSTAVLIFYWHMCP>
#	G	D	E	R	K	N	Q	S	T	A	V	L	I	F	Y	W	H	M	C	P
0	0.02341	0.06486	0.01354	0.00953	0.01371	0.00881	0.00798	0.02546	0.01506	0.72838	0.02023	0.01760	0.01284	0.00650	0.00526	0.00163	0.00465	0.00522	0.00634	0.00898
1	0.01197	0.08935	0.66983	0.01441	0.02182	0.01285	0.01816	0.01756	0.01158	0.06955	0.01026	0.01160	0.00726	0.00517	0.00499	0.00165	0.00753	0.00398	0.00257	0.00793
2	0.01726	0.04575	0.23489	0.01271	0.03248	0.03479	0.03509	0.11196	0.12207	0.27476	0.01555	0.01506	0.01069	0.00606	0.00526	0.00167	0.00601	0.00488	0.00460	0.00846
3	0.01074	0.00704	0.02938	0.00756	0.00942	0.00638	0.00593	0.05914	0.03475	0.10944	0.28351	0.18482	0.06324	0.01037	0.00575	0.00171	0.00330	0.00899	0.15274	0.00580
4	0.01410	0.05440	0.10177	0.01011	0.01505	0.01005	0.03192	0.09530	0.04416	0.12063	0.01189	0.01262	0.00895	0.00490	0.00455	0.00119	0.00497	0.00394	0.00380	0.44573
5	0.02983	0.18924	0.31446	0.01250	0.01815	0.01326	0.06027	0.03954	0.03474	0.19207	0.03764	0.01374	0.01017	0.00560	0.00492	0.00158	0.00635	0.00447	0.00362	0.00786
6	0.00680	0.00491	0.00643	0.00721	0.00782	0.00454	0.00496	0.00815	0.01160	0.01570	0.21805	0.58225	0.07122	0.01521	0.00670	0.00204	0.00295	0.01369	0.00522	0.00454
7	0.01970	0.01307	0.01455	0.01137	0.01535	0.01404	0.00932	0.51790	0.08446	0.16941	0.06256	0.01616	0.01308	0.00683	0.00544	0.00164	0.00531	0.00534	0.00564	0.00882
8	0.01342	0.18795	0.33288	0.01352	0.04522	0.05829	0.03843	0.05867	0.10151	0.04791	0.04437	0.01347	0.01034	0.00563	0.00491	0.00157	0.00664	0.00441	0.00320	0.00767
9	0.01340	0.04027	0.06238	0.22559	0.28673	0.01256	0.05909	0.07553	0.01283	0.07834	0.01172	0.04807	0.00953	0.00590	0.00583	0.00171	0.03459	0.00526	0.00318	0.00750
10	0.00820	0.00541	0.00675	0.00678	0.00718	0.00554	0.00438	0.00881	0.00852	0.03806	0.01787	0.11544	0.01967	0.52349	0.19589	0.00552	0.00702	0.00807	0.00347	0.00392
11	0.28140	0.08038	0.12275	0.04577	0.01777	0.14811	0.13242	0.03037	0.01154	0.01819	0.00896	0.02255	0.00723	0.00543	0.00523	0.00165	0.04675	0.00409	0.00287	0.00654
12	0.00706	0.00537	0.00649	0.00640	0.00774	0.00480	0.00473	0.00901	0.01363	0.01827	0.44788	0.13412	0.28993	0.01253	0.00640	0.00179	0.00266	0.01090	0.00549	0.00480
13	0.01637	0.01542	0.19238	0.01187	0.01636	0.03260	0.01128	0.11531	0.25616	0.21358	0.02934	0.01650	0.01252	0.00658	0.00569	0.00173	0.02784	0.00521	0.00485	0.00842
14	0.01163	0.00704	0.00890	0.00803	0.01004	0.00678	0.00630	0.05334	0.06587	0.15192	0.44418	0.05611	0.03636	0.01007	0.00608	0.00175	0.00339	0.07063	0.03539	0.00617
15	0.00751	0.00542	0.00710	0.00681	0.00800	0.00501	0.00506	0.00992	0.01480	0.02090	0.71547	0.10145	0.04944	0.01144	0.00637	0.00173	0.00258	0.01015	0.00584	0.00501
16	0.01113	0.00954	0.01113	0.00795	0.01272	0.00716	0.00636	0.01352	0.01113	0.01749	0.00954	0.01113	0.00795	0.00398	0.00398	0.00080	0.00398	0.00318	0.00318	0.84417
17	0.01377	0.01179	0.01264	0.01119	0.01416	0.01375	0.00879	0.07967	0.67573	0.02277	0.02044	0.01909	0.01538	0.00733	0.00609	0.00183	0.04597	0.00591	0.00529	0.00840
18	0.00765	0.00516	0.00597	0.00609	0.00620	0.00510	0.00355	0.00790	0.00851	0.01142	0.06172	0.12382	0.02313	0.67467	0.02378	0.00466	0.00481	0.00877	0.00360	0.00348
19	0.00834	0.00558	0.00683	0.00662	0.00809	0.00501	0.00492	0.01028	0.01350	0.07097	0.38284	0.15461	0.24239	0.01205	0.00624	0.00177	0.00281	0.01047	0.04157	0.00509
20	0.00773	0.00545	0.00655	0.00682	0.00778	0.00509	0.00471	0.00937	0.03734	0.04150	0.14597	0.33354	0.19448	0.15644	0.01022	0.00253	0.00340	0.01157	0.00489	0.00462

[dist]
# distance from previous block
# <min> <max>
2	10

[block]
# block no. 4 follows, 45 sequences, length 10
# corresponding to MSA columns:
# 568-577
name=unknown_E
#
# <colnr> <probs for GDERKNQSTAVLIFYWHMCP>
#	G	D	E	R	K	N	Q	S	T	A	V	L	I	F	Y	W	H	M	C	P
0	0.04726	0.01438	0.07414	0.09110	0.09035	0.09534	0.06753	0.17121	0.11565	0.09495	0.05774	0.01637	0.02729	0.00631	0.00537	0.00167	0.00619	0.00528	0.00419	0.00768
1	0.00932	0.00684	0.00853	0.00836	0.03597	0.00669	0.00610	0.01364	0.12901	0.05563	0.50138	0.03690	0.12086	0.01038	0.00615	0.00174	0.00310	0.02792	0.00564	0.00583
2	0.00942	0.00612	0.00749	0.00735	0.00863	0.00589	0.00535	0.04944	0.03523	0.07000	0.17800	0.24345	0.12344	0.09643	0.00936	0.05447	0.00358	0.03782	0.04349	0.00504
3	0.16658	0.21150	0.24789	0.01097	0.01609	0.01381	0.01162	0.04180	0.01203	0.17959	0.01118	0.01173	0.00810	0.00546	0.00483	0.00157	0.03038	0.00386	0.00349	0.00752
4	0.01243	0.01114	0.01693	0.28040	0.30107	0.01230	0.01345	0.08903	0.11002	0.01820	0.01317	0.07452	0.01117	0.00637	0.00547	0.00173	0.00607	0.00574	0.00337	0.00741
5	0.00813	0.00625	0.00861	0.00830	0.00954	0.00608	0.04721	0.00964	0.01158	0.04915	0.12328	0.37877	0.22467	0.01357	0.00738	0.00199	0.06418	0.01183	0.00484	0.00498
6	0.01132	0.09306	0.64400	0.01435	0.02152	0.01330	0.01782	0.01805	0.08520	0.01716	0.01064	0.01195	0.00774	0.00527	0.00499	0.00166	0.00739	0.00408	0.00258	0.00790
7	0.59988	0.07175	0.01072	0.00807	0.01158	0.03054	0.00674	0.08924	0.01162	0.08157	0.03040	0.01074	0.00806	0.00540	0.00381	0.00161	0.00456	0.00348	0.00376	0.00646
8	0.08865	0.10210	0.05206	0.00977	0.01375	0.01096	0.00859	0.11386	0.04025	0.31676	0.05009	0.01928	0.01387	0.00685	0.00508	0.00161	0.00489	0.06498	0.00501	0.07162
9	0.01538	0.32497	0.09699	0.01364	0.07832	0.17901	0.03300	0.09957	0.01358	0.01634	0.03218	0.01127	0.00865	0.00552	0.00523	0.00144	0.05101	0.00389	0.00289	0.00713

[dist]
# distance from previous block
# <min> <max>
0	4

[block]
# block no. 5 follows, 45 sequences, length 20
# corresponding to MSA columns:
# 582-601
name=unknown_F
#
# <colnr> <probs for GDERKNQSTAVLIFYWHMCP>
#	G	D	E	R	K	N	Q	S	T	A	V	L	I	F	Y	W	H	M	C	P
0	0.01111	0.00708	0.00891	0.00747	0.01009	0.00600	0.00580	0.01340	0.01382	0.14632	0.38291	0.06064	0.07718	0.00888	0.00560	0.00149	0.00327	0.00767	0.00525	0.21710
1	0.02275	0.01057	0.01329	0.01017	0.01438	0.00997	0.00839	0.20198	0.01759	0.57565	0.01879	0.01673	0.01210	0.00650	0.00534	0.00162	0.00487	0.00519	0.00622	0.03790
2	0.03244	0.02999	0.32104	0.10025	0.06628	0.01151	0.07079	0.01756	0.05215	0.12440	0.02923	0.06583	0.01125	0.00644	0.00585	0.00176	0.03693	0.00544	0.00341	0.00746
3	0.00772	0.00519	0.00678	0.00724	0.00812	0.00476	0.00510	0.00922	0.01213	0.05453	0.25539	0.49089	0.08400	0.01435	0.00659	0.00198	0.00299	0.01285	0.00535	0.00482
4	0.01940	0.01165	0.01284	0.01061	0.01425	0.06167	0.00849	0.09301	0.30300	0.37487	0.01985	0.01789	0.01368	0.00680	0.00538	0.00170	0.00490	0.00548	0.00583	0.00870
5	0.01315	0.01399	0.07181	0.11189	0.30013	0.05943	0.22793	0.01666	0.01235	0.05471	0.01180	0.05987	0.00985	0.00563	0.00566	0.00171	0.00725	0.00573	0.00296	0.00747
6	0.01601	0.00995	0.01459	0.20346	0.14297	0.01051	0.01101	0.04395	0.06233	0.28547	0.02716	0.04721	0.01219	0.00668	0.00609	0.00174	0.05118	0.00557	0.03431	0.00764
7	0.00780	0.00577	0.00749	0.00789	0.04730	0.00540	0.00542	0.00998	0.01357	0.01901	0.48466	0.08832	0.14760	0.03882	0.03482	0.00207	0.00330	0.00956	0.05618	0.00504
8	0.04250	0.21762	0.09943	0.06317	0.05034	0.01435	0.25180	0.04076	0.01254	0.10850	0.01165	0.01466	0.00912	0.00540	0.00518	0.00162	0.00691	0.03393	0.00321	0.00734
9	0.02655	0.01393	0.20798	0.17486	0.07607	0.02831	0.04155	0.03591	0.01270	0.07950	0.12921	0.06131	0.05375	0.00745	0.00561	0.00175	0.00595	0.02717	0.00371	0.00673
10	0.00826	0.00514	0.00681	0.00750	0.00817	0.00477	0.00512	0.00925	0.01074	0.08075	0.06589	0.63295	0.03276	0.06740	0.00832	0.01966	0.00338	0.01341	0.00501	0.00470
11	0.01789	0.07552	0.01527	0.03682	0.07100	0.02925	0.00943	0.34260	0.01874	0.18513	0.08146	0.01840	0.06049	0.00699	0.00535	0.00160	0.00528	0.00558	0.00507	0.00812
12	0.04416	0.01546	0.12198	0.02173	0.34158	0.07804	0.07507	0.08634	0.01353	0.05895	0.01144	0.04425	0.00937	0.00556	0.00526	0.00160	0.00662	0.00499	0.00322	0.05087
13	0.01763	0.01344	0.11981	0.15678	0.06482	0.04696	0.01166	0.12983	0.01503	0.31365	0.01532	0.04675	0.01097	0.00641	0.00537	0.00169	0.00599	0.00527	0.00459	0.00802
14	0.01383	0.01089	0.06325	0.04196	0.05291	0.01024	0.04962	0.16324	0.05404	0.13573	0.14083	0.12994	0.03459	0.00887	0.00640	0.00180	0.04116	0.02876	0.00485	0.00710
15	0.04309	0.06045	0.04381	0.01018	0.01375	0.04230	0.01680	0.19258	0.07460	0.22675	0.12996	0.02050	0.01756	0.03435	0.00609	0.00175	0.00501	0.02704	0.00515	0.02825
16	0.09234	0.04603	0.10302	0.01371	0.12420	0.04093	0.02238	0.10342	0.02874	0.16922	0.06417	0.03892	0.03990	0.00661	0.00550	0.00161	0.02998	0.00531	0.00420	0.05981
17	0.06370	0.01270	0.03806	0.06819	0.07970	0.06881	0.13400	0.07918	0.14361	0.07028	0.03949	0.06431	0.01277	0.00641	0.00535	0.00163	0.00592	0.00572	0.00396	0.09621
18	0.05063	0.01258	0.08017	0.03526	0.04162	0.02576	0.07083	0.11589	0.27386	0.05319	0.12529	0.02165	0.01828	0.00737	0.00560	0.00177	0.00522	0.04278	0.00471	0.00755
19	0.12920	0.05234	0.04432	0.04391	0.10558	0.01261	0.03941	0.13224	0.17338	0.09227	0.02842	0.01456	0.01089	0.00581	0.00491	0.00158	0.00522	0.00473	0.00420	0.09442

[dist]
# distance from previous block
# <min> <max>
2	29

[block]
# block no. 6 follows, 45 sequences, length 17
# corresponding to MSA columns:
# 631-647
name=unknown_G
#
# <colnr> <probs for GDERKNQSTAVLIFYWHMCP>
#	G	D	E	R	K	N	Q	S	T	A	V	L	I	F	Y	W	H	M	C	P
0	0.11044	0.01352	0.06049	0.05429	0.08905	0.10523	0.00989	0.06922	0.18283	0.12903	0.03650	0.01618	0.03369	0.00626	0.00504	0.00161	0.00552	0.00496	0.00428	0.06197
1	0.06882	0.09138	0.12646	0.01115	0.04511	0.01159	0.00987	0.14399	0.04443	0.17470	0.08056	0.03683	0.01367	0.00634	0.00497	0.00152	0.00514	0.00505	0.00440	0.11403
2	0.07274	0.01323	0.12450	0.01425	0.13059	0.04157	0.04042	0.07247	0.05346	0.09802	0.06330	0.11179	0.01486	0.00722	0.00564	0.00165	0.02750	0.00610	0.00396	0.09672
3	0.17386	0.03364	0.08549	0.00994	0.03356	0.01016	0.00853	0.07485	0.04968	0.12733	0.13313	0.01861	0.01621	0.00668	0.00521	0.00156	0.02524	0.03138	0.00432	0.15065
4	0.01137	0.00880	0.03798	0.01049	0.06442	0.00800	0.00775	0.08366	0.07620	0.08535	0.13024	0.22449	0.05941	0.01035	0.00593	0.00178	0.00413	0.06547	0.00487	0.09932
5	0.03735	0.35203	0.06238	0.01426	0.10585	0.03765	0.08794	0.05765	0.08442	0.04914	0.01054	0.01184	0.00850	0.00527	0.00498	0.00146	0.03466	0.00412	0.00309	0.02687
6	0.04718	0.18180	0.27592	0.01234	0.03001	0.04100	0.05234	0.01768	0.07097	0.06568	0.04060	0.01303	0.00990	0.00532	0.00470	0.00147	0.00620	0.00420	0.00315	0.11651
7	0.07408	0.08469	0.10150	0.05216	0.01673	0.01062	0.07061	0.03951	0.01346	0.36580	0.01632	0.01685	0.02901	0.00616	0.00511	0.00161	0.00549	0.02541	0.00466	0.06024
8	0.00689	0.00514	0.00718	0.08344	0.01059	0.00509	0.00594	0.00807	0.01032	0.01370	0.02766	0.73163	0.03278	0.01572	0.00671	0.00214	0.00350	0.01425	0.00473	0.00451
9	0.01382	0.03891	0.13049	0.12994	0.10893	0.15892	0.16790	0.01847	0.08815	0.03385	0.01097	0.01330	0.00847	0.00553	0.00603	0.00169	0.04965	0.00482	0.00294	0.00720
10	0.03788	0.12670	0.03764	0.01344	0.08719	0.03600	0.08044	0.11321	0.03413	0.13067	0.04358	0.03495	0.01219	0.01216	0.14083	0.00283	0.03984	0.00529	0.00385	0.00718
11	0.01060	0.01002	0.01694	0.68481	0.14696	0.01205	0.01514	0.01412	0.01095	0.01428	0.00962	0.01416	0.00736	0.00528	0.00536	0.00176	0.00704	0.00477	0.00243	0.00634
12	0.00664	0.00488	0.00624	0.00723	0.00784	0.00449	0.00499	0.00776	0.01086	0.01425	0.06499	0.63225	0.14740	0.01601	0.00677	0.00212	0.00310	0.04271	0.00502	0.00444
13	0.01285	0.03784	0.16115	0.06376	0.32854	0.04804	0.12149	0.01680	0.03266	0.04719	0.01212	0.07115	0.01032	0.00588	0.00547	0.00168	0.00685	0.00556	0.00298	0.00766
14	0.05881	0.01244	0.01917	0.08992	0.42405	0.01293	0.06073	0.11487	0.06755	0.06947	0.01188	0.01396	0.00918	0.00534	0.00530	0.00165	0.00616	0.00492	0.00348	0.00819
15	0.00651	0.00477	0.00613	0.00721	0.00772	0.00438	0.00487	0.00750	0.01053	0.01381	0.03282	0.70932	0.13195	0.01640	0.00679	0.00213	0.00306	0.01475	0.00498	0.00438
16	0.00717	0.00592	0.00639	0.00649	0.00812	0.00542	0.00482	0.00987	0.08415	0.01555	0.08578	0.17283	0.52188	0.01341	0.00637	0.00188	0.00298	0.03095	0.00508	0.00492

[dist]
# distance from previous block
# <min> <max>
3	9

[block]
# block no. 7 follows, 45 sequences, length 29
# corresponding to MSA columns:
# 659-687
name=unknown_H
#
# <colnr> <probs for GDERKNQSTAVLIFYWHMCP>
#	G	D	E	R	K	N	Q	S	T	A	V	L	I	F	Y	W	H	M	C	P
0	0.03884	0.01100	0.03199	0.00936	0.01360	0.03319	0.02400	0.04486	0.04519	0.04956	0.01059	0.01231	0.00861	0.01919	0.00555	0.00118	0.05683	0.00374	0.00342	0.57698
1	0.03086	0.00609	0.00766	0.00693	0.00870	0.00553	0.00529	0.01160	0.01462	0.08764	0.59172	0.03728	0.11147	0.01040	0.00608	0.00166	0.00283	0.00904	0.00571	0.03890
2	0.00825	0.00591	0.00815	0.00910	0.01025	0.00580	0.00766	0.01058	0.01263	0.01676	0.15679	0.13308	0.03476	0.01437	0.00717	0.00231	0.00434	0.54206	0.00511	0.00490
3	0.00673	0.00485	0.00638	0.00727	0.00781	0.00450	0.00496	0.00798	0.01126	0.01518	0.16874	0.63780	0.06539	0.01562	0.00674	0.00208	0.00299	0.01409	0.00515	0.00450
4	0.00773	0.00517	0.00588	0.00595	0.00597	0.00515	0.00336	0.00779	0.00796	0.01061	0.01770	0.08291	0.02050	0.76223	0.02606	0.00502	0.00507	0.00827	0.00336	0.00332
5	0.00845	0.00630	0.00905	0.00982	0.01117	0.00617	0.03542	0.01078	0.01218	0.01578	0.02973	0.12455	0.08338	0.01454	0.00725	0.00237	0.00477	0.59848	0.00487	0.00495
6	0.01329	0.01275	0.02179	0.03295	0.77787	0.01275	0.01647	0.01647	0.01222	0.01754	0.01010	0.01329	0.00850	0.00478	0.00531	0.00159	0.00638	0.00478	0.00266	0.00850
7	0.84927	0.01038	0.00789	0.00706	0.01038	0.01204	0.00581	0.01578	0.00914	0.02408	0.00747	0.00872	0.00581	0.00498	0.00332	0.00166	0.00415	0.00291	0.00332	0.00581
8	0.01633	0.01693	0.03791	0.01210	0.01535	0.26344	0.00962	0.13399	0.37241	0.02095	0.03511	0.01588	0.01284	0.00662	0.00526	0.00164	0.00631	0.00507	0.00449	0.00775
9	0.01229	0.00988	0.01166	0.00850	0.01302	0.00804	0.00685	0.05020	0.01192	0.05849	0.01021	0.01162	0.00825	0.00446	0.00468	0.00094	0.03705	0.00344	0.00343	0.72507
10	0.01614	0.13547	0.10481	0.03214	0.04035	0.08604	0.01082	0.18493	0.18177	0.09560	0.01460	0.01611	0.01126	0.00644	0.00512	0.00163	0.00597	0.03860	0.00427	0.00796
11	0.01560	0.07117	0.34668	0.01444	0.05288	0.10143	0.04508	0.11171	0.03380	0.13879	0.01195	0.01270	0.00851	0.00555	0.00512	0.00161	0.00709	0.00436	0.00352	0.00802
12	0.01113	0.00954	0.01113	0.00795	0.01272	0.00716	0.00636	0.01352	0.01113	0.01749	0.00954	0.01113	0.00795	0.00398	0.00398	0.00080	0.00398	0.00318	0.00318	0.84417
13	0.01217	0.01173	0.02031	0.29574	0.48695	0.01251	0.05164	0.01556	0.01173	0.01621	0.00994	0.01370	0.00802	0.00497	0.00538	0.00167	0.00677	0.00485	0.00257	0.00757
14	0.01001	0.00500	0.00500	0.00500	0.00625	0.00500	0.00375	0.01251	0.01126	0.02001	0.01751	0.02001	0.01376	0.00625	0.00375	0.00125	0.00250	0.00500	0.84115	0.00500
15	0.69517	0.06370	0.01087	0.01027	0.10152	0.01273	0.00730	0.01588	0.00962	0.02255	0.00778	0.00925	0.00620	0.00493	0.00357	0.00162	0.00452	0.00313	0.00318	0.00620
16	0.00888	0.00546	0.00629	0.00610	0.00637	0.00538	0.00356	0.00902	0.00830	0.06127	0.01719	0.03402	0.01910	0.75828	0.02588	0.00497	0.00516	0.00765	0.00348	0.00364
17	0.02041	0.01504	0.01611	0.01235	0.01665	0.01665	0.01020	0.75997	0.02524	0.03383	0.01289	0.01289	0.00913	0.00644	0.00537	0.00161	0.00591	0.00483	0.00537	0.00913
18	0.01036	0.00981	0.01675	0.70452	0.08977	0.01187	0.03583	0.01388	0.01089	0.01409	0.01004	0.03085	0.00787	0.00554	0.00542	0.00178	0.00707	0.00504	0.00247	0.00615
19	0.01316	0.08719	0.04864	0.02169	0.16694	0.01381	0.44333	0.05257	0.01289	0.01766	0.01038	0.01333	0.00809	0.00465	0.00564	0.00163	0.00773	0.00538	0.00281	0.06246
20	0.01202	0.00712	0.00886	0.00834	0.01051	0.00677	0.00664	0.01555	0.10478	0.19714	0.13359	0.11641	0.18283	0.01141	0.00628	0.00193	0.00379	0.15424	0.00555	0.00623
21	0.00820	0.00561	0.00676	0.00641	0.00797	0.00503	0.00483	0.01030	0.01391	0.05923	0.44561	0.06455	0.26697	0.01143	0.00614	0.00171	0.00271	0.00985	0.05767	0.00509
22	0.05493	0.05150	0.37367	0.01314	0.03077	0.01188	0.03709	0.07213	0.04826	0.23457	0.01354	0.01370	0.00926	0.00568	0.00511	0.00167	0.00641	0.00452	0.00394	0.00823
23	0.00710	0.00530	0.00719	0.05956	0.01019	0.00516	0.00614	0.00849	0.01082	0.01416	0.03032	0.56745	0.09970	0.01546	0.00680	0.00217	0.00364	0.13097	0.00481	0.00457
24	0.00668	0.00477	0.00639	0.00763	0.00800	0.00448	0.00522	0.00771	0.01041	0.01386	0.02951	0.75883	0.03520	0.01669	0.00689	0.00220	0.00323	0.06292	0.00498	0.00440
25	0.01649	0.06067	0.04336	0.07951	0.15550	0.28063	0.11720	0.04913	0.04779	0.08267	0.01099	0.01270	0.00845	0.00539	0.00521	0.00156	0.00770	0.00453	0.00323	0.00731
26	0.07836	0.16268	0.29529	0.01201	0.01749	0.03122	0.01277	0.14169	0.05061	0.13125	0.01186	0.01230	0.00854	0.00556	0.00477	0.00158	0.00629	0.00413	0.00367	0.00795
27	0.01518	0.06152	0.38145	0.01332	0.01909	0.08525	0.04225	0.06571	0.06300	0.16367	0.01283	0.01334	0.00903	0.00564	0.00510	0.00163	0.00689	0.00444	0.02268	0.00797
28	0.08133	0.01799	0.08218	0.01975	0.27629	0.26058	0.01291	0.07418	0.04004	0.01770	0.00970	0.01172	0.00787	0.00558	0.00582	0.00160	0.06020	0.00419	0.00299	0.00739

[dist]
# distance from previous block
# <min> <max>
0	1

[block]
# block no. 8 follows, 45 sequences, length 12
# corresponding to MSA columns:
# 689-700
name=unknown_I
#
# <colnr> <probs for GDERKNQSTAVLIFYWHMCP>
#	G	D	E	R	K	N	Q	S	T	A	V	L	I	F	Y	W	H	M	C	P
0	0.00744	0.00596	0.00648	0.00624	0.00799	0.00534	0.00470	0.05142	0.01355	0.01716	0.21393	0.08545	0.52969	0.01276	0.00631	0.00179	0.00288	0.01079	0.00522	0.00491
1	0.01519	0.04043	0.09898	0.01275	0.01770	0.01131	0.15707	0.12554	0.05766	0.15106	0.01293	0.01372	0.00940	0.00523	0.00507	0.00143	0.00585	0.00466	0.00400	0.25000
2	0.00802	0.00525	0.00612	0.00612	0.00638	0.00538	0.00376	0.00854	0.00828	0.01170	0.01665	0.03169	0.01811	0.62536	0.12402	0.00523	0.00611	0.00724	0.09240	0.00364
3	0.44462	0.06032	0.01206	0.00901	0.01280	0.01318	0.00753	0.21763	0.01456	0.14620	0.01110	0.01135	0.00796	0.00562	0.00421	0.00162	0.00479	0.00382	0.00434	0.00730
4	0.01643	0.01203	0.01340	0.01119	0.01451	0.01347	0.00898	0.28271	0.34144	0.10500	0.01755	0.01717	0.01298	0.00975	0.07143	0.00232	0.03051	0.00550	0.00524	0.00839
5	0.00779	0.00527	0.00619	0.00619	0.00631	0.00539	0.00367	0.00802	0.00791	0.01066	0.01660	0.03342	0.01877	0.71752	0.12014	0.00562	0.00632	0.00756	0.00321	0.00344
6	0.01552	0.65258	0.02548	0.01014	0.01436	0.17904	0.00943	0.01717	0.01179	0.01273	0.00763	0.00883	0.00689	0.00479	0.00373	0.00120	0.00655	0.00299	0.00239	0.00675
7	0.00653	0.00545	0.00570	0.00563	0.00736	0.00461	0.00422	0.00806	0.01267	0.01554	0.16133	0.04994	0.66809	0.01321	0.00634	0.00179	0.00269	0.01109	0.00512	0.00461
8	0.00726	0.06592	0.00803	0.00775	0.00844	0.00575	0.00552	0.00835	0.01045	0.01377	0.02784	0.70207	0.03306	0.01577	0.00663	0.00212	0.00342	0.05848	0.00478	0.00459
9	0.01332	0.01657	0.19920	0.01472	0.04093	0.09854	0.16013	0.06465	0.12156	0.06181	0.01553	0.14023	0.01359	0.00737	0.00569	0.00177	0.00669	0.00664	0.00376	0.00728
10	0.01491	0.68470	0.02584	0.00970	0.01408	0.11417	0.00921	0.01662	0.01144	0.01290	0.00765	0.00885	0.00694	0.00468	0.00364	0.00116	0.00615	0.00295	0.00239	0.04204
11	0.01255	0.23028	0.36870	0.01309	0.01878	0.06939	0.04452	0.01643	0.01129	0.01533	0.00882	0.01064	0.00702	0.00519	0.00554	0.00150	0.06708	0.00372	0.00242	0.08770

[dist]
# distance from previous block
# <min> <max>
0	5

[block]
# block no. 9 follows, 45 sequences, length 33
# corresponding to MSA columns:
# 706-738
name=unknown_J
#
# <colnr> <probs for GDERKNQSTAVLIFYWHMCP>
#	G	D	E	R	K	N	Q	S	T	A	V	L	I	F	Y	W	H	M	C	P
0	0.01339	0.01674	0.18998	0.01956	0.02535	0.01278	0.51277	0.01825	0.02762	0.09164	0.01182	0.01429	0.00852	0.00491	0.00596	0.00177	0.00828	0.00573	0.00306	0.00760
1	0.80116	0.01083	0.02963	0.00736	0.01084	0.01193	0.00627	0.01612	0.00938	0.04661	0.00795	0.00908	0.00607	0.00504	0.00343	0.00166	0.00427	0.00301	0.00339	0.00597
2	0.00658	0.00479	0.00620	0.00723	0.00775	0.00442	0.00490	0.00765	0.01075	0.01422	0.07405	0.68913	0.11022	0.01617	0.00677	0.00212	0.00304	0.01455	0.00504	0.00442
3	0.01408	0.01249	0.02111	0.03124	0.72198	0.01240	0.01585	0.01718	0.01245	0.07341	0.01091	0.01365	0.00885	0.00492	0.00532	0.00160	0.00624	0.00483	0.00295	0.00855
4	0.01054	0.06488	0.14550	0.01340	0.08756	0.01006	0.10000	0.01512	0.10437	0.03428	0.14659	0.16313	0.06430	0.00884	0.00580	0.00177	0.00518	0.00796	0.00410	0.00661
5	0.00777	0.00558	0.00723	0.00721	0.00767	0.00595	0.00494	0.00875	0.00912	0.01266	0.10313	0.09643	0.02216	0.39337	0.25223	0.00548	0.03472	0.00793	0.00356	0.00411
6	0.10283	0.01435	0.01508	0.01169	0.01582	0.01592	0.00965	0.66827	0.02340	0.03257	0.03006	0.01310	0.00976	0.00640	0.00519	0.00162	0.00565	0.00475	0.00518	0.00870
7	0.09940	0.30492	0.04296	0.01318	0.07124	0.27509	0.04357	0.03321	0.04340	0.01545	0.00884	0.01021	0.00739	0.00512	0.00433	0.00139	0.00710	0.00357	0.00279	0.00683
8	0.01067	0.00633	0.00894	0.08659	0.01108	0.00675	0.00631	0.09332	0.00944	0.01255	0.00975	0.01573	0.00909	0.01593	0.01765	0.66399	0.00505	0.00469	0.00268	0.00347
9	0.01314	0.01103	0.01411	0.01063	0.03089	0.02467	0.08221	0.09958	0.01318	0.05338	0.01056	0.01200	0.00833	0.00448	0.00448	0.00106	0.00489	0.00382	0.00352	0.59403
10	0.01335	0.01153	0.01214	0.01092	0.01396	0.01335	0.00850	0.02852	0.76817	0.02245	0.02185	0.02003	0.01639	0.00728	0.00546	0.00182	0.00425	0.00607	0.00546	0.00850
11	0.00774	0.00545	0.00710	0.00710	0.00753	0.00588	0.00481	0.00861	0.00818	0.01133	0.01577	0.02881	0.01677	0.46430	0.37063	0.00674	0.00933	0.00688	0.00308	0.00395
12	0.01113	0.00954	0.01113	0.00795	0.01272	0.00716	0.00636	0.01352	0.01113	0.01749	0.00954	0.01113	0.00795	0.00398	0.00398	0.00080	0.00398	0.00318	0.00318	0.84417
13	0.01267	0.01448	0.03167	0.02262	0.02805	0.01357	0.75837	0.01719	0.01267	0.01719	0.01086	0.01448	0.00814	0.00452	0.00633	0.00181	0.00905	0.00633	0.00271	0.00724
14	0.00670	0.00485	0.00626	0.00715	0.00769	0.00449	0.00485	0.00782	0.01093	0.01458	0.11988	0.62228	0.09989	0.04636	0.00753	0.00221	0.00309	0.01398	0.00503	0.00442
15	0.00783	0.00564	0.00846	0.00846	0.00933	0.00651	0.00651	0.00933	0.00846	0.01215	0.01387	0.02061	0.01301	0.03810	0.71333	0.09198	0.01341	0.00564	0.00282	0.00455
16	0.00850	0.00569	0.00737	0.00683	0.00826	0.00521	0.00514	0.01089	0.01489	0.06487	0.68011	0.03923	0.08011	0.03104	0.00681	0.00178	0.00273	0.00948	0.00584	0.00523
17	0.01760	0.01856	0.01649	0.06479	0.17992	0.40748	0.01181	0.01956	0.01359	0.10141	0.01009	0.01192	0.00801	0.00589	0.00637	0.00158	0.09066	0.00417	0.00312	0.00699
18	0.75613	0.01140	0.03858	0.00777	0.01134	0.01240	0.00668	0.07025	0.01040	0.02452	0.00795	0.00913	0.00609	0.00509	0.00354	0.00166	0.00443	0.00309	0.00343	0.00614
19	0.01608	0.06085	0.26571	0.01286	0.04217	0.01308	0.01266	0.27047	0.02788	0.13469	0.06447	0.01503	0.01184	0.00620	0.00522	0.00162	0.00606	0.00488	0.02002	0.00824
20	0.00679	0.00478	0.00616	0.00716	0.00741	0.00452	0.00465	0.00754	0.00980	0.01306	0.02712	0.65752	0.03239	0.17139	0.01083	0.00277	0.00352	0.01381	0.00465	0.00414
21	0.00820	0.00568	0.00719	0.00687	0.00835	0.00516	0.00526	0.01045	0.01436	0.05573	0.54171	0.06186	0.17750	0.01164	0.00637	0.00177	0.00284	0.05824	0.00569	0.00514
22	0.84927	0.01038	0.00789	0.00706	0.01038	0.01204	0.00581	0.01578	0.00914	0.02408	0.00747	0.00872	0.00581	0.00498	0.00332	0.00166	0.00415	0.00291	0.00332	0.00581
23	0.84927	0.01038	0.00789	0.00706	0.01038	0.01204	0.00581	0.01578	0.00914	0.02408	0.00747	0.00872	0.00581	0.00498	0.00332	0.00166	0.00415	0.00291	0.00332	0.00581
24	0.09071	0.00530	0.00646	0.00738	0.00806	0.00517	0.00507	0.00848	0.01050	0.01527	0.07785	0.67611	0.03357	0.01524	0.00646	0.00209	0.00318	0.01365	0.00488	0.00455
25	0.01409	0.75704	0.08337	0.00963	0.01447	0.02060	0.00996	0.01614	0.01094	0.01295	0.00762	0.00881	0.00688	0.00463	0.00357	0.00119	0.00590	0.00295	0.00229	0.00697
26	0.00792	0.08950	0.11773	0.03941	0.01136	0.00762	0.00725	0.01009	0.01191	0.01463	0.04157	0.04017	0.55945	0.01117	0.00584	0.00173	0.00394	0.00918	0.00423	0.00530
27	0.00695	0.00512	0.00654	0.00714	0.00801	0.00471	0.00513	0.00850	0.01207	0.01613	0.23655	0.42707	0.15368	0.01458	0.00667	0.00201	0.00303	0.06624	0.00523	0.00462
28	0.01339	0.01429	0.09657	0.02601	0.49816	0.02601	0.06330	0.08587	0.04060	0.01886	0.01187	0.05889	0.01017	0.00575	0.00545	0.00166	0.00645	0.00543	0.00311	0.00815
29	0.01097	0.04597	0.63518	0.09449	0.07545	0.01267	0.01883	0.01661	0.01132	0.01659	0.00960	0.01169	0.00695	0.00509	0.00510	0.00169	0.00769	0.00407	0.00231	0.00775
30	0.00852	0.00645	0.00868	0.01008	0.04460	0.00638	0.00793	0.01130	0.04897	0.01594	0.03087	0.14828	0.12846	0.01410	0.00701	0.00228	0.00445	0.48568	0.00488	0.00515
31	0.01688	0.01128	0.01748	0.02100	0.36814	0.03337	0.05675	0.01963	0.01361	0.29104	0.05958	0.01682	0.01280	0.00587	0.00540	0.00162	0.00564	0.00536	0.02944	0.00828
32	0.01781	0.03414	0.27828	0.01191	0.01726	0.01123	0.01231	0.14783	0.02770	0.33041	0.04640	0.01567	0.01179	0.00622	0.00529	0.00166	0.00589	0.00494	0.00478	0.00849

[dist]
# distance from previous block
# <min> <max>
2	6

[block]
# block no. 10 follows, 45 sequences, length 9
# corresponding to MSA columns:
# 747-755
name=unknown_K
#
# <colnr> <probs for GDERKNQSTAVLIFYWHMCP>
#	G	D	E	R	K	N	Q	S	T	A	V	L	I	F	Y	W	H	M	C	P
0	0.06255	0.08743	0.01498	0.04135	0.01544	0.07514	0.00907	0.34118	0.09622	0.05721	0.01459	0.04806	0.03368	0.00664	0.00503	0.00155	0.00554	0.00510	0.00451	0.07473
1	0.00655	0.00486	0.00611	0.00704	0.00769	0.00443	0.00481	0.00764	0.01089	0.01421	0.06799	0.62392	0.18244	0.01592	0.00673	0.00209	0.00301	0.01423	0.00502	0.00443
2	0.01540	0.00860	0.01227	0.08471	0.11866	0.00825	0.00880	0.04881	0.01433	0.31469	0.18240	0.08864	0.05436	0.00833	0.00574	0.00172	0.00447	0.00723	0.00528	0.00729
3	0.06317	0.17222	0.41199	0.01276	0.01882	0.06241	0.01447	0.07186	0.01279	0.09694	0.01045	0.01140	0.00761	0.00528	0.00472	0.00156	0.00691	0.00388	0.00304	0.00772
4	0.04249	0.05311	0.09822	0.01734	0.02221	0.01346	0.40259	0.05023	0.09134	0.09556	0.01254	0.01445	0.00924	0.00542	0.00631	0.00177	0.04713	0.00555	0.00345	0.00758
5	0.00792	0.00509	0.00654	0.00717	0.00787	0.00469	0.00488	0.00866	0.01040	0.06110	0.02977	0.53593	0.12850	0.08053	0.00943	0.06617	0.00344	0.01272	0.00474	0.00444
6	0.56575	0.10268	0.05466	0.04051	0.03348	0.01269	0.00785	0.01689	0.01025	0.10043	0.00917	0.01019	0.00689	0.00513	0.00379	0.00161	0.00477	0.00335	0.00344	0.00648
7	0.00728	0.00551	0.00688	0.00703	0.00828	0.00487	0.00502	0.00886	0.01200	0.01635	0.23478	0.40443	0.14542	0.01341	0.00634	0.00185	0.00299	0.01191	0.00505	0.09176
8	0.01410	0.01378	0.08383	0.07128	0.27971	0.04343	0.08629	0.07272	0.12129	0.07900	0.01360	0.04839	0.01086	0.00597	0.00544	0.00167	0.00626	0.00545	0.00364	0.03331

[dist]
# distance from previous block
# <min> <max>
0	18

[block]
# block no. 11 follows, 45 sequences, length 44
# corresponding to MSA columns:
# 774-817
name=unknown_L
#
# <colnr> <probs for GDERKNQSTAVLIFYWHMCP>
#	G	D	E	R	K	N	Q	S	T	A	V	L	I	F	Y	W	H	M	C	P
0	0.10673	0.08078	0.05793	0.00942	0.01354	0.01016	0.00826	0.05303	0.05567	0.40569	0.04166	0.01740	0.04323	0.00645	0.00496	0.00157	0.00468	0.00506	0.00520	0.06858
1	0.04449	0.05902	0.35959	0.01313	0.05110	0.01156	0.02964	0.05562	0.06897	0.06764	0.07723	0.04191	0.01293	0.00618	0.00511	0.00161	0.00607	0.00506	0.00350	0.07964
2	0.01617	0.05379	0.11880	0.01762	0.22011	0.05811	0.05197	0.05028	0.07987	0.20514	0.01366	0.01430	0.00994	0.00554	0.00517	0.00157	0.00608	0.00475	0.00396	0.06318
3	0.02004	0.03321	0.01355	0.01016	0.01428	0.01095	0.00836	0.21614	0.09201	0.39082	0.01793	0.01651	0.02419	0.00641	0.00520	0.00155	0.00482	0.00509	0.00566	0.10312
4	0.00827	0.00558	0.00691	0.00725	0.00807	0.00532	0.00499	0.03928	0.01130	0.04842	0.09937	0.42425	0.09606	0.17747	0.01083	0.00268	0.00368	0.03084	0.00481	0.00463
5	0.01359	0.08638	0.22912	0.01414	0.01834	0.19740	0.13274	0.01666	0.01180	0.03246	0.01033	0.01453	0.00889	0.11099	0.00911	0.00211	0.07741	0.00474	0.00270	0.00656
6	0.01451	0.12431	0.38902	0.01249	0.01828	0.03646	0.01392	0.03850	0.07555	0.17037	0.04630	0.01434	0.01089	0.00583	0.00503	0.00162	0.00643	0.00454	0.00367	0.00794
7	0.03033	0.01232	0.01651	0.37561	0.10231	0.03278	0.01298	0.27994	0.01603	0.02141	0.01062	0.01338	0.00796	0.00585	0.00581	0.00172	0.03889	0.00472	0.00350	0.00735
8	0.00694	0.00471	0.00609	0.00719	0.00761	0.00443	0.00484	0.00805	0.01039	0.01443	0.02819	0.71709	0.03300	0.01560	0.00649	0.00207	0.00304	0.01408	0.10131	0.00443
9	0.04710	0.01223	0.05022	0.21154	0.26056	0.01287	0.01316	0.07840	0.16068	0.03583	0.01259	0.01470	0.00971	0.00582	0.00575	0.00172	0.03827	0.00494	0.01627	0.00765
10	0.01760	0.10273	0.14605	0.07552	0.12714	0.01126	0.03002	0.02068	0.01331	0.36798	0.02590	0.01523	0.01073	0.00580	0.00515	0.00161	0.00581	0.00482	0.00441	0.00824
11	0.00653	0.00473	0.00617	0.00733	0.00775	0.00437	0.00492	0.00749	0.01042	0.01376	0.03135	0.75391	0.08830	0.01659	0.00682	0.00215	0.00309	0.01498	0.00498	0.00437
12	0.00761	0.00588	0.00701	0.00678	0.00829	0.00548	0.00513	0.01057	0.06428	0.01900	0.45370	0.06763	0.26695	0.01186	0.00634	0.00178	0.00281	0.03827	0.00553	0.00510
13	0.01618	0.01726	0.01670	0.13289	0.11369	0.35160	0.06746	0.04255	0.01366	0.06717	0.01127	0.06450	0.00963	0.00638	0.00590	0.00163	0.04663	0.00505	0.00317	0.00670
14	0.01626	0.01292	0.01835	0.25430	0.02450	0.01419	0.12998	0.37034	0.01822	0.06958	0.01204	0.01390	0.00862	0.00582	0.00552	0.00170	0.00671	0.00509	0.00411	0.00786
15	0.02136	0.03237	0.04516	0.01080	0.01463	0.04767	0.00921	0.11349	0.01554	0.52229	0.01725	0.01599	0.01139	0.00674	0.00659	0.00170	0.08867	0.00504	0.00556	0.00855
16	0.01191	0.01297	0.09517	0.08502	0.16257	0.05280	0.01071	0.01491	0.01155	0.01687	0.00959	0.01177	0.00781	0.00446	0.00452	0.00117	0.00546	0.00373	0.00289	0.47415
17	0.00844	0.00600	0.00739	0.00694	0.00847	0.00566	0.00523	0.01168	0.06831	0.04466	0.56917	0.05439	0.13421	0.01086	0.00617	0.00171	0.00275	0.00947	0.03315	0.00536
18	0.00754	0.00546	0.00731	0.00831	0.00922	0.00523	0.00652	0.00931	0.01176	0.01546	0.09436	0.35658	0.09239	0.01520	0.00701	0.00224	0.00383	0.33253	0.00504	0.00469
19	0.00761	0.00501	0.00668	0.00749	0.00813	0.00464	0.00515	0.00881	0.01118	0.05559	0.12511	0.66698	0.03627	0.01552	0.00671	0.00209	0.00312	0.01402	0.00519	0.00470
20	0.00781	0.00520	0.00585	0.00585	0.00585	0.00520	0.00325	0.00781	0.00781	0.01041	0.01691	0.03513	0.01952	0.81135	0.02732	0.00520	0.00520	0.00781	0.00325	0.00325
21	0.00853	0.00614	0.00848	0.00965	0.01092	0.00609	0.00841	0.01094	0.01235	0.01598	0.02980	0.06008	0.07054	0.01476	0.00736	0.00244	0.00482	0.70286	0.00495	0.00492
22	0.01329	0.01275	0.02179	0.03295	0.77787	0.01275	0.01647	0.01647	0.01222	0.01754	0.01010	0.01329	0.00850	0.00478	0.00531	0.00159	0.00638	0.00478	0.00266	0.00850
23	0.84927	0.01038	0.00789	0.00706	0.01038	0.01204	0.00581	0.01578	0.00914	0.02408	0.00747	0.00872	0.00581	0.00498	0.00332	0.00166	0.00415	0.00291	0.00332	0.00581
24	0.01281	0.05803	0.01211	0.00995	0.01259	0.01177	0.00778	0.17121	0.33777	0.02194	0.06201	0.19645	0.04379	0.00948	0.00571	0.00181	0.00428	0.00804	0.00516	0.00730
25	0.01113	0.00954	0.01113	0.00795	0.01272	0.00716	0.00636	0.01352	0.01113	0.01749	0.00954	0.01113	0.00795	0.00398	0.00398	0.00080	0.00398	0.00318	0.00318	0.84417
26	0.04526	0.17564	0.01918	0.01224	0.01654	0.07146	0.08098	0.35978	0.01854	0.13103	0.01226	0.01257	0.00890	0.00580	0.00498	0.00153	0.00620	0.00450	0.00442	0.00818
27	0.09420	0.06643	0.23753	0.01186	0.01695	0.09755	0.03087	0.04375	0.01357	0.31536	0.01378	0.01357	0.00936	0.00573	0.00496	0.00161	0.00630	0.00439	0.00423	0.00797
28	0.01111	0.01072	0.06097	0.00842	0.01340	0.00750	0.00723	0.01374	0.01114	0.01746	0.00955	0.01114	0.00788	0.00405	0.00405	0.00085	0.00423	0.00323	0.00312	0.79020
29	0.01210	0.01222	0.04316	0.29186	0.45565	0.01252	0.06356	0.01560	0.01172	0.01620	0.00994	0.01365	0.00797	0.00497	0.00539	0.00168	0.00686	0.00485	0.00256	0.00754
30	0.01001	0.00500	0.00500	0.00500	0.00625	0.00500	0.00375	0.01251	0.01126	0.02001	0.01751	0.02001	0.01376	0.00625	0.00375	0.00125	0.00250	0.00500	0.84115	0.00500
31	0.82771	0.03114	0.00841	0.00711	0.01047	0.01228	0.00590	0.01579	0.00918	0.02379	0.00747	0.00872	0.00584	0.00497	0.00333	0.00165	0.00419	0.00291	0.00330	0.00584
32	0.00781	0.00520	0.00585	0.00585	0.00585	0.00520	0.00325	0.00781	0.00781	0.01041	0.01691	0.03513	0.01952	0.81135	0.02732	0.00520	0.00520	0.00781	0.00325	0.00325
33	0.02041	0.01504	0.01611	0.01235	0.01665	0.01665	0.01020	0.75997	0.02524	0.03383	0.01289	0.01289	0.00913	0.00644	0.00537	0.00161	0.00591	0.00483	0.00537	0.00913
34	0.01225	0.01145	0.01774	0.49221	0.23799	0.05834	0.02886	0.01554	0.01165	0.04849	0.01016	0.01393	0.00780	0.00526	0.00534	0.00171	0.00701	0.00475	0.00268	0.00684
35	0.01311	0.01302	0.02286	0.05749	0.28874	0.01324	0.28259	0.03732	0.17807	0.01872	0.01299	0.01523	0.01005	0.00530	0.00572	0.00173	0.00690	0.00563	0.00335	0.00795
36	0.00960	0.00796	0.00876	0.00852	0.01054	0.00840	0.00653	0.01688	0.33052	0.01830	0.07870	0.15033	0.23712	0.01136	0.00614	0.00192	0.00360	0.07333	0.00524	0.00624
37	0.00760	0.00546	0.00689	0.00653	0.00785	0.00501	0.00490	0.01001	0.01469	0.02075	0.66297	0.04018	0.12086	0.01098	0.00620	0.00168	0.00255	0.00962	0.05028	0.00501
38	0.09826	0.01814	0.30032	0.01810	0.14424	0.01248	0.16991	0.06202	0.01277	0.09686	0.01112	0.01284	0.00806	0.00515	0.00526	0.00169	0.00707	0.00468	0.00316	0.00786
39	0.00647	0.00493	0.00596	0.00679	0.00761	0.00442	0.00468	0.00755	0.01093	0.01397	0.03786	0.55534	0.28267	0.01574	0.00668	0.00206	0.00298	0.01395	0.00498	0.00442
40	0.00654	0.00467	0.00623	0.00747	0.00779	0.00436	0.00498	0.00747	0.01028	0.01370	0.02959	0.80785	0.03550	0.01682	0.00685	0.00218	0.00311	0.01526	0.00498	0.00436
