[name]
unknown

[dist]
# distance from previous block
# <min> <max>
0	55

[block]
# block no. 0 follows, 47 sequences, length 79
# corresponding to MSA columns:
# 56-98,100-135
name=unknown_A
#
# <colnr> <probs for GDERKNQSTAVLIFYWHMCP>
#	G	D	E	R	K	N	Q	S	T	A	V	L	I	F	Y	W	H	M	C	P
0	0.04399	0.07047	0.02704	0.01201	0.09789	0.01151	0.01971	0.24020	0.01522	0.04822	0.03488	0.05534	0.09803	0.00701	0.00539	0.00148	0.03158	0.01751	0.00405	0.15846
1	0.07323	0.01207	0.06831	0.04540	0.08468	0.04869	0.04428	0.07269	0.11495	0.04637	0.02653	0.03161	0.03553	0.00580	0.00477	0.00141	0.00509	0.01633	0.01678	0.24546
2	0.01291	0.18317	0.14989	0.07321	0.03881	0.04434	0.04310	0.03855	0.01184	0.09603	0.01298	0.07162	0.03479	0.00594	0.00468	0.00140	0.00565	0.00485	0.00324	0.16300
3	0.13873	0.27901	0.17365	0.01006	0.01481	0.06647	0.01011	0.02851	0.03593	0.06785	0.00943	0.01036	0.00740	0.00483	0.00403	0.00132	0.00566	0.00338	0.00295	0.12549
4	0.01534	0.01800	0.03207	0.18220	0.01965	0.41941	0.01099	0.05191	0.01303	0.01400	0.00948	0.05181	0.00831	0.00633	0.00639	0.00158	0.10363	0.00442	0.00278	0.02864
5	0.00730	0.00475	0.00577	0.00642	0.00706	0.00450	0.00439	0.00865	0.01050	0.01516	0.08799	0.46956	0.06483	0.07201	0.00733	0.00206	0.00297	0.01131	0.20309	0.00436
6	0.00754	0.00606	0.00897	0.14528	0.07748	0.00621	0.00739	0.00916	0.01051	0.01403	0.06470	0.54675	0.04980	0.01305	0.00624	0.00197	0.00391	0.01182	0.00426	0.00487
7	0.00736	0.00503	0.00586	0.00612	0.00631	0.00494	0.00374	0.00769	0.00839	0.01108	0.02064	0.15824	0.05797	0.61080	0.02140	0.00429	0.00460	0.04848	0.00359	0.00347
8	0.12746	0.00901	0.01153	0.00896	0.01289	0.00816	0.00740	0.02412	0.01415	0.69224	0.01888	0.01656	0.01198	0.00624	0.00498	0.00161	0.00438	0.00493	0.00604	0.00846
9	0.00694	0.00531	0.00636	0.00609	0.00751	0.00473	0.00457	0.00898	0.01371	0.01844	0.52073	0.04292	0.31168	0.01156	0.00615	0.00168	0.00252	0.00998	0.00541	0.00473
10	0.01080	0.00926	0.01080	0.00771	0.01234	0.00694	0.00617	0.01311	0.01080	0.01697	0.00926	0.01080	0.00771	0.00386	0.00386	0.00077	0.00386	0.00309	0.00309	0.84882
11	0.01289	0.01237	0.02114	0.03196	0.78450	0.01237	0.01598	0.01598	0.01186	0.01701	0.00980	0.01289	0.00825	0.00464	0.00516	0.00155	0.00619	0.00464	0.00258	0.00825
12	0.01289	0.01237	0.02114	0.03196	0.78450	0.01237	0.01598	0.01598	0.01186	0.01701	0.00980	0.01289	0.00825	0.00464	0.00516	0.00155	0.00619	0.00464	0.00258	0.00825
13	0.85377	0.01007	0.00765	0.00685	0.01007	0.01168	0.00564	0.01531	0.00886	0.02336	0.00725	0.00846	0.00564	0.00483	0.00322	0.00161	0.00403	0.00282	0.00322	0.00564
14	0.00983	0.00926	0.01562	0.80447	0.03587	0.01157	0.01446	0.01331	0.01041	0.01331	0.00926	0.01388	0.00694	0.00521	0.00521	0.00174	0.00694	0.00463	0.00231	0.00579
15	0.00642	0.00458	0.00613	0.00734	0.00767	0.00429	0.00496	0.00738	0.01004	0.01338	0.02866	0.78636	0.03428	0.01625	0.00667	0.00213	0.00309	0.04130	0.00483	0.00425
16	0.01002	0.00934	0.01219	0.01102	0.01149	0.04831	0.00884	0.01133	0.00850	0.01225	0.01076	0.01784	0.01070	0.09710	0.27382	0.00451	0.40778	0.02650	0.00262	0.00510
17	0.02963	0.33420	0.45957	0.01254	0.01882	0.01542	0.03247	0.01612	0.01082	0.01500	0.00851	0.00999	0.00664	0.00474	0.00432	0.00144	0.00682	0.00347	0.00224	0.00724
18	0.01340	0.01224	0.02050	0.09782	0.56930	0.01255	0.06615	0.07242	0.01273	0.04268	0.01029	0.01316	0.00828	0.00493	0.00545	0.00159	0.02089	0.00476	0.00288	0.00796
19	0.00747	0.00519	0.00583	0.00567	0.00709	0.00471	0.00425	0.00950	0.01275	0.01798	0.32581	0.03846	0.31557	0.01051	0.00555	0.00158	0.00252	0.00892	0.20596	0.00471
20	0.01038	0.02769	0.00983	0.00949	0.04043	0.07323	0.00693	0.10286	0.06279	0.01872	0.24714	0.24108	0.04610	0.01096	0.00597	0.00179	0.00410	0.07001	0.00484	0.00566
21	0.06254	0.10033	0.09953	0.02288	0.41122	0.01337	0.09718	0.05163	0.04312	0.03461	0.01023	0.01243	0.00816	0.00485	0.00495	0.00155	0.00629	0.00449	0.00286	0.00778
22	0.00756	0.00513	0.00687	0.00774	0.00844	0.00489	0.00571	0.00893	0.01082	0.03870	0.08255	0.48851	0.03266	0.06977	0.00806	0.00234	0.00361	0.19841	0.00483	0.00450
23	0.00634	0.00456	0.00601	0.00717	0.00753	0.00424	0.00480	0.00726	0.01005	0.01332	0.02966	0.78334	0.06407	0.01619	0.00663	0.00210	0.00301	0.01465	0.00483	0.00424
24	0.01468	0.09318	0.07490	0.06009	0.27344	0.10021	0.07433	0.07619	0.01312	0.09730	0.01145	0.03622	0.00931	0.00565	0.00537	0.00157	0.02555	0.01674	0.00322	0.00746
25	0.85377	0.01007	0.00765	0.00685	0.01007	0.01168	0.00564	0.01531	0.00886	0.02336	0.00725	0.00846	0.00564	0.00483	0.00322	0.00161	0.00403	0.00282	0.00322	0.00564
26	0.02223	0.00909	0.01199	0.00926	0.01318	0.00810	0.00763	0.07820	0.01544	0.69393	0.02160	0.01900	0.05183	0.00678	0.00528	0.00162	0.00443	0.00549	0.00627	0.00863
27	0.85377	0.01007	0.00765	0.00685	0.01007	0.01168	0.00564	0.01531	0.00886	0.02336	0.00725	0.00846	0.00564	0.00483	0.00322	0.00161	0.00403	0.00282	0.00322	0.00564
28	0.00648	0.00483	0.00606	0.00689	0.00762	0.00440	0.00483	0.00765	0.01081	0.01407	0.08220	0.55343	0.20196	0.01515	0.00653	0.00202	0.00299	0.05283	0.00489	0.00434
29	0.01218	0.38311	0.41765	0.01213	0.01812	0.02918	0.01428	0.01608	0.01081	0.01444	0.00832	0.00979	0.00664	0.00482	0.00448	0.00142	0.02379	0.00338	0.00222	0.00717
30	0.00778	0.00599	0.00865	0.00847	0.00920	0.00710	0.00649	0.00935	0.00824	0.01188	0.01367	0.02142	0.01325	0.13408	0.63591	0.00745	0.07797	0.00575	0.00279	0.00455
31	0.01113	0.01088	0.01461	0.30459	0.07804	0.07102	0.01172	0.01471	0.08578	0.01408	0.01152	0.01512	0.03077	0.01012	0.09103	0.00253	0.20862	0.00492	0.00277	0.00605
32	0.00983	0.00926	0.01562	0.80447	0.03587	0.01157	0.01446	0.01331	0.01041	0.01331	0.00926	0.01388	0.00694	0.00521	0.00521	0.00174	0.00694	0.00463	0.00231	0.00579
33	0.01212	0.01480	0.25180	0.01049	0.01602	0.00879	0.03215	0.01561	0.01136	0.10205	0.01057	0.01172	0.00795	0.00449	0.00441	0.00116	0.00525	0.00365	0.00317	0.47245
34	0.01619	0.05354	0.07796	0.01085	0.01475	0.21951	0.00929	0.06742	0.01333	0.15979	0.01100	0.01177	0.00828	0.00538	0.00540	0.00132	0.06083	0.00381	0.00357	0.24601
35	0.00983	0.00926	0.01562	0.80447	0.03587	0.01157	0.01446	0.01331	0.01041	0.01331	0.00926	0.01388	0.00694	0.00521	0.00521	0.00174	0.00694	0.00463	0.00231	0.00579
36	0.00711	0.00537	0.00771	0.00769	0.00866	0.00499	0.04365	0.00889	0.01223	0.01687	0.36526	0.42565	0.03968	0.01317	0.00640	0.00188	0.00306	0.01195	0.00512	0.00468
37	0.01392	0.82012	0.02729	0.00891	0.01337	0.02061	0.00891	0.01559	0.01058	0.01225	0.00724	0.00835	0.00668	0.00446	0.00334	0.00111	0.00557	0.00278	0.00223	0.00668
38	0.00650	0.00527	0.00577	0.00568	0.00726	0.00454	0.00425	0.00813	0.01263	0.01597	0.25716	0.06511	0.55844	0.01255	0.00616	0.00173	0.00260	0.01064	0.00509	0.00454
39	0.02336	0.00886	0.01209	0.00927	0.01329	0.00765	0.00765	0.02538	0.01491	0.78810	0.02055	0.01773	0.01289	0.00645	0.00524	0.00161	0.00443	0.00524	0.00645	0.00886
40	0.00802	0.00772	0.04753	0.03799	0.01171	0.00727	0.06928	0.01001	0.01133	0.01546	0.19369	0.29297	0.13066	0.01177	0.00760	0.00192	0.10410	0.02159	0.00432	0.00505
41	0.00971	0.00485	0.00485	0.00485	0.00607	0.00485	0.00364	0.01213	0.01092	0.01942	0.01699	0.01942	0.01335	0.00607	0.00364	0.00121	0.00243	0.00485	0.84589	0.00485
42	0.01541	0.01302	0.01563	0.03464	0.22968	0.06809	0.01086	0.29778	0.08837	0.03538	0.08421	0.01554	0.01293	0.00608	0.00519	0.00153	0.00557	0.00506	0.00420	0.05081
43	0.17995	0.23312	0.01709	0.01026	0.01416	0.09095	0.00879	0.33247	0.03050	0.02329	0.00979	0.01042	0.00757	0.00542	0.00427	0.00143	0.00568	0.00370	0.00378	0.00736
44	0.00671	0.00491	0.00684	0.00778	0.00831	0.00462	0.02185	0.00789	0.01037	0.01384	0.05252	0.69747	0.03390	0.01568	0.00667	0.00212	0.00330	0.08605	0.00481	0.00437
45	0.01131	0.03630	0.01139	0.00780	0.01241	0.00742	0.00631	0.01359	0.01092	0.04173	0.00955	0.01094	0.00785	0.00396	0.00388	0.00081	0.00393	0.00314	0.00317	0.79358
46	0.00707	0.00532	0.00657	0.00643	0.00777	0.00482	0.00488	0.00917	0.01363	0.01845	0.51158	0.07110	0.24327	0.01177	0.00623	0.00174	0.00268	0.05739	0.00540	0.00474
47	0.01362	0.01158	0.01263	0.01182	0.05310	0.01324	0.00880	0.09925	0.66291	0.02262	0.01977	0.01842	0.01482	0.00686	0.00528	0.00174	0.00438	0.00571	0.00515	0.00830
48	0.00648	0.00469	0.00616	0.00725	0.00773	0.00437	0.00500	0.00754	0.01032	0.01363	0.04414	0.69824	0.08614	0.01587	0.00664	0.00210	0.00310	0.06145	0.00485	0.00429
49	0.00730	0.00532	0.00686	0.00647	0.00774	0.00488	0.00486	0.00969	0.01457	0.02047	0.73779	0.03958	0.09335	0.01080	0.00614	0.00165	0.00247	0.00951	0.00568	0.00488
50	0.00757	0.00505	0.00568	0.00568	0.00568	0.00505	0.00316	0.00757	0.00757	0.01010	0.01641	0.03408	0.01893	0.81698	0.02651	0.00505	0.00505	0.00757	0.00316	0.00316
51	0.00634	0.00453	0.00604	0.00725	0.00755	0.00423	0.00483	0.00725	0.00997	0.01329	0.02870	0.81358	0.03444	0.01632	0.00665	0.00211	0.00302	0.01480	0.00483	0.00423
52	0.01108	0.00942	0.01095	0.00785	0.01246	0.00723	0.00629	0.03695	0.01123	0.01747	0.00936	0.01085	0.00775	0.00393	0.00390	0.00080	0.00392	0.00314	0.00315	0.82227
53	0.02336	0.00886	0.01209	0.00927	0.01329	0.00765	0.00765	0.02538	0.01491	0.78810	0.02055	0.01773	0.01289	0.00645	0.00524	0.00161	0.00443	0.00524	0.00645	0.00886
54	0.02025	0.01181	0.01445	0.01200	0.05392	0.01238	0.00939	0.35600	0.01847	0.34692	0.01527	0.01462	0.01035	0.00649	0.00619	0.00164	0.07102	0.00491	0.00535	0.00857
55	0.01392	0.82012	0.02729	0.00891	0.01337	0.02061	0.00891	0.01559	0.01058	0.01225	0.00724	0.00835	0.00668	0.00446	0.00334	0.00111	0.00557	0.00278	0.00223	0.00668
56	0.00615	0.00528	0.00528	0.00528	0.00703	0.00440	0.00396	0.00747	0.01187	0.01407	0.05276	0.05012	0.78238	0.01319	0.00615	0.00176	0.00264	0.01099	0.00484	0.00440
57	0.02277	0.00922	0.01226	0.00938	0.01344	0.00814	0.00774	0.06966	0.01536	0.71901	0.01972	0.01720	0.01249	0.00635	0.00519	0.00158	0.00449	0.00514	0.00627	0.03459
58	0.01472	0.01217	0.01541	0.01682	0.21729	0.06928	0.04901	0.04622	0.31473	0.12023	0.01666	0.01835	0.01293	0.00645	0.00535	0.00168	0.00542	0.04496	0.00438	0.00794
59	0.00747	0.00547	0.00783	0.00783	0.00857	0.00622	0.00583	0.00895	0.00821	0.01169	0.01444	0.02320	0.01421	0.19583	0.64120	0.00770	0.01216	0.00598	0.00286	0.00435
60	0.00737	0.00532	0.00696	0.00655	0.00778	0.00491	0.00491	0.00983	0.01474	0.02088	0.78175	0.03890	0.04914	0.01065	0.00614	0.00164	0.00246	0.00942	0.00573	0.00491
61	0.85377	0.01007	0.00765	0.00685	0.01007	0.01168	0.00564	0.01531	0.00886	0.02336	0.00725	0.00846	0.00564	0.00483	0.00322	0.00161	0.00403	0.00282	0.00322	0.00564
62	0.01028	0.04374	0.69054	0.01437	0.02137	0.01175	0.04137	0.01580	0.01095	0.01616	0.01075	0.06989	0.00868	0.00575	0.00507	0.00167	0.00734	0.00470	0.00241	0.00740
63	0.85377	0.01007	0.00765	0.00685	0.01007	0.01168	0.00564	0.01531	0.00886	0.02336	0.00725	0.00846	0.00564	0.00483	0.00322	0.00161	0.00403	0.00282	0.00322	0.00564
64	0.01784	0.15717	0.04517	0.01375	0.05863	0.59455	0.01053	0.01950	0.01376	0.01304	0.00806	0.00947	0.00679	0.00516	0.00450	0.00133	0.00851	0.00335	0.00258	0.00633
65	0.00707	0.00511	0.00668	0.00671	0.00770	0.00472	0.00487	0.00908	0.01340	0.01869	0.56317	0.24702	0.06181	0.01223	0.00628	0.00177	0.00261	0.01090	0.00547	0.00472
66	0.01392	0.82012	0.02729	0.00891	0.01337	0.02061	0.00891	0.01559	0.01058	0.01225	0.00724	0.00835	0.00668	0.00446	0.00334	0.00111	0.00557	0.00278	0.00223	0.00668
67	0.00659	0.00506	0.00611	0.00682	0.00786	0.00458	0.00504	0.00790	0.01106	0.01397	0.03825	0.38524	0.33609	0.01475	0.00653	0.00202	0.00315	0.12977	0.00483	0.00439
68	0.85377	0.01007	0.00765	0.00685	0.01007	0.01168	0.00564	0.01531	0.00886	0.02336	0.00725	0.00846	0.00564	0.00483	0.00322	0.00161	0.00403	0.00282	0.00322	0.00564
69	0.00624	0.00524	0.00542	0.00546	0.00711	0.00442	0.00406	0.00761	0.01196	0.01446	0.09818	0.08832	0.69733	0.01319	0.00618	0.00177	0.00265	0.01108	0.00489	0.00442
70	0.01295	0.01119	0.01178	0.01060	0.01354	0.01295	0.00824	0.02767	0.77509	0.02178	0.02120	0.01943	0.01590	0.00707	0.00530	0.00177	0.00412	0.00589	0.00530	0.00824
71	0.85377	0.01007	0.00765	0.00685	0.01007	0.01168	0.00564	0.01531	0.00886	0.02336	0.00725	0.00846	0.00564	0.00483	0.00322	0.00161	0.00403	0.00282	0.00322	0.00564
72	0.01063	0.01414	0.15619	0.01718	0.02183	0.01098	0.45817	0.01459	0.01173	0.01611	0.04052	0.11347	0.05198	0.00759	0.02868	0.00197	0.00752	0.00714	0.00305	0.00653
73	0.01392	0.82012	0.02729	0.00891	0.01337	0.02061	0.00891	0.01559	0.01058	0.01225	0.00724	0.00835	0.00668	0.00446	0.00334	0.00111	0.00557	0.00278	0.00223	0.00668
74	0.00671	0.00533	0.00590	0.00591	0.00749	0.00466	0.00453	0.00841	0.01251	0.01588	0.21500	0.04746	0.53335	0.01252	0.00617	0.00177	0.00277	0.07146	0.02762	0.00456
75	0.00677	0.00522	0.00618	0.00612	0.00745	0.00463	0.00452	0.00859	0.01305	0.01729	0.40432	0.13013	0.34233	0.01230	0.00620	0.00174	0.00259	0.01065	0.00527	0.00463
76	0.01984	0.01139	0.08308	0.01385	0.11312	0.00917	0.08273	0.02257	0.01393	0.54864	0.01724	0.01617	0.01127	0.00589	0.00529	0.00162	0.00536	0.00513	0.00522	0.00851
77	0.01045	0.02694	0.79000	0.01484	0.02254	0.01209	0.01924	0.01649	0.01099	0.01649	0.00935	0.01099	0.00660	0.00495	0.00495	0.00165	0.00770	0.00385	0.00220	0.00770
78	0.01925	0.01522	0.01495	0.01188	0.01574	0.11234	0.00964	0.56219	0.09828	0.06772	0.01323	0.01308	0.00950	0.00623	0.00516	0.00156	0.00596	0.00467	0.00497	0.00844

[dist]
# distance from previous block
# <min> <max>
0	5

[block]
# block no. 1 follows, 47 sequences, length 24
# corresponding to MSA columns:
# 141-164
name=unknown_B
#
# <colnr> <probs for GDERKNQSTAVLIFYWHMCP>
#	G	D	E	R	K	N	Q	S	T	A	V	L	I	F	Y	W	H	M	C	P
0	0.09957	0.16382	0.14828	0.09530	0.08525	0.03576	0.18666	0.01569	0.01121	0.03165	0.01047	0.03025	0.00870	0.00537	0.00488	0.00159	0.00664	0.03184	0.02033	0.00673
1	0.01173	0.02725	0.01047	0.00896	0.01137	0.00982	0.00700	0.08164	0.34644	0.05846	0.31679	0.04276	0.02831	0.00850	0.00560	0.00168	0.00363	0.00725	0.00544	0.00691
2	0.02897	0.10769	0.26051	0.01381	0.07506	0.09419	0.02543	0.04063	0.17637	0.01741	0.05077	0.01399	0.01100	0.00594	0.00564	0.00161	0.05588	0.00455	0.00325	0.00729
3	0.00726	0.00532	0.00680	0.00643	0.00771	0.00486	0.00482	0.00960	0.01447	0.02024	0.71272	0.03996	0.11857	0.01089	0.00614	0.00165	0.00247	0.00957	0.00565	0.00486
4	0.01285	0.21036	0.14697	0.01429	0.13706	0.12644	0.01144	0.01691	0.09981	0.01539	0.04420	0.01561	0.07067	0.00619	0.00541	0.00152	0.05025	0.00470	0.00305	0.00688
5	0.01056	0.02059	0.50498	0.07585	0.04991	0.01165	0.04156	0.03075	0.04158	0.01707	0.09252	0.01477	0.01171	0.00587	0.00579	0.00169	0.04841	0.00475	0.00280	0.00719
6	0.00777	0.00658	0.05410	0.00823	0.03114	0.00525	0.00610	0.00935	0.01109	0.05108	0.11517	0.51679	0.11274	0.01358	0.00627	0.00193	0.00337	0.01213	0.00475	0.02257
7	0.00786	0.00584	0.00835	0.00915	0.01028	0.00568	0.03299	0.00986	0.01145	0.01493	0.02866	0.25884	0.07122	0.01450	0.00695	0.00227	0.00434	0.48740	0.00473	0.00470
8	0.01355	0.14766	0.12162	0.04853	0.14350	0.11167	0.04540	0.06008	0.01232	0.04502	0.01049	0.03968	0.00896	0.00569	0.00542	0.00147	0.04979	0.02113	0.00294	0.10508
9	0.00670	0.00489	0.00635	0.00743	0.00788	0.00470	0.00502	0.00836	0.05146	0.01375	0.02830	0.77052	0.03344	0.01581	0.00657	0.00210	0.00308	0.01432	0.00486	0.00445
10	0.78874	0.01137	0.06798	0.00746	0.01103	0.01171	0.00669	0.01540	0.00903	0.02283	0.00741	0.00866	0.00571	0.00484	0.00336	0.00161	0.00431	0.00290	0.00314	0.00580
11	0.00751	0.00507	0.00580	0.00587	0.00599	0.00503	0.00344	0.00772	0.00811	0.01080	0.04162	0.06538	0.03715	0.72074	0.02412	0.00468	0.00483	0.02942	0.00338	0.00333
12	0.85377	0.01007	0.00765	0.00685	0.01007	0.01168	0.00564	0.01531	0.00886	0.02336	0.00725	0.00846	0.00564	0.00483	0.00322	0.00161	0.00403	0.00282	0.00322	0.00564
13	0.01277	0.01131	0.01929	0.13447	0.54177	0.01151	0.05566	0.01585	0.01178	0.06216	0.01112	0.02993	0.00910	0.00512	0.00518	0.00158	0.00609	0.00497	0.04269	0.00764
14	0.00971	0.00485	0.00485	0.00485	0.00607	0.00485	0.00364	0.01213	0.01092	0.01942	0.01699	0.01942	0.01335	0.00607	0.00364	0.00121	0.00243	0.00485	0.84589	0.00485
15	0.01358	0.01117	0.01742	0.31013	0.24705	0.01217	0.05397	0.12853	0.03947	0.08257	0.01146	0.01401	0.00858	0.00534	0.00522	0.00164	0.00625	0.00482	0.01926	0.00735
16	0.00634	0.00453	0.00604	0.00725	0.00755	0.00423	0.00483	0.00725	0.00997	0.01329	0.02870	0.81358	0.03444	0.01632	0.00665	0.00211	0.00302	0.01480	0.00483	0.00423
17	0.23377	0.00928	0.00945	0.00787	0.01081	0.00987	0.00638	0.20041	0.01439	0.15432	0.01396	0.01459	0.01017	0.00586	0.00419	0.00147	0.00399	0.00435	0.27815	0.00672
18	0.00718	0.00521	0.00676	0.00660	0.00772	0.00480	0.00487	0.00937	0.01395	0.01953	0.64564	0.15040	0.07534	0.01156	0.00621	0.00171	0.00254	0.01025	0.00557	0.00480
19	0.01222	0.01452	0.05839	0.02169	0.02705	0.01313	0.73839	0.01667	0.01224	0.01667	0.01049	0.01394	0.00785	0.00441	0.00610	0.00175	0.00874	0.00606	0.00262	0.00705
20	0.06608	0.00938	0.01160	0.00937	0.01300	0.00908	0.00760	0.02489	0.20023	0.53430	0.04427	0.01831	0.01438	0.00664	0.00517	0.00165	0.00427	0.00540	0.00597	0.00841
21	0.01080	0.00926	0.01080	0.00771	0.01234	0.00694	0.00617	0.01311	0.01080	0.01697	0.00926	0.01080	0.00771	0.00386	0.00386	0.00077	0.00386	0.00309	0.00309	0.84882
22	0.00867	0.00653	0.00875	0.00856	0.05066	0.00617	0.02759	0.03521	0.03792	0.04219	0.54682	0.03629	0.14412	0.01012	0.00601	0.00165	0.00308	0.00890	0.00534	0.00542
23	0.13241	0.05592	0.03398	0.04919	0.34830	0.05540	0.01175	0.05294	0.07588	0.08602	0.04126	0.01379	0.01029	0.00540	0.00482	0.00156	0.00560	0.00454	0.00345	0.00752

[dist]
# distance from previous block
# <min> <max>
0	1

[block]
# block no. 2 follows, 47 sequences, length 30
# corresponding to MSA columns:
# 166-178,181-197
name=unknown_C
#
# <colnr> <probs for GDERKNQSTAVLIFYWHMCP>
#	G	D	E	R	K	N	Q	S	T	A	V	L	I	F	Y	W	H	M	C	P
0	0.27304	0.01251	0.01322	0.02838	0.15725	0.11183	0.00936	0.06786	0.04219	0.18421	0.01157	0.01230	0.00850	0.00558	0.00505	0.00160	0.04039	0.00410	0.00388	0.00718
1	0.00705	0.00558	0.00635	0.02931	0.00829	0.00513	0.00473	0.00884	0.03936	0.01489	0.16278	0.04252	0.48904	0.05318	0.02764	0.05758	0.00336	0.02528	0.00462	0.00447
2	0.01486	0.01153	0.03355	0.01594	0.19877	0.01176	0.03772	0.07947	0.32517	0.15082	0.03196	0.03787	0.01363	0.00648	0.00532	0.00168	0.00499	0.00565	0.00466	0.00817
3	0.09543	0.33002	0.01933	0.04479	0.01507	0.08256	0.00940	0.22989	0.01458	0.03292	0.00910	0.01029	0.00734	0.00554	0.00524	0.00144	0.07304	0.00365	0.00329	0.00707
4	0.01087	0.00823	0.01032	0.00918	0.06151	0.00702	0.00661	0.05015	0.01304	0.06854	0.25207	0.04640	0.04106	0.00693	0.00495	0.00125	0.00365	0.00594	0.00430	0.38800
5	0.03906	0.02744	0.23519	0.05515	0.18107	0.01224	0.03225	0.14283	0.06120	0.12321	0.01261	0.01441	0.00937	0.00566	0.00512	0.00163	0.00617	0.02379	0.00366	0.00794
6	0.01165	0.15829	0.14899	0.02892	0.03774	0.01215	0.19064	0.03143	0.06928	0.04548	0.04974	0.11674	0.01473	0.01794	0.00566	0.00172	0.00608	0.04272	0.00341	0.00668
7	0.00640	0.00462	0.00607	0.00711	0.00754	0.00428	0.00480	0.00743	0.01038	0.01383	0.07925	0.72535	0.07210	0.01579	0.00659	0.00207	0.00297	0.01426	0.00489	0.00428
8	0.02155	0.00952	0.01336	0.01020	0.01418	0.00861	0.05740	0.08793	0.01555	0.63485	0.05654	0.01807	0.01399	0.00650	0.00534	0.00162	0.00473	0.00545	0.00605	0.00855
9	0.85377	0.01007	0.00765	0.00685	0.01007	0.01168	0.00564	0.01531	0.00886	0.02336	0.00725	0.00846	0.00564	0.00483	0.00322	0.00161	0.00403	0.00282	0.00322	0.00564
10	0.14482	0.01165	0.01811	0.03778	0.54482	0.01214	0.03534	0.02858	0.01138	0.01814	0.00967	0.01248	0.00800	0.00496	0.00533	0.00158	0.04042	0.00441	0.04289	0.00750
11	0.00983	0.00926	0.01562	0.80447	0.03587	0.01157	0.01446	0.01331	0.01041	0.01331	0.00926	0.01388	0.00694	0.00521	0.00521	0.00174	0.00694	0.00463	0.00231	0.00579
12	0.00620	0.00526	0.00536	0.00537	0.00707	0.00441	0.00401	0.00755	0.01193	0.01430	0.07861	0.06869	0.73718	0.01317	0.00617	0.00176	0.00264	0.01103	0.00487	0.00441
13	0.00965	0.00569	0.00731	0.00666	0.00823	0.00524	0.00508	0.01205	0.01425	0.11485	0.58525	0.03367	0.03986	0.00951	0.00569	0.00158	0.00270	0.00829	0.11906	0.00539
14	0.01295	0.01119	0.01178	0.01060	0.01354	0.01295	0.00824	0.02767	0.77509	0.02178	0.02120	0.01943	0.01590	0.00707	0.00530	0.00177	0.00412	0.00589	0.00530	0.00824
15	0.01980	0.01459	0.01563	0.01198	0.01615	0.01615	0.00990	0.76713	0.02448	0.03282	0.01250	0.01250	0.00886	0.00625	0.00521	0.00156	0.00573	0.00469	0.00521	0.00886
16	0.00757	0.00507	0.00580	0.00580	0.00584	0.00511	0.00330	0.00765	0.00761	0.01018	0.01630	0.03349	0.01868	0.78332	0.05981	0.00519	0.00543	0.00749	0.00314	0.00322
17	0.01080	0.00926	0.01080	0.00771	0.01234	0.00694	0.00617	0.01311	0.01080	0.01697	0.00926	0.01080	0.00771	0.00386	0.00386	0.00077	0.00386	0.00309	0.00309	0.84882
18	0.01319	0.07693	0.21486	0.05096	0.01635	0.17956	0.01141	0.01637	0.03117	0.08181	0.11439	0.06776	0.01495	0.00708	0.00621	0.00163	0.08005	0.00540	0.00341	0.00650
19	0.00665	0.00490	0.00623	0.00674	0.00755	0.00448	0.00473	0.00813	0.01180	0.01589	0.27850	0.45060	0.14659	0.01401	0.00641	0.00191	0.00278	0.01250	0.00513	0.00448
20	0.01559	0.01044	0.01167	0.01007	0.01325	0.01138	0.00795	0.04299	0.53828	0.21413	0.02068	0.01885	0.01489	0.00685	0.00522	0.00170	0.00417	0.00566	0.03793	0.00828
21	0.05475	0.01245	0.06458	0.27990	0.33197	0.03664	0.01407	0.06507	0.01229	0.06429	0.01025	0.01304	0.00787	0.00509	0.00506	0.00162	0.00638	0.00450	0.00291	0.00729
22	0.01406	0.11774	0.11955	0.05838	0.24575	0.02609	0.13654	0.03398	0.06504	0.11527	0.01169	0.01331	0.00882	0.00509	0.00507	0.00157	0.00644	0.00469	0.00322	0.00771
23	0.00770	0.00562	0.00749	0.00738	0.00783	0.00630	0.00519	0.00865	0.00798	0.01118	0.01474	0.02636	0.01547	0.40043	0.39861	0.00652	0.04916	0.00646	0.00294	0.00400
24	0.00757	0.00505	0.00568	0.00568	0.00568	0.00505	0.00316	0.00757	0.00757	0.01010	0.01641	0.03408	0.01893	0.81698	0.02651	0.00505	0.00505	0.00757	0.00316	0.00316
25	0.03116	0.15273	0.04000	0.04786	0.27915	0.01294	0.08395	0.06740	0.01311	0.20378	0.01212	0.01326	0.00897	0.00516	0.00492	0.00152	0.00590	0.00455	0.00362	0.00789
26	0.04389	0.06606	0.06491	0.04123	0.13557	0.01244	0.30581	0.05359	0.02850	0.07565	0.01086	0.01303	0.00825	0.00481	0.00538	0.00155	0.01817	0.00489	0.00310	0.10231
27	0.00731	0.00523	0.00654	0.00685	0.00735	0.00531	0.00457	0.00866	0.03808	0.01270	0.07133	0.27556	0.04864	0.32861	0.14572	0.00423	0.00562	0.00966	0.00392	0.00409
28	0.03079	0.32849	0.44361	0.01213	0.01831	0.01512	0.01443	0.01656	0.01098	0.05287	0.00905	0.01026	0.00692	0.00483	0.00431	0.00144	0.00664	0.00349	0.00244	0.00732
29	0.03005	0.08128	0.06376	0.01265	0.09391	0.02640	0.00971	0.09194	0.32072	0.15704	0.04648	0.01672	0.01350	0.00634	0.00506	0.00162	0.00492	0.00518	0.00469	0.00803

[dist]
# distance from previous block
# <min> <max>
1	5

[block]
# block no. 3 follows, 47 sequences, length 35
# corresponding to MSA columns:
# 203-237
name=unknown_D
#
# <colnr> <probs for GDERKNQSTAVLIFYWHMCP>
#	G	D	E	R	K	N	Q	S	T	A	V	L	I	F	Y	W	H	M	C	P
0	0.20649	0.01102	0.06128	0.04914	0.15114	0.03784	0.00922	0.03318	0.04252	0.04883	0.18784	0.01788	0.01727	0.00638	0.00509	0.00155	0.02404	0.00516	0.00378	0.08036
1	0.01228	0.04930	0.08688	0.02708	0.09761	0.01033	0.00946	0.06779	0.09378	0.04897	0.03882	0.03056	0.01076	0.00546	0.00515	0.00130	0.04151	0.00438	0.00350	0.35507
2	0.01295	0.01119	0.01178	0.01060	0.01354	0.01295	0.00824	0.02767	0.77509	0.02178	0.02120	0.01943	0.01590	0.00707	0.00530	0.00177	0.00412	0.00589	0.00530	0.00824
3	0.01376	0.01302	0.01899	0.05686	0.43840	0.06389	0.05965	0.12053	0.04525	0.01850	0.01093	0.03247	0.00913	0.00629	0.02262	0.00176	0.05218	0.00497	0.00310	0.00769
4	0.00646	0.00529	0.00570	0.00559	0.00722	0.00453	0.00420	0.00806	0.01259	0.01577	0.23510	0.04731	0.59898	0.01255	0.00615	0.00173	0.00259	0.01060	0.00506	0.00453
5	0.01239	0.01198	0.01944	0.19436	0.53560	0.03145	0.03469	0.01632	0.06189	0.01642	0.01041	0.01348	0.00843	0.00493	0.00519	0.00160	0.00636	0.00473	0.00270	0.00764
6	0.00834	0.00653	0.02710	0.02507	0.00983	0.00695	0.00649	0.02995	0.04425	0.01379	0.03210	0.02175	0.01429	0.12168	0.52995	0.00645	0.01072	0.00577	0.07410	0.00487
7	0.00718	0.00532	0.00669	0.00635	0.00766	0.00483	0.00476	0.00945	0.01428	0.01980	0.66577	0.04068	0.16579	0.01105	0.00614	0.00166	0.00249	0.00967	0.00559	0.00483
8	0.13611	0.01396	0.01452	0.01127	0.01530	0.01553	0.00930	0.66227	0.02231	0.03150	0.01177	0.01194	0.00841	0.00605	0.00493	0.00157	0.00549	0.00443	0.00493	0.00841
9	0.85377	0.01007	0.00765	0.00685	0.01007	0.01168	0.00564	0.01531	0.00886	0.02336	0.00725	0.00846	0.00564	0.00483	0.00322	0.00161	0.00403	0.00282	0.00322	0.00564
10	0.01980	0.01459	0.01563	0.01198	0.01615	0.01615	0.00990	0.76713	0.02448	0.03282	0.01250	0.01250	0.00886	0.00625	0.00521	0.00156	0.00573	0.00469	0.00521	0.00886
11	0.00737	0.00532	0.00696	0.00655	0.00778	0.00491	0.00491	0.00983	0.01474	0.02088	0.78175	0.03890	0.04914	0.01065	0.00614	0.00164	0.00246	0.00942	0.00573	0.00491
12	0.01045	0.02694	0.79000	0.01484	0.02254	0.01209	0.01924	0.01649	0.01099	0.01649	0.00935	0.01099	0.00660	0.00495	0.00495	0.00165	0.00770	0.00385	0.00220	0.00770
13	0.02270	0.00871	0.01187	0.00915	0.01306	0.00754	0.00754	0.02473	0.01490	0.75611	0.05228	0.01861	0.01440	0.00662	0.00527	0.00161	0.00435	0.00541	0.00642	0.00870
14	0.02323	0.00908	0.01222	0.00937	0.01340	0.00798	0.00774	0.05361	0.01527	0.75936	0.02024	0.01753	0.01274	0.00644	0.00524	0.00161	0.00448	0.00522	0.00640	0.00886
15	0.00971	0.00485	0.00485	0.00485	0.00607	0.00485	0.00364	0.01213	0.01092	0.01942	0.01699	0.01942	0.01335	0.00607	0.00364	0.00121	0.00243	0.00485	0.84589	0.00485
16	0.58110	0.01146	0.02748	0.00843	0.01199	0.01258	0.00709	0.18592	0.04068	0.05717	0.00955	0.01022	0.00706	0.00531	0.00387	0.00161	0.00452	0.00348	0.00386	0.00664
17	0.00634	0.00453	0.00604	0.00725	0.00755	0.00423	0.00483	0.00725	0.00997	0.01329	0.02870	0.81358	0.03444	0.01632	0.00665	0.00211	0.00302	0.01480	0.00483	0.00423
18	0.85377	0.01007	0.00765	0.00685	0.01007	0.01168	0.00564	0.01531	0.00886	0.02336	0.00725	0.00846	0.00564	0.00483	0.00322	0.00161	0.00403	0.00282	0.00322	0.00564
19	0.00634	0.00453	0.00604	0.00725	0.00755	0.00423	0.00483	0.00725	0.00997	0.01329	0.02870	0.81358	0.03444	0.01632	0.00665	0.00211	0.00302	0.01480	0.00483	0.00423
20	0.02336	0.00886	0.01209	0.00927	0.01329	0.00765	0.00765	0.02538	0.01491	0.78810	0.02055	0.01773	0.01289	0.00645	0.00524	0.00161	0.00443	0.00524	0.00645	0.00886
21	0.01392	0.82012	0.02729	0.00891	0.01337	0.02061	0.00891	0.01559	0.01058	0.01225	0.00724	0.00835	0.00668	0.00446	0.00334	0.00111	0.00557	0.00278	0.00223	0.00668
22	0.47090	0.00951	0.00970	0.00796	0.01156	0.00983	0.00657	0.01995	0.01165	0.37596	0.01338	0.01273	0.00898	0.00558	0.00415	0.00161	0.00421	0.00393	0.00471	0.00713
23	0.00664	0.00529	0.00595	0.00579	0.00733	0.00460	0.00434	0.00842	0.01302	0.01680	0.34491	0.04562	0.48852	0.01217	0.00615	0.00171	0.00257	0.01036	0.00520	0.00460
24	0.00733	0.00532	0.00691	0.00651	0.00776	0.00490	0.00488	0.00975	0.01465	0.02067	0.75911	0.03925	0.07191	0.01073	0.00614	0.00164	0.00246	0.00947	0.00570	0.00490
25	0.01392	0.82012	0.02729	0.00891	0.01337	0.02061	0.00891	0.01559	0.01058	0.01225	0.00724	0.00835	0.00668	0.00446	0.00334	0.00111	0.00557	0.00278	0.00223	0.00668
26	0.00634	0.00453	0.00604	0.00725	0.00755	0.00423	0.00483	0.00725	0.00997	0.01329	0.02870	0.81358	0.03444	0.01632	0.00665	0.00211	0.00302	0.01480	0.00483	0.00423
27	0.00733	0.00532	0.00690	0.00650	0.00775	0.00489	0.00488	0.00974	0.01464	0.02063	0.75512	0.03931	0.07592	0.01074	0.00614	0.00164	0.00246	0.00948	0.00570	0.00489
28	0.01045	0.02694	0.79000	0.01484	0.02254	0.01209	0.01924	0.01649	0.01099	0.01649	0.00935	0.01099	0.00660	0.00495	0.00495	0.00165	0.00770	0.00385	0.00220	0.00770
29	0.01295	0.01119	0.01178	0.01060	0.01354	0.01295	0.00824	0.02767	0.77509	0.02178	0.02120	0.01943	0.01590	0.00707	0.00530	0.00177	0.00412	0.00589	0.00530	0.00824
30	0.85377	0.01007	0.00765	0.00685	0.01007	0.01168	0.00564	0.01531	0.00886	0.02336	0.00725	0.00846	0.00564	0.00483	0.00322	0.00161	0.00403	0.00282	0.00322	0.00564
31	0.01295	0.01119	0.01178	0.01060	0.01354	0.01295	0.00824	0.02767	0.77509	0.02178	0.02120	0.01943	0.01590	0.00707	0.00530	0.00177	0.00412	0.00589	0.00530	0.00824
32	0.01295	0.01119	0.01178	0.01060	0.01354	0.01295	0.00824	0.02767	0.77509	0.02178	0.02120	0.01943	0.01590	0.00707	0.00530	0.00177	0.00412	0.00589	0.00530	0.00824
33	0.00839	0.00599	0.00839	0.00959	0.01079	0.00599	0.00839	0.01079	0.01199	0.01558	0.02757	0.05874	0.02997	0.01439	0.00719	0.00240	0.00480	0.74945	0.00480	0.00480
34	0.01207	0.01154	0.01966	0.23932	0.58355	0.01216	0.01557	0.01526	0.01147	0.01602	0.00965	0.01316	0.00790	0.00479	0.00517	0.00160	0.00639	0.00464	0.00251	0.00759

[dist]
# distance from previous block
# <min> <max>
0	10

[block]
# block no. 4 follows, 47 sequences, length 22
# corresponding to MSA columns:
# 248-269
name=unknown_E
#
# <colnr> <probs for GDERKNQSTAVLIFYWHMCP>
#	G	D	E	R	K	N	Q	S	T	A	V	L	I	F	Y	W	H	M	C	P
0	0.02336	0.00886	0.01209	0.00927	0.01329	0.00765	0.00765	0.02538	0.01491	0.78810	0.02055	0.01773	0.01289	0.00645	0.00524	0.00161	0.00443	0.00524	0.00645	0.00886
1	0.02336	0.00886	0.01209	0.00927	0.01329	0.00765	0.00765	0.02538	0.01491	0.78810	0.02055	0.01773	0.01289	0.00645	0.00524	0.00161	0.00443	0.00524	0.00645	0.00886
2	0.85377	0.01007	0.00765	0.00685	0.01007	0.01168	0.00564	0.01531	0.00886	0.02336	0.00725	0.00846	0.00564	0.00483	0.00322	0.00161	0.00403	0.00282	0.00322	0.00564
3	0.00634	0.00453	0.00604	0.00725	0.00755	0.00423	0.00483	0.00725	0.00997	0.01329	0.02870	0.81358	0.03444	0.01632	0.00665	0.00211	0.00302	0.01480	0.00483	0.00423
4	0.03874	0.06285	0.70664	0.01451	0.02183	0.01251	0.03982	0.01642	0.01094	0.01653	0.00921	0.01088	0.00661	0.00490	0.00485	0.00163	0.00751	0.00383	0.00225	0.00756
5	0.00721	0.00737	0.08622	0.00744	0.00923	0.00543	0.00634	0.00940	0.01239	0.01670	0.30594	0.22053	0.21697	0.01223	0.00620	0.00183	0.00331	0.05547	0.00489	0.00491
6	0.00705	0.00529	0.00653	0.00626	0.00759	0.00477	0.00468	0.00918	0.01391	0.01902	0.58383	0.06263	0.22728	0.01142	0.00616	0.00168	0.00252	0.00995	0.00549	0.00477
7	0.08253	0.02964	0.06931	0.01082	0.01494	0.01250	0.00947	0.33601	0.01781	0.30589	0.01446	0.01387	0.00979	0.00621	0.00555	0.00161	0.04150	0.00464	0.00510	0.00835
8	0.01240	0.11355	0.22692	0.01144	0.01571	0.06877	0.01121	0.02125	0.35892	0.01847	0.07562	0.01661	0.01422	0.00633	0.00499	0.00162	0.00552	0.00505	0.00393	0.00748
9	0.00656	0.00529	0.00584	0.00571	0.00729	0.00457	0.00428	0.00827	0.01284	0.01637	0.29860	0.04633	0.53510	0.01233	0.00615	0.00172	0.00258	0.01046	0.00514	0.00457
10	0.00744	0.00537	0.00725	0.00832	0.00921	0.00519	0.00664	0.00921	0.01132	0.01483	0.05846	0.34336	0.07919	0.01490	0.00688	0.00222	0.00390	0.39691	0.00485	0.00456
11	0.01447	0.11050	0.09289	0.07384	0.08731	0.07252	0.05017	0.12387	0.13264	0.08123	0.04806	0.01449	0.01115	0.00593	0.00548	0.00157	0.03890	0.00475	0.00374	0.02648
12	0.01477	0.01209	0.01280	0.01096	0.01423	0.01380	0.00868	0.22372	0.57609	0.02471	0.01889	0.01759	0.01403	0.00685	0.00528	0.00171	0.00455	0.00557	0.00528	0.00841
13	0.01135	0.02059	0.41639	0.01834	0.02484	0.01262	0.38649	0.01659	0.01163	0.01659	0.00993	0.01250	0.00724	0.00467	0.00554	0.00170	0.00823	0.00498	0.00241	0.00737
14	0.02014	0.00921	0.01158	0.00925	0.01285	0.00878	0.00752	0.06181	0.15039	0.54664	0.01995	0.01791	0.01326	0.00651	0.00511	0.00160	0.00427	0.00529	0.07952	0.00840
15	0.00732	0.00544	0.00685	0.00669	0.00795	0.00505	0.00502	0.00982	0.03441	0.01913	0.56815	0.10837	0.14113	0.01154	0.00621	0.00173	0.00268	0.04216	0.00549	0.00487
16	0.00638	0.00456	0.00608	0.00722	0.00756	0.00426	0.00484	0.00735	0.01015	0.01358	0.05720	0.78427	0.03500	0.01610	0.00663	0.00210	0.00300	0.01460	0.00487	0.00426
17	0.00615	0.00528	0.00528	0.00528	0.00703	0.00440	0.00396	0.00747	0.01187	0.01407	0.05276	0.05012	0.78238	0.01319	0.00615	0.00176	0.00264	0.01099	0.00484	0.00440
18	0.01964	0.01020	0.01245	0.00984	0.01348	0.01009	0.00805	0.23778	0.06256	0.42372	0.10164	0.01953	0.01624	0.00706	0.00537	0.00163	0.00458	0.02193	0.00591	0.00830
19	0.09236	0.02314	0.01417	0.01279	0.01557	0.69780	0.00967	0.04878	0.01461	0.01444	0.00815	0.00943	0.00670	0.00535	0.00459	0.00137	0.00878	0.00336	0.00283	0.00611
20	0.01120	0.00980	0.01237	0.01144	0.12690	0.00801	0.00772	0.01417	0.04417	0.01719	0.00985	0.01148	0.00815	0.00411	0.00411	0.00093	0.00421	0.00344	0.00311	0.68763
21	0.06308	0.05207	0.01759	0.01579	0.10645	0.23787	0.08323	0.04514	0.01172	0.02954	0.00840	0.01111	0.00718	0.00645	0.00900	0.00174	0.28028	0.00421	0.00271	0.00644

[dist]
# distance from previous block
# <min> <max>
0	1

[block]
# block no. 5 follows, 47 sequences, length 58
# corresponding to MSA columns:
# 274-306,308-332
name=unknown_F
#
# <colnr> <probs for GDERKNQSTAVLIFYWHMCP>
#	G	D	E	R	K	N	Q	S	T	A	V	L	I	F	Y	W	H	M	C	P
0	0.01704	0.01254	0.01353	0.01095	0.01452	0.01389	0.00885	0.44177	0.25866	0.06844	0.04142	0.01610	0.01279	0.00666	0.00521	0.00162	0.00492	0.00526	0.03747	0.00838
1	0.04522	0.01239	0.08423	0.11421	0.31724	0.01159	0.01274	0.07649	0.06561	0.07164	0.05229	0.02429	0.01115	0.00572	0.00547	0.00160	0.03061	0.00493	0.00341	0.04915
2	0.01179	0.01167	0.01733	0.04847	0.07495	0.01531	0.06329	0.03896	0.00924	0.01389	0.00761	0.01183	0.00709	0.00819	0.01452	0.00214	0.63052	0.00468	0.00243	0.00610
3	0.04179	0.03367	0.07186	0.13987	0.23088	0.01141	0.10980	0.03439	0.06123	0.09884	0.02733	0.01572	0.02621	0.00553	0.00518	0.00160	0.00602	0.01889	0.00336	0.05644
4	0.01360	0.33365	0.17893	0.01658	0.19220	0.01546	0.07671	0.03944	0.01179	0.06239	0.00950	0.01110	0.00757	0.00477	0.00449	0.00142	0.00635	0.00391	0.00268	0.00747
5	0.00644	0.00482	0.00600	0.00684	0.00759	0.00438	0.00479	0.00758	0.01072	0.01387	0.06139	0.55397	0.22511	0.01522	0.00653	0.00202	0.00299	0.05053	0.00486	0.00432
6	0.00748	0.00536	0.00662	0.00636	0.00774	0.00482	0.00475	0.00952	0.01367	0.04204	0.51936	0.09770	0.23214	0.01157	0.00615	0.00170	0.00260	0.01008	0.00546	0.00485
7	0.01374	0.13446	0.22254	0.03106	0.10368	0.12913	0.03977	0.01726	0.04189	0.06736	0.00975	0.01162	0.00770	0.00578	0.00683	0.00163	0.14186	0.00410	0.00276	0.00707
8	0.01008	0.00878	0.01310	0.04074	0.30700	0.00901	0.01006	0.01414	0.13203	0.01615	0.01966	0.32875	0.02049	0.00998	0.00584	0.00184	0.00459	0.03729	0.00397	0.00647
9	0.00652	0.00510	0.00591	0.00611	0.00736	0.00449	0.00443	0.00804	0.01216	0.01568	0.24019	0.23690	0.40194	0.01329	0.00627	0.00182	0.00269	0.01152	0.00507	0.00449
10	0.01126	0.01078	0.01659	0.16050	0.18893	0.01291	0.05328	0.01489	0.08890	0.01529	0.04935	0.04485	0.01133	0.00729	0.00953	0.00190	0.28750	0.00544	0.00295	0.00652
11	0.01206	0.01247	0.04966	0.18922	0.23595	0.01232	0.28636	0.01564	0.01164	0.04160	0.03077	0.01423	0.00896	0.00515	0.00620	0.00171	0.05098	0.00530	0.00273	0.00705
12	0.00983	0.00926	0.01562	0.80447	0.03587	0.01157	0.01446	0.01331	0.01041	0.01331	0.00926	0.01388	0.00694	0.00521	0.00521	0.00174	0.00694	0.00463	0.00231	0.00579
13	0.00649	0.00520	0.00562	0.00585	0.00719	0.00455	0.00426	0.00767	0.01115	0.01361	0.04395	0.14463	0.55256	0.10586	0.00862	0.00222	0.00310	0.05858	0.00464	0.00426
14	0.03760	0.01452	0.30427	0.03905	0.01575	0.00891	0.02958	0.03747	0.03693	0.08424	0.04902	0.28368	0.01868	0.00925	0.00560	0.00181	0.00532	0.00804	0.00385	0.00642
15	0.85377	0.01007	0.00765	0.00685	0.01007	0.01168	0.00564	0.01531	0.00886	0.02336	0.00725	0.00846	0.00564	0.00483	0.00322	0.00161	0.00403	0.00282	0.00322	0.00564
16	0.00763	0.00563	0.00811	0.00804	0.00876	0.00649	0.00605	0.00903	0.00818	0.01168	0.01397	0.02222	0.01365	0.16205	0.62438	0.03561	0.03550	0.00583	0.00282	0.00436
17	0.00637	0.00512	0.00571	0.00610	0.00742	0.00446	0.00449	0.00768	0.01144	0.01412	0.06183	0.25271	0.52007	0.01403	0.00635	0.00189	0.00287	0.05808	0.00485	0.00439
18	0.01180	0.00998	0.01069	0.00984	0.01229	0.01136	0.00749	0.02389	0.62895	0.02026	0.05070	0.09512	0.01908	0.05629	0.00672	0.00199	0.00401	0.00695	0.00514	0.00744
19	0.02315	0.00921	0.01230	0.00943	0.01347	0.00817	0.00779	0.07039	0.01549	0.74227	0.02006	0.01741	0.01265	0.00643	0.00524	0.00161	0.00451	0.00520	0.00637	0.00886
20	0.01291	0.01322	0.07757	0.06714	0.11475	0.03380	0.09963	0.06526	0.39392	0.01984	0.01609	0.01732	0.01239	0.00626	0.00538	0.00172	0.00565	0.02526	0.00411	0.00778
21	0.01243	0.01230	0.02202	0.11750	0.52791	0.01245	0.15879	0.01621	0.03792	0.01669	0.01027	0.01345	0.00830	0.00474	0.00536	0.00162	0.00670	0.00497	0.00265	0.00773
22	0.00777	0.00589	0.00858	0.00842	0.00917	0.00694	0.00646	0.00927	0.00821	0.01183	0.01353	0.02095	0.01301	0.10827	0.64596	0.03643	0.06637	0.00566	0.00277	0.00450
23	0.00983	0.00831	0.01286	0.15676	0.22357	0.00869	0.01047	0.03727	0.01244	0.01703	0.18580	0.09144	0.02343	0.00983	0.02716	0.00199	0.00517	0.14798	0.00392	0.00602
24	0.00832	0.00594	0.00831	0.00951	0.01068	0.00593	0.00827	0.01066	0.01192	0.01550	0.02761	0.08543	0.03013	0.01445	0.00717	0.00239	0.00473	0.72347	0.00480	0.00478
25	0.00690	0.00526	0.00615	0.00607	0.00748	0.00468	0.00455	0.00877	0.01302	0.01730	0.37476	0.08580	0.36547	0.01202	0.00612	0.00172	0.00264	0.03261	0.03404	0.00465
26	0.01410	0.01120	0.01216	0.01046	0.01347	0.01255	0.00835	0.26038	0.39061	0.02431	0.07017	0.02172	0.04203	0.00878	0.03341	0.00196	0.00486	0.04653	0.00517	0.00777
27	0.00744	0.00558	0.00837	0.00837	0.00930	0.00651	0.00651	0.00930	0.00837	0.01209	0.01395	0.02046	0.01302	0.03906	0.79635	0.00837	0.01395	0.00558	0.00279	0.00465
28	0.01945	0.02482	0.01476	0.01342	0.01610	0.79608	0.01006	0.02079	0.01476	0.01275	0.00805	0.00939	0.00671	0.00537	0.00470	0.00134	0.00939	0.00335	0.00268	0.00604
29	0.00727	0.00557	0.00639	0.00613	0.00767	0.00510	0.00461	0.00987	0.05152	0.01802	0.39917	0.04151	0.34987	0.01127	0.00597	0.00167	0.00261	0.00964	0.05126	0.00486
30	0.03493	0.16245	0.03039	0.04058	0.01508	0.02913	0.00933	0.32696	0.01672	0.12113	0.01184	0.01253	0.00879	0.00600	0.00572	0.00151	0.07586	0.00427	0.05295	0.03383
31	0.01381	0.01311	0.01649	0.24364	0.26091	0.13644	0.01275	0.09736	0.03114	0.04426	0.03144	0.03706	0.00987	0.00581	0.00544	0.00161	0.02378	0.00491	0.00315	0.00702
32	0.01260	0.25664	0.43914	0.01261	0.01857	0.03169	0.01462	0.05855	0.03629	0.03500	0.00945	0.01072	0.00721	0.00512	0.00488	0.00150	0.03170	0.00370	0.00259	0.00741
33	0.01217	0.01201	0.01489	0.03446	0.30817	0.14119	0.03569	0.06066	0.01266	0.01616	0.03497	0.23790	0.03987	0.00853	0.00559	0.00169	0.00571	0.00763	0.00353	0.00650
34	0.00649	0.00463	0.00610	0.00717	0.00754	0.00434	0.00483	0.00745	0.01011	0.01349	0.05635	0.71566	0.04623	0.05549	0.00761	0.00224	0.00314	0.03212	0.00478	0.00422
35	0.08103	0.12738	0.28997	0.01388	0.03350	0.01331	0.14256	0.08764	0.01254	0.06772	0.03070	0.01232	0.00858	0.00524	0.00523	0.00158	0.03153	0.00435	0.00304	0.02790
36	0.01526	0.07363	0.05543	0.07023	0.10435	0.05179	0.13281	0.01789	0.01252	0.25399	0.03886	0.06178	0.02667	0.02627	0.00624	0.00173	0.03364	0.00574	0.00400	0.00718
37	0.02004	0.00817	0.01075	0.00853	0.01195	0.00729	0.00695	0.02262	0.04308	0.60305	0.07138	0.01945	0.01551	0.00670	0.00508	0.00156	0.00401	0.00549	0.12036	0.00803
38	0.01062	0.00896	0.01202	0.03809	0.16872	0.00922	0.03072	0.08365	0.14998	0.01865	0.10053	0.10227	0.17527	0.00908	0.00569	0.00173	0.00431	0.03397	0.03005	0.00646
39	0.01402	0.01202	0.07335	0.04419	0.27308	0.01103	0.08457	0.01947	0.16743	0.16083	0.01555	0.07532	0.01244	0.00636	0.00539	0.00168	0.00559	0.00586	0.00399	0.00782
40	0.00636	0.00526	0.00558	0.00555	0.00717	0.00448	0.00414	0.00785	0.01228	0.01517	0.17206	0.07283	0.63755	0.01287	0.00617	0.00175	0.00262	0.01085	0.00498	0.00448
41	0.01348	0.01107	0.01179	0.01053	0.01353	0.01269	0.00821	0.02756	0.73692	0.06026	0.02116	0.01934	0.01575	0.00703	0.00530	0.00176	0.00414	0.00586	0.00536	0.00827
42	0.01080	0.00926	0.01080	0.00771	0.01234	0.00694	0.00617	0.01311	0.01080	0.01697	0.00926	0.01080	0.00771	0.00386	0.00386	0.00077	0.00386	0.00309	0.00309	0.84882
43	0.85377	0.01007	0.00765	0.00685	0.01007	0.01168	0.00564	0.01531	0.00886	0.02336	0.00725	0.00846	0.00564	0.00483	0.00322	0.00161	0.00403	0.00282	0.00322	0.00564
44	0.01163	0.01108	0.01886	0.35138	0.47495	0.01204	0.01535	0.01488	0.01126	0.01548	0.00957	0.01330	0.00771	0.00487	0.00518	0.00162	0.00650	0.00464	0.00247	0.00723
45	0.01181	0.01140	0.01707	0.35430	0.33045	0.05800	0.01391	0.01586	0.07405	0.01556	0.01089	0.02869	0.00882	0.00537	0.00516	0.00164	0.00639	0.00486	0.01883	0.00694
