[name]
unknown

[dist]
# distance from previous block
# <min> <max>
0	425

[block]
# block no. 0 follows, 49 sequences, length 9
# corresponding to MSA columns:
# 428-436
name=unknown_A
#
# <colnr> <probs for GDERKNQSTAVLIFYWHMCP>
#	G	D	E	R	K	N	Q	S	T	A	V	L	I	F	Y	W	H	M	C	P
0	0.10783	0.00848	0.00993	0.00939	0.01179	0.00897	0.00786	0.09167	0.16263	0.13276	0.02091	0.03386	0.01934	0.00964	0.00573	0.00193	0.00448	0.34161	0.00485	0.00637
1	0.01830	0.00901	0.01164	0.00955	0.01282	0.00864	0.00797	0.13371	0.01487	0.46035	0.01906	0.02363	0.01468	0.00771	0.00583	0.00169	0.03567	0.15103	0.00545	0.04838
2	0.01208	0.01182	0.01823	0.05076	0.01708	0.01479	0.15907	0.09868	0.01047	0.01520	0.00806	0.01180	0.00706	0.00747	0.01271	0.00201	0.52923	0.00474	0.00260	0.00613
3	0.00872	0.00670	0.00728	0.00663	0.00832	0.00658	0.00491	0.11955	0.05432	0.01710	0.16561	0.03686	0.35536	0.16848	0.00964	0.00228	0.00350	0.00861	0.00461	0.00495
4	0.00790	0.00683	0.00959	0.01187	0.16019	0.00697	0.00727	0.00933	0.01034	0.01374	0.02851	0.35372	0.23879	0.01199	0.00718	0.00187	0.09456	0.01029	0.00399	0.00507
5	0.05801	0.01081	0.01379	0.16663	0.01804	0.01255	0.03688	0.21872	0.14320	0.04620	0.01376	0.01845	0.01136	0.00714	0.00680	0.00178	0.11581	0.08930	0.00394	0.00683
6	0.02002	0.16806	0.01541	0.01047	0.06006	0.01080	0.00833	0.08133	0.01421	0.53509	0.01619	0.01476	0.01076	0.00576	0.00472	0.00146	0.00472	0.00455	0.00514	0.00816
7	0.00687	0.00518	0.00663	0.00645	0.00767	0.00494	0.00486	0.00884	0.01233	0.01688	0.44551	0.06318	0.20759	0.01645	0.16082	0.00290	0.00461	0.00894	0.00478	0.00459
8	0.11862	0.01271	0.07382	0.01912	0.31375	0.01190	0.08220	0.12525	0.05028	0.10979	0.01135	0.01271	0.00850	0.00505	0.00485	0.00154	0.00569	0.00447	0.00350	0.02490

[dist]
# distance from previous block
# <min> <max>
0	3

[block]
# block no. 1 follows, 49 sequences, length 30
# corresponding to MSA columns:
# 440-469
name=unknown_B
#
# <colnr> <probs for GDERKNQSTAVLIFYWHMCP>
#	G	D	E	R	K	N	Q	S	T	A	V	L	I	F	Y	W	H	M	C	P
0	0.67617	0.02622	0.00925	0.00762	0.01095	0.01219	0.00631	0.14863	0.01143	0.04073	0.00822	0.00910	0.00620	0.00496	0.00351	0.00155	0.00424	0.00311	0.00352	0.00611
1	0.01750	0.05778	0.01558	0.01233	0.04978	0.07466	0.06106	0.29762	0.16370	0.17576	0.01442	0.01408	0.01031	0.00590	0.00500	0.00154	0.00551	0.00477	0.00468	0.00801
2	0.01253	0.04047	0.03135	0.01269	0.01616	0.01109	0.23172	0.08020	0.20580	0.08584	0.12389	0.02069	0.07218	0.00681	0.00573	0.00165	0.02370	0.00630	0.00427	0.00692
3	0.01402	0.00925	0.04428	0.01108	0.06561	0.00823	0.07499	0.04378	0.08577	0.27072	0.21598	0.04672	0.05582	0.00753	0.00543	0.00160	0.00432	0.00664	0.00501	0.02325
4	0.01571	0.53504	0.02230	0.00960	0.01382	0.01810	0.00890	0.25374	0.01470	0.05232	0.00920	0.00977	0.00741	0.00496	0.00389	0.00124	0.00541	0.00339	0.00325	0.00724
5	0.00769	0.00646	0.02759	0.02650	0.04103	0.00573	0.00592	0.02336	0.03975	0.01661	0.28369	0.28168	0.13105	0.01123	0.00583	0.00169	0.00317	0.00992	0.00468	0.06641
6	0.00711	0.00513	0.00651	0.00623	0.00736	0.00473	0.00460	0.00903	0.01318	0.01827	0.60559	0.03824	0.13174	0.06279	0.00780	0.03585	0.00269	0.02352	0.00515	0.00450
7	0.01079	0.00956	0.01320	0.03727	0.23419	0.00823	0.00885	0.01329	0.01105	0.01667	0.06744	0.01319	0.01063	0.00449	0.00431	0.00105	0.00437	0.00393	0.00303	0.52445
8	0.00690	0.00572	0.00625	0.00583	0.00776	0.00485	0.00440	0.00879	0.03048	0.01527	0.16829	0.07283	0.51754	0.01125	0.00570	0.00158	0.00273	0.00949	0.00464	0.10968
9	0.01185	0.01117	0.03435	0.28840	0.30044	0.04309	0.01289	0.01660	0.12704	0.04592	0.04957	0.01504	0.01072	0.00543	0.00507	0.00160	0.00587	0.00487	0.00310	0.00696
10	0.00955	0.00899	0.01517	0.81013	0.03483	0.01123	0.01404	0.01292	0.01011	0.01292	0.00899	0.01348	0.00674	0.00506	0.00506	0.00169	0.00674	0.00449	0.00225	0.00562
11	0.02210	0.00843	0.01142	0.00881	0.01260	0.00731	0.00726	0.02407	0.01430	0.75968	0.01980	0.01728	0.01254	0.00624	0.00502	0.00155	0.00422	0.00507	0.04388	0.00843
12	0.00615	0.00443	0.00584	0.00696	0.00731	0.00411	0.00466	0.00705	0.00976	0.01294	0.02881	0.78799	0.06384	0.01572	0.00644	0.00204	0.00292	0.01423	0.00469	0.00411
13	0.00618	0.00463	0.00575	0.00653	0.00723	0.00419	0.00449	0.00726	0.01044	0.01359	0.08499	0.57927	0.21759	0.01473	0.00631	0.00194	0.00281	0.01312	0.00475	0.00419
14	0.01922	0.01416	0.01518	0.01163	0.01568	0.01568	0.00961	0.77388	0.02378	0.03187	0.01214	0.01214	0.00860	0.00607	0.00506	0.00152	0.00556	0.00455	0.00506	0.00860
15	0.00716	0.00517	0.00676	0.00636	0.00755	0.00477	0.00477	0.00954	0.01431	0.02028	0.78808	0.03777	0.04771	0.01034	0.00596	0.00159	0.00239	0.00914	0.00557	0.00477
16	0.01782	0.01307	0.01403	0.01091	0.01448	0.01440	0.00884	0.68305	0.02183	0.02925	0.01259	0.01462	0.00976	0.10279	0.00751	0.00192	0.00549	0.00488	0.00482	0.00794
17	0.01305	0.76397	0.02512	0.00861	0.01268	0.01898	0.00848	0.01468	0.01011	0.01189	0.00752	0.00899	0.00695	0.00684	0.06304	0.00161	0.00602	0.00291	0.00220	0.00634
18	0.01252	0.01201	0.02053	0.03104	0.79074	0.01201	0.01552	0.01552	0.01151	0.01652	0.00951	0.01252	0.00801	0.00451	0.00501	0.00150	0.00601	0.00451	0.00250	0.00801
19	0.01338	0.11637	0.01349	0.01004	0.01317	0.01335	0.00810	0.04248	0.62433	0.06034	0.01860	0.01723	0.01397	0.00648	0.00489	0.00162	0.00424	0.00527	0.00481	0.00785
20	0.78209	0.04356	0.00857	0.00701	0.01020	0.03283	0.00581	0.03231	0.00917	0.02218	0.00718	0.00832	0.00562	0.00472	0.00322	0.00154	0.00415	0.00279	0.00312	0.00560
21	0.00642	0.00482	0.00596	0.00635	0.00728	0.00435	0.00451	0.00786	0.01156	0.01536	0.26702	0.38729	0.22598	0.01340	0.00618	0.00183	0.00267	0.01185	0.00496	0.00435
22	0.00692	0.00508	0.00648	0.00630	0.00745	0.00464	0.00466	0.00902	0.01349	0.01874	0.62328	0.12668	0.12597	0.01122	0.00602	0.00166	0.00247	0.00990	0.00537	0.00464
23	0.01105	0.23697	0.56894	0.01268	0.01923	0.01378	0.01565	0.01568	0.01056	0.01494	0.00853	0.00999	0.00646	0.00465	0.00436	0.00144	0.00681	0.00344	0.00217	0.03267
24	0.00631	0.00446	0.00582	0.00685	0.00711	0.00421	0.00449	0.00708	0.00939	0.01253	0.02640	0.72191	0.03158	0.11546	0.00884	0.00241	0.00318	0.01351	0.00449	0.00398
25	0.10896	0.00802	0.01000	0.00797	0.01130	0.00735	0.00652	0.02127	0.01315	0.57135	0.01795	0.01655	0.01185	0.00603	0.00460	0.00149	0.00391	0.00477	0.15940	0.00757
26	0.01275	0.01120	0.01626	0.06295	0.24405	0.01198	0.09297	0.04245	0.35097	0.05181	0.01550	0.03971	0.01214	0.00601	0.00522	0.00165	0.00526	0.00552	0.00396	0.00767
27	0.00943	0.00626	0.00847	0.00890	0.06557	0.00648	0.00584	0.03781	0.00955	0.08268	0.04979	0.05726	0.01674	0.32715	0.28063	0.00505	0.00766	0.00656	0.00344	0.00473
28	0.00616	0.00440	0.00587	0.00704	0.00733	0.00411	0.00469	0.00704	0.00968	0.01291	0.02787	0.81899	0.03344	0.01584	0.00645	0.00205	0.00293	0.01438	0.00469	0.00411
29	0.01915	0.01178	0.06441	0.01125	0.01544	0.01064	0.08398	0.25126	0.01681	0.40449	0.04661	0.01572	0.01186	0.00607	0.00518	0.00157	0.00523	0.00509	0.00524	0.00820

[dist]
# distance from previous block
# <min> <max>
0	1

[block]
# block no. 2 follows, 49 sequences, length 70
# corresponding to MSA columns:
# 471-540
name=unknown_C
#
# <colnr> <probs for GDERKNQSTAVLIFYWHMCP>
#	G	D	E	R	K	N	Q	S	T	A	V	L	I	F	Y	W	H	M	C	P
0	0.08029	0.01354	0.04707	0.01323	0.01719	0.06045	0.18050	0.27764	0.03477	0.15669	0.01217	0.01292	0.00867	0.00568	0.00579	0.00161	0.05535	0.00474	0.00413	0.00756
1	0.01113	0.01092	0.01711	0.01513	0.07925	0.04256	0.17618	0.01322	0.00976	0.02956	0.01144	0.05181	0.02977	0.01008	0.07407	0.00242	0.35760	0.02377	0.02834	0.00587
2	0.65735	0.01320	0.00908	0.00817	0.01118	0.20041	0.00650	0.01614	0.00997	0.02022	0.00723	0.00843	0.00572	0.00482	0.00347	0.00150	0.00516	0.00286	0.00300	0.00557
3	0.00737	0.00530	0.00660	0.00624	0.00753	0.00495	0.00469	0.01000	0.03613	0.01959	0.64271	0.03687	0.11241	0.01014	0.00577	0.00158	0.00245	0.00887	0.06600	0.00482
4	0.01022	0.02491	0.73189	0.01432	0.02118	0.01205	0.01806	0.01570	0.01043	0.01570	0.00887	0.01071	0.00642	0.00514	0.00577	0.00165	0.07373	0.00379	0.00214	0.00731
5	0.00614	0.00449	0.00577	0.00680	0.00727	0.00413	0.00459	0.00707	0.00992	0.01300	0.03084	0.72121	0.12930	0.01546	0.00639	0.00201	0.00289	0.01391	0.00469	0.00413
6	0.00616	0.00440	0.00587	0.00704	0.00733	0.00411	0.00469	0.00704	0.00968	0.01291	0.02787	0.81899	0.03344	0.01584	0.00645	0.00205	0.00293	0.01438	0.00469	0.00411
7	0.01922	0.01416	0.01518	0.01163	0.01568	0.01568	0.00961	0.77388	0.02378	0.03187	0.01214	0.01214	0.00860	0.00607	0.00506	0.00152	0.00556	0.00455	0.00506	0.00860
8	0.01258	0.01086	0.01143	0.01029	0.01315	0.01258	0.00800	0.02687	0.78161	0.02115	0.02058	0.01887	0.01544	0.00686	0.00515	0.00172	0.00400	0.00572	0.00515	0.00800
9	0.85801	0.00978	0.00743	0.00665	0.00978	0.01134	0.00548	0.01486	0.00861	0.02269	0.00704	0.00821	0.00548	0.00469	0.00313	0.00156	0.00391	0.00274	0.00313	0.00548
10	0.85801	0.00978	0.00743	0.00665	0.00978	0.01134	0.00548	0.01486	0.00861	0.02269	0.00704	0.00821	0.00548	0.00469	0.00313	0.00156	0.00391	0.00274	0.00313	0.00548
11	0.01258	0.01086	0.01143	0.01029	0.01315	0.01258	0.00800	0.02687	0.78161	0.02115	0.02058	0.01887	0.01544	0.00686	0.00515	0.00172	0.00400	0.00572	0.00515	0.00800
12	0.02269	0.00861	0.01174	0.00900	0.01291	0.00743	0.00743	0.02464	0.01447	0.79425	0.01995	0.01721	0.01252	0.00626	0.00509	0.00156	0.00430	0.00509	0.00626	0.00861
13	0.01355	0.01156	0.01917	0.02727	0.64673	0.01176	0.01429	0.01629	0.01157	0.10318	0.01047	0.01293	0.00841	0.00502	0.00586	0.00156	0.06501	0.00456	0.00290	0.00789
14	0.01968	0.00951	0.01392	0.01358	0.16141	0.00871	0.03256	0.05312	0.01421	0.56085	0.04676	0.01678	0.01269	0.00601	0.00513	0.00156	0.00474	0.00514	0.00535	0.00829
15	0.00663	0.00486	0.00633	0.00732	0.00804	0.00456	0.00543	0.00793	0.01045	0.01358	0.03111	0.51229	0.14614	0.01492	0.00651	0.00207	0.00331	0.19955	0.00468	0.00427
16	0.00955	0.00899	0.01517	0.81013	0.03483	0.01123	0.01404	0.01292	0.01011	0.01292	0.00899	0.01348	0.00674	0.00506	0.00506	0.00169	0.00674	0.00449	0.00225	0.00562
17	0.06061	0.40048	0.24610	0.01102	0.01619	0.01517	0.05789	0.01659	0.01091	0.10879	0.00938	0.01030	0.00721	0.00472	0.00408	0.00136	0.00598	0.00349	0.00273	0.00699
18	0.02248	0.00894	0.01194	0.00916	0.01308	0.00793	0.00756	0.06982	0.01503	0.74828	0.01948	0.01691	0.01228	0.00625	0.00508	0.00156	0.00438	0.00505	0.00619	0.00861
19	0.60151	0.01139	0.01224	0.01173	0.10233	0.05881	0.10560	0.01543	0.00971	0.02053	0.00778	0.00946	0.00611	0.00465	0.00380	0.00156	0.00506	0.00339	0.00295	0.00596
20	0.00625	0.00454	0.00591	0.00688	0.00737	0.00420	0.00470	0.00729	0.01017	0.01347	0.07635	0.68660	0.10086	0.01520	0.00639	0.00200	0.00291	0.02999	0.00475	0.00417
21	0.01259	0.03621	0.08873	0.01191	0.07715	0.01019	0.05436	0.03007	0.19274	0.09769	0.01393	0.01443	0.02890	0.00536	0.00498	0.00135	0.02834	0.00447	0.00372	0.28289
22	0.00728	0.00514	0.00664	0.00627	0.00746	0.00477	0.00470	0.00967	0.01411	0.02020	0.74486	0.03671	0.04577	0.01009	0.00583	0.00157	0.00238	0.00890	0.05288	0.00477
23	0.00943	0.00817	0.01086	0.01228	0.15471	0.00827	0.03071	0.01469	0.20621	0.01756	0.17632	0.03191	0.22351	0.00912	0.00566	0.00170	0.00387	0.06443	0.00451	0.00611
24	0.01352	0.82533	0.02650	0.00865	0.01298	0.02001	0.00865	0.01514	0.01027	0.01190	0.00703	0.00811	0.00649	0.00433	0.00324	0.00108	0.00541	0.00270	0.00216	0.00649
25	0.00716	0.00517	0.00676	0.00636	0.00755	0.00477	0.00477	0.00954	0.01431	0.02028	0.78808	0.03777	0.04771	0.01034	0.00596	0.00159	0.00239	0.00914	0.00557	0.00477
26	0.01977	0.01328	0.01463	0.01122	0.01524	0.01437	0.00927	0.65499	0.02230	0.15284	0.01338	0.01295	0.00922	0.00610	0.00506	0.00153	0.00536	0.00464	0.00525	0.00860
27	0.01333	0.21331	0.37631	0.01171	0.01725	0.01352	0.01310	0.06220	0.10236	0.11329	0.01147	0.01192	0.00837	0.00519	0.00452	0.00148	0.00606	0.00394	0.00318	0.00751
28	0.00759	0.00586	0.00838	0.00815	0.00889	0.00687	0.00625	0.00917	0.00852	0.01227	0.07838	0.02211	0.01571	0.12448	0.57240	0.00666	0.08507	0.00587	0.00295	0.00446
29	0.01258	0.01086	0.01143	0.01029	0.01315	0.01258	0.00800	0.02687	0.78161	0.02115	0.02058	0.01887	0.01544	0.00686	0.00515	0.00172	0.00400	0.00572	0.00515	0.00800
30	0.60035	0.04550	0.08489	0.01011	0.04953	0.01178	0.08224	0.01504	0.00941	0.02051	0.00814	0.01037	0.00652	0.00487	0.00375	0.00158	0.00487	0.02168	0.00295	0.00594
31	0.06732	0.02696	0.01202	0.00941	0.01233	0.01134	0.00747	0.36307	0.01650	0.17562	0.01430	0.03824	0.01176	0.17551	0.00958	0.00226	0.02934	0.00534	0.00461	0.00701
32	0.01139	0.00884	0.01047	0.00758	0.01192	0.00674	0.00607	0.01361	0.01093	0.08053	0.03393	0.01188	0.00914	0.00415	0.00392	0.00084	0.00375	0.00336	0.00334	0.75760
33	0.01014	0.02616	0.79609	0.01441	0.02189	0.01174	0.01868	0.01601	0.01068	0.01601	0.00907	0.01068	0.00641	0.00480	0.00480	0.00160	0.00747	0.00374	0.00214	0.00747
34	0.00785	0.00527	0.00624	0.00666	0.00799	0.00501	0.00545	0.00989	0.01142	0.01600	0.06317	0.04284	0.24279	0.01116	0.00566	0.00179	0.00330	0.29507	0.24787	0.00457
35	0.00705	0.00503	0.00689	0.00806	0.00874	0.00487	0.00624	0.00857	0.01056	0.01390	0.02738	0.47879	0.03151	0.01501	0.00669	0.00218	0.00370	0.34581	0.00468	0.00435
36	0.06392	0.77666	0.02536	0.00853	0.01279	0.01949	0.00846	0.01513	0.01018	0.01254	0.00703	0.00812	0.00643	0.00435	0.00324	0.00111	0.00532	0.00271	0.00222	0.00643
37	0.85801	0.00978	0.00743	0.00665	0.00978	0.01134	0.00548	0.01486	0.00861	0.02269	0.00704	0.00821	0.00548	0.00469	0.00313	0.00156	0.00391	0.00274	0.00313	0.00548
38	0.00955	0.00899	0.01517	0.81013	0.03483	0.01123	0.01404	0.01292	0.01011	0.01292	0.00899	0.01348	0.00674	0.00506	0.00506	0.00169	0.00674	0.00449	0.00225	0.00562
39	0.00716	0.00517	0.00676	0.00636	0.00755	0.00477	0.00477	0.00954	0.01431	0.02028	0.78808	0.03777	0.04771	0.01034	0.00596	0.00159	0.00239	0.00914	0.00557	0.00477
40	0.01252	0.01201	0.02053	0.03104	0.79074	0.01201	0.01552	0.01552	0.01151	0.01652	0.00951	0.01252	0.00801	0.00451	0.00501	0.00150	0.00601	0.00451	0.00250	0.00801
41	0.01258	0.01086	0.01143	0.01029	0.01315	0.01258	0.00800	0.02687	0.78161	0.02115	0.02058	0.01887	0.01544	0.00686	0.00515	0.00172	0.00400	0.00572	0.00515	0.00800
42	0.00616	0.00440	0.00587	0.00704	0.00733	0.00411	0.00469	0.00704	0.00968	0.01291	0.02787	0.81899	0.03344	0.01584	0.00645	0.00205	0.00293	0.01438	0.00469	0.00411
43	0.01106	0.01106	0.01549	0.01328	0.01328	0.01549	0.01106	0.01217	0.00774	0.01217	0.00664	0.01106	0.00664	0.00885	0.01659	0.00221	0.81303	0.00443	0.00221	0.00553
44	0.01049	0.00899	0.01049	0.00749	0.01198	0.00674	0.00599	0.01273	0.01049	0.01648	0.00899	0.01049	0.00749	0.00374	0.00374	0.00075	0.00374	0.00300	0.00300	0.85320
45	0.01306	0.01173	0.01946	0.04132	0.68745	0.01179	0.01467	0.05005	0.01217	0.04935	0.01058	0.01406	0.00884	0.00494	0.00507	0.00153	0.00589	0.02729	0.00284	0.00792
46	0.00636	0.00514	0.00565	0.00552	0.00706	0.00443	0.00414	0.00800	0.01243	0.01580	0.28939	0.04514	0.54919	0.01201	0.00597	0.00167	0.00250	0.01018	0.00498	0.00443
47	0.01106	0.01106	0.01549	0.01328	0.01328	0.01549	0.01106	0.01217	0.00774	0.01217	0.00664	0.01106	0.00664	0.00885	0.01659	0.00221	0.81303	0.00443	0.00221	0.00553
48	0.85801	0.00978	0.00743	0.00665	0.00978	0.01134	0.00548	0.01486	0.00861	0.02269	0.00704	0.00821	0.00548	0.00469	0.00313	0.00156	0.00391	0.00274	0.00313	0.00548
49	0.78724	0.00993	0.00789	0.00690	0.01012	0.01134	0.00567	0.04703	0.00933	0.02282	0.00734	0.00848	0.00569	0.00471	0.00324	0.00153	0.00397	0.00283	0.00321	0.04074
50	0.00612	0.00456	0.00570	0.00662	0.00722	0.00414	0.00451	0.00709	0.01009	0.01308	0.03305	0.64828	0.20081	0.01517	0.00635	0.00198	0.00285	0.01355	0.00469	0.00414
51	0.00643	0.00459	0.00618	0.00735	0.00776	0.00434	0.00516	0.00751	0.00995	0.01321	0.02772	0.71604	0.03286	0.01559	0.00653	0.00209	0.00317	0.11467	0.00469	0.00418
52	0.46444	0.00953	0.00939	0.00799	0.01101	0.03373	0.00653	0.01741	0.01050	0.25824	0.01157	0.01214	0.00834	0.00823	0.07298	0.00215	0.04166	0.00378	0.00400	0.00637
53	0.00716	0.00517	0.00676	0.00636	0.00755	0.00477	0.00477	0.00954	0.01431	0.02028	0.78808	0.03777	0.04771	0.01034	0.00596	0.00159	0.00239	0.00914	0.00557	0.00477
54	0.00955	0.00899	0.01517	0.81013	0.03483	0.01123	0.01404	0.01292	0.01011	0.01292	0.00899	0.01348	0.00674	0.00506	0.00506	0.00169	0.00674	0.00449	0.00225	0.00562
55	0.82235	0.01039	0.00773	0.00692	0.01003	0.04494	0.00566	0.01509	0.00885	0.02225	0.00707	0.00825	0.00552	0.00472	0.00319	0.00155	0.00413	0.00276	0.00311	0.00549
56	0.01889	0.02410	0.01433	0.01303	0.01563	0.80199	0.00977	0.02019	0.01433	0.01238	0.00782	0.00912	0.00651	0.00521	0.00456	0.00130	0.00912	0.00326	0.00261	0.00586
57	0.01603	0.01350	0.19314	0.01356	0.13547	0.00947	0.01115	0.05130	0.02656	0.32967	0.01383	0.01377	0.00953	0.00527	0.00480	0.00144	0.00526	0.00435	0.00416	0.13775
58	0.01296	0.03131	0.10656	0.01897	0.07238	0.01222	0.50074	0.01767	0.06162	0.09639	0.01166	0.01384	0.00853	0.00471	0.00558	0.00165	0.00746	0.00546	0.00305	0.00722
59	0.01106	0.01106	0.01549	0.01328	0.01328	0.01549	0.01106	0.01217	0.00774	0.01217	0.00664	0.01106	0.00664	0.00885	0.01659	0.00221	0.81303	0.00443	0.00221	0.00553
60	0.01093	0.07280	0.70694	0.01385	0.02095	0.01225	0.01753	0.03981	0.01115	0.03522	0.00931	0.01073	0.00663	0.00485	0.00473	0.00157	0.00721	0.00373	0.00233	0.00748
61	0.05082	0.08308	0.06404	0.07642	0.15033	0.01088	0.10390	0.04732	0.01263	0.29424	0.01382	0.04798	0.01025	0.00570	0.00497	0.00156	0.00557	0.00503	0.00400	0.00748
62	0.01368	0.56387	0.13138	0.01067	0.01546	0.01746	0.07216	0.06106	0.01146	0.04944	0.00846	0.00957	0.00697	0.00458	0.00387	0.00125	0.00591	0.00333	0.00255	0.00687
63	0.00848	0.00598	0.00839	0.00965	0.03373	0.00590	0.00798	0.01073	0.01171	0.03558	0.04977	0.08541	0.05122	0.01342	0.00679	0.00223	0.00449	0.63904	0.00466	0.00483
64	0.01600	0.01102	0.09735	0.04848	0.17397	0.00893	0.05604	0.01874	0.01282	0.37358	0.05262	0.04199	0.05242	0.00639	0.00522	0.00159	0.00513	0.00560	0.00450	0.00760
65	0.01601	0.15024	0.19853	0.01298	0.09578	0.02707	0.01146	0.11699	0.06379	0.23873	0.01299	0.01299	0.00920	0.00541	0.00470	0.00149	0.00563	0.00425	0.00393	0.00784
66	0.01606	0.01773	0.01729	0.01430	0.01687	0.39980	0.15316	0.01793	0.01234	0.08016	0.00903	0.01112	0.00728	0.00598	0.00771	0.00162	0.19841	0.00420	0.00282	0.00620
67	0.68077	0.07790	0.05383	0.00900	0.06671	0.01213	0.00719	0.01500	0.00907	0.02099	0.00733	0.00865	0.00579	0.00466	0.00337	0.00152	0.00438	0.00292	0.00295	0.00585
68	0.00646	0.00523	0.00582	0.00609	0.00761	0.00459	0.00477	0.00798	0.01157	0.01416	0.07205	0.08187	0.57845	0.01308	0.00620	0.00184	0.00299	0.16015	0.00472	0.00436
69	0.19031	0.01149	0.01807	0.02012	0.33088	0.01174	0.16934	0.08284	0.01201	0.03281	0.01082	0.06726	0.00929	0.00544	0.00492	0.00160	0.00581	0.00513	0.00309	0.00703

[dist]
# distance from previous block
# <min> <max>
0	1

[block]
# block no. 3 follows, 49 sequences, length 18
# corresponding to MSA columns:
# 542-559
name=unknown_D
#
# <colnr> <probs for GDERKNQSTAVLIFYWHMCP>
#	G	D	E	R	K	N	Q	S	T	A	V	L	I	F	Y	W	H	M	C	P
0	0.04014	0.01480	0.01220	0.01176	0.07430	0.34040	0.00834	0.01634	0.02693	0.06288	0.05913	0.03359	0.01177	0.02736	0.06989	0.00195	0.00696	0.02058	0.00325	0.15746
1	0.00598	0.00512	0.00512	0.00512	0.00683	0.00427	0.00384	0.00726	0.01153	0.01366	0.05123	0.04866	0.78869	0.01281	0.00598	0.00171	0.00256	0.01067	0.00470	0.00427
2	0.01352	0.82533	0.02650	0.00865	0.01298	0.02001	0.00865	0.01514	0.01027	0.01190	0.00703	0.00811	0.00649	0.00433	0.00324	0.00108	0.00541	0.00270	0.00216	0.00649
3	0.00677	0.00490	0.00650	0.00739	0.00811	0.00463	0.00551	0.00822	0.01087	0.01443	0.12346	0.48050	0.08473	0.01449	0.00649	0.00204	0.00327	0.19856	0.00479	0.00434
4	0.00901	0.00706	0.00843	0.00802	0.00974	0.00739	0.00627	0.01516	0.25665	0.01983	0.43795	0.03451	0.03488	0.00975	0.00585	0.00173	0.00322	0.11347	0.00530	0.00578
5	0.00683	0.00516	0.00630	0.00602	0.00735	0.00463	0.00451	0.00890	0.01353	0.01843	0.58200	0.04082	0.25495	0.01103	0.00597	0.00162	0.00243	0.00957	0.00532	0.00463
6	0.00662	0.00486	0.00627	0.00727	0.00775	0.00471	0.00493	0.00846	0.06502	0.01350	0.02735	0.76163	0.03215	0.01520	0.00636	0.00203	0.00301	0.01375	0.00473	0.00439
7	0.01889	0.02410	0.01433	0.01303	0.01563	0.80199	0.00977	0.02019	0.01433	0.01238	0.00782	0.00912	0.00651	0.00521	0.00456	0.00130	0.00912	0.00326	0.00261	0.00586
8	0.00616	0.00440	0.00587	0.00704	0.00733	0.00411	0.00469	0.00704	0.00968	0.01291	0.02787	0.81899	0.03344	0.01584	0.00645	0.00205	0.00293	0.01438	0.00469	0.00411
9	0.00722	0.00542	0.00813	0.00813	0.00903	0.00632	0.00632	0.00903	0.00813	0.01174	0.01354	0.01987	0.01264	0.03792	0.80225	0.00813	0.01354	0.00542	0.00271	0.00451
10	0.01693	0.00879	0.01115	0.00829	0.01247	0.00711	0.00675	0.01902	0.01259	0.42694	0.01477	0.01404	0.01014	0.00507	0.00445	0.00118	0.00404	0.00410	0.00472	0.40747
11	0.00735	0.00490	0.00552	0.00552	0.00552	0.00490	0.00306	0.00735	0.00735	0.00980	0.01593	0.03309	0.01838	0.82229	0.02574	0.00490	0.00490	0.00735	0.00306	0.00306
12	0.01038	0.06327	0.72457	0.01446	0.02167	0.01218	0.05286	0.01598	0.01072	0.01583	0.00903	0.01069	0.00647	0.00476	0.00478	0.00158	0.00742	0.00379	0.00216	0.00740
13	0.01866	0.04356	0.10395	0.01260	0.08515	0.00975	0.05445	0.03824	0.01332	0.50071	0.01582	0.01504	0.01050	0.00587	0.00563	0.00159	0.04748	0.00479	0.00483	0.00807
14	0.01606	0.01008	0.01154	0.00984	0.01307	0.01080	0.00781	0.02610	0.51706	0.28776	0.02036	0.01830	0.01443	0.00665	0.00512	0.00166	0.00411	0.00550	0.00553	0.00821
15	0.00834	0.00546	0.00721	0.00675	0.00814	0.00503	0.00519	0.01069	0.01414	0.07541	0.68113	0.03761	0.04392	0.01029	0.00597	0.00164	0.00268	0.05980	0.00555	0.00504
16	0.01967	0.01005	0.01458	0.03405	0.16761	0.03415	0.04931	0.02197	0.01364	0.55571	0.01672	0.01575	0.01104	0.00575	0.00510	0.00155	0.00507	0.00494	0.00511	0.00823
17	0.09765	0.01404	0.01643	0.07266	0.27741	0.14692	0.04645	0.16590	0.07965	0.01957	0.01044	0.01210	0.00815	0.00518	0.00482	0.00152	0.00624	0.00430	0.00329	0.00729

[dist]
# distance from previous block
# <min> <max>
0	6

[block]
# block no. 4 follows, 49 sequences, length 47
# corresponding to MSA columns:
# 566-612
name=unknown_E
#
# <colnr> <probs for GDERKNQSTAVLIFYWHMCP>
#	G	D	E	R	K	N	Q	S	T	A	V	L	I	F	Y	W	H	M	C	P
0	0.72094	0.01080	0.00822	0.00721	0.01041	0.07095	0.00585	0.01508	0.00920	0.02137	0.00727	0.00848	0.00573	0.00465	0.00329	0.00147	0.00429	0.00280	0.00308	0.07891
1	0.29416	0.01178	0.07825	0.00900	0.01244	0.03923	0.00786	0.18990	0.01368	0.14359	0.05399	0.01419	0.01075	0.04346	0.03282	0.00191	0.00510	0.00433	0.02690	0.00667
2	0.05810	0.31317	0.03477	0.00979	0.01365	0.13761	0.00859	0.09303	0.07714	0.15017	0.01115	0.01131	0.00848	0.00518	0.00416	0.00131	0.00558	0.00367	0.00356	0.04956
3	0.00867	0.00523	0.00614	0.00597	0.00635	0.00512	0.00363	0.00893	0.00816	0.07797	0.01693	0.05512	0.01861	0.70581	0.02287	0.00446	0.00479	0.02821	0.00343	0.00362
4	0.01468	0.26424	0.31877	0.01130	0.01669	0.03237	0.01238	0.08321	0.01254	0.17238	0.01087	0.01130	0.00785	0.00507	0.00440	0.00142	0.00608	0.00375	0.00324	0.00746
5	0.01187	0.01317	0.11332	0.01335	0.01724	0.01216	0.19439	0.02210	0.46137	0.01916	0.03746	0.01794	0.01361	0.00623	0.00537	0.00171	0.00550	0.02242	0.00414	0.00749
6	0.00923	0.00475	0.00489	0.00486	0.00604	0.00472	0.00364	0.01159	0.01093	0.01898	0.08331	0.02049	0.01597	0.00628	0.00375	0.00121	0.00236	0.00510	0.77721	0.00472
7	0.00626	0.00513	0.00551	0.00542	0.00700	0.00439	0.00406	0.00780	0.01219	0.01524	0.22699	0.04607	0.61195	0.01222	0.00597	0.00168	0.00252	0.01031	0.00490	0.00439
8	0.01014	0.02616	0.79609	0.01441	0.02189	0.01174	0.01868	0.01601	0.01068	0.01601	0.00907	0.01068	0.00641	0.00480	0.00480	0.00160	0.00747	0.00374	0.00214	0.00747
9	0.01889	0.02410	0.01433	0.01303	0.01563	0.80199	0.00977	0.02019	0.01433	0.01238	0.00782	0.00912	0.00651	0.00521	0.00456	0.00130	0.00912	0.00326	0.00261	0.00586
10	0.00612	0.00513	0.00532	0.00527	0.00692	0.00433	0.00396	0.00754	0.01187	0.01447	0.14120	0.04733	0.69821	0.01251	0.00597	0.00169	0.00254	0.01049	0.00480	0.00433
11	0.01352	0.82533	0.02650	0.00865	0.01298	0.02001	0.00865	0.01514	0.01027	0.01190	0.00703	0.00811	0.00649	0.00433	0.00324	0.00108	0.00541	0.00270	0.00216	0.00649
12	0.00598	0.00512	0.00512	0.00512	0.00683	0.00427	0.00384	0.00726	0.01153	0.01366	0.05123	0.04866	0.78869	0.01281	0.00598	0.00171	0.00256	0.01067	0.00470	0.00427
13	0.85801	0.00978	0.00743	0.00665	0.00978	0.01134	0.00548	0.01486	0.00861	0.02269	0.00704	0.00821	0.00548	0.00469	0.00313	0.00156	0.00391	0.00274	0.00313	0.00548
14	0.85801	0.00978	0.00743	0.00665	0.00978	0.01134	0.00548	0.01486	0.00861	0.02269	0.00704	0.00821	0.00548	0.00469	0.00313	0.00156	0.00391	0.00274	0.00313	0.00548
15	0.01049	0.00899	0.01049	0.00749	0.01198	0.00674	0.00599	0.01273	0.01049	0.01648	0.00899	0.01049	0.00749	0.00374	0.00374	0.00075	0.00374	0.00300	0.00300	0.85320
16	0.01880	0.01363	0.01470	0.01140	0.01534	0.01504	0.00937	0.67558	0.08898	0.06515	0.01322	0.01295	0.00937	0.00615	0.00507	0.00154	0.00537	0.00468	0.00512	0.00855
17	0.00815	0.00582	0.00815	0.00931	0.01048	0.00582	0.00815	0.01048	0.01164	0.01513	0.02677	0.05704	0.02910	0.01397	0.00698	0.00233	0.00466	0.75671	0.00466	0.00466
18	0.00634	0.00453	0.00607	0.00725	0.00762	0.00426	0.00501	0.00735	0.00986	0.01311	0.02777	0.74992	0.03305	0.01567	0.00650	0.00208	0.00309	0.08166	0.00469	0.00416
19	0.00955	0.00899	0.01517	0.81013	0.03483	0.01123	0.01404	0.01292	0.01011	0.01292	0.00899	0.01348	0.00674	0.00506	0.00506	0.00169	0.00674	0.00449	0.00225	0.00562
20	0.01968	0.01343	0.01472	0.01129	0.01532	0.01460	0.00932	0.67539	0.02255	0.13209	0.01317	0.01281	0.00911	0.00610	0.00506	0.00152	0.00540	0.00462	0.00522	0.00860
21	0.01780	0.01222	0.01346	0.01078	0.01445	0.01334	0.00876	0.42095	0.25138	0.15788	0.01602	0.01503	0.01133	0.00634	0.00509	0.00159	0.00488	0.00500	0.00529	0.00842
22	0.02259	0.00876	0.01183	0.00907	0.01299	0.00767	0.00749	0.04612	0.01474	0.77240	0.01973	0.01707	0.01241	0.00625	0.00508	0.00156	0.00434	0.00507	0.00622	0.00861
23	0.01252	0.01201	0.02053	0.03104	0.79074	0.01201	0.01552	0.01552	0.01151	0.01652	0.00951	0.01252	0.00801	0.00451	0.00501	0.00150	0.00601	0.00451	0.00250	0.00801
24	0.01889	0.02410	0.01433	0.01303	0.01563	0.80199	0.00977	0.02019	0.01433	0.01238	0.00782	0.00912	0.00651	0.00521	0.00456	0.00130	0.00912	0.00326	0.00261	0.00586
25	0.01106	0.01106	0.01549	0.01328	0.01328	0.01549	0.01106	0.01217	0.00774	0.01217	0.00664	0.01106	0.00664	0.00885	0.01659	0.00221	0.81303	0.00443	0.00221	0.00553
26	0.01743	0.01034	0.01530	0.06404	0.22402	0.03241	0.05383	0.05367	0.01367	0.39438	0.05719	0.01618	0.01225	0.00578	0.00514	0.00155	0.00524	0.00509	0.00460	0.00787
27	0.08823	0.00896	0.01044	0.00868	0.01124	0.00939	0.00680	0.22852	0.01403	0.21686	0.01470	0.01868	0.01201	0.17633	0.14925	0.00338	0.00637	0.00525	0.00438	0.00650
28	0.00880	0.00689	0.00817	0.00755	0.00925	0.00713	0.00575	0.01478	0.24635	0.02054	0.55598	0.03206	0.03795	0.00929	0.00572	0.00163	0.00287	0.00811	0.00544	0.00575
29	0.01207	0.00780	0.00930	0.00820	0.01050	0.00800	0.00638	0.01852	0.28160	0.16915	0.35751	0.02685	0.02900	0.00825	0.00546	0.00162	0.00332	0.00708	0.02273	0.00663
30	0.00611	0.00513	0.00531	0.00526	0.00691	0.00433	0.00395	0.00752	0.01184	0.01441	0.13488	0.04743	0.70456	0.01253	0.00597	0.00169	0.00254	0.01050	0.00479	0.00433
31	0.00990	0.00547	0.00656	0.00621	0.00765	0.00521	0.00473	0.02676	0.01251	0.10014	0.28602	0.09553	0.02715	0.00858	0.00493	0.00148	0.00275	0.02935	0.35391	0.00516
32	0.01432	0.01173	0.01242	0.01064	0.01381	0.01339	0.00843	0.22321	0.58242	0.02397	0.01836	0.01710	0.01364	0.00665	0.00512	0.00166	0.00441	0.00541	0.00512	0.00816
33	0.01869	0.10607	0.01615	0.01141	0.01525	0.14287	0.00943	0.53340	0.02032	0.06106	0.01123	0.01143	0.00820	0.00575	0.00478	0.00144	0.00606	0.00416	0.00439	0.00792
34	0.01049	0.00899	0.01049	0.00749	0.01198	0.00674	0.00599	0.01273	0.01049	0.01648	0.00899	0.01049	0.00749	0.00374	0.00374	0.00075	0.00374	0.00300	0.00300	0.85320
35	0.01660	0.13323	0.10647	0.01120	0.01537	0.07520	0.02976	0.28409	0.10932	0.13185	0.01288	0.01286	0.00933	0.00567	0.00473	0.00148	0.00568	0.00434	0.02219	0.00775
36	0.01199	0.04287	0.02972	0.02086	0.02594	0.01305	0.74488	0.01616	0.01188	0.01604	0.01011	0.01344	0.00763	0.00426	0.00587	0.00168	0.00841	0.00585	0.00254	0.00681
37	0.00722	0.00542	0.00813	0.00813	0.00903	0.00632	0.00632	0.00903	0.00813	0.01174	0.01354	0.01987	0.01264	0.03792	0.80225	0.00813	0.01354	0.00542	0.00271	0.00451
38	0.07520	0.12720	0.08433	0.00950	0.02790	0.01040	0.00845	0.07935	0.01261	0.23425	0.01267	0.01407	0.00955	0.00534	0.00437	0.00130	0.00472	0.03641	0.00395	0.23843
39	0.01466	0.06536	0.24856	0.02470	0.03865	0.01104	0.07322	0.03183	0.14150	0.24250	0.01493	0.01608	0.01084	0.00590	0.00505	0.00161	0.00573	0.03615	0.00404	0.00766
40	0.00644	0.00462	0.00597	0.00669	0.00719	0.00431	0.00453	0.00755	0.01044	0.01406	0.17084	0.56680	0.07140	0.08449	0.00801	0.00220	0.00298	0.01260	0.00472	0.00415
41	0.00819	0.00651	0.00954	0.04298	0.03909	0.00625	0.06805	0.01052	0.03044	0.03539	0.10909	0.18603	0.20116	0.01181	0.00622	0.00192	0.00404	0.21330	0.00447	0.00500
42	0.01587	0.04505	0.20225	0.01433	0.05769	0.03263	0.17346	0.05131	0.03297	0.28944	0.01343	0.01384	0.00924	0.00535	0.00531	0.00159	0.01986	0.00477	0.00391	0.00771
43	0.01178	0.12595	0.46194	0.01172	0.01731	0.01196	0.01368	0.05789	0.05793	0.05687	0.01119	0.01231	0.00825	0.00515	0.00448	0.00148	0.00606	0.00396	0.11295	0.00714
44	0.00707	0.00511	0.00685	0.00781	0.00864	0.00489	0.00609	0.00871	0.01103	0.01453	0.09478	0.38120	0.08283	0.01438	0.00660	0.00211	0.00358	0.32464	0.00475	0.00441
45	0.01331	0.03508	0.21569	0.08721	0.25053	0.03251	0.05744	0.06369	0.02416	0.11743	0.04590	0.01381	0.00991	0.00525	0.00502	0.00156	0.00622	0.00462	0.00321	0.00747
46	0.03422	0.04892	0.09328	0.03280	0.03604	0.01172	0.03081	0.18261	0.18128	0.25953	0.02692	0.01521	0.01138	0.00601	0.00498	0.00158	0.00507	0.00487	0.00477	0.00800

[dist]
# distance from previous block
# <min> <max>
0	5

[block]
# block no. 5 follows, 49 sequences, length 37
# corresponding to MSA columns:
# 618-654
name=unknown_F
#
# <colnr> <probs for GDERKNQSTAVLIFYWHMCP>
#	G	D	E	R	K	N	Q	S	T	A	V	L	I	F	Y	W	H	M	C	P
0	0.12045	0.22464	0.03234	0.01076	0.02791	0.15291	0.03391	0.14586	0.01344	0.07560	0.03178	0.04573	0.00955	0.00588	0.00498	0.00145	0.04855	0.00423	0.00339	0.00663
1	0.48260	0.00921	0.00788	0.00710	0.00947	0.05175	0.00543	0.01456	0.03473	0.09198	0.01127	0.01641	0.01010	0.20570	0.00907	0.00239	0.00449	0.01713	0.00347	0.00527
2	0.38269	0.01057	0.01060	0.00869	0.01185	0.01177	0.02468	0.25433	0.01409	0.07648	0.01078	0.01163	0.00797	0.00551	0.00442	0.00152	0.03030	0.00385	0.11168	0.00661
3	0.01258	0.01086	0.01143	0.01029	0.01315	0.01258	0.00800	0.02687	0.78161	0.02115	0.02058	0.01887	0.01544	0.00686	0.00515	0.00172	0.00400	0.00572	0.00515	0.00800
4	0.01405	0.01149	0.01248	0.03913	0.01449	0.01275	0.00844	0.22788	0.46507	0.02327	0.01663	0.01594	0.01241	0.00625	0.00497	0.00156	0.00450	0.00506	0.00479	0.09884
5	0.00774	0.00541	0.00710	0.00754	0.00832	0.00542	0.00545	0.02188	0.01021	0.05768	0.02723	0.53448	0.11294	0.01628	0.07715	0.00253	0.05150	0.03208	0.00447	0.00459
6	0.09643	0.07008	0.15640	0.01211	0.07292	0.01058	0.04932	0.07236	0.01323	0.34899	0.03886	0.01431	0.01060	0.00560	0.00479	0.00154	0.00529	0.00455	0.00435	0.00770
7	0.00805	0.00585	0.00697	0.00726	0.00797	0.00600	0.00500	0.04257	0.09597	0.01372	0.02195	0.33992	0.02450	0.30694	0.01330	0.00305	0.00404	0.07837	0.00417	0.00441
8	0.00955	0.00899	0.01517	0.81013	0.03483	0.01123	0.01404	0.01292	0.01011	0.01292	0.00899	0.01348	0.00674	0.00506	0.00506	0.00169	0.00674	0.00449	0.00225	0.00562
9	0.01104	0.01059	0.01823	0.41292	0.39239	0.01166	0.04203	0.01427	0.01084	0.01474	0.00928	0.01303	0.00738	0.00477	0.00506	0.00160	0.00646	0.00455	0.00238	0.00679
10	0.02506	0.01032	0.01569	0.29199	0.19073	0.01129	0.05747	0.13605	0.04173	0.05731	0.01221	0.06502	0.00998	0.00590	0.00509	0.00161	0.00577	0.00529	0.04471	0.00679
11	0.00789	0.00479	0.00555	0.00578	0.00637	0.00482	0.00389	0.00914	0.00911	0.01402	0.01822	0.17881	0.01867	0.27740	0.09326	0.00328	0.00445	0.00752	0.32301	0.00404
12	0.02256	0.00882	0.01187	0.00910	0.01301	0.00775	0.00752	0.05323	0.01483	0.76516	0.01965	0.01702	0.01237	0.00625	0.00508	0.00156	0.00435	0.00506	0.00621	0.00861
13	0.02252	0.00888	0.01190	0.00913	0.01304	0.00784	0.00754	0.06127	0.01493	0.75698	0.01957	0.01696	0.01233	0.00625	0.00508	0.00156	0.00436	0.00506	0.00620	0.00861
14	0.01765	0.01105	0.04277	0.13176	0.09586	0.04817	0.11355	0.02034	0.01305	0.43055	0.01500	0.01509	0.01005	0.00553	0.00516	0.00158	0.00575	0.00492	0.00447	0.00769
15	0.02269	0.00861	0.01174	0.00900	0.01291	0.00743	0.00743	0.02464	0.01447	0.79425	0.01995	0.01721	0.01252	0.00626	0.00509	0.00156	0.00430	0.00509	0.00626	0.00861
16	0.00734	0.00495	0.00576	0.00576	0.00584	0.00503	0.00337	0.00751	0.00743	0.00999	0.01571	0.03186	0.01785	0.74918	0.09811	0.00520	0.00571	0.00717	0.00303	0.00320
17	0.04685	0.00997	0.01195	0.00946	0.01309	0.00994	0.00773	0.18494	0.12606	0.45684	0.01778	0.01615	0.01189	0.00624	0.00495	0.00156	0.00442	0.00497	0.04700	0.00823
18	0.00711	0.00546	0.00702	0.00775	0.00829	0.00566	0.00542	0.00937	0.08823	0.01370	0.02584	0.68860	0.02999	0.01450	0.00693	0.00203	0.05203	0.01289	0.00459	0.00459
19	0.01927	0.01321	0.01448	0.01119	0.01515	0.01437	0.00922	0.62562	0.07024	0.13420	0.01373	0.01325	0.00956	0.00615	0.00507	0.00154	0.00530	0.00470	0.00523	0.00856
20	0.02252	0.00888	0.01191	0.00913	0.01305	0.00784	0.00754	0.06186	0.01494	0.75638	0.01956	0.01696	0.01232	0.00625	0.00508	0.00156	0.00437	0.00506	0.00620	0.00861
21	0.01691	0.01124	0.01539	0.08257	0.15569	0.01198	0.03062	0.25379	0.01563	0.23840	0.01309	0.01390	0.00935	0.00685	0.02860	0.00180	0.07732	0.00474	0.00431	0.00781
22	0.00722	0.00542	0.00813	0.00813	0.00903	0.00632	0.00632	0.00903	0.00813	0.01174	0.01354	0.01987	0.01264	0.03792	0.80225	0.00813	0.01354	0.00542	0.00271	0.00451
23	0.01352	0.82533	0.02650	0.00865	0.01298	0.02001	0.00865	0.01514	0.01027	0.01190	0.00703	0.00811	0.00649	0.00433	0.00324	0.00108	0.00541	0.00270	0.00216	0.00649
24	0.12246	0.01214	0.01308	0.01034	0.01410	0.01318	0.00848	0.44105	0.11826	0.17435	0.01409	0.01349	0.00984	0.00604	0.00484	0.00156	0.00492	0.00458	0.00506	0.00814
25	0.01877	0.00995	0.01447	0.01124	0.01502	0.00945	0.11751	0.13772	0.03683	0.45996	0.01810	0.02022	0.01307	0.00678	0.00541	0.00166	0.00513	0.08545	0.00534	0.00791
26	0.00604	0.00513	0.00522	0.00519	0.00687	0.00430	0.00389	0.00739	0.01168	0.01404	0.09314	0.04805	0.74654	0.01267	0.00598	0.00170	0.00255	0.01059	0.00475	0.00430
27	0.02097	0.01136	0.01344	0.01030	0.01428	0.01152	0.00851	0.39575	0.01908	0.41664	0.01608	0.01470	0.01058	0.00617	0.00507	0.00154	0.00493	0.00482	0.00566	0.00860
28	0.04271	0.01415	0.01579	0.01420	0.10636	0.08889	0.05333	0.43935	0.10883	0.04699	0.01237	0.01279	0.00910	0.00576	0.00501	0.00153	0.00585	0.00460	0.00437	0.00801
29	0.00849	0.00488	0.00727	0.00720	0.00741	0.00525	0.00509	0.00737	0.00700	0.00961	0.00985	0.01629	0.00963	0.02213	0.20689	0.62032	0.03550	0.00464	0.00232	0.00287
30	0.00707	0.00493	0.00583	0.00616	0.00652	0.00478	0.00398	0.00764	0.00875	0.01148	0.03655	0.18494	0.09767	0.49669	0.01796	0.00374	0.00423	0.08378	0.00373	0.00357
31	0.01810	0.01606	0.05172	0.01145	0.01484	0.30971	0.04170	0.08829	0.09369	0.23697	0.01359	0.01349	0.00972	0.00573	0.00483	0.00146	0.00644	0.00436	0.05070	0.00716
32	0.32324	0.04424	0.10728	0.05765	0.09990	0.05670	0.03705	0.08144	0.01184	0.12215	0.00996	0.01105	0.00731	0.00503	0.00426	0.00154	0.00544	0.00376	0.00338	0.00679
33	0.01174	0.01515	0.16582	0.01873	0.02394	0.01188	0.56005	0.01601	0.01169	0.04934	0.01144	0.05907	0.00912	0.00510	0.00575	0.00170	0.00784	0.00601	0.00276	0.00686
34	0.00736	0.00542	0.02828	0.00724	0.00815	0.00464	0.00531	0.00866	0.01060	0.05825	0.09833	0.59909	0.08440	0.01421	0.00627	0.00196	0.00312	0.03937	0.00479	0.00455
35	0.43307	0.02667	0.05296	0.00992	0.05351	0.03908	0.00799	0.14618	0.04032	0.13143	0.01048	0.01092	0.00759	0.00523	0.00405	0.00154	0.00476	0.00365	0.00385	0.00681
36	0.03519	0.15113	0.09058	0.01374	0.10634	0.05635	0.10603	0.09388	0.13316	0.01783	0.01329	0.01431	0.04697	0.00546	0.00467	0.00144	0.00565	0.00461	0.03960	0.05976

[dist]
# distance from previous block
# <min> <max>
1	18

[block]
# block no. 6 follows, 49 sequences, length 16
# corresponding to MSA columns:
# 673-688
name=unknown_G
#
# <colnr> <probs for GDERKNQSTAVLIFYWHMCP>
#	G	D	E	R	K	N	Q	S	T	A	V	L	I	F	Y	W	H	M	C	P
0	0.01657	0.07890	0.02992	0.05799	0.05663	0.01083	0.02835	0.12431	0.11061	0.29495	0.02816	0.01480	0.01101	0.00567	0.00480	0.00145	0.00484	0.00464	0.00459	0.11099
1	0.01284	0.03535	0.02685	0.00835	0.01220	0.04559	0.00684	0.05110	0.05354	0.12978	0.10849	0.01525	0.01361	0.00532	0.00440	0.00111	0.00414	0.00430	0.00394	0.45701
2	0.00966	0.05202	0.07955	0.00843	0.01089	0.00784	0.02522	0.02665	0.13043	0.06354	0.29671	0.14469	0.08647	0.00939	0.00555	0.00164	0.00368	0.00816	0.00472	0.02474
3	0.00965	0.00637	0.00791	0.00721	0.00892	0.00615	0.00550	0.04628	0.08305	0.10001	0.50813	0.09395	0.07683	0.00997	0.00580	0.00164	0.00292	0.00870	0.00546	0.00555
4	0.01341	0.01004	0.01104	0.00957	0.01248	0.01095	0.00745	0.06026	0.52502	0.11121	0.05218	0.01944	0.01580	0.05465	0.00629	0.00181	0.00408	0.00565	0.00502	0.06365
5	0.01021	0.01014	0.01671	0.69089	0.03310	0.04554	0.09541	0.01359	0.01049	0.01325	0.00907	0.01331	0.00683	0.00498	0.00513	0.00167	0.00704	0.00460	0.00230	0.00576
6	0.03690	0.00747	0.00864	0.00758	0.00965	0.00752	0.00588	0.11614	0.11007	0.02146	0.47647	0.02998	0.07493	0.00889	0.00552	0.00155	0.00316	0.00761	0.00517	0.05542
7	0.00739	0.00536	0.00786	0.00786	0.00879	0.00620	0.00610	0.00924	0.00832	0.01229	0.01377	0.01979	0.01267	0.03544	0.74032	0.00759	0.01268	0.00536	0.06843	0.00453
8	0.01186	0.01295	0.11429	0.01834	0.24582	0.02397	0.13085	0.04094	0.13039	0.04042	0.07810	0.06284	0.01379	0.00635	0.00588	0.00165	0.04519	0.00579	0.00344	0.00714
9	0.01080	0.01024	0.01176	0.04921	0.04759	0.07783	0.00790	0.01292	0.02627	0.01479	0.01204	0.10063	0.03333	0.00656	0.00667	0.00133	0.15165	0.00495	0.00304	0.41049
10	0.01371	0.01812	0.40355	0.01299	0.01839	0.01097	0.07539	0.07614	0.01269	0.19347	0.05739	0.01412	0.01050	0.00575	0.00574	0.00163	0.05377	0.00464	0.00354	0.00749
11	0.00823	0.00624	0.00852	0.16598	0.01313	0.00675	0.00678	0.05387	0.00998	0.01322	0.01853	0.24392	0.02033	0.26170	0.06241	0.00323	0.00529	0.08384	0.00360	0.00443
12	0.08578	0.01207	0.07826	0.04568	0.03452	0.05597	0.03875	0.05184	0.09197	0.06134	0.01079	0.01186	0.00832	0.00468	0.00429	0.00121	0.00491	0.00375	0.00335	0.39065
13	0.00616	0.00440	0.00587	0.00704	0.00733	0.00411	0.00469	0.00704	0.00968	0.01291	0.02787	0.81899	0.03344	0.01584	0.00645	0.00205	0.00293	0.01438	0.00469	0.00411
14	0.01252	0.01201	0.02053	0.03104	0.79074	0.01201	0.01552	0.01552	0.01151	0.01652	0.00951	0.01252	0.00801	0.00451	0.00501	0.00150	0.00601	0.00451	0.00250	0.00801
15	0.00722	0.00542	0.00813	0.00813	0.00903	0.00632	0.00632	0.00903	0.00813	0.01174	0.01354	0.01987	0.01264	0.03792	0.80225	0.00813	0.01354	0.00542	0.00271	0.00451

[dist]
# distance from previous block
# <min> <max>
0	44

[block]
# block no. 7 follows, 49 sequences, length 13
# corresponding to MSA columns:
# 733-745
name=unknown_H
#
# <colnr> <probs for GDERKNQSTAVLIFYWHMCP>
#	G	D	E	R	K	N	Q	S	T	A	V	L	I	F	Y	W	H	M	C	P
0	0.85801	0.00978	0.00743	0.00665	0.00978	0.01134	0.00548	0.01486	0.00861	0.02269	0.00704	0.00821	0.00548	0.00469	0.00313	0.00156	0.00391	0.00274	0.00313	0.00548
1	0.01040	0.00711	0.00604	0.00585	0.00720	0.10166	0.00439	0.01263	0.01134	0.01817	0.07446	0.01912	0.01484	0.00615	0.00385	0.00122	0.00318	0.00488	0.68266	0.00486
2	0.01889	0.02410	0.01433	0.01303	0.01563	0.80199	0.00977	0.02019	0.01433	0.01238	0.00782	0.00912	0.00651	0.00521	0.00456	0.00130	0.00912	0.00326	0.00261	0.00586
3	0.01049	0.00899	0.01049	0.00749	0.01198	0.00674	0.00599	0.01273	0.01049	0.01648	0.00899	0.01049	0.00749	0.00374	0.00374	0.00075	0.00374	0.00300	0.00300	0.85320
4	0.01171	0.01232	0.01761	0.01449	0.01544	0.06692	0.12740	0.01331	0.00882	0.01280	0.00726	0.01133	0.00679	0.00791	0.01418	0.00208	0.63702	0.00458	0.00229	0.00575
5	0.01194	0.01364	0.02984	0.02131	0.02643	0.01279	0.77238	0.01620	0.01194	0.01620	0.01023	0.01364	0.00767	0.00426	0.00597	0.00171	0.00853	0.00597	0.00256	0.00682
