[name]
unknown

[dist]
# distance from previous block
# <min> <max>
0	639

[block]
# block no. 0 follows, 54 sequences, length 95
# corresponding to MSA columns:
# 950-1044
name=unknown_A
#
# <colnr> <probs for GDERKNQSTAVLIFYWHMCP>
#	G	D	E	R	K	N	Q	S	T	A	V	L	I	F	Y	W	H	M	C	P
0	0.00791	0.00546	0.00764	0.00863	0.00976	0.00543	0.00751	0.01004	0.01088	0.03464	0.02482	0.06955	0.02683	0.01288	0.00646	0.00215	0.00430	0.73631	0.00438	0.00443
1	0.02923	0.02326	0.00571	0.00532	0.00559	0.00507	0.00319	0.00726	0.00714	0.00972	0.01573	0.02981	0.04897	0.72618	0.05589	0.00442	0.00481	0.00670	0.00289	0.00309
2	0.00981	0.02367	0.77155	0.01365	0.03767	0.01085	0.01708	0.01513	0.01006	0.03550	0.00873	0.01015	0.00615	0.00451	0.00449	0.00149	0.00686	0.00353	0.00210	0.00701
3	0.02000	0.00780	0.01052	0.00815	0.01163	0.00674	0.00669	0.02183	0.01315	0.73705	0.01837	0.03411	0.01200	0.00596	0.00468	0.00143	0.00389	0.00487	0.04120	0.02994
4	0.00984	0.00894	0.01442	0.60374	0.06130	0.01056	0.05172	0.01427	0.11137	0.03404	0.01012	0.01322	0.00758	0.00487	0.00474	0.00155	0.00589	0.00439	0.00258	0.02486
5	0.00614	0.00444	0.00569	0.00654	0.00701	0.00419	0.00446	0.02696	0.00945	0.01248	0.02674	0.69721	0.08766	0.04873	0.00672	0.00200	0.00289	0.03245	0.00432	0.00392
6	0.01173	0.03767	0.04493	0.00919	0.01222	0.04690	0.04558	0.09997	0.21585	0.07376	0.11807	0.08564	0.01623	0.00656	0.00470	0.00138	0.00419	0.00557	0.00409	0.15579
7	0.01166	0.07696	0.17138	0.01751	0.10288	0.07726	0.39381	0.03007	0.04415	0.01498	0.00930	0.01154	0.00712	0.00430	0.00492	0.00148	0.00712	0.00457	0.00243	0.00657
8	0.71001	0.00891	0.00768	0.00661	0.00966	0.00990	0.00545	0.01556	0.00904	0.16767	0.00881	0.00922	0.00633	0.00465	0.00326	0.00146	0.00372	0.00296	0.00346	0.00565
9	0.01286	0.01150	0.04900	0.16983	0.26167	0.01177	0.03741	0.28617	0.01469	0.02004	0.06965	0.01346	0.01016	0.00523	0.00478	0.00145	0.00547	0.00456	0.00333	0.00695
10	0.00669	0.00543	0.00603	0.00598	0.00741	0.00514	0.00444	0.00974	0.12110	0.01489	0.19802	0.16588	0.40964	0.01114	0.00553	0.00162	0.00260	0.00956	0.00461	0.00454
11	0.00621	0.00438	0.00560	0.00610	0.00651	0.00414	0.00406	0.00719	0.00958	0.01304	0.20923	0.46371	0.03126	0.19489	0.00989	0.00240	0.00302	0.01079	0.00424	0.00376
12	0.01128	0.01080	0.01829	0.06647	0.73382	0.01086	0.01395	0.01403	0.01067	0.01513	0.01048	0.01313	0.04085	0.00455	0.00471	0.00142	0.00550	0.00444	0.00241	0.00721
13	0.00985	0.03255	0.01523	0.01702	0.28971	0.00852	0.15084	0.01205	0.01031	0.05454	0.01603	0.30410	0.01665	0.00828	0.00533	0.00163	0.00487	0.03332	0.00330	0.00586
14	0.00562	0.00469	0.00490	0.00503	0.00644	0.00397	0.00370	0.00679	0.01059	0.01279	0.06251	0.14492	0.68738	0.01225	0.00563	0.00163	0.00243	0.01036	0.00440	0.00397
15	0.00611	0.00479	0.00555	0.00551	0.00682	0.00423	0.00416	0.00774	0.01169	0.01519	0.34140	0.07968	0.43078	0.01123	0.00564	0.00159	0.00244	0.04661	0.00469	0.00417
16	0.01071	0.21850	0.58770	0.01194	0.01806	0.01263	0.01473	0.01508	0.01002	0.04774	0.00844	0.00964	0.00623	0.00443	0.00414	0.00138	0.00638	0.00331	0.00216	0.00679
17	0.02067	0.00880	0.01142	0.00876	0.01242	0.00809	0.00724	0.13807	0.01480	0.69122	0.01751	0.01534	0.01112	0.00581	0.00474	0.00145	0.00419	0.00467	0.00567	0.00802
18	0.00645	0.00493	0.00607	0.00667	0.00782	0.00455	0.00534	0.00802	0.01062	0.01343	0.06724	0.17679	0.33641	0.01274	0.00602	0.00187	0.00321	0.31330	0.00440	0.00412
19	0.01146	0.01108	0.01917	0.08200	0.71972	0.01118	0.04726	0.01433	0.01066	0.01517	0.00886	0.01177	0.00738	0.00423	0.00471	0.00142	0.00575	0.00426	0.00232	0.00727
20	0.01187	0.64596	0.20939	0.00933	0.01406	0.01684	0.01027	0.01431	0.00967	0.01200	0.00700	0.00813	0.00603	0.00414	0.00337	0.00112	0.00550	0.00275	0.00201	0.00627
21	0.00574	0.00410	0.00547	0.00657	0.00684	0.00383	0.00438	0.00657	0.00903	0.01204	0.02599	0.83122	0.03119	0.01477	0.00602	0.00191	0.00274	0.01340	0.00438	0.00383
22	0.00637	0.00481	0.00589	0.00562	0.00686	0.00432	0.00421	0.00832	0.01264	0.01723	0.59697	0.03799	0.25096	0.01027	0.00556	0.00151	0.00227	0.00891	0.00497	0.00432
23	0.01332	0.01222	0.04781	0.05100	0.01582	0.06189	0.12234	0.28354	0.20006	0.02102	0.06661	0.02928	0.01265	0.00613	0.00497	0.00152	0.00531	0.03363	0.00402	0.00686
24	0.01149	0.54952	0.30256	0.00997	0.01504	0.01593	0.01138	0.01441	0.00971	0.01245	0.00723	0.00841	0.00602	0.00419	0.00354	0.00118	0.00572	0.00286	0.00201	0.00638
25	0.32024	0.00807	0.00891	0.00724	0.01039	0.00799	0.00594	0.01863	0.01122	0.45533	0.01403	0.01322	0.00938	0.00529	0.00396	0.00143	0.00371	0.00393	0.08444	0.00665
26	0.01743	0.02139	0.01303	0.01179	0.01425	0.75984	0.00887	0.01867	0.01330	0.04464	0.00885	0.00981	0.02789	0.00509	0.00431	0.00124	0.00815	0.00329	0.00262	0.00553
27	0.00592	0.00464	0.00515	0.00537	0.00644	0.00411	0.00382	0.00698	0.01005	0.01256	0.08857	0.19220	0.47091	0.12730	0.00826	0.00208	0.00281	0.03476	0.00422	0.00384
28	0.01167	0.59619	0.25748	0.00966	0.01456	0.01637	0.01084	0.01436	0.00969	0.01223	0.00712	0.00827	0.00603	0.00417	0.00346	0.00115	0.00561	0.00281	0.00201	0.00632
29	0.00839	0.00447	0.00472	0.00466	0.00572	0.00441	0.00345	0.01050	0.01029	0.01743	0.13576	0.02083	0.01725	0.04053	0.00450	0.00130	0.00230	0.00513	0.69403	0.00434
30	0.01512	0.01251	0.01281	0.01102	0.03998	0.06903	0.00853	0.39242	0.34267	0.02382	0.01423	0.01374	0.01051	0.00586	0.00472	0.00148	0.00483	0.00461	0.00451	0.00759
31	0.04009	0.06960	0.42086	0.01701	0.24123	0.06746	0.01459	0.01541	0.04338	0.01501	0.00876	0.01044	0.00673	0.00448	0.00439	0.00142	0.00632	0.00364	0.00227	0.00691
32	0.01427	0.08728	0.22205	0.04564	0.01625	0.07612	0.01099	0.29547	0.10865	0.06124	0.01104	0.01146	0.00804	0.00521	0.00448	0.00142	0.00571	0.00396	0.00355	0.00719
33	0.64822	0.05248	0.17422	0.00779	0.01160	0.01105	0.00780	0.01409	0.00850	0.01938	0.00696	0.00813	0.00533	0.00438	0.00325	0.00144	0.00440	0.00274	0.00268	0.00554
34	0.00592	0.00454	0.00546	0.00601	0.00693	0.00408	0.00436	0.00712	0.01021	0.01306	0.09985	0.39538	0.32819	0.01310	0.00585	0.00178	0.00270	0.07706	0.00444	0.00398
35	0.01780	0.01159	0.01390	0.01080	0.01434	0.06644	0.07829	0.30740	0.07568	0.31044	0.01400	0.01343	0.00958	0.00564	0.00507	0.00146	0.02734	0.00454	0.00469	0.00758
36	0.00612	0.00463	0.00573	0.00637	0.00728	0.00424	0.00477	0.00742	0.01023	0.01315	0.08789	0.37480	0.27378	0.01317	0.00594	0.00183	0.00291	0.16128	0.00443	0.00402
37	0.01113	0.01272	0.02782	0.01987	0.02464	0.01192	0.78776	0.01510	0.01113	0.01510	0.00954	0.01272	0.00715	0.00397	0.00556	0.00159	0.00795	0.00556	0.00238	0.00636
38	0.01907	0.00996	0.01188	0.00917	0.01272	0.00998	0.00756	0.34070	0.01688	0.43736	0.01538	0.01417	0.01018	0.00574	0.00464	0.00142	0.00439	0.00451	0.05646	0.00780
39	0.00760	0.00543	0.00760	0.00868	0.00977	0.00543	0.00760	0.00977	0.01085	0.01411	0.02496	0.05319	0.02714	0.01303	0.00651	0.00217	0.00434	0.77315	0.00434	0.00434
40	0.01261	0.83713	0.02471	0.00807	0.01210	0.01866	0.00807	0.01412	0.00958	0.01109	0.00656	0.00756	0.00605	0.00403	0.00303	0.00101	0.00504	0.00252	0.00202	0.00605
41	0.25885	0.01195	0.01239	0.00976	0.01327	0.04236	0.04045	0.44555	0.01666	0.08970	0.01034	0.01062	0.00738	0.00521	0.00423	0.00143	0.00489	0.00382	0.00412	0.00703
42	0.01835	0.01253	0.01373	0.01053	0.01428	0.01362	0.00870	0.68919	0.02104	0.13129	0.01227	0.01194	0.00850	0.00568	0.00472	0.00142	0.00503	0.00431	0.00486	0.00802
43	0.01032	0.01032	0.01444	0.01238	0.01238	0.01444	0.01032	0.01135	0.00722	0.01135	0.00619	0.01032	0.00619	0.00825	0.01547	0.00206	0.82567	0.00413	0.00206	0.00516
44	0.00667	0.00482	0.00630	0.00593	0.00704	0.00445	0.00445	0.00890	0.01335	0.01891	0.80239	0.03522	0.04449	0.00964	0.00556	0.00148	0.00222	0.00853	0.00519	0.00445
45	0.01807	0.01254	0.01368	0.01054	0.01426	0.01369	0.00869	0.67972	0.04752	0.11419	0.01238	0.01205	0.00863	0.00570	0.00472	0.00143	0.00501	0.00434	0.00484	0.00800
46	0.00574	0.00410	0.00547	0.00657	0.00684	0.00383	0.00438	0.00657	0.00903	0.01204	0.02599	0.83122	0.03119	0.01477	0.00602	0.00191	0.00274	0.01340	0.00438	0.00383
47	0.00713	0.00471	0.00571	0.00546	0.00660	0.00440	0.00410	0.00927	0.01229	0.01813	0.54973	0.03148	0.09028	0.00876	0.00499	0.00139	0.00223	0.00758	0.22134	0.00440
48	0.01748	0.07641	0.01371	0.00980	0.01337	0.01196	0.02140	0.39148	0.07281	0.26639	0.01377	0.01325	0.00958	0.00684	0.03827	0.00167	0.00507	0.00439	0.00472	0.00764
49	0.00604	0.00436	0.00572	0.00631	0.00689	0.00404	0.00438	0.00734	0.01049	0.01431	0.28102	0.54762	0.05792	0.01301	0.00586	0.00176	0.00256	0.01171	0.00464	0.00404
50	0.01036	0.00835	0.01005	0.08999	0.01267	0.07510	0.03944	0.10310	0.03621	0.06966	0.10826	0.28542	0.02141	0.00960	0.00574	0.00169	0.03088	0.07276	0.00407	0.00526
51	0.00580	0.00418	0.00551	0.00656	0.00692	0.00389	0.00445	0.00668	0.00916	0.01214	0.02688	0.77189	0.06387	0.01459	0.00602	0.00191	0.00277	0.03855	0.00438	0.00385
52	0.01085	0.00968	0.01438	0.50093	0.02531	0.03694	0.05733	0.11388	0.01126	0.03763	0.00965	0.04612	0.00776	0.00549	0.00560	0.00157	0.06941	0.00460	0.00268	0.02892
53	0.01821	0.01052	0.01303	0.01176	0.10269	0.03029	0.00860	0.25956	0.05013	0.39567	0.01457	0.01377	0.00986	0.00568	0.00507	0.00146	0.03201	0.00449	0.00484	0.00778
54	0.10962	0.21821	0.33548	0.01055	0.01544	0.06216	0.01152	0.07278	0.04362	0.06664	0.00902	0.00983	0.00677	0.00464	0.00398	0.00135	0.00576	0.00333	0.00269	0.00661
55	0.62863	0.00835	0.00739	0.00664	0.00931	0.00925	0.00541	0.01425	0.00894	0.12482	0.01048	0.04044	0.00892	0.04042	0.00441	0.00166	0.00375	0.05818	0.00345	0.00530
56	0.00682	0.00456	0.00515	0.00519	0.00520	0.00455	0.00291	0.00685	0.00693	0.00924	0.01522	0.05673	0.01760	0.80780	0.02342	0.00449	0.00451	0.00707	0.00291	0.00289
57	0.04864	0.26553	0.32696	0.01111	0.01615	0.04770	0.04483	0.10952	0.01166	0.06413	0.00877	0.00973	0.00661	0.00456	0.00406	0.00133	0.00596	0.00339	0.00264	0.00672
58	0.01090	0.01095	0.01473	0.01246	0.01301	0.05493	0.04775	0.04449	0.00837	0.01229	0.00690	0.01073	0.00655	0.00891	0.04799	0.00220	0.67511	0.00418	0.00223	0.00531
59	0.00678	0.00487	0.00668	0.00668	0.00721	0.00541	0.00477	0.00784	0.00731	0.01028	0.01345	0.02307	0.01376	0.33022	0.52346	0.00647	0.00966	0.00572	0.00265	0.00371
60	0.00890	0.00838	0.01414	0.82296	0.03247	0.01048	0.01309	0.01205	0.00943	0.01205	0.00838	0.01257	0.00629	0.00471	0.00471	0.00157	0.00629	0.00419	0.00210	0.00524
61	0.00897	0.00457	0.00459	0.00452	0.00568	0.00460	0.00341	0.02650	0.01013	0.01782	0.01530	0.01745	0.01200	0.00550	0.00332	0.00110	0.00226	0.00439	0.84341	0.00447
62	0.01261	0.83713	0.02471	0.00807	0.01210	0.01866	0.00807	0.01412	0.00958	0.01109	0.00656	0.00756	0.00605	0.00403	0.00303	0.00101	0.00504	0.00252	0.00202	0.00605
63	0.00947	0.00892	0.01484	0.66046	0.16036	0.01064	0.01311	0.01293	0.03892	0.01289	0.00886	0.01261	0.00678	0.00469	0.00471	0.00154	0.00608	0.00423	0.00224	0.00569
64	0.01641	0.01546	0.04544	0.01067	0.02941	0.34013	0.00846	0.10939	0.04830	0.17914	0.01088	0.01112	0.00799	0.00498	0.00433	0.00124	0.00605	0.00364	0.00354	0.14341
65	0.00710	0.00611	0.00671	0.00650	0.00787	0.04622	0.02971	0.04030	0.01102	0.01376	0.11458	0.24793	0.38600	0.04653	0.00637	0.00177	0.00316	0.00985	0.00425	0.00426
66	0.01674	0.01275	0.01410	0.01095	0.01461	0.03944	0.04640	0.58016	0.10976	0.05989	0.01222	0.01217	0.00877	0.00557	0.00471	0.00142	0.00516	0.00437	0.00452	0.03629
67	0.00588	0.00420	0.00562	0.00672	0.00705	0.00394	0.00461	0.00679	0.00916	0.01218	0.02591	0.77584	0.03090	0.01465	0.00605	0.00193	0.00285	0.06748	0.00437	0.00387
68	0.86760	0.00912	0.00693	0.00620	0.00912	0.01058	0.00511	0.01386	0.00802	0.02115	0.00657	0.00766	0.00511	0.00438	0.00292	0.00146	0.00365	0.00255	0.00292	0.00511
69	0.00618	0.00457	0.00541	0.00559	0.00636	0.00419	0.00382	0.00725	0.01004	0.01322	0.21778	0.23704	0.24098	0.20452	0.00999	0.00234	0.00295	0.00975	0.00422	0.00379
70	0.01538	0.01813	0.01794	0.01542	0.07369	0.46298	0.23030	0.08220	0.01328	0.01435	0.00838	0.01016	0.00664	0.00463	0.00469	0.00135	0.00786	0.00394	0.00260	0.00608
71	0.01171	0.00893	0.00997	0.00902	0.01127	0.00981	0.00703	0.19202	0.34281	0.04886	0.01947	0.21884	0.01789	0.00874	0.00520	0.00167	0.00387	0.06170	0.00468	0.00649
72	0.08199	0.00947	0.04982	0.00880	0.01250	0.00817	0.03220	0.08575	0.04083	0.43184	0.01501	0.04794	0.01062	0.00562	0.00448	0.00137	0.00421	0.00458	0.00465	0.14015
73	0.01775	0.01840	0.01371	0.01158	0.01460	0.46357	0.00905	0.35726	0.01723	0.01953	0.00906	0.00974	0.00693	0.00521	0.00446	0.00130	0.00705	0.00357	0.00343	0.00659
74	0.00633	0.00453	0.00584	0.00667	0.00718	0.00432	0.00479	0.00735	0.00922	0.01209	0.02569	0.46423	0.08954	0.14685	0.00900	0.00238	0.00337	0.18270	0.00412	0.00380
75	0.13623	0.01095	0.01202	0.00941	0.01297	0.01163	0.00775	0.41628	0.05521	0.26014	0.01321	0.01253	0.00901	0.00557	0.00448	0.00144	0.00455	0.00421	0.00481	0.00759
76	0.01167	0.01120	0.01914	0.02894	0.80488	0.01120	0.01447	0.01447	0.01074	0.01540	0.00887	0.01167	0.00747	0.00420	0.00467	0.00140	0.00560	0.00420	0.00233	0.00747
77	0.00566	0.00478	0.00490	0.00487	0.00642	0.00402	0.00365	0.00693	0.01095	0.01322	0.10717	0.04458	0.74327	0.01176	0.00557	0.00158	0.00238	0.00984	0.00444	0.00402
78	0.00590	0.00420	0.00555	0.00658	0.00688	0.00395	0.00444	0.00674	0.00899	0.01196	0.02527	0.74561	0.03015	0.06368	0.00712	0.00209	0.00292	0.04989	0.00428	0.00380
79	0.01167	0.01120	0.01914	0.02894	0.80488	0.01120	0.01447	0.01447	0.01074	0.01540	0.00887	0.01167	0.00747	0.00420	0.00467	0.00140	0.00560	0.00420	0.00233	0.00747
80	0.00860	0.00456	0.00491	0.00508	0.00618	0.00456	0.00398	0.01079	0.01004	0.01703	0.01691	0.02326	0.01449	0.00669	0.00381	0.00127	0.00254	0.12699	0.72394	0.00439
81	0.01776	0.00916	0.01124	0.00902	0.01222	0.00903	0.00738	0.26973	0.01571	0.42816	0.01735	0.09800	0.01335	0.00710	0.00497	0.00153	0.00429	0.05138	0.00524	0.00738
82	0.59959	0.11021	0.01034	0.00753	0.01054	0.13499	0.00624	0.04724	0.00962	0.01884	0.00687	0.00793	0.00549	0.00446	0.00321	0.00137	0.00462	0.00269	0.00281	0.00540
83	0.04524	0.01932	0.01405	0.01460	0.14921	0.59603	0.00978	0.04636	0.01295	0.01332	0.00772	0.00916	0.00638	0.00472	0.00427	0.00125	0.00756	0.00326	0.00253	0.03230
84	0.01220	0.60818	0.12932	0.00921	0.01333	0.04402	0.00941	0.01508	0.06711	0.01227	0.00775	0.00875	0.00666	0.00445	0.00386	0.00116	0.03586	0.00293	0.00223	0.00623
85	0.01261	0.83713	0.02471	0.00807	0.01210	0.01866	0.00807	0.01412	0.00958	0.01109	0.00656	0.00756	0.00605	0.00403	0.00303	0.00101	0.00504	0.00252	0.00202	0.00605
86	0.01528	0.00856	0.01028	0.00849	0.01137	0.00857	0.00684	0.16115	0.15187	0.33044	0.13056	0.04098	0.05551	0.00719	0.00499	0.00152	0.00383	0.03038	0.00520	0.00700
87	0.00604	0.00457	0.00558	0.00579	0.00678	0.00411	0.00417	0.00750	0.01116	0.01483	0.32428	0.29704	0.26702	0.01200	0.00571	0.00166	0.00244	0.01054	0.00468	0.00411
88	0.01288	0.01042	0.01110	0.00950	0.01233	0.01174	0.00752	0.23989	0.49187	0.02217	0.06516	0.01822	0.05266	0.00665	0.00486	0.00154	0.00399	0.00544	0.00478	0.00727
89	0.00586	0.00417	0.00552	0.00656	0.00684	0.00392	0.00440	0.00668	0.00897	0.01195	0.02539	0.76632	0.03034	0.05664	0.00695	0.00206	0.00288	0.03646	0.00430	0.00380
90	0.01319	0.01162	0.01769	0.03844	0.56659	0.01202	0.02168	0.21666	0.01366	0.01901	0.00957	0.01182	0.00769	0.01377	0.00491	0.00144	0.00552	0.00426	0.00296	0.00751
91	0.02055	0.00800	0.01074	0.00828	0.01182	0.00701	0.00683	0.04145	0.01356	0.75525	0.01828	0.01600	0.01160	0.00582	0.00468	0.00144	0.00396	0.00471	0.04214	0.00787
92	0.00986	0.06950	0.64013	0.01394	0.05224	0.01120	0.07098	0.01469	0.01006	0.02334	0.00914	0.03752	0.00703	0.00476	0.00453	0.00148	0.00670	0.00395	0.00216	0.00680
93	0.01247	0.80258	0.05809	0.00830	0.01245	0.01833	0.00847	0.01415	0.00960	0.01126	0.00664	0.00767	0.00605	0.00405	0.00309	0.00103	0.00512	0.00256	0.00202	0.00609
94	0.04908	0.11875	0.33984	0.01148	0.01617	0.19046	0.01200	0.09011	0.07448	0.04141	0.00934	0.01018	0.00702	0.00481	0.00424	0.00137	0.00641	0.00349	0.00274	0.00662

[dist]
# distance from previous block
# <min> <max>
0	1

[block]
# block no. 1 follows, 54 sequences, length 11
# corresponding to MSA columns:
# 1046-1056
name=unknown_B
#
# <colnr> <probs for GDERKNQSTAVLIFYWHMCP>
#	G	D	E	R	K	N	Q	S	T	A	V	L	I	F	Y	W	H	M	C	P
0	0.52686	0.00882	0.00832	0.00688	0.01014	0.00918	0.00562	0.01567	0.03792	0.17068	0.00964	0.00999	0.00702	0.00458	0.00343	0.00133	0.00369	0.00311	0.00352	0.15357
1	0.01212	0.71192	0.14567	0.00890	0.01338	0.01747	0.00951	0.01424	0.00964	0.01168	0.00685	0.00793	0.00604	0.00410	0.00325	0.00108	0.00534	0.00267	0.00201	0.00619
2	0.01338	0.01035	0.01041	0.00947	0.04222	0.14322	0.00708	0.10905	0.12146	0.16249	0.26744	0.02050	0.02106	0.00785	0.03129	0.00164	0.00463	0.00568	0.00454	0.00622
3	0.00573	0.00416	0.00542	0.00642	0.00680	0.00384	0.00431	0.00658	0.00917	0.01209	0.02774	0.76802	0.09325	0.01454	0.00598	0.00189	0.00271	0.01313	0.00438	0.00384
4	0.07338	0.01483	0.01187	0.01039	0.01319	0.30205	0.00807	0.12467	0.31667	0.05766	0.01295	0.01271	0.00976	0.00558	0.00446	0.00142	0.00566	0.00414	0.00386	0.00668
5	0.00598	0.00466	0.00548	0.00595	0.00702	0.00416	0.00443	0.00726	0.01040	0.01312	0.08919	0.29209	0.40434	0.01282	0.00584	0.00176	0.00275	0.11432	0.00443	0.00401
6	0.00762	0.00581	0.00789	0.00895	0.06282	0.00574	0.00667	0.01042	0.06275	0.01572	0.25072	0.10713	0.06915	0.01110	0.00591	0.00183	0.00354	0.34702	0.00449	0.00473
7	0.00679	0.00454	0.00516	0.00523	0.00525	0.00453	0.00295	0.00684	0.00699	0.00932	0.01555	0.08046	0.01801	0.78350	0.02288	0.00441	0.00446	0.00726	0.00295	0.00292
8	0.00946	0.02439	0.80987	0.01344	0.02041	0.01095	0.01742	0.01493	0.00995	0.01493	0.00846	0.00995	0.00597	0.00448	0.00448	0.00149	0.00697	0.00348	0.00199	0.00697
9	0.09392	0.01173	0.01197	0.00949	0.01290	0.09550	0.00773	0.35183	0.01660	0.28771	0.01308	0.01253	0.00894	0.00551	0.00446	0.00140	0.00489	0.00414	0.03830	0.00735
10	0.06918	0.03921	0.13204	0.01072	0.08041	0.00946	0.00895	0.06787	0.10716	0.21030	0.01225	0.01233	0.00883	0.00484	0.00423	0.00128	0.00452	0.00387	0.00373	0.20881

[dist]
# distance from previous block
# <min> <max>
0	1

[block]
# block no. 2 follows, 54 sequences, length 7
# corresponding to MSA columns:
# 1058-1064
name=unknown_C
#
# <colnr> <probs for GDERKNQSTAVLIFYWHMCP>
#	G	D	E	R	K	N	Q	S	T	A	V	L	I	F	Y	W	H	M	C	P
0	0.25309	0.01187	0.01729	0.01449	0.08943	0.06098	0.29890	0.08527	0.06285	0.04763	0.00963	0.01126	0.00726	0.00454	0.00450	0.00149	0.00589	0.00427	0.00303	0.00634
1	0.01265	0.48527	0.15969	0.01082	0.05481	0.01553	0.04000	0.06993	0.05111	0.04791	0.00862	0.00953	0.00696	0.00443	0.00374	0.00121	0.00542	0.00325	0.00254	0.00659
2	0.00948	0.00834	0.01241	0.56894	0.02548	0.01011	0.01091	0.01466	0.17385	0.01422	0.01136	0.01413	0.00857	0.00515	0.00459	0.00153	0.00533	0.00445	0.09088	0.00562
3	0.00632	0.00516	0.00563	0.00545	0.00697	0.00465	0.00410	0.00865	0.06566	0.01503	0.26773	0.04047	0.52556	0.01088	0.00552	0.00156	0.00243	0.00921	0.00465	0.00436
4	0.01823	0.01148	0.01372	0.01199	0.09508	0.01202	0.00893	0.48504	0.01845	0.25633	0.01320	0.01274	0.00903	0.00556	0.00472	0.00143	0.00489	0.00439	0.00480	0.00796
5	0.01202	0.68642	0.17030	0.00906	0.01364	0.01723	0.00980	0.01427	0.00965	0.01181	0.00691	0.00801	0.00604	0.00412	0.00330	0.00110	0.00540	0.00270	0.00201	0.00622
6	0.00686	0.00457	0.00514	0.00514	0.00514	0.00457	0.00286	0.00686	0.00686	0.00914	0.01486	0.03086	0.01714	0.83430	0.02400	0.00457	0.00457	0.00686	0.00286	0.00286

[dist]
# distance from previous block
# <min> <max>
0	46

[block]
# block no. 3 follows, 54 sequences, length 72
# corresponding to MSA columns:
# 1111-1182
name=unknown_D
#
# <colnr> <probs for GDERKNQSTAVLIFYWHMCP>
#	G	D	E	R	K	N	Q	S	T	A	V	L	I	F	Y	W	H	M	C	P
0	0.09303	0.16783	0.44330	0.01130	0.01676	0.01299	0.01298	0.15906	0.01198	0.01759	0.00847	0.00956	0.00629	0.00461	0.00411	0.00139	0.00597	0.00336	0.00259	0.00682
1	0.00595	0.00424	0.00566	0.00672	0.00705	0.00400	0.00462	0.00687	0.00913	0.01214	0.02555	0.73578	0.03039	0.03963	0.00661	0.00202	0.00294	0.08255	0.00433	0.00385
2	0.01196	0.01176	0.01885	0.02812	0.76607	0.05070	0.01421	0.01468	0.01087	0.01521	0.00879	0.01151	0.00740	0.00423	0.00465	0.00139	0.00574	0.00414	0.00234	0.00737
3	0.00574	0.00410	0.00547	0.00657	0.00684	0.00383	0.00438	0.00657	0.00903	0.01204	0.02599	0.83122	0.03119	0.01477	0.00602	0.00191	0.00274	0.01340	0.00438	0.00383
4	0.00736	0.00535	0.00727	0.00823	0.00937	0.00526	0.00713	0.00942	0.01084	0.01395	0.02764	0.05227	0.11811	0.01290	0.00640	0.00210	0.00411	0.68366	0.00435	0.00430
5	0.01235	0.68436	0.10257	0.00865	0.01282	0.01681	0.00895	0.01431	0.00982	0.04042	0.00809	0.01035	0.00728	0.00459	0.00341	0.00113	0.00516	0.04055	0.00227	0.00613
6	0.00560	0.00466	0.00490	0.00509	0.00645	0.00395	0.00372	0.00673	0.01044	0.01261	0.04393	0.18376	0.66706	0.01244	0.00565	0.00165	0.00245	0.01056	0.00438	0.00395
7	0.01174	0.61424	0.24004	0.00954	0.01438	0.01654	0.01063	0.01434	0.00968	0.01215	0.00708	0.00822	0.00603	0.00416	0.00342	0.00114	0.00557	0.00279	0.00201	0.00630
8	0.05951	0.01198	0.01340	0.01049	0.01405	0.06624	0.05395	0.38464	0.08882	0.22826	0.01332	0.01283	0.00922	0.00556	0.00466	0.00144	0.00506	0.00439	0.00463	0.00756
9	0.00971	0.09087	0.74564	0.01300	0.01973	0.01158	0.01666	0.01487	0.00992	0.01462	0.00831	0.00976	0.00598	0.00444	0.00436	0.00145	0.00681	0.00341	0.00199	0.00689
10	0.01087	0.01105	0.01785	0.01418	0.01567	0.01366	0.21362	0.04838	0.00898	0.01325	0.00734	0.01098	0.00654	0.00693	0.01219	0.00189	0.56015	0.00449	0.00228	0.01971
11	0.00574	0.00410	0.00547	0.00657	0.00684	0.00383	0.00438	0.00657	0.00903	0.01204	0.02599	0.83122	0.03119	0.01477	0.00602	0.00191	0.00274	0.01340	0.00438	0.00383
12	0.68983	0.00987	0.03926	0.00703	0.01019	0.01055	0.00602	0.05317	0.04226	0.08311	0.00835	0.00900	0.00619	0.00464	0.00329	0.00146	0.00389	0.00296	0.00328	0.00565
13	0.00557	0.00478	0.00478	0.00478	0.00637	0.00398	0.00358	0.00677	0.01075	0.01274	0.04776	0.04538	0.80297	0.01194	0.00557	0.00159	0.00239	0.00995	0.00438	0.00398
14	0.00978	0.00838	0.00978	0.00698	0.01117	0.00629	0.00559	0.01187	0.00978	0.01536	0.00838	0.00978	0.00698	0.00349	0.00349	0.00070	0.00349	0.00279	0.00279	0.86312
15	0.15054	0.37280	0.17777	0.01038	0.04796	0.04731	0.02201	0.09550	0.01095	0.01570	0.00761	0.00875	0.00617	0.00439	0.00364	0.00126	0.00543	0.00304	0.00248	0.00633
16	0.01171	0.01225	0.13309	0.01077	0.01423	0.01125	0.05949	0.02243	0.57006	0.05730	0.01704	0.01684	0.01280	0.00607	0.00483	0.00159	0.00452	0.02221	0.00426	0.00727
17	0.01002	0.06182	0.61262	0.01271	0.01894	0.03990	0.05314	0.01469	0.01010	0.01468	0.00837	0.00990	0.00615	0.00433	0.00434	0.00137	0.00658	0.00344	0.00212	0.10477
18	0.00742	0.00515	0.00759	0.00749	0.00846	0.00588	0.00584	0.00913	0.00792	0.04461	0.01299	0.01838	0.01179	0.03295	0.74976	0.00707	0.01186	0.00501	0.03632	0.00438
19	0.01126	0.01075	0.01537	0.01754	0.30892	0.09711	0.11745	0.02853	0.05064	0.04018	0.21609	0.01890	0.01779	0.00603	0.00503	0.00146	0.00519	0.02210	0.00341	0.00627
20	0.01541	0.00744	0.00896	0.00742	0.01008	0.00724	0.00595	0.06432	0.12762	0.38323	0.03724	0.01696	0.01282	0.00590	0.00432	0.00137	0.00344	0.00479	0.26878	0.00673
21	0.01169	0.01020	0.01154	0.01078	0.05895	0.03004	0.03583	0.08248	0.54994	0.01954	0.07678	0.01886	0.04919	0.00657	0.00489	0.00155	0.00405	0.00557	0.00451	0.00705
22	0.00664	0.00487	0.00581	0.00558	0.00692	0.00432	0.00418	0.00840	0.01217	0.04000	0.45413	0.06983	0.33868	0.01062	0.00556	0.00154	0.00236	0.00916	0.00486	0.00435
23	0.01085	0.01053	0.03756	0.39849	0.09960	0.01139	0.14406	0.09369	0.11595	0.01578	0.01037	0.01298	0.00779	0.00485	0.00486	0.00154	0.00607	0.00456	0.00279	0.00627
24	0.00734	0.00531	0.00726	0.00825	0.00934	0.00523	0.00711	0.00937	0.01077	0.01390	0.02704	0.08509	0.09633	0.01300	0.00641	0.00211	0.00410	0.67341	0.00435	0.00429
25	0.01177	0.01001	0.01092	0.02496	0.01247	0.04567	0.00659	0.16963	0.01245	0.01802	0.00893	0.01009	0.00714	0.00402	0.00380	0.00089	0.00413	0.00313	0.00315	0.63224
26	0.01896	0.01154	0.01312	0.01006	0.01379	0.01215	0.00831	0.54327	0.01939	0.27953	0.01366	0.01284	0.00919	0.00572	0.00472	0.00143	0.00481	0.00440	0.00508	0.00802
27	0.33766	0.09321	0.01185	0.04891	0.03642	0.07545	0.00740	0.13071	0.06793	0.13414	0.01013	0.01055	0.00745	0.00494	0.00384	0.00140	0.00465	0.00348	0.00355	0.00633
28	0.00957	0.05375	0.78151	0.01324	0.02011	0.01123	0.01708	0.01490	0.00994	0.01479	0.00839	0.00987	0.00598	0.00446	0.00443	0.00148	0.00690	0.00345	0.00199	0.00694
29	0.00686	0.00457	0.00514	0.00514	0.00514	0.00457	0.00286	0.00686	0.00686	0.00914	0.01486	0.03086	0.01714	0.83430	0.02400	0.00457	0.00457	0.00686	0.00286	0.00286
30	0.01145	0.01220	0.02597	0.06698	0.05382	0.01160	0.67958	0.01524	0.01112	0.04905	0.00984	0.01281	0.00731	0.00411	0.00545	0.00158	0.00759	0.00540	0.00251	0.00641
31	0.00890	0.00838	0.01414	0.82296	0.03247	0.01048	0.01309	0.01205	0.00943	0.01205	0.00838	0.01257	0.00629	0.00471	0.00471	0.00157	0.00629	0.00419	0.00210	0.00524
32	0.00559	0.00471	0.00484	0.00495	0.00641	0.00397	0.00366	0.00675	0.01058	0.01267	0.04566	0.12136	0.72834	0.01221	0.00562	0.00162	0.00242	0.01028	0.00438	0.00397
33	0.00708	0.00468	0.00511	0.00507	0.00635	0.00430	0.00385	0.00891	0.01103	0.01596	0.20742	0.03332	0.30964	0.00912	0.00479	0.00141	0.00237	0.04045	0.31490	0.00425
34	0.00973	0.00843	0.01382	0.74452	0.03051	0.01031	0.01252	0.01318	0.03918	0.05918	0.00939	0.01296	0.00691	0.00484	0.00472	0.00157	0.00606	0.00427	0.00242	0.00549
35	0.01261	0.83713	0.02471	0.00807	0.01210	0.01866	0.00807	0.01412	0.00958	0.01109	0.00656	0.00756	0.00605	0.00403	0.00303	0.00101	0.00504	0.00252	0.00202	0.00605
36	0.00596	0.00428	0.00571	0.00677	0.00718	0.00403	0.00474	0.00696	0.00930	0.01231	0.02653	0.71358	0.05426	0.01448	0.00606	0.00194	0.00292	0.10475	0.00437	0.00390
37	0.05950	0.01206	0.02174	0.01602	0.01994	0.01231	0.47848	0.13946	0.04884	0.04984	0.01016	0.01235	0.00761	0.00486	0.00615	0.00159	0.08451	0.00501	0.00301	0.00656
38	0.00827	0.00653	0.00766	0.00708	0.00871	0.00679	0.00540	0.01405	0.26639	0.01897	0.52474	0.02985	0.05935	0.00867	0.00531	0.00152	0.00272	0.00754	0.00504	0.00541
39	0.00633	0.00462	0.00594	0.00678	0.00746	0.00436	0.00504	0.00752	0.00963	0.01250	0.02813	0.42898	0.14637	0.07912	0.00752	0.00215	0.00328	0.22612	0.00425	0.00392
40	0.86760	0.00912	0.00693	0.00620	0.00912	0.01058	0.00511	0.01386	0.00802	0.02115	0.00657	0.00766	0.00511	0.00438	0.00292	0.00146	0.00365	0.00255	0.00292	0.00511
41	0.01239	0.78260	0.07739	0.00843	0.01266	0.01814	0.00870	0.01417	0.00961	0.01135	0.00668	0.00772	0.00605	0.00406	0.00312	0.00104	0.00517	0.00259	0.00202	0.00611
42	0.01249	0.01032	0.01095	0.00966	0.01245	0.01183	0.00757	0.08699	0.71211	0.04213	0.01854	0.01704	0.01380	0.00632	0.00479	0.00158	0.00386	0.00523	0.00482	0.00752
43	0.00864	0.00440	0.00448	0.00450	0.00558	0.00438	0.00336	0.01081	0.00998	0.01748	0.04117	0.03889	0.01362	0.00586	0.00344	0.00113	0.00221	0.00476	0.81092	0.00438
44	0.04063	0.01016	0.01190	0.01085	0.05926	0.01119	0.04058	0.11476	0.48972	0.08420	0.03081	0.01725	0.04491	0.00624	0.00479	0.00155	0.00414	0.00525	0.00455	0.00726
45	0.00557	0.00478	0.00478	0.00478	0.00637	0.00398	0.00358	0.00677	0.01075	0.01274	0.04776	0.04538	0.80297	0.01194	0.00557	0.00159	0.00239	0.00995	0.00438	0.00398
46	0.10039	0.01110	0.01254	0.01054	0.05202	0.01183	0.00820	0.40656	0.09504	0.22348	0.01336	0.01280	0.00926	0.00558	0.00455	0.00145	0.00462	0.00431	0.00472	0.00765
47	0.00874	0.00497	0.00599	0.00556	0.00694	0.00464	0.00423	0.01087	0.01201	0.09308	0.41181	0.02764	0.06714	0.00792	0.00468	0.00135	0.00239	0.00677	0.30850	0.00475
48	0.19903	0.04759	0.08406	0.00941	0.01277	0.02982	0.00818	0.15254	0.36881	0.02077	0.01331	0.01302	0.00997	0.00552	0.00426	0.00149	0.00442	0.00420	0.00395	0.00690
49	0.01167	0.01120	0.01914	0.02894	0.80488	0.01120	0.01447	0.01447	0.01074	0.01540	0.00887	0.01167	0.00747	0.00420	0.00467	0.00140	0.00560	0.00420	0.00233	0.00747
50	0.01063	0.14961	0.64095	0.01231	0.01863	0.01191	0.01535	0.01528	0.01010	0.06101	0.00876	0.00994	0.00632	0.00449	0.00427	0.00142	0.00650	0.00341	0.00222	0.00689
51	0.86760	0.00912	0.00693	0.00620	0.00912	0.01058	0.00511	0.01386	0.00802	0.02115	0.00657	0.00766	0.00511	0.00438	0.00292	0.00146	0.00365	0.00255	0.00292	0.00511
52	0.00643	0.00481	0.00596	0.00568	0.00689	0.00435	0.00426	0.00843	0.01277	0.01754	0.63521	0.03747	0.21253	0.01015	0.00556	0.00151	0.00226	0.00884	0.00501	0.00435
53	0.01086	0.01075	0.01646	0.38634	0.39821	0.06969	0.01346	0.01369	0.01034	0.01361	0.00853	0.01185	0.00683	0.00448	0.00466	0.00146	0.00612	0.00411	0.00223	0.00631
54	0.00686	0.00457	0.00514	0.00514	0.00514	0.00457	0.00286	0.00686	0.00686	0.00914	0.01486	0.03086	0.01714	0.83430	0.02400	0.00457	0.00457	0.00686	0.00286	0.00286
55	0.08125	0.01235	0.01319	0.01025	0.01389	0.01358	0.00844	0.63410	0.05896	0.08873	0.01192	0.01172	0.00840	0.00561	0.00459	0.00143	0.00491	0.00421	0.00467	0.00777
56	0.00702	0.00508	0.00654	0.00608	0.00728	0.00476	0.00459	0.03271	0.01362	0.01924	0.77825	0.03449	0.04338	0.00952	0.00554	0.00148	0.00231	0.00840	0.00518	0.00456
57	0.01473	0.01484	0.15378	0.01133	0.01529	0.05520	0.02998	0.39665	0.19062	0.03208	0.01227	0.01239	0.00895	0.00559	0.00493	0.00148	0.02406	0.00433	0.00403	0.00747
58	0.86760	0.00912	0.00693	0.00620	0.00912	0.01058	0.00511	0.01386	0.00802	0.02115	0.00657	0.00766	0.00511	0.00438	0.00292	0.00146	0.00365	0.00255	0.00292	0.00511
59	0.01355	0.72425	0.02301	0.00833	0.01226	0.04937	0.00805	0.03615	0.01035	0.06733	0.00756	0.00830	0.00650	0.00424	0.00324	0.00106	0.00511	0.00274	0.00237	0.00622
60	0.00593	0.00435	0.00558	0.00632	0.00693	0.00401	0.00442	0.00706	0.00995	0.01318	0.13761	0.57865	0.13861	0.01359	0.00591	0.00182	0.00269	0.04493	0.00449	0.00396
61	0.86760	0.00912	0.00693	0.00620	0.00912	0.01058	0.00511	0.01386	0.00802	0.02115	0.00657	0.00766	0.00511	0.00438	0.00292	0.00146	0.00365	0.00255	0.00292	0.00511
62	0.01560	0.01184	0.01353	0.01406	0.18188	0.13282	0.02755	0.05638	0.23006	0.24471	0.01442	0.01410	0.01040	0.00544	0.00469	0.00145	0.00510	0.00453	0.00415	0.00732
63	0.81779	0.00905	0.00717	0.00633	0.00929	0.01036	0.00521	0.01440	0.00835	0.06746	0.00727	0.00815	0.00549	0.00446	0.00303	0.00146	0.00367	0.00268	0.00309	0.00528
64	0.01741	0.02101	0.01344	0.01197	0.01450	0.69768	0.00910	0.10444	0.02433	0.01366	0.00787	0.00898	0.00640	0.00504	0.00457	0.00126	0.02664	0.00323	0.00271	0.00577
65	0.00589	0.00479	0.00522	0.00511	0.00656	0.00412	0.00383	0.00738	0.01150	0.01452	0.26594	0.04244	0.58369	0.01128	0.00557	0.00156	0.00234	0.00954	0.00461	0.00412
66	0.00953	0.00760	0.00848	0.00840	0.01004	0.03203	0.00643	0.01600	0.34606	0.04460	0.04727	0.28329	0.02236	0.01014	0.00546	0.00177	0.00361	0.12669	0.00457	0.00568
67	0.00611	0.00449	0.00574	0.00633	0.00699	0.00420	0.00440	0.00762	0.03106	0.01393	0.21119	0.54890	0.10535	0.01308	0.00584	0.00177	0.00261	0.01172	0.00458	0.00409
68	0.01015	0.00966	0.01634	0.45639	0.37134	0.01088	0.01364	0.01310	0.00995	0.01351	0.00855	0.01213	0.00680	0.00457	0.00493	0.00151	0.02395	0.00419	0.00220	0.00622
69	0.01557	0.01522	0.01586	0.01247	0.01601	0.30926	0.18013	0.12779	0.01364	0.11497	0.00993	0.01096	0.00742	0.00471	0.00456	0.00128	0.00664	0.00395	0.00322	0.12640
70	0.06672	0.04031	0.01314	0.01124	0.01389	0.52614	0.00869	0.12865	0.09657	0.01554	0.00903	0.00984	0.00717	0.00518	0.00457	0.00132	0.02953	0.00344	0.00301	0.00603
71	0.03761	0.10288	0.09097	0.00954	0.01318	0.06022	0.00845	0.07950	0.26301	0.23331	0.01453	0.01374	0.01040	0.00549	0.00442	0.00141	0.00466	0.00429	0.00423	0.03818

[dist]
# distance from previous block
# <min> <max>
0	5

[block]
# block no. 4 follows, 54 sequences, length 54
# corresponding to MSA columns:
# 1188-1241
name=unknown_E
#
# <colnr> <probs for GDERKNQSTAVLIFYWHMCP>
#	G	D	E	R	K	N	Q	S	T	A	V	L	I	F	Y	W	H	M	C	P
0	0.01161	0.13801	0.11306	0.03419	0.56925	0.02535	0.01374	0.01451	0.01049	0.01459	0.00844	0.01081	0.00704	0.00423	0.00439	0.00135	0.00573	0.00384	0.00224	0.00713
1	0.15598	0.10845	0.54650	0.01129	0.01710	0.01147	0.01369	0.01450	0.00958	0.01560	0.00793	0.00930	0.00589	0.00436	0.00401	0.00139	0.00601	0.00319	0.00219	0.05158
2	0.05936	0.18325	0.30891	0.01331	0.11993	0.06482	0.01229	0.12275	0.01190	0.03919	0.00872	0.00993	0.00666	0.00459	0.00414	0.00135	0.00593	0.00346	0.01271	0.00680
3	0.01258	0.51647	0.12367	0.01037	0.05666	0.08356	0.00959	0.06808	0.01086	0.01321	0.00834	0.05176	0.00758	0.00485	0.00368	0.00119	0.00550	0.00347	0.00238	0.00622
4	0.05958	0.06066	0.03151	0.31727	0.11918	0.01064	0.04911	0.07573	0.01157	0.20309	0.01094	0.01256	0.00780	0.00489	0.00455	0.00147	0.00545	0.00419	0.00327	0.00653
5	0.00694	0.00510	0.00653	0.00612	0.00732	0.00483	0.00461	0.00975	0.05453	0.01895	0.76121	0.03429	0.04291	0.00947	0.00552	0.00149	0.00230	0.00836	0.00517	0.00461
6	0.00874	0.00977	0.09989	0.01053	0.10593	0.05177	0.00796	0.01244	0.11991	0.01499	0.13147	0.06973	0.25169	0.00868	0.00575	0.00158	0.04834	0.03160	0.00380	0.00543
7	0.00567	0.00478	0.00491	0.00488	0.00643	0.00402	0.00366	0.00696	0.01098	0.01328	0.11458	0.04448	0.73582	0.01174	0.00557	0.00158	0.00237	0.00982	0.00445	0.00402
8	0.01119	0.19597	0.21529	0.01154	0.01556	0.02774	0.09512	0.01753	0.24992	0.01529	0.02554	0.01252	0.00940	0.00532	0.00528	0.00147	0.07153	0.00420	0.00297	0.00663
9	0.00735	0.00527	0.00728	0.00826	0.00930	0.00521	0.00706	0.00939	0.01085	0.01417	0.06822	0.11206	0.05039	0.01294	0.00640	0.00210	0.00405	0.65102	0.00439	0.00430
10	0.00998	0.10522	0.59392	0.05793	0.06877	0.01178	0.05930	0.01467	0.01000	0.01442	0.00835	0.01011	0.00616	0.00440	0.00442	0.00145	0.00671	0.00358	0.00204	0.00678
11	0.00965	0.04732	0.73884	0.01368	0.02043	0.01123	0.06460	0.01492	0.01002	0.01483	0.00847	0.01006	0.00605	0.00444	0.00450	0.00149	0.00697	0.00358	0.00202	0.00690
12	0.01020	0.00794	0.00946	0.00696	0.01076	0.00612	0.00555	0.01229	0.01044	0.06993	0.10088	0.01315	0.01164	0.00436	0.00382	0.00084	0.00338	0.00359	0.00328	0.70543
13	0.00698	0.00491	0.00627	0.00587	0.00712	0.00447	0.00442	0.00908	0.01305	0.04194	0.69157	0.03582	0.13119	0.00979	0.00554	0.00149	0.00230	0.00858	0.00512	0.00450
14	0.01010	0.06253	0.66068	0.01268	0.01894	0.01152	0.01562	0.03795	0.09683	0.01569	0.00963	0.01072	0.00696	0.00470	0.00445	0.00148	0.00647	0.00366	0.00238	0.00701
15	0.00637	0.00510	0.00806	0.00810	0.00890	0.00477	0.09495	0.00755	0.00927	0.01239	0.02409	0.73659	0.02841	0.01352	0.00597	0.00188	0.00334	0.01250	0.00415	0.00412
16	0.01341	0.01324	0.01292	0.10081	0.09982	0.19904	0.00936	0.09761	0.36701	0.01752	0.01335	0.01367	0.01020	0.00555	0.00464	0.00147	0.00547	0.00444	0.00368	0.00681
17	0.00686	0.00457	0.00514	0.00514	0.00514	0.00457	0.00286	0.00686	0.00686	0.00914	0.01486	0.03086	0.01714	0.83430	0.02400	0.00457	0.00457	0.00686	0.00286	0.00286
18	0.02115	0.00802	0.01094	0.00839	0.01204	0.00693	0.00693	0.02298	0.01350	0.80815	0.01860	0.01605	0.01167	0.00584	0.00474	0.00146	0.00401	0.00474	0.00584	0.00802
19	0.00574	0.00410	0.00547	0.00657	0.00684	0.00383	0.00438	0.00657	0.00903	0.01204	0.02599	0.83122	0.03119	0.01477	0.00602	0.00191	0.00274	0.01340	0.00438	0.00383
20	0.00890	0.00838	0.01414	0.82296	0.03247	0.01048	0.01309	0.01205	0.00943	0.01205	0.00838	0.01257	0.00629	0.00471	0.00471	0.00157	0.00629	0.00419	0.00210	0.00524
21	0.00674	0.00505	0.00758	0.00758	0.00842	0.00589	0.00589	0.00842	0.00758	0.01095	0.01263	0.01852	0.01179	0.03536	0.81561	0.00758	0.01263	0.00505	0.00253	0.00421
22	0.00574	0.00410	0.00547	0.00657	0.00684	0.00383	0.00438	0.00657	0.00903	0.01204	0.02599	0.83122	0.03119	0.01477	0.00602	0.00191	0.00274	0.01340	0.00438	0.00383
23	0.09661	0.01878	0.01278	0.01119	0.01395	0.54671	0.00861	0.16461	0.03680	0.03509	0.00859	0.00940	0.00672	0.00503	0.00424	0.00129	0.00718	0.00333	0.00306	0.00603
24	0.00701	0.00488	0.00630	0.00687	0.00738	0.00489	0.00511	0.00807	0.00877	0.01159	0.02018	0.14005	0.02261	0.35909	0.05805	0.00344	0.00469	0.31375	0.00362	0.00365
25	0.00686	0.00457	0.00514	0.00514	0.00514	0.00457	0.00286	0.00686	0.00686	0.00914	0.01486	0.03086	0.01714	0.83430	0.02400	0.00457	0.00457	0.00686	0.00286	0.00286
26	0.01497	0.00940	0.01076	0.00918	0.01218	0.01008	0.00728	0.02434	0.52708	0.29092	0.01899	0.01706	0.01346	0.00620	0.00478	0.00155	0.00383	0.00513	0.00515	0.00766
27	0.01158	0.01111	0.01898	0.05376	0.78074	0.01118	0.01443	0.01439	0.01070	0.01530	0.00885	0.01170	0.00743	0.00422	0.00467	0.00141	0.00562	0.00420	0.00233	0.00740
28	0.02115	0.00802	0.01094	0.00839	0.01204	0.00693	0.00693	0.02298	0.01350	0.80815	0.01860	0.01605	0.01167	0.00584	0.00474	0.00146	0.00401	0.00474	0.00584	0.00802
29	0.01207	0.01030	0.01086	0.00967	0.01239	0.01189	0.00755	0.06779	0.75306	0.02028	0.01875	0.01724	0.01404	0.00636	0.00479	0.00159	0.00381	0.00527	0.00479	0.00749
30	0.05649	0.00968	0.01037	0.00770	0.01168	0.04547	0.00618	0.11061	0.01148	0.03159	0.00879	0.00991	0.00706	0.00392	0.00367	0.00087	0.00396	0.00301	0.00308	0.65449
31	0.00574	0.00410	0.00547	0.00657	0.00684	0.00383	0.00438	0.00657	0.00903	0.01204	0.02599	0.83122	0.03119	0.01477	0.00602	0.00191	0.00274	0.01340	0.00438	0.00383
32	0.22944	0.01118	0.01148	0.00908	0.01248	0.01228	0.00748	0.47685	0.01710	0.10276	0.01108	0.01123	0.00788	0.00535	0.00419	0.00141	0.00452	0.00388	0.05325	0.00709
33	0.07534	0.05920	0.22184	0.00983	0.01438	0.07643	0.00974	0.12362	0.01220	0.12089	0.00983	0.01048	0.00721	0.00457	0.00408	0.00122	0.00522	0.00342	0.00319	0.22731
34	0.01247	0.01122	0.01302	0.11541	0.01606	0.06971	0.06740	0.15506	0.37541	0.01910	0.03884	0.01593	0.03411	0.00606	0.00513	0.00154	0.02768	0.00504	0.00401	0.00679
35	0.00743	0.00499	0.00655	0.00606	0.00731	0.00458	0.00458	0.00964	0.01335	0.06041	0.76117	0.03421	0.04276	0.00944	0.00552	0.00148	0.00232	0.00833	0.00522	0.00464
36	0.01133	0.01051	0.05507	0.01206	0.13185	0.03529	0.00857	0.08107	0.33680	0.04078	0.11615	0.01995	0.08617	0.00678	0.00516	0.00153	0.02440	0.00566	0.00416	0.00669
37	0.00569	0.00431	0.00526	0.00603	0.00670	0.00388	0.00414	0.00663	0.00955	0.01225	0.03256	0.59395	0.26421	0.01392	0.00588	0.00182	0.00263	0.01236	0.00438	0.00388
38	0.01672	0.01270	0.01352	0.01063	0.01406	0.02782	0.00871	0.64181	0.11071	0.02731	0.01207	0.01210	0.00875	0.00582	0.00507	0.00145	0.03443	0.00435	0.02424	0.00772
39	0.00733	0.00524	0.00729	0.00838	0.00935	0.00520	0.00713	0.00931	0.01059	0.01381	0.02511	0.16526	0.02772	0.01328	0.00644	0.00213	0.00411	0.66371	0.00435	0.00427
40	0.01701	0.01284	0.01348	0.01062	0.01417	0.03724	0.00867	0.62270	0.14610	0.04916	0.01267	0.01238	0.00909	0.00576	0.00472	0.00144	0.00502	0.00440	0.00469	0.00786
41	0.01066	0.00939	0.01078	0.05262	0.05598	0.05664	0.00674	0.01279	0.01014	0.03880	0.00865	0.01014	0.00706	0.00375	0.00371	0.00084	0.00408	0.00302	0.00280	0.69141
42	0.25477	0.44948	0.16704	0.00855	0.01281	0.01492	0.00898	0.01420	0.00921	0.01467	0.00692	0.00804	0.00577	0.00421	0.00327	0.00123	0.00501	0.00271	0.00227	0.00595
43	0.00706	0.00569	0.00647	0.00636	0.00763	0.04107	0.00493	0.00900	0.01241	0.01651	0.48597	0.03888	0.20837	0.01043	0.00564	0.00160	0.00285	0.12000	0.00476	0.00438
44	0.00978	0.00838	0.00978	0.00698	0.01117	0.00629	0.00559	0.01187	0.00978	0.01536	0.00838	0.00978	0.00698	0.00349	0.00349	0.00070	0.00349	0.00279	0.00279	0.86312
45	0.00619	0.00469	0.00571	0.00570	0.00681	0.00421	0.00418	0.00788	0.01185	0.01593	0.44949	0.17265	0.26514	0.01118	0.00564	0.00159	0.00236	0.00977	0.00481	0.00421
46	0.00723	0.00554	0.00778	0.00870	0.09935	0.00522	0.00569	0.00944	0.01274	0.01799	0.64662	0.07654	0.03900	0.00939	0.00551	0.00152	0.00270	0.02949	0.00479	0.00476
47	0.00651	0.00481	0.00607	0.00576	0.00694	0.00438	0.00432	0.00857	0.01295	0.01797	0.68711	0.03677	0.16036	0.00999	0.00556	0.00150	0.00225	0.00874	0.00507	0.00438
48	0.01102	0.09130	0.65492	0.01242	0.01878	0.01116	0.01547	0.01576	0.01032	0.10252	0.00942	0.01043	0.00661	0.00459	0.00439	0.00145	0.00648	0.00354	0.00242	0.00701
49	0.00674	0.00505	0.00758	0.00758	0.00842	0.00589	0.00589	0.00842	0.00758	0.01095	0.01263	0.01852	0.01179	0.03536	0.81561	0.00758	0.01263	0.00505	0.00253	0.00421
50	0.08547	0.01024	0.06050	0.01050	0.09720	0.02915	0.00795	0.03502	0.03389	0.21792	0.01118	0.01166	0.00820	0.00462	0.00441	0.00118	0.02996	0.00362	0.00355	0.33377
51	0.00577	0.00482	0.00505	0.00508	0.00661	0.00410	0.00387	0.00710	0.01096	0.01330	0.10606	0.04500	0.70068	0.01182	0.00562	0.00162	0.00248	0.05159	0.00444	0.00404
