[name]
unknown

[dist]
# distance from previous block
# <min> <max>
5	35

[block]
# block no. 0 follows, 50 sequences, length 22
# corresponding to MSA columns:
# 42-63
name=unknown_A
#
# <colnr> <probs for GDERKNQSTAVLIFYWHMCP>
#	G	D	E	R	K	N	Q	S	T	A	V	L	I	F	Y	W	H	M	C	P
0	0.01424	0.01099	0.04899	0.01177	0.01542	0.01025	0.16770	0.21233	0.03930	0.15529	0.16357	0.02007	0.01735	0.00666	0.00536	0.00156	0.00518	0.03999	0.00453	0.04944
1	0.27655	0.01340	0.06034	0.01223	0.02578	0.13077	0.18609	0.04676	0.01168	0.09692	0.01074	0.01390	0.00853	0.00538	0.00460	0.00156	0.00606	0.05296	0.00329	0.03244
2	0.01199	0.11601	0.13525	0.01163	0.01613	0.06269	0.13315	0.02680	0.03479	0.03692	0.00932	0.01098	0.00741	0.00459	0.00503	0.00124	0.05261	0.00376	0.00277	0.31694
3	0.01510	0.28373	0.09807	0.01140	0.01592	0.02910	0.08287	0.29940	0.01547	0.04084	0.00977	0.01064	0.00749	0.00498	0.00437	0.00133	0.00582	0.00384	0.00339	0.05648
4	0.01199	0.03562	0.03784	0.03538	0.03773	0.13015	0.30480	0.01496	0.01176	0.01558	0.06761	0.01341	0.01021	0.00469	0.00490	0.00132	0.00648	0.00466	0.00284	0.24805
5	0.00684	0.00510	0.00690	0.06720	0.00964	0.00500	0.00571	0.00837	0.01073	0.01429	0.16607	0.40589	0.09061	0.05126	0.00711	0.00206	0.00339	0.12498	0.00452	0.00433
6	0.01041	0.04548	0.05419	0.01193	0.08833	0.06754	0.05813	0.01374	0.08922	0.03640	0.01705	0.05312	0.01682	0.12829	0.07884	0.00278	0.00615	0.21245	0.00356	0.00556
7	0.01282	0.00663	0.00912	0.00854	0.01054	0.00618	0.01975	0.01487	0.02548	0.28841	0.07028	0.13620	0.02327	0.07149	0.00743	0.00212	0.00418	0.27178	0.00506	0.00587
8	0.02162	0.00865	0.01155	0.00896	0.01274	0.00771	0.00737	0.02446	0.07188	0.73913	0.01971	0.01709	0.01255	0.00621	0.00502	0.00155	0.00422	0.00506	0.00609	0.00844
9	0.01152	0.01087	0.01848	0.02639	0.62618	0.01084	0.04835	0.01453	0.02517	0.01598	0.01226	0.07589	0.01147	0.00602	0.00524	0.00160	0.00567	0.06342	0.00284	0.00730
10	0.00973	0.00722	0.00901	0.00809	0.01018	0.00721	0.03943	0.01491	0.21073	0.08278	0.28742	0.03334	0.18515	0.00948	0.00568	0.00168	0.00338	0.06369	0.00507	0.00581
11	0.01081	0.02310	0.59761	0.01556	0.02219	0.05276	0.17623	0.01604	0.01097	0.01564	0.00912	0.01105	0.00658	0.00464	0.00496	0.00158	0.00767	0.00412	0.00222	0.00715
12	0.01127	0.00627	0.00840	0.00827	0.01017	0.00583	0.00696	0.01335	0.01245	0.21257	0.11040	0.04323	0.12285	0.01132	0.00618	0.00195	0.00400	0.39391	0.00509	0.00554
13	0.01255	0.11421	0.36903	0.07677	0.10863	0.01213	0.08713	0.02805	0.01134	0.11875	0.01032	0.01180	0.00748	0.00482	0.00475	0.00152	0.00656	0.00410	0.00278	0.00727
14	0.06035	0.00834	0.00964	0.00901	0.01121	0.00876	0.00756	0.24395	0.01513	0.02058	0.08047	0.03754	0.11422	0.01046	0.00589	0.00188	0.00441	0.34011	0.00469	0.00578
15	0.00788	0.00534	0.00772	0.00796	0.00892	0.00574	0.00615	0.00952	0.00915	0.05772	0.01851	0.20511	0.01908	0.02775	0.48009	0.00558	0.00938	0.10022	0.00355	0.00461
16	0.01646	0.01281	0.01248	0.01056	0.01377	0.12549	0.00835	0.17618	0.37757	0.16650	0.01670	0.01558	0.01206	0.00626	0.00496	0.00157	0.00503	0.00494	0.00490	0.00782
17	0.01304	0.79046	0.02524	0.00843	0.01255	0.01904	0.00836	0.01467	0.01031	0.01210	0.04255	0.00932	0.00824	0.00453	0.00332	0.00109	0.00520	0.00295	0.00228	0.00632
18	0.00634	0.00447	0.00583	0.00681	0.00709	0.00424	0.00453	0.00713	0.00928	0.01236	0.02565	0.66928	0.03054	0.13783	0.00926	0.00246	0.00326	0.04535	0.00438	0.00392
19	0.00755	0.00556	0.00763	0.00694	0.00757	0.00551	0.06131	0.00836	0.00869	0.01185	0.13227	0.03081	0.02123	0.57530	0.08538	0.00437	0.00543	0.00726	0.00333	0.00367
20	0.01478	0.02093	0.19523	0.01313	0.01695	0.42677	0.07015	0.01889	0.10388	0.01473	0.04995	0.01227	0.00961	0.00542	0.00480	0.00144	0.00763	0.00411	0.00290	0.00641
21	0.01071	0.01018	0.01729	0.46656	0.37050	0.01141	0.01449	0.01387	0.01058	0.01431	0.00909	0.01287	0.00720	0.00474	0.00496	0.00158	0.00632	0.00443	0.00233	0.00658

[dist]
# distance from previous block
# <min> <max>
0	5

[block]
# block no. 1 follows, 50 sequences, length 12
# corresponding to MSA columns:
# 69-80
name=unknown_B
#
# <colnr> <probs for GDERKNQSTAVLIFYWHMCP>
#	G	D	E	R	K	N	Q	S	T	A	V	L	I	F	Y	W	H	M	C	P
0	0.00709	0.00519	0.00685	0.00770	0.00869	0.00496	0.00618	0.00884	0.01115	0.01453	0.09584	0.26566	0.14354	0.01381	0.00651	0.00207	0.00362	0.37870	0.00468	0.00439
1	0.05091	0.01076	0.01219	0.00982	0.01316	0.01136	0.00809	0.39590	0.05418	0.20369	0.05977	0.01880	0.01367	0.00691	0.00507	0.00158	0.00467	0.06969	0.04218	0.00761
2	0.08146	0.10272	0.10747	0.17409	0.08618	0.01287	0.05482	0.16710	0.06229	0.08789	0.01091	0.01230	0.00805	0.00517	0.00466	0.00152	0.00579	0.00423	0.00338	0.00709
3	0.01113	0.00846	0.03023	0.00897	0.01132	0.00830	0.03971	0.10899	0.16715	0.08677	0.27743	0.09213	0.05266	0.00905	0.00562	0.00168	0.00382	0.06535	0.00502	0.00620
4	0.00929	0.00465	0.00465	0.00465	0.00581	0.00465	0.00348	0.01161	0.01045	0.01858	0.01626	0.01858	0.01278	0.00581	0.00348	0.00116	0.00232	0.00465	0.85250	0.00465
5	0.00803	0.00630	0.00899	0.00794	0.00853	0.00669	0.08282	0.00871	0.00781	0.01068	0.01410	0.02758	0.01551	0.59967	0.08946	0.00454	0.07934	0.00668	0.00286	0.00374
6	0.01326	0.04521	0.09795	0.07085	0.28361	0.01176	0.12731	0.08233	0.01244	0.10870	0.03098	0.03389	0.00969	0.00543	0.00560	0.00157	0.04404	0.00494	0.00318	0.00728
7	0.01234	0.01184	0.02023	0.03059	0.79373	0.01184	0.01530	0.01530	0.01135	0.01628	0.00938	0.01234	0.00790	0.00444	0.00493	0.00148	0.00592	0.00444	0.00247	0.00790
8	0.00929	0.00465	0.00465	0.00465	0.00581	0.00465	0.00348	0.01161	0.01045	0.01858	0.01626	0.01858	0.01278	0.00581	0.00348	0.00116	0.00232	0.00465	0.85250	0.00465
9	0.01199	0.00978	0.01167	0.08508	0.14700	0.10867	0.02288	0.01447	0.03701	0.13560	0.15379	0.05322	0.17233	0.00793	0.00532	0.00157	0.00471	0.00678	0.00414	0.00606
10	0.05977	0.00853	0.01001	0.00842	0.01086	0.00885	0.00654	0.16963	0.08791	0.22324	0.06895	0.02048	0.01502	0.17463	0.10208	0.00296	0.00549	0.00561	0.00457	0.00643
11	0.01215	0.01218	0.01662	0.31835	0.33779	0.12180	0.01328	0.04453	0.01181	0.01514	0.04251	0.01328	0.00892	0.00505	0.00493	0.00152	0.00645	0.00446	0.00261	0.00661

[dist]
# distance from previous block
# <min> <max>
0	1

[block]
# block no. 2 follows, 50 sequences, length 38
# corresponding to MSA columns:
# 82-119
name=unknown_C
#
# <colnr> <probs for GDERKNQSTAVLIFYWHMCP>
#	G	D	E	R	K	N	Q	S	T	A	V	L	I	F	Y	W	H	M	C	P
0	0.00935	0.00755	0.00992	0.00902	0.00990	0.00903	0.00705	0.09084	0.01014	0.01433	0.07978	0.02254	0.03248	0.16584	0.26311	0.00436	0.21110	0.03554	0.00322	0.00489
1	0.03923	0.03246	0.01695	0.10312	0.28953	0.21429	0.04010	0.02789	0.03817	0.03768	0.00916	0.01157	0.00749	0.00535	0.00617	0.00154	0.10579	0.00414	0.00268	0.00668
2	0.01238	0.35255	0.33220	0.01155	0.01680	0.06487	0.02962	0.06061	0.01143	0.01479	0.00906	0.01167	0.00755	0.00505	0.00423	0.00138	0.00642	0.03861	0.00244	0.00679
3	0.30701	0.05877	0.01109	0.00823	0.01183	0.04731	0.00677	0.06998	0.05659	0.21233	0.01158	0.01159	0.00835	0.00506	0.00399	0.00137	0.00437	0.00363	0.00399	0.15615
4	0.01256	0.40195	0.16291	0.01279	0.01769	0.01592	0.19573	0.05156	0.05717	0.01493	0.00908	0.01058	0.00728	0.00456	0.00431	0.00136	0.00636	0.00389	0.00253	0.00683
5	0.00607	0.00434	0.00578	0.00694	0.00723	0.00405	0.00463	0.00694	0.00954	0.01272	0.02747	0.82157	0.03297	0.01562	0.00636	0.00202	0.00289	0.01417	0.00463	0.00405
6	0.01639	0.02123	0.14744	0.01312	0.01669	0.46050	0.04080	0.13216	0.03469	0.01604	0.00891	0.01022	0.00699	0.00539	0.00529	0.00144	0.04958	0.00371	0.00290	0.00653
7	0.00670	0.00491	0.00629	0.00631	0.00732	0.00450	0.00459	0.00859	0.01273	0.01759	0.53351	0.22807	0.11686	0.01174	0.00600	0.00169	0.00250	0.01041	0.00519	0.00450
8	0.86003	0.00964	0.00733	0.00655	0.00964	0.01118	0.00540	0.01465	0.00848	0.02236	0.00694	0.00810	0.00540	0.00463	0.00308	0.00154	0.00386	0.00270	0.00308	0.00540
9	0.01000	0.02578	0.79900	0.01421	0.02157	0.01158	0.01842	0.01579	0.01052	0.01579	0.00895	0.01052	0.00631	0.00474	0.00474	0.00158	0.00737	0.00368	0.00210	0.00737
10	0.00865	0.00701	0.01156	0.01113	0.01292	0.00687	0.13461	0.01126	0.01152	0.01509	0.02370	0.04917	0.02520	0.01219	0.00672	0.00219	0.00522	0.63580	0.00425	0.00494
11	0.01776	0.01290	0.01394	0.01101	0.01474	0.01427	0.00899	0.56654	0.18680	0.07889	0.01426	0.01372	0.01018	0.00616	0.00501	0.00154	0.00507	0.00477	0.00508	0.00835
12	0.00929	0.00465	0.00465	0.00465	0.00581	0.00465	0.00348	0.01161	0.01045	0.01858	0.01626	0.01858	0.01278	0.00581	0.00348	0.00116	0.00232	0.00465	0.85250	0.00465
13	0.00805	0.00617	0.00682	0.00640	0.00824	0.00586	0.00488	0.01178	0.14179	0.05259	0.24165	0.03875	0.42695	0.01069	0.00571	0.00165	0.00280	0.00905	0.00500	0.00515
14	0.01333	0.82783	0.02612	0.00853	0.01279	0.01972	0.00853	0.01493	0.01013	0.01173	0.00693	0.00800	0.00640	0.00426	0.00320	0.00107	0.00533	0.00267	0.00213	0.00640
15	0.00941	0.00886	0.01495	0.81285	0.03433	0.01107	0.01384	0.01274	0.00997	0.01274	0.00886	0.01329	0.00664	0.00498	0.00498	0.00166	0.00664	0.00443	0.00221	0.00554
16	0.00929	0.00465	0.00465	0.00465	0.00581	0.00465	0.00348	0.01161	0.01045	0.01858	0.01626	0.01858	0.01278	0.00581	0.00348	0.00116	0.00232	0.00465	0.85250	0.00465
17	0.01171	0.00719	0.00888	0.00770	0.00984	0.00707	0.00601	0.07485	0.11578	0.17424	0.47689	0.02881	0.03300	0.00862	0.00553	0.00157	0.00318	0.00743	0.00553	0.00616
18	0.43808	0.00998	0.00960	0.00798	0.01096	0.01102	0.00642	0.17915	0.01210	0.08027	0.01001	0.01245	0.00810	0.09205	0.00656	0.00186	0.03633	0.00382	0.00368	0.05959
19	0.01234	0.01184	0.02023	0.03059	0.79373	0.01184	0.01530	0.01530	0.01135	0.01628	0.00938	0.01234	0.00790	0.00444	0.00493	0.00148	0.00592	0.00444	0.00247	0.00790
20	0.00713	0.00532	0.00792	0.00792	0.00877	0.00618	0.00611	0.00884	0.00798	0.01150	0.01344	0.02006	0.01267	0.06634	0.77640	0.00789	0.01304	0.00541	0.00268	0.00440
21	0.00797	0.00588	0.00738	0.00824	0.00903	0.03607	0.00653	0.00925	0.01030	0.01327	0.02339	0.24090	0.02611	0.06537	0.00916	0.09270	0.00432	0.41583	0.00416	0.00414
22	0.01114	0.04374	0.44511	0.01659	0.02283	0.01237	0.31353	0.04584	0.01151	0.01635	0.00945	0.01165	0.00689	0.00456	0.00515	0.00160	0.00764	0.00454	0.00238	0.00713
23	0.05951	0.00972	0.01191	0.00935	0.01307	0.00947	0.00767	0.15182	0.10406	0.54213	0.01784	0.01589	0.01169	0.00613	0.00493	0.00155	0.00440	0.00489	0.00570	0.00827
24	0.01017	0.01027	0.01837	0.01450	0.01657	0.01171	0.29213	0.01253	0.00923	0.01327	0.00984	0.01479	0.00880	0.04685	0.20064	0.00349	0.29351	0.00527	0.00246	0.00559
25	0.01220	0.01629	0.27391	0.01447	0.04688	0.01228	0.14786	0.18438	0.03733	0.01885	0.01188	0.07073	0.01006	0.00646	0.00635	0.00169	0.08600	0.03216	0.00320	0.00701
26	0.01155	0.01008	0.04781	0.10910	0.17036	0.01999	0.10377	0.09103	0.01248	0.08053	0.05558	0.18595	0.01661	0.00801	0.00552	0.00170	0.00533	0.05450	0.00373	0.00636
27	0.00671	0.00491	0.00630	0.00632	0.00733	0.00450	0.00460	0.00860	0.01275	0.01762	0.53744	0.22783	0.11308	0.01173	0.00600	0.00169	0.00250	0.01040	0.00520	0.00450
28	0.66691	0.01060	0.00999	0.00828	0.01164	0.01198	0.05460	0.14136	0.01117	0.02346	0.00797	0.00908	0.00605	0.00483	0.00358	0.00154	0.00441	0.00320	0.00336	0.00599
29	0.06156	0.09744	0.14318	0.02975	0.11705	0.00970	0.00952	0.04413	0.02440	0.09282	0.27705	0.02112	0.03832	0.00689	0.00496	0.00150	0.00450	0.00579	0.00397	0.00636
30	0.00943	0.00925	0.06126	0.01490	0.25899	0.00831	0.00931	0.01346	0.10680	0.01744	0.25402	0.02776	0.14335	0.00812	0.00545	0.00160	0.00411	0.03615	0.00409	0.00619
31	0.00716	0.00518	0.00684	0.00781	0.00854	0.00509	0.00596	0.00905	0.04074	0.01372	0.02648	0.42683	0.04462	0.06547	0.00770	0.00229	0.00371	0.30394	0.00453	0.00435
32	0.01450	0.01337	0.05242	0.01906	0.19270	0.09503	0.30971	0.01763	0.01223	0.17274	0.01168	0.01355	0.00862	0.00606	0.03627	0.00181	0.00722	0.00499	0.00324	0.00718
33	0.10166	0.01298	0.09864	0.23036	0.15885	0.04000	0.19703	0.03232	0.02832	0.03877	0.00965	0.01237	0.00731	0.00474	0.00495	0.00159	0.00665	0.00452	0.00267	0.00662
34	0.01079	0.00637	0.00905	0.00789	0.00976	0.00586	0.05114	0.01287	0.01290	0.18876	0.39211	0.03307	0.05058	0.09999	0.00796	0.00201	0.00364	0.08473	0.00507	0.00544
35	0.01269	0.02023	0.36820	0.01466	0.01993	0.17151	0.18778	0.01676	0.01198	0.06172	0.05887	0.01294	0.00954	0.00512	0.00504	0.00154	0.00743	0.00450	0.00275	0.00680
36	0.01236	0.06578	0.26668	0.01831	0.19610	0.05277	0.18531	0.01621	0.01137	0.06394	0.00977	0.01175	0.00740	0.00457	0.00489	0.00148	0.00682	0.00430	0.00261	0.05757
37	0.03236	0.07515	0.21660	0.01355	0.04019	0.04911	0.15095	0.15764	0.03546	0.08060	0.06056	0.01517	0.01109	0.00569	0.00502	0.00155	0.00625	0.03245	0.00348	0.00712

[dist]
# distance from previous block
# <min> <max>
0	24

# created by:
# /home/berkeley/.conda/envs/busco_data_prod/bin/msa2prfl.pl pipeline/OGs_align_augustus/33634/24722.fs
