[name]
unknown

[dist]
# distance from previous block
# <min> <max>
0	310

[block]
# block no. 0 follows, 49 sequences, length 48
# corresponding to MSA columns:
# 311-358
name=unknown_A
#
# <colnr> <probs for GDERKNQSTAVLIFYWHMCP>
#	G	D	E	R	K	N	Q	S	T	A	V	L	I	F	Y	W	H	M	C	P
0	0.00839	0.00619	0.00837	0.00893	0.01052	0.00588	0.00770	0.01071	0.01163	0.01557	0.06366	0.05015	0.02732	0.01249	0.00652	0.00209	0.00442	0.62278	0.00449	0.11218
1	0.01142	0.01090	0.01855	0.31806	0.51226	0.01173	0.01498	0.01456	0.01100	0.01519	0.00932	0.01287	0.00754	0.00471	0.00502	0.00157	0.00628	0.00450	0.00241	0.00713
2	0.01113	0.01056	0.01636	0.01308	0.01631	0.01099	0.25804	0.01954	0.37317	0.01842	0.07364	0.07711	0.06372	0.00725	0.00562	0.00173	0.00521	0.00696	0.00427	0.00688
3	0.00673	0.00515	0.00622	0.00662	0.00762	0.00481	0.00470	0.00886	0.05879	0.01521	0.19898	0.40838	0.22258	0.01334	0.00615	0.00185	0.00279	0.01178	0.00491	0.00453
4	0.00765	0.00591	0.00701	0.00768	0.00840	0.03012	0.00535	0.05475	0.04180	0.01433	0.02542	0.68033	0.02953	0.01545	0.03837	0.00223	0.00376	0.01272	0.00459	0.00461
5	0.10373	0.00989	0.01204	0.00932	0.01318	0.00955	0.00770	0.18115	0.01585	0.55848	0.01704	0.01526	0.01100	0.00607	0.00489	0.00155	0.00453	0.00474	0.00570	0.00830
6	0.01452	0.01201	0.01366	0.01136	0.01471	0.01351	0.05475	0.24866	0.50936	0.02404	0.01744	0.01655	0.01293	0.00647	0.00517	0.00166	0.00474	0.00539	0.00496	0.00811
7	0.01045	0.01025	0.01569	0.67687	0.11520	0.06013	0.01394	0.01365	0.01052	0.01327	0.00897	0.01311	0.00686	0.00501	0.00502	0.00164	0.00681	0.00442	0.00230	0.00589
8	0.01062	0.01020	0.02542	0.05757	0.01200	0.12430	0.00730	0.04560	0.12965	0.01413	0.01683	0.10597	0.05493	0.19043	0.10512	0.00318	0.07144	0.00659	0.00348	0.00526
9	0.00668	0.00508	0.00615	0.00603	0.00730	0.00455	0.00447	0.00857	0.01297	0.01745	0.47965	0.11771	0.28163	0.01166	0.00602	0.00167	0.00250	0.01014	0.00520	0.00455
10	0.01377	0.16227	0.25690	0.01259	0.04742	0.12109	0.03841	0.04870	0.09928	0.08356	0.02835	0.01233	0.00915	0.00523	0.00460	0.00144	0.00630	0.00406	0.00316	0.04138
11	0.00604	0.00513	0.00521	0.00519	0.00687	0.00430	0.00389	0.00738	0.01168	0.01402	0.09160	0.04807	0.74809	0.01267	0.00598	0.00170	0.00255	0.01059	0.00474	0.00430
12	0.01031	0.00881	0.01030	0.00747	0.01180	0.00664	0.00594	0.01251	0.01045	0.01634	0.00974	0.04261	0.00852	0.00423	0.00385	0.00080	0.00371	0.00345	0.00306	0.81946
13	0.01243	0.28293	0.46236	0.01209	0.01817	0.01434	0.01432	0.05256	0.01140	0.06255	0.00922	0.01031	0.00691	0.00480	0.00433	0.00143	0.00652	0.00352	0.00253	0.00728
14	0.52405	0.26831	0.01434	0.00880	0.05813	0.01406	0.00713	0.01517	0.00942	0.03293	0.00742	0.00861	0.00608	0.00459	0.00332	0.00141	0.00452	0.00288	0.00284	0.00601
15	0.00713	0.00515	0.00673	0.00638	0.00755	0.00475	0.00477	0.00947	0.01419	0.02007	0.76707	0.05936	0.04732	0.01049	0.00598	0.00160	0.00240	0.00929	0.00554	0.00475
16	0.01238	0.03461	0.20626	0.01835	0.26971	0.01256	0.02994	0.06523	0.26141	0.01871	0.01311	0.01402	0.01002	0.00543	0.00498	0.00159	0.00573	0.00470	0.00342	0.00785
17	0.00701	0.00503	0.00646	0.00634	0.00729	0.00468	0.00455	0.00890	0.01283	0.01794	0.57897	0.14907	0.05958	0.09905	0.00817	0.00202	0.00274	0.00973	0.00515	0.00448
18	0.01226	0.06343	0.19409	0.01088	0.01464	0.01150	0.02842	0.14073	0.15432	0.05685	0.13817	0.01813	0.02693	0.00867	0.05489	0.00201	0.04770	0.00540	0.00400	0.00697
19	0.00666	0.00483	0.00579	0.00612	0.00712	0.00438	0.00437	0.00818	0.01147	0.01556	0.22967	0.33172	0.24368	0.01268	0.00593	0.00176	0.00264	0.01112	0.08195	0.00438
20	0.01358	0.16896	0.09216	0.02202	0.45027	0.05582	0.01337	0.02970	0.01181	0.06986	0.02075	0.01200	0.00838	0.00477	0.00465	0.00143	0.00602	0.00413	0.00276	0.00756
21	0.36219	0.01111	0.01080	0.00880	0.01233	0.05965	0.00720	0.16406	0.01386	0.28537	0.01244	0.01207	0.00853	0.00552	0.00425	0.00154	0.00468	0.00391	0.00453	0.00716
22	0.00955	0.00899	0.01517	0.81013	0.03483	0.01123	0.01404	0.01292	0.01011	0.01292	0.00899	0.01348	0.00674	0.00506	0.00506	0.00169	0.00674	0.00449	0.00225	0.00562
23	0.01114	0.01078	0.04664	0.08389	0.34675	0.01096	0.01172	0.01622	0.16168	0.01734	0.12274	0.01802	0.02851	0.00634	0.00598	0.00162	0.06287	0.00547	0.02433	0.00701
24	0.00706	0.00517	0.00663	0.00626	0.00750	0.00473	0.00470	0.00936	0.01409	0.01975	0.72932	0.03864	0.10679	0.01053	0.00597	0.00160	0.00240	0.00927	0.00550	0.00473
25	0.01227	0.01044	0.01237	0.01292	0.13163	0.01152	0.00876	0.09052	0.47333	0.02102	0.10933	0.02070	0.04870	0.00708	0.00525	0.00165	0.00420	0.00603	0.00476	0.00753
26	0.00716	0.00517	0.00676	0.00636	0.00755	0.00477	0.00477	0.00954	0.01431	0.02028	0.78808	0.03777	0.04771	0.01034	0.00596	0.00159	0.00239	0.00914	0.00557	0.00477
27	0.01306	0.01365	0.10393	0.01530	0.17625	0.04398	0.01099	0.08167	0.44274	0.02009	0.01579	0.01569	0.01196	0.00601	0.00505	0.00163	0.00514	0.00505	0.00414	0.00791
28	0.85801	0.00978	0.00743	0.00665	0.00978	0.01134	0.00548	0.01486	0.00861	0.02269	0.00704	0.00821	0.00548	0.00469	0.00313	0.00156	0.00391	0.00274	0.00313	0.00548
29	0.01120	0.01006	0.01404	0.01583	0.28791	0.00861	0.00937	0.01372	0.01085	0.01649	0.00917	0.01120	0.00767	0.00401	0.00419	0.00102	0.00455	0.00353	0.00282	0.55374
30	0.00956	0.00894	0.01503	0.71907	0.08167	0.01092	0.01366	0.01278	0.01018	0.01315	0.00999	0.05487	0.00820	0.00558	0.00512	0.00169	0.00650	0.00500	0.00239	0.00569
31	0.85801	0.00978	0.00743	0.00665	0.00978	0.01134	0.00548	0.01486	0.00861	0.02269	0.00704	0.00821	0.00548	0.00469	0.00313	0.00156	0.00391	0.00274	0.00313	0.00548
32	0.01305	0.01514	0.20627	0.01352	0.09546	0.01255	0.01157	0.17394	0.32016	0.02154	0.05323	0.01577	0.01267	0.00612	0.00507	0.00162	0.00530	0.00504	0.00414	0.00783
33	0.00616	0.00453	0.00579	0.00675	0.00727	0.00415	0.00458	0.00715	0.01008	0.01323	0.05374	0.68627	0.14128	0.01525	0.00637	0.00199	0.00286	0.01369	0.00472	0.00415
34	0.01294	0.01378	0.14793	0.06064	0.01635	0.03138	0.04103	0.20339	0.24220	0.02169	0.11397	0.01737	0.01515	0.00651	0.00530	0.00162	0.01580	0.00537	0.02027	0.00730
35	0.00977	0.00930	0.01599	0.74602	0.06498	0.01133	0.04552	0.01316	0.01024	0.01320	0.00906	0.01345	0.00683	0.00500	0.00509	0.00168	0.00679	0.00456	0.00227	0.00576
36	0.01557	0.48775	0.05238	0.00985	0.01406	0.06465	0.00921	0.17615	0.03774	0.07558	0.00963	0.01014	0.00766	0.00499	0.00397	0.00126	0.00562	0.00344	0.00320	0.00714
37	0.00735	0.00492	0.00562	0.00562	0.00566	0.00496	0.00320	0.00742	0.00738	0.00988	0.01584	0.03256	0.01815	0.79060	0.05711	0.00503	0.00525	0.00728	0.00305	0.00312
38	0.01379	0.06119	0.01827	0.19096	0.36888	0.01334	0.01316	0.22348	0.01451	0.01969	0.00997	0.01235	0.00781	0.00504	0.00492	0.00152	0.00601	0.00441	0.00313	0.00757
39	0.01106	0.01106	0.01549	0.01328	0.01328	0.01549	0.01106	0.01217	0.00774	0.01217	0.00664	0.01106	0.00664	0.00885	0.01659	0.00221	0.81303	0.00443	0.00221	0.00553
40	0.00762	0.00636	0.00976	0.00876	0.01037	0.00591	0.11649	0.02811	0.01204	0.01614	0.24579	0.30882	0.16286	0.01178	0.00614	0.00180	0.00363	0.02812	0.00464	0.00484
41	0.01453	0.06471	0.01436	0.05968	0.01559	0.21938	0.04749	0.11617	0.28059	0.01805	0.01347	0.01484	0.01071	0.05617	0.00613	0.00171	0.00607	0.00470	0.00379	0.03186
42	0.00693	0.00487	0.00639	0.00727	0.00799	0.00463	0.00541	0.00842	0.01077	0.01459	0.10577	0.46868	0.07195	0.01407	0.00633	0.00200	0.00323	0.19036	0.05597	0.00435
43	0.01319	0.63370	0.12031	0.00925	0.01376	0.01740	0.00960	0.01541	0.01079	0.05365	0.05524	0.01070	0.00929	0.00485	0.00370	0.00120	0.00542	0.00335	0.00258	0.00662
44	0.00692	0.00507	0.00637	0.00715	0.00809	0.00476	0.00548	0.00836	0.01068	0.01383	0.03234	0.31766	0.21752	0.05618	0.00743	0.00218	0.00348	0.25266	0.02956	0.00429
45	0.01084	0.01222	0.12870	0.40293	0.06554	0.01125	0.11022	0.01569	0.09112	0.04610	0.02979	0.01536	0.00951	0.00546	0.00521	0.00168	0.00650	0.02251	0.00288	0.00648
46	0.00964	0.00856	0.01369	0.26898	0.25018	0.00924	0.01143	0.01263	0.03372	0.01499	0.06251	0.13668	0.03123	0.00814	0.00557	0.00176	0.00528	0.10645	0.00333	0.00598
47	0.02860	0.00771	0.05624	0.00750	0.00954	0.00677	0.00617	0.04378	0.11492	0.03442	0.40313	0.08535	0.15637	0.00991	0.00570	0.00165	0.00318	0.00853	0.00504	0.00549

[dist]
# distance from previous block
# <min> <max>
1	19

[block]
# block no. 1 follows, 49 sequences, length 54
# corresponding to MSA columns:
# 378-431
name=unknown_B
#
# <colnr> <probs for GDERKNQSTAVLIFYWHMCP>
#	G	D	E	R	K	N	Q	S	T	A	V	L	I	F	Y	W	H	M	C	P
0	0.02931	0.04370	0.11247	0.09491	0.28228	0.08858	0.02824	0.13670	0.06226	0.03298	0.01042	0.01221	0.00807	0.00506	0.00485	0.00150	0.00625	0.00427	0.00310	0.03281
1	0.09239	0.01076	0.01756	0.04636	0.23143	0.01117	0.19780	0.02816	0.11346	0.01689	0.03037	0.01604	0.01074	0.07582	0.06005	0.00234	0.02370	0.00527	0.00309	0.00662
2	0.00643	0.00481	0.00597	0.00638	0.00729	0.00435	0.00452	0.00788	0.01157	0.01540	0.27214	0.39401	0.21396	0.01341	0.00619	0.00183	0.00267	0.01187	0.00497	0.00435
3	0.00980	0.00904	0.01521	0.49752	0.17195	0.01035	0.03572	0.01288	0.01071	0.01417	0.03947	0.05581	0.01185	0.00647	0.00536	0.00173	0.00612	0.07718	0.00277	0.00591
4	0.00695	0.00511	0.00651	0.00626	0.00745	0.00467	0.00466	0.00911	0.01368	0.01900	0.65024	0.09041	0.13515	0.01099	0.00600	0.00163	0.00244	0.00967	0.00541	0.00467
5	0.01363	0.63232	0.11318	0.00997	0.01465	0.01844	0.03277	0.08791	0.01166	0.01441	0.00785	0.00896	0.00672	0.00455	0.00368	0.00120	0.00575	0.00310	0.00245	0.00681
6	0.00680	0.00506	0.00709	0.00886	0.06044	0.00481	0.00576	0.00798	0.01007	0.01348	0.03863	0.67925	0.03154	0.01481	0.00640	0.00204	0.00330	0.08470	0.00456	0.00443
7	0.00865	0.00444	0.00648	0.00648	0.00648	0.00444	0.00426	0.00666	0.00666	0.00888	0.00947	0.01707	0.00970	0.09461	0.02033	0.77169	0.00444	0.00468	0.00228	0.00228
8	0.00874	0.00620	0.00711	0.00662	0.00701	0.00665	0.00423	0.08106	0.00895	0.01208	0.01494	0.02960	0.01666	0.68932	0.02314	0.00440	0.05943	0.00689	0.00320	0.00376
9	0.57754	0.00939	0.00888	0.00744	0.01083	0.01003	0.00613	0.01815	0.01058	0.28175	0.01138	0.01124	0.00784	0.00522	0.00379	0.00156	0.00404	0.00353	0.00418	0.00653
10	0.01492	0.09378	0.01339	0.01082	0.01335	0.36728	0.00834	0.04592	0.18577	0.03399	0.03006	0.13321	0.01360	0.00725	0.00491	0.00151	0.00631	0.00563	0.00368	0.00628
11	0.00993	0.00942	0.01566	0.67626	0.09943	0.01165	0.01393	0.01309	0.01004	0.01317	0.00884	0.01320	0.00684	0.00532	0.00600	0.00171	0.07291	0.00449	0.00227	0.00582
12	0.01215	0.01222	0.04715	0.10505	0.69147	0.01193	0.01549	0.01529	0.01135	0.01616	0.00945	0.01254	0.00783	0.00457	0.00500	0.00152	0.00613	0.00448	0.00247	0.00776
13	0.01241	0.01525	0.07956	0.01978	0.02477	0.07754	0.63218	0.01689	0.03898	0.01604	0.01032	0.01325	0.00776	0.00447	0.00574	0.00167	0.00834	0.00559	0.00262	0.00683
14	0.00676	0.00498	0.00627	0.00700	0.00769	0.00472	0.00484	0.02997	0.02980	0.01435	0.09312	0.63300	0.10944	0.01457	0.00629	0.00196	0.00295	0.01307	0.00479	0.00441
15	0.02269	0.00861	0.01174	0.00900	0.01291	0.00743	0.00743	0.02464	0.01447	0.79425	0.01995	0.01721	0.01252	0.00626	0.00509	0.00156	0.00430	0.00509	0.00626	0.00861
16	0.01039	0.00598	0.00633	0.00595	0.00753	0.00619	0.00455	0.03306	0.11928	0.04675	0.08047	0.02018	0.01604	0.00641	0.00405	0.00131	0.00274	0.00523	0.61216	0.00541
17	0.00672	0.00508	0.00620	0.00606	0.00732	0.00456	0.00449	0.00863	0.01305	0.01764	0.49976	0.11575	0.26309	0.01159	0.00601	0.00167	0.00249	0.01009	0.00523	0.00456
18	0.00955	0.00899	0.01517	0.81013	0.03483	0.01123	0.01404	0.01292	0.01011	0.01292	0.00899	0.01348	0.00674	0.00506	0.00506	0.00169	0.00674	0.00449	0.00225	0.00562
19	0.01357	0.01136	0.01199	0.01049	0.01353	0.01304	0.00824	0.13858	0.66828	0.02276	0.01932	0.01786	0.01441	0.00674	0.00513	0.00169	0.00424	0.00554	0.00513	0.00809
20	0.00661	0.00512	0.00601	0.00584	0.00723	0.00453	0.00436	0.00846	0.01294	0.01714	0.44094	0.06790	0.37152	0.01160	0.00599	0.00166	0.00248	0.00998	0.00516	0.00453
21	0.01112	0.00555	0.00620	0.00582	0.00741	0.00547	0.00455	0.03520	0.01151	0.11230	0.03311	0.02102	0.01439	0.00744	0.02794	0.00152	0.00315	0.04695	0.63408	0.00529
22	0.01773	0.01342	0.01433	0.01133	0.01511	0.01498	0.00925	0.60568	0.19442	0.02946	0.01404	0.01365	0.01014	0.00625	0.00508	0.00156	0.00521	0.00481	0.00508	0.00847
23	0.01049	0.00975	0.01327	0.01174	0.01208	0.01290	0.00951	0.06233	0.00927	0.01367	0.01187	0.19601	0.01290	0.01026	0.01350	0.00213	0.57324	0.00671	0.00297	0.00541
24	0.00613	0.00513	0.00533	0.00528	0.00692	0.00433	0.00396	0.00755	0.01189	0.01451	0.14636	0.04726	0.69302	0.01249	0.00597	0.00169	0.00254	0.01047	0.00481	0.00433
25	0.01164	0.21723	0.47046	0.06500	0.05591	0.01399	0.01519	0.06666	0.01146	0.01591	0.00880	0.01042	0.00667	0.00478	0.00447	0.00147	0.00673	0.00363	0.00236	0.00722
26	0.01889	0.02410	0.01433	0.01303	0.01563	0.80199	0.00977	0.02019	0.01433	0.01238	0.00782	0.00912	0.00651	0.00521	0.00456	0.00130	0.00912	0.00326	0.00261	0.00586
27	0.00788	0.00563	0.00783	0.00900	0.01004	0.00558	0.00767	0.01000	0.01137	0.01483	0.02692	0.16180	0.02970	0.01423	0.00691	0.00229	0.00442	0.65464	0.00466	0.00458
28	0.00670	0.00516	0.00574	0.00580	0.00709	0.00462	0.00431	0.00808	0.01125	0.01432	0.14950	0.04463	0.45387	0.14131	0.00916	0.00225	0.00313	0.08982	0.02905	0.00420
29	0.01070	0.00903	0.00975	0.00895	0.01130	0.01003	0.00688	0.02105	0.53907	0.01984	0.14998	0.06231	0.10272	0.00847	0.00543	0.00171	0.00354	0.00720	0.00515	0.00690
30	0.85801	0.00978	0.00743	0.00665	0.00978	0.01134	0.00548	0.01486	0.00861	0.02269	0.00704	0.00821	0.00548	0.00469	0.00313	0.00156	0.00391	0.00274	0.00313	0.00548
31	0.00732	0.00534	0.00690	0.00648	0.00772	0.00501	0.00487	0.01006	0.03731	0.02030	0.76508	0.03721	0.04675	0.01023	0.00594	0.00159	0.00243	0.00904	0.00555	0.00487
32	0.01210	0.01072	0.01364	0.20935	0.01944	0.01240	0.05545	0.05752	0.50887	0.01931	0.01669	0.01690	0.01250	0.00622	0.00517	0.00170	0.00503	0.00537	0.00427	0.00737
33	0.00967	0.00895	0.01487	0.27594	0.16631	0.00985	0.08073	0.01246	0.01137	0.01564	0.20616	0.03866	0.03202	0.02188	0.00673	0.00174	0.07171	0.00618	0.00327	0.00585
34	0.83887	0.00975	0.00753	0.00670	0.00985	0.01125	0.00552	0.01509	0.00874	0.04036	0.00734	0.00842	0.00564	0.00473	0.00317	0.00156	0.00392	0.00279	0.00320	0.00555
35	0.00731	0.00508	0.00641	0.00641	0.00672	0.00539	0.00418	0.00793	0.00762	0.01047	0.01511	0.02855	0.01641	0.55289	0.29244	0.00601	0.00787	0.00669	0.00294	0.00356
36	0.00849	0.00706	0.01130	0.14915	0.08917	0.00721	0.07945	0.01073	0.02489	0.02520	0.02116	0.40269	0.04991	0.01079	0.00583	0.00184	0.00446	0.03596	0.04951	0.00519
37	0.00724	0.00537	0.00788	0.00788	0.00869	0.00619	0.00601	0.00887	0.00805	0.01155	0.01377	0.02113	0.01319	0.11302	0.72791	0.00782	0.01272	0.00560	0.00274	0.00438
38	0.01240	0.01190	0.02031	0.06181	0.76088	0.01198	0.01546	0.01542	0.01146	0.01638	0.00949	0.01255	0.00796	0.00453	0.00501	0.00151	0.00604	0.00451	0.00249	0.00792
39	0.00796	0.00568	0.00793	0.00910	0.01018	0.00566	0.00782	0.01015	0.01145	0.01492	0.02688	0.12999	0.02952	0.01415	0.00693	0.00230	0.00449	0.68564	0.00466	0.00460
40	0.00955	0.00899	0.01517	0.81013	0.03483	0.01123	0.01404	0.01292	0.01011	0.01292	0.00899	0.01348	0.00674	0.00506	0.00506	0.00169	0.00674	0.00449	0.00225	0.00562
41	0.00735	0.00496	0.00579	0.00598	0.00611	0.00494	0.00366	0.00763	0.00792	0.01052	0.01778	0.08835	0.02043	0.69055	0.02264	0.00446	0.00475	0.07957	0.00333	0.00329
42	0.00883	0.00546	0.00707	0.00648	0.00793	0.00502	0.00493	0.01117	0.01403	0.09426	0.65152	0.03426	0.04151	0.00958	0.00568	0.00155	0.00257	0.00839	0.07463	0.00513
43	0.00722	0.00542	0.00813	0.00813	0.00903	0.00632	0.00632	0.00903	0.00813	0.01174	0.01354	0.01987	0.01264	0.03792	0.80225	0.00813	0.01354	0.00542	0.00271	0.00451
44	0.02130	0.01083	0.01311	0.01005	0.01402	0.01073	0.00830	0.32449	0.01820	0.48914	0.01682	0.01518	0.01095	0.00618	0.00507	0.00155	0.00481	0.00487	0.00578	0.00860
45	0.01106	0.01106	0.01549	0.01328	0.01328	0.01549	0.01106	0.01217	0.00774	0.01217	0.00664	0.01106	0.00664	0.00885	0.01659	0.00221	0.81303	0.00443	0.00221	0.00553
46	0.00735	0.00490	0.00552	0.00552	0.00552	0.00490	0.00306	0.00735	0.00735	0.00980	0.01593	0.03309	0.01838	0.82229	0.02574	0.00490	0.00490	0.00735	0.00306	0.00306
47	0.01049	0.00899	0.01049	0.00749	0.01198	0.00674	0.00599	0.01273	0.01049	0.01648	0.00899	0.01049	0.00749	0.00374	0.00374	0.00075	0.00374	0.00300	0.00300	0.85320
48	0.00598	0.00512	0.00512	0.00512	0.00683	0.00427	0.00384	0.00726	0.01153	0.01366	0.05123	0.04866	0.78869	0.01281	0.00598	0.00171	0.00256	0.01067	0.00470	0.00427
49	0.01889	0.02410	0.01433	0.01303	0.01563	0.80199	0.00977	0.02019	0.01433	0.01238	0.00782	0.00912	0.00651	0.00521	0.00456	0.00130	0.00912	0.00326	0.00261	0.00586
50	0.00820	0.00540	0.00709	0.00654	0.00792	0.00495	0.00495	0.01056	0.01432	0.07244	0.73631	0.03639	0.04534	0.01006	0.00590	0.00159	0.00251	0.00887	0.00561	0.00503
51	0.01527	0.08866	0.01329	0.00989	0.01317	0.01243	0.00804	0.16016	0.38435	0.15695	0.06936	0.01760	0.01500	0.00660	0.00499	0.00158	0.00436	0.00534	0.00507	0.00785
52	0.00697	0.00515	0.00581	0.00608	0.00694	0.00491	0.00412	0.00856	0.05130	0.01304	0.03079	0.25644	0.26820	0.23547	0.02630	0.00277	0.00358	0.01012	0.04933	0.00412
53	0.01342	0.03118	0.33468	0.02940	0.01754	0.18930	0.01279	0.05704	0.14705	0.05206	0.05736	0.01375	0.01084	0.00571	0.00489	0.00154	0.00665	0.00440	0.00330	0.00710

[dist]
# distance from previous block
# <min> <max>
0	6

[block]
# block no. 2 follows, 49 sequences, length 30
# corresponding to MSA columns:
# 438-467
name=unknown_C
#
# <colnr> <probs for GDERKNQSTAVLIFYWHMCP>
#	G	D	E	R	K	N	Q	S	T	A	V	L	I	F	Y	W	H	M	C	P
0	0.30438	0.05820	0.01313	0.01173	0.07507	0.30864	0.02584	0.01706	0.01145	0.04187	0.00814	0.00954	0.00657	0.00493	0.00433	0.00140	0.02649	0.00328	0.00289	0.06505
1	0.04631	0.03484	0.05675	0.10362	0.24811	0.30759	0.07857	0.03766	0.01261	0.01508	0.00879	0.01109	0.00709	0.00487	0.00481	0.00146	0.00744	0.00402	0.00259	0.00671
2	0.01165	0.02755	0.10304	0.06771	0.07890	0.05310	0.00993	0.01965	0.34932	0.03382	0.13527	0.01899	0.01718	0.00730	0.01946	0.00175	0.02861	0.00559	0.00415	0.00701
3	0.00708	0.00517	0.00665	0.00628	0.00751	0.00474	0.00471	0.00939	0.01413	0.01985	0.74031	0.03848	0.09575	0.01050	0.00596	0.00160	0.00240	0.00924	0.00551	0.00474
4	0.01014	0.02616	0.79609	0.01441	0.02189	0.01174	0.01868	0.01601	0.01068	0.01601	0.00907	0.01068	0.00641	0.00480	0.00480	0.00160	0.00747	0.00374	0.00214	0.00747
5	0.00612	0.00513	0.00532	0.00527	0.00692	0.00433	0.00395	0.00753	0.01186	0.01444	0.13843	0.04738	0.70099	0.01251	0.00597	0.00169	0.00254	0.01049	0.00480	0.00433
6	0.00955	0.00899	0.01517	0.81013	0.03483	0.01123	0.01404	0.01292	0.01011	0.01292	0.00899	0.01348	0.00674	0.00506	0.00506	0.00169	0.00674	0.00449	0.00225	0.00562
7	0.01889	0.02410	0.01433	0.01303	0.01563	0.80199	0.00977	0.02019	0.01433	0.01238	0.00782	0.00912	0.00651	0.00521	0.00456	0.00130	0.00912	0.00326	0.00261	0.00586
8	0.00735	0.00490	0.00552	0.00552	0.00552	0.00490	0.00306	0.00735	0.00735	0.00980	0.01593	0.03309	0.01838	0.82229	0.02574	0.00490	0.00490	0.00735	0.00306	0.00306
9	0.00616	0.00440	0.00587	0.00704	0.00733	0.00411	0.00469	0.00704	0.00968	0.01291	0.02787	0.81899	0.03344	0.01584	0.00645	0.00205	0.00293	0.01438	0.00469	0.00411
10	0.85801	0.00978	0.00743	0.00665	0.00978	0.01134	0.00548	0.01486	0.00861	0.02269	0.00704	0.00821	0.00548	0.00469	0.00313	0.00156	0.00391	0.00274	0.00313	0.00548
11	0.01084	0.10943	0.57161	0.01507	0.02177	0.01282	0.15733	0.01595	0.01087	0.01561	0.00907	0.01095	0.00665	0.00465	0.00485	0.00156	0.00745	0.00404	0.00222	0.00725
12	0.01224	0.01174	0.02003	0.10273	0.72119	0.01194	0.01538	0.01528	0.01139	0.01619	0.00946	0.01260	0.00789	0.00456	0.00501	0.00152	0.00607	0.00450	0.00248	0.00779
13	0.00974	0.00911	0.01530	0.64693	0.13932	0.01087	0.01363	0.01289	0.01028	0.01343	0.01032	0.06712	0.00870	0.00570	0.00514	0.00168	0.00638	0.00516	0.00245	0.00585
14	0.00709	0.00512	0.00670	0.00641	0.00754	0.00473	0.00477	0.00937	0.01399	0.01976	0.73513	0.09218	0.04672	0.01072	0.00600	0.00162	0.00242	0.00951	0.00551	0.00473
15	0.00930	0.00851	0.01405	0.71700	0.03143	0.01050	0.01277	0.01228	0.00979	0.01256	0.00979	0.01575	0.00809	0.09965	0.00745	0.00206	0.00653	0.00482	0.00234	0.00532
16	0.01077	0.01003	0.01632	0.41347	0.27235	0.01153	0.01348	0.03807	0.01110	0.01514	0.06332	0.01462	0.01005	0.00559	0.00605	0.00166	0.07257	0.00482	0.00265	0.00641
17	0.00697	0.00516	0.00650	0.00617	0.00744	0.00469	0.00463	0.00919	0.01388	0.01924	0.67286	0.03948	0.16358	0.01072	0.00597	0.00161	0.00241	0.00938	0.00543	0.00469
18	0.01328	0.03932	0.09925	0.01277	0.10204	0.10185	0.02315	0.01751	0.12137	0.11919	0.11634	0.01634	0.01441	0.00622	0.00585	0.00150	0.07175	0.00493	0.00378	0.10914
19	0.00669	0.00478	0.00648	0.00765	0.00818	0.00457	0.00562	0.00796	0.01021	0.01350	0.02758	0.61498	0.03228	0.01534	0.00660	0.00213	0.00339	0.21313	0.00468	0.00425
20	0.01231	0.01009	0.06544	0.10193	0.01471	0.00953	0.00854	0.24915	0.01468	0.05679	0.01749	0.20933	0.03512	0.00857	0.00528	0.00164	0.00465	0.04061	0.07290	0.06125
21	0.01229	0.12697	0.46094	0.01201	0.01797	0.01194	0.01393	0.01753	0.07815	0.10604	0.01106	0.01179	0.00801	0.00499	0.00456	0.00146	0.00618	0.00386	0.00296	0.08737
22	0.76026	0.10418	0.00964	0.00688	0.01015	0.01235	0.00584	0.01490	0.00880	0.02144	0.00704	0.00820	0.00559	0.00465	0.00314	0.00151	0.00408	0.00273	0.00302	0.00559
23	0.00778	0.00583	0.00730	0.00682	0.00820	0.00567	0.00515	0.01155	0.10312	0.02038	0.69924	0.03558	0.04398	0.00994	0.00587	0.00160	0.00257	0.00875	0.00552	0.00515
24	0.01335	0.12608	0.13351	0.01214	0.04682	0.03519	0.03890	0.14342	0.31582	0.02007	0.04155	0.01489	0.01191	0.00599	0.00503	0.00156	0.01743	0.00481	0.00396	0.00756
25	0.00816	0.00557	0.00783	0.00761	0.00881	0.00599	0.00588	0.00990	0.00945	0.06710	0.08222	0.02492	0.10553	0.05591	0.56387	0.00628	0.01043	0.00637	0.00343	0.00475
26	0.00849	0.00909	0.13749	0.00812	0.01049	0.00651	0.00745	0.01174	0.04646	0.04972	0.44810	0.07031	0.08700	0.02587	0.00632	0.00173	0.01556	0.03937	0.00477	0.00542
27	0.01014	0.00959	0.01623	0.65579	0.18458	0.01139	0.01434	0.01343	0.01039	0.01363	0.00909	0.01329	0.00699	0.00495	0.00505	0.00165	0.00660	0.00450	0.00230	0.00609
28	0.11415	0.01258	0.01306	0.01062	0.01418	0.01417	0.00861	0.44335	0.26821	0.02733	0.01429	0.01387	0.01046	0.00617	0.00486	0.00159	0.00487	0.00472	0.00486	0.00804
29	0.07741	0.05967	0.14176	0.01023	0.01453	0.04261	0.00954	0.08845	0.11538	0.34251	0.01509	0.01422	0.01032	0.00575	0.00474	0.00152	0.00511	0.00446	0.00463	0.03208

[dist]
# distance from previous block
# <min> <max>
0	1

[block]
# block no. 3 follows, 49 sequences, length 48
# corresponding to MSA columns:
# 469-516
name=unknown_D
#
# <colnr> <probs for GDERKNQSTAVLIFYWHMCP>
#	G	D	E	R	K	N	Q	S	T	A	V	L	I	F	Y	W	H	M	C	P
0	0.00770	0.00614	0.00900	0.00783	0.00947	0.00574	0.07772	0.01056	0.03711	0.01952	0.64737	0.03555	0.08682	0.00980	0.00594	0.00161	0.00303	0.00883	0.00522	0.00503
1	0.01252	0.01201	0.02053	0.03104	0.79074	0.01201	0.01552	0.01552	0.01151	0.01652	0.00951	0.01252	0.00801	0.00451	0.00501	0.00150	0.00601	0.00451	0.00250	0.00801
2	0.01352	0.82533	0.02650	0.00865	0.01298	0.02001	0.00865	0.01514	0.01027	0.01190	0.00703	0.00811	0.00649	0.00433	0.00324	0.00108	0.00541	0.00270	0.00216	0.00649
3	0.01171	0.01521	0.12577	0.02045	0.02586	0.01266	0.67802	0.01617	0.01178	0.01617	0.01009	0.01327	0.00751	0.00433	0.00582	0.00169	0.00839	0.00569	0.00250	0.00690
4	0.00599	0.00508	0.00516	0.00523	0.00686	0.00426	0.00389	0.00724	0.01142	0.01362	0.04992	0.09176	0.74644	0.01298	0.00600	0.00173	0.00258	0.01088	0.00470	0.00426
5	0.00948	0.02176	0.62206	0.01291	0.01915	0.01038	0.03864	0.01444	0.01089	0.01575	0.04575	0.01722	0.10843	0.02485	0.00552	0.00169	0.00661	0.00499	0.00263	0.00683
6	0.00620	0.00445	0.00589	0.00697	0.00733	0.00414	0.00468	0.00715	0.00991	0.01323	0.05961	0.77111	0.04948	0.01555	0.00642	0.00203	0.00290	0.01408	0.00473	0.00414
7	0.01623	0.01474	0.11433	0.01238	0.04634	0.01414	0.01058	0.49181	0.15606	0.02678	0.01360	0.03664	0.01024	0.00627	0.00508	0.00158	0.00547	0.00494	0.00459	0.00820
8	0.83032	0.00992	0.00769	0.00681	0.00997	0.01149	0.00561	0.03992	0.00911	0.02299	0.00721	0.00834	0.00558	0.00474	0.00319	0.00156	0.00397	0.00280	0.00319	0.00558
9	0.01332	0.01591	0.01036	0.00962	0.01183	0.45782	0.00721	0.01461	0.01312	0.01293	0.02655	0.02618	0.34398	0.00849	0.00517	0.00148	0.00629	0.00646	0.00351	0.00517
10	0.01352	0.82533	0.02650	0.00865	0.01298	0.02001	0.00865	0.01514	0.01027	0.01190	0.00703	0.00811	0.00649	0.00433	0.00324	0.00108	0.00541	0.00270	0.00216	0.00649
11	0.00615	0.00482	0.00557	0.00605	0.00710	0.00424	0.00428	0.00735	0.01095	0.01386	0.09957	0.37991	0.40434	0.01392	0.00618	0.00185	0.00271	0.01215	0.00476	0.00424
12	0.08544	0.05820	0.10442	0.01209	0.01640	0.03061	0.15355	0.03731	0.13750	0.29061	0.01473	0.01451	0.01023	0.00555	0.00495	0.00159	0.00559	0.00482	0.00431	0.00760
13	0.01433	0.03018	0.01576	0.01920	0.36778	0.00976	0.03393	0.01733	0.05014	0.22936	0.03368	0.11196	0.01399	0.00679	0.00526	0.00161	0.00502	0.02240	0.00404	0.00748
14	0.00716	0.00517	0.00676	0.00636	0.00755	0.00477	0.00477	0.00954	0.01431	0.02028	0.78808	0.03777	0.04771	0.01034	0.00596	0.00159	0.00239	0.00914	0.00557	0.00477
15	0.01922	0.01416	0.01518	0.01163	0.01568	0.01568	0.00961	0.77388	0.02378	0.03187	0.01214	0.01214	0.00860	0.00607	0.00506	0.00152	0.00556	0.00455	0.00506	0.00860
16	0.00977	0.00976	0.01753	0.01461	0.04855	0.02880	0.33859	0.01325	0.06654	0.01517	0.01933	0.30094	0.04918	0.00925	0.00604	0.00183	0.00576	0.03564	0.00366	0.00579
17	0.01312	0.31793	0.01651	0.00898	0.01223	0.01437	0.00778	0.11514	0.25215	0.01855	0.03196	0.01534	0.01194	0.00593	0.00426	0.00139	0.00449	0.02313	0.11791	0.00691
18	0.02029	0.00790	0.01046	0.00822	0.01164	0.00694	0.00673	0.02231	0.01377	0.65378	0.01932	0.01751	0.01260	0.00619	0.00480	0.00149	0.00395	0.00502	0.15917	0.00790
19	0.02254	0.00884	0.01188	0.00911	0.01303	0.00778	0.00752	0.05620	0.01486	0.76214	0.01962	0.01700	0.01235	0.00625	0.00508	0.00156	0.00436	0.00506	0.00621	0.00861
20	0.01371	0.01653	0.06204	0.23033	0.13258	0.28859	0.15348	0.01661	0.01216	0.01402	0.00889	0.01169	0.00699	0.00487	0.00503	0.00152	0.00784	0.00429	0.00246	0.00637
21	0.00598	0.00512	0.00512	0.00512	0.00683	0.00427	0.00384	0.00726	0.01153	0.01366	0.05123	0.04866	0.78869	0.01281	0.00598	0.00171	0.00256	0.01067	0.00470	0.00427
22	0.01225	0.01134	0.01823	0.11555	0.02020	0.01224	0.26297	0.07263	0.26756	0.03728	0.01397	0.01568	0.01063	0.00801	0.06323	0.00217	0.03993	0.00547	0.00364	0.00701
23	0.02801	0.01307	0.02800	0.02010	0.02496	0.01231	0.71467	0.01593	0.01180	0.01647	0.01052	0.01383	0.00793	0.00436	0.00578	0.00167	0.00809	0.00584	0.05000	0.00668
24	0.01941	0.01072	0.01331	0.01115	0.05721	0.01073	0.02091	0.29773	0.03640	0.38616	0.01713	0.01605	0.03342	0.00625	0.00505	0.00154	0.00479	0.00504	0.03876	0.00825
25	0.01021	0.00660	0.00688	0.00651	0.00820	0.00709	0.00497	0.01617	0.24309	0.01965	0.07325	0.02022	0.01621	0.00650	0.00419	0.00137	0.00285	0.00533	0.53500	0.00571
26	0.01191	0.03819	0.01063	0.01052	0.05453	0.22032	0.00732	0.04074	0.06151	0.05466	0.01933	0.40800	0.02078	0.01055	0.00555	0.00172	0.00508	0.00907	0.00405	0.00552
27	0.00685	0.00516	0.00633	0.00604	0.00737	0.00464	0.00453	0.00895	0.01359	0.01855	0.59546	0.04062	0.24141	0.01098	0.00597	0.00162	0.00243	0.00954	0.00534	0.00464
28	0.01084	0.01025	0.01711	0.47171	0.32959	0.01160	0.01437	0.01452	0.04315	0.01467	0.00968	0.01333	0.00760	0.00492	0.00504	0.00161	0.00634	0.00455	0.00247	0.00665
29	0.01355	0.01538	0.07292	0.25102	0.16608	0.23909	0.01281	0.01612	0.01153	0.04570	0.00893	0.01171	0.00711	0.00547	0.00624	0.00159	0.10172	0.00410	0.00255	0.00638
30	0.01270	0.01207	0.02038	0.03050	0.76934	0.01212	0.01536	0.03646	0.01185	0.01694	0.00958	0.01250	0.00803	0.00455	0.00501	0.00150	0.00600	0.00451	0.00257	0.00803
31	0.01352	0.82533	0.02650	0.00865	0.01298	0.02001	0.00865	0.01514	0.01027	0.01190	0.00703	0.00811	0.00649	0.00433	0.00324	0.00108	0.00541	0.00270	0.00216	0.00649
32	0.00603	0.00490	0.00536	0.00573	0.00699	0.00422	0.00411	0.00719	0.01095	0.01342	0.04388	0.29104	0.55106	0.01376	0.00613	0.00182	0.00268	0.01184	0.00470	0.00422
33	0.00955	0.00899	0.01517	0.81013	0.03483	0.01123	0.01404	0.01292	0.01011	0.01292	0.00899	0.01348	0.00674	0.00506	0.00506	0.00169	0.00674	0.00449	0.00225	0.00562
34	0.01241	0.01187	0.02023	0.03052	0.77228	0.01187	0.01534	0.01540	0.01152	0.01649	0.00992	0.01357	0.00851	0.00473	0.00505	0.00152	0.00598	0.02230	0.00255	0.00793
35	0.00735	0.00490	0.00552	0.00552	0.00552	0.00490	0.00306	0.00735	0.00735	0.00980	0.01593	0.03309	0.01838	0.82229	0.02574	0.00490	0.00490	0.00735	0.00306	0.00306
36	0.00616	0.00440	0.00587	0.00704	0.00733	0.00411	0.00469	0.00704	0.00968	0.01291	0.02787	0.81899	0.03344	0.01584	0.00645	0.00205	0.00293	0.01438	0.00469	0.00411
37	0.01352	0.82533	0.02650	0.00865	0.01298	0.02001	0.00865	0.01514	0.01027	0.01190	0.00703	0.00811	0.00649	0.00433	0.00324	0.00108	0.00541	0.00270	0.00216	0.00649
38	0.85801	0.00978	0.00743	0.00665	0.00978	0.01134	0.00548	0.01486	0.00861	0.02269	0.00704	0.00821	0.00548	0.00469	0.00313	0.00156	0.00391	0.00274	0.00313	0.00548
39	0.00604	0.00513	0.00521	0.00519	0.00687	0.00430	0.00389	0.00738	0.01168	0.01403	0.09245	0.04806	0.74724	0.01267	0.00598	0.00170	0.00255	0.01059	0.00474	0.00430
40	0.00724	0.00535	0.00780	0.00780	0.00858	0.00614	0.00591	0.00882	0.00803	0.01149	0.01385	0.02154	0.01337	0.13753	0.70364	0.00772	0.01245	0.00566	0.00275	0.00433
41	0.00716	0.00517	0.00676	0.00636	0.00755	0.00477	0.00477	0.00954	0.01431	0.02028	0.78808	0.03777	0.04771	0.01034	0.00596	0.00159	0.00239	0.00914	0.00557	0.00477
42	0.01882	0.01378	0.01475	0.01135	0.01528	0.01523	0.00936	0.74255	0.02323	0.03133	0.01232	0.01242	0.00878	0.00606	0.00500	0.00150	0.00543	0.00456	0.03982	0.00844
43	0.01053	0.10472	0.57093	0.01374	0.01996	0.01200	0.08733	0.01506	0.01037	0.01493	0.00895	0.01113	0.00676	0.00590	0.00616	0.08156	0.00707	0.00390	0.00218	0.00682
44	0.01252	0.01201	0.02053	0.03104	0.79074	0.01201	0.01552	0.01552	0.01151	0.01652	0.00951	0.01252	0.00801	0.00451	0.00501	0.00150	0.00601	0.00451	0.00250	0.00801
45	0.53445	0.01125	0.06549	0.00830	0.01166	0.01158	0.00720	0.06909	0.15716	0.03497	0.01107	0.03964	0.00876	0.00563	0.00392	0.00161	0.00427	0.00395	0.00368	0.00632
46	0.01512	0.01431	0.01253	0.01053	0.01326	0.28429	0.00822	0.03431	0.01211	0.12204	0.01072	0.04005	0.00905	0.03629	0.00715	0.00150	0.13146	0.00419	0.00330	0.22955
47	0.00729	0.00571	0.00602	0.00591	0.00768	0.00521	0.00454	0.00993	0.08027	0.02941	0.07472	0.04331	0.57561	0.01162	0.00577	0.00170	0.00282	0.05207	0.06565	0.00476

[dist]
# distance from previous block
# <min> <max>
0	10

# created by:
# /home/berkeley/.conda/envs/busco_data_prod/bin/msa2prfl.pl pipeline/OGs_align_augustus/33634/24736.fs
