[name]
unknown

[dist]
# distance from previous block
# <min> <max>
0	635

[block]
# block no. 0 follows, 47 sequences, length 13
# corresponding to MSA columns:
# 687-699
name=unknown_A
#
# <colnr> <probs for GDERKNQSTAVLIFYWHMCP>
#	G	D	E	R	K	N	Q	S	T	A	V	L	I	F	Y	W	H	M	C	P
0	0.06787	0.07679	0.03691	0.06687	0.05120	0.06698	0.04244	0.20348	0.06627	0.10404	0.04977	0.01579	0.01163	0.00681	0.02022	0.00169	0.02208	0.03054	0.00408	0.05453
1	0.11738	0.08247	0.03545	0.01046	0.04671	0.04109	0.00832	0.13723	0.12521	0.12791	0.02920	0.03692	0.01106	0.00586	0.00460	0.00143	0.00481	0.00456	0.00420	0.16511
2	0.08690	0.19174	0.12491	0.01381	0.11106	0.04734	0.07494	0.03292	0.04895	0.07148	0.04907	0.01294	0.01004	0.00531	0.00492	0.00146	0.02857	0.00425	0.00317	0.07623
3	0.00905	0.00452	0.00678	0.00678	0.00678	0.00452	0.00452	0.00678	0.00678	0.00905	0.00905	0.01583	0.00905	0.01809	0.02035	0.84848	0.00452	0.00452	0.00226	0.00226
4	0.01717	0.01355	0.01415	0.04015	0.01588	0.05291	0.00943	0.42651	0.28162	0.04990	0.01540	0.01494	0.01123	0.00646	0.00522	0.00163	0.00536	0.00505	0.00505	0.00840
5	0.01080	0.00926	0.01080	0.00771	0.01234	0.00694	0.00617	0.01311	0.01080	0.01697	0.00926	0.01080	0.00771	0.00386	0.00386	0.00077	0.00386	0.00309	0.00309	0.84882
6	0.12142	0.09581	0.05777	0.03993	0.01565	0.03773	0.00973	0.39855	0.04172	0.06457	0.01142	0.01202	0.00840	0.00591	0.00524	0.00156	0.04049	0.00424	0.02008	0.00775
7	0.01862	0.01400	0.01497	0.01174	0.01570	0.01560	0.00961	0.64048	0.15305	0.03093	0.01399	0.01369	0.01006	0.00639	0.00522	0.00160	0.00545	0.00489	0.00522	0.00875
8	0.00905	0.00452	0.00678	0.00678	0.00678	0.00452	0.00452	0.00678	0.00678	0.00905	0.00905	0.01583	0.00905	0.01809	0.02035	0.84848	0.00452	0.00452	0.00226	0.00226
9	0.01039	0.00991	0.01704	0.65784	0.14787	0.01175	0.04416	0.01384	0.01070	0.01399	0.00939	0.01374	0.00718	0.00509	0.00524	0.00171	0.00690	0.00469	0.00237	0.00620
10	0.05575	0.06389	0.08911	0.03981	0.08888	0.17349	0.11438	0.12421	0.07726	0.10570	0.01174	0.01274	0.00872	0.00543	0.00501	0.00155	0.00679	0.00449	0.00360	0.00744
11	0.00896	0.00677	0.00961	0.09648	0.13270	0.00696	0.00711	0.01027	0.00948	0.03480	0.01793	0.12245	0.05070	0.36050	0.06235	0.00359	0.00554	0.02651	0.02254	0.00476
12	0.01113	0.01407	0.18498	0.01270	0.09303	0.04123	0.04746	0.01505	0.05007	0.01730	0.08470	0.01431	0.01191	0.00508	0.00467	0.00125	0.00529	0.00433	0.00317	0.37827

[dist]
# distance from previous block
# <min> <max>
0	1

[block]
# block no. 1 follows, 47 sequences, length 10
# corresponding to MSA columns:
# 701-710
name=unknown_B
#
# <colnr> <probs for GDERKNQSTAVLIFYWHMCP>
#	G	D	E	R	K	N	Q	S	T	A	V	L	I	F	Y	W	H	M	C	P
0	0.01277	0.00709	0.00876	0.00734	0.01001	0.00618	0.00579	0.03824	0.01395	0.25871	0.25050	0.03171	0.22786	0.00921	0.00561	0.00158	0.00336	0.00777	0.00544	0.08811
1	0.01382	0.01157	0.01823	0.05038	0.41336	0.03236	0.06296	0.03284	0.03503	0.11533	0.01240	0.01625	0.01017	0.00734	0.04030	0.00197	0.07210	0.04272	0.00331	0.00757
2	0.01220	0.01379	0.02927	0.02113	0.02588	0.01344	0.69128	0.01627	0.01187	0.01627	0.01017	0.01379	0.00780	0.00486	0.00722	0.00181	0.08747	0.00599	0.00260	0.00689
3	0.06049	0.05110	0.01800	0.01344	0.01703	0.00980	0.30207	0.01397	0.01176	0.04812	0.01919	0.05399	0.09700	0.00789	0.00578	0.00175	0.00593	0.16143	0.00362	0.09765
4	0.01300	0.00881	0.01070	0.00792	0.01211	0.00690	0.00635	0.01526	0.01198	0.17153	0.08269	0.01477	0.01257	0.00500	0.00434	0.00102	0.00384	0.00410	0.00400	0.60309
5	0.01208	0.01462	0.15014	0.01266	0.10268	0.12813	0.01017	0.06471	0.04316	0.01788	0.13309	0.01862	0.07219	0.00641	0.00500	0.00140	0.00547	0.00523	0.00358	0.19278
6	0.00745	0.00553	0.00812	0.00812	0.00897	0.00637	0.00620	0.00914	0.00830	0.01191	0.01418	0.02172	0.01357	0.11090	0.72525	0.00806	0.01313	0.00576	0.00282	0.00451
7	0.01185	0.11881	0.10292	0.00959	0.03035	0.04351	0.00849	0.01489	0.03836	0.03511	0.01018	0.03226	0.00855	0.00465	0.00414	0.00105	0.00481	0.00364	0.00305	0.51379
8	0.01395	0.63254	0.13459	0.01018	0.01493	0.09230	0.01049	0.01621	0.01103	0.01290	0.00762	0.00883	0.00667	0.00461	0.00370	0.00121	0.00623	0.00299	0.00227	0.00677
9	0.04846	0.09054	0.26133	0.01496	0.08920	0.01155	0.15075	0.01614	0.01156	0.08394	0.03332	0.04806	0.01008	0.00544	0.00497	0.00152	0.00632	0.00488	0.00305	0.10392

[dist]
# distance from previous block
# <min> <max>
0	1

[block]
# block no. 2 follows, 47 sequences, length 7
# corresponding to MSA columns:
# 712-718
name=unknown_C
#
# <colnr> <probs for GDERKNQSTAVLIFYWHMCP>
#	G	D	E	R	K	N	Q	S	T	A	V	L	I	F	Y	W	H	M	C	P
0	0.01550	0.03999	0.19754	0.01596	0.14783	0.01072	0.09943	0.01881	0.01245	0.28532	0.01437	0.05894	0.01080	0.00616	0.00581	0.00167	0.04161	0.00534	0.00395	0.00780
1	0.00738	0.00487	0.00644	0.00719	0.00778	0.00452	0.00490	0.00849	0.01068	0.05288	0.11975	0.64112	0.03441	0.05405	0.00748	0.00217	0.00312	0.01332	0.00494	0.00449
2	0.01397	0.19003	0.19874	0.03994	0.17177	0.08503	0.03852	0.03571	0.08874	0.07329	0.01100	0.01223	0.00846	0.00516	0.00473	0.00150	0.00646	0.00416	0.00304	0.00753
3	0.01283	0.13861	0.13459	0.05272	0.19445	0.01236	0.09032	0.01723	0.08825	0.09207	0.07795	0.04086	0.01320	0.00596	0.00510	0.00158	0.00582	0.00530	0.00345	0.00733
4	0.01504	0.00749	0.00964	0.00805	0.01067	0.00696	0.00639	0.05236	0.05102	0.34368	0.35441	0.02695	0.02879	0.00829	0.00556	0.00161	0.00351	0.00706	0.04559	0.00691
5	0.00888	0.01089	0.15962	0.00994	0.01224	0.00880	0.00922	0.01246	0.07427	0.01606	0.17069	0.13789	0.08577	0.01277	0.07916	0.00248	0.13473	0.04448	0.00394	0.00568
6	0.01546	0.32033	0.08157	0.06277	0.07103	0.10403	0.06178	0.01855	0.04992	0.15134	0.01108	0.01194	0.00845	0.00514	0.00449	0.00142	0.00625	0.00400	0.00323	0.00723

[dist]
# distance from previous block
# <min> <max>
0	12

[block]
# block no. 3 follows, 47 sequences, length 95
# corresponding to MSA columns:
# 731-825
name=unknown_D
#
# <colnr> <probs for GDERKNQSTAVLIFYWHMCP>
#	G	D	E	R	K	N	Q	S	T	A	V	L	I	F	Y	W	H	M	C	P
0	0.01148	0.01360	0.13681	0.09637	0.38004	0.01156	0.08115	0.01599	0.07680	0.01660	0.01453	0.01675	0.07578	0.00641	0.02228	0.00178	0.00640	0.00533	0.00293	0.00741
1	0.00643	0.00470	0.00605	0.00695	0.00752	0.00432	0.00474	0.00755	0.01069	0.01419	0.11120	0.64535	0.12041	0.01536	0.00654	0.00202	0.00292	0.01380	0.00493	0.00432
2	0.05526	0.01281	0.06708	0.19472	0.23778	0.04794	0.03917	0.10391	0.03213	0.14128	0.01178	0.01354	0.00864	0.00535	0.00510	0.00161	0.00621	0.00462	0.00352	0.00756
3	0.16212	0.04616	0.01497	0.12202	0.21118	0.05171	0.01080	0.06564	0.22723	0.01955	0.01246	0.01369	0.00966	0.00556	0.00476	0.00162	0.00543	0.00453	0.00358	0.00732
4	0.00952	0.00693	0.00976	0.00933	0.02750	0.00688	0.07162	0.09582	0.01213	0.03625	0.05666	0.41170	0.02453	0.04859	0.04597	0.00231	0.00447	0.01023	0.10452	0.00528
5	0.01636	0.01035	0.01225	0.00911	0.01347	0.00922	0.00743	0.18634	0.01503	0.23729	0.01316	0.01313	0.00943	0.00512	0.00455	0.00119	0.00444	0.00405	0.00451	0.42359
6	0.19657	0.00944	0.01011	0.00752	0.01184	0.00799	0.00605	0.01360	0.01037	0.01838	0.00881	0.01028	0.00726	0.00407	0.00372	0.00096	0.00389	0.00303	0.00312	0.66301
7	0.00634	0.00453	0.00604	0.00725	0.00755	0.00423	0.00483	0.00725	0.00997	0.01329	0.02870	0.81358	0.03444	0.01632	0.00665	0.00211	0.00302	0.01480	0.00483	0.00423
8	0.00737	0.00532	0.00696	0.00655	0.00778	0.00491	0.00491	0.00983	0.01474	0.02088	0.78175	0.03890	0.04914	0.01065	0.00614	0.00164	0.00246	0.00942	0.00573	0.00491
9	0.01330	0.00908	0.00995	0.00835	0.01027	0.00966	0.00611	0.31702	0.01490	0.05268	0.01502	0.02396	0.01433	0.41668	0.01592	0.00331	0.00518	0.00618	0.04230	0.00579
10	0.01603	0.00753	0.00995	0.00817	0.01095	0.00681	0.00653	0.05200	0.01527	0.40982	0.36155	0.02698	0.02896	0.00832	0.00564	0.00162	0.00360	0.00709	0.00607	0.00709
11	0.43800	0.01154	0.04908	0.11620	0.06363	0.01231	0.11463	0.01521	0.00983	0.03142	0.00839	0.01078	0.00656	0.00527	0.00553	0.00171	0.08698	0.00389	0.00289	0.00616
12	0.01045	0.02694	0.79000	0.01484	0.02254	0.01209	0.01924	0.01649	0.01099	0.01649	0.00935	0.01099	0.00660	0.00495	0.00495	0.00165	0.00770	0.00385	0.00220	0.00770
13	0.00712	0.00526	0.00615	0.00593	0.00735	0.00472	0.00445	0.00915	0.01334	0.01821	0.44316	0.04140	0.31983	0.01120	0.00593	0.00165	0.00252	0.00961	0.07831	0.00472
14	0.01055	0.11344	0.30619	0.41387	0.02818	0.01285	0.01558	0.01477	0.01065	0.01437	0.00905	0.01214	0.00678	0.00502	0.00489	0.00163	0.00706	0.00411	0.00226	0.00661
15	0.03047	0.08998	0.10472	0.09070	0.06096	0.07724	0.02455	0.16039	0.15421	0.13498	0.01348	0.01385	0.00981	0.00579	0.00496	0.00158	0.00592	0.00459	0.00407	0.00775
16	0.00639	0.00457	0.00608	0.00722	0.00756	0.00426	0.00484	0.00737	0.01019	0.01364	0.06281	0.77850	0.03511	0.01606	0.00662	0.00209	0.00300	0.01456	0.00487	0.00426
17	0.01172	0.01125	0.01872	0.19888	0.22609	0.01277	0.12104	0.05115	0.01133	0.01575	0.01074	0.01681	0.00945	0.00666	0.00822	0.00186	0.19005	0.06805	0.00277	0.00667
18	0.04825	0.10815	0.27725	0.06093	0.04261	0.01251	0.03500	0.05593	0.15109	0.07585	0.03036	0.05611	0.01138	0.00617	0.00497	0.00163	0.00588	0.00505	0.00353	0.00738
19	0.01296	0.08271	0.06738	0.01969	0.07890	0.03117	0.51282	0.03388	0.01241	0.04913	0.01122	0.04276	0.00894	0.00503	0.00570	0.00167	0.00781	0.00581	0.00288	0.00711
20	0.00634	0.00453	0.00604	0.00725	0.00755	0.00423	0.00483	0.00725	0.00997	0.01329	0.02870	0.81358	0.03444	0.01632	0.00665	0.00211	0.00302	0.01480	0.00483	0.00423
21	0.06490	0.00914	0.01191	0.00922	0.01313	0.00826	0.00760	0.06658	0.01514	0.68332	0.04219	0.01759	0.01338	0.00648	0.00516	0.00161	0.00443	0.00521	0.00619	0.00858
22	0.01149	0.10934	0.31467	0.16230	0.19188	0.01253	0.02908	0.01551	0.01112	0.03848	0.01050	0.05133	0.00862	0.00546	0.00497	0.00160	0.00667	0.00467	0.00257	0.00720
23	0.01483	0.00693	0.00923	0.00773	0.01025	0.00617	0.00612	0.01708	0.01465	0.37402	0.39894	0.02833	0.03094	0.00852	0.00562	0.00161	0.00336	0.00730	0.04163	0.00673
24	0.01804	0.00954	0.01135	0.00924	0.01255	0.00959	0.00745	0.14003	0.17455	0.36908	0.05114	0.01839	0.01448	0.00667	0.00506	0.00158	0.00421	0.00541	0.12364	0.00800
25	0.01379	0.12022	0.16880	0.05926	0.04089	0.04811	0.18282	0.03313	0.02927	0.13918	0.02546	0.05707	0.01095	0.00611	0.00552	0.00164	0.02498	0.02227	0.00341	0.00712
26	0.85377	0.01007	0.00765	0.00685	0.01007	0.01168	0.00564	0.01531	0.00886	0.02336	0.00725	0.00846	0.00564	0.00483	0.00322	0.00161	0.00403	0.00282	0.00322	0.00564
27	0.01243	0.09728	0.06674	0.06456	0.43635	0.01329	0.16540	0.01575	0.01152	0.01602	0.00965	0.01273	0.00793	0.00549	0.02303	0.00173	0.02533	0.00472	0.00252	0.00755
28	0.33043	0.00971	0.01223	0.40108	0.02329	0.01145	0.01032	0.03271	0.03050	0.07888	0.00977	0.01225	0.00720	0.00524	0.00446	0.00168	0.00554	0.00403	0.00313	0.00611
29	0.00757	0.00505	0.00568	0.00568	0.00568	0.00505	0.00316	0.00757	0.00757	0.01010	0.01641	0.03408	0.01893	0.81698	0.02651	0.00505	0.00505	0.00757	0.00316	0.00316
30	0.00666	0.00481	0.00630	0.00695	0.00760	0.00445	0.00482	0.00807	0.01154	0.01570	0.26492	0.54028	0.06971	0.01442	0.00647	0.00195	0.00283	0.01297	0.00511	0.00445
31	0.00634	0.00457	0.00600	0.00715	0.00753	0.00424	0.00479	0.00726	0.01007	0.01333	0.02993	0.77466	0.07258	0.01616	0.00662	0.00210	0.00300	0.01461	0.00483	0.00424
32	0.01022	0.00985	0.01909	0.01521	0.01828	0.00942	0.38162	0.01331	0.01160	0.01546	0.01780	0.03366	0.01772	0.10754	0.00904	0.00240	0.00679	0.29177	0.00353	0.00570
33	0.85377	0.01007	0.00765	0.00685	0.01007	0.01168	0.00564	0.01531	0.00886	0.02336	0.00725	0.00846	0.00564	0.00483	0.00322	0.00161	0.00403	0.00282	0.00322	0.00564
34	0.85377	0.01007	0.00765	0.00685	0.01007	0.01168	0.00564	0.01531	0.00886	0.02336	0.00725	0.00846	0.00564	0.00483	0.00322	0.00161	0.00403	0.00282	0.00322	0.00564
35	0.01392	0.82012	0.02729	0.00891	0.01337	0.02061	0.00891	0.01559	0.01058	0.01225	0.00724	0.00835	0.00668	0.00446	0.00334	0.00111	0.00557	0.00278	0.00223	0.00668
36	0.00971	0.00485	0.00485	0.00485	0.00607	0.00485	0.00364	0.01213	0.01092	0.01942	0.01699	0.01942	0.01335	0.00607	0.00364	0.00121	0.00243	0.00485	0.84589	0.00485
37	0.02329	0.00898	0.01216	0.00932	0.01335	0.00783	0.00770	0.04052	0.01510	0.77268	0.02038	0.01762	0.01281	0.00644	0.00524	0.00161	0.00446	0.00523	0.00642	0.00886
38	0.01045	0.02694	0.79000	0.01484	0.02254	0.01209	0.01924	0.01649	0.01099	0.01649	0.00935	0.01099	0.00660	0.00495	0.00495	0.00165	0.00770	0.00385	0.00220	0.00770
39	0.01660	0.01222	0.01580	0.25932	0.02241	0.01362	0.04304	0.40499	0.03519	0.10607	0.01245	0.01371	0.00880	0.00589	0.00525	0.00163	0.00606	0.00482	0.00433	0.00781
40	0.00757	0.00505	0.00568	0.00568	0.00568	0.00505	0.00316	0.00757	0.00757	0.01010	0.01641	0.03408	0.01893	0.81698	0.02651	0.00505	0.00505	0.00757	0.00316	0.00316
41	0.03368	0.20298	0.11365	0.06580	0.03753	0.04917	0.23510	0.11579	0.01342	0.06955	0.01028	0.01204	0.00777	0.00497	0.00495	0.00153	0.00695	0.00451	0.00308	0.00726
42	0.01233	0.43910	0.36111	0.01206	0.01796	0.01657	0.04535	0.01603	0.01083	0.01429	0.00830	0.00975	0.00670	0.00467	0.00416	0.00138	0.00664	0.00339	0.00223	0.00714
43	0.00863	0.00495	0.00527	0.00527	0.00587	0.00495	0.00339	0.00983	0.00923	0.01470	0.01669	0.02684	0.01618	0.41659	0.01522	0.00316	0.00375	0.00623	0.41926	0.00399
44	0.01521	0.01631	0.03425	0.04384	0.12084	0.21005	0.25600	0.14430	0.01460	0.01824	0.01010	0.01243	0.00786	0.00528	0.00588	0.00160	0.04458	0.00480	0.02673	0.00710
45	0.01140	0.00795	0.00962	0.00784	0.01063	0.00722	0.00617	0.11431	0.01501	0.08991	0.40177	0.02587	0.02930	0.00785	0.00532	0.00139	0.00345	0.00670	0.00501	0.23327
46	0.01438	0.48827	0.15736	0.01133	0.01610	0.13908	0.04296	0.05064	0.01200	0.01418	0.00811	0.00940	0.00682	0.00476	0.00403	0.00129	0.00668	0.00329	0.00245	0.00687
47	0.01001	0.05516	0.01186	0.01013	0.01105	0.05238	0.00799	0.03159	0.04267	0.01422	0.05522	0.27942	0.07656	0.01123	0.01006	0.00200	0.30087	0.00854	0.00370	0.00535
48	0.00671	0.00530	0.00605	0.00586	0.00738	0.00463	0.00439	0.00855	0.01318	0.01719	0.38655	0.04498	0.44664	0.01202	0.00615	0.00170	0.00255	0.01027	0.00525	0.00463
49	0.01020	0.01811	0.39837	0.39412	0.02906	0.01187	0.03647	0.01497	0.01075	0.01497	0.00933	0.01246	0.00680	0.00506	0.00510	0.00169	0.00736	0.00428	0.00227	0.00676
50	0.01399	0.42238	0.02369	0.01867	0.32679	0.08521	0.01188	0.01621	0.01147	0.01423	0.00835	0.01029	0.00732	0.00461	0.00420	0.00131	0.00615	0.00359	0.00241	0.00726
51	0.01355	0.01208	0.01675	0.02127	0.39444	0.01296	0.01222	0.08953	0.32959	0.02044	0.01477	0.01557	0.01148	0.00579	0.00522	0.00164	0.00529	0.00516	0.00395	0.00830
52	0.00696	0.00483	0.00583	0.00637	0.00658	0.00465	0.00395	0.00742	0.00884	0.01171	0.02350	0.38664	0.05825	0.42152	0.01668	0.00359	0.00403	0.01098	0.00398	0.00369
53	0.01078	0.01022	0.01732	0.56575	0.26720	0.01182	0.01493	0.01413	0.01086	0.01445	0.00942	0.01358	0.00735	0.00503	0.00519	0.00168	0.00671	0.00463	0.00240	0.00655
54	0.00745	0.00583	0.00658	0.00620	0.00787	0.00529	0.00470	0.05167	0.01381	0.01804	0.36132	0.04320	0.42574	0.01171	0.00610	0.00170	0.00274	0.00996	0.00524	0.00487
55	0.00709	0.00547	0.00664	0.00729	0.00863	0.00502	0.00587	0.00879	0.01167	0.01458	0.03934	0.15484	0.37764	0.01409	0.00664	0.00207	0.00356	0.31141	0.00482	0.00454
56	0.00671	0.00498	0.00633	0.00722	0.00803	0.00461	0.00529	0.00802	0.01090	0.01413	0.05912	0.48774	0.19461	0.01511	0.00662	0.00207	0.00324	0.14602	0.00486	0.00439
57	0.01229	0.01405	0.03073	0.02195	0.02722	0.01317	0.76558	0.01668	0.01229	0.01668	0.01054	0.01405	0.00790	0.00439	0.00615	0.00176	0.00878	0.00615	0.00263	0.00702
58	0.00839	0.00599	0.00839	0.00959	0.01079	0.00599	0.00839	0.01079	0.01199	0.01558	0.02757	0.05874	0.02997	0.01439	0.00719	0.00240	0.00480	0.74945	0.00480	0.00480
59	0.02108	0.01253	0.01435	0.01100	0.01512	0.01309	0.00909	0.50002	0.02104	0.30481	0.01540	0.01438	0.01031	0.00632	0.00522	0.00158	0.00526	0.00489	0.00565	0.00886
60	0.00634	0.00453	0.00604	0.00725	0.00755	0.00423	0.00483	0.00725	0.00997	0.01329	0.02870	0.81358	0.03444	0.01632	0.00665	0.00211	0.00302	0.01480	0.00483	0.00423
61	0.00742	0.00563	0.00688	0.00651	0.00794	0.00524	0.00490	0.01030	0.05464	0.01955	0.59352	0.04014	0.19597	0.01097	0.00610	0.00167	0.00258	0.00955	0.00553	0.00499
62	0.00704	0.00497	0.00670	0.00788	0.00847	0.00477	0.00585	0.00844	0.01059	0.01414	0.02804	0.56788	0.03253	0.01546	0.00672	0.00217	0.00353	0.23200	0.02839	0.00441
63	0.01084	0.00888	0.00990	0.00899	0.01126	0.00976	0.00693	0.03670	0.44977	0.02166	0.32989	0.02718	0.02924	0.00850	0.00564	0.00171	0.00348	0.00730	0.00547	0.00690
64	0.00840	0.00524	0.00729	0.00718	0.00739	0.00568	0.00493	0.00785	0.00742	0.01019	0.01206	0.02166	0.01254	0.24141	0.19669	0.38641	0.04624	0.00560	0.00263	0.00321
65	0.85377	0.01007	0.00765	0.00685	0.01007	0.01168	0.00564	0.01531	0.00886	0.02336	0.00725	0.00846	0.00564	0.00483	0.00322	0.00161	0.00403	0.00282	0.00322	0.00564
66	0.32926	0.00996	0.01086	0.00868	0.01243	0.01011	0.00717	0.10653	0.01377	0.41961	0.01472	0.01371	0.00975	0.00583	0.00449	0.00161	0.00443	0.00428	0.00512	0.00767
67	0.10199	0.01047	0.01398	0.40217	0.02461	0.03224	0.01121	0.13086	0.01351	0.19113	0.01204	0.01386	0.00843	0.00561	0.00499	0.00166	0.00596	0.00455	0.00378	0.00693
68	0.00878	0.00714	0.01080	0.01112	0.04974	0.00698	0.08223	0.01177	0.04447	0.01622	0.09068	0.06896	0.11691	0.01222	0.00668	0.00212	0.00473	0.43860	0.00458	0.00528
69	0.01080	0.00926	0.01080	0.00771	0.01234	0.00694	0.00617	0.01311	0.01080	0.01697	0.00926	0.01080	0.00771	0.00386	0.00386	0.00077	0.00386	0.00309	0.00309	0.84882
70	0.00990	0.00821	0.00902	0.00831	0.01048	0.00879	0.00638	0.01819	0.38963	0.02004	0.26883	0.03140	0.17092	0.00936	0.00573	0.00172	0.00331	0.00797	0.00535	0.00646
71	0.00808	0.00642	0.00740	0.00702	0.00869	0.00632	0.00530	0.01256	0.16272	0.01884	0.39761	0.07326	0.24414	0.01090	0.00600	0.00172	0.00286	0.00940	0.00536	0.00539
72	0.01138	0.01083	0.01841	0.41339	0.41486	0.01198	0.01523	0.01466	0.01114	0.01518	0.00953	0.01338	0.00760	0.00492	0.00518	0.00164	0.00656	0.00463	0.00245	0.00703
73	0.00691	0.00531	0.00633	0.00607	0.00750	0.00472	0.00455	0.00894	0.01366	0.01832	0.50786	0.04311	0.32463	0.01160	0.00615	0.00168	0.00252	0.01001	0.00540	0.00472
74	0.48136	0.00953	0.00964	0.00793	0.01152	0.00988	0.00654	0.01982	0.01157	0.36632	0.01321	0.01261	0.00889	0.00556	0.00413	0.00161	0.00421	0.00390	0.00467	0.00709
75	0.00983	0.00926	0.01562	0.80447	0.03587	0.01157	0.01446	0.01331	0.01041	0.01331	0.00926	0.01388	0.00694	0.00521	0.00521	0.00174	0.00694	0.00463	0.00231	0.00579
76	0.00905	0.00604	0.00837	0.00931	0.01063	0.00593	0.00801	0.01130	0.01202	0.05932	0.02785	0.10666	0.04722	0.01403	0.00702	0.00232	0.00460	0.64043	0.00489	0.00498
77	0.02336	0.00886	0.01209	0.00927	0.01329	0.00765	0.00765	0.02538	0.01491	0.78810	0.02055	0.01773	0.01289	0.00645	0.00524	0.00161	0.00443	0.00524	0.00645	0.00886
78	0.85377	0.01007	0.00765	0.00685	0.01007	0.01168	0.00564	0.01531	0.00886	0.02336	0.00725	0.00846	0.00564	0.00483	0.00322	0.00161	0.00403	0.00282	0.00322	0.00564
79	0.01229	0.01405	0.03073	0.02195	0.02722	0.01317	0.76558	0.01668	0.01229	0.01668	0.01054	0.01405	0.00790	0.00439	0.00615	0.00176	0.00878	0.00615	0.00263	0.00702
80	0.00757	0.00507	0.00580	0.00580	0.00584	0.00511	0.00331	0.00765	0.00761	0.01019	0.01630	0.03346	0.01866	0.78175	0.06137	0.00520	0.00545	0.00748	0.00314	0.00322
81	0.02294	0.00955	0.01251	0.00959	0.01364	0.00868	0.00792	0.11464	0.01606	0.69721	0.01958	0.01710	0.01241	0.00642	0.00523	0.00161	0.00459	0.00517	0.00630	0.00886
82	0.01289	0.01237	0.02114	0.03196	0.78450	0.01237	0.01598	0.01598	0.01186	0.01701	0.00980	0.01289	0.00825	0.00464	0.00516	0.00155	0.00619	0.00464	0.00258	0.00825
83	0.01080	0.00926	0.01080	0.00771	0.01234	0.00694	0.00617	0.01311	0.01080	0.01697	0.00926	0.01080	0.00771	0.00386	0.00386	0.00077	0.00386	0.00309	0.00309	0.84882
84	0.00983	0.00926	0.01562	0.80447	0.03587	0.01157	0.01446	0.01331	0.01041	0.01331	0.00926	0.01388	0.00694	0.00521	0.00521	0.00174	0.00694	0.00463	0.00231	0.00579
85	0.01980	0.01459	0.01563	0.01198	0.01615	0.01615	0.00990	0.76713	0.02448	0.03282	0.01250	0.01250	0.00886	0.00625	0.00521	0.00156	0.00573	0.00469	0.00521	0.00886
86	0.01640	0.08052	0.16107	0.01482	0.07024	0.04439	0.11714	0.31933	0.01712	0.09126	0.01159	0.01248	0.00837	0.00548	0.00512	0.00156	0.00656	0.00458	0.00389	0.00807
87	0.01470	0.32966	0.05070	0.00930	0.01378	0.02792	0.00849	0.09447	0.03419	0.11140	0.01050	0.01109	0.00823	0.00482	0.00407	0.00117	0.00506	0.00351	0.00340	0.25354
88	0.01224	0.11463	0.01333	0.01008	0.01286	0.04732	0.02514	0.02175	0.47097	0.01829	0.02014	0.02238	0.05541	0.05438	0.03008	0.00209	0.00496	0.05238	0.00447	0.00710
89	0.01053	0.04638	0.77130	0.01470	0.02231	0.01230	0.01899	0.01647	0.01098	0.01639	0.00929	0.01093	0.00660	0.00494	0.00491	0.00164	0.00764	0.00382	0.00220	0.00767
90	0.00952	0.03297	0.05557	0.00865	0.01098	0.00849	0.00728	0.01598	0.26230	0.01892	0.25527	0.04629	0.13421	0.00987	0.00585	0.00178	0.00373	0.10117	0.00502	0.00612
91	0.00746	0.00625	0.00852	0.14081	0.06504	0.00617	0.00689	0.00933	0.01161	0.01501	0.14964	0.22470	0.30590	0.01164	0.00605	0.00181	0.00366	0.01018	0.00440	0.00493
92	0.05544	0.61518	0.09826	0.01064	0.03765	0.06301	0.02856	0.01600	0.01085	0.01349	0.00764	0.00895	0.00670	0.00458	0.00369	0.00123	0.00601	0.00306	0.00232	0.00675
93	0.81217	0.05020	0.00863	0.00695	0.01023	0.01212	0.00580	0.01532	0.00895	0.02281	0.00725	0.00845	0.00569	0.00482	0.00323	0.00159	0.00410	0.00282	0.00317	0.00569
94	0.02330	0.08959	0.22095	0.00991	0.01342	0.00891	0.05241	0.01258	0.01296	0.01847	0.42184	0.04831	0.03014	0.00823	0.00552	0.00161	0.00457	0.00714	0.00420	0.00594

[dist]
# distance from previous block
# <min> <max>
0	18

[block]
# block no. 4 follows, 47 sequences, length 12
# corresponding to MSA columns:
# 844-855
name=unknown_E
#
# <colnr> <probs for GDERKNQSTAVLIFYWHMCP>
#	G	D	E	R	K	N	Q	S	T	A	V	L	I	F	Y	W	H	M	C	P
0	0.01308	0.05641	0.20397	0.01324	0.07369	0.01241	0.02789	0.09321	0.26288	0.06567	0.05318	0.03479	0.01369	0.00667	0.00554	0.00169	0.02674	0.02343	0.00410	0.00769
1	0.00685	0.00492	0.00649	0.00691	0.00766	0.00456	0.00487	0.00851	0.01230	0.01700	0.39666	0.43505	0.04162	0.01355	0.00640	0.00188	0.00275	0.01217	0.00527	0.00456
2	0.01058	0.00848	0.00964	0.00742	0.01113	0.00705	0.00585	0.01410	0.08568	0.01787	0.03674	0.01512	0.03446	0.00503	0.00410	0.00100	0.00357	0.00409	0.14122	0.57688
3	0.01886	0.01374	0.01482	0.01162	0.01558	0.01519	0.00951	0.60811	0.14670	0.06985	0.01434	0.01390	0.01021	0.00639	0.00523	0.00160	0.00540	0.00491	0.00529	0.00876
4	0.00750	0.00532	0.00706	0.00706	0.00753	0.00580	0.00487	0.00846	0.00798	0.01112	0.01515	0.02711	0.01591	0.41917	0.42018	0.00675	0.00960	0.00655	0.00297	0.00392
5	0.01020	0.00997	0.01787	0.68784	0.03458	0.01181	0.12641	0.01381	0.01069	0.01381	0.00945	0.01391	0.00709	0.00508	0.00535	0.00174	0.00722	0.00485	0.00236	0.00597
6	0.85377	0.01007	0.00765	0.00685	0.01007	0.01168	0.00564	0.01531	0.00886	0.02336	0.00725	0.00846	0.00564	0.00483	0.00322	0.00161	0.00403	0.00282	0.00322	0.00564
7	0.01230	0.44970	0.38348	0.01168	0.01765	0.01663	0.01373	0.01601	0.01077	0.01423	0.00822	0.00959	0.00664	0.00469	0.00409	0.00136	0.00656	0.00328	0.00221	0.00716
8	0.01613	0.01994	0.01239	0.01138	0.01383	0.59827	0.00854	0.01747	0.01404	0.01308	0.01922	0.01957	0.20051	0.00732	0.00506	0.00145	0.00770	0.00526	0.00322	0.00563
9	0.00666	0.00530	0.00597	0.00580	0.00734	0.00461	0.00435	0.00844	0.01305	0.01688	0.35335	0.04549	0.48003	0.01214	0.00615	0.00171	0.00256	0.01034	0.00521	0.00461
10	0.01945	0.02482	0.01476	0.01342	0.01610	0.79608	0.01006	0.02079	0.01476	0.01275	0.00805	0.00939	0.00671	0.00537	0.00470	0.00134	0.00939	0.00335	0.00268	0.00604
11	0.49954	0.01113	0.03731	0.12275	0.01564	0.01206	0.03375	0.12787	0.01185	0.04359	0.00920	0.01074	0.00688	0.00517	0.00403	0.00161	0.00494	0.00364	0.03198	0.00632

[dist]
# distance from previous block
# <min> <max>
0	3

[block]
# block no. 5 follows, 47 sequences, length 22
# corresponding to MSA columns:
# 859-880
name=unknown_F
#
# <colnr> <probs for GDERKNQSTAVLIFYWHMCP>
#	G	D	E	R	K	N	Q	S	T	A	V	L	I	F	Y	W	H	M	C	P
0	0.00798	0.00531	0.00665	0.00654	0.00697	0.00551	0.00427	0.00866	0.00835	0.03352	0.05326	0.03020	0.01865	0.54641	0.23061	0.00567	0.00728	0.00706	0.00328	0.00380
1	0.07841	0.10538	0.17249	0.01133	0.01535	0.09178	0.01061	0.02209	0.38288	0.01867	0.01453	0.01446	0.01107	0.00604	0.00503	0.00163	0.02230	0.00461	0.00384	0.00748
2	0.01553	0.03153	0.05162	0.01730	0.28652	0.01006	0.01090	0.03573	0.03796	0.24134	0.01315	0.01382	0.00963	0.00511	0.00483	0.00139	0.00512	0.00442	0.00394	0.20008
3	0.01174	0.17842	0.44116	0.01362	0.04825	0.05608	0.01488	0.01637	0.04211	0.01559	0.04508	0.01214	0.00906	0.00554	0.00564	0.00158	0.06899	0.00404	0.00254	0.00717
4	0.05811	0.08906	0.15006	0.01207	0.01671	0.06897	0.10567	0.02078	0.01307	0.37699	0.01430	0.01405	0.00968	0.00564	0.00522	0.00158	0.02130	0.00462	0.00433	0.00780
5	0.00983	0.00926	0.01562	0.80447	0.03587	0.01157	0.01446	0.01331	0.01041	0.01331	0.00926	0.01388	0.00694	0.00521	0.00521	0.00174	0.00694	0.00463	0.00231	0.00579
6	0.01215	0.01130	0.07599	0.14068	0.09706	0.01098	0.03179	0.03925	0.28625	0.07056	0.07971	0.02165	0.04408	0.00713	0.00546	0.00174	0.00512	0.04762	0.00428	0.00722
7	0.01428	0.01320	0.01240	0.00985	0.01348	0.19932	0.00779	0.01621	0.01191	0.09650	0.00991	0.01124	0.00793	0.00501	0.00551	0.00115	0.08463	0.00352	0.00326	0.47289
8	0.01518	0.63963	0.02445	0.00993	0.01399	0.19659	0.00917	0.01677	0.01153	0.01236	0.00742	0.00859	0.00669	0.00466	0.00365	0.00117	0.00644	0.00291	0.00233	0.00654
9	0.01080	0.00926	0.01080	0.00771	0.01234	0.00694	0.00617	0.01311	0.01080	0.01697	0.00926	0.01080	0.00771	0.00386	0.00386	0.00077	0.00386	0.00309	0.00309	0.84882
10	0.01393	0.06004	0.09204	0.06750	0.11265	0.17277	0.11185	0.05303	0.03943	0.05317	0.01065	0.01357	0.00868	0.03727	0.06120	0.00220	0.07567	0.00464	0.00296	0.00674
11	0.01150	0.01199	0.01511	0.62791	0.03115	0.15772	0.01329	0.01448	0.01121	0.01320	0.00974	0.04205	0.00790	0.00564	0.00516	0.00168	0.00726	0.00476	0.00247	0.00578
12	0.00739	0.00531	0.00722	0.00838	0.00920	0.00515	0.00663	0.00908	0.01108	0.01451	0.02905	0.39475	0.06118	0.01520	0.00691	0.00225	0.00392	0.39343	0.00481	0.00453
13	0.00691	0.00550	0.02713	0.00720	0.00813	0.00477	0.00534	0.00862	0.01197	0.01643	0.32173	0.44400	0.06099	0.01366	0.00641	0.00192	0.00297	0.03661	0.00511	0.00461
14	0.01243	0.11850	0.38799	0.05207	0.14131	0.01327	0.09839	0.05147	0.01199	0.05047	0.00992	0.01180	0.00741	0.00492	0.00495	0.00158	0.00705	0.00423	0.00264	0.00761
15	0.42562	0.00945	0.00994	0.00809	0.01173	0.00961	0.00668	0.02050	0.01198	0.41766	0.01411	0.01324	0.00938	0.00566	0.00426	0.00161	0.00424	0.00407	0.00488	0.00730
16	0.00744	0.00558	0.00837	0.00837	0.00930	0.00651	0.00651	0.00930	0.00837	0.01209	0.01395	0.02046	0.01302	0.03906	0.79635	0.00837	0.01395	0.00558	0.00279	0.00465
17	0.00974	0.07398	0.01172	0.00938	0.00995	0.03139	0.00723	0.01059	0.00827	0.01150	0.01168	0.02127	0.01245	0.32786	0.13441	0.00414	0.29139	0.00571	0.00270	0.00464
18	0.01186	0.01276	0.02357	0.01794	0.02066	0.01452	0.40025	0.01467	0.01020	0.01467	0.00874	0.01276	0.00739	0.00668	0.01145	0.00201	0.39566	0.00538	0.00246	0.00638
19	0.01767	0.01254	0.01336	0.01048	0.01403	0.01377	0.00858	0.60819	0.02163	0.03000	0.01345	0.01396	0.00980	0.00621	0.00488	0.00149	0.00504	0.00472	0.18220	0.00801
20	0.02135	0.00950	0.01218	0.00957	0.01340	0.00891	0.00783	0.08035	0.11435	0.61360	0.03880	0.01808	0.01388	0.00662	0.00527	0.00163	0.00444	0.00538	0.00619	0.00868
21	0.01735	0.01161	0.02169	0.01584	0.02048	0.01066	0.39845	0.02096	0.03619	0.36755	0.01540	0.01588	0.01041	0.00540	0.00571	0.00169	0.00666	0.00572	0.00445	0.00790

[dist]
# distance from previous block
# <min> <max>
0	3

[block]
# block no. 6 follows, 47 sequences, length 58
# corresponding to MSA columns:
# 884-941
name=unknown_G
#
# <colnr> <probs for GDERKNQSTAVLIFYWHMCP>
#	G	D	E	R	K	N	Q	S	T	A	V	L	I	F	Y	W	H	M	C	P
0	0.01295	0.01119	0.01178	0.01060	0.01354	0.01295	0.00824	0.02767	0.77509	0.02178	0.02120	0.01943	0.01590	0.00707	0.00530	0.00177	0.00412	0.00589	0.00530	0.00824
1	0.00646	0.00474	0.00609	0.00713	0.00770	0.00437	0.00495	0.00752	0.01038	0.01356	0.03208	0.65266	0.14167	0.01573	0.00661	0.00208	0.00309	0.06405	0.00483	0.00429
2	0.01945	0.02482	0.01476	0.01342	0.01610	0.79608	0.01006	0.02079	0.01476	0.01275	0.00805	0.00939	0.00671	0.00537	0.00470	0.00134	0.00939	0.00335	0.00268	0.00604
3	0.00686	0.00540	0.00700	0.00707	0.00829	0.00553	0.00539	0.00845	0.00986	0.01295	0.03033	0.07824	0.32216	0.02739	0.43440	0.00536	0.00879	0.00828	0.00373	0.00452
4	0.32565	0.00705	0.00724	0.00722	0.00901	0.00737	0.00538	0.01204	0.01037	0.08423	0.08100	0.38054	0.02298	0.01070	0.00520	0.00184	0.00347	0.00905	0.00444	0.00521
5	0.00983	0.00926	0.01562	0.80447	0.03587	0.01157	0.01446	0.01331	0.01041	0.01331	0.00926	0.01388	0.00694	0.00521	0.00521	0.00174	0.00694	0.00463	0.00231	0.00579
6	0.01552	0.00756	0.00985	0.00836	0.01094	0.00696	0.00656	0.07788	0.01476	0.37196	0.23740	0.16418	0.02667	0.00937	0.00574	0.00170	0.00373	0.00807	0.00586	0.00692
7	0.00700	0.00484	0.00596	0.00647	0.00671	0.00466	0.00407	0.00762	0.00928	0.01248	0.08774	0.38997	0.02860	0.38261	0.01570	0.00342	0.00390	0.01103	0.00414	0.00380
8	0.01292	0.00886	0.01016	0.00885	0.01122	0.00909	0.00686	0.29330	0.01669	0.08691	0.12565	0.24683	0.11975	0.01057	0.00586	0.00176	0.00403	0.00901	0.00523	0.00646
9	0.07234	0.24604	0.03049	0.00989	0.01364	0.03254	0.00857	0.16056	0.20118	0.11078	0.05362	0.01462	0.01222	0.00604	0.00459	0.00149	0.00497	0.00457	0.00429	0.00757
10	0.40109	0.01411	0.07834	0.00991	0.01385	0.06390	0.00871	0.29312	0.01532	0.04307	0.00972	0.01044	0.00714	0.00544	0.00424	0.00158	0.00533	0.00369	0.00391	0.00710
11	0.85377	0.01007	0.00765	0.00685	0.01007	0.01168	0.00564	0.01531	0.00886	0.02336	0.00725	0.00846	0.00564	0.00483	0.00322	0.00161	0.00403	0.00282	0.00322	0.00564
12	0.00754	0.00533	0.00695	0.00707	0.00757	0.00567	0.00494	0.00851	0.00838	0.01147	0.01736	0.04332	0.03351	0.41956	0.32064	0.00599	0.00837	0.07070	0.00322	0.00391
13	0.02308	0.00933	0.01237	0.00949	0.01353	0.00834	0.00784	0.08550	0.01568	0.72688	0.01989	0.01730	0.01256	0.00643	0.00523	0.00161	0.00454	0.00519	0.00635	0.00886
14	0.01414	0.75320	0.02648	0.00999	0.04254	0.05587	0.00923	0.01585	0.01082	0.01245	0.00737	0.00857	0.00674	0.00450	0.00347	0.00114	0.00577	0.00288	0.00226	0.00671
15	0.00627	0.00509	0.00557	0.00591	0.00726	0.00439	0.00429	0.00752	0.01141	0.01402	0.05952	0.25612	0.55266	0.01401	0.00631	0.00186	0.00278	0.02578	0.00485	0.00437
16	0.01471	0.01307	0.01551	0.08082	0.01656	0.06064	0.01089	0.27362	0.05726	0.02011	0.00987	0.01232	0.00804	0.00746	0.01060	0.00190	0.37156	0.00461	0.00348	0.00695
17	0.01124	0.31308	0.01949	0.39297	0.06834	0.01437	0.01164	0.01380	0.01052	0.01312	0.01020	0.08043	0.00928	0.00585	0.00463	0.00152	0.00605	0.00481	0.00251	0.00613
18	0.01557	0.00688	0.00932	0.00834	0.01066	0.00609	0.00636	0.01707	0.01264	0.43317	0.02428	0.38230	0.02276	0.01097	0.00588	0.00184	0.00379	0.00962	0.00571	0.00674
19	0.24892	0.01135	0.01351	0.07536	0.01518	0.05785	0.04965	0.01534	0.00995	0.08973	0.00892	0.01135	0.00721	0.00642	0.00868	0.00177	0.28324	0.00403	0.00305	0.07849
20	0.01856	0.01149	0.01669	0.01781	0.25998	0.04110	0.06489	0.08177	0.03191	0.37855	0.01528	0.01521	0.01056	0.00568	0.00525	0.00159	0.00559	0.00501	0.00467	0.00841
21	0.00905	0.00452	0.00678	0.00678	0.00678	0.00452	0.00452	0.00678	0.00678	0.00905	0.00905	0.01583	0.00905	0.01809	0.02035	0.84848	0.00452	0.00452	0.00226	0.00226
22	0.01539	0.33595	0.13545	0.01163	0.01578	0.30914	0.01083	0.01869	0.07608	0.01387	0.00902	0.01006	0.00745	0.00509	0.00425	0.00133	0.00720	0.00342	0.00265	0.00672
23	0.00664	0.00474	0.00638	0.00759	0.00802	0.00448	0.00535	0.00776	0.01026	0.01362	0.02854	0.70506	0.03380	0.01604	0.00673	0.00216	0.00328	0.12043	0.00483	0.00431
24	0.22024	0.52270	0.11669	0.00914	0.01369	0.01736	0.00938	0.01563	0.01021	0.01551	0.00750	0.00871	0.00642	0.00461	0.00351	0.00130	0.00545	0.00292	0.00247	0.00655
25	0.00757	0.00505	0.00568	0.00568	0.00568	0.00505	0.00316	0.00757	0.00757	0.01010	0.01641	0.03408	0.01893	0.81698	0.02651	0.00505	0.00505	0.00757	0.00316	0.00316
26	0.00742	0.00536	0.00704	0.00671	0.00794	0.00497	0.00509	0.00988	0.01460	0.02061	0.74245	0.03993	0.04814	0.01084	0.00620	0.00168	0.00258	0.04798	0.00568	0.00491
27	0.01199	0.08520	0.25487	0.02059	0.16500	0.01333	0.34083	0.01640	0.01168	0.01631	0.00977	0.01245	0.00748	0.00461	0.00537	0.00163	0.00771	0.00490	0.00246	0.00742
28	0.06770	0.08081	0.01699	0.01381	0.06428	0.24335	0.11755	0.03976	0.13045	0.10689	0.01349	0.01417	0.03545	0.00585	0.00527	0.00155	0.02727	0.00469	0.00364	0.00703
29	0.01608	0.01195	0.01303	0.01069	0.01426	0.01301	0.00857	0.30309	0.34851	0.09115	0.01709	0.03456	0.01277	0.00666	0.00517	0.00160	0.00470	0.00536	0.00517	0.07657
30	0.01434	0.05171	0.11825	0.03196	0.03511	0.02604	0.03876	0.14003	0.07454	0.14815	0.05411	0.01771	0.07570	0.00633	0.00502	0.00147	0.00515	0.00519	0.00422	0.14620
31	0.01108	0.03108	0.22599	0.37832	0.02730	0.01133	0.08991	0.01512	0.01125	0.06207	0.04571	0.01427	0.00928	0.00531	0.00518	0.00165	0.00682	0.00473	0.00275	0.04085
32	0.33281	0.00996	0.01265	0.32286	0.08355	0.01141	0.01032	0.04213	0.01093	0.10370	0.00990	0.01212	0.00728	0.00519	0.00445	0.00165	0.00545	0.00401	0.00324	0.00638
33	0.01607	0.08793	0.30671	0.01257	0.01807	0.01432	0.01313	0.36100	0.01746	0.08615	0.01152	0.01200	0.00815	0.00562	0.00495	0.00156	0.00635	0.00425	0.00392	0.00824
34	0.01100	0.01599	0.25688	0.22631	0.18281	0.01188	0.14592	0.01529	0.01130	0.01575	0.01057	0.01516	0.00847	0.00535	0.00538	0.00171	0.00722	0.04346	0.00252	0.00704
35	0.00744	0.00557	0.00830	0.00830	0.00921	0.00647	0.00643	0.00926	0.00835	0.01204	0.01401	0.02080	0.01317	0.05834	0.77726	0.00829	0.01373	0.00563	0.00280	0.00461
36	0.01224	0.01259	0.08312	0.37834	0.02915	0.01218	0.26087	0.06559	0.01231	0.06698	0.01064	0.01386	0.00775	0.00507	0.00550	0.00172	0.00736	0.00511	0.00287	0.00675
37	0.08547	0.01276	0.07959	0.03222	0.17483	0.01340	0.05763	0.06911	0.01119	0.07931	0.00988	0.02696	0.00822	0.00683	0.00955	0.00187	0.30651	0.00472	0.00303	0.00692
38	0.00760	0.00547	0.00725	0.00822	0.00912	0.00531	0.00657	0.00928	0.01101	0.01431	0.02885	0.24511	0.09456	0.09861	0.00898	0.00255	0.00419	0.42392	0.00464	0.00445
39	0.01577	0.00782	0.01002	0.00837	0.01117	0.00736	0.00665	0.01978	0.12413	0.38250	0.29575	0.02567	0.02644	0.00804	0.00554	0.00163	0.00363	0.00683	0.02565	0.00725
40	0.01582	0.05582	0.10077	0.02832	0.01641	0.09110	0.06329	0.19038	0.20832	0.10976	0.01419	0.01448	0.01044	0.00662	0.00591	0.04573	0.00592	0.00483	0.00424	0.00765
41	0.01310	0.01505	0.20793	0.08896	0.32142	0.01135	0.08892	0.01691	0.01210	0.11874	0.04654	0.01446	0.01019	0.00525	0.00526	0.00162	0.00647	0.00489	0.00312	0.00771
42	0.00658	0.00529	0.00586	0.00572	0.00729	0.00458	0.00429	0.00829	0.01287	0.01644	0.30652	0.04621	0.52714	0.01230	0.00615	0.00172	0.00257	0.01044	0.00515	0.00458
43	0.01244	0.23944	0.15768	0.01212	0.01647	0.01421	0.11035	0.03057	0.23682	0.03069	0.01423	0.07835	0.01194	0.00633	0.00491	0.00158	0.00572	0.00538	0.00352	0.00724
44	0.01322	0.40726	0.33110	0.01170	0.01737	0.04622	0.01317	0.07707	0.01203	0.01563	0.00854	0.00979	0.00683	0.00483	0.00419	0.00137	0.00658	0.00339	0.00248	0.00724
45	0.02013	0.01322	0.01468	0.01135	0.01541	0.01422	0.00934	0.57228	0.06597	0.18700	0.01465	0.01397	0.01009	0.00634	0.00522	0.00158	0.00537	0.00487	0.00547	0.00882
46	0.00656	0.00469	0.00629	0.00750	0.00790	0.00442	0.00521	0.00763	0.01019	0.01354	0.02858	0.73286	0.03396	0.01611	0.00671	0.00215	0.00321	0.09337	0.00483	0.00429
47	0.01159	0.07717	0.01689	0.37567	0.02428	0.08127	0.02667	0.01392	0.00997	0.01296	0.00815	0.01217	0.00688	0.00654	0.00926	0.00185	0.29219	0.00437	0.00233	0.00587
48	0.00757	0.00505	0.00568	0.00568	0.00568	0.00505	0.00316	0.00757	0.00757	0.01010	0.01641	0.03408	0.01893	0.81698	0.02651	0.00505	0.00505	0.00757	0.00316	0.00316
49	0.00782	0.00568	0.00759	0.00808	0.00934	0.00545	0.00671	0.01014	0.01301	0.01744	0.31253	0.05056	0.10178	0.01288	0.00671	0.00206	0.00373	0.40854	0.00515	0.00481
50	0.01210	0.01329	0.08341	0.17201	0.17510	0.04960	0.02877	0.04349	0.05493	0.01532	0.00930	0.01262	0.00774	0.00659	0.00939	0.00186	0.29053	0.00459	0.00265	0.00671
51	0.01662	0.00886	0.01110	0.00974	0.01276	0.00884	0.00801	0.02253	0.24169	0.37132	0.02245	0.02819	0.01793	0.00856	0.00573	0.00185	0.00443	0.18602	0.00570	0.00769
52	0.00819	0.00531	0.00553	0.00543	0.00692	0.00499	0.00409	0.01066	0.04053	0.01763	0.12191	0.03348	0.31177	0.00937	0.00496	0.00149	0.00257	0.00778	0.39256	0.00481
53	0.85377	0.01007	0.00765	0.00685	0.01007	0.01168	0.00564	0.01531	0.00886	0.02336	0.00725	0.00846	0.00564	0.00483	0.00322	0.00161	0.00403	0.00282	0.00322	0.00564
54	0.07587	0.00570	0.00687	0.00646	0.00790	0.00542	0.00489	0.01006	0.01401	0.02047	0.65352	0.03744	0.11144	0.01040	0.00591	0.00165	0.00260	0.00902	0.00545	0.00493
55	0.32934	0.36526	0.01819	0.01046	0.07864	0.03223	0.00840	0.07655	0.01126	0.01851	0.00791	0.00914	0.00660	0.00478	0.00363	0.00138	0.00514	0.00312	0.00288	0.00659
56	0.01472	0.00982	0.01131	0.00986	0.01265	0.01055	0.00772	0.15229	0.31126	0.17335	0.02032	0.15250	0.01701	0.01054	0.05911	0.00221	0.00494	0.00704	0.00526	0.00755
57	0.05792	0.39635	0.07725	0.04409	0.02599	0.01566	0.00942	0.05716	0.14044	0.04394	0.01238	0.07656	0.01080	0.00612	0.00433	0.00145	0.00523	0.00466	0.00333	0.00695

[dist]
# distance from previous block
# <min> <max>
0	3

[block]
# block no. 7 follows, 47 sequences, length 26
# corresponding to MSA columns:
# 945-970
name=unknown_H
#
# <colnr> <probs for GDERKNQSTAVLIFYWHMCP>
#	G	D	E	R	K	N	Q	S	T	A	V	L	I	F	Y	W	H	M	C	P
0	0.01342	0.03339	0.08711	0.01006	0.02895	0.07487	0.00861	0.04852	0.07672	0.10651	0.02944	0.01539	0.01091	0.00549	0.00461	0.00125	0.00497	0.04275	0.00374	0.39331
1	0.03297	0.01365	0.11021	0.04021	0.02944	0.08107	0.02377	0.07050	0.12326	0.15104	0.05679	0.01529	0.01189	0.00720	0.02104	0.00180	0.14180	0.00488	0.00396	0.05924
2	0.00696	0.00485	0.00613	0.00678	0.00712	0.00466	0.00446	0.00779	0.00974	0.01308	0.09717	0.44193	0.03049	0.28143	0.01322	0.00306	0.00373	0.04909	0.00436	0.00397
3	0.01295	0.01179	0.01862	0.16207	0.31649	0.01256	0.10527	0.06171	0.18800	0.03827	0.01285	0.01482	0.00989	0.00541	0.00532	0.00166	0.00609	0.00513	0.00341	0.00771
4	0.01317	0.01202	0.01733	0.09237	0.12677	0.01308	0.15012	0.09250	0.38217	0.02040	0.01565	0.01633	0.01182	0.00597	0.00542	0.00171	0.00570	0.00553	0.00413	0.00784
5	0.01123	0.00793	0.00947	0.00870	0.01084	0.00827	0.00688	0.03940	0.26153	0.09477	0.33518	0.03249	0.03104	0.00946	0.00590	0.00178	0.00361	0.10953	0.00552	0.00647
6	0.01486	0.52146	0.09032	0.03689	0.04296	0.04078	0.01037	0.12640	0.01299	0.04725	0.00891	0.00994	0.00731	0.00490	0.00400	0.00129	0.00591	0.00340	0.00286	0.00719
7	0.00701	0.00493	0.00594	0.00647	0.00682	0.00472	0.00418	0.00762	0.00916	0.01202	0.02528	0.33711	0.09914	0.38548	0.01580	0.00345	0.00402	0.05300	0.00406	0.00378
8	0.00753	0.00523	0.00660	0.00660	0.00692	0.00555	0.00431	0.00817	0.00785	0.01078	0.01556	0.02940	0.01690	0.54989	0.29083	0.00619	0.00810	0.00689	0.00303	0.00367
9	0.01103	0.00894	0.00984	0.00881	0.01118	0.00968	0.00683	0.09088	0.36963	0.02165	0.26740	0.02860	0.11607	0.00885	0.00566	0.00170	0.00357	0.00750	0.00537	0.00678
10	0.02144	0.01194	0.01399	0.01073	0.01483	0.01223	0.00886	0.42475	0.02006	0.38145	0.01622	0.01491	0.01072	0.00634	0.00522	0.00159	0.00513	0.00494	0.00578	0.00886
11	0.01139	0.01139	0.01595	0.01367	0.01367	0.01595	0.01139	0.01253	0.00798	0.01253	0.00684	0.01139	0.00684	0.00911	0.01709	0.00228	0.80745	0.00456	0.00228	0.00570
12	0.01045	0.02694	0.79000	0.01484	0.02254	0.01209	0.01924	0.01649	0.01099	0.01649	0.00935	0.01099	0.00660	0.00495	0.00495	0.00165	0.00770	0.00385	0.00220	0.00770
13	0.46501	0.00791	0.00681	0.00620	0.00867	0.00870	0.00497	0.01466	0.01006	0.06906	0.01197	0.01341	0.00917	0.00543	0.00351	0.00145	0.00341	0.00378	0.34029	0.00552
14	0.00634	0.00453	0.00604	0.00725	0.00755	0.00423	0.00483	0.00725	0.00997	0.01329	0.02870	0.81358	0.03444	0.01632	0.00665	0.00211	0.00302	0.01480	0.00483	0.00423
15	0.12471	0.01189	0.20173	0.01006	0.01255	0.00900	0.00952	0.01146	0.00977	0.01535	0.01761	0.38117	0.01936	0.01082	0.00736	0.00196	0.12776	0.00887	0.00357	0.00551
