[name]
unknown

[dist]
# distance from previous block
# <min> <max>
3	458

[block]
# block no. 0 follows, 44 sequences, length 72
# corresponding to MSA columns:
# 547-554,556-581,590-627
name=unknown_A
#
# <colnr> <probs for GDERKNQSTAVLIFYWHMCP>
#	G	D	E	R	K	N	Q	S	T	A	V	L	I	F	Y	W	H	M	C	P
0	0.15709	0.10220	0.09237	0.06844	0.16574	0.04828	0.01162	0.10980	0.01325	0.04771	0.02975	0.01250	0.00891	0.00560	0.00537	0.00158	0.04601	0.00421	0.00332	0.06623
1	0.03631	0.01028	0.01332	0.06056	0.01551	0.00995	0.06051	0.14038	0.07327	0.14683	0.13986	0.01995	0.03971	0.00678	0.00534	0.00151	0.00478	0.00577	0.00479	0.20460
2	0.00933	0.00797	0.01209	0.00970	0.01245	0.00702	0.13583	0.01189	0.01292	0.01838	0.27896	0.07544	0.10692	0.04477	0.00677	0.00172	0.00422	0.00799	0.04717	0.18845
3	0.15882	0.01216	0.01390	0.01188	0.06034	0.01273	0.00914	0.31180	0.04670	0.28523	0.01522	0.01455	0.01039	0.00630	0.00512	0.00167	0.00520	0.00482	0.00539	0.00865
4	0.01463	0.00708	0.00932	0.00798	0.01050	0.00626	0.00626	0.01677	0.01486	0.34178	0.33045	0.08472	0.10661	0.00995	0.00607	0.00175	0.00351	0.00855	0.00616	0.00680
5	0.00779	0.00584	0.00876	0.00876	0.00974	0.00681	0.00681	0.00974	0.00876	0.01266	0.01460	0.02142	0.01363	0.04089	0.78680	0.00876	0.01460	0.00584	0.00292	0.00487
6	0.00799	0.00493	0.00579	0.00648	0.00727	0.00469	0.00452	0.00958	0.01096	0.01644	0.02704	0.45112	0.07786	0.01272	0.00571	0.00182	0.00290	0.01121	0.32628	0.00469
7	0.84691	0.01054	0.00801	0.00717	0.01054	0.01223	0.00590	0.01603	0.00928	0.02446	0.00759	0.00886	0.00590	0.00506	0.00337	0.00169	0.00422	0.00295	0.00337	0.00590
8	0.00782	0.00534	0.00611	0.00605	0.00632	0.00523	0.00360	0.00825	0.00920	0.01235	0.12384	0.03724	0.06272	0.65706	0.02370	0.00461	0.00478	0.00838	0.00377	0.00363
9	0.01458	0.81168	0.02857	0.00933	0.01399	0.02157	0.00933	0.01632	0.01108	0.01283	0.00758	0.00875	0.00700	0.00466	0.00350	0.00117	0.00583	0.00292	0.00233	0.00700
10	0.01689	0.00951	0.01188	0.00876	0.01334	0.00758	0.00712	0.01918	0.01313	0.34068	0.01471	0.01438	0.01038	0.00519	0.00465	0.00118	0.00429	0.00419	0.00472	0.48822
11	0.01356	0.01171	0.01233	0.01109	0.01418	0.01356	0.00863	0.02897	0.76455	0.02281	0.02219	0.02034	0.01664	0.00740	0.00555	0.00185	0.00431	0.00616	0.00555	0.00863
12	0.02435	0.00946	0.01276	0.00978	0.01401	0.00828	0.00808	0.04838	0.01590	0.75593	0.02126	0.01839	0.01337	0.00674	0.00548	0.00169	0.00468	0.00547	0.00671	0.00928
13	0.01543	0.48996	0.02431	0.01389	0.13855	0.04971	0.01061	0.13022	0.01372	0.01720	0.00899	0.01035	0.00766	0.00499	0.00419	0.00131	0.00604	0.00358	0.00293	0.04635
14	0.17770	0.01437	0.01478	0.01152	0.01570	0.01602	0.00952	0.61558	0.02253	0.03248	0.01204	0.01228	0.00863	0.00626	0.00506	0.00165	0.00566	0.00454	0.00506	0.00863
15	0.00664	0.00474	0.00633	0.00759	0.00791	0.00443	0.00506	0.00759	0.01044	0.01392	0.03005	0.80485	0.03606	0.01708	0.00696	0.00221	0.00316	0.01550	0.00506	0.00443
16	0.01193	0.01193	0.01670	0.01431	0.01431	0.01670	0.01193	0.01312	0.00835	0.01312	0.00716	0.01193	0.00716	0.00954	0.01789	0.00239	0.79843	0.00477	0.00239	0.00596
17	0.00729	0.00537	0.00682	0.00685	0.00798	0.00490	0.00499	0.00931	0.01384	0.01900	0.49772	0.22205	0.14787	0.01291	0.00656	0.00185	0.00274	0.01141	0.00565	0.00490
18	0.84691	0.01054	0.00801	0.00717	0.01054	0.01223	0.00590	0.01603	0.00928	0.02446	0.00759	0.00886	0.00590	0.00506	0.00337	0.00169	0.00422	0.00295	0.00337	0.00590
19	0.01891	0.01876	0.01607	0.01346	0.01639	0.31343	0.01073	0.33202	0.01842	0.02223	0.01017	0.01161	0.00800	0.00676	0.00761	0.00169	0.15804	0.00434	0.00385	0.00751
20	0.00664	0.00474	0.00633	0.00759	0.00791	0.00443	0.00506	0.00759	0.01044	0.01392	0.03005	0.80485	0.03606	0.01708	0.00696	0.00221	0.00316	0.01550	0.00506	0.00443
21	0.00717	0.00525	0.00679	0.00756	0.00831	0.00495	0.00536	0.00896	0.03138	0.01597	0.18084	0.52671	0.09020	0.01526	0.00682	0.00210	0.00317	0.06320	0.00526	0.00473
22	0.05727	0.01329	0.02524	0.01854	0.02340	0.01287	0.50061	0.02038	0.12595	0.12422	0.01398	0.01579	0.01013	0.00534	0.00601	0.00181	0.00757	0.00608	0.00376	0.00774
23	0.16063	0.00679	0.00687	0.00635	0.00860	0.00647	0.00494	0.01229	0.01236	0.10267	0.10505	0.03527	0.37678	0.01016	0.00542	0.00170	0.00318	0.00825	0.12075	0.00547
24	0.00841	0.00653	0.00896	0.11782	0.01381	0.00665	0.00836	0.01071	0.01212	0.01539	0.03199	0.05186	0.20258	0.04368	0.00776	0.00236	0.00481	0.43661	0.00460	0.00500
25	0.01566	0.00742	0.00929	0.00776	0.01075	0.00638	0.00619	0.01752	0.01431	0.40084	0.10538	0.03424	0.32155	0.00999	0.00596	0.00175	0.00369	0.00831	0.00600	0.00701
26	0.00664	0.00474	0.00633	0.00759	0.00791	0.00443	0.00506	0.00759	0.01044	0.01392	0.03005	0.80485	0.03606	0.01708	0.00696	0.00221	0.00316	0.01550	0.00506	0.00443
27	0.01074	0.01014	0.01715	0.68955	0.13983	0.01223	0.01536	0.01432	0.01111	0.01447	0.00977	0.01439	0.00746	0.00537	0.00544	0.00179	0.00716	0.00485	0.00246	0.00641
28	0.01208	0.01118	0.01656	0.08042	0.01672	0.01453	0.06366	0.01410	0.02782	0.05296	0.01070	0.08076	0.01027	0.00930	0.01416	0.00224	0.54756	0.00588	0.00294	0.00617
29	0.00738	0.00506	0.00611	0.00664	0.00678	0.00492	0.00405	0.00778	0.00899	0.01199	0.02264	0.36232	0.02672	0.47236	0.01892	0.00398	0.00438	0.01114	0.00405	0.00378
30	0.01245	0.01389	0.02946	0.02138	0.02620	0.01349	0.65114	0.01662	0.01227	0.01683	0.01102	0.01499	0.00857	0.00749	0.06220	0.00236	0.06352	0.00628	0.00274	0.00708
31	0.01125	0.06497	0.01801	0.23983	0.29047	0.01162	0.05555	0.01414	0.01162	0.01582	0.03486	0.13422	0.01398	0.00733	0.00584	0.00177	0.02034	0.02124	0.02035	0.00680
32	0.02091	0.01229	0.05281	0.01091	0.01497	0.02649	0.00932	0.23302	0.05283	0.40886	0.01754	0.01638	0.01175	0.00671	0.00585	0.00168	0.03596	0.00519	0.04775	0.00879
33	0.84691	0.01054	0.00801	0.00717	0.01054	0.01223	0.00590	0.01603	0.00928	0.02446	0.00759	0.00886	0.00590	0.00506	0.00337	0.00169	0.00422	0.00295	0.00337	0.00590
34	0.01058	0.00810	0.01071	0.00966	0.01061	0.00950	0.00762	0.01210	0.01120	0.08266	0.15868	0.11013	0.11892	0.06780	0.01203	0.00228	0.29390	0.02088	0.03711	0.00553
35	0.01157	0.01102	0.01878	0.44659	0.31359	0.01234	0.04192	0.01526	0.02645	0.01569	0.01068	0.03284	0.00868	0.00551	0.00550	0.00175	0.00688	0.00518	0.00266	0.00709
36	0.01212	0.01022	0.01173	0.00860	0.01329	0.00838	0.00688	0.06709	0.06380	0.01928	0.01078	0.01205	0.00874	0.00444	0.00424	0.00094	0.00419	0.00355	0.00355	0.72613
37	0.00664	0.00543	0.00586	0.00596	0.00754	0.00465	0.00439	0.00812	0.01258	0.01558	0.14778	0.14396	0.58488	0.01386	0.00651	0.00187	0.00279	0.01178	0.00519	0.00465
38	0.01049	0.00600	0.00791	0.00758	0.00913	0.00543	0.00562	0.01238	0.01369	0.16263	0.35337	0.28844	0.07107	0.01238	0.00642	0.00188	0.00317	0.01096	0.00579	0.00567
39	0.00667	0.00477	0.00635	0.00757	0.00791	0.00445	0.00506	0.00767	0.01058	0.01414	0.05095	0.78331	0.03649	0.01691	0.00694	0.00220	0.00315	0.01534	0.00509	0.00445
40	0.00754	0.00560	0.00704	0.00676	0.00815	0.00510	0.00513	0.00989	0.01475	0.02031	0.60755	0.04381	0.18079	0.01181	0.00648	0.00177	0.00272	0.04396	0.00579	0.00504
41	0.84691	0.01054	0.00801	0.00717	0.01054	0.01223	0.00590	0.01603	0.00928	0.02446	0.00759	0.00886	0.00590	0.00506	0.00337	0.00169	0.00422	0.00295	0.00337	0.00590
42	0.84691	0.01054	0.00801	0.00717	0.01054	0.01223	0.00590	0.01603	0.00928	0.02446	0.00759	0.00886	0.00590	0.00506	0.00337	0.00169	0.00422	0.00295	0.00337	0.00590
43	0.32500	0.00974	0.01096	0.00878	0.01268	0.00955	0.00724	0.02272	0.01329	0.50275	0.01642	0.01501	0.01072	0.00613	0.00471	0.00169	0.00448	0.00456	0.00551	0.00805
44	0.01356	0.01171	0.01233	0.01109	0.01418	0.01356	0.00863	0.02897	0.76455	0.02281	0.02219	0.02034	0.01664	0.00740	0.00555	0.00185	0.00431	0.00616	0.00555	0.00863
45	0.38033	0.01160	0.01132	0.00949	0.01312	0.01290	0.00771	0.17305	0.17842	0.13077	0.01384	0.01358	0.01000	0.00611	0.00457	0.00171	0.00466	0.00441	0.00475	0.00766
46	0.01026	0.00871	0.01380	0.03724	0.31746	0.00870	0.01134	0.01276	0.01201	0.01636	0.02120	0.19726	0.02267	0.01117	0.00651	0.00207	0.00527	0.27480	0.00404	0.00637
47	0.00697	0.00554	0.00626	0.00608	0.00769	0.00483	0.00456	0.00885	0.01368	0.01770	0.35388	0.04757	0.47167	0.01270	0.00644	0.00179	0.00268	0.01082	0.00545	0.00483
48	0.84691	0.01054	0.00801	0.00717	0.01054	0.01223	0.00590	0.01603	0.00928	0.02446	0.00759	0.00886	0.00590	0.00506	0.00337	0.00169	0.00422	0.00295	0.00337	0.00590
49	0.01458	0.81168	0.02857	0.00933	0.01399	0.02157	0.00933	0.01632	0.01108	0.01283	0.00758	0.00875	0.00700	0.00466	0.00350	0.00117	0.00583	0.00292	0.00233	0.00700
50	0.01130	0.00969	0.01130	0.00807	0.01292	0.00727	0.00646	0.01373	0.01130	0.01776	0.00969	0.01130	0.00807	0.00404	0.00404	0.00081	0.00404	0.00323	0.00323	0.84173
51	0.01908	0.01445	0.01543	0.01221	0.01628	0.01614	0.00996	0.58906	0.19547	0.03170	0.01518	0.01476	0.01097	0.00674	0.00548	0.00169	0.00561	0.00520	0.00548	0.00912
52	0.60459	0.00917	0.00784	0.00743	0.01002	0.01037	0.00598	0.01419	0.00958	0.02131	0.01212	0.02048	0.01166	0.11808	0.00738	0.00231	0.00449	0.11398	0.00361	0.00541
53	0.01271	0.01216	0.02072	0.21965	0.59432	0.01275	0.01634	0.01605	0.01204	0.01686	0.01012	0.01375	0.00830	0.00500	0.00541	0.00167	0.00667	0.00485	0.00263	0.00801
54	0.01764	0.35208	0.02046	0.01044	0.01469	0.01700	0.00927	0.30223	0.01753	0.11325	0.06520	0.01385	0.01178	0.00609	0.00470	0.00145	0.00552	0.00448	0.00432	0.00802
55	0.01214	0.17874	0.48838	0.01658	0.12545	0.01449	0.01696	0.01761	0.05010	0.01675	0.01005	0.01170	0.00766	0.00515	0.00490	0.00161	0.00721	0.00403	0.00253	0.00796
56	0.01595	0.02143	0.42916	0.01377	0.02011	0.01336	0.01533	0.25416	0.01659	0.12928	0.01248	0.01300	0.00858	0.00583	0.00531	0.00169	0.00692	0.00451	0.00393	0.00862
57	0.01030	0.00969	0.01635	0.79530	0.03755	0.01211	0.01514	0.01393	0.01090	0.01393	0.00969	0.01453	0.00727	0.00545	0.00545	0.00182	0.00727	0.00484	0.00242	0.00606
58	0.01153	0.12034	0.01629	0.03259	0.15290	0.01040	0.08725	0.03495	0.01413	0.05813	0.35333	0.02626	0.04356	0.00797	0.00574	0.00164	0.00475	0.00717	0.00446	0.00661
59	0.00751	0.00545	0.00725	0.00828	0.00916	0.00520	0.00639	0.00921	0.01177	0.01546	0.08416	0.40000	0.10298	0.01560	0.00709	0.00226	0.00379	0.28862	0.00511	0.00472
60	0.00685	0.00489	0.00656	0.00782	0.00823	0.00460	0.00541	0.00794	0.01064	0.01414	0.02994	0.73449	0.03561	0.01689	0.00701	0.00224	0.00334	0.08385	0.00506	0.00448
61	0.03208	0.17641	0.05654	0.01162	0.01574	0.06318	0.01008	0.29856	0.23665	0.02431	0.01408	0.01397	0.01064	0.00626	0.00500	0.00159	0.00578	0.00471	0.00449	0.00832
62	0.01536	0.38141	0.11444	0.00997	0.01438	0.01486	0.00972	0.01836	0.05036	0.18111	0.01271	0.01438	0.01014	0.06362	0.04235	0.00202	0.00609	0.00428	0.00358	0.03088
63	0.01416	0.23847	0.43833	0.01295	0.01940	0.01471	0.01515	0.05602	0.01264	0.11415	0.01085	0.01174	0.00789	0.00531	0.00477	0.00156	0.00691	0.00396	0.00304	0.00799
64	0.04508	0.15287	0.02999	0.01026	0.03592	0.01181	0.00839	0.02185	0.21122	0.26143	0.06612	0.02134	0.07263	0.00735	0.00523	0.00166	0.00461	0.01926	0.00511	0.00786
65	0.00722	0.00555	0.00660	0.00634	0.00784	0.00493	0.00475	0.00933	0.01426	0.01908	0.49216	0.04530	0.33253	0.01218	0.00644	0.00176	0.00265	0.01050	0.00564	0.00493
66	0.05065	0.07434	0.12233	0.01472	0.03427	0.01141	0.25548	0.01706	0.01224	0.15883	0.01579	0.08868	0.03501	0.06155	0.00742	0.00201	0.02084	0.00653	0.00375	0.00709
67	0.07011	0.03224	0.04495	0.19318	0.06514	0.09598	0.06333	0.03182	0.02681	0.15273	0.01309	0.01731	0.01041	0.00730	0.01993	0.00193	0.08670	0.05640	0.00364	0.00700
68	0.02037	0.02598	0.01545	0.01404	0.01685	0.78652	0.01053	0.02177	0.01545	0.01334	0.00843	0.00983	0.00702	0.00562	0.00492	0.00140	0.00983	0.00351	0.00281	0.00632
69	0.01478	0.00829	0.01017	0.00899	0.03110	0.00782	0.00687	0.06108	0.09774	0.28450	0.17507	0.03151	0.22019	0.00947	0.00592	0.00175	0.00384	0.00794	0.00585	0.00716
70	0.01606	0.14273	0.11156	0.15519	0.03729	0.02930	0.13867	0.09027	0.01397	0.19376	0.01264	0.01394	0.00901	0.00554	0.00527	0.00165	0.00676	0.00483	0.00376	0.00778
71	0.35116	0.01498	0.12193	0.05691	0.01841	0.05803	0.15777	0.06877	0.01187	0.02073	0.00949	0.02463	0.00747	0.00560	0.00546	0.00176	0.05078	0.00438	0.00314	0.00674

[dist]
# distance from previous block
# <min> <max>
0	1

[block]
# block no. 1 follows, 44 sequences, length 12
# corresponding to MSA columns:
# 629-640
name=unknown_B
#
# <colnr> <probs for GDERKNQSTAVLIFYWHMCP>
#	G	D	E	R	K	N	Q	S	T	A	V	L	I	F	Y	W	H	M	C	P
0	0.00655	0.00535	0.00571	0.00598	0.00742	0.00459	0.00430	0.00778	0.01182	0.01438	0.04831	0.21220	0.58450	0.04696	0.00742	0.00206	0.00295	0.01221	0.00499	0.00451
1	0.01578	0.01112	0.01352	0.08144	0.05877	0.01193	0.00960	0.27042	0.13373	0.12183	0.09685	0.04157	0.04032	0.00808	0.00579	0.00178	0.00511	0.05928	0.00522	0.00786
2	0.01484	0.06355	0.05753	0.07059	0.41448	0.03270	0.07219	0.10002	0.01387	0.06770	0.01100	0.01340	0.00864	0.00535	0.00573	0.00165	0.03051	0.00483	0.00321	0.00823
3	0.26853	0.12528	0.01173	0.00801	0.01087	0.01126	0.00664	0.11285	0.01414	0.02270	0.29150	0.02311	0.05809	0.00784	0.00493	0.00162	0.00402	0.00614	0.00455	0.00618
4	0.00722	0.00511	0.00615	0.00674	0.00714	0.00486	0.00434	0.00787	0.00971	0.01271	0.02772	0.37303	0.11784	0.34368	0.01551	0.00345	0.00405	0.03454	0.00433	0.00400
5	0.01598	0.06728	0.19509	0.05339	0.07426	0.03206	0.12754	0.30296	0.01739	0.04474	0.01144	0.01288	0.00836	0.00563	0.00540	0.00166	0.00709	0.00480	0.00376	0.00829
6	0.01578	0.01268	0.01698	0.16925	0.25601	0.09075	0.02819	0.03638	0.07153	0.16979	0.01318	0.01472	0.00977	0.00560	0.00531	0.00161	0.00631	0.00486	0.00379	0.06750
7	0.00774	0.00545	0.00664	0.00641	0.00720	0.00517	0.00433	0.00919	0.01218	0.01683	0.42307	0.03924	0.07527	0.34079	0.01524	0.00320	0.00370	0.00915	0.00484	0.00436
8	0.00667	0.00485	0.00629	0.00737	0.00787	0.00447	0.00498	0.00772	0.01082	0.01431	0.06217	0.70436	0.10496	0.01654	0.00689	0.00216	0.00310	0.01490	0.00510	0.00447
9	0.01449	0.42587	0.14953	0.01204	0.04359	0.03861	0.03211	0.04922	0.10208	0.05251	0.01173	0.01246	0.02352	0.00546	0.00445	0.00144	0.00614	0.00405	0.00314	0.00757
10	0.00947	0.00649	0.00720	0.00674	0.00727	0.00668	0.00415	0.09804	0.01006	0.01344	0.01669	0.03296	0.01855	0.71185	0.02506	0.00485	0.00537	0.00756	0.00356	0.00402
11	0.26296	0.34685	0.13155	0.01038	0.01506	0.05615	0.02819	0.06411	0.01180	0.01847	0.00839	0.00966	0.00684	0.00503	0.00398	0.00146	0.00597	0.00333	0.00287	0.00695

[dist]
# distance from previous block
# <min> <max>
1	9

[block]
# block no. 2 follows, 44 sequences, length 45
# corresponding to MSA columns:
# 683-727
name=unknown_C
#
# <colnr> <probs for GDERKNQSTAVLIFYWHMCP>
#	G	D	E	R	K	N	Q	S	T	A	V	L	I	F	Y	W	H	M	C	P
0	0.03614	0.03921	0.11782	0.01133	0.01507	0.09874	0.00997	0.07369	0.35802	0.02119	0.10633	0.01880	0.01689	0.00698	0.00533	0.00168	0.00538	0.00561	0.00458	0.04727
1	0.37299	0.22314	0.03126	0.01045	0.05366	0.10466	0.00848	0.01814	0.02961	0.09032	0.00953	0.01043	0.00746	0.00523	0.00398	0.00152	0.00554	0.00345	0.00335	0.00681
2	0.02238	0.00875	0.01191	0.00945	0.01322	0.00759	0.00767	0.02436	0.01500	0.68905	0.02250	0.11024	0.01613	0.00795	0.00565	0.00175	0.00447	0.00665	0.00655	0.00871
3	0.00841	0.00824	0.04875	0.02699	0.08203	0.00695	0.07754	0.01089	0.01316	0.01751	0.26203	0.09568	0.29872	0.01094	0.00630	0.00180	0.00404	0.00970	0.00472	0.00559
4	0.00754	0.00548	0.00700	0.00749	0.00843	0.00516	0.00560	0.00923	0.01225	0.01636	0.23628	0.24298	0.12989	0.10685	0.00930	0.00245	0.00361	0.17434	0.00511	0.00465
5	0.01102	0.00612	0.00785	0.00709	0.00886	0.00562	0.00543	0.01346	0.01467	0.15431	0.49626	0.05545	0.03826	0.00977	0.00585	0.00165	0.00295	0.00848	0.14106	0.00584
6	0.02018	0.05164	0.01588	0.01389	0.01676	0.76153	0.01049	0.02159	0.01531	0.01333	0.00840	0.00980	0.00702	0.00559	0.00487	0.00140	0.00970	0.00349	0.00279	0.00634
7	0.02037	0.02598	0.01545	0.01404	0.01685	0.78652	0.01053	0.02177	0.01545	0.01334	0.00843	0.00983	0.00702	0.00562	0.00492	0.00140	0.00983	0.00351	0.00281	0.00632
8	0.01561	0.17096	0.05084	0.00994	0.01315	0.08989	0.00860	0.01799	0.03328	0.23884	0.01802	0.08116	0.03300	0.03351	0.09704	0.00260	0.00661	0.06767	0.00436	0.00692
9	0.01381	0.41552	0.29856	0.01255	0.03851	0.03816	0.01347	0.04847	0.03179	0.03031	0.00935	0.01058	0.00748	0.00507	0.00437	0.00144	0.00671	0.00360	0.00264	0.00759
10	0.00947	0.00473	0.00710	0.00710	0.00710	0.00473	0.00473	0.00710	0.00710	0.00947	0.00947	0.01657	0.00947	0.01894	0.02131	0.84138	0.00473	0.00473	0.00237	0.00237
11	0.00894	0.00780	0.01087	0.01047	0.01076	0.00973	0.00809	0.01014	0.00934	0.01340	0.01848	0.36588	0.02100	0.01770	0.13106	0.00329	0.32457	0.00970	0.00366	0.00511
12	0.23449	0.08997	0.03178	0.04083	0.06013	0.07436	0.00954	0.21138	0.14231	0.03740	0.01209	0.01268	0.00916	0.00588	0.00469	0.00163	0.00562	0.00430	0.00410	0.00765
13	0.14095	0.07875	0.09913	0.03444	0.18058	0.06672	0.07965	0.13809	0.01395	0.03370	0.01003	0.01195	0.00784	0.00542	0.00547	0.00162	0.04073	0.00432	0.00327	0.04338
14	0.00771	0.00559	0.00749	0.00859	0.00953	0.00537	0.00682	0.00950	0.01177	0.01535	0.04812	0.35227	0.10152	0.01565	0.00718	0.00231	0.00403	0.37138	0.00506	0.00475
15	0.09119	0.01577	0.01636	0.04931	0.14549	0.13786	0.01122	0.39801	0.01944	0.04651	0.01147	0.01248	0.00854	0.00594	0.00518	0.00161	0.00655	0.00452	0.00429	0.00826
16	0.01381	0.00734	0.01014	0.00910	0.01134	0.00741	0.00727	0.01668	0.05542	0.27327	0.09440	0.02470	0.01861	0.02290	0.35304	0.00489	0.00886	0.04941	0.00480	0.00661
17	0.00703	0.00526	0.00653	0.00683	0.00788	0.00476	0.00489	0.00873	0.01291	0.01731	0.33536	0.32562	0.20905	0.01394	0.00663	0.00193	0.00283	0.01232	0.00544	0.00476
18	0.01460	0.33030	0.17519	0.01388	0.05679	0.03383	0.10706	0.01915	0.09041	0.09254	0.01154	0.01252	0.00888	0.00528	0.00475	0.00152	0.00655	0.00430	0.00319	0.00772
19	0.00850	0.00504	0.00642	0.00647	0.00648	0.00503	0.00394	0.00758	0.00769	0.01025	0.01455	0.05638	0.01626	0.46189	0.02439	0.34123	0.00499	0.00692	0.00299	0.00297
20	0.00740	0.00529	0.00720	0.00846	0.00911	0.00508	0.00638	0.00891	0.01119	0.01477	0.02963	0.54077	0.03439	0.01636	0.00716	0.00232	0.00382	0.27206	0.00505	0.00464
21	0.01030	0.00969	0.01635	0.79530	0.03755	0.01211	0.01514	0.01393	0.01090	0.01393	0.00969	0.01453	0.00727	0.00545	0.00545	0.00182	0.00727	0.00484	0.00242	0.00606
22	0.01388	0.57776	0.19400	0.01092	0.01621	0.04018	0.01172	0.01729	0.04778	0.01431	0.00880	0.00995	0.00744	0.00494	0.00401	0.00133	0.00636	0.00334	0.00249	0.00729
23	0.00792	0.00557	0.00697	0.00692	0.00816	0.00562	0.00524	0.00987	0.01132	0.01614	0.16392	0.03334	0.19289	0.06037	0.27561	0.00428	0.00693	0.02319	0.15092	0.00482
24	0.84691	0.01054	0.00801	0.00717	0.01054	0.01223	0.00590	0.01603	0.00928	0.02446	0.00759	0.00886	0.00590	0.00506	0.00337	0.00169	0.00422	0.00295	0.00337	0.00590
25	0.01328	0.01107	0.01647	0.30404	0.15563	0.01201	0.04420	0.05148	0.15586	0.07875	0.01332	0.01540	0.01000	0.00569	0.00536	0.00167	0.00606	0.00506	0.00364	0.09100
26	0.01169	0.01183	0.01527	0.01308	0.01418	0.10284	0.08452	0.01329	0.00968	0.01322	0.01035	0.01646	0.00996	0.09638	0.18551	0.00391	0.37414	0.00535	0.00268	0.00563
27	0.01093	0.00611	0.00750	0.00711	0.00804	0.00588	0.00483	0.01167	0.01004	0.14649	0.04218	0.03583	0.02101	0.55082	0.02083	0.00422	0.00506	0.09265	0.00419	0.00461
28	0.01251	0.01097	0.01499	0.44683	0.02745	0.01311	0.01243	0.09776	0.26755	0.01910	0.01428	0.01635	0.01065	0.00623	0.00548	0.00181	0.00613	0.00530	0.00380	0.00727
29	0.00733	0.00556	0.00675	0.00645	0.00791	0.00498	0.00484	0.00954	0.01452	0.01969	0.55379	0.04429	0.27052	0.01195	0.00643	0.00175	0.00263	0.01036	0.00572	0.00498
30	0.01951	0.02397	0.01746	0.01499	0.01821	0.64592	0.09729	0.06945	0.01582	0.01520	0.00904	0.01061	0.00732	0.00556	0.00513	0.00147	0.00951	0.00394	0.00298	0.00663
31	0.01622	0.01070	0.01521	0.35978	0.02519	0.01183	0.02752	0.12602	0.09414	0.23522	0.01489	0.01609	0.01034	0.00616	0.00549	0.00176	0.00607	0.00521	0.00443	0.00774
32	0.00879	0.00628	0.00879	0.01004	0.01130	0.00628	0.00879	0.01130	0.01255	0.01632	0.02887	0.06150	0.03138	0.01506	0.00753	0.00251	0.00502	0.73770	0.00502	0.00502
33	0.00706	0.00504	0.00679	0.00797	0.00849	0.00478	0.00569	0.00835	0.01105	0.01473	0.06777	0.64068	0.03606	0.01644	0.00703	0.00224	0.00345	0.13674	0.00510	0.00456
34	0.01887	0.01324	0.01722	0.01338	0.01746	0.04621	0.13240	0.30048	0.08252	0.21469	0.01626	0.01805	0.01197	0.00686	0.00595	0.00176	0.02042	0.04867	0.00515	0.00846
35	0.00961	0.00814	0.01253	0.35568	0.10959	0.00924	0.01022	0.01167	0.00979	0.01298	0.01297	0.02317	0.01273	0.32768	0.04963	0.00349	0.00671	0.00612	0.00283	0.00520
36	0.01302	0.47622	0.35037	0.01199	0.01810	0.01776	0.01396	0.01673	0.01126	0.01473	0.00852	0.00993	0.00696	0.00488	0.00422	0.00141	0.00678	0.00339	0.00232	0.00745
37	0.02072	0.01527	0.01636	0.01254	0.01691	0.01691	0.01036	0.75622	0.02563	0.03436	0.01309	0.01309	0.00927	0.00654	0.00545	0.00164	0.00600	0.00491	0.00545	0.00927
38	0.00772	0.00557	0.00729	0.00686	0.00814	0.00514	0.00514	0.01029	0.01543	0.02186	0.77152	0.04072	0.05144	0.01115	0.00643	0.00171	0.00257	0.00986	0.00600	0.00514
39	0.01358	0.01360	0.02218	0.09071	0.60800	0.05744	0.08105	0.01687	0.01251	0.01722	0.01017	0.01347	0.00840	0.00492	0.00546	0.00164	0.00697	0.00492	0.00269	0.00819
40	0.01216	0.01153	0.02114	0.22127	0.20982	0.01188	0.23708	0.01613	0.04161	0.04459	0.01356	0.07822	0.01178	0.00649	0.00595	0.00183	0.00703	0.03762	0.00319	0.00713
41	0.01030	0.00969	0.01635	0.79530	0.03755	0.01211	0.01514	0.01393	0.01090	0.01393	0.00969	0.01453	0.00727	0.00545	0.00545	0.00182	0.00727	0.00484	0.00242	0.00606
42	0.00680	0.00497	0.00644	0.00756	0.00813	0.00461	0.00527	0.00794	0.01085	0.01422	0.03288	0.65335	0.12149	0.01653	0.00695	0.00220	0.00328	0.07698	0.00506	0.00450
43	0.06240	0.15960	0.28962	0.01315	0.01845	0.05993	0.06106	0.04905	0.06430	0.10920	0.01152	0.01252	0.00853	0.00572	0.00565	0.00165	0.05231	0.00430	0.00332	0.00771
44	0.01502	0.01165	0.01531	0.36003	0.02534	0.01346	0.01198	0.23226	0.15837	0.08030	0.01395	0.01553	0.01010	0.00624	0.00547	0.00176	0.00614	0.00516	0.00422	0.00772

[dist]
# distance from previous block
# <min> <max>
0	5

[block]
# block no. 3 follows, 44 sequences, length 54
# corresponding to MSA columns:
# 733-786
name=unknown_D
#
# <colnr> <probs for GDERKNQSTAVLIFYWHMCP>
#	G	D	E	R	K	N	Q	S	T	A	V	L	I	F	Y	W	H	M	C	P
0	0.01242	0.27235	0.50034	0.01377	0.02059	0.01540	0.04548	0.01716	0.01151	0.03100	0.00938	0.01091	0.00712	0.00503	0.00471	0.00155	0.00734	0.00380	0.00242	0.00772
1	0.01683	0.01585	0.05204	0.01679	0.02104	0.14737	0.31655	0.06869	0.02910	0.16760	0.01259	0.01424	0.00916	0.00586	0.00691	0.00177	0.08089	0.00538	0.00373	0.00760
2	0.36419	0.01079	0.01059	0.00829	0.01245	0.01063	0.00674	0.11318	0.01235	0.02278	0.00926	0.01051	0.00732	0.00480	0.00395	0.00129	0.00437	0.00334	0.00359	0.37958
3	0.00709	0.00521	0.00641	0.00719	0.00792	0.00485	0.00507	0.00819	0.01077	0.01389	0.03352	0.41447	0.19870	0.14186	0.01022	0.00266	0.00366	0.10919	0.00478	0.00437
4	0.02002	0.01492	0.01597	0.01240	0.01664	0.01658	0.01019	0.68500	0.09799	0.03323	0.01398	0.01380	0.00999	0.00663	0.00546	0.00166	0.00583	0.00503	0.00546	0.00921
5	0.00793	0.00529	0.00595	0.00595	0.00595	0.00529	0.00330	0.00793	0.00793	0.01057	0.01718	0.03568	0.01982	0.80840	0.02775	0.00529	0.00529	0.00793	0.00330	0.00330
6	0.00928	0.00562	0.00740	0.00801	0.00895	0.00526	0.00559	0.01095	0.04085	0.11564	0.02861	0.66962	0.03230	0.01533	0.00671	0.00213	0.00340	0.01380	0.00530	0.00524
7	0.01093	0.02820	0.78016	0.01554	0.02360	0.01266	0.02014	0.01727	0.01151	0.01727	0.00978	0.01151	0.00691	0.00518	0.00518	0.00173	0.00806	0.00403	0.00230	0.00806
8	0.00793	0.00529	0.00595	0.00595	0.00595	0.00529	0.00330	0.00793	0.00793	0.01057	0.01718	0.03568	0.01982	0.80840	0.02775	0.00529	0.00529	0.00793	0.00330	0.00330
9	0.02077	0.01972	0.01575	0.01306	0.01672	0.36008	0.01031	0.38767	0.02053	0.06634	0.01148	0.01194	0.00850	0.00614	0.00522	0.00154	0.00763	0.00432	0.00434	0.00795
10	0.00779	0.00584	0.00876	0.00876	0.00974	0.00681	0.00681	0.00974	0.00876	0.01266	0.01460	0.02142	0.01363	0.04089	0.78680	0.00876	0.01460	0.00584	0.00292	0.00487
11	0.01101	0.01092	0.02168	0.01711	0.02072	0.01040	0.42145	0.01468	0.01281	0.01711	0.04093	0.03499	0.01918	0.00915	0.00689	0.00211	0.00726	0.31147	0.00380	0.00631
12	0.00708	0.00505	0.00595	0.00662	0.00755	0.00459	0.00462	0.00842	0.01131	0.01524	0.05788	0.45258	0.25433	0.01450	0.00637	0.00196	0.00294	0.01275	0.11566	0.00459
13	0.00730	0.00507	0.00637	0.00715	0.00742	0.00490	0.00468	0.00800	0.00964	0.01283	0.02505	0.45424	0.02950	0.31873	0.01493	0.00341	0.00412	0.06824	0.00439	0.00404
14	0.01287	0.01471	0.03217	0.02298	0.02849	0.01379	0.75460	0.01746	0.01287	0.01746	0.01103	0.01471	0.00827	0.00460	0.00643	0.00184	0.00919	0.00643	0.00276	0.00735
15	0.05649	0.00995	0.01286	0.00990	0.01410	0.00911	0.00818	0.10248	0.01640	0.67065	0.02008	0.01760	0.01275	0.00666	0.00540	0.00168	0.00476	0.00532	0.00648	0.00914
16	0.00857	0.00707	0.00922	0.00909	0.01012	0.05034	0.00703	0.01042	0.00910	0.01265	0.01418	0.02096	0.01329	0.05832	0.70826	0.00814	0.02964	0.00574	0.00291	0.00493
17	0.01458	0.81168	0.02857	0.00933	0.01399	0.02157	0.00933	0.01632	0.01108	0.01283	0.00758	0.00875	0.00700	0.00466	0.00350	0.00117	0.00583	0.00292	0.00233	0.00700
18	0.00791	0.00536	0.00632	0.00632	0.00645	0.00549	0.00377	0.00817	0.00804	0.01085	0.01684	0.03379	0.01900	0.70660	0.12843	0.00575	0.00652	0.00765	0.00325	0.00351
19	0.00716	0.00519	0.00667	0.00756	0.00807	0.00499	0.00510	0.00887	0.04606	0.01481	0.09733	0.63809	0.03532	0.07703	0.00844	0.00239	0.00333	0.01396	0.00504	0.00460
20	0.01117	0.01873	0.35701	0.01444	0.01811	0.01414	0.01521	0.01471	0.00979	0.01494	0.00890	0.01246	0.00754	0.00998	0.07073	0.00258	0.38584	0.00452	0.00239	0.00682
21	0.00664	0.00474	0.00633	0.00759	0.00791	0.00443	0.00506	0.00759	0.01044	0.01392	0.03005	0.80485	0.03606	0.01708	0.00696	0.00221	0.00316	0.01550	0.00506	0.00443
22	0.03758	0.01103	0.01266	0.03155	0.01345	0.08563	0.00904	0.13865	0.01249	0.04697	0.01215	0.01648	0.01059	0.03618	0.32670	0.00475	0.17939	0.00515	0.00338	0.00619
23	0.01109	0.01068	0.01864	0.59465	0.17338	0.01240	0.07239	0.01472	0.01133	0.01492	0.00990	0.01436	0.00760	0.00527	0.00552	0.00178	0.00727	0.00497	0.00250	0.00663
24	0.01289	0.01403	0.04517	0.36515	0.11191	0.14232	0.02831	0.01680	0.06993	0.01504	0.01019	0.01361	0.00810	0.00610	0.00710	0.00180	0.11738	0.00472	0.00276	0.00668
25	0.00941	0.01034	0.10343	0.02804	0.01330	0.01046	0.01005	0.01170	0.00902	0.01337	0.01178	0.01736	0.01083	0.02686	0.45589	0.00594	0.23864	0.00530	0.00268	0.00559
26	0.41146	0.07008	0.01367	0.01111	0.03207	0.23794	0.03818	0.06273	0.01251	0.03567	0.00864	0.01000	0.00685	0.00540	0.00450	0.00159	0.02433	0.00351	0.00327	0.00650
27	0.01258	0.00635	0.00731	0.00661	0.00854	0.00615	0.00511	0.01583	0.05892	0.16050	0.15042	0.02356	0.02059	0.00733	0.00468	0.00146	0.00304	0.00606	0.48888	0.00608
28	0.00971	0.00801	0.02537	0.07293	0.07241	0.00773	0.03667	0.04538	0.04951	0.03280	0.24081	0.09805	0.13399	0.05448	0.00738	0.00203	0.00430	0.06487	0.02776	0.00581
29	0.01108	0.00593	0.00771	0.00752	0.00901	0.00544	0.00553	0.01288	0.01285	0.17603	0.20598	0.35204	0.03214	0.01207	0.00611	0.00186	0.00325	0.01066	0.11621	0.00570
30	0.01287	0.01471	0.03217	0.02298	0.02849	0.01379	0.75460	0.01746	0.01287	0.01746	0.01103	0.01471	0.00827	0.00460	0.00643	0.00184	0.00919	0.00643	0.00276	0.00735
31	0.00693	0.00528	0.00641	0.00692	0.00801	0.00476	0.00503	0.00845	0.01223	0.01590	0.18262	0.34864	0.28861	0.01467	0.00672	0.00201	0.00304	0.06385	0.00524	0.00467
32	0.84691	0.01054	0.00801	0.00717	0.01054	0.01223	0.00590	0.01603	0.00928	0.02446	0.00759	0.00886	0.00590	0.00506	0.00337	0.00169	0.00422	0.00295	0.00337	0.00590
33	0.84691	0.01054	0.00801	0.00717	0.01054	0.01223	0.00590	0.01603	0.00928	0.02446	0.00759	0.00886	0.00590	0.00506	0.00337	0.00169	0.00422	0.00295	0.00337	0.00590
34	0.02072	0.01527	0.01636	0.01254	0.01691	0.01691	0.01036	0.75622	0.02563	0.03436	0.01309	0.01309	0.00927	0.00654	0.00545	0.00164	0.00600	0.00491	0.00545	0.00927
35	0.01458	0.81168	0.02857	0.00933	0.01399	0.02157	0.00933	0.01632	0.01108	0.01283	0.00758	0.00875	0.00700	0.00466	0.00350	0.00117	0.00583	0.00292	0.00233	0.00700
36	0.01287	0.01471	0.03217	0.02298	0.02849	0.01379	0.75460	0.01746	0.01287	0.01746	0.01103	0.01471	0.00827	0.00460	0.00643	0.00184	0.00919	0.00643	0.00276	0.00735
37	0.00947	0.00473	0.00710	0.00710	0.00710	0.00473	0.00473	0.00710	0.00710	0.00947	0.00947	0.01657	0.00947	0.01894	0.02131	0.84138	0.00473	0.00473	0.00237	0.00237
38	0.84691	0.01054	0.00801	0.00717	0.01054	0.01223	0.00590	0.01603	0.00928	0.02446	0.00759	0.00886	0.00590	0.00506	0.00337	0.00169	0.00422	0.00295	0.00337	0.00590
39	0.02037	0.02598	0.01545	0.01404	0.01685	0.78652	0.01053	0.02177	0.01545	0.01334	0.00843	0.00983	0.00702	0.00562	0.00492	0.00140	0.00983	0.00351	0.00281	0.00632
40	0.00693	0.00568	0.00621	0.00647	0.00819	0.00495	0.00511	0.00855	0.01245	0.01506	0.04971	0.05436	0.61716	0.01407	0.00667	0.00198	0.00323	0.16347	0.00505	0.00469
41	0.01206	0.00719	0.00895	0.00793	0.01014	0.00683	0.00614	0.01608	0.11442	0.18916	0.41685	0.05159	0.11030	0.01007	0.00612	0.00175	0.00329	0.00869	0.00599	0.00645
42	0.04357	0.01561	0.01626	0.01267	0.01686	0.10060	0.04062	0.54084	0.02238	0.11617	0.01330	0.01330	0.00937	0.00634	0.00538	0.00163	0.00635	0.00483	0.00514	0.00877
43	0.84691	0.01054	0.00801	0.00717	0.01054	0.01223	0.00590	0.01603	0.00928	0.02446	0.00759	0.00886	0.00590	0.00506	0.00337	0.00169	0.00422	0.00295	0.00337	0.00590
44	0.00931	0.00702	0.00770	0.00723	0.00920	0.00699	0.00551	0.01446	0.18983	0.03643	0.23359	0.03711	0.29289	0.01053	0.00589	0.00174	0.00309	0.00889	0.10673	0.00586
45	0.01237	0.33743	0.48351	0.01309	0.01981	0.01618	0.01587	0.01689	0.01134	0.01551	0.00891	0.01042	0.00694	0.00498	0.00452	0.00151	0.00718	0.00359	0.00231	0.00764
46	0.00685	0.00491	0.00665	0.00782	0.00824	0.00471	0.00540	0.00796	0.01043	0.01395	0.02879	0.70340	0.03407	0.01880	0.06706	0.00273	0.00415	0.05468	0.00489	0.00449
47	0.26527	0.00780	0.00800	0.00729	0.00961	0.00809	0.00570	0.01420	0.07360	0.06754	0.33559	0.02959	0.12985	0.00908	0.00537	0.00173	0.00337	0.00741	0.00508	0.00583
48	0.01072	0.01012	0.01712	0.69425	0.13529	0.01222	0.01535	0.01430	0.01110	0.01444	0.00976	0.01440	0.00745	0.00537	0.00544	0.00179	0.00716	0.00485	0.00246	0.00640
49	0.01225	0.01187	0.02075	0.31692	0.44200	0.01270	0.07297	0.01574	0.01188	0.01634	0.01010	0.01398	0.00810	0.00506	0.00550	0.00171	0.00698	0.00497	0.00260	0.00757
50	0.01413	0.00878	0.01033	0.00879	0.01143	0.00887	0.00693	0.15314	0.11161	0.16663	0.28255	0.04601	0.06356	0.00888	0.00576	0.00169	0.00384	0.00748	0.07252	0.00708
51	0.01450	0.34327	0.14844	0.01114	0.01583	0.01656	0.01096	0.07737	0.22206	0.05338	0.01350	0.01425	0.01062	0.00596	0.00467	0.00154	0.00573	0.01865	0.00372	0.00787
52	0.53586	0.01335	0.01268	0.04321	0.05029	0.11541	0.07353	0.06603	0.01171	0.02229	0.00858	0.01023	0.00667	0.00520	0.00417	0.00166	0.00575	0.00363	0.00331	0.00644
53	0.04644	0.06192	0.10048	0.04881	0.17968	0.05856	0.09694	0.01877	0.02778	0.18432	0.03373	0.02963	0.01087	0.00618	0.00638	0.00172	0.07115	0.00518	0.00372	0.00773

[dist]
# distance from previous block
# <min> <max>
0	2

[block]
# block no. 4 follows, 44 sequences, length 70
# corresponding to MSA columns:
# 789-823,852-886
name=unknown_E
#
# <colnr> <probs for GDERKNQSTAVLIFYWHMCP>
#	G	D	E	R	K	N	Q	S	T	A	V	L	I	F	Y	W	H	M	C	P
0	0.01334	0.03674	0.39262	0.01795	0.08667	0.01306	0.18763	0.04696	0.01268	0.08714	0.01115	0.01309	0.00808	0.00540	0.00607	0.00175	0.04389	0.00483	0.00297	0.00799
1	0.00918	0.00568	0.00753	0.00744	0.00870	0.00520	0.00543	0.01110	0.01361	0.10277	0.41525	0.31974	0.04157	0.01284	0.00652	0.00190	0.00302	0.01145	0.00574	0.00534
2	0.00809	0.00609	0.00801	0.00782	0.00837	0.00677	0.00558	0.00918	0.00916	0.01274	0.07280	0.06830	0.05834	0.32849	0.28874	0.00565	0.08044	0.00761	0.00346	0.00435
3	0.69338	0.01031	0.00888	0.00764	0.01117	0.01144	0.00630	0.01799	0.01046	0.16516	0.01019	0.01067	0.00732	0.00538	0.00377	0.00169	0.00430	0.00342	0.00400	0.00653
4	0.01033	0.00599	0.00789	0.00793	0.00932	0.00552	0.00583	0.01224	0.02893	0.15357	0.19133	0.41884	0.05996	0.01351	0.00656	0.00200	0.00340	0.04570	0.00558	0.00558
5	0.01356	0.01171	0.01233	0.01109	0.01418	0.01356	0.00863	0.02897	0.76455	0.02281	0.02219	0.02034	0.01664	0.00740	0.00555	0.00185	0.00431	0.00616	0.00555	0.00863
6	0.01496	0.00697	0.00936	0.00838	0.01063	0.00621	0.00637	0.01671	0.01362	0.36236	0.15984	0.29074	0.02819	0.03079	0.00670	0.00196	0.00378	0.00974	0.00595	0.00673
7	0.03155	0.01105	0.03283	0.00946	0.01412	0.02771	0.04067	0.04120	0.05832	0.05627	0.02435	0.01285	0.00956	0.00470	0.00444	0.00106	0.00461	0.00386	0.00362	0.60775
8	0.00664	0.00474	0.00633	0.00759	0.00791	0.00443	0.00506	0.00759	0.01044	0.01392	0.03005	0.80485	0.03606	0.01708	0.00696	0.00221	0.00316	0.01550	0.00506	0.00443
9	0.00671	0.00511	0.00619	0.00696	0.00788	0.00460	0.00491	0.00793	0.01140	0.01458	0.06355	0.48223	0.29379	0.01564	0.00679	0.00208	0.00309	0.04694	0.00509	0.00454
10	0.01462	0.01155	0.01286	0.01126	0.01451	0.01302	0.02746	0.02844	0.67148	0.09733	0.02184	0.02002	0.01612	0.00726	0.00556	0.00183	0.00447	0.00610	0.00560	0.00866
11	0.01452	0.01378	0.01319	0.01248	0.04733	0.12276	0.00925	0.02742	0.62627	0.02125	0.01973	0.01856	0.01494	0.00704	0.00545	0.00178	0.00519	0.00573	0.00504	0.00830
12	0.02147	0.01233	0.01504	0.05149	0.05052	0.01270	0.00988	0.37490	0.02003	0.34970	0.01638	0.01551	0.01094	0.00650	0.00546	0.00167	0.00550	0.00515	0.00573	0.00908
13	0.01643	0.34831	0.04746	0.01183	0.05023	0.04720	0.01008	0.11962	0.12945	0.11460	0.01255	0.01286	0.00969	0.00588	0.00517	0.00151	0.04116	0.00424	0.00384	0.00788
14	0.84691	0.01054	0.00801	0.00717	0.01054	0.01223	0.00590	0.01603	0.00928	0.02446	0.00759	0.00886	0.00590	0.00506	0.00337	0.00169	0.00422	0.00295	0.00337	0.00590
15	0.01218	0.05532	0.33263	0.08596	0.27102	0.01326	0.08460	0.01729	0.04432	0.01722	0.01048	0.01296	0.00805	0.00512	0.00533	0.00169	0.00731	0.00463	0.00263	0.00799
16	0.01349	0.01295	0.02213	0.03346	0.77440	0.01295	0.01673	0.01673	0.01241	0.01781	0.01025	0.01349	0.00864	0.00486	0.00540	0.00162	0.00648	0.00486	0.00270	0.00864
17	0.00827	0.00594	0.00826	0.00883	0.00976	0.00629	0.00708	0.01012	0.01033	0.01394	0.02155	0.04220	0.02281	0.16785	0.29573	0.00529	0.00857	0.33859	0.00394	0.00465
18	0.84691	0.01054	0.00801	0.00717	0.01054	0.01223	0.00590	0.01603	0.00928	0.02446	0.00759	0.00886	0.00590	0.00506	0.00337	0.00169	0.00422	0.00295	0.00337	0.00590
19	0.01349	0.01295	0.02213	0.03346	0.77440	0.01295	0.01673	0.01673	0.01241	0.01781	0.01025	0.01349	0.00864	0.00486	0.00540	0.00162	0.00648	0.00486	0.00270	0.00864
20	0.01785	0.01384	0.01474	0.01196	0.01581	0.01556	0.00967	0.46446	0.32207	0.02972	0.01674	0.01600	0.01223	0.00689	0.00549	0.00172	0.00532	0.00541	0.00549	0.00901
21	0.02241	0.01215	0.12905	0.01059	0.01538	0.00872	0.00985	0.02516	0.01498	0.66278	0.01973	0.01749	0.01250	0.00651	0.00544	0.00169	0.00516	0.00526	0.00607	0.00909
22	0.61616	0.05969	0.04078	0.00843	0.01217	0.04076	0.00729	0.06557	0.01126	0.08275	0.00916	0.01003	0.00686	0.00529	0.00381	0.00164	0.00482	0.00334	0.00365	0.00655
23	0.39574	0.01897	0.01207	0.01092	0.01399	0.43487	0.00843	0.01916	0.01265	0.01839	0.00805	0.00939	0.00651	0.00536	0.00422	0.00153	0.00728	0.00326	0.00307	0.00613
24	0.02446	0.00928	0.01265	0.00970	0.01392	0.00801	0.00801	0.02657	0.01560	0.77817	0.02151	0.01856	0.01350	0.00675	0.00548	0.00169	0.00464	0.00548	0.00675	0.00928
25	0.00712	0.00556	0.00647	0.00628	0.00783	0.00491	0.00474	0.00912	0.01392	0.01830	0.41019	0.04683	0.39887	0.01251	0.00646	0.00179	0.00271	0.02597	0.00553	0.00488
26	0.00947	0.00473	0.00710	0.00710	0.00710	0.00473	0.00473	0.00710	0.00710	0.00947	0.00947	0.01657	0.00947	0.01894	0.02131	0.84138	0.00473	0.00473	0.00237	0.00237
27	0.00662	0.00482	0.00625	0.00740	0.00786	0.00444	0.00498	0.00761	0.01062	0.01399	0.03234	0.73623	0.10319	0.01678	0.00691	0.00218	0.00313	0.01513	0.00506	0.00444
28	0.01797	0.30768	0.02037	0.01274	0.05023	0.32422	0.01017	0.10102	0.03986	0.05432	0.00983	0.01075	0.00798	0.00546	0.00453	0.00138	0.00736	0.00370	0.00321	0.00722
29	0.01858	0.01064	0.01509	0.03054	0.15097	0.00979	0.03807	0.07627	0.02992	0.37574	0.03186	0.01623	0.01188	0.00591	0.00527	0.00153	0.00514	0.00506	0.00502	0.15649
30	0.04816	0.34296	0.15543	0.01234	0.04248	0.07334	0.03110	0.11328	0.04211	0.06021	0.01068	0.02643	0.00861	0.00555	0.00454	0.00147	0.00641	0.00408	0.00325	0.00759
31	0.01226	0.01162	0.01968	0.21834	0.54378	0.01219	0.01558	0.01545	0.01191	0.01661	0.01141	0.06554	0.01010	0.00580	0.00551	0.00171	0.00645	0.00555	0.00279	0.00773
32	0.01045	0.00856	0.00959	0.00947	0.01129	0.00943	0.00697	0.01927	0.42201	0.01869	0.02547	0.35953	0.02510	0.02939	0.00665	0.00208	0.00384	0.01023	0.00529	0.00670
33	0.01979	0.01453	0.01632	0.01240	0.01684	0.01562	0.03545	0.63809	0.02356	0.06159	0.01306	0.01321	0.00930	0.00627	0.00537	0.00157	0.00589	0.00484	0.00522	0.08108
34	0.01200	0.06965	0.16339	0.01009	0.01406	0.08024	0.00955	0.02950	0.05309	0.05420	0.26341	0.02164	0.02278	0.00716	0.00527	0.00148	0.00508	0.00588	0.00419	0.16733
35	0.00897	0.00741	0.00810	0.00800	0.00871	0.07720	0.00560	0.01000	0.00905	0.01185	0.01553	0.04579	0.01625	0.36797	0.36907	0.00643	0.00987	0.00677	0.00313	0.00431
36	0.01391	0.66805	0.16636	0.01047	0.01575	0.01994	0.01131	0.01650	0.01116	0.01364	0.00798	0.00925	0.00698	0.00476	0.00381	0.00127	0.00624	0.00312	0.00233	0.00719
37	0.00779	0.00554	0.00737	0.00743	0.00793	0.00601	0.00514	0.00881	0.00847	0.01178	0.01654	0.06711	0.01755	0.38587	0.40536	0.00687	0.00983	0.00727	0.00320	0.00414
38	0.00856	0.00532	0.00791	0.00791	0.00841	0.00582	0.00575	0.00848	0.00798	0.01114	0.01236	0.01971	0.01195	0.05724	0.41312	0.38678	0.00980	0.00541	0.00268	0.00368
39	0.01287	0.01471	0.03217	0.02298	0.02849	0.01379	0.75460	0.01746	0.01287	0.01746	0.01103	0.01471	0.00827	0.00460	0.00643	0.00184	0.00919	0.00643	0.00276	0.00735
40	0.00790	0.00541	0.00657	0.00657	0.00679	0.00563	0.00409	0.00833	0.00811	0.01104	0.01660	0.03250	0.01844	0.63727	0.19700	0.00606	0.00736	0.00746	0.00322	0.00365
41	0.00863	0.00504	0.00647	0.00647	0.00647	0.00504	0.00395	0.00755	0.00755	0.01007	0.01368	0.02700	0.01512	0.44987	0.02482	0.38500	0.00504	0.00648	0.00288	0.00288
42	0.00841	0.00721	0.01095	0.36518	0.02151	0.00810	0.00974	0.01075	0.01100	0.01413	0.02407	0.27639	0.13131	0.01184	0.02685	0.00217	0.00536	0.04600	0.00380	0.00523
43	0.01487	0.01709	0.01594	0.44049	0.02815	0.36381	0.01305	0.01749	0.01297	0.01366	0.00912	0.01240	0.00716	0.00553	0.00521	0.00163	0.00843	0.00424	0.00260	0.00618
44	0.01626	0.01163	0.01288	0.01079	0.01416	0.01273	0.00860	0.23076	0.36638	0.12391	0.11289	0.02061	0.01850	0.00754	0.00562	0.00175	0.00461	0.00618	0.00573	0.00846
45	0.01623	0.33886	0.19549	0.01119	0.01631	0.05073	0.01151	0.07518	0.01359	0.17275	0.04144	0.01303	0.01023	0.00565	0.00462	0.00147	0.00617	0.00415	0.00363	0.00778
46	0.01458	0.81168	0.02857	0.00933	0.01399	0.02157	0.00933	0.01632	0.01108	0.01283	0.00758	0.00875	0.00700	0.00466	0.00350	0.00117	0.00583	0.00292	0.00233	0.00700
47	0.01828	0.07557	0.11177	0.15814	0.01954	0.01095	0.01108	0.05718	0.01419	0.39932	0.04284	0.01653	0.01200	0.00634	0.00555	0.00169	0.02096	0.00509	0.00485	0.00813
48	0.01425	0.73198	0.02678	0.00942	0.01381	0.02031	0.00926	0.03264	0.01142	0.01348	0.00896	0.01182	0.00844	0.00619	0.02446	0.00144	0.00603	0.03986	0.00255	0.00689
49	0.00774	0.00566	0.00728	0.00693	0.00823	0.00526	0.00517	0.01045	0.03074	0.02122	0.69196	0.07631	0.07959	0.01145	0.00644	0.00175	0.00264	0.01011	0.00591	0.00516
50	0.05839	0.01347	0.21698	0.03667	0.02991	0.00890	0.02707	0.01512	0.04688	0.09448	0.10266	0.02591	0.20307	0.00808	0.00550	0.00167	0.00500	0.00670	0.00415	0.08938
51	0.01214	0.05186	0.01939	0.33888	0.14940	0.04057	0.12852	0.01719	0.11191	0.01634	0.01251	0.01717	0.01014	0.00595	0.00560	0.00178	0.00695	0.04360	0.00308	0.00702
52	0.00723	0.00499	0.00615	0.00684	0.00702	0.00482	0.00426	0.00774	0.00930	0.01240	0.02420	0.45552	0.02868	0.37646	0.01640	0.00361	0.00413	0.01206	0.00426	0.00392
53	0.00718	0.00518	0.00672	0.00779	0.00826	0.00500	0.00535	0.00875	0.04005	0.01419	0.02862	0.65482	0.03363	0.07975	0.00861	0.00247	0.00352	0.07063	0.00494	0.00455
