[name]
unknown

[dist]
# distance from previous block
# <min> <max>
0	604

[block]
# block no. 0 follows, 42 sequences, length 22
# corresponding to MSA columns:
# 629-650
name=unknown_A
#
# <colnr> <probs for GDERKNQSTAVLIFYWHMCP>
#	G	D	E	R	K	N	Q	S	T	A	V	L	I	F	Y	W	H	M	C	P
0	0.01317	0.01084	0.01807	0.01686	0.11601	0.01068	0.20372	0.09528	0.03913	0.07609	0.04444	0.14342	0.02006	0.00963	0.00660	0.00203	0.00620	0.15611	0.00449	0.00715
1	0.07853	0.03974	0.05832	0.02129	0.34596	0.01287	0.01307	0.09859	0.01426	0.14729	0.01236	0.01389	0.00936	0.00569	0.00577	0.00165	0.03768	0.00473	0.00385	0.07510
2	0.27998	0.12285	0.01514	0.01127	0.03221	0.23801	0.00893	0.07357	0.01361	0.07623	0.00977	0.01084	0.00766	0.00563	0.00476	0.00154	0.02655	0.00367	0.00354	0.05423
3	0.01024	0.00794	0.01001	0.00993	0.04102	0.00843	0.00718	0.01544	0.17864	0.04534	0.35598	0.15670	0.04860	0.01116	0.00734	0.00193	0.06270	0.00956	0.00552	0.00633
4	0.01362	0.01015	0.01169	0.01026	0.01288	0.01121	0.00807	0.06151	0.35946	0.10370	0.19884	0.02667	0.06846	0.00900	0.00697	0.00189	0.06491	0.00734	0.00568	0.00770
5	0.00980	0.00652	0.00834	0.00763	0.00946	0.00593	0.00576	0.01263	0.03971	0.08606	0.52542	0.11948	0.05698	0.01115	0.00640	0.00176	0.00308	0.00981	0.00591	0.06818
6	0.01462	0.00950	0.01062	0.00905	0.01169	0.01013	0.00718	0.23013	0.09768	0.08010	0.11582	0.02153	0.01834	0.01009	0.06342	0.00216	0.00496	0.00605	0.26970	0.00722
7	0.00994	0.00778	0.01146	0.04648	0.23386	0.00769	0.00885	0.01219	0.01196	0.01737	0.04756	0.27801	0.07928	0.01047	0.00586	0.00182	0.00425	0.00938	0.18967	0.00611
8	0.01296	0.00996	0.01180	0.00849	0.01343	0.00758	0.00682	0.01543	0.01209	0.08994	0.01116	0.01238	0.00887	0.00443	0.00431	0.00092	0.00423	0.00356	0.00368	0.75795
9	0.00694	0.00552	0.00608	0.00630	0.00768	0.00482	0.00450	0.00827	0.01234	0.01539	0.11520	0.20389	0.49156	0.07557	0.00846	0.00224	0.00312	0.01227	0.00518	0.00466
10	0.01271	0.00678	0.00877	0.00780	0.01000	0.00602	0.00601	0.01488	0.01503	0.23925	0.37158	0.10767	0.14850	0.01117	0.00640	0.00183	0.00336	0.00966	0.00618	0.00640
11	0.00845	0.00660	0.00973	0.03214	0.01102	0.00789	0.00747	0.01033	0.00902	0.01301	0.01449	0.02204	0.01375	0.08499	0.65259	0.00811	0.07429	0.00605	0.00298	0.00505
12	0.84197	0.01088	0.00827	0.00740	0.01088	0.01262	0.00609	0.01654	0.00958	0.02525	0.00784	0.00914	0.00609	0.00522	0.00348	0.00174	0.00435	0.00305	0.00348	0.00609
13	0.02073	0.01512	0.01618	0.01248	0.01679	0.01671	0.01028	0.70351	0.02557	0.03458	0.01381	0.01397	0.00987	0.00674	0.00553	0.00167	0.00597	0.00508	0.05612	0.00931
14	0.00762	0.00566	0.00669	0.00671	0.00817	0.00500	0.00493	0.00941	0.01359	0.03687	0.29838	0.19504	0.35402	0.01377	0.00673	0.00193	0.00291	0.01193	0.00561	0.00503
15	0.02483	0.01025	0.01348	0.01033	0.01470	0.00927	0.00853	0.10574	0.01723	0.69111	0.02126	0.01854	0.01346	0.00694	0.00566	0.00174	0.00494	0.00559	0.00682	0.00958
16	0.01057	0.00779	0.00884	0.00845	0.00966	0.00844	0.00592	0.02927	0.25416	0.01579	0.01930	0.04790	0.01884	0.35834	0.01810	0.11470	0.00500	0.04937	0.00423	0.00533
17	0.00924	0.00702	0.01006	0.01059	0.06664	0.00741	0.00725	0.01044	0.00947	0.01357	0.01504	0.10977	0.01525	0.08788	0.33710	0.12495	0.05317	0.00676	0.00321	0.09516
18	0.00715	0.00511	0.00687	0.00817	0.00863	0.00483	0.00574	0.00835	0.01107	0.01470	0.03085	0.70059	0.03658	0.01735	0.00726	0.00233	0.00352	0.11105	0.00522	0.00465
19	0.59809	0.01203	0.05150	0.01024	0.06892	0.01223	0.00795	0.01716	0.05203	0.02348	0.00924	0.01059	0.00723	0.00524	0.00394	0.00165	0.00473	0.00347	0.00348	0.09680
20	0.01274	0.01242	0.01770	0.31698	0.27294	0.07102	0.01394	0.01592	0.01222	0.01648	0.01009	0.01358	0.00812	0.00513	0.00526	0.00156	0.00674	0.00455	0.00280	0.17980
21	0.01489	0.06228	0.04559	0.05627	0.45260	0.03252	0.01458	0.15268	0.01548	0.02127	0.06750	0.01555	0.01210	0.00587	0.00553	0.00166	0.00642	0.00523	0.00353	0.00848

[dist]
# distance from previous block
# <min> <max>
3	12

[block]
# block no. 1 follows, 42 sequences, length 15
# corresponding to MSA columns:
# 663-677
name=unknown_B
#
# <colnr> <probs for GDERKNQSTAVLIFYWHMCP>
#	G	D	E	R	K	N	Q	S	T	A	V	L	I	F	Y	W	H	M	C	P
0	0.01327	0.03577	0.01317	0.01086	0.01359	0.01157	0.04948	0.12569	0.27261	0.04881	0.01863	0.07132	0.01612	0.11586	0.13110	0.00343	0.00678	0.00678	0.00466	0.03051
1	0.01560	0.01457	0.01946	0.02200	0.30906	0.12484	0.08920	0.08371	0.01440	0.06425	0.04783	0.01537	0.01127	0.00629	0.00695	0.00174	0.09003	0.00528	0.05030	0.00785
2	0.01328	0.01127	0.01219	0.01129	0.01420	0.01290	0.00893	0.02724	0.64845	0.02256	0.02391	0.02719	0.01940	0.00879	0.00602	0.00201	0.00456	0.11179	0.00565	0.00836
3	0.01169	0.01140	0.01604	0.01394	0.01409	0.01575	0.01154	0.01303	0.00868	0.01347	0.00851	0.01374	0.00836	0.01457	0.12952	0.00342	0.67863	0.00509	0.00254	0.00599
4	0.01211	0.12887	0.09650	0.37335	0.13167	0.01406	0.10478	0.01588	0.01182	0.01578	0.01023	0.01390	0.00799	0.00532	0.00536	0.00172	0.00733	0.00484	0.03137	0.00709
5	0.00978	0.00489	0.00733	0.00733	0.00733	0.00489	0.00489	0.00733	0.00733	0.00978	0.00978	0.01711	0.00978	0.01955	0.02199	0.83627	0.00489	0.00489	0.00244	0.00244
6	0.01544	0.01314	0.01577	0.01562	0.12504	0.01514	0.01100	0.18962	0.37954	0.02414	0.01684	0.01707	0.01290	0.00736	0.00742	0.00190	0.11287	0.00567	0.00483	0.00868
7	0.00694	0.00533	0.00636	0.00691	0.00798	0.00475	0.00488	0.00833	0.01231	0.01588	0.14782	0.40525	0.31613	0.01545	0.00690	0.00206	0.00302	0.01358	0.00537	0.00475
8	0.00807	0.00592	0.00848	0.00848	0.00929	0.00673	0.00633	0.00969	0.00888	0.01265	0.01559	0.02497	0.01531	0.19001	0.63382	0.00835	0.01320	0.00645	0.00309	0.00471
9	0.00732	0.00552	0.00677	0.00689	0.00812	0.00497	0.00500	0.00922	0.01377	0.01847	0.38418	0.23768	0.24391	0.01381	0.00678	0.00194	0.00286	0.01212	0.00568	0.00497
10	0.01063	0.01000	0.01688	0.78870	0.03876	0.01250	0.01563	0.01438	0.01125	0.01438	0.01000	0.01500	0.00750	0.00563	0.00563	0.00188	0.00750	0.00500	0.00250	0.00625
11	0.66894	0.01191	0.01009	0.00857	0.01227	0.01364	0.00706	0.17085	0.01314	0.02740	0.00903	0.01006	0.00683	0.00555	0.00394	0.00173	0.00474	0.00347	0.00394	0.00683
12	0.01003	0.00744	0.00917	0.00788	0.01053	0.00645	0.00606	0.01265	0.03350	0.05899	0.26175	0.10024	0.09545	0.01239	0.07557	0.00219	0.00450	0.00796	0.00484	0.27243
13	0.01710	0.21083	0.07739	0.01328	0.04569	0.25558	0.01110	0.01982	0.04782	0.10619	0.01179	0.04646	0.00989	0.00670	0.00648	0.00163	0.09691	0.00463	0.00341	0.00728
14	0.36172	0.09436	0.01530	0.01143	0.01517	0.26124	0.07402	0.01845	0.01230	0.01922	0.00859	0.01018	0.00696	0.00525	0.00434	0.00154	0.00683	0.00357	0.00312	0.06641

[dist]
# distance from previous block
# <min> <max>
0	5

[block]
# block no. 2 follows, 42 sequences, length 21
# corresponding to MSA columns:
# 683-703
name=unknown_C
#
# <colnr> <probs for GDERKNQSTAVLIFYWHMCP>
#	G	D	E	R	K	N	Q	S	T	A	V	L	I	F	Y	W	H	M	C	P
0	0.00776	0.00604	0.00711	0.00800	0.00881	0.02770	0.00562	0.02823	0.01178	0.01518	0.03367	0.60077	0.14278	0.01637	0.00704	0.00221	0.00360	0.05734	0.00516	0.00482
1	0.16887	0.01489	0.01534	0.01195	0.01627	0.01658	0.00987	0.61683	0.02343	0.03363	0.01249	0.01273	0.00895	0.00648	0.00524	0.00170	0.00586	0.00470	0.00524	0.00895
2	0.02994	0.00838	0.01179	0.02704	0.04254	0.00937	0.02202	0.03131	0.05554	0.08457	0.05912	0.02044	0.01492	0.02566	0.41131	0.00560	0.08873	0.00590	0.00373	0.04212
3	0.01093	0.00645	0.00857	0.00855	0.00999	0.00620	0.00677	0.01278	0.01270	0.12173	0.16324	0.05530	0.04106	0.14344	0.04449	0.03623	0.00496	0.26895	0.03225	0.00540
4	0.00681	0.00562	0.00598	0.00607	0.00775	0.00479	0.00449	0.00832	0.01293	0.01588	0.12776	0.13308	0.61243	0.01433	0.00671	0.00193	0.00287	0.01214	0.00533	0.00479
5	0.01700	0.01538	0.07417	0.10126	0.24866	0.01527	0.03805	0.37215	0.01923	0.02621	0.01194	0.01373	0.00894	0.00594	0.00562	0.00172	0.00674	0.00503	0.00411	0.00887
6	0.01518	0.01353	0.02095	0.10884	0.53098	0.01415	0.01570	0.17293	0.01556	0.02161	0.01115	0.01395	0.00891	0.00545	0.00559	0.00170	0.00667	0.00502	0.00336	0.00878
7	0.00851	0.00633	0.00800	0.00748	0.00897	0.00610	0.00564	0.01237	0.08330	0.02266	0.69676	0.04012	0.04983	0.01115	0.00655	0.00178	0.00282	0.00983	0.00615	0.00564
8	0.00941	0.00879	0.07502	0.00842	0.01075	0.00724	0.00714	0.01416	0.12110	0.04026	0.49991	0.03710	0.11744	0.01059	0.00637	0.00180	0.00348	0.00917	0.00571	0.00613
9	0.00774	0.00553	0.00601	0.00601	0.00656	0.00525	0.00366	0.00815	0.00952	0.01215	0.02907	0.04183	0.23532	0.57478	0.02230	0.00443	0.00470	0.00925	0.00393	0.00380
10	0.01532	0.01354	0.01835	0.01635	0.09072	0.01525	0.11896	0.18840	0.29526	0.02344	0.01552	0.01643	0.01189	0.00709	0.00775	0.00192	0.12511	0.00576	0.00450	0.00845
11	0.00686	0.00490	0.00653	0.00784	0.00816	0.00457	0.00522	0.00784	0.01077	0.01437	0.03102	0.79855	0.03722	0.01763	0.00718	0.00229	0.00326	0.01600	0.00522	0.00457
12	0.01231	0.01231	0.01724	0.01477	0.01477	0.01724	0.01231	0.01354	0.00862	0.01354	0.00739	0.01231	0.00739	0.00985	0.01847	0.00246	0.79192	0.00492	0.00246	0.00616
13	0.01489	0.01246	0.06604	0.01010	0.01453	0.04498	0.00866	0.12754	0.03940	0.11770	0.09309	0.01777	0.01479	0.00627	0.00511	0.00136	0.00500	0.02431	0.00449	0.37149
14	0.02087	0.01550	0.01660	0.01284	0.01725	0.01721	0.01057	0.69770	0.07796	0.03463	0.01417	0.01404	0.01011	0.00682	0.00564	0.00170	0.00607	0.00516	0.00564	0.00952
15	0.00843	0.00543	0.00604	0.00604	0.00618	0.00543	0.00346	0.00870	0.00856	0.01197	0.01780	0.03517	0.01983	0.71898	0.02606	0.00502	0.00516	0.00788	0.09025	0.00360
16	0.01978	0.04758	0.06866	0.05858	0.01825	0.08012	0.08694	0.02258	0.01451	0.40733	0.01626	0.01588	0.01098	0.00602	0.00543	0.00161	0.00616	0.00505	0.00497	0.10332
17	0.01509	0.02004	0.13998	0.08034	0.02216	0.28841	0.19174	0.03265	0.01434	0.01698	0.08886	0.01550	0.01244	0.00602	0.00569	0.00167	0.00844	0.00527	0.00318	0.03120
18	0.01375	0.01168	0.01293	0.00975	0.01410	0.05538	0.00784	0.07625	0.01309	0.05518	0.01056	0.01215	0.00856	0.00513	0.00572	0.00113	0.07634	0.00375	0.00359	0.60311
19	0.00917	0.00746	0.00972	0.00877	0.01072	0.00737	0.05013	0.01419	0.15668	0.02085	0.42491	0.09148	0.14392	0.01118	0.00650	0.00186	0.00348	0.00989	0.00570	0.00600
20	0.01035	0.00956	0.01590	0.70692	0.03558	0.01175	0.01455	0.01399	0.01174	0.01524	0.08890	0.01783	0.01227	0.00624	0.00573	0.00186	0.00699	0.00554	0.00289	0.00615

[dist]
# distance from previous block
# <min> <max>
1	11

[block]
# block no. 3 follows, 42 sequences, length 24
# corresponding to MSA columns:
# 715-738
name=unknown_D
#
# <colnr> <probs for GDERKNQSTAVLIFYWHMCP>
#	G	D	E	R	K	N	Q	S	T	A	V	L	I	F	Y	W	H	M	C	P
0	0.01085	0.00905	0.01102	0.00856	0.01221	0.00769	0.00670	0.01289	0.01075	0.01653	0.01121	0.01532	0.01011	0.07200	0.12196	0.02368	0.04453	0.00422	0.00323	0.58747
1	0.01112	0.00937	0.01106	0.00815	0.01261	0.00718	0.00647	0.01365	0.01230	0.01896	0.12156	0.01616	0.01496	0.00525	0.00453	0.00097	0.00394	0.00435	0.00376	0.71366
2	0.00812	0.00571	0.00745	0.00745	0.00790	0.00617	0.00505	0.00903	0.00857	0.01188	0.01653	0.03019	0.01758	0.45930	0.36762	0.00708	0.00980	0.00721	0.00323	0.00414
3	0.01255	0.02552	0.60831	0.01496	0.02223	0.01318	0.01823	0.12538	0.01432	0.02076	0.06271	0.01421	0.01067	0.00598	0.00548	0.00177	0.00761	0.00471	0.00312	0.00829
4	0.00828	0.00568	0.00711	0.00675	0.00810	0.00528	0.00506	0.01088	0.01519	0.02203	0.62467	0.03942	0.07673	0.01089	0.00624	0.00171	0.00266	0.00952	0.12852	0.00528
5	0.01518	0.01264	0.01386	0.07168	0.01704	0.01455	0.00977	0.16841	0.55740	0.02515	0.02008	0.01908	0.01495	0.00731	0.00570	0.00186	0.00503	0.00601	0.00546	0.00883
6	0.01306	0.05513	0.58236	0.01587	0.02332	0.01414	0.06904	0.12586	0.01412	0.02028	0.01061	0.01224	0.00759	0.00549	0.00541	0.00175	0.00800	0.00442	0.00289	0.00841
7	0.01305	0.01274	0.04244	0.05139	0.09197	0.12389	0.06650	0.09619	0.04645	0.01807	0.01628	0.11608	0.01542	0.06600	0.09764	0.00289	0.00746	0.04367	0.06532	0.00656
8	0.84197	0.01088	0.00827	0.00740	0.01088	0.01262	0.00609	0.01654	0.00958	0.02525	0.00784	0.00914	0.00609	0.00522	0.00348	0.00174	0.00435	0.00305	0.00348	0.00609
9	0.00978	0.00489	0.00733	0.00733	0.00733	0.00489	0.00489	0.00733	0.00733	0.00978	0.00978	0.01711	0.00978	0.01955	0.02199	0.83627	0.00489	0.00489	0.00244	0.00244
10	0.84197	0.01088	0.00827	0.00740	0.01088	0.01262	0.00609	0.01654	0.00958	0.02525	0.00784	0.00914	0.00609	0.00522	0.00348	0.00174	0.00435	0.00305	0.00348	0.00609
11	0.01129	0.02911	0.77306	0.01604	0.02436	0.01307	0.02079	0.01782	0.01188	0.01782	0.01010	0.01188	0.00713	0.00535	0.00535	0.00178	0.00832	0.00416	0.00238	0.00832
12	0.00818	0.00546	0.00614	0.00614	0.00614	0.00546	0.00341	0.00818	0.00818	0.01091	0.01773	0.03683	0.02046	0.80222	0.02864	0.00546	0.00546	0.00818	0.00341	0.00341
13	0.01170	0.11500	0.69082	0.01533	0.02326	0.01409	0.01956	0.01771	0.01183	0.01732	0.00985	0.01157	0.00714	0.00529	0.00515	0.00172	0.00806	0.00403	0.00238	0.00820
14	0.01948	0.01085	0.01288	0.01053	0.01423	0.01108	0.00848	0.13314	0.24548	0.35394	0.07824	0.02070	0.01732	0.00748	0.00570	0.00178	0.00467	0.00613	0.02897	0.00892
15	0.01231	0.01301	0.07697	0.17999	0.19627	0.03216	0.12321	0.07550	0.01318	0.01782	0.01468	0.16855	0.01397	0.00791	0.00639	0.00189	0.02829	0.00732	0.00341	0.00718
16	0.00691	0.00563	0.00614	0.00636	0.00795	0.00486	0.00474	0.00842	0.01277	0.01573	0.10630	0.16381	0.56491	0.01461	0.00679	0.00198	0.00302	0.04900	0.00530	0.00479
17	0.01313	0.05182	0.02306	0.18107	0.23131	0.01399	0.22418	0.01918	0.14863	0.01815	0.01281	0.01556	0.00994	0.00553	0.00582	0.00180	0.00722	0.00563	0.00326	0.00790
18	0.00712	0.00570	0.00638	0.00642	0.00805	0.00497	0.00484	0.00888	0.01348	0.01708	0.23104	0.09759	0.50429	0.01384	0.00674	0.00193	0.00295	0.04835	0.00547	0.00490
19	0.01062	0.01087	0.07106	0.04039	0.01400	0.01171	0.00996	0.01487	0.12107	0.01674	0.13494	0.02254	0.04911	0.03604	0.14784	0.00342	0.26826	0.00649	0.00378	0.00627
20	0.00836	0.00540	0.00681	0.00690	0.00707	0.00553	0.00434	0.00828	0.00834	0.01126	0.01681	0.08371	0.01873	0.49341	0.13708	0.15668	0.00662	0.00781	0.00330	0.00355
21	0.01365	0.01283	0.02074	0.07677	0.32301	0.01418	0.10861	0.01857	0.12204	0.04256	0.01216	0.01503	0.00983	0.00652	0.00853	0.00192	0.17637	0.00542	0.00328	0.00798
22	0.01550	0.53834	0.08910	0.01264	0.04160	0.07866	0.06549	0.07157	0.01311	0.01583	0.00885	0.01030	0.00754	0.00508	0.00431	0.00137	0.00682	0.00364	0.00273	0.00752
23	0.01314	0.10324	0.11125	0.00962	0.01464	0.01009	0.00893	0.03144	0.02541	0.08726	0.04442	0.01529	0.04180	0.00548	0.00465	0.00120	0.00490	0.00434	0.00372	0.45915

[dist]
# distance from previous block
# <min> <max>
0	1

[block]
# block no. 4 follows, 42 sequences, length 20
# corresponding to MSA columns:
# 740-759
name=unknown_E
#
# <colnr> <probs for GDERKNQSTAVLIFYWHMCP>
#	G	D	E	R	K	N	Q	S	T	A	V	L	I	F	Y	W	H	M	C	P
0	0.06282	0.18571	0.01848	0.01224	0.01580	0.14441	0.05011	0.09448	0.16003	0.09617	0.01360	0.02958	0.01073	0.00666	0.00621	0.00169	0.07461	0.00488	0.00408	0.00772
1	0.01091	0.02627	0.67983	0.01516	0.02259	0.01216	0.01911	0.01691	0.01204	0.01781	0.03651	0.04234	0.01105	0.00653	0.00559	0.00184	0.00779	0.04491	0.00275	0.00792
2	0.01243	0.01191	0.01890	0.20337	0.38075	0.04105	0.05255	0.01614	0.04503	0.01700	0.01406	0.09561	0.01299	0.00713	0.00591	0.00184	0.00663	0.04599	0.00323	0.00750
3	0.01424	0.05466	0.01343	0.00935	0.01395	0.01044	0.00763	0.15358	0.05335	0.04870	0.01205	0.01307	0.00946	0.00508	0.00454	0.00113	0.00461	0.00397	0.04327	0.52349
4	0.01032	0.00780	0.00987	0.00876	0.01090	0.00775	0.04114	0.01570	0.17967	0.06210	0.38731	0.03637	0.14310	0.04515	0.00735	0.00199	0.00365	0.00907	0.00571	0.00629
5	0.01231	0.24813	0.12463	0.05337	0.01560	0.01373	0.01021	0.08758	0.08191	0.01796	0.04762	0.09570	0.12505	0.00863	0.00541	0.00171	0.00542	0.03412	0.00395	0.00695
6	0.00771	0.00594	0.00756	0.00848	0.04999	0.00547	0.00567	0.00940	0.01278	0.01693	0.24056	0.24300	0.23977	0.07898	0.00859	0.00228	0.00343	0.04326	0.00521	0.00500
7	0.01340	0.01102	0.01312	0.07203	0.10056	0.07707	0.03799	0.07734	0.06869	0.10137	0.03857	0.07995	0.22819	0.00922	0.00597	0.00177	0.00524	0.00783	0.00463	0.04604
8	0.01231	0.01231	0.01724	0.01477	0.01477	0.01724	0.01231	0.01354	0.00862	0.01354	0.00739	0.01231	0.00739	0.00985	0.01847	0.00246	0.79192	0.00492	0.00246	0.00616
9	0.11085	0.00884	0.01090	0.00984	0.01204	0.00927	0.04255	0.04422	0.10020	0.08233	0.02140	0.10625	0.05343	0.14074	0.01045	0.00259	0.04848	0.13579	0.00458	0.04526
10	0.00697	0.00533	0.00640	0.00693	0.00800	0.00476	0.00489	0.00839	0.01239	0.01606	0.16458	0.40068	0.30360	0.01537	0.00690	0.00206	0.00301	0.01352	0.00539	0.00476
11	0.01157	0.01036	0.01687	0.24511	0.34668	0.01091	0.01348	0.01476	0.01304	0.03200	0.16182	0.02232	0.06329	0.00707	0.00586	0.00177	0.00586	0.00646	0.00360	0.00719
12	0.00686	0.00490	0.00653	0.00784	0.00816	0.00457	0.00522	0.00784	0.01077	0.01437	0.03102	0.79855	0.03722	0.01763	0.00718	0.00229	0.00326	0.01600	0.00522	0.00457
13	0.00848	0.00661	0.00964	0.00940	0.01022	0.00793	0.00729	0.01026	0.00894	0.01295	0.01451	0.02225	0.01389	0.09698	0.64642	0.00811	0.09204	0.00608	0.00299	0.00501
14	0.01254	0.04677	0.01324	0.00927	0.01361	0.00942	0.00758	0.01484	0.01149	0.05298	0.01015	0.01198	0.00843	0.00504	0.00599	0.00110	0.10214	0.00363	0.00335	0.65644
15	0.11501	0.08685	0.01851	0.01298	0.03831	0.01135	0.19159	0.01671	0.01208	0.08693	0.01135	0.01385	0.00907	0.04041	0.00592	0.00156	0.00588	0.00457	0.00346	0.31362
16	0.31897	0.01511	0.01228	0.01046	0.01397	0.21032	0.00831	0.05929	0.04748	0.12204	0.01120	0.01192	0.00843	0.00587	0.00507	0.00161	0.03706	0.00391	0.00396	0.09276
17	0.13929	0.01462	0.01340	0.01127	0.01490	0.13438	0.00895	0.20790	0.21868	0.08064	0.04453	0.01581	0.01273	0.00668	0.00521	0.00168	0.00572	0.00504	0.00490	0.05367
18	0.01409	0.01343	0.05285	0.01470	0.01925	0.04775	0.24345	0.05118	0.12560	0.07702	0.04324	0.02934	0.01334	0.00633	0.00577	0.00165	0.00648	0.03979	0.00407	0.19067
19	0.15505	0.01106	0.01281	0.01002	0.01414	0.03741	0.06206	0.05268	0.07007	0.14267	0.02889	0.01769	0.07692	0.00629	0.00496	0.00147	0.00489	0.00509	0.00440	0.28144

[dist]
# distance from previous block
# <min> <max>
2	14

[block]
# block no. 5 follows, 42 sequences, length 27
# corresponding to MSA columns:
# 777-803
name=unknown_F
#
# <colnr> <probs for GDERKNQSTAVLIFYWHMCP>
#	G	D	E	R	K	N	Q	S	T	A	V	L	I	F	Y	W	H	M	C	P
0	0.04432	0.20243	0.06635	0.02243	0.36519	0.08427	0.03928	0.02806	0.01286	0.04318	0.01075	0.03699	0.00922	0.00554	0.00507	0.00158	0.00677	0.00472	0.00297	0.00801
1	0.07155	0.01243	0.06068	0.02271	0.37793	0.01145	0.08003	0.01711	0.03739	0.07211	0.16116	0.01976	0.01796	0.00653	0.00573	0.00174	0.00587	0.00609	0.00388	0.00789
2	0.01223	0.00998	0.01244	0.11356	0.01682	0.00822	0.00796	0.01489	0.01184	0.05686	0.01064	0.01251	0.00851	0.00451	0.00444	0.00102	0.00465	0.00368	0.00341	0.68184
3	0.00796	0.00575	0.00752	0.00708	0.00841	0.00531	0.00531	0.01062	0.01593	0.02257	0.76415	0.04204	0.05310	0.01150	0.00664	0.00177	0.00265	0.01018	0.00619	0.00531
4	0.00778	0.00569	0.00730	0.00702	0.00832	0.00521	0.00522	0.01021	0.01531	0.02138	0.65405	0.09756	0.10957	0.01217	0.00668	0.00182	0.00271	0.01073	0.00605	0.00521
5	0.01957	0.01678	0.06465	0.01298	0.01675	0.14224	0.01098	0.35357	0.04574	0.12607	0.01320	0.01386	0.00965	0.00732	0.00746	0.02863	0.09263	0.00487	0.00470	0.00836
6	0.01129	0.02911	0.77306	0.01604	0.02436	0.01307	0.02079	0.01782	0.01188	0.01782	0.01010	0.01188	0.00713	0.00535	0.00535	0.00178	0.00832	0.00416	0.00238	0.00832
7	0.00984	0.00743	0.00976	0.08754	0.06400	0.00791	0.00692	0.05787	0.03334	0.01508	0.07825	0.03075	0.01994	0.42614	0.09788	0.00447	0.00652	0.02762	0.00373	0.00501
8	0.00804	0.00603	0.00904	0.00904	0.01005	0.00703	0.00703	0.01005	0.00904	0.01306	0.01507	0.02211	0.01407	0.04221	0.77992	0.00904	0.01507	0.00603	0.00301	0.00502
9	0.01480	0.75544	0.07753	0.01004	0.01508	0.02167	0.01035	0.01691	0.01146	0.01354	0.00797	0.00921	0.00722	0.00485	0.00372	0.00124	0.00617	0.00308	0.00241	0.00729
10	0.01129	0.02911	0.77306	0.01604	0.02436	0.01307	0.02079	0.01782	0.01188	0.01782	0.01010	0.01188	0.00713	0.00535	0.00535	0.00178	0.00832	0.00416	0.00238	0.00832
11	0.00733	0.00548	0.00676	0.00695	0.00807	0.00496	0.00498	0.00912	0.01342	0.01803	0.35609	0.27001	0.21448	0.03905	0.00750	0.00207	0.00297	0.01225	0.00559	0.00490
12	0.00822	0.00568	0.00710	0.00674	0.00811	0.00527	0.00506	0.01079	0.01517	0.02188	0.61798	0.03998	0.09387	0.01102	0.00627	0.00172	0.00266	0.00962	0.11759	0.00527
13	0.00818	0.00546	0.00614	0.00614	0.00614	0.00546	0.00341	0.00818	0.00818	0.01091	0.01773	0.03683	0.02046	0.80222	0.02864	0.00546	0.00546	0.00818	0.00341	0.00341
14	0.01605	0.01981	0.11679	0.01351	0.01697	0.29529	0.01156	0.02397	0.31231	0.01822	0.01447	0.01495	0.01123	0.00687	0.00667	0.00178	0.08304	0.00492	0.00392	0.00769
15	0.12551	0.28342	0.29390	0.01250	0.01788	0.09368	0.01351	0.01750	0.01161	0.01659	0.00871	0.01042	0.00705	0.00551	0.00540	0.00160	0.06167	0.00363	0.00259	0.00732
16	0.01117	0.00943	0.01111	0.00817	0.01267	0.00721	0.00649	0.01369	0.01224	0.01891	0.11161	0.01576	0.01437	0.00516	0.00450	0.00096	0.00396	0.00426	0.00372	0.72462
17	0.01366	0.07014	0.11717	0.03580	0.11393	0.01414	0.01180	0.05918	0.41401	0.02117	0.01732	0.01755	0.01327	0.00849	0.04567	0.00217	0.00609	0.00554	0.00443	0.00847
18	0.01220	0.04973	0.56936	0.07182	0.12477	0.01320	0.01917	0.01781	0.01210	0.04365	0.01051	0.01254	0.00763	0.00536	0.00535	0.00175	0.00784	0.00435	0.00260	0.00826
19	0.09992	0.01329	0.18238	0.01057	0.01406	0.00987	0.03287	0.10599	0.01264	0.06719	0.01621	0.13622	0.01574	0.19860	0.03560	0.00292	0.00610	0.00710	0.00393	0.02876
20	0.00918	0.00618	0.00752	0.00734	0.00804	0.00609	0.00496	0.03261	0.00957	0.01294	0.01756	0.03486	0.01926	0.48414	0.04626	0.11667	0.00558	0.10598	0.00358	0.06168
21	0.00890	0.06205	0.01080	0.00921	0.01028	0.00875	0.00722	0.01059	0.00907	0.01286	0.01425	0.02213	0.01380	0.12678	0.57436	0.00753	0.07737	0.00598	0.00297	0.00508
22	0.01382	0.01570	0.12276	0.09634	0.34026	0.05303	0.10567	0.04017	0.01302	0.04445	0.01236	0.01517	0.03480	0.00591	0.00659	0.00179	0.06187	0.00528	0.00302	0.00801
23	0.01329	0.03919	0.11972	0.01916	0.24023	0.01249	0.07914	0.10337	0.10098	0.02094	0.06660	0.06897	0.01499	0.00694	0.00566	0.00174	0.00601	0.00625	0.06640	0.00792
24	0.12069	0.00606	0.00727	0.00798	0.00903	0.00595	0.00563	0.01044	0.01103	0.06847	0.02726	0.62392	0.03132	0.01518	0.00659	0.00218	0.00355	0.02722	0.00511	0.00514
25	0.01189	0.00874	0.03550	0.01092	0.01316	0.00828	0.03827	0.06240	0.08044	0.09700	0.02615	0.16118	0.02660	0.01294	0.00702	0.00228	0.00512	0.38049	0.00527	0.00636
26	0.01710	0.04146	0.14280	0.14303	0.03978	0.01174	0.07324	0.04393	0.05472	0.29714	0.01588	0.03727	0.01134	0.00660	0.00616	0.00181	0.03767	0.00554	0.00452	0.00824

[dist]
# distance from previous block
# <min> <max>
9	58

[block]
# block no. 6 follows, 42 sequences, length 6
# corresponding to MSA columns:
# 863-868
name=unknown_G
#
# <colnr> <probs for GDERKNQSTAVLIFYWHMCP>
#	G	D	E	R	K	N	Q	S	T	A	V	L	I	F	Y	W	H	M	C	P
0	0.00936	0.00897	0.05562	0.06027	0.08059	0.00818	0.07415	0.01193	0.01227	0.01686	0.14930	0.23636	0.02807	0.03714	0.04127	0.00250	0.03359	0.12340	0.00438	0.00580
1	0.01356	0.07605	0.02249	0.06237	0.08720	0.04756	0.31069	0.01672	0.01292	0.09197	0.01616	0.15816	0.01499	0.00784	0.00622	0.00188	0.00712	0.03528	0.00372	0.00711
2	0.05240	0.11477	0.15411	0.01483	0.04577	0.01376	0.13221	0.01726	0.01200	0.10717	0.02926	0.01658	0.01081	0.00688	0.00792	0.00184	0.15784	0.04607	0.00339	0.05512
3	0.01127	0.04648	0.01320	0.01103	0.01229	0.01104	0.04271	0.01362	0.04531	0.05844	0.01605	0.14986	0.01574	0.04729	0.15116	0.00348	0.25337	0.00726	0.08448	0.00593
4	0.00974	0.00774	0.00852	0.00919	0.05440	0.07409	0.00567	0.01017	0.01008	0.01304	0.08923	0.10505	0.02154	0.37675	0.05728	0.12583	0.00585	0.00796	0.00362	0.00426
5	0.01700	0.01428	0.05312	0.07398	0.08944	0.01264	0.05729	0.07973	0.10133	0.06688	0.08394	0.05900	0.01866	0.00914	0.00707	0.00225	0.00659	0.00700	0.00546	0.23520

[dist]
# distance from previous block
# <min> <max>
0	2

[block]
# block no. 7 follows, 42 sequences, length 37
# corresponding to MSA columns:
# 871-907
name=unknown_H
#
# <colnr> <probs for GDERKNQSTAVLIFYWHMCP>
#	G	D	E	R	K	N	Q	S	T	A	V	L	I	F	Y	W	H	M	C	P
0	0.05639	0.03550	0.06791	0.03506	0.04756	0.01161	0.02963	0.06257	0.28763	0.06778	0.17450	0.06092	0.02256	0.00822	0.00579	0.00182	0.00479	0.00699	0.00511	0.00766
1	0.00841	0.00639	0.00881	0.00851	0.00947	0.00710	0.00637	0.01000	0.00945	0.01346	0.05815	0.02619	0.03735	0.19428	0.48612	0.00700	0.05210	0.00669	0.00332	0.04084
2	0.06701	0.01751	0.04897	0.01292	0.01723	0.12929	0.01081	0.53047	0.06142	0.03030	0.01282	0.01309	0.00932	0.00651	0.00542	0.00167	0.00667	0.00477	0.00497	0.00883
3	0.01424	0.54636	0.21373	0.01117	0.01686	0.01878	0.01222	0.01727	0.01170	0.03737	0.00894	0.01018	0.00746	0.00498	0.00413	0.00134	0.00646	0.00339	0.00258	0.05083
4	0.05078	0.01311	0.16255	0.04490	0.01620	0.00999	0.05785	0.06166	0.08818	0.11466	0.23180	0.02594	0.08200	0.00829	0.00592	0.00180	0.00518	0.00709	0.00488	0.00723
5	0.04284	0.15473	0.31496	0.01342	0.01907	0.01383	0.05994	0.01965	0.02906	0.18901	0.02410	0.01386	0.00970	0.00606	0.00615	0.00173	0.06552	0.00462	0.00363	0.00810
6	0.01284	0.35011	0.09572	0.00945	0.01333	0.01412	0.00909	0.01633	0.06823	0.06259	0.11918	0.04213	0.08842	0.00769	0.00498	0.00156	0.00502	0.02187	0.05046	0.00688
7	0.00824	0.00591	0.00794	0.00812	0.00912	0.00559	0.02887	0.01007	0.03021	0.03694	0.17716	0.39545	0.08548	0.11207	0.00963	0.00253	0.00376	0.05277	0.00518	0.00496
8	0.07247	0.01347	0.05462	0.06008	0.25121	0.01280	0.22652	0.08466	0.01385	0.05901	0.01336	0.08761	0.01143	0.00644	0.00589	0.00182	0.00698	0.00638	0.00353	0.00786
9	0.01468	0.01107	0.01534	0.12086	0.05886	0.03194	0.09280	0.07682	0.17151	0.14711	0.03486	0.10688	0.06168	0.00839	0.00604	0.00188	0.00566	0.02115	0.00484	0.00762
10	0.00696	0.00508	0.00658	0.00774	0.00830	0.00470	0.00534	0.00808	0.01112	0.01460	0.03381	0.67489	0.11711	0.01714	0.00716	0.00226	0.00333	0.05596	0.00522	0.00463
11	0.01567	0.00911	0.01195	0.01013	0.01310	0.00886	0.04392	0.08049	0.11550	0.26633	0.15096	0.11322	0.07272	0.00987	0.00624	0.00189	0.00446	0.05210	0.00594	0.00753
12	0.06685	0.12990	0.08347	0.21972	0.05507	0.01314	0.04858	0.01925	0.01268	0.23660	0.01308	0.01452	0.00933	0.00600	0.00591	0.00174	0.04779	0.00478	0.00387	0.00771
13	0.04661	0.00961	0.01293	0.00994	0.01427	0.00839	0.00821	0.02714	0.01594	0.75151	0.02183	0.01889	0.01373	0.00692	0.00560	0.00174	0.00478	0.00559	0.00687	0.00949
14	0.04870	0.03931	0.12602	0.07905	0.08918	0.01390	0.38620	0.01687	0.01242	0.01776	0.04312	0.01511	0.01000	0.00564	0.00703	0.00187	0.07173	0.00580	0.00288	0.00741
15	0.01624	0.02994	0.21076	0.02013	0.24174	0.05968	0.05066	0.08741	0.06396	0.14444	0.01335	0.01446	0.00975	0.00579	0.00554	0.00172	0.00693	0.00496	0.00383	0.00870
16	0.00894	0.00605	0.00737	0.00723	0.00760	0.00637	0.00465	0.00980	0.03533	0.03041	0.01755	0.06567	0.01914	0.55561	0.12664	0.04357	0.03262	0.00785	0.00353	0.00407
17	0.00751	0.00558	0.00702	0.00722	0.00833	0.00515	0.00520	0.00968	0.02855	0.01870	0.39437	0.30108	0.15290	0.01392	0.00681	0.00197	0.00293	0.01234	0.00571	0.00505
18	0.01647	0.03592	0.11063	0.04338	0.09495	0.01329	0.10653	0.08436	0.16515	0.18689	0.01561	0.01618	0.01128	0.00652	0.00666	0.00183	0.06588	0.00548	0.00446	0.00852
19	0.15798	0.12111	0.06813	0.08374	0.18362	0.06649	0.18774	0.01766	0.01229	0.03651	0.01001	0.01257	0.00789	0.00513	0.00516	0.00169	0.00722	0.00466	0.00293	0.00748
20	0.01167	0.02641	0.62955	0.01753	0.02534	0.01329	0.16160	0.01786	0.01215	0.01786	0.01035	0.01252	0.00740	0.00523	0.00560	0.00180	0.00854	0.00464	0.00247	0.00818
21	0.00724	0.00559	0.00665	0.00728	0.00833	0.00517	0.00511	0.00925	0.05072	0.01567	0.08883	0.46437	0.27405	0.01559	0.00690	0.00211	0.00315	0.01376	0.00532	0.00491
22	0.07464	0.05677	0.04326	0.13254	0.02269	0.01227	0.24885	0.04062	0.01360	0.21576	0.01631	0.01761	0.05555	0.00623	0.00594	0.00180	0.01795	0.00585	0.00410	0.00767
23	0.04316	0.11928	0.13393	0.14495	0.04351	0.01372	0.08725	0.07389	0.11387	0.07461	0.01463	0.04534	0.01196	0.00682	0.00554	0.00180	0.00650	0.04779	0.00380	0.00764
24	0.01218	0.00879	0.01018	0.00923	0.01162	0.00925	0.00710	0.02030	0.33080	0.09820	0.31194	0.07063	0.05659	0.00981	0.00618	0.00186	0.00367	0.00846	0.00599	0.00722
25	0.01354	0.01260	0.02061	0.07678	0.61431	0.01292	0.01569	0.01797	0.07775	0.01874	0.01206	0.01501	0.00986	0.00537	0.00550	0.00168	0.00631	0.00514	0.04961	0.00855
26	0.01586	0.37964	0.08461	0.01434	0.07661	0.05646	0.10010	0.04060	0.07351	0.09127	0.01151	0.01255	0.00905	0.00541	0.00478	0.00151	0.00664	0.00432	0.00333	0.00789
27	0.00980	0.00939	0.05525	0.30040	0.08506	0.00934	0.01122	0.04404	0.01218	0.01632	0.06418	0.31714	0.02188	0.01057	0.00627	0.00200	0.00550	0.00950	0.00392	0.00603
28	0.00712	0.00520	0.00653	0.00745	0.00807	0.00483	0.00511	0.00819	0.01105	0.01442	0.04578	0.53710	0.15380	0.10183	0.00945	0.00258	0.00354	0.05839	0.00504	0.00452
29	0.03365	0.00786	0.01164	0.07386	0.03661	0.00777	0.07392	0.05355	0.01298	0.08941	0.07631	0.38985	0.05902	0.01250	0.00659	0.00206	0.00462	0.03687	0.00492	0.00599
30	0.02379	0.02618	0.17001	0.22763	0.09957	0.02921	0.01382	0.10503	0.01366	0.01882	0.05883	0.08915	0.01414	0.00762	0.00638	0.00187	0.04547	0.02778	0.01393	0.00711
31	0.01761	0.05674	0.01205	0.00933	0.01242	0.00843	0.00757	0.02056	0.05871	0.40608	0.15308	0.10401	0.02400	0.01035	0.03055	0.00206	0.00466	0.04797	0.00608	0.00775
32	0.04432	0.47804	0.17281	0.01136	0.01650	0.09505	0.01172	0.05851	0.01276	0.01610	0.00900	0.01032	0.00751	0.00519	0.00422	0.00139	0.00673	0.00348	0.02757	0.00740
33	0.01330	0.03360	0.06098	0.01022	0.01302	0.00974	0.00884	0.10817	0.08798	0.12381	0.05461	0.10646	0.11082	0.01089	0.00686	0.00201	0.03904	0.16506	0.02767	0.00691
34	0.07901	0.10424	0.49221	0.01525	0.02202	0.01366	0.11513	0.01709	0.01178	0.01779	0.01103	0.05593	0.00893	0.00589	0.00529	0.00176	0.00763	0.00495	0.00269	0.00772
35	0.01304	0.00700	0.00887	0.00826	0.01051	0.00630	0.00643	0.01524	0.03514	0.25064	0.09590	0.20168	0.21928	0.01243	0.00655	0.00199	0.00381	0.08465	0.00586	0.00642
36	0.07237	0.08166	0.07775	0.06653	0.31950	0.01290	0.02386	0.03744	0.07653	0.05350	0.05259	0.06387	0.01367	0.00669	0.00546	0.00174	0.00595	0.01648	0.00364	0.00788

[dist]
# distance from previous block
# <min> <max>
0	2

[block]
# block no. 8 follows, 42 sequences, length 8
# corresponding to MSA columns:
# 910-917
name=unknown_I
#
# <colnr> <probs for GDERKNQSTAVLIFYWHMCP>
#	G	D	E	R	K	N	Q	S	T	A	V	L	I	F	Y	W	H	M	C	P
0	0.01234	0.12231	0.06041	0.17029	0.28646	0.01299	0.01333	0.01619	0.05539	0.01710	0.05072	0.06785	0.01291	0.00639	0.00536	0.00165	0.00607	0.00564	0.00321	0.07340
1	0.01530	0.06677	0.30705	0.01831	0.14122	0.01322	0.11720	0.05525	0.03816	0.15387	0.01298	0.01418	0.00929	0.00561	0.00554	0.00174	0.00722	0.00496	0.00360	0.00855
2	0.03317	0.05848	0.06709	0.11634	0.16440	0.01235	0.01176	0.17058	0.01556	0.12951	0.01821	0.08936	0.07360	0.00767	0.00567	0.00177	0.00581	0.00647	0.00434	0.00787
3	0.01049	0.01066	0.11536	0.06299	0.04052	0.00859	0.00943	0.07821	0.01320	0.05471	0.02881	0.26041	0.18875	0.01198	0.00692	0.00202	0.03668	0.04949	0.00457	0.00619
4	0.13474	0.01362	0.05987	0.09356	0.04800	0.06373	0.08840	0.11554	0.05192	0.22678	0.01489	0.04015	0.01089	0.00645	0.00544	0.00177	0.00626	0.00537	0.00458	0.00803
5	0.05886	0.02884	0.18259	0.05671	0.05473	0.01114	0.06026	0.09391	0.01459	0.24981	0.01806	0.08320	0.04746	0.00739	0.00567	0.00180	0.00605	0.00625	0.00460	0.00808
6	0.04589	0.01079	0.01270	0.05035	0.05596	0.07695	0.02909	0.08869	0.01389	0.10999	0.08432	0.11821	0.09535	0.05762	0.01984	0.00223	0.09418	0.02291	0.00450	0.00654
7	0.07544	0.01416	0.04363	0.01473	0.07123	0.07980	0.10589	0.17025	0.10458	0.07559	0.05628	0.04711	0.01386	0.00718	0.00637	0.00179	0.04934	0.02042	0.00441	0.03793

[dist]
# distance from previous block
# <min> <max>
0	804

# created by:
# /home/berkeley/.conda/envs/busco_data_prod/bin/msa2prfl.pl pipeline/OGs_align_augustus/33634/25304.fs
