[name]
unknown

[dist]
# distance from previous block
# <min> <max>
0	206

[block]
# block no. 0 follows, 48 sequences, length 90
# corresponding to MSA columns:
# 307-396
name=unknown_A
#
# <colnr> <probs for GDERKNQSTAVLIFYWHMCP>
#	G	D	E	R	K	N	Q	S	T	A	V	L	I	F	Y	W	H	M	C	P
0	0.04055	0.00758	0.01029	0.11686	0.01428	0.00791	0.01793	0.08824	0.01257	0.13076	0.02122	0.23089	0.02150	0.01094	0.00624	0.00197	0.01982	0.23011	0.00456	0.00578
1	0.01443	0.01117	0.01202	0.01039	0.01346	0.01260	0.00816	0.14436	0.57435	0.08105	0.01931	0.01843	0.01444	0.03479	0.00592	0.00181	0.00437	0.00562	0.00522	0.00809
2	0.01814	0.16108	0.01716	0.01104	0.01511	0.01637	0.00938	0.60973	0.02122	0.02824	0.01151	0.01179	0.00847	0.00583	0.00475	0.00145	0.00552	0.00428	0.03070	0.00821
3	0.01329	0.01073	0.01682	0.05244	0.46047	0.01099	0.01251	0.09649	0.01268	0.09138	0.01217	0.04194	0.01016	0.01033	0.12222	0.00255	0.00693	0.00511	0.00328	0.00750
4	0.01509	0.70277	0.02468	0.00883	0.01316	0.01842	0.00860	0.01679	0.01105	0.12692	0.00907	0.00959	0.00749	0.00468	0.00357	0.00117	0.00532	0.00310	0.00281	0.00690
5	0.00907	0.00829	0.00917	0.00898	0.01015	0.12325	0.00693	0.01083	0.00917	0.01201	0.01289	0.01855	0.01191	0.03359	0.68220	0.00723	0.01308	0.00517	0.00273	0.00478
6	0.00733	0.00550	0.00825	0.00825	0.00916	0.00641	0.00641	0.00916	0.00825	0.01191	0.01374	0.02016	0.01283	0.03848	0.79934	0.00825	0.01374	0.00550	0.00275	0.00458
7	0.00745	0.00504	0.00592	0.00592	0.00604	0.00515	0.00352	0.00767	0.00756	0.01019	0.01587	0.03192	0.01793	0.72315	0.12166	0.00538	0.00606	0.00722	0.00306	0.00329
8	0.01457	0.70360	0.02519	0.00923	0.01357	0.01966	0.00892	0.12668	0.01245	0.01506	0.00790	0.00883	0.00690	0.00465	0.00356	0.00116	0.00551	0.00302	0.00263	0.00690
9	0.01951	0.01437	0.01540	0.01181	0.01591	0.01591	0.00975	0.77056	0.02412	0.03234	0.01232	0.01232	0.00873	0.00616	0.00513	0.00154	0.00565	0.00462	0.00513	0.00873
10	0.00733	0.00550	0.00825	0.00825	0.00916	0.00641	0.00641	0.00916	0.00825	0.01191	0.01374	0.02016	0.01283	0.03848	0.79934	0.00825	0.01374	0.00550	0.00275	0.00458
11	0.02089	0.01214	0.01402	0.01075	0.01480	0.01260	0.00888	0.47592	0.02039	0.33224	0.01545	0.01435	0.01030	0.00624	0.00514	0.00156	0.00514	0.00483	0.00561	0.00873
12	0.01066	0.01034	0.01443	0.01251	0.01258	0.01424	0.01028	0.01176	0.00786	0.01214	0.00794	0.01350	0.00805	0.06936	0.07672	0.00290	0.69224	0.00478	0.00235	0.00536
13	0.00833	0.00665	0.00827	0.00763	0.00821	0.00736	0.00540	0.00900	0.00834	0.01163	0.01705	0.08366	0.07408	0.42617	0.05373	0.00374	0.17534	0.00714	0.00315	0.07512
14	0.54308	0.00987	0.00916	0.00791	0.01096	0.01115	0.00647	0.13060	0.01144	0.07786	0.00985	0.01134	0.00763	0.01006	0.12097	0.00256	0.00570	0.00363	0.00364	0.00613
15	0.00683	0.00609	0.00675	0.00642	0.00789	0.00601	0.00498	0.00810	0.01113	0.01364	0.04531	0.04376	0.67078	0.01240	0.00765	0.00181	0.12165	0.00989	0.00439	0.00452
16	0.01136	0.01161	0.01786	0.01467	0.01544	0.01531	0.12293	0.01295	0.00848	0.01295	0.00727	0.01161	0.00689	0.00829	0.01525	0.00217	0.69212	0.00472	0.00230	0.00581
17	0.01028	0.02182	0.58222	0.01625	0.13337	0.01121	0.01687	0.01532	0.01089	0.01613	0.04032	0.01298	0.00893	0.00788	0.07171	0.00217	0.00768	0.00427	0.00241	0.00730
18	0.01056	0.02467	0.68065	0.01566	0.02289	0.01207	0.12952	0.01628	0.01102	0.01628	0.00938	0.01128	0.00669	0.00479	0.00505	0.00164	0.00774	0.00413	0.00223	0.00749
19	0.00827	0.00591	0.00827	0.00945	0.01063	0.00591	0.00827	0.01063	0.01181	0.01536	0.02717	0.05788	0.02953	0.01417	0.00709	0.00236	0.00472	0.75313	0.00472	0.00472
20	0.00623	0.00453	0.00588	0.00697	0.00740	0.00418	0.00468	0.00716	0.01000	0.01317	0.03046	0.74589	0.10297	0.01579	0.00650	0.00205	0.00294	0.01424	0.00476	0.00418
21	0.01265	0.01156	0.01813	0.02561	0.57754	0.01185	0.01352	0.07049	0.10076	0.01811	0.01270	0.08094	0.01121	0.00593	0.00522	0.00160	0.00557	0.00556	0.00322	0.00784
22	0.01372	0.82276	0.02689	0.00878	0.01317	0.02030	0.00878	0.01536	0.01043	0.01207	0.00713	0.00823	0.00658	0.00439	0.00329	0.00110	0.00549	0.00274	0.00219	0.00658
23	0.01501	0.03449	0.20012	0.02916	0.01755	0.06941	0.06108	0.19759	0.21520	0.08720	0.01387	0.01401	0.01005	0.00584	0.00508	0.00161	0.00606	0.00473	0.00409	0.00787
24	0.00894	0.00691	0.00908	0.00902	0.06782	0.00665	0.00629	0.06506	0.01450	0.02059	0.58512	0.03148	0.03799	0.00913	0.00601	0.00155	0.02438	0.00794	0.00507	0.07649
25	0.00969	0.00912	0.01539	0.80734	0.03534	0.01140	0.01425	0.01311	0.01026	0.01311	0.00912	0.01368	0.00684	0.00513	0.00513	0.00171	0.00684	0.00456	0.00228	0.00570
26	0.01210	0.01027	0.01111	0.01030	0.01294	0.01175	0.00814	0.02481	0.66540	0.02056	0.02181	0.02485	0.01771	0.00802	0.00550	0.00183	0.00416	0.11596	0.00515	0.00762
27	0.01185	0.01280	0.09191	0.11584	0.39730	0.05552	0.03711	0.03190	0.03232	0.01637	0.01190	0.08035	0.01046	0.00586	0.00509	0.00158	0.00600	0.00536	0.06345	0.00707
28	0.01738	0.01082	0.01236	0.01023	0.01370	0.01154	0.00821	0.15403	0.39110	0.28326	0.01920	0.01741	0.01347	0.00662	0.00519	0.00165	0.00444	0.00538	0.00559	0.00843
29	0.00733	0.00550	0.00825	0.00825	0.00916	0.00641	0.00641	0.00916	0.00825	0.01191	0.01374	0.02016	0.01283	0.03848	0.79934	0.00825	0.01374	0.00550	0.00275	0.00458
30	0.00937	0.00959	0.07898	0.28650	0.06282	0.00908	0.06443	0.01253	0.01115	0.01474	0.01737	0.05707	0.01726	0.00914	0.00603	0.00198	0.00599	0.31697	0.00340	0.00562
31	0.01662	0.19148	0.01691	0.02631	0.01527	0.41402	0.02641	0.09926	0.01427	0.03123	0.01064	0.01495	0.00945	0.00614	0.00471	0.00143	0.00741	0.08405	0.00311	0.00633
32	0.02093	0.00856	0.01151	0.00903	0.01260	0.00772	0.00737	0.05628	0.01428	0.66095	0.01918	0.01810	0.01277	0.04120	0.07272	0.00228	0.00524	0.00526	0.00587	0.00816
33	0.00606	0.00520	0.00520	0.00520	0.00693	0.00433	0.00390	0.00736	0.01170	0.01386	0.05198	0.04938	0.78558	0.01299	0.00606	0.00173	0.00260	0.01083	0.00476	0.00433
34	0.00728	0.00655	0.05330	0.00957	0.06074	0.00547	0.00694	0.00889	0.01042	0.01396	0.02635	0.55744	0.04967	0.01423	0.00644	0.00206	0.00376	0.14773	0.00446	0.00474
35	0.10377	0.03426	0.02226	0.07079	0.04010	0.14480	0.38907	0.07996	0.01288	0.01739	0.00951	0.01211	0.00732	0.00487	0.00557	0.00162	0.02934	0.00487	0.00284	0.00667
36	0.01923	0.02251	0.01471	0.01295	0.01587	0.64833	0.00988	0.16486	0.01639	0.01637	0.00878	0.00984	0.00702	0.00546	0.00472	0.00136	0.00856	0.00356	0.00312	0.00648
37	0.07486	0.01040	0.01573	0.14261	0.35389	0.01030	0.01173	0.01611	0.01156	0.13317	0.02219	0.01327	0.00892	0.00489	0.00476	0.00144	0.00535	0.00434	0.00325	0.15123
38	0.01261	0.12397	0.07912	0.01307	0.01494	0.03160	0.05654	0.01444	0.00936	0.07181	0.00825	0.01137	0.00721	0.00747	0.01225	0.00194	0.51093	0.00432	0.00257	0.00622
39	0.00745	0.00608	0.00644	0.00723	0.00792	0.06439	0.00498	0.00852	0.01045	0.01357	0.02845	0.61580	0.11101	0.01420	0.00614	0.00192	0.00337	0.01263	0.06509	0.00436
40	0.00742	0.00498	0.00558	0.00558	0.00564	0.00495	0.00313	0.00746	0.00759	0.01007	0.01729	0.03407	0.04277	0.79430	0.02549	0.00487	0.00490	0.00757	0.00316	0.00315
41	0.01208	0.01433	0.16236	0.14054	0.50262	0.01191	0.02929	0.01572	0.01141	0.03699	0.00979	0.01265	0.00776	0.00475	0.00507	0.00158	0.00648	0.00447	0.00254	0.00767
42	0.34777	0.47713	0.01886	0.00810	0.01196	0.03962	0.00754	0.01540	0.00987	0.01643	0.00716	0.00830	0.00618	0.00456	0.00329	0.00130	0.00500	0.00277	0.00260	0.00616
43	0.01319	0.01203	0.02040	0.03043	0.75093	0.01197	0.01536	0.01619	0.01183	0.05349	0.01015	0.01293	0.00834	0.00466	0.00508	0.00153	0.00601	0.00460	0.00272	0.00816
44	0.00725	0.00569	0.00662	0.00633	0.00785	0.00529	0.00476	0.01022	0.07554	0.01807	0.44225	0.05160	0.31720	0.01120	0.00600	0.00167	0.00263	0.00964	0.00528	0.00491
45	0.00719	0.00524	0.00675	0.00637	0.00762	0.00481	0.00478	0.00953	0.01434	0.02015	0.73812	0.03903	0.09553	0.01065	0.00605	0.00162	0.00243	0.00938	0.00559	0.00481
46	0.00631	0.00450	0.00602	0.00721	0.00753	0.00421	0.00486	0.00724	0.00988	0.01316	0.02825	0.79589	0.03382	0.01602	0.00656	0.00209	0.00302	0.03448	0.00476	0.00418
47	0.01349	0.77067	0.07701	0.00916	0.01376	0.01975	0.00945	0.01542	0.01045	0.01235	0.00727	0.00840	0.00658	0.00442	0.00340	0.00113	0.00562	0.00281	0.00219	0.00665
48	0.00726	0.00524	0.00686	0.00646	0.00767	0.00484	0.00484	0.00968	0.01452	0.02058	0.78496	0.03833	0.04841	0.01049	0.00605	0.00161	0.00242	0.00928	0.00565	0.00484
49	0.85592	0.00992	0.00754	0.00675	0.00992	0.01151	0.00556	0.01508	0.00873	0.02302	0.00714	0.00834	0.00556	0.00476	0.00318	0.00159	0.00397	0.00278	0.00318	0.00556
50	0.01290	0.00608	0.00680	0.00604	0.00796	0.00590	0.00472	0.05071	0.01223	0.18407	0.01727	0.01845	0.01285	0.00607	0.00399	0.00130	0.00297	0.00486	0.62902	0.00581
51	0.85592	0.00992	0.00754	0.00675	0.00992	0.01151	0.00556	0.01508	0.00873	0.02302	0.00714	0.00834	0.00556	0.00476	0.00318	0.00159	0.00397	0.00278	0.00318	0.00556
52	0.01376	0.01152	0.01216	0.01064	0.01372	0.01323	0.00836	0.13683	0.66722	0.02307	0.01962	0.01814	0.01464	0.00684	0.00521	0.00171	0.00429	0.00563	0.00521	0.00821
53	0.78103	0.00972	0.00765	0.00680	0.00992	0.01117	0.00558	0.02788	0.00924	0.04208	0.00801	0.00914	0.00615	0.00488	0.00328	0.00157	0.00393	0.00296	0.04336	0.00565
54	0.00609	0.00520	0.00524	0.00523	0.00695	0.00434	0.00392	0.00742	0.01176	0.01402	0.06901	0.04912	0.76845	0.01294	0.00606	0.00173	0.00259	0.01079	0.00479	0.00434
55	0.00638	0.00456	0.00611	0.00730	0.00765	0.00428	0.00499	0.00737	0.00995	0.01325	0.02821	0.76671	0.03365	0.01595	0.00658	0.00210	0.00309	0.06290	0.00476	0.00420
56	0.01867	0.01356	0.01450	0.01121	0.01507	0.01497	0.00923	0.70662	0.02300	0.03122	0.01269	0.01289	0.00910	0.00614	0.00500	0.00151	0.00537	0.00463	0.07618	0.00839
57	0.00791	0.00563	0.00762	0.00866	0.00978	0.00553	0.00733	0.01001	0.01152	0.01512	0.02877	0.14802	0.08664	0.01399	0.00681	0.00223	0.00426	0.57747	0.03808	0.00463
58	0.00768	0.00490	0.00576	0.00576	0.00576	0.00490	0.00331	0.00735	0.00735	0.00980	0.01510	0.03093	0.01722	0.70148	0.02522	0.12964	0.00490	0.00702	0.00298	0.00298
59	0.02129	0.00828	0.01107	0.00861	0.01226	0.00721	0.00706	0.02333	0.01417	0.69093	0.01968	0.01756	0.01268	0.00627	0.00496	0.00153	0.00413	0.00509	0.10351	0.02039
60	0.02106	0.00872	0.01155	0.00899	0.01268	0.00778	0.00737	0.07205	0.01522	0.65815	0.08475	0.01965	0.03402	0.00685	0.00525	0.00159	0.00424	0.00561	0.00617	0.00830
61	0.01194	0.01184	0.02112	0.07140	0.45209	0.02478	0.19549	0.01521	0.01177	0.01623	0.01193	0.01856	0.01059	0.00574	0.00556	0.00168	0.00664	0.09740	0.00281	0.00724
62	0.02178	0.00846	0.01151	0.00892	0.01267	0.00733	0.00733	0.02379	0.01467	0.73029	0.08071	0.01911	0.01553	0.00668	0.00523	0.00159	0.00421	0.00549	0.00630	0.00842
63	0.85592	0.00992	0.00754	0.00675	0.00992	0.01151	0.00556	0.01508	0.00873	0.02302	0.00714	0.00834	0.00556	0.00476	0.00318	0.00159	0.00397	0.00278	0.00318	0.00556
64	0.02302	0.00873	0.01191	0.00913	0.01310	0.00754	0.00754	0.02501	0.01469	0.79122	0.02024	0.01746	0.01270	0.00635	0.00516	0.00159	0.00437	0.00516	0.00635	0.00873
65	0.01496	0.01134	0.01869	0.04448	0.59514	0.01112	0.01386	0.01778	0.01233	0.19169	0.01203	0.01380	0.00913	0.00499	0.00510	0.00154	0.00572	0.00470	0.00339	0.00821
66	0.01174	0.01169	0.01822	0.01955	0.25319	0.01445	0.06077	0.01366	0.00931	0.01397	0.00787	0.01185	0.00723	0.00732	0.01253	0.00199	0.51123	0.00461	0.00236	0.00647
67	0.00729	0.00523	0.00677	0.00639	0.00761	0.00483	0.00479	0.00969	0.01437	0.02039	0.75017	0.03811	0.06398	0.01044	0.00599	0.00161	0.00242	0.00921	0.02588	0.00483
68	0.00698	0.00542	0.00741	0.00741	0.00855	0.00584	0.00572	0.00867	0.00919	0.01245	0.02422	0.02817	0.22457	0.03150	0.58197	0.00646	0.01069	0.00696	0.00330	0.00451
69	0.49646	0.00941	0.00943	0.00778	0.01129	0.00980	0.00641	0.01937	0.01130	0.35456	0.01280	0.01228	0.00864	0.00545	0.00403	0.00159	0.00414	0.00381	0.00455	0.00693
70	0.00727	0.00515	0.00610	0.00590	0.00722	0.00468	0.00441	0.00935	0.01312	0.01844	0.46307	0.05673	0.23477	0.01061	0.00570	0.00159	0.00248	0.00915	0.12958	0.00468
71	0.01266	0.57703	0.26336	0.01058	0.01596	0.01771	0.01192	0.01564	0.01055	0.01336	0.00777	0.00903	0.00656	0.00454	0.00378	0.00126	0.00613	0.00307	0.00219	0.00689
72	0.01091	0.00784	0.00696	0.00690	0.02601	0.10362	0.00484	0.04533	0.01128	0.01731	0.01520	0.01985	0.01294	0.14066	0.00755	0.00186	0.00390	0.00503	0.54711	0.00490
73	0.01851	0.01388	0.01484	0.01160	0.01553	0.01545	0.00951	0.66100	0.13530	0.03073	0.01358	0.01333	0.00975	0.00628	0.00515	0.00157	0.00541	0.00479	0.00515	0.00864
74	0.28645	0.01277	0.07157	0.07034	0.07424	0.02493	0.00959	0.23116	0.07128	0.08440	0.01117	0.01192	0.00815	0.00548	0.00448	0.00159	0.00521	0.00407	0.00393	0.00726
75	0.00643	0.00531	0.00570	0.00590	0.00754	0.00459	0.00462	0.00790	0.01171	0.01411	0.04790	0.05078	0.66125	0.01319	0.00623	0.00184	0.00295	0.13290	0.00476	0.00440
76	0.01207	0.00649	0.00791	0.00721	0.00930	0.00591	0.00551	0.03978	0.03282	0.24335	0.06063	0.22494	0.23143	0.01072	0.00566	0.00172	0.00333	0.00918	0.07616	0.00589
77	0.01279	0.09305	0.13913	0.01289	0.09576	0.06514	0.01054	0.01909	0.23607	0.07605	0.10669	0.01757	0.02796	0.00662	0.00578	0.00161	0.05694	0.00525	0.00392	0.00717
78	0.01136	0.01210	0.02403	0.01801	0.02163	0.01227	0.51358	0.03291	0.01145	0.01575	0.01242	0.10148	0.01131	0.00679	0.00790	0.00187	0.13964	0.03622	0.00292	0.00637
79	0.02302	0.00873	0.01191	0.00913	0.01310	0.00754	0.00754	0.02501	0.01469	0.79122	0.02024	0.01746	0.01270	0.00635	0.00516	0.00159	0.00437	0.00516	0.00635	0.00873
80	0.01050	0.01113	0.07246	0.45011	0.20378	0.01132	0.05205	0.01443	0.04049	0.01515	0.06052	0.01508	0.01022	0.00536	0.00521	0.00166	0.00642	0.00494	0.00268	0.00649
81	0.01280	0.02921	0.26665	0.09462	0.08683	0.04866	0.17782	0.01716	0.03935	0.11304	0.01224	0.04725	0.00952	0.00562	0.00528	0.00165	0.00690	0.01511	0.00310	0.00719
82	0.00611	0.00503	0.00537	0.00565	0.00705	0.00429	0.00410	0.00731	0.01126	0.01368	0.04649	0.22687	0.61163	0.01371	0.00618	0.00181	0.00269	0.01170	0.00476	0.00429
83	0.00706	0.00524	0.00658	0.00624	0.00754	0.00475	0.00468	0.00929	0.01404	0.01943	0.66019	0.04021	0.17390	0.01092	0.00605	0.00163	0.00245	0.00954	0.00550	0.00475
84	0.01383	0.03153	0.07381	0.03594	0.43977	0.01121	0.04118	0.01672	0.01190	0.15442	0.03473	0.03378	0.01059	0.00622	0.02070	0.00172	0.04591	0.00503	0.00332	0.00769
85	0.01679	0.19096	0.06696	0.04794	0.09616	0.01129	0.00952	0.02822	0.03081	0.35892	0.01592	0.05463	0.02739	0.00620	0.00479	0.00151	0.00500	0.00503	0.01436	0.00760
86	0.01917	0.02445	0.01454	0.01322	0.01586	0.79907	0.00991	0.02049	0.01454	0.01256	0.00793	0.00925	0.00661	0.00529	0.00463	0.00132	0.00925	0.00330	0.00264	0.00595
87	0.70503	0.05251	0.00951	0.00770	0.01069	0.06168	0.00637	0.01526	0.00913	0.02111	0.00717	0.00858	0.00575	0.00505	0.00417	0.00159	0.05713	0.00292	0.00303	0.00564
88	0.00727	0.00515	0.00668	0.00692	0.00728	0.00507	0.02441	0.00793	0.00871	0.01162	0.02059	0.27653	0.02379	0.45320	0.04653	0.00390	0.00476	0.07221	0.00373	0.00373
89	0.07232	0.05154	0.22190	0.01120	0.01610	0.01201	0.01114	0.22306	0.04582	0.26374	0.01374	0.01336	0.00935	0.00574	0.00487	0.00157	0.00558	0.00441	0.00447	0.00810

[dist]
# distance from previous block
# <min> <max>
0	1

[block]
# block no. 1 follows, 48 sequences, length 16
# corresponding to MSA columns:
# 398-413
name=unknown_B
#
# <colnr> <probs for GDERKNQSTAVLIFYWHMCP>
#	G	D	E	R	K	N	Q	S	T	A	V	L	I	F	Y	W	H	M	C	P
0	0.08074	0.58929	0.02373	0.00989	0.01396	0.04348	0.05379	0.05324	0.01120	0.03383	0.00792	0.00917	0.00684	0.00478	0.00421	0.00126	0.04029	0.00319	0.00256	0.00662
1	0.01049	0.01000	0.03139	0.15690	0.27981	0.00993	0.09780	0.03255	0.02481	0.01744	0.21965	0.02151	0.05223	0.00668	0.00550	0.00162	0.00537	0.00628	0.00353	0.00653
2	0.00647	0.00521	0.00576	0.00562	0.00718	0.00450	0.00422	0.00815	0.01266	0.01614	0.30062	0.04563	0.53552	0.01215	0.00606	0.00169	0.00254	0.01030	0.00506	0.00450
3	0.01229	0.07175	0.17306	0.01173	0.01580	0.01313	0.04787	0.02364	0.52971	0.01949	0.01701	0.01641	0.01276	0.00622	0.00506	0.00167	0.00511	0.00519	0.00425	0.00784
4	0.00650	0.00480	0.00608	0.00664	0.00742	0.00438	0.00464	0.00788	0.01142	0.01528	0.24089	0.47776	0.15936	0.01404	0.00633	0.00190	0.00276	0.01252	0.00501	0.00438
5	0.00686	0.00562	0.00689	0.11314	0.01088	0.00542	0.00554	0.00847	0.01105	0.01394	0.07040	0.14424	0.46049	0.03496	0.04644	0.00217	0.00383	0.00985	0.03533	0.00451
6	0.01150	0.01229	0.04194	0.22889	0.21618	0.01257	0.30238	0.01505	0.01113	0.01530	0.00953	0.01322	0.00750	0.00500	0.00645	0.00171	0.07497	0.00511	0.00246	0.00681
7	0.46896	0.00981	0.00917	0.00770	0.01088	0.01076	0.00630	0.14876	0.01259	0.13562	0.01131	0.01188	0.00822	0.00541	0.00387	0.00152	0.00410	0.00373	0.12295	0.00647
8	0.01408	0.01173	0.01963	0.02850	0.68389	0.01157	0.01465	0.01699	0.01209	0.12053	0.01107	0.01334	0.00874	0.00481	0.00509	0.00153	0.00586	0.00465	0.00305	0.00821
9	0.00862	0.00558	0.00707	0.00697	0.00844	0.00519	0.00555	0.01083	0.01311	0.07083	0.37181	0.04111	0.14783	0.01097	0.00598	0.00176	0.00311	0.17982	0.09042	0.00500
10	0.01029	0.02654	0.79309	0.01462	0.02221	0.01192	0.01896	0.01625	0.01083	0.01625	0.00921	0.01083	0.00650	0.00487	0.00487	0.00162	0.00758	0.00379	0.00217	0.00758
11	0.01317	0.29655	0.42629	0.01189	0.01790	0.01420	0.01395	0.01712	0.01121	0.11866	0.00998	0.01083	0.00736	0.00491	0.00437	0.00144	0.00644	0.00362	0.00274	0.00740
12	0.00677	0.00490	0.00625	0.00673	0.00758	0.00451	0.00484	0.00808	0.01140	0.01518	0.23573	0.37346	0.17312	0.01397	0.00709	0.04741	0.00295	0.06084	0.00486	0.00431
13	0.01298	0.16333	0.28023	0.01268	0.06421	0.01284	0.02367	0.03034	0.17349	0.09525	0.03175	0.01364	0.01032	0.00545	0.00470	0.00150	0.00571	0.00436	0.00344	0.05012
14	0.05338	0.00549	0.00679	0.00738	0.00830	0.00529	0.00520	0.04049	0.01078	0.06068	0.02718	0.63921	0.06791	0.01429	0.00621	0.00199	0.00324	0.02668	0.00479	0.00472
15	0.01027	0.05259	0.18401	0.00917	0.01396	0.00836	0.00893	0.01319	0.01059	0.01602	0.01098	0.09191	0.00997	0.00531	0.00429	0.00110	0.00464	0.00436	0.00298	0.53739

[dist]
# distance from previous block
# <min> <max>
1	8

[block]
# block no. 2 follows, 48 sequences, length 14
# corresponding to MSA columns:
# 422-435
name=unknown_C
#
# <colnr> <probs for GDERKNQSTAVLIFYWHMCP>
#	G	D	E	R	K	N	Q	S	T	A	V	L	I	F	Y	W	H	M	C	P
0	0.08391	0.24539	0.13216	0.01068	0.03279	0.03025	0.05411	0.01673	0.01136	0.15648	0.01115	0.03931	0.00882	0.00518	0.00429	0.00134	0.00539	0.00405	0.00330	0.14333
1	0.03334	0.01409	0.08856	0.02137	0.29529	0.03101	0.17530	0.10072	0.02975	0.01787	0.00976	0.01247	0.00783	0.00549	0.00708	0.00169	0.13339	0.00477	0.00284	0.00738
2	0.00709	0.00524	0.00662	0.00627	0.00756	0.00477	0.00471	0.00935	0.01412	0.01961	0.67958	0.03992	0.15439	0.01085	0.00605	0.00163	0.00245	0.00950	0.00552	0.00477
3	0.01372	0.82276	0.02689	0.00878	0.01317	0.02030	0.00878	0.01536	0.01043	0.01207	0.00713	0.00823	0.00658	0.00439	0.00329	0.00110	0.00549	0.00274	0.00219	0.00658
4	0.00632	0.00518	0.00557	0.00553	0.00710	0.00443	0.00413	0.00783	0.01221	0.01522	0.20238	0.07622	0.60488	0.01259	0.00608	0.00172	0.00258	0.01065	0.00495	0.00443
5	0.00611	0.00504	0.00536	0.00563	0.00704	0.00430	0.00409	0.00732	0.01128	0.01369	0.04677	0.21795	0.62037	0.01367	0.00617	0.00181	0.00268	0.01166	0.00476	0.00430
6	0.00628	0.00510	0.00556	0.00567	0.00712	0.00439	0.00417	0.00769	0.01186	0.01479	0.16213	0.15793	0.56331	0.01305	0.00613	0.00176	0.00263	0.01113	0.00490	0.00439
7	0.01951	0.01437	0.01540	0.01181	0.01591	0.01591	0.00975	0.77056	0.02412	0.03234	0.01232	0.01232	0.00873	0.00616	0.00513	0.00154	0.00565	0.00462	0.00513	0.00873
8	0.01029	0.02654	0.79309	0.01462	0.02221	0.01192	0.01896	0.01625	0.01083	0.01625	0.00921	0.01083	0.00650	0.00487	0.00487	0.00162	0.00758	0.00379	0.00217	0.00758
9	0.00891	0.00446	0.00668	0.00668	0.00668	0.00446	0.00446	0.00668	0.00668	0.00891	0.00891	0.01560	0.00891	0.01783	0.02005	0.85071	0.00446	0.00446	0.00223	0.00223
10	0.00795	0.00580	0.00783	0.00884	0.01010	0.00568	0.00764	0.01016	0.01180	0.01514	0.03073	0.05666	0.13823	0.01400	0.00694	0.00227	0.00442	0.64641	0.00473	0.00467
11	0.85592	0.00992	0.00754	0.00675	0.00992	0.01151	0.00556	0.01508	0.00873	0.02302	0.00714	0.00834	0.00556	0.00476	0.00318	0.00159	0.00397	0.00278	0.00318	0.00556
12	0.00733	0.00550	0.00825	0.00825	0.00916	0.00641	0.00641	0.00916	0.00825	0.01191	0.01374	0.02016	0.01283	0.03848	0.79934	0.00825	0.01374	0.00550	0.00275	0.00458
13	0.00784	0.00494	0.00545	0.00545	0.00566	0.00494	0.00319	0.00827	0.00805	0.01159	0.01627	0.03099	0.01767	0.67408	0.02208	0.00430	0.00451	0.00698	0.15432	0.00341

[dist]
# distance from previous block
# <min> <max>
0	1

[block]
# block no. 3 follows, 48 sequences, length 20
# corresponding to MSA columns:
# 437-456
name=unknown_D
#
# <colnr> <probs for GDERKNQSTAVLIFYWHMCP>
#	G	D	E	R	K	N	Q	S	T	A	V	L	I	F	Y	W	H	M	C	P
0	0.04345	0.00470	0.00602	0.00713	0.00755	0.00449	0.00480	0.00749	0.00978	0.01353	0.02736	0.78095	0.03269	0.01558	0.00640	0.00206	0.00302	0.01407	0.00469	0.00423
1	0.00653	0.00458	0.00587	0.00679	0.00702	0.00435	0.00438	0.00722	0.00928	0.01237	0.02549	0.63596	0.03042	0.20124	0.01106	0.00275	0.00344	0.01295	0.00438	0.00392
2	0.00747	0.00572	0.00868	0.05727	0.01077	0.00672	0.00689	0.00940	0.00837	0.01198	0.01346	0.01976	0.01246	0.03644	0.75061	0.00785	0.01332	0.00544	0.00272	0.00465
3	0.01029	0.02654	0.79309	0.01462	0.02221	0.01192	0.01896	0.01625	0.01083	0.01625	0.00921	0.01083	0.00650	0.00487	0.00487	0.00162	0.00758	0.00379	0.00217	0.00758
4	0.01942	0.01700	0.01518	0.01217	0.01590	0.21984	0.00979	0.57524	0.02163	0.02719	0.01118	0.01152	0.00817	0.00593	0.00500	0.00148	0.00659	0.00428	0.00448	0.00800
5	0.00827	0.00591	0.00827	0.00945	0.01063	0.00591	0.00827	0.01063	0.01181	0.01536	0.02717	0.05788	0.02953	0.01417	0.00709	0.00236	0.00472	0.75313	0.00472	0.00472
6	0.00625	0.00447	0.00595	0.00714	0.00744	0.00417	0.00476	0.00714	0.00982	0.01310	0.02828	0.81633	0.03394	0.01608	0.00655	0.00208	0.00298	0.01459	0.00476	0.00417
7	0.01297	0.53109	0.04583	0.01047	0.07033	0.03589	0.00901	0.01498	0.01068	0.01363	0.00786	0.00922	0.00693	0.00430	0.00362	0.00107	0.00530	0.00299	0.00243	0.20137
8	0.01528	0.01227	0.01302	0.01095	0.01430	0.01394	0.00873	0.30452	0.49704	0.02552	0.01769	0.01660	0.01308	0.00666	0.00519	0.00167	0.00465	0.00536	0.00519	0.00835
9	0.00726	0.00524	0.00686	0.00646	0.00767	0.00484	0.00484	0.00968	0.01452	0.02058	0.78496	0.03833	0.04841	0.01049	0.00605	0.00161	0.00242	0.00928	0.00565	0.00484
10	0.00657	0.00495	0.00616	0.00699	0.00788	0.00454	0.00516	0.00786	0.01076	0.01375	0.03517	0.44486	0.25837	0.01480	0.00650	0.00203	0.00319	0.15137	0.00476	0.00432
11	0.00963	0.00704	0.00902	0.00833	0.00968	0.00785	0.00634	0.15103	0.01128	0.01565	0.04154	0.02196	0.01447	0.18347	0.47218	0.00612	0.01012	0.00585	0.00337	0.00508
12	0.01979	0.00778	0.01020	0.00809	0.01139	0.00688	0.00659	0.02187	0.01374	0.60576	0.01940	0.01786	0.01281	0.00626	0.00478	0.00149	0.00389	0.00507	0.20855	0.00778
13	0.00905	0.00825	0.01363	0.65792	0.03013	0.01005	0.01248	0.01200	0.01018	0.01311	0.01270	0.16356	0.01190	0.00717	0.00539	0.00178	0.00612	0.00643	0.00274	0.00541
14	0.01297	0.67083	0.02474	0.15790	0.01731	0.01864	0.00980	0.01494	0.01039	0.01227	0.00750	0.00925	0.00663	0.00453	0.00364	0.00121	0.00574	0.00308	0.00221	0.00642
15	0.01205	0.01162	0.01919	0.12572	0.54847	0.01275	0.01471	0.01478	0.01079	0.01548	0.00904	0.01255	0.00771	0.00547	0.00728	0.00168	0.15636	0.00456	0.00245	0.00735
16	0.00786	0.00477	0.00677	0.00699	0.00726	0.00492	0.00479	0.00745	0.00773	0.01053	0.01459	0.16850	0.01575	0.12588	0.19962	0.38700	0.00641	0.00698	0.00294	0.00325
17	0.00689	0.00533	0.00772	0.15657	0.01265	0.00552	0.00653	0.00826	0.00991	0.01310	0.02470	0.66645	0.02888	0.01403	0.00628	0.00201	0.00370	0.01271	0.00430	0.00445
18	0.01172	0.00981	0.01580	0.01662	0.22550	0.03706	0.15096	0.01454	0.01320	0.10092	0.28879	0.02391	0.05416	0.00719	0.00564	0.00160	0.00505	0.00680	0.00416	0.00657
19	0.17018	0.01231	0.11071	0.01176	0.09328	0.00989	0.03944	0.06219	0.02932	0.07367	0.01012	0.01136	0.00776	0.00461	0.00425	0.00127	0.00490	0.00367	0.00330	0.33601

[dist]
# distance from previous block
# <min> <max>
1	3

[block]
# block no. 4 follows, 48 sequences, length 20
# corresponding to MSA columns:
# 460-479
name=unknown_E
#
# <colnr> <probs for GDERKNQSTAVLIFYWHMCP>
#	G	D	E	R	K	N	Q	S	T	A	V	L	I	F	Y	W	H	M	C	P
0	0.85592	0.00992	0.00754	0.00675	0.00992	0.01151	0.00556	0.01508	0.00873	0.02302	0.00714	0.00834	0.00556	0.00476	0.00318	0.00159	0.00397	0.00278	0.00318	0.00556
1	0.00971	0.00585	0.00759	0.00747	0.00885	0.00556	0.00558	0.01110	0.01131	0.15678	0.08363	0.35506	0.18035	0.01425	0.05411	0.00227	0.03899	0.03149	0.00489	0.00519
2	0.00685	0.00510	0.00646	0.00701	0.00802	0.00471	0.00529	0.00849	0.01174	0.01547	0.21066	0.31024	0.20440	0.01370	0.00643	0.00195	0.00311	0.16092	0.00496	0.00447
3	0.00722	0.00499	0.00621	0.00653	0.00679	0.00506	0.00423	0.00781	0.00831	0.01121	0.01899	0.20418	0.02165	0.48472	0.13878	0.00471	0.00586	0.04560	0.00350	0.00365
4	0.01064	0.00912	0.01064	0.00760	0.01216	0.00684	0.00608	0.01292	0.01064	0.01672	0.00912	0.01064	0.00760	0.00380	0.00380	0.00076	0.00380	0.00304	0.00304	0.85104
5	0.01525	0.60392	0.02366	0.00977	0.01391	0.11288	0.00906	0.13112	0.01301	0.01522	0.00802	0.00898	0.00691	0.00477	0.00373	0.00119	0.00596	0.00310	0.00270	0.00684
6	0.01126	0.01098	0.01794	0.27792	0.27980	0.01302	0.04615	0.01391	0.01010	0.01425	0.00864	0.01263	0.00728	0.00606	0.00864	0.00181	0.24612	0.00461	0.00237	0.00654
7	0.01991	0.00866	0.01099	0.00871	0.01217	0.00806	0.00710	0.08037	0.06265	0.55849	0.01910	0.01745	0.01265	0.00631	0.00490	0.00153	0.00412	0.00510	0.14367	0.00805
8	0.01010	0.00935	0.05954	0.01172	0.12454	0.00873	0.00824	0.03720	0.21386	0.02004	0.34436	0.02662	0.05229	0.00811	0.00549	0.00162	0.00381	0.00706	0.04087	0.00645
9	0.00695	0.00500	0.00674	0.00787	0.00854	0.00479	0.00596	0.00838	0.01061	0.01393	0.02892	0.51564	0.06514	0.01527	0.00672	0.00217	0.00358	0.27467	0.00475	0.00437
10	0.00767	0.00586	0.00863	0.00891	0.03116	0.00674	0.00664	0.00938	0.00844	0.01206	0.01426	0.02268	0.01382	0.10407	0.64309	0.00727	0.03951	0.04235	0.00285	0.00459
11	0.00873	0.00574	0.00713	0.00708	0.00836	0.00541	0.00528	0.05456	0.01182	0.06169	0.13911	0.22500	0.21944	0.01341	0.00829	0.13128	0.00342	0.07504	0.00462	0.00461
12	0.19228	0.00817	0.00882	0.00758	0.01008	0.00845	0.00591	0.07945	0.07395	0.20555	0.08230	0.03936	0.01551	0.10398	0.00712	0.00196	0.00393	0.00548	0.13383	0.00628
13	0.27728	0.00916	0.01037	0.00816	0.01198	0.00866	0.00671	0.02011	0.01224	0.43688	0.01452	0.01362	0.00973	0.00547	0.00434	0.00146	0.00416	0.00410	0.00487	0.13618
14	0.00831	0.00550	0.00624	0.00597	0.00748	0.00485	0.00432	0.00956	0.01147	0.09818	0.12767	0.08956	0.42735	0.15934	0.00965	0.00232	0.00323	0.00965	0.00474	0.00464
15	0.01210	0.08523	0.62637	0.01358	0.02043	0.01247	0.01673	0.06414	0.01193	0.07591	0.01008	0.01123	0.00712	0.00503	0.00479	0.00158	0.00706	0.00387	0.00267	0.00767
16	0.01327	0.60120	0.02232	0.00889	0.01262	0.01732	0.00828	0.10454	0.01197	0.01466	0.01098	0.13193	0.01101	0.00638	0.00401	0.00130	0.00512	0.00477	0.00294	0.00647
17	0.32586	0.06266	0.17546	0.07138	0.01667	0.03386	0.06776	0.04037	0.01093	0.08535	0.00941	0.01076	0.00696	0.00489	0.00422	0.00153	0.00561	0.00367	0.00311	0.05955
18	0.06395	0.13430	0.21631	0.01517	0.06733	0.04674	0.20033	0.01776	0.05746	0.09927	0.01088	0.01232	0.00810	0.00503	0.00514	0.00157	0.02363	0.00445	0.00301	0.00723
19	0.00849	0.06994	0.07073	0.15436	0.01509	0.00859	0.00883	0.01100	0.00985	0.01364	0.10899	0.02054	0.01564	0.02315	0.41483	0.00503	0.00975	0.02337	0.00299	0.00520

[dist]
# distance from previous block
# <min> <max>
1	9

[block]
# block no. 5 follows, 48 sequences, length 10
# corresponding to MSA columns:
# 492-501
name=unknown_F
#
# <colnr> <probs for GDERKNQSTAVLIFYWHMCP>
#	G	D	E	R	K	N	Q	S	T	A	V	L	I	F	Y	W	H	M	C	P
0	0.01103	0.17605	0.50342	0.09803	0.02224	0.01355	0.07617	0.01576	0.01080	0.01513	0.00890	0.01088	0.00665	0.00477	0.00469	0.00154	0.00719	0.00385	0.00222	0.00714
1	0.01259	0.01488	0.21756	0.16231	0.29799	0.01157	0.01471	0.01750	0.08891	0.09483	0.01165	0.01353	0.00870	0.00517	0.00506	0.00161	0.00623	0.00455	0.00305	0.00761
2	0.00713	0.00507	0.00592	0.00620	0.00732	0.00466	0.00459	0.00875	0.01149	0.01563	0.17340	0.18977	0.27245	0.05994	0.00709	0.00196	0.00296	0.08532	0.12593	0.00443
3	0.08087	0.33386	0.14393	0.01042	0.01473	0.11618	0.01017	0.01815	0.04728	0.13900	0.01030	0.01087	0.00790	0.00519	0.00453	0.00139	0.03154	0.00357	0.00313	0.00697
4	0.00818	0.08914	0.05476	0.00697	0.00831	0.00700	0.00549	0.00925	0.00932	0.01229	0.08033	0.03167	0.10698	0.38837	0.07782	0.03636	0.00536	0.05480	0.00339	0.00419
5	0.00891	0.00446	0.00668	0.00668	0.00668	0.00446	0.00446	0.00668	0.00668	0.00891	0.00891	0.01560	0.00891	0.01783	0.02005	0.85071	0.00446	0.00446	0.00223	0.00223
6	0.01454	0.55404	0.02410	0.01263	0.10308	0.13536	0.03834	0.04046	0.01169	0.01350	0.00783	0.00924	0.00688	0.00460	0.00386	0.00122	0.00624	0.00322	0.00241	0.00675
7	0.01687	0.31381	0.05985	0.01057	0.01431	0.28349	0.00930	0.04148	0.01297	0.13830	0.01022	0.01083	0.00794	0.00517	0.00420	0.00130	0.00657	0.00353	0.04252	0.00675
8	0.00719	0.00516	0.00628	0.00605	0.00695	0.00482	0.00421	0.00874	0.01205	0.01658	0.46719	0.03815	0.12399	0.25668	0.01215	0.00265	0.00322	0.00890	0.00478	0.00426
9	0.10693	0.01060	0.16761	0.00946	0.01229	0.00823	0.00897	0.01288	0.00948	0.09294	0.01272	0.01664	0.01070	0.02455	0.46655	0.00547	0.01042	0.00481	0.00304	0.00572

[dist]
# distance from previous block
# <min> <max>
0	7

[block]
# block no. 6 follows, 48 sequences, length 15
# corresponding to MSA columns:
# 509-523
name=unknown_G
#
# <colnr> <probs for GDERKNQSTAVLIFYWHMCP>
#	G	D	E	R	K	N	Q	S	T	A	V	L	I	F	Y	W	H	M	C	P
0	0.75678	0.10561	0.00982	0.00699	0.01031	0.01255	0.00594	0.01512	0.00893	0.02173	0.00714	0.00832	0.00568	0.00472	0.00319	0.00153	0.00415	0.00277	0.00306	0.00568
1	0.00724	0.00499	0.00603	0.00606	0.00647	0.00483	0.00385	0.00810	0.00993	0.01362	0.25368	0.13599	0.02976	0.46768	0.01743	0.00357	0.00393	0.00894	0.00410	0.00378
2	0.01446	0.65779	0.02472	0.01077	0.05920	0.13417	0.00936	0.01614	0.01110	0.01242	0.00740	0.00864	0.00668	0.00453	0.00359	0.00116	0.00608	0.00293	0.00228	0.00658
3	0.00789	0.00559	0.00752	0.00820	0.00918	0.00550	0.00670	0.00986	0.01165	0.01554	0.17937	0.07175	0.03185	0.13452	0.00972	0.00260	0.00425	0.46916	0.00467	0.00449
4	0.01546	0.01336	0.01668	0.10893	0.12875	0.06015	0.07559	0.32583	0.16056	0.02329	0.01274	0.01376	0.00951	0.00575	0.00519	0.00160	0.00602	0.00487	0.00408	0.00785
5	0.01092	0.00717	0.00894	0.11004	0.01260	0.00696	0.00644	0.01428	0.06878	0.09103	0.13281	0.01947	0.01674	0.00684	0.01977	0.00145	0.00379	0.00521	0.27469	0.18208
6	0.00636	0.00500	0.00580	0.00636	0.00750	0.00443	0.00467	0.00762	0.01101	0.01373	0.04062	0.33432	0.42862	0.01426	0.00635	0.00193	0.00296	0.08937	0.00476	0.00431
7	0.11992	0.01040	0.01641	0.23804	0.36676	0.01110	0.04547	0.01410	0.01093	0.01625	0.01361	0.01627	0.08823	0.00561	0.00499	0.00161	0.00577	0.00505	0.00278	0.00668
8	0.08423	0.10868	0.26687	0.10932	0.17065	0.05175	0.01375	0.01700	0.07665	0.03981	0.01014	0.01186	0.00777	0.00502	0.00465	0.00155	0.00634	0.00402	0.00275	0.00718
9	0.00864	0.00589	0.00674	0.00637	0.00835	0.00507	0.00491	0.01029	0.01158	0.08121	0.05247	0.12992	0.38198	0.01102	0.00560	0.00164	0.00308	0.06844	0.09237	0.10445
10	0.01617	0.00730	0.01017	0.00856	0.01123	0.00689	0.00689	0.01815	0.01253	0.45242	0.09756	0.02053	0.01645	0.01745	0.26889	0.00380	0.00728	0.00570	0.00508	0.00695
11	0.01093	0.08210	0.18646	0.01432	0.16225	0.01051	0.01130	0.11036	0.01264	0.01718	0.01818	0.17785	0.07019	0.00869	0.00546	0.00172	0.00531	0.08441	0.00359	0.00655
12	0.01077	0.01220	0.15437	0.03199	0.15232	0.00984	0.02672	0.08509	0.11547	0.01867	0.16696	0.07756	0.03028	0.05549	0.00669	0.00187	0.00503	0.02808	0.00396	0.00663
13	0.01029	0.02654	0.79309	0.01462	0.02221	0.01192	0.01896	0.01625	0.01083	0.01625	0.00921	0.01083	0.00650	0.00487	0.00487	0.00162	0.00758	0.00379	0.00217	0.00758
14	0.01230	0.00971	0.01256	0.00929	0.01365	0.00813	0.07153	0.01616	0.10156	0.09775	0.01177	0.01262	0.00910	0.00448	0.00430	0.00104	0.00430	0.00384	0.00360	0.59230

[dist]
# distance from previous block
# <min> <max>
0	8

[block]
# block no. 7 follows, 48 sequences, length 29
# corresponding to MSA columns:
# 532-560
name=unknown_H
#
# <colnr> <probs for GDERKNQSTAVLIFYWHMCP>
#	G	D	E	R	K	N	Q	S	T	A	V	L	I	F	Y	W	H	M	C	P
0	0.00768	0.00839	0.09757	0.00979	0.01178	0.00637	0.11151	0.00990	0.01114	0.01526	0.15849	0.45325	0.05398	0.01212	0.00619	0.00189	0.00416	0.01114	0.00433	0.00505
1	0.00736	0.00513	0.00665	0.00635	0.00745	0.00473	0.00468	0.00901	0.01313	0.01822	0.59610	0.03644	0.12551	0.01178	0.00798	0.11847	0.00272	0.00879	0.00508	0.00442
2	0.01386	0.65384	0.08005	0.00958	0.01384	0.01857	0.00962	0.01580	0.01052	0.06056	0.00806	0.00922	0.00697	0.00489	0.00455	0.00125	0.06657	0.00310	0.00245	0.00672
3	0.00968	0.01037	0.11646	0.00881	0.01131	0.02072	0.00762	0.01615	0.26943	0.01797	0.23724	0.02749	0.06871	0.14506	0.00897	0.00223	0.00423	0.00705	0.00450	0.00602
4	0.00697	0.00513	0.00652	0.00639	0.00754	0.00468	0.00471	0.00904	0.01352	0.01870	0.58833	0.14679	0.13945	0.01157	0.00612	0.00169	0.00252	0.01021	0.00542	0.00468
5	0.07966	0.26564	0.24254	0.01219	0.06365	0.06198	0.01178	0.05086	0.06970	0.04087	0.00973	0.01075	0.00760	0.00493	0.00424	0.00140	0.00602	0.00360	0.00285	0.05001
6	0.17268	0.05380	0.07157	0.00994	0.02369	0.08289	0.00852	0.10888	0.01315	0.16854	0.05678	0.01319	0.01048	0.00571	0.00513	0.00145	0.05069	0.00413	0.00392	0.13486
7	0.01334	0.24251	0.19121	0.01681	0.18474	0.08161	0.08333	0.05958	0.05106	0.01608	0.00950	0.01116	0.00760	0.00484	0.00460	0.00144	0.00663	0.00399	0.00266	0.00731
8	0.01635	0.00941	0.01327	0.01153	0.05929	0.00914	0.07883	0.07291	0.12582	0.34060	0.12375	0.02178	0.01794	0.00711	0.00543	0.00165	0.00461	0.04539	0.02761	0.00759
9	0.00694	0.00533	0.00698	0.00688	0.00810	0.00481	0.02443	0.00873	0.01235	0.01670	0.36008	0.27292	0.18917	0.01240	0.00616	0.00177	0.00285	0.02261	0.00505	0.02572
10	0.00869	0.00643	0.00840	0.00790	0.00940	0.03095	0.06300	0.01073	0.01200	0.04108	0.20465	0.20524	0.11499	0.01075	0.00573	0.00173	0.00354	0.08488	0.16497	0.00493
11	0.07847	0.01155	0.01200	0.01022	0.01339	0.01311	0.00813	0.24608	0.44866	0.02467	0.01704	0.01630	0.01268	0.00650	0.00494	0.00164	0.00442	0.00516	0.05715	0.00790
12	0.01429	0.30383	0.12576	0.04507	0.01612	0.18000	0.01073	0.06270	0.12696	0.01541	0.01002	0.01105	0.00808	0.00538	0.00491	0.00142	0.04475	0.00373	0.00292	0.00686
13	0.01209	0.00984	0.07738	0.00883	0.01230	0.00789	0.04345	0.09864	0.01361	0.10496	0.19445	0.01948	0.01860	0.00635	0.00480	0.00132	0.00410	0.00538	0.12542	0.23111
14	0.01129	0.01079	0.14549	0.00950	0.03247	0.00832	0.03219	0.09778	0.05601	0.06353	0.21365	0.02147	0.02044	0.00696	0.00491	0.00149	0.00416	0.00587	0.24742	0.00628
15	0.01166	0.00903	0.04307	0.00845	0.02800	0.00736	0.00675	0.01537	0.09722	0.10307	0.05098	0.07256	0.01357	0.00597	0.00446	0.00120	0.00380	0.00499	0.11082	0.40166
16	0.00637	0.00512	0.00563	0.00568	0.00709	0.00443	0.00416	0.00780	0.01191	0.01498	0.19366	0.13423	0.52877	0.03876	0.00676	0.00185	0.00268	0.01084	0.00489	0.00437
17	0.00988	0.00644	0.00897	0.01024	0.09571	0.00633	0.00652	0.01109	0.01041	0.12786	0.02322	0.42837	0.05630	0.11749	0.00929	0.00232	0.04953	0.01042	0.00439	0.00524
18	0.01472	0.31256	0.11163	0.09971	0.01711	0.03258	0.01062	0.10168	0.07906	0.12300	0.01118	0.01197	0.00848	0.00543	0.00491	0.00145	0.03935	0.00396	0.00337	0.00722
19	0.00656	0.00483	0.00562	0.00611	0.00674	0.00446	0.00401	0.00730	0.00966	0.01237	0.03157	0.35529	0.24955	0.25779	0.01231	0.00285	0.00347	0.01133	0.00426	0.00390
20	0.01403	0.77752	0.02619	0.00903	0.01332	0.06444	0.00884	0.01565	0.01066	0.01210	0.00718	0.00829	0.00659	0.00444	0.00337	0.00111	0.00570	0.00278	0.00222	0.00655
21	0.00628	0.00471	0.00582	0.00659	0.00733	0.00426	0.00454	0.00738	0.01065	0.01383	0.08870	0.56110	0.23044	0.01487	0.00639	0.00196	0.00284	0.01323	0.00483	0.00426
22	0.07366	0.01120	0.01052	0.00972	0.01196	0.15744	0.00755	0.04154	0.13651	0.10342	0.01818	0.19620	0.01744	0.00913	0.00587	0.00174	0.03917	0.09041	0.00431	0.05403
23	0.01290	0.03687	0.01374	0.01405	0.14715	0.01296	0.00949	0.03802	0.60842	0.02055	0.01836	0.01757	0.01395	0.00645	0.00513	0.00168	0.00449	0.00547	0.00466	0.00808
24	0.00787	0.00509	0.00601	0.00600	0.00722	0.00479	0.00455	0.01005	0.01246	0.01842	0.34046	0.08083	0.12955	0.00993	0.00535	0.00157	0.00263	0.06166	0.28084	0.00471
25	0.01330	0.01181	0.01623	0.05356	0.35630	0.01278	0.01192	0.09871	0.32927	0.02016	0.01454	0.01536	0.01124	0.00575	0.00515	0.00162	0.00524	0.00508	0.00390	0.00808
26	0.01074	0.01039	0.03427	0.02299	0.47726	0.00990	0.06663	0.01339	0.01134	0.01578	0.01659	0.17348	0.05547	0.00781	0.00560	0.00171	0.00544	0.05115	0.00321	0.00686
27	0.11223	0.12879	0.49155	0.01235	0.01851	0.01299	0.01461	0.07064	0.01173	0.06789	0.00963	0.01073	0.00696	0.00498	0.00450	0.00154	0.00653	0.00368	0.00277	0.00737
28	0.01213	0.36498	0.30913	0.01355	0.01928	0.01572	0.16778	0.01591	0.01092	0.01450	0.00856	0.01033	0.00680	0.00455	0.00444	0.00142	0.00690	0.00381	0.00227	0.00702

[dist]
# distance from previous block
# <min> <max>
4	6

[block]
# block no. 8 follows, 48 sequences, length 6
# corresponding to MSA columns:
# 567-572
name=unknown_I
#
# <colnr> <probs for GDERKNQSTAVLIFYWHMCP>
#	G	D	E	R	K	N	Q	S	T	A	V	L	I	F	Y	W	H	M	C	P
0	0.01955	0.01241	0.01381	0.05000	0.01567	0.05318	0.00908	0.37106	0.09175	0.28621	0.01543	0.01462	0.01053	0.00620	0.00512	0.00157	0.00531	0.00484	0.00528	0.00838
1	0.01256	0.06746	0.06190	0.08083	0.09701	0.04485	0.00968	0.06497	0.08034	0.06143	0.01201	0.06515	0.01018	0.00587	0.00537	0.00139	0.05351	0.00469	0.00338	0.25744
2	0.00772	0.00563	0.00736	0.00686	0.00739	0.00551	0.05382	0.00824	0.00832	0.01097	0.01888	0.03485	0.07018	0.66179	0.02227	0.00438	0.00504	0.05395	0.00329	0.00354
3	0.01461	0.05415	0.06245	0.04579	0.18085	0.06013	0.03862	0.18042	0.17595	0.06421	0.04230	0.01582	0.01179	0.00603	0.00512	0.00159	0.00567	0.02280	0.00400	0.00771
4	0.00642	0.00465	0.00589	0.00671	0.00720	0.00432	0.00449	0.00737	0.01009	0.01333	0.07795	0.59428	0.12036	0.10115	0.00855	0.00232	0.00311	0.01305	0.00464	0.00412
5	0.01324	0.05765	0.06185	0.01465	0.16714	0.02740	0.04517	0.10234	0.20380	0.07162	0.10581	0.01827	0.03928	0.00640	0.00514	0.00156	0.00502	0.00550	0.00417	0.04400

[dist]
# distance from previous block
# <min> <max>
1	3

[block]
# block no. 9 follows, 48 sequences, length 18
# corresponding to MSA columns:
# 576-593
name=unknown_J
#
# <colnr> <probs for GDERKNQSTAVLIFYWHMCP>
#	G	D	E	R	K	N	Q	S	T	A	V	L	I	F	Y	W	H	M	C	P
0	0.00984	0.05590	0.01457	0.55083	0.02766	0.01067	0.01182	0.01282	0.01013	0.01352	0.00946	0.01351	0.00754	0.00818	0.08362	0.00217	0.00695	0.00430	0.00245	0.14406
1	0.01464	0.06928	0.02968	0.01364	0.04412	0.23036	0.16616	0.09213	0.07723	0.05455	0.01287	0.07571	0.01131	0.07712	0.00700	0.00185	0.00685	0.00555	0.00344	0.00651
2	0.08792	0.46212	0.15746	0.00996	0.01474	0.01654	0.01028	0.09197	0.01208	0.08166	0.00913	0.00989	0.00721	0.00485	0.00390	0.00132	0.00564	0.00332	0.00292	0.00707
3	0.00875	0.00884	0.07707	0.06957	0.01177	0.04755	0.00742	0.01095	0.03500	0.01313	0.09631	0.03532	0.01712	0.25244	0.24322	0.00456	0.04682	0.00624	0.00316	0.00476
4	0.00800	0.00493	0.00573	0.00592	0.00699	0.00470	0.00439	0.01002	0.01165	0.01770	0.21332	0.17932	0.09330	0.01003	0.00515	0.00157	0.00265	0.04659	0.36339	0.00464
5	0.01201	0.05807	0.01548	0.01385	0.09039	0.03461	0.01048	0.07091	0.01008	0.01488	0.00874	0.01238	0.00789	0.00921	0.05256	0.00224	0.48942	0.00445	0.07630	0.00604
6	0.24731	0.00924	0.01085	0.00857	0.01233	0.00888	0.00708	0.04662	0.01339	0.55952	0.01646	0.01484	0.01065	0.00592	0.00462	0.00159	0.00430	0.00450	0.00546	0.00788
7	0.00652	0.00472	0.00573	0.00642	0.00690	0.00440	0.00420	0.00726	0.00957	0.01245	0.02948	0.48712	0.16312	0.21422	0.01130	0.00274	0.00340	0.01216	0.00435	0.00393
8	0.09494	0.00626	0.00758	0.00678	0.00866	0.00593	0.00525	0.01276	0.01366	0.14666	0.51170	0.03134	0.06626	0.00910	0.00549	0.00159	0.00290	0.00778	0.04983	0.00553
9	0.21489	0.00921	0.01058	0.00874	0.01214	0.00923	0.00715	0.04645	0.11119	0.41914	0.04829	0.01818	0.01354	0.00660	0.00483	0.00164	0.00422	0.04109	0.00532	0.00756
