[name]
unknown

[dist]
# distance from previous block
# <min> <max>
0	943

[block]
# block no. 0 follows, 49 sequences, length 77
# corresponding to MSA columns:
# 1038-1114
name=unknown_A
#
# <colnr> <probs for GDERKNQSTAVLIFYWHMCP>
#	G	D	E	R	K	N	Q	S	T	A	V	L	I	F	Y	W	H	M	C	P
0	0.00918	0.00665	0.00960	0.00999	0.01154	0.00665	0.04506	0.04596	0.01228	0.03453	0.02514	0.05195	0.02674	0.01296	0.00680	0.00224	0.00488	0.66822	0.00461	0.00503
1	0.03926	0.01123	0.01290	0.01010	0.01371	0.01166	0.00822	0.42306	0.01875	0.29502	0.01567	0.05368	0.01153	0.04385	0.00603	0.00172	0.00493	0.00530	0.00532	0.00806
2	0.00798	0.00554	0.00812	0.00799	0.00897	0.00628	0.00615	0.00967	0.00838	0.04935	0.01402	0.02066	0.01303	0.09093	0.70981	0.00759	0.01250	0.00554	0.00290	0.00461
3	0.00690	0.00499	0.00649	0.00745	0.00799	0.00486	0.00529	0.00859	0.04705	0.01342	0.02637	0.59045	0.03064	0.08052	0.00804	0.00231	0.00343	0.13634	0.00458	0.00430
4	0.00622	0.00442	0.00585	0.00697	0.00725	0.00414	0.00462	0.00706	0.00958	0.01277	0.02733	0.78309	0.03276	0.05267	0.00733	0.00218	0.00302	0.01405	0.00462	0.00406
5	0.01061	0.00863	0.01013	0.00747	0.01164	0.00662	0.00600	0.01285	0.01063	0.03422	0.01041	0.01317	0.00886	0.00437	0.00391	0.00086	0.00373	0.03755	0.04402	0.75431
6	0.01140	0.01075	0.01554	0.01317	0.01360	0.01444	0.04720	0.01269	0.00835	0.04812	0.00844	0.05044	0.00825	0.00885	0.01507	0.00215	0.69834	0.00501	0.00253	0.00567
7	0.00667	0.00492	0.00635	0.00722	0.00783	0.00464	0.00491	0.00826	0.04695	0.01347	0.02666	0.74347	0.03139	0.01486	0.00627	0.00198	0.00302	0.01344	0.00464	0.04308
8	0.01093	0.01334	0.18105	0.18801	0.08376	0.02487	0.05856	0.02906	0.02799	0.02524	0.01024	0.01321	0.00806	0.00588	0.00714	0.00167	0.16862	0.00446	0.13163	0.00628
9	0.01797	0.01319	0.01421	0.01122	0.01501	0.01462	0.00916	0.57778	0.18561	0.06635	0.01432	0.01383	0.01025	0.00625	0.00508	0.00156	0.00517	0.00483	0.00514	0.00847
10	0.79025	0.00968	0.00778	0.00684	0.01003	0.01103	0.00563	0.01566	0.00908	0.08528	0.00809	0.00894	0.00605	0.00482	0.00329	0.00156	0.00394	0.00293	0.00338	0.00573
11	0.00860	0.00451	0.00677	0.00677	0.00687	0.00462	0.00462	0.00687	0.00677	0.00913	0.00934	0.01590	0.00924	0.01996	0.11182	0.75349	0.00547	0.00451	0.00226	0.00247
12	0.02005	0.01230	0.17282	0.01015	0.01480	0.00846	0.00978	0.03566	0.01385	0.62147	0.01758	0.01578	0.01120	0.00596	0.00503	0.00157	0.00498	0.00480	0.00539	0.00837
13	0.00716	0.00517	0.00676	0.00636	0.00755	0.00477	0.00477	0.00954	0.01431	0.02028	0.78808	0.03777	0.04771	0.01034	0.00596	0.00159	0.00239	0.00914	0.00557	0.00477
14	0.01352	0.82533	0.02650	0.00865	0.01298	0.02001	0.00865	0.01514	0.01027	0.01190	0.00703	0.00811	0.00649	0.00433	0.00324	0.00108	0.00541	0.00270	0.00216	0.00649
15	0.01174	0.01309	0.02823	0.05319	0.02596	0.01240	0.71044	0.01589	0.01181	0.01617	0.01043	0.01384	0.00785	0.00436	0.00583	0.00168	0.00821	0.00586	0.03635	0.00669
16	0.02269	0.00861	0.01174	0.00900	0.01291	0.00743	0.00743	0.02464	0.01447	0.79425	0.01995	0.01721	0.01252	0.00626	0.00509	0.00156	0.00430	0.00509	0.00626	0.00861
17	0.00598	0.00512	0.00512	0.00512	0.00683	0.00427	0.00384	0.00726	0.01153	0.01366	0.05123	0.04866	0.78869	0.01281	0.00598	0.00171	0.00256	0.01067	0.00470	0.00427
18	0.00715	0.00556	0.00833	0.00832	0.00939	0.00523	0.06748	0.00887	0.01126	0.01518	0.19630	0.43542	0.06164	0.01328	0.00637	0.00195	0.00351	0.12548	0.00471	0.00456
19	0.01622	0.08317	0.01469	0.01284	0.06945	0.38907	0.00938	0.04655	0.21818	0.05323	0.01247	0.03128	0.00998	0.00586	0.00473	0.00145	0.00674	0.00435	0.00355	0.00682
20	0.01116	0.02473	0.73229	0.01397	0.02116	0.01139	0.01777	0.01672	0.01098	0.07931	0.00996	0.01121	0.00690	0.00492	0.00483	0.00160	0.00722	0.00385	0.00247	0.00757
21	0.25591	0.01994	0.48898	0.01178	0.01755	0.01177	0.01382	0.03131	0.07287	0.01867	0.00948	0.01066	0.00691	0.00496	0.00435	0.00160	0.00612	0.00362	0.00272	0.00696
22	0.02965	0.54721	0.20732	0.01031	0.01527	0.05276	0.01106	0.05022	0.01114	0.01402	0.00778	0.00895	0.00655	0.00457	0.00375	0.00124	0.00604	0.00306	0.00233	0.00677
23	0.00992	0.00937	0.01584	0.71199	0.13005	0.01133	0.01423	0.01325	0.01029	0.01337	0.00905	0.01336	0.00690	0.00499	0.00505	0.00166	0.00665	0.00450	0.00228	0.00592
24	0.00743	0.00518	0.00680	0.00648	0.00766	0.00478	0.00483	0.00968	0.01394	0.03728	0.70894	0.10068	0.04575	0.01069	0.00598	0.00163	0.00247	0.00948	0.00551	0.00480
25	0.00716	0.00517	0.00676	0.00636	0.00755	0.00477	0.00477	0.00954	0.01431	0.02028	0.78808	0.03777	0.04771	0.01034	0.00596	0.00159	0.00239	0.00914	0.00557	0.00477
26	0.00781	0.00519	0.00662	0.00621	0.00747	0.00483	0.00468	0.01018	0.01385	0.03840	0.67162	0.03488	0.04245	0.00967	0.00563	0.00154	0.00243	0.00848	0.11321	0.00485
27	0.00628	0.00512	0.00559	0.00578	0.00726	0.00443	0.00438	0.00770	0.01157	0.01422	0.10166	0.12161	0.59265	0.01302	0.00611	0.00179	0.00277	0.07896	0.00476	0.00433
28	0.00955	0.00899	0.01517	0.81013	0.03483	0.01123	0.01404	0.01292	0.01011	0.01292	0.00899	0.01348	0.00674	0.00506	0.00506	0.00169	0.00674	0.00449	0.00225	0.00562
29	0.00735	0.00490	0.00552	0.00552	0.00552	0.00490	0.00306	0.00735	0.00735	0.00980	0.01593	0.03309	0.01838	0.82229	0.02574	0.00490	0.00490	0.00735	0.00306	0.00306
30	0.85801	0.00978	0.00743	0.00665	0.00978	0.01134	0.00548	0.01486	0.00861	0.02269	0.00704	0.00821	0.00548	0.00469	0.00313	0.00156	0.00391	0.00274	0.00313	0.00548
31	0.01081	0.01072	0.01543	0.14630	0.01687	0.01478	0.01156	0.01229	0.00814	0.01229	0.00703	0.01147	0.00666	0.00822	0.01467	0.00212	0.67844	0.00444	0.00222	0.00555
32	0.01396	0.78606	0.02579	0.00867	0.01298	0.01940	0.00859	0.01560	0.01048	0.04951	0.00765	0.00855	0.00678	0.00442	0.00333	0.00110	0.00535	0.00282	0.00236	0.00659
33	0.01188	0.01108	0.04919	0.01200	0.01383	0.02698	0.06620	0.12753	0.06110	0.03225	0.01060	0.01406	0.00906	0.01421	0.17865	0.04208	0.30541	0.00481	0.00305	0.00604
34	0.01404	0.68700	0.02401	0.00905	0.01302	0.12072	0.00858	0.01566	0.01081	0.01225	0.00753	0.00869	0.00676	0.00451	0.00343	0.00111	0.00576	0.00286	0.03786	0.00633
35	0.01184	0.05089	0.11030	0.04308	0.08425	0.00928	0.02427	0.06085	0.01178	0.05924	0.03841	0.01223	0.00915	0.00456	0.00430	0.00112	0.00480	0.00376	0.00316	0.45276
36	0.01116	0.04574	0.08090	0.01015	0.01323	0.01113	0.03977	0.02115	0.48337	0.01967	0.15734	0.02195	0.04798	0.00731	0.00525	0.00166	0.00421	0.00622	0.00471	0.00713
37	0.00943	0.00471	0.00471	0.00471	0.00589	0.00471	0.00353	0.01178	0.01060	0.01885	0.01650	0.01885	0.01296	0.00589	0.00353	0.00118	0.00236	0.00471	0.85036	0.00471
38	0.00805	0.00575	0.00804	0.00920	0.01033	0.00574	0.00798	0.01031	0.01155	0.01503	0.02683	0.09368	0.02931	0.01406	0.00696	0.00231	0.00457	0.72101	0.00466	0.00463
39	0.00930	0.01002	0.05341	0.01373	0.01701	0.00874	0.36724	0.01243	0.01216	0.01656	0.21514	0.12289	0.10220	0.00816	0.00597	0.00171	0.00560	0.00821	0.00379	0.00573
40	0.00954	0.00886	0.01653	0.01384	0.01658	0.00849	0.30769	0.01258	0.01175	0.01549	0.02133	0.03966	0.05301	0.01011	0.00654	0.00206	0.00608	0.43054	0.00383	0.00549
41	0.01352	0.82533	0.02650	0.00865	0.01298	0.02001	0.00865	0.01514	0.01027	0.01190	0.00703	0.00811	0.00649	0.00433	0.00324	0.00108	0.00541	0.00270	0.00216	0.00649
42	0.01020	0.02574	0.77050	0.01464	0.02204	0.01178	0.04385	0.01602	0.01072	0.01602	0.00911	0.01078	0.00645	0.00479	0.00484	0.00160	0.00751	0.00381	0.00215	0.00745
43	0.00855	0.00607	0.00737	0.00681	0.00844	0.00581	0.00518	0.01220	0.10877	0.06444	0.53221	0.03595	0.15852	0.01006	0.00581	0.00162	0.00272	0.00873	0.00542	0.00532
44	0.00616	0.00440	0.00587	0.00704	0.00733	0.00411	0.00469	0.00704	0.00968	0.01291	0.02787	0.81899	0.03344	0.01584	0.00645	0.00205	0.00293	0.01438	0.00469	0.00411
45	0.01260	0.00739	0.00948	0.04236	0.01134	0.00750	0.02678	0.11552	0.01284	0.15827	0.01810	0.02722	0.01599	0.09937	0.04318	0.00230	0.00477	0.16882	0.21036	0.00583
46	0.43924	0.01197	0.01224	0.01276	0.15551	0.04464	0.00863	0.22247	0.01352	0.02364	0.00892	0.01012	0.00684	0.00506	0.00406	0.00153	0.00496	0.00358	0.00352	0.00681
47	0.00628	0.00510	0.00557	0.00553	0.00704	0.00439	0.00412	0.00782	0.01214	0.01528	0.23463	0.08298	0.56682	0.01233	0.00600	0.00169	0.00254	0.01047	0.00491	0.00439
48	0.02222	0.00905	0.01197	0.00921	0.01311	0.00813	0.00760	0.07798	0.03210	0.72293	0.01941	0.01689	0.01230	0.00626	0.00508	0.00156	0.00439	0.00506	0.00615	0.00859
49	0.01092	0.20980	0.61925	0.01309	0.01984	0.01364	0.01638	0.01581	0.01058	0.01507	0.00860	0.01009	0.00642	0.00469	0.00445	0.00148	0.00700	0.00350	0.00214	0.00725
50	0.01234	0.38441	0.02137	0.01593	0.24630	0.01486	0.04706	0.03474	0.04415	0.01454	0.01122	0.11054	0.01078	0.00596	0.00443	0.00140	0.00538	0.00502	0.00280	0.00679
51	0.00711	0.00517	0.00670	0.00632	0.00753	0.00475	0.00474	0.00946	0.01421	0.02004	0.76116	0.03817	0.07478	0.01043	0.00596	0.00159	0.00239	0.00920	0.00553	0.00475
52	0.01212	0.01157	0.01970	0.09848	0.70411	0.01176	0.01511	0.01513	0.01147	0.01630	0.02992	0.01326	0.00894	0.00471	0.00504	0.00152	0.00598	0.00463	0.00256	0.00772
53	0.01858	0.02352	0.01463	0.01389	0.05290	0.76400	0.01005	0.01997	0.01419	0.01258	0.00790	0.00928	0.00659	0.00518	0.00458	0.00131	0.00897	0.00332	0.00260	0.00597
54	0.00735	0.00491	0.00556	0.00556	0.00558	0.00493	0.00312	0.00738	0.00737	0.00984	0.01589	0.03285	0.01828	0.80805	0.03983	0.00496	0.00506	0.00732	0.00306	0.00309
55	0.04998	0.00779	0.01013	0.00806	0.01132	0.00696	0.00657	0.02116	0.01367	0.58844	0.08128	0.01879	0.01518	0.00648	0.00486	0.00151	0.00384	0.00527	0.13110	0.00760
56	0.01023	0.00598	0.00794	0.00733	0.02496	0.00542	0.00547	0.01249	0.01415	0.17025	0.58728	0.03377	0.07550	0.00954	0.00577	0.00159	0.00284	0.00833	0.00560	0.00556
57	0.00625	0.00513	0.00550	0.00541	0.00700	0.00439	0.00406	0.00779	0.01217	0.01519	0.22206	0.04614	0.61690	0.01223	0.00597	0.00168	0.00252	0.01032	0.00490	0.00439
58	0.00722	0.00542	0.00813	0.00813	0.00903	0.00632	0.00632	0.00903	0.00813	0.01174	0.01354	0.01987	0.01264	0.03792	0.80225	0.00813	0.01354	0.00542	0.00271	0.00451
59	0.00681	0.00482	0.00630	0.00659	0.00740	0.00448	0.00469	0.00855	0.01219	0.01707	0.43432	0.37164	0.04033	0.01253	0.00609	0.00177	0.00262	0.01122	0.03605	0.00448
60	0.00739	0.00541	0.00696	0.00653	0.00779	0.00510	0.00491	0.01028	0.04696	0.02032	0.75543	0.03697	0.04634	0.01019	0.00593	0.00160	0.00245	0.00900	0.00555	0.00491
61	0.01352	0.82533	0.02650	0.00865	0.01298	0.02001	0.00865	0.01514	0.01027	0.01190	0.00703	0.00811	0.00649	0.00433	0.00324	0.00108	0.00541	0.00270	0.00216	0.00649
62	0.00645	0.00546	0.00563	0.00559	0.00729	0.00482	0.00419	0.00860	0.06130	0.01435	0.07524	0.08255	0.67599	0.01247	0.00594	0.00172	0.00267	0.01047	0.00476	0.00452
63	0.01371	0.14751	0.01467	0.01067	0.02971	0.02855	0.00851	0.12095	0.52506	0.02073	0.01677	0.01589	0.01274	0.00626	0.00480	0.00157	0.00457	0.00499	0.00454	0.00779
64	0.01041	0.05308	0.64283	0.01495	0.02180	0.01199	0.12062	0.01577	0.01081	0.01581	0.00965	0.03222	0.00729	0.00500	0.00495	0.00161	0.00742	0.00428	0.00226	0.00726
65	0.00716	0.00517	0.00676	0.00636	0.00755	0.00477	0.00477	0.00954	0.01431	0.02028	0.78808	0.03777	0.04771	0.01034	0.00596	0.00159	0.00239	0.00914	0.00557	0.00477
66	0.01049	0.00899	0.01049	0.00749	0.01198	0.00674	0.00599	0.01273	0.01049	0.01648	0.00899	0.01049	0.00749	0.00374	0.00374	0.00075	0.00374	0.00300	0.00300	0.85320
67	0.01318	0.74580	0.10308	0.00923	0.01386	0.01919	0.00965	0.01523	0.01031	0.01231	0.00723	0.00837	0.00648	0.00437	0.00340	0.00113	0.00561	0.00281	0.00216	0.00659
68	0.00735	0.00490	0.00552	0.00552	0.00552	0.00490	0.00306	0.00735	0.00735	0.00980	0.01593	0.03309	0.01838	0.82229	0.02574	0.00490	0.00490	0.00735	0.00306	0.00306
69	0.01814	0.02250	0.01392	0.01262	0.01525	0.71026	0.00950	0.03615	0.06950	0.01344	0.00984	0.01081	0.02547	0.00552	0.00465	0.00135	0.00852	0.00363	0.00289	0.00604
70	0.08248	0.09179	0.12300	0.01019	0.01380	0.09071	0.00917	0.02077	0.32960	0.08114	0.05095	0.01682	0.04570	0.00635	0.00476	0.00157	0.00502	0.00497	0.00411	0.00711
71	0.00815	0.00582	0.00815	0.00931	0.01048	0.00582	0.00815	0.01048	0.01164	0.01513	0.02677	0.05704	0.02910	0.01397	0.00698	0.00233	0.00466	0.75671	0.00466	0.00466
72	0.00722	0.00542	0.00813	0.00813	0.00903	0.00632	0.00632	0.00903	0.00813	0.01174	0.01354	0.01987	0.01264	0.03792	0.80225	0.00813	0.01354	0.00542	0.00271	0.00451
73	0.01014	0.02616	0.79609	0.01441	0.02189	0.01174	0.01868	0.01601	0.01068	0.01601	0.00907	0.01068	0.00641	0.00480	0.00480	0.00160	0.00747	0.00374	0.00214	0.00747
74	0.00616	0.00440	0.00587	0.00704	0.00733	0.00411	0.00469	0.00704	0.00968	0.01291	0.02787	0.81899	0.03344	0.01584	0.00645	0.00205	0.00293	0.01438	0.00469	0.00411
75	0.00772	0.00586	0.00817	0.00807	0.00906	0.00675	0.00616	0.01048	0.07815	0.01240	0.01441	0.02105	0.01345	0.11096	0.65492	0.00723	0.01184	0.00563	0.00296	0.00469
76	0.01338	0.79133	0.05924	0.00890	0.01336	0.01966	0.00908	0.01518	0.01029	0.01207	0.00712	0.00822	0.00649	0.00435	0.00331	0.00110	0.00550	0.00275	0.00216	0.00653

[dist]
# distance from previous block
# <min> <max>
0	1

[block]
# block no. 1 follows, 49 sequences, length 65
# corresponding to MSA columns:
# 1116-1180
name=unknown_B
#
# <colnr> <probs for GDERKNQSTAVLIFYWHMCP>
#	G	D	E	R	K	N	Q	S	T	A	V	L	I	F	Y	W	H	M	C	P
0	0.01291	0.12109	0.07219	0.00842	0.01302	0.00904	0.00755	0.01530	0.01114	0.14588	0.01056	0.01130	0.00811	0.00432	0.00398	0.00099	0.00435	0.00336	0.00336	0.53311
1	0.00917	0.00474	0.00474	0.00474	0.00596	0.00468	0.00356	0.01144	0.01067	0.01846	0.01911	0.02109	0.07129	0.00641	0.00372	0.00122	0.00237	0.00516	0.78677	0.00468
2	0.01347	0.01206	0.01188	0.01058	0.01349	0.07213	0.00824	0.07282	0.67679	0.02116	0.01910	0.01772	0.01434	0.00669	0.00510	0.00167	0.00448	0.00546	0.00495	0.00788
3	0.00908	0.00706	0.00821	0.00769	0.00939	0.00742	0.00582	0.01547	0.27947	0.01995	0.42519	0.08899	0.03366	0.00932	0.00559	0.00165	0.00299	0.00812	0.04911	0.00584
4	0.00815	0.00582	0.00815	0.00931	0.01048	0.00582	0.00815	0.01048	0.01164	0.01513	0.02677	0.05704	0.02910	0.01397	0.00698	0.00233	0.00466	0.75671	0.00466	0.00466
5	0.00784	0.00561	0.00597	0.00589	0.00607	0.02423	0.00343	0.00846	0.03940	0.01033	0.01593	0.03193	0.01798	0.76922	0.02438	0.00469	0.00497	0.00719	0.00314	0.00333
6	0.00735	0.00490	0.00552	0.00552	0.00552	0.00490	0.00306	0.00735	0.00735	0.00980	0.01593	0.03309	0.01838	0.82229	0.02574	0.00490	0.00490	0.00735	0.00306	0.00306
7	0.00730	0.00512	0.00659	0.00659	0.00697	0.00549	0.00441	0.00805	0.00767	0.01060	0.01495	0.02762	0.01601	0.49810	0.34668	0.00624	0.00847	0.00655	0.00292	0.00366
8	0.00960	0.00906	0.01518	0.78357	0.03411	0.01138	0.01394	0.01289	0.01003	0.01289	0.00891	0.01340	0.00674	0.00518	0.00544	0.00170	0.03362	0.00449	0.00225	0.00561
9	0.01889	0.02410	0.01433	0.01303	0.01563	0.80199	0.00977	0.02019	0.01433	0.01238	0.00782	0.00912	0.00651	0.00521	0.00456	0.00130	0.00912	0.00326	0.00261	0.00586
10	0.01242	0.01191	0.02035	0.05701	0.76555	0.01199	0.01547	0.01543	0.01147	0.01640	0.00949	0.01255	0.00797	0.00452	0.00501	0.00151	0.00603	0.00451	0.00249	0.00793
11	0.01106	0.01106	0.01549	0.01328	0.01328	0.01549	0.01106	0.01217	0.00774	0.01217	0.00664	0.01106	0.00664	0.00885	0.01659	0.00221	0.81303	0.00443	0.00221	0.00553
12	0.00619	0.00518	0.00543	0.00550	0.00715	0.00441	0.00422	0.00760	0.01164	0.01404	0.07833	0.04890	0.69969	0.01280	0.00606	0.00175	0.00272	0.06935	0.00473	0.00432
13	0.00815	0.00582	0.00815	0.00931	0.01048	0.00582	0.00815	0.01048	0.01164	0.01513	0.02677	0.05704	0.02910	0.01397	0.00698	0.00233	0.00466	0.75671	0.00466	0.00466
14	0.00632	0.00514	0.00560	0.00549	0.00704	0.00442	0.00412	0.00793	0.01235	0.01561	0.26792	0.04546	0.57078	0.01208	0.00597	0.00167	0.00251	0.01022	0.00495	0.00442
15	0.01352	0.82533	0.02650	0.00865	0.01298	0.02001	0.00865	0.01514	0.01027	0.01190	0.00703	0.00811	0.00649	0.00433	0.00324	0.00108	0.00541	0.00270	0.00216	0.00649
16	0.00649	0.00449	0.00588	0.00696	0.00736	0.00423	0.00476	0.00755	0.00984	0.01345	0.02697	0.72575	0.03172	0.01501	0.00626	0.00200	0.00297	0.04587	0.06828	0.00418
17	0.85801	0.00978	0.00743	0.00665	0.00978	0.01134	0.00548	0.01486	0.00861	0.02269	0.00704	0.00821	0.00548	0.00469	0.00313	0.00156	0.00391	0.00274	0.00313	0.00548
18	0.01258	0.01086	0.01143	0.01029	0.01315	0.01258	0.00800	0.02687	0.78161	0.02115	0.02058	0.01887	0.01544	0.00686	0.00515	0.00172	0.00400	0.00572	0.00515	0.00800
19	0.85801	0.00978	0.00743	0.00665	0.00978	0.01134	0.00548	0.01486	0.00861	0.02269	0.00704	0.00821	0.00548	0.00469	0.00313	0.00156	0.00391	0.00274	0.00313	0.00548
20	0.01847	0.08633	0.01527	0.01269	0.01543	0.74125	0.00968	0.01980	0.01401	0.01234	0.00776	0.00904	0.00651	0.00514	0.00446	0.00129	0.00883	0.00321	0.00257	0.00591
21	0.01889	0.02410	0.01433	0.01303	0.01563	0.80199	0.00977	0.02019	0.01433	0.01238	0.00782	0.00912	0.00651	0.00521	0.00456	0.00130	0.00912	0.00326	0.00261	0.00586
22	0.01889	0.02410	0.01433	0.01303	0.01563	0.80199	0.00977	0.02019	0.01433	0.01238	0.00782	0.00912	0.00651	0.00521	0.00456	0.00130	0.00912	0.00326	0.00261	0.00586
23	0.01252	0.01201	0.02053	0.03104	0.79074	0.01201	0.01552	0.01552	0.01151	0.01652	0.00951	0.01252	0.00801	0.00451	0.00501	0.00150	0.00601	0.00451	0.00250	0.00801
24	0.00603	0.00512	0.00520	0.00518	0.00687	0.00429	0.00389	0.00737	0.01166	0.01398	0.08722	0.04813	0.75250	0.01269	0.00598	0.00170	0.00255	0.01060	0.00474	0.00429
25	0.01850	0.08401	0.01527	0.01265	0.01543	0.71683	0.00968	0.04508	0.01434	0.01299	0.00790	0.00914	0.00658	0.00517	0.00448	0.00129	0.00872	0.00326	0.00265	0.00600
26	0.00871	0.00442	0.00653	0.00653	0.00653	0.00442	0.00432	0.00663	0.00663	0.00884	0.00915	0.01629	0.00928	0.05924	0.02007	0.80896	0.00442	0.00455	0.00224	0.00224
27	0.01995	0.00845	0.01124	0.00866	0.01248	0.00715	0.00707	0.02190	0.01361	0.63406	0.01867	0.05770	0.01283	0.00637	0.00495	0.00146	0.00415	0.00524	0.00568	0.13838
28	0.00666	0.00467	0.00576	0.00643	0.00670	0.00446	0.00413	0.00727	0.00895	0.01183	0.02452	0.46009	0.06673	0.32148	0.01376	0.00312	0.00371	0.03193	0.00407	0.00374
29	0.06197	0.05169	0.01327	0.01095	0.01406	0.35192	0.00854	0.06032	0.21213	0.08789	0.01245	0.01254	0.00949	0.00561	0.00459	0.00141	0.00635	0.00406	0.00376	0.06702
30	0.01665	0.33159	0.03611	0.01132	0.01475	0.45012	0.00953	0.05088	0.01310	0.01312	0.00773	0.00890	0.00659	0.00490	0.00408	0.00123	0.00750	0.00311	0.00253	0.00626
31	0.01230	0.01245	0.05333	0.04995	0.66700	0.01210	0.01502	0.01613	0.06142	0.01659	0.01013	0.01284	0.00835	0.00479	0.00529	0.00154	0.02571	0.00455	0.00264	0.00786
32	0.09174	0.07742	0.06834	0.02878	0.04312	0.02433	0.46096	0.04068	0.03297	0.01681	0.01064	0.04943	0.00869	0.00510	0.00548	0.00164	0.01893	0.00549	0.00280	0.00665
33	0.01014	0.02616	0.79609	0.01441	0.02189	0.01174	0.01868	0.01601	0.01068	0.01601	0.00907	0.01068	0.00641	0.00480	0.00480	0.00160	0.00747	0.00374	0.00214	0.00747
34	0.00772	0.00552	0.00739	0.00835	0.00921	0.00550	0.00672	0.00976	0.03183	0.01412	0.02548	0.22501	0.02835	0.11615	0.00918	0.00257	0.00428	0.47393	0.00448	0.00442
35	0.00617	0.00515	0.00539	0.00537	0.00700	0.00437	0.00406	0.00760	0.01186	0.01447	0.13690	0.04759	0.68335	0.01255	0.00600	0.00171	0.00259	0.02875	0.00480	0.00434
36	0.01474	0.71064	0.02447	0.00878	0.01302	0.03304	0.00852	0.01640	0.01086	0.10746	0.00862	0.00924	0.00723	0.00458	0.00349	0.00114	0.00534	0.00301	0.00267	0.00674
37	0.00600	0.00502	0.00522	0.00538	0.00690	0.00425	0.00396	0.00723	0.01128	0.01356	0.04807	0.15290	0.68649	0.01322	0.00604	0.00175	0.00261	0.01117	0.00470	0.00425
38	0.00632	0.00520	0.00558	0.00574	0.00730	0.00450	0.00442	0.00773	0.01148	0.01390	0.06366	0.06163	0.64159	0.03226	0.00659	0.00187	0.00289	0.10837	0.00467	0.00430
39	0.01014	0.02616	0.79609	0.01441	0.02189	0.01174	0.01868	0.01601	0.01068	0.01601	0.00907	0.01068	0.00641	0.00480	0.00480	0.00160	0.00747	0.00374	0.00214	0.00747
40	0.01116	0.00921	0.01005	0.00919	0.01159	0.01025	0.00719	0.05369	0.50200	0.02052	0.15204	0.02639	0.07205	0.00828	0.00544	0.00172	0.00372	0.05925	0.01931	0.00695
41	0.00706	0.00517	0.00663	0.00626	0.00750	0.00473	0.00470	0.00936	0.01409	0.01976	0.73006	0.03863	0.10605	0.01053	0.00597	0.00160	0.00240	0.00927	0.00550	0.00473
42	0.00723	0.00539	0.00801	0.00801	0.00887	0.00625	0.00617	0.00895	0.00809	0.01165	0.01366	0.02048	0.01291	0.07446	0.76608	0.00798	0.01314	0.00551	0.00273	0.00445
43	0.00937	0.00870	0.01453	0.74970	0.03278	0.01075	0.01335	0.01267	0.01043	0.01347	0.06757	0.01531	0.00982	0.00545	0.00512	0.00168	0.00641	0.00484	0.00250	0.00555
44	0.85801	0.00978	0.00743	0.00665	0.00978	0.01134	0.00548	0.01486	0.00861	0.02269	0.00704	0.00821	0.00548	0.00469	0.00313	0.00156	0.00391	0.00274	0.00313	0.00548
45	0.02269	0.00861	0.01174	0.00900	0.01291	0.00743	0.00743	0.02464	0.01447	0.79425	0.01995	0.01721	0.01252	0.00626	0.00509	0.00156	0.00430	0.00509	0.00626	0.00861
46	0.01095	0.00959	0.01427	0.59287	0.02886	0.01146	0.01234	0.13855	0.03369	0.01633	0.01315	0.01618	0.06885	0.00588	0.00513	0.00166	0.00614	0.00502	0.00298	0.00607
47	0.01252	0.01201	0.02053	0.03104	0.79074	0.01201	0.01552	0.01552	0.01151	0.01652	0.00951	0.01252	0.00801	0.00451	0.00501	0.00150	0.00601	0.00451	0.00250	0.00801
48	0.85801	0.00978	0.00743	0.00665	0.00978	0.01134	0.00548	0.01486	0.00861	0.02269	0.00704	0.00821	0.00548	0.00469	0.00313	0.00156	0.00391	0.00274	0.00313	0.00548
49	0.00983	0.00928	0.01568	0.73558	0.10716	0.01131	0.01418	0.01317	0.01025	0.01326	0.00904	0.01339	0.00686	0.00500	0.00505	0.00167	0.00667	0.00449	0.00227	0.00585
50	0.85801	0.00978	0.00743	0.00665	0.00978	0.01134	0.00548	0.01486	0.00861	0.02269	0.00704	0.00821	0.00548	0.00469	0.00313	0.00156	0.00391	0.00274	0.00313	0.00548
51	0.00615	0.00446	0.00581	0.00689	0.00729	0.00412	0.00463	0.00706	0.00983	0.01297	0.02971	0.75834	0.09291	0.01560	0.00642	0.00203	0.00290	0.01408	0.00469	0.00412
52	0.00716	0.00517	0.00676	0.00636	0.00755	0.00477	0.00477	0.00954	0.01431	0.02028	0.78808	0.03777	0.04771	0.01034	0.00596	0.00159	0.00239	0.00914	0.00557	0.00477
53	0.00673	0.00515	0.00617	0.00591	0.00729	0.00459	0.00444	0.00872	0.01331	0.01788	0.52145	0.04171	0.31583	0.01123	0.00597	0.00163	0.00245	0.00970	0.00525	0.00459
54	0.01990	0.01308	0.01451	0.01112	0.01514	0.01408	0.00919	0.62831	0.02197	0.18000	0.01366	0.01313	0.00936	0.00611	0.00506	0.00153	0.00532	0.00466	0.00529	0.00860
55	0.01049	0.00899	0.01049	0.00749	0.01198	0.00674	0.00599	0.01273	0.01049	0.01648	0.00899	0.01049	0.00749	0.00374	0.00374	0.00075	0.00374	0.00300	0.00300	0.85320
56	0.01211	0.01145	0.01934	0.02903	0.72892	0.01145	0.01454	0.01488	0.01119	0.01599	0.01002	0.01414	0.00883	0.06889	0.00664	0.00177	0.00592	0.00473	0.00255	0.00762
57	0.01352	0.82533	0.02650	0.00865	0.01298	0.02001	0.00865	0.01514	0.01027	0.01190	0.00703	0.00811	0.00649	0.00433	0.00324	0.00108	0.00541	0.00270	0.00216	0.00649
58	0.00722	0.00542	0.00813	0.00813	0.00903	0.00632	0.00632	0.00903	0.00813	0.01174	0.01354	0.01987	0.01264	0.03792	0.80225	0.00813	0.01354	0.00542	0.00271	0.00451
59	0.01922	0.01416	0.01518	0.01163	0.01568	0.01568	0.00961	0.77388	0.02378	0.03187	0.01214	0.01214	0.00860	0.00607	0.00506	0.00152	0.00556	0.00455	0.00506	0.00860
60	0.01246	0.01088	0.01174	0.01052	0.01316	0.01280	0.00823	0.02576	0.72342	0.02048	0.01953	0.01828	0.01477	0.00701	0.00601	0.00175	0.06483	0.00562	0.00492	0.00782
61	0.01198	0.01118	0.01844	0.12961	0.58111	0.01161	0.01416	0.04757	0.01198	0.01690	0.06803	0.01449	0.01082	0.00519	0.00536	0.00155	0.02495	0.00485	0.00280	0.00742
62	0.00902	0.00829	0.00908	0.00888	0.01005	0.12879	0.00685	0.01075	0.00908	0.01184	0.01266	0.01821	0.01170	0.03289	0.67946	0.00708	0.01286	0.00509	0.00269	0.00472
63	0.01055	0.00982	0.01641	0.57968	0.17089	0.01144	0.03976	0.04646	0.01107	0.01459	0.00986	0.01470	0.00783	0.00527	0.00514	0.00167	0.00655	0.02962	0.00251	0.00619
64	0.00764	0.00579	0.00817	0.00808	0.00906	0.00668	0.00619	0.01024	0.06623	0.01229	0.01426	0.02083	0.01330	0.09735	0.68118	0.00739	0.01215	0.00559	0.00292	0.00466

[dist]
# distance from previous block
# <min> <max>
0	3

# created by:
# /home/berkeley/.conda/envs/busco_data_prod/bin/msa2prfl.pl pipeline/OGs_align_augustus/33634/25855.fs
