[name]
unknown

[dist]
# distance from previous block
# <min> <max>
4	102

[block]
# block no. 0 follows, 43 sequences, length 48
# corresponding to MSA columns:
# 120-167
name=unknown_A
#
# <colnr> <probs for GDERKNQSTAVLIFYWHMCP>
#	G	D	E	R	K	N	Q	S	T	A	V	L	I	F	Y	W	H	M	C	P
0	0.13737	0.11680	0.05506	0.09010	0.01570	0.01259	0.00931	0.05500	0.07067	0.07274	0.04950	0.01772	0.07722	0.00745	0.00689	0.02779	0.09357	0.00516	0.00378	0.07558
1	0.03690	0.07057	0.03443	0.15442	0.01789	0.01133	0.00967	0.11670	0.05214	0.19253	0.11193	0.06935	0.03389	0.00781	0.00603	0.00175	0.03508	0.00637	0.00476	0.02647
2	0.05729	0.02753	0.01288	0.01002	0.01380	0.03012	0.00804	0.17030	0.12266	0.20887	0.01546	0.02708	0.01146	0.00742	0.00654	0.07481	0.00494	0.00493	0.00490	0.18096
3	0.01419	0.01123	0.10778	0.01006	0.01365	0.00893	0.00888	0.01964	0.17645	0.21884	0.04039	0.15541	0.06668	0.00914	0.00580	0.00179	0.00461	0.03023	0.00518	0.09112
4	0.08681	0.01162	0.01641	0.01206	0.01681	0.01049	0.16693	0.10930	0.01378	0.07382	0.01156	0.02549	0.00905	0.00504	0.00490	0.00132	0.00552	0.00453	0.00376	0.41079
5	0.01691	0.01299	0.01486	0.01306	0.06198	0.02734	0.02593	0.35251	0.19248	0.06158	0.01585	0.01815	0.01254	0.10818	0.00893	0.00221	0.03560	0.00570	0.00495	0.00824
6	0.01077	0.00732	0.00861	0.00781	0.00965	0.03554	0.00595	0.04952	0.01570	0.10750	0.52132	0.08144	0.09524	0.01091	0.00635	0.00176	0.00336	0.00947	0.00591	0.00588
7	0.01778	0.05052	0.01589	0.14562	0.06952	0.01137	0.05317	0.14021	0.01515	0.29671	0.01576	0.01829	0.01174	0.10377	0.00827	0.00215	0.00593	0.00555	0.00472	0.00785
8	0.01487	0.46992	0.23808	0.01161	0.01727	0.01822	0.01262	0.09213	0.01310	0.05266	0.00957	0.01060	0.00763	0.00518	0.00433	0.00142	0.00652	0.00361	0.00290	0.00776
9	0.01469	0.01379	0.01692	0.03128	0.22419	0.15116	0.07362	0.09049	0.01497	0.06323	0.14040	0.05530	0.03703	0.00743	0.00631	0.00172	0.03979	0.00639	0.00401	0.00728
10	0.00951	0.00781	0.00888	0.00847	0.01027	0.00822	0.00640	0.03767	0.21709	0.01883	0.16090	0.18697	0.23354	0.01199	0.00695	0.00195	0.04299	0.01017	0.00532	0.00607
11	0.00753	0.00565	0.00698	0.00665	0.00809	0.00509	0.00498	0.00986	0.01495	0.02049	0.59876	0.04420	0.22246	0.01196	0.00654	0.00177	0.00266	0.01041	0.00587	0.00509
12	0.03583	0.12289	0.01898	0.03597	0.15636	0.20465	0.03122	0.20040	0.03970	0.04135	0.01086	0.01225	0.00854	0.00575	0.00534	0.00155	0.02449	0.00435	0.00364	0.03590
13	0.00729	0.00533	0.00676	0.00702	0.00797	0.00490	0.00497	0.00902	0.01306	0.01778	0.37254	0.31916	0.13335	0.05536	0.00786	0.00213	0.00300	0.01220	0.00549	0.00480
14	0.01285	0.01109	0.01167	0.01061	0.01339	0.03142	0.00824	0.02567	0.60054	0.02260	0.14461	0.02488	0.02285	0.00830	0.00582	0.00186	0.00425	0.02569	0.00563	0.00803
15	0.00741	0.00515	0.00623	0.00678	0.00704	0.00495	0.00422	0.00796	0.00957	0.01272	0.04449	0.37267	0.06134	0.40418	0.01741	0.00375	0.00424	0.01164	0.00429	0.00396
16	0.00717	0.00553	0.00654	0.00650	0.00792	0.00491	0.00480	0.00907	0.01378	0.01820	0.38125	0.14279	0.34519	0.01320	0.00661	0.00186	0.00277	0.01143	0.00558	0.00491
17	0.01562	0.66536	0.02652	0.01016	0.01464	0.09314	0.00961	0.05252	0.04243	0.01452	0.00864	0.00967	0.00761	0.00503	0.00387	0.00126	0.00625	0.00325	0.00270	0.00722
18	0.01197	0.01013	0.05167	0.01016	0.01286	0.00970	0.00846	0.06093	0.04866	0.06070	0.01269	0.03996	0.01106	0.01544	0.17489	0.08636	0.12962	0.00506	0.00347	0.23622
19	0.01451	0.07770	0.44864	0.01401	0.02040	0.03463	0.01587	0.17832	0.04351	0.05892	0.01213	0.01403	0.00901	0.00601	0.00530	0.00171	0.00721	0.02629	0.00349	0.00832
20	0.80141	0.01153	0.00853	0.00765	0.01105	0.05272	0.00624	0.01659	0.00975	0.02426	0.00776	0.00905	0.00606	0.00517	0.00351	0.00170	0.00458	0.00303	0.00340	0.00602
21	0.01816	0.06246	0.08442	0.01406	0.09116	0.15610	0.01098	0.21291	0.01730	0.16421	0.06599	0.05024	0.01355	0.00690	0.00543	0.00164	0.00642	0.00545	0.00456	0.00804
22	0.01139	0.01034	0.01661	0.72384	0.03631	0.01273	0.01496	0.07877	0.01238	0.01597	0.01015	0.01464	0.00756	0.00563	0.00554	0.00183	0.00727	0.00493	0.00273	0.00644
23	0.01126	0.01083	0.05880	0.16045	0.07197	0.01165	0.02758	0.01442	0.04710	0.05206	0.13962	0.07052	0.05125	0.00891	0.00953	0.00200	0.23509	0.00682	0.00372	0.00641
24	0.01112	0.01058	0.05231	0.05179	0.10028	0.01028	0.02915	0.01849	0.27970	0.01929	0.11583	0.03902	0.10148	0.04245	0.02399	0.00212	0.00500	0.04207	0.00462	0.04043
25	0.00754	0.00563	0.00700	0.00670	0.00810	0.00509	0.00501	0.00985	0.01490	0.02047	0.59850	0.06211	0.20459	0.01204	0.00655	0.00178	0.00267	0.01051	0.00587	0.00509
26	0.01445	0.01290	0.02949	0.03104	0.15891	0.04739	0.16193	0.06035	0.03067	0.08702	0.01175	0.01358	0.00904	0.00497	0.00519	0.00140	0.00621	0.00469	0.00354	0.30549
27	0.55332	0.01046	0.00994	0.00829	0.01203	0.01121	0.00684	0.04451	0.01205	0.26617	0.01244	0.01231	0.00859	0.00574	0.00419	0.00171	0.00448	0.00389	0.00460	0.00721
28	0.00926	0.00807	0.01294	0.48301	0.02662	0.00952	0.01170	0.01211	0.01117	0.01461	0.04966	0.19949	0.01809	0.01104	0.04634	0.00235	0.00645	0.05854	0.00344	0.00560
29	0.01009	0.00678	0.00879	0.03723	0.01059	0.00628	0.00614	0.01246	0.01445	0.10241	0.46720	0.05533	0.11975	0.01036	0.00653	0.00171	0.02704	0.00890	0.00554	0.08242
30	0.84448	0.01071	0.00814	0.00728	0.01071	0.01242	0.00600	0.01628	0.00943	0.02485	0.00771	0.00900	0.00600	0.00514	0.00343	0.00171	0.00428	0.00300	0.00343	0.00600
31	0.01253	0.09977	0.06581	0.07726	0.11606	0.01362	0.39710	0.01647	0.01256	0.01686	0.01282	0.01986	0.01108	0.00612	0.00608	0.00184	0.00790	0.09603	0.00298	0.00724
32	0.01674	0.01435	0.01413	0.01201	0.01554	0.08291	0.00951	0.26206	0.45782	0.02610	0.01832	0.01734	0.01363	0.00707	0.00555	0.00177	0.00543	0.00561	0.00536	0.00877
33	0.00682	0.00501	0.00641	0.00736	0.00798	0.00459	0.00502	0.00800	0.01136	0.01501	0.10368	0.62810	0.13765	0.01633	0.00695	0.00215	0.00310	0.01465	0.00523	0.00459
34	0.01057	0.00755	0.01047	0.11703	0.01416	0.00837	0.01846	0.02976	0.08715	0.07087	0.01760	0.13342	0.01682	0.12337	0.22867	0.04155	0.02896	0.00738	0.02223	0.00562
35	0.01275	0.09931	0.43455	0.01692	0.02371	0.01411	0.22176	0.04276	0.02999	0.03676	0.01078	0.01276	0.00789	0.00518	0.00548	0.00173	0.00804	0.00478	0.00277	0.00797
36	0.01685	0.00835	0.01065	0.00889	0.01193	0.00780	0.00707	0.02097	0.11936	0.38733	0.25844	0.02828	0.07220	0.00879	0.00594	0.00176	0.00389	0.00744	0.00634	0.00772
37	0.01877	0.00825	0.01012	0.00824	0.01135	0.00772	0.00665	0.08272	0.01503	0.41304	0.01963	0.01909	0.01354	0.00668	0.00489	0.00154	0.00398	0.00536	0.33567	0.00773
38	0.01338	0.07928	0.37380	0.08105	0.04590	0.01319	0.09570	0.07055	0.03589	0.08047	0.04939	0.01461	0.01054	0.00577	0.00542	0.00172	0.00720	0.00492	0.00330	0.00793
39	0.01267	0.00837	0.01085	0.05192	0.05720	0.03110	0.00858	0.05523	0.04308	0.15026	0.05481	0.23833	0.02559	0.01201	0.00657	0.00209	0.00481	0.21498	0.00516	0.00639
40	0.01568	0.01483	0.01435	0.01251	0.01431	0.22433	0.00991	0.09720	0.01308	0.08249	0.01131	0.01506	0.00976	0.05473	0.13546	0.00320	0.25696	0.00492	0.00341	0.00650
41	0.27532	0.12194	0.11721	0.01746	0.22056	0.07417	0.05332	0.02947	0.01180	0.01937	0.00909	0.01109	0.00731	0.00509	0.00457	0.00161	0.00639	0.00394	0.00291	0.00736
42	0.00704	0.00547	0.00634	0.00649	0.00776	0.00492	0.00467	0.00853	0.01234	0.01590	0.19536	0.19052	0.38427	0.07578	0.04712	0.00253	0.00364	0.01155	0.00510	0.00467
43	0.12545	0.39083	0.14712	0.01025	0.01528	0.01623	0.01043	0.01805	0.04898	0.08449	0.01027	0.01108	0.00812	0.00515	0.00415	0.00140	0.00574	0.00358	0.00315	0.08027
44	0.00779	0.08741	0.00893	0.00763	0.00870	0.00676	0.00557	0.00894	0.01073	0.01387	0.03053	0.47185	0.16286	0.06163	0.06379	0.00273	0.01856	0.01237	0.00455	0.00479
45	0.31254	0.08025	0.04314	0.00746	0.01009	0.00951	0.00630	0.01298	0.01145	0.02006	0.14082	0.11965	0.11660	0.00889	0.00492	0.00172	0.00386	0.00708	0.07704	0.00564
46	0.16014	0.01162	0.01542	0.07904	0.23462	0.02291	0.03312	0.04822	0.01217	0.01962	0.00981	0.01211	0.00796	0.00480	0.00465	0.00138	0.00545	0.00402	0.00316	0.30978
47	0.05193	0.37234	0.04487	0.00955	0.01356	0.03821	0.00873	0.05157	0.04888	0.11283	0.05134	0.04461	0.01283	0.00638	0.00452	0.00144	0.00527	0.01999	0.04538	0.05577

[dist]
# distance from previous block
# <min> <max>
4	8

[block]
# block no. 1 follows, 43 sequences, length 36
# corresponding to MSA columns:
# 176-211
name=unknown_B
#
# <colnr> <probs for GDERKNQSTAVLIFYWHMCP>
#	G	D	E	R	K	N	Q	S	T	A	V	L	I	F	Y	W	H	M	C	P
0	0.01300	0.06690	0.01243	0.02626	0.03081	0.00911	0.00756	0.03650	0.08852	0.11981	0.19525	0.02343	0.02165	0.00734	0.00530	0.00145	0.00423	0.04724	0.00473	0.27847
1	0.01075	0.00924	0.01396	0.03551	0.14512	0.00967	0.06624	0.06920	0.01284	0.01799	0.15651	0.06454	0.05702	0.04569	0.15802	0.00330	0.06787	0.00714	0.00389	0.04549
2	0.01460	0.11004	0.26011	0.01442	0.01983	0.01402	0.13467	0.18291	0.01517	0.06600	0.01264	0.01608	0.00997	0.03161	0.04034	0.00214	0.00751	0.03649	0.00359	0.00787
3	0.01565	0.01023	0.03270	0.10390	0.15076	0.00994	0.01041	0.05675	0.01417	0.26660	0.08348	0.02360	0.12835	0.00795	0.00661	0.00179	0.05812	0.00656	0.00482	0.00761
4	0.01177	0.00957	0.02802	0.13984	0.12202	0.00946	0.07327	0.06365	0.01429	0.08092	0.25374	0.02637	0.07706	0.01018	0.05349	0.00219	0.00578	0.00725	0.00446	0.00668
5	0.01205	0.01211	0.01582	0.45826	0.02799	0.10193	0.01323	0.01574	0.06168	0.01495	0.04989	0.01550	0.01033	0.00680	0.00798	0.00191	0.15954	0.00511	0.00290	0.00629
6	0.01920	0.02776	0.01474	0.01174	0.01564	0.05217	0.00950	0.33052	0.26794	0.16449	0.01760	0.01652	0.01254	0.00689	0.00552	0.00172	0.00546	0.00541	0.00562	0.00901
7	0.06943	0.29723	0.29330	0.01170	0.01758	0.01555	0.01288	0.07281	0.01254	0.03296	0.00949	0.01077	0.00745	0.00506	0.00442	0.00143	0.00639	0.00362	0.00288	0.11254
8	0.11694	0.01262	0.15354	0.10825	0.01668	0.01060	0.01031	0.07096	0.10772	0.01933	0.09886	0.06105	0.01687	0.08017	0.09010	0.00287	0.00652	0.00622	0.00388	0.00653
9	0.00907	0.00511	0.00738	0.00738	0.00757	0.00530	0.00501	0.00785	0.00766	0.01040	0.01172	0.02050	0.01191	0.13354	0.16956	0.56208	0.00682	0.00548	0.00265	0.00303
10	0.01297	0.01217	0.06365	0.02590	0.03967	0.01255	0.00954	0.02459	0.52717	0.04351	0.02234	0.05568	0.05499	0.02769	0.00681	0.00198	0.03897	0.00671	0.00506	0.00805
11	0.01111	0.02865	0.77667	0.01579	0.02397	0.01286	0.02046	0.01754	0.01169	0.01754	0.00994	0.01169	0.00702	0.00526	0.00526	0.00175	0.00818	0.00409	0.00234	0.00818
12	0.01577	0.26007	0.08731	0.01075	0.01561	0.06418	0.00992	0.17167	0.02607	0.05702	0.01061	0.01149	0.00835	0.00523	0.00449	0.00129	0.00586	0.00379	0.00357	0.22696
13	0.00849	0.00745	0.04158	0.00859	0.01003	0.00685	0.00651	0.01290	0.16393	0.01715	0.11874	0.47667	0.07168	0.01391	0.00661	0.00207	0.00358	0.01240	0.00523	0.00563
14	0.00802	0.00549	0.00668	0.00668	0.00689	0.00571	0.00415	0.00846	0.00824	0.01121	0.01687	0.03303	0.01874	0.63581	0.19583	0.00615	0.00747	0.00758	0.00327	0.00371
15	0.84448	0.01071	0.00814	0.00728	0.01071	0.01242	0.00600	0.01628	0.00943	0.02485	0.00771	0.00900	0.00600	0.00514	0.00343	0.00171	0.00428	0.00300	0.00343	0.00600
16	0.01203	0.06400	0.51632	0.04890	0.02185	0.01225	0.05566	0.01741	0.02754	0.07126	0.05141	0.05297	0.01160	0.00628	0.00544	0.00176	0.00723	0.00523	0.00309	0.00777
17	0.80244	0.03244	0.00882	0.00740	0.01089	0.01258	0.00614	0.01654	0.00963	0.04229	0.00805	0.00923	0.00621	0.00517	0.00348	0.00170	0.00434	0.00306	0.00348	0.00611
18	0.01438	0.00969	0.01137	0.00885	0.01275	0.00860	0.00708	0.12154	0.04295	0.15773	0.09837	0.03275	0.09601	0.00711	0.00519	0.00137	0.00420	0.00585	0.00486	0.34934
19	0.05054	0.01192	0.01361	0.01133	0.01439	0.07470	0.07958	0.15958	0.18614	0.05567	0.13226	0.02052	0.01825	0.00957	0.05774	0.00218	0.00592	0.00611	0.08265	0.00734
20	0.01621	0.01118	0.01206	0.00999	0.01306	0.01213	0.00798	0.39387	0.08703	0.04948	0.01736	0.09370	0.01418	0.00773	0.00525	0.00164	0.00467	0.00623	0.22851	0.00773
21	0.30316	0.01129	0.01113	0.00902	0.01259	0.04481	0.00722	0.11004	0.01290	0.10805	0.01136	0.01364	0.00909	0.06958	0.00681	0.00180	0.03993	0.00413	0.00398	0.20947
22	0.01026	0.00907	0.01535	0.01249	0.01480	0.00915	0.22258	0.05162	0.04408	0.01552	0.01710	0.09855	0.03223	0.22117	0.19623	0.00446	0.00850	0.00768	0.00353	0.00563
23	0.01535	0.32192	0.01817	0.00936	0.01300	0.01562	0.00824	0.22887	0.05502	0.02193	0.01288	0.01394	0.01019	0.00590	0.00432	0.00139	0.00499	0.00431	0.22727	0.00734
24	0.01176	0.01163	0.01626	0.01408	0.01410	0.01613	0.01165	0.01295	0.00862	0.01338	0.00883	0.06513	0.00924	0.01021	0.01743	0.00241	0.74205	0.00558	0.00261	0.00595
25	0.00775	0.00566	0.00728	0.00688	0.00822	0.00519	0.00516	0.01028	0.01547	0.02172	0.71958	0.04218	0.10088	0.01151	0.00653	0.00175	0.00263	0.01013	0.00603	0.00519
26	0.00834	0.00686	0.01004	0.01021	0.05855	0.00637	0.06535	0.01066	0.01352	0.01811	0.29830	0.13822	0.20810	0.01233	0.00669	0.00195	0.00387	0.11200	0.00514	0.00539
27	0.00738	0.00561	0.00689	0.00706	0.00837	0.00503	0.00522	0.00921	0.01313	0.01752	0.29850	0.25170	0.24074	0.01373	0.00668	0.00194	0.00304	0.06038	0.00542	0.03248
28	0.01589	0.01256	0.01414	0.01092	0.01506	0.04521	0.03280	0.26623	0.07215	0.06756	0.06307	0.01525	0.01244	0.00611	0.00548	0.00140	0.02816	0.00482	0.00455	0.30619
29	0.17923	0.05276	0.06630	0.06077	0.09405	0.26901	0.01087	0.08893	0.01398	0.01903	0.00930	0.01100	0.00741	0.00536	0.00469	0.00150	0.00709	0.00379	0.00318	0.09176
30	0.04144	0.05410	0.35548	0.05403	0.11517	0.04457	0.01511	0.03613	0.01275	0.12142	0.01147	0.01281	0.00832	0.00536	0.00509	0.00160	0.00686	0.00428	0.00324	0.09077
31	0.14584	0.00663	0.00766	0.00763	0.00843	0.03177	0.00538	0.00957	0.00851	0.01321	0.01289	0.11673	0.01338	0.06021	0.09625	0.43722	0.00577	0.00615	0.00304	0.00371
32	0.01326	0.00969	0.01232	0.04899	0.03101	0.02813	0.04694	0.13078	0.05488	0.11548	0.15506	0.05170	0.13926	0.02112	0.04082	0.00215	0.02716	0.03219	0.00499	0.03408
33	0.10158	0.20006	0.10646	0.01336	0.06657	0.08689	0.01144	0.14359	0.01395	0.05196	0.00979	0.01138	0.00783	0.00608	0.00660	0.00164	0.12285	0.00403	0.00332	0.03064
34	0.01183	0.06398	0.01635	0.03667	0.34437	0.01143	0.01142	0.01677	0.14951	0.01815	0.08764	0.11448	0.05521	0.03019	0.00635	0.00186	0.00516	0.00723	0.00398	0.00741
35	0.01046	0.00600	0.00775	0.00785	0.00933	0.00539	0.00577	0.01193	0.01245	0.16423	0.08501	0.42758	0.15832	0.01419	0.00668	0.00206	0.00349	0.05037	0.00554	0.00558

[dist]
# distance from previous block
# <min> <max>
0	3

[block]
# block no. 2 follows, 43 sequences, length 12
# corresponding to MSA columns:
# 215-226
name=unknown_C
#
# <colnr> <probs for GDERKNQSTAVLIFYWHMCP>
#	G	D	E	R	K	N	Q	S	T	A	V	L	I	F	Y	W	H	M	C	P
0	0.01379	0.01325	0.06441	0.01170	0.04267	0.07742	0.06708	0.03603	0.04035	0.07406	0.01131	0.01265	0.00883	0.00479	0.00470	0.00117	0.00550	0.00400	0.00353	0.50276
1	0.01197	0.01102	0.05458	0.09325	0.07661	0.00901	0.02473	0.01479	0.01177	0.05279	0.03300	0.03636	0.01044	0.00531	0.00518	0.00123	0.03202	0.00441	0.00337	0.50817
2	0.01295	0.00899	0.01223	0.11369	0.08583	0.00814	0.00874	0.01549	0.01292	0.15599	0.08571	0.02423	0.10216	0.00738	0.00541	0.00151	0.00466	0.05283	0.00436	0.27679
3	0.06657	0.06148	0.04292	0.01154	0.01464	0.16942	0.03608	0.10296	0.22851	0.02021	0.04626	0.04770	0.01418	0.05013	0.00682	0.00189	0.02697	0.00564	0.03887	0.00720
4	0.01383	0.22052	0.25172	0.03924	0.03777	0.04670	0.01273	0.03099	0.02940	0.07904	0.01126	0.03944	0.00914	0.00578	0.00524	0.00150	0.03522	0.00434	0.00312	0.12300
5	0.01359	0.17632	0.05190	0.13874	0.06398	0.05430	0.13452	0.06993	0.01311	0.04488	0.03452	0.01637	0.05230	0.00655	0.00619	0.02482	0.03769	0.00524	0.04812	0.00691
6	0.01111	0.02865	0.77667	0.01579	0.02397	0.01286	0.02046	0.01754	0.01169	0.01754	0.00994	0.01169	0.00702	0.00526	0.00526	0.00175	0.00818	0.00409	0.00234	0.00818
7	0.01140	0.04019	0.14311	0.13957	0.09747	0.01083	0.06272	0.04018	0.04028	0.05028	0.08896	0.11547	0.06662	0.00851	0.00635	0.00186	0.03346	0.03208	0.00383	0.00682
8	0.01332	0.06454	0.10732	0.16950	0.06811	0.04121	0.09045	0.11400	0.04435	0.01810	0.01128	0.01538	0.00927	0.00799	0.03710	0.00214	0.14470	0.03089	0.00316	0.00720
9	0.00980	0.00768	0.00944	0.04122	0.01168	0.04905	0.04658	0.01154	0.01223	0.07096	0.03321	0.20086	0.24872	0.07593	0.00838	0.00232	0.00460	0.14577	0.00476	0.00527
10	0.00669	0.00504	0.00620	0.00713	0.00788	0.00455	0.00488	0.00778	0.01116	0.01436	0.03758	0.59536	0.23847	0.01643	0.00692	0.00214	0.00310	0.01463	0.00514	0.00455
11	0.04727	0.21852	0.27791	0.05642	0.06627	0.05610	0.05508	0.09593	0.01350	0.04952	0.01016	0.01173	0.00774	0.00532	0.00489	0.00159	0.00712	0.00413	0.00300	0.00781

[dist]
# distance from previous block
# <min> <max>
8	12

[block]
# block no. 3 follows, 43 sequences, length 28
# corresponding to MSA columns:
# 240-267
name=unknown_D
#
# <colnr> <probs for GDERKNQSTAVLIFYWHMCP>
#	G	D	E	R	K	N	Q	S	T	A	V	L	I	F	Y	W	H	M	C	P
0	0.10451	0.02063	0.18928	0.07661	0.01924	0.27672	0.01246	0.12699	0.03398	0.04252	0.03927	0.01288	0.00951	0.00596	0.00511	0.00163	0.00760	0.00432	0.00347	0.00730
1	0.02105	0.01551	0.01662	0.01274	0.01717	0.01717	0.01053	0.75235	0.02604	0.03490	0.01330	0.01330	0.00942	0.00665	0.00554	0.00166	0.00609	0.00499	0.00554	0.00942
2	0.01046	0.00984	0.01661	0.79205	0.03814	0.01230	0.01538	0.01415	0.01107	0.01415	0.00984	0.01477	0.00738	0.00554	0.00554	0.00185	0.00738	0.00492	0.00246	0.00615
3	0.00673	0.00488	0.00637	0.00756	0.00799	0.00451	0.00507	0.00773	0.01075	0.01420	0.03239	0.74730	0.08987	0.01711	0.00703	0.00222	0.00318	0.01545	0.00514	0.00451
4	0.41699	0.01004	0.01060	0.00862	0.01250	0.01019	0.00712	0.02187	0.01278	0.41592	0.01509	0.01414	0.01002	0.00603	0.00454	0.00171	0.00451	0.00434	0.00521	0.00779
5	0.01553	0.01061	0.01138	0.00966	0.01266	0.01160	0.00767	0.22600	0.26560	0.08032	0.01850	0.01847	0.01373	0.00689	0.00505	0.00162	0.00432	0.00551	0.26703	0.00786
6	0.02833	0.01640	0.22128	0.01674	0.05580	0.01201	0.24625	0.08950	0.01391	0.07045	0.03261	0.02035	0.01249	0.03306	0.00668	0.00196	0.00725	0.07920	0.02820	0.00752
7	0.00698	0.00560	0.00623	0.00614	0.00776	0.00485	0.00458	0.00876	0.01355	0.01731	0.28930	0.07789	0.50503	0.01326	0.00656	0.00184	0.00276	0.01129	0.00546	0.00485
8	0.01039	0.00926	0.03477	0.03546	0.10261	0.00901	0.00842	0.03966	0.12851	0.01916	0.22310	0.03112	0.12933	0.06722	0.00818	0.00204	0.04093	0.03753	0.00466	0.05864
9	0.00709	0.00515	0.00670	0.00744	0.00817	0.00476	0.00522	0.00857	0.01215	0.01638	0.22454	0.52133	0.09707	0.01546	0.00691	0.00210	0.00309	0.03777	0.00539	0.00472
10	0.01515	0.01428	0.02837	0.01351	0.03866	0.09197	0.07264	0.12229	0.45494	0.02281	0.03626	0.01808	0.01445	0.00700	0.00592	0.00180	0.02280	0.00583	0.00490	0.00835
11	0.03494	0.03875	0.09075	0.06447	0.54445	0.01298	0.01573	0.03511	0.01258	0.01829	0.01022	0.01311	0.00839	0.00497	0.00524	0.00159	0.00648	0.00461	0.00281	0.07452
12	0.05964	0.17423	0.36094	0.01497	0.05588	0.04624	0.08071	0.05225	0.01281	0.07770	0.01056	0.01196	0.00783	0.00529	0.00498	0.00163	0.00726	0.00421	0.00299	0.00790
13	0.00785	0.00561	0.00769	0.00897	0.00977	0.00545	0.00705	0.00961	0.01169	0.01537	0.02992	0.42784	0.03422	0.01631	0.00736	0.00240	0.00417	0.37879	0.00512	0.00480
14	0.01482	0.52461	0.19346	0.01156	0.01680	0.12747	0.01209	0.01758	0.01198	0.01411	0.00832	0.00966	0.00709	0.00499	0.00414	0.00135	0.00700	0.00330	0.00243	0.00725
15	0.84448	0.01071	0.00814	0.00728	0.01071	0.01242	0.00600	0.01628	0.00943	0.02485	0.00771	0.00900	0.00600	0.00514	0.00343	0.00171	0.00428	0.00300	0.00343	0.00600
16	0.07608	0.00614	0.00760	0.00840	0.00968	0.00603	0.00672	0.01026	0.01208	0.01676	0.08533	0.25925	0.13475	0.01457	0.00691	0.00225	0.00401	0.32315	0.00505	0.00496
17	0.01000	0.00989	0.06763	0.01052	0.01335	0.00867	0.10549	0.03446	0.14349	0.02100	0.38808	0.03269	0.11272	0.00951	0.00626	0.00179	0.00432	0.00852	0.00519	0.00640
18	0.00769	0.00564	0.00711	0.00675	0.00807	0.00516	0.00501	0.01002	0.01493	0.02075	0.64219	0.04264	0.14138	0.04936	0.00756	0.00193	0.00277	0.01013	0.00585	0.00507
19	0.01303	0.00683	0.00930	0.00840	0.01010	0.00686	0.00630	0.01451	0.01075	0.24083	0.01766	0.02488	0.01554	0.24194	0.34161	0.00577	0.00919	0.00641	0.00424	0.00585
20	0.00743	0.00565	0.00684	0.00654	0.00802	0.00505	0.00490	0.00966	0.01471	0.01992	0.54279	0.04514	0.27879	0.01218	0.00654	0.00178	0.00267	0.01054	0.00580	0.00505
21	0.01148	0.00984	0.01148	0.00820	0.01312	0.00738	0.00656	0.01395	0.01148	0.01805	0.00984	0.01148	0.00820	0.00410	0.00410	0.00082	0.00410	0.00328	0.00328	0.83922
22	0.01328	0.46308	0.25133	0.01171	0.01710	0.01795	0.01282	0.01645	0.01117	0.01470	0.00846	0.01014	0.00716	0.00526	0.00529	0.00144	0.07088	0.00347	0.00242	0.05589
23	0.29715	0.01033	0.01235	0.17141	0.01798	0.01131	0.00918	0.03434	0.01199	0.23015	0.01233	0.01346	0.00877	0.00603	0.00576	0.00173	0.06959	0.00433	0.00413	0.06767
24	0.01013	0.00770	0.00955	0.00778	0.01077	0.00636	0.03045	0.01220	0.01264	0.06614	0.17103	0.05054	0.20119	0.06672	0.00717	0.00171	0.00378	0.00755	0.00455	0.31206
25	0.01127	0.05686	0.04748	0.00856	0.01313	0.00839	0.00727	0.01424	0.03149	0.01838	0.10321	0.01525	0.01372	0.00517	0.00446	0.00103	0.00422	0.00421	0.00359	0.62809
26	0.01336	0.22128	0.01490	0.00886	0.01189	0.07428	0.00739	0.01667	0.08171	0.10400	0.24224	0.02453	0.07006	0.02071	0.00560	0.00159	0.00462	0.00642	0.02471	0.04519
27	0.05285	0.31074	0.40017	0.01287	0.01910	0.01652	0.01494	0.05987	0.01216	0.01713	0.00913	0.01065	0.00715	0.00528	0.00496	0.00156	0.03093	0.00370	0.00259	0.00770

[dist]
# distance from previous block
# <min> <max>
0	26

# created by:
# /home/berkeley/.conda/envs/busco_data_prod/bin/msa2prfl.pl pipeline/OGs_align_augustus/33634/25900.fs
