[name]
unknown

[dist]
# distance from previous block
# <min> <max>
0	1064

[block]
# block no. 0 follows, 46 sequences, length 8
# corresponding to MSA columns:
# 1089-1096
name=unknown_A
#
# <colnr> <probs for GDERKNQSTAVLIFYWHMCP>
#	G	D	E	R	K	N	Q	S	T	A	V	L	I	F	Y	W	H	M	C	P
0	0.01150	0.00864	0.01467	0.01159	0.01445	0.00809	0.22532	0.01480	0.04350	0.12325	0.24900	0.05938	0.06852	0.02833	0.00642	0.00179	0.00485	0.02459	0.07515	0.00618
1	0.01074	0.00773	0.00894	0.00838	0.00982	0.00803	0.00605	0.22731	0.01419	0.01905	0.06798	0.36760	0.02502	0.18145	0.01054	0.00258	0.00426	0.01016	0.00472	0.00547
2	0.00816	0.01146	0.23297	0.00923	0.01167	0.00698	0.00882	0.01039	0.00977	0.01354	0.01942	0.29120	0.02152	0.26528	0.01265	0.00297	0.00520	0.05020	0.00359	0.00500
3	0.01182	0.01124	0.00945	0.00889	0.01062	0.23396	0.00661	0.01364	0.01405	0.06434	0.34888	0.15358	0.07195	0.01005	0.00583	0.00166	0.00476	0.00847	0.00477	0.00543
4	0.01018	0.00623	0.00668	0.00577	0.00801	0.00554	0.00444	0.01261	0.01105	0.01899	0.01497	0.01717	0.01189	0.00551	0.00376	0.00110	0.00289	0.00441	0.59939	0.24944
5	0.01587	0.58421	0.02426	0.00995	0.01439	0.01960	0.00934	0.23308	0.01484	0.01850	0.00890	0.00970	0.00743	0.00505	0.00394	0.00126	0.00570	0.00339	0.00314	0.00743
6	0.00718	0.00542	0.00667	0.00658	0.00794	0.00491	0.00502	0.00928	0.01370	0.01845	0.47649	0.07476	0.25486	0.01210	0.00635	0.00178	0.00278	0.07546	0.00544	0.00480
7	0.01193	0.01806	0.25073	0.02019	0.02625	0.01305	0.54631	0.01688	0.01210	0.01688	0.01034	0.01336	0.00764	0.00462	0.00589	0.00175	0.00859	0.00556	0.00255	0.00733

[dist]
# distance from previous block
# <min> <max>
0	2

[block]
# block no. 1 follows, 46 sequences, length 21
# corresponding to MSA columns:
# 1099-1119
name=unknown_B
#
# <colnr> <probs for GDERKNQSTAVLIFYWHMCP>
#	G	D	E	R	K	N	Q	S	T	A	V	L	I	F	Y	W	H	M	C	P
0	0.04751	0.11922	0.53794	0.01386	0.02047	0.01363	0.04717	0.05953	0.06070	0.01781	0.01014	0.01149	0.00746	0.00515	0.00484	0.00161	0.00710	0.00401	0.00267	0.00767
1	0.00990	0.00783	0.01190	0.38806	0.05955	0.00866	0.01013	0.01266	0.01190	0.06488	0.14512	0.05251	0.13282	0.00793	0.00555	0.00172	0.00503	0.00690	0.05123	0.00573
2	0.00769	0.00513	0.00577	0.00577	0.00577	0.00513	0.00320	0.00769	0.00769	0.01025	0.01666	0.03460	0.01922	0.81421	0.02691	0.00513	0.00513	0.00769	0.00320	0.00320
3	0.00996	0.00915	0.01466	0.66174	0.03186	0.01120	0.01325	0.01426	0.07453	0.01450	0.03917	0.06051	0.01093	0.00628	0.00541	0.00178	0.00642	0.00556	0.00287	0.00596
4	0.09904	0.16283	0.08196	0.01290	0.11630	0.06213	0.01000	0.07731	0.04778	0.03400	0.00982	0.01118	0.00790	0.00497	0.00464	0.00132	0.02652	0.00369	0.00314	0.22255
5	0.02818	0.00735	0.01000	0.17862	0.03673	0.00769	0.00790	0.07584	0.01279	0.06984	0.13711	0.28218	0.10328	0.01080	0.00596	0.00184	0.00424	0.00948	0.00454	0.00563
6	0.00750	0.00625	0.00654	0.00626	0.00817	0.00576	0.00475	0.03120	0.09121	0.01645	0.13552	0.04523	0.59174	0.01224	0.00613	0.00177	0.00290	0.01025	0.00508	0.00506
7	0.00897	0.00703	0.00955	0.00900	0.00946	0.00845	0.00682	0.02521	0.00861	0.01221	0.01362	0.02444	0.01413	0.25415	0.26742	0.06753	0.19588	0.05013	0.00295	0.00445
8	0.15246	0.01759	0.18734	0.05512	0.04911	0.14975	0.17803	0.01739	0.01177	0.06025	0.00964	0.01177	0.00731	0.00535	0.00589	0.00168	0.06546	0.00436	0.00286	0.00686
9	0.12902	0.00726	0.00888	0.00878	0.01042	0.00751	0.03264	0.05862	0.02699	0.01742	0.06532	0.11268	0.05618	0.12899	0.00923	0.00253	0.00458	0.30345	0.00442	0.00509
10	0.01145	0.08424	0.35655	0.01217	0.01825	0.01120	0.05961	0.03956	0.01158	0.01712	0.00946	0.01111	0.00729	0.00457	0.00455	0.00129	0.00615	0.00370	0.00270	0.32744
11	0.01495	0.01453	0.12235	0.01205	0.01607	0.01382	0.02807	0.22479	0.40250	0.04781	0.01680	0.01623	0.01236	0.00662	0.00562	0.00173	0.02520	0.00531	0.00481	0.00838
12	0.00717	0.00524	0.00675	0.00678	0.00786	0.00482	0.00498	0.00922	0.01357	0.01876	0.53096	0.21203	0.10774	0.01240	0.00638	0.00180	0.00270	0.03051	0.00551	0.00479
13	0.00725	0.00546	0.00621	0.00601	0.00763	0.00475	0.00451	0.00901	0.01311	0.04164	0.30594	0.07167	0.47316	0.01237	0.00623	0.00175	0.00269	0.01054	0.00528	0.00479
14	0.03390	0.01483	0.01645	0.12322	0.10224	0.18937	0.03886	0.13657	0.01384	0.07897	0.01006	0.01235	0.00792	0.00640	0.00793	0.00174	0.19061	0.00447	0.00329	0.00698
15	0.26634	0.01082	0.01137	0.01028	0.04065	0.01209	0.02636	0.09694	0.31385	0.06792	0.01529	0.01518	0.01141	0.00613	0.00461	0.00166	0.00439	0.00475	0.07259	0.00736
16	0.01762	0.01124	0.01265	0.01042	0.01392	0.01206	0.00837	0.21873	0.32761	0.23075	0.01878	0.01742	0.01329	0.00673	0.00524	0.00166	0.00459	0.00542	0.05498	0.00850
17	0.08563	0.01712	0.01683	0.03369	0.12776	0.30265	0.08829	0.14471	0.01515	0.04676	0.03753	0.01255	0.00923	0.00570	0.00546	0.00156	0.03448	0.00443	0.00341	0.00706
18	0.01057	0.00792	0.00900	0.00833	0.00982	0.00873	0.00599	0.05400	0.26751	0.03618	0.01780	0.02572	0.01650	0.35024	0.14480	0.00428	0.00632	0.00656	0.00407	0.00565
19	0.00712	0.00509	0.00690	0.00806	0.00868	0.00487	0.00601	0.00856	0.01094	0.01451	0.05852	0.55108	0.03417	0.01574	0.00690	0.00222	0.00359	0.23763	0.00493	0.00450
20	0.00899	0.00683	0.00797	0.00761	0.00922	0.00695	0.00570	0.04073	0.17232	0.01985	0.35682	0.16210	0.10185	0.01079	0.00595	0.00175	0.00308	0.00940	0.05643	0.00568

[dist]
# distance from previous block
# <min> <max>
0	21

[block]
# block no. 2 follows, 46 sequences, length 28
# corresponding to MSA columns:
# 1141-1168
name=unknown_C
#
# <colnr> <probs for GDERKNQSTAVLIFYWHMCP>
#	G	D	E	R	K	N	Q	S	T	A	V	L	I	F	Y	W	H	M	C	P
0	0.07414	0.06999	0.05938	0.07378	0.10963	0.03487	0.15432	0.24621	0.03767	0.07204	0.01150	0.01294	0.00850	0.00543	0.00517	0.00161	0.00649	0.00476	0.00377	0.00780
1	0.01625	0.00823	0.01039	0.00861	0.01151	0.00780	0.00692	0.09194	0.05750	0.35685	0.25163	0.02644	0.04632	0.00829	0.00562	0.00166	0.00387	0.03025	0.04263	0.00730
2	0.08803	0.00988	0.01234	0.00963	0.01360	0.00933	0.00797	0.13457	0.01601	0.59072	0.01878	0.01766	0.01239	0.00662	0.00521	0.00165	0.00467	0.02628	0.00605	0.00862
3	0.02992	0.01258	0.02038	0.13297	0.46905	0.02973	0.08895	0.07110	0.02499	0.03103	0.01034	0.01329	0.00828	0.00510	0.00565	0.00164	0.02948	0.00483	0.00290	0.00779
4	0.01173	0.01322	0.21484	0.01141	0.03650	0.00939	0.03155	0.01662	0.12673	0.12898	0.06654	0.15265	0.09903	0.00892	0.00627	0.00181	0.04515	0.00751	0.00431	0.00685
5	0.00651	0.00465	0.00622	0.00744	0.00778	0.00435	0.00503	0.00748	0.01019	0.01357	0.02910	0.78522	0.03481	0.01650	0.00677	0.00216	0.00313	0.03988	0.00491	0.00431
6	0.09559	0.26758	0.15061	0.03913	0.01711	0.18372	0.05325	0.04056	0.01187	0.01535	0.00828	0.01008	0.00683	0.00533	0.00543	0.00149	0.07492	0.00361	0.00258	0.00669
7	0.00695	0.00541	0.00656	0.00676	0.00794	0.00502	0.00504	0.00858	0.01229	0.01609	0.24711	0.23392	0.31778	0.01341	0.00676	0.00190	0.02590	0.06286	0.00509	0.00463
8	0.01107	0.00956	0.01151	0.00911	0.05246	0.00733	0.00678	0.01346	0.01102	0.01723	0.00942	0.01107	0.00786	0.00396	0.00398	0.00082	0.00404	0.00321	0.00311	0.80299
9	0.00952	0.00639	0.00746	0.00712	0.00880	0.00631	0.00546	0.01361	0.12730	0.06117	0.28534	0.07880	0.13447	0.01002	0.00565	0.00168	0.00305	0.05085	0.17144	0.00558
10	0.00701	0.00533	0.00645	0.00630	0.00764	0.00477	0.00467	0.00902	0.01366	0.01841	0.49034	0.10375	0.27925	0.01208	0.00628	0.00174	0.00260	0.01050	0.00546	0.00477
11	0.05818	0.00658	0.00809	0.00714	0.00922	0.00605	0.00547	0.01420	0.01333	0.23215	0.30131	0.06348	0.12629	0.07444	0.00738	0.00195	0.00340	0.00806	0.04738	0.00590
12	0.01364	0.01160	0.01223	0.01086	0.01393	0.01338	0.00849	0.08018	0.71879	0.02291	0.02089	0.01923	0.01563	0.00711	0.00537	0.00178	0.00430	0.00589	0.00537	0.00841
13	0.01184	0.01934	0.37954	0.01463	0.02027	0.01277	0.13437	0.02097	0.29229	0.01876	0.01412	0.01482	0.01040	0.00573	0.00535	0.00174	0.00665	0.00504	0.00347	0.00791
14	0.01248	0.01426	0.03119	0.02228	0.02763	0.01337	0.76203	0.01693	0.01248	0.01693	0.01070	0.01426	0.00802	0.00446	0.00624	0.00178	0.00891	0.00624	0.00267	0.00713
15	0.00895	0.00759	0.00926	0.00904	0.01022	0.07422	0.00701	0.03143	0.00951	0.01291	0.01361	0.01958	0.01255	0.03579	0.70381	0.00769	0.01353	0.00545	0.00289	0.00496
16	0.04760	0.00996	0.01168	0.00908	0.01302	0.00923	0.01952	0.09376	0.13517	0.16535	0.04979	0.01545	0.01234	0.00562	0.00467	0.00129	0.00423	0.00457	0.03306	0.35460
17	0.01628	0.05493	0.07754	0.02207	0.41168	0.01231	0.01338	0.10766	0.01416	0.19923	0.01267	0.01380	0.00934	0.00535	0.00515	0.00157	0.00589	0.00470	0.00381	0.00847
18	0.01394	0.00886	0.01370	0.30438	0.11946	0.00928	0.01084	0.01676	0.01301	0.24409	0.17119	0.02035	0.01783	0.00672	0.00548	0.00168	0.00526	0.00588	0.00434	0.00694
19	0.00721	0.00493	0.00591	0.00637	0.00649	0.00481	0.00385	0.00756	0.00861	0.01148	0.02139	0.32905	0.02519	0.51161	0.01926	0.00400	0.00434	0.01047	0.00385	0.00362
20	0.66552	0.01049	0.01060	0.01113	0.11648	0.01171	0.04020	0.01536	0.00961	0.02212	0.00875	0.04220	0.00738	0.00534	0.00381	0.00165	0.00456	0.00376	0.00322	0.00609
21	0.02667	0.05215	0.07130	0.03528	0.10923	0.08710	0.02714	0.05925	0.04460	0.14320	0.01135	0.01285	0.00872	0.00611	0.00736	0.00161	0.16642	0.00437	0.00351	0.12178
22	0.01292	0.01109	0.01178	0.01071	0.01361	0.01279	0.00838	0.02723	0.73351	0.02180	0.02184	0.02173	0.01686	0.00755	0.00548	0.00183	0.00422	0.04315	0.00535	0.00819
23	0.00765	0.00528	0.00660	0.00638	0.00759	0.00490	0.00474	0.00995	0.01391	0.01999	0.57437	0.08985	0.09479	0.01075	0.00593	0.00165	0.00254	0.00942	0.11883	0.00490
24	0.01417	0.11995	0.07570	0.01084	0.05068	0.02477	0.00908	0.13424	0.06889	0.07778	0.01141	0.01217	0.00880	0.00497	0.00444	0.00121	0.00502	0.00386	0.00368	0.35835
25	0.01187	0.23143	0.50930	0.01314	0.01962	0.01409	0.03550	0.01651	0.01138	0.04104	0.04295	0.01201	0.00885	0.00518	0.00469	0.00153	0.00694	0.00398	0.00255	0.00744
26	0.00812	0.00569	0.00660	0.00656	0.00801	0.00523	0.00483	0.03134	0.02838	0.04832	0.19822	0.22773	0.30637	0.01238	0.00607	0.00179	0.00291	0.01070	0.07576	0.00497
27	0.04278	0.03334	0.06232	0.01228	0.05898	0.06296	0.09190	0.13939	0.03469	0.10448	0.01658	0.09883	0.04497	0.14947	0.00941	0.00230	0.01820	0.00656	0.00401	0.00657

[dist]
# distance from previous block
# <min> <max>
2	13

[block]
# block no. 3 follows, 46 sequences, length 14
# corresponding to MSA columns:
# 1182-1195
name=unknown_D
#
# <colnr> <probs for GDERKNQSTAVLIFYWHMCP>
#	G	D	E	R	K	N	Q	S	T	A	V	L	I	F	Y	W	H	M	C	P
0	0.06418	0.10718	0.06258	0.01309	0.08013	0.11104	0.03066	0.11812	0.13726	0.14804	0.01337	0.01370	0.00992	0.00597	0.00543	0.00158	0.04231	0.00453	0.02323	0.00768
1	0.03568	0.00745	0.00829	0.00769	0.00939	0.04345	0.00571	0.01402	0.08641	0.12803	0.20801	0.10995	0.07951	0.12732	0.06431	0.00267	0.00460	0.00803	0.04389	0.00559
2	0.01194	0.01089	0.01559	0.10742	0.21418	0.03270	0.06081	0.01532	0.04680	0.03245	0.04802	0.01399	0.01041	0.00490	0.00480	0.00129	0.00534	0.00443	0.00317	0.35554
3	0.00913	0.00794	0.02883	0.00787	0.00993	0.02319	0.00624	0.03423	0.16796	0.01947	0.34854	0.05338	0.19717	0.01036	0.00597	0.00173	0.00338	0.03475	0.00524	0.02468
4	0.00794	0.00561	0.00670	0.00654	0.00662	0.00600	0.00405	0.00817	0.00778	0.01058	0.01579	0.03189	0.01789	0.69609	0.08869	0.00521	0.06050	0.00731	0.00311	0.00350
5	0.01214	0.35242	0.33108	0.01126	0.01714	0.01492	0.01278	0.01574	0.01095	0.01504	0.00858	0.01001	0.00694	0.00461	0.00414	0.00129	0.00621	0.00332	0.00241	0.15903
6	0.01308	0.01256	0.02146	0.03245	0.78123	0.01256	0.01622	0.01622	0.01204	0.01727	0.00994	0.01308	0.00837	0.00471	0.00523	0.00157	0.00628	0.00471	0.00262	0.00837
7	0.01179	0.01013	0.01364	0.01647	0.24063	0.01078	0.01026	0.04246	0.29370	0.01995	0.13474	0.02648	0.02089	0.00807	0.00575	0.00180	0.00470	0.11586	0.00455	0.00735
8	0.01026	0.13251	0.01630	0.13145	0.20144	0.01064	0.05849	0.01258	0.01119	0.01479	0.03466	0.24130	0.04673	0.00906	0.00562	0.00176	0.00527	0.04638	0.00345	0.00613
9	0.00767	0.00518	0.00603	0.00603	0.00612	0.00527	0.00353	0.00786	0.00777	0.01045	0.01641	0.03325	0.01864	0.73878	0.10154	0.00545	0.00601	0.00749	0.00317	0.00335
10	0.01903	0.01428	0.01527	0.01195	0.01599	0.01590	0.00979	0.65091	0.13929	0.03160	0.01404	0.01377	0.01009	0.00647	0.00530	0.00162	0.00557	0.00495	0.00530	0.00890
11	0.00852	0.00608	0.00852	0.00974	0.01095	0.00608	0.00852	0.01095	0.01217	0.01582	0.02799	0.05963	0.03042	0.01460	0.00730	0.00243	0.00487	0.74565	0.00487	0.00487
12	0.00799	0.00521	0.00686	0.00749	0.00835	0.00506	0.00558	0.00944	0.01081	0.03741	0.07153	0.36953	0.06503	0.01654	0.08362	0.04148	0.00444	0.13613	0.10289	0.00460
13	0.01359	0.01147	0.01171	0.01029	0.01317	0.04809	0.00805	0.13734	0.49074	0.02300	0.10199	0.02118	0.03938	0.00749	0.00539	0.00171	0.00439	0.00616	0.03710	0.00776

[dist]
# distance from previous block
# <min> <max>
0	1

[block]
# block no. 4 follows, 46 sequences, length 8
# corresponding to MSA columns:
# 1197-1204
name=unknown_E
#
# <colnr> <probs for GDERKNQSTAVLIFYWHMCP>
#	G	D	E	R	K	N	Q	S	T	A	V	L	I	F	Y	W	H	M	C	P
0	0.04331	0.26341	0.08980	0.01008	0.05193	0.01232	0.00886	0.01465	0.01089	0.01593	0.00872	0.01022	0.00735	0.00429	0.00390	0.00105	0.00495	0.00318	0.00276	0.43242
1	0.01278	0.25108	0.47116	0.01321	0.01966	0.01443	0.04972	0.01723	0.01143	0.07889	0.00987	0.01110	0.00731	0.00498	0.00464	0.00152	0.00697	0.00382	0.00262	0.00759
2	0.00756	0.00535	0.00692	0.00669	0.00783	0.00499	0.00498	0.00985	0.01412	0.02004	0.64519	0.08543	0.04558	0.04459	0.00706	0.00185	0.00272	0.03511	0.03929	0.00487
3	0.01298	0.12490	0.13121	0.14356	0.18315	0.02867	0.09629	0.07532	0.03285	0.04171	0.01175	0.01630	0.00974	0.00583	0.00523	0.00165	0.00664	0.06187	0.00306	0.00729
4	0.04100	0.05324	0.08547	0.08124	0.01800	0.01182	0.08251	0.10851	0.03346	0.33013	0.01448	0.01472	0.00996	0.00621	0.00640	0.00170	0.08382	0.00491	0.00452	0.00790
5	0.01167	0.01451	0.18635	0.01366	0.01616	0.01360	0.05743	0.04673	0.01030	0.04054	0.03827	0.01379	0.00943	0.01061	0.08263	0.00262	0.41761	0.00487	0.00277	0.00643
6	0.00677	0.00491	0.00643	0.00736	0.00799	0.00458	0.00522	0.00807	0.01107	0.01473	0.12181	0.58006	0.09481	0.01541	0.00670	0.00209	0.00315	0.08937	0.00501	0.00445
7	0.04861	0.14547	0.09669	0.05117	0.10872	0.01367	0.10729	0.09984	0.10048	0.06390	0.04674	0.01558	0.03774	0.00602	0.00551	0.00162	0.03489	0.00506	0.00359	0.00740

[dist]
# distance from previous block
# <min> <max>
0	7

[block]
# block no. 5 follows, 46 sequences, length 25
# corresponding to MSA columns:
# 1212-1236
name=unknown_F
#
# <colnr> <probs for GDERKNQSTAVLIFYWHMCP>
#	G	D	E	R	K	N	Q	S	T	A	V	L	I	F	Y	W	H	M	C	P
0	0.07154	0.00882	0.03514	0.02770	0.02499	0.00786	0.02115	0.06699	0.05208	0.01766	0.03713	0.24287	0.04605	0.00932	0.00576	0.02847	0.00414	0.02865	0.00401	0.25965
1	0.19608	0.14622	0.09462	0.03413	0.12375	0.07027	0.14797	0.06795	0.02611	0.01856	0.00930	0.01121	0.00734	0.00492	0.00462	0.00154	0.00647	0.00411	0.00292	0.02191
2	0.01106	0.00937	0.04238	0.32384	0.06460	0.00903	0.01038	0.01404	0.01157	0.07185	0.08017	0.01728	0.03417	0.00582	0.00493	0.00146	0.00519	0.00499	0.07811	0.19978
3	0.01323	0.05276	0.05806	0.12931	0.27110	0.04301	0.04063	0.04915	0.18094	0.03605	0.01251	0.01425	0.00975	0.00557	0.00547	0.00162	0.02788	0.00481	0.00337	0.04051
4	0.01833	0.04733	0.01650	0.01253	0.01633	0.10554	0.05336	0.47957	0.08547	0.04500	0.01266	0.01307	0.00932	0.00625	0.00566	0.00159	0.03740	0.00473	0.02117	0.00820
5	0.00961	0.00583	0.00741	0.00685	0.00837	0.00548	0.00515	0.01157	0.01284	0.11647	0.36819	0.03411	0.12791	0.09622	0.10195	0.00282	0.00444	0.00825	0.06134	0.00522
6	0.00678	0.00518	0.00622	0.00637	0.00757	0.00463	0.00462	0.00847	0.01270	0.01679	0.33117	0.23813	0.30588	0.01318	0.00637	0.00183	0.00270	0.01151	0.00527	0.00463
7	0.00644	0.00474	0.00604	0.00702	0.00759	0.00434	0.00477	0.00748	0.01058	0.01386	0.05650	0.66721	0.15229	0.01588	0.00665	0.00207	0.00299	0.01425	0.00494	0.00434
8	0.00901	0.00508	0.00554	0.00554	0.00648	0.00506	0.00394	0.01088	0.01063	0.01731	0.09156	0.02643	0.01895	0.19754	0.03111	0.00243	0.00349	0.02964	0.51485	0.00452
9	0.85155	0.01022	0.00777	0.00695	0.01022	0.01186	0.00573	0.01554	0.00900	0.02372	0.00736	0.00859	0.00573	0.00491	0.00327	0.00164	0.00409	0.00286	0.00327	0.00573
10	0.00638	0.00527	0.00562	0.00588	0.00740	0.00451	0.00436	0.00770	0.01174	0.01422	0.04847	0.17357	0.62562	0.01395	0.00638	0.00187	0.00284	0.04485	0.00491	0.00445
11	0.01060	0.02735	0.78682	0.01507	0.02288	0.01228	0.01953	0.01674	0.01116	0.01674	0.00949	0.01116	0.00670	0.00502	0.00502	0.00167	0.00781	0.00391	0.00223	0.00781
12	0.12940	0.01048	0.01198	0.00978	0.01345	0.01083	0.00792	0.10581	0.23682	0.37903	0.01838	0.01668	0.01256	0.00649	0.00506	0.00168	0.00450	0.00513	0.00563	0.00838
13	0.01157	0.01157	0.01619	0.01388	0.01388	0.01619	0.01157	0.01272	0.00810	0.01272	0.00694	0.01157	0.00694	0.00925	0.01735	0.00231	0.80453	0.00463	0.00231	0.00578
14	0.00748	0.00540	0.00707	0.00665	0.00790	0.00499	0.00499	0.00998	0.01496	0.02120	0.77844	0.03949	0.04988	0.01081	0.00624	0.00166	0.00249	0.00956	0.00582	0.00499
15	0.00985	0.00493	0.00493	0.00493	0.00616	0.00493	0.00370	0.01232	0.01109	0.01971	0.01725	0.01971	0.01355	0.00616	0.00370	0.00123	0.00246	0.00493	0.84356	0.00493
16	0.00740	0.00534	0.00699	0.00671	0.00788	0.00493	0.00498	0.00977	0.01459	0.02060	0.71990	0.09975	0.04872	0.01126	0.00628	0.00170	0.00254	0.00999	0.00575	0.00493
17	0.00873	0.00800	0.01441	0.01231	0.01437	0.00766	0.24229	0.01142	0.04135	0.01497	0.02243	0.46685	0.02474	0.01320	0.03680	0.00228	0.00545	0.04321	0.00415	0.00539
18	0.01248	0.01426	0.03119	0.02228	0.02763	0.01337	0.76203	0.01693	0.01248	0.01693	0.01070	0.01426	0.00802	0.00446	0.00624	0.00178	0.00891	0.00624	0.00267	0.00713
19	0.01355	0.01156	0.01218	0.01084	0.01390	0.01334	0.00847	0.07074	0.72838	0.02276	0.02101	0.01932	0.01572	0.00712	0.00537	0.00178	0.00428	0.00591	0.00537	0.00840
20	0.03177	0.00677	0.00767	0.00678	0.00898	0.00666	0.00531	0.01742	0.08991	0.21856	0.04100	0.01961	0.01460	0.00647	0.00435	0.00142	0.00320	0.00523	0.49794	0.00635
21	0.00678	0.00486	0.00657	0.00774	0.00821	0.00465	0.00549	0.00796	0.01033	0.01377	0.02830	0.67022	0.03335	0.01733	0.04223	0.00247	0.00382	0.11671	0.00481	0.00439
22	0.01386	0.74019	0.07185	0.00991	0.01466	0.02012	0.03908	0.01593	0.01083	0.01286	0.00760	0.00886	0.00683	0.00455	0.00360	0.00119	0.00591	0.00302	0.00228	0.00686
23	0.00644	0.00460	0.00613	0.00736	0.00767	0.00429	0.00491	0.00736	0.01012	0.01350	0.02914	0.81076	0.03497	0.01656	0.00675	0.00215	0.00307	0.01503	0.00491	0.00429
24	0.00654	0.00475	0.00619	0.00727	0.00777	0.00440	0.00499	0.00760	0.01050	0.01386	0.04988	0.69402	0.09874	0.01606	0.00672	0.00212	0.00310	0.04622	0.00493	0.00435

[dist]
# distance from previous block
# <min> <max>
0	1

[block]
# block no. 6 follows, 46 sequences, length 24
# corresponding to MSA columns:
# 1238-1261
name=unknown_G
#
# <colnr> <probs for GDERKNQSTAVLIFYWHMCP>
#	G	D	E	R	K	N	Q	S	T	A	V	L	I	F	Y	W	H	M	C	P
0	0.01183	0.20928	0.57793	0.01355	0.02045	0.01445	0.01670	0.04903	0.01166	0.01647	0.00913	0.01061	0.00682	0.00496	0.00466	0.00154	0.00723	0.00369	0.00237	0.00763
1	0.03550	0.07752	0.05249	0.04741	0.20979	0.05298	0.18688	0.04485	0.01253	0.09008	0.01360	0.12715	0.01217	0.00665	0.00546	0.00168	0.00640	0.00630	0.00340	0.00715
2	0.80404	0.01119	0.05179	0.00741	0.01094	0.01188	0.00651	0.01561	0.00912	0.02332	0.00748	0.00873	0.00578	0.00491	0.00337	0.00164	0.00430	0.00292	0.00321	0.00584
3	0.00924	0.00747	0.00999	0.01083	0.08709	0.03685	0.00736	0.01091	0.00955	0.03028	0.03569	0.04502	0.04678	0.13284	0.40096	0.00556	0.07115	0.00625	0.03106	0.00510
4	0.01421	0.42097	0.19512	0.01116	0.01588	0.07507	0.01152	0.06046	0.01216	0.05214	0.03216	0.01099	0.00851	0.00538	0.00499	0.00141	0.05431	0.00366	0.00278	0.00709
5	0.00748	0.00540	0.00707	0.00665	0.00790	0.00499	0.00499	0.00998	0.01496	0.02120	0.77844	0.03949	0.04988	0.01081	0.00624	0.00166	0.00249	0.00956	0.00582	0.00499
6	0.01135	0.01126	0.01579	0.01360	0.01365	0.01569	0.01130	0.01255	0.00812	0.01270	0.00732	0.01205	0.00727	0.01085	0.05822	0.00264	0.76290	0.00468	0.00234	0.00573
7	0.00694	0.00530	0.00638	0.00629	0.00761	0.00473	0.00465	0.00886	0.01342	0.01796	0.44571	0.13160	0.29666	0.01235	0.00630	0.00176	0.00262	0.01073	0.00540	0.00473
8	0.00852	0.00594	0.00710	0.00643	0.00829	0.00523	0.00488	0.01073	0.01322	0.04089	0.39439	0.05516	0.16484	0.00968	0.00554	0.00151	0.00279	0.00832	0.12817	0.11837
9	0.01457	0.00812	0.00995	0.00838	0.01096	0.00794	0.00663	0.12883	0.05876	0.24355	0.31184	0.05069	0.02757	0.00848	0.00557	0.00163	0.00368	0.00718	0.07876	0.00691
10	0.01413	0.81739	0.02770	0.00905	0.01357	0.02092	0.00905	0.01583	0.01074	0.01244	0.00735	0.00848	0.00678	0.00452	0.00339	0.00113	0.00565	0.00283	0.00226	0.00678
11	0.24740	0.00953	0.01118	0.00884	0.01271	0.00918	0.00730	0.04904	0.01382	0.55258	0.01692	0.01526	0.01095	0.00609	0.00476	0.00163	0.00443	0.00463	0.00561	0.00811
12	0.00769	0.00566	0.00723	0.00679	0.00813	0.00533	0.00511	0.01069	0.04781	0.02104	0.72416	0.03896	0.06989	0.01073	0.00620	0.00167	0.00257	0.00945	0.00577	0.00512
13	0.02010	0.01481	0.01587	0.01216	0.01639	0.01639	0.01005	0.76360	0.02486	0.03332	0.01269	0.01269	0.00899	0.00635	0.00529	0.00159	0.00582	0.00476	0.00529	0.00899
14	0.02010	0.01481	0.01587	0.01216	0.01639	0.01639	0.01005	0.76360	0.02486	0.03332	0.01269	0.01269	0.00899	0.00635	0.00529	0.00159	0.00582	0.00476	0.00529	0.00899
15	0.01513	0.01361	0.02254	0.07833	0.02278	0.01400	0.36357	0.31265	0.01719	0.02323	0.01198	0.01480	0.00900	0.00555	0.00573	0.00170	0.00724	0.02165	0.03168	0.00765
16	0.01395	0.01233	0.01780	0.19035	0.07325	0.01360	0.14497	0.19427	0.24153	0.02158	0.01405	0.01541	0.01048	0.00591	0.00548	0.00172	0.00619	0.00537	0.00402	0.00774
17	0.01659	0.02876	0.04958	0.01052	0.04219	0.01033	0.00858	0.20246	0.03163	0.21602	0.01366	0.01373	0.00979	0.00543	0.00472	0.00131	0.00479	0.00431	0.03675	0.28884
18	0.00866	0.00591	0.00786	0.00772	0.00854	0.00627	0.00560	0.00989	0.00976	0.06590	0.07967	0.18313	0.06467	0.21124	0.24296	0.00464	0.06050	0.00852	0.00390	0.00465
19	0.01336	0.47684	0.02034	0.00954	0.01279	0.14787	0.00837	0.01520	0.02986	0.01293	0.01199	0.14851	0.01226	0.00881	0.04888	0.00178	0.00631	0.00527	0.00291	0.00616
20	0.00998	0.00940	0.01586	0.80150	0.03641	0.01175	0.01468	0.01351	0.01057	0.01351	0.00940	0.01409	0.00705	0.00529	0.00529	0.00176	0.00705	0.00470	0.00235	0.00587
21	0.01573	0.08778	0.18020	0.01372	0.07675	0.01367	0.03677	0.26829	0.08068	0.09699	0.01319	0.03824	0.01000	0.00603	0.00509	0.00158	0.00594	0.00487	0.00411	0.04038
22	0.00946	0.00669	0.00823	0.00803	0.00978	0.00655	0.00643	0.04131	0.08773	0.06201	0.28307	0.06982	0.16328	0.01169	0.00636	0.00191	0.00358	0.20316	0.00536	0.00555
23	0.07780	0.00972	0.01237	0.00955	0.01360	0.00899	0.00789	0.10614	0.01580	0.65224	0.01907	0.01679	0.01215	0.00641	0.00518	0.00163	0.00462	0.00509	0.00619	0.00878

[dist]
# distance from previous block
# <min> <max>
1	8

[block]
# block no. 7 follows, 46 sequences, length 22
# corresponding to MSA columns:
# 1270-1291
name=unknown_H
#
# <colnr> <probs for GDERKNQSTAVLIFYWHMCP>
#	G	D	E	R	K	N	Q	S	T	A	V	L	I	F	Y	W	H	M	C	P
0	0.02030	0.00934	0.01184	0.00929	0.01293	0.00872	0.00759	0.14732	0.01651	0.52550	0.09795	0.02085	0.05159	0.00725	0.00541	0.00163	0.00438	0.00591	0.02741	0.00828
1	0.01083	0.00637	0.00843	0.00780	0.00891	0.00659	0.00567	0.01196	0.01018	0.15721	0.09255	0.08790	0.02008	0.29034	0.17955	0.01922	0.06000	0.00732	0.00407	0.00503
2	0.00952	0.00563	0.00723	0.00729	0.00866	0.00506	0.00532	0.01098	0.01210	0.14487	0.14727	0.40710	0.16558	0.01338	0.00635	0.00193	0.00319	0.02797	0.00532	0.00524
3	0.01356	0.01173	0.01305	0.01142	0.01403	0.01398	0.00907	0.09726	0.57014	0.02162	0.01820	0.01766	0.01389	0.00744	0.00739	0.00186	0.13922	0.00563	0.00485	0.00799
4	0.01706	0.01202	0.01321	0.01096	0.01452	0.01324	0.00878	0.25336	0.41505	0.15410	0.01870	0.01727	0.01343	0.00681	0.00534	0.00170	0.00474	0.00549	0.00555	0.00866
5	0.01552	0.00912	0.01195	0.14263	0.01624	0.00937	0.00854	0.13874	0.06232	0.26796	0.23439	0.02273	0.02212	0.00756	0.00557	0.00167	0.00455	0.00638	0.00535	0.00728
6	0.01130	0.02247	0.50528	0.01776	0.02465	0.01268	0.29618	0.01681	0.01165	0.01681	0.00994	0.01232	0.00719	0.00481	0.00548	0.00171	0.00822	0.00478	0.00240	0.00756
7	0.01788	0.01399	0.01624	0.14555	0.02007	0.04685	0.04330	0.52442	0.05012	0.05000	0.01245	0.01329	0.00893	0.00609	0.00531	0.00162	0.00621	0.00482	0.00462	0.00824
8	0.01317	0.00764	0.00955	0.00796	0.01072	0.00679	0.00624	0.06772	0.01437	0.22706	0.26732	0.10067	0.08011	0.00890	0.00558	0.00156	0.00358	0.00762	0.00537	0.14807
9	0.01397	0.00711	0.00910	0.00800	0.01052	0.00642	0.00639	0.01652	0.04676	0.32162	0.19026	0.06436	0.18157	0.01010	0.00597	0.00178	0.00366	0.08353	0.00577	0.00658
10	0.00798	0.00506	0.00565	0.00572	0.00595	0.00504	0.00339	0.00845	0.00841	0.01204	0.01752	0.07972	0.01923	0.62909	0.02176	0.00429	0.00455	0.00767	0.14492	0.00356
11	0.06363	0.04289	0.02154	0.01615	0.02011	0.01199	0.39575	0.01772	0.14014	0.03515	0.01578	0.02353	0.01368	0.00697	0.00599	0.00187	0.00681	0.14980	0.00366	0.00684
12	0.00722	0.00856	0.13774	0.00861	0.01034	0.00574	0.00747	0.00913	0.01054	0.01421	0.02772	0.58079	0.08921	0.01427	0.00644	0.00205	0.00392	0.04665	0.00445	0.00493
13	0.01008	0.00710	0.00959	0.14196	0.01442	0.00738	0.00787	0.01373	0.09933	0.09338	0.13949	0.17788	0.09214	0.01105	0.00619	0.00194	0.00424	0.15168	0.00482	0.00573
14	0.48472	0.02457	0.02537	0.09462	0.03848	0.06479	0.09198	0.01613	0.01029	0.04923	0.00860	0.01056	0.00665	0.00522	0.00485	0.00167	0.04926	0.00373	0.00309	0.00618
15	0.08703	0.33027	0.01954	0.01044	0.01458	0.04000	0.00918	0.33352	0.07011	0.02292	0.01063	0.01109	0.00829	0.00554	0.00436	0.00142	0.00560	0.00389	0.00386	0.00772
16	0.16141	0.01094	0.01319	0.01168	0.08056	0.01099	0.00872	0.20421	0.01621	0.40536	0.01563	0.01468	0.01043	0.00606	0.00496	0.00162	0.00491	0.00471	0.00534	0.00839
17	0.06666	0.08587	0.10953	0.05447	0.13700	0.09549	0.01213	0.14823	0.01369	0.07657	0.01009	0.01190	0.00786	0.00604	0.00694	0.00167	0.14096	0.00424	0.00329	0.00737
18	0.01308	0.01402	0.01616	0.01391	0.01461	0.15300	0.02762	0.01482	0.03548	0.01317	0.00774	0.01155	0.00725	0.00841	0.01448	0.00212	0.61964	0.00449	0.00250	0.00596
19	0.04452	0.02604	0.10131	0.01138	0.06118	0.01031	0.00948	0.03354	0.02370	0.03838	0.00952	0.01147	0.00780	0.00523	0.00645	0.00129	0.13953	0.00370	0.00304	0.45213
20	0.15592	0.05915	0.10585	0.02725	0.06909	0.21507	0.08382	0.06503	0.02710	0.01764	0.00938	0.01134	0.00748	0.00558	0.00581	0.00160	0.08035	0.00405	0.04180	0.00668
21	0.14990	0.00598	0.00610	0.00597	0.00652	0.00626	0.00363	0.00901	0.00791	0.01252	0.01509	0.03021	0.01695	0.67783	0.02292	0.00454	0.00495	0.00687	0.00321	0.00363

[dist]
# distance from previous block
# <min> <max>
0	4

[block]
# block no. 8 follows, 46 sequences, length 11
# corresponding to MSA columns:
# 1296-1306
name=unknown_I
#
# <colnr> <probs for GDERKNQSTAVLIFYWHMCP>
#	G	D	E	R	K	N	Q	S	T	A	V	L	I	F	Y	W	H	M	C	P
0	0.01933	0.01336	0.01536	0.01181	0.01584	0.01434	0.03892	0.58536	0.02241	0.12705	0.06994	0.01540	0.01248	0.00662	0.00540	0.00161	0.00553	0.00524	0.00538	0.00862
1	0.05404	0.01365	0.01655	0.01967	0.33718	0.10711	0.01158	0.16664	0.01451	0.02005	0.01027	0.01265	0.00842	0.03008	0.00553	0.00152	0.00602	0.00429	0.00331	0.15691
2	0.00889	0.00560	0.00766	0.06103	0.01039	0.00543	0.00608	0.01018	0.01068	0.09798	0.02566	0.52537	0.02881	0.08683	0.00838	0.00236	0.00386	0.08518	0.00476	0.00487
3	0.00731	0.00584	0.00661	0.00644	0.00802	0.00539	0.00481	0.01022	0.07800	0.01749	0.32036	0.09501	0.39102	0.01210	0.00620	0.00176	0.00276	0.01038	0.00529	0.00498
4	0.01161	0.01068	0.01727	0.12239	0.49319	0.01090	0.01328	0.04017	0.01266	0.01757	0.10998	0.01999	0.08476	0.00640	0.00546	0.00163	0.00555	0.00591	0.00329	0.00730
5	0.01407	0.09989	0.34338	0.01513	0.07388	0.03078	0.09523	0.05438	0.07855	0.12599	0.01220	0.01311	0.00880	0.00536	0.00508	0.00162	0.00677	0.00451	0.00335	0.00791
6	0.01286	0.01361	0.01648	0.06208	0.08790	0.13377	0.01198	0.01437	0.00966	0.01323	0.00756	0.01155	0.00706	0.00801	0.01358	0.00207	0.56129	0.00445	0.00241	0.00609
7	0.08671	0.01217	0.04818	0.02928	0.01391	0.12390	0.00864	0.07063	0.09156	0.25228	0.01828	0.11174	0.01551	0.00821	0.00543	0.00176	0.00535	0.08448	0.00483	0.00712
8	0.04092	0.07104	0.06305	0.01510	0.19021	0.01012	0.04168	0.02817	0.04246	0.23818	0.03482	0.10946	0.01398	0.00792	0.00643	0.06374	0.00517	0.00609	0.00420	0.00726
9	0.04371	0.05172	0.08149	0.06836	0.04894	0.00901	0.00888	0.01552	0.03185	0.17344	0.13792	0.10434	0.03387	0.00802	0.00588	0.00165	0.04275	0.02431	0.02260	0.08574
10	0.07354	0.02882	0.11820	0.07051	0.08045	0.05082	0.04578	0.08051	0.01290	0.11612	0.01193	0.02900	0.00915	0.00537	0.00471	0.00142	0.00556	0.00440	0.05998	0.19083

[dist]
# distance from previous block
# <min> <max>
3	201

# created by:
# /home/berkeley/.conda/envs/busco_data_prod/bin/msa2prfl.pl pipeline/OGs_align_augustus/33634/26214.fs
