[name]
unknown

[dist]
# distance from previous block
# <min> <max>
0	1173

[block]
# block no. 0 follows, 44 sequences, length 27
# corresponding to MSA columns:
# 1174-1200
name=unknown_A
#
# <colnr> <probs for GDERKNQSTAVLIFYWHMCP>
#	G	D	E	R	K	N	Q	S	T	A	V	L	I	F	Y	W	H	M	C	P
0	0.01067	0.08065	0.01141	0.01032	0.05944	0.08054	0.00756	0.07981	0.01309	0.01627	0.02812	0.17443	0.21589	0.01443	0.08362	0.00254	0.00574	0.09549	0.00428	0.00571
1	0.01463	0.01149	0.01221	0.01048	0.01338	0.10925	0.03956	0.08189	0.15455	0.13697	0.01892	0.19085	0.01725	0.04691	0.00666	0.00186	0.00518	0.00739	0.00474	0.11583
2	0.06638	0.08900	0.19118	0.01299	0.08427	0.02784	0.01134	0.08355	0.08028	0.15792	0.01610	0.05147	0.04102	0.05522	0.00653	0.00189	0.00578	0.00549	0.00409	0.00764
3	0.06412	0.07163	0.01374	0.15678	0.01736	0.01169	0.02050	0.14931	0.07163	0.10027	0.03790	0.11894	0.09249	0.00849	0.00605	0.00179	0.03906	0.00694	0.00442	0.00688
4	0.00653	0.00517	0.00588	0.00645	0.00761	0.00452	0.00455	0.00772	0.01154	0.01436	0.04395	0.38958	0.44236	0.01527	0.00667	0.00201	0.00294	0.01329	0.00506	0.00452
5	0.01083	0.00856	0.00955	0.00886	0.01109	0.00896	0.00692	0.12309	0.21071	0.02089	0.14799	0.11501	0.20339	0.01112	0.00622	0.00190	0.00387	0.07924	0.00539	0.00644
6	0.44381	0.18987	0.11476	0.00970	0.03514	0.01404	0.00896	0.01675	0.04043	0.03531	0.04153	0.01132	0.00888	0.00537	0.00396	0.00158	0.00509	0.00361	0.00325	0.00665
7	0.31707	0.01656	0.24010	0.04391	0.06338	0.03599	0.04647	0.04080	0.01173	0.09029	0.01021	0.01157	0.00745	0.00526	0.00459	0.00166	0.00611	0.00395	0.00330	0.03961
8	0.01219	0.01110	0.05083	0.41338	0.14487	0.01165	0.06361	0.01594	0.03499	0.08360	0.01278	0.05391	0.01046	0.00642	0.00599	0.00183	0.02952	0.02688	0.00317	0.00689
9	0.01998	0.02429	0.01533	0.01375	0.01670	0.68044	0.01041	0.07876	0.06161	0.01553	0.00962	0.01072	0.00778	0.00580	0.00500	0.00145	0.00920	0.00378	0.00318	0.00669
10	0.01348	0.07417	0.28058	0.01211	0.04617	0.01083	0.01215	0.03963	0.02546	0.11996	0.03345	0.01331	0.00977	0.00521	0.00478	0.00137	0.00576	0.00414	0.00348	0.28418
11	0.01126	0.01021	0.01635	0.72284	0.03564	0.01256	0.01470	0.08264	0.01226	0.01582	0.01000	0.01440	0.00745	0.00555	0.00545	0.00180	0.00715	0.00485	0.00270	0.00635
12	0.70666	0.05052	0.00992	0.00807	0.01148	0.08969	0.00663	0.03302	0.01034	0.02302	0.00780	0.00904	0.00614	0.00513	0.00358	0.00163	0.00489	0.00305	0.00331	0.00607
13	0.00644	0.00552	0.00552	0.00552	0.00736	0.00460	0.00414	0.00782	0.01243	0.01473	0.05523	0.05247	0.77218	0.01381	0.00644	0.00184	0.00276	0.01151	0.00506	0.00460
14	0.01130	0.00969	0.01130	0.00807	0.01292	0.00727	0.00646	0.01373	0.01130	0.01776	0.00969	0.01130	0.00807	0.00404	0.00404	0.00081	0.00404	0.00323	0.00323	0.84173
15	0.01547	0.01296	0.06784	0.03778	0.12274	0.02993	0.05202	0.20405	0.09466	0.10698	0.03129	0.01922	0.01293	0.03375	0.02669	0.00204	0.03061	0.04970	0.04150	0.00782
16	0.01602	0.00773	0.01021	0.00854	0.01130	0.00702	0.00683	0.05048	0.01585	0.36975	0.36486	0.03013	0.03138	0.00907	0.00599	0.00173	0.00377	0.03584	0.00628	0.00722
17	0.01125	0.00872	0.01240	0.01516	0.22923	0.00860	0.00904	0.01543	0.10889	0.07829	0.30720	0.05803	0.09724	0.00899	0.00597	0.00173	0.00411	0.00798	0.00493	0.00683
18	0.00793	0.00529	0.00595	0.00595	0.00595	0.00529	0.00330	0.00793	0.00793	0.01057	0.01718	0.03568	0.01982	0.80840	0.02775	0.00529	0.00529	0.00793	0.00330	0.00330
19	0.00691	0.00551	0.00619	0.00608	0.00767	0.00479	0.00454	0.00871	0.01345	0.01730	0.31542	0.07425	0.48399	0.01295	0.00646	0.00181	0.00271	0.01104	0.00540	0.00479
20	0.01355	0.34907	0.39508	0.01258	0.01887	0.01641	0.01463	0.06200	0.01235	0.04577	0.00953	0.01074	0.00734	0.00511	0.00452	0.00149	0.00688	0.00368	0.00268	0.00774
21	0.01680	0.53394	0.02420	0.01042	0.01494	0.03841	0.00964	0.23962	0.01567	0.03718	0.00958	0.01031	0.00783	0.00530	0.00417	0.00133	0.00595	0.00359	0.00339	0.00772
22	0.00792	0.00568	0.00700	0.00660	0.00813	0.00509	0.00498	0.01017	0.01466	0.04385	0.56322	0.04305	0.23606	0.01169	0.00640	0.00175	0.00269	0.01015	0.00578	0.00513
23	0.06730	0.23269	0.19977	0.01129	0.01623	0.01364	0.05035	0.04669	0.04881	0.10495	0.09543	0.01527	0.01325	0.00593	0.00480	0.00152	0.00576	0.00468	0.00366	0.05798
24	0.06500	0.06734	0.08037	0.01309	0.07359	0.01161	0.07499	0.12761	0.05216	0.23638	0.10786	0.03617	0.01593	0.00682	0.00542	0.00168	0.00542	0.00579	0.00483	0.00795
25	0.00819	0.00568	0.00640	0.00633	0.00660	0.00579	0.00376	0.00918	0.05091	0.01148	0.01860	0.03482	0.04381	0.70842	0.05438	0.00511	0.00550	0.00787	0.00347	0.00371
26	0.01172	0.00710	0.00915	0.00894	0.01071	0.00689	0.00704	0.09086	0.01410	0.14274	0.12236	0.29181	0.04495	0.01294	0.00662	0.00207	0.00409	0.19444	0.00549	0.00598

[dist]
# distance from previous block
# <min> <max>
3	20

[block]
# block no. 1 follows, 44 sequences, length 52
# corresponding to MSA columns:
# 1221-1272
name=unknown_B
#
# <colnr> <probs for GDERKNQSTAVLIFYWHMCP>
#	G	D	E	R	K	N	Q	S	T	A	V	L	I	F	Y	W	H	M	C	P
0	0.01584	0.04343	0.12201	0.01178	0.01642	0.04400	0.01062	0.30301	0.18434	0.02484	0.01366	0.01388	0.01020	0.00599	0.00509	0.00152	0.00570	0.00464	0.00442	0.15863
1	0.01239	0.00700	0.00874	0.00778	0.01001	0.00643	0.00600	0.03220	0.05295	0.21990	0.30812	0.11019	0.17466	0.01077	0.00617	0.00179	0.00338	0.00926	0.00589	0.00634
2	0.01127	0.06033	0.64614	0.01683	0.09622	0.01286	0.01894	0.01696	0.01162	0.01709	0.01040	0.01332	0.00793	0.00547	0.00521	0.00172	0.00770	0.02960	0.00244	0.00796
3	0.10621	0.01080	0.01074	0.00993	0.03551	0.08524	0.00730	0.04553	0.17173	0.01921	0.07042	0.16433	0.01821	0.02676	0.00573	0.00168	0.00460	0.00684	0.00431	0.19491
4	0.00891	0.00568	0.00732	0.00762	0.00887	0.00511	0.00550	0.01033	0.01186	0.09621	0.10391	0.48526	0.12512	0.01435	0.00659	0.00202	0.00333	0.04627	0.00525	0.04050
5	0.00706	0.00556	0.00643	0.00661	0.00811	0.00493	0.00507	0.00882	0.01294	0.01648	0.21121	0.11883	0.44480	0.01367	0.00663	0.00193	0.00305	0.10783	0.00527	0.00476
6	0.69984	0.01291	0.08501	0.00898	0.01291	0.03355	0.04570	0.01638	0.00985	0.02309	0.00800	0.00944	0.00615	0.00506	0.00375	0.00169	0.00500	0.00325	0.00322	0.00620
7	0.02446	0.00928	0.01265	0.00970	0.01392	0.00801	0.00801	0.02657	0.01560	0.77817	0.02151	0.01856	0.01350	0.00675	0.00548	0.00169	0.00464	0.00548	0.00675	0.00928
8	0.00739	0.00516	0.00657	0.00723	0.00755	0.00511	0.00479	0.00817	0.00945	0.01266	0.02353	0.38418	0.02734	0.32502	0.08930	0.00404	0.00519	0.05907	0.00418	0.00407
9	0.01646	0.09503	0.02218	0.01592	0.02018	0.19337	0.26198	0.17100	0.11242	0.02020	0.01195	0.01339	0.00914	0.00560	0.00548	0.00163	0.00773	0.00507	0.00364	0.00764
10	0.09409	0.14185	0.29630	0.01605	0.02201	0.01442	0.26508	0.01766	0.05018	0.01764	0.01029	0.01236	0.00778	0.00500	0.00519	0.00168	0.00753	0.00467	0.00273	0.00747
11	0.00702	0.00508	0.00673	0.00790	0.00850	0.00478	0.00569	0.00829	0.01096	0.01441	0.03154	0.61653	0.08521	0.01648	0.00703	0.00224	0.00348	0.14851	0.00505	0.00455
12	0.00880	0.00714	0.00994	0.00938	0.00988	0.00877	0.00715	0.01009	0.00846	0.01225	0.01348	0.02269	0.01363	0.22265	0.41853	0.00640	0.19703	0.00610	0.00289	0.00474
13	0.14030	0.01539	0.01635	0.04001	0.01764	0.09111	0.07102	0.48977	0.02069	0.02876	0.01154	0.01234	0.00841	0.00604	0.00518	0.00164	0.00642	0.00461	0.00456	0.00822
14	0.01324	0.01445	0.09631	0.03171	0.70093	0.01292	0.01707	0.01678	0.01233	0.01776	0.01021	0.01330	0.00847	0.00489	0.00538	0.00163	0.00663	0.00478	0.00266	0.00858
15	0.00778	0.00550	0.00747	0.00765	0.00828	0.00597	0.00546	0.00908	0.00891	0.01264	0.01768	0.13814	0.01856	0.24444	0.42999	0.00651	0.00983	0.00776	0.04396	0.00439
16	0.01349	0.01295	0.02213	0.03346	0.77440	0.01295	0.01673	0.01673	0.01241	0.01781	0.01025	0.01349	0.00864	0.00486	0.00540	0.00162	0.00648	0.00486	0.00270	0.00864
17	0.05069	0.00777	0.00975	0.00868	0.01060	0.00779	0.04027	0.04339	0.09060	0.14461	0.02223	0.08111	0.08026	0.28114	0.04377	0.00331	0.00523	0.05847	0.00455	0.00577
18	0.00811	0.00593	0.00837	0.04501	0.01109	0.00611	0.00749	0.01012	0.01130	0.01506	0.05975	0.22059	0.02884	0.05379	0.13642	0.00352	0.00617	0.35293	0.00453	0.00484
19	0.01093	0.02820	0.78016	0.01554	0.02360	0.01266	0.02014	0.01727	0.01151	0.01727	0.00978	0.01151	0.00691	0.00518	0.00518	0.00173	0.00806	0.00403	0.00230	0.00806
20	0.10008	0.01235	0.01256	0.01069	0.01400	0.05058	0.00850	0.21231	0.32245	0.08032	0.04392	0.01842	0.03770	0.00867	0.04121	0.00206	0.00540	0.00562	0.00514	0.00804
21	0.01892	0.01769	0.01538	0.08942	0.01827	0.30239	0.01062	0.24456	0.07284	0.09470	0.01218	0.01302	0.00907	0.00634	0.00594	0.00163	0.05074	0.00452	0.00413	0.00763
22	0.00827	0.00614	0.00825	0.00989	0.07126	0.00602	0.00631	0.04313	0.01106	0.01483	0.02532	0.50197	0.02935	0.15125	0.01038	0.00269	0.00410	0.08032	0.00458	0.00486
23	0.05463	0.04612	0.06101	0.01314	0.01702	0.01208	0.17707	0.09308	0.19696	0.10234	0.09056	0.05983	0.01699	0.00732	0.00573	0.00179	0.00568	0.02643	0.00461	0.00759
24	0.01423	0.01488	0.02110	0.18767	0.29107	0.14399	0.15310	0.05527	0.03396	0.01715	0.01044	0.01349	0.00826	0.00522	0.00553	0.00167	0.00764	0.00496	0.00289	0.00749
25	0.01549	0.01382	0.01548	0.05299	0.19475	0.13058	0.01128	0.15805	0.15773	0.05323	0.05204	0.02044	0.01447	0.00718	0.00563	0.00174	0.00612	0.07689	0.00432	0.00778
26	0.01225	0.01120	0.01929	0.42454	0.27438	0.01249	0.07236	0.01567	0.01167	0.05078	0.01044	0.01430	0.00807	0.00539	0.00594	0.00177	0.03458	0.00500	0.00274	0.00714
27	0.01341	0.05202	0.13073	0.01632	0.05488	0.07725	0.27623	0.03046	0.01302	0.09044	0.01706	0.09030	0.06397	0.00728	0.00593	0.00179	0.00712	0.04114	0.00358	0.00707
28	0.01573	0.01387	0.01387	0.08758	0.01675	0.13278	0.00967	0.28758	0.13917	0.02378	0.11786	0.05425	0.01685	0.00767	0.00607	0.00172	0.03657	0.00605	0.00470	0.00748
29	0.00812	0.00615	0.00810	0.00845	0.00909	0.00660	0.00638	0.00941	0.01009	0.01353	0.02437	0.20655	0.08087	0.20603	0.11399	0.00385	0.08339	0.18642	0.00410	0.00453
30	0.01326	0.03317	0.02392	0.03006	0.58276	0.01314	0.16497	0.01671	0.01248	0.01757	0.01089	0.01502	0.00918	0.00510	0.00562	0.00168	0.00696	0.02651	0.00277	0.00823
31	0.01399	0.04556	0.05054	0.16152	0.01976	0.04148	0.08126	0.12056	0.08809	0.10895	0.03898	0.09243	0.02577	0.00810	0.00582	0.00184	0.00596	0.07795	0.00433	0.00711
32	0.01318	0.01263	0.02156	0.10801	0.70229	0.01287	0.01658	0.01646	0.01227	0.01743	0.01020	0.01360	0.00850	0.00492	0.00540	0.00164	0.00655	0.00486	0.00267	0.00838
33	0.00718	0.00614	0.00739	0.00700	0.00884	0.00544	0.04288	0.00931	0.04162	0.01567	0.10812	0.14074	0.55351	0.01327	0.00647	0.00188	0.00318	0.01139	0.00504	0.00492
34	0.01130	0.00969	0.01130	0.00807	0.01292	0.00727	0.00646	0.01373	0.01130	0.01776	0.00969	0.01130	0.00807	0.00404	0.00404	0.00081	0.00404	0.00323	0.00323	0.84173
35	0.01200	0.25824	0.55948	0.01372	0.02078	0.01528	0.01697	0.01699	0.01138	0.01596	0.00914	0.01070	0.00693	0.00503	0.00469	0.00156	0.00740	0.00370	0.00231	0.00775
36	0.00894	0.00758	0.00800	0.00773	0.00984	0.00767	0.00588	0.01507	0.26683	0.01744	0.04109	0.10561	0.43087	0.01195	0.00622	0.00190	0.00339	0.03280	0.00523	0.00596
37	0.01165	0.02431	0.57928	0.03871	0.06891	0.01294	0.11309	0.03764	0.03015	0.01783	0.01036	0.01237	0.00749	0.00518	0.00538	0.00174	0.00794	0.00448	0.00255	0.00799
38	0.01268	0.01392	0.09541	0.16024	0.52261	0.01283	0.04532	0.01672	0.03567	0.01724	0.01052	0.01374	0.00847	0.00506	0.00543	0.00168	0.00680	0.00488	0.00270	0.00809
39	0.01605	0.28354	0.01903	0.01093	0.01493	0.01727	0.00938	0.24244	0.28827	0.02289	0.01452	0.01424	0.01117	0.00622	0.00483	0.00155	0.00533	0.00469	0.00443	0.00827
40	0.00662	0.00482	0.00625	0.00739	0.00785	0.00445	0.00497	0.00761	0.01063	0.01400	0.03251	0.73122	0.10809	0.01676	0.00691	0.00218	0.00312	0.01511	0.00506	0.00445
41	0.03703	0.10242	0.19052	0.01291	0.01809	0.03560	0.08679	0.13887	0.04977	0.25297	0.01427	0.01424	0.00988	0.00588	0.00523	0.00165	0.00635	0.00480	0.00441	0.00837
42	0.00853	0.00565	0.00751	0.00822	0.00924	0.00534	0.00621	0.01035	0.02255	0.06434	0.11324	0.43646	0.06719	0.01496	0.00691	0.00218	0.00366	0.19714	0.00527	0.00503
43	0.00737	0.00539	0.00693	0.00691	0.00803	0.00494	0.00504	0.00949	0.01408	0.01952	0.54822	0.20914	0.10929	0.01267	0.00655	0.00183	0.00272	0.01123	0.00572	0.00494
44	0.01219	0.03532	0.17895	0.21874	0.26065	0.03130	0.03553	0.01675	0.06023	0.01641	0.01044	0.01348	0.00823	0.00564	0.00639	0.00176	0.07307	0.00472	0.00270	0.00751
45	0.01175	0.01088	0.01421	0.05227	0.01401	0.03313	0.01010	0.06971	0.01036	0.01490	0.04727	0.04785	0.01243	0.12450	0.01640	0.00265	0.49292	0.00587	0.00305	0.00575
46	0.00677	0.00486	0.00644	0.00759	0.00803	0.00454	0.00518	0.00786	0.01080	0.01438	0.06332	0.71910	0.05926	0.01664	0.00694	0.00219	0.00320	0.04330	0.00510	0.00449
47	0.01012	0.01085	0.05528	0.01632	0.10715	0.00949	0.27987	0.01325	0.01251	0.01658	0.05546	0.09476	0.20687	0.00926	0.00640	0.00190	0.00604	0.07775	0.00384	0.00630
48	0.05786	0.03225	0.08380	0.01688	0.15423	0.01276	0.11092	0.15023	0.05092	0.22288	0.01406	0.01469	0.00999	0.00596	0.00590	0.00171	0.03707	0.00509	0.00438	0.00842
49	0.01396	0.01285	0.02221	0.06202	0.57001	0.01300	0.10136	0.03506	0.01273	0.05670	0.01084	0.01387	0.00874	0.00517	0.00601	0.00169	0.03742	0.00507	0.00296	0.00832
50	0.01353	0.04370	0.05646	0.24494	0.18319	0.01312	0.17489	0.03836	0.01238	0.09094	0.01109	0.01415	0.00840	0.00556	0.00648	0.00177	0.06544	0.00514	0.00305	0.00741
51	0.03803	0.26494	0.35925	0.01337	0.05322	0.01516	0.01428	0.05234	0.03299	0.09297	0.01073	0.01169	0.00802	0.00528	0.00467	0.00154	0.00665	0.00394	0.00304	0.00789

[dist]
# distance from previous block
# <min> <max>
2	9

[block]
# block no. 2 follows, 44 sequences, length 20
# corresponding to MSA columns:
# 1284-1303
name=unknown_C
#
# <colnr> <probs for GDERKNQSTAVLIFYWHMCP>
#	G	D	E	R	K	N	Q	S	T	A	V	L	I	F	Y	W	H	M	C	P
0	0.03701	0.10173	0.06548	0.01105	0.03341	0.06091	0.00921	0.08701	0.25821	0.07920	0.05659	0.01757	0.03982	0.00657	0.00506	0.00155	0.00512	0.00522	0.00447	0.11478
1	0.04832	0.00562	0.00653	0.00695	0.00805	0.00529	0.00506	0.00888	0.01143	0.01536	0.11412	0.25682	0.25314	0.12577	0.00957	0.00249	0.00356	0.10364	0.00483	0.00455
2	0.04649	0.04693	0.08749	0.04147	0.10674	0.01112	0.08563	0.04399	0.11150	0.01791	0.04254	0.03901	0.13964	0.00982	0.03912	0.00214	0.04364	0.07419	0.00388	0.00674
3	0.01449	0.01150	0.01240	0.01102	0.01418	0.01306	0.00867	0.05983	0.65275	0.07716	0.02198	0.02132	0.01661	0.00758	0.00561	0.00185	0.00444	0.03138	0.00561	0.00858
4	0.01358	0.01469	0.01897	0.15235	0.08461	0.16060	0.12331	0.01654	0.04446	0.01477	0.00934	0.01290	0.00786	0.00687	0.00998	0.00193	0.29309	0.00486	0.00269	0.00660
5	0.00786	0.00557	0.00738	0.00738	0.00787	0.00606	0.00509	0.00885	0.00835	0.01163	0.01587	0.02844	0.01668	0.41867	0.41319	0.00705	0.01002	0.00687	0.00311	0.00410
6	0.01978	0.02034	0.01692	0.01397	0.01762	0.39131	0.06315	0.32463	0.04173	0.02258	0.01094	0.01183	0.00832	0.00598	0.00526	0.00154	0.00804	0.00437	0.00398	0.00768
7	0.00670	0.00485	0.00635	0.00748	0.00795	0.00450	0.00508	0.00775	0.01074	0.01421	0.04921	0.71625	0.08932	0.01666	0.00692	0.00218	0.00316	0.03112	0.00508	0.00447
8	0.02109	0.01029	0.01251	0.00984	0.01363	0.01005	0.00805	0.20191	0.05417	0.45839	0.01900	0.01756	0.01269	0.00668	0.00525	0.00163	0.00467	0.00532	0.11861	0.00868
9	0.01481	0.65470	0.12347	0.01015	0.01521	0.01947	0.01062	0.01717	0.01145	0.06765	0.00885	0.00979	0.00745	0.00488	0.00385	0.00127	0.00603	0.00324	0.00264	0.00729
10	0.05749	0.03815	0.01366	0.01205	0.01491	0.35179	0.00948	0.07362	0.18941	0.04040	0.01541	0.02062	0.01329	0.00753	0.00541	0.00171	0.00701	0.11700	0.00410	0.00695
11	0.00731	0.00547	0.00679	0.00664	0.00794	0.00494	0.00491	0.00944	0.01421	0.01939	0.52932	0.12747	0.21133	0.01240	0.00649	0.00180	0.00268	0.01085	0.00569	0.00494
12	0.00783	0.00566	0.00784	0.00784	0.00849	0.00631	0.00566	0.00914	0.00849	0.01197	0.01545	0.02610	0.01566	0.29317	0.53730	0.00762	0.01154	0.00653	0.00305	0.00435
13	0.19118	0.00941	0.01152	0.00909	0.01303	0.00877	0.00748	0.02386	0.01431	0.59843	0.04487	0.01736	0.01328	0.00656	0.00509	0.00169	0.00448	0.00512	0.00604	0.00845
14	0.01353	0.01410	0.07374	0.19809	0.47436	0.06788	0.01584	0.01690	0.01236	0.04652	0.01041	0.01352	0.00829	0.00514	0.00536	0.00166	0.00693	0.00472	0.00278	0.00788
15	0.02446	0.00928	0.01265	0.00970	0.01392	0.00801	0.00801	0.02657	0.01560	0.77817	0.02151	0.01856	0.01350	0.00675	0.00548	0.00169	0.00464	0.00548	0.00675	0.00928
16	0.01436	0.05203	0.22660	0.04778	0.15173	0.03299	0.06359	0.04838	0.18310	0.10383	0.01405	0.01487	0.01035	0.00581	0.00536	0.00171	0.00647	0.00498	0.00377	0.00825
17	0.00712	0.00538	0.00657	0.00663	0.00787	0.00483	0.00483	0.00900	0.01349	0.01810	0.40536	0.20685	0.25774	0.01318	0.00655	0.00186	0.00275	0.01154	0.00553	0.00483
18	0.01503	0.46778	0.05439	0.01123	0.04276	0.09912	0.00989	0.01933	0.13879	0.04232	0.01091	0.01157	0.00896	0.00530	0.00423	0.00135	0.00599	0.00375	0.00313	0.04416
19	0.03369	0.02469	0.00973	0.00803	0.01079	0.05255	0.00632	0.04893	0.04752	0.09939	0.01681	0.03859	0.04217	0.01055	0.09829	0.00222	0.00533	0.00519	0.24965	0.18955

[dist]
# distance from previous block
# <min> <max>
0	1

[block]
# block no. 3 follows, 44 sequences, length 74
# corresponding to MSA columns:
# 1305-1378
name=unknown_D
#
# <colnr> <probs for GDERKNQSTAVLIFYWHMCP>
#	G	D	E	R	K	N	Q	S	T	A	V	L	I	F	Y	W	H	M	C	P
0	0.01281	0.11058	0.01346	0.00954	0.01223	0.01087	0.03398	0.12878	0.07809	0.08858	0.24507	0.06277	0.10728	0.00915	0.00643	0.00172	0.04941	0.00755	0.00501	0.00671
1	0.61882	0.01310	0.10289	0.01060	0.03763	0.01235	0.08155	0.01660	0.01015	0.04172	0.00862	0.01014	0.00653	0.00507	0.00401	0.00170	0.00524	0.00355	0.00325	0.00647
2	0.01314	0.01210	0.01547	0.09722	0.26208	0.05614	0.01157	0.04666	0.28712	0.01958	0.04278	0.01933	0.05975	0.00674	0.00549	0.00172	0.00549	0.00584	0.02395	0.00782
3	0.00772	0.00557	0.00729	0.00686	0.00814	0.00514	0.00514	0.01029	0.01543	0.02186	0.77152	0.04072	0.05144	0.01115	0.00643	0.00171	0.00257	0.00986	0.00600	0.00514
4	0.01245	0.01058	0.00822	0.00783	0.00947	0.20733	0.00589	0.01465	0.01246	0.01792	0.05747	0.01886	0.01425	0.00953	0.07444	0.00200	0.00551	0.00501	0.50075	0.00539
5	0.00656	0.00508	0.00598	0.00670	0.00767	0.00450	0.00466	0.00769	0.01129	0.01427	0.04090	0.48068	0.35322	0.01567	0.00674	0.00205	0.00299	0.01378	0.00506	0.00450
6	0.00947	0.00473	0.00710	0.00710	0.00710	0.00473	0.00473	0.00710	0.00710	0.00947	0.00947	0.01657	0.00947	0.01894	0.02131	0.84138	0.00473	0.00473	0.00237	0.00237
7	0.00670	0.00479	0.00638	0.00755	0.00792	0.00447	0.00507	0.00774	0.01072	0.01437	0.07189	0.76173	0.03693	0.01675	0.00693	0.00219	0.00313	0.01518	0.00511	0.00447
8	0.84691	0.01054	0.00801	0.00717	0.01054	0.01223	0.00590	0.01603	0.00928	0.02446	0.00759	0.00886	0.00590	0.00506	0.00337	0.00169	0.00422	0.00295	0.00337	0.00590
9	0.02341	0.00905	0.01232	0.00952	0.01356	0.00783	0.00783	0.02555	0.01559	0.73078	0.06850	0.01994	0.01587	0.00702	0.00554	0.00169	0.00451	0.00576	0.00670	0.00902
10	0.01942	0.02238	0.01723	0.01460	0.01786	0.53975	0.08001	0.16067	0.01688	0.01771	0.00951	0.01098	0.00757	0.00584	0.00564	0.00153	0.03806	0.00410	0.00329	0.00696
11	0.00833	0.00626	0.00780	0.00729	0.00880	0.00607	0.00550	0.01231	0.09973	0.02173	0.66330	0.03882	0.07147	0.01081	0.00633	0.00173	0.00277	0.00950	0.00592	0.00552
12	0.00953	0.00635	0.00885	0.00987	0.01123	0.00626	0.00851	0.01192	0.01259	0.05901	0.02853	0.10566	0.03066	0.01472	0.00738	0.00245	0.00488	0.65127	0.00512	0.00522
13	0.00829	0.00550	0.00726	0.00727	0.00839	0.00506	0.00528	0.01029	0.01375	0.06170	0.47776	0.29874	0.04409	0.01291	0.00656	0.00188	0.00289	0.01153	0.00572	0.00513
14	0.01100	0.02773	0.75435	0.01580	0.02376	0.01270	0.04548	0.01727	0.01156	0.01727	0.00983	0.01162	0.00695	0.00516	0.00522	0.00173	0.00810	0.00411	0.00232	0.00803
15	0.00773	0.00576	0.00852	0.00860	0.00950	0.00663	0.00659	0.00955	0.00883	0.01265	0.01556	0.06598	0.01511	0.06694	0.71585	0.00827	0.01363	0.00646	0.00305	0.00479
16	0.07742	0.01246	0.02702	0.01057	0.01452	0.01294	0.00861	0.24293	0.29580	0.02508	0.01592	0.01567	0.02345	0.00629	0.00503	0.00154	0.00480	0.00495	0.00478	0.19021
17	0.00774	0.00567	0.00809	0.00817	0.00892	0.00638	0.00605	0.00927	0.00871	0.01235	0.01605	0.07315	0.01618	0.18177	0.59713	0.00771	0.01216	0.00683	0.00313	0.00455
18	0.02612	0.26191	0.35524	0.01402	0.05263	0.04253	0.05383	0.01815	0.01206	0.10058	0.01043	0.01162	0.00781	0.00517	0.00474	0.00154	0.00700	0.00398	0.00288	0.00777
19	0.01127	0.10133	0.71001	0.01496	0.02270	0.01349	0.01913	0.01718	0.01147	0.01685	0.00958	0.01125	0.00691	0.00513	0.00502	0.00167	0.00785	0.00392	0.00230	0.00796
20	0.02446	0.00928	0.01265	0.00970	0.01392	0.00801	0.00801	0.02657	0.01560	0.77817	0.02151	0.01856	0.01350	0.00675	0.00548	0.00169	0.00464	0.00548	0.00675	0.00928
21	0.00849	0.00795	0.05812	0.01067	0.05443	0.00663	0.06759	0.01033	0.01129	0.04034	0.02974	0.46748	0.15944	0.01352	0.00683	0.00204	0.02304	0.01214	0.00456	0.00536
22	0.06320	0.16344	0.31246	0.01308	0.04263	0.01329	0.03800	0.04835	0.02344	0.21298	0.01262	0.01302	0.00889	0.00554	0.00491	0.00161	0.00641	0.00431	0.00371	0.00811
23	0.00710	0.00516	0.00669	0.00751	0.00814	0.00493	0.00530	0.00832	0.01075	0.01426	0.07221	0.47771	0.10774	0.09473	0.07031	0.00299	0.00437	0.08253	0.00477	0.00447
24	0.00664	0.00474	0.00633	0.00759	0.00791	0.00443	0.00506	0.00759	0.01044	0.01392	0.03005	0.80485	0.03606	0.01708	0.00696	0.00221	0.00316	0.01550	0.00506	0.00443
25	0.01350	0.01982	0.35239	0.03895	0.08506	0.04222	0.10331	0.06780	0.11818	0.06677	0.03072	0.01455	0.01021	0.00575	0.00546	0.00173	0.00710	0.00497	0.00344	0.00807
26	0.07270	0.01481	0.08025	0.05086	0.16711	0.13968	0.03631	0.05106	0.14705	0.03480	0.01496	0.10448	0.01327	0.00737	0.00566	0.00176	0.01895	0.02787	0.00377	0.00727
27	0.01862	0.02040	0.01769	0.04071	0.13905	0.42567	0.05361	0.18328	0.01694	0.01896	0.00994	0.01155	0.00786	0.00564	0.00521	0.00153	0.00833	0.00424	0.00336	0.00739
28	0.00753	0.00779	0.09179	0.00849	0.00992	0.00593	0.00698	0.00944	0.01159	0.01587	0.17172	0.49165	0.07283	0.01416	0.00702	0.00206	0.03103	0.02432	0.00485	0.00504
29	0.04417	0.01191	0.06112	0.06020	0.14824	0.01102	0.08395	0.07275	0.06130	0.26067	0.09121	0.01810	0.01468	0.00654	0.00592	0.00173	0.02807	0.00568	0.00467	0.00806
30	0.01484	0.08266	0.01691	0.05725	0.03840	0.13627	0.09819	0.12105	0.21375	0.03690	0.03678	0.09405	0.01436	0.00730	0.00552	0.00171	0.00620	0.00623	0.00423	0.00741
31	0.02258	0.00959	0.01306	0.01102	0.05649	0.00861	0.00846	0.06617	0.01598	0.64605	0.06739	0.01935	0.01536	0.00691	0.00554	0.00168	0.00469	0.00569	0.00640	0.00898
32	0.01264	0.01441	0.12258	0.07378	0.25368	0.03584	0.07944	0.03058	0.16817	0.01830	0.02612	0.05022	0.01186	0.00644	0.00623	0.00177	0.05102	0.00567	0.02353	0.00772
33	0.01412	0.16038	0.24465	0.03875	0.15430	0.01366	0.08623	0.04859	0.02329	0.11001	0.01225	0.04858	0.00973	0.00580	0.00518	0.00164	0.00669	0.00499	0.00327	0.00789
34	0.01210	0.05980	0.17564	0.23728	0.30824	0.01322	0.08440	0.01611	0.01178	0.01632	0.00993	0.01322	0.00778	0.00505	0.00536	0.00169	0.00723	0.00472	0.00253	0.00760
35	0.00771	0.00714	0.05646	0.02832	0.04163	0.00600	0.02475	0.00932	0.01065	0.01433	0.04796	0.47902	0.07089	0.09782	0.04333	0.00272	0.00460	0.03804	0.00442	0.00489
36	0.06483	0.05097	0.18972	0.01537	0.15303	0.03874	0.03277	0.03866	0.03430	0.19803	0.04819	0.04346	0.05484	0.00669	0.00533	0.00168	0.00588	0.00559	0.00410	0.00780
37	0.01231	0.06004	0.15690	0.01740	0.04457	0.01308	0.35610	0.04257	0.11387	0.01817	0.01693	0.01855	0.09144	0.00614	0.00587	0.00177	0.00727	0.00623	0.00337	0.00743
38	0.00892	0.00681	0.00754	0.00728	0.00905	0.00684	0.00549	0.03366	0.15000	0.01828	0.13700	0.11611	0.28675	0.01310	0.05484	0.00222	0.00386	0.00932	0.11732	0.00561
39	0.01320	0.14436	0.30214	0.01532	0.07160	0.08378	0.08869	0.04405	0.10838	0.01759	0.02985	0.03531	0.01038	0.00586	0.00517	0.00164	0.00706	0.00487	0.00311	0.00765
40	0.01434	0.06416	0.48421	0.01394	0.02044	0.04099	0.01601	0.13584	0.05497	0.08657	0.01184	0.01265	0.00839	0.00564	0.00517	0.00167	0.00718	0.00433	0.00339	0.00827
41	0.01458	0.81168	0.02857	0.00933	0.01399	0.02157	0.00933	0.01632	0.01108	0.01283	0.00758	0.00875	0.00700	0.00466	0.00350	0.00117	0.00583	0.00292	0.00233	0.00700
42	0.00664	0.00474	0.00633	0.00759	0.00791	0.00443	0.00506	0.00759	0.01044	0.01392	0.03005	0.80485	0.03606	0.01708	0.00696	0.00221	0.00316	0.01550	0.00506	0.00443
43	0.16550	0.07549	0.09340	0.06087	0.01760	0.01231	0.09515	0.11512	0.01402	0.23175	0.01332	0.01410	0.00943	0.00770	0.04911	0.00207	0.00643	0.00470	0.00424	0.00770
44	0.00829	0.00622	0.00783	0.00778	0.00794	0.00689	0.00529	0.00884	0.00873	0.01194	0.01870	0.18543	0.02149	0.47118	0.04836	0.00425	0.12142	0.04180	0.00358	0.00405
45	0.00822	0.00627	0.00770	0.00808	0.00916	0.00634	0.00576	0.01231	0.15501	0.01755	0.21000	0.46873	0.03613	0.01379	0.00656	0.00202	0.00324	0.01234	0.00538	0.00540
46	0.01066	0.01006	0.01701	0.70911	0.12091	0.01221	0.01532	0.01425	0.01107	0.01437	0.00975	0.01442	0.00742	0.00538	0.00544	0.00179	0.00718	0.00485	0.00245	0.00635
47	0.06274	0.47077	0.07077	0.01216	0.05790	0.21637	0.01054	0.01779	0.01220	0.01417	0.00809	0.00947	0.00703	0.00497	0.00407	0.00132	0.00694	0.00325	0.00253	0.00692
48	0.01433	0.01546	0.02923	0.02119	0.02638	0.07576	0.62544	0.06157	0.01392	0.04431	0.01130	0.01435	0.00841	0.00487	0.00622	0.00179	0.00890	0.00608	0.00306	0.00745
49	0.01061	0.00782	0.00844	0.00747	0.00992	0.00754	0.00584	0.14127	0.05806	0.06723	0.12204	0.04035	0.46967	0.01144	0.00616	0.00178	0.00351	0.00949	0.00537	0.00600
50	0.00737	0.00623	0.00646	0.00628	0.00821	0.00567	0.00475	0.01045	0.09781	0.01633	0.12087	0.04769	0.61690	0.01282	0.00634	0.00183	0.00292	0.01074	0.00521	0.00511
51	0.01356	0.01171	0.01233	0.01109	0.01418	0.01356	0.00863	0.02897	0.76455	0.02281	0.02219	0.02034	0.01664	0.00740	0.00555	0.00185	0.00431	0.00616	0.00555	0.00863
52	0.01471	0.01004	0.01140	0.00981	0.01280	0.01067	0.00773	0.09885	0.35592	0.16196	0.17492	0.02522	0.06534	0.00831	0.00576	0.00177	0.00411	0.00696	0.00582	0.00788
53	0.01093	0.02820	0.78016	0.01554	0.02360	0.01266	0.02014	0.01727	0.01151	0.01727	0.00978	0.01151	0.00691	0.00518	0.00518	0.00173	0.00806	0.00403	0.00230	0.00806
54	0.00772	0.00557	0.00729	0.00686	0.00814	0.00514	0.00514	0.01029	0.01543	0.02186	0.77152	0.04072	0.05144	0.01115	0.00643	0.00171	0.00257	0.00986	0.00600	0.00514
55	0.01956	0.02354	0.01467	0.01321	0.01600	0.66971	0.00997	0.07175	0.01583	0.01536	0.00951	0.01091	0.00774	0.00574	0.00486	0.00141	0.00897	0.00374	0.07108	0.00642
56	0.00812	0.00610	0.00782	0.00867	0.01007	0.00587	0.00727	0.01053	0.03048	0.01588	0.03603	0.10460	0.23511	0.01466	0.00715	0.00229	0.00427	0.47507	0.00505	0.00495
57	0.02277	0.01096	0.01356	0.01051	0.01469	0.01064	0.00865	0.21076	0.06986	0.53841	0.01943	0.01730	0.01265	0.00674	0.00548	0.00169	0.00496	0.00538	0.00634	0.00923
58	0.01030	0.00969	0.01635	0.79530	0.03755	0.01211	0.01514	0.01393	0.01090	0.01393	0.00969	0.01453	0.00727	0.00545	0.00545	0.00182	0.00727	0.00484	0.00242	0.00606
59	0.00762	0.00602	0.00668	0.00655	0.00820	0.00545	0.00487	0.05517	0.01354	0.01724	0.19047	0.16620	0.46568	0.01334	0.00646	0.00186	0.00299	0.01140	0.00527	0.00497
60	0.00788	0.00547	0.00686	0.00686	0.00718	0.00578	0.00445	0.00852	0.00820	0.01125	0.01634	0.03103	0.01780	0.55843	0.27496	0.00642	0.00832	0.00725	0.00318	0.00381
61	0.02037	0.02598	0.01545	0.01404	0.01685	0.78652	0.01053	0.02177	0.01545	0.01334	0.00843	0.00983	0.00702	0.00562	0.00492	0.00140	0.00983	0.00351	0.00281	0.00632
62	0.01045	0.00875	0.01116	0.01023	0.01058	0.05340	0.00785	0.01066	0.00843	0.01172	0.01046	0.01767	0.01050	0.10975	0.16700	0.24082	0.28824	0.00526	0.00261	0.00445
63	0.01492	0.76674	0.02788	0.00951	0.01416	0.02131	0.00939	0.05808	0.01190	0.01404	0.00789	0.00899	0.00712	0.00477	0.00361	0.00119	0.00584	0.00303	0.00251	0.00712
64	0.00772	0.00557	0.00729	0.00686	0.00814	0.00514	0.00514	0.01029	0.01543	0.02186	0.77152	0.04072	0.05144	0.01115	0.00643	0.00171	0.00257	0.00986	0.00600	0.00514
65	0.01158	0.01106	0.01911	0.37335	0.34422	0.01206	0.06145	0.01496	0.01175	0.01597	0.02925	0.04968	0.01024	0.00580	0.00558	0.00175	0.00676	0.00554	0.00276	0.00713
66	0.01069	0.01232	0.10737	0.52135	0.09920	0.02916	0.04041	0.01441	0.01139	0.01502	0.03373	0.05936	0.01032	0.00617	0.00555	0.00180	0.00704	0.00553	0.00271	0.00646
67	0.01096	0.01036	0.01754	0.63805	0.18964	0.01229	0.01547	0.01451	0.01121	0.01473	0.00981	0.01432	0.00755	0.00533	0.00544	0.00178	0.00710	0.00485	0.00248	0.00659
68	0.01075	0.01024	0.01757	0.68140	0.12073	0.01227	0.04171	0.01437	0.01114	0.01450	0.00980	0.01442	0.00746	0.00535	0.00548	0.00180	0.00725	0.00490	0.00247	0.00639
69	0.01475	0.08391	0.09005	0.09342	0.10554	0.01184	0.21354	0.01807	0.01280	0.19210	0.04079	0.04534	0.01214	0.03369	0.00638	0.00184	0.00665	0.00586	0.00378	0.00752
70	0.04328	0.05659	0.37485	0.05772	0.04241	0.01153	0.03989	0.03831	0.02486	0.15062	0.01415	0.09706	0.01146	0.00675	0.00536	0.00175	0.00653	0.00562	0.00359	0.00768
71	0.04168	0.01447	0.11504	0.07052	0.48992	0.01274	0.04793	0.03827	0.03952	0.06113	0.01125	0.01372	0.00881	0.00517	0.00536	0.00167	0.00657	0.00484	0.00306	0.00832
72	0.09304	0.23960	0.05250	0.01191	0.05024	0.03559	0.06174	0.06607	0.06371	0.21282	0.04048	0.02609	0.01152	0.00600	0.00482	0.00156	0.00561	0.00475	0.00420	0.00776
73	0.08215	0.07746	0.12640	0.03886	0.05599	0.03334	0.07953	0.07226	0.02589	0.14926	0.06150	0.01993	0.03616	0.00682	0.00534	0.00168	0.00585	0.06275	0.00410	0.05471

[dist]
# distance from previous block
# <min> <max>
0	1219

# created by:
# /home/berkeley/.conda/envs/busco_data_prod/bin/msa2prfl.pl pipeline/OGs_align_augustus/33634/26672.fs
