[name]
unknown

[dist]
# distance from previous block
# <min> <max>
0	98

[block]
# block no. 0 follows, 44 sequences, length 28
# corresponding to MSA columns:
# 98-125
name=unknown_A
#
# <colnr> <probs for GDERKNQSTAVLIFYWHMCP>
#	G	D	E	R	K	N	Q	S	T	A	V	L	I	F	Y	W	H	M	C	P
0	0.00879	0.00628	0.00879	0.01004	0.01130	0.00628	0.00879	0.01130	0.01255	0.01632	0.02887	0.06150	0.03138	0.01506	0.00753	0.00251	0.00502	0.73770	0.00502	0.00502
1	0.00724	0.00496	0.00620	0.00692	0.00711	0.00478	0.00436	0.00771	0.00934	0.01245	0.02428	0.47469	0.02876	0.32979	0.01565	0.03139	0.00405	0.01215	0.00428	0.00392
2	0.00711	0.00555	0.00644	0.00622	0.00777	0.00488	0.00466	0.00911	0.01399	0.01844	0.42791	0.04636	0.39718	0.01242	0.00644	0.00178	0.00266	0.01065	0.00555	0.00488
3	0.01276	0.14864	0.01504	0.00930	0.01367	0.01126	0.02325	0.08359	0.09066	0.01875	0.01200	0.05265	0.01032	0.00540	0.00443	0.00115	0.00462	0.00433	0.00360	0.47457
4	0.01294	0.01239	0.02113	0.16491	0.64726	0.01281	0.01646	0.01625	0.01215	0.01714	0.01016	0.01367	0.00840	0.00496	0.00541	0.00165	0.00661	0.00486	0.00265	0.00819
5	0.01481	0.04005	0.06208	0.02596	0.51200	0.01336	0.01472	0.09230	0.08552	0.06756	0.01227	0.01416	0.00962	0.00540	0.00535	0.00164	0.00617	0.00492	0.00347	0.00865
6	0.01893	0.19195	0.01850	0.01361	0.04127	0.56249	0.01047	0.05479	0.01490	0.01436	0.00853	0.00987	0.00718	0.00543	0.00466	0.00137	0.00869	0.00349	0.00283	0.00668
7	0.01086	0.01004	0.01566	0.65999	0.03352	0.01236	0.01402	0.01652	0.14094	0.01546	0.01185	0.01554	0.00888	0.00579	0.00547	0.00182	0.00676	0.00507	0.00296	0.00650
8	0.00650	0.00529	0.00577	0.00615	0.00753	0.00455	0.00442	0.00775	0.01182	0.01448	0.04757	0.28120	0.54839	0.01480	0.00660	0.00195	0.00288	0.01272	0.00506	0.00455
9	0.01928	0.00972	0.06072	0.01011	0.01376	0.00791	0.00888	0.02198	0.02953	0.51847	0.02270	0.05375	0.01788	0.00886	0.00597	0.00189	0.00489	0.16963	0.00600	0.00807
10	0.00799	0.00586	0.00752	0.00706	0.00843	0.00554	0.00531	0.01116	0.05046	0.02191	0.73648	0.03977	0.04981	0.01097	0.00639	0.00172	0.00265	0.00969	0.00598	0.00531
11	0.00781	0.00575	0.00831	0.00831	0.00912	0.00657	0.00625	0.00944	0.00863	0.01232	0.01502	0.02372	0.01463	0.16466	0.66439	0.00820	0.01310	0.00618	0.00298	0.00462
12	0.01796	0.01404	0.01709	0.14874	0.04611	0.01583	0.03609	0.54000	0.02132	0.02861	0.01203	0.01334	0.00876	0.00639	0.00614	0.00171	0.04785	0.00494	0.00459	0.00846
13	0.00949	0.00867	0.01347	0.01171	0.01353	0.04925	0.13624	0.01183	0.00980	0.01354	0.01337	0.01927	0.01210	0.03153	0.58054	0.00693	0.04468	0.00578	0.00287	0.00542
14	0.00664	0.00474	0.00633	0.00759	0.00791	0.00443	0.00506	0.00759	0.01044	0.01392	0.03005	0.80485	0.03606	0.01708	0.00696	0.00221	0.00316	0.01550	0.00506	0.00443
15	0.00793	0.00529	0.00595	0.00595	0.00595	0.00529	0.00330	0.00793	0.00793	0.01057	0.01718	0.03568	0.01982	0.80840	0.02775	0.00529	0.00529	0.00793	0.00330	0.00330
16	0.01317	0.01569	0.15324	0.04883	0.55073	0.01307	0.06604	0.04159	0.01269	0.01815	0.01031	0.01325	0.00830	0.00497	0.00543	0.00166	0.00693	0.00482	0.00272	0.00840
17	0.01156	0.16339	0.65047	0.01447	0.02194	0.01420	0.01828	0.01710	0.01144	0.01650	0.00940	0.01103	0.00692	0.00509	0.00489	0.00163	0.00767	0.00384	0.00231	0.00787
18	0.84691	0.01054	0.00801	0.00717	0.01054	0.01223	0.00590	0.01603	0.00928	0.02446	0.00759	0.00886	0.00590	0.00506	0.00337	0.00169	0.00422	0.00295	0.00337	0.00590
19	0.00864	0.00575	0.00750	0.00696	0.00839	0.00529	0.00526	0.01119	0.01533	0.06061	0.71268	0.03904	0.04848	0.01079	0.00631	0.00170	0.00268	0.00951	0.02855	0.00535
20	0.00819	0.00547	0.00700	0.00779	0.00857	0.00536	0.00591	0.00984	0.01111	0.01546	0.05517	0.25927	0.02894	0.15108	0.01027	0.00269	0.00408	0.27183	0.12740	0.00457
21	0.00872	0.00663	0.00816	0.00759	0.00919	0.00660	0.00575	0.01351	0.14469	0.02202	0.64223	0.03721	0.04544	0.01050	0.00628	0.00174	0.00287	0.00922	0.00592	0.00575
22	0.13991	0.00881	0.01035	0.00874	0.01178	0.00876	0.00697	0.02068	0.14384	0.31576	0.23782	0.02387	0.02395	0.00789	0.00546	0.00172	0.00392	0.00650	0.00582	0.00746
23	0.01223	0.01180	0.01997	0.02790	0.58928	0.01157	0.06676	0.01525	0.01245	0.01725	0.01807	0.02030	0.14036	0.00638	0.00565	0.00167	0.00603	0.00612	0.00311	0.00785
24	0.01368	0.15077	0.02324	0.02930	0.64319	0.01444	0.01545	0.01666	0.01218	0.01695	0.00979	0.01267	0.00835	0.00482	0.00507	0.00154	0.00637	0.00452	0.00264	0.00835
25	0.01508	0.77053	0.02775	0.00935	0.01399	0.02088	0.00926	0.01685	0.01131	0.05208	0.00829	0.00925	0.00733	0.00477	0.00360	0.00119	0.00577	0.00305	0.00256	0.00711
26	0.02733	0.00920	0.00989	0.00975	0.04918	0.06290	0.00664	0.08197	0.12356	0.01755	0.14630	0.02735	0.02150	0.29125	0.08921	0.00363	0.00600	0.00696	0.00420	0.00564
27	0.01380	0.00977	0.01300	0.07419	0.05633	0.01103	0.00920	0.15455	0.01378	0.12449	0.08893	0.02028	0.01532	0.09960	0.13211	0.00330	0.14359	0.00592	0.00414	0.00667

[dist]
# distance from previous block
# <min> <max>
0	6

[block]
# block no. 1 follows, 44 sequences, length 7
# corresponding to MSA columns:
# 132-138
name=unknown_B
#
# <colnr> <probs for GDERKNQSTAVLIFYWHMCP>
#	G	D	E	R	K	N	Q	S	T	A	V	L	I	F	Y	W	H	M	C	P
0	0.01530	0.01138	0.01637	0.01660	0.17851	0.01156	0.09027	0.24422	0.01644	0.11403	0.01747	0.20968	0.01616	0.00860	0.00592	0.00180	0.00558	0.00775	0.00463	0.00773
1	0.01341	0.16262	0.01634	0.01052	0.05148	0.01104	0.04012	0.04968	0.01233	0.06832	0.01032	0.01164	0.00832	0.00452	0.00427	0.00106	0.00485	0.00362	0.00335	0.51219
2	0.01361	0.01568	0.18103	0.02251	0.37474	0.01276	0.01487	0.02056	0.20508	0.06346	0.01387	0.01512	0.01060	0.00569	0.00539	0.00170	0.00615	0.00505	0.00358	0.00855
3	0.11916	0.01296	0.01548	0.01338	0.01405	0.08242	0.01104	0.01424	0.00908	0.01459	0.00732	0.01136	0.00699	0.00863	0.01492	0.00221	0.62922	0.00443	0.00255	0.00599
4	0.17232	0.20135	0.17407	0.01056	0.01573	0.01366	0.03337	0.07670	0.01213	0.01914	0.00914	0.01054	0.00727	0.00484	0.00421	0.00135	0.00564	0.00351	0.00303	0.22145
5	0.01447	0.18892	0.24310	0.01591	0.11507	0.01432	0.08089	0.04726	0.01267	0.12236	0.03180	0.01332	0.00951	0.00571	0.00593	0.00164	0.06150	0.00456	0.00325	0.00783
6	0.00889	0.17965	0.07465	0.00751	0.01032	0.00903	0.00683	0.01107	0.01286	0.01642	0.23070	0.03665	0.35516	0.01044	0.00571	0.00165	0.00380	0.00862	0.00450	0.00554

[dist]
# distance from previous block
# <min> <max>
0	1

[block]
# block no. 2 follows, 44 sequences, length 35
# corresponding to MSA columns:
# 140-164,171-180
name=unknown_C
#
# <colnr> <probs for GDERKNQSTAVLIFYWHMCP>
#	G	D	E	R	K	N	Q	S	T	A	V	L	I	F	Y	W	H	M	C	P
0	0.24342	0.38289	0.04342	0.00952	0.01362	0.08422	0.00870	0.01843	0.07341	0.06439	0.00979	0.01052	0.00789	0.00523	0.00393	0.00144	0.00561	0.00344	0.00320	0.00695
1	0.00815	0.00608	0.00755	0.00688	0.00867	0.00535	0.00518	0.01050	0.01410	0.02010	0.52196	0.08397	0.10581	0.01053	0.00601	0.00161	0.00283	0.00920	0.04112	0.12438
2	0.01359	0.01117	0.01249	0.00953	0.01394	0.01037	0.00764	0.16208	0.15998	0.02199	0.01278	0.01340	0.00997	0.00518	0.00461	0.00117	0.00448	0.00413	0.00411	0.51738
3	0.02037	0.02598	0.01545	0.01404	0.01685	0.78652	0.01053	0.02177	0.01545	0.01334	0.00843	0.00983	0.00702	0.00562	0.00492	0.00140	0.00983	0.00351	0.00281	0.00632
4	0.00662	0.00481	0.00626	0.00741	0.00786	0.00444	0.00498	0.00761	0.01061	0.01399	0.03225	0.73896	0.10052	0.01679	0.00691	0.00218	0.00313	0.01515	0.00506	0.00444
5	0.01163	0.02175	0.44567	0.01913	0.08659	0.01279	0.26115	0.01697	0.01206	0.01729	0.01174	0.01408	0.03288	0.00525	0.00565	0.00176	0.00812	0.00514	0.00258	0.00776
6	0.00782	0.00555	0.00719	0.00678	0.00807	0.00514	0.00509	0.01039	0.01526	0.02180	0.73924	0.03985	0.04984	0.01094	0.00632	0.00170	0.00257	0.00965	0.04166	0.00514
7	0.00700	0.00541	0.00646	0.00706	0.00828	0.00487	0.00531	0.00851	0.01200	0.01519	0.08693	0.29204	0.36369	0.01490	0.00680	0.00207	0.00327	0.14044	0.00511	0.00465
8	0.01450	0.01243	0.01572	0.02045	0.35135	0.12791	0.01192	0.01713	0.01313	0.09961	0.01538	0.02280	0.01358	0.00716	0.00553	0.00171	0.00607	0.13472	0.10162	0.00730
9	0.00671	0.00482	0.00638	0.00761	0.00800	0.00449	0.00516	0.00772	0.01057	0.01402	0.03079	0.75671	0.05888	0.01691	0.00696	0.00221	0.00321	0.03933	0.00506	0.00445
10	0.00826	0.00590	0.00817	0.00932	0.01038	0.00581	0.00776	0.01044	0.01228	0.01614	0.07477	0.21938	0.03361	0.01525	0.00734	0.00240	0.00447	0.53833	0.00509	0.00490
11	0.01299	0.01321	0.02449	0.09455	0.37686	0.01323	0.28455	0.01774	0.07326	0.01775	0.01145	0.01458	0.00903	0.00502	0.00579	0.00173	0.00736	0.00554	0.00293	0.00794
12	0.02072	0.01527	0.01636	0.01254	0.01691	0.01691	0.01036	0.75622	0.02563	0.03436	0.01309	0.01309	0.00927	0.00654	0.00545	0.00164	0.00600	0.00491	0.00545	0.00927
13	0.00701	0.00496	0.00653	0.00764	0.00801	0.00471	0.00522	0.00800	0.01035	0.01376	0.02840	0.63904	0.03366	0.11118	0.00949	0.00261	0.00360	0.08663	0.00485	0.00435
14	0.01482	0.01270	0.08452	0.04416	0.34816	0.01163	0.01316	0.08166	0.01341	0.13899	0.05063	0.01565	0.01142	0.00713	0.00757	0.07096	0.05683	0.00513	0.00366	0.00780
15	0.02072	0.01527	0.01636	0.01254	0.01691	0.01691	0.01036	0.75622	0.02563	0.03436	0.01309	0.01309	0.00927	0.00654	0.00545	0.00164	0.00600	0.00491	0.00545	0.00927
16	0.01181	0.01092	0.01792	0.54061	0.23575	0.01264	0.01528	0.06063	0.01222	0.01624	0.01005	0.01416	0.00776	0.00536	0.00544	0.00175	0.00697	0.00485	0.00268	0.00695
17	0.67760	0.01233	0.05215	0.01061	0.07888	0.03683	0.03002	0.01638	0.00998	0.02293	0.00807	0.00961	0.00630	0.00505	0.00379	0.00168	0.00495	0.00330	0.00322	0.00632
18	0.00762	0.00561	0.00807	0.00827	0.00903	0.00627	0.00616	0.00920	0.00893	0.01263	0.01731	0.14589	0.01782	0.12099	0.58153	0.00735	0.01179	0.00758	0.00330	0.00463
19	0.00751	0.00556	0.00700	0.00664	0.00802	0.00505	0.00498	0.00988	0.01494	0.02069	0.65345	0.04266	0.17024	0.01158	0.00643	0.00174	0.00260	0.01013	0.00585	0.00505
20	0.01214	0.01146	0.01881	0.35563	0.39433	0.01265	0.01535	0.01661	0.07764	0.01660	0.01106	0.01454	0.00875	0.00533	0.00543	0.00172	0.00662	0.00497	0.00283	0.00754
21	0.01007	0.02074	0.50572	0.01443	0.08117	0.01054	0.01560	0.01493	0.01219	0.01746	0.10679	0.02150	0.13156	0.00720	0.00554	0.00173	0.00645	0.00595	0.00320	0.00722
22	0.01305	0.01117	0.01189	0.01072	0.01365	0.01282	0.00832	0.02733	0.69895	0.02272	0.08781	0.02213	0.01969	0.00772	0.00562	0.00184	0.00416	0.00649	0.00559	0.00832
23	0.00792	0.00533	0.00618	0.00618	0.00626	0.00541	0.00359	0.00808	0.00800	0.01074	0.01697	0.03450	0.01931	0.74510	0.09035	0.00557	0.00605	0.00776	0.00327	0.00343
24	0.02049	0.02214	0.01578	0.01351	0.01687	0.51056	0.01047	0.28512	0.01910	0.02088	0.01010	0.01100	0.00783	0.00595	0.00511	0.00149	0.00846	0.00401	0.00376	0.00738
25	0.00947	0.00473	0.00710	0.00710	0.00710	0.00473	0.00473	0.00710	0.00710	0.00947	0.00947	0.01657	0.00947	0.01894	0.02131	0.84138	0.00473	0.00473	0.00237	0.00237
26	0.01264	0.01391	0.02993	0.02150	0.02667	0.01307	0.69267	0.01707	0.01275	0.01770	0.01159	0.01517	0.00874	0.00474	0.00622	0.00179	0.00864	0.00632	0.07170	0.00717
27	0.00954	0.00696	0.01003	0.03407	0.01036	0.00844	0.00719	0.00951	0.00801	0.01138	0.01089	0.01835	0.01082	0.09511	0.20846	0.32844	0.20047	0.00532	0.00260	0.00406
28	0.01164	0.01124	0.00998	0.00945	0.01080	0.19795	0.00686	0.03497	0.05741	0.01344	0.01431	0.02264	0.01397	0.26446	0.29168	0.00526	0.00969	0.00590	0.00325	0.00510
29	0.00779	0.00584	0.00876	0.00876	0.00974	0.00681	0.00681	0.00974	0.00876	0.01266	0.01460	0.02142	0.01363	0.04089	0.78680	0.00876	0.01460	0.00584	0.00292	0.00487
30	0.00907	0.00515	0.00712	0.00709	0.00770	0.00538	0.00511	0.00918	0.00897	0.01337	0.05942	0.02012	0.01409	0.02153	0.21698	0.39349	0.00672	0.00541	0.18034	0.00377
31	0.00826	0.00633	0.00906	0.00895	0.01010	0.00737	0.00696	0.01132	0.07110	0.01349	0.01523	0.02133	0.01388	0.03813	0.72236	0.00819	0.01375	0.00587	0.00314	0.00518
32	0.00664	0.00474	0.00633	0.00759	0.00791	0.00443	0.00506	0.00759	0.01044	0.01392	0.03005	0.80485	0.03606	0.01708	0.00696	0.00221	0.00316	0.01550	0.00506	0.00443
33	0.01310	0.01276	0.07103	0.01124	0.01466	0.01317	0.00935	0.02732	0.67987	0.02209	0.02242	0.02081	0.04288	0.00746	0.00555	0.00184	0.00455	0.00619	0.00528	0.00844
34	0.01764	0.15173	0.06532	0.01132	0.01523	0.27083	0.00965	0.02095	0.08028	0.17315	0.04202	0.01383	0.01103	0.00588	0.00484	0.00144	0.00663	0.00430	0.00392	0.09004

[dist]
# distance from previous block
# <min> <max>
0	7

[block]
# block no. 3 follows, 44 sequences, length 32
# corresponding to MSA columns:
# 188-219
name=unknown_D
#
# <colnr> <probs for GDERKNQSTAVLIFYWHMCP>
#	G	D	E	R	K	N	Q	S	T	A	V	L	I	F	Y	W	H	M	C	P
0	0.01368	0.04889	0.54634	0.01408	0.02091	0.01281	0.01672	0.08161	0.06536	0.11005	0.01226	0.01301	0.00857	0.00562	0.00521	0.00170	0.00714	0.00439	0.00333	0.00831
1	0.84691	0.01054	0.00801	0.00717	0.01054	0.01223	0.00590	0.01603	0.00928	0.02446	0.00759	0.00886	0.00590	0.00506	0.00337	0.00169	0.00422	0.00295	0.00337	0.00590
2	0.00652	0.00536	0.00574	0.00600	0.00750	0.00458	0.00436	0.00785	0.01210	0.01477	0.07094	0.20998	0.59662	0.01442	0.00655	0.00192	0.00284	0.01230	0.00509	0.00458
3	0.01225	0.10656	0.56815	0.01491	0.02196	0.01317	0.07989	0.01759	0.01195	0.06574	0.03164	0.01276	0.00869	0.00534	0.00517	0.00167	0.00755	0.00437	0.00273	0.00788
4	0.00780	0.00579	0.00851	0.00851	0.00940	0.00668	0.00650	0.00957	0.00869	0.01247	0.01483	0.02268	0.01418	0.10904	0.71940	0.00845	0.01378	0.00603	0.00295	0.00473
5	0.00664	0.00474	0.00633	0.00759	0.00791	0.00443	0.00506	0.00759	0.01044	0.01392	0.03005	0.80485	0.03606	0.01708	0.00696	0.00221	0.00316	0.01550	0.00506	0.00443
6	0.01030	0.00969	0.01635	0.79530	0.03755	0.01211	0.01514	0.01393	0.01090	0.01393	0.00969	0.01453	0.00727	0.00545	0.00545	0.00182	0.00727	0.00484	0.00242	0.00606
7	0.06175	0.01753	0.24352	0.01353	0.01878	0.03771	0.09174	0.16721	0.11137	0.14896	0.01408	0.01441	0.00992	0.00596	0.00534	0.00171	0.00648	0.00492	0.01681	0.00828
8	0.00782	0.00572	0.00817	0.00817	0.00894	0.00649	0.00607	0.00935	0.00859	0.01222	0.01515	0.02443	0.01494	0.20289	0.62659	0.00803	0.01264	0.00628	0.00300	0.00454
9	0.00664	0.00474	0.00633	0.00759	0.00791	0.00443	0.00506	0.00759	0.01044	0.01392	0.03005	0.80485	0.03606	0.01708	0.00696	0.00221	0.00316	0.01550	0.00506	0.00443
10	0.06107	0.01228	0.01510	0.01273	0.01421	0.07494	0.01049	0.01739	0.01081	0.20914	0.01095	0.01329	0.00870	0.00828	0.01291	0.00209	0.49046	0.00475	0.00359	0.00684
11	0.00664	0.00474	0.00633	0.00759	0.00791	0.00443	0.00506	0.00759	0.01044	0.01392	0.03005	0.80485	0.03606	0.01708	0.00696	0.00221	0.00316	0.01550	0.00506	0.00443
12	0.01130	0.00969	0.01130	0.00807	0.01292	0.00727	0.00646	0.01373	0.01130	0.01776	0.00969	0.01130	0.00807	0.00404	0.00404	0.00081	0.00404	0.00323	0.00323	0.84173
13	0.01992	0.06294	0.12254	0.01208	0.01677	0.07634	0.06897	0.04489	0.06180	0.43180	0.01689	0.01589	0.01130	0.00617	0.00535	0.00166	0.00601	0.00506	0.00510	0.00853
14	0.01173	0.19870	0.61660	0.01419	0.02151	0.01460	0.01779	0.01706	0.01142	0.01630	0.00930	0.01091	0.00693	0.00507	0.00481	0.00160	0.00757	0.00379	0.00231	0.00783
15	0.00688	0.00579	0.00600	0.00590	0.00774	0.00504	0.00444	0.00899	0.04484	0.01584	0.13091	0.04983	0.66238	0.01325	0.00640	0.00183	0.00281	0.01110	0.00518	0.00483
16	0.00766	0.00557	0.00721	0.00680	0.00811	0.00512	0.00510	0.01018	0.01530	0.02156	0.74096	0.04122	0.08219	0.01126	0.00643	0.00172	0.00258	0.00993	0.00596	0.00512
17	0.01130	0.00969	0.01130	0.00807	0.01292	0.00727	0.00646	0.01373	0.01130	0.01776	0.00969	0.01130	0.00807	0.00404	0.00404	0.00081	0.00404	0.00323	0.00323	0.84173
18	0.02186	0.01109	0.01484	0.01151	0.01556	0.07430	0.09514	0.02414	0.01501	0.58607	0.01961	0.05724	0.01348	0.00693	0.00562	0.00171	0.00553	0.00593	0.00586	0.00856
19	0.01356	0.01171	0.01233	0.01109	0.01418	0.01356	0.00863	0.02897	0.76455	0.02281	0.02219	0.02034	0.01664	0.00740	0.00555	0.00185	0.00431	0.00616	0.00555	0.00863
20	0.00849	0.00712	0.00984	0.00989	0.01024	0.00847	0.00755	0.00970	0.00981	0.01374	0.02173	0.44713	0.02509	0.01667	0.07621	0.00284	0.24496	0.06148	0.00407	0.00497
21	0.01381	0.01288	0.02121	0.09236	0.65610	0.01320	0.01610	0.07482	0.01334	0.01881	0.01043	0.01354	0.00858	0.00504	0.00541	0.00164	0.00650	0.00486	0.00289	0.00848
22	0.01312	0.01268	0.02169	0.09654	0.64962	0.01310	0.04006	0.01634	0.01209	0.01723	0.01007	0.01354	0.00843	0.00514	0.00607	0.00168	0.04679	0.00490	0.00266	0.00824
23	0.01479	0.01213	0.02069	0.01669	0.07918	0.01159	0.30066	0.10084	0.05990	0.13137	0.09942	0.01794	0.01455	0.00600	0.00581	0.00166	0.00640	0.00606	0.00422	0.09010
24	0.02001	0.01318	0.07395	0.01108	0.01533	0.09995	0.03732	0.05989	0.05877	0.43919	0.01951	0.01814	0.05288	0.00668	0.00541	0.00163	0.00560	0.00540	0.00538	0.05068
25	0.11076	0.01000	0.01252	0.01027	0.03807	0.00930	0.00809	0.06167	0.05295	0.53182	0.01825	0.01655	0.01201	0.00630	0.00513	0.00162	0.00466	0.00500	0.00583	0.07921
26	0.01130	0.00988	0.01603	0.62996	0.03291	0.01182	0.04175	0.01581	0.07497	0.05631	0.01301	0.01656	0.03485	0.00594	0.00553	0.00181	0.00679	0.00528	0.00303	0.00645
27	0.01194	0.00905	0.01082	0.00817	0.01240	0.00699	0.00643	0.01416	0.01159	0.08727	0.01327	0.10923	0.01200	0.00589	0.00453	0.00106	0.00399	0.00494	0.00378	0.66251
28	0.07346	0.01295	0.11706	0.01117	0.01559	0.01068	0.05600	0.07951	0.15120	0.21293	0.07560	0.01733	0.01425	0.00636	0.00524	0.00161	0.00516	0.00528	0.00479	0.12383
29	0.12574	0.00984	0.01438	0.45997	0.02717	0.01146	0.02617	0.01684	0.05774	0.12414	0.01279	0.01703	0.00978	0.00625	0.00554	0.00183	0.02128	0.04195	0.00349	0.00662
30	0.05784	0.01144	0.07767	0.20997	0.02020	0.00961	0.01007	0.03923	0.01196	0.08594	0.01075	0.01272	0.00818	0.00487	0.00463	0.00130	0.00533	0.00395	0.00334	0.41099
31	0.14232	0.17269	0.07555	0.05617	0.01971	0.01361	0.23424	0.01793	0.01206	0.13241	0.01114	0.01273	0.00828	0.00505	0.00493	0.00158	0.00653	0.00458	0.00335	0.06515

[dist]
# distance from previous block
# <min> <max>
6	36

[block]
# block no. 4 follows, 44 sequences, length 7
# corresponding to MSA columns:
# 257-263
name=unknown_E
#
# <colnr> <probs for GDERKNQSTAVLIFYWHMCP>
#	G	D	E	R	K	N	Q	S	T	A	V	L	I	F	Y	W	H	M	C	P
0	0.36282	0.26687	0.13051	0.00973	0.01432	0.01579	0.00963	0.10281	0.01209	0.02087	0.00856	0.00971	0.00679	0.00513	0.00393	0.00152	0.00551	0.00333	0.00313	0.00696
1	0.09581	0.06029	0.01027	0.20489	0.01491	0.00880	0.00695	0.01083	0.00902	0.01300	0.01367	0.02580	0.01437	0.47005	0.01801	0.00377	0.00571	0.00631	0.00302	0.00451
2	0.15244	0.01434	0.01492	0.09449	0.14282	0.19425	0.03509	0.01825	0.01268	0.11204	0.01066	0.01226	0.00816	0.00522	0.00477	0.00147	0.00642	0.00407	0.00341	0.15224
3	0.06899	0.00967	0.01183	0.08528	0.01535	0.00821	0.00756	0.01627	0.01193	0.15834	0.01173	0.01280	0.00885	0.00474	0.00440	0.00113	0.00448	0.00379	0.00381	0.55084
4	0.15087	0.01509	0.21995	0.03149	0.01577	0.01150	0.01086	0.17521	0.01387	0.09987	0.01280	0.01657	0.01036	0.13039	0.06024	0.00271	0.00662	0.00493	0.00382	0.00710
5	0.11214	0.00695	0.00874	0.17893	0.01377	0.00778	0.00654	0.01041	0.00882	0.01321	0.01412	0.02643	0.01479	0.46303	0.08961	0.00440	0.00644	0.00645	0.00308	0.00437
6	0.29294	0.06320	0.06395	0.35819	0.02459	0.01267	0.05671	0.01503	0.01051	0.01784	0.00954	0.03548	0.00768	0.00554	0.00471	0.00174	0.00619	0.00444	0.00283	0.00622

[dist]
# distance from previous block
# <min> <max>
7	29

# created by:
# /home/berkeley/.conda/envs/busco_data_prod/bin/msa2prfl.pl pipeline/OGs_align_augustus/33634/266.fs
