[name]
unknown

[dist]
# distance from previous block
# <min> <max>
0	146

[block]
# block no. 0 follows, 46 sequences, length 26
# corresponding to MSA columns:
# 170-195
name=unknown_A
#
# <colnr> <probs for GDERKNQSTAVLIFYWHMCP>
#	G	D	E	R	K	N	Q	S	T	A	V	L	I	F	Y	W	H	M	C	P
0	0.00732	0.00526	0.00701	0.00809	0.00883	0.00506	0.00619	0.00881	0.01093	0.01430	0.02958	0.42535	0.07934	0.05706	0.00798	0.00239	0.00386	0.30336	0.00480	0.00447
1	0.01308	0.01256	0.02146	0.03245	0.78123	0.01256	0.01622	0.01622	0.01204	0.01727	0.00994	0.01308	0.00837	0.00471	0.00523	0.00157	0.00628	0.00471	0.00262	0.00837
2	0.00769	0.00513	0.00577	0.00577	0.00577	0.00513	0.00320	0.00769	0.00769	0.01025	0.01666	0.03460	0.01922	0.81421	0.02691	0.00513	0.00513	0.00769	0.00320	0.00320
3	0.85155	0.01022	0.00777	0.00695	0.01022	0.01186	0.00573	0.01554	0.00900	0.02372	0.00736	0.00859	0.00573	0.00491	0.00327	0.00164	0.00409	0.00286	0.00327	0.00573
4	0.85155	0.01022	0.00777	0.00695	0.01022	0.01186	0.00573	0.01554	0.00900	0.02372	0.00736	0.00859	0.00573	0.00491	0.00327	0.00164	0.00409	0.00286	0.00327	0.00573
5	0.01670	0.01312	0.01395	0.01148	0.01510	0.01481	0.00923	0.40367	0.39032	0.02784	0.01701	0.01613	0.01249	0.00675	0.00533	0.00169	0.00502	0.00536	0.00533	0.00869
6	0.02010	0.01481	0.01587	0.01216	0.01639	0.01639	0.01005	0.76360	0.02486	0.03332	0.01269	0.01269	0.00899	0.00635	0.00529	0.00159	0.00582	0.00476	0.00529	0.00899
7	0.00702	0.00512	0.00660	0.00679	0.00775	0.00470	0.00488	0.00887	0.01303	0.01794	0.45708	0.30929	0.10521	0.01303	0.00641	0.00184	0.00271	0.01160	0.00543	0.00470
8	0.02112	0.01161	0.01397	0.04261	0.01568	0.01174	0.00901	0.35297	0.01913	0.39333	0.01637	0.01524	0.01084	0.00632	0.00525	0.00159	0.00517	0.00497	0.00570	0.03739
9	0.01489	0.16942	0.01595	0.04642	0.01539	0.19067	0.00925	0.04528	0.39856	0.01813	0.01498	0.01480	0.01162	0.00617	0.00485	0.00156	0.00585	0.00470	0.00404	0.00747
10	0.07292	0.00884	0.01159	0.00956	0.03116	0.00803	0.00754	0.04285	0.01426	0.56365	0.05384	0.05333	0.01484	0.00827	0.03730	0.00190	0.00477	0.00568	0.00580	0.04387
11	0.04288	0.05848	0.31532	0.01195	0.01759	0.01102	0.04109	0.05223	0.03931	0.22482	0.01297	0.01324	0.00903	0.00536	0.00488	0.00152	0.00597	0.00429	0.00382	0.12423
12	0.00998	0.00940	0.01586	0.80150	0.03641	0.01175	0.01468	0.01351	0.01057	0.01351	0.00940	0.01409	0.00705	0.00529	0.00529	0.00176	0.00705	0.00470	0.00235	0.00587
13	0.00790	0.00494	0.00644	0.00645	0.00718	0.00460	0.00452	0.00763	0.00989	0.01290	0.15228	0.07991	0.23263	0.01559	0.01333	0.41501	0.00361	0.00792	0.00378	0.00348
14	0.01181	0.20499	0.06026	0.30503	0.02441	0.01419	0.11766	0.03325	0.07446	0.01520	0.01128	0.01586	0.00938	0.00585	0.00542	0.00166	0.02852	0.05132	0.00285	0.00658
15	0.01097	0.01048	0.07563	0.06614	0.01341	0.03594	0.00916	0.03482	0.04432	0.01632	0.01226	0.01565	0.01019	0.01059	0.09319	0.00246	0.25510	0.00480	0.27276	0.00579
16	0.00688	0.00538	0.00623	0.00602	0.00753	0.00473	0.00451	0.00881	0.01354	0.01781	0.42371	0.04506	0.40673	0.01207	0.00624	0.00172	0.00258	0.01034	0.00537	0.00473
17	0.06909	0.00743	0.00870	0.00735	0.01004	0.00714	0.00587	0.01930	0.06594	0.34311	0.01844	0.01828	0.01304	0.00631	0.00447	0.00147	0.00355	0.00503	0.37848	0.00694
18	0.03907	0.09694	0.10519	0.05690	0.07788	0.19114	0.14541	0.07037	0.01323	0.07657	0.01008	0.01198	0.00777	0.00550	0.00600	0.00160	0.06982	0.00440	0.00305	0.00711
19	0.00889	0.00834	0.01528	0.17289	0.01922	0.00841	0.22366	0.01135	0.01089	0.01448	0.01985	0.42095	0.02158	0.01081	0.00631	0.00196	0.00555	0.01041	0.00375	0.00543
20	0.00745	0.00553	0.00624	0.00597	0.00768	0.00479	0.00451	0.00921	0.01317	0.05103	0.29748	0.04555	0.49804	0.01221	0.00620	0.00174	0.00270	0.01036	0.00529	0.00484
21	0.01491	0.01172	0.03451	0.15658	0.33236	0.01161	0.09947	0.03437	0.03130	0.18702	0.01263	0.01457	0.00929	0.00537	0.00559	0.00166	0.02053	0.00503	0.00356	0.00790
22	0.03273	0.15994	0.08173	0.01302	0.06259	0.04905	0.05632	0.23990	0.06350	0.10636	0.02555	0.01612	0.01105	0.00629	0.00507	0.00159	0.00594	0.05133	0.00414	0.00779
23	0.01045	0.01052	0.01830	0.06406	0.04887	0.01158	0.24854	0.01303	0.01112	0.01543	0.09780	0.07059	0.10193	0.00840	0.00945	0.00194	0.24164	0.00708	0.00328	0.00599
24	0.00707	0.00553	0.00669	0.04128	0.00914	0.00516	0.00532	0.02942	0.01167	0.01484	0.06968	0.36558	0.33898	0.01412	0.00645	0.00196	0.00324	0.05440	0.00484	0.00463
25	0.03428	0.11982	0.22530	0.06746	0.04958	0.01281	0.07470	0.09850	0.01359	0.21693	0.01251	0.01324	0.00879	0.00554	0.00528	0.00161	0.02395	0.00450	0.00376	0.00785

[dist]
# distance from previous block
# <min> <max>
5	19

[block]
# block no. 1 follows, 46 sequences, length 21
# corresponding to MSA columns:
# 215-235
name=unknown_B
#
# <colnr> <probs for GDERKNQSTAVLIFYWHMCP>
#	G	D	E	R	K	N	Q	S	T	A	V	L	I	F	Y	W	H	M	C	P
0	0.00734	0.00542	0.00687	0.00657	0.00789	0.00495	0.00497	0.00967	0.01446	0.02005	0.65157	0.04176	0.15199	0.01130	0.00627	0.00171	0.00260	0.03404	0.00566	0.00491
1	0.00920	0.00736	0.00847	0.00784	0.00973	0.00761	0.00598	0.01565	0.26375	0.02065	0.44059	0.03437	0.12794	0.00993	0.00595	0.00172	0.00307	0.00858	0.00556	0.00604
2	0.00753	0.00517	0.00549	0.00554	0.00697	0.00466	0.00411	0.00933	0.01194	0.01673	0.12733	0.10302	0.39164	0.01110	0.00549	0.00163	0.00262	0.00935	0.26569	0.00466
3	0.02010	0.01481	0.01587	0.01216	0.01639	0.01639	0.01005	0.76360	0.02486	0.03332	0.01269	0.01269	0.00899	0.00635	0.00529	0.00159	0.00582	0.00476	0.00529	0.00899
4	0.02372	0.00900	0.01227	0.00941	0.01350	0.00777	0.00777	0.02576	0.01513	0.78489	0.02086	0.01799	0.01309	0.00654	0.00532	0.00164	0.00450	0.00532	0.00654	0.00900
5	0.00756	0.00540	0.00741	0.00856	0.00938	0.00525	0.00678	0.00932	0.01138	0.01501	0.05914	0.39098	0.03323	0.01531	0.00701	0.00228	0.00397	0.39250	0.00492	0.00462
6	0.41250	0.01207	0.01139	0.00947	0.01304	0.01372	0.00773	0.28882	0.13991	0.02694	0.01162	0.01190	0.00862	0.00580	0.00435	0.00164	0.00473	0.00406	0.00435	0.00734
7	0.01277	0.01341	0.02623	0.02629	0.35578	0.01301	0.40874	0.01704	0.04052	0.01727	0.01077	0.01395	0.00848	0.00467	0.00577	0.00169	0.00759	0.00556	0.00275	0.00772
8	0.01000	0.00821	0.00916	0.00842	0.01057	0.00878	0.00646	0.01824	0.37275	0.02072	0.32499	0.03163	0.12967	0.00943	0.00583	0.00174	0.00332	0.00807	0.00549	0.00652
9	0.01315	0.01136	0.01195	0.01076	0.01375	0.01315	0.00837	0.02809	0.77168	0.02211	0.02152	0.01972	0.01614	0.00717	0.00538	0.00179	0.00418	0.00598	0.00538	0.00837
10	0.01975	0.02520	0.01498	0.01362	0.01634	0.79299	0.01021	0.02111	0.01498	0.01294	0.00817	0.00953	0.00681	0.00545	0.00477	0.00136	0.00953	0.00340	0.00272	0.00613
11	0.01413	0.01439	0.07745	0.16181	0.23992	0.13414	0.04679	0.06113	0.03823	0.07344	0.01203	0.04706	0.00972	0.00582	0.00521	0.00161	0.00665	0.00504	0.03821	0.00723
12	0.00642	0.00470	0.00604	0.00711	0.00760	0.00432	0.00480	0.00739	0.01036	0.01359	0.03220	0.71554	0.12821	0.01616	0.00669	0.00210	0.00302	0.01454	0.00491	0.00432
13	0.01020	0.01075	0.10287	0.01018	0.01285	0.00959	0.03151	0.01831	0.35712	0.01820	0.04861	0.27347	0.05367	0.01021	0.00587	0.00189	0.00429	0.00897	0.00476	0.00669
14	0.01649	0.01326	0.03633	0.20873	0.02216	0.10856	0.11993	0.14786	0.03185	0.19754	0.01352	0.03739	0.00991	0.00602	0.00541	0.00167	0.00666	0.00522	0.00407	0.00741
15	0.02372	0.00900	0.01227	0.00941	0.01350	0.00777	0.00777	0.02576	0.01513	0.78489	0.02086	0.01799	0.01309	0.00654	0.00532	0.00164	0.00450	0.00532	0.00654	0.00900
16	0.37161	0.00730	0.00709	0.00710	0.00899	0.00775	0.00532	0.01181	0.01023	0.05086	0.05973	0.33991	0.07290	0.01060	0.00513	0.00186	0.00351	0.00883	0.00432	0.00516
17	0.01628	0.19037	0.14714	0.04391	0.01641	0.03074	0.04328	0.01970	0.05095	0.28952	0.04562	0.03070	0.01189	0.00617	0.00536	0.00158	0.03372	0.00488	0.00417	0.00763
18	0.01006	0.12617	0.06767	0.07555	0.01348	0.02777	0.05356	0.02976	0.01060	0.03729	0.01830	0.20475	0.05001	0.19959	0.03342	0.00274	0.00556	0.02490	0.00353	0.00529
19	0.02372	0.00900	0.01227	0.00941	0.01350	0.00777	0.00777	0.02576	0.01513	0.78489	0.02086	0.01799	0.01309	0.00654	0.00532	0.00164	0.00450	0.00532	0.00654	0.00900
20	0.01022	0.00772	0.00948	0.02740	0.01101	0.00784	0.02556	0.19676	0.01484	0.01980	0.14231	0.36545	0.11607	0.01218	0.00620	0.00187	0.00386	0.01071	0.00503	0.00570

[dist]
# distance from previous block
# <min> <max>
1	9

[block]
# block no. 2 follows, 46 sequences, length 6
# corresponding to MSA columns:
# 246-251
name=unknown_C
#
# <colnr> <probs for GDERKNQSTAVLIFYWHMCP>
#	G	D	E	R	K	N	Q	S	T	A	V	L	I	F	Y	W	H	M	C	P
0	0.62092	0.01164	0.06512	0.00912	0.04857	0.01157	0.00751	0.04566	0.01031	0.05010	0.00850	0.00968	0.00648	0.00494	0.00370	0.00157	0.00453	0.00321	0.00335	0.07352
1	0.01449	0.01235	0.04984	0.13863	0.06677	0.01261	0.03505	0.25859	0.16164	0.04939	0.01590	0.01661	0.05283	0.00633	0.00524	0.00161	0.00549	0.00525	0.02334	0.06803
2	0.05038	0.01325	0.04200	0.01126	0.01454	0.10080	0.06377	0.29421	0.07243	0.02447	0.23382	0.02047	0.02079	0.00735	0.00548	0.00162	0.00539	0.00608	0.00477	0.00714
3	0.01130	0.05323	0.01469	0.05132	0.01387	0.06242	0.01016	0.01268	0.00918	0.01316	0.01047	0.10228	0.01068	0.01060	0.04789	0.00237	0.50978	0.00569	0.04263	0.00561
4	0.00888	0.00728	0.03549	0.04178	0.01070	0.00700	0.00670	0.05045	0.04516	0.03263	0.23336	0.20786	0.11233	0.01358	0.06957	0.00237	0.04266	0.02383	0.04302	0.00535
5	0.01341	0.28536	0.29121	0.05334	0.07570	0.07794	0.04724	0.06899	0.01238	0.01606	0.00898	0.01068	0.00710	0.00495	0.00456	0.00146	0.00699	0.00377	0.00255	0.00733

[dist]
# distance from previous block
# <min> <max>
12	70

[block]
# block no. 3 follows, 46 sequences, length 6
# corresponding to MSA columns:
# 339-344
name=unknown_D
#
# <colnr> <probs for GDERKNQSTAVLIFYWHMCP>
#	G	D	E	R	K	N	Q	S	T	A	V	L	I	F	Y	W	H	M	C	P
0	0.01158	0.19048	0.01383	0.00883	0.01094	0.06004	0.03798	0.02874	0.01068	0.06783	0.01704	0.14122	0.05618	0.23402	0.01181	0.00258	0.04901	0.00699	0.00352	0.03672
1	0.11642	0.13954	0.08972	0.01119	0.05542	0.04856	0.03766	0.04675	0.03148	0.14950	0.03368	0.01335	0.00993	0.02408	0.00499	0.00146	0.00534	0.00414	0.00367	0.17312
2	0.01050	0.00856	0.02664	0.02307	0.03557	0.05712	0.01990	0.01330	0.07553	0.07529	0.03785	0.28511	0.04337	0.05066	0.04282	0.00239	0.05948	0.08785	0.03939	0.00558
3	0.09693	0.01023	0.03880	0.00898	0.01200	0.03667	0.00731	0.10610	0.04929	0.05984	0.05922	0.15386	0.06887	0.00821	0.00575	0.00155	0.04815	0.00664	0.00419	0.21740
4	0.01225	0.14384	0.09776	0.00971	0.01416	0.01057	0.04392	0.01615	0.08387	0.07456	0.07755	0.01567	0.03481	0.00553	0.00457	0.00125	0.00477	0.00452	0.00362	0.34093
5	0.01426	0.04040	0.04222	0.04311	0.10513	0.03169	0.01004	0.17846	0.09591	0.07808	0.04820	0.01803	0.04834	0.00691	0.00640	0.00162	0.08499	0.03226	0.00412	0.10984

[dist]
# distance from previous block
# <min> <max>
0	2

[block]
# block no. 4 follows, 46 sequences, length 50
# corresponding to MSA columns:
# 347-370,372-397
name=unknown_E
#
# <colnr> <probs for GDERKNQSTAVLIFYWHMCP>
#	G	D	E	R	K	N	Q	S	T	A	V	L	I	F	Y	W	H	M	C	P
0	0.03883	0.02420	0.07144	0.00913	0.01184	0.00923	0.00773	0.05835	0.23467	0.07619	0.21745	0.09423	0.05884	0.00903	0.00563	0.00175	0.00398	0.03183	0.02896	0.00668
1	0.10381	0.00698	0.00911	0.14786	0.03536	0.00745	0.00742	0.02830	0.03595	0.03446	0.04834	0.40597	0.04360	0.02648	0.00630	0.00201	0.00418	0.03693	0.00427	0.00523
2	0.01490	0.08340	0.09818	0.06878	0.01614	0.03410	0.02443	0.01752	0.02933	0.23558	0.01376	0.01528	0.03162	0.00944	0.06675	0.00230	0.22291	0.00489	0.00372	0.00700
3	0.01289	0.12486	0.21324	0.01027	0.01567	0.01097	0.01043	0.06594	0.01224	0.07624	0.01024	0.01133	0.00788	0.00465	0.00433	0.00118	0.00533	0.00357	0.00319	0.39557
4	0.00678	0.00496	0.00637	0.00689	0.00769	0.00455	0.00483	0.00829	0.01201	0.01625	0.29096	0.45791	0.12454	0.01421	0.00651	0.00194	0.00282	0.01270	0.00522	0.00455
5	0.01055	0.01249	0.11950	0.12821	0.01607	0.12630	0.00957	0.04743	0.04688	0.01574	0.07130	0.29098	0.06347	0.01012	0.00580	0.00181	0.00542	0.00870	0.00392	0.00576
6	0.07076	0.01504	0.21847	0.05457	0.03629	0.01143	0.14503	0.05904	0.01240	0.14702	0.02883	0.08014	0.01139	0.00671	0.00648	0.00178	0.07813	0.00570	0.00360	0.00720
7	0.00830	0.01478	0.35539	0.01081	0.01447	0.00787	0.01145	0.01156	0.01059	0.01495	0.02035	0.45304	0.02232	0.01140	0.00598	0.00194	0.00519	0.01005	0.00371	0.00587
8	0.00673	0.00472	0.00605	0.00700	0.00723	0.00448	0.00452	0.00744	0.00956	0.01275	0.02628	0.63290	0.03136	0.19935	0.01137	0.00283	0.00354	0.01335	0.00452	0.00404
9	0.04309	0.18543	0.02120	0.15259	0.19488	0.04954	0.11512	0.01523	0.01105	0.01487	0.01006	0.01299	0.02959	0.00565	0.00659	0.00164	0.11659	0.00456	0.00256	0.00677
10	0.01483	0.11211	0.33497	0.01400	0.01904	0.31818	0.04019	0.03177	0.01279	0.01495	0.00875	0.01038	0.00685	0.00529	0.00522	0.00152	0.03598	0.00371	0.00250	0.00697
11	0.00761	0.00483	0.00618	0.00700	0.00762	0.00454	0.00481	0.00889	0.01065	0.04027	0.05837	0.62299	0.03137	0.01429	0.00618	0.00196	0.00299	0.01283	0.14203	0.00458
12	0.06090	0.01622	0.32632	0.16634	0.05737	0.01063	0.03316	0.01517	0.04031	0.03122	0.15980	0.01787	0.01580	0.00686	0.01861	0.00180	0.00627	0.00533	0.00325	0.00676
13	0.01324	0.13135	0.04685	0.43030	0.02714	0.12681	0.03440	0.09991	0.01293	0.01573	0.00933	0.01235	0.00721	0.00528	0.00495	0.00159	0.00715	0.00426	0.00273	0.00650
14	0.00734	0.00534	0.00703	0.00758	0.00858	0.00503	0.00583	0.00924	0.01250	0.01684	0.28896	0.27860	0.10267	0.01378	0.00668	0.00203	0.00332	0.20873	0.00521	0.00470
15	0.00644	0.00460	0.00613	0.00736	0.00767	0.00429	0.00491	0.00736	0.01012	0.01350	0.02914	0.81076	0.03497	0.01656	0.00675	0.00215	0.00307	0.01503	0.00491	0.00429
16	0.01409	0.23709	0.25083	0.03906	0.01880	0.14084	0.06668	0.07474	0.07938	0.01660	0.01008	0.01136	0.00785	0.00521	0.00469	0.00149	0.00709	0.00397	0.00286	0.00729
17	0.85155	0.01022	0.00777	0.00695	0.01022	0.01186	0.00573	0.01554	0.00900	0.02372	0.00736	0.00859	0.00573	0.00491	0.00327	0.00164	0.00409	0.00286	0.00327	0.00573
18	0.00697	0.00538	0.00636	0.00612	0.00759	0.00477	0.00459	0.00899	0.01376	0.01835	0.47977	0.04418	0.35033	0.01187	0.00624	0.00171	0.00257	0.01022	0.00544	0.00477
19	0.01369	0.01212	0.01845	0.24538	0.37430	0.01330	0.01426	0.17932	0.01429	0.01956	0.01028	0.01323	0.00808	0.00540	0.00570	0.00166	0.03543	0.00471	0.00312	0.00771
20	0.00769	0.00582	0.00684	0.00784	0.00849	0.04076	0.00565	0.00902	0.01077	0.01439	0.02697	0.58071	0.03109	0.01484	0.00649	0.00208	0.00361	0.13615	0.07627	0.00453
21	0.00976	0.00812	0.00889	0.00850	0.01052	0.00869	0.00640	0.01773	0.37947	0.01870	0.11521	0.18202	0.18319	0.01071	0.00592	0.00185	0.00346	0.00922	0.00524	0.00638
22	0.04958	0.01890	0.36477	0.17316	0.05386	0.01246	0.21998	0.01608	0.01134	0.01649	0.00972	0.01254	0.00714	0.00490	0.00533	0.00172	0.00773	0.00468	0.00244	0.00717
23	0.01060	0.02735	0.78682	0.01507	0.02288	0.01228	0.01953	0.01674	0.01116	0.01674	0.00949	0.01116	0.00670	0.00502	0.00502	0.00167	0.00781	0.00391	0.00223	0.00781
24	0.01480	0.00673	0.00910	0.00835	0.01049	0.00598	0.00629	0.01626	0.01254	0.38666	0.02513	0.42726	0.02438	0.01172	0.00606	0.00190	0.00376	0.01033	0.00570	0.00657
25	0.01859	0.01406	0.01502	0.01186	0.01582	0.01569	0.00968	0.60376	0.18716	0.03088	0.01461	0.01422	0.01054	0.00653	0.00531	0.00163	0.00546	0.00502	0.00531	0.00886
26	0.01149	0.00938	0.01102	0.00790	0.01257	0.00708	0.00633	0.01383	0.01114	0.04926	0.00987	0.01126	0.00805	0.00402	0.00397	0.00082	0.00394	0.00322	0.00327	0.81157
27	0.04561	0.00995	0.01643	0.64268	0.15702	0.01188	0.01456	0.01404	0.01074	0.01455	0.00940	0.01370	0.00721	0.00518	0.00519	0.00173	0.00680	0.00462	0.00243	0.00628
28	0.01188	0.00937	0.01011	0.00897	0.01148	0.00995	0.00696	0.21879	0.21209	0.02162	0.05664	0.15195	0.22781	0.01027	0.00584	0.00179	0.00398	0.00863	0.00517	0.00670
29	0.01008	0.00971	0.01789	0.14269	0.16189	0.00972	0.22792	0.01292	0.01132	0.01530	0.01704	0.27093	0.01758	0.00897	0.00611	0.00189	0.00607	0.04237	0.00343	0.00615
30	0.01877	0.42633	0.02024	0.00922	0.01353	0.01456	0.00843	0.02064	0.01287	0.38611	0.01388	0.01308	0.00983	0.00550	0.00432	0.00138	0.00509	0.00403	0.00433	0.00785
31	0.01050	0.00935	0.01622	0.39475	0.02587	0.01063	0.13430	0.01349	0.01089	0.04944	0.01383	0.10790	0.01270	0.00911	0.04418	0.00221	0.06320	0.06242	0.00309	0.00591
32	0.00695	0.00506	0.00657	0.00701	0.00786	0.00468	0.00502	0.00863	0.01240	0.01691	0.34734	0.39516	0.09829	0.01381	0.00652	0.00193	0.00287	0.04308	0.00529	0.00462
33	0.00719	0.00540	0.00751	0.00749	0.00850	0.00502	0.03334	0.00900	0.01250	0.01720	0.38073	0.35678	0.07436	0.02680	0.02129	0.00206	0.00324	0.01166	0.00519	0.00472
34	0.02185	0.01200	0.01413	0.01083	0.01499	0.01222	0.00895	0.40668	0.02015	0.39689	0.01664	0.01526	0.01097	0.00644	0.00530	0.00161	0.00518	0.00503	0.00590	0.00899
35	0.00766	0.00523	0.00629	0.00629	0.00647	0.00541	0.00386	0.00802	0.00784	0.01064	0.01618	0.03194	0.01807	0.66562	0.17392	0.00577	0.00686	0.00730	0.00313	0.00349
36	0.85155	0.01022	0.00777	0.00695	0.01022	0.01186	0.00573	0.01554	0.00900	0.02372	0.00736	0.00859	0.00573	0.00491	0.00327	0.00164	0.00409	0.00286	0.00327	0.00573
37	0.01060	0.02735	0.78682	0.01507	0.02288	0.01228	0.01953	0.01674	0.01116	0.01674	0.00949	0.01116	0.00670	0.00502	0.00502	0.00167	0.00781	0.00391	0.00223	0.00781
38	0.00827	0.00708	0.01115	0.41734	0.02251	0.00814	0.00995	0.01053	0.01035	0.01350	0.01895	0.39948	0.02055	0.01074	0.00599	0.00195	0.00512	0.00970	0.00359	0.00511
39	0.00763	0.00514	0.00665	0.00763	0.00842	0.00496	0.00579	0.00929	0.01097	0.01525	0.02765	0.42467	0.05461	0.01415	0.00640	0.00207	0.00351	0.23870	0.14193	0.00458
40	0.02010	0.01481	0.01587	0.01216	0.01639	0.01639	0.01005	0.76360	0.02486	0.03332	0.01269	0.01269	0.00899	0.00635	0.00529	0.00159	0.00582	0.00476	0.00529	0.00899
41	0.01086	0.00864	0.00954	0.00862	0.01089	0.00933	0.00666	0.06684	0.35364	0.02166	0.27829	0.02883	0.09827	0.00886	0.00565	0.00170	0.00348	0.00753	0.05399	0.00671
42	0.01058	0.01020	0.01570	0.42027	0.02533	0.01350	0.01297	0.01299	0.00939	0.01311	0.00851	0.01326	0.00726	0.00847	0.04350	0.00229	0.35984	0.00471	0.00235	0.00578
43	0.00655	0.00502	0.00602	0.00660	0.00759	0.00449	0.00469	0.00785	0.01146	0.01476	0.12641	0.41737	0.31220	0.01465	0.00652	0.00196	0.00291	0.03348	0.00501	0.00445
44	0.41601	0.00786	0.00775	0.00775	0.00988	0.00857	0.00636	0.01273	0.01086	0.02021	0.12471	0.09651	0.02163	0.00954	0.00515	0.00191	0.00400	0.21909	0.00423	0.00525
45	0.01641	0.00816	0.01168	0.13979	0.02905	0.00802	0.00847	0.01847	0.01309	0.41236	0.08425	0.14396	0.01830	0.00856	0.00637	0.01572	0.03794	0.00706	0.00522	0.00714
46	0.07777	0.01119	0.14853	0.00894	0.01281	0.00805	0.00855	0.01951	0.01280	0.37025	0.01679	0.01658	0.01154	0.00604	0.00465	0.00153	0.00447	0.00477	0.24786	0.00737
47	0.00889	0.00845	0.01158	0.26212	0.01880	0.04393	0.07025	0.01159	0.03497	0.01453	0.05826	0.04623	0.34112	0.03860	0.00661	0.00188	0.00504	0.00806	0.00379	0.00530
48	0.00731	0.00522	0.00714	0.00836	0.00905	0.00505	0.00643	0.00887	0.01098	0.01447	0.02866	0.49486	0.03306	0.01574	0.00698	0.00227	0.00382	0.32230	0.00489	0.00454
49	0.01565	0.03014	0.01608	0.07156	0.11792	0.32608	0.07755	0.05284	0.01395	0.07034	0.07643	0.01579	0.02360	0.02892	0.03868	0.00191	0.00765	0.00496	0.00338	0.00659

[dist]
# distance from previous block
# <min> <max>
5	13

[block]
# block no. 5 follows, 46 sequences, length 14
# corresponding to MSA columns:
# 412-425
name=unknown_F
#
# <colnr> <probs for GDERKNQSTAVLIFYWHMCP>
#	G	D	E	R	K	N	Q	S	T	A	V	L	I	F	Y	W	H	M	C	P
0	0.01652	0.00793	0.01035	0.00859	0.01149	0.00732	0.00690	0.04642	0.05856	0.40806	0.29613	0.02725	0.02712	0.00842	0.00573	0.00168	0.00381	0.03425	0.00611	0.00735
1	0.01107	0.01494	0.22284	0.01569	0.06827	0.01062	0.24382	0.01595	0.06419	0.04263	0.18079	0.02094	0.05081	0.00665	0.00576	0.00171	0.00632	0.00641	0.00364	0.00695
2	0.01462	0.00951	0.01393	0.35412	0.02328	0.01026	0.01084	0.03838	0.01214	0.24694	0.01291	0.01507	0.00929	0.02401	0.00656	0.00171	0.06946	0.00474	0.00382	0.11841
3	0.00789	0.00556	0.00676	0.00652	0.00745	0.00548	0.00457	0.01004	0.04446	0.01672	0.36694	0.03495	0.06767	0.26422	0.07160	0.00324	0.00427	0.00830	0.05883	0.00453
4	0.01363	0.70461	0.13607	0.00991	0.01490	0.01968	0.01054	0.01596	0.01080	0.01305	0.00765	0.00886	0.00677	0.00459	0.00362	0.00121	0.00596	0.00298	0.00226	0.00693
5	0.02276	0.01054	0.01322	0.01014	0.01426	0.01005	0.00837	0.22117	0.01771	0.58585	0.01869	0.01659	0.01200	0.00649	0.00531	0.00162	0.00485	0.00517	0.00621	0.00900
6	0.00955	0.00679	0.01099	0.37041	0.02039	0.00786	0.00921	0.00992	0.00857	0.01116	0.00928	0.01517	0.00821	0.01238	0.01363	0.45988	0.00571	0.00464	0.00232	0.00393
7	0.01482	0.18463	0.10854	0.01528	0.08421	0.10083	0.13946	0.12500	0.11239	0.03239	0.01131	0.01258	0.00877	0.00542	0.00521	0.00155	0.02219	0.00452	0.00332	0.00757
8	0.00666	0.00494	0.00623	0.00696	0.00774	0.00451	0.00490	0.00797	0.01135	0.01497	0.15324	0.50965	0.18040	0.01495	0.00659	0.00201	0.00298	0.04441	0.00505	0.00446
9	0.46493	0.00765	0.00702	0.00714	0.00905	0.00840	0.00535	0.01180	0.00951	0.01904	0.01732	0.37557	0.01910	0.01024	0.00486	0.00187	0.00362	0.00843	0.00402	0.00507
10	0.00774	0.00617	0.00899	0.06836	0.01163	0.00596	0.05233	0.00989	0.01246	0.01665	0.26658	0.22038	0.14101	0.01236	0.00647	0.00194	0.00380	0.13748	0.00486	0.00493
11	0.01386	0.01021	0.01270	0.19518	0.01830	0.01116	0.00947	0.30903	0.01688	0.07000	0.05472	0.10940	0.09814	0.00857	0.00569	0.00175	0.00518	0.03828	0.00460	0.00689
12	0.01310	0.29392	0.07122	0.01030	0.01410	0.01549	0.00925	0.02232	0.42375	0.01832	0.04479	0.01596	0.01351	0.00624	0.00469	0.00155	0.00489	0.00487	0.00409	0.00765
13	0.01550	0.14634	0.05156	0.01112	0.03696	0.13117	0.00917	0.12962	0.12331	0.08614	0.04530	0.01377	0.01110	0.00568	0.00469	0.00137	0.00561	0.00432	0.00393	0.16335

[dist]
# distance from previous block
# <min> <max>
2	170

[block]
# block no. 6 follows, 46 sequences, length 7
# corresponding to MSA columns:
# 596-602
name=unknown_G
#
# <colnr> <probs for GDERKNQSTAVLIFYWHMCP>
#	G	D	E	R	K	N	Q	S	T	A	V	L	I	F	Y	W	H	M	C	P
0	0.00790	0.00577	0.00750	0.00734	0.00770	0.00643	0.00505	0.00869	0.00802	0.01118	0.01506	0.02784	0.01613	0.46871	0.31397	0.00620	0.06285	0.00672	0.00300	0.00395
1	0.47082	0.00769	0.00703	0.00714	0.00907	0.00845	0.00536	0.01186	0.00950	0.01911	0.01717	0.36998	0.01890	0.01016	0.00484	0.00187	0.00363	0.00834	0.00401	0.00508
2	0.01286	0.29655	0.21413	0.05614	0.07131	0.05408	0.19261	0.01649	0.01155	0.01497	0.00899	0.01117	0.00718	0.00473	0.00476	0.00149	0.00727	0.00416	0.00240	0.00715
3	0.02336	0.00958	0.01263	0.00968	0.01379	0.00863	0.00800	0.09967	0.01611	0.70961	0.02004	0.01746	0.01268	0.00652	0.00531	0.00163	0.00463	0.00526	0.00642	0.00900
4	0.01280	0.09783	0.23967	0.08430	0.11725	0.12746	0.04636	0.03885	0.07025	0.01688	0.08721	0.01483	0.01213	0.00577	0.00508	0.00158	0.00677	0.00475	0.00307	0.00713
5	0.00720	0.00529	0.00675	0.00659	0.00778	0.00484	0.00486	0.00936	0.01400	0.01939	0.59657	0.14075	0.13325	0.01186	0.00630	0.00174	0.00259	0.01046	0.00559	0.00484
6	0.01087	0.17281	0.01423	0.06815	0.01351	0.06702	0.05263	0.01287	0.03103	0.05344	0.03774	0.35428	0.03907	0.01050	0.00605	0.00178	0.03539	0.00906	0.00391	0.00565

[dist]
# distance from previous block
# <min> <max>
0	4

[block]
# block no. 7 follows, 46 sequences, length 8
# corresponding to MSA columns:
# 607-614
name=unknown_H
#
# <colnr> <probs for GDERKNQSTAVLIFYWHMCP>
#	G	D	E	R	K	N	Q	S	T	A	V	L	I	F	Y	W	H	M	C	P
0	0.05151	0.05879	0.12087	0.00944	0.01439	0.00971	0.00876	0.08261	0.01260	0.10444	0.01078	0.01168	0.00821	0.00466	0.00429	0.00113	0.00480	0.00360	0.00354	0.47420
1	0.01419	0.08049	0.04578	0.26648	0.12124	0.05908	0.01186	0.10545	0.04554	0.11535	0.03756	0.05067	0.01122	0.00620	0.00518	0.00163	0.00609	0.00520	0.00364	0.00714
2	0.00808	0.00753	0.05414	0.07940	0.01181	0.00640	0.02333	0.01077	0.04591	0.03142	0.14058	0.08527	0.37216	0.03668	0.00667	0.00189	0.00377	0.03544	0.03360	0.00517
3	0.06518	0.32108	0.02039	0.18646	0.09550	0.01465	0.04007	0.01733	0.01165	0.16506	0.01083	0.01227	0.00822	0.00513	0.00447	0.00147	0.00583	0.00405	0.00323	0.00712
4	0.04012	0.06168	0.10324	0.18752	0.12273	0.09611	0.01159	0.03611	0.05534	0.06313	0.05693	0.03779	0.07413	0.00657	0.00516	0.00161	0.00599	0.00543	0.00343	0.02539
5	0.04592	0.06899	0.14250	0.03708	0.03518	0.08042	0.01028	0.09150	0.05024	0.27751	0.03510	0.01643	0.04342	0.00630	0.00502	0.00158	0.00561	0.00494	0.03430	0.00770
6	0.14231	0.00770	0.01049	0.03638	0.01173	0.00780	0.09767	0.03050	0.01050	0.06723	0.03281	0.14085	0.04751	0.26419	0.01235	0.00290	0.00500	0.06312	0.00388	0.00507
7	0.04486	0.06300	0.06731	0.17152	0.08714	0.03061	0.01071	0.08983	0.03296	0.24693	0.03983	0.04073	0.01182	0.00625	0.00510	0.00162	0.00552	0.00515	0.03164	0.00747

[dist]
# distance from previous block
# <min> <max>
1	4

[block]
# block no. 8 follows, 46 sequences, length 17
# corresponding to MSA columns:
# 619-635
name=unknown_I
#
# <colnr> <probs for GDERKNQSTAVLIFYWHMCP>
#	G	D	E	R	K	N	Q	S	T	A	V	L	I	F	Y	W	H	M	C	P
0	0.01366	0.00844	0.00984	0.04788	0.01190	0.03012	0.00674	0.12872	0.03063	0.20309	0.08845	0.12445	0.14477	0.09599	0.00798	0.00209	0.00433	0.00793	0.02663	0.00635
1	0.11288	0.35902	0.06981	0.04593	0.01584	0.11030	0.04246	0.05320	0.03162	0.06563	0.00964	0.01131	0.00786	0.00532	0.00456	0.00143	0.02773	0.01560	0.00300	0.00685
2	0.31769	0.11436	0.01380	0.09954	0.01549	0.03258	0.05361	0.01529	0.01065	0.04856	0.03071	0.01138	0.00822	0.00488	0.00406	0.00138	0.00500	0.00364	0.00315	0.20600
3	0.05884	0.07077	0.01731	0.06230	0.19246	0.22373	0.04612	0.07358	0.01409	0.17378	0.01159	0.01267	0.00862	0.00542	0.00495	0.00152	0.00678	0.00433	0.00364	0.00749
4	0.01124	0.01157	0.10180	0.19970	0.03367	0.01064	0.05654	0.05916	0.17850	0.03341	0.09328	0.02250	0.06607	0.00727	0.00552	0.00173	0.00543	0.04665	0.02524	0.03007
5	0.00748	0.00540	0.00707	0.00665	0.00790	0.00499	0.00499	0.00998	0.01496	0.02120	0.77844	0.03949	0.04988	0.01081	0.00624	0.00166	0.00249	0.00956	0.00582	0.00499
6	0.01345	0.00761	0.00971	0.00789	0.01080	0.00661	0.00624	0.03890	0.01448	0.24831	0.36707	0.02625	0.02880	0.00795	0.00544	0.00147	0.00349	0.00679	0.00545	0.18328
7	0.00682	0.00504	0.00637	0.00675	0.00767	0.00459	0.00479	0.00843	0.01234	0.01665	0.32765	0.38152	0.16436	0.01377	0.00646	0.00190	0.00278	0.01224	0.00527	0.00459
8	0.01018	0.00825	0.00927	0.00846	0.01060	0.00879	0.00650	0.04047	0.34042	0.02127	0.35757	0.03130	0.10658	0.00936	0.00584	0.00173	0.00334	0.00803	0.00552	0.00651
9	0.01284	0.01269	0.02081	0.01607	0.02014	0.01325	0.35544	0.02295	0.42205	0.01973	0.01653	0.01721	0.01240	0.00592	0.00578	0.00179	0.00636	0.00610	0.00413	0.00780
10	0.85155	0.01022	0.00777	0.00695	0.01022	0.01186	0.00573	0.01554	0.00900	0.02372	0.00736	0.00859	0.00573	0.00491	0.00327	0.00164	0.00409	0.00286	0.00327	0.00573
11	0.00767	0.00519	0.00608	0.00608	0.00619	0.00529	0.00359	0.00789	0.00778	0.01048	0.01637	0.03301	0.01853	0.72558	0.11459	0.00551	0.00616	0.00746	0.00316	0.00338
12	0.00639	0.00536	0.00555	0.00550	0.00722	0.00452	0.00412	0.00785	0.01237	0.01505	0.13412	0.04961	0.69804	0.01310	0.00625	0.00177	0.00266	0.01098	0.00501	0.00452
13	0.43802	0.00961	0.01002	0.00818	0.01186	0.00982	0.00675	0.02065	0.01206	0.40396	0.01410	0.01329	0.00940	0.00572	0.00429	0.00164	0.00429	0.00409	0.00491	0.00736
14	0.16925	0.01242	0.01569	0.01409	0.07964	0.01501	0.04549	0.22083	0.01342	0.02102	0.00903	0.01158	0.00745	0.00704	0.00988	0.00190	0.33154	0.00442	0.00335	0.00694
15	0.01350	0.36772	0.01844	0.00947	0.01294	0.03852	0.00825	0.05318	0.23840	0.03910	0.13324	0.01718	0.01660	0.00646	0.00461	0.00145	0.00481	0.00499	0.00402	0.00712
16	0.03029	0.01152	0.02977	0.05108	0.06242	0.02759	0.00905	0.23215	0.03870	0.15862	0.05015	0.01666	0.02429	0.00617	0.00503	0.00145	0.00503	0.02739	0.00454	0.20809

[dist]
# distance from previous block
# <min> <max>
1	8

[block]
# block no. 9 follows, 46 sequences, length 23
# corresponding to MSA columns:
# 644-666
name=unknown_J
#
# <colnr> <probs for GDERKNQSTAVLIFYWHMCP>
#	G	D	E	R	K	N	Q	S	T	A	V	L	I	F	Y	W	H	M	C	P
0	0.61963	0.00991	0.00861	0.00845	0.05212	0.03015	0.00626	0.01501	0.01013	0.05085	0.06333	0.01480	0.06299	0.02381	0.00442	0.00171	0.00418	0.00420	0.00363	0.00581
1	0.01439	0.01385	0.17904	0.26552	0.17655	0.01113	0.01419	0.03489	0.01245	0.20796	0.01246	0.01421	0.00879	0.00545	0.00523	0.00167	0.00639	0.00469	0.00349	0.00763
2	0.00976	0.00827	0.00879	0.00815	0.01044	0.00874	0.00626	0.01785	0.37997	0.01905	0.14102	0.03419	0.30640	0.01001	0.00583	0.00177	0.00338	0.00842	0.00527	0.00643
3	0.01197	0.00815	0.00857	0.00788	0.01007	0.00896	0.00608	0.02037	0.37388	0.05103	0.01942	0.01965	0.01477	0.00666	0.00456	0.00152	0.00336	0.00544	0.41093	0.00673
4	0.01035	0.00843	0.00954	0.00881	0.01091	0.00916	0.00673	0.01919	0.40533	0.02127	0.34817	0.06999	0.03168	0.00923	0.00582	0.00176	0.00340	0.00800	0.00554	0.00670
5	0.00644	0.00460	0.00613	0.00736	0.00767	0.00429	0.00491	0.00736	0.01012	0.01350	0.02914	0.81076	0.03497	0.01656	0.00675	0.00215	0.00307	0.01503	0.00491	0.00429
6	0.85155	0.01022	0.00777	0.00695	0.01022	0.01186	0.00573	0.01554	0.00900	0.02372	0.00736	0.00859	0.00573	0.00491	0.00327	0.00164	0.00409	0.00286	0.00327	0.00573
7	0.00998	0.00940	0.01586	0.80150	0.03641	0.01175	0.01468	0.01351	0.01057	0.01351	0.00940	0.01409	0.00705	0.00529	0.00529	0.00176	0.00705	0.00470	0.00235	0.00587
8	0.85155	0.01022	0.00777	0.00695	0.01022	0.01186	0.00573	0.01554	0.00900	0.02372	0.00736	0.00859	0.00573	0.00491	0.00327	0.00164	0.00409	0.00286	0.00327	0.00573
9	0.85155	0.01022	0.00777	0.00695	0.01022	0.01186	0.00573	0.01554	0.00900	0.02372	0.00736	0.00859	0.00573	0.00491	0.00327	0.00164	0.00409	0.00286	0.00327	0.00573
10	0.02010	0.01481	0.01587	0.01216	0.01639	0.01639	0.01005	0.76360	0.02486	0.03332	0.01269	0.01269	0.00899	0.00635	0.00529	0.00159	0.00582	0.00476	0.00529	0.00899
11	0.01413	0.81739	0.02770	0.00905	0.01357	0.02092	0.00905	0.01583	0.01074	0.01244	0.00735	0.00848	0.00678	0.00452	0.00339	0.00113	0.00565	0.00283	0.00226	0.00678
12	0.00969	0.00787	0.00895	0.00900	0.01061	0.00858	0.00658	0.01739	0.37856	0.01767	0.02545	0.42806	0.02586	0.01202	0.00609	0.00198	0.00361	0.01065	0.00514	0.00626
13	0.01712	0.01333	0.01419	0.01156	0.01526	0.01500	0.00933	0.44822	0.34509	0.02851	0.01648	0.01571	0.01206	0.00670	0.00533	0.00168	0.00512	0.00528	0.00533	0.00872
14	0.42422	0.00959	0.01009	0.00822	0.01191	0.00975	0.00678	0.02082	0.01216	0.41665	0.01433	0.01344	0.00953	0.00575	0.00433	0.00164	0.00430	0.00413	0.00496	0.00741
15	0.06132	0.01193	0.01297	0.01075	0.01431	0.01312	0.00863	0.24850	0.37513	0.15808	0.01800	0.01672	0.01291	0.00669	0.00523	0.00170	0.00473	0.00533	0.00544	0.00853
16	0.01055	0.00700	0.00965	0.00901	0.01074	0.00682	0.05393	0.01421	0.12609	0.13023	0.14157	0.40488	0.02950	0.01201	0.00622	0.00192	0.00373	0.01083	0.00522	0.00589
17	0.00702	0.00510	0.00576	0.00599	0.00660	0.00477	0.00383	0.00766	0.00965	0.01239	0.05316	0.19268	0.24214	0.40136	0.01634	0.00347	0.00393	0.01019	0.00411	0.00384
18	0.43066	0.00960	0.01006	0.00820	0.01189	0.00978	0.00676	0.02074	0.01212	0.41072	0.01422	0.01337	0.00947	0.00574	0.00431	0.00164	0.00430	0.00411	0.00493	0.00739
19	0.02230	0.00903	0.01216	0.04052	0.01413	0.00812	0.00792	0.05357	0.01512	0.68454	0.01989	0.01772	0.01271	0.00647	0.00523	0.00162	0.00454	0.00525	0.05050	0.00866
20	0.01540	0.00715	0.00950	0.00856	0.01089	0.00651	0.00666	0.03859	0.01309	0.38189	0.02387	0.29425	0.02222	0.03301	0.00653	0.00196	0.00403	0.07528	0.03391	0.00671
21	0.06534	0.00520	0.00620	0.00690	0.00764	0.00507	0.00481	0.00888	0.01043	0.01535	0.07473	0.50078	0.04954	0.07225	0.00757	0.00218	0.00323	0.03965	0.10976	0.00446
22	0.27814	0.04346	0.07074	0.09435	0.08526	0.03915	0.14840	0.03453	0.03373	0.04930	0.00982	0.01177	0.00749	0.00495	0.00461	0.00158	0.00603	0.00418	0.00311	0.06940

[dist]
# distance from previous block
# <min> <max>
0	7

[block]
# block no. 10 follows, 46 sequences, length 79
# corresponding to MSA columns:
# 674-699,702-754
name=unknown_K
#
# <colnr> <probs for GDERKNQSTAVLIFYWHMCP>
#	G	D	E	R	K	N	Q	S	T	A	V	L	I	F	Y	W	H	M	C	P
0	0.01615	0.00717	0.00965	0.00832	0.01081	0.00642	0.00642	0.01783	0.01316	0.43648	0.10628	0.20438	0.02267	0.07097	0.03587	0.00227	0.00434	0.00822	0.00570	0.00688
1	0.01510	0.35791	0.05598	0.01154	0.03938	0.02774	0.08030	0.05446	0.05999	0.15131	0.03429	0.06631	0.01183	0.00615	0.00468	0.00147	0.00560	0.00500	0.00369	0.00728
2	0.01091	0.01973	0.43489	0.22761	0.17198	0.01219	0.01761	0.01578	0.01117	0.01598	0.00955	0.01231	0.00711	0.00503	0.00513	0.00168	0.00732	0.00427	0.00234	0.00740
3	0.00707	0.00546	0.00707	0.00703	0.00828	0.00545	0.00534	0.00888	0.01116	0.01499	0.20054	0.07252	0.26418	0.02372	0.32876	0.00452	0.00736	0.00873	0.00426	0.00468
4	0.01162	0.02025	0.37718	0.01898	0.02546	0.01287	0.42206	0.01685	0.01187	0.01685	0.01014	0.01284	0.00741	0.00472	0.00568	0.00173	0.00841	0.00517	0.00247	0.00744
5	0.00700	0.00536	0.00621	0.00600	0.00749	0.00475	0.00450	0.00897	0.01349	0.01798	0.41885	0.04398	0.38245	0.01182	0.00615	0.00170	0.00258	0.01012	0.03587	0.00475
6	0.00918	0.00459	0.00689	0.00689	0.00689	0.00459	0.00459	0.00689	0.00689	0.00918	0.00918	0.01607	0.00918	0.01837	0.02066	0.84619	0.00459	0.00459	0.00230	0.00230
7	0.01311	0.01201	0.01711	0.02252	0.42982	0.01283	0.01263	0.02166	0.35986	0.01949	0.01524	0.01612	0.01193	0.00584	0.00530	0.00167	0.00532	0.00529	0.00388	0.00837
8	0.01413	0.81739	0.02770	0.00905	0.01357	0.02092	0.00905	0.01583	0.01074	0.01244	0.00735	0.00848	0.00678	0.00452	0.00339	0.00113	0.00565	0.00283	0.00226	0.00678
9	0.00748	0.00540	0.00707	0.00665	0.00790	0.00499	0.00499	0.00998	0.01496	0.02120	0.77844	0.03949	0.04988	0.01081	0.00624	0.00166	0.00249	0.00956	0.00582	0.00499
10	0.01343	0.38129	0.02135	0.01165	0.01395	0.08418	0.01030	0.01485	0.00989	0.01261	0.00723	0.00998	0.00686	0.00677	0.00990	0.00169	0.37177	0.00370	0.00232	0.00627
11	0.85155	0.01022	0.00777	0.00695	0.01022	0.01186	0.00573	0.01554	0.00900	0.02372	0.00736	0.00859	0.00573	0.00491	0.00327	0.00164	0.00409	0.00286	0.00327	0.00573
12	0.00757	0.00574	0.00722	0.00798	0.00937	0.00539	0.00666	0.00952	0.01203	0.01513	0.03760	0.09293	0.31041	0.01425	0.00688	0.00218	0.00396	0.43561	0.00489	0.00469
13	0.00773	0.00544	0.00718	0.00785	0.00846	0.00551	0.00587	0.00902	0.00984	0.01311	0.02267	0.18798	0.02532	0.27451	0.12163	0.00408	0.00589	0.26963	0.00406	0.00421
14	0.01588	0.01271	0.01349	0.01131	0.01479	0.01442	0.00903	0.31706	0.47827	0.02652	0.01805	0.01696	0.01333	0.00685	0.00534	0.00171	0.00483	0.00550	0.00534	0.00861
15	0.01852	0.01103	0.01261	0.01020	0.01378	0.01158	0.00825	0.24989	0.22044	0.28173	0.01822	0.01700	0.01270	0.00662	0.00518	0.00163	0.00463	0.00529	0.08227	0.00845
16	0.01448	0.76875	0.02692	0.00933	0.01374	0.06833	0.00912	0.01615	0.01100	0.01247	0.00740	0.00854	0.00679	0.00458	0.00348	0.00114	0.00589	0.00286	0.00229	0.00674
17	0.01096	0.00940	0.01096	0.00783	0.01253	0.00705	0.00626	0.01331	0.01096	0.01723	0.00940	0.01096	0.00783	0.00392	0.00392	0.00078	0.00392	0.00313	0.00313	0.84653
18	0.01032	0.00974	0.01647	0.71684	0.11840	0.01184	0.01485	0.01381	0.01073	0.01392	0.00946	0.01398	0.00719	0.00522	0.00528	0.00174	0.00696	0.00470	0.00238	0.00615
19	0.00826	0.00611	0.00889	0.00852	0.00966	0.00628	0.04227	0.01008	0.01096	0.03778	0.19203	0.16172	0.04845	0.09698	0.22982	0.00410	0.03302	0.07600	0.00422	0.00485
20	0.00744	0.00540	0.00700	0.00660	0.00787	0.00497	0.00495	0.00989	0.01486	0.02095	0.75222	0.03990	0.07626	0.01090	0.00624	0.00167	0.00250	0.00962	0.00579	0.00497
21	0.01380	0.01179	0.03574	0.05332	0.13056	0.01082	0.00964	0.20722	0.01471	0.03417	0.01049	0.01202	0.00821	0.00489	0.00480	0.00122	0.01765	0.00395	0.00359	0.41139
22	0.06235	0.12451	0.06078	0.03590	0.03581	0.32297	0.01043	0.03760	0.03100	0.11793	0.01016	0.01136	0.00792	0.00592	0.00617	0.00155	0.10370	0.00390	0.00324	0.00681
23	0.02342	0.00947	0.01256	0.00963	0.01373	0.00848	0.00796	0.08627	0.01593	0.72326	0.02019	0.01756	0.01275	0.00653	0.00531	0.00163	0.00461	0.00527	0.00644	0.00900
24	0.00850	0.00718	0.01094	0.37057	0.02090	0.00801	0.00937	0.01131	0.01251	0.01685	0.34285	0.07358	0.06928	0.00876	0.00583	0.00174	0.00462	0.00774	0.00413	0.00532
25	0.00932	0.00797	0.00895	0.00790	0.01049	0.04405	0.00584	0.01097	0.01077	0.01531	0.01838	0.37710	0.02020	0.00978	0.00525	0.00144	0.00380	0.00859	0.00393	0.41998
26	0.00680	0.00523	0.00622	0.00629	0.00756	0.00465	0.00459	0.00853	0.01287	0.01698	0.34813	0.19688	0.33030	0.01295	0.00634	0.00181	0.00268	0.01127	0.00528	0.00465
27	0.03149	0.08060	0.05632	0.09425	0.28580	0.03294	0.04826	0.08560	0.01273	0.01798	0.00972	0.01204	0.00785	0.00475	0.00477	0.00138	0.00595	0.00415	0.00293	0.20049
28	0.01415	0.05036	0.03333	0.10137	0.09639	0.02861	0.03123	0.25465	0.01490	0.04485	0.01220	0.01681	0.01041	0.13985	0.03817	0.00246	0.06972	0.00517	0.02851	0.00685
29	0.00776	0.00521	0.00684	0.00707	0.00804	0.00479	0.00506	0.00948	0.01267	0.05465	0.37801	0.39191	0.06185	0.01331	0.00643	0.00189	0.00286	0.01190	0.00541	0.00485
30	0.01586	0.34279	0.01971	0.01052	0.01455	0.01741	0.00920	0.26769	0.21149	0.02188	0.01278	0.01278	0.00993	0.00581	0.00453	0.00145	0.00533	0.00428	0.00407	0.00793
31	0.00758	0.00555	0.00790	0.00790	0.00864	0.00629	0.00587	0.00906	0.00832	0.01183	0.01470	0.02377	0.01452	0.20797	0.62672	0.00776	0.01220	0.00610	0.00291	0.00439
32	0.01065	0.07841	0.34891	0.37497	0.02854	0.01273	0.04353	0.01520	0.01091	0.01494	0.00933	0.01241	0.00691	0.00508	0.00506	0.00168	0.00734	0.00427	0.00230	0.00682
33	0.01060	0.02735	0.78682	0.01507	0.02288	0.01228	0.01953	0.01674	0.01116	0.01674	0.00949	0.01116	0.00670	0.00502	0.00502	0.00167	0.00781	0.00391	0.00223	0.00781
34	0.02372	0.00900	0.01227	0.00941	0.01350	0.00777	0.00777	0.02576	0.01513	0.78489	0.02086	0.01799	0.01309	0.00654	0.00532	0.00164	0.00450	0.00532	0.00654	0.00900
35	0.01750	0.01312	0.02200	0.01611	0.02082	0.01288	0.35380	0.23937	0.01678	0.21156	0.01380	0.01472	0.00956	0.00553	0.00573	0.00169	0.00691	0.00557	0.00440	0.00814
36	0.01060	0.02735	0.78682	0.01507	0.02288	0.01228	0.01953	0.01674	0.01116	0.01674	0.00949	0.01116	0.00670	0.00502	0.00502	0.00167	0.00781	0.00391	0.00223	0.00781
37	0.00644	0.00460	0.00613	0.00736	0.00767	0.00429	0.00491	0.00736	0.01012	0.01350	0.02914	0.81076	0.03497	0.01656	0.00675	0.00215	0.00307	0.01503	0.00491	0.00429
38	0.02359	0.00921	0.01240	0.00951	0.01360	0.00808	0.00785	0.05260	0.01548	0.75756	0.02056	0.01780	0.01294	0.00654	0.00532	0.00163	0.00455	0.00530	0.00650	0.00900
39	0.01496	0.00717	0.01014	0.00882	0.01118	0.00709	0.00703	0.01686	0.01151	0.36597	0.01731	0.01994	0.01335	0.04952	0.40772	0.00525	0.00944	0.00557	0.00454	0.00663
40	0.00807	0.00556	0.00703	0.00758	0.00814	0.00556	0.00564	0.00918	0.00974	0.01280	0.02185	0.04606	0.02435	0.44809	0.01793	0.00389	0.00501	0.34558	0.00397	0.00397
41	0.85155	0.01022	0.00777	0.00695	0.01022	0.01186	0.00573	0.01554	0.00900	0.02372	0.00736	0.00859	0.00573	0.00491	0.00327	0.00164	0.00409	0.00286	0.00327	0.00573
42	0.02372	0.00900	0.01227	0.00941	0.01350	0.00777	0.00777	0.02576	0.01513	0.78489	0.02086	0.01799	0.01309	0.00654	0.00532	0.00164	0.00450	0.00532	0.00654	0.00900
43	0.01330	0.01455	0.09507	0.02663	0.46239	0.01306	0.19684	0.08001	0.01315	0.01850	0.01032	0.01316	0.00818	0.00482	0.00546	0.00163	0.00702	0.00501	0.00282	0.00807
44	0.00731	0.00540	0.00683	0.00647	0.00779	0.00491	0.00485	0.00964	0.01456	0.02023	0.67720	0.04108	0.15173	0.01117	0.00624	0.00168	0.00252	0.00978	0.00569	0.00491
45	0.00644	0.00460	0.00613	0.00736	0.00767	0.00429	0.00491	0.00736	0.01012	0.01350	0.02914	0.81076	0.03497	0.01656	0.00675	0.00215	0.00307	0.01503	0.00491	0.00429
46	0.01157	0.01157	0.01619	0.01388	0.01388	0.01619	0.01157	0.01272	0.00810	0.01272	0.00694	0.01157	0.00694	0.00925	0.01735	0.00231	0.80453	0.00463	0.00231	0.00578
47	0.01096	0.00940	0.01096	0.00783	0.01253	0.00705	0.00626	0.01331	0.01096	0.01723	0.00940	0.01096	0.00783	0.00392	0.00392	0.00078	0.00392	0.00313	0.00313	0.84653
48	0.00833	0.00750	0.01054	0.37020	0.02089	0.00824	0.00914	0.01137	0.04844	0.01451	0.05322	0.03218	0.36687	0.00930	0.00576	0.00177	0.00475	0.00790	0.00379	0.00531
49	0.01670	0.00820	0.00957	0.00786	0.01067	0.00805	0.00632	0.15528	0.01507	0.29634	0.01770	0.01780	0.01255	0.00633	0.00457	0.00144	0.00381	0.00504	0.38956	0.00713
