[name]
unknown

[dist]
# distance from previous block
# <min> <max>
0	249

[block]
# block no. 0 follows, 42 sequences, length 15
# corresponding to MSA columns:
# 647-661
name=unknown_A
#
# <colnr> <probs for GDERKNQSTAVLIFYWHMCP>
#	G	D	E	R	K	N	Q	S	T	A	V	L	I	F	Y	W	H	M	C	P
0	0.04788	0.01135	0.01372	0.01520	0.17175	0.04197	0.00995	0.13884	0.11954	0.02999	0.04922	0.02738	0.06654	0.06900	0.00762	0.00210	0.00543	0.11399	0.00449	0.05403
1	0.14272	0.10870	0.06663	0.01478	0.16027	0.01303	0.01062	0.07325	0.05706	0.07288	0.08189	0.01549	0.01304	0.00619	0.00553	0.00160	0.04090	0.00482	0.00387	0.10675
2	0.01150	0.00917	0.01140	0.04274	0.07832	0.04403	0.00831	0.06367	0.01292	0.06704	0.09264	0.11025	0.14391	0.08849	0.07276	0.00287	0.09529	0.03429	0.00436	0.00602
3	0.00937	0.00647	0.00849	0.00818	0.00969	0.00677	0.00625	0.01178	0.04648	0.07417	0.03932	0.03091	0.19236	0.09171	0.42505	0.00602	0.00987	0.00764	0.00407	0.00538
4	0.01410	0.01607	0.20314	0.32456	0.08863	0.04734	0.04491	0.03769	0.01291	0.12723	0.01191	0.01446	0.00855	0.00577	0.00577	0.00180	0.01938	0.00490	0.00326	0.00762
5	0.00798	0.00602	0.00807	0.07080	0.01092	0.00581	0.00621	0.01041	0.01451	0.01998	0.51660	0.13264	0.11201	0.01220	0.00667	0.00189	0.00325	0.04315	0.00564	0.00524
6	0.33225	0.01332	0.11628	0.10452	0.13443	0.01245	0.01138	0.01679	0.06965	0.02036	0.01188	0.07626	0.01031	0.00666	0.00546	0.00184	0.04069	0.00513	0.00338	0.00696
7	0.05193	0.10300	0.16781	0.05165	0.07891	0.04332	0.05767	0.01814	0.04495	0.13609	0.02184	0.07354	0.01210	0.03551	0.00741	0.00193	0.07731	0.00572	0.00369	0.00747
8	0.01483	0.33505	0.07822	0.06510	0.01670	0.05167	0.01062	0.13605	0.06672	0.01819	0.04324	0.01353	0.01054	0.00719	0.00672	0.06947	0.04123	0.00439	0.00337	0.00719
9	0.25138	0.01171	0.01377	0.01096	0.01477	0.04478	0.05746	0.07259	0.01423	0.37040	0.01514	0.01478	0.01029	0.00649	0.00607	0.00179	0.06541	0.00481	0.00510	0.00808
10	0.00993	0.00849	0.01114	0.00909	0.01237	0.00721	0.06265	0.01294	0.04835	0.01816	0.12868	0.11087	0.14113	0.00901	0.00567	0.00151	0.00411	0.03984	0.00441	0.35443
11	0.01216	0.01169	0.04640	0.06823	0.07538	0.01356	0.01140	0.07904	0.07274	0.01763	0.06996	0.08033	0.01486	0.01145	0.06276	0.00259	0.33311	0.00641	0.00358	0.00673
12	0.01168	0.07575	0.15657	0.04889	0.07798	0.01035	0.07967	0.01485	0.01214	0.06885	0.04361	0.14502	0.01771	0.03970	0.03472	0.00223	0.00633	0.08006	0.00379	0.07013
13	0.01161	0.07244	0.10794	0.07125	0.01562	0.01047	0.00944	0.09008	0.07482	0.02033	0.18559	0.05412	0.07273	0.00793	0.00552	0.00158	0.00485	0.00662	0.00436	0.17270
14	0.01102	0.19923	0.01479	0.07232	0.01355	0.01151	0.00800	0.02322	0.04538	0.01565	0.10442	0.02475	0.01828	0.14249	0.09835	0.00308	0.03585	0.06097	0.00361	0.09355

[dist]
# distance from previous block
# <min> <max>
0	12

[block]
# block no. 1 follows, 42 sequences, length 16
# corresponding to MSA columns:
# 675-690
name=unknown_B
#
# <colnr> <probs for GDERKNQSTAVLIFYWHMCP>
#	G	D	E	R	K	N	Q	S	T	A	V	L	I	F	Y	W	H	M	C	P
0	0.10363	0.04307	0.01353	0.05305	0.05764	0.02181	0.00887	0.22616	0.10000	0.05817	0.09212	0.06303	0.01679	0.06764	0.00718	0.00199	0.00519	0.00621	0.00473	0.04917
1	0.07356	0.01306	0.13729	0.07366	0.09476	0.01132	0.03281	0.02747	0.05552	0.04981	0.01392	0.09809	0.01250	0.01229	0.11222	0.00283	0.09965	0.00605	0.00345	0.06975
2	0.02736	0.15171	0.08444	0.09531	0.04205	0.03140	0.06730	0.21463	0.06048	0.09838	0.01272	0.01428	0.00960	0.02458	0.00639	0.00178	0.04056	0.00489	0.00404	0.00810
3	0.00857	0.00613	0.00750	0.00738	0.00797	0.00652	0.00491	0.01047	0.06556	0.01314	0.06193	0.03199	0.02044	0.49113	0.22703	0.00593	0.00779	0.00759	0.00365	0.00437
4	0.01078	0.00646	0.00833	0.00784	0.00969	0.00573	0.00589	0.01275	0.01385	0.14873	0.29047	0.24996	0.10984	0.01237	0.00650	0.00189	0.00338	0.03209	0.00575	0.05770
5	0.04692	0.12318	0.42715	0.01566	0.06386	0.01386	0.07401	0.01924	0.04644	0.10083	0.01177	0.01300	0.00852	0.00549	0.00522	0.00171	0.00730	0.00448	0.00314	0.00823
6	0.01393	0.05369	0.02115	0.08368	0.10089	0.08650	0.22027	0.10210	0.02580	0.01897	0.07520	0.03634	0.04738	0.00701	0.00713	0.00182	0.08108	0.00626	0.00357	0.00723
7	0.00944	0.00648	0.00771	0.00754	0.00850	0.00640	0.00515	0.08291	0.01246	0.03413	0.14948	0.24730	0.06907	0.29709	0.01483	0.01711	0.00428	0.01047	0.00477	0.00487
8	0.01535	0.06141	0.10202	0.12908	0.34759	0.01346	0.01489	0.08073	0.04610	0.11640	0.01257	0.01451	0.00948	0.00564	0.00546	0.00170	0.00655	0.00495	0.00359	0.00852
9	0.01486	0.03415	0.10928	0.18089	0.24337	0.05229	0.04830	0.11575	0.05700	0.05990	0.01195	0.01426	0.00907	0.00576	0.00575	0.00175	0.01907	0.00498	0.00344	0.00815
10	0.01553	0.05105	0.02195	0.13157	0.11394	0.21473	0.21134	0.05624	0.08183	0.01752	0.01132	0.01382	0.00886	0.00563	0.00589	0.00172	0.02129	0.00513	0.00318	0.00746
11	0.02574	0.00611	0.00733	0.00752	0.00846	0.00597	0.00530	0.04859	0.01224	0.01664	0.16661	0.27305	0.09933	0.21991	0.01252	0.00296	0.00402	0.06802	0.00492	0.00477
12	0.01343	0.08910	0.02156	0.20432	0.33057	0.01431	0.08487	0.03998	0.11163	0.01811	0.01198	0.01475	0.00950	0.00551	0.00552	0.00173	0.00677	0.00515	0.00316	0.00802
13	0.00739	0.00571	0.00697	0.00705	0.00844	0.00529	0.00531	0.00928	0.01306	0.01719	0.26684	0.13109	0.32498	0.01756	0.10950	0.00289	0.00458	0.04667	0.00523	0.00496
14	0.01427	0.01662	0.10825	0.08126	0.30302	0.11717	0.07776	0.05898	0.01351	0.01799	0.04262	0.01438	0.01012	0.00609	0.00703	0.00178	0.09328	0.00508	0.00301	0.00779
15	0.00869	0.00637	0.00697	0.00665	0.00862	0.00577	0.00504	0.01152	0.06981	0.06017	0.17676	0.06167	0.48544	0.01254	0.00640	0.00185	0.00304	0.01056	0.04667	0.00546

[dist]
# distance from previous block
# <min> <max>
0	3

[block]
# block no. 2 follows, 42 sequences, length 6
# corresponding to MSA columns:
# 694-699
name=unknown_C
#
# <colnr> <probs for GDERKNQSTAVLIFYWHMCP>
#	G	D	E	R	K	N	Q	S	T	A	V	L	I	F	Y	W	H	M	C	P
0	0.10841	0.01315	0.10131	0.01429	0.05814	0.01196	0.14793	0.06767	0.14911	0.02088	0.07063	0.11319	0.01674	0.00791	0.00628	0.00188	0.03826	0.00698	0.03803	0.00726
1	0.11207	0.01420	0.01746	0.13091	0.10563	0.06477	0.05802	0.26384	0.03732	0.02355	0.01103	0.01322	0.00850	0.00645	0.00705	0.00182	0.10765	0.00484	0.00384	0.00782
2	0.10765	0.01119	0.09167	0.01066	0.01354	0.00986	0.03254	0.09267	0.01278	0.04410	0.01863	0.27146	0.01933	0.01053	0.00704	0.00194	0.07620	0.06112	0.00427	0.10281
3	0.01561	0.17115	0.06658	0.01243	0.03323	0.10096	0.01054	0.12623	0.17053	0.05132	0.08120	0.01640	0.01414	0.00712	0.00675	0.00172	0.09700	0.00518	0.00417	0.00775
4	0.08826	0.27149	0.08708	0.01106	0.05750	0.01413	0.00961	0.05141	0.05572	0.01882	0.06654	0.01615	0.01286	0.00608	0.00457	0.00144	0.00524	0.03105	0.06281	0.12818
5	0.01435	0.14752	0.27311	0.01385	0.01877	0.23306	0.05399	0.01794	0.01344	0.01619	0.06511	0.01794	0.01283	0.00672	0.00538	0.00167	0.00785	0.07009	0.00308	0.00709

[dist]
# distance from previous block
# <min> <max>
0	4

[block]
# block no. 3 follows, 42 sequences, length 69
# corresponding to MSA columns:
# 704-772
name=unknown_D
#
# <colnr> <probs for GDERKNQSTAVLIFYWHMCP>
#	G	D	E	R	K	N	Q	S	T	A	V	L	I	F	Y	W	H	M	C	P
0	0.01456	0.11647	0.52471	0.01617	0.02322	0.01536	0.05225	0.05585	0.06663	0.02049	0.01318	0.01545	0.01016	0.00689	0.00610	0.00209	0.00822	0.00504	0.01795	0.00921
1	0.00963	0.00718	0.00825	0.00858	0.01004	0.00637	0.00630	0.01076	0.01406	0.01861	0.16211	0.23543	0.31491	0.01557	0.00766	0.00242	0.00400	0.11158	0.04056	0.00600
2	0.01108	0.01273	0.18058	0.01061	0.01374	0.00853	0.00978	0.02650	0.01625	0.02319	0.53709	0.03704	0.06515	0.01131	0.00717	0.00215	0.00477	0.00928	0.00590	0.00714
3	0.01028	0.00701	0.00774	0.00773	0.00796	0.00669	0.00452	0.00978	0.00973	0.01319	0.02030	0.08204	0.02297	0.73296	0.02754	0.00553	0.00601	0.00918	0.00421	0.00464
4	0.01650	0.58833	0.18084	0.01246	0.01802	0.02092	0.01275	0.05061	0.01348	0.01715	0.01068	0.01276	0.00930	0.00641	0.00499	0.00174	0.00716	0.00405	0.00327	0.00858
5	0.00963	0.00675	0.00847	0.00950	0.01022	0.00614	0.00656	0.01025	0.01256	0.03046	0.05970	0.67010	0.03800	0.01801	0.00801	0.00264	0.00419	0.07702	0.00593	0.00586
6	0.01057	0.00863	0.01070	0.01089	0.06978	0.00772	0.03947	0.03722	0.01527	0.01998	0.22153	0.06615	0.43141	0.01336	0.00738	0.00223	0.00429	0.01100	0.00582	0.00662
7	0.73680	0.01307	0.01060	0.00956	0.01292	0.04771	0.00755	0.01799	0.01116	0.02573	0.00999	0.01230	0.00825	0.00688	0.00529	0.00214	0.04689	0.00389	0.00410	0.00719
8	0.01084	0.00754	0.00891	0.00836	0.01018	0.00663	0.00616	0.01250	0.01627	0.06748	0.50979	0.04573	0.23932	0.01314	0.00742	0.00218	0.00361	0.01084	0.00659	0.00652
9	0.01725	0.74797	0.02978	0.01115	0.01600	0.02280	0.01048	0.04869	0.01335	0.01617	0.01020	0.01217	0.00932	0.00629	0.00463	0.00162	0.00669	0.00382	0.00327	0.00836
10	0.02172	0.01026	0.01303	0.01071	0.01436	0.00903	0.00840	0.02412	0.05617	0.50714	0.20107	0.02712	0.02508	0.00933	0.00672	0.00211	0.00495	0.00734	0.00719	0.03416
11	0.02403	0.01556	0.01723	0.01353	0.01806	0.01620	0.01090	0.55717	0.02484	0.20864	0.01750	0.01764	0.01251	0.00814	0.00651	0.00208	0.00652	0.00586	0.00657	0.01053
12	0.00932	0.00724	0.00760	0.00749	0.00906	0.00632	0.00521	0.00991	0.01307	0.01647	0.08053	0.05013	0.51941	0.18796	0.04011	0.00330	0.00462	0.01121	0.00543	0.00561
13	0.02686	0.01103	0.01442	0.01138	0.01580	0.00946	0.00912	0.02841	0.01725	0.74812	0.02387	0.02178	0.01571	0.00829	0.00653	0.00212	0.00549	0.00629	0.00755	0.01054
14	0.02277	0.02770	0.01721	0.01572	0.01873	0.75548	0.01163	0.02362	0.01709	0.01576	0.01081	0.01307	0.00924	0.00716	0.00596	0.00184	0.01068	0.00432	0.00361	0.00758
15	0.02686	0.01103	0.01442	0.01138	0.01580	0.00946	0.00912	0.02841	0.01725	0.74812	0.02387	0.02178	0.01571	0.00829	0.00653	0.00212	0.00549	0.00629	0.00755	0.01054
16	0.00700	0.00507	0.00638	0.00736	0.00784	0.00471	0.00488	0.00791	0.01069	0.01403	0.03248	0.61118	0.12335	0.11721	0.00985	0.00264	0.00349	0.01450	0.00499	0.00444
17	0.01063	0.01000	0.01688	0.78870	0.03876	0.01250	0.01563	0.01438	0.01125	0.01438	0.01000	0.01500	0.00750	0.00563	0.00563	0.00188	0.00750	0.00500	0.00250	0.00625
18	0.01063	0.01000	0.01688	0.78870	0.03876	0.01250	0.01563	0.01438	0.01125	0.01438	0.01000	0.01500	0.00750	0.00563	0.00563	0.00188	0.00750	0.00500	0.00250	0.00625
19	0.00676	0.00571	0.00585	0.00581	0.00767	0.00480	0.00436	0.00828	0.01307	0.01579	0.11330	0.05319	0.70818	0.01403	0.00665	0.00189	0.00283	0.01174	0.00530	0.00480
20	0.00750	0.00536	0.00727	0.00857	0.00918	0.00513	0.00634	0.00895	0.01141	0.01509	0.03066	0.58441	0.03581	0.01702	0.00735	0.00237	0.00382	0.22378	0.00521	0.00475
21	0.00680	0.00511	0.00631	0.00727	0.00801	0.00462	0.00497	0.00790	0.01132	0.01459	0.03790	0.60134	0.22999	0.01674	0.00704	0.00218	0.00316	0.01491	0.00522	0.00462
22	0.05405	0.01057	0.01347	0.01037	0.01471	0.00983	0.00856	0.13748	0.01746	0.63150	0.02035	0.01793	0.01298	0.00687	0.00558	0.00173	0.00499	0.00547	0.00664	0.00945
23	0.01129	0.02911	0.77306	0.01604	0.02436	0.01307	0.02079	0.01782	0.01188	0.01782	0.01010	0.01188	0.00713	0.00535	0.00535	0.00178	0.00832	0.00416	0.00238	0.00832
24	0.00793	0.00575	0.00747	0.00704	0.00838	0.00529	0.00528	0.01054	0.01584	0.02235	0.74305	0.04240	0.07434	0.01159	0.00664	0.00177	0.00266	0.01023	0.00617	0.00529
25	0.01256	0.01008	0.01184	0.00851	0.01346	0.00772	0.00682	0.02795	0.01217	0.05826	0.01071	0.01210	0.00865	0.00436	0.00427	0.00090	0.00424	0.00349	0.00357	0.77836
26	0.01510	0.01264	0.01334	0.01168	0.01505	0.01451	0.00917	0.13681	0.64825	0.02532	0.02151	0.01988	0.01605	0.00750	0.00571	0.00188	0.00471	0.00617	0.00571	0.00901
27	0.00871	0.00628	0.00856	0.00942	0.01076	0.00614	0.00802	0.01125	0.01358	0.01798	0.18766	0.05843	0.07492	0.01462	0.00747	0.00238	0.00452	0.53871	0.00540	0.00519
28	0.02525	0.00958	0.01306	0.01001	0.01437	0.00827	0.00827	0.02743	0.01611	0.77102	0.02220	0.01915	0.01393	0.00697	0.00566	0.00174	0.00479	0.00566	0.00697	0.00958
29	0.00666	0.00566	0.00574	0.00581	0.00763	0.00474	0.00433	0.00806	0.01272	0.01516	0.05564	0.09344	0.72644	0.01443	0.00668	0.00192	0.00287	0.01209	0.00523	0.00474
30	0.01209	0.02805	0.71287	0.01579	0.02381	0.01342	0.01999	0.07598	0.01304	0.01923	0.01037	0.01201	0.00732	0.00546	0.00537	0.00177	0.00815	0.00423	0.00264	0.00842
31	0.01238	0.01180	0.01586	0.01416	0.04280	0.01509	0.03289	0.03685	0.15132	0.01653	0.01591	0.01850	0.08847	0.00947	0.01363	0.00223	0.48587	0.00598	0.00348	0.00677
32	0.00786	0.00575	0.00738	0.00697	0.00834	0.00527	0.00523	0.01042	0.01568	0.02198	0.70810	0.04300	0.10951	0.01172	0.00664	0.00178	0.00267	0.01031	0.00612	0.00527
33	0.00841	0.00628	0.00909	0.00894	0.00971	0.00734	0.00679	0.00989	0.00882	0.01265	0.01466	0.02309	0.01424	0.13365	0.60103	0.05126	0.06022	0.00617	0.00300	0.00476
34	0.00746	0.00583	0.00687	0.00726	0.00879	0.00524	0.00571	0.00930	0.01308	0.01652	0.14159	0.12382	0.41785	0.01453	0.00698	0.00209	0.00345	0.19336	0.00534	0.00492
35	0.01184	0.04575	0.11160	0.00948	0.01126	0.06917	0.00801	0.01176	0.00941	0.05123	0.01109	0.01764	0.01043	0.10328	0.01737	0.44976	0.03869	0.00502	0.00281	0.00440
36	0.01776	0.08395	0.06578	0.01337	0.01669	0.46165	0.03637	0.01993	0.01487	0.06067	0.05151	0.01903	0.01313	0.00721	0.00547	0.00164	0.00836	0.09237	0.00352	0.00669
37	0.02102	0.02682	0.01595	0.01450	0.01740	0.77963	0.01087	0.02247	0.01595	0.01377	0.00870	0.01015	0.00725	0.00580	0.00507	0.00145	0.01015	0.00362	0.00290	0.00652
38	0.01869	0.01565	0.04185	0.01267	0.01680	0.05588	0.01049	0.45886	0.25549	0.02997	0.01610	0.01564	0.01176	0.00693	0.00562	0.00175	0.00592	0.00537	0.00540	0.00916
39	0.07286	0.01546	0.01635	0.01260	0.01704	0.01715	0.01041	0.70245	0.02540	0.03483	0.01316	0.01324	0.00935	0.00666	0.00550	0.00169	0.00608	0.00494	0.00550	0.00935
40	0.00689	0.00571	0.00603	0.00595	0.00775	0.00485	0.00446	0.00853	0.01339	0.01653	0.18424	0.05198	0.63677	0.01376	0.00665	0.00188	0.00282	0.01157	0.00540	0.00485
41	0.00767	0.00626	0.00690	0.00698	0.00876	0.00574	0.00537	0.01049	0.07260	0.01677	0.12218	0.09627	0.50211	0.01380	0.00674	0.00199	0.00326	0.09559	0.00536	0.00518
42	0.01285	0.01408	0.02798	0.02071	0.02467	0.01476	0.52263	0.01648	0.01185	0.01657	0.01051	0.01511	0.00862	0.03239	0.01058	0.00217	0.22199	0.00623	0.00276	0.00706
43	0.01505	0.80561	0.02949	0.00963	0.01444	0.02227	0.00963	0.01685	0.01143	0.01324	0.00782	0.00903	0.00722	0.00481	0.00361	0.00120	0.00602	0.00301	0.00241	0.00722
44	0.01129	0.02911	0.77306	0.01604	0.02436	0.01307	0.02079	0.01782	0.01188	0.01782	0.01010	0.01188	0.00713	0.00535	0.00535	0.00178	0.00832	0.00416	0.00238	0.00832
45	0.00793	0.00577	0.00747	0.00709	0.00845	0.00531	0.00536	0.01051	0.01569	0.02203	0.70748	0.04324	0.09001	0.01176	0.00667	0.00180	0.00273	0.02931	0.00612	0.00528
46	0.00686	0.00490	0.00653	0.00784	0.00816	0.00457	0.00522	0.00784	0.01077	0.01437	0.03102	0.79855	0.03722	0.01763	0.00718	0.00229	0.00326	0.01600	0.00522	0.00457
47	0.02317	0.01068	0.01333	0.01032	0.01446	0.01017	0.00849	0.19457	0.01818	0.53961	0.01987	0.01798	0.01295	0.00688	0.00552	0.00169	0.00494	0.00549	0.07245	0.00923
48	0.01231	0.01231	0.01724	0.01477	0.01477	0.01724	0.01231	0.01354	0.00862	0.01354	0.00739	0.01231	0.00739	0.00985	0.01847	0.00246	0.79192	0.00492	0.00246	0.00616
49	0.01063	0.01000	0.01688	0.78870	0.03876	0.01250	0.01563	0.01438	0.01125	0.01438	0.01000	0.01500	0.00750	0.00563	0.00563	0.00188	0.00750	0.00500	0.00250	0.00625
50	0.00685	0.00494	0.00649	0.00772	0.00813	0.00458	0.00517	0.00785	0.01088	0.01441	0.03237	0.75980	0.07509	0.01746	0.00716	0.00227	0.00324	0.01578	0.00522	0.00458
51	0.84197	0.01088	0.00827	0.00740	0.01088	0.01262	0.00609	0.01654	0.00958	0.02525	0.00784	0.00914	0.00609	0.00522	0.00348	0.00174	0.00435	0.00305	0.00348	0.00609
52	0.00686	0.00490	0.00653	0.00784	0.00816	0.00457	0.00522	0.00784	0.01077	0.01437	0.03102	0.79855	0.03722	0.01763	0.00718	0.00229	0.00326	0.01600	0.00522	0.00457
53	0.00708	0.00572	0.00630	0.00616	0.00787	0.00494	0.00462	0.00891	0.01385	0.01763	0.28996	0.05017	0.53037	0.01335	0.00665	0.00186	0.00279	0.01132	0.00555	0.00494
54	0.01167	0.01000	0.01167	0.00834	0.01334	0.00750	0.00667	0.01417	0.01167	0.01834	0.01000	0.01167	0.00834	0.00417	0.00417	0.00083	0.00417	0.00333	0.00333	0.83663
55	0.00689	0.00524	0.00625	0.00697	0.00787	0.00471	0.00480	0.00803	0.01153	0.01475	0.06355	0.47157	0.29288	0.05764	0.00811	0.00230	0.00321	0.01394	0.00516	0.00460
56	0.01475	0.05060	0.03687	0.10961	0.08906	0.24655	0.08103	0.03850	0.01358	0.04194	0.01427	0.08905	0.01344	0.03877	0.03451	0.00218	0.00786	0.06737	0.00345	0.00663
57	0.01466	0.00726	0.00953	0.00810	0.01068	0.00642	0.00638	0.01701	0.01570	0.31729	0.40303	0.03418	0.10634	0.00998	0.00625	0.00177	0.00352	0.00856	0.00641	0.00694
58	0.01547	0.74976	0.02852	0.00998	0.01466	0.07658	0.00972	0.01725	0.01176	0.01328	0.00789	0.00911	0.00722	0.00489	0.00372	0.00122	0.00631	0.00305	0.00244	0.00717
59	0.01302	0.00996	0.01181	0.00850	0.01344	0.00758	0.00683	0.01549	0.01211	0.09325	0.01122	0.01241	0.00889	0.00445	0.00432	0.00092	0.00423	0.00357	0.00370	0.75431
60	0.01346	0.13839	0.01860	0.52623	0.03090	0.06432	0.01366	0.05429	0.01267	0.06091	0.01049	0.01390	0.00794	0.00565	0.00527	0.00172	0.00721	0.00464	0.00294	0.00680
61	0.01229	0.24393	0.35203	0.01415	0.05755	0.01506	0.01490	0.01675	0.03622	0.01629	0.01236	0.03738	0.01104	0.00692	0.00597	0.00176	0.05428	0.08073	0.00289	0.00750
62	0.00804	0.00540	0.00618	0.00632	0.00635	0.00536	0.00360	0.00815	0.00846	0.01127	0.01912	0.11667	0.02222	0.71998	0.02639	0.00512	0.00523	0.00900	0.00360	0.00353
63	0.01299	0.11583	0.32003	0.01868	0.02525	0.01485	0.35129	0.04185	0.01295	0.01794	0.01053	0.01310	0.00787	0.00505	0.00574	0.00176	0.00851	0.00519	0.00270	0.00789
64	0.05594	0.13154	0.16143	0.01134	0.01570	0.04045	0.01086	0.11180	0.03348	0.20529	0.01394	0.01559	0.01054	0.05050	0.04775	0.03706	0.03005	0.00482	0.00418	0.00773
65	0.00822	0.00568	0.00708	0.00712	0.00777	0.00548	0.00478	0.00913	0.01059	0.01453	0.17365	0.14880	0.02903	0.36805	0.05141	0.04786	0.00488	0.05278	0.00429	0.03885
66	0.05615	0.10862	0.03991	0.01009	0.01433	0.01101	0.04638	0.07938	0.01271	0.01890	0.01250	0.10843	0.01168	0.00647	0.00527	0.00133	0.03451	0.00525	0.00357	0.41352
67	0.05666	0.30586	0.25921	0.01153	0.01709	0.01543	0.01241	0.04935	0.03682	0.04010	0.01118	0.05278	0.00947	0.00585	0.00462	0.00149	0.00624	0.00438	0.00309	0.09643
68	0.09536	0.09452	0.09490	0.04621	0.01663	0.20317	0.01078	0.01798	0.01240	0.08285	0.01063	0.03763	0.00888	0.00649	0.00690	0.00163	0.12797	0.00437	0.00326	0.11742

[dist]
# distance from previous block
# <min> <max>
0	29

[block]
# block no. 4 follows, 42 sequences, length 7
# corresponding to MSA columns:
# 802-808
name=unknown_E
#
# <colnr> <probs for GDERKNQSTAVLIFYWHMCP>
#	G	D	E	R	K	N	Q	S	T	A	V	L	I	F	Y	W	H	M	C	P
0	0.09304	0.19146	0.39916	0.01243	0.01827	0.01366	0.01427	0.01662	0.01162	0.05330	0.01275	0.11580	0.01137	0.00693	0.00505	0.00172	0.00659	0.00545	0.00309	0.00743
1	0.01752	0.00847	0.01096	0.00925	0.01235	0.00762	0.00728	0.02025	0.06145	0.40091	0.02227	0.12746	0.01884	0.09454	0.00836	0.00220	0.00460	0.06538	0.00575	0.09457
2	0.01520	0.11969	0.01544	0.01167	0.01503	0.13132	0.00930	0.02704	0.54547	0.02069	0.01875	0.01776	0.01435	0.00698	0.00535	0.00175	0.00553	0.00550	0.00486	0.00832
3	0.01408	0.60630	0.22035	0.01127	0.01699	0.01991	0.01249	0.01710	0.01155	0.01442	0.00841	0.00976	0.00720	0.00495	0.00406	0.00135	0.00661	0.00330	0.00240	0.00750
4	0.09117	0.01624	0.15709	0.07002	0.15936	0.11387	0.05055	0.01647	0.01195	0.04245	0.02922	0.04167	0.01115	0.08653	0.00886	0.00217	0.07576	0.00539	0.00311	0.00697
5	0.01931	0.08756	0.01625	0.01341	0.01632	0.64592	0.01025	0.02091	0.01558	0.01456	0.07957	0.01305	0.01155	0.00626	0.00510	0.00146	0.00911	0.00419	0.00317	0.00647
6	0.01476	0.01209	0.01451	0.01229	0.01574	0.01345	0.07799	0.06651	0.56957	0.06382	0.02105	0.01995	0.01564	0.00722	0.00571	0.00186	0.00494	0.00622	0.04802	0.00867

[dist]
# distance from previous block
# <min> <max>
1	2

[block]
# block no. 5 follows, 42 sequences, length 17
# corresponding to MSA columns:
# 811-827
name=unknown_F
#
# <colnr> <probs for GDERKNQSTAVLIFYWHMCP>
#	G	D	E	R	K	N	Q	S	T	A	V	L	I	F	Y	W	H	M	C	P
0	0.00890	0.00705	0.01024	0.11241	0.08632	0.00704	0.00783	0.01176	0.01501	0.02108	0.59168	0.03575	0.04281	0.01010	0.00640	0.00177	0.00368	0.00899	0.00538	0.00578
1	0.00816	0.00549	0.00632	0.00626	0.00644	0.00544	0.00366	0.00850	0.00920	0.01244	0.11576	0.03751	0.02475	0.69838	0.02575	0.00497	0.00509	0.00845	0.00378	0.00366
2	0.13985	0.01453	0.07438	0.11691	0.29380	0.05317	0.11041	0.01757	0.04601	0.01856	0.01044	0.01338	0.00833	0.00556	0.00613	0.00179	0.05373	0.00485	0.00296	0.00765
3	0.00935	0.00555	0.00736	0.00802	0.00886	0.00511	0.00552	0.01043	0.01132	0.11353	0.02907	0.65086	0.03316	0.06292	0.00826	0.00240	0.00360	0.01418	0.00534	0.00516
4	0.12278	0.38850	0.15338	0.04748	0.05557	0.01704	0.01169	0.01696	0.01156	0.04851	0.03664	0.01185	0.00912	0.00558	0.00498	0.00153	0.04275	0.00387	0.00290	0.00729
5	0.11882	0.00690	0.00838	0.04370	0.01055	0.00680	0.00607	0.01269	0.01477	0.07640	0.54780	0.03528	0.07034	0.01019	0.00611	0.00177	0.00327	0.00874	0.00568	0.00574
6	0.01353	0.01715	0.26109	0.11060	0.09424	0.01276	0.01427	0.05226	0.22936	0.07460	0.05184	0.01719	0.01312	0.00649	0.00561	0.00181	0.00631	0.00543	0.00406	0.00829
7	0.04410	0.00760	0.00891	0.01003	0.10776	0.02706	0.00641	0.01532	0.01219	0.10602	0.01709	0.02026	0.01358	0.06390	0.00615	0.00173	0.00387	0.00535	0.51653	0.00616
8	0.06113	0.01162	0.05164	0.03891	0.09801	0.01022	0.06746	0.05961	0.07642	0.02069	0.12950	0.01782	0.01603	0.00607	0.00519	0.00143	0.00510	0.00529	0.00396	0.31390
9	0.12284	0.01109	0.04091	0.04852	0.09854	0.03788	0.00908	0.11914	0.01412	0.10824	0.06158	0.11061	0.04501	0.06831	0.03653	0.00230	0.00562	0.00680	0.00441	0.04847
10	0.12308	0.20237	0.06242	0.02958	0.01432	0.07326	0.00887	0.06853	0.01331	0.07465	0.07423	0.10142	0.01497	0.00719	0.00488	0.00154	0.00541	0.00560	0.00390	0.11048
11	0.01387	0.03954	0.04157	0.01307	0.13028	0.00945	0.00916	0.03517	0.04294	0.12678	0.01575	0.07350	0.04072	0.00636	0.00504	0.00136	0.00481	0.00538	0.00407	0.38120
12	0.18283	0.09954	0.17966	0.07575	0.01782	0.03564	0.01157	0.04934	0.05089	0.08213	0.03991	0.01355	0.01003	0.00608	0.00574	0.00169	0.06136	0.00437	0.00355	0.06856
13	0.17161	0.10595	0.12225	0.01197	0.04644	0.01308	0.01054	0.04387	0.03056	0.08237	0.01336	0.09102	0.01212	0.01749	0.01613	0.00197	0.13330	0.03182	0.00366	0.04049
14	0.04880	0.07740	0.08943	0.03298	0.04551	0.04360	0.08225	0.03563	0.06606	0.05191	0.01182	0.02288	0.00975	0.00620	0.00680	0.00159	0.10923	0.02337	0.00342	0.23135
15	0.07573	0.02328	0.09133	0.08184	0.20309	0.06881	0.02268	0.05553	0.03162	0.15254	0.01326	0.04031	0.01027	0.00599	0.00528	0.00163	0.00622	0.00501	0.00388	0.10171
16	0.15285	0.28752	0.09546	0.09504	0.04208	0.02921	0.01050	0.01663	0.01188	0.08078	0.01500	0.01774	0.07418	0.00660	0.00473	0.00162	0.00581	0.04201	0.00339	0.00696

[dist]
# distance from previous block
# <min> <max>
4	58

[block]
# block no. 6 follows, 42 sequences, length 20
# corresponding to MSA columns:
# 916-935
name=unknown_G
#
# <colnr> <probs for GDERKNQSTAVLIFYWHMCP>
#	G	D	E	R	K	N	Q	S	T	A	V	L	I	F	Y	W	H	M	C	P
0	0.01433	0.01373	0.09780	0.10379	0.03143	0.05991	0.06489	0.12196	0.14714	0.08638	0.01815	0.13816	0.01601	0.01946	0.00631	0.00195	0.00614	0.04043	0.00451	0.00753
1	0.04877	0.01382	0.01529	0.11565	0.04708	0.09279	0.01095	0.18938	0.14959	0.02192	0.04853	0.01562	0.01190	0.00720	0.00777	0.00183	0.14612	0.00520	0.00411	0.04650
2	0.00892	0.00593	0.00773	0.00726	0.00873	0.00542	0.00545	0.01138	0.01546	0.06873	0.63829	0.09340	0.07827	0.01175	0.00661	0.00181	0.00284	0.01036	0.00614	0.00550
3	0.00923	0.00783	0.01092	0.01022	0.01165	0.04386	0.05817	0.01191	0.04548	0.01392	0.01602	0.07048	0.01527	0.06982	0.56987	0.00726	0.01276	0.00670	0.00328	0.00535
4	0.02080	0.01379	0.01536	0.01194	0.01614	0.01480	0.00980	0.53361	0.05879	0.16602	0.06742	0.01685	0.01373	0.00716	0.00571	0.00171	0.00561	0.00559	0.00591	0.00925
5	0.22589	0.01159	0.01633	0.32086	0.23315	0.01314	0.01328	0.06953	0.01237	0.01983	0.00987	0.01309	0.00769	0.00544	0.00506	0.00177	0.00637	0.00451	0.00306	0.00720
6	0.06876	0.42809	0.02256	0.01079	0.01472	0.01858	0.00980	0.12965	0.01375	0.10484	0.01029	0.01136	0.00831	0.00611	0.00630	0.00156	0.11949	0.00391	0.00350	0.00763
7	0.00715	0.00516	0.00675	0.00790	0.00844	0.00484	0.00552	0.00831	0.01107	0.01457	0.03227	0.62767	0.09005	0.04886	0.00808	0.00242	0.00354	0.09764	0.00515	0.00461
8	0.01154	0.02132	0.46303	0.01682	0.13136	0.01197	0.01655	0.01793	0.08750	0.01916	0.09632	0.01691	0.01390	0.00627	0.00550	0.00176	0.00678	0.00523	0.04216	0.00798
9	0.00960	0.00506	0.00739	0.00749	0.00760	0.00506	0.00512	0.00774	0.00785	0.01043	0.01197	0.02229	0.01238	0.07569	0.02132	0.70875	0.00495	0.06385	0.00274	0.00274
10	0.03201	0.00894	0.07199	0.05326	0.01305	0.00786	0.06084	0.01195	0.01252	0.01832	0.21048	0.17896	0.09114	0.01057	0.00695	0.00188	0.06189	0.00909	0.13264	0.00565
11	0.01184	0.01025	0.01249	0.01026	0.06857	0.00793	0.00745	0.01440	0.01175	0.01834	0.01005	0.01184	0.00838	0.00423	0.00427	0.00089	0.00435	0.00346	0.00329	0.77597
12	0.01195	0.01339	0.05498	0.01915	0.02329	0.01267	0.47849	0.01578	0.01266	0.01747	0.06780	0.08288	0.01523	0.00750	0.00806	0.00202	0.09844	0.04798	0.00335	0.00691
13	0.84197	0.01088	0.00827	0.00740	0.01088	0.01262	0.00609	0.01654	0.00958	0.02525	0.00784	0.00914	0.00609	0.00522	0.00348	0.00174	0.00435	0.00305	0.00348	0.00609
14	0.12213	0.17735	0.12490	0.01527	0.13101	0.20037	0.01197	0.01826	0.04274	0.01699	0.01146	0.04953	0.01025	0.00640	0.00493	0.00163	0.00701	0.03752	0.00311	0.00717
15	0.01328	0.01518	0.03321	0.02372	0.02941	0.01423	0.74668	0.01803	0.01328	0.01803	0.01139	0.01518	0.00854	0.00474	0.00664	0.00190	0.00949	0.00664	0.00285	0.00759
16	0.04564	0.02166	0.49031	0.01347	0.01985	0.01154	0.01577	0.01920	0.06746	0.12689	0.09965	0.01696	0.01410	0.00645	0.00550	0.00178	0.00672	0.00519	0.00376	0.00811
17	0.01272	0.10488	0.52309	0.01428	0.02111	0.01401	0.01691	0.02039	0.15361	0.04727	0.01276	0.01360	0.00931	0.00579	0.00525	0.00175	0.00721	0.00452	0.00319	0.00837
18	0.01072	0.00865	0.01370	0.51603	0.02822	0.01014	0.01195	0.01357	0.01145	0.06205	0.06790	0.08364	0.01533	0.11302	0.00889	0.00237	0.00637	0.00673	0.00339	0.00588
19	0.00829	0.00736	0.06203	0.00754	0.00865	0.00590	0.00548	0.00926	0.00951	0.01305	0.02056	0.26274	0.02357	0.44339	0.01851	0.00386	0.00490	0.00986	0.00388	0.07166

[dist]
# distance from previous block
# <min> <max>
1	4

[block]
# block no. 7 follows, 42 sequences, length 54
# corresponding to MSA columns:
# 949-1002
name=unknown_H
#
# <colnr> <probs for GDERKNQSTAVLIFYWHMCP>
#	G	D	E	R	K	N	Q	S	T	A	V	L	I	F	Y	W	H	M	C	P
0	0.10955	0.02852	0.01485	0.01522	0.16958	0.06957	0.01001	0.17279	0.05655	0.04698	0.06539	0.06778	0.01408	0.00684	0.00526	0.00160	0.00550	0.00560	0.00425	0.13008
1	0.00872	0.00700	0.00886	0.00775	0.01020	0.00593	0.04558	0.01068	0.01302	0.04150	0.15578	0.12847	0.36881	0.01170	0.00625	0.00173	0.00352	0.01012	0.00498	0.14939
2	0.12489	0.01185	0.04916	0.42815	0.16185	0.01262	0.06529	0.01618	0.01169	0.05143	0.01047	0.01409	0.00791	0.00545	0.00539	0.00181	0.00698	0.00485	0.00291	0.00703
3	0.01131	0.00891	0.01067	0.00820	0.01222	0.00695	0.00642	0.01366	0.01232	0.05239	0.10950	0.09686	0.01730	0.00662	0.00486	0.00114	0.00391	0.00562	0.00406	0.60706
4	0.00903	0.00599	0.00774	0.00720	0.00875	0.00545	0.00543	0.01151	0.01555	0.07374	0.63576	0.06387	0.10533	0.01159	0.00659	0.00179	0.00284	0.01017	0.00614	0.00554
5	0.01402	0.04011	0.05006	0.01494	0.01671	0.03152	0.07136	0.13667	0.01238	0.01775	0.00933	0.02739	0.00839	0.00864	0.01387	0.00220	0.50948	0.00518	0.00308	0.00694
6	0.16060	0.26238	0.32830	0.01172	0.01775	0.01523	0.01326	0.01691	0.01131	0.01779	0.00899	0.01049	0.00710	0.00504	0.00436	0.00150	0.00647	0.00352	0.00268	0.09458
7	0.01515	0.74867	0.05457	0.01001	0.01490	0.03602	0.01006	0.03149	0.01183	0.01385	0.00803	0.00924	0.00727	0.00489	0.00374	0.00124	0.00618	0.00310	0.00248	0.00729
8	0.00665	0.00570	0.00570	0.00570	0.00760	0.00475	0.00428	0.00808	0.01283	0.01520	0.05701	0.05416	0.76483	0.01425	0.00665	0.00190	0.00285	0.01188	0.00523	0.00475
9	0.00693	0.00505	0.00653	0.00755	0.00813	0.00465	0.00513	0.00810	0.01143	0.01517	0.09756	0.65606	0.11346	0.01675	0.00708	0.00220	0.00317	0.01507	0.00531	0.00465
10	0.00677	0.00547	0.00602	0.00638	0.00780	0.00472	0.00460	0.00812	0.01237	0.01530	0.08168	0.26960	0.52129	0.01511	0.00680	0.00201	0.00296	0.01300	0.00527	0.00472
11	0.02180	0.00952	0.01226	0.00977	0.01371	0.00869	0.00795	0.02577	0.11681	0.59131	0.02588	0.02301	0.09163	0.00781	0.00577	0.00178	0.00454	0.00639	0.00662	0.00899
12	0.01393	0.01337	0.02284	0.03454	0.76712	0.01337	0.01727	0.01727	0.01281	0.01839	0.01059	0.01393	0.00891	0.00501	0.00557	0.00167	0.00669	0.00501	0.00279	0.00891
13	0.00686	0.00490	0.00653	0.00784	0.00816	0.00457	0.00522	0.00784	0.01077	0.01437	0.03102	0.79855	0.03722	0.01763	0.00718	0.00229	0.00326	0.01600	0.00522	0.00457
14	0.01235	0.01013	0.01674	0.58938	0.11875	0.01184	0.01463	0.01578	0.01191	0.09268	0.01220	0.04788	0.00956	0.00619	0.00569	0.00186	0.00695	0.00553	0.00311	0.00683
15	0.01287	0.00996	0.01179	0.00848	0.01343	0.00757	0.00681	0.01534	0.01206	0.08501	0.01108	0.01233	0.00883	0.00442	0.00430	0.00091	0.00422	0.00354	0.00366	0.76336
16	0.79364	0.01182	0.00872	0.00782	0.01127	0.05778	0.00638	0.01689	0.00995	0.02457	0.00789	0.00920	0.00616	0.00526	0.00358	0.00172	0.00469	0.00308	0.00345	0.00612
17	0.01328	0.01518	0.03321	0.02372	0.02941	0.01423	0.74668	0.01803	0.01328	0.01803	0.01139	0.01518	0.00854	0.00474	0.00664	0.00190	0.00949	0.00664	0.00285	0.00759
18	0.01600	0.01312	0.06673	0.19004	0.05470	0.01331	0.01162	0.28441	0.09096	0.07339	0.01430	0.01576	0.01048	0.00665	0.00575	0.01775	0.00598	0.00517	0.09588	0.00802
19	0.00682	0.00569	0.00594	0.00591	0.00771	0.00482	0.00442	0.00838	0.01316	0.01608	0.14257	0.06759	0.66363	0.01399	0.00666	0.00189	0.00283	0.01175	0.00534	0.00482
20	0.04577	0.09364	0.08883	0.01197	0.06690	0.01107	0.00993	0.05510	0.05867	0.37744	0.07458	0.01840	0.01499	0.00675	0.00535	0.00168	0.00517	0.00545	0.03981	0.00851
21	0.00790	0.00518	0.00676	0.00765	0.00824	0.00484	0.00519	0.00909	0.01128	0.04439	0.08031	0.63876	0.03542	0.05193	0.00789	0.00232	0.00335	0.01425	0.05045	0.00480
22	0.01145	0.02811	0.72830	0.01577	0.02378	0.01312	0.02009	0.01853	0.05575	0.01816	0.01085	0.01242	0.00772	0.00548	0.00537	0.00179	0.00809	0.00429	0.00257	0.00835
23	0.07783	0.00856	0.01084	0.00887	0.01232	0.00783	0.00728	0.02263	0.01455	0.51252	0.02093	0.02187	0.01475	0.00735	0.00530	0.00171	0.00434	0.05486	0.17754	0.00814
24	0.01170	0.01115	0.01571	0.01367	0.01377	0.01533	0.01125	0.01275	0.00857	0.01323	0.00834	0.01365	0.00824	0.01385	0.09705	0.06106	0.65733	0.00504	0.00252	0.00578
25	0.10074	0.00714	0.00793	0.00691	0.00937	0.00692	0.00547	0.01781	0.01288	0.24881	0.01844	0.01921	0.01342	0.00654	0.00441	0.00149	0.00346	0.00514	0.49727	0.00665
26	0.01078	0.00956	0.01492	0.58789	0.03160	0.01159	0.01342	0.01561	0.08828	0.01622	0.04414	0.01934	0.01199	0.00659	0.00566	0.00187	0.00655	0.03801	0.05962	0.00637
27	0.01382	0.01326	0.02265	0.05928	0.74323	0.01334	0.01722	0.01718	0.01276	0.01825	0.01057	0.01396	0.00887	0.00503	0.00557	0.00168	0.00671	0.00501	0.00278	0.00883
28	0.74064	0.01149	0.00934	0.00809	0.01169	0.01322	0.00666	0.10691	0.01166	0.02651	0.00854	0.00968	0.00652	0.00541	0.00375	0.00173	0.00458	0.00330	0.00375	0.00652
29	0.00870	0.00731	0.00779	0.00740	0.00916	0.04088	0.00557	0.01219	0.08923	0.01965	0.40467	0.05505	0.28761	0.01189	0.00649	0.00182	0.00325	0.01017	0.00566	0.00552
30	0.78643	0.01079	0.00860	0.00758	0.01112	0.01233	0.00624	0.01728	0.01002	0.07596	0.00881	0.00982	0.00663	0.00534	0.00363	0.00174	0.00438	0.00322	0.00372	0.00633
31	0.01372	0.01444	0.09911	0.05679	0.57134	0.01277	0.04432	0.01738	0.01296	0.04965	0.04499	0.01529	0.01087	0.00543	0.00564	0.00171	0.00673	0.00525	0.00306	0.00857
32	0.01490	0.69575	0.02717	0.00988	0.01447	0.02112	0.00953	0.01866	0.11465	0.01467	0.00991	0.01068	0.00860	0.00521	0.00390	0.00130	0.00580	0.00347	0.00287	0.00746
33	0.01231	0.01231	0.01724	0.01477	0.01477	0.01724	0.01231	0.01354	0.00862	0.01354	0.00739	0.01231	0.00739	0.00985	0.01847	0.00246	0.79192	0.00492	0.00246	0.00616
34	0.02474	0.00969	0.01304	0.01008	0.01438	0.00853	0.00830	0.02754	0.04985	0.73697	0.02223	0.01924	0.01408	0.00700	0.00566	0.00175	0.00477	0.00569	0.00691	0.00955
35	0.01393	0.01337	0.02284	0.03454	0.76712	0.01337	0.01727	0.01727	0.01281	0.01839	0.01059	0.01393	0.00891	0.00501	0.00557	0.00167	0.00669	0.00501	0.00279	0.00891
36	0.00836	0.00554	0.00712	0.00712	0.00740	0.00582	0.00463	0.00859	0.00831	0.01136	0.01588	0.02995	0.01718	0.47994	0.23919	0.12149	0.00808	0.00712	0.00316	0.00373
37	0.02139	0.01576	0.01689	0.01295	0.01745	0.01745	0.01070	0.74835	0.02646	0.03547	0.01351	0.01351	0.00957	0.00676	0.00563	0.00169	0.00619	0.00507	0.00563	0.00957
38	0.01167	0.01000	0.01167	0.00834	0.01334	0.00750	0.00667	0.01417	0.01167	0.01834	0.01000	0.01167	0.00834	0.00417	0.00417	0.00083	0.00417	0.00333	0.00333	0.83663
39	0.00796	0.00575	0.00752	0.00708	0.00841	0.00531	0.00531	0.01062	0.01593	0.02257	0.76415	0.04204	0.05310	0.01150	0.00664	0.00177	0.00265	0.01018	0.00619	0.00531
40	0.08012	0.00978	0.01227	0.00961	0.01360	0.00909	0.00789	0.09031	0.01615	0.57561	0.02002	0.01814	0.01304	0.00678	0.00533	0.00169	0.00466	0.00538	0.09164	0.00889
41	0.01416	0.01217	0.01282	0.01149	0.01470	0.01408	0.00895	0.04607	0.74051	0.02381	0.02269	0.02083	0.01701	0.00762	0.00572	0.00190	0.00449	0.00633	0.00572	0.00892
42	0.02525	0.00958	0.01306	0.01001	0.01437	0.00827	0.00827	0.02743	0.01611	0.77102	0.02220	0.01915	0.01393	0.00697	0.00566	0.00174	0.00479	0.00566	0.00697	0.00958
43	0.02215	0.01455	0.01614	0.01237	0.01685	0.01566	0.01022	0.60735	0.02443	0.17933	0.01521	0.01461	0.01042	0.00680	0.00564	0.00170	0.00592	0.00518	0.00589	0.00957
44	0.00804	0.00603	0.00904	0.00904	0.01005	0.00703	0.00703	0.01005	0.00904	0.01306	0.01507	0.02211	0.01407	0.04221	0.77992	0.00904	0.01507	0.00603	0.00301	0.00502
45	0.01063	0.01000	0.01688	0.78870	0.03876	0.01250	0.01563	0.01438	0.01125	0.01438	0.01000	0.01500	0.00750	0.00563	0.00563	0.00188	0.00750	0.00500	0.00250	0.00625
46	0.00745	0.00532	0.00721	0.00851	0.00910	0.00508	0.00625	0.00886	0.01136	0.01503	0.03069	0.60178	0.03593	0.01707	0.00734	0.00237	0.00378	0.20692	0.00521	0.00473
47	0.00994	0.00710	0.01051	0.12079	0.07236	0.00723	0.00905	0.01209	0.01207	0.06939	0.02547	0.34018	0.02767	0.01355	0.00692	0.00224	0.00484	0.23815	0.00476	0.00569
48	0.01218	0.00999	0.01172	0.00840	0.01338	0.00753	0.00673	0.01467	0.01184	0.04688	0.01047	0.01195	0.00855	0.00427	0.00422	0.00087	0.00419	0.00342	0.00347	0.80526
49	0.01291	0.10553	0.12555	0.06731	0.22455	0.01378	0.07764	0.06663	0.01341	0.01877	0.11235	0.01701	0.01434	0.00655	0.00678	0.00175	0.08252	0.00550	0.01953	0.00757
50	0.00717	0.00572	0.00643	0.00625	0.00792	0.00497	0.00469	0.00909	0.01406	0.01814	0.33883	0.04933	0.48119	0.01316	0.00665	0.00185	0.00277	0.01120	0.00561	0.00497
51	0.06185	0.12832	0.32421	0.01392	0.01966	0.01476	0.07822	0.03314	0.23206	0.01962	0.01360	0.01433	0.01021	0.00591	0.00523	0.00175	0.00669	0.00482	0.00353	0.00817
52	0.00745	0.00522	0.00642	0.00701	0.00738	0.00498	0.00449	0.00821	0.01032	0.01377	0.08845	0.40598	0.06909	0.31731	0.01533	0.00344	0.00403	0.01231	0.00461	0.00420
53	0.01240	0.00995	0.01345	0.05837	0.09529	0.00955	0.04237	0.08390	0.07998	0.05321	0.10767	0.11808	0.03396	0.00819	0.00570	0.00162	0.00483	0.03114	0.00447	0.22587

[dist]
# distance from previous block
# <min> <max>
1	6

[block]
# block no. 8 follows, 42 sequences, length 7
# corresponding to MSA columns:
# 1009-1015
name=unknown_I
#
# <colnr> <probs for GDERKNQSTAVLIFYWHMCP>
#	G	D	E	R	K	N	Q	S	T	A	V	L	I	F	Y	W	H	M	C	P
0	0.01724	0.19493	0.20798	0.01263	0.03833	0.01295	0.05145	0.02058	0.01343	0.28923	0.01558	0.01548	0.03461	0.00601	0.00513	0.00160	0.00616	0.00481	0.00422	0.04767
1	0.01348	0.45451	0.11942	0.07305	0.01702	0.01703	0.01106	0.01705	0.06597	0.03837	0.01282	0.07978	0.01187	0.00680	0.00471	0.00156	0.00601	0.03917	0.00316	0.00716
2	0.02270	0.00901	0.01224	0.00958	0.01349	0.00783	0.00783	0.02495	0.01608	0.66054	0.13171	0.02253	0.01971	0.00764	0.00580	0.00175	0.00447	0.00633	0.00685	0.00895
3	0.01263	0.13855	0.08899	0.13483	0.25509	0.01327	0.01320	0.01680	0.06700	0.01736	0.04107	0.03331	0.01122	0.00573	0.00513	0.00155	0.00608	0.00494	0.00314	0.13011
4	0.01343	0.01481	0.16903	0.21218	0.10425	0.01209	0.03122	0.06320	0.07405	0.07896	0.01242	0.01459	0.00929	0.00643	0.02122	0.00182	0.02252	0.00481	0.00346	0.13022
5	0.00715	0.00522	0.00700	0.00801	0.00861	0.00506	0.00566	0.00841	0.01080	0.01439	0.03048	0.58460	0.08653	0.02088	0.12124	0.00327	0.00510	0.05798	0.00490	0.00469
6	0.01141	0.00764	0.01147	0.03549	0.05461	0.00716	0.06211	0.01419	0.01517	0.13400	0.46568	0.03578	0.05896	0.01009	0.00647	0.00183	0.00402	0.05195	0.00566	0.00633

[dist]
# distance from previous block
# <min> <max>
0	2

[block]
# block no. 9 follows, 42 sequences, length 13
# corresponding to MSA columns:
# 1018-1030
name=unknown_J
#
# <colnr> <probs for GDERKNQSTAVLIFYWHMCP>
#	G	D	E	R	K	N	Q	S	T	A	V	L	I	F	Y	W	H	M	C	P
0	0.01110	0.03648	0.15050	0.05349	0.08259	0.03837	0.01090	0.01572	0.09624	0.04195	0.19089	0.13852	0.02590	0.00976	0.00615	0.00190	0.00527	0.07303	0.00450	0.00675
1	0.01017	0.00634	0.00816	0.00963	0.09728	0.00652	0.00621	0.01265	0.01131	0.01867	0.01761	0.07083	0.01518	0.01418	0.15853	0.00295	0.00562	0.00607	0.51648	0.00559
2	0.01228	0.01633	0.21715	0.12363	0.02278	0.03565	0.15176	0.01641	0.01247	0.04242	0.04946	0.01462	0.01039	0.00532	0.00536	0.00153	0.00687	0.00485	0.00312	0.24759
3	0.01072	0.00811	0.01011	0.00918	0.01205	0.00713	0.00754	0.03246	0.02995	0.04233	0.06136	0.10112	0.03867	0.01045	0.00609	0.00177	0.00444	0.27897	0.00462	0.32295
4	0.51649	0.03907	0.01228	0.01116	0.06142	0.15355	0.00834	0.10421	0.01300	0.02355	0.00884	0.01015	0.00693	0.00548	0.00416	0.00166	0.00583	0.00352	0.00355	0.00680
5	0.00765	0.00566	0.00715	0.00703	0.00834	0.00516	0.00523	0.00990	0.01473	0.02023	0.54129	0.13251	0.16863	0.01278	0.00673	0.00187	0.00283	0.03122	0.00589	0.00513
6	0.00818	0.00546	0.00614	0.00614	0.00614	0.00546	0.00341	0.00818	0.00818	0.01091	0.01773	0.03683	0.02046	0.80222	0.02864	0.00546	0.00546	0.00818	0.00341	0.00341
7	0.01460	0.64299	0.02773	0.06459	0.12058	0.02039	0.01109	0.01675	0.01161	0.01403	0.00835	0.01010	0.00748	0.00490	0.00402	0.00131	0.00621	0.00342	0.00247	0.00739
8	0.00734	0.00836	0.09671	0.00734	0.00973	0.00576	0.00645	0.00941	0.01269	0.01603	0.10841	0.15241	0.51233	0.01344	0.00657	0.00193	0.00354	0.01140	0.00497	0.00520
9	0.01108	0.11631	0.53396	0.01351	0.02004	0.01262	0.01641	0.01629	0.01263	0.01822	0.15874	0.01750	0.01622	0.00650	0.00540	0.00171	0.00693	0.00521	0.00313	0.00759
10	0.01544	0.49041	0.08633	0.01189	0.07080	0.01737	0.01059	0.01788	0.01216	0.10423	0.01019	0.01115	0.00827	0.00505	0.00421	0.00130	0.00588	0.00361	0.00309	0.11015
11	0.03653	0.00776	0.00838	0.00786	0.00990	0.00787	0.00606	0.13625	0.05829	0.02096	0.07017	0.15438	0.22795	0.01119	0.00591	0.00183	0.00368	0.04398	0.17509	0.00598
12	0.26418	0.07014	0.03635	0.01062	0.05712	0.02400	0.00831	0.03232	0.10975	0.11320	0.04608	0.01479	0.01167	0.00602	0.00480	0.00158	0.01770	0.00448	0.04358	0.12330

[dist]
# distance from previous block
# <min> <max>
0	13

[block]
# block no. 10 follows, 42 sequences, length 20
# corresponding to MSA columns:
# 1044-1063
name=unknown_K
#
# <colnr> <probs for GDERKNQSTAVLIFYWHMCP>
#	G	D	E	R	K	N	Q	S	T	A	V	L	I	F	Y	W	H	M	C	P
0	0.02025	0.00935	0.01197	0.00990	0.01344	0.00879	0.00790	0.02486	0.15611	0.51160	0.02427	0.12425	0.03398	0.00867	0.00590	0.00185	0.00448	0.00731	0.00646	0.00868
1	0.01203	0.00763	0.01067	0.04282	0.09851	0.00724	0.00766	0.01476	0.02674	0.16286	0.39490	0.03345	0.10113	0.02453	0.02833	0.00204	0.00417	0.00845	0.00556	0.00654
2	0.00978	0.00678	0.00965	0.15595	0.01464	0.00684	0.00751	0.01241	0.01446	0.08233	0.47426	0.12255	0.03934	0.01072	0.00643	0.00185	0.00382	0.00949	0.00544	0.00576
3	0.04512	0.01187	0.01643	0.01842	0.25776	0.01227	0.01145	0.17048	0.01599	0.20951	0.05872	0.01783	0.01337	0.05174	0.00781	0.00197	0.06061	0.00560	0.00466	0.00840
