[name]
unknown

[dist]
# distance from previous block
# <min> <max>
0	167

[block]
# block no. 0 follows, 41 sequences, length 8
# corresponding to MSA columns:
# 167-174
name=unknown_A
#
# <colnr> <probs for GDERKNQSTAVLIFYWHMCP>
#	G	D	E	R	K	N	Q	S	T	A	V	L	I	F	Y	W	H	M	C	P
0	0.10173	0.00850	0.03806	0.00824	0.01002	0.05327	0.00652	0.01167	0.01322	0.01901	0.26034	0.20966	0.11470	0.03021	0.00687	0.00204	0.00401	0.06442	0.03211	0.00539
1	0.51968	0.01243	0.01022	0.01001	0.05307	0.10727	0.00733	0.03739	0.01158	0.02237	0.05030	0.01526	0.03748	0.05274	0.03070	0.00219	0.00562	0.00444	0.00368	0.00623
2	0.04083	0.19117	0.09954	0.04546	0.07532	0.01586	0.09084	0.07419	0.23326	0.05581	0.01455	0.01521	0.01108	0.00610	0.00530	0.00172	0.00628	0.00511	0.00402	0.00835
3	0.01059	0.00983	0.01641	0.72417	0.03697	0.01213	0.01506	0.01431	0.01181	0.01527	0.06903	0.01741	0.01126	0.00619	0.00580	0.00190	0.00724	0.00550	0.00284	0.00628
4	0.00796	0.00585	0.00717	0.00695	0.00844	0.00532	0.00529	0.01035	0.01504	0.02069	0.50962	0.04594	0.22427	0.01237	0.00668	0.00186	0.00289	0.05142	0.04665	0.00525
5	0.01313	0.09178	0.13557	0.22038	0.02633	0.01363	0.20592	0.07001	0.01394	0.04749	0.09339	0.01729	0.01331	0.00615	0.00586	0.00180	0.00739	0.00580	0.00343	0.00740
6	0.01499	0.74198	0.08780	0.01030	0.01547	0.02190	0.01067	0.01720	0.01166	0.01382	0.00813	0.00940	0.00733	0.00494	0.00381	0.00127	0.00630	0.00315	0.00244	0.00743
7	0.12530	0.05503	0.20386	0.03289	0.03388	0.01271	0.01189	0.12741	0.06829	0.16007	0.03838	0.01623	0.03409	0.00648	0.00526	0.00172	0.00591	0.00503	0.00443	0.05112

[dist]
# distance from previous block
# <min> <max>
0	3

[block]
# block no. 1 follows, 41 sequences, length 17
# corresponding to MSA columns:
# 178-194
name=unknown_B
#
# <colnr> <probs for GDERKNQSTAVLIFYWHMCP>
#	G	D	E	R	K	N	Q	S	T	A	V	L	I	F	Y	W	H	M	C	P
0	0.04753	0.23272	0.17891	0.03992	0.06604	0.06987	0.01251	0.13484	0.02929	0.05191	0.03208	0.01342	0.00997	0.00589	0.00491	0.00158	0.00660	0.00440	0.04969	0.00791
1	0.80020	0.04869	0.00943	0.00763	0.01123	0.01330	0.00637	0.01683	0.00982	0.02508	0.00796	0.00929	0.00625	0.00529	0.00355	0.00174	0.00451	0.00310	0.00349	0.00625
2	0.01288	0.01081	0.05574	0.00970	0.01153	0.04988	0.00762	0.13784	0.01285	0.05728	0.01543	0.02519	0.01499	0.35865	0.08731	0.00413	0.07684	0.00653	0.03900	0.00582
3	0.00938	0.00803	0.01249	0.44146	0.02550	0.00928	0.01105	0.01213	0.01170	0.01545	0.08118	0.19962	0.05922	0.04136	0.00710	0.00212	0.00571	0.00860	0.03297	0.00565
4	0.75411	0.01092	0.00892	0.00780	0.01143	0.01237	0.00643	0.01797	0.01043	0.10338	0.00949	0.01036	0.00703	0.00550	0.00377	0.00177	0.00447	0.00338	0.00391	0.00657
5	0.01502	0.01268	0.01338	0.01180	0.01518	0.01460	0.00925	0.10603	0.67603	0.02521	0.02227	0.02053	0.01664	0.00767	0.00581	0.00192	0.00471	0.00633	0.00581	0.00912
6	0.00764	0.00579	0.00704	0.00680	0.00828	0.00519	0.00507	0.00988	0.01499	0.02027	0.51279	0.08121	0.26850	0.01283	0.00678	0.00186	0.00279	0.01114	0.00595	0.00519
7	0.01032	0.01010	0.04204	0.60296	0.03286	0.01152	0.01415	0.01385	0.01186	0.01559	0.09061	0.07190	0.01458	0.00729	0.00625	0.00194	0.02646	0.00638	0.00312	0.00621
8	0.00818	0.00608	0.00893	0.00893	0.00986	0.00701	0.00682	0.01004	0.00911	0.01308	0.01556	0.02381	0.01488	0.11050	0.70950	0.00887	0.01445	0.00632	0.00310	0.00496
9	0.00974	0.00955	0.10131	0.00880	0.01136	0.00737	0.00771	0.01400	0.09534	0.05446	0.32909	0.10247	0.15595	0.01225	0.03309	0.00213	0.00423	0.00950	0.02546	0.00620
10	0.83938	0.01106	0.00841	0.00752	0.01106	0.01283	0.00619	0.01681	0.00973	0.02566	0.00796	0.00929	0.00619	0.00531	0.00354	0.00177	0.00442	0.00310	0.00354	0.00619
11	0.01340	0.01120	0.01283	0.00957	0.01427	0.00985	0.00770	0.11241	0.08002	0.02127	0.01173	0.01298	0.00941	0.00507	0.00501	0.00111	0.02808	0.00395	0.00389	0.62625
12	0.00767	0.00583	0.00705	0.00674	0.00828	0.00521	0.00506	0.00996	0.01518	0.02053	0.53409	0.04669	0.28167	0.01259	0.00675	0.00184	0.00276	0.01090	0.00598	0.00521
13	0.02037	0.08111	0.01601	0.01129	0.01501	0.01116	0.05339	0.03834	0.01466	0.45266	0.04750	0.01807	0.01371	0.00721	0.00725	0.00178	0.10829	0.00556	0.04522	0.03142
14	0.12163	0.01373	0.01417	0.01177	0.01562	0.01555	0.00947	0.33373	0.34883	0.02933	0.01727	0.01657	0.01273	0.00707	0.00549	0.00182	0.00527	0.00548	0.00549	0.00898
15	0.02116	0.01284	0.01733	0.01816	0.22668	0.01287	0.01178	0.25517	0.01881	0.32125	0.01640	0.01613	0.01130	0.00645	0.00572	0.00173	0.00587	0.00537	0.00545	0.00954
16	0.14663	0.01512	0.03807	0.02502	0.44658	0.10685	0.01406	0.01958	0.09828	0.01982	0.01151	0.01369	0.00932	0.00554	0.00527	0.00171	0.00663	0.00474	0.00329	0.00829

[dist]
# distance from previous block
# <min> <max>
5	27

[block]
# block no. 2 follows, 41 sequences, length 10
# corresponding to MSA columns:
# 236-245
name=unknown_C
#
# <colnr> <probs for GDERKNQSTAVLIFYWHMCP>
#	G	D	E	R	K	N	Q	S	T	A	V	L	I	F	Y	W	H	M	C	P
0	0.83938	0.01106	0.00841	0.00752	0.01106	0.01283	0.00619	0.01681	0.00973	0.02566	0.00796	0.00929	0.00619	0.00531	0.00354	0.00177	0.00442	0.00310	0.00354	0.00619
1	0.00740	0.00582	0.00668	0.00646	0.00812	0.00510	0.00485	0.00944	0.01454	0.01903	0.39340	0.04916	0.42330	0.01315	0.00675	0.00187	0.00280	0.01125	0.00578	0.00510
2	0.01191	0.05172	0.60769	0.01480	0.02212	0.01304	0.01826	0.06983	0.01343	0.01942	0.05739	0.01602	0.04693	0.00633	0.00554	0.00179	0.00761	0.00500	0.00303	0.00815
3	0.00980	0.00502	0.00735	0.00735	0.00735	0.00502	0.00484	0.00752	0.00752	0.01003	0.01062	0.01908	0.01085	0.08550	0.02292	0.76383	0.00502	0.00525	0.00257	0.00257
4	0.01594	0.75260	0.02892	0.00981	0.01468	0.02174	0.00970	0.01780	0.01192	0.06084	0.00887	0.00982	0.00777	0.00503	0.00380	0.00126	0.00604	0.00323	0.00274	0.00749
5	0.01497	0.56635	0.13889	0.01061	0.01574	0.01886	0.01107	0.01762	0.01239	0.07209	0.06514	0.01288	0.01130	0.00564	0.00432	0.00140	0.00612	0.00398	0.00308	0.00755
6	0.03504	0.03249	0.16087	0.01074	0.01478	0.01000	0.01009	0.05981	0.03646	0.14989	0.03554	0.01571	0.01117	0.00919	0.00955	0.18288	0.04202	0.00479	0.00390	0.16508
7	0.28798	0.01288	0.01331	0.10987	0.01763	0.03899	0.00950	0.22194	0.11209	0.10285	0.01337	0.01394	0.00968	0.00631	0.00500	0.00178	0.00561	0.00465	0.00466	0.00795
8	0.01216	0.01236	0.01703	0.68642	0.03661	0.11060	0.01527	0.01567	0.01205	0.01454	0.01000	0.01462	0.00759	0.00574	0.00565	0.00185	0.00797	0.00490	0.00259	0.00639
9	0.73370	0.11255	0.01117	0.00781	0.01153	0.01409	0.00666	0.01685	0.00998	0.02410	0.00796	0.00928	0.00634	0.00526	0.00356	0.00170	0.00464	0.00309	0.00340	0.00634

[dist]
# distance from previous block
# <min> <max>
0	4

[block]
# block no. 3 follows, 41 sequences, length 6
# corresponding to MSA columns:
# 250-255
name=unknown_D
#
# <colnr> <probs for GDERKNQSTAVLIFYWHMCP>
#	G	D	E	R	K	N	Q	S	T	A	V	L	I	F	Y	W	H	M	C	P
0	0.01425	0.01291	0.02035	0.08049	0.53563	0.01334	0.01534	0.10105	0.04759	0.02033	0.01324	0.07524	0.01165	0.00646	0.00581	0.00177	0.00642	0.00603	0.00347	0.00861
1	0.05674	0.01626	0.01862	0.01562	0.01716	0.19588	0.09610	0.01659	0.01111	0.01495	0.00832	0.01217	0.00754	0.00820	0.01340	0.00216	0.47517	0.00480	0.00271	0.00651
2	0.07457	0.60232	0.02598	0.01043	0.01499	0.10506	0.00975	0.07172	0.01313	0.01606	0.00848	0.00965	0.00744	0.00518	0.00398	0.00133	0.00648	0.00329	0.00282	0.00736
3	0.83938	0.01106	0.00841	0.00752	0.01106	0.01283	0.00619	0.01681	0.00973	0.02566	0.00796	0.00929	0.00619	0.00531	0.00354	0.00177	0.00442	0.00310	0.00354	0.00619
4	0.01984	0.01835	0.20169	0.01346	0.01896	0.01514	0.01300	0.45056	0.02156	0.14896	0.01430	0.01425	0.00983	0.00655	0.00566	0.00175	0.00660	0.00502	0.00513	0.00941
5	0.01257	0.00817	0.00982	0.00855	0.01095	0.00800	0.00667	0.10310	0.08079	0.12767	0.42244	0.03555	0.12151	0.01045	0.00641	0.00181	0.00362	0.00894	0.00618	0.00678

[dist]
# distance from previous block
# <min> <max>
0	6

[block]
# block no. 4 follows, 41 sequences, length 10
# corresponding to MSA columns:
# 262-271
name=unknown_E
#
# <colnr> <probs for GDERKNQSTAVLIFYWHMCP>
#	G	D	E	R	K	N	Q	S	T	A	V	L	I	F	Y	W	H	M	C	P
0	0.06475	0.13657	0.21461	0.06733	0.09990	0.06125	0.10535	0.07785	0.01375	0.05722	0.01166	0.04381	0.00937	0.00598	0.00536	0.00172	0.00733	0.00505	0.00326	0.00789
1	0.16934	0.01088	0.07543	0.20218	0.03674	0.01046	0.01014	0.07055	0.03200	0.01915	0.02115	0.19139	0.10963	0.00955	0.00576	0.00195	0.00533	0.00803	0.00403	0.00633
2	0.00888	0.00702	0.00914	0.00937	0.05226	0.00698	0.00658	0.01223	0.06485	0.02103	0.51334	0.07678	0.12575	0.01159	0.00727	0.00188	0.04354	0.01000	0.00571	0.00580
3	0.01097	0.01002	0.01676	0.51526	0.03107	0.01157	0.08337	0.04606	0.01331	0.01765	0.16762	0.02096	0.01753	0.00693	0.00603	0.00188	0.00673	0.00635	0.00350	0.00643
4	0.00990	0.00867	0.01245	0.01143	0.01206	0.01122	0.00922	0.01166	0.00933	0.01390	0.04548	0.01940	0.01336	0.02836	0.43915	0.00619	0.32378	0.00587	0.00298	0.00558
5	0.00822	0.00551	0.00627	0.00636	0.00638	0.00548	0.00359	0.00829	0.00850	0.01133	0.01895	0.08971	0.02197	0.74510	0.02761	0.00532	0.00539	0.00887	0.00359	0.00355
6	0.01680	0.03656	0.05574	0.08363	0.06352	0.03137	0.09032	0.20561	0.16515	0.11088	0.04106	0.01792	0.01311	0.00689	0.00608	0.00183	0.02074	0.01948	0.00477	0.00854
7	0.22809	0.00906	0.00913	0.00887	0.04057	0.00988	0.00656	0.04691	0.14985	0.05723	0.01676	0.03932	0.01319	0.00680	0.00453	0.00164	0.00390	0.00527	0.33570	0.00675
8	0.06055	0.01237	0.06841	0.06845	0.05775	0.03319	0.00974	0.04790	0.12648	0.10455	0.05186	0.05628	0.01402	0.00663	0.00525	0.00154	0.00520	0.00548	0.00434	0.25998
9	0.04988	0.06712	0.01670	0.04472	0.08471	0.05096	0.03075	0.12666	0.03595	0.18203	0.01350	0.01524	0.01031	0.03796	0.00797	0.00186	0.10895	0.00496	0.00431	0.10546

[dist]
# distance from previous block
# <min> <max>
3	22

[block]
# block no. 5 follows, 41 sequences, length 10
# corresponding to MSA columns:
# 294-303
name=unknown_F
#
# <colnr> <probs for GDERKNQSTAVLIFYWHMCP>
#	G	D	E	R	K	N	Q	S	T	A	V	L	I	F	Y	W	H	M	C	P
0	0.00762	0.00561	0.00717	0.00747	0.00857	0.00516	0.00548	0.00960	0.01387	0.01885	0.38188	0.28896	0.14287	0.01435	0.00700	0.00204	0.00309	0.05954	0.00578	0.00507
1	0.01329	0.01349	0.06374	0.09220	0.47534	0.05040	0.01504	0.01655	0.01322	0.03776	0.08173	0.07352	0.01512	0.00680	0.00585	0.00177	0.00646	0.00629	0.00340	0.00803
2	0.01708	0.01031	0.01262	0.01080	0.05339	0.03194	0.00806	0.04331	0.03987	0.29286	0.05516	0.07055	0.03336	0.00712	0.00539	0.00149	0.00470	0.00594	0.00518	0.29087
3	0.03596	0.06192	0.07677	0.03030	0.05712	0.04472	0.03594	0.28692	0.16092	0.08102	0.01462	0.01504	0.01080	0.00676	0.00636	0.00179	0.05434	0.00519	0.00472	0.00878
4	0.01357	0.01360	0.05061	0.04497	0.45554	0.05758	0.01422	0.04133	0.07124	0.01942	0.10095	0.03559	0.01585	0.03297	0.00658	0.00187	0.00630	0.00605	0.00362	0.00813
5	0.00767	0.00553	0.00693	0.00730	0.00811	0.00517	0.00509	0.00915	0.01245	0.01681	0.26340	0.29948	0.11476	0.16245	0.01120	0.00274	0.00359	0.04818	0.00527	0.00471
6	0.01498	0.43449	0.06843	0.05725	0.01740	0.05499	0.03613	0.08462	0.05676	0.01695	0.02642	0.03522	0.01011	0.00623	0.00555	0.00155	0.05782	0.00447	0.00316	0.00746
7	0.04280	0.01150	0.01431	0.11762	0.13077	0.09728	0.04119	0.01746	0.06767	0.12390	0.06354	0.14312	0.01828	0.07568	0.00793	0.00217	0.00599	0.00751	0.00432	0.00695
8	0.45358	0.01250	0.08131	0.01012	0.03230	0.01214	0.00866	0.07814	0.06343	0.04933	0.01340	0.04297	0.01165	0.04073	0.00577	0.00203	0.00513	0.06587	0.00408	0.00685
9	0.08963	0.00985	0.03577	0.07570	0.04498	0.00976	0.00833	0.06278	0.14083	0.05902	0.20346	0.02720	0.10543	0.00860	0.00572	0.00177	0.00436	0.00717	0.06402	0.03564

[dist]
# distance from previous block
# <min> <max>
4	9

[block]
# block no. 6 follows, 41 sequences, length 9
# corresponding to MSA columns:
# 314-322
name=unknown_G
#
# <colnr> <probs for GDERKNQSTAVLIFYWHMCP>
#	G	D	E	R	K	N	Q	S	T	A	V	L	I	F	Y	W	H	M	C	P
0	0.01522	0.00945	0.01375	0.15939	0.04718	0.00967	0.04645	0.01978	0.11831	0.24636	0.09080	0.13015	0.02074	0.00903	0.00620	0.00194	0.00526	0.03749	0.00527	0.00756
1	0.00720	0.00515	0.00689	0.00810	0.00857	0.00483	0.00560	0.00842	0.01144	0.01531	0.07732	0.69551	0.03850	0.01738	0.00731	0.00231	0.00342	0.06666	0.00537	0.00474
2	0.03797	0.01160	0.04287	0.31065	0.04240	0.01231	0.15512	0.03406	0.01235	0.06908	0.01387	0.05923	0.01205	0.02846	0.00791	0.00211	0.07928	0.05847	0.00340	0.00681
3	0.01493	0.06179	0.33340	0.01643	0.07451	0.01319	0.10491	0.09139	0.03701	0.12486	0.01415	0.06328	0.01101	0.00654	0.00572	0.00181	0.00719	0.00567	0.00378	0.00843
4	0.01179	0.01130	0.01929	0.54006	0.20897	0.01322	0.04596	0.01542	0.01177	0.01569	0.01024	0.01487	0.00800	0.00574	0.00637	0.00189	0.04462	0.00515	0.00262	0.00705
5	0.00817	0.00613	0.00919	0.00919	0.01021	0.00715	0.00715	0.01021	0.00919	0.01328	0.01532	0.02247	0.01430	0.04290	0.77631	0.00919	0.01532	0.00613	0.00306	0.00511
6	0.07482	0.04963	0.05364	0.00937	0.01197	0.00851	0.03801	0.03890	0.01480	0.07540	0.38595	0.03386	0.03420	0.01121	0.03560	0.00213	0.00465	0.08386	0.02723	0.00626
7	0.08519	0.15521	0.08310	0.05452	0.08554	0.01470	0.12687	0.01882	0.06524	0.10308	0.03196	0.01456	0.01041	0.00621	0.00675	0.00177	0.09386	0.00500	0.00355	0.03365
8	0.03568	0.01377	0.09987	0.01230	0.03625	0.06052	0.04031	0.12975	0.03616	0.11783	0.06853	0.05695	0.01690	0.00798	0.00579	0.00172	0.00580	0.09410	0.00464	0.15514

[dist]
# distance from previous block
# <min> <max>
9	46

[block]
# block no. 7 follows, 41 sequences, length 23
# corresponding to MSA columns:
# 375-380,409-425
name=unknown_H
#
# <colnr> <probs for GDERKNQSTAVLIFYWHMCP>
#	G	D	E	R	K	N	Q	S	T	A	V	L	I	F	Y	W	H	M	C	P
0	0.01708	0.01355	0.06762	0.06596	0.12260	0.01322	0.01160	0.20918	0.18222	0.14460	0.07795	0.01879	0.01541	0.00707	0.00580	0.00180	0.00568	0.00589	0.00517	0.00882
1	0.11492	0.01213	0.01393	0.12523	0.06645	0.06235	0.02921	0.23275	0.01631	0.02275	0.01821	0.18967	0.05419	0.00914	0.00585	0.00189	0.00581	0.00767	0.00443	0.00712
2	0.79638	0.01113	0.00864	0.00774	0.01126	0.01290	0.00634	0.01752	0.04847	0.02557	0.00876	0.00992	0.00678	0.00544	0.00366	0.00178	0.00443	0.00327	0.00366	0.00634
3	0.12787	0.01681	0.11703	0.22323	0.02339	0.13176	0.01290	0.17048	0.01553	0.07125	0.01118	0.01314	0.00821	0.00610	0.00565	0.00177	0.02786	0.00454	0.00369	0.00759
4	0.07408	0.05404	0.19777	0.01440	0.03832	0.01444	0.07815	0.17735	0.11130	0.12391	0.01408	0.01467	0.01015	0.00639	0.00615	0.00181	0.04496	0.00507	0.00434	0.00861
5	0.01324	0.01244	0.02094	0.05367	0.63996	0.01246	0.01586	0.01655	0.01340	0.01914	0.11184	0.01804	0.01507	0.00600	0.00581	0.00172	0.00627	0.00580	0.00329	0.00849
6	0.01495	0.01487	0.11806	0.03636	0.06959	0.04048	0.08370	0.09684	0.04310	0.09239	0.01240	0.01374	0.00933	0.00532	0.00519	0.00142	0.00614	0.00455	0.00383	0.32773
7	0.00689	0.00580	0.00598	0.00593	0.00781	0.00488	0.00445	0.00846	0.01335	0.01619	0.12692	0.05384	0.69154	0.01421	0.00676	0.00192	0.00288	0.01190	0.00541	0.00488
8	0.01149	0.02428	0.53942	0.05712	0.02531	0.01289	0.15502	0.01729	0.01238	0.01779	0.01380	0.01584	0.05960	0.00596	0.00579	0.00185	0.00825	0.00529	0.00271	0.00795
9	0.00882	0.00555	0.00689	0.00732	0.00777	0.00531	0.00467	0.00944	0.01010	0.06251	0.02473	0.39605	0.02845	0.37603	0.01722	0.00377	0.00444	0.01192	0.00458	0.00444
10	0.00849	0.00627	0.00823	0.00784	0.00891	0.00643	0.00588	0.01056	0.01361	0.01935	0.46066	0.07906	0.07292	0.06191	0.08419	0.02575	0.06478	0.00945	0.04053	0.00517
11	0.83938	0.01106	0.00841	0.00752	0.01106	0.01283	0.00619	0.01681	0.00973	0.02566	0.00796	0.00929	0.00619	0.00531	0.00354	0.00177	0.00442	0.00310	0.00354	0.00619
12	0.01254	0.01753	0.35773	0.04096	0.01827	0.00982	0.01371	0.01701	0.01396	0.13551	0.22652	0.02550	0.02329	0.00816	0.00603	0.00186	0.00602	0.05365	0.00443	0.00750
13	0.03732	0.11942	0.08786	0.06041	0.13073	0.01362	0.08609	0.03438	0.04443	0.01708	0.01569	0.13289	0.03467	0.00861	0.00769	0.00195	0.11867	0.03796	0.00345	0.00707
14	0.01412	0.01595	0.09450	0.03086	0.55448	0.04625	0.12402	0.01795	0.01314	0.01838	0.01075	0.01398	0.00876	0.00512	0.00578	0.00173	0.00752	0.00520	0.00281	0.00870
15	0.00843	0.00601	0.00688	0.00700	0.00863	0.00533	0.00512	0.01029	0.03419	0.06783	0.08963	0.27283	0.42774	0.01464	0.00682	0.00203	0.00319	0.01262	0.00551	0.00527
16	0.03007	0.01095	0.01897	0.60275	0.03550	0.01283	0.12037	0.03936	0.01220	0.01612	0.01123	0.04408	0.00894	0.00607	0.00588	0.00192	0.00764	0.00570	0.00282	0.00660
17	0.10023	0.01513	0.15088	0.10096	0.11753	0.03373	0.01284	0.06707	0.17467	0.07513	0.01583	0.04192	0.01277	0.00714	0.00562	0.00188	0.00617	0.04833	0.00417	0.00801
18	0.01229	0.01322	0.05510	0.29944	0.17524	0.01351	0.23147	0.01621	0.01213	0.01656	0.01074	0.01507	0.00846	0.00708	0.03759	0.00220	0.05808	0.00558	0.00272	0.00732
19	0.01350	0.01543	0.03375	0.02411	0.02989	0.01446	0.74253	0.01832	0.01350	0.01832	0.01157	0.01543	0.00868	0.00482	0.00675	0.00193	0.00964	0.00675	0.00289	0.00771
20	0.01366	0.09316	0.04278	0.06693	0.06075	0.01511	0.37623	0.02079	0.19444	0.01889	0.01383	0.01604	0.01059	0.00575	0.00634	0.00186	0.02533	0.00603	0.00352	0.00797
21	0.00714	0.00525	0.00665	0.00748	0.00819	0.00481	0.00513	0.00844	0.01198	0.01589	0.14453	0.55171	0.14785	0.03706	0.00771	0.00227	0.00322	0.01454	0.00541	0.00475
22	0.17571	0.20782	0.16782	0.01328	0.02990	0.01625	0.07700	0.05608	0.03966	0.04511	0.01010	0.01191	0.00801	0.00605	0.00660	0.00176	0.11201	0.00425	0.00317	0.00752

[dist]
# distance from previous block
# <min> <max>
0	2

[block]
# block no. 8 follows, 41 sequences, length 17
# corresponding to MSA columns:
# 428-435,440-448
name=unknown_I
#
# <colnr> <probs for GDERKNQSTAVLIFYWHMCP>
#	G	D	E	R	K	N	Q	S	T	A	V	L	I	F	Y	W	H	M	C	P
0	0.02887	0.05301	0.03987	0.07469	0.07831	0.07018	0.00982	0.04406	0.16810	0.05247	0.24565	0.02480	0.03951	0.00833	0.00637	0.00180	0.03525	0.00688	0.00481	0.00722
1	0.00707	0.00549	0.00644	0.00688	0.00809	0.00485	0.00490	0.00856	0.01277	0.01640	0.16790	0.34104	0.35848	0.01534	0.00697	0.00206	0.00303	0.01341	0.00548	0.00485
2	0.08562	0.14201	0.26374	0.04062	0.04051	0.01375	0.03660	0.09216	0.04140	0.02020	0.05625	0.01501	0.01145	0.00668	0.00582	0.03919	0.00635	0.00475	0.07046	0.00745
3	0.01497	0.04230	0.07216	0.07168	0.40302	0.06222	0.07355	0.01929	0.06562	0.07096	0.01213	0.01459	0.00955	0.00570	0.00616	0.00176	0.03743	0.00515	0.00328	0.00847
4	0.00867	0.00598	0.00703	0.00666	0.00838	0.00532	0.00503	0.01086	0.01465	0.05712	0.39395	0.04454	0.31968	0.01212	0.00648	0.00181	0.00288	0.01037	0.07307	0.00539
5	0.02007	0.01412	0.01551	0.01233	0.01646	0.01542	0.01010	0.50959	0.13691	0.10761	0.04051	0.01837	0.01367	0.00752	0.00586	0.00179	0.00572	0.03324	0.00588	0.00931
6	0.00766	0.00517	0.00690	0.00802	0.00852	0.00480	0.00542	0.00876	0.01132	0.04115	0.05620	0.74238	0.03756	0.01733	0.00723	0.00229	0.00335	0.01569	0.00541	0.00485
7	0.01362	0.01430	0.15678	0.37672	0.02812	0.01259	0.01444	0.13843	0.01476	0.07836	0.05019	0.05128	0.01210	0.00681	0.00579	0.00186	0.00690	0.00575	0.00372	0.00745
8	0.28823	0.01266	0.04268	0.08657	0.01703	0.03446	0.04607	0.16346	0.01465	0.08146	0.01282	0.01628	0.01011	0.00674	0.00565	0.00183	0.04240	0.04739	0.06225	0.00726
9	0.01441	0.01023	0.08377	0.01032	0.04599	0.00860	0.00859	0.10307	0.01467	0.15078	0.01980	0.07039	0.01668	0.00839	0.00541	0.00174	0.00459	0.09607	0.31945	0.00704
10	0.36801	0.01259	0.01820	0.09841	0.06296	0.01346	0.22066	0.07605	0.01282	0.02270	0.03691	0.01355	0.00923	0.00556	0.00512	0.00182	0.00650	0.00491	0.00348	0.00707
11	0.00732	0.00582	0.00657	0.00638	0.00807	0.00507	0.00479	0.00929	0.01436	0.01859	0.35230	0.04988	0.46467	0.01332	0.00675	0.00188	0.00281	0.01135	0.00572	0.00507
12	0.02186	0.01257	0.01468	0.01146	0.01566	0.01294	0.00939	0.36315	0.06774	0.32460	0.07049	0.01853	0.01509	0.00735	0.00581	0.00176	0.00536	0.00584	0.00631	0.00938
13	0.04099	0.05278	0.07929	0.16873	0.06910	0.01472	0.02683	0.18684	0.02879	0.05724	0.01146	0.01425	0.00895	0.00860	0.03697	0.03156	0.14671	0.00498	0.00362	0.00758
14	0.01124	0.00677	0.00829	0.00778	0.00986	0.00603	0.00587	0.01348	0.03531	0.15532	0.14460	0.22786	0.22013	0.01245	0.00644	0.00191	0.00351	0.02700	0.04083	0.05532
15	0.56449	0.06939	0.03553	0.00893	0.03447	0.01267	0.00735	0.03539	0.01102	0.04942	0.00972	0.01106	0.00755	0.00542	0.00388	0.00164	0.00467	0.00352	0.06680	0.05709
16	0.06694	0.09649	0.10675	0.01216	0.01652	0.07999	0.07426	0.09519	0.09522	0.09607	0.10216	0.01900	0.04623	0.00695	0.00546	0.00167	0.00603	0.00568	0.00440	0.06286

[dist]
# distance from previous block
# <min> <max>
0	14

[block]
# block no. 9 follows, 41 sequences, length 25
# corresponding to MSA columns:
# 463-487
name=unknown_J
#
# <colnr> <probs for GDERKNQSTAVLIFYWHMCP>
#	G	D	E	R	K	N	Q	S	T	A	V	L	I	F	Y	W	H	M	C	P
0	0.04200	0.02636	0.06599	0.00896	0.01107	0.00767	0.00723	0.06419	0.04793	0.01817	0.07900	0.43226	0.08965	0.01335	0.00647	0.00202	0.00406	0.01172	0.00496	0.05692
1	0.07222	0.07220	0.03109	0.11156	0.09001	0.01178	0.01022	0.10656	0.03679	0.10881	0.01622	0.06336	0.01467	0.09057	0.02135	0.02632	0.02663	0.07844	0.00420	0.00701
2	0.03348	0.04879	0.22491	0.07794	0.04828	0.01265	0.06883	0.08251	0.08076	0.13916	0.01545	0.07630	0.01240	0.02639	0.00661	0.00194	0.02542	0.00603	0.00410	0.00805
3	0.01290	0.04273	0.12037	0.01132	0.01421	0.01018	0.03127	0.04535	0.03086	0.13892	0.08568	0.19993	0.03977	0.01221	0.04376	0.00237	0.10665	0.04004	0.00465	0.00685
4	0.01761	0.00807	0.01044	0.00890	0.01161	0.00740	0.00681	0.02016	0.05713	0.40892	0.08323	0.13336	0.02201	0.13636	0.00975	0.00245	0.00448	0.00804	0.03579	0.00746
5	0.14434	0.01292	0.06129	0.04174	0.01716	0.03077	0.09381	0.04974	0.04778	0.04383	0.01112	0.01275	0.00866	0.00502	0.00476	0.00136	0.00557	0.00416	0.00359	0.39965
6	0.01522	0.01512	0.01778	0.12955	0.07662	0.15912	0.04118	0.07073	0.01278	0.04432	0.00988	0.01332	0.00827	0.00759	0.01097	0.00202	0.32856	0.00489	0.02512	0.00697
7	0.00704	0.00531	0.00645	0.00720	0.00807	0.00479	0.00496	0.00826	0.01186	0.01534	0.09287	0.49098	0.25370	0.04544	0.00791	0.00229	0.00323	0.01428	0.00531	0.00471
8	0.01180	0.01178	0.08122	0.05955	0.09685	0.01088	0.03890	0.06113	0.21797	0.02163	0.21989	0.06289	0.06351	0.00886	0.00616	0.00187	0.00498	0.00777	0.00495	0.00741
9	0.02938	0.09106	0.46335	0.01443	0.02068	0.04184	0.04619	0.03582	0.01272	0.03970	0.04858	0.01520	0.03360	0.00636	0.00619	0.00178	0.05570	0.00487	0.02474	0.00780
10	0.00728	0.00536	0.00684	0.00758	0.00841	0.00492	0.00535	0.00878	0.01250	0.01666	0.19547	0.49019	0.14840	0.01596	0.00712	0.00216	0.00320	0.04343	0.00552	0.00486
11	0.01622	0.68369	0.02786	0.01055	0.01514	0.13803	0.00998	0.01800	0.01232	0.01354	0.00809	0.00935	0.00734	0.00505	0.00390	0.00126	0.00676	0.00315	0.00252	0.00723
12	0.00704	0.00503	0.00670	0.00792	0.00831	0.00469	0.00532	0.00814	0.01127	0.01512	0.07653	0.74877	0.03883	0.01754	0.00727	0.00229	0.00328	0.01590	0.00537	0.00469
13	0.15485	0.01323	0.01854	0.01515	0.06496	0.01351	0.16625	0.22211	0.03857	0.21414	0.01465	0.01506	0.01022	0.00614	0.00559	0.00179	0.00632	0.00534	0.00492	0.00866
14	0.34826	0.05822	0.01095	0.10281	0.03015	0.02514	0.00743	0.03341	0.01088	0.04753	0.01230	0.03746	0.01100	0.13480	0.00881	0.02432	0.00514	0.00499	0.08045	0.00591
15	0.02137	0.02726	0.01621	0.01474	0.01768	0.77602	0.01105	0.02284	0.01621	0.01400	0.00884	0.01031	0.00737	0.00589	0.00516	0.00147	0.01031	0.00368	0.00295	0.00663
16	0.00714	0.00510	0.00683	0.00816	0.00857	0.00479	0.00561	0.00826	0.01112	0.01479	0.03143	0.73990	0.03746	0.01776	0.00735	0.00235	0.00347	0.06993	0.00531	0.00469
17	0.00738	0.00512	0.00656	0.00750	0.00781	0.00485	0.00488	0.00802	0.01032	0.01369	0.02870	0.57590	0.05909	0.18037	0.01250	0.04041	0.00384	0.01395	0.00480	0.00431
18	0.10179	0.05621	0.01536	0.05883	0.01650	0.03458	0.02235	0.32152	0.03436	0.10333	0.01348	0.01457	0.00997	0.00709	0.00664	0.02603	0.06123	0.00490	0.08323	0.00802
19	0.01716	0.33188	0.06200	0.04568	0.04729	0.04796	0.01112	0.22122	0.07639	0.05692	0.01223	0.02486	0.00970	0.00609	0.00489	0.00155	0.00632	0.00451	0.00393	0.00827
20	0.00994	0.00497	0.00745	0.00745	0.00745	0.00497	0.00497	0.00745	0.00745	0.00994	0.00994	0.01739	0.00994	0.01987	0.02235	0.83358	0.00497	0.00497	0.00248	0.00248
21	0.04496	0.13622	0.14233	0.03229	0.06553	0.10705	0.07588	0.12441	0.12103	0.07644	0.01308	0.01394	0.00982	0.00600	0.00533	0.00169	0.00703	0.00481	0.00390	0.00828
22	0.01300	0.26605	0.28927	0.01360	0.01935	0.01545	0.09902	0.01813	0.07440	0.03260	0.05961	0.01641	0.04706	0.00624	0.00522	0.00166	0.00684	0.00512	0.00324	0.00773
23	0.00815	0.00615	0.00758	0.00735	0.00880	0.00579	0.00546	0.01132	0.06273	0.02085	0.51677	0.13097	0.16141	0.01261	0.00675	0.00189	0.00292	0.01106	0.00600	0.00546
24	0.19609	0.00837	0.03925	0.00827	0.01023	0.00791	0.00638	0.01295	0.05688	0.03744	0.08535	0.29483	0.02515	0.12007	0.00907	0.00248	0.00423	0.02566	0.00461	0.04479

[dist]
# distance from previous block
# <min> <max>
0	27

[block]
# block no. 10 follows, 41 sequences, length 23
# corresponding to MSA columns:
# 515-537
name=unknown_K
#
# <colnr> <probs for GDERKNQSTAVLIFYWHMCP>
#	G	D	E	R	K	N	Q	S	T	A	V	L	I	F	Y	W	H	M	C	P
0	0.03709	0.11267	0.04514	0.11080	0.19085	0.01315	0.01204	0.05231	0.06475	0.14875	0.03017	0.07874	0.01320	0.00719	0.00617	0.00178	0.04494	0.00595	0.00410	0.02021
1	0.00713	0.00564	0.00644	0.00678	0.00820	0.00496	0.00499	0.00870	0.01295	0.01634	0.14466	0.23901	0.44496	0.01504	0.00696	0.00205	0.00311	0.05177	0.00544	0.00488
2	0.07019	0.00814	0.00970	0.00869	0.01120	0.00782	0.00673	0.07549	0.03871	0.22554	0.11526	0.18989	0.14095	0.03411	0.00694	0.00205	0.00409	0.03191	0.00579	0.00681
3	0.01452	0.02891	0.11849	0.25450	0.09247	0.07146	0.07420	0.09848	0.04435	0.06227	0.01222	0.03326	0.00950	0.00639	0.00651	0.00185	0.05420	0.00534	0.00342	0.00766
4	0.06037	0.01896	0.25404	0.01800	0.05488	0.03252	0.25739	0.06501	0.05103	0.11256	0.01295	0.01456	0.00927	0.00563	0.00585	0.00183	0.00783	0.00539	0.00362	0.00833
5	0.00867	0.00579	0.00721	0.00782	0.00846	0.00566	0.00529	0.01037	0.04897	0.04333	0.02659	0.45380	0.03021	0.22982	0.01305	0.00315	0.00413	0.05148	0.03140	0.00480
6	0.07340	0.01138	0.03580	0.01032	0.05276	0.00914	0.00800	0.06172	0.01274	0.02026	0.01027	0.01192	0.00838	0.00457	0.00439	0.00104	0.00464	0.00359	0.00349	0.65219
7	0.06445	0.01381	0.03647	0.06743	0.12864	0.16731	0.02402	0.07748	0.01413	0.07449	0.01692	0.20885	0.01642	0.02135	0.00617	0.00189	0.00629	0.00759	0.03939	0.00692
8	0.00697	0.00498	0.00664	0.00796	0.00830	0.00465	0.00531	0.00796	0.01095	0.01460	0.03153	0.79525	0.03783	0.01792	0.00730	0.00232	0.00332	0.01626	0.00531	0.00465
9	0.01210	0.05279	0.52461	0.06920	0.04577	0.01380	0.10045	0.01888	0.07422	0.01823	0.01142	0.01340	0.00834	0.00555	0.00558	0.00182	0.00807	0.00474	0.00278	0.00825
10	0.01430	0.03278	0.02931	0.01176	0.01439	0.08197	0.02556	0.10071	0.23475	0.04300	0.02126	0.02329	0.10457	0.00940	0.00873	0.04350	0.12847	0.03862	0.02634	0.00729
11	0.00717	0.00508	0.00663	0.00773	0.00806	0.00478	0.00510	0.00811	0.01083	0.01449	0.05620	0.67918	0.03641	0.10938	0.00984	0.00268	0.00356	0.01512	0.00513	0.00453
12	0.01519	0.05866	0.01408	0.01098	0.01382	0.08274	0.00893	0.25440	0.03250	0.04501	0.11177	0.02614	0.16546	0.00939	0.00763	0.00185	0.10736	0.02197	0.00488	0.00724
13	0.00723	0.00515	0.00679	0.00775	0.00824	0.00482	0.00523	0.00847	0.01172	0.01585	0.15564	0.62853	0.03974	0.05588	0.00830	0.00239	0.00332	0.01485	0.00539	0.00472
14	0.06528	0.01546	0.01527	0.01213	0.01634	0.13437	0.00984	0.35460	0.02082	0.27481	0.01559	0.01487	0.01064	0.00670	0.00553	0.00170	0.00636	0.00501	0.00562	0.00906
15	0.40772	0.01250	0.01224	0.03286	0.01434	0.03285	0.00845	0.20367	0.01508	0.11109	0.01146	0.01237	0.00842	0.00632	0.00560	0.00179	0.06323	0.00420	0.02832	0.00750
16	0.02137	0.02726	0.01621	0.01474	0.01768	0.77602	0.01105	0.02284	0.01621	0.01400	0.00884	0.01031	0.00737	0.00589	0.00516	0.00147	0.01031	0.00368	0.00295	0.00663
17	0.01137	0.00974	0.01572	0.47406	0.08810	0.01120	0.03092	0.03725	0.01252	0.04502	0.04742	0.06341	0.04248	0.00911	0.03892	0.00225	0.00704	0.04353	0.00343	0.00653
18	0.00758	0.00553	0.00675	0.00748	0.00823	0.00519	0.00526	0.00869	0.01112	0.01435	0.03393	0.34614	0.19061	0.19963	0.01238	0.00304	0.00404	0.12067	0.00487	0.00450
19	0.09484	0.01307	0.05142	0.19264	0.06022	0.06476	0.07282	0.06036	0.06626	0.08591	0.05479	0.01849	0.02573	0.00705	0.00667	0.00188	0.06742	0.02757	0.02083	0.00726
20	0.01208	0.20350	0.01540	0.06160	0.01406	0.07991	0.00824	0.01518	0.07194	0.01573	0.06416	0.07570	0.03672	0.06061	0.13337	0.00302	0.00716	0.00611	0.01816	0.09736
21	0.03596	0.22178	0.09075	0.00954	0.01335	0.01193	0.00872	0.03182	0.03587	0.01697	0.04147	0.17044	0.04875	0.02924	0.00583	0.00167	0.00500	0.02942	0.00379	0.18768
22	0.07722	0.12897	0.19496	0.01156	0.01624	0.03769	0.03044	0.09490	0.06020	0.03758	0.14862	0.04105	0.01779	0.00709	0.00532	0.00165	0.00581	0.00570	0.00408	0.07313

[dist]
# distance from previous block
# <min> <max>
2	16

[block]
# block no. 11 follows, 41 sequences, length 15
# corresponding to MSA columns:
# 554-568
name=unknown_L
#
# <colnr> <probs for GDERKNQSTAVLIFYWHMCP>
#	G	D	E	R	K	N	Q	S	T	A	V	L	I	F	Y	W	H	M	C	P
0	0.23859	0.04995	0.02595	0.04541	0.01333	0.02223	0.00768	0.09217	0.05978	0.07436	0.13414	0.07990	0.05136	0.03372	0.00603	0.00188	0.00466	0.00655	0.00466	0.04765
1	0.06600	0.02654	0.04630	0.07262	0.01610	0.01093	0.03472	0.15439	0.05755	0.12026	0.14442	0.02156	0.03470	0.04233	0.00660	0.00183	0.00515	0.00612	0.02261	0.10927
2	0.04535	0.00614	0.00718	0.00715	0.00756	0.00648	0.00466	0.00951	0.00930	0.01346	0.04536	0.09638	0.02171	0.52012	0.06926	0.00474	0.04337	0.02853	0.04959	0.00414
3	0.07124	0.22804	0.10391	0.05862	0.03895	0.01446	0.03935	0.07489	0.02929	0.11550	0.01166	0.01272	0.00887	0.00541	0.00474	0.00146	0.00597	0.00416	0.00366	0.16710
4	0.01628	0.01600	0.03414	0.13226	0.15230	0.20662	0.04636	0.04592	0.07296	0.08676	0.01289	0.02904	0.01030	0.02096	0.00705	0.00185	0.06864	0.00523	0.02690	0.00754
5	0.00741	0.00536	0.00702	0.00777	0.00854	0.00498	0.00550	0.00901	0.01269	0.01717	0.24089	0.49703	0.08293	0.01583	0.00715	0.00217	0.00323	0.05483	0.00559	0.00491
6	0.04157	0.01265	0.04112	0.13736	0.27664	0.01330	0.06229	0.05258	0.07670	0.04492	0.07787	0.01728	0.01337	0.00674	0.00734	0.00188	0.09925	0.00570	0.00361	0.00785
7	0.01248	0.01007	0.01257	0.08614	0.04794	0.03664	0.00912	0.08956	0.08302	0.05961	0.32028	0.02791	0.05463	0.00941	0.00794	0.00190	0.11135	0.00759	0.00505	0.00679
8	0.00707	0.00505	0.00673	0.00790	0.00832	0.00471	0.00532	0.00821	0.01141	0.01534	0.09572	0.72896	0.03925	0.01737	0.00725	0.00228	0.00326	0.01574	0.00540	0.00471
9	0.01338	0.01406	0.05282	0.01017	0.01261	0.24619	0.00817	0.01584	0.01586	0.06265	0.41434	0.03006	0.06217	0.00938	0.00612	0.00170	0.00552	0.00773	0.00504	0.00618
10	0.00883	0.00568	0.00752	0.00818	0.00916	0.00526	0.00591	0.01035	0.01244	0.07613	0.13145	0.51546	0.07775	0.01580	0.00713	0.00222	0.00353	0.08638	0.00558	0.00523
11	0.01920	0.02292	0.01567	0.08194	0.01881	0.57475	0.01108	0.04621	0.05653	0.01570	0.01035	0.01209	0.00839	0.00621	0.00573	0.00158	0.03891	0.00414	0.04303	0.00677
12	0.14623	0.06905	0.02139	0.03166	0.06847	0.08509	0.21862	0.19296	0.01586	0.02263	0.01095	0.01324	0.00851	0.00716	0.03529	0.00204	0.03443	0.00503	0.00363	0.00775
13	0.08530	0.00904	0.00939	0.00866	0.01111	0.00993	0.00674	0.02103	0.33057	0.04488	0.08029	0.02380	0.03726	0.00784	0.00517	0.00173	0.00376	0.02349	0.27288	0.00713
14	0.33428	0.01176	0.01061	0.03896	0.01304	0.11374	0.02180	0.05335	0.01269	0.05063	0.07984	0.14476	0.01702	0.02533	0.00588	0.00191	0.02071	0.00658	0.03091	0.00620

[dist]
# distance from previous block
# <min> <max>
0	1

[block]
# block no. 12 follows, 41 sequences, length 9
# corresponding to MSA columns:
# 570-578
name=unknown_M
#
# <colnr> <probs for GDERKNQSTAVLIFYWHMCP>
#	G	D	E	R	K	N	Q	S	T	A	V	L	I	F	Y	W	H	M	C	P
0	0.01172	0.01183	0.09386	0.03651	0.12036	0.01046	0.04596	0.08146	0.12887	0.01992	0.05155	0.19777	0.04399	0.01036	0.00637	0.00201	0.00540	0.08896	0.02550	0.00713
1	0.04818	0.05768	0.01625	0.03840	0.04125	0.04857	0.01039	0.37821	0.09532	0.06684	0.01485	0.01725	0.01157	0.00711	0.00585	0.00173	0.02382	0.04873	0.00497	0.06304
2	0.04362	0.00606	0.00798	0.00768	0.00820	0.00626	0.00525	0.05306	0.00928	0.01300	0.04130	0.02120	0.01341	0.14101	0.05408	0.55093	0.00548	0.00569	0.00305	0.00346
3	0.06992	0.10314	0.08953	0.05157	0.09108	0.06663	0.08066	0.09797	0.05869	0.15204	0.04463	0.01545	0.01159	0.00634	0.00592	0.00174	0.03567	0.00514	0.00416	0.00814
4	0.01384	0.16789	0.06300	0.01279	0.01686	0.04270	0.12205	0.03533	0.21897	0.04596	0.04205	0.06549	0.04903	0.00738	0.00580	0.00172	0.02034	0.00632	0.00420	0.05829
5	0.00738	0.00546	0.00690	0.00729	0.00830	0.00498	0.00518	0.00914	0.01340	0.01808	0.32760	0.36991	0.16561	0.01485	0.00699	0.00205	0.00300	0.01319	0.00570	0.00498
6	0.13332	0.01057	0.03206	0.07674	0.01720	0.01058	0.14271	0.07296	0.03354	0.07667	0.08773	0.16713	0.05363	0.00917	0.00640	0.00194	0.02963	0.00811	0.02320	0.00671
7	0.06332	0.01106	0.01657	0.15121	0.13299	0.03194	0.10090	0.03583	0.04642	0.06121	0.01762	0.11603	0.06164	0.00890	0.00772	0.03490	0.06942	0.02170	0.00378	0.00685
8	0.00755	0.00586	0.00767	0.09060	0.01140	0.00570	0.00612	0.00909	0.01193	0.01557	0.12052	0.40889	0.19900	0.06292	0.00828	0.00233	0.00375	0.01293	0.00502	0.00489

[dist]
# distance from previous block
# <min> <max>
1	3

[block]
# block no. 13 follows, 41 sequences, length 21
# corresponding to MSA columns:
# 582-602
name=unknown_N
#
# <colnr> <probs for GDERKNQSTAVLIFYWHMCP>
#	G	D	E	R	K	N	Q	S	T	A	V	L	I	F	Y	W	H	M	C	P
0	0.04754	0.07769	0.17149	0.28389	0.06689	0.03171	0.01432	0.06331	0.05342	0.08389	0.02463	0.01468	0.00958	0.00591	0.00538	0.00175	0.00690	0.00482	0.00343	0.02877
1	0.01282	0.00946	0.01259	0.03676	0.01320	0.01122	0.00905	0.04498	0.03745	0.11077	0.10534	0.10186	0.06756	0.01089	0.01141	0.02908	0.29450	0.02664	0.04806	0.00638
2	0.00994	0.00632	0.00811	0.00770	0.00867	0.00606	0.03047	0.01093	0.01067	0.07935	0.06222	0.10009	0.07319	0.45329	0.01925	0.00401	0.00500	0.06906	0.03101	0.00466
3	0.01221	0.01037	0.01205	0.00864	0.01370	0.00798	0.00692	0.04024	0.01239	0.01925	0.01029	0.01193	0.00852	0.00433	0.00429	0.00088	0.00431	0.00345	0.00347	0.80477
4	0.06274	0.01566	0.01640	0.04254	0.11855	0.20660	0.04995	0.11096	0.01581	0.19948	0.01382	0.01541	0.01035	0.03929	0.00681	0.00186	0.02925	0.00502	0.03157	0.00793
5	0.00706	0.00511	0.00670	0.00789	0.00838	0.00474	0.00538	0.00819	0.01131	0.01498	0.05391	0.70183	0.08498	0.01745	0.00727	0.00229	0.00334	0.03917	0.00534	0.00470
6	0.01166	0.02009	0.38178	0.20631	0.04492	0.01278	0.10164	0.03515	0.03061	0.01827	0.07174	0.01605	0.01165	0.00603	0.00579	0.00185	0.00773	0.00533	0.00299	0.00766
7	0.01251	0.02348	0.49571	0.01682	0.02380	0.01302	0.16080	0.06180	0.01360	0.03443	0.05280	0.01649	0.01127	0.00614	0.00587	0.00186	0.00806	0.03027	0.00312	0.00813
8	0.00697	0.00498	0.00664	0.00796	0.00830	0.00465	0.00531	0.00796	0.01095	0.01460	0.03153	0.79525	0.03783	0.01792	0.00730	0.00232	0.00332	0.01626	0.00531	0.00465
9	0.05405	0.00823	0.01080	0.00993	0.01082	0.01026	0.00794	0.01240	0.00999	0.01629	0.04352	0.01950	0.01354	0.03934	0.26329	0.00444	0.25999	0.00565	0.19446	0.00556
10	0.00955	0.00600	0.00774	0.00771	0.00907	0.00548	0.00566	0.01140	0.01373	0.09950	0.30830	0.28470	0.11858	0.04648	0.00780	0.00217	0.00338	0.04148	0.00580	0.00548
11	0.09919	0.00943	0.01173	0.00939	0.01305	0.00884	0.00764	0.07613	0.01630	0.47409	0.15627	0.02243	0.02043	0.00773	0.00565	0.00175	0.00444	0.00628	0.04082	0.00841
12	0.11668	0.13720	0.08356	0.05438	0.05861	0.06206	0.02978	0.21327	0.01582	0.06091	0.01117	0.01324	0.00878	0.03182	0.00705	0.00185	0.07761	0.00456	0.00380	0.00785
13	0.02140	0.02451	0.01582	0.01405	0.01720	0.63574	0.01068	0.08996	0.01710	0.06495	0.01044	0.01151	0.00822	0.00608	0.00522	0.00151	0.00939	0.00400	0.02513	0.00709
14	0.13425	0.28226	0.16672	0.03097	0.01683	0.07152	0.02327	0.01893	0.01259	0.13225	0.01272	0.01346	0.03349	0.00584	0.00464	0.00157	0.00637	0.00421	0.02054	0.00757
15	0.05289	0.00569	0.00699	0.00761	0.00856	0.00555	0.00539	0.00892	0.01108	0.01527	0.05601	0.42745	0.17934	0.03612	0.12207	0.02380	0.00514	0.01255	0.00480	0.00478
16	0.11516	0.09136	0.03831	0.06441	0.01704	0.01461	0.04022	0.26324	0.12144	0.05333	0.06792	0.01667	0.01353	0.00675	0.00529	0.00172	0.00559	0.00532	0.05005	0.00807
17	0.10443	0.56659	0.05550	0.00991	0.01444	0.06097	0.00959	0.01778	0.04182	0.01586	0.00931	0.01053	0.00803	0.00523	0.00392	0.00136	0.00601	0.00341	0.04815	0.00718
18	0.03278	0.12546	0.10848	0.01147	0.02742	0.01114	0.07581	0.07245	0.01413	0.10118	0.08525	0.12579	0.14325	0.00957	0.00597	0.00183	0.00536	0.03113	0.00455	0.00697
19	0.06036	0.30015	0.07489	0.01309	0.04213	0.01513	0.11201	0.03004	0.03688	0.12021	0.01478	0.06657	0.01300	0.00716	0.00528	0.00171	0.00623	0.06903	0.00381	0.00754
20	0.01251	0.03576	0.02554	0.01308	0.10856	0.00859	0.04415	0.03881	0.04034	0.13395	0.04849	0.35139	0.04316	0.01167	0.00642	0.00198	0.00468	0.02556	0.00499	0.04037

[dist]
# distance from previous block
# <min> <max>
2	38

[block]
# block no. 14 follows, 41 sequences, length 20
# corresponding to MSA columns:
# 643-662
name=unknown_O
#
# <colnr> <probs for GDERKNQSTAVLIFYWHMCP>
#	G	D	E	R	K	N	Q	S	T	A	V	L	I	F	Y	W	H	M	C	P
0	0.13998	0.13436	0.04665	0.01089	0.03649	0.03483	0.02748	0.10791	0.05009	0.10300	0.03582	0.05129	0.05731	0.00827	0.02447	0.00186	0.00554	0.02795	0.04370	0.05212
1	0.18502	0.00873	0.00975	0.00860	0.01098	0.00904	0.00658	0.05430	0.07902	0.09016	0.02769	0.06277	0.04028	0.01109	0.01020	0.23467	0.02378	0.00566	0.03149	0.09020
2	0.04983	0.00793	0.00932	0.02500	0.01047	0.00806	0.02443	0.08302	0.05821	0.01661	0.01956	0.13466	0.03721	0.39091	0.01712	0.00363	0.00517	0.02408	0.00413	0.07066
3	0.03380	0.04600	0.15710	0.07713	0.05018	0.03701	0.04811	0.13249	0.06410	0.07512	0.01237	0.01398	0.00935	0.00677	0.02181	0.00181	0.05826	0.00472	0.00378	0.14611
4	0.01704	0.03088	0.01608	0.08472	0.07897	0.05002	0.02693	0.18136	0.15725	0.13321	0.01611	0.04502	0.01243	0.00739	0.00697	0.00185	0.08333	0.00580	0.03633	0.00829
5	0.00699	0.00505	0.00662	0.00781	0.00827	0.00468	0.00526	0.00807	0.01125	0.01493	0.05724	0.72643	0.08124	0.01751	0.00725	0.00228	0.00327	0.01582	0.00534	0.00468
6	0.01254	0.01799	0.30701	0.21687	0.04623	0.01240	0.05941	0.04158	0.07404	0.06028	0.03357	0.01725	0.04246	0.00637	0.00571	0.00184	0.00714	0.00545	0.02414	0.00773
7	0.00963	0.00735	0.01118	0.05966	0.03546	0.00725	0.07399	0.01217	0.04906	0.03733	0.24286	0.21832	0.04672	0.05016	0.00939	0.08639	0.00450	0.02826	0.00483	0.00549
8	0.00708	0.00516	0.00667	0.00766	0.00827	0.00475	0.00523	0.00832	0.01177	0.01567	0.11986	0.63444	0.11032	0.01685	0.00718	0.00222	0.00320	0.01516	0.00543	0.00475
9	0.01560	0.76270	0.02927	0.01004	0.01483	0.06124	0.00985	0.01742	0.01186	0.01349	0.00800	0.00923	0.00734	0.00494	0.00375	0.00124	0.00633	0.00309	0.00247	0.00730
10	0.00757	0.00530	0.00679	0.00754	0.00830	0.00494	0.00529	0.00916	0.01240	0.01713	0.19500	0.49996	0.08136	0.01537	0.00690	0.00211	0.00316	0.03588	0.07094	0.00490
11	0.02184	0.01536	0.01670	0.01285	0.01738	0.01682	0.01060	0.65970	0.04917	0.09867	0.01480	0.01447	0.01036	0.00691	0.00573	0.00173	0.00611	0.00524	0.00584	0.00971
12	0.15262	0.10943	0.05778	0.06844	0.05255	0.06956	0.05867	0.06690	0.01241	0.01860	0.01211	0.08475	0.01122	0.00768	0.00752	0.00188	0.14247	0.02337	0.03524	0.00680
13	0.01685	0.01796	0.01222	0.01125	0.01372	0.41365	0.00849	0.02093	0.12624	0.01785	0.01417	0.01551	0.01123	0.00642	0.00489	0.00150	0.00699	0.00463	0.26890	0.00658
14	0.19259	0.04388	0.06258	0.12341	0.12181	0.02874	0.10375	0.06464	0.03093	0.05272	0.01116	0.01370	0.00865	0.00647	0.01736	0.00192	0.06584	0.00480	0.03765	0.00739
15	0.00711	0.00516	0.00654	0.00753	0.00805	0.00478	0.00503	0.00813	0.01115	0.01469	0.06033	0.61198	0.12176	0.08798	0.00919	0.00255	0.00345	0.01483	0.00518	0.00459
16	0.06404	0.09119	0.01598	0.10161	0.03337	0.06014	0.01033	0.14295	0.29440	0.06038	0.03343	0.01681	0.01300	0.00691	0.00582	0.00179	0.02953	0.00537	0.00470	0.00824
17	0.01800	0.23241	0.09314	0.03517	0.01829	0.03724	0.03376	0.34438	0.06991	0.04591	0.01243	0.01302	0.00934	0.00614	0.00516	0.00161	0.00653	0.00460	0.00430	0.00867
18	0.01161	0.05266	0.00929	0.00782	0.00850	0.00631	0.00555	0.00979	0.00847	0.07541	0.01091	0.01708	0.01015	0.01788	0.01982	0.71255	0.00503	0.00492	0.00288	0.00340
