[name]
unknown

[dist]
# distance from previous block
# <min> <max>
5	181

[block]
# block no. 0 follows, 43 sequences, length 16
# corresponding to MSA columns:
# 233-248
name=unknown_A
#
# <colnr> <probs for GDERKNQSTAVLIFYWHMCP>
#	G	D	E	R	K	N	Q	S	T	A	V	L	I	F	Y	W	H	M	C	P
0	0.07914	0.22570	0.06483	0.03357	0.05007	0.15867	0.02932	0.02994	0.04408	0.07834	0.03823	0.04573	0.01099	0.00657	0.00607	0.00162	0.08198	0.00473	0.00338	0.00704
1	0.79257	0.06064	0.00945	0.00742	0.01093	0.01302	0.00622	0.01630	0.00954	0.02411	0.00771	0.00899	0.00607	0.00512	0.00344	0.00168	0.00439	0.00300	0.00336	0.00607
2	0.06056	0.00980	0.01166	0.00957	0.01279	0.00982	0.00768	0.18270	0.06934	0.27991	0.22994	0.05091	0.02425	0.00839	0.00578	0.00174	0.00433	0.00696	0.00603	0.00784
3	0.00675	0.00482	0.00643	0.00771	0.00803	0.00450	0.00514	0.00771	0.01060	0.01414	0.03053	0.80175	0.03663	0.01735	0.00707	0.00225	0.00321	0.01574	0.00514	0.00450
4	0.01580	0.07276	0.14594	0.01452	0.07202	0.01427	0.01257	0.07037	0.04087	0.18663	0.01225	0.01384	0.00928	0.00730	0.00980	0.00193	0.28349	0.00481	0.00376	0.00779
5	0.01122	0.00954	0.01119	0.00811	0.01277	0.00723	0.00646	0.01369	0.01179	0.01835	0.06517	0.01367	0.01142	0.00463	0.00428	0.00089	0.00399	0.00377	0.00349	0.77835
6	0.01318	0.01006	0.03673	0.01326	0.14828	0.00973	0.00894	0.17038	0.03184	0.06021	0.26540	0.02437	0.02468	0.00785	0.00556	0.00163	0.00438	0.00671	0.14971	0.00711
7	0.01623	0.01530	0.12835	0.01478	0.07812	0.01275	0.09692	0.26344	0.01706	0.09370	0.01233	0.01338	0.00902	0.00551	0.00528	0.00151	0.00622	0.00469	0.00413	0.20127
8	0.84448	0.01071	0.00814	0.00728	0.01071	0.01242	0.00600	0.01628	0.00943	0.02485	0.00771	0.00900	0.00600	0.00514	0.00343	0.00171	0.00428	0.00300	0.00343	0.00600
9	0.01302	0.00673	0.00886	0.00797	0.00952	0.00663	0.00577	0.01421	0.01061	0.23905	0.01804	0.02704	0.01647	0.35544	0.23094	0.00526	0.00780	0.00673	0.00429	0.00561
10	0.00679	0.00492	0.00642	0.00752	0.00801	0.00455	0.00508	0.00787	0.01101	0.01462	0.07142	0.70893	0.08880	0.01680	0.00700	0.00220	0.00315	0.01516	0.00519	0.00455
11	0.01616	0.01620	0.21995	0.01228	0.01709	0.01251	0.01193	0.14524	0.24870	0.17478	0.01783	0.05448	0.01329	0.00710	0.00557	0.00179	0.00571	0.00578	0.00495	0.00864
12	0.01429	0.04655	0.20800	0.02320	0.34252	0.05395	0.08439	0.05351	0.01349	0.06570	0.03442	0.01411	0.00984	0.00542	0.00547	0.00167	0.00713	0.00493	0.00314	0.00828
13	0.01091	0.01046	0.04813	0.10857	0.28230	0.01018	0.07562	0.01361	0.01103	0.01558	0.01327	0.07428	0.01225	0.04360	0.17021	0.04706	0.00818	0.00615	0.03202	0.00657
14	0.00771	0.00576	0.00734	0.00807	0.00931	0.00539	0.00644	0.00963	0.01262	0.01631	0.12491	0.21222	0.23143	0.01491	0.00710	0.00221	0.00380	0.30474	0.00524	0.00488
15	0.01512	0.01373	0.06414	0.26294	0.11417	0.05694	0.01328	0.18395	0.04646	0.07541	0.01252	0.01583	0.00966	0.00650	0.00642	0.00181	0.05999	0.02972	0.00375	0.00766

[dist]
# distance from previous block
# <min> <max>
0	1

[block]
# block no. 1 follows, 43 sequences, length 6
# corresponding to MSA columns:
# 250-254,256
name=unknown_B
#
# <colnr> <probs for GDERKNQSTAVLIFYWHMCP>
#	G	D	E	R	K	N	Q	S	T	A	V	L	I	F	Y	W	H	M	C	P
0	0.01015	0.00731	0.00956	0.01020	0.01175	0.00748	0.00865	0.10260	0.01412	0.01854	0.02749	0.14864	0.02969	0.01449	0.00732	0.00240	0.00499	0.55390	0.00516	0.00556
1	0.01387	0.22191	0.04180	0.07419	0.05275	0.01333	0.00952	0.10688	0.03829	0.05026	0.03300	0.04899	0.01105	0.00582	0.00467	0.00134	0.00530	0.00460	0.00359	0.25884
2	0.01111	0.02865	0.77667	0.01579	0.02397	0.01286	0.02046	0.01754	0.01169	0.01754	0.00994	0.01169	0.00702	0.00526	0.00526	0.00175	0.00818	0.00409	0.00234	0.00818
3	0.00777	0.00519	0.00636	0.00684	0.00729	0.00497	0.00451	0.00819	0.00972	0.01292	0.02613	0.28388	0.11787	0.28372	0.01586	0.10666	0.00416	0.04555	0.03848	0.00393
4	0.11684	0.01225	0.01784	0.21095	0.15940	0.05002	0.12052	0.01809	0.11524	0.04307	0.01273	0.04692	0.01033	0.00622	0.00593	0.00181	0.03573	0.00550	0.00339	0.00721
5	0.01291	0.09343	0.14195	0.10891	0.01768	0.04727	0.04627	0.04595	0.01154	0.07985	0.01253	0.01856	0.01111	0.19026	0.01204	0.00259	0.10408	0.00538	0.03130	0.00639

[dist]
# distance from previous block
# <min> <max>
0	2

[block]
# block no. 2 follows, 43 sequences, length 98
# corresponding to MSA columns:
# 259-356
name=unknown_C
#
# <colnr> <probs for GDERKNQSTAVLIFYWHMCP>
#	G	D	E	R	K	N	Q	S	T	A	V	L	I	F	Y	W	H	M	C	P
0	0.11442	0.23331	0.18163	0.10690	0.05301	0.01430	0.01201	0.03941	0.01207	0.06438	0.03365	0.01246	0.00906	0.00534	0.00457	0.00150	0.00607	0.00401	0.00310	0.08879
1	0.11641	0.09974	0.14652	0.07065	0.11953	0.28539	0.01286	0.01865	0.02538	0.01636	0.00914	0.01113	0.00738	0.00552	0.00527	0.00159	0.03477	0.00389	0.00278	0.00706
2	0.00881	0.00630	0.00880	0.01007	0.01130	0.00628	0.00873	0.01128	0.01264	0.01645	0.02939	0.10036	0.03212	0.01540	0.00762	0.00253	0.00500	0.69675	0.00510	0.00507
3	0.01148	0.00984	0.01148	0.00820	0.01312	0.00738	0.00656	0.01395	0.01148	0.01805	0.00984	0.01148	0.00820	0.00410	0.00410	0.00082	0.00410	0.00328	0.00328	0.83922
4	0.04258	0.09189	0.18219	0.09514	0.09885	0.06740	0.03595	0.03808	0.01258	0.11419	0.02829	0.02559	0.02291	0.00645	0.00670	0.00175	0.09805	0.00491	0.01908	0.00743
5	0.00780	0.00568	0.00732	0.00706	0.00834	0.00549	0.00531	0.01004	0.01348	0.01893	0.46333	0.03793	0.13814	0.04209	0.16341	0.00329	0.00518	0.00914	0.04301	0.00503
6	0.01249	0.13250	0.09454	0.04724	0.04812	0.01336	0.01015	0.02180	0.37662	0.02026	0.14461	0.02090	0.01962	0.00731	0.00542	0.00173	0.00494	0.00606	0.00461	0.00774
7	0.00790	0.00562	0.00705	0.00690	0.00825	0.00508	0.00510	0.01000	0.01426	0.04136	0.48635	0.16584	0.19029	0.01270	0.00659	0.00185	0.00281	0.01114	0.00578	0.00512
8	0.01353	0.01118	0.01312	0.01189	0.04355	0.04701	0.00910	0.20454	0.02958	0.04385	0.13596	0.10091	0.08835	0.00991	0.00901	0.00195	0.19631	0.01887	0.00459	0.00678
9	0.01111	0.02865	0.77667	0.01579	0.02397	0.01286	0.02046	0.01754	0.01169	0.01754	0.00994	0.01169	0.00702	0.00526	0.00526	0.00175	0.00818	0.00409	0.00234	0.00818
10	0.00893	0.00579	0.00861	0.00847	0.00895	0.00655	0.00627	0.00888	0.00812	0.01143	0.01205	0.01898	0.01156	0.02965	0.39588	0.38236	0.05561	0.00536	0.00268	0.00387
11	0.01677	0.11705	0.17660	0.01285	0.05729	0.03492	0.02289	0.09814	0.07282	0.22863	0.04181	0.03059	0.01295	0.03420	0.00611	0.00180	0.00597	0.01597	0.00449	0.00816
12	0.01203	0.13710	0.16282	0.01019	0.01509	0.02421	0.00993	0.01581	0.05501	0.02934	0.04720	0.01527	0.04932	0.00570	0.00504	0.00129	0.02962	0.00439	0.00334	0.36732
13	0.00883	0.00690	0.00839	0.00767	0.00978	0.00577	0.00545	0.01025	0.01059	0.01521	0.02039	0.37650	0.02292	0.12508	0.00891	0.00213	0.00388	0.00967	0.00414	0.33754
14	0.00730	0.00597	0.00685	0.00706	0.00840	0.00568	0.00517	0.00936	0.05019	0.01529	0.07206	0.27382	0.42416	0.01536	0.03400	0.00224	0.03506	0.01209	0.00502	0.00492
15	0.01481	0.80869	0.02902	0.00948	0.01421	0.02191	0.00948	0.01658	0.01125	0.01303	0.00770	0.00888	0.00711	0.00474	0.00355	0.00118	0.00592	0.00296	0.00237	0.00711
16	0.02105	0.01551	0.01662	0.01274	0.01717	0.01717	0.01053	0.75235	0.02604	0.03490	0.01330	0.01330	0.00942	0.00665	0.00554	0.00166	0.00609	0.00499	0.00554	0.00942
17	0.05199	0.01389	0.01542	0.01186	0.01622	0.01486	0.00979	0.55323	0.02301	0.21022	0.01512	0.01446	0.01031	0.00664	0.00547	0.00168	0.00570	0.00505	0.00578	0.00930
18	0.01451	0.67596	0.06054	0.00960	0.01414	0.05052	0.00956	0.01655	0.01148	0.01388	0.00869	0.01002	0.00769	0.00494	0.00371	0.00123	0.00591	0.00322	0.07088	0.00697
19	0.00867	0.00618	0.00856	0.00979	0.01092	0.00614	0.00833	0.01096	0.01236	0.01611	0.02901	0.13797	0.03194	0.04433	0.00834	0.00262	0.00491	0.63284	0.00504	0.00497
20	0.39764	0.04316	0.01067	0.02342	0.01228	0.03302	0.00714	0.10184	0.13385	0.02402	0.06615	0.01557	0.02510	0.00641	0.00442	0.00168	0.00449	0.00464	0.07777	0.00675
21	0.01186	0.00965	0.01142	0.00830	0.01302	0.00739	0.00664	0.01429	0.01154	0.04837	0.01056	0.01225	0.00868	0.00592	0.03961	0.00122	0.00461	0.00349	0.00341	0.76775
22	0.07195	0.09971	0.05445	0.01103	0.01524	0.09296	0.03436	0.15079	0.06341	0.17749	0.01398	0.02584	0.01038	0.00603	0.00493	0.00151	0.00573	0.00465	0.04042	0.11514
23	0.01433	0.63774	0.10085	0.01069	0.01527	0.03850	0.01083	0.01650	0.01114	0.01351	0.00790	0.00949	0.00711	0.00529	0.00515	0.00136	0.08159	0.00327	0.00238	0.00710
24	0.00959	0.00488	0.00729	0.00735	0.00741	0.00488	0.00500	0.00741	0.00747	0.00994	0.01052	0.01891	0.01063	0.01906	0.02101	0.80082	0.00482	0.03796	0.00253	0.00253
25	0.25272	0.00996	0.01120	0.03628	0.04079	0.01013	0.00772	0.09385	0.02721	0.29206	0.04251	0.02068	0.11768	0.00738	0.00512	0.00174	0.00456	0.00573	0.00517	0.00752
26	0.06065	0.01044	0.01525	0.27157	0.20019	0.01162	0.01221	0.01770	0.14123	0.05904	0.06662	0.03899	0.02785	0.00674	0.00571	0.00179	0.01785	0.00585	0.02145	0.00723
27	0.00663	0.00549	0.00580	0.00598	0.00759	0.00467	0.00439	0.00801	0.01244	0.01513	0.08071	0.16431	0.63094	0.01441	0.00662	0.00192	0.00286	0.01223	0.00518	0.00467
28	0.02317	0.00905	0.01232	0.00957	0.01356	0.00785	0.00785	0.02536	0.01583	0.70059	0.09528	0.02107	0.01750	0.00729	0.00566	0.00172	0.00451	0.00601	0.00678	0.00901
29	0.01349	0.01283	0.06216	0.19964	0.16366	0.01305	0.08896	0.12395	0.09147	0.04096	0.04543	0.03100	0.01185	0.00742	0.02831	0.00201	0.04688	0.00566	0.00366	0.00762
30	0.01329	0.44842	0.21956	0.01144	0.01670	0.01746	0.02583	0.01806	0.10265	0.01605	0.05427	0.01304	0.01092	0.00559	0.00448	0.00146	0.00619	0.00413	0.00298	0.00749
31	0.00665	0.00557	0.00579	0.00583	0.00757	0.00471	0.00434	0.00812	0.01273	0.01545	0.10721	0.09586	0.67316	0.01402	0.00657	0.00188	0.00281	0.01180	0.00521	0.00471
32	0.03748	0.02250	0.51442	0.07300	0.04249	0.01253	0.01722	0.03556	0.01231	0.11792	0.01138	0.01291	0.00802	0.00577	0.00603	0.00179	0.05314	0.00441	0.00307	0.00806
33	0.01705	0.14547	0.12530	0.06076	0.13973	0.01362	0.03750	0.09205	0.06960	0.22370	0.01416	0.01460	0.01016	0.00585	0.00521	0.00164	0.00612	0.00482	0.00421	0.00846
34	0.01749	0.01839	0.05128	0.01674	0.12924	0.31427	0.01210	0.04454	0.02574	0.10497	0.01054	0.01248	0.00842	0.00675	0.00842	0.00177	0.20186	0.00444	0.00332	0.00726
35	0.00847	0.00675	0.00997	0.00965	0.01051	0.00825	0.00761	0.01035	0.00885	0.01292	0.01383	0.02048	0.01298	0.03732	0.68210	0.00804	0.11816	0.00579	0.00289	0.00509
36	0.00984	0.03542	0.05809	0.00845	0.00952	0.06381	0.00648	0.00985	0.00908	0.01175	0.01429	0.12581	0.01512	0.14994	0.11470	0.33745	0.00660	0.00677	0.00303	0.00400
37	0.01364	0.40001	0.06146	0.04124	0.06106	0.08320	0.03603	0.01580	0.01122	0.01387	0.00956	0.03819	0.00884	0.00902	0.07094	0.00215	0.11008	0.00431	0.00260	0.00678
38	0.00796	0.00575	0.00797	0.00797	0.00863	0.00642	0.00576	0.00929	0.00862	0.01217	0.01569	0.02649	0.01590	0.29094	0.53682	0.00775	0.01174	0.00663	0.00309	0.00443
39	0.01481	0.80869	0.02902	0.00948	0.01421	0.02191	0.00948	0.01658	0.01125	0.01303	0.00770	0.00888	0.00711	0.00474	0.00355	0.00118	0.00592	0.00296	0.00237	0.00711
40	0.81170	0.01066	0.00833	0.00739	0.01085	0.01225	0.00608	0.01671	0.00968	0.05484	0.00828	0.00939	0.00631	0.00521	0.00351	0.00171	0.00430	0.00310	0.00356	0.00613
41	0.00805	0.00537	0.00604	0.00604	0.00604	0.00537	0.00336	0.00805	0.00805	0.01074	0.01745	0.03624	0.02013	0.80536	0.02819	0.00537	0.00537	0.00805	0.00336	0.00336
42	0.00784	0.00566	0.00740	0.00697	0.00827	0.00523	0.00523	0.01045	0.01568	0.02221	0.76789	0.04137	0.05226	0.01132	0.00653	0.00174	0.00261	0.01002	0.00610	0.00523
43	0.00755	0.00565	0.00700	0.00666	0.00810	0.00510	0.00500	0.00989	0.01499	0.02059	0.60848	0.04404	0.21268	0.01193	0.00654	0.00177	0.00266	0.01039	0.00588	0.00510
44	0.00683	0.00514	0.00633	0.00706	0.00792	0.00464	0.00490	0.00812	0.01178	0.01537	0.13009	0.50640	0.23390	0.01571	0.00686	0.00208	0.00303	0.01394	0.00526	0.00464
45	0.01136	0.01082	0.01964	0.01566	0.01895	0.01080	0.33444	0.01601	0.08823	0.01778	0.01961	0.05616	0.04302	0.00887	0.00714	0.00204	0.04704	0.19548	0.07043	0.00653
46	0.84448	0.01071	0.00814	0.00728	0.01071	0.01242	0.00600	0.01628	0.00943	0.02485	0.00771	0.00900	0.00600	0.00514	0.00343	0.00171	0.00428	0.00300	0.00343	0.00600
47	0.01378	0.01190	0.01252	0.01127	0.01440	0.01378	0.00877	0.02943	0.76081	0.02317	0.02254	0.02066	0.01691	0.00751	0.00564	0.00188	0.00438	0.00626	0.00564	0.00877
48	0.01481	0.80869	0.02902	0.00948	0.01421	0.02191	0.00948	0.01658	0.01125	0.01303	0.00770	0.00888	0.00711	0.00474	0.00355	0.00118	0.00592	0.00296	0.00237	0.00711
49	0.01378	0.01190	0.01252	0.01127	0.01440	0.01378	0.00877	0.02943	0.76081	0.02317	0.02254	0.02066	0.01691	0.00751	0.00564	0.00188	0.00438	0.00626	0.00564	0.00877
50	0.00881	0.00630	0.00880	0.01007	0.01130	0.00628	0.00873	0.01128	0.01264	0.01645	0.02939	0.10036	0.03212	0.01540	0.00762	0.00253	0.00500	0.69675	0.00510	0.00507
51	0.02412	0.00950	0.01270	0.00978	0.01395	0.00838	0.00807	0.05544	0.01609	0.71495	0.02136	0.01870	0.01356	0.00683	0.00550	0.00169	0.00468	0.00553	0.03991	0.00925
52	0.00791	0.00593	0.00890	0.00890	0.00989	0.00692	0.00692	0.00989	0.00890	0.01286	0.01483	0.02176	0.01385	0.04154	0.78341	0.00890	0.01483	0.00593	0.00297	0.00494
53	0.01574	0.01086	0.01193	0.01027	0.01341	0.01186	0.00807	0.11723	0.42269	0.14656	0.02160	0.02100	0.03702	0.03924	0.00637	0.00191	0.00447	0.00611	0.08539	0.00828
54	0.02456	0.00989	0.01314	0.01007	0.01437	0.00883	0.00832	0.08241	0.01663	0.71813	0.02120	0.01843	0.01338	0.00684	0.00557	0.00171	0.00482	0.00552	0.00675	0.00942
55	0.01986	0.01475	0.01582	0.01242	0.01662	0.01639	0.01017	0.61002	0.15483	0.04856	0.01510	0.01471	0.01082	0.00680	0.00556	0.00170	0.00576	0.00522	0.00558	0.00930
56	0.02485	0.00943	0.01285	0.00985	0.01414	0.00814	0.00814	0.02699	0.01585	0.77465	0.02185	0.01885	0.01371	0.00685	0.00557	0.00171	0.00471	0.00557	0.00685	0.00943
57	0.00780	0.00509	0.00680	0.00784	0.00839	0.00471	0.00532	0.00883	0.01091	0.05828	0.03002	0.75631	0.03530	0.01674	0.00698	0.00222	0.00330	0.01515	0.00524	0.00478
58	0.02135	0.01503	0.01632	0.01251	0.01693	0.01646	0.01034	0.69487	0.02523	0.09352	0.01397	0.01374	0.00976	0.00666	0.00554	0.00167	0.00598	0.00503	0.00564	0.00942
59	0.00805	0.00537	0.00604	0.00604	0.00604	0.00537	0.00336	0.00805	0.00805	0.01074	0.01745	0.03624	0.02013	0.80536	0.02819	0.00537	0.00537	0.00805	0.00336	0.00336
60	0.00884	0.00631	0.00882	0.01010	0.01134	0.00630	0.00877	0.01132	0.01266	0.01648	0.02937	0.09204	0.03206	0.01538	0.00763	0.00254	0.00502	0.70482	0.00510	0.00508
61	0.00687	0.00491	0.00657	0.00786	0.00823	0.00461	0.00536	0.00793	0.01073	0.01428	0.03046	0.75884	0.03635	0.01723	0.00710	0.00227	0.00332	0.05740	0.00514	0.00453
62	0.01111	0.02865	0.77667	0.01579	0.02397	0.01286	0.02046	0.01754	0.01169	0.01754	0.00994	0.01169	0.00702	0.00526	0.00526	0.00175	0.00818	0.00409	0.00234	0.00818
63	0.08311	0.08537	0.01447	0.01170	0.01440	0.38311	0.00915	0.08465	0.01396	0.01615	0.01054	0.01347	0.00913	0.02948	0.19436	0.00334	0.00992	0.00426	0.00314	0.00630
64	0.00675	0.00482	0.00643	0.00771	0.00803	0.00450	0.00514	0.00771	0.01060	0.01414	0.03053	0.80175	0.03663	0.01735	0.00707	0.00225	0.00321	0.01574	0.00514	0.00450
65	0.58305	0.01237	0.01021	0.03721	0.01310	0.09586	0.00730	0.04338	0.01162	0.12725	0.01003	0.01082	0.00735	0.00551	0.00404	0.00169	0.00514	0.00355	0.00388	0.00664
66	0.01371	0.01316	0.02248	0.03399	0.77081	0.01316	0.01700	0.01700	0.01261	0.01809	0.01042	0.01371	0.00877	0.00493	0.00548	0.00164	0.00658	0.00493	0.00274	0.00877
67	0.01166	0.00969	0.01129	0.00844	0.01294	0.00771	0.00668	0.01503	0.06877	0.03427	0.01232	0.06011	0.01070	0.00522	0.00443	0.00101	0.00408	0.00431	0.00365	0.70770
68	0.00784	0.00566	0.00740	0.00697	0.00827	0.00523	0.00523	0.01045	0.01568	0.02221	0.76789	0.04137	0.05226	0.01132	0.00653	0.00174	0.00261	0.01002	0.00610	0.00523
69	0.00758	0.00565	0.00705	0.00670	0.00812	0.00512	0.00502	0.00996	0.01507	0.02077	0.62702	0.04373	0.19402	0.01186	0.00653	0.00177	0.00265	0.01035	0.00591	0.00512
70	0.00736	0.00535	0.00613	0.00636	0.00705	0.00499	0.00413	0.00818	0.01054	0.01367	0.10195	0.20010	0.22829	0.35317	0.01592	0.00343	0.00397	0.01082	0.00447	0.00413
71	0.01697	0.01287	0.01387	0.01164	0.01528	0.01444	0.00929	0.26223	0.46672	0.08473	0.01951	0.01815	0.01425	0.00718	0.00560	0.00180	0.00496	0.00580	0.00570	0.00903
72	0.84448	0.01071	0.00814	0.00728	0.01071	0.01242	0.00600	0.01628	0.00943	0.02485	0.00771	0.00900	0.00600	0.00514	0.00343	0.00171	0.00428	0.00300	0.00343	0.00600
73	0.02257	0.01308	0.01512	0.01159	0.01596	0.01357	0.00957	0.46280	0.02197	0.33020	0.01671	0.01551	0.01113	0.00673	0.00555	0.00168	0.00554	0.00522	0.00607	0.00942
74	0.01046	0.00954	0.01771	0.01506	0.01794	0.00920	0.28337	0.01379	0.01287	0.01701	0.02262	0.04489	0.02319	0.01137	0.00724	0.00230	0.00667	0.46456	0.00425	0.00598
75	0.00683	0.00562	0.00601	0.00591	0.00766	0.00480	0.00443	0.00851	0.01330	0.01658	0.21477	0.05064	0.60890	0.01342	0.00654	0.00184	0.00276	0.01132	0.00536	0.00480
76	0.01148	0.00984	0.01148	0.00820	0.01312	0.00738	0.00656	0.01395	0.01148	0.01805	0.00984	0.01148	0.00820	0.00410	0.00410	0.00082	0.00410	0.00328	0.00328	0.83922
77	0.00709	0.00501	0.00641	0.00739	0.00772	0.00475	0.00487	0.00792	0.01020	0.01353	0.02843	0.59643	0.05248	0.18173	0.01148	0.00290	0.00372	0.03887	0.00477	0.00429
78	0.01541	0.00961	0.01262	0.01062	0.01241	0.01119	0.00871	0.04642	0.01231	0.23423	0.03800	0.01835	0.04268	0.00832	0.01032	0.00192	0.31975	0.00555	0.17469	0.00689
79	0.01018	0.01680	0.34265	0.01261	0.04632	0.03339	0.03208	0.01359	0.01057	0.01482	0.01409	0.02404	0.01362	0.26953	0.06978	0.00350	0.00756	0.05580	0.00295	0.00611
80	0.04661	0.00919	0.01090	0.00837	0.01239	0.00758	0.00664	0.04022	0.01300	0.12633	0.10953	0.06217	0.01621	0.00631	0.00481	0.00121	0.00402	0.00523	0.00434	0.50492
81	0.01003	0.00905	0.01321	0.01181	0.01243	0.01173	0.03067	0.01163	0.00879	0.01312	0.01133	0.01773	0.01091	0.06039	0.37024	0.00552	0.37767	0.00554	0.00273	0.00546
82	0.02055	0.01914	0.01609	0.01320	0.01701	0.28523	0.01050	0.45959	0.06007	0.02683	0.01211	0.01252	0.00900	0.00636	0.00535	0.00159	0.00737	0.00455	0.00460	0.00834
83	0.01481	0.80869	0.02902	0.00948	0.01421	0.02191	0.00948	0.01658	0.01125	0.01303	0.00770	0.00888	0.00711	0.00474	0.00355	0.00118	0.00592	0.00296	0.00237	0.00711
84	0.05321	0.00947	0.01269	0.00976	0.01402	0.00829	0.00807	0.02662	0.01563	0.74871	0.02136	0.01851	0.01344	0.00680	0.00550	0.00171	0.00470	0.00548	0.00674	0.00931
85	0.01065	0.01004	0.01695	0.74806	0.08067	0.01235	0.01547	0.01432	0.01116	0.01438	0.00988	0.01470	0.00746	0.00550	0.00553	0.00183	0.00734	0.00492	0.00248	0.00630
86	0.01118	0.01093	0.01676	0.68312	0.05695	0.05211	0.01499	0.01459	0.01120	0.01418	0.00964	0.01433	0.00740	0.00578	0.00627	0.00185	0.05514	0.00485	0.00249	0.00624
87	0.02069	0.02640	0.01569	0.01427	0.01712	0.78313	0.01070	0.02212	0.01569	0.01355	0.00856	0.00999	0.00713	0.00571	0.00499	0.00143	0.00999	0.00357	0.00285	0.00642
88	0.00675	0.00482	0.00643	0.00771	0.00803	0.00450	0.00514	0.00771	0.01060	0.01414	0.03053	0.80175	0.03663	0.01735	0.00707	0.00225	0.00321	0.01574	0.00514	0.00450
89	0.00687	0.00559	0.00608	0.00602	0.00769	0.00480	0.00449	0.00854	0.01328	0.01668	0.22710	0.08065	0.56588	0.01351	0.00656	0.00185	0.00278	0.01145	0.00537	0.00480
90	0.00970	0.00666	0.00903	0.00978	0.01125	0.00664	0.00832	0.01285	0.05150	0.05197	0.11504	0.08093	0.03283	0.01412	0.00730	0.00237	0.00469	0.55422	0.00533	0.00548
91	0.02256	0.01310	0.01513	0.01160	0.01597	0.01360	0.00958	0.46507	0.02200	0.32788	0.01668	0.01550	0.01112	0.00673	0.00555	0.00168	0.00555	0.00522	0.00606	0.00942
92	0.00766	0.00548	0.00699	0.00736	0.00844	0.00510	0.00551	0.00965	0.01321	0.01816	0.32692	0.26615	0.12507	0.01365	0.00669	0.00199	0.00315	0.11014	0.05374	0.00493
93	0.00729	0.00572	0.00664	0.00714	0.00859	0.00516	0.00559	0.00891	0.01225	0.01515	0.04424	0.13895	0.45175	0.04672	0.00779	0.00224	0.00359	0.21252	0.00506	0.00472
94	0.00888	0.00527	0.00571	0.00577	0.00646	0.00520	0.00377	0.01018	0.01014	0.01569	0.04323	0.07486	0.04978	0.36185	0.01503	0.00319	0.00386	0.00747	0.35935	0.00430
95	0.02485	0.00943	0.01285	0.00985	0.01414	0.00814	0.00814	0.02699	0.01585	0.77465	0.02185	0.01885	0.01371	0.00685	0.00557	0.00171	0.00471	0.00557	0.00685	0.00943
96	0.13961	0.01053	0.01225	0.00984	0.01353	0.01073	0.00805	0.13619	0.08363	0.39759	0.01776	0.01665	0.01205	0.00670	0.00556	0.00171	0.03158	0.00511	0.07252	0.00841
97	0.04388	0.01362	0.01508	0.26284	0.02279	0.10951	0.01142	0.23229	0.11861	0.04753	0.01305	0.01490	0.00979	0.00827	0.05056	0.00215	0.00716	0.00497	0.00405	0.00753

[dist]
# distance from previous block
# <min> <max>
0	6

[block]
# block no. 3 follows, 43 sequences, length 50
# corresponding to MSA columns:
# 363-412
name=unknown_D
#
# <colnr> <probs for GDERKNQSTAVLIFYWHMCP>
#	G	D	E	R	K	N	Q	S	T	A	V	L	I	F	Y	W	H	M	C	P
0	0.08174	0.14876	0.14334	0.01139	0.01614	0.03820	0.03745	0.09360	0.08888	0.20320	0.01419	0.01421	0.01019	0.00591	0.00491	0.00159	0.00580	0.00457	0.03747	0.03846
1	0.00816	0.00610	0.00682	0.00633	0.00819	0.00525	0.00465	0.00973	0.01261	0.04621	0.18470	0.04360	0.42797	0.12314	0.00932	0.00224	0.00331	0.00988	0.00499	0.07680
2	0.01395	0.01235	0.01263	0.00973	0.01385	0.10629	0.00775	0.07544	0.01317	0.04865	0.01056	0.01211	0.00854	0.00509	0.00536	0.00113	0.05977	0.00372	0.03391	0.54598
3	0.01111	0.02865	0.77667	0.01579	0.02397	0.01286	0.02046	0.01754	0.01169	0.01754	0.00994	0.01169	0.00702	0.00526	0.00526	0.00175	0.00818	0.00409	0.00234	0.00818
4	0.00784	0.00566	0.00740	0.00697	0.00827	0.00523	0.00523	0.01045	0.01568	0.02221	0.76789	0.04137	0.05226	0.01132	0.00653	0.00174	0.00261	0.01002	0.00610	0.00523
5	0.05594	0.00696	0.00704	0.00660	0.00843	0.00739	0.00507	0.05288	0.11901	0.02201	0.04668	0.02045	0.01536	0.00673	0.00429	0.00143	0.00311	0.00538	0.59931	0.00594
6	0.00678	0.00553	0.00600	0.00608	0.00768	0.00475	0.00448	0.00833	0.01289	0.01606	0.17063	0.13842	0.56516	0.01397	0.00660	0.00189	0.00282	0.01188	0.00530	0.00475
7	0.00824	0.00555	0.00699	0.00699	0.00748	0.00591	0.00471	0.00922	0.00873	0.01253	0.01656	0.02936	0.01723	0.44489	0.30065	0.00623	0.00853	0.00698	0.08908	0.00412
8	0.01268	0.00908	0.00986	0.00845	0.01020	0.00962	0.00603	0.27903	0.01494	0.01985	0.01878	0.02914	0.07119	0.45645	0.01835	0.00376	0.00545	0.00720	0.00428	0.00566
9	0.14259	0.01935	0.01451	0.01296	0.01502	0.43003	0.01008	0.01832	0.01251	0.01509	0.00844	0.01145	0.00752	0.03856	0.00922	0.00189	0.21949	0.00400	0.00285	0.00614
10	0.01644	0.49208	0.05125	0.01117	0.01547	0.19784	0.01020	0.07271	0.05850	0.01553	0.00929	0.01028	0.00787	0.00529	0.00422	0.00134	0.00687	0.00349	0.00291	0.00726
11	0.01260	0.01187	0.01931	0.29167	0.43120	0.01294	0.01548	0.01747	0.09914	0.01733	0.01163	0.01488	0.00924	0.00544	0.00552	0.00174	0.00660	0.00508	0.00298	0.00787
12	0.00674	0.00487	0.00638	0.00759	0.00800	0.00451	0.00508	0.00773	0.01073	0.01419	0.03206	0.75670	0.08068	0.01715	0.00704	0.00223	0.00319	0.01550	0.00514	0.00451
13	0.00683	0.00493	0.00633	0.00741	0.00784	0.00458	0.00493	0.00776	0.01059	0.01396	0.03172	0.68234	0.09722	0.07493	0.00858	0.00245	0.00334	0.01484	0.00501	0.00443
14	0.01046	0.00984	0.01661	0.79205	0.03814	0.01230	0.01538	0.01415	0.01107	0.01415	0.00984	0.01477	0.00738	0.00554	0.00554	0.00185	0.00738	0.00492	0.00246	0.00615
15	0.64118	0.01039	0.00931	0.00792	0.01156	0.01136	0.00653	0.01894	0.01102	0.21083	0.01122	0.01144	0.00791	0.00557	0.00396	0.00171	0.00439	0.00364	0.00428	0.00685
16	0.01816	0.02121	0.01312	0.01204	0.01452	0.59318	0.00903	0.01987	0.01470	0.01529	0.01088	0.01259	0.00886	0.00589	0.00472	0.00139	0.00818	0.00396	0.20630	0.00611
17	0.01046	0.00984	0.01661	0.79205	0.03814	0.01230	0.01538	0.01415	0.01107	0.01415	0.00984	0.01477	0.00738	0.00554	0.00554	0.00185	0.00738	0.00492	0.00246	0.00615
18	0.01758	0.01140	0.01294	0.01083	0.01436	0.01222	0.00864	0.15234	0.37814	0.22783	0.07549	0.02042	0.01735	0.00747	0.00567	0.00179	0.00464	0.00613	0.00598	0.00880
19	0.01378	0.01161	0.01274	0.01186	0.04415	0.01316	0.00888	0.08802	0.59212	0.02386	0.09813	0.02190	0.01959	0.00773	0.00571	0.00184	0.00443	0.00649	0.00556	0.00846
20	0.01371	0.01316	0.02248	0.03399	0.77081	0.01316	0.01700	0.01700	0.01261	0.01809	0.01042	0.01371	0.00877	0.00493	0.00548	0.00164	0.00658	0.00493	0.00274	0.00877
21	0.00793	0.00606	0.00735	0.00714	0.00866	0.00568	0.00543	0.01101	0.06196	0.01988	0.47717	0.07447	0.21872	0.01220	0.00657	0.00185	0.00294	0.05395	0.00574	0.00528
22	0.01894	0.31157	0.01919	0.01063	0.01444	0.21704	0.00901	0.02062	0.01360	0.24188	0.01280	0.01391	0.00993	0.05655	0.00611	0.00167	0.00659	0.00423	0.00391	0.00738
23	0.01964	0.01755	0.01461	0.01245	0.01594	0.29370	0.00974	0.18066	0.21171	0.14422	0.01537	0.01491	0.01123	0.00656	0.00537	0.00164	0.00684	0.00490	0.00480	0.00816
24	0.07440	0.05138	0.01197	0.01050	0.01205	0.01028	0.02640	0.08027	0.01220	0.01732	0.02006	0.15916	0.02155	0.07533	0.01023	0.00247	0.14026	0.25427	0.00422	0.00566
25	0.20464	0.04155	0.01467	0.11832	0.05328	0.01356	0.00994	0.27421	0.01698	0.18150	0.01300	0.01354	0.00915	0.00605	0.00500	0.00169	0.00559	0.00458	0.00467	0.00809
26	0.00714	0.00513	0.00678	0.00744	0.00812	0.00476	0.00517	0.00871	0.01245	0.01708	0.29899	0.52491	0.04232	0.01516	0.00687	0.00206	0.00299	0.01366	0.00549	0.00476
27	0.04440	0.47031	0.02154	0.00974	0.01346	0.01606	0.03575	0.04394	0.01215	0.08397	0.01433	0.16583	0.01418	0.00774	0.00471	0.00154	0.00534	0.02463	0.00356	0.00682
28	0.02485	0.00943	0.01285	0.00985	0.01414	0.00814	0.00814	0.02699	0.01585	0.77465	0.02185	0.01885	0.01371	0.00685	0.00557	0.00171	0.00471	0.00557	0.00685	0.00943
29	0.00804	0.00543	0.00637	0.00637	0.00648	0.00555	0.00376	0.00826	0.00815	0.01098	0.01715	0.03458	0.01941	0.71791	0.11466	0.00577	0.00645	0.00781	0.00331	0.00354
30	0.04444	0.36657	0.05597	0.02343	0.01651	0.04611	0.08484	0.01634	0.01091	0.04234	0.00861	0.01104	0.00749	0.00633	0.00832	0.00169	0.23545	0.00406	0.00265	0.00689
31	0.02115	0.01536	0.01653	0.01267	0.01710	0.01696	0.01047	0.73471	0.02579	0.05289	0.01350	0.01343	0.00952	0.00665	0.00554	0.00166	0.00606	0.00500	0.00557	0.00942
32	0.01148	0.00984	0.01148	0.00820	0.01312	0.00738	0.00656	0.01395	0.01148	0.01805	0.00984	0.01148	0.00820	0.00410	0.00410	0.00082	0.00410	0.00328	0.00328	0.83922
33	0.02020	0.02560	0.01574	0.05154	0.01813	0.74619	0.01093	0.02173	0.01547	0.01358	0.00862	0.01022	0.00715	0.00570	0.00502	0.00145	0.00986	0.00363	0.00283	0.00641
34	0.00836	0.00609	0.00774	0.00756	0.00816	0.00630	0.02361	0.00925	0.00940	0.01272	0.02174	0.05535	0.09071	0.46309	0.10035	0.00466	0.04308	0.08100	0.03670	0.00415
35	0.04654	0.11474	0.05472	0.00894	0.01381	0.00985	0.00785	0.01598	0.01183	0.10314	0.01093	0.01207	0.00863	0.00524	0.01755	0.00119	0.00482	0.00358	0.00352	0.54508
36	0.01338	0.00999	0.01171	0.00880	0.01303	0.00853	0.00703	0.11783	0.01416	0.08186	0.08848	0.01622	0.01371	0.02836	0.01780	0.00136	0.00449	0.00456	0.00417	0.53451
37	0.00674	0.00484	0.00641	0.00766	0.00802	0.00450	0.00512	0.00772	0.01065	0.01416	0.03115	0.78351	0.05446	0.01727	0.00706	0.00224	0.00320	0.01565	0.00514	0.00450
38	0.02360	0.00915	0.01245	0.00964	0.01371	0.00793	0.00793	0.02578	0.01584	0.71940	0.07663	0.02050	0.01654	0.00718	0.00564	0.00172	0.00456	0.00590	0.00680	0.00912
39	0.01397	0.01213	0.01471	0.07056	0.06590	0.05372	0.05437	0.17448	0.21989	0.02267	0.12217	0.04628	0.02876	0.00811	0.00630	0.00183	0.03104	0.04076	0.00479	0.00757
40	0.00976	0.00773	0.00859	0.00828	0.01017	0.00810	0.00621	0.01661	0.28519	0.01968	0.17705	0.16865	0.16524	0.01112	0.00610	0.00187	0.00340	0.00959	0.07038	0.00628
41	0.73497	0.01054	0.00877	0.00763	0.01117	0.01185	0.00628	0.01771	0.01028	0.12503	0.00960	0.01031	0.00703	0.00537	0.00371	0.00171	0.00434	0.00334	0.00389	0.00646
42	0.05835	0.00639	0.00745	0.00706	0.00871	0.00616	0.00533	0.01164	0.06929	0.02082	0.51000	0.05974	0.18583	0.01135	0.00630	0.00179	0.00290	0.00979	0.00569	0.00541
43	0.13031	0.01867	0.29090	0.01360	0.06286	0.07376	0.01309	0.06270	0.11545	0.10688	0.01322	0.01387	0.00959	0.00589	0.00503	0.00170	0.00638	0.00452	0.04366	0.00792
44	0.01146	0.00766	0.00882	0.00819	0.01032	0.00760	0.00616	0.01656	0.20298	0.13350	0.11257	0.15050	0.21895	0.06959	0.00783	0.00215	0.00373	0.00954	0.00550	0.00638
45	0.01275	0.18729	0.04474	0.09893	0.05280	0.07137	0.03925	0.01729	0.13497	0.04940	0.02128	0.06953	0.13107	0.00814	0.00544	0.00171	0.00566	0.03766	0.00390	0.00683
46	0.00985	0.04970	0.17829	0.00943	0.01259	0.00840	0.00912	0.03938	0.01315	0.04710	0.25730	0.05482	0.11995	0.04818	0.11554	0.00290	0.00608	0.00776	0.00439	0.00607
47	0.01555	0.21159	0.11162	0.13555	0.02024	0.26308	0.01233	0.04562	0.04897	0.01524	0.00947	0.01147	0.00771	0.00580	0.00577	0.00158	0.06467	0.00397	0.00281	0.00696
48	0.01262	0.06046	0.14503	0.07558	0.05241	0.01289	0.17851	0.06933	0.01215	0.04672	0.01178	0.01677	0.01001	0.10561	0.06807	0.00280	0.10380	0.00551	0.00307	0.00688
49	0.13710	0.18510	0.01670	0.01050	0.01386	0.03923	0.00899	0.05925	0.01216	0.14594	0.01068	0.01200	0.00840	0.00631	0.00741	0.00161	0.18273	0.00402	0.00363	0.13438

[dist]
# distance from previous block
# <min> <max>
9	24

[block]
# block no. 4 follows, 43 sequences, length 29
# corresponding to MSA columns:
# 444-472
name=unknown_E
#
# <colnr> <probs for GDERKNQSTAVLIFYWHMCP>
#	G	D	E	R	K	N	Q	S	T	A	V	L	I	F	Y	W	H	M	C	P
0	0.02449	0.01066	0.01618	0.55305	0.05553	0.01259	0.02310	0.12164	0.02433	0.04935	0.01139	0.01569	0.00871	0.04275	0.00657	0.00197	0.00690	0.00512	0.00321	0.00677
1	0.01329	0.00733	0.00938	0.00805	0.01054	0.00667	0.00629	0.01649	0.06215	0.24328	0.42056	0.03300	0.08606	0.00965	0.00609	0.00171	0.00342	0.00830	0.00611	0.04163
2	0.01190	0.00848	0.01080	0.00958	0.01037	0.00994	0.00722	0.05388	0.01035	0.09141	0.01503	0.02608	0.01511	0.36228	0.01952	0.00357	0.25010	0.03693	0.04214	0.00531
3	0.01339	0.01096	0.01317	0.01386	0.11542	0.01200	0.00959	0.11621	0.37308	0.03337	0.02193	0.11988	0.03098	0.00916	0.00600	0.00193	0.00481	0.08124	0.00513	0.00789
4	0.01389	0.17425	0.18370	0.12506	0.09933	0.11647	0.06248	0.02885	0.11195	0.01670	0.01116	0.01298	0.00872	0.00550	0.00509	0.00162	0.00724	0.00447	0.00298	0.00756
5	0.00776	0.00553	0.00753	0.00877	0.00951	0.00536	0.00678	0.00941	0.01149	0.01513	0.02960	0.44811	0.03401	0.04001	0.00796	0.00248	0.00412	0.33664	0.00507	0.00473
6	0.01564	0.22950	0.18960	0.01173	0.01636	0.01526	0.01177	0.16451	0.01479	0.10920	0.04071	0.01379	0.01048	0.00630	0.00607	0.00161	0.07979	0.00450	0.05061	0.00781
7	0.01390	0.05669	0.01439	0.12837	0.01816	0.01413	0.00989	0.08848	0.52131	0.02211	0.01864	0.01822	0.01403	0.00689	0.00545	0.00179	0.00506	0.00568	0.00490	0.03191
8	0.08965	0.04948	0.13653	0.21340	0.06928	0.26947	0.01339	0.01802	0.02552	0.01577	0.00929	0.01186	0.00735	0.00567	0.00563	0.00167	0.04439	0.00411	0.00273	0.00679
9	0.00688	0.00543	0.00620	0.00641	0.00779	0.00476	0.00466	0.00845	0.01282	0.01637	0.20775	0.22958	0.43484	0.01422	0.00667	0.00193	0.00286	0.01229	0.00535	0.00476
10	0.01033	0.00587	0.00687	0.00683	0.00821	0.00555	0.00501	0.02471	0.01207	0.09633	0.05801	0.20665	0.11872	0.09195	0.00792	0.00213	0.00344	0.04398	0.28014	0.00528
11	0.01034	0.00714	0.00881	0.00801	0.00991	0.00707	0.00613	0.01537	0.15614	0.08361	0.56671	0.03563	0.04246	0.01024	0.00628	0.00177	0.00312	0.00895	0.00607	0.00623
12	0.00807	0.00549	0.00655	0.00662	0.00738	0.00515	0.00438	0.00907	0.01105	0.04001	0.17362	0.19338	0.14854	0.33838	0.01549	0.00335	0.00396	0.01048	0.00465	0.00437
13	0.01265	0.01075	0.01662	0.40657	0.06137	0.01354	0.01358	0.01530	0.01073	0.09151	0.01020	0.01421	0.00805	0.00709	0.00994	0.00202	0.28142	0.00496	0.00291	0.00657
14	0.00718	0.00513	0.00693	0.00821	0.00872	0.00487	0.00590	0.00846	0.01103	0.01462	0.03028	0.65399	0.03568	0.01694	0.00719	0.00231	0.00359	0.15921	0.00513	0.00462
15	0.00829	0.00629	0.00771	0.00724	0.00880	0.00603	0.00547	0.01209	0.09121	0.02144	0.60726	0.04068	0.13391	0.01126	0.00644	0.00177	0.00282	0.00983	0.00594	0.00552
16	0.01148	0.00984	0.01148	0.00820	0.01312	0.00738	0.00656	0.01395	0.01148	0.01805	0.00984	0.01148	0.00820	0.00410	0.00410	0.00082	0.00410	0.00328	0.00328	0.83922
17	0.76061	0.01120	0.00900	0.00784	0.01137	0.01291	0.00646	0.09125	0.01112	0.02587	0.00828	0.00943	0.00635	0.00529	0.00364	0.00171	0.00447	0.00320	0.00364	0.00635
18	0.00805	0.00537	0.00604	0.00604	0.00604	0.00537	0.00336	0.00805	0.00805	0.01074	0.01745	0.03624	0.02013	0.80536	0.02819	0.00537	0.00537	0.00805	0.00336	0.00336
19	0.01474	0.65155	0.05715	0.01043	0.01481	0.02078	0.01025	0.05771	0.01182	0.01447	0.00806	0.00957	0.00725	0.00537	0.00522	0.00136	0.08642	0.00331	0.00255	0.00717
20	0.02795	0.64626	0.03645	0.00936	0.01344	0.01889	0.00903	0.01531	0.01094	0.01336	0.01002	0.06438	0.00979	0.00936	0.08325	0.00206	0.00665	0.00415	0.00264	0.00671
21	0.03875	0.14051	0.33121	0.01391	0.04348	0.05730	0.03861	0.09929	0.02985	0.11532	0.03318	0.01338	0.00972	0.00575	0.00510	0.00164	0.00691	0.00447	0.00353	0.00808
22	0.01298	0.00730	0.00862	0.00790	0.01008	0.00727	0.00629	0.04598	0.08965	0.15867	0.08050	0.02901	0.08044	0.01060	0.04915	0.00209	0.00429	0.08791	0.29483	0.00643
23	0.00672	0.00533	0.00607	0.00662	0.00786	0.00468	0.00477	0.00800	0.01184	0.01471	0.04504	0.34487	0.45325	0.01537	0.00679	0.00205	0.00306	0.04320	0.00514	0.00462
24	0.04598	0.04037	0.25004	0.15415	0.05722	0.06633	0.02641	0.01624	0.07077	0.01665	0.01560	0.10214	0.04291	0.00773	0.00596	0.00185	0.02978	0.03971	0.00328	0.00689
25	0.01887	0.00955	0.03041	0.09583	0.01628	0.00908	0.02996	0.02133	0.01383	0.45984	0.04047	0.01862	0.01344	0.00858	0.04380	0.00209	0.06442	0.00555	0.09008	0.00796
26	0.00962	0.00620	0.00817	0.00816	0.00956	0.00632	0.00634	0.01206	0.03638	0.07796	0.09997	0.12063	0.08688	0.04162	0.25777	0.00428	0.00727	0.10457	0.09084	0.00540
27	0.00745	0.00592	0.00710	0.00759	0.04446	0.00531	0.00516	0.00921	0.01317	0.01716	0.28684	0.09237	0.39124	0.07267	0.00816	0.00210	0.00314	0.01078	0.00521	0.00495
28	0.01292	0.09817	0.32882	0.06919	0.09882	0.10357	0.11096	0.01716	0.01225	0.01621	0.01151	0.01374	0.03805	0.00571	0.00586	0.00170	0.04053	0.00471	0.00263	0.00748

[dist]
# distance from previous block
# <min> <max>
2	16

[block]
# block no. 5 follows, 43 sequences, length 17
# corresponding to MSA columns:
# 489-505
name=unknown_F
#
# <colnr> <probs for GDERKNQSTAVLIFYWHMCP>
#	G	D	E	R	K	N	Q	S	T	A	V	L	I	F	Y	W	H	M	C	P
0	0.12070	0.04802	0.06129	0.04421	0.11590	0.14097	0.10877	0.12165	0.08754	0.05996	0.01239	0.03270	0.00971	0.00598	0.00526	0.00169	0.00685	0.00498	0.00375	0.00768
1	0.00906	0.00758	0.03109	0.12151	0.04155	0.00716	0.00826	0.01103	0.01129	0.03765	0.02448	0.39083	0.06590	0.01259	0.00678	0.00201	0.02919	0.08825	0.00437	0.08943
2	0.01295	0.01252	0.02114	0.16752	0.51757	0.01341	0.04922	0.01649	0.03030	0.01706	0.01036	0.01398	0.00857	0.00553	0.00671	0.00177	0.07917	0.00503	0.00274	0.00799
3	0.22800	0.00959	0.01146	0.00910	0.01305	0.00909	0.00749	0.02366	0.01425	0.55774	0.04851	0.01731	0.01335	0.00661	0.00508	0.00171	0.00452	0.00511	0.00597	0.00840
4	0.00768	0.00553	0.00682	0.00731	0.00851	0.00500	0.00542	0.00925	0.01239	0.04008	0.14094	0.34010	0.27150	0.01486	0.00685	0.00208	0.00328	0.10220	0.00532	0.00489
5	0.00767	0.00565	0.00717	0.00679	0.00817	0.00516	0.00510	0.01013	0.01529	0.02128	0.67689	0.04290	0.14384	0.01167	0.00653	0.00176	0.00264	0.01023	0.00597	0.00516
6	0.00730	0.00514	0.00626	0.00684	0.00721	0.00489	0.00436	0.00800	0.01001	0.01326	0.06459	0.39912	0.09006	0.32947	0.01538	0.00343	0.00401	0.01208	0.00448	0.00410
7	0.01686	0.01396	0.13823	0.01538	0.02038	0.01063	0.27394	0.02046	0.01373	0.31773	0.01700	0.08819	0.01288	0.00679	0.00600	0.00182	0.00676	0.00662	0.00455	0.00808
8	0.00685	0.00486	0.00640	0.00758	0.00787	0.00457	0.00500	0.00774	0.01040	0.01386	0.02947	0.73984	0.03530	0.08107	0.00878	0.00250	0.00339	0.01512	0.00500	0.00441
9	0.00793	0.00587	0.00860	0.00860	0.00948	0.00676	0.00654	0.00969	0.00881	0.01263	0.01511	0.02330	0.01452	0.12303	0.70284	0.00852	0.01382	0.00616	0.00301	0.00478
10	0.84448	0.01071	0.00814	0.00728	0.01071	0.01242	0.00600	0.01628	0.00943	0.02485	0.00771	0.00900	0.00600	0.00514	0.00343	0.00171	0.00428	0.00300	0.00343	0.00600
11	0.01465	0.01170	0.01255	0.01116	0.01438	0.01333	0.00872	0.02924	0.70196	0.08253	0.02249	0.02052	0.01665	0.00746	0.00563	0.00187	0.00441	0.00621	0.00573	0.00882
12	0.84448	0.01071	0.00814	0.00728	0.01071	0.01242	0.00600	0.01628	0.00943	0.02485	0.00771	0.00900	0.00600	0.00514	0.00343	0.00171	0.00428	0.00300	0.00343	0.00600
13	0.01987	0.02468	0.01532	0.01391	0.01680	0.69229	0.01047	0.02298	0.10367	0.01469	0.01021	0.01125	0.00829	0.00592	0.00507	0.00148	0.00933	0.00389	0.00318	0.00670
14	0.16279	0.00886	0.01088	0.00907	0.01254	0.00829	0.00741	0.02149	0.01393	0.48927	0.02226	0.08530	0.05017	0.00840	0.00553	0.00183	0.00446	0.06373	0.00591	0.00788
15	0.01252	0.08313	0.01317	0.00841	0.01328	0.00876	0.00692	0.01490	0.01170	0.05919	0.01031	0.01165	0.00841	0.00431	0.00413	0.00090	0.00430	0.00338	0.00339	0.71722
16	0.01459	0.01070	0.01315	0.03279	0.01460	0.01136	0.04908	0.30892	0.08606	0.06685	0.02078	0.30541	0.02028	0.01055	0.00617	0.00192	0.00501	0.00919	0.00524	0.00735

[dist]
# distance from previous block
# <min> <max>
1	2

[block]
# block no. 6 follows, 43 sequences, length 69
# corresponding to MSA columns:
# 508-576
name=unknown_G
#
# <colnr> <probs for GDERKNQSTAVLIFYWHMCP>
#	G	D	E	R	K	N	Q	S	T	A	V	L	I	F	Y	W	H	M	C	P
0	0.01383	0.01338	0.02109	0.17141	0.53167	0.05031	0.04106	0.05804	0.01325	0.01808	0.01041	0.01374	0.00846	0.00517	0.00551	0.00168	0.00696	0.00492	0.00285	0.00817
1	0.05401	0.31220	0.13740	0.05361	0.06646	0.02995	0.03289	0.05935	0.05368	0.04245	0.03431	0.01313	0.00990	0.00567	0.00495	0.00153	0.02698	0.00426	0.04991	0.00738
2	0.50701	0.06447	0.01219	0.00919	0.01300	0.03661	0.00766	0.20850	0.01440	0.06752	0.00996	0.01068	0.00742	0.00562	0.00415	0.00166	0.00505	0.00367	0.00408	0.00716
3	0.00755	0.00516	0.00619	0.00668	0.00680	0.00504	0.00404	0.00792	0.00903	0.01204	0.02246	0.32931	0.02645	0.50368	0.02010	0.00417	0.00454	0.01100	0.00404	0.00379
4	0.00717	0.00530	0.00672	0.00724	0.00818	0.00485	0.00519	0.00881	0.01267	0.01697	0.27046	0.39646	0.16530	0.01476	0.00684	0.00204	0.00304	0.04777	0.00544	0.00479
5	0.01495	0.06686	0.08833	0.23827	0.08837	0.03882	0.15889	0.12004	0.01441	0.10023	0.01176	0.01413	0.00861	0.00554	0.00556	0.00173	0.00729	0.00507	0.00345	0.00769
6	0.01402	0.00687	0.00927	0.02827	0.01110	0.00624	0.00651	0.01588	0.01365	0.30337	0.17483	0.30717	0.02964	0.01151	0.00625	0.00190	0.00374	0.01012	0.03307	0.00657
7	0.00714	0.00523	0.00672	0.00726	0.00811	0.00480	0.00513	0.00876	0.01265	0.01711	0.29318	0.43979	0.12295	0.01483	0.00683	0.00203	0.00299	0.02424	0.00548	0.00478
8	0.01449	0.01422	0.11683	0.10618	0.17677	0.01237	0.18510	0.05953	0.04119	0.12906	0.01377	0.05806	0.01086	0.00627	0.00618	0.00181	0.02978	0.00593	0.00366	0.00792
9	0.01523	0.12845	0.04027	0.05934	0.03470	0.06805	0.02436	0.11853	0.05572	0.14556	0.05265	0.15816	0.01754	0.00871	0.00582	0.00177	0.01735	0.03596	0.00458	0.00723
10	0.02390	0.00918	0.01252	0.00974	0.01382	0.00795	0.00798	0.02598	0.01558	0.73475	0.02230	0.05993	0.01491	0.00741	0.00565	0.00174	0.00463	0.00610	0.00676	0.00917
11	0.01043	0.00840	0.01086	0.11711	0.04271	0.00867	0.02895	0.07851	0.10777	0.04193	0.08904	0.15861	0.25315	0.01090	0.00622	0.00189	0.00436	0.00943	0.00484	0.00620
12	0.01539	0.22858	0.25124	0.07507	0.02060	0.05088	0.06501	0.11065	0.01407	0.10226	0.01111	0.01234	0.00822	0.00548	0.00498	0.00159	0.00704	0.00428	0.00332	0.00790
13	0.01678	0.01236	0.01634	0.20640	0.11192	0.05837	0.03413	0.18880	0.01586	0.17543	0.01394	0.04078	0.01055	0.00798	0.03799	0.00205	0.03278	0.00543	0.00425	0.00785
14	0.43881	0.11335	0.09595	0.01063	0.02515	0.09251	0.01952	0.01695	0.01065	0.03374	0.00834	0.01005	0.00671	0.00568	0.00552	0.00170	0.09166	0.00350	0.00306	0.00654
15	0.00711	0.00597	0.00679	0.00747	0.04773	0.00520	0.00514	0.00872	0.01278	0.01580	0.12028	0.10095	0.59497	0.01354	0.00655	0.00189	0.00306	0.02602	0.00511	0.00494
16	0.01072	0.00708	0.00885	0.00809	0.01043	0.00611	0.00616	0.02318	0.01246	0.10736	0.09265	0.29630	0.06756	0.01125	0.00596	0.00173	0.00371	0.06628	0.03207	0.22206
17	0.00773	0.00566	0.00726	0.00686	0.00821	0.00518	0.00514	0.01025	0.01543	0.02162	0.70979	0.04234	0.11073	0.01154	0.00653	0.00175	0.00263	0.01015	0.00602	0.00518
