[name]
unknown

[dist]
# distance from previous block
# <min> <max>
0	66

[block]
# block no. 0 follows, 45 sequences, length 26
# corresponding to MSA columns:
# 66-91
name=unknown_A
#
# <colnr> <probs for GDERKNQSTAVLIFYWHMCP>
#	G	D	E	R	K	N	Q	S	T	A	V	L	I	F	Y	W	H	M	C	P
0	0.00859	0.00610	0.00844	0.00958	0.01072	0.00610	0.00824	0.01087	0.01201	0.01564	0.02755	0.05863	0.03003	0.07498	0.00892	0.00268	0.00496	0.68631	0.00482	0.00482
1	0.01164	0.00997	0.01664	0.62863	0.14191	0.01174	0.01460	0.01505	0.01130	0.07225	0.01050	0.01446	0.00781	0.00538	0.00536	0.00175	0.00685	0.00482	0.00275	0.00657
2	0.00810	0.00570	0.00665	0.00648	0.00648	0.00605	0.00389	0.00819	0.00784	0.01060	0.01617	0.03336	0.01857	0.75079	0.02659	0.00499	0.06534	0.00757	0.00318	0.00345
3	0.01162	0.01088	0.01760	0.34839	0.31880	0.01232	0.01447	0.01570	0.06844	0.01593	0.01159	0.01680	0.00971	0.00608	0.00625	0.00179	0.05717	0.04652	0.00286	0.00707
4	0.25559	0.00943	0.01086	0.00867	0.01243	0.00915	0.00714	0.04400	0.01367	0.50325	0.01687	0.01552	0.01109	0.00615	0.00472	0.00164	0.00437	0.00466	0.05283	0.00797
5	0.04287	0.01414	0.08053	0.08040	0.27156	0.10443	0.02417	0.01840	0.16549	0.01755	0.04894	0.01664	0.01225	0.05727	0.00689	0.00189	0.02066	0.00520	0.00340	0.00732
6	0.00887	0.00628	0.00764	0.00788	0.00906	0.00614	0.00572	0.08370	0.02907	0.03988	0.06532	0.44567	0.12658	0.06595	0.00791	0.00225	0.00366	0.06831	0.00501	0.00510
7	0.01675	0.04545	0.05694	0.06064	0.01571	0.01133	0.00931	0.17350	0.13925	0.23736	0.06155	0.01926	0.01460	0.02353	0.00580	0.00172	0.00507	0.03486	0.00508	0.06230
8	0.01454	0.04567	0.01630	0.06832	0.25155	0.07903	0.03915	0.05874	0.01357	0.13714	0.06241	0.01856	0.07537	0.00740	0.02937	0.00177	0.00602	0.00551	0.00385	0.06573
9	0.02928	0.25614	0.18092	0.01226	0.04387	0.01367	0.05887	0.01957	0.04436	0.23007	0.01278	0.01304	0.00924	0.00536	0.00470	0.00148	0.00593	0.00425	0.00374	0.05046
10	0.05096	0.04158	0.01954	0.01522	0.04698	0.07068	0.24548	0.12157	0.01423	0.14368	0.01364	0.01816	0.01104	0.05767	0.00777	0.00198	0.05560	0.05312	0.00390	0.00723
11	0.00816	0.00610	0.00772	0.00777	0.00847	0.00638	0.00553	0.00972	0.03491	0.03380	0.13988	0.33889	0.10399	0.16096	0.01163	0.00262	0.09329	0.01092	0.00456	0.00470
12	0.08630	0.09000	0.03237	0.04408	0.01585	0.03033	0.06900	0.17161	0.01524	0.20205	0.04980	0.04462	0.01218	0.00625	0.00501	0.00153	0.00537	0.00511	0.00448	0.10885
13	0.00987	0.05247	0.00913	0.00777	0.00950	0.00764	0.00581	0.01410	0.16447	0.06699	0.20002	0.17998	0.12957	0.10814	0.00858	0.00222	0.00365	0.00935	0.00504	0.00570
14	0.00691	0.00487	0.00626	0.00707	0.00743	0.00461	0.00465	0.00784	0.01034	0.01392	0.11093	0.56666	0.03400	0.17533	0.01089	0.00273	0.00347	0.01314	0.00474	0.00422
15	0.01127	0.00879	0.01063	0.00998	0.01149	0.03698	0.00795	0.11963	0.03670	0.04723	0.12729	0.18772	0.02476	0.01376	0.06783	0.00254	0.12034	0.14461	0.00462	0.00588
16	0.17259	0.13052	0.10924	0.01152	0.01594	0.08572	0.04475	0.20780	0.01534	0.12774	0.01124	0.01182	0.00820	0.00565	0.00489	0.00157	0.01980	0.00411	0.00393	0.00764
17	0.00781	0.00604	0.00723	0.00719	0.00863	0.00578	0.00541	0.01116	0.09336	0.01839	0.35996	0.15830	0.21847	0.01235	0.00639	0.00186	0.00300	0.05804	0.00544	0.00519
18	0.01230	0.00761	0.00885	0.00785	0.01014	0.00724	0.00602	0.13698	0.01467	0.16571	0.08684	0.16873	0.28376	0.04946	0.00709	0.00197	0.00378	0.00950	0.00535	0.00613
19	0.10343	0.01386	0.02031	0.01543	0.01956	0.08709	0.31769	0.16465	0.03087	0.07253	0.05114	0.05387	0.01199	0.00618	0.00563	0.00172	0.00695	0.00594	0.00391	0.00727
20	0.01364	0.00922	0.01062	0.00862	0.01179	0.00883	0.00685	0.17557	0.03505	0.09995	0.01612	0.01992	0.03573	0.07358	0.05523	0.00211	0.00500	0.04009	0.12390	0.24818
21	0.00753	0.00577	0.00799	0.00807	0.00899	0.00545	0.05298	0.00874	0.01040	0.01355	0.02877	0.33875	0.14125	0.21681	0.01202	0.00291	0.00423	0.11705	0.00439	0.00437
22	0.09071	0.01427	0.12818	0.02998	0.01641	0.02701	0.02409	0.23332	0.06463	0.23952	0.02375	0.02723	0.01086	0.00649	0.00571	0.00170	0.03815	0.00499	0.00481	0.00820
23	0.01218	0.01035	0.01673	0.58067	0.14690	0.01209	0.01439	0.06253	0.01219	0.06539	0.01059	0.01432	0.00788	0.00543	0.00536	0.00174	0.00679	0.00482	0.00289	0.00676
24	0.00710	0.00517	0.00645	0.00708	0.00788	0.00487	0.00505	0.00847	0.01131	0.01518	0.12350	0.43926	0.17243	0.04306	0.00747	0.00213	0.01687	0.05995	0.05224	0.00454
25	0.20353	0.06468	0.05134	0.01094	0.01500	0.01323	0.06277	0.25617	0.05243	0.14490	0.01300	0.01341	0.00936	0.00665	0.02315	0.00178	0.00559	0.00452	0.03981	0.00775

[dist]
# distance from previous block
# <min> <max>
1	20

[block]
# block no. 1 follows, 45 sequences, length 18
# corresponding to MSA columns:
# 112-129
name=unknown_B
#
# <colnr> <probs for GDERKNQSTAVLIFYWHMCP>
#	G	D	E	R	K	N	Q	S	T	A	V	L	I	F	Y	W	H	M	C	P
0	0.11176	0.01461	0.06297	0.01352	0.08318	0.14189	0.03971	0.11795	0.16896	0.06764	0.01469	0.01822	0.01197	0.02596	0.02281	0.00194	0.00630	0.06445	0.00411	0.00736
1	0.01361	0.00755	0.00848	0.00741	0.00968	0.00758	0.00580	0.12059	0.05781	0.15400	0.06216	0.05868	0.05893	0.00758	0.00480	0.00151	0.00348	0.00621	0.39769	0.00645
2	0.00951	0.00619	0.00776	0.00726	0.00855	0.00615	0.00541	0.01159	0.02927	0.08531	0.31733	0.06860	0.10592	0.13892	0.03735	0.00254	0.04776	0.02725	0.07218	0.00516
3	0.00713	0.00512	0.00641	0.00693	0.00759	0.00481	0.00478	0.00834	0.01111	0.01486	0.18193	0.36627	0.11217	0.17856	0.01094	0.00268	0.00350	0.05773	0.00481	0.00433
4	0.01214	0.01004	0.01407	0.01439	0.13115	0.02014	0.05144	0.04669	0.15169	0.06570	0.06073	0.02108	0.03999	0.03447	0.16314	0.00328	0.12010	0.02910	0.00390	0.00678
5	0.00686	0.00507	0.00626	0.00694	0.00771	0.00467	0.00485	0.00805	0.01107	0.01446	0.10558	0.44086	0.19973	0.09479	0.00877	0.00237	0.00330	0.05937	0.00490	0.00439
6	0.01616	0.26395	0.01817	0.01081	0.01462	0.07576	0.00916	0.16810	0.28597	0.06278	0.01451	0.01416	0.01109	0.00611	0.00476	0.00153	0.00548	0.00459	0.00431	0.00798
7	0.01297	0.04307	0.18458	0.01175	0.06415	0.04136	0.01051	0.04438	0.01226	0.07722	0.01077	0.02205	0.00847	0.00483	0.00453	0.00120	0.00541	0.00385	0.00327	0.43338
8	0.01256	0.11779	0.40432	0.05012	0.07654	0.04513	0.06424	0.04249	0.06963	0.03089	0.01115	0.01351	0.00858	0.00549	0.00510	0.00165	0.00718	0.02312	0.00285	0.00767
9	0.08858	0.01126	0.01538	0.12989	0.17073	0.01247	0.03702	0.14102	0.10903	0.06695	0.04501	0.01611	0.01164	0.02853	0.04174	0.00213	0.05607	0.00520	0.00387	0.00738
10	0.00741	0.00530	0.00677	0.00727	0.00816	0.00498	0.00537	0.00877	0.01161	0.01538	0.18789	0.26496	0.15470	0.08883	0.00947	0.04952	0.00356	0.15075	0.00486	0.00443
11	0.01405	0.01161	0.01494	0.25397	0.02155	0.05570	0.05809	0.21271	0.05709	0.05627	0.04022	0.04722	0.01228	0.07300	0.00766	0.00202	0.03105	0.00574	0.01800	0.00685
12	0.00686	0.00525	0.00592	0.00624	0.00727	0.00474	0.00435	0.00791	0.01091	0.01370	0.06177	0.21960	0.38216	0.19139	0.01117	0.00268	0.00346	0.04578	0.00463	0.00424
13	0.06406	0.01061	0.01238	0.05986	0.01470	0.01098	0.00831	0.29253	0.01777	0.25715	0.05274	0.01910	0.06886	0.00707	0.00524	0.00163	0.00479	0.00561	0.07874	0.00786
14	0.01241	0.00841	0.01047	0.01054	0.05987	0.00861	0.00753	0.12464	0.11679	0.10929	0.10138	0.25280	0.02486	0.03747	0.00678	0.00200	0.00421	0.07092	0.02446	0.00655
15	0.04023	0.01006	0.01554	0.15795	0.31745	0.01027	0.03494	0.04216	0.01267	0.01769	0.10872	0.02261	0.13655	0.00707	0.00552	0.00165	0.00535	0.00634	0.00352	0.04373
16	0.18104	0.03383	0.03853	0.05623	0.04981	0.05546	0.04480	0.20016	0.11887	0.11770	0.01312	0.01364	0.00958	0.00600	0.00521	0.00166	0.02465	0.00461	0.01741	0.00770
17	0.24271	0.10832	0.07767	0.04539	0.13368	0.01367	0.01032	0.16209	0.05029	0.02185	0.01107	0.04667	0.00914	0.00584	0.00456	0.00159	0.00539	0.00447	0.01515	0.03012

[dist]
# distance from previous block
# <min> <max>
0	16

[block]
# block no. 2 follows, 45 sequences, length 11
# corresponding to MSA columns:
# 157-167
name=unknown_C
#
# <colnr> <probs for GDERKNQSTAVLIFYWHMCP>
#	G	D	E	R	K	N	Q	S	T	A	V	L	I	F	Y	W	H	M	C	P
0	0.01421	0.29228	0.27726	0.01250	0.01752	0.07534	0.01321	0.10179	0.01282	0.03393	0.00914	0.01066	0.00728	0.00562	0.00594	0.00155	0.09503	0.00377	0.00278	0.00738
1	0.22979	0.27838	0.19068	0.01024	0.01505	0.01499	0.01055	0.01836	0.09487	0.07648	0.01060	0.01126	0.00813	0.00526	0.00416	0.00152	0.00557	0.00368	0.00324	0.00720
2	0.00796	0.00559	0.00690	0.00689	0.00815	0.00506	0.00501	0.00957	0.01232	0.04591	0.27129	0.22151	0.18395	0.10141	0.00872	0.00223	0.00327	0.05165	0.00508	0.03754
3	0.01292	0.03989	0.01936	0.08179	0.04791	0.01179	0.25679	0.11349	0.04333	0.05902	0.05865	0.07221	0.01571	0.02289	0.00685	0.00192	0.03395	0.09074	0.00391	0.00687
4	0.07923	0.00925	0.01035	0.00876	0.01159	0.00960	0.00693	0.16564	0.11476	0.20552	0.04521	0.07625	0.01559	0.03734	0.00586	0.00176	0.00418	0.00607	0.17888	0.00723
5	0.00776	0.00537	0.00669	0.00669	0.00699	0.00566	0.00430	0.00835	0.00805	0.01103	0.01615	0.03087	0.01767	0.57767	0.25848	0.00624	0.00798	0.00718	0.00314	0.00372
6	0.01797	0.00914	0.01118	0.00913	0.01237	0.00894	0.00735	0.10650	0.12730	0.38189	0.13464	0.02143	0.01901	0.00733	0.00536	0.00164	0.00413	0.00604	0.10068	0.00795
7	0.01157	0.09979	0.34030	0.13504	0.02294	0.01402	0.09793	0.01670	0.06689	0.01590	0.01007	0.01256	0.00776	0.00579	0.00691	0.00177	0.11977	0.00450	0.00259	0.00720
8	0.00679	0.00487	0.00624	0.00708	0.00756	0.00454	0.00474	0.00783	0.01069	0.01427	0.11398	0.58587	0.08397	0.10407	0.00903	0.00244	0.00325	0.01355	0.00490	0.00433
9	0.06720	0.01229	0.05361	0.10232	0.03429	0.05026	0.14285	0.14010	0.05350	0.04273	0.03062	0.12002	0.06988	0.00772	0.00583	0.00175	0.02047	0.00681	0.00393	0.03382
10	0.01156	0.00868	0.01142	0.01017	0.01249	0.03561	0.08378	0.01615	0.15463	0.10309	0.09461	0.21190	0.05009	0.01036	0.00605	0.00187	0.00447	0.09128	0.04419	0.03761

[dist]
# distance from previous block
# <min> <max>
5	7

[block]
# block no. 3 follows, 45 sequences, length 7
# corresponding to MSA columns:
# 176-182
name=unknown_D
#
# <colnr> <probs for GDERKNQSTAVLIFYWHMCP>
#	G	D	E	R	K	N	Q	S	T	A	V	L	I	F	Y	W	H	M	C	P
0	0.00947	0.00696	0.00959	0.00884	0.00980	0.00797	0.00685	0.01121	0.01081	0.06337	0.23801	0.02640	0.02390	0.11432	0.27362	0.00455	0.15828	0.00694	0.00395	0.00517
1	0.01000	0.04472	0.05358	0.20473	0.15037	0.00959	0.01055	0.03157	0.03177	0.01780	0.26188	0.06457	0.07088	0.00820	0.00571	0.00171	0.00492	0.00722	0.00401	0.00623
2	0.00802	0.00621	0.00706	0.00668	0.00838	0.00575	0.00504	0.07256	0.01428	0.01869	0.31650	0.10677	0.37979	0.01228	0.00630	0.00178	0.00295	0.01050	0.00536	0.00511
3	0.01323	0.04879	0.37740	0.01614	0.02223	0.01327	0.21407	0.07643	0.05250	0.07027	0.01147	0.01314	0.00829	0.00540	0.00585	0.00173	0.03399	0.00486	0.00310	0.00785
4	0.02041	0.01504	0.01611	0.01235	0.01665	0.01665	0.01020	0.75997	0.02524	0.03383	0.01289	0.01289	0.00913	0.00644	0.00537	0.00161	0.00591	0.00483	0.00537	0.00913
5	0.01172	0.01018	0.01514	0.32931	0.08019	0.06541	0.08174	0.01458	0.01214	0.07989	0.07754	0.12415	0.01658	0.00790	0.00582	0.00182	0.00619	0.04985	0.00361	0.00621
6	0.02201	0.01236	0.04897	0.01128	0.01559	0.07097	0.05290	0.12202	0.01632	0.54307	0.01794	0.01635	0.01164	0.00634	0.00539	0.00164	0.00556	0.00516	0.00574	0.00874

[dist]
# distance from previous block
# <min> <max>
0	1

[block]
# block no. 4 follows, 45 sequences, length 23
# corresponding to MSA columns:
# 184-206
name=unknown_E
#
# <colnr> <probs for GDERKNQSTAVLIFYWHMCP>
#	G	D	E	R	K	N	Q	S	T	A	V	L	I	F	Y	W	H	M	C	P
0	0.13742	0.36775	0.14582	0.01123	0.01589	0.14555	0.03760	0.03954	0.01202	0.03176	0.00852	0.00979	0.00696	0.00498	0.00413	0.00140	0.00662	0.00339	0.00272	0.00692
1	0.01975	0.07119	0.01608	0.01339	0.01643	0.65985	0.01028	0.10174	0.01605	0.01537	0.00875	0.00997	0.00715	0.00558	0.00482	0.00139	0.00903	0.00357	0.00302	0.00658
2	0.01436	0.01142	0.02680	0.02409	0.01570	0.04955	0.13683	0.06206	0.07229	0.16168	0.08623	0.02020	0.07449	0.00773	0.00819	0.00183	0.17277	0.00615	0.04069	0.00695
3	0.00644	0.00544	0.00558	0.00554	0.00731	0.00457	0.00416	0.00790	0.01247	0.01506	0.11154	0.05074	0.71818	0.01339	0.00634	0.00180	0.00270	0.01120	0.00506	0.00457
4	0.14679	0.00875	0.00919	0.00854	0.01056	0.06950	0.00661	0.04987	0.01274	0.12479	0.17393	0.14473	0.02344	0.01336	0.09020	0.03915	0.00540	0.05202	0.00464	0.00578
5	0.00765	0.00518	0.00634	0.00680	0.00721	0.00506	0.00454	0.00855	0.00983	0.01343	0.08434	0.25470	0.02757	0.38565	0.01624	0.00353	0.00422	0.09477	0.05038	0.00401
6	0.01117	0.01870	0.42820	0.01301	0.01837	0.01030	0.06287	0.02774	0.04893	0.07498	0.04647	0.14140	0.04782	0.00789	0.00564	0.00180	0.00630	0.01771	0.00356	0.00716
7	0.00955	0.00565	0.00670	0.00657	0.00806	0.00517	0.00490	0.01132	0.01225	0.10276	0.14471	0.16968	0.21137	0.05441	0.00693	0.00193	0.00315	0.04129	0.18845	0.00515
8	0.10144	0.40358	0.02043	0.01068	0.05065	0.08401	0.00895	0.10657	0.01306	0.01754	0.03150	0.01071	0.00857	0.00506	0.00403	0.00127	0.00566	0.00350	0.00305	0.10974
9	0.00853	0.00621	0.00742	0.00758	0.00891	0.00600	0.00551	0.05075	0.07244	0.04215	0.12912	0.40626	0.19163	0.01370	0.00645	0.00197	0.00327	0.02164	0.00522	0.00524
10	0.12762	0.07566	0.05968	0.14482	0.02852	0.05576	0.00993	0.10673	0.03580	0.11011	0.10446	0.04743	0.01455	0.00692	0.00573	0.00169	0.04835	0.00537	0.00401	0.00684
11	0.01379	0.01470	0.04267	0.01469	0.01722	0.14446	0.15178	0.09647	0.01272	0.01665	0.01125	0.04227	0.01032	0.00781	0.00984	0.00192	0.28195	0.06353	0.00314	0.04285
12	0.00736	0.00501	0.00625	0.00688	0.00710	0.00487	0.00443	0.00785	0.00917	0.01220	0.02298	0.37837	0.02694	0.37565	0.01669	0.03680	0.00424	0.05929	0.00409	0.00382
13	0.01229	0.01032	0.01578	0.23721	0.08160	0.01140	0.09225	0.13322	0.02582	0.05136	0.04854	0.14385	0.03571	0.00811	0.00671	0.00184	0.06646	0.00708	0.00380	0.00665
14	0.11173	0.01120	0.01811	0.15204	0.11420	0.01177	0.20618	0.04237	0.10605	0.04350	0.07297	0.03940	0.01368	0.00636	0.00556	0.00177	0.00618	0.02629	0.00366	0.00697
15	0.02153	0.00883	0.01155	0.00909	0.01277	0.00795	0.00742	0.06849	0.01529	0.61647	0.02051	0.04509	0.01385	0.00693	0.00524	0.00163	0.00435	0.00565	0.10889	0.00847
16	0.00683	0.00485	0.00643	0.00758	0.00795	0.00459	0.00519	0.00784	0.01028	0.01367	0.02852	0.67944	0.03386	0.07692	0.00846	0.00244	0.00344	0.08253	0.00485	0.00433
17	0.05119	0.01267	0.01985	0.04387	0.17175	0.04919	0.23029	0.08548	0.07483	0.12251	0.01428	0.07471	0.01155	0.00629	0.00565	0.00173	0.00654	0.00608	0.00389	0.00765
18	0.04403	0.01492	0.01563	0.01228	0.01609	0.05777	0.01008	0.59641	0.03900	0.05743	0.01252	0.01285	0.00906	0.00661	0.00626	0.00167	0.06908	0.00474	0.00498	0.00860
19	0.36380	0.00891	0.00854	0.00756	0.01042	0.00945	0.00603	0.04809	0.08002	0.11213	0.08633	0.04238	0.18070	0.00813	0.00485	0.00172	0.00381	0.00629	0.00462	0.00622
20	0.01244	0.01101	0.05357	0.05743	0.36761	0.01042	0.03466	0.01517	0.01215	0.09581	0.08109	0.14409	0.01679	0.00777	0.00643	0.00177	0.05389	0.00697	0.00368	0.00726
21	0.10659	0.19379	0.08300	0.01278	0.01733	0.01492	0.15454	0.15975	0.08607	0.07855	0.03466	0.01355	0.01012	0.00562	0.00492	0.00158	0.00609	0.00471	0.00381	0.00762
22	0.13513	0.03544	0.04303	0.00992	0.01384	0.03587	0.00842	0.12575	0.08349	0.38477	0.05752	0.01669	0.01331	0.00652	0.00507	0.00165	0.00489	0.00507	0.00543	0.00819

[dist]
# distance from previous block
# <min> <max>
0	35

[block]
# block no. 5 follows, 45 sequences, length 10
# corresponding to MSA columns:
# 247-256
name=unknown_F
#
# <colnr> <probs for GDERKNQSTAVLIFYWHMCP>
#	G	D	E	R	K	N	Q	S	T	A	V	L	I	F	Y	W	H	M	C	P
0	0.01681	0.08646	0.06639	0.01485	0.12073	0.01437	0.03574	0.30523	0.05448	0.10778	0.03474	0.01411	0.01050	0.00621	0.00602	0.00162	0.05953	0.00484	0.00432	0.03527
1	0.10790	0.01114	0.04098	0.01178	0.06216	0.01102	0.05254	0.16323	0.12268	0.14451	0.10097	0.02058	0.05974	0.03336	0.03192	0.00203	0.00525	0.00598	0.00481	0.00744
2	0.01014	0.00701	0.00827	0.00750	0.00939	0.00695	0.00576	0.05752	0.11619	0.06312	0.44405	0.03372	0.10713	0.00976	0.00585	0.00167	0.00309	0.00839	0.08858	0.00593
3	0.00948	0.00852	0.01256	0.14400	0.03815	0.03683	0.07706	0.01197	0.01202	0.01600	0.16485	0.10394	0.07054	0.01187	0.04690	0.00231	0.07219	0.15128	0.00403	0.00549
4	0.00715	0.00525	0.00670	0.00756	0.00839	0.00492	0.00561	0.00856	0.01124	0.01463	0.07363	0.40281	0.16465	0.06578	0.00817	0.00235	0.00359	0.18959	0.00491	0.00450
5	0.01243	0.01188	0.02024	0.24087	0.57663	0.01253	0.01605	0.01572	0.01182	0.01650	0.00995	0.01356	0.00814	0.00494	0.00533	0.00165	0.00659	0.00478	0.00258	0.00781
6	0.00654	0.00467	0.00623	0.00747	0.00779	0.00436	0.00498	0.00747	0.01028	0.01370	0.02959	0.80785	0.03550	0.01682	0.00685	0.00218	0.00311	0.01526	0.00498	0.00436
7	0.01706	0.00884	0.01104	0.00938	0.01227	0.00857	0.00736	0.14264	0.06331	0.35561	0.06640	0.23323	0.02102	0.00967	0.00585	0.00181	0.00426	0.00828	0.00586	0.00756
8	0.01284	0.01169	0.01948	0.02911	0.67189	0.01169	0.01473	0.01593	0.01209	0.01788	0.01112	0.01421	0.00922	0.00498	0.00510	0.00155	0.00584	0.00481	0.11782	0.00802
9	0.00980	0.00902	0.01507	0.68997	0.03321	0.01121	0.01378	0.01315	0.01044	0.01354	0.01021	0.01524	0.00802	0.01016	0.11315	0.00273	0.00815	0.00491	0.00245	0.00580

[dist]
# distance from previous block
# <min> <max>
1	3

[block]
# block no. 6 follows, 45 sequences, length 10
# corresponding to MSA columns:
# 260-269
name=unknown_G
#
# <colnr> <probs for GDERKNQSTAVLIFYWHMCP>
#	G	D	E	R	K	N	Q	S	T	A	V	L	I	F	Y	W	H	M	C	P
0	0.01081	0.01042	0.05519	0.11179	0.02667	0.03035	0.08468	0.06949	0.06528	0.02793	0.12737	0.07933	0.09965	0.01047	0.05672	0.00217	0.02717	0.02534	0.00404	0.07513
1	0.01590	0.01288	0.01308	0.00998	0.01433	0.10261	0.00801	0.21631	0.01580	0.09293	0.01138	0.01210	0.00864	0.00507	0.00459	0.00117	0.00523	0.00387	0.00404	0.44208
2	0.00975	0.00612	0.00691	0.00660	0.00760	0.00644	0.00474	0.06238	0.01129	0.01752	0.06632	0.08911	0.01874	0.21608	0.03048	0.00264	0.04491	0.00686	0.38069	0.00483
3	0.00774	0.00566	0.00691	0.00749	0.00831	0.00545	0.00517	0.06941	0.01161	0.01525	0.03075	0.58827	0.13316	0.06810	0.00801	0.00228	0.00343	0.01337	0.00490	0.00470
4	0.01168	0.00684	0.00744	0.00675	0.00854	0.00699	0.00520	0.13603	0.01411	0.04804	0.10804	0.07566	0.01888	0.00759	0.00460	0.00144	0.00318	0.00626	0.51692	0.00579
5	0.00714	0.00514	0.00647	0.00686	0.00758	0.00480	0.00474	0.00851	0.01168	0.01581	0.27037	0.34165	0.10144	0.14959	0.01013	0.00251	0.00330	0.03286	0.00499	0.00443
6	0.01089	0.20600	0.27209	0.23380	0.02256	0.01326	0.01366	0.01467	0.01144	0.01524	0.07500	0.01656	0.06141	0.00610	0.00497	0.00160	0.00640	0.00489	0.00279	0.00667
7	0.08184	0.00987	0.01171	0.01105	0.06196	0.01026	0.00824	0.09821	0.21011	0.20813	0.05991	0.02506	0.05844	0.03650	0.00633	0.00191	0.00457	0.08310	0.00526	0.00755
8	0.01121	0.05821	0.19710	0.37653	0.09907	0.01245	0.01477	0.05317	0.03616	0.01610	0.01181	0.03193	0.02878	0.00657	0.02272	0.00187	0.00698	0.00495	0.00277	0.00686
9	0.09955	0.09532	0.01344	0.01009	0.01328	0.05221	0.00830	0.04615	0.26504	0.19449	0.01741	0.01897	0.01340	0.00709	0.00560	0.00172	0.03984	0.05588	0.03460	0.00762

[dist]
# distance from previous block
# <min> <max>
1	29

[block]
# block no. 7 follows, 45 sequences, length 11
# corresponding to MSA columns:
# 299-309
name=unknown_H
#
# <colnr> <probs for GDERKNQSTAVLIFYWHMCP>
#	G	D	E	R	K	N	Q	S	T	A	V	L	I	F	Y	W	H	M	C	P
0	0.23301	0.26647	0.07455	0.00965	0.01368	0.04607	0.00895	0.13366	0.01347	0.05694	0.06281	0.01390	0.01107	0.00594	0.00432	0.00151	0.00537	0.02808	0.00361	0.00693
1	0.00957	0.00683	0.00779	0.00724	0.00914	0.00647	0.00554	0.10626	0.01431	0.06045	0.18764	0.11776	0.35099	0.04418	0.00710	0.00196	0.00343	0.04267	0.00524	0.00543
2	0.05254	0.31778	0.13769	0.01267	0.06644	0.01677	0.01138	0.11364	0.12460	0.01836	0.01076	0.01183	0.00864	0.00572	0.00549	0.00154	0.06933	0.00404	0.00323	0.00755
3	0.00696	0.00531	0.00639	0.00644	0.00771	0.00474	0.00471	0.00878	0.01323	0.01759	0.38243	0.19188	0.29836	0.01300	0.00644	0.00183	0.00271	0.01134	0.00541	0.00474
4	0.01265	0.01059	0.01241	0.06990	0.05349	0.04684	0.00888	0.19619	0.08250	0.02100	0.14847	0.05754	0.08374	0.01049	0.05355	0.00217	0.08994	0.00678	0.02622	0.00665
5	0.05493	0.01227	0.02144	0.01669	0.01911	0.01426	0.30967	0.01450	0.01008	0.01517	0.00921	0.01346	0.00795	0.00979	0.07681	0.00262	0.37778	0.00535	0.00259	0.00633
6	0.01747	0.27999	0.09402	0.01272	0.05811	0.08336	0.04235	0.15847	0.01506	0.17190	0.01181	0.01221	0.00873	0.00549	0.00470	0.00146	0.00627	0.00416	0.00382	0.00791
7	0.00772	0.00547	0.00651	0.00652	0.00795	0.00483	0.00478	0.00936	0.01281	0.05802	0.25572	0.22223	0.35208	0.01321	0.00641	0.00185	0.00286	0.01145	0.00534	0.00490
8	0.01182	0.00995	0.01150	0.00828	0.01301	0.00786	0.00665	0.06911	0.01218	0.01871	0.00979	0.01126	0.00804	0.00416	0.00408	0.00086	0.00412	0.00330	0.00334	0.78197
9	0.00732	0.00543	0.00632	0.00610	0.00757	0.00485	0.00457	0.00940	0.01372	0.01869	0.43214	0.04281	0.32651	0.01157	0.00611	0.00170	0.00260	0.00992	0.07781	0.00485
10	0.01271	0.04044	0.12322	0.25112	0.19398	0.01262	0.04385	0.05730	0.07935	0.05923	0.01219	0.04159	0.00968	0.00597	0.00577	0.00173	0.03347	0.00518	0.00320	0.00740

[dist]
# distance from previous block
# <min> <max>
0	1

[block]
# block no. 8 follows, 45 sequences, length 9
# corresponding to MSA columns:
# 315-323
name=unknown_I
#
# <colnr> <probs for GDERKNQSTAVLIFYWHMCP>
#	G	D	E	R	K	N	Q	S	T	A	V	L	I	F	Y	W	H	M	C	P
0	0.00719	0.00539	0.00651	0.00636	0.00760	0.00488	0.00463	0.00907	0.01340	0.01807	0.45770	0.09616	0.24883	0.08066	0.00817	0.00206	0.00285	0.01038	0.00536	0.00471
1	0.00743	0.00529	0.00699	0.00778	0.00865	0.00502	0.00589	0.00918	0.01199	0.01621	0.18500	0.38442	0.07320	0.01455	0.00676	0.00211	0.00344	0.20781	0.03356	0.00469
2	0.01573	0.01128	0.01694	0.23243	0.10109	0.01181	0.09246	0.12564	0.07914	0.19413	0.01394	0.01525	0.00992	0.00575	0.00541	0.00167	0.00609	0.00512	0.00416	0.05203
3	0.01088	0.00752	0.01085	0.07806	0.03140	0.00741	0.04248	0.04709	0.01386	0.10121	0.24133	0.06689	0.05349	0.01070	0.00638	0.00194	0.00450	0.23430	0.00501	0.02470
4	0.04352	0.04010	0.21151	0.01278	0.01777	0.04833	0.05935	0.20892	0.07676	0.18510	0.01429	0.01516	0.01024	0.00617	0.00528	0.00167	0.00629	0.02408	0.00440	0.00824
5	0.08477	0.12856	0.34126	0.01214	0.01756	0.01365	0.01315	0.06093	0.18176	0.05747	0.01310	0.03124	0.00999	0.00593	0.00487	0.00165	0.00609	0.00457	0.00353	0.00778
6	0.01021	0.00600	0.00788	0.00774	0.00911	0.00561	0.00589	0.01189	0.01255	0.13327	0.24672	0.14759	0.06101	0.12730	0.00992	0.02692	0.00386	0.15616	0.00518	0.00520
7	0.05070	0.09967	0.24680	0.01406	0.01901	0.01255	0.18170	0.08606	0.01300	0.03283	0.07076	0.01740	0.01256	0.00901	0.07260	0.00229	0.00752	0.04117	0.00326	0.00707
8	0.01394	0.01267	0.01362	0.01169	0.01365	0.15936	0.03314	0.04656	0.03876	0.09713	0.05181	0.01775	0.06203	0.01231	0.11548	0.00274	0.24352	0.00540	0.00359	0.04485

[dist]
# distance from previous block
# <min> <max>
0	2

[block]
# block no. 9 follows, 45 sequences, length 14
# corresponding to MSA columns:
# 326-339
name=unknown_J
#
# <colnr> <probs for GDERKNQSTAVLIFYWHMCP>
#	G	D	E	R	K	N	Q	S	T	A	V	L	I	F	Y	W	H	M	C	P
0	0.01164	0.01139	0.11445	0.19190	0.10338	0.00962	0.09616	0.01474	0.01183	0.11078	0.04513	0.18178	0.01667	0.02549	0.00632	0.00191	0.00594	0.03054	0.00374	0.00658
1	0.01092	0.01639	0.30167	0.07252	0.01857	0.00952	0.01209	0.01484	0.01118	0.01701	0.00958	0.01146	0.00746	0.00451	0.00451	0.00121	0.00571	0.00360	0.00277	0.46450
2	0.01113	0.00954	0.01113	0.00795	0.01272	0.00716	0.00636	0.01352	0.01113	0.01749	0.00954	0.01113	0.00795	0.00398	0.00398	0.00080	0.00398	0.00318	0.00318	0.84417
3	0.01414	0.15281	0.01780	0.07663	0.08295	0.14573	0.07747	0.10035	0.01362	0.03559	0.04328	0.05484	0.01164	0.00894	0.07000	0.00208	0.00714	0.00512	0.02350	0.05639
4	0.00784	0.00609	0.00723	0.00713	0.00860	0.00584	0.00533	0.01133	0.10282	0.01851	0.36729	0.15590	0.22713	0.01220	0.00635	0.00183	0.00295	0.03496	0.00545	0.00523
5	0.08152	0.01235	0.01322	0.04712	0.01532	0.08436	0.02727	0.16305	0.01446	0.08368	0.01087	0.01199	0.00831	0.00510	0.00479	0.00126	0.02081	0.00388	0.00381	0.38686
6	0.01346	0.01074	0.07245	0.03562	0.05008	0.00929	0.03357	0.11120	0.06496	0.14103	0.14468	0.05974	0.03420	0.03820	0.00638	0.00176	0.00481	0.04162	0.00469	0.12152
7	0.01104	0.01091	0.07495	0.00889	0.01354	0.00789	0.00778	0.01451	0.05612	0.01763	0.01175	0.01554	0.01015	0.00511	0.00443	0.00106	0.00439	0.06116	0.00338	0.65976
8	0.01508	0.26194	0.02156	0.03742	0.01742	0.03386	0.16920	0.13097	0.07561	0.08864	0.01295	0.04716	0.01071	0.04709	0.00616	0.00174	0.00625	0.00525	0.00369	0.00731
9	0.00876	0.00611	0.00745	0.00705	0.00851	0.00575	0.00525	0.05439	0.01411	0.05081	0.41573	0.11433	0.17084	0.07793	0.00805	0.00206	0.00319	0.02910	0.00541	0.00516
10	0.01553	0.01072	0.01832	0.01504	0.05648	0.01048	0.23846	0.05299	0.01357	0.25500	0.04074	0.08238	0.01528	0.00780	0.00702	0.00187	0.07194	0.07448	0.00451	0.00736
11	0.00798	0.00586	0.00728	0.00780	0.00882	0.00565	0.00569	0.07044	0.01244	0.01643	0.09874	0.49449	0.13162	0.01480	0.00667	0.00207	0.00343	0.08978	0.00509	0.00490
12	0.08010	0.04495	0.37535	0.03950	0.01956	0.01156	0.11631	0.01579	0.03965	0.01707	0.01221	0.01466	0.02880	0.00992	0.10676	0.00258	0.00795	0.00475	0.04560	0.00694
13	0.00778	0.00573	0.00719	0.00773	0.00880	0.00547	0.00581	0.04405	0.01235	0.01625	0.13230	0.36117	0.16104	0.03524	0.00728	0.00216	0.00354	0.16625	0.00507	0.00480

[dist]
# distance from previous block
# <min> <max>
0	4

[block]
# block no. 10 follows, 45 sequences, length 16
# corresponding to MSA columns:
# 344-359
name=unknown_K
#
# <colnr> <probs for GDERKNQSTAVLIFYWHMCP>
#	G	D	E	R	K	N	Q	S	T	A	V	L	I	F	Y	W	H	M	C	P
0	0.08587	0.00958	0.01174	0.05759	0.01423	0.00859	0.02782	0.01421	0.03219	0.04188	0.01136	0.06691	0.00998	0.00554	0.00512	0.00120	0.04903	0.00441	0.00338	0.53936
1	0.05997	0.04654	0.03386	0.11922	0.09524	0.06181	0.00983	0.09041	0.02934	0.04508	0.05055	0.03583	0.01125	0.00704	0.03287	0.00168	0.03158	0.00469	0.00348	0.22972
2	0.07005	0.19888	0.03181	0.03314	0.04219	0.10225	0.04328	0.03911	0.01193	0.06274	0.01535	0.23882	0.01564	0.00854	0.00544	0.00164	0.02587	0.00707	0.00363	0.04260
3	0.01159	0.05594	0.01883	0.40878	0.27774	0.01240	0.04211	0.01487	0.01134	0.01535	0.00966	0.01340	0.00769	0.00499	0.00516	0.00161	0.00663	0.00460	0.00255	0.07477
4	0.01544	0.01246	0.06032	0.01059	0.01435	0.07412	0.02399	0.10129	0.10397	0.17853	0.01566	0.09443	0.01280	0.00694	0.00568	0.00152	0.03968	0.00559	0.00447	0.21818
5	0.00752	0.00523	0.00665	0.00735	0.00820	0.00484	0.00528	0.00880	0.01121	0.03971	0.08745	0.45487	0.15371	0.07091	0.00819	0.00232	0.00343	0.10476	0.00498	0.00459
6	0.01070	0.01011	0.01711	0.66226	0.16878	0.01207	0.01519	0.01421	0.01100	0.01439	0.00964	0.01413	0.00740	0.00526	0.00536	0.00175	0.00702	0.00477	0.00243	0.00641
7	0.07805	0.01128	0.01143	0.00991	0.01295	0.06173	0.00775	0.09879	0.31395	0.06390	0.05222	0.04553	0.01594	0.04884	0.00636	0.00183	0.00472	0.03760	0.00476	0.11245
8	0.00755	0.00573	0.00671	0.00649	0.00801	0.00528	0.00489	0.01024	0.05005	0.01874	0.41682	0.06110	0.29947	0.01170	0.00620	0.00174	0.00274	0.02504	0.04646	0.00502
9	0.00753	0.00574	0.00698	0.00708	0.00831	0.00545	0.00515	0.01043	0.07655	0.01794	0.35286	0.27221	0.17785	0.01291	0.00642	0.00187	0.00289	0.01138	0.00542	0.00504
10	0.01299	0.38410	0.39323	0.01234	0.01853	0.01671	0.01440	0.06251	0.01200	0.01606	0.00885	0.01019	0.00698	0.00495	0.00437	0.00144	0.00681	0.00352	0.00247	0.00753
11	0.05551	0.01003	0.01645	0.64998	0.13822	0.01205	0.01464	0.01421	0.01085	0.01480	0.00951	0.01387	0.00727	0.00527	0.00525	0.00176	0.00689	0.00467	0.00247	0.00631
12	0.00727	0.00520	0.00699	0.00816	0.00880	0.00499	0.00611	0.00869	0.01092	0.01438	0.02931	0.51820	0.05008	0.04407	0.00775	0.00237	0.00378	0.25350	0.00491	0.00452
13	0.01270	0.01219	0.02063	0.16649	0.55573	0.01269	0.05402	0.01685	0.06358	0.01718	0.01084	0.01399	0.00878	0.00504	0.00539	0.00166	0.00651	0.00495	0.00280	0.00799
14	0.12855	0.01021	0.01138	0.01054	0.06436	0.03504	0.00771	0.11086	0.10059	0.16704	0.09582	0.05493	0.08980	0.00761	0.00522	0.00162	0.00443	0.00620	0.00488	0.08323
15	0.00796	0.04740	0.00829	0.00805	0.00926	0.00612	0.00644	0.00971	0.01175	0.01525	0.10148	0.22122	0.14596	0.06856	0.00817	0.00235	0.00402	0.30846	0.00480	0.00475

[dist]
# distance from previous block
# <min> <max>
10	18

[block]
# block no. 11 follows, 45 sequences, length 13
# corresponding to MSA columns:
# 389-401
name=unknown_L
#
# <colnr> <probs for GDERKNQSTAVLIFYWHMCP>
#	G	D	E	R	K	N	Q	S	T	A	V	L	I	F	Y	W	H	M	C	P
0	0.05137	0.10288	0.01784	0.06444	0.14326	0.03081	0.08312	0.16903	0.10206	0.06355	0.01403	0.01782	0.01142	0.00642	0.00526	0.00167	0.00588	0.06618	0.03536	0.00761
1	0.84927	0.01038	0.00789	0.00706	0.01038	0.01204	0.00581	0.01578	0.00914	0.02408	0.00747	0.00872	0.00581	0.00498	0.00332	0.00166	0.00415	0.00291	0.00332	0.00581
2	0.01418	0.08909	0.09541	0.06210	0.01700	0.04196	0.05710	0.09682	0.26428	0.08114	0.01677	0.01879	0.02945	0.00737	0.00608	0.04004	0.00568	0.04498	0.00427	0.00752
3	0.00675	0.00494	0.00639	0.00742	0.00804	0.00458	0.00522	0.00793	0.01088	0.01427	0.05561	0.61681	0.12986	0.01604	0.00682	0.00215	0.00322	0.08362	0.00501	0.00446
4	0.04233	0.01147	0.04675	0.14188	0.01768	0.05269	0.04692	0.11701	0.13521	0.10107	0.11805	0.02275	0.10806	0.00762	0.00557	0.00172	0.00527	0.00640	0.00456	0.00700
5	0.00689	0.00491	0.00623	0.00698	0.00743	0.00461	0.00463	0.00787	0.01054	0.01411	0.12017	0.53097	0.07516	0.16092	0.01050	0.00265	0.00340	0.01300	0.00478	0.00425
6	0.01262	0.01127	0.01715	0.46378	0.09892	0.01320	0.05100	0.14403	0.06600	0.01829	0.01098	0.01426	0.00831	0.00577	0.00595	0.00177	0.04160	0.00495	0.00315	0.00698
7	0.04892	0.00707	0.00819	0.00740	0.00946	0.00677	0.00569	0.09339	0.01461	0.11071	0.27677	0.11974	0.21765	0.01081	0.00594	0.00174	0.00333	0.00919	0.03680	0.00581
8	0.01322	0.28419	0.15435	0.01331	0.03521	0.01482	0.12916	0.05603	0.01216	0.05427	0.01205	0.01771	0.01067	0.04162	0.00667	0.00179	0.04968	0.08302	0.00308	0.00697
9	0.07548	0.01360	0.01343	0.01223	0.04747	0.11818	0.00926	0.16154	0.30598	0.02228	0.07560	0.01699	0.01448	0.00711	0.00642	0.00174	0.08073	0.00536	0.00454	0.00759
10	0.01376	0.30563	0.16713	0.01117	0.01534	0.06015	0.01103	0.04689	0.08358	0.06291	0.05253	0.03470	0.01156	0.00720	0.02592	0.00173	0.07379	0.00458	0.00329	0.00712
11	0.27255	0.04539	0.01159	0.03730	0.01331	0.01120	0.02648	0.05871	0.16577	0.06359	0.01644	0.01663	0.08225	0.00625	0.00454	0.00154	0.00443	0.00480	0.00410	0.15313
12	0.01457	0.00718	0.00927	0.00806	0.01033	0.00659	0.00616	0.05003	0.01400	0.31868	0.20462	0.15972	0.04184	0.08437	0.00787	0.00207	0.00384	0.00842	0.03586	0.00655

[dist]
# distance from previous block
# <min> <max>
0	1

[block]
# block no. 12 follows, 45 sequences, length 17
# corresponding to MSA columns:
# 403-419
name=unknown_M
#
# <colnr> <probs for GDERKNQSTAVLIFYWHMCP>
#	G	D	E	R	K	N	Q	S	T	A	V	L	I	F	Y	W	H	M	C	P
0	0.01637	0.01016	0.01192	0.00995	0.01293	0.01070	0.00800	0.21048	0.15273	0.21361	0.11822	0.02304	0.01877	0.04316	0.00694	0.00189	0.03160	0.04699	0.04486	0.00768
1	0.00858	0.00621	0.00750	0.00763	0.00913	0.00591	0.00586	0.04553	0.04393	0.04444	0.15750	0.23778	0.24712	0.01335	0.00654	0.00198	0.00345	0.13716	0.00523	0.00519
2	0.01369	0.01460	0.07036	0.21607	0.19588	0.10096	0.22154	0.01726	0.01248	0.06945	0.01071	0.01369	0.00811	0.00509	0.00555	0.00169	0.00766	0.00505	0.00287	0.00727
3	0.01413	0.01054	0.01149	0.01012	0.01307	0.01174	0.00792	0.06252	0.54271	0.10074	0.07885	0.02103	0.01815	0.00739	0.00540	0.00174	0.00411	0.00614	0.06412	0.00809
4	0.00919	0.00725	0.00968	0.00958	0.04515	0.00745	0.05438	0.03571	0.10992	0.01449	0.02056	0.18388	0.05030	0.34398	0.07149	0.00376	0.00555	0.00873	0.00394	0.00502
5	0.00828	0.00618	0.00788	0.00757	0.00780	0.00701	0.00517	0.00889	0.00805	0.01122	0.01504	0.02878	0.01646	0.52512	0.20688	0.00565	0.11009	0.00692	0.00305	0.00396
6	0.05059	0.05996	0.08326	0.05151	0.01711	0.06783	0.04498	0.28436	0.05317	0.12658	0.06257	0.01586	0.01227	0.00653	0.00558	0.00165	0.02654	0.01726	0.00451	0.00787
7	0.17524	0.14378	0.04843	0.03483	0.10857	0.12180	0.05239	0.09079	0.01242	0.01812	0.00870	0.01088	0.00721	0.00584	0.00667	0.00165	0.13888	0.00398	0.00294	0.00688
8	0.00723	0.00517	0.00674	0.00769	0.00822	0.00500	0.00536	0.00883	0.04101	0.01440	0.06957	0.59226	0.03346	0.06749	0.00850	0.02311	0.00348	0.08312	0.00487	0.00450
9	0.01203	0.04846	0.01774	0.14690	0.14366	0.05595	0.15360	0.01585	0.06521	0.04592	0.08938	0.02080	0.10147	0.00668	0.00556	0.00164	0.00604	0.00616	0.00357	0.05338
10	0.01200	0.00857	0.01042	0.00838	0.01160	0.00771	0.00664	0.09033	0.01333	0.08865	0.14992	0.04913	0.01813	0.01081	0.10113	0.00217	0.01555	0.00558	0.03253	0.35744
11	0.01059	0.01140	0.11255	0.43357	0.02692	0.01051	0.04131	0.03875	0.01175	0.04299	0.04732	0.10028	0.03702	0.00704	0.00554	0.00176	0.00627	0.00622	0.00319	0.04502
12	0.02374	0.11712	0.11271	0.00925	0.01183	0.03972	0.00817	0.01327	0.02881	0.05814	0.04775	0.02032	0.01363	0.22867	0.06570	0.06197	0.06366	0.00540	0.00319	0.06694
13	0.04679	0.28645	0.15376	0.01117	0.01568	0.01452	0.06038	0.05242	0.11300	0.04880	0.06361	0.05400	0.01297	0.00624	0.00475	0.00152	0.00563	0.00501	0.00352	0.03978
14	0.07889	0.16159	0.18961	0.05049	0.01594	0.07369	0.03566	0.01516	0.01145	0.07774	0.01521	0.22188	0.01493	0.00825	0.00518	0.00170	0.00582	0.00686	0.00349	0.00647
15	0.04062	0.08190	0.05542	0.00946	0.01239	0.01074	0.03276	0.14422	0.06624	0.03519	0.14785	0.03495	0.09267	0.00800	0.00589	0.00162	0.04873	0.02060	0.11611	0.03465
16	0.09799	0.12093	0.13961	0.01554	0.17286	0.01232	0.04612	0.06747	0.01262	0.09916	0.01281	0.07190	0.01097	0.00629	0.00498	0.00159	0.00576	0.03002	0.00351	0.06754

[dist]
# distance from previous block
# <min> <max>
0	24

[block]
# block no. 13 follows, 45 sequences, length 21
# corresponding to MSA columns:
# 444-464
name=unknown_N
#
# <colnr> <probs for GDERKNQSTAVLIFYWHMCP>
#	G	D	E	R	K	N	Q	S	T	A	V	L	I	F	Y	W	H	M	C	P
0	0.02798	0.10482	0.03423	0.03877	0.06846	0.08945	0.07234	0.11409	0.07885	0.05247	0.10098	0.04152	0.03000	0.03678	0.00601	0.00167	0.00568	0.00563	0.00396	0.08633
1	0.09196	0.01293	0.06263	0.09891	0.03928	0.12520	0.00973	0.02763	0.04224	0.18954	0.01601	0.07367	0.05198	0.00721	0.00615	0.00168	0.06985	0.00555	0.00403	0.06381
2	0.01592	0.03711	0.04259	0.03847	0.09785	0.01280	0.05375	0.29477	0.08648	0.09260	0.03620	0.01869	0.03623	0.00681	0.00542	0.00165	0.00554	0.04403	0.03724	0.03586
3	0.01442	0.00863	0.00988	0.00829	0.01080	0.00884	0.00657	0.22891	0.01657	0.13542	0.18058	0.02248	0.02048	0.02931	0.02746	0.00182	0.00419	0.00612	0.25247	0.00676
4	0.01588	0.01270	0.03898	0.04582	0.06546	0.01343	0.03868	0.30059	0.18621	0.07659	0.05226	0.01740	0.03302	0.00694	0.00610	0.00172	0.04789	0.00557	0.02665	0.00811
5	0.00999	0.00602	0.00787	0.00730	0.00897	0.00547	0.00561	0.01226	0.01453	0.13521	0.52052	0.08864	0.09537	0.01109	0.00628	0.00177	0.00302	0.04865	0.00584	0.00559
6	0.01239	0.01145	0.01788	0.22351	0.41064	0.01243	0.01408	0.01808	0.16464	0.01763	0.01255	0.01511	0.00991	0.00548	0.00531	0.00168	0.00603	0.00505	0.02840	0.00775
7	0.00726	0.00533	0.00680	0.00674	0.00789	0.00487	0.00494	0.00936	0.01395	0.01928	0.55505	0.18299	0.13088	0.01235	0.00643	0.00179	0.00266	0.01092	0.00563	0.00487
8	0.01447	0.56599	0.11862	0.01147	0.01631	0.11158	0.06548	0.01691	0.01160	0.01356	0.00807	0.00950	0.00697	0.00476	0.00402	0.00129	0.00672	0.00333	0.00238	0.00696
9	0.07577	0.01163	0.01213	0.01007	0.01336	0.06798	0.00804	0.23008	0.11271	0.21103	0.08581	0.06537	0.05685	0.00782	0.00543	0.00169	0.00489	0.00628	0.00537	0.00772
10	0.01252	0.01193	0.01973	0.20367	0.50662	0.01273	0.03156	0.01683	0.07796	0.01697	0.01094	0.01409	0.00884	0.00525	0.00569	0.00168	0.02740	0.00492	0.00283	0.00783
11	0.01204	0.01172	0.06335	0.08741	0.31258	0.01165	0.01263	0.07348	0.01297	0.03112	0.13385	0.04376	0.04132	0.00733	0.00731	0.00177	0.11899	0.00607	0.00352	0.00712
12	0.00735	0.00495	0.00635	0.00716	0.00758	0.00465	0.00472	0.00818	0.01009	0.03678	0.04368	0.59985	0.04676	0.17250	0.01081	0.00274	0.00355	0.01329	0.00471	0.00431
13	0.02514	0.01066	0.01182	0.01000	0.01289	0.03505	0.00799	0.30545	0.04129	0.14327	0.06532	0.14558	0.06485	0.00929	0.00596	0.00177	0.01877	0.04661	0.03098	0.00730
14	0.01428	0.01403	0.12032	0.06970	0.33907	0.01219	0.06467	0.09469	0.05041	0.10088	0.05664	0.01555	0.01158	0.00570	0.00544	0.00166	0.00624	0.00520	0.00362	0.00812
15	0.01545	0.00734	0.00951	0.00831	0.01090	0.00675	0.00678	0.03877	0.01434	0.34207	0.16085	0.03088	0.05224	0.00903	0.00569	0.00174	0.00390	0.13206	0.13654	0.00685
16	0.00685	0.00503	0.00623	0.00706	0.00772	0.00467	0.00489	0.00789	0.01053	0.01364	0.03281	0.48644	0.18262	0.12145	0.00952	0.00253	0.00347	0.07760	0.00475	0.00430
17	0.01386	0.01228	0.01838	0.03831	0.09757	0.05706	0.20821	0.16404	0.01477	0.06024	0.02689	0.13837	0.03424	0.00803	0.00663	0.00183	0.05141	0.03687	0.00396	0.00704
18	0.01121	0.00666	0.00847	0.00781	0.00913	0.00667	0.00575	0.07297	0.05608	0.08905	0.19349	0.05058	0.02268	0.09304	0.01297	0.27618	0.00418	0.03815	0.03003	0.00488
19	0.11235	0.28795	0.02248	0.01295	0.01697	0.01440	0.25195	0.01509	0.01121	0.01594	0.01281	0.01629	0.04997	0.00862	0.07240	0.00216	0.00708	0.03358	0.02938	0.00643
20	0.25664	0.01179	0.01451	0.01153	0.01505	0.05672	0.15507	0.12974	0.04344	0.07906	0.09011	0.01774	0.06101	0.00685	0.00550	0.02337	0.00550	0.00547	0.00415	0.00673

[dist]
# distance from previous block
# <min> <max>
2	11

[block]
# block no. 14 follows, 45 sequences, length 8
# corresponding to MSA columns:
# 476-483
name=unknown_O
#
# <colnr> <probs for GDERKNQSTAVLIFYWHMCP>
#	G	D	E	R	K	N	Q	S	T	A	V	L	I	F	Y	W	H	M	C	P
0	0.00953	0.00724	0.00922	0.08953	0.01231	0.00740	0.00668	0.01376	0.12988	0.04352	0.34718	0.03019	0.05547	0.09467	0.05901	0.00248	0.00450	0.00763	0.00480	0.06501
1	0.01446	0.19596	0.09350	0.02554	0.06919	0.01442	0.01043	0.17287	0.17531	0.05436	0.04384	0.05112	0.02610	0.00687	0.00508	0.00161	0.00539	0.02201	0.00418	0.00773
2	0.01783	0.01346	0.06554	0.01249	0.04982	0.01349	0.01015	0.36212	0.11013	0.15806	0.01498	0.01602	0.01111	0.06039	0.00761	0.00194	0.05636	0.00521	0.00494	0.00834
3	0.01260	0.00741	0.00906	0.00795	0.01018	0.00711	0.00618	0.11287	0.01521	0.17939	0.27222	0.11119	0.13072	0.01120	0.03352	0.00196	0.00391	0.00855	0.05249	0.00630
4	0.00917	0.04230	0.00932	0.03300	0.01046	0.00767	0.00646	0.01245	0.11227	0.04975	0.13030	0.35818	0.11607	0.01250	0.00704	0.00195	0.05998	0.01076	0.00486	0.00551
5	0.00810	0.00504	0.00571	0.00600	0.00693	0.00480	0.00420	0.00975	0.01113	0.01665	0.10390	0.23802	0.12336	0.10397	0.00792	0.00208	0.00301	0.00937	0.32549	0.00457
6	0.14447	0.00655	0.00641	0.00604	0.00780	0.00698	0.00469	0.06054	0.01163	0.02104	0.01540	0.01783	0.01217	0.00834	0.05633	0.00183	0.00378	0.00471	0.59807	0.00538
7	0.00939	0.00663	0.00782	0.00764	0.00919	0.00633	0.00570	0.08711	0.01257	0.04995	0.04841	0.24233	0.20674	0.13432	0.00955	0.00243	0.00395	0.10317	0.00477	0.04201

[dist]
# distance from previous block
# <min> <max>
3	8

[block]
# block no. 15 follows, 45 sequences, length 10
# corresponding to MSA columns:
# 492-501
name=unknown_P
#
# <colnr> <probs for GDERKNQSTAVLIFYWHMCP>
#	G	D	E	R	K	N	Q	S	T	A	V	L	I	F	Y	W	H	M	C	P
0	0.10392	0.00809	0.01023	0.00901	0.01188	0.00768	0.00751	0.03659	0.01395	0.37147	0.09461	0.03094	0.02089	0.00912	0.00576	0.00187	0.00438	0.20778	0.03724	0.00708
1	0.00733	0.00521	0.00689	0.00769	0.00835	0.00497	0.00561	0.00879	0.01137	0.01531	0.16555	0.42184	0.03560	0.09955	0.00905	0.00247	0.00363	0.17133	0.00496	0.00450
2	0.00737	0.00552	0.00674	0.00664	0.00797	0.00504	0.00503	0.00938	0.01351	0.01815	0.43755	0.04512	0.25022	0.07195	0.00802	0.00207	0.00304	0.08658	0.00535	0.00477
3	0.00696	0.00514	0.00657	0.00731	0.00816	0.00475	0.00531	0.00844	0.01173	0.01549	0.16188	0.44870	0.16553	0.01500	0.00675	0.00207	0.00318	0.10731	0.00514	0.00459
4	0.01065	0.04009	0.01457	0.01235	0.01271	0.01381	0.01014	0.01194	0.00860	0.01292	0.01058	0.09637	0.01103	0.01489	0.13866	0.00328	0.56322	0.00590	0.00271	0.00558
5	0.01168	0.00757	0.00908	0.00803	0.01021	0.00743	0.00635	0.13100	0.03341	0.10859	0.36592	0.03474	0.12538	0.01004	0.00600	0.00173	0.00354	0.06304	0.05009	0.00617
