[name]
unknown

[dist]
# distance from previous block
# <min> <max>
22	248

[block]
# block no. 0 follows, 37 sequences, length 44
# corresponding to MSA columns:
# 493-536
name=unknown_A
#
# <colnr> <probs for GDERKNQSTAVLIFYWHMCP>
#	G	D	E	R	K	N	Q	S	T	A	V	L	I	F	Y	W	H	M	C	P
0	0.03404	0.01517	0.06664	0.01405	0.01797	0.05386	0.07767	0.12040	0.04963	0.04886	0.03034	0.01605	0.02837	0.00742	0.00911	0.00184	0.18917	0.00537	0.00402	0.21001
1	0.01365	0.06315	0.05073	0.04947	0.11305	0.01124	0.06089	0.04329	0.08311	0.09321	0.27446	0.06983	0.02953	0.00928	0.00653	0.00192	0.00535	0.00826	0.00529	0.00775
2	0.01370	0.01524	0.11740	0.09052	0.01942	0.05633	0.01105	0.05765	0.08144	0.02053	0.01479	0.01628	0.04499	0.00602	0.00532	0.00143	0.00602	0.00482	0.00384	0.41322
3	0.01588	0.56704	0.05039	0.01080	0.01585	0.03812	0.01038	0.04411	0.05392	0.01705	0.04357	0.01276	0.01095	0.00580	0.00444	0.00139	0.00629	0.00400	0.00324	0.08404
4	0.17438	0.07324	0.07907	0.15278	0.02034	0.03094	0.03706	0.01801	0.07240	0.06069	0.01573	0.13713	0.01433	0.00834	0.00618	0.00196	0.03365	0.00678	0.00402	0.05294
5	0.01153	0.02592	0.01152	0.01016	0.01118	0.00882	0.03016	0.02844	0.01028	0.05517	0.01504	0.05427	0.01473	0.13681	0.22553	0.24141	0.09374	0.00676	0.00348	0.00505
6	0.56681	0.01200	0.01049	0.00911	0.01291	0.01351	0.00742	0.08573	0.08658	0.07147	0.01529	0.01563	0.05802	0.00688	0.00463	0.00192	0.00485	0.00470	0.00461	0.00743
7	0.01517	0.01221	0.01406	0.16249	0.01985	0.10485	0.01041	0.01816	0.03141	0.13114	0.08123	0.04583	0.01696	0.01092	0.06478	0.00241	0.04862	0.03879	0.00442	0.16629
8	0.00922	0.00816	0.04582	0.00938	0.01150	0.00683	0.05461	0.01247	0.01692	0.02397	0.65943	0.04220	0.05212	0.01170	0.00715	0.00194	0.00368	0.01050	0.00630	0.00610
9	0.05761	0.04205	0.15101	0.01275	0.01813	0.06298	0.01198	0.15689	0.01719	0.21937	0.01481	0.01500	0.01045	0.00654	0.00607	0.00171	0.03363	0.00489	0.00488	0.15207
10	0.02169	0.13370	0.01955	0.01488	0.01839	0.56408	0.01167	0.08912	0.01748	0.01711	0.00977	0.01129	0.00812	0.00640	0.00582	0.00160	0.03445	0.00404	0.00334	0.00750
11	0.00772	0.00553	0.00734	0.00834	0.00894	0.00515	0.00570	0.00919	0.01296	0.01760	0.19065	0.61835	0.04430	0.01770	0.00768	0.00236	0.00340	0.01600	0.00592	0.00515
12	0.01637	0.78856	0.03208	0.01047	0.01571	0.02422	0.01047	0.01833	0.01244	0.01440	0.00851	0.00982	0.00786	0.00524	0.00393	0.00131	0.00655	0.00327	0.00262	0.00786
13	0.04382	0.06075	0.01239	0.00964	0.01281	0.00899	0.00765	0.02062	0.05550	0.34690	0.07938	0.20085	0.09260	0.01118	0.00650	0.00202	0.00452	0.00950	0.00637	0.00800
14	0.00890	0.00593	0.00668	0.00668	0.00668	0.00593	0.00371	0.00890	0.00890	0.01187	0.01929	0.04006	0.02225	0.78487	0.03116	0.00593	0.00593	0.00890	0.00371	0.00371
15	0.00800	0.00556	0.00694	0.00783	0.00805	0.00533	0.00494	0.00867	0.01066	0.01422	0.02831	0.50265	0.03364	0.30675	0.01658	0.00378	0.00445	0.01421	0.00494	0.00450
16	0.04268	0.01203	0.01420	0.01190	0.01489	0.04788	0.07519	0.14972	0.09390	0.02199	0.03237	0.03239	0.28794	0.01236	0.04329	0.00242	0.08411	0.00850	0.00498	0.00725
17	0.06656	0.01547	0.01676	0.06388	0.01922	0.04566	0.01126	0.40924	0.12269	0.10654	0.01598	0.01611	0.01148	0.00745	0.00664	0.00192	0.04237	0.00558	0.00565	0.00955
18	0.00791	0.00542	0.00704	0.00821	0.00873	0.00509	0.00556	0.00926	0.01220	0.01689	0.07988	0.66095	0.03932	0.01761	0.00744	0.00235	0.00344	0.01589	0.08170	0.00509
19	0.00918	0.00720	0.01067	0.01042	0.01141	0.00869	0.00819	0.01129	0.00979	0.01426	0.01562	0.02305	0.01462	0.04262	0.69145	0.00917	0.08712	0.00645	0.00322	0.00558
20	0.02217	0.02533	0.01793	0.01553	0.01909	0.54785	0.03546	0.17580	0.01946	0.02022	0.01094	0.01248	0.00874	0.00792	0.03279	0.00195	0.01027	0.00449	0.00380	0.00779
21	0.00875	0.00654	0.00975	0.00975	0.01081	0.00760	0.00754	0.01087	0.00981	0.01414	0.01648	0.02451	0.01551	0.06743	0.73937	0.00972	0.01609	0.00663	0.00329	0.00541
22	0.00876	0.00651	0.00958	0.00958	0.01059	0.00751	0.00733	0.01077	0.00976	0.01402	0.01663	0.02534	0.01586	0.10542	0.70187	0.00952	0.01555	0.00675	0.00331	0.00532
23	0.00841	0.00624	0.00912	0.00949	0.01039	0.00695	0.00714	0.01030	0.01033	0.01458	0.02094	0.22231	0.02190	0.03891	0.56341	0.00791	0.01303	0.00940	0.00391	0.00534
24	0.01510	0.01647	0.06858	0.01647	0.01831	0.08819	0.06295	0.08269	0.01268	0.01775	0.01007	0.01526	0.00918	0.00947	0.01518	0.00241	0.50105	0.02772	0.00316	0.00731
25	0.29264	0.01409	0.01680	0.23493	0.21842	0.09143	0.01340	0.01820	0.01260	0.02078	0.01010	0.01328	0.00802	0.00581	0.00524	0.00188	0.00705	0.00456	0.00321	0.00755
26	0.82811	0.01184	0.00900	0.00805	0.01184	0.01373	0.00663	0.01799	0.01042	0.02746	0.00852	0.00994	0.00663	0.00568	0.00379	0.00189	0.00474	0.00331	0.00379	0.00663
27	0.00996	0.00672	0.00833	0.00838	0.00934	0.00669	0.00588	0.04484	0.01238	0.04445	0.09592	0.19892	0.06298	0.30208	0.09283	0.00441	0.00604	0.06977	0.00490	0.00517
28	0.06513	0.00986	0.01184	0.02092	0.01339	0.01052	0.00813	0.06716	0.21323	0.15562	0.06174	0.02155	0.01670	0.01507	0.08706	0.19708	0.00625	0.00628	0.00516	0.00731
29	0.09813	0.01064	0.01124	0.00935	0.01254	0.01107	0.00739	0.21389	0.05615	0.02629	0.01542	0.01739	0.01203	0.00805	0.00672	0.07818	0.00471	0.00514	0.27091	0.12476
30	0.00850	0.00699	0.00790	0.00786	0.00979	0.00675	0.00602	0.01185	0.08665	0.01731	0.06707	0.07308	0.46027	0.02045	0.14543	0.00354	0.00585	0.04366	0.00533	0.00572
31	0.01022	0.00667	0.00810	0.00769	0.00966	0.00590	0.00586	0.01240	0.01552	0.10337	0.32164	0.10267	0.31338	0.01375	0.00719	0.00205	0.00339	0.03822	0.00631	0.00601
32	0.21380	0.01044	0.01089	0.00943	0.01251	0.01115	0.00747	0.12492	0.10286	0.10776	0.16340	0.04843	0.02237	0.01922	0.00596	0.00193	0.00447	0.00680	0.10858	0.00760
33	0.01494	0.01411	0.08692	0.02291	0.33833	0.01255	0.01412	0.12254	0.01713	0.05901	0.20893	0.02335	0.02278	0.00777	0.00636	0.00186	0.00608	0.00692	0.00466	0.00872
34	0.26262	0.02048	0.34584	0.01284	0.01872	0.01329	0.01422	0.08359	0.01356	0.02309	0.01480	0.01859	0.05086	0.04344	0.00661	0.00215	0.00688	0.03696	0.00365	0.00781
35	0.04909	0.00663	0.00815	0.00811	0.00969	0.00614	0.00590	0.01230	0.01419	0.10154	0.24070	0.30930	0.15059	0.03927	0.00792	0.00227	0.00361	0.01266	0.00605	0.00589
36	0.01112	0.00680	0.00897	0.00812	0.00999	0.00620	0.00620	0.01394	0.01735	0.11954	0.64939	0.04247	0.05219	0.01187	0.00708	0.00192	0.00319	0.01043	0.00685	0.00638
37	0.07119	0.05133	0.28515	0.01639	0.02278	0.06580	0.11471	0.22735	0.01807	0.05178	0.01239	0.01379	0.00896	0.00624	0.00589	0.00187	0.00816	0.00508	0.00400	0.00905
38	0.00833	0.00627	0.00780	0.00864	0.00958	0.00607	0.00604	0.01118	0.08114	0.01754	0.10186	0.55967	0.10715	0.01714	0.00756	0.00236	0.00360	0.02672	0.00583	0.00552
39	0.01200	0.00738	0.00894	0.00842	0.01028	0.00695	0.00622	0.05327	0.02834	0.12807	0.16556	0.19552	0.16917	0.12196	0.01045	0.00264	0.00417	0.03118	0.02327	0.00622
40	0.09289	0.01553	0.01368	0.01203	0.01541	0.15092	0.00939	0.13613	0.31570	0.02525	0.06075	0.02120	0.05115	0.00807	0.00587	0.00189	0.00598	0.00628	0.04347	0.00842
41	0.22801	0.00756	0.00788	0.00838	0.01010	0.00779	0.00626	0.01206	0.02897	0.01943	0.03110	0.37575	0.14149	0.01451	0.00666	0.00228	0.00402	0.07693	0.00518	0.00562
42	0.06346	0.00674	0.00783	0.00840	0.00927	0.00685	0.00568	0.01176	0.08478	0.01676	0.04429	0.45027	0.04254	0.19738	0.01286	0.00320	0.00430	0.01318	0.00517	0.00529
43	0.00943	0.00664	0.00756	0.00739	0.00792	0.00676	0.00459	0.01147	0.07800	0.01499	0.12083	0.05319	0.02720	0.59047	0.02506	0.00495	0.00536	0.00918	0.00440	0.00458

[dist]
# distance from previous block
# <min> <max>
0	1

[block]
# block no. 1 follows, 37 sequences, length 20
# corresponding to MSA columns:
# 538-557
name=unknown_B
#
# <colnr> <probs for GDERKNQSTAVLIFYWHMCP>
#	G	D	E	R	K	N	Q	S	T	A	V	L	I	F	Y	W	H	M	C	P
0	0.15640	0.00695	0.00796	0.00804	0.00954	0.00694	0.00590	0.01168	0.01416	0.02203	0.36845	0.29008	0.04262	0.01355	0.00680	0.00211	0.00345	0.01183	0.00584	0.00566
1	0.04974	0.00788	0.00949	0.00870	0.01055	0.00800	0.00654	0.07413	0.05196	0.09554	0.16296	0.07715	0.02459	0.04634	0.03699	0.15983	0.00479	0.01936	0.13935	0.00612
2	0.00986	0.00594	0.00781	0.00861	0.00949	0.00552	0.00597	0.01116	0.01233	0.09181	0.03138	0.61340	0.03564	0.04659	0.00835	0.00251	0.00383	0.03247	0.05179	0.00554
3	0.11324	0.01553	0.01635	0.01284	0.01727	0.01716	0.01053	0.58050	0.02551	0.03582	0.06350	0.03470	0.01389	0.00779	0.00597	0.00187	0.00617	0.00592	0.00589	0.00954
4	0.01781	0.01350	0.01513	0.05880	0.01752	0.01481	0.01021	0.42302	0.10431	0.03125	0.12646	0.06857	0.05297	0.00922	0.00645	0.00194	0.00569	0.00754	0.00597	0.00886
5	0.01027	0.00660	0.00772	0.00755	0.00827	0.00652	0.00480	0.01177	0.05188	0.06377	0.06690	0.12628	0.05147	0.52398	0.02300	0.00466	0.00526	0.00988	0.00460	0.00483
6	0.06347	0.00611	0.00770	0.00853	0.00944	0.00588	0.00602	0.01035	0.01280	0.03553	0.14956	0.55861	0.04025	0.01679	0.00743	0.00235	0.00365	0.04439	0.00577	0.00537
7	0.00834	0.00593	0.00749	0.00846	0.00927	0.00563	0.00615	0.00979	0.01219	0.01613	0.03450	0.39016	0.12734	0.12547	0.01102	0.00295	0.00427	0.16998	0.03993	0.00500
8	0.41098	0.01007	0.01016	0.00875	0.01195	0.01062	0.03152	0.02931	0.01269	0.12582	0.07577	0.02428	0.10874	0.09618	0.00810	0.00238	0.00482	0.00636	0.00480	0.00670
9	0.06141	0.00646	0.00734	0.00713	0.00843	0.00670	0.00518	0.01319	0.01132	0.05145	0.01808	0.02510	0.01593	0.16036	0.14120	0.05899	0.00615	0.00630	0.38394	0.00535
10	0.00833	0.00621	0.00776	0.00759	0.00908	0.00564	0.00570	0.01081	0.01611	0.02202	0.52549	0.10229	0.19625	0.01377	0.00731	0.00203	0.00308	0.03852	0.00640	0.00559
11	0.01557	0.48659	0.05699	0.01674	0.05494	0.02071	0.23416	0.01878	0.01315	0.01645	0.00994	0.01226	0.00838	0.00524	0.00512	0.00159	0.00784	0.00465	0.00279	0.00811
12	0.01063	0.00532	0.00797	0.00797	0.00797	0.00532	0.00532	0.00797	0.00797	0.01063	0.01063	0.01861	0.01063	0.02127	0.02392	0.82190	0.00532	0.00532	0.00266	0.00266
13	0.12737	0.03619	0.05976	0.08179	0.11362	0.04965	0.03772	0.21012	0.04879	0.06703	0.01307	0.01482	0.00990	0.00790	0.03234	0.00213	0.03509	0.00512	0.00433	0.04327
14	0.12392	0.01653	0.16090	0.05331	0.25928	0.01325	0.01490	0.04547	0.01374	0.08507	0.01200	0.01415	0.00920	0.00588	0.00597	0.00177	0.03222	0.00479	0.00362	0.12405
15	0.00758	0.00547	0.00718	0.00832	0.00888	0.00507	0.00565	0.00888	0.01246	0.01668	0.11557	0.66456	0.07451	0.01825	0.00772	0.00240	0.00346	0.01648	0.00580	0.00507
16	0.01542	0.01097	0.01190	0.07195	0.01528	0.09361	0.00853	0.07078	0.01517	0.17074	0.02653	0.23505	0.10359	0.01194	0.00723	0.03043	0.00550	0.02818	0.00534	0.06188
17	0.03058	0.06834	0.26215	0.05241	0.06444	0.10943	0.01541	0.05737	0.17835	0.04019	0.01417	0.01531	0.01072	0.00678	0.00653	0.00192	0.04818	0.00513	0.00385	0.00874
18	0.01132	0.00579	0.00596	0.00605	0.00747	0.00579	0.00462	0.01417	0.01291	0.02254	0.02073	0.02567	0.01689	0.00773	0.00454	0.00151	0.00302	0.04877	0.76881	0.00570
19	0.01640	0.01623	0.01847	0.09497	0.13057	0.16019	0.03776	0.08240	0.07297	0.03416	0.04304	0.01594	0.01172	0.00737	0.00869	0.00192	0.15774	0.00541	0.00379	0.08027

[dist]
# distance from previous block
# <min> <max>
9	41

[block]
# block no. 2 follows, 37 sequences, length 6
# corresponding to MSA columns:
# 600-605
name=unknown_C
#
# <colnr> <probs for GDERKNQSTAVLIFYWHMCP>
#	G	D	E	R	K	N	Q	S	T	A	V	L	I	F	Y	W	H	M	C	P
0	0.09652	0.23670	0.06986	0.01456	0.05202	0.06005	0.04814	0.11202	0.01476	0.08445	0.01116	0.01294	0.00890	0.00685	0.00778	0.00185	0.14486	0.00462	0.00371	0.00823
1	0.00879	0.00638	0.00896	0.00896	0.00975	0.00717	0.00655	0.01037	0.00958	0.01356	0.01720	0.02851	0.01724	0.25177	0.55740	0.00875	0.01348	0.00721	0.00340	0.00498
2	0.00910	0.00630	0.00758	0.00752	0.00918	0.00558	0.00554	0.01103	0.01479	0.06778	0.27544	0.21390	0.31407	0.01482	0.00729	0.00210	0.00327	0.01287	0.00615	0.00567
3	0.01401	0.01166	0.01483	0.12052	0.08968	0.01300	0.01110	0.14482	0.19036	0.02370	0.10383	0.06934	0.07504	0.00971	0.00727	0.00207	0.04515	0.04071	0.00518	0.00802
4	0.01251	0.05435	0.10377	0.04096	0.05302	0.01070	0.06497	0.01720	0.11356	0.01909	0.01593	0.02027	0.01326	0.07662	0.00986	0.10129	0.00575	0.00582	0.21336	0.04772
5	0.01460	0.15291	0.08722	0.17707	0.11158	0.08724	0.03564	0.05589	0.01371	0.01769	0.01192	0.04718	0.01052	0.04569	0.00756	0.00198	0.04434	0.00543	0.00321	0.06864

[dist]
# distance from previous block
# <min> <max>
2	9

[block]
# block no. 3 follows, 37 sequences, length 28
# corresponding to MSA columns:
# 615-642
name=unknown_D
#
# <colnr> <probs for GDERKNQSTAVLIFYWHMCP>
#	G	D	E	R	K	N	Q	S	T	A	V	L	I	F	Y	W	H	M	C	P
0	0.00853	0.00601	0.00794	0.02076	0.00951	0.00569	0.01595	0.00931	0.01153	0.01521	0.06909	0.35738	0.11944	0.14116	0.01357	0.11288	0.00438	0.04872	0.00489	0.01803
1	0.01149	0.00776	0.00999	0.06431	0.01244	0.00816	0.00715	0.09728	0.03855	0.03133	0.04477	0.20635	0.02228	0.15530	0.04540	0.20003	0.00573	0.02193	0.00443	0.00531
2	0.12997	0.01488	0.01461	0.04261	0.07396	0.14939	0.01028	0.10250	0.09264	0.06020	0.06600	0.05245	0.01577	0.06775	0.00906	0.00226	0.07735	0.00626	0.00449	0.00758
3	0.07937	0.00759	0.00873	0.00891	0.01035	0.00785	0.00639	0.01476	0.13146	0.04829	0.07936	0.35549	0.03077	0.11742	0.01013	0.00274	0.00425	0.03562	0.03446	0.00605
4	0.00879	0.00642	0.00779	0.00782	0.00912	0.00609	0.00562	0.01121	0.06538	0.01862	0.26087	0.19026	0.21649	0.04461	0.01026	0.10442	0.00363	0.01170	0.00560	0.00528
5	0.12492	0.00892	0.00962	0.00875	0.01123	0.00919	0.00685	0.08861	0.09285	0.02461	0.31872	0.03876	0.18278	0.01138	0.00658	0.00199	0.00391	0.03773	0.00595	0.00666
6	0.05819	0.00905	0.01215	0.01056	0.01321	0.00875	0.06219	0.08042	0.02621	0.16639	0.13383	0.21277	0.08703	0.05226	0.00815	0.00231	0.00485	0.03876	0.00586	0.00706
7	0.07123	0.00631	0.00714	0.00748	0.00826	0.00620	0.00496	0.00980	0.01119	0.01581	0.08060	0.24944	0.11421	0.33694	0.01716	0.00380	0.00461	0.03540	0.00479	0.00468
8	0.00874	0.00656	0.00984	0.00984	0.01093	0.00765	0.00765	0.01093	0.00984	0.01421	0.01640	0.02405	0.01530	0.04591	0.76062	0.00984	0.01640	0.00656	0.00328	0.00547
9	0.01115	0.00701	0.00813	0.00796	0.00917	0.00693	0.00550	0.02538	0.06735	0.07835	0.02670	0.15743	0.08531	0.33349	0.01680	0.00369	0.00481	0.04189	0.09745	0.00549
10	0.01128	0.00741	0.00894	0.00871	0.01049	0.00721	0.00650	0.01515	0.10872	0.09691	0.17474	0.19625	0.13615	0.08791	0.00939	0.00251	0.00406	0.06306	0.03832	0.00631
11	0.00842	0.00622	0.00803	0.00905	0.01005	0.00597	0.00677	0.01075	0.04173	0.01741	0.08607	0.44631	0.11427	0.01732	0.00781	0.00247	0.00402	0.18614	0.00577	0.00540
12	0.00905	0.00599	0.00695	0.00691	0.00720	0.00603	0.00419	0.00963	0.00990	0.01379	0.07475	0.03813	0.02402	0.61773	0.07879	0.00558	0.00622	0.00867	0.06236	0.00413
13	0.01015	0.00733	0.00872	0.00882	0.00990	0.00739	0.00610	0.10039	0.03946	0.01867	0.07847	0.41407	0.05238	0.19370	0.01288	0.00314	0.00449	0.01299	0.00538	0.00560
14	0.08244	0.00879	0.01046	0.00925	0.01181	0.00864	0.00716	0.09938	0.01639	0.19067	0.20897	0.14031	0.04407	0.05919	0.00803	0.00224	0.00440	0.03217	0.04844	0.00719
15	0.00867	0.00642	0.00938	0.00948	0.01043	0.00732	0.00718	0.01059	0.00989	0.01411	0.01786	0.07873	0.01767	0.10666	0.64574	0.00899	0.01460	0.00752	0.00348	0.00528
16	0.21446	0.00860	0.00953	0.00885	0.01068	0.00927	0.00657	0.06420	0.06681	0.05138	0.01412	0.07144	0.01279	0.01412	0.01361	0.37096	0.00501	0.00588	0.03636	0.00535
17	0.06883	0.00742	0.00898	0.00874	0.01050	0.00719	0.00654	0.04993	0.01471	0.09938	0.21235	0.26453	0.08552	0.06587	0.00869	0.00243	0.00409	0.06226	0.00591	0.00614
18	0.01339	0.00900	0.01019	0.00919	0.01085	0.00947	0.00644	0.11666	0.13249	0.07523	0.02065	0.08442	0.02030	0.40202	0.01959	0.03504	0.00562	0.00835	0.00487	0.00622
19	0.01493	0.01288	0.01680	0.46254	0.03148	0.07100	0.01402	0.10956	0.07572	0.05230	0.01368	0.01692	0.01017	0.00661	0.00595	0.00193	0.00740	0.00551	0.06298	0.00761
20	0.01572	0.00872	0.01092	0.00972	0.01245	0.00834	0.00759	0.04764	0.10336	0.25222	0.20118	0.15454	0.08638	0.01175	0.00687	0.00207	0.00426	0.04193	0.00662	0.00772
21	0.01176	0.00775	0.01018	0.00955	0.01062	0.00828	0.00715	0.04114	0.01252	0.07808	0.12342	0.12767	0.07854	0.11140	0.01554	0.17361	0.11396	0.04869	0.00470	0.00542
22	0.01956	0.01423	0.02333	0.01913	0.08537	0.01396	0.25618	0.19205	0.01861	0.20823	0.01737	0.02108	0.01306	0.00722	0.00668	0.00200	0.00754	0.06001	0.00514	0.00924
23	0.00958	0.00737	0.00818	0.00826	0.00875	0.04125	0.00552	0.01021	0.01081	0.01435	0.04912	0.22361	0.07637	0.34538	0.01922	0.04644	0.06014	0.01060	0.04023	0.00461
24	0.04348	0.00672	0.00831	0.00790	0.00946	0.00637	0.00577	0.01220	0.01328	0.09647	0.21825	0.09498	0.17261	0.10737	0.06970	0.10154	0.00499	0.00979	0.00531	0.00549
25	0.16305	0.01399	0.05209	0.08492	0.10843	0.01436	0.09813	0.14907	0.01524	0.03762	0.01324	0.06934	0.01131	0.00868	0.03167	0.00225	0.07774	0.00607	0.00398	0.03882
26	0.13446	0.01711	0.01460	0.01274	0.01644	0.18950	0.00998	0.12223	0.33145	0.06285	0.01754	0.01704	0.01314	0.00730	0.00570	0.00189	0.00655	0.00548	0.00522	0.00878
27	0.01166	0.00680	0.00866	0.00851	0.01012	0.00624	0.00615	0.01373	0.03391	0.15227	0.16874	0.34344	0.11547	0.07388	0.00908	0.00248	0.00390	0.01269	0.00609	0.00618

[dist]
# distance from previous block
# <min> <max>
0	4

[block]
# block no. 4 follows, 37 sequences, length 11
# corresponding to MSA columns:
# 647-657
name=unknown_E
#
# <colnr> <probs for GDERKNQSTAVLIFYWHMCP>
#	G	D	E	R	K	N	Q	S	T	A	V	L	I	F	Y	W	H	M	C	P
0	0.07372	0.01276	0.01880	0.36291	0.12241	0.07162	0.08784	0.01674	0.01284	0.01763	0.01251	0.01849	0.01037	0.00988	0.07147	0.00266	0.00870	0.03668	0.02483	0.00714
1	0.08045	0.35459	0.04365	0.06240	0.01964	0.09212	0.11109	0.01929	0.01325	0.07402	0.01118	0.01331	0.00911	0.00865	0.06128	0.00223	0.00818	0.00454	0.00327	0.00772
2	0.02239	0.01217	0.01395	0.01146	0.01541	0.05928	0.00916	0.10183	0.12776	0.42446	0.05100	0.08671	0.01856	0.00878	0.00631	0.00195	0.00546	0.00723	0.00673	0.00944
3	0.00952	0.00771	0.01129	0.20205	0.05642	0.00832	0.00924	0.01128	0.01181	0.01543	0.04567	0.20035	0.15585	0.05348	0.07103	0.08791	0.02302	0.00994	0.00415	0.00552
4	0.09751	0.21771	0.26541	0.01564	0.07576	0.01601	0.06742	0.01870	0.05277	0.01937	0.04516	0.05777	0.01263	0.00677	0.00545	0.00181	0.00710	0.00551	0.00335	0.00814
5	0.01335	0.00852	0.01054	0.01027	0.01264	0.00845	0.00859	0.08653	0.05088	0.11253	0.06231	0.04949	0.13066	0.01326	0.00729	0.00232	0.00497	0.33394	0.06660	0.00685
6	0.04847	0.03467	0.07398	0.16825	0.24915	0.03388	0.02973	0.06011	0.01373	0.04970	0.01201	0.01547	0.00957	0.00714	0.00791	0.03871	0.07804	0.00527	0.05620	0.00803
7	0.05896	0.07823	0.03085	0.12086	0.04381	0.02406	0.04446	0.03833	0.12103	0.05695	0.10260	0.04977	0.01963	0.05440	0.03464	0.04773	0.00628	0.03796	0.02234	0.00712
8	0.00869	0.00603	0.00696	0.00693	0.00732	0.00598	0.00424	0.00920	0.01000	0.01328	0.06474	0.04118	0.10252	0.59905	0.08454	0.00559	0.00628	0.00928	0.00406	0.00412
9	0.00864	0.00623	0.00857	0.00881	0.00961	0.00665	0.00643	0.01028	0.01090	0.01517	0.09274	0.14777	0.02598	0.19817	0.37012	0.00669	0.01022	0.04777	0.00421	0.00505
10	0.06651	0.01880	0.23781	0.05264	0.08948	0.07783	0.01477	0.02994	0.05846	0.03578	0.06832	0.04016	0.02786	0.00843	0.00768	0.00207	0.09091	0.06087	0.00384	0.00784

[dist]
# distance from previous block
# <min> <max>
0	1

[block]
# block no. 5 follows, 37 sequences, length 8
# corresponding to MSA columns:
# 659-662,673-676
name=unknown_F
#
# <colnr> <probs for GDERKNQSTAVLIFYWHMCP>
#	G	D	E	R	K	N	Q	S	T	A	V	L	I	F	Y	W	H	M	C	P
0	0.01220	0.01277	0.07072	0.28100	0.26626	0.01229	0.04251	0.01605	0.01385	0.01897	0.13124	0.02283	0.05860	0.00740	0.00636	0.00194	0.00688	0.00678	0.00364	0.00771
1	0.00743	0.00543	0.00700	0.00825	0.00881	0.00500	0.00556	0.00855	0.01199	0.01573	0.03711	0.69474	0.12445	0.01874	0.00774	0.00244	0.00350	0.01687	0.00568	0.00500
2	0.37798	0.01204	0.01339	0.24381	0.02178	0.04359	0.01085	0.01667	0.01124	0.02105	0.01036	0.03476	0.00864	0.00698	0.00697	0.00203	0.11279	0.00477	0.03367	0.00663
3	0.00763	0.00615	0.00663	0.00661	0.00833	0.00533	0.00483	0.00927	0.01406	0.01756	0.17845	0.08887	0.53367	0.07449	0.00910	0.00236	0.00330	0.01249	0.00572	0.00515
4	0.07212	0.34163	0.10942	0.01122	0.01649	0.01777	0.01095	0.14364	0.01533	0.02160	0.01111	0.01246	0.00898	0.00576	0.00464	0.00147	0.00620	0.00406	0.06642	0.11874
5	0.12918	0.13791	0.32148	0.01356	0.01964	0.01503	0.01485	0.02116	0.03879	0.15900	0.01306	0.01393	0.00943	0.00648	0.00633	0.00189	0.06115	0.00462	0.00384	0.00865
6	0.01286	0.01240	0.02130	0.47598	0.24463	0.01424	0.05861	0.01674	0.01272	0.01709	0.01101	0.01584	0.00867	0.00610	0.00688	0.00201	0.04685	0.00554	0.00283	0.00772
7	0.06205	0.10612	0.02788	0.06770	0.19731	0.04855	0.29194	0.06890	0.01474	0.02032	0.01134	0.01458	0.00899	0.00567	0.00648	0.00189	0.02816	0.00570	0.00325	0.00844

[dist]
# distance from previous block
# <min> <max>
0	2

[block]
# block no. 6 follows, 37 sequences, length 7
# corresponding to MSA columns:
# 679-685
name=unknown_G
#
# <colnr> <probs for GDERKNQSTAVLIFYWHMCP>
#	G	D	E	R	K	N	Q	S	T	A	V	L	I	F	Y	W	H	M	C	P
0	0.13634	0.00982	0.00990	0.00921	0.01140	0.06462	0.00709	0.08135	0.01514	0.02201	0.22900	0.09815	0.12247	0.01724	0.13616	0.00332	0.00656	0.00885	0.00513	0.00625
1	0.30504	0.01402	0.02313	0.09474	0.12306	0.01454	0.30187	0.01853	0.01272	0.02208	0.01074	0.01396	0.00828	0.00548	0.00573	0.00197	0.00770	0.00541	0.00330	0.00773
2	0.01915	0.01340	0.01546	0.08590	0.01916	0.01483	0.01075	0.20143	0.35671	0.16384	0.02089	0.01982	0.01496	0.00772	0.00618	0.00198	0.00570	0.00629	0.00612	0.00972
3	0.00850	0.00632	0.00802	0.00832	0.00975	0.00585	0.00648	0.01087	0.01518	0.02032	0.34765	0.14215	0.19614	0.01497	0.00758	0.00223	0.00365	0.17436	0.00613	0.00552
4	0.09708	0.12696	0.14801	0.01492	0.09508	0.01510	0.01259	0.11745	0.11849	0.09924	0.08221	0.01793	0.01518	0.00705	0.00564	0.00183	0.00619	0.00558	0.00466	0.00882
5	0.01063	0.00532	0.00797	0.00797	0.00797	0.00532	0.00532	0.00797	0.00797	0.01063	0.01063	0.01861	0.01063	0.02127	0.02392	0.82190	0.00532	0.00532	0.00266	0.00266
6	0.05936	0.32418	0.07550	0.01178	0.01655	0.10456	0.01088	0.06336	0.01436	0.10595	0.01163	0.01286	0.00928	0.00777	0.03894	0.00191	0.03454	0.00418	0.00368	0.08873

[dist]
# distance from previous block
# <min> <max>
0	1

[block]
# block no. 7 follows, 37 sequences, length 13
# corresponding to MSA columns:
# 687-699
name=unknown_H
#
# <colnr> <probs for GDERKNQSTAVLIFYWHMCP>
#	G	D	E	R	K	N	Q	S	T	A	V	L	I	F	Y	W	H	M	C	P
0	0.01445	0.19560	0.41795	0.01862	0.13431	0.01637	0.01832	0.01944	0.01309	0.05603	0.01110	0.01300	0.00847	0.00588	0.00592	0.00180	0.03335	0.00450	0.00292	0.00887
1	0.00842	0.00625	0.00785	0.00745	0.00900	0.00567	0.00559	0.01108	0.01676	0.02320	0.62846	0.04795	0.17360	0.01302	0.00722	0.00195	0.00292	0.01138	0.00656	0.00567
2	0.00899	0.01000	0.12292	0.00937	0.01177	0.00692	0.00836	0.01217	0.01555	0.02200	0.49153	0.18456	0.04666	0.01278	0.00712	0.00204	0.00397	0.01130	0.00589	0.00612
3	0.05227	0.18645	0.14374	0.05254	0.02000	0.05531	0.03853	0.13078	0.12186	0.11878	0.01466	0.01510	0.01080	0.00653	0.00552	0.00179	0.00695	0.00503	0.00443	0.00892
4	0.01477	0.01422	0.02235	0.36907	0.20651	0.07959	0.12627	0.01859	0.01374	0.05887	0.01189	0.01586	0.00908	0.00591	0.00623	0.00194	0.00837	0.00563	0.00317	0.00795
5	0.00833	0.00612	0.00789	0.00832	0.00953	0.00568	0.00627	0.01052	0.01477	0.01996	0.33703	0.25881	0.13935	0.01551	0.00759	0.00225	0.00355	0.12695	0.00612	0.00545
6	0.00972	0.00737	0.00976	0.03668	0.01194	0.00721	0.03775	0.06481	0.01424	0.01906	0.10778	0.31883	0.14930	0.05581	0.00857	0.00244	0.00441	0.08106	0.04753	0.00574
7	0.14763	0.19584	0.11959	0.07944	0.02007	0.04564	0.06852	0.04796	0.01413	0.14044	0.03978	0.01507	0.01111	0.00712	0.02162	0.00195	0.00708	0.00491	0.00399	0.00812
8	0.05738	0.00739	0.01062	0.01010	0.01184	0.00698	0.06935	0.01324	0.01290	0.11125	0.05412	0.49602	0.03158	0.01466	0.00707	0.00225	0.00436	0.01327	0.05951	0.00613
9	0.01291	0.01179	0.02003	0.01575	0.01923	0.01169	0.26833	0.12414	0.01632	0.02206	0.13044	0.17212	0.07540	0.01060	0.00771	0.00214	0.03683	0.03042	0.00485	0.00723
10	0.14062	0.01615	0.06608	0.17787	0.06762	0.13374	0.06177	0.01881	0.04443	0.01943	0.01097	0.01367	0.00866	0.00585	0.00575	0.00171	0.02675	0.00463	0.00333	0.17216
11	0.13268	0.04518	0.01670	0.01344	0.03903	0.02955	0.06232	0.21770	0.17590	0.07889	0.01715	0.06677	0.01368	0.00763	0.00581	0.00188	0.00594	0.00623	0.00522	0.05831
12	0.35487	0.01179	0.01134	0.03674	0.01418	0.04315	0.00790	0.09335	0.01486	0.16658	0.03763	0.02130	0.12385	0.00791	0.00528	0.00188	0.00513	0.00587	0.00506	0.03132

[dist]
# distance from previous block
# <min> <max>
5	101

[block]
# block no. 8 follows, 37 sequences, length 19
# corresponding to MSA columns:
# 801-819
name=unknown_I
#
# <colnr> <probs for GDERKNQSTAVLIFYWHMCP>
#	G	D	E	R	K	N	Q	S	T	A	V	L	I	F	Y	W	H	M	C	P
0	0.04935	0.28612	0.02091	0.01195	0.01628	0.03905	0.01023	0.14448	0.31404	0.02367	0.01636	0.01606	0.01272	0.00691	0.00529	0.00175	0.00592	0.00518	0.00477	0.00898
1	0.01547	0.01348	0.10920	0.01081	0.01625	0.00952	0.00984	0.01863	0.01347	0.16330	0.01353	0.01463	0.01021	0.00657	0.02441	0.00153	0.03597	0.00438	0.00422	0.50459
2	0.01098	0.01038	0.06913	0.01243	0.04446	0.01012	0.00961	0.06671	0.01233	0.01716	0.02164	0.38511	0.02424	0.01508	0.01177	0.09098	0.16631	0.01113	0.00440	0.00603
3	0.01534	0.41787	0.02552	0.01389	0.07268	0.01850	0.06391	0.04778	0.01402	0.04712	0.11149	0.03759	0.01626	0.00724	0.00633	0.00167	0.06574	0.00557	0.00369	0.00779
4	0.00966	0.00650	0.00761	0.00727	0.00891	0.00584	0.00528	0.01137	0.01417	0.07639	0.24693	0.06375	0.31168	0.16710	0.01194	0.00281	0.00384	0.02770	0.00575	0.00548
5	0.02338	0.01087	0.01485	0.12877	0.01969	0.01049	0.01030	0.07256	0.04820	0.52764	0.05272	0.02090	0.01576	0.00758	0.00620	0.00192	0.00565	0.00625	0.00663	0.00962
6	0.01371	0.01164	0.02054	0.31234	0.04357	0.01238	0.19554	0.01831	0.06309	0.09691	0.01722	0.13585	0.01497	0.00819	0.00668	0.00210	0.00744	0.00793	0.00405	0.00754
7	0.01156	0.01088	0.01836	0.77016	0.04216	0.01360	0.01700	0.01564	0.01224	0.01564	0.01088	0.01632	0.00816	0.00612	0.00612	0.00204	0.00816	0.00544	0.00272	0.00680
8	0.00751	0.00607	0.00668	0.00681	0.00851	0.00524	0.00500	0.00921	0.01418	0.01775	0.17268	0.16864	0.51918	0.01557	0.00732	0.00211	0.00313	0.01330	0.00586	0.00524
9	0.10049	0.01029	0.01100	0.01128	0.01339	0.06539	0.00934	0.07056	0.07077	0.02091	0.02630	0.12604	0.02744	0.01374	0.00731	0.00246	0.00575	0.39573	0.00534	0.00647
10	0.01156	0.01088	0.01836	0.77016	0.04216	0.01360	0.01700	0.01564	0.01224	0.01564	0.01088	0.01632	0.00816	0.00612	0.00612	0.00204	0.00816	0.00544	0.00272	0.00680
11	0.01447	0.01377	0.01994	0.27971	0.31518	0.07165	0.01588	0.07217	0.01433	0.01894	0.01191	0.01615	0.00970	0.01027	0.08761	0.00274	0.00881	0.00546	0.00320	0.00811
12	0.01373	0.20585	0.38952	0.07595	0.10219	0.01665	0.01789	0.01980	0.06890	0.01846	0.01153	0.01346	0.00887	0.00586	0.00545	0.00180	0.00787	0.00459	0.00293	0.00871
13	0.02201	0.10882	0.01848	0.01462	0.01813	0.57622	0.01133	0.02471	0.06346	0.07060	0.01146	0.01240	0.00913	0.00642	0.00544	0.00160	0.00972	0.00423	0.00363	0.00759
14	0.00920	0.00678	0.00904	0.00889	0.00987	0.00746	0.00648	0.01183	0.05750	0.01541	0.09635	0.03078	0.02205	0.24617	0.42654	0.00739	0.01127	0.00772	0.00396	0.00528
15	0.00847	0.00613	0.00822	0.00953	0.01046	0.00587	0.00739	0.01032	0.01290	0.01685	0.03528	0.42266	0.09082	0.01793	0.00804	0.00260	0.00441	0.31119	0.00566	0.00527
16	0.01102	0.00844	0.00898	0.00815	0.01061	0.00834	0.00630	0.11449	0.09188	0.02253	0.15130	0.04292	0.37989	0.01223	0.00665	0.00194	0.00374	0.01017	0.09387	0.00654
17	0.08581	0.01048	0.01353	0.01066	0.01505	0.00952	0.00872	0.05741	0.01710	0.61861	0.02320	0.06910	0.01596	0.00818	0.00609	0.00193	0.00513	0.00665	0.00711	0.00978
18	0.00966	0.00663	0.00772	0.00773	0.00855	0.00657	0.00519	0.05623	0.01243	0.01701	0.10298	0.18302	0.06778	0.37277	0.01824	0.00390	0.00481	0.04078	0.06310	0.00492

[dist]
# distance from previous block
# <min> <max>
12	40

[block]
# block no. 9 follows, 37 sequences, length 21
# corresponding to MSA columns:
# 1024-1044
name=unknown_J
#
# <colnr> <probs for GDERKNQSTAVLIFYWHMCP>
#	G	D	E	R	K	N	Q	S	T	A	V	L	I	F	Y	W	H	M	C	P
0	0.01262	0.10345	0.01374	0.01048	0.03685	0.01041	0.02574	0.06964	0.06629	0.06196	0.30737	0.03221	0.09800	0.01280	0.04321	0.06964	0.00508	0.00833	0.00539	0.00678
1	0.01031	0.00997	0.06933	0.01403	0.10209	0.00849	0.05948	0.01265	0.01230	0.01655	0.03870	0.09166	0.09669	0.17134	0.06701	0.03432	0.00679	0.16804	0.00426	0.00597
2	0.10893	0.00661	0.00759	0.00759	0.00845	0.00701	0.00519	0.01090	0.00987	0.01571	0.01772	0.08977	0.01843	0.30898	0.15212	0.10062	0.00701	0.00768	0.10519	0.00461
3	0.18492	0.01428	0.01447	0.01174	0.01584	0.01597	0.00956	0.40556	0.12718	0.03276	0.01549	0.01577	0.01141	0.00713	0.00547	0.00184	0.00564	0.00529	0.09065	0.00904
4	0.01259	0.01103	0.01730	0.28918	0.22818	0.01207	0.01441	0.06754	0.01418	0.01896	0.01838	0.11754	0.03244	0.00940	0.00668	0.00213	0.00677	0.10987	0.00391	0.00745
5	0.02294	0.02167	0.01702	0.01436	0.01830	0.36676	0.01125	0.25502	0.07892	0.11308	0.01420	0.01438	0.01046	0.00696	0.00585	0.00174	0.00843	0.00496	0.00491	0.00879
6	0.01027	0.00762	0.00959	0.01026	0.01178	0.00770	0.00819	0.06722	0.06495	0.01936	0.03338	0.29423	0.09191	0.01620	0.00781	0.00252	0.00477	0.32048	0.00573	0.00603
7	0.01383	0.03130	0.64510	0.01720	0.02538	0.12378	0.02103	0.02013	0.01357	0.01874	0.01076	0.01265	0.00777	0.00589	0.00577	0.00189	0.00934	0.00444	0.00267	0.00876
8	0.01273	0.00641	0.00834	0.00789	0.00885	0.00614	0.00536	0.01256	0.01062	0.13751	0.01842	0.08891	0.01803	0.26326	0.02020	0.28130	0.00514	0.00764	0.07591	0.00476
9	0.02098	0.01772	0.01466	0.01255	0.01598	0.30192	0.00976	0.10357	0.04105	0.21271	0.16402	0.02146	0.02058	0.00809	0.00612	0.00178	0.00717	0.00625	0.00548	0.00816
10	0.00766	0.00568	0.00710	0.00787	0.00875	0.00518	0.00545	0.00912	0.01310	0.01731	0.16542	0.48872	0.18456	0.03405	0.00810	0.00238	0.00339	0.01519	0.00583	0.00513
11	0.01455	0.07824	0.01770	0.10570	0.01917	0.18405	0.07530	0.03033	0.01254	0.01509	0.01131	0.01610	0.00998	0.01663	0.15916	0.12389	0.09570	0.00528	0.00301	0.00628
12	0.00938	0.10169	0.01162	0.00886	0.01058	0.00839	0.03965	0.01095	0.01227	0.01580	0.08151	0.20562	0.19156	0.16165	0.06941	0.00342	0.00561	0.04193	0.00470	0.00541
13	0.01273	0.00609	0.00640	0.00613	0.00783	0.00598	0.00467	0.01554	0.01322	0.08267	0.02031	0.02266	0.01565	0.00717	0.00443	0.00146	0.00305	0.00574	0.75217	0.00609
14	0.00791	0.00590	0.00738	0.00783	0.00898	0.00537	0.00564	0.00977	0.01422	0.01898	0.28244	0.34343	0.20170	0.01600	0.00751	0.00221	0.00330	0.04006	0.00604	0.00531
15	0.00821	0.00868	0.09779	0.00923	0.01077	0.00623	0.00748	0.00999	0.01193	0.01606	0.05349	0.53970	0.08686	0.09167	0.00978	0.00271	0.00440	0.01448	0.00515	0.00538
16	0.11762	0.30807	0.08251	0.01266	0.01750	0.18790	0.01154	0.15897	0.01656	0.02129	0.01015	0.01133	0.00821	0.00600	0.00486	0.00160	0.00759	0.00397	0.00357	0.00813
17	0.11137	0.01146	0.01774	0.01380	0.01733	0.01150	0.19164	0.01526	0.01162	0.01836	0.01254	0.01851	0.01128	0.10950	0.12057	0.00345	0.09034	0.00579	0.00337	0.20458
18	0.00940	0.00646	0.00898	0.01014	0.01118	0.00636	0.00828	0.01119	0.01297	0.01699	0.04970	0.20161	0.04783	0.01774	0.01015	0.10236	0.00507	0.45316	0.00531	0.00514
19	0.00917	0.00905	0.09772	0.00834	0.00954	0.00696	0.00642	0.01026	0.00970	0.01326	0.01941	0.10267	0.02173	0.57743	0.06897	0.00537	0.00671	0.00900	0.00373	0.00458
20	0.01755	0.36933	0.11309	0.01296	0.01796	0.16954	0.01220	0.07712	0.12097	0.01866	0.01190	0.01274	0.00964	0.00614	0.00499	0.00159	0.00752	0.00427	0.00353	0.00832

[dist]
# distance from previous block
# <min> <max>
6	12

[block]
# block no. 10 follows, 37 sequences, length 40
# corresponding to MSA columns:
# 1057-1096
name=unknown_K
#
# <colnr> <probs for GDERKNQSTAVLIFYWHMCP>
#	G	D	E	R	K	N	Q	S	T	A	V	L	I	F	Y	W	H	M	C	P
0	0.10512	0.01056	0.01233	0.00972	0.01377	0.00976	0.00781	0.07018	0.03019	0.16547	0.16008	0.02096	0.01998	0.00734	0.00599	0.00156	0.03090	0.00584	0.00524	0.30721
1	0.04593	0.03491	0.18536	0.01772	0.12241	0.03701	0.05549	0.10509	0.05381	0.18299	0.04008	0.01685	0.01234	0.00696	0.00688	0.00193	0.05488	0.00560	0.00459	0.00916
2	0.01706	0.05030	0.12234	0.01293	0.01735	0.01233	0.04376	0.15038	0.07265	0.17532	0.03665	0.04709	0.05491	0.00976	0.00663	0.00209	0.00621	0.14823	0.00550	0.00850
3	0.00759	0.00543	0.00722	0.00843	0.00891	0.00506	0.00569	0.00886	0.01234	0.01661	0.11163	0.70019	0.04238	0.01845	0.00775	0.00242	0.00348	0.01671	0.00580	0.00506
4	0.10312	0.01661	0.14024	0.16336	0.23964	0.01445	0.15200	0.01919	0.05616	0.02017	0.01195	0.01516	0.00922	0.00577	0.00601	0.00195	0.00788	0.00549	0.00319	0.00844
5	0.01342	0.01290	0.02229	0.38325	0.38142	0.01414	0.04985	0.01734	0.01316	0.01792	0.01125	0.01576	0.00895	0.00576	0.00614	0.00193	0.00783	0.00553	0.00289	0.00826
6	0.01293	0.01232	0.01832	0.65374	0.03846	0.05320	0.01626	0.05839	0.01337	0.01693	0.01091	0.01582	0.00827	0.00640	0.00668	0.00203	0.04063	0.00536	0.00294	0.00703
7	0.00868	0.00570	0.00672	0.00721	0.00748	0.00558	0.00445	0.00936	0.01030	0.01436	0.02433	0.29302	0.02781	0.43610	0.02018	0.00425	0.00478	0.01148	0.09386	0.00436
8	0.01035	0.00877	0.01364	0.01455	0.12552	0.00846	0.08668	0.01341	0.03958	0.01968	0.25347	0.14383	0.08298	0.10331	0.00999	0.00254	0.00506	0.04669	0.00511	0.00638
9	0.01101	0.00741	0.00888	0.00837	0.01031	0.00709	0.00625	0.01488	0.11041	0.09236	0.27706	0.12825	0.20286	0.03996	0.00864	0.03926	0.00372	0.01087	0.00609	0.00630
10	0.01463	0.00717	0.00896	0.00812	0.01021	0.00670	0.00612	0.01675	0.01400	0.22796	0.11000	0.11303	0.04984	0.09730	0.05533	0.00277	0.00479	0.00844	0.23115	0.00672
11	0.61619	0.01222	0.01084	0.00916	0.01321	0.01360	0.00755	0.09903	0.01355	0.13884	0.01159	0.01213	0.00835	0.00616	0.00441	0.00189	0.00503	0.00399	0.00463	0.00763
12	0.00876	0.00631	0.00801	0.00790	0.00941	0.00577	0.00600	0.01124	0.01596	0.03527	0.48591	0.11645	0.17077	0.01393	0.00737	0.00208	0.00327	0.07354	0.00638	0.00567
13	0.01170	0.00671	0.00862	0.00840	0.01018	0.00600	0.00619	0.01354	0.01457	0.16502	0.20163	0.33275	0.16146	0.01467	0.00724	0.00216	0.00365	0.01290	0.00631	0.00628
14	0.01624	0.01810	0.01539	0.01402	0.01603	0.34049	0.04273	0.01815	0.01445	0.01648	0.04638	0.10492	0.01721	0.01000	0.00893	0.00205	0.15302	0.08473	0.05415	0.00653
15	0.00970	0.00597	0.00767	0.00826	0.00895	0.00560	0.00549	0.01065	0.01164	0.08315	0.04190	0.50935	0.03382	0.21203	0.01356	0.00329	0.00430	0.01409	0.00538	0.00517
16	0.00995	0.00628	0.00823	0.00826	0.00957	0.00575	0.00596	0.01195	0.01481	0.09021	0.35318	0.33369	0.06964	0.03365	0.00794	0.00225	0.00345	0.01311	0.00629	0.00583
17	0.00795	0.00561	0.00734	0.00854	0.00896	0.00535	0.00584	0.00904	0.01154	0.01534	0.03136	0.58812	0.03709	0.13741	0.01150	0.00306	0.00415	0.09161	0.00537	0.00485
18	0.01413	0.01102	0.04307	0.01087	0.01392	0.01072	0.00897	0.10825	0.21806	0.09488	0.08420	0.11792	0.12941	0.01164	0.00686	0.00215	0.00485	0.09520	0.00602	0.00785
19	0.01269	0.01088	0.01269	0.00907	0.01451	0.00816	0.00725	0.01541	0.01269	0.01995	0.01088	0.01269	0.00907	0.00453	0.00453	0.00091	0.00453	0.00363	0.00363	0.82229
20	0.00890	0.00593	0.00668	0.00668	0.00668	0.00593	0.00371	0.00890	0.00890	0.01187	0.01929	0.04006	0.02225	0.78487	0.03116	0.00593	0.00593	0.00890	0.00371	0.00371
21	0.00904	0.00712	0.00889	0.00921	0.01016	0.00739	0.00668	0.05359	0.01298	0.01714	0.03565	0.49845	0.18213	0.01675	0.00894	0.00238	0.08818	0.01441	0.00538	0.00554
22	0.01046	0.00620	0.00799	0.00844	0.00955	0.00567	0.00584	0.01164	0.01245	0.12064	0.03341	0.52361	0.10024	0.10121	0.01008	0.00274	0.00401	0.01444	0.00574	0.00563
23	0.05872	0.00620	0.00753	0.00795	0.00886	0.00613	0.00551	0.00993	0.01196	0.01695	0.13961	0.33216	0.09763	0.16479	0.09446	0.00378	0.00534	0.01236	0.00509	0.00503
24	0.01090	0.00657	0.00822	0.00786	0.00863	0.00666	0.00519	0.01166	0.01006	0.09352	0.01916	0.03430	0.01989	0.53125	0.19456	0.00638	0.00824	0.00807	0.00404	0.00485
25	0.01120	0.01002	0.01644	0.34618	0.02743	0.01120	0.09224	0.01576	0.06863	0.01791	0.06167	0.11321	0.02104	0.01018	0.00698	0.00225	0.00682	0.14998	0.00418	0.00669
26	0.01070	0.00761	0.00898	0.00864	0.01042	0.00754	0.00637	0.03225	0.13155	0.05875	0.25623	0.20147	0.13491	0.06085	0.00850	0.00232	0.00378	0.01135	0.03142	0.00637
27	0.01220	0.00948	0.01051	0.00987	0.01209	0.00996	0.00745	0.13973	0.17546	0.02182	0.03273	0.20902	0.17383	0.09282	0.00950	0.00257	0.00468	0.05369	0.00567	0.00692
28	0.01159	0.01121	0.01858	0.12264	0.02072	0.01332	0.14653	0.01406	0.01131	0.01594	0.01573	0.18548	0.01616	0.01414	0.08153	0.00309	0.27947	0.00850	0.00348	0.00651
29	0.01005	0.00695	0.00780	0.00747	0.00795	0.00718	0.00457	0.05427	0.04092	0.01417	0.01916	0.03729	0.02117	0.68202	0.05023	0.00563	0.00625	0.00854	0.00395	0.00443
30	0.03768	0.00721	0.00794	0.00787	0.00885	0.00738	0.00519	0.03391	0.09197	0.01599	0.02708	0.17110	0.11018	0.41869	0.01963	0.00416	0.00503	0.01038	0.00466	0.00508
31	0.00903	0.00629	0.00774	0.00832	0.00884	0.00622	0.00563	0.03756	0.01149	0.01527	0.02656	0.33448	0.03071	0.34937	0.01792	0.00400	0.00499	0.10603	0.00484	0.00473
32	0.01255	0.01218	0.01980	0.04904	0.06496	0.04516	0.24231	0.03910	0.09358	0.01989	0.09458	0.23463	0.02401	0.01038	0.00705	0.00212	0.00670	0.01006	0.00462	0.00728
33	0.08672	0.01859	0.01660	0.01601	0.09691	0.27241	0.01140	0.16515	0.01779	0.11309	0.01360	0.03714	0.01083	0.00955	0.05296	0.00231	0.04101	0.00527	0.00441	0.00825
34	0.04421	0.00955	0.01185	0.01020	0.01339	0.00925	0.00806	0.02344	0.14168	0.35547	0.07828	0.05627	0.04180	0.09640	0.00926	0.00249	0.00496	0.06867	0.00644	0.00833
35	0.01190	0.01512	0.14779	0.10208	0.02471	0.01260	0.26048	0.01617	0.01243	0.01736	0.01391	0.02047	0.01181	0.01749	0.21608	0.00426	0.04362	0.04135	0.00313	0.00726
36	0.10352	0.20298	0.42195	0.01433	0.02136	0.01679	0.01670	0.05675	0.05642	0.02049	0.01117	0.01256	0.00844	0.00590	0.00520	0.00179	0.00762	0.00430	0.00313	0.00861
37	0.01121	0.04680	0.00923	0.00794	0.00867	0.00665	0.00548	0.01022	0.00979	0.05625	0.04754	0.05794	0.04959	0.17618	0.02116	0.45547	0.00522	0.00710	0.00360	0.00395
38	0.01514	0.01414	0.02206	0.19505	0.13403	0.03217	0.14437	0.14713	0.01542	0.02097	0.01181	0.01579	0.00945	0.00944	0.05814	0.00258	0.13493	0.00581	0.00350	0.00806
39	0.01617	0.01321	0.05901	0.13080	0.05118	0.01328	0.01183	0.17429	0.18550	0.09749	0.06704	0.07243	0.01889	0.00894	0.00646	0.00205	0.00600	0.05143	0.00540	0.00861

[dist]
# distance from previous block
# <min> <max>
1	9

[block]
# block no. 11 follows, 37 sequences, length 44
# corresponding to MSA columns:
# 1107-1148,1156,1157
name=unknown_L
#
# <colnr> <probs for GDERKNQSTAVLIFYWHMCP>
#	G	D	E	R	K	N	Q	S	T	A	V	L	I	F	Y	W	H	M	C	P
0	0.01403	0.01542	0.10582	0.01513	0.06940	0.10313	0.05413	0.12307	0.03887	0.02026	0.01936	0.18844	0.03447	0.01460	0.09578	0.00300	0.04171	0.03164	0.00432	0.00740
1	0.01156	0.05609	0.01254	0.01034	0.01266	0.01043	0.00821	0.07783	0.08525	0.01805	0.01617	0.02162	0.01436	0.05673	0.47102	0.00680	0.01223	0.00609	0.00384	0.08818
2	0.00875	0.00612	0.00833	0.00912	0.00982	0.00587	0.02208	0.01005	0.01180	0.02991	0.03001	0.46891	0.03474	0.16734	0.01244	0.00320	0.00460	0.14662	0.00527	0.00503
3	0.55388	0.08204	0.01284	0.00957	0.01359	0.01552	0.00798	0.10924	0.10224	0.02747	0.01132	0.01212	0.00870	0.00618	0.00440	0.00186	0.00516	0.00403	0.00428	0.00759
4	0.01816	0.01315	0.01595	0.01436	0.08933	0.01329	0.01046	0.17921	0.16065	0.14060	0.01653	0.01672	0.01225	0.00680	0.00644	0.00169	0.04549	0.00537	0.00521	0.22833
5	0.01197	0.01052	0.01623	0.48725	0.05402	0.01200	0.01407	0.05203	0.01384	0.01847	0.07868	0.02374	0.01556	0.00765	0.00629	0.00198	0.00697	0.07584	0.00365	0.08924
6	0.01238	0.01726	0.22222	0.31013	0.06684	0.01458	0.01715	0.01740	0.05019	0.01760	0.03951	0.01624	0.01058	0.00724	0.00874	0.00212	0.15368	0.00547	0.00303	0.00767
7	0.01003	0.00532	0.00781	0.00808	0.00815	0.00525	0.00539	0.00808	0.00869	0.01158	0.01503	0.16369	0.01631	0.02087	0.02086	0.66595	0.00498	0.00762	0.00323	0.00310
8	0.02093	0.01599	0.01706	0.01361	0.01809	0.01789	0.01107	0.52480	0.23407	0.03481	0.01766	0.01706	0.01281	0.00763	0.00615	0.00191	0.00619	0.00592	0.00615	0.01020
