[name]
unknown

[dist]
# distance from previous block
# <min> <max>
0	604

[block]
# block no. 0 follows, 41 sequences, length 21
# corresponding to MSA columns:
# 604-615,620-628
name=unknown_A
#
# <colnr> <probs for GDERKNQSTAVLIFYWHMCP>
#	G	D	E	R	K	N	Q	S	T	A	V	L	I	F	Y	W	H	M	C	P
0	0.01041	0.00810	0.01218	0.01169	0.01372	0.00805	0.08704	0.06480	0.01462	0.01944	0.13200	0.05252	0.03170	0.01340	0.00746	0.00237	0.00544	0.49401	0.00519	0.00587
1	0.01520	0.51844	0.10561	0.01168	0.01615	0.05138	0.01152	0.06901	0.01254	0.01564	0.00859	0.01034	0.00753	0.00587	0.00624	0.00152	0.11898	0.00364	0.00271	0.00745
2	0.07837	0.02612	0.02618	0.00966	0.01372	0.00962	0.00791	0.08113	0.04121	0.38387	0.01760	0.01855	0.01277	0.09088	0.00777	0.00200	0.00499	0.00531	0.00544	0.15690
3	0.01839	0.01519	0.04764	0.09603	0.02000	0.15636	0.09819	0.10240	0.07029	0.22121	0.01628	0.07140	0.01257	0.00722	0.00608	0.00181	0.02019	0.00607	0.00467	0.00802
4	0.04437	0.09992	0.13158	0.01764	0.02290	0.01404	0.37617	0.06897	0.01430	0.01998	0.11861	0.01786	0.01482	0.00607	0.00604	0.00180	0.00766	0.00626	0.00349	0.00753
5	0.00775	0.00584	0.00738	0.00790	0.00904	0.00516	0.00550	0.00901	0.01121	0.01520	0.02993	0.58979	0.08475	0.03812	0.00746	0.00218	0.00353	0.03145	0.00498	0.12381
6	0.01540	0.01150	0.01893	0.13084	0.07014	0.04082	0.20499	0.01867	0.01428	0.20381	0.14520	0.02102	0.01795	0.00697	0.00642	0.00183	0.02587	0.00657	0.03126	0.00754
7	0.01353	0.10055	0.10889	0.19705	0.05680	0.08086	0.27869	0.01781	0.03122	0.01654	0.01059	0.01389	0.00821	0.00547	0.00626	0.00181	0.03638	0.00529	0.00277	0.00738
8	0.01020	0.00606	0.00800	0.00787	0.00920	0.00555	0.00570	0.01204	0.01380	0.12609	0.33665	0.32703	0.04034	0.05457	0.00798	0.00219	0.00340	0.01184	0.00588	0.00563
9	0.13044	0.02692	0.66000	0.01504	0.02279	0.01322	0.01899	0.01793	0.01174	0.01920	0.00993	0.01168	0.00709	0.00542	0.00516	0.00181	0.00787	0.00406	0.00258	0.00813
10	0.01629	0.01295	0.04586	0.01480	0.01896	0.03379	0.21724	0.08544	0.14606	0.18400	0.04041	0.05200	0.02731	0.00786	0.00630	0.00193	0.00646	0.06921	0.00499	0.00813
11	0.00774	0.00576	0.00731	0.00836	0.00900	0.00567	0.00571	0.01036	0.09014	0.01560	0.03065	0.71266	0.03566	0.01684	0.00714	0.00228	0.00345	0.01522	0.00536	0.00512
12	0.01186	0.00586	0.00649	0.00610	0.00776	0.00566	0.00466	0.01448	0.01305	0.09942	0.12564	0.02421	0.02026	0.00743	0.00458	0.00145	0.00290	0.00610	0.62628	0.00580
13	0.01379	0.14420	0.17865	0.08938	0.06972	0.07616	0.01272	0.03730	0.12717	0.04818	0.12010	0.01808	0.01605	0.00681	0.00562	0.00171	0.01738	0.00545	0.00385	0.00766
14	0.01966	0.00960	0.01264	0.01031	0.01388	0.00908	0.02804	0.03787	0.14208	0.45418	0.12234	0.07556	0.02147	0.00849	0.00603	0.00184	0.00457	0.00723	0.00650	0.00863
15	0.00730	0.00521	0.00686	0.00805	0.00851	0.00492	0.00557	0.00841	0.01106	0.01464	0.03118	0.64206	0.05659	0.07349	0.00891	0.00258	0.00367	0.09119	0.00517	0.00463
16	0.00855	0.00671	0.01034	0.12071	0.01441	0.00795	0.00841	0.01085	0.00952	0.01347	0.01458	0.02143	0.01334	0.03756	0.66558	0.00815	0.01422	0.00598	0.00299	0.00529
17	0.01637	0.10172	0.19430	0.01383	0.01896	0.06655	0.08701	0.05202	0.21961	0.14783	0.01591	0.01589	0.01153	0.00633	0.00553	0.00176	0.00666	0.00524	0.00438	0.00857
18	0.18150	0.01348	0.01420	0.01135	0.01550	0.01475	0.00929	0.38073	0.12903	0.15017	0.01544	0.01491	0.01089	0.00673	0.00531	0.00177	0.00544	0.00504	0.00553	0.00894
19	0.21218	0.01153	0.01329	0.01084	0.01463	0.01213	0.05156	0.14510	0.15085	0.17196	0.07835	0.01913	0.01543	0.00714	0.00538	0.00179	0.00503	0.02652	0.00526	0.04189
20	0.13543	0.10127	0.01503	0.01143	0.01472	0.29511	0.00904	0.09910	0.01480	0.03225	0.02518	0.09514	0.01177	0.00715	0.00534	0.00158	0.02647	0.00520	0.00371	0.09026

[dist]
# distance from previous block
# <min> <max>
0	9

[block]
# block no. 1 follows, 41 sequences, length 7
# corresponding to MSA columns:
# 638-644
name=unknown_B
#
# <colnr> <probs for GDERKNQSTAVLIFYWHMCP>
#	G	D	E	R	K	N	Q	S	T	A	V	L	I	F	Y	W	H	M	C	P
0	0.06985	0.02060	0.33688	0.01558	0.02170	0.03831	0.14125	0.07771	0.10832	0.09429	0.01343	0.01445	0.00960	0.00591	0.00563	0.00182	0.00743	0.00508	0.00374	0.00842
1	0.01094	0.01015	0.01615	0.56678	0.09116	0.01155	0.01399	0.01439	0.01173	0.01555	0.01340	0.01735	0.05804	0.00605	0.00558	0.00175	0.00678	0.00532	0.00287	0.12048
2	0.01800	0.01432	0.05244	0.01595	0.10366	0.09345	0.07419	0.10961	0.03973	0.22271	0.01579	0.07713	0.01258	0.00771	0.00766	0.00189	0.11425	0.00615	0.00459	0.00819
3	0.01386	0.08676	0.27341	0.03597	0.02146	0.01420	0.14853	0.04353	0.01275	0.08784	0.01259	0.01719	0.01019	0.00700	0.00794	0.00195	0.13610	0.05770	0.00329	0.00774
4	0.02566	0.00973	0.01327	0.01018	0.01460	0.00841	0.00841	0.02788	0.01637	0.76726	0.02257	0.01947	0.01416	0.00708	0.00575	0.00177	0.00487	0.00575	0.00708	0.00973
5	0.01313	0.01667	0.11698	0.02195	0.02725	0.01475	0.55814	0.01767	0.01268	0.01767	0.01086	0.01464	0.00835	0.00561	0.00825	0.00199	0.11681	0.00622	0.00278	0.00760
6	0.01585	0.01399	0.02274	0.07854	0.02312	0.04058	0.29684	0.15976	0.01563	0.08950	0.01356	0.01834	0.01081	0.00703	0.00806	0.00198	0.11541	0.05657	0.00392	0.00777

[dist]
# distance from previous block
# <min> <max>
0	1

[block]
# block no. 2 follows, 41 sequences, length 26
# corresponding to MSA columns:
# 646-654,665-681
name=unknown_C
#
# <colnr> <probs for GDERKNQSTAVLIFYWHMCP>
#	G	D	E	R	K	N	Q	S	T	A	V	L	I	F	Y	W	H	M	C	P
0	0.01637	0.01126	0.01797	0.31272	0.02648	0.01201	0.12188	0.10284	0.03007	0.21593	0.01441	0.01657	0.01018	0.00741	0.02049	0.03891	0.00700	0.00556	0.00423	0.00770
1	0.00717	0.00520	0.00677	0.00766	0.00830	0.00480	0.00526	0.00853	0.01212	0.01628	0.17510	0.59723	0.09144	0.01647	0.00716	0.00219	0.00317	0.01482	0.00550	0.00480
2	0.00800	0.00935	0.13641	0.00945	0.01134	0.00632	0.00824	0.01025	0.01188	0.01631	0.11211	0.53098	0.03421	0.01495	0.00696	0.00219	0.00424	0.05647	0.00493	0.00542
3	0.01527	0.01191	0.01637	0.04681	0.01757	0.01187	0.13311	0.26477	0.01823	0.07662	0.10168	0.02357	0.12587	0.00784	0.00599	0.00171	0.00569	0.00685	0.00493	0.10334
4	0.00697	0.00498	0.00664	0.00796	0.00830	0.00465	0.00531	0.00796	0.01095	0.01460	0.03153	0.79525	0.03783	0.01792	0.00730	0.00232	0.00332	0.01626	0.00531	0.00465
5	0.01474	0.01428	0.02863	0.02095	0.02560	0.01428	0.53369	0.01865	0.01303	0.10415	0.01215	0.01540	0.00911	0.00596	0.00868	0.00201	0.14133	0.00634	0.00331	0.00770
6	0.01752	0.01651	0.10487	0.01443	0.01860	0.01654	0.06353	0.40104	0.10681	0.02752	0.01325	0.01435	0.00990	0.00720	0.00799	0.00190	0.13938	0.00529	0.00461	0.00877
7	0.02144	0.01535	0.01838	0.01399	0.01861	0.04739	0.09506	0.50859	0.02311	0.15723	0.01478	0.01476	0.01026	0.00663	0.00582	0.00174	0.00661	0.00538	0.00551	0.00937
8	0.02179	0.00982	0.01341	0.09968	0.01720	0.00912	0.00911	0.02511	0.06214	0.56344	0.04823	0.01955	0.01479	0.00698	0.00571	0.00175	0.00505	0.00576	0.00624	0.05513
9	0.01510	0.10888	0.40450	0.01571	0.02244	0.02889	0.13517	0.03877	0.01346	0.14521	0.01237	0.01357	0.00873	0.00560	0.00551	0.00175	0.00776	0.00478	0.00339	0.00842
10	0.01155	0.01095	0.01279	0.16105	0.01757	0.10486	0.00988	0.01522	0.09637	0.01473	0.01373	0.01953	0.01225	0.08878	0.28565	0.00486	0.10529	0.00572	0.00323	0.00599
11	0.00769	0.00651	0.00809	0.13848	0.01327	0.00626	0.00654	0.00975	0.01324	0.01661	0.17430	0.07895	0.47448	0.01265	0.00660	0.00192	0.00368	0.01076	0.00502	0.00518
12	0.01197	0.01057	0.01282	0.00958	0.01380	0.00930	0.00775	0.01429	0.01133	0.01781	0.00972	0.01197	0.00831	0.00522	0.00670	0.00113	0.13739	0.00366	0.00324	0.69342
13	0.01241	0.06205	0.02223	0.11011	0.02326	0.01237	0.30762	0.01716	0.07571	0.01791	0.01481	0.02246	0.01290	0.00677	0.00610	0.00181	0.00715	0.11610	0.00352	0.14754
14	0.01041	0.00542	0.00593	0.00610	0.00733	0.00530	0.00446	0.01268	0.01193	0.04824	0.02168	0.19407	0.01982	0.00919	0.00480	0.00157	0.00290	0.00779	0.61505	0.00535
15	0.01217	0.01314	0.02760	0.02022	0.02490	0.01230	0.57074	0.01639	0.01380	0.01887	0.13995	0.06940	0.01821	0.00682	0.00678	0.00193	0.00806	0.00796	0.00362	0.00713
16	0.01001	0.00861	0.01317	0.19135	0.01875	0.01015	0.05058	0.01414	0.09590	0.01504	0.01453	0.02032	0.01269	0.05513	0.39684	0.00576	0.05180	0.00598	0.00324	0.00600
17	0.00825	0.00692	0.00870	0.13914	0.01401	0.00687	0.00723	0.01107	0.04609	0.01695	0.14516	0.04613	0.41513	0.01245	0.00667	0.00199	0.00402	0.09280	0.00500	0.00541
18	0.00725	0.00516	0.00678	0.00772	0.00821	0.00483	0.00521	0.00847	0.01167	0.01579	0.15440	0.61954	0.03949	0.06627	0.00859	0.00244	0.00335	0.01475	0.00536	0.00470
19	0.01646	0.48978	0.17537	0.01131	0.01678	0.04039	0.01187	0.01932	0.01265	0.14239	0.01092	0.01154	0.00848	0.00540	0.00442	0.00144	0.00650	0.00377	0.00324	0.00795
20	0.01873	0.01799	0.01672	0.05030	0.04815	0.31261	0.02208	0.06073	0.01435	0.14334	0.01125	0.01314	0.00879	0.00725	0.00919	0.00186	0.22788	0.00466	0.00365	0.00733
21	0.02210	0.01480	0.01633	0.01259	0.01709	0.01601	0.01038	0.59334	0.05487	0.15970	0.01562	0.01502	0.01080	0.00694	0.00573	0.00173	0.00598	0.00531	0.00596	0.00970
22	0.01815	0.01708	0.03773	0.01624	0.05067	0.15277	0.15687	0.23963	0.14424	0.06544	0.01416	0.01502	0.01051	0.00642	0.00619	0.00178	0.02870	0.00543	0.00446	0.00850
23	0.01940	0.01624	0.01719	0.01364	0.01732	0.11142	0.05143	0.47810	0.02167	0.02870	0.01263	0.01379	0.00946	0.00698	0.00710	0.00176	0.09718	0.00505	0.06243	0.00852
24	0.01359	0.01272	0.01644	0.01297	0.01705	0.08128	0.14272	0.03760	0.09883	0.03687	0.01476	0.02067	0.01280	0.00679	0.00608	0.00157	0.03590	0.09965	0.00390	0.32780
25	0.01111	0.00846	0.01085	0.01009	0.01193	0.00964	0.00791	0.13705	0.09829	0.01844	0.01681	0.06105	0.01511	0.03142	0.51639	0.00673	0.01192	0.00653	0.00395	0.00632

[dist]
# distance from previous block
# <min> <max>
0	12

[block]
# block no. 3 follows, 41 sequences, length 8
# corresponding to MSA columns:
# 694-701
name=unknown_D
#
# <colnr> <probs for GDERKNQSTAVLIFYWHMCP>
#	G	D	E	R	K	N	Q	S	T	A	V	L	I	F	Y	W	H	M	C	P
0	0.00937	0.00777	0.00845	0.00817	0.01022	0.00790	0.00614	0.01565	0.25166	0.01900	0.13149	0.15099	0.32624	0.01247	0.00653	0.00197	0.00346	0.01066	0.00560	0.00624
1	0.01719	0.01672	0.01637	0.01377	0.01742	0.19106	0.07669	0.15878	0.38172	0.02335	0.01712	0.01685	0.01290	0.00690	0.00573	0.00179	0.00666	0.00561	0.00487	0.00850
2	0.03925	0.01151	0.01494	0.01603	0.17455	0.03550	0.05013	0.09238	0.19336	0.03707	0.19055	0.03984	0.06374	0.00827	0.00603	0.00182	0.00512	0.00725	0.00494	0.00773
3	0.01545	0.11441	0.01802	0.01385	0.01550	0.26699	0.01131	0.01691	0.01160	0.01377	0.00857	0.01210	0.00794	0.01042	0.06756	0.00249	0.37958	0.00441	0.00268	0.00643
4	0.00953	0.00524	0.00785	0.00785	0.00809	0.00547	0.00547	0.00809	0.00785	0.01071	0.01118	0.01856	0.01094	0.02520	0.19671	0.64294	0.00736	0.00524	0.00262	0.00309
5	0.01694	0.01872	0.01351	0.10739	0.01756	0.43416	0.00984	0.02031	0.08178	0.01667	0.01259	0.01447	0.01001	0.00622	0.00502	0.00154	0.00769	0.00449	0.19458	0.00652
6	0.01870	0.01989	0.01742	0.01643	0.09001	0.34930	0.01198	0.18837	0.01667	0.01954	0.00986	0.01200	0.00812	0.00699	0.00849	0.00179	0.18899	0.00447	0.00348	0.00750
7	0.00783	0.00548	0.00646	0.00671	0.00714	0.00525	0.00422	0.00853	0.01036	0.01379	0.11667	0.21505	0.10123	0.44444	0.01912	0.00398	0.00442	0.01077	0.00442	0.00411

[dist]
# distance from previous block
# <min> <max>
0	1

[block]
# block no. 4 follows, 41 sequences, length 18
# corresponding to MSA columns:
# 703-720
name=unknown_E
#
# <colnr> <probs for GDERKNQSTAVLIFYWHMCP>
#	G	D	E	R	K	N	Q	S	T	A	V	L	I	F	Y	W	H	M	C	P
0	0.11799	0.01249	0.01294	0.01098	0.01471	0.01380	0.00871	0.14672	0.44372	0.02551	0.01809	0.01735	0.01361	0.00686	0.00532	0.00174	0.00477	0.00543	0.00521	0.11404
1	0.01242	0.11032	0.01299	0.00923	0.01216	0.01084	0.00741	0.11719	0.12647	0.03706	0.23783	0.10443	0.06902	0.00944	0.00583	0.00169	0.00420	0.00795	0.00519	0.09833
2	0.01578	0.01531	0.11313	0.01480	0.02015	0.01283	0.19591	0.19268	0.05206	0.08477	0.02671	0.01489	0.01040	0.00570	0.00562	0.00160	0.00666	0.00524	0.00418	0.20160
3	0.01369	0.05433	0.13165	0.01929	0.02470	0.01411	0.43806	0.10979	0.01466	0.01994	0.01352	0.09363	0.01151	0.00650	0.00634	0.00189	0.00824	0.00698	0.00341	0.00775
4	0.01041	0.00964	0.01609	0.70630	0.03624	0.01189	0.01481	0.01394	0.01139	0.01461	0.01234	0.09446	0.01069	0.00696	0.00588	0.00195	0.00719	0.00622	0.00282	0.00618
5	0.00730	0.00561	0.00668	0.00684	0.00817	0.00499	0.00497	0.00909	0.01367	0.01797	0.30731	0.23393	0.32422	0.01432	0.00689	0.00198	0.00293	0.01248	0.00567	0.00499
6	0.01360	0.31201	0.19733	0.01198	0.01646	0.01627	0.01215	0.01826	0.10614	0.05235	0.01350	0.09211	0.01205	0.00739	0.00652	0.00173	0.09375	0.00546	0.00339	0.00754
7	0.00772	0.00611	0.00709	0.00726	0.00892	0.00532	0.00542	0.00924	0.01216	0.01556	0.04076	0.24381	0.36768	0.05230	0.00787	0.00219	0.00357	0.10302	0.00502	0.08897
8	0.09525	0.01085	0.01813	0.62101	0.03545	0.01292	0.09628	0.01525	0.01150	0.01615	0.01010	0.01466	0.00760	0.00558	0.00561	0.00189	0.00753	0.00507	0.00268	0.00649
9	0.01792	0.12205	0.01874	0.01431	0.01750	0.49852	0.09210	0.01975	0.01467	0.01449	0.01186	0.10853	0.01131	0.00714	0.00541	0.00160	0.00883	0.00551	0.00317	0.00660
10	0.01044	0.00645	0.00901	0.00862	0.00983	0.00693	0.00644	0.01202	0.00990	0.10895	0.01688	0.02563	0.01582	0.21720	0.50124	0.00738	0.01167	0.00660	0.00367	0.00531
11	0.00772	0.00574	0.00718	0.00702	0.00836	0.00521	0.00519	0.00999	0.01501	0.02060	0.54659	0.12932	0.18511	0.01292	0.00681	0.00188	0.00281	0.01133	0.00600	0.00521
12	0.00725	0.00518	0.00696	0.00828	0.00874	0.00489	0.00580	0.00845	0.01123	0.01491	0.03137	0.70422	0.03722	0.01766	0.00738	0.00236	0.00356	0.10453	0.00530	0.00472
13	0.34017	0.01603	0.01309	0.09763	0.01725	0.22428	0.00944	0.11007	0.04343	0.06422	0.01060	0.01184	0.00801	0.00591	0.00472	0.00170	0.00667	0.00402	0.00383	0.00709
14	0.00829	0.00654	0.00965	0.09567	0.01316	0.00748	0.00777	0.01045	0.00993	0.01371	0.02018	0.02582	0.10881	0.03511	0.59184	0.00745	0.01287	0.00677	0.00329	0.00521
15	0.00697	0.00498	0.00664	0.00796	0.00830	0.00465	0.00531	0.00796	0.01095	0.01460	0.03153	0.79525	0.03783	0.01792	0.00730	0.00232	0.00332	0.01626	0.00531	0.00465
16	0.08890	0.00945	0.01238	0.01001	0.01397	0.00853	0.00833	0.02499	0.01544	0.61431	0.02236	0.02426	0.01586	0.00802	0.00584	0.00188	0.00488	0.09512	0.00657	0.00889
17	0.01761	0.01738	0.05511	0.11534	0.02438	0.18205	0.25068	0.13349	0.01622	0.11296	0.01244	0.01437	0.00904	0.00580	0.00592	0.00177	0.00836	0.00537	0.00380	0.00790

[dist]
# distance from previous block
# <min> <max>
0	1

[block]
# block no. 5 follows, 41 sequences, length 26
# corresponding to MSA columns:
# 722-747
name=unknown_F
#
# <colnr> <probs for GDERKNQSTAVLIFYWHMCP>
#	G	D	E	R	K	N	Q	S	T	A	V	L	I	F	Y	W	H	M	C	P
0	0.68960	0.01288	0.00993	0.00868	0.01228	0.07495	0.00707	0.09180	0.01201	0.02579	0.00863	0.00983	0.00665	0.00552	0.00389	0.00174	0.00509	0.00335	0.00372	0.00659
1	0.01350	0.01126	0.01295	0.00963	0.01432	0.00994	0.00776	0.12408	0.05796	0.02134	0.01137	0.01273	0.00915	0.00508	0.00516	0.00111	0.03737	0.00390	0.00384	0.62753
2	0.08583	0.09540	0.01817	0.01355	0.03043	0.05909	0.07537	0.24047	0.21477	0.02469	0.01419	0.01480	0.01084	0.00676	0.00647	0.00180	0.06933	0.00516	0.00451	0.00836
3	0.00829	0.00643	0.00843	0.00876	0.00983	0.00631	0.00651	0.00984	0.01168	0.01599	0.08727	0.46150	0.06673	0.01494	0.00792	0.00217	0.06699	0.10559	0.00496	0.08986
4	0.01381	0.05854	0.35195	0.01655	0.04514	0.09122	0.15270	0.01886	0.03464	0.04687	0.01112	0.01299	0.00831	0.00532	0.00546	0.00165	0.00794	0.00464	0.00297	0.10934
5	0.04288	0.31412	0.02287	0.01836	0.25726	0.08323	0.01196	0.03673	0.04232	0.01717	0.00994	0.01179	0.00845	0.00515	0.00464	0.00142	0.00638	0.00400	0.00297	0.09835
6	0.09922	0.00631	0.00738	0.00729	0.00798	0.00681	0.00490	0.00979	0.00871	0.01331	0.01593	0.02944	0.01702	0.46912	0.24885	0.02504	0.00832	0.00702	0.00333	0.00423
7	0.00802	0.00579	0.00758	0.00725	0.00853	0.00535	0.00539	0.01061	0.01585	0.02240	0.71312	0.09142	0.05293	0.01210	0.00678	0.00183	0.00274	0.01073	0.00623	0.00535
8	0.01247	0.01034	0.01216	0.03344	0.01422	0.01144	0.03279	0.02357	0.47482	0.03729	0.20556	0.06229	0.02681	0.00904	0.00615	0.00192	0.00429	0.00784	0.00574	0.00783
9	0.01288	0.01074	0.01263	0.01289	0.08985	0.01175	0.00896	0.08059	0.40027	0.02313	0.15496	0.09745	0.04077	0.00923	0.00612	0.00191	0.00442	0.00796	0.00553	0.00794
10	0.02140	0.01499	0.01846	0.01395	0.01865	0.01593	0.09413	0.55101	0.02374	0.14655	0.01485	0.01481	0.01029	0.00667	0.00584	0.00175	0.00646	0.00543	0.00561	0.00950
11	0.00981	0.00629	0.00805	0.00855	0.00967	0.00607	0.00604	0.01257	0.08779	0.09828	0.06366	0.59606	0.03391	0.01540	0.00695	0.00220	0.00358	0.01383	0.00560	0.00569
12	0.00733	0.00575	0.00595	0.00590	0.00770	0.00495	0.00442	0.00905	0.01327	0.01692	0.13125	0.05000	0.60122	0.01332	0.00646	0.00185	0.00285	0.01114	0.09571	0.00495
13	0.01310	0.01384	0.02750	0.18839	0.22242	0.01387	0.40010	0.01734	0.01294	0.01763	0.01106	0.01506	0.00855	0.00508	0.00625	0.00186	0.00848	0.00597	0.00280	0.00778
14	0.00756	0.00541	0.00728	0.00843	0.00907	0.00513	0.00614	0.00907	0.01196	0.01599	0.10590	0.56402	0.03845	0.01684	0.00737	0.00233	0.00367	0.16513	0.00540	0.00485
15	0.00789	0.00569	0.00746	0.00733	0.00850	0.00526	0.00538	0.01028	0.01525	0.02143	0.62894	0.17835	0.05106	0.01282	0.00685	0.00189	0.00281	0.01141	0.00612	0.00526
16	0.01220	0.00583	0.00629	0.00593	0.00761	0.00567	0.00453	0.01482	0.01264	0.10298	0.04790	0.02195	0.01613	0.00690	0.00430	0.00140	0.00291	0.00557	0.70861	0.00582
17	0.01118	0.01040	0.01669	0.70061	0.03671	0.01287	0.01514	0.01634	0.09255	0.01563	0.01160	0.01592	0.00870	0.00594	0.00573	0.00191	0.00729	0.00523	0.00290	0.00665
18	0.00685	0.00546	0.00614	0.00669	0.00796	0.00475	0.00474	0.00811	0.01217	0.01510	0.04701	0.36131	0.46177	0.01591	0.00698	0.00209	0.00307	0.01380	0.00531	0.00475
19	0.01423	0.01229	0.01293	0.01164	0.01487	0.01423	0.00905	0.03039	0.75297	0.02393	0.02328	0.02134	0.01746	0.00776	0.00582	0.00194	0.00453	0.00647	0.00582	0.00905
20	0.01416	0.01359	0.02322	0.03511	0.76330	0.01359	0.01755	0.01755	0.01302	0.01869	0.01076	0.01416	0.00906	0.00510	0.00566	0.00170	0.00680	0.00510	0.00283	0.00906
21	0.00737	0.00524	0.00695	0.00787	0.00825	0.00516	0.00528	0.00836	0.01026	0.01383	0.02692	0.55709	0.03156	0.14866	0.12521	0.00387	0.00547	0.01346	0.00468	0.00452
22	0.83938	0.01106	0.00841	0.00752	0.01106	0.01283	0.00619	0.01681	0.00973	0.02566	0.00796	0.00929	0.00619	0.00531	0.00354	0.00177	0.00442	0.00310	0.00354	0.00619
23	0.00994	0.00497	0.00745	0.00745	0.00745	0.00497	0.00497	0.00745	0.00745	0.00994	0.00994	0.01739	0.00994	0.01987	0.02235	0.83358	0.00497	0.00497	0.00248	0.00248
24	0.00894	0.00631	0.00712	0.00693	0.00742	0.00648	0.00427	0.01099	0.09058	0.01371	0.09462	0.03621	0.02383	0.63180	0.02427	0.00477	0.00514	0.00832	0.00401	0.00427
25	0.01666	0.63586	0.02726	0.01050	0.01533	0.02160	0.01002	0.17113	0.01486	0.01824	0.00918	0.01014	0.00785	0.00531	0.00410	0.00133	0.00615	0.00350	0.00314	0.00785

[dist]
# distance from previous block
# <min> <max>
0	1

[block]
# block no. 6 follows, 41 sequences, length 18
# corresponding to MSA columns:
# 749-766
name=unknown_G
#
# <colnr> <probs for GDERKNQSTAVLIFYWHMCP>
#	G	D	E	R	K	N	Q	S	T	A	V	L	I	F	Y	W	H	M	C	P
0	0.11036	0.71113	0.02749	0.00953	0.01426	0.02150	0.00937	0.01709	0.01140	0.01487	0.00795	0.00919	0.00721	0.00494	0.00366	0.00129	0.00592	0.00306	0.00257	0.00721
1	0.01405	0.01899	0.31924	0.04139	0.03660	0.01206	0.05472	0.12729	0.01485	0.07230	0.04992	0.01469	0.01087	0.00579	0.00540	0.00159	0.00669	0.00479	0.00368	0.18507
2	0.01382	0.01441	0.10402	0.21540	0.02705	0.01326	0.25087	0.05486	0.10103	0.07886	0.04135	0.01691	0.01145	0.00612	0.00637	0.00190	0.02495	0.00595	0.00369	0.00774
3	0.01103	0.01023	0.01397	0.01241	0.01244	0.01360	0.00983	0.01199	0.00891	0.01330	0.01234	0.10370	0.01362	0.17580	0.01967	0.00312	0.53860	0.00693	0.00301	0.00550
4	0.01080	0.01017	0.01716	0.78523	0.03940	0.01271	0.01589	0.01461	0.01144	0.01461	0.01017	0.01525	0.00762	0.00572	0.00572	0.00191	0.00762	0.00508	0.00254	0.00635
5	0.03180	0.17718	0.52499	0.09929	0.02408	0.01503	0.01800	0.01751	0.01186	0.01700	0.00975	0.01180	0.00728	0.00536	0.00508	0.00171	0.00781	0.00407	0.00246	0.00795
6	0.00709	0.00536	0.00655	0.00719	0.00817	0.00482	0.00504	0.00851	0.01244	0.01624	0.16014	0.45090	0.25508	0.01587	0.00705	0.00212	0.00309	0.01404	0.00547	0.00482
7	0.01181	0.00903	0.00977	0.00887	0.01106	0.08257	0.00692	0.01478	0.04076	0.09472	0.44264	0.03621	0.03792	0.01033	0.00637	0.00178	0.00414	0.08697	0.00566	0.07769
8	0.03775	0.23691	0.18425	0.01227	0.01705	0.10837	0.01211	0.03631	0.03199	0.17288	0.01283	0.03704	0.00998	0.00647	0.00591	0.00166	0.05995	0.00463	0.00374	0.00791
9	0.01321	0.15260	0.48787	0.01615	0.02337	0.01473	0.13476	0.01853	0.01247	0.05908	0.01078	0.01255	0.00788	0.00534	0.00538	0.00173	0.00806	0.00453	0.00276	0.00822
10	0.01075	0.00718	0.00881	0.00800	0.01001	0.00691	0.00613	0.01516	0.11982	0.10419	0.49794	0.03850	0.12209	0.01094	0.00651	0.00183	0.00322	0.00948	0.00621	0.00633
11	0.01549	0.01216	0.04653	0.01244	0.05279	0.01232	0.00972	0.16089	0.30434	0.10660	0.10191	0.06171	0.02061	0.00866	0.00606	0.00190	0.00497	0.04685	0.00563	0.00840
12	0.01373	0.01343	0.02373	0.11388	0.60556	0.01359	0.09701	0.01733	0.01291	0.01821	0.01079	0.01441	0.00887	0.00513	0.00579	0.00175	0.00720	0.00528	0.00281	0.00862
13	0.00805	0.00543	0.00632	0.00659	0.00665	0.00536	0.00384	0.00825	0.00885	0.01180	0.02075	0.19052	0.02424	0.64120	0.02471	0.00489	0.00510	0.00992	0.00384	0.00370
14	0.00708	0.00508	0.00687	0.00808	0.00847	0.00488	0.00548	0.00817	0.01079	0.01448	0.03004	0.72421	0.03567	0.02022	0.07800	0.00295	0.00442	0.01533	0.00510	0.00469
15	0.05477	0.10321	0.06548	0.01906	0.02362	0.08570	0.40929	0.01782	0.01256	0.01704	0.01005	0.01335	0.00804	0.00578	0.00789	0.00188	0.12887	0.00549	0.00280	0.00731
16	0.02523	0.01043	0.01370	0.01051	0.01495	0.00943	0.00868	0.10673	0.01753	0.68677	0.02159	0.01884	0.01367	0.00706	0.00575	0.00176	0.00502	0.00569	0.00693	0.00973
17	0.10701	0.01277	0.01295	0.01115	0.01475	0.04700	0.00881	0.09313	0.45460	0.10636	0.01936	0.01816	0.01426	0.00708	0.00545	0.00181	0.00496	0.00562	0.00545	0.04933

[dist]
# distance from previous block
# <min> <max>
0	1

[block]
# block no. 7 follows, 41 sequences, length 23
# corresponding to MSA columns:
# 768-790
name=unknown_H
#
# <colnr> <probs for GDERKNQSTAVLIFYWHMCP>
#	G	D	E	R	K	N	Q	S	T	A	V	L	I	F	Y	W	H	M	C	P
0	0.01191	0.00736	0.00900	0.00820	0.01017	0.02751	0.00624	0.01481	0.04728	0.16407	0.45258	0.12662	0.06867	0.01133	0.00654	0.00186	0.00348	0.00988	0.00618	0.00631
1	0.03163	0.52129	0.07987	0.01154	0.01676	0.01852	0.08568	0.01745	0.01204	0.04769	0.00939	0.01079	0.00788	0.00495	0.00427	0.00133	0.00634	0.00368	0.00283	0.10607
2	0.01153	0.01114	0.01561	0.01375	0.01386	0.01522	0.01126	0.01281	0.00905	0.01383	0.01095	0.10655	0.01162	0.01339	0.07342	0.00298	0.63775	0.00643	0.00288	0.00598
3	0.01173	0.00590	0.00670	0.00633	0.00796	0.00578	0.00484	0.01431	0.01275	0.09789	0.10722	0.02377	0.01927	0.00987	0.05916	0.00199	0.00379	0.00603	0.58895	0.00578
4	0.00861	0.00669	0.00754	0.00706	0.00895	0.00618	0.00536	0.07431	0.01542	0.02014	0.32451	0.06967	0.39890	0.01284	0.00668	0.00187	0.00313	0.01092	0.00573	0.00548
5	0.00710	0.00548	0.00648	0.00691	0.00811	0.00487	0.00493	0.00861	0.01283	0.01656	0.18325	0.34231	0.34146	0.01529	0.00697	0.00206	0.00302	0.01338	0.00550	0.00487
6	0.76740	0.01094	0.00884	0.00776	0.01137	0.01244	0.00639	0.01779	0.01032	0.09127	0.00926	0.01019	0.00690	0.00547	0.00374	0.00177	0.00446	0.00333	0.00385	0.00651
7	0.00710	0.00508	0.00676	0.00787	0.00833	0.00474	0.00532	0.00830	0.01158	0.01560	0.11839	0.70555	0.03975	0.01718	0.00723	0.00226	0.00324	0.01556	0.00543	0.00474
8	0.01244	0.01272	0.02424	0.36277	0.18550	0.01351	0.27171	0.01652	0.01249	0.01676	0.01078	0.01509	0.00829	0.00527	0.00607	0.00187	0.00816	0.00567	0.00272	0.00739
9	0.00701	0.00573	0.00621	0.00656	0.00807	0.00502	0.00474	0.00871	0.03131	0.01543	0.04959	0.26361	0.53743	0.01529	0.00689	0.00204	0.00306	0.01311	0.00532	0.00488
10	0.00697	0.00498	0.00664	0.00796	0.00830	0.00465	0.00531	0.00796	0.01095	0.01460	0.03153	0.79525	0.03783	0.01792	0.00730	0.00232	0.00332	0.01626	0.00531	0.00465
11	0.09285	0.02085	0.01527	0.01321	0.01665	0.41105	0.01026	0.21697	0.09450	0.02216	0.02603	0.01290	0.00984	0.00641	0.00527	0.00162	0.00797	0.00444	0.00411	0.00765
12	0.06005	0.10222	0.36084	0.01696	0.02361	0.01415	0.23649	0.01887	0.01271	0.08440	0.01138	0.01329	0.00824	0.00533	0.00557	0.00178	0.00803	0.00494	0.00304	0.00810
13	0.00705	0.00504	0.00671	0.00791	0.00831	0.00470	0.00532	0.00817	0.01134	0.01522	0.08541	0.73961	0.03902	0.01746	0.00726	0.00228	0.00327	0.01582	0.00538	0.00470
14	0.00796	0.00584	0.00745	0.00705	0.00846	0.00534	0.00529	0.01053	0.01587	0.02217	0.68784	0.04400	0.12689	0.01198	0.00675	0.00181	0.00272	0.01052	0.00619	0.00534
15	0.01450	0.14271	0.23482	0.01288	0.01804	0.01570	0.01288	0.10983	0.33496	0.02204	0.01596	0.01583	0.01198	0.00653	0.00536	0.00176	0.00612	0.00512	0.00429	0.00869
16	0.01159	0.05416	0.74583	0.01610	0.02444	0.01358	0.02077	0.01808	0.01206	0.01797	0.01019	0.01198	0.00725	0.00542	0.00538	0.00179	0.00838	0.00419	0.00242	0.00842
17	0.00799	0.00580	0.00717	0.00787	0.00875	0.00553	0.00585	0.00933	0.01138	0.01464	0.03299	0.21183	0.18054	0.22396	0.01317	0.00320	0.00444	0.23619	0.00481	0.00457
18	0.02036	0.02718	0.09392	0.01485	0.01841	0.67548	0.01209	0.04316	0.01609	0.01506	0.00913	0.01060	0.00742	0.00587	0.00520	0.00152	0.01001	0.00378	0.00297	0.00691
19	0.01110	0.00768	0.01064	0.00961	0.01169	0.00721	0.07151	0.07661	0.01398	0.10719	0.07358	0.36251	0.18686	0.01340	0.00678	0.00205	0.00420	0.01194	0.00540	0.00606
20	0.09759	0.01044	0.01226	0.10128	0.01652	0.00937	0.00804	0.01638	0.07725	0.03522	0.01136	0.01300	0.00905	0.00490	0.00451	0.00118	0.00470	0.00388	0.00360	0.55947
21	0.01412	0.01012	0.01210	0.08990	0.01561	0.01089	0.00865	0.11579	0.24950	0.11237	0.22012	0.02732	0.07134	0.00883	0.00610	0.00185	0.00453	0.00745	0.00571	0.00770
22	0.01826	0.10744	0.01669	0.01177	0.01581	0.04745	0.03167	0.23467	0.20942	0.14662	0.05983	0.01762	0.01456	0.00698	0.00552	0.00169	0.00558	0.00557	0.00532	0.03752

[dist]
# distance from previous block
# <min> <max>
0	3

[block]
# block no. 8 follows, 41 sequences, length 16
# corresponding to MSA columns:
# 802-817
name=unknown_I
#
# <colnr> <probs for GDERKNQSTAVLIFYWHMCP>
#	G	D	E	R	K	N	Q	S	T	A	V	L	I	F	Y	W	H	M	C	P
0	0.70922	0.01125	0.00912	0.00817	0.01166	0.01305	0.00665	0.01896	0.12697	0.02539	0.01038	0.01119	0.00797	0.00570	0.00390	0.00180	0.00444	0.00363	0.00390	0.00665
1	0.01098	0.01035	0.01748	0.74539	0.07785	0.01275	0.01597	0.01477	0.01152	0.01483	0.01020	0.01519	0.00770	0.00569	0.00572	0.00190	0.00758	0.00508	0.00256	0.00650
2	0.01648	0.01707	0.01363	0.01239	0.01524	0.29114	0.00942	0.08644	0.31895	0.02007	0.01832	0.12332	0.01592	0.00840	0.00577	0.00180	0.00663	0.00669	0.00469	0.00762
3	0.00831	0.11515	0.00978	0.00771	0.00899	0.00732	0.00569	0.00953	0.01146	0.01472	0.06645	0.43583	0.15684	0.08764	0.00872	0.00239	0.00386	0.02982	0.00479	0.00499
4	0.01446	0.01329	0.01304	0.01136	0.01490	0.08371	0.00883	0.02682	0.55136	0.02206	0.01958	0.01861	0.01491	0.00695	0.00547	0.00170	0.00501	0.00566	0.00512	0.15716
5	0.01220	0.01224	0.12041	0.01349	0.01690	0.00958	0.22415	0.01489	0.01141	0.10073	0.01601	0.05390	0.01507	0.31376	0.03741	0.00352	0.00727	0.00724	0.00362	0.00621
6	0.12654	0.01250	0.01732	0.01457	0.01544	0.01668	0.05908	0.01448	0.00920	0.01570	0.00784	0.01226	0.00740	0.00903	0.01589	0.00236	0.62984	0.00486	0.00267	0.00634
7	0.01080	0.01017	0.01716	0.78523	0.03940	0.01271	0.01589	0.01461	0.01144	0.01461	0.01017	0.01525	0.00762	0.00572	0.00572	0.00191	0.00762	0.00508	0.00254	0.00635
8	0.01376	0.01353	0.02411	0.10318	0.59507	0.01363	0.11731	0.01739	0.01294	0.01826	0.01082	0.01443	0.00887	0.00512	0.00582	0.00175	0.00726	0.00532	0.00281	0.00862
9	0.01248	0.00848	0.00945	0.00849	0.01107	0.00848	0.00658	0.06007	0.19761	0.12340	0.10309	0.07536	0.27750	0.01077	0.00618	0.00187	0.00376	0.00903	0.05943	0.00691
10	0.02510	0.01063	0.01383	0.01060	0.01505	0.00974	0.00876	0.13028	0.01788	0.66274	0.02130	0.01865	0.01353	0.00705	0.00575	0.00176	0.00507	0.00567	0.00689	0.00973
11	0.00884	0.00717	0.01124	0.00953	0.01149	0.00665	0.10699	0.01183	0.01582	0.02230	0.65710	0.03896	0.04773	0.01075	0.00675	0.00182	0.00366	0.00985	0.00583	0.00572
12	0.02275	0.01440	0.01616	0.01239	0.01693	0.01534	0.01024	0.55979	0.02418	0.22431	0.01601	0.01521	0.01087	0.00692	0.00573	0.00173	0.00593	0.00530	0.00607	0.00973
13	0.00832	0.00555	0.00624	0.00624	0.00624	0.00555	0.00347	0.00832	0.00832	0.01109	0.01802	0.03743	0.02080	0.79898	0.02911	0.00555	0.00555	0.00832	0.00347	0.00347
14	0.01080	0.01017	0.01716	0.78523	0.03940	0.01271	0.01589	0.01461	0.01144	0.01461	0.01017	0.01525	0.00762	0.00572	0.00572	0.00191	0.00762	0.00508	0.00254	0.00635
15	0.01337	0.41430	0.40129	0.01306	0.01974	0.01794	0.01549	0.01762	0.01185	0.01580	0.00911	0.01063	0.00729	0.00517	0.00456	0.00152	0.00729	0.00365	0.00243	0.00790

[dist]
# distance from previous block
# <min> <max>
0	1

[block]
# block no. 9 follows, 41 sequences, length 21
# corresponding to MSA columns:
# 819-839
name=unknown_J
#
# <colnr> <probs for GDERKNQSTAVLIFYWHMCP>
#	G	D	E	R	K	N	Q	S	T	A	V	L	I	F	Y	W	H	M	C	P
0	0.01412	0.19440	0.07341	0.00974	0.01309	0.01137	0.00862	0.01777	0.08631	0.17656	0.13817	0.19034	0.02391	0.00962	0.00575	0.00179	0.00472	0.00811	0.00500	0.00720
1	0.08848	0.01207	0.01281	0.01027	0.01383	0.01305	0.00836	0.41666	0.02045	0.09191	0.03111	0.01643	0.01202	0.00680	0.00511	0.00163	0.00499	0.00518	0.22065	0.00819
2	0.00697	0.00498	0.00664	0.00796	0.00830	0.00465	0.00531	0.00796	0.01095	0.01460	0.03153	0.79525	0.03783	0.01792	0.00730	0.00232	0.00332	0.01626	0.00531	0.00465
3	0.00966	0.00718	0.00941	0.07097	0.04781	0.00763	0.00671	0.07214	0.01102	0.01489	0.01884	0.17546	0.02046	0.35886	0.13965	0.00471	0.00697	0.00881	0.00384	0.00499
4	0.01290	0.01182	0.01813	0.38978	0.17290	0.01395	0.01466	0.08806	0.01286	0.01762	0.01018	0.01424	0.00814	0.00637	0.00787	0.00189	0.14097	0.00499	0.00295	0.04970
5	0.00957	0.00680	0.00778	0.00723	0.00931	0.00627	0.00552	0.01298	0.08846	0.08284	0.29088	0.04445	0.38198	0.01223	0.00658	0.00187	0.00316	0.01038	0.00585	0.00586
6	0.00830	0.00558	0.00638	0.00633	0.00647	0.00553	0.00366	0.00857	0.00911	0.01228	0.09232	0.03796	0.02412	0.72018	0.02687	0.00517	0.00526	0.00852	0.00375	0.00366
7	0.01327	0.01708	0.12514	0.02148	0.02709	0.05156	0.55116	0.01797	0.01342	0.01798	0.01286	0.01892	0.01049	0.00589	0.00660	0.00195	0.00915	0.06739	0.00304	0.00755
8	0.00746	0.00557	0.00680	0.00710	0.00819	0.00507	0.00507	0.00910	0.01305	0.01731	0.27192	0.27472	0.22989	0.07704	0.00874	0.00232	0.00325	0.03705	0.00548	0.00486
9	0.25414	0.01035	0.01174	0.00938	0.01338	0.01022	0.00772	0.08154	0.01509	0.45488	0.01750	0.01624	0.01158	0.00654	0.00502	0.00174	0.00473	0.00493	0.05479	0.00847
10	0.00780	0.00615	0.00956	0.00978	0.01074	0.00578	0.07941	0.00931	0.01138	0.01517	0.02943	0.65910	0.03452	0.01644	0.00729	0.00231	0.00411	0.07163	0.00506	0.00500
11	0.01702	0.01280	0.01513	0.01493	0.11748	0.01402	0.01045	0.15542	0.42823	0.12071	0.01978	0.01877	0.01451	0.00715	0.00577	0.00185	0.00519	0.00595	0.00556	0.00926
12	0.01613	0.01282	0.01370	0.01184	0.01537	0.01456	0.00934	0.15732	0.58706	0.06310	0.02155	0.01989	0.01592	0.00757	0.00580	0.00189	0.00486	0.00620	0.00587	0.00921
13	0.00792	0.00550	0.00709	0.00775	0.00867	0.00505	0.00551	0.00944	0.01255	0.04242	0.17821	0.48886	0.13153	0.01577	0.00710	0.00217	0.00330	0.05058	0.00556	0.00502
14	0.03105	0.05384	0.05616	0.03903	0.31087	0.07895	0.14166	0.11535	0.01467	0.01973	0.01149	0.01544	0.00962	0.06849	0.00754	0.00202	0.00744	0.00535	0.00326	0.00804
15	0.01331	0.01455	0.02976	0.09890	0.02916	0.01426	0.58758	0.01930	0.09618	0.01858	0.01274	0.01607	0.00956	0.00524	0.00654	0.00193	0.00887	0.00655	0.00319	0.00773
16	0.00871	0.00555	0.00730	0.00793	0.00884	0.00508	0.00554	0.01006	0.01225	0.07986	0.13325	0.58679	0.07519	0.01596	0.00706	0.00218	0.00334	0.01433	0.00560	0.00519
17	0.01402	0.01363	0.02690	0.02212	0.12311	0.01338	0.45828	0.01771	0.01279	0.07688	0.01252	0.01719	0.01009	0.07310	0.00952	0.00225	0.07929	0.00643	0.00323	0.00756
18	0.01384	0.01095	0.01363	0.05779	0.01628	0.01193	0.04536	0.21355	0.18970	0.02360	0.03543	0.10094	0.02120	0.01050	0.00657	0.00210	0.00550	0.20838	0.00526	0.00748
19	0.05726	0.01512	0.01772	0.25522	0.10750	0.15630	0.03287	0.11424	0.01406	0.01834	0.00991	0.01321	0.00795	0.00657	0.00788	0.00188	0.14890	0.00476	0.00313	0.00717
20	0.01835	0.01910	0.09526	0.01742	0.07957	0.23352	0.16540	0.09620	0.06653	0.13246	0.01327	0.01436	0.00972	0.00597	0.00575	0.00172	0.00808	0.00515	0.00398	0.00819

[dist]
# distance from previous block
# <min> <max>
0	15

[block]
# block no. 10 follows, 41 sequences, length 61
# corresponding to MSA columns:
# 855-915
name=unknown_K
#
# <colnr> <probs for GDERKNQSTAVLIFYWHMCP>
#	G	D	E	R	K	N	Q	S	T	A	V	L	I	F	Y	W	H	M	C	P
0	0.01147	0.12222	0.52354	0.01500	0.04035	0.01333	0.04551	0.01660	0.01207	0.01712	0.01450	0.07691	0.05356	0.00686	0.00550	0.00179	0.00743	0.00562	0.00285	0.00779
1	0.05112	0.08537	0.01699	0.17358	0.03463	0.08343	0.06814	0.05533	0.02809	0.22397	0.10703	0.01858	0.01547	0.00677	0.00561	0.00174	0.00626	0.00568	0.00457	0.00765
2	0.01234	0.04184	0.01522	0.34374	0.07864	0.01141	0.01170	0.06013	0.05411	0.05499	0.04718	0.03785	0.08990	0.00713	0.00564	0.00172	0.00590	0.00610	0.00377	0.11068
3	0.00792	0.00589	0.00758	0.00858	0.00974	0.00555	0.00681	0.00975	0.01244	0.01592	0.03738	0.29145	0.21091	0.01615	0.00744	0.00237	0.00408	0.32980	0.00529	0.00497
4	0.45489	0.00955	0.00926	0.00836	0.01139	0.01024	0.00660	0.01788	0.04567	0.17848	0.01671	0.17824	0.01507	0.00846	0.00490	0.00189	0.00429	0.00659	0.00476	0.00674
5	0.02812	0.30799	0.32514	0.12528	0.02188	0.01606	0.01491	0.01656	0.01170	0.01581	0.01073	0.06204	0.00929	0.00608	0.00491	0.00164	0.00707	0.00468	0.00265	0.00745
6	0.01219	0.01503	0.11962	0.01920	0.02403	0.01256	0.46229	0.03412	0.01277	0.01758	0.01400	0.09668	0.01250	0.05560	0.04638	0.00254	0.02521	0.00740	0.00319	0.00713
7	0.02374	0.01091	0.01377	0.01077	0.01507	0.01040	0.00883	0.12753	0.10681	0.57606	0.02143	0.01890	0.01394	0.00713	0.00576	0.00178	0.00502	0.00575	0.00674	0.00965
8	0.00702	0.00502	0.00669	0.00793	0.00831	0.00468	0.00531	0.00810	0.01121	0.01501	0.06765	0.75794	0.03863	0.01761	0.00727	0.00230	0.00329	0.01597	0.00536	0.00468
9	0.12825	0.01382	0.01534	0.01567	0.15341	0.07671	0.01059	0.22119	0.10341	0.13223	0.01548	0.06250	0.01220	0.00706	0.00549	0.00177	0.00588	0.00566	0.00485	0.00849
10	0.00791	0.00592	0.00745	0.00841	0.00913	0.00587	0.00578	0.01085	0.10415	0.01598	0.04868	0.67940	0.03568	0.01649	0.00710	0.00226	0.00345	0.01488	0.00540	0.00522
11	0.01286	0.00765	0.00933	0.00876	0.01070	0.00759	0.00651	0.04994	0.12238	0.16424	0.11352	0.29648	0.02799	0.05868	0.00767	0.00218	0.00394	0.01020	0.07278	0.00659
12	0.00908	0.00805	0.01190	0.05726	0.01387	0.00773	0.11668	0.01280	0.07644	0.01889	0.26610	0.05840	0.29791	0.01113	0.00662	0.00190	0.00429	0.00993	0.00513	0.00589
13	0.01382	0.01245	0.01847	0.34095	0.28746	0.05079	0.01493	0.01882	0.10554	0.06201	0.01269	0.01564	0.00974	0.00585	0.00569	0.00181	0.00691	0.00523	0.00334	0.00786
14	0.01189	0.00588	0.00614	0.00584	0.00745	0.00584	0.00445	0.03301	0.01265	0.06869	0.01878	0.02101	0.01450	0.00670	0.00415	0.00137	0.00290	0.00535	0.75767	0.00572
15	0.00697	0.00498	0.00664	0.00796	0.00830	0.00465	0.00531	0.00796	0.01095	0.01460	0.03153	0.79525	0.03783	0.01792	0.00730	0.00232	0.00332	0.01626	0.00531	0.00465
16	0.05390	0.01774	0.06200	0.01297	0.01735	0.15474	0.01095	0.41335	0.05802	0.12161	0.01398	0.01392	0.00994	0.00661	0.00552	0.00170	0.00682	0.00488	0.00510	0.00891
17	0.00829	0.00567	0.00686	0.00686	0.00707	0.00588	0.00424	0.00872	0.00850	0.01155	0.01746	0.03429	0.01943	0.64029	0.18594	0.00631	0.00760	0.00786	0.00338	0.00381
18	0.01529	0.80242	0.02997	0.00979	0.01468	0.02263	0.00979	0.01713	0.01162	0.01346	0.00795	0.00918	0.00734	0.00489	0.00367	0.00122	0.00612	0.00306	0.00245	0.00734
19	0.00832	0.00555	0.00624	0.00624	0.00624	0.00555	0.00347	0.00832	0.00832	0.01109	0.01802	0.03743	0.02080	0.79898	0.02911	0.00555	0.00555	0.00832	0.00347	0.00347
20	0.00693	0.00580	0.00603	0.00597	0.00783	0.00490	0.00448	0.00853	0.01343	0.01639	0.14604	0.05350	0.67230	0.01414	0.00676	0.00191	0.00287	0.01186	0.00544	0.00490
21	0.83938	0.01106	0.00841	0.00752	0.01106	0.01283	0.00619	0.01681	0.00973	0.02566	0.00796	0.00929	0.00619	0.00531	0.00354	0.00177	0.00442	0.00310	0.00354	0.00619
22	0.01414	0.01190	0.01259	0.01131	0.01451	0.01361	0.00880	0.02923	0.69773	0.04221	0.02498	0.02297	0.05426	0.00808	0.00587	0.00194	0.00445	0.00673	0.00583	0.00886
23	0.12333	0.02418	0.01529	0.06101	0.01818	0.63355	0.01074	0.02158	0.01510	0.01550	0.00881	0.01049	0.00724	0.00581	0.00499	0.00154	0.00941	0.00370	0.00300	0.00656
24	0.01250	0.00970	0.01165	0.00887	0.01318	0.00799	0.00706	0.05058	0.01250	0.06325	0.01264	0.04722	0.01086	0.00997	0.10137	0.00206	0.00573	0.00451	0.00377	0.60458
25	0.01610	0.70378	0.02837	0.01021	0.01506	0.02202	0.00992	0.10833	0.01354	0.01629	0.00868	0.00975	0.00764	0.00514	0.00393	0.00129	0.00614	0.00332	0.00286	0.00764
26	0.01147	0.02959	0.76934	0.01630	0.02476	0.01328	0.02113	0.01811	0.01208	0.01811	0.01026	0.01208	0.00725	0.00543	0.00543	0.00181	0.00845	0.00423	0.00242	0.00845
27	0.02073	0.01526	0.01632	0.01268	0.01701	0.01691	0.01042	0.66429	0.07061	0.03458	0.01456	0.01457	0.01045	0.00691	0.00564	0.00171	0.00601	0.00524	0.04663	0.00947
28	0.01971	0.11256	0.01698	0.01181	0.01605	0.01576	0.00982	0.33980	0.20958	0.16265	0.01706	0.01616	0.01222	0.00689	0.00550	0.00172	0.00556	0.00533	0.00558	0.00926
29	0.05397	0.32332	0.44973	0.01338	0.02024	0.01683	0.01607	0.01767	0.01179	0.01671	0.00927	0.01083	0.00723	0.00522	0.00467	0.00159	0.00736	0.00373	0.00248	0.00792
30	0.01304	0.42939	0.28847	0.01176	0.01747	0.01717	0.01325	0.01668	0.01236	0.01629	0.10314	0.01441	0.01316	0.00594	0.00468	0.00150	0.00651	0.00439	0.00292	0.00749
31	0.01175	0.00792	0.00963	0.00875	0.01089	0.00798	0.00670	0.01774	0.20485	0.11385	0.43629	0.08047	0.03874	0.01050	0.00642	0.00186	0.00347	0.00915	0.00621	0.00682
32	0.71674	0.01102	0.00924	0.00800	0.01167	0.01240	0.00659	0.03650	0.01100	0.11894	0.00994	0.01068	0.00728	0.00557	0.00387	0.00177	0.00453	0.00348	0.00404	0.00673
33	0.01767	0.01246	0.01351	0.01123	0.01483	0.01372	0.00899	0.28025	0.32399	0.10805	0.01925	0.01845	0.01402	0.00723	0.00555	0.00177	0.00495	0.00578	0.10939	0.00890
34	0.00693	0.00541	0.00629	0.00690	0.00804	0.00477	0.00486	0.00822	0.01220	0.01542	0.08019	0.40668	0.38180	0.01598	0.00702	0.00211	0.00309	0.01398	0.00536	0.00477
35	0.01283	0.01426	0.03067	0.02224	0.02743	0.01355	0.65029	0.01731	0.01296	0.01769	0.01204	0.01631	0.00938	0.00960	0.10328	0.00284	0.01036	0.00667	0.00291	0.00739
36	0.00993	0.00623	0.00787	0.00737	0.00912	0.00558	0.00555	0.01212	0.01499	0.11492	0.44262	0.12444	0.19264	0.01236	0.00668	0.00188	0.00308	0.01076	0.00609	0.00575
37	0.01186	0.01017	0.01186	0.00847	0.01356	0.00762	0.00678	0.01440	0.01186	0.01864	0.01017	0.01186	0.00847	0.00424	0.00424	0.00085	0.00424	0.00339	0.00339	0.83395
38	0.03669	0.01326	0.01353	0.01147	0.01497	0.04597	0.00918	0.29811	0.30470	0.02684	0.02329	0.02364	0.10769	0.00845	0.00590	0.00186	0.00527	0.03523	0.00552	0.00846
39	0.06795	0.01644	0.10955	0.01260	0.01718	0.05484	0.01119	0.34886	0.15425	0.11115	0.01574	0.02885	0.01148	0.00692	0.00558	0.00178	0.00613	0.00534	0.00519	0.00898
40	0.00994	0.00497	0.00745	0.00745	0.00745	0.00497	0.00497	0.00745	0.00745	0.00994	0.00994	0.01739	0.00994	0.01987	0.02235	0.83358	0.00497	0.00497	0.00248	0.00248
41	0.01134	0.01055	0.01683	0.66293	0.06071	0.01293	0.01508	0.01669	0.10450	0.01592	0.01183	0.01598	0.00891	0.00595	0.00573	0.00190	0.00721	0.00526	0.00296	0.00678
42	0.01596	0.08071	0.03602	0.04677	0.11068	0.01291	0.04466	0.20087	0.03015	0.08978	0.01368	0.06096	0.01117	0.00634	0.00530	0.00152	0.00575	0.00532	0.00424	0.21723
43	0.00843	0.10546	0.00984	0.00759	0.00912	0.00722	0.00577	0.01026	0.01338	0.01785	0.31854	0.29863	0.14035	0.01336	0.00655	0.00193	0.00337	0.01170	0.00534	0.00530
