[name]
unknown

[dist]
# distance from previous block
# <min> <max>
0	129

[block]
# block no. 0 follows, 39 sequences, length 9
# corresponding to MSA columns:
# 232-240
name=unknown_A
#
# <colnr> <probs for GDERKNQSTAVLIFYWHMCP>
#	G	D	E	R	K	N	Q	S	T	A	V	L	I	F	Y	W	H	M	C	P
0	0.01103	0.00850	0.01194	0.25603	0.01991	0.00945	0.00971	0.08376	0.01337	0.01777	0.12379	0.03204	0.02189	0.18081	0.01295	0.06529	0.00599	0.10600	0.00412	0.00566
1	0.00841	0.00637	0.00780	0.00747	0.00904	0.00596	0.00559	0.01166	0.05824	0.02181	0.53658	0.08649	0.18696	0.01276	0.00695	0.00192	0.00298	0.01114	0.00623	0.00564
2	0.08445	0.01546	0.09705	0.02768	0.42661	0.01364	0.14360	0.01922	0.01347	0.08468	0.01205	0.01471	0.00932	0.00545	0.00585	0.00182	0.00734	0.00537	0.00334	0.00887
3	0.12441	0.20261	0.08770	0.01279	0.01666	0.32823	0.01129	0.01957	0.01384	0.01663	0.01111	0.01606	0.01007	0.00687	0.00547	0.00169	0.03042	0.07441	0.00318	0.00699
4	0.00765	0.00556	0.00727	0.00817	0.00895	0.00517	0.00583	0.00924	0.01280	0.01715	0.17911	0.51179	0.09591	0.01675	0.00745	0.00229	0.00347	0.08470	0.00569	0.00504
5	0.01414	0.10173	0.06263	0.19906	0.14593	0.02793	0.09820	0.05946	0.05614	0.04658	0.06497	0.01706	0.01272	0.00651	0.00649	0.00184	0.04575	0.00565	0.01937	0.00784
6	0.00952	0.00664	0.00776	0.00720	0.00936	0.00569	0.00544	0.01150	0.01445	0.08355	0.24987	0.10603	0.37345	0.01296	0.00674	0.00189	0.00325	0.01107	0.00579	0.06782
7	0.03721	0.13664	0.03766	0.01275	0.03368	0.04902	0.03278	0.23391	0.19582	0.06829	0.05828	0.01889	0.04472	0.00739	0.00566	0.00177	0.00591	0.00585	0.00508	0.00870
8	0.08063	0.14423	0.17872	0.01130	0.01676	0.01302	0.01124	0.08128	0.01423	0.12714	0.03358	0.03622	0.01126	0.00614	0.00502	0.00152	0.00587	0.00471	0.00404	0.21310

[dist]
# distance from previous block
# <min> <max>
0	5

[block]
# block no. 1 follows, 39 sequences, length 11
# corresponding to MSA columns:
# 246-256
name=unknown_B
#
# <colnr> <probs for GDERKNQSTAVLIFYWHMCP>
#	G	D	E	R	K	N	Q	S	T	A	V	L	I	F	Y	W	H	M	C	P
0	0.23168	0.01241	0.01508	0.12759	0.05930	0.05545	0.04717	0.01962	0.06749	0.13800	0.05186	0.01608	0.01197	0.00705	0.00727	0.00196	0.11317	0.00522	0.00416	0.00747
1	0.04424	0.06568	0.10568	0.04122	0.08741	0.01276	0.07119	0.16302	0.03655	0.06606	0.05942	0.12171	0.05586	0.00859	0.00602	0.00187	0.00601	0.00741	0.03144	0.00786
2	0.00815	0.00588	0.00771	0.00759	0.00879	0.00543	0.00556	0.01061	0.01573	0.02210	0.61763	0.18329	0.05268	0.01329	0.00708	0.00196	0.00291	0.01184	0.00632	0.00543
3	0.09693	0.01459	0.01541	0.06136	0.03518	0.08156	0.02688	0.33096	0.07156	0.07896	0.01853	0.02065	0.06723	0.00787	0.00588	0.00186	0.00632	0.04466	0.00515	0.00846
4	0.00897	0.00563	0.00660	0.00677	0.00756	0.00545	0.00459	0.01061	0.01214	0.01809	0.19333	0.18357	0.03120	0.23083	0.01276	0.00292	0.00373	0.00983	0.24059	0.00485
5	0.01414	0.24981	0.09217	0.08633	0.15796	0.03686	0.01267	0.05820	0.08053	0.01876	0.06557	0.05673	0.01431	0.00690	0.00535	0.00169	0.00633	0.00564	0.02215	0.00788
6	0.00731	0.00567	0.00667	0.00713	0.00837	0.00502	0.00508	0.00885	0.01319	0.01697	0.16904	0.34489	0.34888	0.01589	0.00721	0.00213	0.00313	0.01389	0.00567	0.00502
7	0.01532	0.13734	0.47966	0.01500	0.02227	0.01445	0.04362	0.04095	0.01367	0.14506	0.01259	0.01353	0.00885	0.00585	0.00547	0.00178	0.00774	0.00459	0.00344	0.00881
8	0.01308	0.01085	0.06766	0.01205	0.05258	0.00992	0.00927	0.09584	0.16438	0.09046	0.02512	0.34606	0.02516	0.01231	0.00669	0.00214	0.00484	0.03875	0.00546	0.00737
9	0.07687	0.01161	0.01286	0.01019	0.01456	0.01121	0.00815	0.09810	0.20786	0.09424	0.04234	0.01677	0.01344	0.00628	0.00517	0.00147	0.00471	0.00501	0.00491	0.35427
10	0.06948	0.01460	0.01468	0.01217	0.01619	0.05658	0.00971	0.27317	0.33894	0.02812	0.01752	0.01698	0.01307	0.00709	0.00564	0.00178	0.00561	0.00553	0.00543	0.08771

[dist]
# distance from previous block
# <min> <max>
0	6

[block]
# block no. 2 follows, 39 sequences, length 12
# corresponding to MSA columns:
# 263-274
name=unknown_C
#
# <colnr> <probs for GDERKNQSTAVLIFYWHMCP>
#	G	D	E	R	K	N	Q	S	T	A	V	L	I	F	Y	W	H	M	C	P
0	0.02080	0.05416	0.01849	0.01960	0.24662	0.15258	0.01235	0.05117	0.04753	0.29388	0.01582	0.01599	0.01131	0.00636	0.00570	0.00173	0.00680	0.00521	0.00481	0.00910
1	0.01500	0.25765	0.28049	0.01576	0.04921	0.01637	0.11452	0.01913	0.01284	0.09642	0.01145	0.01322	0.00874	0.00662	0.02328	0.00190	0.04136	0.00465	0.00313	0.00827
2	0.01484	0.05258	0.12490	0.02043	0.08694	0.01395	0.35168	0.04331	0.03079	0.09212	0.03183	0.05664	0.01222	0.00653	0.00684	0.00194	0.03389	0.00669	0.00369	0.00821
3	0.00948	0.00575	0.00753	0.00760	0.00798	0.00573	0.00503	0.00939	0.04585	0.01290	0.06159	0.11655	0.05541	0.19519	0.02030	0.41347	0.00481	0.00806	0.00369	0.00370
4	0.01314	0.01141	0.01955	0.10565	0.25114	0.01132	0.14698	0.01701	0.04098	0.07440	0.14562	0.04962	0.07124	0.00785	0.00642	0.00190	0.00630	0.00753	0.00424	0.00773
5	0.01753	0.03525	0.05119	0.01667	0.12714	0.04311	0.08917	0.09537	0.09792	0.20744	0.01877	0.12305	0.01556	0.00824	0.00649	0.00192	0.02435	0.00722	0.00502	0.00859
6	0.03422	0.20894	0.20186	0.01730	0.07300	0.01539	0.20214	0.01888	0.01316	0.09393	0.01297	0.05922	0.01061	0.00622	0.00565	0.00177	0.00756	0.00569	0.00336	0.00815
7	0.01925	0.00831	0.01018	0.00839	0.01151	0.00772	0.00674	0.05731	0.01541	0.38685	0.02103	0.02071	0.01465	0.00711	0.00512	0.00162	0.00407	0.00572	0.38031	0.00799
8	0.01263	0.01711	0.25497	0.06942	0.08312	0.01203	0.07473	0.01929	0.14007	0.05528	0.03974	0.04922	0.05846	0.00894	0.02429	0.00217	0.00699	0.05950	0.00406	0.00798
9	0.01539	0.13668	0.08527	0.08721	0.08543	0.01224	0.07042	0.01859	0.03153	0.19060	0.03242	0.14349	0.01647	0.03968	0.00690	0.00202	0.00614	0.00732	0.00443	0.00776
10	0.01606	0.01036	0.05653	0.10457	0.04727	0.00929	0.00982	0.06014	0.04648	0.26603	0.05721	0.20973	0.04137	0.01016	0.00635	0.00199	0.00514	0.00880	0.02495	0.00775
11	0.00940	0.00623	0.00782	0.00750	0.00913	0.00560	0.00559	0.01162	0.01527	0.08141	0.43989	0.15328	0.19844	0.01325	0.00698	0.00197	0.00311	0.01158	0.00621	0.00571

[dist]
# distance from previous block
# <min> <max>
0	7

[block]
# block no. 3 follows, 39 sequences, length 9
# corresponding to MSA columns:
# 282-290
name=unknown_D
#
# <colnr> <probs for GDERKNQSTAVLIFYWHMCP>
#	G	D	E	R	K	N	Q	S	T	A	V	L	I	F	Y	W	H	M	C	P
0	0.04464	0.01633	0.11759	0.08265	0.18965	0.09813	0.05345	0.10055	0.01590	0.08245	0.12398	0.01875	0.01619	0.00686	0.00594	0.00180	0.00695	0.00589	0.00413	0.00815
1	0.06110	0.13428	0.11762	0.01309	0.04198	0.01527	0.01174	0.25211	0.04488	0.20325	0.01550	0.01638	0.01127	0.00682	0.00552	0.00176	0.00624	0.02699	0.00506	0.00913
2	0.00873	0.06691	0.07310	0.01018	0.01214	0.00772	0.06294	0.01065	0.01185	0.01568	0.02966	0.54623	0.09123	0.01513	0.00702	0.00221	0.00455	0.01365	0.00483	0.00559
3	0.14390	0.09215	0.22156	0.01155	0.01738	0.01272	0.01184	0.07256	0.01367	0.10701	0.01173	0.01270	0.00871	0.00551	0.00485	0.00152	0.00604	0.00408	0.00378	0.23674
4	0.04321	0.00607	0.00787	0.00785	0.00842	0.00618	0.00536	0.01003	0.06339	0.01293	0.01751	0.08617	0.07087	0.07746	0.01907	0.53874	0.00482	0.00697	0.00341	0.00368
5	0.00920	0.00698	0.00825	0.00801	0.00965	0.00689	0.00596	0.01385	0.13580	0.02141	0.38546	0.15343	0.14207	0.01250	0.00675	0.00196	0.00323	0.01092	0.05169	0.00600
6	0.04248	0.09486	0.05342	0.04826	0.24898	0.11098	0.08489	0.07206	0.07632	0.09188	0.01302	0.01466	0.00999	0.00593	0.00564	0.00175	0.00731	0.00513	0.00380	0.00863
7	0.10204	0.05808	0.04044	0.05570	0.07552	0.06193	0.01064	0.14059	0.04332	0.25149	0.03133	0.01706	0.01225	0.00675	0.00551	0.00174	0.00602	0.02014	0.00509	0.05438
8	0.07879	0.04509	0.01189	0.00972	0.01283	0.00989	0.00786	0.02134	0.16907	0.24458	0.14143	0.05783	0.08147	0.00981	0.00619	0.00196	0.00445	0.07197	0.00604	0.00780

[dist]
# distance from previous block
# <min> <max>
0	1

[block]
# block no. 4 follows, 39 sequences, length 10
# corresponding to MSA columns:
# 292-301
name=unknown_E
#
# <colnr> <probs for GDERKNQSTAVLIFYWHMCP>
#	G	D	E	R	K	N	Q	S	T	A	V	L	I	F	Y	W	H	M	C	P
0	0.01673	0.23935	0.13347	0.08654	0.03988	0.14015	0.03919	0.10907	0.01488	0.04745	0.01046	0.01239	0.00831	0.00618	0.00634	0.00170	0.07235	0.00439	0.00326	0.00792
1	0.00827	0.00602	0.00746	0.00724	0.00848	0.00558	0.00529	0.01039	0.01472	0.02019	0.48947	0.04625	0.14965	0.14584	0.01099	0.00259	0.00346	0.04714	0.00581	0.00515
2	0.01530	0.11442	0.15508	0.04572	0.04773	0.05614	0.04992	0.13296	0.18424	0.03747	0.04928	0.01883	0.05302	0.00715	0.00575	0.00180	0.00657	0.00583	0.00436	0.00843
3	0.00904	0.00621	0.00777	0.00814	0.00963	0.00566	0.00627	0.01094	0.01371	0.06385	0.16073	0.24471	0.25158	0.01523	0.00732	0.00222	0.00372	0.16204	0.00577	0.00545
4	0.01546	0.01268	0.01391	0.01188	0.01506	0.05409	0.04040	0.14946	0.34819	0.05542	0.12665	0.04160	0.02172	0.05714	0.00767	0.00215	0.00534	0.00721	0.00567	0.00830
5	0.01887	0.04462	0.01595	0.06189	0.09553	0.06536	0.01061	0.08276	0.04040	0.28107	0.05703	0.05782	0.01520	0.00778	0.00701	0.00183	0.07199	0.00616	0.00514	0.05296
6	0.04014	0.01146	0.01801	0.09738	0.05867	0.01073	0.15972	0.04571	0.01418	0.13798	0.07660	0.01797	0.01393	0.00768	0.03798	0.00194	0.00660	0.00569	0.00422	0.23340
7	0.01531	0.06818	0.04604	0.14573	0.13663	0.01285	0.01196	0.10441	0.07746	0.09558	0.05941	0.01689	0.01304	0.00629	0.00552	0.00163	0.00595	0.00527	0.00423	0.16762
8	0.06530	0.01110	0.01338	0.01037	0.01479	0.01017	0.04719	0.06518	0.13121	0.09081	0.05417	0.01875	0.05330	0.00648	0.00526	0.00143	0.00479	0.00538	0.00466	0.38630
9	0.01397	0.01151	0.01667	0.39371	0.11968	0.03490	0.01350	0.04742	0.05302	0.08794	0.03949	0.01750	0.01153	0.02872	0.00648	0.00191	0.00678	0.00548	0.00369	0.08607

[dist]
# distance from previous block
# <min> <max>
2	32

[block]
# block no. 5 follows, 39 sequences, length 34
# corresponding to MSA columns:
# 334-367
name=unknown_F
#
# <colnr> <probs for GDERKNQSTAVLIFYWHMCP>
#	G	D	E	R	K	N	Q	S	T	A	V	L	I	F	Y	W	H	M	C	P
0	0.18427	0.05381	0.01473	0.05460	0.06019	0.06297	0.02939	0.05347	0.15002	0.07403	0.01508	0.03734	0.01233	0.00686	0.00526	0.00173	0.00567	0.03849	0.00435	0.13542
1	0.06127	0.03461	0.07050	0.35394	0.09699	0.01228	0.01348	0.01727	0.07274	0.05423	0.08964	0.03971	0.01492	0.00695	0.00580	0.00187	0.00644	0.00598	0.00372	0.03765
2	0.08839	0.01007	0.03057	0.00953	0.01217	0.00996	0.00749	0.06957	0.08665	0.07198	0.06171	0.06670	0.05326	0.17305	0.03189	0.00281	0.06623	0.00700	0.00452	0.13647
3	0.01830	0.01552	0.09511	0.01262	0.01698	0.01480	0.01103	0.42086	0.10886	0.07031	0.04259	0.07376	0.03401	0.02931	0.00673	0.00198	0.00599	0.00670	0.00555	0.00900
4	0.32146	0.01283	0.01283	0.01041	0.01457	0.04935	0.00852	0.16779	0.03499	0.28929	0.01527	0.01465	0.01043	0.00656	0.00507	0.00181	0.00543	0.00473	0.00545	0.00855
5	0.00799	0.00587	0.00762	0.00878	0.00951	0.00569	0.00629	0.01021	0.05485	0.01608	0.03281	0.61051	0.06078	0.01746	0.00753	0.00241	0.00379	0.12112	0.00551	0.00517
6	0.04261	0.01280	0.03564	0.10111	0.08233	0.01263	0.01135	0.20517	0.05228	0.35564	0.01782	0.01727	0.01201	0.00687	0.00586	0.00183	0.00597	0.00557	0.00577	0.00944
7	0.08402	0.01647	0.01936	0.10909	0.10004	0.20646	0.11981	0.01776	0.01275	0.01671	0.01080	0.04979	0.00960	0.00806	0.02427	0.00213	0.17732	0.00552	0.00304	0.00701
8	0.00818	0.00604	0.00764	0.00724	0.00872	0.00550	0.00543	0.01078	0.01628	0.02262	0.65453	0.04597	0.15411	0.01250	0.00698	0.00188	0.00282	0.01095	0.00637	0.00550
9	0.22032	0.01465	0.01638	0.05776	0.12755	0.06922	0.03099	0.25717	0.01795	0.11450	0.01273	0.01372	0.00928	0.00626	0.00534	0.00179	0.00641	0.00480	0.00461	0.00858
10	0.01880	0.17520	0.07133	0.07826	0.01913	0.26453	0.01188	0.02177	0.04711	0.14713	0.01223	0.01339	0.00935	0.00653	0.00653	0.00171	0.07915	0.00448	0.00372	0.00776
11	0.00741	0.00601	0.00658	0.00644	0.00825	0.00517	0.00483	0.00931	0.01448	0.01835	0.27220	0.05301	0.53910	0.01409	0.00698	0.00195	0.00293	0.01193	0.00580	0.00517
12	0.00738	0.00601	0.00653	0.00640	0.00823	0.00516	0.00480	0.00924	0.01440	0.01817	0.25574	0.05331	0.55567	0.01416	0.00699	0.00196	0.00294	0.01198	0.00578	0.00516
13	0.02566	0.00987	0.01344	0.01037	0.01479	0.00854	0.00854	0.02797	0.01692	0.72385	0.05852	0.02129	0.01663	0.00755	0.00600	0.00183	0.00492	0.00618	0.00728	0.00985
14	0.00837	0.00604	0.00790	0.00744	0.00883	0.00558	0.00558	0.01116	0.01674	0.02371	0.75216	0.04417	0.05580	0.01209	0.00697	0.00186	0.00279	0.01069	0.00651	0.00558
15	0.02248	0.01656	0.01775	0.01361	0.01834	0.01834	0.01124	0.73556	0.02780	0.03727	0.01420	0.01420	0.01006	0.00710	0.00592	0.00177	0.00651	0.00532	0.00592	0.01006
16	0.02248	0.01656	0.01775	0.01361	0.01834	0.01834	0.01124	0.73556	0.02780	0.03727	0.01420	0.01420	0.01006	0.00710	0.00592	0.00177	0.00651	0.00532	0.00592	0.01006
17	0.05075	0.00580	0.00567	0.00562	0.00711	0.00589	0.00424	0.01395	0.01229	0.02226	0.01876	0.02145	0.01474	0.00682	0.00411	0.00140	0.00284	0.00540	0.78534	0.00556
18	0.01464	0.01405	0.02400	0.03630	0.75528	0.01405	0.01815	0.01815	0.01347	0.01932	0.01112	0.01464	0.00937	0.00527	0.00585	0.00176	0.00703	0.00527	0.00293	0.00937
19	0.83394	0.01144	0.00869	0.00778	0.01144	0.01327	0.00640	0.01738	0.01006	0.02653	0.00823	0.00961	0.00640	0.00549	0.00366	0.00183	0.00457	0.00320	0.00366	0.00640
20	0.83394	0.01144	0.00869	0.00778	0.01144	0.01327	0.00640	0.01738	0.01006	0.02653	0.00823	0.00961	0.00640	0.00549	0.00366	0.00183	0.00457	0.00320	0.00366	0.00640
21	0.00837	0.00604	0.00790	0.00744	0.00883	0.00558	0.00558	0.01116	0.01674	0.02371	0.75216	0.04417	0.05580	0.01209	0.00697	0.00186	0.00279	0.01069	0.00651	0.00558
22	0.83394	0.01144	0.00869	0.00778	0.01144	0.01327	0.00640	0.01738	0.01006	0.02653	0.00823	0.00961	0.00640	0.00549	0.00366	0.00183	0.00457	0.00320	0.00366	0.00640
23	0.01464	0.01405	0.02400	0.03630	0.75528	0.01405	0.01815	0.01815	0.01347	0.01932	0.01112	0.01464	0.00937	0.00527	0.00585	0.00176	0.00703	0.00527	0.00293	0.00937
24	0.02248	0.01656	0.01775	0.01361	0.01834	0.01834	0.01124	0.73556	0.02780	0.03727	0.01420	0.01420	0.01006	0.00710	0.00592	0.00177	0.00651	0.00532	0.00592	0.01006
25	0.01471	0.01270	0.01337	0.01203	0.01538	0.01471	0.00936	0.03142	0.74459	0.02474	0.02407	0.02206	0.01805	0.00802	0.00602	0.00201	0.00468	0.00669	0.00602	0.00936
26	0.01074	0.00861	0.00992	0.00914	0.01131	0.00907	0.00698	0.01883	0.29687	0.02373	0.43819	0.03628	0.07509	0.01066	0.00661	0.00192	0.00353	0.00924	0.00627	0.00701
27	0.02523	0.01053	0.01372	0.01059	0.01500	0.00958	0.00872	0.10601	0.01788	0.63900	0.02210	0.01958	0.01416	0.00727	0.00584	0.00180	0.00507	0.00585	0.05225	0.00981
28	0.00975	0.00660	0.00851	0.00784	0.00952	0.00621	0.00595	0.01318	0.05207	0.06702	0.67397	0.04169	0.05155	0.01161	0.00687	0.00187	0.00301	0.01022	0.00653	0.00603
29	0.02209	0.02819	0.01676	0.01524	0.01828	0.76843	0.01143	0.02361	0.01676	0.01447	0.00914	0.01066	0.00762	0.00609	0.00533	0.00152	0.01066	0.00381	0.00305	0.00686
30	0.00727	0.00520	0.00692	0.00819	0.00859	0.00485	0.00549	0.00841	0.01164	0.01560	0.07490	0.74456	0.04009	0.01815	0.00751	0.00237	0.00339	0.01645	0.00555	0.00485
31	0.02653	0.01006	0.01372	0.01052	0.01510	0.00869	0.00869	0.02882	0.01693	0.75937	0.02333	0.02013	0.01464	0.00732	0.00595	0.00183	0.00503	0.00595	0.00732	0.01006
32	0.00956	0.00607	0.00735	0.00718	0.00760	0.00617	0.00449	0.01004	0.00921	0.05308	0.01843	0.03513	0.02001	0.62556	0.15059	0.00614	0.00736	0.00808	0.00372	0.00422
33	0.02378	0.01203	0.01496	0.04620	0.01709	0.01192	0.00976	0.23864	0.04684	0.46643	0.03663	0.01878	0.01403	0.00732	0.00596	0.00183	0.00554	0.00587	0.00662	0.00978

[dist]
# distance from previous block
# <min> <max>
0	18

[block]
# block no. 6 follows, 39 sequences, length 27
# corresponding to MSA columns:
# 386-388,390-413
name=unknown_G
#
# <colnr> <probs for GDERKNQSTAVLIFYWHMCP>
#	G	D	E	R	K	N	Q	S	T	A	V	L	I	F	Y	W	H	M	C	P
0	0.00721	0.00515	0.00686	0.00823	0.00858	0.00480	0.00549	0.00823	0.01132	0.01510	0.03259	0.78831	0.03911	0.01853	0.00755	0.00240	0.00343	0.01681	0.00549	0.00480
1	0.01755	0.07504	0.04245	0.04510	0.11202	0.01483	0.25755	0.15087	0.01660	0.14654	0.03197	0.01620	0.01112	0.00617	0.00650	0.00185	0.02873	0.00592	0.00426	0.00872
2	0.01586	0.01373	0.02174	0.14407	0.35821	0.03898	0.10295	0.09281	0.01509	0.08029	0.01276	0.01560	0.00981	0.00580	0.00591	0.00180	0.00722	0.00550	0.04325	0.00862
3	0.01128	0.01031	0.01751	0.36719	0.06329	0.01141	0.11966	0.05256	0.01282	0.01695	0.01658	0.20162	0.01622	0.02893	0.02564	0.00233	0.00715	0.00839	0.00360	0.00657
4	0.83394	0.01144	0.00869	0.00778	0.01144	0.01327	0.00640	0.01738	0.01006	0.02653	0.00823	0.00961	0.00640	0.00549	0.00366	0.00183	0.00457	0.00320	0.00366	0.00640
5	0.09477	0.00925	0.01190	0.00973	0.01337	0.00838	0.00775	0.02376	0.01506	0.54684	0.02305	0.12963	0.01777	0.05197	0.00730	0.00213	0.00480	0.00740	0.00653	0.00863
6	0.01282	0.01253	0.03680	0.51172	0.17277	0.03313	0.01602	0.04429	0.06865	0.01755	0.01176	0.01576	0.00900	0.00599	0.00589	0.00191	0.00752	0.00531	0.00307	0.00750
7	0.00837	0.00604	0.00790	0.00744	0.00883	0.00558	0.00558	0.01116	0.01674	0.02371	0.75216	0.04417	0.05580	0.01209	0.00697	0.00186	0.00279	0.01069	0.00651	0.00558
8	0.83394	0.01144	0.00869	0.00778	0.01144	0.01327	0.00640	0.01738	0.01006	0.02653	0.00823	0.00961	0.00640	0.00549	0.00366	0.00183	0.00457	0.00320	0.00366	0.00640
9	0.00709	0.00592	0.00618	0.00627	0.00809	0.00501	0.00464	0.00863	0.01349	0.01637	0.09970	0.11832	0.64978	0.01510	0.00704	0.00202	0.00302	0.01274	0.00555	0.00501
10	0.00783	0.00538	0.00681	0.00764	0.00808	0.00511	0.00504	0.00895	0.01141	0.01570	0.10341	0.51789	0.03593	0.16877	0.01170	0.00294	0.00377	0.01388	0.05508	0.00469
11	0.01581	0.79572	0.03099	0.01012	0.01518	0.02340	0.01012	0.01771	0.01202	0.01391	0.00822	0.00949	0.00759	0.00506	0.00379	0.00126	0.00632	0.00316	0.00253	0.00759
12	0.02499	0.00961	0.01291	0.01002	0.01428	0.00838	0.00824	0.02733	0.01648	0.68616	0.02293	0.02032	0.01469	0.00728	0.00577	0.00178	0.00481	0.00590	0.08851	0.00961
13	0.01581	0.79572	0.03099	0.01012	0.01518	0.02340	0.01012	0.01771	0.01202	0.01391	0.00822	0.00949	0.00759	0.00506	0.00379	0.00126	0.00632	0.00316	0.00253	0.00759
14	0.00758	0.00600	0.00675	0.00657	0.00827	0.00524	0.00488	0.00952	0.01458	0.01882	0.32623	0.05140	0.45964	0.03906	0.00773	0.00207	0.00300	0.01166	0.00582	0.00517
15	0.00931	0.00753	0.01084	0.01035	0.01111	0.00926	0.00808	0.01107	0.00933	0.01361	0.01458	0.02276	0.01410	0.10924	0.55655	0.00784	0.15968	0.00633	0.00310	0.00534
16	0.83394	0.01144	0.00869	0.00778	0.01144	0.01327	0.00640	0.01738	0.01006	0.02653	0.00823	0.00961	0.00640	0.00549	0.00366	0.00183	0.00457	0.00320	0.00366	0.00640
17	0.01226	0.01051	0.01226	0.00876	0.01401	0.00788	0.00701	0.01489	0.01226	0.01927	0.01051	0.01226	0.00876	0.00438	0.00438	0.00088	0.00438	0.00350	0.00350	0.82832
18	0.02248	0.01656	0.01775	0.01361	0.01834	0.01834	0.01124	0.73556	0.02780	0.03727	0.01420	0.01420	0.01006	0.00710	0.00592	0.00177	0.00651	0.00532	0.00592	0.01006
19	0.00721	0.00515	0.00686	0.00823	0.00858	0.00480	0.00549	0.00823	0.01132	0.01510	0.03259	0.78831	0.03911	0.01853	0.00755	0.00240	0.00343	0.01681	0.00549	0.00480
20	0.01226	0.01051	0.01226	0.00876	0.01401	0.00788	0.00701	0.01489	0.01226	0.01927	0.01051	0.01226	0.00876	0.00438	0.00438	0.00088	0.00438	0.00350	0.00350	0.82832
21	0.01486	0.01190	0.01283	0.01155	0.01481	0.01340	0.00908	0.04622	0.59719	0.06881	0.02639	0.02636	0.06390	0.00884	0.00619	0.00203	0.00468	0.04599	0.00603	0.00894
22	0.00900	0.00643	0.00893	0.01029	0.01142	0.00635	0.00862	0.01134	0.01310	0.01711	0.03160	0.22973	0.03518	0.01683	0.00803	0.00265	0.00499	0.55763	0.00546	0.00530
23	0.00805	0.00614	0.00741	0.00728	0.00878	0.00562	0.00539	0.01072	0.03940	0.02049	0.44244	0.13828	0.25112	0.01357	0.00702	0.00197	0.00299	0.01182	0.00608	0.00544
24	0.15208	0.01437	0.04390	0.08108	0.07959	0.01547	0.01158	0.30367	0.09476	0.05736	0.01356	0.01476	0.01011	0.00775	0.02520	0.00207	0.05426	0.00511	0.00468	0.00863
25	0.01251	0.01188	0.05392	0.00988	0.01477	0.00933	0.00836	0.03203	0.04776	0.01950	0.01164	0.03222	0.00986	0.00541	0.00557	0.00115	0.05263	0.00418	0.00362	0.65379
26	0.03463	0.27490	0.16690	0.01362	0.05544	0.01591	0.05838	0.07163	0.02785	0.03720	0.03680	0.01333	0.01019	0.00557	0.00493	0.00149	0.00650	0.00437	0.00336	0.15701

[dist]
# distance from previous block
# <min> <max>
5	18

[block]
# block no. 7 follows, 39 sequences, length 11
# corresponding to MSA columns:
# 432-442
name=unknown_H
#
# <colnr> <probs for GDERKNQSTAVLIFYWHMCP>
#	G	D	E	R	K	N	Q	S	T	A	V	L	I	F	Y	W	H	M	C	P
0	0.01225	0.04335	0.03565	0.01317	0.12061	0.04417	0.00861	0.04712	0.06065	0.04871	0.04119	0.04881	0.01761	0.29296	0.13584	0.00442	0.00764	0.00709	0.00390	0.00625
1	0.11181	0.01375	0.01255	0.01111	0.01356	0.21546	0.05219	0.01616	0.01495	0.04168	0.26772	0.04766	0.08774	0.00951	0.00671	0.00185	0.04103	0.02358	0.00472	0.00627
2	0.23264	0.06259	0.13168	0.10762	0.17456	0.01311	0.01281	0.01704	0.01190	0.02032	0.00991	0.01234	0.00788	0.00528	0.00484	0.00163	0.00620	0.00412	0.00310	0.16044
3	0.04442	0.01985	0.10635	0.13375	0.02231	0.24450	0.04045	0.11914	0.08711	0.01978	0.01161	0.01370	0.00903	0.00676	0.00721	0.00187	0.09605	0.00485	0.00357	0.00771
4	0.01173	0.01098	0.04137	0.01505	0.06154	0.01025	0.21962	0.08369	0.01299	0.01759	0.01820	0.17073	0.01889	0.26372	0.01439	0.00325	0.00678	0.00904	0.00393	0.00625
5	0.00794	0.00578	0.00713	0.00718	0.00843	0.00522	0.00520	0.00950	0.01391	0.01855	0.34469	0.17983	0.25452	0.01494	0.00866	0.08293	0.00320	0.01178	0.00564	0.00497
6	0.01316	0.01606	0.24466	0.15540	0.13625	0.01108	0.01490	0.01723	0.01334	0.11570	0.08369	0.11942	0.01741	0.00814	0.00613	0.00194	0.00658	0.00710	0.00399	0.00781
7	0.01241	0.01065	0.01233	0.00896	0.01410	0.00830	0.00715	0.01591	0.05739	0.01961	0.01135	0.01287	0.00933	0.00460	0.00448	0.00095	0.00440	0.00370	0.00366	0.77785
8	0.00806	0.00570	0.00738	0.00792	0.00863	0.00542	0.00556	0.00962	0.01275	0.01739	0.25651	0.34331	0.04060	0.15995	0.01162	0.00288	0.00386	0.08251	0.00545	0.00488
9	0.01237	0.03490	0.34173	0.05589	0.09478	0.03613	0.11555	0.01828	0.07272	0.01884	0.05324	0.06869	0.03630	0.00719	0.00608	0.00191	0.00754	0.00642	0.00342	0.00802
10	0.01160	0.00806	0.01222	0.17458	0.07446	0.00883	0.00969	0.01398	0.01139	0.10157	0.01720	0.09673	0.01580	0.08272	0.29819	0.00512	0.00972	0.00715	0.03475	0.00626

[dist]
# distance from previous block
# <min> <max>
0	10

[block]
# block no. 8 follows, 39 sequences, length 13
# corresponding to MSA columns:
# 453-465
name=unknown_I
#
# <colnr> <probs for GDERKNQSTAVLIFYWHMCP>
#	G	D	E	R	K	N	Q	S	T	A	V	L	I	F	Y	W	H	M	C	P
0	0.04828	0.03819	0.26288	0.09024	0.05246	0.17633	0.03012	0.01865	0.01285	0.05116	0.01087	0.01430	0.00879	0.05102	0.00868	0.00210	0.10783	0.00477	0.00300	0.00749
1	0.64960	0.15836	0.01321	0.00844	0.01240	0.01536	0.00729	0.04513	0.01111	0.02459	0.00846	0.00976	0.00677	0.00547	0.00377	0.00172	0.00498	0.00328	0.00354	0.00677
2	0.00831	0.00596	0.00777	0.00766	0.00883	0.00557	0.00565	0.01069	0.01533	0.02146	0.57209	0.13486	0.05010	0.06875	0.00876	0.00225	0.00323	0.05128	0.00612	0.00534
3	0.01462	0.01353	0.05791	0.09655	0.31773	0.01267	0.15636	0.04704	0.01402	0.09090	0.01511	0.10878	0.01319	0.00716	0.00629	0.00191	0.00712	0.00702	0.00375	0.00834
4	0.01025	0.00566	0.00676	0.00721	0.00831	0.00539	0.00513	0.01212	0.01219	0.07122	0.02613	0.39926	0.02692	0.01265	0.00594	0.00191	0.00325	0.01111	0.36310	0.00549
5	0.00931	0.00665	0.00927	0.01063	0.01190	0.00661	0.00914	0.01186	0.01339	0.01745	0.03144	0.13636	0.03452	0.01655	0.00811	0.00269	0.00525	0.64803	0.00545	0.00538
6	0.02248	0.01656	0.01775	0.01361	0.01834	0.01834	0.01124	0.73556	0.02780	0.03727	0.01420	0.01420	0.01006	0.00710	0.00592	0.00177	0.00651	0.00532	0.00592	0.01006
7	0.00846	0.00572	0.00670	0.00683	0.00693	0.00576	0.00403	0.00870	0.00892	0.01197	0.01979	0.11001	0.02274	0.66676	0.07803	0.00567	0.00620	0.00924	0.00374	0.00382
8	0.83394	0.01144	0.00869	0.00778	0.01144	0.01327	0.00640	0.01738	0.01006	0.02653	0.00823	0.00961	0.00640	0.00549	0.00366	0.00183	0.00457	0.00320	0.00366	0.00640
9	0.00875	0.00587	0.00768	0.00768	0.00805	0.00625	0.00512	0.00918	0.00881	0.01212	0.01664	0.03074	0.01777	0.43498	0.29008	0.10629	0.00923	0.00738	0.00331	0.00406
10	0.00814	0.00597	0.00768	0.00782	0.00910	0.00552	0.00591	0.01045	0.01502	0.02054	0.45482	0.17837	0.13557	0.01408	0.00722	0.00208	0.00325	0.09703	0.00608	0.00536
11	0.05902	0.02376	0.01613	0.01425	0.01762	0.52738	0.01091	0.13339	0.10597	0.01977	0.01168	0.01253	0.00919	0.00645	0.00543	0.00163	0.00902	0.00436	0.00387	0.00763
12	0.18021	0.14686	0.09678	0.03013	0.01965	0.10707	0.13727	0.14380	0.01535	0.02220	0.01042	0.01216	0.00807	0.00566	0.00513	0.00169	0.00737	0.00447	0.00353	0.04218

[dist]
# distance from previous block
# <min> <max>
2	11

[block]
# block no. 9 follows, 39 sequences, length 61
# corresponding to MSA columns:
# 494-554
name=unknown_J
#
# <colnr> <probs for GDERKNQSTAVLIFYWHMCP>
#	G	D	E	R	K	N	Q	S	T	A	V	L	I	F	Y	W	H	M	C	P
0	0.02620	0.01140	0.01395	0.01087	0.01533	0.06486	0.00889	0.02844	0.01691	0.70430	0.02228	0.01943	0.01412	0.00723	0.00590	0.00181	0.00545	0.00579	0.00700	0.00983
1	0.00832	0.00630	0.00786	0.00760	0.00916	0.00593	0.00580	0.01119	0.03723	0.02095	0.48383	0.04570	0.20235	0.01542	0.06881	0.00256	0.00408	0.04542	0.00595	0.00553
2	0.00953	0.00681	0.00953	0.01089	0.01225	0.00681	0.00953	0.01225	0.01361	0.01770	0.03131	0.06671	0.03403	0.01634	0.00817	0.00272	0.00545	0.71547	0.00545	0.00545
3	0.01117	0.01051	0.01774	0.77795	0.04073	0.01314	0.01642	0.01511	0.01182	0.01511	0.01051	0.01577	0.00788	0.00591	0.00591	0.00197	0.00788	0.00526	0.00263	0.00657
4	0.83394	0.01144	0.00869	0.00778	0.01144	0.01327	0.00640	0.01738	0.01006	0.02653	0.00823	0.00961	0.00640	0.00549	0.00366	0.00183	0.00457	0.00320	0.00366	0.00640
5	0.01701	0.01119	0.01333	0.00981	0.01484	0.00944	0.00796	0.11229	0.01541	0.19888	0.01406	0.01440	0.01034	0.00544	0.00496	0.00122	0.00481	0.00433	0.00473	0.52554
6	0.00981	0.00745	0.01095	0.14391	0.01719	0.00790	0.01073	0.01275	0.01330	0.01725	0.02770	0.05787	0.02950	0.01453	0.00778	0.00259	0.00587	0.59231	0.00496	0.00564
7	0.00820	0.00597	0.00772	0.00743	0.00877	0.00549	0.00552	0.01078	0.01613	0.02261	0.65753	0.10522	0.09094	0.01276	0.00702	0.00191	0.00285	0.01128	0.00637	0.00549
8	0.01980	0.01368	0.01486	0.01215	0.01610	0.03926	0.00990	0.36244	0.14724	0.15680	0.03956	0.02307	0.04913	0.00843	0.00616	0.00190	0.00574	0.05859	0.00604	0.00914
9	0.15706	0.01443	0.02458	0.02582	0.32632	0.01454	0.25813	0.07133	0.01410	0.02177	0.01113	0.01418	0.00877	0.00535	0.00586	0.00185	0.00756	0.00549	0.00330	0.00843
10	0.00758	0.00558	0.00710	0.00763	0.00858	0.00510	0.00538	0.00930	0.01354	0.01825	0.28909	0.42114	0.14842	0.01575	0.00727	0.00215	0.00314	0.01404	0.00585	0.00510
11	0.00752	0.00576	0.00689	0.00714	0.00845	0.00514	0.00515	0.00931	0.01395	0.01833	0.28541	0.26697	0.30856	0.01504	0.00715	0.00207	0.00305	0.01315	0.00583	0.00514
12	0.01590	0.45297	0.11510	0.01432	0.01976	0.09484	0.14646	0.04771	0.01355	0.01641	0.00953	0.01135	0.00794	0.00530	0.00484	0.00152	0.00773	0.00417	0.00280	0.00782
13	0.01396	0.01595	0.03490	0.02493	0.03091	0.01496	0.73380	0.01894	0.01396	0.01894	0.01196	0.01595	0.00897	0.00499	0.00698	0.00199	0.00997	0.00698	0.00299	0.00798
14	0.00760	0.00538	0.00668	0.00755	0.00791	0.00509	0.00486	0.00836	0.01068	0.01410	0.03052	0.51454	0.08672	0.24500	0.01412	0.00335	0.00407	0.01409	0.00493	0.00446
15	0.00930	0.00623	0.00776	0.00772	0.00911	0.00584	0.00565	0.01204	0.04577	0.05679	0.35703	0.25222	0.10919	0.01335	0.00682	0.00199	0.00318	0.01177	0.07255	0.00568
16	0.03891	0.01073	0.01121	0.01047	0.01281	0.06587	0.00787	0.11991	0.16436	0.09679	0.02538	0.34704	0.03957	0.01222	0.00655	0.00208	0.00485	0.01054	0.00561	0.00722
17	0.30115	0.01150	0.01077	0.00967	0.01256	0.06697	0.00760	0.14049	0.01520	0.07197	0.10065	0.16606	0.02048	0.00954	0.00560	0.00194	0.00500	0.03100	0.00498	0.00687
18	0.01387	0.01168	0.01257	0.01129	0.01434	0.01325	0.00877	0.05139	0.59447	0.02498	0.15000	0.02564	0.02433	0.00870	0.00618	0.00197	0.00441	0.00734	0.00610	0.00873
19	0.01613	0.04719	0.30634	0.01464	0.02010	0.10263	0.04817	0.09971	0.01533	0.11674	0.06724	0.01617	0.01258	0.00783	0.02633	0.00205	0.06335	0.00527	0.00392	0.00828
20	0.01027	0.00514	0.00770	0.00770	0.00770	0.00514	0.00514	0.00770	0.00770	0.01027	0.01027	0.01798	0.01027	0.02054	0.02311	0.82794	0.00514	0.00514	0.00257	0.00257
21	0.72655	0.01132	0.00987	0.10830	0.01526	0.01325	0.00771	0.01709	0.01029	0.02504	0.00853	0.01041	0.00660	0.00554	0.00395	0.00185	0.00501	0.00347	0.00353	0.00643
22	0.01591	0.27389	0.18727	0.07428	0.01949	0.03029	0.01282	0.10380	0.02983	0.09781	0.06898	0.01537	0.01259	0.00634	0.00519	0.00163	0.00660	0.00483	0.00385	0.02924
23	0.00732	0.00523	0.00700	0.00837	0.00876	0.00491	0.00569	0.00844	0.01144	0.01523	0.03253	0.75167	0.03886	0.01842	0.00758	0.00242	0.00353	0.05229	0.00549	0.00484
24	0.01581	0.79572	0.03099	0.01012	0.01518	0.02340	0.01012	0.01771	0.01202	0.01391	0.00822	0.00949	0.00759	0.00506	0.00379	0.00126	0.00632	0.00316	0.00253	0.00759
25	0.00845	0.00630	0.00930	0.00926	0.01032	0.00720	0.00715	0.01056	0.01007	0.01448	0.07565	0.02532	0.01828	0.06067	0.68822	0.00879	0.01453	0.00675	0.00345	0.00526
26	0.00721	0.00515	0.00686	0.00823	0.00858	0.00480	0.00549	0.00823	0.01132	0.01510	0.03259	0.78831	0.03911	0.01853	0.00755	0.00240	0.00343	0.01681	0.00549	0.00480
27	0.00797	0.00594	0.00741	0.00724	0.00864	0.00538	0.00536	0.01032	0.01552	0.02126	0.53823	0.12611	0.19211	0.01335	0.00704	0.00194	0.00290	0.01170	0.00620	0.00538
28	0.00763	0.00587	0.00698	0.00709	0.00853	0.00523	0.00522	0.00957	0.01435	0.01887	0.32436	0.18895	0.33021	0.01455	0.00712	0.00204	0.00305	0.02927	0.00589	0.00520
29	0.01581	0.79572	0.03099	0.01012	0.01518	0.02340	0.01012	0.01771	0.01202	0.01391	0.00822	0.00949	0.00759	0.00506	0.00379	0.00126	0.00632	0.00316	0.00253	0.00759
30	0.00948	0.00658	0.00901	0.01026	0.01155	0.00655	0.00879	0.01208	0.01335	0.01786	0.03043	0.11644	0.03288	0.01573	0.00780	0.00259	0.00508	0.60622	0.07194	0.00540
31	0.01226	0.01051	0.01226	0.00876	0.01401	0.00788	0.00701	0.01489	0.01226	0.01927	0.01051	0.01226	0.00876	0.00438	0.00438	0.00088	0.00438	0.00350	0.00350	0.82832
32	0.01226	0.01051	0.01226	0.00876	0.01401	0.00788	0.00701	0.01489	0.01226	0.01927	0.01051	0.01226	0.00876	0.00438	0.00438	0.00088	0.00438	0.00350	0.00350	0.82832
33	0.83394	0.01144	0.00869	0.00778	0.01144	0.01327	0.00640	0.01738	0.01006	0.02653	0.00823	0.00961	0.00640	0.00549	0.00366	0.00183	0.00457	0.00320	0.00366	0.00640
34	0.01471	0.01270	0.01337	0.01203	0.01538	0.01471	0.00936	0.03142	0.74459	0.02474	0.02407	0.02206	0.01805	0.00802	0.00602	0.00201	0.00468	0.00669	0.00602	0.00936
35	0.83394	0.01144	0.00869	0.00778	0.01144	0.01327	0.00640	0.01738	0.01006	0.02653	0.00823	0.00961	0.00640	0.00549	0.00366	0.00183	0.00457	0.00320	0.00366	0.00640
36	0.01581	0.79572	0.03099	0.01012	0.01518	0.02340	0.01012	0.01771	0.01202	0.01391	0.00822	0.00949	0.00759	0.00506	0.00379	0.00126	0.00632	0.00316	0.00253	0.00759
37	0.00973	0.00653	0.00726	0.00678	0.00903	0.00556	0.00519	0.01150	0.01437	0.11406	0.14921	0.05038	0.56179	0.01359	0.00685	0.00196	0.00323	0.01139	0.00587	0.00573
38	0.01370	0.01517	0.03088	0.02252	0.02740	0.01519	0.57251	0.01792	0.01301	0.01812	0.01115	0.01525	0.00875	0.00591	0.00907	0.00205	0.14667	0.00650	0.00294	0.04530
39	0.00767	0.00568	0.00728	0.00838	0.00927	0.00528	0.00618	0.00917	0.01224	0.01584	0.03761	0.48784	0.17635	0.01736	0.00758	0.00239	0.00379	0.16962	0.00548	0.00498
40	0.01850	0.01459	0.01551	0.01280	0.01682	0.01648	0.01028	0.37483	0.39502	0.03085	0.01926	0.01823	0.01415	0.00757	0.00597	0.00189	0.00557	0.00602	0.00597	0.00970
41	0.00720	0.00517	0.00684	0.00817	0.00856	0.00481	0.00546	0.00824	0.01138	0.01512	0.03337	0.76763	0.05929	0.01843	0.00753	0.00239	0.00342	0.01669	0.00549	0.00481
42	0.01946	0.01132	0.01279	0.01040	0.01400	0.01180	0.00840	0.25292	0.12071	0.22858	0.01942	0.01900	0.01378	0.00723	0.00547	0.00172	0.00485	0.00573	0.22367	0.00876
43	0.01396	0.01595	0.03490	0.02493	0.03091	0.01496	0.73380	0.01894	0.01396	0.01894	0.01196	0.01595	0.00897	0.00499	0.00698	0.00199	0.00997	0.00698	0.00299	0.00798
44	0.01298	0.01304	0.02333	0.10918	0.11274	0.03210	0.31053	0.04929	0.01454	0.01968	0.13546	0.02295	0.04211	0.00736	0.00728	0.00197	0.04578	0.02848	0.00379	0.00740
45	0.00845	0.00617	0.00814	0.00917	0.01009	0.00605	0.00693	0.01106	0.05497	0.01727	0.10178	0.45576	0.03800	0.01664	0.00759	0.00242	0.00404	0.22452	0.00561	0.00533
46	0.02294	0.08061	0.01685	0.01337	0.04813	0.26828	0.01028	0.07756	0.01700	0.34040	0.01573	0.01516	0.01096	0.00653	0.00551	0.00165	0.00722	0.00485	0.00508	0.03188
47	0.00724	0.00594	0.00624	0.00640	0.00809	0.00512	0.00471	0.00864	0.01293	0.01562	0.05331	0.10993	0.60994	0.07835	0.00896	0.00236	0.00335	0.04263	0.00533	0.00488
48	0.01752	0.11623	0.01717	0.01232	0.01637	0.01709	0.01011	0.27150	0.40276	0.02763	0.01861	0.01772	0.01394	0.00732	0.00569	0.00183	0.00552	0.00576	0.00553	0.00937
49	0.14964	0.01075	0.01288	0.01036	0.01458	0.01047	0.00846	0.02751	0.14506	0.51530	0.02112	0.01884	0.01397	0.00716	0.00560	0.00186	0.00490	0.00565	0.00652	0.00937
50	0.02623	0.01054	0.01402	0.01075	0.01534	0.00941	0.00888	0.08107	0.01773	0.70598	0.02266	0.01969	0.01430	0.00730	0.00594	0.00183	0.00514	0.00590	0.00722	0.01006
51	0.00837	0.00604	0.00790	0.00744	0.00883	0.00558	0.00558	0.01116	0.01674	0.02371	0.75216	0.04417	0.05580	0.01209	0.00697	0.00186	0.00279	0.01069	0.00651	0.00558
52	0.00756	0.00601	0.00678	0.00659	0.00834	0.00524	0.00494	0.00959	0.01483	0.01918	0.34681	0.05163	0.46397	0.01378	0.00698	0.00194	0.00291	0.01174	0.00591	0.00524
53	0.00837	0.00604	0.00790	0.00744	0.00883	0.00558	0.00558	0.01116	0.01674	0.02371	0.75216	0.04417	0.05580	0.01209	0.00697	0.00186	0.00279	0.01069	0.00651	0.00558
54	0.01471	0.01270	0.01337	0.01203	0.01538	0.01471	0.00936	0.03142	0.74459	0.02474	0.02407	0.02206	0.01805	0.00802	0.00602	0.00201	0.00468	0.00669	0.00602	0.00936
55	0.01471	0.01270	0.01337	0.01203	0.01538	0.01471	0.00936	0.03142	0.74459	0.02474	0.02407	0.02206	0.01805	0.00802	0.00602	0.00201	0.00468	0.00669	0.00602	0.00936
56	0.01226	0.01051	0.01226	0.00876	0.01401	0.00788	0.00701	0.01489	0.01226	0.01927	0.01051	0.01226	0.00876	0.00438	0.00438	0.00088	0.00438	0.00350	0.00350	0.82832
57	0.01561	0.01578	0.03175	0.02283	0.02859	0.01513	0.60839	0.11290	0.01589	0.05309	0.01274	0.01590	0.00936	0.00536	0.00680	0.00196	0.00931	0.00672	0.00356	0.00834
58	0.01242	0.01484	0.14049	0.24415	0.31295	0.01256	0.01634	0.01638	0.01273	0.01775	0.01442	0.01755	0.06355	0.00616	0.00580	0.00178	0.00704	0.00551	0.00301	0.07457
59	0.00721	0.00515	0.00686	0.00823	0.00858	0.00480	0.00549	0.00823	0.01132	0.01510	0.03259	0.78831	0.03911	0.01853	0.00755	0.00240	0.00343	0.01681	0.00549	0.00480
60	0.02241	0.01525	0.01685	0.03001	0.01807	0.01658	0.01081	0.60548	0.02556	0.13057	0.01546	0.01524	0.01076	0.00710	0.00587	0.00177	0.00623	0.00541	0.03072	0.00984

[dist]
# distance from previous block
# <min> <max>
0	15

[block]
# block no. 10 follows, 39 sequences, length 15
# corresponding to MSA columns:
# 570-584
name=unknown_K
#
# <colnr> <probs for GDERKNQSTAVLIFYWHMCP>
#	G	D	E	R	K	N	Q	S	T	A	V	L	I	F	Y	W	H	M	C	P
0	0.00947	0.00659	0.00743	0.00715	0.00766	0.00673	0.00441	0.03826	0.05331	0.01442	0.08919	0.03730	0.02415	0.64096	0.02553	0.00499	0.00542	0.00856	0.00410	0.00436
1	0.01489	0.00807	0.01024	0.00882	0.01152	0.00753	0.00691	0.01890	0.09470	0.26442	0.37569	0.03500	0.09791	0.01034	0.00654	0.00188	0.00375	0.00886	0.00664	0.00741
2	0.01581	0.79572	0.03099	0.01012	0.01518	0.02340	0.01012	0.01771	0.01202	0.01391	0.00822	0.00949	0.00759	0.00506	0.00379	0.00126	0.00632	0.00316	0.00253	0.00759
3	0.00898	0.00668	0.00843	0.00788	0.00946	0.00646	0.00594	0.01311	0.08661	0.02381	0.68227	0.04205	0.05218	0.01170	0.00688	0.00187	0.00297	0.01031	0.00646	0.00594
4	0.01048	0.02089	0.46368	0.01313	0.01897	0.01051	0.01542	0.01574	0.01417	0.02070	0.30368	0.02501	0.02658	0.00818	0.00615	0.00187	0.00639	0.00687	0.00408	0.00749
5	0.01400	0.01340	0.02285	0.17244	0.62412	0.01388	0.01783	0.01759	0.01316	0.01855	0.01101	0.01484	0.00909	0.00539	0.00587	0.00180	0.00718	0.00527	0.00287	0.00885
6	0.83394	0.01144	0.00869	0.00778	0.01144	0.01327	0.00640	0.01738	0.01006	0.02653	0.00823	0.00961	0.00640	0.00549	0.00366	0.00183	0.00457	0.00320	0.00366	0.00640
7	0.00728	0.00600	0.00640	0.00630	0.00817	0.00512	0.00472	0.00905	0.01417	0.01762	0.20690	0.05421	0.60486	0.01436	0.00699	0.00197	0.00295	0.01210	0.00571	0.00512
8	0.01711	0.14542	0.18367	0.08694	0.05525	0.01411	0.01314	0.12947	0.01612	0.18408	0.08410	0.01737	0.01420	0.00675	0.00560	0.00175	0.00645	0.00539	0.00450	0.00856
9	0.00913	0.00652	0.00907	0.01043	0.01162	0.00646	0.00883	0.01156	0.01322	0.01725	0.03153	0.19160	0.03491	0.01672	0.00806	0.00267	0.00510	0.59455	0.00545	0.00533
10	0.00860	0.00573	0.00645	0.00645	0.00645	0.00573	0.00358	0.00860	0.00860	0.01147	0.01863	0.03870	0.02150	0.79217	0.03010	0.00573	0.00573	0.00860	0.00358	0.00358
11	0.01602	0.44360	0.18772	0.01322	0.01893	0.08348	0.05535	0.08741	0.01415	0.01755	0.00961	0.01107	0.00789	0.00546	0.00471	0.00151	0.00745	0.00391	0.00292	0.00804
12	0.01669	0.29444	0.08242	0.01447	0.08773	0.07759	0.01185	0.10506	0.19253	0.04171	0.01375	0.01423	0.01079	0.00623	0.00511	0.00164	0.00652	0.00470	0.00398	0.00858
13	0.00779	0.00560	0.00739	0.00783	0.00871	0.00520	0.00554	0.00971	0.01405	0.01944	0.39551	0.41300	0.04753	0.01528	0.00726	0.00213	0.00311	0.01373	0.00600	0.00520
14	0.04138	0.06962	0.02173	0.02539	0.38362	0.26156	0.04000	0.05427	0.01505	0.01844	0.01038	0.01288	0.00861	0.00561	0.00553	0.00166	0.00818	0.00466	0.00311	0.00833

[dist]
# distance from previous block
# <min> <max>
0	21

[block]
# block no. 11 follows, 39 sequences, length 18
# corresponding to MSA columns:
# 606-623
name=unknown_L
#
# <colnr> <probs for GDERKNQSTAVLIFYWHMCP>
#	G	D	E	R	K	N	Q	S	T	A	V	L	I	F	Y	W	H	M	C	P
0	0.00818	0.00604	0.00764	0.00724	0.00872	0.00550	0.00543	0.01080	0.01629	0.02266	0.65768	0.04591	0.15093	0.01248	0.00698	0.00188	0.00282	0.01094	0.00637	0.00550
1	0.01271	0.01114	0.01414	0.01319	0.13067	0.00907	0.00883	0.01592	0.03519	0.01945	0.01103	0.01294	0.00914	0.00463	0.00466	0.00105	0.00481	0.00388	0.00349	0.67405
2	0.01421	0.01030	0.01117	0.00976	0.01257	0.01114	0.00765	0.15660	0.26430	0.04708	0.14693	0.02629	0.06499	0.00868	0.00581	0.00180	0.00421	0.00717	0.18154	0.00779
3	0.01393	0.00948	0.01050	0.00910	0.01167	0.05223	0.00710	0.10490	0.03686	0.14646	0.38443	0.03561	0.13240	0.01060	0.00655	0.00185	0.00416	0.00897	0.00622	0.00698
4	0.10138	0.01047	0.01343	0.01040	0.01490	0.00953	0.00859	0.05807	0.01676	0.66030	0.02154	0.01890	0.01368	0.00714	0.00573	0.00183	0.00505	0.00567	0.00692	0.00972
5	0.00823	0.00604	0.00770	0.00729	0.00875	0.00552	0.00547	0.01088	0.01640	0.02290	0.67961	0.04551	0.12886	0.01239	0.00698	0.00187	0.00281	0.01088	0.00640	0.00552
6	0.00837	0.00604	0.00790	0.00744	0.00883	0.00558	0.00558	0.01116	0.01674	0.02371	0.75216	0.04417	0.05580	0.01209	0.00697	0.00186	0.00279	0.01069	0.00651	0.00558
7	0.01186	0.03059	0.76153	0.01686	0.02560	0.01373	0.02185	0.01873	0.01249	0.01873	0.01061	0.01249	0.00749	0.00562	0.00562	0.00187	0.00874	0.00437	0.00250	0.00874
8	0.02209	0.02819	0.01676	0.01524	0.01828	0.76843	0.01143	0.02361	0.01676	0.01447	0.00914	0.01066	0.00762	0.00609	0.00533	0.00152	0.01066	0.00381	0.00305	0.00686
9	0.00953	0.00681	0.00953	0.01089	0.01225	0.00681	0.00953	0.01225	0.01361	0.01770	0.03131	0.06671	0.03403	0.01634	0.00817	0.00272	0.00545	0.71547	0.00545	0.00545
10	0.10012	0.01249	0.01468	0.01136	0.01590	0.01253	0.00938	0.27798	0.02014	0.43562	0.01869	0.01705	0.01225	0.00707	0.00572	0.00181	0.00551	0.00547	0.00648	0.00972
11	0.01008	0.00944	0.07867	0.01022	0.01221	0.00881	0.00865	0.07846	0.01138	0.01613	0.01552	0.02310	0.01441	0.11924	0.54723	0.00768	0.01322	0.00631	0.00341	0.00585
12	0.00920	0.00606	0.00783	0.00780	0.00848	0.00621	0.00530	0.01028	0.01032	0.04816	0.08789	0.12335	0.02458	0.38113	0.23173	0.00586	0.00799	0.00901	0.00414	0.00469
13	0.01613	0.38655	0.15093	0.01418	0.06112	0.04464	0.06976	0.05234	0.01354	0.08571	0.01127	0.01337	0.00918	0.04071	0.00601	0.00174	0.00708	0.00442	0.00325	0.00806
14	0.01295	0.08298	0.07304	0.05625	0.01350	0.00999	0.00822	0.07151	0.04847	0.05306	0.11646	0.02160	0.01834	0.00724	0.00503	0.00157	0.00445	0.00586	0.34591	0.04357
