[name]
unknown

[dist]
# distance from previous block
# <min> <max>
0	9

[block]
# block no. 0 follows, 44 sequences, length 80
# corresponding to MSA columns:
# 9-88
name=unknown_A
#
# <colnr> <probs for GDERKNQSTAVLIFYWHMCP>
#	G	D	E	R	K	N	Q	S	T	A	V	L	I	F	Y	W	H	M	C	P
0	0.37811	0.01086	0.01064	0.10256	0.01484	0.04978	0.00813	0.13827	0.01292	0.02207	0.01333	0.08507	0.01247	0.03448	0.00562	0.00193	0.00519	0.08365	0.00390	0.00620
1	0.08871	0.01638	0.01677	0.15766	0.17533	0.25593	0.03328	0.11326	0.01472	0.06254	0.01039	0.01241	0.00800	0.00554	0.00512	0.00161	0.00739	0.00436	0.00333	0.00729
2	0.04576	0.01299	0.05661	0.15501	0.44962	0.01295	0.01486	0.05630	0.09348	0.03246	0.01166	0.01419	0.00920	0.00537	0.00534	0.00169	0.00631	0.00489	0.00318	0.00811
3	0.01227	0.02388	0.01275	0.01247	0.11832	0.10005	0.00845	0.07706	0.01396	0.01888	0.16929	0.04574	0.08102	0.00743	0.00573	0.00144	0.03421	0.00610	0.00402	0.24693
4	0.01839	0.01307	0.01561	0.01485	0.12876	0.01406	0.01050	0.34503	0.21150	0.14559	0.01632	0.01587	0.01173	0.00654	0.00547	0.00170	0.00543	0.00531	0.00527	0.00901
5	0.00698	0.00498	0.00671	0.00798	0.00844	0.00472	0.00564	0.00817	0.01077	0.01429	0.02986	0.68826	0.03532	0.01676	0.00705	0.00226	0.00345	0.12877	0.00505	0.00452
6	0.01121	0.02629	0.67437	0.01659	0.02429	0.01282	0.12401	0.01729	0.01170	0.01729	0.00996	0.01196	0.00710	0.00510	0.00536	0.00174	0.00822	0.00437	0.00237	0.00796
7	0.01400	0.49333	0.15790	0.01206	0.05347	0.05214	0.01156	0.01843	0.11151	0.01520	0.01008	0.01106	0.00834	0.00517	0.00422	0.00139	0.00623	0.00367	0.00279	0.00745
8	0.01184	0.06866	0.48119	0.01607	0.02259	0.01365	0.15810	0.01834	0.09245	0.01748	0.01112	0.01292	0.00823	0.00545	0.00586	0.00175	0.03903	0.00468	0.00274	0.00784
9	0.00692	0.00495	0.00661	0.00767	0.00817	0.00464	0.00533	0.00817	0.01118	0.01503	0.11826	0.66201	0.03756	0.01623	0.00694	0.00218	0.00322	0.06520	0.00517	0.00455
10	0.00724	0.00540	0.00600	0.00600	0.00695	0.00495	0.00401	0.00824	0.01102	0.01416	0.15004	0.08127	0.32774	0.32647	0.01486	0.00320	0.00375	0.01004	0.00452	0.00417
11	0.01781	0.04218	0.14511	0.01575	0.08276	0.54415	0.01259	0.02072	0.04214	0.01473	0.00930	0.01079	0.00750	0.00552	0.00499	0.00149	0.00895	0.00380	0.00280	0.00691
12	0.00752	0.00539	0.00725	0.00842	0.00914	0.00519	0.00642	0.00906	0.01123	0.01476	0.02992	0.46218	0.05721	0.04546	0.00793	0.00243	0.00395	0.29696	0.00498	0.00462
13	0.01230	0.01173	0.01997	0.31878	0.49844	0.01264	0.01614	0.01568	0.01185	0.01636	0.01004	0.01388	0.00812	0.00508	0.00542	0.00169	0.00677	0.00485	0.00260	0.00767
14	0.00721	0.00532	0.00604	0.00637	0.00715	0.00494	0.00427	0.00803	0.01027	0.01303	0.03372	0.19352	0.28713	0.32744	0.01500	0.00331	0.00397	0.05483	0.00437	0.00408
15	0.01390	0.01160	0.01237	0.01090	0.01397	0.01322	0.00853	0.11393	0.61095	0.02410	0.08674	0.02126	0.01881	0.00762	0.00561	0.00181	0.00436	0.00634	0.00558	0.00840
16	0.02287	0.01150	0.01398	0.01076	0.01500	0.01135	0.00888	0.29019	0.03588	0.49269	0.01848	0.01662	0.01204	0.00669	0.00547	0.00167	0.00512	0.00529	0.00625	0.00926
17	0.01311	0.01256	0.02144	0.12418	0.68665	0.01285	0.01654	0.01640	0.01223	0.01735	0.01019	0.01362	0.00847	0.00493	0.00540	0.00164	0.00657	0.00486	0.00267	0.00833
18	0.03221	0.01399	0.02271	0.01712	0.02162	0.02633	0.37234	0.17218	0.20330	0.02233	0.01450	0.01655	0.01098	0.00594	0.00595	0.00180	0.00714	0.02100	0.00407	0.00797
19	0.00796	0.00591	0.00859	0.00934	0.01031	0.00573	0.03967	0.00976	0.01143	0.01506	0.02819	0.39673	0.03206	0.04487	0.00797	0.00245	0.00437	0.34993	0.00488	0.00479
20	0.01264	0.01284	0.09665	0.02909	0.01606	0.10147	0.13955	0.03832	0.01361	0.10037	0.15452	0.15676	0.05352	0.00913	0.00633	0.00182	0.02348	0.02305	0.00434	0.00645
21	0.01250	0.01087	0.01635	0.63014	0.03319	0.01312	0.01413	0.17055	0.01401	0.01824	0.01041	0.01423	0.00769	0.00568	0.00545	0.00178	0.00700	0.00486	0.00306	0.00673
22	0.06965	0.01727	0.05541	0.01584	0.09908	0.20680	0.09960	0.24440	0.01730	0.09202	0.01172	0.01279	0.00866	0.00576	0.00526	0.00161	0.00720	0.00463	0.01711	0.00790
23	0.02115	0.01037	0.01303	0.01026	0.01404	0.01016	0.00839	0.21646	0.01727	0.47519	0.01838	0.01781	0.01253	0.02727	0.09897	0.00259	0.00620	0.00542	0.00588	0.00863
24	0.01303	0.01227	0.02024	0.02985	0.66428	0.01232	0.01524	0.02879	0.04278	0.01812	0.02695	0.03614	0.04400	0.00581	0.00551	0.00166	0.00606	0.00556	0.00308	0.00830
25	0.01349	0.01295	0.02213	0.03346	0.77440	0.01295	0.01673	0.01673	0.01241	0.01781	0.01025	0.01349	0.00864	0.00486	0.00540	0.00162	0.00648	0.00486	0.00270	0.00864
26	0.00978	0.00505	0.00521	0.00535	0.00652	0.00501	0.00395	0.01215	0.01133	0.01964	0.01910	0.10454	0.01634	0.00750	0.00415	0.00137	0.00261	0.00620	0.74918	0.00501
27	0.01309	0.10051	0.57245	0.01408	0.02105	0.03279	0.01705	0.01880	0.04511	0.09866	0.01134	0.01235	0.00805	0.00541	0.00506	0.00167	0.00736	0.00416	0.00294	0.00807
28	0.01509	0.01257	0.02049	0.02916	0.63207	0.01254	0.01521	0.04752	0.03487	0.10915	0.01205	0.01428	0.00947	0.00522	0.00541	0.00163	0.00618	0.00497	0.00337	0.00874
29	0.01856	0.10934	0.10829	0.01374	0.01756	0.53444	0.02937	0.05825	0.01497	0.03443	0.00913	0.01042	0.00732	0.00552	0.00487	0.00145	0.00885	0.00370	0.00293	0.00685
30	0.01306	0.02136	0.40972	0.01695	0.02341	0.01346	0.22736	0.14167	0.01432	0.02017	0.01140	0.01454	0.00860	0.00561	0.00567	0.00177	0.00792	0.03200	0.00306	0.00795
31	0.01460	0.01232	0.04503	0.02169	0.39363	0.04511	0.01256	0.01899	0.10306	0.14036	0.08587	0.01924	0.05021	0.00651	0.00554	0.00167	0.00559	0.00580	0.00409	0.00810
32	0.01805	0.04226	0.01643	0.01732	0.24792	0.01046	0.03768	0.03354	0.05566	0.36243	0.07565	0.01870	0.02584	0.00648	0.00550	0.00166	0.00523	0.00568	0.00501	0.00849
33	0.01776	0.01058	0.01838	0.01390	0.01798	0.00988	0.24934	0.03731	0.01377	0.38384	0.01674	0.01768	0.01173	0.01191	0.13989	0.00295	0.00785	0.00584	0.00477	0.00790
34	0.01113	0.01234	0.10762	0.07587	0.41912	0.01054	0.01380	0.01424	0.01199	0.01682	0.04909	0.15840	0.04338	0.00795	0.00579	0.00178	0.00579	0.02376	0.00334	0.00726
35	0.01632	0.05764	0.06863	0.19052	0.07188	0.05283	0.03898	0.07205	0.09290	0.23022	0.01552	0.03496	0.02054	0.00636	0.00540	0.00170	0.00610	0.00533	0.00431	0.00782
36	0.01344	0.05499	0.02044	0.02813	0.59364	0.06359	0.01499	0.01639	0.01256	0.01708	0.01221	0.01872	0.01115	0.00611	0.00552	0.00169	0.00649	0.09193	0.00296	0.00797
37	0.00701	0.00503	0.00666	0.00734	0.00799	0.00467	0.00509	0.00852	0.01216	0.01665	0.28500	0.54210	0.04135	0.01504	0.00678	0.00204	0.00296	0.01356	0.00538	0.00467
38	0.01308	0.01445	0.10325	0.06503	0.66141	0.01289	0.01703	0.01667	0.01225	0.01758	0.01018	0.01333	0.00839	0.00492	0.00538	0.00164	0.00668	0.00477	0.00264	0.00846
39	0.01340	0.01519	0.13767	0.02713	0.47790	0.01261	0.14088	0.01726	0.01259	0.05541	0.03028	0.01434	0.00964	0.00512	0.00557	0.00168	0.00698	0.00516	0.00293	0.00827
40	0.02131	0.01108	0.10323	0.00990	0.01426	0.00825	0.00901	0.02397	0.01467	0.60621	0.01971	0.01791	0.01276	0.00652	0.00527	0.00165	0.00482	0.00527	0.09552	0.00868
41	0.00654	0.00551	0.00568	0.00579	0.00753	0.00466	0.00436	0.00794	0.01234	0.01475	0.05308	0.08779	0.71054	0.01401	0.00651	0.00188	0.00286	0.03856	0.00506	0.00461
42	0.10314	0.01990	0.39509	0.01669	0.10944	0.01216	0.10177	0.01868	0.03130	0.12373	0.01169	0.01303	0.00832	0.00533	0.00521	0.00172	0.00702	0.00455	0.00322	0.00800
43	0.01348	0.03587	0.02458	0.14591	0.26715	0.01325	0.30891	0.04620	0.01298	0.05098	0.01125	0.01483	0.00876	0.00512	0.00580	0.00174	0.00754	0.01496	0.00299	0.00768
44	0.70318	0.09661	0.01117	0.03900	0.01244	0.01327	0.02573	0.01601	0.00963	0.02262	0.00776	0.00922	0.00614	0.00502	0.00355	0.00164	0.00464	0.00311	0.00321	0.00606
45	0.01946	0.14921	0.01751	0.01331	0.01641	0.66654	0.01034	0.02092	0.01476	0.01326	0.00829	0.00966	0.00702	0.00547	0.00469	0.00137	0.00920	0.00342	0.00273	0.00643
46	0.01087	0.00822	0.01214	0.01107	0.01326	0.00819	0.09682	0.07555	0.02745	0.05856	0.12161	0.07385	0.07922	0.01189	0.00708	0.00214	0.02304	0.34814	0.00496	0.00593
47	0.01093	0.02820	0.78016	0.01554	0.02360	0.01266	0.02014	0.01727	0.01151	0.01727	0.00978	0.01151	0.00691	0.00518	0.00518	0.00173	0.00806	0.00403	0.00230	0.00806
48	0.65899	0.01119	0.00942	0.00821	0.01166	0.01289	0.00671	0.09702	0.10097	0.02533	0.00992	0.01068	0.00754	0.00550	0.00386	0.00170	0.00442	0.00354	0.00386	0.00659
49	0.02446	0.00928	0.01265	0.00970	0.01392	0.00801	0.00801	0.02657	0.01560	0.77817	0.02151	0.01856	0.01350	0.00675	0.00548	0.00169	0.00464	0.00548	0.00675	0.00928
50	0.01128	0.01047	0.01756	0.42421	0.30290	0.01172	0.01496	0.01464	0.01165	0.01563	0.01218	0.01975	0.01064	0.00638	0.00568	0.00183	0.00671	0.09212	0.00283	0.00687
51	0.00690	0.00562	0.00616	0.00625	0.00794	0.00488	0.00483	0.00858	0.01286	0.01590	0.15125	0.05192	0.58419	0.01359	0.00657	0.00190	0.00300	0.09775	0.00519	0.00473
52	0.00823	0.00587	0.00856	0.00848	0.00944	0.00668	0.00647	0.00997	0.00885	0.03195	0.01506	0.02288	0.01429	0.12241	0.68539	0.00821	0.01335	0.00606	0.00306	0.00481
53	0.19770	0.00954	0.01167	0.00917	0.01321	0.00890	0.00757	0.02435	0.01427	0.61941	0.01858	0.01651	0.01190	0.00639	0.00504	0.00169	0.00455	0.00495	0.00604	0.00857
54	0.01415	0.01608	0.02940	0.02140	0.02653	0.10596	0.62916	0.05454	0.01381	0.01781	0.01082	0.01405	0.00817	0.00481	0.00620	0.00178	0.00911	0.00601	0.00290	0.00732
55	0.01895	0.12136	0.01686	0.01296	0.01622	0.51631	0.01016	0.10932	0.09653	0.01680	0.01035	0.01121	0.00832	0.00580	0.00487	0.00145	0.00828	0.00389	0.00336	0.00700
56	0.02029	0.00951	0.01214	0.00958	0.01320	0.00891	0.00780	0.14613	0.01726	0.49305	0.17849	0.02232	0.02080	0.00764	0.00568	0.00168	0.00443	0.00631	0.00637	0.00840
57	0.00721	0.00619	0.00625	0.00612	0.00810	0.00556	0.00462	0.01009	0.09316	0.01559	0.05168	0.04902	0.69108	0.01312	0.00635	0.00184	0.00293	0.01093	0.00511	0.00503
58	0.01057	0.01023	0.01805	0.71240	0.03658	0.01229	0.09452	0.01431	0.01111	0.01431	0.00983	0.01455	0.00738	0.00536	0.00556	0.00182	0.00747	0.00502	0.00246	0.00620
59	0.01231	0.06234	0.56871	0.01395	0.02062	0.01184	0.01695	0.01751	0.01205	0.09861	0.01321	0.01808	0.01053	0.00650	0.00541	0.00179	0.00722	0.09149	0.00310	0.00777
60	0.01346	0.01303	0.02258	0.03299	0.74081	0.01299	0.04996	0.01676	0.01243	0.01780	0.01029	0.01355	0.00862	0.00485	0.00544	0.00163	0.00660	0.00493	0.00270	0.00858
61	0.01933	0.02253	0.01517	0.01348	0.01645	0.57654	0.01029	0.11002	0.11664	0.01711	0.01080	0.01166	0.00858	0.00604	0.00532	0.00151	0.02404	0.00406	0.00348	0.00697
62	0.01288	0.01617	0.11201	0.02188	0.02764	0.01375	0.65454	0.03850	0.01309	0.01792	0.01095	0.01432	0.00815	0.00471	0.00627	0.00182	0.00898	0.00613	0.00279	0.00748
63	0.19736	0.01057	0.01231	0.00965	0.01372	0.01043	0.00797	0.14961	0.01599	0.49144	0.01713	0.01557	0.01117	0.00636	0.00503	0.00168	0.00478	0.00485	0.00581	0.00856
64	0.00785	0.00625	0.00928	0.09523	0.10236	0.00627	0.00753	0.00936	0.01072	0.01438	0.02551	0.62578	0.02970	0.01438	0.00661	0.00210	0.00400	0.01309	0.00450	0.00510
65	0.01945	0.02050	0.01812	0.01475	0.01850	0.39805	0.11470	0.28859	0.01880	0.02157	0.01049	0.01170	0.00802	0.00581	0.00532	0.00155	0.00835	0.00443	0.00376	0.00754
66	0.00846	0.00620	0.00844	0.00831	0.00900	0.00717	0.00624	0.00999	0.00912	0.01354	0.01627	0.10655	0.01634	0.15006	0.39541	0.00581	0.09639	0.00698	0.11497	0.00473
67	0.00694	0.00505	0.00660	0.00773	0.00835	0.00472	0.00551	0.00816	0.01096	0.01436	0.03258	0.61426	0.11439	0.01643	0.00699	0.00222	0.00339	0.12177	0.00505	0.00453
68	0.01087	0.01087	0.02046	0.41226	0.07792	0.01177	0.24472	0.01445	0.01156	0.01528	0.01257	0.10863	0.01110	0.00653	0.00593	0.00186	0.00733	0.00661	0.00286	0.00643
69	0.00723	0.00517	0.00701	0.00827	0.00884	0.00494	0.00609	0.00862	0.01102	0.01458	0.02972	0.59935	0.03476	0.01652	0.00712	0.00230	0.00368	0.21515	0.00505	0.00459
70	0.17089	0.01225	0.01351	0.01055	0.01468	0.01284	0.00871	0.35854	0.01905	0.30207	0.01515	0.01431	0.01020	0.00635	0.00509	0.00166	0.00519	0.00476	0.00555	0.00867
71	0.02123	0.01446	0.01586	0.01216	0.01650	0.01570	0.01004	0.65709	0.02427	0.13541	0.01423	0.01383	0.00985	0.00657	0.00546	0.00164	0.00581	0.00499	0.00563	0.00927
72	0.01060	0.01029	0.01824	0.70333	0.03647	0.01231	0.10319	0.01435	0.01114	0.01435	0.00985	0.01456	0.00739	0.00535	0.00557	0.00182	0.00750	0.00503	0.00246	0.00621
73	0.00685	0.00544	0.00622	0.00673	0.00810	0.00481	0.00508	0.00829	0.01194	0.01476	0.04481	0.24575	0.47224	0.01483	0.00674	0.00204	0.00321	0.12249	0.00506	0.00462
74	0.01462	0.59412	0.15396	0.01072	0.01592	0.01957	0.01126	0.09591	0.01271	0.01589	0.00854	0.00968	0.00723	0.00495	0.00399	0.00131	0.00622	0.00332	0.00266	0.00742
75	0.02407	0.02238	0.01290	0.00972	0.01392	0.00835	0.00805	0.02645	0.03096	0.75016	0.02130	0.01843	0.01345	0.00673	0.00545	0.00168	0.00465	0.00545	0.00665	0.00923
76	0.00992	0.00597	0.00773	0.00704	0.00868	0.00548	0.00537	0.01244	0.01510	0.11179	0.61619	0.03630	0.04364	0.01020	0.00609	0.00167	0.00282	0.00892	0.07902	0.00563
77	0.05574	0.01007	0.01279	0.00988	0.01400	0.00938	0.00815	0.13091	0.01668	0.61972	0.01964	0.01744	0.01260	0.00664	0.00535	0.00167	0.00476	0.00529	0.03027	0.00902
78	0.01968	0.01205	0.01603	0.01248	0.01656	0.01219	0.09672	0.32742	0.01909	0.28853	0.01765	0.02094	0.01325	0.00740	0.00583	0.00178	0.00578	0.09255	0.00553	0.00854
79	0.01149	0.01163	0.01624	0.70227	0.03508	0.10433	0.01459	0.01486	0.01144	0.01386	0.00954	0.01397	0.00724	0.00547	0.00539	0.00177	0.00757	0.00469	0.00247	0.00609

[dist]
# distance from previous block
# <min> <max>
0	2

[block]
# block no. 1 follows, 44 sequences, length 60
# corresponding to MSA columns:
# 91-126,159-182
name=unknown_B
#
# <colnr> <probs for GDERKNQSTAVLIFYWHMCP>
#	G	D	E	R	K	N	Q	S	T	A	V	L	I	F	Y	W	H	M	C	P
0	0.01551	0.01268	0.01342	0.01149	0.01492	0.01447	0.00910	0.22655	0.56380	0.02594	0.01972	0.01837	0.01464	0.00716	0.00552	0.00179	0.00477	0.00582	0.00552	0.00880
1	0.02111	0.00854	0.01158	0.00913	0.01276	0.00744	0.00744	0.02331	0.01557	0.62702	0.17140	0.02299	0.02108	0.00763	0.00567	0.00169	0.00423	0.00636	0.00660	0.00845
2	0.00755	0.00640	0.00759	0.00725	0.00861	0.00644	0.00559	0.00918	0.01244	0.01612	0.21045	0.08468	0.44791	0.01280	0.00809	0.00192	0.11431	0.02285	0.00490	0.00491
3	0.01525	0.01373	0.01646	0.39664	0.07211	0.12195	0.01303	0.22453	0.01592	0.04253	0.01085	0.01353	0.00806	0.00579	0.00537	0.00169	0.00714	0.00470	0.00347	0.00725
4	0.00988	0.00794	0.00946	0.01032	0.01182	0.05349	0.00878	0.01353	0.08530	0.01670	0.02703	0.07417	0.02862	0.01381	0.00717	0.00237	0.00519	0.60405	0.00494	0.00543
5	0.31162	0.01452	0.01633	0.01726	0.20981	0.12766	0.08528	0.12096	0.01365	0.02180	0.00951	0.01137	0.00748	0.00525	0.00472	0.00164	0.00638	0.00415	0.00335	0.00728
6	0.01499	0.05384	0.03693	0.04778	0.04796	0.04756	0.34565	0.05657	0.14867	0.10589	0.01387	0.01540	0.01023	0.00565	0.00605	0.00176	0.02389	0.00570	0.00380	0.00781
7	0.00741	0.00536	0.00706	0.00748	0.00843	0.00501	0.00554	0.00933	0.01312	0.01796	0.37676	0.32271	0.07274	0.01392	0.00676	0.00200	0.00311	0.10498	0.00549	0.00484
8	0.01598	0.03591	0.01822	0.01819	0.20322	0.07242	0.07558	0.22311	0.23623	0.02330	0.01438	0.01509	0.01095	0.00609	0.00546	0.00168	0.00618	0.00524	0.00429	0.00848
9	0.09475	0.15845	0.01950	0.01764	0.23964	0.03680	0.04667	0.13371	0.02687	0.15708	0.01217	0.01311	0.00912	0.00550	0.00492	0.00157	0.00593	0.00450	0.00391	0.00817
10	0.08059	0.01571	0.01398	0.01150	0.01524	0.23672	0.00917	0.19429	0.04654	0.29990	0.01478	0.01413	0.01021	0.00628	0.00516	0.00160	0.00642	0.00462	0.00502	0.00815
11	0.00865	0.00623	0.00859	0.00977	0.01106	0.00618	0.00851	0.01109	0.01254	0.01622	0.03044	0.06096	0.07559	0.01499	0.00747	0.00247	0.00489	0.69436	0.00502	0.00500
12	0.08821	0.01285	0.04157	0.02752	0.12678	0.01296	0.04721	0.25886	0.10551	0.15218	0.05968	0.01626	0.01282	0.00642	0.00538	0.00169	0.00553	0.00532	0.00485	0.00838
13	0.49223	0.01455	0.01261	0.01227	0.08837	0.17400	0.03891	0.07677	0.01233	0.02200	0.00861	0.01010	0.00677	0.00526	0.00419	0.00162	0.00596	0.00356	0.00333	0.00659
14	0.00994	0.00742	0.00886	0.00792	0.00981	0.00743	0.00610	0.11620	0.07643	0.02329	0.56574	0.03588	0.08271	0.01035	0.00622	0.00172	0.00320	0.00896	0.00584	0.00597
15	0.00908	0.00743	0.00830	0.00773	0.00930	0.05266	0.00583	0.01293	0.09379	0.02145	0.64760	0.03675	0.04515	0.01042	0.00625	0.00171	0.00319	0.00909	0.00576	0.00558
16	0.01648	0.01118	0.01799	0.12794	0.39245	0.01113	0.02267	0.01957	0.02362	0.26338	0.01409	0.01555	0.01024	0.00634	0.02186	0.00182	0.00616	0.00512	0.00402	0.00840
17	0.73162	0.01037	0.00866	0.00752	0.01102	0.01164	0.00620	0.01750	0.01016	0.13011	0.00954	0.01022	0.00697	0.00530	0.00367	0.00169	0.00428	0.00331	0.00385	0.00638
18	0.00833	0.00608	0.00818	0.00926	0.01054	0.00593	0.00791	0.01059	0.01241	0.01595	0.03263	0.10459	0.13550	0.01501	0.00734	0.00240	0.00459	0.59280	0.00503	0.00493
19	0.07232	0.34565	0.10551	0.03552	0.12299	0.04838	0.03288	0.12432	0.01365	0.03860	0.00956	0.01098	0.00769	0.00516	0.00447	0.00146	0.00634	0.00385	0.00306	0.00762
20	0.01584	0.01340	0.01576	0.01664	0.18969	0.05936	0.01101	0.25075	0.21626	0.03717	0.06443	0.01779	0.01418	0.00690	0.00591	0.00172	0.02934	0.02087	0.00465	0.00832
21	0.09329	0.00858	0.01066	0.00874	0.01189	0.00813	0.00703	0.05751	0.04458	0.39572	0.26440	0.02469	0.02508	0.00804	0.00560	0.00170	0.00398	0.00668	0.00608	0.00760
22	0.00996	0.00596	0.00815	0.00882	0.01004	0.00563	0.00689	0.01166	0.01197	0.12196	0.02840	0.41131	0.03111	0.01486	0.00697	0.00225	0.00408	0.28935	0.00528	0.00533
23	0.05972	0.07731	0.12397	0.02003	0.29355	0.03574	0.04772	0.03947	0.11830	0.11210	0.01295	0.01412	0.00979	0.00554	0.00518	0.00165	0.00620	0.00478	0.00363	0.00825
24	0.02053	0.05878	0.01660	0.01207	0.01640	0.01628	0.01005	0.63014	0.04387	0.09956	0.01378	0.01353	0.00972	0.00648	0.00535	0.00162	0.00582	0.00488	0.00540	0.00913
25	0.00848	0.00606	0.00844	0.00970	0.01082	0.00602	0.00826	0.01078	0.01225	0.01598	0.02903	0.16570	0.03203	0.01534	0.00745	0.00247	0.00476	0.63646	0.00503	0.00494
26	0.01685	0.46422	0.02305	0.01221	0.04623	0.32770	0.01011	0.01852	0.01288	0.01324	0.00803	0.00937	0.00707	0.00505	0.00414	0.00128	0.00746	0.00323	0.00254	0.00679
27	0.00896	0.00598	0.00751	0.00688	0.00861	0.00534	0.00523	0.01127	0.01478	0.08314	0.55709	0.04027	0.18000	0.01108	0.00629	0.00171	0.00282	0.00962	0.00582	0.02759
28	0.01324	0.11405	0.54729	0.01426	0.02122	0.01449	0.01703	0.16045	0.01420	0.02008	0.01018	0.01150	0.00737	0.00539	0.00504	0.00165	0.00741	0.00407	0.00292	0.00817
29	0.01325	0.01354	0.06352	0.18332	0.46939	0.02908	0.07677	0.03622	0.01259	0.03492	0.01048	0.01372	0.00833	0.00508	0.00547	0.00168	0.00696	0.00493	0.00280	0.00796
30	0.00679	0.00556	0.00605	0.00633	0.00796	0.00482	0.00487	0.00829	0.01228	0.01488	0.04940	0.11739	0.60606	0.01426	0.00664	0.00197	0.00311	0.11364	0.00506	0.00465
31	0.05147	0.01303	0.01452	0.01146	0.01529	0.01422	0.00940	0.53316	0.02140	0.12232	0.01412	0.01476	0.01027	0.01133	0.11490	0.00264	0.00697	0.00503	0.00518	0.00852
32	0.01412	0.01317	0.02249	0.05970	0.53479	0.01328	0.12699	0.07914	0.03048	0.03617	0.01111	0.01395	0.00887	0.00508	0.00557	0.00167	0.00679	0.00514	0.00308	0.00841
33	0.01075	0.00999	0.05586	0.00969	0.01222	0.00981	0.00794	0.01982	0.39337	0.02064	0.19936	0.10146	0.06773	0.00980	0.00602	0.00188	0.00398	0.04736	0.00536	0.00698
34	0.00879	0.00628	0.00879	0.01004	0.01130	0.00628	0.00879	0.01130	0.01255	0.01632	0.02887	0.06150	0.03138	0.01506	0.00753	0.00251	0.00502	0.73770	0.00502	0.00502
35	0.01392	0.66982	0.16466	0.01045	0.01573	0.01996	0.01129	0.01649	0.01116	0.01363	0.00798	0.00925	0.00698	0.00476	0.00380	0.00127	0.00623	0.00312	0.00233	0.00719
36	0.01452	0.04724	0.07871	0.02248	0.20039	0.02671	0.38066	0.06292	0.01364	0.08136	0.01157	0.01410	0.00868	0.00501	0.00582	0.00172	0.00778	0.00553	0.00319	0.00795
37	0.00793	0.00529	0.00595	0.00595	0.00595	0.00529	0.00330	0.00793	0.00793	0.01057	0.01718	0.03568	0.01982	0.80840	0.02775	0.00529	0.00529	0.00793	0.00330	0.00330
38	0.01129	0.02606	0.67390	0.01805	0.12884	0.01270	0.01966	0.01719	0.01164	0.01734	0.00985	0.01179	0.00715	0.00513	0.00521	0.00171	0.00784	0.00414	0.00236	0.00814
39	0.01392	0.01343	0.02492	0.06400	0.39032	0.01324	0.29150	0.05698	0.01334	0.04793	0.01111	0.01417	0.00866	0.00495	0.00579	0.00171	0.00743	0.00547	0.00301	0.00809
40	0.01492	0.01434	0.02530	0.01884	0.02296	0.07513	0.45640	0.01830	0.01264	0.12298	0.01159	0.01435	0.00870	0.00587	0.00825	0.00188	0.15123	0.00577	0.00325	0.00729
41	0.00824	0.00526	0.00582	0.00582	0.00600	0.00526	0.00337	0.00860	0.00842	0.01194	0.01726	0.03352	0.01900	0.69597	0.02439	0.00472	0.00490	0.00753	0.12040	0.00355
42	0.01093	0.02820	0.78016	0.01554	0.02360	0.01266	0.02014	0.01727	0.01151	0.01727	0.00978	0.01151	0.00691	0.00518	0.00518	0.00173	0.00806	0.00403	0.00230	0.00806
43	0.01469	0.74739	0.02737	0.00951	0.01408	0.02102	0.00932	0.03680	0.05195	0.01394	0.00851	0.00948	0.00758	0.00486	0.00366	0.00122	0.00575	0.00314	0.00259	0.00714
44	0.00979	0.00723	0.00894	0.00928	0.01076	0.00739	0.00735	0.11512	0.05528	0.01822	0.02829	0.32619	0.07340	0.01411	0.00685	0.00220	0.00430	0.28459	0.00513	0.00557
45	0.01434	0.69996	0.02907	0.01124	0.01603	0.02048	0.11380	0.01648	0.01133	0.01348	0.00806	0.00958	0.00718	0.00465	0.00391	0.00126	0.00630	0.00341	0.00239	0.00705
46	0.00772	0.00557	0.00729	0.00686	0.00814	0.00514	0.00514	0.01029	0.01543	0.02186	0.77152	0.04072	0.05144	0.01115	0.00643	0.00171	0.00257	0.00986	0.00600	0.00514
47	0.01111	0.01082	0.01927	0.54059	0.15655	0.01230	0.11879	0.01479	0.01155	0.01528	0.03054	0.01509	0.00883	0.00539	0.00561	0.00178	0.00728	0.00521	0.00261	0.00664
48	0.02014	0.01186	0.01372	0.01100	0.01493	0.01241	0.00893	0.25664	0.23488	0.32636	0.01906	0.01735	0.01308	0.00687	0.00549	0.00172	0.00497	0.00550	0.00599	0.00909
49	0.26336	0.01120	0.03424	0.01192	0.06008	0.01068	0.07777	0.06100	0.01373	0.38088	0.01502	0.01457	0.01009	0.00589	0.00494	0.00170	0.00521	0.00472	0.00496	0.00804
50	0.00851	0.00705	0.01186	0.01056	0.01213	0.00767	0.11141	0.01073	0.00944	0.01342	0.03115	0.02167	0.01406	0.07637	0.61919	0.00745	0.01307	0.00613	0.00299	0.00514
51	0.00855	0.00605	0.00825	0.00933	0.01036	0.00603	0.00781	0.01062	0.01179	0.01538	0.02729	0.09908	0.03002	0.12638	0.01033	0.00288	0.00495	0.59537	0.00478	0.00475
52	0.05608	0.04160	0.58419	0.01373	0.02082	0.01212	0.01677	0.01714	0.04061	0.01784	0.01009	0.01162	0.00740	0.00509	0.00490	0.00159	0.00709	0.00392	0.00262	0.12480
53	0.37837	0.10653	0.04384	0.01050	0.01425	0.20481	0.02538	0.10735	0.01330	0.03866	0.00895	0.01006	0.00698	0.00537	0.00421	0.00156	0.00627	0.00350	0.00339	0.00673
54	0.02245	0.01024	0.01297	0.01019	0.01425	0.00973	0.00834	0.09893	0.12931	0.59109	0.02078	0.01829	0.01355	0.00683	0.00549	0.00171	0.00472	0.00553	0.00644	0.00918
55	0.00820	0.00609	0.00797	0.00891	0.01031	0.00586	0.00763	0.01043	0.01252	0.01592	0.03544	0.05924	0.21609	0.01475	0.00726	0.00234	0.00446	0.55663	0.00503	0.00492
56	0.22161	0.09136	0.04609	0.01131	0.01509	0.26504	0.00944	0.17868	0.01559	0.08341	0.01028	0.01098	0.00776	0.00567	0.00458	0.00154	0.00676	0.00380	0.00378	0.00723
57	0.01991	0.04300	0.01831	0.01371	0.01799	0.13310	0.11433	0.40824	0.02032	0.13701	0.01313	0.01347	0.00933	0.00610	0.00545	0.00162	0.00683	0.00492	0.00475	0.00847
58	0.15948	0.01261	0.01502	0.01228	0.01599	0.02978	0.11298	0.12897	0.36666	0.06438	0.01647	0.01621	0.01218	0.00641	0.00527	0.00177	0.00536	0.00537	0.00477	0.00806
59	0.01483	0.01228	0.01282	0.01124	0.01444	0.03406	0.00886	0.14208	0.57101	0.04103	0.03799	0.02063	0.01642	0.00753	0.00560	0.00182	0.00471	0.02867	0.00548	0.00849

[dist]
# distance from previous block
# <min> <max>
0	2

[block]
# block no. 2 follows, 44 sequences, length 39
# corresponding to MSA columns:
# 185-223
name=unknown_C
#
# <colnr> <probs for GDERKNQSTAVLIFYWHMCP>
#	G	D	E	R	K	N	Q	S	T	A	V	L	I	F	Y	W	H	M	C	P
0	0.01844	0.01095	0.01282	0.01037	0.01392	0.01132	0.00837	0.24265	0.16830	0.28158	0.14119	0.02089	0.01904	0.00753	0.00564	0.00171	0.00464	0.00616	0.00600	0.00847
1	0.01430	0.01361	0.11212	0.01153	0.01537	0.01289	0.01006	0.02721	0.59237	0.09706	0.02051	0.01902	0.01506	0.00704	0.00549	0.00182	0.00483	0.00582	0.00524	0.00862
2	0.01173	0.11389	0.01355	0.00824	0.01306	0.00913	0.00683	0.01406	0.01128	0.01712	0.00942	0.01097	0.00793	0.00412	0.00397	0.00085	0.00427	0.00319	0.00311	0.73328
3	0.01928	0.01276	0.10570	0.01198	0.01661	0.01035	0.08767	0.11800	0.04568	0.41065	0.06194	0.01774	0.01380	0.00650	0.00555	0.00168	0.00554	0.00554	0.00542	0.03762
4	0.01304	0.34470	0.42685	0.01283	0.01928	0.01654	0.01514	0.06419	0.01224	0.01656	0.00910	0.01049	0.00709	0.00506	0.00452	0.00149	0.00702	0.00363	0.00252	0.00771
5	0.01191	0.03920	0.33201	0.01896	0.02525	0.01312	0.40099	0.01703	0.01226	0.01721	0.01139	0.01576	0.00892	0.00539	0.00592	0.00181	0.00843	0.04424	0.00268	0.00750
6	0.00977	0.00605	0.00781	0.00710	0.00882	0.00546	0.00542	0.01216	0.01516	0.11942	0.60297	0.03901	0.11805	0.01084	0.00631	0.00172	0.00286	0.00945	0.00601	0.00563
7	0.01464	0.68176	0.02733	0.01257	0.11289	0.02030	0.01032	0.04066	0.01173	0.01418	0.00811	0.00950	0.00728	0.00475	0.00381	0.00124	0.00592	0.00323	0.00248	0.00728
8	0.10651	0.23151	0.16489	0.03153	0.01761	0.14158	0.05713	0.07314	0.07829	0.03496	0.01039	0.01152	0.00810	0.00540	0.00463	0.00153	0.00683	0.00398	0.00315	0.00733
9	0.00675	0.00483	0.00642	0.00752	0.00793	0.00450	0.00507	0.00786	0.01093	0.01471	0.10365	0.72900	0.03758	0.01649	0.00691	0.00216	0.00310	0.01494	0.00515	0.00450
10	0.00675	0.00558	0.00614	0.00619	0.00785	0.00496	0.00471	0.00827	0.01202	0.01475	0.07346	0.06428	0.60715	0.01735	0.10788	0.00277	0.00438	0.03606	0.00482	0.00467
11	0.03193	0.11690	0.02532	0.05277	0.09120	0.01390	0.37378	0.07196	0.01369	0.11018	0.01239	0.01558	0.00951	0.00542	0.00570	0.00172	0.00740	0.02957	0.00345	0.00763
12	0.01028	0.00987	0.05552	0.09346	0.13407	0.00916	0.10651	0.01343	0.01226	0.01639	0.02058	0.04030	0.02100	0.02615	0.00712	0.00223	0.00617	0.40546	0.00394	0.00611
13	0.00785	0.00579	0.00738	0.00714	0.00841	0.00548	0.00529	0.01086	0.05451	0.02069	0.61622	0.13924	0.06685	0.01179	0.00645	0.00179	0.00275	0.01044	0.00583	0.00522
14	0.02446	0.00928	0.01265	0.00970	0.01392	0.00801	0.00801	0.02657	0.01560	0.77817	0.02151	0.01856	0.01350	0.00675	0.00548	0.00169	0.00464	0.00548	0.00675	0.00928
15	0.01462	0.58671	0.06345	0.00978	0.01413	0.01778	0.00969	0.01674	0.01174	0.08948	0.01184	0.01672	0.01080	0.00625	0.00431	0.00142	0.00572	0.09870	0.00312	0.00702
16	0.01410	0.02325	0.55855	0.01466	0.02167	0.01200	0.05549	0.05136	0.01299	0.16614	0.01227	0.01312	0.00836	0.00551	0.00532	0.00172	0.00736	0.00447	0.00333	0.00831
17	0.01711	0.02128	0.11553	0.01595	0.09226	0.41532	0.01251	0.01934	0.01330	0.06151	0.00935	0.01135	0.00759	0.00630	0.00749	0.00167	0.15826	0.00407	0.00290	0.00689
18	0.48695	0.01464	0.01240	0.01050	0.01399	0.20578	0.07137	0.01863	0.01176	0.09589	0.00948	0.01056	0.00714	0.00533	0.00423	0.00163	0.00609	0.00364	0.00351	0.00647
19	0.00841	0.00758	0.00743	0.00822	0.00902	0.10606	0.00568	0.00946	0.01129	0.01392	0.02974	0.62687	0.10535	0.01527	0.00664	0.00207	0.00399	0.01354	0.00477	0.00469
20	0.01167	0.08729	0.35111	0.11889	0.12197	0.01316	0.10583	0.01684	0.04478	0.01704	0.05199	0.01430	0.01021	0.00548	0.00534	0.00169	0.00723	0.00485	0.00277	0.00756
21	0.00700	0.00516	0.00656	0.00702	0.00791	0.00471	0.00495	0.00861	0.01255	0.01693	0.30338	0.41521	0.15105	0.01444	0.00669	0.00198	0.00289	0.01285	0.00540	0.00471
22	0.32188	0.01148	0.01237	0.01161	0.08858	0.05122	0.00844	0.08398	0.01384	0.32526	0.01393	0.01361	0.00956	0.00587	0.00468	0.00166	0.00505	0.00435	0.00480	0.00783
23	0.48665	0.03040	0.13165	0.00899	0.01293	0.01166	0.00844	0.03038	0.05059	0.09402	0.01096	0.01318	0.00863	0.07416	0.00610	0.00200	0.00503	0.00400	0.00365	0.00657
24	0.01550	0.04003	0.10850	0.01846	0.11908	0.01165	0.29122	0.01919	0.01329	0.21778	0.01494	0.01895	0.01145	0.00615	0.00590	0.00179	0.00705	0.06726	0.00393	0.00790
25	0.00944	0.00557	0.00714	0.00747	0.00824	0.00524	0.00507	0.01032	0.01044	0.11230	0.02497	0.43584	0.02797	0.25677	0.01313	0.00309	0.00408	0.04343	0.00474	0.00474
26	0.04497	0.50756	0.12232	0.01036	0.01533	0.01782	0.01051	0.07511	0.01283	0.12307	0.01025	0.01082	0.00804	0.00518	0.00414	0.00137	0.00591	0.00358	0.00323	0.00759
27	0.06786	0.19604	0.15633	0.01422	0.03852	0.06675	0.14228	0.16982	0.01495	0.03979	0.03677	0.01275	0.00936	0.00550	0.00500	0.00157	0.00689	0.00454	0.00339	0.00764
28	0.01859	0.04463	0.01403	0.01061	0.01434	0.00952	0.07248	0.04048	0.11213	0.43490	0.02376	0.05007	0.08975	0.00788	0.00570	0.00176	0.00485	0.03061	0.00574	0.00815
29	0.59923	0.01028	0.00903	0.00749	0.01128	0.01078	0.00612	0.01577	0.01002	0.04754	0.00860	0.00982	0.00673	0.00485	0.00362	0.00145	0.00418	0.00311	0.00345	0.22665
30	0.01346	0.00960	0.01339	0.02162	0.02785	0.00913	0.09278	0.11221	0.06037	0.13271	0.04413	0.19761	0.02659	0.00906	0.00583	0.00172	0.00488	0.05463	0.00475	0.15769
31	0.14633	0.00701	0.00831	0.00773	0.00921	0.00745	0.00601	0.01140	0.01341	0.02086	0.50969	0.05729	0.05579	0.01034	0.00711	0.00182	0.08193	0.02788	0.00513	0.00531
32	0.45332	0.03532	0.01046	0.00830	0.01176	0.01145	0.00682	0.11682	0.01328	0.12584	0.10955	0.01497	0.01342	0.00622	0.00437	0.00163	0.00434	0.00446	0.00441	0.04325
33	0.01391	0.05505	0.01748	0.01736	0.20736	0.06395	0.08172	0.03087	0.20217	0.05598	0.05083	0.02795	0.01306	0.00612	0.00558	0.00159	0.02349	0.00536	0.00391	0.11626
34	0.09325	0.03243	0.10575	0.01519	0.16416	0.05282	0.01106	0.03626	0.12680	0.07460	0.01509	0.06573	0.03785	0.00683	0.00592	0.00167	0.05504	0.00545	0.00378	0.09032
35	0.01092	0.11232	0.01203	0.00940	0.03754	0.00969	0.00708	0.01614	0.19392	0.05125	0.22487	0.16294	0.05763	0.00969	0.00570	0.00171	0.00385	0.00834	0.00495	0.06005
36	0.01273	0.01114	0.06439	0.00945	0.01426	0.00829	0.03108	0.02642	0.01191	0.09326	0.01115	0.02246	0.00889	0.00477	0.00479	0.00107	0.02745	0.00384	0.00353	0.62910
37	0.01758	0.01284	0.01534	0.01460	0.12742	0.11137	0.05694	0.13115	0.04573	0.23388	0.09952	0.01874	0.03663	0.00674	0.00552	0.00161	0.00576	0.00568	0.00484	0.04810
38	0.05299	0.01193	0.08659	0.01226	0.03629	0.01865	0.10586	0.05284	0.06888	0.30265	0.12320	0.03829	0.01738	0.00698	0.00559	0.00170	0.00533	0.00611	0.00508	0.04141

[dist]
# distance from previous block
# <min> <max>
0	43

[block]
# block no. 3 follows, 44 sequences, length 12
# corresponding to MSA columns:
# 267-278
name=unknown_D
#
# <colnr> <probs for GDERKNQSTAVLIFYWHMCP>
#	G	D	E	R	K	N	Q	S	T	A	V	L	I	F	Y	W	H	M	C	P
0	0.04141	0.01372	0.13155	0.01371	0.07314	0.01104	0.07937	0.12911	0.04337	0.29157	0.06138	0.01671	0.01296	0.00624	0.00544	0.00166	0.00573	0.00532	0.00485	0.05170
1	0.10541	0.11868	0.10055	0.01263	0.01722	0.02982	0.14662	0.02077	0.13109	0.18926	0.03118	0.01503	0.01113	0.00579	0.00509	0.00163	0.00595	0.00496	0.00415	0.04304
2	0.01636	0.54106	0.02385	0.01053	0.01471	0.16785	0.00953	0.05914	0.05465	0.04424	0.00939	0.01022	0.00791	0.00518	0.00407	0.00130	0.00648	0.00342	0.00294	0.00717
3	0.04578	0.53683	0.09507	0.01051	0.01524	0.09579	0.01031	0.07676	0.01267	0.01564	0.00839	0.00956	0.00717	0.00495	0.00397	0.00129	0.00633	0.00325	0.00270	0.03776
4	0.00664	0.00474	0.00633	0.00759	0.00791	0.00443	0.00506	0.00759	0.01044	0.01392	0.03005	0.80485	0.03606	0.01708	0.00696	0.00221	0.00316	0.01550	0.00506	0.00443
5	0.01690	0.01744	0.26541	0.01327	0.01864	0.01259	0.05548	0.23166	0.05305	0.19333	0.01511	0.01695	0.01098	0.00655	0.00555	0.00175	0.00641	0.04590	0.00454	0.00850
6	0.06360	0.03831	0.01724	0.01390	0.04535	0.08403	0.15647	0.11631	0.01525	0.23968	0.01666	0.02219	0.01339	0.00731	0.00576	0.00180	0.00635	0.12410	0.00466	0.00764
7	0.01030	0.00969	0.01635	0.79530	0.03755	0.01211	0.01514	0.01393	0.01090	0.01393	0.00969	0.01453	0.00727	0.00545	0.00545	0.00182	0.00727	0.00484	0.00242	0.00606
8	0.00677	0.00480	0.00629	0.00743	0.00771	0.00451	0.00489	0.00762	0.01019	0.01358	0.02876	0.72813	0.03444	0.09601	0.00903	0.00252	0.00337	0.01474	0.00489	0.00432
9	0.02085	0.13783	0.11996	0.01068	0.01541	0.05432	0.01001	0.02344	0.01433	0.51234	0.01701	0.01558	0.01122	0.00615	0.00510	0.00160	0.00558	0.00477	0.00523	0.00859
10	0.02336	0.03888	0.01376	0.01045	0.01448	0.12429	0.00853	0.05634	0.01585	0.60768	0.01875	0.01670	0.01214	0.00650	0.00533	0.00163	0.00551	0.00508	0.00596	0.00876
11	0.00664	0.00474	0.00633	0.00759	0.00791	0.00443	0.00506	0.00759	0.01044	0.01392	0.03005	0.80485	0.03606	0.01708	0.00696	0.00221	0.00316	0.01550	0.00506	0.00443

[dist]
# distance from previous block
# <min> <max>
0	4

# created by:
# /home/berkeley/.conda/envs/busco_data_prod/bin/msa2prfl.pl pipeline/OGs_align_augustus/33634/28823.fs
