[name]
unknown

[dist]
# distance from previous block
# <min> <max>
5	356

[block]
# block no. 0 follows, 45 sequences, length 21
# corresponding to MSA columns:
# 449-458,463-473
name=unknown_A
#
# <colnr> <probs for GDERKNQSTAVLIFYWHMCP>
#	G	D	E	R	K	N	Q	S	T	A	V	L	I	F	Y	W	H	M	C	P
0	0.05972	0.07041	0.15050	0.05914	0.05106	0.03211	0.03307	0.13880	0.04678	0.15125	0.07697	0.02752	0.04175	0.00655	0.00519	0.00162	0.00566	0.00532	0.00423	0.03235
1	0.14684	0.14434	0.05733	0.05937	0.06204	0.01359	0.08228	0.15638	0.02536	0.09083	0.04850	0.01353	0.01031	0.00558	0.00476	0.00153	0.00567	0.00450	0.00378	0.06349
2	0.11383	0.05778	0.09412	0.01408	0.11991	0.04146	0.05585	0.08317	0.11419	0.12135	0.06012	0.06299	0.02465	0.00677	0.00520	0.00168	0.00549	0.00568	0.00419	0.00750
3	0.08672	0.10714	0.06907	0.01141	0.01496	0.08428	0.09886	0.11639	0.05893	0.04826	0.20771	0.02065	0.01989	0.00713	0.00532	0.00163	0.00557	0.02505	0.00423	0.00681
4	0.11880	0.22712	0.05920	0.04704	0.24068	0.03038	0.01153	0.04160	0.01240	0.14754	0.01096	0.01217	0.00840	0.00518	0.00457	0.00150	0.00579	0.00408	0.00338	0.00769
5	0.01553	0.12503	0.14576	0.04415	0.12184	0.01337	0.02926	0.14732	0.08069	0.13359	0.01277	0.01346	0.00940	0.00554	0.00496	0.00153	0.00589	0.00449	0.00389	0.08153
6	0.19440	0.06087	0.07781	0.22018	0.04854	0.10005	0.01086	0.06975	0.01257	0.01854	0.07840	0.01680	0.02664	0.00635	0.00492	0.00167	0.00606	0.03592	0.00332	0.00636
7	0.00795	0.00685	0.05332	0.00778	0.00880	0.00622	0.00605	0.00932	0.00903	0.01233	0.01885	0.03266	0.05724	0.37338	0.28006	0.00567	0.00830	0.08854	0.00334	0.00430
8	0.05783	0.00556	0.00624	0.00619	0.00648	0.00576	0.00374	0.00845	0.00796	0.01142	0.01611	0.03221	0.01811	0.68920	0.09929	0.00532	0.00602	0.00732	0.00322	0.00355
9	0.18049	0.01346	0.01505	0.01163	0.01579	0.01461	0.05359	0.49158	0.02030	0.11293	0.01263	0.01277	0.00889	0.00607	0.00503	0.00164	0.00561	0.00461	0.00496	0.00838
10	0.09190	0.15791	0.10375	0.01165	0.01585	0.17409	0.01044	0.20397	0.10444	0.05952	0.01161	0.01204	0.00878	0.00576	0.00472	0.00152	0.00646	0.00411	0.00384	0.00763
11	0.01248	0.09199	0.31527	0.01367	0.01881	0.07900	0.09755	0.03943	0.15620	0.01792	0.05814	0.05057	0.01275	0.00635	0.00529	0.00168	0.00671	0.00536	0.00339	0.00742
12	0.06742	0.08196	0.20536	0.08321	0.07305	0.02398	0.01215	0.08437	0.17892	0.01930	0.01279	0.02634	0.01008	0.02677	0.00550	0.00169	0.00590	0.00468	0.00350	0.07300
13	0.00781	0.00520	0.00585	0.00585	0.00585	0.00520	0.00325	0.00781	0.00781	0.01041	0.01691	0.03513	0.01952	0.81135	0.02732	0.00520	0.00520	0.00781	0.00325	0.00325
14	0.03444	0.12226	0.17703	0.03174	0.01675	0.01244	0.01111	0.14340	0.03896	0.33623	0.01500	0.01440	0.01018	0.00597	0.00503	0.00160	0.00570	0.00462	0.00472	0.00841
15	0.01943	0.13448	0.01733	0.01152	0.01577	0.01629	0.00972	0.53360	0.06616	0.10248	0.01341	0.01319	0.00963	0.00623	0.00509	0.00156	0.00565	0.00467	0.00504	0.00876
16	0.00654	0.00467	0.00623	0.00747	0.00779	0.00436	0.00498	0.00747	0.01028	0.01370	0.02959	0.80785	0.03550	0.01682	0.00685	0.00218	0.00311	0.01526	0.00498	0.00436
17	0.01118	0.01021	0.03703	0.00828	0.01311	0.00751	0.00687	0.01405	0.03219	0.01761	0.00989	0.01139	0.00815	0.00410	0.00405	0.00085	0.00412	0.00329	0.00321	0.79292
18	0.00652	0.00473	0.00617	0.00732	0.00774	0.00437	0.00491	0.00749	0.01043	0.01377	0.03152	0.74871	0.09339	0.01657	0.00681	0.00215	0.00308	0.01495	0.00498	0.00437
19	0.01932	0.01402	0.01516	0.01189	0.01590	0.01545	0.00972	0.62412	0.09908	0.06558	0.01481	0.04458	0.01107	0.00694	0.00544	0.00166	0.00557	0.00539	0.00542	0.00888
20	0.01279	0.27774	0.37694	0.01192	0.01788	0.01464	0.01368	0.06046	0.01209	0.03455	0.00980	0.01114	0.00757	0.00503	0.00443	0.00142	0.00644	0.00369	0.04620	0.07157

[dist]
# distance from previous block
# <min> <max>
0	1

[block]
# block no. 1 follows, 45 sequences, length 17
# corresponding to MSA columns:
# 475-491
name=unknown_B
#
# <colnr> <probs for GDERKNQSTAVLIFYWHMCP>
#	G	D	E	R	K	N	Q	S	T	A	V	L	I	F	Y	W	H	M	C	P
0	0.01287	0.01098	0.01178	0.01082	0.01367	0.01261	0.00851	0.02674	0.69053	0.02180	0.02252	0.02419	0.01788	0.00806	0.00566	0.00189	0.00432	0.08164	0.00541	0.00813
1	0.01215	0.01206	0.02244	0.19031	0.19419	0.01230	0.30461	0.06536	0.01275	0.01728	0.01247	0.09557	0.01089	0.00616	0.00589	0.00178	0.00722	0.00647	0.00304	0.00708
2	0.01559	0.01186	0.04337	0.12599	0.24631	0.02715	0.05608	0.11171	0.01425	0.18271	0.01403	0.04670	0.01075	0.00607	0.00534	0.00165	0.00592	0.00539	0.06131	0.00782
3	0.10964	0.00942	0.01167	0.00920	0.01296	0.00884	0.00754	0.09438	0.01555	0.54155	0.08176	0.01959	0.03954	0.00702	0.00528	0.00166	0.00443	0.00562	0.00605	0.00830
4	0.00656	0.00479	0.00618	0.00722	0.00774	0.00441	0.00489	0.00760	0.01068	0.01409	0.06074	0.69544	0.11745	0.01624	0.00678	0.00212	0.00305	0.01462	0.00502	0.00441
5	0.01761	0.03425	0.04548	0.01766	0.25712	0.04162	0.01138	0.11525	0.08277	0.26070	0.02699	0.01569	0.01145	0.00598	0.00525	0.00161	0.00555	0.00505	0.03012	0.00847
6	0.01429	0.13016	0.26591	0.06957	0.15235	0.04273	0.01388	0.01848	0.04816	0.14481	0.01214	0.01389	0.00916	0.03494	0.00579	0.00173	0.00652	0.00447	0.00329	0.00774
7	0.04372	0.00587	0.00784	0.00899	0.01002	0.00584	0.00735	0.01015	0.01155	0.01565	0.02790	0.29841	0.03131	0.01505	0.00706	0.00234	0.00432	0.47695	0.00489	0.00479
8	0.50640	0.01443	0.03181	0.03851	0.07429	0.17425	0.03417	0.03972	0.01137	0.02081	0.00826	0.00986	0.00651	0.00513	0.00408	0.00161	0.00590	0.00344	0.00314	0.00632
9	0.00822	0.00586	0.00699	0.00684	0.00705	0.00619	0.00434	0.02414	0.00894	0.01215	0.06589	0.11557	0.02205	0.59822	0.02261	0.00437	0.06476	0.00843	0.00358	0.00381
10	0.04066	0.05292	0.13507	0.03569	0.06343	0.01125	0.01005	0.07139	0.23408	0.02111	0.24136	0.02254	0.02292	0.00754	0.00547	0.00169	0.00474	0.00634	0.00457	0.00718
11	0.01286	0.01243	0.01729	0.15138	0.34498	0.07783	0.03093	0.01825	0.15973	0.01733	0.01405	0.01935	0.01197	0.00646	0.00555	0.00175	0.00629	0.08066	0.00340	0.00749
12	0.00884	0.00652	0.00867	0.00966	0.01095	0.00666	0.00813	0.01240	0.08971	0.01639	0.02791	0.15981	0.03004	0.01433	0.00714	0.00236	0.00462	0.56562	0.00500	0.00523
13	0.01371	0.01171	0.01234	0.01100	0.01409	0.01352	0.00858	0.06558	0.73053	0.02303	0.02139	0.01967	0.01602	0.00724	0.00546	0.00181	0.00433	0.00601	0.00546	0.00853
14	0.01298	0.01291	0.02276	0.02869	0.54910	0.01338	0.14216	0.01613	0.01177	0.01687	0.00982	0.01328	0.00825	0.00535	0.00712	0.00173	0.11209	0.00504	0.00263	0.00794
15	0.00642	0.00544	0.00555	0.00552	0.00730	0.00457	0.00414	0.00786	0.01242	0.01495	0.10044	0.05092	0.72935	0.01343	0.00634	0.00180	0.00271	0.01123	0.00504	0.00457
16	0.01267	0.01448	0.03167	0.02262	0.02805	0.01357	0.75837	0.01719	0.01267	0.01719	0.01086	0.01448	0.00814	0.00452	0.00633	0.00181	0.00905	0.00633	0.00271	0.00724

[dist]
# distance from previous block
# <min> <max>
0	22

[block]
# block no. 2 follows, 45 sequences, length 70
# corresponding to MSA columns:
# 514-583
name=unknown_C
#
# <colnr> <probs for GDERKNQSTAVLIFYWHMCP>
#	G	D	E	R	K	N	Q	S	T	A	V	L	I	F	Y	W	H	M	C	P
0	0.01854	0.03691	0.13913	0.01249	0.01711	0.01236	0.07611	0.24278	0.01679	0.29015	0.01486	0.01527	0.01035	0.03400	0.00659	0.00180	0.03649	0.00507	0.00481	0.00838
1	0.01179	0.01128	0.01980	0.12469	0.46049	0.01144	0.10660	0.01490	0.01188	0.01650	0.01335	0.10448	0.01259	0.00675	0.00574	0.00176	0.00636	0.04922	0.00302	0.00736
2	0.02191	0.01262	0.01461	0.01120	0.01544	0.01306	0.00926	0.45935	0.02119	0.34016	0.01628	0.01509	0.01083	0.00653	0.00538	0.00163	0.00536	0.00506	0.00589	0.00913
3	0.00634	0.00544	0.00544	0.00544	0.00725	0.00453	0.00408	0.00770	0.01224	0.01450	0.05438	0.05166	0.77569	0.01359	0.00634	0.00181	0.00272	0.01133	0.00498	0.00453
4	0.01161	0.00951	0.01302	0.29451	0.02157	0.00893	0.00956	0.01440	0.01126	0.06535	0.01029	0.01274	0.00801	0.00465	0.00457	0.00121	0.00517	0.00390	0.00312	0.48662
5	0.01395	0.00966	0.01156	0.00841	0.01305	0.00763	0.00679	0.04227	0.01244	0.16515	0.01190	0.01257	0.00902	0.00458	0.00430	0.00099	0.00416	0.00367	0.00392	0.65399
6	0.00662	0.00473	0.00632	0.00756	0.00790	0.00443	0.00511	0.00760	0.01035	0.01379	0.02954	0.78114	0.03534	0.01675	0.00687	0.00219	0.00318	0.04123	0.00498	0.00438
7	0.00654	0.00467	0.00623	0.00747	0.00779	0.00436	0.00498	0.00747	0.01028	0.01370	0.02959	0.80785	0.03550	0.01682	0.00685	0.00218	0.00311	0.01526	0.00498	0.00436
8	0.03355	0.01420	0.16716	0.01166	0.01651	0.01095	0.03937	0.15431	0.06442	0.39216	0.01675	0.01577	0.01114	0.00623	0.00531	0.00167	0.00558	0.00504	0.01957	0.00865
9	0.84927	0.01038	0.00789	0.00706	0.01038	0.01204	0.00581	0.01578	0.00914	0.02408	0.00747	0.00872	0.00581	0.00498	0.00332	0.00166	0.00415	0.00291	0.00332	0.00581
10	0.01378	0.01432	0.06702	0.10853	0.30231	0.02988	0.21385	0.12617	0.01400	0.01918	0.01050	0.01342	0.00818	0.00519	0.00593	0.00170	0.03008	0.00513	0.00301	0.00782
11	0.01435	0.81458	0.02813	0.00918	0.01378	0.02124	0.00918	0.01607	0.01091	0.01263	0.00746	0.00861	0.00689	0.00459	0.00344	0.00115	0.00574	0.00287	0.00230	0.00689
12	0.00688	0.00494	0.00655	0.00742	0.00802	0.00461	0.00519	0.00824	0.01145	0.01547	0.18337	0.58901	0.05547	0.01543	0.00677	0.00209	0.00309	0.05631	0.00517	0.00454
13	0.00675	0.00503	0.00629	0.00687	0.00773	0.00457	0.00481	0.00816	0.01187	0.01575	0.21376	0.46257	0.19676	0.01473	0.00662	0.00198	0.00289	0.01309	0.00521	0.00457
14	0.75258	0.01024	0.00842	0.00735	0.01077	0.01156	0.00606	0.01700	0.00987	0.11284	0.00908	0.00984	0.00669	0.00518	0.00357	0.00166	0.00420	0.00320	0.00371	0.00620
15	0.02306	0.01129	0.01368	0.01065	0.01471	0.09347	0.04131	0.04068	0.01544	0.64847	0.01915	0.01705	0.01228	0.00643	0.00538	0.00164	0.00535	0.00522	0.00602	0.00873
16	0.02408	0.00914	0.01246	0.00955	0.01370	0.00789	0.00789	0.02616	0.01536	0.78158	0.02118	0.01827	0.01329	0.00664	0.00540	0.00166	0.00457	0.00540	0.00664	0.00914
17	0.01325	0.01287	0.02243	0.03228	0.72912	0.01281	0.06471	0.01652	0.01225	0.01751	0.01015	0.01336	0.00848	0.00477	0.00538	0.00161	0.00655	0.00488	0.00266	0.00842
18	0.01335	0.01153	0.01214	0.01092	0.01396	0.01335	0.00850	0.02852	0.76817	0.02245	0.02185	0.02003	0.01639	0.00728	0.00546	0.00182	0.00425	0.00607	0.00546	0.00850
19	0.84927	0.01038	0.00789	0.00706	0.01038	0.01204	0.00581	0.01578	0.00914	0.02408	0.00747	0.00872	0.00581	0.00498	0.00332	0.00166	0.00415	0.00291	0.00332	0.00581
20	0.02041	0.01504	0.01611	0.01235	0.01665	0.01665	0.01020	0.75997	0.02524	0.03383	0.01289	0.01289	0.00913	0.00644	0.00537	0.00161	0.00591	0.00483	0.00537	0.00913
21	0.84927	0.01038	0.00789	0.00706	0.01038	0.01204	0.00581	0.01578	0.00914	0.02408	0.00747	0.00872	0.00581	0.00498	0.00332	0.00166	0.00415	0.00291	0.00332	0.00581
22	0.01329	0.01275	0.02179	0.03295	0.77787	0.01275	0.01647	0.01647	0.01222	0.01754	0.01010	0.01329	0.00850	0.00478	0.00531	0.00159	0.00638	0.00478	0.00266	0.00850
23	0.01335	0.01153	0.01214	0.01092	0.01396	0.01335	0.00850	0.02852	0.76817	0.02245	0.02185	0.02003	0.01639	0.00728	0.00546	0.00182	0.00425	0.00607	0.00546	0.00850
24	0.00654	0.00467	0.00623	0.00747	0.00779	0.00436	0.00498	0.00747	0.01028	0.01370	0.02959	0.80785	0.03550	0.01682	0.00685	0.00218	0.00311	0.01526	0.00498	0.00436
25	0.02265	0.01144	0.01389	0.01065	0.01485	0.01131	0.00879	0.31312	0.01923	0.48917	0.01794	0.01617	0.01166	0.00657	0.00539	0.00164	0.00509	0.00518	0.00615	0.00913
26	0.00781	0.00520	0.00585	0.00585	0.00585	0.00520	0.00325	0.00781	0.00781	0.01041	0.01691	0.03513	0.01952	0.81135	0.02732	0.00520	0.00520	0.00781	0.00325	0.00325
27	0.00654	0.00467	0.00623	0.00747	0.00779	0.00436	0.00498	0.00747	0.01028	0.01370	0.02959	0.80785	0.03550	0.01682	0.00685	0.00218	0.00311	0.01526	0.00498	0.00436
28	0.00679	0.00539	0.00610	0.00605	0.00756	0.00470	0.00449	0.00852	0.01309	0.01684	0.29914	0.10915	0.46727	0.01296	0.00638	0.00180	0.00269	0.01109	0.00530	0.00470
29	0.01113	0.00954	0.01113	0.00795	0.01272	0.00716	0.00636	0.01352	0.01113	0.01749	0.00954	0.01113	0.00795	0.00398	0.00398	0.00080	0.00398	0.00318	0.00318	0.84417
30	0.01435	0.00816	0.01011	0.00884	0.01143	0.00795	0.00704	0.07824	0.11185	0.25301	0.22543	0.08020	0.07588	0.00970	0.00599	0.00180	0.00391	0.07329	0.00583	0.00699
31	0.00717	0.00532	0.00668	0.00666	0.00784	0.00483	0.00487	0.00918	0.01372	0.01876	0.50263	0.19057	0.17681	0.01257	0.00643	0.00181	0.00268	0.01107	0.00557	0.00483
32	0.01093	0.06325	0.74947	0.01502	0.02281	0.01286	0.01935	0.01696	0.01131	0.01680	0.00954	0.01121	0.00680	0.00508	0.00503	0.00168	0.00783	0.00392	0.00227	0.00789
33	0.00684	0.00481	0.00624	0.00730	0.00780	0.00449	0.00500	0.00800	0.01067	0.01446	0.05574	0.67400	0.06875	0.01578	0.00665	0.00210	0.00311	0.04014	0.05368	0.00445
34	0.00654	0.00467	0.00623	0.00747	0.00779	0.00436	0.00498	0.00747	0.01028	0.01370	0.02959	0.80785	0.03550	0.01682	0.00685	0.00218	0.00311	0.01526	0.00498	0.00436
35	0.01375	0.01231	0.04175	0.06344	0.01565	0.06329	0.01062	0.10821	0.06731	0.08127	0.01151	0.01450	0.00948	0.01272	0.13066	0.00300	0.32549	0.00493	0.00342	0.00668
36	0.01349	0.01312	0.02088	0.09625	0.66285	0.04826	0.01592	0.03373	0.01254	0.01739	0.01003	0.01320	0.00833	0.00490	0.00530	0.00160	0.00658	0.00472	0.00270	0.00820
37	0.01316	0.00695	0.00913	0.00782	0.01008	0.00635	0.00612	0.04153	0.01560	0.25743	0.51461	0.03238	0.03761	0.00947	0.00601	0.00168	0.00328	0.00820	0.00612	0.00647
38	0.01260	0.01197	0.01914	0.26991	0.46814	0.03470	0.01529	0.04405	0.01235	0.01679	0.01063	0.01517	0.00886	0.00541	0.00539	0.00168	0.00665	0.03097	0.00276	0.00754
39	0.00811	0.00509	0.00609	0.00609	0.00609	0.00509	0.00354	0.00764	0.00764	0.01019	0.01538	0.03132	0.01745	0.65089	0.02604	0.17496	0.00509	0.00717	0.00307	0.00307
40	0.08275	0.01277	0.01637	0.01457	0.08077	0.03581	0.12404	0.12367	0.34762	0.05604	0.01592	0.01609	0.01192	0.00633	0.00575	0.00175	0.02984	0.00543	0.00450	0.00806
41	0.06474	0.01198	0.01573	0.01217	0.01609	0.05462	0.12309	0.11119	0.07542	0.29681	0.02764	0.01546	0.01121	0.00617	0.00599	0.00163	0.05194	0.00510	0.00480	0.08822
42	0.01058	0.01026	0.01606	0.76307	0.03605	0.04701	0.01470	0.01406	0.01094	0.01369	0.00948	0.01410	0.00714	0.00537	0.00534	0.00177	0.00727	0.00471	0.00240	0.00597
43	0.01663	0.01868	0.01830	0.07887	0.29437	0.37388	0.03952	0.06603	0.01435	0.01624	0.00943	0.01170	0.00769	0.00527	0.00514	0.00152	0.00803	0.00422	0.00286	0.00725
44	0.84927	0.01038	0.00789	0.00706	0.01038	0.01204	0.00581	0.01578	0.00914	0.02408	0.00747	0.00872	0.00581	0.00498	0.00332	0.00166	0.00415	0.00291	0.00332	0.00581
45	0.01231	0.01048	0.01123	0.01040	0.01301	0.01198	0.00796	0.02530	0.65222	0.02112	0.02303	0.14056	0.01931	0.00874	0.00567	0.00188	0.00407	0.00748	0.00539	0.00786
46	0.77188	0.01026	0.00832	0.00729	0.01069	0.01165	0.00601	0.01675	0.00972	0.09512	0.00876	0.00962	0.00651	0.00514	0.00352	0.00166	0.00419	0.00314	0.00363	0.00612
47	0.11361	0.00721	0.00823	0.00702	0.00961	0.00692	0.00560	0.01793	0.01270	0.30695	0.04674	0.01880	0.01406	0.00643	0.00442	0.00147	0.00347	0.00509	0.39708	0.00665
48	0.00673	0.00541	0.00606	0.00636	0.00783	0.00473	0.00481	0.00824	0.01217	0.01508	0.10087	0.16752	0.52346	0.01404	0.00654	0.00194	0.00302	0.09556	0.00505	0.00459
49	0.00718	0.00547	0.00660	0.00632	0.00776	0.00489	0.00474	0.00933	0.01421	0.01920	0.53640	0.04393	0.29073	0.01184	0.00634	0.00173	0.00259	0.01024	0.00560	0.00489
50	0.00636	0.00539	0.00549	0.00557	0.00729	0.00452	0.00414	0.00769	0.01211	0.01445	0.05277	0.10082	0.72757	0.01380	0.00638	0.00184	0.00274	0.01158	0.00498	0.00452
51	0.01994	0.01453	0.01565	0.01213	0.01632	0.01606	0.00998	0.67232	0.08763	0.05923	0.01394	0.01368	0.00989	0.00652	0.00538	0.00163	0.00572	0.00496	0.00542	0.00908
52	0.01113	0.00954	0.01113	0.00795	0.01272	0.00716	0.00636	0.01352	0.01113	0.01749	0.00954	0.01113	0.00795	0.00398	0.00398	0.00080	0.00398	0.00318	0.00318	0.84417
53	0.01335	0.01153	0.01214	0.01092	0.01396	0.01335	0.00850	0.02852	0.76817	0.02245	0.02185	0.02003	0.01639	0.00728	0.00546	0.00182	0.00425	0.00607	0.00546	0.00850
54	0.01014	0.00954	0.01610	0.79845	0.03697	0.01193	0.01491	0.01371	0.01073	0.01371	0.00954	0.01431	0.00716	0.00537	0.00537	0.00179	0.00716	0.00477	0.00239	0.00596
55	0.01077	0.02777	0.78354	0.01530	0.02323	0.01247	0.01983	0.01700	0.01133	0.01700	0.00963	0.01133	0.00680	0.00510	0.00510	0.00170	0.00793	0.00397	0.00227	0.00793
56	0.00654	0.00467	0.00623	0.00747	0.00779	0.00436	0.00498	0.00747	0.01028	0.01370	0.02959	0.80785	0.03550	0.01682	0.00685	0.00218	0.00311	0.01526	0.00498	0.00436
57	0.02269	0.01137	0.01384	0.01061	0.01482	0.01120	0.00877	0.30394	0.01910	0.49853	0.01804	0.01623	0.01171	0.00657	0.00539	0.00164	0.00507	0.00518	0.00616	0.00913
58	0.00693	0.00499	0.00665	0.00784	0.00840	0.00471	0.00564	0.00818	0.01076	0.01419	0.03051	0.63074	0.06877	0.01629	0.00694	0.00222	0.00344	0.15334	0.00498	0.00448
59	0.01267	0.01448	0.03167	0.02262	0.02805	0.01357	0.75837	0.01719	0.01267	0.01719	0.01086	0.01448	0.00814	0.00452	0.00633	0.00181	0.00905	0.00633	0.00271	0.00724
60	0.00755	0.00649	0.00659	0.00638	0.00841	0.00605	0.00484	0.01129	0.14258	0.01587	0.04877	0.04621	0.64476	0.01251	0.00619	0.00181	0.00298	0.01042	0.00507	0.00522
61	0.00767	0.00573	0.00850	0.00850	0.00942	0.00664	0.00656	0.00951	0.00859	0.01237	0.01449	0.02171	0.01369	0.07427	0.75644	0.00848	0.01397	0.00584	0.00289	0.00472
62	0.73625	0.01190	0.04283	0.00805	0.01140	0.04734	0.00691	0.01596	0.00946	0.02276	0.00759	0.00902	0.00596	0.00522	0.00413	0.00168	0.04136	0.00306	0.00321	0.00593
63	0.00817	0.00641	0.00755	0.00708	0.00842	0.04127	0.00531	0.01065	0.01520	0.02114	0.73966	0.03869	0.04863	0.01072	0.00626	0.00167	0.00286	0.00942	0.00576	0.00512
64	0.00755	0.00511	0.00650	0.00677	0.00767	0.00479	0.00484	0.00947	0.01276	0.01834	0.38230	0.32779	0.03953	0.01250	0.00615	0.00181	0.00275	0.01112	0.12745	0.00479
65	0.01197	0.01036	0.01729	0.46824	0.27162	0.01162	0.01454	0.01522	0.01151	0.06812	0.01129	0.04466	0.00910	0.00571	0.00541	0.00173	0.00657	0.00522	0.00287	0.00694
66	0.01235	0.37581	0.44938	0.01259	0.01905	0.01635	0.01512	0.01659	0.01114	0.01507	0.00867	0.01013	0.00684	0.00488	0.00437	0.00146	0.00696	0.00348	0.00228	0.00747
67	0.00657	0.00504	0.00602	0.00662	0.00760	0.00449	0.00464	0.00782	0.01150	0.01476	0.11103	0.44409	0.32050	0.01502	0.00661	0.00199	0.00291	0.01322	0.00507	0.00449
68	0.00980	0.00709	0.04089	0.00696	0.00873	0.00659	0.00564	0.01420	0.12777	0.01926	0.07143	0.09798	0.06344	0.00848	0.00485	0.00156	0.00319	0.04074	0.45582	0.00558
69	0.14420	0.06558	0.10486	0.05464	0.30906	0.01296	0.01275	0.05579	0.09095	0.04666	0.01118	0.01286	0.00872	0.00524	0.00482	0.00159	0.00579	0.00436	0.00328	0.04471

[dist]
# distance from previous block
# <min> <max>
0	6

[block]
# block no. 3 follows, 45 sequences, length 41
# corresponding to MSA columns:
# 595-635
name=unknown_D
#
# <colnr> <probs for GDERKNQSTAVLIFYWHMCP>
#	G	D	E	R	K	N	Q	S	T	A	V	L	I	F	Y	W	H	M	C	P
0	0.03708	0.01327	0.01576	0.07170	0.10469	0.03490	0.02872	0.32750	0.17250	0.02487	0.01336	0.01418	0.01006	0.00620	0.00579	0.00164	0.04155	0.00491	0.00438	0.06694
1	0.01177	0.01291	0.02672	0.01973	0.02391	0.01269	0.57944	0.01547	0.01188	0.01628	0.01287	0.11698	0.01157	0.00665	0.00763	0.00192	0.09458	0.00731	0.00297	0.00672
2	0.01403	0.01187	0.01252	0.01106	0.01422	0.01367	0.00866	0.09938	0.69620	0.02356	0.02098	0.01934	0.01568	0.00720	0.00545	0.00180	0.00441	0.00595	0.00545	0.00856
3	0.01106	0.01077	0.01441	0.01261	0.01305	0.03024	0.01036	0.01294	0.04088	0.01337	0.01192	0.01605	0.06038	0.01377	0.12280	0.00314	0.58843	0.00532	0.00274	0.00575
4	0.84927	0.01038	0.00789	0.00706	0.01038	0.01204	0.00581	0.01578	0.00914	0.02408	0.00747	0.00872	0.00581	0.00498	0.00332	0.00166	0.00415	0.00291	0.00332	0.00581
5	0.00659	0.00513	0.00602	0.00669	0.00776	0.00456	0.00481	0.00783	0.01133	0.01424	0.04108	0.40434	0.38061	0.01518	0.00665	0.00203	0.00305	0.06263	0.00498	0.00448
6	0.00832	0.00566	0.00703	0.00667	0.00820	0.00507	0.00501	0.01041	0.01410	0.07067	0.48865	0.09952	0.22704	0.01177	0.00631	0.00175	0.00276	0.01024	0.00566	0.00515
7	0.00794	0.00595	0.00767	0.00852	0.00994	0.00567	0.00725	0.01007	0.01232	0.01559	0.03638	0.05783	0.25915	0.01445	0.00709	0.00227	0.00426	0.51788	0.00496	0.00482
8	0.84927	0.01038	0.00789	0.00706	0.01038	0.01204	0.00581	0.01578	0.00914	0.02408	0.00747	0.00872	0.00581	0.00498	0.00332	0.00166	0.00415	0.00291	0.00332	0.00581
9	0.84927	0.01038	0.00789	0.00706	0.01038	0.01204	0.00581	0.01578	0.00914	0.02408	0.00747	0.00872	0.00581	0.00498	0.00332	0.00166	0.00415	0.00291	0.00332	0.00581
10	0.02336	0.00930	0.01244	0.00964	0.01372	0.00826	0.00793	0.02632	0.06636	0.73016	0.02122	0.01839	0.01350	0.00669	0.00540	0.00167	0.00455	0.00544	0.00656	0.00909
11	0.02005	0.02558	0.01521	0.01383	0.01659	0.78980	0.01037	0.02143	0.01521	0.01314	0.00830	0.00968	0.00691	0.00553	0.00484	0.00138	0.00968	0.00346	0.00277	0.00622
12	0.01014	0.00954	0.01610	0.79845	0.03697	0.01193	0.01491	0.01371	0.01073	0.01371	0.00954	0.01431	0.00716	0.00537	0.00537	0.00179	0.00716	0.00477	0.00239	0.00596
13	0.03128	0.00999	0.01657	0.67000	0.12268	0.01214	0.01479	0.01407	0.01081	0.01440	0.00949	0.01399	0.00728	0.00539	0.00561	0.00178	0.02632	0.00472	0.00244	0.00626
14	0.08681	0.01109	0.01218	0.01007	0.01371	0.06289	0.00808	0.02574	0.24893	0.43259	0.01941	0.01747	0.01322	0.00663	0.00521	0.00169	0.00478	0.00527	0.00575	0.00847
15	0.01077	0.02777	0.78354	0.01530	0.02323	0.01247	0.01983	0.01700	0.01133	0.01700	0.00963	0.01133	0.00680	0.00510	0.00510	0.00170	0.00793	0.00397	0.00227	0.00793
16	0.02408	0.00914	0.01246	0.00955	0.01370	0.00789	0.00789	0.02616	0.01536	0.78158	0.02118	0.01827	0.01329	0.00664	0.00540	0.00166	0.00457	0.00540	0.00664	0.00914
17	0.01119	0.12024	0.69475	0.01458	0.02212	0.01350	0.01858	0.01689	0.01128	0.01649	0.00938	0.01101	0.00681	0.00504	0.00491	0.00164	0.00768	0.00384	0.00227	0.00781
18	0.01050	0.00992	0.01676	0.70921	0.12334	0.01202	0.01509	0.01404	0.01091	0.01416	0.00961	0.01419	0.00731	0.00530	0.00536	0.00177	0.00706	0.00477	0.00242	0.00626
19	0.00654	0.00467	0.00623	0.00747	0.00779	0.00436	0.00498	0.00747	0.01028	0.01370	0.02959	0.80785	0.03550	0.01682	0.00685	0.00218	0.00311	0.01526	0.00498	0.00436
20	0.08179	0.00884	0.06242	0.03386	0.03578	0.00761	0.03922	0.03208	0.01415	0.11318	0.41722	0.03051	0.06298	0.00901	0.00583	0.00171	0.00398	0.02859	0.00511	0.00612
21	0.01315	0.01256	0.02113	0.06604	0.71259	0.01274	0.01607	0.01686	0.04417	0.01758	0.01057	0.01362	0.00878	0.00491	0.00532	0.00161	0.00632	0.00484	0.00276	0.00839
22	0.84927	0.01038	0.00789	0.00706	0.01038	0.01204	0.00581	0.01578	0.00914	0.02408	0.00747	0.00872	0.00581	0.00498	0.00332	0.00166	0.00415	0.00291	0.00332	0.00581
23	0.00760	0.00549	0.00718	0.00675	0.00802	0.00506	0.00506	0.01013	0.01519	0.02153	0.77503	0.04010	0.05065	0.01097	0.00633	0.00169	0.00253	0.00971	0.00591	0.00506
24	0.01965	0.02169	0.01418	0.01262	0.01549	0.60318	0.00959	0.06729	0.01553	0.08895	0.01056	0.01154	0.00822	0.00575	0.00484	0.00141	0.00838	0.00385	0.07069	0.00659
25	0.00645	0.00539	0.00562	0.00567	0.00734	0.00456	0.00421	0.00787	0.01232	0.01496	0.10579	0.10250	0.67166	0.01362	0.00638	0.00183	0.00273	0.01148	0.00505	0.00456
26	0.00662	0.00478	0.00627	0.00730	0.00778	0.00443	0.00494	0.00771	0.01080	0.01440	0.09360	0.70240	0.07681	0.01615	0.00678	0.00212	0.00304	0.01458	0.00506	0.00443
27	0.00694	0.00546	0.00627	0.00607	0.00762	0.00479	0.00455	0.00886	0.01365	0.01786	0.39900	0.04613	0.42897	0.01234	0.00634	0.00175	0.00263	0.01055	0.00543	0.00479
28	0.02114	0.01074	0.01307	0.01015	0.01404	0.01057	0.00834	0.27465	0.01859	0.44549	0.07521	0.01814	0.01471	0.00689	0.00541	0.00163	0.00481	0.00552	0.03220	0.00870
29	0.01335	0.01153	0.01214	0.01092	0.01396	0.01335	0.00850	0.02852	0.76817	0.02245	0.02185	0.02003	0.01639	0.00728	0.00546	0.00182	0.00425	0.00607	0.00546	0.00850
30	0.01113	0.00954	0.01113	0.00795	0.01272	0.00716	0.00636	0.01352	0.01113	0.01749	0.00954	0.01113	0.00795	0.00398	0.00398	0.00080	0.00398	0.00318	0.00318	0.84417
31	0.84927	0.01038	0.00789	0.00706	0.01038	0.01204	0.00581	0.01578	0.00914	0.02408	0.00747	0.00872	0.00581	0.00498	0.00332	0.00166	0.00415	0.00291	0.00332	0.00581
32	0.01014	0.00954	0.01610	0.79845	0.03697	0.01193	0.01491	0.01371	0.01073	0.01371	0.00954	0.01431	0.00716	0.00537	0.00537	0.00179	0.00716	0.00477	0.00239	0.00596
33	0.00654	0.00467	0.00623	0.00747	0.00779	0.00436	0.00498	0.00747	0.01028	0.01370	0.02959	0.80785	0.03550	0.01682	0.00685	0.00218	0.00311	0.01526	0.00498	0.00436
34	0.00654	0.00467	0.00623	0.00747	0.00779	0.00436	0.00498	0.00747	0.01028	0.01370	0.02959	0.80785	0.03550	0.01682	0.00685	0.00218	0.00311	0.01526	0.00498	0.00436
35	0.01435	0.81458	0.02813	0.00918	0.01378	0.02124	0.00918	0.01607	0.01091	0.01263	0.00746	0.00861	0.00689	0.00459	0.00344	0.00115	0.00574	0.00287	0.00230	0.00689
36	0.01174	0.01174	0.01644	0.01409	0.01409	0.01644	0.01174	0.01292	0.00822	0.01292	0.00705	0.01174	0.00705	0.00940	0.01762	0.00235	0.80153	0.00470	0.00235	0.00587
37	0.00654	0.00467	0.00623	0.00747	0.00779	0.00436	0.00498	0.00747	0.01028	0.01370	0.02959	0.80785	0.03550	0.01682	0.00685	0.00218	0.00311	0.01526	0.00498	0.00436
38	0.01228	0.01372	0.02927	0.14251	0.02943	0.01332	0.64348	0.01666	0.01237	0.01666	0.01066	0.01445	0.00799	0.00465	0.00619	0.00181	0.00876	0.00609	0.00266	0.00704
39	0.02007	0.02511	0.01525	0.01376	0.01660	0.75544	0.01036	0.05426	0.01566	0.01406	0.00850	0.00982	0.00701	0.00557	0.00486	0.00139	0.00951	0.00352	0.00288	0.00635
40	0.01379	0.01175	0.01238	0.01101	0.01412	0.01356	0.00860	0.07380	0.72218	0.02316	0.02129	0.01959	0.01594	0.00723	0.00546	0.00181	0.00435	0.00599	0.00546	0.00854

[dist]
# distance from previous block
# <min> <max>
0	1

[block]
# block no. 4 follows, 45 sequences, length 16
# corresponding to MSA columns:
# 637-652
name=unknown_E
#
# <colnr> <probs for GDERKNQSTAVLIFYWHMCP>
#	G	D	E	R	K	N	Q	S	T	A	V	L	I	F	Y	W	H	M	C	P
0	0.60967	0.01063	0.00953	0.05681	0.01289	0.03866	0.00694	0.01784	0.01064	0.16844	0.01026	0.01093	0.00737	0.00534	0.00390	0.00166	0.00461	0.00352	0.00388	0.00647
1	0.00781	0.00520	0.00585	0.00585	0.00585	0.00520	0.00325	0.00781	0.00781	0.01041	0.01691	0.03513	0.01952	0.81135	0.02732	0.00520	0.00520	0.00781	0.00325	0.00325
2	0.00832	0.00740	0.00841	0.00903	0.06133	0.05133	0.00619	0.01005	0.01265	0.01631	0.23674	0.15907	0.31825	0.01205	0.00698	0.00183	0.05400	0.01018	0.00478	0.00510
3	0.00835	0.00576	0.00754	0.00737	0.00813	0.00612	0.00520	0.00996	0.03116	0.03518	0.11067	0.02900	0.02060	0.34509	0.34015	0.00599	0.00863	0.00707	0.00359	0.00444
4	0.06487	0.01106	0.01618	0.33760	0.08660	0.01402	0.01295	0.06492	0.01081	0.01577	0.00875	0.01281	0.00728	0.00688	0.00982	0.00196	0.30409	0.00463	0.00266	0.00635
5	0.07261	0.02415	0.01479	0.01333	0.01620	0.70601	0.01008	0.05404	0.01527	0.01475	0.00845	0.00976	0.00694	0.00554	0.00477	0.00141	0.00916	0.00348	0.00292	0.00633
6	0.00681	0.00487	0.00654	0.00779	0.00822	0.00460	0.00546	0.00795	0.01055	0.01401	0.02943	0.71051	0.03490	0.01656	0.00692	0.00222	0.00335	0.10988	0.00498	0.00444
7	0.01049	0.01099	0.02262	0.01723	0.02084	0.01029	0.49022	0.01373	0.01182	0.01595	0.01752	0.29686	0.01788	0.00890	0.00652	0.00194	0.00694	0.00951	0.00352	0.00621
8	0.00944	0.00656	0.00778	0.00769	0.00949	0.00622	0.00613	0.06126	0.03065	0.06625	0.10970	0.11716	0.30384	0.01259	0.00641	0.00195	0.00365	0.19048	0.03738	0.00538
9	0.00706	0.00489	0.00607	0.00681	0.00699	0.00471	0.00427	0.00761	0.00926	0.01234	0.02435	0.48877	0.02890	0.34491	0.01530	0.00343	0.00398	0.01218	0.00427	0.00390
10	0.00771	0.00545	0.00694	0.00657	0.00786	0.00504	0.00493	0.01019	0.01478	0.02110	0.68859	0.03918	0.08051	0.01075	0.00615	0.00166	0.00254	0.00944	0.06557	0.00504
11	0.00684	0.00552	0.00592	0.00607	0.00777	0.00479	0.00472	0.00844	0.01232	0.01518	0.07579	0.05124	0.61948	0.01339	0.00639	0.00188	0.00301	0.10995	0.03668	0.00462
12	0.01435	0.81458	0.02813	0.00918	0.01378	0.02124	0.00918	0.01607	0.01091	0.01263	0.00746	0.00861	0.00689	0.00459	0.00344	0.00115	0.00574	0.00287	0.00230	0.00689
13	0.01077	0.02777	0.78354	0.01530	0.02323	0.01247	0.01983	0.01700	0.01133	0.01700	0.00963	0.01133	0.00680	0.00510	0.00510	0.00170	0.00793	0.00397	0.00227	0.00793
14	0.02342	0.00928	0.01244	0.00964	0.01372	0.00823	0.00793	0.02631	0.06201	0.73455	0.02122	0.01838	0.01348	0.00668	0.00540	0.00167	0.00455	0.00544	0.00657	0.00910
15	0.01435	0.81458	0.02813	0.00918	0.01378	0.02124	0.00918	0.01607	0.01091	0.01263	0.00746	0.00861	0.00689	0.00459	0.00344	0.00115	0.00574	0.00287	0.00230	0.00689

[dist]
# distance from previous block
# <min> <max>
0	29

[block]
# block no. 5 follows, 45 sequences, length 44
# corresponding to MSA columns:
# 682-725
name=unknown_F
#
# <colnr> <probs for GDERKNQSTAVLIFYWHMCP>
#	G	D	E	R	K	N	Q	S	T	A	V	L	I	F	Y	W	H	M	C	P
0	0.01014	0.00954	0.01610	0.79845	0.03697	0.01193	0.01491	0.01371	0.01073	0.01371	0.00954	0.01431	0.00716	0.00537	0.00537	0.00179	0.00716	0.00477	0.00239	0.00596
1	0.00642	0.00543	0.00556	0.00564	0.00738	0.00457	0.00424	0.00779	0.01216	0.01452	0.05268	0.08069	0.72599	0.01375	0.00639	0.00185	0.00280	0.03260	0.00498	0.00454
2	0.00654	0.00467	0.00623	0.00747	0.00779	0.00436	0.00498	0.00747	0.01028	0.01370	0.02959	0.80785	0.03550	0.01682	0.00685	0.00218	0.00311	0.01526	0.00498	0.00436
3	0.01496	0.02142	0.40486	0.01461	0.02082	0.01431	0.07092	0.32928	0.01728	0.02409	0.01109	0.01222	0.00788	0.00562	0.00531	0.00167	0.00716	0.00451	0.00360	0.00838
4	0.00925	0.00946	0.05299	0.01131	0.01463	0.00781	0.23310	0.01185	0.01246	0.04887	0.03751	0.03693	0.47156	0.01012	0.00624	0.00180	0.00498	0.00919	0.00423	0.00572
5	0.84927	0.01038	0.00789	0.00706	0.01038	0.01204	0.00581	0.01578	0.00914	0.02408	0.00747	0.00872	0.00581	0.00498	0.00332	0.00166	0.00415	0.00291	0.00332	0.00581
6	0.00781	0.00520	0.00585	0.00585	0.00585	0.00520	0.00325	0.00781	0.00781	0.01041	0.01691	0.03513	0.01952	0.81135	0.02732	0.00520	0.00520	0.00781	0.00325	0.00325
7	0.01077	0.02777	0.78354	0.01530	0.02323	0.01247	0.01983	0.01700	0.01133	0.01700	0.00963	0.01133	0.00680	0.00510	0.00510	0.00170	0.00793	0.00397	0.00227	0.00793
8	0.01183	0.26079	0.55981	0.01349	0.02043	0.01506	0.01668	0.01673	0.01121	0.01571	0.00899	0.01053	0.00683	0.00495	0.00461	0.00154	0.00728	0.00364	0.00228	0.00762
9	0.01249	0.40699	0.41945	0.01235	0.01868	0.01669	0.01470	0.01655	0.01113	0.01489	0.00859	0.01002	0.00684	0.00486	0.00430	0.00143	0.00688	0.00344	0.00228	0.00743
10	0.00786	0.00562	0.00775	0.00899	0.00988	0.00550	0.00728	0.00976	0.01158	0.01518	0.02885	0.33882	0.03261	0.01557	0.00720	0.00236	0.00426	0.47122	0.00496	0.00473
11	0.01066	0.01020	0.01645	0.58178	0.06737	0.01300	0.01426	0.01367	0.01023	0.01372	0.00900	0.01367	0.00720	0.00626	0.00817	0.00191	0.18926	0.00475	0.00239	0.00606
12	0.13990	0.01301	0.02368	0.01730	0.02211	0.01263	0.46134	0.07670	0.01358	0.14809	0.01225	0.01413	0.00874	0.00510	0.00565	0.00175	0.00732	0.00555	0.00367	0.00749
13	0.00634	0.00544	0.00544	0.00544	0.00725	0.00453	0.00408	0.00770	0.01224	0.01450	0.05438	0.05166	0.77569	0.01359	0.00634	0.00181	0.00272	0.01133	0.00498	0.00453
14	0.00661	0.00541	0.00584	0.00580	0.00743	0.00464	0.00432	0.00820	0.01277	0.01593	0.20375	0.08232	0.59195	0.01319	0.00636	0.00180	0.00270	0.01116	0.00518	0.00464
15	0.01361	0.01309	0.02062	0.11085	0.62902	0.04673	0.01573	0.05397	0.01286	0.01777	0.01010	0.01322	0.00832	0.00496	0.00530	0.00161	0.00658	0.00473	0.00277	0.00817
16	0.01018	0.00602	0.00684	0.00676	0.00826	0.00583	0.00509	0.06355	0.01245	0.06915	0.02644	0.22821	0.13051	0.01050	0.00533	0.00168	0.00319	0.04572	0.34895	0.00533
17	0.00646	0.00499	0.00590	0.00662	0.00756	0.00443	0.00460	0.00757	0.01110	0.01404	0.04001	0.49003	0.34660	0.01546	0.00664	0.00203	0.00295	0.01361	0.00498	0.00443
18	0.01113	0.00954	0.01113	0.00795	0.01272	0.00716	0.00636	0.01352	0.01113	0.01749	0.00954	0.01113	0.00795	0.00398	0.00398	0.00080	0.00398	0.00318	0.00318	0.84417
19	0.03883	0.01304	0.02107	0.04561	0.63369	0.03080	0.05119	0.04520	0.03561	0.01831	0.01046	0.01333	0.00860	0.00494	0.00530	0.00161	0.00645	0.00481	0.00287	0.00828
20	0.01158	0.02154	0.47523	0.01498	0.02088	0.01315	0.08843	0.01902	0.16872	0.01776	0.01204	0.01349	0.00895	0.00592	0.00651	0.00180	0.08453	0.00471	0.00298	0.00778
21	0.01014	0.00954	0.01610	0.79845	0.03697	0.01193	0.01491	0.01371	0.01073	0.01371	0.00954	0.01431	0.00716	0.00537	0.00537	0.00179	0.00716	0.00477	0.00239	0.00596
22	0.01267	0.01448	0.03167	0.02262	0.02805	0.01357	0.75837	0.01719	0.01267	0.01719	0.01086	0.01448	0.00814	0.00452	0.00633	0.00181	0.00905	0.00633	0.00271	0.00724
23	0.01335	0.01153	0.01214	0.01092	0.01396	0.01335	0.00850	0.02852	0.76817	0.02245	0.02185	0.02003	0.01639	0.00728	0.00546	0.00182	0.00425	0.00607	0.00546	0.00850
24	0.01088	0.00657	0.00911	0.00961	0.01129	0.00635	0.00828	0.01329	0.01301	0.13056	0.08043	0.05279	0.02967	0.01333	0.00704	0.00229	0.00472	0.57993	0.00527	0.00558
25	0.00654	0.00467	0.00623	0.00747	0.00779	0.00436	0.00498	0.00747	0.01028	0.01370	0.02959	0.80785	0.03550	0.01682	0.00685	0.00218	0.00311	0.01526	0.00498	0.00436
26	0.00781	0.00520	0.00585	0.00585	0.00585	0.00520	0.00325	0.00781	0.00781	0.01041	0.01691	0.03513	0.01952	0.81135	0.02732	0.00520	0.00520	0.00781	0.00325	0.00325
27	0.02041	0.01504	0.01611	0.01235	0.01665	0.01665	0.01020	0.75997	0.02524	0.03383	0.01289	0.01289	0.00913	0.00644	0.00537	0.00161	0.00591	0.00483	0.00537	0.00913
28	0.02408	0.00914	0.01246	0.00955	0.01370	0.00789	0.00789	0.02616	0.01536	0.78158	0.02118	0.01827	0.01329	0.00664	0.00540	0.00166	0.00457	0.00540	0.00664	0.00914
29	0.01335	0.01153	0.01214	0.01092	0.01396	0.01335	0.00850	0.02852	0.76817	0.02245	0.02185	0.02003	0.01639	0.00728	0.00546	0.00182	0.00425	0.00607	0.00546	0.00850
30	0.01299	0.01497	0.03095	0.02224	0.02755	0.04752	0.72566	0.01738	0.01278	0.01702	0.01075	0.01427	0.00809	0.00457	0.00627	0.00179	0.00908	0.00621	0.00272	0.00720
31	0.01335	0.01153	0.01214	0.01092	0.01396	0.01335	0.00850	0.02852	0.76817	0.02245	0.02185	0.02003	0.01639	0.00728	0.00546	0.00182	0.00425	0.00607	0.00546	0.00850
32	0.01282	0.01228	0.02094	0.14705	0.66743	0.01263	0.01624	0.01606	0.01200	0.01697	0.01001	0.01344	0.00830	0.00487	0.00532	0.00162	0.00649	0.00478	0.00262	0.00812
33	0.01402	0.01371	0.02088	0.06901	0.63297	0.08384	0.03281	0.01706	0.01252	0.03722	0.01022	0.01317	0.00841	0.00492	0.00530	0.00159	0.00673	0.00471	0.00276	0.00815
34	0.00744	0.00548	0.00696	0.00659	0.00792	0.00500	0.00494	0.00983	0.01483	0.02065	0.68516	0.04154	0.14107	0.01130	0.00633	0.00170	0.00256	0.00991	0.00579	0.00500
35	0.01147	0.02606	0.69931	0.01554	0.02314	0.01234	0.06904	0.01741	0.01160	0.05033	0.01022	0.01185	0.00717	0.00513	0.00520	0.00171	0.00786	0.00419	0.00249	0.00794
36	0.01435	0.81458	0.02813	0.00918	0.01378	0.02124	0.00918	0.01607	0.01091	0.01263	0.00746	0.00861	0.00689	0.00459	0.00344	0.00115	0.00574	0.00287	0.00230	0.00689
37	0.00654	0.00467	0.00623	0.00747	0.00779	0.00436	0.00498	0.00747	0.01028	0.01370	0.02959	0.80785	0.03550	0.01682	0.00685	0.00218	0.00311	0.01526	0.00498	0.00436
38	0.02017	0.00853	0.01115	0.00887	0.01249	0.00751	0.00722	0.02277	0.05015	0.59618	0.06238	0.02433	0.12783	0.00791	0.00559	0.00169	0.00418	0.00651	0.00631	0.00823
39	0.01066	0.01007	0.01704	0.67163	0.15971	0.01206	0.01517	0.01417	0.01098	0.01435	0.00963	0.01414	0.00738	0.00527	0.00536	0.00176	0.00703	0.00477	0.00243	0.00638
40	0.00719	0.00527	0.00680	0.00751	0.00821	0.00506	0.00521	0.00934	0.05622	0.01606	0.20431	0.58087	0.03793	0.01488	0.00665	0.00204	0.00304	0.01341	0.00523	0.00477
41	0.02151	0.01327	0.01501	0.01151	0.01576	0.01402	0.00951	0.53995	0.02228	0.25803	0.01537	0.01450	0.01038	0.00650	0.00538	0.00163	0.00551	0.00500	0.00575	0.00913
42	0.00677	0.00552	0.00603	0.00610	0.00777	0.00478	0.00471	0.00841	0.01267	0.01567	0.15410	0.05096	0.59322	0.01335	0.00646	0.00187	0.00293	0.08893	0.00511	0.00465
43	0.01392	0.06119	0.02292	0.12542	0.30346	0.08637	0.21790	0.01717	0.01243	0.05474	0.01040	0.01335	0.00819	0.00504	0.00572	0.00165	0.02482	0.00500	0.00282	0.00749

[dist]
# distance from previous block
# <min> <max>
0	2

[block]
# block no. 6 follows, 45 sequences, length 10
# corresponding to MSA columns:
# 728-737
name=unknown_G
#
# <colnr> <probs for GDERKNQSTAVLIFYWHMCP>
#	G	D	E	R	K	N	Q	S	T	A	V	L	I	F	Y	W	H	M	C	P
0	0.01413	0.04507	0.05636	0.11050	0.27534	0.10742	0.01287	0.06820	0.21843	0.01874	0.01306	0.01450	0.01019	0.00574	0.00522	0.00164	0.00631	0.00486	0.00354	0.00788
1	0.01484	0.00942	0.01151	0.00841	0.01300	0.00737	0.00680	0.01714	0.01234	0.23652	0.01288	0.01318	0.00948	0.00474	0.00438	0.00104	0.00415	0.00382	0.00417	0.60480
2	0.00737	0.00548	0.00686	0.00652	0.00788	0.00497	0.00489	0.00969	0.01466	0.02026	0.64535	0.04218	0.18112	0.01145	0.00633	0.00171	0.00257	0.01000	0.00574	0.00497
3	0.00769	0.00567	0.00819	0.00819	0.00900	0.00648	0.00617	0.00931	0.00850	0.01214	0.01477	0.02328	0.01437	0.16044	0.67120	0.00809	0.01295	0.00607	0.00293	0.00455
4	0.00884	0.00578	0.00762	0.00709	0.00857	0.00532	0.00542	0.01134	0.01509	0.07676	0.68850	0.03937	0.04709	0.01082	0.00631	0.00172	0.00278	0.04031	0.00592	0.00536
5	0.48727	0.04316	0.23185	0.01009	0.01489	0.01299	0.01044	0.09992	0.01164	0.02276	0.00870	0.00993	0.00651	0.00517	0.00407	0.00165	0.00549	0.00343	0.00322	0.00683
6	0.00951	0.00591	0.00779	0.00708	0.00868	0.00539	0.00539	0.01199	0.01521	0.10988	0.68741	0.03756	0.04631	0.01047	0.00622	0.00169	0.00277	0.00921	0.00599	0.00554
7	0.01315	0.14271	0.30402	0.01378	0.05992	0.01373	0.01372	0.01662	0.01106	0.09837	0.01000	0.01184	0.00777	0.00599	0.00748	0.00166	0.17785	0.00408	0.00287	0.08336
8	0.01529	0.27098	0.27129	0.01259	0.01790	0.15423	0.01307	0.15254	0.01442	0.01801	0.00931	0.01047	0.00727	0.00526	0.00459	0.00145	0.00719	0.00369	0.00293	0.00752
9	0.03697	0.08078	0.50678	0.01309	0.01935	0.04951	0.01544	0.04525	0.01246	0.07143	0.04688	0.01506	0.05220	0.00598	0.00507	0.00164	0.00690	0.00463	0.00307	0.00753

[dist]
# distance from previous block
# <min> <max>
0	4

[block]
# block no. 7 follows, 45 sequences, length 30
# corresponding to MSA columns:
# 742-771
name=unknown_H
#
# <colnr> <probs for GDERKNQSTAVLIFYWHMCP>
#	G	D	E	R	K	N	Q	S	T	A	V	L	I	F	Y	W	H	M	C	P
0	0.02316	0.01062	0.01338	0.01025	0.01444	0.01009	0.00847	0.21077	0.01785	0.59347	0.01909	0.01692	0.01224	0.00659	0.00539	0.00165	0.00490	0.00526	0.00632	0.00913
1	0.01417	0.01194	0.01260	0.01109	0.01427	0.01374	0.00870	0.11367	0.68168	0.02378	0.02080	0.01920	0.01554	0.00719	0.00545	0.00180	0.00444	0.00592	0.00545	0.00857
2	0.01196	0.00713	0.00901	0.00795	0.01008	0.00685	0.00616	0.01618	0.12172	0.18539	0.50612	0.03256	0.03776	0.00952	0.00601	0.00170	0.00321	0.00826	0.00600	0.00643
3	0.04851	0.10193	0.10343	0.10371	0.01934	0.01211	0.09680	0.10081	0.01441	0.32419	0.01442	0.01459	0.00982	0.00577	0.00517	0.00164	0.00602	0.00484	0.00446	0.00804
4	0.36696	0.01204	0.01184	0.01207	0.10166	0.04840	0.00848	0.06488	0.28118	0.02282	0.01326	0.01357	0.01014	0.00589	0.00451	0.00169	0.00480	0.00439	0.00410	0.00730
5	0.00652	0.00476	0.00614	0.00724	0.00772	0.00438	0.00488	0.00750	0.01051	0.01380	0.03247	0.71982	0.12167	0.01644	0.00679	0.00214	0.00307	0.01480	0.00498	0.00438
6	0.01118	0.11936	0.69560	0.01459	0.02213	0.01349	0.01859	0.01689	0.01128	0.01649	0.00938	0.01102	0.00681	0.00504	0.00491	0.00164	0.00768	0.00384	0.00227	0.00781
7	0.01267	0.01448	0.03167	0.02262	0.02805	0.01357	0.75837	0.01719	0.01267	0.01719	0.01086	0.01448	0.00814	0.00452	0.00633	0.00181	0.00905	0.00633	0.00271	0.00724
8	0.84927	0.01038	0.00789	0.00706	0.01038	0.01204	0.00581	0.01578	0.00914	0.02408	0.00747	0.00872	0.00581	0.00498	0.00332	0.00166	0.00415	0.00291	0.00332	0.00581
9	0.00767	0.00575	0.00863	0.00863	0.00959	0.00671	0.00671	0.00959	0.00863	0.01246	0.01438	0.02109	0.01342	0.04026	0.79008	0.00863	0.01438	0.00575	0.00288	0.00479
10	0.00760	0.00549	0.00718	0.00675	0.00802	0.00506	0.00506	0.01013	0.01519	0.02153	0.77503	0.04010	0.05065	0.01097	0.00633	0.00169	0.00253	0.00971	0.00591	0.00506
11	0.00939	0.00706	0.00855	0.00776	0.00951	0.00710	0.00594	0.07127	0.11896	0.02261	0.61244	0.03523	0.04272	0.01011	0.00614	0.00170	0.00303	0.00883	0.00581	0.00585
12	0.01036	0.00748	0.00813	0.00759	0.00951	0.00797	0.00580	0.01732	0.28202	0.02094	0.21561	0.02705	0.06943	0.00827	0.00518	0.00160	0.00314	0.00697	0.27940	0.00624
13	0.01234	0.10441	0.05535	0.00870	0.01358	0.00942	0.00761	0.03808	0.01175	0.05078	0.00992	0.01122	0.00803	0.00430	0.00408	0.00095	0.00448	0.00334	0.00325	0.63842
