[name]
unknown

[dist]
# distance from previous block
# <min> <max>
0	593

[block]
# block no. 0 follows, 44 sequences, length 12
# corresponding to MSA columns:
# 715-726
name=unknown_A
#
# <colnr> <probs for GDERKNQSTAVLIFYWHMCP>
#	G	D	E	R	K	N	Q	S	T	A	V	L	I	F	Y	W	H	M	C	P
0	0.01045	0.00866	0.01021	0.00824	0.01181	0.00713	0.00641	0.01343	0.06230	0.01706	0.01511	0.12160	0.01479	0.05485	0.00620	0.00146	0.00409	0.06049	0.00377	0.56195
1	0.01618	0.01167	0.01259	0.01052	0.01389	0.01280	0.00841	0.27725	0.31951	0.09260	0.02093	0.01997	0.06748	0.00741	0.00541	0.00171	0.00465	0.00595	0.08279	0.00829
2	0.01207	0.01218	0.06813	0.01312	0.06506	0.07017	0.01042	0.07901	0.01132	0.01619	0.01124	0.01536	0.00985	0.01666	0.22401	0.00379	0.26752	0.00497	0.08272	0.00623
3	0.01497	0.12809	0.26219	0.01149	0.01650	0.01214	0.01193	0.02088	0.15078	0.20813	0.09372	0.01753	0.01497	0.00652	0.00522	0.00166	0.00564	0.00523	0.00439	0.00802
4	0.01319	0.00782	0.00990	0.00887	0.01112	0.00778	0.00698	0.01781	0.15016	0.21461	0.31231	0.08658	0.03150	0.01001	0.00649	0.00185	0.02739	0.06299	0.00586	0.00680
5	0.01081	0.00626	0.00783	0.00734	0.00859	0.00628	0.00527	0.03848	0.01114	0.11844	0.08796	0.08020	0.02052	0.27155	0.17204	0.00426	0.00633	0.00735	0.12421	0.00515
6	0.08747	0.01182	0.01219	0.01084	0.01402	0.01364	0.00849	0.07166	0.65342	0.02365	0.02035	0.01889	0.01525	0.00714	0.00535	0.00182	0.00441	0.00580	0.00535	0.00843
7	0.01218	0.01021	0.01177	0.00849	0.01329	0.00816	0.00682	0.08253	0.01263	0.01930	0.01000	0.01147	0.00819	0.00427	0.00417	0.00088	0.00422	0.00339	0.00344	0.76459
8	0.06473	0.01371	0.01684	0.22707	0.13205	0.13929	0.06795	0.11899	0.01438	0.06438	0.01241	0.01747	0.01020	0.00638	0.00549	0.00174	0.00700	0.06930	0.00352	0.00711
9	0.00827	0.00632	0.00839	0.07749	0.01181	0.00618	0.00692	0.03522	0.01220	0.01625	0.10553	0.35424	0.10106	0.01357	0.00662	0.00205	0.00396	0.16414	0.00482	0.05496
10	0.13070	0.02912	0.04619	0.07465	0.01629	0.13323	0.00951	0.17269	0.04937	0.02076	0.01184	0.07139	0.01017	0.00660	0.00565	0.00157	0.05324	0.00490	0.00373	0.14841
11	0.01507	0.10681	0.08797	0.24609	0.06492	0.01262	0.03316	0.02032	0.13664	0.20056	0.01444	0.01545	0.01036	0.00591	0.00524	0.00169	0.00606	0.00496	0.00399	0.00774

[dist]
# distance from previous block
# <min> <max>
1	5

[block]
# block no. 1 follows, 44 sequences, length 10
# corresponding to MSA columns:
# 732-741
name=unknown_B
#
# <colnr> <probs for GDERKNQSTAVLIFYWHMCP>
#	G	D	E	R	K	N	Q	S	T	A	V	L	I	F	Y	W	H	M	C	P
0	0.00977	0.00720	0.01016	0.01230	0.15476	0.00666	0.00753	0.01171	0.01253	0.07629	0.16124	0.27774	0.15187	0.01170	0.00625	0.00185	0.00382	0.02802	0.00483	0.04378
1	0.01325	0.01501	0.16473	0.15232	0.22513	0.01241	0.10675	0.03851	0.04129	0.07656	0.01142	0.01389	0.00864	0.00542	0.00593	0.00170	0.03915	0.00489	0.00311	0.05993
2	0.01002	0.00773	0.00997	0.00939	0.01101	0.00887	0.00730	0.08295	0.14277	0.01637	0.01591	0.02111	0.01404	0.06731	0.54156	0.00672	0.01156	0.00591	0.00364	0.00587
3	0.01198	0.01003	0.01560	0.29302	0.23699	0.01110	0.01251	0.01621	0.09451	0.06332	0.01315	0.01778	0.01087	0.08423	0.08330	0.00275	0.00708	0.00542	0.00325	0.00690
4	0.01605	0.11079	0.10650	0.01387	0.12218	0.01242	0.01087	0.11085	0.10037	0.18327	0.04848	0.01547	0.01214	0.00596	0.00506	0.00153	0.00541	0.00484	0.00436	0.10956
5	0.01543	0.01023	0.01293	0.01126	0.08467	0.00880	0.00812	0.08888	0.01381	0.20421	0.01378	0.04596	0.01071	0.00555	0.00477	0.00124	0.00457	0.00460	0.00433	0.44615
6	0.01437	0.37312	0.22062	0.01130	0.01639	0.03775	0.01191	0.09060	0.01320	0.06438	0.03976	0.01359	0.04045	0.00587	0.00488	0.00148	0.02550	0.00423	0.00317	0.00743
7	0.01389	0.13255	0.07289	0.07892	0.05743	0.07890	0.05823	0.03607	0.01269	0.09304	0.01406	0.01620	0.05668	0.00582	0.00490	0.00140	0.00590	0.02536	0.00344	0.23162
8	0.01086	0.01026	0.01736	0.66177	0.16670	0.01226	0.01542	0.01442	0.01117	0.01461	0.00979	0.01435	0.00751	0.00535	0.00544	0.00178	0.00713	0.00485	0.00247	0.00651
9	0.08954	0.00995	0.04096	0.01136	0.07177	0.03079	0.04905	0.07834	0.07047	0.04746	0.26456	0.08497	0.08553	0.00928	0.00587	0.00178	0.00445	0.03261	0.00486	0.00642

[dist]
# distance from previous block
# <min> <max>
7	28

[block]
# block no. 2 follows, 44 sequences, length 35
# corresponding to MSA columns:
# 772-806
name=unknown_C
#
# <colnr> <probs for GDERKNQSTAVLIFYWHMCP>
#	G	D	E	R	K	N	Q	S	T	A	V	L	I	F	Y	W	H	M	C	P
0	0.01876	0.01531	0.01519	0.01229	0.01617	0.08791	0.00991	0.49181	0.22361	0.02928	0.01510	0.01474	0.01105	0.00669	0.00543	0.00167	0.00590	0.00512	0.00523	0.00882
1	0.00715	0.00547	0.00659	0.00667	0.00801	0.00491	0.00498	0.00904	0.01340	0.01771	0.35200	0.16192	0.31207	0.01326	0.00658	0.00188	0.00288	0.05519	0.00546	0.00483
2	0.04578	0.01303	0.01523	0.01193	0.01575	0.10839	0.08919	0.19529	0.01700	0.32341	0.04758	0.01739	0.01285	0.05378	0.00680	0.00187	0.00604	0.00545	0.00518	0.00806
3	0.01226	0.01268	0.02044	0.37996	0.15783	0.07150	0.16153	0.01563	0.01165	0.01517	0.00972	0.01379	0.00767	0.00557	0.00676	0.00181	0.08163	0.00505	0.00256	0.00677
4	0.01059	0.00889	0.01051	0.00790	0.01203	0.00684	0.00621	0.01294	0.01176	0.01804	0.10511	0.06179	0.01509	0.00569	0.00451	0.00100	0.00380	0.00477	0.00368	0.68884
5	0.01913	0.19382	0.01825	0.01304	0.01624	0.62312	0.01028	0.02061	0.01452	0.01323	0.00825	0.00960	0.00702	0.00541	0.00461	0.00135	0.00898	0.00338	0.00271	0.00646
6	0.00934	0.00767	0.00829	0.00806	0.00883	0.07927	0.00574	0.01052	0.00941	0.01272	0.03312	0.02584	0.01608	0.32786	0.31837	0.00579	0.03817	0.00643	0.06402	0.00447
7	0.01329	0.42900	0.04716	0.12580	0.06412	0.01716	0.01071	0.05958	0.01150	0.01455	0.00932	0.01302	0.00848	0.08043	0.00755	0.00182	0.07307	0.00410	0.00265	0.00670
8	0.01458	0.81168	0.02857	0.00933	0.01399	0.02157	0.00933	0.01632	0.01108	0.01283	0.00758	0.00875	0.00700	0.00466	0.00350	0.00117	0.00583	0.00292	0.00233	0.00700
9	0.01600	0.00821	0.00993	0.00831	0.01087	0.00794	0.00638	0.09444	0.05858	0.30482	0.09048	0.02517	0.04306	0.17968	0.01019	0.00242	0.00439	0.00655	0.10566	0.00691
10	0.00663	0.00478	0.00629	0.00750	0.00788	0.00444	0.00502	0.00760	0.01052	0.01395	0.03110	0.77329	0.06693	0.01694	0.00694	0.00220	0.00315	0.01533	0.00506	0.00444
11	0.01069	0.01009	0.01707	0.70109	0.12867	0.01222	0.01534	0.01428	0.01109	0.01441	0.00976	0.01441	0.00744	0.00538	0.00544	0.00179	0.00717	0.00485	0.00246	0.00638
12	0.01030	0.00969	0.01635	0.79530	0.03755	0.01211	0.01514	0.01393	0.01090	0.01393	0.00969	0.01453	0.00727	0.00545	0.00545	0.00182	0.00727	0.00484	0.00242	0.00606
13	0.00877	0.00649	0.00809	0.00744	0.00900	0.00632	0.00565	0.04844	0.06898	0.02255	0.68102	0.03792	0.04689	0.01065	0.00632	0.00172	0.00286	0.00935	0.00594	0.00559
14	0.02256	0.01233	0.01454	0.01115	0.01544	0.01255	0.00921	0.39865	0.02072	0.39887	0.01721	0.01577	0.01134	0.00664	0.00547	0.00166	0.00533	0.00519	0.00609	0.00927
15	0.01029	0.00627	0.00831	0.00796	0.00969	0.00580	0.00638	0.01271	0.01458	0.12810	0.44285	0.04327	0.08316	0.01162	0.00656	0.00191	0.00347	0.18557	0.00582	0.00567
16	0.00748	0.00549	0.00701	0.00678	0.00804	0.00502	0.00503	0.00977	0.01463	0.02034	0.62371	0.11446	0.12796	0.01200	0.00648	0.00178	0.00265	0.01057	0.00581	0.00502
17	0.00694	0.00509	0.00654	0.00726	0.00802	0.00468	0.00510	0.00838	0.01192	0.01595	0.20524	0.50879	0.12950	0.01523	0.00679	0.00206	0.00304	0.03955	0.00528	0.00464
18	0.01101	0.00971	0.01380	0.06105	0.01444	0.01229	0.03245	0.08129	0.01039	0.01501	0.01110	0.01671	0.01026	0.05368	0.29361	0.00469	0.33441	0.00536	0.00292	0.00581
19	0.01279	0.01420	0.03003	0.06983	0.11867	0.01359	0.62226	0.01717	0.01270	0.01730	0.01086	0.01455	0.00826	0.00468	0.00625	0.00181	0.00875	0.00615	0.00273	0.00743
20	0.01154	0.01136	0.01596	0.01379	0.01389	0.01578	0.01145	0.01280	0.00839	0.01308	0.00785	0.01281	0.00776	0.01247	0.08973	0.00298	0.72519	0.00487	0.00244	0.00586
21	0.00684	0.00549	0.00610	0.00605	0.00763	0.00475	0.00450	0.00855	0.01320	0.01681	0.26766	0.09646	0.51035	0.01322	0.00647	0.00183	0.00273	0.01127	0.00534	0.00475
22	0.01239	0.00904	0.01417	0.26153	0.05334	0.00973	0.06604	0.01598	0.04996	0.13442	0.14817	0.02570	0.01965	0.00797	0.00632	0.00186	0.03258	0.09346	0.03114	0.00657
23	0.01201	0.01132	0.01697	0.26937	0.32046	0.04415	0.01369	0.01645	0.08994	0.01715	0.07589	0.01949	0.01387	0.00647	0.00562	0.00176	0.00623	0.04861	0.00332	0.00721
24	0.08735	0.00571	0.00547	0.00539	0.00701	0.00562	0.00410	0.01171	0.01150	0.01921	0.02685	0.02786	0.21616	0.00823	0.00447	0.00146	0.00276	0.00660	0.53751	0.00503
25	0.01080	0.06411	0.63893	0.01481	0.02186	0.01238	0.04944	0.01632	0.01145	0.01674	0.01162	0.08563	0.00969	0.00624	0.00532	0.00175	0.00754	0.00515	0.00258	0.00764
26	0.03320	0.03722	0.02024	0.19762	0.26358	0.01228	0.15164	0.03455	0.01200	0.06920	0.01082	0.01428	0.00853	0.00653	0.00728	0.07890	0.02699	0.00507	0.00296	0.00711
27	0.01036	0.00973	0.01639	0.74684	0.06829	0.01199	0.01500	0.01392	0.01096	0.01409	0.01013	0.03059	0.00791	0.00566	0.00548	0.00182	0.00715	0.00506	0.00249	0.00613
28	0.00949	0.00829	0.03881	0.12798	0.01430	0.00905	0.00853	0.03322	0.00981	0.01352	0.02556	0.10778	0.02864	0.16932	0.11975	0.08204	0.14663	0.03916	0.00323	0.00491
29	0.09242	0.01218	0.07430	0.26871	0.07922	0.03911	0.03354	0.05125	0.03621	0.16958	0.01358	0.06103	0.01056	0.00650	0.00568	0.00177	0.02792	0.00540	0.00380	0.00721
30	0.01246	0.03351	0.22751	0.13144	0.02016	0.03308	0.03149	0.10981	0.12571	0.03250	0.01782	0.04554	0.08237	0.00750	0.00601	0.00181	0.03327	0.03694	0.00377	0.00728
31	0.06238	0.01219	0.03739	0.13839	0.03372	0.01224	0.15454	0.19512	0.04128	0.14534	0.04667	0.03567	0.03238	0.00650	0.00560	0.00173	0.00617	0.00581	0.00438	0.02249
32	0.05952	0.01198	0.06128	0.06881	0.11090	0.01155	0.10729	0.05218	0.19742	0.06755	0.06028	0.04341	0.01459	0.05393	0.00696	0.00195	0.01429	0.00601	0.00411	0.04600
33	0.07824	0.08634	0.04871	0.31590	0.07154	0.03660	0.02043	0.06261	0.01274	0.11666	0.03870	0.02847	0.01027	0.00595	0.00528	0.00167	0.01721	0.00486	0.00347	0.03434
34	0.15612	0.05173	0.08742	0.07995	0.01674	0.01988	0.05290	0.05482	0.10471	0.11407	0.01436	0.07352	0.01179	0.00676	0.00541	0.00169	0.02958	0.01784	0.01555	0.08515

[dist]
# distance from previous block
# <min> <max>
1	142

[block]
# block no. 3 follows, 44 sequences, length 26
# corresponding to MSA columns:
# 981-1006
name=unknown_D
#
# <colnr> <probs for GDERKNQSTAVLIFYWHMCP>
#	G	D	E	R	K	N	Q	S	T	A	V	L	I	F	Y	W	H	M	C	P
0	0.30366	0.01147	0.03575	0.09649	0.17906	0.01219	0.01032	0.08885	0.03582	0.02177	0.09756	0.01514	0.01267	0.00616	0.00533	0.00171	0.03875	0.00476	0.00363	0.01892
1	0.11076	0.00863	0.01213	0.06662	0.01449	0.03641	0.11117	0.01357	0.01161	0.11146	0.02117	0.35601	0.02213	0.02100	0.00639	0.00203	0.00500	0.05911	0.00445	0.00583
2	0.00862	0.00659	0.00786	0.08271	0.01046	0.02294	0.00557	0.01057	0.06370	0.01358	0.08883	0.13881	0.03764	0.43600	0.01771	0.00373	0.00491	0.03141	0.00394	0.00441
3	0.04329	0.21019	0.05783	0.12185	0.06049	0.05591	0.03062	0.01512	0.01092	0.03358	0.01034	0.06819	0.00949	0.00671	0.00729	0.00165	0.16207	0.00484	0.00284	0.08677
4	0.07274	0.08731	0.03651	0.03560	0.01367	0.08436	0.03429	0.03039	0.08104	0.11054	0.04676	0.20062	0.03491	0.00933	0.00558	0.00177	0.00511	0.05777	0.00441	0.04729
5	0.01720	0.09212	0.07353	0.01283	0.06297	0.09692	0.01045	0.28980	0.04194	0.07872	0.01192	0.01253	0.00892	0.00563	0.00493	0.00143	0.00606	0.00427	0.00415	0.16368
6	0.07191	0.00885	0.01259	0.04199	0.14420	0.00842	0.03512	0.01498	0.01299	0.12441	0.15349	0.03997	0.04677	0.00854	0.00576	0.00174	0.00472	0.14214	0.00451	0.11690
7	0.01505	0.14963	0.11503	0.09518	0.04585	0.01325	0.01108	0.20567	0.01540	0.11294	0.01527	0.12997	0.01348	0.00771	0.00537	0.00171	0.00578	0.02994	0.00418	0.00752
8	0.01228	0.12960	0.30887	0.13959	0.10434	0.03711	0.02319	0.05493	0.01250	0.03160	0.01425	0.01596	0.08092	0.00605	0.00516	0.00165	0.00683	0.00490	0.00291	0.00735
9	0.00984	0.00715	0.00972	0.01131	0.10975	0.00699	0.00749	0.01307	0.07584	0.06125	0.19845	0.21065	0.09001	0.01167	0.00633	0.00193	0.00385	0.11619	0.04259	0.00590
10	0.00782	0.00530	0.00624	0.00633	0.00645	0.00537	0.00377	0.00808	0.00819	0.01101	0.01785	0.08928	0.02039	0.67815	0.09915	0.00540	0.00603	0.00827	0.00339	0.00353
11	0.01561	0.17765	0.05184	0.16582	0.01926	0.04301	0.01085	0.20355	0.01515	0.09278	0.01203	0.03025	0.00938	0.00630	0.00584	0.00162	0.06390	0.00468	0.06312	0.00736
12	0.01093	0.02820	0.78016	0.01554	0.02360	0.01266	0.02014	0.01727	0.01151	0.01727	0.00978	0.01151	0.00691	0.00518	0.00518	0.00173	0.00806	0.00403	0.00230	0.00806
13	0.01443	0.18098	0.36668	0.03621	0.02005	0.01465	0.04596	0.11593	0.04675	0.09147	0.01149	0.01244	0.00836	0.00549	0.00498	0.00161	0.00687	0.00428	0.00331	0.00806
14	0.01403	0.01378	0.04101	0.17681	0.04834	0.14686	0.05011	0.01631	0.01150	0.08762	0.01110	0.04890	0.00942	0.00739	0.00939	0.00190	0.26009	0.00520	0.03374	0.00650
15	0.00788	0.00549	0.00698	0.00698	0.00734	0.00585	0.00459	0.00859	0.00823	0.01134	0.01623	0.03043	0.01754	0.52609	0.30695	0.00656	0.00871	0.00716	0.00316	0.00388
16	0.01236	0.00727	0.00929	0.03693	0.01124	0.00697	0.00652	0.01613	0.10139	0.20339	0.36514	0.08759	0.09326	0.01008	0.00610	0.00177	0.00350	0.00872	0.00586	0.00649
17	0.01571	0.01250	0.01487	0.01509	0.14207	0.01378	0.01039	0.20474	0.39624	0.06280	0.01813	0.01859	0.01379	0.00696	0.00556	0.00177	0.00513	0.02809	0.00509	0.00871
18	0.01280	0.01061	0.01239	0.00927	0.01344	0.00961	0.00750	0.13051	0.01328	0.02003	0.01028	0.01198	0.00840	0.00505	0.00558	0.00111	0.08057	0.00371	0.03465	0.59924
19	0.03921	0.01483	0.04983	0.17409	0.04945	0.08771	0.34938	0.06273	0.08355	0.01810	0.01151	0.01430	0.00868	0.00529	0.00578	0.00177	0.00794	0.00548	0.00312	0.00725
20	0.00856	0.00661	0.00972	0.01012	0.04823	0.00768	0.00726	0.00997	0.00878	0.01259	0.01419	0.05425	0.01398	0.10422	0.51577	0.06669	0.08741	0.00621	0.00294	0.00482
21	0.01299	0.04601	0.01812	0.15331	0.36185	0.01169	0.03972	0.04905	0.02769	0.07074	0.04052	0.11671	0.01388	0.00699	0.00561	0.00173	0.00592	0.00644	0.00352	0.00749
22	0.00916	0.00591	0.00806	0.00801	0.00908	0.00650	0.00613	0.01108	0.00994	0.05331	0.01757	0.13028	0.01661	0.02684	0.43216	0.00555	0.03795	0.00696	0.19379	0.00512
23	0.01526	0.01418	0.07070	0.03916	0.03370	0.04656	0.08748	0.14013	0.33722	0.07456	0.01633	0.01647	0.01213	0.00673	0.00645	0.00181	0.06282	0.00551	0.00459	0.00823
24	0.00850	0.00614	0.00700	0.00703	0.00792	0.00620	0.00489	0.01090	0.08850	0.01414	0.05298	0.03931	0.13216	0.41967	0.03183	0.00379	0.00473	0.10815	0.04169	0.00446
25	0.00944	0.00659	0.00818	0.00762	0.00920	0.00640	0.00579	0.08197	0.01494	0.04832	0.44218	0.10185	0.10532	0.05306	0.04170	0.00228	0.00381	0.04039	0.00550	0.00547

[dist]
# distance from previous block
# <min> <max>
8	13

[block]
# block no. 4 follows, 44 sequences, length 72
# corresponding to MSA columns:
# 1024-1095
name=unknown_E
#
# <colnr> <probs for GDERKNQSTAVLIFYWHMCP>
#	G	D	E	R	K	N	Q	S	T	A	V	L	I	F	Y	W	H	M	C	P
0	0.00782	0.00567	0.00789	0.00787	0.00858	0.00630	0.00573	0.00925	0.00886	0.01253	0.05341	0.02644	0.01729	0.25754	0.53179	0.00742	0.01135	0.00664	0.00318	0.00444
1	0.14422	0.03418	0.01375	0.19383	0.07001	0.01192	0.02692	0.15942	0.05316	0.05346	0.06581	0.03336	0.01300	0.00655	0.00507	0.00168	0.00532	0.01639	0.08499	0.00695
2	0.00897	0.00628	0.00828	0.00904	0.01025	0.00624	0.00739	0.01163	0.04987	0.03774	0.06190	0.15253	0.05927	0.09144	0.00917	0.00262	0.00456	0.45279	0.00498	0.00507
3	0.01199	0.09365	0.23206	0.18319	0.16785	0.01271	0.01463	0.01566	0.01161	0.05551	0.01449	0.01664	0.08193	0.00633	0.00609	0.00172	0.05870	0.00510	0.00291	0.00723
4	0.01286	0.01353	0.07361	0.05949	0.50544	0.01227	0.06607	0.01694	0.05002	0.01783	0.01078	0.01355	0.00876	0.00491	0.00529	0.00156	0.00639	0.00477	0.00287	0.11304
5	0.00728	0.00554	0.00671	0.00655	0.00797	0.00497	0.00492	0.00938	0.01412	0.01897	0.47877	0.08361	0.28492	0.01243	0.00649	0.00180	0.00274	0.03229	0.00562	0.00493
6	0.01418	0.01590	0.14468	0.16199	0.14988	0.08816	0.03384	0.07055	0.18915	0.05710	0.01346	0.01486	0.01008	0.00589	0.00540	0.00172	0.00666	0.00497	0.00365	0.00787
7	0.01413	0.01232	0.04737	0.14513	0.07428	0.04204	0.03057	0.21461	0.06636	0.03335	0.05462	0.01678	0.01230	0.03840	0.00650	0.00176	0.02926	0.00522	0.08846	0.06656
8	0.01305	0.04455	0.03980	0.09769	0.37863	0.03554	0.01341	0.05843	0.06640	0.01840	0.06195	0.01662	0.01231	0.00606	0.00590	0.00165	0.04018	0.02510	0.00331	0.06103
9	0.01071	0.00803	0.01095	0.15188	0.01576	0.00878	0.00842	0.03622	0.09680	0.06110	0.01539	0.02171	0.01350	0.08986	0.29839	0.00463	0.00882	0.03862	0.01484	0.08559
10	0.01271	0.01342	0.10832	0.03544	0.06433	0.05161	0.01166	0.01586	0.06964	0.07479	0.01277	0.09107	0.01181	0.04318	0.01196	0.00220	0.35334	0.00597	0.00331	0.00662
11	0.00950	0.00687	0.00809	0.00754	0.00941	0.00664	0.00577	0.04475	0.10223	0.06018	0.37098	0.08035	0.22425	0.01137	0.00630	0.00181	0.00318	0.02937	0.00565	0.00577
12	0.01130	0.00969	0.01130	0.00807	0.01292	0.00727	0.00646	0.01373	0.01130	0.01776	0.00969	0.01130	0.00807	0.00404	0.00404	0.00081	0.00404	0.00323	0.00323	0.84173
13	0.01871	0.03948	0.07241	0.01248	0.01689	0.03244	0.01079	0.55242	0.13766	0.03024	0.01398	0.01389	0.01012	0.00650	0.00538	0.00166	0.00597	0.00495	0.00509	0.00895
14	0.01030	0.00958	0.09183	0.00922	0.01173	0.00800	0.00807	0.04825	0.12973	0.05138	0.39207	0.06482	0.03488	0.01025	0.00623	0.00185	0.00398	0.09615	0.00538	0.00630
15	0.01410	0.31591	0.18472	0.07404	0.05324	0.11438	0.04158	0.03884	0.05508	0.01553	0.00955	0.01128	0.00775	0.00536	0.00513	0.00151	0.03811	0.00392	0.00270	0.00727
16	0.01222	0.22765	0.53342	0.04686	0.02145	0.01479	0.01682	0.01715	0.01149	0.03754	0.00955	0.01113	0.00713	0.00510	0.00477	0.00159	0.00736	0.00382	0.00244	0.00773
17	0.00650	0.00552	0.00560	0.00558	0.00740	0.00463	0.00419	0.00793	0.01256	0.01504	0.08611	0.05196	0.74111	0.01369	0.00644	0.00184	0.00275	0.01143	0.00510	0.00463
18	0.00801	0.00581	0.00774	0.00765	0.00812	0.00648	0.00535	0.00901	0.00835	0.01169	0.01553	0.02779	0.01630	0.40227	0.39837	0.00687	0.04061	0.00679	0.00308	0.00417
19	0.01283	0.13495	0.20565	0.28453	0.03494	0.01438	0.01421	0.13853	0.01363	0.01831	0.03943	0.01359	0.00920	0.00582	0.00562	0.00168	0.03789	0.00456	0.00303	0.00722
20	0.00793	0.00529	0.00595	0.00595	0.00595	0.00529	0.00330	0.00793	0.00793	0.01057	0.01718	0.03568	0.01982	0.80840	0.02775	0.00529	0.00529	0.00793	0.00330	0.00330
21	0.04450	0.00604	0.00722	0.00725	0.00883	0.00580	0.00560	0.01316	0.01194	0.13005	0.02462	0.21999	0.06181	0.01072	0.00552	0.00180	0.00346	0.12053	0.30560	0.00554
22	0.01343	0.01197	0.01786	0.10606	0.28341	0.01326	0.04876	0.13419	0.08668	0.01965	0.03459	0.01614	0.01112	0.00896	0.06464	0.00231	0.10039	0.01545	0.00350	0.00764
23	0.09751	0.04796	0.01701	0.04488	0.01778	0.27610	0.10958	0.07588	0.13607	0.05655	0.01187	0.01306	0.00915	0.00605	0.00593	0.00166	0.05757	0.00459	0.00364	0.00716
24	0.00675	0.00482	0.00642	0.00752	0.00793	0.00450	0.00507	0.00785	0.01092	0.01469	0.10198	0.73072	0.03755	0.01650	0.00691	0.00217	0.00311	0.01495	0.00515	0.00450
25	0.00793	0.00529	0.00595	0.00595	0.00595	0.00529	0.00330	0.00793	0.00793	0.01057	0.01718	0.03568	0.01982	0.80840	0.02775	0.00529	0.00529	0.00793	0.00330	0.00330
26	0.01543	0.09492	0.01695	0.03810	0.13896	0.36952	0.04652	0.01754	0.01402	0.01555	0.12539	0.05536	0.01553	0.00676	0.00528	0.00154	0.00736	0.00542	0.00333	0.00653
27	0.01278	0.01277	0.05236	0.26660	0.42547	0.01295	0.04539	0.05837	0.02826	0.01762	0.01050	0.01390	0.00833	0.00519	0.00545	0.00170	0.00683	0.00491	0.00281	0.00780
28	0.01855	0.00799	0.01063	0.00859	0.01185	0.00697	0.00692	0.02070	0.01525	0.51593	0.21139	0.02736	0.09654	0.00853	0.00581	0.00171	0.00394	0.00716	0.00640	0.00780
29	0.01256	0.01358	0.05796	0.09492	0.02546	0.01309	0.48261	0.01643	0.01205	0.04639	0.01172	0.04519	0.00943	0.00592	0.00757	0.00189	0.10341	0.00625	0.02659	0.00699
30	0.00670	0.00490	0.00633	0.00740	0.00793	0.00449	0.00499	0.00771	0.01064	0.01406	0.03217	0.71919	0.10702	0.01655	0.00686	0.00216	0.00314	0.01492	0.00503	0.01781
31	0.01981	0.01473	0.01587	0.01211	0.01652	0.01597	0.00998	0.68419	0.02424	0.03275	0.01276	0.01292	0.00916	0.00630	0.00532	0.00156	0.00581	0.00475	0.00524	0.09003
32	0.02101	0.01266	0.01433	0.01099	0.01530	0.03519	0.00902	0.37096	0.01985	0.31297	0.01573	0.01485	0.01066	0.00630	0.00528	0.00155	0.00537	0.00489	0.00560	0.10749
33	0.01093	0.02820	0.78016	0.01554	0.02360	0.01266	0.02014	0.01727	0.01151	0.01727	0.00978	0.01151	0.00691	0.00518	0.00518	0.00173	0.00806	0.00403	0.00230	0.00806
34	0.01016	0.00508	0.00508	0.00508	0.00635	0.00508	0.00381	0.01270	0.01143	0.02033	0.01778	0.02033	0.01397	0.00635	0.00381	0.00127	0.00254	0.00508	0.83867	0.00508
35	0.01829	0.01375	0.01476	0.01191	0.01581	0.01535	0.00965	0.46554	0.29149	0.05939	0.01670	0.01592	0.01209	0.00686	0.00549	0.00171	0.00534	0.00538	0.00554	0.00904
36	0.00669	0.00538	0.00597	0.00614	0.00760	0.00466	0.00448	0.00819	0.01255	0.01576	0.16971	0.19286	0.51292	0.01398	0.00654	0.00189	0.00281	0.01199	0.00522	0.00466
37	0.00767	0.00557	0.00722	0.00681	0.00811	0.00512	0.00510	0.01019	0.01531	0.02158	0.74284	0.04119	0.08030	0.01125	0.00643	0.00172	0.00258	0.00993	0.00596	0.00512
38	0.04399	0.00594	0.00590	0.00575	0.00728	0.00619	0.00436	0.01441	0.08440	0.02073	0.01780	0.01987	0.01391	0.00640	0.00396	0.00134	0.00278	0.00510	0.72441	0.00546
39	0.00664	0.00474	0.00633	0.00759	0.00791	0.00443	0.00506	0.00759	0.01044	0.01392	0.03005	0.80485	0.03606	0.01708	0.00696	0.00221	0.00316	0.01550	0.00506	0.00443
40	0.00644	0.00552	0.00552	0.00552	0.00736	0.00460	0.00414	0.00782	0.01243	0.01473	0.05523	0.05247	0.77218	0.01381	0.00644	0.00184	0.00276	0.01151	0.00506	0.00460
41	0.00779	0.00584	0.00876	0.00876	0.00974	0.00681	0.00681	0.00974	0.00876	0.01266	0.01460	0.02142	0.01363	0.04089	0.78680	0.00876	0.01460	0.00584	0.00292	0.00487
42	0.00724	0.00555	0.00663	0.00636	0.00785	0.00494	0.00477	0.00937	0.01431	0.01919	0.50352	0.04512	0.32111	0.01214	0.00644	0.00176	0.00264	0.01048	0.00565	0.00494
43	0.01129	0.10420	0.70725	0.01494	0.02266	0.01353	0.01909	0.01717	0.01147	0.01683	0.00957	0.01124	0.00691	0.00513	0.00502	0.00167	0.00784	0.00392	0.00230	0.00795
44	0.01038	0.00978	0.01651	0.77424	0.05791	0.01214	0.01518	0.01401	0.01094	0.01404	0.00971	0.01451	0.00731	0.00543	0.00545	0.00181	0.00725	0.00485	0.00243	0.00613
45	0.00666	0.00476	0.00634	0.00758	0.00791	0.00444	0.00506	0.00764	0.01053	0.01407	0.04425	0.79021	0.03635	0.01697	0.00695	0.00220	0.00315	0.01539	0.00508	0.00444
46	0.00856	0.00620	0.00847	0.00960	0.01091	0.00611	0.00833	0.01096	0.01254	0.01616	0.03142	0.06062	0.10324	0.01494	0.00742	0.00245	0.00480	0.66725	0.00502	0.00498
47	0.01204	0.06072	0.67366	0.01498	0.02253	0.01346	0.01873	0.08891	0.01286	0.01873	0.01001	0.01154	0.00714	0.00529	0.00513	0.00169	0.00776	0.00407	0.00261	0.00813
48	0.01160	0.01120	0.02782	0.21974	0.11406	0.04087	0.18492	0.01548	0.04673	0.03937	0.08841	0.02422	0.06637	0.00735	0.00602	0.00184	0.00655	0.07725	0.00359	0.00663
49	0.08226	0.00990	0.01335	0.01191	0.08754	0.00906	0.00878	0.04652	0.01514	0.62828	0.01917	0.01721	0.01235	0.00644	0.00532	0.00168	0.00483	0.00522	0.00607	0.00897
50	0.02931	0.03527	0.01703	0.03567	0.12699	0.36976	0.04328	0.06626	0.01404	0.05792	0.01000	0.01263	0.00832	0.03722	0.00768	0.00177	0.11245	0.00438	0.00313	0.00689
51	0.00745	0.00556	0.00691	0.00658	0.00798	0.00503	0.00493	0.00977	0.01480	0.02035	0.62018	0.04320	0.20372	0.01171	0.00643	0.00174	0.00261	0.01021	0.00580	0.00503
52	0.01261	0.01126	0.04463	0.00902	0.01393	0.00885	0.00759	0.11791	0.01332	0.02007	0.01017	0.01156	0.00819	0.00444	0.00428	0.00096	0.00448	0.00350	0.00350	0.68973
53	0.00685	0.00488	0.00646	0.00752	0.00793	0.00458	0.00509	0.00793	0.01077	0.01445	0.08782	0.68390	0.03631	0.05636	0.00798	0.00234	0.00328	0.03605	0.00505	0.00445
54	0.00736	0.04557	0.00778	0.00787	0.00858	0.00554	0.00567	0.00865	0.01112	0.01479	0.09259	0.62222	0.03544	0.01574	0.00680	0.00215	0.00344	0.08902	0.00500	0.00468
55	0.11542	0.05010	0.01310	0.05225	0.01482	0.00966	0.00813	0.05091	0.01426	0.49042	0.01681	0.01564	0.01114	0.00604	0.00496	0.00156	0.00477	0.00473	0.00543	0.10985
56	0.06226	0.01048	0.01314	0.08193	0.09376	0.01088	0.00924	0.18203	0.06728	0.23046	0.03758	0.01821	0.04216	0.00669	0.00521	0.00165	0.00493	0.00545	0.10879	0.00788
57	0.01561	0.01425	0.01338	0.01173	0.01497	0.12184	0.00916	0.13928	0.54700	0.02325	0.01888	0.01777	0.01417	0.00702	0.00544	0.00175	0.00534	0.00560	0.00515	0.00841
58	0.00947	0.00473	0.00710	0.00710	0.00710	0.00473	0.00473	0.00710	0.00710	0.00947	0.00947	0.01657	0.00947	0.01894	0.02131	0.84138	0.00473	0.00473	0.00237	0.00237
59	0.01131	0.01073	0.01818	0.55355	0.27137	0.01238	0.01565	0.01482	0.01138	0.01516	0.00987	0.01420	0.00770	0.00526	0.00543	0.00175	0.00702	0.00485	0.00251	0.00687
60	0.01182	0.00967	0.01136	0.00814	0.01296	0.00730	0.00652	0.01423	0.01147	0.04761	0.01015	0.01159	0.00829	0.00414	0.00409	0.00084	0.00406	0.00332	0.00337	0.80906
61	0.00675	0.00553	0.00595	0.00585	0.00755	0.00473	0.00439	0.00842	0.01316	0.01646	0.22955	0.04961	0.59677	0.01316	0.00644	0.00181	0.00272	0.01111	0.00529	0.00473
62	0.00809	0.00595	0.00738	0.00729	0.00836	0.00583	0.00520	0.01118	0.08595	0.01862	0.43157	0.20035	0.04020	0.12801	0.00956	0.00235	0.00326	0.01042	0.00537	0.00506
63	0.00716	0.00512	0.00688	0.00792	0.00853	0.00485	0.00572	0.00860	0.01148	0.01541	0.13067	0.57156	0.03733	0.01592	0.00699	0.00220	0.00341	0.14044	0.00518	0.00463
64	0.01077	0.00526	0.00540	0.00528	0.00667	0.00521	0.00399	0.01329	0.01161	0.05247	0.01794	0.02025	0.01395	0.00637	0.00388	0.00129	0.00263	0.00510	0.80338	0.00526
65	0.64510	0.01096	0.00960	0.00813	0.01173	0.01227	0.00670	0.10649	0.01203	0.11940	0.00998	0.01057	0.00725	0.00545	0.00389	0.00168	0.00448	0.00350	0.00404	0.00673
66	0.00699	0.00499	0.00673	0.00799	0.00846	0.00473	0.00567	0.00819	0.01078	0.01431	0.02986	0.68378	0.03530	0.01675	0.00705	0.00226	0.00347	0.13312	0.00505	0.00452
67	0.00664	0.00474	0.00633	0.00759	0.00791	0.00443	0.00506	0.00759	0.01044	0.01392	0.03005	0.80485	0.03606	0.01708	0.00696	0.00221	0.00316	0.01550	0.00506	0.00443
68	0.00664	0.00474	0.00633	0.00759	0.00791	0.00443	0.00506	0.00759	0.01044	0.01392	0.03005	0.80485	0.03606	0.01708	0.00696	0.00221	0.00316	0.01550	0.00506	0.00443
69	0.02434	0.00948	0.01277	0.00979	0.01402	0.00831	0.00809	0.05078	0.01594	0.75349	0.02123	0.01837	0.01336	0.00674	0.00548	0.00169	0.00468	0.00546	0.00670	0.00928
70	0.02072	0.01527	0.01636	0.01254	0.01691	0.01691	0.01036	0.75622	0.02563	0.03436	0.01309	0.01309	0.00927	0.00654	0.00545	0.00164	0.00600	0.00491	0.00545	0.00927
71	0.01349	0.01295	0.02213	0.03346	0.77440	0.01295	0.01673	0.01673	0.01241	0.01781	0.01025	0.01349	0.00864	0.00486	0.00540	0.00162	0.00648	0.00486	0.00270	0.00864

[dist]
# distance from previous block
# <min> <max>
0	30

[block]
# block no. 5 follows, 44 sequences, length 33
# corresponding to MSA columns:
# 1126-1158
name=unknown_F
#
# <colnr> <probs for GDERKNQSTAVLIFYWHMCP>
#	G	D	E	R	K	N	Q	S	T	A	V	L	I	F	Y	W	H	M	C	P
0	0.01458	0.81168	0.02857	0.00933	0.01399	0.02157	0.00933	0.01632	0.01108	0.01283	0.00758	0.00875	0.00700	0.00466	0.00350	0.00117	0.00583	0.00292	0.00233	0.00700
1	0.00918	0.00794	0.00755	0.00824	0.00903	0.12061	0.00572	0.01029	0.01121	0.01447	0.02482	0.57191	0.02839	0.01415	0.00668	0.02506	0.00412	0.01218	0.10373	0.00473
2	0.01980	0.01385	0.01516	0.01185	0.01602	0.01504	0.00970	0.53773	0.13367	0.12052	0.01533	0.01476	0.01083	0.00661	0.00543	0.00165	0.00552	0.00511	0.00555	0.03587
3	0.04598	0.01429	0.01534	0.01171	0.01611	0.01532	0.00964	0.62212	0.02298	0.03158	0.01241	0.01269	0.00899	0.00612	0.00518	0.00151	0.00565	0.00460	0.00506	0.13274
4	0.01008	0.00577	0.00788	0.00769	0.00815	0.00604	0.00531	0.01035	0.11954	0.01145	0.01136	0.01713	0.01053	0.01723	0.01897	0.71676	0.00467	0.00495	0.00284	0.00330
5	0.02037	0.02598	0.01545	0.01404	0.01685	0.78652	0.01053	0.02177	0.01545	0.01334	0.00843	0.00983	0.00702	0.00562	0.00492	0.00140	0.00983	0.00351	0.00281	0.00632
6	0.00828	0.00930	0.12178	0.00792	0.01052	0.00655	0.00724	0.04029	0.01424	0.01926	0.38503	0.03927	0.28777	0.01098	0.00621	0.00176	0.00359	0.00935	0.00511	0.00556
7	0.01148	0.14450	0.66859	0.01462	0.02217	0.01398	0.01854	0.01713	0.01145	0.01661	0.00946	0.01110	0.00692	0.00510	0.00493	0.00164	0.00773	0.00386	0.00231	0.00790
8	0.00748	0.00536	0.00582	0.00582	0.00638	0.00508	0.00356	0.00790	0.00929	0.01183	0.02870	0.04076	0.24763	0.56781	0.02130	0.00424	0.00452	0.00901	0.00384	0.00370
9	0.02008	0.01259	0.01374	0.01077	0.01459	0.03583	0.00881	0.44246	0.02073	0.21672	0.01574	0.01543	0.01095	0.00654	0.00520	0.00159	0.00526	0.00504	0.12938	0.00856
10	0.03714	0.01654	0.01520	0.05125	0.01708	0.26838	0.06320	0.18037	0.13623	0.05824	0.06612	0.01567	0.01274	0.00647	0.00533	0.00162	0.00684	0.00509	0.02909	0.00740
11	0.00722	0.00555	0.00660	0.00634	0.00784	0.00493	0.00475	0.00933	0.01426	0.01907	0.49156	0.04531	0.33314	0.01219	0.00644	0.00176	0.00265	0.01050	0.00563	0.00493
12	0.00781	0.00577	0.00840	0.00840	0.00925	0.00662	0.00636	0.00950	0.00865	0.01239	0.01493	0.02325	0.01443	0.13979	0.68898	0.00831	0.01340	0.00611	0.00297	0.00467
13	0.01130	0.00969	0.01130	0.00807	0.01292	0.00727	0.00646	0.01373	0.01130	0.01776	0.00969	0.01130	0.00807	0.00404	0.00404	0.00081	0.00404	0.00323	0.00323	0.84173
14	0.01264	0.01586	0.10323	0.02184	0.02732	0.01382	0.64747	0.01723	0.01251	0.01723	0.01072	0.01426	0.00809	0.00490	0.00688	0.00185	0.04798	0.00612	0.00270	0.00735
15	0.00790	0.00539	0.00646	0.00646	0.00664	0.00557	0.00395	0.00826	0.00808	0.01095	0.01671	0.03306	0.01869	0.66772	0.16688	0.00592	0.00699	0.00755	0.00323	0.00359
16	0.05842	0.13218	0.01678	0.01093	0.01539	0.01549	0.00923	0.46544	0.01988	0.02744	0.01134	0.01189	0.00854	0.00570	0.00479	0.00141	0.00550	0.00419	0.00446	0.17101
17	0.00757	0.00622	0.01016	0.00988	0.01096	0.00582	0.11633	0.00906	0.01080	0.01444	0.02722	0.68755	0.03193	0.01523	0.00688	0.00216	0.00406	0.01415	0.00472	0.00486
18	0.01397	0.11788	0.18582	0.03760	0.07216	0.01459	0.10005	0.03455	0.03403	0.10655	0.01082	0.01300	0.00840	0.00648	0.00858	0.00184	0.21840	0.00470	0.00311	0.00745
19	0.14280	0.01180	0.01273	0.01007	0.01384	0.01255	0.00827	0.37655	0.01896	0.20302	0.01486	0.01471	0.01039	0.00635	0.00493	0.00161	0.00495	0.00477	0.11866	0.00820
20	0.00667	0.00545	0.00562	0.00569	0.00718	0.00470	0.00406	0.00783	0.01166	0.01407	0.04835	0.08680	0.62447	0.13192	0.00963	0.00237	0.00316	0.01117	0.00480	0.00440
21	0.02037	0.02598	0.01545	0.01404	0.01685	0.78652	0.01053	0.02177	0.01545	0.01334	0.00843	0.00983	0.00702	0.00562	0.00492	0.00140	0.00983	0.00351	0.00281	0.00632
22	0.01257	0.12878	0.01775	0.41942	0.13700	0.01260	0.01283	0.01544	0.01146	0.09121	0.01178	0.04452	0.00975	0.04538	0.00631	0.00186	0.00642	0.00517	0.00303	0.00670
23	0.00664	0.00474	0.00633	0.00759	0.00791	0.00443	0.00506	0.00759	0.01044	0.01392	0.03005	0.80485	0.03606	0.01708	0.00696	0.00221	0.00316	0.01550	0.00506	0.00443
24	0.01093	0.02820	0.78016	0.01554	0.02360	0.01266	0.02014	0.01727	0.01151	0.01727	0.00978	0.01151	0.00691	0.00518	0.00518	0.00173	0.00806	0.00403	0.00230	0.00806
25	0.01159	0.00964	0.01417	0.44664	0.02630	0.01135	0.01197	0.12327	0.01340	0.03603	0.06277	0.10115	0.03067	0.00792	0.00637	0.00187	0.04488	0.03009	0.00362	0.00631
26	0.00999	0.00983	0.03079	0.01042	0.01213	0.11563	0.06970	0.01259	0.04815	0.01609	0.12660	0.35380	0.02941	0.01254	0.00653	0.00201	0.00498	0.11875	0.00463	0.00542
27	0.00791	0.00534	0.00620	0.00618	0.00631	0.00538	0.00363	0.00817	0.00835	0.01127	0.05418	0.03495	0.02096	0.71684	0.07839	0.00535	0.00579	0.00788	0.00341	0.00350
28	0.00687	0.00500	0.00625	0.00703	0.00778	0.00457	0.00485	0.00816	0.01143	0.01526	0.12223	0.54686	0.16989	0.01536	0.00668	0.00205	0.00300	0.01369	0.03848	0.00457
29	0.03984	0.01230	0.01525	0.06827	0.10985	0.06133	0.01114	0.05419	0.17626	0.09241	0.01384	0.01706	0.01129	0.00769	0.00924	0.00196	0.24571	0.04115	0.00388	0.00734
30	0.01283	0.13188	0.12546	0.03358	0.01704	0.02900	0.11432	0.01562	0.01119	0.09142	0.01285	0.05513	0.01131	0.01077	0.08669	0.00254	0.16730	0.04113	0.02321	0.00669
31	0.00681	0.00544	0.00611	0.00624	0.00773	0.00474	0.00463	0.00841	0.01277	0.01615	0.20077	0.15930	0.49201	0.01376	0.00655	0.00189	0.00285	0.03388	0.00526	0.00470
32	0.11206	0.01323	0.02376	0.02320	0.26499	0.01377	0.31723	0.01641	0.01162	0.01776	0.00980	0.01321	0.00794	0.00547	0.00744	0.00183	0.12488	0.00526	0.00276	0.00739

[dist]
# distance from previous block
# <min> <max>
0	3

[block]
# block no. 6 follows, 44 sequences, length 9
# corresponding to MSA columns:
# 1162-1170
name=unknown_G
#
# <colnr> <probs for GDERKNQSTAVLIFYWHMCP>
#	G	D	E	R	K	N	Q	S	T	A	V	L	I	F	Y	W	H	M	C	P
0	0.00824	0.00607	0.00851	0.00848	0.00942	0.00683	0.00638	0.04097	0.00955	0.01346	0.01639	0.10147	0.01641	0.12558	0.58770	0.00740	0.01201	0.00701	0.00329	0.00483
1	0.00655	0.00553	0.00567	0.00564	0.00743	0.00465	0.00423	0.00803	0.01268	0.01533	0.11546	0.05148	0.71158	0.01358	0.00644	0.00183	0.00275	0.01137	0.00514	0.00465
2	0.02069	0.01635	0.01627	0.01269	0.01690	0.09427	0.01038	0.68238	0.02461	0.03225	0.01262	0.01276	0.00905	0.00645	0.00540	0.00161	0.00638	0.00477	0.00519	0.00897
3	0.18962	0.01249	0.01462	0.01131	0.01550	0.01310	0.05889	0.33887	0.01846	0.25221	0.01433	0.01396	0.00977	0.00617	0.00510	0.00168	0.00545	0.00478	0.00523	0.00846
4	0.01919	0.01422	0.01627	0.01268	0.01687	0.01558	0.05116	0.53710	0.16092	0.07586	0.01516	0.01485	0.01083	0.00661	0.00553	0.00169	0.00578	0.00526	0.00540	0.00905
5	0.00998	0.00773	0.00865	0.00835	0.00993	0.04150	0.00619	0.03615	0.14878	0.04224	0.32589	0.24991	0.03537	0.01150	0.00622	0.00185	0.00354	0.01009	0.03030	0.00586
6	0.00779	0.00584	0.00876	0.00876	0.00974	0.00681	0.00681	0.00974	0.00876	0.01266	0.01460	0.02142	0.01363	0.04089	0.78680	0.00876	0.01460	0.00584	0.00292	0.00487
7	0.02446	0.00928	0.01265	0.00970	0.01392	0.00801	0.00801	0.02657	0.01560	0.77817	0.02151	0.01856	0.01350	0.00675	0.00548	0.00169	0.00464	0.00548	0.00675	0.00928
8	0.01349	0.01295	0.02213	0.03346	0.77440	0.01295	0.01673	0.01673	0.01241	0.01781	0.01025	0.01349	0.00864	0.00486	0.00540	0.00162	0.00648	0.00486	0.00270	0.00864

[dist]
# distance from previous block
# <min> <max>
0	6

[block]
# block no. 7 follows, 44 sequences, length 25
# corresponding to MSA columns:
# 1177-1201
name=unknown_H
#
# <colnr> <probs for GDERKNQSTAVLIFYWHMCP>
#	G	D	E	R	K	N	Q	S	T	A	V	L	I	F	Y	W	H	M	C	P
0	0.00779	0.00584	0.00876	0.00876	0.00974	0.00681	0.00681	0.00974	0.00876	0.01266	0.01460	0.02142	0.01363	0.04089	0.78680	0.00876	0.01460	0.00584	0.00292	0.00487
1	0.00779	0.00584	0.00876	0.00876	0.00974	0.00681	0.00681	0.00974	0.00876	0.01266	0.01460	0.02142	0.01363	0.04089	0.78680	0.00876	0.01460	0.00584	0.00292	0.00487
2	0.00793	0.00529	0.00595	0.00595	0.00595	0.00529	0.00330	0.00793	0.00793	0.01057	0.01718	0.03568	0.01982	0.80840	0.02775	0.00529	0.00529	0.00793	0.00330	0.00330
3	0.02446	0.00928	0.01265	0.00970	0.01392	0.00801	0.00801	0.02657	0.01560	0.77817	0.02151	0.01856	0.01350	0.00675	0.00548	0.00169	0.00464	0.00548	0.00675	0.00928
4	0.00664	0.00474	0.00633	0.00759	0.00791	0.00443	0.00506	0.00759	0.01044	0.01392	0.03005	0.80485	0.03606	0.01708	0.00696	0.00221	0.00316	0.01550	0.00506	0.00443
5	0.01030	0.00969	0.01635	0.79530	0.03755	0.01211	0.01514	0.01393	0.01090	0.01393	0.00969	0.01453	0.00727	0.00545	0.00545	0.00182	0.00727	0.00484	0.00242	0.00606
6	0.02102	0.01479	0.01606	0.01232	0.01667	0.01619	0.01017	0.69763	0.02483	0.09408	0.01377	0.01353	0.00961	0.00656	0.00546	0.00164	0.00589	0.00495	0.00556	0.00927
7	0.00663	0.00481	0.00626	0.00743	0.00786	0.00444	0.00499	0.00761	0.01060	0.01398	0.03207	0.74443	0.09517	0.01682	0.00692	0.00218	0.00313	0.01518	0.00506	0.00444
8	0.07984	0.01113	0.01067	0.00990	0.01228	0.10050	0.00756	0.03640	0.32716	0.04805	0.07074	0.14552	0.01959	0.01085	0.05494	0.00224	0.00528	0.00724	0.03320	0.00691
9	0.01093	0.02820	0.78016	0.01554	0.02360	0.01266	0.02014	0.01727	0.01151	0.01727	0.00978	0.01151	0.00691	0.00518	0.00518	0.00173	0.00806	0.00403	0.00230	0.00806
10	0.04479	0.01305	0.02204	0.03112	0.67347	0.01311	0.06279	0.04140	0.01277	0.01859	0.01030	0.01338	0.00853	0.00490	0.00539	0.00164	0.00655	0.00489	0.00282	0.00847
11	0.01407	0.01278	0.04370	0.10560	0.40516	0.01270	0.07193	0.05303	0.04541	0.07915	0.01159	0.01412	0.00906	0.00549	0.00617	0.00168	0.05340	0.00498	0.00325	0.04673
12	0.05535	0.67051	0.02587	0.00984	0.01420	0.12107	0.00932	0.01702	0.01156	0.01345	0.00769	0.00889	0.00695	0.00481	0.00368	0.00122	0.00628	0.00299	0.00244	0.00686
13	0.00783	0.00530	0.00592	0.00592	0.00604	0.00524	0.00336	0.00792	0.00821	0.01083	0.01958	0.03674	0.06741	0.75815	0.02640	0.00507	0.00513	0.00815	0.00341	0.00339
14	0.01030	0.00969	0.01635	0.79530	0.03755	0.01211	0.01514	0.01393	0.01090	0.01393	0.00969	0.01453	0.00727	0.00545	0.00545	0.00182	0.00727	0.00484	0.00242	0.00606
15	0.01129	0.04964	0.01910	0.61639	0.03427	0.04604	0.11768	0.01487	0.01138	0.01434	0.00972	0.01408	0.00738	0.00530	0.00547	0.00177	0.00758	0.00492	0.00248	0.00629
16	0.01096	0.01063	0.01672	0.70712	0.08924	0.04569	0.01505	0.01447	0.01121	0.01418	0.00968	0.01426	0.00735	0.00542	0.00542	0.00178	0.00732	0.00479	0.00246	0.00625
17	0.00779	0.00584	0.00876	0.00876	0.00974	0.00681	0.00681	0.00974	0.00876	0.01266	0.01460	0.02142	0.01363	0.04089	0.78680	0.00876	0.01460	0.00584	0.00292	0.00487
18	0.01952	0.02459	0.01494	0.01366	0.01636	0.73207	0.01029	0.02101	0.01534	0.01373	0.03389	0.01276	0.00937	0.00615	0.00506	0.00146	0.00942	0.03116	0.00299	0.00623
19	0.01075	0.07276	0.01472	0.18853	0.01843	0.01036	0.07714	0.01332	0.01060	0.06253	0.04547	0.01828	0.01242	0.02005	0.31782	0.00454	0.05661	0.00549	0.03427	0.00590
20	0.00997	0.00788	0.00916	0.00917	0.01087	0.00843	0.00712	0.01665	0.28690	0.01802	0.07774	0.12639	0.07278	0.10511	0.00897	0.00246	0.00427	0.20697	0.00509	0.00605
21	0.00785	0.00574	0.00749	0.00764	0.00895	0.00538	0.00607	0.01021	0.01411	0.01922	0.45505	0.07186	0.12635	0.01275	0.00676	0.00197	0.00331	0.21865	0.00559	0.00503
22	0.13515	0.01086	0.01622	0.22263	0.13886	0.03780	0.10624	0.01436	0.01135	0.01690	0.04607	0.08557	0.03561	0.00732	0.00650	0.00185	0.06979	0.02738	0.00320	0.00635
23	0.11332	0.02834	0.05731	0.03167	0.01098	0.06355	0.00686	0.01203	0.01347	0.01925	0.37167	0.05186	0.16718	0.00998	0.00580	0.00173	0.00396	0.02079	0.00480	0.00546
24	0.06704	0.37507	0.09302	0.01121	0.01548	0.06343	0.06957	0.01759	0.05653	0.07333	0.04477	0.05074	0.01145	0.00610	0.00485	0.00150	0.02330	0.00468	0.00328	0.00706

[dist]
# distance from previous block
# <min> <max>
0	23

[block]
# block no. 8 follows, 44 sequences, length 17
# corresponding to MSA columns:
# 1225-1236,1243-1247
name=unknown_I
#
# <colnr> <probs for GDERKNQSTAVLIFYWHMCP>
#	G	D	E	R	K	N	Q	S	T	A	V	L	I	F	Y	W	H	M	C	P
0	0.01271	0.01291	0.11648	0.05252	0.04677	0.00973	0.00971	0.07853	0.06150	0.04684	0.01125	0.01259	0.00875	0.00483	0.00459	0.00119	0.00506	0.00390	0.00351	0.49664
1	0.16894	0.14123	0.11072	0.09447	0.13734	0.18157	0.06027	0.01746	0.01205	0.01682	0.00889	0.01105	0.00715	0.00511	0.00467	0.00156	0.00713	0.00391	0.00272	0.00696
2	0.02335	0.01107	0.01376	0.01055	0.01481	0.01067	0.00871	0.24419	0.01860	0.55633	0.01900	0.01693	0.01224	0.00669	0.00547	0.00167	0.00504	0.00531	0.00636	0.00928
3	0.02952	0.09290	0.05766	0.13365	0.18403	0.01123	0.01090	0.04467	0.07365	0.01721	0.01918	0.11866	0.09451	0.00809	0.00543	0.00173	0.00527	0.02728	0.05770	0.00672
4	0.01290	0.01390	0.07422	0.25792	0.18858	0.09480	0.04605	0.07599	0.01309	0.01695	0.01310	0.01825	0.04024	0.00663	0.00629	0.00179	0.05123	0.05803	0.00307	0.00698
5	0.00689	0.00534	0.00628	0.00648	0.00775	0.00473	0.00469	0.00853	0.01285	0.01674	0.27198	0.24441	0.35612	0.01383	0.00657	0.00190	0.00281	0.01203	0.00535	0.00473
6	0.01522	0.01911	0.33507	0.01620	0.02239	0.01228	0.23126	0.07450	0.01386	0.18676	0.01299	0.01412	0.00894	0.00546	0.00563	0.00174	0.00748	0.00512	0.00365	0.00821
7	0.01205	0.01688	0.29174	0.14708	0.14595	0.01150	0.09944	0.01636	0.01203	0.07165	0.01333	0.05904	0.01125	0.00659	0.00569	0.00182	0.00706	0.06001	0.00311	0.00741
8	0.01115	0.01015	0.01635	0.73130	0.03586	0.01250	0.01475	0.07462	0.01211	0.01560	0.00997	0.01442	0.00743	0.00554	0.00545	0.00180	0.00716	0.00485	0.00267	0.00632
