[name]
unknown

[dist]
# distance from previous block
# <min> <max>
0	186

[block]
# block no. 0 follows, 41 sequences, length 32
# corresponding to MSA columns:
# 217-242,249-254
name=unknown_A
#
# <colnr> <probs for GDERKNQSTAVLIFYWHMCP>
#	G	D	E	R	K	N	Q	S	T	A	V	L	I	F	Y	W	H	M	C	P
0	0.13517	0.01263	0.12805	0.01231	0.06676	0.01016	0.01056	0.05401	0.05364	0.08833	0.09208	0.02832	0.01931	0.00866	0.00582	0.00189	0.00535	0.17253	0.00454	0.08988
1	0.02602	0.04895	0.08348	0.01349	0.04486	0.16388	0.03893	0.17128	0.07453	0.09599	0.01442	0.05658	0.01165	0.00943	0.06161	0.00220	0.00748	0.00544	0.00427	0.06551
2	0.09811	0.06645	0.01627	0.01510	0.13619	0.04399	0.06563	0.01954	0.08428	0.18255	0.01513	0.01705	0.01170	0.01460	0.18454	0.00346	0.00822	0.00534	0.00416	0.00768
3	0.01714	0.04728	0.01688	0.01260	0.01680	0.09254	0.10178	0.20934	0.04465	0.11862	0.01643	0.07021	0.04017	0.00704	0.00558	0.00160	0.00616	0.00594	0.00463	0.16459
4	0.05031	0.01433	0.11280	0.09816	0.10887	0.03193	0.06303	0.09379	0.13718	0.12203	0.07226	0.01852	0.01442	0.02946	0.00641	0.00192	0.00625	0.00579	0.00443	0.00813
5	0.08107	0.01266	0.01585	0.24897	0.06938	0.05480	0.01218	0.14574	0.05816	0.07735	0.01269	0.01618	0.00995	0.00692	0.00715	0.00188	0.10195	0.03064	0.00388	0.03261
6	0.04484	0.05424	0.01461	0.01230	0.06848	0.01271	0.00925	0.23208	0.05980	0.06749	0.06617	0.02168	0.06647	0.04133	0.00747	0.00186	0.05988	0.03534	0.00470	0.11929
7	0.25274	0.01162	0.01193	0.00984	0.01364	0.01236	0.00795	0.17046	0.15710	0.12092	0.05263	0.01735	0.03962	0.00686	0.00505	0.00170	0.00473	0.00521	0.00506	0.09323
8	0.00777	0.00713	0.05230	0.00861	0.00962	0.00618	0.00659	0.00927	0.01142	0.01545	0.09822	0.52726	0.09816	0.04889	0.00882	0.00236	0.05847	0.01351	0.00496	0.00502
9	0.02077	0.01664	0.06124	0.01327	0.01801	0.01730	0.01139	0.66663	0.06147	0.03440	0.01399	0.01401	0.00996	0.00683	0.00571	0.00173	0.00633	0.00516	0.00553	0.00962
10	0.01523	0.01330	0.02124	0.06128	0.58528	0.01358	0.01589	0.06955	0.06581	0.06416	0.01251	0.01499	0.00993	0.00555	0.00569	0.00173	0.00652	0.00523	0.00348	0.00903
11	0.01910	0.01382	0.01447	0.01175	0.01544	0.07532	0.00947	0.38011	0.08917	0.13831	0.08678	0.01899	0.02640	0.01009	0.06191	0.00228	0.00651	0.00591	0.00556	0.00860
12	0.00973	0.00497	0.00739	0.00749	0.00751	0.00495	0.00499	0.00749	0.00770	0.01026	0.01144	0.07157	0.01188	0.01973	0.02131	0.77568	0.00485	0.00575	0.00268	0.00263
13	0.01587	0.01353	0.12535	0.18086	0.14551	0.01160	0.01332	0.04781	0.09121	0.21540	0.01653	0.07062	0.01274	0.00704	0.00580	0.00185	0.00621	0.00606	0.00442	0.00829
14	0.01130	0.00983	0.04093	0.00999	0.01329	0.00867	0.05867	0.01678	0.15836	0.05228	0.26284	0.02922	0.08393	0.00869	0.00595	0.00166	0.00428	0.02806	0.00510	0.19018
15	0.01151	0.04286	0.03907	0.05663	0.04465	0.00942	0.05752	0.04128	0.04161	0.07425	0.26906	0.07582	0.03785	0.11959	0.01012	0.00238	0.04715	0.00819	0.00475	0.00629
16	0.01570	0.01271	0.01927	0.22124	0.31158	0.01363	0.03200	0.14350	0.06058	0.09384	0.01305	0.01535	0.00980	0.00591	0.00573	0.00178	0.00667	0.00529	0.00385	0.00851
17	0.01584	0.01243	0.06613	0.02613	0.06947	0.01190	0.00994	0.14326	0.24025	0.14728	0.10039	0.02305	0.04879	0.05048	0.00715	0.00203	0.00516	0.00660	0.00540	0.00832
18	0.01232	0.01188	0.01727	0.01465	0.01541	0.01549	0.06935	0.05271	0.01042	0.01545	0.01152	0.12201	0.01195	0.01053	0.01551	0.00239	0.57498	0.00672	0.00310	0.00634
19	0.08600	0.06003	0.08749	0.04363	0.04397	0.05312	0.01028	0.12301	0.06566	0.22865	0.12313	0.01912	0.01696	0.00713	0.00552	0.00174	0.00560	0.00569	0.00510	0.00817
20	0.41792	0.01073	0.01072	0.06246	0.01430	0.01106	0.00741	0.01770	0.06507	0.07448	0.01091	0.01206	0.00835	0.00532	0.00422	0.00152	0.00463	0.00375	0.00384	0.25356
21	0.01139	0.00743	0.00855	0.00768	0.00979	0.00717	0.00585	0.06978	0.06931	0.10058	0.25844	0.03719	0.22114	0.07218	0.00798	0.00208	0.00361	0.00898	0.08470	0.00616
22	0.00819	0.00607	0.00888	0.00888	0.00980	0.00698	0.00676	0.01001	0.00910	0.01305	0.01561	0.02404	0.01498	0.12246	0.69769	0.00881	0.01429	0.00636	0.00311	0.00493
23	0.05930	0.01250	0.01301	0.01153	0.01489	0.01442	0.00904	0.08378	0.65784	0.02494	0.02173	0.02011	0.01627	0.00756	0.00569	0.00191	0.00466	0.00619	0.00569	0.00895
24	0.83938	0.01106	0.00841	0.00752	0.01106	0.01283	0.00619	0.01681	0.00973	0.02566	0.00796	0.00929	0.00619	0.00531	0.00354	0.00177	0.00442	0.00310	0.00354	0.00619
25	0.83938	0.01106	0.00841	0.00752	0.01106	0.01283	0.00619	0.01681	0.00973	0.02566	0.00796	0.00929	0.00619	0.00531	0.00354	0.00177	0.00442	0.00310	0.00354	0.00619
26	0.01415	0.01341	0.02207	0.03071	0.61128	0.01350	0.04118	0.03998	0.03568	0.01918	0.01109	0.01418	0.00922	0.00535	0.00611	0.00169	0.03656	0.00507	0.00304	0.06655
27	0.00976	0.00621	0.00793	0.00736	0.00907	0.00560	0.00556	0.01212	0.01543	0.10305	0.53102	0.08632	0.15471	0.01197	0.00667	0.00185	0.00300	0.01045	0.00618	0.00574
28	0.01473	0.04104	0.34207	0.06828	0.02211	0.01267	0.09017	0.06810	0.06895	0.14510	0.01643	0.01716	0.05441	0.00646	0.00572	0.00182	0.00709	0.00547	0.00390	0.00833
29	0.00962	0.00655	0.00826	0.00811	0.00905	0.00654	0.00568	0.02324	0.01136	0.06754	0.09629	0.32495	0.05833	0.22999	0.01380	0.00304	0.06172	0.01103	0.00474	0.04015
30	0.10163	0.00952	0.01012	0.00890	0.01126	0.01989	0.00677	0.19650	0.01504	0.04301	0.03968	0.12746	0.09846	0.16405	0.01049	0.00255	0.01517	0.03203	0.03657	0.05087
31	0.05290	0.03234	0.02737	0.06944	0.01631	0.04159	0.02652	0.09396	0.04210	0.08534	0.01394	0.05729	0.02423	0.01070	0.07798	0.00243	0.15259	0.00551	0.00388	0.16358

[dist]
# distance from previous block
# <min> <max>
0	33

[block]
# block no. 1 follows, 41 sequences, length 17
# corresponding to MSA columns:
# 288-304
name=unknown_B
#
# <colnr> <probs for GDERKNQSTAVLIFYWHMCP>
#	G	D	E	R	K	N	Q	S	T	A	V	L	I	F	Y	W	H	M	C	P
0	0.02939	0.09083	0.06747	0.01314	0.05399	0.07567	0.05693	0.11415	0.01508	0.14122	0.05860	0.07427	0.01416	0.00723	0.00621	0.00166	0.05074	0.00583	0.00431	0.11911
1	0.00983	0.00675	0.00851	0.05577	0.01075	0.00673	0.00595	0.01197	0.06038	0.05008	0.07506	0.16839	0.04123	0.24708	0.06568	0.05303	0.00529	0.00871	0.04130	0.06751
2	0.00749	0.00553	0.00681	0.00749	0.00838	0.00513	0.00536	0.00883	0.01185	0.01542	0.10126	0.35826	0.20628	0.11928	0.01008	0.00265	0.00371	0.10635	0.00515	0.00468
3	0.03753	0.00817	0.01081	0.00905	0.01217	0.00724	0.00717	0.02066	0.01520	0.46961	0.15430	0.14517	0.05807	0.00986	0.00616	0.00187	0.00415	0.00841	0.00651	0.00789
4	0.01354	0.00711	0.00801	0.00735	0.00938	0.00708	0.00564	0.05975	0.06330	0.14337	0.02096	0.11966	0.01744	0.00826	0.00493	0.00159	0.00345	0.00686	0.48582	0.00648
5	0.00976	0.00802	0.01163	0.06911	0.01468	0.00796	0.05058	0.01216	0.01212	0.01652	0.02366	0.18648	0.04063	0.01245	0.00760	0.00215	0.05519	0.30834	0.00444	0.14652
6	0.00868	0.00633	0.00889	0.15055	0.01396	0.00680	0.00723	0.01076	0.01139	0.01623	0.11531	0.25612	0.02572	0.07379	0.13362	0.00338	0.00605	0.00955	0.13048	0.00515
7	0.17030	0.17271	0.11777	0.01367	0.01774	0.05123	0.11849	0.01777	0.01158	0.07632	0.00988	0.01206	0.00788	0.00633	0.00775	0.00183	0.17192	0.00441	0.00311	0.00725
8	0.36422	0.28147	0.06410	0.00974	0.01394	0.07170	0.00896	0.06602	0.01206	0.02034	0.00863	0.01009	0.00711	0.00585	0.00465	0.03187	0.00582	0.00340	0.00317	0.00686
9	0.06884	0.51545	0.02378	0.01057	0.01467	0.19200	0.00951	0.01793	0.01289	0.01508	0.06493	0.01197	0.01079	0.00566	0.00423	0.00136	0.00671	0.00375	0.00292	0.00696
10	0.06096	0.00603	0.00736	0.00721	0.00859	0.00570	0.00534	0.01048	0.01464	0.02108	0.52997	0.16374	0.11275	0.01255	0.00663	0.00189	0.00293	0.01100	0.00587	0.00527
11	0.07276	0.01004	0.01222	0.00981	0.01346	0.00974	0.00796	0.13717	0.04853	0.40583	0.15846	0.02242	0.02057	0.00781	0.00573	0.00176	0.00456	0.00636	0.03630	0.00851
12	0.01188	0.00865	0.00950	0.00947	0.01092	0.00760	0.00649	0.01219	0.01494	0.02033	0.19627	0.18708	0.27065	0.13926	0.01182	0.00323	0.00483	0.01231	0.05569	0.00690
13	0.01417	0.00977	0.01121	0.01049	0.01259	0.00875	0.00761	0.06353	0.01787	0.08077	0.38240	0.13776	0.18607	0.01462	0.00830	0.00261	0.00472	0.01165	0.00717	0.00794
14	0.01933	0.55928	0.12501	0.01383	0.01912	0.07648	0.01294	0.05757	0.01530	0.01914	0.01277	0.01560	0.01133	0.00785	0.00593	0.00211	0.00801	0.00476	0.00407	0.00956
15	0.02319	0.01124	0.01408	0.01220	0.01563	0.00973	0.00929	0.02407	0.01754	0.49012	0.10408	0.14999	0.02638	0.01227	0.00789	0.00264	0.00579	0.04601	0.00775	0.01012
16	0.02023	0.04599	0.23346	0.03747	0.03928	0.01463	0.04718	0.14515	0.05294	0.18322	0.04198	0.05500	0.03268	0.00968	0.00744	0.00253	0.00769	0.00711	0.00588	0.01046

[dist]
# distance from previous block
# <min> <max>
13	37

[block]
# block no. 2 follows, 41 sequences, length 14
# corresponding to MSA columns:
# 344-357
name=unknown_C
#
# <colnr> <probs for GDERKNQSTAVLIFYWHMCP>
#	G	D	E	R	K	N	Q	S	T	A	V	L	I	F	Y	W	H	M	C	P
0	0.03805	0.07698	0.34776	0.04956	0.01853	0.01108	0.01372	0.01643	0.01294	0.09613	0.11212	0.07474	0.04984	0.00822	0.00579	0.00185	0.00623	0.04877	0.00393	0.00734
1	0.11343	0.25040	0.15037	0.01236	0.01734	0.01543	0.08152	0.08602	0.03563	0.10313	0.01279	0.04395	0.01037	0.00715	0.02377	0.00185	0.00659	0.01643	0.00371	0.00778
2	0.04949	0.01271	0.04327	0.11885	0.29187	0.01239	0.10706	0.02016	0.08184	0.15804	0.03769	0.01675	0.01180	0.00598	0.00578	0.00180	0.00652	0.00561	0.00399	0.00842
3	0.01321	0.23467	0.51831	0.01446	0.02157	0.07113	0.01739	0.01820	0.01226	0.01658	0.00955	0.01118	0.00728	0.00532	0.00495	0.00163	0.00797	0.00388	0.00246	0.00803
4	0.01927	0.04076	0.14737	0.08059	0.01951	0.01306	0.01201	0.25553	0.01811	0.25467	0.01509	0.01507	0.01031	0.00633	0.00551	0.00169	0.00619	0.00497	0.00501	0.06896
5	0.00820	0.00591	0.00651	0.00635	0.00784	0.00523	0.00450	0.00949	0.01246	0.05172	0.13222	0.07113	0.44898	0.19064	0.01176	0.00273	0.00358	0.01084	0.00510	0.00482
6	0.01018	0.00808	0.00945	0.00898	0.01093	0.00849	0.00688	0.01741	0.27399	0.02194	0.36767	0.09794	0.06608	0.01119	0.00654	0.00195	0.00357	0.05619	0.00594	0.00659
7	0.01790	0.00941	0.01141	0.00938	0.01261	0.00919	0.00752	0.12942	0.08244	0.31828	0.17448	0.02495	0.04572	0.00824	0.00577	0.00173	0.00426	0.00682	0.11242	0.00805
8	0.00828	0.00569	0.00697	0.00697	0.00722	0.00594	0.00438	0.00879	0.00853	0.01163	0.01735	0.03372	0.01918	0.61148	0.21442	0.00645	0.00797	0.00778	0.00337	0.00387
9	0.02222	0.00953	0.01215	0.00961	0.01345	0.00881	0.00784	0.07568	0.05231	0.54971	0.02130	0.01948	0.01410	0.00703	0.00545	0.00170	0.00457	0.00567	0.15047	0.00893
10	0.02384	0.00565	0.00703	0.00725	0.00836	0.00529	0.00520	0.01048	0.01286	0.04745	0.25032	0.31961	0.09539	0.01368	0.00726	0.04329	0.00317	0.01144	0.11733	0.00510
11	0.01459	0.06382	0.01766	0.29608	0.02445	0.01554	0.01285	0.16266	0.06069	0.05146	0.01140	0.01440	0.00890	0.00721	0.00901	0.00198	0.21131	0.00506	0.00356	0.00739
12	0.01312	0.01169	0.01276	0.00964	0.01408	0.05728	0.00769	0.07086	0.01306	0.01925	0.01082	0.03528	0.00931	0.00533	0.00545	0.00111	0.05597	0.00403	0.00354	0.63974
13	0.24805	0.04532	0.01429	0.05100	0.10404	0.15810	0.00983	0.09650	0.11404	0.02148	0.01274	0.05231	0.01080	0.03148	0.00574	0.00185	0.00624	0.00503	0.00388	0.00727

[dist]
# distance from previous block
# <min> <max>
0	21

[block]
# block no. 3 follows, 41 sequences, length 15
# corresponding to MSA columns:
# 379-392,399
name=unknown_D
#
# <colnr> <probs for GDERKNQSTAVLIFYWHMCP>
#	G	D	E	R	K	N	Q	S	T	A	V	L	I	F	Y	W	H	M	C	P
0	0.01368	0.01660	0.10063	0.09264	0.10107	0.21682	0.08261	0.03449	0.01364	0.01655	0.01785	0.14082	0.07569	0.00832	0.00589	0.00180	0.00722	0.00714	0.03982	0.00674
1	0.01364	0.11779	0.21799	0.05966	0.02229	0.01466	0.20065	0.12271	0.01414	0.01925	0.01212	0.01709	0.01011	0.06898	0.00803	0.00211	0.03417	0.03379	0.00323	0.00759
2	0.00705	0.00552	0.00639	0.00677	0.00806	0.00486	0.00485	0.00855	0.01284	0.01639	0.16416	0.30857	0.39522	0.01521	0.00694	0.00204	0.00301	0.01323	0.00547	0.00486
3	0.01170	0.00738	0.00908	0.00799	0.01007	0.00700	0.00613	0.08738	0.01650	0.12254	0.46323	0.03775	0.12265	0.05566	0.00778	0.00201	0.00354	0.00928	0.00607	0.00625
4	0.01433	0.01118	0.01223	0.01090	0.01397	0.01252	0.00849	0.02747	0.58943	0.08571	0.12543	0.02415	0.02225	0.00825	0.00594	0.00191	0.00430	0.00695	0.00599	0.00860
5	0.01898	0.00875	0.01115	0.00889	0.01241	0.00778	0.00717	0.05322	0.01562	0.42402	0.13027	0.02222	0.01940	0.00740	0.00545	0.00161	0.00418	0.00610	0.14306	0.09234
6	0.21192	0.01403	0.01417	0.01150	0.01554	0.01581	0.00937	0.41509	0.18404	0.03092	0.01450	0.01438	0.01062	0.00670	0.00523	0.00178	0.00546	0.00496	0.00523	0.00875
7	0.01246	0.04682	0.01984	0.57522	0.03488	0.01389	0.10742	0.08954	0.01328	0.01722	0.01061	0.01485	0.00796	0.00568	0.00576	0.00186	0.00768	0.00521	0.00291	0.00691
8	0.14310	0.02147	0.01552	0.01470	0.07087	0.46886	0.01064	0.11335	0.01638	0.05969	0.01021	0.01137	0.00798	0.00594	0.00506	0.00158	0.00837	0.00400	0.00360	0.00730
9	0.01259	0.01100	0.01404	0.01213	0.01397	0.06376	0.09219	0.12998	0.01373	0.01879	0.01827	0.26272	0.01891	0.04568	0.00968	0.00220	0.15678	0.00888	0.08841	0.00628
10	0.00799	0.00598	0.00752	0.00819	0.00911	0.00584	0.00580	0.01092	0.08769	0.01721	0.16582	0.51943	0.07030	0.01551	0.00705	0.00218	0.00338	0.03927	0.00554	0.00526
11	0.00728	0.00529	0.00688	0.00774	0.00846	0.00490	0.00542	0.00873	0.01229	0.01648	0.18185	0.54764	0.10183	0.01627	0.00717	0.00220	0.00324	0.04598	0.00551	0.00484
12	0.01137	0.01067	0.01865	0.51021	0.07431	0.01254	0.10723	0.01446	0.01119	0.01478	0.01016	0.01523	0.00807	0.00732	0.00849	0.08668	0.06446	0.00528	0.00259	0.00628
13	0.01013	0.00910	0.01497	0.06477	0.07780	0.00966	0.13025	0.01266	0.01241	0.01748	0.17544	0.19991	0.04270	0.01175	0.03575	0.00228	0.11651	0.00922	0.04113	0.00607
14	0.00899	0.00559	0.00838	0.00838	0.00893	0.00613	0.00613	0.00893	0.00838	0.01172	0.01281	0.02010	0.01226	0.03216	0.42462	0.39374	0.01049	0.00559	0.00279	0.00388

[dist]
# distance from previous block
# <min> <max>
3	43

[block]
# block no. 4 follows, 41 sequences, length 22
# corresponding to MSA columns:
# 443-464
name=unknown_E
#
# <colnr> <probs for GDERKNQSTAVLIFYWHMCP>
#	G	D	E	R	K	N	Q	S	T	A	V	L	I	F	Y	W	H	M	C	P
0	0.01351	0.01200	0.03216	0.07394	0.08486	0.01278	0.04215	0.10579	0.36064	0.02286	0.08938	0.05903	0.04929	0.00820	0.00601	0.00189	0.00520	0.00710	0.00507	0.00813
1	0.05904	0.00913	0.03869	0.05060	0.11637	0.00857	0.00849	0.01410	0.07461	0.04802	0.08742	0.15338	0.05396	0.11309	0.03474	0.04183	0.00518	0.00807	0.00423	0.07049
2	0.01259	0.05899	0.09815	0.10994	0.09868	0.01259	0.03943	0.07356	0.20887	0.02032	0.07810	0.08695	0.04817	0.00822	0.00593	0.00187	0.00570	0.01993	0.00437	0.00765
3	0.01046	0.00736	0.01022	0.01115	0.10030	0.00744	0.04189	0.01307	0.01262	0.01951	0.12827	0.02953	0.05522	0.04452	0.01801	0.00198	0.03838	0.07877	0.36544	0.00583
4	0.01176	0.01020	0.04679	0.01126	0.05609	0.00978	0.00859	0.14459	0.13615	0.02197	0.13959	0.15752	0.13564	0.01131	0.00648	0.00198	0.00451	0.07356	0.00533	0.00690
5	0.01066	0.00920	0.01502	0.42859	0.14704	0.01053	0.01275	0.01305	0.01090	0.01440	0.01295	0.09043	0.01215	0.08005	0.00994	0.10050	0.00659	0.00641	0.00292	0.00591
6	0.23485	0.01271	0.04772	0.01066	0.01439	0.01338	0.00887	0.08538	0.37649	0.09096	0.03557	0.01741	0.01393	0.00696	0.00520	0.00185	0.00482	0.00539	0.00517	0.00829
7	0.00936	0.00801	0.01107	0.11107	0.14399	0.00769	0.00848	0.01117	0.01205	0.01556	0.03344	0.03439	0.37160	0.01226	0.03113	0.08551	0.00488	0.00833	0.00401	0.07601
8	0.01706	0.01362	0.01988	0.10840	0.39521	0.01431	0.01458	0.23767	0.01733	0.08712	0.01260	0.01460	0.00954	0.00587	0.00569	0.00173	0.00657	0.00517	0.00403	0.00902
9	0.30719	0.01010	0.01097	0.00923	0.01286	0.01032	0.00745	0.02261	0.10099	0.35582	0.01831	0.08208	0.01378	0.00746	0.00512	0.00184	0.00454	0.00580	0.00554	0.00798
10	0.04757	0.01260	0.01668	0.01425	0.01492	0.02938	0.01182	0.02902	0.04333	0.05659	0.00921	0.01315	0.00831	0.00943	0.01638	0.00238	0.65033	0.00501	0.00301	0.00664
11	0.01535	0.31932	0.08145	0.04648	0.01732	0.07334	0.02923	0.10952	0.17727	0.01919	0.01360	0.05046	0.01135	0.00654	0.00499	0.00161	0.00631	0.00502	0.00378	0.00789
12	0.05127	0.00922	0.01096	0.04668	0.01328	0.01013	0.00806	0.13107	0.14271	0.04279	0.04733	0.33885	0.02475	0.01215	0.00717	0.00210	0.05012	0.03955	0.00517	0.00667
13	0.01201	0.00990	0.01155	0.00837	0.01325	0.00749	0.00669	0.01448	0.01208	0.04280	0.01335	0.01462	0.05250	0.00493	0.00443	0.00094	0.00418	0.00397	0.00362	0.75883
14	0.01058	0.00792	0.00913	0.00872	0.01046	0.00694	0.00633	0.01205	0.01676	0.02293	0.51981	0.04887	0.26645	0.01409	0.00786	0.00234	0.00379	0.01150	0.00680	0.00668
15	0.01145	0.00846	0.01023	0.05476	0.01301	0.00902	0.00757	0.08149	0.20571	0.05919	0.06049	0.40194	0.02776	0.01271	0.00657	0.00209	0.00420	0.01123	0.00546	0.00665
16	0.01561	0.01050	0.04037	0.01001	0.01287	0.04410	0.04158	0.09531	0.05458	0.18418	0.05110	0.08453	0.01663	0.00798	0.00595	0.00171	0.03975	0.00654	0.26948	0.00723
17	0.00956	0.00647	0.00885	0.00974	0.01114	0.00629	0.00822	0.01196	0.01336	0.05291	0.09723	0.13311	0.06803	0.01517	0.00758	0.00245	0.00471	0.52237	0.00545	0.00541
18	0.07025	0.26874	0.19500	0.01280	0.04464	0.01481	0.04684	0.02041	0.01310	0.23044	0.01308	0.01344	0.00942	0.00570	0.00489	0.00160	0.00634	0.00438	0.01585	0.00826
19	0.00850	0.00617	0.00761	0.00752	0.00773	0.00668	0.00491	0.00900	0.00882	0.01202	0.01893	0.10090	0.03823	0.54374	0.12457	0.00540	0.07313	0.00854	0.00354	0.00406
20	0.01484	0.46038	0.02445	0.01204	0.01505	0.08489	0.01085	0.01644	0.01101	0.01361	0.00787	0.01044	0.00740	0.00677	0.00908	0.00169	0.28000	0.00379	0.00251	0.00690
21	0.06274	0.11310	0.04849	0.00934	0.01393	0.01108	0.00812	0.07775	0.04166	0.09826	0.01264	0.01357	0.00976	0.00531	0.00450	0.00125	0.00478	0.00406	0.08145	0.37822

[dist]
# distance from previous block
# <min> <max>
0	8

[block]
# block no. 5 follows, 41 sequences, length 29
# corresponding to MSA columns:
# 473-482,521-533,535-540
name=unknown_F
#
# <colnr> <probs for GDERKNQSTAVLIFYWHMCP>
#	G	D	E	R	K	N	Q	S	T	A	V	L	I	F	Y	W	H	M	C	P
0	0.09408	0.01440	0.01597	0.01277	0.01691	0.01605	0.04908	0.42247	0.24441	0.03048	0.01598	0.01572	0.01169	0.00688	0.00561	0.00180	0.00577	0.00545	0.00540	0.00909
1	0.73209	0.04862	0.01006	0.00824	0.01179	0.07824	0.00677	0.01734	0.01037	0.02411	0.00804	0.00937	0.00635	0.00534	0.00368	0.00172	0.00500	0.00315	0.00344	0.00628
2	0.01313	0.05310	0.01267	0.01098	0.03712	0.01234	0.00833	0.02432	0.49459	0.05135	0.06218	0.02737	0.15055	0.00887	0.00591	0.00188	0.00432	0.00739	0.00553	0.00807
3	0.00742	0.00517	0.00650	0.00739	0.00761	0.00495	0.00470	0.00808	0.01007	0.01343	0.02703	0.54270	0.03215	0.27821	0.01457	0.00340	0.00406	0.01361	0.00470	0.00425
4	0.00745	0.00526	0.00676	0.00749	0.00796	0.00496	0.00498	0.00859	0.01150	0.01560	0.17397	0.50400	0.03786	0.16258	0.01126	0.00282	0.00361	0.01360	0.00516	0.00457
5	0.02408	0.00940	0.01268	0.00984	0.01403	0.00811	0.00808	0.02626	0.01616	0.70319	0.04222	0.02222	0.06124	0.00765	0.00584	0.00178	0.00469	0.00625	0.00695	0.00933
6	0.01492	0.01263	0.01332	0.01178	0.01514	0.01455	0.00922	0.09592	0.68631	0.02504	0.02240	0.02064	0.01675	0.00768	0.00581	0.00192	0.00469	0.00635	0.00581	0.00912
7	0.74633	0.01091	0.00896	0.00783	0.01147	0.01233	0.00645	0.01808	0.01049	0.11047	0.00963	0.01046	0.00711	0.00551	0.00379	0.00177	0.00448	0.00340	0.00394	0.00660
8	0.29435	0.01386	0.01393	0.01104	0.01526	0.01535	0.00911	0.44395	0.02033	0.09183	0.01253	0.01272	0.00891	0.00637	0.00500	0.00174	0.00556	0.00452	0.00511	0.00855
9	0.01673	0.01186	0.01486	0.01168	0.01534	0.01220	0.07581	0.35159	0.02054	0.11216	0.18262	0.02562	0.10612	0.00863	0.00616	0.00178	0.00526	0.00729	0.00569	0.00803
10	0.01507	0.75682	0.07361	0.01017	0.01528	0.02208	0.01046	0.01719	0.01165	0.01373	0.00809	0.00935	0.00733	0.00493	0.00377	0.00126	0.00625	0.00313	0.00244	0.00741
11	0.36340	0.01086	0.01346	0.38551	0.02524	0.01320	0.01142	0.03588	0.01098	0.01986	0.00917	0.01251	0.00707	0.00584	0.00560	0.00188	0.05447	0.00424	0.00305	0.00637
12	0.09106	0.01138	0.01176	0.01034	0.01337	0.03349	0.00809	0.15029	0.30239	0.08330	0.02080	0.11369	0.02791	0.00851	0.00559	0.00185	0.00466	0.00696	0.08663	0.00793
13	0.01155	0.00650	0.00843	0.00754	0.00945	0.00594	0.00580	0.01416	0.01579	0.15788	0.54979	0.03629	0.04268	0.01034	0.00628	0.00175	0.00309	0.00899	0.09157	0.00618
14	0.01309	0.01245	0.02101	0.21830	0.54136	0.01319	0.01654	0.01643	0.01237	0.01731	0.01078	0.01518	0.00907	0.03241	0.00679	0.00190	0.02571	0.00520	0.00277	0.00814
15	0.00782	0.00584	0.00726	0.00691	0.00838	0.00528	0.00518	0.01026	0.01554	0.02139	0.61548	0.04527	0.19973	0.01227	0.00675	0.00183	0.00274	0.01070	0.00609	0.00528
16	0.00924	0.00526	0.00718	0.00718	0.00726	0.00534	0.00463	0.00797	0.00789	0.01060	0.01316	0.02470	0.01403	0.28988	0.08576	0.48181	0.00601	0.00621	0.00287	0.00303
17	0.01564	0.76030	0.02929	0.00997	0.01484	0.02237	0.00985	0.05608	0.01244	0.01467	0.00826	0.00942	0.00747	0.00500	0.00378	0.00125	0.00613	0.00317	0.00262	0.00747
18	0.05885	0.00729	0.00833	0.00786	0.00992	0.00713	0.00607	0.01424	0.11587	0.07198	0.29718	0.07519	0.23668	0.01173	0.00645	0.00192	0.00342	0.04808	0.00575	0.00605
19	0.01418	0.13934	0.18711	0.27234	0.09412	0.04067	0.01498	0.05653	0.01317	0.07967	0.01108	0.01351	0.00830	0.00561	0.00528	0.00170	0.00721	0.00455	0.00311	0.02755
20	0.29570	0.01325	0.01663	0.04112	0.29269	0.05791	0.04588	0.05126	0.01276	0.05136	0.01029	0.01240	0.00812	0.00532	0.00487	0.00167	0.00608	0.00432	0.00342	0.06494
21	0.60253	0.01093	0.01017	0.04492	0.04303	0.01239	0.00774	0.04993	0.03352	0.05017	0.01145	0.01574	0.00960	0.00649	0.00437	0.00186	0.00485	0.06980	0.00391	0.00660
22	0.00854	0.00630	0.00840	0.00823	0.00871	0.00713	0.00582	0.00958	0.00876	0.01230	0.01603	0.02870	0.01683	0.39029	0.37834	0.00704	0.06430	0.00706	0.00321	0.00443
23	0.01430	0.00670	0.00812	0.00714	0.00935	0.00622	0.00557	0.01685	0.01422	0.23264	0.19431	0.02584	0.02377	0.00797	0.00514	0.00157	0.00330	0.00663	0.40379	0.00659
24	0.01492	0.01263	0.01332	0.01178	0.01514	0.01455	0.00922	0.09592	0.68631	0.02504	0.02240	0.02064	0.01675	0.00768	0.00581	0.00192	0.00469	0.00635	0.00581	0.00912
25	0.01251	0.01251	0.01752	0.01502	0.01502	0.01752	0.01251	0.01377	0.00876	0.01377	0.00751	0.01251	0.00751	0.01001	0.01877	0.00250	0.78851	0.00501	0.00250	0.00626
26	0.01885	0.01823	0.01431	0.01233	0.01539	0.35325	0.00958	0.17425	0.01802	0.09914	0.11299	0.01942	0.06683	0.00772	0.00613	0.00167	0.03430	0.00571	0.00456	0.00732
27	0.00811	0.00556	0.00677	0.00695	0.00716	0.00568	0.00432	0.00857	0.00883	0.01193	0.01947	0.14049	0.02212	0.56855	0.14637	0.00568	0.00681	0.00907	0.00366	0.00389
28	0.01138	0.01069	0.01762	0.50332	0.13321	0.01232	0.03975	0.01483	0.01151	0.01555	0.01048	0.01509	0.00832	0.00786	0.05169	0.00224	0.04372	0.00505	0.00270	0.08267

[dist]
# distance from previous block
# <min> <max>
0	1

[block]
# block no. 6 follows, 41 sequences, length 6
# corresponding to MSA columns:
# 542-547
name=unknown_G
#
# <colnr> <probs for GDERKNQSTAVLIFYWHMCP>
#	G	D	E	R	K	N	Q	S	T	A	V	L	I	F	Y	W	H	M	C	P
0	0.12062	0.01278	0.03869	0.04257	0.06911	0.09170	0.03828	0.01901	0.10979	0.12605	0.01739	0.07230	0.05139	0.01049	0.06132	0.00242	0.09847	0.00621	0.00420	0.00722
1	0.01758	0.01445	0.01742	0.01423	0.01678	0.09513	0.06246	0.15673	0.06691	0.14496	0.01274	0.01450	0.00981	0.00797	0.01094	0.00204	0.31809	0.00524	0.00418	0.00783
2	0.17512	0.01215	0.01274	0.03317	0.01479	0.01314	0.00847	0.24979	0.16496	0.06247	0.01489	0.01617	0.01144	0.05202	0.00643	0.00189	0.00513	0.00503	0.03689	0.10333
3	0.55178	0.16496	0.06480	0.00879	0.01301	0.01436	0.00810	0.01794	0.01085	0.08857	0.00941	0.01036	0.00719	0.00539	0.00389	0.00167	0.00506	0.00340	0.00357	0.00688
4	0.10939	0.01115	0.10202	0.00913	0.01231	0.00936	0.00819	0.14016	0.01553	0.02238	0.21472	0.03203	0.22281	0.01195	0.05213	0.00226	0.00505	0.00804	0.00494	0.00645
5	0.01422	0.09288	0.01323	0.00944	0.01245	0.01130	0.00771	0.24733	0.01887	0.07274	0.33303	0.02953	0.09508	0.00939	0.00603	0.00172	0.00436	0.00778	0.00567	0.00721

[dist]
# distance from previous block
# <min> <max>
7	42

[block]
# block no. 7 follows, 41 sequences, length 11
# corresponding to MSA columns:
# 590-600
name=unknown_H
#
# <colnr> <probs for GDERKNQSTAVLIFYWHMCP>
#	G	D	E	R	K	N	Q	S	T	A	V	L	I	F	Y	W	H	M	C	P
0	0.05224	0.36613	0.02059	0.07357	0.01625	0.06696	0.00960	0.07328	0.08750	0.06809	0.05798	0.05889	0.01352	0.00678	0.00483	0.00156	0.00585	0.00514	0.00383	0.00740
1	0.11378	0.01173	0.01427	0.01237	0.06014	0.06148	0.06261	0.02176	0.10153	0.26813	0.08335	0.01829	0.01524	0.00660	0.00540	0.00165	0.00532	0.00550	0.00508	0.12578
2	0.11389	0.01401	0.05052	0.01907	0.24869	0.06878	0.04260	0.04614	0.12913	0.16669	0.03453	0.01616	0.01202	0.00622	0.00548	0.00176	0.00611	0.00527	0.00439	0.00852
3	0.01344	0.04973	0.02000	0.29965	0.12088	0.01384	0.10697	0.10790	0.01373	0.01873	0.01057	0.01401	0.00830	0.00575	0.00651	0.00173	0.06452	0.00498	0.00313	0.11562
4	0.00859	0.00664	0.03932	0.00853	0.00976	0.00550	0.00640	0.01012	0.01148	0.05200	0.02853	0.61314	0.03275	0.01563	0.00691	0.00218	0.00376	0.05704	0.02928	0.05244
5	0.01025	0.00936	0.04890	0.09146	0.01555	0.00902	0.06591	0.07794	0.03534	0.01764	0.07813	0.16695	0.12716	0.01609	0.11613	0.04519	0.02896	0.02981	0.00427	0.00594
6	0.00972	0.00581	0.00762	0.00802	0.00917	0.00528	0.00568	0.01112	0.01248	0.12165	0.11657	0.54066	0.09336	0.01540	0.00698	0.00215	0.00343	0.01377	0.00567	0.00546
7	0.05613	0.00740	0.00918	0.00792	0.01034	0.00675	0.00607	0.01629	0.01445	0.27675	0.27204	0.03407	0.13309	0.11323	0.00917	0.00230	0.00393	0.00837	0.00592	0.00660
8	0.01546	0.01190	0.01283	0.01063	0.01398	0.01286	0.00851	0.35553	0.17264	0.02787	0.13241	0.02708	0.15523	0.00915	0.00608	0.00181	0.00478	0.00744	0.00575	0.00806
9	0.34079	0.00969	0.00962	0.00813	0.01140	0.01023	0.00660	0.08949	0.01362	0.20592	0.01493	0.01541	0.01073	0.00625	0.00441	0.00165	0.00425	0.00454	0.22515	0.00717
10	0.08659	0.04960	0.01515	0.21826	0.02113	0.01428	0.01071	0.31422	0.05384	0.02568	0.01317	0.01498	0.00982	0.00635	0.00520	0.00171	0.00589	0.00495	0.12074	0.00776

[dist]
# distance from previous block
# <min> <max>
0	2

[block]
# block no. 8 follows, 41 sequences, length 13
# corresponding to MSA columns:
# 603-615
name=unknown_I
#
# <colnr> <probs for GDERKNQSTAVLIFYWHMCP>
#	G	D	E	R	K	N	Q	S	T	A	V	L	I	F	Y	W	H	M	C	P
0	0.08721	0.40241	0.21880	0.08425	0.01952	0.01806	0.01308	0.06719	0.01261	0.01742	0.00916	0.01083	0.00741	0.00528	0.00445	0.00152	0.00673	0.00370	0.00277	0.00760
1	0.01666	0.63622	0.02727	0.01050	0.01533	0.02160	0.01002	0.17080	0.01485	0.01823	0.00917	0.01014	0.00784	0.00531	0.00410	0.00133	0.00615	0.00350	0.00314	0.00784
2	0.35328	0.01300	0.01207	0.02372	0.01419	0.09336	0.03130	0.09713	0.12885	0.09151	0.01406	0.05195	0.01112	0.00674	0.00484	0.00178	0.00541	0.00502	0.03336	0.00733
3	0.01670	0.01206	0.01325	0.01108	0.01451	0.01321	0.00884	0.26214	0.30962	0.09341	0.12053	0.02159	0.01946	0.00789	0.00581	0.00180	0.00479	0.00644	0.04824	0.00865
4	0.00882	0.00602	0.00740	0.00706	0.00870	0.00537	0.00529	0.01097	0.01482	0.07127	0.44016	0.11128	0.25602	0.01274	0.00673	0.00188	0.00296	0.01106	0.00598	0.00546
5	0.01279	0.01052	0.01574	0.47389	0.02917	0.01268	0.01325	0.08209	0.04897	0.06828	0.01371	0.08858	0.01156	0.00759	0.00719	0.00198	0.08535	0.00624	0.00356	0.00685
6	0.00933	0.00621	0.00762	0.00721	0.00902	0.00554	0.00554	0.01153	0.01487	0.08975	0.40080	0.06389	0.28315	0.01256	0.00673	0.00190	0.00312	0.04966	0.00596	0.00559
7	0.01021	0.00690	0.00975	0.00916	0.00921	0.00813	0.00665	0.00922	0.00798	0.01119	0.01083	0.01942	0.01118	0.13180	0.06368	0.47219	0.19064	0.00553	0.00266	0.00366
8	0.01674	0.62315	0.02696	0.01069	0.01538	0.08272	0.01005	0.12549	0.01426	0.01685	0.00888	0.00994	0.00770	0.00527	0.00409	0.00132	0.00648	0.00342	0.00297	0.00764
9	0.00697	0.00498	0.00664	0.00796	0.00830	0.00465	0.00531	0.00796	0.01095	0.01460	0.03153	0.79525	0.03783	0.01792	0.00730	0.00232	0.00332	0.01626	0.00531	0.00465
10	0.08336	0.00812	0.01097	0.17249	0.01682	0.00918	0.00908	0.06768	0.01215	0.01744	0.05083	0.07514	0.03160	0.06250	0.22685	0.00429	0.00837	0.12349	0.00390	0.00573
11	0.08947	0.12936	0.08847	0.08466	0.05575	0.01330	0.01083	0.09595	0.09321	0.18736	0.01686	0.06334	0.03320	0.00713	0.00534	0.00175	0.00568	0.00571	0.00456	0.00807
12	0.04424	0.08956	0.05895	0.08644	0.04558	0.06103	0.34152	0.10482	0.01478	0.05612	0.01148	0.01400	0.00863	0.00536	0.00582	0.00175	0.00806	0.00544	0.00338	0.03303

[dist]
# distance from previous block
# <min> <max>
3	19

[block]
# block no. 9 follows, 41 sequences, length 19
# corresponding to MSA columns:
# 635-653
name=unknown_J
#
# <colnr> <probs for GDERKNQSTAVLIFYWHMCP>
#	G	D	E	R	K	N	Q	S	T	A	V	L	I	F	Y	W	H	M	C	P
0	0.04126	0.01059	0.08435	0.01031	0.01402	0.00833	0.03545	0.02021	0.03676	0.36913	0.16235	0.08220	0.05967	0.00910	0.00611	0.00187	0.00476	0.02978	0.00592	0.00785
1	0.01321	0.01090	0.10883	0.01048	0.05559	0.00877	0.00870	0.08602	0.04699	0.10350	0.19207	0.02382	0.02223	0.00771	0.00536	0.00164	0.00433	0.00643	0.27638	0.00703
2	0.00838	0.08228	0.00930	0.00798	0.00946	0.00717	0.00605	0.01067	0.05413	0.01591	0.07497	0.38088	0.21978	0.01469	0.00675	0.00209	0.00369	0.07540	0.00511	0.00530
3	0.01356	0.01324	0.01927	0.17770	0.20667	0.06831	0.12249	0.04984	0.14816	0.01925	0.05850	0.01900	0.04525	0.00659	0.00594	0.00182	0.00681	0.00610	0.00376	0.00776
4	0.09275	0.39553	0.12346	0.01124	0.01620	0.10061	0.01102	0.06135	0.01349	0.11145	0.01054	0.01126	0.00822	0.00550	0.00444	0.00148	0.00659	0.00375	0.00337	0.00775
5	0.01251	0.01251	0.01752	0.01502	0.01502	0.01752	0.01251	0.01377	0.00876	0.01377	0.00751	0.01251	0.00751	0.01001	0.01877	0.00250	0.78851	0.00501	0.00250	0.00626
6	0.00970	0.00700	0.00893	0.00922	0.01064	0.00698	0.00741	0.08092	0.01444	0.01928	0.18056	0.15641	0.06579	0.07118	0.00886	0.00251	0.00448	0.32484	0.00540	0.00548
7	0.18134	0.01596	0.01496	0.01199	0.01613	0.11780	0.00975	0.43687	0.02111	0.10120	0.01280	0.01296	0.00915	0.00645	0.00522	0.00170	0.00633	0.00461	0.00505	0.00862
8	0.01739	0.01002	0.01228	0.00980	0.01370	0.00916	0.00782	0.10144	0.07361	0.29083	0.03168	0.10940	0.01582	0.00875	0.02860	0.00181	0.00491	0.00641	0.00544	0.24113
9	0.01156	0.00690	0.00889	0.00775	0.01000	0.00609	0.00599	0.01406	0.01566	0.16042	0.51347	0.03688	0.09432	0.01045	0.00637	0.00173	0.00324	0.00907	0.00614	0.07100
10	0.01487	0.08834	0.01488	0.01157	0.01506	0.01529	0.00926	0.08093	0.62916	0.02380	0.02112	0.01962	0.01593	0.00742	0.00561	0.00186	0.00481	0.00604	0.00549	0.00894
11	0.09378	0.08690	0.01313	0.00962	0.01291	0.01310	0.00788	0.22069	0.17047	0.05231	0.01636	0.01685	0.01236	0.00667	0.00484	0.00161	0.00464	0.00510	0.24302	0.00776
12	0.00789	0.00569	0.00746	0.00779	0.00881	0.00533	0.00579	0.00995	0.01388	0.01907	0.40083	0.26096	0.06934	0.04338	0.00789	0.00221	0.00334	0.10959	0.00574	0.00507
13	0.04910	0.09706	0.05874	0.06751	0.04850	0.05442	0.00985	0.05215	0.01494	0.34491	0.06581	0.01796	0.01415	0.00670	0.00531	0.00167	0.00552	0.00533	0.07221	0.00818
14	0.00885	0.00544	0.00691	0.00692	0.00713	0.00539	0.00441	0.00847	0.00912	0.01228	0.09728	0.03280	0.02149	0.42929	0.02357	0.26961	0.00504	0.03901	0.00354	0.00344
15	0.05884	0.01198	0.01338	0.01087	0.01430	0.01280	0.00871	0.38982	0.05194	0.13123	0.05943	0.06943	0.01519	0.00901	0.00717	0.07449	0.00524	0.00623	0.04185	0.00811
16	0.12029	0.04523	0.13249	0.01133	0.01551	0.11949	0.01030	0.09145	0.05537	0.10798	0.01490	0.04309	0.03845	0.00761	0.00639	0.04886	0.01993	0.01379	0.00406	0.09346
17	0.10563	0.48252	0.11827	0.01215	0.05822	0.07051	0.01128	0.01816	0.01210	0.05275	0.00918	0.01042	0.00764	0.00519	0.00419	0.00143	0.00649	0.00350	0.00285	0.00752
18	0.50875	0.01363	0.03469	0.01008	0.01368	0.10719	0.04932	0.01893	0.08272	0.04517	0.05877	0.01347	0.01091	0.00606	0.00447	0.00176	0.00549	0.00428	0.00390	0.00673

[dist]
# distance from previous block
# <min> <max>
1	22

[block]
# block no. 10 follows, 41 sequences, length 17
# corresponding to MSA columns:
# 676-692
name=unknown_K
#
# <colnr> <probs for GDERKNQSTAVLIFYWHMCP>
#	G	D	E	R	K	N	Q	S	T	A	V	L	I	F	Y	W	H	M	C	P
0	0.00968	0.00598	0.00783	0.00822	0.00920	0.00566	0.00598	0.01111	0.01202	0.09071	0.11874	0.33073	0.03305	0.17651	0.01168	0.00292	0.00422	0.14541	0.00522	0.00512
1	0.00905	0.00562	0.00700	0.00730	0.00817	0.00527	0.00500	0.01037	0.01179	0.06744	0.13789	0.37010	0.06429	0.16869	0.01105	0.00272	0.00369	0.01181	0.08781	0.00495
2	0.01825	0.01429	0.01520	0.01245	0.01641	0.01611	0.01003	0.41252	0.36429	0.03042	0.01817	0.01727	0.01332	0.00728	0.00577	0.00182	0.00547	0.00576	0.00577	0.00941
3	0.08883	0.01127	0.01291	0.01035	0.01413	0.01157	0.00842	0.24201	0.07784	0.29788	0.09227	0.01948	0.01643	0.00735	0.00554	0.00174	0.00487	0.00584	0.06262	0.00865
4	0.62738	0.01152	0.01017	0.00859	0.01238	0.01287	0.00708	0.11086	0.01280	0.12536	0.01064	0.01121	0.00770	0.00574	0.00411	0.00176	0.00472	0.00371	0.00429	0.00711
5	0.01080	0.01017	0.01716	0.78523	0.03940	0.01271	0.01589	0.01461	0.01144	0.01461	0.01017	0.01525	0.00762	0.00572	0.00572	0.00191	0.00762	0.00508	0.00254	0.00635
6	0.01529	0.80242	0.02997	0.00979	0.01468	0.02263	0.00979	0.01713	0.01162	0.01346	0.00795	0.00918	0.00734	0.00489	0.00367	0.00122	0.00612	0.00306	0.00245	0.00734
7	0.01596	0.01292	0.04032	0.17643	0.35768	0.01277	0.07303	0.06365	0.01419	0.15722	0.01306	0.01538	0.00968	0.00568	0.00577	0.00178	0.00684	0.00533	0.00373	0.00857
8	0.00898	0.00695	0.00832	0.00778	0.00953	0.00684	0.00589	0.01384	0.14250	0.02217	0.54511	0.04060	0.13671	0.01137	0.00659	0.00184	0.00304	0.00989	0.00609	0.00595
9	0.00772	0.00572	0.00725	0.00744	0.00867	0.00525	0.00557	0.00982	0.01418	0.01919	0.40173	0.21023	0.17678	0.01396	0.00698	0.00202	0.00313	0.08343	0.00580	0.00512
10	0.01800	0.02130	0.01409	0.01278	0.01532	0.54030	0.00967	0.04413	0.01577	0.01614	0.08821	0.01760	0.06671	0.00736	0.00601	0.00159	0.04410	0.00516	0.04935	0.00639
11	0.00933	0.00639	0.00783	0.00764	0.00875	0.00628	0.00534	0.01224	0.08353	0.05231	0.31536	0.18113	0.03655	0.22676	0.01281	0.00293	0.00387	0.01034	0.00533	0.00528
12	0.00981	0.00505	0.00757	0.00757	0.00764	0.00512	0.00512	0.00764	0.00757	0.01016	0.01030	0.01774	0.01023	0.02145	0.07401	0.77711	0.00568	0.00505	0.00252	0.00266
13	0.01578	0.37536	0.02088	0.07194	0.03956	0.07811	0.00973	0.04678	0.01321	0.12293	0.01449	0.14060	0.01350	0.00758	0.00499	0.00159	0.00597	0.00597	0.00377	0.00726
14	0.00855	0.00664	0.00841	0.00955	0.05095	0.00644	0.00644	0.03647	0.06344	0.01731	0.10672	0.43611	0.16281	0.01481	0.00693	0.00213	0.00364	0.04183	0.00532	0.00550
15	0.01334	0.04514	0.01652	0.38390	0.03884	0.01253	0.03719	0.10371	0.06345	0.06040	0.04754	0.04540	0.01229	0.00657	0.00563	0.00175	0.00637	0.00568	0.00377	0.08996
16	0.05974	0.14366	0.19007	0.07680	0.16654	0.06883	0.02596	0.04365	0.07352	0.03011	0.01331	0.01497	0.04345	0.00608	0.00545	0.00170	0.02023	0.00483	0.00322	0.00787

[dist]
# distance from previous block
# <min> <max>
1	65

[block]
# block no. 11 follows, 41 sequences, length 20
# corresponding to MSA columns:
# 781-800
name=unknown_L
#
# <colnr> <probs for GDERKNQSTAVLIFYWHMCP>
#	G	D	E	R	K	N	Q	S	T	A	V	L	I	F	Y	W	H	M	C	P
0	0.01095	0.00833	0.01279	0.18844	0.01848	0.00876	0.06527	0.04000	0.01239	0.08035	0.04130	0.37888	0.02365	0.01178	0.00710	0.00207	0.04008	0.01055	0.00449	0.03435
1	0.00967	0.00737	0.00966	0.09254	0.01325	0.00736	0.02337	0.07762	0.01453	0.03430	0.21390	0.20150	0.19440	0.01247	0.00667	0.00199	0.00408	0.05148	0.01808	0.00574
2	0.01434	0.01478	0.05970	0.06655	0.32024	0.01472	0.20391	0.09985	0.01406	0.01970	0.01084	0.01419	0.00868	0.00590	0.00760	0.00188	0.10622	0.00548	0.00310	0.00826
3	0.01465	0.01250	0.01317	0.01173	0.01504	0.01443	0.00916	0.07078	0.71189	0.02461	0.02274	0.02091	0.01702	0.00771	0.00581	0.00193	0.00463	0.00639	0.00581	0.00909
4	0.00855	0.00642	0.00839	0.00874	0.03864	0.00624	0.00603	0.03184	0.01422	0.01972	0.42864	0.21387	0.07894	0.07111	0.00880	0.00222	0.02560	0.01113	0.00555	0.00535
5	0.01052	0.00787	0.00961	0.00810	0.01114	0.00640	0.00615	0.01264	0.01273	0.06065	0.15735	0.21718	0.05271	0.00961	0.00565	0.00149	0.00370	0.00838	0.00469	0.39339
6	0.01069	0.00660	0.00841	0.00780	0.00961	0.00609	0.00589	0.01360	0.04868	0.13084	0.45985	0.13366	0.11206	0.01188	0.00663	0.00188	0.00320	0.01040	0.00617	0.00605
7	0.01024	0.00931	0.01194	0.01118	0.01188	0.05590	0.00880	0.01182	0.00962	0.01354	0.01414	0.09723	0.01429	0.05339	0.38217	0.00575	0.26348	0.00672	0.00312	0.00547
8	0.01147	0.02959	0.76934	0.01630	0.02476	0.01328	0.02113	0.01811	0.01208	0.01811	0.01026	0.01208	0.00725	0.00543	0.00543	0.00181	0.00845	0.00423	0.00242	0.00845
9	0.04886	0.01434	0.10735	0.04019	0.01974	0.03367	0.15711	0.07351	0.01494	0.28573	0.01500	0.01541	0.01033	0.00584	0.00558	0.00166	0.00650	0.00518	0.00462	0.13445
10	0.00754	0.00576	0.00694	0.00697	0.00841	0.00517	0.00522	0.00957	0.01424	0.01888	0.37557	0.13941	0.30747	0.01369	0.00688	0.00196	0.00299	0.05247	0.00576	0.00509
11	0.01173	0.02654	0.64393	0.01526	0.02301	0.01288	0.01894	0.01878	0.07148	0.01863	0.01130	0.01280	0.00817	0.00552	0.00536	0.00174	0.00778	0.00433	0.00277	0.07907
12	0.57349	0.01109	0.01033	0.07470	0.01426	0.01255	0.00759	0.08986	0.01230	0.09340	0.01057	0.01174	0.00780	0.00573	0.00417	0.00176	0.00484	0.00382	0.04316	0.00684
13	0.00762	0.00557	0.00728	0.00828	0.00916	0.00523	0.00620	0.00924	0.01224	0.01607	0.09693	0.44728	0.13170	0.01640	0.00734	0.00231	0.00371	0.19719	0.00538	0.00489
14	0.01052	0.00808	0.02807	0.01098	0.04759	0.00718	0.09812	0.01320	0.01433	0.08370	0.34308	0.15420	0.08534	0.01087	0.00650	0.00187	0.00418	0.00987	0.05619	0.00613
15	0.00999	0.00686	0.00854	0.00796	0.00963	0.00657	0.00606	0.07384	0.01594	0.05740	0.47806	0.10267	0.09343	0.04712	0.00772	0.00206	0.00345	0.05098	0.00595	0.00578
16	0.00756	0.00529	0.00698	0.00758	0.00827	0.00492	0.00526	0.00881	0.01238	0.01684	0.25810	0.45913	0.07472	0.01598	0.00839	0.07320	0.00325	0.01325	0.00538	0.00470
17	0.01303	0.01109	0.01319	0.01049	0.04381	0.00969	0.00803	0.08406	0.04840	0.02026	0.01100	0.01262	0.00899	0.00502	0.00534	0.00111	0.04931	0.00386	0.00365	0.63707
18	0.01546	0.06670	0.11744	0.09114	0.09764	0.01396	0.03181	0.27199	0.01769	0.03909	0.05716	0.01740	0.05394	0.00668	0.00556	0.00166	0.00624	0.00547	0.00421	0.07875
19	0.18585	0.10374	0.03032	0.05352	0.04610	0.01419	0.05419	0.16189	0.10996	0.05892	0.04337	0.01548	0.01173	0.02952	0.00574	0.00179	0.00563	0.00495	0.00426	0.05884

[dist]
# distance from previous block
# <min> <max>
1	53

[block]
# block no. 12 follows, 41 sequences, length 22
# corresponding to MSA columns:
# 854-875
name=unknown_M
#
# <colnr> <probs for GDERKNQSTAVLIFYWHMCP>
#	G	D	E	R	K	N	Q	S	T	A	V	L	I	F	Y	W	H	M	C	P
0	0.13341	0.20731	0.12185	0.04120	0.04409	0.01393	0.01068	0.07158	0.01374	0.17026	0.04985	0.04227	0.01222	0.00643	0.00492	0.00163	0.00570	0.00492	0.00412	0.03989
1	0.07203	0.00785	0.00809	0.00774	0.00978	0.03744	0.00595	0.04461	0.03853	0.04345	0.16426	0.10420	0.34385	0.01360	0.03602	0.00221	0.00418	0.04531	0.00526	0.00564
2	0.01057	0.00895	0.02756	0.03521	0.01202	0.04468	0.01778	0.01362	0.06861	0.04549	0.16089	0.08109	0.05301	0.10435	0.17450	0.00389	0.08785	0.00781	0.03635	0.00577
3	0.00793	0.00555	0.00652	0.00663	0.00713	0.00532	0.00419	0.00874	0.01069	0.01432	0.16791	0.14880	0.10253	0.45706	0.01945	0.00400	0.00441	0.01022	0.00446	0.00414
4	0.01482	0.00723	0.00959	0.00846	0.01087	0.00642	0.00652	0.01692	0.01504	0.31858	0.28057	0.18378	0.07479	0.01124	0.00646	0.00190	0.00370	0.00978	0.00636	0.00695
5	0.01246	0.01033	0.01116	0.01028	0.01290	0.01144	0.00787	0.07630	0.45948	0.02228	0.06105	0.15226	0.10728	0.01031	0.00620	0.00198	0.00419	0.00879	0.00569	0.00773
6	0.02328	0.00951	0.01250	0.00976	0.01377	0.00852	0.00800	0.06699	0.01654	0.62303	0.04970	0.02021	0.01547	0.00720	0.00561	0.00172	0.00465	0.00585	0.08855	0.00913
7	0.83938	0.01106	0.00841	0.00752	0.01106	0.01283	0.00619	0.01681	0.00973	0.02566	0.00796	0.00929	0.00619	0.00531	0.00354	0.00177	0.00442	0.00310	0.00354	0.00619
8	0.04836	0.05163	0.36763	0.04427	0.05455	0.01435	0.01561	0.18842	0.06267	0.07969	0.01267	0.01360	0.00905	0.00601	0.00543	0.00177	0.00707	0.00468	0.00383	0.00870
9	0.01518	0.01397	0.02046	0.11431	0.42795	0.06842	0.04103	0.08692	0.02527	0.04939	0.01221	0.01637	0.01009	0.00614	0.00628	0.00179	0.03735	0.03513	0.00339	0.00835
