[name]
unknown

[dist]
# distance from previous block
# <min> <max>
0	282

[block]
# block no. 0 follows, 37 sequences, length 7
# corresponding to MSA columns:
# 303-309
name=unknown_A
#
# <colnr> <probs for GDERKNQSTAVLIFYWHMCP>
#	G	D	E	R	K	N	Q	S	T	A	V	L	I	F	Y	W	H	M	C	P
0	0.00939	0.01039	0.08400	0.01156	0.01465	0.00802	0.12867	0.01230	0.01403	0.01824	0.11318	0.13366	0.31965	0.01310	0.00729	0.00217	0.00519	0.08331	0.00505	0.00615
1	0.01642	0.01376	0.01648	0.15325	0.07176	0.01576	0.01211	0.18999	0.38899	0.02642	0.01904	0.01922	0.01421	0.00749	0.00617	0.00200	0.00606	0.00622	0.00534	0.00933
2	0.02373	0.01193	0.01747	0.01306	0.01808	0.01072	0.10818	0.09086	0.01762	0.50760	0.02026	0.01882	0.01327	0.00690	0.00613	0.00181	0.00599	0.00598	0.00641	0.09519
3	0.01689	0.01269	0.01486	0.11909	0.01957	0.01422	0.01069	0.18891	0.32728	0.09278	0.02141	0.09927	0.01724	0.00885	0.00635	0.00204	0.00565	0.00741	0.00578	0.00902
4	0.01228	0.03166	0.75316	0.01745	0.02649	0.01422	0.02262	0.01939	0.01292	0.01939	0.01099	0.01292	0.00775	0.00582	0.00582	0.00194	0.00905	0.00452	0.00258	0.00905
5	0.01223	0.01099	0.01669	0.08714	0.01742	0.01414	0.05699	0.01336	0.00974	0.01424	0.00999	0.01605	0.00942	0.01575	0.09630	0.17027	0.41505	0.00560	0.00277	0.00585
6	0.01651	0.01323	0.02153	0.27735	0.25479	0.01407	0.08408	0.10183	0.01564	0.12089	0.01349	0.01640	0.00997	0.00616	0.00621	0.00193	0.00752	0.00572	0.00392	0.00876

[dist]
# distance from previous block
# <min> <max>
0	3

[block]
# block no. 1 follows, 37 sequences, length 7
# corresponding to MSA columns:
# 313-319
name=unknown_B
#
# <colnr> <probs for GDERKNQSTAVLIFYWHMCP>
#	G	D	E	R	K	N	Q	S	T	A	V	L	I	F	Y	W	H	M	C	P
0	0.01438	0.11009	0.05918	0.01441	0.01798	0.12836	0.14251	0.06990	0.07435	0.01893	0.01952	0.23969	0.01968	0.01030	0.00653	0.00202	0.00704	0.03348	0.00434	0.00730
1	0.19824	0.07181	0.01553	0.01173	0.01499	0.01340	0.07640	0.16808	0.01464	0.02285	0.01343	0.01798	0.01155	0.06575	0.25259	0.00468	0.00971	0.00555	0.00396	0.00714
2	0.56260	0.01228	0.01419	0.07986	0.01780	0.01352	0.10965	0.01913	0.01183	0.09405	0.01077	0.01249	0.00796	0.00583	0.00471	0.00193	0.00588	0.00433	0.00395	0.00724
3	0.50070	0.01105	0.01066	0.01083	0.06620	0.01226	0.00777	0.08020	0.01311	0.02585	0.07387	0.13274	0.01665	0.00846	0.00507	0.00198	0.00477	0.00649	0.00448	0.00687
4	0.01420	0.01281	0.01961	0.32462	0.24897	0.01464	0.01574	0.09507	0.07058	0.02012	0.01266	0.01647	0.01001	0.00834	0.04172	0.00235	0.05476	0.00561	0.00348	0.00823
5	0.01814	0.01614	0.07588	0.02370	0.29542	0.01539	0.07025	0.25102	0.01904	0.07997	0.04343	0.01657	0.01208	0.00667	0.00659	0.00189	0.02794	0.00582	0.00449	0.00958
6	0.22079	0.03433	0.08309	0.01481	0.09499	0.09308	0.04458	0.02208	0.02778	0.21942	0.04407	0.01599	0.01207	0.00661	0.00572	0.00184	0.02078	0.00511	0.00464	0.02822

[dist]
# distance from previous block
# <min> <max>
4	27

[block]
# block no. 2 follows, 37 sequences, length 20
# corresponding to MSA columns:
# 350-369
name=unknown_C
#
# <colnr> <probs for GDERKNQSTAVLIFYWHMCP>
#	G	D	E	R	K	N	Q	S	T	A	V	L	I	F	Y	W	H	M	C	P
0	0.05670	0.01349	0.09129	0.25619	0.02493	0.01178	0.01243	0.05996	0.03813	0.07594	0.01248	0.01483	0.00938	0.00576	0.00541	0.00160	0.00637	0.00470	0.00377	0.29484
1	0.00752	0.00538	0.00716	0.00848	0.00889	0.00501	0.00569	0.00868	0.01202	0.01610	0.07134	0.74193	0.04140	0.01882	0.00778	0.00246	0.00352	0.01707	0.00574	0.00501
2	0.01455	0.01113	0.01310	0.00947	0.01482	0.00874	0.00762	0.05000	0.01389	0.08835	0.01228	0.01354	0.00969	0.00495	0.00476	0.00104	0.00470	0.00395	0.00411	0.70931
3	0.00890	0.00593	0.00668	0.00668	0.00668	0.00593	0.00371	0.00890	0.00890	0.01187	0.01929	0.04006	0.02225	0.78487	0.03116	0.00593	0.00593	0.00890	0.00371	0.00371
4	0.01812	0.45290	0.09016	0.01344	0.03754	0.21705	0.01219	0.06416	0.01483	0.01665	0.00944	0.01086	0.00806	0.00571	0.00471	0.00148	0.00798	0.00376	0.00299	0.00797
5	0.01227	0.00714	0.00778	0.00726	0.00872	0.00781	0.00564	0.05319	0.01334	0.02283	0.01842	0.02138	0.01459	0.00752	0.00605	0.00158	0.08451	0.00566	0.68823	0.00607
6	0.01141	0.00571	0.00571	0.00571	0.00713	0.00571	0.00428	0.01426	0.01284	0.02282	0.01997	0.02282	0.01569	0.00713	0.00428	0.00143	0.00285	0.00571	0.81886	0.00571
7	0.02537	0.01063	0.01376	0.01069	0.01510	0.00969	0.00878	0.10026	0.01820	0.60205	0.02274	0.02041	0.01472	0.00751	0.00596	0.00184	0.00512	0.00604	0.09121	0.00993
8	0.00748	0.00576	0.00687	0.00772	0.00881	0.00515	0.00546	0.00882	0.01273	0.01612	0.04507	0.45666	0.32381	0.01759	0.00761	0.00233	0.00347	0.04779	0.00568	0.00508
9	0.05153	0.01592	0.01616	0.01328	0.01748	0.05236	0.01068	0.38995	0.30814	0.03188	0.01826	0.01757	0.01343	0.00761	0.00605	0.00192	0.00611	0.00591	0.00593	0.00982
10	0.00761	0.00539	0.00706	0.00833	0.00865	0.00507	0.00548	0.00856	0.01143	0.01524	0.03225	0.70437	0.03860	0.09825	0.01022	0.00284	0.00380	0.01652	0.00548	0.00484
11	0.08979	0.01365	0.01644	0.07334	0.05716	0.11899	0.12241	0.02011	0.14056	0.03602	0.06332	0.08248	0.01745	0.00815	0.00606	0.00193	0.00654	0.02202	0.09614	0.00743
12	0.01273	0.01101	0.01342	0.04812	0.04265	0.00867	0.00816	0.01555	0.01272	0.01973	0.01090	0.01296	0.00904	0.00465	0.00467	0.00100	0.00481	0.00378	0.00356	0.75186
13	0.00891	0.00608	0.00757	0.00752	0.00791	0.00627	0.00484	0.00958	0.00994	0.01364	0.09313	0.03637	0.02398	0.51615	0.18756	0.03602	0.00788	0.00848	0.00389	0.00427
14	0.01406	0.07382	0.24692	0.01700	0.10240	0.01478	0.04489	0.07298	0.17463	0.02231	0.10306	0.01944	0.01675	0.00741	0.00671	0.00194	0.04185	0.00609	0.00423	0.00874
15	0.01911	0.09997	0.05496	0.01408	0.01800	0.24902	0.01170	0.16890	0.21317	0.02284	0.01461	0.01509	0.01133	0.00719	0.00655	0.00182	0.05342	0.00512	0.00448	0.00863
16	0.09733	0.01097	0.01236	0.00901	0.01426	0.00876	0.00724	0.01610	0.01260	0.04184	0.01102	0.01264	0.00899	0.00474	0.00450	0.00104	0.00457	0.00367	0.00376	0.71460
17	0.00931	0.00643	0.00830	0.00798	0.00956	0.00595	0.00615	0.01208	0.01663	0.04391	0.58080	0.04753	0.10116	0.01285	0.00722	0.00201	0.00324	0.08024	0.03281	0.00585
18	0.01349	0.00670	0.00792	0.00773	0.00963	0.00645	0.00617	0.01618	0.01377	0.13767	0.02366	0.06609	0.02050	0.00964	0.00554	0.00182	0.00380	0.14108	0.49573	0.00641
19	0.01659	0.01324	0.01424	0.05250	0.01727	0.03948	0.01004	0.07803	0.52657	0.09030	0.02328	0.05603	0.01787	0.00849	0.00626	0.00204	0.00533	0.00706	0.00603	0.00935

[dist]
# distance from previous block
# <min> <max>
1	19

[block]
# block no. 3 follows, 37 sequences, length 40
# corresponding to MSA columns:
# 389-428
name=unknown_D
#
# <colnr> <probs for GDERKNQSTAVLIFYWHMCP>
#	G	D	E	R	K	N	Q	S	T	A	V	L	I	F	Y	W	H	M	C	P
0	0.01576	0.18073	0.28518	0.06239	0.02309	0.10888	0.07219	0.10755	0.01529	0.01976	0.01111	0.01330	0.00863	0.00780	0.04109	0.00214	0.00888	0.00469	0.00319	0.00836
1	0.82811	0.01184	0.00900	0.00805	0.01184	0.01373	0.00663	0.01799	0.01042	0.02746	0.00852	0.00994	0.00663	0.00568	0.00379	0.00189	0.00474	0.00331	0.00379	0.00663
2	0.01038	0.00846	0.01103	0.01008	0.01124	0.00969	0.00796	0.01233	0.01322	0.04094	0.23272	0.08166	0.19055	0.01467	0.05534	0.00266	0.23546	0.00954	0.03608	0.00599
3	0.00779	0.00581	0.00726	0.00777	0.00883	0.00527	0.00549	0.00954	0.01397	0.01865	0.26538	0.39502	0.19423	0.01628	0.00750	0.00222	0.00325	0.01444	0.00602	0.00527
4	0.00888	0.00603	0.00715	0.00715	0.00731	0.00619	0.00429	0.00920	0.00904	0.01222	0.01886	0.03768	0.02122	0.67529	0.13933	0.00651	0.00749	0.00855	0.00365	0.00397
5	0.01599	0.60531	0.16503	0.01197	0.01789	0.02207	0.01279	0.05789	0.01344	0.01667	0.00931	0.01067	0.00798	0.00546	0.00440	0.00146	0.00702	0.00363	0.00281	0.00822
6	0.05926	0.01099	0.01097	0.01131	0.05513	0.12284	0.00797	0.01579	0.01421	0.13143	0.05805	0.21585	0.17029	0.01279	0.00735	0.03167	0.00530	0.04700	0.00526	0.00654
7	0.01443	0.01846	0.25903	0.01493	0.06160	0.01303	0.01406	0.20201	0.05113	0.02426	0.04380	0.14881	0.01762	0.00920	0.00635	0.00198	0.00659	0.03440	0.00456	0.05374
8	0.05142	0.05979	0.05881	0.01419	0.01875	0.14470	0.08326	0.10831	0.01723	0.31013	0.01610	0.01605	0.01116	0.00698	0.00678	0.00187	0.05487	0.00540	0.00518	0.00903
9	0.00762	0.00602	0.00688	0.00708	0.00861	0.00527	0.00515	0.00938	0.01424	0.01823	0.21691	0.22008	0.42155	0.01563	0.00736	0.00213	0.00315	0.01350	0.00593	0.00527
10	0.00975	0.00669	0.00842	0.00838	0.00992	0.00634	0.00629	0.01246	0.04474	0.06486	0.28095	0.18530	0.16004	0.05309	0.05284	0.00279	0.00445	0.07089	0.00595	0.00584
11	0.01253	0.01267	0.07559	0.01205	0.05891	0.00914	0.03920	0.01575	0.01313	0.02009	0.05686	0.02927	0.01261	0.00549	0.00507	0.00119	0.00519	0.00468	0.00371	0.60689
12	0.00898	0.00667	0.00934	0.00923	0.00998	0.00764	0.00681	0.01053	0.00956	0.01359	0.01684	0.02801	0.01691	0.24779	0.52879	0.00846	0.04531	0.00715	0.00337	0.00503
13	0.01175	0.00842	0.00992	0.00971	0.01140	0.00742	0.00695	0.01309	0.01717	0.04357	0.42179	0.18857	0.19156	0.01587	0.00848	0.00259	0.00422	0.01315	0.00719	0.00718
14	0.01357	0.01316	0.02093	0.09072	0.40376	0.05306	0.08145	0.01681	0.01371	0.01851	0.01664	0.13544	0.01635	0.00862	0.00662	0.00204	0.00713	0.06975	0.00365	0.00810
15	0.01587	0.05443	0.25129	0.02595	0.35669	0.04304	0.04013	0.03878	0.01441	0.08380	0.01235	0.01459	0.00942	0.00582	0.00591	0.00184	0.00784	0.00513	0.00336	0.00935
16	0.01513	0.01627	0.01843	0.03957	0.04103	0.16384	0.01322	0.01670	0.01119	0.01497	0.00874	0.01336	0.00825	0.01046	0.03583	0.00260	0.55566	0.00512	0.00280	0.00684
17	0.22356	0.01519	0.03963	0.02389	0.32724	0.04614	0.07716	0.07283	0.01394	0.02262	0.01067	0.01352	0.00866	0.00613	0.00677	0.00193	0.07326	0.00497	0.00343	0.00845
18	0.01373	0.01063	0.01465	0.01570	0.14985	0.01060	0.04873	0.07973	0.11547	0.08519	0.11726	0.06334	0.17693	0.01056	0.00680	0.00204	0.00519	0.06033	0.00545	0.00782
19	0.01936	0.24066	0.01994	0.01256	0.01627	0.34864	0.01030	0.10637	0.01667	0.01884	0.01138	0.01288	0.00934	0.00625	0.00496	0.00151	0.00802	0.00420	0.12432	0.00751
20	0.01269	0.01088	0.01269	0.00907	0.01451	0.00816	0.00725	0.01541	0.01269	0.01995	0.01088	0.01269	0.00907	0.00453	0.00453	0.00091	0.00453	0.00363	0.00363	0.82229
21	0.01177	0.00859	0.00959	0.00870	0.01075	0.04813	0.00664	0.04212	0.06077	0.07396	0.50767	0.03884	0.07831	0.01121	0.00678	0.00189	0.00376	0.00965	0.05431	0.00655
22	0.01541	0.01281	0.01379	0.01228	0.01561	0.01466	0.00959	0.11812	0.56042	0.02599	0.02358	0.06403	0.01864	0.01112	0.05310	0.00255	0.00573	0.00730	0.00600	0.00926
23	0.77757	0.01193	0.00960	0.00855	0.01210	0.01404	0.00705	0.01779	0.01035	0.02667	0.00849	0.01016	0.00672	0.00599	0.00480	0.00194	0.05244	0.00344	0.00372	0.00663
24	0.01547	0.04054	0.12372	0.02232	0.27058	0.07981	0.05478	0.01996	0.06520	0.08255	0.05466	0.07583	0.01519	0.00763	0.00687	0.00193	0.04379	0.00660	0.00398	0.00858
25	0.01572	0.01214	0.01603	0.05681	0.15839	0.01106	0.01069	0.10056	0.02671	0.09551	0.03944	0.01577	0.01181	0.00578	0.00539	0.00141	0.00553	0.00487	0.00430	0.40207
26	0.00883	0.00585	0.00779	0.00896	0.00973	0.00555	0.00651	0.01039	0.01244	0.04125	0.03232	0.57195	0.03711	0.01762	0.00767	0.00247	0.00397	0.14904	0.05522	0.00533
27	0.10558	0.01209	0.01406	0.05541	0.07362	0.04696	0.01017	0.05126	0.18267	0.23042	0.03352	0.04779	0.03285	0.00865	0.00617	0.00202	0.00563	0.06679	0.00568	0.00865
28	0.01282	0.00976	0.01163	0.08650	0.01536	0.02258	0.00852	0.11291	0.13303	0.05733	0.15884	0.22418	0.08044	0.01192	0.00682	0.00208	0.00473	0.01034	0.00573	0.02449
29	0.01476	0.05824	0.11232	0.18260	0.41714	0.01518	0.01788	0.07340	0.01454	0.02017	0.01140	0.01479	0.00910	0.00577	0.00593	0.00185	0.00759	0.00522	0.00313	0.00898
30	0.01535	0.57542	0.20008	0.01338	0.05263	0.02143	0.01370	0.01860	0.01262	0.01583	0.00923	0.01079	0.00792	0.00538	0.00447	0.00148	0.00716	0.00367	0.00263	0.00822
31	0.00749	0.00556	0.00699	0.00802	0.00878	0.00506	0.00549	0.00877	0.01251	0.01637	0.08398	0.59352	0.17904	0.01804	0.00766	0.00237	0.00342	0.01613	0.00575	0.00506
32	0.00772	0.00614	0.00680	0.00676	0.00844	0.00536	0.00495	0.00949	0.01439	0.01828	0.23438	0.09988	0.47939	0.06026	0.00868	0.00228	0.00324	0.01249	0.00584	0.00523
33	0.01420	0.01341	0.01995	0.22748	0.15210	0.03415	0.10512	0.04752	0.14997	0.02037	0.01394	0.01656	0.01079	0.00608	0.00599	0.00180	0.00708	0.00561	0.00378	0.14411
34	0.00753	0.00538	0.00717	0.00847	0.00889	0.00502	0.00569	0.00870	0.01205	0.01615	0.07553	0.73759	0.04150	0.01879	0.00778	0.00245	0.00351	0.01703	0.00574	0.00502
35	0.01680	0.01893	0.01960	0.09965	0.07496	0.27721	0.06130	0.01971	0.04790	0.01615	0.01020	0.01368	0.00871	0.00780	0.01091	0.00209	0.27894	0.00508	0.00307	0.00732
36	0.00952	0.00650	0.00844	0.00920	0.01007	0.00646	0.00718	0.01100	0.01193	0.01569	0.02748	0.05473	0.05581	0.27627	0.01694	0.05462	0.00556	0.38524	0.02256	0.00478
37	0.01767	0.13164	0.03992	0.02537	0.01593	0.01463	0.01033	0.20114	0.01705	0.15814	0.01907	0.08918	0.05450	0.01224	0.07195	0.00263	0.09856	0.00684	0.00497	0.00825
38	0.01469	0.01407	0.02401	0.13206	0.65582	0.01442	0.01856	0.01838	0.01372	0.01944	0.01143	0.01530	0.00950	0.00554	0.00607	0.00185	0.00739	0.00545	0.00299	0.00932
39	0.02069	0.13180	0.08744	0.01501	0.01906	0.53664	0.01255	0.04522	0.04677	0.01649	0.01028	0.01166	0.00840	0.00623	0.00538	0.00160	0.00985	0.00408	0.00325	0.00759

[dist]
# distance from previous block
# <min> <max>
0	2

[block]
# block no. 4 follows, 37 sequences, length 16
# corresponding to MSA columns:
# 431-446
name=unknown_E
#
# <colnr> <probs for GDERKNQSTAVLIFYWHMCP>
#	G	D	E	R	K	N	Q	S	T	A	V	L	I	F	Y	W	H	M	C	P
0	0.01533	0.19931	0.30903	0.01744	0.05243	0.06735	0.13065	0.07320	0.04380	0.01971	0.01141	0.01329	0.00875	0.00581	0.00564	0.00178	0.00840	0.00484	0.00314	0.00867
1	0.72942	0.01297	0.01052	0.01046	0.06170	0.05454	0.00773	0.01840	0.01103	0.02628	0.00878	0.01035	0.00690	0.00570	0.00404	0.00187	0.00525	0.00349	0.00370	0.00686
2	0.01422	0.09182	0.39426	0.08297	0.13722	0.01499	0.06488	0.01944	0.01327	0.06762	0.01171	0.01405	0.00870	0.00597	0.00630	0.00190	0.03386	0.00494	0.00304	0.00881
3	0.00972	0.00576	0.00851	0.00861	0.00900	0.00610	0.00609	0.00904	0.00890	0.01223	0.01445	0.07425	0.01464	0.05164	0.27326	0.46523	0.00897	0.00669	0.00311	0.00380
4	0.01389	0.01139	0.01679	0.01394	0.01590	0.01307	0.11729	0.01801	0.11916	0.08691	0.01663	0.02510	0.01525	0.20392	0.01702	0.00324	0.24412	0.03729	0.00413	0.00694
5	0.01141	0.00571	0.00571	0.00571	0.00713	0.00571	0.00428	0.01426	0.01284	0.02282	0.01997	0.02282	0.01569	0.00713	0.00428	0.00143	0.00285	0.00571	0.81886	0.00571
6	0.01269	0.01088	0.01269	0.00907	0.01451	0.00816	0.00725	0.01541	0.01269	0.01995	0.01088	0.01269	0.00907	0.00453	0.00453	0.00091	0.00453	0.00363	0.00363	0.82229
7	0.00841	0.00625	0.00783	0.00744	0.00899	0.00567	0.00558	0.01107	0.01674	0.02314	0.62390	0.04804	0.17819	0.01304	0.00722	0.00195	0.00293	0.01139	0.00655	0.00567
8	0.01266	0.01057	0.01162	0.01116	0.01359	0.01184	0.00837	0.02460	0.49667	0.02231	0.02783	0.27306	0.02588	0.01189	0.00675	0.00221	0.00442	0.01038	0.00605	0.00813
9	0.06636	0.00971	0.01034	0.01002	0.01157	0.07853	0.00771	0.01485	0.06963	0.01716	0.01760	0.02676	0.01648	0.11557	0.31263	0.00561	0.04346	0.06328	0.09681	0.00592
10	0.01473	0.01411	0.02409	0.12340	0.66415	0.01443	0.01858	0.01842	0.01374	0.01949	0.01144	0.01529	0.00952	0.00553	0.00607	0.00184	0.00738	0.00545	0.00299	0.00936
11	0.01194	0.00963	0.04226	0.06088	0.01484	0.00825	0.03650	0.04439	0.01626	0.07675	0.40243	0.03234	0.05135	0.00954	0.00647	0.00175	0.00443	0.00835	0.00560	0.15603
12	0.00890	0.00593	0.00668	0.00668	0.00668	0.00593	0.00371	0.00890	0.00890	0.01187	0.01929	0.04006	0.02225	0.78487	0.03116	0.00593	0.00593	0.00890	0.00371	0.00371
13	0.01582	0.01407	0.01402	0.01257	0.01590	0.06992	0.00976	0.07908	0.57749	0.02492	0.02303	0.04872	0.01795	0.00999	0.03654	0.00235	0.00585	0.00696	0.00586	0.00921
14	0.01977	0.33684	0.02375	0.01355	0.01781	0.37632	0.03711	0.02170	0.01509	0.04618	0.00985	0.01121	0.00827	0.00582	0.00493	0.00148	0.00872	0.00387	0.00314	0.03459
15	0.01717	0.01657	0.01557	0.03945	0.01653	0.20745	0.01063	0.19745	0.01709	0.02134	0.07192	0.01952	0.01469	0.10333	0.04476	0.00280	0.16631	0.00598	0.00416	0.00726

[dist]
# distance from previous block
# <min> <max>
0	1

[block]
# block no. 5 follows, 37 sequences, length 8
# corresponding to MSA columns:
# 448-455
name=unknown_F
#
# <colnr> <probs for GDERKNQSTAVLIFYWHMCP>
#	G	D	E	R	K	N	Q	S	T	A	V	L	I	F	Y	W	H	M	C	P
0	0.01877	0.01491	0.01584	0.01317	0.01727	0.01688	0.01055	0.33858	0.42380	0.03133	0.02041	0.01925	0.01503	0.00788	0.00618	0.00197	0.00568	0.00630	0.00618	0.01001
1	0.01512	0.01499	0.02318	0.10439	0.56420	0.06118	0.01767	0.01845	0.01355	0.01877	0.01099	0.01484	0.00928	0.00607	0.00737	0.00191	0.08076	0.00535	0.00297	0.00897
2	0.00775	0.00622	0.00691	0.00674	0.00858	0.00539	0.00505	0.00977	0.01516	0.01940	0.30565	0.05420	0.49878	0.01443	0.00723	0.00202	0.00302	0.01226	0.00606	0.00539
3	0.01523	0.00780	0.01001	0.00876	0.01128	0.00721	0.00681	0.01855	0.05196	0.25522	0.34675	0.07993	0.03608	0.01050	0.00651	0.00190	0.00376	0.00905	0.10531	0.00739
4	0.02284	0.00931	0.01243	0.01005	0.01380	0.00824	0.00813	0.02509	0.01623	0.55961	0.05430	0.02666	0.01884	0.07487	0.00835	0.00227	0.00503	0.04990	0.06504	0.00901
5	0.00783	0.00622	0.00703	0.00683	0.00864	0.00542	0.00512	0.00994	0.01537	0.01989	0.34731	0.05339	0.45681	0.01425	0.00723	0.00201	0.00301	0.01214	0.00613	0.00542
6	0.04600	0.01113	0.01619	0.16517	0.17399	0.01132	0.01212	0.07106	0.01587	0.24561	0.08753	0.05854	0.04255	0.00807	0.00626	0.00194	0.00594	0.00697	0.00519	0.00854
7	0.01609	0.06215	0.01695	0.01295	0.01698	0.06064	0.06095	0.09319	0.32304	0.04742	0.05361	0.01913	0.01573	0.00733	0.00637	0.00179	0.03311	0.00598	0.00510	0.14151

[dist]
# distance from previous block
# <min> <max>
0	5

[block]
# block no. 6 follows, 37 sequences, length 30
# corresponding to MSA columns:
# 461-490
name=unknown_G
#
# <colnr> <probs for GDERKNQSTAVLIFYWHMCP>
#	G	D	E	R	K	N	Q	S	T	A	V	L	I	F	Y	W	H	M	C	P
0	0.01738	0.01752	0.13736	0.01382	0.01867	0.01629	0.01246	0.25852	0.38388	0.02885	0.01925	0.01852	0.01416	0.00758	0.00613	0.00197	0.00616	0.00606	0.00559	0.00982
1	0.61733	0.01146	0.01037	0.00880	0.01284	0.01249	0.00725	0.02111	0.01229	0.21793	0.01264	0.01281	0.00887	0.00618	0.00441	0.00189	0.00486	0.00406	0.00479	0.00763
2	0.02164	0.02706	0.01666	0.01518	0.01822	0.68229	0.01140	0.02387	0.04417	0.01570	0.03619	0.01311	0.01028	0.00783	0.02897	0.00186	0.01068	0.00439	0.00340	0.00710
3	0.00898	0.00659	0.00846	0.00793	0.00947	0.00623	0.00596	0.01256	0.05202	0.02460	0.70875	0.04462	0.05587	0.01231	0.00717	0.00193	0.00298	0.01087	0.00671	0.00596
4	0.00877	0.00628	0.00850	0.00854	0.00918	0.00690	0.00602	0.01006	0.00951	0.01331	0.01799	0.04958	0.01872	0.34082	0.44981	0.00809	0.01189	0.00777	0.00351	0.00475
5	0.02215	0.01297	0.01485	0.01173	0.01588	0.01345	0.00956	0.38240	0.02235	0.25280	0.01933	0.06068	0.01422	0.00806	0.00599	0.00184	0.00559	0.00640	0.11026	0.00951
6	0.01074	0.00823	0.01248	0.06980	0.04947	0.00953	0.02300	0.01294	0.01056	0.05054	0.01552	0.02312	0.01429	0.09877	0.48378	0.00732	0.08396	0.00650	0.00341	0.00603
7	0.01367	0.23292	0.53994	0.01554	0.02341	0.03859	0.01907	0.01925	0.01292	0.01793	0.01028	0.01204	0.00778	0.00568	0.00530	0.00176	0.00844	0.00417	0.00261	0.00867
8	0.02620	0.01073	0.01409	0.01088	0.01544	0.00967	0.00896	0.08915	0.01823	0.64843	0.02310	0.02042	0.01477	0.00753	0.00605	0.00186	0.00521	0.00607	0.05306	0.01015
9	0.00842	0.00630	0.00799	0.00787	0.00929	0.00596	0.00584	0.01108	0.03080	0.02104	0.44885	0.14132	0.16589	0.01709	0.08170	0.00281	0.00439	0.01167	0.00607	0.00562
10	0.02743	0.11607	0.26280	0.06299	0.13216	0.04379	0.01623	0.05369	0.01325	0.01856	0.01188	0.05583	0.01032	0.00863	0.03434	0.00224	0.11308	0.00547	0.00310	0.00815
11	0.03189	0.07357	0.63958	0.01671	0.02498	0.07165	0.02075	0.01968	0.01318	0.01895	0.01067	0.01254	0.00774	0.00582	0.00564	0.00187	0.00896	0.00438	0.00266	0.00878
12	0.00746	0.00533	0.00710	0.00852	0.00888	0.00497	0.00568	0.00852	0.01172	0.01563	0.03374	0.78088	0.04049	0.01918	0.00781	0.00249	0.00355	0.01740	0.00568	0.00497
13	0.01993	0.02316	0.01437	0.01319	0.01590	0.56705	0.00989	0.02184	0.01619	0.01699	0.01215	0.01406	0.00988	0.00652	0.00520	0.00154	0.00894	0.00439	0.21206	0.00674
14	0.00830	0.00621	0.00687	0.00694	0.00859	0.00545	0.00501	0.00973	0.01331	0.04392	0.08323	0.16287	0.48822	0.09273	0.02861	0.00270	0.00385	0.01269	0.00555	0.00523
15	0.01503	0.01338	0.02248	0.08023	0.60475	0.01344	0.01712	0.01843	0.01386	0.06048	0.01388	0.07392	0.01225	0.00666	0.00620	0.00189	0.00693	0.00640	0.00347	0.00919
16	0.03962	0.01145	0.01573	0.13947	0.02075	0.01067	0.05011	0.05912	0.03233	0.27694	0.01609	0.01665	0.01130	0.00617	0.00563	0.00161	0.00584	0.00519	0.00503	0.27029
17	0.04484	0.05212	0.02315	0.11666	0.53505	0.08679	0.01708	0.01892	0.01388	0.01902	0.01099	0.01445	0.00915	0.00561	0.00583	0.00180	0.00761	0.00513	0.00301	0.00892
18	0.02027	0.06056	0.01787	0.01576	0.05309	0.53441	0.03694	0.05471	0.01716	0.01756	0.06633	0.01476	0.01232	0.00674	0.00563	0.00162	0.00940	0.00480	0.04280	0.00729
19	0.00978	0.00583	0.00831	0.00846	0.00865	0.00609	0.00580	0.00876	0.00900	0.01221	0.01620	0.15824	0.01758	0.09821	0.10549	0.47103	0.03536	0.00798	0.00338	0.00365
20	0.01345	0.01401	0.10332	0.07138	0.05228	0.04409	0.01172	0.02139	0.25869	0.04623	0.04657	0.06778	0.01810	0.04964	0.07368	0.00296	0.05854	0.03365	0.00464	0.00787
21	0.01616	0.74988	0.06892	0.01083	0.01626	0.02371	0.01109	0.01838	0.01246	0.01466	0.00864	0.00998	0.00785	0.00527	0.00402	0.00134	0.00667	0.00334	0.00262	0.00792
22	0.00786	0.00575	0.00753	0.00856	0.00931	0.00521	0.00580	0.00905	0.01179	0.01596	0.03200	0.72231	0.03809	0.01806	0.00756	0.00237	0.00363	0.01635	0.00553	0.06728
23	0.00886	0.00704	0.00813	0.00845	0.01010	0.00680	0.00634	0.01277	0.11593	0.01850	0.10823	0.25617	0.30134	0.01540	0.00739	0.00226	0.00374	0.09084	0.00585	0.00586
24	0.01766	0.22561	0.02001	0.01235	0.01667	0.01867	0.01042	0.21192	0.35174	0.02598	0.01774	0.01714	0.01355	0.00722	0.00557	0.00180	0.00581	0.00555	0.00522	0.00938
25	0.69004	0.01334	0.01033	0.00906	0.01290	0.07067	0.00738	0.05262	0.01216	0.06186	0.00964	0.01078	0.00731	0.00590	0.00414	0.00187	0.00533	0.00360	0.00403	0.00703
26	0.01349	0.07658	0.22990	0.01443	0.01941	0.01303	0.10868	0.02044	0.16643	0.06543	0.04239	0.12707	0.01777	0.04824	0.00759	0.00221	0.00676	0.00767	0.00437	0.00811
27	0.01549	0.01481	0.08812	0.04959	0.25518	0.01234	0.06790	0.06561	0.01471	0.08272	0.01258	0.01476	0.00973	0.00550	0.00565	0.00157	0.00662	0.00498	0.00376	0.26835
28	0.00890	0.00593	0.00668	0.00668	0.00668	0.00593	0.00371	0.00890	0.00890	0.01187	0.01929	0.04006	0.02225	0.78487	0.03116	0.00593	0.00593	0.00890	0.00371	0.00371
29	0.01866	0.01459	0.02077	0.05983	0.30817	0.03764	0.05717	0.15330	0.10296	0.14109	0.01568	0.01690	0.01162	0.00652	0.00616	0.00188	0.00690	0.00581	0.00471	0.00964

[dist]
# distance from previous block
# <min> <max>
0	1

[block]
# block no. 7 follows, 37 sequences, length 14
# corresponding to MSA columns:
# 492-505
name=unknown_H
#
# <colnr> <probs for GDERKNQSTAVLIFYWHMCP>
#	G	D	E	R	K	N	Q	S	T	A	V	L	I	F	Y	W	H	M	C	P
0	0.16856	0.01249	0.01910	0.34037	0.31004	0.01399	0.01572	0.01731	0.01255	0.01959	0.01068	0.01465	0.00846	0.00578	0.00565	0.00193	0.00716	0.00504	0.00304	0.00789
1	0.01633	0.06158	0.04924	0.19874	0.28038	0.03360	0.01533	0.11837	0.05704	0.07407	0.01424	0.01657	0.02478	0.00641	0.00597	0.00187	0.00715	0.00554	0.00391	0.00888
2	0.01559	0.64432	0.16949	0.01180	0.01777	0.02231	0.01279	0.01853	0.01253	0.01535	0.00898	0.01041	0.00784	0.00535	0.00429	0.00143	0.00702	0.00351	0.00261	0.00808
3	0.01145	0.00693	0.00828	0.00767	0.00994	0.00602	0.00584	0.01343	0.01522	0.15830	0.21422	0.11712	0.37511	0.01363	0.00708	0.00204	0.00349	0.01162	0.00630	0.00629
4	0.00742	0.00616	0.00649	0.00651	0.00841	0.00523	0.00484	0.00911	0.01424	0.01746	0.14307	0.09651	0.62280	0.01534	0.00726	0.00207	0.00310	0.01294	0.00581	0.00523
5	0.00949	0.00762	0.00890	0.00931	0.04554	0.00724	0.00665	0.03984	0.07544	0.01937	0.15145	0.06894	0.40975	0.01412	0.00792	0.03944	0.00386	0.06352	0.00564	0.00598
6	0.00896	0.00694	0.00833	0.00901	0.01017	0.00697	0.00634	0.01323	0.15009	0.01792	0.05908	0.53803	0.10844	0.01651	0.00743	0.00235	0.00373	0.01473	0.00582	0.00592
7	0.01400	0.01550	0.02598	0.01999	0.02387	0.10443	0.40566	0.01743	0.01360	0.01763	0.01552	0.16109	0.01489	0.00871	0.00885	0.00217	0.11134	0.00851	0.00354	0.00728
8	0.01580	0.64084	0.02954	0.01154	0.01578	0.02318	0.01103	0.01764	0.01185	0.01446	0.00842	0.01050	0.00789	0.00628	0.00701	0.00157	0.15273	0.00367	0.00263	0.00763
9	0.01492	0.01210	0.01379	0.01015	0.01529	0.01051	0.00818	0.17657	0.01654	0.02437	0.04300	0.01456	0.01145	0.00551	0.00501	0.00116	0.00496	0.00437	0.00433	0.60322
10	0.07555	0.12656	0.08871	0.01437	0.01955	0.03678	0.12348	0.12255	0.04496	0.24485	0.01565	0.01585	0.01100	0.00661	0.00614	0.00185	0.02610	0.00542	0.00493	0.00911
11	0.01693	0.47554	0.02661	0.01348	0.04270	0.15602	0.01157	0.01877	0.01280	0.01477	0.00870	0.01091	0.00796	0.00648	0.00737	0.00164	0.15357	0.00387	0.00274	0.00756
12	0.01575	0.01275	0.07722	0.01353	0.08023	0.01119	0.01033	0.18389	0.02915	0.11213	0.01939	0.14893	0.01808	0.09845	0.02175	0.00250	0.00601	0.03317	0.00502	0.10056
13	0.04373	0.09444	0.13783	0.01639	0.02216	0.01554	0.19723	0.16548	0.05928	0.16467	0.01513	0.01592	0.01073	0.00638	0.00608	0.00189	0.00754	0.00572	0.00465	0.00923

[dist]
# distance from previous block
# <min> <max>
0	7

[block]
# block no. 8 follows, 37 sequences, length 16
# corresponding to MSA columns:
# 513-528
name=unknown_I
#
# <colnr> <probs for GDERKNQSTAVLIFYWHMCP>
#	G	D	E	R	K	N	Q	S	T	A	V	L	I	F	Y	W	H	M	C	P
0	0.13835	0.01422	0.01514	0.21539	0.06542	0.14879	0.01190	0.06321	0.01418	0.03239	0.04153	0.10018	0.01472	0.00858	0.00695	0.00203	0.06079	0.03536	0.00388	0.00701
1	0.01145	0.01059	0.01765	0.65307	0.07554	0.01284	0.01593	0.01538	0.01285	0.01679	0.08665	0.01930	0.01337	0.00675	0.00623	0.00202	0.00757	0.00602	0.00315	0.00685
2	0.01562	0.51241	0.24345	0.01290	0.01911	0.07284	0.01415	0.01907	0.01292	0.01591	0.00931	0.01082	0.00783	0.00548	0.00460	0.00151	0.00760	0.00369	0.00265	0.00815
3	0.09296	0.00684	0.00719	0.00701	0.00906	0.00627	0.00529	0.01087	0.01426	0.03833	0.20291	0.10086	0.44902	0.01389	0.00689	0.00204	0.00331	0.01166	0.00577	0.00557
4	0.01871	0.10466	0.09940	0.01420	0.03463	0.12592	0.04141	0.21363	0.08328	0.07576	0.03711	0.01545	0.01185	0.00663	0.00568	0.00169	0.00714	0.00515	0.00459	0.09311
5	0.01895	0.02193	0.01902	0.09414	0.10267	0.42029	0.06249	0.04432	0.04318	0.01760	0.01093	0.01314	0.00882	0.00604	0.00570	0.00164	0.00924	0.00462	0.00335	0.09192
6	0.00881	0.00589	0.00670	0.00680	0.00682	0.00587	0.00384	0.00888	0.00909	0.01211	0.02023	0.08828	0.02344	0.73503	0.02964	0.00571	0.00578	0.00946	0.00384	0.00379
7	0.01246	0.01517	0.19471	0.01812	0.17806	0.01124	0.03645	0.01604	0.01319	0.04795	0.13709	0.02160	0.01849	0.01321	0.10051	0.05661	0.05766	0.00640	0.03750	0.00752
8	0.05295	0.01281	0.01699	0.01470	0.01524	0.01732	0.01206	0.01636	0.08448	0.01629	0.01053	0.01592	0.00998	0.06001	0.01857	0.00279	0.60738	0.00565	0.00317	0.00681
9	0.01106	0.00777	0.00915	0.00900	0.01054	0.00778	0.00644	0.08629	0.08104	0.05489	0.08112	0.35750	0.10810	0.12723	0.01071	0.00277	0.00433	0.01249	0.00566	0.00613
10	0.04000	0.01410	0.04328	0.30455	0.23830	0.05015	0.05337	0.05224	0.03136	0.09487	0.01289	0.01598	0.00967	0.00612	0.00606	0.00192	0.00763	0.00549	0.00362	0.00840
11	0.01569	0.04565	0.16388	0.15629	0.18436	0.11369	0.05451	0.05579	0.03264	0.04924	0.01214	0.02614	0.00958	0.00647	0.00671	0.00191	0.04821	0.00533	0.00334	0.00840
12	0.04593	0.06713	0.06828	0.01505	0.11287	0.01254	0.01137	0.11090	0.01642	0.22596	0.08968	0.08137	0.01905	0.00890	0.00711	0.00198	0.05571	0.03584	0.00532	0.00859
13	0.01385	0.01489	0.11889	0.27130	0.25647	0.02870	0.03726	0.01794	0.01391	0.06634	0.08771	0.01872	0.01420	0.00660	0.00620	0.00193	0.00739	0.00597	0.00355	0.00820
14	0.01653	0.02234	0.36425	0.01864	0.09887	0.01416	0.08614	0.13566	0.01636	0.12329	0.01426	0.03738	0.01052	0.00660	0.00613	0.00193	0.00792	0.00565	0.00404	0.00933
15	0.15263	0.01831	0.22311	0.03240	0.06722	0.03842	0.04283	0.09383	0.05610	0.13897	0.02773	0.05541	0.01241	0.00716	0.00579	0.00194	0.00683	0.00578	0.00446	0.00866

[dist]
# distance from previous block
# <min> <max>
5	22

[block]
# block no. 9 follows, 37 sequences, length 22
# corresponding to MSA columns:
# 551-572
name=unknown_J
#
# <colnr> <probs for GDERKNQSTAVLIFYWHMCP>
#	G	D	E	R	K	N	Q	S	T	A	V	L	I	F	Y	W	H	M	C	P
0	0.06109	0.01983	0.01647	0.01389	0.01785	0.26725	0.01095	0.28495	0.16449	0.06012	0.01510	0.01514	0.01124	0.00712	0.00583	0.00180	0.00764	0.00519	0.00510	0.00897
1	0.04554	0.09980	0.05326	0.01315	0.04706	0.01240	0.06990	0.12584	0.01692	0.20045	0.12137	0.12775	0.02182	0.00916	0.00627	0.00192	0.00572	0.00789	0.00547	0.00829
2	0.06147	0.01324	0.01499	0.01195	0.01626	0.01388	0.00974	0.30459	0.13368	0.26007	0.05460	0.02066	0.04070	0.00801	0.00613	0.00191	0.00555	0.00634	0.00650	0.00972
3	0.01700	0.01116	0.01368	0.01198	0.01536	0.01174	0.03411	0.04889	0.34409	0.20153	0.05835	0.07536	0.02243	0.00993	0.00666	0.00214	0.00512	0.09524	0.00636	0.00886
4	0.01637	0.19747	0.15414	0.04223	0.10806	0.03953	0.11104	0.06229	0.11401	0.07650	0.01376	0.01509	0.01046	0.00614	0.00570	0.00180	0.00745	0.00524	0.00383	0.00888
5	0.01359	0.01258	0.04401	0.47235	0.11301	0.04753	0.03934	0.01732	0.01325	0.07390	0.01405	0.05132	0.01165	0.00723	0.00631	0.00204	0.00774	0.04193	0.00344	0.00741
6	0.00795	0.00627	0.00719	0.00709	0.00888	0.00552	0.00540	0.01009	0.01526	0.01973	0.32231	0.05446	0.43654	0.01444	0.00730	0.00206	0.00317	0.05483	0.00609	0.00543
7	0.00841	0.00594	0.00782	0.00891	0.00953	0.00574	0.00647	0.00984	0.01208	0.01603	0.05781	0.42769	0.03647	0.15448	0.01212	0.00317	0.00452	0.20267	0.00536	0.00496
8	0.01713	0.14955	0.18754	0.05069	0.09079	0.01508	0.19326	0.02137	0.01431	0.18111	0.01389	0.01540	0.01000	0.00592	0.00596	0.00185	0.00789	0.00548	0.00388	0.00891
9	0.01464	0.02438	0.47321	0.01856	0.09339	0.01347	0.06786	0.02113	0.05814	0.11121	0.01432	0.03817	0.01063	0.00651	0.00606	0.00196	0.00806	0.00554	0.00360	0.00914
10	0.01185	0.00691	0.00870	0.00846	0.01038	0.00620	0.00642	0.01370	0.01440	0.16189	0.14879	0.22128	0.21534	0.05403	0.00851	0.00239	0.00400	0.08440	0.00611	0.00622
11	0.04922	0.05768	0.27274	0.09422	0.23697	0.04279	0.07692	0.04061	0.01394	0.04194	0.01148	0.01414	0.00875	0.00577	0.00587	0.00187	0.00814	0.00505	0.00310	0.00881
12	0.09301	0.05015	0.09126	0.13551	0.14149	0.01292	0.05711	0.02262	0.04216	0.27015	0.01584	0.01671	0.01109	0.00642	0.00585	0.00190	0.00671	0.00547	0.00467	0.00897
13	0.01897	0.01928	0.05975	0.03891	0.27069	0.21887	0.05111	0.09401	0.06102	0.08858	0.01328	0.01495	0.01017	0.00627	0.00599	0.00180	0.00818	0.00524	0.00397	0.00895
14	0.01409	0.01272	0.05359	0.23362	0.26817	0.01239	0.07297	0.01789	0.01435	0.08981	0.13108	0.02098	0.01745	0.00698	0.00636	0.00193	0.00694	0.00653	0.00397	0.00817
15	0.01666	0.01524	0.15757	0.09905	0.09565	0.01162	0.09233	0.03014	0.03665	0.22260	0.05011	0.03585	0.04775	0.00750	0.00631	0.00194	0.00680	0.02153	0.00473	0.03996
16	0.01533	0.04557	0.20335	0.12192	0.11267	0.01223	0.01437	0.04334	0.04778	0.15843	0.07761	0.06148	0.04356	0.00793	0.00619	0.00194	0.00658	0.00672	0.00452	0.00847
17	0.01762	0.09763	0.08411	0.12769	0.14650	0.04547	0.10113	0.04830	0.05928	0.17378	0.01462	0.01618	0.01069	0.00636	0.00628	0.00188	0.02390	0.00553	0.00418	0.00886
18	0.04788	0.07616	0.20088	0.16133	0.14313	0.01405	0.10644	0.01872	0.01347	0.07510	0.01376	0.01936	0.01119	0.00675	0.00611	0.00197	0.00780	0.06421	0.00344	0.00826
19	0.04958	0.01659	0.19637	0.06626	0.11077	0.01197	0.08789	0.02062	0.04131	0.17882	0.03311	0.01936	0.05818	0.00684	0.00603	0.00186	0.00684	0.00597	0.00435	0.07730
20	0.01572	0.07674	0.09356	0.09407	0.10892	0.01186	0.03689	0.03467	0.04825	0.17814	0.07840	0.11351	0.01901	0.00862	0.00623	0.00192	0.00606	0.02071	0.00483	0.04190
21	0.05459	0.01647	0.19116	0.16397	0.10448	0.01261	0.03733	0.06379	0.01468	0.18854	0.01459	0.01697	0.01063	0.04195	0.00706	0.00207	0.00716	0.00544	0.00420	0.04231

[dist]
# distance from previous block
# <min> <max>
7	64

[block]
# block no. 10 follows, 37 sequences, length 24
# corresponding to MSA columns:
# 639-662
name=unknown_K
#
# <colnr> <probs for GDERKNQSTAVLIFYWHMCP>
#	G	D	E	R	K	N	Q	S	T	A	V	L	I	F	Y	W	H	M	C	P
0	0.09519	0.12220	0.16675	0.01474	0.06326	0.06219	0.01317	0.19698	0.10098	0.06436	0.01361	0.01426	0.01015	0.00646	0.00547	0.00178	0.00692	0.00485	0.00437	0.03232
1	0.17772	0.23595	0.21755	0.02996	0.07038	0.03883	0.02880	0.09926	0.01431	0.02163	0.01024	0.01191	0.00804	0.00578	0.00496	0.00173	0.00717	0.00417	0.00330	0.00831
2	0.03511	0.11013	0.03780	0.01553	0.16729	0.01172	0.01022	0.07141	0.04879	0.02059	0.13556	0.22171	0.06794	0.01100	0.00644	0.00198	0.00510	0.00959	0.00481	0.00730
3	0.00984	0.00820	0.03792	0.06544	0.01276	0.00799	0.00777	0.03928	0.02636	0.01804	0.10952	0.30686	0.04777	0.11715	0.01112	0.00273	0.05563	0.04035	0.06958	0.00569
4	0.09695	0.01427	0.06177	0.05102	0.07956	0.01315	0.18160	0.06702	0.10513	0.08865	0.04235	0.01711	0.01252	0.00625	0.00594	0.00180	0.00676	0.00579	0.00433	0.13803
5	0.37998	0.01042	0.01067	0.00964	0.01244	0.04188	0.03458	0.01597	0.01135	0.06877	0.01590	0.05984	0.04382	0.03994	0.21583	0.00425	0.00839	0.00592	0.00402	0.00640
6	0.05364	0.01411	0.01698	0.03187	0.08383	0.01516	0.04010	0.38522	0.07775	0.06061	0.10833	0.02125	0.04746	0.00806	0.00626	0.00189	0.00604	0.00662	0.00567	0.00916
7	0.01557	0.01448	0.02161	0.06778	0.18656	0.04593	0.15069	0.11463	0.09217	0.03662	0.01726	0.02082	0.05782	0.00775	0.00805	0.00205	0.09438	0.03326	0.00411	0.00846
8	0.01024	0.00827	0.00924	0.04021	0.01128	0.06247	0.00692	0.02679	0.01235	0.01602	0.09847	0.15655	0.02840	0.28268	0.08728	0.00427	0.00667	0.12219	0.00458	0.00512
9	0.01569	0.01338	0.01410	0.01255	0.01610	0.01544	0.00980	0.07283	0.69457	0.02636	0.02432	0.02237	0.01821	0.00825	0.00622	0.00206	0.00495	0.00684	0.00622	0.00973
10	0.01933	0.14984	0.01848	0.01248	0.01676	0.04920	0.01035	0.24868	0.26268	0.09936	0.03862	0.01793	0.01448	0.00743	0.00578	0.00182	0.00599	0.00575	0.00558	0.00945
11	0.62051	0.01559	0.01103	0.00985	0.01354	0.17751	0.00786	0.01986	0.01221	0.05252	0.00933	0.01060	0.00723	0.00589	0.00426	0.00182	0.00614	0.00356	0.00379	0.00688
12	0.01647	0.07159	0.19560	0.05091	0.20941	0.01341	0.03663	0.04948	0.03244	0.16192	0.04386	0.03638	0.01388	0.00713	0.00609	0.00191	0.00697	0.03263	0.00427	0.00900
13	0.04698	0.00911	0.01068	0.00943	0.01231	0.00915	0.00755	0.05040	0.12927	0.23083	0.06043	0.02834	0.02004	0.03440	0.00668	0.00203	0.00448	0.08391	0.23615	0.00784
14	0.02506	0.01427	0.01659	0.01272	0.01755	0.01471	0.01051	0.42855	0.02397	0.34311	0.01874	0.01732	0.01244	0.00745	0.00614	0.00186	0.00608	0.00579	0.00674	0.01041
15	0.25629	0.01296	0.01578	0.14521	0.02101	0.01407	0.05375	0.19684	0.01714	0.18886	0.01419	0.01507	0.00990	0.00656	0.00552	0.00192	0.00628	0.00511	0.00498	0.00854
16	0.07055	0.01600	0.01731	0.01333	0.01815	0.01743	0.01101	0.59809	0.02631	0.12697	0.01552	0.01519	0.01078	0.00728	0.00599	0.00185	0.00643	0.00546	0.00617	0.01019
17	0.00848	0.00580	0.00702	0.00759	0.00779	0.00568	0.00476	0.00901	0.01018	0.01354	0.02497	0.29088	0.02920	0.47917	0.02188	0.00458	0.00511	0.05561	0.00449	0.00425
18	0.01523	0.01315	0.01384	0.01246	0.01592	0.01523	0.00969	0.03253	0.73563	0.02561	0.02491	0.02284	0.01869	0.00830	0.00623	0.00208	0.00484	0.00692	0.00623	0.00969
19	0.02355	0.01670	0.01809	0.01387	0.01876	0.01832	0.01146	0.68005	0.02803	0.08587	0.01532	0.01510	0.01072	0.00736	0.00613	0.00184	0.00663	0.00555	0.00622	0.01041
20	0.01893	0.01499	0.01593	0.01321	0.01733	0.01696	0.01059	0.35215	0.40997	0.03158	0.02021	0.01909	0.01487	0.00786	0.00618	0.00197	0.00572	0.00627	0.00618	0.01002
21	0.07468	0.01077	0.04991	0.01046	0.01451	0.00912	0.00899	0.04767	0.01671	0.44626	0.12019	0.02865	0.06682	0.00917	0.00635	0.00198	0.00502	0.05728	0.00665	0.00881
22	0.08215	0.00978	0.04283	0.10099	0.03117	0.00938	0.03715	0.03954	0.04509	0.06487	0.11289	0.17239	0.06596	0.04053	0.00776	0.00234	0.00534	0.11814	0.00509	0.00662
23	0.16035	0.19740	0.04612	0.01164	0.01636	0.03769	0.03759	0.06622	0.09662	0.24897	0.01588	0.01544	0.01134	0.00657	0.00523	0.00177	0.00601	0.00494	0.00502	0.00884

[dist]
# distance from previous block
# <min> <max>
0	3

[block]
# block no. 11 follows, 37 sequences, length 22
# corresponding to MSA columns:
# 666-687
name=unknown_L
#
# <colnr> <probs for GDERKNQSTAVLIFYWHMCP>
#	G	D	E	R	K	N	Q	S	T	A	V	L	I	F	Y	W	H	M	C	P
0	0.01498	0.01323	0.01477	0.07222	0.01820	0.04058	0.03399	0.06314	0.53467	0.02441	0.04993	0.05626	0.01921	0.00856	0.00633	0.00206	0.00547	0.00727	0.00573	0.00900
1	0.08763	0.04611	0.19247	0.13991	0.04766	0.05839	0.04400	0.19915	0.05712	0.02421	0.01407	0.01576	0.03375	0.00668	0.00582	0.00190	0.00752	0.00530	0.00399	0.00855
2	0.06359	0.02270	0.01686	0.01434	0.01820	0.42458	0.01118	0.22465	0.02028	0.10797	0.01262	0.01317	0.00939	0.00672	0.00568	0.00170	0.00882	0.00462	0.00455	0.00840
3	0.02035	0.05201	0.03593	0.04395	0.15434	0.01342	0.10173	0.08322	0.10114	0.30262	0.01813	0.01810	0.01267	0.00674	0.00616	0.00189	0.00656	0.00599	0.00538	0.00965
4	0.01499	0.03533	0.01282	0.04533	0.01470	0.00960	0.03104	0.04343	0.10850	0.17876	0.06985	0.15287	0.03955	0.04320	0.00756	0.00218	0.00500	0.07590	0.04299	0.06640
5	0.01722	0.01180	0.04832	0.40511	0.03050	0.01198	0.04661	0.02115	0.03027	0.26897	0.01643	0.01937	0.01160	0.00692	0.00624	0.00201	0.00714	0.02558	0.00456	0.00824
6	0.01171	0.05169	0.07941	0.01090	0.01384	0.03516	0.04308	0.01592	0.10285	0.06141	0.06799	0.31171	0.09906	0.01252	0.00675	0.00207	0.00502	0.01100	0.00515	0.05278
7	0.02552	0.01000	0.01351	0.01050	0.01494	0.00865	0.00862	0.02788	0.01734	0.67822	0.06285	0.02395	0.05255	0.00821	0.00626	0.00190	0.00499	0.00673	0.00744	0.00993
8	0.01919	0.04534	0.01668	0.01331	0.01741	0.07274	0.01069	0.32005	0.36055	0.02979	0.01889	0.01808	0.01403	0.00764	0.00604	0.00191	0.00616	0.00597	0.00582	0.00973
9	0.05393	0.15838	0.34441	0.01509	0.02197	0.01506	0.09574	0.01993	0.03765	0.07379	0.01203	0.01354	0.00896	0.00570	0.00544	0.00172	0.00760	0.00465	0.00332	0.10110
10	0.01365	0.19541	0.24305	0.04915	0.02120	0.03585	0.10020	0.01766	0.01289	0.03897	0.01306	0.04537	0.01135	0.03560	0.04906	0.00235	0.00814	0.02763	0.00320	0.07621
11	0.01249	0.07047	0.71619	0.01709	0.02594	0.01473	0.02199	0.01933	0.01290	0.01913	0.01086	0.01276	0.00776	0.00579	0.00572	0.00191	0.00892	0.00446	0.00259	0.00899
12	0.00836	0.00672	0.00867	0.07053	0.01211	0.00640	0.02353	0.01067	0.03220	0.01775	0.13863	0.28893	0.29995	0.01486	0.00722	0.00217	0.00385	0.01303	0.02888	0.00553
13	0.01136	0.03900	0.11393	0.13315	0.06281	0.04937	0.01142	0.01415	0.01298	0.04771	0.04887	0.34926	0.02546	0.01244	0.00685	0.00218	0.00590	0.04205	0.00450	0.00661
14	0.01505	0.14082	0.33256	0.04208	0.04613	0.05674	0.07437	0.02015	0.04236	0.09221	0.01423	0.07133	0.01161	0.00697	0.00584	0.00187	0.00782	0.00580	0.00356	0.00849
15	0.01932	0.01224	0.03755	0.08331	0.04419	0.01178	0.07842	0.12319	0.07469	0.28643	0.06357	0.03500	0.01695	0.00863	0.00719	0.03648	0.00619	0.04031	0.00571	0.00883
16	0.01262	0.01180	0.01903	0.58950	0.06950	0.03930	0.06534	0.01647	0.01293	0.04153	0.01430	0.01865	0.05004	0.00661	0.00624	0.00201	0.00798	0.00596	0.00311	0.00708
17	0.01009	0.00568	0.00770	0.00768	0.00817	0.00576	0.00530	0.00952	0.00961	0.01373	0.04261	0.02494	0.04788	0.10063	0.11916	0.44701	0.00633	0.00646	0.11795	0.00380
18	0.01586	0.01501	0.08078	0.18375	0.15319	0.01425	0.19077	0.06892	0.03209	0.11076	0.01359	0.01651	0.01008	0.00706	0.02169	0.00215	0.04519	0.00596	0.00379	0.00858
19	0.01652	0.02469	0.04279	0.09837	0.01778	0.05362	0.03575	0.03221	0.10212	0.21885	0.09657	0.02679	0.05553	0.06678	0.03088	0.03080	0.00628	0.03064	0.00531	0.00774
20	0.01024	0.00655	0.00871	0.00895	0.01041	0.00610	0.00690	0.01249	0.01490	0.08629	0.28958	0.25518	0.07555	0.01505	0.00757	0.00228	0.00391	0.16722	0.00622	0.00591
21	0.01324	0.01185	0.02016	0.54668	0.19567	0.01364	0.04014	0.01717	0.01295	0.05332	0.01173	0.01629	0.00888	0.00601	0.00614	0.00198	0.00789	0.00554	0.00304	0.00767

[dist]
# distance from previous block
# <min> <max>
3	6

[block]
# block no. 12 follows, 37 sequences, length 10
# corresponding to MSA columns:
# 695-704
