[name]
unknown

[dist]
# distance from previous block
# <min> <max>
0	259

[block]
# block no. 0 follows, 42 sequences, length 21
# corresponding to MSA columns:
# 265-285
name=unknown_A
#
# <colnr> <probs for GDERKNQSTAVLIFYWHMCP>
#	G	D	E	R	K	N	Q	S	T	A	V	L	I	F	Y	W	H	M	C	P
0	0.01429	0.10905	0.15492	0.08598	0.07100	0.01226	0.03211	0.09000	0.03591	0.12165	0.07056	0.05772	0.01561	0.00746	0.00561	0.00175	0.00600	0.06002	0.00415	0.04396
1	0.07286	0.06566	0.01394	0.03198	0.01459	0.08069	0.04171	0.12078	0.08030	0.15709	0.09809	0.07242	0.03412	0.00838	0.00567	0.00178	0.00537	0.05534	0.03188	0.00734
2	0.01374	0.11811	0.15402	0.07097	0.06676	0.03782	0.08081	0.05838	0.03464	0.06774	0.01274	0.07334	0.01081	0.00645	0.00585	0.00162	0.04083	0.00537	0.00343	0.13656
3	0.01227	0.06959	0.13431	0.01289	0.09059	0.04364	0.03534	0.03815	0.01384	0.06109	0.20383	0.05314	0.05195	0.00762	0.00556	0.00157	0.00528	0.00651	0.00418	0.14866
4	0.04786	0.10829	0.06634	0.01225	0.04884	0.01454	0.01016	0.28240	0.14165	0.09399	0.04633	0.03220	0.03429	0.00707	0.00536	0.00169	0.00546	0.00557	0.02730	0.00842
5	0.01292	0.11072	0.30213	0.03554	0.09959	0.01255	0.01406	0.01748	0.04857	0.08264	0.04450	0.04346	0.03699	0.00677	0.00584	0.00170	0.03558	0.02040	0.00346	0.06510
6	0.01445	0.12127	0.38127	0.04252	0.05658	0.01310	0.01510	0.01991	0.07236	0.15340	0.04708	0.01513	0.01135	0.00602	0.00529	0.00171	0.00671	0.00480	0.00367	0.00827
7	0.01129	0.02911	0.77306	0.01604	0.02436	0.01307	0.02079	0.01782	0.01188	0.01782	0.01010	0.01188	0.00713	0.00535	0.00535	0.00178	0.00832	0.00416	0.00238	0.00832
8	0.01438	0.01370	0.12028	0.08322	0.21391	0.01182	0.07107	0.03865	0.08721	0.13656	0.07320	0.05291	0.01481	0.00695	0.00629	0.00182	0.03491	0.00616	0.00410	0.00805
9	0.04553	0.01012	0.03925	0.16096	0.04511	0.00961	0.08880	0.01852	0.04287	0.26354	0.04371	0.17252	0.01749	0.00858	0.00600	0.00190	0.00559	0.00770	0.00483	0.00738
10	0.00696	0.00497	0.00647	0.00761	0.00797	0.00465	0.00504	0.00787	0.01063	0.01411	0.03087	0.70696	0.06298	0.08322	0.00896	0.00254	0.00343	0.01519	0.00507	0.00448
11	0.01664	0.01479	0.11075	0.07592	0.01816	0.09840	0.03532	0.06755	0.17109	0.20127	0.07991	0.01978	0.01570	0.00725	0.00598	0.00180	0.02129	0.02547	0.00487	0.00805
12	0.03989	0.14082	0.21165	0.07235	0.01986	0.08316	0.04907	0.07259	0.01409	0.18355	0.01308	0.01495	0.00969	0.00616	0.00551	0.00170	0.02279	0.02727	0.00383	0.00795
13	0.01206	0.09380	0.07056	0.01513	0.06629	0.01160	0.20114	0.05941	0.02998	0.04092	0.01805	0.23088	0.01824	0.04414	0.00749	0.00209	0.02372	0.04386	0.00391	0.00675
14	0.00727	0.00522	0.00690	0.00755	0.00825	0.00485	0.00526	0.00888	0.01271	0.01745	0.30685	0.51392	0.04320	0.01533	0.00698	0.00209	0.00304	0.01381	0.00559	0.00485
15	0.00818	0.00546	0.00614	0.00614	0.00614	0.00546	0.00341	0.00818	0.00818	0.01091	0.01773	0.03683	0.02046	0.80222	0.02864	0.00546	0.00546	0.00818	0.00341	0.00341
16	0.44308	0.03378	0.06213	0.01188	0.01579	0.01274	0.15951	0.01684	0.02848	0.04289	0.05782	0.03059	0.01089	0.00613	0.00540	0.00182	0.04519	0.00483	0.00356	0.00665
17	0.10395	0.04549	0.04751	0.04077	0.06093	0.08357	0.00985	0.10106	0.19846	0.11120	0.01506	0.03067	0.01148	0.00636	0.00513	0.00163	0.00562	0.00499	0.00448	0.11180
18	0.13621	0.01188	0.03643	0.04790	0.22178	0.04077	0.03540	0.03936	0.05059	0.13591	0.07934	0.07559	0.01545	0.00706	0.00545	0.00173	0.00552	0.00607	0.00425	0.04331
19	0.06861	0.09474	0.10516	0.01276	0.06898	0.04370	0.02252	0.07497	0.07273	0.12704	0.05037	0.03162	0.02896	0.00680	0.00582	0.00164	0.04269	0.02155	0.00417	0.11519
20	0.07959	0.05361	0.04644	0.01475	0.11102	0.05773	0.04738	0.08455	0.15696	0.14313	0.01562	0.06011	0.01240	0.00704	0.00623	0.00177	0.05518	0.00566	0.00445	0.03637

[dist]
# distance from previous block
# <min> <max>
4	110

[block]
# block no. 1 follows, 42 sequences, length 19
# corresponding to MSA columns:
# 396-414
name=unknown_B
#
# <colnr> <probs for GDERKNQSTAVLIFYWHMCP>
#	G	D	E	R	K	N	Q	S	T	A	V	L	I	F	Y	W	H	M	C	P
0	0.01451	0.12008	0.14427	0.05191	0.13481	0.08293	0.08515	0.06694	0.05163	0.05358	0.06625	0.01525	0.01199	0.00609	0.00589	0.00166	0.03784	0.00505	0.00346	0.04072
1	0.03995	0.11824	0.12363	0.06656	0.07064	0.05427	0.04405	0.12135	0.11156	0.03442	0.03870	0.02903	0.01141	0.00609	0.00517	0.00159	0.00621	0.00495	0.00378	0.10837
2	0.13463	0.10350	0.05151	0.02920	0.10522	0.10292	0.11514	0.04363	0.04843	0.01861	0.04147	0.04880	0.01169	0.00859	0.05800	0.00214	0.00714	0.00525	0.00338	0.06076
3	0.06103	0.18743	0.06091	0.01397	0.06699	0.07809	0.07905	0.13395	0.11453	0.09573	0.01297	0.01361	0.00981	0.00582	0.00506	0.00159	0.00637	0.00464	0.00401	0.04445
4	0.13813	0.06048	0.12901	0.04836	0.12621	0.03835	0.03542	0.10098	0.03975	0.08789	0.01379	0.04808	0.01153	0.00678	0.00531	0.00175	0.00613	0.05438	0.00389	0.04379
5	0.01321	0.05865	0.06935	0.10216	0.10696	0.01218	0.02786	0.16336	0.08101	0.02186	0.13819	0.07833	0.01879	0.00763	0.00568	0.00170	0.00549	0.00655	0.00433	0.07670
6	0.03587	0.06510	0.10026	0.06597	0.14558	0.01299	0.13041	0.05937	0.09445	0.09219	0.01611	0.06985	0.04151	0.00703	0.00623	0.00182	0.03734	0.00623	0.00386	0.00782
7	0.03665	0.11813	0.01349	0.19222	0.01755	0.01009	0.00877	0.01375	0.03538	0.06392	0.03759	0.26724	0.01930	0.02784	0.00616	0.00185	0.00496	0.00828	0.00401	0.11283
8	0.11713	0.01258	0.04917	0.04837	0.21513	0.02640	0.11694	0.03813	0.04544	0.14142	0.04587	0.01833	0.06285	0.00639	0.00555	0.00174	0.00605	0.00573	0.00405	0.03271
9	0.01922	0.01016	0.01295	0.04331	0.01524	0.00877	0.00814	0.06910	0.01490	0.40514	0.01649	0.01577	0.01125	0.00583	0.00509	0.00140	0.00476	0.00471	0.00531	0.32246
10	0.02273	0.00899	0.01215	0.00961	0.01349	0.00779	0.00782	0.02481	0.01560	0.66666	0.04579	0.07554	0.04632	0.00813	0.00583	0.00179	0.00454	0.00676	0.00675	0.00891
11	0.00978	0.00489	0.00733	0.00733	0.00733	0.00489	0.00489	0.00733	0.00733	0.00978	0.00978	0.01711	0.00978	0.01955	0.02199	0.83627	0.00489	0.00489	0.00244	0.00244
12	0.00989	0.00929	0.06078	0.01055	0.04407	0.00849	0.03277	0.06206	0.01507	0.02109	0.44775	0.03459	0.10147	0.01045	0.00767	0.00187	0.08406	0.02685	0.00516	0.00606
13	0.01505	0.80561	0.02949	0.00963	0.01444	0.02227	0.00963	0.01685	0.01143	0.01324	0.00782	0.00903	0.00722	0.00481	0.00361	0.00120	0.00602	0.00301	0.00241	0.00722
14	0.01440	0.24374	0.34642	0.01286	0.01892	0.04215	0.01428	0.11383	0.01414	0.04633	0.04296	0.01279	0.00977	0.00568	0.00491	0.00156	0.00691	0.00422	0.00320	0.04094
15	0.01505	0.80561	0.02949	0.00963	0.01444	0.02227	0.00963	0.01685	0.01143	0.01324	0.00782	0.00903	0.00722	0.00481	0.00361	0.00120	0.00602	0.00301	0.00241	0.00722
16	0.01548	0.75172	0.02863	0.00986	0.01465	0.02194	0.00970	0.06676	0.01246	0.01476	0.00821	0.00933	0.00738	0.00495	0.00375	0.00124	0.00603	0.00315	0.00263	0.00738
17	0.06595	0.09850	0.40264	0.01341	0.03650	0.01224	0.03094	0.01807	0.01276	0.13185	0.08798	0.03869	0.01367	0.00649	0.00532	0.00173	0.00658	0.00523	0.00363	0.00784
18	0.03274	0.23694	0.23308	0.06501	0.04647	0.01534	0.03458	0.06767	0.05765	0.06000	0.01240	0.04773	0.01030	0.00643	0.00554	0.00169	0.03422	0.02118	0.00332	0.00771

[dist]
# distance from previous block
# <min> <max>
6	13

[block]
# block no. 2 follows, 42 sequences, length 11
# corresponding to MSA columns:
# 428-438
name=unknown_C
#
# <colnr> <probs for GDERKNQSTAVLIFYWHMCP>
#	G	D	E	R	K	N	Q	S	T	A	V	L	I	F	Y	W	H	M	C	P
0	0.01790	0.09278	0.01716	0.03471	0.08409	0.09625	0.01034	0.29688	0.04888	0.07517	0.01240	0.01314	0.00935	0.00584	0.00510	0.00147	0.00613	0.00447	0.00434	0.16359
1	0.01117	0.01098	0.01990	0.57735	0.07501	0.01260	0.15260	0.01499	0.01170	0.01528	0.01103	0.04234	0.00881	0.00585	0.00587	0.00188	0.00768	0.00569	0.00268	0.00659
2	0.01156	0.00871	0.01001	0.01024	0.03255	0.03982	0.00735	0.11144	0.10568	0.05913	0.02565	0.46285	0.02752	0.01342	0.00661	0.00209	0.00436	0.04945	0.00527	0.00628
3	0.01257	0.01143	0.01763	0.46439	0.19316	0.01325	0.01474	0.06994	0.11214	0.01799	0.01210	0.01546	0.00925	0.00584	0.00563	0.00182	0.00682	0.00519	0.00322	0.00743
4	0.01349	0.01292	0.02205	0.13512	0.66998	0.01326	0.01705	0.01689	0.01261	0.01785	0.01051	0.01407	0.00873	0.00510	0.00558	0.00170	0.00679	0.00501	0.00275	0.00856
5	0.00785	0.00857	0.10930	0.00915	0.01050	0.00646	0.00752	0.00950	0.01058	0.01448	0.02581	0.58570	0.03016	0.08346	0.00940	0.00250	0.04629	0.01315	0.00454	0.00505
6	0.01063	0.01000	0.01688	0.78870	0.03876	0.01250	0.01563	0.01438	0.01125	0.01438	0.01000	0.01500	0.00750	0.00563	0.00563	0.00188	0.00750	0.00500	0.00250	0.00625
7	0.01415	0.01563	0.10119	0.10288	0.49933	0.06114	0.01639	0.05554	0.04524	0.01875	0.01104	0.01386	0.00887	0.00536	0.00553	0.00170	0.00703	0.00490	0.00299	0.00848
8	0.01442	0.07547	0.06691	0.01180	0.01504	0.09818	0.00986	0.10027	0.35345	0.02085	0.01864	0.12074	0.01602	0.00840	0.00625	0.00185	0.04258	0.00673	0.00470	0.00784
9	0.02639	0.05174	0.33556	0.11944	0.02147	0.01172	0.02766	0.01756	0.03514	0.11747	0.01539	0.05698	0.04191	0.00699	0.00596	0.00180	0.03328	0.02340	0.00352	0.04664
10	0.01353	0.24312	0.17194	0.05612	0.08224	0.05338	0.03127	0.01741	0.05816	0.03133	0.04885	0.01374	0.01054	0.00643	0.00719	0.00172	0.13807	0.00459	0.00298	0.00738

[dist]
# distance from previous block
# <min> <max>
1	37

[block]
# block no. 3 follows, 42 sequences, length 16
# corresponding to MSA columns:
# 476-491
name=unknown_D
#
# <colnr> <probs for GDERKNQSTAVLIFYWHMCP>
#	G	D	E	R	K	N	Q	S	T	A	V	L	I	F	Y	W	H	M	C	P
0	0.01331	0.07288	0.07620	0.01125	0.01454	0.09573	0.05433	0.01857	0.15657	0.07822	0.20887	0.02434	0.06846	0.00819	0.00637	0.00173	0.04362	0.00673	0.00466	0.03542
1	0.00751	0.00558	0.00699	0.00696	0.00821	0.00507	0.00510	0.00962	0.01437	0.01963	0.49259	0.18695	0.18431	0.01318	0.00674	0.00189	0.00281	0.01160	0.00583	0.00507
2	0.01734	0.21456	0.02061	0.04071	0.08286	0.06184	0.04786	0.27236	0.08810	0.04673	0.01232	0.01316	0.00947	0.00589	0.00508	0.00155	0.00634	0.00460	0.00411	0.04450
3	0.69514	0.01251	0.04212	0.00835	0.01195	0.05521	0.00713	0.04232	0.01090	0.02453	0.04113	0.01090	0.00837	0.00559	0.00386	0.00173	0.00484	0.00351	0.00360	0.00630
4	0.05325	0.14236	0.06087	0.05072	0.20515	0.03160	0.01211	0.06367	0.05213	0.09980	0.04447	0.01461	0.01107	0.00624	0.00644	0.00167	0.08542	0.00479	0.00365	0.05000
5	0.01150	0.11514	0.49412	0.01404	0.02049	0.01313	0.04864	0.01742	0.05890	0.01834	0.12057	0.01666	0.01453	0.00630	0.00541	0.00173	0.00703	0.00515	0.00317	0.00775
6	0.00750	0.00536	0.00720	0.00783	0.00829	0.00550	0.00537	0.00858	0.00969	0.01322	0.02332	0.39859	0.02660	0.19683	0.24391	0.00501	0.00729	0.01129	0.00416	0.00445
7	0.01448	0.01878	0.24479	0.01871	0.06425	0.04475	0.26387	0.05448	0.01329	0.09080	0.01150	0.01388	0.00852	0.00593	0.00747	0.00188	0.10617	0.00531	0.00319	0.00794
8	0.01367	0.01540	0.13914	0.13705	0.15435	0.01367	0.15961	0.14026	0.02725	0.02023	0.01189	0.02974	0.00938	0.00681	0.02308	0.00197	0.05022	0.00547	0.03301	0.00781
9	0.01083	0.01021	0.01725	0.74171	0.08414	0.01256	0.01573	0.01456	0.01135	0.01463	0.01004	0.01494	0.00759	0.00559	0.00562	0.00186	0.00745	0.00500	0.00252	0.00642
10	0.00686	0.00490	0.00653	0.00784	0.00816	0.00457	0.00522	0.00784	0.01077	0.01437	0.03102	0.79855	0.03722	0.01763	0.00718	0.00229	0.00326	0.01600	0.00522	0.00457
11	0.01241	0.01204	0.02112	0.36707	0.38008	0.01306	0.08078	0.01606	0.01216	0.01658	0.01040	0.01451	0.00826	0.00526	0.00569	0.00178	0.00729	0.00515	0.00266	0.00762
12	0.01534	0.01738	0.17565	0.02043	0.25055	0.06733	0.05222	0.08748	0.16255	0.07391	0.01394	0.01504	0.01047	0.00594	0.00559	0.00174	0.00679	0.00514	0.00385	0.00866
13	0.01076	0.01039	0.01876	0.35283	0.02728	0.01153	0.20674	0.01387	0.01104	0.01469	0.01247	0.04697	0.01122	0.13186	0.05249	0.00287	0.04895	0.00638	0.00286	0.00603
14	0.00884	0.00688	0.00997	0.00997	0.04329	0.00732	0.04745	0.01032	0.00969	0.01350	0.01893	0.06699	0.05652	0.28620	0.27713	0.00556	0.04443	0.03880	0.03339	0.00483
15	0.01352	0.01548	0.18150	0.05538	0.09198	0.01206	0.20297	0.07806	0.01411	0.08780	0.08868	0.07379	0.01529	0.00711	0.00651	0.00185	0.03581	0.00662	0.00382	0.00765

[dist]
# distance from previous block
# <min> <max>
18	64

[block]
# block no. 4 follows, 42 sequences, length 13
# corresponding to MSA columns:
# 580-592
name=unknown_E
#
# <colnr> <probs for GDERKNQSTAVLIFYWHMCP>
#	G	D	E	R	K	N	Q	S	T	A	V	L	I	F	Y	W	H	M	C	P
0	0.06454	0.25925	0.28291	0.05322	0.01899	0.03826	0.01353	0.06415	0.01269	0.07214	0.01046	0.01238	0.00819	0.03022	0.00597	0.00173	0.03660	0.00409	0.00305	0.00763
1	0.04827	0.05535	0.32836	0.01271	0.01785	0.01138	0.05445	0.05527	0.04700	0.09885	0.03916	0.12135	0.04092	0.03629	0.00649	0.00196	0.00630	0.00668	0.00390	0.00747
2	0.06631	0.12785	0.13299	0.01218	0.01668	0.01322	0.07711	0.09576	0.11709	0.16276	0.03481	0.03964	0.01335	0.03967	0.00635	0.00189	0.00594	0.02400	0.00445	0.00794
3	0.15421	0.25301	0.14443	0.01086	0.01548	0.07900	0.01055	0.03756	0.05429	0.12643	0.03076	0.03856	0.01071	0.00616	0.00466	0.00159	0.00604	0.00448	0.00373	0.00752
4	0.00890	0.00568	0.00711	0.00740	0.00853	0.00514	0.00520	0.01021	0.01213	0.09107	0.12343	0.41809	0.17897	0.08043	0.00864	0.00236	0.00344	0.01279	0.00537	0.00510
5	0.05706	0.04051	0.00916	0.00813	0.00941	0.00682	0.04049	0.01048	0.01113	0.04079	0.10154	0.26573	0.08787	0.23308	0.01265	0.00299	0.00441	0.04834	0.00454	0.00488
6	0.01648	0.01235	0.04773	0.35203	0.02588	0.05236	0.01244	0.14455	0.01532	0.20449	0.01455	0.05268	0.01083	0.00672	0.00567	0.00180	0.00658	0.00559	0.00429	0.00767
7	0.15089	0.05035	0.01519	0.01169	0.01570	0.05605	0.00956	0.41611	0.16926	0.02930	0.01398	0.01394	0.01032	0.00655	0.00519	0.00171	0.00575	0.00484	0.00502	0.00862
8	0.01860	0.01280	0.01415	0.01166	0.01550	0.01402	0.00937	0.26467	0.37402	0.17247	0.01969	0.01819	0.01406	0.00722	0.00568	0.00180	0.00509	0.00580	0.00594	0.00925
9	0.28196	0.04124	0.06248	0.01285	0.08485	0.04647	0.04465	0.05410	0.03297	0.26601	0.01377	0.01386	0.00963	0.00590	0.00489	0.00171	0.00561	0.00452	0.00454	0.00799
10	0.06290	0.01203	0.01504	0.06541	0.17570	0.04115	0.01027	0.08955	0.03903	0.09476	0.01194	0.01340	0.00921	0.00522	0.00490	0.00137	0.00544	0.00430	0.00382	0.33458
11	0.00852	0.00556	0.00741	0.00833	0.00907	0.00528	0.00604	0.00982	0.01129	0.05835	0.02895	0.52243	0.03321	0.09316	0.00932	0.00263	0.00398	0.16663	0.00514	0.00488
12	0.00948	0.00678	0.00874	0.00973	0.04917	0.00664	0.00662	0.03961	0.07457	0.05666	0.07512	0.48554	0.09082	0.01443	0.00679	0.00212	0.00374	0.04245	0.00530	0.00570

[dist]
# distance from previous block
# <min> <max>
8	26

[block]
# block no. 5 follows, 42 sequences, length 10
# corresponding to MSA columns:
# 620-629
name=unknown_F
#
# <colnr> <probs for GDERKNQSTAVLIFYWHMCP>
#	G	D	E	R	K	N	Q	S	T	A	V	L	I	F	Y	W	H	M	C	P
0	0.01355	0.05266	0.05286	0.08914	0.01691	0.07515	0.01051	0.08550	0.19743	0.03316	0.04647	0.06116	0.06916	0.00855	0.00821	0.00193	0.15990	0.00638	0.00417	0.00719
1	0.00685	0.00522	0.00630	0.00707	0.00798	0.00467	0.00490	0.00807	0.01175	0.01509	0.07935	0.50333	0.28685	0.01615	0.00697	0.00213	0.00309	0.01428	0.00528	0.00467
2	0.04736	0.22257	0.14880	0.01176	0.01646	0.03274	0.02781	0.19268	0.05588	0.06963	0.07261	0.01531	0.01272	0.00794	0.04044	0.00194	0.00654	0.00486	0.00404	0.00791
3	0.00883	0.00678	0.00826	0.07019	0.01143	0.00662	0.00647	0.06158	0.01433	0.01896	0.23141	0.08152	0.30409	0.01220	0.00650	0.00191	0.00367	0.08992	0.04989	0.00542
4	0.03279	0.01010	0.01497	0.11611	0.01795	0.03904	0.15287	0.05856	0.04530	0.05632	0.27316	0.03920	0.05837	0.00831	0.00608	0.00179	0.00538	0.00758	0.04959	0.00651
5	0.01076	0.01002	0.01676	0.64546	0.11390	0.01202	0.01497	0.01438	0.01180	0.01546	0.07076	0.01706	0.01132	0.00603	0.00570	0.00185	0.00702	0.00542	0.00283	0.00646
6	0.04993	0.00588	0.00703	0.00745	0.00872	0.00572	0.00577	0.01089	0.01270	0.01873	0.18425	0.19750	0.09818	0.01251	0.00625	0.00197	0.00344	0.17005	0.18792	0.00510
7	0.01523	0.01380	0.01965	0.12383	0.31363	0.04853	0.06478	0.18819	0.01584	0.02162	0.01109	0.01360	0.00871	0.00541	0.00547	0.00160	0.00671	0.00486	0.00349	0.11395
8	0.01521	0.65206	0.10757	0.01061	0.01577	0.02086	0.01091	0.08255	0.01283	0.01572	0.00858	0.00973	0.00742	0.00505	0.00398	0.00131	0.00628	0.00332	0.00269	0.00755
9	0.01871	0.00796	0.01057	0.00887	0.01168	0.00708	0.00679	0.02025	0.01363	0.49067	0.02285	0.15778	0.01925	0.16484	0.01043	0.00256	0.00466	0.00795	0.00597	0.00750

[dist]
# distance from previous block
# <min> <max>
0	14

[block]
# block no. 6 follows, 42 sequences, length 18
# corresponding to MSA columns:
# 644-661
name=unknown_G
#
# <colnr> <probs for GDERKNQSTAVLIFYWHMCP>
#	G	D	E	R	K	N	Q	S	T	A	V	L	I	F	Y	W	H	M	C	P
0	0.02152	0.02479	0.01561	0.01397	0.01704	0.68859	0.01057	0.02306	0.01597	0.10315	0.01029	0.01121	0.00804	0.00594	0.00514	0.00148	0.00952	0.00386	0.00338	0.00688
1	0.05357	0.01333	0.07595	0.10870	0.04358	0.01213	0.33228	0.06834	0.01351	0.05783	0.01573	0.11075	0.03242	0.00729	0.00622	0.00192	0.00732	0.02834	0.00363	0.00719
2	0.04459	0.01385	0.07188	0.01580	0.07181	0.01460	0.10238	0.15243	0.04400	0.06032	0.07156	0.01595	0.01238	0.00770	0.01008	0.00200	0.27174	0.00556	0.00382	0.00754
3	0.13904	0.17542	0.10361	0.01117	0.01579	0.02899	0.01041	0.18616	0.01581	0.21366	0.01304	0.01311	0.00930	0.00613	0.00534	0.00165	0.03428	0.00437	0.00447	0.00827
4	0.01377	0.01204	0.01337	0.01041	0.01458	0.06486	0.03446	0.13834	0.07665	0.02082	0.02508	0.01438	0.01057	0.00909	0.08506	0.00201	0.00625	0.00441	0.00389	0.43996
5	0.01948	0.01644	0.01501	0.01212	0.01609	0.18708	0.00968	0.36357	0.07302	0.08172	0.01352	0.01379	0.00996	0.00630	0.00527	0.00154	0.00648	0.00468	0.03797	0.10628
6	0.03998	0.01724	0.01955	0.05344	0.32155	0.25880	0.07739	0.01850	0.01357	0.01691	0.00988	0.01246	0.00814	0.00517	0.00528	0.00153	0.00771	0.00445	0.00290	0.10553
7	0.06461	0.01183	0.01447	0.01256	0.06864	0.01193	0.00951	0.21445	0.10567	0.39854	0.01844	0.01701	0.01241	0.00676	0.00554	0.00174	0.00523	0.00541	0.00599	0.00927
8	0.01001	0.00820	0.01078	0.10089	0.01428	0.00853	0.02917	0.01590	0.18592	0.02149	0.44525	0.03172	0.03594	0.00936	0.00619	0.00177	0.00392	0.00825	0.00541	0.04703
9	0.00756	0.00574	0.00697	0.00666	0.00816	0.00514	0.00499	0.00984	0.01498	0.02031	0.54776	0.04575	0.27089	0.01235	0.00664	0.00181	0.00271	0.01070	0.00590	0.00514
10	0.01394	0.01465	0.02527	0.13418	0.11462	0.07879	0.39336	0.05593	0.03728	0.01840	0.01167	0.01496	0.00893	0.00528	0.00602	0.00179	0.00826	0.00579	0.04339	0.00749
11	0.01902	0.01197	0.01380	0.01109	0.01469	0.01271	0.00900	0.41678	0.02032	0.18657	0.01704	0.07204	0.01325	0.01175	0.09704	0.00259	0.00655	0.00609	0.04923	0.00845
12	0.00829	0.00591	0.00759	0.00731	0.00867	0.00551	0.00546	0.01105	0.03453	0.03557	0.60684	0.11848	0.08699	0.01215	0.00667	0.00185	0.00286	0.02287	0.00603	0.00538
13	0.01607	0.05796	0.04596	0.01982	0.10413	0.10522	0.31466	0.12260	0.01508	0.06303	0.01137	0.01380	0.00869	0.00574	0.00688	0.00179	0.07048	0.00543	0.00341	0.00789
14	0.00828	0.00542	0.00621	0.00621	0.00621	0.00542	0.00350	0.00813	0.00813	0.01085	0.01727	0.03569	0.01984	0.75691	0.02826	0.05356	0.00542	0.00799	0.00335	0.00335
15	0.01231	0.01231	0.01724	0.01477	0.01477	0.01724	0.01231	0.01354	0.00862	0.01354	0.00739	0.01231	0.00739	0.00985	0.01847	0.00246	0.79192	0.00492	0.00246	0.00616
16	0.01362	0.01096	0.02839	0.15820	0.06241	0.00973	0.00971	0.07193	0.01321	0.08998	0.01146	0.01328	0.00881	0.00498	0.00480	0.00125	0.00524	0.00411	0.00365	0.47427
17	0.08121	0.05634	0.01628	0.01296	0.01654	0.28271	0.05237	0.20443	0.10215	0.06139	0.01339	0.05148	0.01077	0.00674	0.00532	0.00165	0.00721	0.00511	0.00425	0.00769

[dist]
# distance from previous block
# <min> <max>
0	4

[block]
# block no. 7 follows, 42 sequences, length 19
# corresponding to MSA columns:
# 669-687
name=unknown_H
#
# <colnr> <probs for GDERKNQSTAVLIFYWHMCP>
#	G	D	E	R	K	N	Q	S	T	A	V	L	I	F	Y	W	H	M	C	P
0	0.50751	0.01377	0.12049	0.02634	0.01522	0.01241	0.04999	0.05391	0.01187	0.12662	0.01065	0.01158	0.00765	0.00554	0.00437	0.00176	0.00542	0.00390	0.00385	0.00715
1	0.04141	0.01424	0.08650	0.01532	0.02063	0.01202	0.26947	0.11918	0.01499	0.15078	0.01302	0.01439	0.00937	0.00535	0.00558	0.00159	0.00680	0.00520	0.00403	0.19013
2	0.00740	0.00511	0.00631	0.00720	0.00793	0.00474	0.00498	0.00874	0.01138	0.01565	0.05137	0.55092	0.13978	0.01543	0.00666	0.00209	0.00314	0.02731	0.11915	0.00472
3	0.00905	0.00565	0.00728	0.00784	0.00858	0.00535	0.00545	0.01009	0.01089	0.07978	0.02738	0.43200	0.04868	0.21592	0.01256	0.00307	0.00417	0.09656	0.00491	0.00479
4	0.00806	0.00531	0.00701	0.00797	0.00853	0.00501	0.00550	0.00912	0.01093	0.04978	0.02903	0.61500	0.03386	0.10349	0.00953	0.00264	0.00374	0.07566	0.00510	0.00473
5	0.01624	0.01069	0.01220	0.01057	0.01384	0.01149	0.00832	0.02700	0.47663	0.21893	0.10931	0.02297	0.02053	0.00791	0.00582	0.00185	0.00433	0.00662	0.00611	0.00866
6	0.05370	0.00971	0.01242	0.00996	0.01374	0.00900	0.00805	0.10852	0.01633	0.55234	0.02185	0.12530	0.01632	0.00834	0.00578	0.00181	0.00473	0.00691	0.00644	0.00875
7	0.65888	0.01349	0.01006	0.00885	0.01234	0.11852	0.00715	0.07996	0.01190	0.02455	0.00844	0.00965	0.00655	0.00543	0.00389	0.00170	0.00531	0.00330	0.00359	0.00645
8	0.00848	0.00677	0.00997	0.20691	0.01669	0.00747	0.00857	0.01090	0.03376	0.01456	0.02237	0.35608	0.02441	0.04799	0.12516	0.00335	0.00645	0.08076	0.00414	0.00522
9	0.01429	0.60397	0.02853	0.10257	0.01934	0.02002	0.11169	0.01672	0.01167	0.01403	0.00857	0.01057	0.00744	0.00490	0.00426	0.00138	0.00667	0.00374	0.00248	0.00716
10	0.01634	0.01794	0.02050	0.02773	0.51230	0.27381	0.01510	0.01904	0.01388	0.01682	0.00994	0.01264	0.00835	0.00528	0.00540	0.00160	0.00786	0.00454	0.00282	0.00810
11	0.01347	0.01122	0.01497	0.07896	0.01775	0.01249	0.09540	0.03535	0.43122	0.06451	0.01935	0.02071	0.01495	0.01201	0.11234	0.00289	0.00683	0.02285	0.00480	0.00796
12	0.00689	0.00523	0.00628	0.00701	0.00790	0.00470	0.00483	0.00806	0.01161	0.01490	0.07380	0.47968	0.28460	0.04739	0.00783	0.00226	0.00318	0.01401	0.00520	0.00462
13	0.01126	0.01069	0.01655	0.46266	0.02834	0.01402	0.01390	0.01401	0.01027	0.01432	0.00934	0.01422	0.00773	0.00727	0.01045	0.00208	0.30620	0.00498	0.03553	0.00618
14	0.00730	0.00526	0.00622	0.00679	0.00731	0.00493	0.00438	0.00801	0.01024	0.01327	0.03133	0.37383	0.17531	0.30249	0.01489	0.00336	0.00398	0.01234	0.00456	0.00418
15	0.00815	0.00560	0.00688	0.00688	0.00713	0.00586	0.00433	0.00866	0.00840	0.01146	0.01706	0.03308	0.01883	0.60892	0.21972	0.00637	0.00790	0.00764	0.00331	0.00382
16	0.01492	0.14875	0.09087	0.05649	0.07852	0.01545	0.32530	0.10330	0.01430	0.06142	0.01131	0.01372	0.00857	0.00536	0.00601	0.00173	0.02744	0.00534	0.00326	0.00793
17	0.00912	0.00632	0.00743	0.00701	0.00887	0.00571	0.00530	0.01177	0.05045	0.08309	0.32662	0.08678	0.34567	0.01243	0.00655	0.00186	0.00304	0.01065	0.00578	0.00557
18	0.06504	0.52443	0.02490	0.01294	0.10250	0.03974	0.01039	0.08167	0.06138	0.01718	0.00965	0.01081	0.00820	0.00524	0.00418	0.00139	0.00602	0.00366	0.00303	0.00765

[dist]
# distance from previous block
# <min> <max>
1	13

[block]
# block no. 8 follows, 42 sequences, length 24
# corresponding to MSA columns:
# 701-724
name=unknown_I
#
# <colnr> <probs for GDERKNQSTAVLIFYWHMCP>
#	G	D	E	R	K	N	Q	S	T	A	V	L	I	F	Y	W	H	M	C	P
0	0.15408	0.04344	0.09685	0.01452	0.11571	0.01421	0.01130	0.26168	0.08715	0.10912	0.02983	0.01446	0.01071	0.00626	0.00520	0.00172	0.00578	0.00485	0.00460	0.00853
1	0.08602	0.01545	0.11821	0.10112	0.05995	0.14127	0.03690	0.01756	0.10453	0.01769	0.04090	0.01996	0.09557	0.00848	0.03379	0.00202	0.03526	0.01734	0.00359	0.04439
2	0.04176	0.01980	0.01405	0.01215	0.01542	0.44456	0.00934	0.12454	0.01628	0.03767	0.01095	0.01224	0.00866	0.00583	0.00488	0.00141	0.00768	0.00401	0.09653	0.11226
3	0.01871	0.06853	0.09421	0.04572	0.04423	0.04259	0.01085	0.16635	0.11442	0.25583	0.01602	0.01560	0.01123	0.00633	0.00536	0.00165	0.00582	0.00501	0.00500	0.06656
4	0.01387	0.01248	0.01795	0.08648	0.47112	0.07573	0.01365	0.01691	0.01284	0.03880	0.01228	0.01527	0.00992	0.00550	0.00520	0.00160	0.00616	0.00496	0.17153	0.00777
5	0.00844	0.00668	0.00897	0.16539	0.01444	0.00666	0.00714	0.01093	0.01402	0.03368	0.37560	0.03987	0.26499	0.01108	0.00642	0.00183	0.00374	0.00957	0.00516	0.00541
6	0.01336	0.01985	0.35886	0.01892	0.17179	0.01375	0.01677	0.01750	0.01163	0.08578	0.01062	0.01307	0.00818	0.00657	0.00876	0.00193	0.20708	0.00466	0.00290	0.00800
7	0.24936	0.01385	0.01218	0.01056	0.02609	0.13761	0.00825	0.23078	0.01690	0.05702	0.09952	0.01888	0.08197	0.00736	0.00514	0.00169	0.00557	0.00548	0.00462	0.00717
8	0.00737	0.00564	0.00676	0.00667	0.00809	0.00503	0.00493	0.00939	0.01424	0.01900	0.42779	0.13116	0.30718	0.01318	0.00670	0.00187	0.00279	0.01144	0.00574	0.00503
9	0.01008	0.00886	0.01335	0.01139	0.01224	0.01038	0.10114	0.01131	0.00907	0.01290	0.01342	0.02470	0.01413	0.36154	0.11828	0.00454	0.24797	0.00672	0.00300	0.00499
10	0.00758	0.00533	0.00660	0.00698	0.00750	0.00506	0.00458	0.00864	0.01120	0.01519	0.20458	0.32326	0.06354	0.28749	0.01446	0.00324	0.00386	0.01173	0.00483	0.00435
11	0.01466	0.01391	0.04817	0.04435	0.24242	0.02651	0.11173	0.16496	0.01530	0.02156	0.01106	0.01328	0.00869	0.00514	0.00533	0.00148	0.00642	0.00472	0.00350	0.23681
12	0.01577	0.60647	0.04700	0.01240	0.07209	0.12197	0.01069	0.03129	0.01243	0.01424	0.00832	0.00971	0.00739	0.00501	0.00404	0.00130	0.00668	0.00331	0.00256	0.00733
13	0.00765	0.00538	0.00705	0.00809	0.00857	0.00520	0.00576	0.00881	0.01076	0.01425	0.02803	0.47084	0.03268	0.17642	0.01168	0.00300	0.00416	0.18234	0.00485	0.00448
14	0.01237	0.00939	0.01122	0.00843	0.01285	0.00724	0.00665	0.01467	0.01197	0.08636	0.01347	0.10052	0.01208	0.00593	0.00464	0.00108	0.00412	0.00496	0.00388	0.66816
15	0.00739	0.00582	0.00674	0.00688	0.00850	0.00517	0.00536	0.00930	0.01356	0.01727	0.22561	0.07311	0.44671	0.01389	0.00685	0.00199	0.00321	0.13224	0.00546	0.00496
16	0.01207	0.00982	0.01377	0.04183	0.09859	0.01076	0.04551	0.11109	0.08375	0.03286	0.03819	0.13211	0.01921	0.03935	0.10378	0.00304	0.07817	0.11509	0.00431	0.00670
17	0.01586	0.26001	0.10546	0.01234	0.01693	0.05988	0.09789	0.16611	0.01530	0.05688	0.01199	0.01334	0.00926	0.00568	0.00481	0.00151	0.00639	0.00449	0.12822	0.00764
18	0.02174	0.00880	0.01194	0.00942	0.01316	0.00767	0.00767	0.02401	0.01607	0.61907	0.17283	0.02380	0.02188	0.00789	0.00586	0.00175	0.00436	0.00658	0.00681	0.00871
19	0.01510	0.08414	0.02042	0.05357	0.27567	0.01297	0.12233	0.08411	0.01393	0.10263	0.01304	0.01584	0.01026	0.03432	0.00650	0.00179	0.02362	0.00529	0.09656	0.00791
20	0.00854	0.00531	0.00661	0.00667	0.00673	0.00534	0.00406	0.00803	0.00811	0.01086	0.01605	0.06352	0.01802	0.52308	0.06210	0.22727	0.00567	0.00754	0.00321	0.00328
21	0.01377	0.01122	0.01220	0.01098	0.01384	0.01262	0.00857	0.13937	0.47923	0.02395	0.05877	0.11880	0.02088	0.00928	0.00603	0.00194	0.00453	0.04023	0.00565	0.00813
22	0.23511	0.08573	0.01386	0.01108	0.04042	0.03637	0.03695	0.16389	0.01453	0.05372	0.03495	0.13731	0.01560	0.00852	0.00555	0.00183	0.02104	0.06108	0.01556	0.00689
23	0.27185	0.28347	0.01965	0.04998	0.17582	0.02938	0.01046	0.04370	0.01193	0.04514	0.00924	0.01092	0.00757	0.00518	0.00425	0.00154	0.00575	0.00372	0.00311	0.00734

[dist]
# distance from previous block
# <min> <max>
0	6

[block]
# block no. 9 follows, 42 sequences, length 28
# corresponding to MSA columns:
# 731-757,765
name=unknown_J
#
# <colnr> <probs for GDERKNQSTAVLIFYWHMCP>
#	G	D	E	R	K	N	Q	S	T	A	V	L	I	F	Y	W	H	M	C	P
0	0.19695	0.02885	0.09443	0.05044	0.09561	0.01342	0.06145	0.08047	0.21015	0.03791	0.01468	0.01738	0.01161	0.00663	0.00546	0.00184	0.01566	0.04515	0.00411	0.00781
1	0.01209	0.01192	0.05139	0.33753	0.07251	0.04617	0.06438	0.09738	0.01340	0.01752	0.01490	0.14378	0.01406	0.00826	0.00639	0.00194	0.02920	0.04701	0.00350	0.00666
2	0.01178	0.00649	0.00849	0.00782	0.00972	0.00582	0.00592	0.01386	0.01464	0.19998	0.37451	0.19374	0.10094	0.01191	0.00652	0.00188	0.00331	0.01044	0.00610	0.00613
3	0.00771	0.00572	0.00706	0.00708	0.00823	0.00532	0.00508	0.00998	0.03490	0.01876	0.41514	0.20704	0.15737	0.07482	0.00845	0.00219	0.00309	0.01144	0.00560	0.00502
4	0.00997	0.00682	0.00849	0.00874	0.01020	0.00688	0.00671	0.01418	0.13318	0.06028	0.15076	0.28678	0.03252	0.01308	0.00664	0.00209	0.00379	0.16178	0.07124	0.00586
5	0.01705	0.01229	0.01352	0.01096	0.01466	0.01316	0.00882	0.32924	0.21719	0.08747	0.09187	0.01905	0.01646	0.00727	0.00555	0.00167	0.00492	0.00584	0.04827	0.07474
6	0.70764	0.01074	0.00953	0.00986	0.07293	0.01220	0.00725	0.01621	0.01011	0.02402	0.00981	0.01387	0.00842	0.00603	0.00400	0.00180	0.00461	0.06116	0.00356	0.00625
7	0.01307	0.01271	0.01462	0.34314	0.02489	0.13457	0.01122	0.01593	0.01229	0.03448	0.01009	0.01303	0.00794	0.00512	0.00498	0.00140	0.00658	0.00415	0.00300	0.32678
8	0.01063	0.01000	0.01688	0.78870	0.03876	0.01250	0.01563	0.01438	0.01125	0.01438	0.01000	0.01500	0.00750	0.00563	0.00563	0.00188	0.00750	0.00500	0.00250	0.00625
9	0.01365	0.01496	0.13963	0.04980	0.09652	0.01174	0.10065	0.11979	0.04678	0.03117	0.01147	0.01328	0.00883	0.00514	0.00516	0.00143	0.00620	0.00452	0.00350	0.31577
10	0.00865	0.00651	0.00885	0.00832	0.00883	0.00717	0.03194	0.00952	0.00866	0.01202	0.01590	0.02971	0.01709	0.48300	0.25316	0.00617	0.06983	0.00723	0.00320	0.00426
11	0.00984	0.00698	0.00811	0.00827	0.00889	0.00664	0.00534	0.00998	0.01088	0.01470	0.05148	0.19415	0.09667	0.42301	0.11325	0.00503	0.00650	0.01047	0.00467	0.00516
12	0.00830	0.00634	0.00879	0.00875	0.00932	0.00729	0.00644	0.00961	0.00909	0.01283	0.01750	0.15010	0.01861	0.20859	0.40794	0.00648	0.08790	0.00802	0.00341	0.00469
13	0.01350	0.04351	0.01219	0.00990	0.01247	0.01133	0.00782	0.25632	0.11262	0.02250	0.08169	0.05021	0.08826	0.04041	0.13327	0.07909	0.00654	0.00684	0.00472	0.00682
14	0.00819	0.00625	0.00919	0.00913	0.01002	0.00733	0.00705	0.01003	0.00907	0.01305	0.01554	0.05695	0.01506	0.07163	0.67838	0.00829	0.05023	0.00651	0.00310	0.00499
15	0.01554	0.74177	0.02838	0.01003	0.01469	0.08435	0.00973	0.01731	0.01180	0.01328	0.00790	0.00912	0.00722	0.00490	0.00373	0.00122	0.00636	0.00306	0.00245	0.00716
16	0.00894	0.00617	0.00754	0.00758	0.00913	0.00566	0.00575	0.03313	0.01371	0.06640	0.21077	0.22876	0.26555	0.01387	0.00681	0.00202	0.00340	0.09388	0.00557	0.00535
17	0.01184	0.04092	0.46604	0.01318	0.01939	0.01120	0.02910	0.01727	0.04416	0.07232	0.11034	0.01925	0.06141	0.00681	0.00555	0.00173	0.00657	0.00558	0.00357	0.05377
18	0.08955	0.01142	0.01490	0.07557	0.11004	0.01149	0.01027	0.16061	0.03565	0.39705	0.01697	0.01632	0.01140	0.00645	0.00546	0.00174	0.00546	0.00522	0.00552	0.00892
19	0.66286	0.13937	0.01197	0.00791	0.01165	0.01394	0.00679	0.01720	0.01024	0.06471	0.00863	0.00968	0.00671	0.00525	0.00362	0.00165	0.00465	0.00319	0.00350	0.00647
20	0.01518	0.01187	0.01585	0.03766	0.25596	0.05477	0.01142	0.06787	0.09296	0.13672	0.14475	0.03992	0.01875	0.00756	0.00672	0.00179	0.06140	0.00635	0.00456	0.00793
21	0.01142	0.00739	0.00885	0.00787	0.00990	0.00706	0.00599	0.10492	0.01578	0.11017	0.34674	0.07876	0.17385	0.07603	0.00823	0.00211	0.00365	0.00947	0.00575	0.00605
22	0.05372	0.14240	0.01728	0.01201	0.01581	0.07918	0.04177	0.22756	0.23083	0.04511	0.01593	0.03686	0.01278	0.00711	0.00536	0.00172	0.00590	0.03578	0.00470	0.00819
23	0.01208	0.01161	0.02009	0.31502	0.35275	0.01265	0.07385	0.01548	0.01192	0.01635	0.01138	0.04980	0.00973	0.00709	0.03006	0.00205	0.03223	0.00566	0.00279	0.00740
24	0.00697	0.00571	0.00614	0.00604	0.00780	0.00489	0.00453	0.00869	0.01358	0.01699	0.22884	0.05121	0.59188	0.01358	0.00665	0.00187	0.00280	0.01146	0.00546	0.00489
25	0.01124	0.00924	0.01076	0.00819	0.01216	0.00740	0.00633	0.03595	0.01160	0.01755	0.01240	0.03081	0.01165	0.13397	0.00835	0.00169	0.00446	0.02954	0.00351	0.63321
26	0.23858	0.01446	0.01538	0.28896	0.08789	0.17128	0.03480	0.05482	0.01275	0.01874	0.00942	0.01225	0.00733	0.00553	0.00496	0.00172	0.00712	0.00424	0.00305	0.00671
27	0.00772	0.00628	0.00748	0.00761	0.00898	0.02481	0.02088	0.00948	0.01309	0.01689	0.21532	0.26159	0.29344	0.01424	0.00685	0.00202	0.00343	0.06957	0.00535	0.00497

[dist]
# distance from previous block
# <min> <max>
3	27

[block]
# block no. 10 follows, 42 sequences, length 12
# corresponding to MSA columns:
# 796-807
name=unknown_K
#
# <colnr> <probs for GDERKNQSTAVLIFYWHMCP>
#	G	D	E	R	K	N	Q	S	T	A	V	L	I	F	Y	W	H	M	C	P
0	0.01457	0.07708	0.04963	0.02599	0.45710	0.02619	0.07873	0.01815	0.03483	0.06926	0.01138	0.01389	0.00915	0.00536	0.00595	0.00165	0.03841	0.00493	0.00314	0.05463
1	0.01155	0.07545	0.66196	0.01498	0.02280	0.01316	0.01889	0.01745	0.01184	0.01758	0.00995	0.01169	0.00724	0.00521	0.00514	0.00167	0.00782	0.00402	0.00246	0.07914
2	0.01251	0.01106	0.01737	0.26235	0.31650	0.01167	0.01384	0.01664	0.06591	0.04506	0.01499	0.01933	0.04850	0.00640	0.00565	0.00174	0.00622	0.04236	0.00336	0.07854
3	0.05989	0.01437	0.01980	0.07145	0.35343	0.04403	0.04678	0.25538	0.01701	0.02373	0.01123	0.01347	0.00877	0.00579	0.00590	0.00172	0.03000	0.00494	0.00373	0.00858
4	0.00957	0.00809	0.04763	0.13298	0.01404	0.04607	0.00787	0.01003	0.00986	0.01276	0.01718	0.26786	0.01866	0.03416	0.01281	0.31422	0.00525	0.02320	0.00344	0.00432
5	0.01328	0.09682	0.46621	0.01420	0.02053	0.06585	0.01623	0.09251	0.06722	0.01917	0.01252	0.04078	0.01009	0.00644	0.00538	0.00175	0.00744	0.03236	0.00319	0.00802
6	0.01504	0.01362	0.01768	0.15373	0.21421	0.07488	0.04561	0.18837	0.10793	0.02158	0.01432	0.08179	0.01212	0.00698	0.00576	0.00179	0.00655	0.00609	0.00398	0.00798
7	0.00815	0.00583	0.00682	0.00693	0.00757	0.00576	0.00474	0.00902	0.01024	0.01348	0.06233	0.05742	0.16384	0.45143	0.01928	0.00397	0.02615	0.10864	0.02428	0.00414
8	0.01583	0.01141	0.10232	0.04939	0.01510	0.00944	0.00944	0.08687	0.07439	0.26340	0.19248	0.02405	0.03937	0.00976	0.04541	0.00213	0.00537	0.00665	0.02946	0.00774
9	0.01212	0.00760	0.00926	0.00812	0.01029	0.00742	0.00631	0.09190	0.05649	0.12025	0.46610	0.03347	0.05763	0.00986	0.00612	0.00173	0.00340	0.00847	0.07698	0.00648
10	0.08012	0.01580	0.01695	0.01311	0.01751	0.05909	0.04900	0.59420	0.02364	0.05573	0.01300	0.01327	0.00927	0.00649	0.00550	0.00169	0.00641	0.00494	0.00522	0.00905
11	0.08503	0.09394	0.05646	0.10711	0.06122	0.09121	0.05173	0.05546	0.01294	0.04085	0.01013	0.01209	0.00803	0.00503	0.00473	0.00137	0.00618	0.00400	0.00323	0.28926

[dist]
# distance from previous block
# <min> <max>
0	7

[block]
# block no. 11 follows, 42 sequences, length 27
# corresponding to MSA columns:
# 815-838,840-842
name=unknown_L
#
# <colnr> <probs for GDERKNQSTAVLIFYWHMCP>
#	G	D	E	R	K	N	Q	S	T	A	V	L	I	F	Y	W	H	M	C	P
0	0.07949	0.12952	0.18927	0.06966	0.06545	0.01575	0.11594	0.22886	0.01607	0.02268	0.01079	0.01254	0.00810	0.00559	0.00525	0.00169	0.00708	0.00463	0.00351	0.00814
1	0.01105	0.00937	0.01257	0.09569	0.01547	0.01113	0.02118	0.03168	0.17130	0.01698	0.03506	0.14481	0.01960	0.01161	0.01026	0.05634	0.18307	0.13244	0.00422	0.00618
2	0.00949	0.00595	0.00701	0.00697	0.00866	0.00526	0.00517	0.01109	0.01282	0.11111	0.09175	0.24778	0.34990	0.01347	0.00647	0.00194	0.00322	0.02525	0.07129	0.00540
3	0.01895	0.00863	0.01133	0.00938	0.01256	0.00787	0.00745	0.07716	0.01600	0.46095	0.15078	0.15056	0.02416	0.00948	0.00608	0.00183	0.00428	0.00809	0.00644	0.00802
4	0.00793	0.00549	0.00658	0.00703	0.00739	0.00537	0.00460	0.00857	0.00965	0.01269	0.02455	0.19875	0.07220	0.48539	0.02004	0.00419	0.00480	0.10667	0.00414	0.00397
5	0.07714	0.00615	0.00712	0.00755	0.00885	0.00605	0.00561	0.01071	0.04265	0.01760	0.12820	0.32030	0.16209	0.01425	0.02300	0.00219	0.00364	0.08244	0.06934	0.00513
6	0.74623	0.01053	0.00853	0.00755	0.01097	0.01196	0.00619	0.01691	0.01033	0.07188	0.04912	0.01153	0.00910	0.00567	0.00379	0.00174	0.00429	0.00359	0.00385	0.00627
7	0.01711	0.15086	0.07848	0.01500	0.10543	0.22520	0.01159	0.20802	0.01681	0.02028	0.01373	0.01487	0.06153	0.00744	0.02830	0.00178	0.00751	0.00476	0.00364	0.00769
8	0.03570	0.44213	0.07879	0.01386	0.07651	0.10527	0.07267	0.03839	0.01291	0.06285	0.00966	0.01102	0.00792	0.00517	0.00449	0.00143	0.00688	0.00385	0.00293	0.00757
9	0.84197	0.01088	0.00827	0.00740	0.01088	0.01262	0.00609	0.01654	0.00958	0.02525	0.00784	0.00914	0.00609	0.00522	0.00348	0.00174	0.00435	0.00305	0.00348	0.00609
10	0.01160	0.05165	0.01215	0.01111	0.05894	0.03301	0.00814	0.12141	0.07238	0.01839	0.07697	0.02508	0.05014	0.08673	0.30220	0.00483	0.00904	0.03590	0.00404	0.00629
11	0.00867	0.00596	0.00730	0.00738	0.00895	0.00535	0.00566	0.01054	0.01350	0.07032	0.22519	0.18023	0.30138	0.01382	0.00683	0.00202	0.00334	0.11273	0.00559	0.00526
12	0.01204	0.12085	0.01201	0.00830	0.01077	0.01010	0.00658	0.15849	0.01516	0.05262	0.14010	0.07790	0.21117	0.12846	0.00928	0.00229	0.00443	0.00842	0.00486	0.00615
13	0.00850	0.00692	0.00739	0.00789	0.00881	0.06636	0.00555	0.01006	0.01263	0.01684	0.20970	0.45647	0.07576	0.01424	0.00663	0.00200	0.00360	0.01262	0.06309	0.00496
14	0.00875	0.00582	0.00746	0.00738	0.00860	0.00548	0.00542	0.01079	0.01382	0.05938	0.39755	0.24923	0.09802	0.01279	0.00681	0.00190	0.02028	0.01122	0.06400	0.00530
15	0.05244	0.24751	0.04068	0.01347	0.06922	0.07730	0.01094	0.37733	0.01921	0.02520	0.01095	0.01175	0.00845	0.00589	0.00490	0.00153	0.00646	0.00424	0.00410	0.00843
16	0.19223	0.01121	0.05493	0.01023	0.01391	0.01045	0.03035	0.11224	0.05447	0.27542	0.04510	0.13301	0.01623	0.00820	0.00547	0.00183	0.00489	0.00672	0.00532	0.00777
17	0.01367	0.02378	0.03923	0.24810	0.19909	0.01234	0.01305	0.11299	0.03212	0.07442	0.06634	0.07730	0.01430	0.00728	0.00633	0.00183	0.04022	0.00625	0.00385	0.00750
18	0.01757	0.01336	0.01447	0.01170	0.01541	0.01479	0.00945	0.46125	0.20487	0.03060	0.12783	0.01961	0.01794	0.00768	0.00580	0.00176	0.00524	0.00615	0.00574	0.00877
19	0.07493	0.00928	0.01321	0.11034	0.16669	0.03280	0.02471	0.01326	0.01071	0.01605	0.01385	0.07256	0.01282	0.03788	0.26422	0.00429	0.04117	0.00605	0.06903	0.00613
20	0.01175	0.05405	0.42889	0.13258	0.02666	0.01354	0.17908	0.01705	0.01203	0.01704	0.01074	0.01434	0.00818	0.00561	0.00597	0.00184	0.02633	0.02409	0.00258	0.00767
21	0.01187	0.00851	0.01090	0.01073	0.06920	0.00861	0.00731	0.10533	0.08902	0.01749	0.06592	0.03123	0.01467	0.06449	0.06126	0.29272	0.00554	0.00569	0.00373	0.11576
22	0.01034	0.00914	0.06269	0.05767	0.01284	0.00816	0.00797	0.07009	0.01386	0.06683	0.13164	0.10631	0.30432	0.01168	0.00736	0.00195	0.06516	0.04110	0.00491	0.00598
23	0.54184	0.07410	0.01233	0.01040	0.06473	0.01320	0.00794	0.01788	0.01078	0.12554	0.00997	0.01109	0.00756	0.00577	0.00510	0.00175	0.06572	0.00369	0.00375	0.00686
24	0.03324	0.09841	0.09443	0.01203	0.01610	0.15882	0.01054	0.14216	0.15076	0.08067	0.05357	0.01532	0.01246	0.00655	0.00565	0.00162	0.03269	0.00488	0.00429	0.06582
25	0.00798	0.00609	0.00847	0.12409	0.01278	0.00630	0.00682	0.00971	0.01148	0.01539	0.15395	0.31054	0.07107	0.12249	0.06962	0.00308	0.00507	0.04563	0.00457	0.00487
26	0.01387	0.01335	0.02324	0.13026	0.51471	0.01364	0.12548	0.06285	0.01354	0.01888	0.01081	0.01423	0.00871	0.00516	0.00574	0.00173	0.00718	0.00526	0.00294	0.00841

[dist]
# distance from previous block
# <min> <max>
0	2

[block]
# block no. 12 follows, 42 sequences, length 11
# corresponding to MSA columns:
# 845-855
name=unknown_M
#
# <colnr> <probs for GDERKNQSTAVLIFYWHMCP>
#	G	D	E	R	K	N	Q	S	T	A	V	L	I	F	Y	W	H	M	C	P
0	0.00951	0.00644	0.00911	0.07126	0.01283	0.00644	0.00827	0.01163	0.01230	0.06447	0.02814	0.29936	0.03082	0.01489	0.00727	0.00238	0.00471	0.38973	0.00510	0.00535
1	0.08578	0.01931	0.01459	0.01262	0.01605	0.38445	0.00981	0.13085	0.12551	0.12713	0.01334	0.01344	0.00990	0.00633	0.00521	0.00162	0.00751	0.00448	0.00434	0.00772
2	0.54426	0.01296	0.05112	0.00939	0.01343	0.01355	0.00814	0.19668	0.01426	0.07546	0.01027	0.01100	0.00751	0.00572	0.00425	0.00173	0.00504	0.00377	0.00418	0.00729
3	0.04204	0.10242	0.03642	0.01152	0.01591	0.07215	0.00973	0.31489	0.10017	0.11530	0.01390	0.01386	0.01017	0.00618	0.00513	0.00154	0.00586	0.00464	0.00480	0.11335
4	0.01493	0.00741	0.00947	0.00806	0.01072	0.00664	0.00636	0.01759	0.03583	0.31791	0.30694	0.03293	0.13574	0.00971	0.00607	0.00176	0.00358	0.00825	0.05309	0.00702
5	0.01174	0.01089	0.01685	0.56025	0.07046	0.02734	0.04209	0.05444	0.06753	0.01661	0.02730	0.01696	0.02343	0.02368	0.00621	0.00193	0.00707	0.00544	0.00308	0.00671
6	0.01908	0.07507	0.01434	0.01039	0.01394	0.01247	0.00861	0.22589	0.07747	0.26649	0.01708	0.01680	0.01211	0.00690	0.00599	0.00167	0.05354	0.00522	0.14858	0.00837
