[name]
unknown

[dist]
# distance from previous block
# <min> <max>
0	308

[block]
# block no. 0 follows, 42 sequences, length 20
# corresponding to MSA columns:
# 308-327
name=unknown_A
#
# <colnr> <probs for GDERKNQSTAVLIFYWHMCP>
#	G	D	E	R	K	N	Q	S	T	A	V	L	I	F	Y	W	H	M	C	P
0	0.00820	0.00591	0.00796	0.00857	0.00972	0.00566	0.00686	0.01051	0.01369	0.01852	0.30721	0.18492	0.05904	0.01436	0.00721	0.00221	0.00383	0.31496	0.00557	0.00511
1	0.01255	0.26452	0.50140	0.01456	0.02165	0.01594	0.06195	0.01754	0.01183	0.01644	0.00949	0.01122	0.00724	0.00515	0.00490	0.00161	0.00769	0.00396	0.00241	0.00794
2	0.01241	0.06151	0.13715	0.38656	0.23486	0.01327	0.01627	0.01632	0.01196	0.04235	0.01047	0.01401	0.00804	0.00541	0.00545	0.00176	0.00722	0.00478	0.00271	0.00748
3	0.00721	0.00515	0.00694	0.00824	0.00873	0.00488	0.00584	0.00845	0.01113	0.01477	0.03082	0.67998	0.03644	0.01729	0.00728	0.00233	0.00357	0.13104	0.00522	0.00467
4	0.01502	0.06337	0.10884	0.03053	0.09537	0.04235	0.34669	0.04423	0.01344	0.10213	0.01180	0.01429	0.00882	0.00563	0.00696	0.00183	0.07196	0.00555	0.00329	0.00789
5	0.08100	0.09722	0.29813	0.15290	0.04975	0.01377	0.01475	0.10412	0.01335	0.05706	0.01101	0.01320	0.00825	0.00783	0.05267	0.00217	0.00754	0.00443	0.00316	0.00769
6	0.00708	0.00506	0.00678	0.00809	0.00851	0.00476	0.00561	0.00822	0.01099	0.01461	0.03090	0.72511	0.03674	0.01742	0.00724	0.00232	0.00346	0.08726	0.00522	0.00463
7	0.02104	0.01691	0.04727	0.01399	0.04521	0.14145	0.03780	0.41637	0.02130	0.16149	0.01395	0.01398	0.00981	0.00644	0.00557	0.00167	0.00682	0.00495	0.00508	0.00892
8	0.00759	0.00576	0.00800	0.01001	0.07016	0.00544	0.00638	0.00895	0.01138	0.01518	0.05645	0.61771	0.07984	0.01606	0.00704	0.00221	0.00361	0.05817	0.00506	0.00500
9	0.00814	0.00627	0.00752	0.00731	0.00882	0.00596	0.00543	0.01164	0.08865	0.02003	0.44415	0.13550	0.20449	0.01248	0.00662	0.00188	0.00295	0.01089	0.00582	0.00546
10	0.01938	0.01521	0.01576	0.01372	0.06203	0.09307	0.01039	0.47107	0.07877	0.07360	0.01551	0.07804	0.01239	0.00752	0.00571	0.00173	0.00617	0.00594	0.00523	0.00876
11	0.01398	0.01217	0.02047	0.23143	0.51373	0.01273	0.01611	0.01734	0.01267	0.07863	0.01138	0.01464	0.00895	0.00533	0.00559	0.00173	0.00675	0.00506	0.00305	0.00827
12	0.00764	0.00568	0.00712	0.00689	0.00824	0.00515	0.00512	0.00994	0.01497	0.02060	0.57918	0.10256	0.18116	0.01248	0.00668	0.00183	0.00274	0.01093	0.00594	0.00515
13	0.01322	0.00846	0.01005	0.00864	0.01107	0.00882	0.05031	0.09338	0.14898	0.06860	0.04849	0.02060	0.01559	0.00689	0.00481	0.00154	0.00387	0.00574	0.46420	0.00676
14	0.07559	0.01596	0.15249	0.12553	0.06873	0.01398	0.13648	0.18323	0.09169	0.04877	0.01300	0.01522	0.00969	0.00603	0.00563	0.00181	0.00696	0.01724	0.00386	0.00811
15	0.01384	0.01896	0.39224	0.07251	0.02045	0.01094	0.01481	0.01924	0.05925	0.17536	0.10216	0.01962	0.01549	0.00694	0.00570	0.00182	0.00650	0.03207	0.00410	0.00799
16	0.00734	0.00515	0.00697	0.00822	0.00869	0.00489	0.00583	0.00843	0.01098	0.01457	0.02992	0.64729	0.03529	0.01738	0.00790	0.03751	0.00364	0.13031	0.00510	0.00458
17	0.08159	0.16171	0.39451	0.01491	0.06613	0.07948	0.01557	0.09089	0.01347	0.01908	0.00977	0.01130	0.00743	0.00540	0.00491	0.00163	0.00743	0.00396	0.00287	0.00795
18	0.06802	0.01919	0.14693	0.01337	0.01799	0.21299	0.05633	0.13035	0.11456	0.06578	0.01260	0.01333	0.00941	0.00592	0.00523	0.00161	0.00716	0.00454	0.00391	0.09077
19	0.01315	0.01506	0.13692	0.01467	0.01696	0.01555	0.04376	0.05892	0.01085	0.04275	0.00903	0.01264	0.00781	0.00829	0.01379	0.00216	0.51182	0.00481	0.00287	0.05819

[dist]
# distance from previous block
# <min> <max>
0	1

[block]
# block no. 1 follows, 42 sequences, length 26
# corresponding to MSA columns:
# 329-354
name=unknown_B
#
# <colnr> <probs for GDERKNQSTAVLIFYWHMCP>
#	G	D	E	R	K	N	Q	S	T	A	V	L	I	F	Y	W	H	M	C	P
0	0.00846	0.00742	0.00757	0.00844	0.00917	0.09120	0.00581	0.00957	0.01162	0.01460	0.05321	0.64758	0.07232	0.01594	0.00690	0.00216	0.00399	0.01422	0.00500	0.00482
1	0.73869	0.01148	0.01050	0.00890	0.01252	0.02852	0.06943	0.01673	0.01007	0.02431	0.00835	0.00990	0.00648	0.00522	0.00379	0.00174	0.00488	0.00341	0.01885	0.00622
2	0.00814	0.00589	0.00780	0.00868	0.00974	0.00567	0.00693	0.01010	0.01251	0.01644	0.12045	0.22970	0.10466	0.06248	0.00864	0.00253	0.00423	0.36530	0.00521	0.00491
3	0.12380	0.01602	0.06404	0.01239	0.01664	0.05578	0.01063	0.47209	0.05599	0.02958	0.01232	0.01290	0.00905	0.00654	0.00595	0.00171	0.04811	0.00467	0.00476	0.03702
4	0.01489	0.65347	0.12976	0.01079	0.01597	0.06632	0.01122	0.01732	0.01177	0.01389	0.00819	0.00948	0.00721	0.00495	0.00393	0.00130	0.00658	0.00320	0.00243	0.00733
5	0.01268	0.01343	0.07543	0.27490	0.47972	0.01307	0.01700	0.01638	0.01225	0.01706	0.01036	0.01412	0.00833	0.00523	0.00557	0.00174	0.00707	0.00495	0.00266	0.00802
6	0.01489	0.07243	0.01403	0.01121	0.01460	0.01421	0.00892	0.02873	0.64626	0.07706	0.02170	0.01995	0.01618	0.00737	0.00556	0.00184	0.00460	0.00606	0.00556	0.00883
7	0.00691	0.00501	0.00653	0.00764	0.00814	0.00463	0.00516	0.00802	0.01123	0.01492	0.07670	0.70090	0.08939	0.01703	0.00711	0.00223	0.00320	0.01536	0.00528	0.00463
8	0.02374	0.01045	0.01341	0.01045	0.01470	0.00976	0.00858	0.10020	0.09089	0.62262	0.02140	0.01877	0.01382	0.00701	0.00566	0.00175	0.00490	0.00567	0.00671	0.00951
9	0.01129	0.02911	0.77306	0.01604	0.02436	0.01307	0.02079	0.01782	0.01188	0.01782	0.01010	0.01188	0.00713	0.00535	0.00535	0.00178	0.00832	0.00416	0.00238	0.00832
10	0.00818	0.00546	0.00614	0.00614	0.00614	0.00546	0.00341	0.00818	0.00818	0.01091	0.01773	0.03683	0.02046	0.80222	0.02864	0.00546	0.00546	0.00818	0.00341	0.00341
11	0.00721	0.00562	0.00632	0.00636	0.00774	0.00499	0.00459	0.00872	0.01276	0.01629	0.20951	0.11780	0.42713	0.11329	0.00949	0.00237	0.00322	0.02666	0.00522	0.00470
12	0.00682	0.00566	0.00597	0.00600	0.00773	0.00480	0.00446	0.00836	0.01306	0.01601	0.13821	0.10063	0.63462	0.01415	0.00668	0.00191	0.00285	0.01194	0.00534	0.00480
13	0.01565	0.31151	0.10236	0.01274	0.01640	0.13812	0.01181	0.10314	0.01326	0.01651	0.00877	0.01085	0.00753	0.00650	0.00794	0.00167	0.20118	0.00394	0.00287	0.00724
14	0.00885	0.00765	0.00957	0.01025	0.03481	0.06202	0.04616	0.01052	0.01212	0.01560	0.07603	0.47462	0.07083	0.01479	0.00698	0.00218	0.00444	0.12252	0.00491	0.00516
15	0.06028	0.00970	0.03750	0.00954	0.01316	0.00859	0.00795	0.02285	0.09831	0.44901	0.18279	0.02418	0.03501	0.00801	0.00578	0.00177	0.00435	0.00664	0.00630	0.00828
16	0.01183	0.03431	0.25081	0.29697	0.08274	0.01276	0.11183	0.01669	0.03043	0.03338	0.01198	0.01700	0.00949	0.00604	0.00576	0.00186	0.00764	0.04828	0.00287	0.00735
17	0.09233	0.05710	0.20522	0.03053	0.13395	0.05351	0.09603	0.05666	0.09176	0.08552	0.01242	0.01382	0.00927	0.00582	0.00576	0.00176	0.03208	0.00483	0.00355	0.00810
18	0.04596	0.01511	0.06620	0.04381	0.09737	0.04621	0.06252	0.32879	0.01821	0.08628	0.01262	0.01471	0.00961	0.04192	0.00785	0.00195	0.08307	0.00515	0.00433	0.00831
19	0.07568	0.01251	0.08542	0.01280	0.08606	0.01119	0.00998	0.21676	0.01633	0.12516	0.05740	0.11589	0.04296	0.00988	0.04436	0.00211	0.00576	0.00675	0.00477	0.05824
20	0.03654	0.21093	0.05408	0.07239	0.15990	0.01679	0.01216	0.23993	0.10411	0.02274	0.01211	0.01329	0.00942	0.00587	0.00506	0.00161	0.00618	0.00460	0.00388	0.00840
21	0.12086	0.01304	0.09414	0.01269	0.09016	0.01165	0.00999	0.21733	0.01589	0.08741	0.01435	0.06863	0.01163	0.00734	0.01833	0.00175	0.00543	0.00538	0.10499	0.08900
22	0.15680	0.01078	0.02790	0.03876	0.14872	0.01075	0.00948	0.10300	0.03907	0.19875	0.05519	0.06869	0.01515	0.08358	0.00762	0.00213	0.00522	0.00615	0.00470	0.00757
23	0.07960	0.06210	0.01343	0.02243	0.08672	0.00992	0.00861	0.05791	0.02578	0.32117	0.03480	0.09791	0.05535	0.01163	0.08467	0.00251	0.00588	0.00669	0.00515	0.00773
24	0.01092	0.06672	0.05010	0.01298	0.16510	0.00888	0.00790	0.01224	0.01003	0.04918	0.01517	0.02734	0.01582	0.48148	0.01917	0.00389	0.00583	0.00671	0.00332	0.02721
25	0.03188	0.03871	0.05364	0.04744	0.10162	0.00963	0.00969	0.01665	0.03583	0.20330	0.01877	0.19968	0.01729	0.01345	0.10197	0.00278	0.05665	0.00770	0.00448	0.02884

[dist]
# distance from previous block
# <min> <max>
4	50

[block]
# block no. 2 follows, 42 sequences, length 26
# corresponding to MSA columns:
# 406-431
name=unknown_C
#
# <colnr> <probs for GDERKNQSTAVLIFYWHMCP>
#	G	D	E	R	K	N	Q	S	T	A	V	L	I	F	Y	W	H	M	C	P
0	0.08927	0.16584	0.06224	0.02990	0.05424	0.33209	0.11907	0.01984	0.01372	0.05067	0.00967	0.01138	0.00772	0.00540	0.00497	0.00155	0.00822	0.00412	0.00300	0.00712
1	0.33807	0.11795	0.19372	0.01079	0.01567	0.09873	0.01078	0.01838	0.01174	0.08518	0.00982	0.01088	0.00740	0.00537	0.00434	0.00161	0.00618	0.00361	0.00331	0.04648
2	0.10912	0.01064	0.07486	0.00976	0.01337	0.00890	0.00837	0.05332	0.04915	0.33433	0.02152	0.19242	0.03600	0.00911	0.00569	0.00184	0.00467	0.00762	0.00548	0.04382
3	0.01290	0.23857	0.22782	0.01200	0.01731	0.04713	0.05037	0.04575	0.01264	0.01714	0.04142	0.06835	0.01156	0.00613	0.00488	0.00146	0.00633	0.00490	0.00311	0.17023
4	0.00795	0.00803	0.09186	0.00801	0.00946	0.00598	0.00647	0.00952	0.01089	0.01459	0.08867	0.27353	0.12437	0.26163	0.01364	0.00315	0.00451	0.04859	0.00442	0.00474
5	0.10543	0.05382	0.05683	0.01016	0.01516	0.01066	0.05249	0.09575	0.01316	0.02068	0.01012	0.01168	0.00811	0.00470	0.00444	0.00117	0.00506	0.00372	0.00347	0.51339
6	0.07304	0.06482	0.10522	0.05221	0.05454	0.01092	0.00998	0.08509	0.04743	0.04968	0.03038	0.16895	0.04993	0.00888	0.00597	0.00177	0.02950	0.03609	0.00412	0.11148
7	0.05269	0.11453	0.01628	0.01260	0.07714	0.04287	0.00953	0.16394	0.09190	0.25882	0.01632	0.04668	0.01217	0.00671	0.00526	0.00163	0.00544	0.00532	0.00507	0.05508
8	0.00784	0.00559	0.00689	0.00731	0.00787	0.00545	0.00483	0.00955	0.04634	0.01532	0.17184	0.36763	0.03405	0.26723	0.01388	0.00318	0.00390	0.01188	0.00486	0.00455
9	0.01904	0.00828	0.01064	0.00864	0.01184	0.00752	0.00696	0.05172	0.01561	0.45521	0.14794	0.02321	0.02055	0.00765	0.00546	0.00165	0.00403	0.00632	0.17980	0.00794
10	0.01455	0.09412	0.18852	0.10180	0.08245	0.01317	0.01304	0.13725	0.01440	0.10701	0.01462	0.12232	0.01271	0.00767	0.00630	0.00181	0.05038	0.00622	0.00390	0.00774
11	0.01645	0.01562	0.01808	0.06873	0.08431	0.19023	0.10916	0.07016	0.10979	0.09560	0.04544	0.01571	0.01171	0.00681	0.00747	0.00182	0.11608	0.00536	0.00390	0.00758
12	0.00689	0.00512	0.00643	0.00736	0.00807	0.00466	0.00504	0.00808	0.01155	0.01512	0.08834	0.59605	0.18372	0.01652	0.00704	0.00217	0.00314	0.01476	0.00529	0.00466
13	0.00806	0.00597	0.00800	0.00812	0.00864	0.00649	0.00575	0.00926	0.00981	0.01366	0.08717	0.21401	0.02456	0.24695	0.26209	0.00532	0.05830	0.00934	0.00391	0.00456
14	0.08100	0.01586	0.18846	0.21343	0.05948	0.03613	0.11584	0.05876	0.01324	0.10125	0.01268	0.01674	0.00973	0.00615	0.00564	0.00184	0.00725	0.04557	0.00344	0.00751
15	0.00889	0.00628	0.00759	0.00780	0.00915	0.00605	0.00563	0.01174	0.09605	0.05837	0.08221	0.36245	0.21842	0.01571	0.03850	0.03866	0.00389	0.01201	0.00523	0.00536
16	0.00745	0.00573	0.00681	0.00654	0.00809	0.00509	0.00490	0.00962	0.01471	0.01968	0.48691	0.04679	0.33214	0.01258	0.00664	0.00182	0.00273	0.01084	0.00582	0.00509
17	0.03340	0.10045	0.08749	0.09233	0.04589	0.09160	0.16074	0.01592	0.01188	0.01605	0.04122	0.01593	0.01074	0.00842	0.04153	0.02025	0.13529	0.02303	0.04117	0.00667
18	0.05142	0.12386	0.01628	0.11326	0.04695	0.01450	0.01018	0.16625	0.23294	0.07219	0.01591	0.04289	0.01250	0.00870	0.04592	0.00212	0.00604	0.00552	0.00453	0.00803
19	0.01241	0.07187	0.04603	0.01130	0.01398	0.00995	0.04162	0.08488	0.06710	0.07412	0.02389	0.08238	0.02393	0.01187	0.00676	0.00220	0.00549	0.39872	0.00496	0.00656
20	0.05328	0.01368	0.01490	0.03680	0.03491	0.05686	0.00989	0.39874	0.05860	0.16617	0.01568	0.04563	0.01173	0.00893	0.04617	0.00211	0.00640	0.00555	0.00532	0.00867
21	0.04181	0.01092	0.01405	0.03803	0.14947	0.00959	0.00917	0.04478	0.04380	0.06159	0.01139	0.01297	0.00907	0.00480	0.00465	0.00118	0.00486	0.00400	0.00361	0.52025
22	0.01443	0.03903	0.01924	0.19945	0.30075	0.01280	0.04322	0.03532	0.01270	0.11380	0.01190	0.02498	0.00938	0.00598	0.00666	0.00174	0.07704	0.00512	0.00336	0.06310
23	0.11965	0.00964	0.01275	0.03366	0.16318	0.00971	0.03037	0.01441	0.06388	0.01847	0.04973	0.08233	0.15280	0.00891	0.00626	0.00178	0.04200	0.05588	0.00405	0.12053
24	0.04512	0.01146	0.05029	0.04577	0.16100	0.01019	0.04293	0.06025	0.01436	0.25898	0.02875	0.02193	0.01394	0.00712	0.00569	0.00173	0.00563	0.09800	0.00470	0.11214
25	0.08440	0.02404	0.05617	0.28303	0.15955	0.02096	0.02694	0.06810	0.02468	0.08183	0.02583	0.02715	0.00987	0.00584	0.00532	0.00170	0.00636	0.00499	0.00347	0.07977

[dist]
# distance from previous block
# <min> <max>
16	256

[block]
# block no. 3 follows, 42 sequences, length 31
# corresponding to MSA columns:
# 723-753
name=unknown_D
#
# <colnr> <probs for GDERKNQSTAVLIFYWHMCP>
#	G	D	E	R	K	N	Q	S	T	A	V	L	I	F	Y	W	H	M	C	P
0	0.10711	0.04217	0.05580	0.24520	0.11720	0.03223	0.01242	0.12572	0.03836	0.11096	0.01213	0.01402	0.00892	0.00578	0.00521	0.00170	0.00631	0.00468	0.00379	0.05029
1	0.04347	0.09927	0.03469	0.19416	0.04973	0.01325	0.01089	0.11267	0.07209	0.03793	0.01217	0.01585	0.01004	0.04335	0.00708	0.00180	0.05987	0.02284	0.00357	0.15529
2	0.08230	0.07044	0.12621	0.07176	0.08458	0.05880	0.02984	0.16112	0.04131	0.12057	0.03106	0.01513	0.02794	0.00616	0.00524	0.00165	0.00629	0.00489	0.00411	0.05060
3	0.02383	0.05958	0.03351	0.16665	0.02074	0.04340	0.07137	0.22649	0.03471	0.02170	0.06473	0.06905	0.01363	0.00756	0.00712	0.00183	0.09455	0.00605	0.01265	0.02086
4	0.07882	0.02848	0.14125	0.02339	0.05464	0.04629	0.02727	0.12136	0.16283	0.09818	0.01411	0.01451	0.01042	0.00593	0.00515	0.00160	0.00586	0.00471	0.00426	0.15094
5	0.13991	0.09604	0.04330	0.18253	0.04921	0.02732	0.01042	0.06014	0.07192	0.13148	0.05282	0.04923	0.01284	0.00663	0.00513	0.00170	0.00561	0.00532	0.00410	0.04435
6	0.02374	0.10757	0.23965	0.06748	0.04060	0.01306	0.08207	0.05939	0.07571	0.06222	0.03197	0.01514	0.02859	0.00581	0.00524	0.00160	0.00650	0.00487	0.00349	0.12530
7	0.00869	0.00653	0.00804	0.00773	0.00968	0.00557	0.00570	0.01040	0.01210	0.03650	0.10982	0.36131	0.13899	0.01284	0.00631	0.00182	0.00348	0.04478	0.00492	0.20478
8	0.01470	0.02191	0.46083	0.01610	0.05419	0.01225	0.09213	0.02054	0.05592	0.17661	0.01354	0.01436	0.00936	0.00574	0.00558	0.00179	0.00740	0.00489	0.00360	0.00857
9	0.00872	0.00560	0.00749	0.00807	0.00903	0.00524	0.00583	0.01026	0.01225	0.07572	0.15825	0.50033	0.05400	0.01640	0.03617	0.00242	0.00387	0.06973	0.00544	0.00516
10	0.10729	0.00950	0.01168	0.01079	0.01189	0.05102	0.00865	0.01246	0.00934	0.01466	0.01168	0.01714	0.01085	0.02666	0.42919	0.00590	0.23760	0.00524	0.00290	0.00555
11	0.38098	0.02166	0.06368	0.01339	0.07265	0.01321	0.11422	0.05208	0.07054	0.04098	0.01098	0.01270	0.00845	0.00581	0.00553	0.00179	0.05633	0.00443	0.04346	0.00711
12	0.00821	0.00601	0.00641	0.00614	0.00819	0.00507	0.00466	0.00978	0.01330	0.07540	0.10343	0.05055	0.65604	0.01349	0.00657	0.00188	0.00299	0.01127	0.00543	0.00517
13	0.00809	0.00626	0.00908	0.00901	0.01002	0.00725	0.00700	0.00999	0.00938	0.01330	0.01854	0.04927	0.07379	0.03769	0.65829	0.00795	0.05005	0.00676	0.00323	0.00504
14	0.01623	0.24511	0.06531	0.16804	0.07284	0.07228	0.01200	0.09661	0.06599	0.11592	0.01218	0.01344	0.00921	0.00578	0.00499	0.00159	0.00655	0.00446	0.00365	0.00783
15	0.75300	0.01044	0.00835	0.00745	0.01079	0.01192	0.00609	0.01638	0.01026	0.04614	0.06797	0.01202	0.01003	0.00577	0.00379	0.00174	0.00423	0.00368	0.00380	0.00613
16	0.01320	0.01217	0.06922	0.38609	0.08816	0.01238	0.05049	0.07604	0.08056	0.07798	0.06667	0.01740	0.01246	0.00631	0.00574	0.00182	0.00665	0.00558	0.00369	0.00738
17	0.00923	0.00635	0.00845	0.06886	0.01113	0.00602	0.00622	0.01180	0.01523	0.07297	0.57599	0.03964	0.12449	0.01103	0.00649	0.00179	0.00321	0.00964	0.00585	0.00562
18	0.01556	0.01541	0.10955	0.04363	0.05750	0.05479	0.06426	0.16493	0.28334	0.06381	0.02772	0.04604	0.01359	0.00705	0.00574	0.00181	0.00612	0.00596	0.00471	0.00846
19	0.01488	0.01321	0.02094	0.15997	0.48196	0.04200	0.04824	0.05603	0.01366	0.07784	0.01152	0.01442	0.00902	0.00538	0.00562	0.00171	0.00691	0.00509	0.00322	0.00839
20	0.00849	0.00645	0.00754	0.00732	0.00898	0.00611	0.00546	0.01207	0.10046	0.03572	0.34318	0.14098	0.27091	0.01262	0.00659	0.00189	0.00305	0.01093	0.00573	0.00555
21	0.01060	0.00866	0.01093	0.01170	0.04093	0.06080	0.03791	0.01379	0.05848	0.03561	0.04257	0.16099	0.02860	0.01357	0.00717	0.00232	0.00536	0.43929	0.00495	0.00576
22	0.01413	0.61688	0.21021	0.01119	0.01685	0.02003	0.01234	0.01709	0.01154	0.01435	0.00838	0.00972	0.00720	0.00494	0.00403	0.00134	0.00658	0.00329	0.00240	0.00749
23	0.00895	0.00657	0.00791	0.04089	0.00888	0.00718	0.00507	0.01039	0.06026	0.01221	0.01697	0.03247	0.01851	0.62310	0.06470	0.00505	0.05565	0.00760	0.00345	0.00417
24	0.78539	0.01079	0.00860	0.00758	0.01112	0.01232	0.00625	0.01730	0.01003	0.07692	0.00883	0.00984	0.00664	0.00534	0.00363	0.00174	0.00438	0.00323	0.00372	0.00634
25	0.01118	0.00625	0.00780	0.00712	0.00895	0.00571	0.00544	0.01359	0.01469	0.14538	0.40824	0.06329	0.09628	0.01022	0.00596	0.00170	0.00304	0.00881	0.17040	0.00593
26	0.00867	0.00615	0.00722	0.04153	0.00843	0.00635	0.00454	0.01023	0.06104	0.01321	0.09918	0.03533	0.02322	0.62535	0.02363	0.00465	0.00517	0.00813	0.00383	0.00412
27	0.00784	0.00575	0.00735	0.00695	0.00833	0.00526	0.00521	0.01037	0.01563	0.02185	0.69562	0.04321	0.12207	0.01177	0.00664	0.00178	0.00267	0.01034	0.00610	0.00526
28	0.01311	0.04445	0.54693	0.06935	0.02428	0.03800	0.06660	0.05093	0.01297	0.06566	0.01099	0.01272	0.00779	0.00549	0.00543	0.00176	0.00802	0.00447	0.00287	0.00818
29	0.00702	0.00507	0.00651	0.00759	0.00807	0.00472	0.00512	0.00802	0.01083	0.01425	0.03233	0.64255	0.10344	0.08030	0.00888	0.00252	0.00347	0.03971	0.00508	0.00452
30	0.01435	0.21688	0.21263	0.04548	0.01939	0.07653	0.07516	0.11889	0.04007	0.01883	0.02999	0.05384	0.01073	0.00623	0.00515	0.00161	0.00696	0.00501	0.00332	0.03894

[dist]
# distance from previous block
# <min> <max>
1	15

[block]
# block no. 4 follows, 42 sequences, length 15
# corresponding to MSA columns:
# 769-783
name=unknown_E
#
# <colnr> <probs for GDERKNQSTAVLIFYWHMCP>
#	G	D	E	R	K	N	Q	S	T	A	V	L	I	F	Y	W	H	M	C	P
0	0.01372	0.01517	0.07462	0.23971	0.25980	0.12178	0.01456	0.03508	0.03514	0.01695	0.01039	0.01347	0.00830	0.00553	0.00581	0.00166	0.03389	0.00463	0.00289	0.08688
1	0.01384	0.01292	0.01654	0.12054	0.21666	0.10703	0.03720	0.05696	0.03437	0.05027	0.05993	0.01949	0.05444	0.06650	0.00870	0.00205	0.08651	0.00585	0.00356	0.02664
2	0.01278	0.02714	0.66159	0.01558	0.02334	0.01372	0.01930	0.12552	0.01403	0.02042	0.01060	0.01212	0.00749	0.00555	0.00539	0.00177	0.00800	0.00429	0.00286	0.00850
3	0.84197	0.01088	0.00827	0.00740	0.01088	0.01262	0.00609	0.01654	0.00958	0.02525	0.00784	0.00914	0.00609	0.00522	0.00348	0.00174	0.00435	0.00305	0.00348	0.00609
4	0.00739	0.00535	0.00709	0.00830	0.00898	0.00505	0.00610	0.00880	0.01147	0.01504	0.03266	0.56155	0.09050	0.01686	0.00729	0.00233	0.00371	0.19159	0.00521	0.00474
5	0.00821	0.00569	0.00717	0.00680	0.00815	0.00528	0.00510	0.01081	0.01530	0.02206	0.64434	0.04006	0.07958	0.01103	0.00632	0.00172	0.00266	0.00966	0.10478	0.00528
6	0.01131	0.01081	0.01549	0.11453	0.01679	0.01463	0.01154	0.01289	0.00899	0.01343	0.00932	0.01538	0.00903	0.06137	0.11274	0.00339	0.54464	0.00527	0.00259	0.00586
7	0.00936	0.00820	0.00922	0.00996	0.07498	0.05352	0.00670	0.01274	0.08415	0.01889	0.31112	0.09815	0.25846	0.01154	0.00641	0.00183	0.00373	0.00994	0.00529	0.00581
8	0.01853	0.01574	0.01875	0.09635	0.06294	0.11094	0.10739	0.35725	0.06471	0.07133	0.01320	0.01428	0.00962	0.00622	0.00570	0.00172	0.00709	0.00520	0.00453	0.00851
9	0.01638	0.01949	0.02164	0.01746	0.02088	0.36299	0.26959	0.01905	0.01393	0.01547	0.01109	0.01622	0.00963	0.00664	0.00739	0.00181	0.10059	0.05998	0.00300	0.00675
10	0.00712	0.00539	0.00659	0.00712	0.00819	0.00486	0.00511	0.00866	0.01259	0.01646	0.19420	0.37813	0.26503	0.01520	0.00693	0.00207	0.00309	0.04302	0.00543	0.00481
11	0.01916	0.01382	0.01662	0.07079	0.01881	0.01474	0.05232	0.45248	0.07742	0.11343	0.01451	0.01476	0.01032	0.00642	0.00557	0.00166	0.00601	0.00517	0.00520	0.08078
12	0.04879	0.09638	0.04459	0.08213	0.18910	0.18508	0.01205	0.06430	0.03121	0.13221	0.01286	0.01409	0.02446	0.00586	0.00517	0.00159	0.00690	0.00461	0.00370	0.03492
13	0.13021	0.09854	0.04103	0.01501	0.04904	0.20698	0.15407	0.03686	0.03165	0.11713	0.01129	0.01275	0.00859	0.00585	0.00600	0.00169	0.05776	0.00460	0.00354	0.00740
14	0.09322	0.00935	0.01373	0.36184	0.06950	0.01069	0.01168	0.01399	0.01145	0.03423	0.04529	0.02218	0.04091	0.01039	0.07319	0.00250	0.03851	0.07754	0.00334	0.05648

[dist]
# distance from previous block
# <min> <max>
2	11

[block]
# block no. 5 follows, 42 sequences, length 17
# corresponding to MSA columns:
# 795-811
name=unknown_F
#
# <colnr> <probs for GDERKNQSTAVLIFYWHMCP>
#	G	D	E	R	K	N	Q	S	T	A	V	L	I	F	Y	W	H	M	C	P
0	0.01356	0.21644	0.23486	0.06882	0.04481	0.01427	0.05623	0.04295	0.01315	0.08318	0.11400	0.01649	0.01431	0.00640	0.00574	0.00166	0.03701	0.00512	0.00348	0.00753
1	0.06336	0.03210	0.01056	0.00901	0.01074	0.06411	0.00686	0.01503	0.06872	0.10005	0.23791	0.04174	0.04672	0.16680	0.01179	0.00256	0.09385	0.00744	0.00471	0.00593
2	0.00945	0.00601	0.00772	0.00736	0.00885	0.00551	0.00546	0.01150	0.01417	0.09746	0.42612	0.15388	0.13238	0.04875	0.03768	0.00231	0.00360	0.01054	0.00576	0.00548
3	0.01307	0.01217	0.02006	0.40025	0.22037	0.03539	0.10546	0.03164	0.04146	0.04898	0.01138	0.01499	0.00867	0.00552	0.00573	0.00181	0.00736	0.00525	0.00301	0.00742
4	0.01152	0.01059	0.01724	0.60535	0.13304	0.01248	0.01504	0.04809	0.01230	0.01623	0.03149	0.01544	0.00910	0.00571	0.00560	0.00180	0.00709	0.00510	0.00281	0.03398
5	0.53901	0.08919	0.01202	0.05476	0.01389	0.12849	0.00790	0.01704	0.01102	0.02121	0.00945	0.01298	0.00808	0.00593	0.00412	0.00171	0.00562	0.04802	0.00334	0.00622
6	0.01456	0.32599	0.03045	0.01750	0.02264	0.07506	0.40223	0.01790	0.01276	0.01583	0.00979	0.01239	0.00793	0.00485	0.00534	0.00159	0.00818	0.00499	0.00268	0.00737
7	0.01255	0.01231	0.05101	0.50533	0.05984	0.03889	0.01418	0.10065	0.01325	0.01752	0.01032	0.01406	0.00786	0.00570	0.00581	0.00174	0.02924	0.00475	0.00297	0.09203
8	0.00806	0.00571	0.00725	0.00687	0.00823	0.00527	0.00515	0.01064	0.01545	0.02200	0.66865	0.04132	0.09429	0.01133	0.00645	0.00175	0.00266	0.00994	0.06370	0.00527
9	0.01113	0.00895	0.01440	0.03968	0.34404	0.00910	0.01067	0.01230	0.01029	0.01437	0.01264	0.05428	0.01238	0.11647	0.08610	0.22174	0.00671	0.00599	0.00290	0.00587
10	0.00809	0.00571	0.00726	0.00687	0.00823	0.00528	0.00516	0.01068	0.01547	0.02209	0.67354	0.04104	0.08482	0.01127	0.00643	0.00174	0.00266	0.00989	0.06849	0.00528
11	0.01393	0.01337	0.02284	0.03454	0.76712	0.01337	0.01727	0.01727	0.01281	0.01839	0.01059	0.01393	0.00891	0.00501	0.00557	0.00167	0.00669	0.00501	0.00279	0.00891
12	0.00812	0.00570	0.00723	0.00712	0.00843	0.00518	0.00524	0.01024	0.01443	0.04464	0.48595	0.19515	0.15554	0.01300	0.00672	0.00189	0.00288	0.01145	0.00588	0.00522
13	0.00713	0.00599	0.00624	0.00624	0.00806	0.00526	0.00465	0.00937	0.05241	0.01602	0.09489	0.10463	0.63154	0.01398	0.00664	0.00192	0.00295	0.01178	0.00531	0.00499
14	0.12754	0.01510	0.01664	0.01280	0.01723	0.01665	0.04921	0.61450	0.02357	0.03321	0.01266	0.01303	0.00906	0.00645	0.00540	0.00171	0.00613	0.00489	0.00520	0.00901
15	0.01003	0.02134	0.01161	0.05684	0.06974	0.05620	0.06426	0.01228	0.01315	0.03635	0.12784	0.13282	0.24669	0.01133	0.00640	0.00191	0.00471	0.07397	0.03678	0.00576
16	0.09680	0.01208	0.01408	0.01207	0.04409	0.01294	0.00945	0.22289	0.14130	0.22284	0.01674	0.01762	0.01230	0.00720	0.00643	0.00180	0.06445	0.03323	0.00532	0.04636

[dist]
# distance from previous block
# <min> <max>
1	11

[block]
# block no. 6 follows, 42 sequences, length 24
# corresponding to MSA columns:
# 823-846
name=unknown_G
#
# <colnr> <probs for GDERKNQSTAVLIFYWHMCP>
#	G	D	E	R	K	N	Q	S	T	A	V	L	I	F	Y	W	H	M	C	P
0	0.04167	0.01230	0.02060	0.25392	0.52812	0.01309	0.01640	0.01640	0.01225	0.01745	0.01032	0.01408	0.00840	0.00520	0.00552	0.00173	0.00684	0.00494	0.00273	0.00804
1	0.00722	0.00534	0.00680	0.00762	0.00849	0.00492	0.00549	0.00869	0.01211	0.01592	0.13613	0.47455	0.17340	0.01593	0.00708	0.00218	0.00332	0.09467	0.00535	0.00477
2	0.01610	0.01135	0.01351	0.01146	0.01457	0.01200	0.03382	0.37395	0.03667	0.08307	0.02134	0.18236	0.03679	0.01043	0.00633	0.00197	0.00533	0.11578	0.00548	0.00770
3	0.00717	0.00512	0.00689	0.00819	0.00865	0.00484	0.00576	0.00837	0.01108	0.01471	0.03085	0.69525	0.03654	0.01734	0.00727	0.00233	0.00353	0.11623	0.00522	0.00466
4	0.02139	0.01576	0.01689	0.01295	0.01745	0.01745	0.01070	0.74835	0.02646	0.03547	0.01351	0.01351	0.00957	0.00676	0.00563	0.00169	0.00619	0.00507	0.00563	0.00957
5	0.00833	0.00612	0.00811	0.00918	0.01045	0.00590	0.00768	0.01048	0.01262	0.01620	0.03476	0.16653	0.16188	0.01562	0.00749	0.00243	0.00450	0.50151	0.00520	0.00502
6	0.01328	0.01202	0.02065	0.31159	0.41838	0.01282	0.05444	0.01679	0.01244	0.05751	0.01104	0.01467	0.00864	0.00533	0.00565	0.00176	0.00703	0.00513	0.00291	0.00790
7	0.01410	0.60974	0.21706	0.01125	0.01694	0.01995	0.01245	0.01710	0.01155	0.01440	0.00840	0.00975	0.00720	0.00495	0.00405	0.00135	0.00660	0.00330	0.00240	0.00750
8	0.00817	0.00570	0.00724	0.00686	0.00820	0.00529	0.00514	0.01079	0.01543	0.02219	0.66940	0.04035	0.07127	0.01111	0.00637	0.00173	0.00266	0.00975	0.08707	0.00529
9	0.01491	0.77788	0.05604	0.00986	0.01480	0.02194	0.01003	0.01689	0.01145	0.01340	0.00791	0.00913	0.00722	0.00483	0.00367	0.00122	0.00610	0.00305	0.00241	0.00726
10	0.01328	0.01518	0.03321	0.02372	0.02941	0.01423	0.74668	0.01803	0.01328	0.01803	0.01139	0.01518	0.00854	0.00474	0.00664	0.00190	0.00949	0.00664	0.00285	0.00759
11	0.01500	0.01294	0.04239	0.16516	0.40544	0.01289	0.05698	0.05881	0.04636	0.10992	0.01262	0.01506	0.00959	0.00557	0.00566	0.00174	0.00669	0.00522	0.00352	0.00845
12	0.01555	0.04330	0.01403	0.01165	0.01504	0.05842	0.00921	0.14506	0.54947	0.02446	0.01989	0.01871	0.01493	0.00725	0.00555	0.00181	0.00507	0.00584	0.02603	0.00872
13	0.84197	0.01088	0.00827	0.00740	0.01088	0.01262	0.00609	0.01654	0.00958	0.02525	0.00784	0.00914	0.00609	0.00522	0.00348	0.00174	0.00435	0.00305	0.00348	0.00609
14	0.01381	0.03174	0.21971	0.21516	0.13311	0.01241	0.07487	0.01844	0.04076	0.12811	0.03513	0.01552	0.01037	0.00590	0.00585	0.00180	0.02082	0.00518	0.00342	0.00787
15	0.01505	0.80561	0.02949	0.00963	0.01444	0.02227	0.00963	0.01685	0.01143	0.01324	0.00782	0.00903	0.00722	0.00481	0.00361	0.00120	0.00602	0.00301	0.00241	0.00722
16	0.00751	0.00562	0.00788	0.00991	0.06519	0.00533	0.00627	0.00878	0.01118	0.01504	0.05421	0.68680	0.03546	0.01640	0.00707	0.00223	0.00357	0.04155	0.00507	0.00494
17	0.05178	0.00690	0.00955	0.03307	0.01191	0.00687	0.03531	0.01201	0.01224	0.05722	0.06238	0.16447	0.04599	0.09266	0.00925	0.00264	0.00490	0.37064	0.00490	0.00531
18	0.05705	0.01098	0.01174	0.00872	0.01346	0.04713	0.00694	0.01532	0.04041	0.01868	0.01032	0.01181	0.00850	0.00444	0.00424	0.00096	0.00449	0.00345	0.00341	0.71795
19	0.03308	0.03628	0.05327	0.04480	0.03091	0.01227	0.27285	0.04042	0.02528	0.03390	0.05283	0.02259	0.04259	0.05785	0.00916	0.00215	0.10702	0.06769	0.00352	0.05155
20	0.01074	0.01000	0.01633	0.70706	0.03610	0.01198	0.01469	0.01436	0.01130	0.01479	0.01000	0.01465	0.00759	0.00547	0.00547	0.00177	0.00715	0.00483	0.00259	0.09313
21	0.10361	0.01404	0.01683	0.09956	0.01975	0.05445	0.08057	0.35549	0.01939	0.16057	0.01364	0.01422	0.00954	0.00627	0.00548	0.00173	0.00642	0.00503	0.00489	0.00850
22	0.03229	0.01468	0.04447	0.12354	0.01997	0.12951	0.06675	0.19027	0.04458	0.11159	0.01547	0.04795	0.02392	0.00760	0.00650	0.00185	0.04955	0.05758	0.00433	0.00758
23	0.10713	0.08345	0.06880	0.03468	0.01600	0.01281	0.03800	0.16975	0.05043	0.21264	0.04347	0.04536	0.01301	0.00878	0.04495	0.00212	0.03030	0.00552	0.00480	0.00801

[dist]
# distance from previous block
# <min> <max>
14	79

[block]
# block no. 7 follows, 42 sequences, length 37
# corresponding to MSA columns:
# 947-983
name=unknown_H
#
# <colnr> <probs for GDERKNQSTAVLIFYWHMCP>
#	G	D	E	R	K	N	Q	S	T	A	V	L	I	F	Y	W	H	M	C	P
0	0.11577	0.01254	0.01541	0.06564	0.07017	0.08567	0.09175	0.04180	0.07186	0.15776	0.03862	0.01600	0.01162	0.03204	0.00598	0.00171	0.00596	0.00504	0.00418	0.15047
1	0.06957	0.01172	0.01915	0.13580	0.06145	0.03463	0.24606	0.01580	0.01242	0.05367	0.03054	0.05505	0.05493	0.02344	0.00618	0.00176	0.00663	0.00620	0.00345	0.15154
2	0.01106	0.01030	0.01669	0.61650	0.09856	0.01189	0.01455	0.01460	0.01145	0.01527	0.01005	0.01445	0.00774	0.00537	0.00542	0.00172	0.00698	0.00477	0.00264	0.12000
3	0.01767	0.01024	0.01517	0.18870	0.09810	0.01038	0.03694	0.04802	0.06783	0.34307	0.02901	0.08029	0.01427	0.00734	0.00582	0.00182	0.00564	0.00640	0.00509	0.00818
4	0.04120	0.01135	0.01708	0.16426	0.24248	0.01163	0.03842	0.09146	0.02475	0.17884	0.08109	0.01764	0.01374	0.00630	0.00563	0.00172	0.00594	0.00558	0.00429	0.03663
5	0.01309	0.01278	0.02217	0.02807	0.49813	0.01307	0.12754	0.01676	0.04144	0.01779	0.01271	0.08243	0.01152	0.00656	0.00692	0.00183	0.06970	0.00626	0.00310	0.00811
6	0.01186	0.01104	0.01940	0.47274	0.14159	0.01245	0.11853	0.01550	0.01213	0.04084	0.05582	0.01654	0.01080	0.00594	0.00622	0.00186	0.03134	0.00557	0.00296	0.00688
7	0.00830	0.00637	0.00854	0.00915	0.01007	0.00641	0.00697	0.00985	0.01123	0.01527	0.02696	0.47329	0.03104	0.01533	0.00808	0.00226	0.07236	0.20211	0.00482	0.07160
8	0.01837	0.01419	0.01521	0.01212	0.01627	0.01561	0.00983	0.47147	0.24693	0.03047	0.01608	0.01563	0.01178	0.00681	0.00554	0.00169	0.00550	0.00532	0.00547	0.07570
9	0.01767	0.04037	0.28348	0.01395	0.01981	0.01603	0.01422	0.47267	0.02095	0.02869	0.01217	0.01282	0.00865	0.00621	0.00548	0.00171	0.00694	0.00470	0.00440	0.00907
10	0.01161	0.01240	0.08185	0.01245	0.01683	0.01026	0.13315	0.01463	0.01131	0.01711	0.01045	0.01344	0.00874	0.00901	0.08697	0.00215	0.10281	0.00444	0.00303	0.43735
11	0.01129	0.02911	0.77306	0.01604	0.02436	0.01307	0.02079	0.01782	0.01188	0.01782	0.01010	0.01188	0.00713	0.00535	0.00535	0.00178	0.00832	0.00416	0.00238	0.00832
12	0.00909	0.00801	0.01328	0.35128	0.02338	0.00888	0.06936	0.01164	0.01125	0.01474	0.02020	0.36992	0.02175	0.01127	0.00648	0.00208	0.00568	0.03230	0.00384	0.00557
13	0.00894	0.00520	0.00681	0.00681	0.00684	0.00524	0.00424	0.00784	0.00780	0.01044	0.01383	0.02688	0.01512	0.40154	0.05055	0.40395	0.00550	0.00653	0.00293	0.00300
14	0.01241	0.02754	0.71212	0.01556	0.02356	0.01268	0.01979	0.01859	0.01222	0.07823	0.01107	0.01246	0.00767	0.00548	0.00537	0.00178	0.00803	0.00428	0.00274	0.00842
15	0.01702	0.00784	0.01033	0.00876	0.01177	0.00691	0.00710	0.01922	0.01523	0.41702	0.18381	0.03406	0.14228	0.00995	0.00624	0.00186	0.00408	0.08270	0.00635	0.00747
16	0.07874	0.01460	0.10060	0.33710	0.03079	0.04317	0.28134	0.01655	0.01211	0.01691	0.01029	0.01408	0.00772	0.00525	0.00577	0.00185	0.00816	0.00530	0.00271	0.00695
17	0.01328	0.01518	0.03321	0.02372	0.02941	0.01423	0.74668	0.01803	0.01328	0.01803	0.01139	0.01518	0.00854	0.00474	0.00664	0.00190	0.00949	0.00664	0.00285	0.00759
18	0.00686	0.00490	0.00653	0.00784	0.00816	0.00457	0.00522	0.00784	0.01077	0.01437	0.03102	0.79855	0.03722	0.01763	0.00718	0.00229	0.00326	0.01600	0.00522	0.00457
19	0.00805	0.00597	0.00637	0.00612	0.00814	0.00504	0.00464	0.00963	0.01332	0.06787	0.11605	0.05070	0.65131	0.01351	0.00658	0.00188	0.00297	0.01130	0.00543	0.00513
20	0.01884	0.01730	0.01581	0.23232	0.04739	0.33483	0.01182	0.04694	0.01493	0.18791	0.01239	0.01382	0.00898	0.00603	0.00540	0.00165	0.00792	0.00457	0.00381	0.00733
21	0.02179	0.01513	0.01649	0.01265	0.01713	0.01651	0.01045	0.67409	0.02539	0.11124	0.01441	0.01409	0.01002	0.00678	0.00563	0.00169	0.00605	0.00513	0.00577	0.00957
22	0.84197	0.01088	0.00827	0.00740	0.01088	0.01262	0.00609	0.01654	0.00958	0.02525	0.00784	0.00914	0.00609	0.00522	0.00348	0.00174	0.00435	0.00305	0.00348	0.00609
23	0.00947	0.00608	0.00800	0.00733	0.00893	0.00557	0.00557	0.01208	0.01595	0.08759	0.69969	0.04005	0.04970	0.01111	0.00655	0.00177	0.00284	0.00978	0.00626	0.00568
24	0.00712	0.00509	0.00683	0.00807	0.00853	0.00479	0.00563	0.00833	0.01118	0.01491	0.05614	0.69619	0.03727	0.01720	0.00723	0.00230	0.00344	0.08984	0.00525	0.00466
25	0.04121	0.01337	0.01355	0.01050	0.01494	0.07829	0.00841	0.22872	0.09362	0.02364	0.01218	0.01296	0.00945	0.00545	0.00481	0.00127	0.00531	0.00417	0.00421	0.41394
26	0.01227	0.00740	0.01005	0.01007	0.07577	0.00670	0.00701	0.01476	0.01519	0.18472	0.42672	0.03515	0.10999	0.01004	0.00627	0.00175	0.00359	0.02160	0.00585	0.03509
27	0.01518	0.10854	0.46684	0.01406	0.02085	0.01424	0.01628	0.14637	0.01490	0.11325	0.01194	0.01275	0.00840	0.00573	0.00525	0.00170	0.00726	0.00438	0.00351	0.00857
28	0.01333	0.15084	0.28260	0.01530	0.02091	0.02425	0.18764	0.01756	0.01265	0.08225	0.01403	0.04577	0.01200	0.00685	0.00573	0.00181	0.00739	0.08820	0.00332	0.00756
29	0.00856	0.00686	0.01132	0.01042	0.01183	0.00754	0.08362	0.01063	0.00954	0.01355	0.01560	0.07466	0.01494	0.03582	0.61953	0.03722	0.01332	0.00674	0.00313	0.00517
30	0.01308	0.00996	0.01181	0.00851	0.01344	0.00758	0.00683	0.01555	0.01213	0.09648	0.01127	0.01245	0.00892	0.00446	0.00432	0.00093	0.00423	0.00358	0.00371	0.75077
31	0.01451	0.01302	0.01564	0.01319	0.01646	0.02975	0.08598	0.08472	0.54147	0.02286	0.01933	0.01882	0.01462	0.00742	0.00691	0.00193	0.07364	0.00611	0.00508	0.00854
32	0.00824	0.00568	0.00706	0.00720	0.00754	0.00590	0.00477	0.00894	0.00886	0.01199	0.01842	0.03646	0.02034	0.55883	0.18634	0.00592	0.00747	0.08258	0.00351	0.00394
33	0.01490	0.66019	0.02628	0.01010	0.01439	0.08137	0.00967	0.01676	0.01195	0.01366	0.01018	0.01477	0.00984	0.00601	0.00416	0.00137	0.00626	0.07845	0.00273	0.00695
34	0.01730	0.11675	0.22994	0.01349	0.05660	0.01249	0.03952	0.06082	0.03716	0.26978	0.01450	0.01453	0.01010	0.00583	0.00522	0.00161	0.00622	0.00470	0.00431	0.07916
35	0.01354	0.14686	0.47771	0.01546	0.02238	0.04447	0.10221	0.04098	0.01281	0.05761	0.01059	0.01219	0.00775	0.00534	0.00524	0.00169	0.00791	0.00436	0.00280	0.00810
36	0.07157	0.01092	0.01505	0.16083	0.01881	0.01338	0.03570	0.11376	0.01258	0.04348	0.05527	0.04656	0.01240	0.01178	0.09029	0.00279	0.26896	0.00576	0.00352	0.00657

[dist]
# distance from previous block
# <min> <max>
4	9

[block]
# block no. 8 follows, 42 sequences, length 28
# corresponding to MSA columns:
# 993-1020
name=unknown_I
#
# <colnr> <probs for GDERKNQSTAVLIFYWHMCP>
#	G	D	E	R	K	N	Q	S	T	A	V	L	I	F	Y	W	H	M	C	P
0	0.01025	0.01064	0.11462	0.06448	0.01447	0.00861	0.02466	0.02821	0.11749	0.04308	0.19168	0.08666	0.12076	0.05876	0.00771	0.00216	0.00479	0.07986	0.00483	0.00631
1	0.01102	0.06497	0.63062	0.01449	0.02167	0.01247	0.01811	0.01679	0.01241	0.01824	0.11345	0.01588	0.01344	0.00616	0.00544	0.00175	0.00742	0.00493	0.00290	0.00785
2	0.05569	0.02105	0.45479	0.01327	0.01972	0.01154	0.01528	0.02028	0.06916	0.18473	0.01556	0.01578	0.04071	0.00620	0.00537	0.00176	0.00670	0.00490	0.00384	0.03366
3	0.01358	0.01260	0.06470	0.01109	0.01483	0.01246	0.00923	0.02595	0.54531	0.04660	0.05432	0.02000	0.01682	0.00716	0.00553	0.00174	0.00461	0.00595	0.00523	0.12230
4	0.01129	0.02911	0.77306	0.01604	0.02436	0.01307	0.02079	0.01782	0.01188	0.01782	0.01010	0.01188	0.00713	0.00535	0.00535	0.00178	0.00832	0.00416	0.00238	0.00832
5	0.01129	0.02911	0.77306	0.01604	0.02436	0.01307	0.02079	0.01782	0.01188	0.01782	0.01010	0.01188	0.00713	0.00535	0.00535	0.00178	0.00832	0.00416	0.00238	0.00832
6	0.01329	0.24984	0.44387	0.01466	0.02135	0.07729	0.07165	0.01793	0.01219	0.01620	0.00943	0.01118	0.00727	0.00519	0.00493	0.00160	0.00790	0.00397	0.00246	0.00781
7	0.00932	0.00674	0.00777	0.00754	0.00861	0.00687	0.00514	0.01293	0.14409	0.03265	0.17593	0.12508	0.06267	0.35171	0.01599	0.00345	0.00431	0.00930	0.00477	0.00511
8	0.01322	0.14011	0.54251	0.01511	0.02211	0.11961	0.03717	0.01833	0.01241	0.01661	0.00961	0.01132	0.00720	0.00532	0.00509	0.00166	0.00827	0.00399	0.00247	0.00789
9	0.00769	0.00574	0.00714	0.00679	0.00824	0.00519	0.00509	0.01009	0.01528	0.02103	0.61701	0.04456	0.20119	0.01208	0.00664	0.00180	0.00270	0.01053	0.00599	0.00519
10	0.01157	0.08777	0.71689	0.01556	0.02361	0.01376	0.01995	0.01775	0.01185	0.01748	0.00993	0.01167	0.00714	0.00531	0.00522	0.00174	0.00814	0.00407	0.00238	0.00823
11	0.00719	0.00522	0.00703	0.03019	0.00909	0.00495	0.00554	0.00860	0.01185	0.01606	0.18149	0.62007	0.03964	0.01602	0.00703	0.00217	0.00326	0.01448	0.00535	0.00477
12	0.02102	0.02040	0.01492	0.01288	0.01618	0.46736	0.00995	0.12225	0.01742	0.16891	0.06408	0.01461	0.01206	0.00656	0.00538	0.00156	0.00802	0.00468	0.00431	0.00747
13	0.01247	0.18833	0.48153	0.01555	0.02254	0.01519	0.11752	0.01820	0.04625	0.01716	0.01039	0.01216	0.00780	0.00526	0.00518	0.00168	0.00782	0.00436	0.00260	0.00802
14	0.01481	0.37128	0.07176	0.01105	0.01478	0.15584	0.01011	0.03101	0.02796	0.03259	0.08440	0.01547	0.04029	0.00756	0.02638	0.00171	0.06827	0.00462	0.00322	0.00688
15	0.01068	0.02579	0.66788	0.01491	0.02213	0.01190	0.01866	0.01645	0.01173	0.01735	0.01297	0.11982	0.01126	0.00703	0.00560	0.00185	0.00762	0.00578	0.00277	0.00780
16	0.01447	0.00991	0.01196	0.00868	0.01355	0.00766	0.00700	0.01690	0.01258	0.17344	0.01252	0.01321	0.00949	0.00474	0.00448	0.00102	0.00430	0.00381	0.00408	0.66620
17	0.01484	0.00904	0.01086	0.00889	0.01222	0.02326	0.00699	0.04761	0.05393	0.23385	0.18251	0.09414	0.04594	0.00843	0.00564	0.00157	0.00411	0.00715	0.00544	0.22357
18	0.00818	0.00546	0.00614	0.00614	0.00614	0.00546	0.00341	0.00818	0.00818	0.01091	0.01773	0.03683	0.02046	0.80222	0.02864	0.00546	0.00546	0.00818	0.00341	0.00341
19	0.00686	0.00490	0.00653	0.00784	0.00816	0.00457	0.00522	0.00784	0.01077	0.01437	0.03102	0.79855	0.03722	0.01763	0.00718	0.00229	0.00326	0.01600	0.00522	0.00457
20	0.01166	0.01106	0.01874	0.55303	0.26636	0.01277	0.01614	0.01528	0.01174	0.01563	0.01018	0.01467	0.00794	0.00544	0.00561	0.00181	0.00725	0.00501	0.00259	0.00708
21	0.72851	0.11993	0.01118	0.00771	0.01137	0.01395	0.00658	0.01658	0.00983	0.02360	0.00783	0.00913	0.00625	0.00517	0.00350	0.00167	0.00458	0.00304	0.00334	0.00625
22	0.01276	0.01429	0.03066	0.04008	0.02786	0.01359	0.66335	0.01715	0.01297	0.01760	0.01262	0.06905	0.01047	0.00576	0.00690	0.00194	0.02544	0.00721	0.00299	0.00732
23	0.09827	0.01237	0.01392	0.01430	0.11768	0.01399	0.00988	0.07111	0.53414	0.02374	0.01911	0.01836	0.01445	0.00698	0.00547	0.00185	0.00486	0.00576	0.00509	0.00866
24	0.01236	0.01153	0.03523	0.24054	0.18189	0.02982	0.10071	0.01600	0.04627	0.05891	0.01490	0.14638	0.01370	0.00784	0.00682	0.00192	0.05757	0.00709	0.00346	0.00705
25	0.06972	0.01152	0.11616	0.17653	0.01916	0.02396	0.02368	0.01595	0.02514	0.14769	0.04902	0.12418	0.08087	0.00933	0.00600	0.00195	0.00560	0.08247	0.00439	0.00669
26	0.03724	0.01378	0.01616	0.01491	0.11910	0.03739	0.01071	0.38612	0.05289	0.21666	0.01553	0.01525	0.01085	0.00654	0.00554	0.00170	0.00586	0.00518	0.01937	0.00922
27	0.17748	0.00884	0.01197	0.31679	0.02161	0.01006	0.01002	0.01453	0.01191	0.08709	0.11735	0.12615	0.01858	0.00838	0.00586	0.00190	0.02152	0.01979	0.00403	0.00614

[dist]
# distance from previous block
# <min> <max>
0	2

[block]
# block no. 9 follows, 42 sequences, length 37
# corresponding to MSA columns:
# 1023-1059
name=unknown_J
#
# <colnr> <probs for GDERKNQSTAVLIFYWHMCP>
#	G	D	E	R	K	N	Q	S	T	A	V	L	I	F	Y	W	H	M	C	P
0	0.03228	0.30486	0.39434	0.01287	0.01921	0.01635	0.01493	0.07554	0.01295	0.01781	0.02741	0.01254	0.02525	0.00560	0.00476	0.00157	0.00698	0.00410	0.00282	0.00783
1	0.04836	0.00695	0.00873	0.00888	0.01061	0.00672	0.00708	0.04855	0.01346	0.10842	0.08186	0.24746	0.11345	0.01374	0.00685	0.00219	0.00419	0.25129	0.00543	0.00576
2	0.08463	0.03779	0.10873	0.01259	0.01730	0.01618	0.01129	0.48046	0.12458	0.03023	0.01379	0.01388	0.00999	0.00653	0.00538	0.00172	0.00606	0.00492	0.00499	0.00898
3	0.01180	0.01042	0.01339	0.00957	0.01462	0.00804	0.06590	0.01448	0.01180	0.01831	0.01011	0.01195	0.00835	0.00421	0.00437	0.00092	0.00459	0.00360	0.00330	0.77027
4	0.00859	0.00663	0.00794	0.00746	0.00914	0.00643	0.00564	0.01288	0.11854	0.02147	0.54309	0.04113	0.16677	0.01142	0.00651	0.00181	0.00294	0.00993	0.00597	0.00572
5	0.01346	0.01251	0.02145	0.21324	0.54878	0.01304	0.03888	0.01690	0.01255	0.03963	0.01081	0.01438	0.00871	0.00521	0.00562	0.00173	0.00691	0.00508	0.00284	0.00826
