[name]
unknown

[dist]
# distance from previous block
# <min> <max>
0	152

[block]
# block no. 0 follows, 42 sequences, length 12
# corresponding to MSA columns:
# 182-193
name=unknown_A
#
# <colnr> <probs for GDERKNQSTAVLIFYWHMCP>
#	G	D	E	R	K	N	Q	S	T	A	V	L	I	F	Y	W	H	M	C	P
0	0.00723	0.00537	0.00683	0.00785	0.00871	0.00497	0.00575	0.00862	0.01164	0.01502	0.03647	0.49569	0.19538	0.01649	0.00718	0.00226	0.00354	0.15105	0.00522	0.00473
1	0.01506	0.01477	0.13648	0.10515	0.16780	0.04752	0.09032	0.06659	0.03094	0.14886	0.05272	0.07089	0.01368	0.00687	0.00582	0.00179	0.00664	0.00616	0.00402	0.00794
2	0.01176	0.02242	0.47150	0.05959	0.12472	0.01282	0.12827	0.01719	0.01226	0.01768	0.01165	0.01622	0.00926	0.00590	0.00575	0.00184	0.00802	0.05248	0.00269	0.00797
3	0.10648	0.00810	0.01094	0.07731	0.06331	0.00814	0.00836	0.01594	0.01234	0.22445	0.02136	0.24073	0.02046	0.01337	0.07288	0.00261	0.00559	0.07606	0.00492	0.00665
4	0.01215	0.11210	0.51171	0.04919	0.10739	0.01421	0.08162	0.01753	0.01203	0.01725	0.01001	0.01220	0.00748	0.00521	0.00530	0.00172	0.00795	0.00437	0.00247	0.00812
5	0.01428	0.07550	0.33126	0.14859	0.02293	0.01341	0.01510	0.14864	0.01468	0.09059	0.01302	0.06412	0.01023	0.00656	0.00547	0.00177	0.00697	0.00529	0.00360	0.00798
6	0.01467	0.01470	0.17825	0.01266	0.01720	0.01119	0.08767	0.12832	0.10235	0.14315	0.02071	0.12030	0.07483	0.00829	0.00592	0.00183	0.00583	0.00718	0.00469	0.04027
7	0.54826	0.06524	0.11696	0.01044	0.01452	0.01381	0.05769	0.01658	0.01018	0.02197	0.00834	0.01018	0.00658	0.00558	0.00525	0.00178	0.07334	0.00360	0.00313	0.00658
8	0.01238	0.00790	0.00943	0.00840	0.01030	0.00768	0.00610	0.13244	0.01364	0.10764	0.07225	0.20691	0.03878	0.22294	0.01275	0.03469	0.00460	0.00887	0.00481	0.07749
9	0.08368	0.16194	0.10893	0.01093	0.01468	0.05251	0.07229	0.04604	0.01322	0.05950	0.09438	0.10798	0.11228	0.00876	0.00556	0.00175	0.00555	0.02932	0.00408	0.00663
10	0.01174	0.00782	0.00985	0.00964	0.04914	0.00732	0.00694	0.04862	0.06518	0.12656	0.19589	0.17136	0.14402	0.01111	0.00627	0.00183	0.00383	0.03934	0.00546	0.07810
11	0.09744	0.05238	0.01273	0.04620	0.01455	0.03258	0.02654	0.04133	0.07679	0.04214	0.01614	0.06259	0.01505	0.00779	0.00530	0.00160	0.00501	0.14381	0.00408	0.29595

[dist]
# distance from previous block
# <min> <max>
22	113

[block]
# block no. 1 follows, 42 sequences, length 53
# corresponding to MSA columns:
# 308-360
name=unknown_B
#
# <colnr> <probs for GDERKNQSTAVLIFYWHMCP>
#	G	D	E	R	K	N	Q	S	T	A	V	L	I	F	Y	W	H	M	C	P
0	0.06545	0.33551	0.16126	0.01243	0.03714	0.05702	0.03641	0.01997	0.10467	0.09079	0.01176	0.01249	0.00912	0.00563	0.00485	0.00155	0.01862	0.00414	0.00338	0.00780
1	0.07428	0.11767	0.13491	0.02984	0.01801	0.01419	0.08441	0.17848	0.07230	0.07330	0.01443	0.01521	0.04406	0.00619	0.00541	0.00163	0.01963	0.00496	0.00402	0.08709
2	0.05868	0.22228	0.17024	0.01101	0.01501	0.03351	0.03304	0.02893	0.03223	0.06707	0.02988	0.19563	0.01657	0.00905	0.00584	0.02495	0.00573	0.02981	0.00375	0.00678
3	0.01133	0.03783	0.27878	0.01308	0.07773	0.02468	0.01238	0.01527	0.01288	0.03231	0.15969	0.02001	0.03775	0.00667	0.00534	0.00152	0.00569	0.01856	0.00363	0.22487
4	0.02536	0.07909	0.27379	0.02188	0.28899	0.01386	0.07005	0.06767	0.01333	0.03471	0.01064	0.01285	0.00824	0.00521	0.00533	0.00165	0.00715	0.00459	0.00295	0.05265
5	0.17026	0.05836	0.18784	0.03798	0.06744	0.07818	0.01167	0.06261	0.01282	0.01918	0.04752	0.01957	0.11719	0.00745	0.00620	0.00179	0.06575	0.01782	0.00349	0.00689
6	0.01047	0.00910	0.03911	0.12639	0.01635	0.00791	0.00894	0.01331	0.01244	0.03217	0.11927	0.02877	0.02020	0.01010	0.04699	0.00201	0.00543	0.16855	0.00404	0.31845
7	0.01133	0.01007	0.01346	0.21379	0.02000	0.00990	0.00964	0.01437	0.03132	0.01670	0.01037	0.01342	0.00857	0.00722	0.04735	0.00173	0.08159	0.00415	0.00308	0.47193
8	0.00715	0.00512	0.00679	0.00764	0.00823	0.00476	0.00525	0.00857	0.01213	0.01652	0.22334	0.60009	0.04139	0.01602	0.00704	0.00215	0.00310	0.01447	0.00548	0.00476
9	0.01167	0.01000	0.01167	0.00834	0.01334	0.00750	0.00667	0.01417	0.01167	0.01834	0.01000	0.01167	0.00834	0.00417	0.00417	0.00083	0.00417	0.00333	0.00333	0.83663
10	0.07571	0.01920	0.01527	0.01351	0.04611	0.34903	0.01015	0.26406	0.01817	0.02209	0.01047	0.01184	0.00822	0.00671	0.00605	0.04783	0.00762	0.00418	0.00385	0.05992
11	0.01313	0.01129	0.01704	0.09843	0.20723	0.01015	0.07635	0.01616	0.01234	0.06554	0.01104	0.01338	0.00877	0.00476	0.00499	0.00131	0.00567	0.00437	0.00329	0.41477
12	0.00863	0.00643	0.00867	0.00840	0.00885	0.00740	0.00603	0.00955	0.00858	0.01210	0.01511	0.02687	0.01579	0.34911	0.35870	0.04074	0.09481	0.00675	0.00309	0.00438
13	0.00962	0.00629	0.00812	0.00868	0.00975	0.00609	0.00631	0.06936	0.01267	0.07195	0.02883	0.59843	0.03276	0.01574	0.00701	0.00223	0.00382	0.09157	0.00538	0.00541
14	0.01178	0.00993	0.01144	0.00842	0.01311	0.00787	0.00670	0.01528	0.06646	0.01885	0.01135	0.01280	0.00928	0.00454	0.00427	0.00094	0.00411	0.00365	0.04352	0.73572
15	0.34182	0.09899	0.07227	0.00982	0.01414	0.04506	0.00882	0.07345	0.01347	0.25372	0.01289	0.01279	0.00902	0.00586	0.00454	0.00167	0.00535	0.00411	0.00449	0.00773
16	0.01012	0.00618	0.00704	0.00657	0.00804	0.00559	0.00455	0.01111	0.01150	0.12739	0.05724	0.04138	0.32329	0.33779	0.01556	0.00334	0.00421	0.00937	0.00477	0.00494
17	0.08538	0.00625	0.00765	0.00739	0.00860	0.00618	0.00533	0.01096	0.03915	0.05290	0.20359	0.09669	0.10537	0.04261	0.01239	0.28874	0.00392	0.00798	0.00439	0.00454
18	0.01427	0.00992	0.01194	0.00866	0.01353	0.00765	0.00698	0.01671	0.01252	0.16242	0.01234	0.01310	0.00941	0.00470	0.00445	0.00101	0.00429	0.00378	0.00403	0.67831
19	0.00927	0.00672	0.00817	0.00862	0.00981	0.00685	0.00635	0.05844	0.10320	0.01813	0.06835	0.46120	0.03138	0.01418	0.00666	0.00212	0.00372	0.09368	0.07757	0.00558
20	0.00816	0.00525	0.00690	0.00780	0.00835	0.00490	0.00523	0.00911	0.01085	0.06190	0.02911	0.67189	0.03405	0.09661	0.00927	0.00257	0.00358	0.01455	0.00515	0.00477
21	0.01060	0.00597	0.00747	0.00713	0.00826	0.00591	0.00507	0.01185	0.01082	0.10309	0.08059	0.05611	0.04785	0.24023	0.14843	0.06389	0.00605	0.00728	0.16845	0.00495
22	0.00740	0.00525	0.00676	0.00784	0.00831	0.00504	0.00532	0.00891	0.03488	0.01475	0.02933	0.66324	0.03440	0.07226	0.00856	0.00248	0.00351	0.04326	0.03382	0.00468
23	0.30600	0.00748	0.00754	0.00748	0.00923	0.00787	0.00548	0.01234	0.01070	0.06033	0.07126	0.27398	0.04353	0.13012	0.00897	0.00250	0.00405	0.02135	0.00449	0.00528
24	0.23309	0.00859	0.00903	0.00795	0.01067	0.00873	0.00624	0.05480	0.05141	0.15375	0.16685	0.05663	0.16605	0.03488	0.00626	0.00192	0.00391	0.00750	0.00524	0.00648
25	0.01125	0.00826	0.00961	0.00902	0.01111	0.00864	0.00682	0.01849	0.29427	0.07681	0.25435	0.17481	0.07146	0.01100	0.00632	0.00192	0.00362	0.00958	0.00584	0.00682
26	0.05007	0.00676	0.00806	0.00784	0.00954	0.00658	0.00594	0.01330	0.07665	0.08718	0.24179	0.16905	0.13359	0.05593	0.00764	0.00214	0.00359	0.07273	0.03590	0.00572
27	0.01214	0.00909	0.01012	0.00938	0.01175	0.00969	0.00750	0.14370	0.20135	0.02241	0.07922	0.06928	0.12188	0.01040	0.00609	0.00192	0.00423	0.13992	0.12310	0.00681
28	0.01175	0.00793	0.00951	0.00925	0.01097	0.00813	0.00679	0.11675	0.12195	0.09222	0.02625	0.48374	0.02782	0.02995	0.00705	0.00216	0.00404	0.01190	0.00549	0.00637
29	0.01221	0.01200	0.01656	0.01429	0.01454	0.01654	0.01184	0.01441	0.05600	0.01415	0.00874	0.01333	0.00833	0.01127	0.05436	0.00274	0.70465	0.00507	0.00270	0.00628
30	0.19377	0.00862	0.00981	0.00837	0.01150	0.00832	0.00667	0.01922	0.04322	0.33689	0.07058	0.09234	0.12352	0.00886	0.00548	0.00181	0.00407	0.00719	0.03249	0.00727
31	0.00686	0.00490	0.00653	0.00784	0.00816	0.00457	0.00522	0.00784	0.01077	0.01437	0.03102	0.79855	0.03722	0.01763	0.00718	0.00229	0.00326	0.01600	0.00522	0.00457
32	0.00825	0.00584	0.00752	0.00803	0.00906	0.00559	0.00623	0.00981	0.01219	0.01604	0.16214	0.11155	0.14168	0.13345	0.01147	0.05968	0.00425	0.27765	0.00492	0.00464
33	0.00975	0.00759	0.01012	0.11937	0.01391	0.00824	0.00773	0.06115	0.01313	0.03803	0.19322	0.23631	0.11527	0.04760	0.00878	0.00217	0.08719	0.01009	0.00476	0.00559
34	0.00686	0.00490	0.00653	0.00784	0.00816	0.00457	0.00522	0.00784	0.01077	0.01437	0.03102	0.79855	0.03722	0.01763	0.00718	0.00229	0.00326	0.01600	0.00522	0.00457
35	0.00846	0.00597	0.00773	0.00857	0.00933	0.00590	0.00646	0.03176	0.01149	0.01516	0.02693	0.31341	0.03062	0.19880	0.01235	0.00312	0.00460	0.28985	0.00480	0.00469
36	0.01286	0.01369	0.02900	0.02094	0.02597	0.01288	0.63492	0.01729	0.01306	0.01847	0.01243	0.01605	0.00942	0.00502	0.00623	0.00181	0.00845	0.00643	0.12783	0.00724
37	0.00891	0.00761	0.00999	0.00912	0.01017	0.00870	0.00721	0.01084	0.01260	0.01760	0.33196	0.03460	0.19254	0.01427	0.07627	0.00262	0.22623	0.00871	0.00466	0.00540
38	0.00978	0.00489	0.00733	0.00733	0.00733	0.00489	0.00489	0.00733	0.00733	0.00978	0.00978	0.01711	0.00978	0.01955	0.02199	0.83627	0.00489	0.00489	0.00244	0.00244
39	0.01651	0.01300	0.01461	0.10323	0.04138	0.04425	0.01010	0.42578	0.03411	0.02721	0.08786	0.06859	0.04956	0.03013	0.00649	0.00186	0.00579	0.00660	0.00501	0.00792
40	0.00902	0.00686	0.00843	0.00784	0.00949	0.00683	0.00594	0.01398	0.14516	0.02274	0.63488	0.03837	0.04684	0.01083	0.00648	0.00179	0.00297	0.00951	0.00611	0.00594
41	0.04529	0.11733	0.01794	0.32759	0.08618	0.01354	0.02559	0.11323	0.01377	0.11511	0.01173	0.01437	0.00879	0.00664	0.00633	0.05453	0.00647	0.00478	0.00354	0.00724
42	0.00832	0.00565	0.00673	0.00652	0.00717	0.00542	0.00422	0.00938	0.01132	0.02864	0.28513	0.03929	0.07164	0.46525	0.01925	0.00389	0.00431	0.00904	0.00456	0.00427
43	0.01271	0.03786	0.01656	0.12944	0.26073	0.13222	0.01234	0.01498	0.01212	0.01546	0.01482	0.20584	0.01520	0.00880	0.00711	0.00188	0.08442	0.00742	0.00332	0.00677
44	0.01796	0.00879	0.01068	0.00891	0.01204	0.00854	0.00711	0.04362	0.14716	0.36478	0.08473	0.02174	0.01786	0.00737	0.00532	0.00166	0.00404	0.00605	0.21363	0.00801
45	0.00854	0.00538	0.00718	0.04215	0.00854	0.00540	0.00493	0.00826	0.00903	0.01209	0.06311	0.18101	0.02167	0.30293	0.01979	0.27946	0.00475	0.00862	0.00358	0.00357
46	0.00863	0.00628	0.00731	0.00713	0.00887	0.00571	0.00543	0.04309	0.01417	0.04996	0.23755	0.13793	0.37506	0.01336	0.00669	0.00194	0.00323	0.05675	0.00557	0.00533
47	0.01416	0.01489	0.01718	0.12025	0.31107	0.21287	0.01304	0.01647	0.01268	0.01549	0.01196	0.08208	0.01108	0.00948	0.05563	0.03636	0.02968	0.00566	0.00298	0.00698
48	0.00861	0.00634	0.00894	0.00878	0.00978	0.00723	0.00665	0.04001	0.00963	0.01367	0.01540	0.02391	0.01482	0.15214	0.63811	0.00822	0.01330	0.00631	0.00318	0.00497
49	0.01406	0.04484	0.01433	0.16222	0.01881	0.06432	0.03616	0.06005	0.22774	0.09572	0.17904	0.02236	0.02096	0.00762	0.00579	0.00178	0.00542	0.00647	0.00488	0.00743
50	0.01392	0.05195	0.21492	0.01135	0.01711	0.01154	0.01134	0.15411	0.01463	0.04160	0.01092	0.01216	0.00835	0.00507	0.00477	0.00129	0.00575	0.00393	0.00357	0.40175
51	0.01005	0.00700	0.00863	0.00784	0.00962	0.00676	0.00603	0.09092	0.01638	0.05158	0.53340	0.03982	0.09970	0.04360	0.00745	0.00196	0.00337	0.04415	0.00593	0.00581
52	0.01610	0.24309	0.02053	0.12913	0.04649	0.07181	0.04752	0.10771	0.11111	0.08829	0.01249	0.01371	0.00962	0.00601	0.00559	0.00162	0.03955	0.00462	0.00375	0.02128

[dist]
# distance from previous block
# <min> <max>
2	50

[block]
# block no. 2 follows, 42 sequences, length 11
# corresponding to MSA columns:
# 413-423
name=unknown_C
#
# <colnr> <probs for GDERKNQSTAVLIFYWHMCP>
#	G	D	E	R	K	N	Q	S	T	A	V	L	I	F	Y	W	H	M	C	P
0	0.04684	0.18213	0.10096	0.01200	0.01622	0.20902	0.01072	0.13174	0.09073	0.07744	0.03069	0.01486	0.04049	0.00641	0.00504	0.00158	0.00683	0.00467	0.00394	0.00769
1	0.04373	0.14591	0.17316	0.05620	0.05763	0.11896	0.05006	0.06067	0.01329	0.06020	0.01422	0.15408	0.01328	0.00768	0.00542	0.00173	0.00674	0.00636	0.00352	0.00716
2	0.09046	0.01032	0.01407	0.06223	0.05363	0.00929	0.04754	0.02105	0.01371	0.37623	0.01571	0.01552	0.01078	0.00576	0.00511	0.00151	0.00510	0.00478	0.00496	0.23223
3	0.01461	0.01252	0.05790	0.01107	0.01452	0.01296	0.00917	0.08960	0.52783	0.05926	0.02076	0.01971	0.01544	0.00727	0.00549	0.00181	0.00464	0.00596	0.10093	0.00854
4	0.01054	0.00895	0.01200	0.01168	0.05619	0.01094	0.00844	0.01286	0.05863	0.01507	0.07853	0.02328	0.01653	0.21015	0.09665	0.00367	0.29407	0.00643	0.05982	0.00556
5	0.01216	0.00661	0.00860	0.00781	0.00983	0.00590	0.00595	0.01428	0.01481	0.21603	0.37413	0.15604	0.12211	0.01159	0.00647	0.00186	0.00333	0.01010	0.00613	0.00625
6	0.01076	0.00875	0.01378	0.24751	0.07089	0.00980	0.03834	0.01346	0.01191	0.05125	0.01972	0.14020	0.02006	0.01084	0.00768	0.00219	0.07427	0.23854	0.00398	0.00605
7	0.00893	0.00604	0.00737	0.00686	0.00862	0.00537	0.00521	0.01114	0.01492	0.08060	0.47172	0.04417	0.28395	0.01204	0.00656	0.00181	0.00289	0.01037	0.00594	0.00547
8	0.01068	0.00881	0.01247	0.07304	0.01459	0.00907	0.09042	0.07470	0.11606	0.02134	0.36883	0.03156	0.05568	0.07800	0.00826	0.00213	0.00460	0.00830	0.00514	0.00630
9	0.01285	0.00997	0.01179	0.00848	0.01343	0.00757	0.00681	0.01532	0.01205	0.08360	0.01106	0.01232	0.00882	0.00441	0.00430	0.00091	0.00422	0.00354	0.00365	0.76491
10	0.01297	0.01152	0.08203	0.29337	0.11506	0.01083	0.07565	0.01640	0.01218	0.12412	0.01404	0.05757	0.01124	0.00952	0.07299	0.00243	0.00737	0.00585	0.05776	0.00708

[dist]
# distance from previous block
# <min> <max>
0	5

[block]
# block no. 3 follows, 42 sequences, length 10
# corresponding to MSA columns:
# 429-438
name=unknown_D
#
# <colnr> <probs for GDERKNQSTAVLIFYWHMCP>
#	G	D	E	R	K	N	Q	S	T	A	V	L	I	F	Y	W	H	M	C	P
0	0.76215	0.01136	0.00911	0.00794	0.01152	0.01309	0.00654	0.08774	0.01122	0.02624	0.00839	0.00957	0.00643	0.00537	0.00369	0.00174	0.00453	0.00324	0.00369	0.00643
1	0.01358	0.01266	0.02048	0.11031	0.55883	0.01266	0.01542	0.04614	0.01305	0.01864	0.01056	0.01372	0.00871	0.00504	0.00539	0.00158	0.00642	0.00479	0.00294	0.11907
2	0.01786	0.17375	0.04884	0.01303	0.05404	0.04055	0.01076	0.34653	0.05987	0.05800	0.01226	0.01292	0.00931	0.00618	0.00569	0.00157	0.04320	0.00452	0.00435	0.07679
3	0.01341	0.03318	0.11977	0.01073	0.01429	0.01026	0.04621	0.18444	0.01669	0.08483	0.21630	0.09325	0.06564	0.00904	0.00595	0.00177	0.00495	0.00772	0.05443	0.00714
4	0.00698	0.00536	0.00644	0.00724	0.00827	0.00482	0.00521	0.00829	0.01178	0.01492	0.04104	0.43993	0.32047	0.01612	0.00703	0.00216	0.00328	0.08074	0.00522	0.00470
5	0.00752	0.00557	0.00702	0.00700	0.00822	0.00507	0.00512	0.00964	0.01438	0.01970	0.49963	0.19489	0.16905	0.01319	0.00675	0.00189	0.00281	0.01162	0.00584	0.00507
6	0.01204	0.07667	0.23548	0.01219	0.04469	0.01093	0.03159	0.01635	0.04451	0.01802	0.01049	0.01212	0.00831	0.00476	0.00465	0.00124	0.00576	0.00383	0.00306	0.44330
7	0.00763	0.00527	0.00633	0.00684	0.00783	0.00485	0.00484	0.00927	0.01229	0.01713	0.16727	0.38346	0.18019	0.01399	0.00643	0.00195	0.00296	0.01232	0.14428	0.00485
8	0.01257	0.01956	0.36798	0.04134	0.08631	0.01234	0.06280	0.08868	0.07281	0.03680	0.08934	0.04198	0.02888	0.00682	0.00574	0.00180	0.00680	0.00585	0.00366	0.00796
9	0.01155	0.01051	0.02924	0.27526	0.05047	0.01123	0.08263	0.09440	0.06652	0.01850	0.06979	0.02173	0.08633	0.01178	0.10730	0.00275	0.00742	0.00637	0.00373	0.03250

[dist]
# distance from previous block
# <min> <max>
1	8

[block]
# block no. 4 follows, 42 sequences, length 17
# corresponding to MSA columns:
# 447-463
name=unknown_E
#
# <colnr> <probs for GDERKNQSTAVLIFYWHMCP>
#	G	D	E	R	K	N	Q	S	T	A	V	L	I	F	Y	W	H	M	C	P
0	0.29282	0.03005	0.04609	0.02479	0.09041	0.01226	0.04551	0.07397	0.07385	0.12367	0.01395	0.01466	0.03607	0.00605	0.00506	0.00168	0.02039	0.00465	0.00414	0.07992
1	0.24262	0.00915	0.01036	0.01139	0.09971	0.00967	0.00757	0.10981	0.01284	0.02117	0.01852	0.31410	0.01941	0.01022	0.00548	0.00189	0.00434	0.00866	0.05598	0.02712
2	0.42173	0.01042	0.01210	0.19337	0.07787	0.01165	0.00951	0.01737	0.01127	0.13483	0.01173	0.04593	0.00916	0.00609	0.00464	0.00179	0.00530	0.00461	0.00380	0.00682
3	0.01031	0.00801	0.00969	0.02594	0.01182	0.00708	0.00660	0.01349	0.07487	0.03545	0.02053	0.23792	0.04593	0.01097	0.03840	0.00187	0.00441	0.04204	0.04710	0.34756
4	0.01076	0.00786	0.00942	0.00883	0.01030	0.00863	0.00646	0.01620	0.23896	0.04472	0.09862	0.02694	0.02036	0.21748	0.16124	0.07509	0.02091	0.00700	0.00438	0.00581
5	0.00796	0.00547	0.00628	0.00631	0.00662	0.00533	0.00379	0.00842	0.00953	0.01271	0.10203	0.08595	0.08122	0.60877	0.02328	0.00459	0.00482	0.00916	0.00396	0.00379
6	0.00967	0.01713	0.37689	0.01221	0.01669	0.00937	0.01351	0.01377	0.01212	0.01716	0.09090	0.14647	0.03625	0.04240	0.00742	0.00218	0.02004	0.14546	0.00381	0.00655
7	0.00802	0.00562	0.00724	0.00736	0.00776	0.00596	0.00490	0.00884	0.00872	0.01200	0.01788	0.09615	0.01952	0.45474	0.30437	0.00651	0.00882	0.00805	0.00342	0.00411
8	0.01336	0.01641	0.09125	0.02038	0.02477	0.06232	0.46543	0.01722	0.01222	0.01668	0.01016	0.01391	0.00807	0.00607	0.00923	0.00199	0.19471	0.00584	0.00272	0.00725
9	0.01206	0.01146	0.01946	0.46231	0.35398	0.01288	0.01634	0.01563	0.01193	0.01611	0.01025	0.01454	0.00811	0.00536	0.00560	0.00179	0.00715	0.00501	0.00262	0.00740
10	0.01157	0.01261	0.06602	0.38328	0.02853	0.01437	0.10339	0.01475	0.01064	0.01475	0.00928	0.01391	0.00757	0.00695	0.01012	0.00207	0.27605	0.00512	0.00252	0.00651
11	0.01193	0.01114	0.01870	0.27946	0.42217	0.01193	0.01518	0.01513	0.01208	0.01658	0.01318	0.10043	0.01222	0.00690	0.00583	0.00183	0.00654	0.02829	0.00303	0.00745
12	0.00806	0.00595	0.00864	0.00864	0.00951	0.00682	0.00654	0.00979	0.00893	0.01277	0.01544	0.02413	0.01495	0.14673	0.67660	0.00855	0.01375	0.00633	0.00307	0.00480
13	0.00840	0.01016	0.14761	0.00867	0.01136	0.00685	0.00805	0.01181	0.03967	0.01941	0.38251	0.11472	0.18637	0.01142	0.00643	0.00186	0.00386	0.00988	0.00518	0.00580
14	0.11045	0.00746	0.00975	0.00883	0.01099	0.00756	0.00687	0.01575	0.01134	0.25421	0.01766	0.10538	0.01518	0.02145	0.27260	0.09911	0.00810	0.00654	0.00450	0.00625
15	0.01155	0.18257	0.28002	0.04541	0.04873	0.03428	0.01269	0.01510	0.03730	0.01560	0.03543	0.07612	0.07577	0.00870	0.00709	0.09171	0.00629	0.00584	0.00310	0.00670
16	0.10217	0.07882	0.16999	0.01286	0.07244	0.02965	0.04729	0.03543	0.01307	0.06364	0.12396	0.03102	0.02770	0.00679	0.00525	0.00160	0.00565	0.03112	0.00382	0.13773

[dist]
# distance from previous block
# <min> <max>
1	67

[block]
# block no. 5 follows, 42 sequences, length 28
# corresponding to MSA columns:
# 533-549,551-561
name=unknown_F
#
# <colnr> <probs for GDERKNQSTAVLIFYWHMCP>
#	G	D	E	R	K	N	Q	S	T	A	V	L	I	F	Y	W	H	M	C	P
0	0.19195	0.01086	0.07066	0.00956	0.01223	0.03712	0.03309	0.04967	0.01345	0.03225	0.25812	0.05174	0.09736	0.00919	0.00669	0.00184	0.07016	0.01647	0.02148	0.00610
1	0.05366	0.01126	0.09859	0.00981	0.01287	0.00982	0.00863	0.14459	0.09886	0.07708	0.05669	0.15389	0.01938	0.00916	0.00560	0.00181	0.00461	0.04649	0.17018	0.00702
2	0.00847	0.00524	0.00650	0.00664	0.00668	0.00521	0.00400	0.00792	0.00823	0.01098	0.01703	0.11382	0.01940	0.50693	0.02454	0.22858	0.00507	0.00814	0.00335	0.00328
3	0.01194	0.01179	0.08599	0.38479	0.02675	0.01164	0.04706	0.05275	0.10250	0.04736	0.07695	0.01949	0.04029	0.00675	0.00569	0.00182	0.00631	0.00588	0.04730	0.00693
4	0.01348	0.01288	0.02177	0.11501	0.65924	0.01305	0.01668	0.01684	0.01260	0.01795	0.01050	0.01396	0.00874	0.00505	0.00552	0.00166	0.00668	0.00495	0.00278	0.04067
5	0.00702	0.00538	0.00644	0.00687	0.00801	0.00480	0.00489	0.00854	0.01267	0.01648	0.20146	0.35525	0.31188	0.01503	0.00687	0.00203	0.00298	0.01319	0.00544	0.00480
6	0.01251	0.01152	0.01842	0.34762	0.32968	0.01273	0.01504	0.05358	0.05528	0.01770	0.01351	0.01766	0.03872	0.00615	0.00571	0.00181	0.00669	0.02497	0.00314	0.00756
7	0.01927	0.00954	0.01087	0.00877	0.01222	0.05899	0.00703	0.02157	0.01438	0.42430	0.01888	0.01827	0.01302	0.00647	0.00497	0.00150	0.00446	0.00515	0.24286	0.09749
8	0.05242	0.01114	0.04168	0.21249	0.05619	0.00985	0.04602	0.01480	0.01160	0.01762	0.00999	0.01269	0.00800	0.00471	0.00474	0.00127	0.00557	0.00402	0.00304	0.47216
9	0.01117	0.00903	0.01014	0.00937	0.01162	0.00985	0.00716	0.02072	0.40643	0.02256	0.30704	0.07338	0.03199	0.00965	0.00610	0.00186	0.00364	0.00834	0.03280	0.00716
10	0.01556	0.21436	0.01842	0.05677	0.05294	0.05424	0.01025	0.07027	0.31238	0.07013	0.01550	0.01563	0.01194	0.00661	0.00585	0.00170	0.05000	0.00502	0.00431	0.00814
11	0.01193	0.04089	0.18769	0.03816	0.03549	0.08100	0.01082	0.04348	0.01257	0.05669	0.02054	0.11951	0.07944	0.08965	0.00908	0.04126	0.00613	0.10555	0.00389	0.00624
12	0.05574	0.01243	0.01347	0.03819	0.04815	0.08723	0.02240	0.07499	0.10491	0.09422	0.02460	0.03546	0.01129	0.00585	0.00495	0.00137	0.00531	0.00472	0.00416	0.35056
13	0.00871	0.00636	0.00824	0.00899	0.04619	0.00606	0.00610	0.01150	0.06474	0.04515	0.27947	0.34002	0.11990	0.01349	0.00670	0.00199	0.00332	0.01200	0.00553	0.00553
14	0.04457	0.05532	0.19250	0.03849	0.17721	0.01366	0.05532	0.17972	0.01583	0.10657	0.03082	0.01426	0.01004	0.00582	0.00541	0.00168	0.00662	0.00490	0.00389	0.03737
15	0.01180	0.01014	0.03102	0.00962	0.01103	0.05902	0.00721	0.08758	0.09914	0.03018	0.01675	0.07712	0.01685	0.34619	0.07035	0.00393	0.09533	0.00721	0.00390	0.00563
16	0.00802	0.00575	0.00810	0.00823	0.00891	0.00637	0.00599	0.00933	0.00897	0.01261	0.01703	0.10118	0.01758	0.20531	0.51351	0.03637	0.01146	0.00744	0.00330	0.00454
17	0.10962	0.03739	0.04889	0.09015	0.05116	0.00980	0.00873	0.07946	0.05184	0.06328	0.18148	0.17435	0.05222	0.00973	0.00586	0.00186	0.00460	0.00830	0.00475	0.00653
18	0.01675	0.06836	0.09482	0.14731	0.15403	0.07331	0.01302	0.10009	0.09076	0.16542	0.01394	0.01497	0.01014	0.00604	0.00543	0.00171	0.00657	0.00495	0.00410	0.00830
19	0.03197	0.01012	0.01310	0.01065	0.01337	0.01042	0.04937	0.26145	0.01580	0.16222	0.01342	0.01603	0.01035	0.01178	0.01221	0.33606	0.00556	0.00516	0.00441	0.00654
20	0.05279	0.02618	0.01665	0.25031	0.22468	0.04092	0.01288	0.05950	0.13353	0.03410	0.06731	0.01718	0.01303	0.00629	0.00551	0.00176	0.00615	0.00544	0.01821	0.00759
21	0.79505	0.01083	0.00876	0.05150	0.01246	0.01262	0.00663	0.01642	0.00967	0.02464	0.00796	0.00947	0.00617	0.00525	0.00360	0.00175	0.00453	0.00316	0.00343	0.00610
22	0.05456	0.00554	0.00648	0.00700	0.00750	0.00542	0.00452	0.00861	0.01004	0.01406	0.06194	0.37955	0.06557	0.32582	0.01538	0.00346	0.00414	0.01170	0.00446	0.00424
23	0.04561	0.18314	0.01884	0.02829	0.14265	0.04524	0.04473	0.06406	0.05727	0.11822	0.01335	0.05762	0.01103	0.00611	0.00499	0.00150	0.00573	0.00504	0.00386	0.14269
24	0.04966	0.09553	0.01783	0.01264	0.01693	0.04998	0.04759	0.43294	0.12726	0.07214	0.01426	0.01423	0.01039	0.00650	0.00539	0.00168	0.00612	0.00502	0.00505	0.00887
25	0.07237	0.14410	0.35410	0.09773	0.04179	0.01391	0.04345	0.01812	0.03933	0.06898	0.01092	0.01258	0.00811	0.00539	0.00500	0.00166	0.00700	0.00425	0.00299	0.04822
26	0.05599	0.03897	0.04022	0.14317	0.01973	0.02709	0.06877	0.07342	0.06084	0.28343	0.01717	0.05654	0.01317	0.00739	0.00614	0.00185	0.03197	0.04140	0.00484	0.00789
27	0.01360	0.07341	0.24501	0.01601	0.08592	0.01282	0.12317	0.03796	0.07650	0.09689	0.07152	0.01837	0.05127	0.00673	0.00632	0.00179	0.04528	0.00578	0.00377	0.00788

[dist]
# distance from previous block
# <min> <max>
1	7

[block]
# block no. 6 follows, 42 sequences, length 31
# corresponding to MSA columns:
# 569-599
name=unknown_G
#
# <colnr> <probs for GDERKNQSTAVLIFYWHMCP>
#	G	D	E	R	K	N	Q	S	T	A	V	L	I	F	Y	W	H	M	C	P
0	0.06014	0.06856	0.01522	0.16516	0.03052	0.08440	0.02031	0.09140	0.02412	0.15783	0.05126	0.06117	0.01421	0.00770	0.00647	0.00181	0.06195	0.04648	0.00428	0.02702
1	0.06713	0.01155	0.01896	0.02809	0.05729	0.01114	0.23108	0.06949	0.04276	0.27560	0.05300	0.05212	0.01453	0.00751	0.01913	0.00195	0.00642	0.01930	0.00488	0.00808
2	0.01026	0.00927	0.03671	0.24705	0.04994	0.00920	0.12284	0.01297	0.01171	0.05208	0.02040	0.33724	0.03548	0.01062	0.00643	0.00203	0.00583	0.00991	0.00395	0.00606
3	0.05781	0.26645	0.11845	0.01012	0.01418	0.01329	0.02702	0.03125	0.05516	0.10259	0.02091	0.12489	0.11943	0.00842	0.00522	0.00168	0.00527	0.00680	0.00403	0.00702
4	0.00919	0.00793	0.01254	0.38240	0.06652	0.00898	0.01109	0.01173	0.01128	0.01476	0.02019	0.32326	0.03378	0.01099	0.00637	0.00207	0.00559	0.05188	0.00378	0.00566
5	0.00829	0.00621	0.00876	0.00863	0.00934	0.00717	0.00643	0.00978	0.00882	0.01257	0.01533	0.02516	0.01527	0.22392	0.56017	0.00785	0.05204	0.00649	0.00308	0.00469
6	0.84197	0.01088	0.00827	0.00740	0.01088	0.01262	0.00609	0.01654	0.00958	0.02525	0.00784	0.00914	0.00609	0.00522	0.00348	0.00174	0.00435	0.00305	0.00348	0.00609
7	0.01245	0.01390	0.11035	0.03583	0.30427	0.01181	0.07400	0.01692	0.06770	0.01875	0.08229	0.01650	0.01324	0.00593	0.00610	0.00162	0.04318	0.00533	0.00336	0.15648
8	0.02102	0.02682	0.01595	0.01450	0.01740	0.77963	0.01087	0.02247	0.01595	0.01377	0.00870	0.01015	0.00725	0.00580	0.00507	0.00145	0.01015	0.00362	0.00290	0.00652
9	0.01098	0.01597	0.31756	0.10195	0.01909	0.00956	0.01331	0.01519	0.01322	0.07608	0.20989	0.06807	0.02355	0.00869	0.00606	0.00189	0.00592	0.07197	0.00414	0.00691
10	0.00804	0.00543	0.00630	0.00638	0.00653	0.00536	0.00375	0.00836	0.00910	0.01225	0.08402	0.10910	0.02488	0.65935	0.02470	0.00484	0.00501	0.00909	0.00382	0.00368
11	0.01688	0.02264	0.32916	0.01438	0.02019	0.11862	0.01483	0.32072	0.04694	0.02478	0.01181	0.01267	0.00854	0.00608	0.00544	0.00170	0.00754	0.00455	0.00392	0.00861
12	0.00751	0.00588	0.00690	0.00705	0.00867	0.00526	0.00556	0.00951	0.01368	0.01752	0.24037	0.05288	0.42047	0.01379	0.00688	0.00201	0.00329	0.16230	0.00548	0.00499
13	0.01291	0.01374	0.13112	0.08590	0.17926	0.01046	0.01213	0.01703	0.05270	0.06138	0.01154	0.01342	0.00900	0.00501	0.00495	0.00136	0.00570	0.00427	0.00333	0.36478
14	0.01200	0.01250	0.02444	0.03670	0.02321	0.01176	0.46888	0.01659	0.05571	0.01813	0.05247	0.06342	0.04315	0.00691	0.00643	0.00185	0.00747	0.04954	0.00357	0.08527
15	0.01188	0.01032	0.01272	0.01081	0.08441	0.00806	0.00767	0.01446	0.01178	0.01834	0.01006	0.01188	0.00839	0.00425	0.00430	0.00091	0.00441	0.00349	0.00328	0.75858
16	0.01693	0.04831	0.05910	0.01450	0.08215	0.20978	0.01097	0.08805	0.32650	0.06155	0.01601	0.01586	0.01211	0.00658	0.00543	0.00171	0.00656	0.00514	0.00448	0.00829
17	0.00804	0.00548	0.00610	0.00610	0.00628	0.00539	0.00349	0.00817	0.00862	0.01132	0.02144	0.03846	0.09064	0.72793	0.02657	0.00512	0.00521	0.00853	0.00358	0.00354
18	0.04040	0.00707	0.00960	0.00914	0.03202	0.00657	0.04444	0.01149	0.02637	0.03082	0.28745	0.15264	0.10011	0.04285	0.00812	0.04985	0.00389	0.04857	0.00494	0.08367
19	0.01708	0.43297	0.07382	0.01393	0.12494	0.01719	0.01125	0.05485	0.01338	0.17446	0.01167	0.01228	0.00899	0.00543	0.00454	0.00145	0.00602	0.00403	0.00357	0.00815
20	0.00808	0.00577	0.00794	0.00924	0.01010	0.00563	0.00735	0.00995	0.01198	0.01574	0.03034	0.39128	0.03454	0.01648	0.00751	0.00245	0.00433	0.41118	0.00520	0.00491
21	0.00796	0.00580	0.00773	0.00773	0.00847	0.00627	0.00552	0.00922	0.00910	0.01252	0.01994	0.03021	0.08706	0.30183	0.44777	0.00713	0.01060	0.00732	0.00336	0.00444
22	0.01364	0.01344	0.02401	0.07624	0.61779	0.01345	0.12350	0.01722	0.01279	0.01810	0.01067	0.01417	0.00878	0.00501	0.00573	0.00172	0.00714	0.00525	0.00278	0.00857
23	0.01392	0.01869	0.27110	0.05115	0.12076	0.01302	0.30643	0.01875	0.01299	0.10027	0.01199	0.01437	0.00867	0.00525	0.00593	0.00181	0.00815	0.00545	0.00312	0.00816
24	0.01328	0.01518	0.03321	0.02372	0.02941	0.01423	0.74668	0.01803	0.01328	0.01803	0.01139	0.01518	0.00854	0.00474	0.00664	0.00190	0.00949	0.00664	0.00285	0.00759
25	0.00686	0.00490	0.00653	0.00784	0.00816	0.00457	0.00522	0.00784	0.01077	0.01437	0.03102	0.79855	0.03722	0.01763	0.00718	0.00229	0.00326	0.01600	0.00522	0.00457
26	0.00707	0.00510	0.00670	0.00761	0.00819	0.00473	0.00521	0.00841	0.01189	0.01606	0.18084	0.61935	0.06539	0.01627	0.00705	0.00217	0.00313	0.01467	0.00542	0.00473
27	0.04824	0.02160	0.34151	0.01391	0.01988	0.07361	0.01465	0.28223	0.01776	0.09516	0.01228	0.01292	0.00862	0.00604	0.00539	0.00172	0.00721	0.00454	0.00406	0.00866
28	0.01167	0.01000	0.01167	0.00834	0.01334	0.00750	0.00667	0.01417	0.01167	0.01834	0.01000	0.01167	0.00834	0.00417	0.00417	0.00083	0.00417	0.00333	0.00333	0.83663
29	0.00721	0.00512	0.00635	0.00718	0.00755	0.00483	0.00464	0.00795	0.01023	0.01348	0.02958	0.52120	0.09594	0.23621	0.01312	0.00314	0.00384	0.01346	0.00472	0.00426
30	0.01617	0.01142	0.01250	0.01080	0.01413	0.01263	0.00853	0.09731	0.50119	0.14278	0.02147	0.01998	0.01568	0.00735	0.00554	0.00181	0.00451	0.00602	0.08144	0.00874

[dist]
# distance from previous block
# <min> <max>
0	42

[block]
# block no. 7 follows, 42 sequences, length 45
# corresponding to MSA columns:
# 642-686
name=unknown_H
#
# <colnr> <probs for GDERKNQSTAVLIFYWHMCP>
#	G	D	E	R	K	N	Q	S	T	A	V	L	I	F	Y	W	H	M	C	P
0	0.00775	0.00583	0.00723	0.00711	0.00859	0.00530	0.00549	0.01007	0.01475	0.01992	0.48765	0.04785	0.23914	0.01272	0.00678	0.00190	0.00301	0.09794	0.00582	0.00515
1	0.00818	0.00546	0.00614	0.00614	0.00614	0.00546	0.00341	0.00818	0.00818	0.01091	0.01773	0.03683	0.02046	0.80222	0.02864	0.00546	0.00546	0.00818	0.00341	0.00341
2	0.01328	0.01518	0.03321	0.02372	0.02941	0.01423	0.74668	0.01803	0.01328	0.01803	0.01139	0.01518	0.00854	0.00474	0.00664	0.00190	0.00949	0.00664	0.00285	0.00759
3	0.00730	0.00551	0.00662	0.00701	0.00812	0.00500	0.00506	0.00882	0.01248	0.01626	0.19287	0.27338	0.27970	0.08173	0.00876	0.00234	0.00333	0.06571	0.00527	0.00473
4	0.00818	0.00546	0.00614	0.00614	0.00614	0.00546	0.00341	0.00818	0.00818	0.01091	0.01773	0.03683	0.02046	0.80222	0.02864	0.00546	0.00546	0.00818	0.00341	0.00341
5	0.01729	0.01234	0.01308	0.01063	0.01406	0.01360	0.00858	0.43722	0.13609	0.02968	0.01629	0.01670	0.01207	0.00684	0.00518	0.00162	0.00495	0.00532	0.23015	0.00829
6	0.01161	0.00789	0.00961	0.00855	0.01071	0.00785	0.00669	0.10331	0.08278	0.08729	0.48444	0.03624	0.06264	0.01049	0.00641	0.00182	0.00356	0.04555	0.00607	0.00649
7	0.05314	0.00611	0.00697	0.00690	0.00855	0.00575	0.00511	0.01275	0.01216	0.12287	0.02923	0.26627	0.15608	0.01135	0.00564	0.00180	0.00325	0.00971	0.27076	0.00560
8	0.00686	0.00490	0.00653	0.00784	0.00816	0.00457	0.00522	0.00784	0.01077	0.01437	0.03102	0.79855	0.03722	0.01763	0.00718	0.00229	0.00326	0.01600	0.00522	0.00457
9	0.00910	0.00533	0.00800	0.00800	0.00840	0.00573	0.00573	0.00840	0.00800	0.01106	0.01185	0.01907	0.01146	0.02842	0.31885	0.51227	0.00888	0.00533	0.00267	0.00345
10	0.00976	0.00610	0.00801	0.00874	0.01006	0.00586	0.00707	0.01184	0.01248	0.07268	0.02965	0.23929	0.07378	0.01416	0.00689	0.00224	0.00419	0.35637	0.11549	0.00534
11	0.00703	0.00509	0.00668	0.00789	0.00842	0.00475	0.00548	0.00818	0.01111	0.01464	0.03284	0.68081	0.09085	0.01720	0.00719	0.00228	0.00340	0.07629	0.00522	0.00464
12	0.01505	0.80561	0.02949	0.00963	0.01444	0.02227	0.00963	0.01685	0.01143	0.01324	0.00782	0.00903	0.00722	0.00481	0.00361	0.00120	0.00602	0.00301	0.00241	0.00722
13	0.01470	0.19617	0.43328	0.01374	0.02039	0.01556	0.01584	0.14464	0.01456	0.06504	0.01092	0.01197	0.00798	0.00557	0.00503	0.00164	0.00723	0.00415	0.00322	0.00837
14	0.00804	0.00603	0.00904	0.00904	0.01005	0.00703	0.00703	0.01005	0.00904	0.01306	0.01507	0.02211	0.01407	0.04221	0.77992	0.00904	0.01507	0.00603	0.00301	0.00502
15	0.00954	0.00495	0.00721	0.00721	0.00735	0.00488	0.00484	0.00739	0.00774	0.01018	0.01328	0.01986	0.06585	0.01916	0.02085	0.77430	0.00474	0.00541	0.00265	0.00262
16	0.01267	0.01415	0.03039	0.06155	0.02831	0.01343	0.65434	0.01708	0.01299	0.01757	0.01277	0.07335	0.01062	0.00575	0.00663	0.00193	0.00892	0.00725	0.00301	0.00730
17	0.00804	0.00603	0.00904	0.00904	0.01005	0.00703	0.00703	0.01005	0.00904	0.01306	0.01507	0.02211	0.01407	0.04221	0.77992	0.00904	0.01507	0.00603	0.00301	0.00502
18	0.01841	0.01367	0.01481	0.01174	0.01550	0.01503	0.00949	0.55725	0.08625	0.03154	0.10568	0.01889	0.01610	0.05092	0.00702	0.00192	0.00558	0.00597	0.00559	0.00866
19	0.10919	0.00598	0.00689	0.00736	0.00847	0.00584	0.00518	0.01010	0.01139	0.04053	0.10228	0.45556	0.09400	0.05945	0.00765	0.00225	0.00344	0.01217	0.04729	0.00497
20	0.00818	0.00546	0.00614	0.00614	0.00614	0.00546	0.00341	0.00818	0.00818	0.01091	0.01773	0.03683	0.02046	0.80222	0.02864	0.00546	0.00546	0.00818	0.00341	0.00341
21	0.01594	0.01542	0.01366	0.01219	0.01539	0.17516	0.00943	0.07353	0.55523	0.02224	0.01933	0.01825	0.01461	0.00719	0.00558	0.00180	0.00576	0.00571	0.00513	0.00845
22	0.00686	0.00490	0.00653	0.00784	0.00816	0.00457	0.00522	0.00784	0.01077	0.01437	0.03102	0.79855	0.03722	0.01763	0.00718	0.00229	0.00326	0.01600	0.00522	0.00457
23	0.11912	0.00692	0.00773	0.00704	0.00856	0.00679	0.00490	0.01284	0.01108	0.14383	0.11459	0.03236	0.08484	0.39703	0.01683	0.00358	0.00463	0.00765	0.00453	0.00516
24	0.01098	0.00808	0.01033	0.01077	0.01262	0.00845	0.00925	0.10266	0.07781	0.01967	0.02723	0.05380	0.02832	0.01381	0.00734	0.00242	0.00524	0.57989	0.00528	0.00603
25	0.00683	0.00571	0.00595	0.00589	0.00771	0.00483	0.00441	0.00842	0.01324	0.01619	0.15209	0.05253	0.66914	0.01388	0.00665	0.00188	0.00282	0.01165	0.00536	0.00483
26	0.00827	0.00544	0.00680	0.00727	0.00797	0.00507	0.00486	0.00925	0.01105	0.05567	0.09172	0.43300	0.10184	0.21052	0.01232	0.00296	0.00380	0.01262	0.00495	0.00464
27	0.01093	0.00813	0.01008	0.01017	0.01201	0.00852	0.00846	0.09604	0.11453	0.02009	0.10780	0.04817	0.02936	0.06139	0.00841	0.00248	0.00493	0.42709	0.00531	0.00608
28	0.00837	0.00567	0.00674	0.00701	0.00728	0.00567	0.00458	0.00890	0.00917	0.01214	0.02022	0.04233	0.02292	0.63986	0.02434	0.00486	0.00540	0.15700	0.00378	0.00378
29	0.01129	0.02911	0.77306	0.01604	0.02436	0.01307	0.02079	0.01782	0.01188	0.01782	0.01010	0.01188	0.00713	0.00535	0.00535	0.00178	0.00832	0.00416	0.00238	0.00832
30	0.51828	0.01037	0.01017	0.00844	0.01226	0.01090	0.00696	0.02086	0.01217	0.32082	0.01353	0.01311	0.00920	0.00591	0.00435	0.00174	0.00453	0.00408	0.00486	0.00747
31	0.11217	0.00919	0.01007	0.00924	0.01165	0.00999	0.00727	0.06010	0.27116	0.02348	0.31144	0.03098	0.03076	0.00948	0.00598	0.00188	0.00390	0.06880	0.00559	0.00688
32	0.01157	0.00954	0.01063	0.00969	0.01213	0.01051	0.00746	0.02215	0.45910	0.02315	0.32085	0.02945	0.03162	0.00919	0.00609	0.00185	0.00373	0.00790	0.00591	0.00746
33	0.00943	0.00608	0.00799	0.00733	0.00891	0.00556	0.00556	0.01205	0.01594	0.08616	0.70111	0.04009	0.04977	0.01112	0.00655	0.00177	0.00284	0.00979	0.00626	0.00567
34	0.00849	0.00582	0.00750	0.00810	0.00874	0.00577	0.00604	0.00968	0.01078	0.01427	0.06925	0.10907	0.02823	0.33685	0.01677	0.03866	0.00497	0.30229	0.00441	0.00430
35	0.06443	0.01518	0.02487	0.01822	0.02329	0.01550	0.39266	0.32692	0.01864	0.02582	0.01208	0.01413	0.00883	0.00562	0.00603	0.00180	0.00780	0.00577	0.00406	0.00834
36	0.01063	0.01000	0.01688	0.78870	0.03876	0.01250	0.01563	0.01438	0.01125	0.01438	0.01000	0.01500	0.00750	0.00563	0.00563	0.00188	0.00750	0.00500	0.00250	0.00625
37	0.00805	0.00696	0.01049	0.00988	0.01118	0.00686	0.09564	0.00961	0.01135	0.01493	0.03242	0.47075	0.19334	0.01465	0.00796	0.00217	0.07093	0.01300	0.00470	0.00511
38	0.01330	0.01292	0.02257	0.16587	0.58472	0.01328	0.07115	0.01682	0.01258	0.01766	0.01054	0.01421	0.00864	0.00510	0.00566	0.00172	0.00704	0.00513	0.00274	0.00835
39	0.01968	0.02057	0.01556	0.01342	0.01684	0.40036	0.01042	0.23473	0.17193	0.02209	0.01303	0.01336	0.00997	0.00646	0.00537	0.00161	0.00782	0.00461	0.00428	0.00790
40	0.00709	0.00511	0.00676	0.00800	0.00851	0.00479	0.00559	0.00826	0.01112	0.01468	0.03221	0.68094	0.07380	0.01723	0.00722	0.00230	0.00345	0.09308	0.00522	0.00465
41	0.07318	0.01486	0.02640	0.02430	0.23360	0.05736	0.40135	0.03926	0.01352	0.04457	0.01119	0.01420	0.00861	0.00505	0.00597	0.00179	0.00812	0.00568	0.00310	0.00792
42	0.01724	0.01157	0.01301	0.01104	0.01456	0.01255	0.00877	0.11545	0.44876	0.20381	0.06381	0.02085	0.01752	0.00759	0.00575	0.00183	0.00464	0.00625	0.00604	0.00894
43	0.00686	0.00490	0.00653	0.00784	0.00816	0.00457	0.00522	0.00784	0.01077	0.01437	0.03102	0.79855	0.03722	0.01763	0.00718	0.00229	0.00326	0.01600	0.00522	0.00457
44	0.01309	0.01178	0.01871	0.41056	0.29215	0.01324	0.01534	0.10449	0.01366	0.01850	0.01083	0.01458	0.00841	0.00557	0.00557	0.00177	0.00694	0.00502	0.02222	0.00757

[dist]
# distance from previous block
# <min> <max>
0	32

[block]
# block no. 8 follows, 42 sequences, length 35
# corresponding to MSA columns:
# 719-753
name=unknown_I
#
# <colnr> <probs for GDERKNQSTAVLIFYWHMCP>
#	G	D	E	R	K	N	Q	S	T	A	V	L	I	F	Y	W	H	M	C	P
0	0.84197	0.01088	0.00827	0.00740	0.01088	0.01262	0.00609	0.01654	0.00958	0.02525	0.00784	0.00914	0.00609	0.00522	0.00348	0.00174	0.00435	0.00305	0.00348	0.00609
1	0.00892	0.00637	0.00890	0.01020	0.01143	0.00635	0.00881	0.01141	0.01281	0.01668	0.02988	0.11197	0.03271	0.01568	0.00773	0.00257	0.00506	0.68219	0.00518	0.00514
2	0.65362	0.06034	0.01077	0.00827	0.01200	0.01342	0.00692	0.09170	0.01184	0.07474	0.00936	0.01024	0.00703	0.00547	0.00385	0.00170	0.00467	0.00342	0.00386	0.00675
3	0.02029	0.02369	0.01515	0.01354	0.01661	0.64479	0.01022	0.02185	0.01551	0.07250	0.01053	0.03578	0.00878	0.00615	0.00513	0.00146	0.00912	0.00415	0.00332	0.06145
4	0.01456	0.07985	0.05611	0.02396	0.38611	0.01291	0.11435	0.01827	0.03493	0.10151	0.06850	0.01642	0.01273	0.00573	0.00560	0.00167	0.00644	0.00548	0.00356	0.03132
5	0.01652	0.00964	0.01202	0.00969	0.01317	0.00905	0.02383	0.13446	0.05438	0.26872	0.14360	0.07812	0.07437	0.00855	0.00582	0.00168	0.00442	0.00722	0.00574	0.11899
6	0.01127	0.00922	0.01481	0.50442	0.05211	0.01094	0.01288	0.01434	0.01161	0.07317	0.05281	0.09009	0.01364	0.00974	0.05749	0.00239	0.04300	0.00641	0.00333	0.00630
7	0.01446	0.22492	0.27574	0.01268	0.01826	0.17728	0.01318	0.01831	0.03382	0.01603	0.00957	0.01100	0.00766	0.00518	0.00466	0.00141	0.00733	0.00368	0.00275	0.14207
8	0.00751	0.00559	0.00700	0.00703	0.00828	0.00508	0.00518	0.00958	0.01421	0.01931	0.45716	0.19301	0.19487	0.01337	0.00678	0.00192	0.00288	0.03041	0.00578	0.00505
9	0.00897	0.00686	0.00988	0.01068	0.07323	0.00735	0.00725	0.01054	0.00954	0.01373	0.01561	0.08901	0.01560	0.12407	0.42277	0.05138	0.03481	0.00678	0.02208	0.05987
10	0.01125	0.00644	0.00846	0.00756	0.00944	0.00586	0.00581	0.01382	0.01581	0.16094	0.59985	0.03704	0.04445	0.01049	0.00636	0.00175	0.00305	0.00916	0.03637	0.00610
11	0.00837	0.00604	0.00817	0.00806	0.00856	0.00678	0.00571	0.00934	0.00860	0.01207	0.01558	0.02747	0.01619	0.35075	0.40568	0.04104	0.04733	0.00681	0.00313	0.00431
12	0.01063	0.01000	0.01688	0.78870	0.03876	0.01250	0.01563	0.01438	0.01125	0.01438	0.01000	0.01500	0.00750	0.00563	0.00563	0.00188	0.00750	0.00500	0.00250	0.00625
13	0.07649	0.09568	0.09907	0.01332	0.06833	0.11515	0.02989	0.10560	0.02812	0.13211	0.03580	0.05988	0.01295	0.02602	0.03505	0.00208	0.02909	0.02378	0.00410	0.00751
14	0.33005	0.01403	0.01516	0.08802	0.24937	0.13181	0.01140	0.01787	0.01197	0.05053	0.00960	0.01180	0.00763	0.00546	0.00500	0.00170	0.02413	0.00407	0.00321	0.00719
15	0.01470	0.01325	0.06741	0.18019	0.18398	0.03161	0.06912	0.04577	0.15078	0.11639	0.03797	0.01683	0.01198	0.00630	0.00607	0.00181	0.02824	0.00554	0.00399	0.00808
16	0.00978	0.00489	0.00733	0.00733	0.00733	0.00489	0.00489	0.00733	0.00733	0.00978	0.00978	0.01711	0.00978	0.01955	0.02199	0.83627	0.00489	0.00489	0.00244	0.00244
17	0.01326	0.01240	0.06325	0.03066	0.15123	0.02337	0.11564	0.06655	0.15045	0.06994	0.10845	0.02518	0.10647	0.00793	0.00606	0.00183	0.00571	0.02943	0.00453	0.00765
18	0.01292	0.01642	0.20419	0.02054	0.23170	0.01252	0.12896	0.09238	0.04391	0.02016	0.06146	0.02064	0.05247	0.00685	0.00595	0.00182	0.00684	0.04872	0.00359	0.00797
19	0.00984	0.00722	0.00856	0.00821	0.00991	0.00725	0.00612	0.05228	0.13860	0.04197	0.31185	0.22293	0.10607	0.01211	0.00646	0.00191	0.00337	0.01060	0.02872	0.00602
20	0.01525	0.09862	0.07020	0.06299	0.12287	0.08317	0.04135	0.13113	0.14741	0.03844	0.01384	0.01508	0.01064	0.00604	0.00517	0.00162	0.00618	0.00493	0.09557	0.02948
21	0.01838	0.01427	0.01519	0.01234	0.01630	0.01605	0.00997	0.45592	0.32379	0.03061	0.01733	0.01656	0.01267	0.00711	0.00567	0.00178	0.00548	0.00559	0.00567	0.00930
22	0.03664	0.39109	0.10179	0.01126	0.01603	0.01846	0.01079	0.16274	0.16247	0.02043	0.01217	0.01259	0.00962	0.00582	0.00461	0.00151	0.00594	0.00420	0.00372	0.00810
23	0.01256	0.12217	0.21136	0.04451	0.01640	0.01196	0.01143	0.11723	0.04162	0.04906	0.04876	0.18668	0.01811	0.02567	0.00620	0.00191	0.00573	0.03814	0.02340	0.00708
