[name]
unknown

[dist]
# distance from previous block
# <min> <max>
6	284

[block]
# block no. 0 follows, 46 sequences, length 14
# corresponding to MSA columns:
# 352-365
name=unknown_A
#
# <colnr> <probs for GDERKNQSTAVLIFYWHMCP>
#	G	D	E	R	K	N	Q	S	T	A	V	L	I	F	Y	W	H	M	C	P
0	0.03938	0.00583	0.00701	0.00738	0.00814	0.00581	0.00504	0.04039	0.03667	0.04249	0.02353	0.44309	0.02675	0.23980	0.01217	0.00293	0.00396	0.04061	0.00446	0.00457
1	0.03766	0.68814	0.04402	0.00935	0.01390	0.01970	0.00921	0.07639	0.01185	0.01468	0.00789	0.00896	0.00696	0.00468	0.00360	0.00118	0.00563	0.00302	0.00256	0.03062
2	0.08849	0.00938	0.01099	0.00812	0.01255	0.00764	0.00657	0.01644	0.01177	0.19824	0.01191	0.01240	0.00888	0.00462	0.00419	0.00106	0.00407	0.00362	0.00395	0.57512
3	0.01060	0.02735	0.78682	0.01507	0.02288	0.01228	0.01953	0.01674	0.01116	0.01674	0.00949	0.01116	0.00670	0.00502	0.00502	0.00167	0.00781	0.00391	0.00223	0.00781
4	0.01297	0.06305	0.03352	0.01278	0.05441	0.04725	0.08618	0.06488	0.40727	0.02033	0.08044	0.04845	0.01701	0.00721	0.00545	0.00172	0.00512	0.01983	0.00457	0.00757
5	0.02320	0.00983	0.01278	0.00980	0.01391	0.00900	0.00809	0.13097	0.01652	0.67773	0.01969	0.01724	0.01250	0.00652	0.00531	0.00163	0.00469	0.00524	0.00636	0.00900
6	0.01157	0.01157	0.01619	0.01388	0.01388	0.01619	0.01157	0.01272	0.00810	0.01272	0.00694	0.01157	0.00694	0.00925	0.01735	0.00231	0.80453	0.00463	0.00231	0.00578
7	0.09596	0.04784	0.03322	0.09321	0.09957	0.13307	0.09602	0.04646	0.03088	0.04006	0.12901	0.01790	0.04684	0.00666	0.00603	0.00165	0.06020	0.00546	0.00351	0.00647
8	0.00846	0.00566	0.00710	0.00714	0.00834	0.00539	0.00519	0.01037	0.04508	0.06971	0.17074	0.25905	0.17714	0.07064	0.06966	0.03918	0.00415	0.02733	0.00482	0.00486
9	0.14199	0.00942	0.01178	0.00917	0.01315	0.00872	0.00757	0.05580	0.01467	0.64392	0.01858	0.01642	0.01186	0.00630	0.00502	0.00163	0.00450	0.00494	0.00602	0.00853
10	0.00689	0.00523	0.00635	0.00640	0.00762	0.00469	0.00468	0.00872	0.01309	0.01752	0.40477	0.19977	0.26950	0.01277	0.00634	0.00180	0.00267	0.01116	0.00536	0.00469
11	0.01202	0.02961	0.05374	0.05028	0.19962	0.02624	0.24253	0.01514	0.02795	0.06080	0.01370	0.11225	0.01247	0.04538	0.03628	0.03869	0.00686	0.00656	0.00319	0.00669
12	0.10999	0.00753	0.00874	0.00754	0.00999	0.00732	0.00584	0.04833	0.02729	0.28974	0.05304	0.08794	0.03853	0.09192	0.00719	0.00197	0.00388	0.00637	0.18039	0.00645
13	0.01764	0.00853	0.01081	0.00900	0.01205	0.00810	0.00715	0.06678	0.10761	0.43173	0.11256	0.11659	0.02031	0.00832	0.00555	0.00170	0.00405	0.00704	0.03675	0.00772

[dist]
# distance from previous block
# <min> <max>
18	49

[block]
# block no. 1 follows, 46 sequences, length 80
# corresponding to MSA columns:
# 437-516
name=unknown_B
#
# <colnr> <probs for GDERKNQSTAVLIFYWHMCP>
#	G	D	E	R	K	N	Q	S	T	A	V	L	I	F	Y	W	H	M	C	P
0	0.00799	0.00592	0.00834	0.03295	0.04657	0.00574	0.02893	0.00991	0.03815	0.03432	0.02725	0.55926	0.06691	0.01399	0.00641	0.00203	0.00366	0.05772	0.03898	0.00496
1	0.01264	0.08083	0.19580	0.03090	0.05556	0.01257	0.09019	0.11575	0.16631	0.03205	0.09040	0.01815	0.03554	0.03283	0.00602	0.00176	0.00585	0.00556	0.00387	0.00740
2	0.00757	0.00508	0.00580	0.00592	0.00595	0.00505	0.00336	0.00766	0.00792	0.01056	0.01783	0.10773	0.02070	0.73905	0.02501	0.00484	0.00493	0.00838	0.00336	0.00331
3	0.01416	0.15063	0.02852	0.05976	0.01521	0.05306	0.00842	0.09912	0.07091	0.08306	0.01124	0.01211	0.00873	0.00495	0.00436	0.00119	0.00506	0.00379	0.00359	0.36213
4	0.01959	0.02229	0.01586	0.01367	0.01682	0.59637	0.04995	0.13621	0.01639	0.05059	0.00957	0.01065	0.00749	0.00558	0.00495	0.00143	0.00870	0.00385	0.00329	0.00675
5	0.01128	0.00891	0.01037	0.00758	0.01188	0.00685	0.00604	0.01363	0.01112	0.04381	0.01062	0.01213	0.00862	0.00424	0.00394	0.00086	0.00378	0.00340	0.09265	0.72829
6	0.00667	0.00514	0.00609	0.00634	0.00752	0.00457	0.00457	0.00822	0.01232	0.01607	0.25803	0.27587	0.34243	0.01359	0.00639	0.00186	0.00274	0.01185	0.00517	0.00457
7	0.79789	0.00991	0.00774	0.00705	0.01016	0.01143	0.00578	0.01513	0.00913	0.02314	0.00871	0.03641	0.00744	0.00559	0.00351	0.00168	0.00408	0.02618	0.00337	0.00565
8	0.00675	0.00513	0.00626	0.00682	0.00787	0.00464	0.00499	0.00821	0.01173	0.01519	0.15301	0.35888	0.28648	0.01441	0.00656	0.00198	0.00303	0.08848	0.00504	0.00452
9	0.02349	0.00937	0.01250	0.00958	0.01368	0.00832	0.00791	0.07267	0.01575	0.73711	0.02034	0.01766	0.01283	0.00653	0.00531	0.00163	0.00458	0.00528	0.00646	0.00900
10	0.02372	0.00900	0.01227	0.00941	0.01350	0.00777	0.00777	0.02576	0.01513	0.78489	0.02086	0.01799	0.01309	0.00654	0.00532	0.00164	0.00450	0.00532	0.00654	0.00900
11	0.85155	0.01022	0.00777	0.00695	0.01022	0.01186	0.00573	0.01554	0.00900	0.02372	0.00736	0.00859	0.00573	0.00491	0.00327	0.00164	0.00409	0.00286	0.00327	0.00573
12	0.00768	0.00516	0.00596	0.00596	0.00602	0.00523	0.00344	0.00781	0.00774	0.01039	0.01648	0.03362	0.01880	0.75972	0.08082	0.00536	0.00576	0.00755	0.00318	0.00331
13	0.01413	0.81739	0.02770	0.00905	0.01357	0.02092	0.00905	0.01583	0.01074	0.01244	0.00735	0.00848	0.00678	0.00452	0.00339	0.00113	0.00565	0.00283	0.00226	0.00678
14	0.01308	0.01256	0.02146	0.03245	0.78123	0.01256	0.01622	0.01622	0.01204	0.01727	0.00994	0.01308	0.00837	0.00471	0.00523	0.00157	0.00628	0.00471	0.00262	0.00837
15	0.01371	0.33962	0.02183	0.07794	0.01706	0.12849	0.06966	0.01557	0.01070	0.01303	0.00778	0.01045	0.00695	0.00609	0.00803	0.00161	0.23888	0.00386	0.00238	0.00635
16	0.42064	0.00959	0.01011	0.00823	0.01193	0.00973	0.00679	0.02086	0.01219	0.41994	0.01439	0.01348	0.00956	0.00576	0.00434	0.00164	0.00430	0.00414	0.00497	0.00743
17	0.01094	0.08351	0.51263	0.01433	0.04224	0.01236	0.05744	0.01697	0.08651	0.01688	0.03381	0.06634	0.01088	0.00609	0.00516	0.00168	0.00683	0.00509	0.00286	0.00745
18	0.04244	0.00922	0.01197	0.00930	0.01314	0.00840	0.00764	0.08978	0.01569	0.63542	0.05643	0.01840	0.01434	0.00668	0.00525	0.00162	0.00444	0.00540	0.03586	0.00858
19	0.00781	0.00608	0.00764	0.00784	0.00931	0.00583	0.00643	0.00984	0.01246	0.01630	0.18217	0.04901	0.27291	0.01285	0.00708	0.00201	0.03918	0.30585	0.00489	0.03451
20	0.04321	0.03535	0.25363	0.06780	0.06362	0.09031	0.19342	0.01690	0.01223	0.08012	0.03619	0.03668	0.03503	0.00581	0.00537	0.00167	0.00719	0.00529	0.00309	0.00709
21	0.53025	0.01233	0.11527	0.00841	0.01260	0.01079	0.00787	0.01619	0.01012	0.08504	0.00911	0.01011	0.00681	0.00490	0.00379	0.00150	0.00460	0.00325	0.00338	0.14365
22	0.00698	0.00499	0.00675	0.00792	0.00848	0.00475	0.00580	0.00832	0.01076	0.01429	0.05020	0.60453	0.03428	0.01592	0.00687	0.00220	0.00349	0.19411	0.00492	0.00445
23	0.07764	0.00589	0.00802	0.00826	0.00925	0.00573	0.04923	0.00935	0.01030	0.03349	0.03759	0.55437	0.02912	0.07903	0.00805	0.00232	0.00380	0.05936	0.00456	0.00465
24	0.04944	0.53473	0.02310	0.03060	0.07457	0.03914	0.00952	0.04386	0.04562	0.09145	0.00979	0.01061	0.00799	0.00498	0.00396	0.00130	0.00561	0.00349	0.00302	0.00719
25	0.01047	0.00723	0.00905	0.00924	0.01094	0.00736	0.00758	0.08886	0.07553	0.06118	0.02687	0.18165	0.06947	0.01274	0.00657	0.00213	0.00437	0.37416	0.02895	0.00568
26	0.85155	0.01022	0.00777	0.00695	0.01022	0.01186	0.00573	0.01554	0.00900	0.02372	0.00736	0.00859	0.00573	0.00491	0.00327	0.00164	0.00409	0.00286	0.00327	0.00573
27	0.00757	0.00508	0.00580	0.00592	0.00594	0.00505	0.00336	0.00766	0.00792	0.01056	0.01783	0.10747	0.02070	0.73932	0.02501	0.00485	0.00493	0.00838	0.00336	0.00331
28	0.75505	0.01045	0.00852	0.00741	0.01079	0.01193	0.00611	0.06341	0.01033	0.06469	0.00841	0.00935	0.00632	0.00509	0.00351	0.00163	0.00422	0.00311	0.00357	0.00611
29	0.03681	0.00580	0.00645	0.00615	0.00681	0.00588	0.00391	0.03582	0.00920	0.04988	0.01643	0.02962	0.01713	0.58100	0.04239	0.00425	0.00495	0.00685	0.12662	0.00406
30	0.00742	0.00534	0.00685	0.00656	0.00779	0.00492	0.00488	0.00976	0.01441	0.02032	0.67053	0.08048	0.09309	0.01113	0.00619	0.00168	0.00253	0.00981	0.03140	0.00492
31	0.01060	0.02735	0.78682	0.01507	0.02288	0.01228	0.01953	0.01674	0.01116	0.01674	0.00949	0.01116	0.00670	0.00502	0.00502	0.00167	0.00781	0.00391	0.00223	0.00781
32	0.00663	0.00537	0.00588	0.00575	0.00737	0.00462	0.00431	0.00832	0.01294	0.01640	0.27575	0.04739	0.55557	0.01260	0.00624	0.00175	0.00262	0.01067	0.00519	0.00462
33	0.85155	0.01022	0.00777	0.00695	0.01022	0.01186	0.00573	0.01554	0.00900	0.02372	0.00736	0.00859	0.00573	0.00491	0.00327	0.00164	0.00409	0.00286	0.00327	0.00573
34	0.15782	0.01360	0.01402	0.01112	0.01503	0.01522	0.00911	0.54490	0.11765	0.03029	0.01293	0.01291	0.00936	0.00621	0.00496	0.00162	0.00532	0.00460	0.00496	0.00837
35	0.00742	0.00540	0.00698	0.00658	0.00786	0.00496	0.00494	0.00985	0.01481	0.02083	0.74001	0.04009	0.08855	0.01094	0.00624	0.00167	0.00250	0.00965	0.00577	0.00496
36	0.01303	0.01112	0.01170	0.01055	0.01347	0.01285	0.00820	0.02752	0.74425	0.02203	0.02136	0.01972	0.01604	0.00714	0.00532	0.00177	0.00412	0.00594	0.03561	0.00824
37	0.01080	0.00922	0.01079	0.00781	0.01235	0.00695	0.00622	0.01310	0.01093	0.01709	0.01011	0.03981	0.00881	0.00437	0.00402	0.00083	0.00388	0.00356	0.00320	0.81615
38	0.01146	0.01384	0.16194	0.07868	0.21233	0.04984	0.11452	0.01471	0.01172	0.04991	0.02930	0.19799	0.01497	0.00775	0.00568	0.00176	0.00626	0.00720	0.00330	0.00681
39	0.01270	0.00998	0.03513	0.00850	0.01303	0.00766	0.00708	0.01508	0.01142	0.12113	0.01086	0.01195	0.00847	0.00451	0.00466	0.00099	0.03503	0.00351	0.00354	0.67478
40	0.01248	0.01426	0.03119	0.02228	0.02763	0.01337	0.76203	0.01693	0.01248	0.01693	0.01070	0.01426	0.00802	0.00446	0.00624	0.00178	0.00891	0.00624	0.00267	0.00713
41	0.01300	0.11175	0.05491	0.00895	0.01371	0.01018	0.00783	0.10235	0.01277	0.05397	0.01006	0.01119	0.00802	0.00446	0.00413	0.00101	0.00459	0.00343	0.00339	0.56033
42	0.85155	0.01022	0.00777	0.00695	0.01022	0.01186	0.00573	0.01554	0.00900	0.02372	0.00736	0.00859	0.00573	0.00491	0.00327	0.00164	0.00409	0.00286	0.00327	0.00573
43	0.01975	0.02520	0.01498	0.01362	0.01634	0.79299	0.01021	0.02111	0.01498	0.01294	0.00817	0.00953	0.00681	0.00545	0.00477	0.00136	0.00953	0.00340	0.00272	0.00613
44	0.01297	0.05066	0.04645	0.00844	0.01318	0.00808	0.00721	0.01541	0.01157	0.12917	0.01097	0.01187	0.00850	0.00438	0.00414	0.00096	0.00426	0.00347	0.00355	0.64474
45	0.01333	0.01245	0.02054	0.11741	0.58270	0.01285	0.04605	0.08275	0.02742	0.01835	0.01038	0.01334	0.00841	0.00496	0.00529	0.00161	0.00640	0.00480	0.00288	0.00809
46	0.01096	0.00940	0.01096	0.00783	0.01253	0.00705	0.00626	0.01331	0.01096	0.01723	0.00940	0.01096	0.00783	0.00392	0.00392	0.00078	0.00392	0.00313	0.00313	0.84653
47	0.00998	0.00940	0.01586	0.80150	0.03641	0.01175	0.01468	0.01351	0.01057	0.01351	0.00940	0.01409	0.00705	0.00529	0.00529	0.00176	0.00705	0.00470	0.00235	0.00587
48	0.00818	0.00589	0.00779	0.00782	0.00914	0.00567	0.00629	0.03138	0.01432	0.01976	0.50936	0.04539	0.04232	0.01194	0.00656	0.00192	0.00337	0.25235	0.00549	0.00506
49	0.00782	0.00537	0.00621	0.00613	0.00616	0.00556	0.00360	0.00792	0.00773	0.01040	0.01624	0.03338	0.01861	0.76316	0.04897	0.00512	0.03360	0.00752	0.00316	0.00334
50	0.00998	0.00940	0.01586	0.80150	0.03641	0.01175	0.01468	0.01351	0.01057	0.01351	0.00940	0.01409	0.00705	0.00529	0.00529	0.00176	0.00705	0.00470	0.00235	0.00587
51	0.00644	0.00460	0.00613	0.00736	0.00767	0.00429	0.00491	0.00736	0.01012	0.01350	0.02914	0.81076	0.03497	0.01656	0.00675	0.00215	0.00307	0.01503	0.00491	0.00429
52	0.01121	0.00982	0.05956	0.03510	0.07606	0.04429	0.00832	0.02598	0.07866	0.08144	0.18234	0.09243	0.03861	0.01172	0.09429	0.00237	0.01735	0.00683	0.03103	0.09256
53	0.01086	0.07231	0.70289	0.01470	0.02217	0.01266	0.03678	0.01660	0.01116	0.01651	0.00939	0.01108	0.00677	0.00495	0.00493	0.00162	0.00761	0.00388	0.00227	0.03087
54	0.01413	0.81739	0.02770	0.00905	0.01357	0.02092	0.00905	0.01583	0.01074	0.01244	0.00735	0.00848	0.00678	0.00452	0.00339	0.00113	0.00565	0.00283	0.00226	0.00678
55	0.03709	0.01301	0.13053	0.34948	0.10551	0.05808	0.03156	0.03761	0.01164	0.03030	0.02878	0.05669	0.01063	0.02975	0.00587	0.00180	0.00654	0.01620	0.03255	0.00640
56	0.51937	0.00973	0.00958	0.00794	0.01154	0.01022	0.00655	0.01964	0.01146	0.32915	0.01278	0.01236	0.00868	0.00556	0.00409	0.00164	0.00425	0.00385	0.00458	0.00704
57	0.00718	0.00539	0.00665	0.00634	0.00771	0.00486	0.00475	0.00939	0.01425	0.01951	0.60181	0.04226	0.22756	0.01144	0.00624	0.00169	0.00254	0.00995	0.00560	0.00486
58	0.00635	0.00536	0.00550	0.00546	0.00720	0.00451	0.00410	0.00779	0.01229	0.01486	0.11374	0.04993	0.71854	0.01317	0.00625	0.00177	0.00266	0.01102	0.00498	0.00451
59	0.01975	0.02520	0.01498	0.01362	0.01634	0.79299	0.01021	0.02111	0.01498	0.01294	0.00817	0.00953	0.00681	0.00545	0.00477	0.00136	0.00953	0.00340	0.00272	0.00613
60	0.01015	0.00923	0.01502	0.70758	0.03316	0.01136	0.01357	0.03950	0.01084	0.01394	0.01012	0.01575	0.00813	0.07249	0.00708	0.00203	0.00684	0.00495	0.00252	0.00576
61	0.00769	0.00553	0.00781	0.00778	0.00863	0.00618	0.00585	0.00941	0.00907	0.01316	0.07813	0.02412	0.01708	0.13927	0.58051	0.00707	0.01132	0.00622	0.05061	0.00455
62	0.85155	0.01022	0.00777	0.00695	0.01022	0.01186	0.00573	0.01554	0.00900	0.02372	0.00736	0.00859	0.00573	0.00491	0.00327	0.00164	0.00409	0.00286	0.00327	0.00573
63	0.00748	0.00504	0.00583	0.00603	0.00608	0.00499	0.00349	0.00763	0.00809	0.01079	0.01874	0.16399	0.02184	0.68123	0.02355	0.00463	0.00478	0.00891	0.00349	0.00339
64	0.01902	0.02388	0.01465	0.01314	0.01603	0.72773	0.00989	0.02046	0.01465	0.01329	0.00827	0.00965	0.00689	0.00532	0.00470	0.00131	0.00907	0.00338	0.00276	0.07590
65	0.02008	0.01516	0.01584	0.01221	0.01639	0.04302	0.01005	0.73815	0.02452	0.03262	0.01254	0.01258	0.00892	0.00632	0.00527	0.00158	0.00594	0.00471	0.00520	0.00889
66	0.01233	0.12208	0.24254	0.01700	0.17195	0.01325	0.08251	0.07378	0.01259	0.02950	0.06049	0.01562	0.05081	0.00609	0.00606	0.00164	0.06638	0.00502	0.00303	0.00733
67	0.85155	0.01022	0.00777	0.00695	0.01022	0.01186	0.00573	0.01554	0.00900	0.02372	0.00736	0.00859	0.00573	0.00491	0.00327	0.00164	0.00409	0.00286	0.00327	0.00573
68	0.01166	0.00741	0.00996	0.00921	0.01060	0.00797	0.00722	0.01367	0.03408	0.17813	0.15529	0.24875	0.04548	0.01145	0.00850	0.00199	0.16679	0.06108	0.00490	0.00588
69	0.01479	0.19775	0.27501	0.02942	0.01758	0.04347	0.03307	0.09468	0.01343	0.14895	0.03820	0.03632	0.01042	0.00583	0.00484	0.00153	0.00625	0.00456	0.00354	0.02036
70	0.01694	0.00900	0.01202	0.01083	0.05866	0.00889	0.00818	0.06348	0.07671	0.37726	0.09998	0.02088	0.01687	0.01129	0.10288	0.00252	0.04276	0.02642	0.00527	0.02917
71	0.00772	0.00547	0.00707	0.00663	0.00796	0.00501	0.00499	0.01014	0.01481	0.03487	0.72608	0.03970	0.08787	0.01087	0.00622	0.00167	0.00254	0.00957	0.00578	0.00503
72	0.08983	0.02404	0.09134	0.12326	0.18792	0.01092	0.08199	0.04061	0.01274	0.20109	0.05356	0.03570	0.01176	0.00593	0.00522	0.00166	0.00585	0.00525	0.00385	0.00749
73	0.01643	0.03891	0.13253	0.07069	0.08867	0.01148	0.08899	0.10066	0.07345	0.25873	0.01441	0.01474	0.01006	0.00567	0.00522	0.00161	0.00592	0.00490	0.00429	0.05264
74	0.01207	0.01325	0.03743	0.55314	0.02996	0.17752	0.01350	0.01506	0.01135	0.01341	0.00917	0.01312	0.00716	0.00650	0.02875	0.00190	0.04391	0.00443	0.00244	0.00594
75	0.00651	0.00465	0.00620	0.00731	0.00768	0.00434	0.00491	0.00754	0.01045	0.01402	0.07970	0.75871	0.03597	0.01617	0.00671	0.00211	0.00303	0.01466	0.00497	0.00434
76	0.01226	0.08445	0.23143	0.06488	0.22001	0.01234	0.11496	0.01629	0.02501	0.06205	0.03807	0.01576	0.05291	0.00570	0.00548	0.00164	0.02125	0.00511	0.00298	0.00743
77	0.01549	0.10873	0.05325	0.11667	0.19739	0.01315	0.02391	0.11083	0.04972	0.17080	0.02437	0.01414	0.00986	0.00587	0.00592	0.00163	0.06198	0.00473	0.00380	0.00778
78	0.00997	0.00860	0.05078	0.05378	0.01217	0.03569	0.00772	0.05962	0.04406	0.04392	0.01429	0.02085	0.01303	0.14343	0.45122	0.00601	0.01059	0.00568	0.00324	0.00538
79	0.01083	0.00905	0.04717	0.20659	0.08772	0.00885	0.04799	0.02557	0.03616	0.08692	0.14201	0.09329	0.04218	0.01117	0.07387	0.03684	0.00599	0.01784	0.00388	0.00607

[dist]
# distance from previous block
# <min> <max>
0	53

[block]
# block no. 2 follows, 46 sequences, length 15
# corresponding to MSA columns:
# 587-601
name=unknown_C
#
# <colnr> <probs for GDERKNQSTAVLIFYWHMCP>
#	G	D	E	R	K	N	Q	S	T	A	V	L	I	F	Y	W	H	M	C	P
0	0.01430	0.01358	0.07880	0.29860	0.07643	0.07547	0.04580	0.15369	0.03278	0.08299	0.01126	0.01341	0.00828	0.00545	0.00517	0.00160	0.00661	0.00458	0.00342	0.06779
1	0.08201	0.01131	0.04192	0.05820	0.11726	0.02130	0.03806	0.07792	0.20679	0.12355	0.05640	0.05510	0.03006	0.00687	0.00543	0.00168	0.01658	0.00580	0.00443	0.03932
2	0.53074	0.01009	0.01132	0.00924	0.01248	0.01095	0.11667	0.03702	0.01034	0.06249	0.01020	0.01296	0.00821	0.07068	0.00582	0.00191	0.00484	0.00409	0.06403	0.00594
3	0.07689	0.00690	0.00797	0.00721	0.00932	0.00626	0.00536	0.03785	0.01201	0.01779	0.20994	0.22907	0.08419	0.05082	0.00657	0.00175	0.00339	0.00869	0.00449	0.21352
4	0.00671	0.00497	0.00627	0.00680	0.00764	0.00453	0.00477	0.00816	0.01188	0.01588	0.25187	0.45066	0.17182	0.01432	0.00651	0.00194	0.00283	0.01275	0.00517	0.00453
5	0.72820	0.01042	0.00901	0.00797	0.01076	0.01250	0.00658	0.01513	0.00886	0.02210	0.00730	0.00903	0.00590	0.00555	0.00534	0.00174	0.12163	0.00312	0.00313	0.00573
6	0.01061	0.00664	0.00903	0.12367	0.01298	0.00640	0.00676	0.01299	0.01388	0.15833	0.41073	0.03367	0.15409	0.00963	0.00593	0.00169	0.00356	0.00833	0.00530	0.00577
7	0.01777	0.02228	0.01357	0.01241	0.01499	0.67719	0.00930	0.01912	0.01455	0.01314	0.01484	0.01560	0.12022	0.00661	0.00498	0.00142	0.00853	0.00454	0.00304	0.00588
8	0.00670	0.00501	0.00613	0.00659	0.00748	0.00454	0.00460	0.00805	0.01163	0.01532	0.20929	0.39136	0.23264	0.05624	0.00756	0.00210	0.00294	0.01236	0.00503	0.00444
9	0.53674	0.01077	0.01221	0.00991	0.01356	0.01169	0.11732	0.01833	0.08765	0.12054	0.01102	0.01176	0.00807	0.00528	0.00418	0.00167	0.00486	0.00399	0.00382	0.00662
10	0.01289	0.05047	0.01991	0.09050	0.57156	0.01298	0.01460	0.01773	0.12341	0.01745	0.01148	0.01392	0.00933	0.00511	0.00517	0.00160	0.00600	0.00481	0.00298	0.00809
11	0.01975	0.02520	0.01498	0.01362	0.01634	0.79299	0.01021	0.02111	0.01498	0.01294	0.00817	0.00953	0.00681	0.00545	0.00477	0.00136	0.00953	0.00340	0.00272	0.00613
12	0.01417	0.01199	0.01891	0.02642	0.57280	0.01218	0.01403	0.01921	0.14159	0.09595	0.01302	0.01471	0.01017	0.00532	0.00527	0.00161	0.00574	0.00499	0.00349	0.00844
13	0.05219	0.00970	0.01122	0.00977	0.01227	0.02852	0.04660	0.13592	0.22724	0.04386	0.13252	0.12695	0.07928	0.00955	0.00644	0.04452	0.00433	0.00761	0.00490	0.00660
14	0.01694	0.01308	0.01400	0.01137	0.01500	0.01464	0.00918	0.45865	0.29526	0.02864	0.05467	0.01660	0.01365	0.00687	0.00537	0.00167	0.00506	0.00544	0.00535	0.00856

[dist]
# distance from previous block
# <min> <max>
3	6

[block]
# block no. 3 follows, 46 sequences, length 35
# corresponding to MSA columns:
# 609-621,629-650
name=unknown_D
#
# <colnr> <probs for GDERKNQSTAVLIFYWHMCP>
#	G	D	E	R	K	N	Q	S	T	A	V	L	I	F	Y	W	H	M	C	P
0	0.01334	0.00818	0.03196	0.07634	0.03430	0.00744	0.00754	0.03321	0.05683	0.25697	0.20958	0.07024	0.15373	0.00912	0.00577	0.00171	0.00399	0.00778	0.00532	0.00664
1	0.06219	0.10079	0.23234	0.01107	0.01600	0.01119	0.01130	0.02110	0.03386	0.38967	0.01489	0.01431	0.01003	0.00595	0.00546	0.00163	0.04114	0.00451	0.00447	0.00809
2	0.01413	0.81739	0.02770	0.00905	0.01357	0.02092	0.00905	0.01583	0.01074	0.01244	0.00735	0.00848	0.00678	0.00452	0.00339	0.00113	0.00565	0.00283	0.00226	0.00678
3	0.00807	0.00635	0.00917	0.00888	0.00960	0.00765	0.00686	0.00966	0.00836	0.01211	0.01352	0.02111	0.01308	0.11946	0.61316	0.00736	0.11237	0.00575	0.00281	0.00469
4	0.03587	0.00778	0.04289	0.05217	0.01144	0.00699	0.00677	0.01456	0.08075	0.13614	0.40078	0.03081	0.09211	0.00907	0.00570	0.00166	0.00350	0.00778	0.04718	0.00605
5	0.01320	0.01139	0.08518	0.14270	0.15335	0.01029	0.07973	0.02861	0.08945	0.15206	0.02583	0.09176	0.02690	0.00772	0.02592	0.00189	0.00590	0.00620	0.03473	0.00720
6	0.54634	0.01033	0.00834	0.00757	0.01029	0.08063	0.00600	0.01486	0.01100	0.04248	0.17100	0.04371	0.01636	0.00665	0.00421	0.00163	0.00422	0.00482	0.00391	0.00564
7	0.00782	0.00559	0.00652	0.00617	0.00785	0.00489	0.00467	0.00971	0.01352	0.06259	0.37161	0.04392	0.41222	0.01185	0.00619	0.00172	0.00270	0.01011	0.00541	0.00496
8	0.01109	0.01410	0.17866	0.17478	0.19696	0.01217	0.04226	0.01554	0.07549	0.01576	0.01171	0.06379	0.01007	0.00779	0.03705	0.00206	0.11556	0.00538	0.00283	0.00696
9	0.01665	0.01320	0.08879	0.09161	0.08471	0.05324	0.10539	0.06447	0.11624	0.27057	0.01553	0.01641	0.01105	0.00604	0.00541	0.00168	0.00608	0.02054	0.00443	0.00797
10	0.00670	0.00465	0.00605	0.00714	0.00748	0.00438	0.00474	0.00765	0.01003	0.01365	0.02778	0.72385	0.03291	0.06148	0.00773	0.00227	0.00315	0.01407	0.05004	0.00427
11	0.54104	0.06395	0.01062	0.00795	0.01156	0.01152	0.00666	0.04579	0.01136	0.22936	0.01121	0.01128	0.00791	0.00538	0.00391	0.00160	0.00437	0.00359	0.00416	0.00680
12	0.11807	0.07963	0.02687	0.03276	0.13331	0.01097	0.04840	0.06359	0.03459	0.03968	0.01019	0.01180	0.00813	0.00467	0.00433	0.00125	0.00497	0.00382	0.02239	0.34058
13	0.00912	0.00593	0.00799	0.00788	0.00891	0.00637	0.00589	0.03085	0.00982	0.06504	0.01770	0.13860	0.01763	0.14764	0.38537	0.00552	0.02045	0.02924	0.07517	0.00487
14	0.14633	0.00922	0.01098	0.00883	0.01221	0.00899	0.00718	0.12202	0.01549	0.40465	0.17727	0.02036	0.01915	0.00716	0.00519	0.00163	0.00419	0.00576	0.00572	0.00765
15	0.01463	0.75066	0.02672	0.00930	0.01380	0.02054	0.00913	0.07800	0.01192	0.01417	0.00779	0.00883	0.00697	0.00467	0.00355	0.00117	0.00567	0.00299	0.00251	0.00697
16	0.00760	0.00549	0.00763	0.00763	0.00827	0.00614	0.00553	0.00888	0.00824	0.01163	0.01495	0.02516	0.01512	0.28569	0.54983	0.00743	0.01129	0.00631	0.00295	0.00424
17	0.00694	0.00509	0.00657	0.00724	0.00809	0.00472	0.00529	0.00849	0.01180	0.01574	0.21035	0.42866	0.13554	0.01452	0.00663	0.00202	0.00312	0.10954	0.00512	0.00456
18	0.00748	0.00540	0.00707	0.00665	0.00790	0.00499	0.00499	0.00998	0.01496	0.02120	0.77844	0.03949	0.04988	0.01081	0.00624	0.00166	0.00249	0.00956	0.00582	0.00499
19	0.00691	0.00525	0.00636	0.00636	0.00762	0.00470	0.00467	0.00876	0.01319	0.01765	0.41627	0.17871	0.27907	0.01264	0.00633	0.00179	0.00265	0.01103	0.00537	0.00470
20	0.01975	0.02520	0.01498	0.01362	0.01634	0.79299	0.01021	0.02111	0.01498	0.01294	0.00817	0.00953	0.00681	0.00545	0.00477	0.00136	0.00953	0.00340	0.00272	0.00613
21	0.00905	0.00584	0.00706	0.00650	0.00831	0.00514	0.00496	0.01104	0.01387	0.11438	0.40535	0.04116	0.32495	0.01126	0.00612	0.00171	0.00282	0.00964	0.00556	0.00529
22	0.02010	0.01481	0.01587	0.01216	0.01639	0.01639	0.01005	0.76360	0.02486	0.03332	0.01269	0.01269	0.00899	0.00635	0.00529	0.00159	0.00582	0.00476	0.00529	0.00899
23	0.01617	0.01102	0.01168	0.00939	0.01247	0.01200	0.00762	0.47587	0.01958	0.02811	0.01444	0.01538	0.01074	0.00627	0.00468	0.00145	0.00453	0.00482	0.32634	0.00743
24	0.01096	0.00940	0.01096	0.00783	0.01253	0.00705	0.00626	0.01331	0.01096	0.01723	0.00940	0.01096	0.00783	0.00392	0.00392	0.00078	0.00392	0.00313	0.00313	0.84653
25	0.01975	0.02520	0.01498	0.01362	0.01634	0.79299	0.01021	0.02111	0.01498	0.01294	0.00817	0.00953	0.00681	0.00545	0.00477	0.00136	0.00953	0.00340	0.00272	0.00613
26	0.01111	0.00952	0.01121	0.00995	0.01250	0.01041	0.04782	0.02124	0.48132	0.02069	0.18332	0.05407	0.08691	0.00864	0.00573	0.00178	0.00392	0.00750	0.00527	0.00712
27	0.08360	0.01009	0.01289	0.01304	0.17263	0.00885	0.00842	0.04083	0.01188	0.04675	0.05135	0.01306	0.01027	0.00472	0.00436	0.00113	0.00444	0.00392	0.00338	0.49439
28	0.68853	0.01227	0.00926	0.00814	0.01143	0.09883	0.00659	0.07987	0.01101	0.02334	0.00791	0.00904	0.00612	0.00509	0.00361	0.00160	0.00484	0.00308	0.00338	0.00605
29	0.11342	0.00625	0.00715	0.00778	0.00883	0.00648	0.00549	0.01127	0.11592	0.01598	0.02534	0.60006	0.02868	0.01379	0.00612	0.00203	0.00335	0.01224	0.00477	0.00504
30	0.01127	0.00913	0.01391	0.52590	0.02777	0.01075	0.01201	0.01611	0.11584	0.08135	0.10854	0.01838	0.01418	0.00634	0.00542	0.00174	0.00587	0.00554	0.00356	0.00637
31	0.10320	0.15575	0.01532	0.01146	0.07687	0.03631	0.00868	0.17581	0.10002	0.11886	0.10938	0.03790	0.01529	0.00666	0.00489	0.00156	0.00491	0.00526	0.00446	0.00742
32	0.00928	0.06060	0.00927	0.00835	0.00962	0.00746	0.00617	0.13261	0.01267	0.01678	0.02493	0.59773	0.02864	0.01400	0.00630	0.00200	0.00376	0.03979	0.00479	0.00526
33	0.01177	0.01292	0.02689	0.01960	0.02398	0.01256	0.60311	0.01570	0.01242	0.01711	0.10672	0.01720	0.01318	0.00566	0.00718	0.00181	0.07587	0.00652	0.00304	0.00675
34	0.33407	0.04751	0.01490	0.05671	0.10172	0.04244	0.08952	0.05866	0.03169	0.13784	0.01087	0.01208	0.00804	0.00537	0.00485	0.00164	0.02727	0.00416	0.00366	0.00700

[dist]
# distance from previous block
# <min> <max>
1	12

[block]
# block no. 4 follows, 46 sequences, length 6
# corresponding to MSA columns:
# 663-668
name=unknown_E
#
# <colnr> <probs for GDERKNQSTAVLIFYWHMCP>
#	G	D	E	R	K	N	Q	S	T	A	V	L	I	F	Y	W	H	M	C	P
0	0.00700	0.00502	0.00622	0.00690	0.00778	0.00463	0.00499	0.00846	0.01136	0.01529	0.12162	0.42832	0.18737	0.01421	0.00639	0.00197	0.00304	0.08315	0.07176	0.00452
1	0.05975	0.08672	0.08076	0.05983	0.05192	0.01206	0.07021	0.10701	0.15188	0.08489	0.08075	0.05595	0.01463	0.00662	0.00515	0.00161	0.00528	0.00562	0.00415	0.05521
2	0.04462	0.01296	0.11346	0.26510	0.02332	0.04151	0.07169	0.06041	0.04148	0.25267	0.01354	0.01470	0.00933	0.00569	0.00525	0.00169	0.00633	0.00485	0.00397	0.00745
3	0.01043	0.00599	0.00722	0.00674	0.00839	0.00569	0.00511	0.01333	0.05516	0.11956	0.30766	0.10485	0.07215	0.00942	0.00539	0.00160	0.00291	0.00810	0.24471	0.00559
4	0.00837	0.00608	0.00846	0.00829	0.00946	0.00595	0.04155	0.03471	0.01193	0.04231	0.17413	0.39828	0.07658	0.01461	0.05065	0.00231	0.02667	0.03897	0.03567	0.00500
5	0.03128	0.10448	0.16682	0.09858	0.16422	0.01269	0.05463	0.07703	0.05241	0.12078	0.03188	0.01418	0.00998	0.00659	0.03039	0.00182	0.00646	0.00470	0.00346	0.00763

[dist]
# distance from previous block
# <min> <max>
5	33

[block]
# block no. 5 follows, 46 sequences, length 26
# corresponding to MSA columns:
# 710-735
name=unknown_F
#
# <colnr> <probs for GDERKNQSTAVLIFYWHMCP>
#	G	D	E	R	K	N	Q	S	T	A	V	L	I	F	Y	W	H	M	C	P
0	0.05683	0.01239	0.07006	0.25012	0.20692	0.04105	0.01299	0.01640	0.08971	0.03106	0.01096	0.01420	0.00878	0.00577	0.00619	0.00168	0.07982	0.01764	0.00296	0.06447
1	0.10067	0.03444	0.07909	0.31285	0.05732	0.04270	0.04220	0.05576	0.04192	0.06012	0.01031	0.01290	0.00781	0.00552	0.00571	0.00165	0.05772	0.00438	0.00304	0.06389
2	0.00960	0.00732	0.00955	0.01031	0.10882	0.00659	0.00672	0.01212	0.04343	0.06645	0.18831	0.14734	0.20586	0.00995	0.00571	0.00161	0.00354	0.00866	0.00464	0.14345
3	0.01065	0.00897	0.01065	0.00808	0.01233	0.00692	0.00656	0.01301	0.01112	0.01705	0.01180	0.01724	0.01075	0.00529	0.00435	0.00100	0.00404	0.09893	0.00336	0.73794
4	0.00663	0.00481	0.00629	0.00730	0.00784	0.00447	0.00506	0.00780	0.01077	0.01431	0.09127	0.65098	0.08823	0.01576	0.00670	0.00210	0.00310	0.05720	0.00498	0.00440
5	0.00673	0.00474	0.00610	0.00701	0.00730	0.00449	0.00457	0.00753	0.00983	0.01316	0.05725	0.62399	0.03242	0.17589	0.01076	0.00272	0.00346	0.01334	0.00460	0.00410
6	0.00723	0.00527	0.00680	0.00668	0.00781	0.00484	0.00491	0.00939	0.01397	0.01947	0.60664	0.16689	0.09649	0.01193	0.00632	0.00175	0.00260	0.01057	0.00561	0.00484
7	0.01308	0.01256	0.02146	0.03245	0.78123	0.01256	0.01622	0.01622	0.01204	0.01727	0.00994	0.01308	0.00837	0.00471	0.00523	0.00157	0.00628	0.00471	0.00262	0.00837
8	0.00678	0.00517	0.00591	0.00609	0.00739	0.00457	0.00443	0.00835	0.01225	0.01603	0.21734	0.21687	0.39920	0.01310	0.00622	0.00181	0.00271	0.01132	0.04988	0.00457
9	0.12952	0.01076	0.01268	0.00985	0.01388	0.01069	0.00814	0.22873	0.01703	0.47860	0.01685	0.01531	0.01100	0.00628	0.00504	0.00162	0.00481	0.00485	0.00577	0.00857
10	0.01096	0.00940	0.01096	0.00783	0.01253	0.00705	0.00626	0.01331	0.01096	0.01723	0.00940	0.01096	0.00783	0.00392	0.00392	0.00078	0.00392	0.00313	0.00313	0.84653
11	0.01413	0.81739	0.02770	0.00905	0.01357	0.02092	0.00905	0.01583	0.01074	0.01244	0.00735	0.00848	0.00678	0.00452	0.00339	0.00113	0.00565	0.00283	0.00226	0.00678
12	0.00658	0.00470	0.00628	0.00742	0.00781	0.00440	0.00506	0.00764	0.01045	0.01399	0.06772	0.74086	0.03555	0.01619	0.00674	0.00213	0.00311	0.04406	0.00495	0.00435
13	0.05992	0.11703	0.01470	0.01079	0.01415	0.08395	0.00873	0.18698	0.37497	0.02232	0.01605	0.04172	0.01260	0.00669	0.00498	0.00163	0.00517	0.00521	0.00459	0.00782
14	0.01324	0.13802	0.33461	0.01189	0.01715	0.04480	0.02867	0.02768	0.04271	0.12663	0.02367	0.07002	0.02097	0.00694	0.02120	0.00170	0.00637	0.00502	0.00339	0.05532
15	0.01385	0.25177	0.33445	0.05804	0.01947	0.02620	0.04217	0.07247	0.01248	0.09443	0.01024	0.01146	0.00762	0.00520	0.00485	0.00152	0.01939	0.00394	0.00294	0.00753
16	0.12113	0.28840	0.26154	0.01311	0.01863	0.01517	0.15107	0.01665	0.01113	0.04508	0.00914	0.01076	0.00709	0.00479	0.00448	0.00150	0.00668	0.00389	0.00262	0.00711
17	0.00947	0.00845	0.01363	0.09073	0.25326	0.00839	0.05856	0.01184	0.01162	0.01564	0.06313	0.22264	0.11866	0.01011	0.00607	0.00186	0.00492	0.08115	0.00385	0.00601
18	0.01292	0.03289	0.10998	0.15795	0.27707	0.01245	0.18759	0.01727	0.05114	0.07228	0.01130	0.01390	0.00857	0.00504	0.00542	0.00167	0.00695	0.00503	0.00296	0.00760
19	0.01491	0.50030	0.04157	0.01189	0.06858	0.04445	0.05268	0.04753	0.04256	0.08495	0.03844	0.01187	0.00960	0.00517	0.00421	0.00133	0.00580	0.00388	0.00309	0.00720
20	0.00667	0.00540	0.00596	0.00604	0.00764	0.00469	0.00462	0.00829	0.01248	0.01554	0.17073	0.07640	0.56307	0.01318	0.00636	0.00184	0.00286	0.07858	0.00506	0.00458
21	0.02176	0.00942	0.01225	0.00951	0.01335	0.00863	0.00781	0.11951	0.01637	0.61768	0.08948	0.01929	0.01594	0.00691	0.00540	0.00163	0.00448	0.00563	0.00631	0.00863
22	0.01515	0.19527	0.16482	0.04880	0.06795	0.12303	0.04600	0.10158	0.01359	0.09498	0.01115	0.04128	0.00892	0.00562	0.00478	0.00148	0.00659	0.00441	0.00328	0.04129
23	0.00966	0.00618	0.00793	0.00737	0.00896	0.00585	0.00556	0.01286	0.07264	0.10825	0.53969	0.13147	0.04119	0.01075	0.00613	0.00173	0.00293	0.00948	0.00576	0.00562
24	0.01574	0.00716	0.00932	0.00785	0.01056	0.00630	0.00621	0.01773	0.01407	0.41242	0.19243	0.08688	0.12170	0.00910	0.00565	0.00167	0.00359	0.00771	0.05698	0.00693
25	0.00729	0.00567	0.00760	0.10069	0.01136	0.00569	0.00621	0.00936	0.04213	0.01488	0.11367	0.48219	0.12314	0.01376	0.00642	0.00200	0.00352	0.03493	0.00473	0.00476

[dist]
# distance from previous block
# <min> <max>
0	2

[block]
# block no. 6 follows, 46 sequences, length 18
# corresponding to MSA columns:
# 738-755
name=unknown_G
#
# <colnr> <probs for GDERKNQSTAVLIFYWHMCP>
#	G	D	E	R	K	N	Q	S	T	A	V	L	I	F	Y	W	H	M	C	P
0	0.18497	0.13375	0.05206	0.03317	0.21183	0.07547	0.08254	0.05684	0.01206	0.03039	0.01008	0.04623	0.00859	0.00539	0.00463	0.00153	0.00605	0.00447	0.00302	0.03694
1	0.00674	0.00512	0.00621	0.00648	0.00758	0.00459	0.00465	0.00834	0.01242	0.01643	0.29826	0.30173	0.27515	0.01355	0.00641	0.00186	0.00274	0.01190	0.00523	0.00459
2	0.01399	0.74719	0.02801	0.01020	0.01480	0.02026	0.07486	0.01593	0.01089	0.01283	0.00764	0.00899	0.00689	0.00452	0.00364	0.00119	0.00594	0.00313	0.00230	0.00681
3	0.85155	0.01022	0.00777	0.00695	0.01022	0.01186	0.00573	0.01554	0.00900	0.02372	0.00736	0.00859	0.00573	0.00491	0.00327	0.00164	0.00409	0.00286	0.00327	0.00573
4	0.00654	0.00486	0.00612	0.00701	0.00772	0.00444	0.00489	0.00769	0.01084	0.01411	0.06715	0.58119	0.19330	0.01555	0.00664	0.00206	0.00304	0.04752	0.00495	0.00439
5	0.00679	0.00534	0.00613	0.00601	0.00749	0.00468	0.00448	0.00861	0.01321	0.01723	0.36478	0.08222	0.42934	0.01243	0.00627	0.00175	0.00262	0.01065	0.00530	0.00468
6	0.00749	0.00538	0.00684	0.00647	0.00776	0.00494	0.00485	0.00989	0.01456	0.02058	0.68705	0.03952	0.10642	0.01081	0.00612	0.00165	0.00251	0.00948	0.04272	0.00494
7	0.05587	0.01342	0.01440	0.01132	0.01525	0.01478	0.00928	0.55823	0.11760	0.08824	0.01434	0.01402	0.01020	0.00640	0.00516	0.00161	0.00533	0.00488	0.03103	0.00864
8	0.01975	0.02520	0.01498	0.01362	0.01634	0.79299	0.01021	0.02111	0.01498	0.01294	0.00817	0.00953	0.00681	0.00545	0.00477	0.00136	0.00953	0.00340	0.00272	0.00613
9	0.01315	0.01136	0.01195	0.01076	0.01375	0.01315	0.00837	0.02809	0.77168	0.02211	0.02152	0.01972	0.01614	0.00717	0.00538	0.00179	0.00418	0.00598	0.00538	0.00837
10	0.01421	0.01188	0.01255	0.01097	0.01415	0.01364	0.00862	0.14002	0.65803	0.02382	0.02017	0.01865	0.01505	0.00705	0.00537	0.00176	0.00443	0.00579	0.00537	0.00846
11	0.01376	0.01158	0.01040	0.00939	0.01168	0.18214	0.00714	0.12314	0.03378	0.11238	0.11180	0.19305	0.13806	0.00999	0.00575	0.00171	0.00498	0.00830	0.00480	0.00617
12	0.01628	0.01360	0.03246	0.08618	0.12750	0.03255	0.09316	0.32520	0.10509	0.06651	0.01290	0.01401	0.00951	0.00598	0.00580	0.00167	0.03422	0.00503	0.00422	0.00815
13	0.00961	0.00890	0.01484	0.71854	0.03341	0.01097	0.01366	0.01287	0.01052	0.01351	0.01146	0.09733	0.00996	0.00646	0.00544	0.00180	0.00663	0.00578	0.00262	0.00571
14	0.01114	0.08002	0.01294	0.09086	0.01511	0.00875	0.00739	0.01355	0.01090	0.01642	0.00922	0.01107	0.00766	0.00411	0.00401	0.00092	0.00439	0.00327	0.00297	0.68530
15	0.01551	0.28430	0.17450	0.01288	0.08326	0.02816	0.01164	0.08394	0.01299	0.16032	0.01109	0.01183	0.00833	0.00536	0.00502	0.00145	0.03826	0.00394	0.00340	0.04382
16	0.05200	0.04011	0.04711	0.04269	0.01492	0.01271	0.03193	0.18906	0.33045	0.02281	0.08364	0.01942	0.03374	0.03342	0.02094	0.00193	0.00506	0.00580	0.00472	0.00755
17	0.00701	0.06651	0.00771	0.00731	0.00807	0.00557	0.00514	0.00803	0.01034	0.01348	0.02961	0.68330	0.09786	0.01537	0.00645	0.00204	0.00323	0.01376	0.00471	0.00450

[dist]
# distance from previous block
# <min> <max>
5	19

[block]
# block no. 7 follows, 46 sequences, length 26
# corresponding to MSA columns:
# 776-801
name=unknown_H
#
# <colnr> <probs for GDERKNQSTAVLIFYWHMCP>
#	G	D	E	R	K	N	Q	S	T	A	V	L	I	F	Y	W	H	M	C	P
0	0.24884	0.02921	0.06586	0.02414	0.03109	0.11507	0.07743	0.06827	0.03720	0.09191	0.02245	0.02387	0.01929	0.00563	0.00488	0.00154	0.02489	0.00430	0.00359	0.10055
1	0.01099	0.11408	0.63717	0.01448	0.02155	0.01303	0.04988	0.01641	0.01121	0.01623	0.01007	0.01301	0.00775	0.00534	0.00499	0.00165	0.00750	0.03474	0.00236	0.00755
2	0.01369	0.01100	0.04750	0.10239	0.13799	0.01084	0.04169	0.02062	0.26286	0.14782	0.05025	0.02044	0.04310	0.00684	0.00546	0.00171	0.00513	0.03416	0.00447	0.03203
3	0.85155	0.01022	0.00777	0.00695	0.01022	0.01186	0.00573	0.01554	0.00900	0.02372	0.00736	0.00859	0.00573	0.00491	0.00327	0.00164	0.00409	0.00286	0.00327	0.00573
4	0.85155	0.01022	0.00777	0.00695	0.01022	0.01186	0.00573	0.01554	0.00900	0.02372	0.00736	0.00859	0.00573	0.00491	0.00327	0.00164	0.00409	0.00286	0.00327	0.00573
5	0.00644	0.00460	0.00613	0.00736	0.00767	0.00429	0.00491	0.00736	0.01012	0.01350	0.02914	0.81076	0.03497	0.01656	0.00675	0.00215	0.00307	0.01503	0.00491	0.00429
6	0.02010	0.01481	0.01587	0.01216	0.01639	0.01639	0.01005	0.76360	0.02486	0.03332	0.01269	0.01269	0.00899	0.00635	0.00529	0.00159	0.00582	0.00476	0.00529	0.00899
7	0.85155	0.01022	0.00777	0.00695	0.01022	0.01186	0.00573	0.01554	0.00900	0.02372	0.00736	0.00859	0.00573	0.00491	0.00327	0.00164	0.00409	0.00286	0.00327	0.00573
8	0.01488	0.00978	0.04615	0.12052	0.09460	0.00888	0.00957	0.04287	0.05301	0.27157	0.01768	0.15030	0.01494	0.00769	0.00541	0.00166	0.00490	0.01997	0.00459	0.10104
9	0.01096	0.00940	0.01096	0.00783	0.01253	0.00705	0.00626	0.01331	0.01096	0.01723	0.00940	0.01096	0.00783	0.00392	0.00392	0.00078	0.00392	0.00313	0.00313	0.84653
10	0.00678	0.00505	0.00632	0.00669	0.00764	0.00458	0.00476	0.00837	0.01229	0.01649	0.30936	0.37234	0.19233	0.01380	0.00646	0.00190	0.00278	0.01223	0.00524	0.00458
11	0.04754	0.01050	0.01679	0.40887	0.28747	0.01181	0.01392	0.03821	0.03295	0.01656	0.05652	0.01516	0.01035	0.00549	0.00524	0.00168	0.00626	0.00496	0.00287	0.00684
12	0.01382	0.40888	0.29366	0.01218	0.03850	0.05770	0.01298	0.04036	0.01181	0.05313	0.00906	0.01022	0.00718	0.00491	0.00425	0.00139	0.00659	0.00348	0.00259	0.00734
13	0.01020	0.00950	0.01188	0.08959	0.16683	0.09513	0.02710	0.01214	0.01170	0.03078	0.02441	0.27622	0.14547	0.01072	0.00599	0.00185	0.00503	0.05582	0.00394	0.00570
14	0.02018	0.01379	0.01513	0.01170	0.01583	0.01500	0.00963	0.61657	0.06875	0.13702	0.01436	0.01385	0.00999	0.00642	0.00530	0.00161	0.00554	0.00491	0.00547	0.00895
15	0.01234	0.01060	0.01165	0.05828	0.01452	0.01221	0.00841	0.02525	0.64913	0.02112	0.05980	0.05967	0.01824	0.00771	0.00549	0.00180	0.00422	0.00653	0.00519	0.00784
16	0.01394	0.01557	0.21709	0.09423	0.25619	0.01170	0.09675	0.01851	0.05486	0.15067	0.01241	0.01404	0.00903	0.00527	0.00532	0.00166	0.00661	0.00485	0.00334	0.00797
17	0.00993	0.00706	0.00811	0.00743	0.00920	0.00715	0.00567	0.11639	0.07938	0.02143	0.34769	0.10305	0.09320	0.00982	0.00564	0.00164	0.00316	0.00843	0.14991	0.00572
18	0.00701	0.00540	0.00645	0.00671	0.00787	0.00498	0.00483	0.00921	0.04992	0.01637	0.25038	0.31685	0.26769	0.01347	0.00638	0.00188	0.00284	0.01182	0.00519	0.00475
19	0.12460	0.01085	0.01582	0.32600	0.08363	0.01279	0.05167	0.08420	0.01182	0.07632	0.01000	0.01303	0.00765	0.00602	0.00712	0.00180	0.14237	0.00458	0.00310	0.00663
20	0.01329	0.40354	0.06519	0.10510	0.07421	0.01637	0.06316	0.09173	0.03060	0.01591	0.01059	0.06857	0.00949	0.00577	0.00452	0.00145	0.00601	0.00464	0.00290	0.00696
21	0.00850	0.00564	0.00748	0.00823	0.00907	0.00552	0.00639	0.00999	0.01076	0.04731	0.02523	0.22346	0.02803	0.20609	0.01178	0.00298	0.00450	0.36997	0.00455	0.00452
22	0.00832	0.00622	0.00882	0.03740	0.01034	0.00713	0.00666	0.04928	0.00934	0.01318	0.01422	0.02181	0.01351	0.13250	0.62785	0.00747	0.01234	0.00583	0.00299	0.00480
23	0.01314	0.01309	0.12435	0.24594	0.25756	0.01153	0.06858	0.03090	0.01204	0.11964	0.01148	0.01417	0.00858	0.00663	0.03809	0.00195	0.00698	0.00483	0.00308	0.00743
24	0.00830	0.00665	0.03835	0.01050	0.08893	0.00591	0.00699	0.00983	0.01042	0.05324	0.02419	0.56318	0.02743	0.01712	0.09972	0.00280	0.00497	0.01193	0.00440	0.00514
25	0.01223	0.01027	0.01100	0.01016	0.01277	0.01173	0.00786	0.02489	0.64129	0.02100	0.02226	0.09209	0.01826	0.00826	0.00550	0.00183	0.00404	0.03520	0.04166	0.00772

[dist]
# distance from previous block
# <min> <max>
1	2

[block]
# block no. 8 follows, 46 sequences, length 57
# corresponding to MSA columns:
# 804-860
name=unknown_I
#
# <colnr> <probs for GDERKNQSTAVLIFYWHMCP>
#	G	D	E	R	K	N	Q	S	T	A	V	L	I	F	Y	W	H	M	C	P
0	0.76437	0.01047	0.00919	0.00960	0.09039	0.01193	0.00682	0.01561	0.00931	0.02305	0.00763	0.00906	0.00600	0.00489	0.00348	0.00163	0.00432	0.00305	0.00320	0.00600
1	0.05922	0.01410	0.07300	0.12485	0.28049	0.06044	0.16217	0.08450	0.01317	0.04813	0.01072	0.01380	0.00839	0.00520	0.00533	0.00165	0.00695	0.01733	0.00304	0.00750
2	0.00667	0.00531	0.00599	0.00596	0.00744	0.00462	0.00442	0.00836	0.01285	0.01651	0.29246	0.11175	0.47335	0.01280	0.00629	0.00178	0.00265	0.01096	0.00521	0.00462
3	0.01062	0.00895	0.01040	0.00783	0.01185	0.00715	0.00612	0.01359	0.05941	0.01716	0.04250	0.03865	0.01160	0.05446	0.00560	0.00119	0.00392	0.00422	0.00344	0.68134
4	0.00632	0.00505	0.00567	0.00615	0.00735	0.00440	0.00437	0.00750	0.01128	0.01397	0.04382	0.35369	0.48256	0.01465	0.00645	0.00193	0.00283	0.01270	0.00491	0.00440
5	0.00666	0.00537	0.00593	0.00579	0.00739	0.00464	0.00434	0.00838	0.01302	0.01659	0.29510	0.04708	0.53611	0.01253	0.00624	0.00174	0.00262	0.01063	0.00521	0.00464
6	0.85155	0.01022	0.00777	0.00695	0.01022	0.01186	0.00573	0.01554	0.00900	0.02372	0.00736	0.00859	0.00573	0.00491	0.00327	0.00164	0.00409	0.00286	0.00327	0.00573
7	0.00810	0.00555	0.00722	0.00672	0.00810	0.00508	0.00507	0.01054	0.01488	0.05204	0.72404	0.03899	0.07211	0.01072	0.00620	0.00167	0.00258	0.00944	0.00582	0.00513
8	0.85155	0.01022	0.00777	0.00695	0.01022	0.01186	0.00573	0.01554	0.00900	0.02372	0.00736	0.00859	0.00573	0.00491	0.00327	0.00164	0.00409	0.00286	0.00327	0.00573
9	0.85155	0.01022	0.00777	0.00695	0.01022	0.01186	0.00573	0.01554	0.00900	0.02372	0.00736	0.00859	0.00573	0.00491	0.00327	0.00164	0.00409	0.00286	0.00327	0.00573
10	0.00711	0.00539	0.00655	0.00626	0.00767	0.00483	0.00470	0.00926	0.01409	0.01912	0.56050	0.04291	0.26913	0.01158	0.00624	0.00170	0.00255	0.01004	0.00555	0.00483
