[name]
unknown

[dist]
# distance from previous block
# <min> <max>
0	103

[block]
# block no. 0 follows, 48 sequences, length 71
# corresponding to MSA columns:
# 103-173
name=unknown_A
#
# <colnr> <probs for GDERKNQSTAVLIFYWHMCP>
#	G	D	E	R	K	N	Q	S	T	A	V	L	I	F	Y	W	H	M	C	P
0	0.37561	0.00875	0.00868	0.00742	0.01061	0.00866	0.00603	0.02493	0.01032	0.01955	0.05129	0.05692	0.01262	0.00638	0.00417	0.00142	0.00389	0.08790	0.00354	0.29131
1	0.00808	0.00593	0.00723	0.00741	0.00858	0.00563	0.00526	0.08796	0.01145	0.01526	0.02708	0.53900	0.11911	0.01386	0.00684	0.04563	0.00335	0.01172	0.00455	0.06606
2	0.01955	0.01414	0.01481	0.01153	0.01549	0.05525	0.00945	0.61917	0.05736	0.11073	0.01332	0.01302	0.00935	0.00617	0.00511	0.00154	0.00562	0.00466	0.00514	0.00856
3	0.01213	0.01001	0.01725	0.31840	0.06604	0.01060	0.17782	0.01614	0.06382	0.11304	0.01381	0.01978	0.01123	0.00626	0.00554	0.00174	0.00635	0.09566	0.00339	0.03097
4	0.01163	0.04361	0.65035	0.01443	0.02143	0.01217	0.05888	0.05734	0.01181	0.05697	0.00996	0.01136	0.00701	0.00498	0.00493	0.00161	0.00732	0.00401	0.00257	0.00764
5	0.01040	0.00984	0.01667	0.62440	0.21273	0.01159	0.01460	0.01373	0.01060	0.01397	0.00925	0.01345	0.00714	0.00500	0.00512	0.00167	0.00666	0.00456	0.00234	0.00627
6	0.01270	0.01219	0.02083	0.03149	0.78767	0.01219	0.01575	0.01575	0.01168	0.01676	0.00965	0.01270	0.00813	0.00457	0.00508	0.00152	0.00610	0.00457	0.00254	0.00813
7	0.08378	0.01463	0.25172	0.01281	0.01750	0.00979	0.16281	0.01714	0.01178	0.22072	0.01502	0.13309	0.01241	0.00681	0.00529	0.00170	0.00596	0.00613	0.00383	0.00708
8	0.01055	0.10786	0.56602	0.01297	0.01906	0.01167	0.03240	0.01511	0.01067	0.03466	0.01129	0.09576	0.00966	0.00645	0.00541	0.02931	0.00672	0.00492	0.00256	0.00696
9	0.00727	0.00544	0.00812	0.00818	0.00906	0.00629	0.00632	0.00905	0.00834	0.01198	0.01457	0.06558	0.01403	0.03720	0.75411	0.00789	0.01313	0.00602	0.00286	0.00456
10	0.00746	0.00497	0.00560	0.00560	0.00560	0.00497	0.00311	0.00746	0.00746	0.00995	0.01617	0.03358	0.01865	0.81967	0.02612	0.00497	0.00497	0.00746	0.00311	0.00311
11	0.06486	0.04806	0.26575	0.01243	0.07921	0.02686	0.02321	0.03356	0.10334	0.09067	0.10992	0.02983	0.07727	0.00674	0.00507	0.00161	0.00534	0.00555	0.00377	0.00697
12	0.01256	0.01249	0.01789	0.22949	0.44013	0.09005	0.01404	0.01665	0.08614	0.01585	0.01043	0.01324	0.00837	0.00502	0.00506	0.00157	0.00640	0.00456	0.00274	0.00728
13	0.00736	0.00534	0.00697	0.00785	0.00858	0.00526	0.00586	0.00947	0.05431	0.01438	0.06562	0.44982	0.03120	0.07547	0.00808	0.00234	0.00367	0.22919	0.00470	0.00451
14	0.01135	0.03975	0.41139	0.01934	0.25688	0.01266	0.01631	0.01625	0.05213	0.01617	0.00966	0.01183	0.00752	0.00531	0.00618	0.00165	0.09141	0.00419	0.00246	0.00755
15	0.14191	0.01732	0.21025	0.05669	0.05134	0.13791	0.10749	0.10197	0.03200	0.04686	0.01032	0.03101	0.00800	0.00545	0.00504	0.00160	0.02042	0.00439	0.00310	0.00692
16	0.00661	0.00489	0.00640	0.00738	0.00794	0.00468	0.00527	0.00773	0.01023	0.01345	0.03012	0.61992	0.11188	0.01534	0.00681	0.00209	0.02235	0.10792	0.00470	0.00429
17	0.00646	0.00460	0.00610	0.00722	0.00756	0.00434	0.00492	0.00741	0.00983	0.01308	0.02751	0.71824	0.03275	0.06178	0.00770	0.00227	0.00321	0.06621	0.00467	0.00415
18	0.21382	0.12769	0.31496	0.01097	0.01614	0.02667	0.01188	0.07434	0.04409	0.09975	0.01029	0.01101	0.00749	0.00513	0.00432	0.00153	0.00584	0.00369	0.00321	0.00717
19	0.01538	0.12562	0.08924	0.03132	0.02564	0.21266	0.02518	0.12786	0.24160	0.03612	0.01279	0.01306	0.00977	0.00574	0.00478	0.00150	0.00631	0.00435	0.00373	0.00733
20	0.00734	0.00547	0.00812	0.00812	0.00900	0.00635	0.00626	0.00908	0.00821	0.01182	0.01386	0.02077	0.01310	0.07435	0.76383	0.00810	0.01334	0.00559	0.00277	0.00451
21	0.01501	0.05714	0.01356	0.01099	0.01416	0.11654	0.00874	0.18384	0.46259	0.02200	0.01674	0.01650	0.01276	0.00656	0.00505	0.00162	0.00517	0.01850	0.00469	0.00782
22	0.01248	0.01196	0.02043	0.08874	0.73216	0.01213	0.01564	0.01555	0.01158	0.01649	0.00961	0.01277	0.00803	0.00461	0.00508	0.00154	0.00615	0.00457	0.00252	0.00795
23	0.00889	0.00559	0.00631	0.00600	0.00781	0.00489	0.00458	0.01053	0.01217	0.11618	0.11890	0.08273	0.45298	0.01120	0.00569	0.00167	0.00286	0.02704	0.10899	0.00501
24	0.00732	0.00492	0.00564	0.00577	0.00581	0.00488	0.00330	0.00743	0.00773	0.01031	0.01756	0.12351	0.02041	0.72734	0.02387	0.00464	0.00474	0.00828	0.00330	0.00323
25	0.00658	0.00505	0.00605	0.00643	0.00747	0.00459	0.00458	0.00830	0.03090	0.01525	0.20675	0.36635	0.28592	0.01356	0.00624	0.00185	0.00275	0.01192	0.00498	0.00447
26	0.00726	0.00524	0.00686	0.00646	0.00767	0.00484	0.00484	0.00968	0.01452	0.02058	0.78496	0.03833	0.04841	0.01049	0.00605	0.00161	0.00242	0.00928	0.00565	0.00484
27	0.37688	0.07200	0.14456	0.01042	0.01464	0.04332	0.05218	0.14343	0.03276	0.03998	0.00925	0.01032	0.00695	0.00515	0.00434	0.00156	0.01857	0.00363	0.00333	0.00674
28	0.00821	0.00538	0.00661	0.00619	0.00765	0.00490	0.00468	0.01040	0.01360	0.06317	0.52211	0.03691	0.17410	0.01018	0.00572	0.00159	0.00256	0.00881	0.10226	0.00497
29	0.01422	0.64885	0.02488	0.01166	0.09502	0.10584	0.00964	0.01597	0.01101	0.01262	0.00749	0.00881	0.00675	0.00451	0.00363	0.00117	0.00597	0.00300	0.00228	0.00668
30	0.01833	0.02306	0.01466	0.01325	0.01561	0.71659	0.01005	0.01963	0.01384	0.01254	0.00781	0.00946	0.00662	0.00568	0.00591	0.00142	0.09360	0.00343	0.00260	0.00591
31	0.00726	0.00524	0.00686	0.00646	0.00767	0.00484	0.00484	0.00968	0.01452	0.02058	0.78496	0.03833	0.04841	0.01049	0.00605	0.00161	0.00242	0.00928	0.00565	0.00484
32	0.74661	0.01037	0.00857	0.02737	0.01119	0.01197	0.00622	0.09459	0.01039	0.02375	0.00774	0.00889	0.00592	0.00492	0.00343	0.00159	0.00422	0.00302	0.00336	0.00589
33	0.01951	0.01437	0.01540	0.01181	0.01591	0.01591	0.00975	0.77056	0.02412	0.03234	0.01232	0.01232	0.00873	0.00616	0.00513	0.00154	0.00565	0.00462	0.00513	0.00873
34	0.03538	0.01379	0.01768	0.04739	0.38510	0.14871	0.05322	0.07902	0.03061	0.08453	0.01154	0.03277	0.00945	0.00553	0.00510	0.00155	0.00642	0.02146	0.00327	0.00747
35	0.01211	0.01384	0.03028	0.02163	0.02682	0.01298	0.76903	0.01644	0.01211	0.01644	0.01038	0.01384	0.00779	0.00433	0.00606	0.00173	0.00865	0.00606	0.00260	0.00692
36	0.00707	0.00525	0.00659	0.00721	0.00823	0.00492	0.00557	0.00864	0.01126	0.01457	0.11267	0.22330	0.22546	0.08013	0.00816	0.00227	0.00356	0.25604	0.00471	0.00438
37	0.01400	0.01371	0.02690	0.01945	0.02433	0.05459	0.62310	0.01784	0.01260	0.12308	0.01161	0.01409	0.00840	0.00466	0.00585	0.00169	0.00809	0.00578	0.00312	0.00712
38	0.01276	0.18423	0.02641	0.01756	0.04102	0.08182	0.47275	0.01606	0.01189	0.01506	0.01064	0.03384	0.00903	0.00515	0.00538	0.00159	0.00766	0.03785	0.00266	0.00663
39	0.00814	0.00698	0.00719	0.00683	0.00890	0.00692	0.00521	0.01349	0.24601	0.01632	0.05774	0.03991	0.53500	0.01110	0.00581	0.00173	0.00304	0.00926	0.00492	0.00550
40	0.00969	0.00912	0.01539	0.80734	0.03534	0.01140	0.01425	0.01311	0.01026	0.01311	0.00912	0.01368	0.00684	0.00513	0.00513	0.00171	0.00684	0.00456	0.00228	0.00570
41	0.00897	0.00774	0.01202	0.07236	0.18987	0.00749	0.06658	0.01108	0.01134	0.03421	0.04573	0.18724	0.24355	0.02050	0.00617	0.00183	0.00446	0.05930	0.00394	0.00560
42	0.08692	0.00951	0.03059	0.00956	0.01313	0.00871	0.04844	0.08844	0.03688	0.44525	0.14866	0.01952	0.01755	0.00679	0.00519	0.00160	0.00441	0.00566	0.00553	0.00766
43	0.00636	0.00454	0.00608	0.00727	0.00761	0.00426	0.00495	0.00733	0.00993	0.01322	0.02822	0.77546	0.03370	0.01597	0.00658	0.00210	0.00307	0.05438	0.00476	0.00420
44	0.00969	0.00912	0.01539	0.80734	0.03534	0.01140	0.01425	0.01311	0.01026	0.01311	0.00912	0.01368	0.00684	0.00513	0.00513	0.00171	0.00684	0.00456	0.00228	0.00570
45	0.81442	0.01047	0.00790	0.00704	0.01022	0.03686	0.00577	0.02849	0.00919	0.02285	0.00726	0.00843	0.00565	0.00480	0.00326	0.00158	0.00417	0.00283	0.00319	0.00562
46	0.01206	0.01219	0.03826	0.18587	0.32479	0.01237	0.19283	0.03565	0.10168	0.01686	0.01109	0.01388	0.00864	0.00496	0.00533	0.00164	0.00664	0.00505	0.00287	0.00734
47	0.18226	0.00896	0.01107	0.00867	0.01249	0.00830	0.00716	0.02311	0.01355	0.64435	0.01774	0.01572	0.01134	0.00605	0.00478	0.00159	0.00429	0.00470	0.00574	0.00813
48	0.00960	0.03744	0.51786	0.01205	0.01751	0.01015	0.01426	0.01484	0.05115	0.01721	0.18316	0.06162	0.01779	0.00684	0.00521	0.00164	0.00595	0.00568	0.00324	0.00679
49	0.00686	0.00514	0.00637	0.00625	0.00747	0.00464	0.00462	0.00884	0.01330	0.01813	0.52481	0.13599	0.21522	0.01175	0.00612	0.00170	0.00253	0.01028	0.00534	0.00464
50	0.00631	0.00451	0.00602	0.00721	0.00753	0.00422	0.00486	0.00725	0.00988	0.01316	0.02825	0.79439	0.03381	0.01602	0.00656	0.00209	0.00303	0.03595	0.00476	0.00418
51	0.00807	0.00571	0.00776	0.00875	0.00971	0.00570	0.00732	0.01000	0.01104	0.01440	0.02542	0.07867	0.02791	0.14501	0.01016	0.00278	0.00471	0.60798	0.00446	0.00444
52	0.85592	0.00992	0.00754	0.00675	0.00992	0.01151	0.00556	0.01508	0.00873	0.02302	0.00714	0.00834	0.00556	0.00476	0.00318	0.00159	0.00397	0.00278	0.00318	0.00556
53	0.01270	0.01219	0.02083	0.03149	0.78767	0.01219	0.01575	0.01575	0.01168	0.01676	0.00965	0.01270	0.00813	0.00457	0.00508	0.00152	0.00610	0.00457	0.00254	0.00813
54	0.01849	0.02316	0.01520	0.01514	0.09713	0.71621	0.01053	0.01999	0.01424	0.01300	0.00811	0.00962	0.00677	0.00521	0.00467	0.00134	0.00892	0.00344	0.00263	0.00618
55	0.01276	0.01102	0.01160	0.01044	0.01334	0.01276	0.00812	0.02727	0.77840	0.02146	0.02088	0.01914	0.01566	0.00696	0.00522	0.00174	0.00406	0.00580	0.00522	0.00812
56	0.00774	0.00564	0.00794	0.04989	0.01095	0.00567	0.00753	0.00972	0.01114	0.01457	0.02657	0.28202	0.02968	0.01428	0.00683	0.00225	0.00431	0.49406	0.00461	0.00461
57	0.00786	0.00612	0.00865	0.00882	0.01036	0.00582	0.05027	0.01009	0.01209	0.01561	0.11190	0.05129	0.20973	0.01294	0.00668	0.00210	0.00420	0.45599	0.00471	0.00477
58	0.00985	0.00929	0.01568	0.76553	0.07588	0.01144	0.01433	0.01325	0.01034	0.01331	0.00915	0.01363	0.00691	0.00510	0.00513	0.00170	0.00680	0.00456	0.00229	0.00583
59	0.01237	0.01134	0.01861	0.02748	0.66118	0.01144	0.01403	0.01601	0.05533	0.01728	0.01104	0.01374	0.00909	0.00486	0.00493	0.00150	0.00559	0.00466	0.09174	0.00778
60	0.00763	0.00514	0.00622	0.00595	0.00721	0.00477	0.00446	0.00991	0.01338	0.01949	0.53347	0.03541	0.12530	0.00979	0.00552	0.00154	0.00243	0.00848	0.18913	0.00477
61	0.00698	0.00510	0.00587	0.00616	0.00689	0.00479	0.00422	0.00783	0.00973	0.01243	0.04733	0.13922	0.25494	0.35854	0.01483	0.00324	0.00392	0.10009	0.00407	0.00385
62	0.01531	0.01437	0.01529	0.23213	0.12909	0.23590	0.01160	0.05577	0.05130	0.11679	0.01090	0.01281	0.00825	0.00567	0.00581	0.00159	0.06306	0.00434	0.00324	0.00678
63	0.03593	0.06436	0.25541	0.01452	0.09819	0.30587	0.01271	0.03662	0.02657	0.04545	0.01154	0.01267	0.04731	0.00551	0.00476	0.00148	0.00735	0.00408	0.00284	0.00684
64	0.00742	0.00512	0.00634	0.00634	0.00659	0.00538	0.00403	0.00794	0.00768	0.01050	0.01549	0.02983	0.01703	0.60162	0.24194	0.00589	0.00742	0.00691	0.00301	0.00352
65	0.00790	0.00542	0.00696	0.00724	0.02738	0.00501	0.00524	0.00989	0.01273	0.04619	0.38477	0.17919	0.13678	0.01147	0.00597	0.00174	0.00289	0.06763	0.07075	0.00486
66	0.01269	0.07171	0.33125	0.06024	0.31100	0.01211	0.01567	0.01673	0.01149	0.09429	0.01035	0.01218	0.00777	0.00489	0.00489	0.00155	0.00652	0.00419	0.00274	0.00774
67	0.01182	0.01859	0.36611	0.02316	0.40451	0.01200	0.04158	0.01619	0.01138	0.03274	0.00970	0.01200	0.00748	0.00474	0.00502	0.00158	0.00681	0.00428	0.00245	0.00786
68	0.01782	0.02222	0.01551	0.01368	0.01619	0.65793	0.05333	0.01952	0.02711	0.01291	0.00817	0.00990	0.00685	0.00565	0.00600	0.00145	0.09348	0.00363	0.00264	0.00601
69	0.05885	0.00959	0.02966	0.00772	0.01228	0.00723	0.00637	0.01312	0.01054	0.01707	0.00901	0.01051	0.00746	0.00388	0.00379	0.00083	0.00390	0.00304	0.00303	0.78211
70	0.62232	0.12445	0.08938	0.00807	0.01183	0.04319	0.00752	0.01545	0.00940	0.02042	0.00738	0.00861	0.00583	0.00474	0.00342	0.00151	0.00475	0.00290	0.00292	0.00592

[dist]
# distance from previous block
# <min> <max>
0	1

[block]
# block no. 1 follows, 48 sequences, length 181
# corresponding to MSA columns:
# 175-355
name=unknown_B
#
# <colnr> <probs for GDERKNQSTAVLIFYWHMCP>
#	G	D	E	R	K	N	Q	S	T	A	V	L	I	F	Y	W	H	M	C	P
0	0.01347	0.01211	0.01533	0.01287	0.01401	0.03405	0.01065	0.16816	0.04904	0.03625	0.00893	0.01194	0.00772	0.00815	0.01331	0.00204	0.56785	0.00457	0.00309	0.00646
1	0.01048	0.00941	0.03221	0.00770	0.01213	0.00689	0.00630	0.01275	0.01049	0.01639	0.00946	0.01173	0.00809	0.04244	0.00489	0.00098	0.00396	0.00327	0.00302	0.78741
2	0.00700	0.00499	0.00616	0.00656	0.00752	0.00465	0.00466	0.00825	0.01058	0.03542	0.08493	0.37193	0.24924	0.05466	0.09204	0.00271	0.00410	0.01127	0.02893	0.00440
3	0.02872	0.04198	0.52972	0.01315	0.01940	0.01146	0.04400	0.05660	0.03106	0.11517	0.01238	0.01323	0.02953	0.00540	0.00491	0.00160	0.00664	0.00432	0.02317	0.00755
4	0.02743	0.03212	0.01767	0.01610	0.13518	0.13131	0.19574	0.07139	0.04505	0.09272	0.03287	0.04879	0.01250	0.00643	0.00535	0.00162	0.00635	0.06402	0.05052	0.00683
5	0.00670	0.00476	0.00614	0.00703	0.00746	0.00452	0.00483	0.00767	0.00987	0.01309	0.05266	0.54661	0.05996	0.15220	0.00990	0.00258	0.00347	0.09199	0.00451	0.00408
6	0.05012	0.00897	0.11669	0.00751	0.01008	0.00661	0.00675	0.03038	0.05368	0.03454	0.10128	0.13590	0.39650	0.01096	0.00572	0.00174	0.00360	0.00922	0.00447	0.00530
7	0.01277	0.11633	0.13698	0.00952	0.01419	0.04222	0.00897	0.03503	0.06960	0.08856	0.03013	0.01231	0.00938	0.00481	0.00426	0.00115	0.00492	0.00373	0.00337	0.39175
8	0.00874	0.00720	0.03151	0.07084	0.07904	0.00707	0.02650	0.01087	0.02898	0.03860	0.02154	0.37534	0.04209	0.02331	0.03901	0.00220	0.04849	0.06604	0.06740	0.00520
9	0.00750	0.00487	0.00577	0.00615	0.00712	0.00458	0.00447	0.00925	0.01131	0.01648	0.16489	0.29485	0.13265	0.01151	0.00553	0.00170	0.00273	0.04511	0.25901	0.00452
10	0.04500	0.00993	0.01568	0.34075	0.26603	0.01132	0.01289	0.01421	0.04709	0.01549	0.05304	0.03648	0.01134	0.00620	0.00608	0.00171	0.06682	0.03063	0.00287	0.00645
11	0.85592	0.00992	0.00754	0.00675	0.00992	0.01151	0.00556	0.01508	0.00873	0.02302	0.00714	0.00834	0.00556	0.00476	0.00318	0.00159	0.00397	0.00278	0.00318	0.00556
12	0.01917	0.02445	0.01454	0.01322	0.01586	0.79907	0.00991	0.02049	0.01454	0.01256	0.00793	0.00925	0.00661	0.00529	0.00463	0.00132	0.00925	0.00330	0.00264	0.00595
13	0.00695	0.00523	0.00643	0.00613	0.00748	0.00471	0.00460	0.00909	0.01380	0.01885	0.59661	0.04117	0.23784	0.01113	0.00606	0.00164	0.00247	0.00968	0.00542	0.00471
14	0.85592	0.00992	0.00754	0.00675	0.00992	0.01151	0.00556	0.01508	0.00873	0.02302	0.00714	0.00834	0.00556	0.00476	0.00318	0.00159	0.00397	0.00278	0.00318	0.00556
15	0.00737	0.00494	0.00562	0.00571	0.00574	0.00491	0.00323	0.00744	0.00764	0.01019	0.01708	0.09288	0.01981	0.75879	0.02463	0.00476	0.00482	0.00800	0.00323	0.00319
16	0.00702	0.00524	0.00652	0.00620	0.00752	0.00474	0.00465	0.00921	0.01395	0.01921	0.63558	0.04058	0.19865	0.01100	0.00605	0.00164	0.00246	0.00960	0.00547	0.00474
17	0.00746	0.00497	0.00560	0.00560	0.00560	0.00497	0.00311	0.00746	0.00746	0.00995	0.01617	0.03358	0.01865	0.81967	0.02612	0.00497	0.00497	0.00746	0.00311	0.00311
18	0.01235	0.01058	0.01124	0.01014	0.01291	0.01216	0.00787	0.02593	0.72052	0.02140	0.07877	0.02060	0.01814	0.00723	0.00528	0.00173	0.00394	0.00606	0.00525	0.00787
19	0.01917	0.02445	0.01454	0.01322	0.01586	0.79907	0.00991	0.02049	0.01454	0.01256	0.00793	0.00925	0.00661	0.00529	0.00463	0.00132	0.00925	0.00330	0.00264	0.00595
20	0.47239	0.16605	0.09788	0.00845	0.01224	0.03897	0.00791	0.04730	0.01027	0.04576	0.00849	0.01029	0.00689	0.04340	0.00467	0.00165	0.00496	0.00328	0.00305	0.00611
21	0.01378	0.78122	0.04555	0.00905	0.01347	0.04136	0.00906	0.01553	0.01055	0.01219	0.00721	0.00832	0.00658	0.00443	0.00337	0.00112	0.00564	0.00278	0.00221	0.00659
22	0.00646	0.00462	0.00618	0.00728	0.00770	0.00434	0.00503	0.00755	0.01023	0.01368	0.06950	0.71639	0.03439	0.01563	0.00656	0.00208	0.00308	0.07025	0.00481	0.00425
23	0.43392	0.01245	0.01070	0.00899	0.01241	0.09911	0.00726	0.17997	0.06396	0.07279	0.01019	0.01070	0.00758	0.00532	0.00405	0.00152	0.00494	0.00360	0.00387	0.04667
24	0.05223	0.11469	0.27799	0.01707	0.20380	0.01259	0.06226	0.04664	0.01191	0.06519	0.05860	0.01326	0.01006	0.00531	0.00514	0.00155	0.02699	0.00443	0.00294	0.00735
25	0.00673	0.00522	0.00612	0.00589	0.00734	0.00461	0.00442	0.00865	0.01326	0.01758	0.45819	0.04326	0.37705	0.01161	0.00606	0.00167	0.00250	0.00997	0.00525	0.00461
26	0.00986	0.00929	0.01569	0.76453	0.07685	0.01144	0.01433	0.01326	0.01034	0.01331	0.00915	0.01363	0.00691	0.00510	0.00513	0.00170	0.00680	0.00456	0.00229	0.00583
27	0.01123	0.10003	0.58008	0.01518	0.07283	0.01274	0.04828	0.01688	0.05103	0.03079	0.00991	0.01140	0.00727	0.00492	0.00481	0.00158	0.00708	0.00397	0.00245	0.00755
28	0.00870	0.00613	0.00749	0.00712	0.00863	0.00597	0.00533	0.01251	0.12224	0.05975	0.45182	0.14430	0.09785	0.01064	0.00590	0.00170	0.00285	0.00933	0.02638	0.00538
29	0.00634	0.00487	0.00583	0.00646	0.00742	0.00436	0.00461	0.00755	0.01092	0.01392	0.07780	0.43126	0.33194	0.01446	0.00636	0.00193	0.00289	0.05196	0.00481	0.00430
30	0.03350	0.14997	0.53075	0.01303	0.04021	0.01230	0.01513	0.01494	0.01061	0.01539	0.01118	0.10955	0.00991	0.00616	0.00479	0.00159	0.00654	0.00495	0.00253	0.00696
31	0.04300	0.10684	0.08263	0.01052	0.01475	0.05549	0.00940	0.27664	0.01682	0.28826	0.01491	0.01425	0.03136	0.00601	0.00485	0.00151	0.00542	0.00457	0.00475	0.00801
32	0.01901	0.02419	0.01456	0.01322	0.01581	0.78334	0.00994	0.02033	0.01441	0.01255	0.00791	0.00929	0.00661	0.00536	0.00487	0.00134	0.02534	0.00333	0.00264	0.00594
33	0.01033	0.00941	0.01486	0.40438	0.20749	0.01064	0.01239	0.01468	0.09337	0.01611	0.13947	0.01813	0.01500	0.00608	0.00528	0.00165	0.00563	0.00548	0.00322	0.00639
34	0.00787	0.00630	0.00911	0.22509	0.01519	0.00661	0.00737	0.01051	0.01323	0.01822	0.53842	0.03212	0.07195	0.00914	0.00580	0.00165	0.00364	0.00806	0.00469	0.00505
35	0.01064	0.00912	0.01064	0.00760	0.01216	0.00684	0.00608	0.01292	0.01064	0.01672	0.00912	0.01064	0.00760	0.00380	0.00380	0.00076	0.00380	0.00304	0.00304	0.85104
36	0.02302	0.00873	0.01191	0.00913	0.01310	0.00754	0.00754	0.02501	0.01469	0.79122	0.02024	0.01746	0.01270	0.00635	0.00516	0.00159	0.00437	0.00516	0.00635	0.00873
37	0.01051	0.00894	0.01051	0.00770	0.01208	0.00679	0.00620	0.01279	0.01070	0.01665	0.01011	0.01322	0.00880	0.00437	0.00398	0.00085	0.00385	0.04399	0.00313	0.80484
38	0.02302	0.00873	0.01191	0.00913	0.01310	0.00754	0.00754	0.02501	0.01469	0.79122	0.02024	0.01746	0.01270	0.00635	0.00516	0.00159	0.00437	0.00516	0.00635	0.00873
39	0.01010	0.00954	0.01613	0.70173	0.13775	0.01151	0.01445	0.01347	0.01045	0.01361	0.00919	0.01355	0.00702	0.00505	0.00512	0.00168	0.00674	0.00456	0.00232	0.00603
40	0.00880	0.00560	0.00728	0.00666	0.00818	0.00509	0.00506	0.01111	0.01438	0.09874	0.66571	0.03682	0.08633	0.01021	0.00596	0.00162	0.00263	0.00895	0.00567	0.00521
41	0.82979	0.01038	0.00776	0.00695	0.01011	0.03610	0.00569	0.01525	0.00891	0.02269	0.00717	0.00836	0.00559	0.00478	0.00322	0.00158	0.00413	0.00279	0.00316	0.00557
42	0.04031	0.01021	0.01318	0.01019	0.01392	0.00996	0.04936	0.23094	0.01702	0.42703	0.10707	0.01805	0.01534	0.00663	0.00526	0.00159	0.00472	0.00548	0.00564	0.00810
43	0.00707	0.00557	0.00644	0.00637	0.00779	0.00517	0.00471	0.00979	0.07381	0.01686	0.31967	0.15502	0.33884	0.01203	0.00606	0.00174	0.00270	0.01040	0.00513	0.00480
44	0.02287	0.00897	0.01205	0.00924	0.01322	0.00789	0.00763	0.05637	0.01508	0.75929	0.01991	0.01725	0.01253	0.00634	0.00516	0.00159	0.00442	0.00514	0.00630	0.00873
45	0.01064	0.01015	0.05355	0.00820	0.01276	0.00745	0.00698	0.01308	0.01055	0.01653	0.00903	0.01067	0.00751	0.00405	0.00435	0.00086	0.03442	0.00314	0.00296	0.77312
46	0.00962	0.00670	0.00773	0.00689	0.00880	0.00644	0.00533	0.12087	0.01487	0.05708	0.37462	0.03536	0.24796	0.01006	0.00571	0.00161	0.00303	0.00853	0.06334	0.00544
47	0.01463	0.68971	0.02488	0.00979	0.03341	0.09129	0.00901	0.01630	0.01104	0.04911	0.00789	0.00888	0.00692	0.00457	0.00355	0.00115	0.00580	0.00296	0.00244	0.00667
48	0.00726	0.00524	0.00686	0.00646	0.00767	0.00484	0.00484	0.00968	0.01452	0.02058	0.78496	0.03833	0.04841	0.01049	0.00605	0.00161	0.00242	0.00928	0.00565	0.00484
49	0.00687	0.00510	0.00599	0.00588	0.00713	0.00454	0.00429	0.00810	0.01191	0.01550	0.30346	0.06317	0.38670	0.04231	0.00841	0.09931	0.00285	0.00954	0.00472	0.00422
50	0.00746	0.00518	0.00645	0.00614	0.00739	0.00479	0.00460	0.00978	0.01381	0.01983	0.62540	0.03677	0.10478	0.01012	0.00574	0.00157	0.00243	0.00883	0.11415	0.00479
51	0.01064	0.00912	0.01064	0.00760	0.01216	0.00684	0.00608	0.01292	0.01064	0.01672	0.00912	0.01064	0.00760	0.00380	0.00380	0.00076	0.00380	0.00304	0.00304	0.85104
52	0.01583	0.00949	0.01287	0.01227	0.14456	0.00803	0.00830	0.01812	0.01240	0.31937	0.01356	0.01366	0.00968	0.00493	0.00455	0.00121	0.00441	0.00413	0.00425	0.37838
53	0.85592	0.00992	0.00754	0.00675	0.00992	0.01151	0.00556	0.01508	0.00873	0.02302	0.00714	0.00834	0.00556	0.00476	0.00318	0.00159	0.00397	0.00278	0.00318	0.00556
54	0.03556	0.00923	0.01068	0.00770	0.01219	0.00717	0.00618	0.02762	0.01095	0.03905	0.00944	0.01080	0.00771	0.00394	0.00385	0.00082	0.00386	0.00312	0.00318	0.78697
55	0.01276	0.01102	0.01160	0.01044	0.01334	0.01276	0.00812	0.02727	0.77840	0.02146	0.02088	0.01914	0.01566	0.00696	0.00522	0.00174	0.00406	0.00580	0.00522	0.00812
56	0.76104	0.10149	0.00972	0.00698	0.01029	0.01250	0.00592	0.01511	0.00892	0.02179	0.00714	0.00832	0.00567	0.00472	0.00319	0.00153	0.00414	0.00277	0.00306	0.00567
57	0.01185	0.00545	0.00599	0.00552	0.00719	0.00525	0.00426	0.01417	0.01143	0.15040	0.01733	0.01885	0.01308	0.00604	0.00385	0.00126	0.00273	0.00485	0.70503	0.00545
58	0.01372	0.82276	0.02689	0.00878	0.01317	0.02030	0.00878	0.01536	0.01043	0.01207	0.00713	0.00823	0.00658	0.00439	0.00329	0.00110	0.00549	0.00274	0.00219	0.00658
59	0.01064	0.00912	0.01064	0.00760	0.01216	0.00684	0.00608	0.01292	0.01064	0.01672	0.00912	0.01064	0.00760	0.00380	0.00380	0.00076	0.00380	0.00304	0.00304	0.85104
60	0.85592	0.00992	0.00754	0.00675	0.00992	0.01151	0.00556	0.01508	0.00873	0.02302	0.00714	0.00834	0.00556	0.00476	0.00318	0.00159	0.00397	0.00278	0.00318	0.00556
61	0.01211	0.01384	0.03028	0.02163	0.02682	0.01298	0.76903	0.01644	0.01211	0.01644	0.01038	0.01384	0.00779	0.00433	0.00606	0.00173	0.00865	0.00606	0.00260	0.00692
62	0.01276	0.01102	0.01160	0.01044	0.01334	0.01276	0.00812	0.02727	0.77840	0.02146	0.02088	0.01914	0.01566	0.00696	0.00522	0.00174	0.00406	0.00580	0.00522	0.00812
63	0.03362	0.01398	0.01394	0.01104	0.01485	0.13826	0.00896	0.38336	0.01912	0.28909	0.01425	0.01353	0.00970	0.00606	0.00503	0.00152	0.00576	0.00457	0.00512	0.00823
64	0.00754	0.00495	0.00566	0.00566	0.00566	0.00495	0.00318	0.00742	0.00742	0.00989	0.01577	0.03260	0.01812	0.77590	0.02579	0.05114	0.00495	0.00730	0.00306	0.00306
65	0.00746	0.00497	0.00560	0.00560	0.00560	0.00497	0.00311	0.00746	0.00746	0.00995	0.01617	0.03358	0.01865	0.81967	0.02612	0.00497	0.00497	0.00746	0.00311	0.00311
66	0.01211	0.01384	0.03028	0.02163	0.02682	0.01298	0.76903	0.01644	0.01211	0.01644	0.01038	0.01384	0.00779	0.00433	0.00606	0.00173	0.00865	0.00606	0.00260	0.00692
67	0.01776	0.00942	0.01143	0.00947	0.01282	0.00947	0.00759	0.02485	0.32459	0.42497	0.07397	0.01960	0.01640	0.00689	0.00525	0.00165	0.00411	0.00571	0.00584	0.00821
68	0.00625	0.00447	0.00595	0.00714	0.00744	0.00417	0.00476	0.00714	0.00982	0.01310	0.02828	0.81633	0.03394	0.01608	0.00655	0.00208	0.00298	0.01459	0.00476	0.00417
69	0.01317	0.01544	0.02791	0.02036	0.02517	0.13124	0.65483	0.01705	0.01248	0.01585	0.01001	0.01315	0.00761	0.00447	0.00584	0.00167	0.00874	0.00564	0.00260	0.00677
70	0.00617	0.00520	0.00535	0.00531	0.00700	0.00438	0.00398	0.00757	0.01195	0.01447	0.11804	0.04838	0.71914	0.01277	0.00606	0.00172	0.00258	0.01069	0.00484	0.00438
71	0.13416	0.00949	0.01147	0.00885	0.01281	0.00879	0.00728	0.09382	0.01422	0.50522	0.01614	0.01477	0.01063	0.00576	0.00470	0.00147	0.00436	0.00449	0.00534	0.12624
72	0.01276	0.01102	0.01160	0.01044	0.01334	0.01276	0.00812	0.02727	0.77840	0.02146	0.02088	0.01914	0.01566	0.00696	0.00522	0.00174	0.00406	0.00580	0.00522	0.00812
73	0.01270	0.01219	0.02083	0.03149	0.78767	0.01219	0.01575	0.01575	0.01168	0.01676	0.00965	0.01270	0.00813	0.00457	0.00508	0.00152	0.00610	0.00457	0.00254	0.00813
74	0.00606	0.00520	0.00520	0.00520	0.00693	0.00433	0.00390	0.00736	0.01170	0.01386	0.05198	0.04938	0.78558	0.01299	0.00606	0.00173	0.00260	0.01083	0.00476	0.00433
75	0.01278	0.01223	0.01796	0.01403	0.01754	0.07114	0.28011	0.07461	0.23930	0.03703	0.14958	0.01932	0.01733	0.00644	0.00561	0.00166	0.00593	0.00621	0.00418	0.00701
76	0.01197	0.01145	0.01951	0.22003	0.60484	0.01200	0.01538	0.01511	0.01134	0.01588	0.00952	0.01294	0.00781	0.00471	0.00509	0.00157	0.00628	0.00457	0.00248	0.00754
77	0.79255	0.01026	0.00814	0.00713	0.01038	0.01184	0.00587	0.07232	0.00990	0.02373	0.00754	0.00864	0.00580	0.00487	0.00332	0.00158	0.00410	0.00292	0.00332	0.00580
78	0.01191	0.01339	0.02873	0.09084	0.04649	0.01282	0.68404	0.01613	0.01194	0.01615	0.01025	0.01380	0.00771	0.00440	0.00595	0.00172	0.00843	0.00589	0.00257	0.00684
79	0.00606	0.00520	0.00520	0.00520	0.00693	0.00433	0.00390	0.00736	0.01170	0.01386	0.05198	0.04938	0.78558	0.01299	0.00606	0.00173	0.00260	0.01083	0.00476	0.00433
80	0.01029	0.02654	0.79309	0.01462	0.02221	0.01192	0.01896	0.01625	0.01083	0.01625	0.00921	0.01083	0.00650	0.00487	0.00487	0.00162	0.00758	0.00379	0.00217	0.00758
81	0.00667	0.00539	0.00604	0.00636	0.00794	0.00476	0.00509	0.00826	0.01173	0.01427	0.04520	0.05170	0.57914	0.01332	0.00634	0.00190	0.00318	0.21352	0.00475	0.00444
82	0.00898	0.00718	0.00828	0.00766	0.00950	0.00745	0.00584	0.01535	0.27114	0.02016	0.45005	0.03305	0.11576	0.00957	0.00577	0.00167	0.00299	0.00827	0.00541	0.00589
83	0.01887	0.01802	0.01443	0.01211	0.01546	0.35158	0.00952	0.32681	0.09802	0.06755	0.01179	0.01202	0.00877	0.00588	0.00493	0.00147	0.00696	0.00421	0.00414	0.00747
84	0.01364	0.30746	0.26367	0.01086	0.01614	0.05312	0.01161	0.05221	0.01184	0.08800	0.00957	0.01049	0.00737	0.00477	0.00419	0.00130	0.00601	0.00346	0.00285	0.12145
85	0.00889	0.00704	0.00865	0.00795	0.00968	0.00725	0.02145	0.01473	0.23352	0.02034	0.50841	0.07479	0.03739	0.00966	0.00584	0.00168	0.00305	0.00850	0.00541	0.00579
86	0.01075	0.04896	0.03296	0.01168	0.05444	0.09913	0.03934	0.01232	0.01033	0.03241	0.01580	0.30215	0.01714	0.00998	0.00832	0.00182	0.20216	0.01736	0.00342	0.06953
87	0.00624	0.00450	0.00592	0.00707	0.00742	0.00417	0.00473	0.00715	0.00990	0.01313	0.02924	0.78518	0.06446	0.01595	0.00653	0.00207	0.00296	0.01443	0.00476	0.00417
88	0.00857	0.00713	0.00774	0.00753	0.00936	0.00733	0.00563	0.01456	0.28337	0.01693	0.09300	0.18454	0.31192	0.01125	0.00586	0.00179	0.00318	0.00965	0.00499	0.00568
89	0.01317	0.01172	0.03752	0.10351	0.37878	0.01182	0.05220	0.10944	0.09035	0.05769	0.01303	0.07454	0.01095	0.00602	0.00527	0.00163	0.00576	0.00555	0.00346	0.00760
90	0.01398	0.01141	0.06296	0.02220	0.46682	0.01018	0.01266	0.01688	0.01256	0.17717	0.10467	0.01658	0.01379	0.00564	0.00516	0.00153	0.00532	0.00517	0.00369	0.03161
91	0.85592	0.00992	0.00754	0.00675	0.00992	0.01151	0.00556	0.01508	0.00873	0.02302	0.00714	0.00834	0.00556	0.00476	0.00318	0.00159	0.00397	0.00278	0.00318	0.00556
92	0.01171	0.30247	0.43216	0.01345	0.01963	0.01497	0.10773	0.01596	0.01085	0.01482	0.00863	0.01030	0.00669	0.00464	0.00447	0.00145	0.00698	0.00370	0.00223	0.00715
93	0.01209	0.01150	0.01950	0.11004	0.66760	0.01171	0.01500	0.01514	0.01169	0.01660	0.05192	0.01420	0.01019	0.00495	0.00514	0.00155	0.00597	0.00483	0.00268	0.00770
94	0.00726	0.00524	0.00686	0.00646	0.00767	0.00484	0.00484	0.00968	0.01452	0.02058	0.78496	0.03833	0.04841	0.01049	0.00605	0.00161	0.00242	0.00928	0.00565	0.00484
95	0.62327	0.00973	0.00823	0.00752	0.01042	0.01120	0.00601	0.01691	0.16243	0.02196	0.01149	0.07171	0.00972	0.00606	0.00384	0.00166	0.00391	0.00428	0.00370	0.00596
96	0.06485	0.01748	0.01296	0.01106	0.01433	0.44243	0.00856	0.02050	0.01378	0.22626	0.01140	0.01162	0.00834	0.00537	0.00459	0.00134	0.00696	0.00375	0.00373	0.11071
97	0.08287	0.01404	0.01480	0.01142	0.01546	0.01558	0.00943	0.71332	0.02296	0.03163	0.01193	0.01202	0.00849	0.00605	0.00498	0.00154	0.00552	0.00448	0.00498	0.00849
98	0.01088	0.02246	0.54783	0.01688	0.02369	0.01226	0.26012	0.01631	0.01124	0.01631	0.00959	0.01180	0.00691	0.00470	0.00525	0.00166	0.00793	0.00452	0.00230	0.00737
99	0.02302	0.00873	0.01191	0.00913	0.01310	0.00754	0.00754	0.02501	0.01469	0.79122	0.02024	0.01746	0.01270	0.00635	0.00516	0.00159	0.00437	0.00516	0.00635	0.00873
100	0.01785	0.00760	0.01020	0.00821	0.01130	0.00664	0.00663	0.01993	0.01452	0.54050	0.23900	0.02469	0.05425	0.00780	0.00545	0.00160	0.00374	0.00656	0.00609	0.00745
101	0.00625	0.00447	0.00595	0.00714	0.00744	0.00417	0.00476	0.00714	0.00982	0.01310	0.02828	0.81633	0.03394	0.01608	0.00655	0.00208	0.00298	0.01459	0.00476	0.00417
102	0.00625	0.00447	0.00595	0.00714	0.00744	0.00417	0.00476	0.00714	0.00982	0.01310	0.02828	0.81633	0.03394	0.01608	0.00655	0.00208	0.00298	0.01459	0.00476	0.00417
103	0.01209	0.07502	0.04709	0.01935	0.02426	0.01328	0.62102	0.01688	0.06548	0.01637	0.01127	0.03319	0.00885	0.00481	0.00577	0.00169	0.00793	0.00594	0.00279	0.00693
104	0.01247	0.01195	0.02041	0.09138	0.72959	0.01213	0.01563	0.01554	0.01157	0.01648	0.00961	0.01278	0.00803	0.00461	0.00508	0.00154	0.00615	0.00457	0.00252	0.00794
105	0.00625	0.00447	0.00595	0.00714	0.00744	0.00417	0.00476	0.00714	0.00982	0.01310	0.02828	0.81633	0.03394	0.01608	0.00655	0.00208	0.00298	0.01459	0.00476	0.00417
106	0.05487	0.24951	0.01781	0.01148	0.01462	0.42296	0.00940	0.06889	0.01336	0.03324	0.00819	0.00945	0.00685	0.00531	0.00496	0.00135	0.05530	0.00333	0.00277	0.00635
107	0.00612	0.00522	0.00527	0.00530	0.00702	0.00437	0.00401	0.00744	0.01170	0.01390	0.05137	0.04959	0.76710	0.01302	0.00609	0.00175	0.00265	0.02897	0.00476	0.00434
108	0.01196	0.01453	0.17103	0.28817	0.17691	0.09169	0.01392	0.01531	0.01122	0.05320	0.01057	0.04531	0.00857	0.00566	0.00548	0.00163	0.03726	0.00472	0.02622	0.00665
109	0.01064	0.00912	0.01064	0.00760	0.01216	0.00684	0.00608	0.01292	0.01064	0.01672	0.00912	0.01064	0.00760	0.00380	0.00380	0.00076	0.00380	0.00304	0.00304	0.85104
110	0.00746	0.00497	0.00560	0.00560	0.00560	0.00497	0.00311	0.00746	0.00746	0.00995	0.01617	0.03358	0.01865	0.81967	0.02612	0.00497	0.00497	0.00746	0.00311	0.00311
111	0.01630	0.08206	0.05819	0.01119	0.01511	0.01483	0.00959	0.39918	0.27650	0.04131	0.01476	0.01430	0.01084	0.00621	0.00499	0.00158	0.00518	0.00482	0.00477	0.00828
112	0.00733	0.00550	0.00825	0.00825	0.00916	0.00641	0.00641	0.00916	0.00825	0.01191	0.01374	0.02016	0.01283	0.03848	0.79934	0.00825	0.01374	0.00550	0.00275	0.00458
113	0.85592	0.00992	0.00754	0.00675	0.00992	0.01151	0.00556	0.01508	0.00873	0.02302	0.00714	0.00834	0.00556	0.00476	0.00318	0.00159	0.00397	0.00278	0.00318	0.00556
114	0.00676	0.00481	0.00644	0.00753	0.00802	0.00459	0.00541	0.00795	0.01021	0.01355	0.04290	0.59798	0.03247	0.05943	0.00772	0.00229	0.00344	0.16956	0.00468	0.00424
115	0.02878	0.00647	0.00749	0.00696	0.00857	0.02309	0.00527	0.03267	0.06052	0.04861	0.51359	0.07249	0.14516	0.01036	0.00587	0.00165	0.00292	0.00896	0.00534	0.00523
116	0.00618	0.00498	0.00552	0.00594	0.00719	0.00432	0.00429	0.00738	0.01110	0.01366	0.04374	0.29443	0.52500	0.01401	0.00625	0.00186	0.00278	0.03230	0.00476	0.00429
117	0.01161	0.05267	0.16132	0.06636	0.24241	0.03139	0.13957	0.02680	0.08411	0.01700	0.08299	0.01627	0.03323	0.00565	0.00524	0.00160	0.00626	0.00528	0.00309	0.00716
118	0.01384	0.06089	0.05791	0.01352	0.05694	0.03310	0.12704	0.20354	0.12174	0.04162	0.02946	0.03555	0.01228	0.00682	0.00616	0.00168	0.06668	0.06014	0.04390	0.00717
119	0.00718	0.00524	0.00674	0.00637	0.00762	0.00481	0.00478	0.00952	0.01433	0.02011	0.73451	0.03909	0.09915	0.01066	0.00605	0.00162	0.00243	0.00939	0.00559	0.00481
120	0.00734	0.00547	0.00812	0.00812	0.00899	0.00635	0.00626	0.00908	0.00821	0.01182	0.01386	0.02079	0.01310	0.07545	0.76275	0.00809	0.01333	0.00559	0.00277	0.00451
121	0.01365	0.80644	0.04260	0.00890	0.01335	0.02013	0.00899	0.01538	0.01043	0.01216	0.00718	0.00828	0.00658	0.00440	0.00332	0.00111	0.00553	0.00277	0.00219	0.00661
122	0.01804	0.08318	0.01591	0.01383	0.05768	0.62385	0.01020	0.05412	0.01420	0.01365	0.00811	0.00960	0.00679	0.00540	0.00515	0.00137	0.04654	0.00345	0.00270	0.00623
123	0.85592	0.00992	0.00754	0.00675	0.00992	0.01151	0.00556	0.01508	0.00873	0.02302	0.00714	0.00834	0.00556	0.00476	0.00318	0.00159	0.00397	0.00278	0.00318	0.00556
124	0.01975	0.01450	0.01509	0.01168	0.01570	0.05803	0.00959	0.67313	0.02289	0.08875	0.01268	0.01254	0.00891	0.00613	0.00511	0.00153	0.00575	0.00459	0.00509	0.00857
125	0.00640	0.00501	0.00584	0.00640	0.00754	0.00445	0.00471	0.00769	0.01108	0.01387	0.05445	0.32951	0.41479	0.01420	0.00635	0.00193	0.00297	0.09372	0.00478	0.00432
126	0.00745	0.00501	0.00580	0.00580	0.00587	0.00508	0.00336	0.00759	0.00752	0.01010	0.01598	0.03256	0.01821	0.76049	0.08470	0.00522	0.00564	0.00731	0.00308	0.00322
127	0.01402	0.75048	0.04341	0.00914	0.01356	0.03555	0.00908	0.05123	0.01117	0.01314	0.00744	0.00850	0.00668	0.00450	0.00344	0.00113	0.00562	0.00287	0.00234	0.00670
128	0.01444	0.00836	0.01048	0.00795	0.01177	0.00677	0.00639	0.01664	0.01268	0.28861	0.13713	0.01746	0.01592	0.00576	0.00464	0.00119	0.00378	0.00478	0.00462	0.42065
129	0.01608	0.01017	0.01601	0.02042	0.41311	0.00967	0.01151	0.01866	0.01312	0.31216	0.09271	0.01713	0.01398	0.00585	0.00521	0.00156	0.00506	0.00528	0.00431	0.00802
130	0.00723	0.00524	0.00682	0.00642	0.00765	0.00483	0.00482	0.00963	0.01446	0.02041	0.76717	0.03860	0.06631	0.01055	0.00605	0.00162	0.00243	0.00932	0.00563	0.00483
131	0.00625	0.00447	0.00595	0.00714	0.00744	0.00417	0.00476	0.00714	0.00982	0.01310	0.02828	0.81633	0.03394	0.01608	0.00655	0.00208	0.00298	0.01459	0.00476	0.00417
132	0.01408	0.71949	0.06586	0.00924	0.01377	0.01929	0.00932	0.05143	0.01122	0.03574	0.00787	0.00883	0.00686	0.00456	0.00352	0.00116	0.00557	0.00296	0.00245	0.00680
133	0.00618	0.00474	0.00567	0.00641	0.00725	0.00423	0.00444	0.00723	0.01053	0.01338	0.03717	0.52874	0.31579	0.01492	0.00637	0.00195	0.00284	0.01318	0.00476	0.00423
134	0.01297	0.04956	0.01277	0.01119	0.04260	0.01318	0.00848	0.04475	0.69438	0.02111	0.01960	0.01821	0.01478	0.00673	0.00512	0.00170	0.00424	0.00558	0.00497	0.00806
135	0.01241	0.36084	0.41192	0.01206	0.01793	0.07542	0.01399	0.01620	0.01094	0.01421	0.00824	0.00962	0.00654	0.00470	0.00419	0.00138	0.00683	0.00331	0.00221	0.00704
136	0.01613	0.40367	0.11298	0.01055	0.04373	0.01474	0.00987	0.04689	0.02273	0.24385	0.02234	0.01215	0.00921	0.00522	0.00423	0.00135	0.00537	0.00385	0.00363	0.00747
137	0.01205	0.50287	0.01964	0.00844	0.01167	0.07199	0.00767	0.01389	0.01174	0.01442	0.21990	0.01709	0.01830	0.00773	0.04181	0.00159	0.00531	0.00470	0.00320	0.00597
138	0.00624	0.00452	0.00590	0.00700	0.00740	0.00418	0.00470	0.00716	0.00997	0.01316	0.03008	0.75822	0.09088	0.01584	0.00651	0.00206	0.00295	0.01430	0.00476	0.00418
139	0.01457	0.00790	0.01047	0.02670	0.01182	0.00769	0.04805	0.05744	0.08661	0.27954	0.10548	0.05201	0.01816	0.03510	0.00582	0.00169	0.00403	0.03451	0.18570	0.00670
140	0.01937	0.01138	0.08073	0.01004	0.01389	0.05261	0.03215	0.08445	0.01433	0.50488	0.01717	0.01731	0.01186	0.07630	0.00690	0.00186	0.00516	0.00511	0.02667	0.00783
141	0.01230	0.01183	0.02049	0.06931	0.66950	0.01190	0.05806	0.01541	0.01164	0.01649	0.01049	0.01495	0.00906	0.00504	0.00523	0.00158	0.00621	0.04008	0.00263	0.00777
142	0.00745	0.00499	0.00566	0.00564	0.00570	0.00497	0.00320	0.00757	0.00781	0.01048	0.05436	0.03381	0.02013	0.77948	0.02512	0.00481	0.00485	0.00755	0.00324	0.00320
143	0.17021	0.00707	0.00780	0.00692	0.00898	0.00711	0.00534	0.04898	0.02759	0.12276	0.32369	0.02696	0.06815	0.06966	0.00665	0.00183	0.00336	0.00679	0.07456	0.00558
144	0.12890	0.03328	0.11784	0.01033	0.01436	0.11047	0.00932	0.10045	0.06605	0.30348	0.04541	0.01451	0.01123	0.00595	0.00478	0.00155	0.00543	0.00452	0.00456	0.00755
145	0.39713	0.00927	0.00995	0.00806	0.01167	0.00932	0.00665	0.02055	0.01201	0.44618	0.01436	0.01336	0.00949	0.00564	0.00427	0.00159	0.00419	0.00409	0.00492	0.00731
146	0.00659	0.00467	0.00604	0.00680	0.00739	0.00434	0.00468	0.00787	0.01087	0.01487	0.17538	0.58991	0.07309	0.01436	0.00629	0.00193	0.00282	0.01291	0.04485	0.00434
147	0.11277	0.01244	0.01415	0.44071	0.06631	0.16182	0.01180	0.03430	0.04951	0.01529	0.01037	0.01323	0.02573	0.00539	0.00483	0.00161	0.00665	0.00432	0.00275	0.00602
148	0.01564	0.01566	0.01351	0.05639	0.07380	0.35397	0.03087	0.03711	0.06877	0.09812	0.03673	0.03405	0.03399	0.00691	0.00517	0.00157	0.00675	0.07789	0.02674	0.00639
149	0.00694	0.00514	0.00651	0.00661	0.00773	0.00471	0.00494	0.00887	0.01291	0.01755	0.45113	0.19362	0.17033	0.01230	0.00623	0.00179	0.00274	0.07009	0.00525	0.00461
150	0.02265	0.00933	0.01228	0.00941	0.01340	0.00843	0.00778	0.10388	0.01568	0.71094	0.01940	0.01692	0.01228	0.00633	0.00516	0.00158	0.00450	0.00510	0.00622	0.00873
151	0.02083	0.01090	0.01433	0.01210	0.07143	0.02889	0.04653	0.19309	0.01648	0.50493	0.01688	0.01557	0.01107	0.00605	0.00518	0.00157	0.00511	0.00499	0.00552	0.00853
152	0.00717	0.00506	0.00648	0.00687	0.00779	0.00467	0.00499	0.00872	0.01175	0.03324	0.27269	0.35156	0.12954	0.04838	0.00720	0.00203	0.00303	0.07931	0.00501	0.00451
153	0.01891	0.01380	0.01477	0.01139	0.01532	0.01525	0.00939	0.72537	0.02333	0.03155	0.01258	0.01272	0.00899	0.00615	0.00504	0.00152	0.00545	0.00463	0.05535	0.00849
154	0.00625	0.00447	0.00595	0.00714	0.00744	0.00417	0.00476	0.00714	0.00982	0.01310	0.02828	0.81633	0.03394	0.01608	0.00655	0.00208	0.00298	0.01459	0.00476	0.00417
155	0.06207	0.01442	0.21616	0.01266	0.01768	0.01010	0.14494	0.04871	0.01327	0.36619	0.03285	0.01493	0.01055	0.00562	0.00516	0.00162	0.00593	0.00492	0.00438	0.00785
156	0.00789	0.00556	0.00678	0.00715	0.00832	0.00526	0.00519	0.01027	0.07544	0.05884	0.09309	0.42898	0.20360	0.01351	0.00624	0.00192	0.00310	0.04903	0.00496	0.00488
157	0.63867	0.01335	0.00939	0.00838	0.01147	0.18925	0.00668	0.04211	0.01057	0.02098	0.00750	0.00868	0.00590	0.00493	0.00357	0.00153	0.00522	0.00296	0.00312	0.00575
158	0.00715	0.00519	0.00670	0.00677	0.00741	0.00545	0.00473	0.00815	0.00850	0.01150	0.02056	0.07979	0.11687	0.33047	0.35196	0.00576	0.00828	0.00752	0.00328	0.00396
159	0.01064	0.00912	0.01064	0.00760	0.01216	0.00684	0.00608	0.01292	0.01064	0.01672	0.00912	0.01064	0.00760	0.00380	0.00380	0.00076	0.00380	0.00304	0.00304	0.85104
160	0.01299	0.01114	0.01173	0.01049	0.01343	0.01287	0.00818	0.05266	0.75263	0.02184	0.02059	0.01891	0.01543	0.00693	0.00522	0.00173	0.00411	0.00576	0.00522	0.00814
161	0.00801	0.00753	0.02933	0.01085	0.01278	0.00666	0.19427	0.00995	0.01052	0.01420	0.02327	0.53279	0.05120	0.01219	0.00623	0.00191	0.00451	0.01152	0.00408	0.04821
162	0.02256	0.00860	0.01166	0.00898	0.01286	0.00745	0.00741	0.02456	0.01455	0.76484	0.02012	0.01752	0.01272	0.00634	0.00511	0.00157	0.00430	0.00515	0.03511	0.00860
163	0.01951	0.01437	0.01540	0.01181	0.01591	0.01591	0.00975	0.77056	0.02412	0.03234	0.01232	0.01232	0.00873	0.00616	0.00513	0.00154	0.00565	0.00462	0.00513	0.00873
164	0.00716	0.00520	0.00624	0.00621	0.00753	0.00461	0.00457	0.00885	0.01256	0.04295	0.33867	0.19234	0.31965	0.01236	0.00612	0.00175	0.00266	0.01074	0.00517	0.00465
165	0.01074	0.00921	0.01068	0.00773	0.01221	0.00711	0.00617	0.01358	0.04612	0.01694	0.00966	0.01103	0.00797	0.00395	0.00387	0.00081	0.00381	0.00317	0.00314	0.81208
166	0.01123	0.01123	0.01572	0.01347	0.01347	0.01572	0.01123	0.01235	0.00786	0.01235	0.00674	0.01123	0.00674	0.00898	0.01684	0.00225	0.81028	0.00449	0.00225	0.00561
167	0.01897	0.01385	0.01482	0.01142	0.01537	0.01531	0.00942	0.72938	0.02340	0.03162	0.01256	0.01269	0.00897	0.00615	0.00505	0.00152	0.00547	0.00463	0.05089	0.00851
168	0.00641	0.00511	0.00575	0.00581	0.00720	0.00445	0.00427	0.00796	0.01220	0.01556	0.24545	0.15268	0.48356	0.01275	0.00613	0.00175	0.00260	0.01093	0.00500	0.00445
169	0.10631	0.00976	0.01125	0.00898	0.01254	0.06769	0.00730	0.02239	0.01405	0.59031	0.08111	0.01763	0.01446	0.00645	0.00499	0.00157	0.00454	0.00512	0.00569	0.00788
