[name]
unknown

[dist]
# distance from previous block
# <min> <max>
1	1123

[block]
# block no. 0 follows, 37 sequences, length 14
# corresponding to MSA columns:
# 1230-1243
name=unknown_A
#
# <colnr> <probs for GDERKNQSTAVLIFYWHMCP>
#	G	D	E	R	K	N	Q	S	T	A	V	L	I	F	Y	W	H	M	C	P
0	0.01436	0.01470	0.13340	0.01296	0.01736	0.01204	0.07963	0.07767	0.20255	0.07316	0.04930	0.04086	0.05054	0.10028	0.00916	0.00236	0.00613	0.00698	0.00484	0.09171
1	0.01201	0.01097	0.05547	0.03443	0.01455	0.00939	0.00864	0.09355	0.06587	0.02121	0.07412	0.10367	0.12579	0.01192	0.05111	0.00221	0.00552	0.04024	0.00479	0.25453
2	0.01246	0.09988	0.01499	0.12872	0.01783	0.01091	0.03887	0.01636	0.08378	0.06722	0.06189	0.16149	0.05329	0.04420	0.00744	0.00213	0.00547	0.06592	0.00466	0.10246
3	0.01373	0.12622	0.19798	0.06341	0.05588	0.01369	0.04918	0.07827	0.01451	0.05643	0.05981	0.14265	0.01814	0.00922	0.00685	0.00201	0.04029	0.03984	0.00410	0.00780
4	0.04904	0.15380	0.22942	0.01653	0.07099	0.06001	0.09822	0.06796	0.04861	0.09321	0.01502	0.01612	0.04174	0.00646	0.00571	0.00181	0.00759	0.00532	0.00381	0.00867
5	0.00857	0.00612	0.00777	0.00852	0.00925	0.00589	0.00590	0.03897	0.01291	0.01731	0.11325	0.51081	0.05808	0.11419	0.01064	0.00284	0.00401	0.05422	0.00557	0.00517
6	0.01006	0.00866	0.04505	0.00983	0.01134	0.00777	0.07306	0.04674	0.01207	0.01645	0.10909	0.14037	0.02650	0.40942	0.04380	0.00433	0.00616	0.00977	0.00436	0.00521
7	0.04079	0.04304	0.04013	0.05728	0.01728	0.01163	0.06893	0.03895	0.13219	0.21605	0.05397	0.09589	0.01845	0.04751	0.05696	0.00272	0.03734	0.00751	0.00530	0.00810
8	0.01537	0.00863	0.00971	0.00895	0.01112	0.05174	0.00668	0.01749	0.02809	0.23314	0.02583	0.20708	0.05793	0.08785	0.04391	0.00270	0.00519	0.00927	0.16247	0.00685
9	0.01206	0.00712	0.00902	0.00825	0.01037	0.00643	0.00628	0.01478	0.03334	0.16195	0.39790	0.11616	0.16698	0.01265	0.00705	0.00200	0.00348	0.01098	0.00660	0.00657
10	0.01368	0.01336	0.02385	0.23251	0.40038	0.01391	0.12753	0.01763	0.01376	0.01903	0.05509	0.01750	0.01208	0.00601	0.00633	0.00192	0.00773	0.00606	0.00318	0.00845
11	0.05142	0.01125	0.03529	0.12918	0.01954	0.01176	0.05386	0.05467	0.18768	0.06198	0.02376	0.10387	0.05031	0.01063	0.00712	0.00224	0.02497	0.14787	0.00507	0.00754
12	0.39687	0.06158	0.06295	0.04647	0.01619	0.15746	0.00973	0.02063	0.08486	0.03813	0.04530	0.01383	0.01086	0.00643	0.00483	0.00183	0.00644	0.00440	0.00393	0.00731
13	0.10553	0.18760	0.04037	0.02564	0.01702	0.06221	0.04613	0.05320	0.05053	0.23551	0.01538	0.04062	0.01171	0.00727	0.00670	0.00185	0.07417	0.00538	0.00471	0.00847

[dist]
# distance from previous block
# <min> <max>
12	58

[block]
# block no. 1 follows, 37 sequences, length 21
# corresponding to MSA columns:
# 1304-1324
name=unknown_B
#
# <colnr> <probs for GDERKNQSTAVLIFYWHMCP>
#	G	D	E	R	K	N	Q	S	T	A	V	L	I	F	Y	W	H	M	C	P
0	0.06751	0.10920	0.04190	0.01370	0.06066	0.01426	0.04613	0.17013	0.08091	0.11044	0.02835	0.08116	0.01427	0.00954	0.00835	0.09108	0.03316	0.00643	0.00474	0.00808
1	0.01502	0.01003	0.07633	0.01018	0.01297	0.00811	0.00856	0.06440	0.01474	0.21497	0.10081	0.21311	0.03727	0.01406	0.03224	0.10316	0.00527	0.02770	0.02403	0.00701
2	0.01130	0.00796	0.01201	0.14428	0.01703	0.00801	0.05855	0.01393	0.02565	0.08954	0.15076	0.26064	0.07284	0.01247	0.00742	0.02757	0.00489	0.01079	0.05808	0.00626
3	0.05312	0.07332	0.07481	0.02787	0.04861	0.17960	0.09130	0.03848	0.05104	0.11757	0.05066	0.04101	0.01378	0.03638	0.00817	0.02743	0.04901	0.00593	0.00415	0.00776
4	0.14878	0.01396	0.12778	0.08139	0.04711	0.01138	0.05801	0.04391	0.03230	0.13763	0.08279	0.05755	0.03340	0.00807	0.00642	0.02736	0.00606	0.00639	0.00454	0.06518
5	0.01240	0.01102	0.01373	0.27784	0.02327	0.06354	0.01132	0.04614	0.09555	0.01910	0.06443	0.09230	0.04169	0.01038	0.02553	0.00222	0.00651	0.08317	0.04009	0.05980
6	0.09880	0.55366	0.02678	0.01112	0.01552	0.05879	0.01041	0.01872	0.01237	0.04810	0.00919	0.01076	0.00807	0.00603	0.00585	0.00156	0.08995	0.00366	0.00299	0.00768
7	0.14087	0.04588	0.09873	0.04578	0.09675	0.03544	0.01164	0.04663	0.01486	0.25675	0.04558	0.01666	0.01252	0.00668	0.00591	0.00180	0.02627	0.00519	0.00484	0.08122
8	0.05139	0.22291	0.13983	0.01547	0.02076	0.10807	0.15392	0.03636	0.01438	0.09772	0.01303	0.01669	0.01055	0.00659	0.00602	0.00181	0.02636	0.04636	0.00362	0.00815
9	0.54631	0.01251	0.04847	0.01052	0.04059	0.01272	0.03783	0.01686	0.01135	0.02427	0.01488	0.01621	0.08734	0.00683	0.00515	0.00188	0.03349	0.00476	0.00382	0.06422
10	0.01378	0.01258	0.01763	0.04308	0.01645	0.01712	0.01271	0.01537	0.01005	0.05213	0.00976	0.01466	0.00899	0.01154	0.04556	0.00283	0.64660	0.00546	0.03691	0.00680
11	0.05869	0.01414	0.01499	0.01248	0.01659	0.01570	0.00997	0.25409	0.40217	0.04808	0.01979	0.01880	0.01465	0.00758	0.00595	0.00190	0.00544	0.00603	0.00592	0.06702
12	0.00932	0.00699	0.00946	0.12065	0.01446	0.00686	0.00753	0.01147	0.02650	0.04399	0.07650	0.44223	0.12077	0.01483	0.00716	0.00221	0.00428	0.01321	0.00527	0.05631
13	0.01451	0.00844	0.01064	0.01010	0.01240	0.00831	0.00774	0.01945	0.15671	0.20877	0.09610	0.29684	0.03075	0.01319	0.00708	0.00223	0.00437	0.07854	0.00637	0.00745
14	0.01327	0.01538	0.09861	0.01622	0.01720	0.01826	0.01440	0.01524	0.00976	0.01524	0.00836	0.01334	0.00800	0.01018	0.01854	0.00260	0.69053	0.00527	0.00267	0.00695
15	0.01086	0.00592	0.00849	0.00809	0.00868	0.00563	0.00553	0.00878	0.00849	0.01165	0.01066	0.01796	0.01046	0.01945	0.02181	0.73263	0.00523	0.00513	0.00276	0.09178
16	0.02136	0.00900	0.01202	0.00990	0.01351	0.00787	0.00795	0.02360	0.01643	0.51856	0.09329	0.10956	0.07232	0.01004	0.00651	0.00198	0.00462	0.02498	0.02768	0.00881
17	0.02645	0.01204	0.01521	0.01166	0.01644	0.01141	0.00963	0.19795	0.02024	0.57897	0.02187	0.01935	0.01401	0.00752	0.00615	0.00188	0.00558	0.00600	0.00723	0.01042
18	0.01433	0.01468	0.02808	0.03085	0.41058	0.01424	0.29842	0.01839	0.01398	0.01954	0.01343	0.06962	0.01170	0.00630	0.00665	0.00196	0.00822	0.00700	0.00324	0.00879
19	0.01279	0.01189	0.01682	0.45759	0.10466	0.06503	0.01436	0.05688	0.01368	0.01763	0.01480	0.13018	0.01352	0.00812	0.00626	0.00202	0.00731	0.00714	0.03229	0.00701
20	0.41542	0.06711	0.01412	0.04386	0.01583	0.01466	0.03625	0.06406	0.15459	0.09950	0.01394	0.01438	0.01034	0.00645	0.00489	0.00190	0.00542	0.00468	0.00463	0.00799

[dist]
# distance from previous block
# <min> <max>
0	2

[block]
# block no. 2 follows, 37 sequences, length 13
# corresponding to MSA columns:
# 1327-1339
name=unknown_C
#
# <colnr> <probs for GDERKNQSTAVLIFYWHMCP>
#	G	D	E	R	K	N	Q	S	T	A	V	L	I	F	Y	W	H	M	C	P
0	0.10313	0.01024	0.01281	0.01259	0.09509	0.00987	0.00876	0.03814	0.08149	0.22023	0.15137	0.05134	0.04713	0.00845	0.00595	0.00181	0.00468	0.00707	0.03623	0.09363
1	0.01409	0.04605	0.21470	0.19627	0.02569	0.01316	0.07743	0.09301	0.01501	0.06676	0.06000	0.03370	0.03578	0.00739	0.00655	0.02227	0.00733	0.00604	0.00384	0.05494
2	0.00832	0.00581	0.00704	0.00757	0.00799	0.00559	0.00488	0.00911	0.01100	0.01461	0.07551	0.30301	0.07667	0.38196	0.01885	0.00408	0.00471	0.04402	0.00481	0.00447
3	0.00781	0.00569	0.00738	0.00826	0.00906	0.00526	0.00581	0.00940	0.01324	0.01775	0.18854	0.52163	0.10972	0.01730	0.00766	0.00234	0.00347	0.04857	0.00591	0.00519
4	0.01339	0.02262	0.39818	0.03607	0.02426	0.01413	0.14372	0.04434	0.04299	0.03648	0.01306	0.03139	0.01005	0.00744	0.02149	0.00216	0.07580	0.00565	0.04838	0.00841
5	0.00857	0.00616	0.00824	0.00909	0.03191	0.00624	0.00600	0.00955	0.01055	0.01422	0.02585	0.26837	0.08500	0.21652	0.20963	0.05636	0.00766	0.01097	0.00430	0.00480
6	0.00966	0.00602	0.00790	0.00848	0.00934	0.00567	0.00582	0.01088	0.01213	0.08514	0.06466	0.51562	0.05438	0.11887	0.05236	0.00325	0.00469	0.01420	0.00552	0.00539
7	0.01360	0.03848	0.01199	0.01059	0.01245	0.04232	0.00831	0.01624	0.05339	0.14508	0.06216	0.24942	0.07323	0.01409	0.03306	0.00249	0.11094	0.06928	0.02613	0.00677
8	0.07260	0.20862	0.08954	0.01457	0.07266	0.08562	0.01215	0.24294	0.01836	0.06989	0.01320	0.04978	0.01073	0.00692	0.00542	0.00173	0.00696	0.00518	0.00434	0.00878
9	0.01277	0.01183	0.06446	0.10763	0.12428	0.01167	0.04078	0.01549	0.01305	0.08583	0.06208	0.10721	0.14069	0.01038	0.00938	0.00216	0.16046	0.00837	0.00426	0.00721
10	0.50063	0.06095	0.02539	0.01001	0.03149	0.06531	0.00801	0.04570	0.01297	0.05828	0.08625	0.04568	0.01405	0.00709	0.00473	0.00186	0.00529	0.00501	0.00428	0.00703
11	0.03468	0.00961	0.02599	0.01040	0.03186	0.00858	0.00816	0.05509	0.01581	0.36725	0.09175	0.05306	0.01925	0.01045	0.03643	0.04755	0.00520	0.00675	0.11655	0.04559
12	0.01576	0.11277	0.01766	0.01232	0.04969	0.04918	0.04461	0.10412	0.01532	0.06127	0.01380	0.01504	0.03814	0.00573	0.00510	0.00130	0.00578	0.00459	0.00402	0.42380

[dist]
# distance from previous block
# <min> <max>
1	32

[block]
# block no. 3 follows, 37 sequences, length 18
# corresponding to MSA columns:
# 1373-1390
name=unknown_D
#
# <colnr> <probs for GDERKNQSTAVLIFYWHMCP>
#	G	D	E	R	K	N	Q	S	T	A	V	L	I	F	Y	W	H	M	C	P
0	0.01450	0.16765	0.08878	0.16767	0.08053	0.01524	0.07010	0.04083	0.07188	0.05680	0.01394	0.05722	0.01160	0.00692	0.00628	0.00183	0.03906	0.00578	0.02716	0.05621
1	0.10379	0.58789	0.02718	0.01087	0.01565	0.10148	0.01017	0.01961	0.04663	0.01639	0.00938	0.01057	0.00823	0.00554	0.00419	0.00144	0.00675	0.00352	0.00297	0.00773
2	0.05279	0.07575	0.06790	0.05456	0.09283	0.03259	0.01223	0.23525	0.07825	0.11264	0.01445	0.01521	0.01067	0.00666	0.00610	0.00177	0.03034	0.00513	0.00478	0.09008
3	0.01338	0.01141	0.01206	0.09157	0.01563	0.11565	0.00880	0.01798	0.10877	0.07674	0.39316	0.03190	0.03571	0.00998	0.00702	0.00193	0.02728	0.00839	0.00568	0.00695
4	0.53882	0.01260	0.01471	0.01388	0.09454	0.01378	0.09104	0.01925	0.01189	0.09309	0.01074	0.01242	0.00812	0.00597	0.00530	0.00194	0.03612	0.00434	0.00394	0.00751
5	0.00912	0.00897	0.08830	0.01079	0.01258	0.00695	0.00949	0.01167	0.01298	0.01731	0.03067	0.35873	0.03447	0.01666	0.00791	0.00259	0.00514	0.34462	0.00533	0.00573
6	0.01218	0.01079	0.01565	0.06970	0.01717	0.01262	0.08131	0.04407	0.13090	0.01896	0.09481	0.12278	0.02049	0.01455	0.08655	0.03366	0.19444	0.00815	0.00433	0.00689
7	0.01427	0.01083	0.01286	0.00926	0.01463	0.00825	0.00744	0.01696	0.01321	0.09821	0.01230	0.01356	0.00972	0.00486	0.00471	0.00101	0.00461	0.00390	0.00405	0.73537
8	0.00756	0.00583	0.00693	0.00769	0.00886	0.00521	0.00551	0.00900	0.01300	0.01650	0.07196	0.40936	0.33425	0.01726	0.00759	0.00231	0.00346	0.05688	0.00572	0.00512
9	0.01339	0.01339	0.01875	0.01607	0.01607	0.01875	0.01339	0.01473	0.00937	0.01473	0.00804	0.01339	0.00804	0.01071	0.02009	0.00268	0.77367	0.00536	0.00268	0.00670
10	0.01063	0.00532	0.00797	0.00797	0.00797	0.00532	0.00532	0.00797	0.00797	0.01063	0.01063	0.01861	0.01063	0.02127	0.02392	0.82190	0.00532	0.00532	0.00266	0.00266
11	0.02672	0.01058	0.01418	0.01099	0.01564	0.00937	0.00904	0.02999	0.06092	0.70710	0.02420	0.02096	0.01537	0.00762	0.00616	0.00191	0.00519	0.00620	0.00749	0.01037
12	0.01706	0.00749	0.00898	0.00773	0.01041	0.00690	0.00611	0.01968	0.01481	0.29192	0.05555	0.02456	0.04661	0.00787	0.00522	0.00165	0.00374	0.00640	0.44987	0.00743
13	0.04662	0.01196	0.01354	0.01163	0.01528	0.01279	0.00918	0.10412	0.36081	0.22348	0.02398	0.10212	0.01874	0.00908	0.00628	0.00204	0.00501	0.00756	0.00644	0.00936
14	0.01861	0.02298	0.36752	0.01476	0.02129	0.09271	0.01593	0.04397	0.07358	0.24433	0.01609	0.01600	0.01099	0.00665	0.00593	0.00189	0.00768	0.00518	0.00457	0.00935
15	0.54066	0.01523	0.01140	0.00987	0.01379	0.15630	0.00788	0.04393	0.01269	0.02450	0.00922	0.01067	0.00732	0.00571	0.00430	0.00170	0.00599	0.00355	0.00373	0.11155
16	0.07925	0.02207	0.01699	0.10220	0.02055	0.43957	0.01215	0.06187	0.01576	0.04682	0.01024	0.01251	0.00828	0.00699	0.00763	0.00184	0.12012	0.00445	0.00343	0.00729
17	0.00991	0.00709	0.00818	0.00885	0.01002	0.04083	0.00632	0.01128	0.01294	0.07583	0.03610	0.53088	0.14512	0.01693	0.00752	0.00235	0.00409	0.05445	0.00572	0.00558

[dist]
# distance from previous block
# <min> <max>
0	1

[block]
# block no. 4 follows, 37 sequences, length 9
# corresponding to MSA columns:
# 1392-1400
name=unknown_E
#
# <colnr> <probs for GDERKNQSTAVLIFYWHMCP>
#	G	D	E	R	K	N	Q	S	T	A	V	L	I	F	Y	W	H	M	C	P
0	0.01780	0.01147	0.01664	0.08738	0.07151	0.01090	0.06622	0.04879	0.01516	0.25749	0.05654	0.01934	0.03360	0.00704	0.00683	0.00173	0.05559	0.00588	0.00500	0.20506
1	0.01639	0.00941	0.01142	0.00986	0.01264	0.00939	0.00773	0.12073	0.05964	0.21980	0.14568	0.13914	0.07978	0.01078	0.00695	0.00198	0.03129	0.00902	0.09057	0.00779
2	0.01100	0.00774	0.01062	0.08075	0.05412	0.00770	0.00827	0.05379	0.01460	0.07271	0.15838	0.34622	0.07626	0.01411	0.00724	0.00222	0.00448	0.05786	0.00561	0.00632
3	0.08063	0.01411	0.01911	0.16322	0.14428	0.06481	0.07301	0.06486	0.09373	0.12002	0.01412	0.01621	0.01060	0.00690	0.00745	0.00200	0.08676	0.00558	0.00417	0.00843
4	0.01053	0.00765	0.01027	0.03410	0.01231	0.00775	0.03579	0.01415	0.11627	0.05169	0.05727	0.27882	0.10791	0.04858	0.05870	0.08186	0.00537	0.04987	0.00516	0.00594
5	0.00778	0.00553	0.00722	0.00821	0.00869	0.00519	0.00550	0.00901	0.01226	0.01656	0.13699	0.59727	0.04119	0.09585	0.01009	0.00275	0.00370	0.01561	0.00564	0.00496
6	0.00932	0.00703	0.00900	0.06291	0.01206	0.00695	0.00686	0.06621	0.01503	0.02018	0.24477	0.36110	0.12549	0.01490	0.00731	0.00219	0.00388	0.01320	0.00582	0.00579
7	0.09525	0.10454	0.04613	0.14843	0.13126	0.05816	0.05885	0.04524	0.01365	0.07728	0.01362	0.07458	0.01169	0.00734	0.00666	0.00191	0.05830	0.00598	0.03335	0.00777
8	0.01320	0.01113	0.04014	0.08969	0.01681	0.05835	0.04534	0.01592	0.04165	0.10501	0.02079	0.26004	0.02103	0.07304	0.03210	0.00267	0.08502	0.00952	0.00457	0.05398

[dist]
# distance from previous block
# <min> <max>
1	50

[block]
# block no. 5 follows, 37 sequences, length 8
# corresponding to MSA columns:
# 1451-1458
name=unknown_F
#
# <colnr> <probs for GDERKNQSTAVLIFYWHMCP>
#	G	D	E	R	K	N	Q	S	T	A	V	L	I	F	Y	W	H	M	C	P
0	0.01555	0.01015	0.04540	0.06224	0.01506	0.00934	0.00897	0.06873	0.01667	0.21096	0.29837	0.02872	0.02984	0.00933	0.00719	0.00189	0.05068	0.00771	0.06290	0.04031
1	0.04970	0.37595	0.04675	0.01059	0.01462	0.07718	0.00955	0.05050	0.01381	0.09359	0.01436	0.10045	0.01307	0.00807	0.00572	0.03450	0.00614	0.00564	0.06232	0.00748
2	0.00833	0.00655	0.00814	0.06084	0.01136	0.00600	0.00620	0.01003	0.01337	0.01745	0.15254	0.26286	0.29579	0.01499	0.00786	0.03722	0.00374	0.01249	0.00538	0.05888
3	0.01716	0.30974	0.14802	0.01379	0.01841	0.26179	0.01312	0.01990	0.01406	0.01574	0.01089	0.01511	0.00977	0.00683	0.00606	0.00169	0.05437	0.05296	0.00300	0.00759
4	0.10624	0.10269	0.01621	0.01121	0.01562	0.01290	0.02921	0.05772	0.14469	0.38270	0.01993	0.01844	0.01368	0.00714	0.00563	0.00184	0.00538	0.00564	0.03376	0.00937
5	0.01522	0.01055	0.01561	0.28630	0.05429	0.01132	0.04414	0.02038	0.10521	0.16159	0.06823	0.02065	0.01539	0.00711	0.00598	0.00188	0.00608	0.00620	0.09927	0.04462
6	0.01637	0.78856	0.03208	0.01047	0.01571	0.02422	0.01047	0.01833	0.01244	0.01440	0.00851	0.00982	0.00786	0.00524	0.00393	0.00131	0.00655	0.00327	0.00262	0.00786
7	0.05029	0.02993	0.03484	0.05263	0.07992	0.06145	0.01061	0.13210	0.10348	0.22737	0.05632	0.04607	0.04397	0.03500	0.00698	0.00204	0.00600	0.00666	0.00556	0.00878

[dist]
# distance from previous block
# <min> <max>
0	1

[block]
# block no. 6 follows, 37 sequences, length 25
# corresponding to MSA columns:
# 1460-1484
name=unknown_G
#
# <colnr> <probs for GDERKNQSTAVLIFYWHMCP>
#	G	D	E	R	K	N	Q	S	T	A	V	L	I	F	Y	W	H	M	C	P
0	0.01577	0.01464	0.02498	0.11289	0.35835	0.01501	0.17828	0.09348	0.06433	0.04179	0.01323	0.01622	0.01026	0.00591	0.00635	0.00192	0.00779	0.00598	0.00367	0.00913
1	0.47022	0.01339	0.01630	0.01315	0.01685	0.03251	0.15370	0.05133	0.01220	0.02403	0.01057	0.04289	0.00891	0.00684	0.00684	0.00204	0.10239	0.00505	0.00368	0.00709
2	0.01143	0.00867	0.01354	0.29190	0.02275	0.00971	0.07248	0.01487	0.01242	0.01890	0.01552	0.01999	0.01229	0.01097	0.09079	0.00266	0.00701	0.00584	0.35194	0.00631
3	0.01733	0.01419	0.01502	0.01288	0.01672	0.01621	0.01020	0.21366	0.55108	0.02899	0.02225	0.02071	0.01652	0.00806	0.00620	0.00201	0.00534	0.00655	0.00620	0.00988
4	0.01611	0.01077	0.01304	0.00949	0.01477	0.00835	0.00766	0.01875	0.01381	0.18907	0.01395	0.01458	0.01047	0.00524	0.00491	0.00114	0.00469	0.00421	0.00454	0.63446
5	0.00780	0.00557	0.00748	0.00879	0.00932	0.00525	0.00616	0.00916	0.01230	0.01643	0.07315	0.65937	0.04085	0.01855	0.00785	0.00249	0.00375	0.09490	0.00574	0.00509
6	0.00832	0.00649	0.00852	0.00900	0.00968	0.00669	0.00647	0.00978	0.01265	0.01717	0.15700	0.49313	0.11116	0.01669	0.00904	0.00237	0.09052	0.01448	0.00553	0.00533
7	0.00842	0.00690	0.00841	0.00832	0.00966	0.00689	0.00632	0.01022	0.01380	0.01809	0.20706	0.18751	0.33847	0.01502	0.00885	0.00221	0.09043	0.04237	0.00559	0.00546
8	0.07256	0.01050	0.01391	0.01073	0.01541	0.00926	0.00886	0.02916	0.01712	0.71018	0.02327	0.02022	0.01467	0.00747	0.00602	0.00189	0.00518	0.00600	0.00736	0.01020
9	0.02609	0.01092	0.01434	0.01107	0.01566	0.00988	0.00911	0.10196	0.01869	0.64029	0.05875	0.02142	0.01676	0.00780	0.00621	0.00189	0.00525	0.00633	0.00738	0.01019
10	0.01428	0.01618	0.03507	0.06979	0.03259	0.01537	0.68265	0.01937	0.01432	0.01937	0.01230	0.01650	0.00922	0.00522	0.00716	0.00206	0.01019	0.00712	0.00307	0.00817
11	0.01273	0.01234	0.01357	0.01231	0.01356	0.14987	0.03981	0.01405	0.01106	0.01408	0.01307	0.02051	0.01258	0.11115	0.28955	0.08448	0.16049	0.00601	0.00312	0.00566
12	0.82811	0.01184	0.00900	0.00805	0.01184	0.01373	0.00663	0.01799	0.01042	0.02746	0.00852	0.00994	0.00663	0.00568	0.00379	0.00189	0.00474	0.00331	0.00379	0.00663
13	0.01264	0.01249	0.02027	0.10182	0.02074	0.01532	0.15970	0.01486	0.01067	0.01536	0.01116	0.01888	0.01071	0.13995	0.01771	0.00303	0.39885	0.00635	0.00294	0.00653
14	0.01633	0.00990	0.01211	0.00990	0.01367	0.00902	0.00781	0.02155	0.14644	0.23381	0.17362	0.06191	0.02445	0.00852	0.00604	0.00170	0.00439	0.00722	0.00601	0.22560
15	0.01189	0.14555	0.18009	0.01153	0.01531	0.01134	0.01139	0.01560	0.03733	0.05449	0.10362	0.19813	0.02658	0.01169	0.00662	0.00212	0.00574	0.13929	0.00469	0.00702
16	0.01296	0.00738	0.00940	0.00904	0.01104	0.00687	0.00675	0.01590	0.06781	0.19116	0.14262	0.33609	0.11505	0.01415	0.00716	0.00219	0.00393	0.02739	0.00633	0.00676
17	0.01045	0.00650	0.00845	0.00795	0.00958	0.00598	0.00596	0.01308	0.01641	0.09065	0.54745	0.12504	0.04900	0.01245	0.00699	0.00195	0.00318	0.01097	0.06185	0.00611
18	0.04303	0.00793	0.01028	0.00948	0.01207	0.00716	0.00737	0.01813	0.01459	0.32224	0.03220	0.28392	0.11314	0.01325	0.00698	0.00220	0.00443	0.07782	0.00640	0.00738
19	0.00900	0.00621	0.00833	0.00843	0.00922	0.00678	0.00608	0.01059	0.01006	0.01466	0.01880	0.08162	0.01898	0.23740	0.42668	0.00732	0.01116	0.00785	0.09584	0.00499
20	0.00829	0.00541	0.00681	0.00793	0.00851	0.00513	0.00539	0.00973	0.01195	0.01714	0.03085	0.62169	0.03528	0.01665	0.00707	0.00226	0.00340	0.01495	0.17645	0.00513
21	0.00881	0.00653	0.00802	0.00819	0.00949	0.00615	0.00591	0.05431	0.01508	0.02025	0.27904	0.35746	0.16677	0.01553	0.00741	0.00218	0.00345	0.01373	0.00607	0.00562
22	0.01431	0.01449	0.02376	0.28340	0.36186	0.06081	0.11667	0.01819	0.01365	0.01815	0.01129	0.01548	0.00900	0.00569	0.00621	0.00191	0.00824	0.00560	0.00294	0.00835
23	0.01491	0.01548	0.01841	0.24843	0.08494	0.18253	0.06221	0.01771	0.01371	0.03831	0.05076	0.04103	0.04574	0.00796	0.00845	0.00203	0.13064	0.00622	0.00344	0.00711
24	0.82811	0.01184	0.00900	0.00805	0.01184	0.01373	0.00663	0.01799	0.01042	0.02746	0.00852	0.00994	0.00663	0.00568	0.00379	0.00189	0.00474	0.00331	0.00379	0.00663

[dist]
# distance from previous block
# <min> <max>
0	1

[block]
# block no. 7 follows, 37 sequences, length 17
# corresponding to MSA columns:
# 1486-1502
name=unknown_H
#
# <colnr> <probs for GDERKNQSTAVLIFYWHMCP>
#	G	D	E	R	K	N	Q	S	T	A	V	L	I	F	Y	W	H	M	C	P
0	0.05650	0.00980	0.01295	0.01029	0.01445	0.00867	0.00837	0.02678	0.01651	0.62204	0.02405	0.08074	0.01686	0.00840	0.00609	0.00191	0.00492	0.00691	0.05420	0.00956
1	0.01745	0.47136	0.02623	0.04740	0.01778	0.18448	0.01145	0.04200	0.01368	0.01541	0.00897	0.01096	0.00798	0.00622	0.00632	0.00158	0.09646	0.00383	0.00286	0.00759
2	0.03333	0.00878	0.01084	0.00990	0.03930	0.00815	0.00724	0.04539	0.05687	0.13472	0.28515	0.06219	0.08974	0.05735	0.00793	0.00205	0.00419	0.00866	0.00585	0.12236
3	0.04676	0.05118	0.10112	0.06400	0.09208	0.03251	0.01265	0.10437	0.24453	0.11417	0.01743	0.01785	0.01294	0.00863	0.03582	0.00225	0.02196	0.00573	0.00491	0.00912
4	0.01254	0.00768	0.00945	0.05254	0.01240	0.00719	0.00690	0.05499	0.01504	0.15656	0.08797	0.21674	0.27756	0.01333	0.00692	0.00208	0.00408	0.01144	0.03801	0.00657
5	0.00950	0.00732	0.00984	0.06985	0.04001	0.00739	0.00748	0.01314	0.07282	0.02101	0.39130	0.17967	0.04243	0.06290	0.00872	0.00234	0.00406	0.03840	0.00580	0.00603
6	0.01637	0.78856	0.03208	0.01047	0.01571	0.02422	0.01047	0.01833	0.01244	0.01440	0.00851	0.00982	0.00786	0.00524	0.00393	0.00131	0.00655	0.00327	0.00262	0.00786
7	0.01703	0.06670	0.05218	0.10859	0.05169	0.10286	0.05348	0.19176	0.01769	0.07104	0.03926	0.04690	0.05646	0.00843	0.00699	0.00196	0.04819	0.04621	0.00451	0.00808
8	0.02033	0.20382	0.02061	0.01337	0.01737	0.24973	0.01108	0.24252	0.01941	0.04644	0.05374	0.01433	0.01180	0.00698	0.00612	0.00168	0.04323	0.00482	0.00429	0.00833
9	0.33474	0.12277	0.07070	0.07388	0.05721	0.04159	0.04023	0.04113	0.01253	0.05532	0.01112	0.04240	0.00926	0.00666	0.00588	0.00189	0.05684	0.00476	0.00361	0.00748
10	0.01598	0.72694	0.03099	0.07067	0.01781	0.02338	0.01099	0.01812	0.01242	0.01450	0.00870	0.01033	0.00788	0.00531	0.00410	0.00137	0.00667	0.00344	0.00263	0.00777
11	0.02005	0.01698	0.01646	0.01364	0.01777	0.10440	0.01089	0.37019	0.30642	0.03069	0.01812	0.01748	0.01338	0.00760	0.00609	0.00190	0.00649	0.00588	0.00582	0.00974
12	0.02120	0.01015	0.01286	0.01010	0.01400	0.00914	0.00800	0.08795	0.01658	0.43440	0.06261	0.02374	0.01755	0.13050	0.00997	0.00241	0.00525	0.00650	0.00629	0.11082
13	0.00847	0.00638	0.00792	0.00842	0.00960	0.00610	0.00610	0.01140	0.06743	0.01906	0.22868	0.38169	0.14441	0.01591	0.00749	0.00226	0.00352	0.05355	0.00601	0.00561
14	0.01339	0.01339	0.01875	0.01607	0.01607	0.01875	0.01339	0.01473	0.00937	0.01473	0.00804	0.01339	0.00804	0.01071	0.02009	0.00268	0.77367	0.00536	0.00268	0.00670
15	0.01063	0.00532	0.00797	0.00797	0.00797	0.00532	0.00532	0.00797	0.00797	0.01063	0.01063	0.01861	0.01063	0.02127	0.02392	0.82190	0.00532	0.00532	0.00266	0.00266
16	0.08236	0.01091	0.01409	0.01088	0.01556	0.00990	0.00899	0.06945	0.01768	0.65974	0.02252	0.01973	0.01429	0.00743	0.00599	0.00189	0.00526	0.00592	0.00723	0.01016

[dist]
# distance from previous block
# <min> <max>
0	46

[block]
# block no. 8 follows, 37 sequences, length 10
# corresponding to MSA columns:
# 1549-1558
name=unknown_I
#
# <colnr> <probs for GDERKNQSTAVLIFYWHMCP>
#	G	D	E	R	K	N	Q	S	T	A	V	L	I	F	Y	W	H	M	C	P
0	0.02698	0.01120	0.01469	0.01126	0.01602	0.01016	0.00930	0.11090	0.01883	0.66801	0.02305	0.02012	0.01460	0.00755	0.00615	0.00189	0.00539	0.00608	0.00741	0.01042
1	0.00874	0.00656	0.00984	0.00984	0.01093	0.00765	0.00765	0.01093	0.00984	0.01421	0.01640	0.02405	0.01530	0.04591	0.76062	0.00984	0.01640	0.00656	0.00328	0.00547
2	0.01509	0.01472	0.02583	0.03654	0.68402	0.01463	0.08066	0.01886	0.01398	0.01996	0.01159	0.01527	0.00966	0.00543	0.00616	0.00184	0.00754	0.00561	0.00304	0.00957
3	0.75251	0.08418	0.01115	0.00828	0.01220	0.01471	0.00699	0.01802	0.01061	0.02625	0.00852	0.00993	0.00674	0.00564	0.00380	0.00184	0.00490	0.00331	0.00368	0.00674
4	0.02104	0.06902	0.10632	0.01311	0.01753	0.10502	0.01173	0.11670	0.04372	0.29770	0.01743	0.05249	0.01291	0.00789	0.00726	0.00192	0.07800	0.00589	0.00530	0.00904
5	0.01141	0.01093	0.06604	0.01052	0.01330	0.01012	0.00860	0.01995	0.30645	0.02190	0.16558	0.20185	0.07083	0.01167	0.00674	0.00208	0.00437	0.01014	0.00579	0.04173
6	0.03216	0.16035	0.30105	0.07144	0.02303	0.01572	0.07097	0.05226	0.04396	0.04019	0.01159	0.01355	0.00884	0.00596	0.00603	0.00176	0.03774	0.00468	0.00324	0.09547
7	0.03705	0.00658	0.00720	0.00720	0.00896	0.00609	0.00533	0.01123	0.04837	0.01951	0.20587	0.15238	0.37372	0.01404	0.00692	0.00204	0.00324	0.01198	0.06672	0.00558
8	0.00982	0.00620	0.00806	0.00825	0.00953	0.00574	0.00604	0.01191	0.01459	0.07477	0.30851	0.32914	0.06329	0.01465	0.00722	0.00215	0.00346	0.04678	0.06408	0.00578
9	0.25556	0.01526	0.11127	0.08648	0.02099	0.01374	0.11404	0.12324	0.01553	0.12895	0.04869	0.01589	0.01157	0.00651	0.00561	0.00193	0.00669	0.00534	0.00446	0.00824

[dist]
# distance from previous block
# <min> <max>
1	25

[block]
# block no. 9 follows, 37 sequences, length 35
# corresponding to MSA columns:
# 1584-1618
name=unknown_J
#
# <colnr> <probs for GDERKNQSTAVLIFYWHMCP>
#	G	D	E	R	K	N	Q	S	T	A	V	L	I	F	Y	W	H	M	C	P
0	0.01550	0.20111	0.01862	0.03974	0.03186	0.05262	0.02298	0.14459	0.01576	0.04650	0.01653	0.16371	0.01612	0.00894	0.00614	0.00175	0.02786	0.03101	0.00433	0.13432
1	0.01127	0.00837	0.00956	0.00883	0.01069	0.00838	0.00642	0.12353	0.06558	0.02043	0.11742	0.18321	0.14509	0.16298	0.01237	0.04000	0.00458	0.01042	0.00530	0.04558
2	0.04366	0.37625	0.05903	0.05390	0.01768	0.03206	0.01148	0.10930	0.06788	0.01956	0.01202	0.01497	0.01026	0.00692	0.00649	0.00173	0.08674	0.03051	0.03156	0.00799
3	0.09859	0.11970	0.04986	0.01083	0.01558	0.01197	0.00953	0.02616	0.04853	0.49034	0.04409	0.01885	0.01460	0.00719	0.00565	0.00182	0.00543	0.00562	0.00622	0.00946
4	0.01382	0.01146	0.05113	0.06522	0.01820	0.00930	0.10042	0.01705	0.01428	0.11783	0.13851	0.06264	0.01979	0.00736	0.00591	0.00158	0.00551	0.00662	0.00461	0.32877
5	0.01637	0.78856	0.03208	0.01047	0.01571	0.02422	0.01047	0.01833	0.01244	0.01440	0.00851	0.00982	0.00786	0.00524	0.00393	0.00131	0.00655	0.00327	0.00262	0.00786
6	0.12282	0.01125	0.01458	0.06828	0.10540	0.02283	0.03635	0.06701	0.06162	0.21185	0.07317	0.02225	0.01668	0.10679	0.00910	0.00241	0.00582	0.00638	0.02736	0.00805
7	0.00938	0.00980	0.10441	0.01012	0.01190	0.00834	0.00865	0.01157	0.00996	0.01424	0.01626	0.02673	0.01604	0.24364	0.44096	0.00754	0.03479	0.00691	0.00329	0.00548
8	0.68737	0.01322	0.01285	0.01067	0.01474	0.04784	0.09878	0.01849	0.01125	0.02589	0.00906	0.01083	0.00703	0.00564	0.00431	0.00190	0.00574	0.00384	0.00367	0.00686
9	0.01406	0.01513	0.03223	0.02323	0.02881	0.01423	0.63224	0.01892	0.01424	0.02002	0.01336	0.01732	0.01011	0.00541	0.00685	0.00198	0.00936	0.00703	0.10755	0.00793
10	0.01482	0.01243	0.01347	0.03053	0.01591	0.01419	0.00952	0.08778	0.56549	0.02518	0.02484	0.11906	0.02052	0.00956	0.00642	0.00211	0.00492	0.00811	0.00606	0.00908
11	0.01269	0.01088	0.01269	0.00907	0.01451	0.00816	0.00725	0.01541	0.01269	0.01995	0.01088	0.01269	0.00907	0.00453	0.00453	0.00091	0.00453	0.00363	0.00363	0.82229
12	0.00743	0.00544	0.00699	0.00823	0.00880	0.00500	0.00555	0.00856	0.01201	0.01574	0.03736	0.68843	0.13060	0.01871	0.00774	0.00243	0.00349	0.01683	0.00568	0.00500
13	0.01339	0.01339	0.01875	0.01607	0.01607	0.01875	0.01339	0.01473	0.00937	0.01473	0.00804	0.01339	0.00804	0.01071	0.02009	0.00268	0.77367	0.00536	0.00268	0.00670
14	0.00786	0.00533	0.00721	0.00845	0.00876	0.00502	0.00564	0.00845	0.01124	0.01499	0.03078	0.68327	0.03666	0.01944	0.00988	0.10741	0.00378	0.01585	0.00529	0.00468
15	0.02731	0.01066	0.01436	0.01101	0.01575	0.00936	0.00909	0.05538	0.01793	0.72479	0.02380	0.02061	0.01498	0.00757	0.00615	0.00189	0.00526	0.00613	0.00752	0.01042
16	0.02714	0.01094	0.01453	0.01114	0.01589	0.00977	0.00920	0.08359	0.01839	0.69594	0.02342	0.02036	0.01479	0.00756	0.00615	0.00189	0.00533	0.00611	0.00746	0.01042
17	0.00995	0.00767	0.00891	0.00972	0.01087	0.04788	0.00730	0.03545	0.01363	0.03492	0.05629	0.45921	0.06826	0.01683	0.00770	0.00244	0.00459	0.18713	0.00563	0.00561
18	0.01215	0.01186	0.02159	0.58873	0.03881	0.01371	0.16315	0.01641	0.01272	0.01672	0.01151	0.01659	0.00866	0.00596	0.00628	0.00202	0.00842	0.00582	0.03181	0.00706
19	0.82811	0.01184	0.00900	0.00805	0.01184	0.01373	0.00663	0.01799	0.01042	0.02746	0.00852	0.00994	0.00663	0.00568	0.00379	0.00189	0.00474	0.00331	0.00379	0.00663
20	0.01555	0.02053	0.13772	0.01587	0.03068	0.25444	0.03292	0.01802	0.01304	0.01591	0.01245	0.11095	0.01216	0.00934	0.01090	0.00215	0.27071	0.00636	0.00322	0.00708
21	0.01362	0.00812	0.01080	0.04744	0.03987	0.00795	0.00789	0.03579	0.07364	0.18277	0.06469	0.39797	0.02975	0.04000	0.00788	0.00234	0.00452	0.01205	0.00591	0.00699
22	0.07826	0.17039	0.11210	0.03156	0.03611	0.01725	0.02761	0.28413	0.03640	0.11594	0.01369	0.01417	0.00996	0.00650	0.00548	0.00176	0.00670	0.00490	0.00474	0.02235
23	0.01429	0.00893	0.01073	0.00974	0.01238	0.00898	0.00774	0.03349	0.18664	0.15990	0.22928	0.03714	0.08085	0.01084	0.00669	0.00204	0.00422	0.09769	0.07085	0.00759
24	0.01248	0.00793	0.00967	0.00852	0.01068	0.00773	0.00660	0.10497	0.01822	0.08717	0.49388	0.03663	0.04254	0.01072	0.00660	0.00185	0.00357	0.00923	0.11426	0.00675
25	0.01479	0.02340	0.32487	0.15060	0.06268	0.12709	0.14635	0.01986	0.01395	0.04269	0.01146	0.01425	0.00846	0.00587	0.00610	0.00192	0.00921	0.00518	0.00298	0.00829
26	0.00885	0.00631	0.00874	0.00867	0.00949	0.00688	0.00630	0.01037	0.01048	0.01479	0.11003	0.03077	0.02237	0.23236	0.44749	0.03810	0.01154	0.00770	0.00381	0.00494
27	0.00757	0.00543	0.00714	0.00846	0.00889	0.00507	0.00570	0.00866	0.01177	0.01561	0.03418	0.71048	0.06390	0.04500	0.00860	0.00260	0.00368	0.03670	0.00561	0.00495
28	0.00862	0.00636	0.00796	0.00788	0.00926	0.00590	0.00577	0.03239	0.01586	0.02171	0.45490	0.22263	0.14913	0.01437	0.00733	0.00208	0.00319	0.01268	0.00632	0.00564
29	0.01304	0.06623	0.28899	0.01784	0.11324	0.01373	0.07215	0.03399	0.02943	0.03618	0.04949	0.06704	0.03995	0.04560	0.00877	0.00220	0.08395	0.00662	0.00353	0.00803
30	0.01520	0.17548	0.27398	0.09011	0.02240	0.11156	0.01522	0.02191	0.14423	0.03649	0.02889	0.01510	0.01106	0.00643	0.00555	0.00180	0.00773	0.00491	0.00355	0.00841
31	0.18587	0.00936	0.03513	0.00942	0.01221	0.00868	0.00751	0.01785	0.04069	0.21721	0.10646	0.27568	0.02663	0.01160	0.00633	0.00210	0.00440	0.00986	0.00583	0.00719
32	0.01605	0.20959	0.12923	0.01556	0.09705	0.06284	0.04618	0.10971	0.04857	0.04214	0.07238	0.01639	0.01361	0.00651	0.00546	0.00166	0.00679	0.00521	0.03431	0.06075
33	0.04692	0.01185	0.04681	0.02803	0.01561	0.01091	0.00939	0.17340	0.03618	0.27015	0.06921	0.11727	0.01913	0.01008	0.02832	0.00212	0.00561	0.00744	0.02356	0.06801
34	0.10738	0.17568	0.03531	0.03951	0.06508	0.08235	0.05930	0.02076	0.08382	0.10456	0.03461	0.03760	0.01238	0.00653	0.00531	0.00167	0.00640	0.00522	0.00412	0.11241

[dist]
# distance from previous block
# <min> <max>
1	40

[block]
# block no. 10 follows, 37 sequences, length 20
# corresponding to MSA columns:
# 1659-1678
name=unknown_K
#
# <colnr> <probs for GDERKNQSTAVLIFYWHMCP>
#	G	D	E	R	K	N	Q	S	T	A	V	L	I	F	Y	W	H	M	C	P
0	0.09454	0.24589	0.04768	0.03947	0.07847	0.06595	0.05260	0.03604	0.07779	0.05997	0.01267	0.01572	0.01057	0.00788	0.02631	0.00204	0.08601	0.02877	0.00364	0.00798
1	0.04727	0.01106	0.03733	0.07110	0.01691	0.01032	0.00976	0.09016	0.03618	0.31613	0.08955	0.06254	0.03615	0.00908	0.00668	0.00196	0.02523	0.05553	0.00599	0.06107
2	0.01194	0.01223	0.08293	0.10678	0.20365	0.01097	0.02963	0.01698	0.09815	0.02019	0.12928	0.14780	0.02312	0.00930	0.00643	0.00197	0.00575	0.00838	0.04450	0.03002
3	0.01637	0.78856	0.03208	0.01047	0.01571	0.02422	0.01047	0.01833	0.01244	0.01440	0.00851	0.00982	0.00786	0.00524	0.00393	0.00131	0.00655	0.00327	0.00262	0.00786
4	0.01969	0.04163	0.02008	0.13252	0.24505	0.07919	0.03339	0.10552	0.01669	0.22329	0.01503	0.01633	0.01083	0.00642	0.00601	0.00184	0.00716	0.00549	0.00461	0.00922
5	0.05524	0.06456	0.05598	0.02575	0.35097	0.18500	0.08360	0.02040	0.04158	0.01885	0.01144	0.01424	0.00941	0.00697	0.02864	0.00202	0.00853	0.00509	0.00318	0.00855
6	0.50791	0.05214	0.06777	0.03034	0.05694	0.08028	0.06130	0.01921	0.01209	0.04956	0.00984	0.01155	0.00758	0.00575	0.00461	0.00185	0.00633	0.00401	0.00361	0.00733
7	0.04537	0.01348	0.05099	0.33794	0.22248	0.01413	0.06433	0.04758	0.01376	0.07545	0.01211	0.01578	0.00920	0.00624	0.00677	0.00198	0.04536	0.00550	0.00338	0.00818
8	0.01533	0.01318	0.01419	0.04551	0.01716	0.01528	0.01007	0.05433	0.68116	0.02559	0.02397	0.02229	0.01796	0.00818	0.00622	0.00207	0.00505	0.00681	0.00607	0.00959
9	0.01402	0.01084	0.01283	0.00923	0.01461	0.00823	0.00741	0.01671	0.01313	0.08545	0.01207	0.01342	0.00961	0.00481	0.00468	0.00100	0.00459	0.00385	0.00398	0.74955
10	0.01085	0.00927	0.07664	0.10525	0.03123	0.00773	0.00937	0.01326	0.01283	0.09041	0.05781	0.39759	0.04707	0.01539	0.04287	0.00260	0.00547	0.03085	0.02718	0.00631
11	0.01679	0.48228	0.13304	0.01368	0.01954	0.01981	0.11318	0.01998	0.01338	0.10045	0.01121	0.01247	0.00888	0.00558	0.00492	0.00157	0.00728	0.00434	0.00325	0.00838
12	0.00750	0.00540	0.00712	0.00841	0.00887	0.00501	0.00565	0.00866	0.01203	0.01603	0.06435	0.72449	0.06628	0.01877	0.00777	0.00245	0.00351	0.01698	0.00573	0.00501
13	0.02746	0.01042	0.01421	0.01089	0.01563	0.00900	0.00900	0.02983	0.01752	0.75093	0.02415	0.02083	0.01515	0.00758	0.00616	0.00189	0.00521	0.00616	0.00758	0.01042
14	0.01347	0.01227	0.01995	0.16491	0.13939	0.03124	0.17060	0.05075	0.04612	0.05037	0.07770	0.07001	0.09156	0.02565	0.00721	0.00209	0.00697	0.00792	0.00421	0.00761
15	0.01290	0.12602	0.09501	0.01673	0.15087	0.01311	0.03719	0.04049	0.03303	0.04167	0.02049	0.23992	0.05322	0.01064	0.00767	0.00206	0.07838	0.00900	0.00414	0.00748
16	0.01470	0.01408	0.02403	0.13017	0.65764	0.01442	0.01856	0.01839	0.01372	0.01945	0.01143	0.01530	0.00950	0.00554	0.00607	0.00185	0.00738	0.00545	0.00299	0.00933
17	0.38715	0.01308	0.01643	0.08970	0.10137	0.03434	0.08730	0.01738	0.01148	0.02181	0.01018	0.03460	0.00865	0.00689	0.00753	0.00206	0.13459	0.00495	0.00337	0.00715
18	0.01292	0.01147	0.01794	0.05504	0.13526	0.01351	0.07524	0.01499	0.01110	0.04341	0.01297	0.02098	0.01230	0.11917	0.09502	0.02588	0.28539	0.02737	0.00325	0.00679
19	0.11814	0.06638	0.05296	0.17377	0.03879	0.01348	0.03198	0.04801	0.06929	0.10073	0.03722	0.03236	0.03576	0.00762	0.00717	0.01717	0.06956	0.00572	0.00415	0.06974

[dist]
# distance from previous block
# <min> <max>
0	12

[block]
# block no. 11 follows, 37 sequences, length 13
# corresponding to MSA columns:
# 1691-1703
name=unknown_L
#
# <colnr> <probs for GDERKNQSTAVLIFYWHMCP>
#	G	D	E	R	K	N	Q	S	T	A	V	L	I	F	Y	W	H	M	C	P
0	0.11173	0.06252	0.09686	0.10253	0.05231	0.01421	0.01234	0.07739	0.07445	0.18464	0.04610	0.01708	0.01272	0.00739	0.00744	0.00198	0.09969	0.00548	0.00465	0.00850
1	0.00970	0.00642	0.00831	0.00788	0.00945	0.00597	0.00603	0.01256	0.01676	0.05226	0.61189	0.04429	0.05123	0.01214	0.00701	0.00194	0.00314	0.05298	0.07410	0.00594
2	0.01522	0.01207	0.13191	0.01097	0.01488	0.00855	0.04158	0.01854	0.01572	0.24529	0.24710	0.05429	0.08820	0.01083	0.02843	0.00217	0.00536	0.00837	0.03277	0.00776
3	0.01573	0.03332	0.01697	0.15009	0.06490	0.06003	0.08322	0.04326	0.09780	0.14576	0.07828	0.09640	0.01868	0.03336	0.00776	0.02787	0.00647	0.00752	0.00482	0.00775
4	0.00861	0.00617	0.00804	0.00805	0.00885	0.00633	0.00564	0.01012	0.01159	0.01605	0.18839	0.09857	0.06081	0.27549	0.25429	0.00580	0.00823	0.00954	0.00452	0.00491
5	0.00758	0.00545	0.00722	0.00858	0.00906	0.00509	0.00587	0.00876	0.01194	0.01581	0.03480	0.71351	0.06843	0.01891	0.00782	0.00249	0.00365	0.05435	0.00568	0.00502
6	0.01602	0.01625	0.12410	0.20002	0.13332	0.03688	0.10330	0.06780	0.04395	0.11362	0.01343	0.01603	0.00993	0.00661	0.00736	0.00200	0.07143	0.00564	0.00380	0.00855
7	0.08476	0.08953	0.14105	0.09224	0.06178	0.01553	0.10537	0.10631	0.11020	0.09513	0.01427	0.01562	0.01051	0.00648	0.00615	0.00191	0.02478	0.00541	0.00420	0.00877
8	0.01448	0.01288	0.02143	0.18099	0.13637	0.01418	0.16306	0.07315	0.04147	0.05236	0.01328	0.01710	0.01048	0.01000	0.07066	0.00269	0.10646	0.00601	0.04503	0.00792
9	0.09960	0.01416	0.12975	0.07587	0.02129	0.01162	0.17763	0.03916	0.01364	0.06941	0.01834	0.08099	0.01717	0.06022	0.00830	0.00244	0.00723	0.14174	0.00417	0.00727
10	0.01433	0.04754	0.10406	0.07390	0.06893	0.02813	0.03345	0.01799	0.04786	0.13868	0.05756	0.09669	0.03264	0.06707	0.06217	0.00272	0.00685	0.00724	0.00448	0.08769
11	0.08953	0.01255	0.05185	0.22718	0.05311	0.01253	0.14347	0.01751	0.01287	0.09597	0.03513	0.04463	0.01187	0.00771	0.00799	0.04622	0.05907	0.00608	0.00369	0.06101
12	0.09656	0.02462	0.03083	0.08394	0.05046	0.02676	0.11328	0.03059	0.01349	0.10268	0.07462	0.11367	0.01874	0.03756	0.09826	0.00304	0.00737	0.00764	0.05885	0.00704

[dist]
# distance from previous block
# <min> <max>
8	73

[block]
# block no. 12 follows, 37 sequences, length 13
# corresponding to MSA columns:
# 1777-1789
name=unknown_M
#
# <colnr> <probs for GDERKNQSTAVLIFYWHMCP>
#	G	D	E	R	K	N	Q	S	T	A	V	L	I	F	Y	W	H	M	C	P
0	0.01401	0.04349	0.26240	0.08494	0.02345	0.01249	0.13786	0.04757	0.01421	0.09531	0.03874	0.12043	0.01505	0.00792	0.00632	0.00195	0.00741	0.00716	0.00397	0.05534
1	0.18908	0.01145	0.02953	0.03782	0.03946	0.01169	0.00908	0.12876	0.04170	0.16882	0.05768	0.10467	0.09232	0.00947	0.00660	0.00201	0.03906	0.00752	0.00540	0.00787
2	0.10182	0.01275	0.01630	0.12401	0.05836	0.01312	0.04253	0.20955	0.01759	0.11578	0.01514	0.01929	0.01193	0.00709	0.00583	0.00180	0.00625	0.06107	0.00478	0.15501
3	0.06109	0.05617	0.01845	0.30481	0.12196	0.05193	0.06495	0.01725	0.04370	0.04311	0.03737	0.04341	0.01313	0.08748	0.00859	0.00235	0.00726	0.00626	0.00352	0.00719
4	0.03087	0.00716	0.00934	0.00861	0.01007	0.00691	0.00614	0.01488	0.04611	0.18213	0.05650	0.09781	0.01950	0.15443	0.01709	0.29240	0.00502	0.00766	0.02188	0.00548
5	0.01371	0.01144	0.01521	0.01091	0.01638	0.00897	0.08178	0.01667	0.01315	0.06141	0.01179	0.01355	0.00944	0.00477	0.00490	0.00108	0.00517	0.00414	0.00380	0.69173
6	0.00887	0.00610	0.00813	0.00828	0.00886	0.00644	0.00577	0.00964	0.00975	0.01331	0.02072	0.09107	0.05534	0.29615	0.30879	0.09976	0.00958	0.02524	0.00372	0.00449
7	0.01099	0.00772	0.01032	0.02359	0.01142	0.00836	0.00732	0.05212	0.01163	0.03911	0.05278	0.04192	0.04020	0.11646	0.30928	0.10882	0.05636	0.00697	0.03140	0.05323
8	0.01043	0.00694	0.00843	0.00827	0.00919	0.00714	0.00559	0.01282	0.08564	0.05640	0.04485	0.12754	0.04218	0.38349	0.12530	0.04008	0.00676	0.00929	0.00448	0.00517
9	0.01284	0.01193	0.01600	0.09221	0.01922	0.07839	0.12266	0.04253	0.11534	0.02075	0.15816	0.06260	0.02715	0.01070	0.00711	0.00219	0.00646	0.18173	0.00502	0.00703
10	0.01231	0.00754	0.01005	0.00998	0.03837	0.00715	0.00720	0.02812	0.04656	0.13678	0.36024	0.18293	0.04058	0.01301	0.00771	0.03120	0.00392	0.04340	0.00630	0.00663
11	0.10887	0.00889	0.01039	0.00934	0.01187	0.00892	0.00729	0.07089	0.05065	0.17761	0.16565	0.08961	0.02731	0.09674	0.00914	0.00247	0.00465	0.08051	0.05211	0.00709
12	0.01942	0.10267	0.01928	0.01511	0.01802	0.43847	0.03830	0.06799	0.01583	0.01667	0.01100	0.05679	0.01004	0.00771	0.00802	0.00182	0.13711	0.00512	0.00336	0.00725

[dist]
# distance from previous block
# <min> <max>
7	46

[block]
# block no. 13 follows, 37 sequences, length 32
# corresponding to MSA columns:
# 1840-1871
name=unknown_N
#
# <colnr> <probs for GDERKNQSTAVLIFYWHMCP>
#	G	D	E	R	K	N	Q	S	T	A	V	L	I	F	Y	W	H	M	C	P
0	0.01126	0.00738	0.01065	0.05524	0.04161	0.00705	0.03267	0.01320	0.01397	0.10656	0.23483	0.25514	0.06254	0.06823	0.00967	0.04262	0.00446	0.01129	0.00556	0.00608
1	0.01175	0.03795	0.01381	0.01195	0.01308	0.04728	0.03086	0.01393	0.04792	0.01624	0.08969	0.07932	0.04280	0.09006	0.05624	0.06808	0.24235	0.07675	0.00401	0.00591
2	0.01261	0.00854	0.01092	0.00982	0.01229	0.00824	0.03539	0.03170	0.13211	0.12503	0.19761	0.20986	0.12727	0.01240	0.00693	0.00206	0.00415	0.01089	0.00612	0.03604
3	0.01266	0.00933	0.05383	0.00917	0.01199	0.00759	0.00745	0.01556	0.05840	0.11721	0.13161	0.10826	0.07010	0.07483	0.00997	0.07998	0.00461	0.02613	0.04389	0.14742
4	0.01636	0.01502	0.01721	0.01451	0.01663	0.14288	0.07426	0.05240	0.07362	0.08490	0.01425	0.04493	0.01243	0.07043	0.01303	0.00246	0.27833	0.00622	0.04279	0.00732
5	0.00955	0.00662	0.00831	0.00861	0.00972	0.00647	0.00615	0.02756	0.04694	0.04674	0.13901	0.34810	0.08512	0.12566	0.05545	0.00325	0.00483	0.05082	0.00553	0.00556
6	0.01456	0.01014	0.01064	0.00982	0.01218	0.08453	0.00756	0.01836	0.09667	0.16290	0.17988	0.09700	0.09291	0.06387	0.00840	0.00230	0.00494	0.07754	0.03882	0.00698
