[name]
unknown

[dist]
# distance from previous block
# <min> <max>
0	245

[block]
# block no. 0 follows, 45 sequences, length 7
# corresponding to MSA columns:
# 251-257
name=unknown_A
#
# <colnr> <probs for GDERKNQSTAVLIFYWHMCP>
#	G	D	E	R	K	N	Q	S	T	A	V	L	I	F	Y	W	H	M	C	P
0	0.03774	0.07942	0.06170	0.03487	0.01550	0.04711	0.05096	0.05475	0.26374	0.10625	0.01791	0.01984	0.04473	0.00802	0.02609	0.00191	0.04319	0.04890	0.00437	0.03299
1	0.00832	0.00594	0.00703	0.00673	0.00837	0.00542	0.00505	0.01094	0.05486	0.06322	0.35266	0.11302	0.31438	0.01203	0.00628	0.00179	0.00287	0.01037	0.00550	0.00523
2	0.06236	0.00945	0.03414	0.01034	0.04853	0.00868	0.03779	0.08916	0.04791	0.22468	0.26181	0.02525	0.06608	0.00800	0.00560	0.00165	0.00424	0.00682	0.00533	0.04216
3	0.06210	0.03601	0.03812	0.10961	0.06973	0.03451	0.00982	0.13027	0.10484	0.21145	0.04726	0.05451	0.01332	0.00671	0.00523	0.00164	0.00526	0.00551	0.00465	0.04944
4	0.01966	0.02125	0.01486	0.09540	0.01826	0.58226	0.01045	0.02139	0.01477	0.13702	0.01050	0.01155	0.00797	0.00569	0.00499	0.00147	0.00859	0.00391	0.00335	0.00666
5	0.00800	0.00552	0.00748	0.00864	0.04638	0.00529	0.00563	0.00918	0.01051	0.05114	0.05682	0.50397	0.07031	0.10078	0.08125	0.00300	0.00456	0.01216	0.00461	0.00476
6	0.01391	0.03217	0.16057	0.09483	0.03790	0.04849	0.13868	0.01794	0.05155	0.16808	0.05257	0.07269	0.01350	0.00672	0.00572	0.00172	0.02128	0.00598	0.04852	0.00719

[dist]
# distance from previous block
# <min> <max>
0	1

[block]
# block no. 1 follows, 45 sequences, length 8
# corresponding to MSA columns:
# 259-266
name=unknown_B
#
# <colnr> <probs for GDERKNQSTAVLIFYWHMCP>
#	G	D	E	R	K	N	Q	S	T	A	V	L	I	F	Y	W	H	M	C	P
0	0.00816	0.00617	0.00762	0.00726	0.00870	0.00601	0.00543	0.01207	0.10882	0.02060	0.57849	0.10038	0.08740	0.01114	0.00627	0.00175	0.00281	0.00980	0.00572	0.00541
1	0.14875	0.00993	0.01572	0.31954	0.07009	0.01081	0.12731	0.01485	0.01128	0.07836	0.01479	0.08844	0.05437	0.00676	0.00537	0.00179	0.00608	0.00610	0.00334	0.00632
2	0.08497	0.04757	0.08591	0.04492	0.10922	0.03683	0.09400	0.14481	0.01449	0.13312	0.01729	0.01800	0.10466	0.00666	0.00572	0.00168	0.03316	0.00552	0.00400	0.00746
3	0.01146	0.01090	0.01698	0.37636	0.23797	0.04300	0.04539	0.03584	0.03274	0.01572	0.01265	0.11324	0.01142	0.00669	0.00556	0.00176	0.00650	0.00614	0.00299	0.00670
4	0.00905	0.00617	0.00738	0.00692	0.00852	0.00572	0.00523	0.04372	0.01367	0.07127	0.33270	0.04152	0.25090	0.11163	0.00893	0.00221	0.00338	0.06067	0.00527	0.00514
5	0.01543	0.17056	0.13013	0.07311	0.08830	0.06911	0.04668	0.07228	0.05288	0.15577	0.06402	0.01501	0.01188	0.00588	0.00503	0.00156	0.00617	0.00478	0.00380	0.00762
6	0.01591	0.07096	0.22079	0.01391	0.04204	0.10912	0.09766	0.08141	0.01390	0.18818	0.01362	0.05907	0.01053	0.00728	0.02998	0.00186	0.00709	0.00522	0.00381	0.00765
7	0.01573	0.00898	0.01182	0.01185	0.10760	0.00865	0.00816	0.06174	0.10860	0.30774	0.08813	0.10899	0.11088	0.00879	0.00575	0.00175	0.00428	0.00752	0.00548	0.00756

[dist]
# distance from previous block
# <min> <max>
2	9

[block]
# block no. 2 follows, 45 sequences, length 20
# corresponding to MSA columns:
# 283-302
name=unknown_C
#
# <colnr> <probs for GDERKNQSTAVLIFYWHMCP>
#	G	D	E	R	K	N	Q	S	T	A	V	L	I	F	Y	W	H	M	C	P
0	0.01735	0.03576	0.04694	0.02717	0.01740	0.03414	0.15164	0.11012	0.11115	0.27678	0.04846	0.01671	0.01271	0.00613	0.00544	0.00163	0.00578	0.00543	0.00484	0.06444
1	0.01148	0.00790	0.01053	0.01161	0.15010	0.00722	0.00735	0.01420	0.02688	0.09605	0.17682	0.02387	0.08269	0.00724	0.00503	0.00142	0.00374	0.00621	0.19625	0.15341
2	0.01156	0.01069	0.01325	0.26710	0.02081	0.05870	0.01058	0.01880	0.28813	0.01660	0.01470	0.01720	0.01167	0.01273	0.14992	0.00306	0.05884	0.00534	0.00362	0.00669
3	0.00988	0.00563	0.00745	0.00766	0.00887	0.00510	0.00548	0.01124	0.01193	0.15540	0.12245	0.52670	0.07310	0.01405	0.00649	0.00200	0.00329	0.01255	0.00540	0.00533
4	0.00729	0.00558	0.00671	0.00660	0.00796	0.00510	0.00488	0.00970	0.03918	0.01850	0.44322	0.13870	0.26215	0.01235	0.00637	0.00179	0.00272	0.01076	0.00550	0.00494
5	0.01983	0.00955	0.01282	0.01006	0.01345	0.00929	0.00829	0.02179	0.01342	0.52477	0.01704	0.01623	0.01149	0.00680	0.00741	0.00167	0.15044	0.00498	0.02799	0.11268
6	0.16179	0.00638	0.00731	0.00681	0.00845	0.00634	0.00520	0.01116	0.01408	0.02199	0.63442	0.03435	0.04243	0.00988	0.00578	0.00168	0.00283	0.00846	0.00544	0.00520
7	0.05757	0.01305	0.01376	0.01083	0.01462	0.01421	0.00887	0.58647	0.02208	0.02982	0.02023	0.01979	0.14940	0.00768	0.00545	0.00165	0.00524	0.00593	0.00520	0.00813
8	0.01317	0.01307	0.02360	0.03106	0.64050	0.01290	0.15239	0.01661	0.01230	0.01747	0.01024	0.01350	0.00844	0.00474	0.00550	0.00163	0.00687	0.00507	0.00267	0.00827
9	0.01195	0.01007	0.01155	0.01164	0.05401	0.01129	0.00868	0.02302	0.52917	0.02033	0.02303	0.08936	0.02013	0.00928	0.00592	0.00196	0.00440	0.14150	0.00518	0.00752
10	0.01199	0.01147	0.01912	0.02757	0.61203	0.01127	0.03860	0.01489	0.01224	0.01697	0.01823	0.02036	0.14904	0.00639	0.00554	0.00164	0.00579	0.00603	0.00309	0.00773
11	0.01121	0.00982	0.01179	0.00872	0.01289	0.00832	0.00703	0.01344	0.01077	0.01692	0.00923	0.01121	0.00784	0.00465	0.00568	0.00099	0.10355	0.00337	0.00308	0.73950
12	0.00993	0.00675	0.00784	0.00715	0.00921	0.02195	0.00534	0.01161	0.01256	0.11469	0.18119	0.18042	0.23558	0.04958	0.00697	0.00185	0.00343	0.00954	0.00501	0.11941
13	0.01404	0.03294	0.38931	0.01288	0.01869	0.01253	0.01406	0.12652	0.15245	0.09997	0.02516	0.01425	0.01029	0.00588	0.00517	0.00165	0.00630	0.00466	0.00385	0.04938
14	0.01304	0.19064	0.02392	0.00949	0.01255	0.06475	0.00802	0.05547	0.01232	0.08786	0.01579	0.13036	0.01544	0.02293	0.04074	0.00193	0.03026	0.10086	0.00383	0.15979
15	0.00653	0.00520	0.00586	0.00621	0.00749	0.00453	0.00446	0.00786	0.01190	0.01492	0.11592	0.29109	0.47039	0.01437	0.00650	0.00192	0.00283	0.01242	0.00507	0.00453
16	0.01323	0.01295	0.08617	0.03889	0.13419	0.01154	0.24578	0.01899	0.15105	0.10331	0.02784	0.05418	0.03872	0.00668	0.00584	0.00179	0.00641	0.03098	0.00390	0.00757
17	0.01528	0.04076	0.40637	0.01365	0.01976	0.01188	0.06892	0.09244	0.02755	0.21190	0.03107	0.01423	0.00997	0.00574	0.00528	0.00168	0.00671	0.00473	0.00385	0.00822
18	0.01670	0.00732	0.00971	0.00831	0.01078	0.00654	0.00631	0.01819	0.01293	0.44595	0.05827	0.18478	0.02079	0.15637	0.00976	0.00242	0.00429	0.00807	0.00565	0.00688
19	0.00800	0.00564	0.00803	0.00802	0.00900	0.00607	0.00604	0.00981	0.01019	0.03675	0.15596	0.12346	0.02332	0.07199	0.48510	0.00616	0.01003	0.00776	0.00383	0.00483

[dist]
# distance from previous block
# <min> <max>
0	3

[block]
# block no. 3 follows, 45 sequences, length 21
# corresponding to MSA columns:
# 314-334
name=unknown_D
#
# <colnr> <probs for GDERKNQSTAVLIFYWHMCP>
#	G	D	E	R	K	N	Q	S	T	A	V	L	I	F	Y	W	H	M	C	P
0	0.40905	0.10835	0.04268	0.17928	0.01771	0.05420	0.00928	0.01670	0.07171	0.01929	0.00920	0.01104	0.00721	0.00532	0.00436	0.00164	0.01994	0.00366	0.00308	0.00630
1	0.01234	0.01244	0.02312	0.01736	0.02139	0.01260	0.45249	0.01869	0.17526	0.01825	0.01381	0.01628	0.01060	0.00657	0.02799	0.00197	0.05399	0.00602	0.09172	0.00713
2	0.01050	0.00976	0.01582	0.66742	0.07572	0.01188	0.01417	0.01496	0.07245	0.01488	0.03398	0.01551	0.00931	0.00566	0.00540	0.00178	0.00673	0.00503	0.00276	0.00628
3	0.01109	0.10356	0.01845	0.03840	0.01627	0.01320	0.17091	0.01396	0.04306	0.01528	0.09984	0.01903	0.06316	0.01065	0.07629	0.00248	0.26906	0.00599	0.00318	0.00613
4	0.00781	0.00520	0.00585	0.00585	0.00585	0.00520	0.00325	0.00781	0.00781	0.01041	0.01691	0.03513	0.01952	0.81135	0.02732	0.00520	0.00520	0.00781	0.00325	0.00325
5	0.66756	0.00932	0.00774	0.00699	0.00987	0.01054	0.00565	0.01456	0.01044	0.02353	0.17319	0.01549	0.01549	0.00628	0.00397	0.00167	0.00380	0.00437	0.00388	0.00565
6	0.01118	0.02490	0.62122	0.01688	0.02427	0.01271	0.17928	0.01704	0.01162	0.01704	0.00990	0.01201	0.00709	0.00498	0.00537	0.00172	0.00817	0.00448	0.00236	0.00778
7	0.01805	0.02605	0.18109	0.01415	0.01803	0.62198	0.01241	0.02048	0.01437	0.01397	0.00859	0.01004	0.00689	0.00544	0.00490	0.00145	0.00930	0.00357	0.00266	0.00659
8	0.00834	0.01050	0.17593	0.01007	0.01253	0.00795	0.00954	0.01119	0.00921	0.01344	0.01335	0.01898	0.01199	0.03267	0.62061	0.00713	0.01299	0.00537	0.00274	0.00547
9	0.01137	0.00644	0.00808	0.00724	0.00903	0.00595	0.00545	0.04899	0.01298	0.15931	0.22312	0.03240	0.22019	0.03419	0.00985	0.18362	0.00366	0.00794	0.00493	0.00525
10	0.01299	0.18708	0.03015	0.01930	0.02428	0.01537	0.55954	0.01674	0.01207	0.01600	0.00994	0.01308	0.00782	0.00478	0.00627	0.00169	0.04769	0.00551	0.00261	0.00710
11	0.01118	0.02490	0.62122	0.01688	0.02427	0.01271	0.17928	0.01704	0.01162	0.01704	0.00990	0.01201	0.00709	0.00498	0.00537	0.00172	0.00817	0.00448	0.00236	0.00778
12	0.00693	0.00492	0.00642	0.00715	0.00778	0.00457	0.00494	0.00835	0.01167	0.01601	0.22785	0.55723	0.05960	0.01483	0.00660	0.00201	0.00293	0.01334	0.03230	0.00457
13	0.00848	0.00657	0.04531	0.00763	0.00914	0.00544	0.00614	0.01059	0.01263	0.05614	0.26157	0.26411	0.10596	0.01250	0.00630	0.00190	0.00338	0.09797	0.07311	0.00514
14	0.03564	0.21979	0.24396	0.01350	0.01902	0.01571	0.11076	0.19860	0.03348	0.04509	0.01066	0.01181	0.00799	0.00533	0.00488	0.00155	0.00674	0.00428	0.00334	0.00787
15	0.01261	0.01206	0.02056	0.19821	0.61791	0.01258	0.01614	0.01588	0.01190	0.01671	0.00998	0.01351	0.00821	0.00491	0.00533	0.00164	0.00655	0.00478	0.00260	0.00795
16	0.01777	0.01324	0.17842	0.01083	0.01527	0.00954	0.01048	0.09979	0.03499	0.38129	0.06693	0.02114	0.01538	0.00724	0.00550	0.00172	0.00526	0.06510	0.03198	0.00812
17	0.03745	0.03776	0.10683	0.01194	0.07736	0.03995	0.02972	0.06116	0.03107	0.05797	0.01057	0.01191	0.00828	0.00467	0.00448	0.00118	0.00522	0.00377	0.00334	0.45537
18	0.02152	0.21616	0.15275	0.01106	0.01467	0.01213	0.07725	0.04241	0.01157	0.03577	0.06216	0.15836	0.02976	0.01082	0.06155	0.03806	0.02771	0.00667	0.00338	0.00626
19	0.00799	0.00532	0.00679	0.00718	0.00803	0.00505	0.00519	0.00958	0.01179	0.03648	0.22907	0.29725	0.05324	0.12517	0.00937	0.00241	0.00346	0.10413	0.06782	0.00465
20	0.05273	0.01112	0.07354	0.00988	0.05633	0.02726	0.00792	0.06558	0.01254	0.03681	0.01965	0.02016	0.17372	0.00651	0.00478	0.00127	0.00446	0.00526	0.00370	0.40679

[dist]
# distance from previous block
# <min> <max>
1	14

[block]
# block no. 4 follows, 45 sequences, length 20
# corresponding to MSA columns:
# 349-368
name=unknown_E
#
# <colnr> <probs for GDERKNQSTAVLIFYWHMCP>
#	G	D	E	R	K	N	Q	S	T	A	V	L	I	F	Y	W	H	M	C	P
0	0.05219	0.49236	0.07259	0.00961	0.01352	0.05131	0.00914	0.04791	0.05304	0.01445	0.00895	0.01079	0.00781	0.00697	0.00637	0.12466	0.00576	0.00350	0.00268	0.00640
1	0.00673	0.00530	0.00607	0.00619	0.00756	0.00465	0.00452	0.00833	0.01267	0.01628	0.24755	0.19393	0.43417	0.01349	0.00644	0.00185	0.00274	0.01164	0.00524	0.00465
2	0.01395	0.01296	0.04237	0.13535	0.29225	0.01303	0.14710	0.15800	0.03611	0.03436	0.02430	0.01477	0.00963	0.01998	0.00590	0.00174	0.00667	0.00523	0.01848	0.00781
3	0.00871	0.00474	0.00673	0.00691	0.00696	0.00469	0.00452	0.00717	0.00758	0.01011	0.01331	0.13474	0.01453	0.12511	0.01976	0.60768	0.00451	0.00664	0.00284	0.00275
4	0.01168	0.01117	0.01438	0.01263	0.01306	0.04757	0.01027	0.04848	0.00978	0.01436	0.01113	0.12863	0.01160	0.01004	0.01430	0.00220	0.57752	0.00621	0.03920	0.00579
5	0.00769	0.00533	0.00669	0.00676	0.00706	0.00559	0.00437	0.00830	0.00820	0.01121	0.01697	0.07936	0.01874	0.53682	0.24845	0.00601	0.00775	0.00767	0.00325	0.00377
6	0.00894	0.00598	0.00647	0.00604	0.00820	0.00502	0.00464	0.01041	0.01269	0.12681	0.04952	0.04677	0.66406	0.01258	0.00621	0.00179	0.00299	0.01046	0.00523	0.00521
7	0.72786	0.01261	0.00896	0.00805	0.01129	0.12592	0.00648	0.01661	0.01002	0.02248	0.00759	0.00886	0.00597	0.00506	0.00354	0.00162	0.00496	0.00299	0.00324	0.00587
8	0.06069	0.01074	0.01423	0.04203	0.03435	0.01313	0.02464	0.09071	0.06922	0.05007	0.01139	0.01535	0.00981	0.01258	0.12524	0.00296	0.33770	0.02329	0.00334	0.04850
9	0.00929	0.00546	0.00730	0.00766	0.00869	0.00499	0.00542	0.01066	0.01185	0.12744	0.15328	0.56358	0.03479	0.01435	0.00655	0.00202	0.00323	0.01289	0.00538	0.00518
10	0.01277	0.01405	0.02881	0.02091	0.02599	0.01354	0.64858	0.01885	0.12329	0.01796	0.01247	0.01529	0.00935	0.00493	0.00621	0.00181	0.00835	0.00630	0.00312	0.00742
11	0.02041	0.01504	0.01611	0.01235	0.01665	0.01665	0.01020	0.75997	0.02524	0.03383	0.01289	0.01289	0.00913	0.00644	0.00537	0.00161	0.00591	0.00483	0.00537	0.00913
12	0.07172	0.02394	0.01498	0.01393	0.03897	0.69559	0.01026	0.04226	0.01503	0.01455	0.00843	0.00982	0.00696	0.00550	0.00477	0.00141	0.00913	0.00350	0.00287	0.00635
13	0.01329	0.01275	0.02179	0.03295	0.77787	0.01275	0.01647	0.01647	0.01222	0.01754	0.01010	0.01329	0.00850	0.00478	0.00531	0.00159	0.00638	0.00478	0.00266	0.00850
14	0.01688	0.00745	0.00971	0.00799	0.01090	0.00657	0.00640	0.01906	0.01459	0.44132	0.21115	0.02678	0.08853	0.00828	0.00553	0.00164	0.00367	0.00694	0.09936	0.00726
15	0.01631	0.01604	0.01857	0.05991	0.43535	0.24349	0.01367	0.01886	0.01338	0.09793	0.01072	0.01279	0.00848	0.00523	0.00518	0.00155	0.00720	0.00445	0.00310	0.00778
16	0.04118	0.01081	0.01622	0.01572	0.16158	0.01044	0.10955	0.07196	0.08121	0.25128	0.04740	0.05090	0.01405	0.00665	0.00551	0.00166	0.00539	0.02737	0.00467	0.06643
17	0.00658	0.00477	0.00621	0.00728	0.00775	0.00441	0.00491	0.00762	0.01067	0.01414	0.06749	0.71065	0.09515	0.01628	0.00679	0.00213	0.00305	0.01468	0.00503	0.00441
18	0.00937	0.00580	0.00733	0.00681	0.00841	0.00526	0.00515	0.01160	0.01425	0.10472	0.49737	0.08531	0.13835	0.01087	0.00608	0.00170	0.00282	0.00946	0.06393	0.00540
19	0.01298	0.01266	0.07414	0.31446	0.21359	0.01253	0.09252	0.06718	0.06744	0.06278	0.01163	0.01441	0.00873	0.00540	0.00545	0.00172	0.00677	0.00502	0.00316	0.00745

[dist]
# distance from previous block
# <min> <max>
2	12

[block]
# block no. 5 follows, 45 sequences, length 22
# corresponding to MSA columns:
# 381-402
name=unknown_F
#
# <colnr> <probs for GDERKNQSTAVLIFYWHMCP>
#	G	D	E	R	K	N	Q	S	T	A	V	L	I	F	Y	W	H	M	C	P
0	0.07757	0.03603	0.01581	0.01411	0.06575	0.39446	0.05205	0.15185	0.01587	0.06312	0.01128	0.05695	0.00942	0.00624	0.00506	0.00154	0.00760	0.00469	0.00360	0.00700
1	0.00766	0.00630	0.00853	0.00956	0.04740	0.03089	0.04147	0.00900	0.01100	0.01452	0.07065	0.63412	0.05864	0.01482	0.00664	0.00207	0.00373	0.01347	0.00474	0.00481
2	0.01099	0.05313	0.01002	0.00887	0.02537	0.02698	0.00650	0.01203	0.01026	0.12503	0.03883	0.20127	0.01886	0.11196	0.18880	0.09012	0.04404	0.00783	0.00392	0.00519
3	0.01144	0.00693	0.00913	0.08661	0.01259	0.00687	0.00722	0.01456	0.05732	0.15253	0.18301	0.06426	0.09554	0.01011	0.00595	0.00184	0.00398	0.15726	0.10688	0.00596
4	0.00727	0.00540	0.00644	0.00626	0.00766	0.00485	0.00466	0.00934	0.01376	0.01876	0.45993	0.08025	0.28444	0.01184	0.00621	0.00173	0.00262	0.01024	0.05347	0.00485
5	0.01129	0.10334	0.57773	0.01449	0.02074	0.01402	0.01740	0.01621	0.01076	0.01587	0.00898	0.01113	0.00685	0.00578	0.00707	0.00176	0.14286	0.00398	0.00228	0.00748
6	0.01503	0.01192	0.01275	0.01106	0.01435	0.01354	0.00872	0.13862	0.61313	0.06760	0.02046	0.01885	0.01511	0.00712	0.00544	0.00178	0.00452	0.00584	0.00552	0.00863
7	0.00755	0.00545	0.00713	0.00679	0.00801	0.00503	0.00506	0.01000	0.01495	0.02114	0.73859	0.07763	0.04991	0.01126	0.00636	0.00171	0.00256	0.00998	0.00586	0.00503
8	0.01655	0.42266	0.06496	0.01071	0.01495	0.03828	0.01005	0.15920	0.01416	0.12045	0.01045	0.01116	0.00819	0.00567	0.00536	0.00144	0.07089	0.00381	0.00348	0.00758
9	0.01757	0.03653	0.01589	0.05765	0.06823	0.05171	0.01048	0.44784	0.19016	0.02748	0.01417	0.01433	0.01045	0.00637	0.00531	0.00164	0.00581	0.00499	0.00483	0.00857
10	0.01123	0.03443	0.17610	0.00984	0.01347	0.00877	0.03530	0.09257	0.01432	0.08997	0.19862	0.05044	0.20610	0.00931	0.00584	0.00173	0.00468	0.02616	0.00465	0.00647
11	0.01329	0.01275	0.02179	0.03295	0.77787	0.01275	0.01647	0.01647	0.01222	0.01754	0.01010	0.01329	0.00850	0.00478	0.00531	0.00159	0.00638	0.00478	0.00266	0.00850
12	0.00667	0.00502	0.00618	0.00680	0.00768	0.00453	0.00475	0.00800	0.01167	0.01529	0.16717	0.46886	0.23802	0.01492	0.00662	0.00199	0.00291	0.01322	0.00515	0.00453
13	0.02232	0.00877	0.01176	0.00914	0.01306	0.00756	0.00751	0.02432	0.01505	0.70525	0.02448	0.02159	0.08916	0.00734	0.00549	0.00168	0.00438	0.00599	0.00648	0.00868
14	0.03630	0.07551	0.04073	0.01395	0.05980	0.48718	0.01056	0.08206	0.07736	0.05216	0.01047	0.01137	0.00824	0.00567	0.00487	0.00146	0.00805	0.00392	0.00334	0.00701
15	0.01572	0.01141	0.01808	0.06856	0.46235	0.01135	0.01350	0.06008	0.01361	0.19688	0.01405	0.01766	0.01108	0.00602	0.00548	0.00168	0.00588	0.05443	0.00388	0.00830
16	0.00653	0.00472	0.00618	0.00734	0.00775	0.00437	0.00492	0.00749	0.01041	0.01376	0.03125	0.75705	0.08522	0.01660	0.00682	0.00216	0.00309	0.01500	0.00498	0.00437
17	0.01753	0.22088	0.02106	0.01386	0.01765	0.40124	0.12445	0.09294	0.01474	0.01569	0.00894	0.01046	0.00732	0.00523	0.00477	0.00141	0.00822	0.00389	0.00290	0.00683
18	0.01622	0.06090	0.01797	0.09469	0.26510	0.16242	0.01245	0.14057	0.06232	0.07264	0.01142	0.01308	0.00886	0.00568	0.00555	0.00159	0.03265	0.00455	0.00352	0.00779
19	0.02151	0.01084	0.01303	0.01033	0.01390	0.06182	0.00844	0.09688	0.01574	0.54993	0.06077	0.01785	0.01404	0.00702	0.00641	0.00170	0.07007	0.00540	0.00586	0.00844
20	0.01122	0.00709	0.00863	0.00804	0.00953	0.00729	0.00609	0.12520	0.05636	0.04381	0.14353	0.10273	0.02165	0.01207	0.00965	0.22092	0.00400	0.06255	0.13443	0.00521
21	0.18490	0.01101	0.07770	0.02170	0.07959	0.00959	0.00889	0.03908	0.04938	0.26069	0.09580	0.05400	0.01540	0.00678	0.00502	0.00164	0.00466	0.00550	0.00471	0.06397

[dist]
# distance from previous block
# <min> <max>
2	14

[block]
# block no. 6 follows, 45 sequences, length 21
# corresponding to MSA columns:
# 421-441
name=unknown_G
#
# <colnr> <probs for GDERKNQSTAVLIFYWHMCP>
#	G	D	E	R	K	N	Q	S	T	A	V	L	I	F	Y	W	H	M	C	P
0	0.03266	0.10765	0.22403	0.11938	0.09915	0.05526	0.03024	0.10665	0.06937	0.04720	0.01098	0.01265	0.00831	0.00555	0.00539	0.00162	0.03178	0.00436	0.00318	0.02462
1	0.01211	0.01135	0.01594	0.07709	0.23490	0.03877	0.05647	0.01547	0.04428	0.01734	0.02818	0.01321	0.00938	0.00471	0.00476	0.00125	0.00541	0.00424	0.00309	0.40206
2	0.00659	0.00471	0.00627	0.00744	0.00780	0.00439	0.00499	0.00759	0.01049	0.01404	0.06191	0.77455	0.03616	0.01656	0.00683	0.00216	0.00309	0.01502	0.00502	0.00439
3	0.16683	0.05029	0.01519	0.12032	0.09912	0.24301	0.02685	0.03396	0.02935	0.02926	0.00985	0.01309	0.00824	0.00588	0.00564	0.00161	0.06240	0.03092	0.00303	0.04513
4	0.00734	0.00546	0.00662	0.00633	0.00774	0.00492	0.00475	0.00955	0.01424	0.01955	0.55013	0.04253	0.24769	0.01152	0.00624	0.00171	0.00258	0.00998	0.03621	0.00492
5	0.00772	0.00530	0.00684	0.00746	0.00801	0.00534	0.00534	0.00892	0.00978	0.01343	0.02267	0.26871	0.02533	0.25722	0.12020	0.00397	0.00560	0.15406	0.05988	0.00424
6	0.00709	0.00530	0.00659	0.00663	0.00780	0.00479	0.00483	0.00902	0.01347	0.01828	0.45495	0.21265	0.20319	0.01283	0.00645	0.00182	0.00270	0.01129	0.00551	0.00479
7	0.01254	0.01541	0.08435	0.02211	0.02772	0.01350	0.70663	0.01718	0.01258	0.01718	0.01077	0.01426	0.00805	0.00457	0.00625	0.00180	0.00897	0.00617	0.00268	0.00729
8	0.00737	0.00548	0.00686	0.00652	0.00788	0.00497	0.00489	0.00969	0.01466	0.02026	0.64490	0.04219	0.18158	0.01145	0.00633	0.00171	0.00257	0.01000	0.00574	0.00497
9	0.01830	0.18665	0.01795	0.01289	0.01584	0.57778	0.01022	0.01974	0.01384	0.01302	0.00804	0.00961	0.00692	0.00561	0.00545	0.00140	0.06435	0.00342	0.00264	0.00634
10	0.01335	0.01153	0.01214	0.01092	0.01396	0.01335	0.00850	0.02852	0.76817	0.02245	0.02185	0.02003	0.01639	0.00728	0.00546	0.00182	0.00425	0.00607	0.00546	0.00850
11	0.02041	0.01504	0.01611	0.01235	0.01665	0.01665	0.01020	0.75997	0.02524	0.03383	0.01289	0.01289	0.00913	0.00644	0.00537	0.00161	0.00591	0.00483	0.00537	0.00913
12	0.62291	0.05953	0.06140	0.00820	0.01155	0.01225	0.00726	0.01542	0.00956	0.03942	0.00939	0.06252	0.00816	0.00603	0.00449	0.00170	0.04693	0.00395	0.00333	0.00600
13	0.01077	0.02777	0.78354	0.01530	0.02323	0.01247	0.01983	0.01700	0.01133	0.01700	0.00963	0.01133	0.00680	0.00510	0.00510	0.00170	0.00793	0.00397	0.00227	0.00793
14	0.01308	0.20772	0.39301	0.01253	0.03675	0.01307	0.01392	0.01718	0.01224	0.11836	0.10021	0.01503	0.01286	0.00587	0.00490	0.00156	0.00630	0.00459	0.00329	0.00753
15	0.01520	0.01392	0.02204	0.01659	0.02089	0.01466	0.33237	0.25429	0.16697	0.02328	0.01349	0.01494	0.01004	0.00594	0.00646	0.00178	0.04933	0.00572	0.00408	0.00802
16	0.01329	0.01275	0.02179	0.03295	0.77787	0.01275	0.01647	0.01647	0.01222	0.01754	0.01010	0.01329	0.00850	0.00478	0.00531	0.00159	0.00638	0.00478	0.00266	0.00850
17	0.15979	0.01461	0.01455	0.01144	0.01549	0.05677	0.00939	0.56999	0.02165	0.05716	0.01202	0.01220	0.00860	0.00616	0.00500	0.00161	0.00577	0.00446	0.00493	0.00842
18	0.84927	0.01038	0.00789	0.00706	0.01038	0.01204	0.00581	0.01578	0.00914	0.02408	0.00747	0.00872	0.00581	0.00498	0.00332	0.00166	0.00415	0.00291	0.00332	0.00581
19	0.00899	0.00639	0.00773	0.00806	0.05400	0.00609	0.00559	0.02655	0.05300	0.03715	0.31005	0.05484	0.22316	0.01014	0.00571	0.00165	0.00302	0.00869	0.16371	0.00546
20	0.01484	0.12608	0.13704	0.03555	0.03909	0.08570	0.04300	0.06538	0.07030	0.14157	0.01392	0.06926	0.01132	0.00808	0.04543	0.00191	0.00649	0.00518	0.00380	0.07607

[dist]
# distance from previous block
# <min> <max>
2	6

[block]
# block no. 7 follows, 45 sequences, length 9
# corresponding to MSA columns:
# 449-457
name=unknown_H
#
# <colnr> <probs for GDERKNQSTAVLIFYWHMCP>
#	G	D	E	R	K	N	Q	S	T	A	V	L	I	F	Y	W	H	M	C	P
0	0.11745	0.15808	0.39228	0.01243	0.01839	0.03378	0.01403	0.10507	0.01302	0.07393	0.01017	0.01118	0.00744	0.00528	0.00464	0.00158	0.00665	0.00384	0.00310	0.00768
1	0.01513	0.00872	0.01151	0.00934	0.01217	0.00850	0.06837	0.14756	0.01521	0.22452	0.10285	0.06205	0.04842	0.04224	0.00625	0.00176	0.00435	0.00660	0.19756	0.00690
2	0.00993	0.00657	0.00790	0.00720	0.00928	0.00586	0.00550	0.01234	0.04544	0.11416	0.23059	0.09301	0.24159	0.05586	0.00721	0.00191	0.00338	0.04633	0.00518	0.09077
3	0.01460	0.06126	0.21012	0.01553	0.14444	0.03412	0.03153	0.11641	0.04734	0.11671	0.06833	0.01512	0.01200	0.00590	0.00537	0.00157	0.01911	0.00485	0.00381	0.07188
4	0.00853	0.00622	0.00760	0.00803	0.00902	0.00614	0.00567	0.11602	0.01258	0.01666	0.02900	0.63751	0.08621	0.01508	0.00660	0.00207	0.00349	0.01347	0.00504	0.00506
5	0.01734	0.00769	0.01002	0.00839	0.01128	0.00689	0.00664	0.04179	0.01438	0.45199	0.10895	0.13648	0.06345	0.00895	0.00562	0.00171	0.00388	0.00759	0.07961	0.00736
6	0.01314	0.01227	0.06679	0.10511	0.20195	0.01150	0.15204	0.07462	0.05482	0.08440	0.06298	0.01918	0.07496	0.00646	0.00586	0.00171	0.02062	0.00599	0.01820	0.00740
7	0.01132	0.07802	0.08666	0.01244	0.01409	0.01360	0.05103	0.01316	0.00946	0.03475	0.03476	0.01689	0.02888	0.10575	0.05417	0.00277	0.41826	0.00533	0.00279	0.00589
8	0.00663	0.00531	0.00593	0.00606	0.00750	0.00461	0.00444	0.00816	0.01249	0.01579	0.19664	0.18258	0.49771	0.01363	0.00643	0.00185	0.00275	0.01169	0.00517	0.00461

[dist]
# distance from previous block
# <min> <max>
0	1

[block]
# block no. 8 follows, 45 sequences, length 17
# corresponding to MSA columns:
# 459-475
name=unknown_I
#
# <colnr> <probs for GDERKNQSTAVLIFYWHMCP>
#	G	D	E	R	K	N	Q	S	T	A	V	L	I	F	Y	W	H	M	C	P
0	0.06483	0.12911	0.15411	0.05908	0.01751	0.03712	0.03121	0.10844	0.17166	0.12542	0.01363	0.01398	0.01000	0.00602	0.00540	0.00165	0.03438	0.00461	0.00401	0.00782
1	0.03764	0.08995	0.16140	0.01351	0.04299	0.06210	0.06482	0.30485	0.01737	0.10578	0.01262	0.04087	0.00957	0.00613	0.00518	0.00161	0.00646	0.00490	0.00414	0.00811
2	0.01079	0.00589	0.00694	0.00789	0.07760	0.00582	0.00516	0.01326	0.01149	0.05388	0.01754	0.05496	0.01424	0.00661	0.00411	0.00134	0.00298	0.00546	0.68855	0.00548
3	0.01334	0.09467	0.17446	0.01135	0.04931	0.03667	0.01040	0.05974	0.02800	0.08155	0.01116	0.02814	0.00885	0.00506	0.00453	0.00124	0.00542	0.00398	0.00337	0.36876
4	0.04402	0.01436	0.01475	0.13089	0.04669	0.22087	0.01088	0.01646	0.03226	0.06430	0.01030	0.03141	0.00897	0.03305	0.03775	0.00220	0.26687	0.00477	0.00299	0.00621
5	0.00654	0.00467	0.00623	0.00747	0.00779	0.00436	0.00498	0.00747	0.01028	0.01370	0.02959	0.80785	0.03550	0.01682	0.00685	0.00218	0.00311	0.01526	0.00498	0.00436
6	0.04387	0.07433	0.10027	0.08509	0.10937	0.12842	0.12956	0.06474	0.06948	0.04347	0.01146	0.02883	0.00931	0.03261	0.00656	0.00178	0.04558	0.00495	0.00318	0.00715
7	0.00689	0.00496	0.00617	0.00687	0.00734	0.00472	0.00454	0.00770	0.00984	0.01293	0.02890	0.47449	0.12813	0.21237	0.05575	0.00323	0.00421	0.01238	0.00444	0.00414
8	0.04370	0.04710	0.01522	0.01458	0.14304	0.03467	0.08007	0.08061	0.10574	0.12152	0.06739	0.02482	0.07749	0.00778	0.00563	0.00174	0.00528	0.09120	0.02517	0.00724
9	0.84927	0.01038	0.00789	0.00706	0.01038	0.01204	0.00581	0.01578	0.00914	0.02408	0.00747	0.00872	0.00581	0.00498	0.00332	0.00166	0.00415	0.00291	0.00332	0.00581
10	0.00673	0.00480	0.00635	0.00732	0.00776	0.00448	0.00494	0.00785	0.01088	0.01467	0.13198	0.67685	0.03707	0.04184	0.00745	0.00221	0.00310	0.01425	0.00505	0.00442
11	0.00865	0.00618	0.00865	0.00989	0.01112	0.00618	0.00865	0.01112	0.01236	0.01606	0.02842	0.06055	0.03089	0.01483	0.00741	0.00247	0.00494	0.74174	0.00494	0.00494
12	0.01293	0.01071	0.01124	0.01018	0.01299	0.01230	0.00790	0.02650	0.67263	0.02215	0.02130	0.02003	0.01605	0.00715	0.00525	0.00175	0.00403	0.00593	0.11094	0.00806
13	0.00640	0.00544	0.00552	0.00550	0.00729	0.00456	0.00413	0.00782	0.01238	0.01484	0.08931	0.05110	0.74055	0.01347	0.00634	0.00181	0.00271	0.01125	0.00503	0.00456
14	0.84927	0.01038	0.00789	0.00706	0.01038	0.01204	0.00581	0.01578	0.00914	0.02408	0.00747	0.00872	0.00581	0.00498	0.00332	0.00166	0.00415	0.00291	0.00332	0.00581
15	0.01606	0.01030	0.01640	0.29690	0.23835	0.01070	0.01282	0.01899	0.01283	0.29201	0.01390	0.01545	0.00975	0.00566	0.00536	0.00169	0.00600	0.00500	0.00400	0.00783
16	0.00930	0.00738	0.00972	0.00843	0.01063	0.00698	0.03268	0.04671	0.01065	0.01525	0.03653	0.10376	0.04274	0.13376	0.25877	0.00421	0.00757	0.00659	0.00351	0.24483

[dist]
# distance from previous block
# <min> <max>
7	12

[block]
# block no. 9 follows, 45 sequences, length 9
# corresponding to MSA columns:
# 490-498
name=unknown_J
#
# <colnr> <probs for GDERKNQSTAVLIFYWHMCP>
#	G	D	E	R	K	N	Q	S	T	A	V	L	I	F	Y	W	H	M	C	P
0	0.01125	0.01083	0.05772	0.25808	0.17598	0.01081	0.04436	0.07275	0.05187	0.01843	0.14777	0.05992	0.01747	0.00699	0.00559	0.00172	0.00570	0.00629	0.02972	0.00675
1	0.00654	0.00467	0.00623	0.00747	0.00779	0.00436	0.00498	0.00747	0.01028	0.01370	0.02959	0.80785	0.03550	0.01682	0.00685	0.00218	0.00311	0.01526	0.00498	0.00436
2	0.04832	0.01039	0.01237	0.07289	0.10042	0.11330	0.04972	0.01466	0.01391	0.09241	0.32300	0.02694	0.08320	0.00827	0.00572	0.00166	0.00493	0.00715	0.00456	0.00619
3	0.01546	0.08963	0.10014	0.04316	0.14422	0.05153	0.06740	0.07271	0.02610	0.19394	0.03690	0.05925	0.04509	0.00674	0.00561	0.00166	0.02306	0.00571	0.00406	0.00763
4	0.01014	0.00582	0.00659	0.03628	0.00866	0.00583	0.00495	0.01320	0.05791	0.05805	0.08828	0.11016	0.06062	0.00829	0.00471	0.00150	0.00297	0.00697	0.50369	0.00537
5	0.01025	0.00947	0.01574	0.64688	0.11032	0.01139	0.01400	0.01346	0.01062	0.01380	0.01028	0.01612	0.00843	0.07937	0.00738	0.00208	0.00690	0.00505	0.00249	0.00598
6	0.01412	0.17634	0.16185	0.04041	0.16168	0.01485	0.11825	0.09053	0.03796	0.06447	0.01071	0.01257	0.00830	0.00545	0.00588	0.00162	0.05962	0.00455	0.00310	0.00775
7	0.01515	0.05654	0.19243	0.05485	0.10037	0.03298	0.08979	0.05742	0.04843	0.20493	0.01632	0.04105	0.05271	0.00639	0.00540	0.00168	0.00624	0.00552	0.00399	0.00780
8	0.00808	0.00557	0.00712	0.00686	0.00814	0.00511	0.00510	0.01021	0.01402	0.04917	0.54804	0.10570	0.11544	0.05325	0.00747	0.00195	0.00290	0.03526	0.00560	0.00501

[dist]
# distance from previous block
# <min> <max>
1	13

[block]
# block no. 10 follows, 45 sequences, length 34
# corresponding to MSA columns:
# 514-547
name=unknown_K
#
# <colnr> <probs for GDERKNQSTAVLIFYWHMCP>
#	G	D	E	R	K	N	Q	S	T	A	V	L	I	F	Y	W	H	M	C	P
0	0.08282	0.17723	0.13423	0.01141	0.01598	0.04935	0.03416	0.17306	0.09968	0.11368	0.01289	0.03034	0.00980	0.00593	0.00479	0.00155	0.00585	0.00453	0.00401	0.02869
1	0.00706	0.02772	0.02914	0.00761	0.00836	0.00520	0.00549	0.00826	0.01059	0.01416	0.07724	0.63285	0.05058	0.06278	0.00789	0.00228	0.00344	0.03002	0.00479	0.00453
2	0.01397	0.14029	0.38602	0.01304	0.03586	0.01238	0.03713	0.01858	0.03846	0.17194	0.07052	0.01496	0.01189	0.00583	0.00506	0.00161	0.00638	0.00469	0.00357	0.00781
3	0.00713	0.00490	0.00656	0.00764	0.00813	0.00458	0.00527	0.00825	0.01073	0.03242	0.06057	0.71256	0.03534	0.01621	0.00683	0.00216	0.00323	0.05789	0.00506	0.00454
4	0.02041	0.01504	0.01611	0.01235	0.01665	0.01665	0.01020	0.75997	0.02524	0.03383	0.01289	0.01289	0.00913	0.00644	0.00537	0.00161	0.00591	0.00483	0.00537	0.00913
5	0.00865	0.00618	0.00865	0.00989	0.01112	0.00618	0.00865	0.01112	0.01236	0.01606	0.02842	0.06055	0.03089	0.01483	0.00741	0.00247	0.00494	0.74174	0.00494	0.00494
6	0.84927	0.01038	0.00789	0.00706	0.01038	0.01204	0.00581	0.01578	0.00914	0.02408	0.00747	0.00872	0.00581	0.00498	0.00332	0.00166	0.00415	0.00291	0.00332	0.00581
7	0.00865	0.00618	0.00865	0.00989	0.01112	0.00618	0.00865	0.01112	0.01236	0.01606	0.02842	0.06055	0.03089	0.01483	0.00741	0.00247	0.00494	0.74174	0.00494	0.00494
8	0.02041	0.01504	0.01611	0.01235	0.01665	0.01665	0.01020	0.75997	0.02524	0.03383	0.01289	0.01289	0.00913	0.00644	0.00537	0.00161	0.00591	0.00483	0.00537	0.00913
9	0.53310	0.14459	0.01299	0.00876	0.01205	0.04707	0.00746	0.07669	0.01092	0.02152	0.00791	0.00936	0.00642	0.00546	0.00486	0.00162	0.07649	0.00324	0.00321	0.00629
10	0.01435	0.81458	0.02813	0.00918	0.01378	0.02124	0.00918	0.01607	0.01091	0.01263	0.00746	0.00861	0.00689	0.00459	0.00344	0.00115	0.00574	0.00287	0.00230	0.00689
11	0.00788	0.00526	0.00640	0.00640	0.00656	0.00542	0.00393	0.00805	0.00789	0.01068	0.01599	0.03153	0.01782	0.62939	0.15547	0.06078	0.00671	0.00725	0.00313	0.00345
12	0.01077	0.04979	0.68711	0.01491	0.02226	0.01235	0.04724	0.01659	0.01159	0.01713	0.05346	0.01302	0.00937	0.00540	0.00517	0.00169	0.00760	0.00435	0.00249	0.00771
13	0.01138	0.01314	0.18022	0.01198	0.03886	0.02727	0.05066	0.07768	0.13076	0.05366	0.03723	0.30387	0.02037	0.00999	0.00593	0.00188	0.00521	0.00882	0.00435	0.00675
14	0.02408	0.00914	0.01246	0.00955	0.01370	0.00789	0.00789	0.02616	0.01536	0.78158	0.02118	0.01827	0.01329	0.00664	0.00540	0.00166	0.00457	0.00540	0.00664	0.00914
15	0.00644	0.00540	0.00560	0.00564	0.00733	0.00456	0.00419	0.00785	0.01232	0.01492	0.10027	0.09262	0.68730	0.01360	0.00637	0.00182	0.00273	0.01144	0.00505	0.00456
16	0.04392	0.01460	0.19828	0.03082	0.10307	0.01071	0.01202	0.11075	0.01470	0.34087	0.01561	0.01667	0.01100	0.02291	0.00577	0.00176	0.00581	0.02774	0.00467	0.00835
17	0.01127	0.00955	0.01347	0.18858	0.09817	0.02866	0.01066	0.01359	0.01053	0.03299	0.01268	0.04250	0.01129	0.00776	0.00896	0.00187	0.25125	0.05345	0.18682	0.00596
18	0.82025	0.03833	0.00859	0.00713	0.01050	0.01236	0.00593	0.01579	0.00920	0.02369	0.00747	0.00872	0.00585	0.00497	0.00333	0.00164	0.00421	0.00291	0.00329	0.00585
19	0.02143	0.01339	0.01509	0.01157	0.01583	0.01421	0.00956	0.55563	0.02249	0.24205	0.01520	0.01439	0.01029	0.00650	0.00538	0.00162	0.00553	0.00499	0.00572	0.00913
20	0.01444	0.03871	0.01315	0.01128	0.01436	0.11091	0.00880	0.04938	0.62754	0.02132	0.01943	0.01816	0.01468	0.00695	0.00532	0.00174	0.00503	0.00560	0.00502	0.00818
21	0.01449	0.01509	0.05690	0.01215	0.01427	0.19907	0.00999	0.16817	0.01364	0.01723	0.01101	0.03951	0.00999	0.06598	0.10413	0.02294	0.21081	0.00506	0.00327	0.00630
22	0.00735	0.00548	0.00683	0.00649	0.00787	0.00496	0.00487	0.00965	0.01461	0.02014	0.63263	0.04238	0.19392	0.01149	0.00633	0.00171	0.00257	0.01003	0.00573	0.00496
23	0.01014	0.00954	0.01610	0.79845	0.03697	0.01193	0.01491	0.01371	0.01073	0.01371	0.00954	0.01431	0.00716	0.00537	0.00537	0.00179	0.00716	0.00477	0.00239	0.00596
24	0.00746	0.00548	0.00698	0.00660	0.00793	0.00500	0.00495	0.00986	0.01486	0.02073	0.69381	0.04140	0.13237	0.01127	0.00633	0.00170	0.00255	0.00989	0.00580	0.00500
25	0.84927	0.01038	0.00789	0.00706	0.01038	0.01204	0.00581	0.01578	0.00914	0.02408	0.00747	0.00872	0.00581	0.00498	0.00332	0.00166	0.00415	0.00291	0.00332	0.00581
26	0.01972	0.01470	0.01572	0.01221	0.01639	0.01633	0.01004	0.68894	0.09738	0.03273	0.01376	0.01358	0.00983	0.00653	0.00538	0.00163	0.00575	0.00495	0.00538	0.00907
27	0.01428	0.01255	0.01262	0.01119	0.01432	0.05416	0.00873	0.08831	0.66776	0.02290	0.02040	0.01890	0.01529	0.00712	0.00542	0.00178	0.00467	0.00583	0.00531	0.00843
28	0.00645	0.00544	0.00558	0.00554	0.00731	0.00457	0.00416	0.00790	0.01247	0.01507	0.11238	0.05073	0.71733	0.01338	0.00634	0.00180	0.00270	0.01120	0.00506	0.00457
29	0.00781	0.00520	0.00585	0.00585	0.00585	0.00520	0.00325	0.00781	0.00781	0.01041	0.01691	0.03513	0.01952	0.81135	0.02732	0.00520	0.00520	0.00781	0.00325	0.00325
30	0.84927	0.01038	0.00789	0.00706	0.01038	0.01204	0.00581	0.01578	0.00914	0.02408	0.00747	0.00872	0.00581	0.00498	0.00332	0.00166	0.00415	0.00291	0.00332	0.00581
31	0.01925	0.03791	0.07267	0.03947	0.08511	0.01017	0.03942	0.07058	0.05221	0.44832	0.05591	0.01754	0.01353	0.00640	0.00539	0.00166	0.00526	0.00538	0.00533	0.00849
32	0.01014	0.00954	0.01610	0.79845	0.03697	0.01193	0.01491	0.01371	0.01073	0.01371	0.00954	0.01431	0.00716	0.00537	0.00537	0.00179	0.00716	0.00477	0.00239	0.00596
33	0.01458	0.34187	0.01989	0.01090	0.01447	0.23092	0.05801	0.03159	0.01287	0.01464	0.07902	0.03196	0.03629	0.02340	0.00504	0.00142	0.00650	0.00458	0.00306	0.05898

[dist]
# distance from previous block
# <min> <max>
0	84

# created by:
# /home/berkeley/.conda/envs/busco_data_prod/bin/msa2prfl.pl pipeline/OGs_align_augustus/33634/31474.fs
