[name]
unknown

[dist]
# distance from previous block
# <min> <max>
0	192

[block]
# block no. 0 follows, 46 sequences, length 54
# corresponding to MSA columns:
# 209-262
name=unknown_A
#
# <colnr> <probs for GDERKNQSTAVLIFYWHMCP>
#	G	D	E	R	K	N	Q	S	T	A	V	L	I	F	Y	W	H	M	C	P
0	0.00975	0.00644	0.00825	0.00782	0.00956	0.00600	0.02304	0.01243	0.06665	0.10493	0.16493	0.25428	0.13581	0.03403	0.00665	0.00191	0.00348	0.05827	0.03617	0.04960
1	0.01820	0.02336	0.05940	0.01291	0.01595	0.66205	0.01019	0.01995	0.01433	0.01377	0.00882	0.01028	0.00724	0.00538	0.00468	0.00134	0.00874	0.00351	0.05020	0.04969
2	0.00775	0.00755	0.05238	0.00720	0.00883	0.04651	0.00571	0.00962	0.01257	0.01638	0.29102	0.18314	0.26500	0.05367	0.00726	0.00195	0.00347	0.01032	0.00486	0.00483
3	0.01919	0.02373	0.01508	0.05968	0.01752	0.70701	0.01047	0.05912	0.01523	0.01403	0.00848	0.00996	0.00694	0.00548	0.00482	0.00140	0.00920	0.00355	0.00283	0.00626
4	0.00848	0.00662	0.00860	0.00867	0.05225	0.00656	0.00614	0.04910	0.01432	0.01988	0.52340	0.06804	0.13900	0.01072	0.00680	0.00173	0.04989	0.00918	0.00525	0.00534
5	0.59905	0.05645	0.01059	0.00813	0.01169	0.01276	0.00679	0.13825	0.01220	0.08882	0.00937	0.01004	0.00694	0.00526	0.00378	0.00160	0.00449	0.00338	0.00382	0.00659
6	0.00789	0.00635	0.00779	0.00797	0.05190	0.00582	0.00556	0.01075	0.05791	0.01847	0.40448	0.03923	0.29125	0.01077	0.00601	0.00166	0.00294	0.00929	0.00516	0.04879
7	0.00765	0.00687	0.05115	0.00821	0.00965	0.00574	0.00654	0.01007	0.05539	0.01487	0.02909	0.46124	0.11322	0.01401	0.00646	0.00204	0.00372	0.14092	0.00469	0.04848
8	0.71132	0.05723	0.00943	0.05209	0.01194	0.01208	0.00657	0.01520	0.00935	0.02207	0.00854	0.01154	0.00714	0.00541	0.00360	0.00165	0.00439	0.04144	0.00324	0.00575
9	0.01150	0.01114	0.01572	0.01426	0.05838	0.01486	0.01118	0.01266	0.00843	0.01306	0.00737	0.01185	0.00719	0.00916	0.01605	0.04589	0.67114	0.00455	0.00238	0.05324
10	0.00865	0.00624	0.00771	0.00709	0.00860	0.00608	0.00539	0.05518	0.05452	0.02187	0.65140	0.03578	0.04369	0.01010	0.00599	0.00164	0.00277	0.00883	0.05308	0.00539
11	0.01352	0.72422	0.02584	0.05532	0.01459	0.01948	0.00915	0.01536	0.01097	0.01300	0.05102	0.01056	0.00923	0.00492	0.00366	0.00120	0.00556	0.00332	0.00247	0.00663
12	0.01898	0.05919	0.01563	0.01147	0.01550	0.01552	0.00951	0.59096	0.09082	0.07014	0.01377	0.01360	0.00988	0.00632	0.00514	0.00157	0.00548	0.00480	0.03305	0.00867
13	0.85155	0.01022	0.00777	0.00695	0.01022	0.01186	0.00573	0.01554	0.00900	0.02372	0.00736	0.00859	0.00573	0.00491	0.00327	0.00164	0.00409	0.00286	0.00327	0.00573
14	0.01308	0.01256	0.02146	0.03245	0.78123	0.01256	0.01622	0.01622	0.01204	0.01727	0.00994	0.01308	0.00837	0.00471	0.00523	0.00157	0.00628	0.00471	0.00262	0.00837
15	0.01315	0.01136	0.01195	0.01076	0.01375	0.01315	0.00837	0.02809	0.77168	0.02211	0.02152	0.01972	0.01614	0.00717	0.00538	0.00179	0.00418	0.00598	0.00538	0.00837
16	0.01850	0.01407	0.01524	0.01202	0.01582	0.01585	0.00985	0.60235	0.14721	0.03038	0.01384	0.01379	0.01006	0.00664	0.00594	0.00166	0.04796	0.00495	0.00515	0.00872
17	0.00644	0.00462	0.00612	0.00731	0.00765	0.00430	0.00489	0.00737	0.01017	0.01351	0.02973	0.79228	0.05306	0.01649	0.00674	0.00214	0.00306	0.01493	0.00491	0.00430
18	0.00956	0.00696	0.00852	0.00756	0.00930	0.00687	0.00582	0.13435	0.01660	0.02320	0.65207	0.03507	0.04313	0.01007	0.00608	0.00165	0.00304	0.00877	0.00573	0.00565
19	0.01199	0.01070	0.01783	0.42256	0.32008	0.01208	0.01474	0.01516	0.01125	0.05601	0.01009	0.01378	0.00787	0.00534	0.00590	0.00171	0.04849	0.00473	0.00267	0.00700
20	0.01795	0.00974	0.01181	0.00967	0.01294	0.00970	0.00774	0.19317	0.10483	0.35279	0.10237	0.10789	0.01894	0.00815	0.00558	0.00170	0.00439	0.00681	0.00586	0.00796
21	0.00644	0.00460	0.00613	0.00736	0.00767	0.00429	0.00491	0.00736	0.01012	0.01350	0.02914	0.81076	0.03497	0.01656	0.00675	0.00215	0.00307	0.01503	0.00491	0.00429
22	0.02029	0.01450	0.01567	0.01202	0.01624	0.01593	0.00993	0.72429	0.02434	0.07336	0.01313	0.01297	0.00921	0.00636	0.00529	0.00159	0.00575	0.00479	0.00536	0.00899
23	0.01379	0.05926	0.01366	0.02916	0.01468	0.01361	0.02582	0.08921	0.59992	0.03560	0.03410	0.01856	0.01518	0.00690	0.00529	0.00173	0.00456	0.00572	0.00508	0.00819
24	0.01057	0.00981	0.01521	0.02715	0.04107	0.01100	0.14815	0.02539	0.12211	0.01672	0.10330	0.12952	0.03437	0.00953	0.00892	0.00200	0.19985	0.07528	0.00391	0.00614
25	0.05749	0.00523	0.00662	0.00739	0.00814	0.00498	0.00511	0.00901	0.01069	0.05520	0.08461	0.66274	0.03322	0.01491	0.00643	0.00205	0.00316	0.01338	0.00497	0.00468
26	0.02010	0.01481	0.01587	0.01216	0.01639	0.01639	0.01005	0.76360	0.02486	0.03332	0.01269	0.01269	0.00899	0.00635	0.00529	0.00159	0.00582	0.00476	0.00529	0.00899
27	0.01315	0.01136	0.01195	0.01076	0.01375	0.01315	0.00837	0.02809	0.77168	0.02211	0.02152	0.01972	0.01614	0.00717	0.00538	0.00179	0.00418	0.00598	0.00538	0.00837
28	0.02372	0.00900	0.01227	0.00941	0.01350	0.00777	0.00777	0.02576	0.01513	0.78489	0.02086	0.01799	0.01309	0.00654	0.00532	0.00164	0.00450	0.00532	0.00654	0.00900
29	0.02235	0.01120	0.01363	0.01045	0.01459	0.01103	0.00863	0.30505	0.01881	0.50041	0.01777	0.01599	0.01154	0.00647	0.00531	0.00162	0.00500	0.00511	0.00607	0.00899
30	0.00669	0.00474	0.00622	0.00731	0.00763	0.00448	0.00491	0.00759	0.00996	0.01326	0.02768	0.68400	0.03296	0.10559	0.00903	0.00250	0.00339	0.05314	0.00471	0.00420
31	0.01413	0.81739	0.02770	0.00905	0.01357	0.02092	0.00905	0.01583	0.01074	0.01244	0.00735	0.00848	0.00678	0.00452	0.00339	0.00113	0.00565	0.00283	0.00226	0.00678
32	0.01280	0.01227	0.02095	0.10242	0.71347	0.01249	0.01608	0.01598	0.01190	0.01693	0.00989	0.01318	0.00825	0.00476	0.00524	0.00159	0.00635	0.00471	0.00259	0.00815
33	0.01732	0.04851	0.01590	0.01273	0.01519	0.21821	0.01034	0.23045	0.01541	0.08758	0.01016	0.01181	0.00803	0.00700	0.00899	0.00175	0.26553	0.00433	0.00364	0.00712
34	0.01146	0.00996	0.01242	0.03077	0.10080	0.00829	0.00779	0.02818	0.05186	0.01769	0.01016	0.01178	0.00834	0.00426	0.00420	0.00097	0.00431	0.00353	0.00321	0.67000
35	0.01288	0.01576	0.13484	0.02052	0.02613	0.01289	0.61441	0.01743	0.01245	0.06240	0.01113	0.01405	0.00814	0.00466	0.00602	0.00176	0.00850	0.00586	0.00284	0.00734
36	0.01953	0.01555	0.06153	0.01234	0.01678	0.01615	0.01061	0.71936	0.02404	0.03234	0.01250	0.01260	0.00885	0.00627	0.00527	0.00159	0.00594	0.00471	0.00511	0.00892
37	0.01260	0.01226	0.02380	0.23497	0.19297	0.01242	0.35265	0.01637	0.01202	0.06157	0.01078	0.01418	0.00813	0.00486	0.00571	0.00172	0.00757	0.00543	0.00280	0.00717
38	0.01661	0.03431	0.10018	0.02815	0.02122	0.01239	0.32597	0.14247	0.01504	0.22899	0.01357	0.01456	0.00938	0.00541	0.00562	0.00168	0.00697	0.00540	0.00410	0.00799
39	0.00998	0.00940	0.01586	0.80150	0.03641	0.01175	0.01468	0.01351	0.01057	0.01351	0.00940	0.01409	0.00705	0.00529	0.00529	0.00176	0.00705	0.00470	0.00235	0.00587
40	0.85155	0.01022	0.00777	0.00695	0.01022	0.01186	0.00573	0.01554	0.00900	0.02372	0.00736	0.00859	0.00573	0.00491	0.00327	0.00164	0.00409	0.00286	0.00327	0.00573
41	0.00690	0.00557	0.00626	0.00661	0.00824	0.00493	0.00531	0.00855	0.01208	0.01472	0.04621	0.05339	0.56403	0.01374	0.00655	0.00197	0.00331	0.22215	0.00490	0.00458
42	0.01315	0.01136	0.01195	0.01076	0.01375	0.01315	0.00837	0.02809	0.77168	0.02211	0.02152	0.01972	0.01614	0.00717	0.00538	0.00179	0.00418	0.00598	0.00538	0.00837
43	0.00648	0.00466	0.00616	0.00735	0.00773	0.00434	0.00496	0.00745	0.01023	0.01357	0.02993	0.76823	0.05972	0.01641	0.00674	0.00214	0.00310	0.03158	0.00491	0.00431
44	0.01413	0.81739	0.02770	0.00905	0.01357	0.02092	0.00905	0.01583	0.01074	0.01244	0.00735	0.00848	0.00678	0.00452	0.00339	0.00113	0.00565	0.00283	0.00226	0.00678
45	0.00644	0.00460	0.00613	0.00736	0.00767	0.00429	0.00491	0.00736	0.01012	0.01350	0.02914	0.81076	0.03497	0.01656	0.00675	0.00215	0.00307	0.01503	0.00491	0.00429
46	0.85155	0.01022	0.00777	0.00695	0.01022	0.01186	0.00573	0.01554	0.00900	0.02372	0.00736	0.00859	0.00573	0.00491	0.00327	0.00164	0.00409	0.00286	0.00327	0.00573
47	0.00769	0.00513	0.00577	0.00577	0.00577	0.00513	0.00320	0.00769	0.00769	0.01025	0.01666	0.03460	0.01922	0.81421	0.02691	0.00513	0.00513	0.00769	0.00320	0.00320
48	0.02010	0.01481	0.01587	0.01216	0.01639	0.01639	0.01005	0.76360	0.02486	0.03332	0.01269	0.01269	0.00899	0.00635	0.00529	0.00159	0.00582	0.00476	0.00529	0.00899
49	0.06427	0.01110	0.01267	0.00998	0.01371	0.01146	0.00817	0.31985	0.06309	0.31598	0.01652	0.01565	0.01128	0.00637	0.00503	0.00158	0.00477	0.00496	0.09520	0.00835
50	0.00753	0.00506	0.00581	0.00597	0.00600	0.00502	0.00342	0.00765	0.00799	0.01066	0.01822	0.13173	0.02119	0.71438	0.02438	0.00475	0.00487	0.00861	0.00342	0.00334
51	0.01068	0.00905	0.01354	0.19578	0.03254	0.00983	0.10188	0.05259	0.15359	0.03423	0.03027	0.17853	0.03087	0.06080	0.04065	0.00232	0.00573	0.00766	0.02328	0.00617
52	0.00881	0.00648	0.00851	0.00851	0.00960	0.00658	0.02006	0.08171	0.01256	0.03235	0.14732	0.46366	0.04628	0.01363	0.00708	0.00202	0.04560	0.06920	0.00494	0.00513
53	0.01322	0.13082	0.06665	0.00946	0.01402	0.05994	0.00834	0.10901	0.01303	0.03229	0.01029	0.02557	0.00861	0.00492	0.00427	0.00110	0.00504	0.01556	0.00331	0.46456

[dist]
# distance from previous block
# <min> <max>
0	49

[block]
# block no. 1 follows, 46 sequences, length 51
# corresponding to MSA columns:
# 312-362
name=unknown_B
#
# <colnr> <probs for GDERKNQSTAVLIFYWHMCP>
#	G	D	E	R	K	N	Q	S	T	A	V	L	I	F	Y	W	H	M	C	P
0	0.03063	0.04214	0.08854	0.01347	0.10759	0.03720	0.04763	0.08678	0.07713	0.07783	0.02561	0.05230	0.01170	0.05138	0.04750	0.00209	0.05149	0.00523	0.00365	0.14011
1	0.00893	0.00579	0.00804	0.09662	0.01157	0.00569	0.00632	0.01045	0.01118	0.10084	0.09813	0.48566	0.06045	0.03074	0.03185	0.00225	0.00400	0.01164	0.00479	0.00506
2	0.01228	0.01387	0.02997	0.08468	0.02833	0.01324	0.70218	0.01666	0.01233	0.01666	0.01059	0.01425	0.00794	0.00452	0.00616	0.00178	0.00876	0.00612	0.00265	0.00703
3	0.00735	0.00531	0.00648	0.00651	0.00734	0.00509	0.00456	0.00867	0.01106	0.01487	0.25115	0.08720	0.15489	0.28635	0.07190	0.00344	0.00447	0.05470	0.00445	0.00423
4	0.01307	0.01121	0.01180	0.01063	0.01358	0.01296	0.00826	0.02774	0.75452	0.02206	0.02142	0.01972	0.01608	0.00715	0.00534	0.00178	0.00415	0.00595	0.02429	0.00829
5	0.00658	0.00475	0.00613	0.00706	0.00754	0.00441	0.00475	0.00761	0.01052	0.01399	0.09036	0.64603	0.09359	0.06048	0.00780	0.00225	0.00311	0.01388	0.00489	0.00430
6	0.00767	0.00537	0.00690	0.00651	0.00776	0.00498	0.00488	0.01016	0.01465	0.02108	0.71749	0.03791	0.04697	0.01044	0.00603	0.00163	0.00249	0.00919	0.07291	0.00498
7	0.01413	0.81739	0.02770	0.00905	0.01357	0.02092	0.00905	0.01583	0.01074	0.01244	0.00735	0.00848	0.00678	0.00452	0.00339	0.00113	0.00565	0.00283	0.00226	0.00678
8	0.00985	0.00493	0.00493	0.00493	0.00616	0.00493	0.00370	0.01232	0.01109	0.01971	0.01725	0.01971	0.01355	0.00616	0.00370	0.00123	0.00246	0.00493	0.84356	0.00493
9	0.01096	0.00940	0.01096	0.00783	0.01253	0.00705	0.00626	0.01331	0.01096	0.01723	0.00940	0.01096	0.00783	0.00392	0.00392	0.00078	0.00392	0.00313	0.00313	0.84653
10	0.85155	0.01022	0.00777	0.00695	0.01022	0.01186	0.00573	0.01554	0.00900	0.02372	0.00736	0.00859	0.00573	0.00491	0.00327	0.00164	0.00409	0.00286	0.00327	0.00573
11	0.01157	0.01157	0.01619	0.01388	0.01388	0.01619	0.01157	0.01272	0.00810	0.01272	0.00694	0.01157	0.00694	0.00925	0.01735	0.00231	0.80453	0.00463	0.00231	0.00578
12	0.05521	0.00970	0.01235	0.00964	0.01362	0.00904	0.00792	0.08463	0.07495	0.63495	0.01972	0.01733	0.01271	0.00651	0.00524	0.00164	0.00456	0.00523	0.00622	0.00882
13	0.02010	0.01481	0.01587	0.01216	0.01639	0.01639	0.01005	0.76360	0.02486	0.03332	0.01269	0.01269	0.00899	0.00635	0.00529	0.00159	0.00582	0.00476	0.00529	0.00899
14	0.00644	0.00460	0.00613	0.00736	0.00767	0.00429	0.00491	0.00736	0.01012	0.01350	0.02914	0.81076	0.03497	0.01656	0.00675	0.00215	0.00307	0.01503	0.00491	0.00429
15	0.00666	0.00525	0.00551	0.00558	0.00678	0.00464	0.00384	0.00760	0.01071	0.01310	0.04181	0.08881	0.52366	0.23889	0.01209	0.00275	0.00339	0.01040	0.00443	0.00410
16	0.01095	0.01046	0.01797	0.55609	0.24819	0.01203	0.04048	0.01440	0.01105	0.01470	0.00960	0.01381	0.00746	0.00509	0.00530	0.00171	0.00689	0.00475	0.00244	0.00663
17	0.01304	0.01182	0.01500	0.01258	0.01595	0.01318	0.12778	0.02632	0.65139	0.02129	0.01980	0.01886	0.01485	0.00674	0.00552	0.00179	0.00493	0.00602	0.00495	0.00817
18	0.00661	0.00537	0.00585	0.00573	0.00736	0.00462	0.00430	0.00828	0.01290	0.01629	0.26384	0.04757	0.56755	0.01264	0.00624	0.00175	0.00262	0.01069	0.00517	0.00462
19	0.00653	0.00513	0.00594	0.00649	0.00766	0.00454	0.00473	0.00783	0.01141	0.01429	0.06174	0.33692	0.42120	0.01461	0.00652	0.00197	0.00299	0.07013	0.00493	0.00445
20	0.67155	0.01088	0.00931	0.00792	0.01139	0.01234	0.00653	0.13466	0.01187	0.06962	0.00899	0.00979	0.00667	0.00523	0.00371	0.00163	0.00439	0.00331	0.00378	0.00643
21	0.71928	0.00970	0.00789	0.00698	0.01015	0.01098	0.00572	0.01608	0.00964	0.08304	0.00921	0.01022	0.00693	0.00514	0.00347	0.00160	0.00399	0.00322	0.07082	0.00592
22	0.01796	0.00912	0.01187	0.07262	0.01443	0.00886	0.00802	0.14622	0.01638	0.40517	0.20728	0.02214	0.02107	0.00747	0.00554	0.00164	0.00443	0.00623	0.00581	0.00775
23	0.01469	0.01245	0.02188	0.06679	0.02160	0.01303	0.34685	0.07814	0.07255	0.14441	0.01268	0.01472	0.00933	0.00601	0.00772	0.00183	0.13870	0.00558	0.00365	0.00738
24	0.00625	0.00536	0.00536	0.00536	0.00714	0.00446	0.00402	0.00759	0.01205	0.01428	0.05355	0.05088	0.77909	0.01339	0.00625	0.00179	0.00268	0.01116	0.00491	0.00446
25	0.00655	0.00539	0.00577	0.00574	0.00741	0.00461	0.00435	0.00813	0.01256	0.01554	0.17888	0.04921	0.62466	0.01298	0.00628	0.00179	0.00273	0.03777	0.00507	0.00457
26	0.01413	0.81739	0.02770	0.00905	0.01357	0.02092	0.00905	0.01583	0.01074	0.01244	0.00735	0.00848	0.00678	0.00452	0.00339	0.00113	0.00565	0.00283	0.00226	0.00678
27	0.01244	0.00773	0.00994	0.02400	0.01205	0.00780	0.00800	0.07401	0.09287	0.15518	0.07767	0.08247	0.03681	0.01147	0.00671	0.01954	0.00454	0.34533	0.00522	0.00623
28	0.01008	0.00599	0.00797	0.00756	0.00918	0.00551	0.00590	0.01232	0.01407	0.14108	0.46619	0.11404	0.05434	0.01127	0.00629	0.00182	0.00320	0.11197	0.00570	0.00553
29	0.00662	0.00485	0.00622	0.00697	0.00764	0.00445	0.00481	0.00790	0.01131	0.01509	0.17773	0.56335	0.13353	0.01504	0.00658	0.00201	0.00291	0.01347	0.00508	0.00445
30	0.00649	0.00468	0.00617	0.00731	0.00771	0.00435	0.00494	0.00749	0.01034	0.01372	0.04486	0.74973	0.06584	0.01628	0.00673	0.00213	0.00307	0.02891	0.00492	0.00433
31	0.00734	0.00536	0.00689	0.00660	0.00783	0.00491	0.00491	0.00966	0.01449	0.02028	0.68517	0.08252	0.10165	0.01131	0.00626	0.00170	0.00254	0.00998	0.00570	0.00491
32	0.00730	0.00537	0.00684	0.00660	0.00786	0.00491	0.00494	0.00957	0.01429	0.01984	0.63525	0.08440	0.13486	0.01151	0.00629	0.00172	0.00260	0.02532	0.00564	0.00488
33	0.01508	0.69023	0.02583	0.00954	0.01402	0.02020	0.00920	0.13431	0.01298	0.01575	0.00820	0.00915	0.00713	0.00481	0.00369	0.00120	0.00568	0.00313	0.00274	0.00713
34	0.01718	0.00756	0.00979	0.00793	0.01097	0.00664	0.00637	0.01939	0.01409	0.44911	0.16087	0.02256	0.03514	0.00726	0.00514	0.00152	0.00370	0.00603	0.15444	0.05430
35	0.00990	0.00866	0.01164	0.10714	0.01467	0.04022	0.08249	0.01469	0.15366	0.01798	0.27934	0.04379	0.04162	0.07975	0.03182	0.00223	0.00495	0.02279	0.02688	0.00579
36	0.01344	0.01392	0.08231	0.02947	0.66057	0.01284	0.01601	0.07483	0.01297	0.01849	0.01012	0.01290	0.00829	0.00486	0.00522	0.00158	0.00637	0.00465	0.00280	0.00838
37	0.73912	0.01027	0.00831	0.00738	0.01056	0.01179	0.00602	0.07370	0.01030	0.02390	0.00900	0.05379	0.00762	0.00567	0.00362	0.00166	0.00417	0.00369	0.00352	0.00590
38	0.00705	0.00514	0.00628	0.00658	0.00757	0.00468	0.00474	0.00820	0.01149	0.01500	0.19770	0.23836	0.27249	0.05896	0.00890	0.07857	0.00318	0.05605	0.00477	0.00429
39	0.01241	0.01470	0.05683	0.02204	0.02747	0.01333	0.73684	0.01693	0.01243	0.01693	0.01065	0.01416	0.00798	0.00448	0.00620	0.00178	0.00888	0.00616	0.00266	0.00715
40	0.01560	0.00884	0.01097	0.00909	0.01251	0.00810	0.00731	0.02005	0.15288	0.31146	0.03318	0.08305	0.01639	0.00764	0.00530	0.00157	0.00419	0.07559	0.00520	0.21106
41	0.01248	0.01426	0.03119	0.02228	0.02763	0.01337	0.76203	0.01693	0.01248	0.01693	0.01070	0.01426	0.00802	0.00446	0.00624	0.00178	0.00891	0.00624	0.00267	0.00713
42	0.01337	0.01147	0.01208	0.01080	0.01383	0.01325	0.00842	0.05132	0.74810	0.02247	0.02124	0.01950	0.01591	0.00715	0.00538	0.00179	0.00424	0.00594	0.00538	0.00839
43	0.01129	0.00680	0.00815	0.00737	0.00957	0.00629	0.00571	0.01453	0.09467	0.19044	0.22090	0.08000	0.28703	0.01074	0.00599	0.00176	0.00327	0.02392	0.00555	0.00603
44	0.01060	0.02735	0.78682	0.01507	0.02288	0.01228	0.01953	0.01674	0.01116	0.01674	0.00949	0.01116	0.00670	0.00502	0.00502	0.00167	0.00781	0.00391	0.00223	0.00781
45	0.01303	0.00799	0.00831	0.00717	0.00933	0.00848	0.00566	0.24489	0.01535	0.02392	0.01584	0.01754	0.01214	0.00622	0.00419	0.00134	0.00350	0.00488	0.58406	0.00619
46	0.00752	0.00538	0.00674	0.00747	0.00824	0.00527	0.00530	0.00992	0.07168	0.01547	0.09543	0.52464	0.04714	0.03558	0.00692	0.00210	0.00324	0.06651	0.07070	0.00475
47	0.00818	0.00547	0.00717	0.00703	0.00826	0.00503	0.00524	0.01029	0.01379	0.06194	0.53199	0.19550	0.06707	0.01196	0.00633	0.00179	0.00282	0.03947	0.00561	0.00505
48	0.00650	0.00496	0.00588	0.00647	0.00743	0.00441	0.00453	0.00758	0.01109	0.01410	0.07845	0.42516	0.34772	0.01498	0.00695	0.02888	0.00292	0.01278	0.00487	0.00434
49	0.25369	0.00928	0.01086	0.00861	0.01244	0.00883	0.00709	0.02219	0.01329	0.53238	0.03250	0.01560	0.01163	0.00609	0.00472	0.00161	0.00432	0.00465	0.00551	0.03470
50	0.01324	0.19288	0.44325	0.01261	0.01867	0.01388	0.01459	0.09843	0.01274	0.07602	0.01079	0.02484	0.00831	0.03116	0.00545	0.00166	0.00672	0.00417	0.00298	0.00761

[dist]
# distance from previous block
# <min> <max>
4	61

[block]
# block no. 2 follows, 46 sequences, length 10
# corresponding to MSA columns:
# 444-453
name=unknown_C
#
# <colnr> <probs for GDERKNQSTAVLIFYWHMCP>
#	G	D	E	R	K	N	Q	S	T	A	V	L	I	F	Y	W	H	M	C	P
0	0.12494	0.18532	0.07341	0.05017	0.01619	0.15650	0.03359	0.13012	0.04154	0.09449	0.02624	0.01199	0.00888	0.00550	0.00454	0.00148	0.00625	0.00401	0.00357	0.02128
1	0.01610	0.00789	0.00985	0.00821	0.01100	0.00740	0.00659	0.09922	0.01514	0.34708	0.17102	0.04605	0.06009	0.00819	0.00539	0.00162	0.00381	0.03147	0.13682	0.00708
2	0.01233	0.01100	0.05255	0.04867	0.01509	0.00912	0.02770	0.08441	0.04079	0.04888	0.01105	0.01326	0.00892	0.00496	0.00488	0.00114	0.03154	0.02299	0.00347	0.54725
3	0.00685	0.00541	0.00605	0.00619	0.00761	0.00480	0.00467	0.00833	0.01193	0.01490	0.13481	0.07226	0.49204	0.09380	0.00848	0.00220	0.00320	0.10717	0.00484	0.00445
4	0.00872	0.00568	0.00720	0.00674	0.00828	0.00511	0.00508	0.01087	0.01415	0.09118	0.53199	0.09259	0.16980	0.01124	0.00619	0.00171	0.00275	0.00981	0.00567	0.00523
5	0.13029	0.02994	0.01101	0.02429	0.01260	0.00898	0.00671	0.05401	0.06578	0.08471	0.01167	0.01261	0.00903	0.00485	0.00412	0.00115	0.00410	0.00373	0.06790	0.45255
6	0.00796	0.00547	0.00666	0.00636	0.00767	0.00515	0.00475	0.01045	0.03780	0.01949	0.50304	0.03603	0.13469	0.01069	0.00656	0.04534	0.00268	0.00867	0.13566	0.00488
7	0.02122	0.01147	0.01480	0.01131	0.01548	0.01137	0.06059	0.27996	0.05213	0.43840	0.01737	0.01598	0.01146	0.00636	0.00537	0.00164	0.00524	0.00522	0.00579	0.00884
8	0.01979	0.00869	0.01142	0.00903	0.01250	0.00789	0.00735	0.08552	0.01593	0.55038	0.18887	0.02233	0.02093	0.00748	0.00552	0.00164	0.00417	0.00621	0.00627	0.00810
9	0.16447	0.00888	0.01089	0.05050	0.04713	0.00896	0.02833	0.07980	0.01336	0.26080	0.03424	0.01927	0.04638	0.00667	0.00480	0.00160	0.00436	0.03437	0.16827	0.00693

[dist]
# distance from previous block
# <min> <max>
26	99

[block]
# block no. 3 follows, 46 sequences, length 42
# corresponding to MSA columns:
# 575-616
name=unknown_D
#
# <colnr> <probs for GDERKNQSTAVLIFYWHMCP>
#	G	D	E	R	K	N	Q	S	T	A	V	L	I	F	Y	W	H	M	C	P
0	0.08229	0.14944	0.07226	0.01131	0.03699	0.06100	0.00969	0.23176	0.10521	0.09086	0.01258	0.01340	0.00956	0.00580	0.00470	0.00149	0.00556	0.01778	0.00411	0.07421
1	0.52589	0.04471	0.06571	0.05212	0.04569	0.01253	0.00844	0.07940	0.01116	0.07340	0.00907	0.01032	0.00683	0.00528	0.00434	0.00164	0.03004	0.00349	0.00344	0.00653
2	0.01272	0.09843	0.01335	0.03963	0.01376	0.05397	0.00737	0.04331	0.01193	0.05862	0.02570	0.01200	0.00894	0.00468	0.00443	0.00103	0.02244	0.00357	0.02526	0.53885
3	0.00718	0.00491	0.00591	0.00641	0.00653	0.00479	0.00389	0.00756	0.00867	0.01156	0.02170	0.34801	0.02558	0.49212	0.01877	0.00392	0.00429	0.01065	0.00389	0.00364
4	0.02460	0.00712	0.00934	0.06519	0.01121	0.00829	0.00690	0.06374	0.01027	0.01529	0.03830	0.02112	0.01383	0.14989	0.29810	0.00473	0.09982	0.00569	0.14154	0.00504
5	0.00749	0.00515	0.00635	0.00670	0.00696	0.00519	0.00434	0.00808	0.00865	0.01159	0.01992	0.19288	0.02279	0.50724	0.09668	0.00462	0.00558	0.07243	0.00366	0.00372
6	0.02069	0.00968	0.01269	0.00997	0.01372	0.00909	0.02474	0.15260	0.01660	0.53262	0.08151	0.02097	0.01619	0.00724	0.00551	0.00168	0.00468	0.04530	0.00609	0.00841
7	0.00696	0.00539	0.00638	0.00620	0.00760	0.00490	0.00462	0.00879	0.01286	0.01698	0.36688	0.04274	0.36480	0.04781	0.07144	0.00242	0.00364	0.00986	0.00507	0.00466
8	0.01413	0.81739	0.02770	0.00905	0.01357	0.02092	0.00905	0.01583	0.01074	0.01244	0.00735	0.00848	0.00678	0.00452	0.00339	0.00113	0.00565	0.00283	0.00226	0.00678
9	0.01157	0.01157	0.01619	0.01388	0.01388	0.01619	0.01157	0.01272	0.00810	0.01272	0.00694	0.01157	0.00694	0.00925	0.01735	0.00231	0.80453	0.00463	0.00231	0.00578
10	0.03556	0.00560	0.00565	0.00547	0.00689	0.00573	0.00415	0.05252	0.01172	0.02031	0.01718	0.05064	0.01393	0.00655	0.00389	0.00130	0.00272	0.00526	0.73979	0.00514
11	0.00769	0.00513	0.00577	0.00577	0.00577	0.00513	0.00320	0.00769	0.00769	0.01025	0.01666	0.03460	0.01922	0.81421	0.02691	0.00513	0.00513	0.00769	0.00320	0.00320
12	0.01676	0.01060	0.01401	0.01062	0.01475	0.00991	0.07001	0.11355	0.07603	0.27932	0.01467	0.01457	0.01041	0.00567	0.00549	0.00141	0.04153	0.00463	0.00467	0.28140
13	0.00676	0.00523	0.00618	0.00638	0.00765	0.00465	0.00470	0.00840	0.01251	0.01627	0.26726	0.21891	0.35911	0.01337	0.00640	0.00186	0.00280	0.04178	0.00518	0.00460
14	0.01253	0.01072	0.01756	0.34213	0.23958	0.01125	0.06542	0.03363	0.01189	0.07883	0.01066	0.01369	0.00813	0.00501	0.00516	0.00157	0.00631	0.00465	0.00296	0.11832
15	0.85155	0.01022	0.00777	0.00695	0.01022	0.01186	0.00573	0.01554	0.00900	0.02372	0.00736	0.00859	0.00573	0.00491	0.00327	0.00164	0.00409	0.00286	0.00327	0.00573
16	0.01373	0.01459	0.02058	0.05759	0.18975	0.15504	0.22364	0.05785	0.01303	0.01671	0.05145	0.01564	0.01078	0.00611	0.00703	0.00173	0.10400	0.03085	0.00300	0.00691
17	0.85155	0.01022	0.00777	0.00695	0.01022	0.01186	0.00573	0.01554	0.00900	0.02372	0.00736	0.00859	0.00573	0.00491	0.00327	0.00164	0.00409	0.00286	0.00327	0.00573
18	0.01288	0.01083	0.01138	0.01028	0.01313	0.01248	0.00799	0.02680	0.70951	0.02192	0.02117	0.01972	0.01593	0.00709	0.00524	0.00175	0.00404	0.00589	0.07389	0.00809
19	0.00730	0.00540	0.00681	0.00645	0.00778	0.00491	0.00484	0.00961	0.01452	0.02015	0.66857	0.04122	0.16040	0.01120	0.00624	0.00168	0.00252	0.00980	0.00568	0.00491
20	0.00691	0.00485	0.00635	0.00729	0.00787	0.00456	0.00512	0.00823	0.01096	0.01494	0.11704	0.59648	0.05465	0.01509	0.00656	0.00206	0.00310	0.07346	0.05000	0.00446
21	0.01315	0.01136	0.01195	0.01076	0.01375	0.01315	0.00837	0.02809	0.77168	0.02211	0.02152	0.01972	0.01614	0.00717	0.00538	0.00179	0.00418	0.00598	0.00538	0.00837
22	0.85155	0.01022	0.00777	0.00695	0.01022	0.01186	0.00573	0.01554	0.00900	0.02372	0.00736	0.00859	0.00573	0.00491	0.00327	0.00164	0.00409	0.00286	0.00327	0.00573
23	0.01315	0.01136	0.01195	0.01076	0.01375	0.01315	0.00837	0.02809	0.77168	0.02211	0.02152	0.01972	0.01614	0.00717	0.00538	0.00179	0.00418	0.00598	0.00538	0.00837
24	0.00848	0.00549	0.00699	0.00659	0.00794	0.00512	0.00500	0.01095	0.01432	0.04983	0.61571	0.03634	0.04256	0.01007	0.00586	0.00162	0.00263	0.02995	0.12942	0.00513
25	0.00680	0.00508	0.00727	0.00791	0.00852	0.00474	0.03651	0.00802	0.01070	0.01441	0.10295	0.70075	0.03533	0.01548	0.00668	0.00208	0.00325	0.01412	0.00490	0.00448
26	0.04228	0.01426	0.05606	0.12321	0.01873	0.07926	0.01061	0.36194	0.06693	0.15363	0.01346	0.01377	0.00946	0.00609	0.00518	0.00162	0.00604	0.00471	0.00465	0.00811
27	0.85155	0.01022	0.00777	0.00695	0.01022	0.01186	0.00573	0.01554	0.00900	0.02372	0.00736	0.00859	0.00573	0.00491	0.00327	0.00164	0.00409	0.00286	0.00327	0.00573
28	0.01715	0.01391	0.10739	0.07291	0.10041	0.01253	0.07943	0.23664	0.07442	0.20957	0.01427	0.01463	0.00997	0.00588	0.00535	0.00165	0.00602	0.00501	0.00450	0.00834
29	0.00827	0.00539	0.00675	0.00674	0.00801	0.00489	0.00492	0.01006	0.01279	0.07318	0.32825	0.27192	0.16639	0.01242	0.00618	0.00180	0.00284	0.01092	0.05330	0.00498
30	0.03344	0.01349	0.03116	0.11566	0.19253	0.08673	0.06308	0.17086	0.03193	0.14453	0.01212	0.01361	0.00894	0.00579	0.00594	0.00165	0.05216	0.00477	0.00383	0.00778
31	0.00846	0.00680	0.00983	0.03567	0.04357	0.00649	0.05463	0.01161	0.04749	0.02002	0.57035	0.05839	0.05355	0.00975	0.00605	0.00166	0.00337	0.00877	0.00519	0.03834
32	0.35769	0.05504	0.01325	0.01102	0.01415	0.41014	0.03685	0.01844	0.01226	0.01745	0.00790	0.00928	0.00641	0.00515	0.00415	0.00148	0.00712	0.00327	0.00292	0.00603
33	0.01424	0.56814	0.12116	0.01123	0.01621	0.01831	0.08323	0.05023	0.01180	0.04980	0.00880	0.01000	0.00728	0.00475	0.00404	0.00131	0.00619	0.00349	0.00263	0.00715
34	0.01117	0.06207	0.27960	0.01098	0.01515	0.01019	0.01143	0.06544	0.08695	0.05972	0.09130	0.10220	0.06730	0.00873	0.00563	0.00179	0.00537	0.09413	0.00407	0.00677
35	0.00679	0.00516	0.00625	0.00643	0.00759	0.00462	0.00465	0.00847	0.01267	0.01681	0.33466	0.25896	0.28123	0.01325	0.00638	0.00184	0.00271	0.01161	0.00527	0.00462
36	0.01233	0.02363	0.63193	0.01389	0.02074	0.01148	0.01708	0.04076	0.01182	0.10490	0.01087	0.01226	0.00763	0.00595	0.00590	0.04697	0.00720	0.00413	0.00283	0.00769
37	0.00690	0.00495	0.00602	0.00661	0.00711	0.00465	0.00436	0.00773	0.00997	0.01310	0.06945	0.40492	0.13738	0.25855	0.01280	0.00298	0.00365	0.03040	0.00444	0.00404
38	0.01018	0.00855	0.01011	0.00771	0.01164	0.00657	0.00602	0.01233	0.01103	0.01689	0.04743	0.12321	0.01352	0.00599	0.00441	0.00101	0.00373	0.00508	0.00350	0.69108
39	0.06257	0.01262	0.10193	0.05316	0.01601	0.01115	0.03137	0.17399	0.10398	0.09151	0.01585	0.01831	0.04931	0.00662	0.00541	0.00158	0.02539	0.05262	0.00419	0.16241
40	0.00682	0.00502	0.00638	0.00712	0.00785	0.00457	0.00490	0.00793	0.01056	0.01407	0.07172	0.58950	0.10938	0.05807	0.00764	0.00219	0.00320	0.03534	0.00478	0.04296
41	0.49716	0.01066	0.01240	0.11020	0.01596	0.01223	0.07895	0.03546	0.01031	0.07841	0.00905	0.01094	0.00687	0.00551	0.00543	0.00173	0.08539	0.00383	0.00330	0.00621

[dist]
# distance from previous block
# <min> <max>
0	1

[block]
# block no. 4 follows, 46 sequences, length 29
# corresponding to MSA columns:
# 618-646
name=unknown_E
#
# <colnr> <probs for GDERKNQSTAVLIFYWHMCP>
#	G	D	E	R	K	N	Q	S	T	A	V	L	I	F	Y	W	H	M	C	P
0	0.00918	0.00725	0.03419	0.00952	0.06710	0.00653	0.00665	0.01236	0.09116	0.06972	0.18858	0.29858	0.13890	0.02730	0.00654	0.00192	0.00354	0.01041	0.00497	0.00562
1	0.01222	0.05726	0.19828	0.07893	0.08357	0.01241	0.13950	0.01930	0.21482	0.04816	0.07010	0.01659	0.01306	0.00596	0.00538	0.00169	0.00620	0.00540	0.00362	0.00752
2	0.01222	0.01029	0.01651	0.30188	0.32440	0.01113	0.01327	0.01611	0.06161	0.07146	0.06593	0.01636	0.01188	0.00570	0.00528	0.00165	0.00587	0.00518	0.03612	0.00715
3	0.01292	0.01233	0.02071	0.07341	0.70473	0.01254	0.01577	0.01663	0.04744	0.01729	0.01045	0.01345	0.00866	0.00486	0.00524	0.00159	0.00622	0.00477	0.00273	0.00824
4	0.00732	0.00540	0.00684	0.00648	0.00780	0.00492	0.00486	0.00966	0.01458	0.02030	0.68386	0.04098	0.14503	0.01114	0.00624	0.00168	0.00252	0.00977	0.00570	0.00492
5	0.01308	0.01256	0.02146	0.03245	0.78123	0.01256	0.01622	0.01622	0.01204	0.01727	0.00994	0.01308	0.00837	0.00471	0.00523	0.00157	0.00628	0.00471	0.00262	0.00837
6	0.13063	0.01349	0.01406	0.01121	0.01506	0.01505	0.00921	0.54822	0.11439	0.03008	0.01355	0.01451	0.01012	0.00652	0.00509	0.00165	0.00535	0.02844	0.00502	0.00834
7	0.00697	0.00527	0.00657	0.00740	0.00844	0.00486	0.00566	0.00846	0.01132	0.01441	0.03657	0.35416	0.27032	0.01499	0.00675	0.00211	0.00346	0.22286	0.00490	0.00451
8	0.01248	0.01426	0.03119	0.02228	0.02763	0.01337	0.76203	0.01693	0.01248	0.01693	0.01070	0.01426	0.00802	0.00446	0.00624	0.00178	0.00891	0.00624	0.00267	0.00713
9	0.01027	0.00714	0.00974	0.01061	0.05628	0.00711	0.00833	0.06826	0.01384	0.06028	0.17767	0.04701	0.03052	0.01219	0.00670	0.00212	0.00452	0.45671	0.00505	0.00563
10	0.00768	0.00514	0.00585	0.00585	0.00588	0.00517	0.00331	0.00774	0.00771	0.01031	0.01658	0.03417	0.01903	0.79014	0.05072	0.00523	0.00541	0.00762	0.00319	0.00325
11	0.01158	0.01126	0.01844	0.29187	0.28771	0.01330	0.04110	0.01436	0.01047	0.01472	0.00896	0.01306	0.00751	0.00614	0.00860	0.00185	0.22513	0.00474	0.00244	0.00676
12	0.01205	0.01158	0.04871	0.31707	0.18523	0.01183	0.13603	0.03231	0.07319	0.05351	0.05665	0.01590	0.01106	0.00558	0.00549	0.00171	0.00658	0.00534	0.00317	0.00704
13	0.01485	0.08005	0.09633	0.05147	0.09961	0.10058	0.09585	0.14563	0.01433	0.06413	0.01055	0.01208	0.00807	0.00503	0.00487	0.00140	0.00641	0.00422	0.00335	0.18119
14	0.00935	0.00629	0.00787	0.00718	0.00882	0.00600	0.00552	0.05571	0.03096	0.06553	0.59739	0.03641	0.07068	0.01023	0.00603	0.00167	0.00290	0.02694	0.03902	0.00550
15	0.03247	0.13223	0.14811	0.05539	0.08520	0.07983	0.07564	0.08411	0.12108	0.06610	0.01237	0.02859	0.00973	0.02143	0.00539	0.00164	0.00635	0.00472	0.00346	0.02616
16	0.01277	0.01153	0.08227	0.18087	0.13131	0.01100	0.02718	0.13459	0.04631	0.06579	0.04622	0.01831	0.05491	0.03532	0.00634	0.00177	0.02945	0.00546	0.09167	0.00692
17	0.01369	0.00668	0.00810	0.00696	0.00948	0.00586	0.00550	0.01561	0.01336	0.31135	0.10717	0.03178	0.28104	0.00926	0.00545	0.00162	0.00332	0.00769	0.14973	0.00633
18	0.01438	0.01103	0.04419	0.08567	0.08822	0.01036	0.17445	0.07375	0.05663	0.19720	0.06272	0.02114	0.08829	0.00765	0.02506	0.00188	0.00601	0.01976	0.00432	0.00731
19	0.01304	0.01303	0.02609	0.02088	0.10886	0.01267	0.52547	0.01733	0.04199	0.06145	0.01175	0.01469	0.00890	0.00506	0.00651	0.00175	0.05127	0.00585	0.04619	0.00724
20	0.85155	0.01022	0.00777	0.00695	0.01022	0.01186	0.00573	0.01554	0.00900	0.02372	0.00736	0.00859	0.00573	0.00491	0.00327	0.00164	0.00409	0.00286	0.00327	0.00573
21	0.01393	0.77082	0.07245	0.00940	0.01412	0.02041	0.00966	0.01588	0.01077	0.01269	0.00748	0.00864	0.00678	0.00455	0.00349	0.00116	0.00578	0.00289	0.00226	0.00684
22	0.00998	0.00940	0.01586	0.80150	0.03641	0.01175	0.01468	0.01351	0.01057	0.01351	0.00940	0.01409	0.00705	0.00529	0.00529	0.00176	0.00705	0.00470	0.00235	0.00587
23	0.01479	0.00702	0.00941	0.00789	0.01042	0.00624	0.00624	0.01708	0.01504	0.36502	0.43737	0.02981	0.03332	0.00889	0.00582	0.00165	0.00340	0.00765	0.00615	0.00679
24	0.70526	0.01001	0.00856	0.00739	0.01080	0.01114	0.00609	0.01735	0.01008	0.15823	0.00975	0.01025	0.00703	0.00520	0.00363	0.00164	0.00416	0.00330	0.00385	0.00630
25	0.00680	0.00526	0.00617	0.00636	0.00763	0.00469	0.00469	0.00840	0.01235	0.01600	0.24636	0.19261	0.36747	0.03981	0.00708	0.00197	0.00291	0.05377	0.00510	0.00456
26	0.01032	0.00668	0.00915	0.26632	0.03347	0.00740	0.00774	0.01308	0.01104	0.04271	0.01502	0.04306	0.01198	0.00619	0.00440	0.00146	0.00413	0.00518	0.49524	0.00543
27	0.00721	0.00518	0.00678	0.00681	0.00777	0.00481	0.00491	0.00921	0.01345	0.01881	0.55540	0.24545	0.04498	0.03639	0.00699	0.00190	0.00273	0.01097	0.00550	0.00475
28	0.01830	0.01522	0.01551	0.01267	0.01591	0.19890	0.06121	0.19900	0.11427	0.17683	0.01359	0.01390	0.00992	0.00650	0.00670	0.00167	0.10298	0.00479	0.00441	0.00771

[dist]
# distance from previous block
# <min> <max>
1	11

[block]
# block no. 5 follows, 46 sequences, length 12
# corresponding to MSA columns:
# 658-669
name=unknown_F
#
# <colnr> <probs for GDERKNQSTAVLIFYWHMCP>
#	G	D	E	R	K	N	Q	S	T	A	V	L	I	F	Y	W	H	M	C	P
0	0.01426	0.63968	0.02373	0.00896	0.01286	0.06116	0.00840	0.01577	0.01088	0.05459	0.00916	0.01194	0.00850	0.09396	0.00617	0.00161	0.00575	0.00353	0.00263	0.00647
1	0.06591	0.09895	0.01398	0.00935	0.01354	0.01039	0.00787	0.11129	0.01492	0.46408	0.01610	0.01484	0.01079	0.00585	0.00480	0.00146	0.00468	0.00455	0.00528	0.12137
2	0.12733	0.06896	0.01503	0.01505	0.19902	0.03530	0.00978	0.17048	0.09905	0.09566	0.01508	0.01647	0.05288	0.05013	0.00610	0.00178	0.00527	0.00502	0.00408	0.00753
3	0.01242	0.01023	0.05084	0.03184	0.18162	0.03861	0.03852	0.05118	0.05325	0.12465	0.03764	0.29054	0.01972	0.02626	0.00626	0.00188	0.00499	0.00858	0.00431	0.00668
4	0.05516	0.00569	0.00710	0.00744	0.00861	0.00544	0.00559	0.01007	0.01180	0.05810	0.19384	0.30803	0.10196	0.05701	0.00752	0.00216	0.00347	0.14115	0.00501	0.00484
5	0.01060	0.02735	0.78682	0.01507	0.02288	0.01228	0.01953	0.01674	0.01116	0.01674	0.00949	0.01116	0.00670	0.00502	0.00502	0.00167	0.00781	0.00391	0.00223	0.00781
6	0.00998	0.00940	0.01586	0.80150	0.03641	0.01175	0.01468	0.01351	0.01057	0.01351	0.00940	0.01409	0.00705	0.00529	0.00529	0.00176	0.00705	0.00470	0.00235	0.00587
7	0.63025	0.01017	0.00907	0.00774	0.01120	0.01124	0.00636	0.04123	0.03973	0.17440	0.01073	0.01100	0.00768	0.00536	0.00382	0.00164	0.00423	0.00352	0.00406	0.00657
8	0.00869	0.00813	0.09314	0.00802	0.01000	0.00619	0.00683	0.01142	0.05423	0.05432	0.26147	0.19435	0.13830	0.03526	0.00755	0.04803	0.00371	0.04029	0.00481	0.00526
9	0.01637	0.00726	0.00952	0.00795	0.01072	0.00641	0.00631	0.01843	0.01418	0.43600	0.19586	0.07830	0.07983	0.00866	0.00555	0.00165	0.00363	0.00733	0.07895	0.00708
10	0.01252	0.00702	0.00821	0.00721	0.00944	0.00676	0.00563	0.05255	0.07963	0.18342	0.20045	0.02825	0.13625	0.00850	0.00524	0.00157	0.00325	0.00710	0.23078	0.00624
11	0.04949	0.01209	0.01319	0.01082	0.01431	0.01331	0.00869	0.33303	0.29390	0.12195	0.01653	0.01594	0.01199	0.00727	0.00609	0.04778	0.00492	0.00519	0.00524	0.00827

[dist]
# distance from previous block
# <min> <max>
1	7

[block]
# block no. 6 follows, 46 sequences, length 17
# corresponding to MSA columns:
# 677-693
name=unknown_G
#
# <colnr> <probs for GDERKNQSTAVLIFYWHMCP>
#	G	D	E	R	K	N	Q	S	T	A	V	L	I	F	Y	W	H	M	C	P
0	0.47744	0.02695	0.02736	0.03629	0.13654	0.01299	0.04248	0.07769	0.01100	0.02153	0.00843	0.01038	0.00671	0.00538	0.00527	0.00168	0.07846	0.00370	0.00315	0.00655
1	0.08910	0.01333	0.01434	0.01123	0.01524	0.01457	0.00923	0.53280	0.09531	0.12982	0.01418	0.01373	0.00995	0.00633	0.00513	0.00162	0.00534	0.00479	0.00529	0.00866
2	0.00713	0.00515	0.00679	0.00724	0.00813	0.00481	0.00532	0.00893	0.01256	0.01718	0.35898	0.35558	0.07021	0.01368	0.00657	0.00195	0.00301	0.09679	0.00530	0.00467
3	0.03424	0.01072	0.01505	0.09467	0.09401	0.01061	0.08773	0.11203	0.09907	0.09988	0.08666	0.01647	0.01345	0.00583	0.00512	0.00148	0.00520	0.00514	0.00410	0.19853
4	0.03690	0.00754	0.00900	0.03946	0.01066	0.00762	0.00606	0.10595	0.04471	0.04804	0.05420	0.15508	0.01843	0.20679	0.06426	0.04498	0.00509	0.00732	0.02321	0.10470
5	0.00831	0.00611	0.00747	0.00722	0.00859	0.00592	0.00539	0.04811	0.06309	0.01865	0.39205	0.14722	0.14967	0.01224	0.00732	0.06476	0.00312	0.03451	0.00520	0.00503
6	0.01450	0.01259	0.01730	0.15066	0.20544	0.04032	0.07091	0.18615	0.16657	0.04347	0.01351	0.03195	0.01047	0.00598	0.00538	0.00167	0.00609	0.00529	0.00390	0.00784
7	0.19779	0.01390	0.04851	0.04316	0.01666	0.14555	0.12969	0.05559	0.03849	0.17695	0.02766	0.01348	0.00946	0.00613	0.00575	0.03141	0.02453	0.00456	0.00384	0.00691
8	0.13170	0.00730	0.00888	0.00773	0.01021	0.00688	0.00606	0.01630	0.01341	0.30414	0.25685	0.12372	0.04529	0.00906	0.00548	0.00170	0.00354	0.00765	0.02763	0.00648
9	0.00699	0.00530	0.00620	0.00619	0.00757	0.00473	0.00462	0.00883	0.01297	0.01724	0.33719	0.12289	0.35628	0.01241	0.00622	0.00177	0.00270	0.03357	0.04166	0.00469
10	0.04357	0.00693	0.00874	0.00764	0.01004	0.00623	0.00596	0.01585	0.01333	0.32689	0.17216	0.11071	0.15273	0.04590	0.00671	0.00189	0.00364	0.02957	0.02513	0.00639
11	0.01050	0.04031	0.01292	0.17607	0.01727	0.00828	0.07682	0.01288	0.01158	0.07868	0.10143	0.22470	0.01986	0.00857	0.00551	0.00162	0.00477	0.00774	0.00393	0.17657
12	0.00735	0.00534	0.00692	0.00664	0.00785	0.00491	0.00494	0.00968	0.01448	0.02033	0.69106	0.09652	0.08146	0.01135	0.00627	0.00170	0.00254	0.01003	0.00571	0.00491
13	0.01243	0.01214	0.04001	0.36307	0.09326	0.05866	0.01306	0.06720	0.08048	0.03150	0.01044	0.01363	0.00820	0.00630	0.00766	0.00182	0.16584	0.00472	0.00295	0.00666
14	0.04184	0.01163	0.02052	0.26540	0.34104	0.01215	0.15412	0.01566	0.01161	0.03667	0.01010	0.01353	0.00792	0.00487	0.00533	0.00165	0.00682	0.00490	0.00269	0.03156
15	0.00779	0.00554	0.00677	0.00638	0.00790	0.00495	0.00481	0.00992	0.01410	0.05083	0.53094	0.04199	0.26570	0.01140	0.00620	0.00170	0.00263	0.00986	0.00558	0.00500
16	0.04673	0.00967	0.01403	0.40817	0.07196	0.01047	0.01133	0.06528	0.01223	0.07128	0.05313	0.01556	0.02613	0.00562	0.00503	0.00154	0.00571	0.00479	0.00328	0.15807

[dist]
# distance from previous block
# <min> <max>
8	21

[block]
# block no. 7 follows, 46 sequences, length 22
# corresponding to MSA columns:
# 719-740
name=unknown_H
#
# <colnr> <probs for GDERKNQSTAVLIFYWHMCP>
#	G	D	E	R	K	N	Q	S	T	A	V	L	I	F	Y	W	H	M	C	P
0	0.67688	0.03022	0.04304	0.02765	0.05495	0.01206	0.00733	0.03424	0.00981	0.02255	0.00785	0.00927	0.00613	0.00490	0.00358	0.00159	0.00452	0.00311	0.00319	0.03713
1	0.19294	0.03563	0.03112	0.06232	0.01499	0.01113	0.00850	0.12207	0.09389	0.35147	0.01556	0.01478	0.01057	0.00606	0.00483	0.00164	0.00484	0.00465	0.00506	0.00794
2	0.01251	0.01176	0.01913	0.11581	0.57152	0.01229	0.01469	0.01706	0.10334	0.01722	0.01146	0.01433	0.00937	0.00656	0.03884	0.00191	0.00645	0.00490	0.00293	0.00793
3	0.00791	0.00515	0.00608	0.00609	0.00671	0.00509	0.00405	0.00911	0.01012	0.01468	0.16651	0.08965	0.04820	0.36343	0.07396	0.00365	0.00456	0.00803	0.16291	0.00411
4	0.01157	0.01157	0.01619	0.01388	0.01388	0.01619	0.01157	0.01272	0.00810	0.01272	0.00694	0.01157	0.00694	0.00925	0.01735	0.00231	0.80453	0.00463	0.00231	0.00578
5	0.01135	0.00650	0.00824	0.00738	0.00943	0.00591	0.00575	0.02734	0.02782	0.19563	0.39414	0.06329	0.16532	0.01048	0.00605	0.00173	0.00319	0.03876	0.00574	0.00592
6	0.01613	0.01284	0.01363	0.01136	0.01488	0.01454	0.00909	0.34399	0.45092	0.02693	0.01773	0.01670	0.01307	0.00682	0.00534	0.00170	0.00489	0.00545	0.00534	0.00864
7	0.00729	0.00544	0.00680	0.00668	0.00791	0.00503	0.00492	0.00972	0.03461	0.01901	0.53395	0.15949	0.15550	0.01198	0.00629	0.00176	0.00266	0.01054	0.00553	0.00490
8	0.82181	0.01076	0.00803	0.00719	0.01044	0.03979	0.00589	0.01574	0.00921	0.02333	0.00739	0.00862	0.00576	0.00493	0.00333	0.00163	0.00428	0.00288	0.00325	0.00574
9	0.01207	0.01244	0.01583	0.01369	0.01391	0.07608	0.01129	0.01323	0.00868	0.01276	0.00762	0.03245	0.00767	0.00915	0.01609	0.00224	0.72181	0.00481	0.00241	0.00577
10	0.06140	0.01306	0.09605	0.01107	0.01473	0.01260	0.00970	0.16637	0.30067	0.13909	0.03564	0.01720	0.03036	0.00693	0.00605	0.00174	0.05907	0.00536	0.00488	0.00803
11	0.01315	0.01136	0.01195	0.01076	0.01375	0.01315	0.00837	0.02809	0.77168	0.02211	0.02152	0.01972	0.01614	0.00717	0.00538	0.00179	0.00418	0.00598	0.00538	0.00837
12	0.00885	0.00631	0.00775	0.00713	0.00878	0.00605	0.00543	0.03059	0.08137	0.05339	0.58415	0.03738	0.12142	0.01047	0.00610	0.00168	0.00283	0.00912	0.00570	0.00550
13	0.00786	0.00587	0.00760	0.00803	0.00945	0.00545	0.00652	0.00993	0.01233	0.01639	0.17399	0.15299	0.14719	0.01324	0.00663	0.00204	0.00377	0.34402	0.00494	0.06176
14	0.08235	0.00908	0.01195	0.00923	0.01326	0.00806	0.00763	0.02504	0.01470	0.73098	0.01990	0.01733	0.01256	0.00643	0.00517	0.00164	0.00447	0.00514	0.00631	0.00877
15	0.01210	0.01081	0.01358	0.04348	0.14654	0.03030	0.03562	0.02154	0.42689	0.02013	0.12975	0.03891	0.01957	0.00741	0.00555	0.00174	0.00468	0.01919	0.00468	0.00753
16	0.01539	0.00721	0.00932	0.00791	0.01055	0.00649	0.00627	0.01786	0.03771	0.38133	0.21033	0.07074	0.09484	0.00891	0.00561	0.00167	0.00358	0.02070	0.07669	0.00690
17	0.01301	0.01064	0.01164	0.01040	0.01317	0.01217	0.00814	0.05583	0.59261	0.04957	0.04726	0.02066	0.03393	0.00992	0.06597	0.00230	0.02366	0.00609	0.00516	0.00787
