[name]
unknown

[dist]
# distance from previous block
# <min> <max>
2	420

[block]
# block no. 0 follows, 49 sequences, length 22
# corresponding to MSA columns:
# 599-620
name=unknown_A
#
# <colnr> <probs for GDERKNQSTAVLIFYWHMCP>
#	G	D	E	R	K	N	Q	S	T	A	V	L	I	F	Y	W	H	M	C	P
0	0.00644	0.00478	0.00642	0.00740	0.00768	0.00476	0.00506	0.00734	0.00957	0.01287	0.02665	0.77255	0.03190	0.01544	0.00704	0.00206	0.04950	0.01380	0.00455	0.00419
1	0.01045	0.00709	0.00873	0.00813	0.00918	0.05228	0.00608	0.02161	0.00912	0.10317	0.01422	0.02013	0.04187	0.12966	0.29317	0.18719	0.06487	0.00542	0.00313	0.00450
2	0.02800	0.13419	0.16081	0.01216	0.03411	0.08938	0.05253	0.16438	0.13276	0.11197	0.02359	0.01303	0.00966	0.00555	0.00475	0.00150	0.00595	0.00437	0.00380	0.00752
3	0.01656	0.20355	0.01694	0.01091	0.01456	0.14396	0.00910	0.33058	0.16569	0.02199	0.01188	0.01201	0.00909	0.00568	0.00457	0.00142	0.00580	0.00414	0.00400	0.00755
4	0.04899	0.01096	0.01287	0.10393	0.01619	0.01161	0.00879	0.26055	0.16945	0.19325	0.01464	0.01443	0.01037	0.00585	0.00487	0.00151	0.00486	0.00466	0.00472	0.09751
5	0.01318	0.01071	0.01692	0.32351	0.35724	0.03575	0.01351	0.01610	0.01153	0.13656	0.01089	0.01351	0.00818	0.00501	0.00502	0.00158	0.00612	0.00455	0.00300	0.00713
6	0.01134	0.31068	0.52210	0.01236	0.01871	0.01469	0.01511	0.01570	0.01053	0.01455	0.00835	0.00976	0.00644	0.00463	0.00425	0.00142	0.00674	0.00337	0.00215	0.00712
7	0.00938	0.00862	0.01434	0.71608	0.03197	0.01060	0.01335	0.01263	0.01029	0.01318	0.01108	0.01860	0.00937	0.00610	0.00528	0.00176	0.00650	0.09284	0.00253	0.00550
8	0.01038	0.03741	0.16392	0.45589	0.08722	0.03165	0.08379	0.01413	0.01075	0.01430	0.03693	0.01349	0.00831	0.00506	0.00505	0.00163	0.00685	0.00457	0.00240	0.00626
9	0.01267	0.01029	0.01746	0.06597	0.37840	0.01030	0.10095	0.01545	0.01166	0.11732	0.01399	0.02150	0.01236	0.03026	0.00641	0.00181	0.02918	0.13364	0.00336	0.00702
10	0.00777	0.00761	0.09990	0.00814	0.00955	0.00640	0.00689	0.00931	0.00825	0.01182	0.01346	0.04625	0.01316	0.16455	0.44771	0.09513	0.00977	0.00571	0.02425	0.00436
11	0.01153	0.35349	0.36663	0.10538	0.01951	0.01512	0.01372	0.01557	0.03030	0.01408	0.00852	0.01016	0.00671	0.00469	0.00420	0.00140	0.00645	0.00345	0.00224	0.00686
12	0.01277	0.48318	0.10559	0.01120	0.05128	0.08945	0.05360	0.01513	0.01132	0.01383	0.09936	0.01249	0.01146	0.00517	0.00409	0.00127	0.00583	0.00390	0.00264	0.00643
13	0.00823	0.00704	0.01160	0.01225	0.10260	0.00675	0.12395	0.03184	0.01071	0.01445	0.02252	0.55552	0.02566	0.01240	0.00618	0.00193	0.00428	0.03285	0.00412	0.00513
14	0.07568	0.01000	0.01227	0.00947	0.01336	0.00964	0.00782	0.20141	0.01630	0.56403	0.01727	0.01543	0.01114	0.00611	0.00495	0.00155	0.00458	0.00481	0.00577	0.00840
15	0.01354	0.52376	0.19571	0.01041	0.01525	0.08170	0.01096	0.03532	0.02897	0.03166	0.00829	0.00933	0.00687	0.00465	0.00383	0.00125	0.00612	0.00315	0.00243	0.00679
16	0.00647	0.00457	0.00592	0.00672	0.00707	0.00431	0.00444	0.00739	0.00985	0.01327	0.11523	0.60042	0.03269	0.14533	0.00951	0.00246	0.00319	0.01263	0.00453	0.00402
17	0.00726	0.00525	0.00730	0.00730	0.00792	0.00587	0.00529	0.00850	0.00788	0.01113	0.01430	0.02405	0.01446	0.28599	0.55667	0.00711	0.01081	0.00603	0.00282	0.00406
18	0.02184	0.00946	0.01220	0.00941	0.01330	0.00877	0.00776	0.12913	0.04320	0.66036	0.01888	0.01656	0.01208	0.00625	0.00508	0.00156	0.00447	0.00503	0.00605	0.00858
19	0.00604	0.00502	0.00528	0.00544	0.00692	0.00426	0.00399	0.00730	0.01135	0.01376	0.07045	0.15869	0.65781	0.01317	0.00604	0.00175	0.00261	0.01116	0.00472	0.00426
20	0.00621	0.00495	0.00537	0.00560	0.00681	0.00432	0.00396	0.00729	0.01075	0.01326	0.06363	0.20769	0.52189	0.10525	0.00832	0.00214	0.00290	0.01103	0.00454	0.00411
21	0.01149	0.01091	0.01856	0.02427	0.50834	0.01089	0.10212	0.01526	0.06911	0.01672	0.05710	0.07759	0.01355	0.00621	0.00537	0.00162	0.00566	0.03483	0.00313	0.00726

[dist]
# distance from previous block
# <min> <max>
0	25

[block]
# block no. 1 follows, 49 sequences, length 38
# corresponding to MSA columns:
# 646-683
name=unknown_B
#
# <colnr> <probs for GDERKNQSTAVLIFYWHMCP>
#	G	D	E	R	K	N	Q	S	T	A	V	L	I	F	Y	W	H	M	C	P
0	0.01759	0.00968	0.01156	0.00958	0.01294	0.00991	0.00767	0.04940	0.35645	0.40112	0.04393	0.01843	0.01479	0.00665	0.00514	0.00163	0.00415	0.00548	0.00570	0.00822
1	0.01208	0.01035	0.01100	0.00997	0.01266	0.01188	0.00772	0.02530	0.71532	0.02084	0.06215	0.04577	0.01776	0.00734	0.00523	0.00172	0.00388	0.00618	0.00515	0.00770
2	0.01048	0.09349	0.70703	0.01414	0.02127	0.01248	0.04128	0.01595	0.01068	0.01567	0.00894	0.01055	0.00645	0.00475	0.00471	0.00156	0.00733	0.00372	0.00215	0.00737
3	0.01108	0.01071	0.01510	0.08127	0.05531	0.01431	0.01109	0.03487	0.03929	0.01342	0.00869	0.04939	0.00837	0.00847	0.01375	0.00208	0.60951	0.00495	0.00255	0.00579
4	0.00621	0.00444	0.00591	0.00701	0.00735	0.00414	0.00470	0.00717	0.00992	0.01329	0.06682	0.77896	0.03418	0.01556	0.00643	0.00203	0.00291	0.01411	0.00474	0.00414
5	0.01014	0.02616	0.79609	0.01441	0.02189	0.01174	0.01868	0.01601	0.01068	0.01601	0.00907	0.01068	0.00641	0.00480	0.00480	0.00160	0.00747	0.00374	0.00214	0.00747
6	0.01493	0.01119	0.01437	0.21383	0.17897	0.09400	0.01093	0.01895	0.11129	0.22497	0.01513	0.01594	0.04137	0.00583	0.00505	0.00158	0.00566	0.00493	0.00389	0.00719
7	0.02044	0.00803	0.01094	0.00873	0.01215	0.00698	0.00706	0.02225	0.01382	0.68800	0.02103	0.12624	0.01536	0.00756	0.00527	0.00163	0.00412	0.00635	0.00605	0.00799
8	0.00748	0.00576	0.00868	0.09286	0.01150	0.00674	0.00690	0.00932	0.00828	0.01172	0.01324	0.02017	0.01244	0.09252	0.66034	0.00721	0.01218	0.00546	0.00269	0.00452
9	0.12965	0.00775	0.00920	0.00766	0.01043	0.00739	0.00614	0.06697	0.01394	0.32561	0.24944	0.02510	0.10396	0.00794	0.00517	0.00158	0.00358	0.00653	0.00538	0.00658
10	0.01024	0.00991	0.01639	0.63324	0.12690	0.03150	0.05282	0.01354	0.01052	0.01357	0.00952	0.01433	0.00749	0.00517	0.00513	0.00167	0.00675	0.02298	0.00236	0.00596
11	0.08583	0.64758	0.02328	0.00900	0.01307	0.08387	0.00853	0.05502	0.01117	0.01389	0.00736	0.00841	0.00652	0.00452	0.00344	0.00116	0.00560	0.00285	0.00243	0.00646
12	0.02126	0.05030	0.01228	0.00901	0.01273	0.04872	0.00744	0.02337	0.02535	0.66731	0.01853	0.01644	0.01197	0.00610	0.00489	0.00151	0.00451	0.00486	0.04524	0.00817
13	0.00626	0.00513	0.00552	0.00542	0.00701	0.00439	0.00407	0.00781	0.01221	0.01527	0.23085	0.04601	0.60806	0.01220	0.00597	0.00168	0.00252	0.01030	0.00491	0.00439
14	0.13709	0.08079	0.01330	0.03538	0.03292	0.03992	0.00841	0.18895	0.35069	0.02229	0.03049	0.01465	0.01163	0.00606	0.00466	0.00157	0.00473	0.00469	0.00435	0.00743
15	0.04570	0.03928	0.06566	0.13562	0.08482	0.03044	0.13154	0.07372	0.01181	0.04558	0.00959	0.01183	0.00747	0.00479	0.00526	0.00138	0.04721	0.00413	0.00292	0.24124
16	0.01334	0.45310	0.18216	0.01216	0.06543	0.01598	0.05812	0.01676	0.05039	0.07559	0.00952	0.01053	0.00758	0.00471	0.00409	0.00132	0.00590	0.00357	0.00268	0.00705
17	0.01225	0.13935	0.50468	0.03127	0.02024	0.01253	0.08457	0.01684	0.01116	0.10631	0.01015	0.01140	0.00726	0.00486	0.00472	0.00153	0.00688	0.00396	0.00266	0.00736
18	0.00722	0.00542	0.00813	0.00813	0.00903	0.00632	0.00632	0.00903	0.00813	0.01174	0.01354	0.01987	0.01264	0.03792	0.80225	0.00813	0.01354	0.00542	0.00271	0.00451
19	0.01246	0.01361	0.16727	0.03771	0.01546	0.01192	0.01022	0.04629	0.51391	0.05623	0.04751	0.01751	0.01426	0.00648	0.00510	0.00167	0.00478	0.00535	0.00452	0.00774
20	0.01263	0.07842	0.22447	0.09288	0.09536	0.01275	0.06098	0.05906	0.17351	0.07132	0.01221	0.01340	0.00914	0.00558	0.00563	0.00162	0.05584	0.00454	0.00329	0.00736
21	0.01654	0.01328	0.20542	0.05446	0.01686	0.00961	0.05375	0.01970	0.02185	0.41086	0.01534	0.04641	0.01080	0.00633	0.00609	0.00166	0.07393	0.00509	0.00440	0.00762
22	0.00943	0.00471	0.00471	0.00471	0.00589	0.00471	0.00353	0.01178	0.01060	0.01885	0.01650	0.01885	0.01296	0.00589	0.00353	0.00118	0.00236	0.00471	0.85036	0.00471
23	0.01374	0.01240	0.01312	0.07969	0.05672	0.14328	0.03284	0.12926	0.21872	0.05490	0.04618	0.09616	0.01474	0.00743	0.00560	0.00166	0.02893	0.03366	0.00416	0.00681
24	0.01270	0.12407	0.02003	0.15309	0.51992	0.01276	0.01391	0.01552	0.01127	0.05577	0.00963	0.01231	0.00783	0.00466	0.00477	0.00148	0.00595	0.00428	0.00261	0.00744
25	0.00646	0.00470	0.00613	0.00719	0.00761	0.00450	0.00485	0.00797	0.04570	0.01329	0.02753	0.78165	0.03260	0.01542	0.00639	0.00204	0.00298	0.01397	0.00472	0.00429
26	0.00599	0.00506	0.00519	0.00530	0.00688	0.00425	0.00392	0.00724	0.01135	0.01359	0.04905	0.12037	0.71839	0.01309	0.00602	0.00174	0.00260	0.01102	0.00470	0.00425
27	0.01891	0.01329	0.01483	0.01148	0.01517	0.01476	0.00950	0.62730	0.02140	0.11367	0.01253	0.01260	0.00886	0.00633	0.00604	0.00158	0.07386	0.00460	0.00495	0.00834
28	0.01186	0.01342	0.02862	0.02063	0.02531	0.01302	0.70786	0.01586	0.01158	0.01586	0.00993	0.01342	0.00758	0.00465	0.00687	0.00175	0.07670	0.00584	0.00253	0.00671
29	0.00733	0.00502	0.00609	0.00609	0.00629	0.00521	0.00378	0.00772	0.00752	0.01023	0.01541	0.03018	0.01712	0.64989	0.19641	0.00561	0.00680	0.00693	0.00299	0.00338
30	0.01212	0.01161	0.01982	0.13407	0.69078	0.01191	0.01532	0.01518	0.01133	0.01604	0.00944	0.01264	0.00784	0.00458	0.00501	0.00153	0.00610	0.00450	0.00247	0.00769
31	0.01171	0.09552	0.01170	0.00901	0.01149	0.01094	0.00711	0.17566	0.25854	0.01950	0.02250	0.22713	0.09957	0.00939	0.00535	0.00169	0.00405	0.00792	0.00465	0.00656
32	0.01865	0.01009	0.01344	0.01060	0.01433	0.00996	0.07258	0.08018	0.23294	0.45203	0.01873	0.01700	0.01265	0.00625	0.00518	0.00162	0.00467	0.00530	0.00554	0.00828
33	0.01002	0.02533	0.76488	0.01409	0.02132	0.01147	0.01813	0.01576	0.01082	0.01618	0.03987	0.01175	0.00804	0.00502	0.00485	0.00160	0.00727	0.00395	0.00227	0.00737
34	0.01530	0.08086	0.01540	0.07934	0.13325	0.04141	0.01003	0.22525	0.19861	0.10109	0.03881	0.01481	0.01140	0.00592	0.00493	0.00154	0.00524	0.00482	0.00427	0.00772
35	0.02134	0.00855	0.01146	0.00893	0.01264	0.00757	0.00733	0.02398	0.05578	0.71254	0.05975	0.01837	0.01450	0.00650	0.00513	0.00157	0.00419	0.00533	0.00616	0.00837
36	0.00946	0.00532	0.00704	0.00727	0.00842	0.00482	0.00519	0.01068	0.01105	0.16675	0.08164	0.56467	0.07102	0.01341	0.00613	0.00191	0.00314	0.01198	0.00506	0.00505
37	0.00877	0.00731	0.01078	0.26127	0.08939	0.00796	0.00910	0.03443	0.03954	0.01497	0.06178	0.24387	0.07980	0.00975	0.00567	0.00180	0.00460	0.07176	0.03210	0.00534

[dist]
# distance from previous block
# <min> <max>
1	6

[block]
# block no. 2 follows, 49 sequences, length 20
# corresponding to MSA columns:
# 690-709
name=unknown_C
#
# <colnr> <probs for GDERKNQSTAVLIFYWHMCP>
#	G	D	E	R	K	N	Q	S	T	A	V	L	I	F	Y	W	H	M	C	P
0	0.01643	0.27766	0.01822	0.01068	0.01445	0.12353	0.00910	0.32405	0.12137	0.02129	0.01105	0.01134	0.00856	0.00550	0.00442	0.00137	0.00578	0.00394	0.00380	0.00746
1	0.01125	0.00840	0.00932	0.00815	0.01069	0.00863	0.00637	0.08820	0.27376	0.08210	0.17061	0.02860	0.21203	0.00870	0.00542	0.00161	0.00350	0.00729	0.00508	0.05028
2	0.01219	0.17872	0.37619	0.04195	0.09113	0.02633	0.01397	0.07526	0.05185	0.03727	0.04208	0.01225	0.00910	0.00517	0.00461	0.00149	0.00631	0.00405	0.00282	0.00727
3	0.01679	0.07261	0.16349	0.02816	0.01628	0.04024	0.03067	0.21546	0.11197	0.23191	0.01411	0.01376	0.00982	0.00576	0.00491	0.00154	0.00561	0.00455	0.00442	0.00796
4	0.00735	0.00490	0.00552	0.00552	0.00552	0.00490	0.00306	0.00735	0.00735	0.00980	0.01593	0.03309	0.01838	0.82229	0.02574	0.00490	0.00490	0.00735	0.00306	0.00306
5	0.00681	0.00520	0.00607	0.00650	0.00784	0.00471	0.00511	0.00843	0.01144	0.01457	0.07799	0.13883	0.42152	0.01298	0.00617	0.00188	0.00314	0.20794	0.04846	0.00440
6	0.01280	0.01254	0.13703	0.13864	0.11830	0.01080	0.05565	0.10615	0.11067	0.10886	0.05165	0.08781	0.01330	0.00662	0.00525	0.00165	0.00554	0.00581	0.00383	0.00711
7	0.01141	0.01473	0.27027	0.01480	0.14319	0.01029	0.04062	0.01549	0.05976	0.09834	0.05634	0.08241	0.06563	0.00716	0.00637	0.00170	0.08533	0.00591	0.00341	0.00686
8	0.00833	0.00705	0.00852	0.00840	0.00938	0.07805	0.00642	0.00988	0.00860	0.01162	0.01300	0.01940	0.01225	0.07230	0.66959	0.03225	0.01246	0.00529	0.00270	0.00450
9	0.01187	0.02979	0.01909	0.22682	0.16968	0.03203	0.20874	0.06308	0.05167	0.01655	0.01073	0.01370	0.00834	0.00510	0.00550	0.00160	0.03489	0.00489	0.07930	0.00664
10	0.00753	0.00567	0.00807	0.00981	0.07912	0.00548	0.00678	0.00932	0.01125	0.01518	0.15402	0.37276	0.03218	0.01330	0.00641	0.00201	0.00367	0.24808	0.00463	0.00475
11	0.01387	0.72125	0.05594	0.00928	0.01357	0.09030	0.00915	0.01563	0.01066	0.01210	0.00718	0.00830	0.00649	0.00443	0.00343	0.00112	0.00582	0.00279	0.00220	0.00647
12	0.01003	0.00508	0.00558	0.00550	0.00685	0.00499	0.00427	0.01236	0.01113	0.06747	0.05500	0.02326	0.01613	0.00689	0.00407	0.00133	0.00270	0.07577	0.67662	0.00496
13	0.01062	0.00941	0.01223	0.00874	0.01329	0.00729	0.07521	0.01305	0.01062	0.01645	0.00910	0.01077	0.00751	0.00379	0.00395	0.00084	0.00418	0.00326	0.00296	0.77676
14	0.00903	0.00815	0.01335	0.63832	0.02893	0.00998	0.01204	0.01187	0.00966	0.01252	0.01062	0.03999	0.00917	0.08530	0.07862	0.00258	0.00706	0.00514	0.00244	0.00523
15	0.10136	0.00872	0.01133	0.00878	0.01261	0.00780	0.00725	0.02372	0.01392	0.72158	0.01873	0.01636	0.01185	0.00611	0.00490	0.00156	0.00427	0.00486	0.00596	0.00831
16	0.00985	0.00917	0.08402	0.06941	0.03666	0.00799	0.03106	0.09659	0.04503	0.04311	0.19982	0.16021	0.06771	0.02333	0.02416	0.00195	0.00456	0.07524	0.00438	0.00575
17	0.01155	0.15781	0.53553	0.01400	0.02035	0.07420	0.08731	0.01621	0.01101	0.01507	0.00875	0.01041	0.00655	0.00471	0.00464	0.00150	0.00736	0.00374	0.00222	0.00712
18	0.00955	0.00899	0.01517	0.81013	0.03483	0.01123	0.01404	0.01292	0.01011	0.01292	0.00899	0.01348	0.00674	0.00506	0.00506	0.00169	0.00674	0.00449	0.00225	0.00562
19	0.00616	0.00440	0.00587	0.00704	0.00733	0.00411	0.00469	0.00704	0.00968	0.01291	0.02787	0.81899	0.03344	0.01584	0.00645	0.00205	0.00293	0.01438	0.00469	0.00411

[dist]
# distance from previous block
# <min> <max>
0	1

[block]
# block no. 3 follows, 49 sequences, length 13
# corresponding to MSA columns:
# 711-723
name=unknown_D
#
# <colnr> <probs for GDERKNQSTAVLIFYWHMCP>
#	G	D	E	R	K	N	Q	S	T	A	V	L	I	F	Y	W	H	M	C	P
0	0.01024	0.00997	0.01370	0.41927	0.12240	0.08569	0.01148	0.01302	0.01151	0.01478	0.16292	0.01916	0.04915	0.00648	0.00555	0.00162	0.02873	0.00555	0.00307	0.00572
1	0.00989	0.10083	0.01080	0.00847	0.01050	0.00779	0.04009	0.01251	0.05534	0.08684	0.07016	0.12281	0.14501	0.01231	0.05391	0.00219	0.00464	0.20865	0.03185	0.00539
2	0.76052	0.01004	0.00894	0.00946	0.09983	0.01142	0.00663	0.01494	0.00894	0.02198	0.00733	0.00871	0.00577	0.00467	0.00335	0.00156	0.00415	0.00294	0.00306	0.00577
3	0.00769	0.00532	0.00698	0.00676	0.00803	0.00493	0.00520	0.00995	0.01372	0.04425	0.61563	0.06920	0.07516	0.01094	0.00607	0.00170	0.00274	0.09547	0.00541	0.00484
4	0.01049	0.00899	0.01049	0.00749	0.01198	0.00674	0.00599	0.01273	0.01049	0.01648	0.00899	0.01049	0.00749	0.00374	0.00374	0.00075	0.00374	0.00300	0.00300	0.85320
5	0.01747	0.01603	0.30285	0.01144	0.01669	0.01040	0.01196	0.14576	0.01461	0.37947	0.01463	0.01395	0.00960	0.00569	0.00498	0.00157	0.00569	0.00450	0.00453	0.00819
6	0.01166	0.01024	0.01194	0.00994	0.01330	0.01064	0.05190	0.02155	0.49610	0.01926	0.01853	0.01791	0.05265	0.00620	0.00487	0.00146	0.00413	0.00528	0.00441	0.22803
7	0.06211	0.00707	0.00805	0.00749	0.00934	0.00719	0.00587	0.09929	0.08881	0.01988	0.33858	0.07022	0.15988	0.01019	0.00573	0.00171	0.00329	0.08479	0.00504	0.00545
8	0.06291	0.00815	0.01097	0.03957	0.17913	0.00838	0.00826	0.09936	0.04169	0.01820	0.14795	0.23156	0.06055	0.00969	0.00560	0.00174	0.00412	0.05202	0.00424	0.00590
9	0.13047	0.01124	0.01373	0.01178	0.01352	0.05291	0.05689	0.09782	0.07800	0.01717	0.01134	0.01711	0.01030	0.00884	0.03507	0.00213	0.33126	0.09113	0.00325	0.00604
10	0.14164	0.01493	0.10377	0.06013	0.04160	0.16525	0.05126	0.09120	0.06127	0.16154	0.01161	0.01224	0.00839	0.00531	0.00464	0.00149	0.00606	0.00410	0.00369	0.04989
11	0.06062	0.06910	0.01479	0.01105	0.01457	0.03503	0.07915	0.13952	0.29737	0.13390	0.01512	0.01480	0.01111	0.00597	0.00523	0.00156	0.03069	0.00484	0.00446	0.05113
12	0.18361	0.09518	0.13265	0.01091	0.03636	0.01201	0.05694	0.07440	0.14330	0.06163	0.09830	0.01554	0.02334	0.00605	0.00496	0.00157	0.02794	0.00478	0.00375	0.00678

[dist]
# distance from previous block
# <min> <max>
2	6

[block]
# block no. 4 follows, 49 sequences, length 52
# corresponding to MSA columns:
# 730-781
name=unknown_E
#
# <colnr> <probs for GDERKNQSTAVLIFYWHMCP>
#	G	D	E	R	K	N	Q	S	T	A	V	L	I	F	Y	W	H	M	C	P
0	0.25831	0.09741	0.03460	0.03853	0.06765	0.11790	0.00873	0.12237	0.10511	0.07563	0.02245	0.01178	0.00873	0.00537	0.00426	0.00149	0.00534	0.00389	0.00363	0.00681
1	0.01316	0.27312	0.12135	0.06555	0.04238	0.01465	0.01044	0.19366	0.03840	0.01873	0.10605	0.01410	0.01245	0.00593	0.00518	0.00145	0.04868	0.00445	0.00338	0.00689
2	0.04928	0.01220	0.01264	0.01015	0.01378	0.12323	0.00820	0.17754	0.08297	0.43230	0.01623	0.01485	0.01087	0.00607	0.00494	0.00153	0.00521	0.00469	0.00529	0.00805
3	0.00771	0.00591	0.00743	0.06123	0.00975	0.00570	0.00553	0.04999	0.01381	0.01871	0.50099	0.03780	0.21634	0.01042	0.00588	0.00164	0.00295	0.02819	0.00509	0.00491
4	0.01444	0.01317	0.01382	0.15016	0.05159	0.21560	0.06140	0.03471	0.13660	0.12666	0.01599	0.05884	0.05818	0.00656	0.00511	0.00158	0.00611	0.00546	0.01746	0.00657
5	0.01043	0.00589	0.00781	0.00692	0.00868	0.00533	0.00533	0.01273	0.01435	0.18362	0.62596	0.03343	0.04028	0.00948	0.00578	0.00158	0.00279	0.00829	0.00571	0.00558
6	0.01929	0.00794	0.01093	0.00930	0.03201	0.00699	0.00729	0.02114	0.01356	0.62107	0.02118	0.13376	0.01628	0.00799	0.00538	0.00167	0.00417	0.04645	0.00585	0.00774
7	0.01119	0.04041	0.41544	0.01638	0.05868	0.01238	0.22467	0.01757	0.12120	0.01672	0.01101	0.01269	0.00812	0.00492	0.00514	0.00163	0.00714	0.00465	0.00270	0.00737
8	0.01224	0.00903	0.00958	0.00867	0.01112	0.01012	0.00673	0.02255	0.52624	0.06171	0.01941	0.01877	0.01459	0.00656	0.00469	0.00156	0.00356	0.00540	0.24033	0.00712
9	0.13015	0.00693	0.00783	0.00717	0.00901	0.00715	0.00552	0.01379	0.14677	0.04535	0.51880	0.02961	0.03496	0.00880	0.00539	0.00161	0.00295	0.00751	0.00517	0.00556
10	0.01352	0.01393	0.08809	0.01875	0.02385	0.01202	0.58268	0.03744	0.01251	0.12776	0.01158	0.01387	0.00829	0.00464	0.00572	0.00167	0.00776	0.00563	0.00312	0.00717
11	0.01433	0.01159	0.01214	0.03583	0.01272	0.16576	0.00841	0.03194	0.01092	0.16813	0.01157	0.01497	0.00961	0.07630	0.04564	0.04762	0.25101	0.00464	0.06107	0.00579
12	0.00753	0.00489	0.00545	0.00545	0.00555	0.00489	0.00310	0.00773	0.00763	0.01058	0.01598	0.03187	0.01792	0.75199	0.02383	0.00458	0.00468	0.00713	0.07602	0.00321
13	0.00615	0.00513	0.00536	0.00530	0.00693	0.00434	0.00397	0.00758	0.01192	0.01461	0.15650	0.04711	0.68283	0.01245	0.00597	0.00169	0.00254	0.01045	0.00482	0.00434
14	0.01258	0.01086	0.01143	0.01029	0.01315	0.01258	0.00800	0.02687	0.78161	0.02115	0.02058	0.01887	0.01544	0.00686	0.00515	0.00172	0.00400	0.00572	0.00515	0.00800
15	0.01567	0.00725	0.00955	0.00830	0.01083	0.00664	0.00644	0.01833	0.07463	0.43577	0.08435	0.25906	0.02186	0.00951	0.00557	0.00173	0.00371	0.00825	0.00564	0.00690
16	0.00890	0.00647	0.00873	0.00976	0.03111	0.00656	0.00797	0.07348	0.01236	0.01624	0.02526	0.16100	0.02746	0.01333	0.00670	0.00220	0.00452	0.56832	0.00464	0.00499
17	0.01352	0.82533	0.02650	0.00865	0.01298	0.02001	0.00865	0.01514	0.01027	0.01190	0.00703	0.00811	0.00649	0.00433	0.00324	0.00108	0.00541	0.00270	0.00216	0.00649
18	0.05469	0.00826	0.01061	0.00853	0.01168	0.00772	0.00692	0.08796	0.01469	0.48510	0.18206	0.02088	0.01936	0.00872	0.04749	0.00191	0.00448	0.00582	0.00568	0.00743
19	0.00882	0.00524	0.00698	0.00711	0.00820	0.00478	0.00511	0.01032	0.01177	0.12678	0.25789	0.46689	0.03479	0.01280	0.00611	0.00184	0.00296	0.01146	0.00518	0.00495
20	0.01256	0.12775	0.02049	0.12331	0.56584	0.01294	0.01414	0.01539	0.01124	0.03600	0.00937	0.01213	0.00776	0.00459	0.00476	0.00147	0.00597	0.00426	0.00252	0.00751
21	0.00650	0.00468	0.00623	0.00734	0.00785	0.00441	0.00525	0.00765	0.01011	0.01333	0.02881	0.65024	0.06906	0.01537	0.00652	0.00208	0.00321	0.14246	0.00469	0.00421
22	0.06967	0.26954	0.29229	0.01175	0.01663	0.23226	0.01228	0.01682	0.01142	0.01419	0.00797	0.00930	0.00640	0.00476	0.00415	0.00136	0.00706	0.00322	0.00234	0.00660
23	0.01015	0.01053	0.01949	0.01483	0.01800	0.01061	0.39053	0.01363	0.04851	0.01567	0.08588	0.02350	0.17208	0.00748	0.00746	0.00178	0.12143	0.01911	0.00336	0.00596
24	0.01161	0.00919	0.01534	0.64140	0.05979	0.01077	0.03723	0.01480	0.01084	0.12479	0.01061	0.01398	0.00764	0.00518	0.00509	0.00166	0.00642	0.00463	0.00284	0.00617
25	0.02145	0.00922	0.01193	0.00921	0.01295	0.00849	0.00753	0.13086	0.01546	0.64755	0.01864	0.01725	0.01224	0.04552	0.00608	0.00172	0.00451	0.00512	0.00593	0.00834
26	0.00864	0.00631	0.00897	0.01005	0.11973	0.00594	0.00647	0.01109	0.01388	0.05469	0.63152	0.03350	0.04019	0.00937	0.00580	0.00159	0.00302	0.01866	0.00515	0.00541
27	0.01304	0.71115	0.13645	0.00948	0.01425	0.01883	0.01009	0.01527	0.01033	0.01249	0.00732	0.00848	0.00648	0.00439	0.00347	0.00116	0.00570	0.00285	0.00216	0.00663
28	0.01055	0.06053	0.65178	0.01514	0.02213	0.01227	0.12591	0.01600	0.01084	0.01585	0.00915	0.01098	0.00659	0.00471	0.00490	0.00159	0.00753	0.00401	0.00220	0.00734
29	0.00634	0.00483	0.00583	0.00622	0.00721	0.00432	0.00442	0.00772	0.01143	0.01494	0.21910	0.36512	0.29731	0.01347	0.00617	0.00182	0.00267	0.01184	0.00490	0.00432
30	0.01141	0.01211	0.02533	0.01854	0.02250	0.01181	0.59964	0.01449	0.01082	0.01481	0.00973	0.01367	0.00775	0.00654	0.00882	0.12336	0.07453	0.00561	0.00248	0.00605
31	0.01092	0.12562	0.01277	0.00766	0.01213	0.00864	0.00637	0.01308	0.01046	0.01582	0.00871	0.01015	0.00735	0.00383	0.00367	0.00080	0.00398	0.00295	0.00288	0.73223
32	0.00784	0.00541	0.00704	0.00741	0.00858	0.00481	0.00533	0.00910	0.01023	0.05526	0.02465	0.59301	0.02824	0.01344	0.00604	0.00187	0.00328	0.07824	0.00453	0.12571
33	0.00632	0.00475	0.00588	0.00653	0.00735	0.00430	0.00461	0.00757	0.01087	0.01419	0.13707	0.48086	0.23486	0.01422	0.00628	0.00191	0.00283	0.04054	0.00481	0.00426
34	0.03637	0.01302	0.01413	0.01104	0.01481	0.01434	0.00907	0.62356	0.06734	0.07645	0.01313	0.01320	0.00942	0.00750	0.04004	0.00182	0.00567	0.00466	0.01617	0.00827
35	0.01395	0.50109	0.22426	0.01020	0.01528	0.01607	0.01108	0.01673	0.01098	0.12474	0.00941	0.01008	0.00733	0.00473	0.00391	0.00129	0.00579	0.00331	0.00274	0.00705
36	0.00734	0.00513	0.00656	0.00712	0.00798	0.00492	0.00527	0.03145	0.01151	0.01586	0.18043	0.41313	0.06608	0.01315	0.00613	0.00190	0.00311	0.13070	0.07769	0.00452
37	0.00889	0.00618	0.00822	0.00884	0.01015	0.00619	0.00736	0.04446	0.03866	0.04265	0.08858	0.17047	0.02938	0.01311	0.00660	0.00214	0.00420	0.49409	0.00483	0.00500
38	0.10920	0.19153	0.03318	0.01127	0.05542	0.07563	0.00914	0.28324	0.05954	0.10853	0.01128	0.01153	0.00838	0.00543	0.00441	0.00143	0.00546	0.00395	0.00396	0.00749
39	0.04516	0.01170	0.01307	0.06486	0.01525	0.01289	0.00878	0.42873	0.14714	0.09451	0.06503	0.01559	0.01258	0.00638	0.00502	0.00156	0.00490	0.00504	0.03403	0.00781
40	0.00617	0.00458	0.00575	0.00661	0.00724	0.00417	0.00452	0.00720	0.01027	0.01340	0.06709	0.62485	0.18977	0.01497	0.00633	0.00196	0.00283	0.01338	0.00473	0.00417
41	0.04324	0.01437	0.01241	0.04582	0.01472	0.22123	0.00871	0.07496	0.45423	0.01925	0.02836	0.01554	0.01243	0.00628	0.00493	0.00158	0.00555	0.00489	0.00428	0.00723
42	0.01076	0.12628	0.01842	0.31761	0.20281	0.01197	0.09050	0.01367	0.01078	0.01417	0.01158	0.05329	0.01053	0.00612	0.00513	0.00164	0.00618	0.07963	0.00268	0.00626
43	0.00694	0.00500	0.00613	0.00609	0.00724	0.00456	0.00447	0.00886	0.01273	0.01767	0.45928	0.16026	0.19417	0.01136	0.00585	0.00165	0.00250	0.00993	0.07074	0.00456
44	0.01252	0.09011	0.03395	0.01974	0.06307	0.03173	0.07028	0.13697	0.01264	0.03858	0.01033	0.01244	0.00842	0.00937	0.11853	0.00217	0.01748	0.00402	0.00318	0.30448
45	0.46186	0.12239	0.04773	0.00843	0.01178	0.03580	0.00734	0.01732	0.16075	0.01978	0.00985	0.01059	0.00774	0.00520	0.00413	0.00152	0.03197	0.00344	0.00330	0.02906
46	0.00766	0.00531	0.00662	0.00707	0.00805	0.00504	0.00500	0.00984	0.06998	0.05820	0.10981	0.52796	0.13298	0.01363	0.00616	0.00191	0.00299	0.01215	0.00491	0.00475
47	0.01087	0.00927	0.01083	0.03113	0.01284	0.00749	0.00646	0.03967	0.05203	0.01715	0.00971	0.01108	0.00793	0.00403	0.00390	0.00085	0.00391	0.00324	0.00316	0.75445
48	0.01403	0.03191	0.05044	0.05262	0.01425	0.15075	0.00864	0.01667	0.04644	0.14409	0.03386	0.01323	0.00977	0.00575	0.00617	0.00139	0.12069	0.00411	0.05509	0.22010
49	0.07912	0.42005	0.15759	0.01009	0.01458	0.06342	0.01016	0.04573	0.10060	0.04192	0.00964	0.01034	0.00772	0.00492	0.00394	0.00133	0.00568	0.00342	0.00285	0.00687
50	0.00807	0.00535	0.00633	0.02761	0.00703	0.00544	0.00387	0.00883	0.03054	0.03746	0.05086	0.03124	0.01886	0.67756	0.05712	0.00460	0.00517	0.00715	0.00331	0.00361
51	0.12494	0.11124	0.28389	0.01065	0.01563	0.01138	0.02821	0.03781	0.06325	0.09412	0.01134	0.04660	0.00893	0.00537	0.00440	0.00144	0.00545	0.00418	0.00321	0.12794

[dist]
# distance from previous block
# <min> <max>
0	2

[block]
# block no. 5 follows, 49 sequences, length 8
# corresponding to MSA columns:
# 784-791
name=unknown_F
#
# <colnr> <probs for GDERKNQSTAVLIFYWHMCP>
#	G	D	E	R	K	N	Q	S	T	A	V	L	I	F	Y	W	H	M	C	P
0	0.07187	0.14233	0.09643	0.08879	0.11521	0.01215	0.05494	0.05668	0.01153	0.11630	0.02560	0.06698	0.01069	0.00710	0.02668	0.00177	0.06672	0.01827	0.00328	0.00669
1	0.01181	0.01136	0.06066	0.04793	0.49881	0.01062	0.01291	0.04043	0.04506	0.04346	0.07798	0.06667	0.03764	0.00621	0.00521	0.00157	0.00535	0.00573	0.00326	0.00731
2	0.00702	0.00533	0.00642	0.00670	0.00777	0.00504	0.00491	0.00921	0.05613	0.01525	0.20690	0.25036	0.22676	0.08056	0.00781	0.00211	0.00312	0.08932	0.00478	0.00450
3	0.01158	0.01769	0.36278	0.17471	0.09092	0.01152	0.16257	0.01609	0.01119	0.07797	0.01019	0.01249	0.00735	0.00484	0.00512	0.00163	0.00715	0.00449	0.00260	0.00712
4	0.11629	0.04410	0.08528	0.17476	0.19772	0.01163	0.14588	0.04006	0.01135	0.06973	0.01077	0.05101	0.00874	0.00533	0.00494	0.00160	0.00616	0.00492	0.00294	0.00678
5	0.00878	0.00439	0.00659	0.00659	0.00659	0.00439	0.00439	0.00659	0.00659	0.00878	0.00878	0.01537	0.00878	0.01757	0.01976	0.85288	0.00439	0.00439	0.00220	0.00220
6	0.00630	0.00451	0.00599	0.00695	0.00737	0.00420	0.00470	0.00739	0.01033	0.01394	0.13433	0.70958	0.03544	0.01507	0.00639	0.00199	0.00286	0.01364	0.00482	0.00420
7	0.00949	0.00936	0.05048	0.22745	0.12329	0.00910	0.10633	0.01301	0.04838	0.01601	0.14522	0.06301	0.09225	0.00720	0.00538	0.00164	0.00517	0.00661	0.05472	0.00589

[dist]
# distance from previous block
# <min> <max>
0	9

[block]
# block no. 6 follows, 49 sequences, length 36
# corresponding to MSA columns:
# 801-836
name=unknown_G
#
# <colnr> <probs for GDERKNQSTAVLIFYWHMCP>
#	G	D	E	R	K	N	Q	S	T	A	V	L	I	F	Y	W	H	M	C	P
0	0.03404	0.05694	0.01512	0.04541	0.22868	0.01176	0.04676	0.01947	0.33905	0.01873	0.11517	0.01822	0.01611	0.00627	0.00509	0.00160	0.00474	0.00554	0.00401	0.00729
1	0.00648	0.00472	0.00611	0.00709	0.00768	0.00442	0.00505	0.00760	0.01012	0.01322	0.03013	0.57959	0.12508	0.04509	0.00719	0.00216	0.00322	0.12624	0.00463	0.00417
2	0.01750	0.02192	0.01632	0.01406	0.01680	0.65112	0.10362	0.01915	0.01358	0.01283	0.00803	0.00981	0.00666	0.00534	0.00556	0.00141	0.06408	0.00367	0.00257	0.00596
3	0.18567	0.14318	0.01336	0.03005	0.01287	0.01122	0.00748	0.07218	0.07071	0.35164	0.01563	0.01476	0.03858	0.00587	0.00443	0.00150	0.00447	0.00443	0.00463	0.00735
4	0.00792	0.00566	0.00789	0.00906	0.01012	0.00563	0.00776	0.01009	0.01142	0.01488	0.02690	0.14301	0.02959	0.01418	0.00692	0.00230	0.00446	0.67295	0.00466	0.00459
5	0.02721	0.00912	0.01463	0.66615	0.05943	0.01071	0.01293	0.01303	0.01018	0.01369	0.00897	0.01297	0.00685	0.00487	0.00485	0.00156	0.00629	0.00427	0.00237	0.10991
6	0.02080	0.00815	0.01097	0.00857	0.01200	0.00712	0.00690	0.02252	0.01360	0.69780	0.01946	0.01916	0.01324	0.10658	0.00762	0.00198	0.00438	0.00536	0.00587	0.00792
7	0.01521	0.11065	0.01381	0.00962	0.01276	0.01224	0.00805	0.35048	0.01748	0.11285	0.15364	0.02074	0.06083	0.00747	0.00561	0.00156	0.03773	0.03738	0.00478	0.00712
8	0.01243	0.54679	0.14744	0.00968	0.01414	0.01620	0.03235	0.01492	0.01101	0.03786	0.10388	0.01261	0.01177	0.00520	0.00397	0.00126	0.00543	0.00383	0.00272	0.00651
9	0.01058	0.02358	0.67945	0.03031	0.02129	0.01126	0.04544	0.01598	0.01092	0.04881	0.01101	0.01323	0.02516	0.00528	0.00495	0.00163	0.00718	0.02420	0.00245	0.00731
10	0.00609	0.00468	0.00558	0.00630	0.00714	0.00417	0.00436	0.00712	0.01040	0.01320	0.03693	0.52030	0.32629	0.01467	0.00627	0.00192	0.00279	0.01294	0.00469	0.00417
11	0.01421	0.53721	0.08295	0.00983	0.01418	0.03089	0.00955	0.14328	0.08549	0.01644	0.00934	0.01002	0.00768	0.00491	0.00387	0.00126	0.00552	0.00339	0.00293	0.00705
12	0.01296	0.32630	0.40855	0.01157	0.01741	0.01434	0.01351	0.01675	0.01099	0.11013	0.00964	0.01051	0.00719	0.00480	0.00425	0.00140	0.00630	0.00351	0.00265	0.00724
13	0.01253	0.41850	0.30799	0.01108	0.01636	0.04772	0.01232	0.04405	0.04280	0.01472	0.02461	0.01030	0.00775	0.00483	0.00407	0.00133	0.00620	0.00343	0.00247	0.00693
14	0.01223	0.20521	0.06047	0.01805	0.02308	0.01444	0.56171	0.01594	0.01149	0.01518	0.00943	0.01222	0.00734	0.00430	0.00528	0.00155	0.00775	0.00511	0.00245	0.00677
15	0.06918	0.00920	0.01114	0.10724	0.01467	0.00959	0.00788	0.12850	0.13499	0.26617	0.07045	0.01980	0.07899	0.00689	0.00503	0.00159	0.00435	0.00561	0.04159	0.00715
16	0.00984	0.00956	0.01697	0.71315	0.03379	0.01143	0.10728	0.01332	0.01034	0.01332	0.00914	0.01350	0.00686	0.00496	0.00517	0.00169	0.00696	0.00468	0.00229	0.00577
17	0.01194	0.04925	0.05800	0.02051	0.02568	0.01306	0.71147	0.01615	0.01182	0.01600	0.01005	0.01329	0.00757	0.00429	0.00581	0.00167	0.00835	0.00574	0.00252	0.00683
18	0.00633	0.00452	0.00606	0.00724	0.00760	0.00425	0.00499	0.00734	0.00985	0.01310	0.02778	0.75373	0.03307	0.01568	0.00650	0.00208	0.00308	0.07795	0.00469	0.00415
19	0.01322	0.01011	0.01241	0.01234	0.10787	0.01092	0.00861	0.35764	0.03726	0.02202	0.01603	0.20654	0.01529	0.01320	0.12953	0.00268	0.00619	0.00706	0.00429	0.00680
20	0.00798	0.00604	0.00763	0.00740	0.00757	0.00685	0.00514	0.00852	0.00791	0.01090	0.01555	0.06895	0.01746	0.52328	0.08219	0.00436	0.14347	0.06196	0.00309	0.00377
21	0.01327	0.79769	0.02578	0.00853	0.01277	0.01948	0.00849	0.01488	0.01032	0.01196	0.00852	0.00948	0.03285	0.00461	0.00334	0.00110	0.00531	0.00297	0.00225	0.00641
22	0.00616	0.00440	0.00587	0.00704	0.00733	0.00411	0.00469	0.00704	0.00968	0.01291	0.02787	0.81899	0.03344	0.01584	0.00645	0.00205	0.00293	0.01438	0.00469	0.00411
23	0.01196	0.40228	0.33820	0.01254	0.01824	0.01578	0.10660	0.01562	0.01064	0.01409	0.00825	0.00983	0.00660	0.00451	0.00421	0.00137	0.00663	0.00352	0.00220	0.00693
24	0.01338	0.01077	0.01493	0.24803	0.08291	0.01199	0.06075	0.18297	0.17946	0.06555	0.04205	0.01556	0.01123	0.00586	0.00512	0.00162	0.00551	0.00508	0.03005	0.00717
25	0.09303	0.01059	0.01253	0.00969	0.01358	0.01057	0.00800	0.27794	0.01713	0.46960	0.01620	0.01472	0.01059	0.00606	0.00491	0.00155	0.00470	0.00470	0.00558	0.00834
26	0.00722	0.00542	0.00813	0.00813	0.00903	0.00632	0.00632	0.00903	0.00813	0.01174	0.01354	0.01987	0.01264	0.03792	0.80225	0.00813	0.01354	0.00542	0.00271	0.00451
27	0.01697	0.01287	0.01378	0.01116	0.01466	0.07445	0.03684	0.33780	0.24621	0.12751	0.04349	0.01556	0.01238	0.00635	0.00512	0.00158	0.00520	0.00509	0.00498	0.00801
28	0.17422	0.01508	0.22663	0.01082	0.01514	0.03464	0.02564	0.20605	0.01401	0.10861	0.01298	0.11070	0.01082	0.00662	0.00480	0.00162	0.00547	0.00524	0.00386	0.00703
29	0.00721	0.00484	0.00556	0.00570	0.00574	0.00480	0.00326	0.00732	0.00764	0.01019	0.01740	0.12971	0.02024	0.72314	0.02337	0.00455	0.00466	0.00822	0.00326	0.00319
30	0.01034	0.00921	0.02926	0.01159	0.06344	0.01034	0.00893	0.03510	0.18654	0.01578	0.01837	0.02948	0.04269	0.09032	0.01045	0.00230	0.19719	0.21899	0.00384	0.00585
31	0.01524	0.10993	0.01583	0.34599	0.02277	0.01167	0.03075	0.09750	0.02470	0.25719	0.01269	0.01392	0.00885	0.00545	0.00487	0.00156	0.00570	0.00452	0.00383	0.00703
32	0.00845	0.03099	0.00751	0.00670	0.00733	0.00646	0.00451	0.06418	0.00879	0.01188	0.01454	0.02703	0.01559	0.52516	0.19944	0.04115	0.00691	0.00644	0.00307	0.00387
33	0.00616	0.00440	0.00587	0.00704	0.00733	0.00411	0.00469	0.00704	0.00968	0.01291	0.02787	0.81899	0.03344	0.01584	0.00645	0.00205	0.00293	0.01438	0.00469	0.00411
34	0.04728	0.01691	0.04307	0.09174	0.22598	0.30853	0.01177	0.13854	0.01435	0.04129	0.00946	0.01119	0.00741	0.00514	0.00478	0.00145	0.00709	0.00397	0.00305	0.00698
35	0.14440	0.07306	0.08221	0.08474	0.18206	0.04171	0.04689	0.13557	0.01317	0.10502	0.01101	0.01339	0.00851	0.00538	0.00469	0.00155	0.00576	0.03030	0.00342	0.00716

[dist]
# distance from previous block
# <min> <max>
0	12

# created by:
# /home/berkeley/.conda/envs/busco_data_prod/bin/msa2prfl.pl pipeline/OGs_align_augustus/33634/32022.fs
