[name]
unknown

[dist]
# distance from previous block
# <min> <max>
0	217

[block]
# block no. 0 follows, 50 sequences, length 7
# corresponding to MSA columns:
# 226-232
name=unknown_A
#
# <colnr> <probs for GDERKNQSTAVLIFYWHMCP>
#	G	D	E	R	K	N	Q	S	T	A	V	L	I	F	Y	W	H	M	C	P
0	0.07224	0.00959	0.01026	0.00910	0.01139	0.07356	0.00726	0.08804	0.12687	0.15929	0.14974	0.07379	0.04026	0.00845	0.00602	0.00170	0.05654	0.08488	0.00471	0.00633
1	0.00831	0.00781	0.03316	0.03990	0.03391	0.00732	0.14484	0.01173	0.10176	0.01479	0.04682	0.39538	0.09129	0.01105	0.00595	0.00185	0.00435	0.03039	0.00411	0.00528
2	0.01014	0.00860	0.01014	0.00753	0.01169	0.00657	0.00608	0.01236	0.01043	0.01613	0.01033	0.01418	0.00917	0.00454	0.00396	0.00087	0.00377	0.06638	0.00309	0.78404
3	0.00866	0.00433	0.00649	0.00649	0.00649	0.00433	0.00433	0.00649	0.00649	0.00866	0.00866	0.01515	0.00866	0.01732	0.01948	0.85498	0.00433	0.00433	0.00216	0.00216
4	0.00695	0.00509	0.00652	0.00616	0.00738	0.00466	0.00462	0.00921	0.01387	0.01942	0.72657	0.03817	0.11192	0.01040	0.00588	0.00158	0.00237	0.00915	0.00541	0.00466
5	0.01000	0.02578	0.79900	0.01421	0.02157	0.01158	0.01842	0.01579	0.01052	0.01579	0.00895	0.01052	0.00631	0.00474	0.00474	0.00158	0.00737	0.00368	0.00210	0.00737
6	0.01199	0.01174	0.01845	0.12686	0.61230	0.05609	0.01423	0.01479	0.01124	0.01542	0.01018	0.05532	0.00899	0.00514	0.00499	0.00152	0.00602	0.00489	0.00256	0.00727

[dist]
# distance from previous block
# <min> <max>
0	1

[block]
# block no. 1 follows, 50 sequences, length 43
# corresponding to MSA columns:
# 234-276
name=unknown_B
#
# <colnr> <probs for GDERKNQSTAVLIFYWHMCP>
#	G	D	E	R	K	N	Q	S	T	A	V	L	I	F	Y	W	H	M	C	P
0	0.00941	0.00886	0.01495	0.81285	0.03433	0.01107	0.01384	0.01274	0.00997	0.01274	0.00886	0.01329	0.00664	0.00498	0.00498	0.00166	0.00664	0.00443	0.00221	0.00554
1	0.01034	0.00886	0.01034	0.00738	0.01181	0.00664	0.00591	0.01255	0.01034	0.01624	0.00886	0.01034	0.00738	0.00369	0.00369	0.00074	0.00369	0.00295	0.00295	0.85530
2	0.01223	0.01159	0.01957	0.14232	0.61208	0.01195	0.04615	0.05429	0.01179	0.01654	0.00946	0.01250	0.00773	0.00459	0.00498	0.00152	0.00611	0.00450	0.00256	0.00754
3	0.03458	0.03832	0.01444	0.03882	0.10124	0.23344	0.00974	0.22209	0.18928	0.02013	0.02955	0.01307	0.01002	0.00578	0.00495	0.00148	0.01768	0.00439	0.00381	0.00718
4	0.00680	0.00491	0.00646	0.00665	0.00757	0.00457	0.00489	0.00867	0.01247	0.01727	0.48736	0.27801	0.05828	0.01215	0.00610	0.00176	0.00268	0.06379	0.00514	0.00448
5	0.01363	0.37883	0.14763	0.01216	0.05845	0.04469	0.05633	0.13539	0.07852	0.01676	0.00953	0.01053	0.00761	0.00486	0.00419	0.00134	0.00591	0.00368	0.00288	0.00709
6	0.01308	0.43912	0.27587	0.01099	0.01624	0.01594	0.03353	0.07808	0.01159	0.05142	0.00868	0.00972	0.00685	0.00465	0.00401	0.00131	0.00604	0.00335	0.00256	0.00699
7	0.00652	0.00507	0.00592	0.00571	0.00712	0.00447	0.00428	0.00837	0.01284	0.01698	0.44900	0.04219	0.39101	0.01131	0.00588	0.00162	0.00243	0.00971	0.00509	0.00447
8	0.01920	0.01246	0.01459	0.01248	0.08165	0.01318	0.00946	0.53002	0.02018	0.21490	0.01360	0.01320	0.00936	0.00590	0.00499	0.00151	0.00522	0.00461	0.00506	0.00843
9	0.01199	0.01073	0.01465	0.01245	0.01304	0.01437	0.01034	0.07500	0.00931	0.05671	0.00807	0.01178	0.00733	0.00988	0.05659	0.00240	0.66243	0.00446	0.00266	0.00581
10	0.01173	0.01335	0.02886	0.02070	0.02554	0.01271	0.74577	0.01581	0.01160	0.01581	0.00995	0.01335	0.00752	0.00438	0.00629	0.00170	0.03992	0.00582	0.00251	0.00667
11	0.05198	0.24166	0.23590	0.01162	0.02620	0.06097	0.05474	0.03204	0.18264	0.01631	0.03306	0.01239	0.00956	0.00522	0.00440	0.00145	0.00584	0.00406	0.00302	0.00694
12	0.01076	0.02128	0.56130	0.01407	0.01958	0.01226	0.05167	0.01530	0.01010	0.04564	0.00890	0.01100	0.00666	0.00564	0.00733	0.00171	0.18355	0.00399	0.00230	0.00696
13	0.00860	0.00596	0.00734	0.00675	0.00836	0.00569	0.00514	0.01212	0.09991	0.07437	0.56728	0.03492	0.12458	0.00980	0.00573	0.00159	0.00268	0.00852	0.00539	0.00527
14	0.00807	0.00603	0.00728	0.00666	0.00821	0.00580	0.00508	0.07557	0.03983	0.01999	0.58471	0.03610	0.15742	0.01009	0.00578	0.00158	0.00270	0.00875	0.00530	0.00506
15	0.04065	0.01197	0.01340	0.11218	0.05769	0.11123	0.00931	0.18791	0.04567	0.33765	0.01423	0.01397	0.00971	0.00574	0.00488	0.00152	0.00549	0.00453	0.00463	0.00763
16	0.01445	0.01091	0.01182	0.01019	0.01329	0.01225	0.00805	0.13197	0.58996	0.11054	0.01904	0.01748	0.01394	0.00659	0.00505	0.00165	0.00420	0.00540	0.00518	0.00804
17	0.00607	0.00434	0.00578	0.00694	0.00723	0.00405	0.00463	0.00694	0.00954	0.01272	0.02747	0.82157	0.03297	0.01562	0.00636	0.00202	0.00289	0.01417	0.00463	0.00405
18	0.01189	0.01129	0.01895	0.11631	0.45821	0.01164	0.11057	0.05116	0.08084	0.01675	0.01150	0.05761	0.00977	0.00537	0.00515	0.00158	0.00596	0.00527	0.00291	0.00729
19	0.08940	0.01450	0.01478	0.01499	0.15601	0.21529	0.05965	0.08222	0.23022	0.05470	0.01254	0.01312	0.00959	0.00548	0.00477	0.00151	0.00602	0.00443	0.00366	0.00713
20	0.02077	0.01104	0.01315	0.01008	0.01400	0.01113	0.00833	0.37616	0.01855	0.43926	0.01607	0.01463	0.01053	0.00608	0.00500	0.00152	0.00482	0.00477	0.00562	0.00848
21	0.00631	0.00509	0.00564	0.00555	0.00706	0.00441	0.00420	0.00794	0.01220	0.01550	0.27558	0.04496	0.54039	0.01192	0.00592	0.00167	0.00254	0.03386	0.00489	0.00437
22	0.01585	0.05672	0.21653	0.01429	0.09998	0.01104	0.10585	0.08987	0.02935	0.29062	0.01330	0.01350	0.00913	0.00527	0.00495	0.00154	0.00590	0.00456	0.00395	0.00780
23	0.01470	0.01517	0.04412	0.01168	0.01479	0.22574	0.05106	0.14734	0.33818	0.01939	0.01489	0.05577	0.01188	0.00643	0.00500	0.00156	0.00588	0.00517	0.00410	0.00714
24	0.66450	0.01250	0.00894	0.00796	0.01098	0.16197	0.00638	0.04816	0.01019	0.02082	0.00730	0.00843	0.00572	0.00478	0.00343	0.00149	0.00490	0.00287	0.00307	0.00560
25	0.01241	0.01320	0.05637	0.18214	0.03759	0.08831	0.31300	0.07029	0.06977	0.03740	0.06029	0.01471	0.01047	0.00523	0.00534	0.00161	0.00697	0.00525	0.00309	0.00657
26	0.00613	0.00438	0.00585	0.00701	0.00732	0.00410	0.00473	0.00704	0.00960	0.01279	0.02744	0.79812	0.03284	0.01556	0.00638	0.00203	0.00294	0.03703	0.00463	0.00407
27	0.01034	0.00886	0.01034	0.00738	0.01181	0.00664	0.00591	0.01255	0.01034	0.01624	0.00886	0.01034	0.00738	0.00369	0.00369	0.00074	0.00369	0.00295	0.00295	0.85530
28	0.01091	0.01091	0.01527	0.01309	0.01309	0.01527	0.01091	0.01200	0.00763	0.01200	0.00654	0.01091	0.00654	0.00872	0.01636	0.00218	0.81570	0.00436	0.00218	0.00545
29	0.00617	0.00435	0.00575	0.00687	0.00719	0.00407	0.00459	0.00708	0.00957	0.01289	0.02715	0.79837	0.03238	0.01533	0.00628	0.00200	0.00288	0.01389	0.02913	0.00407
30	0.00617	0.00441	0.00590	0.00706	0.00739	0.00414	0.00480	0.00712	0.00964	0.01284	0.02742	0.78206	0.03275	0.01552	0.00639	0.00204	0.00298	0.05269	0.00463	0.00408
31	0.00702	0.00474	0.00550	0.00572	0.00578	0.00468	0.00333	0.00719	0.00769	0.01025	0.01796	0.18388	0.02097	0.66968	0.02173	0.00429	0.00446	0.00858	0.00333	0.00322
32	0.00742	0.00579	0.00859	0.00842	0.00924	0.00695	0.00660	0.00915	0.00798	0.01160	0.01281	0.01889	0.01199	0.03509	0.74197	0.00754	0.07754	0.00526	0.00263	0.00453
33	0.86003	0.00964	0.00733	0.00655	0.00964	0.01118	0.00540	0.01465	0.00848	0.02236	0.00694	0.00810	0.00540	0.00463	0.00308	0.00154	0.00386	0.00270	0.00308	0.00540
34	0.01085	0.00884	0.01039	0.00745	0.01185	0.00667	0.00597	0.01305	0.01050	0.04954	0.00932	0.01062	0.00759	0.00380	0.00375	0.00077	0.00371	0.00304	0.00309	0.81919
35	0.01034	0.00886	0.01034	0.00738	0.01181	0.00664	0.00591	0.01255	0.01034	0.01624	0.00886	0.01034	0.00738	0.00369	0.00369	0.00074	0.00369	0.00295	0.00295	0.85530
36	0.86003	0.00964	0.00733	0.00655	0.00964	0.01118	0.00540	0.01465	0.00848	0.02236	0.00694	0.00810	0.00540	0.00463	0.00308	0.00154	0.00386	0.00270	0.00308	0.00540
37	0.06702	0.01101	0.01144	0.01007	0.01304	0.01267	0.00791	0.11138	0.64853	0.02215	0.01849	0.01717	0.01382	0.00654	0.00494	0.00166	0.00411	0.00532	0.00494	0.00780
38	0.80597	0.00959	0.00781	0.05780	0.01121	0.01117	0.00593	0.01453	0.00858	0.02175	0.00706	0.00843	0.00548	0.00465	0.00321	0.00155	0.00403	0.00281	0.00303	0.00541
39	0.01201	0.01140	0.01929	0.02900	0.74363	0.01140	0.01452	0.01479	0.01109	0.01586	0.00978	0.01363	0.00855	0.05659	0.00623	0.00169	0.00585	0.00462	0.00250	0.00759
40	0.01230	0.01072	0.01152	0.01033	0.01297	0.01258	0.00808	0.02557	0.73533	0.02029	0.01941	0.01811	0.01466	0.00689	0.00579	0.00172	0.05554	0.00555	0.00489	0.00773
41	0.01844	0.01371	0.01467	0.01137	0.01526	0.01522	0.00935	0.71897	0.08240	0.03060	0.01261	0.01248	0.00900	0.00604	0.00499	0.00151	0.00537	0.00458	0.00499	0.00843
42	0.01059	0.00875	0.00979	0.00917	0.01139	0.00974	0.00724	0.02037	0.50202	0.01975	0.18462	0.02836	0.02404	0.00857	0.00552	0.00176	0.00371	0.12282	0.00509	0.00670

[dist]
# distance from previous block
# <min> <max>
0	2

[block]
# block no. 2 follows, 50 sequences, length 10
# corresponding to MSA columns:
# 279-288
name=unknown_C
#
# <colnr> <probs for GDERKNQSTAVLIFYWHMCP>
#	G	D	E	R	K	N	Q	S	T	A	V	L	I	F	Y	W	H	M	C	P
0	0.02127	0.00871	0.01192	0.00927	0.01276	0.00808	0.00767	0.02312	0.01364	0.72252	0.01842	0.01639	0.01179	0.00641	0.00609	0.00160	0.08140	0.00495	0.00579	0.00819
1	0.00816	0.00567	0.00794	0.00899	0.08247	0.00531	0.00585	0.01000	0.01221	0.06547	0.39311	0.31664	0.03607	0.01135	0.00591	0.00172	0.00300	0.01019	0.00493	0.00501
2	0.13911	0.00787	0.00895	0.00751	0.01035	0.00781	0.00604	0.01960	0.11601	0.35994	0.01694	0.01635	0.01184	0.00592	0.00431	0.00145	0.00360	0.00466	0.24487	0.00687
3	0.01090	0.00957	0.01574	0.54422	0.16984	0.01138	0.01343	0.01385	0.01027	0.06222	0.00941	0.01312	0.00722	0.00531	0.00605	0.00167	0.08271	0.00446	0.00250	0.00614
4	0.01168	0.05616	0.20105	0.01680	0.02188	0.01225	0.42488	0.03399	0.07220	0.03428	0.01168	0.01546	0.00918	0.00517	0.00544	0.00166	0.00728	0.04919	0.00287	0.00690
5	0.00606	0.00439	0.00573	0.00681	0.00719	0.00406	0.00457	0.00696	0.00967	0.01278	0.02908	0.76766	0.08584	0.01541	0.00633	0.00200	0.00287	0.01392	0.00463	0.00406
6	0.00745	0.00493	0.00654	0.00654	0.00685	0.00524	0.00439	0.00771	0.00739	0.01017	0.01365	0.02496	0.01447	0.40500	0.30251	0.15221	0.00778	0.00607	0.00275	0.00338
7	0.52642	0.01156	0.10005	0.00858	0.01185	0.01126	0.00785	0.01478	0.00906	0.06335	0.00798	0.00946	0.00621	0.00525	0.00537	0.00158	0.12266	0.00320	0.00300	0.07053
8	0.01143	0.00989	0.01089	0.00803	0.01229	0.03581	0.00642	0.07680	0.04351	0.01755	0.00955	0.01076	0.00776	0.00406	0.00388	0.00086	0.00404	0.00320	0.00320	0.72008
9	0.01383	0.23785	0.10341	0.03079	0.07097	0.02822	0.02379	0.22774	0.10801	0.01976	0.06510	0.01329	0.01100	0.00563	0.00474	0.00143	0.01933	0.00435	0.00355	0.00721

[dist]
# distance from previous block
# <min> <max>
3	5

[block]
# block no. 3 follows, 50 sequences, length 31
# corresponding to MSA columns:
# 294-324
name=unknown_D
#
# <colnr> <probs for GDERKNQSTAVLIFYWHMCP>
#	G	D	E	R	K	N	Q	S	T	A	V	L	I	F	Y	W	H	M	C	P
0	0.00920	0.00857	0.01435	0.76040	0.03257	0.01062	0.01324	0.01236	0.00994	0.01273	0.01007	0.06589	0.00836	0.00568	0.00507	0.00168	0.00640	0.00506	0.00237	0.00544
1	0.00740	0.00545	0.00700	0.00754	0.05788	0.00524	0.00478	0.00877	0.01083	0.01487	0.33968	0.03473	0.09504	0.32563	0.03406	0.00302	0.00389	0.02580	0.00417	0.00421
2	0.00620	0.00443	0.00593	0.00709	0.00743	0.00416	0.00485	0.00716	0.00967	0.01287	0.02740	0.77177	0.03269	0.01550	0.00640	0.00204	0.00300	0.06272	0.00462	0.00408
3	0.01000	0.02578	0.79900	0.01421	0.02157	0.01158	0.01842	0.01579	0.01052	0.01579	0.00895	0.01052	0.00631	0.00474	0.00474	0.00158	0.00737	0.00368	0.00210	0.00737
4	0.00642	0.00458	0.00618	0.00733	0.00777	0.00434	0.00522	0.00753	0.00988	0.01311	0.02728	0.68759	0.03222	0.01529	0.00645	0.00207	0.00319	0.14477	0.00462	0.00414
5	0.01862	0.02376	0.01413	0.01284	0.01541	0.80482	0.00963	0.01990	0.01413	0.01220	0.00770	0.00899	0.00642	0.00514	0.00449	0.00128	0.00899	0.00321	0.00257	0.00578
6	0.02236	0.00848	0.01157	0.00887	0.01272	0.00733	0.00733	0.02429	0.01427	0.79719	0.01966	0.01697	0.01234	0.00617	0.00501	0.00154	0.00424	0.00501	0.00617	0.00848
7	0.01895	0.01396	0.01496	0.01147	0.01546	0.01546	0.00947	0.77711	0.02344	0.03141	0.01197	0.01197	0.00848	0.00598	0.00499	0.00150	0.00548	0.00449	0.00499	0.00848
8	0.01333	0.82783	0.02612	0.00853	0.01279	0.01972	0.00853	0.01493	0.01013	0.01173	0.00693	0.00800	0.00640	0.00426	0.00320	0.00107	0.00533	0.00267	0.00213	0.00640
9	0.01137	0.35649	0.48031	0.01187	0.01795	0.01494	0.01434	0.01543	0.01036	0.01411	0.00811	0.00948	0.00635	0.00454	0.00410	0.00137	0.00653	0.00326	0.00212	0.00697
10	0.00941	0.00886	0.01495	0.81285	0.03433	0.01107	0.01384	0.01274	0.00997	0.01274	0.00886	0.01329	0.00664	0.00498	0.00498	0.00166	0.00664	0.00443	0.00221	0.00554
11	0.86003	0.00964	0.00733	0.00655	0.00964	0.01118	0.00540	0.01465	0.00848	0.02236	0.00694	0.00810	0.00540	0.00463	0.00308	0.00154	0.00386	0.00270	0.00308	0.00540
12	0.00590	0.00500	0.00510	0.00519	0.00677	0.00420	0.00385	0.00714	0.01123	0.01341	0.04882	0.10425	0.73651	0.01284	0.00593	0.00171	0.00255	0.01079	0.00463	0.00420
13	0.03086	0.05215	0.01805	0.01855	0.28829	0.03995	0.06122	0.37223	0.01707	0.03753	0.01061	0.01193	0.00806	0.00520	0.00489	0.00148	0.00588	0.00441	0.00372	0.00792
14	0.00783	0.00560	0.00704	0.00655	0.00796	0.00531	0.00496	0.01095	0.07001	0.04286	0.66569	0.03594	0.09023	0.00997	0.00580	0.00158	0.00253	0.00874	0.00542	0.00502
15	0.00690	0.00509	0.00645	0.00611	0.00735	0.00464	0.00458	0.00911	0.01375	0.01914	0.69452	0.03863	0.14415	0.01051	0.00588	0.00158	0.00237	0.00921	0.00538	0.00464
16	0.00941	0.00886	0.01495	0.81285	0.03433	0.01107	0.01384	0.01274	0.00997	0.01274	0.00886	0.01329	0.00664	0.00498	0.00498	0.00166	0.00664	0.00443	0.00221	0.00554
17	0.01219	0.13788	0.53315	0.01314	0.01911	0.17184	0.01527	0.01649	0.01119	0.01450	0.00841	0.00986	0.00635	0.00475	0.00447	0.00145	0.00741	0.00345	0.00220	0.00691
18	0.01234	0.01184	0.02023	0.03059	0.79373	0.01184	0.01530	0.01530	0.01135	0.01628	0.00938	0.01234	0.00790	0.00444	0.00493	0.00148	0.00592	0.00444	0.00247	0.00790
19	0.00665	0.00508	0.00610	0.00584	0.00720	0.00453	0.00438	0.00862	0.01315	0.01771	0.53189	0.04099	0.30767	0.01104	0.00588	0.00161	0.00241	0.00954	0.00519	0.00453
20	0.01203	0.01152	0.01951	0.02938	0.75620	0.01148	0.01475	0.01491	0.01135	0.01615	0.01134	0.01404	0.04528	0.00483	0.00498	0.00149	0.00576	0.00473	0.00257	0.00772
21	0.07149	0.01255	0.01409	0.01190	0.03381	0.10046	0.06822	0.23058	0.12046	0.10703	0.01344	0.07240	0.01088	0.00678	0.00634	0.00164	0.10148	0.00525	0.00412	0.00706
22	0.00725	0.00483	0.00544	0.00544	0.00544	0.00483	0.00302	0.00725	0.00725	0.00966	0.01571	0.03262	0.01812	0.82483	0.02537	0.00483	0.00483	0.00725	0.00302	0.00302
23	0.02236	0.00848	0.01157	0.00887	0.01272	0.00733	0.00733	0.02429	0.01427	0.79719	0.01966	0.01697	0.01234	0.00617	0.00501	0.00154	0.00424	0.00501	0.00617	0.00848
24	0.01450	0.01462	0.02376	0.01747	0.02196	0.09198	0.48017	0.23442	0.01534	0.02002	0.01039	0.01258	0.00771	0.00480	0.00549	0.00159	0.00763	0.00522	0.00323	0.00713
25	0.43504	0.00816	0.00906	0.04497	0.01133	0.00889	0.06532	0.01261	0.02482	0.03366	0.04530	0.23125	0.01542	0.02796	0.00501	0.00177	0.00405	0.00660	0.00361	0.00517
26	0.01885	0.00940	0.01160	0.00929	0.01277	0.00922	0.00754	0.11614	0.17742	0.48939	0.06905	0.01801	0.01473	0.00653	0.00508	0.00157	0.00421	0.00534	0.00575	0.00811
27	0.00653	0.00507	0.00593	0.00572	0.00712	0.00448	0.00429	0.00839	0.01286	0.01703	0.45545	0.04210	0.38453	0.01129	0.00588	0.00162	0.00243	0.00970	0.00510	0.00448
28	0.33974	0.03160	0.01210	0.01027	0.04998	0.03369	0.00797	0.32017	0.09037	0.04351	0.01068	0.01110	0.00792	0.00541	0.00421	0.00152	0.00479	0.00385	0.00404	0.00709
29	0.23402	0.01215	0.01265	0.04493	0.11824	0.06644	0.00896	0.19616	0.21852	0.02218	0.01211	0.01262	0.00917	0.00553	0.00448	0.00155	0.00500	0.00423	0.00390	0.00714
30	0.06184	0.01169	0.03207	0.01050	0.01431	0.01122	0.02648	0.28848	0.05325	0.22915	0.04661	0.03613	0.02547	0.00686	0.00531	0.00165	0.00500	0.00527	0.00516	0.12356

[dist]
# distance from previous block
# <min> <max>
0	42

[block]
# block no. 4 follows, 50 sequences, length 83
# corresponding to MSA columns:
# 368-450
name=unknown_E
#
# <colnr> <probs for GDERKNQSTAVLIFYWHMCP>
#	G	D	E	R	K	N	Q	S	T	A	V	L	I	F	Y	W	H	M	C	P
0	0.02551	0.04166	0.01252	0.01089	0.04952	0.01119	0.00843	0.23221	0.01283	0.03966	0.01154	0.01500	0.00983	0.01966	0.34845	0.00437	0.13253	0.00474	0.00334	0.00614
1	0.19155	0.01037	0.01074	0.00887	0.03978	0.04616	0.00679	0.08132	0.05792	0.05050	0.00981	0.01078	0.00770	0.00447	0.00389	0.00112	0.00425	0.00334	0.00338	0.44726
2	0.01211	0.01016	0.00923	0.00888	0.01064	0.17162	0.00696	0.11251	0.01312	0.04844	0.01853	0.17659	0.01838	0.00940	0.00528	0.00167	0.00482	0.18027	0.17599	0.00541
3	0.01034	0.00886	0.01034	0.00738	0.01181	0.00664	0.00591	0.01255	0.01034	0.01624	0.00886	0.01034	0.00738	0.00369	0.00369	0.00074	0.00369	0.00295	0.00295	0.85530
4	0.01110	0.00906	0.01081	0.00826	0.03585	0.00705	0.00634	0.03252	0.01086	0.04818	0.00939	0.01071	0.00763	0.00387	0.00382	0.00081	0.00383	0.00312	0.00312	0.77367
5	0.00724	0.00489	0.00570	0.00570	0.00580	0.00498	0.00335	0.00742	0.00733	0.00986	0.01546	0.03126	0.01753	0.74286	0.10654	0.00516	0.00572	0.00705	0.00298	0.00317
6	0.01234	0.01184	0.02023	0.03059	0.79373	0.01184	0.01530	0.01530	0.01135	0.01628	0.00938	0.01234	0.00790	0.00444	0.00493	0.00148	0.00592	0.00444	0.00247	0.00790
7	0.00603	0.00494	0.00532	0.00546	0.00688	0.00423	0.00400	0.00733	0.01134	0.01397	0.11721	0.16678	0.60352	0.01286	0.00596	0.00173	0.00257	0.01094	0.00471	0.00423
8	0.00594	0.00505	0.00511	0.00510	0.00676	0.00423	0.00382	0.00724	0.01147	0.01372	0.07981	0.04754	0.76223	0.01253	0.00589	0.00168	0.00252	0.01046	0.00466	0.00423
9	0.00637	0.00507	0.00572	0.00556	0.00703	0.00441	0.00417	0.00809	0.01250	0.01617	0.35788	0.04351	0.48264	0.01161	0.00589	0.00164	0.00245	0.00989	0.00498	0.00441
10	0.00621	0.00444	0.00594	0.00710	0.00745	0.00417	0.00487	0.00718	0.00968	0.01288	0.02740	0.76747	0.03266	0.01549	0.00640	0.00204	0.00301	0.06690	0.00462	0.00409
11	0.01333	0.82783	0.02612	0.00853	0.01279	0.01972	0.00853	0.01493	0.01013	0.01173	0.00693	0.00800	0.00640	0.00426	0.00320	0.00107	0.00533	0.00267	0.00213	0.00640
12	0.01000	0.02578	0.79900	0.01421	0.02157	0.01158	0.01842	0.01579	0.01052	0.01579	0.00895	0.01052	0.00631	0.00474	0.00474	0.00158	0.00737	0.00368	0.00210	0.00737
13	0.02170	0.00870	0.01162	0.00894	0.01272	0.00772	0.00737	0.06787	0.01480	0.72863	0.04281	0.01729	0.01317	0.00628	0.00504	0.00154	0.00426	0.00510	0.00608	0.00837
14	0.01333	0.82783	0.02612	0.00853	0.01279	0.01972	0.00853	0.01493	0.01013	0.01173	0.00693	0.00800	0.00640	0.00426	0.00320	0.00107	0.00533	0.00267	0.00213	0.00640
15	0.01612	0.01238	0.01324	0.01082	0.01428	0.01390	0.00872	0.42512	0.36134	0.04564	0.01585	0.01504	0.01157	0.00633	0.00502	0.00158	0.00477	0.00501	0.00505	0.00822
16	0.00751	0.00537	0.00739	0.00825	0.00926	0.00525	0.00683	0.00956	0.01162	0.01546	0.16636	0.18723	0.03279	0.01344	0.00661	0.00211	0.00388	0.49179	0.00476	0.00452
17	0.01263	0.01082	0.01140	0.01019	0.01305	0.01251	0.00795	0.05321	0.75763	0.02123	0.01999	0.01836	0.01498	0.00673	0.00507	0.00168	0.00400	0.00559	0.00507	0.00791
18	0.22531	0.01194	0.03942	0.07030	0.08676	0.11574	0.00859	0.04615	0.06979	0.01794	0.03185	0.01467	0.00994	0.00554	0.00434	0.00142	0.00511	0.05715	0.00323	0.17480
19	0.01348	0.74390	0.07451	0.00890	0.01335	0.01871	0.00911	0.01536	0.01032	0.04372	0.00757	0.00852	0.00663	0.00437	0.00337	0.00112	0.00542	0.00282	0.00229	0.00654
20	0.02236	0.00848	0.01157	0.00887	0.01272	0.00733	0.00733	0.02429	0.01427	0.79719	0.01966	0.01697	0.01234	0.00617	0.00501	0.00154	0.00424	0.00501	0.00617	0.00848
21	0.01176	0.01345	0.02941	0.02101	0.02605	0.01261	0.77563	0.01597	0.01176	0.01597	0.01008	0.01345	0.00756	0.00420	0.00588	0.00168	0.00840	0.00588	0.00252	0.00672
22	0.06972	0.01233	0.01358	0.01053	0.01439	0.01323	0.00868	0.53035	0.05122	0.20426	0.01375	0.01314	0.00944	0.00598	0.00488	0.00152	0.00504	0.00455	0.00514	0.00827
23	0.02236	0.00848	0.01157	0.00887	0.01272	0.00733	0.00733	0.02429	0.01427	0.79719	0.01966	0.01697	0.01234	0.00617	0.00501	0.00154	0.00424	0.00501	0.00617	0.00848
24	0.00607	0.00434	0.00578	0.00694	0.00723	0.00405	0.00463	0.00694	0.00954	0.01272	0.02747	0.82157	0.03297	0.01562	0.00636	0.00202	0.00289	0.01417	0.00463	0.00405
25	0.00941	0.00886	0.01495	0.81285	0.03433	0.01107	0.01384	0.01274	0.00997	0.01274	0.00886	0.01329	0.00664	0.00498	0.00498	0.00166	0.00664	0.00443	0.00221	0.00554
26	0.00941	0.00886	0.01495	0.81285	0.03433	0.01107	0.01384	0.01274	0.00997	0.01274	0.00886	0.01329	0.00664	0.00498	0.00498	0.00166	0.00664	0.00443	0.00221	0.00554
27	0.00834	0.00654	0.00784	0.00797	0.00959	0.00666	0.00648	0.01297	0.17879	0.01685	0.17506	0.04277	0.18970	0.01134	0.00609	0.00190	0.00359	0.29739	0.00487	0.00524
28	0.00721	0.00547	0.00689	0.00760	0.00895	0.00515	0.00641	0.00911	0.01143	0.01436	0.03561	0.05307	0.32056	0.01333	0.00650	0.00206	0.00380	0.47342	0.00460	0.00444
29	0.01000	0.02578	0.79900	0.01421	0.02157	0.01158	0.01842	0.01579	0.01052	0.01579	0.00895	0.01052	0.00631	0.00474	0.00474	0.00158	0.00737	0.00368	0.00210	0.00737
30	0.01682	0.01458	0.01204	0.01061	0.01338	0.31493	0.00828	0.06481	0.14562	0.20373	0.04664	0.04612	0.01362	0.00690	0.00504	0.00154	0.00599	0.05826	0.00433	0.00676
31	0.00829	0.00707	0.00987	0.00929	0.00995	0.02239	0.00736	0.00982	0.00799	0.01162	0.01160	0.01769	0.01106	0.06065	0.55830	0.00627	0.21840	0.00513	0.00256	0.00467
32	0.01872	0.01356	0.01462	0.01129	0.01521	0.01496	0.00930	0.70528	0.06570	0.06113	0.01274	0.01254	0.00901	0.00603	0.00499	0.00151	0.00535	0.00457	0.00504	0.00844
33	0.01243	0.01176	0.01862	0.15092	0.58097	0.03155	0.01432	0.06094	0.03963	0.01669	0.00980	0.01261	0.00796	0.00472	0.00494	0.00151	0.00601	0.00445	0.00267	0.00751
34	0.00729	0.00544	0.00667	0.00623	0.00762	0.00503	0.00471	0.03935	0.01393	0.01914	0.61248	0.03838	0.19410	0.01051	0.00585	0.00159	0.00251	0.00914	0.00530	0.00475
35	0.01240	0.01071	0.01127	0.01014	0.01296	0.01240	0.00789	0.02649	0.78473	0.02085	0.02029	0.01860	0.01522	0.00676	0.00507	0.00169	0.00394	0.00564	0.00507	0.00789
36	0.00941	0.00886	0.01495	0.81285	0.03433	0.01107	0.01384	0.01274	0.00997	0.01274	0.00886	0.01329	0.00664	0.00498	0.00498	0.00166	0.00664	0.00443	0.00221	0.00554
37	0.00725	0.00483	0.00544	0.00544	0.00544	0.00483	0.00302	0.00725	0.00725	0.00966	0.01571	0.03262	0.01812	0.82483	0.02537	0.00483	0.00483	0.00725	0.00302	0.00302
38	0.00854	0.00472	0.00483	0.00485	0.00607	0.00456	0.00362	0.01064	0.01073	0.01762	0.05496	0.04926	0.14289	0.00742	0.00407	0.00129	0.00238	0.00609	0.65090	0.00456
39	0.00616	0.00437	0.00576	0.00683	0.00710	0.00410	0.00451	0.00696	0.00938	0.01251	0.02664	0.76580	0.03192	0.07282	0.00771	0.00222	0.00303	0.01368	0.00451	0.00398
40	0.00605	0.00506	0.00528	0.00522	0.00683	0.00428	0.00392	0.00747	0.01175	0.01438	0.15444	0.04646	0.68719	0.01228	0.00589	0.00167	0.00250	0.01031	0.00475	0.00428
41	0.00929	0.00465	0.00465	0.00465	0.00581	0.00465	0.00348	0.01161	0.01045	0.01858	0.01626	0.01858	0.01278	0.00581	0.00348	0.00116	0.00232	0.00465	0.85250	0.00465
42	0.01862	0.02376	0.01413	0.01284	0.01541	0.80482	0.00963	0.01990	0.01413	0.01220	0.00770	0.00899	0.00642	0.00514	0.00449	0.00128	0.00899	0.00321	0.00257	0.00578
43	0.00712	0.00534	0.00801	0.00801	0.00890	0.00623	0.00623	0.00890	0.00801	0.01157	0.01335	0.01958	0.01246	0.03738	0.80507	0.00801	0.01335	0.00534	0.00267	0.00445
44	0.00697	0.00509	0.00655	0.00618	0.00740	0.00467	0.00464	0.00925	0.01392	0.01953	0.73875	0.03799	0.09967	0.01036	0.00588	0.00158	0.00236	0.00912	0.00543	0.00467
45	0.01663	0.01281	0.01366	0.01100	0.01458	0.01438	0.00891	0.51201	0.29231	0.02768	0.01491	0.01431	0.01086	0.00626	0.00502	0.00156	0.00494	0.00489	0.00502	0.00827
46	0.00962	0.00907	0.01532	0.75755	0.08801	0.01113	0.01395	0.01292	0.01006	0.01299	0.00890	0.01322	0.00673	0.00495	0.00498	0.00165	0.00659	0.00443	0.00223	0.00570
47	0.00595	0.00505	0.00514	0.00512	0.00677	0.00423	0.00384	0.00728	0.01151	0.01382	0.09073	0.04739	0.75126	0.01249	0.00589	0.00168	0.00252	0.01044	0.00468	0.00423
48	0.00589	0.00505	0.00505	0.00505	0.00673	0.00421	0.00379	0.00715	0.01136	0.01347	0.05049	0.04797	0.79171	0.01262	0.00589	0.00168	0.00252	0.01052	0.00463	0.00421
49	0.01068	0.04306	0.63247	0.01308	0.01963	0.01126	0.01609	0.03408	0.03681	0.03755	0.01018	0.01235	0.00760	0.00507	0.00471	0.00153	0.00672	0.02733	0.00252	0.06727
50	0.01119	0.00883	0.01042	0.00749	0.01188	0.00669	0.00601	0.01338	0.01061	0.07145	0.00962	0.01080	0.00773	0.00387	0.00378	0.00080	0.00373	0.00310	0.00318	0.79544
51	0.00641	0.00466	0.00604	0.00655	0.00727	0.00429	0.00459	0.00784	0.01132	0.01537	0.30161	0.48011	0.09858	0.01344	0.00615	0.00183	0.00267	0.01204	0.00493	0.00429
52	0.04118	0.00882	0.01150	0.00893	0.01264	0.00803	0.00734	0.07674	0.03579	0.67202	0.05000	0.01726	0.01338	0.00630	0.00500	0.00154	0.00424	0.00510	0.00595	0.00824
53	0.01895	0.01396	0.01496	0.01147	0.01546	0.01546	0.00947	0.77711	0.02344	0.03141	0.01197	0.01197	0.00848	0.00598	0.00499	0.00150	0.00548	0.00449	0.00499	0.00848
54	0.00941	0.00886	0.01495	0.81285	0.03433	0.01107	0.01384	0.01274	0.00997	0.01274	0.00886	0.01329	0.00664	0.00498	0.00498	0.00166	0.00664	0.00443	0.00221	0.00554
55	0.00929	0.00465	0.00465	0.00465	0.00581	0.00465	0.00348	0.01161	0.01045	0.01858	0.01626	0.01858	0.01278	0.00581	0.00348	0.00116	0.00232	0.00465	0.85250	0.00465
56	0.02175	0.00875	0.01166	0.00897	0.01277	0.00778	0.00740	0.07256	0.01485	0.72797	0.03875	0.01716	0.01297	0.00626	0.00503	0.00154	0.00427	0.00508	0.00608	0.00839
57	0.01192	0.01136	0.01931	0.08491	0.70828	0.01150	0.01477	0.01488	0.01136	0.01618	0.04092	0.01341	0.00939	0.00471	0.00498	0.00150	0.00583	0.00463	0.00257	0.00760
58	0.00725	0.00483	0.00544	0.00544	0.00544	0.00483	0.00302	0.00725	0.00725	0.00966	0.01571	0.03262	0.01812	0.82483	0.02537	0.00483	0.00483	0.00725	0.00302	0.00302
59	0.00945	0.01006	0.07037	0.75639	0.03343	0.01111	0.01417	0.01295	0.01001	0.01295	0.00887	0.01309	0.00662	0.00497	0.00497	0.00166	0.00670	0.00438	0.00221	0.00567
60	0.00724	0.00489	0.00571	0.00571	0.00580	0.00498	0.00336	0.00742	0.00733	0.00986	0.01546	0.03126	0.01753	0.74266	0.10673	0.00516	0.00572	0.00705	0.00298	0.00317
61	0.07519	0.01119	0.01852	0.05074	0.09224	0.01105	0.26911	0.09045	0.06314	0.22956	0.01352	0.01501	0.00972	0.00536	0.00520	0.00161	0.00600	0.02107	0.00397	0.00736
62	0.01305	0.00922	0.01092	0.00797	0.01226	0.00748	0.00644	0.07754	0.01207	0.14766	0.01092	0.01158	0.00830	0.00429	0.00402	0.00093	0.00393	0.00342	0.00366	0.64435
63	0.00607	0.00434	0.00578	0.00694	0.00723	0.00405	0.00463	0.00694	0.00954	0.01272	0.02747	0.82157	0.03297	0.01562	0.00636	0.00202	0.00289	0.01417	0.00463	0.00405
64	0.04207	0.06458	0.30305	0.01058	0.01595	0.01037	0.02159	0.07584	0.03121	0.04890	0.00970	0.01084	0.00735	0.00451	0.00425	0.00123	0.00539	0.00351	0.00294	0.32617
65	0.03459	0.01161	0.08356	0.13377	0.20701	0.02631	0.06279	0.06822	0.02778	0.03359	0.10922	0.01524	0.01263	0.00535	0.00485	0.00142	0.00540	0.00477	0.00319	0.14870
66	0.07533	0.03441	0.27953	0.01026	0.01438	0.00976	0.02525	0.09047	0.06034	0.06603	0.20377	0.03323	0.04065	0.01750	0.00529	0.00162	0.00497	0.01680	0.00389	0.00650
67	0.01845	0.01315	0.01371	0.01085	0.01449	0.06927	0.00882	0.50977	0.08481	0.15192	0.03236	0.02560	0.01080	0.00626	0.00500	0.00151	0.00529	0.00483	0.00502	0.00808
68	0.00778	0.00560	0.00763	0.00851	0.00965	0.00551	0.00727	0.00994	0.01159	0.01516	0.10531	0.05298	0.07384	0.04221	0.00738	0.00228	0.00425	0.61394	0.00463	0.00452
69	0.01243	0.00919	0.03109	0.07770	0.14682	0.00911	0.03234	0.02806	0.18294	0.16135	0.11426	0.11160	0.01834	0.03476	0.00597	0.00175	0.00450	0.00663	0.00438	0.00676
70	0.04009	0.05877	0.10159	0.03985	0.05292	0.02685	0.00978	0.21898	0.08126	0.27232	0.03791	0.01443	0.01090	0.00584	0.00484	0.00152	0.00514	0.00462	0.00459	0.00780
71	0.00971	0.00916	0.01548	0.73445	0.11043	0.01115	0.01399	0.01299	0.01011	0.01309	0.00891	0.01319	0.00677	0.00493	0.00498	0.00164	0.00657	0.00443	0.00224	0.00577
72	0.00629	0.00470	0.00587	0.00648	0.00729	0.00428	0.00459	0.00758	0.01088	0.01431	0.17081	0.46555	0.21260	0.01386	0.00619	0.00187	0.00278	0.04505	0.00478	0.00423
73	0.03144	0.04466	0.05831	0.31201	0.08174	0.03821	0.14008	0.06580	0.06199	0.01588	0.02725	0.03704	0.00991	0.00575	0.00531	0.00164	0.01963	0.03413	0.00291	0.00630
74	0.00956	0.04644	0.12954	0.00931	0.01130	0.00865	0.03141	0.01160	0.02482	0.06193	0.01277	0.03091	0.01222	0.24278	0.21460	0.02443	0.10432	0.00548	0.00288	0.00504
75	0.00602	0.00505	0.00523	0.00519	0.00681	0.00426	0.00389	0.00741	0.01167	0.01420	0.13396	0.04676	0.70778	0.01235	0.00589	0.00167	0.00251	0.01035	0.00473	0.00426
76	0.09582	0.00876	0.01021	0.00817	0.01136	0.00861	0.00667	0.16574	0.01463	0.39361	0.01734	0.01654	0.03708	0.00613	0.00455	0.00146	0.00400	0.00481	0.17723	0.00728
77	0.07111	0.04165	0.18269	0.08349	0.04342	0.03075	0.06396	0.18808	0.05833	0.10937	0.01238	0.05818	0.00963	0.00594	0.00506	0.00158	0.01867	0.00487	0.00367	0.00716
78	0.09885	0.03456	0.39094	0.01365	0.04612	0.01148	0.10382	0.06397	0.01181	0.14224	0.01069	0.01177	0.00753	0.00505	0.00503	0.00158	0.02640	0.00413	0.00310	0.00729
79	0.01008	0.02524	0.76516	0.01451	0.02177	0.01162	0.05171	0.01579	0.01058	0.01579	0.00900	0.01065	0.00637	0.00471	0.00479	0.00158	0.00741	0.00378	0.00212	0.00734
80	0.15459	0.07719	0.04757	0.02806	0.16222	0.17012	0.07464	0.03916	0.01116	0.04187	0.00844	0.01058	0.00690	0.00541	0.00638	0.00156	0.14116	0.00387	0.00270	0.00642
81	0.00760	0.00516	0.00671	0.03850	0.00857	0.00493	0.00516	0.00963	0.01226	0.03588	0.40369	0.19524	0.06946	0.01082	0.00570	0.00167	0.00284	0.06242	0.10913	0.00466
82	0.04036	0.02519	0.02628	0.02488	0.15114	0.12828	0.04745	0.17245	0.14758	0.05552	0.05466	0.01500	0.01161	0.03819	0.00591	0.00164	0.02058	0.00481	0.00381	0.02468

[dist]
# distance from previous block
# <min> <max>
3	13

[block]
# block no. 5 follows, 50 sequences, length 29
# corresponding to MSA columns:
# 464-492
name=unknown_F
#
# <colnr> <probs for GDERKNQSTAVLIFYWHMCP>
#	G	D	E	R	K	N	Q	S	T	A	V	L	I	F	Y	W	H	M	C	P
0	0.07256	0.26299	0.24903	0.03266	0.01604	0.03574	0.01121	0.09666	0.01207	0.09401	0.00953	0.01040	0.00719	0.00480	0.00413	0.00134	0.00576	0.00348	0.00297	0.06742
1	0.07170	0.00746	0.00998	0.00849	0.01088	0.00724	0.06033	0.01567	0.10478	0.20674	0.31983	0.07288	0.04887	0.00847	0.00543	0.00163	0.00362	0.02473	0.00513	0.00613
2	0.00730	0.00541	0.00686	0.00747	0.02903	0.00524	0.00524	0.00930	0.05125	0.03212	0.10525	0.32406	0.18980	0.06467	0.08584	0.00264	0.00418	0.05534	0.00442	0.00457
3	0.08369	0.33935	0.09337	0.01171	0.03346	0.08153	0.11448	0.01675	0.06075	0.06407	0.00938	0.01056	0.00748	0.00480	0.00447	0.00136	0.02895	0.00369	0.00277	0.02740
4	0.01337	0.07423	0.08653	0.03722	0.06605	0.01053	0.02431	0.10949	0.14821	0.15696	0.06908	0.08733	0.01518	0.00906	0.05841	0.00202	0.00535	0.01543	0.00426	0.00698
5	0.00613	0.00474	0.00560	0.00606	0.00705	0.00421	0.00429	0.00737	0.01093	0.01405	0.14363	0.39179	0.34904	0.01362	0.00610	0.00182	0.00266	0.01194	0.00475	0.00421
6	0.00700	0.00541	0.00653	0.00717	0.00787	0.02989	0.00505	0.02669	0.01059	0.01400	0.11282	0.57019	0.07720	0.01567	0.05946	0.00232	0.00380	0.02947	0.00454	0.00433
7	0.03527	0.21553	0.28901	0.08886	0.05994	0.01355	0.06822	0.05183	0.05236	0.06599	0.00993	0.01132	0.00747	0.00484	0.00448	0.00146	0.00624	0.00390	0.00275	0.00704
8	0.00819	0.00561	0.00793	0.00773	0.02616	0.00535	0.05617	0.01019	0.01133	0.04005	0.23444	0.24041	0.05285	0.01162	0.05242	0.00198	0.00368	0.00874	0.21034	0.00480
9	0.01954	0.01301	0.01437	0.01102	0.01498	0.01405	0.00910	0.64635	0.02184	0.16442	0.01330	0.01284	0.00915	0.00602	0.00499	0.00150	0.00527	0.00458	0.00519	0.00848
10	0.29070	0.08153	0.03981	0.04059	0.11882	0.21366	0.07086	0.02658	0.01098	0.01672	0.00789	0.00974	0.00641	0.00488	0.00466	0.00147	0.04238	0.00350	0.00267	0.00613
11	0.86003	0.00964	0.00733	0.00655	0.00964	0.01118	0.00540	0.01465	0.00848	0.02236	0.00694	0.00810	0.00540	0.00463	0.00308	0.00154	0.00386	0.00270	0.00308	0.00540
12	0.01333	0.82783	0.02612	0.00853	0.01279	0.01972	0.00853	0.01493	0.01013	0.01173	0.00693	0.00800	0.00640	0.00426	0.00320	0.00107	0.00533	0.00267	0.00213	0.00640
13	0.00725	0.00518	0.00713	0.00829	0.00909	0.00506	0.00667	0.00898	0.01070	0.01404	0.02682	0.36164	0.03039	0.01451	0.00668	0.00219	0.00391	0.46248	0.00460	0.00437
14	0.00941	0.00886	0.01495	0.81285	0.03433	0.01107	0.01384	0.01274	0.00997	0.01274	0.00886	0.01329	0.00664	0.00498	0.00498	0.00166	0.00664	0.00443	0.00221	0.00554
15	0.01263	0.01149	0.01839	0.21947	0.46255	0.01224	0.03720	0.13338	0.01291	0.01776	0.00967	0.01255	0.00767	0.00481	0.00498	0.00153	0.00611	0.00449	0.00280	0.00737
16	0.10897	0.00860	0.01113	0.00863	0.01241	0.00772	0.00713	0.02329	0.01367	0.71708	0.01835	0.01605	0.01162	0.00601	0.00481	0.00154	0.00420	0.00477	0.00585	0.00816
17	0.00649	0.00507	0.00588	0.00568	0.00710	0.00446	0.00426	0.00832	0.01278	0.01684	0.43344	0.04242	0.40666	0.01137	0.00588	0.00162	0.00244	0.00974	0.00507	0.00446
18	0.01443	0.01534	0.01314	0.01164	0.01426	0.28727	0.03470	0.02288	0.43961	0.01710	0.01466	0.01458	0.01133	0.00624	0.00565	0.00158	0.05997	0.00472	0.00392	0.00696
19	0.01008	0.00761	0.00915	0.00871	0.01042	0.00843	0.00666	0.05488	0.28216	0.05023	0.01917	0.17206	0.01784	0.04970	0.24079	0.00373	0.00665	0.03158	0.00423	0.00591
20	0.00629	0.00450	0.00603	0.00715	0.00754	0.00423	0.00497	0.00734	0.00985	0.01312	0.04628	0.72579	0.03289	0.01530	0.00640	0.00204	0.00305	0.08847	0.00464	0.00412
21	0.01176	0.01345	0.02941	0.02101	0.02605	0.01261	0.77563	0.01597	0.01176	0.01597	0.01008	0.01345	0.00756	0.00420	0.00588	0.00168	0.00840	0.00588	0.00252	0.00672
22	0.01834	0.01405	0.01428	0.01115	0.01487	0.06744	0.00912	0.68028	0.02203	0.02936	0.01194	0.01217	0.00860	0.00592	0.00486	0.00146	0.00553	0.00441	0.05613	0.00806
23	0.04612	0.00843	0.01055	0.00838	0.01160	0.00793	0.00682	0.12233	0.01493	0.48691	0.12427	0.01895	0.01642	0.00661	0.00492	0.00150	0.00395	0.00538	0.08650	0.00749
24	0.01308	0.01146	0.01565	0.01658	0.21559	0.06312	0.04999	0.11806	0.01203	0.06852	0.03238	0.01410	0.00968	0.03410	0.08844	0.00242	0.22032	0.00476	0.00311	0.00659
25	0.01450	0.01393	0.04972	0.01592	0.02010	0.11216	0.38850	0.10905	0.01373	0.11998	0.01268	0.01687	0.00999	0.00567	0.00553	0.00164	0.00720	0.07247	0.00347	0.00688
26	0.00643	0.00470	0.00601	0.00681	0.00732	0.00452	0.00465	0.00765	0.02759	0.01266	0.02743	0.58002	0.10417	0.09349	0.06447	0.00268	0.00384	0.02712	0.00435	0.00410
27	0.05650	0.01045	0.00940	0.00850	0.01046	0.16074	0.00647	0.10628	0.06108	0.07073	0.01418	0.05816	0.01230	0.09272	0.13129	0.00278	0.00629	0.00520	0.17085	0.00561
28	0.52089	0.00990	0.01122	0.00907	0.01245	0.01061	0.10696	0.04163	0.03399	0.14225	0.05042	0.01213	0.00931	0.00521	0.00402	0.00156	0.00449	0.00395	0.00374	0.00619

[dist]
# distance from previous block
# <min> <max>
1	10

[block]
# block no. 6 follows, 50 sequences, length 26
# corresponding to MSA columns:
# 503-528
name=unknown_G
#
# <colnr> <probs for GDERKNQSTAVLIFYWHMCP>
#	G	D	E	R	K	N	Q	S	T	A	V	L	I	F	Y	W	H	M	C	P
0	0.03204	0.16217	0.16069	0.01174	0.06867	0.09314	0.03367	0.06860	0.01229	0.03747	0.12044	0.01636	0.06043	0.00615	0.00518	0.00143	0.04366	0.00479	0.00321	0.05787
1	0.00624	0.00488	0.00565	0.00584	0.00704	0.00430	0.00423	0.00769	0.01163	0.01499	0.23841	0.23691	0.40896	0.01273	0.00600	0.00174	0.00257	0.01103	0.00485	0.00430
2	0.01403	0.14634	0.01666	0.01262	0.07556	0.01429	0.06743	0.19899	0.35923	0.02110	0.01451	0.01441	0.01103	0.00579	0.00479	0.00152	0.00503	0.00480	0.00417	0.00769
3	0.01264	0.01334	0.14723	0.03665	0.26405	0.03222	0.04401	0.05092	0.07286	0.09047	0.06395	0.01433	0.01114	0.00521	0.00485	0.00143	0.00550	0.00460	0.00334	0.12125
4	0.03162	0.34993	0.18769	0.01021	0.01485	0.01410	0.02511	0.08422	0.01219	0.17113	0.01134	0.04763	0.00895	0.00542	0.00424	0.00137	0.00549	0.00410	0.00332	0.00709
5	0.01461	0.32998	0.02964	0.01062	0.05641	0.01367	0.04690	0.09129	0.08073	0.16863	0.04557	0.01553	0.06437	0.00585	0.00444	0.00138	0.00492	0.00463	0.00380	0.00703
6	0.00648	0.00491	0.00597	0.00604	0.00718	0.00441	0.00440	0.00816	0.01225	0.01637	0.39332	0.21362	0.27448	0.01214	0.00599	0.00170	0.00252	0.01062	0.00503	0.00441
7	0.02069	0.03057	0.06930	0.02649	0.01080	0.02742	0.00701	0.03535	0.01171	0.13438	0.14242	0.18624	0.15892	0.01175	0.05751	0.00210	0.04932	0.00817	0.00436	0.00550
8	0.06084	0.12530	0.38356	0.01163	0.01710	0.01131	0.03915	0.01776	0.01146	0.22945	0.01214	0.01349	0.00873	0.00535	0.00463	0.00153	0.00599	0.02991	0.00337	0.00732
9	0.00814	0.00587	0.00712	0.00711	0.00865	0.00561	0.00560	0.01116	0.08621	0.05557	0.23916	0.10253	0.25030	0.01156	0.00602	0.00181	0.00318	0.17445	0.00497	0.00498
10	0.01987	0.01012	0.01232	0.00962	0.01332	0.01002	0.00789	0.24326	0.08251	0.47477	0.05037	0.01651	0.01294	0.00634	0.00505	0.00154	0.00450	0.00508	0.00570	0.00827
11	0.81291	0.00942	0.00737	0.00670	0.00968	0.01088	0.00554	0.01441	0.00865	0.02195	0.00802	0.01076	0.00669	0.00513	0.00329	0.00158	0.00390	0.04460	0.00317	0.00535
12	0.02771	0.06611	0.14378	0.06653	0.04452	0.00801	0.05972	0.01078	0.01052	0.01459	0.10654	0.36762	0.03353	0.01014	0.00555	0.00175	0.00452	0.00909	0.00370	0.00531
13	0.01217	0.00686	0.00837	0.00691	0.00968	0.00577	0.00544	0.01405	0.01215	0.24497	0.12032	0.06539	0.18901	0.00798	0.00495	0.00139	0.00327	0.00669	0.07542	0.19922
14	0.01122	0.00907	0.01057	0.00769	0.01201	0.00718	0.00616	0.03619	0.04392	0.05225	0.00993	0.01104	0.00797	0.00400	0.00385	0.00084	0.00378	0.00321	0.00325	0.75588
15	0.03131	0.12847	0.06283	0.01173	0.12068	0.01060	0.00882	0.07349	0.04557	0.09682	0.01070	0.02202	0.00847	0.00468	0.00417	0.00115	0.00466	0.00375	0.00332	0.34677
16	0.06808	0.07782	0.29835	0.03465	0.09084	0.03918	0.01233	0.04213	0.01145	0.11240	0.01215	0.01479	0.03063	0.00565	0.00494	0.00151	0.02645	0.04581	0.00310	0.06773
17	0.00773	0.06164	0.00781	0.00683	0.00800	0.00563	0.00511	0.00932	0.01166	0.04737	0.31695	0.32815	0.08109	0.03389	0.00641	0.00183	0.00302	0.04811	0.00480	0.00465
18	0.00835	0.00569	0.00730	0.00773	0.03910	0.00544	0.00540	0.03703	0.01167	0.05499	0.23390	0.21392	0.09825	0.12806	0.00869	0.00221	0.00343	0.08938	0.03476	0.00471
19	0.04279	0.32855	0.19652	0.01399	0.07528	0.01518	0.15673	0.05259	0.03293	0.01537	0.00877	0.01046	0.00703	0.00461	0.00454	0.00140	0.02008	0.00384	0.00248	0.00688
20	0.07043	0.05112	0.06649	0.05597	0.18181	0.05478	0.12156	0.04291	0.03153	0.10472	0.04151	0.03957	0.01066	0.00557	0.00511	0.00150	0.02306	0.01773	0.00330	0.07066
21	0.00662	0.00473	0.00590	0.00658	0.00707	0.00449	0.00451	0.00751	0.00950	0.01248	0.05000	0.41913	0.10987	0.22753	0.01135	0.00274	0.00354	0.09833	0.00423	0.00388
22	0.00817	0.00458	0.00662	0.00674	0.00700	0.00459	0.00471	0.00717	0.00766	0.01028	0.05554	0.06142	0.03099	0.04696	0.07617	0.59280	0.00482	0.05820	0.00276	0.00282
23	0.01423	0.11063	0.16388	0.04466	0.05941	0.07962	0.05713	0.08887	0.07879	0.15441	0.04848	0.03832	0.02781	0.00595	0.00485	0.00151	0.00574	0.00490	0.00372	0.00709
24	0.01584	0.04595	0.04014	0.03938	0.03586	0.03547	0.00884	0.20827	0.07852	0.22821	0.07172	0.01733	0.05633	0.00683	0.00616	0.00159	0.08645	0.00523	0.00458	0.00728
25	0.00660	0.00492	0.00587	0.00604	0.00715	0.00445	0.00442	0.00818	0.01169	0.01558	0.28482	0.20986	0.29010	0.04110	0.00663	0.00184	0.00271	0.04440	0.03931	0.00433

[dist]
# distance from previous block
# <min> <max>
1	7

[block]
# block no. 7 follows, 50 sequences, length 10
# corresponding to MSA columns:
# 536-545
name=unknown_H
#
# <colnr> <probs for GDERKNQSTAVLIFYWHMCP>
#	G	D	E	R	K	N	Q	S	T	A	V	L	I	F	Y	W	H	M	C	P
0	0.03035	0.09979	0.05852	0.10139	0.04970	0.17376	0.03090	0.33705	0.03590	0.02115	0.01005	0.01118	0.00760	0.00534	0.00468	0.00144	0.00643	0.00403	0.00354	0.00720
1	0.00709	0.00494	0.00584	0.00582	0.00616	0.00498	0.00365	0.00757	0.00803	0.01073	0.04931	0.03231	0.09306	0.59547	0.14038	0.00488	0.00580	0.00735	0.00322	0.00342
2	0.08034	0.36233	0.14187	0.05919	0.01578	0.13797	0.01043	0.05167	0.04427	0.01466	0.00828	0.00961	0.00680	0.00489	0.00435	0.00134	0.03395	0.00329	0.00254	0.00645
3	0.04702	0.06706	0.01668	0.13409	0.21758	0.08303	0.07878	0.06946	0.09890	0.05616	0.01227	0.07516	0.01037	0.00588	0.00493	0.00155	0.00583	0.00518	0.00327	0.00683
