[name]
unknown

[dist]
# distance from previous block
# <min> <max>
0	86

[block]
# block no. 0 follows, 39 sequences, length 41
# corresponding to MSA columns:
# 100-140
name=unknown_A
#
# <colnr> <probs for GDERKNQSTAVLIFYWHMCP>
#	G	D	E	R	K	N	Q	S	T	A	V	L	I	F	Y	W	H	M	C	P
0	0.00816	0.00659	0.00712	0.00707	0.00900	0.00591	0.00541	0.04999	0.01433	0.01771	0.09487	0.11268	0.55608	0.01475	0.00706	0.00206	0.00341	0.06690	0.00557	0.00533
1	0.01408	0.01490	0.03014	0.02174	0.02722	0.01407	0.57869	0.07374	0.01516	0.02076	0.07095	0.01785	0.01277	0.00568	0.00675	0.00190	0.00881	0.00695	0.00353	0.05429
2	0.01979	0.01476	0.01588	0.01263	0.01675	0.01623	0.01026	0.58194	0.08134	0.03333	0.01901	0.07881	0.05495	0.00853	0.00611	0.00186	0.00592	0.00675	0.00587	0.00930
3	0.01440	0.01337	0.01773	0.01484	0.01588	0.01757	0.01234	0.12767	0.01219	0.01814	0.00893	0.01310	0.00818	0.00950	0.01644	0.00236	0.61564	0.00510	0.00316	0.05346
4	0.00880	0.00657	0.00841	0.00768	0.00951	0.00583	0.00576	0.01143	0.01571	0.02243	0.59542	0.09910	0.04816	0.01157	0.00667	0.00177	0.00305	0.01022	0.00603	0.11588
5	0.01011	0.06961	0.01053	0.00794	0.01025	0.00741	0.00624	0.01279	0.01577	0.04757	0.56848	0.03631	0.04424	0.01033	0.00634	0.00168	0.00336	0.00897	0.00582	0.11626
6	0.01468	0.01265	0.01933	0.04020	0.05991	0.01500	0.12252	0.09902	0.01295	0.07564	0.01185	0.01628	0.01006	0.04076	0.08978	0.00309	0.33964	0.00578	0.00352	0.00733
7	0.66022	0.01183	0.01081	0.01059	0.07129	0.01326	0.00779	0.05890	0.01187	0.08347	0.00997	0.01108	0.00749	0.00571	0.00414	0.00182	0.00491	0.00370	0.00401	0.00713
8	0.00901	0.00687	0.00973	0.00935	0.01061	0.00769	0.00721	0.01097	0.00970	0.01421	0.01540	0.02316	0.01457	0.09840	0.60038	0.00804	0.04551	0.00623	0.02385	0.06911
9	0.00918	0.00692	0.00868	0.00791	0.00976	0.00649	0.00599	0.01306	0.07430	0.02345	0.63664	0.03994	0.04914	0.01117	0.00670	0.00180	0.00306	0.00982	0.00624	0.06977
10	0.76938	0.01184	0.00941	0.00824	0.01199	0.01367	0.00679	0.07452	0.01148	0.02739	0.00871	0.00997	0.00670	0.00562	0.00384	0.00183	0.00473	0.00337	0.00384	0.00670
11	0.02060	0.02589	0.01674	0.01509	0.01805	0.67793	0.04087	0.02223	0.01622	0.01471	0.01108	0.07127	0.01012	0.00701	0.00557	0.00161	0.01007	0.00495	0.00323	0.00674
12	0.01382	0.01322	0.02253	0.21081	0.58714	0.01384	0.01774	0.01743	0.01308	0.01833	0.01098	0.01490	0.00902	0.00542	0.00587	0.00181	0.00723	0.00527	0.00286	0.00871
13	0.02072	0.01374	0.01666	0.01282	0.01716	0.01440	0.06591	0.44281	0.02264	0.16992	0.04060	0.01849	0.03879	0.00739	0.00594	0.00178	0.00597	0.00600	0.06901	0.00923
14	0.02628	0.01047	0.01398	0.01072	0.01530	0.00930	0.00885	0.07323	0.01761	0.71400	0.02276	0.01976	0.01435	0.00731	0.00595	0.00183	0.00512	0.00591	0.00723	0.01006
15	0.00838	0.00621	0.00784	0.00740	0.00891	0.00575	0.00556	0.01138	0.03475	0.02290	0.65859	0.04500	0.13056	0.01230	0.00695	0.00188	0.00286	0.01079	0.00639	0.00561
16	0.00849	0.00569	0.00648	0.00659	0.00662	0.00566	0.00373	0.00857	0.00881	0.01175	0.01972	0.09720	0.02287	0.73179	0.02834	0.00547	0.00555	0.00924	0.00373	0.00368
17	0.01349	0.01047	0.01239	0.00891	0.01411	0.00795	0.00715	0.01609	0.01266	0.08284	0.01161	0.01294	0.00926	0.00463	0.00451	0.00096	0.00444	0.00371	0.00383	0.75804
18	0.00755	0.00539	0.00726	0.00863	0.00912	0.00510	0.00609	0.00883	0.01166	0.01548	0.03240	0.68096	0.03836	0.01820	0.00764	0.00245	0.00373	0.12075	0.00548	0.00490
19	0.01396	0.01595	0.03490	0.02493	0.03091	0.01496	0.73380	0.01894	0.01396	0.01894	0.01196	0.01595	0.00897	0.00499	0.00698	0.00199	0.00997	0.00698	0.00299	0.00798
20	0.00767	0.00556	0.00729	0.00838	0.00897	0.00531	0.00577	0.00950	0.03897	0.01638	0.10282	0.66471	0.03982	0.01744	0.00745	0.00234	0.00348	0.03747	0.00561	0.00507
21	0.00773	0.00586	0.00790	0.00891	0.00922	0.00603	0.00618	0.00879	0.01111	0.01502	0.03031	0.71689	0.03623	0.01777	0.00864	0.00242	0.07508	0.01574	0.00522	0.00496
22	0.81223	0.01194	0.02857	0.00802	0.01181	0.01328	0.00681	0.01742	0.01013	0.02633	0.00830	0.00968	0.00643	0.00549	0.00371	0.00183	0.00468	0.00323	0.00363	0.00647
23	0.00867	0.00636	0.00831	0.00859	0.00928	0.00643	0.01808	0.00994	0.01120	0.01496	0.07709	0.20267	0.06644	0.30280	0.03641	0.00383	0.03729	0.16233	0.00463	0.00469
24	0.01419	0.48137	0.33113	0.01289	0.01946	0.01943	0.01494	0.01813	0.01221	0.01589	0.00920	0.01072	0.00755	0.00529	0.00454	0.00151	0.00732	0.00366	0.00252	0.00806
25	0.00991	0.00639	0.00840	0.00770	0.00937	0.00584	0.00584	0.01266	0.01676	0.08624	0.69021	0.04213	0.05230	0.01168	0.00689	0.00186	0.00298	0.01029	0.00658	0.00596
26	0.01581	0.79572	0.03099	0.01012	0.01518	0.02340	0.01012	0.01771	0.01202	0.01391	0.00822	0.00949	0.00759	0.00506	0.00379	0.00126	0.00632	0.00316	0.00253	0.00759
27	0.01167	0.00822	0.00986	0.00800	0.01132	0.00678	0.00624	0.01408	0.01389	0.09189	0.20862	0.02891	0.12886	0.02636	0.02532	0.00173	0.00407	0.00715	0.04657	0.34047
28	0.00726	0.00587	0.00646	0.00660	0.00823	0.00507	0.00484	0.00891	0.01371	0.01719	0.17663	0.17009	0.51839	0.01503	0.00708	0.00204	0.00303	0.01285	0.00567	0.00507
29	0.02177	0.02765	0.01681	0.01525	0.01819	0.74202	0.01148	0.02328	0.01649	0.01446	0.00909	0.01074	0.00762	0.00624	0.00583	0.00156	0.03779	0.00386	0.00303	0.00684
30	0.02125	0.01596	0.01706	0.01336	0.01787	0.01777	0.01094	0.62446	0.14090	0.03529	0.01576	0.01544	0.01132	0.00724	0.00593	0.00181	0.00622	0.00554	0.00593	0.00995
31	0.00837	0.00604	0.00790	0.00744	0.00883	0.00558	0.00558	0.01116	0.01674	0.02371	0.75216	0.04417	0.05580	0.01209	0.00697	0.00186	0.00279	0.01069	0.00651	0.00558
32	0.01352	0.01467	0.02776	0.02093	0.02436	0.01630	0.42717	0.01694	0.01187	0.01694	0.01018	0.01467	0.00846	0.00727	0.01227	0.00225	0.33809	0.00621	0.00282	0.00734
33	0.00843	0.00566	0.00650	0.00667	0.00671	0.00562	0.00382	0.00855	0.00894	0.01191	0.02036	0.13119	0.02367	0.69671	0.02732	0.00532	0.00545	0.00961	0.00382	0.00373
34	0.02161	0.01544	0.01659	0.01283	0.01727	0.01698	0.01056	0.65466	0.02619	0.05533	0.01488	0.01503	0.01062	0.00709	0.00576	0.00174	0.00615	0.00536	0.07624	0.00967
35	0.02088	0.02571	0.01553	0.01417	0.01704	0.68521	0.01063	0.02254	0.01628	0.01530	0.01025	0.01191	0.00844	0.00618	0.00520	0.00151	0.00980	0.00399	0.09270	0.00671
36	0.01294	0.01294	0.01811	0.01553	0.01553	0.01811	0.01294	0.01423	0.00906	0.01423	0.00776	0.01294	0.00776	0.01035	0.01941	0.00259	0.78134	0.00518	0.00259	0.00647
37	0.01521	0.01272	0.01348	0.01203	0.01544	0.01463	0.00939	0.04752	0.70824	0.04512	0.02382	0.02183	0.01778	0.00798	0.00601	0.00200	0.00473	0.00663	0.00605	0.00940
38	0.83394	0.01144	0.00869	0.00778	0.01144	0.01327	0.00640	0.01738	0.01006	0.02653	0.00823	0.00961	0.00640	0.00549	0.00366	0.00183	0.00457	0.00320	0.00366	0.00640
39	0.00845	0.00632	0.00942	0.00942	0.01045	0.00735	0.00729	0.01051	0.00948	0.01367	0.01591	0.02363	0.01496	0.06380	0.74952	0.00941	0.01558	0.00640	0.00318	0.00524
40	0.05641	0.07088	0.06538	0.05704	0.27235	0.01323	0.01296	0.07020	0.05606	0.05240	0.01204	0.01397	0.00952	0.00548	0.00524	0.00154	0.00609	0.00463	0.00362	0.21096

[dist]
# distance from previous block
# <min> <max>
5	7

[block]
# block no. 1 follows, 39 sequences, length 21
# corresponding to MSA columns:
# 149-169
name=unknown_B
#
# <colnr> <probs for GDERKNQSTAVLIFYWHMCP>
#	G	D	E	R	K	N	Q	S	T	A	V	L	I	F	Y	W	H	M	C	P
0	0.00985	0.00853	0.01351	0.36800	0.02459	0.00947	0.03990	0.01321	0.01421	0.01920	0.34897	0.03027	0.05870	0.00903	0.00648	0.00192	0.00547	0.00807	0.00452	0.00612
1	0.00784	0.00560	0.00758	0.00887	0.00952	0.00534	0.00651	0.00937	0.01212	0.01611	0.06178	0.57564	0.03852	0.01771	0.00768	0.00246	0.00391	0.19292	0.00552	0.00500
2	0.06938	0.13204	0.05013	0.01444	0.05289	0.15766	0.05469	0.11851	0.24858	0.02214	0.01470	0.01511	0.01135	0.00653	0.00543	0.00175	0.00688	0.00508	0.00431	0.00842
3	0.71877	0.01130	0.00928	0.00811	0.01181	0.01280	0.00667	0.03911	0.01122	0.08755	0.00999	0.01098	0.00746	0.00573	0.00393	0.00181	0.00461	0.00356	0.02852	0.00679
4	0.01633	0.38287	0.17756	0.01180	0.01718	0.01737	0.01217	0.04771	0.04475	0.12829	0.04319	0.01404	0.01122	0.00614	0.00524	0.00158	0.02708	0.00444	0.00371	0.02734
5	0.01411	0.20389	0.23602	0.03712	0.04296	0.01668	0.29950	0.04787	0.01359	0.01836	0.01074	0.01335	0.00826	0.00530	0.00575	0.00177	0.00850	0.00520	0.00285	0.00818
6	0.00735	0.00526	0.00699	0.00814	0.00861	0.00490	0.00550	0.00859	0.01198	0.01614	0.12011	0.69780	0.04114	0.01774	0.00748	0.00234	0.00335	0.01607	0.00561	0.00490
7	0.01151	0.12144	0.12177	0.08205	0.03328	0.01251	0.03065	0.01385	0.01133	0.03604	0.01723	0.26370	0.01820	0.01126	0.00936	0.03559	0.15149	0.00862	0.00366	0.00646
8	0.05060	0.19934	0.18219	0.03084	0.05082	0.09110	0.01295	0.10572	0.06436	0.12113	0.02887	0.01423	0.01060	0.00623	0.00524	0.00168	0.00694	0.00467	0.00401	0.00848
9	0.00733	0.00554	0.00678	0.00746	0.00845	0.00498	0.00522	0.00879	0.01283	0.01676	0.15836	0.45635	0.24680	0.01645	0.00729	0.00220	0.00320	0.01457	0.00566	0.00498
10	0.00888	0.00627	0.00818	0.03816	0.01056	0.00601	0.00633	0.01132	0.04056	0.04850	0.25567	0.36793	0.10395	0.01478	0.00717	0.00216	0.00358	0.04867	0.00578	0.00554
11	0.04586	0.29230	0.13729	0.04434	0.05008	0.03738	0.06067	0.04846	0.04317	0.10017	0.01368	0.07744	0.01164	0.00680	0.00523	0.00169	0.00665	0.00548	0.00369	0.00798
12	0.83394	0.01144	0.00869	0.00778	0.01144	0.01327	0.00640	0.01738	0.01006	0.02653	0.00823	0.00961	0.00640	0.00549	0.00366	0.00183	0.00457	0.00320	0.00366	0.00640
13	0.00766	0.00547	0.00738	0.00875	0.00930	0.00520	0.00628	0.00902	0.01177	0.01561	0.03234	0.64713	0.03812	0.01810	0.00767	0.00246	0.00383	0.15350	0.00548	0.00493
14	0.03577	0.09103	0.55387	0.04369	0.02387	0.01432	0.04036	0.04889	0.01331	0.03464	0.03943	0.01383	0.00965	0.00591	0.00553	0.00182	0.00803	0.00466	0.00295	0.00844
15	0.01727	0.03757	0.16080	0.12848	0.02141	0.01260	0.03460	0.08581	0.09252	0.23898	0.01736	0.06567	0.01308	0.00753	0.00651	0.00193	0.03830	0.00617	0.00483	0.00859
16	0.02209	0.02819	0.01676	0.01524	0.01828	0.76843	0.01143	0.02361	0.01676	0.01447	0.00914	0.01066	0.00762	0.00609	0.00533	0.00152	0.01066	0.00381	0.00305	0.00686
17	0.30444	0.22827	0.08385	0.01299	0.07654	0.08187	0.01082	0.03840	0.01223	0.03405	0.00918	0.01090	0.00753	0.00584	0.00542	0.00170	0.06160	0.00377	0.00319	0.00739
18	0.00720	0.00518	0.00683	0.00815	0.00856	0.00481	0.00545	0.00824	0.01140	0.01513	0.03363	0.76050	0.06625	0.01839	0.00753	0.00239	0.00341	0.01665	0.00549	0.00481
19	0.00756	0.00554	0.00707	0.00819	0.00875	0.00527	0.00552	0.00925	0.04254	0.01542	0.03336	0.68206	0.08117	0.04773	0.00832	0.00249	0.00355	0.01580	0.00544	0.00496
20	0.09444	0.01759	0.04926	0.06420	0.09698	0.17479	0.09880	0.14486	0.04529	0.04866	0.01159	0.01369	0.00898	0.00658	0.00727	0.00187	0.09836	0.00501	0.00376	0.00800

[dist]
# distance from previous block
# <min> <max>
1	32

[block]
# block no. 2 follows, 39 sequences, length 27
# corresponding to MSA columns:
# 202-228
name=unknown_C
#
# <colnr> <probs for GDERKNQSTAVLIFYWHMCP>
#	G	D	E	R	K	N	Q	S	T	A	V	L	I	F	Y	W	H	M	C	P
0	0.13882	0.04308	0.05790	0.01244	0.01663	0.01565	0.03536	0.19956	0.36594	0.02713	0.01753	0.01707	0.01306	0.00707	0.00557	0.00189	0.00559	0.00558	0.00521	0.00894
1	0.01282	0.01216	0.01660	0.01429	0.01474	0.01641	0.01178	0.05817	0.01040	0.01559	0.01104	0.01629	0.03602	0.04012	0.07487	0.00315	0.62048	0.00566	0.00298	0.00645
2	0.00748	0.00543	0.00709	0.00806	0.00874	0.00503	0.00561	0.00891	0.01248	0.01671	0.15486	0.58209	0.09128	0.01711	0.00744	0.00230	0.00338	0.04537	0.00566	0.00497
3	0.00721	0.00515	0.00686	0.00823	0.00858	0.00480	0.00549	0.00823	0.01132	0.01510	0.03259	0.78831	0.03911	0.01853	0.00755	0.00240	0.00343	0.01681	0.00549	0.00480
4	0.01471	0.01270	0.01337	0.01203	0.01538	0.01471	0.00936	0.03142	0.74459	0.02474	0.02407	0.02206	0.01805	0.00802	0.00602	0.00201	0.00468	0.00669	0.00602	0.00936
5	0.83394	0.01144	0.00869	0.00778	0.01144	0.01327	0.00640	0.01738	0.01006	0.02653	0.00823	0.00961	0.00640	0.00549	0.00366	0.00183	0.00457	0.00320	0.00366	0.00640
6	0.00845	0.00634	0.00950	0.00950	0.01056	0.00739	0.00739	0.01056	0.00950	0.01373	0.01584	0.02323	0.01478	0.04435	0.76873	0.00950	0.01584	0.00634	0.00317	0.00528
7	0.00721	0.00600	0.00630	0.00622	0.00812	0.00509	0.00467	0.00891	0.01400	0.01721	0.17027	0.05488	0.64175	0.01452	0.00699	0.00198	0.00296	0.01220	0.00565	0.00509
8	0.83394	0.01144	0.00869	0.00778	0.01144	0.01327	0.00640	0.01738	0.01006	0.02653	0.00823	0.00961	0.00640	0.00549	0.00366	0.00183	0.00457	0.00320	0.00366	0.00640
9	0.02215	0.01796	0.01746	0.01377	0.01823	0.11710	0.01120	0.61655	0.05194	0.03382	0.01388	0.01401	0.01002	0.00700	0.00584	0.00175	0.00699	0.00517	0.00554	0.00961
10	0.01356	0.01257	0.11980	0.01184	0.06262	0.00919	0.00987	0.03834	0.05369	0.12461	0.12830	0.06166	0.07681	0.00800	0.00576	0.00161	0.00496	0.00676	0.00477	0.24529
11	0.09996	0.01470	0.01576	0.01243	0.01685	0.01611	0.01019	0.47838	0.12358	0.12747	0.01616	0.01561	0.01140	0.00710	0.00572	0.00182	0.00588	0.00539	0.00589	0.00961
12	0.00793	0.00545	0.00665	0.00731	0.00748	0.00528	0.00451	0.00842	0.00992	0.01322	0.02539	0.40142	0.03002	0.41781	0.01919	0.00412	0.00462	0.01257	0.00451	0.00417
13	0.00906	0.00562	0.00752	0.00845	0.00920	0.00518	0.00580	0.01021	0.01186	0.08667	0.03170	0.71444	0.03676	0.01745	0.00739	0.00235	0.00358	0.01577	0.00567	0.00531
14	0.03090	0.12238	0.17191	0.26306	0.04894	0.01545	0.11171	0.07089	0.01331	0.01817	0.01093	0.02895	0.00869	0.00619	0.00650	0.00188	0.05434	0.00521	0.00297	0.00763
15	0.02457	0.01107	0.01553	0.04368	0.04428	0.01021	0.04060	0.09135	0.01745	0.60487	0.02105	0.01903	0.01351	0.00707	0.00598	0.00183	0.00557	0.00588	0.00665	0.00981
16	0.00763	0.00599	0.00690	0.00673	0.00840	0.00526	0.00503	0.00971	0.01491	0.01952	0.37816	0.07427	0.40886	0.01376	0.00700	0.00195	0.00291	0.01180	0.00596	0.00526
17	0.00867	0.00653	0.00815	0.00819	0.00954	0.00629	0.00594	0.01221	0.08963	0.02033	0.37312	0.30944	0.06834	0.01387	0.00701	0.00205	0.00327	0.01234	0.00597	0.02913
18	0.04776	0.17663	0.06272	0.22819	0.06292	0.10595	0.08055	0.01886	0.08216	0.01723	0.03766	0.01493	0.01056	0.00612	0.00574	0.00176	0.02461	0.00501	0.00320	0.00743
19	0.01022	0.00747	0.00906	0.00846	0.01033	0.00744	0.00640	0.01558	0.16129	0.05271	0.49494	0.08867	0.08076	0.01166	0.00678	0.00193	0.00331	0.01020	0.00633	0.00643
20	0.00900	0.00656	0.00877	0.00885	0.00970	0.00689	0.00648	0.01058	0.01212	0.04473	0.17488	0.33703	0.07452	0.06510	0.11455	0.00344	0.08463	0.01179	0.00504	0.00534
21	0.06660	0.07555	0.17847	0.05131	0.09562	0.08491	0.09879	0.04266	0.12140	0.08998	0.01359	0.01489	0.01014	0.00618	0.00594	0.00183	0.02479	0.00513	0.00381	0.00842
22	0.01342	0.01262	0.04853	0.21724	0.30688	0.01286	0.01465	0.04347	0.11667	0.04068	0.01632	0.08495	0.03128	0.00736	0.00606	0.00192	0.00649	0.00664	0.00379	0.00816
23	0.00742	0.00538	0.00703	0.00806	0.00870	0.00499	0.00557	0.00877	0.01226	0.01638	0.12875	0.61491	0.09117	0.01736	0.00746	0.00231	0.00339	0.03954	0.00562	0.00494
24	0.01222	0.01154	0.01951	0.51350	0.27375	0.01323	0.01668	0.01599	0.01250	0.01673	0.03156	0.01620	0.00972	0.00588	0.00592	0.00190	0.00746	0.00541	0.00283	0.00746
25	0.01935	0.09108	0.09060	0.04972	0.09761	0.06346	0.06509	0.04864	0.03538	0.30796	0.01792	0.01888	0.03318	0.00689	0.00582	0.00180	0.00660	0.02633	0.00490	0.00879
26	0.01645	0.05960	0.04964	0.10799	0.09089	0.01220	0.08048	0.02024	0.06014	0.22867	0.01701	0.07403	0.01349	0.00885	0.03210	0.00217	0.07350	0.00644	0.03802	0.00808

[dist]
# distance from previous block
# <min> <max>
0	6

[block]
# block no. 3 follows, 39 sequences, length 15
# corresponding to MSA columns:
# 235-249
name=unknown_D
#
# <colnr> <probs for GDERKNQSTAVLIFYWHMCP>
#	G	D	E	R	K	N	Q	S	T	A	V	L	I	F	Y	W	H	M	C	P
0	0.01350	0.06912	0.15942	0.03222	0.08534	0.01214	0.01204	0.05770	0.01329	0.03822	0.03493	0.01382	0.01015	0.00575	0.00617	0.00145	0.06830	0.00439	0.00343	0.35864
1	0.16928	0.17608	0.04772	0.17873	0.08205	0.06148	0.03410	0.12818	0.01454	0.02116	0.01042	0.01271	0.00819	0.00578	0.00499	0.00171	0.00679	0.00439	0.02408	0.00763
2	0.01069	0.00716	0.00861	0.00852	0.00992	0.00715	0.00616	0.05640	0.07922	0.06334	0.13287	0.29522	0.05520	0.13602	0.01048	0.00268	0.00413	0.04360	0.05680	0.00585
3	0.01020	0.00859	0.01288	0.24471	0.05068	0.00926	0.03945	0.04598	0.03679	0.01788	0.11558	0.23405	0.08861	0.01159	0.00710	0.02171	0.00536	0.02895	0.00451	0.00613
4	0.00855	0.00619	0.00898	0.00898	0.00984	0.00705	0.00674	0.01015	0.00929	0.01324	0.01598	0.02521	0.01554	0.15072	0.62816	0.04675	0.01389	0.00661	0.00320	0.00491
5	0.00839	0.00601	0.00775	0.00734	0.00859	0.00560	0.00537	0.01089	0.01589	0.02244	0.67575	0.04360	0.05223	0.09334	0.00938	0.00226	0.00310	0.01048	0.00621	0.00537
6	0.01102	0.00551	0.00551	0.00551	0.00689	0.00551	0.00413	0.01378	0.01240	0.02205	0.01929	0.02205	0.01516	0.00689	0.00413	0.00138	0.00276	0.00551	0.82500	0.00551
7	0.01581	0.79572	0.03099	0.01012	0.01518	0.02340	0.01012	0.01771	0.01202	0.01391	0.00822	0.00949	0.00759	0.00506	0.00379	0.00126	0.00632	0.00316	0.00253	0.00759
8	0.01226	0.01051	0.01226	0.00876	0.01401	0.00788	0.00701	0.01489	0.01226	0.01927	0.01051	0.01226	0.00876	0.00438	0.00438	0.00088	0.00438	0.00350	0.00350	0.82832
9	0.00837	0.00604	0.00790	0.00744	0.00883	0.00558	0.00558	0.01116	0.01674	0.02371	0.75216	0.04417	0.05580	0.01209	0.00697	0.00186	0.00279	0.01069	0.00651	0.00558
10	0.00806	0.00580	0.00782	0.00913	0.00992	0.00556	0.00695	0.00975	0.01227	0.01611	0.03332	0.48653	0.06877	0.01755	0.00776	0.00250	0.00416	0.27750	0.00547	0.00505
11	0.83394	0.01144	0.00869	0.00778	0.01144	0.01327	0.00640	0.01738	0.01006	0.02653	0.00823	0.00961	0.00640	0.00549	0.00366	0.00183	0.00457	0.00320	0.00366	0.00640
12	0.01581	0.79572	0.03099	0.01012	0.01518	0.02340	0.01012	0.01771	0.01202	0.01391	0.00822	0.00949	0.00759	0.00506	0.00379	0.00126	0.00632	0.00316	0.00253	0.00759
13	0.01418	0.15794	0.11600	0.07768	0.06787	0.17617	0.03447	0.01683	0.01295	0.01575	0.03188	0.14679	0.01442	0.00845	0.00702	0.00185	0.08282	0.00663	0.00330	0.00699
14	0.64690	0.01459	0.01061	0.00950	0.01288	0.15241	0.00763	0.01839	0.01125	0.02375	0.00838	0.00995	0.00669	0.00582	0.00469	0.00181	0.04135	0.00340	0.00350	0.00649

[dist]
# distance from previous block
# <min> <max>
0	1

[block]
# block no. 4 follows, 39 sequences, length 7
# corresponding to MSA columns:
# 251-257
name=unknown_E
#
# <colnr> <probs for GDERKNQSTAVLIFYWHMCP>
#	G	D	E	R	K	N	Q	S	T	A	V	L	I	F	Y	W	H	M	C	P
0	0.04870	0.01460	0.06417	0.25043	0.36647	0.04420	0.09164	0.01756	0.01297	0.01812	0.01080	0.01461	0.00859	0.00549	0.00586	0.00184	0.00772	0.00525	0.00286	0.00813
1	0.00797	0.00540	0.00685	0.00769	0.00811	0.00527	0.00510	0.00903	0.01071	0.01489	0.02706	0.49643	0.03119	0.18371	0.07031	0.00355	0.00481	0.01317	0.08411	0.00465
2	0.00845	0.00634	0.00950	0.00950	0.01056	0.00739	0.00739	0.01056	0.00950	0.01373	0.01584	0.02323	0.01478	0.04435	0.76873	0.00950	0.01584	0.00634	0.00317	0.00528
3	0.00837	0.00604	0.00790	0.00744	0.00883	0.00558	0.00558	0.01116	0.01674	0.02371	0.75216	0.04417	0.05580	0.01209	0.00697	0.00186	0.00279	0.01069	0.00651	0.00558
4	0.01509	0.01081	0.01282	0.00932	0.01444	0.00864	0.00752	0.06043	0.01392	0.13482	0.01272	0.01360	0.00975	0.00500	0.00471	0.00108	0.00461	0.00399	0.00424	0.65251
5	0.01317	0.01564	0.18026	0.05600	0.13956	0.01143	0.11155	0.04179	0.01347	0.05706	0.01553	0.05801	0.03221	0.02798	0.00660	0.00187	0.00682	0.04923	0.00363	0.15818
6	0.01510	0.02614	0.57680	0.01559	0.02331	0.01342	0.01884	0.08953	0.01464	0.13228	0.01288	0.01380	0.00882	0.00602	0.00570	0.00186	0.00796	0.00470	0.00356	0.00907

[dist]
# distance from previous block
# <min> <max>
0	17

[block]
# block no. 5 follows, 39 sequences, length 63
# corresponding to MSA columns:
# 275-337
name=unknown_F
#
# <colnr> <probs for GDERKNQSTAVLIFYWHMCP>
#	G	D	E	R	K	N	Q	S	T	A	V	L	I	F	Y	W	H	M	C	P
0	0.00735	0.00526	0.00695	0.00825	0.00867	0.00493	0.00560	0.00844	0.01139	0.01512	0.03270	0.71605	0.05373	0.04208	0.00826	0.00251	0.00359	0.04889	0.00543	0.00480
1	0.00837	0.00604	0.00790	0.00744	0.00883	0.00558	0.00558	0.01116	0.01674	0.02371	0.75216	0.04417	0.05580	0.01209	0.00697	0.00186	0.00279	0.01069	0.00651	0.00558
2	0.06425	0.35263	0.25802	0.01410	0.02031	0.01807	0.10265	0.05417	0.01320	0.03814	0.01014	0.01175	0.00797	0.00541	0.00491	0.00162	0.00740	0.00420	0.00294	0.00812
3	0.00782	0.00614	0.00707	0.00721	0.00870	0.00559	0.00527	0.01021	0.04632	0.01805	0.22481	0.20582	0.36292	0.03346	0.00764	0.00215	0.00323	0.02661	0.00572	0.00527
4	0.00846	0.00629	0.00929	0.00929	0.01027	0.00727	0.00712	0.01042	0.00944	0.01357	0.01604	0.02433	0.01526	0.09755	0.71619	0.00924	0.01512	0.00650	0.00320	0.00516
5	0.01212	0.01148	0.01945	0.57486	0.23640	0.01339	0.01690	0.01594	0.01227	0.01626	0.01068	0.01546	0.00829	0.00574	0.00590	0.00191	0.00765	0.00526	0.00271	0.00734
6	0.01764	0.20949	0.09248	0.01376	0.06746	0.05959	0.01155	0.19325	0.12377	0.08206	0.01434	0.01532	0.01106	0.03080	0.00604	0.00179	0.00643	0.00496	0.02955	0.00865
7	0.01350	0.07274	0.26099	0.06108	0.21052	0.01432	0.14068	0.06018	0.01406	0.01967	0.04815	0.01632	0.02910	0.00603	0.00592	0.00182	0.00774	0.00557	0.00317	0.00841
8	0.00814	0.00600	0.00761	0.00728	0.00871	0.00547	0.00543	0.01068	0.01608	0.02233	0.63035	0.07782	0.14660	0.01275	0.00700	0.00190	0.00284	0.01119	0.00633	0.00547
9	0.00739	0.00553	0.00687	0.00755	0.00849	0.00501	0.00528	0.00889	0.01293	0.01705	0.18537	0.46718	0.20811	0.01639	0.00730	0.00220	0.00320	0.01456	0.00570	0.00501
10	0.01235	0.01071	0.01321	0.04861	0.05803	0.00850	0.00812	0.01509	0.01231	0.01907	0.01055	0.01257	0.00875	0.00451	0.00454	0.00098	0.00471	0.00369	0.00343	0.74028
11	0.00845	0.00762	0.03089	0.09951	0.03464	0.00696	0.03828	0.01045	0.01243	0.01597	0.06332	0.27176	0.27108	0.06375	0.00849	0.00237	0.00454	0.03927	0.00481	0.00542
12	0.02344	0.00920	0.01223	0.00963	0.01358	0.00808	0.00787	0.02581	0.01622	0.61695	0.05026	0.02134	0.01628	0.00743	0.00570	0.00176	0.00459	0.00606	0.13439	0.00919
13	0.01582	0.54562	0.02548	0.01077	0.01514	0.06047	0.00993	0.07354	0.07869	0.01668	0.01091	0.01242	0.00944	0.00949	0.08116	0.00221	0.00738	0.00400	0.00319	0.00767
14	0.00852	0.00641	0.00797	0.00779	0.00935	0.00602	0.00597	0.01170	0.05185	0.02147	0.49445	0.07704	0.17240	0.01307	0.00707	0.00200	0.00321	0.08192	0.00616	0.00562
15	0.00821	0.00573	0.00723	0.00768	0.00878	0.00519	0.00544	0.00984	0.01336	0.04638	0.22291	0.42434	0.18149	0.01574	0.00723	0.00216	0.00324	0.01397	0.00582	0.00524
16	0.01471	0.01270	0.01337	0.01203	0.01538	0.01471	0.00936	0.03142	0.74459	0.02474	0.02407	0.02206	0.01805	0.00802	0.00602	0.00201	0.00468	0.00669	0.00602	0.00936
17	0.01226	0.01051	0.01226	0.00876	0.01401	0.00788	0.00701	0.01489	0.01226	0.01927	0.01051	0.01226	0.00876	0.00438	0.00438	0.00088	0.00438	0.00350	0.00350	0.82832
18	0.02209	0.02819	0.01676	0.01524	0.01828	0.76843	0.01143	0.02361	0.01676	0.01447	0.00914	0.01066	0.00762	0.00609	0.00533	0.00152	0.01066	0.00381	0.00305	0.00686
19	0.01433	0.01652	0.06430	0.02364	0.02948	0.01520	0.63950	0.06005	0.01454	0.01984	0.01190	0.01561	0.00893	0.00530	0.00725	0.00199	0.03368	0.00672	0.00313	0.00808
20	0.00858	0.00581	0.00685	0.00685	0.00699	0.00595	0.00408	0.00886	0.00872	0.01176	0.01827	0.03667	0.02062	0.69396	0.12710	0.00623	0.00706	0.00830	0.00353	0.00381
21	0.01186	0.03059	0.76153	0.01686	0.02560	0.01373	0.02185	0.01873	0.01249	0.01873	0.01061	0.01249	0.00749	0.00562	0.00562	0.00187	0.00874	0.00437	0.00250	0.00874
22	0.01352	0.00694	0.00810	0.00738	0.00946	0.00665	0.00567	0.03498	0.03491	0.16216	0.13382	0.08552	0.05166	0.00901	0.00538	0.00167	0.00341	0.00755	0.40567	0.00654
23	0.01166	0.02951	0.72942	0.01649	0.02487	0.01335	0.02115	0.01828	0.01244	0.01857	0.01155	0.04549	0.00884	0.00617	0.00570	0.00190	0.00851	0.00490	0.00262	0.00857
24	0.00954	0.00856	0.01468	0.01452	0.08829	0.00806	0.16291	0.01187	0.01261	0.01682	0.04763	0.40577	0.10473	0.01363	0.00722	0.00221	0.00525	0.05496	0.00472	0.00602
25	0.00721	0.00515	0.00686	0.00823	0.00858	0.00480	0.00549	0.00823	0.01132	0.01510	0.03259	0.78831	0.03911	0.01853	0.00755	0.00240	0.00343	0.01681	0.00549	0.00480
26	0.01787	0.01282	0.01408	0.01201	0.01577	0.01422	0.00952	0.13471	0.51488	0.15189	0.02249	0.02058	0.01629	0.00777	0.00599	0.00194	0.00501	0.00636	0.00622	0.00958
27	0.52382	0.09815	0.14399	0.01100	0.03269	0.01455	0.03221	0.01832	0.04246	0.02335	0.00951	0.01095	0.00737	0.00555	0.00427	0.00179	0.00572	0.00372	0.00340	0.00718
28	0.00900	0.00729	0.00965	0.00954	0.01143	0.00698	0.04730	0.01243	0.07399	0.01803	0.10317	0.13180	0.27383	0.01442	0.00736	0.00227	0.00437	0.24597	0.00547	0.00570
29	0.01539	0.03766	0.12515	0.04189	0.25785	0.01406	0.01418	0.13212	0.13403	0.04087	0.01375	0.01517	0.01057	0.00600	0.00561	0.00169	0.00641	0.00510	0.00400	0.11850
30	0.00753	0.00574	0.00696	0.00751	0.00870	0.00517	0.00547	0.00918	0.01327	0.01722	0.17729	0.33902	0.28990	0.01592	0.00729	0.00218	0.00331	0.06760	0.00568	0.00506
31	0.01421	0.08618	0.12115	0.15567	0.13578	0.03623	0.04632	0.02157	0.21331	0.04220	0.01439	0.01613	0.01106	0.00655	0.00654	0.00189	0.05334	0.00539	0.00375	0.00833
32	0.07016	0.16178	0.01756	0.01181	0.01577	0.08757	0.00978	0.23435	0.23969	0.02541	0.01550	0.01551	0.01184	0.00679	0.00525	0.00171	0.00598	0.00506	0.04989	0.00860
33	0.00991	0.14740	0.13668	0.00970	0.01277	0.00987	0.00917	0.01268	0.01347	0.01809	0.22385	0.20498	0.10513	0.01180	0.00640	0.00195	0.00471	0.05049	0.00475	0.00621
34	0.02152	0.05855	0.08706	0.01379	0.06280	0.03378	0.02832	0.15968	0.06298	0.36226	0.01785	0.01690	0.01211	0.00674	0.00575	0.00177	0.00609	0.00543	0.00566	0.03097
35	0.05774	0.59422	0.02677	0.01053	0.01538	0.02127	0.00998	0.10666	0.04523	0.04990	0.01028	0.01106	0.00858	0.00555	0.00423	0.00141	0.00613	0.00370	0.00335	0.00801
36	0.02315	0.00931	0.01260	0.00992	0.01387	0.00812	0.00806	0.02546	0.01668	0.62190	0.13999	0.02447	0.02141	0.02865	0.00674	0.00194	0.00469	0.00678	0.00709	0.00918
37	0.01135	0.00964	0.03374	0.08321	0.10739	0.00923	0.06295	0.03247	0.05617	0.04806	0.12787	0.09720	0.12500	0.01077	0.00668	0.00205	0.00524	0.11858	0.04567	0.00673
38	0.01655	0.03187	0.05390	0.16447	0.09446	0.04174	0.05768	0.07158	0.05728	0.19636	0.06531	0.05275	0.01580	0.00756	0.00606	0.00188	0.00637	0.02607	0.02417	0.00813
39	0.02653	0.01006	0.01372	0.01052	0.01510	0.00869	0.00869	0.02882	0.01693	0.75937	0.02333	0.02013	0.01464	0.00732	0.00595	0.00183	0.00503	0.00595	0.00732	0.01006
40	0.01062	0.00581	0.00602	0.00604	0.00740	0.00576	0.00445	0.03164	0.01263	0.02101	0.02300	0.09578	0.06539	0.03819	0.00566	0.00169	0.00304	0.00712	0.64327	0.00546
41	0.01390	0.03813	0.14045	0.13790	0.25589	0.04281	0.06258	0.01752	0.01299	0.07254	0.01404	0.10258	0.01239	0.00732	0.00664	0.00192	0.04250	0.00647	0.00341	0.00800
42	0.01727	0.01167	0.01798	0.03934	0.30502	0.01172	0.03048	0.05026	0.01473	0.23662	0.03902	0.05511	0.03607	0.00792	0.00720	0.00194	0.06527	0.03900	0.00472	0.00866
43	0.00720	0.00517	0.00683	0.00816	0.00856	0.00481	0.00546	0.00824	0.01139	0.01512	0.03344	0.76558	0.06129	0.01842	0.00753	0.00239	0.00342	0.01668	0.00549	0.00481
44	0.01294	0.01294	0.01811	0.01553	0.01553	0.01811	0.01294	0.01423	0.00906	0.01423	0.00776	0.01294	0.00776	0.01035	0.01941	0.00259	0.78134	0.00518	0.00259	0.00647
45	0.09610	0.11272	0.09102	0.03483	0.01665	0.01270	0.03055	0.08116	0.07071	0.28388	0.05337	0.04239	0.03379	0.00739	0.00558	0.00180	0.00564	0.00592	0.00525	0.00854
46	0.00895	0.00730	0.01088	0.10049	0.01485	0.00753	0.04877	0.01113	0.01249	0.01643	0.06077	0.32127	0.10373	0.01470	0.00794	0.00236	0.03947	0.20054	0.00492	0.00549
47	0.83394	0.01144	0.00869	0.00778	0.01144	0.01327	0.00640	0.01738	0.01006	0.02653	0.00823	0.00961	0.00640	0.00549	0.00366	0.00183	0.00457	0.00320	0.00366	0.00640
48	0.01164	0.00961	0.01129	0.00841	0.01291	0.00743	0.00666	0.01429	0.01292	0.02005	0.11861	0.01738	0.01591	0.00562	0.00474	0.00104	0.00407	0.00465	0.04481	0.66795
49	0.04648	0.01535	0.06759	0.15230	0.21487	0.05538	0.05936	0.16050	0.03715	0.02225	0.01173	0.01422	0.00907	0.00578	0.00565	0.00171	0.00710	0.00500	0.00364	0.10486
50	0.00891	0.00718	0.00906	0.00847	0.01032	0.00690	0.03464	0.01305	0.11122	0.02047	0.34815	0.14560	0.22761	0.01290	0.00693	0.00199	0.00347	0.01132	0.00590	0.00592
51	0.00830	0.00604	0.00780	0.00736	0.00879	0.00555	0.00552	0.01102	0.01657	0.02331	0.71593	0.04484	0.09228	0.01224	0.00698	0.00187	0.00280	0.01079	0.00646	0.00555
52	0.00853	0.00599	0.00760	0.00735	0.00862	0.00560	0.00545	0.01099	0.01538	0.02182	0.56618	0.06523	0.07527	0.07511	0.00872	0.00220	0.00317	0.04071	0.06074	0.00536
53	0.00742	0.00595	0.00666	0.00677	0.00844	0.00518	0.00507	0.00920	0.01393	0.01757	0.19915	0.13236	0.49682	0.01482	0.00710	0.00205	0.00312	0.04754	0.00570	0.00512
54	0.01777	0.01423	0.01510	0.01265	0.01655	0.01614	0.01010	0.30920	0.46183	0.02968	0.02018	0.01896	0.01490	0.00766	0.00598	0.00191	0.00540	0.00615	0.00598	0.00964
55	0.02218	0.01641	0.01758	0.01355	0.01822	0.01820	0.01117	0.70823	0.05563	0.03678	0.01458	0.01450	0.01037	0.00713	0.00592	0.00178	0.00644	0.00538	0.00592	0.01003
56	0.01180	0.00693	0.00830	0.00779	0.00910	0.00670	0.00546	0.04837	0.01254	0.12052	0.09619	0.09569	0.06339	0.36763	0.01726	0.00369	0.00484	0.04962	0.05877	0.00542
57	0.03564	0.14381	0.11406	0.01381	0.01799	0.01363	0.15203	0.06916	0.03866	0.05241	0.08589	0.10126	0.05648	0.00865	0.00684	0.00191	0.05100	0.02524	0.00414	0.00739
58	0.01041	0.01340	0.19878	0.01098	0.01426	0.00916	0.03211	0.03279	0.06737	0.01661	0.01847	0.16365	0.01882	0.23312	0.07273	0.00360	0.00683	0.00822	0.00385	0.06483
59	0.03620	0.01460	0.13915	0.06307	0.07033	0.01172	0.01181	0.15026	0.04395	0.14168	0.08116	0.05481	0.01568	0.00726	0.00575	0.00172	0.00585	0.00601	0.00476	0.13425
60	0.12351	0.12080	0.14618	0.04199	0.03242	0.05133	0.01161	0.11104	0.07974	0.07158	0.03566	0.01562	0.01143	0.00639	0.00518	0.00167	0.00624	0.02176	0.00408	0.10179
61	0.08787	0.22841	0.16986	0.05870	0.06790	0.06572	0.01275	0.03739	0.04450	0.11157	0.01262	0.03684	0.00999	0.00620	0.00506	0.00167	0.00672	0.00470	0.00364	0.02789
62	0.11972	0.11570	0.10985	0.07273	0.05760	0.01385	0.01147	0.12840	0.01507	0.12829	0.03085	0.03666	0.01115	0.00650	0.00553	0.00169	0.02374	0.00499	0.00420	0.10200

[dist]
# distance from previous block
# <min> <max>
3	64

[block]
# block no. 6 follows, 39 sequences, length 36
# corresponding to MSA columns:
# 542-577
name=unknown_G
#
# <colnr> <probs for GDERKNQSTAVLIFYWHMCP>
#	G	D	E	R	K	N	Q	S	T	A	V	L	I	F	Y	W	H	M	C	P
0	0.14398	0.05225	0.11878	0.02801	0.07386	0.06744	0.05278	0.08856	0.03633	0.11630	0.01542	0.11601	0.01335	0.00833	0.00640	0.03755	0.00636	0.00636	0.00425	0.00768
1	0.20140	0.07480	0.07737	0.04628	0.06990	0.03936	0.05487	0.05895	0.06593	0.07002	0.04172	0.05683	0.01260	0.00669	0.00522	0.00172	0.00591	0.00540	0.00404	0.10099
2	0.01385	0.12535	0.07830	0.07562	0.12872	0.01259	0.02380	0.04043	0.09498	0.09541	0.03043	0.11587	0.06091	0.01067	0.05251	0.00232	0.00641	0.00719	0.01695	0.00770
3	0.03486	0.00992	0.01190	0.01088	0.04339	0.01026	0.02813	0.14230	0.11534	0.04410	0.05470	0.07891	0.04332	0.06396	0.07646	0.00270	0.00576	0.00705	0.13672	0.07934
4	0.01521	0.08014	0.31083	0.06991	0.05284	0.12162	0.06628	0.01954	0.01357	0.09174	0.01267	0.01552	0.00969	0.00626	0.00586	0.00179	0.02271	0.02631	0.04951	0.00801
5	0.01139	0.01089	0.02069	0.06824	0.02124	0.01056	0.33387	0.01538	0.03367	0.01918	0.13288	0.12896	0.02325	0.00923	0.00686	0.00205	0.00674	0.07366	0.06455	0.00671
6	0.00998	0.00664	0.00899	0.00872	0.00946	0.00732	0.00633	0.05043	0.01008	0.01417	0.01531	0.05771	0.01528	0.15943	0.30227	0.22927	0.03849	0.00673	0.03881	0.00456
7	0.01371	0.01500	0.16356	0.09737	0.21701	0.01206	0.05909	0.01830	0.05644	0.09266	0.03452	0.08292	0.01395	0.00844	0.02868	0.00214	0.03403	0.00652	0.03550	0.00808
8	0.00900	0.00619	0.00775	0.00790	0.00941	0.00568	0.00610	0.01119	0.01443	0.05237	0.29104	0.16249	0.20683	0.01407	0.00711	0.00211	0.00351	0.13734	0.03998	0.00550
9	0.01221	0.06133	0.20293	0.21469	0.02482	0.01267	0.08100	0.01787	0.09315	0.04416	0.08749	0.05317	0.01572	0.00900	0.04253	0.00228	0.00742	0.00636	0.00370	0.00749
10	0.00926	0.00686	0.00831	0.00775	0.00929	0.00665	0.03749	0.01230	0.07795	0.01797	0.14329	0.07787	0.21512	0.19651	0.01194	0.00278	0.00406	0.00960	0.13966	0.00535
11	0.01244	0.06405	0.01385	0.05214	0.01560	0.00924	0.00775	0.01510	0.01222	0.01867	0.01035	0.01227	0.00863	0.00451	0.00443	0.00096	0.00471	0.00358	0.00339	0.72611
12	0.01103	0.00971	0.01606	0.33762	0.12270	0.01074	0.06203	0.01415	0.03540	0.01610	0.04673	0.10144	0.04106	0.02370	0.02176	0.08781	0.00672	0.02545	0.00345	0.00633
13	0.00766	0.00623	0.00813	0.00805	0.00950	0.00557	0.04597	0.00922	0.01274	0.01626	0.10467	0.32826	0.34687	0.05271	0.00830	0.00232	0.00367	0.01346	0.00535	0.00507
14	0.01552	0.16084	0.16594	0.03460	0.06589	0.01376	0.09027	0.05091	0.01383	0.11833	0.01219	0.01357	0.00918	0.00543	0.00521	0.00152	0.00664	0.00455	0.00363	0.20820
15	0.47053	0.01382	0.07167	0.02432	0.01544	0.01365	0.03094	0.15020	0.01458	0.12775	0.01173	0.01242	0.00839	0.00604	0.00468	0.00183	0.00554	0.00421	0.00444	0.00781
16	0.01362	0.01096	0.01520	0.06309	0.04702	0.03424	0.04504	0.10713	0.01306	0.07344	0.01362	0.01818	0.01157	0.02274	0.32081	0.00512	0.16879	0.00578	0.00366	0.00692
17	0.00849	0.00616	0.00862	0.00862	0.00938	0.00691	0.00629	0.01000	0.00924	0.01308	0.01665	0.02769	0.01672	0.25995	0.55579	0.00842	0.01293	0.00699	0.00329	0.00479
18	0.01610	0.01339	0.01415	0.01232	0.01591	0.01536	0.00970	0.15704	0.61672	0.02697	0.02231	0.02066	0.01663	0.00786	0.00600	0.00196	0.00501	0.00644	0.00600	0.00948
19	0.83394	0.01144	0.00869	0.00778	0.01144	0.01327	0.00640	0.01738	0.01006	0.02653	0.00823	0.00961	0.00640	0.00549	0.00366	0.00183	0.00457	0.00320	0.00366	0.00640
20	0.01483	0.01270	0.01338	0.01196	0.01533	0.01463	0.00932	0.05752	0.70149	0.02502	0.02448	0.02253	0.03386	0.00814	0.00603	0.00200	0.00471	0.00676	0.00600	0.00929
21	0.83394	0.01144	0.00869	0.00778	0.01144	0.01327	0.00640	0.01738	0.01006	0.02653	0.00823	0.00961	0.00640	0.00549	0.00366	0.00183	0.00457	0.00320	0.00366	0.00640
22	0.01581	0.79572	0.03099	0.01012	0.01518	0.02340	0.01012	0.01771	0.01202	0.01391	0.00822	0.00949	0.00759	0.00506	0.00379	0.00126	0.00632	0.00316	0.00253	0.00759
23	0.00854	0.00559	0.00745	0.00835	0.00906	0.00521	0.00580	0.00984	0.01215	0.05777	0.09677	0.62351	0.03849	0.04055	0.00811	0.00243	0.00362	0.04594	0.00563	0.00516
24	0.01091	0.00816	0.00879	0.00837	0.00981	0.00882	0.00580	0.01724	0.26991	0.01769	0.02302	0.06072	0.05296	0.36203	0.01676	0.00363	0.00482	0.00807	0.09654	0.00595
25	0.02476	0.01121	0.01423	0.01109	0.01556	0.01061	0.00910	0.12382	0.09388	0.58636	0.02218	0.01953	0.01438	0.00736	0.00595	0.00184	0.00519	0.00594	0.00700	0.00999
26	0.02579	0.01126	0.01446	0.01109	0.01569	0.01046	0.00916	0.15866	0.01892	0.62671	0.02165	0.01904	0.01380	0.00728	0.00594	0.00182	0.00530	0.00583	0.00706	0.01006
27	0.00721	0.00515	0.00686	0.00823	0.00858	0.00480	0.00549	0.00823	0.01132	0.01510	0.03259	0.78831	0.03911	0.01853	0.00755	0.00240	0.00343	0.01681	0.00549	0.00480
28	0.00806	0.00579	0.00744	0.00846	0.00909	0.00556	0.00585	0.04029	0.01211	0.01607	0.03192	0.65453	0.05958	0.05483	0.00857	0.00254	0.00378	0.05510	0.00541	0.00502
29	0.00721	0.00515	0.00686	0.00823	0.00858	0.00480	0.00549	0.00823	0.01132	0.01510	0.03259	0.78831	0.03911	0.01853	0.00755	0.00240	0.00343	0.01681	0.00549	0.00480
30	0.20185	0.01044	0.01259	0.00993	0.01423	0.00987	0.00818	0.04515	0.01572	0.56110	0.03855	0.01829	0.01378	0.00704	0.00547	0.00183	0.00492	0.00545	0.00646	0.00915
31	0.01039	0.00644	0.00938	0.00908	0.00914	0.00729	0.00651	0.00891	0.00828	0.01143	0.01186	0.07882	0.01234	0.01966	0.05001	0.59747	0.13055	0.00612	0.00283	0.00348
32	0.03624	0.03165	0.03861	0.00964	0.01137	0.00835	0.00754	0.06380	0.09500	0.01886	0.06769	0.43680	0.03102	0.01576	0.03861	0.00253	0.00476	0.07040	0.00527	0.00609
33	0.01699	0.03701	0.09608	0.01341	0.01674	0.02743	0.03200	0.13433	0.04665	0.17784	0.01440	0.01639	0.01101	0.01289	0.11468	0.00307	0.21114	0.00547	0.00437	0.00810
34	0.01295	0.01292	0.04651	0.42534	0.18313	0.03607	0.01561	0.05700	0.04138	0.01770	0.01308	0.01683	0.03745	0.00653	0.00671	0.00194	0.05271	0.00552	0.00312	0.00748
35	0.05009	0.07176	0.06607	0.02492	0.01360	0.01118	0.03204	0.01382	0.06070	0.01615	0.01792	0.22086	0.01885	0.10054	0.07856	0.00315	0.13648	0.00848	0.00385	0.05099

[dist]
# distance from previous block
# <min> <max>
12	62

[block]
# block no. 7 follows, 39 sequences, length 14
# corresponding to MSA columns:
# 641-654
name=unknown_H
#
# <colnr> <probs for GDERKNQSTAVLIFYWHMCP>
#	G	D	E	R	K	N	Q	S	T	A	V	L	I	F	Y	W	H	M	C	P
0	0.01648	0.01295	0.01390	0.01210	0.01570	0.01468	0.00953	0.11190	0.60860	0.08057	0.02288	0.02102	0.01688	0.00787	0.00600	0.00197	0.00492	0.00648	0.00610	0.00949
1	0.00819	0.00614	0.00775	0.00824	0.00963	0.00569	0.00650	0.01036	0.01412	0.01854	0.24055	0.16279	0.23152	0.01511	0.00743	0.00224	0.00376	0.23039	0.00576	0.00527
2	0.08045	0.01378	0.02370	0.01862	0.05013	0.04741	0.37389	0.06249	0.01352	0.01912	0.01418	0.01879	0.03877	0.06084	0.09984	0.00310	0.04430	0.00651	0.00337	0.00720
3	0.10993	0.11068	0.03277	0.01278	0.09558	0.01145	0.00955	0.02281	0.01467	0.40983	0.05920	0.01907	0.01475	0.04328	0.00659	0.00193	0.00536	0.00557	0.00550	0.00869
4	0.00957	0.00633	0.00815	0.00784	0.00946	0.00578	0.00599	0.01200	0.01562	0.07722	0.48956	0.10996	0.13664	0.01299	0.00705	0.00199	0.00326	0.06856	0.00627	0.00577
5	0.00771	0.00560	0.00682	0.00756	0.00859	0.00512	0.00543	0.00927	0.01264	0.01682	0.10394	0.41656	0.22809	0.01598	0.00714	0.00219	0.00336	0.06589	0.06626	0.00502
6	0.03145	0.01570	0.13469	0.25383	0.24716	0.01393	0.12157	0.06052	0.01366	0.01919	0.01126	0.01485	0.00866	0.00562	0.00592	0.00187	0.00781	0.00534	0.01884	0.00812
7	0.01366	0.01102	0.01515	0.38173	0.08299	0.06249	0.01253	0.01699	0.02781	0.12247	0.07425	0.02383	0.11494	0.00782	0.00610	0.00190	0.00649	0.00668	0.00409	0.00707
8	0.01624	0.01282	0.01376	0.01205	0.01560	0.01455	0.00946	0.08865	0.63104	0.08139	0.02321	0.02128	0.01714	0.00789	0.00600	0.00197	0.00486	0.00652	0.00611	0.00947
9	0.08148	0.01137	0.01311	0.01291	0.07142	0.04842	0.00918	0.11654	0.09406	0.08821	0.01880	0.18744	0.01803	0.07125	0.03502	0.00259	0.10012	0.00807	0.00473	0.00723
10	0.01429	0.07554	0.30466	0.09245	0.13761	0.01482	0.15021	0.07709	0.01422	0.04681	0.01152	0.01397	0.00857	0.00562	0.00584	0.00183	0.00814	0.00512	0.00312	0.00856
11	0.05314	0.01365	0.08160	0.09063	0.01737	0.07895	0.01039	0.12920	0.04320	0.13926	0.01764	0.13358	0.01560	0.06674	0.00832	0.00221	0.04212	0.00712	0.04181	0.00746
12	0.24210	0.07234	0.01628	0.03276	0.07388	0.08401	0.08111	0.07015	0.01413	0.10961	0.03922	0.07971	0.01396	0.00757	0.00545	0.00186	0.00617	0.03796	0.00429	0.00743
13	0.27738	0.07378	0.01460	0.03760	0.04878	0.01368	0.00909	0.14032	0.07052	0.16444	0.01371	0.01398	0.00995	0.00616	0.00490	0.00170	0.00534	0.00453	0.00474	0.08479

[dist]
# distance from previous block
# <min> <max>
0	55

[block]
# block no. 8 follows, 39 sequences, length 19
# corresponding to MSA columns:
# 710-728
name=unknown_I
#
# <colnr> <probs for GDERKNQSTAVLIFYWHMCP>
#	G	D	E	R	K	N	Q	S	T	A	V	L	I	F	Y	W	H	M	C	P
0	0.12949	0.09430	0.04586	0.01200	0.01631	0.22833	0.01002	0.16482	0.01654	0.05522	0.01102	0.01214	0.00859	0.00655	0.01905	0.00165	0.00723	0.00408	0.00391	0.15290
1	0.06716	0.01028	0.01363	0.24621	0.07069	0.01091	0.01051	0.09488	0.01412	0.07149	0.01371	0.01634	0.01040	0.00606	0.00512	0.00161	0.00555	0.00497	0.19398	0.13237
2	0.01227	0.10950	0.68618	0.01616	0.02452	0.01473	0.02064	0.01862	0.01244	0.01823	0.01037	0.01218	0.00750	0.00556	0.00543	0.00181	0.00849	0.00425	0.00250	0.00862
3	0.00739	0.00533	0.00702	0.00819	0.00874	0.00497	0.00564	0.00865	0.01193	0.01589	0.08621	0.66377	0.07499	0.01778	0.00751	0.00236	0.00346	0.04970	0.00556	0.00490
4	0.01451	0.05908	0.02143	0.25677	0.34871	0.06868	0.04803	0.01784	0.01325	0.05342	0.01193	0.03876	0.00985	0.00601	0.00582	0.00181	0.00743	0.00550	0.00312	0.00806
5	0.00733	0.00530	0.00693	0.00801	0.00857	0.00491	0.00544	0.00859	0.01209	0.01616	0.11891	0.65814	0.08259	0.01756	0.00745	0.00231	0.00333	0.01584	0.00561	0.00491
6	0.00767	0.00602	0.00694	0.00671	0.00841	0.00528	0.00503	0.00981	0.01510	0.01981	0.40315	0.05060	0.40725	0.01355	0.00698	0.00193	0.00289	0.01160	0.00600	0.00528
