[name]
unknown

[dist]
# distance from previous block
# <min> <max>
0	474

[block]
# block no. 0 follows, 42 sequences, length 14
# corresponding to MSA columns:
# 502-515
name=unknown_A
#
# <colnr> <probs for GDERKNQSTAVLIFYWHMCP>
#	G	D	E	R	K	N	Q	S	T	A	V	L	I	F	Y	W	H	M	C	P
0	0.00826	0.00554	0.00638	0.00648	0.00659	0.00554	0.00387	0.00847	0.00857	0.01139	0.01871	0.03899	0.02143	0.73841	0.02695	0.00522	0.00543	0.06667	0.00355	0.00355
1	0.01207	0.01002	0.01390	0.04654	0.04590	0.01001	0.09684	0.11776	0.11436	0.03441	0.08334	0.19500	0.07830	0.00960	0.00610	0.00181	0.00496	0.00861	0.00473	0.10575
2	0.00749	0.00569	0.00683	0.00695	0.00829	0.00515	0.00520	0.00935	0.01348	0.01773	0.30811	0.13417	0.30486	0.05826	0.00806	0.00217	0.00321	0.08461	0.00547	0.00490
3	0.01167	0.01000	0.01167	0.00834	0.01334	0.00750	0.00667	0.01417	0.01167	0.01834	0.01000	0.01167	0.00834	0.00417	0.00417	0.00083	0.00417	0.00333	0.00333	0.83663
4	0.11553	0.01190	0.08998	0.01105	0.01458	0.01039	0.07144	0.15032	0.03491	0.06834	0.07534	0.18551	0.05937	0.00937	0.00584	0.00184	0.00513	0.02068	0.00468	0.05382
5	0.01512	0.09356	0.03231	0.04533	0.04937	0.01577	0.01126	0.20590	0.03165	0.05570	0.01242	0.08079	0.01111	0.00854	0.01039	0.00200	0.30177	0.00578	0.00382	0.00741
6	0.00981	0.00713	0.03658	0.00857	0.00997	0.00636	0.00639	0.01274	0.08861	0.09287	0.09151	0.49765	0.03203	0.06210	0.00806	0.00232	0.00381	0.01253	0.00532	0.00566
7	0.11934	0.06345	0.12549	0.01619	0.06026	0.07590	0.20220	0.08708	0.01418	0.13408	0.01198	0.01347	0.00875	0.00571	0.00592	0.00175	0.03772	0.00494	0.00370	0.00790
8	0.01734	0.47946	0.06971	0.01111	0.01585	0.09692	0.01051	0.14349	0.01487	0.07884	0.01019	0.01090	0.00817	0.00545	0.00438	0.00139	0.00651	0.00371	0.00338	0.00781
9	0.00702	0.00504	0.00640	0.00742	0.00784	0.00471	0.00489	0.00790	0.01060	0.01396	0.03143	0.62955	0.09766	0.12529	0.01009	0.00269	0.00353	0.01457	0.00497	0.00443
10	0.01226	0.02610	0.63080	0.08236	0.02490	0.01347	0.01932	0.09196	0.01331	0.01932	0.01044	0.01232	0.00741	0.00551	0.00540	0.00178	0.00803	0.00432	0.00272	0.00827
11	0.01293	0.12441	0.05714	0.09635	0.01605	0.07712	0.00944	0.16722	0.01486	0.01884	0.02041	0.27344	0.06877	0.01028	0.00586	0.00184	0.00558	0.00865	0.00425	0.00657
12	0.09205	0.03697	0.06104	0.00931	0.01287	0.00904	0.00790	0.07921	0.01408	0.20662	0.08043	0.16560	0.04902	0.00882	0.00553	0.00168	0.00450	0.00736	0.00502	0.14295
13	0.03814	0.04915	0.11421	0.06889	0.18090	0.01171	0.08707	0.03324	0.03014	0.04664	0.01096	0.01311	0.00860	0.00496	0.00505	0.00144	0.00617	0.00442	0.00320	0.28198

[dist]
# distance from previous block
# <min> <max>
5	62

[block]
# block no. 1 follows, 42 sequences, length 41
# corresponding to MSA columns:
# 583-623
name=unknown_B
#
# <colnr> <probs for GDERKNQSTAVLIFYWHMCP>
#	G	D	E	R	K	N	Q	S	T	A	V	L	I	F	Y	W	H	M	C	P
0	0.06319	0.12090	0.14798	0.01154	0.01509	0.05521	0.07329	0.03956	0.04229	0.04111	0.01865	0.26946	0.03261	0.03597	0.00652	0.00198	0.00578	0.00841	0.00393	0.00652
1	0.20449	0.07278	0.12815	0.01047	0.01466	0.01105	0.04050	0.01896	0.05657	0.20272	0.09016	0.07456	0.01606	0.00727	0.00518	0.00174	0.00515	0.00587	0.00458	0.02907
2	0.03522	0.03500	0.02868	0.00794	0.00956	0.00685	0.00605	0.05719	0.01216	0.03938	0.07457	0.31638	0.12430	0.01377	0.00850	0.12309	0.00389	0.01021	0.05573	0.03153
3	0.01336	0.00964	0.01107	0.00985	0.01229	0.06831	0.03096	0.10326	0.01486	0.13067	0.12026	0.27985	0.03830	0.01118	0.00626	0.00186	0.00468	0.04501	0.00522	0.08313
4	0.03933	0.14544	0.24249	0.02434	0.03990	0.03792	0.11811	0.07500	0.01317	0.01858	0.05732	0.01528	0.01132	0.03398	0.00684	0.00183	0.05534	0.00501	0.05148	0.00733
5	0.03263	0.04850	0.21945	0.08707	0.02225	0.01319	0.15154	0.11798	0.06120	0.11139	0.03688	0.01524	0.01070	0.00591	0.00560	0.00174	0.00698	0.00523	0.00387	0.04265
6	0.06069	0.28806	0.28982	0.01228	0.01787	0.01532	0.04358	0.01798	0.05842	0.06083	0.02902	0.03609	0.03538	0.00615	0.00487	0.00161	0.00646	0.00475	0.00320	0.00761
7	0.03912	0.01007	0.03610	0.14744	0.04031	0.05138	0.00939	0.01567	0.07053	0.09809	0.13556	0.06843	0.01883	0.01053	0.03090	0.09626	0.06193	0.00653	0.03524	0.01768
8	0.00789	0.00581	0.00698	0.00719	0.00764	0.00588	0.00478	0.00858	0.00992	0.01308	0.04512	0.23258	0.14004	0.38853	0.01798	0.00374	0.05290	0.03298	0.00422	0.00418
9	0.01480	0.52601	0.02921	0.01371	0.01861	0.05359	0.20806	0.01795	0.04225	0.01497	0.00943	0.01122	0.00798	0.00495	0.00458	0.00143	0.00707	0.00415	0.00268	0.00736
10	0.01409	0.03145	0.03848	0.01015	0.01278	0.05621	0.03005	0.05837	0.05941	0.17523	0.11535	0.18345	0.02361	0.06524	0.00803	0.00212	0.02686	0.04374	0.00509	0.04028
11	0.00995	0.00624	0.00774	0.00802	0.00924	0.00605	0.00571	0.01279	0.08655	0.09527	0.07729	0.47079	0.04924	0.04152	0.00728	0.00217	0.00351	0.01218	0.08286	0.00560
12	0.00805	0.00600	0.00889	0.00889	0.00984	0.00695	0.00684	0.00995	0.00900	0.01295	0.01522	0.02291	0.01442	0.08365	0.73895	0.00885	0.01455	0.00615	0.00304	0.00494
13	0.05418	0.01329	0.01435	0.03665	0.01613	0.01487	0.00959	0.40633	0.24199	0.02953	0.08873	0.01836	0.01584	0.00737	0.00566	0.00177	0.00529	0.00586	0.00552	0.00870
14	0.00732	0.00513	0.00653	0.00731	0.00765	0.00488	0.00475	0.00821	0.01061	0.01428	0.10125	0.52066	0.03438	0.22486	0.01281	0.00307	0.00378	0.01334	0.00484	0.00434
15	0.00928	0.00667	0.00816	0.00766	0.00936	0.00639	0.00583	0.04479	0.06135	0.04661	0.48407	0.09557	0.14813	0.01185	0.00658	0.00185	0.00314	0.03105	0.00593	0.00573
16	0.01235	0.01176	0.01998	0.39602	0.41801	0.01296	0.01648	0.01588	0.01207	0.01646	0.01031	0.01444	0.00824	0.00531	0.00560	0.00177	0.00708	0.00501	0.00265	0.00764
17	0.01363	0.19235	0.02042	0.04116	0.36818	0.01355	0.01247	0.01618	0.01211	0.06838	0.02564	0.01692	0.03519	0.04598	0.09218	0.00257	0.00711	0.00517	0.00317	0.00763
18	0.01146	0.00788	0.00977	0.00886	0.01037	0.00806	0.02870	0.12859	0.03933	0.06433	0.07508	0.21530	0.04746	0.25513	0.01412	0.03675	0.01916	0.00938	0.00469	0.00557
19	0.04152	0.10856	0.04157	0.04827	0.18454	0.01290	0.01126	0.08393	0.05983	0.16017	0.01358	0.01535	0.01044	0.00601	0.00559	0.00158	0.03321	0.02229	0.00408	0.13530
20	0.04282	0.01406	0.07323	0.01373	0.03950	0.01398	0.08343	0.32359	0.05433	0.06156	0.03723	0.04260	0.02489	0.00870	0.03745	0.00210	0.07479	0.00585	0.03808	0.00809
21	0.00780	0.00525	0.00697	0.00803	0.00864	0.00490	0.00559	0.00895	0.01118	0.04509	0.03111	0.66963	0.05816	0.03202	0.00757	0.00234	0.00351	0.07320	0.00526	0.00481
22	0.08228	0.09565	0.05755	0.05448	0.03599	0.05514	0.01054	0.31659	0.01844	0.14261	0.01321	0.02466	0.00969	0.00625	0.00516	0.00161	0.00607	0.00472	0.00465	0.05469
23	0.04010	0.23142	0.23045	0.01182	0.01737	0.01451	0.03676	0.08701	0.03279	0.06592	0.01122	0.01235	0.00860	0.00534	0.00467	0.00145	0.00618	0.00405	0.04038	0.13759
24	0.06288	0.07681	0.16636	0.01432	0.06515	0.01335	0.08252	0.15484	0.06615	0.13083	0.01386	0.03835	0.01048	0.00616	0.00533	0.00166	0.00626	0.00514	0.00418	0.07536
25	0.01452	0.00875	0.01029	0.00919	0.01175	0.02236	0.00707	0.06466	0.14616	0.22876	0.11659	0.20359	0.11078	0.01087	0.00624	0.00191	0.00409	0.00933	0.00590	0.00719
26	0.01238	0.01173	0.02116	0.39639	0.18234	0.01286	0.16922	0.01608	0.01213	0.04256	0.01138	0.01641	0.00902	0.00582	0.00633	0.00188	0.03402	0.02828	0.00287	0.00715
27	0.11399	0.03052	0.01266	0.05707	0.06622	0.06604	0.00896	0.08843	0.03418	0.18073	0.11119	0.09681	0.02023	0.00884	0.00578	0.00185	0.00520	0.07911	0.00499	0.00718
28	0.04897	0.01118	0.03800	0.38426	0.10242	0.02730	0.06937	0.01641	0.03726	0.08484	0.06207	0.05719	0.01307	0.00672	0.00590	0.00185	0.01676	0.00600	0.00350	0.00692
29	0.00860	0.00580	0.00754	0.00778	0.00883	0.00554	0.00556	0.01071	0.03748	0.05932	0.25580	0.38140	0.06227	0.05146	0.06238	0.00269	0.00412	0.01211	0.00540	0.00521
30	0.00939	0.00612	0.00760	0.00751	0.00897	0.00564	0.00548	0.01170	0.04434	0.09478	0.26741	0.27913	0.17806	0.03834	0.00737	0.00208	0.00327	0.01165	0.00567	0.00550
31	0.01357	0.15256	0.15558	0.04447	0.03398	0.01414	0.07498	0.15242	0.10340	0.02035	0.03740	0.10704	0.01432	0.02458	0.02489	0.00200	0.00644	0.00635	0.00392	0.00759
32	0.01176	0.00712	0.00907	0.00879	0.01066	0.00696	0.00684	0.01547	0.10358	0.15271	0.16524	0.20863	0.06117	0.01354	0.04108	0.00234	0.00436	0.12528	0.03913	0.00628
33	0.00886	0.00578	0.00731	0.00790	0.00886	0.00544	0.00548	0.01070	0.04977	0.07982	0.03163	0.57427	0.10483	0.06104	0.00816	0.00236	0.00354	0.01376	0.00530	0.00518
34	0.01488	0.01067	0.01251	0.08329	0.01530	0.06555	0.04126	0.10429	0.09435	0.12828	0.05322	0.07368	0.01573	0.00773	0.00609	0.00172	0.04795	0.00631	0.21014	0.00707
35	0.01792	0.12027	0.08916	0.07016	0.11334	0.01449	0.04839	0.19783	0.03416	0.19312	0.01372	0.01443	0.00986	0.00614	0.00580	0.00170	0.03160	0.00494	0.00439	0.00860
36	0.10261	0.00938	0.01047	0.00913	0.01178	0.00979	0.00695	0.06580	0.20739	0.20032	0.04489	0.06948	0.04295	0.17202	0.01034	0.00259	0.00466	0.00701	0.00527	0.00717
37	0.04465	0.00639	0.00793	0.00771	0.00932	0.00598	0.00570	0.01252	0.03746	0.11748	0.29860	0.28073	0.11828	0.01279	0.00652	0.00195	0.00328	0.01122	0.00575	0.00572
38	0.01509	0.05405	0.09364	0.06891	0.06788	0.08135	0.05645	0.14463	0.02386	0.08835	0.03421	0.11485	0.01387	0.00793	0.00687	0.00182	0.07927	0.00642	0.03315	0.00743
39	0.12493	0.17526	0.01821	0.03368	0.05629	0.12019	0.05409	0.13097	0.03249	0.01977	0.04585	0.04755	0.03445	0.00698	0.00619	0.00169	0.07550	0.00519	0.00363	0.00711
40	0.01089	0.00768	0.03411	0.00828	0.01025	0.00694	0.00648	0.05129	0.05417	0.11059	0.19359	0.19036	0.13700	0.06203	0.06601	0.00265	0.00465	0.00983	0.02724	0.00598

[dist]
# distance from previous block
# <min> <max>
8	43

[block]
# block no. 2 follows, 42 sequences, length 27
# corresponding to MSA columns:
# 667-693
name=unknown_C
#
# <colnr> <probs for GDERKNQSTAVLIFYWHMCP>
#	G	D	E	R	K	N	Q	S	T	A	V	L	I	F	Y	W	H	M	C	P
0	0.11034	0.10832	0.16068	0.01422	0.09362	0.01322	0.05620	0.04270	0.10706	0.08583	0.01286	0.01471	0.01004	0.03809	0.02399	0.00196	0.02181	0.00473	0.00365	0.07597
1	0.05487	0.12637	0.24200	0.01224	0.01705	0.01230	0.06736	0.03744	0.05959	0.10145	0.04865	0.02187	0.05038	0.06457	0.00715	0.00204	0.00625	0.05725	0.00386	0.00733
2	0.05638	0.15654	0.10591	0.01076	0.01467	0.06676	0.02758	0.13182	0.01528	0.09548	0.13515	0.02147	0.07096	0.00811	0.00609	0.03692	0.00566	0.02298	0.00434	0.00713
3	0.01300	0.01148	0.07009	0.01031	0.01352	0.02973	0.00873	0.15020	0.06906	0.05894	0.11493	0.14596	0.03422	0.01021	0.02740	0.00194	0.03399	0.04035	0.00478	0.15117
4	0.01537	0.08217	0.03706	0.08877	0.08260	0.04273	0.13179	0.06046	0.02352	0.16931	0.05403	0.06280	0.03832	0.00727	0.00629	0.00177	0.03946	0.01795	0.00421	0.03412
5	0.02640	0.04221	0.07578	0.08593	0.01923	0.04430	0.13033	0.10927	0.01464	0.13104	0.07032	0.09202	0.01570	0.00785	0.00675	0.00184	0.05969	0.02624	0.00426	0.03620
6	0.11781	0.00780	0.00910	0.00846	0.01026	0.00812	0.00634	0.06649	0.03946	0.11716	0.05768	0.15878	0.04620	0.15919	0.09618	0.03049	0.01888	0.03117	0.00461	0.00581
7	0.01073	0.00997	0.01674	0.62652	0.11605	0.01204	0.01494	0.01426	0.01120	0.01469	0.01058	0.01561	0.00832	0.00927	0.08421	0.00258	0.00818	0.00511	0.00258	0.00642
8	0.03057	0.17805	0.05515	0.01351	0.04876	0.24363	0.01103	0.23969	0.05158	0.05969	0.01144	0.01212	0.00878	0.00597	0.00502	0.00154	0.00728	0.00424	0.00394	0.00803
9	0.02198	0.01167	0.05333	0.01248	0.06946	0.01031	0.00985	0.13917	0.02799	0.50894	0.03845	0.01822	0.01360	0.00787	0.02832	0.00195	0.00557	0.00558	0.00606	0.00921
10	0.00765	0.00537	0.00667	0.00705	0.00747	0.00527	0.00458	0.00851	0.01014	0.01368	0.10528	0.28405	0.05864	0.35853	0.08824	0.00421	0.00523	0.01089	0.00434	0.00420
11	0.09783	0.01088	0.01613	0.05975	0.36460	0.01114	0.01199	0.03584	0.04025	0.09579	0.08158	0.04742	0.01528	0.05416	0.03168	0.00219	0.00591	0.00602	0.00389	0.00765
12	0.01137	0.00657	0.00820	0.00803	0.00983	0.00615	0.00633	0.01374	0.03239	0.14703	0.11629	0.11828	0.14575	0.06010	0.00776	0.00220	0.00392	0.17815	0.11210	0.00582
13	0.01561	0.01005	0.01256	0.01075	0.01317	0.01100	0.00863	0.14324	0.07366	0.20538	0.05273	0.11358	0.07299	0.01195	0.05830	0.00244	0.14927	0.02215	0.00516	0.00738
14	0.01241	0.00738	0.00923	0.00848	0.01059	0.00708	0.00663	0.05354	0.06434	0.16561	0.28862	0.12775	0.08305	0.01121	0.00638	0.00190	0.00370	0.07999	0.04566	0.00645
15	0.00806	0.00590	0.00840	0.00836	0.00921	0.00661	0.00624	0.00976	0.00944	0.01343	0.07520	0.02636	0.01834	0.17754	0.58216	0.00781	0.01234	0.00675	0.00334	0.00475
16	0.00784	0.00540	0.00686	0.00743	0.00797	0.00518	0.00513	0.00872	0.01079	0.01436	0.11026	0.30267	0.07612	0.23732	0.01427	0.06337	0.00415	0.10327	0.00462	0.00426
17	0.00922	0.00583	0.00751	0.00814	0.00905	0.00554	0.00568	0.04679	0.01203	0.07599	0.02883	0.65984	0.03289	0.01571	0.00683	0.00217	0.00350	0.01411	0.04509	0.00525
18	0.01192	0.00870	0.01148	0.00978	0.01187	0.00916	0.06546	0.11401	0.06316	0.05407	0.13137	0.02674	0.06382	0.13663	0.10748	0.00325	0.04375	0.00710	0.11408	0.00617
19	0.01591	0.01239	0.04376	0.01374	0.05062	0.01235	0.09495	0.19372	0.17573	0.12892	0.03731	0.10364	0.01696	0.00848	0.00629	0.00190	0.01861	0.05141	0.00516	0.00816
20	0.01402	0.00789	0.00956	0.00855	0.01105	0.00753	0.00659	0.03905	0.11927	0.24343	0.11281	0.17426	0.16597	0.01092	0.00618	0.00188	0.00380	0.00934	0.04093	0.00697
21	0.00892	0.00608	0.00760	0.00813	0.00949	0.00574	0.00628	0.01119	0.03980	0.05929	0.06641	0.29630	0.19647	0.01458	0.00691	0.00217	0.00376	0.20246	0.04314	0.00528
22	0.01314	0.01032	0.04468	0.01348	0.13050	0.00993	0.00930	0.10943	0.11199	0.07892	0.07952	0.05636	0.03692	0.11986	0.00952	0.02088	0.00514	0.08872	0.04444	0.00697
23	0.03785	0.04881	0.04176	0.03324	0.14905	0.01319	0.06398	0.19823	0.06138	0.07550	0.05141	0.03756	0.01335	0.05593	0.02599	0.00214	0.04386	0.00580	0.00424	0.03673
24	0.05337	0.00924	0.04452	0.00901	0.01162	0.00856	0.02467	0.10708	0.07607	0.07411	0.18248	0.11277	0.15462	0.01037	0.00603	0.00184	0.00408	0.03174	0.07131	0.00649
25	0.02957	0.13484	0.36247	0.05445	0.03521	0.04275	0.01499	0.15987	0.01471	0.02040	0.01152	0.04543	0.00918	0.00613	0.00515	0.00168	0.00708	0.00473	0.03190	0.00794
26	0.04870	0.01533	0.04340	0.11529	0.08337	0.14093	0.06516	0.15304	0.06028	0.17119	0.01361	0.01462	0.00982	0.00625	0.00597	0.00174	0.03386	0.00501	0.00430	0.00811

[dist]
# distance from previous block
# <min> <max>
20	100

[block]
# block no. 3 follows, 42 sequences, length 14
# corresponding to MSA columns:
# 807-820
name=unknown_D
#
# <colnr> <probs for GDERKNQSTAVLIFYWHMCP>
#	G	D	E	R	K	N	Q	S	T	A	V	L	I	F	Y	W	H	M	C	P
0	0.04007	0.01402	0.11114	0.10280	0.13406	0.05353	0.06697	0.05948	0.03067	0.15935	0.01430	0.04846	0.01164	0.07999	0.00840	0.00215	0.04572	0.00578	0.00389	0.00757
1	0.01785	0.01127	0.01321	0.01094	0.01411	0.01206	0.00877	0.26940	0.11540	0.20883	0.04435	0.12364	0.01691	0.00877	0.00672	0.00185	0.05998	0.00704	0.04066	0.00824
2	0.00857	0.00860	0.08522	0.07371	0.03739	0.00697	0.00875	0.01097	0.01213	0.01625	0.11447	0.24973	0.09390	0.06480	0.00825	0.00237	0.00472	0.18318	0.00462	0.00540
3	0.08534	0.01245	0.06225	0.08184	0.01572	0.06596	0.00915	0.16736	0.06849	0.10944	0.01860	0.05902	0.06497	0.00750	0.00526	0.00170	0.00530	0.00596	0.14640	0.00729
4	0.12525	0.16102	0.07606	0.01048	0.03648	0.05179	0.00897	0.03715	0.07813	0.07897	0.08983	0.05760	0.03927	0.00699	0.00494	0.00155	0.00515	0.00548	0.00407	0.12082
5	0.07040	0.19843	0.09054	0.01183	0.02695	0.15842	0.03695	0.04057	0.03430	0.06858	0.01165	0.01369	0.00943	0.02564	0.03288	0.00191	0.05712	0.00435	0.09938	0.00698
6	0.01384	0.06599	0.01328	0.07160	0.03501	0.03030	0.00865	0.12940	0.18466	0.08174	0.14684	0.11229	0.02250	0.05007	0.00705	0.00200	0.00490	0.00753	0.00508	0.00727
7	0.11635	0.01152	0.01454	0.01379	0.10606	0.03783	0.07363	0.17937	0.01496	0.10672	0.01541	0.09303	0.01389	0.14475	0.00952	0.00240	0.00583	0.00651	0.00435	0.02952
8	0.07454	0.01364	0.01539	0.14334	0.13710	0.12225	0.01129	0.16215	0.06088	0.08245	0.01238	0.01455	0.00953	0.00837	0.03033	0.07884	0.00685	0.00484	0.00387	0.00740
9	0.00749	0.00531	0.00698	0.00788	0.00844	0.00505	0.00555	0.00880	0.01146	0.01540	0.12920	0.49487	0.03659	0.11537	0.00990	0.00266	0.00373	0.11558	0.00512	0.00461
10	0.00963	0.00494	0.00722	0.00722	0.00722	0.00494	0.00475	0.00741	0.00741	0.00988	0.01051	0.01893	0.01076	0.09177	0.02261	0.75960	0.00494	0.00519	0.00253	0.00253
11	0.04168	0.05732	0.01809	0.09562	0.12163	0.20795	0.06905	0.09498	0.11313	0.07185	0.01260	0.01394	0.00963	0.00587	0.00534	0.00163	0.00717	0.00478	0.00379	0.04395
12	0.04581	0.00762	0.01109	0.17980	0.01715	0.00817	0.03893	0.02966	0.01239	0.01716	0.07389	0.15224	0.02503	0.04505	0.00753	0.00230	0.00527	0.26793	0.04747	0.00550
13	0.40619	0.01537	0.06558	0.08568	0.03087	0.14714	0.00981	0.08921	0.01297	0.05369	0.00955	0.01110	0.00726	0.00572	0.00487	0.00172	0.02904	0.00381	0.00352	0.00688

[dist]
# distance from previous block
# <min> <max>
0	1

[block]
# block no. 4 follows, 42 sequences, length 14
# corresponding to MSA columns:
# 822-835
name=unknown_E
#
# <colnr> <probs for GDERKNQSTAVLIFYWHMCP>
#	G	D	E	R	K	N	Q	S	T	A	V	L	I	F	Y	W	H	M	C	P
0	0.01286	0.06042	0.01288	0.06137	0.01467	0.00890	0.00756	0.04160	0.01317	0.08672	0.11841	0.01679	0.01513	0.00570	0.00477	0.00117	0.00443	0.00467	0.00404	0.50476
1	0.01371	0.43114	0.35089	0.01264	0.01888	0.05538	0.01453	0.01755	0.01185	0.01525	0.00885	0.01032	0.00718	0.00509	0.00443	0.00147	0.00722	0.00354	0.00242	0.00766
2	0.01223	0.06174	0.58900	0.05772	0.02465	0.01384	0.07914	0.06430	0.01287	0.01857	0.01031	0.01229	0.00743	0.00538	0.00541	0.00176	0.00813	0.00441	0.00263	0.00818
3	0.01591	0.08553	0.29156	0.01260	0.01809	0.04039	0.01320	0.13473	0.01509	0.16340	0.01475	0.05747	0.01171	0.00691	0.00543	0.00170	0.00650	0.03969	0.00414	0.06119
4	0.06202	0.00600	0.00700	0.00685	0.00759	0.00609	0.00452	0.01009	0.01003	0.04038	0.12399	0.07762	0.02404	0.45529	0.09890	0.00459	0.00572	0.00817	0.03671	0.00437
5	0.01006	0.00682	0.00873	0.05798	0.01153	0.00665	0.00674	0.06276	0.01357	0.07626	0.13803	0.24750	0.18318	0.01354	0.00746	0.04291	0.00398	0.09157	0.00521	0.00553
6	0.08121	0.03377	0.05761	0.01131	0.01419	0.02774	0.08288	0.12968	0.01456	0.05404	0.07887	0.21613	0.04747	0.01074	0.00647	0.00199	0.01973	0.10038	0.00470	0.00653
7	0.00730	0.00512	0.00662	0.00769	0.00828	0.00480	0.00536	0.00860	0.01134	0.01538	0.06212	0.61772	0.07856	0.01628	0.00695	0.00220	0.00331	0.06637	0.06131	0.00470
8	0.00905	0.00671	0.00869	0.00795	0.00957	0.00644	0.00578	0.01025	0.00944	0.01364	0.01495	0.06811	0.01519	0.21309	0.29757	0.07635	0.00851	0.00637	0.00327	0.20908
9	0.01320	0.00867	0.00944	0.00848	0.01063	0.02276	0.00652	0.14727	0.11383	0.06243	0.04936	0.09856	0.04294	0.01018	0.02562	0.06574	0.00432	0.00684	0.28675	0.00647
10	0.01263	0.01173	0.01896	0.42708	0.22976	0.01327	0.05399	0.06223	0.08083	0.01779	0.01163	0.01518	0.00895	0.00567	0.00567	0.00181	0.00703	0.00522	0.00308	0.00748
11	0.01348	0.00742	0.00931	0.00825	0.01069	0.00670	0.00638	0.05396	0.01468	0.23506	0.18673	0.18133	0.14475	0.01119	0.00625	0.00184	0.00373	0.02573	0.02627	0.04624
12	0.15594	0.00877	0.00977	0.00832	0.01104	0.00891	0.00662	0.12739	0.01600	0.15449	0.30025	0.02623	0.04374	0.00848	0.00550	0.00170	0.00386	0.00693	0.08924	0.00682
13	0.01067	0.00707	0.03000	0.00790	0.00923	0.00667	0.00582	0.01284	0.05421	0.10490	0.05616	0.10737	0.02124	0.32607	0.13543	0.00439	0.00633	0.02453	0.06393	0.00525

[dist]
# distance from previous block
# <min> <max>
11	16

[block]
# block no. 5 follows, 42 sequences, length 13
# corresponding to MSA columns:
# 897-909
name=unknown_F
#
# <colnr> <probs for GDERKNQSTAVLIFYWHMCP>
#	G	D	E	R	K	N	Q	S	T	A	V	L	I	F	Y	W	H	M	C	P
0	0.03353	0.00831	0.01124	0.01026	0.01212	0.00853	0.07353	0.10035	0.05961	0.04121	0.04400	0.33910	0.04306	0.05741	0.00812	0.00226	0.02766	0.06629	0.04744	0.00599
1	0.08767	0.01139	0.01836	0.23574	0.32755	0.01204	0.05180	0.01704	0.01257	0.09539	0.03875	0.01725	0.01121	0.00601	0.00558	0.00179	0.00645	0.03232	0.00341	0.00766
2	0.03533	0.17913	0.10370	0.01293	0.06294	0.01360	0.05615	0.11231	0.03528	0.15466	0.01315	0.01480	0.01012	0.04606	0.02522	0.00189	0.00622	0.00470	0.00398	0.10783
3	0.01343	0.03304	0.09587	0.02337	0.07889	0.02846	0.02061	0.04480	0.03605	0.15850	0.14774	0.10855	0.08906	0.03000	0.00733	0.00196	0.04856	0.02196	0.00481	0.00702
4	0.01618	0.00784	0.01000	0.00877	0.01144	0.00722	0.00686	0.04673	0.04076	0.34931	0.07669	0.19535	0.08632	0.01051	0.00608	0.00188	0.00403	0.03443	0.07233	0.00726
5	0.00964	0.00789	0.04826	0.00924	0.01069	0.00753	0.00737	0.04521	0.04033	0.04219	0.04693	0.26898	0.02367	0.08134	0.20419	0.00412	0.04213	0.05795	0.03683	0.00552
6	0.06629	0.10145	0.08224	0.04340	0.15610	0.15339	0.14230	0.01816	0.01257	0.05007	0.00995	0.01253	0.00802	0.00589	0.00706	0.00175	0.11384	0.00466	0.00292	0.00742
7	0.00797	0.00581	0.00713	0.00776	0.00882	0.00559	0.00569	0.01052	0.06109	0.01687	0.11951	0.39636	0.14645	0.01462	0.00676	0.00210	0.00339	0.09816	0.07031	0.00510
8	0.00711	0.00548	0.00650	0.00675	0.00801	0.00487	0.00487	0.00878	0.01317	0.01721	0.26537	0.26961	0.33320	0.01441	0.00680	0.00197	0.00291	0.01257	0.00552	0.00487
9	0.21525	0.01042	0.01173	0.00941	0.01318	0.01049	0.00771	0.14788	0.01613	0.36583	0.07922	0.01782	0.01463	0.00688	0.00513	0.00171	0.00464	0.00530	0.04849	0.00817
10	0.01546	0.06027	0.09264	0.03957	0.07679	0.05912	0.01071	0.10654	0.09066	0.15605	0.06255	0.04915	0.06441	0.00840	0.00585	0.00182	0.00569	0.08181	0.00479	0.00771
11	0.02912	0.01026	0.01113	0.00950	0.01258	0.03133	0.00738	0.10577	0.20965	0.12116	0.01908	0.10178	0.01590	0.03886	0.00621	0.00177	0.00447	0.00646	0.12215	0.13544
12	0.00824	0.00613	0.00761	0.00786	0.00892	0.00608	0.00560	0.03578	0.06010	0.01718	0.18927	0.36610	0.10163	0.07485	0.07503	0.00291	0.00445	0.01193	0.00516	0.00515

[dist]
# distance from previous block
# <min> <max>
8	11

[block]
# block no. 6 follows, 42 sequences, length 24
# corresponding to MSA columns:
# 922-945
name=unknown_G
#
# <colnr> <probs for GDERKNQSTAVLIFYWHMCP>
#	G	D	E	R	K	N	Q	S	T	A	V	L	I	F	Y	W	H	M	C	P
0	0.01172	0.00695	0.00882	0.00785	0.00989	0.00650	0.00602	0.01507	0.06995	0.16816	0.49164	0.03656	0.08552	0.04137	0.00724	0.00193	0.00333	0.00904	0.00614	0.00630
1	0.01454	0.00946	0.01109	0.05548	0.01353	0.03892	0.00774	0.06336	0.15677	0.18890	0.30698	0.02748	0.02879	0.00869	0.00595	0.00176	0.00426	0.00737	0.04163	0.00730
2	0.02127	0.01091	0.01338	0.01073	0.01466	0.01079	0.00880	0.18451	0.11364	0.43711	0.05467	0.02165	0.01620	0.00769	0.00582	0.00180	0.00498	0.04596	0.00638	0.00905
3	0.07697	0.01116	0.01282	0.01034	0.01401	0.01140	0.00837	0.27882	0.04834	0.28277	0.06329	0.07947	0.06052	0.00830	0.00573	0.00178	0.00489	0.00671	0.00592	0.00839
4	0.00793	0.00537	0.00691	0.00749	0.00831	0.00494	0.00518	0.00927	0.01204	0.04851	0.17530	0.50507	0.10306	0.06291	0.00826	0.00232	0.00331	0.01358	0.00538	0.00488
5	0.00915	0.00874	0.08040	0.00878	0.01078	0.00713	0.00736	0.05586	0.05514	0.01932	0.28015	0.21739	0.09141	0.06039	0.00795	0.00219	0.00402	0.06289	0.00523	0.00571
6	0.01369	0.38111	0.22742	0.01230	0.01742	0.01692	0.04428	0.01768	0.05585	0.04998	0.01153	0.05938	0.00998	0.00630	0.00554	0.00160	0.05380	0.00470	0.00300	0.00752
7	0.01027	0.00650	0.00840	0.00881	0.01003	0.00628	0.00648	0.07305	0.01293	0.09470	0.02847	0.55949	0.03187	0.01535	0.00697	0.00222	0.00391	0.10326	0.00543	0.00559
8	0.00770	0.00575	0.00726	0.00766	0.00894	0.00531	0.00593	0.00973	0.01352	0.01791	0.28274	0.18949	0.21849	0.01426	0.00701	0.00209	0.00341	0.18222	0.00554	0.00501
9	0.01147	0.00874	0.01100	0.05774	0.04683	0.02267	0.00794	0.04919	0.08848	0.06102	0.01979	0.12720	0.05847	0.15559	0.08822	0.00329	0.10664	0.00769	0.06202	0.00599
10	0.02070	0.01457	0.06143	0.04240	0.06250	0.06930	0.01091	0.27105	0.07490	0.28912	0.01641	0.01580	0.01124	0.00659	0.00559	0.00172	0.00607	0.00521	0.00542	0.00906
11	0.01373	0.04193	0.01438	0.01182	0.01355	0.10088	0.03385	0.13359	0.01316	0.01807	0.01271	0.05363	0.01166	0.06579	0.08704	0.00285	0.24757	0.00569	0.11178	0.00635
12	0.01217	0.17782	0.58419	0.01593	0.06755	0.01486	0.01843	0.01760	0.01185	0.01697	0.00969	0.01146	0.00726	0.00522	0.00503	0.00166	0.00777	0.00399	0.00241	0.00814
13	0.01352	0.01216	0.01624	0.01378	0.01482	0.04267	0.04045	0.04031	0.05526	0.06774	0.01072	0.01514	0.00957	0.04890	0.06106	0.00283	0.51979	0.00531	0.00319	0.00655
14	0.08974	0.00674	0.00849	0.00864	0.01031	0.00647	0.00667	0.01328	0.01249	0.15637	0.07518	0.35868	0.04557	0.01357	0.00663	0.00216	0.00401	0.16374	0.00544	0.00582
15	0.02150	0.01121	0.01368	0.01052	0.01492	0.01063	0.00862	0.18719	0.07223	0.43734	0.01846	0.01689	0.01235	0.00654	0.00543	0.00160	0.00498	0.00523	0.00603	0.13462
16	0.09363	0.08556	0.08208	0.01125	0.04222	0.06657	0.03289	0.04377	0.06435	0.11106	0.11792	0.08467	0.04815	0.00780	0.00538	0.00166	0.00526	0.00643	0.00442	0.08492
17	0.01116	0.03909	0.06351	0.04604	0.01274	0.00840	0.00760	0.04817	0.06689	0.05992	0.05560	0.11912	0.10527	0.10598	0.00975	0.06714	0.00472	0.02100	0.01460	0.13332
18	0.00972	0.00622	0.00767	0.00731	0.00898	0.00568	0.00550	0.01199	0.03015	0.10326	0.33223	0.12205	0.21183	0.05615	0.00779	0.00209	0.00331	0.04146	0.02108	0.00555
19	0.06824	0.00965	0.01250	0.00976	0.01379	0.00877	0.00801	0.06798	0.01635	0.61498	0.09172	0.02045	0.01698	0.00729	0.00563	0.00174	0.00464	0.00591	0.00662	0.00898
20	0.01198	0.24640	0.33332	0.18995	0.02378	0.01506	0.01545	0.01619	0.01161	0.01556	0.01084	0.04192	0.00918	0.00604	0.00506	0.00168	0.00718	0.02889	0.00261	0.00729
21	0.00845	0.00565	0.00730	0.00796	0.00879	0.00540	0.00562	0.01039	0.04085	0.05051	0.12441	0.51970	0.03546	0.05898	0.00811	0.00234	0.00353	0.05934	0.03214	0.00506
22	0.01172	0.00682	0.00767	0.00708	0.00894	0.00672	0.00536	0.04958	0.06818	0.09927	0.13027	0.07451	0.09762	0.05297	0.00656	0.00183	0.00338	0.00755	0.34800	0.00599
23	0.02900	0.01362	0.12074	0.08453	0.20260	0.01156	0.11268	0.04608	0.03860	0.11610	0.01462	0.04744	0.02724	0.00721	0.00689	0.05246	0.01837	0.00580	0.03681	0.00764

[dist]
# distance from previous block
# <min> <max>
1	24

[block]
# block no. 7 follows, 42 sequences, length 17
# corresponding to MSA columns:
# 970-986
name=unknown_H
#
# <colnr> <probs for GDERKNQSTAVLIFYWHMCP>
#	G	D	E	R	K	N	Q	S	T	A	V	L	I	F	Y	W	H	M	C	P
0	0.04411	0.16588	0.07547	0.03458	0.01679	0.19641	0.01081	0.19670	0.04589	0.02022	0.01205	0.01340	0.02978	0.00801	0.04365	0.00194	0.04156	0.00443	0.00362	0.03471
1	0.04292	0.10029	0.10801	0.01086	0.01469	0.09443	0.00971	0.07511	0.14261	0.14237	0.06120	0.03855	0.07549	0.04217	0.00647	0.00188	0.00569	0.01537	0.00464	0.00754
2	0.04557	0.01395	0.10669	0.24873	0.12323	0.01329	0.01350	0.16365	0.09872	0.06276	0.03057	0.01627	0.02581	0.00633	0.00556	0.00179	0.00642	0.00529	0.00393	0.00794
3	0.00752	0.00530	0.00651	0.00702	0.00749	0.00504	0.00459	0.00841	0.01067	0.01424	0.11937	0.35421	0.08600	0.30420	0.01496	0.00336	0.00401	0.02817	0.00468	0.00426
4	0.13193	0.00902	0.01092	0.00897	0.01246	0.00839	0.00730	0.03837	0.02716	0.38079	0.13539	0.02499	0.05813	0.00809	0.00557	0.00173	0.00430	0.04840	0.00584	0.07225
5	0.11981	0.01291	0.05805	0.07621	0.01715	0.06011	0.04558	0.11672	0.09897	0.21250	0.07701	0.01920	0.04720	0.00709	0.00550	0.00177	0.00563	0.00575	0.00498	0.00787
6	0.01451	0.36730	0.34448	0.01270	0.01891	0.03959	0.01440	0.05568	0.01279	0.05802	0.00990	0.01106	0.00767	0.00529	0.00461	0.00151	0.00706	0.00377	0.00283	0.00792
7	0.00714	0.00522	0.00664	0.00751	0.00820	0.00483	0.00522	0.00839	0.01156	0.01524	0.10576	0.53343	0.14134	0.05957	0.00827	0.00237	0.00338	0.05607	0.00522	0.00464
8	0.00768	0.00549	0.00653	0.00701	0.00823	0.00485	0.00497	0.00897	0.01211	0.05043	0.07338	0.41598	0.34307	0.01544	0.00686	0.00208	0.00314	0.01353	0.00535	0.00491
9	0.01426	0.01194	0.01599	0.42091	0.07597	0.05805	0.01303	0.15355	0.03626	0.06076	0.01269	0.03749	0.00980	0.00633	0.00555	0.00178	0.00675	0.00534	0.04633	0.00722
10	0.01197	0.17070	0.63747	0.01487	0.02255	0.01475	0.01876	0.01765	0.01180	0.01699	0.00968	0.01136	0.00715	0.00525	0.00503	0.00168	0.00790	0.00395	0.00238	0.00812
11	0.00909	0.00655	0.00758	0.00727	0.00907	0.00603	0.00549	0.06452	0.01449	0.05535	0.23113	0.16117	0.35482	0.01319	0.00664	0.00192	0.00327	0.03137	0.00559	0.00547
12	0.35626	0.03753	0.01177	0.00923	0.01299	0.01242	0.00761	0.17355	0.05125	0.17964	0.01721	0.01680	0.07816	0.00683	0.00479	0.00174	0.00476	0.00498	0.00489	0.00760
13	0.01325	0.05384	0.02044	0.31664	0.24362	0.06291	0.07864	0.03707	0.04892	0.01675	0.01070	0.01421	0.00850	0.00568	0.00619	0.00178	0.04555	0.00502	0.00288	0.00742
14	0.00931	0.00727	0.00943	0.00885	0.01066	0.00705	0.04227	0.07797	0.04297	0.01966	0.24535	0.19720	0.18821	0.01291	0.00676	0.00201	0.00385	0.09719	0.00544	0.00566
15	0.01748	0.09990	0.08836	0.09723	0.06259	0.11564	0.01163	0.24951	0.01736	0.09268	0.01265	0.01383	0.00937	0.00607	0.00516	0.00160	0.00661	0.00463	0.07968	0.00801
16	0.10144	0.01096	0.02991	0.08203	0.01664	0.01124	0.07192	0.18153	0.06733	0.08785	0.02714	0.13017	0.01567	0.00876	0.00624	0.02923	0.00540	0.04055	0.05307	0.02291

[dist]
# distance from previous block
# <min> <max>
4	28

[block]
# block no. 8 follows, 42 sequences, length 9
# corresponding to MSA columns:
# 1020-1028
name=unknown_I
#
# <colnr> <probs for GDERKNQSTAVLIFYWHMCP>
#	G	D	E	R	K	N	Q	S	T	A	V	L	I	F	Y	W	H	M	C	P
0	0.05427	0.08216	0.01579	0.04530	0.11445	0.05742	0.01002	0.16979	0.08756	0.17244	0.07135	0.01871	0.04736	0.00699	0.00542	0.00168	0.00552	0.00562	0.02002	0.00814
1	0.54091	0.03628	0.01072	0.04728	0.01333	0.01235	0.00730	0.08539	0.01205	0.09000	0.01090	0.04613	0.00873	0.00602	0.00419	0.00170	0.00471	0.00416	0.00398	0.05390
2	0.01383	0.01150	0.09277	0.01017	0.01368	0.00985	0.00887	0.07223	0.20891	0.14688	0.15472	0.06548	0.08395	0.00891	0.00593	0.00179	0.00454	0.02279	0.00543	0.05776
3	0.01135	0.01070	0.01753	0.34605	0.33697	0.01159	0.01445	0.01455	0.01216	0.01618	0.01796	0.02099	0.13246	0.00679	0.00577	0.00179	0.00640	0.00614	0.00307	0.00711
4	0.01826	0.02030	0.01553	0.01358	0.01621	0.46270	0.04006	0.09778	0.01543	0.03509	0.01109	0.03580	0.00952	0.02869	0.03148	0.00197	0.09033	0.00472	0.04477	0.00668
5	0.00939	0.00610	0.00757	0.00725	0.00896	0.00545	0.00551	0.01146	0.01437	0.09969	0.36847	0.12299	0.24978	0.01265	0.00665	0.00190	0.00313	0.04731	0.00585	0.00552
6	0.11317	0.01144	0.01290	0.01027	0.01406	0.01185	0.00839	0.28783	0.04445	0.27304	0.09129	0.01841	0.01550	0.00714	0.00540	0.00171	0.00490	0.00560	0.05417	0.00848
7	0.03522	0.01377	0.05622	0.01228	0.05195	0.14616	0.00972	0.01932	0.08741	0.15752	0.06993	0.03424	0.03316	0.00786	0.00657	0.00173	0.06605	0.06854	0.00446	0.11789
8	0.00968	0.00585	0.00692	0.00665	0.00710	0.00580	0.00406	0.00999	0.00893	0.07790	0.01796	0.03438	0.01950	0.68633	0.07204	0.00535	0.00598	0.00783	0.00370	0.00405

[dist]
# distance from previous block
# <min> <max>
0	1

[block]
# block no. 9 follows, 42 sequences, length 48
# corresponding to MSA columns:
# 1030-1051,1053-1078
name=unknown_J
#
# <colnr> <probs for GDERKNQSTAVLIFYWHMCP>
#	G	D	E	R	K	N	Q	S	T	A	V	L	I	F	Y	W	H	M	C	P
0	0.00707	0.00527	0.00655	0.00727	0.00811	0.00483	0.00508	0.00838	0.01180	0.01544	0.12176	0.47204	0.20978	0.04682	0.01913	0.00237	0.00341	0.03498	0.00523	0.00468
1	0.07583	0.05138	0.10200	0.01163	0.01602	0.03233	0.01041	0.25497	0.11537	0.06930	0.01340	0.01394	0.00999	0.00629	0.00579	0.00162	0.04840	0.00464	0.02868	0.12803
2	0.01486	0.04003	0.18198	0.02306	0.05796	0.02404	0.01288	0.12918	0.08540	0.09964	0.01462	0.04649	0.02078	0.00794	0.00857	0.00196	0.18406	0.03471	0.00399	0.00785
3	0.00717	0.00500	0.00644	0.00751	0.00803	0.00466	0.00509	0.00836	0.01116	0.01525	0.06164	0.67442	0.06890	0.01638	0.00689	0.00217	0.00317	0.01475	0.06836	0.00466
4	0.12186	0.01116	0.01304	0.01027	0.01433	0.01116	0.00843	0.20719	0.04674	0.42213	0.03957	0.01730	0.01315	0.00685	0.00537	0.00172	0.00495	0.00534	0.03056	0.00888
5	0.06677	0.07516	0.11157	0.06378	0.14605	0.04325	0.09180	0.04957	0.13691	0.10616	0.04407	0.01595	0.01196	0.00608	0.00544	0.00173	0.00641	0.00526	0.00396	0.00809
6	0.01095	0.00962	0.01485	0.14563	0.06989	0.03937	0.11719	0.01395	0.03436	0.04806	0.12261	0.23206	0.02403	0.01036	0.00695	0.00200	0.03740	0.05025	0.00426	0.00621
7	0.01483	0.01062	0.01512	0.18543	0.06036	0.02695	0.06677	0.08268	0.10387	0.16703	0.01893	0.11811	0.01640	0.00860	0.00611	0.00194	0.00590	0.07820	0.00469	0.00745
8	0.07503	0.01007	0.01141	0.00826	0.01315	0.00789	0.00662	0.01435	0.01151	0.01887	0.00984	0.01148	0.00816	0.00425	0.00412	0.00090	0.00418	0.00331	0.00335	0.77325
9	0.09640	0.01376	0.08039	0.09767	0.03764	0.07036	0.05696	0.13746	0.01486	0.18482	0.01394	0.01639	0.01052	0.06775	0.02733	0.00222	0.02960	0.00517	0.02920	0.00758
10	0.01154	0.00691	0.00874	0.00853	0.01023	0.00664	0.00628	0.01498	0.10895	0.16395	0.15704	0.39220	0.05508	0.01310	0.00659	0.00203	0.00359	0.01161	0.00580	0.00624
11	0.01156	0.00654	0.00831	0.00766	0.00970	0.00581	0.00589	0.01359	0.01444	0.19326	0.29878	0.14135	0.20879	0.01207	0.00653	0.00189	0.00338	0.03839	0.00598	0.00607
12	0.00891	0.00659	0.00876	0.04373	0.01092	0.00684	0.00688	0.01089	0.02927	0.05084	0.13607	0.36841	0.11605	0.01415	0.00801	0.00216	0.07920	0.08192	0.00506	0.00532
13	0.13199	0.01276	0.05282	0.07316	0.10854	0.01228	0.02775	0.17625	0.03877	0.25071	0.01465	0.01489	0.01021	0.00610	0.00528	0.00170	0.00571	0.00491	0.00483	0.04669
14	0.01792	0.01989	0.04496	0.01360	0.01611	0.40445	0.01096	0.07490	0.01444	0.06127	0.01032	0.01249	0.00846	0.00852	0.04305	0.00207	0.18772	0.00435	0.03769	0.00681
15	0.00877	0.00550	0.00721	0.00763	0.00854	0.00506	0.00533	0.00987	0.01189	0.07658	0.15221	0.46813	0.09377	0.03856	0.00868	0.06586	0.00344	0.01279	0.00526	0.00492
16	0.02008	0.01418	0.01556	0.01202	0.01644	0.01514	0.00986	0.53019	0.09116	0.10838	0.01490	0.01459	0.01059	0.00658	0.00549	0.00162	0.00567	0.00506	0.00553	0.09696
17	0.00998	0.04026	0.00988	0.00848	0.00999	0.00784	0.02843	0.04585	0.06833	0.04568	0.16175	0.18621	0.10082	0.19343	0.03239	0.00293	0.02780	0.00969	0.00478	0.00547
18	0.00794	0.00572	0.00706	0.00740	0.00842	0.00539	0.00525	0.03962	0.01312	0.01787	0.23966	0.40055	0.13359	0.03535	0.00732	0.00211	0.00319	0.01268	0.04275	0.00501
19	0.00804	0.00620	0.00884	0.01127	0.10055	0.00592	0.00714	0.00960	0.01161	0.01557	0.06243	0.54642	0.06295	0.01543	0.00702	0.00221	0.00388	0.10475	0.00497	0.00522
20	0.08589	0.01053	0.01289	0.01102	0.07106	0.00923	0.00812	0.05152	0.03589	0.22880	0.01380	0.01407	0.01007	0.00532	0.00474	0.00130	0.00465	0.00425	0.00449	0.41237
21	0.00930	0.00827	0.01199	0.01129	0.01177	0.01000	0.04215	0.01060	0.00998	0.01416	0.02032	0.42553	0.02340	0.01514	0.04598	0.00264	0.30733	0.01087	0.00395	0.00534
22	0.00745	0.00533	0.00702	0.00816	0.00868	0.00509	0.00565	0.03037	0.01140	0.01517	0.03041	0.72452	0.03606	0.01716	0.00718	0.00229	0.00348	0.06460	0.00523	0.00476
23	0.13558	0.38326	0.08542	0.01131	0.01602	0.09439	0.04490	0.08040	0.01337	0.07477	0.00984	0.01083	0.00782	0.00534	0.00435	0.00147	0.00647	0.00372	0.00325	0.00748
24	0.01975	0.01234	0.01513	0.15824	0.01997	0.01326	0.01055	0.36751	0.01986	0.23176	0.01552	0.01579	0.01067	0.00659	0.00553	0.00172	0.00584	0.00523	0.05608	0.00868
25	0.04951	0.14338	0.46395	0.05592	0.02143	0.01426	0.01629	0.01796	0.04595	0.04036	0.01049	0.01214	0.00785	0.00556	0.00551	0.00169	0.03858	0.00412	0.00277	0.04228
26	0.01733	0.01300	0.01369	0.01082	0.01469	0.08787	0.00870	0.22836	0.04220	0.14566	0.09075	0.01673	0.01435	0.00666	0.00589	0.00150	0.04155	0.00512	0.00488	0.23027
27	0.00836	0.00650	0.00966	0.00947	0.01040	0.00780	0.00743	0.01031	0.00901	0.01310	0.01450	0.02137	0.01357	0.03978	0.72270	0.00855	0.07345	0.00595	0.00297	0.00511
28	0.05258	0.01265	0.02000	0.01527	0.01915	0.05268	0.28455	0.06222	0.04168	0.10300	0.03255	0.01715	0.01154	0.04530	0.09054	0.00270	0.05206	0.00583	0.00377	0.07476
29	0.00701	0.00503	0.00653	0.00766	0.00808	0.00470	0.00515	0.00799	0.01075	0.01422	0.03138	0.67824	0.07536	0.07726	0.00881	0.00252	0.00347	0.03624	0.00508	0.00451
30	0.01063	0.01000	0.01688	0.78870	0.03876	0.01250	0.01563	0.01438	0.01125	0.01438	0.01000	0.01500	0.00750	0.00563	0.00563	0.00188	0.00750	0.00500	0.00250	0.00625
31	0.01877	0.01731	0.01585	0.01297	0.01657	0.23505	0.04983	0.38480	0.02060	0.02560	0.04314	0.04552	0.04125	0.00725	0.00559	0.00165	0.00699	0.00562	0.03775	0.00787
32	0.08078	0.01096	0.01318	0.01028	0.01452	0.04407	0.00844	0.08680	0.01652	0.62418	0.01988	0.01759	0.01273	0.00678	0.00548	0.00172	0.00512	0.00534	0.00643	0.00920
33	0.04416	0.00694	0.00863	0.00770	0.00984	0.00640	0.00594	0.03271	0.01529	0.17541	0.42815	0.07677	0.13808	0.01090	0.00632	0.00181	0.00331	0.00938	0.00605	0.00621
34	0.00801	0.00568	0.00717	0.00687	0.00820	0.00523	0.00512	0.01051	0.01517	0.02156	0.62409	0.07157	0.10373	0.01158	0.00645	0.00177	0.00269	0.01016	0.06921	0.00523
35	0.04779	0.01355	0.07361	0.01376	0.04683	0.03224	0.10461	0.12291	0.24505	0.11250	0.06925	0.06100	0.01641	0.00745	0.00583	0.00183	0.00572	0.00650	0.00496	0.00821
36	0.01964	0.00887	0.01099	0.00894	0.01226	0.00837	0.00729	0.10763	0.01590	0.42508	0.02036	0.02101	0.01439	0.00720	0.00523	0.00164	0.00432	0.03776	0.25505	0.00808
37	0.00890	0.00578	0.00712	0.00716	0.00857	0.00518	0.00522	0.01064	0.01327	0.08464	0.24178	0.29164	0.22755	0.01363	0.00662	0.00195	0.00310	0.01193	0.04001	0.00530
38	0.28191	0.01110	0.01183	0.00978	0.01360	0.01172	0.00797	0.10114	0.15829	0.30117	0.01695	0.01631	0.01185	0.00663	0.00501	0.00178	0.00474	0.01448	0.00545	0.00828
39	0.01450	0.01482	0.11028	0.01508	0.06676	0.07171	0.09962	0.07101	0.07168	0.09517	0.07205	0.01865	0.04708	0.01625	0.00862	0.00193	0.16617	0.00590	0.02527	0.00743
40	0.00816	0.00595	0.00694	0.00707	0.02452	0.00524	0.00508	0.00998	0.01353	0.05107	0.23399	0.12180	0.42601	0.01303	0.00652	0.00187	0.00300	0.01115	0.03986	0.00520
41	0.00939	0.00575	0.00764	0.00831	0.02511	0.00533	0.00572	0.01097	0.01237	0.09497	0.15948	0.50640	0.03529	0.01431	0.00664	0.00205	0.00334	0.01283	0.06873	0.00537
42	0.13653	0.01235	0.13597	0.01010	0.01323	0.03211	0.00927	0.09343	0.05419	0.02096	0.11069	0.16203	0.04479	0.01005	0.00585	0.00193	0.00496	0.09240	0.04272	0.00645
43	0.07937	0.01096	0.04705	0.04776	0.04271	0.06052	0.00892	0.06517	0.01303	0.23355	0.04744	0.01727	0.01244	0.01238	0.07370	0.17519	0.03635	0.00521	0.00429	0.00669
44	0.01569	0.23153	0.01816	0.01365	0.12125	0.11961	0.00976	0.04742	0.08996	0.10240	0.01607	0.08767	0.03570	0.00718	0.00507	0.00159	0.00582	0.00572	0.05831	0.00745
45	0.08316	0.03037	0.01204	0.04857	0.06103	0.04460	0.00807	0.07179	0.04188	0.15079	0.04740	0.02454	0.04239	0.21515	0.02842	0.00291	0.04841	0.02761	0.00434	0.00650
46	0.03556	0.01632	0.22417	0.12428	0.07752	0.01248	0.08417	0.06309	0.09520	0.08579	0.03341	0.03702	0.02232	0.00652	0.00607	0.00181	0.03287	0.00557	0.00372	0.03211
47	0.01468	0.11538	0.13583	0.03840	0.09959	0.05285	0.08875	0.04677	0.01348	0.12319	0.06615	0.04668	0.01343	0.02694	0.00640	0.00175	0.02962	0.00556	0.00376	0.07079

[dist]
# distance from previous block
# <min> <max>
0	106

[block]
# block no. 10 follows, 42 sequences, length 19
# corresponding to MSA columns:
# 1187-1205
name=unknown_K
#
# <colnr> <probs for GDERKNQSTAVLIFYWHMCP>
#	G	D	E	R	K	N	Q	S	T	A	V	L	I	F	Y	W	H	M	C	P
0	0.01398	0.01359	0.08399	0.18907	0.10528	0.06694	0.05396	0.04624	0.06088	0.09809	0.06449	0.05266	0.01355	0.00713	0.00694	0.00183	0.08100	0.00589	0.00377	0.03073
1	0.04308	0.03027	0.08397	0.06717	0.08021	0.01146	0.01971	0.12044	0.11890	0.09383	0.06615	0.06215	0.02516	0.00734	0.00553	0.00169	0.00536	0.02789	0.00450	0.12520
2	0.00986	0.05514	0.01080	0.01078	0.07406	0.06697	0.00738	0.01195	0.03945	0.01570	0.09486	0.25344	0.15501	0.07140	0.00864	0.00224	0.04082	0.06146	0.00452	0.00553
3	0.03525	0.13338	0.03984	0.09530	0.07102	0.04930	0.01055	0.24392	0.01648	0.04250	0.03488	0.10419	0.01331	0.00865	0.03378	0.00193	0.00629	0.00597	0.00412	0.04932
4	0.01470	0.10983	0.09993	0.19513	0.05195	0.01211	0.03871	0.06521	0.03259	0.17311	0.01619	0.13723	0.01388	0.00772	0.00564	0.00180	0.00606	0.00662	0.00414	0.00747
5	0.01638	0.14250	0.02138	0.11628	0.28492	0.06622	0.05005	0.11653	0.01482	0.10095	0.01164	0.01359	0.00897	0.00554	0.00530	0.00163	0.00678	0.00475	0.00354	0.00824
6	0.01634	0.01249	0.01342	0.08221	0.01682	0.06970	0.00949	0.12113	0.35829	0.13902	0.02000	0.08420	0.01574	0.00794	0.00577	0.00185	0.00534	0.00657	0.00536	0.00831
