[name]
unknown

[dist]
# distance from previous block
# <min> <max>
0	609

[block]
# block no. 0 follows, 32 sequences, length 78
# corresponding to MSA columns:
# 915-930,954-972,1058-1100
name=unknown_A
#
# <colnr> <probs for GDERKNQSTAVLIFYWHMCP>
#	G	D	E	R	K	N	Q	S	T	A	V	L	I	F	Y	W	H	M	C	P
0	0.00932	0.00663	0.00893	0.01037	0.01118	0.00642	0.00786	0.01115	0.01363	0.01797	0.03522	0.43881	0.04063	0.07593	0.01076	0.00315	0.00498	0.27538	0.00605	0.00563
1	0.01203	0.00859	0.01248	0.01166	0.01193	0.01049	0.00886	0.01152	0.00962	0.01378	0.01228	0.02014	0.01201	0.02614	0.18431	0.40425	0.21583	0.00614	0.00307	0.00483
2	0.08456	0.07506	0.11324	0.02291	0.14859	0.01779	0.19058	0.07712	0.09083	0.02374	0.01378	0.01645	0.01077	0.00699	0.00801	0.00216	0.07788	0.00614	0.00394	0.00945
3	0.00818	0.00584	0.00779	0.00934	0.00973	0.00545	0.00623	0.00934	0.01285	0.01713	0.03698	0.75981	0.04438	0.02102	0.00856	0.00273	0.00389	0.01908	0.00623	0.00545
4	0.01435	0.01385	0.01959	0.04994	0.01820	0.01912	0.01415	0.01560	0.01030	0.01583	0.00918	0.01528	0.00904	0.01244	0.02166	0.06689	0.65877	0.00587	0.00294	0.00699
5	0.07700	0.01979	0.23976	0.16071	0.04771	0.01435	0.18477	0.01887	0.01439	0.02115	0.04698	0.07689	0.01502	0.00803	0.00696	0.00224	0.00877	0.02450	0.00368	0.00843
6	0.01436	0.01637	0.07409	0.22707	0.08747	0.01538	0.36086	0.01950	0.01527	0.02073	0.06923	0.02024	0.01401	0.00666	0.00739	0.00221	0.00967	0.00738	0.00356	0.00856
7	0.26904	0.02190	0.06846	0.07429	0.02269	0.25996	0.09679	0.07338	0.01640	0.02368	0.01112	0.01337	0.00862	0.00658	0.00581	0.00199	0.00908	0.00485	0.00383	0.00817
8	0.02313	0.01139	0.01435	0.01171	0.01590	0.01093	0.00941	0.05933	0.15065	0.42008	0.16807	0.02854	0.02668	0.00955	0.00700	0.00212	0.00519	0.00798	0.00776	0.01022
9	0.81159	0.01298	0.00986	0.00882	0.01298	0.01505	0.00727	0.01972	0.01142	0.03010	0.00934	0.01090	0.00727	0.00623	0.00415	0.00208	0.00519	0.00363	0.00415	0.00727
10	0.81159	0.01298	0.00986	0.00882	0.01298	0.01505	0.00727	0.01972	0.01142	0.03010	0.00934	0.01090	0.00727	0.00623	0.00415	0.00208	0.00519	0.00363	0.00415	0.00727
11	0.00818	0.00681	0.00714	0.00706	0.00921	0.00577	0.00529	0.01011	0.01588	0.01951	0.17077	0.06229	0.61595	0.01648	0.00793	0.00224	0.00336	0.01384	0.00641	0.00577
12	0.00864	0.00628	0.00818	0.00901	0.00992	0.00581	0.00635	0.01051	0.01493	0.02019	0.24032	0.47669	0.09691	0.01849	0.00835	0.00252	0.00373	0.04084	0.00657	0.00575
13	0.81159	0.01298	0.00986	0.00882	0.01298	0.01505	0.00727	0.01972	0.01142	0.03010	0.00934	0.01090	0.00727	0.00623	0.00415	0.00208	0.00519	0.00363	0.00415	0.00727
14	0.01794	0.76823	0.03516	0.01148	0.01722	0.02655	0.01148	0.02009	0.01363	0.01579	0.00933	0.01076	0.00861	0.00574	0.00431	0.00144	0.00718	0.00359	0.00287	0.00861
15	0.01519	0.31888	0.46046	0.01616	0.02446	0.01983	0.01963	0.02080	0.01396	0.01913	0.01099	0.01285	0.00854	0.00613	0.00557	0.00186	0.00885	0.00443	0.00285	0.00941
16	0.01081	0.00772	0.01081	0.01236	0.01390	0.00772	0.01081	0.01390	0.01545	0.02008	0.03553	0.07569	0.03862	0.01854	0.00927	0.00309	0.00618	0.67717	0.00618	0.00618
17	0.81159	0.01298	0.00986	0.00882	0.01298	0.01505	0.00727	0.01972	0.01142	0.03010	0.00934	0.01090	0.00727	0.00623	0.00415	0.00208	0.00519	0.00363	0.00415	0.00727
18	0.00818	0.00584	0.00779	0.00934	0.00973	0.00545	0.00623	0.00934	0.01285	0.01713	0.03698	0.75981	0.04438	0.02102	0.00856	0.00273	0.00389	0.01908	0.00623	0.00545
19	0.81159	0.01298	0.00986	0.00882	0.01298	0.01505	0.00727	0.01972	0.01142	0.03010	0.00934	0.01090	0.00727	0.00623	0.00415	0.00208	0.00519	0.00363	0.00415	0.00727
20	0.01661	0.01594	0.02724	0.04119	0.72233	0.01594	0.02059	0.02059	0.01528	0.02192	0.01262	0.01661	0.01063	0.00598	0.00664	0.00199	0.00797	0.00598	0.00332	0.01063
21	0.01669	0.01441	0.01517	0.01365	0.01745	0.01669	0.01062	0.03565	0.71021	0.02807	0.02731	0.02503	0.02048	0.00910	0.00683	0.00228	0.00531	0.00759	0.00683	0.01062
22	0.00936	0.00682	0.00849	0.00807	0.00977	0.00622	0.00605	0.01227	0.01816	0.02534	0.57982	0.05153	0.17243	0.01403	0.00778	0.00211	0.00320	0.01223	0.04009	0.00622
23	0.01584	0.01810	0.03959	0.02828	0.03507	0.01697	0.69796	0.02149	0.01584	0.02149	0.01357	0.01810	0.01018	0.00566	0.00792	0.00226	0.01131	0.00792	0.00339	0.00905
24	0.00963	0.00693	0.00843	0.00842	0.01021	0.00621	0.00636	0.01198	0.01659	0.04805	0.32010	0.15577	0.28467	0.01604	0.00807	0.00232	0.00367	0.06362	0.00677	0.00615
25	0.08340	0.01203	0.01407	0.01124	0.01551	0.01193	0.00916	0.18250	0.02046	0.34559	0.05230	0.02201	0.01687	0.00823	0.00619	0.00196	0.00544	0.00649	0.16477	0.00986
26	0.02809	0.01465	0.01757	0.01347	0.01874	0.01465	0.01113	0.32473	0.02461	0.42732	0.02194	0.01989	0.01433	0.00820	0.00673	0.00205	0.00644	0.00644	0.00761	0.01142
27	0.00971	0.00667	0.00818	0.00818	0.00848	0.00697	0.00514	0.01031	0.01001	0.01365	0.02035	0.03955	0.02250	0.58690	0.20886	0.00757	0.00935	0.00912	0.00395	0.00454
28	0.00837	0.00606	0.00786	0.00915	0.00979	0.00563	0.00626	0.00971	0.01335	0.01765	0.06915	0.61923	0.10338	0.04134	0.00924	0.00278	0.00399	0.04534	0.00622	0.00550
29	0.58364	0.01289	0.01176	0.00991	0.01437	0.01409	0.00817	0.05718	0.01431	0.19860	0.01381	0.01404	0.00973	0.00682	0.00491	0.00207	0.00543	0.00451	0.00528	0.00848
30	0.02255	0.01187	0.01402	0.01124	0.01531	0.01176	0.00911	0.21608	0.02144	0.30001	0.07768	0.02522	0.04799	0.00891	0.00644	0.00196	0.00534	0.00716	0.17620	0.00969
31	0.00911	0.00651	0.00886	0.01041	0.01121	0.00625	0.00785	0.01095	0.01377	0.01817	0.03647	0.51791	0.04234	0.02014	0.00881	0.00285	0.00470	0.25178	0.00621	0.00571
32	0.08080	0.01274	0.01758	0.08720	0.01957	0.01557	0.03006	0.03692	0.01343	0.15579	0.01481	0.01927	0.01202	0.01263	0.06504	0.00309	0.33159	0.02338	0.04042	0.00811
33	0.09520	0.01269	0.01773	0.15173	0.09491	0.01385	0.04373	0.08566	0.03460	0.16387	0.01799	0.07754	0.01452	0.00874	0.00795	0.00220	0.07622	0.00709	0.06496	0.00883
34	0.02185	0.01447	0.01586	0.01355	0.01751	0.07106	0.01122	0.26374	0.02256	0.20160	0.05824	0.03516	0.02236	0.01113	0.00742	0.00230	0.00682	0.18697	0.00673	0.00946
35	0.06220	0.01464	0.02409	0.34844	0.19467	0.01616	0.12011	0.09878	0.01622	0.02260	0.01267	0.01701	0.00971	0.00651	0.00673	0.00215	0.00868	0.00613	0.00363	0.00888
36	0.01231	0.01096	0.01749	0.22436	0.24315	0.01157	0.01427	0.01564	0.01481	0.02004	0.10961	0.15515	0.07688	0.01103	0.00734	0.00226	0.00653	0.03425	0.00456	0.00778
37	0.01015	0.00661	0.00855	0.00936	0.01055	0.00604	0.00670	0.01175	0.01420	0.07462	0.07417	0.51686	0.13874	0.01889	0.00835	0.00260	0.00410	0.06526	0.00645	0.00605
38	0.01557	0.11001	0.07753	0.23641	0.16386	0.01752	0.06487	0.06935	0.01502	0.02060	0.01222	0.01627	0.00981	0.00712	0.00827	0.00212	0.10057	0.00574	0.03842	0.00874
39	0.08658	0.01547	0.01709	0.06755	0.02046	0.01721	0.01168	0.29233	0.25355	0.11699	0.02023	0.01960	0.01454	0.00819	0.00654	0.00213	0.00643	0.00644	0.00646	0.01052
40	0.01300	0.00845	0.01058	0.00941	0.01175	0.00805	0.00725	0.06696	0.03941	0.10129	0.54427	0.04463	0.08281	0.01274	0.00767	0.00211	0.00382	0.01107	0.00736	0.00734
41	0.00815	0.00594	0.00768	0.00907	0.00966	0.00547	0.00611	0.00937	0.01311	0.01724	0.04030	0.68539	0.11666	0.02059	0.00850	0.00268	0.00384	0.01855	0.00623	0.00547
42	0.00828	0.00633	0.00761	0.00831	0.00954	0.00565	0.00584	0.00992	0.01460	0.01889	0.14598	0.41130	0.28650	0.01854	0.00825	0.00247	0.00361	0.01634	0.00640	0.00565
43	0.01490	0.00785	0.01011	0.00949	0.01186	0.00695	0.00711	0.01691	0.01619	0.23116	0.14777	0.29390	0.16834	0.01529	0.00780	0.00235	0.00423	0.01335	0.00703	0.00742
44	0.01812	0.00894	0.01006	0.00866	0.01151	0.00882	0.00684	0.10098	0.01734	0.18915	0.02226	0.02345	0.01637	0.00796	0.00541	0.00174	0.00423	0.00634	0.52377	0.00806
45	0.01391	0.01193	0.01391	0.00994	0.01590	0.00894	0.00795	0.01690	0.01391	0.02186	0.01193	0.01391	0.00994	0.00497	0.00497	0.00099	0.00497	0.00398	0.00398	0.80521
46	0.03010	0.01142	0.01557	0.01194	0.01713	0.00986	0.00986	0.03270	0.01920	0.72698	0.02647	0.02284	0.01661	0.00830	0.00675	0.00208	0.00571	0.00675	0.00830	0.01142
47	0.02111	0.01661	0.01766	0.01455	0.01913	0.01876	0.01169	0.36894	0.36973	0.03520	0.02169	0.02056	0.01593	0.00858	0.00677	0.00214	0.00635	0.00681	0.00677	0.01102
48	0.01034	0.00762	0.00989	0.00994	0.01163	0.00745	0.00787	0.01458	0.06972	0.02469	0.44959	0.08715	0.05250	0.01501	0.00823	0.00242	0.00418	0.19366	0.00696	0.00657
49	0.00816	0.00591	0.00771	0.00915	0.00968	0.00547	0.00614	0.00936	0.01303	0.01720	0.03931	0.70753	0.09515	0.02072	0.00852	0.00269	0.00386	0.01871	0.00623	0.00547
50	0.01518	0.01103	0.01834	0.04809	0.01921	0.01083	0.17392	0.08808	0.01533	0.09560	0.02122	0.22497	0.02077	0.01446	0.01189	0.18200	0.00690	0.01014	0.00493	0.00711
51	0.01520	0.01623	0.02917	0.02244	0.02552	0.01893	0.32401	0.01857	0.01279	0.01857	0.01097	0.01623	0.00943	0.00899	0.01564	0.00263	0.41663	0.00680	0.00314	0.00811
52	0.01166	0.00583	0.00874	0.00874	0.00874	0.00583	0.00583	0.00874	0.00874	0.01166	0.01166	0.02040	0.01166	0.02331	0.02622	0.80478	0.00583	0.00583	0.00291	0.00291
53	0.00982	0.00717	0.00938	0.00962	0.01106	0.00689	0.00739	0.01328	0.04749	0.02372	0.42135	0.19103	0.05288	0.01588	0.00826	0.00243	0.00400	0.14514	0.00690	0.00632
54	0.01817	0.01645	0.01973	0.40747	0.06551	0.13382	0.01598	0.11941	0.04527	0.07331	0.01399	0.01727	0.01035	0.00712	0.00661	0.00210	0.00881	0.00583	0.00416	0.00864
55	0.01346	0.03471	0.72942	0.01912	0.02904	0.01558	0.02479	0.02125	0.01417	0.02125	0.01204	0.01417	0.00850	0.00637	0.00637	0.00212	0.00992	0.00496	0.00283	0.00992
56	0.00883	0.00625	0.00824	0.00959	0.01012	0.00597	0.00672	0.01017	0.01288	0.01709	0.03466	0.55011	0.04078	0.11815	0.01204	0.00328	0.00462	0.12918	0.00594	0.00539
57	0.04974	0.01641	0.05181	0.01826	0.07278	0.07198	0.01442	0.02024	0.01293	0.12780	0.01213	0.01573	0.01007	0.00994	0.01583	0.00257	0.45934	0.00577	0.00388	0.00838
58	0.01414	0.01293	0.02032	0.06097	0.42631	0.01301	0.01536	0.01887	0.06815	0.02268	0.15223	0.02890	0.09974	0.00892	0.00704	0.00208	0.00641	0.00816	0.00465	0.00913
59	0.01166	0.00583	0.00874	0.00874	0.00874	0.00583	0.00583	0.00874	0.00874	0.01166	0.01166	0.02040	0.01166	0.02331	0.02622	0.80478	0.00583	0.00583	0.00291	0.00291
60	0.02123	0.00970	0.01247	0.01047	0.01400	0.00918	0.00842	0.04252	0.04777	0.37433	0.07093	0.02675	0.02046	0.01364	0.08996	0.00299	0.00640	0.02320	0.18647	0.00913
61	0.01391	0.01193	0.01391	0.00994	0.01590	0.00894	0.00795	0.01690	0.01391	0.02186	0.01193	0.01391	0.00994	0.00497	0.00497	0.00099	0.00497	0.00398	0.00398	0.80521
62	0.26726	0.01745	0.17712	0.05647	0.05262	0.01378	0.13071	0.01823	0.01276	0.02237	0.01259	0.05013	0.01065	0.00928	0.00886	0.11496	0.00766	0.00593	0.00355	0.00763
63	0.00989	0.00725	0.00933	0.01025	0.01140	0.00718	0.00776	0.01313	0.06660	0.01966	0.11338	0.33980	0.05958	0.07773	0.01060	0.00302	0.00481	0.21636	0.00622	0.00606
64	0.01267	0.01193	0.02013	0.74806	0.04621	0.01491	0.01863	0.01714	0.01342	0.01714	0.01193	0.01789	0.00894	0.00671	0.00671	0.00224	0.00894	0.00596	0.00298	0.00745
65	0.01081	0.00857	0.01242	0.24352	0.02159	0.00906	0.01018	0.01420	0.01678	0.03945	0.39997	0.04094	0.12311	0.01175	0.00750	0.00217	0.00509	0.01029	0.00587	0.00673
66	0.00958	0.00721	0.00895	0.00859	0.01029	0.00686	0.00646	0.01297	0.04759	0.02372	0.46974	0.05019	0.17470	0.05074	0.06395	0.00302	0.00464	0.02783	0.00669	0.00627
67	0.00837	0.00599	0.00796	0.00921	0.00978	0.00558	0.00624	0.00984	0.01376	0.01858	0.13820	0.65445	0.04719	0.01994	0.00847	0.00263	0.00378	0.01804	0.00640	0.00558
68	0.00825	0.00604	0.00776	0.00896	0.00967	0.00555	0.00610	0.00964	0.01363	0.01801	0.09386	0.61861	0.12936	0.01996	0.00844	0.00262	0.00378	0.01793	0.00632	0.00555
69	0.01468	0.01468	0.02055	0.01762	0.01762	0.02055	0.01468	0.01615	0.01028	0.01615	0.00881	0.01468	0.00881	0.01174	0.02202	0.00294	0.75191	0.00587	0.00294	0.00734
70	0.02302	0.01632	0.02224	0.09616	0.10322	0.03694	0.09833	0.29276	0.02263	0.19418	0.01722	0.01806	0.01205	0.00741	0.00684	0.00207	0.00784	0.00637	0.00581	0.01051
71	0.02417	0.01768	0.01890	0.01469	0.01971	0.01956	0.01207	0.62062	0.06010	0.04040	0.01703	0.01715	0.01223	0.00808	0.00657	0.00199	0.00698	0.00612	0.06494	0.01100
72	0.75282	0.01253	0.00980	0.00880	0.01276	0.01441	0.00720	0.01921	0.01197	0.02987	0.06132	0.01377	0.01137	0.00678	0.00443	0.00208	0.00504	0.00426	0.00439	0.00720
73	0.01845	0.13955	0.13238	0.01511	0.02055	0.01751	0.06335	0.15383	0.20036	0.08325	0.01954	0.07390	0.01569	0.00851	0.00653	0.00208	0.00709	0.00706	0.00536	0.00990
74	0.24311	0.10474	0.04975	0.01256	0.01758	0.07291	0.01088	0.16364	0.04977	0.19078	0.01571	0.01560	0.01120	0.00722	0.00567	0.00197	0.00675	0.00513	0.00550	0.00955
75	0.01363	0.06816	0.07123	0.01287	0.04670	0.01213	0.01036	0.06166	0.15400	0.03973	0.18303	0.09456	0.04937	0.06800	0.03247	0.00281	0.00597	0.05954	0.00579	0.00799
76	0.17848	0.01815	0.04127	0.01304	0.01712	0.18287	0.01058	0.07162	0.18613	0.11382	0.04848	0.01903	0.01527	0.00789	0.00602	0.00202	0.00702	0.00586	0.04634	0.00900
77	0.08350	0.01478	0.06867	0.04790	0.01872	0.01454	0.01149	0.16680	0.20637	0.11714	0.05006	0.07087	0.01863	0.01251	0.06501	0.00287	0.00713	0.00748	0.00601	0.00952

[dist]
# distance from previous block
# <min> <max>
5	50

[block]
# block no. 1 follows, 32 sequences, length 59
# corresponding to MSA columns:
# 1208-1227,1239-1277
name=unknown_B
#
# <colnr> <probs for GDERKNQSTAVLIFYWHMCP>
#	G	D	E	R	K	N	Q	S	T	A	V	L	I	F	Y	W	H	M	C	P
0	0.03294	0.02731	0.06455	0.06619	0.06231	0.01006	0.00994	0.01747	0.06900	0.10403	0.11397	0.13040	0.06495	0.16965	0.01286	0.00314	0.00587	0.02262	0.00542	0.00734
1	0.11926	0.01039	0.02566	0.00956	0.01228	0.02734	0.00744	0.03243	0.09660	0.03710	0.06839	0.08176	0.05211	0.08984	0.06986	0.00313	0.00600	0.00792	0.16158	0.08137
2	0.32203	0.01360	0.05481	0.07219	0.07999	0.01369	0.02572	0.02175	0.11097	0.09213	0.01457	0.01670	0.01118	0.00912	0.00835	0.10901	0.00628	0.00534	0.00451	0.00806
3	0.11543	0.03087	0.01806	0.01634	0.09568	0.02945	0.04303	0.07802	0.18344	0.10216	0.01709	0.01781	0.01295	0.00737	0.00711	0.00196	0.05569	0.00580	0.00517	0.15658
4	0.53253	0.01583	0.10771	0.01282	0.06279	0.01438	0.01088	0.02198	0.01324	0.13544	0.01255	0.01355	0.00909	0.00655	0.00501	0.00208	0.00608	0.00444	0.00456	0.00848
5	0.33154	0.00978	0.01034	0.00951	0.01225	0.01071	0.00749	0.01691	0.01324	0.08555	0.14473	0.02508	0.02190	0.05531	0.21372	0.00475	0.00853	0.00676	0.00495	0.00695
6	0.01278	0.00766	0.01006	0.00930	0.01149	0.00699	0.00728	0.01575	0.01840	0.13577	0.49376	0.04951	0.09684	0.01360	0.00788	0.00222	0.00390	0.08241	0.00733	0.00707
7	0.01001	0.00683	0.00859	0.00849	0.01001	0.00621	0.00616	0.01227	0.01647	0.05839	0.38077	0.21339	0.16243	0.05770	0.00948	0.00252	0.00369	0.01365	0.00679	0.00615
8	0.00884	0.00660	0.00821	0.00829	0.00974	0.00598	0.00603	0.01121	0.01673	0.02266	0.41433	0.22056	0.20385	0.01616	0.00807	0.00229	0.00339	0.01422	0.00686	0.00598
9	0.02011	0.01483	0.01615	0.01376	0.01803	0.01655	0.01092	0.15874	0.49204	0.12379	0.02512	0.02308	0.01828	0.00880	0.00680	0.00220	0.00575	0.00719	0.00700	0.01087
10	0.01832	0.01522	0.01609	0.01398	0.01807	0.01745	0.01101	0.15823	0.58499	0.03069	0.02524	0.02339	0.01881	0.00891	0.00681	0.00223	0.00569	0.00730	0.00681	0.01077
11	0.00960	0.00712	0.01044	0.01044	0.01151	0.00820	0.00795	0.01176	0.01068	0.01532	0.01829	0.02812	0.01754	0.12209	0.66688	0.01035	0.01682	0.00745	0.00364	0.00580
12	0.01402	0.10018	0.62068	0.01904	0.02837	0.01667	0.06822	0.02116	0.01423	0.02077	0.01190	0.01412	0.00862	0.00627	0.00629	0.00207	0.00976	0.00503	0.00287	0.00974
13	0.22195	0.02555	0.01686	0.01504	0.01867	0.47499	0.01159	0.07344	0.01766	0.02172	0.01047	0.01220	0.00851	0.00702	0.00627	0.00189	0.04009	0.00434	0.00385	0.00790
14	0.00969	0.00669	0.00883	0.00937	0.01060	0.00623	0.00694	0.01194	0.01582	0.04322	0.29509	0.34719	0.07994	0.01736	0.00833	0.00250	0.00396	0.10349	0.00672	0.00607
15	0.01348	0.01275	0.02159	0.60263	0.18532	0.01512	0.01904	0.01785	0.01380	0.01813	0.01207	0.01763	0.00929	0.00656	0.00669	0.00219	0.00874	0.00597	0.00305	0.00811
16	0.01831	0.01439	0.02314	0.17311	0.07875	0.01499	0.17466	0.14269	0.05405	0.12328	0.01866	0.05674	0.01507	0.00844	0.00726	0.00224	0.00809	0.05174	0.00507	0.00931
17	0.04719	0.04476	0.01554	0.01354	0.01623	0.25931	0.01043	0.09448	0.01677	0.05258	0.01807	0.15393	0.01753	0.01870	0.15644	0.00386	0.04060	0.00794	0.00456	0.00755
18	0.01848	0.10572	0.06751	0.07038	0.11949	0.01611	0.23791	0.02386	0.06773	0.15181	0.01610	0.01803	0.01183	0.00654	0.00674	0.00204	0.00841	0.00646	0.00445	0.04040
19	0.03754	0.21184	0.17549	0.05611	0.11997	0.01832	0.03699	0.10078	0.04364	0.11661	0.01438	0.01567	0.01075	0.00670	0.00600	0.00193	0.00780	0.00533	0.00430	0.00986
20	0.01217	0.00868	0.01102	0.04796	0.01347	0.00899	0.00799	0.01486	0.05778	0.08345	0.03255	0.24157	0.14394	0.13196	0.03005	0.00325	0.07740	0.02398	0.00547	0.04346
21	0.00893	0.00626	0.00827	0.00915	0.00964	0.00622	0.00620	0.00994	0.01180	0.01587	0.03012	0.43030	0.04891	0.17751	0.13523	0.04052	0.00688	0.02790	0.00520	0.00516
22	0.00886	0.00755	0.03597	0.00967	0.01096	0.00643	0.00728	0.01114	0.03485	0.01840	0.06800	0.51992	0.14470	0.01899	0.00836	0.00262	0.00425	0.06997	0.00616	0.00591
23	0.04664	0.06868	0.06681	0.06225	0.02035	0.11850	0.01208	0.12181	0.11202	0.02404	0.01426	0.01593	0.01126	0.00845	0.03274	0.00208	0.03497	0.00517	0.00443	0.21752
24	0.01382	0.01260	0.01835	0.14998	0.13596	0.03048	0.02978	0.01659	0.01285	0.01874	0.03187	0.02118	0.03463	0.04364	0.04662	0.00291	0.25623	0.00661	0.10965	0.00752
25	0.01707	0.13251	0.28239	0.10679	0.05710	0.16481	0.01760	0.02166	0.01518	0.04044	0.01175	0.01406	0.00906	0.00635	0.00595	0.00185	0.00921	0.00477	0.00327	0.07817
26	0.01166	0.00583	0.00874	0.00874	0.00874	0.00583	0.00583	0.00874	0.00874	0.01166	0.01166	0.02040	0.01166	0.02331	0.02622	0.80478	0.00583	0.00583	0.00291	0.00291
27	0.07294	0.45463	0.04471	0.01278	0.01839	0.02364	0.01193	0.24366	0.01939	0.02558	0.01162	0.01261	0.00944	0.00655	0.00513	0.00168	0.00718	0.00443	0.00422	0.00947
28	0.00958	0.00717	0.01069	0.01066	0.01188	0.00828	0.00828	0.01202	0.01121	0.01616	0.05396	0.02758	0.01916	0.04844	0.70013	0.01034	0.01721	0.00744	0.00379	0.00601
29	0.01361	0.00756	0.00969	0.00880	0.01100	0.00697	0.00682	0.01667	0.01802	0.14604	0.45023	0.04198	0.04618	0.01193	0.00719	0.00205	0.00371	0.03580	0.14858	0.00718
30	0.00906	0.00684	0.00837	0.00799	0.00976	0.00615	0.00599	0.01183	0.01797	0.02449	0.53941	0.05410	0.24420	0.01462	0.00792	0.00215	0.00323	0.01269	0.00707	0.00615
31	0.00839	0.00605	0.00799	0.00946	0.01005	0.00566	0.00656	0.00975	0.01320	0.01744	0.03859	0.66261	0.08172	0.02058	0.00859	0.00273	0.00406	0.07483	0.00622	0.00552
32	0.01794	0.76823	0.03516	0.01148	0.01722	0.02655	0.01148	0.02009	0.01363	0.01579	0.00933	0.01076	0.00861	0.00574	0.00431	0.00144	0.00718	0.00359	0.00287	0.00861
33	0.01346	0.03471	0.72942	0.01912	0.02904	0.01558	0.02479	0.02125	0.01417	0.02125	0.01204	0.01417	0.00850	0.00637	0.00637	0.00212	0.00992	0.00496	0.00283	0.00992
34	0.64212	0.01264	0.01110	0.00950	0.01388	0.01393	0.00783	0.02254	0.01311	0.18122	0.01306	0.01349	0.00929	0.00668	0.00472	0.00208	0.00530	0.00431	0.00505	0.00817
35	0.01527	0.01644	0.03033	0.02309	0.02657	0.01871	0.36544	0.01889	0.01313	0.01889	0.01125	0.01644	0.00951	0.00862	0.01478	0.00259	0.37173	0.00692	0.00317	0.00822
36	0.01449	0.01379	0.02342	0.42055	0.35948	0.01539	0.01954	0.01874	0.01428	0.01936	0.01225	0.01730	0.00972	0.00637	0.00668	0.00212	0.00849	0.00597	0.00314	0.00892
37	0.00803	0.00680	0.00694	0.00691	0.00913	0.00571	0.00518	0.00983	0.01554	0.01871	0.11112	0.06362	0.67610	0.01678	0.00793	0.00226	0.00338	0.01403	0.00631	0.00571
38	0.01267	0.01193	0.02013	0.74806	0.04621	0.01491	0.01863	0.01714	0.01342	0.01714	0.01193	0.01789	0.00894	0.00671	0.00671	0.00224	0.00894	0.00596	0.00298	0.00745
39	0.02506	0.03198	0.01901	0.01729	0.02074	0.73725	0.01296	0.02679	0.01901	0.01642	0.01037	0.01210	0.00864	0.00691	0.00605	0.00173	0.01210	0.00432	0.00346	0.00778
40	0.01391	0.01193	0.01391	0.00994	0.01590	0.00894	0.00795	0.01690	0.01391	0.02186	0.01193	0.01391	0.00994	0.00497	0.00497	0.00099	0.00497	0.00398	0.00398	0.80521
41	0.01821	0.69636	0.03366	0.01206	0.01743	0.06612	0.01169	0.02031	0.01380	0.01584	0.00937	0.01100	0.00862	0.00605	0.00512	0.00151	0.03771	0.00372	0.00291	0.00851
42	0.02913	0.01164	0.01554	0.01206	0.01715	0.01036	0.00992	0.03291	0.06935	0.67626	0.02653	0.02300	0.01689	0.00836	0.00675	0.00209	0.00568	0.00681	0.00820	0.01136
43	0.01410	0.17383	0.55602	0.01719	0.02582	0.01728	0.02132	0.02051	0.01387	0.01988	0.01185	0.01420	0.00898	0.00872	0.04695	0.00248	0.00984	0.00482	0.00288	0.00945
44	0.00965	0.00786	0.00867	0.00829	0.01053	0.00739	0.00627	0.01420	0.11150	0.02243	0.28047	0.05433	0.40418	0.01482	0.00777	0.00222	0.00358	0.01258	0.00670	0.00657
45	0.01670	0.01432	0.01521	0.01337	0.01741	0.01610	0.01044	0.05447	0.62457	0.02793	0.02554	0.02373	0.01922	0.00869	0.00665	0.00215	0.00534	0.00720	0.00656	0.08441
46	0.01037	0.00656	0.00863	0.00957	0.01064	0.00603	0.00678	0.01184	0.01381	0.08331	0.03848	0.58829	0.09750	0.01934	0.00839	0.00265	0.00417	0.06116	0.00642	0.00607
47	0.01892	0.00934	0.01276	0.01171	0.04634	0.00840	0.00882	0.02180	0.01851	0.33351	0.30602	0.03902	0.06503	0.01146	0.00744	0.00217	0.00473	0.05783	0.00747	0.00873
48	0.01321	0.00673	0.00723	0.00710	0.00883	0.00663	0.00532	0.01647	0.02969	0.06767	0.03980	0.09368	0.02082	0.00924	0.00530	0.00173	0.00341	0.00764	0.64290	0.00660
49	0.01643	0.01583	0.02661	0.03900	0.65691	0.01637	0.02004	0.02018	0.01481	0.02139	0.01227	0.01643	0.01046	0.00651	0.00807	0.00208	0.07704	0.00597	0.00329	0.01032
50	0.01744	0.01718	0.03178	0.13712	0.07227	0.01741	0.41038	0.16438	0.01876	0.02525	0.01380	0.01756	0.01028	0.00634	0.00741	0.00219	0.00993	0.00711	0.00403	0.00939
51	0.01004	0.00726	0.00874	0.00927	0.01026	0.00709	0.00633	0.07356	0.01430	0.01884	0.03562	0.48780	0.11149	0.15129	0.01286	0.00328	0.00463	0.01567	0.00589	0.00578
52	0.01490	0.01270	0.02172	0.55992	0.11171	0.01468	0.06306	0.01923	0.01430	0.08382	0.01346	0.01823	0.00991	0.00671	0.00679	0.00220	0.00870	0.00617	0.00354	0.00825
53	0.01751	0.01482	0.01563	0.01382	0.01776	0.01707	0.01082	0.09733	0.64720	0.02939	0.02627	0.02421	0.01964	0.00901	0.00682	0.00225	0.00550	0.00744	0.00682	0.01069
54	0.01168	0.00920	0.01184	0.07802	0.01546	0.00878	0.00835	0.04969	0.03366	0.02482	0.39219	0.03592	0.05417	0.01333	0.05548	0.00246	0.00533	0.00914	0.00594	0.17453
55	0.01550	0.01455	0.01900	0.01635	0.01678	0.05185	0.01337	0.01690	0.01109	0.05237	0.01093	0.01769	0.01065	0.08120	0.02162	0.00317	0.61017	0.00621	0.00334	0.00727
56	0.01274	0.01404	0.08598	0.68039	0.04462	0.01497	0.01921	0.01752	0.01349	0.01752	0.01194	0.01754	0.00890	0.00668	0.00668	0.00223	0.00903	0.00587	0.00297	0.00768
57	0.00806	0.00628	0.00733	0.00818	0.00943	0.00555	0.00571	0.00947	0.01397	0.01759	0.05117	0.44159	0.35344	0.01918	0.00827	0.00251	0.00367	0.01683	0.00623	0.00555
58	0.01320	0.00759	0.00881	0.00828	0.01081	0.00659	0.00628	0.01514	0.01563	0.17232	0.04963	0.16540	0.39167	0.01492	0.00748	0.00223	0.00396	0.01262	0.08051	0.00693

[dist]
# distance from previous block
# <min> <max>
0	1

[block]
# block no. 2 follows, 32 sequences, length 15
# corresponding to MSA columns:
# 1279-1293
name=unknown_C
#
# <colnr> <probs for GDERKNQSTAVLIFYWHMCP>
#	G	D	E	R	K	N	Q	S	T	A	V	L	I	F	Y	W	H	M	C	P
0	0.00891	0.00639	0.00852	0.00937	0.01029	0.00600	0.00677	0.01097	0.01522	0.02077	0.26777	0.44369	0.05015	0.01827	0.00842	0.00256	0.00390	0.08957	0.00662	0.00583
1	0.01674	0.01297	0.01432	0.01279	0.01595	0.01425	0.00984	0.24801	0.24795	0.02910	0.02686	0.27095	0.02556	0.01279	0.00738	0.00234	0.00552	0.01096	0.00659	0.00913
2	0.54532	0.01495	0.01334	0.01106	0.01563	0.01700	0.00913	0.25014	0.01824	0.03423	0.01163	0.01266	0.00867	0.00685	0.00502	0.00206	0.00593	0.00445	0.00502	0.00867
3	0.02169	0.01690	0.01799	0.01467	0.01935	0.01903	0.01183	0.41266	0.32505	0.03614	0.02095	0.01997	0.01533	0.00851	0.00676	0.00213	0.00649	0.00671	0.00676	0.01107
4	0.01391	0.01193	0.01391	0.00994	0.01590	0.00894	0.00795	0.01690	0.01391	0.02186	0.01193	0.01391	0.00994	0.00497	0.00497	0.00099	0.00497	0.00398	0.00398	0.80521
5	0.00980	0.01625	0.25157	0.01097	0.01583	0.00902	0.01177	0.01357	0.01491	0.01918	0.04903	0.04750	0.47874	0.01340	0.00740	0.00222	0.00561	0.01104	0.00508	0.00710
6	0.01476	0.01601	0.03300	0.27209	0.03884	0.01627	0.46786	0.02002	0.01502	0.02002	0.01302	0.01803	0.00976	0.00601	0.00751	0.00225	0.01051	0.00726	0.00325	0.00851
7	0.02087	0.02519	0.01939	0.26482	0.02937	0.49257	0.01489	0.02352	0.01712	0.01667	0.01090	0.01406	0.00875	0.00684	0.00627	0.00190	0.01103	0.00488	0.00330	0.00767
8	0.01974	0.08515	0.02148	0.25244	0.02864	0.11384	0.03227	0.27526	0.02099	0.02667	0.01328	0.01593	0.01005	0.00729	0.00678	0.00201	0.02783	0.00562	0.02563	0.00909
9	0.00970	0.00790	0.01197	0.25957	0.02209	0.00865	0.01043	0.01199	0.01304	0.01713	0.02850	0.50850	0.03238	0.01617	0.00794	0.00256	0.00560	0.01463	0.00513	0.00613
10	0.01484	0.01354	0.01976	0.29635	0.20312	0.01542	0.01595	0.02398	0.24988	0.02203	0.01824	0.04741	0.01458	0.00787	0.00680	0.00221	0.00728	0.00700	0.00449	0.00924
11	0.01455	0.02783	0.48749	0.01727	0.02511	0.01596	0.01999	0.02613	0.24994	0.02356	0.01721	0.01785	0.01256	0.00730	0.00653	0.00218	0.00836	0.00585	0.00419	0.01015
12	0.01405	0.01023	0.01197	0.01141	0.01348	0.01065	0.00844	0.24327	0.01918	0.02565	0.02991	0.50790	0.03321	0.01663	0.00794	0.00248	0.00508	0.01466	0.00639	0.00747
13	0.01790	0.00772	0.01105	0.00982	0.01158	0.00719	0.00719	0.01686	0.01229	0.25396	0.01667	0.02122	0.01333	0.01823	0.01963	0.53288	0.00579	0.00614	0.00474	0.00579
14	0.02499	0.01854	0.01985	0.01533	0.02061	0.02057	0.01263	0.66092	0.07143	0.04145	0.01677	0.01663	0.01194	0.00812	0.00672	0.00203	0.00726	0.00613	0.00672	0.01136

[dist]
# distance from previous block
# <min> <max>
0	3

[block]
# block no. 3 follows, 32 sequences, length 25
# corresponding to MSA columns:
# 1297-1310,1312-1322
name=unknown_D
#
# <colnr> <probs for GDERKNQSTAVLIFYWHMCP>
#	G	D	E	R	K	N	Q	S	T	A	V	L	I	F	Y	W	H	M	C	P
0	0.00945	0.00603	0.00726	0.00824	0.00911	0.00571	0.00569	0.01124	0.01339	0.01956	0.03471	0.49000	0.08507	0.01678	0.00736	0.00234	0.00363	0.01489	0.24384	0.00571
1	0.00926	0.00634	0.00761	0.00802	0.00828	0.00617	0.00491	0.00989	0.01151	0.01549	0.08834	0.25838	0.03385	0.47494	0.02416	0.00498	0.00543	0.01275	0.00501	0.00468
2	0.01757	0.54299	0.02919	0.01213	0.01729	0.02360	0.01122	0.02474	0.22177	0.01946	0.01470	0.01503	0.01216	0.00675	0.00506	0.00169	0.00662	0.00478	0.00405	0.00921
3	0.01446	0.01018	0.01115	0.00974	0.01135	0.01078	0.00666	0.21599	0.01627	0.02176	0.01964	0.03560	0.02051	0.53826	0.02595	0.00516	0.00677	0.00865	0.00486	0.00626
4	0.01428	0.01043	0.01231	0.01053	0.01325	0.01066	0.00825	0.21803	0.02274	0.03150	0.50883	0.03996	0.04780	0.01203	0.00755	0.00208	0.00443	0.01031	0.00718	0.00785
5	0.01648	0.01112	0.01313	0.01126	0.01355	0.01207	0.00845	0.21874	0.01732	0.08629	0.01897	0.02920	0.01772	0.30716	0.14953	0.00537	0.04339	0.00773	0.00510	0.00742
6	0.01391	0.01193	0.01391	0.00994	0.01590	0.00894	0.00795	0.01690	0.01391	0.02186	0.01193	0.01391	0.00994	0.00497	0.00497	0.00099	0.00497	0.00398	0.00398	0.80521
7	0.57808	0.01251	0.01157	0.00975	0.01422	0.01350	0.00804	0.02360	0.01375	0.23833	0.01446	0.01447	0.01006	0.00685	0.00493	0.00208	0.00535	0.00456	0.00539	0.00851
8	0.01466	0.23820	0.02499	0.31484	0.17488	0.01775	0.01579	0.01804	0.01382	0.01773	0.01354	0.08192	0.01237	0.00755	0.00614	0.00199	0.00776	0.00643	0.00331	0.00828
9	0.01335	0.00971	0.01148	0.01116	0.01304	0.01004	0.00818	0.21570	0.01843	0.02465	0.03075	0.53759	0.03453	0.01715	0.00801	0.00251	0.00494	0.01518	0.00637	0.00723
10	0.57192	0.01115	0.00960	0.00871	0.01209	0.01245	0.00699	0.01761	0.01368	0.02915	0.22133	0.02262	0.02401	0.00847	0.00528	0.00209	0.00459	0.00617	0.00512	0.00699
11	0.01378	0.01148	0.01265	0.01218	0.01481	0.01285	0.00912	0.02666	0.47177	0.02433	0.03062	0.27627	0.02865	0.01318	0.00742	0.00243	0.00483	0.01151	0.00662	0.00885
12	0.00888	0.00613	0.00758	0.00844	0.00866	0.00592	0.00527	0.00953	0.01148	0.01530	0.02995	0.44212	0.03551	0.35082	0.01992	0.00440	0.00505	0.01494	0.00527	0.00484
13	0.01457	0.01404	0.02269	0.01621	0.02245	0.01169	0.24388	0.01847	0.01457	0.02174	0.01249	0.01534	0.01002	0.00520	0.00598	0.00143	0.00714	0.00532	0.00378	0.53299
14	0.01688	0.01192	0.01581	0.23222	0.02507	0.01325	0.01253	0.02576	0.25656	0.15449	0.06333	0.02929	0.03534	0.00951	0.00708	0.00229	0.00639	0.06729	0.00592	0.00908
15	0.00928	0.00631	0.00746	0.00792	0.00804	0.00619	0.00471	0.00963	0.01068	0.01424	0.02587	0.25782	0.03037	0.54213	0.02651	0.00538	0.00572	0.01254	0.00471	0.00448
16	0.01360	0.10199	0.42442	0.23594	0.03250	0.01626	0.02116	0.01968	0.01393	0.01943	0.01245	0.01683	0.00957	0.00678	0.00635	0.00212	0.00923	0.02584	0.00298	0.00893
17	0.01702	0.26098	0.05062	0.08426	0.02686	0.01947	0.27323	0.07310	0.03655	0.03972	0.04570	0.01725	0.01255	0.00653	0.00644	0.00196	0.00872	0.00627	0.00384	0.00895
18	0.01814	0.02853	0.45398	0.01769	0.02584	0.01761	0.02012	0.28482	0.02092	0.02942	0.01362	0.01492	0.00963	0.00703	0.00651	0.00208	0.00893	0.00538	0.00434	0.01050
19	0.01446	0.01018	0.01115	0.00974	0.01135	0.01078	0.00666	0.21599	0.01627	0.02176	0.01964	0.03560	0.02051	0.53826	0.02595	0.00516	0.00677	0.00865	0.00486	0.00626
20	0.01816	0.01075	0.01334	0.01052	0.01478	0.00942	0.00840	0.08121	0.01866	0.22752	0.24615	0.02843	0.02933	0.00904	0.00659	0.00176	0.00481	0.00761	0.00657	0.24695
21	0.01383	0.13142	0.03374	0.01149	0.01453	0.03223	0.00924	0.02162	0.25638	0.03990	0.03038	0.26438	0.08824	0.01300	0.00706	0.00226	0.00528	0.01110	0.00580	0.00811
22	0.01402	0.01202	0.01396	0.01008	0.01596	0.00924	0.00805	0.01761	0.04053	0.02210	0.01251	0.01434	0.01034	0.00513	0.00504	0.00104	0.00498	0.00411	0.00408	0.77484
23	0.00848	0.00671	0.00695	0.00695	0.00854	0.00592	0.00479	0.00967	0.01364	0.01660	0.05398	0.05840	0.51188	0.24026	0.01577	0.00353	0.00433	0.01285	0.00558	0.00519
24	0.02000	0.01460	0.02049	0.28152	0.20851	0.07834	0.01601	0.02354	0.01612	0.23040	0.01631	0.01852	0.01164	0.00702	0.00664	0.00208	0.00801	0.00605	0.00470	0.00948

[dist]
# distance from previous block
# <min> <max>
0	1

[block]
# block no. 4 follows, 32 sequences, length 40
# corresponding to MSA columns:
# 1324-1332,1338-1368
name=unknown_E
#
# <colnr> <probs for GDERKNQSTAVLIFYWHMCP>
#	G	D	E	R	K	N	Q	S	T	A	V	L	I	F	Y	W	H	M	C	P
0	0.01598	0.01194	0.01802	0.10647	0.05192	0.01314	0.07728	0.02068	0.08326	0.14162	0.19868	0.02734	0.02580	0.01087	0.02747	0.00251	0.14513	0.00805	0.00546	0.00838
1	0.73729	0.01241	0.00978	0.00879	0.01270	0.01424	0.00718	0.01907	0.01212	0.02981	0.07506	0.01453	0.01246	0.00692	0.00450	0.00208	0.00500	0.00442	0.00445	0.00718
2	0.73796	0.01311	0.01035	0.00927	0.01339	0.01520	0.00758	0.02120	0.07615	0.02992	0.01101	0.01221	0.00849	0.00649	0.00440	0.00209	0.00520	0.00400	0.00440	0.00758
3	0.01000	0.00759	0.01087	0.01051	0.01208	0.00833	0.00810	0.01231	0.01101	0.01601	0.01759	0.02622	0.01658	0.08715	0.62931	0.00963	0.01611	0.00704	0.00366	0.07991
4	0.02604	0.01252	0.01577	0.01268	0.01735	0.01205	0.01045	0.15961	0.06078	0.46882	0.02565	0.04732	0.01865	0.00961	0.00703	0.00219	0.00600	0.06911	0.00766	0.01072
5	0.02283	0.02645	0.02038	0.01751	0.02152	0.47968	0.07600	0.09221	0.13724	0.02134	0.01409	0.01523	0.01106	0.00728	0.00642	0.00190	0.01042	0.00537	0.00433	0.00873
6	0.10249	0.01156	0.01504	0.01165	0.01674	0.01034	0.00962	0.03150	0.01848	0.66243	0.02488	0.02173	0.01574	0.00811	0.00651	0.00208	0.00566	0.00646	0.00792	0.01103
7	0.02319	0.01888	0.01875	0.01515	0.01993	0.08611	0.01222	0.46595	0.20575	0.03622	0.01847	0.01804	0.01350	0.00822	0.00668	0.00206	0.00728	0.00628	0.00644	0.01087
8	0.01675	0.01379	0.02042	0.02503	0.35288	0.01237	0.01416	0.02017	0.01507	0.08936	0.01365	0.01605	0.01091	0.00577	0.00594	0.00157	0.00647	0.00520	0.00408	0.35036
9	0.01351	0.00818	0.01132	0.01190	0.01398	0.00790	0.01022	0.01653	0.01636	0.12449	0.10363	0.06534	0.03790	0.01654	0.00876	0.00284	0.00580	0.51123	0.00661	0.00696
10	0.01584	0.01810	0.03959	0.02828	0.03507	0.01697	0.69796	0.02149	0.01584	0.02149	0.01357	0.01810	0.01018	0.00566	0.00792	0.00226	0.01131	0.00792	0.00339	0.00905
11	0.01277	0.00764	0.00970	0.00873	0.01107	0.00682	0.00671	0.01556	0.01832	0.14656	0.47475	0.04815	0.18033	0.01340	0.00771	0.00213	0.00365	0.01159	0.00733	0.00709
12	0.01197	0.01162	0.02215	0.10710	0.02431	0.01134	0.28501	0.01551	0.01465	0.01975	0.09268	0.28093	0.02770	0.03257	0.00871	0.00252	0.00748	0.01205	0.00475	0.00719
13	0.01153	0.00727	0.00997	0.01103	0.01243	0.00696	0.00876	0.01375	0.01469	0.08645	0.03528	0.36307	0.03897	0.01862	0.00873	0.00284	0.00516	0.33171	0.00640	0.00637
14	0.02990	0.01175	0.01577	0.01209	0.01729	0.01035	0.00999	0.06232	0.01975	0.69658	0.02601	0.02254	0.01638	0.00829	0.00675	0.00207	0.00578	0.00672	0.00823	0.01142
15	0.00959	0.00719	0.01078	0.01078	0.01198	0.00839	0.00839	0.01198	0.01078	0.01558	0.01797	0.02636	0.01677	0.05032	0.73760	0.01078	0.01797	0.00719	0.00359	0.00599
16	0.01485	0.01443	0.02538	0.34212	0.36756	0.01560	0.08457	0.01920	0.01454	0.01984	0.01242	0.01730	0.00987	0.00626	0.00679	0.00212	0.00871	0.00616	0.00318	0.00912
17	0.01251	0.00625	0.00625	0.00625	0.00782	0.00625	0.00469	0.01563	0.01407	0.02502	0.02189	0.02502	0.01720	0.00782	0.00469	0.00156	0.00313	0.00625	0.80144	0.00625
18	0.02975	0.01200	0.01593	0.01221	0.01742	0.01072	0.01009	0.08489	0.02017	0.67342	0.02566	0.02231	0.01620	0.00829	0.00674	0.00207	0.00584	0.00669	0.00818	0.01142
19	0.00941	0.00712	0.01012	0.01276	0.07850	0.00681	0.00824	0.01122	0.01375	0.01849	0.06925	0.55824	0.04132	0.01887	0.00844	0.00267	0.00456	0.10812	0.00600	0.00609
20	0.01394	0.00786	0.01032	0.00913	0.01154	0.00708	0.00705	0.01692	0.01888	0.17994	0.53818	0.04478	0.08221	0.01268	0.00766	0.00211	0.00373	0.01104	0.00754	0.00742
21	0.00818	0.00584	0.00779	0.00934	0.00973	0.00545	0.00623	0.00934	0.01285	0.01713	0.03698	0.75981	0.04438	0.02102	0.00856	0.00273	0.00389	0.01908	0.00623	0.00545
22	0.01462	0.01391	0.02364	0.39848	0.38059	0.01542	0.01960	0.01885	0.01434	0.01951	0.01227	0.01725	0.00978	0.00635	0.00668	0.00212	0.00846	0.00597	0.00315	0.00902
23	0.05802	0.65949	0.10030	0.01208	0.01814	0.02491	0.01254	0.02018	0.01357	0.01704	0.00959	0.01110	0.00853	0.00583	0.00450	0.00153	0.00734	0.00372	0.00293	0.00867
24	0.00901	0.00677	0.00844	0.00952	0.01042	0.00657	0.00656	0.01198	0.07994	0.01853	0.05726	0.61157	0.09951	0.01934	0.00833	0.00263	0.00397	0.01737	0.00632	0.00599
25	0.00803	0.00683	0.00694	0.00699	0.00923	0.00574	0.00530	0.00978	0.01530	0.01819	0.06684	0.06496	0.69587	0.01705	0.00798	0.00229	0.00350	0.03727	0.00623	0.00568
26	0.06719	0.16709	0.04540	0.01783	0.04024	0.19353	0.17626	0.02474	0.01658	0.16771	0.01436	0.01563	0.01064	0.00660	0.00622	0.00191	0.00904	0.00557	0.00436	0.00911
27	0.01471	0.01190	0.01400	0.01004	0.01596	0.00899	0.00804	0.01767	0.01417	0.05648	0.01264	0.01435	0.01027	0.00513	0.00506	0.00105	0.00501	0.00411	0.00419	0.76624
28	0.01037	0.00814	0.01147	0.01103	0.01180	0.00976	0.00837	0.01211	0.01049	0.01510	0.01732	0.02845	0.01726	0.19952	0.48001	0.00870	0.12317	0.00755	0.00360	0.00577
29	0.00894	0.00639	0.00866	0.01022	0.01094	0.00611	0.00756	0.01066	0.01360	0.01798	0.03656	0.56145	0.04271	0.02030	0.00877	0.00283	0.00456	0.20988	0.00621	0.00566
30	0.00815	0.00593	0.00769	0.00910	0.00967	0.00547	0.00612	0.00937	0.01308	0.01722	0.03995	0.69329	0.10898	0.02064	0.00850	0.00268	0.00385	0.01860	0.00623	0.00547
31	0.01267	0.01193	0.02013	0.74806	0.04621	0.01491	0.01863	0.01714	0.01342	0.01714	0.01193	0.01789	0.00894	0.00671	0.00671	0.00224	0.00894	0.00596	0.00298	0.00745
32	0.01267	0.01193	0.02013	0.74806	0.04621	0.01491	0.01863	0.01714	0.01342	0.01714	0.01193	0.01789	0.00894	0.00671	0.00671	0.00224	0.00894	0.00596	0.00298	0.00745
33	0.01402	0.01328	0.02267	0.01847	0.02250	0.01341	0.27349	0.02212	0.20078	0.02243	0.02508	0.11510	0.02351	0.01136	0.00802	0.00252	0.00766	0.16990	0.00529	0.00838
34	0.01661	0.01594	0.02724	0.04119	0.72233	0.01594	0.02059	0.02059	0.01528	0.02192	0.01262	0.01661	0.01063	0.00598	0.00664	0.00199	0.00797	0.00598	0.00332	0.01063
35	0.01743	0.01618	0.02811	0.03519	0.50303	0.01631	0.13439	0.05442	0.01610	0.05479	0.01339	0.01702	0.01077	0.00643	0.00765	0.00209	0.04638	0.00634	0.00371	0.01027
36	0.01652	0.53640	0.25458	0.01390	0.02096	0.02308	0.01569	0.02046	0.01380	0.01751	0.01019	0.01184	0.00858	0.00594	0.00496	0.00165	0.00804	0.00402	0.00286	0.00902
37	0.00878	0.00671	0.00806	0.00797	0.00965	0.00599	0.00588	0.01119	0.01694	0.02262	0.40625	0.14197	0.29211	0.01576	0.00800	0.00224	0.00334	0.01370	0.00684	0.00599
38	0.01638	0.01639	0.11128	0.08042	0.16467	0.01357	0.21251	0.02075	0.01541	0.12277	0.01892	0.10456	0.03222	0.00830	0.00720	0.00218	0.00826	0.00818	0.00440	0.03162
39	0.01404	0.16899	0.20126	0.01453	0.01982	0.01561	0.07901	0.01935	0.07796	0.03653	0.02527	0.05913	0.14794	0.00959	0.00760	0.00211	0.05918	0.00776	0.02594	0.00837

[dist]
# distance from previous block
# <min> <max>
0	9

[block]
# block no. 5 follows, 32 sequences, length 37
# corresponding to MSA columns:
# 1378-1414
name=unknown_F
#
# <colnr> <probs for GDERKNQSTAVLIFYWHMCP>
#	G	D	E	R	K	N	Q	S	T	A	V	L	I	F	Y	W	H	M	C	P
0	0.01641	0.10215	0.04864	0.19413	0.13403	0.01478	0.01424	0.06749	0.01553	0.11235	0.01844	0.15554	0.01694	0.00972	0.00760	0.00219	0.04843	0.00820	0.00458	0.00861
1	0.00918	0.00656	0.00894	0.01049	0.01132	0.00631	0.00797	0.01108	0.01384	0.01825	0.03643	0.49960	0.04219	0.02008	0.00883	0.00286	0.00476	0.26939	0.00621	0.00573
2	0.01391	0.01193	0.01391	0.00994	0.01590	0.00894	0.00795	0.01690	0.01391	0.02186	0.01193	0.01391	0.00994	0.00497	0.00497	0.00099	0.00497	0.00398	0.00398	0.80521
3	0.29253	0.06798	0.18078	0.01380	0.01912	0.08267	0.01346	0.07383	0.03695	0.07797	0.01238	0.01382	0.00933	0.00716	0.00686	0.00209	0.07159	0.00473	0.00419	0.00875
4	0.01661	0.01594	0.02724	0.04119	0.72233	0.01594	0.02059	0.02059	0.01528	0.02192	0.01262	0.01661	0.01063	0.00598	0.00664	0.00199	0.00797	0.00598	0.00332	0.01063
5	0.01387	0.01322	0.04656	0.01660	0.04760	0.01337	0.11067	0.02242	0.23577	0.02256	0.02763	0.04148	0.05920	0.01212	0.00892	0.00257	0.05999	0.23157	0.00550	0.00839
6	0.01346	0.03471	0.72942	0.01912	0.02904	0.01558	0.02479	0.02125	0.01417	0.02125	0.01204	0.01417	0.00850	0.00637	0.00637	0.00212	0.00992	0.00496	0.00283	0.00992
7	0.01568	0.01763	0.03696	0.02681	0.03266	0.01746	0.60351	0.02075	0.01507	0.02075	0.01292	0.01763	0.00999	0.00650	0.00987	0.00236	0.11368	0.00764	0.00333	0.00881
8	0.00891	0.00684	0.00815	0.00782	0.00966	0.00608	0.00587	0.01152	0.01760	0.02359	0.47314	0.05558	0.31103	0.01495	0.00792	0.00217	0.00325	0.01290	0.00695	0.00608
9	0.00805	0.00632	0.00729	0.00806	0.00939	0.00556	0.00566	0.00949	0.01408	0.01763	0.05266	0.40815	0.38592	0.01898	0.00824	0.00249	0.00364	0.01659	0.00623	0.00556
10	0.00976	0.00651	0.00732	0.00732	0.00732	0.00651	0.00407	0.00976	0.00976	0.01301	0.02114	0.04391	0.02439	0.76419	0.03415	0.00651	0.00651	0.00976	0.00407	0.00407
11	0.01251	0.00625	0.00625	0.00625	0.00782	0.00625	0.00469	0.01563	0.01407	0.02502	0.02189	0.02502	0.01720	0.00782	0.00469	0.00156	0.00313	0.00625	0.80144	0.00625
12	0.01659	0.01627	0.01942	0.41361	0.06233	0.13620	0.01567	0.09967	0.01664	0.02081	0.01219	0.01614	0.00938	0.00665	0.00637	0.00195	0.00873	0.00544	0.00365	0.11230
13	0.00818	0.00584	0.00779	0.00934	0.00973	0.00545	0.00623	0.00934	0.01285	0.01713	0.03698	0.75981	0.04438	0.02102	0.00856	0.00273	0.00389	0.01908	0.00623	0.00545
14	0.02047	0.01594	0.01704	0.01426	0.01869	0.01798	0.01139	0.28383	0.43176	0.05847	0.02309	0.02162	0.01695	0.00868	0.00678	0.00217	0.00610	0.00698	0.00684	0.01094
15	0.01913	0.04599	0.05038	0.11409	0.12167	0.01539	0.03759	0.18128	0.07784	0.11779	0.05660	0.01952	0.01495	0.00746	0.00653	0.00196	0.00702	0.00630	0.00528	0.09323
16	0.01472	0.01141	0.03851	0.41166	0.03179	0.01236	0.01455	0.01907	0.03650	0.12047	0.06699	0.02459	0.01663	0.01223	0.07680	0.00303	0.00849	0.03538	0.03694	0.00787
17	0.01584	0.01810	0.03959	0.02828	0.03507	0.01697	0.69796	0.02149	0.01584	0.02149	0.01357	0.01810	0.01018	0.00566	0.00792	0.00226	0.01131	0.00792	0.00339	0.00905
