[name]
unknown

[dist]
# distance from previous block
# <min> <max>
0	3

[block]
# block no. 0 follows, 45 sequences, length 29
# corresponding to MSA columns:
# 3-31
name=unknown_A
#
# <colnr> <probs for GDERKNQSTAVLIFYWHMCP>
#	G	D	E	R	K	N	Q	S	T	A	V	L	I	F	Y	W	H	M	C	P
0	0.01773	0.05982	0.01390	0.01075	0.01428	0.01230	0.00895	0.25798	0.16629	0.22394	0.01899	0.02308	0.01500	0.00789	0.00561	0.00178	0.00506	0.12299	0.00547	0.00820
1	0.01248	0.20588	0.55949	0.01352	0.02044	0.01416	0.01660	0.01740	0.01151	0.06740	0.00991	0.01118	0.00726	0.00509	0.00474	0.00157	0.00721	0.00381	0.00257	0.00778
2	0.01071	0.00907	0.01067	0.00786	0.01221	0.00690	0.00622	0.01303	0.01134	0.01756	0.05684	0.04951	0.01180	0.00499	0.00425	0.00091	0.00385	0.00413	0.00343	0.75473
3	0.01435	0.81458	0.02813	0.00918	0.01378	0.02124	0.00918	0.01607	0.01091	0.01263	0.00746	0.00861	0.00689	0.00459	0.00344	0.00115	0.00574	0.00287	0.00230	0.00689
4	0.01267	0.24650	0.43037	0.01251	0.01879	0.01439	0.01460	0.01769	0.05727	0.05720	0.01037	0.01145	0.00783	0.00510	0.00460	0.00149	0.00664	0.00381	0.00277	0.06396
5	0.00654	0.00467	0.00623	0.00747	0.00779	0.00436	0.00498	0.00747	0.01028	0.01370	0.02959	0.80785	0.03550	0.01682	0.00685	0.00218	0.00311	0.01526	0.00498	0.00436
6	0.00775	0.00542	0.00694	0.00694	0.00731	0.00579	0.00461	0.00850	0.00813	0.01121	0.01592	0.02964	0.01713	0.50970	0.32571	0.00654	0.00879	0.00700	0.00311	0.00386
7	0.01407	0.01162	0.01247	0.01106	0.01414	0.01325	0.00878	0.14423	0.58303	0.02372	0.02099	0.02243	0.01649	0.00781	0.00562	0.00184	0.00457	0.07018	0.00540	0.00829
8	0.00681	0.00487	0.00649	0.00746	0.00797	0.00456	0.00516	0.00808	0.01119	0.01511	0.15396	0.64628	0.03782	0.01575	0.00679	0.00211	0.00310	0.04683	0.00514	0.00450
9	0.01157	0.01100	0.01868	0.45080	0.37345	0.01230	0.01562	0.01497	0.01141	0.01545	0.00979	0.01385	0.00777	0.00510	0.00534	0.00170	0.00680	0.00478	0.00251	0.00712
10	0.02024	0.02067	0.01447	0.01268	0.01582	0.53184	0.00973	0.06263	0.08273	0.15993	0.01218	0.01239	0.00908	0.00595	0.00503	0.00149	0.00803	0.00413	0.00388	0.00713
11	0.01150	0.01220	0.02189	0.06458	0.02152	0.06348	0.41552	0.01467	0.01184	0.01579	0.01469	0.18571	0.01409	0.00771	0.00694	0.00187	0.06125	0.00780	0.04066	0.00628
12	0.00746	0.00521	0.00661	0.00689	0.00722	0.00533	0.00450	0.00820	0.00882	0.01202	0.04389	0.21784	0.02300	0.42174	0.19265	0.00513	0.00667	0.00920	0.00367	0.00392
13	0.00957	0.00498	0.00730	0.00720	0.00746	0.00505	0.00492	0.00804	0.00754	0.03772	0.01084	0.01820	0.01062	0.07398	0.10875	0.66149	0.00581	0.00502	0.00261	0.00292
14	0.00721	0.00524	0.00684	0.00742	0.00819	0.00497	0.00526	0.00923	0.03659	0.01685	0.29363	0.48308	0.04009	0.01436	0.00664	0.00200	0.00301	0.03930	0.00533	0.00476
15	0.84927	0.01038	0.00789	0.00706	0.01038	0.01204	0.00581	0.01578	0.00914	0.02408	0.00747	0.00872	0.00581	0.00498	0.00332	0.00166	0.00415	0.00291	0.00332	0.00581
16	0.01700	0.01830	0.01537	0.01332	0.01545	0.36222	0.01051	0.16942	0.01493	0.01733	0.00981	0.04666	0.00869	0.00739	0.00891	0.00176	0.24839	0.00464	0.00327	0.00663
17	0.00770	0.00561	0.00790	0.00790	0.00860	0.00631	0.00580	0.00912	0.00841	0.01192	0.01505	0.02479	0.01503	0.24380	0.58874	0.00772	0.01196	0.00629	0.00298	0.00439
18	0.05924	0.04966	0.02394	0.12368	0.11099	0.01328	0.37064	0.05041	0.03197	0.05873	0.01106	0.01387	0.00837	0.00507	0.00589	0.00172	0.02650	0.00537	0.00308	0.02654
19	0.01376	0.01377	0.01230	0.01143	0.01348	0.29476	0.06216	0.02936	0.01316	0.07145	0.01933	0.29873	0.02033	0.01060	0.00600	0.00184	0.00633	0.09132	0.00413	0.00576
20	0.02252	0.00879	0.01196	0.00929	0.01316	0.00762	0.00762	0.02464	0.01535	0.70964	0.09253	0.02034	0.01682	0.00705	0.00549	0.00166	0.00437	0.00581	0.00657	0.00875
21	0.00647	0.00512	0.00582	0.00632	0.00750	0.00448	0.00448	0.00769	0.01152	0.01439	0.06690	0.36476	0.44592	0.01485	0.00655	0.00196	0.00288	0.01291	0.00501	0.00448
22	0.01779	0.15235	0.11519	0.01306	0.01789	0.05839	0.10092	0.29558	0.01745	0.14147	0.01235	0.01282	0.00886	0.00571	0.00510	0.00156	0.00651	0.00458	0.00419	0.00821
23	0.01077	0.02777	0.78354	0.01530	0.02323	0.01247	0.01983	0.01700	0.01133	0.01700	0.00963	0.01133	0.00680	0.00510	0.00510	0.00170	0.00793	0.00397	0.00227	0.00793
24	0.40242	0.01051	0.01086	0.00879	0.01258	0.01098	0.00725	0.12092	0.01384	0.33240	0.01376	0.01316	0.00929	0.00585	0.00444	0.00165	0.00456	0.00418	0.00495	0.00761
25	0.06259	0.01442	0.01604	0.05626	0.16769	0.15240	0.04520	0.14517	0.13554	0.11172	0.01375	0.03236	0.01054	0.00612	0.00525	0.00164	0.00630	0.00504	0.00414	0.00784
26	0.08067	0.01102	0.01374	0.03330	0.01521	0.04326	0.09570	0.18169	0.11763	0.04362	0.09456	0.05838	0.01947	0.00877	0.00589	0.00187	0.00541	0.15822	0.00471	0.00688
27	0.00845	0.00579	0.00720	0.00754	0.00863	0.00547	0.00536	0.05934	0.01236	0.05515	0.11248	0.52247	0.14033	0.01451	0.00655	0.00201	0.00326	0.01289	0.00519	0.00503
28	0.05738	0.01472	0.01438	0.06462	0.01674	0.21221	0.05348	0.13609	0.08683	0.12877	0.05239	0.01579	0.01200	0.00624	0.00516	0.00155	0.00633	0.02133	0.00423	0.08974

[dist]
# distance from previous block
# <min> <max>
1	3

[block]
# block no. 1 follows, 45 sequences, length 25
# corresponding to MSA columns:
# 35-59
name=unknown_B
#
# <colnr> <probs for GDERKNQSTAVLIFYWHMCP>
#	G	D	E	R	K	N	Q	S	T	A	V	L	I	F	Y	W	H	M	C	P
0	0.00830	0.00586	0.00799	0.00915	0.04641	0.00554	0.00659	0.01013	0.01220	0.04588	0.16720	0.33266	0.09605	0.01396	0.00673	0.00209	0.00368	0.20943	0.00509	0.00505
1	0.10519	0.01495	0.01357	0.07178	0.01642	0.19204	0.00915	0.21482	0.08237	0.04907	0.01142	0.01229	0.00867	0.00559	0.00476	0.00144	0.00611	0.00411	0.00394	0.17230
2	0.06073	0.20810	0.27906	0.01173	0.01736	0.01375	0.03557	0.08662	0.01283	0.09584	0.01050	0.01146	0.00785	0.00508	0.00454	0.00143	0.00615	0.00384	0.00321	0.12434
3	0.01801	0.01362	0.14127	0.04973	0.01681	0.03919	0.02562	0.09765	0.03833	0.35816	0.05595	0.01654	0.01266	0.00654	0.00608	0.00168	0.05347	0.00515	0.00490	0.03865
4	0.00908	0.00831	0.04842	0.01044	0.01227	0.00751	0.09753	0.06073	0.07170	0.01646	0.02456	0.51008	0.02725	0.01319	0.00653	0.00206	0.00446	0.05922	0.00464	0.00556
5	0.01254	0.01157	0.01957	0.24997	0.52633	0.01222	0.01560	0.01579	0.01188	0.03598	0.01072	0.01498	0.00885	0.00527	0.00539	0.00168	0.00651	0.02472	0.00274	0.00770
6	0.01186	0.00994	0.03076	0.02520	0.01228	0.09199	0.03177	0.04225	0.03564	0.10644	0.13655	0.21506	0.09890	0.01086	0.00709	0.00189	0.07248	0.04842	0.00469	0.00593
7	0.01137	0.15982	0.65675	0.01427	0.02165	0.01394	0.01805	0.01684	0.01126	0.01627	0.00927	0.01088	0.00681	0.00501	0.00482	0.00161	0.00757	0.00378	0.00227	0.00776
8	0.01010	0.00942	0.01581	0.69723	0.08243	0.01148	0.01435	0.01348	0.01080	0.01396	0.01090	0.06667	0.00911	0.00609	0.00546	0.00180	0.00684	0.00546	0.00257	0.00602
9	0.01328	0.55191	0.22980	0.01170	0.01724	0.01839	0.06152	0.01639	0.01114	0.01410	0.00827	0.00972	0.00695	0.00472	0.00408	0.00134	0.00654	0.00339	0.00232	0.00719
10	0.00981	0.01553	0.33927	0.01067	0.01505	0.00883	0.01162	0.01465	0.06306	0.04550	0.31504	0.02664	0.08571	0.00828	0.00572	0.00171	0.00504	0.00699	0.00428	0.00662
11	0.00766	0.00546	0.00735	0.00743	0.00795	0.00595	0.00520	0.00873	0.00839	0.01170	0.01633	0.07415	0.01724	0.35352	0.43169	0.00684	0.00996	0.00716	0.00316	0.00414
12	0.00737	0.00535	0.00695	0.00682	0.00795	0.00493	0.00501	0.00959	0.01426	0.01995	0.62255	0.16944	0.07560	0.01205	0.00642	0.00178	0.00264	0.01070	0.00572	0.00493
13	0.00899	0.00637	0.00904	0.00874	0.00974	0.00692	0.02679	0.01085	0.03390	0.06127	0.01864	0.21448	0.01932	0.14456	0.34560	0.00535	0.05239	0.00833	0.00373	0.00497
14	0.01014	0.00954	0.01610	0.79845	0.03697	0.01193	0.01491	0.01371	0.01073	0.01371	0.00954	0.01431	0.00716	0.00537	0.00537	0.00179	0.00716	0.00477	0.00239	0.00596
15	0.02067	0.01067	0.01269	0.00990	0.01367	0.01065	0.00812	0.29091	0.01835	0.39747	0.01762	0.01657	0.01185	0.00651	0.00515	0.00158	0.00475	0.00513	0.12922	0.00852
16	0.01160	0.01120	0.01986	0.01605	0.04094	0.03191	0.30050	0.01425	0.01058	0.04205	0.01125	0.01576	0.00957	0.01596	0.22386	0.03479	0.17525	0.00562	0.00281	0.00618
17	0.00655	0.00499	0.00603	0.00673	0.00762	0.00447	0.00468	0.00774	0.01130	0.01453	0.09122	0.49466	0.28955	0.01530	0.00664	0.00202	0.00294	0.01352	0.00505	0.00447
18	0.40176	0.00971	0.01037	0.00841	0.01218	0.00979	0.00694	0.02141	0.01251	0.43489	0.01491	0.01390	0.00987	0.00588	0.00445	0.00166	0.00438	0.00426	0.00512	0.00761
19	0.00801	0.00622	0.00915	0.01008	0.04720	0.00600	0.05051	0.03816	0.01134	0.01515	0.02675	0.60489	0.03102	0.01487	0.00675	0.00214	0.00394	0.09808	0.00475	0.00498
20	0.58769	0.01071	0.01085	0.09997	0.09443	0.01226	0.00828	0.06461	0.01069	0.02254	0.00854	0.01046	0.00668	0.00610	0.02612	0.00186	0.00513	0.00352	0.00327	0.00630
21	0.01568	0.06966	0.08129	0.01753	0.05046	0.33730	0.27688	0.01863	0.01327	0.01500	0.00926	0.01169	0.00741	0.00525	0.00597	0.00160	0.04903	0.00460	0.00265	0.00683
22	0.04942	0.00650	0.00860	0.00819	0.00956	0.00709	0.00626	0.01089	0.03299	0.02898	0.05452	0.02305	0.03776	0.11989	0.49444	0.00635	0.02560	0.00603	0.00332	0.06054
23	0.04979	0.16887	0.04584	0.01123	0.01535	0.04860	0.06013	0.19446	0.01592	0.21651	0.06355	0.01490	0.01204	0.00616	0.00531	0.00154	0.02752	0.00480	0.00449	0.03296
24	0.09349	0.00876	0.01218	0.06914	0.09070	0.00916	0.04777	0.03678	0.03963	0.12819	0.07832	0.19312	0.06873	0.03443	0.00725	0.00196	0.06171	0.00801	0.00438	0.00631

[dist]
# distance from previous block
# <min> <max>
3	12

[block]
# block no. 2 follows, 45 sequences, length 16
# corresponding to MSA columns:
# 72-87
name=unknown_C
#
# <colnr> <probs for GDERKNQSTAVLIFYWHMCP>
#	G	D	E	R	K	N	Q	S	T	A	V	L	I	F	Y	W	H	M	C	P
0	0.01484	0.07649	0.03755	0.04954	0.01557	0.03057	0.00876	0.19798	0.08695	0.07025	0.01208	0.01279	0.00920	0.00525	0.00463	0.00127	0.00507	0.00409	0.00400	0.35312
1	0.00976	0.00793	0.00897	0.00775	0.01062	0.00709	0.00599	0.02585	0.12747	0.03190	0.06249	0.11781	0.23144	0.00940	0.00546	0.00152	0.00357	0.02993	0.00452	0.29052
2	0.13874	0.05429	0.07510	0.01015	0.01456	0.01146	0.00902	0.17935	0.02722	0.35148	0.01507	0.01426	0.01018	0.00597	0.00488	0.00157	0.00508	0.00454	0.00508	0.06199
3	0.00701	0.00518	0.00697	0.00795	0.00836	0.00513	0.00560	0.00816	0.01059	0.01425	0.06740	0.67189	0.03454	0.01599	0.00740	0.00218	0.04287	0.06911	0.00490	0.00452
4	0.01540	0.01344	0.01931	0.07726	0.02037	0.08865	0.25584	0.21238	0.01598	0.08194	0.01407	0.09361	0.01164	0.00668	0.00571	0.00171	0.00685	0.00629	0.04557	0.00729
5	0.02242	0.00920	0.01222	0.00958	0.01344	0.00823	0.00782	0.07700	0.01566	0.66672	0.02126	0.08115	0.01477	0.00744	0.00551	0.00170	0.00455	0.00615	0.00642	0.00875
6	0.00712	0.00524	0.00650	0.00669	0.00780	0.00477	0.00486	0.00895	0.01299	0.01766	0.37315	0.26293	0.19633	0.01313	0.00642	0.00186	0.00278	0.02513	0.03093	0.00475
7	0.05619	0.01129	0.01732	0.16238	0.38710	0.01179	0.01322	0.08954	0.01332	0.10927	0.01282	0.06926	0.01064	0.00612	0.00535	0.00168	0.00592	0.00550	0.00354	0.00776
8	0.00660	0.00477	0.00626	0.00732	0.00778	0.00442	0.00494	0.00767	0.01072	0.01429	0.08283	0.71749	0.07255	0.01625	0.00679	0.00213	0.00305	0.01468	0.00505	0.00442
9	0.00985	0.00746	0.01093	0.01247	0.12003	0.00819	0.00815	0.01095	0.00992	0.05201	0.01826	0.29442	0.01983	0.04811	0.07824	0.09892	0.14353	0.03977	0.00372	0.00524
10	0.02366	0.00981	0.01287	0.00987	0.01404	0.00889	0.00815	0.10980	0.01649	0.69636	0.02023	0.01766	0.01281	0.00662	0.00539	0.00166	0.00472	0.00533	0.00650	0.00913
11	0.01363	0.01403	0.09675	0.05028	0.09889	0.01307	0.20085	0.09643	0.25904	0.04415	0.01542	0.01768	0.01187	0.00623	0.00570	0.00178	0.00639	0.03585	0.00403	0.00795
12	0.00759	0.00558	0.00801	0.00810	0.00888	0.00626	0.00605	0.00919	0.00885	0.01256	0.03955	0.08664	0.01718	0.14292	0.59868	0.00743	0.01185	0.00692	0.00319	0.00456
13	0.01043	0.10291	0.05365	0.00863	0.01048	0.00800	0.00709	0.01214	0.01140	0.11007	0.07632	0.41800	0.02635	0.01216	0.00656	0.00191	0.04394	0.03528	0.03904	0.00563
14	0.01868	0.03525	0.05552	0.01255	0.01665	0.09312	0.04733	0.37520	0.12308	0.12886	0.01425	0.01414	0.01020	0.00635	0.00558	0.00164	0.02335	0.00492	0.00486	0.00847
15	0.31582	0.04487	0.01356	0.01050	0.01409	0.09655	0.06987	0.09881	0.01340	0.20147	0.01264	0.04737	0.00963	0.00616	0.00492	0.00165	0.02272	0.00463	0.00423	0.00710

[dist]
# distance from previous block
# <min> <max>
3	10

[block]
# block no. 3 follows, 45 sequences, length 11
# corresponding to MSA columns:
# 98-108
name=unknown_D
#
# <colnr> <probs for GDERKNQSTAVLIFYWHMCP>
#	G	D	E	R	K	N	Q	S	T	A	V	L	I	F	Y	W	H	M	C	P
0	0.06902	0.03752	0.04113	0.00939	0.01255	0.00981	0.00798	0.14034	0.09461	0.15071	0.04028	0.05714	0.13947	0.00918	0.00566	0.00179	0.00454	0.12088	0.00501	0.04299
1	0.00818	0.00597	0.00719	0.00712	0.00859	0.00561	0.00531	0.01110	0.07519	0.04626	0.31542	0.19836	0.23309	0.01254	0.00638	0.00186	0.00301	0.03821	0.00543	0.00521
2	0.01036	0.08411	0.04760	0.00793	0.01022	0.00718	0.00649	0.01222	0.01225	0.12098	0.15324	0.29522	0.13242	0.01138	0.00589	0.00176	0.00370	0.00987	0.00486	0.06233
3	0.05023	0.21770	0.15054	0.01065	0.01427	0.04190	0.05419	0.01451	0.01138	0.08002	0.01674	0.26532	0.01707	0.00902	0.00529	0.00172	0.00545	0.02396	0.00366	0.00636
4	0.01409	0.01454	0.05172	0.01640	0.08135	0.07956	0.21067	0.07194	0.35800	0.02037	0.01567	0.01626	0.01183	0.00604	0.00561	0.00174	0.00644	0.00564	0.00412	0.00799
5	0.00851	0.00576	0.00725	0.00779	0.00879	0.00554	0.00556	0.01085	0.07333	0.06670	0.05990	0.51231	0.09265	0.05104	0.00755	0.00222	0.00347	0.06066	0.00509	0.00505
6	0.06735	0.07899	0.01928	0.10660	0.34465	0.06593	0.05738	0.08895	0.04794	0.01881	0.04569	0.01406	0.01029	0.00544	0.00513	0.00160	0.00633	0.00480	0.00319	0.00759
7	0.01310	0.02062	0.43678	0.01403	0.02002	0.01250	0.06547	0.15165	0.06484	0.05278	0.05821	0.01614	0.01169	0.00621	0.00542	0.00172	0.00683	0.03052	0.00357	0.00791
8	0.00811	0.00482	0.00671	0.00720	0.00752	0.00464	0.00496	0.00746	0.00884	0.01161	0.02092	0.28566	0.08236	0.01739	0.01426	0.44388	0.00400	0.05272	0.00359	0.00334
9	0.01059	0.00639	0.00832	0.00855	0.00990	0.00614	0.00641	0.07008	0.01255	0.13047	0.02683	0.50875	0.02937	0.01416	0.00661	0.00210	0.00384	0.12814	0.00526	0.00554
10	0.25491	0.02589	0.01294	0.03796	0.04965	0.05917	0.02641	0.10293	0.07028	0.27389	0.01435	0.01464	0.01017	0.00605	0.00479	0.00166	0.00520	0.01674	0.00470	0.00767

[dist]
# distance from previous block
# <min> <max>
2	5

[block]
# block no. 4 follows, 45 sequences, length 28
# corresponding to MSA columns:
# 114-130,132-142
name=unknown_E
#
# <colnr> <probs for GDERKNQSTAVLIFYWHMCP>
#	G	D	E	R	K	N	Q	S	T	A	V	L	I	F	Y	W	H	M	C	P
0	0.07022	0.10145	0.27196	0.01351	0.01858	0.17462	0.06114	0.11686	0.01403	0.06642	0.01014	0.01140	0.00758	0.00552	0.00533	0.00159	0.03496	0.00406	0.00316	0.00745
1	0.07875	0.05981	0.01515	0.01259	0.01567	0.50252	0.00978	0.10986	0.06489	0.04666	0.01010	0.01101	0.00797	0.00581	0.00512	0.00148	0.02873	0.00383	0.00341	0.00683
2	0.05744	0.01042	0.01334	0.08985	0.01652	0.00977	0.04975	0.07424	0.09544	0.15986	0.01324	0.01393	0.00976	0.00524	0.00474	0.00133	0.00487	0.00435	0.00413	0.36177
3	0.03666	0.01150	0.01369	0.01186	0.01408	0.01373	0.02381	0.16161	0.29088	0.02105	0.01649	0.07474	0.01422	0.00867	0.00886	0.00198	0.21753	0.04688	0.00444	0.00732
4	0.00704	0.00506	0.00668	0.00713	0.00790	0.00469	0.00502	0.00873	0.01260	0.01739	0.38113	0.44578	0.04265	0.01406	0.00661	0.00195	0.00284	0.01264	0.00542	0.00469
5	0.04330	0.01105	0.02133	0.07264	0.02144	0.01077	0.41730	0.04685	0.01223	0.01690	0.01633	0.25176	0.01622	0.00837	0.00626	0.00190	0.00681	0.00870	0.00351	0.00631
6	0.00789	0.00511	0.00675	0.00763	0.00835	0.00471	0.00533	0.00901	0.01085	0.06891	0.03030	0.67178	0.07477	0.01581	0.00675	0.00214	0.00329	0.05079	0.00510	0.00474
7	0.00859	0.00633	0.00763	0.00744	0.00902	0.00614	0.00564	0.01222	0.11037	0.04667	0.31588	0.14305	0.20494	0.01304	0.03593	0.00210	0.00353	0.05068	0.00538	0.00543
8	0.02390	0.00944	0.01264	0.00969	0.01385	0.00834	0.00801	0.06377	0.01587	0.74326	0.02075	0.01799	0.01307	0.00663	0.00540	0.00166	0.00464	0.00537	0.00658	0.00913
9	0.30635	0.01030	0.01108	0.00891	0.01264	0.01059	0.00733	0.14171	0.01461	0.35785	0.01491	0.01420	0.01006	0.00602	0.00459	0.00163	0.00453	0.00443	0.05047	0.00777
10	0.01126	0.03776	0.01624	0.01299	0.01560	0.01067	0.20038	0.01593	0.14570	0.05425	0.02133	0.17583	0.07369	0.00975	0.00754	0.00198	0.09730	0.08122	0.00417	0.00640
11	0.00785	0.00558	0.00663	0.00662	0.00814	0.00494	0.00498	0.00958	0.01294	0.05903	0.25101	0.16776	0.36703	0.01305	0.00643	0.00187	0.00296	0.05335	0.00534	0.00493
12	0.00900	0.00595	0.00790	0.00768	0.00838	0.00642	0.00543	0.01001	0.00887	0.06684	0.01674	0.08480	0.01734	0.35948	0.32027	0.00593	0.04381	0.00725	0.00344	0.00447
13	0.07207	0.01007	0.09843	0.00992	0.01268	0.00837	0.02815	0.05673	0.07578	0.13422	0.02176	0.25892	0.02141	0.01069	0.00595	0.00195	0.00465	0.12804	0.03382	0.00641
14	0.01343	0.01288	0.08150	0.20711	0.13558	0.04637	0.10348	0.01699	0.03889	0.11897	0.04143	0.03268	0.01088	0.00639	0.00708	0.00180	0.10871	0.00538	0.00335	0.00711
15	0.01480	0.01931	0.41906	0.01266	0.01832	0.02958	0.01422	0.04965	0.01297	0.21860	0.01388	0.01551	0.00994	0.00615	0.00564	0.00170	0.03650	0.02986	0.06378	0.00787
16	0.43692	0.18462	0.01445	0.00936	0.01260	0.11007	0.00795	0.05755	0.01106	0.01969	0.00783	0.00936	0.00649	0.00550	0.00512	0.00159	0.08727	0.00326	0.00305	0.00628
17	0.01282	0.18963	0.01951	0.01856	0.27131	0.10548	0.06674	0.01516	0.01205	0.01519	0.01409	0.13328	0.01418	0.00760	0.00536	0.00166	0.00620	0.08119	0.00317	0.00681
18	0.00928	0.00749	0.01019	0.01006	0.03039	0.00805	0.04738	0.01318	0.13672	0.01623	0.08191	0.25634	0.02499	0.08997	0.03821	0.00258	0.07180	0.09330	0.04644	0.00550
19	0.01654	0.04356	0.01875	0.06395	0.36130	0.05375	0.01307	0.25409	0.02841	0.07695	0.01174	0.01332	0.00895	0.00555	0.00525	0.00159	0.00625	0.00472	0.00383	0.00843
20	0.01278	0.28987	0.38473	0.01279	0.01874	0.01504	0.04212	0.04946	0.01207	0.04252	0.01083	0.01437	0.00893	0.00572	0.00478	0.00157	0.00682	0.05665	0.00277	0.00743
21	0.02408	0.00914	0.01246	0.00955	0.01370	0.00789	0.00789	0.02616	0.01536	0.78158	0.02118	0.01827	0.01329	0.00664	0.00540	0.00166	0.00457	0.00540	0.00664	0.00914
22	0.00687	0.00489	0.00632	0.00726	0.00767	0.00461	0.00490	0.00784	0.01034	0.01377	0.06543	0.59731	0.05945	0.12826	0.00972	0.00258	0.00346	0.05025	0.00478	0.00427
23	0.05790	0.01315	0.01949	0.16010	0.06086	0.01421	0.20094	0.27887	0.09900	0.02335	0.01232	0.01414	0.00911	0.00569	0.00552	0.00172	0.00669	0.00524	0.00392	0.00780
24	0.01765	0.00815	0.01086	0.00896	0.01196	0.00751	0.03258	0.05644	0.03087	0.42829	0.03775	0.14074	0.01732	0.00817	0.00538	0.00167	0.00414	0.00697	0.15710	0.00748
25	0.00710	0.00521	0.00645	0.00663	0.00761	0.00476	0.00470	0.00865	0.01248	0.01681	0.34623	0.25964	0.18718	0.07550	0.00840	0.01856	0.00298	0.01136	0.00519	0.00456
26	0.01133	0.01006	0.01388	0.22808	0.03945	0.01247	0.01090	0.04980	0.14879	0.01642	0.01374	0.07752	0.01216	0.00934	0.03861	0.00222	0.23339	0.02004	0.04543	0.00637
27	0.01474	0.01141	0.01599	0.16380	0.12334	0.07652	0.06354	0.01717	0.01220	0.19198	0.01440	0.06666	0.01213	0.00752	0.00758	0.00186	0.13377	0.05463	0.00379	0.00697

[dist]
# distance from previous block
# <min> <max>
0	8

[block]
# block no. 5 follows, 45 sequences, length 53
# corresponding to MSA columns:
# 151-203
name=unknown_F
#
# <colnr> <probs for GDERKNQSTAVLIFYWHMCP>
#	G	D	E	R	K	N	Q	S	T	A	V	L	I	F	Y	W	H	M	C	P
0	0.59666	0.01101	0.01120	0.07570	0.01461	0.01255	0.06211	0.06558	0.07065	0.02322	0.00939	0.01078	0.00715	0.00526	0.00402	0.00169	0.00489	0.00369	0.00350	0.00636
1	0.19415	0.01225	0.05480	0.05700	0.06597	0.07917	0.02983	0.11548	0.01405	0.13384	0.09108	0.07789	0.03804	0.00725	0.00514	0.00169	0.00532	0.00586	0.00430	0.00690
2	0.03738	0.01364	0.01366	0.03926	0.01573	0.07574	0.00934	0.25621	0.42977	0.02501	0.01717	0.01648	0.01277	0.00675	0.00533	0.00172	0.00530	0.00535	0.00506	0.00836
3	0.00753	0.00538	0.00736	0.00860	0.00935	0.00521	0.00670	0.00918	0.01125	0.01481	0.02904	0.45793	0.03334	0.01589	0.00711	0.00232	0.00397	0.35543	0.00496	0.00463
4	0.01077	0.02777	0.78354	0.01530	0.02323	0.01247	0.01983	0.01700	0.01133	0.01700	0.00963	0.01133	0.00680	0.00510	0.00510	0.00170	0.00793	0.00397	0.00227	0.00793
5	0.01191	0.04051	0.02050	0.01587	0.01752	0.01537	0.20906	0.01404	0.00979	0.01440	0.04028	0.01355	0.00916	0.00800	0.01366	0.00214	0.53014	0.00528	0.00259	0.00624
6	0.03507	0.00760	0.00937	0.03872	0.02157	0.00809	0.00761	0.06272	0.11245	0.01758	0.04950	0.21277	0.11919	0.01244	0.00693	0.00209	0.03764	0.22821	0.00480	0.00566
7	0.01601	0.00798	0.01036	0.00923	0.01178	0.00751	0.00730	0.10123	0.01445	0.35074	0.02389	0.28065	0.02227	0.01096	0.00612	0.00193	0.00429	0.10049	0.00575	0.00705
8	0.00789	0.00618	0.00910	0.00915	0.01022	0.00647	0.04441	0.01005	0.03263	0.01435	0.04969	0.30495	0.04850	0.02288	0.26603	0.00430	0.02784	0.11627	0.00415	0.00492
9	0.01154	0.00776	0.05096	0.04101	0.01117	0.00671	0.00688	0.03176	0.03514	0.14798	0.06476	0.08482	0.15736	0.01150	0.03025	0.08690	0.00432	0.06211	0.14137	0.00571
10	0.01207	0.00659	0.00865	0.00775	0.00973	0.00606	0.00594	0.01478	0.04471	0.22210	0.45133	0.13005	0.03747	0.01041	0.00611	0.00175	0.00321	0.00912	0.00597	0.00619
11	0.01220	0.01301	0.06227	0.03795	0.02218	0.01253	0.43095	0.01560	0.01159	0.05796	0.01298	0.11308	0.01155	0.00711	0.00831	0.00194	0.15197	0.00694	0.00312	0.00674
12	0.00745	0.00570	0.00651	0.00677	0.00797	0.00527	0.00484	0.04923	0.01192	0.01515	0.06128	0.31681	0.34943	0.09184	0.00854	0.00228	0.00334	0.03617	0.00486	0.00463
13	0.00813	0.00586	0.00821	0.00816	0.00901	0.00674	0.00623	0.00989	0.00898	0.01339	0.01544	0.06481	0.01480	0.08939	0.54966	0.00674	0.05132	0.00627	0.11223	0.00474
14	0.00702	0.00492	0.00629	0.00721	0.00787	0.00449	0.00492	0.00806	0.01074	0.03641	0.03329	0.66399	0.15294	0.01600	0.00673	0.00211	0.00309	0.01434	0.00503	0.00453
15	0.04797	0.01295	0.05029	0.24702	0.23364	0.05145	0.18187	0.01639	0.01200	0.05835	0.01098	0.03336	0.00871	0.00535	0.00549	0.00171	0.00716	0.00524	0.00289	0.00717
16	0.00757	0.00574	0.00720	0.00794	0.00929	0.00536	0.00652	0.00948	0.01218	0.01542	0.05988	0.13320	0.30112	0.01447	0.00694	0.00218	0.00388	0.38190	0.00499	0.00474
17	0.05698	0.56308	0.04313	0.01015	0.01414	0.14141	0.00948	0.01654	0.01131	0.01341	0.00791	0.00949	0.00710	0.00640	0.03576	0.00157	0.03987	0.00318	0.00245	0.00663
18	0.01014	0.00954	0.01610	0.79845	0.03697	0.01193	0.01491	0.01371	0.01073	0.01371	0.00954	0.01431	0.00716	0.00537	0.00537	0.00179	0.00716	0.00477	0.00239	0.00596
19	0.00913	0.00594	0.00770	0.04718	0.01005	0.00547	0.00570	0.01083	0.01217	0.09529	0.18922	0.34596	0.12452	0.02411	0.00649	0.00189	0.00335	0.01092	0.03279	0.05132
20	0.01435	0.81458	0.02813	0.00918	0.01378	0.02124	0.00918	0.01607	0.01091	0.01263	0.00746	0.00861	0.00689	0.00459	0.00344	0.00115	0.00574	0.00287	0.00230	0.00689
21	0.00663	0.00473	0.00627	0.00739	0.00775	0.00442	0.00495	0.00763	0.01050	0.01407	0.07170	0.74530	0.03597	0.03587	0.00732	0.00223	0.00313	0.01476	0.00499	0.00437
22	0.02408	0.00914	0.01246	0.00955	0.01370	0.00789	0.00789	0.02616	0.01536	0.78158	0.02118	0.01827	0.01329	0.00664	0.00540	0.00166	0.00457	0.00540	0.00664	0.00914
23	0.05866	0.01544	0.18112	0.06040	0.12609	0.04888	0.19101	0.01699	0.05415	0.06430	0.01335	0.10161	0.01146	0.00657	0.00586	0.00177	0.02578	0.00608	0.00327	0.00720
24	0.01341	0.03754	0.13315	0.04529	0.47695	0.01277	0.10451	0.01740	0.03069	0.06058	0.01095	0.01348	0.00860	0.00497	0.00536	0.00164	0.00677	0.00486	0.00288	0.00820
25	0.01377	0.05469	0.08184	0.01645	0.05043	0.01396	0.27486	0.08923	0.23225	0.04143	0.01424	0.01588	0.01084	0.00601	0.00630	0.00178	0.04961	0.01480	0.00382	0.00782
26	0.00770	0.00549	0.00717	0.00745	0.00827	0.00533	0.00531	0.00943	0.02213	0.03644	0.29885	0.41952	0.06099	0.04024	0.00768	0.00208	0.03380	0.01210	0.00521	0.00482
27	0.02645	0.05590	0.04049	0.04873	0.17832	0.06313	0.19406	0.05511	0.01317	0.13806	0.01331	0.05889	0.01097	0.00639	0.00624	0.00173	0.05002	0.02800	0.00360	0.00746
28	0.01127	0.19147	0.12295	0.03795	0.13456	0.01239	0.04074	0.01562	0.10353	0.01649	0.07978	0.12233	0.04628	0.00790	0.00533	0.00168	0.00538	0.03391	0.00361	0.00682
29	0.00788	0.00563	0.00776	0.00900	0.00990	0.00551	0.00731	0.00978	0.01159	0.01520	0.02885	0.33460	0.03258	0.01556	0.00721	0.00236	0.00427	0.47532	0.00496	0.00473
30	0.01216	0.01251	0.04693	0.22233	0.32904	0.01243	0.18704	0.03623	0.01224	0.01679	0.01121	0.03453	0.00936	0.00552	0.00566	0.00174	0.00711	0.02705	0.00279	0.00736
31	0.01310	0.06942	0.10354	0.28715	0.10745	0.01319	0.17565	0.06796	0.01268	0.07053	0.01076	0.01366	0.00802	0.00526	0.00560	0.00171	0.01916	0.00494	0.00297	0.00723
32	0.07890	0.00748	0.00941	0.00948	0.06111	0.00708	0.02851	0.01379	0.05289	0.15168	0.06054	0.15818	0.28890	0.01095	0.00594	0.00184	0.00382	0.03852	0.00498	0.00601
33	0.01391	0.56872	0.22430	0.01080	0.01624	0.01828	0.01190	0.01682	0.01124	0.05263	0.00872	0.00981	0.00719	0.00483	0.00397	0.00132	0.00625	0.00328	0.00251	0.00727
34	0.01141	0.16986	0.64711	0.01420	0.02153	0.01405	0.01791	0.01683	0.01126	0.01621	0.00924	0.01084	0.00682	0.00501	0.00480	0.00160	0.00754	0.00377	0.00227	0.00774
35	0.01415	0.77127	0.06971	0.00952	0.01430	0.02076	0.00977	0.01612	0.01093	0.01287	0.00758	0.00876	0.00688	0.00462	0.00354	0.00118	0.00586	0.00293	0.00229	0.00695
36	0.02154	0.01289	0.01460	0.01134	0.01534	0.04183	0.00933	0.40389	0.02016	0.33663	0.01586	0.01491	0.01066	0.00661	0.00585	0.00165	0.03733	0.00501	0.00567	0.00889
37	0.01235	0.00994	0.01079	0.00959	0.01245	0.01076	0.00750	0.05187	0.47355	0.05311	0.09152	0.02642	0.12632	0.00844	0.00562	0.00175	0.00396	0.02512	0.00534	0.05360
38	0.00727	0.00510	0.00645	0.00743	0.00799	0.00494	0.00506	0.00917	0.05379	0.01482	0.02797	0.68631	0.03230	0.01525	0.00647	0.00207	0.00312	0.01374	0.08610	0.00466
39	0.01483	0.01126	0.01217	0.01065	0.01382	0.01267	0.00837	0.07276	0.61451	0.10496	0.02107	0.01940	0.01551	0.00713	0.00539	0.00177	0.00432	0.00588	0.03504	0.00848
40	0.01243	0.01359	0.02843	0.02065	0.02545	0.01303	0.63863	0.03786	0.01299	0.01771	0.05349	0.01745	0.01132	0.00551	0.00678	0.00184	0.03901	0.03377	0.00304	0.00704
41	0.00662	0.00473	0.00632	0.00757	0.00791	0.00443	0.00512	0.00761	0.01036	0.01379	0.02954	0.77903	0.03533	0.01674	0.00687	0.00219	0.00318	0.04327	0.00498	0.00438
42	0.11764	0.00865	0.01064	0.00863	0.01193	0.00817	0.00699	0.05181	0.03329	0.44966	0.17925	0.02166	0.02026	0.00736	0.00528	0.00165	0.00405	0.00599	0.03939	0.00769
43	0.12987	0.01225	0.01558	0.01353	0.05938	0.05184	0.11861	0.20906	0.04301	0.04375	0.03907	0.12960	0.01378	0.00782	0.00670	0.00180	0.08678	0.00645	0.00410	0.00703
44	0.04328	0.00901	0.01157	0.00915	0.01273	0.00828	0.00746	0.09449	0.01603	0.53423	0.14904	0.02223	0.04282	0.00753	0.00553	0.00167	0.00428	0.00619	0.00625	0.00821
45	0.00938	0.00566	0.00878	0.04121	0.00954	0.00610	0.02707	0.00820	0.00757	0.01030	0.00987	0.01651	0.00957	0.01982	0.11309	0.63815	0.04881	0.00485	0.00241	0.00311
46	0.00897	0.00638	0.00749	0.00710	0.00863	0.00640	0.00538	0.01340	0.13545	0.02057	0.43043	0.03401	0.06957	0.03325	0.00635	0.00176	0.00296	0.03049	0.16587	0.00553
47	0.03419	0.01168	0.01130	0.01045	0.01213	0.17052	0.00805	0.07977	0.01287	0.09740	0.01776	0.25433	0.01804	0.01062	0.00801	0.02666	0.12500	0.04882	0.03646	0.00593
48	0.00932	0.00708	0.00919	0.00872	0.01043	0.00701	0.04720	0.01371	0.16576	0.05729	0.14509	0.33576	0.13740	0.01231	0.00631	0.00193	0.00360	0.01096	0.00519	0.00574
49	0.01830	0.00905	0.01212	0.02993	0.05185	0.00868	0.00820	0.10180	0.01494	0.43581	0.04909	0.17376	0.01803	0.00876	0.00612	0.00178	0.03090	0.00738	0.00570	0.00782
50	0.10174	0.01260	0.01908	0.05027	0.19546	0.02448	0.18177	0.15935	0.05436	0.07444	0.01313	0.03883	0.01056	0.00609	0.00548	0.00172	0.00636	0.03276	0.00383	0.00771
51	0.83307	0.01047	0.00805	0.00716	0.01050	0.01213	0.00590	0.03032	0.00945	0.02427	0.00758	0.00880	0.00588	0.00501	0.00336	0.00166	0.00419	0.00294	0.00336	0.00588
52	0.53970	0.01077	0.01049	0.11272	0.01506	0.01229	0.00781	0.10562	0.04104	0.08575	0.01007	0.01117	0.00741	0.00543	0.00409	0.00168	0.00480	0.00371	0.00380	0.00660

[dist]
# distance from previous block
# <min> <max>
0	1

[block]
# block no. 6 follows, 45 sequences, length 50
# corresponding to MSA columns:
# 205-254
name=unknown_G
#
# <colnr> <probs for GDERKNQSTAVLIFYWHMCP>
#	G	D	E	R	K	N	Q	S	T	A	V	L	I	F	Y	W	H	M	C	P
0	0.04373	0.20398	0.18978	0.01281	0.06010	0.03769	0.01184	0.17546	0.11132	0.05085	0.02234	0.01278	0.00950	0.00565	0.00476	0.00152	0.00603	0.00427	0.00366	0.03192
1	0.13897	0.01226	0.04237	0.17367	0.29582	0.05126	0.01256	0.03750	0.04129	0.08496	0.05031	0.01461	0.01060	0.00560	0.00506	0.00166	0.00597	0.00476	0.00339	0.00736
2	0.01711	0.00803	0.01033	0.00876	0.01160	0.00764	0.00707	0.07090	0.03278	0.39234	0.04139	0.06848	0.01667	0.01119	0.08377	0.00237	0.00518	0.05392	0.14314	0.00734
3	0.04555	0.29670	0.15020	0.01406	0.07432	0.06535	0.10491	0.04665	0.01270	0.12628	0.01068	0.01178	0.00812	0.00512	0.00466	0.00148	0.00660	0.00411	0.00318	0.00756
4	0.01221	0.27527	0.51941	0.01332	0.02003	0.04197	0.01616	0.01686	0.01133	0.01549	0.00890	0.01042	0.00683	0.00496	0.00457	0.00152	0.00730	0.00360	0.00229	0.00755
5	0.07773	0.00922	0.01216	0.00939	0.01349	0.00816	0.00775	0.02549	0.01496	0.73234	0.02029	0.01765	0.01280	0.00654	0.00526	0.00166	0.00454	0.00524	0.00643	0.00892
6	0.01735	0.00875	0.01103	0.00912	0.01226	0.00840	0.00729	0.03902	0.16520	0.40543	0.22756	0.02447	0.02404	0.00795	0.00567	0.00170	0.00398	0.00670	0.00618	0.00789
7	0.00953	0.00737	0.01069	0.01007	0.01090	0.00868	0.02715	0.01102	0.00960	0.06274	0.01779	0.27343	0.01881	0.02171	0.26858	0.00431	0.21014	0.00856	0.00366	0.00527
8	0.01314	0.00946	0.01203	0.01049	0.01226	0.01098	0.00842	0.04588	0.13319	0.15728	0.03646	0.09565	0.12081	0.01093	0.03968	0.00224	0.26289	0.00711	0.00446	0.00664
9	0.00762	0.00539	0.00651	0.00680	0.00719	0.00545	0.00436	0.00877	0.04040	0.01220	0.02177	0.24430	0.05286	0.44365	0.10519	0.00449	0.00552	0.00968	0.00384	0.00400
10	0.04607	0.08545	0.10380	0.01617	0.02074	0.16113	0.30250	0.11106	0.01416	0.01815	0.01129	0.06352	0.00946	0.00584	0.00547	0.00165	0.00780	0.00550	0.00315	0.00709
11	0.06908	0.02187	0.51118	0.01390	0.02023	0.01226	0.04278	0.07537	0.06175	0.05092	0.01229	0.01547	0.00943	0.00602	0.00523	0.00175	0.00698	0.05258	0.00316	0.00775
12	0.00678	0.00509	0.00721	0.00800	0.00857	0.00473	0.03488	0.00787	0.01044	0.01387	0.02974	0.74908	0.06109	0.01621	0.00681	0.00215	0.00334	0.01476	0.00489	0.00448
13	0.16130	0.00958	0.01015	0.02360	0.01199	0.00994	0.00692	0.18591	0.06450	0.14512	0.02642	0.02645	0.23717	0.04197	0.00624	0.00186	0.00431	0.01483	0.00496	0.00679
14	0.01308	0.53626	0.29534	0.01135	0.01712	0.01814	0.01295	0.01640	0.01106	0.01418	0.00823	0.00957	0.00686	0.00477	0.00403	0.00134	0.00652	0.00326	0.00229	0.00726
15	0.01200	0.01228	0.02336	0.28837	0.26188	0.01276	0.27838	0.01580	0.01188	0.01612	0.01018	0.01406	0.00792	0.00489	0.00569	0.00174	0.00759	0.00533	0.00259	0.00720
16	0.00797	0.00570	0.00732	0.00727	0.00781	0.00619	0.00498	0.00941	0.03837	0.01179	0.01600	0.02837	0.01672	0.44095	0.36125	0.00657	0.00919	0.00684	0.00317	0.00414
17	0.69942	0.01187	0.07273	0.00874	0.01247	0.01193	0.05014	0.01577	0.00965	0.02279	0.00868	0.01132	0.00702	0.00536	0.00380	0.00170	0.00477	0.03254	0.00327	0.00603
18	0.01698	0.01084	0.01296	0.01015	0.03393	0.00988	0.00800	0.19072	0.03641	0.23264	0.01389	0.01381	0.00995	0.00540	0.00477	0.00127	0.00466	0.00430	0.00469	0.37476
19	0.01859	0.01483	0.01504	0.01208	0.01596	0.06570	0.00978	0.52643	0.21338	0.02960	0.01487	0.01449	0.01083	0.00660	0.00536	0.00165	0.00573	0.00506	0.00523	0.00878
20	0.01161	0.00881	0.01126	0.00889	0.01244	0.00757	0.05474	0.04256	0.05462	0.08713	0.04588	0.11190	0.10781	0.00751	0.00509	0.00136	0.00410	0.00649	0.02609	0.38413
21	0.00962	0.00729	0.01077	0.01019	0.01177	0.00719	0.09097	0.07729	0.03100	0.03727	0.02460	0.42619	0.02714	0.02653	0.00741	0.02466	0.00453	0.15548	0.00471	0.00538
22	0.00653	0.00472	0.00618	0.00734	0.00775	0.00437	0.00492	0.00749	0.01040	0.01375	0.03120	0.75869	0.08363	0.01661	0.00682	0.00216	0.00309	0.01500	0.00498	0.00437
23	0.00728	0.00489	0.00644	0.00743	0.00792	0.00454	0.00500	0.00823	0.01043	0.04385	0.02940	0.72415	0.05394	0.04941	0.00763	0.00228	0.00325	0.01446	0.00498	0.00451
24	0.02032	0.02428	0.01505	0.01352	0.01641	0.72166	0.01021	0.03863	0.01545	0.06320	0.00923	0.01031	0.00738	0.00562	0.00489	0.00141	0.00926	0.00361	0.00308	0.00648
25	0.48698	0.00969	0.00887	0.00796	0.01075	0.01079	0.00631	0.13290	0.01233	0.03801	0.04191	0.16008	0.01395	0.00772	0.00447	0.00174	0.00414	0.00588	0.02946	0.00608
26	0.03539	0.00802	0.00987	0.00904	0.01122	0.00796	0.00702	0.14981	0.02622	0.18956	0.08986	0.31396	0.02558	0.01150	0.00615	0.00193	0.00412	0.08081	0.00546	0.00651
27	0.07734	0.00922	0.01216	0.00939	0.01349	0.00816	0.00776	0.02549	0.01496	0.73270	0.02029	0.01765	0.01281	0.00654	0.00526	0.00166	0.00454	0.00524	0.00643	0.00892
28	0.01460	0.00714	0.00901	0.00764	0.01007	0.00662	0.00603	0.05308	0.01489	0.29152	0.30480	0.02663	0.02730	0.00818	0.00539	0.00158	0.00341	0.00691	0.18847	0.00670
29	0.02191	0.00907	0.01184	0.00922	0.01308	0.00811	0.00757	0.07389	0.01560	0.63951	0.02257	0.02017	0.06260	0.00706	0.00537	0.00165	0.00443	0.00572	0.05202	0.00861
30	0.01070	0.00972	0.01192	0.08608	0.16450	0.09143	0.00879	0.01228	0.01032	0.01372	0.01452	0.10923	0.01496	0.24331	0.05946	0.00316	0.06656	0.00676	0.05718	0.00539
31	0.00844	0.00600	0.00816	0.00918	0.01042	0.00591	0.00787	0.01081	0.01243	0.01641	0.07798	0.08099	0.07176	0.01425	0.00713	0.00233	0.00451	0.60350	0.03700	0.00491
32	0.20651	0.01052	0.02454	0.01187	0.01483	0.01110	0.13496	0.01717	0.01172	0.20852	0.06523	0.05007	0.01356	0.00744	0.00762	0.00187	0.15784	0.03371	0.00415	0.00678
33	0.06798	0.00859	0.03847	0.01160	0.04482	0.00787	0.10016	0.01404	0.04075	0.11767	0.02261	0.29131	0.02329	0.01143	0.00631	0.00204	0.00487	0.17552	0.00463	0.00603
34	0.37892	0.01036	0.02392	0.07654	0.15959	0.01119	0.01792	0.01539	0.01054	0.07600	0.01207	0.09503	0.01087	0.00685	0.00540	0.00178	0.05195	0.02570	0.00350	0.00646
35	0.01578	0.15511	0.15050	0.11799	0.04453	0.34530	0.03351	0.04922	0.01348	0.01491	0.00887	0.01078	0.00710	0.00526	0.00480	0.00148	0.00810	0.00380	0.00265	0.00682
36	0.00800	0.00552	0.00775	0.00777	0.00828	0.00611	0.00558	0.00869	0.00827	0.01156	0.01495	0.07450	0.01545	0.21421	0.41644	0.14421	0.02905	0.00664	0.00300	0.00403
37	0.04068	0.14441	0.17488	0.01071	0.01512	0.01160	0.03816	0.07396	0.04162	0.18628	0.16170	0.01925	0.03259	0.00680	0.00517	0.00159	0.00526	0.00555	0.00441	0.02028
38	0.10028	0.12712	0.50100	0.01439	0.06906	0.01328	0.01593	0.01734	0.01138	0.06910	0.00994	0.01130	0.00726	0.00511	0.00473	0.00161	0.00692	0.00386	0.00270	0.00769
39	0.02408	0.00914	0.01246	0.00955	0.01370	0.00789	0.00789	0.02616	0.01536	0.78158	0.02118	0.01827	0.01329	0.00664	0.00540	0.00166	0.00457	0.00540	0.00664	0.00914
40	0.01130	0.10688	0.63937	0.01533	0.02270	0.01346	0.08463	0.01692	0.01141	0.01657	0.00952	0.01134	0.00693	0.00500	0.00504	0.00165	0.00781	0.00407	0.00231	0.00776
41	0.12314	0.01232	0.06581	0.27500	0.11031	0.01258	0.07278	0.11898	0.04134	0.05866	0.01115	0.01410	0.00851	0.03060	0.00608	0.00183	0.02163	0.00478	0.00333	0.00707
42	0.01165	0.01056	0.01218	0.06538	0.11996	0.12779	0.00914	0.01330	0.01143	0.06578	0.01925	0.31114	0.04730	0.01186	0.03855	0.00218	0.10403	0.00880	0.00385	0.00586
43	0.00654	0.00467	0.00623	0.00747	0.00779	0.00436	0.00498	0.00747	0.01028	0.01370	0.02959	0.80785	0.03550	0.01682	0.00685	0.00218	0.00311	0.01526	0.00498	0.00436
44	0.00961	0.00910	0.04281	0.06501	0.03596	0.03340	0.11082	0.01274	0.05979	0.03061	0.09868	0.32388	0.03774	0.01137	0.00667	0.00198	0.02656	0.07324	0.00433	0.00570
45	0.01191	0.14410	0.53125	0.01610	0.07076	0.01402	0.08469	0.03704	0.01183	0.01685	0.00953	0.01138	0.00711	0.00499	0.00498	0.00162	0.00755	0.00409	0.00242	0.00778
46	0.02188	0.00865	0.01142	0.00893	0.01265	0.00766	0.00732	0.04123	0.01498	0.64960	0.02043	0.01841	0.01326	0.00658	0.00515	0.00160	0.00429	0.00533	0.13212	0.00851
47	0.00935	0.00647	0.00920	0.06897	0.04102	0.00626	0.02412	0.01127	0.01204	0.08884	0.11272	0.29380	0.13131	0.01343	0.02695	0.00218	0.00429	0.12757	0.00485	0.00537
48	0.17238	0.04319	0.04617	0.07526	0.04327	0.01335	0.20133	0.16549	0.06348	0.10653	0.01219	0.01348	0.00885	0.00550	0.00516	0.00169	0.00630	0.00489	0.00391	0.00759
49	0.01294	0.04149	0.21690	0.02453	0.44843	0.02531	0.01610	0.06431	0.01285	0.01813	0.01124	0.01563	0.00948	0.00563	0.00533	0.00166	0.00669	0.05241	0.00287	0.00808

[dist]
# distance from previous block
# <min> <max>
1	11

[block]
# block no. 7 follows, 45 sequences, length 19
# corresponding to MSA columns:
# 266-284
name=unknown_H
#
# <colnr> <probs for GDERKNQSTAVLIFYWHMCP>
#	G	D	E	R	K	N	Q	S	T	A	V	L	I	F	Y	W	H	M	C	P
0	0.06207	0.16326	0.03805	0.07444	0.06274	0.09249	0.04702	0.09862	0.15300	0.09950	0.01404	0.01457	0.02978	0.00592	0.00490	0.00156	0.00593	0.00469	0.00391	0.02351
1	0.03196	0.24211	0.01711	0.01207	0.07604	0.23583	0.00895	0.06210	0.01264	0.01464	0.01258	0.08090	0.03121	0.09547	0.03163	0.00209	0.01815	0.00523	0.00309	0.00620
2	0.01545	0.01541	0.26758	0.01155	0.01697	0.00934	0.04614	0.01910	0.01301	0.28765	0.05978	0.01562	0.01203	0.00574	0.00510	0.00150	0.00564	0.00476	0.00425	0.18337
3	0.01505	0.70989	0.04584	0.00964	0.01418	0.06639	0.00947	0.01689	0.01138	0.04854	0.00821	0.00919	0.00719	0.00476	0.00366	0.00120	0.00598	0.00305	0.00253	0.00698
4	0.01312	0.01065	0.01161	0.01045	0.01328	0.01201	0.00823	0.06904	0.56988	0.04296	0.10209	0.02455	0.02055	0.00814	0.00569	0.00184	0.00422	0.05826	0.00550	0.00793
5	0.00672	0.00482	0.00652	0.00757	0.00795	0.00468	0.00515	0.00775	0.00999	0.01344	0.02728	0.68482	0.03223	0.04436	0.10616	0.00309	0.00460	0.01383	0.00466	0.00438
6	0.00868	0.00599	0.00704	0.00656	0.00838	0.00536	0.00500	0.01108	0.03909	0.08468	0.37049	0.04256	0.36189	0.01161	0.00623	0.00174	0.00285	0.00992	0.00556	0.00530
7	0.02005	0.02558	0.01521	0.01383	0.01659	0.78980	0.01037	0.02143	0.01521	0.01314	0.00830	0.00968	0.00691	0.00553	0.00484	0.00138	0.00968	0.00346	0.00277	0.00622
8	0.00793	0.00574	0.00729	0.00806	0.00886	0.00560	0.00577	0.07156	0.01184	0.01568	0.02906	0.63208	0.06281	0.01560	0.00676	0.00215	0.00353	0.08986	0.00501	0.00483
9	0.00764	0.00613	0.00661	0.00624	0.00810	0.00552	0.00475	0.06136	0.01387	0.01756	0.22564	0.04613	0.54636	0.01246	0.00627	0.00177	0.00290	0.01048	0.00524	0.00498
10	0.01739	0.00877	0.01084	0.00895	0.01206	0.00850	0.00717	0.06617	0.14341	0.38209	0.17020	0.02275	0.02103	0.00756	0.00543	0.00165	0.00399	0.00630	0.08792	0.00781
11	0.00990	0.00593	0.00702	0.00655	0.00811	0.00575	0.00498	0.01320	0.06183	0.06919	0.39916	0.03001	0.03246	0.00872	0.00526	0.00153	0.00276	0.00746	0.31465	0.00552
12	0.04119	0.01204	0.01360	0.06638	0.01592	0.03291	0.00926	0.39481	0.04178	0.13927	0.01471	0.01635	0.01097	0.01025	0.09051	0.00240	0.00651	0.02477	0.04845	0.00792
13	0.01639	0.01089	0.01735	0.09072	0.01915	0.01090	0.19877	0.07628	0.09465	0.27311	0.04362	0.01806	0.01286	0.03889	0.00683	0.00188	0.02680	0.00583	0.02935	0.00768
14	0.01199	0.01226	0.01656	0.06948	0.01617	0.06210	0.03881	0.01350	0.00900	0.01312	0.00776	0.01231	0.00736	0.01005	0.04924	0.00251	0.63475	0.00473	0.00241	0.00590
15	0.00877	0.00701	0.01105	0.01156	0.06534	0.00677	0.09497	0.01116	0.04634	0.03520	0.02529	0.51034	0.02835	0.01357	0.00665	0.00210	0.00435	0.10118	0.00461	0.00538
16	0.28099	0.05619	0.03879	0.06282	0.16148	0.14754	0.06934	0.02747	0.01171	0.04612	0.00912	0.01116	0.00724	0.00530	0.00516	0.00163	0.04414	0.00397	0.00301	0.00681
17	0.01268	0.01319	0.06655	0.14276	0.62540	0.01262	0.01645	0.01611	0.01195	0.01695	0.00999	0.01332	0.00821	0.00489	0.00531	0.00163	0.00658	0.00473	0.00259	0.00810
18	0.09289	0.12579	0.05816	0.01059	0.05607	0.01165	0.00869	0.12370	0.01333	0.07367	0.01039	0.01144	0.00811	0.00481	0.00428	0.00120	0.00492	0.00364	0.00355	0.37311

[dist]
# distance from previous block
# <min> <max>
0	5

[block]
# block no. 8 follows, 45 sequences, length 34
# corresponding to MSA columns:
# 290-323
name=unknown_I
#
# <colnr> <probs for GDERKNQSTAVLIFYWHMCP>
#	G	D	E	R	K	N	Q	S	T	A	V	L	I	F	Y	W	H	M	C	P
