[name]
unknown

[dist]
# distance from previous block
# <min> <max>
10	531

[block]
# block no. 0 follows, 48 sequences, length 14
# corresponding to MSA columns:
# 635-648
name=unknown_A
#
# <colnr> <probs for GDERKNQSTAVLIFYWHMCP>
#	G	D	E	R	K	N	Q	S	T	A	V	L	I	F	Y	W	H	M	C	P
0	0.01335	0.53140	0.02136	0.00882	0.01302	0.03667	0.00817	0.01575	0.04757	0.03844	0.00868	0.00970	0.00745	0.00457	0.00391	0.00110	0.02362	0.00309	0.00268	0.20064
1	0.04927	0.35800	0.04348	0.00934	0.01370	0.01381	0.03067	0.05920	0.01232	0.21714	0.01130	0.01149	0.00844	0.00493	0.00409	0.00125	0.00504	0.00365	0.00362	0.13926
2	0.08433	0.30801	0.13113	0.00952	0.01302	0.06709	0.00905	0.03741	0.04477	0.01497	0.01373	0.21836	0.01403	0.00775	0.00459	0.00153	0.00522	0.00620	0.00319	0.00611
3	0.66305	0.07001	0.00996	0.00768	0.01097	0.04267	0.00637	0.06798	0.04838	0.02239	0.00821	0.00917	0.00639	0.00496	0.00348	0.00155	0.00440	0.00307	0.00332	0.00599
4	0.01032	0.19411	0.03643	0.02473	0.01210	0.03457	0.07627	0.01243	0.07153	0.01359	0.07310	0.14523	0.04407	0.01057	0.00858	0.19662	0.00488	0.02246	0.00331	0.00509
5	0.01942	0.01706	0.01517	0.01218	0.01590	0.22482	0.00980	0.57047	0.02157	0.02706	0.01115	0.01150	0.00816	0.00593	0.00500	0.00148	0.00661	0.00427	0.00447	0.00799
6	0.00639	0.00457	0.00612	0.00731	0.00767	0.00429	0.00501	0.00739	0.00996	0.01326	0.02820	0.76326	0.03363	0.01594	0.00659	0.00210	0.00310	0.06626	0.00476	0.00421
7	0.00771	0.00612	0.00884	0.19047	0.01403	0.00688	0.00711	0.00938	0.00898	0.01202	0.01802	0.07287	0.09305	0.20228	0.31456	0.00497	0.00840	0.00682	0.00305	0.00446
8	0.06635	0.04220	0.06801	0.02579	0.07755	0.01062	0.18991	0.07043	0.01221	0.07212	0.01028	0.01199	0.00787	0.00451	0.00466	0.00130	0.00567	0.00419	0.00319	0.31114
9	0.01065	0.00820	0.01213	0.01046	0.01200	0.00904	0.09444	0.07681	0.01067	0.06874	0.01512	0.08162	0.01485	0.17424	0.19383	0.00399	0.13359	0.06079	0.00347	0.00535
10	0.00638	0.00518	0.00567	0.00572	0.00723	0.00447	0.00429	0.00789	0.01209	0.01511	0.18552	0.10346	0.56751	0.01280	0.00613	0.00176	0.00267	0.03678	0.00493	0.00443
11	0.01479	0.71320	0.02498	0.00902	0.01329	0.05662	0.00873	0.01645	0.01100	0.08023	0.00832	0.00909	0.00712	0.00460	0.00352	0.00115	0.00557	0.00298	0.00258	0.00674
12	0.01040	0.01034	0.06867	0.11185	0.01579	0.01015	0.06859	0.01795	0.33746	0.01673	0.01989	0.06741	0.07678	0.13501	0.00868	0.00225	0.00500	0.00668	0.00402	0.00636
13	0.04357	0.11628	0.05970	0.01060	0.01471	0.01386	0.00927	0.38652	0.07150	0.14565	0.01355	0.03834	0.01010	0.00613	0.00483	0.00150	0.00522	0.00470	0.00464	0.03934

[dist]
# distance from previous block
# <min> <max>
0	2

[block]
# block no. 1 follows, 48 sequences, length 6
# corresponding to MSA columns:
# 651-656
name=unknown_B
#
# <colnr> <probs for GDERKNQSTAVLIFYWHMCP>
#	G	D	E	R	K	N	Q	S	T	A	V	L	I	F	Y	W	H	M	C	P
0	0.00999	0.05054	0.15325	0.33668	0.05945	0.01076	0.03459	0.01402	0.07513	0.01411	0.01302	0.01761	0.04602	0.10962	0.00818	0.02701	0.00618	0.00515	0.00275	0.00594
1	0.01356	0.00625	0.00776	0.00670	0.00885	0.00574	0.00527	0.01582	0.01308	0.28311	0.21881	0.02358	0.02222	0.00728	0.00477	0.00144	0.00307	0.00609	0.34046	0.00615
2	0.00665	0.00625	0.06693	0.00781	0.00872	0.00494	0.00599	0.00800	0.00978	0.01325	0.02568	0.69213	0.03017	0.01695	0.06814	0.00253	0.00417	0.01305	0.00441	0.00446
3	0.01917	0.02445	0.01454	0.01322	0.01586	0.79907	0.00991	0.02049	0.01454	0.01256	0.00793	0.00925	0.00661	0.00529	0.00463	0.00132	0.00925	0.00330	0.00264	0.00595
4	0.01569	0.01554	0.33258	0.01091	0.01597	0.00896	0.01178	0.01937	0.01285	0.36302	0.07691	0.01651	0.01305	0.00605	0.00502	0.00158	0.00541	0.00490	0.05619	0.00770
5	0.01312	0.05634	0.15198	0.01106	0.01457	0.03895	0.06237	0.07390	0.10730	0.14923	0.05358	0.18593	0.01680	0.00822	0.00577	0.00171	0.03106	0.00700	0.00425	0.00685

[dist]
# distance from previous block
# <min> <max>
0	2

[block]
# block no. 2 follows, 48 sequences, length 22
# corresponding to MSA columns:
# 659-680
name=unknown_C
#
# <colnr> <probs for GDERKNQSTAVLIFYWHMCP>
#	G	D	E	R	K	N	Q	S	T	A	V	L	I	F	Y	W	H	M	C	P
0	0.27425	0.04514	0.11176	0.08288	0.01625	0.15747	0.03806	0.04941	0.04802	0.08556	0.01064	0.04067	0.00839	0.00559	0.00443	0.00156	0.00597	0.00415	0.00332	0.00647
1	0.01695	0.13413	0.01806	0.03046	0.01626	0.01301	0.12553	0.17487	0.02590	0.25615	0.01368	0.01523	0.01010	0.00626	0.00632	0.00163	0.09085	0.03274	0.00429	0.00757
2	0.22313	0.00821	0.01009	0.08284	0.07470	0.00843	0.00735	0.01629	0.01181	0.23504	0.12769	0.01771	0.01525	0.00663	0.00506	0.02785	0.00411	0.00501	0.10643	0.00636
3	0.01314	0.00917	0.01285	0.10044	0.14957	0.00948	0.02573	0.04670	0.16844	0.17300	0.06833	0.14242	0.04235	0.00797	0.00548	0.00171	0.00462	0.00703	0.00454	0.00703
4	0.04153	0.06808	0.01526	0.06202	0.01545	0.11204	0.02807	0.10925	0.10959	0.05011	0.01048	0.01244	0.00850	0.00727	0.02330	0.00184	0.26579	0.00436	0.00329	0.05132
5	0.00912	0.00703	0.00825	0.00671	0.00959	0.00570	0.00522	0.01124	0.01205	0.04190	0.23147	0.02675	0.17754	0.00769	0.00491	0.00124	0.00313	0.00649	0.04569	0.37827
6	0.00698	0.00485	0.00566	0.00601	0.00626	0.00468	0.00366	0.00736	0.00854	0.01122	0.02299	0.26244	0.09386	0.51178	0.01858	0.00384	0.00417	0.00984	0.00374	0.00353
7	0.01230	0.01179	0.02011	0.13339	0.68886	0.01209	0.01555	0.01540	0.01150	0.01628	0.00958	0.01283	0.00796	0.00465	0.00509	0.00155	0.00619	0.00457	0.00251	0.00781
8	0.01210	0.03486	0.01164	0.00885	0.01222	0.00936	0.00706	0.15910	0.04082	0.03664	0.01311	0.12369	0.01211	0.02202	0.02395	0.00150	0.05253	0.00531	0.00376	0.40938
9	0.01079	0.00658	0.00885	0.00812	0.00904	0.00718	0.00603	0.01155	0.00905	0.14553	0.01499	0.03882	0.01452	0.28559	0.17700	0.08604	0.11896	0.03317	0.00348	0.00472
10	0.01427	0.05379	0.18107	0.01160	0.01508	0.06228	0.03500	0.01739	0.03583	0.21685	0.09659	0.01745	0.01388	0.00709	0.00755	0.00173	0.16959	0.03215	0.00388	0.00692
11	0.01143	0.18501	0.28493	0.16928	0.08179	0.05279	0.01388	0.01541	0.03476	0.01459	0.01034	0.03108	0.00873	0.00567	0.00501	0.00157	0.02373	0.04074	0.00253	0.00673
12	0.01032	0.00976	0.01652	0.64541	0.19236	0.01157	0.01456	0.01366	0.01056	0.01387	0.00923	0.01348	0.00711	0.00501	0.00512	0.00167	0.00668	0.00456	0.00233	0.00621
13	0.01052	0.05772	0.03008	0.18756	0.10650	0.01009	0.09556	0.04787	0.01121	0.04318	0.01578	0.26185	0.01594	0.00864	0.00614	0.00177	0.04885	0.00774	0.02705	0.00595
14	0.01464	0.29155	0.16288	0.01100	0.01549	0.09344	0.01072	0.17007	0.10439	0.03553	0.01203	0.01248	0.03367	0.00556	0.00445	0.00141	0.00599	0.00405	0.00336	0.00730
15	0.01318	0.06930	0.04002	0.26530	0.05385	0.01164	0.01073	0.06869	0.10982	0.12904	0.03041	0.03238	0.01058	0.00605	0.00574	0.00160	0.05947	0.00486	0.00363	0.07371
16	0.01398	0.18103	0.14129	0.02505	0.03241	0.01376	0.02932	0.17500	0.16064	0.06071	0.03705	0.01388	0.01073	0.00672	0.03056	0.00169	0.00572	0.00448	0.00379	0.05221
17	0.12176	0.00950	0.01176	0.21286	0.03953	0.00958	0.00862	0.01538	0.12121	0.01736	0.01072	0.01257	0.00843	0.00479	0.00429	0.00128	0.00467	0.00387	0.01976	0.36206
18	0.01109	0.00911	0.03544	0.05241	0.01175	0.02646	0.00693	0.18966	0.01224	0.01664	0.01328	0.02151	0.01284	0.31782	0.15360	0.00397	0.01996	0.00565	0.00342	0.07624
19	0.00651	0.00467	0.00615	0.00710	0.00758	0.00437	0.00490	0.00762	0.01040	0.01391	0.10469	0.64444	0.05794	0.04052	0.00713	0.00213	0.00308	0.05782	0.00480	0.00424
20	0.02326	0.14135	0.13326	0.08452	0.01627	0.02656	0.05038	0.04537	0.08285	0.12509	0.03473	0.12744	0.03916	0.00749	0.00538	0.00165	0.02374	0.02104	0.00380	0.00666
21	0.01899	0.01409	0.01540	0.05392	0.01694	0.01567	0.00999	0.73046	0.02339	0.03132	0.01215	0.01239	0.00863	0.00611	0.00513	0.00155	0.00571	0.00462	0.00498	0.00857

[dist]
# distance from previous block
# <min> <max>
2	6

[block]
# block no. 3 follows, 48 sequences, length 9
# corresponding to MSA columns:
# 687-695
name=unknown_D
#
# <colnr> <probs for GDERKNQSTAVLIFYWHMCP>
#	G	D	E	R	K	N	Q	S	T	A	V	L	I	F	Y	W	H	M	C	P
0	0.01372	0.82276	0.02689	0.00878	0.01317	0.02030	0.00878	0.01536	0.01043	0.01207	0.00713	0.00823	0.00658	0.00439	0.00329	0.00110	0.00549	0.00274	0.00219	0.00658
1	0.01213	0.01149	0.12961	0.00886	0.01350	0.00777	0.00820	0.01538	0.04198	0.12726	0.04366	0.01454	0.03933	0.00506	0.00439	0.00112	0.00437	0.00411	0.00363	0.50360
2	0.01029	0.02654	0.79309	0.01462	0.02221	0.01192	0.01896	0.01625	0.01083	0.01625	0.00921	0.01083	0.00650	0.00487	0.00487	0.00162	0.00758	0.00379	0.00217	0.00758
3	0.00703	0.00506	0.00679	0.00770	0.00846	0.00482	0.00585	0.00862	0.01121	0.01493	0.13875	0.43272	0.06479	0.01454	0.00663	0.00209	0.00343	0.24725	0.00488	0.00445
4	0.00620	0.00495	0.00556	0.00595	0.00715	0.00430	0.00425	0.00742	0.01121	0.01398	0.08607	0.31501	0.48206	0.01392	0.00623	0.00185	0.00272	0.01204	0.00482	0.00430
5	0.00680	0.00497	0.00637	0.00691	0.00773	0.00461	0.00501	0.00831	0.01152	0.01542	0.24263	0.37779	0.13391	0.04752	0.00723	0.00206	0.00306	0.09882	0.00494	0.00440
6	0.00927	0.00808	0.01125	0.01225	0.12791	0.00937	0.00810	0.01129	0.04815	0.01306	0.01698	0.02326	0.10738	0.19091	0.17656	0.00388	0.20784	0.00621	0.00304	0.00521
7	0.00812	0.00557	0.00635	0.00596	0.00776	0.00480	0.00454	0.00981	0.01281	0.09406	0.26070	0.04297	0.49465	0.01160	0.00597	0.00168	0.00273	0.00981	0.00518	0.00492
8	0.01053	0.00903	0.01096	0.08841	0.01435	0.00780	0.00713	0.01422	0.09146	0.01699	0.04757	0.01472	0.01103	0.00493	0.00430	0.00105	0.00410	0.02874	0.00337	0.60931

[dist]
# distance from previous block
# <min> <max>
0	4

[block]
# block no. 4 follows, 48 sequences, length 15
# corresponding to MSA columns:
# 700-714
name=unknown_E
#
# <colnr> <probs for GDERKNQSTAVLIFYWHMCP>
#	G	D	E	R	K	N	Q	S	T	A	V	L	I	F	Y	W	H	M	C	P
0	0.00746	0.00497	0.00560	0.00560	0.00560	0.00497	0.00311	0.00746	0.00746	0.00995	0.01617	0.03358	0.01865	0.81967	0.02612	0.00497	0.00497	0.00746	0.00311	0.00311
1	0.01326	0.01053	0.01156	0.03714	0.01380	0.01194	0.00814	0.06022	0.61373	0.07427	0.02053	0.07096	0.01604	0.00742	0.00530	0.00174	0.00418	0.00624	0.00517	0.00785
2	0.01230	0.02056	0.51393	0.05198	0.02020	0.01127	0.03911	0.08733	0.01263	0.09509	0.04293	0.01336	0.00940	0.00542	0.00497	0.00160	0.00664	0.00438	0.03946	0.00746
3	0.08326	0.00937	0.01078	0.00848	0.01210	0.04180	0.00685	0.05557	0.01362	0.38182	0.08698	0.01810	0.05155	0.00631	0.00481	0.00140	0.00422	0.00505	0.00501	0.19292
4	0.00742	0.00521	0.00672	0.00634	0.00755	0.00484	0.00475	0.00984	0.01426	0.02048	0.73194	0.03700	0.04598	0.01018	0.00588	0.00158	0.00242	0.00897	0.06380	0.00484
5	0.03813	0.02842	0.01609	0.07773	0.14983	0.05315	0.04331	0.30615	0.15138	0.06443	0.01300	0.01370	0.00964	0.00576	0.00507	0.00158	0.00573	0.00475	0.00420	0.00794
6	0.00655	0.00501	0.00574	0.00609	0.00729	0.00445	0.00445	0.00798	0.01146	0.01481	0.13163	0.26619	0.40476	0.01327	0.00612	0.00182	0.00278	0.04693	0.04829	0.00439
7	0.01176	0.01141	0.01944	0.24730	0.35141	0.01216	0.12838	0.01670	0.11774	0.01633	0.01117	0.01404	0.00876	0.00502	0.00526	0.00164	0.00641	0.00496	0.00285	0.00725
8	0.01643	0.01255	0.01614	0.16632	0.02005	0.01403	0.07023	0.42719	0.05767	0.08023	0.01222	0.01336	0.00881	0.00604	0.00591	0.00164	0.05426	0.00481	0.00430	0.00778
9	0.00618	0.00498	0.00543	0.00577	0.00702	0.00431	0.00411	0.00730	0.01098	0.01348	0.04369	0.26935	0.53775	0.04713	0.00703	0.00197	0.00281	0.01177	0.00470	0.00423
10	0.01432	0.00956	0.01020	0.00894	0.01145	0.04781	0.00729	0.24364	0.05233	0.10115	0.01755	0.02391	0.01474	0.00767	0.00502	0.00160	0.00444	0.14953	0.26227	0.00658
11	0.00657	0.00519	0.00591	0.00580	0.00726	0.00454	0.00432	0.00831	0.01279	0.01661	0.35397	0.07586	0.45048	0.01208	0.00608	0.00170	0.00254	0.01034	0.00513	0.00454
12	0.01115	0.00864	0.01067	0.13644	0.01469	0.00943	0.00792	0.16079	0.09855	0.04991	0.14207	0.11004	0.15849	0.00920	0.00621	0.00173	0.04570	0.00767	0.00456	0.00613
13	0.63940	0.01186	0.00951	0.00817	0.01147	0.07343	0.00666	0.15242	0.01197	0.02390	0.00814	0.00913	0.00621	0.00506	0.00364	0.00156	0.00468	0.00315	0.00349	0.00616
14	0.38372	0.01020	0.03426	0.02150	0.01209	0.01091	0.03257	0.10795	0.02103	0.08402	0.05129	0.05478	0.01133	0.03219	0.02685	0.00194	0.06810	0.00475	0.02438	0.00612

[dist]
# distance from previous block
# <min> <max>
2	17

[block]
# block no. 5 follows, 48 sequences, length 10
# corresponding to MSA columns:
# 732-741
name=unknown_F
#
# <colnr> <probs for GDERKNQSTAVLIFYWHMCP>
#	G	D	E	R	K	N	Q	S	T	A	V	L	I	F	Y	W	H	M	C	P
0	0.51606	0.03637	0.06462	0.00838	0.01179	0.01195	0.00734	0.07727	0.12813	0.02223	0.03508	0.01188	0.00910	0.00662	0.03293	0.00184	0.00473	0.00377	0.00361	0.00632
1	0.05401	0.01157	0.05127	0.01036	0.01355	0.03599	0.00863	0.16504	0.20793	0.22275	0.01727	0.09627	0.01361	0.00745	0.00597	0.00170	0.05817	0.00589	0.00493	0.00762
2	0.01579	0.01037	0.01389	0.01129	0.01338	0.01205	0.00936	0.06648	0.01155	0.28341	0.01200	0.01340	0.00901	0.00739	0.01078	0.00183	0.40117	0.00459	0.00393	0.08833
3	0.01064	0.00912	0.01064	0.00760	0.01216	0.00684	0.00608	0.01292	0.01064	0.01672	0.00912	0.01064	0.00760	0.00380	0.00380	0.00076	0.00380	0.00304	0.00304	0.85104
4	0.01323	0.01106	0.01543	0.22068	0.23237	0.02738	0.01186	0.18042	0.06715	0.04388	0.04718	0.01752	0.01180	0.03323	0.00595	0.00175	0.00578	0.04256	0.00362	0.00712
5	0.01390	0.02544	0.04293	0.12216	0.08851	0.01185	0.01032	0.15115	0.14702	0.11903	0.04339	0.03481	0.03749	0.00713	0.00655	0.00172	0.09357	0.03164	0.00418	0.00721
6	0.00800	0.00536	0.00668	0.00643	0.00782	0.00489	0.00488	0.01011	0.01333	0.05727	0.47517	0.08495	0.17388	0.01091	0.00591	0.00167	0.00270	0.04649	0.06866	0.00490
7	0.01215	0.01163	0.01984	0.17229	0.65114	0.01205	0.01548	0.01527	0.01143	0.01610	0.00956	0.01288	0.00789	0.00467	0.00509	0.00156	0.00623	0.00457	0.00249	0.00769
8	0.00686	0.00488	0.00617	0.00666	0.00751	0.00452	0.00478	0.00843	0.01163	0.01596	0.25790	0.39732	0.12842	0.01325	0.00617	0.00185	0.00281	0.04883	0.06160	0.00446
9	0.00759	0.00502	0.00624	0.00624	0.00642	0.00520	0.00391	0.00771	0.00753	0.01022	0.01489	0.02895	0.01643	0.57719	0.17875	0.09803	0.00666	0.00674	0.00294	0.00330

[dist]
# distance from previous block
# <min> <max>
0	10

[block]
# block no. 6 follows, 48 sequences, length 26
# corresponding to MSA columns:
# 762-787
name=unknown_G
#
# <colnr> <probs for GDERKNQSTAVLIFYWHMCP>
#	G	D	E	R	K	N	Q	S	T	A	V	L	I	F	Y	W	H	M	C	P
0	0.01236	0.00787	0.00929	0.00811	0.01049	0.00793	0.00634	0.05912	0.20734	0.17160	0.30411	0.02847	0.10254	0.00866	0.00554	0.00164	0.00341	0.00735	0.03124	0.00659
1	0.13867	0.04510	0.03588	0.01221	0.01511	0.64186	0.00951	0.01945	0.01349	0.01415	0.00783	0.00914	0.00645	0.00518	0.00439	0.00136	0.00834	0.00323	0.00269	0.00596
2	0.00998	0.00947	0.01566	0.69146	0.06641	0.01188	0.01401	0.01315	0.01008	0.01319	0.00890	0.01338	0.00689	0.00550	0.00633	0.00176	0.08932	0.00455	0.00229	0.00580
3	0.01190	0.31325	0.41554	0.01181	0.01779	0.01474	0.01379	0.03884	0.03104	0.01539	0.00885	0.01014	0.00691	0.00472	0.00424	0.00137	0.00640	0.00344	0.00241	0.06743
4	0.06313	0.65990	0.02440	0.00953	0.01366	0.11168	0.02881	0.01598	0.01086	0.01288	0.00731	0.00851	0.00656	0.00452	0.00352	0.00117	0.00593	0.00290	0.00232	0.00646
5	0.00640	0.00504	0.00579	0.00606	0.00731	0.00443	0.00443	0.00784	0.01174	0.01495	0.18097	0.24517	0.43240	0.01336	0.00622	0.00182	0.00273	0.03400	0.00493	0.00440
6	0.01361	0.79667	0.05199	0.00897	0.01347	0.02003	0.00911	0.01539	0.01044	0.01221	0.00720	0.00832	0.00658	0.00441	0.00334	0.00111	0.00556	0.00278	0.00219	0.00662
7	0.00746	0.00497	0.00560	0.00560	0.00560	0.00497	0.00311	0.00746	0.00746	0.00995	0.01617	0.03358	0.01865	0.81967	0.02612	0.00497	0.00497	0.00746	0.00311	0.00311
8	0.08487	0.14553	0.13366	0.01248	0.01697	0.01413	0.13282	0.19884	0.12413	0.04609	0.01221	0.03499	0.00946	0.00567	0.00484	0.00156	0.00591	0.00474	0.00369	0.00744
9	0.01639	0.04110	0.01365	0.01153	0.01443	0.31582	0.00903	0.22715	0.15473	0.01980	0.01399	0.07630	0.01208	0.00708	0.00510	0.00156	0.00649	0.04276	0.00405	0.00693
10	0.05843	0.00758	0.00985	0.00813	0.01111	0.00678	0.00650	0.01936	0.01354	0.50904	0.11373	0.11431	0.05373	0.00819	0.00532	0.00164	0.00380	0.00688	0.03484	0.00724
11	0.03094	0.01784	0.23454	0.20540	0.02226	0.16511	0.04374	0.05907	0.06430	0.01581	0.00967	0.01197	0.00741	0.00560	0.00609	0.00165	0.08503	0.00420	0.00271	0.00665
12	0.01204	0.30825	0.47625	0.01239	0.01864	0.01512	0.01481	0.05965	0.01146	0.01570	0.00865	0.01000	0.00666	0.00478	0.00433	0.00143	0.00673	0.00347	0.00235	0.00730
13	0.00668	0.00493	0.00630	0.00711	0.00778	0.00466	0.00497	0.00837	0.03941	0.01446	0.11921	0.59073	0.10469	0.01471	0.00642	0.00200	0.00299	0.04527	0.00488	0.00443
14	0.01180	0.06152	0.13610	0.07317	0.01610	0.00994	0.03247	0.07858	0.05709	0.05503	0.01401	0.02467	0.05689	0.00569	0.00466	0.00131	0.00504	0.03018	0.00343	0.32233
15	0.08301	0.00935	0.02462	0.00821	0.01250	0.00756	0.00680	0.01755	0.01196	0.29936	0.01301	0.01294	0.00927	0.00483	0.00426	0.00114	0.00409	0.00380	0.00424	0.46147
16	0.06179	0.05598	0.01690	0.01246	0.01587	0.01055	0.24487	0.05431	0.11414	0.12165	0.12299	0.07383	0.01711	0.00683	0.00537	0.00164	0.00530	0.00644	0.04526	0.00672
17	0.01109	0.01083	0.02182	0.01636	0.02007	0.01026	0.48860	0.01448	0.01166	0.04068	0.05139	0.02188	0.01359	0.07204	0.04308	0.00230	0.00737	0.08370	0.05269	0.00612
18	0.01196	0.01627	0.25148	0.06199	0.22201	0.01239	0.08802	0.04039	0.20743	0.01802	0.01250	0.01394	0.00947	0.00532	0.00515	0.00164	0.00630	0.00480	0.00318	0.00773
19	0.00775	0.00588	0.00698	0.00733	0.00834	0.00586	0.00518	0.03677	0.10787	0.01512	0.07309	0.43750	0.13169	0.09452	0.00822	0.00224	0.00337	0.03275	0.00472	0.00480
20	0.01314	0.23092	0.38184	0.03427	0.01825	0.01415	0.01363	0.07951	0.07390	0.07830	0.01073	0.01155	0.00794	0.00515	0.00454	0.00149	0.00632	0.00388	0.00300	0.00750
21	0.00719	0.04442	0.00723	0.00734	0.00799	0.00511	0.00514	0.00822	0.01013	0.03674	0.03953	0.71862	0.03208	0.01507	0.00636	0.00202	0.00318	0.03447	0.00470	0.00445
22	0.00897	0.00647	0.00792	0.00710	0.00916	0.00568	0.00534	0.03205	0.02550	0.06047	0.29962	0.20069	0.10639	0.01008	0.00558	0.00154	0.00309	0.00880	0.00481	0.19076
23	0.01067	0.05509	0.28416	0.03282	0.01546	0.00948	0.01103	0.01419	0.01169	0.06574	0.19041	0.01759	0.01693	0.00625	0.00551	0.00144	0.04929	0.00500	0.00344	0.19382
24	0.01400	0.34305	0.01794	0.00937	0.01321	0.21337	0.00803	0.01579	0.01155	0.01389	0.00838	0.00972	0.00721	0.00452	0.00379	0.00106	0.00580	0.00307	0.04367	0.25257
25	0.01391	0.19757	0.08447	0.01088	0.01446	0.01284	0.07661	0.14418	0.01290	0.11562	0.01219	0.04110	0.01031	0.08026	0.06498	0.00229	0.05868	0.00489	0.00350	0.03836

[dist]
# distance from previous block
# <min> <max>
1	13

[block]
# block no. 7 follows, 48 sequences, length 9
# corresponding to MSA columns:
# 801-809
name=unknown_H
#
# <colnr> <probs for GDERKNQSTAVLIFYWHMCP>
#	G	D	E	R	K	N	Q	S	T	A	V	L	I	F	Y	W	H	M	C	P
0	0.53649	0.00899	0.00845	0.00730	0.01040	0.00966	0.00599	0.01691	0.01070	0.20989	0.05397	0.01432	0.01079	0.00582	0.00396	0.00159	0.00393	0.02768	0.04693	0.00623
1	0.03846	0.06858	0.21953	0.01201	0.01600	0.13332	0.03800	0.07167	0.16897	0.03894	0.01362	0.09552	0.01158	0.00679	0.00556	0.00164	0.04397	0.00535	0.00351	0.00696
2	0.01008	0.00585	0.00721	0.00671	0.00854	0.00513	0.00508	0.01175	0.01276	0.18368	0.23209	0.16974	0.29872	0.01143	0.00595	0.00173	0.00300	0.00984	0.00534	0.00539
3	0.01237	0.53763	0.10139	0.00933	0.01321	0.05536	0.00921	0.01437	0.01019	0.01237	0.00886	0.01178	0.00819	0.06047	0.11385	0.00238	0.00699	0.00355	0.00235	0.00616
4	0.00740	0.00560	0.00804	0.00799	0.00882	0.00631	0.00610	0.00914	0.00943	0.01345	0.14539	0.10535	0.02093	0.05583	0.52094	0.00610	0.04810	0.00709	0.00343	0.00458
5	0.01236	0.01029	0.01131	0.00881	0.01255	0.06279	0.00702	0.01571	0.09012	0.08171	0.01127	0.01252	0.00900	0.00653	0.04523	0.00144	0.05553	0.00374	0.00345	0.53861
6	0.00821	0.00618	0.00744	0.00774	0.00883	0.00633	0.00554	0.03536	0.16070	0.01665	0.13714	0.49164	0.03094	0.01279	0.00606	0.00190	0.00317	0.01142	0.03678	0.00520
7	0.01101	0.01083	0.01871	0.24510	0.10953	0.01232	0.19057	0.03751	0.01118	0.01551	0.08903	0.01554	0.01153	0.00635	0.00812	0.00180	0.19093	0.00539	0.00281	0.00625
8	0.04060	0.00711	0.00859	0.00740	0.01007	0.00596	0.00566	0.01186	0.01121	0.09134	0.09539	0.24361	0.06264	0.00901	0.00513	0.00143	0.00346	0.03052	0.00425	0.34475

[dist]
# distance from previous block
# <min> <max>
1	2

[block]
# block no. 8 follows, 48 sequences, length 17
# corresponding to MSA columns:
# 812-828
name=unknown_I
#
# <colnr> <probs for GDERKNQSTAVLIFYWHMCP>
#	G	D	E	R	K	N	Q	S	T	A	V	L	I	F	Y	W	H	M	C	P
0	0.01371	0.01124	0.01874	0.14540	0.56395	0.01141	0.01435	0.01667	0.01190	0.12638	0.01108	0.01353	0.00858	0.00491	0.00510	0.00156	0.00596	0.00465	0.00304	0.00785
1	0.00750	0.00502	0.00573	0.00579	0.00585	0.00502	0.00336	0.00762	0.00768	0.01022	0.01671	0.03478	0.01919	0.77976	0.02517	0.00485	0.00496	0.04441	0.00319	0.00319
2	0.01303	0.01373	0.02508	0.06298	0.05496	0.06305	0.52285	0.03529	0.09813	0.04058	0.01164	0.01416	0.00872	0.00484	0.00573	0.00169	0.00777	0.00565	0.00304	0.00707
3	0.37999	0.01602	0.01188	0.01041	0.01346	0.31834	0.03338	0.09648	0.01285	0.01940	0.00891	0.01128	0.00734	0.00548	0.00420	0.00152	0.00639	0.03341	0.00322	0.00605
4	0.00714	0.00515	0.00621	0.00603	0.00732	0.00468	0.00449	0.00920	0.01323	0.01841	0.49363	0.08174	0.22196	0.01097	0.00585	0.00163	0.00249	0.00951	0.08570	0.00468
5	0.01682	0.01271	0.01340	0.01081	0.01421	0.03096	0.00872	0.50337	0.18467	0.02743	0.01416	0.01434	0.01047	0.00695	0.00587	0.04841	0.00511	0.00485	0.05883	0.00792
6	0.01796	0.05618	0.05908	0.01181	0.01553	0.17137	0.00998	0.37222	0.08807	0.09256	0.01225	0.01246	0.00897	0.00604	0.00546	0.00153	0.04206	0.00437	0.00431	0.00781
7	0.00646	0.00494	0.00593	0.00626	0.00732	0.00441	0.00448	0.00792	0.01178	0.01542	0.24428	0.32847	0.30692	0.01344	0.00624	0.00183	0.00269	0.01179	0.00501	0.00441
8	0.01458	0.01048	0.01151	0.00997	0.01307	0.01153	0.00786	0.07719	0.54411	0.15533	0.02218	0.02033	0.06425	0.00719	0.00526	0.00170	0.00413	0.00593	0.00538	0.00803
9	0.00657	0.00476	0.00601	0.00684	0.00738	0.00445	0.00470	0.00757	0.01008	0.01323	0.05717	0.52847	0.13011	0.12076	0.00908	0.00242	0.00330	0.06841	0.00458	0.00412
10	0.00743	0.00507	0.00607	0.00606	0.00625	0.00520	0.00371	0.00781	0.00783	0.01063	0.04197	0.03156	0.01872	0.66506	0.15118	0.00539	0.00631	0.00720	0.00314	0.00341
11	0.00715	0.00505	0.00577	0.00573	0.00626	0.00482	0.00361	0.00784	0.00955	0.01265	0.16251	0.06053	0.15696	0.50925	0.01842	0.00372	0.00404	0.00859	0.00391	0.00367
12	0.05610	0.11055	0.31205	0.01200	0.01722	0.01215	0.07796	0.08867	0.05463	0.04160	0.03564	0.01280	0.00931	0.00519	0.00462	0.00146	0.00595	0.00421	0.05082	0.08708
13	0.05691	0.39665	0.09982	0.01134	0.04157	0.08202	0.04173	0.08279	0.04930	0.06777	0.00991	0.01119	0.00799	0.00509	0.00417	0.00136	0.00595	0.01441	0.00302	0.00703
14	0.01904	0.01970	0.01477	0.01251	0.01578	0.44034	0.00977	0.33287	0.05045	0.02116	0.01030	0.01094	0.00787	0.00572	0.00486	0.00143	0.00754	0.00396	0.00379	0.00720
15	0.03522	0.00701	0.00926	0.05246	0.01056	0.00821	0.00675	0.03630	0.03133	0.01336	0.05626	0.02404	0.01547	0.23823	0.23391	0.04000	0.13203	0.04187	0.00314	0.00460
16	0.52763	0.13431	0.01169	0.00779	0.01132	0.02869	0.00664	0.03813	0.01068	0.16792	0.00980	0.01019	0.00719	0.00506	0.00366	0.00151	0.00443	0.00329	0.00367	0.00642

[dist]
# distance from previous block
# <min> <max>
0	17

[block]
# block no. 9 follows, 48 sequences, length 16
# corresponding to MSA columns:
# 846-861
name=unknown_J
#
# <colnr> <probs for GDERKNQSTAVLIFYWHMCP>
#	G	D	E	R	K	N	Q	S	T	A	V	L	I	F	Y	W	H	M	C	P
0	0.39312	0.01201	0.14885	0.04491	0.01361	0.00992	0.00863	0.01640	0.01086	0.17670	0.05788	0.03971	0.03587	0.00608	0.00434	0.00162	0.00466	0.00454	0.00385	0.00644
1	0.08643	0.48802	0.06679	0.02528	0.01347	0.03662	0.02984	0.01474	0.01107	0.03274	0.09085	0.01488	0.03717	0.00575	0.00406	0.00133	0.00523	0.02654	0.00292	0.00627
2	0.07504	0.05175	0.18910	0.01321	0.06650	0.03139	0.08973	0.08680	0.04887	0.07345	0.04912	0.01464	0.03144	0.00692	0.03302	0.00179	0.05488	0.00471	0.00338	0.07426
3	0.01283	0.01075	0.01137	0.01020	0.01303	0.01235	0.00798	0.06275	0.68421	0.02174	0.02041	0.01974	0.01553	0.00705	0.00518	0.00172	0.00407	0.02377	0.04742	0.00790
4	0.01099	0.01305	0.18088	0.20958	0.13570	0.01049	0.02852	0.06989	0.05093	0.04181	0.11470	0.01944	0.07907	0.00654	0.00529	0.00164	0.00569	0.00566	0.00343	0.00670
5	0.00632	0.00507	0.00564	0.00578	0.00716	0.00440	0.00423	0.00775	0.01188	0.01496	0.18244	0.18555	0.51464	0.01309	0.00615	0.00177	0.00263	0.01122	0.00493	0.00440
6	0.01254	0.01143	0.01437	0.01202	0.01467	0.07850	0.11991	0.13722	0.20529	0.01831	0.01397	0.01635	0.01131	0.01609	0.24993	0.00370	0.04878	0.00528	0.00369	0.00664
7	0.00735	0.00543	0.00792	0.00792	0.00872	0.00623	0.00600	0.00895	0.00815	0.01167	0.01405	0.02183	0.01355	0.13580	0.70301	0.00784	0.01265	0.00574	0.00279	0.00440
8	0.00656	0.00517	0.00593	0.00595	0.00735	0.00454	0.00445	0.00824	0.01248	0.01611	0.29599	0.11614	0.44225	0.01247	0.00614	0.00175	0.00265	0.03628	0.00506	0.00450
9	0.85592	0.00992	0.00754	0.00675	0.00992	0.01151	0.00556	0.01508	0.00873	0.02302	0.00714	0.00834	0.00556	0.00476	0.00318	0.00159	0.00397	0.00278	0.00318	0.00556
10	0.00697	0.00495	0.00616	0.00680	0.00731	0.00474	0.00471	0.00790	0.00973	0.01278	0.05232	0.34587	0.10386	0.27028	0.01278	0.00299	0.00383	0.12780	0.00426	0.00396
11	0.01247	0.01224	0.02160	0.06611	0.61020	0.01229	0.12601	0.01617	0.04135	0.01672	0.01017	0.01316	0.00831	0.00465	0.00523	0.00157	0.00643	0.00484	0.00264	0.00783
12	0.85592	0.00992	0.00754	0.00675	0.00992	0.01151	0.00556	0.01508	0.00873	0.02302	0.00714	0.00834	0.00556	0.00476	0.00318	0.00159	0.00397	0.00278	0.00318	0.00556
13	0.01178	0.11094	0.38430	0.06514	0.13864	0.01222	0.03463	0.04042	0.01186	0.05728	0.07538	0.01380	0.01076	0.00537	0.00490	0.00155	0.00643	0.00446	0.00286	0.00728
14	0.23223	0.01224	0.01290	0.08213	0.01533	0.04409	0.00902	0.33071	0.01555	0.02362	0.01161	0.01292	0.04465	0.00642	0.00637	0.00167	0.12348	0.00437	0.00383	0.00686
15	0.01347	0.01171	0.01521	0.01797	0.29024	0.01270	0.01093	0.13074	0.36565	0.02108	0.01679	0.01698	0.04084	0.00622	0.00519	0.00163	0.00496	0.00538	0.00423	0.00807

[dist]
# distance from previous block
# <min> <max>
0	14

[block]
# block no. 10 follows, 48 sequences, length 17
# corresponding to MSA columns:
# 876-892
name=unknown_K
#
# <colnr> <probs for GDERKNQSTAVLIFYWHMCP>
#	G	D	E	R	K	N	Q	S	T	A	V	L	I	F	Y	W	H	M	C	P
0	0.09843	0.01350	0.01664	0.04300	0.29213	0.11823	0.02649	0.09229	0.04353	0.01753	0.00927	0.01176	0.00769	0.00591	0.00740	0.00168	0.18031	0.00429	0.00292	0.00700
1	0.01060	0.13418	0.01227	0.00853	0.01050	0.00890	0.04684	0.04877	0.05635	0.03542	0.09579	0.02104	0.03683	0.04802	0.05854	0.26464	0.00517	0.04741	0.00336	0.04683
2	0.01111	0.01057	0.01796	0.43998	0.39156	0.01177	0.01496	0.01436	0.01093	0.01484	0.00937	0.01322	0.00745	0.00487	0.00511	0.00162	0.00649	0.00457	0.00240	0.00685
3	0.01035	0.01003	0.01553	0.46460	0.02590	0.01326	0.01294	0.01278	0.00922	0.01278	0.00809	0.01262	0.00679	0.00679	0.01019	0.00194	0.35372	0.00453	0.00226	0.00566
4	0.40963	0.01287	0.14250	0.01222	0.05667	0.01103	0.14131	0.01478	0.01014	0.01928	0.01093	0.05375	0.00967	0.00605	0.00456	0.00171	0.00551	0.06817	0.00308	0.00613
5	0.01493	0.00710	0.00934	0.00770	0.01043	0.00620	0.00613	0.01705	0.01421	0.39190	0.32369	0.02787	0.08677	0.00839	0.00552	0.00157	0.00344	0.00713	0.00580	0.04485
6	0.00726	0.00524	0.00686	0.00646	0.00767	0.00484	0.00484	0.00968	0.01452	0.02058	0.78496	0.03833	0.04841	0.01049	0.00605	0.00161	0.00242	0.00928	0.00565	0.00484
7	0.01228	0.16455	0.46166	0.01487	0.06269	0.11284	0.07045	0.01661	0.01137	0.01509	0.00879	0.01050	0.00671	0.00478	0.00466	0.00150	0.00742	0.00375	0.00228	0.00718
8	0.01665	0.00729	0.00895	0.00745	0.01019	0.00683	0.00596	0.01982	0.07487	0.41109	0.01885	0.01829	0.01313	0.00625	0.00452	0.00144	0.00353	0.00506	0.35279	0.00706
9	0.00850	0.00688	0.00953	0.00910	0.04898	0.00673	0.05191	0.01262	0.11554	0.01992	0.56112	0.03356	0.07619	0.00947	0.00589	0.00164	0.00321	0.00846	0.00521	0.00554
10	0.00734	0.00548	0.00814	0.00814	0.00902	0.00636	0.00628	0.00910	0.00822	0.01183	0.01384	0.02068	0.01305	0.06896	0.76917	0.00812	0.01340	0.00557	0.00276	0.00452
11	0.01029	0.02654	0.79309	0.01462	0.02221	0.01192	0.01896	0.01625	0.01083	0.01625	0.00921	0.01083	0.00650	0.00487	0.00487	0.00162	0.00758	0.00379	0.00217	0.00758
12	0.01561	0.00996	0.01151	0.00970	0.01261	0.01045	0.00766	0.27390	0.15222	0.19058	0.06548	0.18164	0.01840	0.00864	0.00550	0.00170	0.00434	0.00728	0.00537	0.00745
13	0.00982	0.00860	0.01421	0.42832	0.05837	0.00967	0.07599	0.01331	0.04872	0.03986	0.10891	0.13137	0.01660	0.00739	0.00553	0.00174	0.00565	0.00678	0.00336	0.00580
14	0.28976	0.00891	0.00895	0.00714	0.01063	0.00853	0.00575	0.05235	0.01090	0.05641	0.01042	0.01170	0.00815	0.00472	0.00369	0.00118	0.00374	0.00342	0.14353	0.35013
15	0.01143	0.01084	0.01995	0.01556	0.01908	0.03035	0.39713	0.01549	0.05868	0.05519	0.08252	0.02807	0.01777	0.00777	0.00620	0.00187	0.00659	0.20544	0.00377	0.00629
16	0.14427	0.00918	0.01176	0.03415	0.12675	0.00894	0.00815	0.01484	0.01081	0.13970	0.01292	0.08544	0.01138	0.02636	0.00600	0.00154	0.06363	0.02810	0.00364	0.25244

[dist]
# distance from previous block
# <min> <max>
1	3

[block]
# block no. 11 follows, 48 sequences, length 11
# corresponding to MSA columns:
# 896-906
name=unknown_L
#
# <colnr> <probs for GDERKNQSTAVLIFYWHMCP>
#	G	D	E	R	K	N	Q	S	T	A	V	L	I	F	Y	W	H	M	C	P
0	0.10812	0.53895	0.04998	0.00929	0.01352	0.01791	0.00888	0.11798	0.06448	0.01682	0.00885	0.00963	0.00738	0.00486	0.00372	0.00127	0.00532	0.00325	0.00291	0.00690
1	0.07868	0.01061	0.01447	0.01230	0.01336	0.01370	0.05584	0.01421	0.10017	0.01503	0.05290	0.01505	0.03688	0.00890	0.02750	0.00216	0.51427	0.00510	0.00298	0.00588
2	0.01405	0.05721	0.07568	0.02456	0.48556	0.01202	0.10410	0.01722	0.01205	0.13131	0.01114	0.01317	0.00857	0.00482	0.00510	0.00154	0.00622	0.00468	0.00307	0.00795
3	0.01000	0.00822	0.01146	0.01061	0.05577	0.00829	0.08814	0.05187	0.17398	0.03664	0.30638	0.10146	0.09735	0.00919	0.00580	0.00170	0.00391	0.00825	0.00488	0.00611
4	0.01251	0.07535	0.12894	0.04185	0.11814	0.01046	0.01034	0.01632	0.07506	0.11160	0.05586	0.03161	0.01155	0.00570	0.00541	0.00140	0.05400	0.00457	0.00348	0.22585
5	0.19222	0.23126	0.05748	0.04926	0.05753	0.04116	0.00859	0.04055	0.01178	0.13070	0.07467	0.01536	0.05821	0.00593	0.00432	0.00146	0.00494	0.00445	0.00358	0.00655
6	0.19008	0.06421	0.10395	0.00991	0.01375	0.02544	0.05466	0.04392	0.11419	0.13165	0.06680	0.03036	0.03482	0.00625	0.00468	0.00155	0.00484	0.02043	0.00402	0.07449
7	0.02820	0.06282	0.18692	0.01274	0.07681	0.04721	0.06229	0.01668	0.13956	0.06590	0.03238	0.03565	0.06167	0.07424	0.00699	0.00195	0.00566	0.07208	0.00363	0.00663
8	0.22803	0.05852	0.01229	0.02681	0.01261	0.01041	0.08691	0.04706	0.07743	0.05556	0.01411	0.05621	0.01316	0.12392	0.04719	0.00252	0.03884	0.07906	0.00361	0.00575
9	0.19777	0.01037	0.01192	0.00974	0.01291	0.01091	0.05908	0.24320	0.05465	0.04931	0.07526	0.06564	0.01452	0.04031	0.00577	0.00172	0.00469	0.04315	0.00430	0.08477
10	0.13180	0.06369	0.01240	0.02627	0.01327	0.07301	0.01931	0.08032	0.24516	0.12800	0.01570	0.04661	0.01262	0.02977	0.00541	0.00169	0.00484	0.03604	0.00438	0.04971

[dist]
# distance from previous block
# <min> <max>
0	7

# created by:
# /home/berkeley/.conda/envs/busco_data_prod/bin/msa2prfl.pl pipeline/OGs_align_augustus/33634/3300.fs
