[name]
unknown

[dist]
# distance from previous block
# <min> <max>
0	52

[block]
# block no. 0 follows, 40 sequences, length 21
# corresponding to MSA columns:
# 157-175,189,190
name=unknown_A
#
# <colnr> <probs for GDERKNQSTAVLIFYWHMCP>
#	G	D	E	R	K	N	Q	S	T	A	V	L	I	F	Y	W	H	M	C	P
0	0.15335	0.09503	0.06892	0.01041	0.01397	0.01164	0.00931	0.11779	0.01508	0.14826	0.07018	0.08978	0.01959	0.00943	0.00583	0.00195	0.00527	0.14187	0.00500	0.00734
1	0.01302	0.00941	0.01081	0.00863	0.01241	0.00817	0.00677	0.06459	0.06493	0.09410	0.02247	0.07178	0.12970	0.02731	0.00589	0.00151	0.00420	0.00649	0.05205	0.38576
2	0.01339	0.05056	0.21936	0.10660	0.03657	0.01365	0.16424	0.12565	0.05739	0.02104	0.06778	0.06909	0.01430	0.00708	0.00606	0.00188	0.00728	0.00645	0.00377	0.00789
3	0.00795	0.06076	0.00847	0.00771	0.00884	0.00622	0.00551	0.00927	0.01199	0.01574	0.11251	0.48191	0.15201	0.05492	0.00806	0.00229	0.00357	0.01355	0.00517	0.02354
4	0.01556	0.46314	0.02287	0.01065	0.01464	0.18402	0.00939	0.01740	0.01312	0.01492	0.06074	0.06661	0.01292	0.00654	0.00457	0.00139	0.00658	0.00471	0.00314	0.06708
5	0.13366	0.01080	0.04149	0.01351	0.12857	0.00996	0.02021	0.05525	0.03157	0.18070	0.23249	0.02329	0.02342	0.00772	0.00571	0.00174	0.00477	0.00651	0.00518	0.06344
6	0.03442	0.07494	0.14269	0.07048	0.14741	0.01281	0.07328	0.04801	0.05179	0.15047	0.02895	0.01536	0.01083	0.00585	0.00548	0.00167	0.00649	0.00506	0.00396	0.11008
7	0.01063	0.00917	0.01427	0.20701	0.05171	0.00994	0.08636	0.01516	0.10029	0.01810	0.09628	0.18417	0.02293	0.01011	0.00670	0.00204	0.02121	0.06578	0.06174	0.00643
8	0.00900	0.00613	0.00680	0.00670	0.00700	0.00627	0.00396	0.01031	0.06263	0.01267	0.01874	0.03617	0.02063	0.70471	0.02679	0.00519	0.00544	0.00819	0.03866	0.00402
9	0.00868	0.00597	0.00777	0.00784	0.00809	0.00639	0.00524	0.00895	0.00894	0.01224	0.01820	0.14681	0.02029	0.38345	0.16637	0.11899	0.04958	0.00862	0.00354	0.00404
10	0.01319	0.06772	0.15128	0.32589	0.05158	0.01329	0.07526	0.05104	0.04643	0.06945	0.01358	0.07164	0.01106	0.00676	0.00583	0.00188	0.00722	0.00596	0.00342	0.00751
11	0.01098	0.01034	0.01744	0.78165	0.04005	0.01292	0.01615	0.01486	0.01163	0.01486	0.01034	0.01550	0.00775	0.00581	0.00581	0.00194	0.00775	0.00517	0.00258	0.00646
12	0.00956	0.00582	0.00767	0.00835	0.00939	0.00533	0.00594	0.01086	0.01212	0.10801	0.03306	0.59364	0.09428	0.01644	0.00722	0.00228	0.00365	0.05537	0.00562	0.00542
13	0.05981	0.03094	0.12842	0.09775	0.13818	0.13422	0.07897	0.06964	0.05186	0.13501	0.01308	0.01453	0.00958	0.00598	0.00563	0.00177	0.00748	0.00501	0.00386	0.00829
14	0.01497	0.01412	0.01899	0.19632	0.35511	0.11334	0.01470	0.04384	0.04276	0.05551	0.01319	0.06727	0.01125	0.00659	0.00583	0.00180	0.00713	0.00585	0.00344	0.00802
15	0.00716	0.00533	0.00657	0.00744	0.00820	0.00485	0.00507	0.00830	0.01174	0.01525	0.06994	0.54238	0.21155	0.05714	0.00841	0.00241	0.00336	0.01482	0.00535	0.00474
16	0.01081	0.00958	0.01421	0.06841	0.01545	0.01181	0.05086	0.04976	0.01076	0.01535	0.01479	0.02010	0.05180	0.02481	0.35782	0.00548	0.25289	0.00611	0.00315	0.00602
17	0.05655	0.14236	0.02009	0.08180	0.07760	0.06783	0.08508	0.13430	0.08974	0.16684	0.01434	0.01502	0.01048	0.00619	0.00545	0.00172	0.00661	0.00510	0.00445	0.00848
18	0.02002	0.01496	0.01935	0.01485	0.01901	0.04083	0.12660	0.39084	0.02076	0.14362	0.02756	0.01542	0.01089	0.00712	0.00756	0.00188	0.09904	0.00562	0.00510	0.00896
19	0.01145	0.00593	0.00793	0.00765	0.00843	0.00564	0.00519	0.01085	0.00981	0.11870	0.01918	0.11719	0.05744	0.20340	0.01928	0.37118	0.00486	0.00774	0.00393	0.00421
20	0.05803	0.01107	0.03040	0.08648	0.19554	0.02474	0.05574	0.06786	0.03000	0.06953	0.08861	0.08375	0.04167	0.12031	0.00939	0.00240	0.00592	0.00732	0.00417	0.00709

[dist]
# distance from previous block
# <min> <max>
16	35

[block]
# block no. 1 follows, 40 sequences, length 19
# corresponding to MSA columns:
# 300-318
name=unknown_B
#
# <colnr> <probs for GDERKNQSTAVLIFYWHMCP>
#	G	D	E	R	K	N	Q	S	T	A	V	L	I	F	Y	W	H	M	C	P
0	0.01358	0.25592	0.34264	0.11551	0.02294	0.01618	0.02813	0.01904	0.07096	0.04718	0.01130	0.01293	0.00858	0.00564	0.00509	0.00169	0.00732	0.00434	0.00296	0.00806
1	0.01465	0.40217	0.34221	0.01300	0.01941	0.04862	0.01485	0.01860	0.01243	0.05190	0.00984	0.01114	0.00776	0.00536	0.00466	0.00154	0.00734	0.00377	0.00272	0.00803
2	0.01851	0.05224	0.14534	0.01359	0.01839	0.12062	0.05571	0.26173	0.01906	0.12819	0.09476	0.01713	0.01450	0.00695	0.00578	0.00173	0.00694	0.00553	0.00478	0.00852
3	0.23781	0.01123	0.01259	0.01252	0.11181	0.03312	0.00857	0.01855	0.07124	0.11545	0.05027	0.04882	0.01308	0.00640	0.00492	0.00157	0.00487	0.00508	0.00430	0.22779
4	0.00913	0.04854	0.11024	0.00995	0.01206	0.00867	0.00881	0.01155	0.00974	0.01388	0.01487	0.02270	0.01407	0.13185	0.53882	0.00748	0.01293	0.00610	0.00305	0.00554
5	0.01591	0.01253	0.01468	0.22033	0.02167	0.06168	0.01099	0.25678	0.06338	0.07745	0.01878	0.13289	0.05028	0.00872	0.00608	0.00190	0.00619	0.00727	0.00478	0.00771
6	0.01322	0.01245	0.02100	0.07628	0.61715	0.01256	0.01610	0.01638	0.01287	0.01820	0.01370	0.11751	0.01300	0.00695	0.00598	0.00182	0.00649	0.00669	0.00320	0.00845
7	0.05983	0.01426	0.01548	0.01210	0.01626	0.01552	0.00992	0.56263	0.02437	0.08117	0.11266	0.01803	0.01597	0.00757	0.00585	0.00176	0.00573	0.00587	0.00588	0.00913
8	0.01771	0.01053	0.01249	0.01052	0.01384	0.01080	0.00834	0.13431	0.21786	0.26225	0.14869	0.08501	0.02350	0.00904	0.00616	0.00189	0.00457	0.00761	0.00635	0.00854
9	0.01479	0.00877	0.01052	0.00891	0.01175	0.00842	0.00704	0.13360	0.03999	0.20647	0.27833	0.04887	0.17737	0.01050	0.00642	0.00185	0.00399	0.00885	0.00627	0.00727
10	0.00900	0.00599	0.00788	0.00862	0.00951	0.00573	0.00627	0.03037	0.01251	0.05338	0.08966	0.50214	0.03592	0.06483	0.00873	0.00253	0.00396	0.13230	0.00546	0.00522
11	0.01421	0.01400	0.02479	0.01943	0.02258	0.01481	0.35594	0.01675	0.01279	0.01805	0.01455	0.02313	0.01333	0.06026	0.06197	0.00323	0.23500	0.06380	0.00371	0.00769
12	0.00889	0.00771	0.01010	0.04743	0.01205	0.02439	0.05058	0.01109	0.04354	0.01517	0.03219	0.24672	0.23577	0.10061	0.07121	0.00309	0.05868	0.01096	0.00450	0.00531
13	0.01133	0.01017	0.01154	0.01081	0.01165	0.11036	0.00829	0.01221	0.00983	0.01296	0.01226	0.01914	0.01180	0.07409	0.33592	0.15296	0.17113	0.00559	0.00290	0.00506
14	0.00724	0.00518	0.00688	0.00799	0.00847	0.00482	0.00541	0.00848	0.01184	0.01597	0.12805	0.69263	0.04064	0.01738	0.00735	0.00229	0.00329	0.01573	0.00553	0.00482
15	0.00800	0.00540	0.00647	0.00702	0.00720	0.00526	0.00430	0.00851	0.00968	0.01312	0.02389	0.34172	0.02789	0.45132	0.01966	0.00415	0.00461	0.01160	0.03613	0.00408
16	0.69864	0.11628	0.01174	0.00822	0.01198	0.04158	0.00696	0.01736	0.01039	0.02402	0.00813	0.00947	0.00649	0.00536	0.00368	0.00171	0.00494	0.00317	0.00343	0.00647
17	0.00969	0.00632	0.00865	0.00857	0.00965	0.00668	0.00637	0.01123	0.01026	0.07316	0.02071	0.07826	0.05110	0.21582	0.40380	0.00667	0.01039	0.05361	0.00392	0.00514
18	0.01042	0.02330	0.55977	0.01428	0.02063	0.01112	0.01712	0.01562	0.01197	0.01745	0.01630	0.22365	0.01580	0.00897	0.00604	0.00198	0.00718	0.00761	0.00325	0.00754

[dist]
# distance from previous block
# <min> <max>
0	1

[block]
# block no. 2 follows, 40 sequences, length 12
# corresponding to MSA columns:
# 320-331
name=unknown_C
#
# <colnr> <probs for GDERKNQSTAVLIFYWHMCP>
#	G	D	E	R	K	N	Q	S	T	A	V	L	I	F	Y	W	H	M	C	P
0	0.00776	0.00539	0.00679	0.00764	0.00793	0.00520	0.00500	0.00852	0.01032	0.01372	0.02692	0.46227	0.03174	0.30336	0.01560	0.00359	0.00435	0.06487	0.00471	0.00433
1	0.01459	0.01100	0.01445	0.01081	0.01535	0.00969	0.06011	0.01805	0.05944	0.13547	0.01302	0.01420	0.01003	0.00555	0.00614	0.00131	0.07370	0.00441	0.00407	0.51861
2	0.09695	0.42446	0.21697	0.01199	0.01739	0.01892	0.01283	0.05470	0.01234	0.01736	0.00897	0.01059	0.00746	0.00564	0.00539	0.00157	0.06236	0.00367	0.00277	0.00769
3	0.01583	0.01184	0.01303	0.01126	0.01459	0.01309	0.00887	0.13038	0.46531	0.10001	0.12799	0.02353	0.02164	0.00827	0.00603	0.00190	0.00463	0.00688	0.00610	0.00884
4	0.00716	0.00525	0.00673	0.00773	0.00838	0.00482	0.00528	0.00840	0.01192	0.01576	0.10384	0.62298	0.13607	0.01716	0.00730	0.00226	0.00326	0.01540	0.00549	0.00482
5	0.00989	0.00649	0.00839	0.00900	0.01035	0.00622	0.00697	0.01229	0.04706	0.08214	0.03315	0.33194	0.11933	0.04497	0.00818	0.00247	0.00426	0.24583	0.00550	0.00557
6	0.00783	0.00574	0.00724	0.00753	0.00861	0.00531	0.00550	0.00970	0.01366	0.01843	0.33336	0.25012	0.15531	0.07155	0.00878	0.00235	0.00339	0.07489	0.00567	0.00503
7	0.00752	0.00542	0.00662	0.00724	0.00783	0.00506	0.00478	0.00852	0.01129	0.01490	0.10505	0.41245	0.14232	0.21831	0.01302	0.00310	0.00383	0.01321	0.00501	0.00452
8	0.01340	0.01211	0.01247	0.06197	0.01525	0.10222	0.03040	0.04004	0.33352	0.02083	0.09384	0.08708	0.02077	0.04925	0.00714	0.00206	0.00531	0.00734	0.07766	0.00733
9	0.01441	0.13040	0.06808	0.03176	0.24148	0.01339	0.06747	0.05133	0.02628	0.05730	0.01284	0.01726	0.01087	0.00601	0.00540	0.00158	0.00633	0.05677	0.00350	0.17755
10	0.17120	0.26076	0.09072	0.02647	0.11431	0.05908	0.02290	0.04956	0.04969	0.08902	0.01124	0.01235	0.00875	0.00564	0.00470	0.00161	0.00634	0.00415	0.00353	0.00795
11	0.22347	0.01447	0.09007	0.05669	0.20064	0.05564	0.01199	0.02038	0.12678	0.08639	0.01341	0.01548	0.01046	0.04296	0.00631	0.00198	0.00612	0.00492	0.00389	0.00792

[dist]
# distance from previous block
# <min> <max>
0	2

[block]
# block no. 3 follows, 40 sequences, length 11
# corresponding to MSA columns:
# 334-343,345
name=unknown_D
#
# <colnr> <probs for GDERKNQSTAVLIFYWHMCP>
#	G	D	E	R	K	N	Q	S	T	A	V	L	I	F	Y	W	H	M	C	P
0	0.00766	0.00553	0.00691	0.00733	0.00828	0.00509	0.00515	0.00935	0.01320	0.01799	0.28704	0.36115	0.14559	0.05290	0.00810	0.00224	0.00318	0.01303	0.03529	0.00498
1	0.00990	0.00765	0.00962	0.00930	0.01026	0.02978	0.00694	0.03607	0.04368	0.01483	0.04908	0.12403	0.06936	0.08308	0.25660	0.14270	0.08033	0.00793	0.00379	0.00505
2	0.00831	0.00591	0.00701	0.00685	0.00815	0.00537	0.00487	0.00998	0.01351	0.04030	0.32032	0.10822	0.25804	0.16427	0.01126	0.00265	0.00348	0.01101	0.00548	0.00500
3	0.00769	0.00543	0.00705	0.00786	0.00863	0.00508	0.00558	0.00932	0.01264	0.01733	0.19557	0.49913	0.07276	0.01589	0.00714	0.00219	0.00332	0.06357	0.04883	0.00498
4	0.07788	0.01161	0.01346	0.01102	0.01504	0.01201	0.00890	0.10608	0.27856	0.36919	0.02119	0.01912	0.01454	0.00730	0.00571	0.00186	0.00495	0.00585	0.00634	0.00940
5	0.23069	0.01291	0.01300	0.01102	0.01479	0.01459	0.00885	0.19565	0.34106	0.07241	0.01727	0.01656	0.01270	0.00698	0.00529	0.00186	0.00502	0.00532	0.00537	0.00865
6	0.28705	0.05374	0.01635	0.01688	0.21147	0.01287	0.04282	0.02104	0.06406	0.20008	0.01366	0.01436	0.00998	0.00590	0.00502	0.00177	0.00558	0.00474	0.00434	0.00827
7	0.11074	0.01413	0.06081	0.08380	0.58180	0.01365	0.01656	0.01758	0.01268	0.01951	0.01054	0.01378	0.00867	0.00527	0.00549	0.00176	0.00677	0.00489	0.00292	0.00864
8	0.01440	0.01366	0.02237	0.03289	0.67181	0.01389	0.01683	0.01938	0.09977	0.01962	0.01244	0.01525	0.01022	0.00550	0.00578	0.00176	0.00664	0.00535	0.00324	0.00921
9	0.00977	0.00714	0.00907	0.00873	0.00987	0.00812	0.00673	0.01278	0.06239	0.01741	0.07884	0.09023	0.06623	0.03722	0.23328	0.00416	0.10844	0.00754	0.21645	0.00561
10	0.08936	0.09412	0.13826	0.01390	0.01898	0.01440	0.12208	0.12221	0.13954	0.15105	0.01549	0.01643	0.01134	0.00646	0.00559	0.00181	0.00651	0.01931	0.00456	0.00861

[dist]
# distance from previous block
# <min> <max>
22	46

[block]
# block no. 4 follows, 40 sequences, length 10
# corresponding to MSA columns:
# 394-403
name=unknown_E
#
# <colnr> <probs for GDERKNQSTAVLIFYWHMCP>
#	G	D	E	R	K	N	Q	S	T	A	V	L	I	F	Y	W	H	M	C	P
0	0.26183	0.44571	0.02237	0.01127	0.06406	0.01900	0.00948	0.07720	0.01262	0.01966	0.00877	0.01009	0.00743	0.00528	0.00400	0.00148	0.00577	0.00344	0.00312	0.00743
1	0.19997	0.22617	0.10864	0.01376	0.05795	0.14380	0.06561	0.05689	0.01347	0.05094	0.00989	0.01134	0.00782	0.00551	0.00471	0.00161	0.00710	0.00399	0.00325	0.00757
2	0.07549	0.14334	0.01813	0.01407	0.04815	0.45689	0.01072	0.02033	0.01429	0.01555	0.00889	0.01068	0.00758	0.00590	0.00577	0.00151	0.06084	0.00373	0.00296	0.07519
3	0.01618	0.09722	0.08754	0.07533	0.13360	0.01306	0.16596	0.01965	0.01392	0.20098	0.07528	0.01769	0.01367	0.00642	0.00639	0.00181	0.03712	0.00584	0.00413	0.00822
4	0.01808	0.01490	0.17543	0.01214	0.01712	0.01095	0.03268	0.09369	0.06683	0.30186	0.09568	0.01933	0.01619	0.00712	0.00607	0.00176	0.02201	0.00582	0.00533	0.07699
5	0.01599	0.01825	0.01278	0.01229	0.01437	0.42824	0.00915	0.01840	0.06374	0.01515	0.01763	0.17627	0.01819	0.06871	0.00784	0.00214	0.00775	0.08303	0.00397	0.00611
6	0.01081	0.00822	0.00985	0.00906	0.01032	0.00915	0.00660	0.08984	0.09891	0.01713	0.06787	0.02937	0.04050	0.32475	0.18548	0.00504	0.05994	0.00742	0.00414	0.00560
7	0.01690	0.04265	0.16836	0.03859	0.28955	0.06991	0.05570	0.04336	0.03162	0.16699	0.01342	0.01485	0.00986	0.00582	0.00569	0.00176	0.00721	0.00509	0.00381	0.00887
8	0.01219	0.09946	0.07042	0.03563	0.04276	0.01138	0.04026	0.03314	0.18894	0.05521	0.13972	0.10841	0.11947	0.00966	0.00610	0.00187	0.00490	0.00829	0.00494	0.00724
9	0.00931	0.00582	0.00762	0.00816	0.00924	0.00532	0.00582	0.01077	0.01263	0.09561	0.11902	0.52751	0.10050	0.01591	0.00716	0.00222	0.00351	0.04278	0.00571	0.00541

[dist]
# distance from previous block
# <min> <max>
17	33

[block]
# block no. 5 follows, 40 sequences, length 14
# corresponding to MSA columns:
# 443-456
name=unknown_F
#
# <colnr> <probs for GDERKNQSTAVLIFYWHMCP>
#	G	D	E	R	K	N	Q	S	T	A	V	L	I	F	Y	W	H	M	C	P
0	0.04998	0.05873	0.24889	0.01761	0.11055	0.04902	0.13590	0.05591	0.01354	0.04778	0.01337	0.09524	0.01156	0.00677	0.00574	0.00178	0.00730	0.00604	0.00340	0.06089
1	0.57952	0.01235	0.01033	0.00967	0.03972	0.06167	0.00740	0.07333	0.04726	0.02547	0.03770	0.01251	0.00954	0.00598	0.00421	0.00176	0.00497	0.00397	0.04588	0.00677
2	0.07226	0.20544	0.15167	0.01167	0.01697	0.01540	0.01137	0.15814	0.07204	0.11756	0.01300	0.01336	0.00965	0.00592	0.00495	0.00157	0.00605	0.00439	0.00418	0.10441
3	0.00858	0.00678	0.00737	0.00788	0.00877	0.04193	0.00540	0.01048	0.04899	0.01570	0.07793	0.42034	0.12789	0.13588	0.01041	0.00268	0.00400	0.01274	0.04128	0.00496
4	0.01348	0.00737	0.00940	0.00825	0.01054	0.00681	0.00639	0.05212	0.01627	0.21006	0.40448	0.08554	0.07158	0.01068	0.00641	0.00183	0.00354	0.00923	0.05927	0.00674
5	0.10783	0.06461	0.08480	0.01375	0.04347	0.03094	0.11314	0.13829	0.05218	0.12994	0.05287	0.07562	0.01434	0.00723	0.00566	0.00178	0.00615	0.00618	0.00457	0.04665
6	0.09237	0.03955	0.01411	0.06119	0.01620	0.03165	0.00912	0.21512	0.03426	0.16872	0.01636	0.10882	0.01357	0.00776	0.00579	0.00172	0.02220	0.00618	0.00501	0.13029
7	0.00912	0.00536	0.00718	0.00728	0.00738	0.00541	0.00466	0.00816	0.00831	0.01116	0.01530	0.08526	0.01678	0.31451	0.07963	0.39485	0.00592	0.00731	0.00317	0.00327
8	0.01313	0.01671	0.18356	0.06255	0.11126	0.09854	0.13234	0.01679	0.01310	0.05501	0.03188	0.14096	0.01552	0.01000	0.04503	0.00230	0.00785	0.03258	0.00359	0.00730
9	0.05423	0.04209	0.06865	0.02437	0.36717	0.01401	0.09075	0.06067	0.11093	0.08936	0.01371	0.01542	0.01049	0.00582	0.00572	0.00179	0.00667	0.00538	0.00384	0.00893
10	0.01596	0.01265	0.12367	0.07370	0.10859	0.01037	0.01161	0.01955	0.04831	0.25308	0.03643	0.09848	0.01577	0.04499	0.00785	0.00208	0.05577	0.00679	0.04643	0.00793
11	0.00784	0.00578	0.00726	0.00790	0.00876	0.00552	0.00553	0.01001	0.04985	0.01696	0.17823	0.46162	0.10485	0.06698	0.00866	0.00242	0.00349	0.03778	0.00550	0.00506
12	0.03944	0.26203	0.18045	0.01711	0.14956	0.01631	0.06940	0.05046	0.05132	0.04275	0.01107	0.01270	0.00876	0.00540	0.00502	0.00158	0.00682	0.00440	0.00316	0.06226
13	0.07216	0.13070	0.21059	0.01346	0.01915	0.01370	0.08917	0.07720	0.02894	0.26707	0.01476	0.01483	0.01019	0.00608	0.00542	0.00175	0.00665	0.00495	0.00449	0.00874

[dist]
# distance from previous block
# <min> <max>
0	6

[block]
# block no. 6 follows, 40 sequences, length 38
# corresponding to MSA columns:
# 463-500
name=unknown_G
#
# <colnr> <probs for GDERKNQSTAVLIFYWHMCP>
#	G	D	E	R	K	N	Q	S	T	A	V	L	I	F	Y	W	H	M	C	P
0	0.01094	0.00676	0.00880	0.00905	0.04271	0.00627	0.00631	0.01309	0.02513	0.12620	0.25297	0.19147	0.12389	0.08456	0.00881	0.00231	0.00380	0.03834	0.03265	0.00593
1	0.01367	0.06663	0.54235	0.01589	0.02323	0.04117	0.05336	0.08221	0.05667	0.03421	0.01164	0.01306	0.00840	0.00578	0.00554	0.00180	0.00810	0.00458	0.00308	0.00861
2	0.01290	0.01130	0.01738	0.03160	0.13972	0.02452	0.16333	0.03947	0.15036	0.05233	0.02260	0.13652	0.09072	0.02841	0.00688	0.00202	0.00589	0.00829	0.04831	0.00744
3	0.00947	0.00625	0.00779	0.00725	0.00896	0.00562	0.00545	0.01177	0.01542	0.08546	0.50209	0.05743	0.20552	0.03660	0.00749	0.00198	0.00308	0.01054	0.00614	0.00567
4	0.01521	0.73216	0.09448	0.01053	0.01582	0.02218	0.01095	0.01750	0.01186	0.01409	0.00829	0.00959	0.00745	0.00502	0.00389	0.00130	0.00643	0.00321	0.00248	0.00756
5	0.01003	0.00669	0.00809	0.00749	0.00928	0.00627	0.00568	0.05558	0.01585	0.06560	0.43477	0.08782	0.16988	0.01178	0.00653	0.00184	0.00317	0.01017	0.07761	0.00586
6	0.04770	0.01300	0.01461	0.01173	0.01584	0.01385	0.00953	0.31043	0.20591	0.23753	0.04494	0.01845	0.01462	0.00739	0.00581	0.00182	0.00534	0.00586	0.00618	0.00944
7	0.01750	0.01223	0.01833	0.04578	0.34329	0.01215	0.01308	0.07883	0.01499	0.21725	0.03853	0.01646	0.01194	0.00632	0.00648	0.00173	0.05174	0.00537	0.00440	0.08362
8	0.53805	0.01058	0.00994	0.00834	0.01215	0.01117	0.00683	0.01920	0.01199	0.19728	0.05158	0.01388	0.01096	0.00608	0.00435	0.00173	0.00449	0.00419	0.00457	0.07264
9	0.00728	0.00563	0.00669	0.00734	0.00854	0.00504	0.00536	0.00876	0.01260	0.01599	0.08888	0.35556	0.35178	0.01610	0.00721	0.00219	0.00334	0.08135	0.00546	0.00491
10	0.21913	0.01919	0.31802	0.01247	0.01816	0.01305	0.01341	0.14254	0.01502	0.08824	0.07640	0.01522	0.01227	0.00644	0.00524	0.00181	0.00638	0.00485	0.00407	0.00809
11	0.01188	0.00765	0.01091	0.01012	0.01211	0.00734	0.07025	0.01493	0.06675	0.13196	0.03846	0.28179	0.06088	0.06114	0.00819	0.00236	0.00464	0.12270	0.06973	0.00622
12	0.01602	0.00853	0.01072	0.00927	0.01191	0.00817	0.00718	0.10201	0.04218	0.27492	0.20730	0.17248	0.02898	0.04061	0.00726	0.00205	0.00422	0.00909	0.02970	0.00741
13	0.00804	0.00584	0.00775	0.00897	0.00977	0.00567	0.00674	0.01010	0.03645	0.01599	0.03220	0.51703	0.05810	0.01710	0.00755	0.00244	0.00402	0.23580	0.00540	0.00508
14	0.02060	0.01192	0.01482	0.12301	0.01914	0.01252	0.01028	0.21572	0.13080	0.32568	0.01872	0.01797	0.01276	0.00703	0.00579	0.00182	0.00562	0.00568	0.03096	0.00915
15	0.00896	0.00685	0.00910	0.00833	0.00999	0.00657	0.03381	0.01174	0.03774	0.04097	0.45363	0.10168	0.18876	0.01237	0.00739	0.00194	0.03795	0.01072	0.00582	0.00568
16	0.01439	0.01382	0.02360	0.03569	0.75936	0.01382	0.01785	0.01785	0.01324	0.01900	0.01094	0.01439	0.00921	0.00518	0.00576	0.00173	0.00691	0.00518	0.00288	0.00921
17	0.01588	0.44852	0.25379	0.01204	0.01806	0.01799	0.01329	0.01930	0.01266	0.12378	0.01096	0.01175	0.00844	0.00547	0.00459	0.00151	0.00676	0.00387	0.00316	0.00816
18	0.05921	0.19166	0.14484	0.07979	0.03815	0.01513	0.04751	0.11713	0.04859	0.07266	0.01181	0.01313	0.00898	0.00563	0.00503	0.00157	0.00644	0.00441	0.00366	0.12466
19	0.01336	0.13895	0.26244	0.01319	0.04332	0.01340	0.01311	0.06498	0.04896	0.06930	0.09073	0.04005	0.01543	0.03081	0.07356	0.00254	0.04870	0.00574	0.00377	0.00766
20	0.01547	0.02475	0.56691	0.01493	0.02244	0.01220	0.01807	0.02104	0.01343	0.21515	0.01374	0.01426	0.00922	0.00597	0.00561	0.00183	0.00763	0.00471	0.00371	0.00894
21	0.01101	0.00688	0.01010	0.05477	0.01258	0.00656	0.04506	0.01272	0.01239	0.13990	0.05980	0.46514	0.04255	0.04274	0.03046	0.00252	0.00468	0.02896	0.00531	0.00587
22	0.05048	0.26390	0.40636	0.01532	0.07918	0.01617	0.01628	0.01853	0.01234	0.05702	0.01031	0.01181	0.00787	0.00541	0.00492	0.00164	0.00735	0.00403	0.00280	0.00826
23	0.01733	0.01669	0.01295	0.01196	0.01447	0.33721	0.00895	0.05962	0.07619	0.11490	0.01923	0.24721	0.01867	0.01003	0.00606	0.00185	0.00691	0.00817	0.00467	0.00693
24	0.00818	0.00625	0.00733	0.00783	0.00930	0.00586	0.00609	0.01057	0.04539	0.01654	0.05301	0.16511	0.33983	0.05655	0.00833	0.00239	0.00387	0.20564	0.03678	0.00515
25	0.01236	0.01326	0.07928	0.43139	0.31799	0.01331	0.01723	0.01630	0.01231	0.01675	0.01058	0.01482	0.00829	0.00555	0.00577	0.00185	0.00749	0.00510	0.00269	0.00770
26	0.01197	0.00966	0.01653	0.04957	0.30333	0.00964	0.07425	0.01308	0.01118	0.01554	0.06987	0.01819	0.01311	0.01182	0.01284	0.33865	0.00611	0.00570	0.00301	0.00597
27	0.02529	0.01119	0.01429	0.01096	0.01549	0.01046	0.00905	0.17181	0.01880	0.61687	0.02113	0.01862	0.01349	0.00715	0.00584	0.00179	0.00524	0.00572	0.00692	0.00990
28	0.28154	0.01223	0.01311	0.01040	0.01466	0.01280	0.00858	0.23716	0.01770	0.31308	0.01556	0.01478	0.01049	0.00656	0.00513	0.00178	0.00524	0.00481	0.00565	0.00876
29	0.01584	0.00811	0.01095	0.07030	0.01392	0.00763	0.00770	0.01889	0.04810	0.32242	0.28059	0.09614	0.05469	0.00997	0.00637	0.00188	0.00418	0.00860	0.00628	0.00744
30	0.00733	0.00532	0.00696	0.00811	0.00872	0.00495	0.00567	0.00861	0.01178	0.01559	0.07264	0.63035	0.09600	0.01742	0.00740	0.00233	0.00348	0.07707	0.00545	0.00483
31	0.04507	0.01399	0.01485	0.01231	0.01623	0.01575	0.00988	0.33336	0.39195	0.05424	0.01899	0.01793	0.01390	0.00740	0.00580	0.00186	0.00538	0.00587	0.00584	0.00942
32	0.02004	0.01872	0.01739	0.01730	0.14305	0.27937	0.01190	0.23283	0.03062	0.08716	0.01247	0.01362	0.00949	0.00653	0.00626	0.00169	0.04911	0.00478	0.02932	0.00834
33	0.01541	0.01348	0.02272	0.03349	0.69461	0.01336	0.01704	0.01876	0.01354	0.08373	0.01198	0.01486	0.00966	0.00536	0.00576	0.00173	0.00674	0.00524	0.00325	0.00927
34	0.00763	0.00592	0.00694	0.00669	0.00832	0.00523	0.00502	0.00981	0.01505	0.01996	0.44861	0.04896	0.36464	0.01314	0.00686	0.00189	0.00283	0.01129	0.00596	0.00523
35	0.00845	0.00584	0.00734	0.00796	0.00842	0.00581	0.00559	0.00943	0.01033	0.01368	0.02420	0.18560	0.02753	0.41424	0.04268	0.00433	0.00545	0.20446	0.00436	0.00430
36	0.01441	0.01381	0.02380	0.09840	0.59056	0.01403	0.08686	0.05265	0.01383	0.01946	0.01111	0.01459	0.00908	0.00530	0.00587	0.00177	0.00724	0.00535	0.00300	0.00887
37	0.01278	0.01210	0.01525	0.01629	0.13750	0.07551	0.01112	0.07045	0.01248	0.01696	0.01681	0.22505	0.03004	0.01114	0.01107	0.00220	0.28804	0.02479	0.00378	0.00665

[dist]
# distance from previous block
# <min> <max>
0	1

[block]
# block no. 7 follows, 40 sequences, length 12
# corresponding to MSA columns:
# 502-513
name=unknown_H
#
# <colnr> <probs for GDERKNQSTAVLIFYWHMCP>
#	G	D	E	R	K	N	Q	S	T	A	V	L	I	F	Y	W	H	M	C	P
0	0.00971	0.00596	0.00708	0.00693	0.00735	0.00589	0.00423	0.01006	0.00930	0.06903	0.01938	0.08271	0.02133	0.64491	0.06807	0.00535	0.00600	0.00864	0.00390	0.00418
1	0.00889	0.00707	0.00944	0.05370	0.01175	0.00739	0.00748	0.01133	0.01428	0.01952	0.38513	0.04473	0.14974	0.01260	0.00834	0.00210	0.08765	0.14794	0.00541	0.00552
2	0.01400	0.03548	0.27565	0.06249	0.10976	0.01241	0.11044	0.01926	0.05599	0.10060	0.03413	0.01534	0.01070	0.00575	0.00565	0.00171	0.00710	0.00514	0.00354	0.11484
3	0.01554	0.22270	0.01992	0.25386	0.09858	0.01446	0.01211	0.01907	0.05574	0.16443	0.01435	0.06061	0.01153	0.00665	0.00536	0.00173	0.00625	0.00550	0.00387	0.00775
4	0.00841	0.00613	0.00795	0.00892	0.01003	0.00590	0.00714	0.01027	0.01239	0.01596	0.03441	0.20286	0.15438	0.10005	0.01004	0.00281	0.00459	0.38763	0.00517	0.00496
5	0.01196	0.02819	0.68463	0.01607	0.02409	0.01361	0.02017	0.01976	0.09145	0.01905	0.01186	0.01329	0.00848	0.00578	0.00557	0.00186	0.00817	0.00454	0.00283	0.00866
6	0.04713	0.22274	0.14054	0.01381	0.01884	0.01619	0.12353	0.10096	0.14459	0.04227	0.03249	0.02915	0.01225	0.00654	0.00542	0.00174	0.00662	0.02309	0.00393	0.00816
7	0.01338	0.00735	0.00871	0.00765	0.01029	0.00656	0.00599	0.01608	0.04965	0.23753	0.14428	0.03927	0.34544	0.01117	0.00631	0.00185	0.00357	0.00934	0.06888	0.00670
8	0.00719	0.00583	0.00611	0.00613	0.00773	0.00504	0.00440	0.00854	0.01276	0.01561	0.10100	0.07735	0.58464	0.12019	0.00996	0.00246	0.00331	0.01178	0.00522	0.00476
9	0.01439	0.57030	0.24918	0.01192	0.01797	0.02018	0.01338	0.01771	0.01195	0.01509	0.00878	0.01021	0.00743	0.00514	0.00426	0.00142	0.00693	0.00346	0.00248	0.00780
10	0.01483	0.29289	0.24182	0.01670	0.07602	0.07003	0.13334	0.05825	0.01355	0.01756	0.00997	0.01194	0.00792	0.00532	0.00513	0.00162	0.00785	0.00438	0.00280	0.00807
11	0.14935	0.14535	0.30876	0.01269	0.01843	0.10802	0.01363	0.01954	0.01293	0.11391	0.01287	0.01368	0.03540	0.00602	0.00498	0.00170	0.00711	0.00434	0.00343	0.00784

[dist]
# distance from previous block
# <min> <max>
0	9

[block]
# block no. 8 follows, 40 sequences, length 11
# corresponding to MSA columns:
# 523-533
name=unknown_I
#
# <colnr> <probs for GDERKNQSTAVLIFYWHMCP>
#	G	D	E	R	K	N	Q	S	T	A	V	L	I	F	Y	W	H	M	C	P
0	0.01452	0.01343	0.05333	0.04153	0.44836	0.01294	0.02966	0.05986	0.10299	0.05808	0.05536	0.05587	0.01440	0.00675	0.00594	0.00181	0.00625	0.00624	0.00393	0.00874
1	0.01622	0.01365	0.03848	0.07661	0.26250	0.01397	0.01337	0.23712	0.08858	0.05015	0.01542	0.02025	0.01268	0.00718	0.00597	0.00184	0.00632	0.07726	0.00445	0.03796
2	0.00901	0.00656	0.00780	0.00708	0.00920	0.00566	0.00539	0.01125	0.01485	0.05703	0.38967	0.04368	0.30484	0.01193	0.00656	0.00178	0.00308	0.01021	0.00578	0.08863
3	0.01789	0.01400	0.01754	0.05675	0.19425	0.01514	0.01224	0.30663	0.19162	0.06907	0.01575	0.01624	0.01169	0.00665	0.00579	0.00178	0.00603	0.00552	0.00500	0.03042
4	0.01223	0.01216	0.01785	0.01519	0.01564	0.01628	0.06269	0.01372	0.00947	0.01440	0.01038	0.09138	0.01082	0.01062	0.01706	0.00249	0.65211	0.00637	0.00286	0.00630
5	0.01548	0.26331	0.37997	0.01355	0.02018	0.01644	0.01547	0.09963	0.01426	0.09400	0.01136	0.01231	0.00839	0.00569	0.00504	0.00164	0.00725	0.00419	0.00332	0.00852
6	0.01815	0.05836	0.14813	0.01900	0.21578	0.01227	0.05596	0.04235	0.03262	0.28660	0.04196	0.01696	0.01249	0.00629	0.00575	0.00177	0.00641	0.00548	0.00462	0.00906
7	0.00740	0.00549	0.00675	0.00763	0.00843	0.00506	0.00535	0.00858	0.01160	0.01494	0.03713	0.46026	0.21362	0.09822	0.00966	0.00264	0.00370	0.08366	0.00520	0.00471
8	0.02350	0.01331	0.01552	0.01198	0.01650	0.01371	0.00987	0.39574	0.05562	0.35453	0.01834	0.01687	0.01222	0.00712	0.00584	0.00178	0.00568	0.00557	0.00643	0.00986
9	0.01715	0.05882	0.07949	0.01683	0.10996	0.09447	0.10655	0.12694	0.06731	0.13516	0.01647	0.04094	0.01356	0.00751	0.00603	0.00186	0.00697	0.08118	0.00448	0.00830
10	0.04061	0.21480	0.20199	0.01358	0.01885	0.01459	0.10961	0.01914	0.01288	0.16773	0.01436	0.01560	0.03597	0.00836	0.04993	0.00216	0.04316	0.00505	0.00367	0.00797

[dist]
# distance from previous block
# <min> <max>
0	1

[block]
# block no. 9 follows, 40 sequences, length 14
# corresponding to MSA columns:
# 535-548
name=unknown_J
#
# <colnr> <probs for GDERKNQSTAVLIFYWHMCP>
#	G	D	E	R	K	N	Q	S	T	A	V	L	I	F	Y	W	H	M	C	P
0	0.00850	0.00653	0.00726	0.00697	0.00879	0.00613	0.00526	0.01206	0.08846	0.01990	0.30554	0.04476	0.35790	0.01227	0.00651	0.00186	0.00302	0.01042	0.08226	0.00560
1	0.01314	0.20800	0.55225	0.01495	0.02238	0.05934	0.01823	0.01846	0.01241	0.01708	0.00981	0.01149	0.00740	0.00542	0.00509	0.00168	0.00815	0.00399	0.00249	0.00823
2	0.11297	0.16985	0.29900	0.01264	0.01868	0.01479	0.01370	0.10187	0.01450	0.17117	0.01264	0.01309	0.00897	0.00591	0.00505	0.00170	0.00667	0.00436	0.00394	0.00852
3	0.09404	0.00725	0.00813	0.00741	0.00967	0.00690	0.00573	0.01415	0.05112	0.11352	0.30117	0.03822	0.24558	0.01095	0.00618	0.00184	0.00334	0.00918	0.05950	0.00613
4	0.00861	0.00639	0.00719	0.00717	0.00833	0.00632	0.00497	0.01127	0.08550	0.01578	0.07668	0.11869	0.22962	0.26297	0.06865	0.00365	0.00489	0.00995	0.05842	0.00497
5	0.08915	0.13975	0.49212	0.06122	0.02250	0.01445	0.01724	0.01793	0.01210	0.03680	0.01097	0.01404	0.00850	0.00590	0.00520	0.00179	0.00759	0.03197	0.00281	0.00799
6	0.01588	0.60467	0.04818	0.01128	0.01561	0.11085	0.01071	0.01777	0.01208	0.01391	0.00821	0.00990	0.00748	0.00565	0.00555	0.00143	0.08756	0.00342	0.00255	0.00729
7	0.01206	0.01034	0.01206	0.00861	0.01378	0.00775	0.00689	0.01464	0.01206	0.01895	0.01034	0.01206	0.00861	0.00431	0.00431	0.00086	0.00431	0.00345	0.00345	0.83118
8	0.06720	0.01468	0.01625	0.09087	0.04636	0.04658	0.01108	0.41861	0.09614	0.11131	0.01493	0.01516	0.01064	0.00678	0.00568	0.00179	0.00627	0.00525	0.00530	0.00911
9	0.01456	0.01357	0.02172	0.03129	0.62506	0.01383	0.01624	0.05488	0.08808	0.02032	0.01380	0.01634	0.03232	0.00583	0.00581	0.00176	0.00653	0.00554	0.00341	0.00912
10	0.00702	0.00582	0.00614	0.00622	0.00798	0.00494	0.00461	0.00856	0.01335	0.01632	0.11949	0.12322	0.62671	0.01480	0.00692	0.00199	0.00297	0.01251	0.00549	0.00494
11	0.09310	0.06416	0.02066	0.02518	0.42565	0.13259	0.01432	0.11947	0.01532	0.02106	0.01062	0.01296	0.00866	0.00557	0.00536	0.00167	0.00713	0.00465	0.00335	0.00854
12	0.00819	0.00633	0.00871	0.01038	0.08414	0.00592	0.00658	0.01009	0.01339	0.01826	0.28085	0.38042	0.11597	0.01437	0.00700	0.00207	0.00347	0.01288	0.00549	0.00546
13	0.01578	0.01458	0.04615	0.02353	0.36969	0.04777	0.01395	0.07370	0.25131	0.05975	0.01576	0.01674	0.01213	0.00633	0.00579	0.00181	0.00625	0.00557	0.00427	0.00916

[dist]
# distance from previous block
# <min> <max>
2	5

[block]
# block no. 10 follows, 40 sequences, length 22
# corresponding to MSA columns:
# 554-575
name=unknown_K
#
# <colnr> <probs for GDERKNQSTAVLIFYWHMCP>
#	G	D	E	R	K	N	Q	S	T	A	V	L	I	F	Y	W	H	M	C	P
0	0.03460	0.01146	0.01643	0.01539	0.12749	0.01147	0.06369	0.03876	0.01316	0.11613	0.08034	0.01670	0.01352	0.00681	0.00805	0.00166	0.15683	0.00529	0.00398	0.25825
1	0.04234	0.41604	0.16335	0.01105	0.01587	0.06621	0.01130	0.01727	0.03526	0.01702	0.13785	0.01621	0.01588	0.00644	0.00477	0.00152	0.00624	0.00476	0.00333	0.00730
2	0.01785	0.51520	0.02461	0.01042	0.01486	0.01863	0.00971	0.04503	0.01344	0.18970	0.03300	0.01312	0.01052	0.00609	0.00536	0.00149	0.05499	0.00416	0.00382	0.00799
3	0.00791	0.00603	0.00738	0.00745	0.00884	0.00561	0.00554	0.01043	0.04000	0.01907	0.34584	0.19171	0.23731	0.01502	0.03349	0.00227	0.00354	0.04150	0.00576	0.00530
4	0.01315	0.20562	0.40809	0.01601	0.02286	0.01601	0.14057	0.01923	0.07183	0.01782	0.01118	0.01293	0.00848	0.00548	0.00537	0.00173	0.00793	0.00464	0.00283	0.00825
5	0.01706	0.01259	0.01378	0.01069	0.01493	0.01266	0.00869	0.39680	0.02059	0.06518	0.02232	0.02199	0.15502	0.00789	0.00568	0.00159	0.00518	0.00623	0.00527	0.19587
6	0.17207	0.00685	0.00666	0.00627	0.00824	0.00709	0.00485	0.01494	0.01229	0.06625	0.06494	0.02060	0.01580	0.00686	0.00426	0.00150	0.00319	0.00533	0.56615	0.00586
7	0.00808	0.00596	0.00865	0.00891	0.00974	0.00667	0.00666	0.00981	0.00964	0.01362	0.01896	0.17328	0.01962	0.08748	0.57567	0.00775	0.01256	0.00838	0.00359	0.00499
8	0.01223	0.06088	0.01168	0.00858	0.01145	0.03880	0.00638	0.09146	0.01238	0.01717	0.01383	0.02260	0.01375	0.31955	0.03316	0.00311	0.00570	0.00569	0.00365	0.30796
9	0.01479	0.01025	0.01234	0.00895	0.01399	0.00791	0.00721	0.01730	0.01295	0.16363	0.01279	0.01356	0.00974	0.00487	0.00461	0.00104	0.00443	0.00391	0.00417	0.67157
10	0.00887	0.00664	0.00673	0.00640	0.00847	0.00607	0.00488	0.06837	0.01419	0.01856	0.04752	0.04591	0.55251	0.01256	0.00624	0.00183	0.00318	0.01037	0.16529	0.00541
11	0.00754	0.00592	0.00681	0.00659	0.00826	0.00519	0.00494	0.00963	0.01482	0.01943	0.39994	0.04984	0.41364	0.01334	0.00687	0.00190	0.00285	0.01141	0.00589	0.00519
12	0.01364	0.01545	0.03298	0.02376	0.02917	0.01496	0.67971	0.01825	0.01334	0.01825	0.01143	0.01545	0.00873	0.00533	0.00785	0.00201	0.07233	0.00672	0.00291	0.00772
13	0.02211	0.01629	0.01745	0.01338	0.01803	0.01803	0.01105	0.73997	0.02734	0.03665	0.01396	0.01396	0.00989	0.00698	0.00582	0.00175	0.00640	0.00524	0.00582	0.00989
14	0.80222	0.01194	0.00888	0.00796	0.01153	0.04518	0.00651	0.01735	0.01018	0.02559	0.00813	0.00949	0.00635	0.00542	0.00367	0.00179	0.00475	0.00317	0.00357	0.00632
15	0.67839	0.01223	0.01028	0.00876	0.01257	0.01401	0.00722	0.15758	0.01329	0.02814	0.00924	0.01032	0.00700	0.00571	0.00403	0.00179	0.00487	0.00355	0.00403	0.00700
16	0.01556	0.10133	0.14369	0.02065	0.26838	0.03672	0.01452	0.15851	0.04477	0.03914	0.04906	0.01572	0.02306	0.00641	0.00610	0.00174	0.03703	0.00522	0.00376	0.00864
17	0.00803	0.00616	0.00867	0.00867	0.00989	0.00681	0.00671	0.00999	0.01011	0.01393	0.02400	0.02928	0.15883	0.03800	0.62377	0.00791	0.01312	0.00740	0.00356	0.00514
18	0.01709	0.52584	0.07562	0.01169	0.01649	0.16754	0.01107	0.08509	0.01418	0.01622	0.00896	0.01018	0.00768	0.00539	0.00434	0.00138	0.00722	0.00351	0.00289	0.00762
19	0.00763	0.00557	0.00704	0.00766	0.00851	0.00517	0.00543	0.00914	0.01258	0.01678	0.20070	0.38835	0.14052	0.08865	0.00933	0.00251	0.00354	0.07056	0.00545	0.00486
20	0.01368	0.16549	0.02325	0.23507	0.41760	0.01536	0.01585	0.01694	0.01252	0.01683	0.01022	0.01371	0.00847	0.00531	0.00538	0.00169	0.00701	0.00478	0.00272	0.00812
21	0.01066	0.00772	0.00929	0.00780	0.01079	0.00635	0.00601	0.01292	0.01388	0.07935	0.24153	0.09333	0.17051	0.00991	0.00593	0.00156	0.00356	0.00849	0.00515	0.29525

[dist]
# distance from previous block
# <min> <max>
0	1

[block]
# block no. 11 follows, 40 sequences, length 69
# corresponding to MSA columns:
# 577-645
name=unknown_L
#
# <colnr> <probs for GDERKNQSTAVLIFYWHMCP>
#	G	D	E	R	K	N	Q	S	T	A	V	L	I	F	Y	W	H	M	C	P
0	0.02139	0.01606	0.01802	0.01544	0.08643	0.01764	0.01168	0.67334	0.02604	0.03502	0.01368	0.01400	0.00983	0.00681	0.00581	0.00174	0.00645	0.00523	0.00555	0.00983
1	0.02609	0.00990	0.01350	0.01035	0.01484	0.00855	0.00855	0.02834	0.01664	0.76338	0.02294	0.01979	0.01439	0.00720	0.00585	0.00180	0.00495	0.00585	0.00720	0.00990
2	0.01294	0.01369	0.07317	0.01657	0.02078	0.01267	0.30030	0.06154	0.20001	0.02077	0.05270	0.12155	0.01811	0.00837	0.00659	0.00202	0.00685	0.03921	0.00441	0.00773
3	0.01986	0.01508	0.01621	0.01267	0.01714	0.01647	0.01035	0.55031	0.15082	0.03288	0.01531	0.01512	0.01113	0.00689	0.00570	0.00170	0.00589	0.00530	0.00562	0.08554
4	0.02012	0.06529	0.01729	0.01431	0.04019	0.33801	0.01098	0.25928	0.13599	0.02331	0.01296	0.01346	0.00996	0.00654	0.00547	0.00165	0.00786	0.00469	0.00435	0.00828
5	0.06646	0.05019	0.01727	0.05172	0.07889	0.06100	0.03192	0.31696	0.10069	0.09255	0.01420	0.01469	0.01042	0.00642	0.00550	0.00170	0.00627	0.00505	0.00486	0.06325
6	0.01535	0.29198	0.17608	0.01887	0.21855	0.03890	0.01460	0.06364	0.01348	0.04879	0.01033	0.01221	0.00837	0.00561	0.00557	0.00161	0.04044	0.00426	0.00301	0.00835
7	0.01532	0.01478	0.05066	0.01675	0.17232	0.12329	0.03193	0.08056	0.08184	0.06151	0.07353	0.05168	0.01485	0.00677	0.00559	0.00159	0.00619	0.00572	0.00416	0.18095
8	0.00792	0.00566	0.00770	0.00897	0.00970	0.00544	0.00678	0.00958	0.01213	0.01608	0.06109	0.50971	0.03740	0.01721	0.00761	0.00245	0.00403	0.26014	0.00542	0.00497
9	0.01731	0.01445	0.02021	0.02258	0.30968	0.01527	0.06416	0.26531	0.14270	0.04718	0.01452	0.01573	0.01101	0.00629	0.00588	0.00179	0.00649	0.00557	0.00452	0.00936
10	0.01223	0.10654	0.01507	0.01091	0.01298	0.01131	0.05893	0.01398	0.01056	0.08306	0.01395	0.02105	0.01304	0.17562	0.22812	0.00470	0.13830	0.00593	0.00341	0.06032
11	0.01555	0.79913	0.03047	0.00995	0.01493	0.02301	0.00995	0.01741	0.01182	0.01368	0.00808	0.00933	0.00746	0.00498	0.00373	0.00124	0.00622	0.00311	0.00249	0.00746
12	0.00858	0.00654	0.00795	0.00749	0.00914	0.00622	0.00565	0.01237	0.08349	0.02212	0.57068	0.04355	0.17026	0.01200	0.00677	0.00187	0.00295	0.01045	0.00619	0.00573
13	0.00871	0.00626	0.00668	0.00637	0.00854	0.00527	0.00485	0.01031	0.01371	0.08503	0.08712	0.05206	0.65674	0.01390	0.00678	0.00194	0.00312	0.01160	0.00561	0.00540
14	0.00821	0.00667	0.00740	0.00741	0.00916	0.00630	0.00552	0.01185	0.11255	0.01799	0.16153	0.17570	0.40426	0.01398	0.00686	0.00203	0.00326	0.02813	0.00563	0.00556
15	0.01301	0.00661	0.00800	0.00717	0.00914	0.00612	0.00544	0.01530	0.01413	0.18484	0.23597	0.03107	0.07000	0.08159	0.00779	0.00202	0.00350	0.00767	0.28441	0.00622
16	0.02209	0.01575	0.01705	0.01313	0.01773	0.01730	0.01083	0.66956	0.05208	0.08259	0.01488	0.01461	0.01045	0.00703	0.00582	0.00176	0.00624	0.00532	0.00591	0.00987
17	0.00740	0.00548	0.00677	0.00755	0.00838	0.00504	0.00528	0.00867	0.01191	0.01549	0.08791	0.44758	0.20494	0.08853	0.00934	0.00256	0.00358	0.06355	0.00529	0.00475
18	0.83671	0.01125	0.00855	0.00765	0.01125	0.01305	0.00630	0.01709	0.00990	0.02609	0.00810	0.00945	0.00630	0.00540	0.00360	0.00180	0.00450	0.00315	0.00360	0.00630
19	0.02340	0.01005	0.01317	0.01027	0.01438	0.00913	0.00841	0.09923	0.01772	0.59407	0.11581	0.02222	0.01911	0.00778	0.00597	0.00180	0.00482	0.00638	0.00695	0.00933
20	0.01192	0.01091	0.01773	0.69348	0.07176	0.01332	0.01587	0.06567	0.01280	0.01657	0.01062	0.01534	0.00797	0.00587	0.00581	0.00191	0.00762	0.00517	0.00282	0.00683
21	0.00832	0.00618	0.00908	0.00908	0.01002	0.00712	0.00693	0.01021	0.00927	0.01330	0.01582	0.02421	0.01513	0.11128	0.70573	0.00901	0.01468	0.00643	0.00315	0.00504
22	0.01414	0.01440	0.02417	0.15338	0.46486	0.05783	0.15046	0.01782	0.01326	0.01798	0.01088	0.01459	0.00880	0.00528	0.00594	0.00179	0.00779	0.00541	0.00285	0.00837
23	0.37544	0.01285	0.01184	0.01011	0.01354	0.04864	0.00816	0.26773	0.01646	0.02726	0.01336	0.05635	0.01174	0.05311	0.00642	0.00207	0.00550	0.04761	0.00454	0.00727
24	0.00858	0.00655	0.00956	0.00941	0.01029	0.00773	0.00724	0.01042	0.00924	0.01332	0.01537	0.02366	0.01475	0.11105	0.66033	0.00861	0.05929	0.00637	0.00312	0.00511
25	0.01153	0.00660	0.00712	0.00670	0.00808	0.00715	0.00519	0.04717	0.01259	0.02166	0.01769	0.02050	0.01400	0.00710	0.00553	0.00148	0.07505	0.00538	0.71377	0.00571
26	0.06375	0.01365	0.01553	0.01196	0.01651	0.01424	0.00988	0.43793	0.02248	0.30819	0.01703	0.01592	0.01140	0.00698	0.00572	0.00177	0.00576	0.00536	0.00622	0.00972
27	0.02015	0.02420	0.01558	0.01401	0.01698	0.61439	0.01059	0.06979	0.05329	0.01705	0.07898	0.01431	0.01253	0.00670	0.00546	0.00157	0.00921	0.00461	0.00364	0.00696
28	0.00798	0.00594	0.00750	0.00770	0.00906	0.00547	0.00592	0.01019	0.01449	0.01944	0.37603	0.15132	0.20456	0.01411	0.00714	0.00208	0.00333	0.13663	0.00586	0.00523
29	0.17679	0.01127	0.01314	0.01039	0.01467	0.01117	0.00854	0.13373	0.06050	0.47160	0.01885	0.01709	0.01240	0.00687	0.00543	0.00180	0.00506	0.00529	0.00624	0.00918
30	0.01098	0.01034	0.01744	0.78165	0.04005	0.01292	0.01615	0.01486	0.01163	0.01486	0.01034	0.01550	0.00775	0.00581	0.00581	0.00194	0.00775	0.00517	0.00258	0.00646
31	0.01446	0.01249	0.01315	0.01183	0.01512	0.01446	0.00920	0.03090	0.74885	0.02433	0.02367	0.02170	0.01775	0.00789	0.00592	0.00197	0.00460	0.00657	0.00592	0.00920
32	0.00813	0.00573	0.00691	0.00704	0.00749	0.00579	0.00452	0.00878	0.00941	0.01253	0.02355	0.10663	0.10283	0.49194	0.16891	0.00565	0.00706	0.00919	0.00382	0.00411
33	0.00808	0.00553	0.00671	0.00726	0.00748	0.00542	0.00460	0.00862	0.00972	0.01293	0.02381	0.28804	0.02780	0.47906	0.02062	0.00433	0.00487	0.06678	0.00428	0.00406
34	0.00773	0.00592	0.00708	0.00679	0.00838	0.00527	0.00509	0.01000	0.01528	0.02051	0.49870	0.04807	0.31421	0.01294	0.00686	0.00188	0.00282	0.01117	0.00603	0.00527
35	0.01622	0.60126	0.02653	0.01080	0.01535	0.10398	0.01002	0.03451	0.10379	0.01553	0.01023	0.01108	0.00879	0.00549	0.00421	0.00137	0.00649	0.00365	0.00304	0.00765
36	0.01288	0.01052	0.01222	0.00898	0.01395	0.00841	0.00718	0.01673	0.08023	0.05144	0.01211	0.01328	0.00970	0.00476	0.00452	0.00100	0.00436	0.00384	0.00383	0.72005
37	0.01279	0.01045	0.01169	0.00963	0.01334	0.01010	0.00761	0.07274	0.24292	0.02234	0.09485	0.02246	0.04861	0.00734	0.00540	0.00150	0.00429	0.02875	0.04547	0.32772
38	0.01580	0.01455	0.06358	0.09600	0.41727	0.01405	0.01541	0.15742	0.04021	0.05415	0.01235	0.01466	0.00958	0.00574	0.00570	0.00173	0.00671	0.00514	0.00370	0.04624
39	0.01896	0.01575	0.05005	0.02164	0.29111	0.01602	0.01391	0.42416	0.02123	0.05047	0.01297	0.01422	0.00967	0.00627	0.00578	0.00174	0.00663	0.00520	0.00464	0.00959
40	0.00904	0.00707	0.01067	0.01011	0.01187	0.00672	0.07446	0.01181	0.01468	0.01995	0.35368	0.08422	0.07662	0.01321	0.00732	0.00218	0.00439	0.27082	0.00560	0.00559
41	0.01481	0.02152	0.35820	0.05991	0.02292	0.01483	0.06660	0.19704	0.14296	0.02371	0.01367	0.01474	0.00990	0.00626	0.00577	0.00185	0.00740	0.00515	0.00392	0.00884
