[name]
unknown

[dist]
# distance from previous block
# <min> <max>
0	919

[block]
# block no. 0 follows, 46 sequences, length 44
# corresponding to MSA columns:
# 990-1033
name=unknown_A
#
# <colnr> <probs for GDERKNQSTAVLIFYWHMCP>
#	G	D	E	R	K	N	Q	S	T	A	V	L	I	F	Y	W	H	M	C	P
0	0.00720	0.00517	0.00633	0.00663	0.00770	0.00465	0.00472	0.00866	0.01202	0.03823	0.23198	0.35242	0.24763	0.03305	0.00692	0.00197	0.00290	0.01204	0.00515	0.00464
1	0.01168	0.06262	0.01654	0.01312	0.01376	0.01581	0.01101	0.01296	0.00848	0.01304	0.00715	0.01133	0.00700	0.00856	0.01547	0.00212	0.69439	0.00440	0.00237	0.06819
2	0.01302	0.00950	0.01146	0.03573	0.01361	0.00759	0.00688	0.03691	0.01195	0.12726	0.01113	0.01213	0.00859	0.00441	0.00420	0.00096	0.00416	0.00355	0.00366	0.67332
3	0.02042	0.05052	0.03415	0.00984	0.01381	0.00986	0.00830	0.16083	0.01608	0.49868	0.01860	0.07783	0.01336	0.00705	0.00527	0.00161	0.00476	0.00573	0.00573	0.03755
4	0.00756	0.00601	0.00673	0.00645	0.00803	0.00565	0.00478	0.01071	0.09564	0.01735	0.31247	0.04204	0.36984	0.07412	0.00776	0.00200	0.00297	0.00974	0.00516	0.00498
5	0.00747	0.00724	0.05808	0.06947	0.01154	0.00594	0.02929	0.00953	0.01188	0.01579	0.19337	0.28169	0.23037	0.01212	0.00618	0.00184	0.00366	0.01069	0.00461	0.02924
6	0.01708	0.06226	0.12203	0.01371	0.05686	0.06241	0.08901	0.16771	0.13037	0.20273	0.01458	0.01454	0.01033	0.00589	0.00522	0.00162	0.00610	0.00491	0.00443	0.00820
7	0.00668	0.00483	0.00634	0.00743	0.00785	0.00458	0.00501	0.00806	0.03250	0.01403	0.05686	0.75894	0.03497	0.01607	0.00669	0.00212	0.00308	0.01456	0.00496	0.00444
8	0.80340	0.00992	0.00761	0.00684	0.00999	0.01146	0.00561	0.01536	0.00912	0.02349	0.00793	0.00922	0.00617	0.00498	0.00330	0.00161	0.00400	0.00298	0.05135	0.00568
9	0.05231	0.00777	0.00974	0.07697	0.01241	0.05202	0.03663	0.01034	0.01033	0.01428	0.02101	0.49168	0.02392	0.01287	0.02109	0.00207	0.07145	0.01071	0.00402	0.05839
10	0.01204	0.03145	0.01782	0.14571	0.32403	0.01086	0.09156	0.03661	0.01210	0.06011	0.01478	0.13368	0.01397	0.00742	0.00569	0.00177	0.00597	0.06406	0.00338	0.00699
11	0.00758	0.00562	0.00828	0.00843	0.00933	0.00640	0.00655	0.00939	0.00883	0.01253	0.01607	0.06342	0.01586	0.06544	0.66455	0.00758	0.01255	0.06382	0.00311	0.00465
12	0.02020	0.01029	0.01444	0.01114	0.01505	0.00973	0.08945	0.16635	0.01627	0.48470	0.01894	0.08984	0.01377	0.00721	0.00554	0.00169	0.00510	0.00621	0.00573	0.00836
13	0.01515	0.04611	0.20109	0.06052	0.12031	0.14149	0.01310	0.13945	0.07908	0.07164	0.01205	0.01409	0.00927	0.00593	0.00543	0.00163	0.02650	0.02599	0.00351	0.00765
14	0.52652	0.04955	0.01043	0.12026	0.02794	0.01172	0.00750	0.01417	0.00930	0.01956	0.00953	0.05989	0.00863	0.05221	0.00599	0.00190	0.05190	0.00427	0.00312	0.00562
15	0.01447	0.03402	0.17536	0.04879	0.17109	0.01262	0.03132	0.20943	0.01532	0.08681	0.07167	0.03829	0.01243	0.00643	0.00595	0.00167	0.04742	0.00528	0.00385	0.00778
16	0.00684	0.00546	0.00610	0.00605	0.00746	0.00494	0.00448	0.00836	0.01218	0.01561	0.19953	0.11065	0.48841	0.04438	0.00736	0.00192	0.02623	0.01065	0.02884	0.00456
17	0.01370	0.13840	0.01567	0.14100	0.01731	0.01245	0.04657	0.18766	0.07492	0.08157	0.08158	0.11252	0.03905	0.00769	0.00533	0.00165	0.00520	0.00649	0.00429	0.00694
18	0.80841	0.01100	0.00814	0.00730	0.01054	0.05237	0.00596	0.01583	0.00931	0.02316	0.00740	0.00864	0.00578	0.00494	0.00335	0.00162	0.00437	0.00289	0.00324	0.00575
19	0.24819	0.09363	0.01366	0.00956	0.01339	0.01350	0.00804	0.31290	0.01664	0.16218	0.01237	0.01243	0.00883	0.00579	0.00447	0.00154	0.00492	0.00415	0.04615	0.00767
20	0.01882	0.06430	0.01572	0.01322	0.01599	0.62604	0.01019	0.07827	0.03165	0.01469	0.00869	0.01008	0.00719	0.00575	0.00555	0.00144	0.05946	0.00361	0.00293	0.00641
21	0.01766	0.11416	0.07709	0.07317	0.03541	0.06130	0.04721	0.06382	0.08571	0.32513	0.01561	0.03643	0.01120	0.00617	0.00510	0.00160	0.00569	0.00505	0.00458	0.00790
22	0.00998	0.00940	0.01586	0.80150	0.03641	0.01175	0.01468	0.01351	0.01057	0.01351	0.00940	0.01409	0.00705	0.00529	0.00529	0.00176	0.00705	0.00470	0.00235	0.00587
23	0.01141	0.00629	0.00676	0.00628	0.00799	0.00640	0.00488	0.07212	0.04735	0.06411	0.05717	0.02158	0.01580	0.00680	0.00425	0.00138	0.00301	0.03285	0.61793	0.00563
24	0.01066	0.00742	0.01025	0.18430	0.05285	0.00752	0.00802	0.01360	0.05207	0.13190	0.18481	0.08025	0.21631	0.00948	0.00583	0.00174	0.00416	0.00818	0.00469	0.00595
25	0.06186	0.00945	0.01190	0.00941	0.01297	0.00905	0.00764	0.13701	0.01534	0.52152	0.01814	0.01798	0.01249	0.06035	0.06793	0.00238	0.00547	0.00529	0.00569	0.00813
26	0.00810	0.00581	0.00803	0.00921	0.01029	0.00574	0.00778	0.01025	0.01182	0.01538	0.02891	0.18645	0.05251	0.01490	0.00718	0.00237	0.00450	0.60113	0.00488	0.00476
27	0.00679	0.00495	0.00647	0.00752	0.00816	0.00463	0.00541	0.00805	0.01080	0.01417	0.05182	0.58453	0.11362	0.01574	0.00677	0.00214	0.00331	0.13574	0.00493	0.00443
28	0.01419	0.04495	0.07959	0.10389	0.07887	0.06186	0.13109	0.02002	0.18491	0.13575	0.01506	0.04412	0.01174	0.00639	0.00574	0.00172	0.02704	0.02169	0.00391	0.00745
29	0.01965	0.00846	0.01076	0.00860	0.01197	0.00781	0.00699	0.05918	0.05479	0.52701	0.03953	0.01874	0.01410	0.00660	0.00500	0.00156	0.00407	0.00535	0.18182	0.00801
30	0.00770	0.00506	0.00580	0.00593	0.00611	0.00500	0.00352	0.00810	0.00854	0.01182	0.04828	0.12866	0.02192	0.62195	0.02182	0.00432	0.00456	0.00845	0.06895	0.00354
31	0.02565	0.02126	0.01896	0.07323	0.35480	0.01129	0.13367	0.03348	0.02263	0.08150	0.05476	0.03882	0.07150	0.00636	0.00586	0.00168	0.02777	0.00599	0.00344	0.00736
32	0.01346	0.02287	0.14990	0.03780	0.06229	0.06851	0.17464	0.06221	0.10227	0.09816	0.01744	0.06441	0.07836	0.00687	0.00572	0.00172	0.01616	0.00618	0.00379	0.00724
33	0.00940	0.00620	0.00768	0.00711	0.00862	0.00589	0.00527	0.04105	0.04216	0.08400	0.45104	0.10198	0.09907	0.09690	0.00835	0.00208	0.00320	0.00927	0.00541	0.00532
34	0.00662	0.00525	0.00595	0.00603	0.00743	0.00458	0.00443	0.00821	0.01254	0.01606	0.24933	0.16909	0.45939	0.01318	0.00632	0.00181	0.00269	0.01134	0.00516	0.00458
35	0.10171	0.08137	0.09317	0.06510	0.13171	0.05111	0.15236	0.03887	0.01229	0.12556	0.01232	0.05330	0.01002	0.00599	0.00545	0.00167	0.02611	0.02131	0.00341	0.00717
36	0.01443	0.57199	0.07879	0.06034	0.01609	0.01885	0.01027	0.12188	0.03574	0.01606	0.00882	0.00996	0.00739	0.00494	0.00396	0.00129	0.00587	0.00339	0.00279	0.00716
37	0.00759	0.00553	0.00783	0.00783	0.00855	0.00625	0.00578	0.00901	0.00830	0.01178	0.01477	0.02414	0.01468	0.22828	0.60663	0.00768	0.01196	0.00616	0.00292	0.00435
38	0.01198	0.05352	0.16997	0.01281	0.05560	0.01112	0.09257	0.08060	0.10279	0.04931	0.13124	0.02037	0.07778	0.00696	0.00579	0.00162	0.03364	0.00593	0.00394	0.07246
39	0.01113	0.00974	0.05932	0.03845	0.01285	0.00870	0.00762	0.05328	0.19817	0.04703	0.07778	0.15241	0.03682	0.00811	0.00521	0.00155	0.00408	0.00692	0.06318	0.19766
40	0.01213	0.00984	0.01164	0.00869	0.01301	0.00835	0.02637	0.06293	0.09003	0.04133	0.01161	0.01270	0.00920	0.00461	0.00424	0.00101	0.00414	0.00376	0.04519	0.61924
41	0.01281	0.01353	0.12486	0.01129	0.05840	0.05933	0.00950	0.08012	0.08499	0.04882	0.05731	0.02375	0.01156	0.00540	0.00469	0.00126	0.00509	0.00437	0.00366	0.37926
42	0.08933	0.34198	0.03888	0.01051	0.01430	0.17495	0.00918	0.06704	0.17433	0.01703	0.01093	0.01143	0.00882	0.00544	0.00425	0.00141	0.00606	0.00377	0.00330	0.00706
43	0.03978	0.03482	0.04386	0.01944	0.31355	0.09651	0.01201	0.09072	0.14229	0.09893	0.03479	0.01471	0.01105	0.00581	0.00532	0.00160	0.01813	0.00486	0.00384	0.00798

[dist]
# distance from previous block
# <min> <max>
0	27

[block]
# block no. 1 follows, 46 sequences, length 8
# corresponding to MSA columns:
# 1061-1068
name=unknown_B
#
# <colnr> <probs for GDERKNQSTAVLIFYWHMCP>
#	G	D	E	R	K	N	Q	S	T	A	V	L	I	F	Y	W	H	M	C	P
0	0.02965	0.29111	0.06698	0.01068	0.01457	0.01413	0.07426	0.10538	0.08486	0.06997	0.09452	0.04645	0.03858	0.00685	0.00492	0.00154	0.00530	0.02935	0.00389	0.00701
1	0.00875	0.00555	0.00730	0.00753	0.00862	0.00529	0.00555	0.01023	0.01125	0.09132	0.12912	0.31321	0.09966	0.08723	0.10560	0.00307	0.00483	0.08620	0.00478	0.00489
2	0.03644	0.01005	0.01403	0.43998	0.02563	0.03460	0.01164	0.12095	0.01289	0.08742	0.01267	0.07832	0.01047	0.00873	0.05601	0.00218	0.02261	0.00556	0.00343	0.00640
3	0.01263	0.01217	0.03946	0.26718	0.02227	0.10930	0.09413	0.01556	0.03794	0.07588	0.01219	0.03365	0.01048	0.05758	0.00883	0.02034	0.11833	0.04286	0.00310	0.00610
4	0.01328	0.40610	0.09161	0.07471	0.01680	0.01667	0.04969	0.01558	0.01070	0.06505	0.01033	0.01218	0.03446	0.00596	0.00668	0.00154	0.15523	0.00405	0.00268	0.00670
5	0.00656	0.00477	0.00608	0.00698	0.00750	0.00441	0.00470	0.00757	0.01050	0.01386	0.07731	0.62429	0.12336	0.06590	0.00792	0.00226	0.00311	0.01377	0.00486	0.00429
6	0.01405	0.43982	0.05352	0.00953	0.01342	0.01591	0.00883	0.06544	0.12709	0.07808	0.06076	0.06706	0.01343	0.00642	0.00444	0.00143	0.00507	0.00491	0.00367	0.00711
7	0.04590	0.01292	0.01804	0.08418	0.26825	0.09477	0.07125	0.01597	0.01138	0.06372	0.03698	0.01355	0.00936	0.00638	0.00851	0.00179	0.22239	0.00481	0.00291	0.00695

[dist]
# distance from previous block
# <min> <max>
0	1

[block]
# block no. 2 follows, 46 sequences, length 10
# corresponding to MSA columns:
# 1070-1079
name=unknown_C
#
# <colnr> <probs for GDERKNQSTAVLIFYWHMCP>
#	G	D	E	R	K	N	Q	S	T	A	V	L	I	F	Y	W	H	M	C	P
0	0.01057	0.00843	0.01203	0.12600	0.11260	0.00941	0.00915	0.04036	0.04631	0.04709	0.22003	0.05018	0.03785	0.01056	0.06487	0.00224	0.11326	0.00667	0.06633	0.00605
1	0.00672	0.00463	0.00604	0.00716	0.00755	0.00435	0.00481	0.00776	0.01020	0.01400	0.02817	0.74643	0.03322	0.01572	0.00650	0.00207	0.00302	0.01421	0.07311	0.00435
2	0.01271	0.10069	0.01877	0.17899	0.35761	0.04265	0.01320	0.06970	0.01244	0.01651	0.01307	0.01561	0.07052	0.00590	0.00576	0.00161	0.04920	0.00497	0.00289	0.00720
3	0.01311	0.01249	0.09740	0.01204	0.07133	0.00995	0.04987	0.07558	0.11389	0.07605	0.01224	0.01314	0.00935	0.00494	0.00466	0.00125	0.00501	0.00417	0.00369	0.40983
4	0.01290	0.01090	0.01534	0.01268	0.01529	0.09385	0.19707	0.07872	0.01289	0.09002	0.01729	0.19909	0.01682	0.00986	0.00748	0.06779	0.02923	0.07302	0.03373	0.00602
5	0.00851	0.00559	0.00659	0.00635	0.00744	0.00526	0.00441	0.00957	0.01063	0.07360	0.12463	0.03822	0.24156	0.34035	0.07302	0.00363	0.00470	0.02724	0.00430	0.00440
6	0.01432	0.01352	0.02555	0.02127	0.14683	0.01316	0.46325	0.10454	0.04901	0.07613	0.01206	0.01442	0.00894	0.00500	0.00586	0.00171	0.00758	0.00574	0.00338	0.00774
7	0.00782	0.00582	0.00796	0.00778	0.00842	0.00654	0.00569	0.00916	0.00893	0.01265	0.09720	0.02643	0.01863	0.26862	0.43162	0.00638	0.05609	0.00664	0.00324	0.00435
8	0.00692	0.00468	0.00619	0.00706	0.00747	0.00437	0.00475	0.00730	0.00974	0.01280	0.02815	0.58396	0.11080	0.01655	0.00922	0.15566	0.00330	0.01271	0.00443	0.00395
9	0.01086	0.01100	0.07039	0.00940	0.01229	0.03820	0.00785	0.01994	0.41873	0.01912	0.08446	0.02878	0.22926	0.00893	0.00563	0.00176	0.00412	0.00742	0.00494	0.00691

[dist]
# distance from previous block
# <min> <max>
0	1

[block]
# block no. 3 follows, 46 sequences, length 19
# corresponding to MSA columns:
# 1081-1094,1124-1128
name=unknown_D
#
# <colnr> <probs for GDERKNQSTAVLIFYWHMCP>
#	G	D	E	R	K	N	Q	S	T	A	V	L	I	F	Y	W	H	M	C	P
0	0.01305	0.29993	0.12946	0.11286	0.19147	0.05683	0.03940	0.03246	0.02466	0.01506	0.00921	0.01150	0.00761	0.00592	0.02843	0.00166	0.00683	0.00397	0.00252	0.00717
1	0.00997	0.00564	0.00600	0.04372	0.00818	0.00573	0.00455	0.04616	0.01179	0.01949	0.02031	0.02225	0.08990	0.00685	0.00410	0.00133	0.00286	0.00553	0.68055	0.00511
2	0.00998	0.00940	0.01586	0.80150	0.03641	0.01175	0.01468	0.01351	0.01057	0.01351	0.00940	0.01409	0.00705	0.00529	0.00529	0.00176	0.00705	0.00470	0.00235	0.00587
3	0.01229	0.01110	0.07625	0.00966	0.01421	0.00842	0.04944	0.01582	0.05980	0.09464	0.04640	0.01374	0.01070	0.00495	0.00480	0.00114	0.02416	0.00410	0.00362	0.53476
4	0.01074	0.01005	0.01340	0.01130	0.01270	0.01204	0.00919	0.01221	0.00918	0.01412	0.01047	0.11282	0.01075	0.00864	0.01212	0.00185	0.47139	0.00551	0.00288	0.24862
5	0.09312	0.01374	0.01411	0.01123	0.01504	0.03329	0.00916	0.54161	0.13161	0.02980	0.01358	0.01356	0.00987	0.00631	0.00504	0.00160	0.00538	0.00474	0.03882	0.00838
6	0.00987	0.00613	0.00772	0.05049	0.01002	0.00558	0.00557	0.01160	0.01311	0.14026	0.28619	0.03753	0.31980	0.01129	0.00695	0.05523	0.00327	0.00891	0.00517	0.00531
7	0.28845	0.01239	0.01242	0.00986	0.01377	0.01349	0.00810	0.38227	0.05258	0.05807	0.01137	0.01173	0.00831	0.00568	0.00450	0.00153	0.00494	0.00406	0.00447	0.09200
8	0.00890	0.00652	0.00880	0.00982	0.01118	0.00667	0.00851	0.01237	0.07485	0.01634	0.02746	0.05634	0.02925	0.01399	0.00714	0.00238	0.00481	0.68461	0.00491	0.00516
9	0.61042	0.01123	0.00885	0.00794	0.01099	0.09371	0.00634	0.01648	0.01034	0.09816	0.01060	0.07583	0.00899	0.00609	0.00392	0.00165	0.00462	0.00417	0.00368	0.00598
10	0.01917	0.02056	0.01466	0.09206	0.01782	0.56320	0.01031	0.02085	0.01436	0.13873	0.01032	0.01143	0.00786	0.00572	0.00529	0.00148	0.03246	0.00388	0.00330	0.00656
11	0.02034	0.00854	0.01122	0.00897	0.01255	0.00759	0.00727	0.02307	0.06249	0.61659	0.02464	0.06517	0.09140	0.00782	0.00549	0.00169	0.00422	0.00648	0.00622	0.00824
12	0.00734	0.00599	0.00694	0.00673	0.00771	0.00606	0.00486	0.00837	0.01054	0.01350	0.08462	0.10414	0.39144	0.20838	0.01266	0.00269	0.09973	0.00974	0.00424	0.00433
13	0.01220	0.01312	0.09436	0.28363	0.27139	0.02939	0.01426	0.04402	0.15079	0.01731	0.01189	0.01435	0.00917	0.00546	0.00525	0.00168	0.00636	0.00483	0.00309	0.00745
14	0.01023	0.00796	0.01115	0.16142	0.05185	0.00914	0.00848	0.07188	0.01040	0.02933	0.01364	0.02363	0.01341	0.24409	0.13548	0.04605	0.09092	0.05266	0.00316	0.00511
15	0.00691	0.00504	0.00653	0.00723	0.00790	0.00476	0.00501	0.00868	0.03584	0.01570	0.21511	0.57143	0.06058	0.01474	0.00656	0.00200	0.00295	0.01327	0.00515	0.00460
16	0.01064	0.01002	0.01691	0.56641	0.22999	0.01164	0.01467	0.01396	0.01094	0.01449	0.01038	0.04788	0.00859	0.00562	0.00533	0.00173	0.00668	0.00514	0.00253	0.00646
17	0.07185	0.01243	0.01301	0.13681	0.03324	0.15522	0.00966	0.06490	0.06098	0.04051	0.01312	0.12726	0.01248	0.05258	0.00893	0.00201	0.16947	0.00606	0.00342	0.00604
18	0.04727	0.00759	0.00950	0.03984	0.01092	0.00805	0.00666	0.05453	0.02951	0.12726	0.25543	0.06915	0.08457	0.07873	0.00891	0.00205	0.10141	0.00756	0.04527	0.00578

[dist]
# distance from previous block
# <min> <max>
0	1

[block]
# block no. 4 follows, 46 sequences, length 7
# corresponding to MSA columns:
# 1130-1136
name=unknown_E
#
# <colnr> <probs for GDERKNQSTAVLIFYWHMCP>
#	G	D	E	R	K	N	Q	S	T	A	V	L	I	F	Y	W	H	M	C	P
0	0.00769	0.00558	0.00636	0.00605	0.00777	0.00484	0.00458	0.00948	0.01327	0.06081	0.31043	0.04493	0.47501	0.01208	0.00619	0.00173	0.00272	0.01025	0.00533	0.00491
1	0.17347	0.01069	0.01170	0.00967	0.01301	0.03574	0.00780	0.14840	0.09236	0.31980	0.01687	0.08367	0.01282	0.00719	0.00544	0.00170	0.03115	0.00559	0.00520	0.00772
2	0.01623	0.01368	0.01543	0.05163	0.15608	0.08141	0.01084	0.28677	0.21744	0.04784	0.01472	0.01608	0.01130	0.00641	0.00532	0.00166	0.00578	0.02869	0.00449	0.00819
3	0.00832	0.00645	0.00750	0.00774	0.00907	0.00642	0.00563	0.06061	0.11575	0.01651	0.05937	0.42655	0.19990	0.01362	0.00635	0.00197	0.00335	0.03461	0.00503	0.00524
4	0.01371	0.26830	0.04958	0.01176	0.09223	0.05189	0.00925	0.06871	0.03513	0.05177	0.01072	0.04567	0.00920	0.00525	0.00430	0.00122	0.00528	0.00406	0.00320	0.25877
5	0.01094	0.01065	0.05823	0.15558	0.01759	0.00935	0.00920	0.03710	0.01125	0.01676	0.04705	0.01307	0.00963	0.00520	0.00577	0.00124	0.08659	0.00399	0.00305	0.48777
6	0.01370	0.26694	0.28513	0.05879	0.01858	0.09493	0.01306	0.05604	0.09331	0.03733	0.01045	0.01152	0.00805	0.00527	0.00457	0.00149	0.00670	0.00387	0.00291	0.00736

[dist]
# distance from previous block
# <min> <max>
2	11

[block]
# block no. 5 follows, 46 sequences, length 13
# corresponding to MSA columns:
# 1149-1161
name=unknown_F
#
# <colnr> <probs for GDERKNQSTAVLIFYWHMCP>
#	G	D	E	R	K	N	Q	S	T	A	V	L	I	F	Y	W	H	M	C	P
0	0.06487	0.01176	0.01999	0.15656	0.51091	0.01216	0.08233	0.01555	0.01176	0.01717	0.03977	0.01411	0.00958	0.00503	0.00525	0.00163	0.00636	0.00492	0.00274	0.00755
1	0.01392	0.05400	0.18176	0.13392	0.11100	0.05763	0.05571	0.06985	0.07022	0.11870	0.03451	0.05179	0.01129	0.00615	0.00526	0.00166	0.00635	0.00526	0.00360	0.00743
2	0.01224	0.01220	0.11320	0.11014	0.06494	0.04708	0.04539	0.06659	0.05959	0.08547	0.10729	0.04283	0.05092	0.04779	0.02488	0.00207	0.05148	0.03499	0.01432	0.00657
3	0.00658	0.00502	0.00604	0.00652	0.00753	0.00449	0.00461	0.00795	0.01175	0.01528	0.18443	0.39310	0.29899	0.01432	0.00647	0.00193	0.00282	0.01260	0.00509	0.00449
4	0.00879	0.00883	0.08303	0.13145	0.06302	0.00763	0.03820	0.01182	0.04351	0.01581	0.07370	0.28907	0.06945	0.01047	0.00586	0.00185	0.00456	0.04389	0.08349	0.00555
5	0.05945	0.23717	0.33724	0.04973	0.01902	0.01426	0.06829	0.01683	0.06298	0.03313	0.01060	0.03189	0.00855	0.02334	0.00514	0.00163	0.00656	0.00430	0.00274	0.00715
6	0.05023	0.01679	0.31456	0.05006	0.05080	0.01152	0.01304	0.06870	0.10322	0.11810	0.01354	0.03932	0.01024	0.00625	0.00575	0.00170	0.05271	0.00489	0.06106	0.00753
7	0.00699	0.00537	0.00609	0.00647	0.00790	0.00480	0.00501	0.00860	0.01183	0.01504	0.06340	0.15172	0.46240	0.01348	0.00634	0.00192	0.00313	0.15268	0.06227	0.00456
8	0.01297	0.50667	0.12594	0.01208	0.04867	0.03211	0.06526	0.01543	0.01087	0.01363	0.00934	0.05996	0.00871	0.00564	0.00495	0.00141	0.05291	0.00418	0.00248	0.00679
9	0.01461	0.09939	0.18230	0.17619	0.02192	0.01181	0.10464	0.04170	0.01267	0.21277	0.01356	0.01670	0.01014	0.00599	0.00528	0.00168	0.00646	0.05114	0.00368	0.00737
10	0.00754	0.00549	0.00753	0.00753	0.00821	0.00606	0.00545	0.00882	0.00839	0.01172	0.01648	0.02623	0.04510	0.27860	0.52496	0.00719	0.01091	0.00651	0.00303	0.00424
11	0.00821	0.00712	0.05299	0.06147	0.01097	0.00585	0.00657	0.01036	0.01261	0.05760	0.21955	0.11372	0.32667	0.01175	0.00619	0.00183	0.00355	0.07296	0.00488	0.00515
12	0.01197	0.01655	0.19915	0.11060	0.04952	0.04700	0.29103	0.01648	0.04592	0.01589	0.01002	0.01310	0.00776	0.00563	0.00749	0.00182	0.13542	0.00508	0.00260	0.00698

[dist]
# distance from previous block
# <min> <max>
0	6

[block]
# block no. 6 follows, 46 sequences, length 18
# corresponding to MSA columns:
# 1168-1185
name=unknown_G
#
# <colnr> <probs for GDERKNQSTAVLIFYWHMCP>
#	G	D	E	R	K	N	Q	S	T	A	V	L	I	F	Y	W	H	M	C	P
0	0.01345	0.02103	0.39143	0.01602	0.11027	0.08227	0.01528	0.12887	0.10388	0.01941	0.01123	0.01251	0.00838	0.00564	0.00558	0.00166	0.03769	0.00436	0.00315	0.00789
1	0.01068	0.01029	0.01553	0.70666	0.03381	0.04916	0.01401	0.01493	0.06585	0.01410	0.01021	0.01428	0.00769	0.00543	0.00527	0.00174	0.00696	0.00473	0.00259	0.00607
2	0.00691	0.00562	0.00618	0.00624	0.00783	0.00503	0.00470	0.00909	0.04789	0.01575	0.16231	0.11547	0.52085	0.01304	0.00631	0.00183	0.00288	0.05226	0.00507	0.00474
3	0.01009	0.09545	0.13793	0.03205	0.01489	0.03619	0.09872	0.01433	0.10450	0.01620	0.09957	0.23795	0.06158	0.00943	0.00571	0.00177	0.00517	0.00838	0.00395	0.00614
4	0.00716	0.00505	0.00663	0.00738	0.00780	0.00503	0.00512	0.00815	0.00953	0.01278	0.02383	0.41743	0.02753	0.22496	0.11430	0.00378	0.00526	0.09995	0.00419	0.00414
5	0.02253	0.00922	0.01227	0.00936	0.01351	0.00799	0.00772	0.04832	0.01509	0.69634	0.01963	0.01723	0.01251	0.00632	0.00520	0.00156	0.00449	0.00511	0.00622	0.07938
6	0.11853	0.09118	0.01465	0.01225	0.08174	0.02799	0.04489	0.18376	0.01498	0.11692	0.04359	0.02306	0.01467	0.00756	0.00527	0.00172	0.00526	0.15240	0.03252	0.00706
7	0.01180	0.07228	0.14576	0.18997	0.20826	0.02894	0.06736	0.03610	0.08610	0.01653	0.01373	0.03606	0.05238	0.00595	0.00525	0.00166	0.00641	0.00527	0.00300	0.00717
8	0.01662	0.01042	0.09348	0.01076	0.04907	0.00845	0.00895	0.01978	0.05418	0.40121	0.14581	0.08113	0.01987	0.00795	0.00616	0.00172	0.04485	0.00659	0.00538	0.00762
9	0.00721	0.00570	0.00637	0.00622	0.00781	0.00511	0.00464	0.04080	0.01323	0.01699	0.25539	0.12284	0.46338	0.01267	0.00625	0.00178	0.00280	0.01082	0.00518	0.00479
10	0.04966	0.00939	0.01144	0.00913	0.01252	0.00914	0.00742	0.17166	0.03432	0.40565	0.14254	0.02026	0.01811	0.00713	0.00527	0.00160	0.00427	0.00580	0.06679	0.00791
11	0.01282	0.07595	0.15248	0.13234	0.33638	0.04661	0.07498	0.01702	0.05017	0.03618	0.01044	0.01295	0.00820	0.00501	0.00514	0.00160	0.00680	0.00457	0.00274	0.00763
12	0.01087	0.01214	0.06779	0.07056	0.03991	0.15928	0.04049	0.01302	0.01192	0.01513	0.17459	0.11788	0.03861	0.07416	0.06011	0.00245	0.07479	0.00717	0.00363	0.00550
13	0.20381	0.00920	0.01065	0.00872	0.01216	0.00899	0.00704	0.06090	0.05410	0.40284	0.05586	0.07910	0.01476	0.00710	0.00497	0.00165	0.00422	0.00567	0.00538	0.04289
14	0.03799	0.00890	0.01290	0.03596	0.01413	0.00880	0.12344	0.08583	0.05948	0.17318	0.07554	0.09979	0.04962	0.00828	0.00557	0.00173	0.00473	0.06372	0.12377	0.00664
15	0.01508	0.07512	0.16839	0.01225	0.01680	0.05561	0.03890	0.28126	0.15957	0.02297	0.01352	0.04677	0.01060	0.00628	0.00511	0.00158	0.00598	0.00500	0.00411	0.05510
16	0.01297	0.01185	0.02048	0.02810	0.60717	0.01167	0.08104	0.01599	0.01213	0.05568	0.01304	0.05945	0.03487	0.00573	0.00544	0.00163	0.00613	0.00566	0.00302	0.00794
17	0.00646	0.00525	0.00573	0.00585	0.00733	0.00451	0.00430	0.00791	0.01219	0.01518	0.15684	0.16441	0.55864	0.01349	0.00632	0.00182	0.00271	0.01151	0.00504	0.00451

[dist]
# distance from previous block
# <min> <max>
0	10

[block]
# block no. 7 follows, 46 sequences, length 11
# corresponding to MSA columns:
# 1196-1206
name=unknown_H
#
# <colnr> <probs for GDERKNQSTAVLIFYWHMCP>
#	G	D	E	R	K	N	Q	S	T	A	V	L	I	F	Y	W	H	M	C	P
0	0.01460	0.05666	0.04092	0.15872	0.04527	0.15433	0.12046	0.16087	0.03767	0.03014	0.06135	0.01443	0.01085	0.00584	0.00553	0.00158	0.02694	0.00490	0.01554	0.03338
1	0.08257	0.38316	0.06931	0.03490	0.04799	0.12678	0.00987	0.04095	0.01216	0.09586	0.00954	0.01059	0.00764	0.00559	0.01726	0.00146	0.00626	0.00350	0.00300	0.03162
2	0.61788	0.04633	0.07226	0.00955	0.06006	0.03564	0.00780	0.01572	0.00974	0.02154	0.00785	0.00925	0.00618	0.00484	0.00363	0.00155	0.00474	0.00309	0.00308	0.05927
3	0.01368	0.65277	0.07581	0.01132	0.01617	0.01929	0.11759	0.01605	0.01102	0.01335	0.00796	0.00948	0.00696	0.00454	0.00390	0.00126	0.00626	0.00338	0.00232	0.00690
4	0.00740	0.00540	0.00695	0.00657	0.00785	0.00495	0.00492	0.00982	0.01477	0.02074	0.73074	0.04024	0.09787	0.01098	0.00624	0.00167	0.00251	0.00967	0.00576	0.00495
5	0.00675	0.00527	0.00602	0.00603	0.00736	0.00465	0.00438	0.00832	0.01246	0.01612	0.27710	0.13802	0.41099	0.06359	0.00761	0.00200	0.00282	0.01090	0.00509	0.00453
6	0.00661	0.00477	0.00627	0.00727	0.00778	0.00443	0.00500	0.00775	0.01076	0.01436	0.10230	0.67018	0.07512	0.01577	0.00669	0.00209	0.00306	0.04040	0.00499	0.00439
7	0.01279	0.01033	0.01122	0.01007	0.01284	0.01164	0.00782	0.02521	0.61954	0.05866	0.13727	0.02266	0.02115	0.00770	0.00551	0.00177	0.00394	0.00649	0.00550	0.00788
8	0.00749	0.00547	0.00741	0.00741	0.00813	0.00598	0.00536	0.00875	0.00853	0.01181	0.01808	0.02742	0.07637	0.27514	0.49518	0.00692	0.01047	0.00672	0.00311	0.00423
9	0.56231	0.01029	0.00965	0.00804	0.01161	0.01117	0.00663	0.08210	0.01197	0.22522	0.01137	0.01142	0.00794	0.00546	0.00398	0.00163	0.00434	0.00367	0.00431	0.00687
10	0.01131	0.01068	0.05558	0.24190	0.12442	0.01143	0.04431	0.06302	0.01125	0.03739	0.01128	0.01585	0.00941	0.01275	0.16116	0.00311	0.11955	0.01940	0.02984	0.00637

[dist]
# distance from previous block
# <min> <max>
0	1

[block]
# block no. 8 follows, 46 sequences, length 11
# corresponding to MSA columns:
# 1208-1218
name=unknown_I
#
# <colnr> <probs for GDERKNQSTAVLIFYWHMCP>
#	G	D	E	R	K	N	Q	S	T	A	V	L	I	F	Y	W	H	M	C	P
0	0.04896	0.01426	0.05221	0.01152	0.01570	0.04703	0.00978	0.46377	0.07716	0.18374	0.01448	0.01395	0.01004	0.00629	0.00520	0.00161	0.00562	0.00480	0.00522	0.00865
1	0.03318	0.20191	0.21301	0.01164	0.01619	0.14919	0.01156	0.07512	0.06147	0.04417	0.01128	0.01396	0.00926	0.00744	0.04451	0.00184	0.00703	0.04012	0.00314	0.04399
2	0.01299	0.00765	0.00975	0.05099	0.01184	0.00744	0.00678	0.11532	0.01537	0.20286	0.32086	0.11468	0.08209	0.00970	0.00589	0.00171	0.00374	0.00835	0.00557	0.00642
3	0.00686	0.00535	0.00623	0.00607	0.00753	0.00471	0.00453	0.00875	0.01341	0.01765	0.40869	0.07420	0.39258	0.01224	0.00626	0.00174	0.00260	0.01052	0.00536	0.00471
4	0.01215	0.05188	0.38853	0.12667	0.05879	0.03442	0.03686	0.03213	0.05274	0.07398	0.01197	0.04223	0.00943	0.03841	0.00603	0.00181	0.00686	0.00485	0.00299	0.00728
5	0.01375	0.04290	0.07801	0.06866	0.11612	0.04873	0.04360	0.08906	0.01362	0.14078	0.08416	0.09978	0.01709	0.00808	0.00621	0.00177	0.04462	0.07196	0.00415	0.00694
6	0.00841	0.00559	0.00705	0.00727	0.00844	0.00521	0.00522	0.01056	0.05041	0.07865	0.20895	0.42478	0.13229	0.01350	0.00638	0.00193	0.00305	0.01198	0.00528	0.00507
7	0.00675	0.00473	0.00604	0.00697	0.00720	0.00450	0.00449	0.00744	0.00952	0.01270	0.02607	0.61993	0.03109	0.21268	0.01170	0.00288	0.00357	0.01322	0.00449	0.00403
8	0.01074	0.00782	0.01177	0.06842	0.16207	0.00795	0.02462	0.02937	0.01177	0.09593	0.07833	0.31453	0.02278	0.01134	0.02799	0.00205	0.03865	0.02964	0.03822	0.00602
9	0.01395	0.06846	0.22233	0.07982	0.13627	0.04771	0.08439	0.05060	0.04375	0.12123	0.01225	0.04177	0.00950	0.00587	0.00570	0.00166	0.03891	0.00496	0.00332	0.00756
10	0.01910	0.00850	0.01114	0.00911	0.01237	0.00791	0.00741	0.02226	0.08080	0.53306	0.06670	0.04585	0.03841	0.00777	0.00581	0.00171	0.02761	0.03951	0.04702	0.00796

[dist]
# distance from previous block
# <min> <max>
0	11

[block]
# block no. 9 follows, 46 sequences, length 19
# corresponding to MSA columns:
# 1230-1248
name=unknown_J
#
# <colnr> <probs for GDERKNQSTAVLIFYWHMCP>
#	G	D	E	R	K	N	Q	S	T	A	V	L	I	F	Y	W	H	M	C	P
0	0.02546	0.08043	0.06454	0.15498	0.04040	0.17191	0.10142	0.03770	0.02232	0.09264	0.04685	0.05876	0.06665	0.00671	0.00528	0.00162	0.00661	0.00568	0.00348	0.00655
1	0.17498	0.01115	0.04405	0.09171	0.19227	0.03002	0.01045	0.03137	0.01247	0.23038	0.05853	0.01551	0.02195	0.00598	0.00531	0.00164	0.03088	0.00481	0.00406	0.02251
2	0.03494	0.00924	0.01177	0.12679	0.08504	0.00987	0.00873	0.05245	0.22044	0.09365	0.12639	0.03412	0.09887	0.03934	0.00633	0.00183	0.00452	0.00664	0.00461	0.02444
3	0.01375	0.07721	0.06165	0.06770	0.11216	0.11365	0.03340	0.09789	0.12841	0.01847	0.02240	0.01381	0.02384	0.00546	0.00482	0.00140	0.00588	0.00443	0.00347	0.19020
4	0.00751	0.00507	0.00589	0.00603	0.00614	0.00501	0.00353	0.00778	0.00844	0.01133	0.06408	0.13618	0.02312	0.66182	0.02303	0.00453	0.00470	0.00876	0.00358	0.00345
5	0.00998	0.01109	0.09144	0.63259	0.03274	0.01149	0.04737	0.01368	0.01056	0.01388	0.00981	0.01430	0.00750	0.00773	0.06269	0.00224	0.00772	0.00476	0.00239	0.00603
6	0.00737	0.00535	0.00694	0.00664	0.00785	0.00492	0.00494	0.00972	0.01455	0.02044	0.70213	0.08579	0.08100	0.01126	0.00627	0.00170	0.00254	0.00996	0.00573	0.00492
7	0.00690	0.00526	0.00612	0.00606	0.00742	0.00464	0.00446	0.00835	0.01255	0.01626	0.30030	0.09807	0.41725	0.01308	0.00733	0.06327	0.00278	0.01040	0.00503	0.00448
8	0.00713	0.00532	0.00663	0.00645	0.00772	0.00482	0.00478	0.00925	0.01392	0.01907	0.56094	0.11401	0.19671	0.01187	0.00629	0.00173	0.00259	0.01040	0.00555	0.00482
9	0.00778	0.00550	0.00697	0.00654	0.00795	0.00499	0.00493	0.01009	0.01454	0.04273	0.64907	0.04054	0.15644	0.01106	0.00621	0.00168	0.00258	0.00967	0.00571	0.00503
10	0.08836	0.70114	0.02528	0.00904	0.01343	0.01987	0.00881	0.05776	0.01138	0.01460	0.00765	0.00873	0.00681	0.00466	0.00349	0.00120	0.00552	0.00294	0.00252	0.00681
11	0.11565	0.01281	0.01345	0.01051	0.01444	0.03279	0.00861	0.46327	0.01969	0.12945	0.01306	0.01311	0.00927	0.00599	0.00486	0.00151	0.00521	0.00447	0.05203	0.06983
12	0.01095	0.00945	0.01577	0.73036	0.05403	0.01151	0.01427	0.01437	0.01090	0.06368	0.01015	0.01432	0.00747	0.00535	0.00529	0.00175	0.00686	0.00474	0.00263	0.00614
13	0.01071	0.00910	0.01068	0.00774	0.01219	0.00690	0.00617	0.01307	0.01126	0.01752	0.06588	0.01306	0.01092	0.00442	0.00409	0.00085	0.00381	0.00360	0.00333	0.78472
14	0.09594	0.04408	0.07774	0.01294	0.09460	0.04172	0.00989	0.01354	0.01032	0.06504	0.01485	0.22749	0.01531	0.00952	0.00873	0.00194	0.22593	0.02089	0.00347	0.00607
15	0.01006	0.06759	0.01217	0.00997	0.01145	0.05505	0.07337	0.01161	0.01035	0.04476	0.03836	0.21248	0.01971	0.13466	0.12940	0.00340	0.08268	0.06414	0.00366	0.00513
16	0.12266	0.10065	0.51062	0.01306	0.01935	0.08176	0.01539	0.01726	0.01134	0.04898	0.00936	0.01071	0.00685	0.00506	0.00462	0.00159	0.00713	0.00368	0.00259	0.00734
17	0.77816	0.01154	0.00841	0.00754	0.01076	0.08078	0.00612	0.01603	0.00952	0.02277	0.00743	0.00867	0.00582	0.00496	0.00340	0.00161	0.00457	0.00291	0.00322	0.00576
18	0.01193	0.01275	0.12821	0.32007	0.28538	0.01137	0.01482	0.01544	0.01147	0.07191	0.01161	0.06092	0.00955	0.00581	0.00532	0.00170	0.00647	0.00525	0.00288	0.00714

[dist]
# distance from previous block
# <min> <max>
0	2

[block]
# block no. 10 follows, 46 sequences, length 7
# corresponding to MSA columns:
# 1251-1257
name=unknown_K
#
# <colnr> <probs for GDERKNQSTAVLIFYWHMCP>
#	G	D	E	R	K	N	Q	S	T	A	V	L	I	F	Y	W	H	M	C	P
0	0.01313	0.12593	0.04954	0.09496	0.31390	0.05064	0.07406	0.05391	0.01266	0.04505	0.05279	0.06652	0.01205	0.00603	0.00519	0.00158	0.00619	0.00544	0.00314	0.00728
1	0.00814	0.00610	0.00780	0.00867	0.00968	0.00621	0.00665	0.01164	0.12308	0.01556	0.02762	0.43814	0.03064	0.01451	0.00673	0.00219	0.00385	0.26272	0.00496	0.00509
2	0.00855	0.00570	0.00721	0.00746	0.00855	0.00537	0.00533	0.05315	0.01239	0.06697	0.16917	0.49784	0.10417	0.01394	0.00643	0.00196	0.00318	0.01241	0.00521	0.00502
3	0.08431	0.01395	0.10129	0.16436	0.15323	0.05564	0.06421	0.12315	0.05994	0.04574	0.01154	0.03641	0.00908	0.00565	0.00509	0.00162	0.00630	0.00482	0.00337	0.05030
4	0.01379	0.04550	0.05580	0.14562	0.05751	0.01079	0.00975	0.15877	0.05873	0.13453	0.09891	0.02055	0.05744	0.05036	0.05672	0.00226	0.00582	0.00585	0.00431	0.00698
5	0.00663	0.00473	0.00635	0.00757	0.00796	0.00445	0.00523	0.00768	0.01030	0.01370	0.02903	0.74348	0.03456	0.01639	0.00680	0.00217	0.00323	0.08047	0.00490	0.00435
6	0.01553	0.01065	0.01378	0.09231	0.01637	0.03309	0.05691	0.15648	0.10082	0.20691	0.05808	0.07070	0.04763	0.00850	0.02613	0.00192	0.06581	0.00630	0.00476	0.00733

[dist]
# distance from previous block
# <min> <max>
0	3

[block]
# block no. 11 follows, 46 sequences, length 17
# corresponding to MSA columns:
# 1261-1277
name=unknown_L
#
# <colnr> <probs for GDERKNQSTAVLIFYWHMCP>
#	G	D	E	R	K	N	Q	S	T	A	V	L	I	F	Y	W	H	M	C	P
0	0.01577	0.01038	0.07316	0.04742	0.07034	0.00926	0.00951	0.03730	0.02280	0.33341	0.03607	0.13981	0.03107	0.00827	0.00695	0.00178	0.10065	0.00670	0.00476	0.03460
1	0.61403	0.03704	0.01077	0.11209	0.06277	0.03493	0.00791	0.03715	0.01008	0.02159	0.00797	0.00973	0.00622	0.00499	0.00376	0.00162	0.00487	0.00329	0.00312	0.00605
2	0.00681	0.00521	0.00626	0.00645	0.00767	0.00466	0.00473	0.00850	0.01262	0.01661	0.30479	0.23122	0.31373	0.01328	0.00640	0.00185	0.00278	0.03656	0.00523	0.00462
3	0.01256	0.11615	0.09965	0.06956	0.01775	0.01238	0.09503	0.08401	0.01212	0.03032	0.00951	0.01162	0.00763	0.00516	0.00604	0.00137	0.09866	0.00400	0.00298	0.30348
4	0.01049	0.00633	0.00670	0.00629	0.00790	0.00657	0.00481	0.05735	0.10240	0.02100	0.12894	0.02220	0.01891	0.00697	0.00436	0.00138	0.00287	0.00572	0.57322	0.00558
5	0.05358	0.01089	0.01174	0.01018	0.01323	0.01215	0.00803	0.12644	0.48462	0.08260	0.10957	0.02045	0.01844	0.00734	0.00536	0.00173	0.00423	0.00604	0.00541	0.00798
6	0.00750	0.00557	0.00821	0.00828	0.00914	0.00639	0.00632	0.00922	0.00854	0.01223	0.01515	0.06629	0.01478	0.08151	0.70599	0.00795	0.01303	0.00631	0.00297	0.00461
7	0.00890	0.00603	0.00724	0.00687	0.00843	0.00563	0.00515	0.05764	0.01391	0.06232	0.35331	0.16350	0.20516	0.01151	0.00605	0.00174	0.00295	0.00998	0.05845	0.00523
8	0.09299	0.01083	0.05701	0.08801	0.01657	0.05463	0.14289	0.01283	0.01063	0.01545	0.01471	0.23531	0.01505	0.00897	0.00699	0.04235	0.05783	0.00736	0.00332	0.10629
9	0.00662	0.00491	0.00616	0.00698	0.00767	0.00454	0.00485	0.00774	0.01062	0.01384	0.05874	0.53037	0.19078	0.05431	0.03045	0.00239	0.00347	0.04641	0.00480	0.00434
10	0.05517	0.01985	0.04953	0.01293	0.01578	0.42379	0.01042	0.13254	0.08691	0.01752	0.00998	0.01129	0.00799	0.00623	0.00658	0.00159	0.11778	0.00402	0.00331	0.00678
11	0.13981	0.00989	0.01208	0.00940	0.01339	0.00942	0.00776	0.11587	0.01547	0.58449	0.01794	0.01601	0.01154	0.00629	0.00503	0.00163	0.00460	0.00490	0.00593	0.00854
12	0.01006	0.00567	0.00747	0.00751	0.00883	0.00512	0.00543	0.01150	0.01209	0.16879	0.15899	0.46590	0.08517	0.01334	0.00634	0.00194	0.00323	0.01187	0.00539	0.00536
13	0.01936	0.01243	0.01407	0.01084	0.01500	0.01286	0.00889	0.43130	0.07944	0.21850	0.01503	0.01436	0.01044	0.00617	0.00514	0.00152	0.00513	0.00480	0.00535	0.10936
14	0.00948	0.00623	0.00894	0.00847	0.00999	0.00662	0.00660	0.01136	0.00950	0.09637	0.01548	0.06971	0.01418	0.03199	0.60048	0.00679	0.01166	0.00603	0.00339	0.06671
15	0.01033	0.00797	0.06524	0.00812	0.01028	0.00662	0.00693	0.01269	0.01350	0.13807	0.37078	0.05457	0.16123	0.01041	0.00678	0.00178	0.05410	0.04960	0.00522	0.00576
16	0.00791	0.00567	0.00750	0.00849	0.00963	0.00550	0.00704	0.00994	0.01175	0.01540	0.03122	0.18480	0.13439	0.01436	0.00689	0.00224	0.00414	0.48321	0.04520	0.00472

[dist]
# distance from previous block
# <min> <max>
1	3

[block]
# block no. 12 follows, 46 sequences, length 32
# corresponding to MSA columns:
# 1281-1312
name=unknown_M
#
# <colnr> <probs for GDERKNQSTAVLIFYWHMCP>
#	G	D	E	R	K	N	Q	S	T	A	V	L	I	F	Y	W	H	M	C	P
0	0.05026	0.22078	0.27624	0.04899	0.01926	0.02920	0.10766	0.03728	0.07590	0.01644	0.01074	0.04163	0.00879	0.00561	0.00515	0.00159	0.02998	0.00454	0.00281	0.00714
1	0.01068	0.00611	0.00809	0.00719	0.00900	0.00554	0.00554	0.01308	0.01500	0.17157	0.62927	0.03526	0.04264	0.00997	0.00605	0.00166	0.00289	0.00872	0.00596	0.00578
2	0.01459	0.01207	0.01277	0.01105	0.01430	0.01382	0.00872	0.18096	0.61646	0.02444	0.01968	0.01826	0.01465	0.00700	0.00536	0.00175	0.00452	0.00572	0.00536	0.00850
3	0.01378	0.01234	0.01911	0.02667	0.54935	0.01228	0.01418	0.01631	0.04147	0.01876	0.05593	0.12229	0.01621	0.00826	0.00693	0.00207	0.04465	0.00701	0.00388	0.00850
4	0.00881	0.00571	0.00744	0.00683	0.00834	0.00520	0.00519	0.01122	0.01487	0.08569	0.68644	0.03810	0.07470	0.01054	0.00616	0.00167	0.00267	0.00926	0.00585	0.00531
5	0.00732	0.00512	0.00629	0.00670	0.00714	0.00497	0.00446	0.00815	0.00973	0.01298	0.09638	0.25453	0.06687	0.38073	0.03471	0.00362	0.00436	0.07785	0.00416	0.00393
6	0.00672	0.00484	0.00649	0.00740	0.00793	0.00461	0.00515	0.00796	0.01070	0.01444	0.12010	0.61845	0.04946	0.01744	0.06473	0.00256	0.00387	0.03788	0.00486	0.00443
7	0.78105	0.01061	0.00846	0.00739	0.01075	0.01224	0.00609	0.07897	0.01034	0.02453	0.00781	0.00894	0.00600	0.00503	0.00344	0.00163	0.00424	0.00302	0.00344	0.00600
8	0.06234	0.00889	0.01182	0.00916	0.01309	0.00784	0.00755	0.02456	0.01483	0.71416	0.05448	0.01852	0.01440	0.00666	0.00526	0.00164	0.00439	0.00539	0.00635	0.00866
9	0.01913	0.09117	0.08612	0.01199	0.04498	0.01349	0.01026	0.32959	0.05887	0.25867	0.01475	0.01416	0.01018	0.00609	0.00509	0.00158	0.00551	0.00473	0.00501	0.00862
10	0.06759	0.00984	0.01251	0.00964	0.01371	0.00914	0.00796	0.12331	0.01610	0.64419	0.01905	0.01678	0.01215	0.00643	0.00520	0.00163	0.00465	0.00511	0.00620	0.00882
11	0.00715	0.00509	0.00653	0.00729	0.00787	0.00485	0.00517	0.00833	0.01059	0.01407	0.10195	0.40867	0.07249	0.17195	0.01072	0.00271	0.00371	0.14193	0.00466	0.00426
12	0.00783	0.00581	0.00839	0.00899	0.00992	0.00565	0.04284	0.00951	0.01090	0.01436	0.02632	0.34057	0.02982	0.10451	0.00924	0.00260	0.00441	0.34919	0.00459	0.00457
13	0.03256	0.01345	0.01437	0.03748	0.01574	0.04399	0.00935	0.55668	0.02170	0.09411	0.05639	0.01485	0.01166	0.00651	0.00521	0.00158	0.00551	0.00500	0.04557	0.00830
14	0.01902	0.12804	0.01663	0.01303	0.01598	0.69275	0.01006	0.02042	0.01443	0.01287	0.00806	0.00940	0.00681	0.00533	0.00459	0.00133	0.00903	0.00333	0.00266	0.00621
15	0.85155	0.01022	0.00777	0.00695	0.01022	0.01186	0.00573	0.01554	0.00900	0.02372	0.00736	0.00859	0.00573	0.00491	0.00327	0.00164	0.00409	0.00286	0.00327	0.00573
16	0.03767	0.01109	0.01265	0.01010	0.01352	0.01161	0.00817	0.35712	0.07620	0.20915	0.15007	0.01981	0.01795	0.03290	0.00611	0.00174	0.00473	0.00588	0.00557	0.00798
17	0.01343	0.00673	0.00878	0.00764	0.00998	0.00599	0.00604	0.01556	0.01430	0.30366	0.33100	0.05454	0.12742	0.00979	0.00591	0.00171	0.00339	0.04369	0.02405	0.00638
18	0.00691	0.00510	0.00651	0.00685	0.00772	0.00480	0.00486	0.00842	0.01164	0.01572	0.26317	0.33678	0.15272	0.05920	0.08205	0.00270	0.00399	0.01145	0.00490	0.00452
19	0.23821	0.00990	0.01110	0.00885	0.01254	0.00993	0.00728	0.13386	0.01470	0.41594	0.01583	0.01486	0.01058	0.00606	0.00466	0.00160	0.00444	0.00456	0.06726	0.00784
20	0.01118	0.10853	0.01773	0.56035	0.05442	0.01250	0.04846	0.01438	0.01089	0.03648	0.00956	0.01326	0.00734	0.00507	0.00499	0.00160	0.00663	0.00444	0.00254	0.06963
21	0.01280	0.00746	0.00929	0.00791	0.01024	0.00708	0.00622	0.11156	0.01606	0.19954	0.44660	0.03189	0.09262	0.00944	0.00590	0.00166	0.00341	0.00807	0.00585	0.00640
22	0.85155	0.01022	0.00777	0.00695	0.01022	0.01186	0.00573	0.01554	0.00900	0.02372	0.00736	0.00859	0.00573	0.00491	0.00327	0.00164	0.00409	0.00286	0.00327	0.00573
23	0.01464	0.01119	0.01212	0.01064	0.01380	0.01262	0.00835	0.05227	0.65669	0.11339	0.02114	0.01928	0.01554	0.00707	0.00537	0.00177	0.00428	0.00586	0.00551	0.00846
24	0.04050	0.00981	0.01174	0.00939	0.01297	0.06549	0.00754	0.02338	0.01438	0.63423	0.01987	0.06038	0.01391	0.04362	0.00629	0.00180	0.00481	0.00575	0.00595	0.00820
25	0.16991	0.00681	0.00749	0.00726	0.00902	0.00695	0.00556	0.04830	0.01213	0.08292	0.14235	0.22856	0.02435	0.00997	0.00527	0.00175	0.00342	0.05633	0.16620	0.00545
26	0.00756	0.00536	0.00676	0.00641	0.00770	0.00494	0.00481	0.00996	0.01443	0.02052	0.66110	0.03894	0.10739	0.01067	0.00604	0.00164	0.00251	0.00934	0.06897	0.00494
27	0.02294	0.00917	0.01225	0.00951	0.01351	0.00817	0.00781	0.02594	0.07095	0.72861	0.02091	0.01812	0.01331	0.00659	0.00532	0.00165	0.00448	0.00537	0.00646	0.00895
28	0.00958	0.00622	0.00899	0.00916	0.01059	0.00595	0.04721	0.01160	0.01173	0.08741	0.02628	0.28268	0.04044	0.01318	0.00656	0.00212	0.00425	0.33481	0.07603	0.00520
29	0.01322	0.00861	0.01011	0.00926	0.01156	0.01952	0.00718	0.07965	0.21922	0.16982	0.10392	0.22682	0.02431	0.01030	0.00593	0.00186	0.00404	0.06236	0.00545	0.00685
30	0.02254	0.00865	0.01165	0.00903	0.01287	0.00753	0.00742	0.02462	0.01479	0.72001	0.02055	0.01814	0.01313	0.00651	0.00518	0.00160	0.00433	0.00528	0.07751	0.00865
31	0.07448	0.01133	0.01652	0.09029	0.19649	0.02940	0.05649	0.05271	0.01130	0.04527	0.01140	0.01782	0.01029	0.00789	0.01979	0.00202	0.24982	0.08694	0.00309	0.00665

[dist]
# distance from previous block
# <min> <max>
0	2

[block]
# block no. 13 follows, 46 sequences, length 32
# corresponding to MSA columns:
# 1315-1346
name=unknown_N
#
# <colnr> <probs for GDERKNQSTAVLIFYWHMCP>
#	G	D	E	R	K	N	Q	S	T	A	V	L	I	F	Y	W	H	M	C	P
0	0.02582	0.04989	0.01675	0.10129	0.03302	0.36409	0.04532	0.01699	0.01185	0.01331	0.00801	0.01092	0.00695	0.00656	0.00889	0.00173	0.26589	0.00407	0.00253	0.00610
1	0.00807	0.00653	0.00899	0.01061	0.13416	0.00608	0.00660	0.01035	0.01362	0.01866	0.45674	0.07063	0.20754	0.01064	0.00610	0.00170	0.00318	0.00936	0.00505	0.00539
2	0.01096	0.00940	0.01096	0.00783	0.01253	0.00705	0.00626	0.01331	0.01096	0.01723	0.00940	0.01096	0.00783	0.00392	0.00392	0.00078	0.00392	0.00313	0.00313	0.84653
3	0.00823	0.00567	0.00728	0.00695	0.00829	0.00528	0.00518	0.01088	0.04006	0.05490	0.59049	0.13768	0.07621	0.01134	0.00623	0.00173	0.00273	0.01002	0.00568	0.00518
4	0.00651	0.00473	0.00616	0.00728	0.00776	0.00439	0.00498	0.00753	0.01038	0.01367	0.03132	0.70943	0.10264	0.01619	0.00673	0.00213	0.00311	0.04582	0.00491	0.00433
5	0.00752	0.00530	0.00653	0.00628	0.00709	0.00502	0.00430	0.00906	0.01219	0.01695	0.47523	0.03802	0.06051	0.30764	0.01387	0.00295	0.00347	0.00892	0.00483	0.00431
6	0.02870	0.00578	0.00617	0.00583	0.00742	0.00580	0.00445	0.01408	0.06023	0.07320	0.09739	0.02143	0.01733	0.00671	0.00417	0.00135	0.00275	0.00546	0.62628	0.00545
