[name]
unknown

[dist]
# distance from previous block
# <min> <max>
0	559

[block]
# block no. 0 follows, 44 sequences, length 21
# corresponding to MSA columns:
# 663-683
name=unknown_A
#
# <colnr> <probs for GDERKNQSTAVLIFYWHMCP>
#	G	D	E	R	K	N	Q	S	T	A	V	L	I	F	Y	W	H	M	C	P
0	0.01347	0.01041	0.01424	0.34763	0.02401	0.01192	0.01151	0.21067	0.05028	0.06197	0.01510	0.07508	0.01293	0.00933	0.04579	0.00220	0.00655	0.06592	0.00403	0.00694
1	0.06654	0.00626	0.00776	0.00824	0.00903	0.00654	0.00589	0.04714	0.01134	0.01620	0.07819	0.59841	0.03160	0.01475	0.00737	0.00212	0.05992	0.01292	0.00484	0.00494
2	0.01519	0.56733	0.10192	0.01067	0.01546	0.07105	0.01058	0.09313	0.04192	0.01590	0.00899	0.00999	0.00759	0.00508	0.00404	0.00131	0.00628	0.00340	0.00280	0.00735
3	0.00949	0.00661	0.00831	0.00781	0.00937	0.00638	0.00575	0.04456	0.01119	0.05659	0.07224	0.16154	0.07427	0.18306	0.18386	0.00403	0.00646	0.03695	0.00417	0.10736
4	0.01376	0.01434	0.07234	0.19593	0.33445	0.09682	0.04320	0.01794	0.06611	0.05584	0.02954	0.01463	0.00986	0.00551	0.00542	0.00168	0.00689	0.00495	0.00311	0.00767
5	0.01456	0.06764	0.01692	0.08022	0.15371	0.01171	0.08274	0.04832	0.14624	0.15954	0.04607	0.10631	0.01546	0.00743	0.00581	0.00176	0.01686	0.00662	0.00441	0.00767
6	0.00668	0.00516	0.00609	0.00664	0.00770	0.00458	0.00468	0.00799	0.01183	0.01514	0.12265	0.40379	0.34747	0.01505	0.00668	0.00200	0.00293	0.01320	0.00517	0.00458
7	0.07392	0.02581	0.01183	0.04434	0.07382	0.00942	0.00807	0.08858	0.07884	0.20527	0.23168	0.04111	0.05174	0.00814	0.00559	0.00170	0.00427	0.00685	0.02182	0.00721
8	0.07572	0.14694	0.14198	0.01456	0.13801	0.02652	0.01167	0.05661	0.06795	0.24719	0.01390	0.01399	0.00993	0.00574	0.00494	0.00160	0.00579	0.00453	0.00418	0.00826
9	0.07656	0.08375	0.06863	0.01356	0.01690	0.47694	0.03966	0.07113	0.01447	0.01596	0.00872	0.01037	0.00715	0.00580	0.00581	0.00154	0.06967	0.00377	0.00293	0.00668
10	0.00960	0.00711	0.00893	0.00827	0.01007	0.00681	0.00624	0.03473	0.03301	0.05460	0.19183	0.29660	0.07180	0.01163	0.00693	0.00180	0.05939	0.02550	0.00487	0.15028
11	0.01479	0.54023	0.09485	0.01012	0.01470	0.03287	0.02163	0.01701	0.01177	0.10012	0.01281	0.01343	0.06219	0.00575	0.00456	0.00137	0.02757	0.00404	0.00304	0.00715
12	0.05671	0.12784	0.03124	0.00869	0.01128	0.00916	0.00718	0.03543	0.03173	0.18881	0.10417	0.25698	0.05303	0.01056	0.00575	0.00182	0.00419	0.04403	0.00500	0.00643
13	0.01235	0.00652	0.00866	0.00785	0.00974	0.00601	0.00598	0.01418	0.01339	0.23211	0.28467	0.11951	0.06897	0.07022	0.07348	0.02374	0.00455	0.02659	0.00549	0.00598
14	0.00941	0.04285	0.04156	0.03487	0.04941	0.00828	0.06037	0.04108	0.07548	0.01831	0.23168	0.15280	0.19098	0.01070	0.00615	0.00181	0.00414	0.00943	0.00479	0.00591
15	0.01735	0.11136	0.06814	0.12034	0.04864	0.01434	0.07240	0.25205	0.03320	0.16937	0.01315	0.01399	0.00939	0.00598	0.00559	0.00166	0.02570	0.00486	0.00431	0.00820
16	0.01608	0.01910	0.06974	0.01408	0.01606	0.35237	0.01173	0.01777	0.01198	0.04626	0.00851	0.01127	0.00735	0.00740	0.01080	0.00188	0.36427	0.00420	0.00275	0.00641
17	0.10826	0.00611	0.00721	0.00741	0.00869	0.00605	0.00553	0.01117	0.01187	0.05657	0.19256	0.27202	0.03083	0.06875	0.00757	0.00217	0.00354	0.09842	0.09021	0.00507
18	0.01317	0.01131	0.05570	0.23203	0.18010	0.01133	0.03877	0.01814	0.11815	0.11900	0.10598	0.01862	0.01510	0.00655	0.00600	0.00176	0.03120	0.00574	0.00394	0.00742
19	0.01737	0.01361	0.07008	0.02845	0.18654	0.05255	0.04063	0.20187	0.01681	0.20492	0.07931	0.01761	0.03208	0.00655	0.00555	0.00166	0.00590	0.00554	0.00467	0.00830
20	0.01030	0.00969	0.01635	0.79530	0.03755	0.01211	0.01514	0.01393	0.01090	0.01393	0.00969	0.01453	0.00727	0.00545	0.00545	0.00182	0.00727	0.00484	0.00242	0.00606

[dist]
# distance from previous block
# <min> <max>
6	13

[block]
# block no. 1 follows, 44 sequences, length 31
# corresponding to MSA columns:
# 698-728
name=unknown_B
#
# <colnr> <probs for GDERKNQSTAVLIFYWHMCP>
#	G	D	E	R	K	N	Q	S	T	A	V	L	I	F	Y	W	H	M	C	P
0	0.01625	0.07822	0.10406	0.04265	0.07449	0.03144	0.12134	0.13421	0.01483	0.19460	0.01491	0.06631	0.01191	0.00691	0.00603	0.00175	0.03563	0.03241	0.00422	0.00785
1	0.01182	0.08943	0.06758	0.29072	0.11683	0.01206	0.01227	0.07731	0.05006	0.03376	0.01478	0.15872	0.01383	0.00779	0.00555	0.00179	0.00598	0.01947	0.00347	0.00676
2	0.00709	0.00552	0.00645	0.00638	0.00786	0.00488	0.00478	0.00900	0.01362	0.01786	0.36738	0.09621	0.38567	0.01289	0.00650	0.00183	0.00277	0.03299	0.00547	0.00484
3	0.07375	0.00994	0.03794	0.00991	0.01358	0.00888	0.03457	0.09361	0.01565	0.43882	0.14295	0.06078	0.01957	0.00774	0.00560	0.00172	0.00461	0.00648	0.00590	0.00802
4	0.04100	0.18243	0.11023	0.01281	0.05505	0.01399	0.06083	0.14977	0.06464	0.19553	0.05088	0.01508	0.01184	0.00605	0.00507	0.00159	0.00581	0.00488	0.00437	0.00814
5	0.00675	0.00496	0.00661	0.03388	0.00887	0.00470	0.00534	0.00782	0.01057	0.01397	0.03084	0.73415	0.07834	0.01650	0.00688	0.00218	0.00328	0.01491	0.00497	0.00449
6	0.01191	0.05204	0.01308	0.06316	0.01463	0.15787	0.04582	0.01493	0.06142	0.03702	0.01421	0.02024	0.01270	0.02316	0.37930	0.00507	0.01087	0.05345	0.00326	0.00585
7	0.01424	0.13480	0.18173	0.01318	0.01779	0.01358	0.11668	0.08238	0.14576	0.10322	0.01480	0.06522	0.01196	0.02715	0.00633	0.00181	0.03206	0.00567	0.00391	0.00772
8	0.01393	0.05754	0.10888	0.21158	0.09343	0.04221	0.17148	0.08964	0.03522	0.06735	0.01122	0.01380	0.00841	0.00560	0.00612	0.00175	0.04619	0.00502	0.00318	0.00745
9	0.01074	0.01114	0.04152	0.46794	0.03084	0.01215	0.18983	0.01436	0.01134	0.01508	0.03792	0.04724	0.01034	0.00681	0.02085	0.00199	0.05507	0.00582	0.00274	0.00630
10	0.14317	0.00976	0.01257	0.11949	0.10287	0.01026	0.00926	0.06593	0.08425	0.19052	0.15204	0.04410	0.01851	0.00726	0.00536	0.00173	0.00478	0.00606	0.00479	0.00728
11	0.04142	0.01543	0.14413	0.01644	0.13500	0.01316	0.08279	0.23436	0.06621	0.17513	0.01403	0.01449	0.00992	0.00593	0.00544	0.00169	0.00628	0.00504	0.00446	0.00865
12	0.00974	0.00655	0.00959	0.00966	0.02433	0.00639	0.05108	0.01139	0.02584	0.10847	0.02617	0.59033	0.02926	0.01426	0.00725	0.00212	0.04438	0.01280	0.00496	0.00544
13	0.00988	0.00999	0.05140	0.13919	0.04652	0.00948	0.12515	0.01483	0.13802	0.01697	0.06239	0.09222	0.23041	0.00921	0.00603	0.00184	0.00518	0.00827	0.01673	0.00628
14	0.04278	0.01306	0.01891	0.08833	0.13951	0.07457	0.16236	0.01806	0.14288	0.01716	0.01299	0.01781	0.01101	0.00699	0.00801	0.00191	0.15414	0.05908	0.00333	0.00710
15	0.01351	0.07075	0.24649	0.07522	0.11484	0.01376	0.10024	0.10566	0.09109	0.04527	0.03321	0.01434	0.01008	0.00583	0.00584	0.00172	0.03588	0.00496	0.00338	0.00791
16	0.04042	0.00838	0.01296	0.32038	0.04963	0.00910	0.04488	0.01375	0.02271	0.08045	0.20566	0.10187	0.05080	0.00842	0.00586	0.00181	0.00520	0.00750	0.00415	0.00606
17	0.01556	0.36139	0.05099	0.01280	0.01681	0.26720	0.10593	0.01775	0.01256	0.01374	0.00894	0.01097	0.00769	0.00785	0.06641	0.00195	0.00834	0.00383	0.00259	0.00669
18	0.05285	0.13199	0.09058	0.08347	0.01606	0.05359	0.03443	0.03482	0.01213	0.15168	0.02713	0.17095	0.01519	0.04193	0.00710	0.00191	0.05681	0.00679	0.00393	0.00665
19	0.01432	0.00824	0.00946	0.00875	0.01076	0.05934	0.00649	0.04651	0.01304	0.27434	0.02483	0.36196	0.05023	0.07549	0.00790	0.00219	0.00439	0.01009	0.00536	0.00633
20	0.00868	0.00758	0.01236	0.37871	0.02289	0.00852	0.04805	0.01107	0.01078	0.01410	0.01951	0.39296	0.02110	0.01098	0.00622	0.00201	0.00540	0.01003	0.00370	0.00534
21	0.07515	0.01364	0.01780	0.01551	0.09585	0.10554	0.14704	0.10340	0.05024	0.26957	0.01446	0.01484	0.01018	0.00601	0.00589	0.00170	0.03540	0.00512	0.00453	0.00812
22	0.01300	0.01796	0.31108	0.06719	0.07350	0.01193	0.18289	0.01849	0.07362	0.10481	0.01452	0.03923	0.03439	0.00604	0.00566	0.00177	0.00714	0.00561	0.00339	0.00777
23	0.01139	0.00980	0.01634	0.70994	0.06691	0.01187	0.01472	0.01491	0.01128	0.06598	0.01052	0.01476	0.00775	0.00551	0.00545	0.00180	0.00706	0.00489	0.00273	0.00638
24	0.01773	0.02100	0.01801	0.02148	0.30680	0.49044	0.01291	0.01984	0.01429	0.01505	0.00913	0.01123	0.00764	0.00533	0.00510	0.00149	0.00855	0.00403	0.00277	0.00721
25	0.01552	0.01344	0.12190	0.01497	0.13397	0.02688	0.04848	0.06756	0.15795	0.20672	0.03307	0.04594	0.07452	0.00721	0.00562	0.00174	0.00553	0.00618	0.00469	0.00811
26	0.01159	0.00847	0.01059	0.00982	0.01138	0.04748	0.03224	0.04922	0.01252	0.12067	0.07412	0.31576	0.08104	0.01300	0.02790	0.00221	0.10860	0.05279	0.00478	0.00584
27	0.02147	0.01257	0.01454	0.01121	0.01537	0.01303	0.00923	0.44855	0.02141	0.31004	0.05347	0.01648	0.01291	0.00685	0.00551	0.00166	0.00533	0.00536	0.00596	0.00907
28	0.16105	0.01178	0.01799	0.02292	0.43050	0.01174	0.04909	0.01890	0.01262	0.19322	0.01241	0.01391	0.00926	0.00531	0.00512	0.00166	0.00580	0.00475	0.00375	0.00824
29	0.01413	0.04021	0.17750	0.03957	0.03598	0.01292	0.34909	0.04519	0.05745	0.11642	0.03201	0.01523	0.01021	0.00552	0.00607	0.00177	0.02380	0.00563	0.00349	0.00778
30	0.10360	0.00663	0.00709	0.00691	0.00867	0.00641	0.00518	0.06252	0.01315	0.01842	0.17795	0.20435	0.33459	0.01249	0.00613	0.00186	0.00321	0.01061	0.00508	0.00515

[dist]
# distance from previous block
# <min> <max>
1	33

[block]
# block no. 2 follows, 44 sequences, length 50
# corresponding to MSA columns:
# 762-811
name=unknown_C
#
# <colnr> <probs for GDERKNQSTAVLIFYWHMCP>
#	G	D	E	R	K	N	Q	S	T	A	V	L	I	F	Y	W	H	M	C	P
0	0.01135	0.04275	0.01070	0.00971	0.03442	0.02125	0.04520	0.01362	0.05432	0.14495	0.02710	0.35950	0.10790	0.04531	0.00740	0.01496	0.00426	0.03452	0.00491	0.00588
1	0.01145	0.01091	0.01829	0.29097	0.39593	0.01159	0.03879	0.01462	0.01191	0.01606	0.01601	0.01902	0.10868	0.00623	0.00559	0.00172	0.00635	0.00578	0.00292	0.00718
2	0.01455	0.01458	0.19079	0.06639	0.01829	0.05476	0.08715	0.04622	0.04746	0.20377	0.02978	0.16997	0.01566	0.00813	0.00578	0.00181	0.00609	0.00713	0.00434	0.00736
3	0.01161	0.01411	0.14866	0.31883	0.08552	0.03736	0.13148	0.01592	0.04278	0.03588	0.01250	0.08384	0.01055	0.00644	0.00589	0.00182	0.02106	0.00592	0.00296	0.00686
4	0.42532	0.00928	0.00895	0.00779	0.01063	0.01005	0.00626	0.09040	0.01344	0.07804	0.26309	0.02057	0.02192	0.00735	0.00475	0.00169	0.00388	0.00563	0.00470	0.00623
5	0.01599	0.01330	0.09351	0.17869	0.02392	0.03152	0.22025	0.03919	0.01352	0.25274	0.03211	0.01594	0.01055	0.00587	0.00605	0.00177	0.02789	0.00550	0.00402	0.00768
6	0.01553	0.06204	0.21159	0.01443	0.06214	0.02547	0.10290	0.07491	0.06411	0.20090	0.03750	0.01721	0.01204	0.00782	0.04101	0.00203	0.00681	0.02942	0.00414	0.00800
7	0.01386	0.00809	0.04123	0.00881	0.01119	0.00699	0.00707	0.03767	0.01300	0.29010	0.02835	0.32037	0.13295	0.01174	0.00670	0.00194	0.03789	0.01005	0.00545	0.00656
8	0.10361	0.01432	0.01794	0.05119	0.42387	0.14081	0.01321	0.03579	0.01326	0.11853	0.01120	0.01310	0.00869	0.00532	0.00512	0.00161	0.00657	0.00452	0.00338	0.00797
9	0.05773	0.10230	0.17632	0.12796	0.05571	0.02455	0.06202	0.06449	0.05930	0.11248	0.02522	0.07173	0.01166	0.01838	0.00559	0.00176	0.00626	0.00551	0.00366	0.00737
10	0.05510	0.03935	0.34032	0.03124	0.01792	0.02932	0.03703	0.05009	0.10175	0.06586	0.07212	0.05030	0.03734	0.04109	0.00633	0.00189	0.00621	0.00572	0.00371	0.00732
11	0.01420	0.00709	0.00879	0.00765	0.01034	0.00612	0.00605	0.01597	0.01382	0.33678	0.07874	0.08451	0.33982	0.01093	0.00611	0.00182	0.00365	0.03518	0.00582	0.00661
12	0.07135	0.07562	0.08069	0.01315	0.01780	0.01246	0.16111	0.13621	0.05090	0.28276	0.01536	0.03401	0.01093	0.00616	0.00540	0.00169	0.00607	0.00538	0.00471	0.00824
13	0.04211	0.15114	0.12345	0.05855	0.11585	0.03662	0.02969	0.07885	0.05968	0.23120	0.01368	0.01405	0.00980	0.00574	0.00503	0.00160	0.00604	0.00461	0.00412	0.00818
14	0.06177	0.00776	0.00997	0.00926	0.03597	0.01911	0.02005	0.01636	0.01313	0.29796	0.10297	0.19310	0.09060	0.03155	0.02655	0.00209	0.00435	0.02076	0.03006	0.00663
15	0.01284	0.09511	0.57018	0.01481	0.02191	0.01397	0.04807	0.11316	0.01343	0.03236	0.01027	0.01172	0.00739	0.00531	0.00512	0.00167	0.00758	0.00417	0.00281	0.00811
16	0.07945	0.07725	0.23294	0.01346	0.06179	0.05164	0.03194	0.07209	0.12465	0.15949	0.01419	0.03449	0.01055	0.00614	0.00512	0.00168	0.00617	0.00489	0.00404	0.00804
17	0.01430	0.08924	0.34217	0.01761	0.14801	0.01376	0.07442	0.11265	0.03658	0.08288	0.01155	0.01291	0.00846	0.00541	0.00524	0.00166	0.00702	0.00456	0.00328	0.00828
18	0.00719	0.00620	0.04046	0.00864	0.00953	0.00523	0.03284	0.00860	0.01071	0.01434	0.02842	0.69487	0.03351	0.01599	0.00690	0.00220	0.00371	0.06106	0.00486	0.00473
19	0.03612	0.15748	0.18823	0.04493	0.01678	0.05699	0.01151	0.07972	0.06367	0.12180	0.09300	0.01752	0.01423	0.00677	0.00571	0.00166	0.04199	0.03053	0.00394	0.00743
20	0.01422	0.04994	0.22705	0.08110	0.04797	0.01248	0.14401	0.07320	0.05389	0.13150	0.01333	0.04673	0.01018	0.00612	0.00591	0.00173	0.03391	0.00537	0.00363	0.03774
21	0.00710	0.00527	0.00662	0.00687	0.00791	0.00479	0.00493	0.00887	0.01309	0.01770	0.37325	0.31576	0.18028	0.01376	0.00662	0.00192	0.00282	0.01218	0.00549	0.00479
22	0.01400	0.13586	0.19657	0.04205	0.01971	0.02835	0.13664	0.12673	0.14759	0.03986	0.01360	0.05148	0.01080	0.00622	0.00534	0.00169	0.00663	0.00538	0.00368	0.00782
23	0.01460	0.13185	0.12021	0.09222	0.03739	0.04570	0.03098	0.10372	0.13565	0.09625	0.06449	0.02971	0.01308	0.00667	0.00598	0.00169	0.05297	0.00524	0.00400	0.00759
24	0.06035	0.07885	0.34496	0.09712	0.02144	0.03314	0.08074	0.03646	0.01251	0.10890	0.03241	0.01515	0.04270	0.00588	0.00522	0.00169	0.00690	0.00485	0.00326	0.00748
25	0.00862	0.00574	0.00745	0.00795	0.00907	0.00539	0.00593	0.02717	0.01242	0.06514	0.14106	0.41945	0.10941	0.01462	0.00680	0.00211	0.00352	0.13777	0.00531	0.00508
26	0.01406	0.16767	0.33774	0.01447	0.06927	0.15944	0.01429	0.05177	0.01292	0.03641	0.01104	0.06658	0.00938	0.00608	0.00498	0.00158	0.00735	0.00466	0.00289	0.00741
27	0.05060	0.12803	0.07243	0.10444	0.01654	0.05202	0.00974	0.08611	0.10760	0.10627	0.04310	0.12673	0.03395	0.00812	0.00538	0.00174	0.00541	0.03050	0.00427	0.00702
28	0.00980	0.01577	0.34672	0.01277	0.05849	0.00878	0.01267	0.01337	0.01136	0.04839	0.01962	0.33545	0.02050	0.01062	0.00606	0.00196	0.00567	0.05172	0.00379	0.00650
29	0.01604	0.00750	0.00979	0.00858	0.01107	0.00682	0.00661	0.01825	0.04632	0.39244	0.05593	0.19082	0.06059	0.09991	0.00848	0.00226	0.00422	0.04168	0.00576	0.00695
30	0.01201	0.00752	0.03517	0.00893	0.01092	0.00652	0.00706	0.05154	0.01273	0.18744	0.02551	0.42824	0.02677	0.01297	0.00643	0.00203	0.00409	0.10600	0.00528	0.04284
31	0.09920	0.01103	0.01591	0.13391	0.21200	0.01187	0.04519	0.09867	0.04637	0.10725	0.01428	0.10896	0.01233	0.00720	0.00616	0.00180	0.05042	0.00614	0.00389	0.00740
32	0.00680	0.00518	0.00630	0.00707	0.00804	0.00468	0.00509	0.00810	0.01148	0.01466	0.06109	0.44946	0.29356	0.01557	0.00682	0.00210	0.00318	0.08116	0.00509	0.00457
33	0.01130	0.00969	0.01130	0.00807	0.01292	0.00727	0.00646	0.01373	0.01130	0.01776	0.00969	0.01130	0.00807	0.00404	0.00404	0.00081	0.00404	0.00323	0.00323	0.84173
34	0.02037	0.02598	0.01545	0.01404	0.01685	0.78652	0.01053	0.02177	0.01545	0.01334	0.00843	0.00983	0.00702	0.00562	0.00492	0.00140	0.00983	0.00351	0.00281	0.00632
35	0.00965	0.17956	0.05790	0.02339	0.01168	0.01030	0.01874	0.01163	0.03768	0.01432	0.05414	0.35473	0.05463	0.01204	0.00775	0.04927	0.07369	0.00952	0.00391	0.00547
36	0.00987	0.00801	0.00917	0.00915	0.01087	0.00855	0.00668	0.01722	0.34092	0.01798	0.02573	0.42718	0.02635	0.01228	0.00622	0.00199	0.00370	0.01088	0.00520	0.04203
37	0.01354	0.36504	0.02142	0.01176	0.01410	0.05223	0.01037	0.03999	0.01054	0.01376	0.00858	0.04434	0.00839	0.00744	0.01008	0.00177	0.35321	0.00436	0.00260	0.00648
38	0.01469	0.36377	0.01925	0.00897	0.01364	0.01397	0.00804	0.03942	0.01219	0.11149	0.01035	0.01114	0.00832	0.00473	0.00402	0.00110	0.00496	0.00343	0.00334	0.34318
39	0.01404	0.28360	0.06517	0.11092	0.06918	0.03114	0.07048	0.09591	0.01347	0.05774	0.05819	0.01621	0.03111	0.00624	0.00540	0.00158	0.03225	0.02684	0.00336	0.00716
40	0.05823	0.00799	0.00934	0.00822	0.01036	0.00816	0.00639	0.11889	0.08928	0.05722	0.51506	0.03205	0.03784	0.00959	0.00599	0.00171	0.00341	0.00822	0.00576	0.00629
41	0.01119	0.00955	0.01117	0.00803	0.01276	0.00720	0.00642	0.01361	0.01144	0.01790	0.03493	0.01228	0.00951	0.00427	0.00412	0.00084	0.00399	0.00345	0.00332	0.81401
42	0.01084	0.24629	0.04681	0.05304	0.01305	0.03504	0.00807	0.01381	0.05155	0.01704	0.26817	0.04760	0.09226	0.00835	0.00560	0.00156	0.02717	0.00677	0.00411	0.04287
43	0.79970	0.01050	0.00848	0.05165	0.01207	0.01222	0.00643	0.01591	0.00937	0.02387	0.00771	0.00918	0.00598	0.00508	0.00349	0.00169	0.00439	0.00306	0.00332	0.00591
44	0.06250	0.17589	0.06571	0.03865	0.07172	0.04791	0.00992	0.12187	0.05161	0.11044	0.04314	0.01365	0.01066	0.00561	0.00470	0.00142	0.00552	0.00432	0.00387	0.15087
45	0.08346	0.36719	0.31016	0.01174	0.01748	0.01675	0.01314	0.04995	0.05425	0.01700	0.00948	0.01065	0.00751	0.00513	0.00433	0.00148	0.00646	0.00361	0.00273	0.00750
46	0.01356	0.14722	0.47624	0.01362	0.02001	0.03949	0.01583	0.05488	0.05502	0.07886	0.01114	0.01218	0.00813	0.00554	0.00527	0.00164	0.02625	0.00414	0.00302	0.00797
47	0.01747	0.18178	0.04173	0.01351	0.08359	0.15301	0.02987	0.12049	0.09526	0.15285	0.01392	0.04936	0.01099	0.00635	0.00504	0.00156	0.00629	0.00497	0.00413	0.00783
48	0.01893	0.15581	0.10029	0.01233	0.01710	0.05029	0.04925	0.32695	0.01840	0.17838	0.01316	0.01321	0.00932	0.00597	0.00511	0.00157	0.00625	0.00460	0.00457	0.00851
49	0.01620	0.01739	0.01439	0.15657	0.06972	0.40202	0.01064	0.01837	0.01431	0.07023	0.11831	0.01673	0.02529	0.00653	0.00530	0.00156	0.00751	0.00503	0.01747	0.00643

[dist]
# distance from previous block
# <min> <max>
0	13

[block]
# block no. 3 follows, 44 sequences, length 11
# corresponding to MSA columns:
# 825-835
name=unknown_D
#
# <colnr> <probs for GDERKNQSTAVLIFYWHMCP>
#	G	D	E	R	K	N	Q	S	T	A	V	L	I	F	Y	W	H	M	C	P
0	0.00831	0.00816	0.07676	0.00835	0.01043	0.00648	0.02992	0.01181	0.06051	0.01998	0.49906	0.11067	0.10639	0.01099	0.00632	0.00179	0.00345	0.00970	0.00537	0.00557
1	0.00811	0.00645	0.00901	0.10412	0.06153	0.00634	0.00697	0.01051	0.01371	0.01877	0.44886	0.12381	0.13890	0.01108	0.00631	0.00179	0.00349	0.00979	0.00512	0.00533
2	0.06666	0.01170	0.04989	0.11742	0.04347	0.01162	0.11301	0.14492	0.01459	0.16815	0.03378	0.08688	0.01361	0.00758	0.00651	0.00185	0.05762	0.03903	0.00433	0.00736
3	0.01424	0.01390	0.15597	0.03262	0.09186	0.01153	0.01123	0.12914	0.18659	0.11295	0.05305	0.04712	0.02931	0.05678	0.00697	0.00199	0.00552	0.02686	0.00455	0.00782
4	0.05666	0.00964	0.10275	0.00939	0.01102	0.00863	0.00807	0.01113	0.00917	0.04705	0.01592	0.02098	0.10026	0.08423	0.06222	0.27721	0.15216	0.00574	0.00305	0.00472
5	0.74584	0.01068	0.00854	0.00765	0.01098	0.01239	0.00623	0.01760	0.10088	0.02426	0.00936	0.01025	0.00721	0.00534	0.00364	0.00171	0.00423	0.00334	0.00364	0.00623
6	0.01318	0.13630	0.21055	0.03004	0.05980	0.01342	0.05686	0.05505	0.17979	0.04477	0.03858	0.01470	0.01125	0.00573	0.00503	0.00155	0.00597	0.00474	0.00362	0.10909
7	0.01058	0.04576	0.08413	0.01883	0.31298	0.00976	0.02785	0.01337	0.01222	0.01697	0.10187	0.16611	0.07678	0.00893	0.00585	0.00176	0.00518	0.04219	0.00375	0.03514
8	0.04956	0.01182	0.05755	0.12263	0.04330	0.02691	0.02905	0.06788	0.09238	0.03865	0.01170	0.01348	0.00916	0.00652	0.03648	0.00162	0.00569	0.00423	0.00351	0.36787
9	0.03716	0.04641	0.05632	0.08509	0.07729	0.01102	0.03520	0.04442	0.21073	0.12570	0.08114	0.05511	0.08108	0.00789	0.00562	0.00177	0.00500	0.02097	0.00468	0.00741
10	0.00873	0.00673	0.00910	0.01055	0.11017	0.00652	0.00624	0.00986	0.00954	0.01329	0.01797	0.19728	0.01989	0.34881	0.10974	0.00407	0.00598	0.00843	0.00355	0.09355

[dist]
# distance from previous block
# <min> <max>
0	34

[block]
# block no. 4 follows, 44 sequences, length 20
# corresponding to MSA columns:
# 870-889
name=unknown_E
#
# <colnr> <probs for GDERKNQSTAVLIFYWHMCP>
#	G	D	E	R	K	N	Q	S	T	A	V	L	I	F	Y	W	H	M	C	P
0	0.17680	0.30465	0.06873	0.01047	0.01465	0.10727	0.00955	0.11049	0.07036	0.03942	0.01003	0.01086	0.00799	0.00545	0.00443	0.00147	0.01816	0.00366	0.00336	0.02220
1	0.06387	0.04875	0.06603	0.00777	0.00910	0.00751	0.04146	0.01002	0.00866	0.01239	0.01497	0.02913	0.01641	0.59107	0.02200	0.03106	0.00562	0.00688	0.00313	0.00418
2	0.03443	0.11015	0.28235	0.03394	0.10105	0.01253	0.01330	0.01902	0.11484	0.10381	0.04880	0.01479	0.01137	0.00576	0.00502	0.00159	0.00604	0.00465	0.00357	0.07299
3	0.01198	0.00847	0.01043	0.00825	0.01183	0.00707	0.00651	0.02684	0.01157	0.11153	0.01570	0.05521	0.05682	0.01187	0.12598	0.03287	0.00568	0.00509	0.00383	0.47246
4	0.01144	0.01033	0.01778	0.14936	0.35252	0.01051	0.08943	0.01424	0.01179	0.03901	0.01578	0.22192	0.01573	0.00820	0.00593	0.00183	0.00596	0.00783	0.00340	0.00700
5	0.01229	0.43400	0.07755	0.00893	0.01201	0.01426	0.00835	0.01276	0.00954	0.01184	0.00849	0.01204	0.00796	0.01033	0.01064	0.33212	0.00557	0.00372	0.00234	0.00525
6	0.01193	0.01193	0.01670	0.01431	0.01431	0.01670	0.01193	0.01312	0.00835	0.01312	0.00716	0.01193	0.00716	0.00954	0.01789	0.00239	0.79843	0.00477	0.00239	0.00596
7	0.01172	0.32402	0.01680	0.00901	0.01162	0.01323	0.00772	0.08467	0.01155	0.01488	0.01387	0.07085	0.01388	0.11480	0.21121	0.00385	0.00784	0.04932	0.00325	0.00592
8	0.01358	0.59436	0.15162	0.01035	0.01532	0.01881	0.01088	0.01695	0.05649	0.01460	0.04582	0.01145	0.00971	0.00523	0.00404	0.00133	0.00595	0.00363	0.00270	0.00718
9	0.00685	0.00507	0.00641	0.00707	0.00787	0.00462	0.00492	0.00824	0.01191	0.01586	0.20271	0.50206	0.16607	0.01517	0.00675	0.00204	0.00296	0.01353	0.00527	0.00462
10	0.13581	0.00930	0.01183	0.00937	0.01333	0.00850	0.00776	0.02439	0.01459	0.63822	0.01997	0.01933	0.01333	0.00692	0.00530	0.00173	0.00460	0.04090	0.00620	0.00861
11	0.01348	0.01398	0.17511	0.01206	0.03432	0.01140	0.01102	0.08468	0.23787	0.10376	0.07233	0.05671	0.03548	0.00828	0.00636	0.00187	0.04397	0.06493	0.00471	0.00769
12	0.11465	0.17852	0.07686	0.03230	0.11946	0.10214	0.01102	0.13054	0.01413	0.08894	0.01047	0.01167	0.00809	0.00551	0.00506	0.00152	0.03243	0.00400	0.00349	0.04921
13	0.00681	0.00486	0.00651	0.00778	0.00817	0.00457	0.00535	0.00787	0.01060	0.01410	0.02996	0.74804	0.03570	0.01693	0.00700	0.00224	0.00330	0.07069	0.00506	0.00447
14	0.30804	0.19792	0.12633	0.01137	0.01591	0.09970	0.07649	0.05552	0.01202	0.03959	0.00896	0.01032	0.00701	0.00513	0.00427	0.00155	0.00630	0.00364	0.00306	0.00690
15	0.33765	0.00727	0.00695	0.00709	0.00898	0.00763	0.00536	0.01117	0.01058	0.01851	0.04336	0.29251	0.17210	0.01147	0.00545	0.00193	0.00356	0.03893	0.00442	0.00509
16	0.00766	0.00527	0.00714	0.00756	0.00830	0.00522	0.00549	0.00857	0.01046	0.01407	0.11792	0.26379	0.10683	0.04393	0.16065	0.14726	0.00573	0.06563	0.00425	0.00428
17	0.01372	0.61168	0.08965	0.01107	0.03789	0.01886	0.03733	0.03065	0.01153	0.01411	0.00986	0.05020	0.00933	0.00569	0.00414	0.00135	0.00601	0.02728	0.00264	0.00700
18	0.01343	0.00971	0.01105	0.00959	0.01232	0.01007	0.00750	0.13803	0.22306	0.08170	0.04632	0.02694	0.01793	0.15593	0.00974	0.00239	0.00479	0.10326	0.00487	0.11139
19	0.01369	0.08699	0.28469	0.01544	0.06477	0.11553	0.11054	0.01790	0.03633	0.06700	0.01202	0.05194	0.00987	0.00610	0.00566	0.00166	0.03086	0.01751	0.00308	0.04842

[dist]
# distance from previous block
# <min> <max>
0	2

[block]
# block no. 5 follows, 44 sequences, length 30
# corresponding to MSA columns:
# 892-921
name=unknown_F
#
# <colnr> <probs for GDERKNQSTAVLIFYWHMCP>
#	G	D	E	R	K	N	Q	S	T	A	V	L	I	F	Y	W	H	M	C	P
0	0.01823	0.00931	0.01165	0.00942	0.01272	0.00897	0.00759	0.13888	0.06708	0.38698	0.24001	0.02430	0.02415	0.00805	0.00576	0.00170	0.00423	0.00672	0.00624	0.00802
1	0.04356	0.01131	0.01871	0.29650	0.43666	0.01216	0.01507	0.01571	0.01180	0.04078	0.01104	0.04278	0.00921	0.00558	0.00540	0.00171	0.00649	0.00519	0.00284	0.00750
2	0.00899	0.00672	0.00821	0.00812	0.00972	0.00659	0.00640	0.07753	0.04193	0.01951	0.28716	0.13855	0.16537	0.01270	0.00663	0.00198	0.00362	0.17940	0.00543	0.00543
3	0.02149	0.01268	0.01459	0.01134	0.01553	0.01324	0.00932	0.41454	0.08829	0.31496	0.01710	0.01581	0.01153	0.00670	0.00547	0.00167	0.00533	0.00524	0.00595	0.00922
4	0.82256	0.01068	0.00826	0.00733	0.01073	0.01237	0.00604	0.03784	0.00976	0.02475	0.00775	0.00898	0.00600	0.00510	0.00344	0.00169	0.00427	0.00301	0.00344	0.00600
5	0.02046	0.01230	0.01423	0.01092	0.01522	0.01243	0.00896	0.37166	0.05822	0.28995	0.01605	0.01513	0.01096	0.00634	0.00529	0.00156	0.00519	0.00496	0.00563	0.11454
6	0.01146	0.01088	0.01846	0.51691	0.30681	0.01242	0.01572	0.01495	0.01145	0.01535	0.00990	0.01415	0.00777	0.00523	0.00543	0.00174	0.00698	0.00485	0.00252	0.00700
7	0.00793	0.00529	0.00595	0.00595	0.00595	0.00529	0.00330	0.00793	0.00793	0.01057	0.01718	0.03568	0.01982	0.80840	0.02775	0.00529	0.00529	0.00793	0.00330	0.00330
8	0.01523	0.00951	0.01111	0.00928	0.01219	0.00974	0.00738	0.18807	0.13379	0.18392	0.25743	0.02584	0.05112	0.00841	0.00573	0.00169	0.00407	0.00702	0.05099	0.00748
9	0.03704	0.00844	0.01038	0.00933	0.01162	0.00896	0.00746	0.11702	0.11068	0.11641	0.16137	0.02741	0.04020	0.01791	0.22105	0.00373	0.00711	0.07234	0.00493	0.00660
10	0.00676	0.00483	0.00646	0.00772	0.00809	0.00453	0.00526	0.00779	0.01055	0.01405	0.02998	0.76462	0.03580	0.01697	0.00699	0.00223	0.00326	0.05458	0.00506	0.00446
11	0.01434	0.01123	0.01476	0.08238	0.23063	0.01211	0.01077	0.21220	0.11123	0.02309	0.01429	0.01599	0.01099	0.00604	0.00505	0.00159	0.00519	0.00509	0.20530	0.00773
12	0.43066	0.01764	0.01182	0.01054	0.01372	0.35355	0.00822	0.06533	0.01303	0.02019	0.00831	0.00955	0.00661	0.00540	0.00418	0.00156	0.00680	0.00332	0.00326	0.00630
13	0.05341	0.13933	0.30679	0.01357	0.05948	0.01359	0.02897	0.09909	0.01317	0.07771	0.01058	0.01185	0.00792	0.00533	0.00519	0.00153	0.03165	0.00404	0.00320	0.11361
14	0.37416	0.00795	0.00772	0.00717	0.00956	0.00834	0.00559	0.01379	0.01162	0.09323	0.16423	0.13320	0.09723	0.00902	0.00499	0.00177	0.00359	0.00723	0.03388	0.00571
15	0.02446	0.00928	0.01265	0.00970	0.01392	0.00801	0.00801	0.02657	0.01560	0.77817	0.02151	0.01856	0.01350	0.00675	0.00548	0.00169	0.00464	0.00548	0.00675	0.00928
16	0.01027	0.00826	0.01276	0.20800	0.05994	0.00885	0.04958	0.03901	0.03143	0.03501	0.02138	0.13856	0.02193	0.01113	0.00659	0.00215	0.00564	0.31943	0.00420	0.00586
17	0.00712	0.00508	0.00687	0.00813	0.00866	0.00484	0.00588	0.00841	0.01090	0.01445	0.02979	0.64045	0.03502	0.01663	0.00708	0.00228	0.00357	0.17521	0.00505	0.00456
18	0.01093	0.02820	0.78016	0.01554	0.02360	0.01266	0.02014	0.01727	0.01151	0.01727	0.00978	0.01151	0.00691	0.00518	0.00518	0.00173	0.00806	0.00403	0.00230	0.00806
19	0.00834	0.00716	0.01094	0.37728	0.02177	0.00806	0.00969	0.01059	0.01088	0.01402	0.02336	0.34793	0.10645	0.01125	0.00619	0.00198	0.00504	0.01004	0.00382	0.00521
20	0.09843	0.00939	0.01223	0.00947	0.01361	0.00839	0.00782	0.02562	0.01504	0.71039	0.02026	0.01768	0.01281	0.00660	0.00529	0.00169	0.00460	0.00525	0.00644	0.00897
21	0.00671	0.00495	0.00628	0.00718	0.00784	0.00452	0.00491	0.00787	0.01122	0.01477	0.10097	0.60944	0.16139	0.01600	0.00682	0.00211	0.00304	0.01432	0.00515	0.00452
22	0.17534	0.00832	0.00929	0.00801	0.01052	0.00845	0.00633	0.11222	0.01550	0.12524	0.39687	0.02828	0.05668	0.00885	0.00558	0.00170	0.00363	0.00733	0.00548	0.00637
23	0.01444	0.01498	0.01917	0.01563	0.01803	0.16846	0.18609	0.06740	0.01263	0.03530	0.01129	0.01741	0.01014	0.00787	0.01038	0.00200	0.30016	0.07887	0.00315	0.00658
24	0.00897	0.00569	0.00772	0.00750	0.00760	0.00622	0.00508	0.00821	0.00768	0.01052	0.01256	0.02353	0.01341	0.30489	0.10063	0.38045	0.07731	0.00600	0.00276	0.00328
25	0.01116	0.00834	0.00931	0.00858	0.01028	0.00892	0.00630	0.09829	0.21877	0.03184	0.08858	0.04838	0.04925	0.30558	0.01406	0.00314	0.00468	0.06392	0.00470	0.00591
26	0.00697	0.00498	0.00670	0.00796	0.00842	0.00471	0.00563	0.00815	0.01076	0.01428	0.02987	0.69219	0.03535	0.01677	0.00705	0.00226	0.00344	0.12495	0.00505	0.00452
27	0.12259	0.34518	0.01966	0.03712	0.01509	0.07026	0.00916	0.15227	0.03836	0.12677	0.01114	0.01158	0.00851	0.00553	0.00435	0.00145	0.00577	0.00385	0.00379	0.00756
28	0.01176	0.01107	0.04345	0.12002	0.33019	0.01091	0.04590	0.01620	0.09542	0.03434	0.06632	0.10011	0.01684	0.00773	0.00586	0.00182	0.00576	0.06528	0.00370	0.00729
29	0.00979	0.00779	0.01135	0.01073	0.01156	0.00890	0.04814	0.01122	0.01046	0.06041	0.02172	0.41628	0.02433	0.01340	0.01008	0.00224	0.23574	0.07622	0.00425	0.00538

[dist]
# distance from previous block
# <min> <max>
2	4

[block]
# block no. 6 follows, 44 sequences, length 34
# corresponding to MSA columns:
# 926-959
name=unknown_G
#
# <colnr> <probs for GDERKNQSTAVLIFYWHMCP>
#	G	D	E	R	K	N	Q	S	T	A	V	L	I	F	Y	W	H	M	C	P
0	0.07460	0.01277	0.01595	0.28114	0.15364	0.11391	0.01263	0.06150	0.01215	0.01646	0.01077	0.06964	0.00955	0.00685	0.00718	0.00182	0.12460	0.00529	0.00297	0.00660
1	0.81391	0.01049	0.00820	0.00727	0.01068	0.01206	0.00599	0.01645	0.00953	0.05470	0.00815	0.00925	0.00621	0.00513	0.00346	0.00169	0.00423	0.00305	0.00351	0.00604
2	0.00786	0.00556	0.00732	0.00732	0.00779	0.00603	0.00501	0.00881	0.00833	0.01159	0.01592	0.02874	0.01681	0.43495	0.39708	0.00698	0.00982	0.00691	0.00312	0.00406
3	0.01286	0.01365	0.11746	0.05164	0.13799	0.01248	0.04781	0.08567	0.30780	0.02079	0.03972	0.06340	0.01539	0.00741	0.00570	0.00182	0.00560	0.04056	0.00433	0.00792
4	0.00958	0.01707	0.38364	0.01109	0.01615	0.00900	0.01250	0.01384	0.01273	0.01842	0.23776	0.02420	0.09760	0.00767	0.00554	0.00163	0.00543	0.00640	0.00378	0.10598
5	0.00952	0.00714	0.00909	0.00854	0.00994	0.00756	0.00671	0.01278	0.08887	0.04900	0.35165	0.05708	0.12116	0.01165	0.00854	0.04061	0.10158	0.08793	0.00513	0.00554
6	0.01372	0.00987	0.01077	0.00953	0.01165	0.03493	0.00712	0.28458	0.03953	0.06386	0.01991	0.27109	0.02027	0.16518	0.01024	0.00253	0.00495	0.00891	0.00490	0.00645
7	0.01077	0.00872	0.01026	0.00817	0.01158	0.00756	0.00640	0.05990	0.06764	0.02038	0.25749	0.04263	0.02352	0.00708	0.00508	0.00126	0.00368	0.00601	0.00448	0.43737
8	0.01130	0.00969	0.01130	0.00807	0.01292	0.00727	0.00646	0.01373	0.01130	0.01776	0.00969	0.01130	0.00807	0.00404	0.00404	0.00081	0.00404	0.00323	0.00323	0.84173
9	0.01203	0.41984	0.01872	0.00890	0.01187	0.01426	0.00781	0.03889	0.02715	0.03620	0.04066	0.20857	0.01695	0.01256	0.10054	0.00242	0.00608	0.00682	0.00350	0.00622
10	0.00717	0.00535	0.00667	0.00677	0.00792	0.00484	0.00491	0.00907	0.01350	0.01831	0.42943	0.24271	0.19680	0.01325	0.00657	0.00187	0.00277	0.01167	0.00556	0.00484
11	0.01511	0.00721	0.00966	0.00811	0.01069	0.00641	0.00641	0.01748	0.01551	0.35582	0.44034	0.03094	0.03469	0.00920	0.00601	0.00170	0.00348	0.00793	0.00633	0.00697
12	0.15961	0.01288	0.01461	0.10315	0.01694	0.07027	0.01057	0.13752	0.05690	0.04507	0.00996	0.01245	0.00806	0.00729	0.00980	0.00195	0.30822	0.00450	0.00343	0.00680
13	0.03869	0.05474	0.01553	0.35587	0.02438	0.01186	0.04630	0.08776	0.04606	0.08315	0.01245	0.01586	0.00966	0.01262	0.15873	0.00311	0.00814	0.00507	0.00337	0.00664
14	0.03220	0.01495	0.06048	0.01683	0.16164	0.01496	0.04850	0.45321	0.04367	0.05243	0.01261	0.01343	0.00924	0.00597	0.00540	0.00163	0.00617	0.00489	0.00455	0.03723
15	0.01460	0.00809	0.01000	0.00897	0.01140	0.02046	0.00707	0.07320	0.04916	0.27098	0.13851	0.17302	0.07129	0.02267	0.00652	0.00195	0.00417	0.09538	0.00575	0.00681
16	0.00710	0.00519	0.00670	0.00726	0.00812	0.00479	0.00520	0.00873	0.01244	0.01680	0.28062	0.42704	0.11983	0.01463	0.00676	0.00202	0.00303	0.05366	0.00537	0.00472
17	0.01165	0.02382	0.60097	0.03664	0.02160	0.01210	0.01732	0.01827	0.08777	0.05315	0.01200	0.01418	0.00894	0.05050	0.00650	0.00194	0.00734	0.00456	0.00290	0.00785
18	0.71026	0.01157	0.00907	0.00795	0.01138	0.06055	0.00648	0.04025	0.01063	0.07824	0.00882	0.00975	0.00662	0.00526	0.00369	0.00167	0.00465	0.00323	0.00365	0.00628
19	0.01182	0.00831	0.00861	0.00801	0.01016	0.00921	0.00616	0.02062	0.37788	0.02153	0.01993	0.02033	0.01527	0.00686	0.00466	0.00155	0.00340	0.00561	0.43329	0.00681
20	0.74915	0.01110	0.00900	0.00781	0.01130	0.01278	0.00643	0.10362	0.01121	0.02563	0.00824	0.00936	0.00630	0.00524	0.00362	0.00168	0.00443	0.00318	0.00362	0.00630
21	0.01032	0.00990	0.01884	0.01437	0.01710	0.00950	0.36904	0.01266	0.01037	0.01403	0.01406	0.02477	0.01390	0.37943	0.05483	0.00378	0.00765	0.00710	0.00302	0.00535
22	0.00980	0.00973	0.01888	0.01509	0.01782	0.00937	0.35567	0.01246	0.01148	0.01554	0.02010	0.39904	0.02174	0.01090	0.00722	0.00205	0.04262	0.01077	0.00386	0.00587
23	0.01130	0.00969	0.01130	0.00807	0.01292	0.00727	0.00646	0.01373	0.01130	0.01776	0.00969	0.01130	0.00807	0.00404	0.00404	0.00081	0.00404	0.00323	0.00323	0.84173
24	0.01185	0.01128	0.01916	0.42461	0.39608	0.01252	0.01591	0.01529	0.01164	0.01582	0.00996	0.01403	0.00793	0.00516	0.00542	0.00172	0.00688	0.00485	0.00256	0.00731
25	0.37887	0.06556	0.00848	0.00673	0.00855	0.00952	0.00488	0.01211	0.00875	0.01687	0.01225	0.02190	0.01275	0.39592	0.01524	0.00340	0.00485	0.00537	0.00326	0.00472
26	0.01273	0.23067	0.50523	0.01395	0.02079	0.01478	0.05204	0.01755	0.01169	0.05876	0.00993	0.01134	0.00736	0.00510	0.00482	0.00158	0.00734	0.00394	0.00258	0.00782
27	0.01781	0.18565	0.23961	0.01193	0.01741	0.01306	0.03530	0.07385	0.01409	0.31775	0.01422	0.01392	0.00974	0.00577	0.00500	0.00159	0.00612	0.00450	0.00430	0.00838
28	0.01491	0.40138	0.02071	0.01041	0.01441	0.01786	0.00918	0.10929	0.31007	0.01932	0.01400	0.01384	0.01107	0.00597	0.00454	0.00149	0.00525	0.00443	0.00397	0.00791
29	0.01012	0.01019	0.01770	0.01445	0.01691	0.04579	0.30152	0.01255	0.01148	0.01523	0.01988	0.39874	0.02165	0.01107	0.00744	0.00204	0.06301	0.01059	0.00385	0.00578
30	0.00752	0.00545	0.00622	0.00619	0.00700	0.00512	0.00414	0.00851	0.01083	0.01417	0.17553	0.04241	0.23217	0.39997	0.01686	0.00352	0.00405	0.04187	0.00439	0.00409
31	0.01216	0.00824	0.01305	0.11792	0.11705	0.00879	0.03364	0.01463	0.01095	0.15669	0.01454	0.01869	0.01191	0.02378	0.40665	0.00533	0.01050	0.00553	0.00353	0.00643
32	0.01383	0.01042	0.01167	0.00974	0.01262	0.01109	0.00779	0.27040	0.10343	0.06078	0.09722	0.05293	0.19996	0.00931	0.00668	0.00175	0.06139	0.00742	0.00515	0.04643
33	0.02987	0.07631	0.01137	0.00956	0.04149	0.09013	0.00713	0.03744	0.04968	0.09707	0.14854	0.11495	0.21775	0.01015	0.00620	0.00174	0.03140	0.00835	0.00474	0.00612

[dist]
# distance from previous block
# <min> <max>
1	8

[block]
# block no. 7 follows, 44 sequences, length 24
# corresponding to MSA columns:
# 968-991
name=unknown_H
#
# <colnr> <probs for GDERKNQSTAVLIFYWHMCP>
#	G	D	E	R	K	N	Q	S	T	A	V	L	I	F	Y	W	H	M	C	P
0	0.33895	0.11892	0.03220	0.01073	0.01405	0.27498	0.00888	0.06553	0.01264	0.01901	0.00825	0.00969	0.00674	0.00557	0.00496	0.00156	0.05438	0.00340	0.00310	0.00645
1	0.01640	0.06433	0.27298	0.01298	0.01843	0.01470	0.01320	0.32016	0.11617	0.07692	0.01343	0.01363	0.00960	0.00610	0.00526	0.00167	0.00637	0.00470	0.00432	0.00865
2	0.01543	0.63082	0.02547	0.01068	0.04226	0.07247	0.00956	0.01811	0.06021	0.05750	0.00947	0.01030	0.00805	0.00503	0.00391	0.00127	0.00596	0.00338	0.00284	0.00725
3	0.01341	0.00691	0.00905	0.00860	0.01046	0.00640	0.00637	0.06143	0.01311	0.26724	0.02615	0.49523	0.02691	0.01300	0.00638	0.00200	0.00383	0.01152	0.00564	0.00634
4	0.00946	0.00542	0.00607	0.00599	0.00684	0.00555	0.00415	0.02742	0.01017	0.01630	0.01666	0.02462	0.01529	0.25038	0.08585	0.05729	0.00472	0.00598	0.43739	0.00445
5	0.00678	0.00484	0.00648	0.00775	0.00813	0.00455	0.00530	0.00783	0.01057	0.01407	0.02997	0.75697	0.03576	0.01695	0.00700	0.00223	0.00328	0.06201	0.00506	0.00447
6	0.01089	0.00785	0.00875	0.00791	0.01029	0.00780	0.00612	0.03981	0.20989	0.09806	0.19239	0.03685	0.32057	0.01061	0.00608	0.00179	0.00342	0.00893	0.00557	0.00640
7	0.21328	0.00977	0.01094	0.00836	0.01266	0.00867	0.00680	0.01819	0.01214	0.25155	0.01280	0.01294	0.00922	0.00511	0.00432	0.00128	0.00426	0.00385	0.00434	0.38952
8	0.01356	0.01171	0.01233	0.01109	0.01418	0.01356	0.00863	0.02897	0.76455	0.02281	0.02219	0.02034	0.01664	0.00740	0.00555	0.00185	0.00431	0.00616	0.00555	0.00863
9	0.05422	0.01201	0.01414	0.01088	0.01513	0.01216	0.00898	0.35279	0.01985	0.41640	0.01721	0.01574	0.01131	0.00659	0.00539	0.00166	0.00523	0.00513	0.00604	0.00915
10	0.01093	0.02820	0.78016	0.01554	0.02360	0.01266	0.02014	0.01727	0.01151	0.01727	0.00978	0.01151	0.00691	0.00518	0.00518	0.00173	0.00806	0.00403	0.00230	0.00806
11	0.00711	0.00555	0.00645	0.00623	0.00777	0.00489	0.00467	0.00912	0.01401	0.01848	0.43227	0.04629	0.39280	0.01241	0.00644	0.00177	0.00266	0.01064	0.00556	0.00489
12	0.01330	0.01025	0.01174	0.00913	0.01339	0.00920	0.00726	0.01953	0.23445	0.09585	0.01458	0.01471	0.01115	0.00530	0.00463	0.00120	0.00418	0.00432	0.00427	0.51156
13	0.00670	0.00491	0.00629	0.00727	0.00786	0.00450	0.00495	0.00782	0.01107	0.01461	0.08859	0.65103	0.13194	0.01622	0.00685	0.00213	0.00307	0.01456	0.00513	0.00450
14	0.01947	0.01039	0.01250	0.01034	0.01404	0.01055	0.00829	0.02767	0.35842	0.43241	0.02182	0.01937	0.01494	0.00704	0.00551	0.00176	0.00449	0.00579	0.00620	0.00898
15	0.13168	0.01738	0.01349	0.01149	0.01496	0.36535	0.00900	0.05795	0.01517	0.29229	0.01327	0.01301	0.00932	0.00600	0.00494	0.00156	0.00702	0.00422	0.00443	0.00748
16	0.00995	0.00691	0.00879	0.00920	0.01054	0.00697	0.00721	0.09874	0.03171	0.04431	0.02668	0.36112	0.02933	0.04065	0.00759	0.00233	0.00434	0.28306	0.00511	0.00546
17	0.01085	0.00993	0.01538	0.07097	0.21866	0.01150	0.03099	0.01288	0.01078	0.01550	0.10867	0.08596	0.01658	0.04013	0.04640	0.03017	0.24862	0.00658	0.00323	0.00622
18	0.03825	0.01173	0.01478	0.22254	0.02125	0.01288	0.01091	0.32153	0.03452	0.17918	0.01504	0.01797	0.01119	0.00686	0.00555	0.00176	0.00591	0.05529	0.00482	0.00802
19	0.21677	0.26038	0.08056	0.01100	0.01495	0.23919	0.00987	0.06017	0.01270	0.01738	0.00831	0.00965	0.00687	0.00532	0.00451	0.00147	0.02792	0.00335	0.00290	0.00673
20	0.01465	0.04966	0.32196	0.01616	0.08719	0.01382	0.08801	0.17237	0.09504	0.06927	0.01261	0.01361	0.00914	0.00569	0.00537	0.00170	0.00690	0.00480	0.00366	0.00839
21	0.00741	0.00601	0.00667	0.00681	0.00842	0.00555	0.00512	0.01018	0.08033	0.01613	0.11557	0.17221	0.46128	0.01359	0.00652	0.00194	0.00311	0.06293	0.00519	0.00502
22	0.00691	0.00504	0.00652	0.00735	0.00796	0.00476	0.00507	0.00809	0.01085	0.01444	0.09246	0.54721	0.11278	0.06313	0.06159	0.00276	0.00402	0.02968	0.00489	0.00449
23	0.01427	0.16467	0.15979	0.06723	0.06188	0.04308	0.03678	0.14849	0.01394	0.03301	0.00996	0.01178	0.00784	0.00554	0.00586	0.00151	0.07184	0.00411	0.00317	0.13527

[dist]
# distance from previous block
# <min> <max>
0	3

[block]
# block no. 8 follows, 44 sequences, length 45
# corresponding to MSA columns:
# 995-1039
name=unknown_I
#
# <colnr> <probs for GDERKNQSTAVLIFYWHMCP>
#	G	D	E	R	K	N	Q	S	T	A	V	L	I	F	Y	W	H	M	C	P
0	0.01678	0.01462	0.08677	0.02892	0.13937	0.04446	0.05098	0.22749	0.09790	0.12731	0.01370	0.01434	0.01000	0.00595	0.00560	0.00162	0.02247	0.00491	0.00435	0.08248
1	0.05766	0.34323	0.11637	0.01155	0.01623	0.01667	0.05944	0.10395	0.14037	0.05335	0.01220	0.02588	0.00969	0.00573	0.00462	0.00152	0.00591	0.00440	0.00356	0.00769
2	0.00664	0.00474	0.00633	0.00759	0.00791	0.00443	0.00506	0.00759	0.01044	0.01392	0.03005	0.80485	0.03606	0.01708	0.00696	0.00221	0.00316	0.01550	0.00506	0.00443
3	0.01130	0.00969	0.01130	0.00807	0.01292	0.00727	0.00646	0.01373	0.01130	0.01776	0.00969	0.01130	0.00807	0.00404	0.00404	0.00081	0.00404	0.00323	0.00323	0.84173
4	0.00810	0.00763	0.04874	0.05088	0.09470	0.00679	0.00782	0.00995	0.01143	0.01524	0.07994	0.39003	0.17240	0.01315	0.00693	0.00201	0.03519	0.02926	0.00448	0.00532
5	0.01394	0.01229	0.01853	0.22070	0.39130	0.03294	0.01435	0.12830	0.01411	0.04160	0.01184	0.05410	0.00989	0.00596	0.00549	0.00170	0.00647	0.00539	0.00329	0.00782
6	0.00759	0.00560	0.00797	0.00815	0.00906	0.00604	0.00615	0.00941	0.01025	0.01440	0.13743	0.15686	0.04141	0.05371	0.47264	0.00613	0.01000	0.02853	0.00388	0.00479
7	0.01966	0.00838	0.01117	0.00896	0.01236	0.00747	0.00725	0.02241	0.04491	0.54829	0.20152	0.02399	0.02274	0.00782	0.00567	0.00169	0.00408	0.00655	0.02693	0.00816
8	0.37611	0.01014	0.01086	0.00877	0.01263	0.01029	0.00724	0.06093	0.01343	0.41610	0.01511	0.01412	0.01002	0.00602	0.00458	0.00168	0.00453	0.00437	0.00524	0.00783
9	0.00772	0.00527	0.00652	0.00687	0.00700	0.00532	0.00431	0.00795	0.00872	0.01171	0.02049	0.28395	0.02387	0.45256	0.04074	0.06270	0.02676	0.01003	0.00377	0.00372
