[name]
unknown

[dist]
# distance from previous block
# <min> <max>
16	267

[block]
# block no. 0 follows, 42 sequences, length 11
# corresponding to MSA columns:
# 503-513
name=unknown_A
#
# <colnr> <probs for GDERKNQSTAVLIFYWHMCP>
#	G	D	E	R	K	N	Q	S	T	A	V	L	I	F	Y	W	H	M	C	P
0	0.28030	0.29616	0.01751	0.04617	0.01429	0.09960	0.00851	0.06073	0.01235	0.01898	0.04954	0.02999	0.01025	0.00628	0.00471	0.02498	0.00574	0.00405	0.00327	0.00658
1	0.07054	0.06390	0.03568	0.01188	0.01493	0.05723	0.10915	0.10654	0.08087	0.02164	0.25620	0.02393	0.04665	0.00823	0.00680	0.00179	0.06575	0.00686	0.00458	0.00685
2	0.03731	0.33631	0.04657	0.09877	0.06313	0.04880	0.04509	0.01658	0.01198	0.04986	0.01043	0.04070	0.00901	0.00544	0.00454	0.00138	0.00610	0.00425	0.00300	0.16075
3	0.01875	0.01403	0.01557	0.01233	0.01619	0.03753	0.04425	0.46492	0.13148	0.06969	0.01563	0.01677	0.01175	0.05881	0.00711	0.00196	0.00592	0.00553	0.04310	0.00869
4	0.00811	0.00601	0.00727	0.00731	0.00855	0.00565	0.00534	0.04286	0.01360	0.01815	0.28806	0.22073	0.20002	0.09080	0.00894	0.00232	0.00342	0.05244	0.00540	0.00502
5	0.01596	0.01268	0.06325	0.05252	0.01663	0.01102	0.00940	0.18775	0.06943	0.13038	0.01350	0.01404	0.00994	0.00557	0.00499	0.00136	0.00520	0.00443	0.00445	0.36750
6	0.00827	0.00576	0.00705	0.00715	0.00845	0.00541	0.00550	0.01045	0.01357	0.01893	0.32589	0.06683	0.16772	0.06727	0.00803	0.00215	0.00337	0.14357	0.11962	0.00502
7	0.01095	0.00906	0.01048	0.01052	0.05190	0.03877	0.00759	0.04861	0.20744	0.02188	0.37030	0.08357	0.03525	0.01041	0.00635	0.00188	0.00400	0.05886	0.00560	0.00661
8	0.00833	0.00660	0.00931	0.00944	0.01059	0.00650	0.05744	0.01154	0.10050	0.01637	0.07672	0.56812	0.03365	0.01504	0.00696	0.00219	0.00389	0.04625	0.00518	0.00538
9	0.26898	0.03299	0.01269	0.02275	0.01409	0.04696	0.02360	0.19167	0.01530	0.13111	0.01427	0.10353	0.01200	0.00719	0.00497	0.00169	0.00518	0.00556	0.00460	0.08087
10	0.16445	0.23377	0.03810	0.08296	0.01698	0.09063	0.00991	0.15918	0.03580	0.07279	0.03877	0.01291	0.00994	0.00592	0.00467	0.00157	0.00610	0.00423	0.00382	0.00748

[dist]
# distance from previous block
# <min> <max>
12	50

[block]
# block no. 1 follows, 42 sequences, length 27
# corresponding to MSA columns:
# 565-591
name=unknown_B
#
# <colnr> <probs for GDERKNQSTAVLIFYWHMCP>
#	G	D	E	R	K	N	Q	S	T	A	V	L	I	F	Y	W	H	M	C	P
0	0.07080	0.08370	0.14827	0.14383	0.15058	0.05035	0.01313	0.04393	0.05708	0.04387	0.01124	0.01328	0.00870	0.00542	0.00500	0.00158	0.00641	0.00438	0.02421	0.11423
1	0.05489	0.04005	0.10563	0.02266	0.03617	0.01179	0.01007	0.20061	0.04971	0.12589	0.08099	0.05557	0.04867	0.00760	0.00577	0.00168	0.02162	0.01626	0.00477	0.09960
2	0.10971	0.03942	0.06522	0.03736	0.03707	0.04664	0.09040	0.13637	0.04707	0.18547	0.05100	0.03119	0.01246	0.00667	0.00605	0.00174	0.04465	0.00539	0.00454	0.04158
3	0.13461	0.01106	0.01283	0.01067	0.01363	0.04871	0.05620	0.16027	0.04719	0.13720	0.05009	0.01882	0.01343	0.00941	0.02383	0.10266	0.03012	0.03777	0.07457	0.00694
4	0.01184	0.01027	0.06376	0.01411	0.14128	0.00943	0.00966	0.11019	0.03278	0.06139	0.08114	0.34728	0.02480	0.01150	0.00692	0.00199	0.04010	0.01008	0.00473	0.00675
5	0.01120	0.04333	0.01001	0.00901	0.01070	0.00806	0.00667	0.13574	0.02840	0.06948	0.02572	0.54199	0.02848	0.01395	0.00655	0.00205	0.00403	0.01235	0.00525	0.02702
6	0.25203	0.01105	0.03881	0.06086	0.03008	0.01120	0.00854	0.15579	0.01416	0.09949	0.01648	0.16053	0.03465	0.00833	0.00552	0.00181	0.02235	0.00663	0.00447	0.05722
7	0.00987	0.00974	0.08560	0.03225	0.03711	0.00804	0.03520	0.07198	0.04617	0.02029	0.27106	0.11777	0.16797	0.01064	0.00625	0.00183	0.00420	0.00926	0.04861	0.00615
8	0.01743	0.01337	0.01447	0.01097	0.01558	0.03398	0.00893	0.37931	0.04452	0.06072	0.01269	0.01319	0.00947	0.00574	0.00504	0.00135	0.00537	0.00441	0.00470	0.33876
9	0.00787	0.00596	0.00743	0.00794	0.00938	0.00552	0.00641	0.00996	0.01335	0.01724	0.18395	0.10589	0.28939	0.01445	0.00712	0.00217	0.00375	0.29181	0.00540	0.00502
10	0.05317	0.08942	0.07628	0.06640	0.22676	0.01272	0.04319	0.04381	0.07697	0.18306	0.06149	0.01671	0.01299	0.00617	0.00542	0.00170	0.00594	0.00532	0.00420	0.00829
11	0.01340	0.08819	0.32607	0.01340	0.01889	0.01330	0.05164	0.08246	0.15483	0.05757	0.08864	0.01846	0.01492	0.00680	0.00557	0.00177	0.00644	0.02558	0.00400	0.00808
12	0.00777	0.00571	0.00798	0.06154	0.01127	0.00567	0.00707	0.00941	0.01145	0.01510	0.02923	0.52732	0.03377	0.01620	0.00725	0.00235	0.00412	0.22687	0.00503	0.00487
13	0.00893	0.00738	0.03027	0.04129	0.01232	0.00694	0.03504	0.03103	0.03582	0.01666	0.05997	0.27502	0.07822	0.04748	0.00804	0.00242	0.00470	0.28819	0.00492	0.00535
14	0.01429	0.03196	0.24787	0.15623	0.11219	0.01191	0.03869	0.01837	0.02305	0.16031	0.01304	0.01582	0.00972	0.00641	0.00647	0.01986	0.04213	0.02503	0.00351	0.04312
15	0.01514	0.01298	0.06527	0.22740	0.09896	0.07204	0.04195	0.09151	0.02901	0.13539	0.01517	0.01797	0.03088	0.00723	0.02156	0.00190	0.00669	0.02503	0.07648	0.00745
16	0.00997	0.00645	0.00785	0.00731	0.00920	0.00587	0.00556	0.03461	0.01447	0.11161	0.31115	0.10930	0.28600	0.01358	0.03941	0.00216	0.00368	0.01038	0.00572	0.00570
17	0.01340	0.16851	0.33519	0.01590	0.05265	0.09465	0.11353	0.01820	0.04416	0.01689	0.04075	0.01332	0.00972	0.00570	0.00570	0.00168	0.03491	0.00462	0.00282	0.00768
18	0.04520	0.01630	0.19314	0.16426	0.07960	0.03915	0.10123	0.09746	0.03750	0.10797	0.03378	0.03574	0.01091	0.00622	0.00566	0.00179	0.00704	0.00544	0.00372	0.00786
19	0.01204	0.08767	0.09771	0.25281	0.02158	0.01098	0.01161	0.03524	0.03246	0.09035	0.04816	0.05364	0.09954	0.00879	0.00593	0.00190	0.00588	0.11304	0.00402	0.00664
20	0.01409	0.03709	0.18283	0.11881	0.11051	0.05655	0.12727	0.01786	0.01321	0.13243	0.06711	0.06947	0.01397	0.00678	0.00581	0.00179	0.00696	0.00615	0.00371	0.00759
21	0.04592	0.04034	0.02390	0.22514	0.01788	0.00858	0.00868	0.01327	0.01312	0.09605	0.18543	0.05588	0.22485	0.00969	0.00600	0.00182	0.00460	0.00821	0.00462	0.00601
22	0.06854	0.03440	0.26996	0.16082	0.10057	0.02963	0.13948	0.04623	0.01273	0.01829	0.02695	0.01539	0.04074	0.00581	0.00556	0.00179	0.00749	0.00519	0.00293	0.00750
23	0.10744	0.03803	0.16121	0.05001	0.15059	0.03344	0.08010	0.03595	0.04897	0.19625	0.01407	0.03638	0.01046	0.00609	0.00540	0.00176	0.00645	0.00521	0.00402	0.00819
24	0.10639	0.06012	0.08518	0.04304	0.03741	0.00933	0.00881	0.01770	0.01372	0.26032	0.15434	0.06606	0.09763	0.00851	0.00562	0.00177	0.00467	0.00702	0.00512	0.00723
25	0.09988	0.01062	0.03513	0.09710	0.02894	0.01142	0.03958	0.07798	0.04891	0.09362	0.14918	0.03684	0.04372	0.00880	0.00804	0.00197	0.14023	0.05681	0.00445	0.00679
26	0.01337	0.11030	0.15393	0.08366	0.09174	0.03358	0.06686	0.06028	0.03908	0.07918	0.10164	0.07417	0.01720	0.00762	0.00573	0.00178	0.00624	0.04235	0.00394	0.00738

[dist]
# distance from previous block
# <min> <max>
1	87

[block]
# block no. 2 follows, 42 sequences, length 55
# corresponding to MSA columns:
# 679-733
name=unknown_C
#
# <colnr> <probs for GDERKNQSTAVLIFYWHMCP>
#	G	D	E	R	K	N	Q	S	T	A	V	L	I	F	Y	W	H	M	C	P
0	0.03884	0.14583	0.06745	0.04550	0.04191	0.09839	0.04412	0.06786	0.04306	0.16316	0.04252	0.03654	0.01187	0.00672	0.00642	0.00167	0.07964	0.00509	0.00403	0.04938
1	0.08395	0.04166	0.10047	0.08535	0.08364	0.03223	0.02879	0.08111	0.08509	0.12507	0.05732	0.05512	0.04332	0.00734	0.00552	0.00175	0.00568	0.02515	0.00435	0.04709
2	0.05000	0.01173	0.05649	0.07698	0.03285	0.03130	0.00961	0.09082	0.06856	0.15800	0.08898	0.05579	0.01576	0.00800	0.02114	0.00181	0.05981	0.00583	0.00457	0.15196
3	0.01644	0.06943	0.04851	0.03269	0.07571	0.06156	0.09331	0.07453	0.03092	0.20536	0.03656	0.06719	0.02751	0.01964	0.00623	0.00173	0.02572	0.00601	0.02030	0.08065
4	0.14674	0.03387	0.08021	0.05296	0.06745	0.10200	0.03606	0.10344	0.01396	0.07344	0.03022	0.04917	0.01184	0.02080	0.00620	0.00177	0.04055	0.03942	0.00383	0.08609
5	0.09027	0.09992	0.04857	0.03307	0.06045	0.03248	0.06398	0.05605	0.08409	0.09602	0.08810	0.02166	0.03276	0.00722	0.00540	0.00168	0.00547	0.06729	0.00429	0.10123
6	0.07636	0.08151	0.05523	0.04543	0.06461	0.03133	0.03913	0.11242	0.09884	0.13647	0.10785	0.05370	0.01683	0.00751	0.00618	0.00177	0.04642	0.00607	0.00463	0.00770
7	0.01580	0.21478	0.11418	0.03964	0.05773	0.17517	0.04127	0.08478	0.03117	0.03148	0.00994	0.01167	0.00805	0.00573	0.00587	0.00154	0.06706	0.00409	0.00309	0.07697
8	0.10123	0.16277	0.05881	0.01201	0.01585	0.11351	0.03124	0.10917	0.15282	0.09985	0.01314	0.01365	0.01001	0.00644	0.00613	0.00170	0.07516	0.00458	0.00409	0.00784
9	0.01295	0.09695	0.13370	0.09254	0.01958	0.02720	0.14169	0.01679	0.02911	0.10701	0.18704	0.02412	0.02084	0.00761	0.00593	0.00180	0.00621	0.05770	0.00418	0.00707
10	0.00745	0.00561	0.00790	0.01007	0.07173	0.00531	0.00623	0.00863	0.01095	0.01470	0.02931	0.73283	0.03485	0.01657	0.00705	0.00223	0.00355	0.01508	0.00502	0.00493
11	0.00978	0.00489	0.00733	0.00733	0.00733	0.00489	0.00489	0.00733	0.00733	0.00978	0.00978	0.01711	0.00978	0.01955	0.02199	0.83627	0.00489	0.00489	0.00244	0.00244
12	0.00800	0.00592	0.00754	0.00776	0.00883	0.00573	0.00558	0.01107	0.07583	0.01921	0.39429	0.35787	0.04342	0.01375	0.00679	0.00200	0.00306	0.01230	0.00575	0.00530
13	0.01607	0.67385	0.02724	0.01039	0.01494	0.12051	0.00983	0.04587	0.01260	0.01417	0.00816	0.00935	0.00732	0.00502	0.00388	0.00125	0.00656	0.00317	0.00260	0.00722
14	0.01360	0.01325	0.02322	0.09562	0.64546	0.01337	0.07823	0.01710	0.01273	0.01803	0.01060	0.01412	0.00877	0.00504	0.00567	0.00171	0.00699	0.00515	0.00277	0.00858
15	0.00890	0.00729	0.01069	0.01020	0.01100	0.00909	0.00810	0.01075	0.00896	0.01316	0.01353	0.02014	0.01272	0.03569	0.62666	0.00772	0.17143	0.00581	0.00290	0.00525
16	0.04116	0.01111	0.01578	0.25337	0.10543	0.01167	0.01185	0.13259	0.01566	0.32123	0.01543	0.01616	0.01051	0.00626	0.00558	0.00177	0.00604	0.00522	0.00483	0.00838
17	0.01167	0.01000	0.01167	0.00834	0.01334	0.00750	0.00667	0.01417	0.01167	0.01834	0.01000	0.01167	0.00834	0.00417	0.00417	0.00083	0.00417	0.00333	0.00333	0.83663
18	0.01453	0.04703	0.04556	0.21743	0.19440	0.03463	0.12938	0.08306	0.09184	0.06782	0.01268	0.01507	0.00957	0.00571	0.00568	0.00177	0.00706	0.00530	0.00353	0.00797
19	0.05174	0.01361	0.01516	0.11811	0.01860	0.07419	0.01077	0.23101	0.14493	0.08707	0.01494	0.01595	0.03087	0.00736	0.00770	0.00188	0.13840	0.00530	0.00449	0.00791
20	0.00814	0.00546	0.00613	0.00613	0.00618	0.00544	0.00343	0.00818	0.00832	0.01103	0.01886	0.03732	0.04178	0.77965	0.02801	0.00535	0.00538	0.00829	0.00346	0.00345
21	0.01299	0.00867	0.01041	0.04178	0.01269	0.00837	0.00724	0.12933	0.04572	0.13129	0.11800	0.14997	0.16597	0.01050	0.00611	0.00179	0.00418	0.03253	0.00536	0.09708
22	0.01411	0.49282	0.08873	0.01223	0.01619	0.03603	0.04932	0.01632	0.01099	0.01396	0.00811	0.01040	0.00732	0.00608	0.00751	0.00160	0.19500	0.00377	0.00245	0.00706
23	0.00686	0.00490	0.00653	0.00784	0.00816	0.00457	0.00522	0.00784	0.01077	0.01437	0.03102	0.79855	0.03722	0.01763	0.00718	0.00229	0.00326	0.01600	0.00522	0.00457
24	0.00686	0.00490	0.00653	0.00784	0.00816	0.00457	0.00522	0.00784	0.01077	0.01437	0.03102	0.79855	0.03722	0.01763	0.00718	0.00229	0.00326	0.01600	0.00522	0.00457
25	0.02139	0.01576	0.01689	0.01295	0.01745	0.01745	0.01070	0.74835	0.02646	0.03547	0.01351	0.01351	0.00957	0.00676	0.00563	0.00169	0.00619	0.00507	0.00563	0.00957
26	0.01580	0.66530	0.05599	0.00999	0.01486	0.03932	0.00989	0.01783	0.01196	0.07705	0.00920	0.01009	0.00781	0.00502	0.00390	0.00127	0.00605	0.00330	0.00283	0.03250
27	0.01178	0.02846	0.73613	0.01589	0.02402	0.01328	0.02030	0.05350	0.01259	0.01868	0.01027	0.01196	0.00725	0.00542	0.00536	0.00178	0.00821	0.00420	0.00254	0.00838
28	0.01226	0.01135	0.01995	0.49728	0.20662	0.01273	0.09737	0.01597	0.01203	0.04498	0.01076	0.01493	0.00820	0.00544	0.00573	0.00183	0.00743	0.00521	0.00278	0.00715
29	0.01242	0.01068	0.01124	0.01024	0.01311	0.01197	0.00792	0.02517	0.59232	0.02200	0.05935	0.02784	0.15364	0.00899	0.00593	0.00190	0.00409	0.00751	0.00566	0.00801
30	0.02102	0.02682	0.01595	0.01450	0.01740	0.77963	0.01087	0.02247	0.01595	0.01377	0.00870	0.01015	0.00725	0.00580	0.00507	0.00145	0.01015	0.00362	0.00290	0.00652
31	0.01063	0.01000	0.01688	0.78870	0.03876	0.01250	0.01563	0.01438	0.01125	0.01438	0.01000	0.01500	0.00750	0.00563	0.00563	0.00188	0.00750	0.00500	0.00250	0.00625
32	0.01281	0.11815	0.60300	0.01513	0.02244	0.09974	0.01840	0.01823	0.01228	0.01684	0.00968	0.01136	0.00715	0.00534	0.00512	0.00168	0.00826	0.00397	0.00244	0.00799
33	0.00796	0.00575	0.00752	0.00708	0.00841	0.00531	0.00531	0.01062	0.01593	0.02257	0.76415	0.04204	0.05310	0.01150	0.00664	0.00177	0.00265	0.01018	0.00619	0.00531
34	0.00689	0.00492	0.00656	0.00781	0.00817	0.00459	0.00523	0.00791	0.01092	0.01460	0.05156	0.77735	0.03767	0.01746	0.00717	0.00227	0.00325	0.01584	0.00525	0.00459
35	0.08765	0.01013	0.01407	0.40697	0.04843	0.01192	0.01181	0.06884	0.11831	0.01818	0.01461	0.10503	0.01285	0.03985	0.00656	0.00204	0.00610	0.00640	0.00363	0.00663
36	0.01527	0.00744	0.00996	0.00876	0.01054	0.00727	0.00653	0.07088	0.04810	0.23466	0.01515	0.04784	0.01239	0.01425	0.01461	0.45610	0.00487	0.00563	0.00427	0.00547
37	0.00707	0.00533	0.00655	0.00718	0.00816	0.00482	0.00510	0.00852	0.01234	0.01613	0.16783	0.42923	0.24660	0.01552	0.00695	0.00210	0.00310	0.03731	0.00539	0.00477
38	0.01289	0.01231	0.02096	0.27289	0.53692	0.01310	0.01675	0.01636	0.01232	0.01712	0.01040	0.01427	0.00847	0.00521	0.00559	0.00174	0.00694	0.00501	0.00270	0.00807
39	0.06017	0.03428	0.06628	0.03947	0.07010	0.01269	0.07099	0.25695	0.01744	0.18498	0.01647	0.11590	0.01348	0.00766	0.00573	0.00180	0.00590	0.00651	0.00492	0.00828
40	0.00978	0.00489	0.00733	0.00733	0.00733	0.00489	0.00489	0.00733	0.00733	0.00978	0.00978	0.01711	0.00978	0.01955	0.02199	0.83627	0.00489	0.00489	0.00244	0.00244
41	0.08431	0.73904	0.02771	0.00944	0.01415	0.02146	0.00933	0.01683	0.01128	0.01425	0.00782	0.00904	0.00713	0.00485	0.00360	0.00125	0.00588	0.00301	0.00250	0.00713
42	0.01511	0.01032	0.01420	0.15035	0.07202	0.00939	0.02366	0.04171	0.01323	0.19646	0.01351	0.03069	0.01020	0.00553	0.00504	0.00137	0.00524	0.00469	0.00411	0.37317
43	0.00858	0.00615	0.00795	0.00781	0.00863	0.00675	0.00564	0.01053	0.03818	0.01398	0.04921	0.02852	0.04837	0.27567	0.35912	0.00618	0.03017	0.00704	0.07681	0.00471
44	0.00833	0.00630	0.00834	0.00772	0.00894	0.00631	0.00590	0.01086	0.01532	0.02181	0.70076	0.03955	0.04927	0.01137	0.00763	0.00183	0.06876	0.00974	0.00588	0.00538
45	0.00876	0.07247	0.00809	0.00643	0.00683	0.00686	0.00393	0.00891	0.00846	0.01111	0.01690	0.03450	0.01935	0.73543	0.02655	0.00510	0.00550	0.00775	0.00333	0.00373
46	0.05319	0.03254	0.01703	0.13983	0.24899	0.01094	0.04606	0.01527	0.01188	0.01776	0.01094	0.04500	0.00943	0.00530	0.00502	0.00142	0.00574	0.00476	0.00307	0.31583
47	0.01349	0.07644	0.01932	0.19757	0.29223	0.03068	0.02882	0.06065	0.05127	0.03440	0.07415	0.01641	0.01257	0.00631	0.00644	0.00176	0.06112	0.00536	0.00337	0.00765
48	0.01571	0.09667	0.10745	0.05391	0.36831	0.01296	0.01431	0.01935	0.03337	0.16500	0.01280	0.01433	0.00965	0.00547	0.00530	0.00162	0.00628	0.00479	0.00361	0.04912
49	0.04414	0.01359	0.12130	0.04027	0.15339	0.03561	0.01130	0.03226	0.05989	0.13433	0.07211	0.02936	0.02775	0.00629	0.00528	0.00155	0.00552	0.00528	0.00410	0.19668
50	0.03275	0.04428	0.03987	0.09616	0.11371	0.01118	0.08828	0.05457	0.02952	0.06657	0.01177	0.02669	0.00949	0.01874	0.00568	0.00148	0.01955	0.00470	0.00348	0.32153
51	0.04102	0.01075	0.03118	0.11131	0.11583	0.01033	0.01031	0.05908	0.04238	0.23617	0.04546	0.05758	0.01370	0.02080	0.00638	0.00173	0.03742	0.00574	0.00459	0.13824
52	0.05380	0.03215	0.02932	0.23675	0.03969	0.13526	0.07290	0.05398	0.04228	0.08908	0.03711	0.04125	0.01116	0.00635	0.00572	0.00169	0.02429	0.00528	0.00363	0.07832
53	0.15639	0.01012	0.02670	0.03080	0.01323	0.00952	0.00748	0.06358	0.05487	0.03615	0.02733	0.15943	0.01471	0.00771	0.00552	0.00153	0.03654	0.00623	0.00405	0.32812
54	0.04237	0.03364	0.01537	0.03409	0.08834	0.02908	0.05711	0.09654	0.11930	0.24842	0.03548	0.05819	0.01425	0.02918	0.00621	0.00181	0.00543	0.00601	0.00504	0.07417

[dist]
# distance from previous block
# <min> <max>
4	89

[block]
# block no. 3 follows, 42 sequences, length 12
# corresponding to MSA columns:
# 835-846
name=unknown_D
#
# <colnr> <probs for GDERKNQSTAVLIFYWHMCP>
#	G	D	E	R	K	N	Q	S	T	A	V	L	I	F	Y	W	H	M	C	P
0	0.07522	0.07645	0.06000	0.01478	0.06499	0.04892	0.14965	0.12253	0.05504	0.10609	0.04108	0.03355	0.01167	0.00623	0.00578	0.00166	0.02914	0.00536	0.00407	0.08779
1	0.03503	0.08590	0.15845	0.09041	0.08320	0.01323	0.17807	0.05357	0.06440	0.09543	0.01376	0.05624	0.01108	0.02887	0.00631	0.00189	0.00699	0.00582	0.00359	0.00775
2	0.06925	0.04361	0.10271	0.01301	0.08161	0.04953	0.02525	0.08747	0.06873	0.13385	0.03561	0.14355	0.01565	0.00897	0.02764	0.00194	0.00580	0.00670	0.00443	0.07468
3	0.09511	0.09031	0.11606	0.14144	0.09019	0.09810	0.04611	0.06322	0.04029	0.05861	0.03217	0.03473	0.01036	0.00601	0.00516	0.00165	0.00669	0.00487	0.00343	0.05548
4	0.03520	0.33299	0.07176	0.04199	0.08999	0.07726	0.06226	0.05157	0.04718	0.01718	0.05147	0.01321	0.01064	0.00552	0.00471	0.00145	0.00642	0.00432	0.00313	0.07174
5	0.07092	0.07325	0.09624	0.07042	0.05826	0.03204	0.01089	0.08954	0.06494	0.22147	0.04433	0.01572	0.01189	0.00639	0.00582	0.00167	0.04174	0.00494	0.00450	0.07503
6	0.06539	0.10314	0.16398	0.04996	0.03106	0.07094	0.03816	0.06122	0.03509	0.06819	0.05143	0.04048	0.01351	0.13693	0.00967	0.00234	0.04247	0.00563	0.00358	0.00682
7	0.15046	0.67546	0.02601	0.00926	0.01386	0.02069	0.00905	0.01680	0.01113	0.01521	0.00783	0.00905	0.00704	0.00488	0.00359	0.00129	0.00575	0.00302	0.00258	0.00704
8	0.04199	0.01023	0.03095	0.07492	0.25542	0.00986	0.01056	0.03427	0.04197	0.05191	0.03794	0.04682	0.08326	0.13755	0.00942	0.00233	0.00548	0.03244	0.00379	0.07889
9	0.14677	0.01015	0.01547	0.66075	0.03419	0.01252	0.01407	0.01473	0.01098	0.01616	0.00965	0.01404	0.00727	0.00556	0.00528	0.00185	0.00699	0.00468	0.00266	0.00623
10	0.01136	0.00916	0.01096	0.00817	0.01235	0.00707	0.00638	0.01305	0.01096	0.01694	0.00997	0.01256	0.00857	0.00669	0.00709	0.13764	0.00429	0.00359	0.00319	0.70002
11	0.01298	0.10467	0.24627	0.03467	0.05151	0.13791	0.01267	0.01643	0.03315	0.03321	0.01363	0.07378	0.02680	0.08950	0.04325	0.00244	0.05157	0.00567	0.00310	0.00681

[dist]
# distance from previous block
# <min> <max>
0	2

[block]
# block no. 4 follows, 42 sequences, length 42
# corresponding to MSA columns:
# 849-859,870-900
name=unknown_E
#
# <colnr> <probs for GDERKNQSTAVLIFYWHMCP>
#	G	D	E	R	K	N	Q	S	T	A	V	L	I	F	Y	W	H	M	C	P
0	0.01672	0.01409	0.04690	0.03495	0.07737	0.11751	0.09065	0.08892	0.01460	0.18132	0.05401	0.03770	0.02582	0.00816	0.02515	0.00200	0.12719	0.00581	0.02356	0.00758
1	0.01213	0.01154	0.01960	0.44500	0.37070	0.01290	0.01638	0.01570	0.01196	0.01620	0.01027	0.01451	0.00815	0.00535	0.00560	0.00178	0.00713	0.00501	0.00263	0.00747
2	0.00788	0.00584	0.00679	0.00651	0.00821	0.00512	0.00490	0.00988	0.01429	0.04428	0.37375	0.06276	0.40379	0.01284	0.00662	0.00184	0.00284	0.01098	0.00572	0.00516
3	0.00678	0.00558	0.00598	0.00627	0.00785	0.00478	0.00463	0.00816	0.01245	0.01511	0.05113	0.19439	0.60138	0.01493	0.00679	0.00200	0.00301	0.03882	0.00522	0.00473
4	0.00699	0.00499	0.00668	0.00799	0.00837	0.00469	0.00545	0.00806	0.01091	0.01451	0.03094	0.75453	0.03693	0.01751	0.00722	0.00230	0.00338	0.05872	0.00522	0.00461
5	0.00687	0.00519	0.00638	0.00730	0.00812	0.00469	0.00508	0.00804	0.01145	0.01470	0.03856	0.55604	0.24928	0.01657	0.00705	0.00218	0.00321	0.03944	0.00522	0.00464
6	0.01455	0.00822	0.00900	0.00770	0.01011	0.00844	0.00609	0.18561	0.01598	0.11026	0.06744	0.02044	0.01582	0.00698	0.00471	0.00148	0.00370	0.00558	0.49114	0.00675
7	0.84197	0.01088	0.00827	0.00740	0.01088	0.01262	0.00609	0.01654	0.00958	0.02525	0.00784	0.00914	0.00609	0.00522	0.00348	0.00174	0.00435	0.00305	0.00348	0.00609
8	0.01213	0.03769	0.04817	0.00891	0.01404	0.00863	0.00758	0.04194	0.01223	0.01879	0.01007	0.01166	0.00829	0.00434	0.00426	0.00092	0.00450	0.00343	0.00334	0.73909
9	0.01334	0.00995	0.01184	0.00854	0.01346	0.00760	0.00687	0.01580	0.01222	0.11103	0.01150	0.01259	0.00902	0.00451	0.00435	0.00095	0.00424	0.00362	0.00378	0.73477
10	0.84197	0.01088	0.00827	0.00740	0.01088	0.01262	0.00609	0.01654	0.00958	0.02525	0.00784	0.00914	0.00609	0.00522	0.00348	0.00174	0.00435	0.00305	0.00348	0.00609
11	0.01525	0.00835	0.01044	0.00896	0.01170	0.00799	0.00707	0.06874	0.09239	0.27646	0.27364	0.07682	0.08051	0.00990	0.00620	0.00183	0.00392	0.02626	0.00622	0.00734
12	0.84197	0.01088	0.00827	0.00740	0.01088	0.01262	0.00609	0.01654	0.00958	0.02525	0.00784	0.00914	0.00609	0.00522	0.00348	0.00174	0.00435	0.00305	0.00348	0.00609
13	0.01393	0.01337	0.02284	0.03454	0.76712	0.01337	0.01727	0.01727	0.01281	0.01839	0.01059	0.01393	0.00891	0.00501	0.00557	0.00167	0.00669	0.00501	0.00279	0.00891
14	0.01444	0.01231	0.01297	0.01154	0.01480	0.01420	0.00901	0.07243	0.71371	0.02425	0.02235	0.02055	0.01673	0.00758	0.00572	0.00190	0.00456	0.00629	0.00572	0.00895
15	0.01367	0.01171	0.01248	0.01138	0.01444	0.01350	0.00892	0.02869	0.70730	0.02309	0.02337	0.02383	0.01819	0.00816	0.00586	0.00195	0.00450	0.05460	0.00569	0.00866
16	0.00686	0.00490	0.00653	0.00784	0.00816	0.00457	0.00522	0.00784	0.01077	0.01437	0.03102	0.79855	0.03722	0.01763	0.00718	0.00229	0.00326	0.01600	0.00522	0.00457
17	0.02525	0.00958	0.01306	0.01001	0.01437	0.00827	0.00827	0.02743	0.01611	0.77102	0.02220	0.01915	0.01393	0.00697	0.00566	0.00174	0.00479	0.00566	0.00697	0.00958
18	0.11492	0.01538	0.01683	0.01426	0.01585	0.16743	0.05517	0.05705	0.01146	0.01650	0.00828	0.01174	0.00739	0.00801	0.01258	0.00210	0.45112	0.00455	0.00287	0.00650
19	0.00688	0.00571	0.00602	0.00594	0.00774	0.00485	0.00446	0.00852	0.01337	0.01649	0.18026	0.05205	0.64078	0.01377	0.00665	0.00188	0.00282	0.01158	0.00539	0.00485
20	0.01147	0.00652	0.00835	0.00755	0.00957	0.00581	0.00578	0.01367	0.01501	0.18635	0.41644	0.09985	0.16849	0.01148	0.00647	0.00183	0.00321	0.00994	0.00612	0.00610
21	0.02470	0.00942	0.01277	0.00984	0.01408	0.00816	0.00811	0.02690	0.01595	0.74323	0.02206	0.01922	0.01395	0.00695	0.00560	0.00173	0.00471	0.00564	0.03758	0.00942
22	0.06397	0.01116	0.04281	0.52706	0.12021	0.01245	0.03290	0.01535	0.01164	0.04134	0.03549	0.01536	0.00933	0.00588	0.00595	0.00185	0.03257	0.00508	0.00287	0.00674
23	0.01213	0.01232	0.01918	0.01581	0.01676	0.01595	0.13247	0.01392	0.00952	0.01433	0.00953	0.06235	0.00946	0.00950	0.01581	0.00236	0.61370	0.00590	0.00270	0.00629
24	0.02329	0.00903	0.01211	0.00944	0.01340	0.00788	0.00775	0.02553	0.01565	0.67456	0.03929	0.01989	0.01491	0.00703	0.00550	0.00170	0.00451	0.00572	0.09379	0.00902
25	0.84197	0.01088	0.00827	0.00740	0.01088	0.01262	0.00609	0.01654	0.00958	0.02525	0.00784	0.00914	0.00609	0.00522	0.00348	0.00174	0.00435	0.00305	0.00348	0.00609
26	0.00796	0.00595	0.00888	0.00896	0.00992	0.00687	0.00691	0.00990	0.00916	0.01315	0.01614	0.07392	0.01561	0.04057	0.72835	0.00859	0.01429	0.00669	0.00316	0.00499
27	0.01550	0.01741	0.01795	0.37697	0.02844	0.31771	0.07822	0.05234	0.01401	0.01545	0.00977	0.01302	0.00759	0.00567	0.00550	0.00170	0.00867	0.00460	0.00284	0.00663
28	0.01147	0.00883	0.01063	0.00810	0.01207	0.00696	0.00640	0.01400	0.01308	0.06405	0.21431	0.02031	0.02075	0.00631	0.00492	0.00114	0.00380	0.00532	0.00432	0.56323
29	0.00729	0.00581	0.00705	0.04345	0.00962	0.00539	0.00552	0.00905	0.01272	0.01631	0.17785	0.18800	0.38825	0.01569	0.05305	0.00240	0.00393	0.03854	0.00514	0.00492
30	0.01129	0.02911	0.77306	0.01604	0.02436	0.01307	0.02079	0.01782	0.01188	0.01782	0.01010	0.01188	0.00713	0.00535	0.00535	0.00178	0.00832	0.00416	0.00238	0.00832
31	0.00751	0.00568	0.00692	0.00673	0.00815	0.00510	0.00500	0.00969	0.01467	0.01986	0.50752	0.09608	0.26109	0.01272	0.00668	0.00184	0.00275	0.01107	0.00585	0.00510
32	0.02102	0.02682	0.01595	0.01450	0.01740	0.77963	0.01087	0.02247	0.01595	0.01377	0.00870	0.01015	0.00725	0.00580	0.00507	0.00145	0.01015	0.00362	0.00290	0.00652
33	0.10310	0.00970	0.01260	0.00976	0.01403	0.00869	0.00806	0.02639	0.01548	0.69993	0.02083	0.01820	0.01318	0.00680	0.00545	0.00174	0.00475	0.00541	0.00663	0.00925
34	0.02139	0.01576	0.01689	0.01295	0.01745	0.01745	0.01070	0.74835	0.02646	0.03547	0.01351	0.01351	0.00957	0.00676	0.00563	0.00169	0.00619	0.00507	0.00563	0.00957
35	0.01505	0.80561	0.02949	0.00963	0.01444	0.02227	0.00963	0.01685	0.01143	0.01324	0.00782	0.00903	0.00722	0.00481	0.00361	0.00120	0.00602	0.00301	0.00241	0.00722
36	0.01391	0.57063	0.25451	0.01157	0.01744	0.01948	0.01301	0.01715	0.01157	0.01463	0.00851	0.00989	0.00719	0.00498	0.00414	0.00138	0.00671	0.00336	0.00240	0.00755
37	0.01063	0.01000	0.01688	0.78870	0.03876	0.01250	0.01563	0.01438	0.01125	0.01438	0.01000	0.01500	0.00750	0.00563	0.00563	0.00188	0.00750	0.00500	0.00250	0.00625
38	0.01732	0.01374	0.01460	0.01213	0.01590	0.01555	0.00971	0.35298	0.42846	0.02890	0.01868	0.01763	0.01376	0.00724	0.00568	0.00181	0.00524	0.00578	0.00568	0.00921
39	0.09660	0.01007	0.01275	0.00983	0.01416	0.00912	0.00810	0.06562	0.01580	0.61304	0.01962	0.01745	0.01261	0.00661	0.00536	0.00168	0.00479	0.00524	0.00634	0.06522
40	0.31889	0.01414	0.03880	0.01099	0.01507	0.04790	0.02562	0.31933	0.04545	0.07950	0.01235	0.02704	0.00920	0.00631	0.00487	0.00173	0.00563	0.00457	0.00465	0.00797
41	0.01106	0.00720	0.00980	0.06109	0.04706	0.00692	0.00709	0.03791	0.01553	0.12041	0.50118	0.06478	0.06670	0.01039	0.00638	0.00179	0.00360	0.00911	0.00580	0.00620

[dist]
# distance from previous block
# <min> <max>
4	23

[block]
# block no. 5 follows, 42 sequences, length 11
# corresponding to MSA columns:
# 934-944
name=unknown_F
#
# <colnr> <probs for GDERKNQSTAVLIFYWHMCP>
#	G	D	E	R	K	N	Q	S	T	A	V	L	I	F	Y	W	H	M	C	P
0	0.00744	0.00575	0.00684	0.00691	0.00840	0.00514	0.00528	0.00944	0.01388	0.01817	0.32526	0.10714	0.35370	0.01359	0.00681	0.00196	0.00306	0.09064	0.00560	0.00500
1	0.06924	0.01033	0.07388	0.06629	0.01487	0.00921	0.07428	0.01523	0.15260	0.01875	0.11967	0.06999	0.26345	0.00999	0.00609	0.00188	0.00464	0.00860	0.00467	0.00634
2	0.01687	0.01535	0.08040	0.21234	0.02285	0.08017	0.01239	0.27097	0.13260	0.07871	0.01399	0.01504	0.01013	0.00641	0.00557	0.00176	0.00668	0.00509	0.00443	0.00825
3	0.02504	0.00991	0.01327	0.01017	0.01453	0.00876	0.00840	0.06609	0.01666	0.73157	0.02174	0.01885	0.01370	0.00695	0.00566	0.00174	0.00486	0.00563	0.00689	0.00958
4	0.01152	0.00783	0.01022	0.01062	0.01252	0.00802	0.00912	0.06758	0.07538	0.07271	0.02751	0.05320	0.02816	0.01365	0.00730	0.00241	0.00517	0.56559	0.00539	0.00612
5	0.01300	0.02537	0.56761	0.01660	0.02402	0.01385	0.11416	0.12297	0.01416	0.02039	0.01076	0.01255	0.00766	0.00547	0.00556	0.00178	0.00816	0.00461	0.00291	0.00840
6	0.08690	0.01559	0.01309	0.01204	0.01484	0.25229	0.00974	0.18274	0.05050	0.02111	0.01731	0.02890	0.01641	0.00926	0.00598	0.00193	0.00686	0.24321	0.00445	0.00684
7	0.01553	0.01394	0.02208	0.22279	0.02695	0.07859	0.28330	0.08384	0.06185	0.11480	0.01309	0.01543	0.00948	0.00571	0.00596	0.00182	0.00780	0.00567	0.00371	0.00766
8	0.01817	0.01315	0.01433	0.01183	0.01566	0.01458	0.00950	0.29901	0.39090	0.12096	0.01930	0.01796	0.01392	0.00722	0.00568	0.00181	0.00515	0.00579	0.00584	0.00924
9	0.00685	0.00526	0.00628	0.00698	0.00796	0.00469	0.00487	0.00810	0.01188	0.01520	0.08707	0.46754	0.31522	0.01596	0.00695	0.00211	0.00307	0.01406	0.00529	0.00469
10	0.08143	0.04709	0.01159	0.00959	0.01173	0.09389	0.00724	0.13794	0.04715	0.01824	0.01495	0.13324	0.01491	0.13193	0.01169	0.11796	0.03367	0.00665	0.00389	0.06520

[dist]
# distance from previous block
# <min> <max>
0	38

[block]
# block no. 6 follows, 42 sequences, length 15
# corresponding to MSA columns:
# 984-998
name=unknown_G
#
# <colnr> <probs for GDERKNQSTAVLIFYWHMCP>
#	G	D	E	R	K	N	Q	S	T	A	V	L	I	F	Y	W	H	M	C	P
0	0.16490	0.21309	0.13354	0.01345	0.09327	0.09065	0.01134	0.06422	0.02813	0.06114	0.01105	0.03535	0.00912	0.00745	0.03951	0.00192	0.00678	0.00433	0.00333	0.00743
1	0.20260	0.06375	0.01748	0.18857	0.09449	0.09401	0.08614	0.08155	0.01339	0.06802	0.01053	0.01274	0.00800	0.00549	0.00501	0.00168	0.00671	0.00445	0.00341	0.03198
2	0.01208	0.01140	0.01878	0.39435	0.34709	0.01268	0.01554	0.01626	0.05412	0.01664	0.01270	0.01631	0.03630	0.00579	0.00565	0.00179	0.00681	0.00533	0.00290	0.00748
3	0.01156	0.01000	0.01222	0.09146	0.01604	0.00803	0.00762	0.01419	0.01163	0.01792	0.01000	0.01202	0.00825	0.00432	0.00432	0.00094	0.00452	0.00351	0.00325	0.74818
4	0.01907	0.02326	0.01566	0.09660	0.01934	0.60610	0.01114	0.02250	0.10431	0.01501	0.01054	0.01197	0.00847	0.00600	0.00521	0.00155	0.00918	0.00410	0.00320	0.00678
5	0.00949	0.00515	0.00560	0.00596	0.00700	0.00506	0.00429	0.01166	0.01152	0.01916	0.02184	0.23470	0.02069	0.00960	0.00483	0.00158	0.00280	0.00820	0.60582	0.00506
6	0.00708	0.00561	0.00637	0.00641	0.00792	0.00490	0.00472	0.00883	0.01352	0.01737	0.27191	0.14792	0.44980	0.01385	0.00672	0.00191	0.00284	0.01189	0.00552	0.00490
7	0.00699	0.00571	0.00617	0.00605	0.00781	0.00489	0.00454	0.00873	0.01362	0.01708	0.23734	0.05107	0.58333	0.01355	0.00665	0.00187	0.00280	0.01144	0.00547	0.00489
8	0.00697	0.00498	0.00666	0.00796	0.00834	0.00467	0.00542	0.00803	0.01088	0.01449	0.03096	0.76148	0.03698	0.01753	0.00721	0.00230	0.00336	0.05197	0.00522	0.00460
9	0.01505	0.80561	0.02949	0.00963	0.01444	0.02227	0.00963	0.01685	0.01143	0.01324	0.00782	0.00903	0.00722	0.00481	0.00361	0.00120	0.00602	0.00301	0.00241	0.00722
10	0.01129	0.02911	0.77306	0.01604	0.02436	0.01307	0.02079	0.01782	0.01188	0.01782	0.01010	0.01188	0.00713	0.00535	0.00535	0.00178	0.00832	0.00416	0.00238	0.00832
11	0.00715	0.00562	0.00646	0.00646	0.00796	0.00493	0.00476	0.00897	0.01371	0.01777	0.31022	0.13903	0.41958	0.01366	0.00671	0.00190	0.00283	0.01176	0.00558	0.00493
12	0.01505	0.80561	0.02949	0.00963	0.01444	0.02227	0.00963	0.01685	0.01143	0.01324	0.00782	0.00903	0.00722	0.00481	0.00361	0.00120	0.00602	0.00301	0.00241	0.00722
13	0.84197	0.01088	0.00827	0.00740	0.01088	0.01262	0.00609	0.01654	0.00958	0.02525	0.00784	0.00914	0.00609	0.00522	0.00348	0.00174	0.00435	0.00305	0.00348	0.00609
14	0.02225	0.00886	0.01195	0.00954	0.01333	0.00768	0.00772	0.02426	0.01536	0.64818	0.02509	0.10413	0.05838	0.00851	0.00588	0.00181	0.00452	0.00711	0.00668	0.00877

[dist]
# distance from previous block
# <min> <max>
4	9

[block]
# block no. 7 follows, 42 sequences, length 16
# corresponding to MSA columns:
# 1009-1024
name=unknown_H
#
# <colnr> <probs for GDERKNQSTAVLIFYWHMCP>
#	G	D	E	R	K	N	Q	S	T	A	V	L	I	F	Y	W	H	M	C	P
0	0.00779	0.00586	0.00652	0.00646	0.00825	0.00506	0.00490	0.00946	0.01332	0.04909	0.16311	0.10198	0.53764	0.01380	0.00669	0.00193	0.00304	0.04460	0.00545	0.00505
1	0.06198	0.14112	0.12104	0.01549	0.07275	0.04282	0.14574	0.09376	0.03319	0.17886	0.01300	0.01391	0.00942	0.00580	0.00565	0.00169	0.02671	0.00489	0.00396	0.00822
2	0.03706	0.00854	0.01107	0.00919	0.01239	0.00779	0.00739	0.05974	0.01559	0.43068	0.15548	0.09661	0.02343	0.00903	0.00593	0.00180	0.00426	0.04053	0.03478	0.02873
3	0.00676	0.00526	0.00616	0.00688	0.00791	0.00465	0.00480	0.00794	0.01170	0.01474	0.04270	0.46396	0.36427	0.01611	0.00694	0.00211	0.00308	0.01415	0.00522	0.00465
4	0.01025	0.00949	0.01691	0.01363	0.03050	0.00911	0.26150	0.01396	0.04169	0.01998	0.34988	0.07068	0.05563	0.00908	0.00681	0.00185	0.02541	0.00875	0.03865	0.00626
5	0.01648	0.15140	0.27288	0.04181	0.08288	0.16754	0.01430	0.03681	0.01368	0.13444	0.01145	0.01252	0.00845	0.00562	0.00509	0.00161	0.00754	0.00422	0.00332	0.00798
6	0.00734	0.00572	0.00678	0.00736	0.00875	0.00516	0.00570	0.00901	0.01255	0.01573	0.07373	0.21538	0.40036	0.01518	0.00704	0.00215	0.00350	0.18848	0.00525	0.00484
7	0.01174	0.00671	0.00803	0.00714	0.00953	0.00579	0.00555	0.01366	0.01442	0.21099	0.21821	0.04226	0.40083	0.01172	0.00639	0.00183	0.00330	0.00987	0.00591	0.00612
8	0.01550	0.02996	0.01858	0.14926	0.22907	0.06189	0.06575	0.07488	0.10960	0.11302	0.01419	0.04143	0.01114	0.00644	0.00612	0.00179	0.03376	0.00562	0.00393	0.00808
9	0.02271	0.00986	0.01434	0.01098	0.01523	0.00871	0.07096	0.02547	0.03550	0.63556	0.05248	0.02077	0.03592	0.00718	0.00581	0.00176	0.00504	0.00612	0.00650	0.00908
10	0.01261	0.08619	0.09224	0.00968	0.01488	0.01035	0.00875	0.05612	0.05367	0.01904	0.01072	0.01206	0.00866	0.00468	0.00440	0.00107	0.00489	0.00365	0.00341	0.58292
11	0.00793	0.00608	0.00823	0.00914	0.03748	0.00584	0.00641	0.00952	0.01093	0.01485	0.02749	0.40878	0.09626	0.02079	0.17090	0.00357	0.00610	0.07283	0.00451	0.07237
12	0.01439	0.01189	0.01632	0.04610	0.10419	0.02739	0.08629	0.09781	0.03896	0.08136	0.02819	0.01486	0.01047	0.02596	0.00646	0.00153	0.04858	0.00479	0.00382	0.33063
13	0.05344	0.04229	0.03256	0.04041	0.15756	0.02977	0.02926	0.16276	0.11744	0.07493	0.01617	0.02815	0.05231	0.00646	0.00532	0.00160	0.00558	0.00537	0.00430	0.13431
14	0.01382	0.01235	0.04269	0.07372	0.38773	0.02793	0.01329	0.03990	0.07150	0.07490	0.05556	0.07556	0.01431	0.00674	0.00566	0.00170	0.00588	0.00611	0.00380	0.06687
15	0.05900	0.01398	0.01884	0.08058	0.32898	0.06597	0.04695	0.14632	0.07218	0.04938	0.01216	0.01410	0.00943	0.00564	0.00543	0.00166	0.00652	0.00493	0.00372	0.05422

[dist]
# distance from previous block
# <min> <max>
0	48

[block]
# block no. 8 follows, 42 sequences, length 38
# corresponding to MSA columns:
# 1073-1110
name=unknown_I
#
# <colnr> <probs for GDERKNQSTAVLIFYWHMCP>
#	G	D	E	R	K	N	Q	S	T	A	V	L	I	F	Y	W	H	M	C	P
0	0.15764	0.01322	0.01692	0.04664	0.23461	0.05469	0.04831	0.14197	0.05144	0.14584	0.02704	0.01467	0.01043	0.00596	0.00530	0.00172	0.00607	0.00496	0.00427	0.00829
1	0.05517	0.03360	0.03521	0.04796	0.38974	0.01312	0.09285	0.08242	0.04764	0.07879	0.04320	0.01634	0.02680	0.00589	0.00562	0.00172	0.00638	0.00549	0.00369	0.00837
2	0.21367	0.01511	0.01553	0.11835	0.11556	0.14640	0.02125	0.18993	0.03214	0.03336	0.01054	0.01237	0.00811	0.00597	0.00556	0.00172	0.03884	0.00437	0.00372	0.00751
3	0.08635	0.02210	0.01560	0.15807	0.05102	0.02971	0.07227	0.12437	0.08950	0.10753	0.03908	0.01754	0.01221	0.00716	0.01911	0.00187	0.02346	0.02625	0.03736	0.05944
4	0.01189	0.01098	0.01407	0.01174	0.01390	0.01267	0.03144	0.01648	0.16193	0.01687	0.01584	0.01851	0.07337	0.04072	0.01158	0.00202	0.32458	0.00561	0.00361	0.20218
5	0.01245	0.00915	0.01112	0.00879	0.01241	0.00802	0.00690	0.07047	0.01235	0.08073	0.01332	0.03092	0.01155	0.07595	0.16371	0.00303	0.00667	0.00482	0.00379	0.45383
6	0.00701	0.00497	0.00653	0.00767	0.00800	0.00467	0.00508	0.00796	0.01074	0.01437	0.05601	0.70805	0.03639	0.08288	0.00895	0.00253	0.00343	0.01514	0.00511	0.00450
7	0.01196	0.01074	0.01418	0.18094	0.04022	0.01196	0.06443	0.03519	0.36108	0.01978	0.04117	0.02507	0.14289	0.00812	0.00595	0.00189	0.00527	0.00705	0.00465	0.00745
8	0.01062	0.00961	0.01591	0.72332	0.03607	0.01190	0.01465	0.01427	0.01130	0.01493	0.01070	0.01550	0.00808	0.00570	0.00549	0.00183	0.00709	0.00502	0.07184	0.00617
9	0.01167	0.01000	0.01167	0.00834	0.01334	0.00750	0.00667	0.01417	0.01167	0.01834	0.01000	0.01167	0.00834	0.00417	0.00417	0.00083	0.00417	0.00333	0.00333	0.83663
10	0.00697	0.00538	0.00638	0.00693	0.00806	0.00479	0.00495	0.00838	0.01231	0.01577	0.12979	0.37756	0.34102	0.01543	0.00691	0.00207	0.00307	0.03414	0.00534	0.00475
11	0.00675	0.00570	0.00584	0.00581	0.00766	0.00479	0.00436	0.00827	0.01307	0.01577	0.11154	0.05322	0.70995	0.01404	0.00665	0.00189	0.00284	0.01175	0.00530	0.00479
12	0.00947	0.00522	0.00562	0.00584	0.00675	0.00517	0.00406	0.01135	0.01099	0.01808	0.02038	0.15454	0.01933	0.14983	0.00887	0.00221	0.00323	0.00758	0.54668	0.00481
13	0.00736	0.00624	0.00642	0.00628	0.00825	0.00556	0.00474	0.01008	0.07514	0.01643	0.10475	0.05052	0.65153	0.01350	0.00657	0.00189	0.00297	0.01130	0.00534	0.00514
14	0.01086	0.00535	0.00544	0.00537	0.00675	0.00532	0.00404	0.01347	0.01191	0.03995	0.01846	0.02093	0.01441	0.00657	0.00398	0.00132	0.00268	0.00526	0.81256	0.00535
15	0.02102	0.02682	0.01595	0.01450	0.01740	0.77963	0.01087	0.02247	0.01595	0.01377	0.00870	0.01015	0.00725	0.00580	0.00507	0.00145	0.01015	0.00362	0.00290	0.00652
16	0.01483	0.48135	0.10067	0.01185	0.01585	0.10840	0.01143	0.01696	0.01145	0.01382	0.00807	0.01009	0.00725	0.00597	0.00686	0.00154	0.16052	0.00357	0.00247	0.00704
17	0.01158	0.01096	0.02072	0.05707	0.17485	0.01058	0.28766	0.01468	0.01239	0.04175	0.01807	0.26120	0.01825	0.00919	0.00653	0.00198	0.00661	0.02531	0.00375	0.00687
18	0.00854	0.00611	0.00873	0.00859	0.00922	0.00700	0.00637	0.00952	0.00863	0.01225	0.01440	0.02352	0.01426	0.17363	0.49848	0.12331	0.05384	0.00620	0.00298	0.00444
19	0.02369	0.00962	0.01281	0.01001	0.01415	0.00859	0.00820	0.02695	0.07323	0.68349	0.05188	0.02021	0.01574	0.00720	0.00570	0.00176	0.00468	0.00589	0.00684	0.00936
20	0.01381	0.01108	0.01269	0.00924	0.01414	0.00940	0.00746	0.15312	0.01456	0.03824	0.01094	0.01218	0.00869	0.00472	0.00448	0.00102	0.00456	0.00371	0.00385	0.66211
21	0.01675	0.00902	0.01154	0.00956	0.01243	0.00893	0.00766	0.08152	0.07203	0.32290	0.30016	0.02701	0.02815	0.00889	0.00684	0.00181	0.05361	0.00732	0.00619	0.00770
22	0.00686	0.00490	0.00653	0.00784	0.00816	0.00457	0.00522	0.00784	0.01077	0.01437	0.03102	0.79855	0.03722	0.01763	0.00718	0.00229	0.00326	0.01600	0.00522	0.00457
23	0.01097	0.01035	0.01749	0.71092	0.11388	0.01259	0.01580	0.01468	0.01141	0.01479	0.01006	0.01489	0.00765	0.00556	0.00562	0.00185	0.00742	0.00500	0.00253	0.00653
24	0.04082	0.01124	0.04460	0.01154	0.07729	0.00871	0.03537	0.01612	0.01221	0.09370	0.01125	0.01266	0.00883	0.00462	0.00455	0.00110	0.00481	0.00385	0.00360	0.59312
25	0.00683	0.00498	0.00644	0.00760	0.00810	0.00459	0.00512	0.00786	0.01100	0.01446	0.03383	0.71800	0.11596	0.01727	0.00713	0.00224	0.00322	0.01555	0.00522	0.00459
26	0.01016	0.00854	0.01380	0.53644	0.02913	0.01009	0.01239	0.01307	0.01132	0.04536	0.01643	0.23630	0.01615	0.00907	0.00607	0.00199	0.00620	0.00813	0.00345	0.00591
27	0.01365	0.06941	0.11282	0.04373	0.20695	0.01182	0.11094	0.01713	0.01251	0.07580	0.01113	0.01324	0.00869	0.00491	0.00512	0.00143	0.00631	0.00451	0.00320	0.26670
28	0.00816	0.00701	0.03125	0.00890	0.00995	0.00704	0.00699	0.00992	0.01115	0.01529	0.11985	0.25795	0.11286	0.04346	0.18449	0.00383	0.09244	0.05998	0.00440	0.00508
29	0.02319	0.00953	0.01244	0.00970	0.01371	0.00861	0.00796	0.06886	0.03155	0.63086	0.02128	0.01905	0.01379	0.00692	0.00547	0.00170	0.00463	0.00559	0.09604	0.00910
30	0.01364	0.04504	0.02260	0.10716	0.36531	0.01305	0.17422	0.01782	0.05760	0.05728	0.01322	0.06390	0.01115	0.00606	0.00585	0.00178	0.00691	0.00609	0.00330	0.00803
31	0.00849	0.00695	0.00907	0.02921	0.01061	0.00662	0.05012	0.01050	0.01332	0.03990	0.21065	0.04331	0.44362	0.01212	0.00733	0.00189	0.05676	0.01017	0.02402	0.00534
32	0.00806	0.00548	0.00610	0.00610	0.00626	0.00540	0.00348	0.00817	0.00857	0.01127	0.02101	0.03827	0.08257	0.73647	0.02681	0.00516	0.00524	0.00849	0.00356	0.00352
33	0.01186	0.15602	0.09920	0.04166	0.01493	0.02954	0.03650	0.07605	0.07026	0.01978	0.25190	0.05783	0.04918	0.00873	0.00613	0.00175	0.02888	0.02862	0.00444	0.00674
34	0.00777	0.00547	0.00710	0.00780	0.00842	0.00526	0.00557	0.00914	0.01154	0.01554	0.15914	0.35554	0.03545	0.18947	0.01194	0.00295	0.00400	0.14835	0.00499	0.00456
35	0.03466	0.19978	0.07446	0.24565	0.02336	0.07611	0.03559	0.07517	0.04312	0.01664	0.00983	0.01261	0.00793	0.00615	0.00686	0.00174	0.11597	0.00442	0.00291	0.00705
36	0.01652	0.01112	0.01401	0.13042	0.04582	0.01129	0.00979	0.09491	0.20039	0.20748	0.01662	0.01663	0.01195	0.00624	0.00535	0.00160	0.00520	0.00516	0.00491	0.18459
37	0.01266	0.01024	0.01283	0.04162	0.07254	0.00820	0.00794	0.01525	0.01202	0.06554	0.01082	0.01245	0.00870	0.00447	0.00443	0.00100	0.00453	0.00368	0.00349	0.68760

[dist]
# distance from previous block
# <min> <max>
0	1

[block]
# block no. 9 follows, 42 sequences, length 22
# corresponding to MSA columns:
# 1112-1133
name=unknown_J
#
# <colnr> <probs for GDERKNQSTAVLIFYWHMCP>
#	G	D	E	R	K	N	Q	S	T	A	V	L	I	F	Y	W	H	M	C	P
0	0.04905	0.11012	0.05175	0.01189	0.01568	0.07707	0.01020	0.25100	0.08886	0.04456	0.03886	0.01401	0.01086	0.00668	0.00673	0.00165	0.10365	0.00470	0.00421	0.09846
1	0.01518	0.03285	0.04637	0.01236	0.01711	0.03844	0.12696	0.11926	0.06039	0.10510	0.01349	0.04067	0.01058	0.00573	0.00520	0.00141	0.00578	0.00502	0.00412	0.33399
