[name]
unknown

[dist]
# distance from previous block
# <min> <max>
0	459

[block]
# block no. 0 follows, 42 sequences, length 7
# corresponding to MSA columns:
# 529-535
name=unknown_A
#
# <colnr> <probs for GDERKNQSTAVLIFYWHMCP>
#	G	D	E	R	K	N	Q	S	T	A	V	L	I	F	Y	W	H	M	C	P
0	0.01214	0.03933	0.01159	0.00982	0.01202	0.03170	0.06799	0.05326	0.08954	0.08953	0.04710	0.27321	0.03946	0.01074	0.00596	0.00187	0.00444	0.03801	0.15592	0.00633
1	0.01150	0.00987	0.06571	0.00985	0.03585	0.02896	0.00768	0.08538	0.04940	0.07588	0.12312	0.21822	0.10777	0.08558	0.00831	0.00219	0.00453	0.00939	0.00491	0.05590
2	0.01389	0.04376	0.01133	0.00948	0.01184	0.05357	0.00718	0.09993	0.12606	0.13024	0.07981	0.21308	0.02273	0.11277	0.00892	0.00231	0.00478	0.00861	0.00513	0.03458
3	0.08139	0.16773	0.06779	0.01266	0.03032	0.03877	0.09682	0.11745	0.06598	0.10217	0.01317	0.01401	0.02534	0.00587	0.00539	0.00156	0.03013	0.00466	0.00391	0.11488
4	0.42242	0.12014	0.07564	0.01068	0.05865	0.01376	0.00895	0.08537	0.01209	0.02263	0.00901	0.01039	0.00713	0.00517	0.00407	0.00154	0.00519	0.00348	0.00339	0.12030
5	0.04623	0.11587	0.23062	0.01462	0.12803	0.03100	0.01261	0.01739	0.05116	0.08217	0.01816	0.01879	0.11684	0.00665	0.00520	0.00161	0.00599	0.00535	0.00357	0.08817
6	0.01171	0.00924	0.01485	0.58862	0.03156	0.01099	0.01340	0.01513	0.01184	0.07803	0.01337	0.01975	0.01066	0.00661	0.00564	0.00187	0.00663	0.06238	0.08138	0.00635

[dist]
# distance from previous block
# <min> <max>
0	2

[block]
# block no. 1 follows, 42 sequences, length 6
# corresponding to MSA columns:
# 538-543
name=unknown_B
#
# <colnr> <probs for GDERKNQSTAVLIFYWHMCP>
#	G	D	E	R	K	N	Q	S	T	A	V	L	I	F	Y	W	H	M	C	P
0	0.07239	0.08512	0.51701	0.01410	0.02078	0.06815	0.01666	0.06060	0.01307	0.01904	0.05463	0.01323	0.00994	0.00578	0.00515	0.00170	0.00752	0.00436	0.00291	0.00784
1	0.01001	0.00754	0.04465	0.06842	0.01220	0.00677	0.00732	0.01193	0.01234	0.10099	0.16497	0.31171	0.07303	0.07551	0.00883	0.00232	0.03416	0.03671	0.00501	0.00558
2	0.00896	0.00604	0.00764	0.00753	0.00911	0.00550	0.00584	0.01114	0.01433	0.07261	0.37474	0.11450	0.20815	0.01296	0.00679	0.00197	0.00328	0.11771	0.00579	0.00540
3	0.04045	0.25225	0.11752	0.01129	0.01597	0.06114	0.01061	0.06900	0.18031	0.11887	0.01396	0.01394	0.01052	0.00596	0.00483	0.00155	0.00590	0.00445	0.00408	0.05738
4	0.06949	0.09556	0.20094	0.01513	0.10596	0.01268	0.05490	0.05740	0.03685	0.27481	0.01453	0.01468	0.01010	0.00590	0.00529	0.00170	0.00629	0.00484	0.00435	0.00860
5	0.01626	0.12230	0.22994	0.01338	0.04908	0.01283	0.04699	0.07354	0.05731	0.20350	0.03225	0.01489	0.01095	0.00590	0.00522	0.00160	0.00621	0.00479	0.00416	0.08890

[dist]
# distance from previous block
# <min> <max>
0	2

[block]
# block no. 2 follows, 42 sequences, length 8
# corresponding to MSA columns:
# 546-553
name=unknown_C
#
# <colnr> <probs for GDERKNQSTAVLIFYWHMCP>
#	G	D	E	R	K	N	Q	S	T	A	V	L	I	F	Y	W	H	M	C	P
0	0.02011	0.00936	0.01195	0.00970	0.01325	0.00871	0.00780	0.08733	0.06572	0.48691	0.08544	0.09122	0.05938	0.00870	0.00593	0.00181	0.00448	0.00727	0.00645	0.00848
1	0.01347	0.01420	0.16589	0.03663	0.01668	0.04757	0.06838	0.04289	0.07287	0.11387	0.10700	0.07113	0.01748	0.00883	0.02670	0.00202	0.08340	0.00650	0.07731	0.00717
2	0.01512	0.08762	0.27978	0.01598	0.08905	0.01286	0.09764	0.08841	0.01413	0.15133	0.01440	0.08336	0.01156	0.00671	0.00561	0.00176	0.00683	0.00582	0.00384	0.00820
3	0.00817	0.00598	0.00779	0.00829	0.00921	0.00595	0.00616	0.00962	0.01169	0.04005	0.08181	0.42290	0.16285	0.01643	0.03700	0.00247	0.05795	0.09558	0.00507	0.00501
4	0.00851	0.00797	0.06021	0.00836	0.01029	0.00668	0.00690	0.01238	0.09786	0.01889	0.29002	0.18435	0.17744	0.01268	0.00665	0.00198	0.00362	0.07411	0.00542	0.00567
5	0.03545	0.10620	0.19537	0.07877	0.10768	0.01348	0.06580	0.04792	0.07936	0.17976	0.01373	0.01466	0.00990	0.00591	0.00561	0.00173	0.02155	0.00491	0.00390	0.00832
6	0.05152	0.01291	0.06975	0.06347	0.03643	0.01222	0.01010	0.25325	0.09763	0.08062	0.01633	0.11060	0.01387	0.00770	0.00555	0.00171	0.00541	0.02049	0.00474	0.12570
7	0.01187	0.00881	0.01022	0.01007	0.03911	0.06083	0.00716	0.05302	0.07761	0.06763	0.05346	0.07920	0.03880	0.12292	0.16562	0.13932	0.02324	0.02156	0.00402	0.00554

[dist]
# distance from previous block
# <min> <max>
1	24

[block]
# block no. 3 follows, 42 sequences, length 27
# corresponding to MSA columns:
# 578-604
name=unknown_D
#
# <colnr> <probs for GDERKNQSTAVLIFYWHMCP>
#	G	D	E	R	K	N	Q	S	T	A	V	L	I	F	Y	W	H	M	C	P
0	0.01557	0.01188	0.03563	0.02203	0.01462	0.05057	0.02738	0.14981	0.17234	0.14322	0.15453	0.03411	0.04499	0.00817	0.00585	0.00174	0.00501	0.03087	0.00542	0.06626
1	0.01648	0.08561	0.01506	0.01229	0.07055	0.01196	0.00923	0.13312	0.05709	0.21309	0.07554	0.11470	0.01739	0.00846	0.00700	0.00179	0.08815	0.00675	0.00500	0.05075
2	0.00915	0.00592	0.00710	0.00687	0.00816	0.00559	0.00489	0.01071	0.01166	0.05787	0.14726	0.11479	0.14786	0.19578	0.09027	0.00333	0.00484	0.00897	0.12154	0.03744
3	0.01273	0.05250	0.09499	0.11392	0.01809	0.03940	0.01089	0.02982	0.34286	0.02984	0.05869	0.05912	0.01620	0.00931	0.04110	0.00220	0.05006	0.00628	0.00439	0.00759
4	0.03718	0.01348	0.08490	0.24868	0.11027	0.01410	0.03215	0.09668	0.06406	0.06016	0.01145	0.01436	0.00884	0.00672	0.00825	0.00194	0.17092	0.00503	0.00336	0.00748
5	0.00870	0.00594	0.00695	0.00677	0.00850	0.00518	0.00504	0.01042	0.01355	0.08592	0.22093	0.16537	0.40921	0.01345	0.00664	0.00191	0.00305	0.01155	0.00562	0.00530
6	0.01452	0.09550	0.08636	0.03375	0.15013	0.01392	0.03618	0.17940	0.15230	0.02281	0.06757	0.01793	0.03131	0.00668	0.00541	0.00168	0.00569	0.00558	0.06520	0.00810
7	0.00684	0.00495	0.00647	0.00769	0.00812	0.00458	0.00516	0.00785	0.01092	0.01442	0.03283	0.74666	0.08794	0.01740	0.00715	0.00226	0.00324	0.01571	0.00522	0.00458
8	0.29098	0.03783	0.01537	0.23808	0.02209	0.01419	0.06102	0.18704	0.04460	0.02350	0.01064	0.01276	0.00797	0.00575	0.00492	0.00177	0.00611	0.00447	0.00371	0.00720
9	0.07352	0.13074	0.01628	0.01218	0.01546	0.40349	0.00964	0.08790	0.10822	0.01816	0.01140	0.01233	0.00911	0.00599	0.00482	0.00150	0.00759	0.00408	0.06049	0.00708
10	0.01283	0.01178	0.01989	0.08280	0.59481	0.01193	0.01520	0.01551	0.01206	0.01704	0.01187	0.06816	0.01084	0.00725	0.00719	0.07799	0.00634	0.00576	0.00290	0.00784
11	0.02005	0.01413	0.01546	0.01212	0.01626	0.01542	0.00992	0.55695	0.10093	0.10055	0.06681	0.01677	0.01375	0.00719	0.00571	0.00172	0.00564	0.00561	0.00580	0.00921
12	0.00834	0.00645	0.00930	0.00919	0.00995	0.00761	0.00702	0.01000	0.00907	0.01302	0.01598	0.08888	0.01604	0.10895	0.57341	0.00753	0.08414	0.00698	0.00319	0.00494
13	0.08315	0.06361	0.06729	0.01271	0.04191	0.05492	0.01044	0.23161	0.32715	0.02538	0.01604	0.01574	0.01201	0.00667	0.00532	0.00175	0.00568	0.00518	0.00484	0.00860
14	0.01348	0.01285	0.12374	0.03005	0.05643	0.03980	0.01002	0.10495	0.06603	0.10880	0.02097	0.22596	0.05885	0.00952	0.00589	0.00180	0.00526	0.00815	0.00461	0.09283
15	0.14095	0.09895	0.34585	0.01298	0.03727	0.01334	0.01384	0.05691	0.06489	0.11903	0.03660	0.01388	0.01023	0.00591	0.00502	0.00171	0.00641	0.00449	0.00369	0.00806
16	0.12201	0.01117	0.01330	0.01039	0.01463	0.01100	0.00856	0.18224	0.04544	0.49420	0.01862	0.01680	0.01217	0.00674	0.00539	0.00174	0.00503	0.00524	0.00621	0.00913
17	0.02228	0.00979	0.01259	0.00998	0.01383	0.00905	0.00811	0.12494	0.01684	0.56128	0.02160	0.08969	0.01548	0.00789	0.00571	0.00176	0.00473	0.00650	0.04908	0.00890
18	0.03283	0.01353	0.06206	0.09889	0.16263	0.01308	0.19847	0.05743	0.13637	0.09534	0.01546	0.01712	0.03578	0.00620	0.00623	0.00183	0.02891	0.00585	0.00389	0.00809
19	0.01120	0.00735	0.01024	0.00955	0.04024	0.00687	0.04463	0.01439	0.05306	0.12989	0.42366	0.08283	0.09757	0.01050	0.00636	0.00180	0.00362	0.00929	0.03066	0.00628
20	0.00818	0.00576	0.00687	0.00719	0.00857	0.00516	0.00534	0.00965	0.01239	0.05721	0.08746	0.26550	0.34697	0.05557	0.00801	0.00226	0.00346	0.09415	0.00528	0.00498
21	0.11610	0.00891	0.01103	0.00881	0.01248	0.00820	0.00720	0.02346	0.01454	0.54319	0.01983	0.01835	0.01313	0.00669	0.00508	0.00166	0.00433	0.00528	0.16338	0.00836
22	0.05033	0.14342	0.14026	0.01432	0.11011	0.04799	0.01177	0.02246	0.14470	0.22455	0.01521	0.01508	0.01099	0.00606	0.00514	0.00166	0.00595	0.00480	0.00436	0.02083
23	0.01331	0.00870	0.01076	0.03217	0.05290	0.03733	0.00720	0.05185	0.01187	0.16233	0.05793	0.03580	0.01764	0.33183	0.08626	0.00395	0.06119	0.00688	0.00421	0.00589
24	0.00708	0.00511	0.00650	0.00739	0.00792	0.00475	0.00495	0.00815	0.01115	0.01482	0.09860	0.57988	0.10335	0.10111	0.00939	0.00254	0.00341	0.01425	0.00512	0.00453
25	0.03971	0.01284	0.06064	0.11095	0.13063	0.07014	0.01119	0.10811	0.09226	0.11636	0.01751	0.17274	0.01570	0.00846	0.00582	0.00185	0.00586	0.00724	0.00444	0.00757
26	0.03902	0.09195	0.04922	0.14510	0.05512	0.01523	0.07696	0.28008	0.10560	0.02387	0.01376	0.05482	0.01101	0.00668	0.00554	0.00175	0.00639	0.00562	0.00420	0.00809

[dist]
# distance from previous block
# <min> <max>
2	11

[block]
# block no. 4 follows, 42 sequences, length 32
# corresponding to MSA columns:
# 616-647
name=unknown_E
#
# <colnr> <probs for GDERKNQSTAVLIFYWHMCP>
#	G	D	E	R	K	N	Q	S	T	A	V	L	I	F	Y	W	H	M	C	P
0	0.33924	0.04074	0.03126	0.02140	0.01660	0.07851	0.12968	0.10544	0.02178	0.07269	0.01036	0.01197	0.00787	0.00591	0.00594	0.00178	0.07466	0.00435	0.00369	0.01613
1	0.00757	0.00541	0.00695	0.00750	0.00843	0.00503	0.00545	0.00937	0.01292	0.01771	0.27848	0.37871	0.10529	0.01459	0.00686	0.00206	0.00316	0.07595	0.04364	0.00492
2	0.01524	0.04885	0.13445	0.16294	0.05967	0.01369	0.05413	0.02143	0.21246	0.05751	0.12051	0.02397	0.02920	0.00885	0.00692	0.00232	0.00681	0.00696	0.00511	0.00899
3	0.01213	0.03834	0.13668	0.04636	0.01508	0.01120	0.01013	0.16694	0.03947	0.02153	0.17005	0.02552	0.12316	0.01064	0.04987	0.00220	0.06540	0.00692	0.04150	0.00688
4	0.01494	0.00725	0.00950	0.00818	0.01066	0.00644	0.00633	0.01701	0.01491	0.33067	0.29836	0.08971	0.09651	0.05440	0.00750	0.00201	0.00376	0.00878	0.00620	0.00687
5	0.01442	0.63303	0.02644	0.01116	0.04803	0.05475	0.03214	0.01630	0.01176	0.01378	0.01117	0.06159	0.03371	0.00599	0.00419	0.00135	0.00607	0.00436	0.00273	0.00703
6	0.00733	0.00531	0.00646	0.00711	0.00774	0.00497	0.00480	0.00830	0.01082	0.01411	0.06305	0.39181	0.16771	0.21907	0.01263	0.00303	0.00383	0.05274	0.00479	0.00437
7	0.04735	0.07322	0.01528	0.01111	0.01528	0.12470	0.00914	0.15808	0.01744	0.44520	0.01711	0.01573	0.01141	0.00654	0.00535	0.00165	0.00592	0.00497	0.00567	0.00885
8	0.01607	0.67238	0.02717	0.01046	0.01495	0.15183	0.00984	0.01781	0.01221	0.01333	0.00797	0.00922	0.00723	0.00498	0.00386	0.00125	0.00672	0.00311	0.00249	0.00710
9	0.00799	0.00600	0.00719	0.00739	0.00896	0.00555	0.00589	0.01038	0.02617	0.01813	0.24238	0.05087	0.31985	0.01330	0.00678	0.00201	0.00343	0.20096	0.05166	0.00512
10	0.00738	0.00624	0.00644	0.00630	0.00826	0.00557	0.00475	0.01011	0.07492	0.01654	0.11641	0.05034	0.64009	0.01346	0.00657	0.00189	0.00297	0.01127	0.00535	0.00515
11	0.02525	0.00958	0.01306	0.01001	0.01437	0.00827	0.00827	0.02743	0.01611	0.77102	0.02220	0.01915	0.01393	0.00697	0.00566	0.00174	0.00479	0.00566	0.00697	0.00958
12	0.63404	0.01188	0.01018	0.00871	0.01236	0.01362	0.00714	0.15547	0.06070	0.02707	0.00987	0.01073	0.00746	0.00567	0.00403	0.00174	0.00471	0.00364	0.00403	0.00693
13	0.01076	0.01021	0.01718	0.61469	0.05898	0.01249	0.04739	0.01415	0.01115	0.01461	0.01121	0.06501	0.00949	0.00669	0.00684	0.00194	0.07246	0.00577	0.00270	0.00629
14	0.01166	0.01182	0.06148	0.07878	0.01628	0.04396	0.00940	0.01440	0.02129	0.01685	0.01215	0.06054	0.01121	0.00671	0.00676	0.00144	0.11174	0.04747	0.00331	0.45275
15	0.01195	0.02505	0.58658	0.01751	0.10668	0.01323	0.01880	0.01938	0.11196	0.01865	0.01187	0.01333	0.00868	0.00562	0.00542	0.00179	0.00761	0.00455	0.00287	0.00846
16	0.01641	0.35005	0.16844	0.01102	0.01617	0.02495	0.01122	0.02018	0.06068	0.19655	0.03829	0.01399	0.01103	0.00583	0.00471	0.00150	0.00595	0.00434	0.00387	0.03480
17	0.01261	0.10986	0.51416	0.01566	0.03376	0.01417	0.08186	0.07807	0.01332	0.01894	0.03292	0.01400	0.00938	0.00574	0.00539	0.00174	0.00774	0.01972	0.00287	0.00809
18	0.26974	0.00965	0.01116	0.00898	0.01282	0.00934	0.00737	0.02275	0.01413	0.48428	0.07951	0.01804	0.01483	0.00682	0.00509	0.00174	0.00448	0.00525	0.00585	0.00817
19	0.00848	0.00536	0.00716	0.00795	0.00870	0.00494	0.00548	0.00971	0.01167	0.07794	0.09480	0.66723	0.03668	0.01621	0.00701	0.00219	0.00334	0.01463	0.00545	0.00505
20	0.01359	0.13204	0.18541	0.07176	0.04570	0.01314	0.14657	0.08010	0.01368	0.08425	0.01709	0.08307	0.07469	0.00722	0.00567	0.00176	0.00670	0.00639	0.00366	0.00749
21	0.00953	0.00645	0.00822	0.04021	0.01025	0.00603	0.00592	0.01236	0.03713	0.08675	0.51437	0.04050	0.17819	0.01125	0.00648	0.00180	0.00314	0.00976	0.00591	0.00573
22	0.00729	0.00530	0.00711	0.00810	0.00874	0.00502	0.00566	0.00851	0.01078	0.01456	0.02866	0.65602	0.03369	0.01911	0.07509	0.00284	0.00445	0.05435	0.00495	0.03978
23	0.03808	0.05139	0.13902	0.08432	0.10336	0.01308	0.10653	0.08397	0.11852	0.18280	0.01485	0.01559	0.01060	0.00602	0.00558	0.00177	0.00652	0.00527	0.00426	0.00846
24	0.01575	0.01326	0.03508	0.03125	0.01735	0.07411	0.11797	0.02387	0.31613	0.15539	0.02035	0.02003	0.06073	0.00742	0.00678	0.00188	0.06346	0.00621	0.00487	0.00810
25	0.00801	0.00583	0.00707	0.00737	0.00829	0.00555	0.00516	0.03991	0.01231	0.01635	0.16640	0.32358	0.15054	0.16794	0.01113	0.00274	0.00373	0.04825	0.00506	0.00475
26	0.01599	0.01001	0.01044	0.04157	0.01250	0.05863	0.00720	0.16785	0.05003	0.14609	0.01723	0.01820	0.01272	0.00663	0.00479	0.00152	0.00448	0.00521	0.40178	0.00714
27	0.08994	0.33210	0.03055	0.02317	0.05056	0.15717	0.04176	0.05995	0.10503	0.03497	0.01082	0.01185	0.00878	0.00562	0.00474	0.00151	0.01666	0.00403	0.00332	0.00747
28	0.06140	0.01026	0.01386	0.01076	0.01475	0.00958	0.07274	0.11030	0.01572	0.40325	0.01869	0.06714	0.01360	0.00707	0.00546	0.00167	0.00502	0.00598	0.07551	0.07724
29	0.00868	0.00547	0.00700	0.00748	0.00810	0.00515	0.00497	0.00963	0.01092	0.07052	0.08929	0.47121	0.03233	0.22722	0.01279	0.00305	0.00392	0.01263	0.00495	0.00469
30	0.04266	0.01535	0.14667	0.10712	0.11607	0.01311	0.05338	0.18819	0.02860	0.17401	0.01353	0.01461	0.00959	0.00607	0.00583	0.00175	0.02489	0.00502	0.00426	0.02929
31	0.08992	0.09784	0.15757	0.02197	0.05247	0.03448	0.01104	0.12482	0.03332	0.16277	0.01342	0.01400	0.00974	0.00584	0.00489	0.00156	0.00578	0.00446	0.07306	0.08103

[dist]
# distance from previous block
# <min> <max>
1	10

[block]
# block no. 5 follows, 42 sequences, length 26
# corresponding to MSA columns:
# 658-683
name=unknown_F
#
# <colnr> <probs for GDERKNQSTAVLIFYWHMCP>
#	G	D	E	R	K	N	Q	S	T	A	V	L	I	F	Y	W	H	M	C	P
0	0.04782	0.09180	0.01917	0.07723	0.12346	0.03941	0.11864	0.11694	0.11310	0.06013	0.01383	0.01596	0.02211	0.03950	0.00635	0.00180	0.00633	0.00525	0.00387	0.07732
1	0.00780	0.00534	0.00683	0.00745	0.00823	0.00492	0.00512	0.00909	0.01190	0.04305	0.16326	0.50618	0.10872	0.07410	0.00857	0.00237	0.00333	0.01360	0.00533	0.00482
2	0.03787	0.01473	0.15210	0.09543	0.03006	0.06814	0.01124	0.03826	0.27025	0.02020	0.12033	0.06048	0.04121	0.00796	0.00575	0.00183	0.00563	0.00663	0.00446	0.00743
3	0.01251	0.05237	0.24115	0.11623	0.01946	0.01187	0.01291	0.09451	0.03623	0.06116	0.05424	0.08744	0.01514	0.04045	0.02969	0.00223	0.05259	0.03706	0.01564	0.00713
4	0.00719	0.00560	0.00652	0.00654	0.00799	0.00494	0.00481	0.00902	0.01372	0.01791	0.32502	0.15793	0.38528	0.01369	0.00672	0.00191	0.00284	0.01182	0.00560	0.00494
5	0.01594	0.68883	0.02746	0.01036	0.01489	0.13583	0.00982	0.01769	0.01211	0.01332	0.00795	0.00920	0.00723	0.00496	0.00383	0.00124	0.00664	0.00310	0.00248	0.00712
6	0.00719	0.00513	0.00673	0.00756	0.00809	0.00479	0.00513	0.00849	0.01178	0.01600	0.19609	0.57928	0.03976	0.06576	0.00841	0.00237	0.00327	0.01419	0.00533	0.00466
7	0.02106	0.05766	0.01756	0.01277	0.01729	0.01771	0.01064	0.70955	0.02566	0.03429	0.01321	0.01327	0.00945	0.00665	0.00552	0.00166	0.00618	0.00496	0.00546	0.00945
8	0.01422	0.57452	0.11223	0.01091	0.01546	0.05189	0.01100	0.01653	0.01132	0.01380	0.00855	0.01047	0.00766	0.00765	0.05396	0.00187	0.06491	0.00350	0.00247	0.00710
9	0.02102	0.02682	0.01595	0.01450	0.01740	0.77963	0.01087	0.02247	0.01595	0.01377	0.00870	0.01015	0.00725	0.00580	0.00507	0.00145	0.01015	0.00362	0.00290	0.00652
10	0.02525	0.00958	0.01306	0.01001	0.01437	0.00827	0.00827	0.02743	0.01611	0.77102	0.02220	0.01915	0.01393	0.00697	0.00566	0.00174	0.00479	0.00566	0.00697	0.00958
11	0.00741	0.00540	0.00710	0.00826	0.00901	0.00509	0.00612	0.00886	0.01157	0.01510	0.03355	0.52482	0.11574	0.01672	0.00728	0.00232	0.00372	0.20194	0.00521	0.00475
12	0.84197	0.01088	0.00827	0.00740	0.01088	0.01262	0.00609	0.01654	0.00958	0.02525	0.00784	0.00914	0.00609	0.00522	0.00348	0.00174	0.00435	0.00305	0.00348	0.00609
13	0.01264	0.02013	0.38335	0.01461	0.02067	0.01227	0.10247	0.06880	0.10236	0.04064	0.01395	0.07366	0.01128	0.00651	0.00559	0.00174	0.00694	0.00564	0.00350	0.09325
14	0.01319	0.04401	0.02214	0.11861	0.54461	0.01318	0.06801	0.01656	0.01262	0.01758	0.01188	0.01760	0.01038	0.00583	0.00574	0.00176	0.00684	0.05838	0.00292	0.00817
15	0.78047	0.01044	0.00814	0.00743	0.01068	0.01203	0.00603	0.01590	0.00967	0.02445	0.00954	0.06728	0.00839	0.00614	0.00376	0.00178	0.00427	0.00400	0.00361	0.00598
16	0.00793	0.00607	0.00732	0.00721	0.00864	0.00570	0.00532	0.01100	0.06895	0.01961	0.42768	0.16603	0.21186	0.01285	0.00666	0.00189	0.00293	0.01123	0.00578	0.00533
17	0.05305	0.15797	0.01801	0.32074	0.04235	0.05728	0.01199	0.07463	0.12727	0.06550	0.01246	0.01440	0.00945	0.00593	0.00514	0.00170	0.00647	0.00472	0.00357	0.00737
18	0.02152	0.01102	0.03596	0.03358	0.04832	0.00974	0.04841	0.04941	0.07019	0.52968	0.01945	0.01788	0.01280	0.00655	0.00561	0.00170	0.00528	0.00551	0.00595	0.06146
19	0.01048	0.00603	0.00653	0.00648	0.00784	0.00607	0.00480	0.07007	0.01292	0.02080	0.05218	0.18572	0.02050	0.00912	0.00487	0.00157	0.00304	0.00771	0.55783	0.00545
20	0.01063	0.00973	0.08412	0.21177	0.05294	0.00878	0.00974	0.03384	0.01123	0.05519	0.01744	0.11609	0.03687	0.22170	0.03312	0.00301	0.00602	0.00736	0.06468	0.00573
21	0.29989	0.10855	0.01350	0.01057	0.06810	0.01209	0.00800	0.01811	0.08242	0.09436	0.04424	0.01510	0.01149	0.00593	0.00447	0.00154	0.00470	0.02585	0.00399	0.16709
22	0.00915	0.00575	0.00738	0.00756	0.00883	0.00520	0.00544	0.01075	0.01298	0.10056	0.21945	0.40846	0.14829	0.01439	0.00680	0.00204	0.00322	0.01276	0.00566	0.00534
23	0.00697	0.00505	0.00640	0.00742	0.00789	0.00468	0.00493	0.00790	0.01074	0.01410	0.03256	0.63584	0.11717	0.09876	0.00935	0.00257	0.00345	0.01472	0.00504	0.00447
24	0.08777	0.07516	0.15856	0.03570	0.01832	0.01276	0.13486	0.16248	0.01462	0.02102	0.01547	0.16361	0.01453	0.00819	0.00573	0.00185	0.00633	0.03161	0.02423	0.00721
25	0.23141	0.02538	0.09315	0.19921	0.02130	0.09392	0.03403	0.04013	0.10051	0.06887	0.01167	0.01341	0.00872	0.00596	0.00538	0.00178	0.02999	0.00448	0.00356	0.00713

[dist]
# distance from previous block
# <min> <max>
1	5

[block]
# block no. 6 follows, 42 sequences, length 21
# corresponding to MSA columns:
# 689-709
name=unknown_G
#
# <colnr> <probs for GDERKNQSTAVLIFYWHMCP>
#	G	D	E	R	K	N	Q	S	T	A	V	L	I	F	Y	W	H	M	C	P
0	0.01622	0.01564	0.05619	0.06647	0.05660	0.13191	0.09085	0.11218	0.17959	0.08300	0.01408	0.01513	0.01060	0.00647	0.00663	0.00176	0.07138	0.00519	0.00413	0.05598
1	0.00693	0.00499	0.00659	0.00785	0.00827	0.00465	0.00533	0.00799	0.01093	0.01449	0.03197	0.74278	0.06484	0.01742	0.00718	0.00228	0.00332	0.04236	0.00522	0.00460
2	0.01222	0.01754	0.25955	0.15044	0.11429	0.01313	0.13571	0.03774	0.08881	0.01850	0.05526	0.01594	0.01140	0.00607	0.00628	0.00184	0.03890	0.00544	0.00318	0.00775
3	0.03915	0.01513	0.14967	0.10829	0.08680	0.01429	0.01355	0.12453	0.03668	0.08569	0.01145	0.01388	0.00884	0.00712	0.00923	0.00196	0.23662	0.00489	0.02460	0.00766
4	0.00704	0.00519	0.00660	0.00746	0.00821	0.00476	0.00519	0.00836	0.01186	0.01566	0.13219	0.55265	0.16030	0.01620	0.00704	0.00216	0.00317	0.03590	0.00535	0.00472
5	0.01177	0.00957	0.01279	0.05575	0.15869	0.03369	0.00939	0.11103	0.01285	0.03377	0.01789	0.04149	0.07587	0.11725	0.26797	0.00465	0.00899	0.00656	0.00366	0.00637
6	0.00812	0.00586	0.00741	0.00815	0.00888	0.00579	0.00589	0.01021	0.05417	0.01513	0.06446	0.36022	0.05116	0.18994	0.01194	0.00300	0.00421	0.17583	0.00489	0.00475
7	0.01086	0.00697	0.00818	0.00741	0.00912	0.03713	0.06150	0.01359	0.01248	0.02042	0.08015	0.02370	0.01769	0.00719	0.00458	0.00146	0.00357	0.03716	0.63137	0.00548
8	0.01971	0.08405	0.01705	0.07872	0.01896	0.65861	0.01118	0.02137	0.01522	0.01378	0.00874	0.01047	0.00727	0.00571	0.00501	0.00147	0.00962	0.00369	0.00283	0.00655
9	0.01749	0.13426	0.01556	0.01176	0.01456	0.48797	0.00917	0.01927	0.01464	0.01551	0.06803	0.01415	0.01190	0.00621	0.00480	0.00142	0.00778	0.00430	0.13490	0.00633
10	0.77944	0.01226	0.06585	0.00805	0.01190	0.01266	0.00720	0.01664	0.00975	0.02469	0.00801	0.00935	0.00617	0.00523	0.00362	0.00174	0.00465	0.00313	0.00340	0.00626
11	0.00733	0.00541	0.00695	0.00787	0.00875	0.00503	0.00580	0.00884	0.01199	0.01567	0.09657	0.46277	0.16714	0.01612	0.00716	0.00223	0.00351	0.15078	0.00530	0.00478
12	0.02065	0.01532	0.01649	0.01259	0.01714	0.01669	0.01039	0.69206	0.02533	0.03415	0.01324	0.01337	0.00948	0.00656	0.00552	0.00162	0.00604	0.00493	0.00545	0.07298
13	0.08944	0.01305	0.11250	0.01249	0.04026	0.01072	0.04843	0.04874	0.02847	0.46087	0.01728	0.01641	0.01145	0.00662	0.00630	0.00180	0.05578	0.00522	0.00538	0.00877
14	0.01921	0.07299	0.14921	0.01205	0.01690	0.01119	0.05771	0.07670	0.03707	0.39572	0.01780	0.05048	0.01268	0.00816	0.03437	0.00201	0.00621	0.00570	0.00520	0.00865
15	0.02083	0.07179	0.01528	0.01113	0.01529	0.01318	0.00919	0.22645	0.18862	0.33915	0.01888	0.01726	0.01297	0.00690	0.00551	0.00172	0.00519	0.00546	0.00597	0.00924
16	0.01753	0.00893	0.01306	0.01115	0.01442	0.00824	0.06999	0.02058	0.04445	0.39076	0.02540	0.03538	0.05248	0.01002	0.00650	0.00205	0.00522	0.25025	0.00589	0.00769
17	0.13847	0.03764	0.23826	0.02958	0.14728	0.04602	0.09457	0.03034	0.01272	0.06671	0.06840	0.01490	0.01145	0.00597	0.00578	0.00176	0.03418	0.00497	0.00333	0.00766
18	0.01240	0.07313	0.13332	0.01169	0.01536	0.01029	0.11044	0.07596	0.01458	0.08843	0.25325	0.07309	0.02565	0.06820	0.00772	0.00205	0.00547	0.00757	0.00460	0.00679
19	0.00729	0.00570	0.00663	0.00682	0.00819	0.00514	0.00495	0.00937	0.03679	0.01717	0.23438	0.25076	0.35803	0.01423	0.00676	0.00197	0.00296	0.01237	0.00550	0.00498
20	0.01949	0.00987	0.01454	0.17449	0.10295	0.00962	0.01061	0.02243	0.02950	0.46134	0.07143	0.01938	0.01490	0.00681	0.00571	0.00177	0.00541	0.00579	0.00549	0.00849

[dist]
# distance from previous block
# <min> <max>
5	30

[block]
# block no. 7 follows, 42 sequences, length 13
# corresponding to MSA columns:
# 741-753
name=unknown_H
#
# <colnr> <probs for GDERKNQSTAVLIFYWHMCP>
#	G	D	E	R	K	N	Q	S	T	A	V	L	I	F	Y	W	H	M	C	P
0	0.01474	0.08476	0.03689	0.01111	0.01458	0.03671	0.00913	0.09591	0.42293	0.06092	0.02083	0.05944	0.04645	0.00784	0.00579	0.00179	0.01979	0.00633	0.00510	0.03895
1	0.01423	0.03926	0.03786	0.17593	0.26567	0.08597	0.08195	0.03980	0.06233	0.05518	0.04805	0.01600	0.01146	0.00587	0.00557	0.00171	0.00687	0.00532	0.03325	0.00771
2	0.00703	0.00500	0.00663	0.00786	0.00822	0.00470	0.00531	0.00803	0.01074	0.01430	0.03028	0.72588	0.03614	0.05799	0.00832	0.00246	0.00347	0.04801	0.00513	0.00454
3	0.01201	0.01897	0.32643	0.17220	0.13918	0.01306	0.09110	0.01835	0.10068	0.01803	0.02862	0.01490	0.00984	0.00570	0.00564	0.00181	0.00744	0.00510	0.00299	0.00793
4	0.01337	0.01289	0.06490	0.10219	0.10646	0.01308	0.04616	0.08816	0.35926	0.02170	0.04498	0.07068	0.01600	0.00754	0.00584	0.00187	0.00556	0.00658	0.00464	0.00815
5	0.00856	0.00550	0.00679	0.00717	0.00782	0.00517	0.00471	0.00938	0.01060	0.06310	0.05856	0.38464	0.09260	0.29220	0.01456	0.00331	0.00407	0.01198	0.00474	0.00454
6	0.01172	0.01142	0.01640	0.01396	0.01439	0.01525	0.04629	0.01290	0.00911	0.01365	0.01184	0.01623	0.07030	0.01061	0.01716	0.05698	0.63766	0.00558	0.00271	0.00587
7	0.00816	0.00554	0.00654	0.00654	0.00668	0.00568	0.00392	0.00844	0.00830	0.01121	0.01736	0.03477	0.01957	0.69622	0.13343	0.00596	0.00680	0.00788	0.00335	0.00364
8	0.00955	0.07347	0.01264	0.01003	0.01128	0.00962	0.05902	0.01109	0.00925	0.01289	0.01401	0.02339	0.01406	0.24197	0.36088	0.00610	0.10640	0.00628	0.00299	0.00508
9	0.02102	0.02682	0.01595	0.01450	0.01740	0.77963	0.01087	0.02247	0.01595	0.01377	0.00870	0.01015	0.00725	0.00580	0.00507	0.00145	0.01015	0.00362	0.00290	0.00652
10	0.02102	0.02682	0.01595	0.01450	0.01740	0.77963	0.01087	0.02247	0.01595	0.01377	0.00870	0.01015	0.00725	0.00580	0.00507	0.00145	0.01015	0.00362	0.00290	0.00652
11	0.00873	0.00624	0.00868	0.00998	0.01112	0.00619	0.00848	0.01107	0.01262	0.01646	0.02998	0.17613	0.03313	0.01587	0.00768	0.00254	0.00489	0.61994	0.00519	0.00509
12	0.02183	0.01580	0.01636	0.01271	0.01708	0.07006	0.01042	0.61084	0.02448	0.12205	0.01421	0.01395	0.00993	0.00671	0.00559	0.00168	0.00630	0.00504	0.00560	0.00936

[dist]
# distance from previous block
# <min> <max>
0	1

[block]
# block no. 8 follows, 42 sequences, length 12
# corresponding to MSA columns:
# 755-766
name=unknown_I
#
# <colnr> <probs for GDERKNQSTAVLIFYWHMCP>
#	G	D	E	R	K	N	Q	S	T	A	V	L	I	F	Y	W	H	M	C	P
0	0.01447	0.56179	0.05339	0.00997	0.01433	0.09854	0.00950	0.01652	0.01237	0.01457	0.07462	0.01379	0.03783	0.00581	0.00422	0.00131	0.00606	0.00406	0.00292	0.04392
1	0.37350	0.05626	0.14891	0.01298	0.07989	0.07445	0.04577	0.01812	0.01169	0.08969	0.01077	0.03638	0.00850	0.00578	0.00460	0.00172	0.00606	0.00428	0.00347	0.00717
2	0.84197	0.01088	0.00827	0.00740	0.01088	0.01262	0.00609	0.01654	0.00958	0.02525	0.00784	0.00914	0.00609	0.00522	0.00348	0.00174	0.00435	0.00305	0.00348	0.00609
3	0.09028	0.00831	0.01024	0.00834	0.01163	0.00766	0.00675	0.02170	0.01438	0.46346	0.06144	0.02007	0.01558	0.00696	0.00506	0.00163	0.00405	0.00558	0.22900	0.00787
4	0.01244	0.04786	0.23027	0.10594	0.20174	0.01238	0.04972	0.04939	0.05141	0.03869	0.07057	0.01913	0.07283	0.00664	0.00567	0.00176	0.00655	0.00579	0.00346	0.00776
5	0.05431	0.01335	0.11363	0.01155	0.01604	0.01121	0.01054	0.13221	0.01620	0.46759	0.01747	0.01637	0.01151	0.00690	0.00662	0.00180	0.07287	0.00521	0.00564	0.00898
6	0.00864	0.00590	0.00790	0.00786	0.00873	0.00558	0.03363	0.00966	0.01091	0.04792	0.09380	0.29675	0.09035	0.26797	0.01442	0.03097	0.00433	0.04548	0.00462	0.00458
7	0.02235	0.01103	0.01513	0.05834	0.11427	0.01057	0.01023	0.13478	0.01697	0.51793	0.01867	0.01738	0.01225	0.00660	0.00564	0.00173	0.00540	0.00545	0.00596	0.00930
8	0.01305	0.01590	0.18074	0.21753	0.23244	0.01339	0.04925	0.08353	0.08583	0.01935	0.02739	0.01505	0.00993	0.00577	0.00563	0.00178	0.00703	0.00514	0.00324	0.00803
9	0.00684	0.00552	0.00609	0.00634	0.00782	0.00477	0.00460	0.00830	0.01270	0.01581	0.12795	0.22171	0.52244	0.01472	0.00677	0.00197	0.00292	0.01263	0.00533	0.00477
10	0.00717	0.00545	0.00651	0.00694	0.00805	0.00491	0.00497	0.00864	0.01242	0.01609	0.17457	0.30958	0.30274	0.06149	0.00818	0.00225	0.00322	0.04677	0.00529	0.00473
11	0.01601	0.05431	0.12739	0.05039	0.08694	0.01092	0.03099	0.05997	0.02806	0.20902	0.01352	0.01420	0.00977	0.00546	0.00507	0.00145	0.00569	0.00451	0.00413	0.26222

[dist]
# distance from previous block
# <min> <max>
2	5

[block]
# block no. 9 follows, 42 sequences, length 27
# corresponding to MSA columns:
# 773-799
name=unknown_J
#
# <colnr> <probs for GDERKNQSTAVLIFYWHMCP>
#	G	D	E	R	K	N	Q	S	T	A	V	L	I	F	Y	W	H	M	C	P
0	0.03727	0.03383	0.01357	0.09089	0.01674	0.06388	0.02673	0.03966	0.01258	0.04189	0.01110	0.01417	0.00924	0.00512	0.00465	0.00118	0.00526	0.03213	0.00345	0.53667
1	0.02386	0.09327	0.04932	0.04242	0.10269	0.07211	0.02311	0.06991	0.01390	0.16828	0.05741	0.12761	0.01728	0.06417	0.00763	0.00204	0.02540	0.02799	0.00441	0.00719
2	0.00726	0.00525	0.00698	0.00810	0.00871	0.00487	0.00566	0.00846	0.01102	0.01477	0.03007	0.69532	0.03561	0.01690	0.00712	0.00226	0.00349	0.08579	0.00515	0.03719
3	0.01207	0.01832	0.31996	0.10164	0.21305	0.01225	0.03925	0.03343	0.05256	0.01881	0.05693	0.01582	0.01154	0.00588	0.00548	0.00174	0.00686	0.00512	0.06140	0.00789
4	0.01410	0.63897	0.09355	0.00992	0.01452	0.03277	0.01000	0.01613	0.01121	0.01342	0.00908	0.01220	0.00860	0.08809	0.00640	0.00170	0.00624	0.00366	0.00252	0.00691
5	0.00763	0.00523	0.00650	0.00697	0.00745	0.00495	0.00457	0.00819	0.01042	0.01381	0.10075	0.33698	0.11612	0.24143	0.01476	0.09013	0.00395	0.01154	0.00451	0.00411
6	0.01121	0.01082	0.01897	0.64134	0.11393	0.01275	0.08141	0.01501	0.01160	0.01512	0.01019	0.01491	0.00774	0.00548	0.00571	0.00186	0.00759	0.00515	0.00256	0.00665
7	0.00835	0.00573	0.00704	0.00731	0.00768	0.00583	0.00495	0.00909	0.00925	0.01235	0.01993	0.04077	0.02224	0.56130	0.10276	0.00524	0.00640	0.15609	0.00373	0.00394
8	0.09381	0.01401	0.01497	0.01171	0.01578	0.01534	0.00961	0.57358	0.02338	0.06596	0.09172	0.01635	0.01400	0.00712	0.00554	0.00170	0.00560	0.00545	0.00556	0.00881
9	0.38738	0.01077	0.01090	0.00932	0.01290	0.01159	0.00768	0.09270	0.09419	0.21616	0.01568	0.01830	0.01200	0.00701	0.00488	0.00183	0.00473	0.06945	0.00498	0.00755
10	0.01470	0.01190	0.01254	0.01102	0.01420	0.01358	0.00865	0.13168	0.57393	0.02499	0.02108	0.01992	0.01580	0.00740	0.00553	0.00181	0.00451	0.00606	0.09209	0.00862
11	0.01075	0.01016	0.01690	0.73431	0.03707	0.01284	0.01540	0.01432	0.01107	0.01432	0.00982	0.01481	0.00749	0.00592	0.00653	0.00192	0.06263	0.00500	0.00250	0.00624
12	0.02178	0.01015	0.01291	0.01013	0.01404	0.00958	0.00828	0.14827	0.03889	0.51625	0.12765	0.02154	0.01892	0.00760	0.00580	0.00174	0.00471	0.00623	0.00659	0.00894
13	0.21821	0.01485	0.11033	0.08066	0.07589	0.01359	0.23735	0.04863	0.10936	0.02094	0.01177	0.01388	0.00887	0.00549	0.00538	0.00182	0.00692	0.00510	0.00340	0.00755
14	0.01315	0.01227	0.09428	0.39284	0.04911	0.01166	0.01333	0.08200	0.03572	0.09338	0.01344	0.06989	0.01079	0.00659	0.00559	0.00177	0.00650	0.00566	0.00359	0.07845
15	0.01600	0.13708	0.24795	0.01603	0.15376	0.01262	0.01371	0.01969	0.01328	0.22138	0.04389	0.01501	0.01125	0.00583	0.00520	0.00161	0.00627	0.00475	0.00390	0.05078
16	0.84197	0.01088	0.00827	0.00740	0.01088	0.01262	0.00609	0.01654	0.00958	0.02525	0.00784	0.00914	0.00609	0.00522	0.00348	0.00174	0.00435	0.00305	0.00348	0.00609
17	0.10059	0.01287	0.01363	0.01090	0.01471	0.01408	0.00889	0.43347	0.09804	0.09720	0.01539	0.01541	0.01109	0.00669	0.00519	0.00167	0.00520	0.00508	0.12134	0.00855
18	0.01023	0.04351	0.03608	0.09414	0.01483	0.00793	0.08448	0.01256	0.01242	0.07493	0.11114	0.30200	0.09247	0.01141	0.00628	0.00193	0.00462	0.01027	0.06292	0.00584
19	0.01448	0.00952	0.03958	0.00979	0.01248	0.00915	0.00811	0.04030	0.05875	0.23452	0.13297	0.02581	0.10486	0.03635	0.08898	0.00269	0.10754	0.00691	0.00506	0.05214
20	0.00946	0.00591	0.00714	0.00716	0.00829	0.00545	0.00499	0.01055	0.01141	0.09812	0.07420	0.22220	0.18989	0.26461	0.01372	0.00313	0.00411	0.04989	0.00490	0.00487
21	0.02019	0.01044	0.01221	0.01012	0.01365	0.06269	0.00822	0.05555	0.06597	0.46648	0.08243	0.02609	0.05907	0.00845	0.00594	0.00182	0.00497	0.07117	0.00622	0.00832
22	0.08730	0.19178	0.06847	0.05123	0.10327	0.03721	0.05123	0.13057	0.06959	0.10345	0.01280	0.03455	0.01005	0.00614	0.00526	0.00165	0.01869	0.00486	0.00390	0.00800
23	0.13531	0.01010	0.01218	0.00961	0.01361	0.00960	0.00789	0.10743	0.01617	0.51010	0.04175	0.02021	0.06618	0.00734	0.00545	0.00175	0.00470	0.00579	0.00619	0.00864
24	0.00742	0.00564	0.00761	0.00944	0.06141	0.00528	0.00595	0.00861	0.01109	0.01465	0.03209	0.61152	0.12043	0.04833	0.00789	0.00233	0.00358	0.02689	0.00498	0.00486
25	0.06419	0.04756	0.07280	0.16579	0.05208	0.04942	0.01074	0.10286	0.03081	0.15386	0.01574	0.11411	0.01324	0.00789	0.00591	0.02436	0.00583	0.00622	0.04932	0.00725
26	0.04281	0.03990	0.08251	0.09395	0.06272	0.02195	0.01125	0.24125	0.02954	0.23879	0.05482	0.01646	0.01256	0.00658	0.00551	0.00171	0.00588	0.00527	0.00502	0.02151

[dist]
# distance from previous block
# <min> <max>
0	18

[block]
# block no. 10 follows, 42 sequences, length 7
# corresponding to MSA columns:
# 818-824
name=unknown_K
#
# <colnr> <probs for GDERKNQSTAVLIFYWHMCP>
#	G	D	E	R	K	N	Q	S	T	A	V	L	I	F	Y	W	H	M	C	P
0	0.07095	0.00742	0.00941	0.12218	0.01385	0.00786	0.00734	0.07142	0.03661	0.03798	0.04389	0.38915	0.06912	0.03593	0.00778	0.04384	0.00439	0.01076	0.00463	0.00551
1	0.16789	0.01336	0.02982	0.08077	0.11673	0.07314	0.06952	0.09121	0.04326	0.06142	0.01258	0.01435	0.03330	0.00607	0.00600	0.00168	0.06024	0.00476	0.00365	0.11026
2	0.08001	0.01763	0.01567	0.11155	0.11053	0.33936	0.02781	0.05358	0.03353	0.01676	0.01212	0.09946	0.01114	0.00719	0.00595	0.00172	0.04034	0.00556	0.00333	0.00675
3	0.00708	0.00509	0.00656	0.00747	0.00799	0.00474	0.00503	0.00821	0.01130	0.01510	0.11756	0.60037	0.08371	0.08096	0.00884	0.00246	0.00335	0.01442	0.00519	0.00457
4	0.01163	0.01522	0.19705	0.15027	0.18670	0.01214	0.06096	0.01675	0.07740	0.01842	0.13604	0.01888	0.01617	0.00675	0.00651	0.00183	0.05048	0.00588	0.00345	0.00748
5	0.01276	0.01163	0.01811	0.29658	0.23353	0.01302	0.05047	0.07667	0.09539	0.01828	0.01307	0.05366	0.01099	0.02935	0.00697	0.00196	0.04086	0.00586	0.00337	0.00746
6	0.00711	0.00515	0.00671	0.00752	0.00819	0.00476	0.00519	0.00851	0.01212	0.01635	0.20566	0.57360	0.08633	0.01597	0.00702	0.00214	0.00310	0.01437	0.00545	0.00476

[dist]
# distance from previous block
# <min> <max>
0	1

[block]
# block no. 11 follows, 42 sequences, length 9
# corresponding to MSA columns:
# 826-834
name=unknown_L
#
# <colnr> <probs for GDERKNQSTAVLIFYWHMCP>
#	G	D	E	R	K	N	Q	S	T	A	V	L	I	F	Y	W	H	M	C	P
0	0.00695	0.00497	0.00661	0.00777	0.00818	0.00463	0.00523	0.00807	0.01120	0.01504	0.09148	0.73616	0.03853	0.01713	0.00714	0.00224	0.00321	0.01552	0.00530	0.00463
1	0.01773	0.01125	0.01340	0.01098	0.01396	0.01217	0.00887	0.30792	0.01837	0.19253	0.06959	0.11192	0.01698	0.00881	0.00736	0.00185	0.10132	0.00687	0.06016	0.00797
2	0.09096	0.63844	0.11733	0.01020	0.01531	0.02027	0.01065	0.01694	0.01132	0.01490	0.00810	0.00938	0.00711	0.00492	0.00381	0.00132	0.00614	0.00315	0.00250	0.00725
3	0.02159	0.02299	0.01575	0.01371	0.01704	0.56601	0.01053	0.13780	0.01763	0.10866	0.01109	0.01177	0.00842	0.00609	0.00523	0.00152	0.00888	0.00410	0.00382	0.00737
4	0.01363	0.01156	0.01179	0.01057	0.01333	0.06217	0.00828	0.15157	0.32435	0.02317	0.11518	0.07333	0.09079	0.00955	0.00608	0.00189	0.00475	0.05499	0.00547	0.00754
5	0.00778	0.00529	0.00626	0.00666	0.00676	0.00519	0.00396	0.00808	0.00897	0.01197	0.02178	0.26909	0.02557	0.56299	0.02210	0.00449	0.00479	0.01057	0.00396	0.00376
6	0.49423	0.06472	0.01343	0.01315	0.14279	0.06393	0.00894	0.05268	0.01194	0.07512	0.00964	0.01094	0.00745	0.00539	0.00421	0.00167	0.00537	0.00370	0.00360	0.00709
7	0.09954	0.13903	0.16860	0.01148	0.01611	0.04449	0.01107	0.15519	0.06659	0.12729	0.04115	0.06910	0.01290	0.00700	0.00518	0.00170	0.00592	0.00542	0.00433	0.00793
8	0.05350	0.16143	0.12502	0.01479	0.09676	0.04225	0.06208	0.16683	0.03474	0.09367	0.02500	0.01380	0.00993	0.00590	0.00531	0.00161	0.01972	0.00467	0.04077	0.02221

[dist]
# distance from previous block
# <min> <max>
13	26

[block]
# block no. 12 follows, 42 sequences, length 17
# corresponding to MSA columns:
# 866-882
name=unknown_M
#
# <colnr> <probs for GDERKNQSTAVLIFYWHMCP>
#	G	D	E	R	K	N	Q	S	T	A	V	L	I	F	Y	W	H	M	C	P
0	0.00711	0.00508	0.00680	0.00801	0.00848	0.00477	0.00556	0.00831	0.01124	0.01502	0.07021	0.69500	0.03766	0.01712	0.00720	0.00228	0.00340	0.07681	0.00527	0.00466
1	0.01188	0.01618	0.26324	0.02540	0.08125	0.01145	0.01291	0.01949	0.22252	0.04236	0.13960	0.06295	0.01996	0.00797	0.00613	0.00186	0.02320	0.01956	0.00433	0.00774
2	0.01092	0.06087	0.22426	0.05333	0.01651	0.01130	0.01192	0.04975	0.02848	0.02856	0.09392	0.04156	0.01559	0.03317	0.21391	0.00384	0.08621	0.00590	0.00338	0.00661
3	0.00786	0.04818	0.00790	0.00751	0.00847	0.00580	0.00533	0.00914	0.01169	0.02829	0.12784	0.47975	0.13210	0.07163	0.00837	0.00233	0.00349	0.02437	0.00510	0.00485
4	0.01634	0.12717	0.01607	0.01365	0.07898	0.39234	0.00989	0.03908	0.01445	0.01554	0.02702	0.06440	0.06549	0.00757	0.00527	0.00158	0.00746	0.04328	0.04790	0.00651
5	0.00806	0.00523	0.00692	0.00784	0.00842	0.00486	0.00530	0.00910	0.01107	0.05945	0.04842	0.68647	0.03522	0.06454	0.00838	0.00243	0.00347	0.01476	0.00524	0.00482
6	0.03995	0.01120	0.01616	0.57804	0.03230	0.04101	0.01400	0.10368	0.01303	0.01719	0.01050	0.01475	0.00804	0.00779	0.04650	0.00222	0.02915	0.00495	0.00295	0.00659
7	0.01520	0.66489	0.09917	0.01066	0.01564	0.08630	0.01080	0.01743	0.01186	0.01372	0.00812	0.00940	0.00722	0.00495	0.00390	0.00128	0.00659	0.00317	0.00245	0.00727
8	0.03879	0.04406	0.00920	0.00741	0.00985	0.00766	0.00588	0.01818	0.06646	0.22473	0.01970	0.06592	0.01527	0.00729	0.00470	0.00154	0.00359	0.00591	0.43712	0.00676
9	0.16591	0.03487	0.03887	0.01093	0.01484	0.01348	0.00930	0.30490	0.08987	0.13889	0.01613	0.01913	0.01252	0.00734	0.00535	0.00179	0.00536	0.07448	0.02781	0.00824
10	0.00698	0.00530	0.00647	0.00731	0.00825	0.00479	0.00521	0.00827	0.01173	0.01501	0.05560	0.48099	0.27628	0.01623	0.00704	0.00217	0.00326	0.06916	0.00524	0.00469
11	0.28347	0.06523	0.31999	0.01400	0.08181	0.01359	0.01372	0.01776	0.03335	0.04749	0.00993	0.01156	0.00751	0.00564	0.00546	0.00177	0.05320	0.00397	0.00305	0.00751
12	0.05242	0.58574	0.05107	0.01154	0.05863	0.01937	0.01039	0.01628	0.01143	0.01458	0.00992	0.01426	0.00943	0.00605	0.00492	0.00146	0.04722	0.06551	0.00272	0.00708
13	0.07669	0.36216	0.19953	0.01168	0.01693	0.08266	0.01203	0.05727	0.04737	0.07098	0.01046	0.01132	0.00818	0.00544	0.00449	0.00150	0.00664	0.00379	0.00317	0.00771
14	0.71154	0.01095	0.00874	0.00775	0.01112	0.03576	0.00632	0.01696	0.01059	0.06854	0.06027	0.01200	0.00980	0.00577	0.00388	0.00173	0.00444	0.00370	0.00385	0.00626
15	0.09232	0.00681	0.00803	0.00790	0.00950	0.00672	0.00599	0.01270	0.05184	0.07611	0.23582	0.16235	0.09476	0.09919	0.00886	0.00238	0.00384	0.10410	0.00528	0.00551
16	0.05909	0.00930	0.03858	0.02587	0.09332	0.03169	0.00817	0.01565	0.01405	0.19401	0.19879	0.07671	0.17131	0.00990	0.00607	0.00182	0.00436	0.02927	0.00527	0.00675

[dist]
# distance from previous block
# <min> <max>
6	28

[block]
# block no. 13 follows, 42 sequences, length 20
# corresponding to MSA columns:
# 914-933
name=unknown_N
#
# <colnr> <probs for GDERKNQSTAVLIFYWHMCP>
#	G	D	E	R	K	N	Q	S	T	A	V	L	I	F	Y	W	H	M	C	P
0	0.10376	0.05402	0.01352	0.04523	0.15854	0.00990	0.00913	0.01809	0.03816	0.21969	0.10963	0.07319	0.04225	0.00773	0.00541	0.00172	0.00468	0.00652	0.07140	0.00742
1	0.06095	0.05058	0.01545	0.08598	0.10396	0.06404	0.03235	0.10747	0.05745	0.13182	0.04399	0.01561	0.01173	0.00598	0.00512	0.00154	0.00565	0.00489	0.05083	0.14461
2	0.14432	0.03268	0.08290	0.01226	0.06141	0.05314	0.05024	0.09200	0.02809	0.11697	0.01668	0.04866	0.07221	0.00771	0.02572	0.00180	0.00583	0.00548	0.00413	0.13777
3	0.00699	0.00510	0.00659	0.00760	0.00821	0.00470	0.00522	0.00820	0.01151	0.01524	0.09842	0.63116	0.11880	0.01667	0.00709	0.00221	0.00321	0.03310	0.00531	0.00467
4	0.01339	0.01376	0.12176	0.20623	0.15226	0.01255	0.01343	0.09594	0.14880	0.05383	0.09661	0.01847	0.01498	0.00667	0.00571	0.00180	0.00613	0.00574	0.00405	0.00788
5	0.01413	0.01111	0.06134	0.03234	0.05210	0.03371	0.00943	0.08349	0.04013	0.15641	0.18375	0.02384	0.03234	0.06875	0.06507	0.00264	0.11110	0.00664	0.00470	0.00699
6	0.00700	0.00496	0.00649	0.00766	0.00795	0.00466	0.00503	0.00787	0.01050	0.01400	0.02962	0.71853	0.03546	0.10005	0.00944	0.00262	0.00350	0.01518	0.00503	0.00445
7	0.01507	0.57514	0.05881	0.01016	0.01461	0.05213	0.00982	0.08389	0.01292	0.01594	0.00948	0.01101	0.00822	0.00726	0.04758	0.00173	0.00664	0.00357	0.04881	0.00722
8	0.00737	0.00532	0.00682	0.00727	0.00807	0.00493	0.00506	0.00894	0.01270	0.01731	0.31255	0.40066	0.09245	0.07342	0.00853	0.00230	0.00317	0.01290	0.00546	0.00478
9	0.10992	0.01586	0.01591	0.01244	0.01674	0.05976	0.01021	0.62859	0.02405	0.03315	0.01263	0.01285	0.00906	0.00654	0.00537	0.00168	0.00622	0.00477	0.00524	0.00902
10	0.69539	0.01080	0.01006	0.00858	0.01214	0.01213	0.04734	0.01717	0.01026	0.08186	0.00947	0.01083	0.00719	0.00700	0.03886	0.00208	0.00516	0.00358	0.00370	0.00640
