[name]
unknown

[dist]
# distance from previous block
# <min> <max>
32	778

[block]
# block no. 0 follows, 36 sequences, length 19
# corresponding to MSA columns:
# 1150-1168
name=unknown_A
#
# <colnr> <probs for GDERKNQSTAVLIFYWHMCP>
#	G	D	E	R	K	N	Q	S	T	A	V	L	I	F	Y	W	H	M	C	P
0	0.01584	0.01535	0.07740	0.01537	0.09891	0.08774	0.04259	0.09033	0.07220	0.06929	0.07257	0.01967	0.01546	0.05495	0.04140	0.00229	0.00705	0.00586	0.00443	0.19129
1	0.01517	0.01479	0.09884	0.08154	0.01966	0.04610	0.05789	0.12345	0.04338	0.07037	0.14270	0.02273	0.01960	0.04226	0.00850	0.00208	0.06487	0.01594	0.00470	0.10544
2	0.04548	0.18144	0.21073	0.04600	0.01899	0.03465	0.01311	0.03425	0.06603	0.04510	0.09659	0.02155	0.01703	0.00759	0.00572	0.00180	0.00660	0.05706	0.00404	0.08624
3	0.14097	0.07306	0.07323	0.07638	0.05459	0.07489	0.02262	0.09021	0.09028	0.04789	0.02819	0.01493	0.01093	0.00626	0.00535	0.00168	0.00648	0.00481	0.00414	0.17311
4	0.39824	0.01451	0.07417	0.01280	0.07126	0.05558	0.01007	0.01934	0.04403	0.07661	0.01247	0.03860	0.01037	0.04194	0.00726	0.00214	0.06278	0.00494	0.00402	0.03887
5	0.06866	0.01425	0.01581	0.01417	0.05240	0.09072	0.03615	0.13083	0.10877	0.02362	0.12687	0.03783	0.03848	0.00890	0.00872	0.00200	0.14198	0.00672	0.00477	0.06835
6	0.01159	0.01067	0.07193	0.01039	0.01299	0.00947	0.00863	0.05704	0.17706	0.03784	0.14364	0.19543	0.10991	0.05893	0.00859	0.00243	0.00473	0.05591	0.00576	0.00706
7	0.01456	0.01124	0.06697	0.06018	0.01554	0.01020	0.00935	0.07489	0.14020	0.07950	0.01496	0.01832	0.01209	0.01292	0.01342	0.33419	0.00582	0.00555	0.00417	0.09595
8	0.00770	0.00547	0.00720	0.00853	0.00887	0.00513	0.00563	0.00870	0.01171	0.01562	0.03323	0.72139	0.03981	0.07701	0.00975	0.00280	0.00380	0.01706	0.00563	0.00496
9	0.01243	0.01134	0.01261	0.01105	0.01350	0.06586	0.04809	0.01836	0.20469	0.01909	0.06946	0.05925	0.14006	0.15550	0.01220	0.00276	0.05553	0.00850	0.00490	0.07483
10	0.05813	0.00972	0.01490	0.04773	0.06906	0.01040	0.09332	0.01406	0.01217	0.06506	0.02181	0.32743	0.02351	0.07713	0.01119	0.00266	0.11977	0.01091	0.00453	0.00651
11	0.04749	0.07300	0.06089	0.08155	0.18318	0.04413	0.01344	0.14339	0.14252	0.05616	0.01468	0.01596	0.01122	0.00651	0.00580	0.00180	0.00670	0.00533	0.00441	0.08183
12	0.05134	0.01975	0.27292	0.01446	0.01996	0.01434	0.01494	0.21124	0.10245	0.02594	0.01841	0.02686	0.01584	0.00904	0.00653	0.00215	0.00713	0.15310	0.00477	0.00882
13	0.42708	0.01253	0.01541	0.03746	0.29254	0.01354	0.01166	0.01776	0.01213	0.02375	0.01205	0.07653	0.01087	0.00686	0.00514	0.00195	0.00579	0.00546	0.00370	0.00781
14	0.01533	0.01234	0.01719	0.27215	0.11240	0.01286	0.01300	0.11093	0.05979	0.07222	0.03349	0.01689	0.01157	0.00633	0.00586	0.00172	0.00653	0.00539	0.00417	0.20984
15	0.08179	0.01019	0.01149	0.00968	0.01310	0.00985	0.00758	0.09720	0.09710	0.07949	0.18614	0.09373	0.07621	0.00968	0.00617	0.00179	0.00440	0.00810	0.00566	0.19065
16	0.02100	0.12650	0.01654	0.01056	0.01530	0.01197	0.00891	0.09444	0.01707	0.35725	0.04314	0.02104	0.06795	0.00752	0.00574	0.00166	0.00531	0.00596	0.00591	0.15624
17	0.01247	0.00896	0.01032	0.00920	0.01131	0.00907	0.00693	0.16743	0.03341	0.03925	0.26935	0.07236	0.12753	0.15751	0.01174	0.00279	0.00463	0.03322	0.00592	0.00658
18	0.01598	0.07548	0.10322	0.08038	0.18964	0.06918	0.29054	0.02033	0.01451	0.06255	0.01235	0.01545	0.00945	0.00570	0.00641	0.00193	0.00896	0.00592	0.00330	0.00872

[dist]
# distance from previous block
# <min> <max>
2	9

[block]
# block no. 1 follows, 36 sequences, length 17
# corresponding to MSA columns:
# 1178-1194
name=unknown_B
#
# <colnr> <probs for GDERKNQSTAVLIFYWHMCP>
#	G	D	E	R	K	N	Q	S	T	A	V	L	I	F	Y	W	H	M	C	P
0	0.01275	0.01175	0.01367	0.02632	0.03791	0.11849	0.07452	0.03064	0.06038	0.03697	0.12793	0.24200	0.05244	0.01292	0.00728	0.00223	0.00597	0.11391	0.00526	0.00665
1	0.01580	0.09683	0.01873	0.03762	0.13876	0.02677	0.03099	0.07102	0.18518	0.06242	0.01580	0.01737	0.01249	0.01033	0.07568	0.00250	0.03124	0.00553	0.00440	0.14053
2	0.14622	0.26163	0.23950	0.01383	0.02007	0.01851	0.05067	0.14326	0.01552	0.02293	0.01073	0.01219	0.00830	0.00595	0.00512	0.00175	0.00736	0.00433	0.00350	0.00864
3	0.00824	0.00609	0.00752	0.00765	0.00885	0.00556	0.00545	0.01020	0.01482	0.02003	0.36852	0.23051	0.18841	0.07819	0.00950	0.00247	0.00341	0.01307	0.00612	0.00538
4	0.02258	0.01387	0.01798	0.04585	0.01940	0.01468	0.05903	0.26122	0.07911	0.30045	0.01849	0.01807	0.01271	0.00776	0.00765	0.00202	0.07706	0.00608	0.00612	0.00988
5	0.00886	0.00706	0.01126	0.01093	0.01219	0.00732	0.07282	0.01086	0.01129	0.01561	0.02410	0.35591	0.02632	0.03088	0.35664	0.00598	0.01035	0.01161	0.00440	0.00560
6	0.01024	0.00663	0.00850	0.00805	0.00977	0.00600	0.00602	0.01272	0.01650	0.08926	0.49826	0.13696	0.14029	0.01351	0.00733	0.00205	0.00327	0.01185	0.00667	0.00613
7	0.01572	0.14354	0.01932	0.17004	0.05187	0.01680	0.01220	0.14725	0.19921	0.02336	0.07465	0.01911	0.01560	0.00768	0.00689	0.00195	0.05561	0.00603	0.00463	0.00854
8	0.75918	0.01249	0.00994	0.00870	0.01265	0.01442	0.00717	0.07610	0.01214	0.02888	0.00919	0.01052	0.00706	0.00592	0.00405	0.00192	0.00499	0.00356	0.00405	0.00706
9	0.01138	0.01085	0.01981	0.01569	0.01893	0.01051	0.29029	0.01556	0.06228	0.01912	0.12564	0.14472	0.06173	0.07636	0.08483	0.00326	0.00784	0.00988	0.00452	0.00679
10	0.00887	0.00626	0.00782	0.00825	0.00948	0.00576	0.00606	0.01066	0.01394	0.04046	0.19545	0.28363	0.19384	0.07981	0.00970	0.00263	0.00389	0.10212	0.00591	0.00544
11	0.06727	0.01085	0.01518	0.05819	0.25933	0.01115	0.01141	0.01757	0.11826	0.02211	0.20361	0.03062	0.13054	0.00933	0.00651	0.00197	0.00517	0.00817	0.00494	0.00782
12	0.00826	0.00619	0.00770	0.00864	0.00979	0.00574	0.00652	0.00992	0.01310	0.01672	0.04165	0.33682	0.24380	0.05757	0.00920	0.00268	0.00418	0.20063	0.00567	0.00524
13	0.00936	0.00756	0.01071	0.01037	0.01139	0.00891	0.00811	0.01138	0.01097	0.01557	0.06982	0.07628	0.08613	0.03453	0.47961	0.00718	0.12442	0.00812	0.00387	0.00571
14	0.01533	0.54443	0.26136	0.01293	0.01950	0.02140	0.01461	0.01900	0.01282	0.01628	0.00947	0.01100	0.00796	0.00552	0.00461	0.00154	0.00748	0.00374	0.00265	0.00838
15	0.36553	0.01857	0.22548	0.01458	0.07501	0.01445	0.03548	0.10090	0.01430	0.02591	0.04836	0.01408	0.01056	0.00635	0.00520	0.00194	0.00661	0.00470	0.00385	0.00816
16	0.01566	0.10899	0.03879	0.01868	0.09338	0.10554	0.20092	0.06847	0.03315	0.01954	0.03536	0.01877	0.01259	0.04858	0.03547	0.00238	0.05267	0.02708	0.00362	0.06035

[dist]
# distance from previous block
# <min> <max>
0	7

[block]
# block no. 2 follows, 36 sequences, length 34
# corresponding to MSA columns:
# 1202-1230,1234-1238
name=unknown_C
#
# <colnr> <probs for GDERKNQSTAVLIFYWHMCP>
#	G	D	E	R	K	N	Q	S	T	A	V	L	I	F	Y	W	H	M	C	P
0	0.01342	0.06573	0.09183	0.10025	0.01828	0.12669	0.01115	0.06047	0.06129	0.01814	0.02047	0.29338	0.02140	0.03003	0.00776	0.00222	0.03647	0.00969	0.00439	0.00695
1	0.01812	0.06267	0.01967	0.34185	0.12183	0.01317	0.03908	0.02152	0.01459	0.26278	0.01560	0.01758	0.01093	0.00655	0.00613	0.00195	0.00715	0.00570	0.00448	0.00867
2	0.03746	0.43209	0.02366	0.01087	0.01523	0.01785	0.01003	0.02017	0.01389	0.18647	0.01734	0.02108	0.04751	0.00785	0.00599	0.00175	0.04577	0.07252	0.00433	0.00816
3	0.01072	0.00860	0.00987	0.00938	0.01148	0.00894	0.00706	0.01819	0.25687	0.02313	0.32052	0.13450	0.13090	0.01256	0.00709	0.00210	0.00373	0.01092	0.00641	0.00704
4	0.00939	0.00725	0.00884	0.00898	0.01019	0.00739	0.00662	0.05670	0.01325	0.01730	0.03618	0.30077	0.22191	0.09962	0.06990	0.00337	0.05323	0.05835	0.00521	0.00554
5	0.01068	0.00680	0.00873	0.00915	0.01036	0.00655	0.00651	0.01339	0.06959	0.09465	0.10154	0.48813	0.03704	0.06710	0.00919	0.00262	0.00408	0.04185	0.00600	0.00605
6	0.01288	0.01153	0.01422	0.16803	0.02002	0.06022	0.01047	0.06152	0.01386	0.01919	0.08905	0.01968	0.01550	0.01523	0.16045	0.00338	0.06845	0.00577	0.00382	0.22672
7	0.06360	0.00683	0.00849	0.00814	0.00979	0.00647	0.00607	0.01292	0.01605	0.06887	0.50096	0.16716	0.04819	0.01295	0.00705	0.00204	0.00333	0.01136	0.03363	0.00609
8	0.01413	0.01268	0.02284	0.11711	0.12595	0.01285	0.25059	0.01874	0.05937	0.07696	0.09464	0.09607	0.01888	0.00829	0.00753	0.00210	0.04083	0.00813	0.00430	0.00801
9	0.82504	0.01205	0.00916	0.00819	0.01205	0.01398	0.00675	0.01832	0.01060	0.02795	0.00868	0.01012	0.00675	0.00578	0.00386	0.00193	0.00482	0.00337	0.00386	0.00675
10	0.00880	0.00634	0.00815	0.00771	0.00909	0.00587	0.00568	0.01147	0.01686	0.02374	0.66304	0.04647	0.07535	0.07327	0.00927	0.00228	0.00319	0.01115	0.00659	0.00570
11	0.00913	0.00694	0.00909	0.00903	0.00958	0.00765	0.00641	0.01031	0.01070	0.01478	0.06787	0.17460	0.06243	0.28144	0.20459	0.00555	0.09059	0.01006	0.00423	0.00500
12	0.00808	0.00580	0.00733	0.00801	0.00869	0.00541	0.00540	0.00944	0.01291	0.01737	0.18984	0.44343	0.09583	0.13884	0.01155	0.00293	0.00382	0.01456	0.00570	0.00505
13	0.03905	0.01269	0.07409	0.34674	0.02775	0.01397	0.01461	0.01521	0.01212	0.01700	0.04602	0.02298	0.06042	0.00909	0.01025	0.00229	0.21370	0.05182	0.00335	0.00683
14	0.07135	0.09465	0.02145	0.22824	0.16355	0.02641	0.06964	0.11295	0.01518	0.04836	0.01221	0.01558	0.00961	0.00891	0.05575	0.00245	0.02646	0.00539	0.00362	0.00825
15	0.01057	0.09078	0.01187	0.06844	0.01352	0.05814	0.00768	0.01355	0.06137	0.01789	0.12387	0.20047	0.25446	0.01330	0.00689	0.00208	0.00472	0.02901	0.00522	0.00616
16	0.79098	0.01199	0.00938	0.00832	0.01221	0.01377	0.00685	0.01883	0.01091	0.05866	0.00936	0.01060	0.00712	0.00587	0.00396	0.00193	0.00484	0.00350	0.00402	0.00691
17	0.01461	0.01295	0.02252	0.37396	0.24853	0.01405	0.10671	0.01899	0.03264	0.07551	0.01290	0.01682	0.00976	0.00608	0.00636	0.00200	0.00799	0.00587	0.00340	0.00836
18	0.00781	0.00575	0.00734	0.00837	0.00918	0.00529	0.00586	0.00925	0.01298	0.01708	0.10673	0.55258	0.15460	0.01814	0.00784	0.00243	0.00359	0.05409	0.00588	0.00521
19	0.01804	0.01432	0.01600	0.01462	0.06450	0.01593	0.01086	0.31375	0.31814	0.03007	0.02112	0.09894	0.01728	0.00903	0.00645	0.00204	0.00575	0.00748	0.00602	0.00966
20	0.00794	0.00567	0.00762	0.00901	0.00954	0.00535	0.00633	0.00930	0.01239	0.01650	0.05324	0.66632	0.04100	0.01904	0.00802	0.00256	0.00387	0.10530	0.00581	0.00517
21	0.00921	0.00684	0.00936	0.08812	0.01256	0.00717	0.00692	0.01133	0.01316	0.01831	0.31488	0.03716	0.03455	0.22726	0.17182	0.00478	0.00725	0.00910	0.00485	0.00535
22	0.35406	0.01166	0.01195	0.00997	0.01389	0.01235	0.00802	0.07712	0.09038	0.26143	0.01696	0.01790	0.01242	0.06782	0.00728	0.00227	0.00524	0.00532	0.00555	0.00839
23	0.02175	0.02723	0.01667	0.01518	0.01821	0.67676	0.01139	0.02349	0.01765	0.01628	0.08668	0.01497	0.01339	0.00709	0.00580	0.00164	0.01036	0.00478	0.00360	0.00708
24	0.01825	0.05290	0.01538	0.01180	0.01542	0.01403	0.00959	0.36020	0.04618	0.06822	0.05971	0.03710	0.04627	0.01081	0.00892	0.11773	0.00588	0.05223	0.00550	0.04388
25	0.16203	0.07010	0.06360	0.06293	0.05001	0.01292	0.08512	0.05399	0.01356	0.02191	0.01086	0.01308	0.00866	0.00532	0.00506	0.00149	0.00619	0.00435	0.00357	0.34524
26	0.13356	0.22056	0.15355	0.01553	0.09467	0.01661	0.01312	0.04978	0.01532	0.02310	0.11120	0.01959	0.01713	0.00797	0.00611	0.00206	0.00691	0.00574	0.00443	0.08308
27	0.15824	0.01610	0.09478	0.04133	0.02047	0.01450	0.08665	0.15694	0.04926	0.15878	0.01840	0.05893	0.01461	0.01188	0.06590	0.00300	0.00808	0.00685	0.00564	0.00966
28	0.10543	0.04720	0.01939	0.19999	0.08176	0.01572	0.04988	0.17000	0.06006	0.10246	0.01943	0.02169	0.06029	0.00860	0.00689	0.00233	0.00735	0.00664	0.00532	0.00956
29	0.10121	0.01174	0.01305	0.04415	0.01529	0.01179	0.00878	0.18644	0.01959	0.02853	0.30875	0.03342	0.06183	0.06190	0.00892	0.00252	0.00543	0.00870	0.00635	0.06160
30	0.07071	0.05655	0.08651	0.01516	0.01995	0.01317	0.14658	0.02183	0.09151	0.13620	0.10430	0.07056	0.02076	0.00919	0.00707	0.00225	0.00689	0.00768	0.00556	0.10759
31	0.01137	0.00813	0.00998	0.01033	0.01130	0.00783	0.00720	0.01200	0.01364	0.05013	0.07568	0.46904	0.11947	0.08680	0.01170	0.00311	0.06484	0.01481	0.00614	0.00653
32	0.09710	0.00924	0.02972	0.00992	0.01189	0.00830	0.00752	0.01370	0.03394	0.02329	0.30994	0.21799	0.13562	0.01510	0.00796	0.00254	0.00447	0.04824	0.00656	0.00698
33	0.07610	0.01088	0.04190	0.01069	0.01261	0.05572	0.00817	0.01343	0.01277	0.01788	0.02752	0.09514	0.15654	0.10703	0.26393	0.05944	0.00988	0.00909	0.00473	0.00655

[dist]
# distance from previous block
# <min> <max>
39	229

[block]
# block no. 3 follows, 36 sequences, length 16
# corresponding to MSA columns:
# 1680-1695
name=unknown_D
#
# <colnr> <probs for GDERKNQSTAVLIFYWHMCP>
#	G	D	E	R	K	N	Q	S	T	A	V	L	I	F	Y	W	H	M	C	P
0	0.01644	0.01931	0.06995	0.01483	0.06299	0.31279	0.04069	0.04839	0.01473	0.01671	0.01475	0.08395	0.01461	0.18915	0.01205	0.00277	0.00842	0.00670	0.00366	0.04708
1	0.10459	0.01188	0.01435	0.11338	0.01881	0.01263	0.01031	0.22936	0.01947	0.18119	0.14168	0.02556	0.02108	0.00881	0.00636	0.00201	0.00575	0.05837	0.00590	0.00852
2	0.07140	0.26240	0.12048	0.15188	0.04925	0.06462	0.01335	0.01830	0.01294	0.04040	0.01125	0.04155	0.00961	0.00650	0.00586	0.00173	0.04211	0.00480	0.00317	0.06841
3	0.08545	0.04404	0.04983	0.11921	0.05574	0.01477	0.31649	0.08652	0.01512	0.02171	0.01400	0.01699	0.03933	0.00606	0.00630	0.00190	0.00816	0.00616	0.00359	0.08867
4	0.01161	0.00581	0.00581	0.00581	0.00726	0.00581	0.00436	0.01452	0.01307	0.02323	0.02033	0.02323	0.01597	0.00726	0.00436	0.00145	0.00290	0.00581	0.81562	0.00581
5	0.01275	0.06975	0.11431	0.01029	0.01366	0.00992	0.00928	0.07465	0.01625	0.07864	0.31302	0.10119	0.03384	0.06806	0.00847	0.00222	0.00498	0.00897	0.00549	0.04425
6	0.01234	0.00885	0.01054	0.00962	0.01114	0.00958	0.00696	0.17681	0.01430	0.01943	0.01880	0.08508	0.01920	0.33366	0.23013	0.00593	0.00908	0.00822	0.00438	0.00598
7	0.01242	0.01592	0.19662	0.11732	0.02066	0.01234	0.01298	0.04939	0.22155	0.02169	0.08748	0.06140	0.12530	0.00943	0.00653	0.00207	0.00605	0.00792	0.00485	0.00807
8	0.00801	0.00612	0.00738	0.00777	0.00914	0.00550	0.00570	0.00990	0.01449	0.01893	0.23939	0.26910	0.29944	0.01614	0.00761	0.00224	0.00340	0.05827	0.00608	0.00540
9	0.01622	0.32170	0.22787	0.01443	0.04099	0.07658	0.01442	0.06509	0.12944	0.01964	0.01260	0.01357	0.00995	0.00622	0.00524	0.00171	0.00749	0.00454	0.00352	0.00879
10	0.01045	0.00680	0.00931	0.01036	0.01163	0.00659	0.00836	0.01260	0.01359	0.06758	0.03227	0.29009	0.03559	0.04978	0.00922	0.00283	0.00505	0.40632	0.00580	0.00577
11	0.01779	0.14293	0.11088	0.06850	0.02366	0.18288	0.16280	0.08685	0.06522	0.04768	0.01294	0.01539	0.01008	0.00640	0.00599	0.00184	0.00875	0.01730	0.00372	0.00841
12	0.01100	0.00817	0.00976	0.00926	0.01114	0.00815	0.00700	0.12235	0.04705	0.02381	0.31586	0.23253	0.11430	0.01399	0.00734	0.00215	0.00394	0.03940	0.00631	0.00650
13	0.03974	0.11297	0.10410	0.03576	0.09501	0.01473	0.11178	0.09885	0.07758	0.02238	0.10684	0.07030	0.01927	0.00843	0.00671	0.00199	0.02644	0.03453	0.00439	0.00820
14	0.01627	0.04727	0.09625	0.11666	0.05087	0.17005	0.03017	0.09351	0.03551	0.02039	0.04158	0.01512	0.01110	0.00659	0.00664	0.00171	0.05682	0.00498	0.00369	0.17483
15	0.10377	0.11467	0.17906	0.06431	0.01928	0.06369	0.01259	0.07193	0.06444	0.06549	0.07160	0.06572	0.01550	0.00762	0.00569	0.00184	0.00665	0.00600	0.00425	0.05590

[dist]
# distance from previous block
# <min> <max>
4	69

[block]
# block no. 4 follows, 36 sequences, length 21
# corresponding to MSA columns:
# 1780-1800
name=unknown_E
#
# <colnr> <probs for GDERKNQSTAVLIFYWHMCP>
#	G	D	E	R	K	N	Q	S	T	A	V	L	I	F	Y	W	H	M	C	P
0	0.10384	0.01522	0.09942	0.01762	0.09506	0.01323	0.16630	0.10498	0.04203	0.11937	0.04225	0.04403	0.04963	0.00771	0.00637	0.00200	0.00696	0.02974	0.00469	0.02955
1	0.01576	0.16942	0.04598	0.07051	0.17755	0.04319	0.01356	0.06966	0.01386	0.05279	0.01248	0.05627	0.01123	0.02772	0.00948	0.00207	0.16970	0.00574	0.00352	0.02951
2	0.03559	0.01714	0.15647	0.07124	0.02223	0.06548	0.14925	0.12534	0.01670	0.03879	0.09981	0.09904	0.01960	0.00892	0.00672	0.00207	0.00749	0.04574	0.00446	0.00793
3	0.01521	0.01382	0.06475	0.06690	0.05288	0.09690	0.01122	0.01889	0.06798	0.11328	0.01918	0.09483	0.01785	0.06676	0.00967	0.00237	0.07784	0.09808	0.00457	0.08703
4	0.01348	0.01104	0.01411	0.20392	0.04459	0.04340	0.01108	0.16118	0.01594	0.02095	0.04648	0.15046	0.01977	0.05239	0.08467	0.03028	0.00757	0.05726	0.00450	0.00693
5	0.01398	0.00982	0.01286	0.02834	0.06693	0.02622	0.00913	0.05421	0.01585	0.13565	0.26934	0.10897	0.07747	0.01200	0.02022	0.00224	0.11449	0.00936	0.00569	0.00723
6	0.10743	0.06244	0.01239	0.01098	0.01355	0.01026	0.00934	0.04032	0.06747	0.10445	0.02647	0.09830	0.02652	0.01317	0.00718	0.00243	0.00547	0.36925	0.00560	0.00699
7	0.09910	0.04404	0.07315	0.07055	0.16248	0.08821	0.05272	0.05001	0.07195	0.17481	0.01485	0.01603	0.01089	0.00668	0.00646	0.00193	0.03733	0.00540	0.00445	0.00896
8	0.00978	0.00629	0.00835	0.00896	0.00998	0.00592	0.00653	0.01148	0.01351	0.06943	0.16128	0.41143	0.04008	0.08616	0.00998	0.00275	0.00416	0.12239	0.00593	0.00559
9	0.08083	0.01703	0.16100	0.03033	0.03315	0.06070	0.01241	0.07917	0.16855	0.07865	0.10298	0.02208	0.05295	0.00840	0.00720	0.00202	0.06268	0.00650	0.00491	0.00844
10	0.82504	0.01205	0.00916	0.00819	0.01205	0.01398	0.00675	0.01832	0.01060	0.02795	0.00868	0.01012	0.00675	0.00578	0.00386	0.00193	0.00482	0.00337	0.00386	0.00675
11	0.01344	0.09972	0.01390	0.01051	0.01358	0.04210	0.00835	0.06271	0.29813	0.02258	0.12980	0.06736	0.17165	0.01059	0.00646	0.00199	0.00479	0.00877	0.00572	0.00786
12	0.05013	0.00711	0.00851	0.00826	0.01032	0.00641	0.00614	0.01366	0.01427	0.15740	0.10650	0.29334	0.26479	0.01475	0.00719	0.00219	0.00378	0.01275	0.00616	0.00634
13	0.18703	0.01336	0.09310	0.01120	0.01535	0.01192	0.01003	0.07315	0.06456	0.23291	0.04440	0.02244	0.09301	0.01029	0.04354	0.00241	0.05115	0.00637	0.00540	0.00839
14	0.02368	0.01745	0.01870	0.01434	0.01932	0.01932	0.01184	0.72139	0.02929	0.03927	0.01496	0.01496	0.01060	0.00748	0.00623	0.00187	0.00686	0.00561	0.00623	0.01060
15	0.01371	0.12629	0.12131	0.10511	0.01963	0.01348	0.01177	0.06956	0.06582	0.03277	0.15255	0.02051	0.01916	0.00742	0.00624	0.00171	0.03189	0.00594	0.00429	0.17086
16	0.06862	0.02249	0.06625	0.01399	0.01784	0.38989	0.01141	0.12313	0.04664	0.04587	0.09589	0.01678	0.01490	0.00730	0.00584	0.00174	0.00847	0.00527	0.00435	0.03334
17	0.01161	0.00581	0.00581	0.00581	0.00726	0.00581	0.00436	0.01452	0.01307	0.02323	0.02033	0.02323	0.01597	0.00726	0.00436	0.00145	0.00290	0.00581	0.81562	0.00581
18	0.31887	0.11717	0.07169	0.01296	0.01737	0.18220	0.05576	0.06956	0.01438	0.04391	0.01022	0.01181	0.00803	0.00622	0.00553	0.00182	0.03697	0.00418	0.00366	0.00769
19	0.00805	0.00578	0.00741	0.00820	0.00879	0.00553	0.00552	0.00925	0.01204	0.01614	0.10421	0.47066	0.08743	0.15050	0.06721	0.00359	0.00489	0.01444	0.00537	0.00498
20	0.01643	0.06525	0.01428	0.03842	0.01510	0.04757	0.00930	0.07021	0.05661	0.19786	0.01791	0.02094	0.01421	0.02560	0.35493	0.00564	0.01119	0.00611	0.00473	0.00773

[dist]
# distance from previous block
# <min> <max>
0	1

[block]
# block no. 5 follows, 36 sequences, length 44
# corresponding to MSA columns:
# 1802-1845
name=unknown_F
#
# <colnr> <probs for GDERKNQSTAVLIFYWHMCP>
#	G	D	E	R	K	N	Q	S	T	A	V	L	I	F	Y	W	H	M	C	P
0	0.01099	0.00641	0.00877	0.00892	0.01004	0.00612	0.00645	0.01211	0.01282	0.10284	0.14217	0.32113	0.03314	0.05221	0.07701	0.12565	0.00534	0.04695	0.00542	0.00552
1	0.01820	0.01656	0.01826	0.09068	0.17258	0.13406	0.01304	0.24445	0.08892	0.02624	0.09891	0.01912	0.01627	0.00749	0.00626	0.00188	0.00717	0.00614	0.00484	0.00893
2	0.01114	0.00664	0.00874	0.00874	0.01028	0.00605	0.00644	0.01314	0.01494	0.12868	0.26644	0.34909	0.08561	0.01519	0.00749	0.00224	0.00371	0.04281	0.00642	0.00620
3	0.03194	0.10724	0.06956	0.02935	0.01999	0.33205	0.03962	0.17961	0.09211	0.02233	0.01256	0.01359	0.00975	0.00665	0.00573	0.00174	0.00880	0.00479	0.00410	0.00850
4	0.01532	0.01006	0.01174	0.01038	0.01304	0.01046	0.00790	0.10089	0.20898	0.14200	0.17662	0.11745	0.02900	0.10566	0.00985	0.00256	0.00477	0.00915	0.00628	0.00790
5	0.01760	0.01615	0.01697	0.03052	0.01881	0.10290	0.06128	0.14216	0.46723	0.02628	0.02062	0.01990	0.01545	0.00778	0.00631	0.00201	0.00645	0.00645	0.00565	0.00950
6	0.11719	0.00932	0.01088	0.00938	0.01206	0.00934	0.00701	0.02080	0.09708	0.28022	0.02057	0.02701	0.01728	0.27659	0.05551	0.00381	0.00607	0.00699	0.00548	0.00741
7	0.00983	0.00968	0.05377	0.02794	0.02541	0.00819	0.11963	0.01259	0.01416	0.01870	0.17159	0.06802	0.23231	0.10724	0.01040	0.00265	0.00545	0.09130	0.00504	0.00607
8	0.15307	0.02017	0.24107	0.28612	0.05672	0.10558	0.01667	0.01873	0.01306	0.01924	0.01054	0.01373	0.00794	0.00606	0.00565	0.00195	0.00831	0.00469	0.00298	0.00774
9	0.01176	0.02019	0.36384	0.01482	0.04735	0.01187	0.01557	0.01878	0.12669	0.01997	0.02457	0.08254	0.11125	0.00996	0.00666	0.00216	0.00684	0.09282	0.00425	0.00810
10	0.01930	0.48314	0.02666	0.01281	0.01730	0.31681	0.01121	0.02114	0.01466	0.01489	0.00905	0.01049	0.00801	0.00577	0.00465	0.00144	0.00849	0.00360	0.00288	0.00769
11	0.00992	0.00660	0.00822	0.00841	0.00918	0.00664	0.00573	0.01157	0.09901	0.01486	0.02593	0.21663	0.10662	0.13274	0.01715	0.29682	0.00473	0.01014	0.00444	0.00464
12	0.11281	0.13549	0.20787	0.01449	0.01966	0.30477	0.01387	0.02262	0.07940	0.01879	0.01120	0.01251	0.00883	0.00624	0.00532	0.00174	0.00873	0.00427	0.00334	0.00803
13	0.01483	0.01271	0.04299	0.01631	0.04669	0.01266	0.18538	0.03920	0.08494	0.11480	0.15154	0.07831	0.03306	0.00943	0.00906	0.00216	0.12474	0.00824	0.00497	0.00797
14	0.01352	0.00808	0.00949	0.00875	0.01058	0.00795	0.00618	0.01710	0.12575	0.16381	0.02862	0.12271	0.11117	0.31913	0.01678	0.00369	0.00508	0.00970	0.00546	0.00645
15	0.01204	0.00936	0.01069	0.01008	0.01186	0.01036	0.00732	0.06391	0.26138	0.01954	0.02255	0.11659	0.02160	0.25076	0.13957	0.00466	0.00720	0.00875	0.00499	0.00678
16	0.12640	0.03602	0.01727	0.06927	0.10803	0.01559	0.01169	0.25650	0.12599	0.14680	0.01640	0.01661	0.01181	0.00705	0.00587	0.00192	0.00621	0.00556	0.00544	0.00956
17	0.01569	0.01430	0.02421	0.03606	0.68589	0.01423	0.01824	0.01924	0.01427	0.05128	0.01305	0.04184	0.01118	0.00612	0.00623	0.00188	0.00718	0.00600	0.00337	0.00974
18	0.02683	0.01132	0.01479	0.01139	0.01612	0.01031	0.00939	0.11496	0.01924	0.63688	0.04560	0.02122	0.01618	0.00784	0.00630	0.00192	0.00542	0.00634	0.00750	0.01046
19	0.01667	0.01267	0.01470	0.10445	0.01851	0.01372	0.01022	0.37856	0.02257	0.03017	0.18582	0.02831	0.11764	0.00962	0.00664	0.00195	0.00565	0.00789	0.00589	0.00836
20	0.07856	0.10763	0.01752	0.13192	0.02011	0.25026	0.01149	0.01928	0.04463	0.03079	0.01701	0.01891	0.09878	0.00813	0.00781	0.00193	0.11891	0.00563	0.00359	0.00711
21	0.00890	0.00668	0.01001	0.01001	0.01113	0.00779	0.00779	0.01113	0.01001	0.01446	0.01669	0.02448	0.01558	0.04673	0.75634	0.01001	0.01669	0.00668	0.00334	0.00556
22	0.02219	0.01242	0.01453	0.01161	0.01563	0.01270	0.00928	0.24899	0.10818	0.31633	0.02084	0.02183	0.01519	0.09836	0.00917	0.00240	0.00575	0.00646	0.03863	0.00952
23	0.01203	0.00895	0.01004	0.00885	0.01108	0.00896	0.00668	0.18120	0.01810	0.02411	0.26374	0.05383	0.21817	0.13366	0.01094	0.00263	0.00444	0.01016	0.00592	0.00651
24	0.02913	0.00621	0.00742	0.00776	0.00903	0.00586	0.00561	0.00950	0.01236	0.01617	0.06747	0.22601	0.31809	0.05118	0.10508	0.08211	0.00540	0.02548	0.00509	0.00502
25	0.01088	0.09898	0.01480	0.01220	0.01443	0.00970	0.07770	0.01366	0.01412	0.01842	0.07875	0.14347	0.03234	0.01463	0.00777	0.00251	0.00584	0.41840	0.00521	0.00619
26	0.01476	0.01014	0.01175	0.01097	0.01383	0.01065	0.00866	0.02362	0.32759	0.14136	0.03214	0.12321	0.11251	0.01191	0.00700	0.00225	0.00475	0.11834	0.00634	0.00820
27	0.00877	0.00645	0.00806	0.00841	0.00955	0.00586	0.00585	0.01014	0.01220	0.01662	0.08422	0.40275	0.06583	0.16606	0.01219	0.00299	0.00429	0.06418	0.00522	0.10036
28	0.01001	0.00704	0.00850	0.00833	0.01006	0.00658	0.00618	0.04228	0.03839	0.05971	0.27513	0.24209	0.22249	0.01476	0.00739	0.00216	0.00357	0.02295	0.00628	0.00608
29	0.01727	0.00948	0.01067	0.00925	0.01223	0.00974	0.00729	0.06350	0.18780	0.20298	0.02228	0.02226	0.01626	0.00767	0.00541	0.00175	0.00421	0.00621	0.37551	0.00824
30	0.00874	0.00626	0.00849	0.00957	0.01054	0.00601	0.00740	0.01084	0.01391	0.01864	0.16673	0.37454	0.04252	0.01738	0.00808	0.00255	0.00428	0.27209	0.00597	0.00547
31	0.15646	0.00940	0.01105	0.00963	0.01271	0.00926	0.00757	0.02104	0.07755	0.28285	0.16783	0.09567	0.02648	0.05187	0.00769	0.00226	0.00461	0.03188	0.00630	0.00788
32	0.01544	0.02183	0.29950	0.02131	0.02852	0.01450	0.37668	0.02109	0.01449	0.10504	0.01348	0.01596	0.00957	0.00579	0.00669	0.00203	0.00941	0.00620	0.00349	0.00896
33	0.01211	0.00847	0.00910	0.00811	0.01095	0.00786	0.00633	0.10023	0.04490	0.10549	0.05117	0.04842	0.53632	0.01352	0.00706	0.00205	0.00393	0.01117	0.00609	0.00673
34	0.03811	0.00683	0.00911	0.00901	0.01034	0.00708	0.00673	0.01222	0.01226	0.06903	0.13871	0.14238	0.05005	0.12165	0.30949	0.00579	0.00924	0.03146	0.00480	0.00572
35	0.01045	0.00629	0.00801	0.00832	0.00923	0.00587	0.00561	0.01154	0.01229	0.10115	0.07768	0.41747	0.05501	0.22474	0.01416	0.00336	0.00441	0.01345	0.00554	0.00542
36	0.00794	0.00572	0.00774	0.00871	0.00934	0.00552	0.00605	0.00946	0.01258	0.01714	0.14186	0.57049	0.04079	0.02182	0.10011	0.00336	0.00512	0.01535	0.00565	0.00525
37	0.00799	0.00569	0.00746	0.00834	0.00894	0.00533	0.00566	0.00944	0.01310	0.01782	0.20272	0.54874	0.04411	0.07227	0.00950	0.00264	0.00363	0.01554	0.00590	0.00517
38	0.01292	0.01241	0.02101	0.51690	0.10543	0.01436	0.10316	0.01874	0.09712	0.01803	0.01300	0.01730	0.00985	0.00630	0.00637	0.00206	0.00809	0.00594	0.00326	0.00773
39	0.01471	0.01681	0.03676	0.02626	0.03256	0.01576	0.71954	0.01996	0.01471	0.01996	0.01261	0.01681	0.00945	0.00525	0.00735	0.00210	0.01050	0.00735	0.00315	0.00840
40	0.00860	0.00660	0.00897	0.00992	0.01037	0.00696	0.00723	0.00994	0.01195	0.01614	0.03111	0.60038	0.03668	0.01823	0.00950	0.00260	0.09367	0.10040	0.00542	0.00535
41	0.01197	0.01198	0.02228	0.10996	0.02372	0.01255	0.29347	0.01545	0.01341	0.01840	0.10184	0.11197	0.04806	0.01206	0.06248	0.00278	0.10796	0.00875	0.00391	0.00699
42	0.01198	0.01068	0.01508	0.01303	0.01412	0.01308	0.05069	0.01366	0.01164	0.04421	0.06682	0.06858	0.15181	0.06801	0.03780	0.00294	0.38714	0.00835	0.00403	0.00635
43	0.01943	0.01484	0.01601	0.01318	0.01719	0.01650	0.01055	0.44295	0.22144	0.03273	0.02023	0.11118	0.01670	0.00923	0.00647	0.00202	0.00592	0.00750	0.00621	0.00971

[dist]
# distance from previous block
# <min> <max>
0	1

[block]
# block no. 6 follows, 36 sequences, length 70
# corresponding to MSA columns:
# 1848-1884,1886-1918
name=unknown_G
#
# <colnr> <probs for GDERKNQSTAVLIFYWHMCP>
#	G	D	E	R	K	N	Q	S	T	A	V	L	I	F	Y	W	H	M	C	P
0	0.01944	0.01264	0.01437	0.01217	0.01597	0.01353	0.00964	0.17507	0.32218	0.20801	0.02399	0.10694	0.01887	0.00932	0.00648	0.00206	0.00528	0.00776	0.00660	0.00966
1	0.01377	0.01297	0.02411	0.01813	0.02281	0.01209	0.37917	0.01867	0.07265	0.06818	0.02279	0.11730	0.09786	0.00861	0.00703	0.00204	0.00747	0.00888	0.00439	0.08109
2	0.02445	0.01327	0.01588	0.01209	0.01706	0.01292	0.00996	0.29165	0.02158	0.38634	0.01923	0.01779	0.01281	0.00724	0.00605	0.00178	0.00581	0.00569	0.00665	0.11176
3	0.05559	0.01148	0.01437	0.10578	0.01875	0.01193	0.01023	0.12087	0.13462	0.29164	0.10156	0.02485	0.01993	0.00856	0.00640	0.00202	0.00557	0.04048	0.00630	0.00908
4	0.02761	0.01116	0.01480	0.01135	0.01618	0.00998	0.00938	0.08662	0.01877	0.68891	0.02380	0.02070	0.01503	0.00769	0.00626	0.00192	0.00543	0.00621	0.00759	0.01060
5	0.08866	0.01196	0.01425	0.01139	0.01566	0.01191	0.00933	0.18946	0.06065	0.38591	0.09286	0.02300	0.01876	0.00834	0.00625	0.00196	0.00538	0.02781	0.00683	0.00962
6	0.01594	0.01320	0.02098	0.21605	0.39164	0.01400	0.01637	0.02134	0.10384	0.10276	0.01473	0.01736	0.01125	0.00633	0.00622	0.00195	0.00708	0.00582	0.00394	0.00921
7	0.01142	0.00695	0.00916	0.00828	0.01021	0.00633	0.00633	0.01429	0.01766	0.12321	0.64164	0.04309	0.05289	0.01205	0.00720	0.00196	0.00326	0.01059	0.00697	0.00652
8	0.02368	0.01745	0.01870	0.01434	0.01932	0.01932	0.01184	0.72139	0.02929	0.03927	0.01496	0.01496	0.01060	0.00748	0.00623	0.00187	0.00686	0.00561	0.00623	0.01060
9	0.00767	0.00571	0.00717	0.00822	0.00904	0.00521	0.00570	0.00900	0.01275	0.01660	0.07173	0.56685	0.19298	0.01834	0.00782	0.00242	0.00355	0.03824	0.00583	0.00516
10	0.00775	0.00570	0.00730	0.00840	0.00914	0.00524	0.00583	0.00912	0.01277	0.01680	0.08821	0.58956	0.14406	0.01839	0.00785	0.00244	0.00359	0.04682	0.00586	0.00518
11	0.01433	0.01030	0.01131	0.01051	0.01316	0.01128	0.00819	0.07102	0.33822	0.05642	0.02505	0.11238	0.02145	0.01004	0.00622	0.00204	0.00451	0.06426	0.20123	0.00808
12	0.00804	0.00623	0.00709	0.00705	0.00857	0.00553	0.00508	0.00984	0.01454	0.01884	0.27335	0.11182	0.38184	0.10238	0.01018	0.00254	0.00345	0.01245	0.00590	0.00527
13	0.61254	0.01118	0.00963	0.00841	0.01221	0.01226	0.00688	0.01905	0.01210	0.13418	0.01726	0.01746	0.09163	0.00721	0.00462	0.00195	0.00470	0.00492	0.00465	0.00715
14	0.08197	0.01172	0.01832	0.01438	0.01786	0.01171	0.20184	0.10569	0.04638	0.11704	0.01607	0.03785	0.01356	0.09815	0.01275	0.15623	0.00694	0.01994	0.00444	0.00717
15	0.01260	0.01340	0.02742	0.02058	0.02527	0.01252	0.49096	0.01672	0.01427	0.01899	0.02274	0.12119	0.09885	0.00921	0.00753	0.00222	0.00842	0.06571	0.00399	0.00741
16	0.08875	0.01193	0.01446	0.01148	0.01604	0.01169	0.00938	0.10865	0.13002	0.49622	0.02234	0.01993	0.01475	0.00765	0.00608	0.00195	0.00538	0.00608	0.00702	0.01018
17	0.01006	0.00674	0.00777	0.00739	0.00952	0.00583	0.00558	0.01200	0.01521	0.10181	0.20912	0.11088	0.44630	0.01448	0.00728	0.00209	0.00339	0.01231	0.00625	0.00599
18	0.00852	0.00693	0.00974	0.00914	0.01086	0.00627	0.06362	0.01072	0.01475	0.01959	0.28032	0.25941	0.24668	0.01497	0.00753	0.00218	0.00381	0.01336	0.00594	0.00567
19	0.01666	0.78478	0.03265	0.01066	0.01599	0.02465	0.01066	0.01866	0.01266	0.01466	0.00866	0.00999	0.00800	0.00533	0.00400	0.00133	0.00666	0.00333	0.00267	0.00800
20	0.12314	0.01374	0.01517	0.01213	0.01641	0.01456	0.00986	0.38473	0.02220	0.20652	0.01871	0.10277	0.01478	0.00870	0.00614	0.00197	0.00586	0.00687	0.00624	0.00948
21	0.00862	0.00603	0.00782	0.00833	0.00924	0.00615	0.00598	0.01027	0.01147	0.01614	0.02887	0.29673	0.10675	0.08843	0.25338	0.00507	0.00793	0.01141	0.10614	0.00524
22	0.01089	0.00797	0.00957	0.00945	0.01102	0.00797	0.00690	0.14646	0.01644	0.02208	0.15814	0.45118	0.08608	0.01574	0.00747	0.00227	0.00409	0.01392	0.00606	0.00629
23	0.01627	0.00841	0.00947	0.00839	0.01105	0.00847	0.00656	0.02189	0.15241	0.19675	0.02231	0.02275	0.01643	0.00760	0.00519	0.00169	0.00387	0.00616	0.46659	0.00773
24	0.00792	0.00591	0.00743	0.00838	0.00936	0.00541	0.00603	0.00947	0.01320	0.01717	0.09826	0.46960	0.20500	0.01783	0.00784	0.00242	0.00369	0.09396	0.00587	0.00525
25	0.17345	0.01015	0.06012	0.00942	0.01226	0.00882	0.00764	0.01751	0.01293	0.22045	0.04427	0.17800	0.02148	0.18250	0.01183	0.00297	0.00522	0.00871	0.00531	0.00695
26	0.01304	0.01276	0.01795	0.01556	0.01570	0.01767	0.01290	0.01451	0.00960	0.01493	0.00924	0.01499	0.00910	0.01539	0.11252	0.00364	0.67543	0.00561	0.00280	0.00666
27	0.00950	0.00714	0.00841	0.00859	0.01007	0.00683	0.00620	0.09038	0.01516	0.01984	0.11893	0.41554	0.22725	0.01638	0.00753	0.00228	0.00379	0.01438	0.00596	0.00584
28	0.01461	0.01135	0.01306	0.01203	0.01481	0.01257	0.00962	0.18613	0.25070	0.02510	0.02445	0.12275	0.02262	0.01588	0.09699	0.00320	0.00679	0.14345	0.00577	0.00813
29	0.01300	0.00851	0.01022	0.00957	0.01155	0.00851	0.00706	0.10312	0.08043	0.10435	0.15625	0.29045	0.06512	0.09055	0.00964	0.00257	0.00443	0.01170	0.00610	0.00685
30	0.38241	0.01230	0.01139	0.00957	0.01323	0.01376	0.00780	0.23925	0.01708	0.03042	0.01338	0.01471	0.01011	0.00666	0.00472	0.00180	0.00502	0.00465	0.19402	0.00774
31	0.00910	0.00640	0.00776	0.00790	0.00951	0.00571	0.00589	0.01104	0.01475	0.05828	0.22917	0.23083	0.30272	0.01556	0.00753	0.00221	0.00350	0.06026	0.00617	0.00569
32	0.01093	0.00659	0.00835	0.00804	0.00926	0.00615	0.00559	0.01252	0.01387	0.10574	0.28491	0.18316	0.05071	0.24904	0.01480	0.00332	0.00431	0.01127	0.00579	0.00563
33	0.01485	0.00779	0.01007	0.00920	0.01153	0.00711	0.00711	0.02790	0.01543	0.24479	0.17786	0.13114	0.11121	0.10042	0.01000	0.00261	0.00453	0.09308	0.00638	0.00699
34	0.01427	0.01734	0.12033	0.02213	0.03898	0.01460	0.46876	0.06689	0.03827	0.02099	0.01546	0.10310	0.01327	0.00722	0.00711	0.00211	0.00908	0.00803	0.00370	0.00834
35	0.11006	0.01794	0.01771	0.01672	0.10823	0.21335	0.04589	0.09799	0.03782	0.02161	0.01118	0.01326	0.00907	0.00638	0.00679	0.00170	0.07628	0.00463	0.00376	0.17965
36	0.00792	0.00579	0.00745	0.00818	0.00905	0.00532	0.00570	0.00959	0.01381	0.01861	0.23971	0.49043	0.12108	0.01717	0.00772	0.00232	0.00337	0.01537	0.00609	0.00532
37	0.11215	0.00757	0.00790	0.00748	0.00831	0.00794	0.00470	0.05880	0.01063	0.01592	0.01794	0.03518	0.01984	0.63128	0.02649	0.00524	0.00594	0.00811	0.00395	0.00461
38	0.02137	0.01323	0.01512	0.01246	0.01671	0.01407	0.01001	0.16669	0.34927	0.27567	0.02306	0.02093	0.01614	0.00801	0.00629	0.00200	0.00543	0.00650	0.00679	0.01026
39	0.02283	0.01321	0.09773	0.01192	0.01664	0.01047	0.01061	0.11259	0.01791	0.47363	0.02320	0.12449	0.01754	0.00912	0.00646	0.00201	0.00571	0.00758	0.00668	0.00967
40	0.01142	0.00661	0.00775	0.00733	0.00794	0.00643	0.00445	0.01173	0.01016	0.10396	0.02025	0.03833	0.02175	0.68428	0.02853	0.00553	0.00595	0.00871	0.00427	0.00463
41	0.01938	0.00870	0.01163	0.00983	0.01312	0.00779	0.00781	0.02157	0.01581	0.43179	0.08774	0.11247	0.11244	0.01489	0.09222	0.00294	0.00595	0.00885	0.00669	0.00836
42	0.01795	0.01339	0.01467	0.01232	0.01571	0.01467	0.00974	0.40706	0.12122	0.02996	0.02043	0.11002	0.01849	0.10643	0.00979	0.00257	0.00604	0.05500	0.00586	0.00868
43	0.00829	0.00635	0.00760	0.00729	0.00899	0.00566	0.00547	0.01074	0.01640	0.02205	0.49520	0.05138	0.30430	0.01383	0.00735	0.00201	0.00302	0.01195	0.00647	0.00566
44	0.02319	0.01152	0.01435	0.01128	0.01550	0.01110	0.00921	0.20158	0.02069	0.42868	0.15967	0.02450	0.02255	0.00862	0.00647	0.00192	0.00524	0.00706	0.00717	0.00969
45	0.00906	0.00604	0.00680	0.00680	0.00680	0.00604	0.00378	0.00906	0.00906	0.01208	0.01963	0.04077	0.02265	0.78103	0.03171	0.00604	0.00604	0.00906	0.00378	0.00378
46	0.01288	0.00933	0.00928	0.00869	0.00996	0.09186	0.00590	0.01396	0.01288	0.10686	0.14320	0.08647	0.03971	0.40027	0.01937	0.00402	0.00580	0.00917	0.00490	0.00549
47	0.01589	0.01605	0.06106	0.03422	0.58448	0.01524	0.08186	0.07640	0.01541	0.02183	0.01204	0.01540	0.00979	0.00570	0.00627	0.00188	0.00773	0.00567	0.00332	0.00976
48	0.00970	0.00700	0.00875	0.00932	0.01035	0.00691	0.00655	0.09810	0.01457	0.01957	0.08927	0.62217	0.03881	0.01746	0.00769	0.00240	0.00397	0.01567	0.00593	0.00582
49	0.00775	0.00583	0.00694	0.00765	0.00859	0.00528	0.00522	0.00897	0.01265	0.01626	0.08010	0.41977	0.26777	0.10478	0.01044	0.00276	0.00371	0.01489	0.00561	0.00502
50	0.00756	0.00621	0.00666	0.00678	0.00860	0.00531	0.00500	0.00923	0.01431	0.01765	0.13659	0.14814	0.57461	0.01590	0.00744	0.00214	0.00319	0.01351	0.00591	0.00531
51	0.00903	0.00608	0.00699	0.00693	0.00711	0.00602	0.00404	0.00940	0.01013	0.01370	0.10962	0.04149	0.02717	0.68491	0.02866	0.00553	0.00565	0.00934	0.00416	0.00404
52	0.02121	0.01343	0.01488	0.01190	0.01600	0.01434	0.00967	0.36917	0.11181	0.17075	0.01912	0.01876	0.01359	0.00760	0.00590	0.00183	0.00557	0.00595	0.15889	0.00960
53	0.00843	0.00633	0.00786	0.00796	0.00945	0.00576	0.00604	0.01077	0.01565	0.02101	0.39469	0.14412	0.23083	0.01489	0.00757	0.00217	0.00340	0.09114	0.00632	0.00560
54	0.00804	0.00610	0.00661	0.00679	0.00788	0.00553	0.00450	0.00895	0.01196	0.01491	0.04299	0.14237	0.37975	0.30710	0.01669	0.00365	0.00431	0.01217	0.00502	0.00467
55	0.01302	0.12638	0.65916	0.01687	0.02559	0.01574	0.02147	0.01960	0.01309	0.01910	0.01087	0.01276	0.00791	0.00585	0.00568	0.00189	0.00889	0.00444	0.00264	0.00906
56	0.00942	0.00679	0.00930	0.01066	0.01192	0.00666	0.00893	0.01188	0.01387	0.01802	0.03488	0.20578	0.07491	0.01758	0.00841	0.00276	0.00519	0.53171	0.00575	0.00558
57	0.01316	0.01249	0.02120	0.48893	0.30917	0.01421	0.01800	0.01714	0.01312	0.01761	0.01132	0.01616	0.00890	0.00597	0.00621	0.00199	0.00796	0.00554	0.00289	0.00804
58	0.00877	0.00648	0.00941	0.00957	0.01050	0.00732	0.00720	0.01066	0.01015	0.01441	0.01897	0.11177	0.01914	0.10982	0.60566	0.00880	0.01424	0.00815	0.00366	0.00534
59	0.00863	0.00628	0.00835	0.00962	0.01065	0.00600	0.00751	0.01055	0.01324	0.01720	0.03703	0.38794	0.11854	0.01809	0.00817	0.00263	0.00449	0.31394	0.00576	0.00538
60	0.01431	0.00788	0.01012	0.00962	0.01153	0.00749	0.00722	0.06170	0.01474	0.19808	0.07607	0.27837	0.03024	0.14305	0.01146	0.00293	0.00487	0.09759	0.00602	0.00672
61	0.00874	0.00727	0.00875	0.00847	0.00996	0.00733	0.00649	0.01084	0.02406	0.01875	0.22241	0.12979	0.36631	0.01476	0.00909	0.00222	0.09915	0.03428	0.00568	0.00567
62	0.00736	0.00631	0.00631	0.00631	0.00842	0.00526	0.00473	0.00894	0.01420	0.01683	0.06312	0.05996	0.73964	0.01578	0.00736	0.00210	0.00316	0.01315	0.00579	0.00526
63	0.01148	0.00820	0.00968	0.00958	0.01042	0.05701	0.00711	0.01153	0.04250	0.01391	0.02084	0.03093	0.10209	0.01810	0.01770	0.46378	0.04684	0.11027	0.00372	0.00431
64	0.01650	0.01405	0.02469	0.20439	0.26343	0.01440	0.18663	0.06691	0.01537	0.11173	0.01361	0.01674	0.01014	0.00604	0.00649	0.00198	0.00807	0.00608	0.00382	0.00895
65	0.12677	0.01224	0.01470	0.01141	0.01615	0.01192	0.00943	0.17560	0.01936	0.50640	0.02055	0.01849	0.01331	0.00742	0.00596	0.00192	0.00557	0.00576	0.00692	0.01012
66	0.01189	0.01125	0.01871	0.71493	0.04110	0.01420	0.01705	0.01586	0.01226	0.01586	0.01088	0.01641	0.00830	0.00655	0.00720	0.00212	0.06023	0.00553	0.00277	0.00691
67	0.01378	0.08974	0.02108	0.26051	0.02678	0.10383	0.11792	0.01687	0.01262	0.01593	0.01155	0.01641	0.00972	0.01399	0.14459	0.00348	0.10560	0.00560	0.00297	0.00702
68	0.01509	0.01253	0.01384	0.01031	0.01555	0.03415	0.00825	0.09596	0.06401	0.04502	0.01285	0.01405	0.01020	0.00535	0.00499	0.00116	0.00512	0.00422	0.00426	0.62309
69	0.01712	0.16845	0.02945	0.01941	0.02455	0.12299	0.34352	0.08370	0.06469	0.02021	0.01233	0.01484	0.00967	0.00605	0.00675	0.00188	0.03657	0.00585	0.00354	0.00839

[dist]
# distance from previous block
# <min> <max>
0	4

[block]
# block no. 7 follows, 36 sequences, length 33
# corresponding to MSA columns:
# 1924-1956
name=unknown_H
#
# <colnr> <probs for GDERKNQSTAVLIFYWHMCP>
#	G	D	E	R	K	N	Q	S	T	A	V	L	I	F	Y	W	H	M	C	P
0	0.01412	0.21116	0.18879	0.01410	0.01904	0.03934	0.09568	0.01858	0.05971	0.05807	0.01799	0.16843	0.01723	0.00923	0.00618	0.00198	0.00701	0.04148	0.00402	0.00787
1	0.27663	0.01688	0.01453	0.01225	0.01633	0.14656	0.00980	0.22912	0.13124	0.06815	0.01419	0.01442	0.01051	0.00692	0.00539	0.00188	0.00660	0.00488	0.00504	0.00866
2	0.03907	0.00854	0.01121	0.01021	0.01192	0.00910	0.03749	0.01599	0.18402	0.01722	0.05597	0.02308	0.01664	0.06862	0.12201	0.31429	0.00698	0.00649	0.00407	0.03708
3	0.01337	0.05574	0.23924	0.01302	0.01727	0.11077	0.01298	0.01691	0.01420	0.06432	0.06106	0.19640	0.03831	0.01134	0.00676	0.00214	0.00688	0.10753	0.00449	0.00727
4	0.06484	0.05072	0.11124	0.01098	0.01427	0.03956	0.00967	0.01877	0.16995	0.05249	0.16602	0.19001	0.05421	0.01120	0.00657	0.00208	0.00510	0.00953	0.00540	0.00741
5	0.01073	0.00778	0.01098	0.01085	0.01238	0.00782	0.04656	0.07360	0.01388	0.04291	0.02798	0.39243	0.03084	0.04034	0.11544	0.00365	0.00664	0.13379	0.00533	0.00607
6	0.01237	0.01226	0.02242	0.61322	0.04077	0.01424	0.16238	0.01675	0.01292	0.01675	0.01139	0.01665	0.00854	0.00603	0.00646	0.00208	0.00876	0.00591	0.00285	0.00723
7	0.01219	0.01166	0.02015	0.67338	0.09240	0.01402	0.05595	0.01637	0.01271	0.01646	0.01120	0.01654	0.00848	0.00613	0.00629	0.00206	0.00836	0.00564	0.00281	0.00721
8	0.01371	0.02054	0.25816	0.02502	0.18154	0.01446	0.30302	0.01899	0.01393	0.01971	0.01335	0.06371	0.01107	0.00644	0.00668	0.00203	0.00899	0.00675	0.00314	0.00876
9	0.00841	0.00649	0.00940	0.00941	0.01058	0.00600	0.05116	0.01036	0.01399	0.01901	0.25134	0.46425	0.08318	0.01632	0.00770	0.00230	0.00382	0.01482	0.00595	0.00554
10	0.01952	0.01333	0.01483	0.01255	0.01658	0.01459	0.00998	0.13089	0.46755	0.19268	0.02369	0.02159	0.01699	0.00814	0.00631	0.00204	0.00529	0.00666	0.00664	0.01014
