[name]
unknown

[dist]
# distance from previous block
# <min> <max>
3	2794

[block]
# block no. 0 follows, 30 sequences, length 6
# corresponding to MSA columns:
# 2815-2820
name=unknown_A
#
# <colnr> <probs for GDERKNQSTAVLIFYWHMCP>
#	G	D	E	R	K	N	Q	S	T	A	V	L	I	F	Y	W	H	M	C	P
0	0.01556	0.11565	0.07672	0.01667	0.02126	0.01500	0.19361	0.03618	0.11033	0.04846	0.03623	0.09013	0.04205	0.04347	0.01043	0.08091	0.00771	0.00848	0.02283	0.00834
1	0.00979	0.00744	0.00916	0.01005	0.01118	0.00734	0.00702	0.01372	0.10686	0.02024	0.09281	0.54458	0.09477	0.01926	0.00856	0.00268	0.00415	0.01726	0.00666	0.00649
2	0.09513	0.04477	0.07229	0.01583	0.06969	0.01363	0.03853	0.08437	0.01751	0.25733	0.02215	0.15044	0.01882	0.01047	0.00804	0.00231	0.05433	0.00861	0.00607	0.00968
3	0.01389	0.11107	0.14808	0.05119	0.04645	0.01528	0.20100	0.01822	0.01508	0.02011	0.02450	0.09960	0.10990	0.01041	0.00818	0.00234	0.04061	0.05152	0.00419	0.00837
4	0.01127	0.00905	0.01352	0.01180	0.01391	0.00909	0.07418	0.01343	0.01185	0.01688	0.01839	0.03036	0.01821	0.25472	0.34828	0.00761	0.01255	0.00791	0.00392	0.11308
5	0.15924	0.27743	0.05527	0.09786	0.06164	0.01824	0.01219	0.02071	0.01431	0.06675	0.01282	0.01493	0.01025	0.00649	0.00525	0.00179	0.00683	0.00472	0.06667	0.08662

[dist]
# distance from previous block
# <min> <max>
0	6

[block]
# block no. 1 follows, 30 sequences, length 16
# corresponding to MSA columns:
# 2827-2842
name=unknown_B
#
# <colnr> <probs for GDERKNQSTAVLIFYWHMCP>
#	G	D	E	R	K	N	Q	S	T	A	V	L	I	F	Y	W	H	M	C	P
0	0.06834	0.20795	0.10533	0.01390	0.01893	0.01837	0.01301	0.03825	0.17557	0.13165	0.03265	0.02164	0.01579	0.00869	0.00762	0.00217	0.06697	0.03817	0.00526	0.00975
1	0.08402	0.01387	0.01809	0.01629	0.05410	0.07981	0.10477	0.02314	0.03296	0.21694	0.02641	0.09560	0.04853	0.01148	0.00764	0.00243	0.00730	0.14167	0.00607	0.00888
2	0.00931	0.00673	0.00773	0.00806	0.00939	0.00613	0.00563	0.01109	0.01497	0.02006	0.15809	0.23233	0.26893	0.12082	0.01192	0.00300	0.00405	0.01425	0.08173	0.00578
3	0.13118	0.11799	0.15152	0.04485	0.02351	0.27093	0.05508	0.08739	0.01786	0.02285	0.01166	0.01364	0.00914	0.00686	0.00606	0.00197	0.00987	0.00488	0.00380	0.00896
4	0.01960	0.05934	0.15460	0.09495	0.09086	0.03081	0.16931	0.11820	0.04734	0.12228	0.01612	0.01809	0.01163	0.00708	0.00706	0.00218	0.00906	0.00651	0.00470	0.01027
5	0.01034	0.00949	0.07669	0.01102	0.01284	0.00738	0.00928	0.01300	0.01434	0.02014	0.03340	0.41142	0.03712	0.01783	0.00830	0.00270	0.00513	0.17645	0.11670	0.00642
6	0.36399	0.01554	0.08342	0.07842	0.18484	0.01484	0.01410	0.01981	0.01387	0.02582	0.01485	0.02316	0.01325	0.00827	0.00613	0.00231	0.00702	0.09766	0.00418	0.00851
7	0.02053	0.22521	0.22262	0.01539	0.02198	0.10067	0.01571	0.04870	0.09686	0.14380	0.01620	0.01650	0.01194	0.00726	0.00614	0.00197	0.00838	0.00538	0.00466	0.01010
8	0.01173	0.01160	0.08086	0.05248	0.06679	0.01095	0.01148	0.01406	0.01165	0.01662	0.01652	0.02636	0.01584	0.14957	0.33672	0.07209	0.07724	0.00729	0.00357	0.00659
9	0.01768	0.08333	0.01645	0.01085	0.01644	0.01097	0.00887	0.02049	0.01542	0.15567	0.01698	0.06996	0.01417	0.00714	0.00573	0.00143	0.00545	0.00581	0.00507	0.51208
10	0.02150	0.31908	0.09037	0.01276	0.01828	0.01770	0.01220	0.02449	0.01588	0.26586	0.01758	0.01828	0.01310	0.01350	0.10711	0.00316	0.00877	0.00556	0.00510	0.00974
11	0.01630	0.01905	0.12555	0.11406	0.48825	0.01650	0.07620	0.02120	0.01556	0.02212	0.01304	0.01719	0.01051	0.00633	0.00699	0.00214	0.00897	0.00623	0.00335	0.01046
12	0.01537	0.16324	0.05948	0.01159	0.01554	0.01362	0.01011	0.07219	0.01757	0.07468	0.21760	0.12896	0.03162	0.01115	0.00741	0.00202	0.03044	0.00922	0.00571	0.10246
13	0.01263	0.01195	0.06507	0.01646	0.14046	0.01030	0.01107	0.01768	0.10868	0.05051	0.05367	0.22731	0.21777	0.01431	0.00785	0.00241	0.00540	0.01252	0.00587	0.00807
14	0.00828	0.00693	0.00721	0.00744	0.00952	0.00586	0.00547	0.00997	0.01555	0.01871	0.06616	0.16312	0.61535	0.01826	0.00834	0.00242	0.00361	0.01545	0.00648	0.00586
15	0.02113	0.02375	0.01681	0.01561	0.01840	0.43713	0.01169	0.02415	0.06765	0.05235	0.01896	0.17829	0.01857	0.01099	0.00796	0.00216	0.05338	0.00838	0.00471	0.00793

[dist]
# distance from previous block
# <min> <max>
5	17

[block]
# block no. 2 follows, 30 sequences, length 12
# corresponding to MSA columns:
# 2862-2873
name=unknown_C
#
# <colnr> <probs for GDERKNQSTAVLIFYWHMCP>
#	G	D	E	R	K	N	Q	S	T	A	V	L	I	F	Y	W	H	M	C	P
0	0.02855	0.01261	0.01606	0.01241	0.01756	0.01162	0.01020	0.12986	0.02128	0.53641	0.02503	0.02258	0.01628	0.00844	0.00678	0.00207	0.00596	0.00677	0.07183	0.03771
1	0.01761	0.01471	0.01922	0.11538	0.17413	0.05490	0.02941	0.14312	0.01838	0.05374	0.01810	0.07616	0.01632	0.06584	0.00915	0.00245	0.00753	0.04011	0.02621	0.09754
2	0.01922	0.03951	0.15563	0.11092	0.02418	0.07011	0.01542	0.07715	0.04718	0.14144	0.01612	0.01810	0.01193	0.00828	0.00917	0.00222	0.12740	0.00595	0.06239	0.03768
3	0.00856	0.00687	0.00747	0.00773	0.00949	0.00597	0.00553	0.01020	0.01528	0.01892	0.10770	0.19115	0.48616	0.07456	0.01045	0.00277	0.00386	0.01517	0.00640	0.00577
4	0.01726	0.00938	0.01270	0.01113	0.01398	0.00929	0.00881	0.05794	0.01760	0.23015	0.22517	0.03302	0.03140	0.02550	0.25796	0.00532	0.00969	0.00879	0.00655	0.00834
5	0.02382	0.05776	0.05308	0.03732	0.02281	0.13842	0.08310	0.20942	0.04631	0.17406	0.01715	0.01757	0.01225	0.00752	0.00672	0.00199	0.00846	0.00605	0.00568	0.07051
6	0.01378	0.00799	0.00933	0.00873	0.01042	0.00761	0.00604	0.01602	0.04805	0.13108	0.06078	0.09442	0.13295	0.32566	0.01921	0.00414	0.00539	0.01071	0.08123	0.00649
7	0.00864	0.00658	0.00799	0.00905	0.01023	0.00594	0.00645	0.01020	0.01447	0.01842	0.04956	0.45812	0.27613	0.02020	0.00874	0.00270	0.00406	0.07025	0.00647	0.00581
8	0.01300	0.01832	0.22438	0.21020	0.08384	0.01328	0.01749	0.01892	0.05464	0.02181	0.11540	0.08635	0.02331	0.01013	0.00741	0.00236	0.00781	0.05832	0.00449	0.00853
9	0.07689	0.13955	0.11385	0.01947	0.13670	0.01966	0.01514	0.18700	0.17148	0.02887	0.01653	0.01735	0.01265	0.00750	0.00635	0.00207	0.00744	0.00589	0.00505	0.01056
10	0.01503	0.01365	0.02223	0.14503	0.34939	0.01399	0.04971	0.04626	0.01592	0.02216	0.07200	0.07617	0.01892	0.06882	0.00949	0.00254	0.00765	0.00807	0.00420	0.03876
11	0.00843	0.00637	0.00779	0.00893	0.00992	0.00573	0.00613	0.00980	0.01411	0.01812	0.04800	0.54797	0.24222	0.02062	0.00871	0.00269	0.00390	0.01832	0.00648	0.00573

[dist]
# distance from previous block
# <min> <max>
3	67

[block]
# block no. 3 follows, 30 sequences, length 40
# corresponding to MSA columns:
# 2941-2980
name=unknown_D
#
# <colnr> <probs for GDERKNQSTAVLIFYWHMCP>
#	G	D	E	R	K	N	Q	S	T	A	V	L	I	F	Y	W	H	M	C	P
0	0.01562	0.01465	0.02468	0.15283	0.51243	0.01513	0.01942	0.01958	0.01539	0.02151	0.01618	0.07502	0.01495	0.00821	0.00722	0.00223	0.00804	0.04325	0.00378	0.00986
1	0.00860	0.00624	0.00813	0.00944	0.01010	0.00576	0.00640	0.01003	0.01409	0.01876	0.09783	0.64028	0.09677	0.02091	0.00880	0.00274	0.00395	0.01885	0.00658	0.00576
2	0.01447	0.01240	0.01447	0.01034	0.01654	0.00930	0.00827	0.01757	0.01447	0.02274	0.01240	0.01447	0.01034	0.00517	0.00517	0.00103	0.00517	0.00413	0.00413	0.79742
3	0.00846	0.00666	0.00750	0.00813	0.00958	0.00586	0.00569	0.00991	0.01457	0.01812	0.05520	0.33101	0.40954	0.06437	0.01017	0.00281	0.00393	0.01643	0.00634	0.00570
4	0.00997	0.00679	0.00834	0.00852	0.00928	0.00654	0.00572	0.01156	0.01431	0.01995	0.24538	0.17655	0.04232	0.31120	0.01912	0.00415	0.00494	0.03950	0.05038	0.00547
5	0.00997	0.00748	0.01121	0.01121	0.01246	0.00872	0.00872	0.01246	0.01121	0.01620	0.01869	0.02741	0.01745	0.05234	0.72710	0.01121	0.01869	0.00748	0.00374	0.00623
6	0.01087	0.00690	0.00917	0.00966	0.01087	0.00634	0.00683	0.01286	0.01591	0.08043	0.24506	0.47181	0.04980	0.01838	0.00854	0.00258	0.00397	0.01651	0.00704	0.00648
7	0.01105	0.00877	0.01026	0.01054	0.01262	0.00881	0.00820	0.01696	0.15941	0.02219	0.11141	0.18886	0.22426	0.01676	0.00844	0.00263	0.00468	0.16031	0.00672	0.00712
8	0.01866	0.75896	0.03657	0.01194	0.01791	0.02761	0.01194	0.02090	0.01418	0.01642	0.00970	0.01119	0.00896	0.00597	0.00448	0.00149	0.00746	0.00373	0.00299	0.00896
9	0.02653	0.01955	0.02094	0.01606	0.02164	0.02164	0.01326	0.68796	0.03281	0.04398	0.01675	0.01675	0.01187	0.00838	0.00698	0.00209	0.00768	0.00628	0.00698	0.01187
10	0.00838	0.00702	0.00729	0.00733	0.00953	0.00593	0.00545	0.01023	0.01606	0.01947	0.11616	0.09972	0.62826	0.01763	0.00828	0.00237	0.00354	0.01482	0.00657	0.00593
11	0.00856	0.00638	0.00798	0.00906	0.01000	0.00579	0.00623	0.01008	0.01446	0.01891	0.10245	0.54225	0.19181	0.02030	0.00871	0.00268	0.00387	0.01811	0.00658	0.00579
12	0.01689	0.01611	0.02744	0.04120	0.67517	0.01617	0.02076	0.02095	0.01565	0.02246	0.01341	0.01779	0.01138	0.00860	0.04407	0.00254	0.00883	0.00628	0.00347	0.01080
13	0.02528	0.03198	0.01985	0.06201	0.02319	0.68325	0.01384	0.02725	0.01942	0.01712	0.01089	0.01295	0.00901	0.00718	0.00633	0.00183	0.01238	0.00460	0.00357	0.00807
14	0.01241	0.00826	0.01131	0.01162	0.06289	0.00764	0.00800	0.01563	0.01925	0.09322	0.56077	0.06281	0.07202	0.01338	0.00803	0.00220	0.00394	0.01182	0.00741	0.00739
15	0.33291	0.01405	0.01841	0.20232	0.22423	0.01553	0.01458	0.01993	0.01371	0.02497	0.01153	0.01506	0.00916	0.00645	0.00578	0.00211	0.00720	0.00511	0.00375	0.05319
16	0.69328	0.07732	0.01310	0.00980	0.01433	0.01701	0.00825	0.05821	0.01325	0.03076	0.01011	0.01163	0.00792	0.00654	0.00448	0.00210	0.00570	0.00392	0.00436	0.00792
17	0.01733	0.01563	0.09154	0.01604	0.07131	0.01167	0.07875	0.03686	0.01600	0.12470	0.01609	0.04831	0.01286	0.00677	0.00623	0.00163	0.00671	0.00595	0.00473	0.41087
18	0.01001	0.00731	0.01037	0.01037	0.01132	0.00826	0.00767	0.01192	0.01096	0.01557	0.01946	0.03169	0.01930	0.21702	0.56496	0.01017	0.01590	0.00810	0.00385	0.00576
19	0.01353	0.00912	0.01248	0.01065	0.01383	0.00794	0.06463	0.01609	0.01695	0.13809	0.16304	0.12174	0.30685	0.01421	0.00791	0.00226	0.00475	0.01238	0.00665	0.05688
20	0.05006	0.01666	0.11424	0.01742	0.10799	0.01342	0.03046	0.06883	0.03094	0.10784	0.01534	0.01793	0.01200	0.02883	0.04594	0.00245	0.04933	0.00566	0.00461	0.26006
21	0.00859	0.00643	0.00788	0.00890	0.00983	0.00589	0.00607	0.00991	0.01376	0.01775	0.04542	0.49692	0.22197	0.07238	0.03124	0.00322	0.00452	0.01744	0.00624	0.00564
22	0.00962	0.00679	0.00805	0.00833	0.00902	0.00649	0.00543	0.01071	0.01317	0.01750	0.13728	0.17774	0.12014	0.38595	0.02204	0.00466	0.00533	0.04107	0.00554	0.00515
23	0.22177	0.01901	0.15661	0.01627	0.02265	0.01525	0.12532	0.09693	0.01769	0.21805	0.01667	0.01725	0.01145	0.00721	0.00645	0.00219	0.00781	0.00595	0.00540	0.01006
24	0.07005	0.09544	0.09288	0.10340	0.06010	0.05356	0.18411	0.02457	0.10661	0.09148	0.03914	0.01928	0.01377	0.00724	0.00685	0.00217	0.00866	0.00663	0.00454	0.00951
25	0.12152	0.24841	0.02417	0.09507	0.12352	0.07368	0.01340	0.03967	0.10790	0.02207	0.01575	0.01752	0.03905	0.00742	0.00621	0.00198	0.02391	0.00556	0.00409	0.00909
26	0.01578	0.00836	0.01040	0.00955	0.01235	0.00728	0.00727	0.01783	0.01688	0.24145	0.09883	0.21856	0.27667	0.01555	0.00801	0.00240	0.00441	0.01335	0.00726	0.00780
27	0.11814	0.01115	0.01450	0.01168	0.01557	0.01052	0.05813	0.05243	0.01775	0.19667	0.22709	0.03083	0.02985	0.07299	0.00934	0.00244	0.00556	0.00828	0.00644	0.10063
28	0.01775	0.05321	0.07301	0.01805	0.09166	0.08938	0.08951	0.02130	0.01565	0.08037	0.01398	0.02983	0.01133	0.00673	0.00712	0.00173	0.04915	0.00557	0.00416	0.32052
29	0.01360	0.00711	0.00992	0.00968	0.01087	0.00667	0.00688	0.01364	0.01371	0.11945	0.14794	0.21166	0.03129	0.01954	0.01619	0.33473	0.00503	0.01088	0.00557	0.00564
30	0.01003	0.00730	0.01000	0.01050	0.01156	0.00775	0.00799	0.01203	0.01249	0.01697	0.02792	0.11553	0.06434	0.17308	0.33690	0.00740	0.01161	0.14597	0.00481	0.00582
31	0.01341	0.00980	0.01123	0.00953	0.01292	0.00895	0.00735	0.04632	0.07479	0.02603	0.18740	0.06917	0.02879	0.00958	0.00629	0.00173	0.00430	0.00810	0.20521	0.25909
32	0.01903	0.08016	0.14349	0.01481	0.01970	0.19408	0.01357	0.08360	0.01851	0.08113	0.08075	0.08561	0.02065	0.00989	0.00691	0.00209	0.00827	0.05571	0.00503	0.05703
33	0.01717	0.00900	0.01090	0.00945	0.01226	0.00859	0.00740	0.07227	0.01915	0.18737	0.27113	0.03421	0.03462	0.01049	0.00675	0.00199	0.00424	0.00882	0.26600	0.00820
34	0.01014	0.00761	0.01045	0.01014	0.01134	0.00813	0.00763	0.01264	0.01494	0.02124	0.31964	0.08326	0.04050	0.09152	0.27268	0.00595	0.04967	0.01062	0.00563	0.00626
35	0.09507	0.11550	0.06507	0.37742	0.06371	0.01760	0.13130	0.01967	0.01432	0.02022	0.01209	0.01664	0.00934	0.00655	0.00656	0.00218	0.00910	0.00591	0.00329	0.00845
36	0.06655	0.01461	0.02402	0.05984	0.09429	0.01444	0.21683	0.10698	0.01908	0.12711	0.12630	0.02620	0.05449	0.00862	0.00745	0.00223	0.00780	0.00822	0.00552	0.00944
37	0.00930	0.00668	0.00881	0.00918	0.01030	0.00620	0.00654	0.01171	0.01705	0.02368	0.42457	0.34736	0.05752	0.01748	0.00852	0.00247	0.00361	0.01567	0.00717	0.00620
38	0.02111	0.15908	0.02520	0.01679	0.02186	0.14938	0.09882	0.19809	0.08610	0.02633	0.01432	0.01583	0.01126	0.00742	0.00727	0.00194	0.04883	0.00568	0.00472	0.07997
39	0.20054	0.08749	0.09336	0.01435	0.05262	0.02781	0.04629	0.02191	0.04737	0.09857	0.01561	0.06032	0.01288	0.00743	0.00585	0.00189	0.00666	0.00589	0.00463	0.18850

[dist]
# distance from previous block
# <min> <max>
0	4

[block]
# block no. 4 follows, 30 sequences, length 15
# corresponding to MSA columns:
# 2986-3000
name=unknown_E
#
# <colnr> <probs for GDERKNQSTAVLIFYWHMCP>
#	G	D	E	R	K	N	Q	S	T	A	V	L	I	F	Y	W	H	M	C	P
0	0.01697	0.09897	0.08229	0.05113	0.25369	0.01716	0.07754	0.06983	0.11333	0.02400	0.01622	0.04930	0.01350	0.00742	0.00670	0.00204	0.00782	0.00669	0.00431	0.08109
1	0.02007	0.37751	0.07652	0.04476	0.06455	0.07823	0.01361	0.02308	0.01592	0.13494	0.01576	0.02043	0.01330	0.00782	0.00593	0.00191	0.00786	0.06416	0.00432	0.00933
2	0.01231	0.01124	0.01909	0.32771	0.11581	0.01232	0.07501	0.01578	0.01421	0.01885	0.02196	0.27983	0.02280	0.01210	0.00777	0.00248	0.00752	0.01126	0.00439	0.00757
3	0.02134	0.01592	0.02139	0.08239	0.12367	0.07966	0.08613	0.06301	0.07209	0.21914	0.02221	0.02300	0.06240	0.00868	0.00840	0.00225	0.06553	0.00723	0.00558	0.00996
4	0.01693	0.01616	0.02443	0.30531	0.36443	0.05660	0.01955	0.07277	0.01670	0.02224	0.01300	0.01748	0.01033	0.00673	0.00691	0.00216	0.00887	0.00612	0.00360	0.00969
5	0.00928	0.00657	0.00808	0.00897	0.00950	0.00627	0.00594	0.01027	0.01266	0.01662	0.03540	0.38330	0.09881	0.28311	0.01841	0.00422	0.00516	0.06653	0.00567	0.00523
6	0.01556	0.08610	0.12462	0.05000	0.08227	0.06215	0.12206	0.07157	0.02934	0.02286	0.09563	0.05950	0.10234	0.00970	0.00780	0.00220	0.03450	0.00841	0.00463	0.00874
7	0.01568	0.01520	0.02432	0.19094	0.32854	0.01795	0.01889	0.01905	0.01370	0.01966	0.01163	0.01690	0.01002	0.00841	0.01231	0.00246	0.25578	0.00618	0.00324	0.00916
8	0.00987	0.00721	0.00932	0.00901	0.01071	0.00666	0.00691	0.01303	0.01910	0.02659	0.59404	0.05579	0.11616	0.01500	0.00836	0.00230	0.00360	0.07237	0.00747	0.00651
9	0.01004	0.00626	0.00868	0.00944	0.00975	0.00618	0.00633	0.00979	0.01139	0.01530	0.02605	0.36804	0.02987	0.09244	0.08235	0.27921	0.00631	0.01306	0.00483	0.00467
10	0.15473	0.06506	0.02138	0.07338	0.19860	0.33421	0.01484	0.02386	0.01671	0.02098	0.01126	0.01392	0.00929	0.00674	0.00606	0.00195	0.00974	0.00489	0.00361	0.00878
11	0.01606	0.01369	0.01466	0.01355	0.01697	0.01565	0.01038	0.03308	0.59841	0.02753	0.02987	0.13194	0.02494	0.01128	0.00736	0.00244	0.00531	0.00964	0.00701	0.01026
12	0.01212	0.00606	0.00909	0.00909	0.00909	0.00606	0.00606	0.00909	0.00909	0.01212	0.01212	0.02121	0.01212	0.02424	0.02727	0.79697	0.00606	0.00606	0.00303	0.00303
13	0.01767	0.04994	0.37269	0.02340	0.13105	0.13178	0.08129	0.06996	0.01714	0.02281	0.01270	0.01518	0.00957	0.00670	0.00673	0.00211	0.01024	0.00553	0.00347	0.01006
14	0.01946	0.11889	0.18962	0.01650	0.04584	0.06382	0.01539	0.14613	0.18256	0.07081	0.04928	0.01957	0.01560	0.00803	0.00661	0.00210	0.00780	0.00628	0.00531	0.01040

[dist]
# distance from previous block
# <min> <max>
4	7

[block]
# block no. 5 follows, 30 sequences, length 10
# corresponding to MSA columns:
# 3008-3011,3013-3018
name=unknown_F
#
# <colnr> <probs for GDERKNQSTAVLIFYWHMCP>
#	G	D	E	R	K	N	Q	S	T	A	V	L	I	F	Y	W	H	M	C	P
0	0.07022	0.24861	0.15156	0.01557	0.02113	0.06499	0.05193	0.02298	0.04631	0.09043	0.01321	0.01501	0.01043	0.00749	0.00823	0.00205	0.11348	0.00517	0.00395	0.03724
1	0.01846	0.07261	0.05661	0.01703	0.12217	0.01320	0.01221	0.07147	0.04925	0.18491	0.11255	0.16180	0.02648	0.01134	0.00791	0.00227	0.03461	0.00964	0.00614	0.00936
2	0.01047	0.11434	0.01209	0.00930	0.01091	0.00893	0.00691	0.01129	0.01342	0.01697	0.03796	0.36527	0.19490	0.01895	0.01100	0.12720	0.00473	0.01413	0.00544	0.00578
3	0.14740	0.01619	0.08541	0.07764	0.11326	0.06680	0.01328	0.03979	0.03793	0.15921	0.07096	0.04783	0.06193	0.00919	0.00675	0.00221	0.00702	0.02264	0.00541	0.00915
4	0.01478	0.01576	0.10591	0.08297	0.04725	0.01292	0.21458	0.01999	0.04729	0.07240	0.09071	0.05181	0.11794	0.00946	0.00755	0.00223	0.00781	0.00900	0.02456	0.04510
5	0.01295	0.01152	0.01188	0.01277	0.01476	0.11086	0.01072	0.01575	0.01657	0.02005	0.03799	0.06758	0.13060	0.01732	0.00896	0.00289	0.00690	0.47733	0.00603	0.00659
6	0.24707	0.01265	0.01713	0.42073	0.03361	0.01479	0.01461	0.02094	0.01421	0.12196	0.01379	0.01722	0.00994	0.00707	0.00621	0.00225	0.00768	0.00561	0.00425	0.00829
7	0.03448	0.01552	0.07315	0.05673	0.07406	0.05320	0.04319	0.08487	0.07907	0.15274	0.02463	0.15481	0.05219	0.01099	0.00803	0.00233	0.04067	0.00927	0.02083	0.00926
8	0.02102	0.00975	0.01237	0.01033	0.01356	0.00925	0.00814	0.04217	0.01773	0.33593	0.12239	0.02976	0.02462	0.07428	0.00976	0.00246	0.03443	0.00791	0.20521	0.00893
9	0.02190	0.01010	0.01293	0.01075	0.01408	0.00934	0.00816	0.02506	0.06438	0.39051	0.09734	0.03330	0.02502	0.22749	0.01549	0.00352	0.00587	0.00858	0.00714	0.00903

[dist]
# distance from previous block
# <min> <max>
13	170

[block]
# block no. 6 follows, 30 sequences, length 23
# corresponding to MSA columns:
# 3226,3227,3233-3253
name=unknown_G
#
# <colnr> <probs for GDERKNQSTAVLIFYWHMCP>
#	G	D	E	R	K	N	Q	S	T	A	V	L	I	F	Y	W	H	M	C	P
0	0.02273	0.01445	0.01690	0.05818	0.01988	0.01499	0.01129	0.28673	0.08056	0.20436	0.04067	0.02683	0.08352	0.02805	0.00782	0.00226	0.00650	0.01981	0.00692	0.04755
1	0.09695	0.01122	0.01413	0.05254	0.09513	0.01115	0.01017	0.07573	0.03890	0.08869	0.09283	0.19670	0.08050	0.01206	0.00719	0.00222	0.00549	0.01037	0.00586	0.09218
2	0.01619	0.01282	0.07094	0.04934	0.05217	0.01096	0.04418	0.07862	0.03691	0.14333	0.18463	0.15009	0.07596	0.01211	0.00766	0.00228	0.00590	0.01064	0.00639	0.02889
3	0.01693	0.08531	0.07065	0.06833	0.03334	0.01284	0.01135	0.10463	0.01685	0.13590	0.02303	0.20509	0.02213	0.07397	0.06562	0.00332	0.00752	0.00982	0.00551	0.02789
4	0.05308	0.07158	0.03414	0.01589	0.02134	0.05052	0.13617	0.15653	0.04597	0.09867	0.05807	0.04271	0.01602	0.00780	0.00667	0.00193	0.00748	0.00678	0.00534	0.16329
5	0.02087	0.14586	0.04663	0.01576	0.02111	0.01706	0.11151	0.09265	0.07898	0.18711	0.03623	0.01909	0.01427	0.00780	0.00783	0.00203	0.06570	0.00632	0.00543	0.09775
6	0.03628	0.01397	0.01921	0.01629	0.03619	0.04982	0.12643	0.11458	0.04707	0.08515	0.07848	0.20730	0.02513	0.01195	0.00889	0.00237	0.06536	0.01047	0.00572	0.03932
7	0.03244	0.07021	0.09518	0.01422	0.01776	0.02882	0.12048	0.01572	0.01583	0.02189	0.20359	0.25256	0.03587	0.01439	0.02681	0.00259	0.00670	0.01206	0.00546	0.00741
8	0.01731	0.35067	0.12926	0.18655	0.08122	0.09022	0.01658	0.02107	0.01488	0.01813	0.01112	0.01406	0.00919	0.00644	0.00574	0.00187	0.00887	0.00479	0.00310	0.00895
9	0.01650	0.03777	0.01572	0.09491	0.07962	0.01129	0.01185	0.07092	0.01778	0.14721	0.10307	0.14124	0.03047	0.01333	0.00798	0.00251	0.00627	0.17692	0.00626	0.00838
10	0.09395	0.02362	0.30727	0.07687	0.02903	0.01574	0.16851	0.02323	0.01540	0.12694	0.01471	0.01701	0.01043	0.00701	0.00754	0.00227	0.04051	0.00612	0.00408	0.00976
11	0.01171	0.00751	0.01030	0.01148	0.01288	0.00720	0.00913	0.01403	0.01523	0.07648	0.03682	0.36133	0.04085	0.01951	0.00911	0.00296	0.00537	0.33491	0.00663	0.00655
12	0.01499	0.01419	0.02478	0.44455	0.03984	0.01591	0.17427	0.08367	0.01683	0.02223	0.06747	0.02109	0.01427	0.00742	0.00737	0.00230	0.00925	0.00719	0.00394	0.00845
13	0.08145	0.01531	0.07226	0.05063	0.08752	0.03466	0.03079	0.13843	0.09376	0.06661	0.06936	0.18354	0.02366	0.01125	0.00727	0.00232	0.00664	0.00966	0.00576	0.00910
14	0.08663	0.00962	0.06675	0.01037	0.01239	0.00781	0.00843	0.01256	0.01450	0.02095	0.11068	0.41932	0.10821	0.01765	0.00819	0.00263	0.00474	0.06604	0.00611	0.00642
15	0.00864	0.00618	0.00822	0.00963	0.01015	0.00576	0.00649	0.01005	0.01398	0.01880	0.10350	0.68234	0.04807	0.02112	0.00884	0.00277	0.00398	0.01914	0.00659	0.00576
16	0.01761	0.19260	0.07806	0.09379	0.02267	0.07531	0.01398	0.04140	0.27463	0.02256	0.01751	0.01854	0.01376	0.00821	0.00790	0.00216	0.07896	0.00604	0.00470	0.00959
17	0.01668	0.07466	0.18332	0.02546	0.15479	0.05320	0.24200	0.02200	0.02739	0.04844	0.01579	0.07521	0.01336	0.00762	0.00725	0.00221	0.00959	0.00753	0.00384	0.00964
18	0.01101	0.00908	0.01024	0.01132	0.01260	0.06393	0.00872	0.01320	0.01553	0.01984	0.09831	0.35839	0.06843	0.01890	0.00888	0.00281	0.00550	0.25074	0.00634	0.00623
19	0.01490	0.01604	0.03375	0.02506	0.03069	0.01521	0.52379	0.01992	0.01577	0.02138	0.01828	0.08413	0.01639	0.01188	0.06450	0.00315	0.01125	0.06127	0.00402	0.00862
20	0.02239	0.02465	0.07942	0.07584	0.02575	0.29963	0.10424	0.11346	0.08687	0.07750	0.01532	0.01681	0.01145	0.00744	0.00686	0.00207	0.01017	0.00595	0.00467	0.00950
21	0.01803	0.41131	0.27204	0.01541	0.02268	0.08058	0.01695	0.05471	0.01575	0.01981	0.01112	0.01281	0.00906	0.00642	0.00550	0.00180	0.00889	0.00442	0.00322	0.00950
22	0.05127	0.08912	0.19215	0.01463	0.04480	0.01220	0.01403	0.01652	0.01488	0.02071	0.02837	0.15779	0.07273	0.01395	0.00779	0.00258	0.00695	0.22681	0.00500	0.00773

[dist]
# distance from previous block
# <min> <max>
2	4

[block]
# block no. 7 follows, 30 sequences, length 31
# corresponding to MSA columns:
# 3268-3274,3283-3306
name=unknown_H
#
# <colnr> <probs for GDERKNQSTAVLIFYWHMCP>
#	G	D	E	R	K	N	Q	S	T	A	V	L	I	F	Y	W	H	M	C	P
0	0.01872	0.01188	0.01407	0.01257	0.01622	0.01217	0.00984	0.02834	0.30227	0.20381	0.02957	0.15966	0.02543	0.01194	0.00747	0.00237	0.00541	0.05859	0.00714	0.06254
1	0.06907	0.15087	0.35111	0.02136	0.09865	0.06490	0.10675	0.02213	0.01513	0.02154	0.01202	0.01457	0.00924	0.00641	0.00633	0.00206	0.00963	0.00529	0.00322	0.00972
2	0.01597	0.01714	0.07079	0.02489	0.19796	0.01825	0.08445	0.02091	0.07975	0.02084	0.01298	0.01709	0.01102	0.00894	0.01355	0.00248	0.31204	0.00633	0.00366	0.06099
3	0.01026	0.00735	0.01002	0.01100	0.01236	0.00711	0.00888	0.01307	0.01656	0.02229	0.23190	0.21422	0.04889	0.01837	0.00907	0.00284	0.00501	0.33769	0.00680	0.00631
4	0.02471	0.01864	0.01992	0.01569	0.02095	0.02079	0.01282	0.55916	0.16456	0.04105	0.01906	0.01859	0.01373	0.00859	0.00700	0.00215	0.00725	0.00660	0.00700	0.01170
5	0.00864	0.00618	0.00822	0.00963	0.01015	0.00576	0.00649	0.01005	0.01398	0.01880	0.10326	0.68259	0.04806	0.02113	0.00884	0.00277	0.00398	0.01914	0.00659	0.00576
6	0.01430	0.08350	0.67387	0.01937	0.02940	0.01695	0.02487	0.02202	0.01470	0.02173	0.01234	0.01450	0.00885	0.00659	0.00649	0.00216	0.01013	0.00506	0.00295	0.01022
7	0.01427	0.07059	0.44278	0.20382	0.03459	0.01681	0.07967	0.02096	0.01465	0.02070	0.01246	0.01587	0.00911	0.00662	0.00673	0.00221	0.01001	0.00560	0.00304	0.00950
8	0.00920	0.00666	0.00869	0.00913	0.01025	0.00615	0.00649	0.01151	0.01675	0.02309	0.38434	0.36376	0.08238	0.01778	0.00853	0.00249	0.00364	0.01592	0.00710	0.00615
9	0.02031	0.01178	0.01830	0.35263	0.06418	0.01260	0.01465	0.02343	0.01591	0.28850	0.01828	0.02079	0.01275	0.00926	0.00895	0.07921	0.00763	0.00651	0.00526	0.00905
10	0.01911	0.09627	0.06756	0.13076	0.02263	0.01457	0.01278	0.05048	0.14705	0.19895	0.08108	0.06772	0.02160	0.00967	0.00701	0.00223	0.00663	0.02819	0.00608	0.00963
11	0.01652	0.04568	0.06620	0.04160	0.05940	0.10699	0.11245	0.08336	0.12944	0.02338	0.02912	0.05473	0.16708	0.01025	0.00761	0.00223	0.02118	0.00876	0.00511	0.00887
12	0.05210	0.10055	0.02084	0.06500	0.02239	0.56120	0.01335	0.02573	0.01827	0.01755	0.01102	0.01331	0.00924	0.00857	0.03070	0.00214	0.01182	0.00461	0.00353	0.00807
13	0.01413	0.01201	0.01409	0.01022	0.01608	0.00910	0.00814	0.01724	0.01486	0.02313	0.06432	0.01728	0.01448	0.00585	0.00540	0.00112	0.00503	0.00477	0.00440	0.73836
14	0.01922	0.39122	0.21428	0.01548	0.02241	0.07458	0.04775	0.03877	0.01583	0.08347	0.01255	0.01389	0.00984	0.00654	0.00566	0.00182	0.00867	0.00474	0.00366	0.00961
15	0.00923	0.00671	0.00918	0.01002	0.01092	0.00681	0.00724	0.01079	0.01280	0.01721	0.03390	0.38199	0.10305	0.03160	0.24872	0.04346	0.00904	0.03615	0.00540	0.00578
16	0.01201	0.00806	0.01158	0.01142	0.01277	0.00894	0.00874	0.01414	0.01258	0.08443	0.02396	0.21103	0.02421	0.03763	0.42666	0.00765	0.06209	0.01050	0.00487	0.00673
17	0.07473	0.04113	0.01727	0.01423	0.03415	0.11416	0.03621	0.06059	0.01868	0.30342	0.04941	0.02949	0.06976	0.01004	0.00758	0.00223	0.03021	0.07072	0.00645	0.00954
18	0.01636	0.02151	0.13323	0.02228	0.02800	0.11847	0.33162	0.02161	0.03997	0.02089	0.01895	0.06852	0.05938	0.00856	0.00869	0.00233	0.05859	0.00828	0.00394	0.00882
19	0.00858	0.00646	0.00772	0.00866	0.00965	0.00585	0.00588	0.00985	0.01387	0.01773	0.04722	0.46255	0.25687	0.09150	0.01127	0.00306	0.00415	0.01726	0.00626	0.00560
20	0.01312	0.01201	0.02045	0.11920	0.26720	0.01212	0.08362	0.01641	0.01496	0.02054	0.05543	0.28458	0.02609	0.01233	0.00784	0.00242	0.00701	0.01166	0.00471	0.00829
21	0.06858	0.15163	0.21266	0.01769	0.07330	0.01712	0.06268	0.04426	0.10646	0.07343	0.01801	0.09245	0.01528	0.00857	0.00657	0.00216	0.00775	0.00716	0.00458	0.00966
22	0.01449	0.01181	0.03836	0.01546	0.10589	0.03570	0.01043	0.04121	0.08367	0.07172	0.02495	0.10399	0.04694	0.19778	0.11349	0.00467	0.00838	0.05824	0.00517	0.00764
23	0.02110	0.01232	0.01795	0.03883	0.01863	0.01329	0.05785	0.02388	0.01657	0.31169	0.11351	0.02490	0.02096	0.01012	0.01154	0.00240	0.21019	0.00755	0.05740	0.00932
24	0.09390	0.02088	0.24194	0.06780	0.08903	0.01483	0.09582	0.02344	0.04158	0.14222	0.06394	0.01997	0.01505	0.00767	0.00735	0.00224	0.03136	0.00652	0.00467	0.00979
25	0.02430	0.17341	0.04693	0.01439	0.01994	0.04164	0.04994	0.16090	0.06699	0.27469	0.02131	0.02039	0.03791	0.00812	0.00655	0.00203	0.00721	0.00642	0.00627	0.01067
26	0.02099	0.06777	0.04686	0.01664	0.02180	0.08888	0.11849	0.22418	0.04852	0.09655	0.04257	0.06916	0.01693	0.00894	0.00707	0.00210	0.00805	0.02777	0.00564	0.06108
27	0.01445	0.01324	0.07596	0.04652	0.12764	0.01116	0.10510	0.01779	0.01521	0.08913	0.04899	0.18625	0.04888	0.08393	0.01052	0.00282	0.00710	0.05723	0.00514	0.03295
28	0.03570	0.03867	0.04440	0.22388	0.05387	0.08120	0.06412	0.03156	0.01640	0.12610	0.07167	0.04672	0.04263	0.00861	0.00744	0.00215	0.03074	0.00728	0.00478	0.06205
29	0.05231	0.04050	0.09716	0.03245	0.04698	0.05662	0.05743	0.02682	0.09369	0.25022	0.03772	0.02004	0.01492	0.00777	0.00719	0.00205	0.03313	0.00631	0.00572	0.11097
30	0.11742	0.01637	0.06474	0.01477	0.01980	0.06842	0.09694	0.06322	0.06152	0.11482	0.03977	0.08906	0.01672	0.00864	0.00690	0.00203	0.02043	0.00729	0.00523	0.16593

[dist]
# distance from previous block
# <min> <max>
62	164

[block]
# block no. 8 follows, 30 sequences, length 8
# corresponding to MSA columns:
# 3540-3547
name=unknown_I
#
# <colnr> <probs for GDERKNQSTAVLIFYWHMCP>
#	G	D	E	R	K	N	Q	S	T	A	V	L	I	F	Y	W	H	M	C	P
0	0.01796	0.01604	0.01812	0.01571	0.07103	0.08687	0.05210	0.18312	0.02037	0.02744	0.08002	0.02379	0.08409	0.00832	0.00662	0.00176	0.00687	0.00689	0.00523	0.26765
1	0.02312	0.12819	0.01907	0.01303	0.01762	0.10404	0.01073	0.11239	0.09724	0.25177	0.08104	0.02526	0.06795	0.00922	0.00674	0.00205	0.00679	0.00722	0.00653	0.01000
2	0.07630	0.01251	0.01491	0.01279	0.01663	0.01292	0.04503	0.08412	0.22486	0.13209	0.03083	0.14664	0.10057	0.01161	0.00727	0.00231	0.00561	0.00990	0.00662	0.04649
3	0.02301	0.01330	0.01829	0.05221	0.02059	0.01257	0.06117	0.11335	0.01955	0.32073	0.05748	0.02331	0.01732	0.00842	0.00751	0.00203	0.03491	0.02705	0.00655	0.16066
4	0.02037	0.14216	0.12685	0.01643	0.02276	0.01774	0.10695	0.12800	0.11784	0.13780	0.01765	0.01810	0.01287	0.00729	0.00655	0.00200	0.00778	0.00613	0.00528	0.07943
5	0.01305	0.01064	0.08320	0.01048	0.01341	0.00793	0.00900	0.01638	0.01817	0.12259	0.41269	0.14336	0.08354	0.01393	0.00799	0.00229	0.00451	0.01218	0.00710	0.00755
6	0.01086	0.00837	0.01228	0.08853	0.06580	0.00852	0.01093	0.01360	0.01508	0.01998	0.06570	0.29954	0.03822	0.01773	0.00885	0.00286	0.00588	0.29468	0.00595	0.00664
7	0.01795	0.01585	0.01840	0.01737	0.08221	0.06832	0.05307	0.15049	0.23559	0.02760	0.02296	0.12262	0.02025	0.01031	0.00725	0.00223	0.00690	0.03599	0.00589	0.07876

[dist]
# distance from previous block
# <min> <max>
9	120

[block]
# block no. 9 follows, 30 sequences, length 6
# corresponding to MSA columns:
# 3680-3685
name=unknown_J
#
# <colnr> <probs for GDERKNQSTAVLIFYWHMCP>
#	G	D	E	R	K	N	Q	S	T	A	V	L	I	F	Y	W	H	M	C	P
0	0.01087	0.00765	0.01112	0.05681	0.08344	0.00761	0.00838	0.01128	0.01227	0.01633	0.02704	0.31258	0.06799	0.08963	0.01638	0.23238	0.00561	0.01241	0.00475	0.00546
1	0.01334	0.01393	0.09837	0.08565	0.13621	0.01179	0.01232	0.01787	0.08544	0.01919	0.01809	0.02914	0.01739	0.30754	0.01822	0.00392	0.00738	0.00762	0.00413	0.09246
2	0.01901	0.01238	0.01473	0.09790	0.01930	0.01334	0.01052	0.15076	0.16458	0.13621	0.09596	0.02584	0.02151	0.00906	0.00669	0.00210	0.00571	0.00746	0.17745	0.00947
3	0.02372	0.29599	0.02545	0.01412	0.01937	0.13946	0.01216	0.17792	0.06479	0.14002	0.01568	0.01575	0.01181	0.00740	0.00595	0.00185	0.00799	0.00526	0.00521	0.01010
4	0.01967	0.20674	0.18396	0.01991	0.13901	0.08485	0.01651	0.02567	0.09714	0.11852	0.01575	0.01669	0.01192	0.00707	0.00622	0.00198	0.00829	0.00551	0.00439	0.01020
5	0.19553	0.00887	0.00921	0.00885	0.01151	0.00864	0.00672	0.01525	0.01521	0.09730	0.10189	0.19432	0.27244	0.01470	0.00734	0.00238	0.00431	0.01226	0.00632	0.00694

[dist]
# distance from previous block
# <min> <max>
0	3

[block]
# block no. 10 follows, 30 sequences, length 11
# corresponding to MSA columns:
# 3689-3699
name=unknown_K
#
# <colnr> <probs for GDERKNQSTAVLIFYWHMCP>
#	G	D	E	R	K	N	Q	S	T	A	V	L	I	F	Y	W	H	M	C	P
0	0.10321	0.01525	0.02384	0.03281	0.49002	0.01514	0.01758	0.02400	0.01634	0.17131	0.01583	0.01803	0.01201	0.00676	0.00666	0.00210	0.00748	0.00613	0.00465	0.01086
1	0.01751	0.13106	0.10744	0.13062	0.13092	0.04033	0.09200	0.02280	0.06068	0.07981	0.01459	0.01704	0.01120	0.00662	0.00644	0.00196	0.00831	0.00579	0.00405	0.11085
2	0.01500	0.01480	0.02021	0.40734	0.14209	0.08915	0.01672	0.01883	0.01489	0.01916	0.01423	0.07021	0.01234	0.00773	0.00680	0.00210	0.00858	0.00675	0.00359	0.10950
3	0.01550	0.01569	0.01216	0.01107	0.01381	0.23084	0.00824	0.01772	0.01697	0.02075	0.14490	0.03494	0.16052	0.07364	0.00919	0.00229	0.00672	0.00862	0.10635	0.09008
4	0.06360	0.16360	0.36993	0.10879	0.02712	0.01717	0.01907	0.02111	0.01457	0.06156	0.01440	0.06350	0.01180	0.00767	0.00630	0.00213	0.00868	0.00602	0.00363	0.00935
5	0.11195	0.06037	0.04474	0.01628	0.09150	0.01501	0.01248	0.16279	0.02051	0.32314	0.02070	0.02217	0.01487	0.00843	0.00667	0.00216	0.00676	0.04210	0.00660	0.01078
6	0.01837	0.01827	0.01536	0.01374	0.01701	0.23651	0.01053	0.02464	0.17681	0.06006	0.10424	0.07402	0.07226	0.01048	0.00790	0.00211	0.04868	0.00820	0.00559	0.07524
7	0.00898	0.00697	0.00817	0.00814	0.00994	0.00616	0.00600	0.01132	0.01722	0.02262	0.33883	0.14839	0.34869	0.01675	0.00832	0.00235	0.00350	0.01448	0.00699	0.00616
8	0.13754	0.10995	0.05009	0.04197	0.09343	0.01578	0.12748	0.05877	0.01502	0.06342	0.01502	0.02023	0.01271	0.07745	0.12817	0.00399	0.00987	0.00642	0.00413	0.00855
9	0.01846	0.07495	0.01847	0.08159	0.13763	0.01310	0.01250	0.07974	0.01740	0.18427	0.02560	0.13799	0.06088	0.01347	0.04669	0.00278	0.00722	0.05234	0.00576	0.00915
10	0.00850	0.00607	0.00810	0.00972	0.01012	0.00567	0.00648	0.00972	0.01336	0.01781	0.03846	0.75020	0.04615	0.02186	0.00891	0.00283	0.00405	0.01984	0.00648	0.00567

[dist]
# distance from previous block
# <min> <max>
1	3

[block]
# block no. 11 follows, 30 sequences, length 6
# corresponding to MSA columns:
# 3703-3708
name=unknown_L
#
# <colnr> <probs for GDERKNQSTAVLIFYWHMCP>
#	G	D	E	R	K	N	Q	S	T	A	V	L	I	F	Y	W	H	M	C	P
0	0.30744	0.25420	0.02063	0.01109	0.01628	0.01783	0.00982	0.02487	0.01516	0.24136	0.01530	0.01519	0.01106	0.00699	0.00522	0.00194	0.00624	0.00478	0.00524	0.00936
1	0.01034	0.00856	0.01313	0.29555	0.02501	0.00953	0.01154	0.01290	0.01359	0.01782	0.02823	0.46307	0.03169	0.01602	0.00815	0.00263	0.00611	0.01449	0.00515	0.00649
2	0.01501	0.01288	0.01471	0.01105	0.01684	0.01080	0.00879	0.02120	0.14171	0.02394	0.01538	0.01662	0.01238	0.00597	0.00553	0.00128	0.00523	0.00483	0.00469	0.65117
3	0.01493	0.01063	0.04180	0.01211	0.01376	0.01083	0.00953	0.01661	0.01313	0.14648	0.02341	0.19507	0.02379	0.19007	0.08791	0.00446	0.16264	0.01049	0.00522	0.00715
4	0.01182	0.01085	0.01945	0.01566	0.01897	0.01010	0.22654	0.01562	0.01753	0.02404	0.33002	0.11856	0.08969	0.01288	0.00838	0.00238	0.00630	0.04781	0.00606	0.00734
5	0.01600	0.00981	0.01027	0.00905	0.01144	0.01033	0.00689	0.18361	0.01857	0.02880	0.02115	0.02640	0.01741	0.11092	0.00962	0.00245	0.00484	0.00695	0.48795	0.00753

[dist]
# distance from previous block
# <min> <max>
0	1

[block]
# block no. 12 follows, 30 sequences, length 14
# corresponding to MSA columns:
# 3710-3723
name=unknown_M
#
# <colnr> <probs for GDERKNQSTAVLIFYWHMCP>
#	G	D	E	R	K	N	Q	S	T	A	V	L	I	F	Y	W	H	M	C	P
0	0.15869	0.06630	0.24570	0.01626	0.02309	0.06578	0.05431	0.14690	0.01868	0.11942	0.01462	0.01559	0.01041	0.00715	0.00628	0.00211	0.00845	0.00542	0.00477	0.01004
1	0.02298	0.35296	0.02799	0.01420	0.01996	0.02433	0.01267	0.38717	0.02441	0.03155	0.01357	0.01425	0.01055	0.00729	0.00585	0.00182	0.00758	0.00513	0.00518	0.01055
2	0.80405	0.01350	0.01026	0.00918	0.01350	0.01565	0.00756	0.02051	0.01188	0.03131	0.00972	0.01134	0.00756	0.00648	0.00432	0.00216	0.00540	0.00378	0.00432	0.00756
3	0.01045	0.00876	0.01355	0.20272	0.02166	0.00915	0.04868	0.01330	0.01516	0.02020	0.16707	0.32558	0.08611	0.01519	0.00818	0.00251	0.00569	0.01375	0.00566	0.00663
4	0.01318	0.01240	0.02093	0.73798	0.04806	0.01550	0.01938	0.01783	0.01395	0.01783	0.01240	0.01860	0.00930	0.00698	0.00698	0.00233	0.00930	0.00620	0.00310	0.00775
5	0.01015	0.00677	0.00761	0.00761	0.00761	0.00677	0.00423	0.01015	0.01015	0.01353	0.02199	0.04567	0.02537	0.75476	0.03552	0.00677	0.00677	0.01015	0.00423	0.00423
6	0.04965	0.01359	0.01932	0.23097	0.15526	0.04490	0.01484	0.02477	0.01677	0.28639	0.01965	0.06164	0.01471	0.00831	0.00696	0.00221	0.00753	0.00713	0.00554	0.00983
7	0.01814	0.14269	0.18824	0.01564	0.02153	0.07695	0.01508	0.07705	0.32019	0.02550	0.01928	0.01915	0.01463	0.00796	0.00649	0.00212	0.00772	0.00617	0.00514	0.01035
8	0.01622	0.06819	0.09243	0.02626	0.06244	0.04283	0.48498	0.02148	0.01605	0.02145	0.01529	0.07045	0.01287	0.00716	0.00778	0.00229	0.01068	0.00830	0.00366	0.00921
9	0.02110	0.01375	0.05476	0.06083	0.14709	0.01217	0.05928	0.05499	0.01781	0.29837	0.02568	0.12693	0.05527	0.01016	0.00739	0.00227	0.00687	0.00901	0.00623	0.01004
10	0.01772	0.06437	0.21288	0.05809	0.15158	0.01676	0.22105	0.02309	0.01592	0.10674	0.01468	0.01751	0.01083	0.00672	0.00759	0.00221	0.03173	0.00650	0.00392	0.01009
11	0.00932	0.00724	0.01077	0.05837	0.01402	0.00701	0.04332	0.01115	0.01400	0.01875	0.08134	0.61570	0.04321	0.01952	0.00870	0.00273	0.00475	0.01784	0.00618	0.00607
12	0.02346	0.20880	0.02476	0.01673	0.06996	0.07193	0.01320	0.33998	0.07080	0.07119	0.01568	0.01611	0.01182	0.00761	0.00630	0.00194	0.00777	0.00565	0.00557	0.01074
13	0.02265	0.06785	0.13626	0.02100	0.14401	0.07258	0.08251	0.02671	0.01765	0.28852	0.03898	0.01977	0.01437	0.00748	0.00687	0.00210	0.00821	0.00644	0.00548	0.01057

[dist]
# distance from previous block
# <min> <max>
0	12

[block]
# block no. 13 follows, 30 sequences, length 13
# corresponding to MSA columns:
# 3736-3748
name=unknown_N
#
# <colnr> <probs for GDERKNQSTAVLIFYWHMCP>
#	G	D	E	R	K	N	Q	S	T	A	V	L	I	F	Y	W	H	M	C	P
0	0.01527	0.01527	0.02137	0.01832	0.01832	0.02137	0.01527	0.01679	0.01069	0.01679	0.00916	0.01527	0.00916	0.01221	0.02290	0.00305	0.74198	0.00611	0.00305	0.00763
1	0.01083	0.00818	0.01035	0.01142	0.01278	0.00837	0.00868	0.01580	0.13120	0.02067	0.03629	0.42651	0.04012	0.01898	0.00882	0.00287	0.00501	0.20974	0.00657	0.00681
2	0.01866	0.75896	0.03657	0.01194	0.01791	0.02761	0.01194	0.02090	0.01418	0.01642	0.00970	0.01119	0.00896	0.00597	0.00448	0.00149	0.00746	0.00373	0.00299	0.00896
3	0.01540	0.13779	0.03960	0.04639	0.01459	0.01216	0.00861	0.04684	0.01462	0.11366	0.08445	0.07184	0.02438	0.31941	0.01863	0.00401	0.00659	0.00884	0.00509	0.00711
4	0.00979	0.00774	0.01048	0.01110	0.01155	0.00844	0.00799	0.01125	0.01350	0.01859	0.09587	0.55957	0.04167	0.01951	0.01123	0.00281	0.13001	0.01682	0.00601	0.00609
5	0.01032	0.00705	0.00857	0.00884	0.00923	0.00716	0.00585	0.01110	0.01126	0.01504	0.02423	0.04961	0.02716	0.56363	0.09561	0.00657	0.00782	0.12161	0.00456	0.00479
6	0.01533	0.01960	0.14802	0.17892	0.14736	0.01723	0.23937	0.02051	0.01483	0.02074	0.01271	0.01738	0.00992	0.00708	0.00928	0.00236	0.10014	0.00668	0.00327	0.00927
7	0.01238	0.01087	0.01772	0.34592	0.11880	0.01276	0.01506	0.01598	0.01303	0.01770	0.01522	0.02272	0.01319	0.04996	0.28246	0.00583	0.01266	0.00683	0.00343	0.00748
8	0.05839	0.02644	0.02132	0.06164	0.16762	0.44023	0.01518	0.08824	0.01953	0.02151	0.01188	0.01424	0.00965	0.00706	0.00644	0.00193	0.01072	0.00509	0.00389	0.00903
9	0.01475	0.01482	0.02758	0.43073	0.15824	0.01626	0.19707	0.01965	0.01495	0.01988	0.01298	0.01844	0.00994	0.00656	0.00730	0.00229	0.00978	0.00675	0.00328	0.00876
10	0.01863	0.01199	0.07830	0.01184	0.01563	0.00941	0.01021	0.05356	0.01822	0.27781	0.14677	0.18968	0.06641	0.01329	0.00780	0.00238	0.00548	0.04653	0.00717	0.00889
11	0.01262	0.01753	0.20452	0.24274	0.02963	0.01302	0.08380	0.01716	0.01415	0.01943	0.06724	0.07936	0.01896	0.13613	0.01212	0.00308	0.00855	0.00829	0.00388	0.00776
12	0.01529	0.01456	0.02475	0.37888	0.39064	0.01606	0.02043	0.01968	0.01495	0.02040	0.01278	0.01792	0.01021	0.00658	0.00694	0.00219	0.00878	0.00621	0.00328	0.00946

[dist]
# distance from previous block
# <min> <max>
0	1

[block]
# block no. 14 follows, 30 sequences, length 30
# corresponding to MSA columns:
# 3750-3779
name=unknown_O
#
# <colnr> <probs for GDERKNQSTAVLIFYWHMCP>
#	G	D	E	R	K	N	Q	S	T	A	V	L	I	F	Y	W	H	M	C	P
0	0.01876	0.01462	0.02133	0.35714	0.03409	0.01688	0.05682	0.16289	0.05940	0.10684	0.01592	0.01902	0.01157	0.00796	0.00830	0.00232	0.06536	0.00653	0.00484	0.00940
1	0.22261	0.01194	0.01457	0.01340	0.01688	0.01275	0.06254	0.02254	0.14711	0.07888	0.02565	0.04196	0.02390	0.01216	0.00744	0.00262	0.00636	0.26247	0.00595	0.00827
2	0.08099	0.06021	0.06587	0.04550	0.27209	0.01524	0.01541	0.02541	0.08914	0.17646	0.01735	0.01848	0.01288	0.00707	0.00646	0.00203	0.00712	0.00601	0.00504	0.07126
3	0.38881	0.01509	0.06972	0.18110	0.06512	0.01523	0.01300	0.02239	0.04993	0.10008	0.01365	0.01574	0.01003	0.00698	0.00570	0.00221	0.00692	0.00515	0.00449	0.00867
4	0.32848	0.01401	0.01402	0.06830	0.01861	0.01611	0.01027	0.02886	0.33296	0.07102	0.01973	0.01952	0.01470	0.00804	0.00599	0.00227	0.00579	0.00608	0.00579	0.00946
5	0.01817	0.06587	0.17786	0.01504	0.02070	0.06005	0.07974	0.04250	0.03787	0.17206	0.10192	0.02958	0.12910	0.00972	0.00717	0.00216	0.00741	0.00819	0.00560	0.00928
6	0.02041	0.02411	0.29093	0.01641	0.02342	0.01721	0.01712	0.28637	0.06395	0.08492	0.01711	0.01779	0.01215	0.00776	0.00669	0.00212	0.00810	0.00602	0.06660	0.01080
7	0.01318	0.01240	0.02093	0.73798	0.04806	0.01550	0.01938	0.01783	0.01395	0.01783	0.01240	0.01860	0.00930	0.00698	0.00698	0.00233	0.00930	0.00620	0.00310	0.00775
8	0.27721	0.11993	0.01810	0.01189	0.01722	0.01736	0.01006	0.20104	0.01897	0.08633	0.01354	0.01435	0.01021	0.00685	0.00543	0.00184	0.00631	0.00477	0.00516	0.15342
9	0.01212	0.00606	0.00909	0.00909	0.00909	0.00606	0.00606	0.00909	0.00909	0.01212	0.01212	0.02121	0.01212	0.02424	0.02727	0.79697	0.00606	0.00606	0.00303	0.00303
10	0.07157	0.00839	0.01141	0.01124	0.01288	0.00977	0.00877	0.01455	0.05234	0.01814	0.01858	0.02609	0.01691	0.04624	0.62841	0.00999	0.01688	0.00722	0.00398	0.00662
