[name]
unknown

[dist]
# distance from previous block
# <min> <max>
0	102

[block]
# block no. 0 follows, 48 sequences, length 6
# corresponding to MSA columns:
# 890-895
name=unknown_A
#
# <colnr> <probs for GDERKNQSTAVLIFYWHMCP>
#	G	D	E	R	K	N	Q	S	T	A	V	L	I	F	Y	W	H	M	C	P
0	0.00827	0.00591	0.00827	0.00945	0.01063	0.00591	0.00827	0.01063	0.01181	0.01536	0.02717	0.05788	0.02953	0.01417	0.00709	0.00236	0.00472	0.75313	0.00472	0.00472
1	0.01214	0.11249	0.39981	0.01293	0.01851	0.01346	0.04863	0.07661	0.21887	0.01841	0.01241	0.01303	0.00921	0.00545	0.00486	0.00159	0.00629	0.00438	0.00324	0.00767
2	0.01417	0.01086	0.01336	0.01094	0.01391	0.01182	0.06341	0.27027	0.19445	0.06901	0.14558	0.02170	0.04239	0.00767	0.00619	0.00170	0.05282	0.03752	0.00493	0.00731
3	0.85592	0.00992	0.00754	0.00675	0.00992	0.01151	0.00556	0.01508	0.00873	0.02302	0.00714	0.00834	0.00556	0.00476	0.00318	0.00159	0.00397	0.00278	0.00318	0.00556
4	0.07559	0.01246	0.01244	0.06286	0.01508	0.08058	0.00871	0.18538	0.41134	0.02258	0.04754	0.01646	0.01341	0.00651	0.00503	0.00164	0.00496	0.00517	0.00466	0.00759
5	0.00628	0.00503	0.00561	0.00584	0.00716	0.00436	0.00424	0.00763	0.01164	0.01461	0.14800	0.23308	0.50172	0.01339	0.00618	0.00180	0.00267	0.01152	0.00489	0.00436

[dist]
# distance from previous block
# <min> <max>
0	1

[block]
# block no. 1 follows, 48 sequences, length 44
# corresponding to MSA columns:
# 897-940
name=unknown_B
#
# <colnr> <probs for GDERKNQSTAVLIFYWHMCP>
#	G	D	E	R	K	N	Q	S	T	A	V	L	I	F	Y	W	H	M	C	P
0	0.01607	0.01339	0.11552	0.08153	0.10010	0.03187	0.03341	0.22257	0.05821	0.19678	0.04254	0.04028	0.01169	0.00622	0.00520	0.00161	0.00565	0.00519	0.00438	0.00781
1	0.00891	0.00446	0.00668	0.00668	0.00668	0.00446	0.00446	0.00668	0.00668	0.00891	0.00891	0.01560	0.00891	0.01783	0.02005	0.85071	0.00446	0.00446	0.00223	0.00223
2	0.01050	0.01048	0.05084	0.05479	0.14573	0.08301	0.00945	0.01366	0.08963	0.03039	0.01811	0.32691	0.01903	0.01008	0.00684	0.00185	0.08606	0.02296	0.00375	0.00592
3	0.01047	0.00841	0.01304	0.01750	0.34435	0.00816	0.00972	0.01284	0.01230	0.06246	0.23526	0.07703	0.06180	0.05728	0.00688	0.00185	0.00444	0.04586	0.00405	0.00631
4	0.03534	0.01400	0.12993	0.03632	0.44867	0.02406	0.04929	0.05421	0.03487	0.08586	0.03093	0.01358	0.00946	0.00509	0.00508	0.00156	0.00611	0.00467	0.00312	0.00785
5	0.01049	0.02165	0.58369	0.01274	0.01930	0.01045	0.01548	0.01543	0.01097	0.03610	0.03147	0.03261	0.00874	0.00516	0.00476	0.00147	0.00653	0.00412	0.00260	0.16624
6	0.82231	0.00971	0.00748	0.00676	0.00982	0.01122	0.00553	0.01477	0.00878	0.02263	0.00798	0.04029	0.00668	0.00521	0.00331	0.00161	0.00393	0.00325	0.00324	0.00550
7	0.09534	0.40242	0.21793	0.01165	0.01677	0.01592	0.10208	0.01626	0.03140	0.03509	0.00876	0.01010	0.00701	0.00466	0.00411	0.00138	0.00618	0.00355	0.00252	0.00687
8	0.03497	0.01614	0.31492	0.01184	0.01675	0.01034	0.05166	0.12562	0.01349	0.13620	0.05758	0.05762	0.01304	0.02235	0.00558	0.00168	0.00583	0.04230	0.00381	0.05827
9	0.00898	0.00538	0.00663	0.00645	0.00734	0.00509	0.00438	0.01005	0.01043	0.10099	0.16830	0.16998	0.06430	0.33262	0.03587	0.00320	0.00407	0.00880	0.04270	0.00444
10	0.09927	0.01395	0.05019	0.05824	0.05308	0.11053	0.07110	0.27734	0.02800	0.08286	0.06418	0.01466	0.02601	0.00608	0.00525	0.00157	0.02155	0.00484	0.00407	0.00725
11	0.02047	0.00935	0.03562	0.00903	0.01321	0.00755	0.00764	0.02263	0.01386	0.63254	0.01797	0.01607	0.01162	0.00586	0.00491	0.00144	0.00437	0.00475	0.00565	0.15544
12	0.85592	0.00992	0.00754	0.00675	0.00992	0.01151	0.00556	0.01508	0.00873	0.02302	0.00714	0.00834	0.00556	0.00476	0.00318	0.00159	0.00397	0.00278	0.00318	0.00556
13	0.01369	0.66917	0.07173	0.00999	0.01456	0.01898	0.04873	0.05354	0.03384	0.01384	0.00809	0.00920	0.00702	0.00458	0.00368	0.00120	0.00574	0.00316	0.00245	0.00681
14	0.00925	0.00665	0.00809	0.00727	0.00899	0.00653	0.00558	0.08727	0.06686	0.04412	0.59123	0.03446	0.08382	0.00984	0.00588	0.00162	0.00292	0.00855	0.00554	0.00554
15	0.00626	0.00462	0.00585	0.00677	0.00736	0.00422	0.00461	0.00728	0.01033	0.01351	0.06036	0.65146	0.16796	0.01532	0.00644	0.00200	0.00289	0.01372	0.00480	0.00422
16	0.01354	0.00595	0.00689	0.00607	0.00808	0.00560	0.00475	0.01581	0.01192	0.24706	0.01777	0.01864	0.01302	0.00609	0.00405	0.00131	0.00297	0.00489	0.59965	0.00595
17	0.01247	0.06000	0.33422	0.01682	0.02278	0.01332	0.32550	0.11957	0.01316	0.01832	0.01001	0.01214	0.00734	0.00480	0.00532	0.00163	0.00765	0.00478	0.00275	0.00742
18	0.00653	0.00522	0.00585	0.00569	0.00722	0.00453	0.00427	0.00827	0.01280	0.01649	0.33941	0.04505	0.49651	0.01201	0.00606	0.00169	0.00253	0.01022	0.00511	0.00453
19	0.01113	0.04839	0.67127	0.01468	0.02179	0.01250	0.06337	0.06778	0.01181	0.01724	0.00943	0.01104	0.00673	0.00492	0.00492	0.00161	0.00745	0.00395	0.00240	0.00759
20	0.01276	0.01102	0.01160	0.01044	0.01334	0.01276	0.00812	0.02727	0.77840	0.02146	0.02088	0.01914	0.01566	0.00696	0.00522	0.00174	0.00406	0.00580	0.00522	0.00812
21	0.01372	0.82276	0.02689	0.00878	0.01317	0.02030	0.00878	0.01536	0.01043	0.01207	0.00713	0.00823	0.00658	0.00439	0.00329	0.00110	0.00549	0.00274	0.00219	0.00658
22	0.01270	0.01219	0.02083	0.03149	0.78767	0.01219	0.01575	0.01575	0.01168	0.01676	0.00965	0.01270	0.00813	0.00457	0.00508	0.00152	0.00610	0.00457	0.00254	0.00813
23	0.02278	0.00912	0.01215	0.00931	0.01329	0.00811	0.00769	0.07595	0.01533	0.73937	0.01970	0.01711	0.01243	0.00634	0.00516	0.00158	0.00445	0.00512	0.00627	0.00873
24	0.01261	0.00993	0.01094	0.00942	0.01207	0.01088	0.00741	0.21225	0.32600	0.02384	0.26489	0.02407	0.03745	0.00799	0.00548	0.00165	0.00392	0.00670	0.00533	0.00716
25	0.00707	0.00524	0.00663	0.00653	0.00777	0.00480	0.00496	0.00920	0.01350	0.01851	0.54761	0.09495	0.17034	0.01160	0.00617	0.00173	0.00268	0.07066	0.00536	0.00470
26	0.04156	0.68898	0.02441	0.00886	0.01316	0.01864	0.00859	0.04409	0.01129	0.08802	0.00858	0.00927	0.00722	0.00466	0.00354	0.00118	0.00534	0.00305	0.00273	0.00684
27	0.00736	0.00517	0.00668	0.00673	0.00711	0.00553	0.00451	0.00814	0.00787	0.01087	0.01566	0.05909	0.01690	0.47125	0.33876	0.00619	0.00845	0.00695	0.00303	0.00375
28	0.01054	0.07836	0.60168	0.01317	0.01958	0.01203	0.01608	0.01677	0.08706	0.01681	0.07053	0.01361	0.01067	0.00548	0.00489	0.00160	0.00669	0.00434	0.00274	0.00735
29	0.01223	0.00703	0.00890	0.00832	0.01041	0.00686	0.00670	0.01615	0.12485	0.20865	0.17999	0.08626	0.05184	0.01003	0.00585	0.00182	0.00374	0.18782	0.05638	0.00619
30	0.01198	0.01456	0.08791	0.02011	0.02515	0.01298	0.63682	0.01693	0.05818	0.01657	0.01079	0.01383	0.00812	0.00470	0.00631	0.00174	0.03781	0.00581	0.00271	0.00700
31	0.01339	0.74687	0.09992	0.00934	0.01403	0.01950	0.00975	0.01545	0.01046	0.01247	0.00733	0.00848	0.00658	0.00444	0.00344	0.00115	0.00569	0.00284	0.00219	0.00668
32	0.08554	0.55880	0.21175	0.01003	0.01509	0.01750	0.01098	0.01556	0.01038	0.01403	0.00764	0.00887	0.00648	0.00454	0.00367	0.00127	0.00587	0.00300	0.00227	0.00674
33	0.51826	0.00939	0.00901	0.00755	0.01089	0.01000	0.00621	0.04192	0.01126	0.26204	0.02431	0.01227	0.00891	0.00545	0.00392	0.00157	0.00405	0.00377	0.04263	0.00660
34	0.00716	0.00519	0.00642	0.00617	0.00717	0.00486	0.00440	0.00888	0.01237	0.01705	0.49332	0.03801	0.13412	0.19105	0.03960	0.00262	0.00342	0.00893	0.00487	0.00438
35	0.00676	0.00493	0.00640	0.00696	0.00778	0.00457	0.00505	0.00833	0.01173	0.01583	0.27783	0.41581	0.10914	0.01377	0.00639	0.00192	0.00293	0.08434	0.00505	0.00446
36	0.11653	0.00887	0.01142	0.00886	0.01274	0.00799	0.00732	0.02389	0.01402	0.70498	0.01877	0.01644	0.01190	0.00617	0.00494	0.00159	0.00432	0.00489	0.00599	0.00838
37	0.01225	0.01161	0.01932	0.10633	0.64357	0.01193	0.01482	0.01601	0.05797	0.01680	0.03292	0.01393	0.00963	0.00494	0.00512	0.00156	0.00594	0.00478	0.00277	0.00779
38	0.00673	0.00595	0.00787	0.00717	0.00902	0.00519	0.08057	0.00831	0.01153	0.01420	0.06561	0.16257	0.57154	0.01252	0.00614	0.00178	0.00326	0.01088	0.00457	0.00458
39	0.00696	0.00479	0.00620	0.00688	0.00750	0.00443	0.00470	0.00810	0.01068	0.03685	0.14691	0.57467	0.08328	0.06330	0.00758	0.00215	0.00303	0.01281	0.00485	0.00435
40	0.00851	0.00724	0.04442	0.04379	0.04907	0.00652	0.03013	0.02875	0.01289	0.01843	0.38254	0.10184	0.05784	0.00967	0.00591	0.00167	0.01923	0.05910	0.10719	0.00524
41	0.01277	0.09588	0.09481	0.01123	0.01595	0.01061	0.13208	0.08053	0.02605	0.07520	0.01094	0.03254	0.00872	0.00482	0.00454	0.00122	0.00533	0.00422	0.00330	0.36928
42	0.12436	0.10681	0.27610	0.01229	0.03836	0.01161	0.07653	0.01842	0.02363	0.22409	0.01195	0.01242	0.00837	0.00515	0.00464	0.00154	0.00591	0.00413	0.00354	0.03014
43	0.67917	0.02613	0.00986	0.00879	0.04622	0.01187	0.02593	0.04695	0.00977	0.03777	0.00786	0.00917	0.00612	0.00494	0.00391	0.00158	0.02988	0.00313	0.00323	0.02774

[dist]
# distance from previous block
# <min> <max>
1	3

[block]
# block no. 2 follows, 48 sequences, length 18
# corresponding to MSA columns:
# 944-961
name=unknown_C
#
# <colnr> <probs for GDERKNQSTAVLIFYWHMCP>
#	G	D	E	R	K	N	Q	S	T	A	V	L	I	F	Y	W	H	M	C	P
0	0.01362	0.34967	0.28042	0.01142	0.01665	0.06833	0.01227	0.09523	0.04923	0.03140	0.00937	0.01034	0.00735	0.00495	0.00424	0.00137	0.00634	0.00353	0.00276	0.02150
1	0.00672	0.00505	0.00622	0.00629	0.00742	0.00455	0.00458	0.00850	0.01271	0.01711	0.42073	0.22050	0.23599	0.01243	0.00617	0.00175	0.00260	0.01090	0.00522	0.00455
2	0.01439	0.16828	0.04173	0.01051	0.04540	0.06348	0.04877	0.03674	0.01229	0.16298	0.04604	0.01293	0.01018	0.00496	0.00436	0.00119	0.00506	0.00398	0.00358	0.30315
3	0.00730	0.00517	0.00618	0.00593	0.00726	0.00471	0.00445	0.00946	0.01334	0.01880	0.50695	0.03825	0.21601	0.01045	0.00571	0.00158	0.00246	0.00902	0.12225	0.00471
4	0.85592	0.00992	0.00754	0.00675	0.00992	0.01151	0.00556	0.01508	0.00873	0.02302	0.00714	0.00834	0.00556	0.00476	0.00318	0.00159	0.00397	0.00278	0.00318	0.00556
5	0.01605	0.06013	0.06558	0.01055	0.01423	0.01124	0.03408	0.08358	0.29604	0.26320	0.03531	0.01917	0.01422	0.00679	0.00520	0.00166	0.00476	0.04521	0.00508	0.00794
6	0.00998	0.00783	0.00933	0.00756	0.01080	0.00636	0.00581	0.01247	0.04538	0.04984	0.06373	0.18938	0.03819	0.00740	0.00472	0.00121	0.00354	0.00637	0.00387	0.51622
7	0.00628	0.00493	0.00568	0.00608	0.00721	0.00433	0.00434	0.00755	0.01132	0.01436	0.12897	0.33788	0.41514	0.01387	0.00625	0.00185	0.00272	0.01207	0.00487	0.00433
8	0.01832	0.00747	0.00983	0.00810	0.01110	0.00665	0.00656	0.02033	0.01339	0.53791	0.02042	0.07650	0.01511	0.00734	0.00502	0.00158	0.00387	0.04162	0.18151	0.00739
9	0.00694	0.00516	0.00663	0.00666	0.00764	0.00505	0.00485	0.00855	0.01111	0.01512	0.28028	0.14281	0.17031	0.10332	0.19840	0.00364	0.00551	0.00920	0.00440	0.00441
10	0.01132	0.00885	0.01009	0.00952	0.03249	0.00953	0.00719	0.05936	0.37877	0.05526	0.19194	0.04666	0.09696	0.00881	0.00561	0.00173	0.00373	0.05017	0.00521	0.00681
11	0.00814	0.00541	0.00706	0.00662	0.00796	0.00495	0.00497	0.01040	0.01415	0.06765	0.66643	0.08422	0.07111	0.01066	0.00603	0.00164	0.00258	0.00940	0.00561	0.00502
12	0.01093	0.16925	0.60173	0.01309	0.01990	0.01309	0.01625	0.01586	0.01075	0.01553	0.00883	0.01035	0.00659	0.00471	0.00452	0.00147	0.00695	0.00355	0.00223	0.06442
13	0.01371	0.51305	0.21048	0.01073	0.01575	0.07007	0.01139	0.07541	0.01188	0.01471	0.00810	0.00925	0.00673	0.00471	0.00391	0.00127	0.00626	0.00318	0.00245	0.00695
14	0.03465	0.06054	0.14469	0.04761	0.10805	0.00987	0.04919	0.03448	0.01171	0.13141	0.05178	0.17152	0.01625	0.00813	0.00590	0.00172	0.04163	0.04623	0.00379	0.02085
15	0.07826	0.23253	0.34890	0.01193	0.01756	0.01389	0.04716	0.06711	0.01197	0.11093	0.01010	0.01099	0.00741	0.00498	0.00443	0.00148	0.00628	0.00376	0.00298	0.00735
16	0.01479	0.29945	0.06369	0.00952	0.01330	0.01344	0.00868	0.02012	0.20762	0.19362	0.06274	0.01706	0.01377	0.00628	0.00462	0.00149	0.00477	0.03346	0.00423	0.00735
17	0.00861	0.00556	0.00774	0.00748	0.00867	0.00573	0.00568	0.01020	0.01041	0.08083	0.18992	0.07326	0.07369	0.04702	0.38509	0.05597	0.00822	0.00720	0.00394	0.00477

[dist]
# distance from previous block
# <min> <max>
5	10

[block]
# block no. 3 follows, 48 sequences, length 12
# corresponding to MSA columns:
# 972-983
name=unknown_D
#
# <colnr> <probs for GDERKNQSTAVLIFYWHMCP>
#	G	D	E	R	K	N	Q	S	T	A	V	L	I	F	Y	W	H	M	C	P
0	0.01671	0.09817	0.12892	0.01080	0.01527	0.03143	0.01000	0.31332	0.01675	0.16580	0.01302	0.04619	0.00981	0.00597	0.00482	0.00145	0.00545	0.00462	0.00432	0.09716
1	0.48433	0.01280	0.11057	0.00915	0.01303	0.01213	0.00843	0.15436	0.01237	0.09803	0.00961	0.01037	0.00699	0.00533	0.00442	0.00161	0.03256	0.00354	0.00368	0.00671
2	0.04335	0.16102	0.12927	0.01035	0.03862	0.02133	0.01875	0.07805	0.01296	0.19984	0.07883	0.05320	0.04659	0.00784	0.03643	0.00175	0.00536	0.00528	0.00404	0.04713
3	0.06285	0.06216	0.10485	0.00912	0.01194	0.00828	0.03795	0.06014	0.01212	0.13063	0.06210	0.27397	0.09968	0.01009	0.00556	0.00176	0.00434	0.03210	0.00440	0.00596
4	0.14108	0.05392	0.06003	0.01131	0.05938	0.04394	0.02820	0.09908	0.01332	0.27785	0.03411	0.01360	0.01007	0.00583	0.00553	0.00154	0.06425	0.00437	0.00425	0.06833
5	0.05940	0.04688	0.01398	0.01304	0.11905	0.11718	0.02812	0.10147	0.12247	0.16506	0.01427	0.04680	0.01140	0.04915	0.02757	0.00188	0.00570	0.00506	0.00411	0.04743
6	0.06023	0.03695	0.05911	0.00933	0.03438	0.00820	0.00737	0.07725	0.05277	0.15932	0.01928	0.30958	0.01901	0.03257	0.03103	0.00200	0.00449	0.00822	0.00448	0.06445
7	0.05125	0.03549	0.01459	0.01228	0.07307	0.01191	0.06133	0.22734	0.16514	0.15204	0.06594	0.01596	0.01300	0.00609	0.00504	0.00153	0.00493	0.00509	0.00468	0.07330
8	0.12684	0.04715	0.01178	0.00948	0.03368	0.00985	0.00743	0.07718	0.13534	0.32684	0.06969	0.05818	0.01487	0.00677	0.00489	0.00158	0.00423	0.00546	0.00509	0.04366
9	0.19023	0.11858	0.15102	0.00998	0.01444	0.01187	0.02236	0.06739	0.08434	0.21642	0.01264	0.01259	0.00899	0.00537	0.00440	0.00150	0.00509	0.00403	0.00398	0.05478
10	0.06090	0.15764	0.01433	0.00900	0.01282	0.01126	0.00760	0.11425	0.06952	0.31700	0.04053	0.01509	0.01167	0.02752	0.00514	0.00149	0.00457	0.00452	0.00468	0.11045
11	0.12099	0.04779	0.05288	0.00925	0.01280	0.03085	0.02039	0.11779	0.04065	0.27345	0.11964	0.04339	0.02775	0.00675	0.00491	0.00154	0.00453	0.00543	0.00483	0.05439

[dist]
# distance from previous block
# <min> <max>
6	66

[block]
# block no. 4 follows, 48 sequences, length 14
# corresponding to MSA columns:
# 1050-1063
name=unknown_E
#
# <colnr> <probs for GDERKNQSTAVLIFYWHMCP>
#	G	D	E	R	K	N	Q	S	T	A	V	L	I	F	Y	W	H	M	C	P
0	0.01700	0.03943	0.01271	0.00977	0.01316	0.02447	0.04664	0.08874	0.10133	0.37053	0.05402	0.11256	0.01594	0.00739	0.00525	0.00159	0.00451	0.00628	0.00525	0.06343
1	0.01973	0.05183	0.03684	0.01088	0.06899	0.00907	0.00849	0.04664	0.04390	0.54441	0.01719	0.01570	0.01138	0.00585	0.00492	0.00149	0.00462	0.00476	0.00534	0.08795
2	0.01257	0.01126	0.12145	0.19707	0.09698	0.00929	0.03890	0.03067	0.01218	0.16864	0.11568	0.03677	0.01485	0.03719	0.00598	0.00170	0.00543	0.00549	0.00376	0.07416
3	0.01316	0.01137	0.11904	0.01017	0.01291	0.01012	0.00902	0.07102	0.09568	0.17193	0.05852	0.04851	0.03020	0.12319	0.01036	0.00220	0.15526	0.00582	0.00408	0.03741
4	0.01132	0.02494	0.09453	0.05847	0.04336	0.00827	0.00866	0.03516	0.05937	0.13185	0.05784	0.16691	0.09977	0.00913	0.00594	0.00171	0.03513	0.06057	0.00426	0.08281
5	0.01393	0.02859	0.12428	0.01144	0.05759	0.00931	0.03737	0.09645	0.05096	0.19888	0.03129	0.13452	0.01495	0.00750	0.00524	0.00159	0.00493	0.04466	0.00435	0.12216
6	0.01349	0.01369	0.12708	0.09683	0.12339	0.05090	0.09470	0.07207	0.04258	0.11286	0.05484	0.01445	0.01066	0.00578	0.00618	0.00160	0.07894	0.00482	0.00342	0.07170
7	0.01677	0.01366	0.06765	0.01254	0.04558	0.04913	0.04723	0.29808	0.13177	0.14608	0.01373	0.01385	0.00990	0.00608	0.00581	0.00158	0.05583	0.00474	0.00450	0.05550
8	0.01343	0.05462	0.09408	0.07333	0.10685	0.01379	0.05245	0.16801	0.09765	0.04082	0.01100	0.01302	0.00866	0.00709	0.02797	0.00189	0.18567	0.00462	0.00334	0.02171
9	0.41924	0.01223	0.01203	0.01132	0.07308	0.09521	0.03749	0.06762	0.08230	0.06091	0.00982	0.01098	0.00758	0.00553	0.00518	0.00163	0.07415	0.00378	0.00345	0.00647
10	0.10710	0.04109	0.05167	0.02878	0.03066	0.00960	0.02449	0.01516	0.06270	0.16685	0.06671	0.15087	0.08410	0.00879	0.00699	0.00178	0.12526	0.00698	0.00421	0.00621
11	0.01166	0.20701	0.01818	0.49178	0.05369	0.03985	0.01238	0.04948	0.04236	0.01419	0.00924	0.01234	0.00726	0.00506	0.00467	0.00154	0.00640	0.00413	0.00253	0.00624
12	0.01102	0.00757	0.01099	0.05021	0.01258	0.00730	0.08298	0.03901	0.06665	0.13719	0.35575	0.09645	0.06129	0.00899	0.00577	0.00166	0.00388	0.00805	0.00505	0.02761
13	0.01212	0.07559	0.01246	0.00857	0.01262	0.00973	0.00697	0.11956	0.10222	0.01901	0.02870	0.04300	0.01052	0.00516	0.00426	0.00108	0.00416	0.00414	0.00364	0.51648

[dist]
# distance from previous block
# <min> <max>
0	2

[block]
# block no. 5 follows, 48 sequences, length 8
# corresponding to MSA columns:
# 1066-1073
name=unknown_F
#
# <colnr> <probs for GDERKNQSTAVLIFYWHMCP>
#	G	D	E	R	K	N	Q	S	T	A	V	L	I	F	Y	W	H	M	C	P
0	0.09605	0.00877	0.04813	0.08820	0.01345	0.00840	0.00770	0.06057	0.10530	0.15704	0.07365	0.27227	0.02053	0.00946	0.00546	0.00178	0.00419	0.00814	0.00466	0.00625
1	0.00660	0.00495	0.00604	0.00636	0.00727	0.00456	0.00448	0.00793	0.01116	0.01472	0.21048	0.30980	0.24508	0.08660	0.04787	0.00244	0.00346	0.01120	0.00472	0.00430
2	0.01350	0.01252	0.09060	0.03533	0.30509	0.01120	0.04644	0.05650	0.03158	0.11641	0.03066	0.01357	0.00955	0.00543	0.00607	0.00152	0.08097	0.00457	0.00332	0.12518
3	0.61868	0.00854	0.00700	0.00643	0.00871	0.00968	0.00487	0.01295	0.00838	0.01937	0.00967	0.01539	0.00922	0.23262	0.00959	0.00253	0.00425	0.00409	0.00316	0.00487
4	0.01397	0.01070	0.01174	0.01010	0.01284	0.01178	0.00791	0.35074	0.22981	0.02423	0.04835	0.20901	0.01826	0.00894	0.00553	0.00173	0.00444	0.00753	0.00509	0.00731
5	0.73945	0.00944	0.00770	0.00693	0.00994	0.01071	0.00562	0.01512	0.00919	0.07122	0.00956	0.06921	0.00813	0.00571	0.00355	0.00162	0.00392	0.00381	0.00350	0.00566
6	0.01147	0.01071	0.01762	0.09644	0.55420	0.01067	0.01340	0.01423	0.01124	0.01600	0.01174	0.10692	0.01099	0.00590	0.00513	0.00153	0.00558	0.00560	0.00283	0.08780
7	0.27862	0.01091	0.01464	0.23678	0.15961	0.01244	0.04760	0.10640	0.01168	0.01936	0.00891	0.01153	0.00694	0.00521	0.00518	0.00165	0.04900	0.00408	0.00297	0.00652

[dist]
# distance from previous block
# <min> <max>
22	88

[block]
# block no. 6 follows, 48 sequences, length 53
# corresponding to MSA columns:
# 1169-1221
name=unknown_G
#
# <colnr> <probs for GDERKNQSTAVLIFYWHMCP>
#	G	D	E	R	K	N	Q	S	T	A	V	L	I	F	Y	W	H	M	C	P
0	0.03927	0.01094	0.12169	0.02972	0.01343	0.00835	0.00841	0.03668	0.09613	0.19508	0.05340	0.04712	0.10154	0.02560	0.00551	0.00158	0.00446	0.02438	0.00437	0.17234
1	0.03845	0.00944	0.04177	0.00888	0.01204	0.02206	0.04190	0.09781	0.02487	0.12513	0.17749	0.02343	0.12527	0.00868	0.03604	0.00172	0.01977	0.00621	0.00445	0.17458
2	0.04250	0.11154	0.07286	0.00994	0.01372	0.03758	0.00876	0.10972	0.15393	0.24253	0.04017	0.01517	0.01187	0.00607	0.00509	0.00151	0.02852	0.00467	0.03210	0.05176
3	0.11406	0.05070	0.03295	0.00990	0.01363	0.04586	0.00826	0.23702	0.14286	0.16789	0.04757	0.01459	0.01165	0.00601	0.00474	0.00150	0.00485	0.00461	0.00468	0.07668
4	0.13929	0.17279	0.05712	0.00948	0.01305	0.09322	0.00826	0.09898	0.09764	0.07925	0.03742	0.01379	0.02063	0.02566	0.04538	0.00183	0.00567	0.00419	0.00363	0.07271
5	0.44135	0.04362	0.01122	0.03727	0.01285	0.01105	0.03206	0.08354	0.01208	0.23001	0.03295	0.01235	0.00912	0.00546	0.00413	0.00157	0.00450	0.00393	0.00418	0.00676
6	0.01422	0.15267	0.13692	0.01068	0.02677	0.02342	0.00987	0.11631	0.13698	0.10888	0.01234	0.01267	0.00927	0.00535	0.00481	0.00137	0.02603	0.00407	0.00374	0.18364
7	0.00753	0.00538	0.00697	0.00690	0.00726	0.00588	0.00468	0.00829	0.00779	0.01080	0.01491	0.02755	0.01597	0.48382	0.33325	0.00619	0.03355	0.00659	0.00294	0.00377
8	0.01156	0.01694	0.33282	0.01290	0.05185	0.01160	0.02191	0.05381	0.26385	0.03372	0.09232	0.01715	0.02384	0.00640	0.00546	0.00167	0.02568	0.00524	0.00379	0.00748
9	0.01385	0.77960	0.02615	0.00895	0.01325	0.04178	0.00879	0.01581	0.03036	0.01233	0.00751	0.00854	0.00682	0.00448	0.00338	0.00112	0.00556	0.00284	0.00229	0.00661
10	0.00849	0.00787	0.07163	0.00844	0.03502	0.00651	0.00667	0.01222	0.10689	0.04251	0.31669	0.18174	0.15381	0.01073	0.00589	0.00173	0.00336	0.00937	0.00492	0.00549
11	0.01356	0.00937	0.01192	0.01030	0.08770	0.00762	0.00737	0.01606	0.02523	0.18445	0.01179	0.01247	0.00890	0.00448	0.00424	0.00103	0.00415	0.00370	0.00375	0.57191
12	0.01355	0.01171	0.01008	0.00941	0.01145	0.24639	0.00704	0.01502	0.01254	0.14979	0.06897	0.29619	0.02085	0.00980	0.00551	0.00165	0.00521	0.03498	0.00433	0.06552
13	0.01811	0.01589	0.01447	0.01184	0.01540	0.18452	0.00947	0.46261	0.17008	0.02593	0.01305	0.01300	0.00963	0.00613	0.00504	0.00153	0.00611	0.00457	0.00461	0.00801
14	0.04536	0.01975	0.01501	0.01397	0.07047	0.50482	0.03914	0.08859	0.07190	0.04137	0.00993	0.01098	0.00783	0.00537	0.00475	0.00140	0.00778	0.00384	0.00321	0.03453
15	0.00811	0.00585	0.00804	0.00914	0.01036	0.00579	0.00795	0.01039	0.01180	0.01525	0.02900	0.05725	0.08544	0.01409	0.00701	0.00232	0.00457	0.69823	0.00473	0.00470
16	0.00982	0.00925	0.01562	0.77414	0.06754	0.01143	0.01431	0.01322	0.01032	0.01327	0.00914	0.01364	0.00690	0.00511	0.00513	0.00170	0.00681	0.00456	0.00229	0.00580
17	0.01270	0.01219	0.02083	0.03149	0.78767	0.01219	0.01575	0.01575	0.01168	0.01676	0.00965	0.01270	0.00813	0.00457	0.00508	0.00152	0.00610	0.00457	0.00254	0.00813
18	0.00672	0.00535	0.00604	0.00585	0.00739	0.00474	0.00439	0.00879	0.03024	0.01686	0.35988	0.04404	0.45779	0.01180	0.00604	0.00168	0.00256	0.01006	0.00515	0.00463
19	0.00641	0.00545	0.00556	0.00549	0.00724	0.00472	0.00413	0.00833	0.04465	0.01453	0.08807	0.04752	0.71500	0.01261	0.00603	0.00173	0.00265	0.01053	0.00483	0.00452
20	0.02259	0.00943	0.01234	0.00946	0.01345	0.00858	0.00782	0.11740	0.01586	0.69718	0.01926	0.01683	0.01221	0.00633	0.00516	0.00158	0.00452	0.00509	0.00620	0.00873
21	0.04061	0.01214	0.01862	0.08148	0.54605	0.01269	0.01394	0.12623	0.06362	0.01928	0.01066	0.01300	0.00854	0.00501	0.00504	0.00156	0.00588	0.00460	0.00310	0.00796
22	0.00969	0.00912	0.01539	0.80734	0.03534	0.01140	0.01425	0.01311	0.01026	0.01311	0.00912	0.01368	0.00684	0.00513	0.00513	0.00171	0.00684	0.00456	0.00228	0.00570
23	0.00625	0.00447	0.00595	0.00714	0.00744	0.00417	0.00476	0.00714	0.00982	0.01310	0.02828	0.81633	0.03394	0.01608	0.00655	0.00208	0.00298	0.01459	0.00476	0.00417
24	0.01433	0.01090	0.01182	0.01034	0.01343	0.01227	0.00813	0.06131	0.64987	0.11640	0.02041	0.01862	0.01498	0.00685	0.00521	0.00171	0.00417	0.00567	0.00536	0.00822
25	0.01526	0.04070	0.33415	0.01342	0.01898	0.01057	0.14329	0.01921	0.01235	0.29793	0.01355	0.01429	0.00930	0.02685	0.00570	0.00170	0.00647	0.00475	0.00379	0.00774
26	0.01963	0.01417	0.01527	0.01171	0.01581	0.01561	0.00967	0.74367	0.02378	0.05970	0.01260	0.01250	0.00887	0.00617	0.00513	0.00154	0.00560	0.00464	0.00518	0.00873
27	0.01225	0.01168	0.01987	0.10904	0.68678	0.01191	0.01536	0.01532	0.01154	0.01635	0.01016	0.01425	0.00869	0.00494	0.00515	0.00157	0.00613	0.02866	0.00258	0.00777
28	0.01478	0.00971	0.01564	0.15053	0.02862	0.00963	0.16276	0.09164	0.01413	0.25719	0.15108	0.04016	0.01712	0.00668	0.00553	0.00165	0.00543	0.00615	0.00455	0.00702
29	0.01251	0.16758	0.19119	0.01143	0.01562	0.03670	0.04916	0.06121	0.29992	0.01773	0.01392	0.01537	0.01107	0.06712	0.00638	0.00181	0.00566	0.00477	0.00359	0.00724
30	0.00813	0.00575	0.00745	0.03552	0.00906	0.00546	0.00536	0.01096	0.04369	0.05160	0.64792	0.03657	0.09257	0.01015	0.00595	0.00163	0.00274	0.00891	0.00548	0.00513
31	0.01064	0.00912	0.01064	0.00760	0.01216	0.00684	0.00608	0.01292	0.01064	0.01672	0.00912	0.01064	0.00760	0.00380	0.00380	0.00076	0.00380	0.00304	0.00304	0.85104
32	0.01122	0.01105	0.01533	0.01317	0.01327	0.01535	0.01095	0.01271	0.02689	0.01275	0.00735	0.01163	0.00712	0.00885	0.01620	0.00220	0.76908	0.00453	0.02469	0.00565
33	0.01306	0.00925	0.01078	0.00929	0.01113	0.03874	0.01828	0.17476	0.05323	0.11293	0.01542	0.07900	0.01423	0.21855	0.09454	0.00323	0.08654	0.00627	0.02481	0.00595
34	0.00734	0.00546	0.00807	0.00807	0.00892	0.00632	0.00619	0.00905	0.00819	0.01178	0.01391	0.02107	0.01322	0.09157	0.74679	0.00802	0.01315	0.00563	0.00277	0.00448
35	0.01518	0.01003	0.04690	0.00959	0.01271	0.00963	0.00795	0.10235	0.25226	0.25527	0.12144	0.07792	0.01962	0.00791	0.00543	0.00169	0.00421	0.02696	0.00542	0.00754
36	0.01762	0.04512	0.01465	0.01126	0.01494	0.06626	0.00918	0.49735	0.17299	0.05001	0.03864	0.01431	0.01128	0.00634	0.00508	0.00155	0.00542	0.00486	0.00493	0.00822
37	0.04134	0.00670	0.00856	0.00786	0.00992	0.00626	0.05563	0.03561	0.02708	0.05813	0.12277	0.04238	0.38757	0.01136	0.00606	0.00182	0.00368	0.15738	0.00476	0.00514
38	0.01362	0.38355	0.21516	0.01073	0.01561	0.05545	0.01118	0.07094	0.06976	0.04900	0.02979	0.01129	0.00877	0.00510	0.00420	0.00135	0.00593	0.00368	0.00294	0.03194
39	0.00931	0.00510	0.00566	0.00544	0.00679	0.00489	0.00411	0.01162	0.01199	0.05206	0.22325	0.02606	0.07109	0.00763	0.00446	0.00136	0.00250	0.00637	0.53538	0.00494
40	0.01084	0.05519	0.52221	0.06978	0.02104	0.01161	0.05501	0.01616	0.04379	0.04137	0.01033	0.01226	0.00765	0.00714	0.05701	0.00202	0.00749	0.00413	0.00254	0.04243
41	0.00622	0.00494	0.00560	0.00600	0.00717	0.00431	0.00428	0.00746	0.01123	0.01409	0.09892	0.32753	0.45629	0.01393	0.00624	0.00185	0.00272	0.01208	0.00483	0.00431
42	0.01411	0.78810	0.02625	0.00879	0.01317	0.01976	0.00873	0.01577	0.01061	0.04525	0.00769	0.00862	0.00685	0.00447	0.00337	0.00112	0.00544	0.00285	0.00237	0.00668
43	0.08966	0.07683	0.09892	0.03345	0.01556	0.28450	0.00999	0.05680	0.01343	0.22047	0.01139	0.01180	0.00823	0.00561	0.00515	0.00149	0.04213	0.00391	0.00368	0.00699
44	0.02671	0.00543	0.00637	0.00643	0.00778	0.00496	0.00471	0.00941	0.03332	0.04928	0.23754	0.25953	0.30462	0.01255	0.00607	0.00179	0.00281	0.01091	0.00504	0.00474
45	0.00893	0.00624	0.00771	0.00836	0.00944	0.03158	0.00644	0.03510	0.01150	0.06737	0.02676	0.43455	0.04805	0.01402	0.00651	0.00209	0.00394	0.26173	0.00480	0.00488
46	0.01661	0.01094	0.01721	0.04608	0.34812	0.01068	0.06200	0.07868	0.02305	0.29261	0.01424	0.03390	0.01045	0.00564	0.00522	0.00158	0.00554	0.00514	0.00418	0.00813
47	0.00663	0.00468	0.00608	0.00701	0.00735	0.00445	0.00472	0.00752	0.00971	0.01296	0.05107	0.60390	0.03148	0.15381	0.00993	0.00258	0.00342	0.06412	0.00451	0.00405
48	0.00969	0.00912	0.01539	0.80734	0.03534	0.01140	0.01425	0.01311	0.01026	0.01311	0.00912	0.01368	0.00684	0.00513	0.00513	0.00171	0.00684	0.00456	0.00228	0.00570
49	0.01380	0.01191	0.02047	0.02740	0.60291	0.01184	0.08282	0.01678	0.01195	0.10694	0.01086	0.01331	0.00858	0.00490	0.00557	0.00157	0.03264	0.00477	0.00298	0.00801
50	0.01217	0.03607	0.17573	0.14625	0.08609	0.03227	0.22306	0.03436	0.09997	0.04188	0.01111	0.01341	0.00837	0.00528	0.00593	0.00168	0.05144	0.00490	0.00291	0.00709
51	0.00637	0.00457	0.00602	0.00714	0.00752	0.00427	0.00485	0.00732	0.00993	0.01315	0.02883	0.73158	0.06236	0.03668	0.00706	0.00216	0.00309	0.04820	0.00472	0.00417
52	0.01415	0.01112	0.01670	0.03219	0.34634	0.06167	0.07859	0.02997	0.01269	0.17070	0.05450	0.08884	0.01422	0.00674	0.00542	0.00164	0.00566	0.03775	0.00381	0.00730

[dist]
# distance from previous block
# <min> <max>
0	17

[block]
# block no. 7 follows, 48 sequences, length 27
# corresponding to MSA columns:
# 1239-1265
name=unknown_H
#
# <colnr> <probs for GDERKNQSTAVLIFYWHMCP>
#	G	D	E	R	K	N	Q	S	T	A	V	L	I	F	Y	W	H	M	C	P
0	0.01546	0.24366	0.07571	0.05164	0.10296	0.06183	0.09894	0.01830	0.02911	0.21248	0.01233	0.03520	0.00943	0.00541	0.00471	0.00147	0.00598	0.00455	0.00351	0.00730
1	0.01020	0.00931	0.01284	0.01267	0.08299	0.01172	0.00919	0.01225	0.05728	0.01351	0.05559	0.05657	0.01409	0.15746	0.01526	0.00261	0.42413	0.03392	0.00302	0.00540
2	0.41725	0.29144	0.05674	0.00810	0.01208	0.01426	0.00756	0.03715	0.01006	0.01857	0.00759	0.00876	0.00624	0.00459	0.00342	0.00134	0.00472	0.00290	0.00283	0.08440
3	0.06244	0.00653	0.00784	0.00699	0.00886	0.00623	0.00538	0.04673	0.03574	0.06418	0.56107	0.03252	0.07174	0.00935	0.00563	0.00157	0.00291	0.00806	0.00532	0.05090
4	0.01516	0.01375	0.01858	0.02546	0.55560	0.14147	0.01368	0.01778	0.01256	0.12071	0.01080	0.01277	0.00849	0.00493	0.00502	0.00150	0.00638	0.00444	0.00307	0.00785
5	0.00729	0.00542	0.00686	0.00638	0.00780	0.00488	0.00480	0.00959	0.01405	0.01969	0.67150	0.03821	0.12445	0.01044	0.00595	0.00159	0.00250	0.00915	0.00543	0.04403
6	0.12342	0.01351	0.01407	0.01105	0.01493	0.01507	0.00908	0.60732	0.09204	0.03017	0.01247	0.01245	0.00897	0.00606	0.00490	0.00156	0.00529	0.00450	0.00490	0.00827
7	0.00695	0.00517	0.00651	0.00665	0.00781	0.00474	0.00502	0.00886	0.01279	0.01726	0.41286	0.18154	0.19665	0.01242	0.00626	0.00181	0.00282	0.09409	0.00520	0.00460
8	0.01917	0.02445	0.01454	0.01322	0.01586	0.79907	0.00991	0.02049	0.01454	0.01256	0.00793	0.00925	0.00661	0.00529	0.00463	0.00132	0.00925	0.00330	0.00264	0.00595
9	0.01372	0.82276	0.02689	0.00878	0.01317	0.02030	0.00878	0.01536	0.01043	0.01207	0.00713	0.00823	0.00658	0.00439	0.00329	0.00110	0.00549	0.00274	0.00219	0.00658
10	0.00710	0.00495	0.00592	0.00620	0.00659	0.00477	0.00399	0.00779	0.00934	0.01246	0.11333	0.21484	0.08092	0.44541	0.01696	0.00356	0.00403	0.04412	0.00398	0.00372
11	0.00656	0.00509	0.00598	0.00604	0.00731	0.00450	0.00442	0.00823	0.01246	0.01634	0.33327	0.18208	0.36415	0.01257	0.00615	0.00175	0.00260	0.01090	0.00511	0.00450
12	0.00639	0.00492	0.00584	0.00621	0.00728	0.00438	0.00443	0.00777	0.01157	0.01498	0.19690	0.34349	0.34010	0.01366	0.00625	0.00184	0.00271	0.01196	0.00495	0.00438
13	0.01201	0.01149	0.01959	0.20842	0.61610	0.01201	0.01541	0.01515	0.01136	0.01593	0.00953	0.01292	0.00783	0.00470	0.00509	0.00157	0.00627	0.00457	0.00248	0.00757
14	0.01978	0.00947	0.01154	0.00904	0.01256	0.00917	0.00741	0.21112	0.01638	0.46428	0.01763	0.01646	0.01178	0.00624	0.00488	0.00151	0.00434	0.00496	0.15342	0.00804
15	0.01311	0.00748	0.00901	0.00763	0.00992	0.00733	0.00602	0.14700	0.01553	0.18156	0.34568	0.02581	0.02738	0.00802	0.00524	0.00152	0.00338	0.00676	0.16530	0.00632
16	0.07536	0.00899	0.01174	0.00906	0.01299	0.00806	0.00749	0.04827	0.01461	0.71853	0.01916	0.01672	0.01212	0.00624	0.00503	0.00159	0.00438	0.00499	0.00611	0.00853
17	0.00819	0.00590	0.00789	0.00924	0.05300	0.00583	0.00652	0.05472	0.01138	0.01550	0.02512	0.46367	0.02826	0.01358	0.00630	0.00203	0.00373	0.20718	0.06711	0.00486
18	0.02264	0.00935	0.01229	0.00942	0.01340	0.00845	0.00778	0.10609	0.01571	0.70869	0.01938	0.01690	0.01227	0.00633	0.00516	0.00158	0.00451	0.00510	0.00622	0.00873
19	0.00625	0.00447	0.00595	0.00714	0.00744	0.00417	0.00476	0.00714	0.00982	0.01310	0.02828	0.81633	0.03394	0.01608	0.00655	0.00208	0.00298	0.01459	0.00476	0.00417
20	0.00955	0.00890	0.01491	0.76185	0.03377	0.01103	0.01372	0.01292	0.01050	0.01353	0.05319	0.01508	0.00920	0.00543	0.00518	0.00170	0.00659	0.00483	0.00247	0.00565
21	0.01406	0.73367	0.06727	0.00911	0.01365	0.01913	0.00926	0.01596	0.01069	0.05655	0.00799	0.00890	0.00693	0.00453	0.00348	0.00115	0.00554	0.00294	0.00243	0.00676
22	0.00754	0.00558	0.00736	0.00703	0.00815	0.00545	0.00541	0.00983	0.01376	0.01941	0.65684	0.03875	0.04389	0.03382	0.00722	0.00181	0.04013	0.07788	0.00533	0.00482
23	0.06387	0.00917	0.01044	0.00755	0.01202	0.00713	0.00605	0.01306	0.01052	0.01712	0.00900	0.01049	0.00747	0.00386	0.00376	0.00081	0.00381	0.00302	0.00305	0.79780
24	0.05005	0.02215	0.57681	0.08023	0.08683	0.01180	0.04650	0.01615	0.01092	0.03844	0.00950	0.01141	0.00685	0.00489	0.00489	0.00162	0.00718	0.00400	0.00239	0.00739
25	0.01619	0.00723	0.00967	0.00793	0.01073	0.00636	0.00634	0.01832	0.01451	0.45917	0.32101	0.02688	0.05671	0.00823	0.00554	0.00160	0.00354	0.00699	0.00601	0.00704
26	0.01917	0.02445	0.01454	0.01322	0.01586	0.79907	0.00991	0.02049	0.01454	0.01256	0.00793	0.00925	0.00661	0.00529	0.00463	0.00132	0.00925	0.00330	0.00264	0.00595

[dist]
# distance from previous block
# <min> <max>
0	11

[block]
# block no. 8 follows, 48 sequences, length 78
# corresponding to MSA columns:
# 1277-1354
name=unknown_I
#
# <colnr> <probs for GDERKNQSTAVLIFYWHMCP>
#	G	D	E	R	K	N	Q	S	T	A	V	L	I	F	Y	W	H	M	C	P
0	0.01113	0.03697	0.01226	0.02411	0.02361	0.00898	0.04037	0.05535	0.02738	0.05719	0.03067	0.15276	0.02859	0.00753	0.00642	0.00144	0.10863	0.02100	0.00362	0.34200
1	0.03331	0.01837	0.01584	0.01401	0.05001	0.43331	0.09860	0.13377	0.01467	0.01637	0.00971	0.01181	0.00792	0.00957	0.10784	0.00231	0.00896	0.00416	0.00304	0.00640
2	0.04336	0.14474	0.08881	0.03092	0.12555	0.02788	0.01010	0.13087	0.02860	0.09952	0.01067	0.01166	0.00817	0.00489	0.00440	0.00129	0.00529	0.00383	0.00344	0.21602
3	0.04664	0.04857	0.01490	0.01125	0.01508	0.01467	0.02571	0.48421	0.18859	0.07585	0.01426	0.01386	0.01028	0.00618	0.00503	0.00157	0.00522	0.00480	0.00498	0.00835
4	0.00688	0.00523	0.00633	0.00605	0.00743	0.00468	0.00454	0.00894	0.01362	0.01843	0.55100	0.04186	0.28371	0.01129	0.00606	0.00165	0.00248	0.00977	0.00537	0.00468
5	0.03080	0.80627	0.02650	0.00874	0.01310	0.02012	0.00871	0.01536	0.01039	0.01229	0.00713	0.00823	0.00656	0.00440	0.00329	0.00111	0.00546	0.00274	0.00221	0.00656
6	0.00643	0.00521	0.00570	0.00558	0.00715	0.00449	0.00419	0.00807	0.01256	0.01591	0.27544	0.04601	0.56084	0.01223	0.00606	0.00170	0.00254	0.01036	0.00503	0.00449
7	0.01974	0.01524	0.01502	0.01178	0.01569	0.11674	0.00960	0.61517	0.02215	0.08900	0.01237	0.01232	0.00876	0.00606	0.00507	0.00152	0.00601	0.00449	0.00491	0.00837
8	0.00720	0.00524	0.00677	0.00639	0.00763	0.00481	0.00479	0.00956	0.01437	0.02021	0.74492	0.03893	0.08868	0.01063	0.00605	0.00162	0.00243	0.00936	0.00560	0.00481
9	0.02302	0.00873	0.01191	0.00913	0.01310	0.00754	0.00754	0.02501	0.01469	0.79122	0.02024	0.01746	0.01270	0.00635	0.00516	0.00159	0.00437	0.00516	0.00635	0.00873
10	0.00726	0.00524	0.00686	0.00646	0.00767	0.00484	0.00484	0.00968	0.01452	0.02058	0.78496	0.03833	0.04841	0.01049	0.00605	0.00161	0.00242	0.00928	0.00565	0.00484
11	0.02257	0.00946	0.01236	0.00948	0.01346	0.00863	0.00783	0.12162	0.01591	0.69288	0.01922	0.01680	0.01219	0.00633	0.00516	0.00158	0.00453	0.00509	0.00619	0.00873
12	0.01194	0.00988	0.01054	0.00952	0.01220	0.01107	0.00739	0.02368	0.61250	0.04554	0.07427	0.02394	0.10944	0.00789	0.00537	0.00173	0.00379	0.00661	0.00523	0.00748
13	0.01377	0.13207	0.01361	0.00831	0.01271	0.00958	0.00697	0.06462	0.01217	0.14775	0.01091	0.01154	0.00838	0.00447	0.00404	0.00100	0.00427	0.00346	0.00361	0.52677
14	0.05038	0.11779	0.01479	0.01046	0.01408	0.07626	0.00861	0.23658	0.23863	0.15745	0.01497	0.01427	0.01087	0.00607	0.00481	0.00153	0.00516	0.00464	0.00472	0.00793
15	0.85592	0.00992	0.00754	0.00675	0.00992	0.01151	0.00556	0.01508	0.00873	0.02302	0.00714	0.00834	0.00556	0.00476	0.00318	0.00159	0.00397	0.00278	0.00318	0.00556
16	0.00625	0.00447	0.00595	0.00714	0.00744	0.00417	0.00476	0.00714	0.00982	0.01310	0.02828	0.81633	0.03394	0.01608	0.00655	0.00208	0.00298	0.01459	0.00476	0.00417
17	0.00606	0.00520	0.00520	0.00520	0.00693	0.00433	0.00390	0.00736	0.01170	0.01386	0.05198	0.04938	0.78558	0.01299	0.00606	0.00173	0.00260	0.01083	0.00476	0.00433
18	0.01276	0.01102	0.01160	0.01044	0.01334	0.01276	0.00812	0.02727	0.77840	0.02146	0.02088	0.01914	0.01566	0.00696	0.00522	0.00174	0.00406	0.00580	0.00522	0.00812
19	0.01064	0.00912	0.01064	0.00760	0.01216	0.00684	0.00608	0.01292	0.01064	0.01672	0.00912	0.01064	0.00760	0.00380	0.00380	0.00076	0.00380	0.00304	0.00304	0.85104
20	0.00609	0.00510	0.00530	0.00545	0.00700	0.00431	0.00401	0.00734	0.01145	0.01376	0.04891	0.14876	0.68818	0.01339	0.00613	0.00178	0.00265	0.01132	0.00476	0.00431
21	0.00702	0.00514	0.00659	0.00643	0.00757	0.00471	0.00474	0.00914	0.01365	0.01898	0.61828	0.14018	0.11555	0.01145	0.00612	0.00169	0.00251	0.01011	0.00545	0.00471
22	0.01098	0.00937	0.01185	0.11352	0.07527	0.00882	0.00811	0.04769	0.11053	0.01690	0.01198	0.01580	0.01027	0.07938	0.00645	0.00153	0.00462	0.02537	0.00333	0.42824
23	0.10109	0.18041	0.01973	0.04660	0.24915	0.15765	0.07721	0.05056	0.01204	0.01605	0.00861	0.01076	0.00717	0.00493	0.00499	0.00146	0.03813	0.00391	0.00266	0.00688
24	0.01172	0.00763	0.00923	0.00808	0.01028	0.00769	0.00629	0.06698	0.17757	0.14223	0.45084	0.02923	0.03319	0.00880	0.00567	0.00163	0.00329	0.00758	0.00563	0.00641
25	0.01384	0.60234	0.06626	0.01077	0.01541	0.01775	0.10908	0.01611	0.01095	0.06269	0.00856	0.00975	0.00715	0.00452	0.00387	0.00123	0.00590	0.00340	0.00253	0.02790
26	0.07396	0.01258	0.04994	0.06719	0.21768	0.05502	0.09944	0.05767	0.12495	0.17013	0.01327	0.01418	0.00970	0.00542	0.00507	0.00160	0.00587	0.00481	0.00384	0.00766
27	0.00823	0.00675	0.00942	0.10223	0.09696	0.00703	0.00753	0.01146	0.10978	0.01466	0.02387	0.49100	0.05143	0.01223	0.00605	0.00193	0.00393	0.02591	0.00429	0.00531
28	0.81881	0.00989	0.00789	0.04186	0.01104	0.01151	0.00594	0.01500	0.00880	0.02259	0.00723	0.00857	0.00561	0.00478	0.00326	0.00159	0.00410	0.00286	0.00314	0.00556
29	0.00630	0.00450	0.00599	0.00711	0.00745	0.00420	0.00477	0.00725	0.01003	0.01342	0.06117	0.78250	0.03457	0.01583	0.00653	0.00206	0.00295	0.01436	0.00480	0.00420
30	0.02951	0.01112	0.01267	0.01084	0.03999	0.01190	0.00838	0.38320	0.11983	0.12147	0.10823	0.08744	0.01703	0.00760	0.00535	0.00163	0.00465	0.00624	0.00520	0.00771
31	0.28237	0.04702	0.14851	0.01121	0.01552	0.05256	0.08804	0.12326	0.06269	0.08854	0.02769	0.01210	0.00871	0.00535	0.00449	0.00158	0.00565	0.00412	0.00361	0.00698
32	0.00634	0.00510	0.00565	0.00575	0.00716	0.00441	0.00422	0.00781	0.01199	0.01512	0.19895	0.16443	0.51915	0.01295	0.00614	0.00176	0.00262	0.01109	0.00495	0.00441
33	0.04749	0.01991	0.01438	0.01237	0.01551	0.47477	0.00960	0.25625	0.06733	0.01971	0.01013	0.01083	0.00783	0.00565	0.00477	0.00143	0.00760	0.00386	0.00361	0.00695
34	0.08705	0.11230	0.01613	0.11954	0.05307	0.07249	0.05849	0.12395	0.07416	0.21387	0.01290	0.01338	0.00924	0.00554	0.00477	0.00153	0.00569	0.00444	0.00406	0.00738
35	0.01169	0.04719	0.09347	0.01634	0.22892	0.01107	0.05966	0.01795	0.22927	0.04992	0.03442	0.02112	0.14302	0.00687	0.00527	0.00163	0.00507	0.00603	0.00385	0.00725
36	0.00749	0.00528	0.00658	0.00670	0.00747	0.00509	0.00487	0.00890	0.01107	0.01499	0.28376	0.04139	0.07556	0.32133	0.01396	0.00307	0.00391	0.17002	0.00442	0.00412
37	0.01092	0.00946	0.01555	0.27509	0.32303	0.01015	0.01301	0.01384	0.01131	0.04186	0.01428	0.04441	0.01337	0.00728	0.00559	0.00179	0.00589	0.17355	0.00314	0.00650
38	0.06663	0.43794	0.34548	0.01109	0.01673	0.01623	0.01282	0.01572	0.01049	0.01452	0.00800	0.00932	0.00648	0.00462	0.00395	0.00135	0.00626	0.00318	0.00225	0.00694
39	0.00625	0.00448	0.00593	0.00709	0.00743	0.00417	0.00474	0.00715	0.00987	0.01312	0.02890	0.79624	0.05362	0.01599	0.00654	0.00207	0.00297	0.01449	0.00476	0.00417
40	0.01479	0.00694	0.00910	0.00760	0.01022	0.00609	0.00604	0.01685	0.01424	0.39535	0.31722	0.02959	0.12653	0.00880	0.00562	0.00162	0.00339	0.00747	0.00588	0.00667
41	0.37791	0.01113	0.01108	0.00934	0.01264	0.02428	0.02789	0.13300	0.21573	0.09379	0.01286	0.01286	0.00947	0.00578	0.00457	0.00163	0.02055	0.00421	0.00426	0.00705
42	0.01008	0.00952	0.01609	0.70680	0.13283	0.01150	0.01444	0.01345	0.01044	0.01358	0.00919	0.01355	0.00701	0.00506	0.00512	0.00169	0.00674	0.00456	0.00231	0.00601
43	0.02257	0.00946	0.01236	0.00948	0.01346	0.00863	0.00783	0.12162	0.01591	0.69288	0.01922	0.01680	0.01219	0.00633	0.00516	0.00158	0.00453	0.00509	0.00619	0.00873
44	0.01042	0.00987	0.01671	0.61894	0.21802	0.01159	0.01461	0.01375	0.01061	0.01400	0.00925	0.01344	0.00715	0.00499	0.00512	0.00166	0.00666	0.00456	0.00234	0.00629
45	0.01374	0.17403	0.14867	0.01379	0.03297	0.02604	0.23061	0.01689	0.01193	0.16736	0.01444	0.07195	0.04249	0.00605	0.00513	0.00157	0.00631	0.00558	0.00343	0.00702
46	0.39917	0.01741	0.01138	0.03290	0.01372	0.41872	0.00806	0.01782	0.01178	0.01733	0.00761	0.00896	0.00614	0.00504	0.00398	0.00145	0.00678	0.00310	0.00287	0.00576
47	0.01260	0.01216	0.02095	0.05153	0.74629	0.01219	0.03717	0.01570	0.01166	0.01666	0.00966	0.01276	0.00808	0.00458	0.00511	0.00153	0.00619	0.00461	0.00253	0.00803
48	0.00625	0.00447	0.00595	0.00714	0.00744	0.00417	0.00476	0.00714	0.00982	0.01310	0.02828	0.81633	0.03394	0.01608	0.00655	0.00208	0.00298	0.01459	0.00476	0.00417
