[name]
unknown

[dist]
# distance from previous block
# <min> <max>
35	341

[block]
# block no. 0 follows, 42 sequences, length 15
# corresponding to MSA columns:
# 510-524
name=unknown_A
#
# <colnr> <probs for GDERKNQSTAVLIFYWHMCP>
#	G	D	E	R	K	N	Q	S	T	A	V	L	I	F	Y	W	H	M	C	P
0	0.12913	0.04422	0.05066	0.03673	0.11247	0.05661	0.02084	0.11081	0.10253	0.25720	0.01542	0.01525	0.01087	0.00624	0.00525	0.00172	0.00577	0.00494	0.00484	0.00850
1	0.07407	0.00723	0.00938	0.06656	0.06882	0.00736	0.00668	0.01229	0.02470	0.07714	0.14905	0.12443	0.02441	0.28062	0.01423	0.03038	0.00476	0.00829	0.00431	0.00529
2	0.01459	0.01214	0.01867	0.25731	0.22737	0.01317	0.06807	0.11797	0.09223	0.07755	0.01326	0.01611	0.01013	0.02936	0.00638	0.00190	0.00666	0.00542	0.00374	0.00798
3	0.01461	0.21135	0.14379	0.04840	0.03600	0.07114	0.01156	0.05720	0.17208	0.06025	0.05398	0.01605	0.01276	0.02953	0.00629	0.00177	0.03675	0.00497	0.00382	0.00771
4	0.06968	0.07893	0.32331	0.01225	0.01751	0.01254	0.01307	0.08572	0.08641	0.10751	0.01481	0.07269	0.01218	0.06084	0.00690	0.00202	0.00632	0.00561	0.00390	0.00780
5	0.01059	0.00730	0.00821	0.00818	0.00939	0.06460	0.00586	0.01149	0.01227	0.09525	0.16544	0.31869	0.08680	0.01451	0.00930	0.14748	0.00409	0.01060	0.00493	0.00503
6	0.08051	0.07366	0.07508	0.22210	0.12818	0.01341	0.02539	0.13034	0.04574	0.05088	0.07024	0.01719	0.01270	0.00643	0.00543	0.00175	0.00624	0.02344	0.00376	0.00753
7	0.10650	0.09957	0.32048	0.03520	0.05524	0.03424	0.01373	0.03616	0.01194	0.03289	0.02798	0.03492	0.00984	0.00868	0.06469	0.00222	0.02709	0.00459	0.00301	0.07104
8	0.07404	0.01157	0.07039	0.01042	0.01444	0.01023	0.00892	0.02420	0.22507	0.33709	0.02021	0.07495	0.01508	0.00748	0.00550	0.00176	0.00478	0.00615	0.00562	0.07210
9	0.01203	0.00618	0.00842	0.00783	0.00875	0.00606	0.00550	0.04049	0.01012	0.12230	0.05687	0.03801	0.01513	0.13127	0.04369	0.46824	0.00518	0.00606	0.00366	0.00420
10	0.03661	0.13232	0.01820	0.09367	0.05107	0.09940	0.10957	0.04602	0.03359	0.07071	0.06992	0.01833	0.01363	0.08133	0.07340	0.00264	0.03372	0.00557	0.00356	0.00673
11	0.01201	0.13211	0.59731	0.07173	0.02389	0.03485	0.01865	0.01756	0.01188	0.01684	0.00975	0.01168	0.00717	0.00531	0.00513	0.00170	0.00800	0.00405	0.00240	0.00797
12	0.00902	0.00628	0.00934	0.00917	0.01046	0.00590	0.06000	0.01071	0.01197	0.07366	0.11136	0.48332	0.06148	0.01686	0.06621	0.00267	0.00472	0.03642	0.00512	0.00532
13	0.07313	0.00755	0.00968	0.03289	0.11605	0.00771	0.00685	0.01211	0.05612	0.01699	0.18772	0.09045	0.05460	0.28846	0.01395	0.00311	0.00464	0.00834	0.00428	0.00537
14	0.44323	0.07372	0.01399	0.05279	0.09085	0.07606	0.03033	0.05408	0.02835	0.04411	0.00953	0.01106	0.00744	0.00536	0.00429	0.00165	0.00560	0.00376	0.00347	0.04033

[dist]
# distance from previous block
# <min> <max>
1	49

[block]
# block no. 1 follows, 42 sequences, length 6
# corresponding to MSA columns:
# 574-579
name=unknown_B
#
# <colnr> <probs for GDERKNQSTAVLIFYWHMCP>
#	G	D	E	R	K	N	Q	S	T	A	V	L	I	F	Y	W	H	M	C	P
0	0.00750	0.00551	0.00684	0.00724	0.00820	0.00510	0.00520	0.00907	0.01254	0.01671	0.24577	0.28042	0.17845	0.10846	0.00953	0.00247	0.00345	0.07753	0.00528	0.00474
1	0.01491	0.19863	0.11468	0.16599	0.13328	0.12734	0.01347	0.10399	0.01427	0.01787	0.03823	0.01321	0.00953	0.00569	0.00508	0.00159	0.00719	0.00444	0.00308	0.00753
2	0.01260	0.04416	0.23407	0.07010	0.29367	0.06355	0.06750	0.01651	0.01241	0.01699	0.01268	0.10624	0.01149	0.00667	0.00568	0.00177	0.00720	0.00603	0.00294	0.00775
3	0.01643	0.01430	0.08142	0.06042	0.23436	0.01378	0.05926	0.15782	0.08065	0.13183	0.01361	0.01505	0.01012	0.00634	0.00683	0.00181	0.07795	0.00526	0.00412	0.00861
4	0.00815	0.00825	0.07192	0.01099	0.09948	0.00647	0.00769	0.01021	0.01235	0.01642	0.12852	0.33497	0.23651	0.01338	0.00662	0.00200	0.00390	0.01181	0.00482	0.00554
5	0.08307	0.01185	0.01463	0.08394	0.07218	0.06937	0.05505	0.06784	0.13494	0.11306	0.07730	0.02003	0.01535	0.01048	0.07680	0.00250	0.04721	0.03264	0.00439	0.00737

[dist]
# distance from previous block
# <min> <max>
9	42

[block]
# block no. 2 follows, 42 sequences, length 6
# corresponding to MSA columns:
# 622-627
name=unknown_C
#
# <colnr> <probs for GDERKNQSTAVLIFYWHMCP>
#	G	D	E	R	K	N	Q	S	T	A	V	L	I	F	Y	W	H	M	C	P
0	0.01505	0.04001	0.33952	0.01609	0.11050	0.01257	0.03409	0.10558	0.03524	0.13132	0.03016	0.01434	0.01012	0.00579	0.00538	0.00166	0.00673	0.00476	0.00376	0.07730
1	0.11948	0.00797	0.01084	0.01170	0.10426	0.00838	0.00786	0.01409	0.01089	0.12714	0.06126	0.02106	0.01506	0.08229	0.32152	0.05143	0.00905	0.00582	0.00383	0.00607
2	0.06101	0.22084	0.12915	0.01599	0.13818	0.01553	0.06526	0.04449	0.16883	0.03715	0.01341	0.01571	0.01082	0.00607	0.00511	0.00167	0.00623	0.03294	0.00358	0.00802
3	0.43185	0.01333	0.06772	0.00934	0.01346	0.07401	0.00811	0.01886	0.05799	0.11074	0.01106	0.01176	0.00824	0.00547	0.00426	0.00159	0.00515	0.00374	0.00388	0.13943
4	0.01502	0.01194	0.01421	0.07077	0.01694	0.06648	0.06431	0.09714	0.20264	0.11644	0.01963	0.08513	0.04425	0.00795	0.00577	0.00175	0.00553	0.03727	0.00482	0.11202
5	0.11761	0.01396	0.07333	0.01473	0.09119	0.01429	0.05194	0.18212	0.18850	0.02387	0.06394	0.01649	0.01326	0.00707	0.00704	0.00186	0.10097	0.00546	0.00435	0.00801

[dist]
# distance from previous block
# <min> <max>
0	1

[block]
# block no. 3 follows, 42 sequences, length 8
# corresponding to MSA columns:
# 629-636
name=unknown_D
#
# <colnr> <probs for GDERKNQSTAVLIFYWHMCP>
#	G	D	E	R	K	N	Q	S	T	A	V	L	I	F	Y	W	H	M	C	P
0	0.02064	0.05565	0.17691	0.01234	0.01764	0.01165	0.04523	0.13166	0.01638	0.42819	0.01710	0.01607	0.01125	0.00638	0.00553	0.00172	0.00603	0.00516	0.00537	0.00910
1	0.00716	0.00533	0.00673	0.00764	0.00850	0.00490	0.00551	0.00854	0.01181	0.01535	0.07945	0.49346	0.20043	0.01625	0.00711	0.00221	0.00338	0.10623	0.00528	0.00473
2	0.00890	0.00654	0.00861	0.00906	0.01045	0.00651	0.00741	0.01245	0.07200	0.01933	0.30181	0.10060	0.03920	0.01357	0.00715	0.00221	0.00406	0.35904	0.00560	0.00548
3	0.01099	0.00773	0.00851	0.00790	0.00983	0.05183	0.00600	0.01360	0.04538	0.12013	0.34247	0.08547	0.20066	0.03552	0.00711	0.00195	0.00370	0.02966	0.00569	0.00587
4	0.00761	0.00574	0.00704	0.00671	0.00819	0.00516	0.00503	0.00994	0.01510	0.02060	0.57541	0.04527	0.24306	0.01224	0.00664	0.00180	0.00271	0.01063	0.00594	0.00516
5	0.01410	0.25881	0.15027	0.02208	0.32372	0.01628	0.07219	0.04825	0.01285	0.01741	0.00985	0.01217	0.00810	0.00506	0.00502	0.00157	0.00695	0.00439	0.00273	0.00822
6	0.15898	0.05217	0.27872	0.01471	0.02050	0.06952	0.16876	0.01799	0.04077	0.01896	0.01026	0.01218	0.00778	0.00516	0.00508	0.00165	0.00728	0.00439	0.00295	0.10217
7	0.01499	0.18356	0.29173	0.07465	0.03810	0.03748	0.04579	0.12250	0.05024	0.07237	0.01160	0.01285	0.00859	0.00566	0.00514	0.00165	0.00711	0.00444	0.00338	0.00815

[dist]
# distance from previous block
# <min> <max>
0	3

[block]
# block no. 4 follows, 42 sequences, length 26
# corresponding to MSA columns:
# 640-665
name=unknown_E
#
# <colnr> <probs for GDERKNQSTAVLIFYWHMCP>
#	G	D	E	R	K	N	Q	S	T	A	V	L	I	F	Y	W	H	M	C	P
0	0.07848	0.08572	0.07450	0.01340	0.05735	0.12404	0.01084	0.19726	0.25750	0.02352	0.01453	0.01464	0.01102	0.00642	0.00522	0.00169	0.00623	0.00488	0.00442	0.00833
1	0.01971	0.00974	0.01278	0.08109	0.01611	0.00934	0.00873	0.02437	0.14532	0.46648	0.02109	0.07656	0.01529	0.00758	0.00569	0.00177	0.00482	0.00634	0.00598	0.06121
2	0.00965	0.00495	0.00733	0.00733	0.00736	0.00498	0.00488	0.00745	0.00742	0.00993	0.01030	0.01817	0.01040	0.05624	0.04529	0.77296	0.00522	0.00507	0.00251	0.00257
3	0.01408	0.14156	0.44186	0.01543	0.02222	0.03380	0.12321	0.01899	0.01263	0.10807	0.01137	0.01277	0.00817	0.00539	0.00530	0.00170	0.00776	0.00452	0.00302	0.00815
4	0.01151	0.01194	0.05444	0.54614	0.18204	0.01283	0.07053	0.01538	0.01174	0.01561	0.01023	0.01466	0.00784	0.00543	0.00568	0.00183	0.00753	0.00509	0.00258	0.00698
5	0.00794	0.00580	0.00759	0.00809	0.00917	0.00561	0.00625	0.00986	0.01255	0.01678	0.20838	0.18246	0.12950	0.07596	0.07930	0.00305	0.00486	0.21683	0.00511	0.00490
6	0.07480	0.01376	0.03625	0.21546	0.02527	0.07013	0.20818	0.11056	0.01483	0.15661	0.01279	0.01478	0.00908	0.00575	0.00571	0.00179	0.00737	0.00531	0.00389	0.00769
7	0.01697	0.16320	0.19099	0.07688	0.12117	0.01363	0.03254	0.05847	0.01392	0.23876	0.01350	0.01418	0.00958	0.00576	0.00522	0.00165	0.00649	0.00468	0.00398	0.00845
8	0.01040	0.00960	0.01575	0.55945	0.03138	0.01140	0.05342	0.01465	0.06698	0.01526	0.01452	0.14523	0.01320	0.00772	0.00595	0.00195	0.00668	0.00701	0.00321	0.00624
9	0.00713	0.00504	0.00658	0.00771	0.00803	0.00477	0.00513	0.00804	0.01051	0.01400	0.02915	0.66440	0.03473	0.12475	0.01014	0.00273	0.00364	0.04411	0.00497	0.00444
10	0.01435	0.01145	0.01778	0.34637	0.17579	0.01265	0.05094	0.05291	0.12276	0.11771	0.01386	0.01616	0.01021	0.00598	0.00569	0.00181	0.00657	0.00538	0.00378	0.00783
11	0.01323	0.23953	0.48360	0.01486	0.05564	0.01565	0.01683	0.04768	0.01251	0.03755	0.00996	0.01146	0.00752	0.00529	0.00490	0.00161	0.00743	0.00396	0.00266	0.00813
12	0.02353	0.01060	0.01348	0.01052	0.01476	0.01001	0.00863	0.11360	0.10056	0.59941	0.02125	0.01869	0.01378	0.00702	0.00566	0.00175	0.00492	0.00567	0.00667	0.00950
13	0.01167	0.01000	0.01167	0.00834	0.01334	0.00750	0.00667	0.01417	0.01167	0.01834	0.01000	0.01167	0.00834	0.00417	0.00417	0.00083	0.00417	0.00333	0.00333	0.83663
14	0.00673	0.00557	0.00590	0.00610	0.00772	0.00474	0.00447	0.00812	0.01258	0.01530	0.07492	0.17707	0.62197	0.01473	0.00674	0.00196	0.00291	0.01251	0.00526	0.00474
15	0.00699	0.00575	0.00604	0.00616	0.00786	0.00496	0.00465	0.00841	0.01249	0.01503	0.05159	0.05372	0.64237	0.07322	0.00840	0.00223	0.00326	0.07709	0.00509	0.00469
16	0.01365	0.01542	0.11292	0.16483	0.07134	0.01354	0.40863	0.05178	0.01349	0.06112	0.01165	0.01484	0.00856	0.00521	0.00614	0.00185	0.00840	0.00583	0.00309	0.00771
17	0.27791	0.19265	0.09577	0.01090	0.01551	0.04214	0.03287	0.16340	0.01452	0.09127	0.01065	0.01141	0.00798	0.00561	0.00448	0.00161	0.00591	0.00393	0.00383	0.00765
18	0.00707	0.00554	0.00625	0.00652	0.00782	0.00490	0.00469	0.00846	0.01234	0.01556	0.13069	0.21115	0.43097	0.08663	0.00881	0.00232	0.00324	0.03719	0.00517	0.00467
19	0.00834	0.00600	0.00765	0.00848	0.00925	0.00588	0.00599	0.07570	0.01236	0.01646	0.02934	0.67630	0.03436	0.01649	0.00708	0.00225	0.00366	0.06408	0.00526	0.00507
20	0.09957	0.26767	0.16795	0.07462	0.10828	0.07691	0.03605	0.07666	0.01311	0.01805	0.00940	0.01128	0.00754	0.00528	0.00470	0.00156	0.00694	0.00396	0.00288	0.00759
21	0.07916	0.01055	0.01305	0.11512	0.04318	0.05065	0.00942	0.05481	0.01486	0.40242	0.02116	0.02286	0.06922	0.00770	0.00569	0.00181	0.00542	0.05947	0.00543	0.00800
22	0.13366	0.01146	0.01323	0.01050	0.01462	0.01165	0.00860	0.18839	0.11113	0.41010	0.01839	0.01676	0.01230	0.00677	0.00537	0.00175	0.00500	0.00526	0.00604	0.00902
23	0.10438	0.07518	0.13136	0.08751	0.23830	0.04563	0.09092	0.08472	0.05424	0.01993	0.01091	0.01316	0.00850	0.00543	0.00527	0.00171	0.00696	0.00472	0.00318	0.00798
24	0.01438	0.06571	0.05922	0.10820	0.26049	0.01311	0.16012	0.07188	0.01388	0.08736	0.03396	0.06159	0.01190	0.00627	0.00579	0.00176	0.00685	0.00602	0.00355	0.00796
25	0.01316	0.00735	0.00986	0.00982	0.06666	0.00661	0.00688	0.01532	0.01464	0.24118	0.28132	0.11410	0.16850	0.01083	0.00633	0.00183	0.00369	0.00938	0.00589	0.00666

[dist]
# distance from previous block
# <min> <max>
0	15

[block]
# block no. 5 follows, 42 sequences, length 57
# corresponding to MSA columns:
# 681-737
name=unknown_F
#
# <colnr> <probs for GDERKNQSTAVLIFYWHMCP>
#	G	D	E	R	K	N	Q	S	T	A	V	L	I	F	Y	W	H	M	C	P
0	0.01455	0.00745	0.00977	0.00848	0.01094	0.00685	0.00660	0.01767	0.06003	0.29553	0.38088	0.10202	0.03516	0.01018	0.00628	0.00182	0.00360	0.00883	0.00636	0.00702
1	0.18419	0.01290	0.01767	0.15451	0.33678	0.06353	0.03570	0.01811	0.03153	0.07749	0.01104	0.01351	0.00858	0.00543	0.00516	0.00172	0.00646	0.00465	0.00329	0.00773
2	0.05821	0.28150	0.19408	0.11613	0.04088	0.04467	0.07569	0.01823	0.03678	0.06936	0.01055	0.01228	0.00814	0.00535	0.00485	0.00159	0.00698	0.00422	0.00297	0.00755
3	0.01381	0.01274	0.01999	0.16287	0.48653	0.01355	0.01540	0.06275	0.11908	0.01944	0.01241	0.01510	0.00988	0.00560	0.00561	0.00174	0.00648	0.00521	0.00333	0.00848
4	0.00839	0.00576	0.00726	0.00723	0.00857	0.00522	0.00533	0.01036	0.01394	0.05752	0.38842	0.21984	0.17911	0.02629	0.00711	0.00200	0.00307	0.03361	0.00575	0.00522
5	0.23880	0.12858	0.04348	0.07865	0.05806	0.02716	0.07179	0.15635	0.10697	0.02290	0.01150	0.01279	0.00882	0.00575	0.00483	0.00169	0.00600	0.00445	0.00379	0.00764
6	0.01379	0.58013	0.08623	0.01068	0.01488	0.01957	0.01060	0.01594	0.01093	0.01363	0.00862	0.01082	0.00786	0.00883	0.07603	0.00211	0.09632	0.00359	0.00247	0.00699
7	0.01714	0.00847	0.01172	0.07742	0.05548	0.00786	0.00829	0.01952	0.02661	0.40208	0.08035	0.13039	0.11126	0.00943	0.00605	0.00185	0.00452	0.00808	0.00583	0.00766
8	0.07636	0.01113	0.01612	0.13354	0.12036	0.01187	0.09637	0.06417	0.17044	0.07239	0.14938	0.02074	0.01850	0.00705	0.00578	0.00181	0.00561	0.00631	0.00449	0.00758
9	0.01129	0.02911	0.77306	0.01604	0.02436	0.01307	0.02079	0.01782	0.01188	0.01782	0.01010	0.01188	0.00713	0.00535	0.00535	0.00178	0.00832	0.00416	0.00238	0.00832
10	0.01452	0.69743	0.13308	0.01052	0.01582	0.02099	0.01118	0.01699	0.01150	0.01388	0.00814	0.00943	0.00721	0.00489	0.00385	0.00128	0.00634	0.00317	0.00240	0.00737
11	0.01730	0.00777	0.01042	0.00866	0.01153	0.00689	0.00683	0.01950	0.01544	0.42764	0.29446	0.06494	0.02967	0.04408	0.00710	0.00194	0.00396	0.00791	0.00644	0.00751
12	0.01058	0.01049	0.04007	0.44219	0.08565	0.01128	0.09253	0.01442	0.04057	0.01554	0.01481	0.16835	0.01390	0.00790	0.00603	0.00194	0.00673	0.00736	0.00321	0.00644
13	0.01093	0.02716	0.71122	0.01538	0.02305	0.01238	0.01954	0.01702	0.01179	0.01754	0.01179	0.07535	0.00956	0.00634	0.00549	0.00182	0.00791	0.00511	0.00261	0.00801
14	0.01418	0.00836	0.01141	0.01133	0.07974	0.00847	0.00785	0.01668	0.05090	0.23770	0.10688	0.06686	0.04927	0.14397	0.09490	0.00325	0.06927	0.00735	0.00489	0.00674
15	0.00962	0.00489	0.00729	0.00736	0.00737	0.00487	0.00490	0.00736	0.00751	0.01001	0.01087	0.05741	0.01119	0.01945	0.02123	0.79326	0.00480	0.00546	0.00259	0.00255
16	0.01137	0.02857	0.74424	0.01634	0.02455	0.01311	0.04907	0.01783	0.01194	0.01783	0.01015	0.01201	0.00718	0.00532	0.00540	0.00179	0.00836	0.00426	0.00239	0.00829
17	0.01400	0.01209	0.01273	0.01145	0.01463	0.01400	0.00891	0.02990	0.75695	0.02354	0.02291	0.02100	0.01718	0.00764	0.00573	0.00191	0.00445	0.00636	0.00573	0.00891
18	0.02139	0.01576	0.01689	0.01295	0.01745	0.01745	0.01070	0.74835	0.02646	0.03547	0.01351	0.01351	0.00957	0.00676	0.00563	0.00169	0.00619	0.00507	0.00563	0.00957
19	0.01328	0.01518	0.03321	0.02372	0.02941	0.01423	0.74668	0.01803	0.01328	0.01803	0.01139	0.01518	0.00854	0.00474	0.00664	0.00190	0.00949	0.00664	0.00285	0.00759
20	0.01999	0.02511	0.01610	0.01453	0.01709	0.68951	0.01104	0.02142	0.01508	0.01375	0.00854	0.01040	0.00727	0.00628	0.00666	0.00157	0.10256	0.00378	0.00285	0.00648
21	0.01167	0.01000	0.01167	0.00834	0.01334	0.00750	0.00667	0.01417	0.01167	0.01834	0.01000	0.01167	0.00834	0.00417	0.00417	0.00083	0.00417	0.00333	0.00333	0.83663
22	0.00872	0.00508	0.00704	0.00737	0.00776	0.00489	0.00509	0.00776	0.00906	0.01181	0.02148	0.18457	0.11754	0.01824	0.01617	0.51081	0.00430	0.04546	0.00353	0.00333
23	0.00778	0.00575	0.00726	0.00688	0.00829	0.00523	0.00516	0.01026	0.01549	0.02152	0.66355	0.04376	0.15435	0.01190	0.00664	0.00179	0.00268	0.01042	0.00606	0.00523
24	0.00804	0.00603	0.00904	0.00904	0.01005	0.00703	0.00703	0.01005	0.00904	0.01306	0.01507	0.02211	0.01407	0.04221	0.77992	0.00904	0.01507	0.00603	0.00301	0.00502
25	0.01142	0.01103	0.01932	0.59322	0.16269	0.01280	0.07929	0.01519	0.01170	0.01538	0.01022	0.01483	0.00783	0.00545	0.00570	0.00184	0.00753	0.00515	0.00258	0.00682
26	0.01123	0.00637	0.00823	0.00815	0.00990	0.00574	0.00623	0.01295	0.01317	0.18032	0.11093	0.30665	0.17455	0.01373	0.00677	0.00208	0.00371	0.10774	0.00570	0.00585
27	0.02011	0.01496	0.01615	0.01263	0.01684	0.01664	0.01036	0.65231	0.08450	0.03335	0.01435	0.01456	0.01042	0.00865	0.04557	0.00209	0.00651	0.00522	0.00550	0.00928
28	0.02174	0.01520	0.01654	0.01268	0.01717	0.01662	0.01048	0.68280	0.02552	0.10235	0.01430	0.01402	0.00997	0.00677	0.00563	0.00169	0.00606	0.00512	0.00575	0.00957
29	0.01027	0.00635	0.00775	0.00720	0.00916	0.00562	0.00554	0.01228	0.01432	0.13843	0.30785	0.06099	0.30819	0.03378	0.00716	0.00197	0.00329	0.04831	0.00581	0.00571
30	0.00830	0.00576	0.00829	0.00825	0.00906	0.00633	0.00615	0.00943	0.00939	0.01322	0.08057	0.02512	0.03934	0.09621	0.50148	0.14765	0.01114	0.00654	0.00329	0.00448
31	0.01481	0.75793	0.07514	0.01002	0.01505	0.02170	0.01031	0.01691	0.01146	0.01352	0.00796	0.00920	0.00722	0.00485	0.00372	0.00124	0.00616	0.00308	0.00241	0.00729
32	0.26734	0.05544	0.08175	0.01053	0.01457	0.01371	0.00926	0.08048	0.30038	0.08874	0.01555	0.01518	0.01148	0.00642	0.00488	0.00178	0.00502	0.00481	0.00466	0.00802
33	0.00738	0.00531	0.00692	0.00759	0.00833	0.00496	0.00536	0.00891	0.01236	0.01673	0.24091	0.45736	0.07668	0.05641	0.00816	0.00230	0.00331	0.06084	0.00540	0.00477
34	0.01090	0.00842	0.00919	0.00864	0.01009	0.00922	0.00607	0.03869	0.30355	0.01690	0.02024	0.03124	0.01944	0.42715	0.01791	0.00381	0.00507	0.04316	0.00447	0.00584
35	0.38087	0.01122	0.01217	0.00974	0.01378	0.01169	0.03154	0.12617	0.01466	0.31518	0.01433	0.01384	0.00971	0.00610	0.00474	0.00174	0.00495	0.00447	0.00512	0.00799
36	0.01129	0.02911	0.77306	0.01604	0.02436	0.01307	0.02079	0.01782	0.01188	0.01782	0.01010	0.01188	0.00713	0.00535	0.00535	0.00178	0.00832	0.00416	0.00238	0.00832
37	0.01637	0.07633	0.01531	0.01182	0.01549	0.04095	0.00953	0.22835	0.47042	0.02572	0.01863	0.01761	0.01395	0.00711	0.00551	0.00178	0.00525	0.00565	0.00534	0.00888
38	0.01408	0.16417	0.33667	0.01220	0.01847	0.01303	0.01351	0.04605	0.01280	0.10525	0.01120	0.01221	0.00832	0.00521	0.00479	0.00144	0.00641	0.00396	0.00327	0.20696
39	0.01086	0.01328	0.18421	0.01231	0.01574	0.00998	0.07031	0.04434	0.12508	0.01787	0.01996	0.07290	0.01931	0.09898	0.05952	0.00293	0.00674	0.20498	0.00412	0.00658
40	0.24546	0.01116	0.01241	0.00990	0.01398	0.01138	0.00814	0.15101	0.05756	0.39801	0.01682	0.01555	0.01122	0.00649	0.00507	0.00174	0.00490	0.00489	0.00572	0.00859
41	0.00976	0.00854	0.04916	0.12477	0.04996	0.00768	0.00840	0.01309	0.05654	0.06239	0.19567	0.05294	0.28306	0.01079	0.00633	0.00188	0.00429	0.04381	0.00490	0.00602
42	0.08747	0.00955	0.01250	0.00971	0.01389	0.00850	0.00800	0.02601	0.01560	0.68798	0.04655	0.01917	0.01467	0.00699	0.00553	0.00174	0.00468	0.00561	0.00667	0.00916
43	0.00894	0.00761	0.03392	0.00763	0.00979	0.00675	0.00608	0.01314	0.12988	0.04288	0.22627	0.08296	0.36741	0.01218	0.00647	0.00189	0.00336	0.02151	0.00551	0.00582
44	0.01330	0.01108	0.01845	0.45392	0.27841	0.01234	0.01538	0.01675	0.01230	0.09725	0.01151	0.01509	0.00866	0.00557	0.00561	0.00179	0.00694	0.00508	0.00308	0.00750
45	0.01123	0.02757	0.71206	0.07838	0.02552	0.01302	0.02038	0.01754	0.01183	0.01754	0.01009	0.01213	0.00716	0.00537	0.00537	0.00179	0.00825	0.00423	0.00239	0.00815
46	0.00694	0.00536	0.00624	0.00674	0.00783	0.00476	0.00472	0.00821	0.01201	0.01530	0.10838	0.36439	0.35654	0.05606	0.00801	0.00223	0.00314	0.01326	0.00522	0.00466
47	0.01084	0.01042	0.01820	0.72698	0.03801	0.01264	0.07461	0.01467	0.01142	0.01467	0.01011	0.01502	0.00759	0.00556	0.00571	0.00188	0.00766	0.00513	0.00253	0.00636
48	0.01117	0.03919	0.07898	0.54359	0.13041	0.01267	0.03274	0.01497	0.01174	0.01550	0.03406	0.01600	0.02386	0.00582	0.00560	0.00182	0.00722	0.00520	0.00270	0.00677
49	0.01408	0.00722	0.00943	0.00894	0.01097	0.00675	0.00665	0.01684	0.08053	0.28561	0.02713	0.44931	0.02707	0.01291	0.00651	0.00206	0.00392	0.01143	0.00589	0.00675
50	0.01431	0.65372	0.17494	0.01088	0.01638	0.02047	0.01181	0.01704	0.01152	0.01414	0.00827	0.00959	0.00720	0.00492	0.00395	0.00132	0.00647	0.00323	0.00240	0.00744
51	0.01167	0.01000	0.01167	0.00834	0.01334	0.00750	0.00667	0.01417	0.01167	0.01834	0.01000	0.01167	0.00834	0.00417	0.00417	0.00083	0.00417	0.00333	0.00333	0.83663
52	0.01627	0.29783	0.12797	0.07467	0.01872	0.07211	0.01192	0.18475	0.08316	0.04508	0.01152	0.01244	0.00889	0.00579	0.00484	0.00155	0.00662	0.00424	0.00363	0.00801
53	0.00818	0.00546	0.00614	0.00614	0.00614	0.00546	0.00341	0.00818	0.00818	0.01091	0.01773	0.03683	0.02046	0.80222	0.02864	0.00546	0.00546	0.00818	0.00341	0.00341
54	0.01367	0.23569	0.04084	0.00987	0.01332	0.05681	0.00853	0.16170	0.08238	0.01977	0.06230	0.09353	0.16195	0.00890	0.00542	0.00166	0.00517	0.00709	0.00439	0.00701
55	0.07510	0.00796	0.07675	0.00849	0.01015	0.00636	0.00700	0.01037	0.01199	0.01729	0.16663	0.38451	0.07148	0.03934	0.00734	0.00221	0.00394	0.08294	0.00495	0.00521
56	0.07930	0.09705	0.60831	0.01448	0.02190	0.01364	0.01801	0.01808	0.01185	0.05340	0.01028	0.01174	0.00737	0.00536	0.00505	0.00172	0.00762	0.00404	0.00268	0.00810

[dist]
# distance from previous block
# <min> <max>
0	1

[block]
# block no. 6 follows, 42 sequences, length 30
# corresponding to MSA columns:
# 739-768
name=unknown_G
#
# <colnr> <probs for GDERKNQSTAVLIFYWHMCP>
#	G	D	E	R	K	N	Q	S	T	A	V	L	I	F	Y	W	H	M	C	P
0	0.01399	0.19895	0.19184	0.01211	0.02532	0.06216	0.04194	0.01888	0.10115	0.09507	0.14720	0.01966	0.01790	0.00699	0.00535	0.00166	0.00603	0.02223	0.00405	0.00752
1	0.00921	0.00498	0.00705	0.00719	0.00722	0.00495	0.00468	0.00752	0.00782	0.01043	0.01326	0.10029	0.01434	0.14809	0.02157	0.61430	0.00482	0.00657	0.00289	0.00282
2	0.01184	0.01100	0.01798	0.34387	0.33277	0.01212	0.01474	0.01599	0.05962	0.01706	0.05382	0.05931	0.01284	0.00648	0.00575	0.00181	0.00647	0.00598	0.00318	0.00737
3	0.01455	0.30424	0.22643	0.08497	0.02876	0.08527	0.01324	0.05249	0.01279	0.05860	0.01032	0.01218	0.00819	0.00782	0.05600	0.00202	0.00770	0.00404	0.00291	0.00749
4	0.07710	0.17683	0.18529	0.02171	0.02884	0.15322	0.02230	0.10849	0.05548	0.07799	0.01123	0.01219	0.00854	0.00587	0.00534	0.00162	0.03245	0.00418	0.00351	0.00780
5	0.00776	0.00574	0.00733	0.00751	0.00878	0.00530	0.00575	0.00996	0.01415	0.01917	0.41569	0.15999	0.16573	0.01354	0.00691	0.00200	0.00320	0.13068	0.00572	0.00509
6	0.07007	0.01548	0.17673	0.01634	0.13550	0.01223	0.07852	0.13402	0.04975	0.12687	0.11272	0.01800	0.01534	0.00660	0.00565	0.00176	0.00615	0.00569	0.00437	0.00820
7	0.03454	0.08624	0.43492	0.01478	0.04499	0.09659	0.01595	0.01873	0.07591	0.02836	0.01122	0.01302	0.00860	0.00807	0.05498	0.00219	0.03592	0.00437	0.00288	0.00778
8	0.04070	0.04056	0.07477	0.05254	0.01527	0.04487	0.00971	0.13518	0.10902	0.07862	0.12499	0.04260	0.07369	0.02601	0.02755	0.00210	0.08340	0.00660	0.00462	0.00720
9	0.00866	0.00672	0.00766	0.00752	0.00890	0.00670	0.00536	0.01271	0.14963	0.01758	0.21235	0.15803	0.19476	0.16536	0.01082	0.00262	0.00367	0.01037	0.00520	0.00537
10	0.04075	0.00582	0.00745	0.00771	0.00886	0.00546	0.00552	0.01100	0.01276	0.08839	0.24117	0.44902	0.03765	0.01400	0.00663	0.00203	0.00325	0.01247	0.03472	0.00534
11	0.01134	0.00972	0.01127	0.00816	0.01296	0.00732	0.00651	0.01377	0.01175	0.01813	0.01311	0.01448	0.05839	0.00483	0.00433	0.00090	0.00408	0.00390	0.00346	0.78159
12	0.13760	0.01355	0.05991	0.01337	0.05165	0.07116	0.10942	0.09298	0.01394	0.15239	0.01371	0.05786	0.01112	0.04253	0.00691	0.00186	0.03990	0.00546	0.00412	0.10057
13	0.00785	0.00571	0.00701	0.00700	0.00807	0.00533	0.00508	0.00960	0.01308	0.01767	0.36254	0.08125	0.16433	0.19349	0.01181	0.00274	0.00362	0.08385	0.00524	0.00473
14	0.00747	0.00552	0.00696	0.00764	0.00860	0.00512	0.00563	0.00906	0.01231	0.01619	0.16085	0.34692	0.18378	0.05882	0.00827	0.00235	0.00354	0.14089	0.00528	0.00478
15	0.01380	0.13915	0.18496	0.11049	0.16254	0.04179	0.06862	0.09640	0.05455	0.01877	0.01318	0.01508	0.04464	0.00591	0.00535	0.00168	0.00701	0.00500	0.00320	0.00789
16	0.02068	0.12969	0.01451	0.00958	0.01326	0.00981	0.00801	0.02228	0.01413	0.51594	0.01944	0.05808	0.01426	0.00873	0.00716	0.08668	0.00492	0.02907	0.00567	0.00810
17	0.00834	0.00558	0.00713	0.00730	0.00763	0.00578	0.00488	0.00877	0.00879	0.01189	0.01794	0.06392	0.01974	0.46558	0.18088	0.09081	0.00728	0.07045	0.00345	0.00385
18	0.00733	0.00532	0.00698	0.00794	0.00868	0.00498	0.00574	0.00882	0.01198	0.01594	0.13386	0.52229	0.09777	0.01620	0.00715	0.00223	0.00344	0.12321	0.00535	0.00478
19	0.01264	0.06869	0.11481	0.42092	0.12102	0.09192	0.06024	0.01638	0.01214	0.01538	0.00989	0.01359	0.00764	0.00543	0.00545	0.00175	0.00780	0.00472	0.00258	0.00701
20	0.70413	0.01107	0.00933	0.00803	0.01167	0.01250	0.00662	0.06608	0.01136	0.10221	0.00968	0.01046	0.00713	0.00550	0.00385	0.00174	0.00452	0.00345	0.00398	0.00668
21	0.01622	0.36216	0.05782	0.08288	0.09072	0.25787	0.02728	0.01851	0.01303	0.01431	0.00874	0.01064	0.00744	0.00524	0.00458	0.00143	0.00769	0.00370	0.00261	0.00714
22	0.01365	0.00991	0.01135	0.05229	0.01387	0.01048	0.00797	0.19603	0.16880	0.08560	0.06626	0.15756	0.16177	0.01040	0.00616	0.00189	0.00448	0.00879	0.00547	0.00727
23	0.01299	0.01279	0.01796	0.24727	0.33604	0.09006	0.01422	0.01649	0.03881	0.01665	0.01242	0.05864	0.01096	0.00637	0.00562	0.00173	0.00680	0.03087	0.00307	0.06025
24	0.01472	0.21734	0.09989	0.01508	0.10637	0.03081	0.08616	0.02067	0.17748	0.09451	0.05030	0.03643	0.01341	0.00640	0.00528	0.00166	0.00608	0.00544	0.00396	0.00801
25	0.00684	0.00496	0.00646	0.00766	0.00812	0.00459	0.00515	0.00786	0.01094	0.01443	0.03310	0.73882	0.09560	0.01736	0.00714	0.00225	0.00323	0.01567	0.00522	0.00459
26	0.01367	0.05757	0.07072	0.06674	0.64507	0.01380	0.01700	0.01715	0.01261	0.01788	0.01038	0.01358	0.00864	0.00505	0.00545	0.00166	0.00679	0.00485	0.00273	0.00866
27	0.08953	0.01125	0.01486	0.01473	0.15634	0.02053	0.05999	0.06222	0.04831	0.01984	0.01298	0.09314	0.01169	0.00619	0.00503	0.00141	0.00516	0.00541	0.00366	0.35773
28	0.00913	0.00522	0.00758	0.00756	0.00793	0.00536	0.00528	0.00812	0.00843	0.01143	0.05379	0.02181	0.05005	0.04479	0.17569	0.55904	0.00677	0.00583	0.00292	0.00326
29	0.00870	0.00618	0.00744	0.00801	0.00901	0.00622	0.00587	0.01173	0.09450	0.01616	0.02801	0.31073	0.07687	0.13763	0.01008	0.00266	0.00400	0.14805	0.10306	0.00508

[dist]
# distance from previous block
# <min> <max>
0	1

[block]
# block no. 7 follows, 42 sequences, length 22
# corresponding to MSA columns:
# 770-791
name=unknown_H
#
# <colnr> <probs for GDERKNQSTAVLIFYWHMCP>
#	G	D	E	R	K	N	Q	S	T	A	V	L	I	F	Y	W	H	M	C	P
0	0.46486	0.01327	0.01171	0.00983	0.01357	0.05813	0.00800	0.22914	0.07892	0.04810	0.01121	0.01175	0.00833	0.00595	0.00445	0.00172	0.00524	0.00402	0.00436	0.00746
1	0.01225	0.22700	0.58357	0.01441	0.02183	0.01541	0.01795	0.01757	0.01177	0.01665	0.00952	0.01115	0.00715	0.00521	0.00490	0.00163	0.00773	0.00387	0.00238	0.00804
2	0.31535	0.07871	0.01338	0.00970	0.01330	0.01243	0.00816	0.05153	0.01296	0.32268	0.01379	0.01369	0.00963	0.00647	0.00614	0.00177	0.09338	0.00439	0.00476	0.00774
3	0.01595	0.00739	0.00978	0.00856	0.01114	0.00668	0.00684	0.01825	0.01479	0.35241	0.21143	0.09153	0.02769	0.00980	0.00604	0.00183	0.00391	0.08262	0.10626	0.00712
4	0.08945	0.00677	0.00902	0.00960	0.04509	0.00750	0.00685	0.01077	0.00943	0.01438	0.01597	0.02705	0.01594	0.19201	0.44638	0.00669	0.01080	0.06801	0.00332	0.00499
5	0.02001	0.01548	0.01675	0.11310	0.09858	0.18902	0.03783	0.17243	0.01715	0.24255	0.01414	0.01470	0.00996	0.00620	0.00554	0.00168	0.00702	0.00495	0.00460	0.00831
6	0.01339	0.01167	0.02019	0.37647	0.15327	0.01269	0.15158	0.01817	0.07781	0.09004	0.01268	0.01579	0.00940	0.00567	0.00582	0.00184	0.00721	0.00549	0.00333	0.00750
7	0.00739	0.00552	0.00672	0.00702	0.00809	0.00504	0.00504	0.00900	0.01276	0.01689	0.25999	0.25414	0.23392	0.09097	0.00899	0.00235	0.00329	0.05278	0.00534	0.00477
8	0.01991	0.01644	0.05054	0.01423	0.08869	0.25522	0.01061	0.07871	0.01555	0.27860	0.01472	0.01533	0.01067	0.01028	0.09259	0.00246	0.00811	0.00487	0.00450	0.00797
9	0.05653	0.01180	0.07157	0.01097	0.01445	0.01099	0.00961	0.14687	0.02644	0.28684	0.03099	0.02426	0.07348	0.03137	0.00794	0.00202	0.09487	0.07586	0.00526	0.00787
10	0.01522	0.04513	0.34470	0.01203	0.01757	0.01041	0.01319	0.03314	0.01409	0.25278	0.12431	0.02072	0.05757	0.00723	0.00565	0.00175	0.00599	0.00589	0.00457	0.00807
11	0.00838	0.00611	0.00669	0.00654	0.00837	0.00536	0.00489	0.02623	0.01305	0.06287	0.08233	0.11344	0.54171	0.05846	0.00789	0.00213	0.00329	0.03186	0.00529	0.00511
12	0.01160	0.01158	0.03931	0.47703	0.15804	0.01268	0.08618	0.01631	0.07056	0.01623	0.01199	0.04245	0.00963	0.00600	0.00577	0.00186	0.00719	0.00563	0.00293	0.00704
13	0.01425	0.03012	0.27159	0.01278	0.01755	0.01006	0.06386	0.01859	0.04806	0.20998	0.01934	0.14339	0.01700	0.00889	0.00606	0.00195	0.00613	0.08826	0.00450	0.00766
14	0.01093	0.01059	0.01872	0.70260	0.03771	0.01270	0.09790	0.01479	0.01148	0.01479	0.01016	0.01502	0.00762	0.00553	0.00574	0.00188	0.00773	0.00519	0.00254	0.00640
15	0.01292	0.01497	0.12449	0.02814	0.50943	0.01264	0.09868	0.01678	0.01304	0.01867	0.08382	0.01652	0.01292	0.00566	0.00576	0.00172	0.00683	0.00558	0.00307	0.00833
16	0.01815	0.01329	0.06292	0.09237	0.13697	0.01243	0.11883	0.13424	0.06659	0.26242	0.01564	0.01619	0.01089	0.00613	0.00577	0.00177	0.00643	0.00551	0.00472	0.00874
17	0.01266	0.11681	0.61532	0.01516	0.02256	0.08858	0.01856	0.01816	0.01223	0.01691	0.00971	0.01139	0.00715	0.00533	0.00512	0.00168	0.00823	0.00398	0.00243	0.00802
18	0.77211	0.01077	0.00868	0.00762	0.01118	0.01225	0.00628	0.01747	0.01014	0.08905	0.00906	0.01000	0.00676	0.00537	0.00367	0.00174	0.00439	0.00327	0.00378	0.00639
19	0.00757	0.00569	0.00785	0.08353	0.01130	0.00560	0.00637	0.00931	0.01225	0.01654	0.21439	0.48508	0.05853	0.01475	0.00690	0.00212	0.00358	0.03847	0.00520	0.00495
20	0.01165	0.03986	0.07471	0.06708	0.09034	0.01035	0.14483	0.01614	0.07747	0.06203	0.26421	0.02602	0.05650	0.00875	0.02361	0.00195	0.00575	0.00735	0.00446	0.00696
21	0.00809	0.00588	0.00770	0.00818	0.00927	0.00571	0.00638	0.01005	0.01257	0.01683	0.21136	0.14076	0.11300	0.10315	0.07077	0.00310	0.00489	0.25235	0.00508	0.00489

[dist]
# distance from previous block
# <min> <max>
0	1

[block]
# block no. 8 follows, 42 sequences, length 8
# corresponding to MSA columns:
# 793-800
name=unknown_I
#
# <colnr> <probs for GDERKNQSTAVLIFYWHMCP>
#	G	D	E	R	K	N	Q	S	T	A	V	L	I	F	Y	W	H	M	C	P
0	0.01505	0.80561	0.02949	0.00963	0.01444	0.02227	0.00963	0.01685	0.01143	0.01324	0.00782	0.00903	0.00722	0.00481	0.00361	0.00120	0.00602	0.00301	0.00241	0.00722
1	0.01570	0.04651	0.09639	0.01214	0.06319	0.03296	0.01001	0.06679	0.12551	0.16112	0.01437	0.01460	0.01062	0.00563	0.00499	0.00141	0.00531	0.00453	0.00433	0.30387
2	0.01631	0.01876	0.01790	0.05605	0.05718	0.34654	0.07394	0.01946	0.07811	0.01519	0.00995	0.01260	0.00837	0.00700	0.00922	0.00186	0.23710	0.00464	0.00299	0.00683
3	0.00749	0.00569	0.00689	0.00668	0.00814	0.00509	0.00498	0.00966	0.01466	0.01977	0.49840	0.08820	0.27842	0.01272	0.00667	0.00184	0.00275	0.01104	0.00583	0.00509
4	0.00795	0.00600	0.00748	0.00839	0.00916	0.00602	0.00579	0.01123	0.12555	0.01578	0.02977	0.67894	0.03414	0.01609	0.00696	0.00223	0.00345	0.01452	0.00530	0.00524
5	0.18750	0.24341	0.06720	0.01065	0.01526	0.01632	0.00977	0.24120	0.01630	0.12602	0.01167	0.01198	0.00861	0.00582	0.00459	0.00157	0.00571	0.00408	0.00423	0.00810
6	0.00835	0.00647	0.00655	0.00638	0.00834	0.00607	0.00483	0.01193	0.11161	0.01740	0.04522	0.04352	0.52450	0.01193	0.00602	0.00179	0.00302	0.00990	0.16079	0.00540
7	0.04509	0.13738	0.28317	0.11909	0.06876	0.01388	0.01474	0.09659	0.01346	0.01878	0.01302	0.01982	0.01133	0.00696	0.00546	0.00181	0.00690	0.11303	0.00325	0.00749

[dist]
# distance from previous block
# <min> <max>
0	2

[block]
# block no. 9 follows, 42 sequences, length 11
# corresponding to MSA columns:
# 803-813
name=unknown_J
#
# <colnr> <probs for GDERKNQSTAVLIFYWHMCP>
#	G	D	E	R	K	N	Q	S	T	A	V	L	I	F	Y	W	H	M	C	P
0	0.01662	0.15330	0.07755	0.03707	0.03838	0.34529	0.08896	0.03944	0.01369	0.01514	0.00931	0.01167	0.00779	0.00743	0.03938	0.00193	0.08310	0.00422	0.00280	0.00693
1	0.05319	0.00814	0.00971	0.00850	0.01086	0.00810	0.00674	0.13301	0.01658	0.13262	0.35302	0.05394	0.03229	0.00969	0.00598	0.00177	0.00379	0.05264	0.09281	0.00662
2	0.01291	0.09518	0.44578	0.01568	0.02222	0.06178	0.11342	0.01987	0.12474	0.01804	0.01191	0.01333	0.00885	0.00559	0.00540	0.00174	0.00779	0.00468	0.00298	0.00810
3	0.00713	0.00557	0.00647	0.00657	0.00798	0.00491	0.00480	0.00889	0.01349	0.01753	0.29100	0.19082	0.38680	0.01396	0.00675	0.00193	0.00286	0.01208	0.00555	0.00491
4	0.01038	0.00770	0.01155	0.01013	0.01215	0.00740	0.10406	0.01230	0.01256	0.10557	0.08404	0.26308	0.23454	0.01264	0.00762	0.00205	0.06448	0.02699	0.00497	0.00580
5	0.06833	0.01357	0.12020	0.01205	0.01701	0.01082	0.06175	0.12021	0.01632	0.47424	0.01780	0.01655	0.01159	0.00646	0.00556	0.00175	0.00577	0.00529	0.00567	0.00907
6	0.01676	0.00743	0.00952	0.00810	0.01085	0.00664	0.00638	0.01893	0.01443	0.38711	0.12327	0.09849	0.07534	0.00901	0.00564	0.00172	0.00376	0.00759	0.18176	0.00727
7	0.01414	0.01633	0.14658	0.02100	0.20938	0.01461	0.15300	0.11433	0.11029	0.02049	0.01221	0.01447	0.00950	0.00623	0.00747	0.00187	0.11103	0.00535	0.00344	0.00829
8	0.01311	0.00755	0.01023	0.00874	0.01141	0.00656	0.03749	0.01520	0.01393	0.22978	0.19696	0.18664	0.11913	0.01065	0.00618	0.00178	0.00387	0.00934	0.00561	0.10584
9	0.05109	0.31609	0.20976	0.01113	0.01559	0.01497	0.01173	0.01521	0.01182	0.01612	0.06154	0.02162	0.07035	0.00767	0.00597	0.00171	0.06083	0.08676	0.00322	0.00683
10	0.05308	0.35181	0.25345	0.01159	0.01729	0.03709	0.01252	0.01807	0.04336	0.05277	0.01011	0.01122	0.00800	0.00518	0.00443	0.00143	0.00644	0.00369	0.00292	0.09557

[dist]
# distance from previous block
# <min> <max>
0	8

[block]
# block no. 10 follows, 42 sequences, length 19
# corresponding to MSA columns:
# 822-840
name=unknown_K
#
# <colnr> <probs for GDERKNQSTAVLIFYWHMCP>
#	G	D	E	R	K	N	Q	S	T	A	V	L	I	F	Y	W	H	M	C	P
0	0.24511	0.03722	0.02063	0.05479	0.02050	0.01331	0.30506	0.01694	0.01173	0.06026	0.01185	0.01705	0.00983	0.00643	0.00686	0.00194	0.08762	0.06263	0.00336	0.00686
1	0.08623	0.03874	0.01634	0.01221	0.01659	0.07896	0.07082	0.26989	0.01842	0.25814	0.01475	0.01450	0.01021	0.00621	0.00534	0.00163	0.00608	0.00492	0.00515	0.06485
2	0.01167	0.01000	0.01167	0.00834	0.01334	0.00750	0.00667	0.01417	0.01167	0.01834	0.01000	0.01167	0.00834	0.00417	0.00417	0.00083	0.00417	0.00333	0.00333	0.83663
3	0.00959	0.00655	0.00758	0.00718	0.00924	0.00591	0.00559	0.01227	0.05454	0.10047	0.21291	0.04644	0.41858	0.01256	0.00658	0.00191	0.00329	0.06750	0.00567	0.00567
4	0.00702	0.00559	0.00605	0.00614	0.00755	0.00489	0.00438	0.00834	0.01231	0.01534	0.12618	0.13216	0.50679	0.12061	0.00967	0.00241	0.00323	0.01165	0.00509	0.00461
5	0.10148	0.00626	0.00737	0.00770	0.00891	0.00619	0.00558	0.01083	0.03135	0.03973	0.17647	0.35939	0.07749	0.07643	0.00829	0.00234	0.00362	0.06030	0.00514	0.00511
6	0.00813	0.00573	0.00762	0.00798	0.00909	0.00548	0.00604	0.01009	0.01292	0.03603	0.27446	0.27163	0.09676	0.01744	0.09184	0.00286	0.00465	0.12081	0.00534	0.00510
7	0.10509	0.01192	0.02022	0.15085	0.04181	0.01317	0.25923	0.01612	0.06182	0.01741	0.01297	0.10034	0.01163	0.00745	0.00813	0.00201	0.14323	0.00662	0.00325	0.00673
8	0.06501	0.00635	0.00703	0.00696	0.00765	0.00654	0.00446	0.01079	0.07202	0.01461	0.10092	0.11942	0.02467	0.50719	0.02021	0.00415	0.00474	0.00878	0.00412	0.00439
9	0.01057	0.00898	0.01317	0.04893	0.01551	0.02827	0.10921	0.02865	0.09487	0.01793	0.05493	0.10823	0.02648	0.01233	0.00709	0.00228	0.00568	0.39608	0.00479	0.00604
10	0.01452	0.00767	0.00926	0.00806	0.01064	0.00725	0.00631	0.03320	0.08978	0.25721	0.16744	0.06110	0.13630	0.00935	0.00575	0.00173	0.00363	0.00786	0.15595	0.00698
11	0.01328	0.01518	0.03321	0.02372	0.02941	0.01423	0.74668	0.01803	0.01328	0.01803	0.01139	0.01518	0.00854	0.00474	0.00664	0.00190	0.00949	0.00664	0.00285	0.00759
12	0.01274	0.01399	0.02922	0.02151	0.02624	0.01363	0.60431	0.01695	0.01286	0.01752	0.01307	0.02024	0.01106	0.00636	0.00775	0.00202	0.07443	0.08583	0.00307	0.00721
13	0.00684	0.00565	0.00600	0.00603	0.00775	0.00481	0.00448	0.00841	0.01311	0.01615	0.15133	0.10297	0.61880	0.01411	0.00669	0.00191	0.00285	0.01193	0.00536	0.00481
14	0.01926	0.08656	0.01721	0.01415	0.01677	0.60665	0.01099	0.02070	0.01450	0.01370	0.00844	0.01038	0.00727	0.00632	0.00694	0.00158	0.12548	0.00377	0.00280	0.00653
15	0.01049	0.00525	0.00525	0.00525	0.00656	0.00525	0.00393	0.01311	0.01180	0.02098	0.01836	0.02098	0.01442	0.00656	0.00393	0.00131	0.00262	0.00525	0.83346	0.00525
16	0.00736	0.00589	0.00660	0.00652	0.00816	0.00526	0.00485	0.00968	0.04169	0.01777	0.27595	0.10825	0.45509	0.01341	0.00665	0.00189	0.00288	0.01146	0.00555	0.00507
17	0.01052	0.00975	0.01623	0.63812	0.06965	0.01201	0.01459	0.01397	0.01099	0.01439	0.01057	0.01574	0.00836	0.01011	0.09920	0.00274	0.02914	0.00512	0.00258	0.00623
18	0.01884	0.12152	0.01875	0.04599	0.12935	0.51043	0.01184	0.05041	0.01517	0.01530	0.00912	0.01089	0.00760	0.00559	0.00501	0.00148	0.00885	0.00386	0.00292	0.00708

[dist]
# distance from previous block
# <min> <max>
0	26

[block]
# block no. 11 follows, 42 sequences, length 28
# corresponding to MSA columns:
# 867-894
name=unknown_L
#
# <colnr> <probs for GDERKNQSTAVLIFYWHMCP>
#	G	D	E	R	K	N	Q	S	T	A	V	L	I	F	Y	W	H	M	C	P
0	0.05755	0.08852	0.48678	0.01794	0.15430	0.01367	0.01757	0.01777	0.03999	0.01807	0.01091	0.03303	0.00857	0.00565	0.00520	0.00173	0.00734	0.00455	0.00271	0.00813
1	0.70490	0.05093	0.05133	0.00813	0.01184	0.01292	0.00714	0.03282	0.01022	0.02406	0.00898	0.03990	0.00749	0.00572	0.00378	0.00174	0.00465	0.00365	0.00348	0.00629
2	0.01311	0.15878	0.46539	0.04948	0.09147	0.01441	0.01708	0.01853	0.04261	0.06259	0.01100	0.01253	0.00815	0.00543	0.00511	0.00168	0.00736	0.00426	0.00284	0.00819
3	0.00720	0.00572	0.00647	0.00628	0.00794	0.00499	0.00471	0.00914	0.01413	0.01830	0.35405	0.04907	0.46586	0.01310	0.00665	0.00185	0.00277	0.01116	0.00563	0.00499
4	0.00772	0.00576	0.00721	0.00700	0.00841	0.00524	0.00530	0.01007	0.01498	0.02050	0.55724	0.06901	0.19649	0.01248	0.00672	0.00186	0.00285	0.05009	0.00591	0.00517
5	0.01169	0.05374	0.64677	0.01687	0.02471	0.01354	0.11939	0.01782	0.01206	0.01769	0.01020	0.01223	0.00732	0.00525	0.00546	0.00178	0.00840	0.00446	0.00244	0.00818
6	0.84197	0.01088	0.00827	0.00740	0.01088	0.01262	0.00609	0.01654	0.00958	0.02525	0.00784	0.00914	0.00609	0.00522	0.00348	0.00174	0.00435	0.00305	0.00348	0.00609
7	0.07415	0.01216	0.01528	0.01429	0.12183	0.01235	0.01018	0.27001	0.01846	0.33548	0.01639	0.01597	0.01124	0.00792	0.03655	0.00201	0.00592	0.00521	0.00554	0.00907
8	0.01138	0.08445	0.56162	0.01393	0.02104	0.01248	0.01699	0.01668	0.01190	0.01756	0.03280	0.03998	0.00970	0.00575	0.00515	0.00162	0.00722	0.00455	0.00272	0.12246
9	0.01526	0.74623	0.02840	0.00983	0.01457	0.02179	0.00965	0.04664	0.03806	0.01449	0.00858	0.00963	0.00766	0.00499	0.00377	0.00125	0.00597	0.00321	0.00265	0.00737
10	0.01285	0.36013	0.40864	0.06063	0.02100	0.01697	0.01570	0.01720	0.01165	0.01565	0.00912	0.01085	0.00719	0.00514	0.00462	0.00154	0.00728	0.00372	0.00240	0.00772
11	0.00708	0.00572	0.00629	0.00615	0.00786	0.00493	0.00461	0.00890	0.01383	0.01759	0.28662	0.05022	0.53374	0.01336	0.00665	0.00186	0.00279	0.01133	0.00554	0.00493
12	0.01071	0.00980	0.01646	0.32809	0.21760	0.01066	0.05131	0.01382	0.01217	0.01643	0.08271	0.14580	0.01778	0.00827	0.00609	0.00191	0.00618	0.03413	0.00347	0.00661
13	0.09579	0.01003	0.01478	0.01151	0.01558	0.00916	0.10858	0.02324	0.01465	0.52127	0.02031	0.07247	0.01476	0.00755	0.00578	0.00183	0.00530	0.03303	0.00590	0.00849
14	0.01424	0.01502	0.01242	0.01155	0.01358	0.30450	0.00896	0.06028	0.03686	0.01637	0.09506	0.02214	0.01676	0.01832	0.23685	0.00391	0.03890	0.06447	0.00371	0.00608
15	0.01000	0.00720	0.00881	0.00818	0.00938	0.00770	0.00591	0.11807	0.01212	0.01659	0.09392	0.02970	0.04761	0.32375	0.27070	0.00558	0.00836	0.00735	0.00396	0.00510
16	0.00804	0.00603	0.00904	0.00904	0.01005	0.00703	0.00703	0.01005	0.00904	0.01306	0.01507	0.02211	0.01407	0.04221	0.77992	0.00904	0.01507	0.00603	0.00301	0.00502
17	0.00833	0.00589	0.00733	0.00726	0.00877	0.00541	0.00552	0.01033	0.01361	0.05361	0.31340	0.13162	0.26632	0.01563	0.06982	0.00252	0.00407	0.05984	0.00549	0.00522
18	0.01013	0.00625	0.00790	0.00810	0.00926	0.00601	0.00605	0.01181	0.02630	0.09824	0.05545	0.17091	0.07874	0.25093	0.01348	0.00319	0.00457	0.20611	0.02148	0.00508
