[name]
unknown

[dist]
# distance from previous block
# <min> <max>
0	15

[block]
# block no. 0 follows, 39 sequences, length 12
# corresponding to MSA columns:
# 101-112
name=unknown_A
#
# <colnr> <probs for GDERKNQSTAVLIFYWHMCP>
#	G	D	E	R	K	N	Q	S	T	A	V	L	I	F	Y	W	H	M	C	P
0	0.08613	0.11497	0.09234	0.05566	0.01712	0.05982	0.01101	0.13322	0.05588	0.09750	0.03206	0.06372	0.01638	0.00879	0.00589	0.00194	0.00621	0.12906	0.00463	0.00769
1	0.24857	0.05323	0.04442	0.01554	0.09864	0.05432	0.09309	0.18851	0.08359	0.04770	0.01243	0.01358	0.00936	0.00609	0.00526	0.00180	0.00649	0.00483	0.00423	0.00832
2	0.03667	0.00935	0.00966	0.00880	0.01119	0.04850	0.00681	0.09167	0.09416	0.04871	0.24491	0.06192	0.26032	0.01166	0.00659	0.00193	0.00411	0.03078	0.00577	0.00651
3	0.01019	0.00649	0.00895	0.00887	0.00946	0.00699	0.00641	0.01098	0.07829	0.01371	0.05407	0.10368	0.01775	0.02042	0.09372	0.45999	0.04605	0.03620	0.00359	0.00420
4	0.01453	0.00718	0.00910	0.00790	0.01032	0.00650	0.00618	0.01708	0.01568	0.25253	0.32697	0.03264	0.07441	0.00965	0.00604	0.00175	0.00349	0.00820	0.18291	0.00693
5	0.00809	0.00561	0.00698	0.00743	0.00773	0.00557	0.00474	0.00881	0.01008	0.01362	0.06351	0.29624	0.02879	0.40643	0.09585	0.00475	0.00580	0.01132	0.00436	0.00429
6	0.00845	0.00634	0.00950	0.00950	0.01056	0.00739	0.00739	0.01056	0.00950	0.01373	0.01584	0.02323	0.01478	0.04435	0.76873	0.00950	0.01584	0.00634	0.00317	0.00528
7	0.01173	0.05287	0.01540	0.06044	0.19139	0.01138	0.01096	0.05685	0.04753	0.01702	0.01420	0.01964	0.01262	0.04832	0.37965	0.00568	0.02822	0.00584	0.00334	0.00691
8	0.00742	0.00570	0.00680	0.00718	0.00842	0.00508	0.00513	0.00909	0.01354	0.01765	0.22861	0.31803	0.31503	0.01552	0.00719	0.00211	0.00310	0.01359	0.00575	0.00508
9	0.01529	0.01368	0.02371	0.01764	0.02233	0.01344	0.36709	0.16305	0.05906	0.06684	0.08781	0.02268	0.08403	0.00733	0.00665	0.00193	0.00735	0.00743	0.00457	0.00809
10	0.43811	0.01702	0.01220	0.01074	0.01432	0.27333	0.00847	0.02117	0.01336	0.12723	0.01071	0.01148	0.00800	0.00596	0.00456	0.00172	0.00674	0.00380	0.00397	0.00708
11	0.01509	0.14139	0.32224	0.01336	0.01917	0.01490	0.01439	0.15667	0.05373	0.06510	0.03566	0.01617	0.01154	0.04976	0.04365	0.00234	0.00751	0.00509	0.00384	0.00839

[dist]
# distance from previous block
# <min> <max>
1	8

[block]
# block no. 1 follows, 39 sequences, length 11
# corresponding to MSA columns:
# 123-133
name=unknown_B
#
# <colnr> <probs for GDERKNQSTAVLIFYWHMCP>
#	G	D	E	R	K	N	Q	S	T	A	V	L	I	F	Y	W	H	M	C	P
0	0.06399	0.16648	0.01730	0.26315	0.02226	0.01395	0.01090	0.08652	0.04490	0.07416	0.10233	0.01976	0.01571	0.06620	0.00732	0.00206	0.00611	0.00574	0.00402	0.00713
1	0.22086	0.04461	0.07790	0.01102	0.01556	0.01362	0.00976	0.21790	0.06147	0.15222	0.05885	0.01592	0.01280	0.00673	0.00523	0.00175	0.00550	0.00504	0.00507	0.05820
2	0.06897	0.01346	0.06986	0.01288	0.01503	0.05203	0.01095	0.09548	0.01318	0.10185	0.01545	0.16705	0.01488	0.01038	0.01127	0.00222	0.30645	0.00732	0.00415	0.00712
3	0.01072	0.01009	0.06009	0.00908	0.01278	0.00768	0.00749	0.01307	0.01124	0.01692	0.01409	0.07227	0.01357	0.11721	0.14341	0.00322	0.00681	0.00567	0.00353	0.46105
4	0.02209	0.02819	0.01676	0.01524	0.01828	0.76843	0.01143	0.02361	0.01676	0.01447	0.00914	0.01066	0.00762	0.00609	0.00533	0.00152	0.01066	0.00381	0.00305	0.00686
5	0.02465	0.00951	0.01273	0.00991	0.01410	0.00831	0.00814	0.02699	0.01638	0.66986	0.02284	0.02036	0.01470	0.00727	0.00573	0.00178	0.00476	0.00589	0.10658	0.00951
6	0.00847	0.00574	0.00671	0.00678	0.00694	0.00572	0.00402	0.00883	0.00941	0.01269	0.07111	0.09411	0.02494	0.64935	0.05697	0.00537	0.00577	0.00926	0.00391	0.00388
7	0.01342	0.07270	0.10078	0.26852	0.12542	0.05195	0.10198	0.01762	0.03822	0.04476	0.01263	0.04846	0.01036	0.00760	0.03255	0.00210	0.00789	0.00570	0.00318	0.03415
8	0.00790	0.00592	0.00745	0.00812	0.00933	0.00546	0.00619	0.00977	0.01341	0.01751	0.17146	0.29297	0.22722	0.01591	0.00744	0.00227	0.00367	0.17719	0.00567	0.00514
9	0.01463	0.01122	0.01529	0.01489	0.14570	0.01003	0.04080	0.05262	0.05061	0.10449	0.01461	0.01885	0.01221	0.05783	0.00698	0.00170	0.00543	0.04111	0.00416	0.37685
10	0.15975	0.02481	0.01390	0.09456	0.06673	0.04307	0.04072	0.03623	0.04630	0.12320	0.06929	0.03271	0.01476	0.01224	0.11006	0.00289	0.03736	0.00581	0.05846	0.00717

[dist]
# distance from previous block
# <min> <max>
2	12

[block]
# block no. 2 follows, 39 sequences, length 9
# corresponding to MSA columns:
# 196-204
name=unknown_C
#
# <colnr> <probs for GDERKNQSTAVLIFYWHMCP>
#	G	D	E	R	K	N	Q	S	T	A	V	L	I	F	Y	W	H	M	C	P
0	0.16891	0.25843	0.18374	0.01170	0.01719	0.01535	0.04122	0.01942	0.01276	0.13930	0.02932	0.01315	0.00977	0.00576	0.00476	0.00162	0.00628	0.00425	0.00368	0.05339
1	0.00928	0.00704	0.00866	0.00762	0.00990	0.00600	0.00573	0.01123	0.01398	0.01971	0.35413	0.07075	0.14281	0.01169	0.00791	0.08189	0.00348	0.00889	0.00516	0.21412
2	0.01401	0.01185	0.01317	0.09401	0.01738	0.01375	0.00967	0.02815	0.60285	0.02347	0.02220	0.02138	0.01671	0.00770	0.00584	0.00195	0.00486	0.00643	0.07587	0.00873
3	0.00734	0.00520	0.00682	0.00806	0.00837	0.00489	0.00530	0.00827	0.01106	0.01474	0.03124	0.71550	0.03740	0.09367	0.00974	0.00273	0.00365	0.01601	0.00530	0.00468
4	0.23632	0.01351	0.04539	0.07884	0.06550	0.05741	0.05038	0.08214	0.01501	0.27785	0.01469	0.01501	0.01013	0.00629	0.00534	0.00183	0.00617	0.00493	0.00486	0.00839
5	0.01637	0.50612	0.06243	0.01226	0.01737	0.01969	0.08843	0.07636	0.03677	0.06908	0.01256	0.01348	0.03459	0.00584	0.00473	0.00150	0.00659	0.00443	0.00340	0.00802
6	0.00793	0.00588	0.00719	0.00712	0.00836	0.00536	0.00511	0.00990	0.01442	0.01954	0.42436	0.14555	0.20382	0.09764	0.00955	0.00238	0.00324	0.01168	0.00583	0.00513
7	0.01216	0.01179	0.02042	0.04311	0.25826	0.01249	0.15742	0.01499	0.01238	0.01744	0.04597	0.19115	0.01761	0.00942	0.00893	0.00211	0.14499	0.00843	0.00360	0.00730
8	0.01608	0.13345	0.02309	0.21666	0.09495	0.01548	0.15528	0.11521	0.05564	0.09759	0.01309	0.01533	0.00975	0.00596	0.00580	0.00181	0.00731	0.00544	0.00383	0.00825

[dist]
# distance from previous block
# <min> <max>
0	6

[block]
# block no. 3 follows, 39 sequences, length 6
# corresponding to MSA columns:
# 211-216
name=unknown_D
#
# <colnr> <probs for GDERKNQSTAVLIFYWHMCP>
#	G	D	E	R	K	N	Q	S	T	A	V	L	I	F	Y	W	H	M	C	P
0	0.08396	0.01269	0.01552	0.13174	0.01931	0.01483	0.01111	0.27686	0.01732	0.09230	0.01312	0.01530	0.00994	0.00919	0.04424	0.00231	0.15900	0.00523	0.05804	0.00799
1	0.00839	0.00555	0.00652	0.00688	0.00723	0.00538	0.00428	0.00884	0.00992	0.01349	0.02500	0.23331	0.08076	0.42699	0.02008	0.05152	0.00466	0.01061	0.06649	0.00410
2	0.01600	0.01558	0.01408	0.01097	0.01562	0.19235	0.00864	0.11406	0.01544	0.02054	0.01068	0.01214	0.00866	0.00516	0.00482	0.00115	0.00618	0.00382	0.00372	0.52039
3	0.01134	0.00830	0.01055	0.03502	0.01221	0.00881	0.00758	0.06778	0.04747	0.07042	0.05826	0.35877	0.06840	0.05344	0.00964	0.00235	0.10365	0.01117	0.00505	0.04980
4	0.07542	0.01033	0.01390	0.09946	0.13768	0.01084	0.01034	0.05176	0.10289	0.11917	0.01968	0.21779	0.01847	0.00963	0.00652	0.00197	0.02950	0.00830	0.00475	0.05162
5	0.28420	0.05922	0.04788	0.01163	0.01566	0.24598	0.00965	0.10042	0.04931	0.05223	0.01081	0.01177	0.00835	0.00595	0.00478	0.00164	0.00695	0.00397	0.00386	0.06573

[dist]
# distance from previous block
# <min> <max>
0	6

[block]
# block no. 4 follows, 39 sequences, length 11
# corresponding to MSA columns:
# 223-233
name=unknown_E
#
# <colnr> <probs for GDERKNQSTAVLIFYWHMCP>
#	G	D	E	R	K	N	Q	S	T	A	V	L	I	F	Y	W	H	M	C	P
0	0.24201	0.07736	0.11226	0.03851	0.01634	0.01319	0.01047	0.06942	0.04294	0.21774	0.01483	0.05193	0.01126	0.00709	0.00593	0.00187	0.04894	0.00521	0.00463	0.00808
1	0.23587	0.10121	0.10184	0.06688	0.01835	0.01323	0.06324	0.02181	0.05281	0.24876	0.01445	0.01475	0.01012	0.00615	0.00514	0.00180	0.00603	0.00479	0.00453	0.00822
2	0.00882	0.00584	0.00772	0.00772	0.00808	0.00621	0.00516	0.00913	0.00877	0.01206	0.01629	0.02993	0.01733	0.40586	0.28545	0.14197	0.00915	0.00725	0.00327	0.00401
3	0.01229	0.01201	0.01721	0.10015	0.01785	0.01649	0.01278	0.01396	0.00941	0.01428	0.00887	0.01428	0.00848	0.01324	0.09246	0.00321	0.61872	0.00530	0.00265	0.00636
4	0.00933	0.00554	0.00696	0.00696	0.00711	0.00560	0.00434	0.00876	0.00861	0.01193	0.01571	0.02971	0.01690	0.43716	0.06185	0.28479	0.00581	0.00709	0.06238	0.00346
5	0.01117	0.01051	0.01774	0.77795	0.04073	0.01314	0.01642	0.01511	0.01182	0.01511	0.01051	0.01577	0.00788	0.00591	0.00591	0.00197	0.00788	0.00526	0.00263	0.00657
6	0.01065	0.00628	0.00748	0.00702	0.00804	0.00598	0.00467	0.01177	0.01179	0.09867	0.17720	0.03754	0.06583	0.44149	0.01941	0.00396	0.00467	0.00873	0.06389	0.00494
7	0.01133	0.01015	0.01671	0.57373	0.11554	0.01206	0.01493	0.01496	0.01210	0.01624	0.01293	0.04856	0.01084	0.00680	0.00591	0.00194	0.00711	0.03201	0.06945	0.00669
8	0.00943	0.00707	0.01048	0.00958	0.01143	0.00650	0.07833	0.01181	0.01449	0.05527	0.31853	0.21699	0.14374	0.01341	0.00716	0.00209	0.00400	0.06821	0.00573	0.00576
9	0.02019	0.10558	0.13488	0.01360	0.01831	0.31853	0.01219	0.09358	0.01649	0.15450	0.01245	0.01299	0.00918	0.00615	0.00534	0.00160	0.00814	0.00436	0.00400	0.04792
10	0.03181	0.45534	0.04900	0.01159	0.01614	0.04987	0.02627	0.13177	0.04831	0.03250	0.02972	0.01502	0.01107	0.00649	0.00518	0.00157	0.02801	0.03882	0.00360	0.00791

[dist]
# distance from previous block
# <min> <max>
0	18

[block]
# block no. 5 follows, 39 sequences, length 19
# corresponding to MSA columns:
# 252-270
name=unknown_F
#
# <colnr> <probs for GDERKNQSTAVLIFYWHMCP>
#	G	D	E	R	K	N	Q	S	T	A	V	L	I	F	Y	W	H	M	C	P
0	0.33645	0.01341	0.07068	0.01143	0.03660	0.05826	0.05152	0.05059	0.06668	0.03576	0.13169	0.05514	0.01759	0.00745	0.00524	0.00183	0.00542	0.00589	0.00435	0.03402
1	0.11972	0.10604	0.04398	0.04925	0.06079	0.11764	0.01044	0.15150	0.01497	0.04289	0.01169	0.01567	0.01006	0.10475	0.00929	0.00221	0.06761	0.00487	0.00374	0.05289
2	0.30776	0.01278	0.01245	0.01144	0.03851	0.03654	0.00880	0.08889	0.31090	0.06345	0.01686	0.01770	0.01293	0.00713	0.00521	0.00191	0.00511	0.02841	0.00503	0.00820
3	0.00885	0.00634	0.00791	0.00774	0.00798	0.00692	0.00507	0.00942	0.00884	0.01216	0.01728	0.03348	0.01907	0.57019	0.19799	0.00639	0.05892	0.00786	0.00342	0.00416
4	0.01527	0.01052	0.01131	0.00982	0.01212	0.06075	0.00749	0.19316	0.01554	0.10523	0.01691	0.02314	0.01468	0.19276	0.17650	0.00428	0.00799	0.00628	0.10946	0.00676
5	0.01027	0.00514	0.00770	0.00770	0.00770	0.00514	0.00514	0.00770	0.00770	0.01027	0.01027	0.01798	0.01027	0.02054	0.02311	0.82794	0.00514	0.00514	0.00257	0.00257
6	0.00885	0.00669	0.00991	0.10528	0.01386	0.00668	0.04242	0.01004	0.01148	0.01484	0.02928	0.29345	0.15357	0.01578	0.01023	0.15816	0.00479	0.09539	0.00445	0.00487
7	0.01581	0.79572	0.03099	0.01012	0.01518	0.02340	0.01012	0.01771	0.01202	0.01391	0.00822	0.00949	0.00759	0.00506	0.00379	0.00126	0.00632	0.00316	0.00253	0.00759
8	0.00860	0.00615	0.00765	0.00721	0.00883	0.00554	0.00543	0.01109	0.01602	0.04374	0.57726	0.04629	0.20902	0.01259	0.00695	0.00189	0.00290	0.01095	0.00631	0.00558
9	0.01350	0.01174	0.01737	0.15594	0.02191	0.01268	0.14677	0.04754	0.28287	0.05257	0.12903	0.02375	0.04214	0.00782	0.00635	0.00196	0.00602	0.00717	0.00492	0.00794
10	0.01757	0.32638	0.02734	0.01512	0.02012	0.03547	0.21111	0.13419	0.01562	0.09974	0.01186	0.01333	0.00914	0.00581	0.00580	0.00166	0.03276	0.00495	0.00373	0.00831
11	0.10659	0.11260	0.12048	0.01090	0.02995	0.01195	0.00992	0.05102	0.03495	0.06425	0.01273	0.06147	0.01078	0.00609	0.00484	0.00142	0.00540	0.00475	0.00379	0.33611
12	0.08235	0.11385	0.01801	0.01346	0.03863	0.10372	0.03418	0.20125	0.12186	0.09259	0.01461	0.02805	0.01150	0.00731	0.00674	0.00183	0.07562	0.02141	0.00462	0.00839
13	0.01724	0.06627	0.12786	0.01702	0.04347	0.01250	0.26240	0.02108	0.01418	0.25438	0.01601	0.03999	0.01179	0.00888	0.05740	0.00239	0.00809	0.00623	0.00436	0.00849
14	0.01414	0.01368	0.06156	0.13222	0.26605	0.06245	0.02795	0.03202	0.04103	0.06414	0.12207	0.01916	0.01639	0.00661	0.00586	0.00172	0.00643	0.00586	0.00390	0.09679
15	0.00934	0.00611	0.00811	0.00807	0.00939	0.00565	0.00600	0.01161	0.01509	0.07042	0.46400	0.24726	0.04719	0.01378	0.00713	0.00206	0.00327	0.05365	0.00622	0.00566
16	0.06136	0.01212	0.06231	0.05648	0.06599	0.00931	0.00925	0.01552	0.01220	0.01943	0.01042	0.01249	0.00852	0.00468	0.00461	0.00112	0.00506	0.00376	0.00336	0.62201
17	0.00932	0.00656	0.00946	0.03667	0.01143	0.00618	0.04156	0.01140	0.01381	0.06276	0.27567	0.37158	0.06244	0.01436	0.00718	0.00215	0.00386	0.04227	0.00572	0.00563
18	0.01445	0.01125	0.05842	0.01484	0.15344	0.00981	0.01027	0.08532	0.01572	0.13835	0.21331	0.02450	0.03739	0.01100	0.07046	0.00235	0.00596	0.00679	0.00498	0.11140

[dist]
# distance from previous block
# <min> <max>
0	4

[block]
# block no. 6 follows, 39 sequences, length 16
# corresponding to MSA columns:
# 275-290
name=unknown_G
#
# <colnr> <probs for GDERKNQSTAVLIFYWHMCP>
#	G	D	E	R	K	N	Q	S	T	A	V	L	I	F	Y	W	H	M	C	P
0	0.16003	0.01785	0.10803	0.01313	0.01758	0.13981	0.04257	0.13876	0.20125	0.08108	0.01498	0.01513	0.01103	0.00663	0.00546	0.00183	0.00672	0.00505	0.00463	0.00846
1	0.28642	0.16565	0.01757	0.01130	0.01526	0.04042	0.11583	0.01644	0.01168	0.01962	0.01178	0.01782	0.01079	0.07413	0.00696	0.00202	0.00608	0.05928	0.00343	0.10751
2	0.01624	0.01066	0.01556	0.23332	0.02251	0.01150	0.05627	0.11662	0.01524	0.19957	0.04233	0.02163	0.01412	0.05960	0.04184	0.00251	0.03814	0.03431	0.04042	0.00761
3	0.01080	0.01395	0.15539	0.07836	0.01951	0.04325	0.15855	0.01461	0.01429	0.01938	0.25459	0.08300	0.09055	0.00935	0.00660	0.00194	0.00621	0.00858	0.00440	0.00669
4	0.00800	0.00563	0.00640	0.00679	0.00791	0.00515	0.00474	0.00951	0.01241	0.01689	0.10230	0.27431	0.27432	0.09715	0.00916	0.00241	0.00336	0.01213	0.13651	0.00492
5	0.01474	0.01188	0.07285	0.07812	0.06213	0.01064	0.10197	0.11369	0.01597	0.11762	0.13162	0.02233	0.03145	0.00741	0.00583	0.00177	0.00563	0.00654	0.18022	0.00759
6	0.01390	0.01281	0.02056	0.17468	0.43231	0.01399	0.01592	0.07197	0.01354	0.01897	0.01135	0.01540	0.00945	0.00929	0.07170	0.00253	0.07491	0.00535	0.00309	0.00828
7	0.01035	0.00637	0.00828	0.00852	0.00985	0.00594	0.00640	0.01207	0.01315	0.10601	0.14266	0.27198	0.09721	0.11382	0.01022	0.00271	0.00420	0.15911	0.00562	0.00555
8	0.00819	0.00614	0.00845	0.12813	0.01304	0.00635	0.00670	0.00941	0.01068	0.01414	0.02545	0.46924	0.02957	0.22117	0.01326	0.00322	0.00474	0.01283	0.00454	0.00476
9	0.06201	0.00981	0.01354	0.32301	0.02370	0.01111	0.01112	0.07811	0.06003	0.06753	0.13065	0.02625	0.01972	0.07452	0.00817	0.00230	0.00601	0.06124	0.00439	0.00677
10	0.08141	0.00851	0.00989	0.00887	0.01154	0.00792	0.00667	0.01371	0.07401	0.01895	0.07281	0.30742	0.02411	0.01085	0.00631	0.00175	0.02833	0.00933	0.00466	0.29293
11	0.01498	0.26561	0.08229	0.07787	0.01876	0.03617	0.04120	0.08931	0.01423	0.04452	0.04239	0.01365	0.01052	0.00569	0.00508	0.00143	0.01661	0.00437	0.00349	0.21183
12	0.06660	0.01169	0.01794	0.24325	0.27373	0.01259	0.02874	0.07864	0.01467	0.05029	0.12741	0.01947	0.01627	0.00677	0.00594	0.00185	0.00639	0.00605	0.00388	0.00783
13	0.01495	0.01355	0.06076	0.03767	0.07450	0.01235	0.05581	0.22013	0.06396	0.02405	0.01520	0.10621	0.01329	0.00729	0.00570	0.00162	0.00581	0.00627	0.00442	0.25646
14	0.01389	0.01217	0.02284	0.02603	0.03587	0.05989	0.05724	0.13747	0.04993	0.03640	0.07398	0.11447	0.03030	0.01173	0.07293	0.00243	0.06206	0.00710	0.00443	0.16885
15	0.04887	0.01295	0.01892	0.09195	0.19419	0.01413	0.06446	0.13485	0.01484	0.08371	0.01282	0.04870	0.01060	0.00726	0.00837	0.00192	0.15161	0.00573	0.00389	0.07022

[dist]
# distance from previous block
# <min> <max>
0	8

[block]
# block no. 7 follows, 39 sequences, length 15
# corresponding to MSA columns:
# 299-313
name=unknown_H
#
# <colnr> <probs for GDERKNQSTAVLIFYWHMCP>
#	G	D	E	R	K	N	Q	S	T	A	V	L	I	F	Y	W	H	M	C	P
0	0.35012	0.04822	0.04680	0.01291	0.07610	0.01400	0.03596	0.14939	0.03717	0.15767	0.01296	0.01345	0.00932	0.00613	0.00494	0.00180	0.00566	0.00454	0.00461	0.00826
1	0.01251	0.00802	0.00969	0.00918	0.01128	0.00781	0.00700	0.10387	0.04653	0.11008	0.06982	0.31815	0.08674	0.01303	0.00668	0.00206	0.00415	0.06902	0.06131	0.04306
2	0.01380	0.00900	0.01223	0.20161	0.01901	0.00938	0.00939	0.04033	0.09021	0.17558	0.22223	0.04764	0.10615	0.00943	0.00638	0.00192	0.00489	0.00809	0.00550	0.00722
3	0.01076	0.00929	0.01154	0.06540	0.13408	0.06373	0.00860	0.04387	0.01227	0.01597	0.02210	0.36005	0.02481	0.17646	0.01166	0.00287	0.00547	0.01094	0.00431	0.00580
4	0.01720	0.01287	0.01827	0.27724	0.08281	0.07475	0.07178	0.02079	0.04280	0.22593	0.01446	0.01649	0.01036	0.00670	0.00724	0.00194	0.08065	0.00552	0.00417	0.00801
5	0.01690	0.01015	0.01570	0.41589	0.05811	0.01104	0.01284	0.02014	0.01379	0.28689	0.01580	0.01774	0.01090	0.00647	0.00580	0.00187	0.00646	0.00553	0.06010	0.00788
6	0.01424	0.01315	0.02153	0.13317	0.55380	0.01362	0.01655	0.06972	0.01415	0.01978	0.01272	0.06720	0.01123	0.00639	0.00598	0.00183	0.00686	0.00605	0.00328	0.00873
7	0.18566	0.01146	0.01364	0.01327	0.12498	0.01070	0.00911	0.06960	0.01351	0.07221	0.01234	0.01555	0.01016	0.00576	0.00487	0.00143	0.00507	0.04077	0.00399	0.37592
8	0.01385	0.00799	0.01038	0.00885	0.01177	0.00694	0.00707	0.01648	0.01561	0.20954	0.34866	0.03455	0.03412	0.00990	0.00636	0.00176	0.00395	0.08544	0.00604	0.16074
9	0.06570	0.00781	0.00966	0.07195	0.01277	0.00822	0.00718	0.04290	0.06570	0.01783	0.08190	0.20885	0.02448	0.14972	0.11016	0.00364	0.00621	0.03943	0.00451	0.06139
10	0.01417	0.01269	0.02134	0.18422	0.35964	0.01314	0.10054	0.04628	0.04310	0.05759	0.04643	0.01864	0.04288	0.00636	0.00611	0.00186	0.00699	0.00610	0.00360	0.00833
11	0.07433	0.00917	0.01240	0.01248	0.07346	0.00945	0.03889	0.12410	0.01402	0.05790	0.04794	0.11737	0.01935	0.01451	0.04304	0.19397	0.00587	0.12114	0.00445	0.00615
12	0.07524	0.00974	0.01337	0.06385	0.04507	0.00975	0.06817	0.05089	0.08370	0.10980	0.09842	0.14149	0.06244	0.01012	0.00637	0.00198	0.00513	0.07658	0.00511	0.06278
13	0.26272	0.07538	0.01651	0.15515	0.02053	0.06779	0.06951	0.07673	0.04254	0.09174	0.01171	0.01338	0.00876	0.00587	0.00502	0.00174	0.00640	0.00453	0.00389	0.06009
14	0.08154	0.12565	0.01959	0.09231	0.28335	0.01413	0.01274	0.06456	0.04592	0.11774	0.04425	0.01756	0.04291	0.00650	0.00550	0.00175	0.00607	0.00547	0.00405	0.00841

[dist]
# distance from previous block
# <min> <max>
34	169

[block]
# block no. 8 follows, 39 sequences, length 7
# corresponding to MSA columns:
# 495-501
name=unknown_I
#
# <colnr> <probs for GDERKNQSTAVLIFYWHMCP>
#	G	D	E	R	K	N	Q	S	T	A	V	L	I	F	Y	W	H	M	C	P
0	0.09802	0.06835	0.17927	0.01145	0.01658	0.01123	0.01120	0.04760	0.01460	0.34263	0.01774	0.08054	0.01333	0.00738	0.00555	0.00179	0.00578	0.00589	0.00515	0.05593
1	0.01727	0.36209	0.02248	0.01238	0.04111	0.13867	0.01040	0.16257	0.01628	0.01984	0.03806	0.01519	0.01134	0.00642	0.00492	0.00149	0.00676	0.04048	0.00367	0.06858
2	0.01004	0.01079	0.15439	0.01013	0.01256	0.00723	0.00917	0.01240	0.01197	0.07076	0.02641	0.35942	0.04984	0.11944	0.01017	0.00274	0.00515	0.10673	0.00478	0.00589
3	0.01017	0.01456	0.23922	0.01272	0.01654	0.00939	0.06555	0.01415	0.01383	0.01945	0.22361	0.09741	0.02971	0.01104	0.00731	0.00214	0.03225	0.16975	0.00457	0.00665
4	0.08251	0.51456	0.02349	0.00982	0.01389	0.08003	0.00904	0.01689	0.01316	0.01691	0.15295	0.01634	0.01687	0.00655	0.00453	0.00145	0.00585	0.00468	0.00344	0.00704
5	0.00943	0.00738	0.01038	0.00928	0.00989	0.00776	0.07565	0.01012	0.00939	0.01277	0.01810	0.09694	0.02043	0.57465	0.02492	0.00478	0.08136	0.00880	0.00359	0.00439
6	0.26736	0.01074	0.01158	0.01413	0.15546	0.07237	0.00873	0.01428	0.01180	0.01943	0.01889	0.33106	0.02054	0.01086	0.00582	0.00203	0.00508	0.00925	0.00422	0.00636

[dist]
# distance from previous block
# <min> <max>
46	119

[block]
# block no. 9 follows, 39 sequences, length 10
# corresponding to MSA columns:
# 783-792
name=unknown_J
#
# <colnr> <probs for GDERKNQSTAVLIFYWHMCP>
#	G	D	E	R	K	N	Q	S	T	A	V	L	I	F	Y	W	H	M	C	P
0	0.01450	0.01158	0.01459	0.01541	0.16274	0.01195	0.01009	0.24066	0.07053	0.02619	0.22216	0.02737	0.09854	0.00887	0.00625	0.00180	0.00502	0.00755	0.00535	0.03882
1	0.09803	0.01275	0.01758	0.01917	0.23855	0.01303	0.06542	0.12808	0.11159	0.02400	0.10288	0.01844	0.01584	0.00663	0.00571	0.00173	0.00579	0.00583	0.00437	0.10456
2	0.01474	0.01159	0.05371	0.10035	0.01683	0.03632	0.00957	0.15077	0.07058	0.12959	0.09968	0.13257	0.12845	0.01020	0.00638	0.00195	0.00526	0.00860	0.00539	0.00749
3	0.01411	0.21201	0.02032	0.01595	0.15875	0.01307	0.08357	0.01683	0.01419	0.10536	0.19844	0.08336	0.02345	0.00819	0.00587	0.00174	0.00557	0.00726	0.00444	0.00754
4	0.63091	0.01109	0.00996	0.00847	0.01236	0.01212	0.00698	0.02026	0.01179	0.21081	0.01203	0.01225	0.00848	0.00595	0.00423	0.00183	0.00469	0.00389	0.00458	0.00732
5	0.10840	0.00958	0.01027	0.00909	0.01172	0.01007	0.00710	0.15300	0.11947	0.02504	0.26711	0.06791	0.15691	0.01059	0.00628	0.00191	0.00404	0.00882	0.00577	0.00693
6	0.11418	0.01663	0.01807	0.07245	0.06067	0.15238	0.09332	0.29225	0.01932	0.02611	0.06727	0.01561	0.01229	0.00667	0.00574	0.00178	0.00728	0.00538	0.00443	0.00817
7	0.00981	0.00611	0.00788	0.00798	0.00935	0.00552	0.00577	0.01159	0.01393	0.10509	0.25842	0.37709	0.12929	0.01478	0.00711	0.00212	0.00337	0.01311	0.00602	0.00568
8	0.09856	0.25688	0.01752	0.01019	0.01353	0.05596	0.00869	0.07419	0.01322	0.10448	0.01431	0.07318	0.01271	0.01670	0.20121	0.00365	0.00848	0.00554	0.00389	0.00711
9	0.02034	0.07768	0.07246	0.05539	0.01852	0.31174	0.01139	0.05476	0.01600	0.20940	0.01445	0.01677	0.01106	0.00683	0.00558	0.00169	0.00786	0.04386	0.00433	0.03989

[dist]
# distance from previous block
# <min> <max>
0	3

[block]
# block no. 10 follows, 39 sequences, length 84
# corresponding to MSA columns:
# 796-859,864-883
name=unknown_K
#
# <colnr> <probs for GDERKNQSTAVLIFYWHMCP>
#	G	D	E	R	K	N	Q	S	T	A	V	L	I	F	Y	W	H	M	C	P
0	0.05573	0.01062	0.05271	0.00968	0.01293	0.00960	0.00813	0.14599	0.04696	0.11984	0.34045	0.03010	0.06771	0.00943	0.00622	0.00180	0.00435	0.00790	0.00590	0.05397
1	0.06574	0.41480	0.02287	0.01136	0.01560	0.21676	0.00995	0.07156	0.01458	0.04652	0.01244	0.01326	0.05026	0.00616	0.00461	0.00147	0.00714	0.00413	0.00334	0.00746
2	0.01819	0.05619	0.01926	0.02328	0.38745	0.01188	0.01325	0.02096	0.01440	0.27705	0.01716	0.08609	0.01379	0.00717	0.00592	0.00181	0.00597	0.00643	0.00467	0.00910
3	0.06611	0.01361	0.05620	0.01137	0.01549	0.01334	0.00972	0.38222	0.02103	0.12056	0.07330	0.02328	0.12324	0.00973	0.03196	0.00209	0.00588	0.00669	0.00565	0.00855
4	0.37163	0.01259	0.01183	0.01036	0.01400	0.01449	0.00829	0.10438	0.34488	0.02693	0.01608	0.01577	0.01209	0.00682	0.00498	0.00190	0.00484	0.00502	0.00498	0.00815
5	0.01460	0.01416	0.02464	0.03563	0.71290	0.01410	0.06002	0.01820	0.01349	0.01930	0.01117	0.01471	0.00934	0.00525	0.00592	0.00177	0.00720	0.00537	0.00293	0.00929
6	0.02164	0.01560	0.01695	0.01302	0.01772	0.01689	0.01071	0.61505	0.05480	0.07556	0.01483	0.01470	0.01054	0.00695	0.00581	0.00172	0.00620	0.00528	0.00582	0.07022
7	0.01976	0.09526	0.21013	0.01279	0.01861	0.01256	0.03788	0.09170	0.01588	0.34175	0.01628	0.01577	0.01100	0.00633	0.00556	0.00171	0.00639	0.00505	0.00502	0.07057
8	0.04445	0.13384	0.09901	0.01409	0.07229	0.09182	0.01161	0.04587	0.06417	0.11473	0.01337	0.01596	0.01083	0.03865	0.10413	0.00292	0.10572	0.00506	0.00377	0.00770
9	0.00837	0.00604	0.00790	0.00744	0.00883	0.00558	0.00558	0.01116	0.01674	0.02371	0.75216	0.04417	0.05580	0.01209	0.00697	0.00186	0.00279	0.01069	0.00651	0.00558
10	0.01567	0.01191	0.02098	0.36412	0.11517	0.01258	0.15894	0.01939	0.01362	0.18813	0.01383	0.01668	0.00983	0.00598	0.00613	0.00192	0.00755	0.00576	0.00382	0.00798
11	0.01788	0.01187	0.04340	0.25915	0.02510	0.01174	0.08027	0.07166	0.05817	0.28851	0.05842	0.01912	0.01389	0.00688	0.00608	0.00190	0.00650	0.00604	0.00501	0.00840
12	0.05252	0.01011	0.01374	0.01168	0.05786	0.00900	0.00894	0.02704	0.01626	0.65374	0.02190	0.01955	0.01408	0.00712	0.00577	0.00180	0.00502	0.00579	0.04842	0.00967
13	0.00894	0.00650	0.00871	0.00938	0.01081	0.00626	0.00785	0.01157	0.01457	0.01940	0.25713	0.05884	0.10601	0.01490	0.00769	0.00239	0.00440	0.43343	0.00578	0.00545
14	0.01255	0.02316	0.42079	0.06003	0.02399	0.07039	0.11246	0.01748	0.01251	0.01743	0.01243	0.08540	0.01070	0.00727	0.00738	0.00199	0.08739	0.00597	0.00290	0.00777
15	0.01610	0.02169	0.40140	0.01808	0.10745	0.01266	0.08023	0.02162	0.03923	0.20239	0.01441	0.01526	0.00997	0.00603	0.00586	0.00186	0.00759	0.00517	0.00391	0.00909
16	0.01117	0.01051	0.01774	0.77795	0.04073	0.01314	0.01642	0.01511	0.01182	0.01511	0.01051	0.01577	0.00788	0.00591	0.00591	0.00197	0.00788	0.00526	0.00263	0.00657
17	0.01074	0.03792	0.41603	0.09909	0.02160	0.01124	0.01568	0.01584	0.01378	0.01983	0.25183	0.02310	0.02326	0.00774	0.00605	0.00187	0.00665	0.00650	0.00382	0.00744
18	0.01576	0.01643	0.10520	0.32161	0.06662	0.12338	0.10278	0.04802	0.01425	0.11119	0.01230	0.01510	0.00895	0.00598	0.00593	0.00186	0.00818	0.00524	0.00346	0.00776
19	0.01503	0.06494	0.27814	0.03454	0.08634	0.01358	0.20831	0.02020	0.03874	0.13153	0.01511	0.01663	0.03719	0.00608	0.00602	0.00186	0.00785	0.00571	0.00364	0.00856
20	0.00972	0.00764	0.01104	0.01373	0.13369	0.00748	0.00922	0.01250	0.02785	0.01877	0.17296	0.17549	0.07131	0.01381	0.00734	0.00229	0.00470	0.28916	0.00526	0.00606
21	0.01696	0.01781	0.16446	0.04886	0.14831	0.06855	0.23713	0.02117	0.01438	0.18296	0.01383	0.01560	0.00988	0.00579	0.00614	0.00186	0.00812	0.00567	0.00384	0.00869
22	0.01808	0.08217	0.10786	0.14510	0.07409	0.04288	0.06412	0.04913	0.01485	0.26921	0.01623	0.01922	0.01202	0.00689	0.00590	0.00186	0.00688	0.05050	0.00456	0.00848
23	0.01846	0.30205	0.15124	0.01250	0.01787	0.06174	0.01225	0.17915	0.04516	0.12727	0.01280	0.01314	0.00954	0.00611	0.00507	0.00161	0.00679	0.00443	0.00413	0.00872
24	0.01051	0.01021	0.01877	0.04442	0.01894	0.00958	0.29633	0.01395	0.01458	0.01953	0.24186	0.03586	0.17320	0.00988	0.00702	0.00200	0.00607	0.05617	0.00468	0.00645
25	0.01440	0.03907	0.47770	0.01779	0.05295	0.01350	0.13424	0.02048	0.03863	0.11581	0.01293	0.01440	0.00911	0.00580	0.00587	0.00188	0.00820	0.00509	0.00335	0.00881
26	0.01347	0.01450	0.10447	0.30887	0.35203	0.01350	0.04365	0.01753	0.01290	0.04650	0.01134	0.01508	0.00880	0.00562	0.00589	0.00186	0.00757	0.00525	0.00294	0.00823
27	0.02479	0.01065	0.01523	0.01429	0.12338	0.00948	0.01008	0.02726	0.01642	0.65110	0.02154	0.01933	0.01387	0.00702	0.00593	0.00182	0.00532	0.00585	0.00668	0.00996
28	0.00975	0.00842	0.01329	0.44322	0.02682	0.00972	0.01170	0.01290	0.01304	0.01739	0.21068	0.15444	0.02588	0.00969	0.00647	0.00201	0.00578	0.00866	0.00414	0.00601
29	0.02588	0.07190	0.24940	0.01779	0.08164	0.03859	0.18571	0.01878	0.01342	0.11411	0.01519	0.11324	0.01296	0.00728	0.00609	0.00190	0.00758	0.00674	0.00369	0.00810
30	0.01298	0.15760	0.41175	0.05586	0.02072	0.02837	0.01554	0.01732	0.01205	0.05735	0.01220	0.01688	0.01025	0.13617	0.00939	0.00240	0.00760	0.00499	0.00297	0.00760
31	0.00819	0.00628	0.00886	0.01110	0.09016	0.00594	0.00685	0.00977	0.01245	0.01689	0.14013	0.56576	0.06315	0.01598	0.00726	0.00224	0.00371	0.01447	0.00536	0.00543
32	0.01117	0.01037	0.01750	0.51464	0.14102	0.01199	0.03966	0.01466	0.01226	0.01618	0.04102	0.11575	0.01393	0.00763	0.00619	0.00199	0.00707	0.00700	0.00320	0.00677
33	0.06456	0.11671	0.10379	0.08997	0.12693	0.01414	0.15219	0.02101	0.05243	0.18048	0.01398	0.01539	0.01015	0.00589	0.00568	0.00180	0.00707	0.00533	0.00398	0.00851
34	0.01195	0.01052	0.01778	0.64743	0.03682	0.01251	0.05514	0.01571	0.01233	0.05759	0.01421	0.01843	0.05191	0.00647	0.00604	0.00197	0.00755	0.00581	0.00308	0.00675
35	0.01320	0.26368	0.45319	0.05680	0.02265	0.01673	0.01723	0.01893	0.05383	0.01739	0.01064	0.01229	0.00814	0.00560	0.00510	0.00170	0.00772	0.00418	0.00271	0.00830
36	0.01721	0.07365	0.30603	0.01660	0.04531	0.01352	0.15047	0.06126	0.01483	0.22193	0.01439	0.01518	0.00993	0.00600	0.00586	0.00183	0.00761	0.00529	0.00411	0.00897
37	0.02064	0.01403	0.11745	0.06018	0.12797	0.01106	0.08860	0.02409	0.01523	0.43207	0.01792	0.01762	0.01193	0.00647	0.00600	0.00185	0.00650	0.00571	0.00531	0.00937
38	0.01577	0.01176	0.01911	0.05435	0.41431	0.01152	0.03863	0.01913	0.02764	0.16904	0.10158	0.05867	0.01746	0.00722	0.00613	0.00184	0.00604	0.00671	0.00441	0.00868
39	0.01609	0.01230	0.05702	0.19752	0.13176	0.03704	0.01242	0.06150	0.05428	0.19762	0.08891	0.07464	0.01731	0.00784	0.00610	0.00189	0.00614	0.00677	0.00477	0.00809
40	0.01794	0.06016	0.02207	0.04958	0.16339	0.12071	0.16313	0.13180	0.04924	0.11453	0.01417	0.04179	0.01107	0.00646	0.00599	0.00180	0.00759	0.00586	0.00417	0.00855
41	0.01312	0.16911	0.13672	0.01129	0.01497	0.01158	0.01098	0.04150	0.01371	0.09817	0.02297	0.12322	0.04687	0.01123	0.00644	0.00210	0.00583	0.24858	0.00461	0.00699
42	0.01739	0.15034	0.25179	0.01478	0.02078	0.04987	0.09279	0.13761	0.05059	0.13792	0.01352	0.01422	0.00972	0.00610	0.00557	0.00175	0.00742	0.00494	0.00407	0.00883
43	0.02036	0.16322	0.10454	0.01215	0.01706	0.06957	0.03763	0.04886	0.06916	0.34529	0.02935	0.01734	0.02575	0.00677	0.00553	0.00173	0.00626	0.00534	0.00518	0.00891
44	0.01708	0.04305	0.23977	0.01326	0.01843	0.01061	0.05109	0.02098	0.01448	0.29702	0.02025	0.02818	0.01650	0.00873	0.00635	0.00204	0.00655	0.17220	0.00503	0.00838
45	0.01259	0.01655	0.20915	0.02423	0.35275	0.01220	0.05618	0.01656	0.01274	0.01810	0.01444	0.02344	0.01334	0.09132	0.00876	0.00235	0.00728	0.09681	0.00322	0.00800
46	0.01657	0.52131	0.12279	0.01084	0.01613	0.01867	0.01111	0.01917	0.01297	0.13796	0.01391	0.01428	0.05015	0.00606	0.00457	0.00148	0.00624	0.00430	0.00348	0.00801
47	0.01737	0.01544	0.09486	0.02812	0.01792	0.12281	0.09073	0.07541	0.07547	0.19804	0.09799	0.08981	0.01863	0.00831	0.00644	0.00189	0.02057	0.00708	0.00505	0.00806
48	0.01731	0.00847	0.01083	0.00917	0.01216	0.00772	0.00722	0.07023	0.01646	0.35362	0.18601	0.12912	0.10636	0.01062	0.00645	0.00191	0.00417	0.00905	0.02538	0.00775
49	0.04571	0.01482	0.01662	0.26522	0.14530	0.18677	0.01304	0.04963	0.01461	0.05657	0.09355	0.01774	0.01402	0.00797	0.03216	0.00206	0.00776	0.00553	0.00365	0.00727
50	0.03091	0.00996	0.01473	0.03911	0.06899	0.00956	0.08832	0.04351	0.06515	0.25169	0.19697	0.06999	0.06688	0.00908	0.00641	0.00191	0.00509	0.00809	0.00576	0.00789
51	0.01224	0.01025	0.01731	0.20853	0.12830	0.01054	0.12070	0.01594	0.02763	0.07209	0.24266	0.02744	0.04008	0.00827	0.00650	0.00193	0.00606	0.03196	0.00448	0.00711
52	0.00759	0.00580	0.00748	0.00840	0.00902	0.00568	0.00591	0.00877	0.01162	0.01528	0.03549	0.59941	0.15196	0.01740	0.00817	0.00236	0.04894	0.04045	0.00532	0.00495
53	0.43202	0.19915	0.17676	0.01046	0.01553	0.01580	0.01073	0.01831	0.04050	0.02182	0.00938	0.01070	0.00738	0.00552	0.00421	0.00171	0.00589	0.00358	0.00324	0.00730
54	0.04266	0.01041	0.01221	0.00891	0.01396	0.00811	0.00715	0.01640	0.01268	0.10030	0.01218	0.02517	0.00979	0.00496	0.00458	0.00104	0.00444	0.00397	0.00396	0.69714
55	0.01457	0.01346	0.02363	0.16076	0.51400	0.01372	0.09772	0.01826	0.01342	0.05610	0.01173	0.01526	0.00934	0.00545	0.00600	0.00182	0.00740	0.00549	0.00311	0.00877
56	0.00739	0.00557	0.00688	0.00782	0.00876	0.00506	0.00558	0.00875	0.01228	0.01578	0.05533	0.49252	0.24611	0.01716	0.00743	0.00230	0.00348	0.08137	0.00551	0.00493
57	0.01464	0.01390	0.02284	0.03365	0.67446	0.01412	0.01719	0.01960	0.09333	0.01991	0.01254	0.01545	0.01032	0.00557	0.00587	0.00178	0.00677	0.00542	0.00326	0.00937
58	0.08500	0.01341	0.06636	0.05413	0.01723	0.06467	0.02233	0.11400	0.02671	0.35610	0.05844	0.04795	0.01558	0.00772	0.00588	0.00186	0.00591	0.02233	0.00570	0.00867
59	0.01027	0.00514	0.00770	0.00770	0.00770	0.00514	0.00514	0.00770	0.00770	0.01027	0.01027	0.01798	0.01027	0.02054	0.02311	0.82794	0.00514	0.00514	0.00257	0.00257
60	0.03956	0.01249	0.01512	0.01161	0.01623	0.01233	0.00959	0.28935	0.02082	0.47979	0.01969	0.01775	0.01280	0.00721	0.00589	0.00181	0.00557	0.00567	0.00674	0.01000
61	0.01186	0.03059	0.76153	0.01686	0.02560	0.01373	0.02185	0.01873	0.01249	0.01873	0.01061	0.01249	0.00749	0.00562	0.00562	0.00187	0.00874	0.00437	0.00250	0.00874
62	0.01430	0.50337	0.31012	0.01269	0.01916	0.01971	0.01460	0.01810	0.01220	0.01575	0.00914	0.01063	0.00755	0.00527	0.00449	0.00150	0.00725	0.00362	0.00252	0.00803
63	0.01636	0.01873	0.01592	0.01424	0.01573	0.35625	0.01113	0.01777	0.01257	0.01413	0.00986	0.01447	0.00922	0.05639	0.09347	0.00302	0.30659	0.00487	0.00291	0.00635
64	0.83394	0.01144	0.00869	0.00778	0.01144	0.01327	0.00640	0.01738	0.01006	0.02653	0.00823	0.00961	0.00640	0.00549	0.00366	0.00183	0.00457	0.00320	0.00366	0.00640
65	0.01292	0.01246	0.02164	0.39390	0.36600	0.01367	0.06086	0.01673	0.01270	0.01726	0.01088	0.01526	0.00863	0.00556	0.00595	0.00187	0.00762	0.00537	0.00279	0.00793
66	0.01287	0.01184	0.01926	0.05465	0.51512	0.01187	0.01456	0.01662	0.03864	0.02020	0.17598	0.02287	0.04549	0.00722	0.00615	0.00180	0.00591	0.00676	0.00390	0.00828
67	0.01401	0.01342	0.02288	0.16928	0.62715	0.01389	0.01784	0.01760	0.01317	0.01857	0.01101	0.01484	0.00910	0.00538	0.00587	0.00179	0.00718	0.00527	0.00287	0.00887
68	0.01938	0.02401	0.02185	0.01781	0.02179	0.52301	0.22045	0.02195	0.01579	0.01594	0.01001	0.01225	0.00805	0.00571	0.00578	0.00164	0.01024	0.00472	0.00305	0.03659
69	0.00714	0.00572	0.00639	0.00681	0.00823	0.00497	0.00488	0.00856	0.01297	0.01614	0.09152	0.29415	0.47985	0.01596	0.00717	0.00212	0.00313	0.01379	0.00555	0.00497
70	0.01128	0.01072	0.01841	0.74856	0.04035	0.01321	0.04442	0.01526	0.01191	0.01526	0.01057	0.01577	0.00793	0.00588	0.00595	0.00197	0.00796	0.00532	0.00264	0.00662
71	0.01988	0.01155	0.01353	0.01137	0.01525	0.01208	0.00907	0.03028	0.42613	0.34625	0.02375	0.02122	0.01656	0.00772	0.00599	0.00193	0.00483	0.00636	0.00659	0.00967
72	0.00721	0.00515	0.00686	0.00823	0.00858	0.00480	0.00549	0.00823	0.01132	0.01510	0.03259	0.78831	0.03911	0.01853	0.00755	0.00240	0.00343	0.01681	0.00549	0.00480
73	0.00719	0.00521	0.00680	0.00808	0.00854	0.00482	0.00542	0.00825	0.01148	0.01516	0.03453	0.73637	0.08980	0.01828	0.00751	0.00237	0.00340	0.01650	0.00549	0.00482
74	0.08453	0.01408	0.01567	0.01219	0.01672	0.01495	0.01004	0.43919	0.05965	0.24674	0.01692	0.01598	0.01153	0.00709	0.00576	0.00181	0.00584	0.00542	0.00616	0.00975
75	0.10920	0.01423	0.01424	0.01213	0.01590	0.04212	0.00965	0.23390	0.42851	0.02822	0.01890	0.01798	0.01406	0.00740	0.00570	0.00190	0.00541	0.00580	0.00562	0.00914
76	0.00885	0.00632	0.00875	0.01012	0.01118	0.00622	0.00836	0.01108	0.01295	0.01694	0.03168	0.27646	0.03551	0.01697	0.00799	0.00263	0.00486	0.51238	0.00546	0.00526
77	0.01360	0.18295	0.02152	0.01470	0.01601	0.01915	0.03861	0.01516	0.00988	0.01433	0.00802	0.01230	0.00777	0.00901	0.01557	0.00228	0.58500	0.00480	0.00259	0.00677
78	0.01411	0.01330	0.02342	0.02089	0.14051	0.01342	0.30921	0.02091	0.18450	0.05735	0.01737	0.10216	0.01472	0.00752	0.00697	0.00201	0.03162	0.00761	0.00417	0.00823
79	0.00799	0.00603	0.00738	0.00704	0.00860	0.00542	0.00528	0.01043	0.01585	0.02160	0.56297	0.04766	0.24630	0.01288	0.00698	0.00190	0.00285	0.01118	0.00623	0.00542
80	0.00845	0.00604	0.00828	0.00955	0.01047	0.00587	0.00756	0.01044	0.01277	0.01686	0.06844	0.38137	0.03736	0.01708	0.00784	0.00254	0.00443	0.37396	0.00552	0.00517
81	0.01027	0.00514	0.00770	0.00770	0.00770	0.00514	0.00514	0.00770	0.00770	0.01027	0.01027	0.01798	0.01027	0.02054	0.02311	0.82794	0.00514	0.00514	0.00257	0.00257
82	0.01324	0.05025	0.36645	0.01283	0.01963	0.01145	0.01430	0.01814	0.02950	0.06958	0.01166	0.01302	0.00873	0.00527	0.00509	0.00145	0.00656	0.00414	0.00331	0.33540
83	0.33978	0.31534	0.09867	0.01024	0.01504	0.04331	0.00994	0.04631	0.01227	0.05024	0.00935	0.01051	0.00749	0.00550	0.00416	0.00160	0.00600	0.00353	0.00331	0.00741

[dist]
# distance from previous block
# <min> <max>
0	2

[block]
# block no. 11 follows, 39 sequences, length 62
# corresponding to MSA columns:
# 886-920,922-948
name=unknown_L
#
# <colnr> <probs for GDERKNQSTAVLIFYWHMCP>
#	G	D	E	R	K	N	Q	S	T	A	V	L	I	F	Y	W	H	M	C	P
0	0.02109	0.01339	0.01488	0.01264	0.05101	0.04690	0.00974	0.34380	0.04898	0.22344	0.01741	0.01715	0.01222	0.00703	0.00562	0.00172	0.00568	0.00550	0.13266	0.00915
1	0.11189	0.01432	0.02090	0.07651	0.52027	0.04378	0.01570	0.08988	0.01453	0.02151	0.01098	0.01392	0.00893	0.00555	0.00559	0.00177	0.00688	0.00497	0.00330	0.00881
2	0.01027	0.00514	0.00770	0.00770	0.00770	0.00514	0.00514	0.00770	0.00770	0.01027	0.01027	0.01798	0.01027	0.02054	0.02311	0.82794	0.00514	0.00514	0.00257	0.00257
3	0.01621	0.01361	0.02120	0.02467	0.35957	0.01382	0.10398	0.07940	0.15754	0.09686	0.01621	0.01759	0.02657	0.00631	0.00604	0.00184	0.00657	0.00595	0.00428	0.02178
4	0.01264	0.02024	0.34363	0.01512	0.02181	0.01197	0.13376	0.04918	0.01355	0.02000	0.04660	0.01459	0.01056	0.00551	0.00554	0.00158	0.00723	0.00488	0.00323	0.25836
5	0.00798	0.00595	0.00744	0.00740	0.00879	0.00541	0.00553	0.01026	0.01518	0.02064	0.47501	0.14497	0.20165	0.01375	0.00711	0.00200	0.00305	0.04641	0.00611	0.00535
6	0.12812	0.02108	0.01552	0.01344	0.01703	0.38418	0.01046	0.20323	0.11115	0.02311	0.01219	0.01286	0.00940	0.00651	0.00535	0.00169	0.00805	0.00448	0.00423	0.00792
7	0.00838	0.00628	0.00802	0.00899	0.01035	0.00592	0.00734	0.01044	0.01317	0.01674	0.03994	0.19038	0.24615	0.01632	0.00771	0.00245	0.00437	0.38638	0.00547	0.00520
8	0.77266	0.01133	0.00907	0.00799	0.01171	0.01292	0.00658	0.01825	0.01059	0.08215	0.00938	0.01041	0.00703	0.00563	0.00383	0.00183	0.00461	0.00341	0.00394	0.00668
9	0.01530	0.45397	0.02794	0.02157	0.33876	0.01931	0.01363	0.01790	0.01265	0.01628	0.00949	0.01174	0.00837	0.00515	0.00470	0.00148	0.00663	0.00408	0.00270	0.00837
10	0.00720	0.00536	0.00671	0.00772	0.00846	0.00487	0.00528	0.00840	0.01199	0.01561	0.06538	0.60119	0.19527	0.01751	0.00741	0.00229	0.00331	0.01564	0.00553	0.00487
11	0.00724	0.00544	0.00673	0.00773	0.00856	0.00493	0.00538	0.00846	0.01200	0.01544	0.03999	0.56037	0.23341	0.01747	0.00742	0.00230	0.00339	0.04335	0.00549	0.00488
12	0.01477	0.28180	0.05412	0.01565	0.02048	0.02906	0.25549	0.01958	0.09540	0.05381	0.01457	0.05668	0.01258	0.00680	0.00574	0.00178	0.00728	0.04298	0.00362	0.00782
13	0.01436	0.17459	0.01685	0.00976	0.01484	0.04227	0.00823	0.08437	0.01387	0.01968	0.01033	0.01181	0.00859	0.00485	0.00444	0.00107	0.00523	0.00362	0.00351	0.54773
14	0.01993	0.02048	0.01910	0.02062	0.22079	0.34556	0.03093	0.14798	0.04014	0.06102	0.01188	0.01338	0.00927	0.00614	0.00567	0.00168	0.00842	0.00476	0.00384	0.00839
15	0.01553	0.35653	0.02669	0.02377	0.39390	0.05683	0.01429	0.01824	0.01300	0.01671	0.00975	0.01218	0.00850	0.00522	0.00493	0.00153	0.00691	0.00427	0.00276	0.00846
16	0.01005	0.00643	0.00839	0.00768	0.00940	0.00585	0.00584	0.01274	0.01664	0.09341	0.65721	0.04236	0.07769	0.01174	0.00688	0.00186	0.00301	0.01031	0.00655	0.00598
17	0.01431	0.01371	0.02341	0.10685	0.68731	0.01396	0.01799	0.01786	0.01331	0.01892	0.01107	0.01474	0.00923	0.00533	0.00586	0.00178	0.00711	0.00527	0.00290	0.00910
18	0.01207	0.01119	0.01853	0.31999	0.33928	0.01213	0.01529	0.01547	0.01288	0.01744	0.04701	0.05542	0.04905	0.00741	0.00617	0.00193	0.00675	0.04115	0.00333	0.00751
19	0.05867	0.01042	0.01401	0.01149	0.01419	0.02303	0.06190	0.05095	0.02799	0.24451	0.12898	0.02227	0.01892	0.03973	0.03427	0.00234	0.14519	0.00650	0.07713	0.00752
20	0.00846	0.00629	0.00926	0.00926	0.01024	0.00726	0.00709	0.01041	0.00943	0.01355	0.01606	0.02445	0.01532	0.10345	0.71036	0.00921	0.01504	0.00652	0.00320	0.00515
21	0.01049	0.00946	0.01473	0.41799	0.02682	0.01177	0.01257	0.01313	0.01084	0.01456	0.01413	0.12187	0.01374	0.07275	0.07783	0.00309	0.13799	0.00715	0.00313	0.00597
22	0.01370	0.01301	0.02210	0.19377	0.57360	0.01357	0.01744	0.01727	0.01312	0.01836	0.01178	0.01691	0.01001	0.00584	0.00596	0.00184	0.00715	0.03299	0.00296	0.00862
23	0.02653	0.01006	0.01372	0.01052	0.01510	0.00869	0.00869	0.02882	0.01693	0.75937	0.02333	0.02013	0.01464	0.00732	0.00595	0.00183	0.00503	0.00595	0.00732	0.01006
24	0.01479	0.01062	0.01225	0.01108	0.01401	0.01114	0.00923	0.25971	0.07575	0.06265	0.02923	0.04138	0.14201	0.01186	0.00693	0.00218	0.00532	0.26664	0.00575	0.00748
25	0.00855	0.00701	0.00986	0.20508	0.01726	0.00731	0.00870	0.01072	0.01238	0.01575	0.03367	0.28589	0.21170	0.01404	0.00709	0.00224	0.00479	0.12780	0.00475	0.00541
