[name]
unknown

[dist]
# distance from previous block
# <min> <max>
0	220

[block]
# block no. 0 follows, 48 sequences, length 17
# corresponding to MSA columns:
# 312-328
name=unknown_A
#
# <colnr> <probs for GDERKNQSTAVLIFYWHMCP>
#	G	D	E	R	K	N	Q	S	T	A	V	L	I	F	Y	W	H	M	C	P
0	0.00780	0.00485	0.00585	0.00585	0.00585	0.00485	0.00342	0.00728	0.00728	0.00971	0.01448	0.02940	0.01639	0.63326	0.02471	0.20160	0.00485	0.00676	0.00290	0.00290
1	0.01449	0.19000	0.09322	0.01259	0.09875	0.01211	0.05115	0.03957	0.09759	0.18569	0.07734	0.01532	0.01278	0.00568	0.00474	0.00144	0.00514	0.00471	0.00393	0.07377
2	0.04279	0.01150	0.01598	0.08086	0.33557	0.03026	0.01178	0.07897	0.16842	0.10785	0.03264	0.01498	0.01098	0.00573	0.00541	0.00161	0.02818	0.00492	0.00380	0.00776
3	0.01064	0.00912	0.01064	0.00760	0.01216	0.00684	0.00608	0.01292	0.01064	0.01672	0.00912	0.01064	0.00760	0.00380	0.00380	0.00076	0.00380	0.00304	0.00304	0.85104
4	0.01506	0.01216	0.01289	0.01091	0.01422	0.01383	0.00868	0.27999	0.52194	0.02516	0.01797	0.01682	0.01330	0.00669	0.00519	0.00167	0.00460	0.00540	0.00519	0.00833
5	0.01029	0.00874	0.01026	0.00756	0.01178	0.00662	0.00597	0.01245	0.01057	0.01643	0.01066	0.07555	0.00972	0.00479	0.00402	0.00087	0.00373	0.00397	0.00318	0.78281
6	0.00613	0.00520	0.00529	0.00527	0.00697	0.00436	0.00395	0.00749	0.01185	0.01422	0.09167	0.04878	0.74567	0.01286	0.00606	0.00173	0.00259	0.01075	0.00481	0.00436
7	0.01211	0.01384	0.03028	0.02163	0.02682	0.01298	0.76903	0.01644	0.01211	0.01644	0.01038	0.01384	0.00779	0.00433	0.00606	0.00173	0.00865	0.00606	0.00260	0.00692
8	0.02169	0.01087	0.01323	0.01015	0.01417	0.01072	0.00838	0.30813	0.01827	0.50303	0.01723	0.01551	0.01119	0.00628	0.00515	0.00157	0.00485	0.00495	0.00589	0.00873
9	0.01205	0.01288	0.02699	0.01965	0.02408	0.01252	0.63296	0.01585	0.01165	0.04142	0.01108	0.03872	0.00884	0.00631	0.03428	0.00200	0.07309	0.00614	0.00276	0.00671
10	0.01122	0.00577	0.00606	0.00560	0.00720	0.00580	0.00432	0.06988	0.01203	0.07203	0.01664	0.01851	0.01279	0.00602	0.00381	0.00125	0.00277	0.00480	0.72817	0.00534
11	0.00891	0.00446	0.00668	0.00668	0.00668	0.00446	0.00446	0.00668	0.00668	0.00891	0.00891	0.01560	0.00891	0.01783	0.02005	0.85071	0.00446	0.00446	0.00223	0.00223
12	0.01144	0.00909	0.01072	0.00770	0.01222	0.00689	0.00617	0.01370	0.01090	0.06699	0.00984	0.01108	0.00793	0.00397	0.00389	0.00081	0.00384	0.00318	0.00325	0.79637
13	0.00677	0.00547	0.00612	0.00578	0.00752	0.00467	0.00436	0.00852	0.01260	0.01635	0.30030	0.04308	0.48255	0.01154	0.00591	0.00163	0.00262	0.00979	0.00496	0.05946
14	0.00662	0.00489	0.00690	0.00773	0.00827	0.00459	0.02810	0.00778	0.01022	0.01366	0.05710	0.70524	0.03338	0.01536	0.00656	0.00208	0.00326	0.06922	0.00473	0.00432
15	0.04335	0.00912	0.00984	0.00896	0.01129	0.07151	0.00698	0.06944	0.11346	0.22855	0.02079	0.22659	0.01907	0.00945	0.00548	0.00175	0.00434	0.07264	0.06088	0.00653
16	0.03848	0.04049	0.05372	0.01242	0.04096	0.03254	0.08220	0.31932	0.01762	0.28848	0.01421	0.01386	0.00967	0.00582	0.00510	0.00156	0.00565	0.00476	0.00487	0.00826

[dist]
# distance from previous block
# <min> <max>
0	7

[block]
# block no. 1 follows, 48 sequences, length 29
# corresponding to MSA columns:
# 336-364
name=unknown_B
#
# <colnr> <probs for GDERKNQSTAVLIFYWHMCP>
#	G	D	E	R	K	N	Q	S	T	A	V	L	I	F	Y	W	H	M	C	P
0	0.54923	0.04105	0.01091	0.03080	0.06485	0.06136	0.00751	0.06122	0.03289	0.02105	0.00817	0.00960	0.00648	0.00512	0.00437	0.00157	0.04741	0.00328	0.00316	0.02995
1	0.01036	0.00982	0.01571	0.67867	0.06005	0.03214	0.03456	0.02974	0.01072	0.01387	0.00934	0.01358	0.00710	0.00524	0.00541	0.00169	0.02768	0.00457	0.02387	0.00587
2	0.01372	0.82276	0.02689	0.00878	0.01317	0.02030	0.00878	0.01536	0.01043	0.01207	0.00713	0.00823	0.00658	0.00439	0.00329	0.00110	0.00549	0.00274	0.00219	0.00658
3	0.00724	0.00540	0.00612	0.00597	0.00763	0.00470	0.00459	0.00893	0.01258	0.04829	0.24348	0.04567	0.50810	0.01213	0.00609	0.00174	0.00277	0.05884	0.00506	0.00468
4	0.00672	0.00522	0.00611	0.00589	0.00733	0.00461	0.00441	0.00863	0.01324	0.01753	0.45289	0.04334	0.38238	0.01162	0.00606	0.00167	0.00250	0.00998	0.00525	0.00461
5	0.74742	0.00977	0.00811	0.00706	0.01034	0.01099	0.00582	0.01638	0.00951	0.12309	0.00885	0.00952	0.00649	0.00497	0.00343	0.00159	0.00402	0.00309	0.00359	0.00597
6	0.00619	0.00520	0.00537	0.00533	0.00701	0.00439	0.00400	0.00761	0.01199	0.01457	0.12901	0.04822	0.70812	0.01273	0.00606	0.00172	0.00258	0.01067	0.00486	0.00439
7	0.02302	0.00873	0.01191	0.00913	0.01310	0.00754	0.00754	0.02501	0.01469	0.79122	0.02024	0.01746	0.01270	0.00635	0.00516	0.00159	0.00437	0.00516	0.00635	0.00873
8	0.01097	0.02402	0.63987	0.01561	0.02267	0.01225	0.13720	0.04788	0.01159	0.01695	0.00952	0.01137	0.00680	0.00484	0.00507	0.00164	0.00767	0.00418	0.00236	0.00753
9	0.01276	0.01102	0.01160	0.01044	0.01334	0.01276	0.00812	0.02727	0.77840	0.02146	0.02088	0.01914	0.01566	0.00696	0.00522	0.00174	0.00406	0.00580	0.00522	0.00812
10	0.85592	0.00992	0.00754	0.00675	0.00992	0.01151	0.00556	0.01508	0.00873	0.02302	0.00714	0.00834	0.00556	0.00476	0.00318	0.00159	0.00397	0.00278	0.00318	0.00556
11	0.01951	0.01437	0.01540	0.01181	0.01591	0.01591	0.00975	0.77056	0.02412	0.03234	0.01232	0.01232	0.00873	0.00616	0.00513	0.00154	0.00565	0.00462	0.00513	0.00873
12	0.85592	0.00992	0.00754	0.00675	0.00992	0.01151	0.00556	0.01508	0.00873	0.02302	0.00714	0.00834	0.00556	0.00476	0.00318	0.00159	0.00397	0.00278	0.00318	0.00556
13	0.01270	0.01219	0.02083	0.03149	0.78767	0.01219	0.01575	0.01575	0.01168	0.01676	0.00965	0.01270	0.00813	0.00457	0.00508	0.00152	0.00610	0.00457	0.00254	0.00813
14	0.01276	0.01102	0.01160	0.01044	0.01334	0.01276	0.00812	0.02727	0.77840	0.02146	0.02088	0.01914	0.01566	0.00696	0.00522	0.00174	0.00406	0.00580	0.00522	0.00812
15	0.00629	0.00448	0.00594	0.00710	0.00738	0.00419	0.00471	0.00715	0.00975	0.01300	0.02789	0.79128	0.03345	0.04179	0.00718	0.00218	0.00304	0.01436	0.00471	0.00413
16	0.15801	0.00901	0.01119	0.00879	0.01259	0.00837	0.00724	0.02347	0.04113	0.63874	0.01814	0.01604	0.01165	0.00611	0.00484	0.00159	0.00429	0.00480	0.00579	0.00819
17	0.00746	0.00497	0.00560	0.00560	0.00560	0.00497	0.00311	0.00746	0.00746	0.00995	0.01617	0.03358	0.01865	0.81967	0.02612	0.00497	0.00497	0.00746	0.00311	0.00311
18	0.14226	0.01081	0.01210	0.00965	0.01319	0.01126	0.00787	0.33152	0.01737	0.27839	0.04306	0.07307	0.01283	0.00690	0.00499	0.00160	0.00467	0.00542	0.00524	0.00779
19	0.00662	0.00505	0.00614	0.00659	0.00768	0.00456	0.00489	0.00813	0.01164	0.01509	0.18389	0.30215	0.30333	0.01367	0.00634	0.00190	0.00294	0.10003	0.00493	0.00442
20	0.01064	0.00912	0.01064	0.00760	0.01216	0.00684	0.00608	0.01292	0.01064	0.01672	0.00912	0.01064	0.00760	0.00380	0.00380	0.00076	0.00380	0.00304	0.00304	0.85104
21	0.45501	0.00923	0.00941	0.00776	0.01124	0.00949	0.00639	0.01925	0.01149	0.36550	0.01453	0.01382	0.03559	0.00575	0.00416	0.00159	0.00410	0.00412	0.00465	0.00693
22	0.00638	0.00459	0.00608	0.00723	0.00763	0.00429	0.00496	0.00738	0.01002	0.01327	0.02906	0.73889	0.06081	0.01584	0.00657	0.00209	0.00308	0.06286	0.00476	0.00421
23	0.01232	0.01100	0.09632	0.01006	0.04033	0.00973	0.00845	0.22885	0.05074	0.06355	0.16484	0.05818	0.15795	0.00854	0.00579	0.00164	0.02710	0.00702	0.03097	0.00663
24	0.01198	0.01089	0.01557	0.17845	0.16377	0.03583	0.01186	0.04805	0.01059	0.05262	0.01165	0.03647	0.04821	0.00740	0.00992	0.00188	0.33059	0.00513	0.00285	0.00630
25	0.00686	0.00519	0.00597	0.00634	0.00753	0.00472	0.00477	0.00824	0.01103	0.01404	0.06376	0.14877	0.39473	0.10820	0.00858	0.00225	0.00332	0.15154	0.03990	0.00428
26	0.01619	0.04433	0.06539	0.04105	0.12090	0.02170	0.00933	0.04716	0.04699	0.35133	0.01709	0.10193	0.01364	0.04822	0.02951	0.00198	0.00523	0.00598	0.00463	0.00741
27	0.01613	0.16673	0.03598	0.01601	0.22061	0.03277	0.06174	0.05769	0.01299	0.25081	0.01333	0.03618	0.01009	0.00555	0.00479	0.00148	0.00548	0.00474	0.03925	0.00764
28	0.03989	0.13452	0.08570	0.01571	0.03903	0.03250	0.35330	0.06780	0.01282	0.09502	0.03278	0.01484	0.04162	0.00528	0.00525	0.00158	0.00685	0.00527	0.00324	0.00703

[dist]
# distance from previous block
# <min> <max>
0	12

[block]
# block no. 2 follows, 48 sequences, length 23
# corresponding to MSA columns:
# 377-399
name=unknown_C
#
# <colnr> <probs for GDERKNQSTAVLIFYWHMCP>
#	G	D	E	R	K	N	Q	S	T	A	V	L	I	F	Y	W	H	M	C	P
0	0.39712	0.01005	0.01197	0.03188	0.14554	0.01082	0.04591	0.05676	0.04032	0.07591	0.02917	0.05973	0.01110	0.00628	0.00449	0.00166	0.00471	0.04648	0.00366	0.00643
1	0.01111	0.00890	0.01050	0.00766	0.01200	0.00676	0.00610	0.01332	0.01082	0.05804	0.01055	0.04605	0.00902	0.00447	0.00399	0.00086	0.00379	0.00366	0.00329	0.76910
2	0.01014	0.00892	0.03196	0.47071	0.05370	0.00988	0.01144	0.04553	0.01135	0.05304	0.04624	0.05486	0.10959	0.00819	0.03424	0.00195	0.02322	0.00603	0.00319	0.00580
3	0.00877	0.00599	0.00825	0.00920	0.01053	0.00589	0.00799	0.01106	0.01193	0.04828	0.02826	0.05568	0.07112	0.01378	0.00695	0.00229	0.00459	0.67976	0.00480	0.00487
4	0.00625	0.00447	0.00595	0.00714	0.00744	0.00417	0.00476	0.00714	0.00982	0.01310	0.02828	0.81633	0.03394	0.01608	0.00655	0.00208	0.00298	0.01459	0.00476	0.00417
5	0.00730	0.00542	0.00682	0.00644	0.00776	0.00503	0.00484	0.00996	0.03742	0.01987	0.68147	0.03896	0.12815	0.01066	0.00603	0.00163	0.00249	0.00934	0.00554	0.00489
6	0.00680	0.00489	0.00645	0.00677	0.00756	0.00454	0.00481	0.00853	0.01239	0.01719	0.44212	0.39082	0.04185	0.01302	0.00628	0.00183	0.00267	0.01168	0.00525	0.00454
7	0.02239	0.00974	0.01253	0.00961	0.01360	0.00903	0.00794	0.15783	0.01637	0.65602	0.01883	0.01655	0.01199	0.00632	0.00516	0.00158	0.00459	0.00506	0.00613	0.00873
8	0.01064	0.00912	0.01064	0.00760	0.01216	0.00684	0.00608	0.01292	0.01064	0.01672	0.00912	0.01064	0.00760	0.00380	0.00380	0.00076	0.00380	0.00304	0.00304	0.85104
9	0.01276	0.01102	0.01160	0.01044	0.01334	0.01276	0.00812	0.02727	0.77840	0.02146	0.02088	0.01914	0.01566	0.00696	0.00522	0.00174	0.00406	0.00580	0.00522	0.00812
10	0.00969	0.00912	0.01539	0.80734	0.03534	0.01140	0.01425	0.01311	0.01026	0.01311	0.00912	0.01368	0.00684	0.00513	0.00513	0.00171	0.00684	0.00456	0.00228	0.00570
11	0.01029	0.02654	0.79309	0.01462	0.02221	0.01192	0.01896	0.01625	0.01083	0.01625	0.00921	0.01083	0.00650	0.00487	0.00487	0.00162	0.00758	0.00379	0.00217	0.00758
12	0.00625	0.00447	0.00595	0.00714	0.00744	0.00417	0.00476	0.00714	0.00982	0.01310	0.02828	0.81633	0.03394	0.01608	0.00655	0.00208	0.00298	0.01459	0.00476	0.00417
13	0.02302	0.00873	0.01191	0.00913	0.01310	0.00754	0.00754	0.02501	0.01469	0.79122	0.02024	0.01746	0.01270	0.00635	0.00516	0.00159	0.00437	0.00516	0.00635	0.00873
14	0.00883	0.00752	0.01064	0.01017	0.01197	0.04198	0.10335	0.01120	0.01203	0.01551	0.07593	0.07405	0.13239	0.01199	0.00653	0.00206	0.00485	0.42757	0.02647	0.00499
15	0.01211	0.01384	0.03028	0.02163	0.02682	0.01298	0.76903	0.01644	0.01211	0.01644	0.01038	0.01384	0.00779	0.00433	0.00606	0.00173	0.00865	0.00606	0.00260	0.00692
16	0.01704	0.01227	0.01312	0.01037	0.01382	0.01349	0.00846	0.57685	0.06195	0.02913	0.04179	0.01477	0.01129	0.00633	0.00491	0.00150	0.00490	0.00488	0.14525	0.00790
17	0.01707	0.04373	0.04218	0.01052	0.01362	0.01082	0.03715	0.16641	0.01410	0.32491	0.01457	0.01606	0.01076	0.06325	0.05876	0.02710	0.11214	0.00500	0.00454	0.00729
18	0.01292	0.14753	0.35488	0.01374	0.07947	0.01203	0.05574	0.01709	0.02763	0.13816	0.08142	0.01445	0.01169	0.00553	0.00486	0.00153	0.00614	0.00457	0.00326	0.00737
19	0.00726	0.00524	0.00686	0.00646	0.00767	0.00484	0.00484	0.00968	0.01452	0.02058	0.78496	0.03833	0.04841	0.01049	0.00605	0.00161	0.00242	0.00928	0.00565	0.00484
20	0.00699	0.00515	0.00590	0.00606	0.00743	0.00449	0.00441	0.00835	0.01167	0.04759	0.13845	0.25647	0.45217	0.01323	0.00616	0.00181	0.00275	0.01142	0.00495	0.00454
21	0.01569	0.09071	0.21071	0.01340	0.04859	0.05491	0.08621	0.17513	0.06031	0.16087	0.02597	0.01337	0.00958	0.00554	0.00499	0.00155	0.00624	0.00456	0.00387	0.00779
22	0.03010	0.06510	0.46335	0.01425	0.06034	0.02507	0.08042	0.01609	0.02718	0.05791	0.07334	0.01505	0.03814	0.00565	0.00502	0.00160	0.00660	0.00474	0.00291	0.00716

[dist]
# distance from previous block
# <min> <max>
5	9

[block]
# block no. 3 follows, 48 sequences, length 19
# corresponding to MSA columns:
# 409-427
name=unknown_D
#
# <colnr> <probs for GDERKNQSTAVLIFYWHMCP>
#	G	D	E	R	K	N	Q	S	T	A	V	L	I	F	Y	W	H	M	C	P
0	0.04858	0.01198	0.01318	0.01027	0.01397	0.01280	0.00844	0.50851	0.02015	0.17794	0.01420	0.01399	0.00991	0.00613	0.00488	0.00151	0.00495	0.00468	0.10578	0.00815
1	0.01053	0.00633	0.00789	0.00750	0.00933	0.00592	0.00579	0.01334	0.07654	0.17131	0.19363	0.18574	0.18706	0.01133	0.00601	0.00181	0.00333	0.08565	0.00531	0.00565
2	0.00866	0.00520	0.00594	0.00572	0.00698	0.00508	0.00430	0.01148	0.03887	0.01985	0.35687	0.02763	0.02884	0.00801	0.00473	0.00140	0.00246	0.00681	0.44625	0.00492
3	0.00945	0.00574	0.00692	0.00649	0.00830	0.00501	0.00491	0.01108	0.01263	0.15616	0.21600	0.15194	0.36264	0.01164	0.00597	0.00173	0.00293	0.00998	0.00526	0.00523
4	0.00737	0.00536	0.00754	0.00754	0.00821	0.00603	0.00553	0.00871	0.00804	0.01138	0.01439	0.02376	0.01439	0.24802	0.59194	0.00737	0.01139	0.00602	0.00285	0.00419
5	0.85592	0.00992	0.00754	0.00675	0.00992	0.01151	0.00556	0.01508	0.00873	0.02302	0.00714	0.00834	0.00556	0.00476	0.00318	0.00159	0.00397	0.00278	0.00318	0.00556
6	0.85592	0.00992	0.00754	0.00675	0.00992	0.01151	0.00556	0.01508	0.00873	0.02302	0.00714	0.00834	0.00556	0.00476	0.00318	0.00159	0.00397	0.00278	0.00318	0.00556
7	0.00865	0.00608	0.00832	0.00739	0.00905	0.00566	0.03935	0.01152	0.04371	0.07011	0.62806	0.03578	0.08627	0.00996	0.00596	0.00163	0.00290	0.00882	0.00549	0.00528
8	0.01170	0.00926	0.01087	0.00783	0.01234	0.00717	0.00629	0.03777	0.01132	0.06603	0.00992	0.01112	0.00796	0.00404	0.00393	0.00084	0.00389	0.00322	0.00332	0.77117
9	0.01250	0.01199	0.02047	0.08191	0.73878	0.01214	0.01565	0.01558	0.01159	0.01653	0.00962	0.01276	0.00804	0.00461	0.00508	0.00154	0.00614	0.00457	0.00252	0.00797
10	0.05706	0.01004	0.01468	0.04810	0.01483	0.03549	0.12255	0.01323	0.00948	0.06265	0.01002	0.01440	0.00880	0.05213	0.11294	0.05719	0.27066	0.00479	0.00280	0.07817
11	0.01237	0.10251	0.36488	0.06248	0.01885	0.01212	0.03748	0.01793	0.11313	0.10522	0.03624	0.01428	0.01019	0.00571	0.00531	0.00160	0.03461	0.01581	0.00325	0.02601
12	0.01211	0.01384	0.03028	0.02163	0.02682	0.01298	0.76903	0.01644	0.01211	0.01644	0.01038	0.01384	0.00779	0.00433	0.00606	0.00173	0.00865	0.00606	0.00260	0.00692
13	0.01313	0.01110	0.01840	0.10556	0.47280	0.01122	0.06242	0.04140	0.03250	0.09313	0.07656	0.01566	0.01204	0.00540	0.00524	0.00158	0.00579	0.00516	0.00331	0.00760
14	0.01360	0.04192	0.01710	0.26233	0.26923	0.04987	0.02974	0.11386	0.01323	0.08499	0.01252	0.01473	0.04338	0.00551	0.00509	0.00158	0.00614	0.00481	0.00323	0.00715
15	0.01648	0.03660	0.09976	0.01150	0.06816	0.00894	0.04475	0.02006	0.07699	0.39668	0.06529	0.05253	0.06489	0.00704	0.00528	0.00162	0.00477	0.00599	0.00500	0.00765
16	0.00622	0.00458	0.00583	0.00683	0.00736	0.00419	0.00462	0.00718	0.01013	0.01322	0.03210	0.69284	0.15496	0.01558	0.00647	0.00203	0.00292	0.01398	0.00476	0.00419
17	0.05037	0.01194	0.06717	0.26666	0.33339	0.01181	0.07472	0.01568	0.03016	0.05629	0.01017	0.01315	0.00788	0.00500	0.00534	0.00163	0.02419	0.00462	0.00273	0.00710
18	0.05327	0.14950	0.01792	0.12797	0.19421	0.09219	0.03822	0.07178	0.06727	0.12271	0.01133	0.01266	0.00861	0.00522	0.00471	0.00149	0.00600	0.00428	0.00338	0.00727

[dist]
# distance from previous block
# <min> <max>
1	7

[block]
# block no. 4 follows, 48 sequences, length 17
# corresponding to MSA columns:
# 435-451
name=unknown_E
#
# <colnr> <probs for GDERKNQSTAVLIFYWHMCP>
#	G	D	E	R	K	N	Q	S	T	A	V	L	I	F	Y	W	H	M	C	P
0	0.01317	0.24801	0.07969	0.03825	0.01567	0.01483	0.07846	0.05418	0.01126	0.08822	0.06395	0.01320	0.01038	0.00649	0.00814	0.00166	0.24035	0.00448	0.00303	0.00657
1	0.00917	0.00545	0.00644	0.00600	0.00759	0.00498	0.00457	0.01130	0.01293	0.09398	0.34778	0.03348	0.19220	0.00940	0.00530	0.00152	0.00264	0.00800	0.23217	0.00510
2	0.00685	0.00503	0.00642	0.00649	0.00752	0.00460	0.00471	0.00873	0.01293	0.01778	0.49603	0.24826	0.13104	0.01228	0.00619	0.00175	0.00259	0.01088	0.00531	0.00460
3	0.00718	0.00524	0.00674	0.00637	0.00761	0.00481	0.00477	0.00952	0.01432	0.02010	0.73322	0.03911	0.10045	0.01067	0.00605	0.00162	0.00243	0.00939	0.00559	0.00481
4	0.05085	0.00863	0.01150	0.00889	0.01273	0.00758	0.00733	0.02419	0.01434	0.73674	0.01967	0.01722	0.01248	0.00628	0.00503	0.00157	0.00428	0.00507	0.03717	0.00848
5	0.01276	0.01102	0.01160	0.01044	0.01334	0.01276	0.00812	0.02727	0.77840	0.02146	0.02088	0.01914	0.01566	0.00696	0.00522	0.00174	0.00406	0.00580	0.00522	0.00812
6	0.01064	0.00912	0.01064	0.00760	0.01216	0.00684	0.00608	0.01292	0.01064	0.01672	0.00912	0.01064	0.00760	0.00380	0.00380	0.00076	0.00380	0.00304	0.00304	0.85104
7	0.85592	0.00992	0.00754	0.00675	0.00992	0.01151	0.00556	0.01508	0.00873	0.02302	0.00714	0.00834	0.00556	0.00476	0.00318	0.00159	0.00397	0.00278	0.00318	0.00556
8	0.00969	0.00912	0.01539	0.80734	0.03534	0.01140	0.01425	0.01311	0.01026	0.01311	0.00912	0.01368	0.00684	0.00513	0.00513	0.00171	0.00684	0.00456	0.00228	0.00570
9	0.00624	0.00451	0.00591	0.00703	0.00741	0.00418	0.00471	0.00716	0.00994	0.01314	0.02970	0.77051	0.07884	0.01589	0.00652	0.00206	0.00295	0.01436	0.00476	0.00418
10	0.01238	0.01140	0.01750	0.04126	0.55347	0.05280	0.01334	0.01517	0.02973	0.03401	0.01233	0.04914	0.01129	0.00672	0.00607	0.04558	0.00586	0.07178	0.00296	0.00721
11	0.01372	0.82276	0.02689	0.00878	0.01317	0.02030	0.00878	0.01536	0.01043	0.01207	0.00713	0.00823	0.00658	0.00439	0.00329	0.00110	0.00549	0.00274	0.00219	0.00658
12	0.00646	0.00455	0.00589	0.00687	0.00712	0.00431	0.00447	0.00720	0.00941	0.01255	0.02616	0.67930	0.03126	0.15675	0.00997	0.00259	0.00333	0.01334	0.00447	0.00398
13	0.00718	0.00524	0.00645	0.00659	0.00775	0.00485	0.00501	0.00902	0.01234	0.01666	0.33172	0.10853	0.21500	0.06910	0.00758	0.00203	0.00308	0.13552	0.04184	0.00452
14	0.04197	0.07838	0.39416	0.01465	0.02027	0.18723	0.13406	0.04212	0.01220	0.01594	0.00900	0.01074	0.00677	0.00488	0.00485	0.00153	0.00779	0.00396	0.00247	0.00702
15	0.01089	0.16613	0.59355	0.01337	0.01981	0.01342	0.01643	0.01572	0.01064	0.01528	0.00925	0.01181	0.00722	0.00528	0.00528	0.00159	0.04868	0.02618	0.00225	0.00722
16	0.45671	0.01078	0.01255	0.17065	0.11756	0.02800	0.03965	0.05396	0.01044	0.01990	0.00827	0.01051	0.00646	0.00501	0.00449	0.00162	0.03068	0.00366	0.00295	0.00615

[dist]
# distance from previous block
# <min> <max>
0	1

[block]
# block no. 5 follows, 48 sequences, length 34
# corresponding to MSA columns:
# 453-486
name=unknown_F
#
# <colnr> <probs for GDERKNQSTAVLIFYWHMCP>
#	G	D	E	R	K	N	Q	S	T	A	V	L	I	F	Y	W	H	M	C	P
0	0.00906	0.00521	0.00554	0.00547	0.00676	0.00519	0.00409	0.01201	0.05465	0.01889	0.12964	0.05798	0.06601	0.00754	0.00431	0.00136	0.00253	0.00627	0.59257	0.00493
1	0.01534	0.42872	0.02072	0.01101	0.04454	0.16054	0.00921	0.16004	0.02858	0.01645	0.00983	0.05520	0.00878	0.00561	0.00418	0.00131	0.00606	0.00400	0.00305	0.00683
2	0.00625	0.00447	0.00595	0.00714	0.00744	0.00417	0.00476	0.00714	0.00982	0.01310	0.02828	0.81633	0.03394	0.01608	0.00655	0.00208	0.00298	0.01459	0.00476	0.00417
3	0.06638	0.04838	0.01548	0.01218	0.05360	0.01509	0.00962	0.60646	0.02140	0.08258	0.01222	0.01229	0.00870	0.00594	0.00494	0.00153	0.00548	0.00447	0.00485	0.00843
4	0.05518	0.05972	0.05020	0.11359	0.24952	0.10021	0.18624	0.04114	0.01197	0.03156	0.00944	0.01217	0.00750	0.00497	0.00562	0.00159	0.04515	0.00456	0.00268	0.00700
5	0.00731	0.00522	0.00663	0.00628	0.00752	0.00480	0.00471	0.00966	0.01413	0.02006	0.69372	0.03797	0.09457	0.01040	0.00591	0.00160	0.00243	0.00913	0.05315	0.00480
6	0.03472	0.06015	0.02825	0.08034	0.01569	0.01365	0.00922	0.28504	0.26772	0.02336	0.03045	0.01522	0.01160	0.00638	0.00548	0.00161	0.04316	0.00493	0.05547	0.00757
7	0.00833	0.00617	0.00822	0.00780	0.00848	0.00685	0.01950	0.03490	0.02698	0.01206	0.01457	0.02572	0.01506	0.36934	0.31167	0.03765	0.05564	0.02383	0.00304	0.00419
8	0.00719	0.00512	0.00649	0.00699	0.00781	0.00491	0.00502	0.00926	0.04366	0.01596	0.23492	0.40874	0.06262	0.04126	0.00687	0.00199	0.00302	0.06560	0.05799	0.00457
9	0.00751	0.00519	0.00663	0.00627	0.00748	0.00484	0.00471	0.00993	0.01412	0.02042	0.70155	0.03624	0.04459	0.01000	0.00578	0.00157	0.00242	0.00879	0.09713	0.00484
10	0.00631	0.00449	0.00594	0.00707	0.00735	0.00421	0.00468	0.00716	0.00971	0.01294	0.02768	0.77731	0.03317	0.05613	0.00752	0.00223	0.00308	0.01423	0.00468	0.00411
11	0.01372	0.82276	0.02689	0.00878	0.01317	0.02030	0.00878	0.01536	0.01043	0.01207	0.00713	0.00823	0.00658	0.00439	0.00329	0.00110	0.00549	0.00274	0.00219	0.00658
12	0.01029	0.02654	0.79309	0.01462	0.02221	0.01192	0.01896	0.01625	0.01083	0.01625	0.00921	0.01083	0.00650	0.00487	0.00487	0.00162	0.00758	0.00379	0.00217	0.00758
13	0.02302	0.00873	0.01191	0.00913	0.01310	0.00754	0.00754	0.02501	0.01469	0.79122	0.02024	0.01746	0.01270	0.00635	0.00516	0.00159	0.00437	0.00516	0.00635	0.00873
14	0.01372	0.82276	0.02689	0.00878	0.01317	0.02030	0.00878	0.01536	0.01043	0.01207	0.00713	0.00823	0.00658	0.00439	0.00329	0.00110	0.00549	0.00274	0.00219	0.00658
15	0.00969	0.00912	0.01539	0.80734	0.03534	0.01140	0.01425	0.01311	0.01026	0.01311	0.00912	0.01368	0.00684	0.00513	0.00513	0.00171	0.00684	0.00456	0.00228	0.00570
16	0.00819	0.00585	0.00818	0.00936	0.01050	0.00584	0.00813	0.01049	0.01173	0.01527	0.02721	0.08792	0.02970	0.01425	0.00707	0.00235	0.00466	0.72388	0.00473	0.00470
17	0.00625	0.00447	0.00595	0.00714	0.00744	0.00417	0.00476	0.00714	0.00982	0.01310	0.02828	0.81633	0.03394	0.01608	0.00655	0.00208	0.00298	0.01459	0.00476	0.00417
18	0.01372	0.82276	0.02689	0.00878	0.01317	0.02030	0.00878	0.01536	0.01043	0.01207	0.00713	0.00823	0.00658	0.00439	0.00329	0.00110	0.00549	0.00274	0.00219	0.00658
19	0.01043	0.17377	0.22321	0.01087	0.01456	0.01051	0.03305	0.01354	0.01124	0.04553	0.01770	0.09212	0.01784	0.00929	0.00559	0.00184	0.00561	0.29372	0.00354	0.00604
20	0.85592	0.00992	0.00754	0.00675	0.00992	0.01151	0.00556	0.01508	0.00873	0.02302	0.00714	0.00834	0.00556	0.00476	0.00318	0.00159	0.00397	0.00278	0.00318	0.00556
21	0.00746	0.00497	0.00560	0.00560	0.00560	0.00497	0.00311	0.00746	0.00746	0.00995	0.01617	0.03358	0.01865	0.81967	0.02612	0.00497	0.00497	0.00746	0.00311	0.00311
22	0.00967	0.02210	0.62406	0.04197	0.02005	0.01061	0.01621	0.01485	0.01133	0.01657	0.11142	0.01641	0.05076	0.00601	0.00510	0.00163	0.00664	0.00488	0.00275	0.00700
23	0.01197	0.08414	0.13445	0.02213	0.33629	0.01267	0.19033	0.01548	0.01137	0.01598	0.01016	0.01411	0.00853	0.00509	0.00560	0.00158	0.03706	0.03688	0.00257	0.04363
24	0.01407	0.57099	0.09625	0.00932	0.01372	0.01682	0.00935	0.01676	0.04421	0.10426	0.05336	0.01172	0.01004	0.00512	0.00390	0.00126	0.00532	0.00363	0.00300	0.00690
25	0.00670	0.00522	0.00608	0.00586	0.00732	0.00460	0.00440	0.00859	0.01319	0.01741	0.43975	0.04353	0.39559	0.01167	0.00606	0.00167	0.00250	0.01001	0.00523	0.00460
26	0.00985	0.00927	0.01554	0.70372	0.10646	0.01122	0.01402	0.01315	0.01045	0.01349	0.01073	0.01489	0.03532	0.00536	0.00516	0.00169	0.00661	0.00479	0.00240	0.00588
27	0.05012	0.05332	0.03060	0.06365	0.09369	0.00944	0.00860	0.10585	0.01246	0.15759	0.02939	0.11782	0.01448	0.02998	0.16422	0.00303	0.00664	0.02628	0.01639	0.00643
28	0.00606	0.00520	0.00520	0.00520	0.00693	0.00433	0.00390	0.00736	0.01170	0.01386	0.05198	0.04938	0.78558	0.01299	0.00606	0.00173	0.00260	0.01083	0.00476	0.00433
29	0.00854	0.00564	0.00638	0.00621	0.00804	0.00490	0.00482	0.01008	0.01201	0.10954	0.06422	0.08794	0.52282	0.01209	0.00597	0.00177	0.00302	0.07983	0.04124	0.00493
30	0.40256	0.03146	0.01209	0.01001	0.04208	0.01340	0.00791	0.33695	0.01576	0.06843	0.01015	0.01069	0.00742	0.00543	0.00419	0.00155	0.00482	0.00376	0.00413	0.00720
31	0.10245	0.01363	0.10961	0.02891	0.07502	0.07067	0.10171	0.12240	0.03169	0.13940	0.01314	0.04942	0.01058	0.00747	0.03252	0.00189	0.04175	0.03690	0.00377	0.00707
32	0.01059	0.00691	0.00715	0.00675	0.00852	0.00749	0.00516	0.01710	0.27152	0.01996	0.03731	0.01961	0.01488	0.00642	0.00420	0.00139	0.00296	0.00524	0.54090	0.00592
33	0.01362	0.01054	0.02955	0.01391	0.12213	0.01156	0.01017	0.05287	0.01129	0.16121	0.03428	0.03427	0.01106	0.00745	0.00964	0.00178	0.31684	0.03614	0.00356	0.10813

[dist]
# distance from previous block
# <min> <max>
1	11

[block]
# block no. 6 follows, 48 sequences, length 24
# corresponding to MSA columns:
# 498-521
name=unknown_G
#
# <colnr> <probs for GDERKNQSTAVLIFYWHMCP>
#	G	D	E	R	K	N	Q	S	T	A	V	L	I	F	Y	W	H	M	C	P
0	0.14646	0.01955	0.36048	0.05405	0.05171	0.10333	0.07314	0.04864	0.04366	0.03868	0.00975	0.01130	0.00719	0.00504	0.00472	0.00159	0.00687	0.00398	0.00280	0.00705
1	0.01032	0.00962	0.01601	0.69597	0.12022	0.01162	0.01429	0.03555	0.01083	0.01409	0.00927	0.01353	0.00704	0.00510	0.00512	0.00168	0.00672	0.00456	0.00239	0.00606
2	0.01120	0.01239	0.02650	0.01938	0.02381	0.01161	0.65048	0.01499	0.01176	0.01592	0.01316	0.13832	0.01184	0.00615	0.00613	0.00178	0.00777	0.00738	0.00293	0.00649
3	0.00982	0.00836	0.00885	0.00817	0.01048	0.00896	0.00629	0.01840	0.42768	0.01869	0.11257	0.03182	0.29026	0.00946	0.00561	0.00172	0.00337	0.00794	0.00511	0.00644
4	0.02037	0.00806	0.01083	0.00855	0.01200	0.00704	0.00697	0.02238	0.01425	0.65404	0.07784	0.04132	0.01602	0.00690	0.00515	0.00157	0.00403	0.00570	0.06895	0.00802
5	0.00812	0.00580	0.00810	0.00928	0.01039	0.00578	0.00801	0.01037	0.01166	0.01519	0.02725	0.11425	0.02986	0.01432	0.00705	0.00234	0.00459	0.69824	0.00473	0.00468
6	0.00746	0.00497	0.00560	0.00560	0.00560	0.00497	0.00311	0.00746	0.00746	0.00995	0.01617	0.03358	0.01865	0.81967	0.02612	0.00497	0.00497	0.00746	0.00311	0.00311
7	0.01951	0.01437	0.01540	0.01181	0.01591	0.01591	0.00975	0.77056	0.02412	0.03234	0.01232	0.01232	0.00873	0.00616	0.00513	0.00154	0.00565	0.00462	0.00513	0.00873
8	0.02302	0.00873	0.01191	0.00913	0.01310	0.00754	0.00754	0.02501	0.01469	0.79122	0.02024	0.01746	0.01270	0.00635	0.00516	0.00159	0.00437	0.00516	0.00635	0.00873
9	0.01276	0.01102	0.01160	0.01044	0.01334	0.01276	0.00812	0.02727	0.77840	0.02146	0.02088	0.01914	0.01566	0.00696	0.00522	0.00174	0.00406	0.00580	0.00522	0.00812
10	0.00891	0.00446	0.00668	0.00668	0.00668	0.00446	0.00446	0.00668	0.00668	0.00891	0.00891	0.01560	0.00891	0.01783	0.02005	0.85071	0.00446	0.00446	0.00223	0.00223
11	0.01064	0.00912	0.01064	0.00760	0.01216	0.00684	0.00608	0.01292	0.01064	0.01672	0.00912	0.01064	0.00760	0.00380	0.00380	0.00076	0.00380	0.00304	0.00304	0.85104
12	0.01491	0.01164	0.05147	0.03689	0.07550	0.01030	0.27676	0.01896	0.06830	0.24189	0.03912	0.01552	0.01104	0.00531	0.00534	0.00156	0.00606	0.00531	0.00399	0.10014
13	0.01755	0.10098	0.17727	0.01127	0.01602	0.01318	0.01089	0.32861	0.01731	0.21601	0.03226	0.01351	0.01001	0.00586	0.00491	0.00152	0.00563	0.00450	0.00452	0.00817
14	0.00637	0.00521	0.00562	0.00552	0.00712	0.00446	0.00414	0.00795	0.01241	0.01556	0.23746	0.04658	0.59905	0.01236	0.00606	0.00170	0.00255	0.01044	0.00499	0.00446
15	0.01132	0.01230	0.02541	0.27837	0.02960	0.01246	0.52240	0.01535	0.01151	0.01535	0.00997	0.01379	0.00748	0.00459	0.00575	0.00172	0.00806	0.00557	0.00249	0.00652
16	0.01471	0.09445	0.04085	0.02202	0.38859	0.10254	0.09893	0.03812	0.03461	0.10020	0.01082	0.01263	0.00845	0.00492	0.00497	0.00150	0.00647	0.00449	0.00307	0.00766
17	0.00627	0.00474	0.00580	0.00651	0.00731	0.00427	0.00451	0.00740	0.01073	0.01388	0.09171	0.52972	0.25911	0.01474	0.00637	0.00194	0.00282	0.01307	0.00483	0.00427
18	0.02302	0.00873	0.01191	0.00913	0.01310	0.00754	0.00754	0.02501	0.01469	0.79122	0.02024	0.01746	0.01270	0.00635	0.00516	0.00159	0.00437	0.00516	0.00635	0.00873
19	0.05556	0.07147	0.07076	0.01111	0.01338	0.01217	0.02295	0.08794	0.01155	0.12128	0.01431	0.07301	0.03233	0.00900	0.02147	0.00200	0.27623	0.08350	0.00363	0.00633
20	0.03833	0.13868	0.55951	0.01408	0.05200	0.05462	0.01616	0.04159	0.01138	0.01623	0.00890	0.01043	0.00663	0.00485	0.00460	0.00153	0.00713	0.00364	0.00234	0.00735
21	0.00744	0.00506	0.00605	0.00613	0.00630	0.00518	0.00378	0.00779	0.00778	0.01049	0.01656	0.05385	0.01867	0.66513	0.12827	0.00524	0.00608	0.03364	0.00316	0.00339
22	0.00694	0.00496	0.00675	0.00793	0.00853	0.00476	0.00596	0.00834	0.01050	0.01387	0.02790	0.55696	0.03243	0.01543	0.00673	0.00218	0.00357	0.26715	0.00475	0.00436
23	0.01389	0.01512	0.12265	0.08378	0.04680	0.16342	0.01067	0.13644	0.11729	0.05148	0.13030	0.01769	0.01535	0.00669	0.00553	0.00160	0.02948	0.02101	0.00393	0.00688

[dist]
# distance from previous block
# <min> <max>
8	22

[block]
# block no. 7 follows, 48 sequences, length 35
# corresponding to MSA columns:
# 545-579
name=unknown_H
#
# <colnr> <probs for GDERKNQSTAVLIFYWHMCP>
#	G	D	E	R	K	N	Q	S	T	A	V	L	I	F	Y	W	H	M	C	P
0	0.08833	0.26655	0.01787	0.01004	0.01418	0.01595	0.00876	0.38731	0.01725	0.06313	0.01047	0.01087	0.00792	0.00536	0.00431	0.00136	0.00528	0.00381	0.00399	0.05724
1	0.01323	0.61852	0.17245	0.01000	0.01493	0.01823	0.01070	0.05101	0.01122	0.01397	0.02108	0.00944	0.00738	0.00467	0.00373	0.00123	0.00584	0.00314	0.00239	0.00685
2	0.10677	0.28654	0.24165	0.01175	0.04568	0.01544	0.01180	0.17640	0.01340	0.03362	0.00918	0.01020	0.00708	0.00499	0.00423	0.00142	0.00596	0.00356	0.00301	0.00731
3	0.00718	0.00545	0.00694	0.00724	0.00844	0.00473	0.00504	0.00836	0.01000	0.01386	0.02425	0.64669	0.02839	0.01349	0.00597	0.00181	0.00315	0.01216	0.00440	0.18248
4	0.01841	0.01282	0.09884	0.01073	0.01489	0.01152	0.00954	0.28564	0.11581	0.30808	0.04830	0.01602	0.01250	0.00637	0.00516	0.00160	0.00505	0.00507	0.00529	0.00836
5	0.02287	0.00897	0.01206	0.00924	0.01322	0.00790	0.00764	0.05710	0.01509	0.75856	0.01990	0.01724	0.01253	0.00634	0.00516	0.00159	0.00442	0.00514	0.00630	0.00873
6	0.01930	0.02048	0.01488	0.01266	0.01588	0.49002	0.00985	0.31648	0.01832	0.02036	0.00966	0.01046	0.00744	0.00563	0.00483	0.00141	0.00783	0.00382	0.00363	0.00704
7	0.01303	0.01155	0.05675	0.06859	0.29803	0.01157	0.07418	0.01619	0.04060	0.12469	0.02167	0.01510	0.03027	0.00774	0.04789	0.00205	0.14467	0.00504	0.00321	0.00718
8	0.01423	0.01449	0.01491	0.44701	0.02635	0.27091	0.01213	0.06566	0.01283	0.05986	0.00959	0.01236	0.00723	0.00532	0.00497	0.00156	0.00741	0.00419	0.00282	0.00616
9	0.00719	0.00524	0.00675	0.00638	0.00762	0.00481	0.00478	0.00954	0.01435	0.02015	0.73883	0.03902	0.09480	0.01065	0.00605	0.00162	0.00243	0.00938	0.00559	0.00481
10	0.01513	0.06342	0.05440	0.01134	0.01502	0.03139	0.06149	0.10582	0.41879	0.14070	0.01735	0.01642	0.01265	0.00629	0.00511	0.00164	0.00499	0.00524	0.00480	0.00802
11	0.01211	0.01384	0.03028	0.02163	0.02682	0.01298	0.76903	0.01644	0.01211	0.01644	0.01038	0.01384	0.00779	0.00433	0.00606	0.00173	0.00865	0.00606	0.00260	0.00692
12	0.00971	0.00838	0.00890	0.00817	0.01022	0.02414	0.00632	0.06240	0.25538	0.01755	0.06585	0.07543	0.35004	0.01028	0.00649	0.00176	0.05987	0.00839	0.00475	0.00594
13	0.00721	0.00524	0.00679	0.00641	0.00764	0.00482	0.00480	0.00959	0.01441	0.02031	0.75583	0.03877	0.07771	0.01059	0.00605	0.00162	0.00243	0.00934	0.00561	0.00482
14	0.00974	0.02230	0.62781	0.01312	0.01934	0.01085	0.01619	0.01483	0.01115	0.01639	0.09388	0.01618	0.05997	0.00615	0.00557	0.00166	0.04029	0.00484	0.00270	0.00701
15	0.00738	0.00522	0.00675	0.00637	0.00758	0.00484	0.00478	0.00980	0.01433	0.02050	0.74627	0.03736	0.04664	0.01026	0.00593	0.00159	0.00242	0.00905	0.04808	0.00484
16	0.00739	0.00551	0.00632	0.00612	0.00758	0.00513	0.00458	0.01012	0.06102	0.01784	0.36952	0.06987	0.29952	0.01089	0.00576	0.00164	0.00261	0.00934	0.09442	0.00484
17	0.06361	0.25541	0.48430	0.01280	0.01906	0.01437	0.05296	0.01593	0.01065	0.01547	0.00854	0.01008	0.00653	0.00470	0.00437	0.00148	0.00681	0.00354	0.00226	0.00714
18	0.05448	0.36920	0.32407	0.01147	0.01710	0.01519	0.04819	0.01556	0.01060	0.01482	0.00825	0.00970	0.00664	0.00455	0.00407	0.00133	0.00625	0.00333	0.00232	0.07287
19	0.00920	0.00819	0.01304	0.57868	0.02722	0.01002	0.01145	0.01172	0.00949	0.01234	0.01071	0.01823	0.00963	0.19125	0.02495	0.00259	0.03847	0.00523	0.00248	0.00509
20	0.10192	0.01345	0.18509	0.05749	0.01668	0.00999	0.03033	0.08606	0.01364	0.39236	0.01463	0.01416	0.00967	0.00566	0.00489	0.00158	0.00539	0.00451	0.00459	0.02791
21	0.00996	0.00939	0.01587	0.73852	0.10207	0.01147	0.01438	0.01334	0.01039	0.01343	0.00917	0.01359	0.00695	0.00508	0.00513	0.00169	0.00677	0.00456	0.00230	0.00592
22	0.01313	0.63716	0.18719	0.01011	0.01513	0.03681	0.01094	0.01567	0.01061	0.01296	0.00759	0.00880	0.00657	0.00451	0.00366	0.00121	0.00601	0.00298	0.00220	0.00678
23	0.21071	0.04490	0.03665	0.04074	0.05270	0.02907	0.00833	0.09073	0.02297	0.36293	0.01411	0.01394	0.00972	0.02139	0.00498	0.00161	0.00484	0.00434	0.00464	0.02070
24	0.01094	0.01041	0.01758	0.47433	0.33695	0.01183	0.01477	0.01415	0.01077	0.01456	0.00927	0.01322	0.00735	0.00501	0.00542	0.00165	0.02816	0.00456	0.00238	0.00667
25	0.00792	0.00505	0.00656	0.00702	0.00794	0.00460	0.00494	0.00918	0.01118	0.08535	0.14510	0.54511	0.11256	0.01402	0.00630	0.00193	0.00298	0.01253	0.00504	0.00470
26	0.05214	0.10120	0.01348	0.18041	0.05312	0.01111	0.00934	0.01144	0.00963	0.01351	0.01572	0.24266	0.05119	0.00942	0.00810	0.00186	0.19973	0.00740	0.00314	0.00539
27	0.18800	0.02974	0.21490	0.05267	0.02990	0.01127	0.08691	0.06283	0.06059	0.16471	0.04185	0.01367	0.00998	0.00550	0.00477	0.00162	0.00570	0.00449	0.00372	0.00720
28	0.00661	0.00496	0.00617	0.00705	0.00771	0.00470	0.00483	0.00836	0.05522	0.01370	0.03139	0.65478	0.14532	0.01508	0.00640	0.00201	0.00298	0.01351	0.00479	0.00442
29	0.00625	0.00449	0.00593	0.00708	0.00743	0.00417	0.00474	0.00715	0.00988	0.01312	0.02902	0.79248	0.05730	0.01598	0.00653	0.00207	0.00297	0.01447	0.00476	0.00417
30	0.01291	0.01425	0.12355	0.15224	0.22272	0.03284	0.20323	0.06951	0.04554	0.05684	0.01085	0.01331	0.00817	0.00497	0.00531	0.00163	0.00693	0.00489	0.00296	0.00736
31	0.01212	0.01214	0.03845	0.07237	0.51874	0.01196	0.11732	0.01639	0.08128	0.01677	0.01151	0.04706	0.00973	0.00528	0.00529	0.00161	0.00621	0.00529	0.00286	0.00764
32	0.00780	0.00602	0.00886	0.12909	0.01260	0.00694	0.00710	0.00973	0.00903	0.01276	0.04398	0.04256	0.04377	0.08498	0.48866	0.00590	0.02333	0.00603	0.04621	0.00466
33	0.01097	0.01035	0.01502	0.01346	0.04567	0.01358	0.04261	0.01307	0.04439	0.02834	0.00912	0.01340	0.00840	0.01343	0.14715	0.00317	0.55469	0.00480	0.00258	0.00578
34	0.13477	0.06498	0.03745	0.01565	0.18598	0.01356	0.05820	0.27574	0.03024	0.04295	0.01081	0.01264	0.00841	0.00548	0.00507	0.00153	0.02722	0.01826	0.00370	0.04736

[dist]
# distance from previous block
# <min> <max>
1	9

[block]
# block no. 8 follows, 48 sequences, length 27
# corresponding to MSA columns:
# 589-615
name=unknown_I
#
# <colnr> <probs for GDERKNQSTAVLIFYWHMCP>
#	G	D	E	R	K	N	Q	S	T	A	V	L	I	F	Y	W	H	M	C	P
0	0.08931	0.09836	0.01852	0.05836	0.44700	0.09294	0.01265	0.03233	0.04637	0.01678	0.00951	0.01175	0.00786	0.00478	0.00464	0.00146	0.00602	0.00410	0.00275	0.03452
1	0.03717	0.10493	0.01602	0.01247	0.01553	0.54546	0.03840	0.08005	0.01446	0.04964	0.00902	0.01027	0.00727	0.00633	0.03013	0.00157	0.00835	0.00360	0.00298	0.00635
2	0.00950	0.00882	0.01474	0.69116	0.06966	0.01073	0.01340	0.01266	0.01029	0.01329	0.01101	0.09186	0.00954	0.00617	0.00527	0.00174	0.00643	0.00554	0.00253	0.00567
3	0.00700	0.00545	0.00639	0.00622	0.00765	0.00498	0.00464	0.00947	0.05068	0.01747	0.40854	0.10124	0.32811	0.01170	0.00605	0.00170	0.00261	0.01011	0.00522	0.00476
4	0.00626	0.00462	0.00586	0.00679	0.00737	0.00422	0.00462	0.00728	0.01033	0.01353	0.06280	0.65709	0.15978	0.01534	0.00645	0.00201	0.00289	0.01375	0.00480	0.00422
5	0.00684	0.00511	0.00635	0.00629	0.00747	0.00462	0.00462	0.00877	0.01316	0.01792	0.50495	0.16422	0.20694	0.01192	0.00613	0.00171	0.00255	0.01046	0.00532	0.00462
6	0.00746	0.00497	0.00560	0.00560	0.00560	0.00497	0.00311	0.00746	0.00746	0.00995	0.01617	0.03358	0.01865	0.81967	0.02612	0.00497	0.00497	0.00746	0.00311	0.00311
7	0.21012	0.00754	0.00876	0.00745	0.01007	0.00733	0.00594	0.01623	0.01323	0.28726	0.33995	0.02415	0.02611	0.00773	0.00507	0.00160	0.00345	0.00634	0.00532	0.00635
8	0.00625	0.00447	0.00595	0.00714	0.00744	0.00417	0.00476	0.00714	0.00982	0.01310	0.02828	0.81633	0.03394	0.01608	0.00655	0.00208	0.00298	0.01459	0.00476	0.00417
9	0.00733	0.00550	0.00825	0.00825	0.00916	0.00641	0.00641	0.00916	0.00825	0.01191	0.01374	0.02016	0.01283	0.03848	0.79934	0.00825	0.01374	0.00550	0.00275	0.00458
10	0.01270	0.01219	0.02083	0.03149	0.78767	0.01219	0.01575	0.01575	0.01168	0.01676	0.00965	0.01270	0.00813	0.00457	0.00508	0.00152	0.00610	0.00457	0.00254	0.00813
11	0.01235	0.01183	0.02019	0.12189	0.70001	0.01210	0.01557	0.01544	0.01152	0.01634	0.00959	0.01281	0.00798	0.00464	0.00509	0.00155	0.00618	0.00457	0.00251	0.00784
12	0.01029	0.02654	0.79309	0.01462	0.02221	0.01192	0.01896	0.01625	0.01083	0.01625	0.00921	0.01083	0.00650	0.00487	0.00487	0.00162	0.00758	0.00379	0.00217	0.00758
13	0.02018	0.00794	0.01053	0.00830	0.01170	0.00698	0.00678	0.02225	0.01403	0.63317	0.04881	0.01854	0.01414	0.00645	0.00493	0.00152	0.00396	0.00525	0.14661	0.00793
14	0.01723	0.20799	0.11251	0.00949	0.01370	0.01111	0.00901	0.04156	0.01343	0.39310	0.10520	0.01670	0.01452	0.00617	0.00478	0.00148	0.00485	0.00487	0.00470	0.00761
15	0.01011	0.01083	0.06384	0.72584	0.03373	0.04325	0.01437	0.01360	0.01047	0.01328	0.00908	0.01332	0.00681	0.00512	0.00509	0.00169	0.00698	0.00446	0.00229	0.00583
16	0.00660	0.00479	0.00623	0.00677	0.00749	0.00442	0.00473	0.00807	0.01164	0.01584	0.30204	0.48545	0.08915	0.01386	0.00634	0.00189	0.00275	0.01243	0.00508	0.00442
17	0.01040	0.02575	0.74553	0.01506	0.02250	0.01198	0.06572	0.01626	0.01091	0.01626	0.00928	0.01102	0.00658	0.00484	0.00495	0.00163	0.00765	0.00393	0.00219	0.00754
18	0.11485	0.00939	0.01380	0.24586	0.01995	0.01037	0.11588	0.06479	0.08600	0.03256	0.06204	0.04162	0.04416	0.05808	0.05704	0.00231	0.00611	0.00577	0.00346	0.00597
19	0.01180	0.05209	0.01137	0.01083	0.05981	0.05735	0.00827	0.10789	0.05753	0.06062	0.01951	0.06092	0.01947	0.09193	0.04702	0.00254	0.00559	0.30538	0.00424	0.00585
20	0.00625	0.00447	0.00595	0.00714	0.00744	0.00417	0.00476	0.00714	0.00982	0.01310	0.02828	0.81633	0.03394	0.01608	0.00655	0.00208	0.00298	0.01459	0.00476	0.00417
21	0.01516	0.01543	0.01935	0.08746	0.05865	0.21650	0.22342	0.11662	0.01377	0.05928	0.01024	0.01298	0.00804	0.00572	0.00667	0.00165	0.10239	0.01680	0.00311	0.00677
22	0.06347	0.01046	0.01810	0.50102	0.04934	0.01194	0.17620	0.04813	0.01114	0.01537	0.00948	0.01339	0.00721	0.00575	0.02252	0.00184	0.02116	0.00479	0.00255	0.00613
23	0.01346	0.06667	0.04676	0.24015	0.21435	0.18508	0.03469	0.03176	0.01196	0.03936	0.00971	0.01314	0.00792	0.00573	0.00557	0.03707	0.00693	0.02050	0.00267	0.00652
24	0.73812	0.01091	0.00906	0.00923	0.07709	0.05423	0.00667	0.01543	0.00930	0.02192	0.00740	0.00876	0.00583	0.00478	0.00342	0.00157	0.00444	0.00296	0.00309	0.00580
25	0.00846	0.00562	0.03883	0.00708	0.00754	0.00517	0.00513	0.00762	0.00725	0.00989	0.01099	0.01929	0.01116	0.16064	0.14877	0.52980	0.00620	0.00513	0.00247	0.00299
26	0.01545	0.05865	0.01680	0.06284	0.23662	0.21406	0.01153	0.12895	0.10725	0.03938	0.01095	0.01242	0.00864	0.00558	0.00552	0.00153	0.04887	0.00432	0.00333	0.00732

[dist]
# distance from previous block
# <min> <max>
0	2

[block]
# block no. 9 follows, 48 sequences, length 55
# corresponding to MSA columns:
# 618-672
name=unknown_J
#
# <colnr> <probs for GDERKNQSTAVLIFYWHMCP>
#	G	D	E	R	K	N	Q	S	T	A	V	L	I	F	Y	W	H	M	C	P
0	0.01084	0.00533	0.00596	0.00556	0.00709	0.00512	0.00426	0.01318	0.01181	0.11246	0.13468	0.02187	0.01849	0.00671	0.00415	0.00131	0.00263	0.00552	0.61777	0.00527
1	0.01186	0.00729	0.00870	0.02430	0.01037	0.00733	0.00622	0.05101	0.14699	0.15093	0.21520	0.04894	0.08269	0.00865	0.00535	0.00163	0.00345	0.05328	0.14960	0.00620
2	0.09558	0.01044	0.01251	0.00968	0.01362	0.01026	0.00799	0.23536	0.01683	0.50837	0.01684	0.01520	0.01094	0.00616	0.00498	0.00157	0.00469	0.00480	0.00573	0.00845
3	0.00624	0.00520	0.00544	0.00538	0.00704	0.00441	0.00403	0.00770	0.01210	0.01483	0.15805	0.04778	0.67890	0.01263	0.00606	0.00172	0.00257	0.01060	0.00489	0.00441
4	0.01123	0.01123	0.01572	0.01347	0.01347	0.01572	0.01123	0.01235	0.00786	0.01235	0.00674	0.01123	0.00674	0.00898	0.01684	0.00225	0.81028	0.00449	0.00225	0.00561
