[name]
unknown

[dist]
# distance from previous block
# <min> <max>
7	273

[block]
# block no. 0 follows, 40 sequences, length 6
# corresponding to MSA columns:
# 326-331
name=unknown_A
#
# <colnr> <probs for GDERKNQSTAVLIFYWHMCP>
#	G	D	E	R	K	N	Q	S	T	A	V	L	I	F	Y	W	H	M	C	P
0	0.03896	0.11903	0.13052	0.01200	0.01605	0.04481	0.05883	0.09306	0.05865	0.05911	0.06346	0.10308	0.09140	0.00867	0.00641	0.00181	0.04363	0.00707	0.00426	0.03918
1	0.10964	0.08419	0.03725	0.07204	0.04524	0.03629	0.02809	0.03535	0.06410	0.08552	0.11053	0.04952	0.04313	0.01034	0.05784	0.00232	0.07473	0.00623	0.00422	0.04345
2	0.11103	0.07080	0.10876	0.21186	0.13570	0.05157	0.01361	0.09633	0.01404	0.06381	0.01109	0.01340	0.00840	0.00569	0.00524	0.00171	0.00683	0.00455	0.00343	0.06216
3	0.01276	0.14835	0.11120	0.16080	0.06986	0.01356	0.03701	0.04344	0.06361	0.04623	0.01622	0.09088	0.04568	0.04535	0.03183	0.00226	0.04375	0.00646	0.00357	0.00717
4	0.01219	0.04105	0.01224	0.01207	0.07651	0.03840	0.00836	0.10205	0.12895	0.01865	0.02039	0.14717	0.02049	0.17413	0.08570	0.00348	0.00646	0.08073	0.00450	0.00649
5	0.01665	0.01676	0.09807	0.09219	0.09101	0.07914	0.06956	0.27415	0.07662	0.02461	0.01354	0.04271	0.01064	0.00660	0.00578	0.00175	0.00704	0.00552	0.00423	0.06344

[dist]
# distance from previous block
# <min> <max>
0	2

[block]
# block no. 1 follows, 40 sequences, length 48
# corresponding to MSA columns:
# 334-346,351-362,373-395
name=unknown_B
#
# <colnr> <probs for GDERKNQSTAVLIFYWHMCP>
#	G	D	E	R	K	N	Q	S	T	A	V	L	I	F	Y	W	H	M	C	P
0	0.08667	0.01418	0.01929	0.06762	0.03595	0.04586	0.16708	0.25197	0.05114	0.03503	0.02610	0.02892	0.01087	0.00802	0.03125	0.00213	0.08097	0.00573	0.02323	0.00798
1	0.06735	0.03821	0.01312	0.01411	0.13771	0.06024	0.04247	0.01308	0.01151	0.03664	0.01983	0.30604	0.02178	0.14541	0.01083	0.00265	0.03924	0.00973	0.00407	0.00598
2	0.44969	0.01265	0.01188	0.00977	0.01377	0.04056	0.00802	0.17846	0.01545	0.19060	0.01269	0.01276	0.00892	0.00616	0.00464	0.00178	0.00523	0.00422	0.00486	0.00790
3	0.00866	0.00676	0.00977	0.15041	0.01467	0.00691	0.02090	0.01117	0.01406	0.01940	0.43048	0.16590	0.04022	0.06503	0.00831	0.00220	0.00410	0.01036	0.00527	0.00545
4	0.01055	0.01138	0.13935	0.01388	0.13863	0.00817	0.01024	0.01323	0.01279	0.06823	0.09959	0.25438	0.13525	0.04829	0.00761	0.00217	0.00495	0.01018	0.00461	0.00654
5	0.01112	0.01027	0.04135	0.22482	0.06260	0.01140	0.01107	0.06187	0.01157	0.01582	0.01540	0.15063	0.01586	0.16898	0.01341	0.00285	0.15377	0.00772	0.00348	0.00602
6	0.06853	0.06576	0.31209	0.03830	0.03885	0.01269	0.07410	0.03440	0.05592	0.01971	0.04939	0.01449	0.01084	0.00568	0.00526	0.00162	0.00674	0.00471	0.00328	0.17764
7	0.01394	0.29455	0.19833	0.07079	0.20507	0.01678	0.03145	0.04387	0.01286	0.01719	0.01066	0.04026	0.00914	0.00576	0.00508	0.00163	0.00704	0.00469	0.00282	0.00809
8	0.01215	0.01168	0.05022	0.01676	0.22072	0.00986	0.01080	0.01507	0.01193	0.01803	0.01121	0.01431	0.00957	0.01050	0.11766	0.00243	0.02461	0.00441	0.00317	0.42491
9	0.01718	0.04056	0.01651	0.14374	0.05236	0.01191	0.04753	0.11377	0.04967	0.21132	0.01497	0.01648	0.01095	0.00627	0.00585	0.00163	0.02575	0.01773	0.00461	0.19121
10	0.01069	0.10452	0.22830	0.01125	0.01518	0.01071	0.01154	0.01532	0.07140	0.01855	0.16429	0.06123	0.05698	0.04218	0.00723	0.00213	0.00565	0.15174	0.00437	0.00674
11	0.01555	0.79913	0.03047	0.00995	0.01493	0.02301	0.00995	0.01741	0.01182	0.01368	0.00808	0.00933	0.00746	0.00498	0.00373	0.00124	0.00622	0.00311	0.00249	0.00746
12	0.01226	0.00792	0.00974	0.00942	0.01170	0.00769	0.00752	0.01670	0.13640	0.14065	0.05846	0.16324	0.14625	0.01274	0.00684	0.00214	0.00431	0.19999	0.00573	0.04032
13	0.01503	0.06729	0.05058	0.24814	0.05973	0.01557	0.06684	0.19155	0.14022	0.02216	0.01329	0.01543	0.01006	0.00653	0.00652	0.00187	0.05176	0.00537	0.00395	0.00813
14	0.00953	0.00717	0.03886	0.00852	0.00970	0.00648	0.00629	0.01172	0.05348	0.06581	0.05853	0.34926	0.02792	0.20508	0.11064	0.00393	0.00584	0.01120	0.00474	0.00530
15	0.00737	0.00526	0.00707	0.00842	0.00888	0.00497	0.00589	0.00859	0.01141	0.01516	0.03189	0.70185	0.03784	0.01795	0.00750	0.00240	0.00362	0.10372	0.00539	0.00480
16	0.00850	0.00648	0.00790	0.00765	0.00927	0.00615	0.00585	0.01201	0.07338	0.02115	0.48015	0.06509	0.19627	0.01264	0.00689	0.00195	0.00314	0.06385	0.00605	0.00563
17	0.01759	0.05061	0.20246	0.01515	0.02014	0.25513	0.08066	0.12717	0.07419	0.06001	0.01285	0.03505	0.00998	0.00644	0.00564	0.00173	0.00824	0.00506	0.00378	0.00810
18	0.01942	0.02328	0.01803	0.01561	0.01831	0.52816	0.06188	0.06242	0.01543	0.01578	0.00920	0.01149	0.00775	0.00680	0.00811	0.00175	0.16229	0.00431	0.00307	0.00692
19	0.00833	0.00616	0.00899	0.00899	0.00990	0.00707	0.00682	0.01015	0.00924	0.01323	0.01591	0.02467	0.01533	0.13382	0.68347	0.00890	0.01438	0.00650	0.00316	0.00499
20	0.01480	0.01266	0.01334	0.01190	0.01525	0.01462	0.00928	0.06164	0.71757	0.02486	0.02325	0.02136	0.01741	0.00785	0.00591	0.00196	0.00468	0.00652	0.00591	0.00923
21	0.02008	0.00891	0.01179	0.00962	0.01306	0.00804	0.00771	0.04480	0.03955	0.49187	0.19239	0.08221	0.02547	0.00911	0.00620	0.00185	0.00436	0.00772	0.00680	0.00848
22	0.01377	0.01162	0.01294	0.01030	0.04545	0.05931	0.00776	0.01630	0.01272	0.06991	0.01114	0.01258	0.00896	0.00466	0.00454	0.00100	0.00487	0.00370	0.00365	0.68483
23	0.02522	0.01129	0.01436	0.01101	0.01554	0.01062	0.00909	0.18390	0.01898	0.60452	0.02098	0.01852	0.01341	0.00715	0.00584	0.00179	0.00527	0.00571	0.00690	0.00989
24	0.00712	0.00513	0.00675	0.00798	0.00842	0.00476	0.00536	0.00821	0.01142	0.01520	0.06007	0.73314	0.06925	0.01784	0.00738	0.00233	0.00333	0.01613	0.00544	0.00476
25	0.02609	0.00990	0.01350	0.01035	0.01484	0.00855	0.00855	0.02834	0.01664	0.76338	0.02294	0.01979	0.01439	0.00720	0.00585	0.00180	0.00495	0.00585	0.00720	0.00990
26	0.06854	0.01291	0.04980	0.06388	0.01779	0.01232	0.01030	0.23669	0.04139	0.39862	0.01803	0.01690	0.01193	0.00688	0.00570	0.00180	0.00570	0.00542	0.00601	0.00938
27	0.11431	0.01004	0.01296	0.01005	0.01445	0.00904	0.00830	0.02712	0.01591	0.68314	0.02133	0.01867	0.01351	0.00700	0.00560	0.00180	0.00490	0.00555	0.00681	0.00950
28	0.00765	0.00546	0.00729	0.00803	0.00849	0.00549	0.00547	0.00877	0.01041	0.01415	0.04865	0.45719	0.03043	0.16689	0.18287	0.00451	0.00650	0.01255	0.00457	0.00463
29	0.01332	0.01251	0.02147	0.48459	0.03441	0.01412	0.18792	0.12538	0.01450	0.01905	0.01123	0.01531	0.00833	0.00577	0.00607	0.00191	0.00804	0.00558	0.00316	0.00731
30	0.01555	0.79913	0.03047	0.00995	0.01493	0.02301	0.00995	0.01741	0.01182	0.01368	0.00808	0.00933	0.00746	0.00498	0.00373	0.00124	0.00622	0.00311	0.00249	0.00746
31	0.01098	0.01034	0.01744	0.78165	0.04005	0.01292	0.01615	0.01486	0.01163	0.01486	0.01034	0.01550	0.00775	0.00581	0.00581	0.00194	0.00775	0.00517	0.00258	0.00646
32	0.01166	0.03008	0.76550	0.01657	0.02517	0.01351	0.02149	0.01842	0.01228	0.01842	0.01044	0.01228	0.00737	0.00552	0.00552	0.00184	0.00859	0.00430	0.00246	0.00859
33	0.01277	0.23881	0.17404	0.01403	0.01874	0.01540	0.13501	0.01768	0.08859	0.01657	0.01232	0.01516	0.01019	0.01340	0.16137	0.00325	0.03715	0.00505	0.00305	0.00744
34	0.01340	0.01044	0.01162	0.01058	0.01337	0.01147	0.00828	0.04422	0.45888	0.06599	0.14980	0.05370	0.05638	0.00966	0.00630	0.00199	0.00430	0.05556	0.00599	0.00805
35	0.00709	0.00506	0.00675	0.00810	0.00843	0.00472	0.00540	0.00810	0.01113	0.01484	0.03205	0.79184	0.03846	0.01822	0.00742	0.00236	0.00337	0.01653	0.00540	0.00472
36	0.01327	0.01220	0.02369	0.22451	0.02789	0.01264	0.35051	0.01647	0.01223	0.06681	0.01167	0.01602	0.00902	0.00773	0.00942	0.11712	0.05296	0.00598	0.00305	0.00679
37	0.00999	0.03848	0.06576	0.17837	0.02015	0.00970	0.11013	0.01328	0.04029	0.01602	0.02130	0.31622	0.02265	0.04040	0.00755	0.00227	0.00596	0.07132	0.00409	0.00607
38	0.01516	0.00669	0.00771	0.00681	0.00906	0.00630	0.00533	0.01774	0.01345	0.23159	0.02009	0.02115	0.01476	0.00689	0.00457	0.00148	0.00334	0.00554	0.59565	0.00669
39	0.04444	0.01053	0.01376	0.01057	0.01506	0.00955	0.00873	0.09563	0.01750	0.67737	0.02175	0.01900	0.01378	0.00714	0.00579	0.00179	0.00508	0.00573	0.00698	0.00981
40	0.01423	0.02868	0.18380	0.07401	0.11680	0.03296	0.13074	0.12250	0.03063	0.04428	0.07161	0.05021	0.01380	0.00704	0.00679	0.00188	0.05209	0.00616	0.00377	0.00803
41	0.00725	0.00518	0.00692	0.00814	0.00859	0.00485	0.00556	0.00845	0.01158	0.01552	0.08125	0.71289	0.03938	0.01770	0.00741	0.00234	0.00341	0.04330	0.00546	0.00480
42	0.01136	0.00619	0.00831	0.00854	0.00987	0.00562	0.00610	0.01277	0.01271	0.18086	0.07929	0.57031	0.03426	0.01535	0.00704	0.00220	0.00368	0.01376	0.00586	0.00592
43	0.01744	0.08040	0.22146	0.01310	0.01832	0.07626	0.04650	0.16307	0.03473	0.15089	0.01442	0.01507	0.01035	0.00628	0.00537	0.00169	0.00674	0.00493	0.10457	0.00843
44	0.01613	0.12259	0.35561	0.01569	0.04999	0.01515	0.06845	0.16079	0.01582	0.10727	0.01238	0.01342	0.00886	0.00587	0.00549	0.00174	0.00746	0.00473	0.00372	0.00882
45	0.53808	0.05204	0.01293	0.01042	0.01410	0.18752	0.04617	0.01901	0.01195	0.04978	0.00905	0.01039	0.00706	0.00556	0.00424	0.00171	0.00625	0.00358	0.00351	0.00667
46	0.01557	0.26543	0.03675	0.09937	0.26461	0.07996	0.01356	0.07470	0.06399	0.01820	0.01090	0.01299	0.00896	0.00558	0.00509	0.00160	0.00691	0.00448	0.00316	0.00820
47	0.06395	0.00586	0.00686	0.00739	0.00836	0.00564	0.00516	0.00900	0.01101	0.01509	0.03329	0.35063	0.21313	0.11270	0.04398	0.05979	0.00432	0.03445	0.00475	0.00462

[dist]
# distance from previous block
# <min> <max>
0	7

[block]
# block no. 2 follows, 40 sequences, length 14
# corresponding to MSA columns:
# 403-416
name=unknown_C
#
# <colnr> <probs for GDERKNQSTAVLIFYWHMCP>
#	G	D	E	R	K	N	Q	S	T	A	V	L	I	F	Y	W	H	M	C	P
0	0.01470	0.36146	0.19212	0.01510	0.07008	0.01782	0.09886	0.07852	0.01357	0.01798	0.00989	0.01166	0.00800	0.00523	0.00485	0.00151	0.00710	0.00416	0.00291	0.06448
1	0.07227	0.03958	0.31510	0.01523	0.02103	0.03386	0.14764	0.05361	0.01363	0.11385	0.01476	0.10677	0.01230	0.00720	0.00586	0.00189	0.00733	0.00635	0.00376	0.00798
2	0.00848	0.00552	0.00726	0.00807	0.00887	0.00507	0.00557	0.00976	0.01212	0.06683	0.10130	0.63153	0.07425	0.01669	0.00723	0.00225	0.00340	0.01502	0.00562	0.00516
3	0.03673	0.01581	0.15083	0.25811	0.17259	0.01384	0.08255	0.11969	0.01471	0.06240	0.01177	0.01460	0.00871	0.00579	0.00579	0.00184	0.00749	0.00517	0.00340	0.00818
4	0.01457	0.18199	0.15792	0.10406	0.09304	0.01485	0.08611	0.07292	0.02591	0.08122	0.03178	0.06689	0.01201	0.00676	0.00587	0.00177	0.02511	0.00573	0.00358	0.00792
5	0.00766	0.00559	0.00692	0.00722	0.00814	0.00516	0.00501	0.00922	0.01300	0.01752	0.29429	0.30205	0.15446	0.12461	0.01025	0.00257	0.00340	0.01257	0.00550	0.00486
6	0.00709	0.00506	0.00675	0.00810	0.00843	0.00472	0.00540	0.00810	0.01113	0.01484	0.03205	0.79184	0.03846	0.01822	0.00742	0.00236	0.00337	0.01653	0.00540	0.00472
7	0.01418	0.01234	0.01799	0.15363	0.17362	0.01342	0.07669	0.17491	0.09978	0.02184	0.01710	0.07265	0.05059	0.00938	0.04373	0.00227	0.02711	0.00671	0.00413	0.00795
8	0.01257	0.05160	0.01291	0.00897	0.01371	0.06273	0.00720	0.01500	0.01256	0.01836	0.03808	0.01475	0.04168	0.00516	0.00454	0.00101	0.00473	0.00407	0.00355	0.66681
9	0.00919	0.00660	0.00859	0.00831	0.00888	0.00755	0.00600	0.01046	0.00934	0.01380	0.01622	0.02742	0.01637	0.32382	0.30141	0.00610	0.09418	0.00685	0.11420	0.00471
10	0.01365	0.01496	0.11181	0.15054	0.02302	0.04095	0.12185	0.01780	0.06356	0.06745	0.01223	0.01678	0.01002	0.00778	0.01049	0.00214	0.26994	0.03444	0.00328	0.00729
11	0.15347	0.12409	0.03198	0.04968	0.04618	0.01246	0.03961	0.07146	0.01382	0.12074	0.06265	0.01498	0.01206	0.00585	0.00487	0.00149	0.00535	0.00460	0.00411	0.22055
12	0.01319	0.14794	0.08617	0.13091	0.11054	0.06544	0.07587	0.01584	0.01203	0.05039	0.01368	0.07125	0.01290	0.15796	0.01015	0.00249	0.00700	0.00623	0.00324	0.00678
13	0.05085	0.02339	0.01457	0.01171	0.01475	0.04091	0.10884	0.08337	0.03997	0.16068	0.09103	0.07454	0.01868	0.07739	0.13830	0.00341	0.00749	0.00712	0.00474	0.02827

[dist]
# distance from previous block
# <min> <max>
11	44

[block]
# block no. 3 follows, 40 sequences, length 39
# corresponding to MSA columns:
# 464-502
name=unknown_D
#
# <colnr> <probs for GDERKNQSTAVLIFYWHMCP>
#	G	D	E	R	K	N	Q	S	T	A	V	L	I	F	Y	W	H	M	C	P
0	0.11851	0.12663	0.21524	0.07042	0.08289	0.07768	0.05463	0.04258	0.02315	0.04557	0.01030	0.01247	0.00803	0.00602	0.00646	0.00179	0.08238	0.00442	0.00306	0.00774
1	0.31789	0.03809	0.01189	0.00928	0.01305	0.01095	0.00760	0.04723	0.01333	0.29207	0.01586	0.07795	0.01230	0.00720	0.00536	0.00177	0.02887	0.00539	0.00505	0.07887
2	0.00813	0.00550	0.00644	0.00676	0.00684	0.00542	0.00397	0.00837	0.00910	0.01213	0.02161	0.21829	0.02528	0.60974	0.02430	0.00485	0.00510	0.01039	0.00397	0.00381
3	0.08958	0.16116	0.01813	0.01299	0.04232	0.14384	0.01033	0.19486	0.17716	0.03842	0.01344	0.01390	0.01041	0.00659	0.00577	0.00170	0.04209	0.00471	0.00433	0.00827
4	0.03858	0.04192	0.04367	0.06245	0.09518	0.04307	0.10758	0.11314	0.09668	0.06950	0.04065	0.05060	0.01347	0.04058	0.00672	0.00187	0.00630	0.00598	0.00421	0.11787
5	0.03987	0.04698	0.01755	0.32014	0.05569	0.01245	0.08567	0.05191	0.06733	0.12899	0.01595	0.01932	0.04169	0.06292	0.00751	0.00213	0.00669	0.00592	0.00393	0.00735
6	0.04602	0.01378	0.06233	0.04683	0.01697	0.01585	0.01210	0.15151	0.03986	0.07338	0.04503	0.01515	0.01100	0.00871	0.01265	0.00219	0.40999	0.00535	0.00382	0.00747
7	0.00753	0.00558	0.00711	0.00819	0.00891	0.00529	0.00573	0.00936	0.04211	0.01553	0.03472	0.62139	0.12043	0.01723	0.00734	0.00232	0.00352	0.06731	0.00542	0.00498
8	0.01282	0.15087	0.44838	0.01407	0.02037	0.07947	0.01619	0.01814	0.04312	0.01747	0.05663	0.01472	0.01126	0.00876	0.06164	0.00227	0.00836	0.00467	0.00294	0.00784
9	0.01159	0.00897	0.01320	0.35359	0.02438	0.01003	0.01158	0.04031	0.04496	0.07193	0.04568	0.06368	0.09572	0.00999	0.00653	0.00211	0.00598	0.16899	0.00433	0.00644
10	0.00702	0.00558	0.00632	0.00689	0.00819	0.00488	0.00493	0.00833	0.01240	0.01540	0.04743	0.35241	0.45058	0.01616	0.00712	0.00214	0.00318	0.03079	0.00540	0.00484
11	0.01145	0.01097	0.01901	0.67036	0.10197	0.01311	0.06061	0.01535	0.01190	0.01545	0.01048	0.01542	0.00794	0.00570	0.00587	0.00192	0.00780	0.00527	0.00263	0.00678
12	0.01418	0.01360	0.02323	0.08147	0.71521	0.01376	0.01774	0.01766	0.01314	0.01874	0.01090	0.01446	0.00912	0.00522	0.00576	0.00174	0.00696	0.00518	0.00286	0.00904
13	0.10256	0.00920	0.01320	0.32524	0.02332	0.01053	0.01092	0.01637	0.03884	0.12647	0.06839	0.01940	0.01392	0.01501	0.17848	0.00357	0.00827	0.00573	0.00389	0.00669
14	0.00709	0.00506	0.00675	0.00810	0.00843	0.00472	0.00540	0.00810	0.01113	0.01484	0.03205	0.79184	0.03846	0.01822	0.00742	0.00236	0.00337	0.01653	0.00540	0.00472
15	0.04776	0.01627	0.01681	0.01416	0.01751	0.20815	0.09320	0.18160	0.04268	0.08274	0.01610	0.02358	0.01400	0.00840	0.00695	0.00195	0.05517	0.14084	0.00451	0.00762
16	0.01098	0.01034	0.01744	0.78165	0.04005	0.01292	0.01615	0.01486	0.01163	0.01486	0.01034	0.01550	0.00775	0.00581	0.00581	0.00194	0.00775	0.00517	0.00258	0.00646
17	0.00884	0.00642	0.00871	0.03665	0.01153	0.00642	0.00776	0.03962	0.01280	0.01686	0.03000	0.41222	0.03402	0.01638	0.00757	0.00246	0.00453	0.32664	0.00530	0.00527
18	0.01209	0.01043	0.01229	0.00888	0.01384	0.00816	0.00712	0.01462	0.01193	0.01875	0.01023	0.01209	0.00857	0.00454	0.00490	0.00093	0.03566	0.00351	0.00341	0.79806
19	0.01098	0.01034	0.01744	0.78165	0.04005	0.01292	0.01615	0.01486	0.01163	0.01486	0.01034	0.01550	0.00775	0.00581	0.00581	0.00194	0.00775	0.00517	0.00258	0.00646
20	0.01329	0.01507	0.06162	0.09972	0.02755	0.01486	0.45841	0.01886	0.08815	0.01819	0.01222	0.01573	0.00940	0.00604	0.00824	0.00203	0.11350	0.00630	0.00313	0.00767
21	0.00766	0.00585	0.00704	0.00690	0.00838	0.00522	0.00511	0.00981	0.01488	0.01995	0.45227	0.11552	0.29341	0.01343	0.00691	0.00192	0.00287	0.01166	0.00597	0.00522
22	0.03712	0.01170	0.01281	0.01106	0.01434	0.01291	0.00866	0.11765	0.44405	0.12048	0.07572	0.02276	0.01897	0.05626	0.00736	0.00213	0.00480	0.00663	0.00590	0.00868
23	0.01441	0.01277	0.01943	0.05415	0.33552	0.01375	0.05786	0.05296	0.16330	0.04715	0.01552	0.02044	0.01303	0.00733	0.00738	0.00197	0.08332	0.06732	0.00396	0.00846
24	0.05680	0.00933	0.01250	0.04519	0.01497	0.00843	0.00844	0.02373	0.01535	0.54699	0.04673	0.07877	0.01764	0.00838	0.00595	0.00186	0.00486	0.04482	0.00642	0.04284
25	0.01457	0.01133	0.01483	0.01269	0.01436	0.01397	0.01038	0.12149	0.06715	0.09859	0.04320	0.01761	0.01273	0.01607	0.16689	0.00366	0.34349	0.00575	0.00404	0.00719
26	0.01687	0.01637	0.12021	0.11355	0.02308	0.01531	0.12594	0.30387	0.08697	0.05741	0.02553	0.01559	0.01067	0.00660	0.00644	0.00187	0.03496	0.00558	0.00446	0.00870
27	0.01458	0.01244	0.02144	0.17784	0.28372	0.01322	0.13157	0.01784	0.01282	0.11132	0.01293	0.04669	0.01050	0.00664	0.00761	0.00194	0.09947	0.00598	0.00344	0.00800
28	0.01098	0.01034	0.01744	0.78165	0.04005	0.01292	0.01615	0.01486	0.01163	0.01486	0.01034	0.01550	0.00775	0.00581	0.00581	0.00194	0.00775	0.00517	0.00258	0.00646
29	0.02609	0.00990	0.01350	0.01035	0.01484	0.00855	0.00855	0.02834	0.01664	0.76338	0.02294	0.01979	0.01439	0.00720	0.00585	0.00180	0.00495	0.00585	0.00720	0.00990
30	0.23201	0.01233	0.01352	0.01065	0.01497	0.01280	0.00879	0.25798	0.01841	0.33745	0.01621	0.01524	0.01085	0.00667	0.00526	0.00178	0.00531	0.00496	0.00583	0.00897
31	0.00818	0.00594	0.00771	0.00727	0.00866	0.00547	0.00545	0.01088	0.01635	0.02305	0.73155	0.04388	0.07977	0.01199	0.00686	0.00183	0.00275	0.01058	0.00637	0.00547
32	0.00820	0.00599	0.00773	0.00744	0.00886	0.00553	0.00568	0.01082	0.01596	0.02222	0.64222	0.04616	0.11450	0.01244	0.00695	0.00190	0.00295	0.06279	0.00624	0.00543
33	0.00706	0.00571	0.00628	0.00654	0.00807	0.00493	0.00475	0.00857	0.01311	0.01632	0.12648	0.22156	0.51984	0.01522	0.00700	0.00204	0.00302	0.01305	0.00551	0.00493
34	0.01319	0.01030	0.01217	0.00875	0.01387	0.00782	0.00702	0.01574	0.01243	0.07886	0.01135	0.01268	0.00908	0.00454	0.00443	0.00094	0.00436	0.00364	0.00375	0.76509
35	0.00708	0.00510	0.00671	0.00800	0.00841	0.00473	0.00536	0.00811	0.01123	0.01488	0.03322	0.75995	0.06960	0.01807	0.00740	0.00234	0.00336	0.01635	0.00540	0.00473
36	0.01061	0.00547	0.00562	0.00558	0.00694	0.00543	0.00419	0.01333	0.01256	0.02182	0.08263	0.02356	0.01836	0.00722	0.00431	0.00140	0.00271	0.00586	0.75698	0.00543
37	0.01626	0.03806	0.01499	0.02541	0.01608	0.29898	0.01038	0.02290	0.26382	0.01784	0.01626	0.05824	0.01412	0.00838	0.00755	0.00191	0.10996	0.04735	0.00417	0.00736
38	0.00887	0.00639	0.00803	0.00779	0.00904	0.00619	0.00581	0.04060	0.01455	0.02004	0.42675	0.06313	0.08219	0.15264	0.04222	0.00292	0.00425	0.08784	0.00554	0.00524

[dist]
# distance from previous block
# <min> <max>
0	2

[block]
# block no. 4 follows, 40 sequences, length 31
# corresponding to MSA columns:
# 514-544
name=unknown_E
#
# <colnr> <probs for GDERKNQSTAVLIFYWHMCP>
#	G	D	E	R	K	N	Q	S	T	A	V	L	I	F	Y	W	H	M	C	P
0	0.01573	0.39797	0.14564	0.05054	0.04198	0.13158	0.03836	0.05435	0.01334	0.01609	0.00920	0.01103	0.00770	0.00558	0.00526	0.00153	0.03985	0.00388	0.00276	0.00763
1	0.64093	0.08016	0.01202	0.00992	0.04830	0.07000	0.00768	0.04059	0.01126	0.02415	0.00849	0.00989	0.00674	0.00545	0.00391	0.00172	0.00526	0.00335	0.00350	0.00668
2	0.01182	0.01176	0.13264	0.01034	0.02802	0.00893	0.00924	0.12110	0.01710	0.06351	0.41880	0.03310	0.09001	0.00996	0.00641	0.00183	0.00445	0.00850	0.00557	0.00691
3	0.01442	0.01026	0.01230	0.00890	0.01396	0.00789	0.00717	0.01695	0.01283	0.14420	0.01246	0.01336	0.00959	0.00479	0.00457	0.00102	0.00441	0.00385	0.00408	0.69300
4	0.01979	0.01513	0.01733	0.01356	0.01734	0.01724	0.03102	0.56685	0.02325	0.03178	0.01317	0.01422	0.00977	0.00742	0.00785	0.00186	0.12915	0.00527	0.04896	0.00904
5	0.00783	0.00581	0.00730	0.00718	0.00851	0.00528	0.00529	0.01011	0.01514	0.02079	0.53183	0.15324	0.17362	0.01329	0.00694	0.00193	0.00287	0.01168	0.00608	0.00528
6	0.00714	0.00529	0.00670	0.00780	0.00848	0.00484	0.00539	0.00831	0.01162	0.01512	0.03698	0.62410	0.17146	0.01748	0.00735	0.00230	0.00338	0.04608	0.00540	0.00479
7	0.00823	0.00554	0.00641	0.00664	0.00669	0.00548	0.00384	0.00840	0.00891	0.01187	0.02063	0.16448	0.02405	0.66524	0.02588	0.00509	0.00526	0.00981	0.00384	0.00372
8	0.01317	0.02063	0.36146	0.01403	0.01977	0.01402	0.01489	0.02512	0.40785	0.02159	0.01754	0.01734	0.01294	0.00679	0.00574	0.00191	0.00645	0.00552	0.00431	0.00892
9	0.01109	0.01000	0.01661	0.09418	0.34446	0.01005	0.04713	0.01376	0.01262	0.01747	0.07152	0.28389	0.02238	0.01019	0.00647	0.00198	0.00561	0.00954	0.00397	0.00708
10	0.01098	0.01034	0.01744	0.78165	0.04005	0.01292	0.01615	0.01486	0.01163	0.01486	0.01034	0.01550	0.00775	0.00581	0.00581	0.00194	0.00775	0.00517	0.00258	0.00646
11	0.02251	0.01563	0.01705	0.01307	0.01771	0.01706	0.01080	0.66700	0.02624	0.11116	0.01488	0.01456	0.01035	0.00700	0.00582	0.00175	0.00625	0.00530	0.00596	0.00989
12	0.07462	0.01167	0.05094	0.04805	0.04178	0.01150	0.02708	0.17878	0.01529	0.06664	0.01905	0.20035	0.04371	0.00989	0.00722	0.00194	0.07635	0.02896	0.00461	0.08157
13	0.01640	0.03769	0.03445	0.01817	0.14213	0.17137	0.08614	0.09968	0.14330	0.03320	0.01321	0.01570	0.01072	0.04191	0.00853	0.00202	0.10822	0.00538	0.00381	0.00797
14	0.00795	0.00578	0.00759	0.00824	0.00927	0.00542	0.00623	0.00993	0.01354	0.01824	0.26902	0.32618	0.10259	0.01539	0.00733	0.00223	0.00357	0.17066	0.00571	0.00513
15	0.20203	0.01208	0.01532	0.51980	0.03102	0.07200	0.01334	0.03907	0.01211	0.01808	0.00983	0.01367	0.00747	0.00577	0.00526	0.00187	0.00717	0.00460	0.00295	0.00655
16	0.01787	0.01192	0.01660	0.05553	0.24575	0.03904	0.01178	0.05283	0.05094	0.26150	0.01611	0.01893	0.01244	0.09473	0.00943	0.00226	0.06354	0.00578	0.00461	0.00840
17	0.01221	0.01193	0.01668	0.01443	0.01451	0.01649	0.01191	0.01348	0.00892	0.01384	0.00870	0.01460	0.00874	0.04765	0.07507	0.00318	0.69355	0.00532	0.00263	0.00615
18	0.01377	0.01186	0.01830	0.16412	0.35140	0.01147	0.01360	0.01696	0.01279	0.06422	0.01138	0.01422	0.00908	0.00516	0.00533	0.00151	0.00615	0.00469	0.00326	0.26076
19	0.49183	0.18054	0.01573	0.01015	0.01406	0.13659	0.04445	0.01822	0.01155	0.02120	0.00842	0.00990	0.00686	0.00538	0.00405	0.00164	0.00608	0.00342	0.00323	0.00669
20	0.01223	0.08479	0.61179	0.01717	0.02513	0.01437	0.11822	0.01837	0.01244	0.01810	0.01044	0.01252	0.00757	0.00540	0.00557	0.00181	0.00858	0.00456	0.00252	0.00841
21	0.00814	0.00594	0.00765	0.00722	0.00863	0.00545	0.00542	0.01080	0.01625	0.02282	0.71052	0.04426	0.10095	0.01207	0.00686	0.00184	0.00276	0.01063	0.00634	0.00545
22	0.01084	0.00542	0.00542	0.00542	0.00678	0.00542	0.00407	0.01355	0.01220	0.02168	0.01897	0.02168	0.01491	0.00678	0.00407	0.00136	0.00271	0.00542	0.82791	0.00542
23	0.00811	0.00549	0.00644	0.00679	0.00687	0.00541	0.00400	0.00837	0.00913	0.01218	0.02179	0.22863	0.02552	0.59908	0.02399	0.00481	0.00507	0.01050	0.00400	0.00383
24	0.01206	0.01034	0.01206	0.00861	0.01378	0.00775	0.00689	0.01464	0.01206	0.01895	0.01034	0.01206	0.00861	0.00431	0.00431	0.00086	0.00431	0.00345	0.00345	0.83118
25	0.83671	0.01125	0.00855	0.00765	0.01125	0.01305	0.00630	0.01709	0.00990	0.02609	0.00810	0.00945	0.00630	0.00540	0.00360	0.00180	0.00450	0.00315	0.00360	0.00630
26	0.83671	0.01125	0.00855	0.00765	0.01125	0.01305	0.00630	0.01709	0.00990	0.02609	0.00810	0.00945	0.00630	0.00540	0.00360	0.00180	0.00450	0.00315	0.00360	0.00630
27	0.00995	0.00751	0.01101	0.01359	0.09819	0.00751	0.01035	0.01272	0.01337	0.01759	0.02850	0.05969	0.03067	0.01481	0.00777	0.00257	0.00553	0.63780	0.00507	0.00580
28	0.00953	0.00622	0.00814	0.00760	0.00918	0.00572	0.00573	0.01206	0.01581	0.08082	0.60336	0.07888	0.08320	0.01305	0.03279	0.00211	0.00339	0.01039	0.00625	0.00576
29	0.01540	0.35045	0.17536	0.01133	0.01642	0.01724	0.01164	0.17011	0.01526	0.02078	0.01152	0.01285	0.00912	0.00580	0.00460	0.00149	0.00620	0.00417	0.13238	0.00789
30	0.04709	0.05605	0.22371	0.01386	0.04369	0.06957	0.03855	0.15799	0.01639	0.17027	0.01694	0.01713	0.06462	0.00675	0.00559	0.00174	0.00676	0.00533	0.00441	0.03357

[dist]
# distance from previous block
# <min> <max>
0	1

[block]
# block no. 5 follows, 40 sequences, length 22
# corresponding to MSA columns:
# 546-567
name=unknown_F
#
# <colnr> <probs for GDERKNQSTAVLIFYWHMCP>
#	G	D	E	R	K	N	Q	S	T	A	V	L	I	F	Y	W	H	M	C	P
0	0.09319	0.13344	0.04416	0.01259	0.01637	0.13903	0.07316	0.14694	0.05183	0.05279	0.04377	0.05596	0.05349	0.00765	0.00603	0.00176	0.03727	0.01887	0.00418	0.00750
1	0.01555	0.79913	0.03047	0.00995	0.01493	0.02301	0.00995	0.01741	0.01182	0.01368	0.00808	0.00933	0.00746	0.00498	0.00373	0.00124	0.00622	0.00311	0.00249	0.00746
2	0.01604	0.01434	0.01718	0.13182	0.06730	0.10167	0.07462	0.16960	0.15628	0.05063	0.05250	0.01893	0.02821	0.00715	0.00624	0.00183	0.02501	0.02061	0.00449	0.03557
3	0.01591	0.01240	0.01282	0.01095	0.01379	0.05094	0.00871	0.23320	0.22858	0.02581	0.01736	0.01807	0.01324	0.00741	0.00648	0.00176	0.07286	0.00559	0.23613	0.00797
4	0.00702	0.00590	0.00610	0.00605	0.00795	0.00497	0.00454	0.00864	0.01361	0.01655	0.13621	0.05458	0.67917	0.01441	0.00687	0.00195	0.00292	0.01208	0.00551	0.00497
5	0.00933	0.01576	0.31579	0.01077	0.01521	0.00862	0.01177	0.01343	0.01406	0.01967	0.30086	0.03348	0.18841	0.00992	0.00632	0.00186	0.00517	0.00837	0.00458	0.00663
6	0.17455	0.18820	0.13646	0.01359	0.01874	0.08383	0.11797	0.11264	0.01457	0.07293	0.01087	0.01218	0.00823	0.00564	0.00500	0.00167	0.00710	0.00438	0.00357	0.00789
7	0.01561	0.01247	0.01336	0.01180	0.01523	0.01420	0.00924	0.06126	0.66619	0.07692	0.02320	0.02123	0.01718	0.00780	0.00591	0.00195	0.00470	0.00647	0.00600	0.00928
8	0.07199	0.00736	0.00775	0.00692	0.00913	0.00747	0.00542	0.07933	0.01394	0.11985	0.01828	0.01990	0.01379	0.00675	0.00442	0.00148	0.00345	0.00530	0.59103	0.00646
9	0.00718	0.00514	0.00684	0.00803	0.00846	0.00479	0.00541	0.00835	0.01160	0.01558	0.09513	0.72665	0.03989	0.01767	0.00737	0.00232	0.00332	0.01601	0.00549	0.00479
10	0.01098	0.01034	0.01744	0.78165	0.04005	0.01292	0.01615	0.01486	0.01163	0.01486	0.01034	0.01550	0.00775	0.00581	0.00581	0.00194	0.00775	0.00517	0.00258	0.00646
11	0.01166	0.03008	0.76550	0.01657	0.02517	0.01351	0.02149	0.01842	0.01228	0.01842	0.01044	0.01228	0.00737	0.00552	0.00552	0.00184	0.00859	0.00430	0.00246	0.00859
12	0.00912	0.00651	0.00908	0.01042	0.01165	0.00648	0.00893	0.01161	0.01314	0.01712	0.03093	0.14609	0.03402	0.01630	0.00796	0.00264	0.00514	0.64222	0.00536	0.00528
13	0.08669	0.02111	0.27328	0.01765	0.11973	0.12011	0.03947	0.10981	0.01430	0.02028	0.01045	0.01277	0.00816	0.00737	0.03069	0.00207	0.09027	0.00459	0.00316	0.00802
14	0.01166	0.03008	0.76550	0.01657	0.02517	0.01351	0.02149	0.01842	0.01228	0.01842	0.01044	0.01228	0.00737	0.00552	0.00552	0.00184	0.00859	0.00430	0.00246	0.00859
15	0.01166	0.03008	0.76550	0.01657	0.02517	0.01351	0.02149	0.01842	0.01228	0.01842	0.01044	0.01228	0.00737	0.00552	0.00552	0.00184	0.00859	0.00430	0.00246	0.00859
16	0.00772	0.00603	0.00702	0.00688	0.00848	0.00542	0.00512	0.01016	0.03473	0.01939	0.37739	0.10653	0.35708	0.01350	0.00688	0.00193	0.00293	0.01164	0.00588	0.00528
17	0.74955	0.01246	0.05884	0.00828	0.01227	0.01287	0.00733	0.01709	0.01014	0.02530	0.00834	0.00974	0.00646	0.00536	0.00375	0.00177	0.00476	0.00324	0.00352	0.03896
18	0.17620	0.00666	0.00711	0.00737	0.00884	0.00663	0.00532	0.01049	0.01206	0.01857	0.15575	0.32754	0.16983	0.05251	0.00755	0.00224	0.00353	0.01157	0.00511	0.00515
19	0.04652	0.00985	0.03526	0.03995	0.04039	0.00839	0.00799	0.04282	0.03030	0.12927	0.01919	0.18218	0.04148	0.04361	0.00662	0.00177	0.00467	0.00739	0.00456	0.29777
20	0.01564	0.12113	0.13782	0.04525	0.04560	0.01234	0.01123	0.04908	0.03940	0.15683	0.01294	0.01383	0.00966	0.00565	0.00542	0.00145	0.03045	0.00436	0.00395	0.27796
21	0.07350	0.10961	0.20131	0.05156	0.01970	0.03894	0.05578	0.20306	0.03980	0.03834	0.01277	0.01617	0.01022	0.04146	0.00649	0.00192	0.00695	0.03297	0.00386	0.03557

[dist]
# distance from previous block
# <min> <max>
0	10

[block]
# block no. 6 follows, 40 sequences, length 34
# corresponding to MSA columns:
# 609-642
name=unknown_G
#
# <colnr> <probs for GDERKNQSTAVLIFYWHMCP>
#	G	D	E	R	K	N	Q	S	T	A	V	L	I	F	Y	W	H	M	C	P
0	0.15316	0.01413	0.01692	0.06240	0.05777	0.10814	0.10923	0.12028	0.01532	0.11116	0.06392	0.01676	0.03100	0.00685	0.00654	0.00181	0.06332	0.00547	0.00423	0.03158
1	0.00952	0.00704	0.00848	0.00788	0.00972	0.00685	0.00598	0.01412	0.12590	0.04524	0.52287	0.04126	0.14955	0.01155	0.00669	0.00187	0.00312	0.01003	0.00621	0.00610
2	0.01775	0.23096	0.04869	0.01329	0.01739	0.22235	0.06852	0.12202	0.05419	0.05633	0.06280	0.01453	0.01208	0.00643	0.00562	0.00161	0.02909	0.00481	0.00382	0.00773
3	0.00834	0.00617	0.00781	0.00736	0.00884	0.00575	0.00553	0.01145	0.04145	0.02275	0.67601	0.04368	0.10900	0.01197	0.00683	0.00184	0.00282	0.01052	0.00631	0.00557
4	0.00709	0.00506	0.00675	0.00810	0.00843	0.00472	0.00540	0.00810	0.01113	0.01484	0.03205	0.79184	0.03846	0.01822	0.00742	0.00236	0.00337	0.01653	0.00540	0.00472
5	0.83671	0.01125	0.00855	0.00765	0.01125	0.01305	0.00630	0.01709	0.00990	0.02609	0.00810	0.00945	0.00630	0.00540	0.00360	0.00180	0.00450	0.00315	0.00360	0.00630
6	0.00798	0.00624	0.00727	0.00695	0.00866	0.00568	0.00523	0.01086	0.05031	0.02028	0.43801	0.04748	0.33813	0.01285	0.00682	0.00189	0.00291	0.01104	0.00597	0.00543
7	0.00715	0.00509	0.00673	0.00801	0.00833	0.00477	0.00530	0.00812	0.01100	0.01467	0.03137	0.75417	0.03760	0.05706	0.00853	0.00253	0.00349	0.01613	0.00530	0.00466
8	0.01098	0.01034	0.01744	0.78165	0.04005	0.01292	0.01615	0.01486	0.01163	0.01486	0.01034	0.01550	0.00775	0.00581	0.00581	0.00194	0.00775	0.00517	0.00258	0.00646
9	0.01148	0.00621	0.00629	0.00606	0.00765	0.00638	0.00460	0.04374	0.04961	0.02242	0.01900	0.02137	0.01484	0.00684	0.00423	0.00140	0.00295	0.00547	0.75366	0.00579
10	0.01821	0.46631	0.02444	0.01212	0.01624	0.34627	0.01050	0.01992	0.01383	0.01392	0.00847	0.00983	0.00747	0.00541	0.00438	0.00135	0.00806	0.00338	0.00271	0.00715
11	0.01010	0.00505	0.00758	0.00758	0.00758	0.00505	0.00505	0.00758	0.00758	0.01010	0.01010	0.01768	0.01010	0.02020	0.02273	0.83081	0.00505	0.00505	0.00253	0.00253
12	0.29716	0.01422	0.01426	0.01141	0.01549	0.01604	0.00941	0.43566	0.03809	0.04794	0.01218	0.01271	0.00888	0.00659	0.00556	0.00180	0.03452	0.00457	0.00498	0.00853
13	0.01623	0.02626	0.43248	0.01548	0.02198	0.16829	0.01688	0.19428	0.01678	0.02199	0.01100	0.01232	0.00800	0.00597	0.00554	0.00175	0.00845	0.00441	0.00338	0.00853
14	0.00810	0.00591	0.00761	0.00726	0.00863	0.00542	0.00542	0.01069	0.01604	0.02250	0.68318	0.07444	0.09837	0.01232	0.00688	0.00186	0.00278	0.01087	0.00630	0.00542
15	0.01778	0.01166	0.01475	0.01245	0.01507	0.01346	0.01017	0.04900	0.22804	0.26078	0.01830	0.01951	0.01375	0.00864	0.01010	0.00211	0.25020	0.03056	0.00525	0.00843
16	0.04795	0.01424	0.01699	0.01420	0.04567	0.01645	0.01130	0.39797	0.01977	0.12005	0.01302	0.01421	0.00968	0.00776	0.00939	0.00197	0.22052	0.00520	0.00490	0.00877
17	0.00703	0.00566	0.00629	0.00677	0.00820	0.00492	0.00491	0.00840	0.01258	0.01550	0.04929	0.29137	0.50068	0.01589	0.00709	0.00212	0.00317	0.03986	0.00540	0.00487
18	0.01241	0.01040	0.01135	0.01033	0.01303	0.01157	0.00797	0.02442	0.51477	0.02367	0.22692	0.02919	0.06058	0.00929	0.00622	0.00193	0.00402	0.00791	0.00603	0.00799
19	0.83671	0.01125	0.00855	0.00765	0.01125	0.01305	0.00630	0.01709	0.00990	0.02609	0.00810	0.00945	0.00630	0.00540	0.00360	0.00180	0.00450	0.00315	0.00360	0.00630
20	0.00765	0.00592	0.00697	0.00671	0.00833	0.00524	0.00503	0.00986	0.01510	0.02009	0.46035	0.04875	0.35282	0.01309	0.00686	0.00189	0.00283	0.01126	0.00598	0.00524
21	0.05783	0.00995	0.01330	0.01024	0.01470	0.00872	0.00846	0.02790	0.01638	0.73451	0.02236	0.01939	0.01408	0.00713	0.00576	0.00180	0.00493	0.00574	0.00706	0.00976
22	0.00823	0.00594	0.00777	0.00732	0.00869	0.00549	0.00549	0.01097	0.01646	0.02332	0.75629	0.04344	0.05487	0.01189	0.00686	0.00183	0.00274	0.01052	0.00640	0.00549
23	0.01446	0.01249	0.01315	0.01183	0.01512	0.01446	0.00920	0.03090	0.74885	0.02433	0.02367	0.02170	0.01775	0.00789	0.00592	0.00197	0.00460	0.00657	0.00592	0.00920
24	0.01206	0.01034	0.01206	0.00861	0.01378	0.00775	0.00689	0.01464	0.01206	0.01895	0.01034	0.01206	0.00861	0.00431	0.00431	0.00086	0.00431	0.00345	0.00345	0.83118
25	0.00814	0.00594	0.00765	0.00722	0.00863	0.00545	0.00542	0.01080	0.01625	0.02282	0.71036	0.04426	0.10111	0.01208	0.00686	0.00184	0.00276	0.01063	0.00634	0.00545
26	0.00820	0.00592	0.00774	0.00734	0.00868	0.00546	0.00548	0.01089	0.01630	0.02307	0.73472	0.06572	0.05438	0.01208	0.00688	0.00184	0.00276	0.01070	0.00637	0.00546
27	0.60934	0.00964	0.00769	0.00703	0.01002	0.01095	0.00568	0.01612	0.01053	0.02488	0.01109	0.01281	0.00867	0.00578	0.00373	0.00168	0.00401	0.00377	0.23054	0.00606
28	0.00981	0.00758	0.00988	0.00924	0.00981	0.00890	0.00674	0.04518	0.00974	0.01371	0.01533	0.02742	0.01605	0.37060	0.27358	0.00614	0.14512	0.00697	0.00333	0.00488
29	0.00772	0.00577	0.00653	0.00675	0.00815	0.00508	0.00481	0.00909	0.01271	0.03666	0.11184	0.24199	0.42661	0.07875	0.00884	0.00235	0.00331	0.01272	0.00539	0.00494
30	0.62768	0.09150	0.01176	0.00868	0.01243	0.07554	0.00723	0.01846	0.01113	0.07874	0.00927	0.01029	0.00711	0.00554	0.00391	0.00172	0.00519	0.00339	0.00371	0.00672
31	0.01466	0.11949	0.41454	0.01596	0.02273	0.06276	0.11123	0.06493	0.03975	0.06333	0.01166	0.01313	0.00852	0.00568	0.00551	0.00176	0.00809	0.00468	0.00317	0.00842
32	0.00876	0.07041	0.00933	0.00836	0.00946	0.00701	0.00637	0.01025	0.01180	0.01544	0.09028	0.26275	0.07706	0.18299	0.01197	0.00299	0.00454	0.20046	0.00483	0.00493
33	0.07097	0.14359	0.06352	0.02972	0.01663	0.09968	0.01033	0.25350	0.04644	0.04549	0.03773	0.05106	0.01197	0.00680	0.00522	0.00161	0.00628	0.00514	0.00434	0.08998

[dist]
# distance from previous block
# <min> <max>
0	2

[block]
# block no. 7 follows, 40 sequences, length 31
# corresponding to MSA columns:
# 648-678
name=unknown_H
#
# <colnr> <probs for GDERKNQSTAVLIFYWHMCP>
#	G	D	E	R	K	N	Q	S	T	A	V	L	I	F	Y	W	H	M	C	P
0	0.01331	0.07663	0.06968	0.09975	0.04913	0.04469	0.09220	0.10211	0.04294	0.03398	0.07887	0.10900	0.03352	0.00987	0.03872	0.00219	0.06367	0.00709	0.00400	0.02864
1	0.01591	0.11827	0.06566	0.01452	0.05678	0.10352	0.07653	0.14797	0.20424	0.02184	0.01571	0.07220	0.01307	0.00718	0.00563	0.00174	0.00655	0.00597	0.00432	0.04237
2	0.00759	0.00564	0.00718	0.00778	0.00878	0.00510	0.00549	0.00911	0.01251	0.01682	0.16974	0.49990	0.12892	0.01585	0.00711	0.00215	0.00331	0.03597	0.00549	0.04556
3	0.01636	0.04270	0.04110	0.09882	0.08535	0.07409	0.08735	0.09576	0.07008	0.14387	0.07096	0.01944	0.01460	0.00822	0.02684	0.00207	0.06114	0.02886	0.00442	0.00796
4	0.00985	0.00827	0.00944	0.00788	0.01122	0.00676	0.00604	0.01258	0.04864	0.01782	0.05109	0.14020	0.22811	0.00972	0.00565	0.00148	0.00375	0.00825	0.00450	0.40875
5	0.02172	0.02772	0.01648	0.01498	0.01798	0.77228	0.01124	0.02322	0.01648	0.01423	0.00899	0.01049	0.00749	0.00599	0.00524	0.00150	0.01049	0.00375	0.00300	0.00674
6	0.01535	0.01696	0.21852	0.03883	0.04273	0.01201	0.07090	0.11831	0.05131	0.11793	0.03144	0.01509	0.01078	0.00586	0.00548	0.00160	0.00644	0.00494	0.00410	0.21141
7	0.03821	0.46903	0.02499	0.01213	0.04597	0.04688	0.04329	0.07437	0.01421	0.16381	0.01177	0.01228	0.00912	0.00562	0.00458	0.00147	0.00629	0.00409	0.00375	0.00816
8	0.01166	0.03008	0.76550	0.01657	0.02517	0.01351	0.02149	0.01842	0.01228	0.01842	0.01044	0.01228	0.00737	0.00552	0.00552	0.00184	0.00859	0.00430	0.00246	0.00859
9	0.00823	0.00594	0.00777	0.00732	0.00869	0.00549	0.00549	0.01097	0.01646	0.02332	0.75629	0.04344	0.05487	0.01189	0.00686	0.00183	0.00274	0.01052	0.00640	0.00549
10	0.01734	0.15288	0.33585	0.04165	0.02039	0.01393	0.01473	0.07136	0.01453	0.24176	0.01402	0.01426	0.00968	0.00604	0.00535	0.00172	0.00692	0.00466	0.00412	0.00880
11	0.01654	0.04887	0.26015	0.01587	0.05680	0.01586	0.05764	0.32440	0.01856	0.02584	0.01207	0.01357	0.00892	0.00644	0.00656	0.00181	0.06144	0.00494	0.03489	0.00881
12	0.00877	0.00582	0.00721	0.00757	0.00857	0.00564	0.00541	0.03712	0.01326	0.01922	0.21307	0.38304	0.03581	0.01460	0.03191	0.00222	0.00359	0.01188	0.18002	0.00527
13	0.00846	0.00564	0.00634	0.00634	0.00634	0.00564	0.00352	0.00846	0.00846	0.01128	0.01832	0.03805	0.02114	0.79563	0.02960	0.00564	0.00564	0.00846	0.00352	0.00352
14	0.01413	0.01214	0.01286	0.01159	0.01477	0.01398	0.00900	0.02982	0.70915	0.02427	0.06338	0.02287	0.01976	0.00811	0.00597	0.00196	0.00450	0.00679	0.00594	0.00900
15	0.00774	0.00593	0.00710	0.00681	0.00839	0.00528	0.00510	0.01003	0.01531	0.02060	0.50681	0.04792	0.30604	0.01290	0.00686	0.00188	0.00282	0.01114	0.00604	0.00528
16	0.01341	0.01114	0.01279	0.00926	0.01435	0.00914	0.00745	0.11246	0.01412	0.02134	0.01082	0.01232	0.00879	0.00467	0.00451	0.00098	0.00459	0.00369	0.00377	0.72042
17	0.00725	0.00524	0.00686	0.00786	0.00844	0.00485	0.00536	0.00855	0.01207	0.01620	0.14523	0.63649	0.07994	0.01705	0.00731	0.00226	0.00325	0.01537	0.00555	0.00485
18	0.01705	0.01340	0.07171	0.23634	0.04144	0.01343	0.01261	0.24649	0.01772	0.14731	0.05910	0.01721	0.01259	0.00695	0.00637	0.00185	0.03866	0.00557	0.02596	0.00825
19	0.01553	0.24899	0.04696	0.01150	0.05041	0.03827	0.00931	0.09546	0.04388	0.13006	0.01757	0.17793	0.01670	0.06357	0.00716	0.00201	0.00561	0.00724	0.00441	0.00742
20	0.00721	0.00521	0.00666	0.00772	0.00821	0.00484	0.00515	0.00823	0.01125	0.01486	0.05242	0.64075	0.10542	0.08157	0.00918	0.00258	0.00350	0.01531	0.00527	0.00466
21	0.00860	0.00637	0.00810	0.00841	0.00971	0.00604	0.00630	0.03304	0.03279	0.01883	0.24227	0.34111	0.08604	0.01467	0.00711	0.00214	0.00363	0.12173	0.00563	0.03747
22	0.01504	0.31724	0.20425	0.03776	0.05009	0.12872	0.13569	0.01865	0.01298	0.01597	0.00957	0.01165	0.00775	0.00528	0.00505	0.00158	0.00809	0.00426	0.00265	0.00773
23	0.01442	0.17158	0.09495	0.10345	0.14931	0.05192	0.16094	0.01796	0.01317	0.05764	0.04107	0.01467	0.01044	0.00554	0.00548	0.00164	0.00732	0.00507	0.00317	0.07028
24	0.01673	0.23213	0.08320	0.05919	0.15503	0.07377	0.01301	0.15625	0.05857	0.05121	0.01162	0.01310	0.00915	0.00603	0.00569	0.00165	0.03712	0.00455	0.00363	0.00839
25	0.01579	0.03978	0.01603	0.10117	0.05454	0.33578	0.03446	0.01776	0.01333	0.03405	0.01255	0.08269	0.01169	0.02748	0.10086	0.00279	0.08374	0.00576	0.00323	0.00650
26	0.01010	0.00505	0.00758	0.00758	0.00758	0.00505	0.00505	0.00758	0.00758	0.01010	0.01010	0.01768	0.01010	0.02020	0.02273	0.83081	0.00505	0.00505	0.00253	0.00253
27	0.04344	0.00813	0.00975	0.00872	0.01085	0.03786	0.05672	0.01270	0.06550	0.02011	0.34653	0.06609	0.26806	0.01173	0.00662	0.00189	0.00384	0.01017	0.00552	0.00578
28	0.01125	0.01025	0.01623	0.43408	0.02845	0.01240	0.04872	0.03879	0.04275	0.01682	0.09089	0.01917	0.01403	0.01111	0.09006	0.00279	0.09641	0.00599	0.00331	0.00650
29	0.01332	0.04208	0.04888	0.22576	0.22009	0.07047	0.01418	0.01635	0.01212	0.01656	0.00992	0.01350	0.00822	0.00601	0.00738	0.00173	0.12183	0.00466	0.00282	0.14411
30	0.01544	0.15006	0.22912	0.01867	0.19484	0.03029	0.01507	0.17093	0.02961	0.02169	0.01112	0.01277	0.00864	0.00563	0.00526	0.00162	0.00700	0.00448	0.00342	0.06432

[dist]
# distance from previous block
# <min> <max>
0	1

[block]
# block no. 8 follows, 40 sequences, length 10
# corresponding to MSA columns:
# 703-712
name=unknown_I
#
# <colnr> <probs for GDERKNQSTAVLIFYWHMCP>
#	G	D	E	R	K	N	Q	S	T	A	V	L	I	F	Y	W	H	M	C	P
0	0.09371	0.22181	0.01823	0.01278	0.05422	0.24307	0.00992	0.01733	0.01235	0.01524	0.01019	0.01355	0.00919	0.03395	0.15396	0.00316	0.06352	0.00429	0.00292	0.00661
1	0.15088	0.04206	0.01350	0.03805	0.01484	0.01172	0.00879	0.15078	0.01570	0.29643	0.01707	0.03846	0.01308	0.04312	0.06058	0.00254	0.03788	0.03119	0.00528	0.00806
2	0.10634	0.01134	0.01280	0.01051	0.01455	0.01155	0.00843	0.05450	0.29437	0.27306	0.01956	0.01813	0.01384	0.00687	0.00542	0.00174	0.00474	0.00548	0.00576	0.12103
3	0.01144	0.00963	0.01137	0.00841	0.01296	0.00739	0.00667	0.01405	0.01277	0.01965	0.13005	0.01709	0.01604	0.00552	0.00472	0.00102	0.00406	0.00458	0.00392	0.69867
4	0.00898	0.00613	0.00762	0.00714	0.00871	0.00555	0.00531	0.01125	0.01528	0.06263	0.52486	0.04422	0.18980	0.06690	0.00839	0.00212	0.00311	0.01046	0.00605	0.00548
5	0.00846	0.00564	0.00634	0.00634	0.00634	0.00564	0.00352	0.00846	0.00846	0.01128	0.01832	0.03805	0.02114	0.79563	0.02960	0.00564	0.00564	0.00846	0.00352	0.00352
