[name]
unknown

[dist]
# distance from previous block
# <min> <max>
0	269

[block]
# block no. 0 follows, 46 sequences, length 12
# corresponding to MSA columns:
# 280-291
name=unknown_A
#
# <colnr> <probs for GDERKNQSTAVLIFYWHMCP>
#	G	D	E	R	K	N	Q	S	T	A	V	L	I	F	Y	W	H	M	C	P
0	0.15193	0.09685	0.28104	0.01172	0.01695	0.01252	0.03739	0.11335	0.01336	0.16570	0.01229	0.01404	0.00906	0.00578	0.00480	0.00163	0.00602	0.03422	0.00374	0.00760
1	0.01124	0.00915	0.01222	0.07683	0.18048	0.04013	0.00901	0.03966	0.04222	0.06795	0.07992	0.23900	0.04962	0.00909	0.00561	0.00167	0.00463	0.00807	0.00411	0.10938
2	0.01094	0.01071	0.01496	0.01308	0.01312	0.01473	0.01075	0.01207	0.00834	0.01282	0.00966	0.10958	0.01038	0.01015	0.01605	0.00229	0.70624	0.00590	0.00263	0.00560
3	0.11276	0.00709	0.00914	0.06051	0.07294	0.00713	0.00686	0.01242	0.03222	0.07952	0.28975	0.20715	0.06173	0.01023	0.00575	0.00178	0.00363	0.00892	0.00482	0.00564
4	0.01551	0.01298	0.01893	0.07764	0.19159	0.04545	0.14476	0.16260	0.10791	0.10773	0.01300	0.01444	0.00968	0.00580	0.00605	0.00169	0.04726	0.00516	0.00390	0.00793
5	0.00756	0.00572	0.00837	0.00844	0.00923	0.00660	0.00644	0.00923	0.00865	0.01236	0.01584	0.11787	0.01590	0.06624	0.63930	0.00737	0.04029	0.00686	0.00308	0.00465
6	0.00715	0.00567	0.00663	0.00647	0.00811	0.00485	0.00474	0.00877	0.01207	0.01599	0.20482	0.24072	0.32730	0.01247	0.00609	0.00173	0.00289	0.01082	0.00490	0.10781
7	0.04249	0.00905	0.05761	0.02718	0.07998	0.00784	0.00812	0.04461	0.04418	0.22919	0.15663	0.18626	0.06576	0.00944	0.00573	0.00176	0.00418	0.00818	0.00508	0.00673
8	0.18492	0.10014	0.01498	0.06647	0.05673	0.10224	0.02757	0.14733	0.03446	0.11934	0.01190	0.01404	0.00925	0.00601	0.00510	0.00160	0.03353	0.03308	0.02423	0.00708
9	0.00667	0.00479	0.00623	0.00707	0.00757	0.00446	0.00478	0.00781	0.01085	0.01459	0.15004	0.60883	0.06958	0.06078	0.00779	0.00222	0.00307	0.01356	0.00496	0.00435
10	0.09957	0.01130	0.01419	0.01398	0.15143	0.01160	0.00957	0.26501	0.01672	0.25521	0.03986	0.01507	0.01120	0.00681	0.00600	0.04956	0.00515	0.00489	0.00484	0.00805
11	0.01567	0.10077	0.09943	0.06359	0.24813	0.18788	0.04231	0.09584	0.01395	0.06855	0.01024	0.01200	0.00797	0.00520	0.00497	0.00151	0.00708	0.00424	0.00309	0.00756

[dist]
# distance from previous block
# <min> <max>
3	7

[block]
# block no. 1 follows, 46 sequences, length 27
# corresponding to MSA columns:
# 299-325
name=unknown_B
#
# <colnr> <probs for GDERKNQSTAVLIFYWHMCP>
#	G	D	E	R	K	N	Q	S	T	A	V	L	I	F	Y	W	H	M	C	P
0	0.01784	0.18605	0.01756	0.01112	0.01520	0.01638	0.00943	0.44193	0.14682	0.06538	0.01345	0.01324	0.00993	0.00610	0.00490	0.00153	0.00544	0.00458	0.00472	0.00841
1	0.00714	0.00509	0.00657	0.00706	0.00751	0.00515	0.00478	0.00804	0.00911	0.01226	0.02287	0.31997	0.06292	0.28127	0.19332	0.00456	0.00630	0.02815	0.00388	0.00406
2	0.01140	0.02543	0.70978	0.01452	0.02186	0.01177	0.01839	0.01714	0.01146	0.06729	0.01085	0.01323	0.00791	0.00544	0.00512	0.00170	0.00750	0.02881	0.00260	0.00779
3	0.26236	0.01023	0.01068	0.00915	0.01205	0.01117	0.00738	0.26017	0.01493	0.08949	0.01451	0.06911	0.01283	0.06804	0.06351	0.00247	0.00549	0.06536	0.00441	0.00666
4	0.01360	0.00666	0.00829	0.00736	0.00935	0.00645	0.00575	0.01557	0.01232	0.26275	0.06071	0.12396	0.06802	0.00854	0.00578	0.00161	0.05466	0.00699	0.31546	0.00617
5	0.01071	0.00671	0.00868	0.00850	0.01020	0.00648	0.00682	0.07298	0.01394	0.11812	0.21934	0.17704	0.06367	0.01221	0.00647	0.00199	0.00388	0.24125	0.00537	0.00565
6	0.01284	0.01065	0.01134	0.01004	0.01291	0.01193	0.00787	0.12310	0.52121	0.02254	0.07272	0.02437	0.10610	0.00815	0.00556	0.00177	0.00413	0.01972	0.00533	0.00772
7	0.01219	0.02467	0.60880	0.01531	0.02233	0.04538	0.08595	0.07310	0.01256	0.03653	0.01006	0.01166	0.00715	0.00512	0.00515	0.00166	0.00776	0.00420	0.00263	0.00780
8	0.01101	0.01074	0.01512	0.01313	0.01326	0.01485	0.01087	0.01226	0.00815	0.01266	0.00795	0.01285	0.00782	0.01350	0.12576	0.00318	0.69411	0.00477	0.00239	0.00563
9	0.00715	0.00518	0.00690	0.00803	0.00877	0.00493	0.00609	0.00863	0.01099	0.01437	0.03072	0.48737	0.09382	0.01562	0.00690	0.00222	0.00366	0.26924	0.00489	0.00451
10	0.00998	0.00940	0.01586	0.80150	0.03641	0.01175	0.01468	0.01351	0.01057	0.01351	0.00940	0.01409	0.00705	0.00529	0.00529	0.00176	0.00705	0.00470	0.00235	0.00587
11	0.00787	0.00567	0.00766	0.00823	0.00939	0.00546	0.00673	0.01014	0.01300	0.01753	0.30563	0.12502	0.06066	0.01336	0.00682	0.00210	0.00375	0.38092	0.00522	0.00484
12	0.01948	0.01476	0.01711	0.01299	0.01731	0.01615	0.07112	0.70296	0.02385	0.03199	0.01253	0.01282	0.00891	0.00619	0.00537	0.00160	0.00607	0.00488	0.00508	0.00884
13	0.73548	0.01005	0.00840	0.00730	0.01068	0.01129	0.00601	0.01697	0.00986	0.13044	0.00925	0.00991	0.00676	0.00514	0.00356	0.00164	0.00415	0.00321	0.00373	0.00618
14	0.00845	0.00557	0.00709	0.00692	0.00812	0.00516	0.00511	0.01028	0.01292	0.06803	0.41321	0.11991	0.10482	0.12856	0.00933	0.00229	0.00328	0.07085	0.00523	0.00486
15	0.00757	0.00560	0.00818	0.00818	0.00901	0.00644	0.00621	0.00924	0.00840	0.01204	0.01445	0.02238	0.01391	0.12972	0.70414	0.00810	0.01311	0.00590	0.00288	0.00454
16	0.00918	0.00459	0.00689	0.00689	0.00689	0.00459	0.00459	0.00689	0.00689	0.00918	0.00918	0.01607	0.00918	0.01837	0.02066	0.84619	0.00459	0.00459	0.00230	0.00230
17	0.37400	0.01105	0.01120	0.00910	0.01282	0.01188	0.00748	0.19900	0.05636	0.23889	0.01320	0.01282	0.00914	0.00584	0.00444	0.00163	0.00462	0.00418	0.00479	0.00757
18	0.00826	0.00533	0.00699	0.00714	0.00811	0.00499	0.00508	0.00980	0.01193	0.07448	0.28174	0.35578	0.06198	0.07979	0.05122	0.00252	0.00374	0.01119	0.00509	0.00483
19	0.42808	0.00963	0.00902	0.00806	0.01104	0.01076	0.00650	0.01922	0.20108	0.10288	0.01426	0.01571	0.01099	0.00619	0.00423	0.00167	0.00401	0.03520	0.09485	0.00661
20	0.07602	0.01039	0.01249	0.00976	0.01366	0.01021	0.00802	0.20173	0.04867	0.48805	0.01788	0.01625	0.01177	0.00640	0.00511	0.00161	0.00468	0.00503	0.04369	0.00857
21	0.00857	0.00567	0.00765	0.00854	0.00953	0.00548	0.00664	0.01055	0.03196	0.06415	0.02794	0.43536	0.03122	0.01487	0.00684	0.00222	0.00392	0.30894	0.00501	0.00494
22	0.01718	0.06316	0.06582	0.03028	0.01533	0.01123	0.07015	0.15978	0.01489	0.29161	0.02876	0.01639	0.01149	0.04092	0.02296	0.00191	0.05690	0.00513	0.06849	0.00763
23	0.00872	0.00535	0.00680	0.00722	0.00834	0.00480	0.00511	0.00988	0.01119	0.11733	0.03305	0.54785	0.18515	0.01456	0.00645	0.00200	0.00318	0.01293	0.00513	0.00496
24	0.00667	0.00482	0.00634	0.00739	0.00792	0.00449	0.00516	0.00784	0.01071	0.01423	0.07855	0.65530	0.07927	0.01585	0.00673	0.00212	0.00315	0.07412	0.00496	0.00440
25	0.35490	0.09161	0.01196	0.04227	0.02492	0.09223	0.02509	0.07584	0.01196	0.02052	0.06555	0.03253	0.01120	0.00596	0.00432	0.00154	0.01557	0.00430	0.10167	0.00604
26	0.04998	0.02584	0.06818	0.22906	0.12360	0.01152	0.01176	0.08597	0.07834	0.18023	0.01318	0.01458	0.00953	0.00639	0.02141	0.00178	0.01740	0.00473	0.00387	0.04265

[dist]
# distance from previous block
# <min> <max>
4	28

[block]
# block no. 2 follows, 46 sequences, length 9
# corresponding to MSA columns:
# 356-364
name=unknown_C
#
# <colnr> <probs for GDERKNQSTAVLIFYWHMCP>
#	G	D	E	R	K	N	Q	S	T	A	V	L	I	F	Y	W	H	M	C	P
0	0.13666	0.00994	0.01278	0.08923	0.03173	0.00964	0.06537	0.05930	0.05842	0.04840	0.01177	0.04852	0.00980	0.00748	0.05325	0.00178	0.00543	0.00456	0.00349	0.33246
1	0.06414	0.12285	0.22047	0.01114	0.01619	0.01147	0.05110	0.06334	0.01262	0.16994	0.01340	0.04769	0.02661	0.00581	0.00476	0.00147	0.00563	0.00467	0.00369	0.14300
2	0.06682	0.10406	0.28426	0.03372	0.01741	0.01224	0.01222	0.07823	0.07861	0.19054	0.01295	0.01317	0.00916	0.00553	0.00479	0.00155	0.00587	0.00426	0.00384	0.06077
3	0.00655	0.00513	0.00597	0.00646	0.00763	0.00454	0.00469	0.00790	0.01158	0.01463	0.09961	0.32720	0.40507	0.01442	0.00649	0.00195	0.00294	0.05779	0.00498	0.00447
4	0.00859	0.00586	0.00731	0.00694	0.00845	0.00544	0.00520	0.01133	0.05302	0.07244	0.48600	0.13226	0.15413	0.01141	0.00619	0.00174	0.00282	0.00999	0.00560	0.00528
5	0.03193	0.29358	0.21154	0.01369	0.07980	0.01521	0.06362	0.08820	0.02920	0.11024	0.01076	0.01171	0.00813	0.00514	0.00459	0.00147	0.00627	0.00403	0.00320	0.00768
6	0.00898	0.00580	0.04672	0.00726	0.00767	0.00500	0.00528	0.00748	0.00736	0.00991	0.01093	0.06508	0.01132	0.07380	0.01946	0.69257	0.00470	0.00540	0.00251	0.00276
7	0.00847	0.00561	0.00699	0.00665	0.00817	0.00502	0.00498	0.01045	0.01370	0.08489	0.44691	0.12843	0.22637	0.01174	0.00622	0.00175	0.00278	0.01021	0.00555	0.00513
8	0.00748	0.04049	0.00819	0.08348	0.01078	0.00603	0.00615	0.00882	0.01043	0.01367	0.05403	0.46851	0.07357	0.09905	0.00861	0.00237	0.00392	0.08548	0.00440	0.00453

[dist]
# distance from previous block
# <min> <max>
5	7

[block]
# block no. 3 follows, 46 sequences, length 8
# corresponding to MSA columns:
# 372-379
name=unknown_D
#
# <colnr> <probs for GDERKNQSTAVLIFYWHMCP>
#	G	D	E	R	K	N	Q	S	T	A	V	L	I	F	Y	W	H	M	C	P
0	0.03810	0.25674	0.07353	0.01072	0.01470	0.09218	0.00960	0.15787	0.19790	0.04704	0.01286	0.01305	0.00991	0.00577	0.00455	0.00147	0.00566	0.00425	0.03652	0.00756
1	0.78894	0.01013	0.00811	0.00714	0.01047	0.01155	0.00588	0.01631	0.00946	0.08129	0.00838	0.00930	0.00628	0.00503	0.00343	0.00164	0.00412	0.00305	0.00352	0.00597
2	0.68002	0.01033	0.00893	0.00763	0.01108	0.01155	0.00629	0.06383	0.01087	0.13419	0.00964	0.01020	0.00699	0.00523	0.00369	0.00163	0.00426	0.00334	0.00387	0.00640
3	0.00767	0.00520	0.00616	0.00616	0.00630	0.00534	0.00369	0.00794	0.00780	0.01054	0.01630	0.03260	0.01835	0.70240	0.13753	0.00561	0.00643	0.00740	0.00315	0.00342
4	0.53175	0.01068	0.01008	0.00834	0.01195	0.01166	0.00688	0.13706	0.01291	0.19747	0.01126	0.01137	0.00791	0.00551	0.00406	0.00163	0.00446	0.00372	0.00433	0.00699
5	0.85155	0.01022	0.00777	0.00695	0.01022	0.01186	0.00573	0.01554	0.00900	0.02372	0.00736	0.00859	0.00573	0.00491	0.00327	0.00164	0.00409	0.00286	0.00327	0.00573
6	0.07410	0.13721	0.01627	0.01224	0.01541	0.54827	0.00963	0.06435	0.01457	0.04965	0.00884	0.00989	0.00715	0.00538	0.00453	0.00137	0.00817	0.00345	0.00302	0.00650
7	0.00974	0.00945	0.09992	0.04469	0.02875	0.00773	0.00785	0.01449	0.13648	0.04604	0.28043	0.07789	0.08333	0.02564	0.00603	0.00173	0.00390	0.00767	0.07248	0.03574

[dist]
# distance from previous block
# <min> <max>
0	8

[block]
# block no. 4 follows, 46 sequences, length 26
# corresponding to MSA columns:
# 388-413
name=unknown_E
#
# <colnr> <probs for GDERKNQSTAVLIFYWHMCP>
#	G	D	E	R	K	N	Q	S	T	A	V	L	I	F	Y	W	H	M	C	P
0	0.68308	0.04241	0.00935	0.00765	0.01095	0.05057	0.00628	0.04410	0.01019	0.04089	0.00858	0.03156	0.00699	0.00532	0.00359	0.00160	0.00446	0.00337	0.00340	0.02568
1	0.01155	0.01167	0.01756	0.06583	0.01662	0.01564	0.08120	0.01316	0.00866	0.01316	0.00745	0.01198	0.00705	0.00855	0.01554	0.00223	0.67912	0.00478	0.00235	0.00591
2	0.01386	0.76490	0.02693	0.06053	0.01505	0.02032	0.00941	0.01568	0.01073	0.01251	0.00748	0.00885	0.00680	0.00457	0.00352	0.00117	0.00574	0.00295	0.00227	0.00673
3	0.16798	0.01051	0.01295	0.27177	0.02081	0.01156	0.00987	0.12779	0.08969	0.09321	0.01183	0.01337	0.00869	0.00549	0.00474	0.00157	0.00535	0.00434	0.00377	0.12472
4	0.01294	0.01386	0.01599	0.01384	0.01429	0.14687	0.01134	0.01413	0.00925	0.01276	0.00715	0.01122	0.00692	0.00861	0.01523	0.00215	0.67080	0.00442	0.00238	0.00584
5	0.00672	0.00493	0.00633	0.00706	0.00780	0.00454	0.00497	0.00809	0.01146	0.01528	0.18534	0.51660	0.13736	0.01487	0.00660	0.00201	0.00298	0.04746	0.00509	0.00449
6	0.00649	0.00473	0.00612	0.00711	0.00763	0.00436	0.00482	0.00756	0.01064	0.01409	0.08205	0.68216	0.11105	0.01585	0.00666	0.00208	0.00299	0.01427	0.00497	0.00436
7	0.00878	0.00763	0.00915	0.00901	0.01014	0.08595	0.00697	0.01062	0.00915	0.01234	0.01356	0.01963	0.01257	0.03620	0.71370	0.00778	0.01369	0.00544	0.00282	0.00486
8	0.01315	0.01136	0.01195	0.01076	0.01375	0.01315	0.00837	0.02809	0.77168	0.02211	0.02152	0.01972	0.01614	0.00717	0.00538	0.00179	0.00418	0.00598	0.00538	0.00837
9	0.00759	0.00565	0.00852	0.00848	0.00947	0.00533	0.08113	0.00915	0.01068	0.01504	0.05336	0.58590	0.02966	0.01360	0.00623	0.00196	0.00355	0.01246	0.12754	0.00470
10	0.01592	0.01272	0.01496	0.01211	0.01446	0.01519	0.00988	0.42993	0.01738	0.02393	0.01112	0.01452	0.00932	0.08886	0.01160	0.00219	0.27955	0.00501	0.00406	0.00731
11	0.02372	0.00900	0.01227	0.00941	0.01350	0.00777	0.00777	0.02576	0.01513	0.78489	0.02086	0.01799	0.01309	0.00654	0.00532	0.00164	0.00450	0.00532	0.00654	0.00900
12	0.00664	0.00482	0.00627	0.00707	0.00768	0.00445	0.00486	0.00792	0.01127	0.01516	0.18715	0.59396	0.09293	0.01513	0.00660	0.00202	0.00292	0.01360	0.00510	0.00445
13	0.00991	0.01008	0.02031	0.01578	0.01895	0.00958	0.42626	0.01290	0.01127	0.01528	0.01737	0.28796	0.01778	0.01216	0.08582	0.00258	0.00744	0.00919	0.00346	0.00591
14	0.00894	0.00633	0.00718	0.00656	0.00852	0.00575	0.00504	0.06498	0.01414	0.07438	0.27945	0.04204	0.43395	0.01155	0.00611	0.00172	0.00298	0.00975	0.00535	0.00529
15	0.00651	0.00465	0.00621	0.00744	0.00778	0.00435	0.00503	0.00748	0.01019	0.01357	0.02910	0.78559	0.03481	0.01650	0.00677	0.00216	0.00313	0.03951	0.00491	0.00431
16	0.02066	0.00853	0.01144	0.00899	0.01257	0.00754	0.00734	0.04652	0.01541	0.62222	0.15809	0.02173	0.01963	0.00731	0.00548	0.00164	0.00418	0.00607	0.00637	0.00827
17	0.00809	0.00644	0.00976	0.00973	0.01124	0.00614	0.08296	0.01023	0.01182	0.01538	0.05764	0.22382	0.13566	0.01371	0.00688	0.00218	0.00447	0.37421	0.00470	0.00491
18	0.01085	0.00601	0.00769	0.00754	0.00888	0.00580	0.00553	0.03249	0.01171	0.15784	0.07218	0.37480	0.02536	0.04545	0.04360	0.00227	0.02047	0.00995	0.14614	0.00545
19	0.41310	0.28875	0.03973	0.00958	0.04074	0.08333	0.00818	0.03647	0.01072	0.01872	0.00773	0.00899	0.00640	0.00486	0.00362	0.00144	0.00534	0.00305	0.00288	0.00637
20	0.04038	0.01079	0.05859	0.09438	0.17987	0.00982	0.01075	0.05971	0.01350	0.35039	0.01529	0.01588	0.01071	0.00809	0.05810	0.00208	0.00594	0.00495	0.04287	0.00792
21	0.00780	0.06270	0.12206	0.00863	0.01038	0.00676	0.00744	0.00960	0.01039	0.01400	0.03972	0.52612	0.02794	0.06564	0.00760	0.00221	0.00417	0.05763	0.00424	0.00496
22	0.01475	0.46567	0.08232	0.02975	0.03173	0.03520	0.02669	0.11831	0.01311	0.06613	0.01079	0.06419	0.00945	0.00579	0.00431	0.00138	0.00581	0.00433	0.00316	0.00715
23	0.01250	0.14120	0.08485	0.26385	0.11085	0.06529	0.05802	0.01602	0.04135	0.05550	0.05462	0.03566	0.01103	0.00587	0.00531	0.00162	0.02174	0.00497	0.00301	0.00674
24	0.00837	0.00790	0.06525	0.00862	0.06116	0.00607	0.00658	0.01070	0.01290	0.03584	0.28168	0.03647	0.32100	0.01014	0.00578	0.00162	0.00338	0.00864	0.03050	0.07741
25	0.01199	0.27525	0.02999	0.13806	0.04969	0.03450	0.10786	0.06249	0.01190	0.01515	0.01332	0.18212	0.01324	0.00735	0.00505	0.00159	0.00588	0.00642	0.00314	0.02502

[dist]
# distance from previous block
# <min> <max>
0	37

[block]
# block no. 5 follows, 46 sequences, length 8
# corresponding to MSA columns:
# 451-458
name=unknown_F
#
# <colnr> <probs for GDERKNQSTAVLIFYWHMCP>
#	G	D	E	R	K	N	Q	S	T	A	V	L	I	F	Y	W	H	M	C	P
0	0.05490	0.01003	0.01482	0.16187	0.20535	0.01043	0.03233	0.01877	0.11673	0.19608	0.10909	0.01841	0.01529	0.00634	0.00534	0.00167	0.00522	0.00558	0.00429	0.00747
1	0.01412	0.34160	0.21627	0.03699	0.01726	0.04129	0.04269	0.04611	0.01201	0.09883	0.01044	0.03199	0.00837	0.00540	0.00476	0.00144	0.02559	0.00404	0.00298	0.03782
2	0.01414	0.06761	0.17064	0.11862	0.24682	0.03700	0.04928	0.04101	0.01254	0.14136	0.01220	0.04441	0.00953	0.00566	0.00518	0.00162	0.00644	0.00496	0.00330	0.00767
3	0.01047	0.00707	0.00819	0.00754	0.00948	0.00714	0.00576	0.01578	0.19902	0.08732	0.30708	0.06296	0.10913	0.00937	0.00559	0.00166	0.00312	0.00802	0.12923	0.00607
4	0.05728	0.00827	0.01043	0.00853	0.01174	0.00764	0.00687	0.02090	0.08403	0.46661	0.16252	0.02472	0.09123	0.00795	0.00548	0.00167	0.00391	0.00659	0.00600	0.00762
5	0.04637	0.11501	0.05745	0.04453	0.06580	0.02676	0.04027	0.12326	0.04174	0.24500	0.04144	0.04684	0.01214	0.00623	0.00499	0.00154	0.00531	0.00511	0.00444	0.06576
6	0.00764	0.00533	0.00682	0.00682	0.00719	0.00570	0.00452	0.00837	0.00800	0.01103	0.01569	0.02924	0.01689	0.51415	0.32378	0.00643	0.00863	0.00690	0.00306	0.00379
7	0.00713	0.00534	0.00662	0.00641	0.00771	0.00482	0.00476	0.00926	0.01397	0.01911	0.56307	0.09537	0.21341	0.01179	0.00627	0.00172	0.00258	0.01030	0.00555	0.00482

[dist]
# distance from previous block
# <min> <max>
0	1

[block]
# block no. 6 follows, 46 sequences, length 13
# corresponding to MSA columns:
# 460-472
name=unknown_G
#
# <colnr> <probs for GDERKNQSTAVLIFYWHMCP>
#	G	D	E	R	K	N	Q	S	T	A	V	L	I	F	Y	W	H	M	C	P
0	0.04383	0.00957	0.01302	0.01169	0.07559	0.00906	0.02945	0.09232	0.03862	0.46375	0.06324	0.03755	0.01599	0.00737	0.00551	0.00171	0.00475	0.06321	0.00566	0.00813
1	0.19546	0.01252	0.01396	0.06512	0.01628	0.03610	0.03799	0.34689	0.01769	0.18810	0.01286	0.01301	0.00893	0.00591	0.00489	0.00162	0.00549	0.00449	0.00475	0.00793
2	0.00718	0.00571	0.00875	0.08146	0.01168	0.00560	0.05780	0.00858	0.01032	0.01373	0.02605	0.68276	0.03055	0.01469	0.00658	0.00209	0.00383	0.01347	0.00452	0.00463
3	0.01180	0.01308	0.02809	0.02040	0.02514	0.01244	0.65872	0.01591	0.01193	0.01630	0.01117	0.01515	0.00873	0.00927	0.11387	0.00270	0.00963	0.00616	0.00270	0.00680
4	0.01221	0.01355	0.02458	0.06805	0.02391	0.08312	0.51048	0.01579	0.01222	0.01599	0.01233	0.10166	0.01081	0.00590	0.00594	0.00171	0.00786	0.00664	0.00294	0.06429
5	0.04124	0.05477	0.09911	0.00947	0.01415	0.00960	0.02281	0.05619	0.07381	0.04746	0.01146	0.03666	0.00936	0.00500	0.00437	0.00115	0.00467	0.00402	0.00347	0.49123
6	0.01472	0.73422	0.02637	0.00953	0.01386	0.10197	0.00917	0.01638	0.01119	0.01249	0.00744	0.00859	0.00679	0.00462	0.00354	0.00115	0.00606	0.00289	0.00231	0.00672
7	0.85155	0.01022	0.00777	0.00695	0.01022	0.01186	0.00573	0.01554	0.00900	0.02372	0.00736	0.00859	0.00573	0.00491	0.00327	0.00164	0.00409	0.00286	0.00327	0.00573
8	0.02032	0.01444	0.01564	0.01199	0.01621	0.01585	0.00990	0.71702	0.02424	0.08077	0.01321	0.01303	0.00925	0.00636	0.00529	0.00159	0.00573	0.00479	0.00537	0.00899
9	0.00768	0.00514	0.00584	0.00582	0.00589	0.00512	0.00331	0.00782	0.00812	0.01090	0.06161	0.03488	0.02103	0.76680	0.02569	0.00492	0.00497	0.00780	0.00336	0.00331
10	0.05212	0.00873	0.01062	0.00902	0.01191	0.00869	0.00728	0.07250	0.12546	0.32049	0.12124	0.02612	0.06446	0.02623	0.00628	0.00182	0.02160	0.07047	0.02765	0.00731
11	0.66035	0.08572	0.01041	0.00789	0.01122	0.07352	0.00654	0.01674	0.05461	0.02175	0.00826	0.00931	0.00652	0.00505	0.00352	0.00158	0.00466	0.00309	0.00326	0.00601
12	0.01381	0.74470	0.09755	0.00960	0.01443	0.02012	0.01001	0.01591	0.01078	0.01283	0.00755	0.00873	0.00678	0.00457	0.00354	0.00118	0.00585	0.00293	0.00226	0.00688

[dist]
# distance from previous block
# <min> <max>
0	11

[block]
# block no. 7 follows, 46 sequences, length 23
# corresponding to MSA columns:
# 484-506
name=unknown_H
#
# <colnr> <probs for GDERKNQSTAVLIFYWHMCP>
#	G	D	E	R	K	N	Q	S	T	A	V	L	I	F	Y	W	H	M	C	P
0	0.01106	0.01666	0.31518	0.11542	0.12921	0.01114	0.05873	0.05750	0.04340	0.01672	0.01404	0.05053	0.05999	0.00720	0.00652	0.06491	0.00651	0.00541	0.00293	0.00691
1	0.04760	0.00687	0.00915	0.00842	0.00922	0.00774	0.00629	0.06598	0.00920	0.04511	0.01083	0.01660	0.01004	0.05338	0.13254	0.42091	0.10792	0.00487	0.02320	0.00413
2	0.61132	0.01063	0.02299	0.01038	0.09394	0.02431	0.01992	0.01584	0.00997	0.06898	0.01004	0.06352	0.00850	0.00577	0.00395	0.00166	0.00452	0.00411	0.00348	0.00618
3	0.01060	0.02735	0.78682	0.01507	0.02288	0.01228	0.01953	0.01674	0.01116	0.01674	0.00949	0.01116	0.00670	0.00502	0.00502	0.00167	0.00781	0.00391	0.00223	0.00781
4	0.00714	0.00580	0.00716	0.00804	0.06537	0.00519	0.00533	0.00888	0.01260	0.01636	0.25260	0.15441	0.40703	0.01246	0.00624	0.00179	0.00295	0.01078	0.00500	0.00488
5	0.01413	0.81739	0.02770	0.00905	0.01357	0.02092	0.00905	0.01583	0.01074	0.01244	0.00735	0.00848	0.00678	0.00452	0.00339	0.00113	0.00565	0.00283	0.00226	0.00678
6	0.01239	0.01056	0.01133	0.01045	0.01313	0.01210	0.00811	0.02560	0.67312	0.02112	0.02244	0.08209	0.01833	0.00828	0.00559	0.00185	0.00414	0.04618	0.00532	0.00787
7	0.01116	0.01059	0.01797	0.51076	0.31799	0.01205	0.01526	0.01453	0.01113	0.01493	0.00960	0.01371	0.00755	0.00507	0.00527	0.00169	0.00676	0.00470	0.00245	0.00682
8	0.00767	0.00519	0.00608	0.00608	0.00619	0.00530	0.00359	0.00789	0.00778	0.01048	0.01637	0.03301	0.01853	0.72545	0.11473	0.00551	0.00616	0.00746	0.00316	0.00338
9	0.03776	0.01328	0.01311	0.01109	0.01444	0.07319	0.00880	0.28714	0.38843	0.02502	0.01871	0.01782	0.05337	0.00702	0.00529	0.00168	0.00509	0.00554	0.00506	0.00814
10	0.00772	0.00561	0.00823	0.00823	0.00919	0.00648	0.00639	0.00966	0.00869	0.01283	0.01439	0.02069	0.01324	0.03714	0.73416	0.00795	0.01328	0.00561	0.06576	0.00474
11	0.00985	0.00493	0.00493	0.00493	0.00616	0.00493	0.00370	0.01232	0.01109	0.01971	0.01725	0.01971	0.01355	0.00616	0.00370	0.00123	0.00246	0.00493	0.84356	0.00493
12	0.02274	0.00934	0.01235	0.00952	0.01351	0.00838	0.00785	0.08710	0.01594	0.68998	0.05169	0.01844	0.01427	0.00670	0.00535	0.00163	0.00453	0.00545	0.00641	0.00883
13	0.00663	0.00475	0.00632	0.00734	0.00779	0.00443	0.00502	0.00780	0.01081	0.01456	0.12619	0.68954	0.03677	0.01576	0.00670	0.00209	0.00304	0.03503	0.00502	0.00440
14	0.01762	0.01325	0.01681	0.01287	0.01680	0.01413	0.12317	0.49752	0.05353	0.07569	0.01397	0.03356	0.01078	0.06681	0.00709	0.00191	0.00602	0.00553	0.00481	0.00814
15	0.03435	0.00938	0.01114	0.00896	0.01216	0.00928	0.00725	0.22310	0.01705	0.31241	0.14779	0.02165	0.05206	0.00744	0.00528	0.00159	0.00420	0.00605	0.10127	0.00758
16	0.00692	0.00485	0.00646	0.00763	0.00813	0.00461	0.00543	0.00815	0.01049	0.01414	0.02843	0.65587	0.03330	0.01579	0.00670	0.00215	0.00333	0.13146	0.04173	0.00441
17	0.01747	0.01257	0.03101	0.01706	0.21057	0.01261	0.06716	0.30735	0.01753	0.16868	0.01367	0.01442	0.00984	0.00579	0.00522	0.00158	0.00570	0.00496	0.06843	0.00836
18	0.00637	0.00516	0.00566	0.00604	0.00739	0.00446	0.00439	0.00762	0.01151	0.01410	0.04599	0.26443	0.54943	0.01431	0.00642	0.00190	0.00285	0.03262	0.00491	0.00443
19	0.00642	0.00467	0.00606	0.00716	0.00762	0.00431	0.00482	0.00738	0.01031	0.01357	0.03153	0.73621	0.10797	0.01625	0.00670	0.00211	0.00303	0.01465	0.00491	0.00431
20	0.40320	0.13956	0.01545	0.01487	0.22151	0.06122	0.00958	0.04928	0.01117	0.01995	0.00835	0.01004	0.00683	0.00489	0.00401	0.00152	0.00534	0.00348	0.00299	0.00678
21	0.01300	0.01216	0.04048	0.24597	0.27679	0.01245	0.13583	0.08349	0.04381	0.04738	0.01121	0.01410	0.00857	0.00519	0.00538	0.00167	0.00668	0.00502	0.02337	0.00744
22	0.00740	0.00783	0.09664	0.06886	0.01182	0.00616	0.00755	0.00923	0.01052	0.01425	0.05854	0.57289	0.04581	0.01383	0.00669	0.00204	0.02496	0.02570	0.00438	0.00490

[dist]
# distance from previous block
# <min> <max>
1	7

[block]
# block no. 8 follows, 46 sequences, length 16
# corresponding to MSA columns:
# 514-529
name=unknown_I
#
# <colnr> <probs for GDERKNQSTAVLIFYWHMCP>
#	G	D	E	R	K	N	Q	S	T	A	V	L	I	F	Y	W	H	M	C	P
0	0.05750	0.07582	0.04788	0.13209	0.09615	0.01006	0.04580	0.05576	0.02519	0.08897	0.05013	0.22001	0.04045	0.00869	0.00547	0.00174	0.00503	0.00762	0.01930	0.00636
1	0.00748	0.00541	0.00637	0.00625	0.00765	0.00480	0.00458	0.00915	0.01279	0.04604	0.31749	0.13161	0.35138	0.05623	0.00739	0.00196	0.00286	0.01059	0.00522	0.00474
2	0.01543	0.60089	0.04657	0.01021	0.01452	0.14210	0.00962	0.08072	0.01263	0.01443	0.00800	0.00908	0.00697	0.00484	0.00382	0.00122	0.00634	0.00311	0.00259	0.00690
3	0.04594	0.00687	0.00797	0.00827	0.03880	0.04087	0.00593	0.01103	0.01319	0.05511	0.36378	0.16375	0.14197	0.01145	0.00612	0.00180	0.00342	0.06340	0.00513	0.00520
4	0.08917	0.23305	0.14124	0.01163	0.03215	0.09881	0.03967	0.07352	0.06831	0.07187	0.01070	0.01170	0.00832	0.00624	0.02832	0.00164	0.00639	0.00390	0.00325	0.06014
5	0.07020	0.01172	0.01895	0.10257	0.33450	0.01191	0.11925	0.04772	0.06200	0.15013	0.01256	0.01432	0.00935	0.00529	0.00528	0.00165	0.00613	0.00499	0.00360	0.00789
6	0.02150	0.00848	0.01131	0.00884	0.01259	0.00734	0.00724	0.02349	0.01467	0.68013	0.02372	0.02111	0.08390	0.00716	0.00533	0.00163	0.00424	0.00584	0.04308	0.00840
7	0.01314	0.00702	0.00913	0.00845	0.01067	0.00664	0.00692	0.01624	0.06261	0.24824	0.20054	0.03652	0.05667	0.01014	0.00602	0.00186	0.00389	0.21978	0.06916	0.00635
8	0.01737	0.14436	0.10196	0.06148	0.08134	0.05594	0.07003	0.02009	0.01292	0.32685	0.01369	0.01400	0.00958	0.00571	0.00553	0.00159	0.04104	0.00460	0.00409	0.00782
9	0.00784	0.00586	0.00813	0.00799	0.00859	0.00674	0.00587	0.00911	0.00823	0.01168	0.01448	0.02442	0.01466	0.27406	0.51215	0.00709	0.05964	0.00622	0.00291	0.00432
10	0.00663	0.00531	0.00593	0.00591	0.00741	0.00461	0.00438	0.00828	0.01276	0.01627	0.26715	0.11024	0.50075	0.01288	0.00629	0.00178	0.00266	0.01100	0.00518	0.00461
11	0.07565	0.20791	0.01568	0.01058	0.06173	0.03839	0.03759	0.03611	0.01251	0.23414	0.01642	0.10483	0.03590	0.00699	0.00475	0.00153	0.00484	0.00568	0.08182	0.00696
12	0.01640	0.01296	0.01601	0.07861	0.06312	0.01429	0.06441	0.35990	0.24070	0.05503	0.01502	0.01521	0.01098	0.00628	0.00538	0.00168	0.00564	0.00524	0.00477	0.00838
13	0.00985	0.00493	0.00493	0.00493	0.00616	0.00493	0.00370	0.01232	0.01109	0.01971	0.01725	0.01971	0.01355	0.00616	0.00370	0.00123	0.00246	0.00493	0.84356	0.00493
14	0.01101	0.01091	0.02015	0.37317	0.17064	0.01170	0.21506	0.01452	0.01148	0.01542	0.05210	0.01615	0.01038	0.03720	0.00644	0.00186	0.00708	0.00550	0.00271	0.00653
15	0.01975	0.02520	0.01498	0.01362	0.01634	0.79299	0.01021	0.02111	0.01498	0.01294	0.00817	0.00953	0.00681	0.00545	0.00477	0.00136	0.00953	0.00340	0.00272	0.00613

[dist]
# distance from previous block
# <min> <max>
0	1

[block]
# block no. 9 follows, 46 sequences, length 32
# corresponding to MSA columns:
# 531-562
name=unknown_J
#
# <colnr> <probs for GDERKNQSTAVLIFYWHMCP>
#	G	D	E	R	K	N	Q	S	T	A	V	L	I	F	Y	W	H	M	C	P
0	0.00930	0.00564	0.00662	0.00632	0.00708	0.00534	0.00401	0.00978	0.00919	0.09570	0.02123	0.10046	0.08629	0.56417	0.02035	0.00407	0.00463	0.00824	0.00386	0.02774
1	0.01413	0.81739	0.02770	0.00905	0.01357	0.02092	0.00905	0.01583	0.01074	0.01244	0.00735	0.00848	0.00678	0.00452	0.00339	0.00113	0.00565	0.00283	0.00226	0.00678
2	0.78415	0.01053	0.00814	0.00723	0.01046	0.02932	0.00590	0.03028	0.00953	0.03822	0.00793	0.00938	0.00622	0.02068	0.00384	0.00170	0.00427	0.00305	0.00336	0.00581
3	0.81164	0.01044	0.00816	0.00720	0.01052	0.01208	0.00593	0.05145	0.00976	0.02418	0.00762	0.00878	0.00588	0.00498	0.00337	0.00163	0.00417	0.00295	0.00337	0.00588
4	0.00766	0.00523	0.00629	0.00629	0.00647	0.00541	0.00386	0.00803	0.00784	0.01064	0.01618	0.03193	0.01806	0.66515	0.17439	0.00577	0.00686	0.00730	0.00313	0.00350
5	0.85155	0.01022	0.00777	0.00695	0.01022	0.01186	0.00573	0.01554	0.00900	0.02372	0.00736	0.00859	0.00573	0.00491	0.00327	0.00164	0.00409	0.00286	0.00327	0.00573
6	0.01800	0.01648	0.01503	0.01235	0.01563	0.31387	0.09097	0.18202	0.01628	0.11857	0.01249	0.01342	0.00928	0.00579	0.00495	0.00147	0.00690	0.00449	0.13497	0.00705
7	0.00894	0.00735	0.00795	0.00751	0.00939	0.04915	0.02204	0.01197	0.08163	0.04502	0.20885	0.06657	0.35483	0.01138	0.00609	0.00178	0.00353	0.06612	0.02460	0.00529
8	0.01084	0.00916	0.01087	0.03053	0.02927	0.00730	0.00659	0.03355	0.01151	0.01755	0.02951	0.01440	0.05489	0.00482	0.00420	0.00094	0.00396	0.00393	0.02642	0.68976
9	0.75980	0.01037	0.00869	0.00771	0.01062	0.01233	0.00636	0.01523	0.00890	0.02252	0.00732	0.00891	0.00586	0.00538	0.00481	0.00171	0.09152	0.00306	0.00317	0.00573
10	0.05777	0.00799	0.00953	0.00780	0.01075	0.00762	0.00629	0.08483	0.01412	0.38609	0.01809	0.01774	0.01255	0.00630	0.00459	0.00148	0.00381	0.00500	0.33039	0.00726
11	0.01060	0.02735	0.78682	0.01507	0.02288	0.01228	0.01953	0.01674	0.01116	0.01674	0.00949	0.01116	0.00670	0.00502	0.00502	0.00167	0.00781	0.00391	0.00223	0.00781
12	0.02010	0.01481	0.01587	0.01216	0.01639	0.01639	0.01005	0.76360	0.02486	0.03332	0.01269	0.01269	0.00899	0.00635	0.00529	0.00159	0.00582	0.00476	0.00529	0.00899
13	0.01157	0.01157	0.01619	0.01388	0.01388	0.01619	0.01157	0.01272	0.00810	0.01272	0.00694	0.01157	0.00694	0.00925	0.01735	0.00231	0.80453	0.00463	0.00231	0.00578
14	0.38370	0.01004	0.01063	0.00858	0.01233	0.01031	0.00708	0.08608	0.01331	0.38764	0.01427	0.01343	0.00952	0.00581	0.00442	0.00163	0.00444	0.00420	0.00501	0.00757
15	0.76113	0.01009	0.00826	0.00722	0.01058	0.01141	0.00595	0.01666	0.00967	0.10686	0.00884	0.00962	0.00653	0.00509	0.00349	0.00164	0.00413	0.00313	0.00363	0.00608
16	0.01125	0.01150	0.02062	0.01612	0.01845	0.01292	0.32241	0.01377	0.01023	0.01448	0.01141	0.01942	0.01079	0.09566	0.01289	0.00241	0.31623	0.07068	0.00278	0.00598
17	0.00758	0.00615	0.00681	0.00651	0.00826	0.00577	0.00492	0.01108	0.11129	0.01774	0.30615	0.04282	0.42218	0.01167	0.00613	0.00174	0.00281	0.00992	0.00529	0.00515
18	0.00771	0.00517	0.00609	0.00609	0.00620	0.00527	0.00361	0.00786	0.00776	0.01044	0.01619	0.03260	0.01830	0.70888	0.11045	0.02740	0.00610	0.00739	0.00314	0.00335
19	0.01191	0.00893	0.00931	0.00856	0.01089	0.01005	0.00661	0.02215	0.48509	0.02121	0.01991	0.01972	0.01516	0.00679	0.00474	0.00158	0.00354	0.00558	0.32120	0.00707
20	0.01795	0.00730	0.00922	0.00754	0.01045	0.00659	0.00608	0.02017	0.01345	0.46675	0.01936	0.01871	0.01328	0.00638	0.00464	0.00147	0.00365	0.00515	0.35455	0.00730
21	0.00742	0.00555	0.00692	0.00678	0.00804	0.00520	0.00500	0.01010	0.04988	0.01907	0.52412	0.16140	0.14694	0.01190	0.00628	0.00176	0.00269	0.01047	0.00553	0.00497
22	0.80605	0.01016	0.00802	0.00709	0.01040	0.01163	0.00584	0.01610	0.00933	0.06555	0.00810	0.00910	0.00613	0.00500	0.00338	0.00164	0.00411	0.00300	0.00345	0.00591
23	0.02372	0.00900	0.01227	0.00941	0.01350	0.00777	0.00777	0.02576	0.01513	0.78489	0.02086	0.01799	0.01309	0.00654	0.00532	0.00164	0.00450	0.00532	0.00654	0.00900
24	0.00644	0.00460	0.00613	0.00736	0.00767	0.00429	0.00491	0.00736	0.01012	0.01350	0.02914	0.81076	0.03497	0.01656	0.00675	0.00215	0.00307	0.01503	0.00491	0.00429
25	0.01976	0.01320	0.01551	0.01367	0.09913	0.01404	0.01013	0.52230	0.02125	0.17457	0.01406	0.01392	0.00982	0.00620	0.00525	0.00159	0.00553	0.00486	0.02637	0.00882
26	0.00688	0.00540	0.00631	0.00663	0.00803	0.00482	0.00511	0.00855	0.01228	0.01555	0.15963	0.15097	0.42925	0.01362	0.00650	0.00193	0.00310	0.14581	0.00504	0.00460
27	0.39763	0.00917	0.00969	0.00811	0.01150	0.00932	0.00659	0.01951	0.01191	0.37199	0.01546	0.08331	0.01167	0.00668	0.00451	0.00168	0.00419	0.00506	0.00492	0.00710
28	0.22149	0.01195	0.01503	0.05544	0.12605	0.09108	0.11171	0.01467	0.01032	0.01656	0.00985	0.01479	0.00888	0.12072	0.00973	0.00222	0.12758	0.00474	0.02120	0.00598
29	0.01633	0.01119	0.01675	0.18600	0.05725	0.01217	0.09827	0.13323	0.04458	0.24291	0.01359	0.01488	0.00964	0.00629	0.00700	0.00177	0.11124	0.00511	0.00419	0.00762
30	0.00711	0.00725	0.09160	0.00806	0.00938	0.00531	0.00652	0.00892	0.01122	0.01541	0.17919	0.56676	0.03491	0.01413	0.00646	0.00200	0.00347	0.01270	0.00480	0.00482
31	0.07625	0.37228	0.11122	0.01107	0.03988	0.02912	0.01016	0.01538	0.05521	0.01471	0.01086	0.09771	0.01040	0.00677	0.00610	0.00157	0.11714	0.00480	0.00283	0.00655

[dist]
# distance from previous block
# <min> <max>
2	16

[block]
# block no. 10 follows, 46 sequences, length 45
# corresponding to MSA columns:
# 579-623
name=unknown_K
#
# <colnr> <probs for GDERKNQSTAVLIFYWHMCP>
#	G	D	E	R	K	N	Q	S	T	A	V	L	I	F	Y	W	H	M	C	P
0	0.04863	0.60317	0.06781	0.00990	0.01420	0.08166	0.00966	0.01661	0.01112	0.04822	0.00813	0.00929	0.00703	0.00494	0.00430	0.00128	0.04160	0.00313	0.00253	0.00680
1	0.03196	0.16779	0.06924	0.04633	0.01331	0.01026	0.00817	0.01659	0.05562	0.19895	0.19670	0.05747	0.05380	0.00762	0.00513	0.00155	0.00441	0.00628	0.00459	0.04421
2	0.02836	0.33716	0.27703	0.01289	0.06589	0.07118	0.01284	0.01723	0.06253	0.01531	0.00934	0.01063	0.00752	0.00492	0.00431	0.00139	0.00648	0.00358	0.00258	0.04884
3	0.05405	0.00793	0.05100	0.06145	0.08971	0.00727	0.00788	0.03662	0.03985	0.03087	0.02268	0.51965	0.02535	0.01249	0.00609	0.00197	0.00412	0.01118	0.00434	0.00548
4	0.00648	0.00463	0.00617	0.00734	0.00768	0.00432	0.00491	0.00745	0.01028	0.01375	0.05416	0.78501	0.03546	0.01637	0.00673	0.00213	0.00305	0.01485	0.00494	0.00432
5	0.52186	0.00991	0.00904	0.00773	0.01097	0.01094	0.00631	0.08378	0.04614	0.13829	0.01160	0.01211	0.00846	0.00552	0.00390	0.00159	0.00413	0.00377	0.09741	0.00654
6	0.01005	0.00515	0.00776	0.05788	0.00915	0.00523	0.00542	0.00837	0.00759	0.05311	0.00985	0.01605	0.00927	0.01686	0.01881	0.74462	0.00474	0.00464	0.00254	0.00290
7	0.00918	0.00459	0.00689	0.00689	0.00689	0.00459	0.00459	0.00689	0.00689	0.00918	0.00918	0.01607	0.00918	0.01837	0.02066	0.84619	0.00459	0.00459	0.00230	0.00230
8	0.00644	0.00460	0.00613	0.00736	0.00767	0.00429	0.00491	0.00736	0.01012	0.01350	0.02914	0.81076	0.03497	0.01656	0.00675	0.00215	0.00307	0.01503	0.00491	0.00429
9	0.01624	0.10551	0.01169	0.00797	0.01096	0.00961	0.00662	0.14171	0.01455	0.25136	0.01638	0.01668	0.01184	0.00611	0.00441	0.00140	0.00402	0.00476	0.35111	0.00705
10	0.01080	0.02469	0.67554	0.01449	0.02133	0.01210	0.01802	0.01629	0.01091	0.03425	0.00985	0.01189	0.00723	0.00728	0.05018	0.00210	0.05908	0.00408	0.00237	0.00754
11	0.00998	0.00940	0.01586	0.80150	0.03641	0.01175	0.01468	0.01351	0.01057	0.01351	0.00940	0.01409	0.00705	0.00529	0.00529	0.00176	0.00705	0.00470	0.00235	0.00587
12	0.01248	0.01426	0.03119	0.02228	0.02763	0.01337	0.76203	0.01693	0.01248	0.01693	0.01070	0.01426	0.00802	0.00446	0.00624	0.00178	0.00891	0.00624	0.00267	0.00713
13	0.00963	0.00542	0.00577	0.00561	0.00696	0.00546	0.00423	0.01289	0.06007	0.02014	0.15701	0.02334	0.02037	0.00708	0.00427	0.00135	0.00258	0.00584	0.63683	0.00516
14	0.06729	0.76616	0.02644	0.00891	0.01336	0.02034	0.00883	0.01581	0.01063	0.01315	0.00735	0.00849	0.00672	0.00455	0.00338	0.00116	0.00555	0.00283	0.00233	0.00672
15	0.09060	0.01442	0.01518	0.01172	0.01587	0.01601	0.00968	0.70018	0.02351	0.03250	0.01224	0.01234	0.00871	0.00622	0.00512	0.00159	0.00567	0.00460	0.00512	0.00871
16	0.85155	0.01022	0.00777	0.00695	0.01022	0.01186	0.00573	0.01554	0.00900	0.02372	0.00736	0.00859	0.00573	0.00491	0.00327	0.00164	0.00409	0.00286	0.00327	0.00573
17	0.85155	0.01022	0.00777	0.00695	0.01022	0.01186	0.00573	0.01554	0.00900	0.02372	0.00736	0.00859	0.00573	0.00491	0.00327	0.00164	0.00409	0.00286	0.00327	0.00573
18	0.00644	0.00460	0.00613	0.00736	0.00767	0.00429	0.00491	0.00736	0.01012	0.01350	0.02914	0.81076	0.03497	0.01656	0.00675	0.00215	0.00307	0.01503	0.00491	0.00429
19	0.01975	0.02520	0.01498	0.01362	0.01634	0.79299	0.01021	0.02111	0.01498	0.01294	0.00817	0.00953	0.00681	0.00545	0.00477	0.00136	0.00953	0.00340	0.00272	0.00613
20	0.85155	0.01022	0.00777	0.00695	0.01022	0.01186	0.00573	0.01554	0.00900	0.02372	0.00736	0.00859	0.00573	0.00491	0.00327	0.00164	0.00409	0.00286	0.00327	0.00573
21	0.00998	0.00940	0.01586	0.80150	0.03641	0.01175	0.01468	0.01351	0.01057	0.01351	0.00940	0.01409	0.00705	0.00529	0.00529	0.00176	0.00705	0.00470	0.00235	0.00587
22	0.01138	0.00964	0.01118	0.00803	0.01270	0.00747	0.00644	0.04733	0.01159	0.01796	0.00955	0.01104	0.00788	0.00403	0.00398	0.00082	0.00400	0.00321	0.00323	0.80855
23	0.01060	0.02735	0.78682	0.01507	0.02288	0.01228	0.01953	0.01674	0.01116	0.01674	0.00949	0.01116	0.00670	0.00502	0.00502	0.00167	0.00781	0.00391	0.00223	0.00781
24	0.01308	0.01256	0.02146	0.03245	0.78123	0.01256	0.01622	0.01622	0.01204	0.01727	0.00994	0.01308	0.00837	0.00471	0.00523	0.00157	0.00628	0.00471	0.00262	0.00837
25	0.01248	0.01426	0.03119	0.02228	0.02763	0.01337	0.76203	0.01693	0.01248	0.01693	0.01070	0.01426	0.00802	0.00446	0.00624	0.00178	0.00891	0.00624	0.00267	0.00713
26	0.02175	0.00900	0.01169	0.00910	0.01286	0.00816	0.00747	0.08653	0.01547	0.62932	0.01973	0.01775	0.01280	0.00648	0.00512	0.00158	0.00437	0.00522	0.10710	0.00851
27	0.01413	0.81739	0.02770	0.00905	0.01357	0.02092	0.00905	0.01583	0.01074	0.01244	0.00735	0.00848	0.00678	0.00452	0.00339	0.00113	0.00565	0.00283	0.00226	0.00678
28	0.00736	0.00531	0.00695	0.00674	0.00787	0.00490	0.00498	0.00966	0.01438	0.02027	0.68833	0.13225	0.04809	0.01150	0.00630	0.00172	0.00256	0.01022	0.00571	0.00490
29	0.00985	0.00493	0.00493	0.00493	0.00616	0.00493	0.00370	0.01232	0.01109	0.01971	0.01725	0.01971	0.01355	0.00616	0.00370	0.00123	0.00246	0.00493	0.84356	0.00493
30	0.00755	0.00566	0.00850	0.00850	0.00944	0.00661	0.00661	0.00944	0.00850	0.01227	0.01416	0.02077	0.01322	0.03965	0.79326	0.00850	0.01416	0.00566	0.00283	0.00472
31	0.02010	0.01481	0.01587	0.01216	0.01639	0.01639	0.01005	0.76360	0.02486	0.03332	0.01269	0.01269	0.00899	0.00635	0.00529	0.00159	0.00582	0.00476	0.00529	0.00899
32	0.00913	0.00461	0.00685	0.00685	0.00685	0.00461	0.00454	0.00692	0.00692	0.00922	0.00946	0.01676	0.00955	0.04786	0.02089	0.81502	0.00461	0.00471	0.00233	0.00233
33	0.00918	0.00459	0.00689	0.00689	0.00689	0.00459	0.00459	0.00689	0.00689	0.00918	0.00918	0.01607	0.00918	0.01837	0.02066	0.84619	0.00459	0.00459	0.00230	0.00230
34	0.01373	0.08139	0.01197	0.00939	0.01210	0.27074	0.00737	0.10439	0.01457	0.04453	0.02840	0.02770	0.33537	0.00889	0.00536	0.00156	0.00566	0.00688	0.00406	0.00593
35	0.00637	0.00489	0.00583	0.00659	0.00747	0.00436	0.00456	0.00745	0.01086	0.01380	0.03853	0.51860	0.32106	0.01534	0.00656	0.00201	0.00292	0.01354	0.00491	0.00436
36	0.01983	0.01396	0.01519	0.01178	0.01589	0.01530	0.00969	0.63061	0.08871	0.10284	0.01422	0.01380	0.00999	0.00644	0.00530	0.00161	0.00555	0.00492	0.00541	0.00894
37	0.01760	0.01121	0.01252	0.00992	0.01331	0.01185	0.00808	0.43726	0.01994	0.15172	0.10158	0.01772	0.01503	0.00685	0.00514	0.00155	0.00469	0.00542	0.14072	0.00788
38	0.00685	0.00490	0.00661	0.00783	0.00832	0.00465	0.00563	0.00808	0.01053	0.01396	0.02891	0.66129	0.03406	0.01617	0.00686	0.00220	0.00343	0.16042	0.00490	0.00441
39	0.01152	0.00974	0.05972	0.03118	0.06785	0.00888	0.00841	0.17138	0.03190	0.05463	0.13319	0.05857	0.20588	0.00982	0.00590	0.00177	0.00440	0.09644	0.02247	0.00637
40	0.00766	0.00568	0.00701	0.00752	0.00896	0.00523	0.00611	0.00953	0.01225	0.03075	0.09945	0.11312	0.33408	0.01380	0.00671	0.00207	0.00364	0.31670	0.00500	0.00475
41	0.00680	0.00517	0.00633	0.00712	0.00806	0.00477	0.00518	0.00834	0.02701	0.01423	0.03643	0.45867	0.26568	0.01512	0.00664	0.00206	0.00321	0.10976	0.00491	0.00451
42	0.73020	0.03149	0.00950	0.00887	0.05409	0.06211	0.00669	0.01594	0.00959	0.02238	0.00756	0.00890	0.00597	0.00492	0.00348	0.00160	0.00460	0.00300	0.00317	0.00593
43	0.01192	0.01095	0.01812	0.25716	0.37867	0.01214	0.03040	0.01489	0.01133	0.03582	0.04472	0.01470	0.00991	0.00578	0.00674	0.00172	0.10227	0.00497	0.02071	0.00708
44	0.00791	0.02781	0.03465	0.07682	0.01162	0.00648	0.02269	0.02641	0.02539	0.01624	0.20860	0.35510	0.11930	0.01244	0.00624	0.00189	0.00370	0.02694	0.00471	0.00505

[dist]
# distance from previous block
# <min> <max>
0	1

[block]
# block no. 11 follows, 46 sequences, length 17
# corresponding to MSA columns:
# 625-641
name=unknown_L
#
# <colnr> <probs for GDERKNQSTAVLIFYWHMCP>
#	G	D	E	R	K	N	Q	S	T	A	V	L	I	F	Y	W	H	M	C	P
0	0.00968	0.00536	0.00760	0.00731	0.00775	0.00543	0.00508	0.04623	0.00807	0.01092	0.00974	0.01608	0.00943	0.01887	0.07741	0.71199	0.00535	0.00463	0.00252	0.03054
1	0.00635	0.00536	0.00549	0.00546	0.00720	0.00451	0.00409	0.00778	0.01228	0.01484	0.11168	0.04996	0.72061	0.01318	0.00625	0.00178	0.00266	0.01103	0.00498	0.00451
2	0.01778	0.27056	0.01920	0.03492	0.01607	0.34816	0.00994	0.19135	0.01581	0.01752	0.00900	0.01007	0.00731	0.00536	0.00447	0.00135	0.00738	0.00358	0.00316	0.00699
3	0.15629	0.01234	0.07215	0.14389	0.29739	0.01199	0.03566	0.04941	0.06352	0.06308	0.01119	0.01332	0.00858	0.00524	0.00489	0.00163	0.00583	0.00451	0.03171	0.00739
4	0.04120	0.19575	0.35193	0.01241	0.01817	0.02912	0.03651	0.06885	0.03848	0.14265	0.01144	0.01206	0.00825	0.00531	0.00472	0.00154	0.00649	0.00406	0.00331	0.00776
5	0.08438	0.04783	0.01931	0.10090	0.53293	0.01279	0.01414	0.05831	0.01244	0.05283	0.01021	0.01280	0.00820	0.00495	0.00500	0.00158	0.00603	0.00450	0.00296	0.00790
6	0.00644	0.00460	0.00613	0.00736	0.00767	0.00429	0.00491	0.00736	0.01012	0.01350	0.02914	0.81076	0.03497	0.01656	0.00675	0.00215	0.00307	0.01503	0.00491	0.00429
7	0.05881	0.00748	0.00908	0.02693	0.03009	0.00688	0.00630	0.01623	0.04698	0.29590	0.09489	0.03159	0.30453	0.00933	0.00559	0.00169	0.00366	0.00773	0.02979	0.00654
