[name]
unknown

[dist]
# distance from previous block
# <min> <max>
0	1090

[block]
# block no. 0 follows, 32 sequences, length 7
# corresponding to MSA columns:
# 1114-1120
name=unknown_A
#
# <colnr> <probs for GDERKNQSTAVLIFYWHMCP>
#	G	D	E	R	K	N	Q	S	T	A	V	L	I	F	Y	W	H	M	C	P
0	0.01214	0.00844	0.01159	0.01121	0.01303	0.00827	0.05223	0.04584	0.06921	0.06965	0.06454	0.45080	0.03545	0.01615	0.00788	0.00248	0.00477	0.04157	0.06786	0.00690
1	0.01811	0.01599	0.09174	0.17634	0.02622	0.05121	0.08659	0.10252	0.06933	0.15202	0.01994	0.12476	0.01665	0.00926	0.00705	0.00222	0.00769	0.00814	0.00521	0.00904
2	0.01951	0.04469	0.19928	0.01858	0.13154	0.01338	0.03987	0.07224	0.01726	0.23773	0.04592	0.02307	0.06045	0.03713	0.00777	0.00224	0.00730	0.00684	0.00531	0.00989
3	0.01727	0.06734	0.15624	0.17276	0.10259	0.01446	0.11699	0.02170	0.01527	0.16419	0.01701	0.07504	0.01351	0.00778	0.00681	0.00214	0.00820	0.00708	0.00438	0.00922
4	0.00878	0.00648	0.00845	0.00918	0.01026	0.00616	0.00668	0.01073	0.01449	0.01942	0.18424	0.37842	0.14124	0.02182	0.08598	0.00341	0.00534	0.06696	0.00619	0.00578
5	0.01855	0.01699	0.07658	0.11681	0.15352	0.09139	0.07236	0.02195	0.01528	0.16136	0.01617	0.06679	0.01318	0.00851	0.00911	0.00224	0.11888	0.00690	0.00440	0.00905
6	0.01716	0.05600	0.18168	0.07582	0.04431	0.01308	0.03715	0.05469	0.07052	0.17537	0.09093	0.04269	0.09324	0.00920	0.00685	0.00212	0.00681	0.00773	0.00544	0.00919

[dist]
# distance from previous block
# <min> <max>
0	18

[block]
# block no. 1 follows, 32 sequences, length 23
# corresponding to MSA columns:
# 1139-1161
name=unknown_B
#
# <colnr> <probs for GDERKNQSTAVLIFYWHMCP>
#	G	D	E	R	K	N	Q	S	T	A	V	L	I	F	Y	W	H	M	C	P
0	0.00831	0.00595	0.00791	0.00925	0.00976	0.00554	0.00624	0.00969	0.01348	0.01814	0.10770	0.68620	0.04634	0.02026	0.00850	0.00266	0.00382	0.01836	0.00635	0.00554
1	0.04746	0.02035	0.14495	0.03903	0.12201	0.14694	0.01449	0.02509	0.19022	0.06807	0.02262	0.02294	0.09027	0.00839	0.00659	0.00208	0.00768	0.00675	0.00480	0.00927
2	0.01725	0.26224	0.20886	0.01370	0.01978	0.01804	0.01416	0.05359	0.13534	0.09471	0.04394	0.02017	0.05535	0.00780	0.00598	0.00193	0.00707	0.00600	0.00463	0.00946
3	0.01384	0.10740	0.55438	0.01920	0.07394	0.01619	0.02187	0.02038	0.01393	0.02029	0.01225	0.01491	0.00929	0.00964	0.06213	0.00271	0.01012	0.00506	0.00293	0.00953
4	0.02285	0.02820	0.01901	0.01918	0.09270	0.60214	0.01330	0.02481	0.01818	0.01712	0.01277	0.05878	0.01167	0.00792	0.00633	0.00185	0.01105	0.02057	0.00367	0.00790
5	0.01507	0.33806	0.36080	0.01566	0.02305	0.01952	0.04684	0.01996	0.01393	0.01870	0.01268	0.06393	0.01107	0.00708	0.00573	0.00188	0.00842	0.00548	0.00311	0.00903
6	0.01418	0.05553	0.01425	0.01164	0.01428	0.01023	0.05517	0.10730	0.01724	0.09840	0.10837	0.33785	0.08560	0.01475	0.00771	0.00235	0.00519	0.02624	0.00625	0.00747
7	0.00818	0.00584	0.00779	0.00934	0.00973	0.00545	0.00623	0.00934	0.01285	0.01713	0.03698	0.75981	0.04438	0.02102	0.00856	0.00273	0.00389	0.01908	0.00623	0.00545
8	0.02442	0.01495	0.06957	0.02051	0.17077	0.01271	0.08466	0.05358	0.01814	0.42865	0.02079	0.02016	0.01391	0.00739	0.00682	0.00208	0.00713	0.00656	0.00629	0.01090
9	0.01520	0.07933	0.32777	0.01376	0.01986	0.01247	0.01516	0.01978	0.01528	0.14048	0.09549	0.05917	0.09191	0.05516	0.00838	0.00237	0.00713	0.00777	0.00482	0.00870
10	0.04011	0.02008	0.26028	0.01567	0.02248	0.01288	0.06759	0.02783	0.05900	0.37464	0.02024	0.01939	0.01338	0.00745	0.00666	0.00212	0.00753	0.00621	0.00588	0.01058
11	0.01769	0.02050	0.01410	0.01346	0.01582	0.41049	0.00990	0.01947	0.01725	0.01814	0.11778	0.20643	0.06819	0.01197	0.00705	0.00206	0.00830	0.00966	0.00485	0.00687
12	0.04101	0.02414	0.37203	0.20130	0.03144	0.01546	0.05433	0.08172	0.01594	0.08028	0.01355	0.01608	0.00958	0.00673	0.00653	0.00214	0.00902	0.00556	0.00374	0.00943
13	0.01194	0.07395	0.08826	0.03466	0.01606	0.01109	0.04708	0.06701	0.05771	0.02091	0.06563	0.30001	0.15089	0.01420	0.00751	0.00232	0.00558	0.01244	0.00548	0.00728
14	0.00902	0.00624	0.00833	0.00925	0.01002	0.00621	0.00652	0.01079	0.01302	0.01838	0.08368	0.47837	0.03733	0.02512	0.15812	0.00422	0.00665	0.01477	0.08825	0.00571
15	0.07429	0.01332	0.03881	0.31592	0.02976	0.05692	0.08489	0.01814	0.05663	0.01966	0.01905	0.13086	0.01811	0.01012	0.00716	0.00236	0.00786	0.08446	0.00421	0.00746
16	0.05220	0.08163	0.35970	0.01825	0.06940	0.01575	0.06141	0.08816	0.01651	0.10204	0.02786	0.03856	0.02433	0.00737	0.00643	0.00207	0.00834	0.00605	0.00419	0.00974
17	0.11142	0.02314	0.27789	0.10122	0.11434	0.07332	0.11021	0.02119	0.03652	0.02177	0.01322	0.01751	0.01042	0.00684	0.00648	0.00214	0.00907	0.03085	0.00345	0.00901
18	0.05456	0.01690	0.06088	0.01588	0.04000	0.12516	0.11262	0.11293	0.01755	0.14873	0.01895	0.09782	0.01665	0.11826	0.01083	0.00275	0.00798	0.00790	0.00512	0.00852
19	0.10962	0.01275	0.06188	0.01233	0.01668	0.02202	0.03007	0.04247	0.03045	0.30287	0.02666	0.03304	0.07198	0.01206	0.03829	0.00262	0.00664	0.12760	0.00630	0.03367
20	0.10625	0.01367	0.02073	0.06488	0.09773	0.01380	0.16191	0.06976	0.09205	0.09113	0.04030	0.09124	0.03675	0.00861	0.00683	0.00213	0.00704	0.00793	0.00503	0.06222
21	0.08691	0.01387	0.06979	0.10229	0.02048	0.04250	0.04425	0.07490	0.03655	0.17599	0.02222	0.17766	0.03048	0.03418	0.00772	0.00234	0.00662	0.00891	0.00550	0.03685
22	0.15936	0.03819	0.02068	0.06738	0.19371	0.07094	0.06881	0.10526	0.06471	0.07276	0.04870	0.01780	0.01341	0.00709	0.00625	0.00202	0.00740	0.00595	0.00465	0.02490

[dist]
# distance from previous block
# <min> <max>
5	24

[block]
# block no. 2 follows, 32 sequences, length 17
# corresponding to MSA columns:
# 1195-1211
name=unknown_C
#
# <colnr> <probs for GDERKNQSTAVLIFYWHMCP>
#	G	D	E	R	K	N	Q	S	T	A	V	L	I	F	Y	W	H	M	C	P
0	0.01484	0.10895	0.07888	0.01177	0.01563	0.01314	0.01017	0.02087	0.16157	0.07994	0.05123	0.11687	0.04429	0.08603	0.00999	0.00247	0.04178	0.00827	0.00516	0.11814
1	0.01943	0.16943	0.12068	0.02929	0.06597	0.07646	0.02774	0.07763	0.05034	0.13611	0.01505	0.01593	0.01128	0.00665	0.00584	0.00175	0.00739	0.00516	0.02402	0.13385
2	0.08969	0.01353	0.10522	0.01390	0.05242	0.01079	0.06878	0.03921	0.04847	0.05331	0.06051	0.19292	0.12060	0.02849	0.00765	0.00229	0.00593	0.01022	0.00517	0.07089
3	0.01647	0.13742	0.11912	0.01407	0.03983	0.03480	0.05558	0.03073	0.03886	0.11285	0.01956	0.04722	0.05915	0.07967	0.00944	0.00232	0.03796	0.00675	0.02226	0.11596
4	0.06407	0.06566	0.06551	0.04873	0.03758	0.05060	0.13018	0.08761	0.04695	0.08820	0.05891	0.07385	0.13415	0.00976	0.00694	0.00213	0.00707	0.00851	0.00513	0.00847
5	0.03657	0.05174	0.10681	0.01060	0.01365	0.06651	0.00926	0.01486	0.01495	0.02045	0.24380	0.03569	0.08259	0.16403	0.05936	0.00344	0.00676	0.00883	0.00498	0.04511
6	0.05823	0.03211	0.09321	0.01467	0.08020	0.01208	0.01184	0.04447	0.07026	0.15229	0.01733	0.02049	0.01361	0.00720	0.00602	0.00174	0.00615	0.04816	0.00503	0.30492
7	0.01803	0.27494	0.19307	0.01638	0.02287	0.04518	0.11942	0.02420	0.10325	0.09889	0.01484	0.01589	0.01122	0.00663	0.00600	0.00191	0.00823	0.00546	0.00407	0.00952
8	0.01567	0.15211	0.17398	0.01338	0.01787	0.01453	0.01304	0.06451	0.01483	0.10826	0.01881	0.14808	0.01745	0.01688	0.12970	0.00359	0.05648	0.00792	0.00452	0.00836
9	0.00931	0.00683	0.00911	0.09104	0.01304	0.00693	0.00691	0.01064	0.01244	0.01665	0.08943	0.37963	0.03556	0.26218	0.01668	0.00385	0.00525	0.01394	0.00526	0.00530
10	0.00910	0.00857	0.06493	0.00975	0.01135	0.00679	0.00772	0.01136	0.01426	0.01955	0.20027	0.38272	0.08589	0.05833	0.07412	0.00341	0.00554	0.01444	0.00590	0.00601
11	0.01477	0.01440	0.07222	0.07722	0.06443	0.01486	0.01295	0.10516	0.17507	0.02324	0.02158	0.19891	0.02057	0.01172	0.00985	0.00244	0.13746	0.00944	0.00512	0.00856
12	0.15784	0.01345	0.01430	0.01097	0.01609	0.01296	0.00891	0.19760	0.01832	0.05482	0.01389	0.01516	0.01067	0.00635	0.00533	0.00154	0.00553	0.00474	0.06751	0.36403
13	0.51082	0.07331	0.05607	0.01043	0.01504	0.01521	0.00921	0.02250	0.07488	0.10904	0.03912	0.01516	0.01176	0.00697	0.00497	0.00205	0.00563	0.00473	0.00481	0.00828
14	0.13297	0.12726	0.03538	0.01269	0.01713	0.16482	0.02235	0.11791	0.03488	0.06367	0.07592	0.01768	0.01507	0.00738	0.00570	0.00178	0.00715	0.00543	0.05249	0.08234
15	0.36937	0.07536	0.09831	0.04952	0.01784	0.03145	0.01096	0.02243	0.07526	0.11848	0.01546	0.06273	0.01244	0.00773	0.00547	0.00209	0.00625	0.00568	0.00474	0.00844
16	0.01468	0.01016	0.01446	0.01420	0.08620	0.00932	0.05325	0.01840	0.06033	0.14053	0.14146	0.19211	0.09355	0.01202	0.00730	0.00212	0.00515	0.01074	0.00605	0.10795

[dist]
# distance from previous block
# <min> <max>
2	3

[block]
# block no. 3 follows, 32 sequences, length 10
# corresponding to MSA columns:
# 1221-1230
name=unknown_D
#
# <colnr> <probs for GDERKNQSTAVLIFYWHMCP>
#	G	D	E	R	K	N	Q	S	T	A	V	L	I	F	Y	W	H	M	C	P
0	0.01525	0.03892	0.08861	0.05609	0.07653	0.01488	0.18777	0.06324	0.08304	0.04203	0.09064	0.02530	0.01890	0.05616	0.01005	0.00251	0.06630	0.03486	0.02031	0.00861
1	0.01678	0.01890	0.13570	0.03668	0.09047	0.08141	0.07793	0.08140	0.05200	0.04630	0.01482	0.04263	0.01201	0.00720	0.00703	0.00187	0.04365	0.00597	0.03682	0.19043
2	0.01479	0.11896	0.25531	0.07361	0.04315	0.01458	0.01536	0.06236	0.05343	0.06611	0.02174	0.15073	0.06227	0.00997	0.00669	0.00215	0.00725	0.00831	0.00450	0.00873
3	0.01615	0.01061	0.03877	0.06272	0.01717	0.00955	0.05570	0.05893	0.01749	0.19660	0.18056	0.14097	0.08863	0.01200	0.00742	0.00223	0.00544	0.03054	0.04042	0.00808
4	0.02106	0.01548	0.08676	0.01337	0.01820	0.01409	0.01168	0.17694	0.19767	0.22684	0.12194	0.02495	0.02232	0.00903	0.00689	0.00212	0.00603	0.00740	0.00690	0.01034
5	0.01001	0.00735	0.00875	0.00896	0.01042	0.00706	0.00643	0.05227	0.04047	0.02151	0.18288	0.34851	0.16988	0.04222	0.00881	0.00252	0.00395	0.01454	0.04725	0.00621
6	0.05728	0.13536	0.14405	0.06134	0.01831	0.05912	0.01182	0.04569	0.01521	0.02061	0.10024	0.08770	0.10538	0.05751	0.00816	0.00227	0.00665	0.00809	0.00447	0.05073
7	0.09746	0.15466	0.14311	0.08901	0.10507	0.15280	0.06301	0.08145	0.01641	0.02183	0.01150	0.01394	0.00909	0.00643	0.00593	0.00192	0.00893	0.00498	0.00354	0.00894
8	0.01526	0.01071	0.01703	0.01356	0.01732	0.00979	0.15915	0.01918	0.04619	0.15449	0.17795	0.10273	0.10109	0.01080	0.00731	0.00211	0.00574	0.00995	0.05645	0.06317
9	0.09131	0.01314	0.01703	0.01438	0.01644	0.01616	0.01186	0.02201	0.06141	0.19989	0.01547	0.01778	0.01199	0.00993	0.01435	0.00251	0.39466	0.00603	0.05511	0.00853

[dist]
# distance from previous block
# <min> <max>
0	1

[block]
# block no. 4 follows, 32 sequences, length 8
# corresponding to MSA columns:
# 1232-1239
name=unknown_E
#
# <colnr> <probs for GDERKNQSTAVLIFYWHMCP>
#	G	D	E	R	K	N	Q	S	T	A	V	L	I	F	Y	W	H	M	C	P
0	0.15075	0.05537	0.01577	0.01196	0.01577	0.03676	0.06485	0.06592	0.05746	0.13290	0.10907	0.06007	0.02144	0.09636	0.00952	0.00251	0.00608	0.00748	0.00546	0.07449
1	0.19635	0.01080	0.01235	0.01090	0.01444	0.01086	0.00883	0.08467	0.01684	0.26323	0.02428	0.13949	0.02132	0.01113	0.00667	0.00228	0.00539	0.09907	0.05254	0.00857
2	0.02506	0.03198	0.01901	0.01729	0.02074	0.73725	0.01296	0.02679	0.01901	0.01642	0.01037	0.01210	0.00864	0.00691	0.00605	0.00173	0.01210	0.00432	0.00346	0.00778
3	0.01173	0.00906	0.03626	0.00949	0.01237	0.00728	0.00757	0.01441	0.01556	0.06692	0.21074	0.19780	0.09787	0.01297	0.00715	0.00203	0.00429	0.04152	0.05140	0.18357
4	0.01078	0.00793	0.00977	0.01012	0.01145	0.00795	0.00722	0.08505	0.06041	0.02212	0.14689	0.51638	0.04248	0.01767	0.00815	0.00252	0.00423	0.01581	0.00651	0.00656
5	0.02038	0.01334	0.01431	0.01164	0.01547	0.01438	0.00940	0.36164	0.06228	0.07781	0.01958	0.02041	0.01444	0.00804	0.00596	0.00186	0.00555	0.00625	0.30786	0.00941
6	0.01038	0.00666	0.00797	0.00765	0.00926	0.00627	0.00573	0.01345	0.01720	0.02580	0.45796	0.04286	0.08537	0.01200	0.00688	0.00194	0.00317	0.01036	0.26282	0.00627
7	0.08632	0.01376	0.01654	0.04760	0.01907	0.01392	0.01086	0.24841	0.02237	0.38383	0.05308	0.02075	0.01599	0.00824	0.00659	0.00206	0.00625	0.00649	0.00717	0.01068

[dist]
# distance from previous block
# <min> <max>
2	17

[block]
# block no. 5 follows, 32 sequences, length 21
# corresponding to MSA columns:
# 1257-1277
name=unknown_F
#
# <colnr> <probs for GDERKNQSTAVLIFYWHMCP>
#	G	D	E	R	K	N	Q	S	T	A	V	L	I	F	Y	W	H	M	C	P
0	0.08790	0.24544	0.08157	0.01203	0.01757	0.01705	0.01116	0.05083	0.08576	0.06294	0.01356	0.01473	0.01081	0.00727	0.02052	0.00181	0.02420	0.00464	0.00419	0.22603
1	0.04166	0.04467	0.11145	0.05149	0.01962	0.03380	0.01307	0.11461	0.10669	0.12326	0.05071	0.02567	0.01755	0.01040	0.00954	0.04785	0.08491	0.07888	0.00530	0.00888
2	0.05098	0.05068	0.01000	0.00865	0.01050	0.00826	0.00639	0.04544	0.01541	0.02093	0.18979	0.22395	0.21997	0.09653	0.01046	0.00274	0.00431	0.01292	0.00598	0.00612
3	0.00950	0.00663	0.00858	0.00871	0.01005	0.00608	0.00630	0.01185	0.01660	0.04264	0.41386	0.29268	0.10871	0.01632	0.00810	0.00233	0.00350	0.01451	0.00692	0.00612
4	0.02211	0.00958	0.01264	0.01041	0.01404	0.00843	0.00817	0.02433	0.01744	0.45864	0.11753	0.07852	0.08227	0.09233	0.01007	0.00262	0.00517	0.00914	0.00743	0.00913
5	0.01836	0.01421	0.01520	0.01293	0.01677	0.01589	0.01025	0.24253	0.35381	0.03215	0.08877	0.02457	0.02131	0.00907	0.00666	0.00210	0.00553	0.00738	0.09250	0.00999
6	0.68262	0.01272	0.01080	0.00934	0.01366	0.01420	0.00769	0.02187	0.01270	0.14511	0.01217	0.01287	0.00881	0.00657	0.00458	0.00208	0.00528	0.00415	0.00484	0.00795
7	0.61759	0.09485	0.01360	0.00970	0.01418	0.01608	0.00821	0.05190	0.01329	0.09361	0.01123	0.01223	0.00847	0.00645	0.00453	0.00200	0.00555	0.00403	0.00451	0.00799
8	0.02325	0.00990	0.01338	0.01078	0.01477	0.00869	0.00869	0.02604	0.01913	0.49418	0.25670	0.03191	0.03214	0.01010	0.00714	0.00209	0.00486	0.00854	0.00800	0.00973
9	0.01811	0.64592	0.03474	0.01362	0.01935	0.06519	0.08588	0.02062	0.01417	0.01644	0.00985	0.01163	0.00878	0.00580	0.00479	0.00154	0.00790	0.00410	0.00296	0.00861
10	0.12997	0.01843	0.02104	0.10087	0.32402	0.16974	0.01573	0.07488	0.01659	0.02312	0.01220	0.01522	0.00985	0.00651	0.00611	0.00196	0.00835	0.00531	0.03095	0.00914
11	0.01474	0.01117	0.01489	0.09202	0.01825	0.03779	0.06731	0.06437	0.04704	0.06207	0.05558	0.03003	0.01972	0.07522	0.05821	0.00310	0.05850	0.07758	0.18504	0.00739
12	0.00927	0.00659	0.00816	0.00850	0.00990	0.00592	0.00609	0.01123	0.01555	0.04501	0.24928	0.34105	0.22404	0.01734	0.00814	0.00240	0.00361	0.01529	0.00665	0.00598
13	0.01528	0.01251	0.01665	0.13336	0.17822	0.03685	0.01268	0.11519	0.04957	0.02560	0.15325	0.02682	0.02312	0.00878	0.00665	0.00202	0.00625	0.02894	0.13982	0.00843
14	0.00988	0.00649	0.00831	0.00867	0.00986	0.00603	0.00619	0.01210	0.01565	0.04548	0.30056	0.35950	0.06800	0.01621	0.00781	0.00233	0.00357	0.01444	0.09283	0.00608
15	0.01362	0.01111	0.01449	0.01285	0.01398	0.01389	0.01035	0.03187	0.04410	0.04465	0.02070	0.02544	0.08973	0.05349	0.10892	0.00375	0.34447	0.00730	0.12825	0.00705
16	0.08881	0.23559	0.02189	0.07236	0.05485	0.18886	0.01188	0.02027	0.01479	0.04249	0.05165	0.04377	0.01400	0.04223	0.00826	0.00211	0.06888	0.00569	0.00378	0.00785
17	0.05314	0.08988	0.01298	0.00985	0.01138	0.01028	0.00740	0.08566	0.01243	0.01720	0.04424	0.02005	0.01367	0.01972	0.05248	0.51867	0.00655	0.00585	0.00362	0.00496
18	0.20343	0.01874	0.15410	0.06865	0.13383	0.05506	0.04862	0.02389	0.07841	0.13082	0.01507	0.01644	0.01100	0.00684	0.00608	0.00209	0.00757	0.00550	0.00449	0.00938
19	0.02001	0.09661	0.02066	0.05755	0.08070	0.04290	0.05225	0.11287	0.24119	0.14802	0.02059	0.04454	0.01565	0.00818	0.00660	0.00208	0.00683	0.00687	0.00578	0.01010
20	0.13915	0.05845	0.06974	0.05723	0.14834	0.06450	0.13071	0.02217	0.01546	0.14385	0.03830	0.05412	0.01397	0.00747	0.00645	0.00208	0.00779	0.00662	0.00453	0.00907

[dist]
# distance from previous block
# <min> <max>
0	19

[block]
# block no. 6 follows, 32 sequences, length 18
# corresponding to MSA columns:
# 1297-1314
name=unknown_G
#
# <colnr> <probs for GDERKNQSTAVLIFYWHMCP>
#	G	D	E	R	K	N	Q	S	T	A	V	L	I	F	Y	W	H	M	C	P
0	0.01483	0.00915	0.01146	0.01067	0.01315	0.00880	0.00813	0.08237	0.05552	0.14581	0.15542	0.30763	0.03632	0.01456	0.00771	0.00234	0.00469	0.05432	0.00676	0.05035
1	0.06393	0.03475	0.01061	0.04993	0.01300	0.00917	0.00732	0.04297	0.04325	0.09102	0.12096	0.10497	0.09680	0.01077	0.00628	0.00199	0.00433	0.00898	0.27178	0.00720
2	0.04726	0.01613	0.12094	0.11264	0.02305	0.01461	0.05033	0.09069	0.13902	0.11358	0.05569	0.07487	0.01804	0.00938	0.00819	0.00228	0.06980	0.01915	0.00527	0.00911
3	0.01344	0.00905	0.01118	0.01039	0.01252	0.00925	0.00804	0.06504	0.05487	0.10235	0.13327	0.11212	0.15532	0.08923	0.07903	0.00356	0.04604	0.07211	0.00607	0.00711
4	0.11758	0.12861	0.10976	0.04420	0.08573	0.04956	0.06943	0.07111	0.01613	0.12847	0.01463	0.03875	0.01141	0.00695	0.00596	0.00190	0.00747	0.00564	0.00444	0.08226
5	0.01584	0.00858	0.00987	0.00893	0.01140	0.00856	0.00686	0.02102	0.11956	0.15719	0.11000	0.03032	0.02432	0.06379	0.00804	0.00223	0.00426	0.02391	0.35758	0.00773
6	0.31571	0.12067	0.04501	0.04832	0.01863	0.01817	0.01104	0.23157	0.03906	0.07463	0.01327	0.01412	0.00984	0.00697	0.00542	0.00198	0.00655	0.00485	0.00500	0.00921
7	0.14567	0.01267	0.01536	0.01196	0.01702	0.01215	0.00988	0.12328	0.01976	0.52843	0.02249	0.02013	0.01450	0.00796	0.00636	0.00207	0.00586	0.00619	0.00747	0.01080
8	0.01391	0.01193	0.01391	0.00994	0.01590	0.00894	0.00795	0.01690	0.01391	0.02186	0.01193	0.01391	0.00994	0.00497	0.00497	0.00099	0.00497	0.00398	0.00398	0.80521
9	0.01134	0.00757	0.00958	0.00867	0.01088	0.00676	0.00656	0.01431	0.01752	0.06458	0.48433	0.09339	0.04887	0.01238	0.00726	0.00197	0.00357	0.01084	0.08012	0.09949
10	0.00857	0.00625	0.00738	0.00816	0.00935	0.00564	0.00572	0.01020	0.01411	0.01873	0.08348	0.42175	0.26751	0.01806	0.00796	0.00243	0.00362	0.01588	0.07956	0.00564
11	0.06304	0.04316	0.01568	0.05106	0.01767	0.01350	0.01006	0.19052	0.06375	0.28364	0.02081	0.02038	0.01449	0.00791	0.00613	0.00196	0.00582	0.00621	0.15435	0.00987
12	0.00904	0.00671	0.00817	0.00871	0.00997	0.00629	0.00618	0.01175	0.04913	0.02051	0.20323	0.38766	0.17956	0.01735	0.00804	0.00242	0.00366	0.01536	0.04029	0.00599
13	0.02653	0.10321	0.01875	0.01272	0.01788	0.01460	0.01069	0.16085	0.08460	0.44517	0.02250	0.02030	0.01501	0.00802	0.00646	0.00201	0.00617	0.00631	0.00721	0.01101
14	0.01088	0.00745	0.00850	0.00831	0.00880	0.00774	0.00512	0.01299	0.10039	0.01480	0.02081	0.03867	0.02237	0.57839	0.02967	0.10074	0.00627	0.00901	0.00429	0.00478
15	0.01995	0.02023	0.10161	0.01505	0.01873	0.19305	0.01300	0.12697	0.01812	0.11387	0.07931	0.02064	0.01630	0.06349	0.01144	0.00247	0.14598	0.00638	0.00483	0.00859
16	0.01627	0.01445	0.01751	0.04734	0.01970	0.07777	0.07264	0.01934	0.01472	0.07178	0.01281	0.01500	0.01021	0.00591	0.00649	0.00142	0.04762	0.00477	0.00408	0.52014
17	0.01695	0.04604	0.02041	0.04229	0.12300	0.03108	0.08081	0.06558	0.16372	0.08614	0.10178	0.04720	0.02078	0.00935	0.00885	0.00224	0.09713	0.02221	0.00529	0.00917

[dist]
# distance from previous block
# <min> <max>
1	7

[block]
# block no. 7 follows, 32 sequences, length 19
# corresponding to MSA columns:
# 1322-1340
name=unknown_H
#
# <colnr> <probs for GDERKNQSTAVLIFYWHMCP>
#	G	D	E	R	K	N	Q	S	T	A	V	L	I	F	Y	W	H	M	C	P
0	0.00989	0.00770	0.01121	0.12644	0.01644	0.00853	0.00908	0.01236	0.01273	0.01740	0.10339	0.10685	0.06699	0.09605	0.32872	0.00642	0.01105	0.03821	0.00451	0.00603
1	0.00929	0.00663	0.00819	0.00881	0.00942	0.00648	0.00580	0.01130	0.04849	0.01785	0.13162	0.39692	0.03976	0.24893	0.01628	0.00378	0.00467	0.01459	0.00576	0.00542
2	0.01735	0.00843	0.01129	0.01020	0.01292	0.00754	0.00787	0.01970	0.01714	0.30213	0.20778	0.23290	0.05884	0.01386	0.00769	0.00231	0.00452	0.04209	0.00735	0.00809
3	0.02520	0.01027	0.01380	0.01096	0.01526	0.00899	0.00890	0.02794	0.01889	0.55482	0.15874	0.02818	0.02558	0.00931	0.00686	0.00205	0.00508	0.00775	0.05124	0.01016
4	0.33315	0.01448	0.01394	0.01151	0.01591	0.04923	0.00937	0.18183	0.04662	0.17706	0.04604	0.01740	0.01352	0.00761	0.00567	0.00204	0.00599	0.00549	0.03396	0.00918
5	0.18221	0.00811	0.00764	0.00741	0.00945	0.00865	0.00555	0.01674	0.04890	0.02485	0.02008	0.05511	0.01706	0.07534	0.00747	0.00220	0.00401	0.00662	0.48613	0.00647
6	0.01081	0.00772	0.01081	0.01236	0.01390	0.00772	0.01081	0.01390	0.01545	0.02008	0.03553	0.07569	0.03862	0.01854	0.00927	0.00309	0.00618	0.67717	0.00618	0.00618
7	0.01794	0.76823	0.03516	0.01148	0.01722	0.02655	0.01148	0.02009	0.01363	0.01579	0.00933	0.01076	0.00861	0.00574	0.00431	0.00144	0.00718	0.00359	0.00287	0.00861
8	0.64854	0.01265	0.01105	0.00947	0.01384	0.01397	0.00781	0.02243	0.01304	0.17549	0.01292	0.01339	0.00922	0.00666	0.00469	0.00208	0.00530	0.00428	0.00502	0.00813
9	0.01844	0.01553	0.02160	0.17662	0.22571	0.01741	0.01609	0.26631	0.02024	0.02757	0.01458	0.05260	0.01203	0.00815	0.00818	0.00217	0.07587	0.00662	0.00459	0.00969
10	0.01276	0.01121	0.01476	0.01313	0.01418	0.01386	0.01052	0.04273	0.04767	0.02123	0.21590	0.09029	0.07019	0.01300	0.01429	0.00254	0.34913	0.00932	0.02619	0.00709
11	0.11969	0.01123	0.01502	0.17448	0.02133	0.01285	0.01136	0.04629	0.01389	0.16709	0.01669	0.05191	0.01395	0.06906	0.08440	0.03798	0.11363	0.00677	0.00466	0.00772
12	0.00888	0.00650	0.00820	0.00844	0.00964	0.00597	0.00600	0.01102	0.01598	0.02176	0.37109	0.27931	0.14326	0.06107	0.00968	0.00259	0.00363	0.01449	0.00666	0.00582
13	0.00983	0.00674	0.00898	0.00928	0.01041	0.00667	0.00667	0.01166	0.01356	0.04830	0.15010	0.29271	0.09337	0.09436	0.20016	0.00499	0.00770	0.01301	0.00563	0.00589
14	0.01520	0.06164	0.02266	0.19075	0.15677	0.01643	0.07612	0.08769	0.01511	0.02069	0.01368	0.01991	0.01176	0.01331	0.10081	0.00334	0.12884	0.03322	0.00366	0.00842
15	0.00945	0.00672	0.00853	0.00921	0.01017	0.00675	0.00649	0.01205	0.05084	0.01861	0.07569	0.40507	0.06869	0.07221	0.12896	0.00410	0.00630	0.01401	0.08029	0.00587
16	0.09073	0.15522	0.12639	0.01350	0.03300	0.11162	0.01216	0.05929	0.01608	0.04095	0.11435	0.09197	0.03611	0.00929	0.00675	0.00198	0.03329	0.00722	0.00452	0.03557
17	0.14338	0.05362	0.13729	0.06560	0.07303	0.05326	0.08915	0.12745	0.01668	0.02468	0.01501	0.07462	0.01322	0.00846	0.00728	0.00219	0.04681	0.03534	0.00421	0.00872
18	0.06846	0.21280	0.14495	0.03448	0.02038	0.01846	0.05085	0.08244	0.07719	0.04035	0.04481	0.05951	0.01456	0.00840	0.00786	0.00208	0.09306	0.00631	0.00422	0.00882

[dist]
# distance from previous block
# <min> <max>
2	20

[block]
# block no. 8 follows, 32 sequences, length 11
# corresponding to MSA columns:
# 1380-1390
name=unknown_I
#
# <colnr> <probs for GDERKNQSTAVLIFYWHMCP>
#	G	D	E	R	K	N	Q	S	T	A	V	L	I	F	Y	W	H	M	C	P
0	0.06539	0.08443	0.14123	0.04524	0.03264	0.03579	0.04399	0.02420	0.18196	0.08732	0.06331	0.02071	0.01654	0.00804	0.00713	0.00209	0.04952	0.00636	0.07506	0.00905
1	0.09099	0.01401	0.11762	0.01517	0.10150	0.01155	0.01180	0.01941	0.11130	0.04872	0.17494	0.10176	0.04195	0.01056	0.00715	0.00217	0.02070	0.02868	0.04223	0.02780
2	0.01408	0.01061	0.01173	0.01095	0.01335	0.05410	0.00841	0.06277	0.12376	0.08195	0.24646	0.15265	0.07085	0.01556	0.05124	0.00278	0.00571	0.04886	0.00656	0.00762
3	0.01671	0.06493	0.06659	0.07445	0.08779	0.05597	0.15577	0.05134	0.01549	0.07034	0.01523	0.02051	0.01248	0.00815	0.00859	0.02605	0.07613	0.04384	0.07589	0.05374
4	0.05025	0.01528	0.05948	0.09114	0.08313	0.05807	0.10243	0.03935	0.10750	0.12218	0.06083	0.04340	0.05308	0.00913	0.00769	0.00223	0.03988	0.04091	0.00514	0.00889
5	0.06078	0.01094	0.05835	0.03402	0.01418	0.00972	0.04696	0.01552	0.08060	0.01855	0.04811	0.06667	0.02191	0.36398	0.01952	0.00414	0.00645	0.02372	0.00446	0.09144
6	0.01388	0.01319	0.01929	0.06087	0.14190	0.01571	0.04621	0.03708	0.04853	0.01924	0.02258	0.06661	0.13139	0.01132	0.01343	0.00251	0.31604	0.00823	0.00408	0.00790
7	0.01660	0.39728	0.05535	0.01904	0.13022	0.03859	0.09432	0.01952	0.01391	0.01774	0.01199	0.05572	0.01116	0.00731	0.00728	0.00188	0.08453	0.00566	0.00321	0.00869
8	0.01468	0.01468	0.02055	0.01762	0.01762	0.02055	0.01468	0.01615	0.01028	0.01615	0.00881	0.01468	0.00881	0.01174	0.02202	0.00294	0.75191	0.00587	0.00294	0.00734
9	0.09076	0.02060	0.15296	0.06499	0.06281	0.09430	0.05328	0.09682	0.24526	0.02576	0.01717	0.01802	0.01289	0.00745	0.00644	0.00212	0.00784	0.00603	0.00481	0.00966
10	0.01543	0.01437	0.02373	0.34580	0.38758	0.01579	0.01928	0.05969	0.01544	0.02107	0.01253	0.01713	0.00995	0.00642	0.00668	0.00210	0.00836	0.00598	0.00338	0.00930

[dist]
# distance from previous block
# <min> <max>
0	1

[block]
# block no. 9 follows, 32 sequences, length 10
# corresponding to MSA columns:
# 1392-1401
name=unknown_J
#
# <colnr> <probs for GDERKNQSTAVLIFYWHMCP>
#	G	D	E	R	K	N	Q	S	T	A	V	L	I	F	Y	W	H	M	C	P
0	0.36620	0.01118	0.01231	0.07951	0.01637	0.01284	0.00920	0.01861	0.01226	0.11072	0.01423	0.01860	0.01176	0.06350	0.16139	0.00425	0.05985	0.00552	0.00435	0.00734
1	0.05223	0.01312	0.01242	0.01089	0.01405	0.13288	0.00845	0.04425	0.04646	0.17825	0.24319	0.03636	0.15771	0.01125	0.00709	0.00207	0.00561	0.00922	0.00652	0.00797
2	0.01049	0.00831	0.01178	0.08460	0.09329	0.00828	0.00934	0.01306	0.01520	0.02051	0.23078	0.13614	0.11049	0.10917	0.01125	0.00290	0.00524	0.10708	0.00564	0.00643
3	0.01665	0.06114	0.02047	0.20926	0.21644	0.04055	0.01493	0.09722	0.06849	0.05236	0.01873	0.02117	0.06044	0.00764	0.00646	0.00203	0.00728	0.00651	0.06317	0.00904
4	0.06612	0.00842	0.01045	0.01015	0.01148	0.00912	0.00768	0.01329	0.01412	0.05127	0.16099	0.28395	0.11957	0.01517	0.01003	0.00244	0.13132	0.01251	0.05551	0.00640
5	0.02157	0.01177	0.01742	0.15533	0.02313	0.01158	0.06821	0.07442	0.01835	0.35442	0.09480	0.02542	0.04477	0.00862	0.00692	0.00211	0.00648	0.00745	0.03773	0.00951
6	0.01338	0.00744	0.01016	0.00958	0.01025	0.00770	0.00669	0.09494	0.01159	0.01547	0.01221	0.01986	0.01162	0.02141	0.02379	0.70467	0.00602	0.00585	0.00339	0.00397
7	0.06578	0.01480	0.01568	0.03828	0.01761	0.04267	0.01060	0.38454	0.02317	0.03238	0.01938	0.14354	0.01723	0.01017	0.00714	0.00211	0.03256	0.00808	0.10520	0.00910
8	0.04300	0.10906	0.07583	0.13566	0.02285	0.01555	0.01265	0.09085	0.15120	0.09334	0.01702	0.03659	0.01315	0.00736	0.00607	0.00188	0.00667	0.00590	0.00490	0.15048
9	0.01960	0.10253	0.04315	0.05804	0.05006	0.04489	0.03748	0.22560	0.21253	0.05548	0.01840	0.01883	0.01378	0.00772	0.00634	0.00201	0.00695	0.00619	0.06043	0.00998

[dist]
# distance from previous block
# <min> <max>
2	7

[block]
# block no. 10 follows, 32 sequences, length 17
# corresponding to MSA columns:
# 1415-1431
name=unknown_K
#
# <colnr> <probs for GDERKNQSTAVLIFYWHMCP>
#	G	D	E	R	K	N	Q	S	T	A	V	L	I	F	Y	W	H	M	C	P
0	0.12595	0.00851	0.00990	0.00949	0.01177	0.00839	0.00717	0.03789	0.01510	0.13739	0.10268	0.26805	0.08715	0.03172	0.04256	0.00281	0.00510	0.02677	0.05455	0.00705
1	0.00930	0.00643	0.00791	0.00824	0.00864	0.00634	0.00524	0.01020	0.01188	0.01613	0.11898	0.22930	0.03428	0.41964	0.07384	0.00524	0.00619	0.01231	0.00504	0.00487
2	0.04650	0.01029	0.01364	0.01103	0.01527	0.00906	0.00889	0.02716	0.01816	0.54183	0.09064	0.09792	0.05839	0.01039	0.00701	0.00215	0.00518	0.00870	0.00781	0.00999
3	0.01848	0.01530	0.01618	0.01402	0.01813	0.01752	0.01105	0.17039	0.57257	0.03095	0.02504	0.02322	0.01864	0.00889	0.00680	0.00222	0.00573	0.00727	0.00680	0.01078
4	0.36081	0.01257	0.01270	0.01059	0.01492	0.01337	0.00864	0.08295	0.08297	0.24452	0.01796	0.01756	0.01260	0.00743	0.00547	0.00205	0.00537	0.00540	0.07299	0.00913
5	0.08330	0.01507	0.01736	0.01340	0.01860	0.01548	0.01106	0.35169	0.02457	0.34931	0.02029	0.01877	0.01345	0.00804	0.00655	0.00205	0.00648	0.00619	0.00725	0.01112
6	0.02222	0.01475	0.01828	0.12705	0.02285	0.01634	0.01275	0.33705	0.02260	0.18100	0.01735	0.01871	0.01248	0.01223	0.07811	0.00297	0.06106	0.00628	0.00591	0.00999
7	0.01794	0.76823	0.03516	0.01148	0.01722	0.02655	0.01148	0.02009	0.01363	0.01579	0.00933	0.01076	0.00861	0.00574	0.00431	0.00144	0.00718	0.00359	0.00287	0.00861
8	0.22515	0.01651	0.02154	0.06583	0.43545	0.08504	0.01628	0.02079	0.01454	0.02329	0.01151	0.01474	0.00947	0.00617	0.00594	0.00200	0.00769	0.00520	0.00353	0.00932
9	0.02075	0.01430	0.01585	0.01320	0.01743	0.01557	0.01056	0.22301	0.32357	0.14746	0.07278	0.02389	0.02014	0.00894	0.00677	0.00213	0.00573	0.00727	0.04015	0.01049
10	0.01423	0.00782	0.01033	0.00936	0.01167	0.00704	0.00713	0.01695	0.01811	0.19365	0.44177	0.13969	0.06831	0.01349	0.00772	0.00219	0.00388	0.01183	0.00742	0.00742
11	0.01735	0.01680	0.02102	0.01732	0.01965	0.13929	0.11424	0.01975	0.01442	0.08635	0.07346	0.02087	0.04817	0.01010	0.01389	0.00245	0.34594	0.00691	0.00414	0.00790
12	0.00844	0.00639	0.00779	0.00834	0.00960	0.00574	0.00591	0.01028	0.01516	0.01993	0.22037	0.36823	0.25361	0.01794	0.00821	0.00243	0.00356	0.01582	0.00652	0.00574
13	0.01066	0.00813	0.01105	0.01072	0.01187	0.00949	0.00814	0.01396	0.06593	0.01664	0.01876	0.02817	0.01774	0.15587	0.48397	0.00845	0.06553	0.00749	0.04127	0.00616
14	0.01616	0.06918	0.02458	0.26130	0.11551	0.08572	0.13894	0.02061	0.04936	0.04453	0.01340	0.01802	0.01077	0.03656	0.00894	0.00232	0.06588	0.00624	0.00356	0.00840
15	0.05421	0.00950	0.01212	0.01024	0.01316	0.00925	0.04282	0.08002	0.01796	0.16177	0.23827	0.05163	0.03105	0.03434	0.00747	0.00213	0.00467	0.00859	0.20297	0.00784
16	0.05129	0.13428	0.04721	0.01409	0.03199	0.08775	0.04325	0.19631	0.07431	0.07495	0.07959	0.02111	0.01719	0.05757	0.00806	0.00222	0.00714	0.00641	0.03622	0.00906

[dist]
# distance from previous block
# <min> <max>
2	33

[block]
# block no. 11 follows, 32 sequences, length 18
# corresponding to MSA columns:
# 1465-1482
name=unknown_L
#
# <colnr> <probs for GDERKNQSTAVLIFYWHMCP>
#	G	D	E	R	K	N	Q	S	T	A	V	L	I	F	Y	W	H	M	C	P
0	0.01338	0.00900	0.01236	0.01424	0.13322	0.00824	0.00896	0.01590	0.01651	0.13419	0.20603	0.13208	0.24251	0.01341	0.00759	0.00221	0.00456	0.01168	0.00634	0.00757
1	0.01747	0.01677	0.07889	0.04471	0.33451	0.01607	0.11155	0.02215	0.04835	0.10402	0.01444	0.01750	0.01126	0.00730	0.00920	0.00221	0.12343	0.00632	0.00398	0.00987
2	0.02157	0.01784	0.01962	0.10332	0.07618	0.06909	0.01363	0.39105	0.16025	0.03320	0.01715	0.01782	0.01264	0.00787	0.00668	0.00207	0.00754	0.00621	0.00581	0.01048
3	0.00927	0.00652	0.00849	0.00906	0.00955	0.00669	0.00615	0.01038	0.01128	0.01530	0.02613	0.26695	0.02961	0.31839	0.19445	0.00617	0.00843	0.04736	0.00475	0.00508
4	0.01129	0.00976	0.01484	0.01323	0.01453	0.01165	0.05775	0.01371	0.01224	0.01779	0.12403	0.02720	0.02181	0.05919	0.36691	0.00671	0.19904	0.00777	0.00402	0.00652
5	0.00915	0.00625	0.00750	0.00809	0.00824	0.00610	0.00489	0.00960	0.01094	0.01458	0.02719	0.31743	0.03203	0.48025	0.02438	0.00506	0.00551	0.01332	0.00489	0.00459
6	0.01941	0.06164	0.05006	0.01859	0.10301	0.28661	0.06466	0.06934	0.01734	0.02073	0.01245	0.03612	0.01055	0.00667	0.00605	0.00168	0.00894	0.00525	0.00381	0.19708
7	0.53526	0.01235	0.01164	0.01029	0.01387	0.01425	0.00840	0.02071	0.04993	0.09738	0.01302	0.01497	0.01016	0.01220	0.09216	0.00318	0.06321	0.00475	0.00456	0.00772
8	0.02059	0.01703	0.01599	0.01357	0.01789	0.14778	0.01064	0.08213	0.31489	0.14116	0.02220	0.02112	0.03142	0.00816	0.00646	0.00196	0.00671	0.00643	0.00608	0.10781
9	0.01029	0.00756	0.00908	0.00816	0.01053	0.00662	0.00620	0.01320	0.01706	0.02455	0.42716	0.04379	0.15067	0.01217	0.00708	0.00190	0.00348	0.01049	0.10006	0.12995
10	0.01398	0.12097	0.64778	0.01823	0.02765	0.01687	0.02323	0.02111	0.01410	0.02061	0.01172	0.01377	0.00851	0.00630	0.00613	0.00204	0.00959	0.00480	0.00284	0.00976
11	0.11889	0.01344	0.01546	0.01214	0.01692	0.01358	0.00998	0.23979	0.02169	0.36280	0.02076	0.01952	0.01393	0.00794	0.00624	0.00201	0.00593	0.00611	0.08245	0.01044
12	0.00899	0.00655	0.00818	0.00913	0.01035	0.00608	0.00683	0.01094	0.01449	0.01913	0.09473	0.36207	0.20246	0.01830	0.00830	0.00258	0.00415	0.15195	0.04903	0.00576
13	0.01824	0.00933	0.01106	0.00958	0.01270	0.00906	0.00754	0.02366	0.12753	0.25179	0.11647	0.02946	0.05728	0.00938	0.00627	0.00195	0.00433	0.00777	0.27802	0.00860
14	0.01035	0.00670	0.00779	0.00761	0.00797	0.00659	0.00454	0.01084	0.01124	0.03686	0.11137	0.04406	0.02918	0.64396	0.02992	0.00580	0.00605	0.00997	0.00463	0.00459
15	0.01649	0.01005	0.01275	0.06210	0.01575	0.00995	0.00892	0.13058	0.01993	0.17444	0.30531	0.10397	0.07773	0.01203	0.00745	0.00216	0.00489	0.01033	0.00698	0.00820
16	0.06001	0.14550	0.06844	0.01251	0.04100	0.05188	0.01065	0.03653	0.01490	0.07475	0.01249	0.01395	0.00996	0.00573	0.00520	0.00139	0.00630	0.00430	0.00406	0.42045
17	0.05644	0.32729	0.02485	0.03703	0.10076	0.01873	0.01187	0.04023	0.08096	0.13339	0.01469	0.01543	0.01141	0.00652	0.00541	0.00170	0.00658	0.00493	0.00445	0.09734

[dist]
# distance from previous block
# <min> <max>
0	31

[block]
# block no. 12 follows, 32 sequences, length 18
# corresponding to MSA columns:
# 1514-1531
name=unknown_M
#
# <colnr> <probs for GDERKNQSTAVLIFYWHMCP>
#	G	D	E	R	K	N	Q	S	T	A	V	L	I	F	Y	W	H	M	C	P
0	0.01404	0.01480	0.10748	0.03489	0.01913	0.01315	0.09107	0.10540	0.13169	0.02333	0.05755	0.21279	0.02419	0.06445	0.01017	0.00266	0.04951	0.01029	0.00526	0.00817
1	0.00826	0.00606	0.00777	0.00893	0.00967	0.00556	0.00609	0.00968	0.01372	0.01815	0.10334	0.60563	0.13279	0.01984	0.00842	0.00261	0.00376	0.01781	0.00633	0.00556
2	0.01263	0.00741	0.00879	0.00806	0.01038	0.00664	0.00618	0.01526	0.01699	0.12805	0.28837	0.04589	0.24925	0.01284	0.00715	0.00205	0.00361	0.01088	0.15270	0.00687
3	0.01078	0.00685	0.00803	0.00777	0.00960	0.00626	0.00581	0.01339	0.01643	0.05886	0.30336	0.10387	0.20691	0.01341	0.00714	0.00206	0.00340	0.01150	0.19826	0.00634
4	0.06189	0.01102	0.01444	0.01202	0.01567	0.01121	0.00977	0.08780	0.01689	0.36837	0.02109	0.02232	0.01532	0.02160	0.23791	0.00486	0.04569	0.00662	0.00620	0.00930
5	0.01633	0.01055	0.05530	0.01019	0.01355	0.00877	0.00860	0.06647	0.01892	0.20985	0.33283	0.03786	0.10138	0.01132	0.00719	0.00207	0.00456	0.00961	0.06649	0.00817
6	0.01267	0.01193	0.02013	0.74806	0.04621	0.01491	0.01863	0.01714	0.01342	0.01714	0.01193	0.01789	0.00894	0.00671	0.00671	0.00224	0.00894	0.00596	0.00298	0.00745
7	0.19770	0.39142	0.09332	0.01259	0.01805	0.11596	0.01207	0.05669	0.01483	0.02101	0.01009	0.01158	0.00845	0.00619	0.00483	0.00171	0.00765	0.00396	0.00343	0.00847
8	0.01662	0.32639	0.14706	0.01579	0.05742	0.02003	0.05594	0.06324	0.13821	0.02192	0.06345	0.01769	0.01488	0.00715	0.00584	0.00186	0.00734	0.00566	0.00416	0.00933
9	0.01635	0.00994	0.01127	0.00903	0.01290	0.00888	0.00716	0.07667	0.01616	0.11490	0.01855	0.02015	0.01413	0.00692	0.00522	0.00147	0.00445	0.00551	0.35776	0.28257
10	0.01093	0.00825	0.01122	0.01074	0.01182	0.00954	0.00809	0.05286	0.01175	0.01662	0.01795	0.02900	0.01766	0.21057	0.48081	0.00872	0.06604	0.00762	0.00384	0.00596
11	0.00928	0.00693	0.00945	0.06455	0.01312	0.00677	0.00780	0.01161	0.01524	0.02055	0.24119	0.35453	0.08201	0.01718	0.00830	0.00253	0.00436	0.11228	0.00633	0.00598
12	0.01617	0.01525	0.02278	0.14300	0.02568	0.01854	0.12451	0.10734	0.10638	0.02209	0.01347	0.01732	0.01092	0.00909	0.01319	0.00250	0.31269	0.00646	0.00401	0.00859
13	0.01052	0.00794	0.01128	0.01094	0.01199	0.00950	0.00854	0.01279	0.01105	0.01660	0.01746	0.02555	0.01620	0.07028	0.54177	0.00864	0.10237	0.00703	0.09344	0.00610
14	0.00908	0.00674	0.00780	0.00760	0.00894	0.00617	0.00529	0.01086	0.01515	0.02011	0.31101	0.05290	0.25996	0.23165	0.01550	0.00343	0.00420	0.01209	0.00606	0.00547
15	0.01830	0.59526	0.07286	0.01473	0.07092	0.09714	0.01308	0.02087	0.01433	0.01662	0.00984	0.01153	0.00876	0.00591	0.00478	0.00155	0.00789	0.00392	0.00296	0.00875
16	0.01185	0.00736	0.00842	0.00865	0.01038	0.00725	0.00649	0.01573	0.07970	0.05572	0.03390	0.22922	0.11941	0.01361	0.00685	0.00219	0.00396	0.06964	0.30307	0.00662
17	0.01828	0.11648	0.13802	0.01609	0.04392	0.01647	0.07325	0.13197	0.09311	0.11354	0.08096	0.03707	0.01760	0.02096	0.00796	0.00217	0.05063	0.00686	0.00517	0.00953

[dist]
# distance from previous block
# <min> <max>
11	44

[block]
# block no. 13 follows, 32 sequences, length 16
# corresponding to MSA columns:
# 1580-1595
name=unknown_N
#
# <colnr> <probs for GDERKNQSTAVLIFYWHMCP>
#	G	D	E	R	K	N	Q	S	T	A	V	L	I	F	Y	W	H	M	C	P
0	0.08505	0.41944	0.02442	0.01101	0.01568	0.01933	0.01008	0.06730	0.01547	0.09225	0.01889	0.05425	0.06522	0.00845	0.00544	0.00180	0.00626	0.04004	0.03121	0.00842
1	0.31356	0.03448	0.04727	0.00975	0.01209	0.01136	0.00787	0.01455	0.01051	0.01987	0.01217	0.01914	0.01148	0.10435	0.06683	0.25067	0.03940	0.00545	0.00356	0.00564
2	0.01353	0.40558	0.07225	0.01010	0.01472	0.01724	0.00981	0.01590	0.01435	0.01713	0.03349	0.03300	0.29920	0.01038	0.00593	0.00182	0.00582	0.00801	0.00424	0.00750
3	0.01476	0.17240	0.33570	0.01603	0.02279	0.01724	0.05178	0.02329	0.17084	0.02137	0.01709	0.07802	0.01428	0.00804	0.00633	0.00208	0.00791	0.00660	0.00405	0.00940
4	0.01468	0.01468	0.02055	0.01762	0.01762	0.02055	0.01468	0.01615	0.01028	0.01615	0.00881	0.01468	0.00881	0.01174	0.02202	0.00294	0.75191	0.00587	0.00294	0.00734
5	0.01082	0.00771	0.00966	0.00885	0.01071	0.00739	0.00672	0.06332	0.01968	0.02795	0.63381	0.04642	0.05729	0.01302	0.00767	0.00208	0.00347	0.01141	0.04532	0.00670
6	0.02551	0.01879	0.02014	0.01544	0.02081	0.02081	0.01275	0.69996	0.03155	0.04229	0.01611	0.01611	0.01141	0.00805	0.00671	0.00201	0.00738	0.00604	0.00671	0.01141
7	0.00969	0.00678	0.00873	0.00873	0.00922	0.00727	0.00583	0.01067	0.01018	0.01406	0.01985	0.03674	0.02128	0.47242	0.32166	0.00825	0.01119	0.00871	0.00387	0.00485
8	0.02054	0.06926	0.05756	0.01244	0.01694	0.01414	0.01063	0.06050	0.28951	0.23916	0.02365	0.02228	0.01691	0.00824	0.00632	0.00204	0.00566	0.00665	0.10744	0.01016
9	0.00994	0.00713	0.00830	0.00796	0.01011	0.00625	0.00609	0.01230	0.01691	0.06288	0.30715	0.05724	0.40274	0.01533	0.00792	0.00223	0.00357	0.04288	0.00678	0.00627
10	0.00943	0.00683	0.00917	0.01059	0.01169	0.00657	0.00835	0.01157	0.01431	0.01864	0.03885	0.37111	0.09762	0.01948	0.00885	0.00286	0.00496	0.33708	0.00620	0.00582
11	0.03666	0.50850	0.03057	0.06736	0.02043	0.04120	0.04178	0.07351	0.01487	0.01862	0.01021	0.01246	0.00891	0.00664	0.00668	0.00175	0.08363	0.00439	0.00326	0.00858
12	0.00894	0.00639	0.00865	0.01013	0.01087	0.00610	0.00748	0.01070	0.01377	0.01828	0.06076	0.54884	0.04348	0.02009	0.00873	0.00280	0.00449	0.19757	0.00626	0.00568
13	0.01989	0.01340	0.02009	0.13474	0.02430	0.02953	0.14090	0.12642	0.01906	0.21733	0.09988	0.02322	0.01865	0.00806	0.00691	0.00208	0.00719	0.00726	0.07187	0.00922
14	0.01314	0.00948	0.01140	0.01014	0.01314	0.00876	0.00767	0.03875	0.10645	0.07698	0.18014	0.22660	0.05888	0.01255	0.00713	0.00203	0.00440	0.01096	0.00621	0.19520
15	0.02251	0.01658	0.01832	0.01466	0.01925	0.01833	0.01210	0.56612	0.02789	0.03746	0.01793	0.02220	0.01427	0.01365	0.08863	0.00308	0.00847	0.06186	0.00632	0.01037

[dist]
# distance from previous block
# <min> <max>
0	1

[block]
# block no. 14 follows, 32 sequences, length 19
# corresponding to MSA columns:
# 1598-1616
name=unknown_O
#
# <colnr> <probs for GDERKNQSTAVLIFYWHMCP>
#	G	D	E	R	K	N	Q	S	T	A	V	L	I	F	Y	W	H	M	C	P
0	0.06864	0.19419	0.02340	0.01469	0.01969	0.10983	0.06048	0.32545	0.02239	0.02958	0.01360	0.01476	0.01045	0.00708	0.00587	0.00184	0.00780	0.00526	0.05544	0.00956
1	0.48314	0.01765	0.09089	0.04686	0.01986	0.08584	0.09649	0.02121	0.01341	0.05459	0.01107	0.01306	0.00835	0.00635	0.00526	0.00208	0.00732	0.00461	0.00397	0.00800
2	0.01666	0.17435	0.10479	0.03051	0.44897	0.01759	0.01843	0.02061	0.01493	0.04010	0.01325	0.01786	0.01136	0.00658	0.00624	0.00194	0.00788	0.03455	0.00344	0.00996
3	0.00962	0.00705	0.01009	0.01009	0.01105	0.00801	0.00752	0.01154	0.01058	0.01506	0.01861	0.02988	0.01830	0.19354	0.59647	0.00993	0.01567	0.00770	0.00369	0.00560
4	0.00845	0.00612	0.00802	0.00925	0.00996	0.00569	0.00643	0.00998	0.01382	0.01840	0.11079	0.59645	0.09288	0.01983	0.00849	0.00265	0.00392	0.05690	0.00635	0.00560
5	0.01572	0.00783	0.01054	0.01012	0.01226	0.00703	0.00747	0.01758	0.01564	0.25788	0.10518	0.43625	0.03699	0.01596	0.00788	0.00244	0.00443	0.01418	0.00705	0.00756
6	0.02354	0.00980	0.01320	0.01089	0.01476	0.00861	0.00867	0.02600	0.01798	0.50516	0.10969	0.14158	0.02650	0.01092	0.00709	0.00216	0.00502	0.00930	0.03947	0.00968
7	0.02780	0.01083	0.01475	0.01167	0.01635	0.00940	0.00948	0.03024	0.01854	0.65228	0.02758	0.10039	0.01953	0.00964	0.00694	0.00214	0.00552	0.00804	0.00809	0.01079
8	0.01669	0.01441	0.01517	0.01365	0.01745	0.01669	0.01062	0.03565	0.71021	0.02807	0.02731	0.02503	0.02048	0.00910	0.00683	0.00228	0.00531	0.00759	0.00683	0.01062
