[name]
unknown

[dist]
# distance from previous block
# <min> <max>
0	99

[block]
# block no. 0 follows, 39 sequences, length 14
# corresponding to MSA columns:
# 138-151
name=unknown_A
#
# <colnr> <probs for GDERKNQSTAVLIFYWHMCP>
#	G	D	E	R	K	N	Q	S	T	A	V	L	I	F	Y	W	H	M	C	P
0	0.00803	0.00554	0.00729	0.00842	0.00913	0.00515	0.00594	0.00931	0.01190	0.03840	0.03420	0.63385	0.09068	0.01769	0.00752	0.00239	0.00366	0.09031	0.00554	0.00505
1	0.01117	0.01051	0.01774	0.77795	0.04073	0.01314	0.01642	0.01511	0.01182	0.01511	0.01051	0.01577	0.00788	0.00591	0.00591	0.00197	0.00788	0.00526	0.00263	0.00657
2	0.01456	0.01308	0.02129	0.19508	0.39883	0.01393	0.05975	0.06313	0.05521	0.04377	0.01247	0.01568	0.00982	0.00593	0.00632	0.00185	0.03048	0.00548	0.02480	0.00854
3	0.01539	0.14927	0.07666	0.21033	0.06358	0.01590	0.18050	0.11022	0.01481	0.07044	0.01178	0.01447	0.00887	0.00586	0.00611	0.00182	0.02722	0.00529	0.00345	0.00805
4	0.00754	0.00612	0.00676	0.00689	0.00872	0.00533	0.00536	0.00939	0.01394	0.01726	0.14868	0.05662	0.55574	0.01479	0.00716	0.00208	0.00332	0.11356	0.00562	0.00514
5	0.10156	0.09402	0.03787	0.22933	0.09711	0.03753	0.01221	0.02119	0.03754	0.25358	0.01458	0.01570	0.01031	0.00623	0.00544	0.00180	0.00640	0.00502	0.00437	0.00821
6	0.07912	0.01281	0.01564	0.01342	0.05926	0.01340	0.02709	0.25694	0.08636	0.28264	0.01812	0.04848	0.01316	0.00759	0.00640	0.00188	0.03650	0.00602	0.00586	0.00929
7	0.01543	0.01200	0.03990	0.15546	0.14154	0.01209	0.04080	0.10469	0.10666	0.13388	0.10831	0.05485	0.01853	0.00790	0.00620	0.00191	0.00598	0.02076	0.00487	0.00822
8	0.00718	0.00525	0.00676	0.00797	0.00851	0.00483	0.00537	0.00826	0.01158	0.01520	0.03587	0.70072	0.12459	0.01810	0.00748	0.00235	0.00338	0.01629	0.00549	0.00483
9	0.04376	0.01321	0.05080	0.25768	0.36903	0.01338	0.03759	0.04465	0.01348	0.04260	0.01236	0.01754	0.01016	0.00617	0.00594	0.00189	0.00719	0.04113	0.00323	0.00819
10	0.04628	0.04840	0.04255	0.01530	0.05987	0.03744	0.13732	0.09501	0.08353	0.29298	0.03801	0.01771	0.01308	0.00684	0.00649	0.00186	0.03729	0.00587	0.00522	0.00895
11	0.00974	0.00626	0.00830	0.00899	0.01016	0.00598	0.00672	0.01179	0.03346	0.08512	0.05450	0.46355	0.06969	0.01745	0.03871	0.00266	0.00448	0.15124	0.00560	0.00560
12	0.06868	0.07760	0.10043	0.01158	0.01631	0.01389	0.01040	0.20805	0.12803	0.07786	0.01462	0.01576	0.01120	0.03473	0.03257	0.00203	0.00614	0.00497	0.00460	0.16055
13	0.01654	0.18195	0.04319	0.07673	0.06783	0.03320	0.03449	0.01964	0.03677	0.18080	0.01372	0.03251	0.01067	0.00622	0.00586	0.00157	0.04517	0.00488	0.00404	0.18421

[dist]
# distance from previous block
# <min> <max>
0	5

[block]
# block no. 1 follows, 39 sequences, length 23
# corresponding to MSA columns:
# 157-179
name=unknown_B
#
# <colnr> <probs for GDERKNQSTAVLIFYWHMCP>
#	G	D	E	R	K	N	Q	S	T	A	V	L	I	F	Y	W	H	M	C	P
0	0.03723	0.11427	0.15382	0.02672	0.01888	0.05121	0.07507	0.11732	0.04105	0.13506	0.06233	0.01616	0.01275	0.00663	0.00621	0.00173	0.04358	0.00525	0.00428	0.07045
1	0.01507	0.07060	0.25452	0.03236	0.05151	0.04048	0.01353	0.05499	0.07524	0.14050	0.05370	0.01787	0.01346	0.01252	0.12459	0.00300	0.00828	0.00547	0.00411	0.00820
2	0.00781	0.00608	0.00755	0.04511	0.01020	0.00563	0.00589	0.00981	0.01401	0.01839	0.28032	0.21231	0.29500	0.01442	0.00711	0.00207	0.00337	0.04398	0.00569	0.00524
3	0.06246	0.04491	0.03334	0.04172	0.01658	0.01161	0.05635	0.05633	0.10013	0.29811	0.06058	0.05253	0.01747	0.00852	0.00699	0.00198	0.05824	0.05825	0.00554	0.00834
4	0.01892	0.01727	0.23030	0.05269	0.04756	0.04359	0.01338	0.08418	0.03585	0.31426	0.05673	0.03005	0.01404	0.00706	0.00590	0.00184	0.00653	0.00573	0.00511	0.00900
5	0.05543	0.01627	0.13473	0.01880	0.02452	0.01317	0.38301	0.04725	0.01451	0.17591	0.01423	0.01627	0.01012	0.00736	0.03906	0.00225	0.00861	0.00611	0.00398	0.00842
6	0.02274	0.01614	0.01749	0.01341	0.01813	0.01771	0.01107	0.68948	0.02710	0.08435	0.01479	0.01458	0.01036	0.00711	0.00592	0.00178	0.00641	0.00536	0.00601	0.01006
7	0.01721	0.05968	0.11364	0.05874	0.08330	0.06695	0.14023	0.12114	0.01598	0.15328	0.02854	0.03456	0.02789	0.00693	0.00643	0.01221	0.02205	0.00589	0.01699	0.00836
8	0.01803	0.01114	0.01628	0.11678	0.03603	0.03061	0.10879	0.08960	0.01576	0.29191	0.02087	0.10541	0.04665	0.00826	0.00618	0.00190	0.00603	0.00733	0.05434	0.00813
9	0.00855	0.00587	0.00746	0.00767	0.00890	0.00533	0.00552	0.01041	0.01407	0.05414	0.32054	0.34050	0.15917	0.01488	0.00716	0.00210	0.00318	0.01318	0.00598	0.00539
10	0.01698	0.00959	0.04055	0.04650	0.01424	0.00864	0.02732	0.02036	0.09065	0.31488	0.05240	0.06363	0.02949	0.11764	0.01081	0.07203	0.00519	0.00711	0.04459	0.00743
11	0.07792	0.10758	0.27064	0.06490	0.02169	0.06389	0.06702	0.08821	0.01453	0.09961	0.01186	0.01325	0.00866	0.00579	0.00535	0.00171	0.00742	0.00456	0.00358	0.06182
12	0.01412	0.01329	0.01877	0.32465	0.12572	0.06737	0.02772	0.05187	0.01262	0.04617	0.01043	0.01455	0.00843	0.00721	0.00976	0.00207	0.22974	0.00520	0.00304	0.00727
13	0.00829	0.00570	0.00721	0.00778	0.00882	0.00516	0.00547	0.00978	0.01295	0.05223	0.16419	0.48157	0.17651	0.01618	0.00726	0.00220	0.00331	0.01439	0.00576	0.00523
14	0.01149	0.00841	0.01055	0.01084	0.07133	0.04338	0.04230	0.03045	0.01328	0.05961	0.13019	0.13343	0.09180	0.11554	0.01000	0.03524	0.00467	0.00885	0.16278	0.00587
15	0.05244	0.05186	0.06542	0.01515	0.06382	0.07874	0.11876	0.06274	0.09067	0.29473	0.01701	0.01686	0.01186	0.00650	0.00579	0.00180	0.00665	0.00556	0.02476	0.00890
16	0.00878	0.00647	0.00822	0.00882	0.00963	0.00654	0.00629	0.03894	0.04710	0.01666	0.06543	0.50521	0.06620	0.05856	0.00965	0.03425	0.03218	0.06060	0.00526	0.00523
17	0.01371	0.08743	0.10864	0.01034	0.01588	0.01089	0.00953	0.04761	0.04806	0.05149	0.01166	0.01292	0.00924	0.00502	0.00469	0.00117	0.00524	0.00391	0.00367	0.53889
18	0.01447	0.10863	0.21378	0.04732	0.01910	0.01180	0.09585	0.01825	0.01383	0.16404	0.09255	0.08035	0.04841	0.00794	0.00593	0.00184	0.00634	0.00688	0.03492	0.00777
19	0.00939	0.00607	0.00805	0.00796	0.00867	0.00631	0.00552	0.01020	0.00986	0.04653	0.05376	0.07164	0.03859	0.32021	0.28380	0.08826	0.00884	0.00799	0.00379	0.00456
20	0.01465	0.01269	0.04126	0.25269	0.09400	0.01272	0.19913	0.05821	0.03924	0.11552	0.06723	0.01943	0.03283	0.00661	0.00629	0.00192	0.00732	0.00640	0.00400	0.00787
21	0.05883	0.07803	0.05578	0.16708	0.08225	0.06415	0.11301	0.10894	0.11709	0.03683	0.01332	0.01607	0.01036	0.00646	0.00622	0.00187	0.03263	0.01920	0.00381	0.00806
22	0.02326	0.01098	0.01459	0.01124	0.01553	0.01036	0.04780	0.15173	0.01815	0.50201	0.02061	0.01908	0.01358	0.00710	0.00578	0.00177	0.00528	0.00584	0.10591	0.00940

[dist]
# distance from previous block
# <min> <max>
0	6

[block]
# block no. 2 follows, 39 sequences, length 12
# corresponding to MSA columns:
# 186-197
name=unknown_C
#
# <colnr> <probs for GDERKNQSTAVLIFYWHMCP>
#	G	D	E	R	K	N	Q	S	T	A	V	L	I	F	Y	W	H	M	C	P
0	0.03813	0.01349	0.04948	0.18493	0.18503	0.01393	0.04864	0.10482	0.18185	0.07195	0.01569	0.01834	0.01205	0.00674	0.00597	0.00192	0.00658	0.02758	0.00430	0.00859
1	0.12304	0.01196	0.01350	0.04308	0.01583	0.01267	0.00909	0.21634	0.13201	0.24919	0.03909	0.01815	0.01383	0.00718	0.00555	0.00182	0.00520	0.00562	0.06797	0.00887
2	0.00802	0.00595	0.00739	0.00717	0.00855	0.00541	0.00528	0.01031	0.01536	0.02105	0.53241	0.10194	0.18977	0.04547	0.00798	0.00209	0.00300	0.01141	0.00611	0.00532
3	0.18449	0.01245	0.01297	0.01052	0.01429	0.01350	0.00853	0.31729	0.06965	0.13310	0.01582	0.01660	0.01163	0.03498	0.00609	0.00190	0.00524	0.00522	0.11731	0.00842
4	0.01085	0.00631	0.00777	0.00738	0.00902	0.00579	0.00547	0.01303	0.01442	0.11437	0.30745	0.14376	0.11873	0.05153	0.00759	0.00206	0.00333	0.01011	0.15514	0.00586
5	0.00849	0.00618	0.00869	0.00869	0.00946	0.00695	0.00638	0.01004	0.00926	0.01313	0.01658	0.02735	0.01657	0.24365	0.57188	0.00850	0.01315	0.00694	0.00328	0.00483
6	0.00965	0.00573	0.00754	0.00830	0.00919	0.00529	0.00576	0.01094	0.01203	0.09936	0.03063	0.64865	0.03470	0.01646	0.00713	0.00227	0.00356	0.01480	0.06258	0.00544
7	0.02108	0.01685	0.10545	0.01327	0.01813	0.04982	0.01186	0.38601	0.02127	0.19201	0.01502	0.01498	0.01046	0.00699	0.00656	0.00179	0.05094	0.00519	0.00539	0.04694
8	0.00927	0.00662	0.00923	0.01059	0.01184	0.00658	0.00907	0.01180	0.01336	0.01741	0.03146	0.14793	0.03461	0.01658	0.00810	0.00269	0.00522	0.63683	0.00545	0.00537
9	0.10648	0.01210	0.06079	0.01131	0.06692	0.00939	0.00886	0.01719	0.01263	0.10210	0.01173	0.01302	0.00911	0.00497	0.00466	0.00122	0.00494	0.00392	0.00384	0.53484
10	0.06452	0.04270	0.01970	0.05239	0.19815	0.09363	0.07423	0.06682	0.06634	0.13397	0.01322	0.01502	0.01010	0.00671	0.00762	0.00189	0.11533	0.00526	0.00400	0.00838
11	0.14871	0.02505	0.53916	0.01573	0.05755	0.01359	0.01798	0.05142	0.01284	0.02103	0.01072	0.01254	0.00780	0.00569	0.00526	0.00184	0.00765	0.00431	0.03281	0.00833

[dist]
# distance from previous block
# <min> <max>
1	2

[block]
# block no. 3 follows, 39 sequences, length 6
# corresponding to MSA columns:
# 200-205
name=unknown_D
#
# <colnr> <probs for GDERKNQSTAVLIFYWHMCP>
#	G	D	E	R	K	N	Q	S	T	A	V	L	I	F	Y	W	H	M	C	P
0	0.05458	0.06098	0.02134	0.03786	0.05446	0.04542	0.19812	0.13230	0.03500	0.15300	0.01433	0.03852	0.01094	0.00663	0.00674	0.00182	0.05573	0.00583	0.00437	0.06205
1	0.01471	0.01270	0.01337	0.01203	0.01538	0.01471	0.00936	0.03142	0.74459	0.02474	0.02407	0.02206	0.01805	0.00802	0.00602	0.00201	0.00468	0.00669	0.00602	0.00936
2	0.01521	0.15552	0.04716	0.16554	0.03824	0.01445	0.03153	0.15587	0.05722	0.07658	0.01596	0.03807	0.03020	0.07255	0.03092	0.00236	0.00675	0.03406	0.00415	0.00764
3	0.11568	0.10488	0.07838	0.03048	0.04130	0.03159	0.02766	0.06052	0.07979	0.14474	0.01444	0.04437	0.01129	0.00635	0.00512	0.00159	0.00568	0.00501	0.00434	0.18678
4	0.01171	0.05820	0.00976	0.00832	0.01038	0.00701	0.00642	0.01336	0.01345	0.16220	0.06461	0.29930	0.23659	0.01403	0.00685	0.00210	0.00392	0.05994	0.00569	0.00615
5	0.00779	0.00554	0.00706	0.00789	0.00874	0.00515	0.00562	0.00941	0.01270	0.01725	0.15233	0.47948	0.12024	0.01617	0.00723	0.00223	0.00339	0.06954	0.05719	0.00505

[dist]
# distance from previous block
# <min> <max>
6	14

[block]
# block no. 4 follows, 39 sequences, length 12
# corresponding to MSA columns:
# 220-231
name=unknown_E
#
# <colnr> <probs for GDERKNQSTAVLIFYWHMCP>
#	G	D	E	R	K	N	Q	S	T	A	V	L	I	F	Y	W	H	M	C	P
0	0.36111	0.03469	0.07552	0.07214	0.09941	0.16095	0.03095	0.01942	0.01268	0.06917	0.01018	0.01193	0.00781	0.00572	0.00480	0.00177	0.00684	0.00408	0.00348	0.00733
1	0.01430	0.01370	0.02339	0.10931	0.68494	0.01396	0.01798	0.01785	0.01330	0.01891	0.01106	0.01475	0.00922	0.00533	0.00586	0.00178	0.00711	0.00527	0.00290	0.00909
2	0.01443	0.06473	0.06053	0.18399	0.21843	0.01456	0.05760	0.05977	0.14151	0.04471	0.01380	0.01614	0.01066	0.00632	0.00634	0.00186	0.03984	0.00546	0.03096	0.00834
3	0.00793	0.00585	0.00742	0.00741	0.00866	0.00533	0.00541	0.01017	0.01514	0.02081	0.50305	0.20417	0.14902	0.01386	0.00710	0.00199	0.00295	0.01224	0.00615	0.00533
4	0.00844	0.00607	0.00831	0.00837	0.00902	0.00669	0.00597	0.00976	0.00928	0.01300	0.01763	0.06592	0.01832	0.30484	0.47311	0.00784	0.01170	0.00764	0.00343	0.00466
5	0.00824	0.00604	0.00776	0.00754	0.00894	0.00555	0.00570	0.01081	0.01595	0.02214	0.60326	0.08568	0.12272	0.01296	0.00708	0.00195	0.00300	0.05292	0.00629	0.00547
6	0.01226	0.01051	0.01226	0.00876	0.01401	0.00788	0.00701	0.01489	0.01226	0.01927	0.01051	0.01226	0.00876	0.00438	0.00438	0.00088	0.00438	0.00350	0.00350	0.82832
7	0.01341	0.01391	0.05754	0.25855	0.44859	0.01383	0.07373	0.01732	0.01296	0.01799	0.01098	0.01498	0.00880	0.00546	0.00595	0.00185	0.00760	0.00536	0.00282	0.00838
8	0.00808	0.00600	0.00716	0.00687	0.00846	0.00539	0.00515	0.01046	0.01546	0.02117	0.49182	0.04699	0.27469	0.01272	0.00682	0.00188	0.00285	0.01097	0.05166	0.00539
9	0.27043	0.01076	0.05377	0.00926	0.01224	0.01062	0.00772	0.01787	0.19429	0.02204	0.06605	0.12779	0.12923	0.01006	0.00573	0.00201	0.00439	0.03406	0.00492	0.00677
10	0.44444	0.01151	0.01189	0.06102	0.07541	0.01283	0.00874	0.13146	0.01369	0.04812	0.01339	0.11859	0.01208	0.00761	0.00495	0.00190	0.00516	0.00580	0.00426	0.00714
11	0.03558	0.18362	0.01868	0.11976	0.08691	0.12441	0.02466	0.01787	0.01366	0.08173	0.05783	0.01803	0.05088	0.00660	0.00527	0.00157	0.00648	0.01793	0.00369	0.12482

[dist]
# distance from previous block
# <min> <max>
0	3

[block]
# block no. 5 follows, 39 sequences, length 10
# corresponding to MSA columns:
# 235-244
name=unknown_F
#
# <colnr> <probs for GDERKNQSTAVLIFYWHMCP>
#	G	D	E	R	K	N	Q	S	T	A	V	L	I	F	Y	W	H	M	C	P
0	0.04779	0.09427	0.21505	0.10681	0.03806	0.01242	0.01262	0.07300	0.01394	0.12370	0.01427	0.01639	0.01067	0.02969	0.00591	0.00182	0.00623	0.00498	0.16461	0.00778
1	0.01606	0.62097	0.11627	0.01129	0.01676	0.02171	0.01163	0.09516	0.01377	0.01700	0.00915	0.01035	0.00784	0.00535	0.00424	0.00139	0.00663	0.00354	0.00289	0.00799
2	0.00903	0.00642	0.00879	0.01005	0.01112	0.00635	0.00832	0.01122	0.01280	0.01673	0.03055	0.19794	0.03399	0.07771	0.00978	0.00290	0.00510	0.53073	0.00531	0.00518
3	0.06784	0.08674	0.21645	0.12739	0.09323	0.01251	0.04036	0.01664	0.02857	0.04181	0.13319	0.03478	0.01778	0.03070	0.00651	0.00197	0.00654	0.02588	0.00371	0.00741
4	0.00865	0.00619	0.00851	0.00975	0.01076	0.00604	0.00788	0.01080	0.01304	0.01721	0.08057	0.31240	0.03725	0.01680	0.00788	0.00255	0.00458	0.42838	0.00553	0.00523
5	0.00782	0.00579	0.00733	0.00767	0.00873	0.00531	0.00542	0.00950	0.01312	0.01781	0.25757	0.37274	0.13487	0.05283	0.03586	0.00254	0.00376	0.01314	0.00557	0.03263
6	0.01280	0.01502	0.11073	0.23241	0.08996	0.01387	0.20310	0.01798	0.06997	0.01794	0.01177	0.01527	0.00911	0.00601	0.00723	0.00191	0.07714	0.00555	0.00307	0.07913
7	0.01265	0.00704	0.00895	0.00817	0.01027	0.00646	0.00622	0.01545	0.04224	0.19067	0.33465	0.15075	0.10422	0.01174	0.00660	0.00192	0.00349	0.01020	0.06173	0.00657
8	0.03856	0.19780	0.08935	0.04795	0.01751	0.03493	0.08080	0.07629	0.02630	0.05370	0.07853	0.06436	0.03375	0.03878	0.00649	0.00184	0.00620	0.01881	0.00396	0.08408
9	0.01884	0.03857	0.01686	0.04125	0.04148	0.01640	0.01090	0.49056	0.07487	0.03094	0.05602	0.04124	0.03508	0.00803	0.00675	0.00186	0.04970	0.00619	0.00542	0.00903

[dist]
# distance from previous block
# <min> <max>
2	49

[block]
# block no. 6 follows, 39 sequences, length 9
# corresponding to MSA columns:
# 294-302
name=unknown_G
#
# <colnr> <probs for GDERKNQSTAVLIFYWHMCP>
#	G	D	E	R	K	N	Q	S	T	A	V	L	I	F	Y	W	H	M	C	P
0	0.00832	0.00746	0.03699	0.00838	0.00994	0.00683	0.00671	0.01033	0.01309	0.01745	0.21297	0.13777	0.27985	0.03859	0.08277	0.00292	0.06704	0.04208	0.00511	0.00538
1	0.01730	0.18067	0.09044	0.10288	0.06421	0.03554	0.09096	0.07321	0.07513	0.16952	0.01411	0.01516	0.01035	0.00624	0.00593	0.00177	0.02878	0.00514	0.00413	0.00850
2	0.12084	0.04704	0.01571	0.12986	0.03256	0.03729	0.03025	0.23039	0.07540	0.09966	0.03518	0.04471	0.01341	0.00748	0.00568	0.00186	0.00606	0.03287	0.02561	0.00813
3	0.00898	0.00547	0.00690	0.00706	0.00710	0.00543	0.00431	0.00827	0.00862	0.01150	0.01752	0.11814	0.01988	0.45255	0.02524	0.27247	0.00527	0.00842	0.00347	0.00339
4	0.01325	0.07487	0.04884	0.00958	0.01495	0.01013	0.00824	0.06599	0.01335	0.02008	0.01059	0.01219	0.00870	0.00468	0.00450	0.00102	0.00489	0.00364	0.00355	0.66696
5	0.01260	0.01168	0.01949	0.14919	0.48587	0.01202	0.01525	0.01575	0.01303	0.01821	0.05192	0.13774	0.01615	0.00780	0.00619	0.00190	0.00638	0.00735	0.00346	0.00801
6	0.01799	0.20407	0.01862	0.01204	0.01562	0.22965	0.00981	0.20056	0.06024	0.02126	0.07583	0.01708	0.01410	0.06980	0.00728	0.00192	0.00715	0.00518	0.00416	0.00761
7	0.01648	0.01476	0.02238	0.03176	0.61255	0.06472	0.01661	0.04785	0.01455	0.08345	0.01216	0.01482	0.00973	0.00557	0.00583	0.00175	0.00708	0.00523	0.00343	0.00929
8	0.01099	0.00621	0.00864	0.00838	0.00888	0.00641	0.00584	0.07063	0.00981	0.01317	0.01251	0.07006	0.01252	0.02093	0.07303	0.64343	0.00589	0.00603	0.00310	0.00355

[dist]
# distance from previous block
# <min> <max>
0	10

[block]
# block no. 7 follows, 39 sequences, length 9
# corresponding to MSA columns:
# 313-321
name=unknown_H
#
# <colnr> <probs for GDERKNQSTAVLIFYWHMCP>
#	G	D	E	R	K	N	Q	S	T	A	V	L	I	F	Y	W	H	M	C	P
0	0.34485	0.01556	0.01756	0.01589	0.09991	0.10757	0.13051	0.16108	0.01544	0.02511	0.01047	0.01227	0.00804	0.00577	0.00511	0.00180	0.00688	0.00456	0.00384	0.00778
1	0.00757	0.00662	0.00763	0.11342	0.01254	0.00613	0.00615	0.00941	0.01325	0.01586	0.05303	0.05119	0.64921	0.01372	0.00684	0.00199	0.00368	0.01148	0.00509	0.00521
2	0.01230	0.01017	0.01175	0.00870	0.01319	0.00815	0.00676	0.05278	0.01259	0.01915	0.01184	0.01605	0.01060	0.11415	0.00804	0.00160	0.00468	0.00431	0.00364	0.66954
3	0.01256	0.19326	0.44999	0.01450	0.02078	0.01588	0.01693	0.01722	0.01197	0.01688	0.01289	0.01477	0.05579	0.00676	0.00723	0.00185	0.11536	0.00474	0.00271	0.00793
4	0.01196	0.01011	0.01178	0.00857	0.01338	0.00770	0.00672	0.01436	0.01196	0.01862	0.01119	0.01447	0.00982	0.07024	0.00653	0.00128	0.00449	0.00393	0.00351	0.75937
5	0.01491	0.01161	0.01333	0.01035	0.01455	0.01105	0.00828	0.19435	0.07744	0.04286	0.06143	0.03840	0.01395	0.00714	0.00638	0.03252	0.02941	0.00525	0.00460	0.40220
6	0.01061	0.00984	0.08032	0.02416	0.01239	0.03100	0.00799	0.02852	0.03308	0.06324	0.14097	0.29782	0.06438	0.04394	0.05684	0.00261	0.00528	0.01059	0.00499	0.07142
7	0.03472	0.15848	0.20020	0.01151	0.01558	0.02792	0.01131	0.04163	0.04737	0.04082	0.03800	0.22847	0.01880	0.03019	0.00692	0.00199	0.03381	0.00802	0.00400	0.04024
8	0.01326	0.06202	0.04526	0.01192	0.01488	0.02528	0.06940	0.05517	0.15204	0.07413	0.03628	0.18872	0.03534	0.03236	0.04651	0.00247	0.05746	0.02150	0.00473	0.05128

[dist]
# distance from previous block
# <min> <max>
0	34

[block]
# block no. 8 follows, 39 sequences, length 23
# corresponding to MSA columns:
# 358-380
name=unknown_I
#
# <colnr> <probs for GDERKNQSTAVLIFYWHMCP>
#	G	D	E	R	K	N	Q	S	T	A	V	L	I	F	Y	W	H	M	C	P
0	0.10218	0.13350	0.04328	0.02724	0.04651	0.01368	0.10591	0.06107	0.11482	0.07049	0.06653	0.05564	0.01552	0.04217	0.00685	0.00195	0.01920	0.00617	0.02033	0.04696
1	0.11477	0.05590	0.18623	0.01136	0.01653	0.01194	0.01114	0.08483	0.06099	0.13155	0.04225	0.04676	0.01283	0.00666	0.00525	0.00165	0.00569	0.00523	0.01940	0.16902
2	0.29652	0.10787	0.01323	0.02316	0.01337	0.06910	0.00787	0.07378	0.03992	0.08494	0.03078	0.11583	0.01399	0.00775	0.00494	0.00176	0.00521	0.00589	0.04366	0.04044
3	0.01440	0.47528	0.09010	0.01058	0.01530	0.01798	0.01029	0.01833	0.08851	0.03482	0.04552	0.06756	0.01329	0.00668	0.00469	0.00149	0.00583	0.00502	0.00347	0.07088
4	0.00760	0.00596	0.00697	0.00713	0.00864	0.00520	0.00516	0.00928	0.01344	0.01751	0.19636	0.27987	0.34657	0.01496	0.00704	0.00204	0.00315	0.01302	0.00561	0.04449
5	0.07581	0.62003	0.10544	0.01082	0.01615	0.02140	0.01113	0.05255	0.01269	0.01648	0.00876	0.01004	0.00761	0.00525	0.00408	0.00139	0.00646	0.00340	0.00277	0.00774
6	0.00760	0.00547	0.00711	0.00783	0.00853	0.00508	0.00539	0.00911	0.01287	0.01749	0.24307	0.50672	0.07349	0.05101	0.00836	0.00238	0.00333	0.01448	0.00570	0.00498
7	0.00785	0.00591	0.00727	0.00731	0.00869	0.00534	0.00542	0.00999	0.01485	0.01997	0.41855	0.17000	0.24232	0.01409	0.00712	0.00202	0.00305	0.03893	0.00603	0.00529
8	0.00739	0.00561	0.00667	0.00722	0.00826	0.00504	0.00502	0.00875	0.01264	0.01634	0.14061	0.37726	0.28980	0.07051	0.00885	0.00242	0.00335	0.01388	0.00550	0.00489
9	0.00893	0.00664	0.00845	0.00845	0.00984	0.00651	0.00639	0.01281	0.09000	0.02151	0.46007	0.18556	0.04632	0.01337	0.00712	0.00207	0.00340	0.09060	0.00615	0.00581
10	0.01226	0.01051	0.01226	0.00876	0.01401	0.00788	0.00701	0.01489	0.01226	0.01927	0.01051	0.01226	0.00876	0.00438	0.00438	0.00088	0.00438	0.00350	0.00350	0.82832
11	0.76015	0.01131	0.00915	0.00803	0.01177	0.01285	0.00661	0.01843	0.01069	0.09351	0.00961	0.01057	0.00716	0.00566	0.00387	0.00183	0.00462	0.00345	0.00399	0.00674
12	0.00820	0.00584	0.00762	0.00755	0.00872	0.00542	0.00552	0.01063	0.01548	0.02187	0.58092	0.19856	0.05114	0.01328	0.00701	0.00196	0.00292	0.01182	0.03011	0.00542
13	0.05714	0.01012	0.01353	0.01042	0.01496	0.00887	0.00861	0.02839	0.01667	0.73159	0.02276	0.01973	0.01433	0.00725	0.00586	0.00183	0.00501	0.00584	0.00718	0.00993
14	0.00847	0.00568	0.00649	0.00661	0.00664	0.00565	0.00376	0.00857	0.00885	0.01180	0.01991	0.10721	0.02311	0.72146	0.02804	0.00543	0.00552	0.00935	0.00376	0.00369
15	0.01573	0.74096	0.02976	0.01025	0.01519	0.02279	0.01007	0.01867	0.06325	0.01467	0.00933	0.01037	0.00832	0.00527	0.00395	0.00132	0.00621	0.00341	0.00277	0.00771
16	0.03406	0.01289	0.03239	0.28527	0.05179	0.04369	0.01247	0.11973	0.09407	0.12608	0.01417	0.01594	0.01034	0.00640	0.00598	0.00179	0.02411	0.00520	0.00426	0.09936
17	0.03157	0.06816	0.01907	0.26961	0.12701	0.07314	0.05475	0.08131	0.09493	0.01892	0.01323	0.04976	0.01106	0.02311	0.00686	0.00196	0.03861	0.00580	0.00355	0.00760
18	0.42304	0.00929	0.00800	0.02452	0.01056	0.02811	0.00594	0.01624	0.01146	0.05171	0.01391	0.04033	0.01120	0.00654	0.00415	0.00167	0.00408	0.00470	0.31838	0.00616
19	0.28621	0.03635	0.01483	0.04082	0.03886	0.32428	0.04418	0.01948	0.01322	0.03304	0.00996	0.01307	0.00846	0.06093	0.00707	0.00200	0.03300	0.00426	0.00332	0.00667
20	0.01117	0.01051	0.01774	0.77795	0.04073	0.01314	0.01642	0.01511	0.01182	0.01511	0.01051	0.01577	0.00788	0.00591	0.00591	0.00197	0.00788	0.00526	0.00263	0.00657
21	0.00745	0.00528	0.00690	0.00816	0.00867	0.00493	0.00559	0.00864	0.01157	0.01551	0.03327	0.69325	0.06984	0.01784	0.00743	0.00236	0.00348	0.04967	0.03530	0.00487
22	0.83394	0.01144	0.00869	0.00778	0.01144	0.01327	0.00640	0.01738	0.01006	0.02653	0.00823	0.00961	0.00640	0.00549	0.00366	0.00183	0.00457	0.00320	0.00366	0.00640

[dist]
# distance from previous block
# <min> <max>
0	4

[block]
# block no. 9 follows, 39 sequences, length 13
# corresponding to MSA columns:
# 385-390,408-414
name=unknown_J
#
# <colnr> <probs for GDERKNQSTAVLIFYWHMCP>
#	G	D	E	R	K	N	Q	S	T	A	V	L	I	F	Y	W	H	M	C	P
0	0.01333	0.01409	0.02451	0.01911	0.02138	0.01691	0.28752	0.01603	0.01092	0.01603	0.00936	0.01409	0.00822	0.00831	0.01467	0.00236	0.48752	0.00586	0.00274	0.00704
1	0.83394	0.01144	0.00869	0.00778	0.01144	0.01327	0.00640	0.01738	0.01006	0.02653	0.00823	0.00961	0.00640	0.00549	0.00366	0.00183	0.00457	0.00320	0.00366	0.00640
2	0.01560	0.01305	0.02184	0.13992	0.56140	0.01326	0.01674	0.01902	0.01365	0.10969	0.01254	0.01547	0.00980	0.00561	0.00587	0.00180	0.00690	0.00535	0.00342	0.00905
3	0.83394	0.01144	0.00869	0.00778	0.01144	0.01327	0.00640	0.01738	0.01006	0.02653	0.00823	0.00961	0.00640	0.00549	0.00366	0.00183	0.00457	0.00320	0.00366	0.00640
4	0.00883	0.00673	0.00959	0.00939	0.01016	0.00791	0.00710	0.01047	0.00930	0.01334	0.01574	0.02537	0.01551	0.18375	0.57028	0.00825	0.07334	0.00668	0.00320	0.00505
5	0.00845	0.00634	0.00950	0.00950	0.01056	0.00739	0.00739	0.01056	0.00950	0.01373	0.01584	0.02323	0.01478	0.04435	0.76873	0.00950	0.01584	0.00634	0.00317	0.00528
6	0.01581	0.79572	0.03099	0.01012	0.01518	0.02340	0.01012	0.01771	0.01202	0.01391	0.00822	0.00949	0.00759	0.00506	0.00379	0.00126	0.00632	0.00316	0.00253	0.00759
7	0.01685	0.01117	0.01422	0.23659	0.02176	0.01234	0.01071	0.22761	0.04661	0.13384	0.01601	0.01762	0.01156	0.00677	0.00552	0.00176	0.00578	0.00549	0.18980	0.00798
8	0.00879	0.00573	0.00694	0.00694	0.00705	0.00584	0.00419	0.00870	0.00859	0.01157	0.01730	0.03446	0.01939	0.61563	0.10992	0.10722	0.00676	0.00793	0.00341	0.00364
9	0.00748	0.00543	0.00661	0.00744	0.00800	0.00504	0.00489	0.00836	0.01111	0.01445	0.03440	0.49157	0.16300	0.18901	0.01244	0.00307	0.00386	0.01422	0.00507	0.00457
10	0.01589	0.03916	0.25299	0.15148	0.06383	0.01315	0.06866	0.07881	0.01465	0.16834	0.01439	0.01753	0.01065	0.00666	0.00626	0.00192	0.02546	0.03774	0.00397	0.00847
11	0.01321	0.01184	0.01867	0.49600	0.19046	0.01370	0.01568	0.10409	0.01402	0.01861	0.01140	0.01618	0.00897	0.03488	0.00679	0.00204	0.00745	0.00539	0.00313	0.00749
12	0.00836	0.00625	0.00820	0.00881	0.00976	0.00635	0.00659	0.01056	0.03629	0.01675	0.10599	0.37505	0.09577	0.01947	0.10231	0.00320	0.03414	0.11259	0.02828	0.00528

[dist]
# distance from previous block
# <min> <max>
1	10

[block]
# block no. 10 follows, 39 sequences, length 7
# corresponding to MSA columns:
# 425-431
name=unknown_K
#
# <colnr> <probs for GDERKNQSTAVLIFYWHMCP>
#	G	D	E	R	K	N	Q	S	T	A	V	L	I	F	Y	W	H	M	C	P
0	0.17457	0.07206	0.04634	0.08807	0.04845	0.03542	0.03661	0.01661	0.07089	0.03783	0.06165	0.12121	0.04249	0.00853	0.00653	0.00189	0.06184	0.00684	0.00403	0.05813
1	0.01466	0.01227	0.03653	0.03222	0.12783	0.01118	0.06595	0.10063	0.04778	0.08114	0.04626	0.07026	0.01400	0.00683	0.00599	0.00157	0.02675	0.00594	0.00428	0.28793
2	0.04234	0.00900	0.01237	0.14007	0.07626	0.00891	0.00921	0.01415	0.01198	0.07927	0.01884	0.17640	0.03988	0.07102	0.04107	0.00243	0.02884	0.02505	0.00411	0.18880
3	0.01348	0.01047	0.01239	0.00891	0.01411	0.00795	0.00715	0.01608	0.01266	0.08227	0.01160	0.01293	0.00926	0.00463	0.00451	0.00096	0.00444	0.00371	0.00383	0.75867
4	0.01174	0.00901	0.01135	0.06496	0.04052	0.00935	0.00830	0.01767	0.20237	0.05929	0.10441	0.08903	0.07385	0.03915	0.10065	0.02241	0.00599	0.03308	0.00492	0.09195
5	0.01120	0.00918	0.01090	0.01148	0.04809	0.00995	0.00816	0.01971	0.34639	0.02027	0.05963	0.31736	0.02845	0.01265	0.00679	0.00219	0.00429	0.06050	0.00565	0.00718
6	0.00921	0.00624	0.00764	0.00730	0.00902	0.00555	0.00547	0.01137	0.01516	0.07699	0.40270	0.12343	0.27126	0.01330	0.00696	0.00196	0.00309	0.01153	0.00614	0.00566

[dist]
# distance from previous block
# <min> <max>
0	10

[block]
# block no. 11 follows, 39 sequences, length 9
# corresponding to MSA columns:
# 442-450
name=unknown_L
#
# <colnr> <probs for GDERKNQSTAVLIFYWHMCP>
#	G	D	E	R	K	N	Q	S	T	A	V	L	I	F	Y	W	H	M	C	P
0	0.62917	0.01109	0.00997	0.00847	0.01236	0.01211	0.00698	0.02028	0.01180	0.21239	0.01206	0.01228	0.00849	0.00595	0.00424	0.00183	0.00469	0.00390	0.00459	0.00733
1	0.00764	0.00572	0.00709	0.00738	0.00855	0.00517	0.00529	0.00951	0.01408	0.01888	0.33765	0.30807	0.21329	0.01502	0.00718	0.00208	0.00306	0.01326	0.00591	0.00517
2	0.28847	0.00923	0.00939	0.00802	0.01119	0.00953	0.00647	0.05101	0.01357	0.22969	0.01653	0.01705	0.01189	0.00655	0.00456	0.00167	0.00416	0.00486	0.28888	0.00728
3	0.00737	0.00522	0.00681	0.00802	0.00832	0.00492	0.00526	0.00828	0.01099	0.01466	0.03090	0.69717	0.03697	0.11259	0.01029	0.00281	0.00371	0.01581	0.00526	0.00466
4	0.01729	0.19057	0.14623	0.01337	0.01853	0.08456	0.06020	0.12185	0.11578	0.10708	0.01505	0.01539	0.02816	0.00641	0.00541	0.00168	0.00688	0.00503	0.00422	0.03633
5	0.01342	0.04628	0.25001	0.01104	0.01634	0.01012	0.01151	0.03754	0.01335	0.09049	0.03759	0.03884	0.01247	0.00628	0.00508	0.00149	0.00559	0.00504	0.15447	0.23305
6	0.01474	0.01601	0.03333	0.02389	0.02976	0.01526	0.66790	0.08430	0.01522	0.02061	0.01217	0.01579	0.00907	0.00518	0.00688	0.00197	0.00965	0.00683	0.00326	0.00817
7	0.00786	0.00566	0.00699	0.00754	0.00834	0.00527	0.00523	0.00903	0.01204	0.01584	0.13724	0.32740	0.17200	0.15893	0.01211	0.03267	0.00388	0.06211	0.00518	0.00469
8	0.00833	0.00623	0.00778	0.00764	0.00903	0.00585	0.00563	0.01138	0.05344	0.02132	0.50428	0.17519	0.13498	0.01336	0.00703	0.00198	0.00303	0.01177	0.00618	0.00557

[dist]
# distance from previous block
# <min> <max>
1	18

[block]
# block no. 12 follows, 39 sequences, length 21
# corresponding to MSA columns:
# 469-489
name=unknown_M
#
# <colnr> <probs for GDERKNQSTAVLIFYWHMCP>
#	G	D	E	R	K	N	Q	S	T	A	V	L	I	F	Y	W	H	M	C	P
0	0.08665	0.04965	0.04914	0.05421	0.03345	0.03157	0.12580	0.16507	0.08463	0.14588	0.01577	0.04457	0.01196	0.00696	0.00608	0.00185	0.02515	0.00589	0.04730	0.00840
1	0.00801	0.00601	0.00718	0.00688	0.00848	0.00538	0.00516	0.01036	0.01549	0.02107	0.49366	0.04761	0.28726	0.01286	0.00687	0.00189	0.00286	0.01110	0.03648	0.00538
2	0.01226	0.01051	0.01226	0.00876	0.01401	0.00788	0.00701	0.01489	0.01226	0.01927	0.01051	0.01226	0.00876	0.00438	0.00438	0.00088	0.00438	0.00350	0.00350	0.82832
3	0.01047	0.00828	0.00962	0.00950	0.01139	0.00874	0.00726	0.01770	0.27118	0.02100	0.19576	0.19400	0.08178	0.01258	0.00683	0.00213	0.00392	0.09565	0.02550	0.00669
4	0.09112	0.07904	0.13920	0.01226	0.01724	0.05879	0.01145	0.18386	0.07545	0.22853	0.01576	0.01540	0.01101	0.00662	0.00544	0.00176	0.00629	0.00500	0.02681	0.00896
5	0.04801	0.10273	0.26121	0.01320	0.01888	0.01383	0.03363	0.09079	0.06393	0.12887	0.01398	0.03819	0.01065	0.00655	0.00598	0.00174	0.03868	0.00507	0.00405	0.10004
6	0.01273	0.01261	0.01713	0.01468	0.01548	0.05011	0.05411	0.01509	0.04789	0.01487	0.01048	0.01605	0.00992	0.05195	0.11350	0.00351	0.52492	0.00561	0.00293	0.00643
7	0.01581	0.79572	0.03099	0.01012	0.01518	0.02340	0.01012	0.01771	0.01202	0.01391	0.00822	0.00949	0.00759	0.00506	0.00379	0.00126	0.00632	0.00316	0.00253	0.00759
8	0.01028	0.00891	0.01428	0.22495	0.11411	0.00943	0.06000	0.01309	0.01301	0.01769	0.20935	0.06615	0.04826	0.12004	0.03076	0.00269	0.00609	0.02063	0.00414	0.00615
9	0.01246	0.00886	0.01197	0.13084	0.03468	0.00853	0.00913	0.01601	0.05696	0.10850	0.13674	0.08158	0.04406	0.00968	0.00627	0.00185	0.00492	0.12630	0.00495	0.18572
10	0.00767	0.00560	0.00732	0.00845	0.00922	0.00524	0.00615	0.00915	0.01223	0.01605	0.06526	0.53675	0.11976	0.01744	0.00758	0.00239	0.00374	0.14949	0.00552	0.00498
11	0.01623	0.69170	0.03002	0.01131	0.01626	0.08442	0.04801	0.01826	0.01251	0.01422	0.00849	0.00992	0.00766	0.00514	0.00409	0.00132	0.00687	0.00341	0.00260	0.00755
12	0.03573	0.00752	0.01019	0.01115	0.07343	0.00722	0.00786	0.01396	0.01342	0.13146	0.11970	0.15025	0.10319	0.07134	0.05811	0.00291	0.00531	0.16567	0.00533	0.00624
13	0.00808	0.00594	0.00756	0.00735	0.00870	0.00542	0.00544	0.01052	0.01576	0.02184	0.58985	0.12544	0.13985	0.01313	0.00704	0.00193	0.00288	0.01157	0.00628	0.00542
14	0.00974	0.00618	0.00788	0.00763	0.00915	0.00563	0.00565	0.01198	0.01505	0.08659	0.42535	0.19838	0.11958	0.01305	0.00686	0.00196	0.00314	0.01147	0.04899	0.00575
15	0.01484	0.01214	0.01307	0.01168	0.01478	0.01371	0.00905	0.15246	0.49603	0.02536	0.02373	0.14757	0.02012	0.00960	0.00625	0.00203	0.00480	0.00812	0.00591	0.00873
16	0.01226	0.01051	0.01226	0.00876	0.01401	0.00788	0.00701	0.01489	0.01226	0.01927	0.01051	0.01226	0.00876	0.00438	0.00438	0.00088	0.00438	0.00350	0.00350	0.82832
17	0.05433	0.15348	0.09877	0.03606	0.01910	0.03389	0.06505	0.23766	0.15119	0.02450	0.01353	0.01444	0.01031	0.00667	0.00633	0.00181	0.05487	0.00507	0.00430	0.00864
18	0.24694	0.01741	0.21069	0.07534	0.10107	0.01362	0.10963	0.06120	0.01331	0.08143	0.01140	0.01333	0.00834	0.00571	0.00534	0.00186	0.00704	0.00473	0.00354	0.00806
19	0.05958	0.00843	0.00951	0.00857	0.01095	0.00849	0.00661	0.06046	0.14423	0.04620	0.36085	0.05041	0.15516	0.01088	0.00644	0.00188	0.00363	0.00924	0.00596	0.03253
20	0.00753	0.00589	0.00694	0.00715	0.00845	0.00552	0.00516	0.00898	0.01202	0.01531	0.07629	0.17139	0.38432	0.10139	0.15267	0.00386	0.00576	0.01157	0.00491	0.00490

[dist]
# distance from previous block
# <min> <max>
0	209

# created by:
# /home/berkeley/.conda/envs/busco_data_prod/bin/msa2prfl.pl pipeline/OGs_align_augustus/33634/37063.fs
