[name]
unknown

[dist]
# distance from previous block
# <min> <max>
0	178

[block]
# block no. 0 follows, 42 sequences, length 19
# corresponding to MSA columns:
# 212-230
name=unknown_A
#
# <colnr> <probs for GDERKNQSTAVLIFYWHMCP>
#	G	D	E	R	K	N	Q	S	T	A	V	L	I	F	Y	W	H	M	C	P
0	0.00792	0.00577	0.00742	0.00721	0.00851	0.00534	0.00545	0.01034	0.01507	0.02094	0.60644	0.06673	0.10853	0.03568	0.00739	0.00197	0.00296	0.06524	0.00593	0.00518
1	0.00708	0.00506	0.00676	0.00791	0.00838	0.00474	0.00545	0.00830	0.01135	0.01522	0.09499	0.69048	0.03833	0.01698	0.00717	0.00226	0.00332	0.05623	0.00531	0.00467
2	0.84197	0.01088	0.00827	0.00740	0.01088	0.01262	0.00609	0.01654	0.00958	0.02525	0.00784	0.00914	0.00609	0.00522	0.00348	0.00174	0.00435	0.00305	0.00348	0.00609
3	0.00677	0.00568	0.00589	0.00590	0.00769	0.00479	0.00440	0.00829	0.01303	0.01582	0.11786	0.07954	0.67681	0.01413	0.00667	0.00190	0.00285	0.01187	0.00531	0.00479
4	0.01129	0.02911	0.77306	0.01604	0.02436	0.01307	0.02079	0.01782	0.01188	0.01782	0.01010	0.01188	0.00713	0.00535	0.00535	0.00178	0.00832	0.00416	0.00238	0.00832
5	0.01581	0.01299	0.01375	0.01182	0.01532	0.01484	0.00935	0.20602	0.57788	0.02646	0.02060	0.01916	0.01531	0.00742	0.00570	0.00185	0.00488	0.00604	0.00570	0.00907
6	0.02139	0.01576	0.01689	0.01295	0.01745	0.01745	0.01070	0.74835	0.02646	0.03547	0.01351	0.01351	0.00957	0.00676	0.00563	0.00169	0.00619	0.00507	0.00563	0.00957
7	0.01049	0.00525	0.00525	0.00525	0.00656	0.00525	0.00393	0.01311	0.01180	0.02098	0.01836	0.02098	0.01442	0.00656	0.00393	0.00131	0.00262	0.00525	0.83346	0.00525
8	0.01505	0.80561	0.02949	0.00963	0.01444	0.02227	0.00963	0.01685	0.01143	0.01324	0.00782	0.00903	0.00722	0.00481	0.00361	0.00120	0.00602	0.00301	0.00241	0.00722
9	0.01505	0.80561	0.02949	0.00963	0.01444	0.02227	0.00963	0.01685	0.01143	0.01324	0.00782	0.00903	0.00722	0.00481	0.00361	0.00120	0.00602	0.00301	0.00241	0.00722
10	0.01400	0.01209	0.01273	0.01145	0.01463	0.01400	0.00891	0.02990	0.75695	0.02354	0.02291	0.02100	0.01718	0.00764	0.00573	0.00191	0.00445	0.00636	0.00573	0.00891
11	0.36088	0.00988	0.01067	0.00868	0.01252	0.00990	0.00714	0.02218	0.01319	0.42385	0.01608	0.01513	0.01073	0.00623	0.00467	0.00172	0.00449	0.00456	0.04958	0.00791
12	0.01745	0.00782	0.01046	0.00862	0.01159	0.00692	0.00688	0.01984	0.01589	0.42975	0.33631	0.02891	0.03054	0.00887	0.00602	0.00174	0.00381	0.00756	0.03339	0.00763
13	0.09659	0.00969	0.01264	0.00978	0.01406	0.00865	0.00808	0.02648	0.01554	0.70587	0.02095	0.01828	0.01325	0.00681	0.00547	0.00174	0.00475	0.00543	0.00666	0.00927
14	0.00745	0.00573	0.00682	0.00654	0.00809	0.00509	0.00491	0.00963	0.01473	0.01971	0.48966	0.04674	0.32938	0.01257	0.00664	0.00182	0.00273	0.01084	0.00582	0.00509
15	0.00752	0.00546	0.00709	0.00726	0.00828	0.00503	0.00523	0.00954	0.01401	0.01939	0.47761	0.29988	0.08523	0.01373	0.00682	0.00195	0.00287	0.01225	0.00581	0.00503
16	0.01324	0.29463	0.04222	0.36463	0.02600	0.01646	0.01267	0.06391	0.08426	0.01631	0.01070	0.01327	0.00846	0.00560	0.00491	0.00162	0.00662	0.00440	0.00298	0.00712
17	0.04028	0.01549	0.05281	0.01343	0.01780	0.05578	0.08602	0.45784	0.04446	0.06735	0.07903	0.01632	0.01339	0.00684	0.00573	0.00172	0.00636	0.00557	0.00511	0.00866
18	0.01525	0.45622	0.07893	0.09553	0.01834	0.12731	0.01125	0.04149	0.07897	0.01539	0.00987	0.01125	0.00821	0.00539	0.00442	0.00143	0.00680	0.00376	0.00288	0.00732

[dist]
# distance from previous block
# <min> <max>
0	15

[block]
# block no. 1 follows, 42 sequences, length 20
# corresponding to MSA columns:
# 246-265
name=unknown_B
#
# <colnr> <probs for GDERKNQSTAVLIFYWHMCP>
#	G	D	E	R	K	N	Q	S	T	A	V	L	I	F	Y	W	H	M	C	P
0	0.79617	0.01081	0.00854	0.00755	0.01108	0.01238	0.00622	0.01715	0.00994	0.06707	0.00864	0.00970	0.00653	0.00532	0.00360	0.00174	0.00438	0.00319	0.00368	0.00629
1	0.01273	0.01354	0.12671	0.15803	0.06764	0.04692	0.07650	0.01751	0.08993	0.08561	0.13338	0.04695	0.03268	0.00771	0.00652	0.00186	0.04217	0.02240	0.00407	0.00716
2	0.00731	0.00573	0.00661	0.00639	0.00800	0.00503	0.00479	0.00935	0.01438	0.01888	0.41031	0.04810	0.40924	0.01288	0.00664	0.00184	0.00275	0.01103	0.00571	0.00503
3	0.00734	0.00536	0.00695	0.00796	0.00853	0.00514	0.00543	0.00927	0.05136	0.01560	0.09680	0.68841	0.03758	0.01654	0.00706	0.00222	0.00327	0.01495	0.00534	0.00487
4	0.33277	0.01268	0.01286	0.01026	0.01435	0.01379	0.00847	0.32767	0.01801	0.17820	0.01310	0.01298	0.00912	0.00622	0.00482	0.00172	0.00522	0.00442	0.00508	0.00826
5	0.01423	0.06708	0.48201	0.01484	0.02134	0.07584	0.01689	0.15236	0.03236	0.02044	0.01067	0.01212	0.00784	0.00587	0.00588	0.00174	0.04282	0.00431	0.00310	0.00826
6	0.01528	0.00875	0.01076	0.00895	0.01167	0.00851	0.00705	0.16114	0.01757	0.22692	0.35631	0.03022	0.05036	0.05193	0.00736	0.00195	0.00409	0.00788	0.00612	0.00719
7	0.00760	0.00614	0.00845	0.00804	0.00954	0.00554	0.05637	0.00953	0.01326	0.01756	0.27755	0.26847	0.26348	0.01370	0.00680	0.00197	0.00337	0.01218	0.00538	0.00508
8	0.02156	0.01223	0.01567	0.01211	0.01638	0.01226	0.06042	0.31970	0.01996	0.35997	0.03661	0.01951	0.01373	0.00730	0.00585	0.00178	0.00566	0.04420	0.00602	0.00910
9	0.06090	0.01522	0.01619	0.01243	0.01691	0.01669	0.01026	0.67349	0.02485	0.03405	0.01305	0.01320	0.00934	0.00654	0.00545	0.00165	0.00599	0.00488	0.00540	0.05352
10	0.01328	0.01518	0.03321	0.02372	0.02941	0.01423	0.74668	0.01803	0.01328	0.01803	0.01139	0.01518	0.00854	0.00474	0.00664	0.00190	0.00949	0.00664	0.00285	0.00759
11	0.02771	0.00849	0.01224	0.01116	0.03933	0.00947	0.04145	0.03909	0.01028	0.10644	0.03270	0.01885	0.01211	0.10047	0.04248	0.29629	0.17726	0.00559	0.00339	0.00520
12	0.03330	0.14974	0.39338	0.01557	0.09632	0.01425	0.01566	0.05822	0.01280	0.08634	0.01121	0.01325	0.00856	0.03505	0.00637	0.00182	0.03261	0.00439	0.00309	0.00808
13	0.00715	0.00544	0.00661	0.00715	0.00827	0.00490	0.00519	0.00870	0.01258	0.01633	0.17409	0.35280	0.28845	0.01520	0.00694	0.00208	0.00315	0.06474	0.00540	0.00481
14	0.01315	0.01406	0.01514	0.01340	0.01418	0.16940	0.01078	0.01444	0.01057	0.01376	0.01316	0.07314	0.06413	0.01078	0.03421	0.00238	0.49836	0.00601	0.00297	0.00598
15	0.01733	0.01797	0.29672	0.05865	0.07267	0.03133	0.06155	0.02176	0.03152	0.31143	0.01520	0.01542	0.01026	0.00600	0.00559	0.00177	0.00681	0.00505	0.00433	0.00865
16	0.03748	0.01723	0.16092	0.02241	0.26227	0.07315	0.17352	0.01988	0.07922	0.08030	0.01249	0.01445	0.00944	0.00548	0.00569	0.00175	0.00745	0.00522	0.00336	0.00831
17	0.00992	0.00674	0.00803	0.00793	0.00833	0.05912	0.00544	0.00907	0.00842	0.01091	0.01224	0.02134	0.01246	0.17162	0.16930	0.45995	0.00734	0.00565	0.00277	0.00341
18	0.49281	0.01162	0.01386	0.08855	0.26216	0.01286	0.01065	0.01658	0.01080	0.02199	0.00894	0.01126	0.00715	0.00519	0.00437	0.00173	0.00541	0.00387	0.00316	0.00704
19	0.84197	0.01088	0.00827	0.00740	0.01088	0.01262	0.00609	0.01654	0.00958	0.02525	0.00784	0.00914	0.00609	0.00522	0.00348	0.00174	0.00435	0.00305	0.00348	0.00609

[dist]
# distance from previous block
# <min> <max>
0	8

[block]
# block no. 2 follows, 42 sequences, length 28
# corresponding to MSA columns:
# 274-296,304-308
name=unknown_C
#
# <colnr> <probs for GDERKNQSTAVLIFYWHMCP>
#	G	D	E	R	K	N	Q	S	T	A	V	L	I	F	Y	W	H	M	C	P
0	0.00737	0.00573	0.00670	0.00646	0.00804	0.00506	0.00484	0.00947	0.01452	0.01923	0.44373	0.04753	0.37560	0.01275	0.00664	0.00183	0.00274	0.01095	0.00576	0.00506
1	0.00787	0.00574	0.00733	0.00694	0.00826	0.00527	0.00516	0.01033	0.01539	0.02155	0.68081	0.04275	0.10590	0.04307	0.00751	0.00193	0.00278	0.01023	0.00601	0.00519
2	0.01167	0.01000	0.01167	0.00834	0.01334	0.00750	0.00667	0.01417	0.01167	0.01834	0.01000	0.01167	0.00834	0.00417	0.00417	0.00083	0.00417	0.00333	0.00333	0.83663
3	0.41697	0.01226	0.01164	0.05928	0.01483	0.07214	0.00816	0.09975	0.01377	0.22356	0.01249	0.01274	0.00874	0.00593	0.00456	0.00172	0.00533	0.00413	0.00454	0.00745
4	0.00694	0.00496	0.00661	0.00778	0.00818	0.00463	0.00523	0.00805	0.01117	0.01499	0.08673	0.74106	0.03843	0.01717	0.00714	0.00225	0.00322	0.01556	0.00530	0.00463
5	0.02525	0.00958	0.01306	0.01001	0.01437	0.00827	0.00827	0.02743	0.01611	0.77102	0.02220	0.01915	0.01393	0.00697	0.00566	0.00174	0.00479	0.00566	0.00697	0.00958
6	0.01777	0.01052	0.01639	0.22964	0.20877	0.01063	0.01257	0.02068	0.01383	0.34546	0.01626	0.01849	0.01166	0.00646	0.00571	0.00179	0.00602	0.03441	0.00463	0.00832
7	0.01315	0.16987	0.14463	0.29433	0.08315	0.01477	0.06448	0.03901	0.06190	0.04650	0.01118	0.01377	0.00852	0.00553	0.00526	0.00171	0.00707	0.00470	0.00299	0.00748
8	0.04358	0.01096	0.01505	0.01143	0.01589	0.01020	0.06470	0.13406	0.01728	0.58590	0.01973	0.01777	0.01268	0.00672	0.00568	0.00175	0.00534	0.00558	0.00637	0.00934
9	0.01231	0.01231	0.01724	0.01477	0.01477	0.01724	0.01231	0.01354	0.00862	0.01354	0.00739	0.01231	0.00739	0.00985	0.01847	0.00246	0.79192	0.00492	0.00246	0.00616
10	0.01646	0.01710	0.29766	0.01325	0.01880	0.01057	0.08120	0.04827	0.01464	0.29160	0.11606	0.01893	0.01599	0.00676	0.00576	0.00177	0.00631	0.00578	0.00472	0.00835
11	0.03236	0.10475	0.27312	0.01362	0.01900	0.03438	0.08728	0.07846	0.07041	0.13798	0.01490	0.08320	0.01196	0.00687	0.00550	0.00176	0.00668	0.00577	0.00396	0.00804
12	0.02014	0.02048	0.03656	0.01483	0.07723	0.44851	0.01091	0.07723	0.01634	0.15286	0.04438	0.01497	0.01130	0.00647	0.00540	0.00159	0.00812	0.02124	0.00401	0.00747
13	0.00690	0.00540	0.00629	0.00694	0.00811	0.00479	0.00501	0.00821	0.01194	0.01495	0.04387	0.37942	0.39901	0.01581	0.00696	0.00211	0.00319	0.06118	0.00522	0.00470
14	0.01333	0.31302	0.04649	0.01114	0.01605	0.01462	0.09093	0.03002	0.01193	0.01649	0.00930	0.01113	0.00788	0.00480	0.00487	0.00121	0.03731	0.00370	0.00291	0.35285
15	0.06334	0.04035	0.02786	0.14408	0.01698	0.01135	0.00957	0.09261	0.04263	0.07568	0.08985	0.15381	0.01859	0.02646	0.02426	0.00215	0.11895	0.00736	0.00424	0.02988
16	0.04589	0.00647	0.00789	0.00747	0.00906	0.00628	0.00571	0.01217	0.06844	0.02210	0.60642	0.04064	0.08707	0.01127	0.00648	0.00182	0.00298	0.04033	0.00594	0.00557
17	0.00738	0.00557	0.00681	0.00683	0.00813	0.00501	0.00500	0.00936	0.01405	0.01889	0.42110	0.19072	0.25369	0.01347	0.00675	0.00191	0.00283	0.01178	0.00573	0.00501
18	0.04784	0.11820	0.25466	0.04927	0.03331	0.14474	0.06170	0.09801	0.01445	0.09506	0.01113	0.01244	0.00822	0.00572	0.00543	0.00166	0.02254	0.00436	0.00337	0.00788
19	0.07820	0.08889	0.26226	0.04760	0.01931	0.01264	0.06836	0.01983	0.05652	0.19677	0.01431	0.05123	0.01082	0.00656	0.00593	0.00179	0.04181	0.00527	0.00393	0.00796
20	0.02390	0.00948	0.01277	0.00989	0.01403	0.00832	0.00813	0.04697	0.01639	0.69632	0.07501	0.02063	0.01661	0.00728	0.00573	0.00174	0.00468	0.00597	0.00687	0.00927
21	0.00734	0.00634	0.04124	0.00809	0.00918	0.00523	0.00618	0.00894	0.01178	0.01559	0.09651	0.51711	0.14137	0.01586	0.00704	0.00219	0.00357	0.08636	0.00518	0.00489
22	0.01404	0.06640	0.24497	0.15246	0.08406	0.03094	0.11852	0.08820	0.04736	0.06733	0.02506	0.01441	0.00947	0.00571	0.00557	0.00176	0.00741	0.00503	0.00333	0.00797
23	0.01321	0.01524	0.09310	0.18943	0.12598	0.06022	0.30127	0.04985	0.01330	0.01783	0.01144	0.02946	0.00898	0.00550	0.00592	0.00180	0.00807	0.00571	0.03629	0.00741
24	0.02393	0.01169	0.01437	0.01101	0.01542	0.01140	0.00910	0.27332	0.01964	0.52014	0.01924	0.01723	0.01244	0.00689	0.00565	0.00172	0.00527	0.00546	0.00651	0.00957
25	0.66080	0.01307	0.03234	0.01021	0.04157	0.07761	0.04256	0.01711	0.01046	0.02322	0.00824	0.00984	0.00647	0.00534	0.00422	0.00174	0.02209	0.00341	0.00332	0.00637
26	0.00767	0.00562	0.00730	0.00837	0.00918	0.00540	0.00622	0.00954	0.03340	0.01528	0.03252	0.48865	0.10296	0.03827	0.00784	0.00241	0.00383	0.20552	0.00518	0.00485
27	0.05403	0.12145	0.09515	0.01387	0.07205	0.02992	0.04270	0.19381	0.15706	0.12540	0.01463	0.01473	0.01072	0.00619	0.00525	0.00167	0.00600	0.00493	0.00454	0.02587

[dist]
# distance from previous block
# <min> <max>
0	2

[block]
# block no. 3 follows, 42 sequences, length 31
# corresponding to MSA columns:
# 311-341
name=unknown_D
#
# <colnr> <probs for GDERKNQSTAVLIFYWHMCP>
#	G	D	E	R	K	N	Q	S	T	A	V	L	I	F	Y	W	H	M	C	P
0	0.01019	0.00755	0.04795	0.00842	0.01025	0.00639	0.00679	0.01250	0.03259	0.09473	0.23681	0.14276	0.07104	0.09049	0.05063	0.04330	0.00468	0.08873	0.00506	0.02916
1	0.09886	0.05401	0.18487	0.07411	0.17001	0.01339	0.09683	0.06904	0.02744	0.12078	0.01203	0.01375	0.00885	0.00566	0.00568	0.00176	0.02640	0.00483	0.00354	0.00814
2	0.01476	0.30785	0.25514	0.01446	0.02045	0.01663	0.14892	0.07276	0.01336	0.07040	0.01061	0.01208	0.00808	0.00526	0.00499	0.00158	0.00729	0.00437	0.00304	0.00797
3	0.00723	0.00536	0.00675	0.00717	0.00815	0.00488	0.00508	0.00891	0.01305	0.01754	0.30627	0.38383	0.17560	0.01476	0.00688	0.00203	0.00296	0.01310	0.00558	0.00488
4	0.10693	0.48440	0.04527	0.01065	0.01537	0.01913	0.03251	0.15682	0.01438	0.05454	0.00976	0.01064	0.00790	0.00534	0.00422	0.00142	0.00598	0.00367	0.00337	0.00770
5	0.08647	0.00968	0.01270	0.00982	0.01410	0.00860	0.00811	0.02661	0.01562	0.71512	0.02113	0.01840	0.01334	0.00683	0.00550	0.00174	0.00476	0.00546	0.00670	0.00932
6	0.00756	0.00574	0.00696	0.00666	0.00816	0.00514	0.00499	0.00984	0.01498	0.02031	0.54739	0.04575	0.27127	0.01235	0.00664	0.00181	0.00271	0.01070	0.00590	0.00514
7	0.20953	0.01012	0.01208	0.00955	0.01367	0.00968	0.00787	0.04582	0.03504	0.56086	0.01872	0.01678	0.01212	0.00658	0.00517	0.00174	0.00472	0.00507	0.00611	0.00877
8	0.00951	0.00598	0.00776	0.00722	0.00875	0.00551	0.00545	0.01204	0.01537	0.08339	0.60976	0.07786	0.04619	0.01108	0.00638	0.00176	0.00286	0.00974	0.06778	0.00562
9	0.01400	0.01209	0.01273	0.01145	0.01463	0.01400	0.00891	0.02990	0.75695	0.02354	0.02291	0.02100	0.01718	0.00764	0.00573	0.00191	0.00445	0.00636	0.00573	0.00891
10	0.01312	0.00944	0.01095	0.03135	0.01259	0.00978	0.00747	0.21562	0.08996	0.06697	0.33875	0.03158	0.11958	0.00974	0.00619	0.00178	0.00408	0.00821	0.00582	0.00703
11	0.84197	0.01088	0.00827	0.00740	0.01088	0.01262	0.00609	0.01654	0.00958	0.02525	0.00784	0.00914	0.00609	0.00522	0.00348	0.00174	0.00435	0.00305	0.00348	0.00609
12	0.01167	0.01000	0.01167	0.00834	0.01334	0.00750	0.00667	0.01417	0.01167	0.01834	0.01000	0.01167	0.00834	0.00417	0.00417	0.00083	0.00417	0.00333	0.00333	0.83663
13	0.84197	0.01088	0.00827	0.00740	0.01088	0.01262	0.00609	0.01654	0.00958	0.02525	0.00784	0.00914	0.00609	0.00522	0.00348	0.00174	0.00435	0.00305	0.00348	0.00609
14	0.00686	0.00490	0.00653	0.00784	0.00816	0.00457	0.00522	0.00784	0.01077	0.01437	0.03102	0.79855	0.03722	0.01763	0.00718	0.00229	0.00326	0.01600	0.00522	0.00457
15	0.01806	0.01969	0.38780	0.01322	0.01953	0.01137	0.01463	0.08011	0.01485	0.34136	0.01555	0.01512	0.01023	0.00615	0.00550	0.00176	0.00664	0.00487	0.00460	0.00896
16	0.00909	0.00771	0.00864	0.00708	0.01037	0.00607	0.00549	0.01107	0.01236	0.01701	0.06776	0.05743	0.34971	0.00946	0.00549	0.00140	0.00348	0.00789	0.00438	0.39811
17	0.01049	0.00525	0.00525	0.00525	0.00656	0.00525	0.00393	0.01311	0.01180	0.02098	0.01836	0.02098	0.01442	0.00656	0.00393	0.00131	0.00262	0.00525	0.83346	0.00525
18	0.00686	0.00490	0.00653	0.00784	0.00816	0.00457	0.00522	0.00784	0.01077	0.01437	0.03102	0.79855	0.03722	0.01763	0.00718	0.00229	0.00326	0.01600	0.00522	0.00457
19	0.08210	0.13292	0.01742	0.42096	0.02718	0.15983	0.01251	0.01613	0.01185	0.01477	0.00924	0.01279	0.00741	0.00618	0.00584	0.04232	0.00739	0.00427	0.00264	0.00625
20	0.00985	0.00636	0.00841	0.00764	0.00923	0.00602	0.00585	0.01241	0.01570	0.09755	0.66341	0.03871	0.04758	0.01099	0.00695	0.00179	0.03009	0.00954	0.00614	0.00577
21	0.84197	0.01088	0.00827	0.00740	0.01088	0.01262	0.00609	0.01654	0.00958	0.02525	0.00784	0.00914	0.00609	0.00522	0.00348	0.00174	0.00435	0.00305	0.00348	0.00609
22	0.01142	0.00642	0.00779	0.00768	0.00915	0.00615	0.00555	0.03678	0.03944	0.13809	0.02619	0.35316	0.06100	0.07723	0.00787	0.00220	0.00367	0.01047	0.18399	0.00575
23	0.01460	0.04419	0.18182	0.16407	0.04436	0.08794	0.11246	0.10874	0.08632	0.04516	0.01200	0.01407	0.00897	0.00600	0.00621	0.00179	0.04508	0.00500	0.00341	0.00778
24	0.01561	0.01112	0.01552	0.01847	0.26947	0.01142	0.01115	0.04141	0.22008	0.16999	0.03798	0.02100	0.01501	0.04868	0.00754	0.03202	0.00537	0.03514	0.00472	0.00830
25	0.05464	0.00962	0.01289	0.00992	0.01424	0.00843	0.00819	0.02703	0.01587	0.74418	0.02168	0.01879	0.01365	0.00690	0.00558	0.00174	0.00477	0.00557	0.00684	0.00945
26	0.01189	0.01125	0.05408	0.28499	0.21164	0.01106	0.07415	0.01531	0.01261	0.05747	0.06357	0.02185	0.08617	0.00697	0.00585	0.00181	0.00638	0.02579	0.03013	0.00704
27	0.03638	0.17551	0.19454	0.03522	0.02200	0.01513	0.24040	0.05678	0.04018	0.09361	0.01177	0.01349	0.00874	0.00549	0.00575	0.00172	0.02710	0.00499	0.00331	0.00792
28	0.00706	0.00528	0.00657	0.00737	0.00818	0.00489	0.00516	0.00827	0.01131	0.01468	0.05663	0.47999	0.21761	0.05844	0.04581	0.00268	0.00392	0.04648	0.00505	0.00463
29	0.02053	0.00830	0.01088	0.00873	0.01215	0.00736	0.00707	0.02284	0.01517	0.54276	0.08807	0.02160	0.01756	0.00729	0.00538	0.00165	0.00413	0.00598	0.18428	0.00826
30	0.01274	0.03295	0.07178	0.07299	0.05455	0.00988	0.03694	0.05575	0.09317	0.12327	0.06436	0.16346	0.10590	0.01006	0.00650	0.00194	0.02559	0.04642	0.00479	0.00697

[dist]
# distance from previous block
# <min> <max>
2	3

[block]
# block no. 4 follows, 42 sequences, length 21
# corresponding to MSA columns:
# 345-365
name=unknown_E
#
# <colnr> <probs for GDERKNQSTAVLIFYWHMCP>
#	G	D	E	R	K	N	Q	S	T	A	V	L	I	F	Y	W	H	M	C	P
0	0.10313	0.15585	0.05550	0.05154	0.17926	0.10150	0.05843	0.07721	0.01380	0.10479	0.01103	0.01266	0.00853	0.00567	0.00554	0.00164	0.03818	0.00443	0.00347	0.00784
1	0.01029	0.00910	0.01415	0.01983	0.36177	0.00881	0.01070	0.01269	0.01283	0.01761	0.13657	0.20016	0.14205	0.01029	0.00626	0.00186	0.00470	0.00934	0.00424	0.00674
2	0.01402	0.13910	0.01526	0.00918	0.01399	0.01014	0.02818	0.01643	0.01239	0.12025	0.02987	0.01311	0.01002	0.00485	0.00441	0.00107	0.00467	0.00386	0.00374	0.54548
3	0.00796	0.00541	0.00623	0.00638	0.00653	0.00532	0.00375	0.00824	0.00898	0.01198	0.05296	0.13318	0.04581	0.64630	0.02435	0.00479	0.00498	0.00936	0.00381	0.00368
4	0.00759	0.00551	0.00715	0.00722	0.00830	0.00508	0.00523	0.00972	0.01435	0.01992	0.52521	0.25195	0.08505	0.01334	0.00679	0.00192	0.00283	0.01187	0.00588	0.00508
5	0.21789	0.01143	0.03651	0.02853	0.04949	0.01099	0.11760	0.05160	0.01342	0.27149	0.01557	0.07825	0.01204	0.00691	0.00571	0.00180	0.02838	0.00581	0.00467	0.03189
6	0.00781	0.00571	0.00671	0.00653	0.00805	0.00515	0.00494	0.01004	0.01433	0.01967	0.41797	0.04477	0.29401	0.01208	0.00640	0.00180	0.00280	0.03462	0.09152	0.00511
7	0.01684	0.01986	0.01657	0.01463	0.01614	0.41393	0.01156	0.01819	0.01243	0.01366	0.00807	0.01119	0.00732	0.00774	0.01150	0.00194	0.38515	0.00425	0.00269	0.00635
8	0.01231	0.01231	0.01724	0.01477	0.01477	0.01724	0.01231	0.01354	0.00862	0.01354	0.00739	0.01231	0.00739	0.00985	0.01847	0.00246	0.79192	0.00492	0.00246	0.00616
9	0.00704	0.00503	0.00674	0.00804	0.00845	0.00473	0.00554	0.00815	0.01095	0.01457	0.03092	0.73885	0.03683	0.01746	0.00723	0.00231	0.00342	0.07392	0.00522	0.00462
10	0.01129	0.02911	0.77306	0.01604	0.02436	0.01307	0.02079	0.01782	0.01188	0.01782	0.01010	0.01188	0.00713	0.00535	0.00535	0.00178	0.00832	0.00416	0.00238	0.00832
11	0.08364	0.01056	0.04746	0.01010	0.01457	0.00881	0.00869	0.02620	0.01544	0.68268	0.02061	0.01810	0.01305	0.00677	0.00549	0.00174	0.00492	0.00540	0.00650	0.00927
12	0.01231	0.01231	0.01724	0.01477	0.01477	0.01724	0.01231	0.01354	0.00862	0.01354	0.00739	0.01231	0.00739	0.00985	0.01847	0.00246	0.79192	0.00492	0.00246	0.00616
13	0.01344	0.00685	0.00842	0.00739	0.00979	0.00607	0.00576	0.01556	0.01439	0.25697	0.20708	0.05684	0.22307	0.01022	0.00594	0.00174	0.00339	0.00862	0.13199	0.00648
14	0.00712	0.00508	0.00683	0.00814	0.00858	0.00480	0.00568	0.00829	0.01103	0.01466	0.03087	0.71151	0.03665	0.01738	0.00725	0.00232	0.00349	0.10045	0.00522	0.00464
15	0.01060	0.00644	0.00855	0.00840	0.01012	0.00597	0.00673	0.01294	0.01444	0.12872	0.33156	0.10822	0.09520	0.01271	0.00686	0.00205	0.00375	0.21507	0.00586	0.00579
16	0.02055	0.01133	0.01370	0.01034	0.01491	0.01050	0.00848	0.21506	0.01765	0.37189	0.01659	0.01563	0.01126	0.00615	0.00525	0.00148	0.00499	0.00487	0.00563	0.23376
17	0.01120	0.01036	0.01617	0.65560	0.03463	0.01276	0.01448	0.01704	0.13895	0.01595	0.01221	0.01603	0.00916	0.00597	0.00564	0.00188	0.00698	0.00523	0.00305	0.00671
18	0.00807	0.00569	0.00762	0.00905	0.04298	0.00532	0.00603	0.00934	0.01134	0.04284	0.03174	0.56914	0.10696	0.04756	0.00791	0.00235	0.00368	0.07231	0.00510	0.00498
19	0.12610	0.01100	0.03759	0.00973	0.01332	0.03582	0.02904	0.03362	0.01182	0.09452	0.01325	0.08405	0.01193	0.06448	0.00761	0.00175	0.06879	0.00532	0.00382	0.33642
20	0.01429	0.04332	0.12833	0.02999	0.03106	0.14006	0.16392	0.07055	0.04705	0.05097	0.02657	0.07000	0.01340	0.07192	0.00824	0.00212	0.03833	0.03920	0.00363	0.00705

[dist]
# distance from previous block
# <min> <max>
0	164

[block]
# block no. 5 follows, 42 sequences, length 22
# corresponding to MSA columns:
# 530-551
name=unknown_F
#
# <colnr> <probs for GDERKNQSTAVLIFYWHMCP>
#	G	D	E	R	K	N	Q	S	T	A	V	L	I	F	Y	W	H	M	C	P
0	0.04401	0.10681	0.07513	0.12288	0.01792	0.01198	0.04277	0.07983	0.05245	0.06451	0.01339	0.03977	0.01070	0.00615	0.00523	0.00154	0.02626	0.00494	0.13654	0.13718
1	0.01105	0.00724	0.00910	0.00835	0.01065	0.00650	0.00651	0.02679	0.03141	0.10464	0.19230	0.18512	0.05453	0.01105	0.00615	0.00179	0.00378	0.11238	0.04592	0.16474
2	0.04776	0.04826	0.24898	0.14313	0.02147	0.02574	0.07558	0.03556	0.01186	0.07806	0.01218	0.01706	0.01008	0.13325	0.00956	0.00235	0.03601	0.00520	0.00316	0.03473
3	0.00816	0.00555	0.00660	0.00660	0.00676	0.00571	0.00399	0.00848	0.00832	0.01126	0.01731	0.03447	0.01944	0.68050	0.14897	0.00603	0.00700	0.00784	0.00335	0.00367
4	0.01167	0.01000	0.01167	0.00834	0.01334	0.00750	0.00667	0.01417	0.01167	0.01834	0.01000	0.01167	0.00834	0.00417	0.00417	0.00083	0.00417	0.00333	0.00333	0.83663
5	0.00855	0.00544	0.00611	0.00611	0.00635	0.00548	0.00363	0.00904	0.00880	0.01261	0.01773	0.03373	0.01925	0.64596	0.05319	0.00493	0.00537	0.00763	0.13634	0.00377
6	0.00697	0.00501	0.00661	0.00770	0.00817	0.00465	0.00521	0.00813	0.01136	0.01524	0.10766	0.69999	0.05862	0.01690	0.00711	0.00222	0.00319	0.01528	0.00532	0.00465
7	0.14990	0.00948	0.01106	0.00914	0.01242	0.00943	0.00736	0.09483	0.06564	0.30926	0.23413	0.02373	0.02380	0.00803	0.00560	0.00176	0.00422	0.00654	0.00596	0.00774
8	0.00707	0.00499	0.00647	0.00756	0.00784	0.00471	0.00493	0.00789	0.01036	0.01381	0.02889	0.67655	0.03454	0.14329	0.01062	0.00279	0.00362	0.01475	0.00493	0.00439
9	0.00738	0.00522	0.00682	0.00797	0.00861	0.00492	0.00571	0.00872	0.01131	0.01514	0.03194	0.59288	0.08402	0.01653	0.00708	0.00226	0.00351	0.12943	0.04584	0.00471
10	0.00978	0.00631	0.00821	0.00749	0.00917	0.00587	0.00570	0.01281	0.03972	0.09270	0.67087	0.03922	0.04828	0.01096	0.00652	0.00177	0.00291	0.00963	0.00625	0.00583
11	0.02139	0.01576	0.01689	0.01295	0.01745	0.01745	0.01070	0.74835	0.02646	0.03547	0.01351	0.01351	0.00957	0.00676	0.00563	0.00169	0.00619	0.00507	0.00563	0.00957
12	0.84197	0.01088	0.00827	0.00740	0.01088	0.01262	0.00609	0.01654	0.00958	0.02525	0.00784	0.00914	0.00609	0.00522	0.00348	0.00174	0.00435	0.00305	0.00348	0.00609
13	0.84197	0.01088	0.00827	0.00740	0.01088	0.01262	0.00609	0.01654	0.00958	0.02525	0.00784	0.00914	0.00609	0.00522	0.00348	0.00174	0.00435	0.00305	0.00348	0.00609
14	0.01371	0.01464	0.01703	0.01473	0.01519	0.13934	0.01208	0.01497	0.00979	0.01358	0.00760	0.01197	0.00737	0.00920	0.01632	0.00230	0.66672	0.00472	0.00253	0.00622
15	0.01192	0.00750	0.00771	0.00720	0.00914	0.00807	0.00553	0.05343	0.20166	0.02234	0.01927	0.02062	0.01489	0.00684	0.00447	0.00148	0.00326	0.00552	0.58276	0.00639
16	0.01215	0.01398	0.14042	0.01553	0.01985	0.01124	0.28669	0.06343	0.05470	0.01950	0.01659	0.07402	0.01458	0.00758	0.00606	0.00188	0.00679	0.09366	0.13430	0.00705
17	0.00700	0.00515	0.00657	0.00740	0.00812	0.00472	0.00510	0.00832	0.01191	0.01580	0.15231	0.56643	0.14822	0.01615	0.00702	0.00215	0.00311	0.01445	0.00538	0.00472
18	0.00772	0.00555	0.00736	0.00765	0.00865	0.00519	0.00566	0.00983	0.01398	0.01937	0.45618	0.28670	0.04595	0.01387	0.00693	0.00202	0.00310	0.08346	0.00578	0.00506
19	0.00972	0.00897	0.04652	0.08775	0.17513	0.00886	0.01022	0.01168	0.01074	0.01495	0.03368	0.26973	0.01959	0.01668	0.13223	0.06593	0.05939	0.00878	0.00359	0.00586
20	0.01402	0.00670	0.00794	0.00697	0.00931	0.00608	0.00546	0.01630	0.01373	0.24810	0.10468	0.02861	0.15345	0.00859	0.00523	0.00160	0.00333	0.00708	0.34635	0.00648
21	0.01227	0.05621	0.11271	0.05542	0.22358	0.06249	0.04024	0.01512	0.01196	0.01640	0.01347	0.09292	0.02581	0.00836	0.02696	0.03919	0.02296	0.02089	0.00312	0.13994

[dist]
# distance from previous block
# <min> <max>
0	2

[block]
# block no. 6 follows, 42 sequences, length 31
# corresponding to MSA columns:
# 554-584
name=unknown_G
#
# <colnr> <probs for GDERKNQSTAVLIFYWHMCP>
#	G	D	E	R	K	N	Q	S	T	A	V	L	I	F	Y	W	H	M	C	P
0	0.55858	0.12427	0.01289	0.00889	0.01231	0.01455	0.00758	0.05845	0.01098	0.05475	0.00872	0.01012	0.00692	0.00580	0.00524	0.00174	0.08464	0.00346	0.00350	0.00661
1	0.00721	0.00542	0.00668	0.00701	0.00811	0.00489	0.00501	0.00892	0.01319	0.01759	0.30669	0.32980	0.22992	0.01452	0.00685	0.00200	0.00293	0.01280	0.00558	0.00489
2	0.66210	0.01113	0.01018	0.07084	0.01374	0.01325	0.00765	0.04209	0.01021	0.02356	0.00817	0.01009	0.00646	0.00578	0.00525	0.00182	0.08459	0.00347	0.00338	0.00624
3	0.06176	0.27435	0.04896	0.15469	0.05111	0.07307	0.04031	0.08739	0.01343	0.01778	0.03820	0.01273	0.00942	0.00546	0.00472	0.00148	0.00646	0.00420	0.00311	0.09138
4	0.00810	0.00588	0.00826	0.00826	0.00910	0.00660	0.00614	0.00971	0.00906	0.01292	0.01687	0.02593	0.03634	0.19299	0.58532	0.00790	0.01245	0.00660	0.02688	0.00470
5	0.01398	0.11786	0.31019	0.05192	0.04842	0.01478	0.03134	0.09662	0.19839	0.04141	0.01373	0.01446	0.01020	0.00603	0.00531	0.00173	0.00668	0.00483	0.00371	0.00840
6	0.00776	0.00584	0.00722	0.00725	0.00851	0.00545	0.00529	0.01043	0.05002	0.01933	0.42624	0.23387	0.16517	0.01332	0.00673	0.00193	0.00293	0.01174	0.00577	0.00521
7	0.00711	0.00524	0.00666	0.00732	0.00814	0.00479	0.00510	0.00858	0.01240	0.01659	0.22196	0.49157	0.15276	0.01555	0.00696	0.00210	0.00305	0.01388	0.00547	0.00479
8	0.72968	0.01106	0.00915	0.00793	0.01154	0.01255	0.00653	0.05930	0.01107	0.08548	0.00931	0.01019	0.00692	0.00545	0.00378	0.00174	0.00449	0.00337	0.00388	0.00657
9	0.39995	0.01604	0.09087	0.01282	0.05530	0.12210	0.06872	0.09352	0.05569	0.02288	0.01006	0.01142	0.00770	0.00556	0.00461	0.00172	0.00630	0.00403	0.00355	0.00717
10	0.01459	0.01238	0.01306	0.01157	0.01486	0.01427	0.00905	0.08737	0.69852	0.02450	0.02215	0.02040	0.01657	0.00756	0.00572	0.00189	0.00459	0.00626	0.00572	0.00896
11	0.00724	0.00529	0.00682	0.00736	0.00820	0.00486	0.00517	0.00888	0.01286	0.01746	0.30270	0.45003	0.11218	0.01506	0.00693	0.00206	0.00300	0.01347	0.00558	0.00486
12	0.01505	0.80561	0.02949	0.00963	0.01444	0.02227	0.00963	0.01685	0.01143	0.01324	0.00782	0.00903	0.00722	0.00481	0.00361	0.00120	0.00602	0.00301	0.00241	0.00722
13	0.01505	0.80561	0.02949	0.00963	0.01444	0.02227	0.00963	0.01685	0.01143	0.01324	0.00782	0.00903	0.00722	0.00481	0.00361	0.00120	0.00602	0.00301	0.00241	0.00722
14	0.02289	0.01335	0.01540	0.01180	0.01625	0.01388	0.00975	0.46755	0.02243	0.32196	0.01690	0.01571	0.01127	0.00684	0.00564	0.00171	0.00565	0.00530	0.00615	0.00957
15	0.00733	0.00524	0.00634	0.00696	0.00790	0.00478	0.00488	0.00881	0.01208	0.01637	0.13692	0.43744	0.21109	0.01486	0.00665	0.00202	0.00302	0.01312	0.08941	0.00478
16	0.84197	0.01088	0.00827	0.00740	0.01088	0.01262	0.00609	0.01654	0.00958	0.02525	0.00784	0.00914	0.00609	0.00522	0.00348	0.00174	0.00435	0.00305	0.00348	0.00609
17	0.01129	0.02911	0.77306	0.01604	0.02436	0.01307	0.02079	0.01782	0.01188	0.01782	0.01010	0.01188	0.00713	0.00535	0.00535	0.00178	0.00832	0.00416	0.00238	0.00832
18	0.02146	0.00847	0.01105	0.00879	0.01236	0.00749	0.00716	0.02375	0.01500	0.57850	0.02122	0.01962	0.01406	0.00686	0.00522	0.00163	0.00423	0.00555	0.21911	0.00847
19	0.00796	0.00574	0.00741	0.00741	0.00806	0.00610	0.00514	0.00902	0.00905	0.01232	0.02051	0.03191	0.09310	0.37776	0.36695	0.00672	0.00955	0.00758	0.00342	0.00428
20	0.01505	0.80561	0.02949	0.00963	0.01444	0.02227	0.00963	0.01685	0.01143	0.01324	0.00782	0.00903	0.00722	0.00481	0.00361	0.00120	0.00602	0.00301	0.00241	0.00722
21	0.01393	0.01337	0.02284	0.03454	0.76712	0.01337	0.01727	0.01727	0.01281	0.01839	0.01059	0.01393	0.00891	0.00501	0.00557	0.00167	0.00669	0.00501	0.00279	0.00891
22	0.01202	0.00730	0.00924	0.00820	0.01034	0.00699	0.00634	0.01630	0.11143	0.16484	0.52775	0.03498	0.04103	0.01014	0.00633	0.00178	0.00329	0.00883	0.00628	0.00658
23	0.02350	0.00922	0.01265	0.00991	0.01393	0.00815	0.00815	0.02566	0.01539	0.69410	0.02148	0.01945	0.01394	0.01054	0.08423	0.00248	0.00583	0.00570	0.00656	0.00912
24	0.01063	0.01000	0.01688	0.78870	0.03876	0.01250	0.01563	0.01438	0.01125	0.01438	0.01000	0.01500	0.00750	0.00563	0.00563	0.00188	0.00750	0.00500	0.00250	0.00625
25	0.00945	0.00604	0.00809	0.00887	0.01008	0.00584	0.00715	0.01158	0.01266	0.06021	0.08727	0.25523	0.03248	0.01439	0.00701	0.00226	0.00418	0.36248	0.08943	0.00528
26	0.00708	0.00515	0.00671	0.00778	0.00840	0.00478	0.00544	0.00833	0.01145	0.01512	0.07552	0.62091	0.11158	0.01677	0.00714	0.00224	0.00334	0.07229	0.00528	0.00468
27	0.37387	0.08051	0.10565	0.05654	0.05307	0.08372	0.03147	0.11963	0.01330	0.02260	0.00934	0.01090	0.00719	0.00547	0.00448	0.00168	0.00619	0.00382	0.00340	0.00717
28	0.00806	0.00772	0.08429	0.00803	0.00973	0.00567	0.00660	0.01000	0.01195	0.03271	0.10066	0.42787	0.17152	0.01406	0.00655	0.00202	0.00362	0.01239	0.07131	0.00522
29	0.11798	0.12070	0.01466	0.00992	0.01386	0.01200	0.03582	0.06796	0.14016	0.08484	0.01511	0.09334	0.01292	0.00679	0.00490	0.00151	0.00480	0.00550	0.00427	0.23296
30	0.16478	0.05616	0.02762	0.00949	0.01261	0.02628	0.00781	0.14818	0.09028	0.10307	0.16799	0.07673	0.05275	0.00865	0.00552	0.00178	0.00457	0.02343	0.00514	0.00715

[dist]
# distance from previous block
# <min> <max>
1	77

[block]
# block no. 7 follows, 42 sequences, length 14
# corresponding to MSA columns:
# 662-675
name=unknown_H
#
# <colnr> <probs for GDERKNQSTAVLIFYWHMCP>
#	G	D	E	R	K	N	Q	S	T	A	V	L	I	F	Y	W	H	M	C	P
0	0.36616	0.00972	0.01023	0.01042	0.07239	0.01047	0.00745	0.05931	0.05817	0.07127	0.12418	0.10237	0.03483	0.00834	0.00513	0.00184	0.00432	0.03222	0.00459	0.00659
1	0.28989	0.01192	0.01396	0.01188	0.01366	0.01514	0.00986	0.07074	0.01076	0.06798	0.00895	0.01179	0.00754	0.00789	0.01169	0.00212	0.41993	0.00436	0.00333	0.00661
2	0.74844	0.01044	0.00833	0.00746	0.01078	0.01186	0.00605	0.01583	0.00964	0.02405	0.00879	0.03660	0.00738	0.00607	0.00425	0.02924	0.00433	0.00357	0.00350	0.04337
3	0.84197	0.01088	0.00827	0.00740	0.01088	0.01262	0.00609	0.01654	0.00958	0.02525	0.00784	0.00914	0.00609	0.00522	0.00348	0.00174	0.00435	0.00305	0.00348	0.00609
4	0.01501	0.01233	0.07267	0.04469	0.23301	0.00995	0.01144	0.01804	0.01290	0.17089	0.01265	0.01398	0.00952	0.00512	0.00502	0.00137	0.00545	0.00441	0.00381	0.33774
5	0.01595	0.00896	0.06763	0.00949	0.01234	0.00698	0.00785	0.01792	0.01340	0.37501	0.02524	0.36782	0.02385	0.01162	0.00632	0.00199	0.00437	0.01018	0.00584	0.00724
6	0.00750	0.00566	0.00697	0.00702	0.00836	0.00512	0.00525	0.00956	0.01410	0.01892	0.40985	0.15982	0.24805	0.01345	0.00680	0.00194	0.00296	0.05793	0.00571	0.00504
7	0.01211	0.02803	0.71171	0.01579	0.02380	0.01343	0.01997	0.07709	0.01306	0.01925	0.01038	0.01201	0.00733	0.00546	0.00537	0.00177	0.00814	0.00423	0.00264	0.00842
8	0.04757	0.14536	0.07952	0.21683	0.06791	0.01253	0.03666	0.01820	0.01301	0.19722	0.07007	0.01830	0.01339	0.00652	0.00538	0.00172	0.00611	0.03223	0.00399	0.00747
9	0.00916	0.00578	0.00787	0.00852	0.00953	0.00559	0.00638	0.01079	0.01175	0.08099	0.06753	0.44350	0.03187	0.01852	0.09627	0.00302	0.00506	0.14485	0.02778	0.00523
10	0.02525	0.00958	0.01306	0.01001	0.01437	0.00827	0.00827	0.02743	0.01611	0.77102	0.02220	0.01915	0.01393	0.00697	0.00566	0.00174	0.00479	0.00566	0.00697	0.00958
11	0.01447	0.01099	0.04502	0.30266	0.19314	0.01094	0.03521	0.01760	0.01276	0.19120	0.01526	0.09942	0.01251	0.00705	0.00581	0.00184	0.00632	0.00635	0.00390	0.00756
12	0.01308	0.10382	0.19974	0.22331	0.06084	0.09744	0.05906	0.01669	0.01234	0.05393	0.01267	0.09876	0.01106	0.00678	0.00551	0.00176	0.00731	0.00576	0.00306	0.00708
13	0.71190	0.01059	0.00884	0.00790	0.01084	0.01246	0.00640	0.01567	0.00939	0.02322	0.00854	0.01148	0.00728	0.06559	0.00659	0.00208	0.06834	0.00359	0.00339	0.00590

[dist]
# distance from previous block
# <min> <max>
1	16

[block]
# block no. 8 follows, 42 sequences, length 12
# corresponding to MSA columns:
# 692-703
name=unknown_I
#
# <colnr> <probs for GDERKNQSTAVLIFYWHMCP>
#	G	D	E	R	K	N	Q	S	T	A	V	L	I	F	Y	W	H	M	C	P
0	0.01538	0.21132	0.03484	0.01237	0.08837	0.01334	0.00962	0.07091	0.01325	0.12295	0.01131	0.01245	0.00890	0.00536	0.00538	0.00132	0.05305	0.00398	0.00365	0.30225
1	0.03072	0.03335	0.05687	0.22793	0.09981	0.01326	0.08451	0.08786	0.18207	0.07062	0.01451	0.01622	0.01079	0.00612	0.00557	0.00179	0.00636	0.00540	0.03835	0.00787
2	0.02078	0.01036	0.01369	0.01198	0.07660	0.00952	0.00888	0.11707	0.01672	0.46577	0.09180	0.01950	0.01625	0.00695	0.00560	0.00164	0.00486	0.00574	0.00601	0.09028
3	0.00765	0.00557	0.00666	0.00666	0.00755	0.00527	0.00454	0.00895	0.01175	0.01570	0.24427	0.11599	0.19289	0.27897	0.06021	0.00352	0.00444	0.01020	0.00477	0.00446
4	0.01463	0.02732	0.03110	0.03934	0.11359	0.02500	0.00941	0.10005	0.03656	0.11264	0.05901	0.04058	0.01307	0.00602	0.00508	0.00136	0.00505	0.00503	0.00420	0.35096
5	0.00738	0.00512	0.00637	0.00716	0.00736	0.00492	0.00451	0.00797	0.00975	0.01300	0.02576	0.49720	0.03059	0.32803	0.01567	0.00354	0.00413	0.01291	0.00451	0.00411
6	0.01357	0.01095	0.01261	0.05026	0.01534	0.01048	0.00817	0.05265	0.26956	0.06096	0.01526	0.01554	0.01170	0.00570	0.00493	0.00134	0.00456	0.00467	0.00441	0.42732
7	0.00856	0.01295	0.24591	0.00961	0.01316	0.00752	0.00987	0.01196	0.01338	0.01844	0.27974	0.10991	0.21545	0.01087	0.00629	0.00186	0.00453	0.00930	0.00467	0.00604
8	0.01248	0.01048	0.01211	0.00872	0.01368	0.00833	0.00701	0.07564	0.01291	0.01977	0.01030	0.01182	0.00844	0.00438	0.00429	0.00091	0.00434	0.00348	0.00353	0.76738
9	0.00835	0.00596	0.00824	0.00954	0.01052	0.00586	0.00782	0.01042	0.01225	0.01604	0.03019	0.30267	0.03396	0.01622	0.00758	0.00249	0.00456	0.49716	0.00520	0.00498
10	0.01382	0.01219	0.02160	0.14544	0.26267	0.01245	0.19981	0.01800	0.05174	0.09185	0.05785	0.01820	0.01271	0.00618	0.00639	0.00183	0.03144	0.02444	0.00357	0.00782
11	0.06495	0.01308	0.01940	0.16000	0.20030	0.04871	0.09162	0.05559	0.01227	0.05060	0.01012	0.01357	0.00821	0.00663	0.00903	0.00194	0.21862	0.00501	0.00304	0.00733

[dist]
# distance from previous block
# <min> <max>
2	9

[block]
# block no. 9 follows, 42 sequences, length 19
# corresponding to MSA columns:
# 725-743
name=unknown_J
#
# <colnr> <probs for GDERKNQSTAVLIFYWHMCP>
#	G	D	E	R	K	N	Q	S	T	A	V	L	I	F	Y	W	H	M	C	P
0	0.05593	0.59028	0.02531	0.05341	0.01595	0.07731	0.00987	0.04199	0.05710	0.01528	0.00911	0.01032	0.00786	0.00519	0.00402	0.00134	0.00624	0.00344	0.00281	0.00724
1	0.01154	0.00581	0.00671	0.00663	0.00815	0.00565	0.00508	0.01387	0.01218	0.10647	0.02128	0.12860	0.01877	0.00972	0.02558	0.00179	0.00348	0.06096	0.54210	0.00565
2	0.01585	0.61752	0.05377	0.04855	0.01628	0.09507	0.01038	0.01791	0.01215	0.05564	0.00890	0.01010	0.00761	0.00509	0.00403	0.00131	0.00651	0.00336	0.00271	0.00728
3	0.00807	0.00541	0.00617	0.00628	0.00631	0.00538	0.00356	0.00815	0.00840	0.01120	0.01883	0.10007	0.02185	0.73708	0.02686	0.00519	0.00527	0.00883	0.00356	0.00351
4	0.02139	0.01576	0.01689	0.01295	0.01745	0.01745	0.01070	0.74835	0.02646	0.03547	0.01351	0.01351	0.00957	0.00676	0.00563	0.00169	0.00619	0.00507	0.00563	0.00957
5	0.00810	0.00579	0.00784	0.00784	0.00843	0.00638	0.00553	0.00928	0.00869	0.01217	0.01618	0.02822	0.01672	0.35757	0.46819	0.00756	0.01108	0.00692	0.00318	0.00435
6	0.02404	0.01152	0.01426	0.01094	0.01534	0.01116	0.00903	0.25401	0.01936	0.53984	0.01947	0.01738	0.01256	0.00690	0.00565	0.00172	0.00523	0.00547	0.00655	0.00958
7	0.84197	0.01088	0.00827	0.00740	0.01088	0.01262	0.00609	0.01654	0.00958	0.02525	0.00784	0.00914	0.00609	0.00522	0.00348	0.00174	0.00435	0.00305	0.00348	0.00609
8	0.00694	0.00508	0.00655	0.00769	0.00827	0.00469	0.00530	0.00806	0.01115	0.01460	0.03430	0.66547	0.13068	0.01709	0.00714	0.00225	0.00331	0.05158	0.00522	0.00463
9	0.01393	0.01337	0.02284	0.03454	0.76712	0.01337	0.01727	0.01727	0.01281	0.01839	0.01059	0.01393	0.00891	0.00501	0.00557	0.00167	0.00669	0.00501	0.00279	0.00891
10	0.01687	0.01667	0.01414	0.01249	0.01575	0.22919	0.00968	0.11584	0.45959	0.02226	0.01777	0.01704	0.01346	0.00701	0.00553	0.00175	0.00626	0.00544	0.00492	0.00832
11	0.02341	0.01197	0.01328	0.01056	0.01448	0.10737	0.00848	0.07644	0.01634	0.57655	0.01959	0.01867	0.01316	0.05473	0.00697	0.00192	0.00561	0.00551	0.00614	0.00881
12	0.00903	0.00646	0.00817	0.00843	0.00959	0.00638	0.00653	0.05455	0.01327	0.01777	0.19842	0.12824	0.06795	0.17140	0.01143	0.00285	0.00440	0.26500	0.00510	0.00504
13	0.00929	0.00794	0.01234	0.38115	0.04307	0.00897	0.01104	0.01212	0.01210	0.01585	0.10636	0.16083	0.06726	0.01035	0.00639	0.00204	0.00557	0.11768	0.00397	0.00567
14	0.03382	0.00872	0.01376	0.46996	0.04762	0.01019	0.01257	0.01324	0.01193	0.01594	0.07067	0.07571	0.01812	0.00894	0.00620	0.00204	0.00627	0.16481	0.00356	0.00591
15	0.01536	0.01307	0.16188	0.03485	0.03144	0.00981	0.06833	0.01888	0.03480	0.27226	0.07960	0.11227	0.01766	0.01009	0.04744	0.00226	0.05053	0.00702	0.00477	0.00766
16	0.01071	0.00745	0.00834	0.00773	0.00967	0.03453	0.00586	0.02897	0.06452	0.09973	0.32693	0.10266	0.20257	0.01133	0.00629	0.00181	0.00345	0.00970	0.05180	0.00595
17	0.08674	0.01769	0.22508	0.01644	0.09771	0.05600	0.11673	0.04834	0.08923	0.17020	0.01391	0.01467	0.00990	0.00585	0.00549	0.00177	0.00690	0.00503	0.00399	0.00834
18	0.03519	0.01580	0.13381	0.16741	0.35309	0.03726	0.08458	0.07206	0.01347	0.01885	0.01057	0.01367	0.00828	0.00531	0.00558	0.00174	0.00735	0.00495	0.00291	0.00811

[dist]
# distance from previous block
# <min> <max>
1	61

[block]
# block no. 10 follows, 42 sequences, length 22
# corresponding to MSA columns:
# 805-821,831-835
name=unknown_K
#
# <colnr> <probs for GDERKNQSTAVLIFYWHMCP>
#	G	D	E	R	K	N	Q	S	T	A	V	L	I	F	Y	W	H	M	C	P
0	0.26301	0.17854	0.17916	0.01252	0.04533	0.01447	0.06695	0.03416	0.01180	0.07868	0.01044	0.02684	0.00823	0.00563	0.00490	0.00166	0.02549	0.00418	0.00328	0.02475
1	0.01298	0.21925	0.16442	0.05305	0.01676	0.04172	0.01081	0.01642	0.03636	0.05530	0.04674	0.07598	0.01266	0.00637	0.00485	0.00143	0.00576	0.00505	0.00339	0.21069
2	0.00744	0.00523	0.00705	0.04337	0.00936	0.00503	0.00553	0.00817	0.01057	0.01395	0.04647	0.57024	0.08556	0.04254	0.00956	0.10368	0.00368	0.01345	0.00473	0.00438
3	0.06881	0.19646	0.07191	0.01100	0.01553	0.06469	0.00981	0.16059	0.14907	0.03305	0.01248	0.01297	0.00970	0.00574	0.00473	0.00146	0.00574	0.00424	0.00396	0.15806
4	0.01266	0.16469	0.19078	0.17391	0.03739	0.01401	0.03152	0.01630	0.02485	0.05654	0.01142	0.04300	0.00958	0.00707	0.01979	0.00185	0.09612	0.01545	0.00298	0.07010
5	0.04925	0.03553	0.10018	0.05105	0.18379	0.01257	0.15516	0.07478	0.04598	0.08728	0.02858	0.01471	0.01017	0.00547	0.00547	0.00163	0.00658	0.00510	0.00363	0.12308
6	0.01458	0.24947	0.05983	0.01209	0.04501	0.01567	0.02971	0.10949	0.25091	0.03715	0.09028	0.01850	0.01602	0.00691	0.00521	0.00165	0.00541	0.01969	0.00441	0.00800
7	0.01304	0.01090	0.01756	0.09814	0.44764	0.01088	0.01350	0.01600	0.01317	0.08287	0.06910	0.02396	0.10533	0.00737	0.00591	0.00178	0.00578	0.04553	0.00378	0.00776
8	0.01794	0.01252	0.12797	0.02545	0.01662	0.00966	0.07953	0.03374	0.01457	0.38489	0.10815	0.02017	0.01672	0.00829	0.03147	0.00202	0.03983	0.00602	0.03627	0.00817
9	0.01559	0.54578	0.05330	0.10517	0.01814	0.11500	0.01087	0.01778	0.01221	0.04839	0.00894	0.01047	0.00756	0.00516	0.00420	0.00136	0.00675	0.00349	0.00269	0.00717
10	0.00715	0.00518	0.00645	0.00720	0.00778	0.00481	0.00481	0.00820	0.01113	0.01472	0.10414	0.49963	0.13401	0.14492	0.01057	0.00270	0.00351	0.01360	0.00502	0.00448
