[name]
unknown

[dist]
# distance from previous block
# <min> <max>
0	210

[block]
# block no. 0 follows, 41 sequences, length 28
# corresponding to MSA columns:
# 225-252
name=unknown_A
#
# <colnr> <probs for GDERKNQSTAVLIFYWHMCP>
#	G	D	E	R	K	N	Q	S	T	A	V	L	I	F	Y	W	H	M	C	P
0	0.06901	0.12177	0.15010	0.01265	0.03247	0.01357	0.03777	0.14793	0.05909	0.16538	0.01571	0.01943	0.01239	0.00708	0.00548	0.00177	0.00611	0.08039	0.00453	0.03740
1	0.08099	0.05802	0.09547	0.01297	0.01730	0.12269	0.08440	0.14723	0.05883	0.10056	0.02410	0.04914	0.02635	0.00710	0.00554	0.00173	0.00663	0.03723	0.00431	0.05943
2	0.10589	0.13774	0.17484	0.03520	0.09776	0.02731	0.01166	0.05192	0.04851	0.04533	0.01448	0.10529	0.01325	0.05398	0.00661	0.00197	0.00599	0.01718	0.03787	0.00722
3	0.08011	0.04372	0.17114	0.01133	0.01601	0.04857	0.02186	0.11674	0.03620	0.15159	0.06949	0.01874	0.04503	0.04521	0.00650	0.00183	0.00587	0.00544	0.00446	0.10014
4	0.08572	0.09603	0.12908	0.02110	0.03139	0.09140	0.01072	0.11692	0.04930	0.13017	0.04088	0.06496	0.01282	0.00687	0.00523	0.00164	0.00607	0.00535	0.00429	0.09007
5	0.02885	0.08596	0.15697	0.01352	0.07452	0.01135	0.04123	0.04396	0.04361	0.22393	0.03579	0.05825	0.03516	0.00760	0.00568	0.00177	0.00583	0.05777	0.00460	0.06366
6	0.04729	0.04156	0.01480	0.01160	0.01379	0.03679	0.17917	0.03687	0.01116	0.01518	0.01778	0.09511	0.04749	0.31649	0.08683	0.00398	0.00728	0.00789	0.00355	0.00538
7	0.00868	0.00785	0.04107	0.00791	0.00930	0.05090	0.00601	0.01056	0.01312	0.01760	0.28111	0.25206	0.12434	0.09791	0.00905	0.00233	0.00391	0.01113	0.04004	0.00511
8	0.05448	0.15993	0.06376	0.03306	0.15835	0.07046	0.01156	0.11242	0.04496	0.14951	0.01385	0.05174	0.01104	0.00643	0.00521	0.00164	0.00620	0.00514	0.00414	0.03612
9	0.13087	0.07145	0.05022	0.06717	0.07656	0.05575	0.13822	0.08111	0.04929	0.20360	0.01387	0.01472	0.00991	0.00592	0.00542	0.00175	0.00662	0.00508	0.00430	0.00818
10	0.00718	0.00519	0.00680	0.00781	0.00841	0.00482	0.00538	0.00848	0.01185	0.01585	0.13114	0.62784	0.08247	0.01681	0.00721	0.00224	0.00327	0.03702	0.00544	0.00478
11	0.00931	0.05997	0.01013	0.00902	0.01028	0.00798	0.00692	0.05946	0.01137	0.01540	0.02115	0.25828	0.02278	0.08696	0.31369	0.00521	0.00882	0.07385	0.00411	0.00532
12	0.01579	0.01546	0.16834	0.27215	0.06745	0.01319	0.02831	0.15286	0.04609	0.14416	0.01349	0.01522	0.00952	0.00613	0.00569	0.00182	0.00695	0.00512	0.00401	0.00824
13	0.01831	0.01157	0.01620	0.02969	0.20621	0.01168	0.02075	0.15490	0.03700	0.26686	0.06718	0.07054	0.01595	0.00766	0.00643	0.00182	0.03685	0.00648	0.00522	0.00869
14	0.00743	0.00538	0.00702	0.00754	0.00837	0.00497	0.00530	0.00916	0.01325	0.01814	0.33872	0.44334	0.07981	0.01514	0.00704	0.00208	0.00304	0.01357	0.00572	0.00497
15	0.01426	0.00889	0.00999	0.00915	0.01139	0.05876	0.00692	0.08014	0.01498	0.21434	0.11659	0.30537	0.10124	0.01220	0.00649	0.00196	0.00434	0.01055	0.00577	0.00667
16	0.01129	0.00931	0.01266	0.10846	0.01619	0.01004	0.05859	0.12231	0.09672	0.01995	0.09275	0.27001	0.07437	0.01150	0.00710	0.00205	0.03954	0.02580	0.00488	0.00649
17	0.36368	0.01168	0.01183	0.00966	0.01358	0.01255	0.00793	0.18022	0.05919	0.23009	0.01445	0.01412	0.01007	0.00632	0.00477	0.00175	0.00491	0.00454	0.03058	0.00808
18	0.01367	0.00870	0.01044	0.00919	0.01173	0.00876	0.00714	0.06771	0.18581	0.16634	0.32002	0.08249	0.06371	0.01011	0.00631	0.00186	0.00383	0.00869	0.00619	0.00729
19	0.01420	0.01265	0.01944	0.23218	0.38647	0.01360	0.01510	0.14932	0.01514	0.02058	0.01392	0.01678	0.05311	0.00614	0.00575	0.00177	0.00670	0.00551	0.00343	0.00820
20	0.02180	0.01105	0.04956	0.01033	0.01442	0.00970	0.00874	0.11823	0.04780	0.50336	0.02028	0.01978	0.01387	0.06021	0.00719	0.00200	0.00511	0.00577	0.06188	0.00892
21	0.01909	0.01311	0.01454	0.01144	0.01533	0.01399	0.00934	0.50610	0.02320	0.11175	0.13084	0.02153	0.06741	0.00813	0.00595	0.00175	0.00537	0.00647	0.00593	0.00874
22	0.01957	0.02282	0.01821	0.01553	0.01855	0.52750	0.09074	0.05643	0.01548	0.04621	0.00976	0.01169	0.00792	0.00640	0.00713	0.00168	0.10987	0.00434	0.00319	0.00698
23	0.17420	0.01173	0.01469	0.10277	0.09952	0.01220	0.01036	0.16858	0.01633	0.31077	0.01531	0.01533	0.01045	0.00633	0.00532	0.00177	0.00560	0.00498	0.00515	0.00861
24	0.00707	0.00554	0.00632	0.00667	0.00794	0.00488	0.00474	0.00848	0.01261	0.01600	0.14173	0.28045	0.41137	0.04986	0.00791	0.00219	0.00312	0.01296	0.00536	0.00479
25	0.01173	0.01002	0.01171	0.00843	0.01338	0.00755	0.00673	0.01428	0.01201	0.01879	0.03618	0.01293	0.01005	0.00449	0.00432	0.00088	0.00418	0.00363	0.00349	0.80521
26	0.10799	0.08280	0.01492	0.01267	0.08070	0.01367	0.00930	0.24860	0.11759	0.06632	0.01714	0.13930	0.01505	0.00825	0.00549	0.00179	0.00517	0.00672	0.03857	0.00798
27	0.17176	0.10281	0.31722	0.01184	0.01716	0.01309	0.01296	0.02871	0.04205	0.06317	0.01717	0.01787	0.10938	0.00701	0.00575	0.00179	0.04417	0.00517	0.00349	0.00742

[dist]
# distance from previous block
# <min> <max>
2	22

[block]
# block no. 1 follows, 41 sequences, length 9
# corresponding to MSA columns:
# 276-284
name=unknown_B
#
# <colnr> <probs for GDERKNQSTAVLIFYWHMCP>
#	G	D	E	R	K	N	Q	S	T	A	V	L	I	F	Y	W	H	M	C	P
0	0.00820	0.00560	0.00672	0.00681	0.00699	0.00573	0.00416	0.00859	0.00863	0.01167	0.01851	0.08592	0.02093	0.62941	0.14348	0.00589	0.00691	0.00851	0.00353	0.00380
1	0.01517	0.08800	0.09967	0.01503	0.07464	0.03443	0.01245	0.09774	0.01290	0.10230	0.01184	0.05053	0.01016	0.00893	0.02697	0.00218	0.32063	0.00537	0.00355	0.00751
2	0.00838	0.00608	0.00825	0.05194	0.01003	0.00664	0.00592	0.00969	0.00949	0.01317	0.07463	0.03010	0.01983	0.36439	0.34986	0.00663	0.00968	0.00734	0.00346	0.00449
3	0.01323	0.01390	0.07169	0.01549	0.01786	0.04402	0.16950	0.05657	0.01163	0.04019	0.01170	0.04889	0.01089	0.10037	0.01427	0.00257	0.34128	0.00616	0.00316	0.00666
4	0.01851	0.01242	0.01350	0.01133	0.01455	0.07405	0.00920	0.25239	0.05095	0.20176	0.01798	0.03891	0.01430	0.01081	0.06487	0.00239	0.04380	0.07063	0.06959	0.00807
5	0.01576	0.01189	0.01853	0.06525	0.18671	0.01201	0.12954	0.11873	0.07925	0.14978	0.01762	0.13761	0.01509	0.00790	0.00613	0.00188	0.00617	0.00734	0.00460	0.00820
6	0.00839	0.00587	0.00692	0.00709	0.00742	0.00600	0.00441	0.00966	0.05167	0.01265	0.02065	0.17726	0.02330	0.55026	0.08004	0.00501	0.00581	0.00953	0.00392	0.00413
7	0.01712	0.01549	0.01603	0.01242	0.01685	0.14376	0.06664	0.27283	0.03804	0.02415	0.01190	0.01306	0.00916	0.00566	0.00515	0.00139	0.00639	0.00446	0.02784	0.29167
8	0.01462	0.05327	0.32760	0.04964	0.05765	0.01291	0.06927	0.08549	0.04403	0.10585	0.01253	0.01379	0.00906	0.00562	0.00540	0.00166	0.00700	0.00469	0.00358	0.11632

[dist]
# distance from previous block
# <min> <max>
1	2

[block]
# block no. 2 follows, 41 sequences, length 24
# corresponding to MSA columns:
# 287-310
name=unknown_C
#
# <colnr> <probs for GDERKNQSTAVLIFYWHMCP>
#	G	D	E	R	K	N	Q	S	T	A	V	L	I	F	Y	W	H	M	C	P
0	0.01808	0.01126	0.01820	0.19889	0.06597	0.01138	0.13161	0.06788	0.01480	0.32387	0.01659	0.05074	0.01200	0.00680	0.00627	0.00186	0.02462	0.00612	0.00479	0.00825
1	0.10633	0.07525	0.01635	0.04436	0.04730	0.06850	0.03759	0.20148	0.11449	0.18592	0.01564	0.03658	0.01160	0.00675	0.00539	0.00174	0.00595	0.00533	0.00498	0.00848
2	0.09937	0.03929	0.04332	0.17535	0.07780	0.01164	0.06068	0.06896	0.01286	0.07035	0.01651	0.18170	0.01592	0.00906	0.00672	0.00199	0.05368	0.04404	0.00396	0.00682
3	0.01709	0.01112	0.01184	0.01009	0.01305	0.08184	0.00791	0.16658	0.04492	0.22892	0.14340	0.13211	0.05769	0.00956	0.00606	0.00181	0.00492	0.00797	0.03553	0.00760
4	0.01532	0.13982	0.17312	0.05070	0.15583	0.06147	0.03957	0.05709	0.10224	0.09460	0.01385	0.04784	0.01104	0.00636	0.00542	0.00171	0.00674	0.00529	0.00373	0.00826
5	0.08495	0.18068	0.08343	0.04650	0.04991	0.07594	0.08522	0.12842	0.04463	0.13289	0.01246	0.01340	0.00925	0.00593	0.00542	0.00167	0.02258	0.00465	0.00396	0.00812
6	0.07553	0.01051	0.01174	0.02684	0.01354	0.01120	0.00799	0.18981	0.17291	0.13248	0.07817	0.10866	0.05133	0.04607	0.00693	0.00203	0.00469	0.00746	0.03441	0.00770
7	0.30574	0.01321	0.01662	0.10673	0.05770	0.04648	0.12894	0.13592	0.03357	0.08659	0.01156	0.01319	0.00850	0.00576	0.00510	0.00179	0.00638	0.00470	0.00396	0.00757
8	0.13587	0.05126	0.12069	0.01407	0.10685	0.01243	0.01135	0.12055	0.04183	0.28921	0.03098	0.01564	0.01147	0.00635	0.00530	0.00174	0.00574	0.00500	0.00495	0.00874
9	0.04834	0.04660	0.13175	0.29751	0.17063	0.01347	0.05022	0.04399	0.04053	0.01772	0.01316	0.01617	0.04673	0.00617	0.00603	0.00183	0.03338	0.00528	0.00302	0.00744
10	0.01185	0.00767	0.00925	0.00857	0.01064	0.00749	0.00648	0.07304	0.09414	0.12601	0.23321	0.22938	0.13482	0.01222	0.00657	0.00196	0.00368	0.01062	0.00592	0.00648
11	0.04346	0.01354	0.14453	0.01246	0.03075	0.04905	0.06561	0.01821	0.15238	0.08580	0.08180	0.20505	0.02214	0.00991	0.00621	0.00198	0.00556	0.03966	0.00472	0.00717
12	0.10182	0.03367	0.14574	0.01542	0.09120	0.01278	0.09409	0.09715	0.05952	0.21047	0.04235	0.01607	0.01186	0.00642	0.00605	0.00181	0.03530	0.00533	0.00451	0.00847
13	0.00814	0.00563	0.00733	0.00809	0.00889	0.00537	0.00563	0.01004	0.04205	0.04436	0.10707	0.59500	0.06359	0.01739	0.04026	0.00251	0.00386	0.01425	0.00540	0.00512
14	0.00728	0.00540	0.00679	0.00732	0.00827	0.00491	0.00515	0.00889	0.01297	0.01735	0.26245	0.42209	0.17948	0.01534	0.00703	0.00209	0.00305	0.01363	0.00562	0.00491
15	0.01317	0.01222	0.01962	0.12300	0.06567	0.03992	0.21596	0.09475	0.05117	0.01818	0.01398	0.07900	0.01255	0.00911	0.00926	0.09875	0.07316	0.04024	0.00352	0.00677
16	0.01113	0.04830	0.04444	0.17565	0.10821	0.03663	0.13439	0.01461	0.03987	0.01657	0.04905	0.20642	0.04472	0.00939	0.00631	0.00196	0.00631	0.03567	0.00378	0.00659
17	0.01072	0.00746	0.00875	0.00851	0.01024	0.00738	0.00625	0.09708	0.07828	0.07223	0.07095	0.36801	0.17587	0.04125	0.00750	0.00219	0.00384	0.01194	0.00552	0.00602
18	0.01119	0.00838	0.01143	0.08006	0.01450	0.00878	0.05348	0.03306	0.16218	0.06736	0.08038	0.25625	0.04003	0.04103	0.04045	0.00247	0.00510	0.03646	0.04099	0.00643
19	0.05644	0.12499	0.08951	0.08174	0.21166	0.06719	0.11151	0.04502	0.01301	0.03198	0.02759	0.02767	0.00976	0.00607	0.00651	0.00176	0.07175	0.00508	0.00306	0.00770
20	0.04299	0.04050	0.01360	0.10701	0.01642	0.04695	0.00940	0.10484	0.01408	0.16866	0.06351	0.05824	0.02770	0.01404	0.13382	0.02098	0.08290	0.00617	0.00441	0.02378
21	0.01457	0.05387	0.03025	0.08305	0.01627	0.12697	0.04301	0.06046	0.04497	0.11554	0.15589	0.03827	0.05156	0.01069	0.06753	0.00229	0.00660	0.00652	0.03541	0.03628
22	0.04759	0.07840	0.01712	0.12770	0.09689	0.08944	0.05277	0.17738	0.03211	0.04793	0.05682	0.05208	0.05625	0.03507	0.00647	0.00188	0.00641	0.00615	0.00412	0.00743
23	0.03855	0.04854	0.01860	0.01684	0.14889	0.02707	0.06305	0.27005	0.06749	0.06019	0.01270	0.01401	0.00970	0.00624	0.00644	0.00167	0.06604	0.00497	0.00429	0.11466

[dist]
# distance from previous block
# <min> <max>
1	20

[block]
# block no. 3 follows, 41 sequences, length 35
# corresponding to MSA columns:
# 331-365
name=unknown_D
#
# <colnr> <probs for GDERKNQSTAVLIFYWHMCP>
#	G	D	E	R	K	N	Q	S	T	A	V	L	I	F	Y	W	H	M	C	P
0	0.01415	0.14547	0.15514	0.06528	0.11454	0.02459	0.09174	0.06969	0.02730	0.07545	0.04039	0.05519	0.03902	0.00675	0.00578	0.00172	0.02160	0.00577	0.00362	0.03681
1	0.09084	0.24679	0.09827	0.05011	0.01681	0.01455	0.06070	0.05179	0.07741	0.05237	0.01420	0.08673	0.02609	0.00736	0.00563	0.03104	0.00587	0.00556	0.00362	0.05426
2	0.09480	0.10560	0.03009	0.02635	0.05153	0.12235	0.06494	0.07935	0.01384	0.01877	0.08573	0.07469	0.03707	0.06537	0.03049	0.00218	0.00643	0.02739	0.00385	0.05918
3	0.04307	0.16749	0.16817	0.01105	0.01555	0.01213	0.03631	0.01806	0.06599	0.14473	0.04519	0.09740	0.04938	0.03528	0.00619	0.00182	0.00561	0.00637	0.00419	0.06601
4	0.01457	0.29893	0.08176	0.01092	0.01468	0.08109	0.00986	0.16033	0.01506	0.01893	0.03503	0.20258	0.01646	0.00877	0.00532	0.00168	0.00594	0.00703	0.00394	0.00714
5	0.00891	0.00614	0.00742	0.03197	0.00907	0.00582	0.00515	0.01021	0.01135	0.04152	0.12246	0.11580	0.14628	0.30953	0.02834	0.00339	0.00452	0.04362	0.04224	0.04625
6	0.05685	0.47325	0.10656	0.01230	0.01726	0.03073	0.08873	0.01814	0.01208	0.07758	0.00979	0.01122	0.00799	0.00545	0.00523	0.00151	0.05090	0.00392	0.00294	0.00757
7	0.21577	0.34288	0.06159	0.00974	0.01416	0.06979	0.00902	0.01732	0.01175	0.05522	0.01022	0.04614	0.00892	0.00572	0.00418	0.00144	0.00573	0.00395	0.00322	0.10325
8	0.01278	0.04565	0.01277	0.01051	0.06593	0.00832	0.00760	0.01506	0.01224	0.09435	0.01493	0.14315	0.01393	0.00690	0.00498	0.00126	0.00441	0.00588	0.00400	0.51534
9	0.01345	0.10159	0.35384	0.01481	0.02077	0.03963	0.13295	0.01785	0.01287	0.09965	0.01650	0.07221	0.06474	0.00702	0.00572	0.00180	0.00731	0.00609	0.00344	0.00776
10	0.01248	0.01140	0.10000	0.01070	0.01438	0.00878	0.05014	0.06682	0.05073	0.09671	0.06912	0.24424	0.02110	0.00956	0.00592	0.00173	0.00489	0.00843	0.00467	0.20821
11	0.01247	0.02529	0.01090	0.01094	0.06133	0.19197	0.00709	0.01295	0.02213	0.01247	0.01326	0.02332	0.01371	0.31852	0.05508	0.17340	0.02139	0.00602	0.00308	0.00469
12	0.13360	0.18341	0.25339	0.01227	0.01794	0.01424	0.03823	0.04553	0.03294	0.19781	0.01290	0.01326	0.00917	0.00579	0.00494	0.00168	0.00640	0.00436	0.00392	0.00824
13	0.04398	0.01132	0.01459	0.19550	0.02051	0.05519	0.04509	0.05737	0.06668	0.15558	0.10920	0.02957	0.01603	0.00708	0.00628	0.00173	0.04413	0.00585	0.00447	0.10986
14	0.00898	0.00619	0.00709	0.00701	0.00860	0.00582	0.00519	0.01195	0.06669	0.04498	0.21590	0.17165	0.25483	0.01233	0.00628	0.00186	0.00307	0.01061	0.14543	0.00550
15	0.01654	0.01333	0.10886	0.01126	0.01531	0.01186	0.00999	0.09405	0.31621	0.19553	0.05609	0.02067	0.03045	0.00746	0.00568	0.00181	0.00502	0.00610	0.06511	0.00867
16	0.01605	0.54535	0.12399	0.01142	0.01660	0.07414	0.01150	0.11119	0.01397	0.01701	0.00906	0.01022	0.00764	0.00529	0.00427	0.00138	0.00674	0.00352	0.00290	0.00774
17	0.01053	0.00617	0.00827	0.00823	0.00960	0.00584	0.00602	0.01217	0.01249	0.14224	0.15285	0.35000	0.06859	0.04731	0.12855	0.00332	0.00542	0.01139	0.00536	0.00567
18	0.01258	0.00809	0.00883	0.00791	0.01000	0.04203	0.00605	0.06681	0.02747	0.12464	0.20062	0.03157	0.14007	0.06730	0.05103	0.00239	0.00458	0.00782	0.17404	0.00618
19	0.01512	0.56005	0.20602	0.01138	0.01709	0.01937	0.01241	0.01814	0.01207	0.06888	0.00956	0.01061	0.00781	0.00518	0.00424	0.00140	0.00659	0.00353	0.00277	0.00778
20	0.03662	0.05670	0.03957	0.01076	0.01385	0.01164	0.00910	0.10864	0.23838	0.10093	0.05453	0.02870	0.01936	0.01053	0.02989	0.02891	0.00535	0.15486	0.03406	0.00760
21	0.00702	0.00514	0.00660	0.00763	0.00824	0.00472	0.00519	0.00820	0.01159	0.01530	0.08653	0.64674	0.13200	0.01704	0.00719	0.00224	0.00322	0.01530	0.00538	0.00472
22	0.00714	0.00505	0.00659	0.00774	0.00803	0.00476	0.00507	0.00801	0.01062	0.01415	0.02981	0.69869	0.03566	0.11744	0.01008	0.00273	0.00360	0.01525	0.00507	0.00450
23	0.01330	0.38005	0.39827	0.01372	0.02042	0.01759	0.05045	0.01768	0.01194	0.01601	0.00928	0.01092	0.00736	0.00516	0.00470	0.00155	0.00745	0.00382	0.00245	0.00791
24	0.05258	0.11466	0.21258	0.16904	0.14906	0.05300	0.09120	0.01716	0.01211	0.01688	0.00984	0.01284	0.00776	0.00559	0.00612	0.00177	0.05295	0.00462	0.00265	0.00761
25	0.01687	0.00779	0.01038	0.00885	0.01172	0.00689	0.00705	0.01911	0.01551	0.39814	0.24344	0.08637	0.08242	0.01023	0.00635	0.00188	0.00400	0.04900	0.00649	0.00749
26	0.01765	0.28641	0.14277	0.01241	0.01760	0.04504	0.01201	0.29915	0.05155	0.04645	0.01173	0.01231	0.00892	0.00597	0.00496	0.00157	0.00660	0.00431	0.00402	0.00857
27	0.04308	0.01561	0.17891	0.03278	0.20757	0.01231	0.09376	0.06574	0.06685	0.08024	0.01489	0.06978	0.01247	0.00898	0.05051	0.00228	0.00726	0.02513	0.00377	0.00810
28	0.01330	0.01042	0.01581	0.01281	0.01536	0.02386	0.15656	0.07764	0.01295	0.11244	0.01979	0.05891	0.09373	0.11159	0.12634	0.00352	0.11703	0.00729	0.00408	0.00656
29	0.00724	0.00555	0.00668	0.00750	0.00847	0.00511	0.00527	0.00898	0.03850	0.01529	0.03948	0.51113	0.26400	0.01641	0.00710	0.00220	0.00329	0.03759	0.00533	0.00488
30	0.01657	0.26205	0.13633	0.03721	0.01809	0.06988	0.07026	0.06147	0.02688	0.16377	0.01612	0.01649	0.06824	0.00641	0.00517	0.00161	0.00660	0.00506	0.00390	0.00790
31	0.08115	0.03729	0.04101	0.18424	0.02040	0.05298	0.04297	0.07047	0.10995	0.10560	0.01814	0.07679	0.02733	0.00840	0.00590	0.00194	0.00609	0.09769	0.00442	0.00722
32	0.01388	0.09389	0.04910	0.05049	0.13548	0.06539	0.00948	0.05193	0.01265	0.09884	0.05247	0.02287	0.01531	0.26459	0.01308	0.00289	0.00616	0.00609	0.00378	0.03165
33	0.01403	0.07379	0.04658	0.10650	0.19760	0.01248	0.10901	0.04379	0.06727	0.09465	0.10090	0.02220	0.01681	0.00717	0.00597	0.00183	0.00631	0.06122	0.00410	0.00779
34	0.18834	0.01523	0.10402	0.17680	0.10904	0.07988	0.08102	0.05222	0.03927	0.07104	0.01142	0.01362	0.00854	0.00569	0.00524	0.00178	0.00693	0.00470	0.01770	0.00750

[dist]
# distance from previous block
# <min> <max>
23	73

[block]
# block no. 4 follows, 41 sequences, length 10
# corresponding to MSA columns:
# 490-499
name=unknown_E
#
# <colnr> <probs for GDERKNQSTAVLIFYWHMCP>
#	G	D	E	R	K	N	Q	S	T	A	V	L	I	F	Y	W	H	M	C	P
0	0.01379	0.23788	0.16140	0.05142	0.11022	0.03099	0.01288	0.02049	0.20082	0.01804	0.01289	0.01399	0.01020	0.00589	0.00531	0.00162	0.02459	0.00457	0.00342	0.05959
1	0.01782	0.07555	0.08131	0.04843	0.06655	0.01226	0.01068	0.04031	0.23071	0.28588	0.05649	0.01906	0.01526	0.00700	0.00562	0.00178	0.00536	0.00576	0.00537	0.00881
2	0.01109	0.00907	0.01048	0.00788	0.01211	0.00704	0.00623	0.01357	0.01226	0.01893	0.06494	0.01826	0.07202	0.00578	0.00458	0.00104	0.00388	0.00473	0.08180	0.63433
3	0.00832	0.00555	0.00624	0.00624	0.00624	0.00555	0.00347	0.00832	0.00832	0.01109	0.01802	0.03743	0.02080	0.79898	0.02911	0.00555	0.00555	0.00832	0.00347	0.00347
4	0.00893	0.00737	0.01140	0.11812	0.01489	0.00727	0.07763	0.01192	0.01510	0.02094	0.54717	0.03687	0.07908	0.01034	0.00660	0.00183	0.00407	0.00935	0.00539	0.00573
5	0.01500	0.01157	0.01313	0.00975	0.01452	0.01037	0.00788	0.20120	0.03781	0.05513	0.01222	0.01320	0.00947	0.00520	0.00472	0.00115	0.00475	0.00408	0.02651	0.54235
6	0.01321	0.01100	0.01739	0.12236	0.34661	0.01078	0.03934	0.01633	0.01295	0.06851	0.04956	0.01810	0.04291	0.00603	0.00545	0.00160	0.00577	0.00552	0.08155	0.12506
7	0.04248	0.00638	0.00748	0.00772	0.00908	0.00599	0.00543	0.01052	0.05753	0.01622	0.06147	0.43453	0.14344	0.07688	0.00839	0.00231	0.00361	0.01236	0.00498	0.08320
8	0.01258	0.01160	0.05114	0.28384	0.12158	0.01291	0.01351	0.04547	0.01184	0.06280	0.01258	0.07709	0.01109	0.01003	0.05687	0.00248	0.18641	0.00603	0.00323	0.00692
9	0.10964	0.03812	0.20942	0.05966	0.01798	0.02498	0.01176	0.07007	0.08958	0.11231	0.08298	0.01664	0.01374	0.00640	0.00525	0.00167	0.00583	0.00505	0.00420	0.11474

[dist]
# distance from previous block
# <min> <max>
6	45

[block]
# block no. 5 follows, 41 sequences, length 8
# corresponding to MSA columns:
# 557-564
name=unknown_F
#
# <colnr> <probs for GDERKNQSTAVLIFYWHMCP>
#	G	D	E	R	K	N	Q	S	T	A	V	L	I	F	Y	W	H	M	C	P
0	0.17981	0.13134	0.12225	0.03852	0.01611	0.05648	0.01039	0.09392	0.08357	0.10976	0.01462	0.09372	0.01226	0.00721	0.00509	0.00175	0.00583	0.00556	0.00419	0.00761
1	0.05403	0.28214	0.07470	0.08161	0.01743	0.07284	0.01023	0.04948	0.01290	0.06204	0.01076	0.03496	0.00900	0.00556	0.00455	0.00137	0.00607	0.00411	0.00328	0.20293
2	0.03804	0.26223	0.20595	0.01192	0.01698	0.01514	0.03045	0.10737	0.03464	0.07235	0.01392	0.11319	0.01236	0.00718	0.00513	0.00165	0.00620	0.00570	0.00371	0.03589
3	0.12473	0.10638	0.07955	0.01075	0.01386	0.01229	0.04837	0.06622	0.09765	0.01919	0.05140	0.06156	0.06264	0.10487	0.00921	0.00235	0.05214	0.06616	0.00408	0.00658
4	0.04942	0.05280	0.15025	0.08402	0.01870	0.01296	0.05639	0.04347	0.06960	0.09332	0.03797	0.09412	0.01376	0.00948	0.03599	0.00225	0.15809	0.00634	0.00381	0.00726
5	0.01016	0.00759	0.01094	0.10871	0.01459	0.00771	0.03483	0.02762	0.01144	0.04168	0.07489	0.08734	0.05324	0.04750	0.21572	0.08032	0.00776	0.02005	0.02301	0.11490
6	0.04251	0.01151	0.05755	0.14108	0.01995	0.01030	0.09514	0.05949	0.01269	0.05943	0.01214	0.01511	0.00961	0.01065	0.11696	0.00257	0.00740	0.00479	0.02742	0.28371
7	0.01523	0.01478	0.01691	0.01452	0.01543	0.14622	0.01189	0.01661	0.01073	0.08306	0.00912	0.01278	0.00810	0.00904	0.01525	0.00226	0.58359	0.00485	0.00300	0.00664

[dist]
# distance from previous block
# <min> <max>
0	1

[block]
# block no. 6 follows, 41 sequences, length 11
# corresponding to MSA columns:
# 566-576
name=unknown_G
#
# <colnr> <probs for GDERKNQSTAVLIFYWHMCP>
#	G	D	E	R	K	N	Q	S	T	A	V	L	I	F	Y	W	H	M	C	P
0	0.01052	0.00699	0.01044	0.01093	0.06250	0.00766	0.00788	0.01270	0.01032	0.09313	0.01590	0.02154	0.01394	0.03512	0.61213	0.00759	0.01314	0.00599	0.03573	0.00587
1	0.01217	0.04180	0.22416	0.16359	0.04572	0.01064	0.01275	0.03422	0.01208	0.09492	0.01615	0.07973	0.03623	0.09734	0.07615	0.00289	0.00733	0.00639	0.01888	0.00688
2	0.01523	0.17683	0.05216	0.05448	0.04178	0.03392	0.02124	0.07711	0.13450	0.10907	0.04158	0.01626	0.01254	0.00943	0.07225	0.00223	0.01850	0.00501	0.00415	0.10170
3	0.01296	0.02750	0.68996	0.01566	0.02369	0.01277	0.01980	0.01914	0.01253	0.09677	0.01156	0.01285	0.00797	0.00561	0.00547	0.00181	0.00808	0.00439	0.00290	0.00859
4	0.00699	0.00570	0.00618	0.00628	0.00792	0.00489	0.00463	0.00856	0.01324	0.01646	0.15943	0.14859	0.56220	0.01451	0.00683	0.00196	0.00292	0.01235	0.00546	0.00489
5	0.01534	0.01339	0.01821	0.16935	0.21372	0.06373	0.05905	0.13231	0.10657	0.05302	0.01354	0.01570	0.01035	0.00618	0.00598	0.00177	0.02746	0.00532	0.06090	0.00809
6	0.13234	0.01551	0.01402	0.01155	0.01546	0.20262	0.00923	0.15052	0.05151	0.31742	0.01567	0.01490	0.01077	0.00654	0.00531	0.00169	0.00640	0.00481	0.00528	0.00845
7	0.00842	0.00549	0.00707	0.00785	0.00857	0.00511	0.00540	0.00948	0.01123	0.06190	0.03123	0.55599	0.08976	0.11568	0.00995	0.00268	0.00376	0.05036	0.00519	0.00486
8	0.01389	0.05030	0.09789	0.02158	0.31775	0.01276	0.04881	0.03616	0.09685	0.06583	0.04905	0.06541	0.01389	0.00683	0.00619	0.00176	0.03485	0.00605	0.00378	0.05037
9	0.06103	0.00654	0.00884	0.00870	0.00975	0.00757	0.00666	0.01076	0.00931	0.01439	0.01511	0.02285	0.01429	0.11952	0.56626	0.00755	0.03951	0.00608	0.06023	0.00505
10	0.01787	0.01300	0.01652	0.03280	0.01765	0.06431	0.10982	0.19258	0.04214	0.19099	0.01637	0.06349	0.01294	0.00710	0.00575	0.00167	0.00611	0.03223	0.00492	0.15173

[dist]
# distance from previous block
# <min> <max>
0	2

[block]
# block no. 7 follows, 41 sequences, length 6
# corresponding to MSA columns:
# 580-585
name=unknown_H
#
# <colnr> <probs for GDERKNQSTAVLIFYWHMCP>
#	G	D	E	R	K	N	Q	S	T	A	V	L	I	F	Y	W	H	M	C	P
0	0.01528	0.15093	0.07187	0.01138	0.03305	0.01255	0.03062	0.10889	0.03993	0.12175	0.01309	0.01451	0.01019	0.01019	0.10216	0.00236	0.00684	0.00453	0.00397	0.23591
1	0.01162	0.00753	0.03769	0.00881	0.01036	0.00656	0.03062	0.03627	0.00955	0.05358	0.01085	0.01641	0.00983	0.01571	0.01744	0.59575	0.00520	0.00485	0.00297	0.10839
2	0.01187	0.01391	0.09797	0.01856	0.02317	0.01167	0.45968	0.01599	0.01282	0.01797	0.01592	0.13550	0.01454	0.00750	0.00649	0.00195	0.00773	0.03846	0.08130	0.00699
3	0.00902	0.00749	0.01120	0.08570	0.01425	0.00719	0.07611	0.01143	0.03397	0.01623	0.07727	0.40246	0.02788	0.05731	0.00788	0.00220	0.00463	0.03339	0.00455	0.10984
4	0.10398	0.11671	0.20739	0.01531	0.05575	0.03978	0.14716	0.01986	0.09323	0.08662	0.05062	0.01530	0.01161	0.00596	0.00539	0.00175	0.00688	0.00514	0.00365	0.00792
5	0.01588	0.01324	0.08328	0.01043	0.01447	0.10515	0.00894	0.01926	0.05612	0.21151	0.10297	0.08121	0.01787	0.00747	0.00549	0.00155	0.00533	0.00614	0.00483	0.22890

[dist]
# distance from previous block
# <min> <max>
9	32

[block]
# block no. 8 follows, 41 sequences, length 22
# corresponding to MSA columns:
# 620-641
name=unknown_I
#
# <colnr> <probs for GDERKNQSTAVLIFYWHMCP>
#	G	D	E	R	K	N	Q	S	T	A	V	L	I	F	Y	W	H	M	C	P
0	0.01582	0.21012	0.22630	0.01363	0.04931	0.08273	0.01314	0.07913	0.01385	0.10751	0.01218	0.04917	0.00989	0.00649	0.00597	0.00166	0.05776	0.00478	0.00350	0.03710
1	0.01528	0.16114	0.15861	0.01390	0.06673	0.02975	0.05985	0.15178	0.01566	0.09796	0.06456	0.07470	0.05076	0.00749	0.00558	0.00172	0.00623	0.00622	0.00419	0.00791
2	0.05800	0.01070	0.01366	0.01172	0.04617	0.01048	0.03159	0.12204	0.10568	0.35154	0.04823	0.09650	0.01683	0.00804	0.00581	0.00180	0.00497	0.00676	0.00590	0.04357
3	0.09148	0.04174	0.01450	0.01258	0.06830	0.10390	0.00931	0.13625	0.18566	0.06512	0.01550	0.01573	0.03336	0.00632	0.00513	0.00156	0.00562	0.00489	0.00448	0.17859
4	0.05468	0.00730	0.00970	0.00891	0.01077	0.00769	0.00695	0.01504	0.01135	0.19740	0.01818	0.08304	0.01582	0.06186	0.33555	0.00514	0.04117	0.00667	0.09654	0.00624
5	0.05473	0.00940	0.01008	0.00966	0.01191	0.02585	0.00747	0.05382	0.29074	0.02086	0.09564	0.16892	0.11588	0.01143	0.00638	0.00204	0.00423	0.08867	0.00546	0.00683
6	0.00927	0.00608	0.03310	0.00803	0.00858	0.00560	0.00588	0.00859	0.00887	0.01205	0.04901	0.09649	0.01695	0.08212	0.10248	0.49367	0.00602	0.04049	0.00320	0.00352
7	0.00774	0.00583	0.00715	0.00682	0.00832	0.00524	0.00511	0.01010	0.01534	0.02092	0.57088	0.04605	0.24463	0.01245	0.00675	0.00183	0.00275	0.01081	0.00603	0.00524
8	0.01619	0.58653	0.08959	0.01095	0.01589	0.06123	0.01087	0.06391	0.01306	0.05488	0.00932	0.01038	0.00785	0.00535	0.00448	0.00138	0.02408	0.00351	0.00292	0.00765
9	0.01585	0.01316	0.01437	0.01315	0.05322	0.01495	0.00988	0.18420	0.55856	0.02629	0.02058	0.01933	0.01536	0.00743	0.00579	0.00188	0.00502	0.00611	0.00565	0.00920
10	0.01167	0.05429	0.30728	0.01361	0.04327	0.01131	0.06326	0.05142	0.03471	0.01962	0.13593	0.06859	0.01772	0.00715	0.00563	0.00167	0.00621	0.00615	0.00370	0.13683
11	0.01325	0.20553	0.43705	0.01601	0.05350	0.01546	0.09142	0.01867	0.04036	0.04210	0.01078	0.01243	0.00811	0.00537	0.00519	0.00169	0.00770	0.00439	0.00277	0.00821
12	0.16151	0.12425	0.01814	0.01632	0.18699	0.02744	0.03839	0.07003	0.07435	0.20773	0.01404	0.01447	0.01028	0.00594	0.00508	0.00169	0.00576	0.00478	0.00440	0.00844
13	0.00715	0.00509	0.00676	0.00801	0.00839	0.00478	0.00543	0.00822	0.01107	0.01477	0.04643	0.71814	0.03733	0.04576	0.00810	0.00244	0.00348	0.04874	0.00526	0.00465
14	0.01342	0.05940	0.11421	0.05618	0.13566	0.01104	0.08078	0.04659	0.02961	0.11519	0.13337	0.05153	0.07990	0.00823	0.00605	0.00183	0.00583	0.03929	0.00440	0.00749
15	0.01589	0.05020	0.22038	0.01844	0.11599	0.01382	0.16982	0.13593	0.01535	0.12398	0.01339	0.03964	0.01014	0.00620	0.00612	0.00181	0.02493	0.00559	0.00384	0.00854
16	0.00849	0.00604	0.00826	0.00949	0.01043	0.00594	0.00769	0.01047	0.01220	0.01598	0.02985	0.27910	0.03358	0.06741	0.00910	0.00273	0.00471	0.46839	0.00516	0.00497
17	0.01082	0.00698	0.00915	0.00963	0.04548	0.00669	0.00721	0.03863	0.01444	0.08707	0.23428	0.11049	0.09046	0.01211	0.00662	0.00202	0.00397	0.20033	0.09768	0.00596
18	0.01735	0.03242	0.09989	0.01847	0.17151	0.07279	0.11316	0.07805	0.07747	0.19760	0.01572	0.05368	0.01202	0.00661	0.00582	0.00178	0.00677	0.00590	0.00441	0.00858
19	0.01685	0.04810	0.07929	0.08578	0.07551	0.06347	0.01181	0.20417	0.11220	0.11424	0.03157	0.05319	0.01312	0.00743	0.00636	0.00182	0.04445	0.01774	0.00462	0.00829
20	0.00701	0.00515	0.00658	0.00760	0.00823	0.00472	0.00518	0.00818	0.01160	0.01527	0.08280	0.63879	0.14388	0.01702	0.00719	0.00223	0.00322	0.01527	0.00537	0.00472
21	0.01518	0.01642	0.10911	0.14777	0.07705	0.15669	0.04839	0.06641	0.11286	0.07135	0.01545	0.05189	0.01295	0.00741	0.00589	0.00186	0.00720	0.06459	0.00394	0.00759

[dist]
# distance from previous block
# <min> <max>
1	31

[block]
# block no. 9 follows, 41 sequences, length 28
# corresponding to MSA columns:
# 677-704
name=unknown_J
#
# <colnr> <probs for GDERKNQSTAVLIFYWHMCP>
#	G	D	E	R	K	N	Q	S	T	A	V	L	I	F	Y	W	H	M	C	P
0	0.01610	0.01234	0.13300	0.01059	0.01443	0.00962	0.00971	0.05445	0.11523	0.26805	0.17049	0.05634	0.02233	0.00833	0.00611	0.00181	0.01945	0.00692	0.05671	0.00800
1	0.01414	0.07093	0.04359	0.35584	0.15819	0.05889	0.04736	0.07767	0.01366	0.05217	0.01097	0.01414	0.00839	0.00560	0.00550	0.00172	0.00725	0.00486	0.00314	0.04599
2	0.01150	0.01468	0.24596	0.01169	0.01583	0.00943	0.04509	0.07290	0.01494	0.06656	0.25905	0.08755	0.05463	0.00962	0.00632	0.00190	0.00545	0.05518	0.00476	0.00698
3	0.00721	0.00564	0.00641	0.00670	0.00804	0.00500	0.00485	0.00867	0.01265	0.01599	0.13856	0.21281	0.42539	0.07255	0.00857	0.00230	0.00327	0.04534	0.00530	0.00478
4	0.02566	0.00973	0.01327	0.01018	0.01460	0.00841	0.00841	0.02788	0.01637	0.76726	0.02257	0.01947	0.01416	0.00708	0.00575	0.00177	0.00487	0.00575	0.00708	0.00973
5	0.00775	0.00587	0.00717	0.00694	0.00846	0.00528	0.00527	0.01007	0.01510	0.02042	0.51489	0.04747	0.26425	0.01273	0.00681	0.00188	0.00288	0.04559	0.00595	0.00522
6	0.01529	0.80242	0.02997	0.00979	0.01468	0.02263	0.00979	0.01713	0.01162	0.01346	0.00795	0.00918	0.00734	0.00489	0.00367	0.00122	0.00612	0.00306	0.00245	0.00734
7	0.00709	0.00507	0.00676	0.00799	0.00840	0.00474	0.00541	0.00822	0.01130	0.01513	0.07232	0.73475	0.03861	0.01752	0.00728	0.00230	0.00333	0.03371	0.00536	0.00470
8	0.01147	0.02959	0.76934	0.01630	0.02476	0.01328	0.02113	0.01811	0.01208	0.01811	0.01026	0.01208	0.00725	0.00543	0.00543	0.00181	0.00845	0.00423	0.00242	0.00845
9	0.01657	0.01378	0.01641	0.01391	0.01527	0.11247	0.01141	0.01806	0.01140	0.18117	0.01102	0.01378	0.00897	0.00883	0.01414	0.00221	0.51495	0.00500	0.00358	0.00708
10	0.01251	0.01251	0.01752	0.01502	0.01502	0.01752	0.01251	0.01377	0.00876	0.01377	0.00751	0.01251	0.00751	0.01001	0.01877	0.00250	0.78851	0.00501	0.00250	0.00626
11	0.02146	0.01683	0.01689	0.01328	0.01746	0.10233	0.01085	0.59688	0.02438	0.06656	0.01331	0.01356	0.00957	0.00691	0.00625	0.00173	0.04217	0.00501	0.00533	0.00922
12	0.00882	0.00673	0.00970	0.01020	0.04619	0.00766	0.00716	0.01018	0.00925	0.01313	0.01602	0.08903	0.01638	0.16506	0.44389	0.05328	0.07199	0.00716	0.00324	0.00492
13	0.01130	0.01073	0.01704	0.59529	0.03338	0.01374	0.01490	0.01516	0.04455	0.01487	0.01023	0.01498	0.00805	0.00667	0.00835	0.00203	0.16447	0.00513	0.00268	0.00646
14	0.02092	0.01561	0.01670	0.01299	0.01742	0.01735	0.01067	0.66589	0.10657	0.03472	0.01478	0.01457	0.01058	0.00696	0.00573	0.00174	0.00610	0.00529	0.00573	0.00965
15	0.00825	0.00582	0.00765	0.00765	0.00813	0.00631	0.00522	0.00922	0.00874	0.01213	0.01673	0.03030	0.01770	0.43846	0.38539	0.00728	0.01021	0.00727	0.00327	0.00425
16	0.05114	0.01188	0.01965	0.05883	0.02053	0.03426	0.27789	0.09374	0.01455	0.07281	0.01848	0.12082	0.01743	0.00913	0.00662	0.00206	0.00696	0.15191	0.00428	0.00703
17	0.83938	0.01106	0.00841	0.00752	0.01106	0.01283	0.00619	0.01681	0.00973	0.02566	0.00796	0.00929	0.00619	0.00531	0.00354	0.00177	0.00442	0.00310	0.00354	0.00619
18	0.00758	0.00537	0.00654	0.00718	0.00764	0.00510	0.00470	0.00838	0.01047	0.01377	0.05256	0.38022	0.11017	0.30531	0.01529	0.00347	0.00416	0.04315	0.00466	0.00428
19	0.01071	0.00872	0.00986	0.00944	0.01148	0.00942	0.00708	0.01939	0.36713	0.02114	0.20730	0.20897	0.06313	0.01139	0.00643	0.00199	0.00373	0.00995	0.00580	0.00695
20	0.01107	0.00573	0.00577	0.00562	0.00707	0.00579	0.00425	0.04045	0.01255	0.02187	0.01848	0.02104	0.01448	0.00667	0.00406	0.00135	0.00280	0.00532	0.80012	0.00549
21	0.00697	0.00498	0.00664	0.00796	0.00830	0.00465	0.00531	0.00796	0.01095	0.01460	0.03153	0.79525	0.03783	0.01792	0.00730	0.00232	0.00332	0.01626	0.00531	0.00465
22	0.00868	0.00634	0.00852	0.00964	0.01097	0.00618	0.00820	0.01101	0.01297	0.01668	0.03438	0.12162	0.13843	0.01578	0.00769	0.00251	0.00477	0.56520	0.00528	0.00515
23	0.01350	0.01543	0.03375	0.02411	0.02989	0.01446	0.74253	0.01832	0.01350	0.01832	0.01157	0.01543	0.00868	0.00482	0.00675	0.00193	0.00964	0.00675	0.00289	0.00771
24	0.00692	0.00561	0.00615	0.00641	0.00793	0.00484	0.00466	0.00837	0.01283	0.01590	0.11204	0.22308	0.53526	0.01503	0.00688	0.00201	0.00298	0.01288	0.00540	0.00484
25	0.02098	0.01564	0.01673	0.01301	0.01745	0.01738	0.01069	0.67132	0.10105	0.03481	0.01471	0.01451	0.01052	0.00696	0.00573	0.00174	0.00611	0.00528	0.00573	0.00966
26	0.01344	0.01068	0.01151	0.01035	0.01326	0.01180	0.00802	0.05795	0.49280	0.06381	0.02832	0.05003	0.13884	0.03002	0.03093	0.00225	0.00469	0.00761	0.00564	0.00804
27	0.01484	0.04562	0.01478	0.30277	0.07807	0.01027	0.01117	0.01692	0.01225	0.20794	0.02713	0.01791	0.01130	0.00883	0.00860	0.15048	0.00602	0.01796	0.03044	0.00671

[dist]
# distance from previous block
# <min> <max>
0	32

[block]
# block no. 10 follows, 41 sequences, length 9
# corresponding to MSA columns:
# 737-745
name=unknown_K
#
# <colnr> <probs for GDERKNQSTAVLIFYWHMCP>
#	G	D	E	R	K	N	Q	S	T	A	V	L	I	F	Y	W	H	M	C	P
0	0.01390	0.01565	0.19987	0.12473	0.02092	0.03248	0.07548	0.08544	0.04683	0.08217	0.01364	0.01592	0.01021	0.00777	0.03570	0.00207	0.06411	0.00518	0.14044	0.00749
1	0.01617	0.69019	0.02798	0.01050	0.01512	0.13171	0.00997	0.01795	0.01229	0.01354	0.00808	0.00934	0.00734	0.00504	0.00389	0.00126	0.00672	0.00315	0.00252	0.00724
2	0.00975	0.00589	0.00757	0.00735	0.00789	0.00602	0.00485	0.01000	0.00896	0.06501	0.01657	0.02993	0.01730	0.46198	0.19174	0.12685	0.00758	0.00716	0.00349	0.00413
3	0.00705	0.00516	0.00663	0.00763	0.00825	0.00474	0.00520	0.00826	0.01169	0.01548	0.10289	0.63682	0.12529	0.01693	0.00718	0.00223	0.00321	0.01521	0.00540	0.00474
4	0.00766	0.00583	0.00704	0.00674	0.00828	0.00521	0.00505	0.00995	0.01516	0.02049	0.53064	0.04675	0.28514	0.01261	0.00675	0.00184	0.00276	0.01091	0.00597	0.00521
5	0.01529	0.80242	0.02997	0.00979	0.01468	0.02263	0.00979	0.01713	0.01162	0.01346	0.00795	0.00918	0.00734	0.00489	0.00367	0.00122	0.00612	0.00306	0.00245	0.00734
6	0.01321	0.01069	0.01179	0.01035	0.01348	0.01150	0.00805	0.02460	0.49328	0.05250	0.16477	0.02430	0.02336	0.00808	0.00581	0.00178	0.00415	0.00683	0.00568	0.10580
7	0.00713	0.00512	0.00652	0.00757	0.00798	0.00478	0.00499	0.00803	0.01076	0.01420	0.03172	0.63839	0.09006	0.12183	0.01017	0.00272	0.00358	0.01489	0.00506	0.00450
8	0.02067	0.01167	0.05992	0.01376	0.11542	0.00968	0.01022	0.02427	0.06397	0.47264	0.01864	0.01742	0.01252	0.00638	0.00552	0.00165	0.00523	0.00530	0.00565	0.11945

[dist]
# distance from previous block
# <min> <max>
0	2

[block]
# block no. 11 follows, 41 sequences, length 6
# corresponding to MSA columns:
# 748-753
name=unknown_L
#
# <colnr> <probs for GDERKNQSTAVLIFYWHMCP>
#	G	D	E	R	K	N	Q	S	T	A	V	L	I	F	Y	W	H	M	C	P
0	0.00953	0.00570	0.00762	0.00816	0.00914	0.00522	0.00572	0.01089	0.01229	0.11315	0.11842	0.60378	0.03671	0.01576	0.00703	0.00219	0.00344	0.01418	0.00566	0.00540
1	0.01015	0.00853	0.01382	0.53169	0.02893	0.01022	0.01221	0.01240	0.01047	0.01354	0.01242	0.07375	0.01143	0.08550	0.01071	0.13318	0.00670	0.00618	0.00282	0.00534
2	0.13196	0.11616	0.01688	0.14131	0.05878	0.11142	0.01090	0.09641	0.07232	0.07068	0.01170	0.01399	0.00929	0.03148	0.00709	0.00188	0.08212	0.00462	0.00367	0.00735
3	0.06221	0.09165	0.16813	0.01564	0.11619	0.01418	0.03917	0.09826	0.01285	0.01874	0.04470	0.01697	0.01168	0.10944	0.01086	0.00234	0.15120	0.00531	0.00326	0.00722
4	0.00739	0.00557	0.00689	0.00748	0.00859	0.00507	0.00549	0.00904	0.01285	0.01681	0.18590	0.35119	0.24550	0.01545	0.00710	0.00214	0.00329	0.09381	0.00550	0.00492
5	0.11286	0.01403	0.04691	0.01348	0.01661	0.11150	0.13683	0.01558	0.01123	0.01663	0.00938	0.01284	0.00802	0.00800	0.01023	0.10954	0.17481	0.00456	0.00292	0.16405

[dist]
# distance from previous block
# <min> <max>
0	1

[block]
# block no. 12 follows, 41 sequences, length 61
# corresponding to MSA columns:
# 755-774,789-792,799-816,821-839
name=unknown_M
#
# <colnr> <probs for GDERKNQSTAVLIFYWHMCP>
#	G	D	E	R	K	N	Q	S	T	A	V	L	I	F	Y	W	H	M	C	P
0	0.01247	0.00954	0.03882	0.08754	0.01507	0.00984	0.00904	0.01740	0.15399	0.12578	0.14505	0.16635	0.03627	0.01151	0.03208	0.00226	0.09438	0.02068	0.00505	0.00686
1	0.00706	0.00504	0.00674	0.00807	0.00844	0.00472	0.00547	0.00812	0.01104	0.01470	0.03148	0.76565	0.03763	0.01783	0.00733	0.00234	0.00340	0.04496	0.00531	0.00467
2	0.07418	0.06575	0.01621	0.01305	0.01626	0.39943	0.03437	0.02189	0.01472	0.18446	0.01259	0.03941	0.00991	0.00675	0.00626	0.00167	0.06718	0.00471	0.00393	0.00728
3	0.06772	0.08588	0.16165	0.03442	0.01884	0.01259	0.10712	0.04409	0.06714	0.05371	0.01162	0.01319	0.00893	0.00536	0.00538	0.00150	0.02796	0.00443	0.00345	0.26503
4	0.00868	0.00637	0.00785	0.00756	0.00909	0.00606	0.00573	0.01126	0.04004	0.04739	0.39200	0.12610	0.23372	0.01287	0.00721	0.00195	0.03136	0.03351	0.00577	0.00548
5	0.00844	0.00578	0.00665	0.00680	0.00700	0.00582	0.00411	0.00923	0.03492	0.01216	0.02006	0.10926	0.02286	0.66032	0.02523	0.00498	0.00529	0.04342	0.00381	0.00386
6	0.01655	0.00866	0.01037	0.05435	0.01302	0.00878	0.00727	0.04617	0.14686	0.26361	0.02008	0.02011	0.01442	0.00695	0.00505	0.00163	0.00413	0.00565	0.33870	0.00764
7	0.01693	0.59337	0.02626	0.01112	0.01549	0.22582	0.01013	0.01867	0.01286	0.01360	0.00819	0.00948	0.00735	0.00516	0.00407	0.00129	0.00725	0.00323	0.00258	0.00715
8	0.01191	0.01034	0.01229	0.00897	0.01367	0.00837	0.00721	0.01435	0.01163	0.01827	0.00997	0.01191	0.00840	0.00467	0.00534	0.00097	0.06368	0.00351	0.00332	0.77121
9	0.07139	0.05316	0.11224	0.01415	0.08237	0.04049	0.01155	0.13676	0.21649	0.15312	0.01613	0.01596	0.01172	0.00668	0.00588	0.00179	0.03135	0.00520	0.00481	0.00876
10	0.01030	0.00915	0.01343	0.03157	0.29999	0.00886	0.01008	0.01343	0.04371	0.01877	0.20133	0.03434	0.26268	0.00979	0.00628	0.00181	0.00450	0.00863	0.00456	0.00679
11	0.00787	0.00566	0.00748	0.00763	0.00870	0.00528	0.00563	0.01010	0.01458	0.02030	0.51505	0.24646	0.04821	0.01364	0.00697	0.00200	0.00304	0.06025	0.00596	0.00519
12	0.01416	0.01359	0.02322	0.03511	0.76330	0.01359	0.01755	0.01755	0.01302	0.01869	0.01076	0.01416	0.00906	0.00510	0.00566	0.00170	0.00680	0.00510	0.00283	0.00906
13	0.00794	0.00584	0.00744	0.00704	0.00845	0.00533	0.00528	0.01050	0.01583	0.02209	0.68080	0.04412	0.13398	0.01201	0.00675	0.00181	0.00272	0.01054	0.00619	0.00533
14	0.00769	0.00541	0.00704	0.00808	0.00853	0.00521	0.00566	0.00878	0.01081	0.01433	0.02840	0.49388	0.03325	0.18476	0.01209	0.00307	0.00417	0.14944	0.00491	0.00451
15	0.01251	0.01251	0.01752	0.01502	0.01502	0.01752	0.01251	0.01377	0.00876	0.01377	0.00751	0.01251	0.00751	0.01001	0.01877	0.00250	0.78851	0.00501	0.00250	0.00626
16	0.83938	0.01106	0.00841	0.00752	0.01106	0.01283	0.00619	0.01681	0.00973	0.02566	0.00796	0.00929	0.00619	0.00531	0.00354	0.00177	0.00442	0.00310	0.00354	0.00619
17	0.02375	0.01093	0.01367	0.01056	0.01482	0.01041	0.00870	0.19619	0.01857	0.54557	0.02022	0.01823	0.01314	0.00700	0.00563	0.00173	0.00506	0.00558	0.06076	0.00944
18	0.01542	0.69119	0.08508	0.01062	0.01565	0.07310	0.01073	0.01759	0.01197	0.01385	0.00819	0.00947	0.00734	0.00500	0.00390	0.00128	0.00658	0.00319	0.00248	0.00738
19	0.01642	0.01263	0.01421	0.06288	0.01700	0.04403	0.01060	0.39850	0.02041	0.02681	0.01937	0.03232	0.01800	0.01003	0.00650	0.00206	0.00617	0.26908	0.00523	0.00774
20	0.01529	0.80242	0.02997	0.00979	0.01468	0.02263	0.00979	0.01713	0.01162	0.01346	0.00795	0.00918	0.00734	0.00489	0.00367	0.00122	0.00612	0.00306	0.00245	0.00734
21	0.00774	0.00594	0.00651	0.00629	0.00816	0.00509	0.00474	0.00952	0.01393	0.04300	0.22997	0.05079	0.56106	0.01354	0.00672	0.00189	0.00292	0.01143	0.00561	0.00514
22	0.04882	0.00699	0.01018	0.01095	0.06736	0.00667	0.05431	0.01109	0.01250	0.04350	0.16643	0.44135	0.05815	0.01378	0.00679	0.00210	0.00400	0.02431	0.00513	0.00559
23	0.00994	0.00497	0.00745	0.00745	0.00745	0.00497	0.00497	0.00745	0.00745	0.00994	0.00994	0.01739	0.00994	0.01987	0.02235	0.83358	0.00497	0.00497	0.00248	0.00248
24	0.00718	0.00511	0.00679	0.00805	0.00843	0.00482	0.00548	0.00824	0.01097	0.01460	0.03080	0.71093	0.03669	0.05530	0.00839	0.00250	0.00355	0.06234	0.00522	0.00463
25	0.01422	0.01509	0.03254	0.02329	0.02899	0.01411	0.69918	0.01889	0.01367	0.06255	0.01222	0.01567	0.00900	0.00495	0.00669	0.00192	0.00936	0.00669	0.00314	0.00783
26	0.01103	0.01040	0.01757	0.73451	0.08835	0.01277	0.01600	0.01481	0.01154	0.01489	0.01021	0.01518	0.00772	0.00568	0.00571	0.00189	0.00757	0.00508	0.00256	0.00654
27	0.01529	0.80242	0.02997	0.00979	0.01468	0.02263	0.00979	0.01713	0.01162	0.01346	0.00795	0.00918	0.00734	0.00489	0.00367	0.00122	0.00612	0.00306	0.00245	0.00734
28	0.00793	0.00531	0.00634	0.00687	0.00709	0.00517	0.00424	0.00851	0.00961	0.01316	0.02344	0.33819	0.02718	0.43596	0.01878	0.00399	0.00447	0.01129	0.05844	0.00406
