[name]
unknown

[dist]
# distance from previous block
# <min> <max>
0	1135

[block]
# block no. 0 follows, 38 sequences, length 56
# corresponding to MSA columns:
# 1375-1430
name=unknown_A
#
# <colnr> <probs for GDERKNQSTAVLIFYWHMCP>
#	G	D	E	R	K	N	Q	S	T	A	V	L	I	F	Y	W	H	M	C	P
0	0.01632	0.18768	0.01790	0.01149	0.01492	0.03860	0.02841	0.06444	0.07537	0.15076	0.12068	0.02485	0.01999	0.00871	0.00723	0.00187	0.08122	0.08108	0.00492	0.04357
1	0.14125	0.04246	0.01651	0.02731	0.10884	0.13634	0.01103	0.24246	0.10177	0.04945	0.01452	0.05619	0.01176	0.00724	0.00560	0.00182	0.00666	0.00558	0.00469	0.00855
2	0.01460	0.01379	0.02373	0.25127	0.21518	0.03827	0.19955	0.01887	0.03787	0.06669	0.01236	0.01598	0.00948	0.00602	0.00701	0.00197	0.05009	0.00585	0.00329	0.00811
3	0.01518	0.09809	0.03648	0.03682	0.11413	0.01429	0.14839	0.08440	0.10193	0.05352	0.05055	0.01669	0.01275	0.00628	0.00628	0.00170	0.03553	0.00560	0.00406	0.15735
4	0.00783	0.00574	0.00742	0.00863	0.00918	0.00555	0.00584	0.00994	0.05974	0.01601	0.03258	0.73421	0.03837	0.01814	0.00758	0.00242	0.00357	0.01642	0.00562	0.00519
5	0.01365	0.01139	0.01311	0.00947	0.01475	0.00922	0.00762	0.09625	0.01427	0.02168	0.01112	0.01270	0.00906	0.00477	0.00463	0.00099	0.00470	0.00377	0.00384	0.73301
6	0.01907	0.01344	0.01934	0.04098	0.31243	0.01325	0.02553	0.17216	0.01746	0.19635	0.01483	0.01590	0.01083	0.00616	0.00585	0.00172	0.00634	0.00537	0.00473	0.09826
7	0.01340	0.01268	0.02147	0.24227	0.50244	0.01341	0.01712	0.01693	0.01308	0.01816	0.01259	0.06616	0.01111	0.00644	0.00609	0.00189	0.00715	0.00613	0.00306	0.00842
8	0.01202	0.02977	0.70848	0.06725	0.02706	0.01393	0.02186	0.01881	0.01266	0.01881	0.01079	0.01292	0.00765	0.00574	0.00574	0.00191	0.00883	0.00450	0.00255	0.00874
9	0.02184	0.01579	0.05050	0.01342	0.01767	0.11266	0.04616	0.24348	0.01952	0.28054	0.01765	0.06699	0.01320	0.00791	0.00675	0.00189	0.04304	0.00624	0.00564	0.00911
10	0.06454	0.22964	0.03949	0.01407	0.09583	0.01603	0.01098	0.13892	0.07050	0.23959	0.01549	0.01524	0.01117	0.00645	0.00530	0.00170	0.00599	0.00495	0.00495	0.00917
11	0.00863	0.00650	0.00815	0.00903	0.00994	0.00651	0.00637	0.01220	0.11868	0.01743	0.07287	0.59515	0.03737	0.01680	0.00745	0.00237	0.00374	0.04946	0.00572	0.00564
12	0.00884	0.00609	0.00700	0.00691	0.00731	0.00587	0.00409	0.00913	0.00930	0.01259	0.01995	0.11844	0.02296	0.65318	0.02640	0.00514	0.00549	0.00931	0.00385	0.05816
13	0.01226	0.01152	0.01942	0.48001	0.27360	0.01311	0.01655	0.01593	0.01255	0.01678	0.01238	0.06653	0.01062	0.00665	0.00611	0.00196	0.00743	0.00613	0.00297	0.00750
14	0.01968	0.07955	0.13255	0.01400	0.01917	0.07362	0.01279	0.42760	0.11083	0.02987	0.01425	0.01451	0.01044	0.00687	0.00577	0.00179	0.00704	0.00515	0.00501	0.00950
15	0.00769	0.00633	0.00736	0.05743	0.01056	0.00573	0.00569	0.00959	0.01405	0.01767	0.19115	0.12170	0.49501	0.01439	0.00709	0.00204	0.00338	0.01227	0.00560	0.00528
16	0.01061	0.00814	0.01128	0.06039	0.01373	0.00817	0.04326	0.09000	0.01694	0.02332	0.43373	0.09820	0.04191	0.01205	0.00711	0.00206	0.00436	0.10259	0.00590	0.00628
17	0.01415	0.01357	0.02296	0.17465	0.58545	0.01430	0.01790	0.01771	0.01319	0.01862	0.01105	0.01503	0.00917	0.00571	0.00657	0.00186	0.04099	0.00535	0.00291	0.00886
18	0.01042	0.01041	0.09066	0.01020	0.01182	0.03429	0.00863	0.01262	0.01111	0.01646	0.01890	0.19491	0.01925	0.09299	0.13930	0.00373	0.12772	0.00844	0.17238	0.00577
19	0.00881	0.00672	0.00992	0.00980	0.01077	0.00794	0.00759	0.01081	0.00960	0.01387	0.01588	0.02393	0.01505	0.08022	0.69440	0.00916	0.05048	0.00650	0.00322	0.00534
20	0.01248	0.11017	0.68202	0.01643	0.02494	0.01499	0.02099	0.01894	0.01265	0.01854	0.01054	0.01238	0.00763	0.00566	0.00552	0.00184	0.00864	0.00432	0.00254	0.00877
21	0.03821	0.01064	0.01215	0.04937	0.04671	0.04464	0.02742	0.02006	0.23247	0.09957	0.03337	0.07377	0.23782	0.01065	0.00649	0.00203	0.00493	0.03678	0.00545	0.00747
22	0.10344	0.01400	0.02273	0.03378	0.67084	0.01421	0.01717	0.01838	0.01332	0.02045	0.01100	0.01433	0.00920	0.00538	0.00571	0.00179	0.00688	0.00513	0.00306	0.00920
23	0.01501	0.01736	0.06824	0.02300	0.02879	0.05595	0.57725	0.07435	0.01529	0.02034	0.01276	0.03896	0.00999	0.00575	0.00687	0.00199	0.00964	0.00696	0.00333	0.00816
24	0.00859	0.00645	0.00967	0.00967	0.01074	0.00752	0.00752	0.01074	0.00967	0.01396	0.01611	0.02363	0.01504	0.04512	0.76474	0.00967	0.01611	0.00645	0.00322	0.00537
25	0.01489	0.01429	0.02442	0.03692	0.75106	0.01429	0.01846	0.01846	0.01370	0.01965	0.01132	0.01489	0.00953	0.00536	0.00596	0.00179	0.00715	0.00536	0.00298	0.00953
26	0.01451	0.01390	0.02373	0.11690	0.67407	0.01419	0.01827	0.01813	0.01352	0.01919	0.01125	0.01501	0.00937	0.00543	0.00596	0.00181	0.00724	0.00536	0.00294	0.00922
27	0.58412	0.01121	0.01041	0.00877	0.01278	0.01207	0.00723	0.02126	0.01238	0.25065	0.01309	0.01306	0.00909	0.00616	0.00444	0.00186	0.00480	0.00412	0.00487	0.00766
28	0.00817	0.00619	0.00764	0.00854	0.00942	0.00602	0.00591	0.01105	0.09097	0.01678	0.05680	0.60428	0.11134	0.01711	0.00743	0.00234	0.00356	0.01534	0.00567	0.00543
29	0.01489	0.01429	0.02442	0.03692	0.75106	0.01429	0.01846	0.01846	0.01370	0.01965	0.01132	0.01489	0.00953	0.00536	0.00596	0.00179	0.00715	0.00536	0.00298	0.00953
30	0.02232	0.01158	0.01624	0.01276	0.01703	0.01134	0.08005	0.02811	0.17640	0.48100	0.02190	0.02009	0.01471	0.00754	0.00692	0.00196	0.04765	0.00628	0.00646	0.00967
31	0.02592	0.01122	0.01448	0.01118	0.01580	0.01040	0.00921	0.12139	0.05028	0.62930	0.02255	0.01977	0.01443	0.00745	0.00605	0.00186	0.00530	0.00600	0.00720	0.01021
32	0.01581	0.74030	0.08103	0.01076	0.01616	0.02313	0.01111	0.01808	0.01226	0.01449	0.00853	0.00986	0.00771	0.00519	0.00399	0.00133	0.00660	0.00330	0.00257	0.00780
33	0.02034	0.01202	0.01684	0.01328	0.01754	0.01191	0.11222	0.09259	0.19620	0.34633	0.04145	0.05786	0.01684	0.00795	0.00632	0.00195	0.00575	0.00700	0.00624	0.00937
34	0.00736	0.00610	0.00644	0.00635	0.00828	0.00518	0.00476	0.00911	0.01429	0.01763	0.18128	0.05562	0.62742	0.01472	0.00711	0.00201	0.00301	0.01238	0.00577	0.00518
35	0.00733	0.00524	0.00698	0.00838	0.00873	0.00489	0.00558	0.00838	0.01152	0.01536	0.03316	0.78466	0.03979	0.01885	0.00768	0.00244	0.00349	0.01710	0.00558	0.00489
36	0.01595	0.01359	0.02282	0.08718	0.62013	0.01364	0.01729	0.01942	0.01396	0.09915	0.01262	0.01558	0.01000	0.00563	0.00597	0.00181	0.00699	0.00543	0.00344	0.00940
37	0.01489	0.01429	0.02442	0.03692	0.75106	0.01429	0.01846	0.01846	0.01370	0.01965	0.01132	0.01489	0.00953	0.00536	0.00596	0.00179	0.00715	0.00536	0.00298	0.00953
38	0.00982	0.00769	0.00949	0.00899	0.00959	0.03337	0.01905	0.01085	0.00962	0.01336	0.01660	0.02996	0.01746	0.41544	0.24368	0.00623	0.08582	0.00738	0.04087	0.00473
39	0.01247	0.01069	0.01247	0.00891	0.01426	0.00802	0.00713	0.01515	0.01247	0.01960	0.01069	0.01247	0.00891	0.00446	0.00446	0.00089	0.00446	0.00356	0.00356	0.82536
40	0.01619	0.18629	0.21963	0.01538	0.05547	0.11581	0.01446	0.10902	0.09069	0.01996	0.01168	0.01320	0.00923	0.00661	0.00690	0.00180	0.09122	0.00461	0.00346	0.00840
41	0.01327	0.01349	0.02028	0.01683	0.01749	0.01808	0.09085	0.01500	0.00975	0.01500	0.00836	0.01349	0.00803	0.00994	0.01837	0.00257	0.69431	0.00546	0.00268	0.00675
42	0.83108	0.01163	0.00884	0.00791	0.01163	0.01350	0.00651	0.01768	0.01024	0.02699	0.00838	0.00977	0.00651	0.00558	0.00372	0.00186	0.00465	0.00326	0.00372	0.00651
43	0.01207	0.03112	0.75741	0.01715	0.02604	0.01397	0.02223	0.01905	0.01270	0.01905	0.01080	0.01270	0.00762	0.00572	0.00572	0.00191	0.00889	0.00445	0.00254	0.00889
44	0.01496	0.01292	0.01360	0.01224	0.01564	0.01496	0.00952	0.03197	0.74019	0.02516	0.02448	0.02244	0.01836	0.00816	0.00612	0.00204	0.00476	0.00680	0.00612	0.00952
45	0.00839	0.00686	0.00884	0.00956	0.01032	0.04020	0.04003	0.00969	0.01194	0.01557	0.03105	0.69845	0.03677	0.01757	0.00756	0.00239	0.00418	0.03012	0.00535	0.00515
46	0.02699	0.01024	0.01396	0.01070	0.01536	0.00884	0.00884	0.02932	0.01722	0.75522	0.02373	0.02048	0.01489	0.00745	0.00605	0.00186	0.00512	0.00605	0.00745	0.01024
47	0.00944	0.00674	0.00940	0.01079	0.01206	0.00670	0.00925	0.01202	0.01360	0.01772	0.03199	0.14562	0.03518	0.01686	0.00824	0.00273	0.00532	0.63533	0.00554	0.00547
48	0.01443	0.01383	0.02359	0.13239	0.65917	0.01417	0.01823	0.01806	0.01348	0.01910	0.01123	0.01504	0.00933	0.00544	0.00596	0.00181	0.00726	0.00536	0.00294	0.00916
49	0.74384	0.01148	0.00940	0.00821	0.01204	0.01299	0.00677	0.01895	0.01100	0.10600	0.01004	0.01093	0.00742	0.00579	0.00398	0.00186	0.00470	0.00356	0.00413	0.00692
50	0.00733	0.00524	0.00698	0.00838	0.00873	0.00489	0.00558	0.00838	0.01152	0.01536	0.03316	0.78466	0.03979	0.01885	0.00768	0.00244	0.00349	0.01710	0.00558	0.00489
51	0.01311	0.01004	0.01081	0.00987	0.01265	0.01087	0.00762	0.02350	0.41703	0.06275	0.08697	0.04818	0.15371	0.00985	0.00620	0.00196	0.00408	0.00826	0.09464	0.00792
52	0.00822	0.00599	0.00747	0.00834	0.00910	0.00570	0.00570	0.04782	0.01254	0.01651	0.03450	0.62969	0.11426	0.05307	0.00858	0.00252	0.00372	0.01560	0.00552	0.00514
53	0.01940	0.02204	0.01606	0.07312	0.01909	0.48125	0.01132	0.11749	0.01699	0.01781	0.01122	0.01382	0.00930	0.01267	0.12933	0.00294	0.01091	0.00462	0.00348	0.00713
54	0.01342	0.00824	0.01003	0.01072	0.08991	0.00850	0.00716	0.10171	0.01436	0.05908	0.01791	0.02159	0.01444	0.05331	0.08235	0.00259	0.00535	0.00583	0.46681	0.00669
55	0.00935	0.00679	0.00919	0.01044	0.01166	0.00680	0.00863	0.01238	0.04909	0.01768	0.03182	0.24925	0.03514	0.01677	0.00804	0.00265	0.00498	0.49818	0.00558	0.00557

[dist]
# distance from previous block
# <min> <max>
1	5

[block]
# block no. 1 follows, 38 sequences, length 50
# corresponding to MSA columns:
# 1487-1519,1526-1542
name=unknown_B
#
# <colnr> <probs for GDERKNQSTAVLIFYWHMCP>
#	G	D	E	R	K	N	Q	S	T	A	V	L	I	F	Y	W	H	M	C	P
0	0.01257	0.01300	0.07449	0.26072	0.31360	0.01243	0.01617	0.01636	0.01307	0.01798	0.01458	0.02407	0.01319	0.00748	0.00629	0.00199	0.00715	0.12630	0.00332	0.04525
1	0.05822	0.01397	0.02326	0.07321	0.67522	0.01420	0.01774	0.01826	0.01343	0.01982	0.01113	0.01468	0.00929	0.00541	0.00584	0.00180	0.00706	0.00525	0.00300	0.00922
2	0.05789	0.24194	0.28874	0.01728	0.14520	0.01649	0.01557	0.01957	0.06449	0.03970	0.03270	0.01389	0.01031	0.00590	0.00520	0.00171	0.00709	0.00459	0.00320	0.00853
3	0.01246	0.05998	0.63854	0.01798	0.07961	0.01412	0.02077	0.01879	0.01275	0.01892	0.01073	0.01273	0.00783	0.00561	0.00560	0.00182	0.00846	0.00442	0.00262	0.04626
4	0.02699	0.01024	0.01396	0.01070	0.01536	0.00884	0.00884	0.02932	0.01722	0.75522	0.02373	0.02048	0.01489	0.00745	0.00605	0.00186	0.00512	0.00605	0.00745	0.01024
5	0.00923	0.00756	0.01131	0.01066	0.01170	0.00862	0.04595	0.01107	0.01045	0.01476	0.04183	0.15549	0.04310	0.08799	0.39591	0.00634	0.11013	0.00867	0.00375	0.00546
6	0.01466	0.22400	0.49358	0.01472	0.02220	0.01595	0.01777	0.01986	0.01305	0.09482	0.01153	0.01273	0.00841	0.00575	0.00527	0.00174	0.00787	0.00430	0.00306	0.00873
7	0.00996	0.00805	0.00920	0.00945	0.01011	0.05443	0.00693	0.01123	0.01118	0.01492	0.02303	0.23300	0.02568	0.23749	0.06471	0.00385	0.08336	0.13047	0.04794	0.00501
8	0.01017	0.00653	0.00848	0.00777	0.00953	0.00594	0.00591	0.01288	0.01684	0.09258	0.63677	0.04344	0.09595	0.01202	0.00700	0.00190	0.00307	0.01054	0.00664	0.00607
9	0.01353	0.01629	0.14870	0.21678	0.45016	0.01401	0.01867	0.01779	0.01311	0.01849	0.01107	0.01480	0.00883	0.00558	0.00593	0.00186	0.00766	0.00520	0.00283	0.00871
10	0.01442	0.01607	0.06069	0.12200	0.12086	0.12067	0.16420	0.04907	0.01364	0.01772	0.01305	0.09903	0.01197	0.00798	0.00868	0.00206	0.14038	0.00674	0.00331	0.00747
11	0.69230	0.01253	0.01042	0.00893	0.01284	0.01438	0.00736	0.14017	0.01334	0.02887	0.00942	0.01057	0.00715	0.00587	0.00412	0.00185	0.00499	0.00363	0.00412	0.00715
12	0.00885	0.00699	0.01015	0.01305	0.13622	0.00666	0.00778	0.01068	0.01301	0.01779	0.16588	0.48878	0.06061	0.01517	0.00725	0.00221	0.00398	0.01376	0.00533	0.00584
13	0.01161	0.01039	0.01680	0.29035	0.24756	0.01133	0.01416	0.01515	0.03233	0.01731	0.01807	0.15510	0.01794	0.00956	0.00661	0.00212	0.00654	0.10616	0.00376	0.00716
14	0.01523	0.01291	0.01435	0.06658	0.01628	0.14656	0.03061	0.01704	0.01282	0.13337	0.01749	0.16163	0.01688	0.04871	0.06762	0.00290	0.18143	0.02666	0.00422	0.00672
15	0.05536	0.52032	0.02601	0.01179	0.01624	0.25240	0.01053	0.01986	0.01362	0.01492	0.00865	0.01003	0.00767	0.00549	0.00434	0.00139	0.00772	0.00342	0.00279	0.00743
16	0.00877	0.00671	0.00973	0.14063	0.01546	0.00698	0.00871	0.01092	0.01254	0.01653	0.06064	0.40817	0.03356	0.01569	0.00755	0.00244	0.00484	0.21958	0.00512	0.00542
17	0.01381	0.01335	0.02051	0.27621	0.39822	0.05355	0.01656	0.01798	0.04659	0.01813	0.01289	0.01870	0.01090	0.00645	0.00610	0.00192	0.00742	0.04931	0.00319	0.00820
18	0.02151	0.01618	0.01729	0.01357	0.01814	0.01802	0.01111	0.61097	0.15053	0.03572	0.01617	0.01582	0.01163	0.00738	0.00604	0.00185	0.00630	0.00565	0.00604	0.01011
19	0.01420	0.01294	0.01809	0.01541	0.01576	0.01770	0.01284	0.01559	0.00982	0.07020	0.00909	0.01371	0.00842	0.01030	0.01871	0.00257	0.71946	0.00532	0.00299	0.00686
20	0.00837	0.00603	0.00795	0.00789	0.00913	0.00561	0.00587	0.01090	0.01591	0.02229	0.58698	0.17318	0.05267	0.01365	0.00726	0.00203	0.00309	0.04925	0.00639	0.00553
21	0.01186	0.00686	0.00698	0.00675	0.00849	0.00721	0.00512	0.01710	0.13755	0.02290	0.02046	0.02243	0.01592	0.00721	0.00453	0.00151	0.00314	0.00581	0.68189	0.00628
22	0.01045	0.00522	0.00784	0.00784	0.00784	0.00522	0.00522	0.00784	0.00784	0.01045	0.01045	0.01829	0.01045	0.02090	0.02351	0.82497	0.00522	0.00522	0.00261	0.00261
23	0.01316	0.01316	0.01843	0.01579	0.01579	0.01843	0.01316	0.01448	0.00921	0.01448	0.00790	0.01316	0.00790	0.01053	0.01974	0.00263	0.77757	0.00526	0.00263	0.00658
24	0.00851	0.00615	0.00804	0.00757	0.00899	0.00568	0.00568	0.01135	0.01703	0.02412	0.74788	0.04494	0.05676	0.01230	0.00710	0.00189	0.00284	0.01088	0.00662	0.00568
25	0.01109	0.00805	0.01019	0.00947	0.01087	0.00893	0.00705	0.13383	0.01259	0.01740	0.01666	0.02669	0.01623	0.25768	0.41814	0.00719	0.01145	0.00695	0.00383	0.00570
26	0.83108	0.01163	0.00884	0.00791	0.01163	0.01350	0.00651	0.01768	0.01024	0.02699	0.00838	0.00977	0.00651	0.00558	0.00372	0.00186	0.00465	0.00326	0.00372	0.00651
27	0.00728	0.00545	0.00676	0.00781	0.00858	0.00493	0.00533	0.00844	0.01206	0.01558	0.04002	0.60519	0.21483	0.01796	0.00754	0.00234	0.00338	0.01601	0.00558	0.00493
28	0.00738	0.00540	0.00694	0.00805	0.00867	0.00496	0.00547	0.00859	0.01213	0.01601	0.08110	0.65000	0.12719	0.01800	0.00757	0.00236	0.00340	0.01618	0.00565	0.00496
29	0.01007	0.00847	0.01191	0.01108	0.01163	0.01069	0.00864	0.01159	0.00937	0.01373	0.01399	0.02301	0.01395	0.16180	0.40228	0.00678	0.25598	0.00647	0.00311	0.00546
30	0.01197	0.01131	0.01914	0.64754	0.16328	0.01352	0.01701	0.01590	0.01232	0.01611	0.01080	0.01584	0.00828	0.00590	0.00600	0.00197	0.00787	0.00535	0.00273	0.00717
31	0.02099	0.01660	0.02124	0.01604	0.02093	0.05664	0.16719	0.46889	0.02336	0.08810	0.01449	0.01562	0.01046	0.02276	0.00673	0.00193	0.00748	0.00582	0.00528	0.00946
32	0.01469	0.52821	0.28331	0.01267	0.01912	0.02039	0.01443	0.01837	0.01239	0.01585	0.00921	0.01071	0.00769	0.00534	0.00450	0.00150	0.00729	0.00364	0.00256	0.00813
33	0.01226	0.01158	0.01959	0.55374	0.23793	0.01345	0.01697	0.01609	0.01248	0.01656	0.01132	0.03133	0.00908	0.00609	0.00603	0.00195	0.00768	0.00559	0.00282	0.00744
34	0.01993	0.02455	0.01728	0.18926	0.02383	0.59240	0.01279	0.02204	0.01590	0.01487	0.00962	0.01204	0.00781	0.00616	0.00556	0.00165	0.01020	0.00421	0.00300	0.00691
35	0.00880	0.00674	0.01006	0.00994	0.01097	0.00800	0.00777	0.01091	0.00965	0.01399	0.01575	0.02317	0.01472	0.04358	0.73167	0.00936	0.04992	0.00639	0.00320	0.00542
36	0.05631	0.01488	0.03402	0.01432	0.08174	0.16112	0.02524	0.02301	0.03604	0.29544	0.04027	0.02008	0.01418	0.00741	0.00631	0.00180	0.03194	0.04870	0.00511	0.08210
37	0.04972	0.05149	0.68431	0.01674	0.02521	0.01426	0.03899	0.01896	0.01261	0.01928	0.01065	0.01257	0.00761	0.00568	0.00561	0.00189	0.00866	0.00442	0.00261	0.00873
38	0.02699	0.01024	0.01396	0.01070	0.01536	0.00884	0.00884	0.02932	0.01722	0.75522	0.02373	0.02048	0.01489	0.00745	0.00605	0.00186	0.00512	0.00605	0.00745	0.01024
39	0.00803	0.00623	0.00681	0.00659	0.00855	0.00534	0.00497	0.00991	0.01464	0.03956	0.23049	0.05359	0.55557	0.01428	0.00708	0.00199	0.00306	0.01205	0.00590	0.00538
40	0.01447	0.01368	0.02237	0.03211	0.62454	0.01322	0.01652	0.01789	0.01349	0.01964	0.01121	0.01447	0.00942	0.00520	0.00570	0.00163	0.00668	0.00505	0.00308	0.14962
41	0.01411	0.00777	0.00879	0.00814	0.01032	0.00786	0.00657	0.10795	0.01533	0.10034	0.02148	0.02899	0.01799	0.00873	0.00534	0.00174	0.00401	0.12668	0.49118	0.00668
42	0.00839	0.00617	0.00888	0.00912	0.00995	0.00689	0.00678	0.01012	0.00989	0.01396	0.01934	0.15598	0.02001	0.11951	0.55683	0.00802	0.01285	0.00852	0.00367	0.00510
43	0.01428	0.01281	0.02025	0.27644	0.24254	0.01407	0.06880	0.13880	0.01534	0.02077	0.01359	0.08530	0.01182	0.00726	0.00665	0.00197	0.03105	0.00656	0.00363	0.00807
44	0.01590	0.01819	0.02249	0.11577	0.02506	0.27076	0.26773	0.01923	0.01484	0.01699	0.01437	0.02322	0.01289	0.00756	0.00659	0.00199	0.00932	0.12656	0.00344	0.00710
45	0.02699	0.01024	0.01396	0.01070	0.01536	0.00884	0.00884	0.02932	0.01722	0.75522	0.02373	0.02048	0.01489	0.00745	0.00605	0.00186	0.00512	0.00605	0.00745	0.01024
46	0.01075	0.00634	0.00807	0.00824	0.00976	0.00566	0.00594	0.01225	0.01337	0.14325	0.09107	0.44696	0.18390	0.01565	0.00724	0.00222	0.00363	0.01382	0.00598	0.00590
47	0.01233	0.01144	0.01792	0.56906	0.10847	0.01373	0.01565	0.01853	0.13723	0.01748	0.01312	0.01702	0.00995	0.00632	0.00603	0.00199	0.00737	0.00560	0.00330	0.00746
48	0.00777	0.00635	0.00710	0.00700	0.00856	0.00585	0.00516	0.00936	0.01354	0.01711	0.17131	0.10343	0.49065	0.07294	0.00950	0.00235	0.03935	0.01205	0.00548	0.00513
49	0.01742	0.54263	0.08438	0.01183	0.01705	0.07787	0.01151	0.14097	0.01538	0.01866	0.00967	0.01080	0.00815	0.00563	0.00449	0.00144	0.00699	0.00374	0.00320	0.00819

[dist]
# distance from previous block
# <min> <max>
0	5

[block]
# block no. 2 follows, 38 sequences, length 35
# corresponding to MSA columns:
# 1548-1582
name=unknown_C
#
# <colnr> <probs for GDERKNQSTAVLIFYWHMCP>
#	G	D	E	R	K	N	Q	S	T	A	V	L	I	F	Y	W	H	M	C	P
0	0.03677	0.01232	0.01444	0.13796	0.06505	0.05709	0.00994	0.04865	0.05835	0.02005	0.01185	0.01402	0.00949	0.00533	0.00501	0.00133	0.00568	0.00432	0.02689	0.45545
1	0.01521	0.24404	0.23692	0.01296	0.01903	0.01638	0.02986	0.15066	0.01566	0.02147	0.04265	0.01358	0.01051	0.00589	0.00512	0.00154	0.00679	0.00446	0.00356	0.14372
2	0.02166	0.02652	0.01724	0.01542	0.01835	0.64979	0.01175	0.06798	0.01705	0.01617	0.00950	0.01129	0.00792	0.00665	0.00675	0.00166	0.07981	0.00410	0.00324	0.00714
3	0.01051	0.13654	0.01298	0.00960	0.01161	0.00901	0.03824	0.01235	0.01298	0.05704	0.08301	0.36456	0.10364	0.01424	0.00691	0.00216	0.00452	0.09902	0.00515	0.00595
4	0.01597	0.01655	0.03059	0.02228	0.02788	0.04168	0.54002	0.13798	0.06265	0.02257	0.01323	0.01614	0.00985	0.00566	0.00680	0.00198	0.00924	0.00669	0.00373	0.00851
5	0.00715	0.00595	0.00624	0.00647	0.00822	0.00505	0.00474	0.00859	0.01335	0.01610	0.05634	0.17813	0.63135	0.01583	0.00720	0.00210	0.00312	0.01343	0.00559	0.00505
6	0.00748	0.00535	0.00713	0.00836	0.00882	0.00500	0.00567	0.00872	0.01206	0.01620	0.09767	0.70387	0.04122	0.01821	0.00764	0.00240	0.00347	0.03007	0.00568	0.00497
7	0.01178	0.01112	0.01880	0.68713	0.12518	0.01347	0.01691	0.01574	0.01223	0.01588	0.01077	0.01590	0.00820	0.00594	0.00601	0.00198	0.00792	0.00535	0.00271	0.00702
8	0.01506	0.59757	0.21716	0.01205	0.01815	0.02129	0.01335	0.01828	0.01235	0.01541	0.00899	0.01043	0.00769	0.00529	0.00433	0.00144	0.00706	0.00353	0.00256	0.00802
9	0.00763	0.00546	0.00727	0.00836	0.00893	0.00511	0.00578	0.00905	0.01253	0.01692	0.15134	0.63129	0.04237	0.01767	0.00761	0.00237	0.00347	0.04605	0.00575	0.00505
10	0.02027	0.01121	0.01399	0.01139	0.01504	0.01155	0.00927	0.24525	0.01849	0.31066	0.01856	0.01950	0.01346	0.01847	0.22940	0.00414	0.00883	0.00597	0.00575	0.00880
11	0.06213	0.00769	0.00837	0.00877	0.00987	0.05297	0.00623	0.01178	0.01233	0.05807	0.09166	0.39461	0.03243	0.14315	0.01099	0.00286	0.00461	0.07094	0.00519	0.00534
12	0.00894	0.00614	0.00895	0.00944	0.01037	0.00569	0.04463	0.01029	0.01202	0.06247	0.03143	0.69497	0.03656	0.01738	0.00754	0.00238	0.00395	0.01586	0.00557	0.00540
13	0.01403	0.01572	0.03267	0.02377	0.02885	0.01574	0.61075	0.01848	0.01337	0.01848	0.01146	0.01572	0.00892	0.00597	0.00919	0.00213	0.13710	0.00680	0.00297	0.00786
14	0.00785	0.00598	0.00721	0.00721	0.00865	0.00534	0.00529	0.00995	0.01500	0.02003	0.39882	0.17167	0.28642	0.01437	0.00720	0.00203	0.00302	0.01252	0.00610	0.00534
15	0.01403	0.01572	0.03267	0.02377	0.02885	0.01574	0.61075	0.01848	0.01337	0.01848	0.01146	0.01572	0.00892	0.00597	0.00919	0.00213	0.13710	0.00680	0.00297	0.00786
16	0.00886	0.00652	0.00857	0.00955	0.01079	0.00635	0.00767	0.01154	0.03967	0.01790	0.09950	0.26355	0.10850	0.01641	0.00782	0.00250	0.00445	0.35872	0.00568	0.00547
17	0.01136	0.01069	0.01804	0.77412	0.04143	0.01337	0.01671	0.01537	0.01203	0.01537	0.01069	0.01604	0.00802	0.00601	0.00601	0.00200	0.00802	0.00535	0.00267	0.00668
18	0.01560	0.70115	0.11836	0.01111	0.01671	0.02263	0.01172	0.01814	0.01228	0.01474	0.00865	0.01001	0.00771	0.00521	0.00408	0.00136	0.00673	0.00336	0.00257	0.00786
19	0.00849	0.00630	0.00818	0.03045	0.01067	0.00614	0.00675	0.03051	0.02915	0.01723	0.07428	0.49824	0.10168	0.01685	0.00757	0.00239	0.00400	0.13018	0.00558	0.00536
20	0.01432	0.22349	0.02294	0.11833	0.24424	0.01591	0.03360	0.04265	0.01322	0.01787	0.01203	0.01470	0.03425	0.00592	0.00595	0.00161	0.04524	0.00482	0.00310	0.12582
21	0.69805	0.01140	0.00969	0.00837	0.01225	0.01273	0.00690	0.01961	0.01139	0.14747	0.01092	0.01154	0.00790	0.00589	0.00411	0.00186	0.00473	0.00372	0.00434	0.00713
22	0.00909	0.00650	0.00787	0.00766	0.00777	0.00705	0.00485	0.00943	0.00889	0.01214	0.01774	0.03551	0.01998	0.64407	0.10946	0.00599	0.07020	0.00821	0.00352	0.00407
23	0.01559	0.01059	0.03858	0.04422	0.01500	0.01085	0.00968	0.06343	0.08047	0.19670	0.12602	0.08667	0.02297	0.01025	0.00868	0.00211	0.13268	0.06750	0.05038	0.00763
24	0.01317	0.07183	0.43756	0.01411	0.02055	0.01351	0.01624	0.12602	0.01589	0.02250	0.15065	0.02005	0.03746	0.00740	0.00594	0.00185	0.00709	0.00595	0.00392	0.00831
25	0.01801	0.01300	0.01426	0.01220	0.01600	0.01444	0.00966	0.12487	0.52553	0.14764	0.02302	0.02105	0.01670	0.00792	0.00610	0.00198	0.00507	0.00649	0.00633	0.00973
26	0.01395	0.01062	0.01737	0.64783	0.03712	0.01262	0.01541	0.01768	0.01289	0.13777	0.01285	0.01677	0.00916	0.00625	0.00602	0.00198	0.00754	0.00546	0.00346	0.00727
27	0.01318	0.01170	0.01667	0.36639	0.04798	0.04066	0.01383	0.06518	0.01310	0.04267	0.01411	0.06865	0.01283	0.00888	0.00925	0.00219	0.17256	0.06973	0.00353	0.00690
28	0.01471	0.08504	0.04576	0.08512	0.11054	0.03546	0.27283	0.04095	0.13662	0.03679	0.01558	0.01967	0.02129	0.00664	0.00634	0.00195	0.00779	0.04482	0.00382	0.00828
29	0.00776	0.00580	0.00702	0.00782	0.00877	0.00534	0.00558	0.00905	0.01214	0.01551	0.03954	0.37521	0.25019	0.11535	0.01051	0.00279	0.00393	0.10749	0.00533	0.00487
30	0.00800	0.00572	0.00772	0.00890	0.00961	0.00544	0.00653	0.00964	0.01266	0.01694	0.11266	0.53870	0.04051	0.01761	0.00776	0.00246	0.00388	0.17445	0.00569	0.00512
31	0.06180	0.01568	0.06606	0.12755	0.02389	0.06744	0.17569	0.07879	0.23397	0.06330	0.01599	0.01721	0.01182	0.00659	0.00611	0.00195	0.00731	0.00595	0.00441	0.00849
32	0.01081	0.00975	0.05774	0.01136	0.01349	0.00866	0.07292	0.12957	0.01461	0.01967	0.02678	0.54017	0.03014	0.01487	0.00723	0.00227	0.00494	0.01348	0.00524	0.00631
33	0.06729	0.01525	0.02226	0.06751	0.41872	0.06117	0.08001	0.13641	0.01606	0.02253	0.01204	0.01565	0.00981	0.00600	0.00595	0.00184	0.00741	0.02158	0.00358	0.00893
34	0.09047	0.01293	0.01395	0.01059	0.01533	0.01262	0.00861	0.30150	0.01860	0.02776	0.01253	0.01363	0.00962	0.00582	0.00500	0.00138	0.00524	0.00440	0.05511	0.37490

[dist]
# distance from previous block
# <min> <max>
0	2

[block]
# block no. 3 follows, 38 sequences, length 34
# corresponding to MSA columns:
# 1585-1618
name=unknown_D
#
# <colnr> <probs for GDERKNQSTAVLIFYWHMCP>
#	G	D	E	R	K	N	Q	S	T	A	V	L	I	F	Y	W	H	M	C	P
0	0.10912	0.02255	0.01706	0.01753	0.12832	0.45661	0.01192	0.07284	0.07440	0.01927	0.01108	0.01252	0.00891	0.00623	0.00542	0.00168	0.00883	0.00437	0.00360	0.00774
1	0.06864	0.01679	0.01408	0.01285	0.01527	0.33125	0.07454	0.01680	0.01410	0.01620	0.02045	0.25006	0.06650	0.01227	0.04091	0.00229	0.00787	0.00884	0.00406	0.00622
2	0.01290	0.01241	0.02137	0.40399	0.28580	0.01349	0.07693	0.01676	0.01282	0.01747	0.01103	0.01542	0.00870	0.00560	0.00598	0.00186	0.00766	0.00538	0.00287	0.06154
3	0.01584	0.01623	0.01602	0.01364	0.01680	0.23760	0.10293	0.10544	0.06403	0.01988	0.06301	0.02800	0.07461	0.07010	0.00830	0.00220	0.00744	0.09567	0.00442	0.03783
4	0.01918	0.02207	0.01719	0.01517	0.01754	0.43621	0.01185	0.06847	0.08182	0.01713	0.01063	0.01280	0.00893	0.00767	0.00957	0.00192	0.22647	0.00464	0.00344	0.00731
5	0.01045	0.00522	0.00784	0.00784	0.00784	0.00522	0.00522	0.00784	0.00784	0.01045	0.01045	0.01829	0.01045	0.02090	0.02351	0.82497	0.00522	0.00522	0.00261	0.00261
6	0.00865	0.00732	0.00836	0.00826	0.00997	0.00732	0.00641	0.01159	0.07465	0.01722	0.07334	0.12138	0.45603	0.01458	0.00835	0.00219	0.07442	0.07893	0.00540	0.00564
7	0.34011	0.01146	0.01219	0.00996	0.01414	0.01187	0.00816	0.07108	0.08144	0.35643	0.01719	0.01607	0.01163	0.00677	0.00514	0.00187	0.00500	0.00498	0.00577	0.00872
8	0.00867	0.00593	0.00769	0.00793	0.00852	0.00626	0.00546	0.00990	0.00993	0.01415	0.02049	0.16392	0.02195	0.30859	0.29292	0.00623	0.00890	0.00910	0.07880	0.00468
9	0.02570	0.01030	0.01380	0.01066	0.01513	0.00911	0.00877	0.06063	0.01772	0.67858	0.06643	0.02165	0.01717	0.00772	0.00611	0.00186	0.00505	0.00631	0.00733	0.00997
10	0.00764	0.00584	0.00704	0.00745	0.00872	0.00523	0.00540	0.00939	0.01381	0.01803	0.22656	0.30649	0.29880	0.01578	0.00735	0.00217	0.00324	0.04003	0.00585	0.00518
11	0.02667	0.01076	0.01428	0.01095	0.01562	0.00961	0.00905	0.08444	0.01809	0.69887	0.02300	0.02000	0.01453	0.00743	0.00605	0.00186	0.00524	0.00600	0.00733	0.01024
12	0.01659	0.01789	0.01668	0.04447	0.07453	0.28642	0.01188	0.05074	0.01416	0.01733	0.05858	0.01544	0.01188	0.00807	0.01028	0.00197	0.26332	0.00517	0.06762	0.00699
13	0.01337	0.04894	0.02028	0.01625	0.01693	0.01843	0.06586	0.01499	0.00972	0.01482	0.00823	0.01323	0.00798	0.00988	0.01808	0.00253	0.68576	0.00531	0.00266	0.00675
14	0.00778	0.00587	0.00851	0.00916	0.00989	0.00547	0.04210	0.00918	0.01212	0.01630	0.09253	0.68334	0.03968	0.01760	0.00760	0.00238	0.00377	0.01607	0.00554	0.00512
15	0.01671	0.04467	0.01308	0.01084	0.01364	0.14380	0.00847	0.06261	0.10061	0.16689	0.18953	0.09871	0.02551	0.00952	0.00655	0.00186	0.02676	0.00777	0.04491	0.00756
16	0.75674	0.04992	0.01029	0.00836	0.01212	0.04662	0.00692	0.01797	0.01063	0.02584	0.00842	0.00981	0.00663	0.00559	0.00380	0.00182	0.00501	0.00328	0.00364	0.00659
17	0.01764	0.16846	0.08977	0.01415	0.04721	0.29126	0.01173	0.04596	0.08138	0.05257	0.01313	0.04287	0.01108	0.01023	0.07493	0.00239	0.00889	0.00502	0.00363	0.00768
18	0.07678	0.01004	0.01182	0.04646	0.04888	0.05926	0.00874	0.01588	0.07842	0.07933	0.01962	0.20648	0.01942	0.06229	0.15987	0.00385	0.07341	0.00856	0.00439	0.00650
19	0.06333	0.13437	0.21706	0.06828	0.07676	0.01577	0.20241	0.05056	0.05046	0.04745	0.01202	0.01423	0.00906	0.00570	0.00577	0.00184	0.00797	0.00523	0.00330	0.00841
20	0.10765	0.01153	0.04342	0.01206	0.01519	0.01179	0.05663	0.02189	0.31942	0.02275	0.08946	0.03424	0.02376	0.01018	0.00656	0.00219	0.00530	0.19293	0.00539	0.00765
21	0.02597	0.01046	0.01393	0.01083	0.01538	0.00936	0.00890	0.02954	0.07835	0.69350	0.02380	0.02064	0.01518	0.00751	0.00606	0.00188	0.00509	0.00611	0.00733	0.01018
22	0.00823	0.00668	0.00738	0.00721	0.00909	0.00614	0.00539	0.01152	0.08106	0.01921	0.24784	0.09431	0.44624	0.01398	0.00705	0.00202	0.00317	0.01191	0.00592	0.00564
23	0.01634	0.27164	0.12768	0.01704	0.05188	0.01851	0.20071	0.16429	0.03850	0.02157	0.01155	0.01337	0.00899	0.00573	0.00556	0.00171	0.00775	0.00505	0.00352	0.00862
24	0.00961	0.00648	0.00790	0.00734	0.00924	0.00575	0.00558	0.01197	0.01594	0.08333	0.45889	0.04716	0.28262	0.01286	0.00701	0.00194	0.00310	0.01107	0.00635	0.00586
25	0.00719	0.00593	0.00632	0.00659	0.00827	0.00506	0.00480	0.00866	0.01337	0.01630	0.07521	0.20071	0.58908	0.01586	0.00722	0.00211	0.00313	0.01351	0.00562	0.00506
26	0.01476	0.62133	0.09910	0.01119	0.02821	0.02068	0.01109	0.01714	0.01230	0.01498	0.02211	0.08156	0.01142	0.00657	0.00447	0.00147	0.00636	0.00476	0.00291	0.00757
27	0.01906	0.01373	0.01986	0.02055	0.23284	0.01387	0.08740	0.21707	0.05517	0.18006	0.01882	0.01929	0.05986	0.00707	0.00620	0.00186	0.00650	0.00626	0.00510	0.00943
28	0.00889	0.00665	0.00948	0.07875	0.01227	0.00754	0.00718	0.01056	0.00960	0.01339	0.01649	0.02775	0.01649	0.26895	0.47068	0.00779	0.01223	0.00705	0.00330	0.00496
29	0.04673	0.01236	0.03885	0.01029	0.01249	0.12341	0.00792	0.14233	0.01585	0.02072	0.12684	0.22826	0.05181	0.12299	0.00998	0.00254	0.00565	0.00969	0.00497	0.00633
30	0.14220	0.03217	0.07993	0.05362	0.11353	0.04964	0.01194	0.14143	0.06425	0.22974	0.01550	0.01567	0.01091	0.00657	0.00558	0.00184	0.00632	0.00514	0.00500	0.00903
31	0.01461	0.01402	0.06401	0.01356	0.01742	0.01436	0.06700	0.06196	0.53461	0.02426	0.02281	0.02509	0.01803	0.00849	0.00637	0.00209	0.00562	0.07107	0.00559	0.00904
32	0.00878	0.07811	0.01091	0.00936	0.01068	0.00736	0.04106	0.01049	0.01274	0.01698	0.14251	0.50863	0.04818	0.01572	0.00724	0.00224	0.00409	0.05410	0.00535	0.00547
33	0.01601	0.23719	0.22540	0.01587	0.11071	0.05364	0.01420	0.06171	0.01421	0.08950	0.01240	0.04188	0.01005	0.00619	0.00524	0.00163	0.00705	0.00481	0.00350	0.06881

[dist]
# distance from previous block
# <min> <max>
2	40

[block]
# block no. 4 follows, 38 sequences, length 23
# corresponding to MSA columns:
# 1659-1681
name=unknown_E
#
# <colnr> <probs for GDERKNQSTAVLIFYWHMCP>
#	G	D	E	R	K	N	Q	S	T	A	V	L	I	F	Y	W	H	M	C	P
0	0.06562	0.13555	0.23509	0.11318	0.02208	0.01492	0.03781	0.09339	0.02428	0.06169	0.06329	0.01563	0.01202	0.00651	0.00602	0.00179	0.03599	0.00506	0.00368	0.04640
1	0.05605	0.01206	0.07278	0.16855	0.02063	0.01055	0.01086	0.04614	0.04953	0.23818	0.06828	0.02008	0.04355	0.00707	0.00574	0.00174	0.00568	0.00582	0.00496	0.15176
2	0.12955	0.09325	0.01593	0.07262	0.01772	0.23591	0.01015	0.06653	0.19247	0.02093	0.01376	0.01465	0.01075	0.00651	0.00520	0.00171	0.00697	0.00472	0.04212	0.03854
3	0.01098	0.00677	0.00926	0.00883	0.01014	0.00714	0.00655	0.01256	0.01061	0.11068	0.01993	0.02890	0.05091	0.23180	0.43943	0.00729	0.01139	0.00728	0.00400	0.00555
4	0.01325	0.25988	0.41305	0.01343	0.02026	0.01580	0.01586	0.01800	0.01253	0.01788	0.01079	0.01257	0.00841	0.00555	0.00492	0.00159	0.00727	0.00410	0.07171	0.07314
5	0.01551	0.35478	0.19880	0.01489	0.08006	0.03560	0.01393	0.07213	0.01388	0.04103	0.03796	0.01315	0.01012	0.00625	0.00613	0.00167	0.06829	0.00441	0.00318	0.00823
6	0.08423	0.01596	0.01739	0.01364	0.01774	0.01823	0.01128	0.58176	0.02438	0.03399	0.01311	0.01391	0.00964	0.00753	0.00764	0.00192	0.10756	0.00523	0.00540	0.00946
7	0.01259	0.13092	0.66223	0.01625	0.02465	0.01526	0.02066	0.01892	0.01264	0.01841	0.01048	0.01230	0.00763	0.00564	0.00547	0.00182	0.00857	0.00428	0.00254	0.00874
8	0.00864	0.00669	0.00807	0.00880	0.01007	0.00656	0.00651	0.01215	0.10791	0.01724	0.03792	0.41533	0.19176	0.01631	0.00745	0.00235	0.00387	0.12107	0.00565	0.00564
9	0.01542	0.00857	0.01251	0.01084	0.01319	0.00867	0.04250	0.01753	0.01328	0.27178	0.07718	0.13546	0.02120	0.04386	0.21077	0.00423	0.07235	0.00822	0.00525	0.00719
10	0.00802	0.00573	0.00778	0.00917	0.00982	0.00548	0.00679	0.00957	0.01220	0.01613	0.03277	0.57472	0.03827	0.01819	0.00786	0.00254	0.00409	0.22020	0.00557	0.00508
11	0.00943	0.00729	0.01018	0.01001	0.01138	0.00850	0.00778	0.01353	0.10546	0.01543	0.01721	0.02348	0.01548	0.04027	0.66526	0.00867	0.01462	0.00649	0.00360	0.00592
12	0.01407	0.01637	0.12262	0.15573	0.28621	0.01422	0.24198	0.01859	0.01355	0.04096	0.01179	0.01539	0.00906	0.00549	0.00630	0.00192	0.00841	0.00581	0.00302	0.00854
13	0.02092	0.02356	0.01503	0.01363	0.01655	0.58518	0.01027	0.02268	0.01633	0.07314	0.01244	0.03470	0.01020	0.00675	0.00538	0.00158	0.00914	0.00464	0.11089	0.00699
14	0.01273	0.03938	0.09611	0.07461	0.02154	0.01257	0.19832	0.05998	0.12254	0.01992	0.01951	0.10438	0.01812	0.01083	0.03700	0.00245	0.00747	0.13073	0.00429	0.00751
15	0.00914	0.00619	0.00758	0.00805	0.00952	0.00556	0.00601	0.01073	0.01320	0.07500	0.05682	0.34477	0.30122	0.01617	0.00741	0.00228	0.00371	0.10540	0.00575	0.00548
16	0.00737	0.00547	0.00693	0.00796	0.00869	0.00503	0.00546	0.00860	0.01204	0.01575	0.05997	0.59895	0.17377	0.01883	0.03257	0.00259	0.00380	0.01572	0.00554	0.00496
17	0.01620	0.02107	0.34822	0.01507	0.02129	0.01363	0.05807	0.19606	0.01725	0.10230	0.01559	0.01999	0.01210	0.00736	0.00610	0.00195	0.00743	0.07459	0.03688	0.00886
18	0.01271	0.12075	0.61488	0.01696	0.02519	0.01524	0.07559	0.01894	0.01276	0.01848	0.01061	0.01261	0.00775	0.00560	0.00560	0.00184	0.00869	0.00450	0.00258	0.00869
19	0.05856	0.03451	0.01454	0.01295	0.07352	0.01166	0.00977	0.15729	0.07018	0.28860	0.02446	0.02758	0.08737	0.00900	0.00624	0.00197	0.00541	0.09161	0.00599	0.00880
20	0.71294	0.01150	0.00937	0.00806	0.01201	0.01270	0.00660	0.01732	0.01056	0.02592	0.00871	0.01016	0.00686	0.00542	0.00383	0.00172	0.00462	0.00330	0.00370	0.12469
21	0.01470	0.32550	0.07696	0.18640	0.06815	0.11432	0.01312	0.01757	0.01304	0.01555	0.01198	0.03946	0.01099	0.00685	0.00529	0.00171	0.00743	0.06063	0.00301	0.00733
22	0.01206	0.01191	0.04709	0.01251	0.08991	0.11692	0.00879	0.01489	0.04429	0.04730	0.14084	0.14811	0.17267	0.03574	0.03835	0.00235	0.00574	0.00944	0.00484	0.03625

[dist]
# distance from previous block
# <min> <max>
0	3

[block]
# block no. 5 follows, 38 sequences, length 9
# corresponding to MSA columns:
# 1689-1697
name=unknown_F
#
# <colnr> <probs for GDERKNQSTAVLIFYWHMCP>
#	G	D	E	R	K	N	Q	S	T	A	V	L	I	F	Y	W	H	M	C	P
0	0.01598	0.13244	0.34823	0.01599	0.07638	0.01402	0.04192	0.02052	0.01373	0.17149	0.03400	0.01509	0.01079	0.00619	0.00591	0.00178	0.02552	0.00493	0.00377	0.04130
1	0.03794	0.09102	0.21232	0.06082	0.31441	0.01496	0.01684	0.08144	0.01469	0.08203	0.01211	0.01418	0.00922	0.00581	0.00565	0.00179	0.00729	0.00493	0.00347	0.00909
2	0.02215	0.00975	0.01252	0.01024	0.01405	0.00906	0.00840	0.05563	0.06814	0.50185	0.02350	0.02478	0.01674	0.00822	0.00598	0.00188	0.00486	0.06745	0.12571	0.00910
3	0.00882	0.00750	0.04454	0.00932	0.01061	0.00646	0.00720	0.05494	0.01308	0.01735	0.03270	0.55816	0.08613	0.01694	0.00752	0.00239	0.00417	0.10121	0.00546	0.00551
4	0.01934	0.07692	0.10402	0.01682	0.09398	0.01418	0.11449	0.14732	0.03297	0.24260	0.03806	0.01703	0.01242	0.00676	0.00650	0.00186	0.03482	0.00575	0.00495	0.00922
5	0.01417	0.01319	0.01651	0.01441	0.01499	0.07825	0.01171	0.01535	0.01050	0.06103	0.01134	0.08096	0.01123	0.01121	0.01682	0.04269	0.55967	0.00623	0.00323	0.00650
6	0.00733	0.00524	0.00698	0.00838	0.00873	0.00489	0.00558	0.00838	0.01152	0.01536	0.03316	0.78466	0.03979	0.01885	0.00768	0.00244	0.00349	0.01710	0.00558	0.00489
7	0.01261	0.16721	0.44315	0.01545	0.04803	0.01469	0.04008	0.03553	0.01309	0.01822	0.01512	0.07100	0.04699	0.00731	0.00571	0.00186	0.00759	0.02511	0.00311	0.00814
8	0.01617	0.08506	0.20820	0.11300	0.04025	0.01453	0.03809	0.10732	0.14341	0.12185	0.04202	0.01719	0.01276	0.00676	0.00585	0.00187	0.00683	0.00555	0.00445	0.00883

[dist]
# distance from previous block
# <min> <max>
0	2

[block]
# block no. 6 follows, 38 sequences, length 23
# corresponding to MSA columns:
# 1700-1722
name=unknown_G
#
# <colnr> <probs for GDERKNQSTAVLIFYWHMCP>
#	G	D	E	R	K	N	Q	S	T	A	V	L	I	F	Y	W	H	M	C	P
0	0.01310	0.01120	0.01085	0.00992	0.02500	0.12176	0.03637	0.06406	0.06284	0.03760	0.11625	0.03157	0.20763	0.00964	0.00592	0.00176	0.00490	0.00794	0.21517	0.00653
1	0.01393	0.01593	0.12237	0.14501	0.36973	0.01399	0.11236	0.05321	0.01383	0.01933	0.01183	0.01625	0.00969	0.04796	0.00742	0.00209	0.00782	0.00565	0.00307	0.00853
2	0.09522	0.07587	0.05689	0.02704	0.11272	0.07103	0.01138	0.19867	0.04143	0.06776	0.01275	0.01417	0.00984	0.00816	0.04640	0.00206	0.00698	0.00472	0.00424	0.13266
3	0.01169	0.06808	0.07904	0.03820	0.05429	0.01211	0.15123	0.01519	0.03940	0.01755	0.10777	0.05330	0.02004	0.11274	0.05770	0.00303	0.09063	0.05747	0.00383	0.00671
4	0.00817	0.00611	0.00729	0.00700	0.00862	0.00548	0.00525	0.01057	0.01574	0.02145	0.48916	0.04822	0.28323	0.01303	0.00697	0.00192	0.00291	0.01125	0.04217	0.00548
5	0.00869	0.00647	0.00826	0.00897	0.01007	0.00635	0.00667	0.01190	0.08062	0.01852	0.17513	0.40909	0.06812	0.01601	0.00751	0.00234	0.00383	0.14002	0.00583	0.00560
6	0.01673	0.71825	0.03024	0.01063	0.01575	0.02331	0.01040	0.08602	0.01376	0.01642	0.00894	0.01011	0.00796	0.00534	0.00407	0.00134	0.00645	0.00343	0.00290	0.00796
7	0.10412	0.01396	0.08653	0.08535	0.12364	0.01344	0.05343	0.02260	0.29864	0.02229	0.06505	0.02114	0.04924	0.00746	0.00595	0.00196	0.00589	0.00639	0.00458	0.00834
8	0.15754	0.01234	0.08087	0.03730	0.01359	0.10021	0.00864	0.01457	0.05411	0.01818	0.02203	0.38795	0.02406	0.03276	0.00696	0.00223	0.00540	0.01059	0.00454	0.00611
9	0.11823	0.01229	0.08322	0.01064	0.01471	0.01058	0.00934	0.09967	0.05562	0.30541	0.12709	0.02289	0.03247	0.03784	0.01877	0.01513	0.00539	0.00646	0.00586	0.00841
10	0.01159	0.00579	0.00846	0.00829	0.00884	0.00569	0.00576	0.01013	0.00922	0.08221	0.01437	0.09548	0.01411	0.02103	0.06993	0.60960	0.00577	0.00657	0.00341	0.00375
11	0.01106	0.08390	0.01557	0.38937	0.02627	0.01211	0.01191	0.01522	0.08147	0.01592	0.01801	0.13099	0.04612	0.05621	0.05837	0.00274	0.00711	0.00757	0.00363	0.00646
12	0.01306	0.01386	0.08669	0.01706	0.05522	0.01242	0.25023	0.08513	0.07503	0.02076	0.09122	0.02520	0.03823	0.08100	0.05991	0.00287	0.02096	0.03950	0.00414	0.00750
13	0.01433	0.01207	0.01900	0.27320	0.31164	0.01307	0.01532	0.08464	0.01464	0.05099	0.01427	0.02086	0.01199	0.00699	0.00613	0.00194	0.00695	0.07266	0.04120	0.00812
14	0.01318	0.01246	0.02107	0.28697	0.45878	0.01335	0.01700	0.01673	0.01298	0.01790	0.01257	0.06686	0.01104	0.00649	0.00609	0.00191	0.00720	0.00614	0.00305	0.00825
15	0.29387	0.01048	0.01193	0.00960	0.01377	0.01022	0.00790	0.02447	0.01488	0.47304	0.05782	0.01823	0.01437	0.00709	0.00533	0.00186	0.00484	0.00538	0.00616	0.00875
16	0.01539	0.07652	0.29680	0.01806	0.05431	0.01506	0.17910	0.06858	0.07517	0.09058	0.01346	0.01507	0.00983	0.00618	0.00657	0.00191	0.03944	0.00545	0.00368	0.00883
17	0.00835	0.00579	0.00746	0.00814	0.00874	0.00578	0.00568	0.00963	0.01099	0.01510	0.04101	0.33782	0.04529	0.21222	0.13119	0.00435	0.00616	0.07661	0.05489	0.00478
18	0.01143	0.00967	0.05376	0.04589	0.01600	0.00850	0.12844	0.03993	0.01312	0.08754	0.02495	0.43846	0.02673	0.01518	0.04817	0.00264	0.00604	0.01217	0.00493	0.00645
19	0.00764	0.00557	0.00732	0.00828	0.00900	0.00525	0.00581	0.00911	0.01241	0.01660	0.12650	0.55074	0.10059	0.01911	0.05132	0.00277	0.00419	0.04715	0.00558	0.00506
20	0.01556	0.01211	0.02020	0.14674	0.19600	0.01243	0.13593	0.06654	0.03493	0.13902	0.01581	0.06460	0.01282	0.01099	0.08643	0.00276	0.00810	0.00665	0.00414	0.00825
21	0.01231	0.00928	0.01272	0.01169	0.01386	0.02359	0.08321	0.09162	0.07367	0.07124	0.02695	0.40202	0.02864	0.01396	0.00723	0.00228	0.00514	0.09843	0.00549	0.00667
22	0.43572	0.06340	0.13991	0.06572	0.01712	0.01393	0.01063	0.05188	0.01209	0.04010	0.01021	0.02610	0.00808	0.00601	0.00487	0.00180	0.02262	0.00410	0.00357	0.06211

[dist]
# distance from previous block
# <min> <max>
3	22

[block]
# block no. 7 follows, 38 sequences, length 11
# corresponding to MSA columns:
# 1746-1756
name=unknown_H
#
# <colnr> <probs for GDERKNQSTAVLIFYWHMCP>
#	G	D	E	R	K	N	Q	S	T	A	V	L	I	F	Y	W	H	M	C	P
0	0.01565	0.14914	0.31963	0.08703	0.08757	0.01540	0.01633	0.07668	0.05257	0.10526	0.01294	0.01425	0.00946	0.00607	0.00554	0.00180	0.00741	0.00479	0.00363	0.00884
1	0.10148	0.01107	0.01392	0.01077	0.01536	0.01031	0.00890	0.10234	0.01774	0.61161	0.02132	0.01884	0.01362	0.00725	0.00583	0.00186	0.00523	0.00572	0.00695	0.00989
