[name]
unknown

[dist]
# distance from previous block
# <min> <max>
0	221

[block]
# block no. 0 follows, 46 sequences, length 78
# corresponding to MSA columns:
# 290-367
name=unknown_A
#
# <colnr> <probs for GDERKNQSTAVLIFYWHMCP>
#	G	D	E	R	K	N	Q	S	T	A	V	L	I	F	Y	W	H	M	C	P
0	0.06451	0.01757	0.35528	0.01219	0.01786	0.01046	0.04617	0.02791	0.05167	0.15398	0.01288	0.01489	0.00957	0.00562	0.00496	0.00156	0.00606	0.03629	0.00355	0.14703
1	0.01559	0.04727	0.18918	0.01381	0.08765	0.01140	0.05434	0.06490	0.14464	0.22924	0.03387	0.01624	0.01189	0.00604	0.00522	0.00163	0.00567	0.01582	0.00436	0.04126
2	0.10616	0.05108	0.20386	0.02305	0.05151	0.01133	0.02270	0.07658	0.08440	0.18406	0.07467	0.01559	0.01265	0.00608	0.00514	0.00161	0.01710	0.00482	0.00416	0.04346
3	0.02714	0.03693	0.22353	0.01214	0.05854	0.04400	0.01126	0.07337	0.02329	0.23812	0.02485	0.04316	0.03720	0.00619	0.00503	0.00153	0.00562	0.00499	0.00414	0.11896
4	0.09476	0.10268	0.28770	0.01110	0.01591	0.01164	0.01165	0.07505	0.05383	0.12800	0.01434	0.12460	0.01222	0.00699	0.00497	0.00165	0.00563	0.00561	0.00376	0.02790
5	0.01589	0.11256	0.21417	0.01165	0.01660	0.01242	0.04164	0.15906	0.05372	0.19793	0.05571	0.01493	0.01168	0.00594	0.00501	0.00155	0.00574	0.00475	0.01476	0.04429
6	0.08562	0.11360	0.26418	0.01231	0.01766	0.01200	0.10229	0.03755	0.03174	0.12417	0.03326	0.01352	0.02007	0.00533	0.00480	0.00151	0.00608	0.00441	0.00338	0.10652
7	0.01366	0.01195	0.10705	0.01110	0.01459	0.03081	0.07537	0.11448	0.10520	0.14905	0.14161	0.12970	0.02066	0.00833	0.00569	0.00172	0.00503	0.01864	0.00480	0.03057
8	0.01403	0.14501	0.32726	0.01135	0.01667	0.03049	0.01237	0.01766	0.01230	0.19261	0.06511	0.04879	0.01244	0.00612	0.00490	0.00153	0.00591	0.00486	0.00366	0.06692
9	0.05262	0.03115	0.18296	0.01422	0.13309	0.01061	0.03169	0.07051	0.04916	0.18154	0.09027	0.01616	0.01338	0.00593	0.00508	0.00154	0.00544	0.00497	0.00408	0.09560
10	0.04630	0.00785	0.02927	0.00855	0.01029	0.04043	0.02747	0.04779	0.02826	0.10293	0.05877	0.44599	0.10016	0.01255	0.00612	0.00192	0.00394	0.01106	0.00486	0.00550
11	0.06033	0.06480	0.10405	0.01643	0.12487	0.01171	0.21258	0.01849	0.08091	0.15326	0.06379	0.03973	0.01290	0.00598	0.00539	0.00167	0.00615	0.00566	0.00382	0.00749
12	0.05349	0.06550	0.10673	0.01795	0.24492	0.06896	0.05225	0.07166	0.01358	0.20969	0.01302	0.03726	0.00985	0.00571	0.00509	0.00159	0.00612	0.00487	0.00383	0.00794
13	0.01148	0.01738	0.28956	0.06064	0.22457	0.03256	0.12348	0.01563	0.01165	0.01648	0.01220	0.03648	0.04168	0.00548	0.00527	0.00160	0.00688	0.00505	0.00269	0.07926
14	0.00793	0.00673	0.04945	0.00741	0.00897	0.00556	0.00587	0.01056	0.04538	0.04035	0.38314	0.25589	0.12835	0.01215	0.00625	0.00182	0.00310	0.01071	0.00526	0.00514
15	0.03734	0.08736	0.31556	0.01269	0.03691	0.02050	0.05209	0.07367	0.02239	0.19854	0.01615	0.01629	0.07501	0.00615	0.00510	0.00162	0.00615	0.00497	0.00381	0.00771
16	0.01514	0.08179	0.23042	0.01708	0.19498	0.01187	0.05584	0.05500	0.02371	0.20720	0.01346	0.04772	0.01020	0.00584	0.00517	0.00162	0.00617	0.00503	0.00372	0.00803
17	0.00932	0.00604	0.00763	0.00799	0.00903	0.00588	0.00564	0.06272	0.04615	0.08590	0.02652	0.62376	0.02983	0.03786	0.00704	0.00213	0.00350	0.01280	0.00506	0.00521
18	0.01186	0.01630	0.27603	0.04538	0.20613	0.01147	0.04741	0.07945	0.06931	0.03003	0.01416	0.12160	0.01265	0.00705	0.00549	0.00174	0.00625	0.02690	0.00335	0.00746
19	0.01625	0.01465	0.20173	0.01505	0.14807	0.01095	0.01222	0.07311	0.12469	0.27253	0.02581	0.03612	0.01193	0.00625	0.00529	0.00167	0.00559	0.00523	0.00451	0.00834
20	0.01223	0.06166	0.37611	0.05564	0.21694	0.01303	0.11126	0.04944	0.01216	0.02801	0.00994	0.01220	0.00750	0.00494	0.00517	0.00163	0.00728	0.00444	0.00259	0.00780
21	0.01286	0.01319	0.01159	0.08286	0.01453	0.27266	0.03062	0.05210	0.02580	0.03817	0.11579	0.21570	0.07363	0.00950	0.00569	0.00170	0.00589	0.00798	0.00406	0.00568
22	0.01485	0.08614	0.01964	0.03470	0.46847	0.04574	0.03032	0.03963	0.03315	0.12146	0.01233	0.01550	0.01000	0.00554	0.00518	0.00158	0.00606	0.03831	0.00337	0.00801
23	0.01327	0.38671	0.31603	0.01367	0.09265	0.01599	0.01368	0.01683	0.01130	0.06214	0.00925	0.01054	0.00730	0.00486	0.00431	0.00141	0.00647	0.00358	0.00255	0.00747
24	0.00950	0.00590	0.00777	0.00820	0.00935	0.00570	0.00618	0.01153	0.04563	0.11010	0.02656	0.39684	0.04746	0.06918	0.04638	0.00263	0.00437	0.17666	0.00491	0.00514
25	0.01528	0.01543	0.01848	0.05588	0.45511	0.20355	0.01363	0.05181	0.06059	0.04399	0.01071	0.01282	0.00861	0.00520	0.00514	0.00154	0.00689	0.00449	0.00306	0.00777
26	0.01401	0.68084	0.09428	0.01025	0.01508	0.01966	0.04047	0.04800	0.01145	0.01389	0.00790	0.00913	0.00692	0.00464	0.00373	0.00122	0.00598	0.00314	0.00241	0.00698
27	0.01297	0.01296	0.02070	0.25967	0.28608	0.08387	0.16660	0.01624	0.01196	0.04246	0.01007	0.01344	0.00789	0.00508	0.00573	0.00167	0.02790	0.00492	0.00269	0.00711
28	0.00910	0.00692	0.00800	0.03573	0.00987	0.06036	0.00597	0.01091	0.04519	0.05014	0.18733	0.38045	0.03014	0.01443	0.04164	0.07960	0.00427	0.01046	0.00463	0.00486
29	0.00665	0.00485	0.00630	0.00732	0.00792	0.00451	0.00514	0.00782	0.01072	0.01411	0.06210	0.62484	0.11923	0.01579	0.00672	0.00211	0.00317	0.08136	0.00494	0.00439
30	0.00971	0.00897	0.01502	0.71102	0.03333	0.01116	0.01376	0.01304	0.01033	0.01337	0.00994	0.01486	0.00775	0.00921	0.09519	0.00253	0.00786	0.00481	0.00240	0.00574
31	0.01915	0.01027	0.01237	0.01005	0.01356	0.01031	0.00808	0.20091	0.13934	0.39241	0.01996	0.10830	0.01512	0.00775	0.00548	0.00171	0.00460	0.00641	0.00587	0.00835
32	0.00733	0.00487	0.00653	0.00757	0.00809	0.00454	0.00521	0.00837	0.01045	0.04867	0.02871	0.73805	0.03375	0.01601	0.00671	0.00214	0.00322	0.05027	0.00498	0.00454
33	0.02372	0.00900	0.01227	0.00941	0.01350	0.00777	0.00777	0.02576	0.01513	0.78489	0.02086	0.01799	0.01309	0.00654	0.00532	0.00164	0.00450	0.00532	0.00654	0.00900
34	0.01184	0.30512	0.51992	0.01295	0.01961	0.01532	0.01585	0.01642	0.01101	0.01523	0.00874	0.01022	0.00673	0.00485	0.00445	0.00148	0.00705	0.00353	0.00224	0.00745
35	0.01537	0.01010	0.04833	0.01261	0.01616	0.00886	0.17716	0.01875	0.04580	0.30747	0.02039	0.05627	0.01738	0.00862	0.00611	0.00192	0.00567	0.21092	0.00492	0.00719
36	0.01139	0.04773	0.67984	0.01516	0.02255	0.01240	0.07049	0.01712	0.01141	0.04946	0.01000	0.01159	0.00706	0.00503	0.00507	0.00166	0.00769	0.00410	0.00245	0.00779
37	0.01975	0.02520	0.01498	0.01362	0.01634	0.79299	0.01021	0.02111	0.01498	0.01294	0.00817	0.00953	0.00681	0.00545	0.00477	0.00136	0.00953	0.00340	0.00272	0.00613
38	0.00793	0.00604	0.00739	0.00703	0.00854	0.00580	0.00536	0.01153	0.09218	0.02001	0.55674	0.04013	0.15335	0.01100	0.00620	0.00173	0.00281	0.04537	0.00559	0.00525
39	0.00998	0.00940	0.01586	0.80150	0.03641	0.01175	0.01468	0.01351	0.01057	0.01351	0.00940	0.01409	0.00705	0.00529	0.00529	0.00176	0.00705	0.00470	0.00235	0.00587
40	0.03625	0.01002	0.01519	0.44954	0.06414	0.01162	0.04568	0.05040	0.12552	0.04774	0.01350	0.01887	0.01089	0.00642	0.00546	0.00180	0.00622	0.07076	0.00338	0.00660
41	0.00641	0.00553	0.00582	0.04069	0.00844	0.00479	0.00449	0.00785	0.01198	0.01425	0.05159	0.04924	0.74482	0.01303	0.00621	0.00178	0.00287	0.01087	0.00480	0.00453
42	0.02146	0.01132	0.01397	0.01156	0.05202	0.01127	0.00901	0.28482	0.05198	0.44931	0.01748	0.01597	0.01155	0.00641	0.00531	0.00162	0.00504	0.00512	0.00586	0.00894
43	0.01123	0.01229	0.08347	0.42824	0.27767	0.01217	0.06965	0.01491	0.01124	0.01525	0.00968	0.01353	0.00752	0.00502	0.00532	0.00169	0.00700	0.00475	0.00245	0.00694
44	0.01022	0.00934	0.01546	0.43552	0.11325	0.01058	0.06511	0.01371	0.03178	0.02587	0.13875	0.02016	0.05355	0.00665	0.00587	0.00174	0.02710	0.00597	0.00324	0.00614
45	0.01413	0.81739	0.02770	0.00905	0.01357	0.02092	0.00905	0.01583	0.01074	0.01244	0.00735	0.00848	0.00678	0.00452	0.00339	0.00113	0.00565	0.00283	0.00226	0.00678
46	0.00919	0.00581	0.00746	0.00681	0.00845	0.00524	0.00519	0.01150	0.01464	0.10753	0.60723	0.03837	0.13096	0.01062	0.00613	0.00167	0.00274	0.00926	0.00580	0.00538
47	0.01599	0.17893	0.17802	0.01373	0.01855	0.19225	0.12986	0.08087	0.02486	0.10276	0.01067	0.01176	0.00799	0.00524	0.00489	0.00150	0.00736	0.00420	0.00320	0.00735
48	0.01797	0.06402	0.01775	0.01549	0.08504	0.45438	0.07943	0.13914	0.04645	0.01729	0.00978	0.01114	0.00778	0.00545	0.00498	0.00146	0.00817	0.00407	0.00320	0.00700
49	0.02181	0.01083	0.08910	0.04512	0.01544	0.00839	0.00924	0.02433	0.01454	0.67462	0.01922	0.01714	0.01219	0.00634	0.00529	0.00165	0.00494	0.00515	0.00593	0.00874
50	0.01074	0.01028	0.01624	0.63581	0.10919	0.03118	0.01431	0.01458	0.04450	0.01422	0.00985	0.01402	0.00757	0.00548	0.00579	0.00176	0.04098	0.00472	0.00252	0.00624
51	0.01351	0.07426	0.30732	0.01523	0.05073	0.07298	0.14051	0.09459	0.07363	0.05101	0.01213	0.04893	0.00955	0.00581	0.00525	0.00165	0.00707	0.00504	0.00323	0.00758
52	0.00765	0.00529	0.00662	0.00662	0.00692	0.00559	0.00427	0.00824	0.00794	0.01089	0.01587	0.03025	0.01733	0.57092	0.26762	0.00618	0.00796	0.00705	0.00309	0.00368
53	0.02290	0.01031	0.01308	0.01003	0.01415	0.00971	0.00828	0.19209	0.01732	0.61548	0.01902	0.01680	0.01216	0.00650	0.00531	0.00162	0.00480	0.00519	0.00626	0.00900
54	0.00817	0.00740	0.00708	0.00681	0.00854	0.07378	0.00511	0.01059	0.05444	0.01663	0.26296	0.06362	0.43225	0.01168	0.00608	0.00172	0.00331	0.00983	0.00502	0.00497
55	0.01588	0.01379	0.02011	0.01612	0.06100	0.01456	0.24356	0.33600	0.17769	0.02499	0.01378	0.01468	0.01016	0.00584	0.00560	0.00169	0.00646	0.00547	0.00435	0.00825
56	0.04915	0.01316	0.01919	0.02518	0.51503	0.01371	0.01390	0.24585	0.01585	0.02246	0.01068	0.01278	0.00846	0.00522	0.00517	0.00158	0.00605	0.00465	0.00346	0.00846
57	0.00776	0.00521	0.00600	0.00610	0.00620	0.00521	0.00365	0.00796	0.00806	0.01072	0.01761	0.03669	0.02016	0.74730	0.02527	0.00490	0.00510	0.06944	0.00334	0.00334
58	0.08132	0.00926	0.01206	0.00932	0.01335	0.00831	0.00770	0.04715	0.01499	0.70932	0.01967	0.01718	0.01245	0.00642	0.00517	0.00163	0.00451	0.00513	0.00628	0.00877
59	0.01308	0.01256	0.02146	0.03245	0.78123	0.01256	0.01622	0.01622	0.01204	0.01727	0.00994	0.01308	0.00837	0.00471	0.00523	0.00157	0.00628	0.00471	0.00262	0.00837
60	0.05355	0.01394	0.01650	0.01260	0.01683	0.04789	0.09121	0.48338	0.02064	0.16947	0.01358	0.01354	0.00942	0.00608	0.00529	0.00161	0.00600	0.00489	0.00504	0.00853
61	0.00663	0.00474	0.00635	0.00758	0.00797	0.00446	0.00524	0.00769	0.01031	0.01371	0.02903	0.74199	0.03455	0.01638	0.00680	0.00217	0.00323	0.08193	0.00490	0.00435
62	0.00655	0.00465	0.00610	0.00722	0.00750	0.00437	0.00476	0.00739	0.00991	0.01322	0.02806	0.74390	0.03361	0.08527	0.00848	0.00240	0.00324	0.01440	0.00476	0.00420
63	0.01342	0.66701	0.11619	0.00947	0.01416	0.01878	0.00992	0.01569	0.01082	0.01346	0.00829	0.00958	0.00725	0.00470	0.00361	0.00120	0.00569	0.00310	0.06090	0.00678
64	0.00787	0.00582	0.00741	0.00694	0.00830	0.00555	0.00522	0.01123	0.06740	0.02126	0.72599	0.03812	0.04754	0.01056	0.00618	0.00167	0.00261	0.00931	0.00579	0.00522
65	0.04934	0.01309	0.01396	0.01091	0.01480	0.04709	0.00894	0.48536	0.02070	0.20179	0.01448	0.01410	0.01003	0.00629	0.00509	0.00157	0.00538	0.00477	0.06382	0.00847
66	0.01413	0.81739	0.02770	0.00905	0.01357	0.02092	0.00905	0.01583	0.01074	0.01244	0.00735	0.00848	0.00678	0.00452	0.00339	0.00113	0.00565	0.00283	0.00226	0.00678
67	0.01816	0.05587	0.01481	0.01263	0.01538	0.59987	0.00967	0.08767	0.01525	0.01510	0.04230	0.01186	0.00932	0.00811	0.05978	0.00188	0.00904	0.00393	0.00308	0.00627
68	0.00644	0.00460	0.00613	0.00736	0.00767	0.00429	0.00491	0.00736	0.01012	0.01350	0.02914	0.81076	0.03497	0.01656	0.00675	0.00215	0.00307	0.01503	0.00491	0.00429
69	0.05558	0.01579	0.12769	0.01927	0.25433	0.06236	0.07078	0.18056	0.12278	0.02139	0.01194	0.01332	0.00912	0.00550	0.00519	0.00163	0.00640	0.00473	0.00358	0.00806
70	0.00953	0.00861	0.01415	0.63913	0.03079	0.01051	0.01297	0.01265	0.01046	0.01349	0.01208	0.04632	0.01067	0.04275	0.04490	0.00230	0.00700	0.06342	0.00270	0.00557
71	0.02372	0.00900	0.01227	0.00941	0.01350	0.00777	0.00777	0.02576	0.01513	0.78489	0.02086	0.01799	0.01309	0.00654	0.00532	0.00164	0.00450	0.00532	0.00654	0.00900
72	0.00834	0.00720	0.00972	0.00948	0.00989	0.00858	0.00725	0.00952	0.00996	0.01388	0.07564	0.39497	0.08998	0.01328	0.01041	0.00215	0.28482	0.02599	0.00406	0.00489
73	0.04878	0.08820	0.47663	0.01414	0.05232	0.01303	0.02754	0.07017	0.06912	0.07484	0.01122	0.01221	0.00809	0.00532	0.00491	0.00162	0.00677	0.00416	0.00307	0.00786
74	0.01993	0.01189	0.01373	0.01071	0.01455	0.01235	0.00877	0.44259	0.02046	0.27859	0.06900	0.04427	0.01408	0.00708	0.00541	0.00163	0.00506	0.00564	0.00572	0.00855
75	0.00872	0.00615	0.00726	0.00669	0.00842	0.00572	0.00511	0.04736	0.03397	0.05442	0.44014	0.03921	0.25936	0.01087	0.00602	0.00168	0.00284	0.00931	0.04145	0.00530
76	0.01324	0.13533	0.08606	0.01123	0.06895	0.01164	0.00927	0.10714	0.07222	0.04593	0.02328	0.01235	0.00926	0.00492	0.00440	0.00119	0.00496	0.00387	0.00348	0.37127
77	0.04019	0.04699	0.16434	0.01474	0.17876	0.00968	0.04416	0.03609	0.01261	0.05028	0.13194	0.05162	0.17050	0.00806	0.00552	0.00168	0.00510	0.01728	0.00384	0.00663

[dist]
# distance from previous block
# <min> <max>
0	15

[block]
# block no. 1 follows, 46 sequences, length 51
# corresponding to MSA columns:
# 383-414,416-434
name=unknown_B
#
# <colnr> <probs for GDERKNQSTAVLIFYWHMCP>
#	G	D	E	R	K	N	Q	S	T	A	V	L	I	F	Y	W	H	M	C	P
0	0.12379	0.04185	0.01552	0.01220	0.03490	0.12627	0.10032	0.12176	0.05818	0.22526	0.01350	0.01405	0.00974	0.00573	0.00495	0.00155	0.00594	0.01375	0.00435	0.06640
1	0.01285	0.25324	0.01585	0.00989	0.01216	0.11543	0.00820	0.03511	0.01153	0.06625	0.01574	0.23735	0.01653	0.00953	0.00686	0.01333	0.10291	0.04774	0.00359	0.00592
2	0.01521	0.16643	0.03277	0.01321	0.14939	0.01163	0.00941	0.06782	0.02489	0.18151	0.03459	0.01346	0.01027	0.00518	0.00455	0.00129	0.00497	0.00418	0.00384	0.24541
3	0.01761	0.00982	0.04153	0.01087	0.05883	0.00893	0.00846	0.08417	0.06226	0.40446	0.16523	0.04336	0.01993	0.00759	0.00590	0.00168	0.02957	0.00629	0.00565	0.00787
4	0.06517	0.00624	0.00705	0.00723	0.00851	0.00618	0.00527	0.06117	0.01167	0.01582	0.03415	0.40359	0.28968	0.01366	0.00665	0.00195	0.03473	0.01172	0.00472	0.00484
5	0.04668	0.04345	0.01659	0.07318	0.33600	0.06597	0.01178	0.01892	0.07746	0.17913	0.06726	0.01602	0.01260	0.00583	0.00516	0.00159	0.00563	0.00505	0.00391	0.00778
6	0.01635	0.01234	0.01291	0.01058	0.01379	0.06548	0.00851	0.38992	0.09965	0.07873	0.19264	0.02105	0.01996	0.00764	0.00554	0.00164	0.00501	0.02527	0.00532	0.00769
7	0.00642	0.00470	0.00603	0.00710	0.00760	0.00432	0.00479	0.00739	0.01037	0.01360	0.03231	0.71207	0.13160	0.01615	0.00668	0.00210	0.00302	0.01453	0.00491	0.00432
8	0.00886	0.00759	0.01065	0.00982	0.01047	0.00938	0.00780	0.01059	0.01015	0.01484	0.21262	0.07347	0.02203	0.02001	0.26579	0.00414	0.28616	0.00693	0.00357	0.00513
9	0.01164	0.02377	0.57705	0.01637	0.02343	0.01279	0.17334	0.06772	0.01237	0.01791	0.00996	0.01191	0.00713	0.00500	0.00529	0.00169	0.00791	0.00445	0.00253	0.00775
10	0.85155	0.01022	0.00777	0.00695	0.01022	0.01186	0.00573	0.01554	0.00900	0.02372	0.00736	0.00859	0.00573	0.00491	0.00327	0.00164	0.00409	0.00286	0.00327	0.00573
11	0.00701	0.00539	0.00641	0.00615	0.00761	0.00479	0.00462	0.00906	0.01385	0.01854	0.50015	0.04386	0.32983	0.01180	0.00624	0.00171	0.00256	0.01017	0.00547	0.00479
12	0.04159	0.04179	0.08260	0.01118	0.01441	0.01036	0.11772	0.11733	0.06795	0.05216	0.31357	0.02423	0.03659	0.00786	0.00611	0.00168	0.03482	0.00684	0.00460	0.00661
13	0.00940	0.00618	0.00860	0.00954	0.01089	0.00607	0.00820	0.01170	0.01222	0.06811	0.02759	0.11161	0.02957	0.01420	0.00713	0.00236	0.00471	0.64183	0.00499	0.00511
14	0.01315	0.01136	0.01195	0.01076	0.01375	0.01315	0.00837	0.02809	0.77168	0.02211	0.02152	0.01972	0.01614	0.00717	0.00538	0.00179	0.00418	0.00598	0.00538	0.00837
15	0.01296	0.30749	0.29590	0.09607	0.02060	0.01585	0.06678	0.09641	0.01251	0.01665	0.00914	0.01089	0.00711	0.00497	0.00458	0.00149	0.00682	0.00386	0.00262	0.00732
16	0.08441	0.04213	0.03333	0.01831	0.27257	0.10408	0.02712	0.08649	0.13506	0.09482	0.01329	0.01537	0.01046	0.00590	0.00508	0.00162	0.00594	0.03241	0.00382	0.00778
17	0.11221	0.01759	0.28504	0.01500	0.02018	0.05813	0.23883	0.01658	0.01170	0.07086	0.01235	0.09505	0.01036	0.00617	0.00537	0.00173	0.00708	0.00571	0.00310	0.00698
18	0.00648	0.00463	0.00618	0.00741	0.00774	0.00433	0.00498	0.00744	0.01016	0.01354	0.02911	0.79518	0.03487	0.01652	0.00676	0.00215	0.00310	0.03019	0.00491	0.00431
19	0.01227	0.01337	0.07499	0.01574	0.01973	0.04115	0.34445	0.08463	0.08718	0.01918	0.13907	0.02026	0.03513	0.00669	0.00646	0.00176	0.04306	0.02422	0.00375	0.00690
20	0.01308	0.01256	0.02146	0.03245	0.78123	0.01256	0.01622	0.01622	0.01204	0.01727	0.00994	0.01308	0.00837	0.00471	0.00523	0.00157	0.00628	0.00471	0.00262	0.00837
21	0.01291	0.00705	0.00904	0.00773	0.01002	0.00651	0.00606	0.06381	0.01549	0.24129	0.46688	0.03223	0.08025	0.00944	0.00591	0.00166	0.00330	0.00812	0.00594	0.00637
22	0.00760	0.00509	0.00579	0.00588	0.00590	0.00507	0.00332	0.00766	0.00786	0.01048	0.01754	0.08954	0.02033	0.75775	0.02548	0.00491	0.00498	0.00821	0.00332	0.00328
23	0.17816	0.01224	0.06152	0.19482	0.07169	0.06467	0.02652	0.03652	0.01211	0.21748	0.01188	0.01327	0.00848	0.00578	0.00572	0.00169	0.06226	0.00440	0.00373	0.00706
24	0.01670	0.01582	0.20641	0.01439	0.10644	0.01240	0.01233	0.29415	0.01704	0.17371	0.01430	0.06783	0.01093	0.00656	0.00532	0.00165	0.00592	0.00535	0.00444	0.00831
25	0.01354	0.01468	0.01374	0.01179	0.01381	0.30846	0.10947	0.04318	0.01187	0.01334	0.01188	0.01931	0.01157	0.26348	0.08630	0.00332	0.03655	0.00544	0.00296	0.00531
26	0.59770	0.01306	0.01114	0.01132	0.09749	0.14060	0.02893	0.01657	0.01042	0.02104	0.00788	0.00940	0.00626	0.00496	0.00382	0.00159	0.00537	0.00325	0.00309	0.00613
27	0.00639	0.00509	0.00573	0.00614	0.00737	0.00443	0.00439	0.00765	0.01154	0.01442	0.08828	0.31964	0.47159	0.01436	0.00642	0.00191	0.00280	0.01243	0.00496	0.00443
28	0.01446	0.01595	0.11011	0.01664	0.20095	0.19098	0.02069	0.07712	0.07694	0.06156	0.12689	0.01770	0.03395	0.00647	0.00531	0.00158	0.00629	0.00535	0.00379	0.00726
29	0.01428	0.01468	0.10214	0.06987	0.21714	0.01327	0.20070	0.20561	0.01519	0.03206	0.01087	0.01309	0.00822	0.00511	0.00541	0.00161	0.00687	0.00494	0.00334	0.05559
30	0.00757	0.00532	0.00671	0.00657	0.00719	0.00535	0.00445	0.00878	0.01033	0.01434	0.26973	0.03388	0.04110	0.38763	0.16446	0.00456	0.00592	0.00799	0.00403	0.00410
31	0.79358	0.01014	0.00809	0.00712	0.01045	0.01157	0.00587	0.01626	0.00943	0.07702	0.00831	0.00925	0.00624	0.00502	0.00341	0.00164	0.00412	0.00303	0.00350	0.00595
32	0.01645	0.03621	0.27942	0.01365	0.08434	0.03977	0.02828	0.03563	0.03160	0.31000	0.03126	0.01506	0.01079	0.00582	0.00512	0.00161	0.00600	0.00475	0.03617	0.00808
33	0.01028	0.00654	0.00812	0.00700	0.00930	0.00562	0.00542	0.01246	0.01385	0.13825	0.40900	0.03417	0.17818	0.00963	0.00576	0.00155	0.00305	0.00827	0.00537	0.12818
34	0.76845	0.05862	0.00950	0.00808	0.04076	0.01243	0.00634	0.01558	0.00922	0.02279	0.00746	0.00876	0.00589	0.00488	0.00336	0.00160	0.00427	0.00293	0.00319	0.00589
35	0.01329	0.62747	0.21019	0.01049	0.01581	0.01884	0.01157	0.01605	0.01084	0.01347	0.00786	0.00912	0.00676	0.00464	0.00378	0.00126	0.00617	0.00309	0.00225	0.00703
36	0.01243	0.01147	0.04678	0.04074	0.51463	0.01077	0.01335	0.01573	0.03627	0.06175	0.06680	0.06446	0.04257	0.00635	0.00539	0.00161	0.00552	0.00590	0.00337	0.03409
37	0.00769	0.00513	0.00577	0.00577	0.00577	0.00513	0.00320	0.00769	0.00769	0.01025	0.01666	0.03460	0.01922	0.81421	0.02691	0.00513	0.00513	0.00769	0.00320	0.00320
38	0.01474	0.73117	0.02632	0.00954	0.01387	0.10495	0.00917	0.01640	0.01120	0.01249	0.00744	0.00859	0.00679	0.00462	0.00354	0.00116	0.00608	0.00289	0.00231	0.00671
39	0.01112	0.00953	0.01103	0.00804	0.01261	0.00747	0.00641	0.01435	0.06423	0.01757	0.01025	0.01158	0.00841	0.00414	0.00402	0.00085	0.00393	0.00333	0.00329	0.78783
40	0.01790	0.02163	0.01567	0.01493	0.06949	0.57893	0.01086	0.04568	0.01396	0.01393	0.00825	0.01024	0.00702	0.00607	0.00695	0.00155	0.14413	0.00375	0.00274	0.00633
41	0.00827	0.00639	0.00881	0.00932	0.04485	0.00627	0.03455	0.01096	0.06357	0.01631	0.20693	0.21663	0.06030	0.12173	0.00928	0.00242	0.00400	0.15969	0.00473	0.00501
42	0.01136	0.01119	0.01567	0.01360	0.01368	0.01550	0.01136	0.01260	0.00837	0.01293	0.00838	0.01484	0.00854	0.00962	0.01666	0.00232	0.74999	0.05517	0.00249	0.00572
43	0.01219	0.38147	0.44656	0.01237	0.01871	0.01615	0.01483	0.01633	0.01097	0.01481	0.00853	0.00996	0.00674	0.00480	0.00429	0.00143	0.00685	0.00342	0.00225	0.00735
44	0.02258	0.00875	0.01190	0.00921	0.01310	0.00758	0.00758	0.02466	0.01512	0.73141	0.07391	0.01950	0.01566	0.00684	0.00538	0.00164	0.00436	0.00561	0.00649	0.00872
45	0.00720	0.00513	0.00695	0.00814	0.00875	0.00494	0.00611	0.00862	0.01076	0.01420	0.02835	0.52516	0.03289	0.04098	0.00757	0.00234	0.00376	0.26884	0.00484	0.00446
46	0.00770	0.00522	0.00617	0.00621	0.00636	0.00532	0.00377	0.00800	0.00794	0.01068	0.01681	0.03403	0.01898	0.69966	0.10983	0.00539	0.00610	0.03515	0.00323	0.00343
47	0.01170	0.02319	0.55236	0.01520	0.02177	0.05848	0.12131	0.01691	0.01198	0.04607	0.06246	0.01369	0.01008	0.00542	0.00527	0.00167	0.00758	0.00464	0.00273	0.00747
48	0.00765	0.00568	0.00811	0.00832	0.00929	0.00628	0.00652	0.00946	0.00927	0.01285	0.01906	0.03023	0.06243	0.09176	0.55486	0.00681	0.01121	0.13228	0.00333	0.00462
49	0.01182	0.13143	0.23787	0.01022	0.01548	0.01078	0.01060	0.04337	0.01199	0.04352	0.07244	0.01330	0.01101	0.00507	0.00445	0.00122	0.00527	0.00397	0.00316	0.35304
50	0.01292	0.53102	0.13651	0.00989	0.01429	0.07201	0.01005	0.01518	0.01115	0.01331	0.01242	0.06863	0.06144	0.00612	0.00416	0.00134	0.00586	0.00446	0.00266	0.00656

[dist]
# distance from previous block
# <min> <max>
0	1

[block]
# block no. 2 follows, 46 sequences, length 33
# corresponding to MSA columns:
# 437-469
name=unknown_C
#
# <colnr> <probs for GDERKNQSTAVLIFYWHMCP>
#	G	D	E	R	K	N	Q	S	T	A	V	L	I	F	Y	W	H	M	C	P
0	0.01414	0.15315	0.24067	0.01124	0.03509	0.01165	0.01129	0.05482	0.01252	0.15449	0.02456	0.01249	0.00906	0.00507	0.00454	0.00133	0.00558	0.00393	0.00347	0.23090
1	0.16382	0.07486	0.10980	0.01265	0.06804	0.07793	0.02628	0.15140	0.18958	0.05636	0.01276	0.01313	0.00956	0.00577	0.00475	0.00161	0.00571	0.00440	0.00396	0.00764
2	0.05180	0.01115	0.04422	0.03595	0.44233	0.01057	0.04246	0.01577	0.01184	0.10255	0.01410	0.10835	0.01276	0.00806	0.03681	0.00197	0.00604	0.03238	0.00343	0.00746
3	0.01197	0.04551	0.43521	0.01598	0.12501	0.03719	0.01549	0.03728	0.13917	0.01799	0.02605	0.01329	0.00944	0.00543	0.00503	0.00161	0.00666	0.00441	0.00301	0.04427
4	0.10137	0.03555	0.03694	0.00878	0.01295	0.00878	0.00743	0.01756	0.01200	0.25864	0.02589	0.01338	0.00988	0.00527	0.00499	0.00127	0.04260	0.00399	0.00417	0.38858
5	0.66582	0.01283	0.00962	0.00901	0.03641	0.13670	0.00692	0.03962	0.01054	0.02209	0.00774	0.00901	0.00609	0.00503	0.00364	0.00159	0.00508	0.00307	0.00323	0.00598
6	0.01582	0.01305	0.01399	0.01158	0.01502	0.05002	0.03886	0.30905	0.37194	0.02569	0.04091	0.01696	0.01362	0.00675	0.00533	0.00167	0.00514	0.00548	0.03088	0.00824
7	0.00675	0.00526	0.00612	0.00615	0.00751	0.00464	0.00452	0.00846	0.01286	0.01679	0.32472	0.16227	0.38926	0.01289	0.00632	0.00179	0.00267	0.01114	0.00525	0.00464
8	0.81192	0.01016	0.00799	0.00707	0.01038	0.01166	0.00582	0.01603	0.00929	0.06016	0.00801	0.00904	0.00608	0.00499	0.00337	0.00164	0.00411	0.00298	0.00343	0.00588
9	0.01248	0.01426	0.03119	0.02228	0.02763	0.01337	0.76203	0.01693	0.01248	0.01693	0.01070	0.01426	0.00802	0.00446	0.00624	0.00178	0.00891	0.00624	0.00267	0.00713
10	0.00698	0.00520	0.00649	0.00656	0.00769	0.00471	0.00477	0.00885	0.01319	0.01792	0.44846	0.22863	0.19564	0.01273	0.00636	0.00181	0.00267	0.01121	0.00541	0.00471
11	0.00760	0.00551	0.00738	0.00826	0.00927	0.00529	0.00662	0.00954	0.01202	0.01588	0.14638	0.26609	0.09215	0.01447	0.00690	0.00218	0.00383	0.37090	0.00503	0.00469
12	0.01326	0.01291	0.02000	0.02920	0.66219	0.05563	0.01511	0.01693	0.05492	0.01724	0.01128	0.01528	0.00968	0.00532	0.00531	0.00161	0.00628	0.03686	0.00288	0.00810
13	0.01185	0.02309	0.01187	0.06526	0.10006	0.00977	0.00849	0.04224	0.24819	0.07204	0.17452	0.02561	0.07960	0.00798	0.00552	0.00167	0.00423	0.03602	0.02346	0.04852
14	0.85155	0.01022	0.00777	0.00695	0.01022	0.01186	0.00573	0.01554	0.00900	0.02372	0.00736	0.00859	0.00573	0.00491	0.00327	0.00164	0.00409	0.00286	0.00327	0.00573
15	0.00759	0.00553	0.00780	0.00780	0.00850	0.00623	0.00574	0.00899	0.00829	0.01176	0.01480	0.02430	0.01475	0.23736	0.59764	0.00764	0.01185	0.00618	0.00293	0.00433
16	0.01137	0.00889	0.01196	0.01409	0.17306	0.00916	0.00909	0.11041	0.10995	0.04246	0.04095	0.23889	0.04668	0.01066	0.00609	0.00192	0.00457	0.13867	0.00460	0.00654
17	0.00666	0.00482	0.00594	0.00673	0.00720	0.00449	0.00442	0.00746	0.00993	0.01296	0.03039	0.53543	0.14709	0.17800	0.01076	0.00270	0.00342	0.01294	0.00456	0.00410
18	0.01640	0.01925	0.01678	0.01816	0.19797	0.43997	0.01194	0.01814	0.01280	0.01392	0.00833	0.01082	0.00721	0.00609	0.00759	0.00162	0.17984	0.00398	0.00261	0.00659
19	0.21139	0.16796	0.24646	0.01247	0.05820	0.08985	0.01203	0.11258	0.01275	0.01937	0.00890	0.01020	0.00688	0.00510	0.00433	0.00152	0.00636	0.00356	0.00294	0.00715
20	0.00998	0.00940	0.01586	0.80150	0.03641	0.01175	0.01468	0.01351	0.01057	0.01351	0.00940	0.01409	0.00705	0.00529	0.00529	0.00176	0.00705	0.00470	0.00235	0.00587
21	0.00777	0.00534	0.00674	0.00639	0.00765	0.00497	0.00479	0.01023	0.01437	0.02083	0.65865	0.03712	0.06288	0.01025	0.00590	0.00161	0.00249	0.00898	0.11809	0.00497
22	0.00643	0.00501	0.00584	0.00637	0.00744	0.00442	0.00449	0.00766	0.01139	0.01443	0.09583	0.39645	0.38613	0.01465	0.00647	0.00194	0.00284	0.01280	0.00498	0.00442
23	0.00998	0.00940	0.01586	0.80150	0.03641	0.01175	0.01468	0.01351	0.01057	0.01351	0.00940	0.01409	0.00705	0.00529	0.00529	0.00176	0.00705	0.00470	0.00235	0.00587
24	0.01319	0.00955	0.01135	0.00823	0.01282	0.00752	0.00663	0.04501	0.01212	0.13002	0.01120	0.01206	0.00864	0.00440	0.00417	0.00094	0.00408	0.00352	0.00372	0.69082
25	0.02162	0.00838	0.01116	0.00873	0.01238	0.00734	0.00715	0.02373	0.01452	0.66893	0.02031	0.01825	0.01316	0.00648	0.00507	0.00157	0.00419	0.00526	0.13339	0.00838
26	0.01271	0.01565	0.11889	0.02205	0.11070	0.01330	0.55278	0.05448	0.01290	0.01778	0.01057	0.01368	0.00795	0.00465	0.00593	0.00174	0.00833	0.00572	0.00275	0.00744
27	0.00930	0.00581	0.00765	0.00696	0.00852	0.00530	0.00530	0.01174	0.01498	0.10653	0.69379	0.03709	0.04577	0.01033	0.00613	0.00166	0.00272	0.00909	0.00590	0.00544
28	0.80981	0.01016	0.00800	0.00708	0.01039	0.01165	0.00583	0.01606	0.00931	0.06210	0.00804	0.00906	0.00610	0.00499	0.00337	0.00164	0.00411	0.00299	0.00344	0.00589
29	0.00962	0.00668	0.00802	0.00735	0.00919	0.00653	0.00562	0.01404	0.14380	0.08035	0.47057	0.03549	0.14068	0.01009	0.00595	0.00169	0.00296	0.00872	0.02685	0.00581
30	0.00755	0.00593	0.00732	0.03465	0.00921	0.00576	0.00542	0.01044	0.06065	0.01787	0.39604	0.03876	0.26600	0.01440	0.09409	0.00248	0.00412	0.00922	0.00506	0.00504
31	0.01252	0.01210	0.01915	0.02635	0.55984	0.04867	0.05166	0.01550	0.01243	0.01732	0.08055	0.01789	0.01326	0.00581	0.00541	0.00159	0.00604	0.04676	0.00306	0.04407
32	0.05003	0.03149	0.01536	0.01687	0.25751	0.07237	0.01048	0.05100	0.01418	0.33994	0.07469	0.01663	0.01337	0.00609	0.00519	0.00158	0.00538	0.00513	0.00465	0.00808

[dist]
# distance from previous block
# <min> <max>
0	24

# created by:
# /home/berkeley/.conda/envs/busco_data_prod/bin/msa2prfl.pl pipeline/OGs_align_augustus/33634/38335.fs
