[name]
unknown

[dist]
# distance from previous block
# <min> <max>
14	558

[block]
# block no. 0 follows, 44 sequences, length 31
# corresponding to MSA columns:
# 818-848
name=unknown_A
#
# <colnr> <probs for GDERKNQSTAVLIFYWHMCP>
#	G	D	E	R	K	N	Q	S	T	A	V	L	I	F	Y	W	H	M	C	P
0	0.19763	0.03407	0.01249	0.01157	0.10969	0.03229	0.00806	0.05912	0.01273	0.12105	0.03767	0.01611	0.06955	0.00592	0.00461	0.00141	0.00466	0.00462	0.00398	0.25276
1	0.01360	0.13515	0.13091	0.01261	0.07879	0.02805	0.01050	0.08893	0.10353	0.09071	0.01705	0.14112	0.03621	0.03160	0.00640	0.00181	0.03114	0.00655	0.00405	0.03129
2	0.01348	0.01133	0.08223	0.01190	0.08507	0.00933	0.00920	0.09081	0.07478	0.12341	0.10393	0.09597	0.01778	0.00741	0.00536	0.00153	0.00469	0.01823	0.00452	0.22906
3	0.12850	0.04341	0.05421	0.01344	0.13585	0.03364	0.00961	0.09389	0.09868	0.10614	0.10257	0.01753	0.03089	0.00642	0.00504	0.00157	0.00501	0.00520	0.00431	0.10411
4	0.01229	0.01264	0.12199	0.01378	0.11961	0.03288	0.01062	0.09996	0.09649	0.03982	0.07667	0.04368	0.01507	0.01392	0.16607	0.00312	0.02876	0.00577	0.04436	0.04251
5	0.04960	0.21366	0.07829	0.01161	0.03036	0.02900	0.04397	0.06259	0.23977	0.05501	0.04738	0.01643	0.01297	0.04527	0.00657	0.00181	0.03916	0.00506	0.00398	0.00750
6	0.09068	0.03457	0.08531	0.01172	0.08863	0.00953	0.00916	0.03757	0.01331	0.18154	0.19702	0.02017	0.01951	0.00741	0.00630	0.02574	0.04313	0.00569	0.00450	0.10851
7	0.04089	0.01066	0.04658	0.01103	0.04569	0.03042	0.05659	0.06685	0.13045	0.16641	0.12258	0.04153	0.15516	0.00841	0.00572	0.00171	0.00467	0.00715	0.00504	0.04244
8	0.20260	0.18406	0.01528	0.00970	0.01323	0.08440	0.00813	0.13005	0.01380	0.13683	0.01264	0.07204	0.01065	0.02582	0.00546	0.00165	0.02691	0.00481	0.00403	0.03792
9	0.05682	0.06676	0.04655	0.31219	0.13185	0.01208	0.01229	0.05264	0.05210	0.11407	0.01321	0.05910	0.01072	0.02972	0.00593	0.00183	0.00609	0.00542	0.00354	0.00710
10	0.05702	0.06135	0.17087	0.03882	0.16560	0.01240	0.01237	0.04085	0.19159	0.04709	0.04613	0.01711	0.01270	0.00623	0.00519	0.00165	0.00566	0.03123	0.00379	0.07235
11	0.00905	0.00501	0.00752	0.00752	0.00776	0.00525	0.00525	0.00776	0.00752	0.01026	0.01075	0.01778	0.01051	0.02441	0.21218	0.63377	0.00720	0.00501	0.00251	0.00299
12	0.03751	0.10653	0.32687	0.01576	0.08478	0.05188	0.08588	0.01819	0.04850	0.08466	0.01167	0.03607	0.00911	0.00591	0.00591	0.00171	0.05353	0.00477	0.00308	0.00768
13	0.10333	0.16365	0.07040	0.09725	0.11889	0.07346	0.05442	0.03988	0.03476	0.11316	0.01142	0.01360	0.00892	0.00566	0.00523	0.00160	0.02955	0.01969	0.00339	0.03173
14	0.00982	0.00581	0.00754	0.00795	0.00907	0.00544	0.00569	0.03497	0.01184	0.12137	0.02843	0.58203	0.05315	0.01461	0.00656	0.00208	0.00348	0.03909	0.04576	0.00532
15	0.00936	0.00650	0.00927	0.03699	0.01073	0.00606	0.04529	0.01197	0.01497	0.08165	0.60209	0.03727	0.08562	0.01039	0.00632	0.00173	0.00327	0.00924	0.00570	0.00560
16	0.01314	0.04169	0.09573	0.07644	0.14144	0.01063	0.15677	0.01671	0.03641	0.14158	0.04382	0.08893	0.09741	0.00753	0.00582	0.00177	0.00601	0.00698	0.00396	0.00724
17	0.01252	0.00994	0.07701	0.04607	0.08662	0.00841	0.05819	0.05633	0.01291	0.15838	0.02170	0.31847	0.02182	0.01090	0.00625	0.00197	0.00506	0.07616	0.00467	0.00662
18	0.01388	0.01165	0.01227	0.01093	0.01401	0.01341	0.00853	0.07616	0.68280	0.02346	0.02140	0.01986	0.01604	0.00729	0.00546	0.00181	0.00435	0.00603	0.04213	0.00852
19	0.01316	0.01178	0.02194	0.27290	0.08073	0.01218	0.30263	0.01759	0.05530	0.09824	0.01316	0.01757	0.01013	0.00579	0.00594	0.00183	0.00740	0.04118	0.00334	0.00719
20	0.01595	0.05197	0.15484	0.05787	0.09759	0.02740	0.18177	0.04093	0.01355	0.23087	0.04066	0.01552	0.01094	0.00583	0.00592	0.00172	0.02943	0.00531	0.00394	0.00798
21	0.01440	0.07068	0.01731	0.01371	0.01497	0.13039	0.01135	0.10299	0.01164	0.01566	0.00808	0.01153	0.00738	0.00826	0.01349	0.00207	0.53232	0.00447	0.00281	0.00648
22	0.01454	0.03965	0.15093	0.03919	0.01616	0.03455	0.00988	0.03927	0.01283	0.17502	0.02467	0.01337	0.00963	0.00512	0.00469	0.00126	0.00528	0.00406	0.00383	0.39607
23	0.01205	0.03477	0.03539	0.45909	0.12687	0.06870	0.03634	0.06031	0.01237	0.01587	0.01123	0.06001	0.00942	0.00656	0.01581	0.00184	0.00710	0.00536	0.01429	0.00660
24	0.00798	0.00539	0.00669	0.00669	0.00692	0.00563	0.00423	0.00832	0.00809	0.01102	0.01615	0.03123	0.01778	0.58146	0.21060	0.05030	0.00750	0.00726	0.00316	0.00363
25	0.01598	0.14985	0.15487	0.04524	0.17567	0.11150	0.02487	0.02948	0.03519	0.15373	0.01177	0.01298	0.00885	0.00564	0.00557	0.00160	0.04153	0.00439	0.00341	0.00786
26	0.09517	0.07960	0.07699	0.04189	0.19099	0.11339	0.06644	0.07296	0.02182	0.14100	0.01178	0.01343	0.00894	0.02104	0.00573	0.00169	0.02124	0.00457	0.00360	0.00772
27	0.01312	0.05694	0.05236	0.06562	0.04597	0.10107	0.00843	0.05444	0.01251	0.11399	0.01834	0.17996	0.03946	0.10290	0.02271	0.00227	0.01931	0.00740	0.07706	0.00614
28	0.00921	0.00632	0.00803	0.00770	0.00845	0.00679	0.00538	0.04894	0.00983	0.04108	0.04386	0.07401	0.01879	0.39823	0.25839	0.00563	0.03376	0.00744	0.00359	0.00454
29	0.04077	0.11312	0.09883	0.10606	0.03423	0.10528	0.03784	0.13978	0.05842	0.15738	0.03462	0.01443	0.01056	0.00599	0.00511	0.00161	0.00638	0.00471	0.01714	0.00773
30	0.05835	0.00774	0.01018	0.06007	0.03986	0.00764	0.03317	0.01377	0.03259	0.14038	0.01621	0.02633	0.01547	0.38449	0.03832	0.00355	0.00556	0.02854	0.00388	0.07388

[dist]
# distance from previous block
# <min> <max>
1	15

[block]
# block no. 1 follows, 44 sequences, length 10
# corresponding to MSA columns:
# 864-873
name=unknown_B
#
# <colnr> <probs for GDERKNQSTAVLIFYWHMCP>
#	G	D	E	R	K	N	Q	S	T	A	V	L	I	F	Y	W	H	M	C	P
0	0.03816	0.04642	0.04839	0.02851	0.03924	0.02463	0.00866	0.11359	0.01377	0.13730	0.01269	0.04983	0.01018	0.00576	0.00511	0.00131	0.02902	0.00453	0.00401	0.37889
1	0.27281	0.11524	0.04528	0.01071	0.03339	0.11609	0.00881	0.08023	0.10388	0.07628	0.03286	0.03592	0.01062	0.00627	0.00494	0.00164	0.02964	0.00447	0.00388	0.00705
2	0.00979	0.00522	0.00734	0.00725	0.00754	0.00535	0.00494	0.00890	0.05839	0.01099	0.01081	0.01704	0.01021	0.01744	0.01924	0.73642	0.00458	0.00485	0.05075	0.00295
3	0.00767	0.00594	0.00736	0.00782	0.05189	0.00544	0.00519	0.00948	0.01307	0.01749	0.37382	0.04211	0.27604	0.14146	0.00985	0.00233	0.00330	0.00979	0.00507	0.00487
4	0.01415	0.01286	0.05730	0.16188	0.20156	0.01327	0.01246	0.18203	0.18990	0.02205	0.01403	0.01554	0.01065	0.00605	0.00534	0.00170	0.00583	0.00514	0.06023	0.00803
5	0.01645	0.01105	0.01254	0.01039	0.01411	0.01147	0.00827	0.07715	0.41255	0.21140	0.01950	0.01803	0.01405	0.00667	0.00530	0.00164	0.00447	0.00546	0.00549	0.13400
6	0.01505	0.01180	0.01840	0.15135	0.28625	0.01227	0.07709	0.10229	0.08001	0.13241	0.01415	0.05047	0.01110	0.00618	0.00560	0.00173	0.00618	0.00568	0.00393	0.00807
7	0.01496	0.01258	0.04584	0.01411	0.13551	0.01184	0.01005	0.18153	0.16904	0.06780	0.01379	0.01433	0.01046	0.00561	0.00501	0.00142	0.00511	0.00463	0.00428	0.27209
8	0.01001	0.00823	0.01268	0.01557	0.21245	0.00867	0.02723	0.01232	0.01105	0.01573	0.05994	0.02931	0.01828	0.09604	0.18863	0.00384	0.05029	0.15570	0.05813	0.00589
9	0.27073	0.01234	0.01665	0.02210	0.42397	0.01312	0.01232	0.08300	0.06005	0.02164	0.01044	0.01246	0.00836	0.00523	0.00479	0.00166	0.00560	0.00436	0.00333	0.00785

[dist]
# distance from previous block
# <min> <max>
2	12

[block]
# block no. 2 follows, 44 sequences, length 19
# corresponding to MSA columns:
# 887-905
name=unknown_C
#
# <colnr> <probs for GDERKNQSTAVLIFYWHMCP>
#	G	D	E	R	K	N	Q	S	T	A	V	L	I	F	Y	W	H	M	C	P
0	0.09685	0.04861	0.04592	0.01541	0.13292	0.06446	0.06861	0.10629	0.21842	0.08557	0.01424	0.01476	0.01071	0.00604	0.00545	0.00168	0.02333	0.00496	0.00419	0.03160
1	0.01132	0.01113	0.01206	0.03056	0.01293	0.13040	0.00897	0.01404	0.07888	0.01436	0.01645	0.19838	0.01706	0.01535	0.12539	0.00309	0.23813	0.05220	0.00359	0.00569
2	0.01047	0.00841	0.01140	0.03188	0.13311	0.00736	0.00782	0.01248	0.01117	0.04434	0.01689	0.25668	0.01754	0.04276	0.02336	0.00179	0.00455	0.00763	0.00381	0.34655
3	0.01314	0.04327	0.02136	0.14605	0.37581	0.03020	0.11691	0.01625	0.01189	0.03733	0.01011	0.01343	0.00823	0.00539	0.00661	0.00169	0.08378	0.00489	0.00276	0.05088
4	0.00944	0.00635	0.00743	0.00692	0.00888	0.00573	0.00533	0.03180	0.03046	0.10136	0.26844	0.06642	0.38296	0.01201	0.00634	0.00181	0.00312	0.03413	0.00556	0.00551
5	0.00798	0.00561	0.00697	0.00681	0.00822	0.00509	0.00506	0.00995	0.01365	0.05266	0.40800	0.15504	0.23914	0.01364	0.03547	0.00208	0.00325	0.01079	0.00553	0.00507
6	0.02427	0.00959	0.01284	0.00985	0.01407	0.00847	0.00813	0.06439	0.01612	0.73962	0.02107	0.01827	0.01328	0.00674	0.00548	0.00168	0.00471	0.00545	0.00668	0.00928
7	0.00700	0.00540	0.00646	0.00702	0.00823	0.00486	0.00526	0.00853	0.01209	0.01538	0.10917	0.29116	0.35474	0.01480	0.00678	0.00205	0.00323	0.12802	0.00514	0.00466
8	0.01458	0.81168	0.02857	0.00933	0.01399	0.02157	0.00933	0.01632	0.01108	0.01283	0.00758	0.00875	0.00700	0.00466	0.00350	0.00117	0.00583	0.00292	0.00233	0.00700
9	0.01016	0.00508	0.00508	0.00508	0.00635	0.00508	0.00381	0.01270	0.01143	0.02033	0.01778	0.02033	0.01397	0.00635	0.00381	0.00127	0.00254	0.00508	0.83867	0.00508
10	0.01093	0.02820	0.78016	0.01554	0.02360	0.01266	0.02014	0.01727	0.01151	0.01727	0.00978	0.01151	0.00691	0.00518	0.00518	0.00173	0.00806	0.00403	0.00230	0.00806
11	0.00879	0.00628	0.00879	0.01004	0.01130	0.00628	0.00879	0.01130	0.01255	0.01632	0.02887	0.06150	0.03138	0.01506	0.00753	0.00251	0.00502	0.73770	0.00502	0.00502
12	0.00984	0.00515	0.00537	0.00531	0.00658	0.00509	0.00398	0.01239	0.01195	0.02052	0.11569	0.02297	0.01884	0.00697	0.00415	0.00133	0.00254	0.00570	0.73051	0.00509
13	0.00999	0.01299	0.23827	0.01002	0.01359	0.00818	0.01016	0.03075	0.04626	0.05353	0.43019	0.03048	0.03320	0.00909	0.00600	0.00176	0.00456	0.03969	0.00486	0.00643
14	0.01313	0.01084	0.01146	0.01026	0.01314	0.01229	0.00799	0.07130	0.58930	0.02289	0.05688	0.02244	0.05596	0.00776	0.00550	0.00179	0.00413	0.00644	0.06849	0.00804
15	0.05086	0.01288	0.09986	0.08587	0.09926	0.01122	0.20661	0.05506	0.04202	0.09962	0.04195	0.04821	0.05682	0.02196	0.00625	0.00188	0.00647	0.04217	0.00382	0.00721
16	0.01475	0.38411	0.03676	0.01308	0.06894	0.06294	0.05104	0.10140	0.01287	0.01649	0.00881	0.01066	0.00756	0.00555	0.00608	0.00144	0.11080	0.00380	0.00285	0.08004
17	0.01195	0.05089	0.21249	0.01120	0.04140	0.02656	0.01064	0.03192	0.01195	0.04982	0.02754	0.06141	0.01076	0.00655	0.02588	0.00148	0.00565	0.00458	0.00328	0.39406
18	0.17282	0.02625	0.06431	0.04136	0.01261	0.00915	0.02580	0.06406	0.05499	0.05127	0.23827	0.15549	0.02604	0.02674	0.00605	0.00187	0.00427	0.00787	0.00468	0.00611

[dist]
# distance from previous block
# <min> <max>
0	2

[block]
# block no. 3 follows, 44 sequences, length 19
# corresponding to MSA columns:
# 908-926
name=unknown_D
#
# <colnr> <probs for GDERKNQSTAVLIFYWHMCP>
#	G	D	E	R	K	N	Q	S	T	A	V	L	I	F	Y	W	H	M	C	P
0	0.34940	0.07260	0.04907	0.06011	0.13540	0.06960	0.01006	0.05216	0.02341	0.03322	0.01060	0.02604	0.00907	0.00611	0.00494	0.00170	0.02999	0.04646	0.00332	0.00675
1	0.03164	0.12029	0.31571	0.04946	0.05508	0.01197	0.03038	0.01784	0.02875	0.15353	0.07109	0.04251	0.01350	0.00656	0.00526	0.00169	0.00624	0.02723	0.00369	0.00759
2	0.01114	0.01026	0.01655	0.36805	0.20398	0.01129	0.05596	0.04889	0.03177	0.01647	0.01707	0.04957	0.10568	0.00688	0.00565	0.00177	0.00624	0.00623	0.01985	0.00669
3	0.01539	0.23247	0.01904	0.01538	0.16172	0.25398	0.01059	0.04107	0.05822	0.01608	0.08192	0.01538	0.01287	0.02465	0.00540	0.00155	0.00678	0.01729	0.00325	0.00698
4	0.23529	0.01252	0.01328	0.02827	0.03755	0.01390	0.00891	0.33352	0.09266	0.08483	0.01288	0.01367	0.00956	0.02697	0.00587	0.00178	0.03113	0.00460	0.00466	0.02816
5	0.01553	0.06621	0.02021	0.05032	0.45119	0.20884	0.01419	0.05722	0.01364	0.01700	0.00968	0.01224	0.00808	0.00527	0.00549	0.00156	0.02826	0.00440	0.00283	0.00783
6	0.02202	0.01168	0.07883	0.01059	0.01505	0.00973	0.00933	0.09522	0.07964	0.57832	0.01976	0.01758	0.01280	0.00665	0.00546	0.00170	0.00503	0.00536	0.00614	0.00912
7	0.00664	0.00474	0.00633	0.00759	0.00791	0.00443	0.00506	0.00759	0.01044	0.01392	0.03005	0.80485	0.03606	0.01708	0.00696	0.00221	0.00316	0.01550	0.00506	0.00443
8	0.01065	0.00613	0.00695	0.00647	0.00821	0.00583	0.00493	0.04879	0.01350	0.08946	0.18954	0.07244	0.14878	0.00927	0.00523	0.00157	0.00298	0.00779	0.35595	0.00557
9	0.01030	0.00969	0.01635	0.79530	0.03755	0.01211	0.01514	0.01393	0.01090	0.01393	0.00969	0.01453	0.00727	0.00545	0.00545	0.00182	0.00727	0.00484	0.00242	0.00606
10	0.00725	0.00528	0.00671	0.00690	0.00785	0.00487	0.00490	0.00902	0.01304	0.01785	0.41116	0.28936	0.11767	0.06323	0.00794	0.00211	0.00295	0.01173	0.00543	0.00474
11	0.01943	0.01463	0.01563	0.01228	0.01641	0.01630	0.01005	0.62441	0.15956	0.03226	0.01474	0.01440	0.01061	0.00670	0.00547	0.00167	0.00569	0.00514	0.00547	0.00915
12	0.01208	0.00656	0.00839	0.00758	0.00971	0.00582	0.00589	0.01412	0.01425	0.23084	0.30732	0.10709	0.19282	0.01120	0.00627	0.00182	0.00336	0.04291	0.00588	0.00611
13	0.00735	0.00556	0.00678	0.00647	0.00792	0.00499	0.00485	0.00958	0.01456	0.01980	0.56441	0.04412	0.25984	0.01192	0.00643	0.00175	0.00263	0.01034	0.00573	0.00499
14	0.01555	0.52396	0.02329	0.05313	0.01555	0.18490	0.00962	0.04295	0.01254	0.01418	0.00866	0.01012	0.00750	0.00508	0.00400	0.00128	0.00659	0.00334	0.05100	0.00677
15	0.63773	0.01022	0.00919	0.00781	0.01140	0.01116	0.00644	0.01871	0.01089	0.21616	0.01113	0.01132	0.00783	0.00549	0.00391	0.00169	0.00432	0.00360	0.00423	0.00676
16	0.01207	0.11392	0.46705	0.01357	0.01948	0.01355	0.01568	0.08300	0.03892	0.01820	0.02893	0.03657	0.01079	0.00664	0.00598	0.00176	0.05283	0.05045	0.00303	0.00759
17	0.01696	0.44380	0.02250	0.04171	0.03594	0.27894	0.01007	0.01873	0.01287	0.06107	0.00889	0.01007	0.00747	0.00515	0.00423	0.00132	0.00718	0.00340	0.00278	0.00692
18	0.10883	0.00942	0.05422	0.00872	0.01219	0.00759	0.00751	0.01363	0.01163	0.06791	0.01904	0.09076	0.06629	0.00848	0.00527	0.00157	0.00438	0.16141	0.00408	0.33707

[dist]
# distance from previous block
# <min> <max>
0	13

[block]
# block no. 4 follows, 44 sequences, length 8
# corresponding to MSA columns:
# 940-947
name=unknown_E
#
# <colnr> <probs for GDERKNQSTAVLIFYWHMCP>
#	G	D	E	R	K	N	Q	S	T	A	V	L	I	F	Y	W	H	M	C	P
0	0.05921	0.14852	0.13938	0.01316	0.03744	0.20481	0.03871	0.09896	0.03950	0.01770	0.03673	0.05663	0.01076	0.00661	0.00598	0.00163	0.06915	0.00484	0.00326	0.00702
1	0.00772	0.00643	0.00811	0.00933	0.09974	0.00579	0.00599	0.00973	0.01344	0.01751	0.29213	0.04381	0.43668	0.01183	0.00631	0.00177	0.00314	0.01015	0.00510	0.00527
2	0.00804	0.00544	0.00665	0.00698	0.00821	0.00484	0.00499	0.00942	0.01209	0.07212	0.12983	0.40529	0.27694	0.01450	0.00661	0.00199	0.00307	0.01275	0.00530	0.00494
3	0.01354	0.00929	0.01074	0.00939	0.01179	0.00961	0.00733	0.28745	0.01733	0.07963	0.13121	0.19487	0.08084	0.05550	0.00738	0.00205	0.00445	0.05555	0.00537	0.00668
4	0.01501	0.75224	0.02758	0.00969	0.01421	0.07944	0.00942	0.01674	0.01141	0.01287	0.00764	0.00883	0.00700	0.00474	0.00361	0.00118	0.00613	0.00296	0.00237	0.00695
5	0.01091	0.00838	0.00932	0.00873	0.01037	0.00907	0.00629	0.11145	0.23251	0.01817	0.02221	0.18689	0.05085	0.24923	0.03831	0.00315	0.00486	0.00865	0.00466	0.00598
6	0.00661	0.00513	0.00602	0.00665	0.00768	0.00454	0.00466	0.00783	0.01157	0.01469	0.07994	0.43548	0.35907	0.01534	0.00671	0.00202	0.00296	0.01346	0.00511	0.00454
7	0.00762	0.00557	0.00716	0.00676	0.00809	0.00510	0.00507	0.01011	0.01521	0.02133	0.71852	0.04159	0.10477	0.01134	0.00643	0.00172	0.00259	0.00998	0.00593	0.00510

[dist]
# distance from previous block
# <min> <max>
0	3

[block]
# block no. 5 follows, 44 sequences, length 76
# corresponding to MSA columns:
# 951-1026
name=unknown_F
#
# <colnr> <probs for GDERKNQSTAVLIFYWHMCP>
#	G	D	E	R	K	N	Q	S	T	A	V	L	I	F	Y	W	H	M	C	P
0	0.01233	0.01671	0.25700	0.06004	0.24924	0.01159	0.06262	0.04603	0.01253	0.03704	0.02823	0.04841	0.01023	0.00566	0.00531	0.00160	0.00656	0.00508	0.00303	0.12078
1	0.01272	0.09285	0.04397	0.00922	0.02544	0.02123	0.00772	0.04117	0.01219	0.06157	0.03178	0.01256	0.00959	0.00531	0.01876	0.00116	0.00477	0.00368	0.00344	0.58088
2	0.51328	0.04444	0.03812	0.00929	0.03196	0.01262	0.00766	0.12910	0.01218	0.04160	0.00963	0.01119	0.00754	0.00865	0.07762	0.00230	0.00573	0.00368	0.00363	0.02978
3	0.00924	0.00708	0.00893	0.05506	0.01056	0.04717	0.00657	0.00955	0.00902	0.01195	0.01559	0.17283	0.01682	0.13985	0.14306	0.22932	0.07878	0.02130	0.00320	0.00412
4	0.01124	0.01027	0.01230	0.10530	0.01554	0.04439	0.00837	0.03184	0.01149	0.01643	0.04488	0.01749	0.08211	0.02663	0.00754	0.00149	0.13833	0.00491	0.00331	0.40614
5	0.00761	0.00568	0.00716	0.00725	0.00862	0.00523	0.00567	0.00984	0.01396	0.01878	0.42519	0.07636	0.21078	0.01279	0.00668	0.00193	0.00315	0.16281	0.00555	0.00497
6	0.01042	0.00812	0.00964	0.00945	0.04450	0.00842	0.00673	0.10474	0.15293	0.02057	0.26634	0.11407	0.10646	0.07871	0.03224	0.00231	0.00417	0.00883	0.00518	0.00615
7	0.01505	0.60272	0.02555	0.04584	0.01587	0.10975	0.03598	0.04687	0.01222	0.01401	0.00869	0.02954	0.00788	0.00520	0.00402	0.00129	0.00642	0.00359	0.00260	0.00692
8	0.00977	0.00709	0.00950	0.00858	0.01056	0.00717	0.00668	0.01200	0.03355	0.04873	0.01431	0.04918	0.01296	0.02559	0.42623	0.04884	0.03025	0.00550	0.03712	0.19639
9	0.01174	0.01104	0.01859	0.33102	0.41897	0.01196	0.01512	0.01508	0.01208	0.01663	0.07504	0.01623	0.01175	0.00563	0.00551	0.00171	0.00645	0.00528	0.00287	0.00732
10	0.01443	0.01262	0.04795	0.01221	0.03257	0.01335	0.03571	0.06363	0.60542	0.06823	0.02047	0.01912	0.01517	0.00706	0.00555	0.00182	0.00481	0.00594	0.00531	0.00863
11	0.01285	0.32273	0.05400	0.22256	0.02013	0.08121	0.01099	0.02464	0.01110	0.01342	0.00959	0.01411	0.00858	0.03127	0.00734	0.07806	0.03886	0.02990	0.00257	0.00612
12	0.00666	0.00553	0.00582	0.00575	0.00750	0.00469	0.00431	0.00824	0.01293	0.01593	0.17634	0.05048	0.65032	0.01336	0.00644	0.00182	0.00273	0.01123	0.00522	0.00469
13	0.01411	0.01556	0.01638	0.01424	0.01497	0.21549	0.01157	0.01535	0.01018	0.01318	0.00748	0.01139	0.00712	0.00853	0.01454	0.00213	0.59479	0.00445	0.00249	0.00606
14	0.84691	0.01054	0.00801	0.00717	0.01054	0.01223	0.00590	0.01603	0.00928	0.02446	0.00759	0.00886	0.00590	0.00506	0.00337	0.00169	0.00422	0.00295	0.00337	0.00590
15	0.00656	0.00546	0.00573	0.00581	0.00747	0.00463	0.00430	0.00799	0.01247	0.01519	0.10701	0.11899	0.65186	0.01390	0.00649	0.00186	0.00278	0.01174	0.00513	0.00463
16	0.01466	0.01257	0.05762	0.05102	0.19496	0.01243	0.01134	0.08840	0.30870	0.09848	0.01696	0.04443	0.01312	0.00664	0.00545	0.00172	0.00529	0.00569	0.00455	0.04597
17	0.06311	0.01357	0.15101	0.01514	0.16358	0.00988	0.04133	0.01699	0.01215	0.13957	0.01262	0.05117	0.01007	0.00555	0.00494	0.00143	0.00550	0.00475	0.00360	0.27403
18	0.01297	0.11587	0.42812	0.02776	0.06902	0.02749	0.09587	0.05058	0.01270	0.06147	0.02754	0.01349	0.02209	0.00548	0.00521	0.00166	0.00734	0.00459	0.00292	0.00783
19	0.01229	0.13048	0.01915	0.01362	0.01647	0.01350	0.17895	0.06711	0.09586	0.01745	0.04219	0.08808	0.01604	0.00872	0.00810	0.00195	0.14906	0.11055	0.00375	0.00667
20	0.00654	0.00515	0.00591	0.00651	0.00762	0.00452	0.00458	0.00771	0.01147	0.01434	0.04317	0.41282	0.41961	0.01537	0.00669	0.00202	0.00295	0.01342	0.00506	0.00452
21	0.01586	0.21748	0.15821	0.04712	0.05711	0.02726	0.02703	0.01960	0.06201	0.22196	0.01353	0.01462	0.01009	0.03174	0.02797	0.00190	0.03034	0.00460	0.00382	0.00775
22	0.27177	0.04983	0.01728	0.01338	0.01741	0.16326	0.13441	0.14500	0.01532	0.05813	0.01157	0.01345	0.00907	0.00635	0.00536	0.00185	0.00704	0.00463	0.00412	0.05077
23	0.01407	0.00951	0.01071	0.00891	0.01154	0.00996	0.00709	0.31063	0.01876	0.05629	0.29166	0.02481	0.02577	0.00820	0.00549	0.00160	0.00402	0.00677	0.16726	0.00695
24	0.01341	0.01460	0.12688	0.03626	0.35781	0.03417	0.06126	0.03199	0.11885	0.05253	0.01420	0.01900	0.01184	0.00637	0.00565	0.00177	0.00645	0.07540	0.00350	0.00805
25	0.00722	0.00539	0.00577	0.00577	0.00673	0.00491	0.00380	0.00784	0.01024	0.01269	0.03670	0.04367	0.41143	0.36337	0.01639	0.03634	0.00395	0.00967	0.00418	0.00394
26	0.01493	0.08048	0.04158	0.01138	0.01502	0.01485	0.00943	0.16714	0.53250	0.02399	0.01877	0.01766	0.01407	0.00692	0.00534	0.00175	0.00490	0.00557	0.00514	0.00859
27	0.00854	0.00841	0.07522	0.04106	0.01212	0.00708	0.02646	0.01099	0.02536	0.01629	0.15907	0.28625	0.05001	0.04746	0.00798	0.00214	0.04542	0.10982	0.00451	0.05581
28	0.01546	0.07846	0.11968	0.31030	0.03854	0.01161	0.04332	0.01882	0.01266	0.26228	0.01379	0.01583	0.00974	0.00591	0.00534	0.00172	0.00643	0.01872	0.00387	0.00753
29	0.01192	0.01196	0.01965	0.19843	0.13278	0.01467	0.12059	0.01446	0.01018	0.01462	0.00875	0.01316	0.00756	0.00720	0.01154	0.00206	0.38636	0.00504	0.00249	0.00658
30	0.02411	0.00920	0.01254	0.00964	0.01380	0.00795	0.00795	0.02623	0.01560	0.76242	0.03713	0.01902	0.01429	0.00684	0.00550	0.00169	0.00460	0.00557	0.00673	0.00919
31	0.01227	0.01355	0.02852	0.20105	0.03058	0.01340	0.58410	0.01665	0.01241	0.01665	0.01072	0.01467	0.00804	0.00479	0.00621	0.00183	0.00875	0.00607	0.00268	0.00705
32	0.01625	0.01122	0.01793	0.02371	0.46258	0.01093	0.01314	0.01904	0.01342	0.24413	0.05364	0.01807	0.01307	0.00622	0.00586	0.00169	0.02523	0.03126	0.00415	0.00845
33	0.01372	0.01416	0.21369	0.01516	0.14839	0.01006	0.03328	0.01667	0.01162	0.18350	0.01454	0.02041	0.01234	0.19352	0.01136	0.00259	0.05057	0.02363	0.00367	0.00711
34	0.00792	0.00572	0.00769	0.00845	0.00954	0.00549	0.00679	0.01004	0.01280	0.01711	0.21883	0.22113	0.07590	0.01445	0.00707	0.00221	0.00387	0.35482	0.00528	0.00490
35	0.00978	0.02987	0.00906	0.00921	0.02953	0.03427	0.00651	0.07926	0.01258	0.05054	0.04674	0.56340	0.03017	0.01429	0.00656	0.00206	0.00397	0.05182	0.00498	0.00540
36	0.01501	0.04606	0.04220	0.06603	0.48000	0.04315	0.04790	0.01804	0.01266	0.12380	0.01151	0.01385	0.00899	0.00538	0.00591	0.00166	0.04155	0.00486	0.00322	0.00824
37	0.00759	0.00583	0.00809	0.00840	0.00905	0.00641	0.00620	0.00899	0.00975	0.01349	0.04384	0.33578	0.06268	0.05495	0.32566	0.00497	0.06957	0.01009	0.00394	0.00471
38	0.00834	0.00533	0.00571	0.00572	0.00717	0.00494	0.00431	0.01043	0.01239	0.01828	0.14578	0.06026	0.28683	0.01027	0.00533	0.00160	0.00271	0.02899	0.37071	0.00490
39	0.20931	0.02955	0.01278	0.01047	0.01383	0.16821	0.00839	0.29477	0.04664	0.02510	0.01178	0.01265	0.00893	0.00599	0.00461	0.00155	0.00581	0.00421	0.11815	0.00726
40	0.01431	0.13741	0.13447	0.03220	0.04562	0.03354	0.08595	0.15683	0.04769	0.03323	0.01090	0.01227	0.00842	0.00514	0.00484	0.00139	0.00615	0.00422	0.00344	0.22197
41	0.01300	0.43294	0.22748	0.07888	0.04985	0.01752	0.03954	0.01626	0.01115	0.01449	0.00855	0.01054	0.00711	0.00513	0.00504	0.00148	0.04777	0.00367	0.00236	0.00723
42	0.01356	0.01171	0.01233	0.01109	0.01418	0.01356	0.00863	0.02897	0.76455	0.02281	0.02219	0.02034	0.01664	0.00740	0.00555	0.00185	0.00431	0.00616	0.00555	0.00863
43	0.00700	0.00551	0.00631	0.00618	0.00772	0.00483	0.00461	0.00887	0.01364	0.01776	0.36243	0.07787	0.43225	0.01279	0.00646	0.00180	0.00270	0.01096	0.00547	0.00483
44	0.00709	0.00536	0.00654	0.00664	0.00786	0.00482	0.00483	0.00893	0.01338	0.01790	0.38693	0.22363	0.25959	0.01332	0.00656	0.00187	0.00277	0.01167	0.00550	0.00482
45	0.00858	0.00581	0.00727	0.00686	0.00845	0.00523	0.00521	0.01080	0.01453	0.07235	0.51289	0.06367	0.21417	0.01173	0.00641	0.00178	0.00284	0.03034	0.00578	0.00528
46	0.84691	0.01054	0.00801	0.00717	0.01054	0.01223	0.00590	0.01603	0.00928	0.02446	0.00759	0.00886	0.00590	0.00506	0.00337	0.00169	0.00422	0.00295	0.00337	0.00590
47	0.01196	0.01201	0.01717	0.01458	0.01474	0.01661	0.03447	0.01325	0.00849	0.01325	0.00727	0.01201	0.00719	0.00939	0.01754	0.00237	0.77447	0.00482	0.00240	0.00601
48	0.05873	0.01269	0.01453	0.01118	0.01544	0.01318	0.00924	0.43495	0.02094	0.32806	0.01618	0.01506	0.01079	0.00656	0.00537	0.00166	0.00538	0.00505	0.00587	0.00913
49	0.00731	0.00531	0.00690	0.00703	0.00803	0.00489	0.00507	0.00931	0.01370	0.01899	0.50142	0.28387	0.08148	0.01316	0.00660	0.00188	0.00277	0.01173	0.00566	0.00489
50	0.01280	0.08310	0.01500	0.01176	0.01305	0.08185	0.00966	0.04456	0.01046	0.04849	0.01049	0.01489	0.00953	0.04276	0.16594	0.00344	0.37150	0.00487	0.03986	0.00602
51	0.39357	0.01776	0.01201	0.01141	0.04337	0.37827	0.00843	0.01848	0.01227	0.01845	0.00843	0.01045	0.00703	0.03368	0.00504	0.00168	0.00700	0.00347	0.00308	0.00612
52	0.01458	0.81168	0.02857	0.00933	0.01399	0.02157	0.00933	0.01632	0.01108	0.01283	0.00758	0.00875	0.00700	0.00466	0.00350	0.00117	0.00583	0.00292	0.00233	0.00700
53	0.00664	0.00474	0.00633	0.00759	0.00791	0.00443	0.00506	0.00759	0.01044	0.01392	0.03005	0.80485	0.03606	0.01708	0.00696	0.00221	0.00316	0.01550	0.00506	0.00443
54	0.03517	0.04282	0.04747	0.01205	0.09698	0.00981	0.00896	0.07876	0.07682	0.31084	0.08306	0.05048	0.10705	0.00795	0.00558	0.00171	0.00467	0.00663	0.00532	0.00786
55	0.02059	0.01237	0.01402	0.01092	0.01490	0.01299	0.00896	0.44299	0.04367	0.25522	0.01634	0.01565	0.01122	0.00661	0.00530	0.00162	0.00520	0.00514	0.08744	0.00884
56	0.00696	0.00507	0.00662	0.00771	0.00835	0.00474	0.00551	0.00823	0.01109	0.01456	0.05117	0.59515	0.11531	0.01628	0.00697	0.00220	0.00338	0.12107	0.00508	0.00455
57	0.13336	0.01062	0.01557	0.40353	0.18548	0.03020	0.01311	0.01457	0.01095	0.01623	0.01073	0.03749	0.00922	0.02625	0.00628	0.00189	0.03756	0.02772	0.00280	0.00643
58	0.00752	0.00573	0.00684	0.00732	0.00864	0.00530	0.00576	0.00916	0.01195	0.01504	0.07041	0.08540	0.35377	0.11335	0.00951	0.00252	0.00389	0.26843	0.00487	0.00460
59	0.01536	0.07659	0.15165	0.07594	0.09027	0.18283	0.01245	0.05245	0.05567	0.10053	0.01310	0.01454	0.03588	0.00747	0.03366	0.00191	0.06428	0.00468	0.00341	0.00733
60	0.01193	0.01193	0.01670	0.01431	0.01431	0.01670	0.01193	0.01312	0.00835	0.01312	0.00716	0.01193	0.00716	0.00954	0.01789	0.00239	0.79843	0.00477	0.00239	0.00596
61	0.05100	0.11589	0.03887	0.19055	0.05127	0.04952	0.06732	0.07328	0.11883	0.04733	0.01212	0.01492	0.00969	0.03998	0.02926	0.00207	0.07277	0.00491	0.00339	0.00702
62	0.01118	0.01015	0.01380	0.47473	0.05321	0.07593	0.01193	0.01424	0.01156	0.01564	0.04713	0.01640	0.01073	0.00606	0.00562	0.00168	0.03831	0.00501	0.17076	0.00593
63	0.00836	0.00624	0.00720	0.00682	0.00819	0.03277	0.00511	0.01080	0.01477	0.02089	0.60858	0.03809	0.09496	0.01058	0.00608	0.00166	0.00284	0.00920	0.10172	0.00514
64	0.00872	0.00607	0.00693	0.00650	0.00840	0.00534	0.00494	0.02785	0.01382	0.08353	0.25731	0.06861	0.45728	0.01236	0.00635	0.00180	0.00296	0.01048	0.00549	0.00527
65	0.01458	0.81168	0.02857	0.00933	0.01399	0.02157	0.00933	0.01632	0.01108	0.01283	0.00758	0.00875	0.00700	0.00466	0.00350	0.00117	0.00583	0.00292	0.00233	0.00700
66	0.01498	0.01242	0.01313	0.01138	0.01472	0.01422	0.00897	0.17305	0.61815	0.02509	0.02039	0.01890	0.01518	0.00723	0.00553	0.00181	0.00465	0.00592	0.00553	0.00876
67	0.02310	0.01146	0.01400	0.01073	0.01500	0.01124	0.00887	0.29166	0.01925	0.50794	0.01845	0.01657	0.01196	0.00667	0.00547	0.00167	0.00513	0.00527	0.00628	0.00928
68	0.00760	0.00522	0.00657	0.00723	0.00766	0.00510	0.00493	0.00858	0.01004	0.01363	0.05771	0.34721	0.02887	0.29696	0.03588	0.00346	0.00442	0.10658	0.03816	0.00418
69	0.00736	0.00526	0.00629	0.00686	0.00796	0.00466	0.00483	0.00854	0.01146	0.04856	0.03971	0.46938	0.32871	0.01531	0.00669	0.00204	0.00307	0.01346	0.00514	0.00472
70	0.00788	0.00549	0.00699	0.00699	0.00735	0.00585	0.00460	0.00860	0.00824	0.01134	0.01623	0.03041	0.01753	0.52486	0.30817	0.00657	0.00873	0.00716	0.00316	0.00388
71	0.05110	0.01459	0.11182	0.09372	0.12376	0.04012	0.19174	0.08349	0.08917	0.04960	0.01245	0.03417	0.00978	0.00646	0.00659	0.03957	0.02562	0.00543	0.00341	0.00743
72	0.05496	0.00913	0.01362	0.45330	0.02603	0.01061	0.01155	0.03317	0.02820	0.09556	0.14368	0.02015	0.03550	0.00698	0.00598	0.00180	0.03384	0.00588	0.00374	0.00632
73	0.01275	0.04504	0.11668	0.03987	0.38664	0.01221	0.01392	0.08063	0.04911	0.01923	0.06412	0.01979	0.04367	0.00660	0.00552	0.00170	0.00596	0.05039	0.01836	0.00782
74	0.13017	0.39814	0.09592	0.04100	0.01545	0.06812	0.01002	0.05990	0.06084	0.01733	0.05010	0.01205	0.00998	0.00550	0.00422	0.00144	0.00589	0.00384	0.00309	0.00701
75	0.21044	0.03445	0.20770	0.01022	0.01440	0.05073	0.01015	0.03748	0.04344	0.10618	0.18753	0.01942	0.03232	0.00700	0.00507	0.00168	0.00523	0.00548	0.00421	0.00689

[dist]
# distance from previous block
# <min> <max>
0	3

[block]
# block no. 6 follows, 44 sequences, length 19
# corresponding to MSA columns:
# 1030-1048
name=unknown_G
#
# <colnr> <probs for GDERKNQSTAVLIFYWHMCP>
#	G	D	E	R	K	N	Q	S	T	A	V	L	I	F	Y	W	H	M	C	P
0	0.19706	0.03981	0.01417	0.12596	0.04064	0.05191	0.07838	0.06712	0.11405	0.05533	0.04324	0.04233	0.01260	0.07190	0.02153	0.00215	0.00588	0.00547	0.00383	0.00665
1	0.08762	0.01144	0.01519	0.05512	0.08816	0.03061	0.05747	0.14549	0.01566	0.32135	0.06287	0.01672	0.01293	0.00658	0.00604	0.00172	0.04655	0.00533	0.00501	0.00813
2	0.01502	0.01183	0.01308	0.01228	0.06228	0.03991	0.00909	0.06624	0.47652	0.10593	0.01978	0.02022	0.01511	0.00717	0.00549	0.00175	0.00479	0.04013	0.00521	0.06818
3	0.01184	0.00928	0.01090	0.00795	0.01246	0.00712	0.00635	0.01425	0.01166	0.05857	0.03324	0.01307	0.00998	0.00452	0.00417	0.00091	0.00394	0.00365	0.05113	0.72498
4	0.36755	0.01270	0.01249	0.01001	0.01394	0.01407	0.00826	0.37386	0.01779	0.10357	0.01161	0.01185	0.00828	0.00594	0.00458	0.00166	0.00512	0.00414	0.00471	0.00786
5	0.00664	0.00474	0.00633	0.00759	0.00791	0.00443	0.00506	0.00759	0.01044	0.01392	0.03005	0.80485	0.03606	0.01708	0.00696	0.00221	0.00316	0.01550	0.00506	0.00443
6	0.01228	0.01181	0.02038	0.31674	0.47047	0.01267	0.04537	0.01572	0.01187	0.01635	0.01008	0.01393	0.00811	0.00507	0.00546	0.00170	0.00688	0.00492	0.00260	0.00762
7	0.01444	0.71562	0.04997	0.00946	0.01398	0.04837	0.00941	0.01636	0.01127	0.01338	0.00822	0.00949	0.00737	0.00481	0.00362	0.00120	0.00587	0.00309	0.04716	0.00690
8	0.00910	0.00601	0.00755	0.00774	0.00893	0.00578	0.00556	0.03171	0.05863	0.07097	0.19956	0.44192	0.06139	0.01351	0.00645	0.00197	0.00324	0.01203	0.04260	0.00536
9	0.01617	0.00987	0.01161	0.00987	0.01301	0.01027	0.00781	0.05918	0.34136	0.26197	0.17270	0.02354	0.02231	0.00791	0.00570	0.00176	0.00415	0.00663	0.00601	0.00816
10	0.01477	0.04987	0.01824	0.06244	0.33660	0.03095	0.05072	0.07326	0.03695	0.12438	0.03716	0.01883	0.01258	0.02843	0.03468	0.00205	0.00641	0.05006	0.00380	0.00783
11	0.04425	0.01052	0.01627	0.01280	0.01572	0.01094	0.19852	0.05950	0.09823	0.13279	0.06680	0.02073	0.01494	0.13462	0.01053	0.00237	0.09137	0.00627	0.04606	0.00678
12	0.00827	0.00545	0.00709	0.00747	0.00854	0.00500	0.00542	0.00988	0.01249	0.06861	0.23511	0.41976	0.11323	0.01429	0.00670	0.00202	0.00317	0.05706	0.00543	0.00501
13	0.00672	0.00478	0.00630	0.00749	0.00779	0.00448	0.00495	0.00761	0.01028	0.01371	0.02926	0.75778	0.03506	0.06550	0.00823	0.00240	0.00329	0.01504	0.00495	0.00436
14	0.29888	0.03556	0.03269	0.01604	0.22208	0.11009	0.01032	0.04443	0.01242	0.10295	0.01033	0.01168	0.00794	0.00524	0.00452	0.00156	0.00578	0.00393	0.00350	0.06008
15	0.00982	0.00820	0.03447	0.11433	0.12096	0.00764	0.00851	0.01180	0.01118	0.05045	0.04723	0.10608	0.13157	0.18830	0.01084	0.00259	0.00500	0.06882	0.00389	0.05832
16	0.01320	0.30421	0.33097	0.05017	0.01948	0.01571	0.03831	0.01699	0.01141	0.06333	0.00959	0.01124	0.00746	0.00536	0.00549	0.00155	0.06102	0.00387	0.00264	0.02801
17	0.00881	0.00687	0.01016	0.01050	0.01191	0.00694	0.05536	0.01116	0.01215	0.01589	0.02864	0.13073	0.07993	0.01426	0.00781	0.00239	0.04211	0.53448	0.00476	0.00512
18	0.01315	0.06143	0.01413	0.00959	0.01432	0.04519	0.05814	0.01561	0.01195	0.08138	0.01059	0.01192	0.00843	0.00442	0.00433	0.00100	0.00483	0.00363	0.00342	0.62253

[dist]
# distance from previous block
# <min> <max>
1	6

[block]
# block no. 7 follows, 44 sequences, length 16
# corresponding to MSA columns:
# 1055-1070
name=unknown_H
#
# <colnr> <probs for GDERKNQSTAVLIFYWHMCP>
#	G	D	E	R	K	N	Q	S	T	A	V	L	I	F	Y	W	H	M	C	P
0	0.22038	0.01023	0.03554	0.00900	0.01196	0.01052	0.00742	0.07762	0.21572	0.02271	0.17295	0.02470	0.06253	0.00812	0.00527	0.00175	0.00414	0.05136	0.00482	0.04325
1	0.01193	0.01193	0.01670	0.01431	0.01431	0.01670	0.01193	0.01312	0.00835	0.01312	0.00716	0.01193	0.00716	0.00954	0.01789	0.00239	0.79843	0.00477	0.00239	0.00596
2	0.01488	0.77010	0.02787	0.00958	0.01414	0.06206	0.00939	0.01661	0.01131	0.01285	0.00762	0.00880	0.00700	0.00471	0.00357	0.00118	0.00604	0.00295	0.00236	0.00696
3	0.02072	0.01527	0.01636	0.01254	0.01691	0.01691	0.01036	0.75622	0.02563	0.03436	0.01309	0.01309	0.00927	0.00654	0.00545	0.00164	0.00600	0.00491	0.00545	0.00927
4	0.00984	0.00717	0.00890	0.04181	0.01076	0.00738	0.00631	0.02877	0.14653	0.05287	0.42990	0.03317	0.05062	0.08785	0.05195	0.00248	0.00418	0.00833	0.00534	0.00586
5	0.01284	0.01265	0.01112	0.01023	0.01228	0.24726	0.03984	0.01532	0.05483	0.06337	0.17764	0.20286	0.09712	0.01028	0.00598	0.00176	0.00548	0.00872	0.00459	0.00583
6	0.01458	0.81168	0.02857	0.00933	0.01399	0.02157	0.00933	0.01632	0.01108	0.01283	0.00758	0.00875	0.00700	0.00466	0.00350	0.00117	0.00583	0.00292	0.00233	0.00700
7	0.02422	0.00966	0.01289	0.00988	0.01411	0.00858	0.00816	0.07273	0.01624	0.73111	0.02098	0.01821	0.01323	0.00673	0.00548	0.00168	0.00473	0.00545	0.00667	0.00928
8	0.01240	0.01210	0.02292	0.26234	0.22319	0.01246	0.27779	0.01611	0.01214	0.04385	0.01158	0.04709	0.00939	0.00552	0.00585	0.00178	0.00748	0.00588	0.00288	0.00724
9	0.01594	0.01059	0.01427	0.01336	0.08738	0.05058	0.07789	0.05986	0.09089	0.25001	0.10884	0.02731	0.03737	0.00836	0.00599	0.00183	0.00532	0.12148	0.00519	0.00755
10	0.02037	0.01196	0.01384	0.01103	0.01501	0.01249	0.00898	0.27704	0.21237	0.32848	0.01880	0.01714	0.01286	0.00685	0.00549	0.00171	0.00502	0.00546	0.00599	0.00911
11	0.00856	0.00574	0.00779	0.00877	0.00969	0.00556	0.00690	0.01026	0.01152	0.04778	0.02813	0.34631	0.03156	0.07472	0.00873	0.00257	0.00430	0.37127	0.00498	0.00485
12	0.01058	0.00997	0.12550	0.09088	0.01496	0.00771	0.00958	0.03890	0.01204	0.10217	0.02246	0.33107	0.02345	0.01326	0.04051	0.00235	0.00539	0.12875	0.00448	0.00598
13	0.01469	0.00676	0.00845	0.00738	0.00972	0.00612	0.00576	0.01686	0.01361	0.30912	0.13805	0.09729	0.06846	0.00869	0.00530	0.00162	0.00342	0.00733	0.26477	0.00660
14	0.01942	0.00810	0.01087	0.00889	0.01217	0.00706	0.00711	0.02138	0.01473	0.55899	0.09679	0.12273	0.06922	0.00894	0.00582	0.00177	0.00413	0.00757	0.00635	0.00796
15	0.01286	0.04919	0.11716	0.10979	0.21726	0.05022	0.09337	0.04894	0.05250	0.04267	0.01420	0.04382	0.02912	0.00805	0.03927	0.00205	0.00707	0.05177	0.00331	0.00736

[dist]
# distance from previous block
# <min> <max>
0	1

[block]
# block no. 8 follows, 44 sequences, length 6
# corresponding to MSA columns:
# 1072-1077
name=unknown_I
#
# <colnr> <probs for GDERKNQSTAVLIFYWHMCP>
#	G	D	E	R	K	N	Q	S	T	A	V	L	I	F	Y	W	H	M	C	P
0	0.05135	0.05826	0.05969	0.01068	0.01226	0.04698	0.00902	0.01311	0.04134	0.01461	0.06690	0.01878	0.01370	0.08591	0.24430	0.00427	0.23461	0.00549	0.00308	0.00567
1	0.06331	0.00711	0.00925	0.00842	0.01033	0.00710	0.00637	0.01536	0.04477	0.24703	0.01862	0.13200	0.01674	0.10668	0.19911	0.08335	0.00689	0.00707	0.00453	0.00597
2	0.01001	0.00683	0.00927	0.04222	0.09072	0.00654	0.00697	0.01235	0.04104	0.10002	0.13048	0.31315	0.14766	0.01200	0.00622	0.00189	0.00371	0.01061	0.04252	0.00579
3	0.07029	0.17703	0.14360	0.15401	0.12283	0.04069	0.01293	0.07587	0.11827	0.01832	0.01119	0.01288	0.00871	0.00550	0.00486	0.00161	0.00636	0.00434	0.00318	0.00753
4	0.07165	0.01566	0.06086	0.05623	0.13981	0.20039	0.01167	0.01839	0.08022	0.06245	0.01109	0.01334	0.00895	0.00791	0.04008	0.00205	0.16372	0.00454	0.02399	0.00699
5	0.19179	0.11710	0.13155	0.04291	0.01611	0.08542	0.02657	0.06764	0.06380	0.03628	0.03777	0.01252	0.00952	0.00544	0.00451	0.00148	0.00582	0.00402	0.00341	0.13632

[dist]
# distance from previous block
# <min> <max>
0	1

[block]
# block no. 9 follows, 44 sequences, length 6
# corresponding to MSA columns:
# 1079-1084
name=unknown_J
#
# <colnr> <probs for GDERKNQSTAVLIFYWHMCP>
#	G	D	E	R	K	N	Q	S	T	A	V	L	I	F	Y	W	H	M	C	P
0	0.49660	0.01381	0.12091	0.00908	0.01303	0.07330	0.00835	0.01576	0.01043	0.02093	0.00991	0.06929	0.00866	0.00590	0.00411	0.00160	0.00512	0.00413	0.00328	0.10580
1	0.01454	0.04160	0.06405	0.05403	0.16749	0.04846	0.09871	0.03432	0.06675	0.15710	0.07177	0.01950	0.06961	0.00657	0.00550	0.00164	0.00583	0.00585	0.01854	0.04814
2	0.01169	0.00861	0.01256	0.01024	0.01304	0.00811	0.12179	0.06983	0.05410	0.11045	0.26386	0.08550	0.14730	0.00956	0.00612	0.00174	0.00433	0.00858	0.00517	0.04742
3	0.01018	0.05437	0.08674	0.01045	0.06849	0.00882	0.00824	0.05204	0.07297	0.01751	0.05528	0.14229	0.21442	0.00942	0.00557	0.00162	0.00432	0.00799	0.00421	0.16508
4	0.01152	0.04608	0.09013	0.01266	0.12821	0.00911	0.00939	0.03471	0.01238	0.04406	0.09420	0.04721	0.04976	0.00775	0.03858	0.00163	0.00517	0.00533	0.00364	0.34848
5	0.01296	0.01192	0.06854	0.06876	0.01477	0.08649	0.00887	0.11053	0.01416	0.08177	0.12742	0.02280	0.09746	0.04167	0.07547	0.00237	0.04064	0.00617	0.00418	0.10303

[dist]
# distance from previous block
# <min> <max>
8	94

[block]
# block no. 10 follows, 44 sequences, length 40
# corresponding to MSA columns:
# 1180-1191,1193-1220
name=unknown_K
#
# <colnr> <probs for GDERKNQSTAVLIFYWHMCP>
#	G	D	E	R	K	N	Q	S	T	A	V	L	I	F	Y	W	H	M	C	P
0	0.13055	0.09784	0.15310	0.19025	0.03523	0.01245	0.01168	0.06068	0.05872	0.07365	0.09460	0.01592	0.01301	0.00612	0.00499	0.00166	0.00578	0.00487	0.00362	0.02528
1	0.08937	0.04365	0.10958	0.06022	0.01774	0.01328	0.04613	0.22211	0.05888	0.14241	0.01285	0.01358	0.00928	0.00609	0.00595	0.00166	0.05990	0.00464	0.00427	0.07843
2	0.01475	0.12261	0.01377	0.09608	0.01477	0.02626	0.00831	0.09036	0.06586	0.14905	0.03287	0.01698	0.02493	0.00650	0.00552	0.00154	0.05331	0.00497	0.21164	0.03990
3	0.01305	0.01145	0.01701	0.24049	0.02297	0.01298	0.12767	0.15161	0.12670	0.02018	0.04129	0.01855	0.01233	0.00690	0.00676	0.00185	0.07498	0.04261	0.04352	0.00709
4	0.00745	0.00519	0.00682	0.00773	0.00820	0.00505	0.00524	0.00891	0.05699	0.01406	0.04177	0.64070	0.03178	0.01660	0.00868	0.10874	0.00342	0.01344	0.00477	0.00444
5	0.00908	0.00695	0.00949	0.17983	0.02859	0.00749	0.00742	0.05615	0.01099	0.01458	0.05291	0.21598	0.02226	0.29355	0.01388	0.00316	0.00514	0.05385	0.00388	0.00483
6	0.01063	0.00656	0.00829	0.00757	0.00943	0.00607	0.00582	0.04997	0.01509	0.13208	0.44572	0.10052	0.13293	0.01122	0.00632	0.00179	0.00321	0.03509	0.00585	0.00583
7	0.01203	0.01191	0.01643	0.01411	0.01430	0.01650	0.01172	0.01411	0.05536	0.01372	0.00809	0.01245	0.00775	0.00941	0.01712	0.00235	0.74906	0.00486	0.00258	0.00613
8	0.01067	0.01005	0.01637	0.63933	0.07307	0.01225	0.01441	0.01400	0.01079	0.01430	0.00950	0.01406	0.00738	0.00568	0.00642	0.00179	0.07457	0.00474	0.00248	0.05813
9	0.00745	0.00603	0.00643	0.00633	0.00808	0.00538	0.00472	0.05448	0.01318	0.01633	0.09829	0.15121	0.57556	0.01362	0.00645	0.00187	0.00300	0.01152	0.00515	0.00491
10	0.01248	0.00987	0.01158	0.00834	0.01313	0.00768	0.00670	0.04241	0.01211	0.06566	0.01055	0.01182	0.00846	0.00430	0.00418	0.00089	0.00415	0.00343	0.00353	0.75872
11	0.01470	0.04329	0.01849	0.06990	0.37431	0.01210	0.03924	0.10778	0.01438	0.10379	0.06046	0.01673	0.03615	0.00592	0.00539	0.00159	0.00582	0.00533	0.00377	0.06085
12	0.55890	0.01108	0.03355	0.00793	0.01100	0.05029	0.00656	0.03676	0.03796	0.02196	0.02730	0.01515	0.06102	0.04558	0.03598	0.00213	0.00497	0.00430	0.02167	0.00591
13	0.00922	0.00646	0.00742	0.00718	0.00870	0.00647	0.00536	0.03977	0.11015	0.02009	0.27849	0.15822	0.10375	0.01059	0.00575	0.00172	0.00303	0.00915	0.20294	0.00556
14	0.04037	0.10108	0.03329	0.01261	0.07508	0.02898	0.06033	0.16078	0.15133	0.03062	0.04834	0.01955	0.01406	0.14952	0.04848	0.00264	0.00614	0.00571	0.00405	0.00706
15	0.04070	0.08013	0.08929	0.01198	0.04044	0.10312	0.01016	0.22573	0.07203	0.10023	0.04882	0.01426	0.01130	0.00601	0.00500	0.00149	0.00589	0.00459	0.00429	0.12452
16	0.07267	0.10305	0.19099	0.03415	0.08846	0.03933	0.10443	0.14541	0.03197	0.10976	0.01174	0.01293	0.00860	0.00557	0.00531	0.00165	0.01774	0.00459	0.00363	0.00799
17	0.01370	0.38208	0.06198	0.01404	0.07918	0.04845	0.05705	0.01650	0.04789	0.01434	0.00877	0.01107	0.00772	0.00612	0.00775	0.00163	0.20814	0.00401	0.00258	0.00700
