[name]
unknown

[dist]
# distance from previous block
# <min> <max>
52	539

[block]
# block no. 0 follows, 40 sequences, length 8
# corresponding to MSA columns:
# 660-667
name=unknown_A
#
# <colnr> <probs for GDERKNQSTAVLIFYWHMCP>
#	G	D	E	R	K	N	Q	S	T	A	V	L	I	F	Y	W	H	M	C	P
0	0.01444	0.04891	0.18561	0.03913	0.03196	0.08800	0.03891	0.01885	0.06712	0.08766	0.01440	0.01558	0.04311	0.00619	0.00600	0.00157	0.04826	0.00481	0.00365	0.23584
1	0.09055	0.01391	0.01600	0.05794	0.09807	0.07806	0.03996	0.19696	0.07085	0.11095	0.04114	0.01553	0.01171	0.00629	0.00543	0.00164	0.00611	0.00508	0.00460	0.12922
2	0.06716	0.01375	0.06050	0.11220	0.13492	0.09413	0.01149	0.05428	0.12655	0.09261	0.07470	0.05433	0.06324	0.00778	0.00582	0.00184	0.00606	0.00648	0.00444	0.00771
3	0.22952	0.01258	0.03724	0.02733	0.06838	0.09600	0.05541	0.01740	0.04088	0.08901	0.04182	0.01904	0.01305	0.13651	0.04309	0.00274	0.02599	0.00548	0.03191	0.00663
4	0.01258	0.05198	0.01236	0.00985	0.01259	0.06686	0.06181	0.03670	0.04785	0.11146	0.18848	0.06563	0.24570	0.01091	0.00645	0.00188	0.00472	0.04034	0.00535	0.00650
5	0.01229	0.01114	0.01129	0.01050	0.01223	0.13882	0.00810	0.04717	0.05179	0.03992	0.04398	0.02391	0.07787	0.06894	0.35952	0.00549	0.06076	0.00648	0.00379	0.00600
6	0.01896	0.02334	0.01560	0.04099	0.04423	0.59646	0.01094	0.02057	0.01537	0.01454	0.01333	0.06368	0.05160	0.00740	0.00606	0.00164	0.04024	0.00520	0.00325	0.00657
7	0.05520	0.01508	0.05155	0.03535	0.20731	0.06931	0.04549	0.21126	0.08943	0.07490	0.04924	0.01762	0.03857	0.00679	0.00579	0.00178	0.00646	0.00571	0.00452	0.00865

[dist]
# distance from previous block
# <min> <max>
2	5

[block]
# block no. 1 follows, 40 sequences, length 7
# corresponding to MSA columns:
# 673,674,680-684
name=unknown_B
#
# <colnr> <probs for GDERKNQSTAVLIFYWHMCP>
#	G	D	E	R	K	N	Q	S	T	A	V	L	I	F	Y	W	H	M	C	P
0	0.00916	0.00769	0.01028	0.03767	0.03754	0.03381	0.04709	0.01197	0.06046	0.01721	0.13117	0.42481	0.06638	0.01429	0.00705	0.00218	0.00437	0.06607	0.00517	0.00563
1	0.01489	0.00879	0.01187	0.01110	0.05051	0.00846	0.03277	0.05755	0.07996	0.23521	0.15693	0.18374	0.07437	0.01188	0.03237	0.00220	0.00478	0.00933	0.00588	0.00740
2	0.07975	0.05161	0.05355	0.04951	0.07835	0.07831	0.13265	0.07846	0.05266	0.21115	0.01759	0.01803	0.05891	0.00667	0.00574	0.00179	0.00669	0.00575	0.00456	0.00827
3	0.01453	0.13701	0.27795	0.01591	0.06418	0.01435	0.10281	0.02098	0.13140	0.09867	0.01488	0.01766	0.01155	0.00649	0.00567	0.00182	0.00707	0.04487	0.00377	0.00843
4	0.01206	0.00624	0.00842	0.00824	0.00958	0.00573	0.00600	0.01232	0.01150	0.16808	0.02643	0.25598	0.11486	0.01604	0.01199	0.26937	0.00428	0.04292	0.00484	0.00514
5	0.01693	0.23515	0.09827	0.01570	0.06063	0.08906	0.14887	0.07868	0.01457	0.11850	0.01258	0.04088	0.01005	0.00621	0.00579	0.00168	0.02955	0.00519	0.00365	0.00807
6	0.06856	0.03328	0.05822	0.01222	0.04801	0.01134	0.04976	0.14426	0.09863	0.13611	0.03882	0.13070	0.10995	0.00952	0.00610	0.00192	0.00524	0.02439	0.00521	0.00776

[dist]
# distance from previous block
# <min> <max>
0	4

[block]
# block no. 2 follows, 40 sequences, length 14
# corresponding to MSA columns:
# 689-702
name=unknown_C
#
# <colnr> <probs for GDERKNQSTAVLIFYWHMCP>
#	G	D	E	R	K	N	Q	S	T	A	V	L	I	F	Y	W	H	M	C	P
0	0.10355	0.01255	0.01982	0.23040	0.27516	0.01336	0.09070	0.05629	0.04086	0.06457	0.01190	0.01481	0.00911	0.00564	0.00563	0.00181	0.00689	0.00519	0.00343	0.02834
1	0.06937	0.03911	0.06370	0.04495	0.23044	0.06745	0.08386	0.07580	0.03770	0.14670	0.01318	0.01460	0.00980	0.00576	0.00553	0.00169	0.00675	0.00502	0.00399	0.07459
2	0.00798	0.00576	0.00771	0.06750	0.01071	0.00572	0.00614	0.00901	0.01078	0.01419	0.02794	0.45068	0.06774	0.16508	0.01231	0.04411	0.00437	0.07301	0.00468	0.00458
3	0.03573	0.01158	0.01452	0.01216	0.07205	0.02991	0.03813	0.05365	0.01374	0.14510	0.01259	0.01369	0.00959	0.00523	0.00521	0.00125	0.02321	0.00425	0.00410	0.49429
4	0.01010	0.00505	0.00758	0.00758	0.00758	0.00505	0.00505	0.00758	0.00758	0.01010	0.01010	0.01768	0.01010	0.02020	0.02273	0.83081	0.00505	0.00505	0.00253	0.00253
5	0.01367	0.01167	0.11219	0.00983	0.01379	0.00869	0.00890	0.06571	0.04246	0.15299	0.26213	0.02699	0.07138	0.00844	0.00590	0.00165	0.00455	0.00710	0.00532	0.16664
6	0.01166	0.03008	0.76550	0.01657	0.02517	0.01351	0.02149	0.01842	0.01228	0.01842	0.01044	0.01228	0.00737	0.00552	0.00552	0.00184	0.00859	0.00430	0.00246	0.00859
7	0.01443	0.01234	0.01454	0.10177	0.07934	0.01410	0.01059	0.09002	0.50116	0.02323	0.01995	0.02054	0.01537	0.04795	0.00710	0.00212	0.00537	0.00628	0.00515	0.00866
8	0.00771	0.00540	0.00695	0.00795	0.00831	0.00519	0.00537	0.00865	0.01070	0.01422	0.02834	0.51175	0.03339	0.21956	0.01324	0.00325	0.00419	0.09643	0.00491	0.00449
9	0.01562	0.46620	0.10451	0.01099	0.01578	0.05122	0.01077	0.04949	0.07578	0.06371	0.07433	0.01449	0.01288	0.00614	0.00466	0.00149	0.00616	0.00445	0.00356	0.00779
10	0.01042	0.00853	0.00953	0.00893	0.01112	0.00896	0.00679	0.01836	0.31198	0.02174	0.28099	0.08635	0.17062	0.01122	0.00652	0.00195	0.00358	0.00965	0.00595	0.00683
11	0.01187	0.00801	0.00886	0.00793	0.01005	0.00825	0.00616	0.14337	0.05969	0.02403	0.21916	0.02962	0.09994	0.01050	0.03580	0.00196	0.00402	0.00754	0.29681	0.00640
12	0.04329	0.07272	0.03784	0.01419	0.09604	0.03114	0.06603	0.12619	0.05717	0.09219	0.04468	0.01517	0.01171	0.00581	0.00522	0.00147	0.00575	0.00487	0.00422	0.26432
13	0.04778	0.04997	0.01156	0.00903	0.01159	0.03287	0.00706	0.06671	0.02592	0.10596	0.19845	0.02799	0.08185	0.12056	0.02478	0.00240	0.05627	0.00717	0.00485	0.10722

[dist]
# distance from previous block
# <min> <max>
2	36

[block]
# block no. 3 follows, 40 sequences, length 51
# corresponding to MSA columns:
# 739-789
name=unknown_D
#
# <colnr> <probs for GDERKNQSTAVLIFYWHMCP>
#	G	D	E	R	K	N	Q	S	T	A	V	L	I	F	Y	W	H	M	C	P
0	0.01409	0.06807	0.42689	0.01511	0.02140	0.10167	0.07069	0.04734	0.01361	0.06029	0.01293	0.06811	0.01047	0.00660	0.00560	0.00179	0.00789	0.00539	0.03407	0.00799
1	0.00892	0.00816	0.05157	0.00981	0.03688	0.00657	0.00726	0.01113	0.03044	0.01624	0.02433	0.49164	0.02745	0.01522	0.04895	0.00237	0.00470	0.01182	0.00461	0.18194
2	0.01286	0.03863	0.27172	0.01352	0.05878	0.06459	0.01284	0.06421	0.03804	0.06020	0.06491	0.15730	0.06925	0.00905	0.00599	0.00185	0.00624	0.00759	0.00413	0.03830
3	0.01834	0.39894	0.02309	0.01224	0.01630	0.31026	0.01053	0.08920	0.01516	0.01624	0.00980	0.01220	0.00862	0.00595	0.00467	0.00144	0.00785	0.02872	0.00311	0.00735
4	0.01050	0.00675	0.00842	0.00767	0.00962	0.00621	0.00587	0.01365	0.05254	0.11249	0.51274	0.04157	0.16623	0.01159	0.00669	0.00186	0.00314	0.01004	0.00631	0.00611
5	0.01402	0.01489	0.01762	0.01523	0.01566	0.12666	0.01251	0.01533	0.01000	0.01403	0.00783	0.01240	0.00761	0.00957	0.01709	0.00239	0.67325	0.00490	0.00261	0.00642
6	0.01555	0.79913	0.03047	0.00995	0.01493	0.02301	0.00995	0.01741	0.01182	0.01368	0.00808	0.00933	0.00746	0.00498	0.00373	0.00124	0.00622	0.00311	0.00249	0.00746
7	0.01555	0.79913	0.03047	0.00995	0.01493	0.02301	0.00995	0.01741	0.01182	0.01368	0.00808	0.00933	0.00746	0.00498	0.00373	0.00124	0.00622	0.00311	0.00249	0.00746
8	0.00706	0.00515	0.00665	0.00785	0.00837	0.00474	0.00529	0.00812	0.01137	0.01494	0.03505	0.70956	0.11880	0.01783	0.00736	0.00232	0.00333	0.01606	0.00540	0.00474
9	0.01464	0.01373	0.02235	0.07414	0.62348	0.03964	0.03399	0.01801	0.01351	0.04506	0.03762	0.01557	0.01086	0.00555	0.00581	0.00174	0.00693	0.00538	0.00314	0.00883
10	0.01098	0.01034	0.01744	0.78165	0.04005	0.01292	0.01615	0.01486	0.01163	0.01486	0.01034	0.01550	0.00775	0.00581	0.00581	0.00194	0.00775	0.00517	0.00258	0.00646
11	0.01166	0.03008	0.76550	0.01657	0.02517	0.01351	0.02149	0.01842	0.01228	0.01842	0.01044	0.01228	0.00737	0.00552	0.00552	0.00184	0.00859	0.00430	0.00246	0.00859
12	0.00886	0.00669	0.00829	0.00790	0.00945	0.00653	0.00591	0.01313	0.10822	0.02240	0.57275	0.10839	0.07500	0.01206	0.00679	0.00190	0.00304	0.01063	0.00621	0.00587
13	0.02521	0.01073	0.01394	0.01075	0.01522	0.00985	0.00886	0.11052	0.04411	0.65307	0.02193	0.01919	0.01400	0.00720	0.00585	0.00180	0.00510	0.00580	0.00699	0.00987
14	0.00846	0.00564	0.00634	0.00634	0.00634	0.00564	0.00352	0.00846	0.00846	0.01128	0.01832	0.03805	0.02114	0.79563	0.02960	0.00564	0.00564	0.00846	0.00352	0.00352
15	0.00855	0.00659	0.00981	0.00967	0.01065	0.00785	0.00757	0.01058	0.00932	0.01353	0.01514	0.02228	0.01416	0.04176	0.73083	0.00897	0.05821	0.00617	0.00308	0.00526
16	0.01917	0.14205	0.01961	0.06972	0.05651	0.51828	0.03888	0.02151	0.03480	0.01487	0.00954	0.01136	0.00792	0.00579	0.00516	0.00153	0.00928	0.00401	0.00296	0.00706
17	0.01372	0.01500	0.01562	0.01343	0.01600	0.25393	0.13663	0.01652	0.03814	0.01752	0.17455	0.13744	0.05055	0.00978	0.00688	0.00189	0.03515	0.03661	0.00432	0.00632
18	0.02155	0.01119	0.01357	0.01106	0.01511	0.01124	0.00892	0.06600	0.29019	0.45034	0.02275	0.02020	0.01541	0.00744	0.00587	0.00186	0.00489	0.00609	0.00665	0.00964
19	0.00733	0.00635	0.04466	0.00845	0.00926	0.00518	0.00618	0.00867	0.01135	0.01521	0.04556	0.71870	0.05662	0.01737	0.00730	0.00231	0.00361	0.01569	0.00527	0.00494
20	0.03437	0.07689	0.28132	0.01280	0.01874	0.01253	0.01344	0.08968	0.03792	0.34011	0.01632	0.01568	0.01092	0.00641	0.00553	0.00177	0.00645	0.00501	0.00493	0.00917
21	0.12619	0.01170	0.01366	0.01097	0.01508	0.01184	0.00911	0.24345	0.01874	0.37094	0.01910	0.02135	0.01393	0.00780	0.00577	0.00187	0.00538	0.07801	0.00613	0.00897
22	0.00984	0.00632	0.00819	0.00750	0.00922	0.00574	0.00570	0.01244	0.01625	0.09328	0.63713	0.04207	0.10065	0.01164	0.00676	0.00184	0.00297	0.01020	0.00641	0.00587
23	0.01409	0.01563	0.06170	0.29683	0.25021	0.13312	0.04076	0.01827	0.05374	0.01683	0.01100	0.01445	0.00872	0.00587	0.00620	0.00182	0.03515	0.00503	0.00293	0.00765
24	0.01127	0.08422	0.09627	0.05702	0.05661	0.01004	0.02700	0.05433	0.01310	0.05812	0.04546	0.27611	0.12857	0.02423	0.00709	0.00205	0.02763	0.00991	0.00447	0.00649
25	0.15962	0.00987	0.01222	0.00962	0.01379	0.00912	0.00792	0.02564	0.01527	0.59932	0.02026	0.01818	0.01308	0.00688	0.00537	0.00177	0.00475	0.00538	0.05289	0.00905
26	0.01348	0.01199	0.02019	0.37831	0.38562	0.01311	0.01654	0.01706	0.01269	0.05907	0.01134	0.01521	0.00883	0.00559	0.00579	0.00183	0.00719	0.00521	0.00299	0.00798
27	0.01514	0.17715	0.12238	0.03841	0.12784	0.01358	0.06053	0.03989	0.03919	0.13543	0.01700	0.04786	0.04246	0.00735	0.00564	0.00177	0.00632	0.06364	0.00402	0.03440
28	0.01203	0.01298	0.10495	0.36768	0.16131	0.01235	0.04645	0.01569	0.01209	0.04597	0.01339	0.10452	0.01182	0.00733	0.00667	0.00196	0.04601	0.00648	0.00314	0.00719
29	0.00842	0.00524	0.00629	0.00707	0.00769	0.00504	0.00478	0.00985	0.01118	0.01662	0.02646	0.46857	0.02919	0.09766	0.00873	0.00239	0.00341	0.01217	0.26444	0.00481
30	0.01195	0.05667	0.07947	0.05111	0.27251	0.01158	0.08834	0.01509	0.01298	0.02997	0.11159	0.16825	0.02047	0.00879	0.00668	0.00191	0.03339	0.00806	0.00382	0.00737
31	0.01546	0.01643	0.13484	0.06343	0.30830	0.01394	0.17930	0.09597	0.01491	0.08219	0.01234	0.01483	0.00928	0.00556	0.00599	0.00182	0.00764	0.00549	0.00349	0.00880
32	0.01436	0.07348	0.22410	0.01266	0.01715	0.03248	0.03935	0.04780	0.09193	0.13135	0.05658	0.04363	0.01475	0.03954	0.10449	0.00293	0.03556	0.00597	0.00415	0.00776
33	0.35883	0.04328	0.04391	0.01746	0.18750	0.13083	0.08190	0.03982	0.01272	0.02150	0.00950	0.01159	0.00759	0.00543	0.00481	0.00173	0.00676	0.00417	0.00326	0.00742
34	0.00772	0.00594	0.00711	0.00716	0.00869	0.00533	0.00546	0.00982	0.01445	0.01899	0.34425	0.10582	0.33463	0.01394	0.00703	0.00201	0.00315	0.08749	0.00581	0.00518
35	0.01562	0.01028	0.01288	0.01037	0.05117	0.00820	0.00782	0.01817	0.01340	0.20746	0.03356	0.01497	0.01135	0.00529	0.00484	0.00117	0.00456	0.00433	0.00445	0.56012
36	0.00837	0.00598	0.00808	0.00808	0.00868	0.00658	0.00569	0.00957	0.00897	0.01256	0.01674	0.02926	0.01732	0.36098	0.45903	0.00778	0.01138	0.00717	0.00329	0.00449
37	0.01543	0.01340	0.01938	0.05364	0.41862	0.01419	0.01429	0.09070	0.22946	0.04793	0.01534	0.01671	0.01190	0.00624	0.00581	0.00181	0.00615	0.00562	0.00418	0.00919
38	0.01098	0.01034	0.01744	0.78165	0.04005	0.01292	0.01615	0.01486	0.01163	0.01486	0.01034	0.01550	0.00775	0.00581	0.00581	0.00194	0.00775	0.00517	0.00258	0.00646
39	0.01242	0.01096	0.03622	0.00891	0.01417	0.00796	0.00740	0.01513	0.01219	0.03902	0.01068	0.01227	0.00873	0.00442	0.00439	0.00092	0.00446	0.00354	0.00351	0.78267
40	0.05397	0.28745	0.28055	0.01242	0.01798	0.02895	0.01347	0.04534	0.05470	0.04994	0.01315	0.05865	0.01140	0.00684	0.00509	0.00170	0.00669	0.04052	0.00337	0.00782
41	0.01555	0.79913	0.03047	0.00995	0.01493	0.02301	0.00995	0.01741	0.01182	0.01368	0.00808	0.00933	0.00746	0.00498	0.00373	0.00124	0.00622	0.00311	0.00249	0.00746
42	0.00839	0.00590	0.00768	0.00768	0.00814	0.00636	0.00519	0.00931	0.00885	0.01226	0.01710	0.03130	0.01821	0.46184	0.35938	0.00728	0.01005	0.00747	0.00334	0.00426
43	0.00838	0.00560	0.00637	0.00645	0.00647	0.00558	0.00363	0.00844	0.00861	0.01149	0.01913	0.08249	0.02216	0.74980	0.02829	0.00544	0.00550	0.00893	0.00363	0.00359
44	0.02375	0.00921	0.01226	0.00959	0.01361	0.00807	0.00786	0.02607	0.01596	0.64949	0.02233	0.02008	0.01447	0.00713	0.00557	0.00173	0.00460	0.00578	0.13323	0.00921
45	0.01194	0.08444	0.71354	0.01611	0.02444	0.01418	0.02067	0.01835	0.01224	0.01808	0.01027	0.01207	0.00737	0.00549	0.00540	0.00180	0.00843	0.00421	0.00246	0.00851
46	0.00937	0.00669	0.00937	0.01071	0.01205	0.00669	0.00937	0.01205	0.01339	0.01740	0.03079	0.06560	0.03347	0.01606	0.00803	0.00268	0.00535	0.72021	0.00535	0.00535
47	0.00751	0.00550	0.00705	0.00754	0.00847	0.00504	0.00532	0.00926	0.01346	0.01827	0.31974	0.41538	0.12525	0.01534	0.00714	0.00211	0.00308	0.01369	0.00579	0.00504
48	0.01439	0.01382	0.02360	0.03569	0.75936	0.01382	0.01785	0.01785	0.01324	0.01900	0.01094	0.01439	0.00921	0.00518	0.00576	0.00173	0.00691	0.00518	0.00288	0.00921
49	0.02001	0.01525	0.01627	0.01296	0.01724	0.01706	0.01055	0.54575	0.22497	0.03327	0.01662	0.01608	0.01204	0.00723	0.00584	0.00181	0.00591	0.00560	0.00584	0.00970
50	0.01555	0.79913	0.03047	0.00995	0.01493	0.02301	0.00995	0.01741	0.01182	0.01368	0.00808	0.00933	0.00746	0.00498	0.00373	0.00124	0.00622	0.00311	0.00249	0.00746

[dist]
# distance from previous block
# <min> <max>
0	27

[block]
# block no. 4 follows, 40 sequences, length 68
# corresponding to MSA columns:
# 817-884
name=unknown_E
#
# <colnr> <probs for GDERKNQSTAVLIFYWHMCP>
#	G	D	E	R	K	N	Q	S	T	A	V	L	I	F	Y	W	H	M	C	P
0	0.02106	0.24035	0.08707	0.01100	0.01587	0.05033	0.01023	0.02381	0.02666	0.41946	0.02801	0.01603	0.01209	0.00643	0.00519	0.00163	0.00588	0.00490	0.00517	0.00884
1	0.01281	0.01297	0.01921	0.01605	0.01655	0.01755	0.07409	0.01439	0.00931	0.01439	0.00798	0.01297	0.00773	0.00973	0.01805	0.00250	0.71942	0.00524	0.00258	0.00649
2	0.00937	0.00669	0.00937	0.01071	0.01205	0.00669	0.00937	0.01205	0.01339	0.01740	0.03079	0.06560	0.03347	0.01606	0.00803	0.00268	0.00535	0.72021	0.00535	0.00535
3	0.07021	0.06012	0.01430	0.01017	0.01465	0.00971	0.00851	0.02702	0.01596	0.67501	0.02118	0.01856	0.01351	0.00696	0.00559	0.00176	0.00500	0.00552	0.00670	0.00954
4	0.01351	0.01306	0.02112	0.23706	0.50862	0.03897	0.01682	0.01698	0.01292	0.01765	0.01150	0.01661	0.00972	0.00582	0.00585	0.00181	0.00720	0.03366	0.00290	0.00822
5	0.00770	0.00592	0.00704	0.00676	0.00836	0.00526	0.00507	0.00994	0.01521	0.02034	0.48319	0.04834	0.32982	0.01300	0.00686	0.00188	0.00282	0.01120	0.00601	0.00526
6	0.01439	0.01382	0.02360	0.03569	0.75936	0.01382	0.01785	0.01785	0.01324	0.01900	0.01094	0.01439	0.00921	0.00518	0.00576	0.00173	0.00691	0.00518	0.00288	0.00921
7	0.01555	0.79913	0.03047	0.00995	0.01493	0.02301	0.00995	0.01741	0.01182	0.01368	0.00808	0.00933	0.00746	0.00498	0.00373	0.00124	0.00622	0.00311	0.00249	0.00746
8	0.01276	0.01215	0.02065	0.39333	0.41450	0.01339	0.01703	0.01641	0.01247	0.01701	0.01065	0.01493	0.00851	0.00548	0.00578	0.00183	0.00731	0.00517	0.00274	0.00789
9	0.00709	0.00506	0.00675	0.00810	0.00843	0.00472	0.00540	0.00810	0.01113	0.01484	0.03205	0.79184	0.03846	0.01822	0.00742	0.00236	0.00337	0.01653	0.00540	0.00472
10	0.00689	0.00583	0.00595	0.00605	0.00790	0.00490	0.00449	0.00833	0.01311	0.01565	0.05703	0.10745	0.70672	0.01497	0.00691	0.00199	0.00298	0.01257	0.00540	0.00490
11	0.00841	0.00583	0.00734	0.00734	0.00769	0.00618	0.00477	0.00910	0.00875	0.01201	0.01741	0.03300	0.01895	0.54571	0.27652	0.00687	0.00894	0.00772	0.00339	0.00408
12	0.01166	0.03008	0.76550	0.01657	0.02517	0.01351	0.02149	0.01842	0.01228	0.01842	0.01044	0.01228	0.00737	0.00552	0.00552	0.00184	0.00859	0.00430	0.00246	0.00859
13	0.01651	0.01666	0.02617	0.02012	0.04880	0.10008	0.40546	0.15823	0.09500	0.03353	0.01328	0.01543	0.00993	0.00578	0.00633	0.00186	0.00851	0.00610	0.00388	0.00833
14	0.01491	0.01375	0.02380	0.03377	0.67729	0.01362	0.06317	0.01840	0.01344	0.05471	0.01157	0.01473	0.00944	0.00526	0.00583	0.00175	0.00700	0.00532	0.00309	0.00916
15	0.01439	0.01382	0.02360	0.03569	0.75936	0.01382	0.01785	0.01785	0.01324	0.01900	0.01094	0.01439	0.00921	0.00518	0.00576	0.00173	0.00691	0.00518	0.00288	0.00921
16	0.00799	0.00625	0.00745	0.00805	0.00974	0.00571	0.00664	0.01001	0.01331	0.01647	0.04628	0.06029	0.43209	0.01533	0.00739	0.00228	0.00403	0.33018	0.00538	0.00511
17	0.01571	0.21420	0.15225	0.01410	0.01913	0.07435	0.10760	0.04521	0.19815	0.06960	0.01415	0.01478	0.01076	0.00617	0.00558	0.00172	0.01935	0.00501	0.00387	0.00832
18	0.02553	0.01002	0.01348	0.01042	0.01486	0.00883	0.00858	0.02846	0.05222	0.72747	0.02298	0.01989	0.01456	0.00723	0.00585	0.00181	0.00493	0.00588	0.00714	0.00986
19	0.00830	0.00585	0.00734	0.00702	0.00798	0.00553	0.00489	0.01021	0.01404	0.01968	0.53313	0.04181	0.04467	0.24889	0.01373	0.00298	0.00362	0.00989	0.00553	0.00489
20	0.01389	0.02641	0.61956	0.01604	0.02390	0.01283	0.05399	0.01989	0.01299	0.12823	0.01234	0.01355	0.00847	0.00574	0.00564	0.00184	0.00811	0.00465	0.00318	0.00875
21	0.01233	0.02176	0.38213	0.07397	0.02769	0.01362	0.30820	0.01794	0.01287	0.01820	0.01195	0.01646	0.00924	0.00581	0.00620	0.00194	0.00886	0.04005	0.00280	0.00798
22	0.01098	0.01034	0.01744	0.78165	0.04005	0.01292	0.01615	0.01486	0.01163	0.01486	0.01034	0.01550	0.00775	0.00581	0.00581	0.00194	0.00775	0.00517	0.00258	0.00646
23	0.01415	0.01357	0.02317	0.08789	0.70903	0.01375	0.01773	0.01764	0.01313	0.01871	0.01090	0.01447	0.00911	0.00523	0.00576	0.00174	0.00697	0.00518	0.00286	0.00902
24	0.01936	0.01358	0.01946	0.02335	0.37236	0.01375	0.01371	0.22461	0.01804	0.20126	0.01465	0.01556	0.01064	0.00617	0.00580	0.00175	0.00630	0.00536	0.00474	0.00957
25	0.02019	0.02015	0.01816	0.10046	0.02128	0.32590	0.06253	0.30276	0.02000	0.03641	0.01152	0.01293	0.00867	0.00630	0.00566	0.00168	0.00844	0.00474	0.00412	0.00807
26	0.01426	0.01481	0.02887	0.05832	0.29958	0.01447	0.40828	0.05282	0.01412	0.01948	0.01151	0.01512	0.00898	0.00514	0.00636	0.00186	0.00849	0.00610	0.00304	0.00839
27	0.01754	0.06437	0.41729	0.01369	0.02039	0.01213	0.01557	0.02247	0.02928	0.30748	0.01544	0.01523	0.01032	0.00619	0.00556	0.00179	0.00696	0.00488	0.00437	0.00905
28	0.01438	0.01535	0.02531	0.01940	0.02260	0.06918	0.34721	0.06011	0.01276	0.01750	0.01001	0.01401	0.00831	0.00726	0.01169	0.00215	0.32671	0.00582	0.00295	0.00728
29	0.01254	0.01181	0.01935	0.38103	0.34363	0.01312	0.01596	0.01704	0.06489	0.01733	0.01329	0.01693	0.03606	0.00601	0.00584	0.00185	0.00700	0.00553	0.00305	0.00777
30	0.04203	0.01133	0.01712	0.06009	0.41845	0.03341	0.01305	0.03668	0.01309	0.01844	0.04234	0.23238	0.01875	0.00917	0.00617	0.00191	0.00582	0.00842	0.00381	0.00754
31	0.00913	0.00731	0.01085	0.24229	0.01844	0.00801	0.00905	0.01188	0.01324	0.01810	0.31881	0.06033	0.03163	0.06895	0.09365	0.00305	0.00610	0.05904	0.00457	0.00558
32	0.02257	0.01266	0.08595	0.01148	0.01599	0.01067	0.01021	0.12189	0.01723	0.51669	0.05519	0.01904	0.01470	0.00740	0.00659	0.00184	0.04849	0.00580	0.00626	0.00936
33	0.01420	0.01362	0.02326	0.07691	0.71961	0.01377	0.01775	0.01768	0.01315	0.01877	0.01091	0.01445	0.00913	0.00522	0.00576	0.00174	0.00696	0.00518	0.00286	0.00906
34	0.01337	0.02769	0.67634	0.01584	0.02394	0.01292	0.01995	0.01959	0.01280	0.10674	0.01192	0.01317	0.00820	0.00572	0.00556	0.00184	0.00816	0.00448	0.00302	0.00875
35	0.01099	0.00876	0.01246	0.06949	0.18147	0.00873	0.00942	0.07214	0.01438	0.04148	0.15480	0.23915	0.13029	0.01153	0.00658	0.00197	0.00461	0.01025	0.00489	0.00660
36	0.01472	0.01521	0.02695	0.09480	0.07826	0.06299	0.40962	0.05283	0.01374	0.04454	0.01131	0.01489	0.00874	0.00600	0.00822	0.00198	0.11834	0.00602	0.00314	0.00770
37	0.02287	0.08788	0.01652	0.01150	0.01602	0.01374	0.00963	0.28301	0.06927	0.38097	0.01834	0.01683	0.01234	0.00695	0.00564	0.00174	0.00557	0.00541	0.00617	0.00961
38	0.01576	0.07809	0.25724	0.01605	0.02088	0.19721	0.10455	0.01938	0.01311	0.06561	0.01041	0.01264	0.00810	0.00647	0.00797	0.00186	0.14939	0.00464	0.00298	0.00766
39	0.01416	0.01328	0.02207	0.17873	0.57927	0.01388	0.01714	0.05717	0.01371	0.01917	0.01099	0.01458	0.00897	0.00540	0.00577	0.00177	0.00704	0.00518	0.00298	0.00872
40	0.01172	0.00732	0.01011	0.00924	0.01133	0.00671	0.05241	0.01428	0.04880	0.16441	0.13113	0.31529	0.16739	0.01320	0.00683	0.00206	0.00398	0.01173	0.00576	0.00629
41	0.01746	0.01247	0.02063	0.02691	0.48393	0.01203	0.04975	0.02055	0.01417	0.23227	0.01517	0.04348	0.01171	0.00621	0.00590	0.00178	0.00636	0.00586	0.00421	0.00918
42	0.01270	0.02661	0.55629	0.01851	0.03958	0.05569	0.17178	0.01872	0.01283	0.01824	0.01065	0.01294	0.00771	0.00541	0.00580	0.00185	0.00892	0.00482	0.00260	0.00835
43	0.01300	0.01239	0.02108	0.34081	0.46514	0.01345	0.01715	0.01662	0.01258	0.01730	0.01069	0.01485	0.00861	0.00544	0.00578	0.00181	0.00725	0.00518	0.00276	0.00809
44	0.01990	0.01392	0.01480	0.01224	0.01584	0.13141	0.04456	0.18752	0.08071	0.26122	0.01963	0.13832	0.01607	0.00864	0.00605	0.00185	0.00611	0.00717	0.00562	0.00842
45	0.01361	0.01525	0.07691	0.07718	0.35677	0.04034	0.23030	0.01760	0.01345	0.01859	0.05873	0.01639	0.01171	0.00571	0.00637	0.00183	0.02207	0.00591	0.00307	0.00820
46	0.01324	0.07270	0.23493	0.17978	0.06282	0.01400	0.20240	0.04640	0.01334	0.04368	0.01231	0.01700	0.00970	0.00607	0.00598	0.00189	0.00809	0.04475	0.00309	0.00782
47	0.01439	0.01382	0.02360	0.03569	0.75936	0.01382	0.01785	0.01785	0.01324	0.01900	0.01094	0.01439	0.00921	0.00518	0.00576	0.00173	0.00691	0.00518	0.00288	0.00921
48	0.01469	0.01492	0.02162	0.16588	0.53950	0.10762	0.01673	0.01798	0.01336	0.01767	0.01059	0.01411	0.00874	0.00539	0.00570	0.00174	0.00750	0.00500	0.00284	0.00842
49	0.01491	0.38415	0.25263	0.01563	0.10692	0.01766	0.04336	0.01860	0.01255	0.06935	0.01034	0.01183	0.00819	0.00532	0.00479	0.00155	0.00708	0.00406	0.00288	0.00820
50	0.06818	0.01509	0.01454	0.01285	0.01541	0.15181	0.01016	0.02465	0.36513	0.05573	0.01632	0.01675	0.01269	0.00788	0.00866	0.00200	0.18418	0.00547	0.00453	0.00796
51	0.00757	0.00536	0.00707	0.00826	0.00870	0.00511	0.00574	0.00870	0.01114	0.01479	0.03026	0.60085	0.03572	0.10935	0.01012	0.00279	0.00392	0.11474	0.00517	0.00467
52	0.06406	0.14594	0.34226	0.04252	0.11245	0.03782	0.01597	0.09605	0.01414	0.06107	0.01101	0.01255	0.00822	0.00566	0.00520	0.00171	0.00735	0.00435	0.00322	0.00844
53	0.02178	0.11387	0.06461	0.01329	0.08681	0.01207	0.01053	0.09373	0.01621	0.45520	0.01807	0.01743	0.01232	0.03007	0.00625	0.00183	0.00569	0.00535	0.00563	0.00924
54	0.00803	0.00586	0.00755	0.00730	0.00861	0.00538	0.00541	0.01053	0.01574	0.02201	0.64172	0.11683	0.09789	0.01268	0.00691	0.00189	0.00282	0.01121	0.00624	0.00538
55	0.01527	0.15111	0.19323	0.02252	0.28726	0.06835	0.07993	0.04548	0.01373	0.05399	0.01097	0.01314	0.00862	0.00542	0.00543	0.00168	0.00757	0.00471	0.00305	0.00854
56	0.01433	0.22009	0.10185	0.01919	0.02485	0.05844	0.42935	0.01838	0.01320	0.01702	0.01086	0.02599	0.00874	0.00526	0.00584	0.00174	0.00870	0.00563	0.00282	0.00771
57	0.01010	0.00505	0.00758	0.00758	0.00758	0.00505	0.00505	0.00758	0.00758	0.01010	0.01010	0.01768	0.01010	0.02020	0.02273	0.83081	0.00505	0.00505	0.00253	0.00253
58	0.01634	0.01285	0.02164	0.09355	0.51847	0.01276	0.05077	0.01967	0.01379	0.16314	0.01326	0.01560	0.01007	0.00561	0.00583	0.00177	0.00674	0.00539	0.00370	0.00904
59	0.01522	0.07432	0.02327	0.04732	0.62608	0.03993	0.01653	0.01844	0.01337	0.05438	0.01122	0.01416	0.00924	0.00530	0.00559	0.00169	0.00690	0.00501	0.00306	0.00897
60	0.09214	0.13607	0.06300	0.28952	0.02516	0.09441	0.01284	0.15411	0.04442	0.02037	0.01086	0.01323	0.00832	0.00595	0.00521	0.00173	0.00717	0.00453	0.00344	0.00751
61	0.05921	0.01131	0.01716	0.13565	0.26204	0.01115	0.01263	0.02232	0.01444	0.37051	0.01638	0.01687	0.01130	0.00624	0.00570	0.00180	0.00599	0.00540	0.00491	0.00898
62	0.14998	0.01537	0.04189	0.01610	0.14351	0.16542	0.04623	0.02292	0.01467	0.30599	0.01474	0.01489	0.01032	0.00616	0.00539	0.00174	0.00670	0.00488	0.00467	0.00843
63	0.01697	0.01719	0.06419	0.09342	0.04721	0.18086	0.16403	0.09834	0.10670	0.09154	0.01467	0.05294	0.01155	0.00674	0.00598	0.00182	0.00779	0.00596	0.00409	0.00799
64	0.08555	0.14925	0.04638	0.15109	0.05671	0.30758	0.01217	0.09397	0.01511	0.01794	0.00967	0.01172	0.00776	0.00579	0.00505	0.00161	0.00813	0.00409	0.00315	0.00729
65	0.11122	0.02815	0.04150	0.35811	0.11611	0.08177	0.04907	0.05288	0.04718	0.04382	0.01127	0.01436	0.00856	0.00584	0.00550	0.00183	0.00731	0.00491	0.00325	0.00736
66	0.40722	0.01155	0.01238	0.19289	0.04420	0.03539	0.00967	0.07122	0.01263	0.05860	0.04163	0.01506	0.03709	0.00642	0.00510	0.00184	0.02182	0.00467	0.00381	0.00681
67	0.42004	0.01346	0.01417	0.02578	0.02784	0.05063	0.07880	0.16176	0.05043	0.06162	0.01129	0.01237	0.00841	0.00587	0.00475	0.00177	0.00580	0.00433	0.00420	0.03669

[dist]
# distance from previous block
# <min> <max>
10	40

[block]
# block no. 5 follows, 40 sequences, length 23
# corresponding to MSA columns:
# 929-951
name=unknown_F
#
# <colnr> <probs for GDERKNQSTAVLIFYWHMCP>
#	G	D	E	R	K	N	Q	S	T	A	V	L	I	F	Y	W	H	M	C	P
0	0.17301	0.06000	0.03885	0.06510	0.11286	0.03876	0.02632	0.06497	0.03818	0.02075	0.02846	0.01489	0.02885	0.02570	0.00547	0.00160	0.00562	0.00456	0.00359	0.24247
1	0.40978	0.03404	0.01420	0.19431	0.12597	0.01350	0.01084	0.01637	0.01087	0.02095	0.00910	0.01191	0.00728	0.00573	0.00550	0.00182	0.05811	0.00406	0.00315	0.04251
2	0.01186	0.06418	0.06636	0.09621	0.09758	0.03174	0.01008	0.01513	0.03013	0.04210	0.19747	0.02438	0.05140	0.02765	0.00625	0.00169	0.00522	0.02322	0.00417	0.19320
3	0.05576	0.02501	0.01602	0.01419	0.01749	0.62652	0.01079	0.09418	0.01707	0.01721	0.00952	0.01087	0.00774	0.00598	0.00518	0.00150	0.00952	0.00385	0.00333	0.04828
4	0.01371	0.04062	0.01850	0.09467	0.34109	0.05121	0.01330	0.06462	0.03055	0.01803	0.04276	0.01867	0.01260	0.11918	0.01057	0.00238	0.09094	0.00575	0.00331	0.00754
5	0.04433	0.01278	0.02058	0.08013	0.54665	0.01298	0.01554	0.01912	0.05366	0.09161	0.03734	0.01618	0.01149	0.00580	0.00574	0.00177	0.00643	0.00543	0.00359	0.00887
6	0.01098	0.01034	0.01744	0.78165	0.04005	0.01292	0.01615	0.01486	0.01163	0.01486	0.01034	0.01550	0.00775	0.00581	0.00581	0.00194	0.00775	0.00517	0.00258	0.00646
7	0.01243	0.04064	0.43478	0.01450	0.02052	0.01143	0.06466	0.01737	0.01307	0.08699	0.05780	0.07431	0.01633	0.00823	0.00613	0.00198	0.00717	0.10017	0.00373	0.00777
8	0.02181	0.01086	0.01397	0.09833	0.01761	0.03523	0.00957	0.10738	0.01685	0.48698	0.05426	0.01963	0.01481	0.00948	0.05392	0.00227	0.00618	0.00587	0.00608	0.00890
9	0.01916	0.01181	0.01839	0.06993	0.33612	0.01175	0.01332	0.02195	0.01431	0.34274	0.01589	0.01669	0.01126	0.00646	0.00676	0.00183	0.06230	0.00546	0.00472	0.00913
10	0.01868	0.40838	0.02338	0.01250	0.01647	0.40255	0.01060	0.02035	0.01418	0.01396	0.00854	0.00992	0.00748	0.00549	0.00450	0.00137	0.00838	0.00343	0.00275	0.00710
11	0.01616	0.01467	0.09336	0.02868	0.53535	0.01289	0.01631	0.02014	0.03701	0.14844	0.01338	0.01536	0.01020	0.00565	0.00576	0.00176	0.00666	0.00526	0.00368	0.00927
12	0.01414	0.01356	0.02315	0.09058	0.70643	0.01375	0.01772	0.01763	0.01312	0.01869	0.01089	0.01447	0.00910	0.00523	0.00576	0.00174	0.00697	0.00518	0.00286	0.00901
13	0.00858	0.00580	0.00763	0.00763	0.00803	0.00620	0.00513	0.00910	0.00870	0.01200	0.01639	0.03003	0.01742	0.42362	0.31448	0.09531	0.00940	0.00724	0.00326	0.00406
14	0.83671	0.01125	0.00855	0.00765	0.01125	0.01305	0.00630	0.01709	0.00990	0.02609	0.00810	0.00945	0.00630	0.00540	0.00360	0.00180	0.00450	0.00315	0.00360	0.00630
15	0.01136	0.00828	0.00962	0.00864	0.00959	0.00911	0.00600	0.14583	0.01209	0.01642	0.01639	0.03025	0.01739	0.52470	0.08032	0.00493	0.07276	0.00740	0.00384	0.00508
16	0.83671	0.01125	0.00855	0.00765	0.01125	0.01305	0.00630	0.01709	0.00990	0.02609	0.00810	0.00945	0.00630	0.00540	0.00360	0.00180	0.00450	0.00315	0.00360	0.00630
17	0.83671	0.01125	0.00855	0.00765	0.01125	0.01305	0.00630	0.01709	0.00990	0.02609	0.00810	0.00945	0.00630	0.00540	0.00360	0.00180	0.00450	0.00315	0.00360	0.00630
18	0.01361	0.01291	0.02160	0.07786	0.57543	0.01275	0.04038	0.01701	0.01320	0.01894	0.04815	0.01572	0.01133	0.00546	0.00570	0.00166	0.00658	0.00533	0.00310	0.09328
19	0.01378	0.01274	0.01843	0.26230	0.27801	0.03194	0.01445	0.05843	0.15651	0.01947	0.01324	0.01590	0.01035	0.00608	0.00599	0.00181	0.02230	0.00533	0.00356	0.04938
20	0.29004	0.01118	0.01470	0.36109	0.11002	0.01299	0.01227	0.01695	0.05745	0.01985	0.01049	0.01361	0.00808	0.00568	0.00502	0.00183	0.00624	0.00452	0.00320	0.03480
21	0.06362	0.01098	0.04624	0.21361	0.15457	0.01181	0.01238	0.01470	0.01120	0.05136	0.01367	0.07158	0.01282	0.09864	0.05104	0.00283	0.12460	0.02441	0.00330	0.00664
22	0.01471	0.06625	0.01247	0.05836	0.04398	0.00982	0.00769	0.06063	0.07883	0.19202	0.02103	0.07792	0.05422	0.26112	0.01347	0.00306	0.00537	0.00748	0.00480	0.00677

[dist]
# distance from previous block
# <min> <max>
1	2

[block]
# block no. 6 follows, 40 sequences, length 20
# corresponding to MSA columns:
# 954-956,959-975
name=unknown_G
#
# <colnr> <probs for GDERKNQSTAVLIFYWHMCP>
#	G	D	E	R	K	N	Q	S	T	A	V	L	I	F	Y	W	H	M	C	P
0	0.01674	0.01475	0.02429	0.10554	0.15532	0.01521	0.26723	0.25425	0.01797	0.05168	0.01259	0.01503	0.00933	0.00582	0.00617	0.00184	0.00778	0.00581	0.00399	0.00868
1	0.02134	0.02436	0.01605	0.01432	0.01751	0.60433	0.01094	0.09627	0.03516	0.05855	0.01149	0.01381	0.00940	0.00661	0.00546	0.00160	0.00942	0.03247	0.00368	0.00724
2	0.01591	0.46104	0.02348	0.01093	0.01532	0.01972	0.00983	0.09990	0.25095	0.01959	0.01374	0.01381	0.01104	0.00613	0.00466	0.00153	0.00572	0.00446	0.00395	0.00829
3	0.01453	0.01240	0.01958	0.19926	0.40492	0.01281	0.01504	0.04036	0.05437	0.07597	0.01247	0.01524	0.00972	0.00560	0.00565	0.00171	0.00656	0.00515	0.00345	0.08522
4	0.01399	0.04774	0.23986	0.06775	0.41383	0.01411	0.03726	0.04763	0.01348	0.03397	0.01104	0.01377	0.00865	0.00541	0.00565	0.00176	0.00744	0.00491	0.00293	0.00882
5	0.02037	0.08071	0.01833	0.01399	0.05288	0.01765	0.01114	0.58748	0.05437	0.03263	0.01439	0.01596	0.01091	0.00713	0.00573	0.00175	0.00629	0.03344	0.00539	0.00945
6	0.01127	0.00928	0.01066	0.01073	0.03012	0.01012	0.00791	0.02048	0.38832	0.02059	0.07722	0.24457	0.05639	0.01190	0.00660	0.00212	0.00418	0.06465	0.00567	0.00723
7	0.02172	0.02772	0.01648	0.01498	0.01798	0.77228	0.01124	0.02322	0.01648	0.01423	0.00899	0.01049	0.00749	0.00599	0.00524	0.00150	0.01049	0.00375	0.00300	0.00674
8	0.01656	0.67497	0.02829	0.01067	0.01542	0.10035	0.01015	0.05886	0.01318	0.01504	0.00851	0.00971	0.00760	0.00519	0.00401	0.00130	0.00667	0.00330	0.00273	0.00753
9	0.00917	0.00674	0.00843	0.00912	0.01020	0.00685	0.00703	0.01237	0.09256	0.01619	0.02858	0.19530	0.06036	0.19436	0.01258	0.00319	0.00485	0.31191	0.00501	0.00522
10	0.02098	0.01574	0.01743	0.01431	0.05964	0.01709	0.01115	0.64921	0.02549	0.03443	0.01354	0.01385	0.00976	0.00669	0.00571	0.00168	0.00628	0.00511	0.00549	0.06640
11	0.24648	0.08547	0.01959	0.03375	0.03854	0.01528	0.17664	0.16681	0.08337	0.06205	0.01246	0.01373	0.00930	0.00589	0.00526	0.00179	0.00644	0.00498	0.00415	0.00802
12	0.00843	0.00574	0.00687	0.00687	0.00706	0.00593	0.00419	0.00880	0.00861	0.01167	0.01784	0.03537	0.01997	0.66274	0.16089	0.00629	0.00739	0.00806	0.00345	0.00382
13	0.05352	0.01866	0.01550	0.04597	0.07049	0.32951	0.01039	0.11247	0.01586	0.01941	0.01019	0.01184	0.00822	0.00553	0.00503	0.00139	0.00750	0.00399	0.00349	0.25104
14	0.25144	0.01082	0.01305	0.11424	0.04818	0.01045	0.04030	0.01549	0.01147	0.02033	0.01044	0.03596	0.00878	0.00532	0.00457	0.00141	0.00515	0.00421	0.00339	0.38501
15	0.05545	0.01305	0.03376	0.17159	0.27643	0.03571	0.04403	0.07374	0.01476	0.20384	0.01385	0.01558	0.01002	0.00597	0.00572	0.00180	0.00670	0.00526	0.00414	0.00861
16	0.26948	0.01139	0.01660	0.35133	0.12263	0.01300	0.07403	0.01616	0.01154	0.01931	0.01057	0.01529	0.00850	0.00589	0.00528	0.00190	0.00671	0.03046	0.00307	0.00684
17	0.18465	0.01786	0.01627	0.01816	0.20761	0.27868	0.01161	0.08058	0.01493	0.03903	0.01095	0.01393	0.00909	0.00608	0.00517	0.00166	0.00741	0.03088	0.00354	0.04190
18	0.17884	0.01277	0.01283	0.04257	0.13909	0.12871	0.00898	0.06153	0.03966	0.03821	0.01333	0.02062	0.01253	0.25251	0.01271	0.00295	0.00645	0.00565	0.00364	0.00643
19	0.18038	0.01456	0.11661	0.04454	0.18026	0.01291	0.01259	0.11648	0.05573	0.13937	0.01454	0.01761	0.01125	0.00669	0.00547	0.00185	0.00608	0.05031	0.00435	0.00840

[dist]
# distance from previous block
# <min> <max>
2	26

[block]
# block no. 7 follows, 40 sequences, length 14
# corresponding to MSA columns:
# 1002-1015
name=unknown_H
#
# <colnr> <probs for GDERKNQSTAVLIFYWHMCP>
#	G	D	E	R	K	N	Q	S	T	A	V	L	I	F	Y	W	H	M	C	P
0	0.54004	0.01143	0.01133	0.01066	0.06684	0.01237	0.00795	0.06415	0.01277	0.19621	0.01209	0.01247	0.00860	0.00589	0.00441	0.00179	0.00489	0.00405	0.00451	0.00756
1	0.42326	0.01297	0.01266	0.01277	0.10915	0.07479	0.00889	0.08423	0.01342	0.11382	0.01178	0.03823	0.00927	0.00616	0.00465	0.00173	0.00548	0.00444	0.00415	0.04816
2	0.01639	0.01654	0.02226	0.05030	0.47384	0.14613	0.06754	0.10024	0.01538	0.02002	0.01098	0.01379	0.00892	0.00552	0.00576	0.00171	0.00770	0.00506	0.00323	0.00868
3	0.01098	0.01034	0.01744	0.78165	0.04005	0.01292	0.01615	0.01486	0.01163	0.01486	0.01034	0.01550	0.00775	0.00581	0.00581	0.00194	0.00775	0.00517	0.00258	0.00646
4	0.04006	0.01078	0.01453	0.01137	0.04078	0.00915	0.05868	0.01945	0.01352	0.25637	0.01433	0.01480	0.01040	0.00551	0.00546	0.00134	0.02886	0.00455	0.00456	0.43550
5	0.83671	0.01125	0.00855	0.00765	0.01125	0.01305	0.00630	0.01709	0.00990	0.02609	0.00810	0.00945	0.00630	0.00540	0.00360	0.00180	0.00450	0.00315	0.00360	0.00630
6	0.01439	0.01382	0.02360	0.03569	0.75936	0.01382	0.01785	0.01785	0.01324	0.01900	0.01094	0.01439	0.00921	0.00518	0.00576	0.00173	0.00691	0.00518	0.00288	0.00921
7	0.01615	0.06397	0.01526	0.22767	0.02154	0.01215	0.01091	0.08426	0.13297	0.20115	0.08054	0.02307	0.01705	0.00781	0.00595	0.00189	0.00574	0.05895	0.00505	0.00794
8	0.01932	0.01252	0.02042	0.01618	0.05585	0.01200	0.23265	0.10105	0.07396	0.31804	0.06215	0.01921	0.01465	0.00671	0.00622	0.00185	0.00653	0.00640	0.00539	0.00891
9	0.01098	0.01034	0.01744	0.78165	0.04005	0.01292	0.01615	0.01486	0.01163	0.01486	0.01034	0.01550	0.00775	0.00581	0.00581	0.00194	0.00775	0.00517	0.00258	0.00646
10	0.08731	0.23456	0.02024	0.01212	0.01652	0.01692	0.06647	0.17544	0.19313	0.09910	0.01489	0.01487	0.01117	0.00636	0.00515	0.00169	0.00587	0.00497	0.00463	0.00858
11	0.01891	0.01536	0.01888	0.02329	0.36530	0.15149	0.01353	0.04370	0.06347	0.20646	0.01453	0.01551	0.01078	0.00607	0.00570	0.00172	0.00690	0.00518	0.00427	0.00895
12	0.01719	0.01510	0.02073	0.03637	0.12103	0.11708	0.19712	0.12499	0.07290	0.11349	0.03731	0.01891	0.01286	0.00703	0.00652	0.01980	0.00742	0.04166	0.00432	0.00819
13	0.01147	0.01090	0.01638	0.53737	0.10162	0.04724	0.01440	0.01531	0.03291	0.01616	0.06084	0.02107	0.04607	0.00704	0.00599	0.00192	0.00708	0.03638	0.00321	0.00663

[dist]
# distance from previous block
# <min> <max>
0	6

# created by:
# /home/berkeley/.conda/envs/busco_data_prod/bin/msa2prfl.pl pipeline/OGs_align_augustus/33634/38678.fs
