[name]
unknown

[dist]
# distance from previous block
# <min> <max>
0	590

[block]
# block no. 0 follows, 41 sequences, length 10
# corresponding to MSA columns:
# 590-599
name=unknown_A
#
# <colnr> <probs for GDERKNQSTAVLIFYWHMCP>
#	G	D	E	R	K	N	Q	S	T	A	V	L	I	F	Y	W	H	M	C	P
0	0.00964	0.00702	0.00999	0.01160	0.05821	0.00718	0.00881	0.01177	0.01239	0.04158	0.02783	0.26205	0.03069	0.01510	0.00815	0.00245	0.05034	0.41465	0.00503	0.00554
1	0.01293	0.06086	0.01495	0.34694	0.04471	0.11285	0.01151	0.01546	0.01254	0.08170	0.01756	0.17957	0.04783	0.00874	0.00589	0.00188	0.00651	0.00748	0.00370	0.00640
2	0.09584	0.01029	0.03195	0.01006	0.01406	0.00929	0.00836	0.02534	0.09793	0.53584	0.03936	0.06423	0.01597	0.00770	0.00567	0.00182	0.00474	0.00628	0.00638	0.00890
3	0.00720	0.00520	0.00681	0.00770	0.00832	0.00481	0.00528	0.00857	0.01215	0.01640	0.18642	0.60328	0.07372	0.01645	0.00716	0.00219	0.00317	0.01482	0.00552	0.00481
4	0.01278	0.01294	0.02035	0.45141	0.22587	0.07308	0.08974	0.01641	0.01244	0.01601	0.01036	0.01459	0.00809	0.00548	0.00576	0.00182	0.00782	0.00515	0.00268	0.00722
5	0.07197	0.24339	0.03575	0.01277	0.01723	0.12129	0.09056	0.13821	0.07101	0.12643	0.01268	0.01320	0.00953	0.00591	0.00503	0.00159	0.00675	0.00455	0.00408	0.00809
6	0.00863	0.00578	0.00848	0.00848	0.00914	0.00645	0.00625	0.00934	0.00867	0.01223	0.01421	0.02258	0.01380	0.10781	0.51553	0.21756	0.01179	0.00604	0.00295	0.00429
7	0.00770	0.00579	0.00712	0.00688	0.00832	0.00521	0.00513	0.00999	0.01512	0.02061	0.54455	0.08417	0.23297	0.01272	0.00678	0.00186	0.00278	0.01108	0.00600	0.00521
8	0.01272	0.01102	0.01319	0.07223	0.01638	0.01241	0.04260	0.02468	0.51430	0.02216	0.10343	0.02646	0.04722	0.00857	0.00610	0.00196	0.00479	0.04631	0.00543	0.00803
9	0.08952	0.03669	0.01439	0.04614	0.01593	0.00990	0.04882	0.05558	0.01532	0.51365	0.02001	0.07856	0.01434	0.00752	0.00567	0.00181	0.00520	0.00627	0.00599	0.00870

[dist]
# distance from previous block
# <min> <max>
2	4

[block]
# block no. 1 follows, 41 sequences, length 55
# corresponding to MSA columns:
# 604-606,614-643,645-666
name=unknown_B
#
# <colnr> <probs for GDERKNQSTAVLIFYWHMCP>
#	G	D	E	R	K	N	Q	S	T	A	V	L	I	F	Y	W	H	M	C	P
0	0.01293	0.01827	0.23682	0.05992	0.06062	0.03553	0.31507	0.01748	0.01264	0.03845	0.01197	0.01660	0.00957	0.04256	0.00763	0.00204	0.03707	0.02663	0.00295	0.03525
1	0.04703	0.00636	0.00903	0.03467	0.01067	0.00731	0.00691	0.01031	0.00910	0.01347	0.01472	0.02272	0.01404	0.11062	0.59481	0.06124	0.01296	0.00609	0.00307	0.00487
2	0.01636	0.26320	0.08019	0.01394	0.03988	0.04013	0.11533	0.10940	0.13944	0.09157	0.02804	0.01471	0.01113	0.00603	0.00522	0.00164	0.00652	0.00498	0.00402	0.00828
3	0.17354	0.06654	0.08288	0.07027	0.01919	0.18043	0.10527	0.09682	0.05736	0.02016	0.01218	0.06811	0.01033	0.00660	0.00528	0.00175	0.00721	0.00529	0.00358	0.00720
4	0.00743	0.00535	0.00706	0.00774	0.00849	0.00498	0.00546	0.00909	0.01289	0.01760	0.28502	0.49387	0.05763	0.01562	0.00712	0.00214	0.00316	0.03876	0.00565	0.00493
5	0.05114	0.01074	0.01358	0.01027	0.01459	0.00973	0.02867	0.05640	0.01373	0.25695	0.01398	0.01443	0.01016	0.00588	0.00620	0.00141	0.07819	0.00446	0.00459	0.39489
6	0.01400	0.26310	0.37526	0.01516	0.05766	0.02739	0.04119	0.08761	0.01342	0.01827	0.00986	0.01156	0.00766	0.00551	0.00536	0.00164	0.03031	0.00410	0.00279	0.00815
7	0.56622	0.14441	0.01287	0.00864	0.01237	0.03598	0.00731	0.01884	0.09823	0.03618	0.01006	0.01091	0.00789	0.00558	0.00392	0.00169	0.00489	0.00355	0.00367	0.00680
8	0.01020	0.00823	0.00941	0.00906	0.01107	0.00867	0.00695	0.01762	0.29387	0.02085	0.24139	0.12921	0.12884	0.01166	0.00656	0.00200	0.00370	0.06831	0.00578	0.00661
9	0.00886	0.00594	0.00774	0.00745	0.00884	0.00548	0.00560	0.01131	0.01532	0.05618	0.58261	0.12721	0.06545	0.01226	0.00673	0.00188	0.00296	0.03507	0.02762	0.00549
10	0.01297	0.00718	0.00840	0.00781	0.00980	0.00702	0.00606	0.08925	0.01441	0.13269	0.06983	0.15430	0.06014	0.00998	0.00558	0.00175	0.00368	0.05956	0.33330	0.00630
11	0.00748	0.00540	0.00677	0.00739	0.00832	0.00497	0.00526	0.00911	0.01267	0.01715	0.20550	0.42590	0.16009	0.01521	0.00693	0.00210	0.00315	0.04250	0.04919	0.00491
12	0.01403	0.27427	0.05214	0.02924	0.01637	0.12562	0.06495	0.01697	0.05969	0.01501	0.01271	0.12177	0.01241	0.00803	0.00767	0.00179	0.15138	0.00595	0.00318	0.00682
13	0.00720	0.00564	0.00632	0.00647	0.00797	0.00493	0.00473	0.00887	0.01330	0.01707	0.20085	0.18430	0.45814	0.01427	0.00677	0.00196	0.00292	0.01225	0.03111	0.00493
14	0.01555	0.01278	0.01356	0.01183	0.01529	0.01462	0.00931	0.13434	0.63229	0.04072	0.02188	0.02019	0.01627	0.00762	0.00580	0.00190	0.00479	0.00626	0.00583	0.00917
15	0.01251	0.01251	0.01752	0.01502	0.01502	0.01752	0.01251	0.01377	0.00876	0.01377	0.00751	0.01251	0.00751	0.01001	0.01877	0.00250	0.78851	0.00501	0.00250	0.00626
16	0.02130	0.01698	0.04848	0.01335	0.01803	0.04436	0.01131	0.68846	0.02590	0.03452	0.01342	0.01354	0.00954	0.00677	0.00569	0.00171	0.00653	0.00506	0.00549	0.00956
17	0.02005	0.02513	0.01599	0.01452	0.01711	0.67979	0.01098	0.02149	0.01535	0.01400	0.00952	0.03827	0.00846	0.00669	0.00647	0.00160	0.08082	0.00425	0.00299	0.00653
18	0.00696	0.00501	0.00660	0.00787	0.00827	0.00465	0.00527	0.00797	0.01104	0.01464	0.03265	0.76371	0.06864	0.01777	0.00728	0.00231	0.00330	0.01608	0.00531	0.00465
19	0.01305	0.01307	0.02956	0.07186	0.34394	0.06628	0.08578	0.01705	0.05939	0.01879	0.12924	0.02007	0.03953	0.00677	0.00628	0.00175	0.02966	0.00620	0.00363	0.03810
20	0.01469	0.01180	0.02228	0.05618	0.02229	0.01123	0.36657	0.03382	0.02981	0.16590	0.01828	0.12970	0.01597	0.00814	0.00663	0.00200	0.00718	0.06569	0.00436	0.00749
21	0.01409	0.01435	0.05355	0.26463	0.10053	0.05416	0.20215	0.08133	0.10425	0.03515	0.01269	0.01550	0.00953	0.00580	0.00595	0.00185	0.00769	0.00559	0.00345	0.00777
22	0.00996	0.00829	0.01131	0.01117	0.01209	0.00976	0.00940	0.01175	0.01148	0.01548	0.02589	0.04442	0.12428	0.01396	0.01188	0.04113	0.25493	0.36315	0.00426	0.00539
23	0.00815	0.00600	0.00721	0.00699	0.00864	0.00527	0.00518	0.01012	0.01406	0.04094	0.34365	0.16739	0.29078	0.01318	0.00670	0.00188	0.00300	0.01144	0.00569	0.04373
24	0.01358	0.36938	0.41238	0.01330	0.02003	0.01759	0.01571	0.04794	0.01249	0.01681	0.00939	0.01087	0.00739	0.00526	0.00467	0.00155	0.00733	0.00375	0.00257	0.00802
25	0.00683	0.00552	0.00608	0.00652	0.00792	0.00477	0.00467	0.00813	0.01234	0.01517	0.04913	0.30194	0.51977	0.01563	0.00694	0.00206	0.00304	0.01347	0.00531	0.00477
26	0.01104	0.01041	0.01759	0.73135	0.09140	0.01277	0.01601	0.01483	0.01155	0.01491	0.01021	0.01517	0.00773	0.00567	0.00571	0.00189	0.00757	0.00508	0.00256	0.00655
27	0.00771	0.00531	0.00648	0.00704	0.00725	0.00514	0.00437	0.00828	0.00984	0.01319	0.05848	0.37142	0.02984	0.41840	0.01847	0.00395	0.00443	0.01191	0.00441	0.00408
28	0.01511	0.70227	0.06895	0.01033	0.01521	0.05302	0.01037	0.01720	0.01176	0.01373	0.00835	0.00981	0.00756	0.00620	0.02886	0.00152	0.00672	0.00325	0.00249	0.00730
29	0.00892	0.00716	0.01076	0.01447	0.17955	0.00695	0.00864	0.01069	0.01174	0.01589	0.02665	0.51409	0.03062	0.01472	0.00702	0.00223	0.00438	0.11508	0.00474	0.00573
30	0.01351	0.01328	0.01745	0.01487	0.01531	0.04340	0.01234	0.06886	0.01037	0.01544	0.00802	0.01253	0.00767	0.00963	0.01733	0.00241	0.70330	0.00497	0.00276	0.00653
31	0.07445	0.09058	0.12134	0.01370	0.01820	0.04164	0.13098	0.13338	0.09641	0.08576	0.01602	0.08383	0.01358	0.00756	0.00575	0.00184	0.00651	0.04630	0.00430	0.00787
32	0.01422	0.01259	0.01351	0.03856	0.05150	0.03751	0.00963	0.04159	0.63103	0.02299	0.02280	0.02146	0.04163	0.00772	0.00582	0.00191	0.00490	0.00644	0.00546	0.00876
33	0.00717	0.00574	0.00641	0.00639	0.00801	0.00498	0.00473	0.00895	0.01379	0.01759	0.26254	0.11229	0.49337	0.01395	0.00680	0.00192	0.00287	0.01191	0.00560	0.00498
34	0.29630	0.11312	0.15733	0.07758	0.01778	0.01389	0.01112	0.09047	0.01333	0.14306	0.01152	0.01241	0.00830	0.00576	0.00468	0.00172	0.00593	0.00411	0.00389	0.00770
35	0.01478	0.20684	0.37588	0.01394	0.02032	0.01500	0.05412	0.05637	0.03737	0.11045	0.01252	0.01449	0.00945	0.00595	0.00523	0.00170	0.00719	0.02673	0.00339	0.00829
36	0.00788	0.00577	0.00744	0.00780	0.00876	0.00551	0.00555	0.01048	0.05265	0.01901	0.37333	0.40093	0.04433	0.01446	0.00696	0.00206	0.00309	0.01296	0.00580	0.00523
37	0.01264	0.01204	0.02047	0.37502	0.43527	0.01319	0.01680	0.01622	0.01231	0.01684	0.01049	0.01465	0.00841	0.00538	0.00569	0.00179	0.00717	0.00509	0.00270	0.00783
38	0.04960	0.09860	0.17493	0.05838	0.01767	0.05432	0.01258	0.01720	0.01152	0.11939	0.01197	0.01645	0.01009	0.06250	0.01079	0.00222	0.23196	0.02937	0.00334	0.00711
39	0.01355	0.01331	0.02107	0.25424	0.51136	0.05365	0.01672	0.01697	0.01273	0.01724	0.01048	0.01427	0.00855	0.00532	0.00565	0.00175	0.00722	0.00502	0.00275	0.00814
40	0.00718	0.00554	0.00656	0.00688	0.00813	0.00492	0.00494	0.00881	0.01318	0.01715	0.23448	0.29687	0.33504	0.01489	0.00694	0.00203	0.00298	0.01300	0.00557	0.00492
41	0.00928	0.00777	0.01143	0.03907	0.01241	0.00977	0.00872	0.01120	0.00917	0.01344	0.01331	0.01988	0.01247	0.03386	0.57116	0.00736	0.19553	0.00583	0.00291	0.00542
42	0.01208	0.01167	0.02019	0.30692	0.02795	0.01267	0.23291	0.04326	0.13227	0.01799	0.01547	0.11265	0.01334	0.00733	0.00624	0.00196	0.00716	0.00719	0.00363	0.00711
43	0.01270	0.01263	0.01952	0.01951	0.16819	0.01593	0.07091	0.01471	0.01002	0.01510	0.00890	0.01361	0.00828	0.01034	0.05521	0.00265	0.52706	0.00522	0.00263	0.00688
44	0.05218	0.01114	0.01131	0.01007	0.01249	0.05220	0.00793	0.08875	0.29060	0.02248	0.01917	0.01978	0.04113	0.00763	0.00655	0.00177	0.08746	0.00576	0.24426	0.00733
45	0.83938	0.01106	0.00841	0.00752	0.01106	0.01283	0.00619	0.01681	0.00973	0.02566	0.00796	0.00929	0.00619	0.00531	0.00354	0.00177	0.00442	0.00310	0.00354	0.00619
46	0.01438	0.01237	0.01302	0.01167	0.01493	0.01430	0.00909	0.04536	0.73774	0.02418	0.02308	0.02118	0.01730	0.00774	0.00582	0.00194	0.00456	0.00644	0.00582	0.00907
47	0.05288	0.01339	0.01703	0.05706	0.29334	0.08444	0.01201	0.04273	0.01316	0.04382	0.01060	0.01295	0.00864	0.00524	0.00553	0.00144	0.03485	0.00432	0.00328	0.28331
48	0.01369	0.01025	0.01263	0.05028	0.01508	0.00878	0.00788	0.03736	0.01263	0.11202	0.01240	0.04033	0.01014	0.00557	0.00553	0.00120	0.05194	0.00437	0.00389	0.58403
49	0.10545	0.44232	0.11701	0.01117	0.01571	0.01841	0.03240	0.04694	0.01207	0.01704	0.03324	0.01167	0.00908	0.00582	0.00551	0.00153	0.07604	0.00388	0.02747	0.00724
50	0.01375	0.00881	0.01110	0.00989	0.01178	0.00952	0.00770	0.13455	0.02732	0.13621	0.01806	0.02800	0.01668	0.21143	0.19218	0.00457	0.06424	0.08335	0.00448	0.00637
51	0.01155	0.01139	0.02255	0.01791	0.02166	0.01087	0.40775	0.01537	0.01335	0.01777	0.02011	0.03784	0.01975	0.00983	0.00728	0.00225	0.00765	0.33456	0.00398	0.00660
52	0.01272	0.04816	0.19548	0.16409	0.15118	0.01435	0.05271	0.01920	0.15590	0.01799	0.01251	0.01494	0.00972	0.00637	0.00717	0.00190	0.09930	0.00515	0.00321	0.00794
53	0.00701	0.00501	0.00669	0.00802	0.00837	0.00469	0.00539	0.00804	0.01100	0.01465	0.03150	0.78042	0.03773	0.01788	0.00731	0.00233	0.00336	0.03064	0.00531	0.00466
54	0.00993	0.00893	0.01456	0.01212	0.01464	0.00861	0.19673	0.04390	0.06074	0.01792	0.10489	0.23882	0.15913	0.04142	0.03828	0.00244	0.00558	0.01062	0.00468	0.00603

[dist]
# distance from previous block
# <min> <max>
3	5

[block]
# block no. 2 follows, 41 sequences, length 6
# corresponding to MSA columns:
# 674-679
name=unknown_C
#
# <colnr> <probs for GDERKNQSTAVLIFYWHMCP>
#	G	D	E	R	K	N	Q	S	T	A	V	L	I	F	Y	W	H	M	C	P
0	0.37865	0.21572	0.01550	0.00920	0.01315	0.08907	0.00789	0.05135	0.01224	0.06359	0.00968	0.01076	0.00768	0.00541	0.00402	0.00152	0.00547	0.00349	0.03373	0.06187
1	0.59588	0.05775	0.01153	0.00897	0.01274	0.05690	0.00743	0.12139	0.01293	0.05660	0.00944	0.01040	0.00716	0.00561	0.00404	0.00171	0.00514	0.00353	0.00390	0.00694
2	0.01654	0.01312	0.01829	0.08582	0.02031	0.01396	0.15154	0.29177	0.12887	0.07354	0.10947	0.01937	0.01636	0.00712	0.00607	0.00182	0.00626	0.00634	0.00505	0.00838
3	0.01026	0.05855	0.01088	0.00941	0.04000	0.00802	0.02855	0.01394	0.08938	0.04872	0.28353	0.14862	0.11890	0.01085	0.00618	0.00180	0.00374	0.00948	0.06020	0.03898
4	0.00777	0.00610	0.00782	0.05153	0.01032	0.00608	0.00608	0.00937	0.01193	0.01567	0.13371	0.26323	0.23624	0.07520	0.07404	0.00296	0.03374	0.03842	0.00486	0.00493
5	0.21896	0.01020	0.01040	0.00911	0.01172	0.06047	0.00711	0.01870	0.05871	0.21397	0.01603	0.04828	0.01297	0.07699	0.03814	0.03659	0.04881	0.00554	0.09056	0.00675

[dist]
# distance from previous block
# <min> <max>
5	11

[block]
# block no. 3 follows, 41 sequences, length 8
# corresponding to MSA columns:
# 694-701
name=unknown_D
#
# <colnr> <probs for GDERKNQSTAVLIFYWHMCP>
#	G	D	E	R	K	N	Q	S	T	A	V	L	I	F	Y	W	H	M	C	P
0	0.01257	0.01190	0.01906	0.35007	0.30611	0.01368	0.01551	0.01714	0.08255	0.01694	0.01137	0.01514	0.00909	0.00613	0.00706	0.00189	0.08801	0.00521	0.00296	0.00762
1	0.01109	0.00932	0.01472	0.06154	0.28564	0.00946	0.01260	0.01407	0.01302	0.01755	0.02212	0.04359	0.02290	0.01137	0.00697	0.00226	0.00595	0.42490	0.00424	0.00670
2	0.00694	0.00509	0.00652	0.00767	0.00822	0.00467	0.00518	0.00800	0.01123	0.01472	0.03506	0.69613	0.13466	0.01746	0.00723	0.00227	0.00326	0.01570	0.00531	0.00467
3	0.83938	0.01106	0.00841	0.00752	0.01106	0.01283	0.00619	0.01681	0.00973	0.02566	0.00796	0.00929	0.00619	0.00531	0.00354	0.00177	0.00442	0.00310	0.00354	0.00619
4	0.00826	0.00578	0.00741	0.00741	0.00782	0.00618	0.00493	0.00907	0.00867	0.01196	0.01695	0.03148	0.01821	0.49816	0.32640	0.00700	0.00943	0.00745	0.00331	0.00412
5	0.00821	0.00598	0.00844	0.00844	0.00921	0.00674	0.00622	0.00973	0.00897	0.01272	0.01601	0.02626	0.01595	0.23450	0.58696	0.00827	0.01284	0.00668	0.00317	0.00469
6	0.24108	0.01343	0.01274	0.01027	0.01406	0.06583	0.00820	0.30463	0.01718	0.02635	0.01171	0.01445	0.00955	0.08811	0.00728	0.00197	0.00566	0.00454	0.00433	0.13861
7	0.09461	0.00641	0.00754	0.00737	0.00898	0.00611	0.00555	0.01123	0.01410	0.04748	0.40592	0.16050	0.15249	0.01243	0.00651	0.00193	0.00318	0.03655	0.00569	0.00543

[dist]
# distance from previous block
# <min> <max>
0	4

[block]
# block no. 4 follows, 41 sequences, length 42
# corresponding to MSA columns:
# 707-716,718-749
name=unknown_E
#
# <colnr> <probs for GDERKNQSTAVLIFYWHMCP>
#	G	D	E	R	K	N	Q	S	T	A	V	L	I	F	Y	W	H	M	C	P
0	0.01336	0.01672	0.18000	0.03515	0.02203	0.03865	0.25177	0.04609	0.08858	0.04392	0.05826	0.01666	0.01229	0.00737	0.03261	0.00205	0.04654	0.00577	0.00356	0.07861
1	0.01735	0.01497	0.01570	0.01308	0.01573	0.10453	0.01056	0.35416	0.04292	0.02481	0.01351	0.08052	0.01169	0.00856	0.00921	0.00194	0.21451	0.00594	0.03247	0.00784
2	0.83938	0.01106	0.00841	0.00752	0.01106	0.01283	0.00619	0.01681	0.00973	0.02566	0.00796	0.00929	0.00619	0.00531	0.00354	0.00177	0.00442	0.00310	0.00354	0.00619
3	0.01111	0.00780	0.00998	0.01068	0.01223	0.03857	0.00911	0.01352	0.01331	0.08105	0.02808	0.09671	0.02972	0.01458	0.00792	0.00249	0.03030	0.57190	0.00524	0.00570
4	0.01280	0.01758	0.21968	0.25581	0.02495	0.10344	0.01448	0.01888	0.13771	0.01715	0.01275	0.01579	0.00993	0.03699	0.00708	0.00198	0.04615	0.00505	0.03453	0.00726
5	0.00745	0.00552	0.00673	0.00709	0.00824	0.00500	0.00512	0.00920	0.01323	0.01772	0.26269	0.31252	0.24104	0.01458	0.00687	0.00202	0.00303	0.03007	0.03689	0.00497
6	0.01243	0.01240	0.01750	0.05326	0.01623	0.01728	0.01268	0.01381	0.00889	0.01381	0.00764	0.01265	0.00751	0.00980	0.01812	0.00247	0.74974	0.00501	0.00250	0.00626
7	0.00871	0.00568	0.00665	0.00641	0.00784	0.00529	0.00481	0.01122	0.01442	0.02135	0.42576	0.03779	0.14395	0.01052	0.00589	0.00167	0.00272	0.00902	0.26504	0.00529
8	0.00893	0.00769	0.01096	0.05551	0.01308	0.00739	0.08828	0.01259	0.07372	0.01934	0.31841	0.04099	0.28178	0.01129	0.00664	0.00190	0.00404	0.02636	0.00530	0.00581
9	0.01529	0.80242	0.02997	0.00979	0.01468	0.02263	0.00979	0.01713	0.01162	0.01346	0.00795	0.00918	0.00734	0.00489	0.00367	0.00122	0.00612	0.00306	0.00245	0.00734
10	0.01278	0.04553	0.01320	0.02857	0.09475	0.16355	0.00911	0.01742	0.15717	0.01776	0.11445	0.19466	0.06237	0.01013	0.00649	0.00187	0.03046	0.00852	0.00453	0.00668
11	0.01675	0.61635	0.02667	0.01097	0.01540	0.20347	0.01009	0.01850	0.01272	0.01359	0.00817	0.00945	0.00735	0.00513	0.00403	0.00128	0.00712	0.00321	0.00257	0.00717
12	0.01211	0.01031	0.01199	0.00859	0.01366	0.00788	0.00688	0.03262	0.01224	0.01907	0.01026	0.01191	0.00850	0.00430	0.00427	0.00087	0.00429	0.00343	0.00345	0.81337
13	0.01016	0.00882	0.00969	0.00923	0.00975	0.07878	0.00661	0.01102	0.00953	0.01253	0.01578	0.05450	0.01709	0.39872	0.16845	0.00518	0.13621	0.03003	0.00330	0.00463
14	0.02174	0.01602	0.01717	0.01316	0.01774	0.01774	0.01087	0.74423	0.02689	0.03605	0.01373	0.01373	0.00973	0.00687	0.00572	0.00172	0.00629	0.00515	0.00572	0.00973
15	0.09798	0.00761	0.00841	0.00844	0.01005	0.02484	0.00617	0.07405	0.01295	0.07622	0.02899	0.43500	0.11581	0.03984	0.00727	0.00222	0.00404	0.02925	0.00518	0.00569
16	0.02205	0.01487	0.01637	0.01263	0.01712	0.01612	0.01041	0.60117	0.05548	0.15121	0.01553	0.01496	0.01075	0.00694	0.00573	0.00173	0.00599	0.00530	0.00594	0.00970
17	0.01546	0.01141	0.01867	0.31648	0.31825	0.01209	0.01486	0.01875	0.01317	0.18522	0.01318	0.01577	0.00966	0.00578	0.00570	0.00179	0.00668	0.00524	0.00367	0.00818
18	0.57547	0.04041	0.01127	0.02541	0.01340	0.16373	0.00768	0.03417	0.01181	0.05977	0.00903	0.01021	0.00697	0.00554	0.00407	0.00170	0.00577	0.00343	0.00359	0.00657
19	0.83938	0.01106	0.00841	0.00752	0.01106	0.01283	0.00619	0.01681	0.00973	0.02566	0.00796	0.00929	0.00619	0.00531	0.00354	0.00177	0.00442	0.00310	0.00354	0.00619
20	0.55114	0.01098	0.01151	0.00940	0.01335	0.01168	0.05667	0.02007	0.01188	0.23691	0.01238	0.01261	0.00864	0.00578	0.00439	0.00178	0.00490	0.00410	0.00451	0.00731
21	0.00732	0.00531	0.00738	0.00832	0.00886	0.00538	0.00585	0.00862	0.01044	0.01421	0.02679	0.56942	0.03095	0.02522	0.23203	0.00433	0.00683	0.01330	0.00465	0.00478
22	0.01191	0.09538	0.67467	0.01555	0.02348	0.01413	0.01966	0.01853	0.04245	0.01795	0.01060	0.01221	0.00767	0.00548	0.00530	0.00177	0.00809	0.00422	0.00256	0.00838
23	0.01672	0.62071	0.02675	0.01095	0.01538	0.19924	0.01008	0.01847	0.01270	0.01358	0.00816	0.00944	0.00735	0.00513	0.00402	0.00128	0.00710	0.00321	0.00256	0.00717
24	0.01008	0.00722	0.00888	0.00821	0.01003	0.00718	0.00623	0.01522	0.15475	0.05973	0.55448	0.06890	0.04444	0.01098	0.00655	0.00185	0.00318	0.00963	0.00620	0.00627
25	0.02123	0.06679	0.03940	0.01294	0.01758	0.04680	0.01097	0.61070	0.02452	0.07220	0.01354	0.01357	0.00965	0.00667	0.00556	0.00168	0.00642	0.00496	0.00538	0.00942
26	0.00814	0.00651	0.00984	0.06032	0.08715	0.00637	0.03071	0.00968	0.01127	0.01513	0.02744	0.64228	0.03209	0.01544	0.00702	0.00222	0.00414	0.01412	0.00481	0.00530
27	0.00790	0.00584	0.00737	0.00699	0.00842	0.00531	0.00524	0.01041	0.01573	0.02184	0.65710	0.04454	0.15784	0.01210	0.00675	0.00182	0.00273	0.01060	0.00615	0.00531
28	0.01330	0.04539	0.25613	0.02335	0.25392	0.01355	0.20843	0.01795	0.01281	0.03453	0.01095	0.01365	0.00842	0.00511	0.00573	0.00173	0.00784	0.00510	0.00283	0.05929
29	0.01390	0.01333	0.02275	0.09260	0.70782	0.01352	0.01743	0.01733	0.01290	0.01837	0.01071	0.01424	0.00895	0.00514	0.00567	0.00171	0.00686	0.00510	0.00281	0.00885
30	0.00818	0.00608	0.00894	0.00894	0.00988	0.00701	0.00684	0.01005	0.00912	0.01309	0.01555	0.02373	0.01485	0.10658	0.71338	0.00889	0.01450	0.00631	0.00310	0.00497
31	0.01132	0.01685	0.27469	0.19618	0.13507	0.01184	0.04317	0.01653	0.05237	0.01859	0.14920	0.01939	0.01681	0.00670	0.00585	0.00183	0.00679	0.00590	0.00342	0.00750
32	0.00822	0.00622	0.00785	0.00870	0.01018	0.00585	0.00726	0.01034	0.01300	0.01639	0.04026	0.10007	0.29394	0.01544	0.00746	0.00237	0.00431	0.43177	0.00529	0.00508
33	0.02042	0.07837	0.01773	0.01273	0.01719	0.01775	0.01059	0.60965	0.10355	0.03295	0.01430	0.01419	0.01037	0.00680	0.00557	0.00170	0.00609	0.00512	0.00547	0.00946
34	0.01295	0.32828	0.48358	0.01378	0.02086	0.01690	0.01675	0.01773	0.01190	0.01631	0.00937	0.01096	0.00728	0.00523	0.00475	0.00158	0.00755	0.00378	0.00243	0.00802
35	0.01254	0.11454	0.64122	0.01568	0.03719	0.01413	0.01927	0.01840	0.01222	0.04895	0.01053	0.01210	0.00758	0.00544	0.00526	0.00174	0.00801	0.00418	0.00262	0.00839
36	0.01454	0.49542	0.20080	0.01136	0.01681	0.01845	0.01215	0.01853	0.06222	0.05308	0.04114	0.01257	0.01025	0.00560	0.00446	0.00146	0.00636	0.00400	0.00306	0.00776
37	0.00817	0.00613	0.00919	0.00919	0.01021	0.00715	0.00715	0.01021	0.00919	0.01328	0.01532	0.02247	0.01430	0.04290	0.77631	0.00919	0.01532	0.00613	0.00306	0.00511
38	0.01650	0.52715	0.10800	0.01156	0.01642	0.17984	0.01126	0.01880	0.01280	0.03956	0.00889	0.01008	0.00757	0.00524	0.00425	0.00136	0.00722	0.00341	0.00271	0.00739
39	0.01390	0.01406	0.04771	0.06518	0.67118	0.01359	0.05517	0.01749	0.01295	0.01848	0.01076	0.01420	0.00892	0.00512	0.00571	0.00172	0.00703	0.00515	0.00281	0.00886
40	0.01091	0.01028	0.01735	0.76141	0.06238	0.01274	0.01594	0.01471	0.01149	0.01474	0.01019	0.01522	0.00767	0.00570	0.00572	0.00190	0.00760	0.00508	0.00255	0.00644
41	0.01384	0.03294	0.29505	0.02551	0.39786	0.01338	0.04141	0.01865	0.02907	0.06144	0.01151	0.01381	0.00883	0.00538	0.00559	0.00175	0.00732	0.00486	0.00298	0.00880

[dist]
# distance from previous block
# <min> <max>
0	9

[block]
# block no. 5 follows, 41 sequences, length 16
# corresponding to MSA columns:
# 759-771,774-776
name=unknown_F
#
# <colnr> <probs for GDERKNQSTAVLIFYWHMCP>
#	G	D	E	R	K	N	Q	S	T	A	V	L	I	F	Y	W	H	M	C	P
0	0.43629	0.01654	0.01351	0.01476	0.14954	0.24941	0.00976	0.01882	0.01234	0.02078	0.00874	0.01049	0.00708	0.00545	0.00443	0.00167	0.00668	0.00364	0.00323	0.00685
1	0.01507	0.01270	0.01341	0.01181	0.01519	0.01462	0.00926	0.11018	0.67181	0.02528	0.02221	0.02049	0.01660	0.00766	0.00581	0.00192	0.00472	0.00632	0.00581	0.00913
2	0.00752	0.00545	0.00713	0.00775	0.00861	0.00507	0.00557	0.00927	0.01310	0.01780	0.29247	0.42968	0.08659	0.01534	0.00711	0.00214	0.00321	0.06554	0.00566	0.00497
3	0.01080	0.01017	0.01716	0.78523	0.03940	0.01271	0.01589	0.01461	0.01144	0.01461	0.01017	0.01525	0.00762	0.00572	0.00572	0.00191	0.00762	0.00508	0.00254	0.00635
4	0.01907	0.27150	0.14082	0.01193	0.01699	0.10850	0.01150	0.10428	0.01534	0.22818	0.01319	0.01319	0.00951	0.00594	0.00495	0.00156	0.00667	0.00432	0.00418	0.00838
5	0.00905	0.00552	0.00813	0.00813	0.00857	0.00596	0.00581	0.00872	0.00828	0.01148	0.01288	0.02107	0.01264	0.08673	0.35285	0.41241	0.00954	0.00572	0.00281	0.00370
6	0.08408	0.01178	0.05207	0.01986	0.31488	0.01084	0.03780	0.04475	0.01351	0.12277	0.04648	0.02311	0.12430	0.06043	0.00730	0.00203	0.00568	0.00648	0.00411	0.00772
7	0.01226	0.01187	0.02077	0.44573	0.30489	0.01318	0.07719	0.01601	0.01219	0.01642	0.01050	0.01486	0.00824	0.00541	0.00578	0.00183	0.00749	0.00523	0.00268	0.00746
8	0.01267	0.09045	0.42380	0.01877	0.12674	0.01404	0.11109	0.01806	0.03104	0.03159	0.03957	0.01410	0.00987	0.00571	0.00591	0.00178	0.02884	0.00491	0.00286	0.00821
9	0.01315	0.01544	0.07096	0.02339	0.08152	0.01396	0.58374	0.01772	0.01322	0.01812	0.01244	0.01801	0.01005	0.00570	0.00704	0.00197	0.03342	0.04950	0.00299	0.00766
10	0.01047	0.00946	0.01563	0.23044	0.24859	0.00998	0.04038	0.01313	0.01187	0.01602	0.01915	0.29477	0.03634	0.01006	0.00633	0.00199	0.00580	0.00931	0.00370	0.00659
11	0.01986	0.01490	0.17162	0.01677	0.14652	0.01076	0.06802	0.02338	0.01470	0.42838	0.01718	0.01673	0.01145	0.00623	0.00575	0.00178	0.00629	0.00540	0.00508	0.00920
12	0.01408	0.01370	0.05657	0.07033	0.54501	0.03568	0.02945	0.01746	0.01334	0.05742	0.06211	0.03447	0.01279	0.00601	0.00578	0.00174	0.00662	0.00569	0.00331	0.00847
13	0.01651	0.68240	0.02767	0.01024	0.01493	0.08658	0.00980	0.01834	0.01234	0.06414	0.00901	0.00997	0.00780	0.00513	0.00394	0.00128	0.00639	0.00329	0.00280	0.00744
14	0.01362	0.01145	0.04245	0.01190	0.09351	0.00890	0.00875	0.04198	0.01291	0.08328	0.01142	0.01283	0.00902	0.00471	0.00462	0.00108	0.00480	0.00387	0.00369	0.61521
15	0.01751	0.05886	0.03581	0.01469	0.07720	0.32262	0.01090	0.08859	0.13278	0.03785	0.01253	0.01383	0.00999	0.00842	0.05193	0.00205	0.03299	0.00458	0.00374	0.06314

[dist]
# distance from previous block
# <min> <max>
2	64

[block]
# block no. 6 follows, 41 sequences, length 38
# corresponding to MSA columns:
# 841-878
name=unknown_G
#
# <colnr> <probs for GDERKNQSTAVLIFYWHMCP>
#	G	D	E	R	K	N	Q	S	T	A	V	L	I	F	Y	W	H	M	C	P
0	0.05679	0.11727	0.10289	0.01403	0.11145	0.06705	0.01105	0.07297	0.05197	0.20052	0.05415	0.01862	0.06528	0.00689	0.00537	0.00167	0.00588	0.00548	0.00452	0.02613
1	0.01563	0.07675	0.05735	0.01250	0.04233	0.07441	0.05019	0.10342	0.12671	0.11513	0.04996	0.05450	0.05435	0.00754	0.00604	0.00170	0.03454	0.00613	0.03020	0.08061
2	0.04202	0.08582	0.09153	0.03401	0.01341	0.00952	0.00828	0.03489	0.03694	0.06194	0.13963	0.08739	0.08008	0.08187	0.00769	0.00197	0.00477	0.00712	0.00433	0.16682
3	0.03585	0.01032	0.04848	0.00910	0.01283	0.00869	0.00755	0.04092	0.03411	0.01830	0.01237	0.01617	0.01075	0.07054	0.10943	0.00256	0.04047	0.00452	0.05920	0.44782
4	0.47926	0.15699	0.01372	0.00908	0.01284	0.05820	0.00766	0.01975	0.11308	0.06711	0.01100	0.01160	0.00850	0.00571	0.00410	0.00168	0.00511	0.00375	0.00383	0.00704
5	0.01586	0.05189	0.11020	0.04542	0.03776	0.01031	0.02385	0.06210	0.02735	0.21245	0.04660	0.04836	0.01311	0.00636	0.00526	0.00149	0.00537	0.00527	0.00450	0.26647
6	0.01422	0.25179	0.37105	0.01451	0.05672	0.03917	0.01540	0.04084	0.07670	0.05222	0.01136	0.01247	0.00864	0.00559	0.00498	0.00163	0.00718	0.00420	0.00307	0.00825
7	0.01879	0.12234	0.01718	0.01188	0.01598	0.01627	0.00986	0.39609	0.18179	0.08617	0.01659	0.05387	0.01282	0.00735	0.00554	0.00173	0.00563	0.00575	0.00538	0.00900
8	0.01003	0.00630	0.00811	0.00740	0.00917	0.00569	0.00564	0.01254	0.01587	0.11039	0.59550	0.04132	0.12705	0.01145	0.00663	0.00181	0.00298	0.00999	0.00628	0.00585
9	0.01588	0.04034	0.22293	0.05029	0.12532	0.01135	0.07313	0.02001	0.03066	0.23812	0.04860	0.05491	0.02872	0.00692	0.00581	0.00181	0.00645	0.00606	0.00433	0.00835
10	0.45138	0.04803	0.01328	0.01111	0.02638	0.05264	0.00902	0.03293	0.01027	0.02067	0.00804	0.01061	0.00688	0.00693	0.00882	0.00197	0.26764	0.00385	0.00315	0.00642
11	0.00772	0.00596	0.00704	0.00752	0.00897	0.00544	0.00590	0.00946	0.01277	0.01603	0.08650	0.11095	0.39018	0.07097	0.00874	0.00242	0.00383	0.22948	0.00522	0.00489
12	0.01365	0.03151	0.18186	0.02980	0.17736	0.01290	0.07316	0.04728	0.14778	0.06417	0.07975	0.01862	0.01474	0.03590	0.00729	0.00197	0.04430	0.00587	0.00395	0.00814
13	0.00832	0.00586	0.00744	0.00718	0.00859	0.00532	0.00533	0.01063	0.01515	0.04398	0.55414	0.13113	0.15016	0.01267	0.00678	0.00188	0.00287	0.01113	0.00607	0.00536
14	0.65827	0.06058	0.03233	0.00909	0.02398	0.02677	0.00761	0.01719	0.03257	0.02355	0.00852	0.01004	0.00679	0.00568	0.00475	0.00179	0.05720	0.00340	0.00342	0.00647
15	0.01721	0.32887	0.02091	0.01145	0.01547	0.07999	0.04206	0.12050	0.01522	0.13827	0.01518	0.03586	0.01330	0.00751	0.00526	0.00167	0.00627	0.11317	0.00419	0.00765
16	0.01080	0.01017	0.01716	0.78523	0.03940	0.01271	0.01589	0.01461	0.01144	0.01461	0.01017	0.01525	0.00762	0.00572	0.00572	0.00191	0.00762	0.00508	0.00254	0.00635
17	0.01066	0.00533	0.00533	0.00533	0.00666	0.00533	0.00400	0.01333	0.01200	0.02132	0.01866	0.02132	0.01466	0.00666	0.00400	0.00133	0.00267	0.00533	0.83073	0.00533
18	0.01196	0.02557	0.59148	0.04875	0.02483	0.01322	0.09392	0.05346	0.01288	0.01872	0.01150	0.04706	0.00888	0.00600	0.00568	0.00185	0.00821	0.00510	0.00276	0.00819
19	0.00893	0.00606	0.00777	0.00722	0.00880	0.00551	0.00546	0.01148	0.01589	0.06332	0.64993	0.04266	0.12182	0.01172	0.00669	0.00181	0.00284	0.01026	0.00624	0.00558
20	0.01573	0.01489	0.02662	0.05816	0.04154	0.04835	0.45491	0.11974	0.03034	0.08186	0.01349	0.01719	0.01024	0.00585	0.00640	0.00189	0.00839	0.03265	0.00376	0.00801
21	0.01186	0.01017	0.01186	0.00847	0.01356	0.00762	0.00678	0.01440	0.01186	0.01864	0.01017	0.01186	0.00847	0.00424	0.00424	0.00085	0.00424	0.00339	0.00339	0.83395
22	0.83938	0.01106	0.00841	0.00752	0.01106	0.01283	0.00619	0.01681	0.00973	0.02566	0.00796	0.00929	0.00619	0.00531	0.00354	0.00177	0.00442	0.00310	0.00354	0.00619
23	0.52326	0.01383	0.06354	0.00968	0.01380	0.05210	0.00846	0.13533	0.01368	0.10413	0.01063	0.01132	0.00773	0.00578	0.00434	0.00175	0.00535	0.00381	0.00415	0.00731
24	0.01080	0.01017	0.01716	0.78523	0.03940	0.01271	0.01589	0.01461	0.01144	0.01461	0.01017	0.01525	0.00762	0.00572	0.00572	0.00191	0.00762	0.00508	0.00254	0.00635
25	0.01068	0.01000	0.01682	0.76025	0.03840	0.01245	0.01555	0.01440	0.01142	0.01461	0.01085	0.04032	0.00860	0.00611	0.00577	0.00192	0.00749	0.00544	0.00263	0.00630
26	0.83938	0.01106	0.00841	0.00752	0.01106	0.01283	0.00619	0.01681	0.00973	0.02566	0.00796	0.00929	0.00619	0.00531	0.00354	0.00177	0.00442	0.00310	0.00354	0.00619
27	0.01355	0.01193	0.05049	0.18650	0.06061	0.01181	0.14054	0.09987	0.08418	0.07276	0.13357	0.03847	0.01790	0.00721	0.00602	0.00183	0.00623	0.00663	0.04244	0.00746
28	0.00787	0.00584	0.00733	0.00696	0.00840	0.00530	0.00522	0.01035	0.01565	0.02165	0.63979	0.04484	0.17527	0.01217	0.00675	0.00182	0.00273	0.01064	0.00613	0.00530
29	0.01921	0.01122	0.03813	0.06495	0.07566	0.01017	0.11475	0.04872	0.01520	0.40006	0.01971	0.02416	0.01486	0.00770	0.00618	0.00192	0.00609	0.10742	0.00542	0.00851
30	0.00837	0.00579	0.00780	0.00780	0.00831	0.00630	0.00542	0.00919	0.00868	0.01209	0.01603	0.02839	0.01669	0.36063	0.39996	0.07384	0.01036	0.00696	0.00319	0.00420
31	0.00804	0.00596	0.00782	0.00863	0.04581	0.00553	0.00587	0.01011	0.01381	0.01910	0.36744	0.26751	0.13156	0.01344	0.00676	0.00197	0.00317	0.02851	0.04369	0.00528
32	0.83938	0.01106	0.00841	0.00752	0.01106	0.01283	0.00619	0.01681	0.00973	0.02566	0.00796	0.00929	0.00619	0.00531	0.00354	0.00177	0.00442	0.00310	0.00354	0.00619
33	0.01248	0.08274	0.36856	0.04838	0.05709	0.01248	0.04020	0.01809	0.07341	0.05280	0.03961	0.05491	0.01217	0.00646	0.00541	0.00172	0.00671	0.00538	0.03795	0.06343
34	0.04883	0.00605	0.00700	0.00677	0.00838	0.00554	0.00507	0.01007	0.01454	0.02011	0.44773	0.08000	0.29408	0.01262	0.00662	0.00187	0.00288	0.01085	0.00578	0.00521
35	0.01290	0.05105	0.23802	0.04054	0.04017	0.01080	0.01206	0.04007	0.02579	0.05218	0.01102	0.01257	0.00850	0.00497	0.00481	0.00130	0.00587	0.00395	0.00329	0.42013
36	0.13151	0.05853	0.56853	0.01450	0.02170	0.05131	0.01762	0.01842	0.01206	0.04177	0.01014	0.01169	0.00732	0.00547	0.00508	0.00176	0.00776	0.00404	0.00275	0.00803
37	0.00766	0.00611	0.00802	0.00989	0.08034	0.00561	0.00625	0.00910	0.01197	0.01549	0.05299	0.45165	0.26881	0.01542	0.00697	0.00213	0.00354	0.02780	0.00509	0.00515

[dist]
# distance from previous block
# <min> <max>
0	5

[block]
# block no. 7 follows, 41 sequences, length 21
# corresponding to MSA columns:
# 885-905
name=unknown_H
#
# <colnr> <probs for GDERKNQSTAVLIFYWHMCP>
#	G	D	E	R	K	N	Q	S	T	A	V	L	I	F	Y	W	H	M	C	P
0	0.25190	0.06872	0.16455	0.01062	0.01566	0.03361	0.01032	0.04867	0.05227	0.12078	0.01187	0.01254	0.00876	0.00555	0.00461	0.00156	0.00562	0.00401	0.00388	0.16451
1	0.74117	0.01166	0.00946	0.00820	0.01186	0.01342	0.00676	0.10419	0.01180	0.02691	0.00866	0.00983	0.00662	0.00550	0.00380	0.00176	0.00465	0.00334	0.00380	0.00662
2	0.00966	0.00792	0.01128	0.01023	0.01121	0.00935	0.02675	0.01127	0.00984	0.01445	0.07769	0.02274	0.01632	0.11751	0.33614	0.03579	0.19515	0.00631	0.02638	0.04402
3	0.00994	0.00497	0.00745	0.00745	0.00745	0.00497	0.00497	0.00745	0.00745	0.00994	0.00994	0.01739	0.00994	0.01987	0.02235	0.83358	0.00497	0.00497	0.00248	0.00248
4	0.00792	0.00584	0.00740	0.00701	0.00844	0.00532	0.00526	0.01045	0.01577	0.02195	0.66733	0.04436	0.14754	0.01206	0.00675	0.00182	0.00272	0.01057	0.00617	0.00532
5	0.83938	0.01106	0.00841	0.00752	0.01106	0.01283	0.00619	0.01681	0.00973	0.02566	0.00796	0.00929	0.00619	0.00531	0.00354	0.00177	0.00442	0.00310	0.00354	0.00619
6	0.00793	0.00584	0.00742	0.00702	0.00844	0.00533	0.00527	0.01047	0.01580	0.02200	0.67275	0.04426	0.14208	0.01204	0.00675	0.00182	0.00272	0.01056	0.00617	0.00533
7	0.01128	0.01143	0.05781	0.09570	0.11946	0.01069	0.16711	0.04126	0.03985	0.01933	0.17893	0.04467	0.10842	0.00833	0.00667	0.00186	0.03154	0.00768	0.03107	0.00688
8	0.00792	0.00538	0.00636	0.00675	0.00685	0.00528	0.00402	0.00821	0.00910	0.01214	0.02204	0.26317	0.02587	0.56632	0.02262	0.00459	0.00488	0.01068	0.00402	0.00382
9	0.01529	0.80242	0.02997	0.00979	0.01468	0.02263	0.00979	0.01713	0.01162	0.01346	0.00795	0.00918	0.00734	0.00489	0.00367	0.00122	0.00612	0.00306	0.00245	0.00734
10	0.01168	0.07115	0.72958	0.01595	0.02421	0.01379	0.02052	0.01806	0.01205	0.01786	0.01014	0.01192	0.00725	0.00541	0.00534	0.00178	0.00833	0.00416	0.00242	0.00839
11	0.01186	0.01017	0.01186	0.00847	0.01356	0.00762	0.00678	0.01440	0.01186	0.01864	0.01017	0.01186	0.00847	0.00424	0.00424	0.00085	0.00424	0.00339	0.00339	0.83395
12	0.00841	0.00607	0.00784	0.00773	0.00897	0.00575	0.00573	0.03909	0.01529	0.02132	0.53631	0.21695	0.04775	0.01309	0.00687	0.00195	0.00307	0.03642	0.00601	0.00539
13	0.83938	0.01106	0.00841	0.00752	0.01106	0.01283	0.00619	0.01681	0.00973	0.02566	0.00796	0.00929	0.00619	0.00531	0.00354	0.00177	0.00442	0.00310	0.00354	0.00619
14	0.01374	0.01283	0.02135	0.08862	0.62121	0.01308	0.01638	0.04540	0.01338	0.01885	0.01239	0.04456	0.01100	0.00612	0.00582	0.00178	0.00665	0.03517	0.00311	0.00857
15	0.37990	0.01355	0.01164	0.01037	0.01357	0.10933	0.00829	0.06026	0.21029	0.04069	0.01372	0.01555	0.01090	0.00682	0.00542	0.00185	0.04207	0.03422	0.00430	0.00725
16	0.04750	0.42019	0.02276	0.01180	0.01577	0.32551	0.01013	0.02011	0.05201	0.01466	0.00911	0.01027	0.00784	0.00546	0.00438	0.00138	0.00767	0.00349	0.00286	0.00710
17	0.83938	0.01106	0.00841	0.00752	0.01106	0.01283	0.00619	0.01681	0.00973	0.02566	0.00796	0.00929	0.00619	0.00531	0.00354	0.00177	0.00442	0.00310	0.00354	0.00619
18	0.01678	0.01199	0.01319	0.04298	0.01539	0.01330	0.00900	0.25124	0.30900	0.08754	0.01890	0.01854	0.01388	0.00715	0.00547	0.00175	0.00493	0.00575	0.14464	0.00858
19	0.01183	0.00687	0.00878	0.00780	0.00993	0.00625	0.00602	0.01471	0.03985	0.17864	0.49621	0.03863	0.12985	0.01093	0.00651	0.00181	0.00324	0.00946	0.00633	0.00636
20	0.08851	0.01282	0.02025	0.06321	0.50418	0.01322	0.04020	0.04352	0.01302	0.03796	0.01239	0.01521	0.03518	0.00578	0.00612	0.00174	0.04306	0.00518	0.00318	0.03526

[dist]
# distance from previous block
# <min> <max>
0	6

[block]
# block no. 8 follows, 41 sequences, length 6
# corresponding to MSA columns:
# 912-917
name=unknown_I
#
# <colnr> <probs for GDERKNQSTAVLIFYWHMCP>
#	G	D	E	R	K	N	Q	S	T	A	V	L	I	F	Y	W	H	M	C	P
0	0.64301	0.01247	0.06707	0.07829	0.01491	0.01296	0.00840	0.01769	0.06355	0.02398	0.00944	0.01090	0.00721	0.00553	0.00404	0.00180	0.00502	0.00360	0.00353	0.00659
1	0.01434	0.01222	0.03815	0.08962	0.31200	0.03824	0.01272	0.04066	0.10288	0.10131	0.15855	0.02101	0.01909	0.00705	0.00588	0.00177	0.00575	0.00627	0.00437	0.00810
2	0.01258	0.01030	0.01518	0.33666	0.02485	0.01157	0.05869	0.08228	0.11882	0.05825	0.16254	0.02241	0.01927	0.03388	0.00679	0.00199	0.00601	0.00658	0.00432	0.00701
3	0.00824	0.00630	0.00910	0.00958	0.03817	0.00694	0.00695	0.01016	0.00999	0.01402	0.05267	0.05280	0.08141	0.08067	0.57722	0.00751	0.01239	0.00726	0.00349	0.00513
4	0.00841	0.00558	0.00667	0.00667	0.00679	0.00570	0.00401	0.00848	0.00836	0.01127	0.01715	0.03428	0.01928	0.65575	0.11755	0.06260	0.00667	0.00783	0.00335	0.00359
5	0.03518	0.14671	0.32612	0.04211	0.15326	0.01441	0.04358	0.03467	0.04469	0.03602	0.04428	0.01410	0.01039	0.00569	0.00526	0.00168	0.00704	0.00469	0.00307	0.02705

[dist]
# distance from previous block
# <min> <max>
0	1

[block]
# block no. 9 follows, 41 sequences, length 30
# corresponding to MSA columns:
# 919-935,937-949
name=unknown_J
#
# <colnr> <probs for GDERKNQSTAVLIFYWHMCP>
#	G	D	E	R	K	N	Q	S	T	A	V	L	I	F	Y	W	H	M	C	P
0	0.06523	0.00751	0.00837	0.00723	0.00979	0.00724	0.00570	0.03683	0.03616	0.18674	0.04931	0.02022	0.01520	0.00676	0.00459	0.00147	0.00352	0.00539	0.45915	0.06357
1	0.17924	0.06543	0.20765	0.01193	0.01703	0.04483	0.05434	0.03149	0.01296	0.15126	0.03671	0.03952	0.01152	0.00637	0.00511	0.00168	0.00614	0.02056	0.00395	0.09226
2	0.01382	0.21138	0.19706	0.01323	0.04405	0.04074	0.06839	0.04960	0.01293	0.03412	0.01049	0.02387	0.00854	0.00520	0.00480	0.00138	0.00650	0.00416	0.00307	0.24663
3	0.14974	0.01566	0.01868	0.05369	0.43878	0.17141	0.01396	0.01816	0.01303	0.01859	0.01044	0.03353	0.00896	0.00566	0.00526	0.00169	0.00708	0.00478	0.00303	0.00787
4	0.00940	0.00750	0.01047	0.04990	0.01176	0.00907	0.00786	0.01097	0.00939	0.01354	0.01514	0.02596	0.01519	0.20077	0.33403	0.00589	0.16872	0.05042	0.03897	0.00506
5	0.69944	0.01083	0.00924	0.00798	0.01167	0.01207	0.00658	0.01872	0.01088	0.15320	0.01048	0.01104	0.00756	0.00561	0.00392	0.00177	0.00450	0.00355	0.00415	0.00680
6	0.58180	0.01147	0.01010	0.00879	0.01240	0.01303	0.00715	0.06178	0.14531	0.08234	0.01217	0.01249	0.00904	0.00598	0.00424	0.00180	0.00458	0.00402	0.00435	0.00718
7	0.00836	0.00559	0.00636	0.00642	0.00647	0.00559	0.00371	0.00847	0.00852	0.01134	0.01854	0.03856	0.02130	0.76622	0.02823	0.00542	0.00553	0.03829	0.00354	0.00354
8	0.00923	0.00646	0.00744	0.00696	0.00877	0.00591	0.00523	0.04664	0.01467	0.05848	0.30065	0.06772	0.33707	0.05319	0.00770	0.00204	0.00324	0.01042	0.04273	0.00548
9	0.01098	0.01035	0.01747	0.74599	0.07726	0.01275	0.01597	0.01477	0.01152	0.01483	0.01020	0.01519	0.00770	0.00569	0.00572	0.00190	0.00758	0.00508	0.00256	0.00650
10	0.27132	0.01045	0.01078	0.00817	0.01277	0.00926	0.00659	0.01516	0.01119	0.02084	0.00948	0.01106	0.00776	0.00457	0.00402	0.00114	0.00430	0.00330	0.00344	0.57442
11	0.01404	0.04822	0.01967	0.02168	0.30637	0.04250	0.05926	0.03108	0.09955	0.03297	0.01198	0.01466	0.00991	0.00780	0.04048	0.00207	0.13274	0.00508	0.00333	0.09661
12	0.06328	0.02487	0.01620	0.01528	0.05029	0.65409	0.01118	0.02171	0.01526	0.01480	0.00880	0.01057	0.00739	0.00609	0.00596	0.00156	0.05923	0.00380	0.00294	0.00669
13	0.00815	0.00578	0.00749	0.00715	0.00845	0.00536	0.00533	0.01076	0.01574	0.02244	0.68987	0.08047	0.05139	0.01179	0.00665	0.00181	0.00273	0.01043	0.04287	0.00536
14	0.01559	0.01476	0.14188	0.01646	0.10352	0.01203	0.13705	0.05722	0.15281	0.17107	0.08751	0.01990	0.02981	0.00689	0.00598	0.00183	0.00626	0.00626	0.00470	0.00847
15	0.00933	0.00691	0.00801	0.00741	0.00905	0.02465	0.00562	0.05408	0.01612	0.02261	0.55978	0.03944	0.11579	0.01107	0.00639	0.00176	0.00311	0.00958	0.08370	0.00562
16	0.83938	0.01106	0.00841	0.00752	0.01106	0.01283	0.00619	0.01681	0.00973	0.02566	0.00796	0.00929	0.00619	0.00531	0.00354	0.00177	0.00442	0.00310	0.00354	0.00619
17	0.01540	0.73495	0.06075	0.01029	0.01524	0.05592	0.01033	0.01742	0.01185	0.01368	0.00809	0.00935	0.00734	0.00496	0.00381	0.00126	0.00640	0.00314	0.00247	0.00736
18	0.00830	0.00563	0.00666	0.00666	0.00681	0.00577	0.00399	0.00859	0.00844	0.01140	0.01764	0.03529	0.01987	0.69084	0.13598	0.00607	0.00694	0.00800	0.00341	0.00370
19	0.01192	0.01035	0.01263	0.00902	0.01413	0.00786	0.03256	0.01454	0.01192	0.01863	0.01022	0.01199	0.00848	0.00426	0.00432	0.00089	0.00443	0.00351	0.00337	0.80500
20	0.01204	0.05713	0.32656	0.01186	0.01735	0.05041	0.01284	0.01619	0.01329	0.04945	0.17078	0.01941	0.03182	0.00675	0.00540	0.00156	0.00607	0.00547	0.00372	0.18189
21	0.01024	0.04343	0.18157	0.16209	0.04211	0.00952	0.02449	0.01343	0.01217	0.04770	0.07727	0.27060	0.06132	0.01051	0.00624	0.00197	0.00563	0.00925	0.00404	0.00640
22	0.01399	0.63827	0.02526	0.00922	0.01338	0.01910	0.00877	0.01574	0.01145	0.01401	0.01085	0.07307	0.01073	0.04035	0.00509	0.00149	0.00564	0.00445	0.04354	0.03558
23	0.01042	0.07589	0.20387	0.01022	0.01464	0.00932	0.01015	0.01347	0.01178	0.01673	0.01969	0.15997	0.08866	0.03617	0.00632	0.00173	0.00525	0.03814	0.00369	0.26390
24	0.00988	0.19714	0.05214	0.00834	0.01012	0.00988	0.00676	0.01110	0.01029	0.01331	0.01939	0.21792	0.02192	0.32054	0.01494	0.00332	0.00527	0.05893	0.00375	0.00507
25	0.03906	0.21212	0.12351	0.01080	0.01520	0.01310	0.01022	0.09284	0.01453	0.24869	0.01739	0.14770	0.01485	0.00808	0.00539	0.00173	0.00556	0.00652	0.00472	0.00798
26	0.05765	0.39364	0.22661	0.01176	0.01720	0.01772	0.01252	0.11235	0.01361	0.01841	0.01093	0.06368	0.00963	0.00620	0.00466	0.00155	0.00650	0.00455	0.00312	0.00771
