[name]
unknown

[dist]
# distance from previous block
# <min> <max>
40	275

[block]
# block no. 0 follows, 41 sequences, length 25
# corresponding to MSA columns:
# 437-461
name=unknown_A
#
# <colnr> <probs for GDERKNQSTAVLIFYWHMCP>
#	G	D	E	R	K	N	Q	S	T	A	V	L	I	F	Y	W	H	M	C	P
0	0.07412	0.34680	0.21545	0.01269	0.03555	0.01730	0.03550	0.10982	0.01379	0.02908	0.03391	0.01237	0.00938	0.00652	0.02403	0.00174	0.00685	0.00414	0.00316	0.00782
1	0.01596	0.28206	0.25874	0.01406	0.04806	0.04074	0.04434	0.08127	0.01388	0.11279	0.01130	0.01236	0.00851	0.00568	0.00531	0.00161	0.02749	0.00425	0.00336	0.00823
2	0.10695	0.35964	0.15140	0.01191	0.03603	0.01776	0.01159	0.13468	0.01394	0.01977	0.00950	0.01082	0.00771	0.00544	0.00476	0.00148	0.02588	0.00373	0.00317	0.06385
3	0.07005	0.15510	0.19758	0.01503	0.05739	0.05297	0.11606	0.12703	0.01464	0.04617	0.01365	0.06260	0.03413	0.00659	0.00540	0.00172	0.00700	0.00552	0.00355	0.00783
4	0.05459	0.18601	0.16494	0.01281	0.04323	0.06444	0.06009	0.04262	0.01373	0.08815	0.14382	0.01846	0.01683	0.03152	0.00629	0.00177	0.02139	0.00547	0.00384	0.01998
5	0.05908	0.33962	0.17613	0.01236	0.02900	0.03696	0.05270	0.04750	0.01338	0.11436	0.05919	0.01391	0.01134	0.00585	0.00482	0.00155	0.00646	0.00446	0.00352	0.00782
6	0.01500	0.34994	0.09181	0.02282	0.01593	0.04240	0.03906	0.06202	0.04017	0.08167	0.07994	0.01670	0.02527	0.02533	0.00545	0.00159	0.00599	0.01349	0.00371	0.06172
7	0.03126	0.35488	0.29659	0.01319	0.04519	0.01682	0.01400	0.04287	0.01288	0.10764	0.01086	0.01181	0.00825	0.00544	0.00470	0.00155	0.00682	0.00395	0.00314	0.00815
8	0.01415	0.13073	0.32924	0.01411	0.01976	0.03985	0.08823	0.01838	0.01305	0.12186	0.08206	0.01623	0.01301	0.00763	0.03301	0.00201	0.04014	0.00518	0.00353	0.00784
9	0.03819	0.16418	0.20274	0.01636	0.12248	0.05236	0.07784	0.04328	0.01372	0.13465	0.04328	0.01444	0.01078	0.00577	0.00526	0.00163	0.00686	0.00479	0.00361	0.03779
10	0.04723	0.27873	0.10809	0.01203	0.01653	0.09548	0.03989	0.02028	0.01329	0.21340	0.01317	0.01503	0.01017	0.00642	0.00586	0.00165	0.05787	0.03313	0.00389	0.00785
11	0.03536	0.16861	0.11241	0.04295	0.07008	0.03404	0.01075	0.03379	0.02279	0.10013	0.13747	0.07135	0.04368	0.00852	0.00613	0.00179	0.03432	0.05449	0.00423	0.00712
12	0.13975	0.03833	0.01155	0.06179	0.04082	0.08946	0.00795	0.07250	0.03644	0.02245	0.38149	0.02721	0.03080	0.00873	0.00576	0.00174	0.00470	0.00721	0.00495	0.00636
13	0.00981	0.00925	0.10204	0.00934	0.01159	0.00700	0.00811	0.01325	0.05966	0.06886	0.25653	0.26590	0.05543	0.01276	0.00675	0.00206	0.00413	0.08609	0.00541	0.00604
14	0.01266	0.16414	0.55842	0.06634	0.02355	0.01471	0.01827	0.01809	0.01212	0.04669	0.01034	0.01207	0.00756	0.00542	0.00515	0.00171	0.00784	0.00414	0.00261	0.00817
15	0.01389	0.11102	0.52608	0.01586	0.04972	0.01407	0.04695	0.04790	0.01313	0.09266	0.01144	0.01277	0.00816	0.00556	0.00534	0.00174	0.00774	0.00442	0.00305	0.00850
16	0.01652	0.43117	0.17000	0.01237	0.03087	0.04039	0.03755	0.05259	0.01336	0.13014	0.01109	0.01185	0.00855	0.00545	0.00461	0.00148	0.00665	0.00397	0.00333	0.00805
17	0.07340	0.01306	0.06484	0.31031	0.08298	0.10079	0.01242	0.01644	0.07144	0.01756	0.09274	0.06720	0.03872	0.00747	0.00572	0.00184	0.00651	0.00630	0.00359	0.00669
18	0.00715	0.00518	0.00675	0.00769	0.00830	0.00479	0.00526	0.00846	0.01198	0.01607	0.15696	0.61804	0.08894	0.01663	0.00717	0.00221	0.00319	0.01498	0.00548	0.00479
19	0.01268	0.01308	0.02522	0.21589	0.18418	0.01334	0.34220	0.01719	0.03997	0.01752	0.01253	0.04344	0.01029	0.00587	0.00627	0.00190	0.00805	0.01979	0.00303	0.00755
20	0.01624	0.06030	0.23652	0.01323	0.01828	0.01353	0.03711	0.15657	0.12430	0.15050	0.01627	0.07102	0.01265	0.00736	0.00624	0.00184	0.03903	0.00590	0.00457	0.00855
21	0.01881	0.00982	0.01362	0.19852	0.02012	0.00998	0.01005	0.02336	0.11981	0.41209	0.04949	0.05749	0.01578	0.00756	0.00587	0.00186	0.00533	0.00639	0.00568	0.00839
22	0.01224	0.00732	0.00984	0.05800	0.04222	0.00700	0.00730	0.04907	0.01339	0.17753	0.05354	0.40989	0.10310	0.01322	0.00665	0.00207	0.00414	0.01170	0.00547	0.00631
23	0.15606	0.01274	0.04274	0.07389	0.14436	0.05872	0.08245	0.02006	0.01364	0.23824	0.05605	0.01762	0.01284	0.00652	0.00577	0.00180	0.02084	0.02334	0.00442	0.00792
24	0.07595	0.14958	0.16950	0.01698	0.15019	0.13547	0.04383	0.01957	0.03695	0.08634	0.01111	0.01260	0.00860	0.00563	0.00541	0.00163	0.02763	0.00433	0.00325	0.03545

[dist]
# distance from previous block
# <min> <max>
6	46

[block]
# block no. 1 follows, 41 sequences, length 18
# corresponding to MSA columns:
# 514-531
name=unknown_B
#
# <colnr> <probs for GDERKNQSTAVLIFYWHMCP>
#	G	D	E	R	K	N	Q	S	T	A	V	L	I	F	Y	W	H	M	C	P
0	0.01212	0.21546	0.22090	0.02444	0.02742	0.01278	0.01155	0.03349	0.03324	0.04741	0.08364	0.18182	0.01877	0.00864	0.00549	0.00173	0.00570	0.00719	0.00381	0.04440
1	0.01308	0.04954	0.25290	0.01205	0.01674	0.01125	0.02417	0.09613	0.03483	0.08279	0.08426	0.10960	0.04641	0.00847	0.00633	0.00180	0.03731	0.02510	0.00424	0.08301
2	0.01295	0.04860	0.30880	0.01538	0.10636	0.01095	0.04688	0.01726	0.01386	0.11574	0.20289	0.02238	0.02092	0.00740	0.00589	0.00179	0.00622	0.02381	0.00414	0.00776
3	0.01525	0.48260	0.12693	0.01068	0.01549	0.05730	0.01076	0.01787	0.01294	0.08970	0.09891	0.01463	0.01353	0.00604	0.00456	0.00144	0.00613	0.00438	0.00338	0.00746
4	0.01344	0.05220	0.25008	0.15193	0.10242	0.01232	0.04556	0.01881	0.08059	0.10827	0.06547	0.01838	0.04244	0.00659	0.00570	0.00181	0.00667	0.00564	0.00375	0.00792
5	0.01274	0.08226	0.08066	0.04898	0.09277	0.00922	0.00946	0.01516	0.01313	0.15975	0.08676	0.21701	0.11828	0.01061	0.00615	0.00190	0.00482	0.01866	0.00481	0.00685
6	0.01269	0.02547	0.61117	0.10686	0.02556	0.01277	0.01935	0.01859	0.01239	0.08611	0.01138	0.01313	0.00792	0.00562	0.00550	0.00182	0.00803	0.00447	0.00286	0.00832
7	0.01571	0.08390	0.01936	0.13558	0.29460	0.01302	0.03356	0.02031	0.10101	0.16227	0.01521	0.01839	0.01190	0.00642	0.00567	0.00178	0.00622	0.04265	0.00405	0.00839
8	0.01437	0.01435	0.10308	0.03636	0.41171	0.01223	0.06636	0.01859	0.04692	0.08983	0.04621	0.01594	0.01165	0.00565	0.00565	0.00168	0.00649	0.00532	0.00353	0.08408
9	0.01388	0.01331	0.02272	0.09653	0.70403	0.01352	0.01742	0.01731	0.01289	0.01835	0.01071	0.01425	0.00894	0.00515	0.00567	0.00172	0.00686	0.00510	0.00281	0.00884
10	0.02177	0.01127	0.07783	0.10239	0.01809	0.00917	0.01022	0.02458	0.01541	0.57534	0.05864	0.01956	0.01488	0.00702	0.00577	0.00179	0.00539	0.00578	0.00610	0.00900
11	0.01974	0.04428	0.05040	0.01417	0.11298	0.07344	0.01055	0.05499	0.01538	0.38516	0.01963	0.05734	0.01542	0.00807	0.00592	0.00184	0.00583	0.09097	0.00542	0.00847
12	0.01725	0.02101	0.36219	0.01539	0.07438	0.07703	0.01528	0.05078	0.04804	0.24095	0.01456	0.01476	0.01000	0.00610	0.00555	0.00176	0.00716	0.00483	0.00416	0.00880
13	0.00891	0.00679	0.00987	0.00873	0.00954	0.00680	0.09151	0.00974	0.00904	0.01222	0.01692	0.03295	0.01855	0.61039	0.11983	0.00557	0.00725	0.00786	0.00335	0.00417
14	0.00840	0.00575	0.00702	0.00718	0.00748	0.00590	0.00468	0.00901	0.00902	0.01212	0.01908	0.03846	0.02129	0.59598	0.13550	0.00573	0.00694	0.09290	0.00362	0.00392
15	0.01378	0.26260	0.40668	0.01474	0.02150	0.01666	0.08259	0.08553	0.01345	0.01839	0.01000	0.01165	0.00764	0.00535	0.00504	0.00163	0.00765	0.00419	0.00278	0.00817
16	0.01624	0.11346	0.11413	0.01603	0.10638	0.10346	0.06335	0.15289	0.15283	0.04654	0.04859	0.01570	0.01235	0.00638	0.00550	0.00170	0.00676	0.00522	0.00413	0.00837
17	0.04932	0.19252	0.19905	0.01418	0.01907	0.07884	0.12405	0.05185	0.04071	0.04380	0.01261	0.08390	0.01100	0.00685	0.00605	0.00175	0.04806	0.00558	0.00330	0.00751

[dist]
# distance from previous block
# <min> <max>
3	13

[block]
# block no. 2 follows, 41 sequences, length 73
# corresponding to MSA columns:
# 554-626
name=unknown_C
#
# <colnr> <probs for GDERKNQSTAVLIFYWHMCP>
#	G	D	E	R	K	N	Q	S	T	A	V	L	I	F	Y	W	H	M	C	P
0	0.05930	0.17199	0.10612	0.01144	0.01601	0.04316	0.01050	0.16282	0.16735	0.09564	0.01667	0.01647	0.04983	0.00668	0.00516	0.00165	0.00580	0.00508	0.00450	0.04385
1	0.11990	0.14107	0.07198	0.01864	0.25682	0.04418	0.01235	0.04654	0.10533	0.07556	0.01329	0.04730	0.01092	0.00624	0.00514	0.00169	0.00605	0.00510	0.00374	0.00817
2	0.05842	0.00777	0.00846	0.00799	0.00976	0.00806	0.00581	0.01539	0.20148	0.03817	0.16623	0.07618	0.16293	0.19497	0.01155	0.00276	0.00406	0.00897	0.00514	0.00589
3	0.01235	0.06050	0.36570	0.01548	0.09795	0.01249	0.01499	0.01923	0.14621	0.04570	0.09679	0.05738	0.01624	0.00717	0.00569	0.00182	0.00643	0.00600	0.00381	0.00808
4	0.01410	0.01100	0.01232	0.01083	0.01370	0.01206	0.00843	0.14837	0.34689	0.05282	0.07654	0.15199	0.02128	0.00947	0.00648	0.00190	0.03208	0.00793	0.00554	0.05626
5	0.00832	0.00555	0.00624	0.00624	0.00624	0.00555	0.00347	0.00832	0.00832	0.01109	0.01802	0.03743	0.02080	0.79898	0.02911	0.00555	0.00555	0.00832	0.00347	0.00347
6	0.02125	0.02625	0.01642	0.01249	0.01658	0.01349	0.05252	0.30452	0.04845	0.31568	0.03916	0.01705	0.01280	0.00722	0.00681	0.00181	0.06692	0.00564	0.00580	0.00914
7	0.01459	0.36857	0.09498	0.01593	0.02138	0.01779	0.29027	0.01868	0.04798	0.04275	0.01078	0.01276	0.00857	0.00513	0.00518	0.00160	0.00755	0.00483	0.00294	0.00775
8	0.00704	0.00501	0.00662	0.00787	0.00819	0.00469	0.00521	0.00798	0.01081	0.01442	0.03082	0.75573	0.03694	0.05865	0.00844	0.00249	0.00343	0.01585	0.00521	0.00458
9	0.01757	0.01880	0.01887	0.02333	0.35098	0.32091	0.01364	0.02149	0.09298	0.04954	0.01182	0.01360	0.00949	0.00579	0.00548	0.00164	0.00789	0.00470	0.00338	0.00811
10	0.00694	0.00510	0.00651	0.00765	0.00821	0.00467	0.00517	0.00800	0.01126	0.01473	0.03539	0.68697	0.14361	0.01742	0.00722	0.00227	0.00326	0.01565	0.00531	0.00467
11	0.02095	0.01525	0.01632	0.01260	0.01694	0.01685	0.01038	0.69168	0.02582	0.03499	0.01409	0.01428	0.01008	0.00685	0.00560	0.00169	0.00603	0.00516	0.06504	0.00941
12	0.01080	0.01017	0.01716	0.78523	0.03940	0.01271	0.01589	0.01461	0.01144	0.01461	0.01017	0.01525	0.00762	0.00572	0.00572	0.00191	0.00762	0.00508	0.00254	0.00635
13	0.01289	0.01013	0.01197	0.00860	0.01363	0.00768	0.00690	0.01541	0.01220	0.07453	0.01109	0.01243	0.00890	0.00445	0.00435	0.00092	0.00428	0.00357	0.00366	0.77242
14	0.00696	0.00525	0.00636	0.00724	0.00805	0.00474	0.00495	0.00805	0.01149	0.01473	0.03910	0.54093	0.25821	0.04583	0.00794	0.00232	0.00327	0.01469	0.00524	0.00466
15	0.00777	0.00560	0.00750	0.00864	0.00943	0.00533	0.00653	0.00944	0.01215	0.01607	0.08672	0.47099	0.06985	0.01662	0.00743	0.00237	0.00388	0.24342	0.00537	0.00491
16	0.01080	0.01017	0.01716	0.78523	0.03940	0.01271	0.01589	0.01461	0.01144	0.01461	0.01017	0.01525	0.00762	0.00572	0.00572	0.00191	0.00762	0.00508	0.00254	0.00635
17	0.32033	0.01021	0.01151	0.00922	0.01332	0.01001	0.00761	0.02387	0.01397	0.49872	0.01728	0.01578	0.01127	0.00644	0.00495	0.00177	0.00471	0.00479	0.00580	0.00845
18	0.00801	0.00602	0.00689	0.00671	0.00832	0.00552	0.00502	0.01072	0.04730	0.01943	0.34460	0.08403	0.32950	0.01251	0.00650	0.00184	0.00289	0.01073	0.07816	0.00529
19	0.01893	0.01594	0.12521	0.01295	0.01766	0.05308	0.04400	0.23561	0.15168	0.20768	0.04598	0.01730	0.01341	0.00692	0.00576	0.00178	0.00616	0.00560	0.00534	0.00900
20	0.01939	0.01282	0.03832	0.02477	0.01718	0.01301	0.08056	0.24729	0.01790	0.27078	0.04935	0.03087	0.01345	0.02794	0.00817	0.00197	0.10639	0.00596	0.00530	0.00856
21	0.00784	0.00582	0.00749	0.00847	0.00958	0.00547	0.00664	0.00962	0.01241	0.01595	0.04987	0.31946	0.20374	0.01617	0.00740	0.00235	0.00399	0.29746	0.00531	0.00495
22	0.75925	0.01214	0.04875	0.00922	0.04547	0.01289	0.00748	0.01691	0.01000	0.02496	0.00821	0.00965	0.00638	0.00531	0.00373	0.00177	0.00474	0.00325	0.00345	0.00644
23	0.00821	0.00566	0.00701	0.00708	0.00736	0.00591	0.00450	0.00878	0.00868	0.01183	0.01804	0.07312	0.02002	0.56500	0.21896	0.00631	0.00793	0.00817	0.00346	0.00395
24	0.01106	0.04110	0.27845	0.01141	0.01582	0.02581	0.01186	0.04251	0.11812	0.02100	0.29321	0.02676	0.06217	0.00856	0.00599	0.00180	0.00538	0.00717	0.00460	0.00720
25	0.01535	0.01410	0.02034	0.02451	0.38362	0.05343	0.08233	0.06093	0.21445	0.05002	0.01475	0.01621	0.01145	0.00601	0.00579	0.00178	0.00653	0.00558	0.00397	0.00887
26	0.01186	0.01017	0.01186	0.00847	0.01356	0.00762	0.00678	0.01440	0.01186	0.01864	0.01017	0.01186	0.00847	0.00424	0.00424	0.00085	0.00424	0.00339	0.00339	0.83395
27	0.01423	0.01229	0.01293	0.01164	0.01487	0.01423	0.00905	0.03039	0.75297	0.02393	0.02328	0.02134	0.01746	0.00776	0.00582	0.00194	0.00453	0.00647	0.00582	0.00905
28	0.01312	0.01057	0.01259	0.00999	0.04306	0.00869	0.00757	0.08421	0.01345	0.04644	0.01208	0.05324	0.01035	0.00533	0.00465	0.00107	0.00451	0.00438	0.00382	0.65087
29	0.00689	0.00580	0.00597	0.00593	0.00780	0.00488	0.00445	0.00846	0.01334	0.01617	0.12500	0.05387	0.69347	0.01422	0.00676	0.00192	0.00288	0.01191	0.00541	0.00488
30	0.01350	0.01543	0.03375	0.02411	0.02989	0.01446	0.74253	0.01832	0.01350	0.01832	0.01157	0.01543	0.00868	0.00482	0.00675	0.00193	0.00964	0.00675	0.00289	0.00771
31	0.01830	0.01431	0.06248	0.01728	0.02250	0.01293	0.34261	0.11681	0.05445	0.25412	0.01582	0.01660	0.01090	0.00598	0.00619	0.00185	0.00739	0.00608	0.00469	0.00871
32	0.01485	0.01113	0.01726	0.42698	0.09473	0.01250	0.04054	0.10950	0.01430	0.13960	0.01300	0.01603	0.00946	0.00794	0.04594	0.00222	0.00741	0.00532	0.00375	0.00755
33	0.02048	0.00946	0.01209	0.00963	0.01322	0.00881	0.00781	0.11828	0.01744	0.46533	0.17494	0.02368	0.02191	0.00799	0.00584	0.00174	0.00446	0.00660	0.06176	0.00853
34	0.00693	0.00580	0.00603	0.00597	0.00783	0.00490	0.00448	0.00853	0.01343	0.01639	0.14576	0.05351	0.67258	0.01414	0.00676	0.00191	0.00287	0.01186	0.00543	0.00490
35	0.01186	0.01017	0.01186	0.00847	0.01356	0.00762	0.00678	0.01440	0.01186	0.01864	0.01017	0.01186	0.00847	0.00424	0.00424	0.00085	0.00424	0.00339	0.00339	0.83395
36	0.01018	0.00684	0.00844	0.00765	0.00983	0.00606	0.00587	0.01221	0.01344	0.09796	0.23266	0.07068	0.21243	0.05984	0.06925	0.00258	0.00452	0.04639	0.00522	0.11796
37	0.08570	0.00993	0.01280	0.00997	0.01417	0.00903	0.00820	0.06040	0.01637	0.63797	0.05933	0.01964	0.01541	0.00718	0.00564	0.00177	0.00479	0.00576	0.00671	0.00924
38	0.00716	0.00511	0.00685	0.00818	0.00859	0.00481	0.00564	0.00829	0.01114	0.01481	0.03142	0.73396	0.03742	0.01774	0.00735	0.00235	0.00348	0.07569	0.00531	0.00470
39	0.01952	0.01135	0.01401	0.04307	0.05158	0.01172	0.00953	0.12827	0.24066	0.33290	0.02094	0.05925	0.01526	0.00767	0.00584	0.00184	0.00509	0.00637	0.00603	0.00909
40	0.80709	0.01116	0.00899	0.00860	0.04050	0.01286	0.00664	0.01684	0.00986	0.02539	0.00807	0.00948	0.00631	0.00530	0.00362	0.00177	0.00452	0.00318	0.00351	0.00631
41	0.01359	0.01214	0.02003	0.34270	0.39895	0.01322	0.01618	0.05149	0.01317	0.04773	0.01113	0.01480	0.00870	0.00552	0.00569	0.00179	0.00704	0.00512	0.00302	0.00800
42	0.01529	0.80242	0.02997	0.00979	0.01468	0.02263	0.00979	0.01713	0.01162	0.01346	0.00795	0.00918	0.00734	0.00489	0.00367	0.00122	0.00612	0.00306	0.00245	0.00734
43	0.00712	0.00581	0.00630	0.00617	0.00795	0.00498	0.00463	0.00891	0.01389	0.01748	0.24801	0.05171	0.56965	0.01373	0.00676	0.00190	0.00284	0.01160	0.00558	0.00498
44	0.01066	0.00533	0.00533	0.00533	0.00666	0.00533	0.00400	0.01333	0.01200	0.02132	0.01866	0.02132	0.01466	0.00666	0.00400	0.00133	0.00267	0.00533	0.83073	0.00533
45	0.10360	0.00986	0.01281	0.00992	0.01426	0.00883	0.00819	0.02682	0.01574	0.69623	0.02117	0.01849	0.01340	0.00691	0.00554	0.00177	0.00482	0.00550	0.00674	0.00940
46	0.02174	0.01602	0.01717	0.01316	0.01774	0.01774	0.01087	0.74423	0.02689	0.03605	0.01373	0.01373	0.00973	0.00687	0.00572	0.00172	0.00629	0.00515	0.00572	0.00973
47	0.02566	0.00973	0.01327	0.01018	0.01460	0.00841	0.00841	0.02788	0.01637	0.76726	0.02257	0.01947	0.01416	0.00708	0.00575	0.00177	0.00487	0.00575	0.00708	0.00973
48	0.01225	0.01174	0.02275	0.01701	0.02108	0.01110	0.41651	0.01690	0.05773	0.05377	0.26698	0.02522	0.02482	0.00743	0.00665	0.00188	0.00677	0.00791	0.00441	0.00710
49	0.01423	0.01229	0.01293	0.01164	0.01487	0.01423	0.00905	0.03039	0.75297	0.02393	0.02328	0.02134	0.01746	0.00776	0.00582	0.00194	0.00453	0.00647	0.00582	0.00905
50	0.83938	0.01106	0.00841	0.00752	0.01106	0.01283	0.00619	0.01681	0.00973	0.02566	0.00796	0.00929	0.00619	0.00531	0.00354	0.00177	0.00442	0.00310	0.00354	0.00619
51	0.02174	0.01602	0.01717	0.01316	0.01774	0.01774	0.01087	0.74423	0.02689	0.03605	0.01373	0.01373	0.00973	0.00687	0.00572	0.00172	0.00629	0.00515	0.00572	0.00973
52	0.83938	0.01106	0.00841	0.00752	0.01106	0.01283	0.00619	0.01681	0.00973	0.02566	0.00796	0.00929	0.00619	0.00531	0.00354	0.00177	0.00442	0.00310	0.00354	0.00619
53	0.01416	0.01359	0.02322	0.03511	0.76330	0.01359	0.01755	0.01755	0.01302	0.01869	0.01076	0.01416	0.00906	0.00510	0.00566	0.00170	0.00680	0.00510	0.00283	0.00906
54	0.01455	0.01245	0.01312	0.01171	0.01500	0.01438	0.00913	0.06109	0.72175	0.02445	0.02287	0.02101	0.01713	0.00772	0.00582	0.00193	0.00460	0.00641	0.00582	0.00908
55	0.02471	0.00949	0.01294	0.01006	0.01428	0.00822	0.00825	0.02686	0.01609	0.72889	0.02302	0.05902	0.01537	0.00763	0.00583	0.00180	0.00479	0.00629	0.00699	0.00947
56	0.02532	0.01029	0.01362	0.01044	0.01488	0.00923	0.00862	0.09072	0.01729	0.70311	0.02179	0.01897	0.01377	0.00706	0.00575	0.00177	0.00499	0.00570	0.00696	0.00973
57	0.00832	0.00555	0.00624	0.00624	0.00624	0.00555	0.00347	0.00832	0.00832	0.01109	0.01802	0.03743	0.02080	0.79898	0.02911	0.00555	0.00555	0.00832	0.00347	0.00347
58	0.00855	0.00568	0.00747	0.00827	0.00906	0.00536	0.00579	0.03139	0.01221	0.05506	0.08878	0.64445	0.03687	0.01645	0.00715	0.00225	0.00351	0.04105	0.00549	0.00514
59	0.00697	0.00498	0.00664	0.00796	0.00830	0.00465	0.00531	0.00796	0.01095	0.01460	0.03153	0.79525	0.03783	0.01792	0.00730	0.00232	0.00332	0.01626	0.00531	0.00465
60	0.01186	0.01017	0.01186	0.00847	0.01356	0.00762	0.00678	0.01440	0.01186	0.01864	0.01017	0.01186	0.00847	0.00424	0.00424	0.00085	0.00424	0.00339	0.00339	0.83395
61	0.00775	0.00618	0.00653	0.00644	0.00831	0.00547	0.00489	0.03818	0.01371	0.01719	0.10969	0.08293	0.58070	0.01377	0.00665	0.00192	0.00311	0.03660	0.04486	0.00510
62	0.00705	0.00504	0.00673	0.00806	0.00843	0.00472	0.00546	0.00811	0.01103	0.01470	0.03148	0.76793	0.03765	0.01784	0.00732	0.00233	0.00339	0.04275	0.00531	0.00467
63	0.01147	0.02959	0.76934	0.01630	0.02476	0.01328	0.02113	0.01811	0.01208	0.01811	0.01026	0.01208	0.00725	0.00543	0.00543	0.00181	0.00845	0.00423	0.00242	0.00845
64	0.01097	0.01034	0.01746	0.74699	0.07630	0.01275	0.01597	0.01476	0.01152	0.01482	0.01020	0.01519	0.00770	0.00569	0.00572	0.00190	0.00758	0.00508	0.00256	0.00649
65	0.00719	0.00522	0.00681	0.00782	0.00844	0.00484	0.00542	0.00850	0.01185	0.01581	0.12426	0.61493	0.09348	0.01680	0.00722	0.00224	0.00329	0.04567	0.00543	0.00478
66	0.00989	0.00986	0.01870	0.01480	0.01792	0.00917	0.33516	0.01273	0.01245	0.01639	0.02731	0.26867	0.16937	0.01229	0.03546	0.00232	0.00651	0.01079	0.00415	0.00607
67	0.00937	0.00771	0.01113	0.01006	0.01072	0.00879	0.06119	0.01047	0.00923	0.01295	0.01633	0.10610	0.01776	0.35602	0.16885	0.00505	0.16219	0.00794	0.00334	0.00478
68	0.01173	0.01009	0.01630	0.64923	0.03487	0.01227	0.01466	0.04969	0.01232	0.04572	0.01184	0.01753	0.00926	0.00810	0.04509	0.00229	0.00776	0.03172	0.00300	0.00655
69	0.04832	0.01308	0.01440	0.01089	0.01558	0.01296	0.00889	0.36934	0.04145	0.06328	0.01280	0.01332	0.00954	0.00579	0.00505	0.00138	0.00528	0.00444	0.00477	0.33946
70	0.04354	0.01137	0.01756	0.52450	0.14722	0.01320	0.01487	0.09539	0.01334	0.01817	0.01057	0.01456	0.00806	0.00568	0.00557	0.00181	0.00710	0.00495	0.00301	0.03953
71	0.17430	0.01332	0.01598	0.37772	0.12570	0.11287	0.01316	0.04277	0.03984	0.01832	0.01025	0.01347	0.00794	0.00569	0.00522	0.00179	0.00708	0.00457	0.00306	0.00694
72	0.04330	0.00841	0.00993	0.03877	0.01196	0.03592	0.00685	0.04611	0.01553	0.15021	0.38872	0.06592	0.07252	0.00985	0.00614	0.00174	0.00392	0.00843	0.00571	0.07004

[dist]
# distance from previous block
# <min> <max>
0	9

[block]
# block no. 3 follows, 41 sequences, length 38
# corresponding to MSA columns:
# 644-673,675-682
name=unknown_D
#
# <colnr> <probs for GDERKNQSTAVLIFYWHMCP>
#	G	D	E	R	K	N	Q	S	T	A	V	L	I	F	Y	W	H	M	C	P
0	0.01476	0.01236	0.01303	0.01145	0.01478	0.01407	0.00898	0.12865	0.60027	0.02504	0.02434	0.02261	0.06782	0.00810	0.00587	0.00191	0.00466	0.00667	0.00577	0.00886
1	0.01155	0.01093	0.01850	0.61830	0.20049	0.01290	0.01626	0.01527	0.01179	0.01552	0.01030	0.01501	0.00794	0.00558	0.00571	0.00186	0.00744	0.00509	0.00261	0.00696
2	0.01214	0.00667	0.00872	0.00772	0.00975	0.00605	0.00596	0.01473	0.01594	0.18653	0.54672	0.03613	0.04249	0.01033	0.00634	0.00176	0.00317	0.00899	0.06351	0.00635
3	0.00754	0.00545	0.00725	0.00848	0.00918	0.00516	0.00626	0.00899	0.01167	0.01532	0.03303	0.55367	0.08659	0.01713	0.00742	0.00238	0.00380	0.20056	0.00530	0.00482
4	0.00729	0.00586	0.00653	0.00650	0.00824	0.00510	0.00497	0.00915	0.01387	0.01753	0.24002	0.05250	0.52344	0.01385	0.00684	0.00195	0.00302	0.06277	0.00557	0.00501
5	0.00695	0.00544	0.00630	0.00686	0.00804	0.00479	0.00485	0.00829	0.01234	0.01561	0.09665	0.38205	0.38991	0.01581	0.00700	0.00210	0.00307	0.01380	0.00538	0.00479
6	0.01393	0.00971	0.01027	0.00920	0.01184	0.01072	0.00717	0.07935	0.36949	0.05779	0.02067	0.02065	0.01560	0.00723	0.00509	0.00167	0.00394	0.00588	0.33213	0.00767
7	0.01186	0.01017	0.01186	0.00847	0.01356	0.00762	0.00678	0.01440	0.01186	0.01864	0.01017	0.01186	0.00847	0.00424	0.00424	0.00085	0.00424	0.00339	0.00339	0.83395
8	0.01180	0.00974	0.01084	0.00988	0.01237	0.01073	0.00761	0.02264	0.46156	0.02354	0.31477	0.02980	0.03190	0.00932	0.00619	0.00188	0.00380	0.00800	0.00601	0.00761
9	0.01080	0.01017	0.01716	0.78523	0.03940	0.01271	0.01589	0.01461	0.01144	0.01461	0.01017	0.01525	0.00762	0.00572	0.00572	0.00191	0.00762	0.00508	0.00254	0.00635
10	0.01147	0.02959	0.76934	0.01630	0.02476	0.01328	0.02113	0.01811	0.01208	0.01811	0.01026	0.01208	0.00725	0.00543	0.00543	0.00181	0.00845	0.00423	0.00242	0.00845
11	0.00697	0.00498	0.00664	0.00796	0.00830	0.00465	0.00531	0.00796	0.01095	0.01460	0.03153	0.79525	0.03783	0.01792	0.00730	0.00232	0.00332	0.01626	0.00531	0.00465
12	0.07331	0.01000	0.01296	0.01012	0.01441	0.00909	0.00832	0.02740	0.06884	0.66974	0.02175	0.01900	0.01392	0.00702	0.00563	0.00178	0.00482	0.00565	0.00678	0.00947
13	0.01732	0.01050	0.01366	0.01125	0.01479	0.01064	0.06084	0.02532	0.30747	0.29450	0.14597	0.02383	0.02176	0.00796	0.00602	0.00185	0.00471	0.00688	0.00615	0.00859
14	0.01350	0.01543	0.03375	0.02411	0.02989	0.01446	0.74253	0.01832	0.01350	0.01832	0.01157	0.01543	0.00868	0.00482	0.00675	0.00193	0.00964	0.00675	0.00289	0.00771
15	0.01041	0.00595	0.00613	0.00600	0.00754	0.00599	0.00453	0.01402	0.07034	0.02112	0.07577	0.02589	0.08469	0.00781	0.00459	0.00147	0.00283	0.00638	0.63297	0.00558
16	0.01058	0.01049	0.01927	0.01555	0.01810	0.01079	0.29823	0.01322	0.01179	0.01609	0.02075	0.28804	0.05401	0.01116	0.00901	0.00219	0.13777	0.04291	0.00388	0.00617
17	0.16708	0.01436	0.01497	0.01179	0.01599	0.01585	0.00968	0.54813	0.02264	0.06902	0.01389	0.04655	0.01051	0.00707	0.00540	0.00175	0.00576	0.00529	0.00538	0.00888
18	0.00912	0.00652	0.00908	0.01023	0.01155	0.00648	0.00887	0.01176	0.01344	0.01764	0.09596	0.06256	0.03481	0.01543	0.00780	0.00256	0.00504	0.66052	0.00536	0.00528
19	0.00858	0.00617	0.00741	0.00791	0.00888	0.00613	0.00566	0.01150	0.08938	0.01656	0.07971	0.33730	0.08700	0.13653	0.01023	0.00266	0.00387	0.09016	0.07923	0.00512
20	0.03776	0.01952	0.34888	0.05914	0.01984	0.03706	0.01433	0.12970	0.07218	0.02140	0.09127	0.07646	0.03266	0.00766	0.00577	0.00184	0.00660	0.00626	0.00393	0.00776
21	0.01707	0.01389	0.02234	0.07749	0.04008	0.01426	0.28355	0.19894	0.12562	0.12383	0.01517	0.01638	0.01089	0.00613	0.00612	0.00185	0.00721	0.00601	0.00455	0.00860
22	0.00695	0.00507	0.00654	0.00772	0.00823	0.00467	0.00520	0.00799	0.01118	0.01470	0.03447	0.71280	0.11838	0.01754	0.00724	0.00228	0.00327	0.01579	0.00531	0.00467
23	0.17019	0.01132	0.01315	0.01035	0.01459	0.01129	0.00852	0.16583	0.05102	0.45755	0.01826	0.01661	0.01202	0.00675	0.00535	0.00177	0.00505	0.00519	0.00612	0.00907
24	0.01253	0.01297	0.02516	0.33391	0.16435	0.01360	0.31952	0.01669	0.01258	0.01689	0.01086	0.01513	0.00832	0.00523	0.00614	0.00188	0.00832	0.00578	0.00274	0.00740
25	0.00829	0.00567	0.00686	0.00686	0.00708	0.00588	0.00424	0.00872	0.00850	0.01155	0.01745	0.03428	0.01943	0.63957	0.18665	0.00631	0.00761	0.00786	0.00338	0.00381
26	0.01436	0.01179	0.01240	0.01106	0.01418	0.01350	0.00863	0.07792	0.62192	0.02448	0.02212	0.02081	0.01662	0.00758	0.00561	0.00186	0.00445	0.00625	0.09578	0.00869
27	0.01656	0.54321	0.06020	0.01229	0.05020	0.13222	0.01095	0.08612	0.01381	0.01611	0.00886	0.01013	0.00764	0.00526	0.00425	0.00136	0.00689	0.00349	0.00284	0.00759
28	0.00722	0.00572	0.00653	0.00679	0.00829	0.00503	0.00508	0.00889	0.01321	0.01671	0.17086	0.18626	0.45392	0.01473	0.00694	0.00203	0.00312	0.06826	0.00548	0.00493
29	0.03912	0.01152	0.01410	0.14008	0.07753	0.01301	0.01052	0.05764	0.41527	0.06680	0.07683	0.02062	0.01714	0.00737	0.00579	0.00188	0.00517	0.00623	0.00508	0.00831
30	0.01818	0.01119	0.01249	0.01010	0.01359	0.01169	0.00817	0.31541	0.07712	0.18022	0.04356	0.02098	0.06869	0.00765	0.00549	0.00168	0.00476	0.00608	0.17466	0.00828
31	0.05550	0.01039	0.01174	0.00958	0.01295	0.01070	0.00774	0.21755	0.08173	0.24038	0.05238	0.01917	0.01484	0.00710	0.00523	0.00166	0.00453	0.00563	0.22305	0.00816
32	0.00831	0.00532	0.00711	0.00812	0.00875	0.00492	0.00553	0.00939	0.01134	0.06862	0.03088	0.73957	0.03613	0.01714	0.00719	0.00228	0.00343	0.01551	0.00544	0.00501
33	0.01403	0.00723	0.00916	0.00788	0.01049	0.00632	0.00619	0.01621	0.01540	0.28760	0.30439	0.03775	0.23254	0.01080	0.00639	0.00182	0.00353	0.00917	0.00631	0.00680
34	0.00838	0.00614	0.00789	0.00740	0.00884	0.00580	0.00557	0.01170	0.05019	0.02298	0.72627	0.04174	0.05229	0.01151	0.00670	0.00181	0.00278	0.01017	0.00627	0.00557
35	0.83938	0.01106	0.00841	0.00752	0.01106	0.01283	0.00619	0.01681	0.00973	0.02566	0.00796	0.00929	0.00619	0.00531	0.00354	0.00177	0.00442	0.00310	0.00354	0.00619
36	0.83938	0.01106	0.00841	0.00752	0.01106	0.01283	0.00619	0.01681	0.00973	0.02566	0.00796	0.00929	0.00619	0.00531	0.00354	0.00177	0.00442	0.00310	0.00354	0.00619
37	0.01463	0.01110	0.01297	0.01136	0.01388	0.07836	0.06335	0.19825	0.01626	0.10669	0.02246	0.37940	0.02308	0.01181	0.00649	0.00200	0.00535	0.01040	0.00522	0.00692

[dist]
# distance from previous block
# <min> <max>
0	1

[block]
# block no. 4 follows, 41 sequences, length 101
# corresponding to MSA columns:
# 684-750,765-798
name=unknown_E
#
# <colnr> <probs for GDERKNQSTAVLIFYWHMCP>
#	G	D	E	R	K	N	Q	S	T	A	V	L	I	F	Y	W	H	M	C	P
0	0.01722	0.01980	0.01431	0.01200	0.01588	0.44059	0.00919	0.01916	0.01431	0.01602	0.00942	0.01099	0.00785	0.00517	0.00476	0.00120	0.00766	0.00356	0.00314	0.36778
1	0.04396	0.00752	0.00799	0.00867	0.00976	0.06977	0.00640	0.01058	0.01250	0.01652	0.12034	0.43030	0.08839	0.01502	0.00695	0.00219	0.00416	0.12874	0.00515	0.00508
2	0.01493	0.05333	0.02098	0.20200	0.34029	0.13378	0.06265	0.01806	0.01322	0.04718	0.01070	0.01379	0.00854	0.00539	0.00553	0.00168	0.00754	0.00486	0.00296	0.03258
3	0.02161	0.01331	0.13132	0.01124	0.01616	0.00998	0.01044	0.10228	0.01668	0.50628	0.05996	0.01873	0.01461	0.00696	0.00571	0.00174	0.00544	0.00563	0.00604	0.03587
4	0.01350	0.01543	0.03375	0.02411	0.02989	0.01446	0.74253	0.01832	0.01350	0.01832	0.01157	0.01543	0.00868	0.00482	0.00675	0.00193	0.00964	0.00675	0.00289	0.00771
5	0.01641	0.02153	0.46780	0.01370	0.02045	0.01120	0.01591	0.02126	0.01366	0.28812	0.01651	0.01637	0.03831	0.00637	0.00560	0.00180	0.00695	0.00507	0.00421	0.00878
6	0.01956	0.01065	0.01344	0.01080	0.01445	0.03844	0.04400	0.11009	0.05916	0.39411	0.13961	0.04397	0.04598	0.00836	0.00605	0.00181	0.00501	0.01986	0.00622	0.00841
7	0.01147	0.02959	0.76934	0.01630	0.02476	0.01328	0.02113	0.01811	0.01208	0.01811	0.01026	0.01208	0.00725	0.00543	0.00543	0.00181	0.00845	0.00423	0.00242	0.00845
8	0.00697	0.00498	0.00664	0.00796	0.00830	0.00465	0.00531	0.00796	0.01095	0.01460	0.03153	0.79525	0.03783	0.01792	0.00730	0.00232	0.00332	0.01626	0.00531	0.00465
9	0.01109	0.01046	0.01767	0.72126	0.10113	0.01278	0.01603	0.01487	0.01157	0.01496	0.01022	0.01516	0.00775	0.00567	0.00571	0.00189	0.00755	0.00508	0.00257	0.00658
10	0.01876	0.01591	0.01570	0.01572	0.12418	0.22273	0.02531	0.02515	0.23629	0.19815	0.01724	0.03232	0.01290	0.00684	0.00565	0.00174	0.00661	0.00553	0.00483	0.00843
11	0.04833	0.00924	0.01428	0.54796	0.03005	0.01128	0.01279	0.01412	0.01131	0.01618	0.01247	0.05701	0.01030	0.00668	0.00598	0.00185	0.03982	0.00562	0.13864	0.00608
12	0.01186	0.01017	0.01186	0.00847	0.01356	0.00762	0.00678	0.01440	0.01186	0.01864	0.01017	0.01186	0.00847	0.00424	0.00424	0.00085	0.00424	0.00339	0.00339	0.83395
13	0.01522	0.77259	0.03012	0.01033	0.01526	0.02232	0.03757	0.01717	0.01169	0.01364	0.00809	0.00941	0.00739	0.00489	0.00379	0.00125	0.00625	0.00320	0.00246	0.00735
14	0.00755	0.00573	0.00680	0.00669	0.00806	0.00514	0.00487	0.00945	0.01403	0.01869	0.39410	0.11085	0.29950	0.07288	0.00849	0.00217	0.00304	0.01130	0.00565	0.00499
15	0.00768	0.00583	0.00707	0.00676	0.00829	0.00522	0.00507	0.00999	0.01521	0.02062	0.54242	0.04655	0.27329	0.01256	0.00675	0.00184	0.00276	0.01088	0.00599	0.00522
16	0.00750	0.00582	0.00681	0.00657	0.00818	0.00514	0.00492	0.00963	0.01477	0.01957	0.44451	0.04827	0.37185	0.01295	0.00675	0.00186	0.00279	0.01112	0.00585	0.00514
17	0.01664	0.00709	0.00850	0.00726	0.00983	0.00656	0.00576	0.01912	0.01374	0.31855	0.02022	0.02059	0.01446	0.00683	0.00470	0.00151	0.00354	0.00550	0.50254	0.00709
18	0.01423	0.01229	0.01293	0.01164	0.01487	0.01423	0.00905	0.03039	0.75297	0.02393	0.02328	0.02134	0.01746	0.00776	0.00582	0.00194	0.00453	0.00647	0.00582	0.00905
19	0.01186	0.01017	0.01186	0.00847	0.01356	0.00762	0.00678	0.01440	0.01186	0.01864	0.01017	0.01186	0.00847	0.00424	0.00424	0.00085	0.00424	0.00339	0.00339	0.83395
20	0.83938	0.01106	0.00841	0.00752	0.01106	0.01283	0.00619	0.01681	0.00973	0.02566	0.00796	0.00929	0.00619	0.00531	0.00354	0.00177	0.00442	0.00310	0.00354	0.00619
21	0.01080	0.01017	0.01716	0.78523	0.03940	0.01271	0.01589	0.01461	0.01144	0.01461	0.01017	0.01525	0.00762	0.00572	0.00572	0.00191	0.00762	0.00508	0.00254	0.00635
22	0.00831	0.00598	0.00815	0.00941	0.01041	0.00582	0.00762	0.01031	0.01238	0.01615	0.03196	0.32268	0.06712	0.01649	0.00764	0.00249	0.00447	0.44229	0.00528	0.00503
23	0.00691	0.00548	0.00621	0.00671	0.00799	0.00478	0.00478	0.00824	0.01237	0.01548	0.08139	0.34524	0.44284	0.01570	0.00697	0.00208	0.00305	0.01363	0.00536	0.00478
24	0.01529	0.80242	0.02997	0.00979	0.01468	0.02263	0.00979	0.01713	0.01162	0.01346	0.00795	0.00918	0.00734	0.00489	0.00367	0.00122	0.00612	0.00306	0.00245	0.00734
25	0.01228	0.01219	0.01705	0.01472	0.01473	0.01697	0.01221	0.01352	0.00885	0.01380	0.00854	0.04597	0.00880	0.01035	0.01828	0.00250	0.75495	0.00549	0.00262	0.00619
26	0.00719	0.00532	0.00672	0.00741	0.00825	0.00485	0.00516	0.00866	0.01253	0.01668	0.20511	0.49109	0.16828	0.01587	0.00708	0.00213	0.00310	0.01416	0.00554	0.00485
27	0.01206	0.01136	0.01489	0.34949	0.02539	0.06961	0.04159	0.01850	0.19683	0.01784	0.07119	0.06024	0.01690	0.00800	0.00606	0.00195	0.00639	0.06083	0.00402	0.00687
28	0.02137	0.02726	0.01621	0.01474	0.01768	0.77602	0.01105	0.02284	0.01621	0.01400	0.00884	0.01031	0.00737	0.00589	0.00516	0.00147	0.01031	0.00368	0.00295	0.00663
29	0.02153	0.01488	0.01628	0.01264	0.01708	0.01624	0.01039	0.58740	0.09340	0.12693	0.01574	0.01517	0.01101	0.00698	0.00573	0.00174	0.00595	0.00535	0.00590	0.00967
30	0.01703	0.01205	0.01958	0.10713	0.27960	0.01163	0.09936	0.04360	0.01420	0.23422	0.01422	0.01571	0.01028	0.00567	0.00568	0.00168	0.00639	0.00531	0.00418	0.09245
31	0.33542	0.01329	0.01288	0.01039	0.01431	0.01489	0.00854	0.40791	0.01914	0.03092	0.01189	0.01261	0.00875	0.00625	0.00475	0.00171	0.00529	0.00437	0.06865	0.00803
32	0.00789	0.00580	0.00716	0.00684	0.00813	0.00532	0.00499	0.01005	0.01472	0.02025	0.55115	0.04426	0.17359	0.10388	0.00935	0.00226	0.00306	0.01041	0.00579	0.00507
33	0.01444	0.20292	0.01993	0.01314	0.01523	0.01838	0.01126	0.09959	0.10080	0.01744	0.01021	0.01291	0.00891	0.00815	0.01210	0.00204	0.41733	0.00473	0.00325	0.00725
34	0.00789	0.00564	0.00767	0.00886	0.00964	0.00542	0.00677	0.00962	0.01217	0.01617	0.08626	0.46637	0.03723	0.01666	0.00748	0.00240	0.00400	0.27944	0.00537	0.00493
35	0.05192	0.67917	0.09028	0.01033	0.01545	0.02127	0.01061	0.03895	0.01203	0.01507	0.00832	0.00956	0.00735	0.00502	0.00387	0.00131	0.00624	0.00322	0.00259	0.00745
36	0.01572	0.70319	0.07003	0.01025	0.01532	0.02134	0.01038	0.03632	0.01226	0.04857	0.00889	0.00992	0.00771	0.00507	0.00392	0.00129	0.00619	0.00330	0.00274	0.00757
37	0.00719	0.00530	0.00673	0.00744	0.00826	0.00484	0.00517	0.00864	0.01246	0.01660	0.19837	0.50813	0.15791	0.01598	0.00709	0.00214	0.00311	0.01427	0.00553	0.00484
38	0.01201	0.06046	0.61534	0.01486	0.02214	0.01265	0.01847	0.01779	0.01231	0.04845	0.01254	0.01662	0.00979	0.00632	0.00549	0.00183	0.00771	0.05890	0.03823	0.00808
39	0.00726	0.00583	0.00624	0.00633	0.00790	0.00511	0.00469	0.00865	0.01249	0.01528	0.07949	0.05278	0.55948	0.12888	0.01012	0.00251	0.00348	0.07370	0.00508	0.00469
40	0.00697	0.00498	0.00664	0.00796	0.00830	0.00465	0.00531	0.00796	0.01095	0.01460	0.03153	0.79525	0.03783	0.01792	0.00730	0.00232	0.00332	0.01626	0.00531	0.00465
41	0.00803	0.00584	0.00756	0.00713	0.00851	0.00537	0.00535	0.01067	0.01604	0.02257	0.72599	0.04333	0.08849	0.01183	0.00675	0.00181	0.00271	0.01043	0.00625	0.00537
42	0.00697	0.00498	0.00664	0.00796	0.00830	0.00465	0.00531	0.00796	0.01095	0.01460	0.03153	0.79525	0.03783	0.01792	0.00730	0.00232	0.00332	0.01626	0.00531	0.00465
43	0.01529	0.80242	0.02997	0.00979	0.01468	0.02263	0.00979	0.01713	0.01162	0.01346	0.00795	0.00918	0.00734	0.00489	0.00367	0.00122	0.00612	0.00306	0.00245	0.00734
44	0.01147	0.02959	0.76934	0.01630	0.02476	0.01328	0.02113	0.01811	0.01208	0.01811	0.01026	0.01208	0.00725	0.00543	0.00543	0.00181	0.00845	0.00423	0.00242	0.00845
45	0.05994	0.00930	0.01227	0.00961	0.01362	0.00824	0.00788	0.02543	0.01586	0.64390	0.07761	0.02086	0.01684	0.00733	0.00565	0.00175	0.00458	0.00596	0.04431	0.00905
46	0.01529	0.80242	0.02997	0.00979	0.01468	0.02263	0.00979	0.01713	0.01162	0.01346	0.00795	0.00918	0.00734	0.00489	0.00367	0.00122	0.00612	0.00306	0.00245	0.00734
47	0.01101	0.01057	0.01841	0.72759	0.03868	0.01284	0.07092	0.01490	0.01159	0.01490	0.01027	0.01526	0.00770	0.00565	0.00580	0.00191	0.00778	0.00521	0.00257	0.00646
48	0.00697	0.00498	0.00664	0.00796	0.00830	0.00465	0.00531	0.00796	0.01095	0.01460	0.03153	0.79525	0.03783	0.01792	0.00730	0.00232	0.00332	0.01626	0.00531	0.00465
49	0.00705	0.00504	0.00671	0.00791	0.00832	0.00470	0.00532	0.00818	0.01135	0.01523	0.08672	0.73825	0.03905	0.01745	0.00726	0.00228	0.00327	0.01581	0.00538	0.00470
50	0.01285	0.28951	0.48661	0.01446	0.02159	0.01649	0.05011	0.01779	0.01199	0.01655	0.00954	0.01125	0.00734	0.00522	0.00490	0.00162	0.00772	0.00395	0.00245	0.00804
51	0.00713	0.00509	0.00682	0.00815	0.00855	0.00478	0.00559	0.00824	0.01111	0.01478	0.03144	0.74335	0.03748	0.01777	0.00734	0.00235	0.00346	0.06658	0.00531	0.00469
52	0.83938	0.01106	0.00841	0.00752	0.01106	0.01283	0.00619	0.01681	0.00973	0.02566	0.00796	0.00929	0.00619	0.00531	0.00354	0.00177	0.00442	0.00310	0.00354	0.00619
53	0.00832	0.00555	0.00624	0.00624	0.00624	0.00555	0.00347	0.00832	0.00832	0.01109	0.01802	0.03743	0.02080	0.79898	0.02911	0.00555	0.00555	0.00832	0.00347	0.00347
54	0.01422	0.01313	0.05047	0.01547	0.01953	0.01296	0.24808	0.02279	0.29839	0.09204	0.05115	0.02158	0.04551	0.00736	0.00685	0.00195	0.04454	0.02120	0.00467	0.00812
55	0.01335	0.19111	0.55612	0.01446	0.02186	0.01489	0.01778	0.01865	0.01231	0.07387	0.01071	0.01202	0.00779	0.00544	0.00509	0.00168	0.00769	0.00410	0.00278	0.00832
56	0.01147	0.02959	0.76934	0.01630	0.02476	0.01328	0.02113	0.01811	0.01208	0.01811	0.01026	0.01208	0.00725	0.00543	0.00543	0.00181	0.00845	0.00423	0.00242	0.00845
57	0.00802	0.00584	0.00754	0.00711	0.00850	0.00536	0.00534	0.01064	0.01601	0.02250	0.71942	0.04344	0.09510	0.01186	0.00675	0.00181	0.00271	0.01044	0.00624	0.00536
58	0.02910	0.01274	0.07413	0.01529	0.05070	0.04046	0.16627	0.01729	0.11086	0.05378	0.01885	0.15282	0.01808	0.00979	0.00799	0.00212	0.09953	0.10905	0.00415	0.00700
59	0.01246	0.02716	0.64536	0.01625	0.02407	0.01372	0.05508	0.07362	0.04373	0.01972	0.01113	0.01275	0.00792	0.00561	0.00554	0.00182	0.00819	0.00451	0.00283	0.00854
60	0.00692	0.00517	0.00644	0.00746	0.00816	0.00469	0.00508	0.00802	0.01144	0.01480	0.03770	0.62223	0.20686	0.01712	0.00717	0.00223	0.00322	0.01528	0.00531	0.00469
61	0.00783	0.00584	0.00727	0.00691	0.00838	0.00528	0.00519	0.01027	0.01556	0.02143	0.61909	0.04520	0.19611	0.01225	0.00675	0.00183	0.00274	0.01069	0.00610	0.00528
62	0.07016	0.05169	0.05185	0.24122	0.41689	0.01375	0.04027	0.01671	0.01226	0.01774	0.01027	0.01384	0.00829	0.00528	0.00546	0.00175	0.00699	0.00487	0.00277	0.00795
63	0.01445	0.01127	0.09230	0.01155	0.01459	0.00965	0.04250	0.10592	0.01452	0.16853	0.02117	0.05035	0.01992	0.11752	0.01021	0.00261	0.03804	0.24304	0.00492	0.00694
64	0.01084	0.00591	0.00604	0.00592	0.00740	0.00605	0.00446	0.01459	0.07169	0.02160	0.05073	0.02224	0.01657	0.00697	0.00426	0.00140	0.00282	0.00564	0.72924	0.00563
65	0.01186	0.01017	0.01186	0.00847	0.01356	0.00762	0.00678	0.01440	0.01186	0.01864	0.01017	0.01186	0.00847	0.00424	0.00424	0.00085	0.00424	0.00339	0.00339	0.83395
66	0.00965	0.00773	0.01036	0.12007	0.06227	0.00780	0.00789	0.06841	0.01542	0.02085	0.39325	0.05133	0.18139	0.01071	0.00646	0.00184	0.00400	0.00931	0.00528	0.00598
67	0.09075	0.04665	0.13733	0.01630	0.02161	0.08267	0.27325	0.02115	0.02874	0.20523	0.01364	0.01479	0.00961	0.00568	0.00573	0.00179	0.00763	0.00536	0.00397	0.00811
68	0.01080	0.01017	0.01716	0.78523	0.03940	0.01271	0.01589	0.01461	0.01144	0.01461	0.01017	0.01525	0.00762	0.00572	0.00572	0.00191	0.00762	0.00508	0.00254	0.00635
69	0.01350	0.01543	0.03375	0.02411	0.02989	0.01446	0.74253	0.01832	0.01350	0.01832	0.01157	0.01543	0.00868	0.00482	0.00675	0.00193	0.00964	0.00675	0.00289	0.00771
70	0.01504	0.01269	0.01339	0.01180	0.01518	0.01461	0.00925	0.10771	0.67432	0.02524	0.02225	0.02052	0.01662	0.00766	0.00581	0.00192	0.00472	0.00632	0.00581	0.00913
71	0.00819	0.00585	0.00804	0.00936	0.01023	0.00570	0.00744	0.01008	0.01216	0.01597	0.03085	0.39716	0.03515	0.01677	0.00763	0.00249	0.00438	0.40226	0.00529	0.00498
72	0.00697	0.00498	0.00664	0.00796	0.00830	0.00465	0.00531	0.00796	0.01095	0.01460	0.03153	0.79525	0.03783	0.01792	0.00730	0.00232	0.00332	0.01626	0.00531	0.00465
73	0.00831	0.00557	0.00636	0.00636	0.00641	0.00561	0.00362	0.00840	0.00836	0.01118	0.01791	0.03680	0.02052	0.76692	0.06080	0.00570	0.00596	0.00823	0.00345	0.00354
74	0.02174	0.01602	0.01717	0.01316	0.01774	0.01774	0.01087	0.74423	0.02689	0.03605	0.01373	0.01373	0.00973	0.00687	0.00572	0.00172	0.00629	0.00515	0.00572	0.00973
75	0.02566	0.00973	0.01327	0.01018	0.01460	0.00841	0.00841	0.02788	0.01637	0.76726	0.02257	0.01947	0.01416	0.00708	0.00575	0.00177	0.00487	0.00575	0.00708	0.00973
76	0.01423	0.01229	0.01293	0.01164	0.01487	0.01423	0.00905	0.03039	0.75297	0.02393	0.02328	0.02134	0.01746	0.00776	0.00582	0.00194	0.00453	0.00647	0.00582	0.00905
77	0.00850	0.00601	0.00809	0.00920	0.01005	0.00593	0.00731	0.01030	0.01183	0.01552	0.02865	0.24589	0.03224	0.14104	0.01113	0.00302	0.00482	0.43068	0.00499	0.00482
78	0.14094	0.01595	0.01323	0.01185	0.01511	0.20244	0.00919	0.05552	0.42906	0.02223	0.01701	0.01649	0.01295	0.00689	0.00531	0.00179	0.00601	0.00522	0.00476	0.00805
79	0.01837	0.01372	0.01481	0.01219	0.01610	0.01532	0.00980	0.34181	0.38022	0.08552	0.01906	0.01788	0.01383	0.00732	0.00577	0.00183	0.00532	0.00584	0.00587	0.00940
80	0.01485	0.01433	0.02260	0.03311	0.69299	0.04846	0.01693	0.05328	0.01385	0.01932	0.01082	0.01396	0.00902	0.00522	0.00564	0.00169	0.00693	0.00503	0.00298	0.00898
81	0.00798	0.00584	0.00748	0.00707	0.00847	0.00535	0.00530	0.01057	0.01591	0.02227	0.69809	0.04382	0.11658	0.01194	0.00675	0.00181	0.00272	0.01050	0.00621	0.00535
82	0.01552	0.73222	0.02946	0.01062	0.01545	0.05908	0.03997	0.01746	0.01192	0.01368	0.00814	0.00949	0.00740	0.00494	0.00387	0.00126	0.00647	0.00324	0.00249	0.00732
