[name]
unknown

[dist]
# distance from previous block
# <min> <max>
10	88

[block]
# block no. 0 follows, 47 sequences, length 7
# corresponding to MSA columns:
# 130-136
name=unknown_A
#
# <colnr> <probs for GDERKNQSTAVLIFYWHMCP>
#	G	D	E	R	K	N	Q	S	T	A	V	L	I	F	Y	W	H	M	C	P
0	0.26911	0.01165	0.01535	0.05328	0.12319	0.05643	0.14560	0.05411	0.04988	0.03669	0.01182	0.07501	0.01029	0.00620	0.00514	0.00168	0.02364	0.02401	0.00337	0.02355
1	0.00770	0.00505	0.00605	0.00605	0.00614	0.00514	0.00361	0.00766	0.00757	0.01019	0.01547	0.03102	0.01742	0.66534	0.10042	0.08599	0.00586	0.00709	0.00303	0.00321
2	0.00939	0.00775	0.01093	0.07468	0.08614	0.00777	0.04758	0.06904	0.05236	0.01951	0.39040	0.05494	0.12997	0.00929	0.00588	0.00167	0.00388	0.00823	0.00479	0.00579
3	0.01080	0.00926	0.01080	0.00771	0.01234	0.00694	0.00617	0.01311	0.01080	0.01697	0.00926	0.01080	0.00771	0.00386	0.00386	0.00077	0.00386	0.00309	0.00309	0.84882
4	0.01092	0.00992	0.01598	0.58706	0.14424	0.01170	0.01385	0.07426	0.01174	0.01543	0.01054	0.05230	0.00862	0.00574	0.00527	0.00171	0.00654	0.00513	0.00271	0.00632
5	0.08246	0.15228	0.01690	0.19403	0.11547	0.01385	0.01077	0.14809	0.10667	0.09268	0.01191	0.01316	0.00895	0.00550	0.00473	0.00156	0.00558	0.00438	0.00367	0.00737
6	0.01116	0.00863	0.01114	0.05476	0.01327	0.03756	0.05637	0.01420	0.07163	0.10090	0.08662	0.21069	0.04272	0.00882	0.00569	0.00159	0.02150	0.02638	0.00427	0.21210

[dist]
# distance from previous block
# <min> <max>
0	1

[block]
# block no. 1 follows, 47 sequences, length 26
# corresponding to MSA columns:
# 138-163
name=unknown_B
#
# <colnr> <probs for GDERKNQSTAVLIFYWHMCP>
#	G	D	E	R	K	N	Q	S	T	A	V	L	I	F	Y	W	H	M	C	P
0	0.06270	0.04255	0.30211	0.01305	0.03378	0.01115	0.08577	0.06182	0.02803	0.28758	0.01361	0.01371	0.00922	0.00550	0.00504	0.00162	0.00618	0.00457	0.00402	0.00798
1	0.01436	0.78222	0.02658	0.00893	0.01336	0.02000	0.00885	0.01605	0.01078	0.04849	0.00786	0.00879	0.00697	0.00455	0.00343	0.00114	0.00552	0.00290	0.00242	0.00678
2	0.00767	0.00532	0.00642	0.00635	0.00650	0.00561	0.00394	0.00800	0.00771	0.01049	0.01573	0.03122	0.01762	0.66791	0.15001	0.00550	0.03030	0.00716	0.00307	0.00347
3	0.64636	0.12829	0.03538	0.00770	0.01130	0.01310	0.00679	0.05075	0.01006	0.04069	0.00789	0.00894	0.00615	0.00489	0.00344	0.00154	0.00446	0.00299	0.00322	0.00608
4	0.05048	0.75926	0.02603	0.00897	0.01331	0.04535	0.00881	0.01575	0.01064	0.01275	0.00727	0.00839	0.00664	0.00450	0.00338	0.00114	0.00563	0.00280	0.00229	0.00662
5	0.85377	0.01007	0.00765	0.00685	0.01007	0.01168	0.00564	0.01531	0.00886	0.02336	0.00725	0.00846	0.00564	0.00483	0.00322	0.00161	0.00403	0.00282	0.00322	0.00564
6	0.85377	0.01007	0.00765	0.00685	0.01007	0.01168	0.00564	0.01531	0.00886	0.02336	0.00725	0.00846	0.00564	0.00483	0.00322	0.00161	0.00403	0.00282	0.00322	0.00564
7	0.02319	0.00915	0.01226	0.00940	0.01344	0.00808	0.00777	0.06252	0.01538	0.75029	0.02014	0.01746	0.01269	0.00644	0.00524	0.00161	0.00450	0.00521	0.00638	0.00886
8	0.00749	0.00538	0.00734	0.00734	0.00791	0.00595	0.00522	0.00864	0.00806	0.01132	0.01489	0.02569	0.01529	0.33761	0.50090	0.00709	0.01053	0.00634	0.00293	0.00408
9	0.01080	0.00926	0.01080	0.00771	0.01234	0.00694	0.00617	0.01311	0.01080	0.01697	0.00926	0.01080	0.00771	0.00386	0.00386	0.00077	0.00386	0.00309	0.00309	0.84882
10	0.01045	0.02694	0.79000	0.01484	0.02254	0.01209	0.01924	0.01649	0.01099	0.01649	0.00935	0.01099	0.00660	0.00495	0.00495	0.00165	0.00770	0.00385	0.00220	0.00770
11	0.00644	0.00514	0.00577	0.00593	0.00729	0.00447	0.00433	0.00790	0.01207	0.01529	0.19525	0.20010	0.48508	0.01330	0.00625	0.00181	0.00268	0.01143	0.00502	0.00447
12	0.01147	0.03150	0.01657	0.01367	0.01405	0.01578	0.03416	0.01275	0.00823	0.01275	0.00701	0.01139	0.00688	0.00874	0.01613	0.00220	0.74563	0.00453	0.00231	0.02426
13	0.00781	0.00576	0.00723	0.00702	0.00840	0.00543	0.00542	0.04229	0.01418	0.01940	0.51421	0.07946	0.14852	0.01156	0.00626	0.00177	0.00294	0.10194	0.00542	0.00496
14	0.02081	0.00979	0.01235	0.00957	0.01344	0.00919	0.00785	0.16192	0.04020	0.54134	0.06715	0.01786	0.01432	0.00658	0.00523	0.00157	0.00451	0.00533	0.00599	0.04497
15	0.01229	0.01405	0.03073	0.02195	0.02722	0.01317	0.76558	0.01668	0.01229	0.01668	0.01054	0.01405	0.00790	0.00439	0.00615	0.00176	0.00878	0.00615	0.00263	0.00702
16	0.00763	0.00548	0.00719	0.00712	0.00754	0.00603	0.00490	0.00849	0.00794	0.01106	0.01502	0.02732	0.01593	0.44587	0.36892	0.00644	0.03365	0.00659	0.00297	0.00390
17	0.01080	0.00926	0.01080	0.00771	0.01234	0.00694	0.00617	0.01311	0.01080	0.01697	0.00926	0.01080	0.00771	0.00386	0.00386	0.00077	0.00386	0.00309	0.00309	0.84882
18	0.00740	0.00587	0.00871	0.18967	0.03299	0.00619	0.00748	0.00902	0.01022	0.01350	0.02375	0.57341	0.02731	0.01340	0.00631	0.00203	0.00408	0.04972	0.00420	0.00471
19	0.33274	0.04139	0.11526	0.01080	0.01403	0.21105	0.00963	0.04190	0.01108	0.01788	0.00807	0.00996	0.00658	0.00672	0.03151	0.00184	0.11709	0.00348	0.00284	0.00613
20	0.00809	0.00581	0.00802	0.00910	0.01024	0.00574	0.00777	0.01033	0.01195	0.01561	0.06693	0.12314	0.05447	0.01433	0.00706	0.00231	0.00446	0.62506	0.00485	0.00474
21	0.85377	0.01007	0.00765	0.00685	0.01007	0.01168	0.00564	0.01531	0.00886	0.02336	0.00725	0.00846	0.00564	0.00483	0.00322	0.00161	0.00403	0.00282	0.00322	0.00564
22	0.04050	0.01517	0.01759	0.11416	0.35392	0.21018	0.02837	0.06903	0.06967	0.01712	0.01026	0.01247	0.00823	0.00518	0.00502	0.00154	0.00689	0.00438	0.00298	0.00734
23	0.01243	0.01137	0.01711	0.02232	0.46826	0.01077	0.01219	0.03904	0.05449	0.01776	0.01034	0.01257	0.00852	0.00457	0.00475	0.00131	0.00530	0.00421	0.00298	0.27973
24	0.23477	0.12546	0.10099	0.04378	0.05170	0.05062	0.03265	0.06759	0.05823	0.04318	0.00940	0.01109	0.00746	0.00579	0.00633	0.00165	0.13564	0.00389	0.00308	0.00669
25	0.19919	0.02494	0.08325	0.06434	0.14229	0.01059	0.00969	0.05103	0.10308	0.05719	0.02953	0.11564	0.01280	0.00743	0.00559	0.04122	0.00491	0.00567	0.00366	0.02795

[dist]
# distance from previous block
# <min> <max>
0	40

[block]
# block no. 2 follows, 47 sequences, length 9
# corresponding to MSA columns:
# 204-212
name=unknown_C
#
# <colnr> <probs for GDERKNQSTAVLIFYWHMCP>
#	G	D	E	R	K	N	Q	S	T	A	V	L	I	F	Y	W	H	M	C	P
0	0.15260	0.01348	0.01446	0.10838	0.06237	0.12725	0.06215	0.14560	0.19036	0.02059	0.01306	0.01406	0.02566	0.00593	0.00514	0.00164	0.02173	0.00469	0.00379	0.00708
1	0.12416	0.06242	0.01428	0.01289	0.11529	0.17210	0.00914	0.03973	0.03533	0.34341	0.01390	0.01356	0.00971	0.00568	0.00475	0.00152	0.00573	0.00432	0.00444	0.00765
2	0.00925	0.00720	0.00809	0.00760	0.00954	0.00731	0.00577	0.01507	0.25029	0.04568	0.25373	0.09523	0.24370	0.01054	0.00589	0.00175	0.00314	0.00903	0.00530	0.00589
3	0.00773	0.00518	0.00673	0.00691	0.00794	0.00474	0.00496	0.00942	0.01251	0.05954	0.36650	0.36992	0.09220	0.01302	0.00631	0.00185	0.00282	0.01160	0.00532	0.00480
4	0.07942	0.01326	0.01280	0.01037	0.01406	0.17705	0.00833	0.12969	0.04422	0.41047	0.01550	0.01442	0.01045	0.00602	0.00494	0.00153	0.00562	0.00455	0.00510	0.03219
5	0.00783	0.00518	0.00679	0.00697	0.00798	0.00475	0.00500	0.00952	0.01249	0.06395	0.36572	0.38437	0.07360	0.01304	0.00631	0.00185	0.00284	0.01164	0.00533	0.00483
6	0.01427	0.08961	0.18294	0.01625	0.02159	0.01318	0.34227	0.09041	0.04052	0.11975	0.01188	0.01342	0.00856	0.00506	0.00540	0.00164	0.00723	0.00509	0.00335	0.00759
7	0.00757	0.00568	0.00705	0.00665	0.00805	0.00535	0.00500	0.01064	0.06145	0.02010	0.64524	0.03907	0.13703	0.01074	0.00609	0.00166	0.00258	0.00939	0.00560	0.00506
8	0.08010	0.46188	0.02125	0.12115	0.01653	0.08761	0.00968	0.01596	0.01080	0.05287	0.00824	0.00996	0.00697	0.00516	0.00496	0.00138	0.07308	0.00337	0.00258	0.00645

[dist]
# distance from previous block
# <min> <max>
0	1

[block]
# block no. 3 follows, 47 sequences, length 15
# corresponding to MSA columns:
# 214-217,219-229
name=unknown_D
#
# <colnr> <probs for GDERKNQSTAVLIFYWHMCP>
#	G	D	E	R	K	N	Q	S	T	A	V	L	I	F	Y	W	H	M	C	P
0	0.01342	0.13154	0.34658	0.01497	0.10022	0.04935	0.06351	0.03204	0.01203	0.12029	0.01187	0.06049	0.00946	0.00575	0.00496	0.00158	0.00662	0.00478	0.00309	0.00746
1	0.01618	0.28814	0.03513	0.01288	0.03800	0.19142	0.10462	0.12243	0.06545	0.06336	0.01042	0.01136	0.00818	0.00521	0.00458	0.00140	0.00674	0.00403	0.00326	0.00718
2	0.80270	0.01109	0.05503	0.00733	0.01083	0.01171	0.00646	0.01538	0.00899	0.02295	0.00738	0.00861	0.00570	0.00484	0.00333	0.00161	0.00425	0.00288	0.00316	0.00576
3	0.01316	0.01263	0.05314	0.12710	0.21555	0.08512	0.05639	0.05563	0.04019	0.07976	0.01586	0.01745	0.09917	0.00630	0.00585	0.00160	0.04843	0.00531	0.00337	0.05799
4	0.01127	0.00710	0.00926	0.00892	0.06004	0.00637	0.00632	0.01389	0.04126	0.16953	0.33367	0.07702	0.11767	0.00914	0.00563	0.00157	0.00337	0.00792	0.00518	0.10487
5	0.05323	0.16075	0.01876	0.10524	0.11133	0.09098	0.06693	0.21629	0.01530	0.09683	0.01083	0.01211	0.00815	0.00534	0.00480	0.00150	0.00628	0.00428	0.00361	0.00748
6	0.00808	0.00632	0.00894	0.00870	0.00960	0.00750	0.00672	0.01052	0.05446	0.01255	0.01404	0.02079	0.01319	0.09676	0.62776	0.00724	0.07339	0.00568	0.00293	0.00483
7	0.01367	0.67298	0.02668	0.01055	0.01500	0.01924	0.09758	0.01651	0.06052	0.01339	0.00853	0.00974	0.00743	0.00462	0.00380	0.00123	0.00585	0.00338	0.00248	0.00682
8	0.02086	0.00941	0.01303	0.01199	0.10357	0.00859	0.00862	0.07472	0.01492	0.59855	0.01922	0.06474	0.01336	0.00681	0.00531	0.00163	0.00464	0.00571	0.00581	0.00851
9	0.00779	0.00749	0.00654	0.00649	0.00818	0.09722	0.00481	0.00912	0.01214	0.01413	0.07713	0.12381	0.58180	0.01248	0.00603	0.00174	0.00346	0.01042	0.00462	0.00459
10	0.00709	0.00522	0.00664	0.00647	0.00766	0.00477	0.00478	0.00922	0.01381	0.01912	0.59957	0.13117	0.14185	0.01164	0.00620	0.00171	0.00255	0.01025	0.00551	0.00477
11	0.01179	0.01068	0.01569	0.04564	0.39901	0.01126	0.01178	0.01820	0.25024	0.01781	0.01629	0.13956	0.01468	0.00723	0.00543	0.00171	0.00507	0.00661	0.00377	0.00754
12	0.15291	0.01235	0.04459	0.07099	0.10281	0.01199	0.33095	0.01727	0.01169	0.13598	0.01114	0.01332	0.00817	0.00512	0.00588	0.00171	0.04775	0.00504	0.00326	0.00708
13	0.38575	0.01145	0.01609	0.04012	0.09817	0.01280	0.18282	0.01556	0.03244	0.01907	0.00869	0.01118	0.00697	0.00546	0.00641	0.00175	0.13184	0.00420	0.00290	0.00633
14	0.19556	0.01262	0.02566	0.03676	0.01406	0.09674	0.00913	0.04636	0.20201	0.07342	0.01195	0.01312	0.00934	0.00679	0.00795	0.00180	0.22187	0.00443	0.00369	0.00674

[dist]
# distance from previous block
# <min> <max>
1	7

[block]
# block no. 4 follows, 47 sequences, length 12
# corresponding to MSA columns:
# 237-248
name=unknown_E
#
# <colnr> <probs for GDERKNQSTAVLIFYWHMCP>
#	G	D	E	R	K	N	Q	S	T	A	V	L	I	F	Y	W	H	M	C	P
0	0.00990	0.00922	0.01253	0.03712	0.26359	0.04995	0.02178	0.01271	0.05326	0.01607	0.11525	0.14035	0.20367	0.00936	0.00595	0.00171	0.01931	0.00822	0.00396	0.00609
1	0.00725	0.00523	0.00685	0.00663	0.00775	0.00483	0.00490	0.00952	0.01417	0.01998	0.69209	0.13114	0.04739	0.01132	0.00620	0.00169	0.00252	0.01006	0.00563	0.00483
2	0.00858	0.00730	0.01150	0.01024	0.01134	0.00851	0.08362	0.01034	0.00860	0.01237	0.01278	0.02012	0.01228	0.13138	0.49201	0.00630	0.13941	0.00573	0.00274	0.00486
3	0.01704	0.01258	0.01361	0.01113	0.01474	0.01400	0.00897	0.37366	0.35907	0.09209	0.01707	0.01604	0.01235	0.00663	0.00525	0.00166	0.00490	0.00527	0.00535	0.00858
4	0.01350	0.01233	0.01849	0.27409	0.19242	0.03590	0.10351	0.18368	0.04350	0.01917	0.01057	0.01335	0.00811	0.00547	0.00584	0.00167	0.04313	0.00483	0.00318	0.00726
5	0.00767	0.00599	0.00762	0.00765	0.00804	0.00658	0.00542	0.00847	0.00902	0.01217	0.02290	0.25593	0.11228	0.28534	0.07170	0.00354	0.13106	0.03074	0.00372	0.00417
6	0.01612	0.09564	0.14831	0.06797	0.06952	0.05336	0.02923	0.33215	0.05754	0.06274	0.01166	0.01248	0.00854	0.00564	0.00498	0.00155	0.00626	0.00441	0.00392	0.00798
7	0.01448	0.62227	0.11631	0.00992	0.01462	0.06628	0.01013	0.01668	0.01118	0.06503	0.00844	0.00936	0.00709	0.00470	0.00374	0.00123	0.00598	0.00311	0.00254	0.00691
8	0.00734	0.00555	0.00691	0.00750	0.00852	0.00537	0.00555	0.00994	0.07662	0.01557	0.13889	0.40254	0.14798	0.01394	0.00647	0.00201	0.00325	0.12625	0.00500	0.00478
9	0.01076	0.00879	0.01314	0.13464	0.23718	0.00913	0.01008	0.01491	0.10354	0.05748	0.27197	0.06668	0.02437	0.00776	0.00560	0.00167	0.00454	0.00698	0.00424	0.00657
10	0.32483	0.01823	0.37964	0.01175	0.01724	0.01172	0.05394	0.01703	0.03512	0.07185	0.00978	0.01095	0.00704	0.00505	0.00440	0.00164	0.00606	0.00375	0.00299	0.00699
11	0.12681	0.01074	0.01570	0.10971	0.40839	0.03918	0.01214	0.01451	0.01078	0.01660	0.01029	0.01377	0.00868	0.01048	0.13504	0.00268	0.00722	0.00451	0.03597	0.00681

[dist]
# distance from previous block
# <min> <max>
3	8

[block]
# block no. 5 follows, 47 sequences, length 35
# corresponding to MSA columns:
# 257-291
name=unknown_F
#
# <colnr> <probs for GDERKNQSTAVLIFYWHMCP>
#	G	D	E	R	K	N	Q	S	T	A	V	L	I	F	Y	W	H	M	C	P
0	0.04305	0.20194	0.09555	0.01218	0.08903	0.04484	0.03081	0.03285	0.02631	0.21431	0.04716	0.01401	0.01089	0.00671	0.03464	0.00167	0.00576	0.00435	0.00377	0.08017
1	0.00685	0.00522	0.00660	0.00712	0.00792	0.00495	0.00506	0.00808	0.01082	0.01439	0.11880	0.49090	0.16795	0.03258	0.00730	0.00204	0.03462	0.03617	0.00475	0.02788
2	0.01856	0.04346	0.16206	0.04464	0.01659	0.00959	0.04437	0.04556	0.01380	0.47653	0.01696	0.01640	0.02222	0.00606	0.00515	0.00160	0.00540	0.01451	0.00495	0.03159
3	0.00913	0.00795	0.04347	0.09481	0.12033	0.00731	0.00847	0.01105	0.01068	0.04934	0.03603	0.41605	0.04364	0.01111	0.00630	0.00183	0.03471	0.00987	0.00400	0.07393
4	0.01080	0.00926	0.01080	0.00771	0.01234	0.00694	0.00617	0.01311	0.01080	0.01697	0.00926	0.01080	0.00771	0.00386	0.00386	0.00077	0.00386	0.00309	0.00309	0.84882
5	0.01599	0.04385	0.03901	0.01125	0.01492	0.01453	0.00933	0.37558	0.34974	0.02627	0.01635	0.03350	0.01235	0.00672	0.00520	0.00165	0.00503	0.00534	0.00503	0.00836
6	0.04893	0.05677	0.16462	0.05213	0.10055	0.01096	0.08926	0.01693	0.04369	0.15188	0.05930	0.04297	0.02148	0.00618	0.00576	0.00161	0.05068	0.00522	0.00361	0.06745
7	0.03529	0.23114	0.53018	0.01283	0.01934	0.01421	0.01560	0.01675	0.03262	0.03380	0.00934	0.01064	0.00700	0.00491	0.00450	0.00151	0.00686	0.00363	0.00242	0.00742
8	0.01171	0.10933	0.60985	0.01459	0.03635	0.01280	0.05529	0.01691	0.01126	0.06094	0.00984	0.01130	0.00707	0.00495	0.00486	0.00159	0.00731	0.00395	0.00248	0.00763
9	0.01091	0.02166	0.57076	0.01366	0.02002	0.01078	0.06684	0.01599	0.01175	0.06802	0.08770	0.01636	0.05063	0.00598	0.00523	0.00166	0.00679	0.00500	0.00299	0.00729
10	0.01369	0.08324	0.10764	0.01107	0.01470	0.03459	0.10788	0.01672	0.03399	0.22195	0.07304	0.09074	0.08161	0.00825	0.00558	0.00172	0.00527	0.07713	0.00443	0.00675
11	0.01443	0.07629	0.44211	0.01283	0.03496	0.01133	0.01428	0.05091	0.01257	0.22350	0.01322	0.04891	0.00968	0.00588	0.00500	0.00162	0.00634	0.00469	0.00360	0.00784
12	0.01421	0.01117	0.05153	0.01067	0.01395	0.01131	0.03289	0.02485	0.51582	0.15978	0.03976	0.05932	0.01640	0.00732	0.00539	0.00175	0.00441	0.00622	0.00525	0.00800
13	0.02015	0.00913	0.01182	0.02882	0.01362	0.00865	0.00780	0.02469	0.16625	0.57977	0.02078	0.05551	0.01436	0.00700	0.00532	0.00167	0.00436	0.00580	0.00604	0.00845
14	0.01574	0.01397	0.17107	0.04472	0.01592	0.09477	0.03639	0.02893	0.05886	0.29135	0.04674	0.10606	0.01451	0.00720	0.00530	0.00166	0.00560	0.00602	0.02791	0.00729
15	0.01081	0.01025	0.01738	0.55834	0.27439	0.01183	0.01495	0.01416	0.01087	0.01449	0.00943	0.01357	0.00736	0.00503	0.00519	0.00168	0.00670	0.00463	0.00240	0.00657
16	0.01295	0.01119	0.01178	0.01060	0.01354	0.01295	0.00824	0.02767	0.77509	0.02178	0.02120	0.01943	0.01590	0.00707	0.00530	0.00177	0.00412	0.00589	0.00530	0.00824
17	0.01203	0.01178	0.02250	0.29618	0.20235	0.01220	0.30144	0.01571	0.01165	0.04779	0.01034	0.01388	0.00786	0.00482	0.00555	0.00170	0.00737	0.00524	0.00267	0.00695
18	0.01608	0.11804	0.13681	0.02941	0.04477	0.01053	0.05794	0.04288	0.01292	0.32750	0.01629	0.09005	0.01289	0.00780	0.02719	0.00182	0.00568	0.02947	0.00440	0.00751
19	0.02336	0.00886	0.01209	0.00927	0.01329	0.00765	0.00765	0.02538	0.01491	0.78810	0.02055	0.01773	0.01289	0.00645	0.00524	0.00161	0.00443	0.00524	0.00645	0.00886
20	0.00656	0.00469	0.00614	0.00718	0.00757	0.00440	0.00487	0.00754	0.01009	0.01342	0.05085	0.67359	0.05476	0.07444	0.00810	0.00232	0.00323	0.05130	0.00474	0.00421
21	0.06149	0.14629	0.21023	0.01516	0.02024	0.01394	0.26789	0.08353	0.01247	0.03478	0.01058	0.01401	0.00845	0.00543	0.00561	0.00165	0.03855	0.03970	0.00290	0.00710
22	0.01839	0.00974	0.01335	0.01340	0.15262	0.00929	0.00911	0.09919	0.05273	0.42784	0.05978	0.03111	0.04657	0.00697	0.00538	0.00164	0.00468	0.02469	0.00539	0.00816
23	0.00668	0.00528	0.00670	0.04736	0.00908	0.00513	0.00532	0.00788	0.01058	0.01364	0.04784	0.49559	0.25932	0.01442	0.00683	0.00199	0.03470	0.01263	0.00462	0.00443
24	0.00705	0.00539	0.00650	0.00650	0.00776	0.00496	0.00477	0.00937	0.04469	0.01743	0.38824	0.20160	0.25179	0.01239	0.00621	0.00178	0.00269	0.01083	0.00528	0.00477
25	0.21359	0.08037	0.05000	0.01307	0.01706	0.11611	0.21177	0.10732	0.04191	0.03855	0.05427	0.01305	0.00996	0.00539	0.00482	0.00158	0.00642	0.00460	0.00341	0.00676
26	0.36532	0.03082	0.01374	0.08668	0.11060	0.07402	0.07019	0.04126	0.07592	0.05461	0.02539	0.01212	0.00854	0.00526	0.00439	0.00161	0.00546	0.00408	0.00338	0.00660
27	0.01330	0.01231	0.02128	0.02969	0.67295	0.01230	0.07041	0.01639	0.01193	0.05324	0.01028	0.01316	0.00841	0.00482	0.00554	0.00158	0.02674	0.00478	0.00276	0.00812
28	0.00866	0.00713	0.00905	0.06859	0.01164	0.00714	0.03596	0.04755	0.10809	0.01844	0.30261	0.03657	0.27718	0.01027	0.00596	0.00172	0.00353	0.02946	0.00495	0.00549
29	0.01981	0.01193	0.04682	0.02988	0.05435	0.06965	0.03892	0.07999	0.10023	0.46624	0.01739	0.01612	0.01162	0.00615	0.00522	0.00161	0.00533	0.00506	0.00532	0.00835
30	0.06030	0.01077	0.01342	0.01143	0.04616	0.01100	0.04063	0.30281	0.01723	0.25778	0.01735	0.11458	0.01421	0.00780	0.00545	0.00170	0.00501	0.04937	0.00520	0.00779
31	0.08857	0.08731	0.01455	0.01028	0.01421	0.09126	0.03078	0.14475	0.01549	0.42751	0.01533	0.01428	0.01028	0.00593	0.00486	0.00153	0.00535	0.00456	0.00509	0.00805
32	0.01091	0.00969	0.01466	0.11411	0.27065	0.02660	0.03046	0.01391	0.06044	0.04142	0.01608	0.24948	0.01628	0.00885	0.00689	0.00183	0.09006	0.00774	0.00349	0.00644
33	0.05050	0.00936	0.01137	0.00824	0.01271	0.00736	0.03834	0.01326	0.01090	0.01739	0.03548	0.01178	0.00903	0.00416	0.00400	0.00088	0.00403	0.00342	0.00316	0.74462
34	0.09352	0.00980	0.01044	0.00910	0.01177	0.02148	0.00715	0.15360	0.26425	0.06417	0.20767	0.05319	0.05582	0.00815	0.00537	0.00168	0.00398	0.00674	0.00518	0.00696

[dist]
# distance from previous block
# <min> <max>
6	15

[block]
# block no. 6 follows, 47 sequences, length 12
# corresponding to MSA columns:
# 307-318
name=unknown_G
#
# <colnr> <probs for GDERKNQSTAVLIFYWHMCP>
#	G	D	E	R	K	N	Q	S	T	A	V	L	I	F	Y	W	H	M	C	P
0	0.01350	0.07696	0.08219	0.04359	0.22176	0.04769	0.09771	0.03945	0.18612	0.06112	0.01311	0.01484	0.01021	0.00550	0.00510	0.00157	0.00600	0.01793	0.00350	0.05216
1	0.01818	0.03765	0.01337	0.01017	0.01406	0.01167	0.00831	0.23306	0.20081	0.28193	0.01679	0.01562	0.01172	0.00620	0.00503	0.00153	0.00470	0.00493	0.00532	0.09895
2	0.01283	0.01310	0.05821	0.10713	0.09313	0.01315	0.25642	0.08810	0.23906	0.01918	0.01349	0.01514	0.01018	0.00564	0.00589	0.00173	0.03104	0.00546	0.00359	0.00752
3	0.00751	0.00530	0.00693	0.00693	0.00737	0.00573	0.00472	0.00838	0.00794	0.01103	0.01526	0.02773	0.01618	0.45432	0.38540	0.00660	0.00920	0.00664	0.00298	0.00385
4	0.00663	0.00522	0.00588	0.00585	0.00723	0.00458	0.00427	0.00819	0.01236	0.01588	0.27381	0.10567	0.45260	0.05968	0.00738	0.00194	0.00275	0.01060	0.00501	0.00447
5	0.01144	0.01223	0.05795	0.48589	0.24505	0.07017	0.01482	0.01479	0.01117	0.01448	0.00932	0.01312	0.00728	0.00504	0.00514	0.00165	0.00695	0.00450	0.00241	0.00660
6	0.00731	0.00546	0.00810	0.00824	0.00910	0.00625	0.00632	0.00907	0.00855	0.01223	0.01563	0.11080	0.01546	0.03647	0.70640	0.00766	0.01270	0.00663	0.00302	0.00460
7	0.01290	0.01147	0.01370	0.01249	0.05059	0.01294	0.06807	0.02626	0.67958	0.02116	0.01983	0.01870	0.01491	0.00674	0.00536	0.00176	0.00458	0.00585	0.00496	0.00815
8	0.01289	0.00919	0.01101	0.00797	0.01250	0.00706	0.00642	0.01516	0.01148	0.14547	0.01114	0.01195	0.00858	0.00429	0.00409	0.00091	0.00395	0.00344	0.00365	0.70885
9	0.07800	0.07991	0.01532	0.10385	0.01695	0.31921	0.01018	0.10213	0.01332	0.01613	0.03928	0.01167	0.00862	0.00625	0.00698	0.00160	0.15733	0.00404	0.00298	0.00624
10	0.01187	0.26948	0.18343	0.00984	0.01494	0.01281	0.01000	0.01571	0.06762	0.01573	0.00953	0.01071	0.00776	0.00452	0.00404	0.00114	0.00524	0.00336	0.00279	0.33949
11	0.07739	0.12308	0.10840	0.01495	0.04226	0.21653	0.20588	0.08302	0.03126	0.01710	0.00945	0.01122	0.00739	0.00497	0.00487	0.00150	0.00747	0.00423	0.00288	0.02614

[dist]
# distance from previous block
# <min> <max>
0	20

[block]
# block no. 7 follows, 47 sequences, length 35
# corresponding to MSA columns:
# 339-373
name=unknown_H
#
# <colnr> <probs for GDERKNQSTAVLIFYWHMCP>
#	G	D	E	R	K	N	Q	S	T	A	V	L	I	F	Y	W	H	M	C	P
0	0.01762	0.00954	0.01195	0.00970	0.02437	0.04511	0.03032	0.04946	0.01364	0.42175	0.01802	0.12669	0.01418	0.00715	0.00515	0.00150	0.00456	0.00604	0.00514	0.17812
1	0.01546	0.01296	0.07120	0.03142	0.33065	0.02325	0.06054	0.12204	0.01407	0.16434	0.01213	0.01344	0.00898	0.00515	0.00509	0.00150	0.00588	0.00462	0.00370	0.09357
2	0.01255	0.01656	0.14141	0.01993	0.04575	0.07187	0.53014	0.01707	0.03166	0.01635	0.01029	0.01325	0.00779	0.00479	0.00621	0.00172	0.03747	0.00549	0.00263	0.00707
3	0.00983	0.00926	0.01562	0.80447	0.03587	0.01157	0.01446	0.01331	0.01041	0.01331	0.00926	0.01388	0.00694	0.00521	0.00521	0.00174	0.00694	0.00463	0.00231	0.00579
4	0.00689	0.00534	0.00632	0.00631	0.00774	0.00477	0.00483	0.00878	0.01300	0.01702	0.35116	0.07407	0.37528	0.01237	0.00627	0.00179	0.00280	0.08542	0.00520	0.00464
5	0.00640	0.00528	0.00561	0.00553	0.00718	0.00450	0.00415	0.00794	0.01244	0.01542	0.19722	0.04789	0.63707	0.01268	0.00615	0.00173	0.00260	0.01068	0.00501	0.00450
6	0.01076	0.01115	0.04573	0.52353	0.15934	0.01198	0.13422	0.01440	0.01097	0.01457	0.00955	0.01364	0.00730	0.00497	0.00534	0.00170	0.00713	0.00484	0.00241	0.00646
7	0.00765	0.00562	0.00743	0.00836	0.00952	0.00540	0.00694	0.00963	0.01176	0.01516	0.05954	0.17244	0.16327	0.01434	0.00689	0.00221	0.00406	0.48028	0.00484	0.00464
8	0.00746	0.00548	0.00701	0.00660	0.00790	0.00510	0.00496	0.01018	0.03459	0.02058	0.72709	0.03892	0.08314	0.01067	0.00612	0.00165	0.00251	0.00940	0.00568	0.00498
9	0.01214	0.17014	0.44141	0.01211	0.01834	0.01278	0.01409	0.05180	0.01169	0.04870	0.00955	0.01082	0.00718	0.00479	0.00448	0.00139	0.00639	0.00361	0.00268	0.15590
10	0.01850	0.00900	0.03025	0.01048	0.03920	0.00772	0.06164	0.02091	0.01449	0.52527	0.18241	0.02169	0.02001	0.00711	0.00549	0.00163	0.00445	0.00615	0.00579	0.00784
11	0.01404	0.01128	0.01977	0.01464	0.03655	0.00986	0.32946	0.01719	0.01229	0.17385	0.01211	0.01364	0.00886	0.00463	0.00514	0.00138	0.00612	0.00486	0.00357	0.30076
12	0.00970	0.00843	0.01296	0.01576	0.25551	0.00828	0.04854	0.01324	0.07032	0.01861	0.34164	0.06590	0.07311	0.00866	0.00582	0.00167	0.00419	0.02696	0.00442	0.00627
13	0.01392	0.82012	0.02729	0.00891	0.01337	0.02061	0.00891	0.01559	0.01058	0.01225	0.00724	0.00835	0.00668	0.00446	0.00334	0.00111	0.00557	0.00278	0.00223	0.00668
14	0.01080	0.00926	0.01080	0.00771	0.01234	0.00694	0.00617	0.01311	0.01080	0.01697	0.00926	0.01080	0.00771	0.00386	0.00386	0.00077	0.00386	0.00309	0.00309	0.84882
15	0.00784	0.00563	0.00774	0.00890	0.00992	0.00553	0.00742	0.00986	0.01152	0.01501	0.02871	0.23125	0.05739	0.01479	0.00703	0.00231	0.00431	0.55535	0.00481	0.00465
16	0.01106	0.10170	0.45384	0.01436	0.02024	0.01205	0.13039	0.01573	0.01140	0.03420	0.01247	0.01894	0.01067	0.00635	0.00533	0.00173	0.00711	0.12259	0.00278	0.00706
17	0.01046	0.00890	0.01044	0.00768	0.01198	0.00674	0.00607	0.01267	0.01074	0.01669	0.01072	0.07108	0.00972	0.00479	0.00407	0.00087	0.00379	0.00397	0.00322	0.78540
18	0.01207	0.00922	0.01093	0.00787	0.01244	0.00701	0.00632	0.01435	0.01121	0.09489	0.01040	0.01150	0.00824	0.00412	0.00400	0.00086	0.00391	0.00330	0.00342	0.76394
19	0.01356	0.01364	0.02049	0.03008	0.70652	0.09191	0.01538	0.01647	0.01215	0.01658	0.00962	0.01253	0.00809	0.00471	0.00511	0.00153	0.00651	0.00451	0.00259	0.00802
20	0.00935	0.00814	0.01099	0.00991	0.01007	0.01045	0.00762	0.01021	0.00790	0.01159	0.01147	0.02104	0.01221	0.30272	0.15340	0.00431	0.38553	0.00581	0.00268	0.00461
21	0.01229	0.01211	0.02134	0.06635	0.51293	0.01255	0.13629	0.01539	0.01147	0.01626	0.01035	0.01495	0.00892	0.00550	0.00662	0.00170	0.08790	0.03693	0.00264	0.00752
22	0.01139	0.01150	0.01718	0.01431	0.01484	0.01539	0.08772	0.01283	0.00840	0.01289	0.00746	0.01225	0.00726	0.02954	0.01622	0.00230	0.70564	0.00480	0.00234	0.00577
23	0.01187	0.01077	0.01564	0.08119	0.33995	0.01174	0.01175	0.04938	0.16531	0.01757	0.01698	0.04021	0.09026	0.00693	0.00651	0.00171	0.08659	0.00582	0.02260	0.00724
24	0.01287	0.01243	0.02146	0.03163	0.75908	0.01240	0.04114	0.01601	0.01187	0.01700	0.00982	0.01293	0.00824	0.00463	0.00519	0.00155	0.00627	0.00469	0.00258	0.00821
25	0.01681	0.00812	0.01176	0.00955	0.01269	0.00729	0.06393	0.01933	0.02736	0.44776	0.17932	0.02736	0.05370	0.00826	0.00573	0.00172	0.00431	0.08194	0.00576	0.00730
26	0.00962	0.00789	0.00948	0.00738	0.01081	0.00625	0.00581	0.01198	0.01212	0.01822	0.26317	0.02112	0.02182	0.00633	0.00468	0.00109	0.00342	0.02233	0.00399	0.55248
27	0.05254	0.00922	0.01447	0.60001	0.02989	0.01074	0.01259	0.01567	0.01119	0.15976	0.01129	0.01428	0.00802	0.00539	0.00509	0.00169	0.00627	0.00462	0.00315	0.02411
28	0.75683	0.00993	0.00817	0.00713	0.01045	0.01121	0.00587	0.01648	0.00957	0.11263	0.00880	0.00954	0.00649	0.00502	0.00346	0.00161	0.00408	0.00310	0.00360	0.00602
29	0.01141	0.00880	0.01038	0.00762	0.01174	0.00680	0.00598	0.01347	0.01078	0.07417	0.01083	0.01368	0.00924	0.08657	0.00626	0.00127	0.00402	0.00370	0.00334	0.69993
30	0.15812	0.00944	0.01068	0.00819	0.01230	0.00839	0.00663	0.01784	0.06894	0.22317	0.01281	0.01289	0.00935	0.00495	0.00422	0.00121	0.00406	0.00382	0.00417	0.41883
31	0.01559	0.15795	0.23579	0.01300	0.01829	0.01556	0.06908	0.36988	0.01737	0.02346	0.01056	0.01148	0.00777	0.00543	0.00488	0.00152	0.00648	0.00423	0.00365	0.00802
32	0.01341	0.35590	0.01798	0.00838	0.01288	0.01286	0.00749	0.01542	0.01112	0.09321	0.00954	0.01046	0.00780	0.00438	0.00378	0.00100	0.00465	0.00318	0.00306	0.40352
33	0.01157	0.00864	0.01030	0.00773	0.01172	0.00671	0.00606	0.01362	0.01098	0.09458	0.01224	0.07302	0.01084	0.04833	0.00541	0.00119	0.00392	0.00442	0.00356	0.65515
34	0.00785	0.00543	0.00711	0.00663	0.00794	0.00500	0.00500	0.01029	0.01475	0.04376	0.75905	0.03827	0.04806	0.01052	0.00612	0.00164	0.00252	0.00929	0.00575	0.00503

[dist]
# distance from previous block
# <min> <max>
0	4

[block]
# block no. 8 follows, 47 sequences, length 50
# corresponding to MSA columns:
# 378-427
name=unknown_I
#
# <colnr> <probs for GDERKNQSTAVLIFYWHMCP>
#	G	D	E	R	K	N	Q	S	T	A	V	L	I	F	Y	W	H	M	C	P
0	0.01080	0.00926	0.01080	0.00771	0.01234	0.00694	0.00617	0.01311	0.01080	0.01697	0.00926	0.01080	0.00771	0.00386	0.00386	0.00077	0.00386	0.00309	0.00309	0.84882
1	0.00716	0.00531	0.00667	0.00633	0.00765	0.00482	0.00475	0.00942	0.01425	0.01971	0.65642	0.04083	0.17520	0.01108	0.00614	0.00166	0.00249	0.00969	0.00558	0.00482
2	0.00710	0.00551	0.00839	0.00877	0.00960	0.00520	0.06814	0.00849	0.01042	0.01387	0.02706	0.64966	0.03167	0.01508	0.00668	0.00212	0.00373	0.10934	0.00465	0.00453
3	0.01145	0.01156	0.01689	0.01420	0.01453	0.01577	0.05932	0.01280	0.00825	0.01280	0.00707	0.01156	0.00690	0.00881	0.01639	0.00225	0.75669	0.00466	0.00230	0.00578
4	0.04448	0.01245	0.01416	0.01088	0.01497	0.01303	0.00899	0.48498	0.02067	0.29834	0.01519	0.01423	0.01019	0.00628	0.00516	0.00158	0.00523	0.00483	0.00559	0.00877
5	0.01080	0.00926	0.01080	0.00771	0.01234	0.00694	0.00617	0.01311	0.01080	0.01697	0.00926	0.01080	0.00771	0.00386	0.00386	0.00077	0.00386	0.00309	0.00309	0.84882
6	0.01348	0.00974	0.01160	0.00849	0.01296	0.03041	0.02325	0.01575	0.01173	0.16368	0.01140	0.01215	0.00867	0.00441	0.00419	0.00097	0.00424	0.00357	0.00370	0.64561
7	0.08041	0.01110	0.06106	0.51037	0.14427	0.01177	0.03592	0.03384	0.01097	0.01559	0.00930	0.01300	0.00711	0.00504	0.00501	0.00166	0.00657	0.00444	0.00253	0.03006
8	0.01278	0.01226	0.02094	0.05917	0.75813	0.01235	0.01593	0.01589	0.01181	0.01688	0.00978	0.01292	0.00820	0.00466	0.00516	0.00155	0.00621	0.00464	0.00257	0.00816
9	0.00688	0.00505	0.00656	0.00705	0.00790	0.00458	0.00492	0.00829	0.01129	0.01548	0.22019	0.54415	0.05690	0.01399	0.00633	0.00190	0.00292	0.01258	0.00495	0.05808
10	0.01430	0.01186	0.01253	0.01087	0.01405	0.01358	0.00857	0.17312	0.62745	0.02396	0.01949	0.01807	0.01451	0.00691	0.00528	0.00173	0.00444	0.00565	0.00528	0.00836
11	0.01095	0.00745	0.01098	0.01293	0.19020	0.00702	0.00790	0.01341	0.01386	0.13174	0.45296	0.06780	0.03356	0.00891	0.00580	0.00164	0.00365	0.00795	0.00505	0.00624
12	0.01502	0.01584	0.24826	0.01558	0.06206	0.01117	0.19682	0.01903	0.02506	0.25058	0.01344	0.01497	0.00953	0.00573	0.00617	0.00171	0.05832	0.01922	0.00372	0.00774
13	0.01289	0.58423	0.25411	0.01067	0.01609	0.01807	0.01198	0.01586	0.01070	0.01351	0.00787	0.00914	0.00666	0.00460	0.00382	0.00127	0.00620	0.00310	0.00222	0.00698
14	0.01180	0.01289	0.02691	0.15681	0.07507	0.01264	0.56867	0.01589	0.01193	0.01609	0.01075	0.01521	0.00838	0.00483	0.00595	0.00176	0.00819	0.02677	0.00264	0.00682
15	0.01378	0.06678	0.11315	0.01848	0.02379	0.01273	0.52366	0.01784	0.01241	0.12753	0.01163	0.01387	0.00840	0.00475	0.00570	0.00168	0.00782	0.00554	0.00311	0.00734
16	0.02055	0.08628	0.01564	0.01090	0.01503	0.03612	0.03544	0.32287	0.01827	0.36218	0.01536	0.01438	0.01033	0.00608	0.00507	0.00154	0.00536	0.00477	0.00531	0.00851
17	0.00905	0.00452	0.00678	0.00678	0.00678	0.00452	0.00452	0.00678	0.00678	0.00905	0.00905	0.01583	0.00905	0.01809	0.02035	0.84848	0.00452	0.00452	0.00226	0.00226
18	0.01422	0.01649	0.08316	0.02621	0.54187	0.19561	0.01487	0.01715	0.01246	0.01597	0.00935	0.01191	0.00775	0.00484	0.00503	0.00151	0.00706	0.00427	0.00257	0.00769
19	0.00632	0.00528	0.00551	0.00545	0.00714	0.00447	0.00409	0.00780	0.01227	0.01501	0.15317	0.04857	0.68139	0.01284	0.00615	0.00174	0.00261	0.01077	0.00496	0.00447
20	0.01080	0.00926	0.01080	0.00771	0.01234	0.00694	0.00617	0.01311	0.01080	0.01697	0.00926	0.01080	0.00771	0.00386	0.00386	0.00077	0.00386	0.00309	0.00309	0.84882
21	0.01364	0.00932	0.01120	0.00815	0.01264	0.00734	0.00658	0.03647	0.01202	0.17643	0.01167	0.01227	0.00881	0.00446	0.00418	0.00097	0.00403	0.00357	0.00384	0.65240
22	0.01062	0.00531	0.00588	0.00574	0.00719	0.00520	0.00448	0.01301	0.01150	0.08260	0.04817	0.02385	0.01632	0.00708	0.00421	0.00138	0.00282	0.07718	0.66227	0.00518
23	0.00643	0.00529	0.00566	0.00556	0.00720	0.00451	0.00417	0.00801	0.01252	0.01561	0.21756	0.04758	0.61662	0.01261	0.00615	0.00173	0.00260	0.01064	0.00504	0.00451
24	0.01980	0.01459	0.01563	0.01198	0.01615	0.01615	0.00990	0.76713	0.02448	0.03282	0.01250	0.01250	0.00886	0.00625	0.00521	0.00156	0.00573	0.00469	0.00521	0.00886
25	0.07248	0.02388	0.01431	0.01300	0.01572	0.74623	0.00978	0.02045	0.01438	0.01342	0.00800	0.00933	0.00664	0.00533	0.00460	0.00136	0.00905	0.00332	0.00272	0.00601
26	0.00905	0.00452	0.00678	0.00678	0.00678	0.00452	0.00452	0.00678	0.00678	0.00905	0.00905	0.01583	0.00905	0.01809	0.02035	0.84848	0.00452	0.00452	0.00226	0.00226
27	0.01289	0.01237	0.02114	0.03196	0.78450	0.01237	0.01598	0.01598	0.01186	0.01701	0.00980	0.01289	0.00825	0.00464	0.00516	0.00155	0.00619	0.00464	0.00258	0.00825
28	0.01945	0.02482	0.01476	0.01342	0.01610	0.79608	0.01006	0.02079	0.01476	0.01275	0.00805	0.00939	0.00671	0.00537	0.00470	0.00134	0.00939	0.00335	0.00268	0.00604
29	0.02036	0.01114	0.01319	0.01039	0.01427	0.01136	0.00849	0.26780	0.15209	0.40654	0.01804	0.01632	0.01210	0.00649	0.00524	0.00162	0.00480	0.00517	0.00584	0.00875
30	0.01155	0.01108	0.01835	0.31364	0.39627	0.01260	0.01475	0.01449	0.01076	0.01499	0.00916	0.01304	0.00756	0.00550	0.00692	0.00172	0.12358	0.00462	0.00244	0.00697
31	0.85377	0.01007	0.00765	0.00685	0.01007	0.01168	0.00564	0.01531	0.00886	0.02336	0.00725	0.00846	0.00564	0.00483	0.00322	0.00161	0.00403	0.00282	0.00322	0.00564
32	0.00746	0.00533	0.00717	0.00721	0.00773	0.00583	0.00505	0.00852	0.00808	0.01129	0.01540	0.04856	0.01611	0.36513	0.45074	0.00680	0.00990	0.00668	0.00300	0.00401
33	0.01262	0.01086	0.01149	0.01042	0.01327	0.01249	0.00813	0.02657	0.72951	0.02137	0.02226	0.02154	0.03726	0.00747	0.00538	0.00179	0.00410	0.03015	0.00527	0.00803
34	0.00615	0.00528	0.00528	0.00528	0.00703	0.00440	0.00396	0.00747	0.01187	0.01407	0.05276	0.05012	0.78238	0.01319	0.00615	0.00176	0.00264	0.01099	0.00484	0.00440
35	0.01627	0.00944	0.01161	0.00859	0.01296	0.00781	0.00699	0.06582	0.01327	0.31892	0.01387	0.01361	0.00981	0.00502	0.00448	0.00115	0.00420	0.00403	0.00453	0.46764
36	0.00634	0.00453	0.00604	0.00725	0.00755	0.00423	0.00483	0.00725	0.00997	0.01329	0.02870	0.81358	0.03444	0.01632	0.00665	0.00211	0.00302	0.01480	0.00483	0.00423
37	0.01371	0.75331	0.02635	0.00930	0.01339	0.02022	0.00912	0.01534	0.01037	0.01228	0.00721	0.00860	0.00670	0.00484	0.00448	0.00121	0.07181	0.00293	0.00223	0.00660
38	0.01243	0.01179	0.01997	0.02987	0.72033	0.01176	0.01507	0.01547	0.01210	0.01733	0.07357	0.01504	0.01163	0.00514	0.00524	0.00155	0.00588	0.00503	0.00284	0.00797
39	0.00983	0.00926	0.01562	0.80447	0.03587	0.01157	0.01446	0.01331	0.01041	0.01331	0.00926	0.01388	0.00694	0.00521	0.00521	0.00174	0.00694	0.00463	0.00231	0.00579
40	0.00651	0.00465	0.00624	0.00744	0.00782	0.00438	0.00513	0.00754	0.01014	0.01348	0.02861	0.75123	0.03407	0.01616	0.00669	0.00214	0.00317	0.07549	0.00483	0.00428
41	0.02336	0.00886	0.01209	0.00927	0.01329	0.00765	0.00765	0.02538	0.01491	0.78810	0.02055	0.01773	0.01289	0.00645	0.00524	0.00161	0.00443	0.00524	0.00645	0.00886
42	0.02336	0.00886	0.01209	0.00927	0.01329	0.00765	0.00765	0.02538	0.01491	0.78810	0.02055	0.01773	0.01289	0.00645	0.00524	0.00161	0.00443	0.00524	0.00645	0.00886
43	0.01392	0.82012	0.02729	0.00891	0.01337	0.02061	0.00891	0.01559	0.01058	0.01225	0.00724	0.00835	0.00668	0.00446	0.00334	0.00111	0.00557	0.00278	0.00223	0.00668
44	0.85377	0.01007	0.00765	0.00685	0.01007	0.01168	0.00564	0.01531	0.00886	0.02336	0.00725	0.00846	0.00564	0.00483	0.00322	0.00161	0.00403	0.00282	0.00322	0.00564
45	0.00983	0.00926	0.01562	0.80447	0.03587	0.01157	0.01446	0.01331	0.01041	0.01331	0.00926	0.01388	0.00694	0.00521	0.00521	0.00174	0.00694	0.00463	0.00231	0.00579
46	0.78405	0.01000	0.00831	0.07274	0.01220	0.01167	0.00637	0.01514	0.00899	0.02253	0.00742	0.00891	0.00575	0.00486	0.00339	0.00162	0.00427	0.00297	0.00315	0.00565
47	0.00634	0.00455	0.00602	0.00719	0.00754	0.00423	0.00481	0.00726	0.01003	0.01332	0.02942	0.79067	0.05689	0.01622	0.00663	0.00210	0.00301	0.01469	0.00483	0.00423
48	0.01110	0.01284	0.07299	0.20304	0.02705	0.01189	0.46260	0.01512	0.01172	0.01579	0.02609	0.04386	0.01043	0.00566	0.00592	0.00179	0.00776	0.04506	0.00278	0.00653
49	0.01182	0.11214	0.33449	0.01902	0.13257	0.01348	0.27008	0.01638	0.01151	0.01614	0.00957	0.01199	0.00729	0.00466	0.00520	0.00161	0.00760	0.00462	0.00240	0.00743

[dist]
# distance from previous block
# <min> <max>
0	1

[block]
# block no. 9 follows, 47 sequences, length 62
# corresponding to MSA columns:
# 429-490
name=unknown_J
#
# <colnr> <probs for GDERKNQSTAVLIFYWHMCP>
#	G	D	E	R	K	N	Q	S	T	A	V	L	I	F	Y	W	H	M	C	P
0	0.01143	0.00960	0.01220	0.01033	0.01259	0.04309	0.08318	0.05167	0.21215	0.05393	0.31773	0.02565	0.02677	0.03711	0.00733	0.00184	0.06511	0.00707	0.00483	0.00640
1	0.01229	0.01037	0.01117	0.00993	0.01274	0.01162	0.00772	0.05077	0.60233	0.02182	0.13075	0.02161	0.02009	0.00741	0.00535	0.00169	0.00392	0.00623	0.00526	0.04693
2	0.00733	0.00570	0.00671	0.00639	0.00792	0.00528	0.00481	0.01023	0.06501	0.01863	0.48296	0.04140	0.29587	0.01127	0.00609	0.00169	0.00263	0.00971	0.00540	0.00496
3	0.01948	0.02415	0.01481	0.01332	0.01610	0.74494	0.01005	0.06972	0.01540	0.01406	0.00834	0.00960	0.00685	0.00542	0.00473	0.00136	0.00915	0.00344	0.00285	0.00622
4	0.01486	0.35034	0.09940	0.01076	0.01505	0.17279	0.01001	0.10067	0.02979	0.01590	0.00876	0.00992	0.00726	0.00498	0.00441	0.00126	0.02467	0.00337	0.00283	0.11297
5	0.01561	0.05283	0.01909	0.07265	0.22818	0.37241	0.10443	0.01796	0.01295	0.01440	0.00883	0.01124	0.00729	0.00513	0.00542	0.00150	0.03657	0.00415	0.00259	0.00676
6	0.00783	0.00548	0.00637	0.00622	0.00622	0.00578	0.00371	0.00791	0.00760	0.01026	0.01576	0.03255	0.01812	0.76253	0.02587	0.00486	0.05913	0.00737	0.00310	0.00333
7	0.02336	0.00886	0.01209	0.00927	0.01329	0.00765	0.00765	0.02538	0.01491	0.78810	0.02055	0.01773	0.01289	0.00645	0.00524	0.00161	0.00443	0.00524	0.00645	0.00886
8	0.01606	0.01146	0.01304	0.01146	0.04970	0.01246	0.00874	0.26760	0.31447	0.12931	0.09323	0.01855	0.01612	0.00696	0.00534	0.00166	0.00462	0.00570	0.00534	0.00820
9	0.00669	0.00469	0.00599	0.00683	0.00710	0.00446	0.00442	0.00744	0.00957	0.01282	0.05663	0.58923	0.03122	0.21380	0.01153	0.00282	0.00350	0.01280	0.00446	0.00399
10	0.02010	0.01177	0.01366	0.01054	0.01460	0.01200	0.00866	0.37742	0.07041	0.32440	0.01599	0.01488	0.01082	0.00622	0.00513	0.00154	0.00499	0.00487	0.00555	0.06643
11	0.01064	0.02501	0.68575	0.01525	0.02226	0.01243	0.06991	0.01624	0.01088	0.01624	0.00926	0.01123	0.00670	0.00519	0.00585	0.00170	0.06167	0.00405	0.00223	0.00752
12	0.02037	0.06505	0.01382	0.00988	0.01376	0.01096	0.00822	0.25469	0.01759	0.44074	0.07636	0.01711	0.01403	0.00658	0.00517	0.00156	0.00476	0.00523	0.00572	0.00841
13	0.00650	0.00465	0.00623	0.00743	0.00781	0.00437	0.00511	0.00753	0.01013	0.01347	0.02861	0.75486	0.03410	0.01617	0.00669	0.00214	0.00316	0.07195	0.00483	0.00427
14	0.01343	0.06228	0.01255	0.00969	0.01217	0.00842	0.06599	0.02658	0.01108	0.25564	0.01538	0.01873	0.01233	0.05532	0.39028	0.00501	0.00951	0.00540	0.00394	0.00629
15	0.00788	0.00632	0.03413	0.00622	0.00823	0.00502	0.00499	0.00962	0.01256	0.07563	0.18497	0.06550	0.53615	0.01198	0.00605	0.00173	0.00293	0.01010	0.00504	0.00495
16	0.02336	0.00886	0.01209	0.00927	0.01329	0.00765	0.00765	0.02538	0.01491	0.78810	0.02055	0.01773	0.01289	0.00645	0.00524	0.00161	0.00443	0.00524	0.00645	0.00886
17	0.01045	0.02694	0.79000	0.01484	0.02254	0.01209	0.01924	0.01649	0.01099	0.01649	0.00935	0.01099	0.00660	0.00495	0.00495	0.00165	0.00770	0.00385	0.00220	0.00770
18	0.01238	0.06618	0.01663	0.56021	0.04896	0.04888	0.03056	0.07341	0.01210	0.06712	0.01012	0.01343	0.00752	0.00529	0.00508	0.00165	0.00672	0.00452	0.00284	0.00640
19	0.01351	0.01258	0.02121	0.02494	0.44714	0.02975	0.17788	0.08924	0.01323	0.04563	0.01184	0.06716	0.01013	0.00561	0.00547	0.00163	0.00650	0.00565	0.00314	0.00774
20	0.02336	0.00886	0.01209	0.00927	0.01329	0.00765	0.00765	0.02538	0.01491	0.78810	0.02055	0.01773	0.01289	0.00645	0.00524	0.00161	0.00443	0.00524	0.00645	0.00886
21	0.00996	0.00934	0.01546	0.77182	0.03495	0.01163	0.01421	0.01390	0.04186	0.01365	0.00975	0.01411	0.00731	0.00528	0.00521	0.00174	0.00683	0.00468	0.00244	0.00589
22	0.01182	0.10063	0.52467	0.01571	0.07271	0.01287	0.09094	0.01720	0.03857	0.05226	0.01023	0.01178	0.00747	0.00497	0.00495	0.00160	0.00721	0.00416	0.00258	0.00764
23	0.01081	0.08121	0.68488	0.01492	0.02222	0.01276	0.06972	0.01644	0.01105	0.01621	0.00928	0.01102	0.00669	0.00488	0.00492	0.00162	0.00762	0.00393	0.00223	0.00758
24	0.00748	0.00561	0.00699	0.00676	0.00805	0.00530	0.00502	0.01044	0.06371	0.01931	0.56414	0.13095	0.12387	0.01136	0.00615	0.00172	0.00265	0.01000	0.00550	0.00500
25	0.01441	0.07092	0.11245	0.30680	0.05545	0.23917	0.01283	0.04612	0.01267	0.06752	0.00970	0.01202	0.00735	0.00527	0.00490	0.00155	0.00740	0.00408	0.00281	0.00659
26	0.01205	0.00659	0.00866	0.00852	0.01036	0.00620	0.00673	0.01452	0.05805	0.23149	0.02718	0.29141	0.07329	0.01228	0.00629	0.00201	0.00394	0.20921	0.00530	0.00593
27	0.00983	0.00926	0.01562	0.80447	0.03587	0.01157	0.01446	0.01331	0.01041	0.01331	0.00926	0.01388	0.00694	0.00521	0.00521	0.00174	0.00694	0.00463	0.00231	0.00579
28	0.08875	0.01175	0.01192	0.00966	0.01324	0.13882	0.00778	0.07573	0.01485	0.48604	0.01920	0.01762	0.06795	0.00662	0.00505	0.00157	0.00518	0.00512	0.00535	0.00780
