[name]
unknown

[dist]
# distance from previous block
# <min> <max>
6	1356

[block]
# block no. 0 follows, 41 sequences, length 25
# corresponding to MSA columns:
# 1424-1448
name=unknown_A
#
# <colnr> <probs for GDERKNQSTAVLIFYWHMCP>
#	G	D	E	R	K	N	Q	S	T	A	V	L	I	F	Y	W	H	M	C	P
0	0.01432	0.01515	0.12438	0.06265	0.10817	0.01462	0.01293	0.15505	0.20240	0.02215	0.04301	0.01735	0.02894	0.00751	0.00805	0.00194	0.14334	0.00566	0.00418	0.00821
1	0.00785	0.00629	0.00714	0.00732	0.00857	0.03117	0.00529	0.00966	0.01376	0.01812	0.32763	0.27605	0.23189	0.01414	0.00687	0.00198	0.00320	0.01239	0.00562	0.00506
2	0.01725	0.01491	0.06095	0.11717	0.05772	0.01564	0.01199	0.37354	0.22022	0.02796	0.01549	0.01592	0.01136	0.00678	0.00573	0.00181	0.00615	0.00544	0.00498	0.00898
3	0.01350	0.01543	0.03375	0.02411	0.02989	0.01446	0.74253	0.01832	0.01350	0.01832	0.01157	0.01543	0.00868	0.00482	0.00675	0.00193	0.00964	0.00675	0.00289	0.00771
4	0.01518	0.31328	0.01965	0.01117	0.01502	0.07572	0.00948	0.02478	0.41525	0.01919	0.01636	0.01588	0.01285	0.00653	0.00495	0.00163	0.00557	0.00496	0.00432	0.00822
5	0.01611	0.29040	0.05397	0.01145	0.01596	0.01485	0.07964	0.08679	0.04816	0.15317	0.01737	0.05407	0.06850	0.00694	0.00516	0.00158	0.00578	0.00564	0.00420	0.06026
6	0.03249	0.07782	0.06038	0.01453	0.11490	0.01296	0.02564	0.07511	0.24792	0.13575	0.01813	0.06734	0.01448	0.01009	0.06453	0.00237	0.00622	0.00620	0.00478	0.00836
7	0.01148	0.00868	0.01179	0.01149	0.04858	0.01027	0.00824	0.01284	0.05225	0.05648	0.01495	0.08182	0.01528	0.19780	0.01842	0.14601	0.25318	0.03163	0.00350	0.00529
8	0.00771	0.00574	0.00717	0.00700	0.00836	0.00520	0.00518	0.00998	0.01501	0.02057	0.54369	0.12470	0.19278	0.01291	0.00681	0.00188	0.00280	0.01131	0.00600	0.00520
9	0.00941	0.00796	0.04666	0.00863	0.00999	0.00752	0.00681	0.05454	0.01158	0.01583	0.07884	0.06097	0.09463	0.27283	0.14816	0.00444	0.04428	0.08675	0.02510	0.00508
10	0.00745	0.00567	0.00685	0.00687	0.00823	0.00507	0.00503	0.00942	0.01419	0.01895	0.39553	0.18445	0.28400	0.01375	0.00685	0.00194	0.00288	0.01200	0.00579	0.00507
11	0.01290	0.13291	0.17486	0.03421	0.12422	0.01459	0.01323	0.01748	0.09180	0.03522	0.03747	0.01682	0.04851	0.00730	0.00820	0.00186	0.17609	0.00528	0.03952	0.00753
12	0.00727	0.00574	0.00655	0.00650	0.00808	0.00502	0.00481	0.00914	0.01401	0.01812	0.31305	0.11442	0.43946	0.01376	0.00680	0.00192	0.00286	0.01180	0.00567	0.00502
13	0.01387	0.01437	0.07394	0.14163	0.09115	0.06916	0.01294	0.09807	0.08333	0.01856	0.01209	0.04044	0.01019	0.00773	0.00961	0.00200	0.24520	0.00542	0.04301	0.00729
14	0.00775	0.00562	0.00730	0.00732	0.00844	0.00518	0.00532	0.00995	0.01471	0.02047	0.54218	0.23379	0.08375	0.01340	0.00689	0.00194	0.00286	0.01192	0.00600	0.00518
15	0.01186	0.01017	0.01186	0.00847	0.01356	0.00762	0.00678	0.01440	0.01186	0.01864	0.01017	0.01186	0.00847	0.00424	0.00424	0.00085	0.00424	0.00339	0.00339	0.83395
16	0.01159	0.01035	0.01234	0.01114	0.01198	0.06962	0.00865	0.06134	0.01056	0.01450	0.01258	0.02062	0.01246	0.18020	0.24700	0.02587	0.26466	0.00593	0.00312	0.00551
17	0.00770	0.00581	0.00698	0.00670	0.00814	0.00523	0.00494	0.00983	0.01468	0.01982	0.49252	0.04619	0.27093	0.06560	0.00826	0.00209	0.00295	0.01074	0.00580	0.00509
18	0.01080	0.01017	0.01716	0.78523	0.03940	0.01271	0.01589	0.01461	0.01144	0.01461	0.01017	0.01525	0.00762	0.00572	0.00572	0.00191	0.00762	0.00508	0.00254	0.00635
19	0.00936	0.00609	0.00801	0.00748	0.00899	0.00558	0.00562	0.01191	0.01585	0.07925	0.65481	0.09165	0.04984	0.01176	0.00671	0.00183	0.00291	0.01039	0.00629	0.00568
20	0.14106	0.01509	0.01510	0.01210	0.01619	0.04975	0.00985	0.51134	0.09743	0.03170	0.01415	0.03608	0.01070	0.00700	0.00543	0.00175	0.00593	0.00523	0.00528	0.00886
21	0.01481	0.18063	0.21423	0.01234	0.01718	0.01491	0.01239	0.11044	0.15617	0.07695	0.03683	0.05119	0.01360	0.00729	0.00585	0.00177	0.03220	0.02887	0.00417	0.00816
22	0.01407	0.06747	0.03829	0.06337	0.03948	0.01002	0.00977	0.08763	0.03587	0.15611	0.02494	0.08350	0.07749	0.01095	0.00650	0.00208	0.00535	0.25498	0.00510	0.00702
23	0.01402	0.02401	0.48366	0.01579	0.02273	0.01439	0.07296	0.16920	0.08794	0.02240	0.01236	0.01358	0.00887	0.00591	0.00563	0.00181	0.00771	0.00483	0.00347	0.00872
24	0.01070	0.00752	0.00909	0.00881	0.01025	0.00799	0.00641	0.01550	0.18842	0.06701	0.06739	0.14642	0.02361	0.22652	0.14287	0.00420	0.00639	0.04028	0.00474	0.00588

[dist]
# distance from previous block
# <min> <max>
0	21

[block]
# block no. 1 follows, 41 sequences, length 13
# corresponding to MSA columns:
# 1470-1482
name=unknown_B
#
# <colnr> <probs for GDERKNQSTAVLIFYWHMCP>
#	G	D	E	R	K	N	Q	S	T	A	V	L	I	F	Y	W	H	M	C	P
0	0.05202	0.03519	0.04072	0.01038	0.01234	0.01082	0.00841	0.10619	0.09403	0.01951	0.08812	0.23702	0.04322	0.01470	0.08795	0.00280	0.11661	0.00894	0.00459	0.00643
1	0.00876	0.05158	0.13181	0.00853	0.01142	0.00764	0.00796	0.01201	0.03473	0.01924	0.35052	0.05837	0.25353	0.01121	0.00637	0.00183	0.00394	0.00953	0.00513	0.00591
2	0.01523	0.47638	0.24711	0.01199	0.01781	0.05585	0.01311	0.01850	0.01234	0.07092	0.00977	0.01086	0.00782	0.00527	0.00442	0.00145	0.00692	0.00364	0.00281	0.00781
3	0.52580	0.04573	0.07389	0.02531	0.01418	0.14737	0.00871	0.03398	0.01173	0.03720	0.00901	0.01039	0.00699	0.00552	0.00413	0.00169	0.00593	0.00348	0.02232	0.00663
4	0.01384	0.03974	0.01408	0.01397	0.12501	0.08321	0.02353	0.06571	0.09250	0.04569	0.05733	0.04557	0.01543	0.01913	0.03319	0.00200	0.06390	0.02857	0.16002	0.05756
5	0.04746	0.23594	0.13224	0.09518	0.01888	0.11162	0.01199	0.06162	0.03967	0.07779	0.01125	0.01282	0.00876	0.00606	0.00580	0.00163	0.06290	0.00425	0.04665	0.00748
6	0.00791	0.00541	0.00649	0.00682	0.00705	0.00527	0.00418	0.00846	0.00985	0.01327	0.09597	0.25340	0.02895	0.49833	0.02068	0.00426	0.00463	0.01078	0.00427	0.00399
7	0.01655	0.01383	0.01624	0.01345	0.01605	0.01679	0.01101	0.30384	0.20053	0.02501	0.01386	0.01518	0.01085	0.00822	0.01045	0.00206	0.28775	0.00542	0.00459	0.00831
8	0.00822	0.00544	0.00647	0.00665	0.00678	0.00536	0.00397	0.00835	0.00913	0.01226	0.06497	0.14935	0.02456	0.57619	0.02398	0.06642	0.00500	0.00938	0.00384	0.00369
9	0.01352	0.00899	0.01157	0.01022	0.01212	0.01005	0.00800	0.13744	0.05028	0.11282	0.01550	0.02063	0.01331	0.09448	0.31487	0.07128	0.07846	0.00594	0.00410	0.00642
10	0.01389	0.00776	0.00847	0.00749	0.00973	0.00795	0.00585	0.10575	0.07582	0.10978	0.06439	0.02149	0.01664	0.00714	0.00473	0.00151	0.00352	0.00576	0.51563	0.00669
11	0.08220	0.01306	0.01934	0.02444	0.43502	0.03141	0.05006	0.04190	0.01305	0.01971	0.01048	0.01314	0.00864	0.00497	0.00518	0.00150	0.00618	0.00456	0.00313	0.21203
12	0.01238	0.01030	0.01196	0.00876	0.01349	0.00829	0.00701	0.07509	0.01347	0.02045	0.07246	0.01457	0.01234	0.00507	0.00457	0.00100	0.00428	0.00411	0.00382	0.69659

[dist]
# distance from previous block
# <min> <max>
0	1

[block]
# block no. 2 follows, 41 sequences, length 14
# corresponding to MSA columns:
# 1484-1497
name=unknown_C
#
# <colnr> <probs for GDERKNQSTAVLIFYWHMCP>
#	G	D	E	R	K	N	Q	S	T	A	V	L	I	F	Y	W	H	M	C	P
0	0.00818	0.00609	0.00902	0.00902	0.00999	0.00706	0.00694	0.01011	0.00914	0.01315	0.01548	0.02333	0.01467	0.08622	0.73351	0.00898	0.01476	0.00625	0.00309	0.00501
1	0.05562	0.00533	0.00674	0.00794	0.00846	0.00512	0.00536	0.00848	0.01088	0.01525	0.03015	0.74931	0.03598	0.01718	0.00708	0.00229	0.00338	0.01549	0.00521	0.00474
2	0.00697	0.00498	0.00664	0.00796	0.00830	0.00465	0.00531	0.00796	0.01095	0.01460	0.03153	0.79525	0.03783	0.01792	0.00730	0.00232	0.00332	0.01626	0.00531	0.00465
3	0.01365	0.01378	0.01982	0.08191	0.47977	0.10125	0.04216	0.01660	0.01307	0.01722	0.01513	0.05256	0.06612	0.00783	0.03284	0.00200	0.00722	0.00605	0.00313	0.00788
4	0.00697	0.00498	0.00664	0.00796	0.00830	0.00465	0.00531	0.00796	0.01095	0.01460	0.03153	0.79525	0.03783	0.01792	0.00730	0.00232	0.00332	0.01626	0.00531	0.00465
5	0.01429	0.06212	0.01753	0.05226	0.01785	0.07479	0.09789	0.06347	0.30951	0.02009	0.04486	0.01863	0.03584	0.00765	0.00794	0.00193	0.13526	0.00600	0.00432	0.00778
6	0.00815	0.00539	0.00641	0.00669	0.00676	0.00531	0.00396	0.00818	0.00881	0.01175	0.02032	0.19630	0.02364	0.57962	0.02403	0.06245	0.00503	0.00976	0.00379	0.00365
7	0.01242	0.03859	0.04701	0.00972	0.01463	0.00919	0.04090	0.05867	0.01263	0.01901	0.01086	0.01362	0.00922	0.05335	0.00600	0.00129	0.00494	0.00398	0.00344	0.63052
8	0.18535	0.06959	0.04325	0.05684	0.01541	0.03989	0.03167	0.01458	0.01031	0.01696	0.01097	0.05892	0.01035	0.01182	0.09499	0.00278	0.24558	0.02057	0.00308	0.05710
9	0.08420	0.01830	0.30514	0.12716	0.02275	0.03149	0.06723	0.01879	0.01287	0.14877	0.03820	0.01484	0.01023	0.00584	0.00541	0.00174	0.00698	0.00484	0.00360	0.07163
10	0.11691	0.00638	0.00737	0.00727	0.00865	0.00629	0.00536	0.01093	0.01345	0.02036	0.40511	0.15408	0.06797	0.08524	0.00845	0.00225	0.00338	0.03510	0.03027	0.00518
11	0.05255	0.00795	0.02732	0.03559	0.05990	0.00733	0.04045	0.01308	0.01441	0.07607	0.42816	0.07244	0.05917	0.05881	0.00780	0.00207	0.00407	0.02144	0.00536	0.00602
12	0.08256	0.49639	0.15473	0.01045	0.01532	0.01787	0.01089	0.01627	0.01182	0.01602	0.06212	0.06034	0.01234	0.00630	0.00441	0.00148	0.00598	0.00458	0.00298	0.00714
13	0.07288	0.44220	0.12376	0.01144	0.01625	0.13214	0.01117	0.01953	0.09284	0.01615	0.01006	0.01107	0.00835	0.00546	0.00435	0.00146	0.00677	0.00368	0.00296	0.00749

[dist]
# distance from previous block
# <min> <max>
74	547

[block]
# block no. 3 follows, 41 sequences, length 28
# corresponding to MSA columns:
# 2077-2104
name=unknown_D
#
# <colnr> <probs for GDERKNQSTAVLIFYWHMCP>
#	G	D	E	R	K	N	Q	S	T	A	V	L	I	F	Y	W	H	M	C	P
0	0.17984	0.08231	0.05155	0.01172	0.05118	0.06733	0.03870	0.05753	0.03195	0.07222	0.03560	0.09150	0.03689	0.00730	0.00558	0.00166	0.03520	0.00573	0.00396	0.13225
1	0.05382	0.04021	0.08242	0.01094	0.03454	0.08522	0.00906	0.08861	0.11424	0.05829	0.19986	0.06677	0.10462	0.00926	0.00595	0.00181	0.00509	0.01729	0.00499	0.00704
2	0.03162	0.01411	0.15400	0.12785	0.05305	0.01150	0.04370	0.11052	0.05349	0.06478	0.06694	0.06997	0.06946	0.00774	0.00610	0.00179	0.02466	0.00652	0.00413	0.07805
3	0.01132	0.05893	0.09674	0.01123	0.04264	0.00928	0.05768	0.07455	0.01451	0.05757	0.20521	0.12287	0.13873	0.01085	0.00697	0.03564	0.00485	0.02917	0.00481	0.00644
4	0.03444	0.12529	0.04123	0.01314	0.07117	0.02618	0.03728	0.12421	0.12849	0.12908	0.01726	0.06724	0.03734	0.00880	0.03610	0.00202	0.03585	0.00598	0.00454	0.05437
5	0.04160	0.11665	0.07396	0.03762	0.07962	0.02185	0.01027	0.15785	0.02525	0.07880	0.08998	0.06010	0.05496	0.04228	0.00734	0.00192	0.05323	0.00636	0.03295	0.00741
6	0.11920	0.07123	0.01362	0.05093	0.08820	0.01103	0.03001	0.10479	0.04158	0.03760	0.07298	0.17135	0.04807	0.00892	0.00554	0.00177	0.00483	0.00757	0.05352	0.05726
7	0.05699	0.01322	0.06497	0.09241	0.17256	0.04295	0.02475	0.06700	0.05120	0.10835	0.02257	0.01574	0.01065	0.00834	0.05200	0.00214	0.05443	0.01323	0.00381	0.12266
8	0.01312	0.05836	0.01353	0.05667	0.01548	0.05272	0.00804	0.01742	0.11130	0.04039	0.01336	0.01447	0.02980	0.00529	0.00467	0.00117	0.00492	0.00420	0.00374	0.53136
9	0.13302	0.01226	0.01525	0.07871	0.15541	0.01365	0.01104	0.20637	0.11027	0.02364	0.01340	0.02675	0.01075	0.01082	0.09744	0.00267	0.03706	0.00523	0.00411	0.03214
10	0.00830	0.00609	0.00900	0.00900	0.01003	0.00706	0.00699	0.01037	0.00934	0.01369	0.01549	0.02241	0.01432	0.04105	0.73693	0.00879	0.01468	0.00609	0.04527	0.00512
11	0.83938	0.01106	0.00841	0.00752	0.01106	0.01283	0.00619	0.01681	0.00973	0.02566	0.00796	0.00929	0.00619	0.00531	0.00354	0.00177	0.00442	0.00310	0.00354	0.00619
12	0.00821	0.00550	0.00627	0.00637	0.00640	0.00548	0.00361	0.00829	0.00852	0.01136	0.01906	0.09541	0.02210	0.73923	0.02744	0.00530	0.00537	0.00893	0.00361	0.00356
13	0.02161	0.11394	0.01810	0.01465	0.01767	0.43359	0.01097	0.02200	0.01663	0.08051	0.01693	0.07784	0.01583	0.07029	0.00874	0.00259	0.00923	0.03560	0.00483	0.00844
14	0.05906	0.09509	0.01872	0.05610	0.03176	0.35206	0.10172	0.05995	0.03872	0.01679	0.01169	0.07563	0.01046	0.00688	0.00599	0.00169	0.04211	0.00533	0.00332	0.00691
15	0.07815	0.01083	0.01549	0.11253	0.04538	0.01138	0.08844	0.10911	0.05116	0.18029	0.01848	0.07150	0.01589	0.00870	0.00662	0.00201	0.03520	0.12644	0.00482	0.00757
16	0.00865	0.00633	0.00828	0.00820	0.00864	0.00704	0.00581	0.00963	0.00903	0.01250	0.01737	0.03293	0.01869	0.42996	0.27046	0.00627	0.06643	0.06602	0.00341	0.00435
17	0.01685	0.01535	0.09592	0.10568	0.04175	0.01518	0.05424	0.33466	0.08668	0.05642	0.04216	0.01579	0.01154	0.00696	0.00692	0.00185	0.07348	0.00547	0.00457	0.00854
18	0.29524	0.21708	0.01661	0.01055	0.01416	0.22872	0.00876	0.07045	0.01333	0.01942	0.00994	0.05391	0.00884	0.00619	0.00439	0.00158	0.00658	0.00414	0.00335	0.00678
19	0.00899	0.00828	0.06950	0.00790	0.00962	0.00683	0.00629	0.03025	0.05446	0.01822	0.31712	0.04919	0.10517	0.26768	0.01386	0.00305	0.00432	0.00909	0.00491	0.00527
20	0.00844	0.00585	0.00682	0.00677	0.00679	0.00608	0.00402	0.00856	0.00850	0.01143	0.01831	0.08124	0.02115	0.71380	0.02731	0.00520	0.04388	0.00863	0.00353	0.00367
21	0.01356	0.01141	0.01709	0.35332	0.14879	0.01265	0.03289	0.07266	0.11824	0.06359	0.04362	0.01700	0.01175	0.00621	0.00571	0.00179	0.00645	0.00549	0.00377	0.05401
22	0.05598	0.25934	0.06378	0.01158	0.03901	0.03455	0.04554	0.14826	0.01554	0.06710	0.11692	0.01711	0.01545	0.00658	0.00498	0.00155	0.00564	0.00516	0.07838	0.00753
23	0.00897	0.00607	0.00817	0.00825	0.00886	0.00645	0.00588	0.00976	0.05092	0.01308	0.02109	0.19126	0.08718	0.06921	0.14553	0.29667	0.04616	0.00856	0.00370	0.00424
24	0.01413	0.01141	0.06069	0.20570	0.02059	0.01240	0.01185	0.01727	0.04191	0.16228	0.04258	0.05055	0.01275	0.00820	0.00979	0.00204	0.24991	0.00590	0.05302	0.00705
25	0.27029	0.07778	0.14837	0.22922	0.02233	0.04624	0.01214	0.01646	0.01129	0.01899	0.00926	0.01177	0.00717	0.00533	0.00464	0.00166	0.00641	0.00391	0.00293	0.09381
26	0.01281	0.15603	0.50415	0.01488	0.02189	0.01471	0.06645	0.06082	0.01297	0.01861	0.01068	0.01248	0.00796	0.00546	0.00516	0.00169	0.00766	0.00432	0.05316	0.00810
27	0.24365	0.00841	0.00809	0.00805	0.00978	0.05430	0.00592	0.01254	0.01208	0.04047	0.17402	0.30365	0.03994	0.04588	0.00689	0.00212	0.00406	0.00985	0.00484	0.00545

[dist]
# distance from previous block
# <min> <max>
5	15

[block]
# block no. 4 follows, 41 sequences, length 7
# corresponding to MSA columns:
# 2121-2127
name=unknown_E
#
# <colnr> <probs for GDERKNQSTAVLIFYWHMCP>
#	G	D	E	R	K	N	Q	S	T	A	V	L	I	F	Y	W	H	M	C	P
0	0.01267	0.01172	0.01430	0.01267	0.09356	0.06528	0.05461	0.03934	0.01339	0.01919	0.08892	0.01695	0.03945	0.00570	0.00501	0.00122	0.00516	0.00488	0.00371	0.49229
1	0.07826	0.28866	0.03594	0.01116	0.03113	0.09372	0.00935	0.07043	0.06554	0.03172	0.03268	0.10953	0.01345	0.00827	0.00663	0.04203	0.05529	0.00569	0.00362	0.00690
2	0.01127	0.09667	0.01280	0.00854	0.01270	0.00876	0.00700	0.01354	0.01195	0.01739	0.01668	0.08084	0.06797	0.00704	0.00488	0.00122	0.00435	0.06061	0.00372	0.55205
3	0.01375	0.42659	0.30415	0.01242	0.01846	0.01821	0.01394	0.01896	0.09368	0.01635	0.01051	0.01160	0.00842	0.00541	0.00457	0.00152	0.00681	0.00387	0.00281	0.00795
4	0.03377	0.05872	0.11074	0.05001	0.04503	0.08753	0.05767	0.11519	0.10336	0.04204	0.10551	0.05101	0.01626	0.00771	0.00711	0.00185	0.08869	0.00610	0.00414	0.00755
5	0.05271	0.09730	0.01284	0.00975	0.01254	0.01186	0.00787	0.11416	0.23186	0.02248	0.17203	0.08757	0.07973	0.00979	0.00596	0.00187	0.00439	0.05279	0.00531	0.00719
6	0.17071	0.02837	0.01352	0.03102	0.01498	0.01158	0.06564	0.10171	0.13807	0.05872	0.01502	0.06327	0.01230	0.00755	0.02460	0.00181	0.00527	0.00546	0.05656	0.17385

[dist]
# distance from previous block
# <min> <max>
0	14

[block]
# block no. 5 follows, 41 sequences, length 26
# corresponding to MSA columns:
# 2142-2167
name=unknown_F
#
# <colnr> <probs for GDERKNQSTAVLIFYWHMCP>
#	G	D	E	R	K	N	Q	S	T	A	V	L	I	F	Y	W	H	M	C	P
0	0.01569	0.05861	0.14049	0.01378	0.04598	0.04999	0.07144	0.14139	0.06963	0.12475	0.08962	0.04056	0.05497	0.00768	0.00653	0.00181	0.04825	0.00629	0.00456	0.00799
1	0.01412	0.19000	0.23466	0.03446	0.04381	0.03733	0.17368	0.05619	0.01320	0.05904	0.01198	0.03820	0.00988	0.05105	0.00679	0.00192	0.00755	0.00529	0.00314	0.00770
2	0.01133	0.01067	0.01752	0.61292	0.11699	0.01275	0.01533	0.01488	0.01150	0.01527	0.01009	0.01477	0.00783	0.00579	0.00631	0.00185	0.04877	0.00498	0.00262	0.05782
3	0.01244	0.01005	0.01519	0.51576	0.03021	0.01186	0.01313	0.04489	0.09588	0.07639	0.01482	0.06633	0.01222	0.03140	0.00660	0.00205	0.00662	0.02367	0.00366	0.00684
4	0.07064	0.01533	0.15954	0.05907	0.06081	0.04530	0.08320	0.08311	0.06247	0.12939	0.03749	0.02109	0.08217	0.00727	0.00577	0.00181	0.00636	0.03356	0.00429	0.03132
5	0.01025	0.00766	0.03919	0.01076	0.05091	0.00667	0.02933	0.01250	0.03468	0.09925	0.02861	0.48359	0.05758	0.01449	0.00695	0.00220	0.00429	0.08997	0.00520	0.00589
6	0.01068	0.01002	0.01724	0.63889	0.03524	0.01199	0.06648	0.01433	0.01166	0.01503	0.01273	0.06284	0.01099	0.00697	0.00602	0.00198	0.00738	0.05034	0.00289	0.00629
7	0.01131	0.04563	0.21351	0.05651	0.06247	0.00999	0.01166	0.01540	0.06335	0.07668	0.04890	0.23884	0.08270	0.01032	0.00645	0.00196	0.02429	0.00885	0.00426	0.00693
8	0.02913	0.03248	0.21746	0.01406	0.04516	0.04195	0.05151	0.07273	0.10039	0.27330	0.01645	0.03055	0.01165	0.00669	0.00604	0.00181	0.02970	0.00542	0.00475	0.00877
9	0.03698	0.02582	0.01264	0.01107	0.03812	0.00988	0.00858	0.02108	0.12039	0.31985	0.11422	0.09417	0.02178	0.00941	0.00734	0.00196	0.08149	0.05163	0.00575	0.00786
10	0.01147	0.02959	0.76934	0.01630	0.02476	0.01328	0.02113	0.01811	0.01208	0.01811	0.01026	0.01208	0.00725	0.00543	0.00543	0.00181	0.00845	0.00423	0.00242	0.00845
11	0.01524	0.22873	0.13994	0.04136	0.04623	0.11570	0.06723	0.08415	0.01429	0.06055	0.05180	0.06022	0.01260	0.00773	0.02872	0.00186	0.00727	0.00536	0.00352	0.00751
12	0.04167	0.03990	0.19312	0.03577	0.12486	0.02658	0.09922	0.10399	0.02791	0.17216	0.01452	0.03905	0.01106	0.00655	0.00596	0.00182	0.02038	0.02291	0.00413	0.00846
13	0.03922	0.18788	0.02199	0.01835	0.19690	0.04185	0.11561	0.05963	0.01377	0.11039	0.01359	0.04056	0.01151	0.00662	0.00592	0.00172	0.03470	0.04707	0.02483	0.00789
14	0.00832	0.00555	0.00624	0.00624	0.00624	0.00555	0.00347	0.00832	0.00832	0.01109	0.01802	0.03743	0.02080	0.79898	0.02911	0.00555	0.00555	0.00832	0.00347	0.00347
15	0.01588	0.73038	0.02880	0.01010	0.01496	0.02218	0.00989	0.08374	0.01302	0.01553	0.00848	0.00959	0.00756	0.00507	0.00386	0.00127	0.00613	0.00325	0.00275	0.00756
16	0.03781	0.01007	0.07616	0.03565	0.04113	0.00805	0.00823	0.04347	0.01444	0.14219	0.22569	0.02888	0.12836	0.02892	0.00640	0.00176	0.00437	0.00736	0.03466	0.11642
17	0.11503	0.21400	0.42183	0.01336	0.01984	0.06945	0.01547	0.01833	0.01209	0.03891	0.00967	0.01112	0.00734	0.00537	0.00476	0.00164	0.00742	0.00381	0.00273	0.00781
18	0.01098	0.01041	0.01719	0.70659	0.03691	0.01320	0.01554	0.01453	0.01116	0.01453	0.00990	0.01497	0.00761	0.00616	0.00705	0.00197	0.08735	0.00508	0.00254	0.00634
19	0.00817	0.00613	0.00919	0.00919	0.01021	0.00715	0.00715	0.01021	0.00919	0.01328	0.01532	0.02247	0.01430	0.04290	0.77631	0.00919	0.01532	0.00613	0.00306	0.00511
20	0.00765	0.00578	0.00857	0.00896	0.00978	0.00541	0.05755	0.00908	0.01147	0.01561	0.07120	0.66581	0.03575	0.01618	0.00710	0.00223	0.00371	0.01481	0.03843	0.00493
21	0.24086	0.01073	0.01240	0.01080	0.01377	0.03072	0.07520	0.15272	0.01466	0.04469	0.02066	0.15081	0.07023	0.00994	0.00587	0.00200	0.00527	0.11739	0.00466	0.00663
22	0.01529	0.80242	0.02997	0.00979	0.01468	0.02263	0.00979	0.01713	0.01162	0.01346	0.00795	0.00918	0.00734	0.00489	0.00367	0.00122	0.00612	0.00306	0.00245	0.00734
23	0.00830	0.00602	0.00779	0.00806	0.00877	0.00632	0.00567	0.01037	0.05251	0.01444	0.07761	0.21721	0.02585	0.25619	0.23562	0.00521	0.00754	0.03755	0.00422	0.00476
24	0.04927	0.06561	0.05985	0.00892	0.01171	0.03109	0.00745	0.01646	0.01292	0.23034	0.10954	0.06883	0.06616	0.15201	0.06106	0.00292	0.00562	0.00728	0.02633	0.00660
25	0.12503	0.04352	0.01166	0.01018	0.01251	0.21053	0.02278	0.01596	0.05555	0.03143	0.04030	0.13773	0.11546	0.01272	0.08106	0.00251	0.02144	0.00736	0.03623	0.00604

[dist]
# distance from previous block
# <min> <max>
1	12

[block]
# block no. 6 follows, 41 sequences, length 13
# corresponding to MSA columns:
# 2180-2192
name=unknown_G
#
# <colnr> <probs for GDERKNQSTAVLIFYWHMCP>
#	G	D	E	R	K	N	Q	S	T	A	V	L	I	F	Y	W	H	M	C	P
0	0.04749	0.28303	0.30377	0.01260	0.01833	0.01631	0.01380	0.01934	0.10264	0.05051	0.01140	0.01247	0.00885	0.00578	0.00542	0.00163	0.04373	0.00414	0.00313	0.03565
1	0.01482	0.70772	0.12057	0.01059	0.01592	0.02149	0.01118	0.01725	0.01168	0.01403	0.00824	0.00953	0.00733	0.00496	0.00389	0.00130	0.00640	0.00320	0.00244	0.00748
2	0.04556	0.04412	0.08758	0.01014	0.01346	0.00866	0.00924	0.01509	0.01239	0.10919	0.03409	0.03101	0.01828	0.01478	0.13191	0.00304	0.00689	0.22159	0.02019	0.16279
3	0.10957	0.00648	0.00782	0.00800	0.00923	0.00686	0.00593	0.01010	0.01070	0.01595	0.06578	0.24527	0.14392	0.05862	0.24460	0.00443	0.02752	0.00988	0.00430	0.00504
4	0.00803	0.00568	0.00748	0.00771	0.00817	0.00603	0.00524	0.00901	0.00912	0.01256	0.01928	0.16217	0.02116	0.36469	0.32146	0.00644	0.00904	0.00882	0.00362	0.00432
5	0.01317	0.07074	0.17184	0.05885	0.06574	0.02451	0.10354	0.04399	0.17366	0.04889	0.05724	0.05123	0.04777	0.00748	0.00609	0.00186	0.01948	0.02204	0.00407	0.00781
6	0.04045	0.01681	0.28576	0.01217	0.01693	0.01110	0.01263	0.13833	0.03731	0.09693	0.05273	0.12488	0.01720	0.00869	0.00588	0.00189	0.00598	0.05743	0.04922	0.00769
7	0.12297	0.00961	0.01208	0.00969	0.01354	0.00893	0.00794	0.04817	0.01538	0.55171	0.04782	0.02207	0.01579	0.04167	0.00664	0.00198	0.00483	0.04422	0.00632	0.00863
8	0.11055	0.00717	0.00910	0.03617	0.03922	0.00730	0.00814	0.01178	0.01249	0.01785	0.06080	0.15561	0.10754	0.01376	0.00695	0.00231	0.00466	0.37823	0.00493	0.00543
9	0.13189	0.15607	0.02942	0.06514	0.04149	0.08239	0.03205	0.14038	0.04544	0.18569	0.02889	0.01431	0.01057	0.00617	0.00506	0.00166	0.00615	0.00468	0.00445	0.00809
10	0.00964	0.00661	0.00912	0.00920	0.01020	0.00718	0.00718	0.01134	0.01045	0.05426	0.02010	0.03695	0.02063	0.20808	0.31257	0.00581	0.04638	0.20524	0.00396	0.00507
11	0.01290	0.01733	0.29010	0.05493	0.05796	0.01147	0.08580	0.03625	0.09465	0.08944	0.13744	0.05327	0.01833	0.00738	0.00597	0.00185	0.00646	0.00650	0.00414	0.00785
12	0.05056	0.10762	0.01418	0.00892	0.01381	0.01040	0.00739	0.04501	0.04511	0.01926	0.01052	0.01191	0.00868	0.00463	0.00426	0.00102	0.00457	0.00354	0.00348	0.62513

[dist]
# distance from previous block
# <min> <max>
4	192

[block]
# block no. 7 follows, 41 sequences, length 19
# corresponding to MSA columns:
# 2388-2406
name=unknown_H
#
# <colnr> <probs for GDERKNQSTAVLIFYWHMCP>
#	G	D	E	R	K	N	Q	S	T	A	V	L	I	F	Y	W	H	M	C	P
0	0.01618	0.09454	0.04174	0.08697	0.01853	0.07185	0.05951	0.20361	0.05535	0.07258	0.06237	0.01587	0.01245	0.00697	0.00623	0.04265	0.00624	0.00511	0.00423	0.11702
1	0.03046	0.14649	0.08938	0.08546	0.01616	0.03799	0.03275	0.07787	0.06787	0.01833	0.11181	0.10838	0.04516	0.09781	0.00830	0.00219	0.00568	0.00725	0.00406	0.00658
2	0.13621	0.00942	0.05008	0.04297	0.05107	0.00910	0.00772	0.03304	0.09449	0.01871	0.10928	0.05708	0.12707	0.13514	0.09172	0.00322	0.00583	0.00755	0.00430	0.00599
3	0.00805	0.00534	0.00644	0.00681	0.00691	0.00525	0.00409	0.00816	0.00900	0.01201	0.02129	0.25085	0.02487	0.52329	0.02246	0.06233	0.00487	0.01034	0.00392	0.00373
4	0.01768	0.06725	0.04565	0.01208	0.01614	0.03474	0.01011	0.23719	0.37118	0.09827	0.01850	0.01747	0.01353	0.00710	0.00561	0.00179	0.00549	0.00562	0.00548	0.00912
5	0.04686	0.29504	0.17715	0.01261	0.01818	0.01660	0.06538	0.14420	0.01484	0.08186	0.01107	0.01208	0.00844	0.00549	0.00482	0.00152	0.00658	0.00418	0.00353	0.06957
6	0.01516	0.15879	0.16572	0.01450	0.10314	0.03275	0.03678	0.04548	0.06703	0.13630	0.09924	0.01788	0.02628	0.00655	0.00537	0.00164	0.00604	0.00539	0.00413	0.05183
7	0.09236	0.16894	0.56061	0.01426	0.02159	0.01495	0.01761	0.01781	0.01177	0.01799	0.00962	0.01128	0.00716	0.00532	0.00493	0.00170	0.00764	0.00390	0.00253	0.00803
8	0.01442	0.01362	0.02186	0.14334	0.12778	0.03163	0.21959	0.15589	0.04464	0.02061	0.01296	0.06580	0.01088	0.00690	0.00736	0.00192	0.08311	0.00632	0.00361	0.00776
9	0.01262	0.01996	0.37653	0.01376	0.01941	0.03518	0.05049	0.04747	0.05159	0.05874	0.03653	0.08811	0.03651	0.00739	0.00625	0.00179	0.04019	0.00606	0.00359	0.08782
10	0.01176	0.00957	0.01462	0.01224	0.01486	0.00951	0.16400	0.08556	0.10611	0.05486	0.10822	0.27495	0.05204	0.04481	0.00762	0.00217	0.00519	0.01027	0.00501	0.00662
11	0.00911	0.00568	0.00766	0.00856	0.00943	0.00530	0.00619	0.01047	0.01180	0.08787	0.03047	0.61175	0.03481	0.01656	0.00724	0.00232	0.00376	0.12031	0.00547	0.00523
12	0.01455	0.00923	0.01285	0.23843	0.02039	0.00984	0.01006	0.08921	0.05306	0.19691	0.07003	0.18481	0.02035	0.00962	0.00622	0.00196	0.00535	0.03490	0.00505	0.00717
13	0.01440	0.06688	0.05695	0.29274	0.18335	0.01479	0.04965	0.16280	0.06553	0.02067	0.01182	0.01457	0.00903	0.00584	0.00561	0.00178	0.00701	0.00510	0.00347	0.00802
14	0.00787	0.00674	0.00702	0.00773	0.00875	0.05676	0.00539	0.00905	0.01197	0.01483	0.03838	0.50726	0.26539	0.01602	0.00698	0.00214	0.00366	0.01408	0.00515	0.00484
15	0.01260	0.01053	0.01358	0.07199	0.09824	0.00871	0.00874	0.01532	0.01214	0.04931	0.01074	0.01269	0.00871	0.00456	0.00457	0.00106	0.00481	0.00381	0.00341	0.64447
16	0.01566	0.01479	0.01495	0.20049	0.03316	0.21273	0.01116	0.07164	0.04556	0.07920	0.01223	0.01493	0.00966	0.01103	0.10804	0.00266	0.04666	0.00481	0.00355	0.08710
17	0.01265	0.01205	0.02009	0.22423	0.32262	0.01235	0.09463	0.01683	0.05119	0.01803	0.04329	0.01587	0.01092	0.00554	0.00566	0.00168	0.00669	0.00534	0.00314	0.11720
18	0.03682	0.09422	0.34953	0.01167	0.01706	0.01099	0.01297	0.01528	0.01215	0.05406	0.02058	0.12108	0.12594	0.00835	0.00555	0.00174	0.00601	0.00684	0.00359	0.08557

[dist]
# distance from previous block
# <min> <max>
4	17

[block]
# block no. 8 follows, 41 sequences, length 24
# corresponding to MSA columns:
# 2424-2447
name=unknown_I
#
# <colnr> <probs for GDERKNQSTAVLIFYWHMCP>
#	G	D	E	R	K	N	Q	S	T	A	V	L	I	F	Y	W	H	M	C	P
0	0.01450	0.08747	0.37251	0.08062	0.02302	0.07003	0.07855	0.05379	0.01336	0.09166	0.01153	0.01363	0.00852	0.02270	0.00640	0.00185	0.03404	0.00469	0.00315	0.00799
1	0.01357	0.01771	0.27031	0.05829	0.03676	0.01280	0.09871	0.07723	0.07820	0.06563	0.01296	0.03715	0.01016	0.00754	0.00808	0.06095	0.07721	0.00538	0.00349	0.04787
2	0.01493	0.03991	0.07024	0.13087	0.21454	0.02189	0.01277	0.05477	0.04163	0.15012	0.01477	0.03342	0.02236	0.01095	0.09130	0.02977	0.02853	0.00556	0.00386	0.00780
3	0.03011	0.00939	0.02829	0.13521	0.01690	0.00893	0.03254	0.05809	0.04167	0.11168	0.19661	0.07344	0.06810	0.00962	0.02924	0.00194	0.00509	0.00738	0.00482	0.13093
4	0.01166	0.00676	0.00921	0.00962	0.05199	0.00617	0.00662	0.01354	0.01377	0.17826	0.22645	0.33699	0.08007	0.01299	0.00669	0.00200	0.00365	0.01153	0.00582	0.00620
5	0.00902	0.00700	0.00923	0.00899	0.00984	0.04297	0.05763	0.00959	0.01046	0.01363	0.05040	0.33282	0.05302	0.14992	0.04674	0.16434	0.00528	0.01062	0.00410	0.00440
6	0.26377	0.00839	0.00954	0.00889	0.01072	0.00924	0.03040	0.01364	0.01078	0.07202	0.01831	0.26421	0.01881	0.05457	0.00812	0.00219	0.08824	0.00834	0.09404	0.00576
7	0.56152	0.01176	0.01165	0.00971	0.01347	0.01316	0.05929	0.09133	0.08128	0.06070	0.01120	0.01210	0.00838	0.00578	0.00431	0.00178	0.00496	0.00406	0.02650	0.00706
8	0.00811	0.00533	0.00699	0.00794	0.00864	0.00489	0.00543	0.00921	0.01144	0.06107	0.03288	0.69410	0.08846	0.01700	0.00717	0.00226	0.00338	0.01531	0.00542	0.00497
9	0.00930	0.00614	0.00770	0.00761	0.00903	0.00575	0.00558	0.01198	0.04971	0.07246	0.34777	0.26362	0.11394	0.01305	0.00666	0.00195	0.00314	0.01151	0.04748	0.00560
10	0.01614	0.62270	0.07341	0.01076	0.01582	0.02123	0.01067	0.13929	0.01421	0.01754	0.00907	0.01012	0.00774	0.00526	0.00412	0.00134	0.00629	0.00348	0.00299	0.00781
11	0.00745	0.00616	0.00713	0.00720	0.00861	0.00583	0.00542	0.00899	0.01270	0.01608	0.12682	0.18998	0.46378	0.01455	0.00776	0.00206	0.05886	0.04042	0.00522	0.00498
12	0.00772	0.00558	0.00717	0.00809	0.00874	0.00531	0.00554	0.04269	0.01209	0.01615	0.07649	0.68800	0.06113	0.01691	0.00717	0.00225	0.00341	0.01524	0.00539	0.00494
13	0.01020	0.00615	0.00749	0.00716	0.00842	0.00577	0.00499	0.01145	0.01180	0.11390	0.13411	0.11988	0.15827	0.28703	0.06148	0.00361	0.00485	0.00959	0.02877	0.00510
14	0.23217	0.01130	0.01280	0.01008	0.01431	0.01136	0.00833	0.16524	0.01674	0.43527	0.01712	0.01575	0.01126	0.00659	0.00518	0.00176	0.00503	0.00496	0.00591	0.00883
15	0.00987	0.00682	0.00915	0.00874	0.00989	0.00753	0.00650	0.06257	0.01051	0.04422	0.01620	0.02563	0.01566	0.23605	0.49620	0.00742	0.01172	0.00661	0.00352	0.00519
16	0.01586	0.00811	0.00993	0.00860	0.01130	0.00776	0.00683	0.06203	0.06691	0.27743	0.14262	0.06373	0.05895	0.00906	0.00575	0.00176	0.00394	0.04195	0.19017	0.00731
17	0.00812	0.00605	0.00896	0.00902	0.00997	0.00697	0.00692	0.01003	0.00925	0.01326	0.01621	0.06057	0.01568	0.06970	0.71127	0.00872	0.01438	0.00670	0.00319	0.00502
18	0.01460	0.66254	0.16380	0.01097	0.01650	0.02094	0.01184	0.01731	0.01170	0.01430	0.00837	0.00970	0.00732	0.00499	0.00399	0.00133	0.00654	0.00327	0.00244	0.00754
19	0.07065	0.01078	0.01701	0.01506	0.05785	0.01207	0.15885	0.01510	0.04748	0.04694	0.05323	0.15997	0.01772	0.01084	0.03147	0.00236	0.22017	0.04202	0.00386	0.00657
20	0.00954	0.00840	0.01356	0.51326	0.02863	0.00995	0.01231	0.01242	0.01134	0.01469	0.01760	0.26379	0.01803	0.00992	0.00629	0.00206	0.00618	0.03273	0.00351	0.00578
21	0.01332	0.00964	0.01084	0.00996	0.01251	0.01035	0.00764	0.03738	0.38300	0.10792	0.05261	0.12226	0.08483	0.06622	0.00786	0.00225	0.00436	0.04382	0.00568	0.00754
22	0.01464	0.06872	0.01400	0.01132	0.01461	0.04218	0.00896	0.05485	0.60488	0.02313	0.02105	0.01979	0.01593	0.00739	0.00554	0.00183	0.00481	0.00601	0.05170	0.00866
23	0.01436	0.13857	0.07745	0.01832	0.02351	0.01487	0.40638	0.05926	0.04782	0.05487	0.01371	0.01881	0.01118	0.00617	0.00613	0.00185	0.00798	0.06749	0.00349	0.00777

[dist]
# distance from previous block
# <min> <max>
0	19

[block]
# block no. 9 follows, 41 sequences, length 25
# corresponding to MSA columns:
# 2467-2491
name=unknown_J
#
# <colnr> <probs for GDERKNQSTAVLIFYWHMCP>
#	G	D	E	R	K	N	Q	S	T	A	V	L	I	F	Y	W	H	M	C	P
0	0.62822	0.02842	0.07213	0.00943	0.01305	0.06806	0.00836	0.01710	0.01034	0.02298	0.00818	0.00986	0.00650	0.00575	0.00510	0.00180	0.07159	0.00339	0.00330	0.00644
1	0.01401	0.43467	0.34091	0.01280	0.01909	0.05948	0.01464	0.01785	0.01206	0.01545	0.00898	0.01046	0.00730	0.00518	0.00449	0.00148	0.00733	0.00358	0.00246	0.00777
2	0.03793	0.01152	0.01357	0.04154	0.01555	0.01099	0.00856	0.21701	0.01627	0.13333	0.01284	0.01389	0.00962	0.00647	0.00629	0.04642	0.02656	0.00441	0.00447	0.36277
3	0.28931	0.01480	0.01236	0.01094	0.01434	0.14668	0.00861	0.08375	0.31843	0.02378	0.01490	0.01480	0.01133	0.00655	0.00494	0.00178	0.00565	0.00476	0.00456	0.00774
4	0.00951	0.00702	0.00856	0.00762	0.00959	0.00655	0.00583	0.07074	0.01632	0.02301	0.55779	0.03800	0.09966	0.01072	0.00636	0.00171	0.00314	0.00930	0.03272	0.07586
5	0.01147	0.02959	0.76934	0.01630	0.02476	0.01328	0.02113	0.01811	0.01208	0.01811	0.01026	0.01208	0.00725	0.00543	0.00543	0.00181	0.00845	0.00423	0.00242	0.00845
6	0.02144	0.01587	0.01699	0.01310	0.01762	0.01760	0.01080	0.71535	0.05627	0.03556	0.01412	0.01404	0.01004	0.00690	0.00573	0.00173	0.00622	0.00520	0.00573	0.00970
7	0.02158	0.01087	0.01343	0.01054	0.01484	0.01030	0.00858	0.09711	0.15214	0.47237	0.02040	0.01837	0.01367	0.00685	0.00559	0.00169	0.00487	0.00555	0.00629	0.10497
8	0.00990	0.00522	0.00755	0.00741	0.00762	0.00512	0.00493	0.00780	0.00770	0.01038	0.01052	0.01859	0.01065	0.07497	0.02209	0.73994	0.00498	0.00514	0.00259	0.03689
9	0.01607	0.01551	0.01382	0.01235	0.01560	0.16804	0.00955	0.06752	0.56508	0.02258	0.01985	0.01871	0.01501	0.00734	0.00568	0.00183	0.00579	0.00583	0.00524	0.00860
10	0.00763	0.00574	0.00674	0.00684	0.00831	0.00507	0.00503	0.00940	0.01363	0.03282	0.26266	0.20336	0.37033	0.01423	0.00687	0.00198	0.00301	0.02564	0.00564	0.00507
11	0.01742	0.01072	0.01287	0.03179	0.01436	0.01118	0.00874	0.30824	0.01874	0.16656	0.10164	0.02399	0.01804	0.01017	0.00839	0.12020	0.00527	0.07827	0.02588	0.00755
12	0.00988	0.00859	0.01065	0.04376	0.11838	0.00864	0.00803	0.01519	0.18104	0.01855	0.10583	0.03910	0.36486	0.01105	0.00638	0.00191	0.00408	0.03252	0.00505	0.00652
13	0.00795	0.00596	0.00704	0.00778	0.00861	0.02257	0.00541	0.00988	0.03954	0.01650	0.12028	0.53531	0.10223	0.01540	0.00684	0.00212	0.00336	0.01374	0.06446	0.00501
14	0.02122	0.08009	0.01821	0.01289	0.01749	0.01814	0.01078	0.68499	0.02565	0.03421	0.01326	0.01336	0.00953	0.00671	0.00555	0.00168	0.00628	0.00498	0.00546	0.00953
15	0.01693	0.01083	0.01274	0.00954	0.01411	0.00957	0.00774	0.15592	0.01579	0.20023	0.01439	0.01470	0.01050	0.00558	0.00486	0.00127	0.00467	0.00442	0.06330	0.42290
16	0.01437	0.01092	0.01233	0.01070	0.01376	0.01192	0.02862	0.11537	0.39881	0.07236	0.07625	0.05315	0.07234	0.00857	0.00587	0.00185	0.00447	0.00721	0.07299	0.00812
17	0.00726	0.00515	0.00678	0.00798	0.00835	0.00487	0.00541	0.00827	0.01086	0.01445	0.03016	0.67172	0.03587	0.09181	0.00941	0.00265	0.00367	0.06563	0.00513	0.00458
18	0.04123	0.01536	0.01568	0.01230	0.01649	0.07013	0.01005	0.55617	0.02367	0.10156	0.01442	0.01445	0.01024	0.00676	0.00551	0.00168	0.00615	0.00506	0.06396	0.00911
19	0.00981	0.00505	0.00757	0.00757	0.00765	0.00512	0.00512	0.00765	0.00757	0.01017	0.01032	0.01775	0.01024	0.02150	0.07569	0.77526	0.00570	0.00505	0.00252	0.00267
20	0.00780	0.00595	0.00876	0.00890	0.00960	0.00564	0.06496	0.00889	0.01058	0.01413	0.02691	0.56398	0.03169	0.18973	0.01208	0.00300	0.00433	0.01373	0.00470	0.00463
21	0.01451	0.34282	0.32036	0.01295	0.01894	0.08032	0.01429	0.01940	0.07272	0.03921	0.01064	0.01173	0.00834	0.00549	0.00473	0.00155	0.00722	0.00393	0.00289	0.00794
22	0.01724	0.08608	0.01552	0.01119	0.01510	0.03227	0.00914	0.34728	0.11290	0.06063	0.04467	0.07918	0.01458	0.00756	0.00549	0.00164	0.00538	0.00602	0.02216	0.10596
23	0.01306	0.01067	0.01164	0.01004	0.01266	0.07061	0.00777	0.10115	0.09723	0.03903	0.01429	0.01845	0.01232	0.07268	0.21647	0.06189	0.03007	0.00530	0.01571	0.17897
24	0.08982	0.07821	0.10042	0.02771	0.03413	0.02643	0.04099	0.08424	0.06796	0.15233	0.01461	0.07461	0.01194	0.00750	0.00727	0.00184	0.11718	0.00568	0.00422	0.05292

[dist]
# distance from previous block
# <min> <max>
2	30

[block]
# block no. 10 follows, 41 sequences, length 24
# corresponding to MSA columns:
# 2522-2545
name=unknown_K
#
# <colnr> <probs for GDERKNQSTAVLIFYWHMCP>
#	G	D	E	R	K	N	Q	S	T	A	V	L	I	F	Y	W	H	M	C	P
0	0.05856	0.05030	0.01728	0.22493	0.09081	0.03719	0.07402	0.04221	0.05725	0.12905	0.01475	0.08622	0.01230	0.00824	0.02724	0.00208	0.05012	0.00620	0.00390	0.00735
1	0.06139	0.18879	0.13878	0.03044	0.01690	0.01419	0.02539	0.14137	0.03534	0.17106	0.04381	0.01883	0.03691	0.00703	0.00532	0.00171	0.00596	0.04417	0.00447	0.00810
2	0.01049	0.00684	0.00854	0.00774	0.00959	0.00652	0.00592	0.03785	0.05639	0.08750	0.56218	0.03792	0.07387	0.01076	0.00643	0.00178	0.00311	0.00936	0.05111	0.00609
3	0.00968	0.00651	0.00812	0.00795	0.00947	0.00620	0.00589	0.01284	0.07736	0.07979	0.32883	0.22652	0.11473	0.04339	0.00763	0.00213	0.00341	0.03799	0.00583	0.00574
4	0.01402	0.01196	0.05696	0.28448	0.12558	0.03417	0.04103	0.06144	0.03051	0.12491	0.07414	0.06929	0.03200	0.00736	0.00593	0.00185	0.00639	0.00649	0.00405	0.00742
5	0.03178	0.05567	0.05568	0.01149	0.01499	0.04425	0.02758	0.17069	0.12783	0.18258	0.01715	0.01859	0.03444	0.05872	0.00922	0.07063	0.05036	0.00564	0.00484	0.00785
6	0.09507	0.01191	0.01274	0.01039	0.01387	0.03678	0.00830	0.26355	0.08934	0.20194	0.05657	0.01928	0.01472	0.06961	0.00729	0.00203	0.00522	0.00572	0.06750	0.00818
7	0.01168	0.00736	0.00888	0.00831	0.01031	0.00714	0.00633	0.03723	0.10339	0.13078	0.21592	0.16008	0.14002	0.03739	0.00719	0.00205	0.00370	0.04542	0.05050	0.00633
8	0.01110	0.01042	0.01692	0.69699	0.03660	0.01306	0.01529	0.01553	0.05650	0.01514	0.01082	0.01548	0.00822	0.00607	0.00642	0.00194	0.04909	0.00516	0.00274	0.00651
9	0.01080	0.01017	0.01716	0.78523	0.03940	0.01271	0.01589	0.01461	0.01144	0.01461	0.01017	0.01525	0.00762	0.00572	0.00572	0.00191	0.00762	0.00508	0.00254	0.00635
10	0.06141	0.01011	0.01178	0.01012	0.01325	0.01035	0.00833	0.21362	0.04775	0.19114	0.09634	0.03090	0.07048	0.00956	0.00611	0.00192	0.00483	0.14449	0.04986	0.00766
11	0.00711	0.00529	0.00664	0.00753	0.00833	0.00483	0.00526	0.00841	0.01195	0.01561	0.10094	0.54136	0.19518	0.01655	0.00716	0.00220	0.00325	0.04222	0.00539	0.00478
12	0.01160	0.00845	0.00914	0.00830	0.01076	0.00867	0.00642	0.05617	0.23456	0.06538	0.12758	0.03461	0.26494	0.01023	0.00599	0.00182	0.00362	0.00854	0.11644	0.00678
13	0.00837	0.00622	0.00890	0.05573	0.01095	0.00707	0.00672	0.00998	0.00910	0.01279	0.01572	0.02596	0.01560	0.23902	0.53328	0.00779	0.01229	0.00664	0.00314	0.00475
14	0.10164	0.01026	0.01149	0.00837	0.01328	0.00819	0.00671	0.01466	0.01163	0.01940	0.00993	0.01158	0.00822	0.00435	0.00416	0.00095	0.00426	0.00336	0.00341	0.74414
15	0.00807	0.00585	0.00815	0.00830	0.00898	0.00646	0.00600	0.00947	0.00916	0.01286	0.01783	0.11265	0.01860	0.23472	0.49808	0.00749	0.01146	0.00782	0.00342	0.00463
16	0.00765	0.00510	0.00642	0.00737	0.00796	0.00478	0.00502	0.00874	0.01109	0.01540	0.03068	0.57788	0.09346	0.01610	0.00759	0.04748	0.00328	0.01370	0.12566	0.00464
17	0.01080	0.01017	0.01716	0.78523	0.03940	0.01271	0.01589	0.01461	0.01144	0.01461	0.01017	0.01525	0.00762	0.00572	0.00572	0.00191	0.00762	0.00508	0.00254	0.00635
18	0.01502	0.01641	0.02167	0.08283	0.02247	0.20581	0.28070	0.07202	0.01456	0.01783	0.06509	0.03984	0.01281	0.03639	0.00799	0.00198	0.07007	0.00618	0.00340	0.00694
19	0.00985	0.00627	0.00896	0.00875	0.00942	0.00688	0.00643	0.01022	0.00934	0.05366	0.03408	0.11251	0.01667	0.08193	0.28519	0.25751	0.06727	0.00712	0.00344	0.00448
20	0.04688	0.26822	0.19339	0.01437	0.07034	0.03402	0.04596	0.10311	0.04613	0.08821	0.01153	0.01259	0.00880	0.00576	0.00531	0.00162	0.02772	0.00434	0.00349	0.00821
21	0.00765	0.04859	0.00792	0.00781	0.00841	0.00578	0.00534	0.00868	0.01099	0.01462	0.07304	0.61507	0.03510	0.11107	0.00970	0.00262	0.00370	0.01422	0.00499	0.00470
22	0.08785	0.00963	0.01151	0.00934	0.01289	0.00931	0.00756	0.10016	0.05756	0.39744	0.09053	0.02226	0.05432	0.00770	0.00552	0.00174	0.00443	0.00621	0.09577	0.00827
23	0.08998	0.01058	0.06805	0.09210	0.03892	0.00983	0.04055	0.03215	0.05356	0.13308	0.08188	0.13496	0.05291	0.00957	0.00666	0.00198	0.04431	0.06061	0.03147	0.00686

[dist]
# distance from previous block
# <min> <max>
0	1

[block]
# block no. 11 follows, 41 sequences, length 9
# corresponding to MSA columns:
# 2547-2555
name=unknown_L
#
# <colnr> <probs for GDERKNQSTAVLIFYWHMCP>
#	G	D	E	R	K	N	Q	S	T	A	V	L	I	F	Y	W	H	M	C	P
0	0.01319	0.01000	0.01539	0.24065	0.14011	0.01094	0.02933	0.04014	0.04684	0.11555	0.03740	0.09560	0.01583	0.01084	0.06133	0.00249	0.04219	0.06100	0.00406	0.00713
1	0.03908	0.00709	0.00830	0.00765	0.00962	0.00690	0.00592	0.07256	0.01488	0.10693	0.24099	0.10700	0.07963	0.01020	0.00581	0.00176	0.00347	0.03911	0.22695	0.00613
2	0.00883	0.00561	0.00743	0.00760	0.00859	0.00519	0.00541	0.01005	0.01279	0.05974	0.29098	0.32481	0.08549	0.01512	0.00908	0.11791	0.00339	0.01170	0.00537	0.00491
3	0.04806	0.05738	0.11560	0.16544	0.14640	0.07055	0.07455	0.07415	0.08505	0.03511	0.03167	0.01509	0.01041	0.00604	0.00580	0.00177	0.02382	0.00512	0.02020	0.00779
4	0.01459	0.48695	0.19212	0.01262	0.01801	0.01901	0.06439	0.01767	0.01187	0.04789	0.00933	0.01094	0.00772	0.00545	0.00540	0.00151	0.06036	0.00383	0.00268	0.00764
5	0.04748	0.00746	0.00906	0.00817	0.01036	0.00725	0.00629	0.01624	0.10550	0.15258	0.39931	0.07895	0.07539	0.01045	0.00625	0.00183	0.00342	0.00900	0.03844	0.00656
6	0.07216	0.01017	0.01163	0.05367	0.01380	0.04869	0.00812	0.10888	0.01544	0.19691	0.15610	0.06381	0.05167	0.00873	0.00674	0.00181	0.06793	0.00692	0.08971	0.00713
7	0.01384	0.07505	0.22655	0.05527	0.08282	0.04081	0.05617	0.01855	0.05999	0.11041	0.11312	0.01875	0.01590	0.00665	0.00551	0.00171	0.00625	0.00563	0.07930	0.00770
