[name]
unknown

[dist]
# distance from previous block
# <min> <max>
0	95

[block]
# block no. 0 follows, 46 sequences, length 41
# corresponding to MSA columns:
# 95-135
name=unknown_A
#
# <colnr> <probs for GDERKNQSTAVLIFYWHMCP>
#	G	D	E	R	K	N	Q	S	T	A	V	L	I	F	Y	W	H	M	C	P
0	0.01201	0.05530	0.10682	0.01066	0.01346	0.05035	0.03330	0.06129	0.01278	0.10457	0.02230	0.12483	0.08287	0.01045	0.00670	0.00195	0.05059	0.22929	0.00430	0.00616
1	0.01414	0.35505	0.12282	0.01348	0.10153	0.01640	0.03508	0.08554	0.15092	0.04013	0.01148	0.01224	0.00908	0.00531	0.00449	0.00145	0.00583	0.00411	0.00328	0.00766
2	0.01481	0.02578	0.08802	0.00984	0.01284	0.14140	0.00843	0.03785	0.01364	0.23749	0.09221	0.15825	0.08115	0.00925	0.00567	0.00173	0.00518	0.04509	0.00479	0.00660
3	0.01023	0.03542	0.45572	0.01181	0.01704	0.00981	0.01358	0.01485	0.04227	0.05974	0.01991	0.15401	0.11695	0.00829	0.00548	0.00176	0.00592	0.00693	0.00343	0.00683
4	0.01159	0.01732	0.33132	0.14146	0.17700	0.01146	0.06287	0.01620	0.02993	0.05633	0.01230	0.04785	0.01013	0.00607	0.00540	0.00173	0.00684	0.04393	0.00290	0.00736
5	0.00978	0.04872	0.00899	0.00750	0.00939	0.00622	0.02597	0.01164	0.01296	0.12467	0.26249	0.18219	0.22040	0.01156	0.00609	0.00178	0.00335	0.03561	0.00522	0.00544
6	0.02182	0.00871	0.01177	0.00933	0.01304	0.00766	0.00764	0.04172	0.01489	0.68271	0.02152	0.07810	0.01521	0.00756	0.00549	0.00170	0.00444	0.03184	0.00633	0.00850
7	0.01751	0.01792	0.37420	0.01214	0.01794	0.02676	0.01332	0.02145	0.01327	0.40941	0.01527	0.01462	0.00997	0.00581	0.00517	0.00165	0.00616	0.00462	0.00445	0.00838
8	0.00958	0.00872	0.06898	0.01080	0.01294	0.00730	0.12468	0.05390	0.01182	0.05927	0.02333	0.48956	0.02566	0.01255	0.00641	0.00201	0.00468	0.05777	0.00447	0.00557
9	0.01036	0.00978	0.01653	0.70891	0.12608	0.01184	0.01487	0.01383	0.01075	0.01396	0.00946	0.01397	0.00721	0.00522	0.00528	0.00174	0.00695	0.00470	0.00238	0.00617
10	0.01285	0.01233	0.02104	0.08948	0.72600	0.01250	0.01611	0.01602	0.01193	0.01699	0.00990	0.01316	0.00828	0.00475	0.00524	0.00158	0.00634	0.00471	0.00260	0.00819
11	0.01308	0.01256	0.02146	0.03245	0.78123	0.01256	0.01622	0.01622	0.01204	0.01727	0.00994	0.01308	0.00837	0.00471	0.00523	0.00157	0.00628	0.00471	0.00262	0.00837
12	0.00998	0.00940	0.01586	0.80150	0.03641	0.01175	0.01468	0.01351	0.01057	0.01351	0.00940	0.01409	0.00705	0.00529	0.00529	0.00176	0.00705	0.00470	0.00235	0.00587
13	0.01680	0.01122	0.01505	0.01207	0.01582	0.01166	0.11709	0.06764	0.37928	0.26422	0.01924	0.01799	0.01359	0.00653	0.00548	0.00173	0.00506	0.00574	0.00535	0.00842
14	0.00769	0.00513	0.00577	0.00577	0.00577	0.00513	0.00320	0.00769	0.00769	0.01025	0.01666	0.03460	0.01922	0.81421	0.02691	0.00513	0.00513	0.00769	0.00320	0.00320
15	0.01180	0.01125	0.01914	0.35093	0.47278	0.01222	0.01559	0.01510	0.01143	0.01571	0.00972	0.01350	0.00782	0.00495	0.00526	0.00165	0.00660	0.00471	0.00251	0.00734
16	0.01308	0.01256	0.02146	0.03245	0.78123	0.01256	0.01622	0.01622	0.01204	0.01727	0.00994	0.01308	0.00837	0.00471	0.00523	0.00157	0.00628	0.00471	0.00262	0.00837
17	0.00769	0.00513	0.00577	0.00577	0.00577	0.00513	0.00320	0.00769	0.00769	0.01025	0.01666	0.03460	0.01922	0.81421	0.02691	0.00513	0.00513	0.00769	0.00320	0.00320
18	0.01364	0.01165	0.01393	0.01187	0.01508	0.01302	0.07776	0.12797	0.53912	0.02264	0.01983	0.04277	0.01563	0.00744	0.00558	0.00180	0.00485	0.04229	0.00508	0.00805
19	0.00762	0.00540	0.00715	0.00715	0.00762	0.00587	0.00492	0.00857	0.00810	0.01127	0.01540	0.02761	0.01619	0.42273	0.41424	0.00683	0.00969	0.00667	0.00302	0.00397
20	0.01044	0.00986	0.01668	0.68834	0.14601	0.01187	0.01491	0.01391	0.01079	0.01406	0.00948	0.01395	0.00724	0.00520	0.00528	0.00173	0.00693	0.00470	0.00239	0.00624
21	0.85155	0.01022	0.00777	0.00695	0.01022	0.01186	0.00573	0.01554	0.00900	0.02372	0.00736	0.00859	0.00573	0.00491	0.00327	0.00164	0.00409	0.00286	0.00327	0.00573
22	0.00764	0.00604	0.00773	0.00839	0.06523	0.00559	0.00570	0.01006	0.03252	0.01829	0.42432	0.08119	0.26594	0.01144	0.00620	0.00174	0.00296	0.02868	0.00522	0.00513
23	0.01291	0.54353	0.29085	0.01113	0.01680	0.01792	0.01268	0.01615	0.01089	0.01393	0.00809	0.00941	0.00675	0.00470	0.00396	0.00132	0.00640	0.00320	0.00225	0.00714
24	0.00650	0.00464	0.00618	0.00732	0.00768	0.00433	0.00491	0.00750	0.01037	0.01390	0.06818	0.77057	0.03574	0.01626	0.00672	0.00212	0.00304	0.01474	0.00495	0.00433
25	0.01327	0.62471	0.21284	0.01051	0.01584	0.01881	0.01160	0.01605	0.01084	0.01349	0.00787	0.00913	0.00676	0.00464	0.00379	0.00126	0.00618	0.00309	0.00225	0.00704
26	0.01386	0.01219	0.02026	0.02781	0.60243	0.01212	0.05452	0.01784	0.06861	0.07962	0.01171	0.01398	0.00930	0.00501	0.00527	0.00158	0.00606	0.00489	0.00316	0.02977
27	0.00644	0.00460	0.00613	0.00736	0.00767	0.00429	0.00491	0.00736	0.01012	0.01350	0.02914	0.81076	0.03497	0.01656	0.00675	0.00215	0.00307	0.01503	0.00491	0.00429
28	0.00644	0.00460	0.00613	0.00736	0.00767	0.00429	0.00491	0.00736	0.01012	0.01350	0.02914	0.81076	0.03497	0.01656	0.00675	0.00215	0.00307	0.01503	0.00491	0.00429
29	0.01413	0.81739	0.02770	0.00905	0.01357	0.02092	0.00905	0.01583	0.01074	0.01244	0.00735	0.00848	0.00678	0.00452	0.00339	0.00113	0.00565	0.00283	0.00226	0.00678
30	0.00655	0.00468	0.00626	0.00749	0.00784	0.00439	0.00510	0.00755	0.01023	0.01362	0.02908	0.77125	0.03473	0.01646	0.00678	0.00216	0.00316	0.05346	0.00491	0.00432
31	0.01797	0.01805	0.01439	0.01235	0.01562	0.33118	0.00964	0.25191	0.23391	0.02184	0.01337	0.01341	0.01014	0.00622	0.00510	0.00155	0.00686	0.00456	0.00427	0.00765
32	0.01427	0.01589	0.01476	0.01276	0.01446	0.28841	0.01021	0.01572	0.01107	0.01356	0.00834	0.01211	0.00769	0.00726	0.01061	0.00175	0.38139	0.02486	0.00265	0.13221
33	0.01265	0.21397	0.47603	0.01483	0.09070	0.01404	0.01584	0.01714	0.01144	0.07272	0.00986	0.01120	0.00735	0.00499	0.00467	0.00153	0.00691	0.00383	0.00259	0.00771
34	0.01093	0.10105	0.71600	0.01451	0.02201	0.01308	0.01855	0.01666	0.01112	0.01634	0.00929	0.01091	0.00670	0.00498	0.00487	0.00162	0.00761	0.00381	0.00223	0.00772
35	0.00664	0.00469	0.00607	0.00710	0.00736	0.00443	0.00463	0.00741	0.00972	0.01297	0.02710	0.68423	0.03240	0.14659	0.01003	0.00263	0.00340	0.01383	0.00463	0.00412
36	0.00982	0.00628	0.00876	0.00963	0.02473	0.00610	0.00793	0.01207	0.01245	0.09286	0.08272	0.13505	0.03023	0.01355	0.00693	0.00225	0.00448	0.52381	0.00507	0.00529
37	0.03031	0.28693	0.27715	0.07240	0.09427	0.01465	0.03485	0.01640	0.01125	0.05531	0.00939	0.01105	0.00733	0.00484	0.00447	0.00144	0.00644	0.00376	0.00260	0.05516
38	0.00656	0.00473	0.00624	0.00740	0.00784	0.00441	0.00508	0.00760	0.01035	0.01368	0.03034	0.72461	0.07346	0.01628	0.00676	0.00215	0.00316	0.06011	0.00491	0.00434
39	0.00727	0.00532	0.00672	0.00650	0.00767	0.00488	0.00477	0.00937	0.01384	0.01918	0.59346	0.09775	0.13356	0.05731	0.00745	0.00191	0.00271	0.01005	0.00549	0.00477
40	0.04872	0.05688	0.01411	0.01214	0.04886	0.21426	0.00922	0.06437	0.17151	0.01758	0.01191	0.01327	0.00961	0.00636	0.00682	0.00158	0.14286	0.00435	0.07654	0.06905

[dist]
# distance from previous block
# <min> <max>
0	4

[block]
# block no. 1 follows, 46 sequences, length 13
# corresponding to MSA columns:
# 140-152
name=unknown_B
#
# <colnr> <probs for GDERKNQSTAVLIFYWHMCP>
#	G	D	E	R	K	N	Q	S	T	A	V	L	I	F	Y	W	H	M	C	P
0	0.02317	0.00988	0.01282	0.00983	0.01394	0.00909	0.00812	0.13853	0.01662	0.67003	0.01961	0.01718	0.01246	0.00651	0.00531	0.00163	0.00470	0.00523	0.00635	0.00900
1	0.05382	0.00944	0.01544	0.76012	0.03505	0.01175	0.01422	0.01361	0.01049	0.01404	0.00929	0.01381	0.00698	0.00527	0.00518	0.00176	0.00689	0.00460	0.00240	0.00587
2	0.01738	0.00778	0.01005	0.00811	0.01138	0.00667	0.00654	0.01932	0.01424	0.49118	0.11361	0.02762	0.19128	0.00847	0.00557	0.00164	0.00383	0.00703	0.00595	0.04235
3	0.01055	0.01050	0.01935	0.62425	0.03441	0.01211	0.18468	0.01429	0.01100	0.01429	0.00969	0.01413	0.00727	0.00510	0.00550	0.00177	0.00747	0.00505	0.00242	0.00616
4	0.00998	0.00940	0.01586	0.80150	0.03641	0.01175	0.01468	0.01351	0.01057	0.01351	0.00940	0.01409	0.00705	0.00529	0.00529	0.00176	0.00705	0.00470	0.00235	0.00587
5	0.01069	0.01012	0.01713	0.62656	0.20584	0.01193	0.01503	0.01413	0.01090	0.01436	0.00952	0.01386	0.00735	0.00515	0.00527	0.00172	0.00687	0.00470	0.00241	0.00644
6	0.00753	0.00529	0.00632	0.00672	0.00723	0.00514	0.00460	0.00831	0.00946	0.01230	0.02521	0.12979	0.12204	0.45427	0.01788	0.00380	0.00452	0.16179	0.00396	0.00384
7	0.01436	0.01209	0.01667	0.24499	0.02263	0.03018	0.10724	0.31666	0.03337	0.02189	0.01184	0.01493	0.00917	0.03722	0.08095	0.00244	0.00739	0.00512	0.00373	0.00715
8	0.00998	0.00940	0.01586	0.80150	0.03641	0.01175	0.01468	0.01351	0.01057	0.01351	0.00940	0.01409	0.00705	0.00529	0.00529	0.00176	0.00705	0.00470	0.00235	0.00587
9	0.56459	0.00919	0.00830	0.00768	0.01065	0.01000	0.00642	0.01424	0.00994	0.02119	0.01228	0.02047	0.01158	0.00700	0.00426	0.00172	0.00425	0.17186	0.00362	0.10075
10	0.01037	0.00560	0.00753	0.00783	0.00899	0.00508	0.00556	0.01155	0.01126	0.18897	0.02725	0.63043	0.02999	0.01428	0.00642	0.00203	0.00339	0.01282	0.00528	0.00536
11	0.01252	0.01592	0.19556	0.02850	0.60873	0.01250	0.01698	0.01634	0.01184	0.01715	0.00984	0.01265	0.00799	0.00478	0.00519	0.00159	0.00663	0.00453	0.00253	0.00825
12	0.01096	0.00883	0.01363	0.51798	0.02714	0.01027	0.01173	0.06392	0.01282	0.06492	0.18527	0.02002	0.01730	0.00669	0.00550	0.00172	0.00577	0.00585	0.00360	0.00608

[dist]
# distance from previous block
# <min> <max>
0	13

[block]
# block no. 2 follows, 46 sequences, length 56
# corresponding to MSA columns:
# 166-221
name=unknown_C
#
# <colnr> <probs for GDERKNQSTAVLIFYWHMCP>
#	G	D	E	R	K	N	Q	S	T	A	V	L	I	F	Y	W	H	M	C	P
0	0.01308	0.01256	0.02146	0.03245	0.78123	0.01256	0.01622	0.01622	0.01204	0.01727	0.00994	0.01308	0.00837	0.00471	0.00523	0.00157	0.00628	0.00471	0.00262	0.00837
1	0.01065	0.00919	0.01116	0.00844	0.01232	0.00781	0.00677	0.01285	0.01044	0.01630	0.00969	0.01206	0.00833	0.00821	0.08952	0.00174	0.07597	0.00354	0.00303	0.68198
2	0.01008	0.00824	0.01226	0.01490	0.16964	0.00840	0.03419	0.01406	0.09338	0.01683	0.02305	0.04437	0.02366	0.01146	0.00664	0.00217	0.00521	0.49105	0.00439	0.00603
3	0.10972	0.00938	0.01218	0.10138	0.01583	0.00915	0.00841	0.02345	0.08100	0.54617	0.01814	0.01669	0.01187	0.00628	0.00510	0.00166	0.00472	0.00504	0.00560	0.00823
4	0.00659	0.00466	0.00609	0.00718	0.00745	0.00439	0.00471	0.00740	0.00984	0.01312	0.02769	0.72049	0.03313	0.10933	0.00909	0.00249	0.00331	0.01418	0.00471	0.00417
5	0.00632	0.00524	0.00554	0.00571	0.00725	0.00446	0.00419	0.00764	0.01186	0.01442	0.07672	0.16727	0.63762	0.01378	0.00632	0.00184	0.00273	0.01169	0.00494	0.00446
6	0.01432	0.01215	0.02039	0.02977	0.69194	0.01200	0.01524	0.01733	0.01240	0.10654	0.01121	0.01366	0.00892	0.00492	0.00524	0.00158	0.00607	0.00478	0.00307	0.00845
7	0.01048	0.00990	0.01676	0.67797	0.15605	0.01188	0.01493	0.01394	0.01081	0.01411	0.00948	0.01393	0.00726	0.00519	0.00528	0.00173	0.00692	0.00470	0.00239	0.00627
8	0.00644	0.00460	0.00613	0.00736	0.00767	0.00429	0.00491	0.00736	0.01012	0.01350	0.02914	0.81076	0.03497	0.01656	0.00675	0.00215	0.00307	0.01503	0.00491	0.00429
9	0.01038	0.00990	0.01707	0.69689	0.10201	0.01189	0.04978	0.01391	0.01079	0.01400	0.00951	0.01401	0.00721	0.00520	0.00533	0.00175	0.00707	0.00477	0.00239	0.00615
10	0.01353	0.01385	0.02127	0.07316	0.54812	0.09378	0.10050	0.01703	0.03639	0.01672	0.01018	0.01312	0.00834	0.00487	0.00531	0.00159	0.00690	0.00479	0.00271	0.00785
11	0.02316	0.00989	0.01282	0.00983	0.01394	0.00910	0.00812	0.13919	0.01663	0.66936	0.01960	0.01718	0.01246	0.00651	0.00531	0.00163	0.00470	0.00523	0.00635	0.00900
12	0.01308	0.01256	0.02146	0.03245	0.78123	0.01256	0.01622	0.01622	0.01204	0.01727	0.00994	0.01308	0.00837	0.00471	0.00523	0.00157	0.00628	0.00471	0.00262	0.00837
13	0.01592	0.01328	0.10171	0.02253	0.38313	0.01120	0.10114	0.01921	0.01292	0.24614	0.01324	0.01448	0.00956	0.00526	0.00535	0.00163	0.00622	0.00498	0.00375	0.00835
14	0.01724	0.03713	0.32784	0.01271	0.01800	0.19914	0.01316	0.02077	0.01339	0.27079	0.01290	0.01298	0.00885	0.00562	0.00502	0.00157	0.00708	0.00423	0.00378	0.00778
15	0.01888	0.00869	0.01073	0.00873	0.01202	0.00831	0.00705	0.05382	0.12887	0.46761	0.01981	0.01842	0.01348	0.00654	0.00496	0.00157	0.00405	0.00531	0.19317	0.00799
16	0.24714	0.01093	0.02684	0.05921	0.21304	0.01074	0.00987	0.05227	0.01214	0.16877	0.01136	0.01248	0.00840	0.00512	0.00451	0.00150	0.00502	0.00407	0.00374	0.13286
17	0.01072	0.01038	0.07197	0.00865	0.01313	0.00730	0.02150	0.01325	0.01100	0.03144	0.01176	0.09671	0.01075	0.00542	0.00438	0.00103	0.00424	0.00457	0.00331	0.65851
18	0.19765	0.00817	0.00810	0.00856	0.01008	0.06898	0.00665	0.01213	0.04251	0.01674	0.02197	0.32789	0.02416	0.01215	0.00591	0.00204	0.00435	0.21250	0.00438	0.00509
19	0.01139	0.20372	0.61735	0.01372	0.02080	0.01421	0.01719	0.01654	0.01107	0.01578	0.00901	0.01056	0.00672	0.00491	0.00466	0.00155	0.00733	0.00367	0.00224	0.00758
20	0.01174	0.01119	0.01903	0.36602	0.45818	0.01221	0.01556	0.01505	0.01140	0.01564	0.00971	0.01352	0.00780	0.00496	0.00526	0.00165	0.00661	0.00471	0.00250	0.00729
21	0.01096	0.00940	0.01096	0.00783	0.01253	0.00705	0.00626	0.01331	0.01096	0.01723	0.00940	0.01096	0.00783	0.00392	0.00392	0.00078	0.00392	0.00313	0.00313	0.84653
22	0.01284	0.01677	0.31828	0.26801	0.12096	0.01141	0.01566	0.01711	0.01173	0.14040	0.01136	0.01345	0.00806	0.00531	0.00518	0.00168	0.00684	0.00449	0.00302	0.00745
23	0.46201	0.00866	0.00789	0.00698	0.00995	0.00896	0.00554	0.01354	0.01019	0.05576	0.01804	0.10196	0.13373	0.00745	0.00431	0.00159	0.00375	0.00565	0.00384	0.13020
24	0.00668	0.00537	0.00595	0.00581	0.00740	0.00465	0.00436	0.00842	0.01307	0.01669	0.30634	0.04691	0.52479	0.01249	0.00624	0.00174	0.00261	0.01060	0.00523	0.00465
25	0.01275	0.01222	0.02086	0.11470	0.70158	0.01247	0.01606	0.01593	0.01188	0.01687	0.00989	0.01319	0.00823	0.00477	0.00524	0.00159	0.00636	0.00471	0.00259	0.00811
26	0.01315	0.01136	0.01195	0.01076	0.01375	0.01315	0.00837	0.02809	0.77168	0.02211	0.02152	0.01972	0.01614	0.00717	0.00538	0.00179	0.00418	0.00598	0.00538	0.00837
27	0.01157	0.01157	0.01619	0.01388	0.01388	0.01619	0.01157	0.01272	0.00810	0.01272	0.00694	0.01157	0.00694	0.00925	0.01735	0.00231	0.80453	0.00463	0.00231	0.00578
28	0.00644	0.00460	0.00613	0.00736	0.00767	0.00429	0.00491	0.00736	0.01012	0.01350	0.02914	0.81076	0.03497	0.01656	0.00675	0.00215	0.00307	0.01503	0.00491	0.00429
29	0.00998	0.00940	0.01586	0.80150	0.03641	0.01175	0.01468	0.01351	0.01057	0.01351	0.00940	0.01409	0.00705	0.00529	0.00529	0.00176	0.00705	0.00470	0.00235	0.00587
30	0.01874	0.16708	0.01726	0.01280	0.01585	0.65471	0.01001	0.02016	0.01422	0.01285	0.00802	0.00934	0.00681	0.00528	0.00452	0.00132	0.00884	0.00330	0.00264	0.00625
31	0.00996	0.00626	0.00871	0.00949	0.01093	0.00611	0.00812	0.01222	0.01231	0.09786	0.02733	0.12175	0.02897	0.01392	0.00704	0.00232	0.00467	0.60172	0.00505	0.00526
32	0.00643	0.00533	0.00563	0.00562	0.00727	0.00453	0.00419	0.00792	0.01239	0.01523	0.15587	0.08079	0.64426	0.01315	0.00627	0.00178	0.00267	0.01109	0.00504	0.00453
33	0.00655	0.00537	0.00577	0.00567	0.00732	0.00459	0.00425	0.00817	0.01276	0.01596	0.22975	0.04811	0.60185	0.01276	0.00624	0.00176	0.00263	0.01077	0.00513	0.00459
34	0.00793	0.00588	0.00748	0.00726	0.00856	0.00570	0.00547	0.01136	0.08136	0.02016	0.59036	0.12132	0.04424	0.01131	0.00627	0.00177	0.00283	0.04991	0.00563	0.00521
35	0.01096	0.00940	0.01096	0.00783	0.01253	0.00705	0.00626	0.01331	0.01096	0.01723	0.00940	0.01096	0.00783	0.00392	0.00392	0.00078	0.00392	0.00313	0.00313	0.84653
36	0.01060	0.02735	0.78682	0.01507	0.02288	0.01228	0.01953	0.01674	0.01116	0.01674	0.00949	0.01116	0.00670	0.00502	0.00502	0.00167	0.00781	0.00391	0.00223	0.00781
37	0.00833	0.00595	0.00831	0.00953	0.01066	0.00593	0.00820	0.01063	0.01199	0.01561	0.02809	0.12621	0.03083	0.01478	0.00725	0.00241	0.00471	0.68089	0.00487	0.00482
38	0.00638	0.00536	0.00554	0.00549	0.00722	0.00452	0.00412	0.00784	0.01236	0.01502	0.13108	0.04966	0.70110	0.01311	0.00625	0.00177	0.00266	0.01099	0.00501	0.00452
39	0.85155	0.01022	0.00777	0.00695	0.01022	0.01186	0.00573	0.01554	0.00900	0.02372	0.00736	0.00859	0.00573	0.00491	0.00327	0.00164	0.00409	0.00286	0.00327	0.00573
40	0.01852	0.01329	0.01418	0.01105	0.01482	0.01463	0.00907	0.64811	0.02274	0.03123	0.01339	0.01377	0.00969	0.00632	0.00504	0.00153	0.00530	0.00479	0.13415	0.00837
41	0.00803	0.00674	0.00931	0.00808	0.01012	0.00616	0.08584	0.04107	0.01375	0.01805	0.32374	0.04128	0.36293	0.01119	0.00623	0.00175	0.00347	0.03207	0.00503	0.00515
42	0.00714	0.00539	0.00659	0.00629	0.00769	0.00484	0.00472	0.00931	0.01415	0.01927	0.57614	0.04267	0.25339	0.01153	0.00624	0.00170	0.00255	0.01001	0.00557	0.00484
43	0.63151	0.00990	0.00897	0.00760	0.01109	0.01077	0.00627	0.01826	0.01063	0.22605	0.01095	0.01109	0.00768	0.00534	0.00382	0.00164	0.00420	0.00351	0.00414	0.00659
44	0.00698	0.00538	0.00637	0.00612	0.00759	0.00477	0.00459	0.00901	0.01378	0.01839	0.48406	0.04411	0.34602	0.01186	0.00624	0.00171	0.00257	0.01021	0.00545	0.00477
45	0.00755	0.00566	0.00850	0.00850	0.00944	0.00661	0.00661	0.00944	0.00850	0.01227	0.01416	0.02077	0.01322	0.03965	0.79326	0.00850	0.01416	0.00566	0.00283	0.00472
46	0.01975	0.02520	0.01498	0.01362	0.01634	0.79299	0.01021	0.02111	0.01498	0.01294	0.00817	0.00953	0.00681	0.00545	0.00477	0.00136	0.00953	0.00340	0.00272	0.00613
47	0.85155	0.01022	0.00777	0.00695	0.01022	0.01186	0.00573	0.01554	0.00900	0.02372	0.00736	0.00859	0.00573	0.00491	0.00327	0.00164	0.00409	0.00286	0.00327	0.00573
48	0.01284	0.01231	0.02102	0.09303	0.72256	0.01250	0.01610	0.01601	0.01192	0.01697	0.00990	0.01316	0.00827	0.00476	0.00524	0.00159	0.00634	0.00471	0.00260	0.00818
49	0.01174	0.01180	0.09794	0.01139	0.01431	0.07059	0.08948	0.10075	0.03729	0.05145	0.16807	0.12117	0.02426	0.00970	0.00609	0.00186	0.00539	0.15599	0.00450	0.00625
50	0.00757	0.00509	0.00587	0.00603	0.00609	0.00506	0.00351	0.00773	0.00805	0.01072	0.01825	0.11817	0.02116	0.71066	0.02430	0.00475	0.00490	0.02531	0.00342	0.00336
51	0.01798	0.01896	0.01258	0.01133	0.01391	0.52676	0.00859	0.02005	0.03720	0.09714	0.01176	0.01280	0.00912	0.00576	0.00463	0.00138	0.00741	0.00399	0.17239	0.00626
52	0.56061	0.01065	0.00857	0.00757	0.01064	0.07196	0.00606	0.01524	0.03358	0.02158	0.09242	0.01428	0.04322	0.00591	0.00395	0.00155	0.00428	0.00409	0.00362	0.08023
53	0.00696	0.00538	0.00634	0.00610	0.00758	0.00477	0.00458	0.00897	0.01373	0.01828	0.47235	0.04430	0.35780	0.01190	0.00624	0.00171	0.00257	0.01023	0.00544	0.00477
54	0.01075	0.06022	0.75523	0.01482	0.02249	0.01264	0.01910	0.01670	0.01114	0.01656	0.00940	0.01105	0.00670	0.00500	0.00495	0.00165	0.00772	0.00386	0.00223	0.00777
55	0.00673	0.00546	0.00602	0.00613	0.00776	0.00475	0.00476	0.00838	0.01249	0.01548	0.15458	0.05040	0.57417	0.01318	0.00639	0.00185	0.00294	0.10890	0.00503	0.00459

[dist]
# distance from previous block
# <min> <max>
0	31

[block]
# block no. 3 follows, 46 sequences, length 29
# corresponding to MSA columns:
# 253-281
name=unknown_D
#
# <colnr> <probs for GDERKNQSTAVLIFYWHMCP>
#	G	D	E	R	K	N	Q	S	T	A	V	L	I	F	Y	W	H	M	C	P
0	0.01292	0.03310	0.02127	0.07970	0.71511	0.01273	0.01594	0.01605	0.01191	0.01691	0.00984	0.01303	0.00825	0.00474	0.00519	0.00157	0.00631	0.00466	0.00259	0.00818
1	0.01281	0.00934	0.01115	0.00806	0.01267	0.00715	0.00648	0.01511	0.01157	0.12840	0.01106	0.01198	0.00859	0.00430	0.00412	0.00091	0.00400	0.00345	0.00363	0.72523
2	0.01079	0.07008	0.74575	0.01474	0.02238	0.01274	0.01897	0.01669	0.01114	0.01651	0.00937	0.01102	0.00670	0.00500	0.00493	0.00164	0.00770	0.00385	0.00223	0.00776
3	0.00852	0.00608	0.00852	0.00974	0.01095	0.00608	0.00852	0.01095	0.01217	0.01582	0.02799	0.05963	0.03042	0.01460	0.00730	0.00243	0.00487	0.74565	0.00487	0.00487
4	0.00687	0.00551	0.00615	0.00597	0.00758	0.00486	0.00448	0.00895	0.03033	0.01707	0.32658	0.04587	0.48645	0.01227	0.00622	0.00174	0.00264	0.01044	0.00526	0.00475
5	0.85155	0.01022	0.00777	0.00695	0.01022	0.01186	0.00573	0.01554	0.00900	0.02372	0.00736	0.00859	0.00573	0.00491	0.00327	0.00164	0.00409	0.00286	0.00327	0.00573
6	0.01059	0.00988	0.01387	0.01256	0.01291	0.01316	0.01054	0.01210	0.00913	0.01347	0.01257	0.02403	0.01313	0.01223	0.05682	0.00268	0.56262	0.18923	0.00298	0.00550
7	0.00755	0.00566	0.00850	0.00850	0.00944	0.00661	0.00661	0.00944	0.00850	0.01227	0.01416	0.02077	0.01322	0.03965	0.79326	0.00850	0.01416	0.00566	0.00283	0.00472
8	0.00681	0.00497	0.00645	0.00755	0.00800	0.00478	0.00510	0.00850	0.05178	0.01397	0.02872	0.76748	0.03394	0.01605	0.00667	0.00213	0.00313	0.01453	0.00493	0.00452
9	0.66058	0.17467	0.01194	0.00744	0.01099	0.01360	0.00645	0.01585	0.00950	0.04012	0.00769	0.00880	0.00612	0.00487	0.00335	0.00153	0.00442	0.00292	0.00315	0.00602
10	0.18196	0.02386	0.62808	0.01341	0.02030	0.01219	0.01672	0.01650	0.01072	0.01816	0.00905	0.01064	0.00650	0.00500	0.00467	0.00167	0.00705	0.00369	0.00244	0.00739
11	0.00727	0.00495	0.00589	0.00630	0.00640	0.00485	0.00377	0.00758	0.00850	0.01134	0.02084	0.29478	0.02450	0.54682	0.02015	0.00413	0.00444	0.01015	0.00377	0.00357
12	0.01848	0.01095	0.01253	0.00986	0.01354	0.01109	0.00806	0.36373	0.01901	0.27983	0.02374	0.02224	0.16727	0.00785	0.00549	0.00164	0.00474	0.00625	0.00563	0.00807
13	0.00729	0.00617	0.00781	0.16802	0.01338	0.00607	0.00655	0.00920	0.01180	0.01469	0.08612	0.08925	0.47612	0.01171	0.00609	0.00182	0.00370	0.05005	0.01938	0.00480
14	0.01598	0.01492	0.01341	0.01164	0.01484	0.17275	0.00910	0.18427	0.45747	0.02265	0.01691	0.01614	0.01271	0.00664	0.00523	0.00166	0.00562	0.00519	0.00482	0.00804
15	0.00758	0.00555	0.00794	0.00794	0.00869	0.00631	0.00591	0.00908	0.00833	0.01186	0.01467	0.02359	0.01444	0.19748	0.63710	0.00781	0.01232	0.00608	0.00291	0.00441
16	0.01202	0.01102	0.01833	0.11056	0.49662	0.01130	0.03695	0.03806	0.01232	0.01705	0.01367	0.02270	0.01273	0.00683	0.00569	0.00177	0.00614	0.15573	0.00313	0.00737
17	0.01356	0.00931	0.01123	0.00815	0.01273	0.00719	0.00657	0.01585	0.01181	0.17365	0.01173	0.01240	0.00890	0.00445	0.00420	0.00096	0.00403	0.00358	0.00383	0.67587
18	0.01038	0.00769	0.00913	0.00800	0.00998	0.00781	0.00621	0.16462	0.06401	0.02359	0.56086	0.03303	0.05398	0.00972	0.00599	0.00166	0.00328	0.00839	0.00567	0.00600
19	0.01281	0.00984	0.01490	0.42315	0.11426	0.01113	0.01229	0.03212	0.11735	0.12762	0.06072	0.01687	0.01204	0.00603	0.00536	0.00172	0.00589	0.00527	0.00368	0.00697
20	0.01124	0.01112	0.01612	0.17437	0.01847	0.01529	0.01220	0.01288	0.00860	0.01288	0.00744	0.01208	0.00696	0.00844	0.01489	0.00220	0.64203	0.00464	0.00232	0.00580
21	0.62913	0.01463	0.16696	0.00902	0.01318	0.05990	0.00881	0.01613	0.00981	0.02164	0.00784	0.00917	0.00599	0.00496	0.00372	0.00163	0.00518	0.00311	0.00303	0.00618
22	0.01063	0.00980	0.01506	0.64038	0.03179	0.01203	0.01340	0.01648	0.16566	0.01526	0.01187	0.01524	0.00890	0.00567	0.00530	0.00177	0.00646	0.00496	0.00297	0.00638
23	0.01030	0.00853	0.00990	0.00741	0.01115	0.00666	0.00564	0.01217	0.01030	0.01581	0.01088	0.01578	0.01015	0.16903	0.00860	0.00167	0.00416	0.00406	0.00315	0.67469
24	0.85155	0.01022	0.00777	0.00695	0.01022	0.01186	0.00573	0.01554	0.00900	0.02372	0.00736	0.00859	0.00573	0.00491	0.00327	0.00164	0.00409	0.00286	0.00327	0.00573
25	0.00657	0.00525	0.00591	0.00619	0.00757	0.00459	0.00459	0.00803	0.01201	0.01503	0.13268	0.20491	0.49467	0.01381	0.00641	0.00188	0.00287	0.05747	0.00501	0.00452
26	0.40321	0.01170	0.01020	0.00896	0.01187	0.11367	0.00718	0.10431	0.01207	0.08430	0.01060	0.01246	0.00839	0.01236	0.16485	0.00299	0.00710	0.00393	0.00362	0.00623
27	0.23563	0.00982	0.01121	0.00902	0.01268	0.00976	0.00737	0.12083	0.01454	0.43992	0.01680	0.06419	0.01200	0.00672	0.00487	0.00166	0.00448	0.00521	0.00543	0.00786
28	0.01422	0.00993	0.01091	0.00972	0.01241	0.05189	0.00771	0.03706	0.32475	0.17997	0.17538	0.02682	0.02320	0.00844	0.00570	0.00177	0.00430	0.08296	0.00551	0.00734

[dist]
# distance from previous block
# <min> <max>
0	2

[block]
# block no. 4 follows, 46 sequences, length 8
# corresponding to MSA columns:
# 284-291
name=unknown_E
#
# <colnr> <probs for GDERKNQSTAVLIFYWHMCP>
#	G	D	E	R	K	N	Q	S	T	A	V	L	I	F	Y	W	H	M	C	P
0	0.01637	0.01550	0.01658	0.01758	0.19933	0.23222	0.01171	0.06630	0.01299	0.11644	0.01021	0.01228	0.00819	0.00655	0.00854	0.00173	0.23269	0.00440	0.00325	0.00713
1	0.01669	0.01350	0.02337	0.01705	0.02185	0.01329	0.40836	0.23909	0.01660	0.15565	0.01306	0.01445	0.00919	0.00538	0.00580	0.00170	0.00723	0.00564	0.00412	0.00801
2	0.04937	0.01770	0.01425	0.01202	0.01543	0.33528	0.00944	0.24050	0.10249	0.13270	0.01281	0.01280	0.00937	0.00605	0.00502	0.00153	0.00692	0.00435	0.00435	0.00762
3	0.01261	0.01090	0.01622	0.56259	0.07902	0.01292	0.01366	0.19418	0.01410	0.01851	0.01022	0.01369	0.00760	0.00550	0.00528	0.00171	0.00670	0.00471	0.00307	0.00678
4	0.00862	0.00668	0.00827	0.00772	0.00772	0.00779	0.00522	0.00890	0.00779	0.01085	0.01432	0.02905	0.01626	0.62051	0.02461	0.00445	0.19749	0.00695	0.00299	0.00382
5	0.00738	0.01065	0.19351	0.00778	0.01098	0.00638	0.00781	0.00995	0.01203	0.01532	0.09022	0.04058	0.54567	0.01121	0.00595	0.00175	0.00390	0.00931	0.00432	0.00530
6	0.01096	0.00940	0.01096	0.00783	0.01253	0.00705	0.00626	0.01331	0.01096	0.01723	0.00940	0.01096	0.00783	0.00392	0.00392	0.00078	0.00392	0.00313	0.00313	0.84653
7	0.00806	0.00623	0.00753	0.00818	0.00913	0.00642	0.00574	0.01235	0.19338	0.01557	0.02730	0.62041	0.03043	0.01430	0.00642	0.00206	0.00334	0.01285	0.00502	0.00527

[dist]
# distance from previous block
# <min> <max>
0	67

# created by:
# /home/berkeley/.conda/envs/busco_data_prod/bin/msa2prfl.pl pipeline/OGs_align_augustus/33634/393.fs
