[name]
unknown

[dist]
# distance from previous block
# <min> <max>
0	280

[block]
# block no. 0 follows, 38 sequences, length 21
# corresponding to MSA columns:
# 374-394
name=unknown_A
#
# <colnr> <probs for GDERKNQSTAVLIFYWHMCP>
#	G	D	E	R	K	N	Q	S	T	A	V	L	I	F	Y	W	H	M	C	P
0	0.05433	0.00958	0.01268	0.03918	0.11768	0.00979	0.00965	0.03706	0.08695	0.13210	0.08160	0.08582	0.10343	0.01073	0.00698	0.00209	0.02955	0.12616	0.03726	0.00738
1	0.08343	0.01221	0.04985	0.05013	0.03097	0.04671	0.05375	0.05586	0.09153	0.12382	0.02260	0.15944	0.08318	0.00959	0.00659	0.00195	0.03134	0.00808	0.00489	0.07410
2	0.01001	0.00845	0.04748	0.07938	0.01443	0.00770	0.03606	0.01225	0.01269	0.05263	0.09106	0.26444	0.07601	0.09374	0.01012	0.00267	0.03095	0.13922	0.00495	0.00576
3	0.09852	0.11910	0.03913	0.01582	0.10318	0.06569	0.09645	0.05536	0.15967	0.08912	0.01781	0.05356	0.04639	0.00731	0.00572	0.00184	0.00641	0.00618	0.00443	0.00830
4	0.03158	0.25235	0.22987	0.06900	0.04813	0.06571	0.01381	0.01933	0.03244	0.08563	0.01193	0.01433	0.00952	0.04747	0.00644	0.00186	0.00724	0.00452	0.00330	0.04556
5	0.04239	0.17290	0.13675	0.03465	0.09361	0.05210	0.11891	0.10445	0.07473	0.03388	0.01219	0.01385	0.00945	0.00581	0.00548	0.00169	0.00733	0.00491	0.00361	0.07130
6	0.23358	0.05647	0.09666	0.02174	0.01610	0.04723	0.01016	0.13277	0.08573	0.13961	0.01720	0.01715	0.05902	0.00701	0.00527	0.00181	0.00582	0.00520	0.00478	0.03668
7	0.15969	0.01343	0.13335	0.01033	0.01447	0.01065	0.00956	0.08423	0.06442	0.02372	0.19154	0.06095	0.04892	0.00838	0.00568	0.00176	0.00496	0.00682	0.00474	0.14240
8	0.01893	0.01376	0.01473	0.01350	0.07236	0.10112	0.00979	0.14483	0.13709	0.19770	0.04280	0.05702	0.01580	0.04569	0.00713	0.00197	0.00597	0.00635	0.00544	0.08800
9	0.01045	0.00522	0.00784	0.00784	0.00784	0.00522	0.00522	0.00784	0.00784	0.01045	0.01045	0.01829	0.01045	0.02090	0.02351	0.82497	0.00522	0.00522	0.00261	0.00261
10	0.00934	0.00712	0.01004	0.00973	0.01034	0.00843	0.00731	0.01057	0.00937	0.01339	0.01578	0.05457	0.01600	0.18080	0.43688	0.06704	0.11797	0.00705	0.00327	0.00499
11	0.01456	0.17803	0.22054	0.03969	0.04352	0.04627	0.10908	0.06220	0.04994	0.04836	0.08039	0.03606	0.01480	0.00699	0.00581	0.00181	0.00730	0.02278	0.00375	0.00811
12	0.01538	0.12367	0.01326	0.00905	0.01224	0.00938	0.00739	0.01749	0.01428	0.23541	0.09435	0.15716	0.08550	0.01022	0.00601	0.00180	0.00444	0.03511	0.05714	0.09072
13	0.16178	0.01474	0.20588	0.01100	0.01525	0.01040	0.01086	0.04971	0.03859	0.10439	0.14727	0.13603	0.05111	0.00952	0.00601	0.00198	0.00536	0.00787	0.00488	0.00738
14	0.01649	0.05132	0.05677	0.06496	0.17504	0.03631	0.01213	0.05637	0.04765	0.15565	0.01418	0.01584	0.01081	0.00865	0.05619	0.00216	0.03073	0.00505	0.00417	0.17954
15	0.04201	0.01333	0.05447	0.01849	0.19424	0.03378	0.09260	0.01939	0.08986	0.09633	0.01748	0.08104	0.04125	0.00720	0.00589	0.00173	0.00613	0.00651	0.00422	0.17405
16	0.01019	0.00851	0.01098	0.04814	0.01329	0.03260	0.05254	0.05294	0.08330	0.01760	0.02828	0.43137	0.07591	0.05389	0.04866	0.00281	0.00543	0.01254	0.00506	0.00597
17	0.01567	0.01222	0.04427	0.01810	0.22997	0.01123	0.01150	0.09585	0.05389	0.12051	0.02986	0.07955	0.01455	0.00847	0.03005	0.00195	0.00590	0.00631	0.06408	0.14608
18	0.13535	0.08976	0.07882	0.01180	0.01652	0.06411	0.08033	0.01870	0.01332	0.12508	0.01561	0.01658	0.05828	0.00635	0.00549	0.00159	0.02469	0.00500	0.03133	0.20128
19	0.04078	0.05609	0.09635	0.19219	0.15025	0.01375	0.13712	0.06287	0.01416	0.08138	0.01326	0.05136	0.01062	0.00638	0.00598	0.00186	0.00741	0.00591	0.00360	0.04869
20	0.01463	0.07673	0.11815	0.01396	0.08505	0.05360	0.01119	0.08218	0.11248	0.08479	0.03231	0.18056	0.05166	0.00953	0.00613	0.00190	0.00584	0.00806	0.00473	0.04652

[dist]
# distance from previous block
# <min> <max>
0	39

[block]
# block no. 1 follows, 38 sequences, length 29
# corresponding to MSA columns:
# 434-462
name=unknown_B
#
# <colnr> <probs for GDERKNQSTAVLIFYWHMCP>
#	G	D	E	R	K	N	Q	S	T	A	V	L	I	F	Y	W	H	M	C	P
0	0.05607	0.03722	0.03864	0.06605	0.09491	0.01108	0.03785	0.04073	0.09152	0.03762	0.01821	0.17944	0.01773	0.05464	0.08650	0.00295	0.03639	0.00799	0.00418	0.08028
1	0.03048	0.02559	0.01821	0.12961	0.16519	0.02468	0.06383	0.08491	0.18944	0.04284	0.01602	0.05784	0.01304	0.00704	0.00612	0.00184	0.01629	0.00619	0.00430	0.09652
2	0.01675	0.01477	0.08603	0.01169	0.01539	0.14184	0.00996	0.05783	0.04797	0.17998	0.04834	0.15966	0.01965	0.00962	0.00621	0.00187	0.00613	0.05695	0.00510	0.10426
3	0.08672	0.04780	0.01599	0.01359	0.07368	0.09847	0.01008	0.18851	0.12799	0.06404	0.01398	0.01455	0.01065	0.00622	0.00530	0.00158	0.00608	0.00476	0.00461	0.20542
4	0.01616	0.23768	0.12632	0.03555	0.04585	0.01541	0.01170	0.14002	0.01606	0.09728	0.09584	0.01724	0.01492	0.00842	0.03950	0.00198	0.00665	0.00525	0.00424	0.06391
5	0.01825	0.14348	0.26709	0.01354	0.01965	0.07748	0.02694	0.06842	0.01520	0.21113	0.01391	0.01425	0.00984	0.00611	0.00543	0.00168	0.00722	0.00466	0.00419	0.07151
6	0.01169	0.00942	0.03020	0.01056	0.01277	0.04165	0.04636	0.03864	0.07552	0.07669	0.08428	0.26031	0.12746	0.01373	0.00745	0.01718	0.00490	0.11931	0.00548	0.00639
7	0.00879	0.00642	0.00773	0.00739	0.00901	0.00589	0.00548	0.01152	0.04043	0.03983	0.44645	0.07981	0.23978	0.05474	0.00833	0.00217	0.00321	0.01127	0.00614	0.00562
8	0.08609	0.02820	0.13125	0.04164	0.15102	0.03450	0.06289	0.06276	0.04653	0.02042	0.07877	0.12018	0.03920	0.06112	0.00778	0.00221	0.00635	0.00758	0.00407	0.00745
9	0.01407	0.01633	0.16689	0.13280	0.16427	0.01342	0.11688	0.04080	0.12338	0.06103	0.07623	0.01878	0.01450	0.00666	0.00621	0.00193	0.00720	0.00615	0.00397	0.00851
10	0.01117	0.00826	0.01193	0.01420	0.15019	0.00865	0.00871	0.01298	0.01175	0.06092	0.05912	0.21258	0.02288	0.14390	0.11250	0.00372	0.07167	0.00931	0.05940	0.00618
11	0.01236	0.01184	0.02016	0.41604	0.28167	0.01308	0.05448	0.01607	0.01286	0.01712	0.01523	0.01919	0.07118	0.00652	0.00614	0.00193	0.00741	0.00607	0.00304	0.00760
12	0.01650	0.04055	0.06130	0.14158	0.21088	0.03975	0.11537	0.10620	0.09466	0.09226	0.01415	0.01614	0.01057	0.00619	0.00606	0.00187	0.00738	0.00566	0.00404	0.00885
13	0.01220	0.01226	0.08055	0.11052	0.04211	0.01118	0.17711	0.01602	0.04539	0.06716	0.04813	0.23435	0.03553	0.01034	0.00784	0.00216	0.06639	0.00946	0.00426	0.00706
14	0.20816	0.01055	0.01281	0.01007	0.01452	0.00989	0.00832	0.02670	0.01565	0.59114	0.02027	0.01806	0.01300	0.00703	0.00553	0.00186	0.00501	0.00542	0.00661	0.00940
15	0.01535	0.21529	0.20954	0.01884	0.09733	0.01642	0.20532	0.02025	0.04598	0.08172	0.01233	0.01420	0.00935	0.00562	0.00569	0.00177	0.00791	0.00518	0.00331	0.00860
16	0.01728	0.01608	0.14807	0.13056	0.02488	0.01339	0.16741	0.07624	0.11864	0.20059	0.01645	0.01738	0.01150	0.00651	0.00622	0.00195	0.00735	0.00595	0.00464	0.00891
17	0.01051	0.00695	0.00861	0.00882	0.01027	0.00670	0.00635	0.04126	0.07178	0.08821	0.09406	0.48336	0.10860	0.01552	0.00723	0.00224	0.00377	0.01378	0.00591	0.00607
18	0.00796	0.00566	0.00776	0.00870	0.00929	0.00563	0.00618	0.00928	0.01136	0.01538	0.06065	0.49494	0.03377	0.05803	0.15396	0.02768	0.00619	0.06762	0.00500	0.00494
19	0.01555	0.02184	0.36448	0.08693	0.05037	0.01430	0.07103	0.12621	0.07700	0.09327	0.01386	0.01519	0.00984	0.00628	0.00597	0.00191	0.00779	0.00526	0.00390	0.00903
20	0.01963	0.02599	0.04135	0.05660	0.14063	0.01318	0.11446	0.07913	0.05532	0.29981	0.01673	0.01734	0.01175	0.00689	0.00730	0.00194	0.07182	0.00588	0.00503	0.00921
21	0.01378	0.09183	0.54926	0.05065	0.02531	0.01443	0.06941	0.01968	0.01312	0.08069	0.01177	0.01350	0.00837	0.00578	0.00570	0.00186	0.00841	0.00470	0.00300	0.00875
22	0.01164	0.00908	0.01342	0.01215	0.04653	0.00889	0.09698	0.06317	0.07424	0.05591	0.37707	0.14533	0.03811	0.01117	0.00693	0.00199	0.00455	0.01018	0.00582	0.00685
23	0.01889	0.04111	0.06801	0.01647	0.11668	0.01295	0.08061	0.05375	0.20423	0.26837	0.01921	0.01926	0.01380	0.03079	0.00681	0.00202	0.00616	0.00610	0.00540	0.00937
24	0.01580	0.01055	0.01632	0.26726	0.13184	0.01103	0.03298	0.05027	0.01440	0.21044	0.01953	0.13634	0.03984	0.00860	0.00634	0.00200	0.00627	0.00764	0.00467	0.00790
25	0.01191	0.02997	0.01042	0.04983	0.01176	0.00834	0.00693	0.05586	0.01172	0.09090	0.03383	0.09400	0.01948	0.28961	0.15767	0.06011	0.02530	0.02265	0.00419	0.00551
26	0.04748	0.14345	0.29989	0.08994	0.07971	0.03834	0.01590	0.08032	0.03958	0.09253	0.01236	0.01380	0.00909	0.00602	0.00546	0.00179	0.00747	0.00467	0.00356	0.00866
27	0.04003	0.02599	0.01769	0.01556	0.09316	0.08228	0.06333	0.15716	0.05729	0.29839	0.04938	0.01810	0.01388	0.00717	0.00646	0.00185	0.03163	0.00586	0.00557	0.00922
28	0.06452	0.01388	0.07427	0.08505	0.19920	0.03777	0.16490	0.01632	0.01244	0.01790	0.01326	0.05485	0.01182	0.01236	0.10562	0.03194	0.04587	0.02743	0.00319	0.00740

[dist]
# distance from previous block
# <min> <max>
1	7

[block]
# block no. 2 follows, 38 sequences, length 13
# corresponding to MSA columns:
# 484-496
name=unknown_C
#
# <colnr> <probs for GDERKNQSTAVLIFYWHMCP>
#	G	D	E	R	K	N	Q	S	T	A	V	L	I	F	Y	W	H	M	C	P
0	0.09789	0.07317	0.01518	0.01273	0.04071	0.09018	0.06081	0.08866	0.04419	0.08559	0.02069	0.20776	0.02053	0.01072	0.00635	0.00206	0.00601	0.10474	0.00485	0.00718
1	0.01714	0.19194	0.05098	0.01326	0.01811	0.01700	0.08345	0.28028	0.08729	0.02521	0.01526	0.01617	0.04051	0.00805	0.03383	0.00196	0.00686	0.00535	0.00446	0.08290
2	0.21305	0.01421	0.01699	0.01466	0.07697	0.01509	0.07491	0.29720	0.06177	0.07534	0.01343	0.01423	0.00986	0.00634	0.00545	0.00178	0.00614	0.00503	0.00486	0.07268
3	0.09879	0.71299	0.02922	0.01005	0.01505	0.02276	0.00991	0.01798	0.01202	0.01546	0.00836	0.00966	0.00760	0.00519	0.00385	0.00134	0.00625	0.00322	0.00269	0.00760
4	0.01898	0.28697	0.12773	0.01312	0.01862	0.01644	0.07641	0.07793	0.05287	0.23240	0.01481	0.01485	0.01066	0.00620	0.00533	0.00169	0.00666	0.00492	0.00447	0.00894
5	0.01422	0.01567	0.09888	0.13842	0.37010	0.01425	0.14595	0.06018	0.01431	0.01991	0.01235	0.01722	0.01011	0.00601	0.00625	0.00192	0.00789	0.03449	0.00319	0.00867
6	0.00984	0.00559	0.00825	0.00825	0.00854	0.00588	0.00574	0.00868	0.00839	0.01148	0.01252	0.02106	0.01241	0.07601	0.22421	0.55289	0.00820	0.00578	0.00284	0.00342
7	0.00853	0.00631	0.00808	0.00871	0.00971	0.00617	0.00629	0.01165	0.07890	0.01888	0.23022	0.45514	0.04215	0.01590	0.00743	0.00228	0.00358	0.06858	0.00592	0.00557
8	0.01531	0.01871	0.28084	0.21227	0.07787	0.01365	0.01685	0.06043	0.01394	0.14230	0.01292	0.01516	0.00925	0.00658	0.00716	0.00198	0.07754	0.00514	0.00364	0.00846
9	0.04396	0.01567	0.05829	0.14613	0.21964	0.07564	0.08418	0.06717	0.18679	0.02121	0.01432	0.01635	0.01103	0.00632	0.00599	0.00190	0.00729	0.00563	0.00389	0.00862
10	0.01106	0.00880	0.01037	0.01021	0.01238	0.00933	0.00821	0.01880	0.27341	0.02185	0.20238	0.04532	0.09845	0.01245	0.00713	0.00223	0.00439	0.23026	0.00601	0.00695
11	0.01173	0.00718	0.00947	0.00989	0.01160	0.00691	0.00788	0.01463	0.05662	0.13100	0.03240	0.29270	0.07665	0.01535	0.00755	0.00243	0.00460	0.28925	0.00589	0.00626
12	0.01508	0.01608	0.09594	0.19837	0.30571	0.04573	0.03429	0.11838	0.01507	0.02057	0.01123	0.01460	0.00888	0.00624	0.00704	0.00191	0.06781	0.00525	0.00327	0.00854

[dist]
# distance from previous block
# <min> <max>
0	2

[block]
# block no. 3 follows, 38 sequences, length 33
# corresponding to MSA columns:
# 499-531
name=unknown_D
#
# <colnr> <probs for GDERKNQSTAVLIFYWHMCP>
#	G	D	E	R	K	N	Q	S	T	A	V	L	I	F	Y	W	H	M	C	P
0	0.10330	0.01532	0.01916	0.08405	0.18210	0.03680	0.04609	0.36496	0.02051	0.05098	0.01284	0.01436	0.00952	0.00642	0.00580	0.00183	0.00689	0.00523	0.00465	0.00920
1	0.76967	0.01153	0.00923	0.00812	0.01192	0.01314	0.00669	0.01857	0.01077	0.08261	0.00955	0.01059	0.00715	0.00573	0.00390	0.00186	0.00469	0.00347	0.00401	0.00680
2	0.01496	0.01292	0.01360	0.01224	0.01564	0.01496	0.00952	0.03197	0.74019	0.02516	0.02448	0.02244	0.01836	0.00816	0.00612	0.00204	0.00476	0.00680	0.00612	0.00952
3	0.00767	0.00551	0.00722	0.00832	0.00891	0.00516	0.00578	0.00899	0.01219	0.01625	0.09889	0.59621	0.07434	0.05025	0.00861	0.00254	0.00366	0.06893	0.00559	0.00497
4	0.14593	0.01407	0.01635	0.01547	0.12088	0.01505	0.01101	0.32175	0.08878	0.16744	0.01577	0.01568	0.01121	0.00684	0.00567	0.00184	0.00593	0.00533	0.00551	0.00949
5	0.01608	0.79220	0.03152	0.01029	0.01544	0.02380	0.01029	0.01801	0.01222	0.01415	0.00836	0.00965	0.00772	0.00515	0.00386	0.00129	0.00643	0.00322	0.00257	0.00772
6	0.01276	0.01219	0.02091	0.47706	0.30769	0.01376	0.03657	0.01664	0.01271	0.01708	0.01097	0.01561	0.00862	0.00574	0.00602	0.00192	0.00775	0.00540	0.00280	0.00779
7	0.00793	0.00617	0.00723	0.00708	0.00879	0.00547	0.00539	0.01015	0.01530	0.02010	0.38600	0.05230	0.37846	0.01392	0.00717	0.00201	0.00309	0.05199	0.00608	0.00539
8	0.07238	0.01174	0.01455	0.01122	0.01585	0.01123	0.00927	0.18001	0.01920	0.55858	0.02085	0.01856	0.01340	0.00729	0.00591	0.00185	0.00542	0.00575	0.00692	0.01002
9	0.02617	0.01156	0.01478	0.01133	0.01602	0.01080	0.00936	0.16942	0.01943	0.61200	0.02188	0.01927	0.01396	0.00740	0.00604	0.00185	0.00542	0.00592	0.00716	0.01024
10	0.00964	0.00715	0.00909	0.00991	0.01122	0.00722	0.00775	0.04683	0.07620	0.01835	0.03229	0.37089	0.06746	0.01634	0.00768	0.00248	0.00452	0.28354	0.00563	0.00581
11	0.01783	0.01287	0.01418	0.01201	0.01574	0.01419	0.00954	0.17887	0.43265	0.12950	0.07749	0.02218	0.01908	0.00818	0.00616	0.00195	0.00506	0.00671	0.00632	0.00948
12	0.00906	0.00661	0.00823	0.00873	0.00982	0.00641	0.00626	0.07744	0.01416	0.01893	0.13514	0.51893	0.09331	0.01644	0.00742	0.00229	0.00375	0.04575	0.00577	0.00555
13	0.01240	0.00926	0.01161	0.04472	0.01411	0.00979	0.02757	0.06969	0.21272	0.06449	0.12891	0.26145	0.03013	0.01238	0.00691	0.00217	0.00460	0.06408	0.00582	0.00718
14	0.01120	0.00778	0.00886	0.00794	0.01027	0.00736	0.00614	0.09801	0.02856	0.07439	0.29050	0.04336	0.32189	0.01222	0.00675	0.00192	0.00356	0.01031	0.04261	0.00636
15	0.05164	0.01572	0.02980	0.02249	0.05977	0.01540	0.51224	0.12183	0.04661	0.04361	0.01314	0.01601	0.00974	0.00561	0.00667	0.00197	0.00889	0.00657	0.00375	0.00853
16	0.16638	0.01733	0.15397	0.01252	0.01745	0.08422	0.01173	0.14176	0.06997	0.20889	0.01601	0.01738	0.01167	0.00708	0.00561	0.00188	0.00653	0.03584	0.00502	0.00874
17	0.02060	0.17975	0.02187	0.01377	0.01838	0.01767	0.07881	0.33377	0.02013	0.15603	0.01408	0.01456	0.01024	0.00687	0.00672	0.00179	0.06553	0.00521	0.00500	0.00922
18	0.01284	0.01072	0.01240	0.00897	0.01412	0.00834	0.00717	0.04409	0.01312	0.02047	0.01124	0.01299	0.00925	0.00468	0.00451	0.00095	0.00447	0.00373	0.03950	0.75644
19	0.00813	0.00594	0.00739	0.00763	0.00864	0.00544	0.00526	0.00968	0.01303	0.01773	0.25272	0.32787	0.11183	0.14146	0.01104	0.00272	0.00367	0.01278	0.00550	0.04154
20	0.01231	0.01259	0.04979	0.01461	0.01550	0.01540	0.04202	0.03307	0.01032	0.01543	0.01191	0.08835	0.01221	0.04945	0.07447	0.00322	0.52310	0.00668	0.00311	0.00646
21	0.01801	0.01803	0.01891	0.18728	0.12805	0.23173	0.04540	0.18499	0.04812	0.02180	0.01214	0.01446	0.00936	0.00633	0.00584	0.00178	0.00820	0.00509	0.02635	0.00815
22	0.00781	0.00557	0.00743	0.00860	0.00918	0.00527	0.00608	0.00922	0.01226	0.01642	0.10017	0.59402	0.04011	0.04336	0.00847	0.00255	0.00378	0.10911	0.00561	0.00501
23	0.05321	0.14251	0.04799	0.04692	0.01610	0.01354	0.03239	0.11049	0.01436	0.12241	0.02883	0.12755	0.01558	0.01410	0.11503	0.00304	0.07712	0.00696	0.00438	0.00748
24	0.01274	0.04423	0.01451	0.31654	0.02429	0.01095	0.01183	0.01708	0.07943	0.09811	0.06380	0.09498	0.02089	0.01002	0.00662	0.00215	0.00612	0.15420	0.00459	0.00692
25	0.00733	0.00536	0.00689	0.00808	0.00866	0.00493	0.00546	0.00847	0.01190	0.01565	0.05187	0.68012	0.12665	0.01827	0.00760	0.00238	0.00342	0.01643	0.00561	0.00493
26	0.28378	0.33827	0.06396	0.01113	0.01601	0.01868	0.04198	0.12822	0.01417	0.02254	0.00962	0.01090	0.00777	0.00564	0.00440	0.00162	0.00619	0.00381	0.00350	0.00780
27	0.09746	0.10391	0.08082	0.01856	0.05536	0.01550	0.30392	0.09141	0.01479	0.05516	0.01316	0.01794	0.01069	0.00655	0.00669	0.00195	0.04028	0.05405	0.00368	0.00810
28	0.00748	0.00534	0.00716	0.00855	0.00897	0.00502	0.00585	0.00864	0.01167	0.01553	0.03307	0.73827	0.03945	0.01870	0.00772	0.00246	0.00362	0.06198	0.00558	0.00493
29	0.00778	0.00592	0.00719	0.00763	0.00885	0.00539	0.00550	0.00977	0.02625	0.01820	0.23126	0.33509	0.25648	0.01577	0.00735	0.00218	0.00327	0.03501	0.00587	0.00525
30	0.05309	0.10809	0.08630	0.01310	0.01761	0.13025	0.04011	0.06371	0.23214	0.16925	0.01712	0.01665	0.01248	0.00685	0.00563	0.00181	0.00666	0.00535	0.00494	0.00886
31	0.00878	0.00627	0.00865	0.01003	0.01102	0.00614	0.00811	0.01088	0.01295	0.01698	0.03236	0.34475	0.03662	0.01748	0.00807	0.00264	0.00475	0.44269	0.00556	0.00529
32	0.12438	0.01049	0.01333	0.01041	0.01491	0.00959	0.00858	0.02798	0.03833	0.64452	0.02189	0.01923	0.01398	0.00724	0.00577	0.00187	0.00505	0.00573	0.00695	0.00976

[dist]
# distance from previous block
# <min> <max>
6	17

[block]
# block no. 4 follows, 38 sequences, length 18
# corresponding to MSA columns:
# 551-568
name=unknown_E
#
# <colnr> <probs for GDERKNQSTAVLIFYWHMCP>
#	G	D	E	R	K	N	Q	S	T	A	V	L	I	F	Y	W	H	M	C	P
0	0.05372	0.01283	0.01516	0.01174	0.01625	0.01295	0.00967	0.32194	0.02159	0.38687	0.05992	0.01893	0.01498	0.00756	0.00601	0.00184	0.00560	0.00595	0.00666	0.00984
1	0.01292	0.01420	0.04742	0.06753	0.02346	0.07614	0.34125	0.01759	0.07099	0.01813	0.01850	0.19572	0.01785	0.00920	0.00695	0.00211	0.00785	0.04103	0.00395	0.00720
2	0.00933	0.00706	0.01060	0.01114	0.01257	0.00688	0.05543	0.01181	0.01344	0.01772	0.06738	0.24580	0.03540	0.01621	0.00801	0.00259	0.00518	0.45244	0.00544	0.00555
3	0.02371	0.01002	0.01328	0.01041	0.01454	0.00899	0.00850	0.07381	0.01794	0.58792	0.14080	0.02404	0.02138	0.00822	0.00622	0.00186	0.00485	0.00679	0.00722	0.00950
4	0.07692	0.00840	0.00975	0.00849	0.01119	0.00803	0.02895	0.08662	0.01587	0.10901	0.17352	0.05671	0.31620	0.01149	0.00646	0.00192	0.00397	0.00961	0.05032	0.00656
5	0.01454	0.34260	0.36194	0.01478	0.02156	0.06725	0.06440	0.01897	0.01289	0.01677	0.00979	0.01156	0.00777	0.00547	0.00503	0.00164	0.00809	0.00408	0.00262	0.00823
6	0.02458	0.01410	0.01635	0.01254	0.01728	0.01458	0.01036	0.43941	0.02369	0.33600	0.01830	0.01695	0.01217	0.00731	0.00603	0.00183	0.00600	0.00568	0.00661	0.01023
7	0.00733	0.00524	0.00698	0.00838	0.00873	0.00489	0.00558	0.00838	0.01152	0.01536	0.03316	0.78466	0.03979	0.01885	0.00768	0.00244	0.00349	0.01710	0.00558	0.00489
8	0.01436	0.01475	0.08686	0.27664	0.32740	0.01413	0.06709	0.06594	0.01419	0.04396	0.01175	0.01533	0.00906	0.00578	0.00604	0.00189	0.00770	0.00542	0.00320	0.00850
9	0.01565	0.60930	0.16813	0.01186	0.01761	0.05968	0.01262	0.01852	0.01256	0.01511	0.00887	0.01029	0.00770	0.00531	0.00429	0.00142	0.00712	0.00348	0.00259	0.00790
10	0.00744	0.00532	0.00708	0.00830	0.00875	0.00496	0.00559	0.00865	0.01202	0.01615	0.09818	0.71736	0.04133	0.01825	0.00763	0.00239	0.00343	0.01654	0.00568	0.00496
11	0.00869	0.00584	0.00672	0.00688	0.00696	0.00581	0.00404	0.00888	0.00916	0.01219	0.02050	0.09268	0.02367	0.70181	0.02806	0.00546	0.00566	0.03931	0.00386	0.00381
12	0.01065	0.00992	0.06162	0.00967	0.01211	0.00890	0.00783	0.08347	0.15618	0.02035	0.07011	0.29234	0.20608	0.01351	0.00691	0.00214	0.00428	0.01169	0.00557	0.00667
13	0.01827	0.02186	0.05672	0.01466	0.01779	0.41908	0.03746	0.06579	0.09107	0.01762	0.01331	0.06428	0.01165	0.01016	0.05807	0.00234	0.06328	0.00556	0.00370	0.00731
14	0.01891	0.04389	0.01595	0.01347	0.01659	0.36010	0.03603	0.05969	0.17589	0.06623	0.01466	0.01679	0.01187	0.06052	0.00855	0.05593	0.00804	0.00526	0.00419	0.00747
15	0.00748	0.00540	0.00705	0.00818	0.00865	0.00511	0.00550	0.00855	0.01137	0.01509	0.03307	0.64446	0.08363	0.07159	0.05167	0.00305	0.00433	0.01566	0.00532	0.00484
16	0.00733	0.00524	0.00698	0.00838	0.00873	0.00489	0.00558	0.00838	0.01152	0.01536	0.03316	0.78466	0.03979	0.01885	0.00768	0.00244	0.00349	0.01710	0.00558	0.00489
17	0.01247	0.01069	0.01247	0.00891	0.01426	0.00802	0.00713	0.01515	0.01247	0.01960	0.01069	0.01247	0.00891	0.00446	0.00446	0.00089	0.00446	0.00356	0.00356	0.82536

[dist]
# distance from previous block
# <min> <max>
1	2

[block]
# block no. 5 follows, 38 sequences, length 14
# corresponding to MSA columns:
# 572-585
name=unknown_F
#
# <colnr> <probs for GDERKNQSTAVLIFYWHMCP>
#	G	D	E	R	K	N	Q	S	T	A	V	L	I	F	Y	W	H	M	C	P
0	0.04123	0.01075	0.01703	0.62029	0.03606	0.01284	0.01507	0.01788	0.03942	0.11298	0.01283	0.01664	0.00925	0.00627	0.00595	0.00198	0.00741	0.00542	0.00346	0.00725
1	0.01416	0.01340	0.02211	0.12006	0.57158	0.01337	0.01678	0.01767	0.01334	0.01914	0.01116	0.01471	0.00927	0.00532	0.00577	0.00170	0.00690	0.00512	0.00302	0.11542
2	0.00733	0.00524	0.00698	0.00838	0.00873	0.00489	0.00558	0.00838	0.01152	0.01536	0.03316	0.78466	0.03979	0.01885	0.00768	0.00244	0.00349	0.01710	0.00558	0.00489
3	0.01058	0.00980	0.01338	0.30880	0.02291	0.04599	0.01111	0.01330	0.01295	0.01691	0.15566	0.07557	0.12762	0.01163	0.04175	0.00241	0.10132	0.00815	0.00405	0.00609
4	0.04863	0.00955	0.01084	0.00927	0.01181	0.00968	0.00689	0.12057	0.07980	0.01962	0.01603	0.02423	0.01514	0.26769	0.14328	0.00429	0.00726	0.00630	0.00414	0.18497
5	0.00876	0.00586	0.00709	0.00741	0.00776	0.00575	0.00483	0.00907	0.00994	0.01305	0.02417	0.12400	0.07436	0.47976	0.02302	0.08518	0.00529	0.09656	0.00413	0.00401
6	0.01665	0.03974	0.10155	0.06529	0.04900	0.06174	0.01360	0.06777	0.01321	0.14194	0.01177	0.01444	0.00927	0.00830	0.01207	0.00218	0.35468	0.00518	0.00371	0.00790
7	0.01454	0.04948	0.14070	0.09464	0.02807	0.01570	0.37663	0.09211	0.04921	0.02059	0.01225	0.01535	0.00922	0.00592	0.00715	0.00199	0.04877	0.00608	0.00334	0.00828
8	0.01390	0.01494	0.02231	0.31247	0.02996	0.11077	0.19080	0.01722	0.01253	0.01604	0.01021	0.01474	0.00823	0.00688	0.00947	0.00210	0.19200	0.00557	0.00281	0.00705
9	0.01303	0.08706	0.01401	0.00894	0.01404	0.00942	0.00734	0.01555	0.01270	0.04568	0.01402	0.01527	0.05438	0.00529	0.00462	0.00104	0.00459	0.00418	0.00373	0.66512
10	0.00812	0.00948	0.12651	0.00945	0.01133	0.00640	0.00804	0.01012	0.01183	0.01588	0.03201	0.54992	0.11134	0.04966	0.00830	0.00246	0.00440	0.01424	0.00502	0.00549
11	0.03376	0.08420	0.11361	0.11932	0.04580	0.01389	0.07470	0.09064	0.01413	0.11810	0.01431	0.05901	0.01175	0.01155	0.09041	0.00281	0.08422	0.00602	0.00392	0.00786
12	0.01625	0.06938	0.01821	0.12630	0.06282	0.01281	0.08323	0.08809	0.01479	0.18131	0.01808	0.14242	0.01604	0.00918	0.00773	0.00205	0.08542	0.03335	0.00467	0.00786
13	0.01560	0.02923	0.06358	0.01047	0.01394	0.00966	0.00883	0.08872	0.03215	0.20215	0.01863	0.09510	0.01601	0.07506	0.17565	0.00380	0.00778	0.00685	0.00487	0.12193

[dist]
# distance from previous block
# <min> <max>
0	31

[block]
# block no. 6 follows, 38 sequences, length 27
# corresponding to MSA columns:
# 628-654
name=unknown_G
#
# <colnr> <probs for GDERKNQSTAVLIFYWHMCP>
#	G	D	E	R	K	N	Q	S	T	A	V	L	I	F	Y	W	H	M	C	P
0	0.08374	0.14665	0.07316	0.05090	0.08991	0.01485	0.12149	0.05108	0.10963	0.13098	0.03795	0.03728	0.01300	0.00669	0.00570	0.00183	0.00657	0.00581	0.00433	0.00847
1	0.01357	0.03110	0.01347	0.07337	0.05755	0.00951	0.04222	0.05757	0.02771	0.14686	0.19620	0.16195	0.09223	0.01099	0.00718	0.00201	0.03435	0.00954	0.00548	0.00711
2	0.01959	0.07860	0.01724	0.07395	0.01874	0.03225	0.01078	0.35133	0.17201	0.10104	0.01678	0.01673	0.01219	0.00714	0.00577	0.00181	0.00610	0.00556	0.04309	0.00931
3	0.05727	0.13730	0.07709	0.01113	0.01640	0.01179	0.06177	0.01770	0.01297	0.10415	0.01281	0.04699	0.01056	0.00575	0.00494	0.00135	0.00559	0.00470	0.00383	0.39591
4	0.03920	0.01510	0.11665	0.13504	0.23794	0.01309	0.04243	0.08510	0.02721	0.17460	0.01433	0.01601	0.01037	0.00616	0.00588	0.00184	0.00691	0.00538	0.01823	0.02855
5	0.01196	0.00979	0.01275	0.01142	0.01252	0.01194	0.00913	0.01499	0.07391	0.05629	0.12399	0.10535	0.09983	0.01151	0.01220	0.00225	0.33488	0.00830	0.07053	0.00648
6	0.00742	0.00549	0.00714	0.02534	0.00939	0.00512	0.00570	0.00864	0.01195	0.01569	0.05376	0.65311	0.13327	0.01792	0.00755	0.00237	0.00352	0.01610	0.00554	0.00497
7	0.01163	0.00844	0.06093	0.00942	0.01164	0.00674	0.00788	0.01416	0.01477	0.14093	0.26370	0.22920	0.06551	0.01345	0.00716	0.00216	0.00421	0.11565	0.00601	0.00641
8	0.00778	0.00566	0.00744	0.00850	0.00921	0.00540	0.00607	0.00919	0.01201	0.01589	0.06179	0.52371	0.10351	0.04437	0.06095	0.00303	0.00463	0.10046	0.00539	0.00501
9	0.01038	0.00572	0.00856	0.06960	0.01044	0.00593	0.00602	0.00852	0.00825	0.01095	0.01117	0.01984	0.01120	0.08305	0.02268	0.69093	0.00550	0.00553	0.00270	0.00303
10	0.00945	0.00740	0.01088	0.21056	0.01762	0.00848	0.00885	0.01144	0.01028	0.01387	0.01669	0.02977	0.01675	0.27253	0.27526	0.00593	0.00993	0.05577	0.00337	0.00517
11	0.00861	0.00594	0.00697	0.00697	0.00727	0.00602	0.00426	0.00903	0.00922	0.01231	0.02146	0.03840	0.07133	0.62868	0.13388	0.00612	0.00711	0.00869	0.00372	0.00399
12	0.01207	0.03112	0.75741	0.01715	0.02604	0.01397	0.02223	0.01905	0.01270	0.01905	0.01080	0.01270	0.00762	0.00572	0.00572	0.00191	0.00889	0.00445	0.00254	0.00889
13	0.10822	0.15707	0.21473	0.01425	0.01795	0.01764	0.01427	0.01669	0.01079	0.01708	0.00880	0.01202	0.00763	0.00772	0.01134	0.00211	0.34712	0.00445	0.00272	0.00739
14	0.01134	0.01083	0.09815	0.01099	0.01399	0.00874	0.10369	0.04759	0.04413	0.02082	0.05470	0.15337	0.06234	0.00969	0.00595	0.00187	0.00497	0.03246	0.29782	0.00655
15	0.00754	0.00562	0.00704	0.00788	0.00879	0.00512	0.00555	0.00901	0.01284	0.01683	0.13353	0.49355	0.19983	0.01708	0.00750	0.00229	0.00340	0.04581	0.00572	0.00506
16	0.01398	0.01323	0.02240	0.06801	0.64518	0.01332	0.01711	0.01732	0.01341	0.01903	0.01344	0.09089	0.01244	0.00672	0.00613	0.00186	0.00683	0.00652	0.00322	0.00894
17	0.05071	0.04511	0.04300	0.05025	0.02027	0.06401	0.17002	0.09502	0.16012	0.11052	0.07989	0.02151	0.01663	0.00748	0.00625	0.00194	0.00681	0.03724	0.00488	0.00834
18	0.01679	0.01061	0.01665	0.28617	0.16052	0.01113	0.01312	0.01990	0.01403	0.26167	0.03636	0.05070	0.01364	0.00938	0.05084	0.00238	0.00704	0.00629	0.00457	0.00821
19	0.00862	0.00627	0.00878	0.00874	0.00959	0.00696	0.00643	0.01031	0.01004	0.01423	0.07589	0.02917	0.02007	0.22281	0.52549	0.00811	0.01255	0.00736	0.00360	0.00498
20	0.05904	0.01196	0.01402	0.01151	0.01511	0.04305	0.00930	0.14016	0.06901	0.36396	0.03171	0.07178	0.01558	0.01038	0.04661	0.00236	0.06293	0.00659	0.00604	0.00891
21	0.03816	0.01493	0.08481	0.08817	0.04849	0.01335	0.31921	0.09392	0.01573	0.10809	0.07351	0.04467	0.01453	0.00680	0.00654	0.00196	0.00782	0.00690	0.00419	0.00821
22	0.00795	0.00564	0.00742	0.00817	0.00857	0.00566	0.00547	0.00895	0.01042	0.01412	0.02602	0.43723	0.03013	0.22391	0.16686	0.00478	0.00665	0.01278	0.00460	0.00466
23	0.00850	0.00672	0.00775	0.00781	0.00942	0.00639	0.00572	0.01213	0.10196	0.01926	0.23712	0.23072	0.29524	0.01448	0.00713	0.00210	0.00331	0.01258	0.00593	0.00573
24	0.16776	0.07809	0.07732	0.09954	0.01939	0.05873	0.01142	0.15080	0.09504	0.13370	0.01404	0.01475	0.01023	0.00670	0.00592	0.00186	0.03682	0.00490	0.00457	0.00842
25	0.01432	0.00922	0.01388	0.09426	0.01706	0.00904	0.08286	0.06607	0.01597	0.18113	0.22922	0.14835	0.03024	0.01074	0.00684	0.00204	0.00518	0.05067	0.00573	0.00722
26	0.00758	0.00544	0.00709	0.00817	0.00879	0.00517	0.00561	0.00884	0.01160	0.01559	0.03367	0.61641	0.10318	0.02045	0.07700	0.00303	0.00458	0.01526	0.03757	0.00498

[dist]
# distance from previous block
# <min> <max>
8	31

[block]
# block no. 7 follows, 38 sequences, length 49
# corresponding to MSA columns:
# 686-734
name=unknown_H
#
# <colnr> <probs for GDERKNQSTAVLIFYWHMCP>
#	G	D	E	R	K	N	Q	S	T	A	V	L	I	F	Y	W	H	M	C	P
0	0.01621	0.28307	0.27191	0.01403	0.02029	0.01790	0.04834	0.13335	0.06442	0.05871	0.01221	0.01317	0.00924	0.00599	0.00525	0.00169	0.00729	0.00455	0.00362	0.00878
1	0.01655	0.01371	0.01311	0.01149	0.01409	0.14740	0.00884	0.17303	0.06996	0.07726	0.04061	0.09080	0.02862	0.08700	0.01041	0.05823	0.04325	0.03924	0.02062	0.03578
2	0.01287	0.04702	0.01522	0.01240	0.01406	0.01396	0.04605	0.04302	0.20508	0.01762	0.01594	0.02290	0.01472	0.21603	0.03785	0.00339	0.24444	0.00663	0.00398	0.00681
3	0.01465	0.01405	0.02398	0.08703	0.70283	0.01423	0.01834	0.01825	0.01358	0.01936	0.01127	0.01497	0.00943	0.00540	0.00596	0.00180	0.00721	0.00536	0.00296	0.00934
4	0.01150	0.01080	0.01772	0.51934	0.18186	0.01243	0.01542	0.01509	0.01260	0.01636	0.01764	0.02148	0.10881	0.00713	0.00615	0.00196	0.00717	0.00635	0.00313	0.00705
5	0.01820	0.01098	0.01272	0.01125	0.04854	0.03899	0.00819	0.13812	0.04817	0.26163	0.02300	0.02646	0.08744	0.18404	0.01158	0.00271	0.00559	0.00700	0.00553	0.04985
6	0.14195	0.00923	0.01048	0.00874	0.01210	0.00906	0.00704	0.04385	0.05203	0.33974	0.01980	0.01944	0.01384	0.00705	0.00508	0.00171	0.00430	0.00550	0.28097	0.00808
7	0.00922	0.04314	0.00858	0.00810	0.00954	0.00626	0.00598	0.01073	0.01301	0.06652	0.08425	0.41439	0.22950	0.01591	0.00723	0.00222	0.00369	0.05059	0.00563	0.00552
8	0.01300	0.01419	0.07964	0.37395	0.02988	0.04082	0.06342	0.01968	0.16796	0.01790	0.01335	0.01660	0.01025	0.00697	0.00782	0.00207	0.10586	0.00564	0.00344	0.00757
9	0.07549	0.01141	0.01454	0.01172	0.01575	0.01143	0.05760	0.09120	0.17346	0.35211	0.02147	0.05864	0.01556	0.00785	0.00595	0.00191	0.00527	0.00658	0.05290	0.00915
10	0.02068	0.00955	0.01226	0.00991	0.01364	0.00872	0.00800	0.05496	0.06449	0.46924	0.15969	0.02851	0.09501	0.00914	0.00635	0.00189	0.00454	0.00761	0.00696	0.00885
11	0.01585	0.01329	0.01236	0.05137	0.03681	0.17592	0.00863	0.06283	0.08190	0.10647	0.06714	0.02482	0.07238	0.10301	0.04463	0.00262	0.00669	0.00665	0.09965	0.00700
12	0.12014	0.16158	0.04626	0.04789	0.01695	0.01369	0.04671	0.09655	0.01545	0.24569	0.05348	0.05317	0.01440	0.00860	0.03207	0.00206	0.00621	0.00583	0.00497	0.00830
13	0.00749	0.00525	0.00692	0.00826	0.00866	0.00492	0.00553	0.00861	0.01156	0.01565	0.03260	0.75357	0.03879	0.01836	0.00754	0.00240	0.00346	0.01663	0.03888	0.00492
14	0.00733	0.00524	0.00698	0.00838	0.00873	0.00489	0.00558	0.00838	0.01152	0.01536	0.03316	0.78466	0.03979	0.01885	0.00768	0.00244	0.00349	0.01710	0.00558	0.00489
15	0.01424	0.01464	0.11704	0.19328	0.10326	0.01334	0.06213	0.08226	0.16254	0.05996	0.09961	0.02020	0.01647	0.00718	0.00619	0.00194	0.00665	0.00632	0.00441	0.00834
16	0.07700	0.12200	0.10161	0.01204	0.01717	0.03690	0.01108	0.18400	0.01804	0.33639	0.01658	0.01573	0.01125	0.00672	0.00553	0.00177	0.00621	0.00508	0.00551	0.00939
17	0.01393	0.01138	0.01809	0.07588	0.43167	0.01127	0.01370	0.01705	0.01411	0.08341	0.08296	0.02394	0.10661	0.00753	0.00609	0.00182	0.00585	0.00683	0.05965	0.00824
18	0.01295	0.01098	0.01273	0.00914	0.01446	0.00851	0.00733	0.04801	0.01320	0.02044	0.01086	0.01256	0.00897	0.00458	0.00453	0.00093	0.00455	0.00365	0.00368	0.78794
19	0.01222	0.03016	0.71828	0.01689	0.02549	0.01402	0.02156	0.01973	0.05098	0.01937	0.01152	0.01321	0.00819	0.00584	0.00574	0.00191	0.00867	0.00457	0.00273	0.00892
20	0.30223	0.01421	0.02466	0.01823	0.02338	0.01418	0.42620	0.01939	0.01301	0.07200	0.01162	0.01425	0.00860	0.00541	0.00584	0.00196	0.00787	0.00568	0.00358	0.00770
21	0.01207	0.03112	0.75741	0.01715	0.02604	0.01397	0.02223	0.01905	0.01270	0.01905	0.01080	0.01270	0.00762	0.00572	0.00572	0.00191	0.00889	0.00445	0.00254	0.00889
22	0.04355	0.01779	0.19006	0.05069	0.02264	0.03973	0.16087	0.11615	0.01656	0.24298	0.02957	0.01662	0.01140	0.00646	0.00611	0.00189	0.00750	0.00571	0.00472	0.00901
23	0.01259	0.00911	0.01320	0.11648	0.01724	0.00921	0.06836	0.03789	0.08232	0.10916	0.29250	0.03569	0.09021	0.01033	0.00681	0.00201	0.00497	0.06929	0.00563	0.00699
24	0.00733	0.00524	0.00698	0.00838	0.00873	0.00489	0.00558	0.00838	0.01152	0.01536	0.03316	0.78466	0.03979	0.01885	0.00768	0.00244	0.00349	0.01710	0.00558	0.00489
25	0.00733	0.00524	0.00698	0.00838	0.00873	0.00489	0.00558	0.00838	0.01152	0.01536	0.03316	0.78466	0.03979	0.01885	0.00768	0.00244	0.00349	0.01710	0.00558	0.00489
26	0.04966	0.01311	0.01490	0.01212	0.01616	0.06126	0.04231	0.17659	0.13078	0.24517	0.02173	0.04479	0.05253	0.00828	0.00611	0.00188	0.00581	0.04013	0.00587	0.05083
27	0.00869	0.00634	0.00846	0.00958	0.01077	0.00610	0.00778	0.01086	0.01338	0.01740	0.07241	0.25589	0.12288	0.01682	0.00794	0.00255	0.00456	0.40666	0.00561	0.00532
28	0.00751	0.00553	0.00677	0.00763	0.00852	0.00502	0.00527	0.00887	0.01248	0.01645	0.08638	0.51931	0.22128	0.01701	0.00735	0.00226	0.00331	0.01510	0.03894	0.00502
29	0.00851	0.00615	0.00804	0.00757	0.00899	0.00568	0.00568	0.01135	0.01703	0.02412	0.74788	0.04494	0.05676	0.01230	0.00710	0.00189	0.00284	0.01088	0.00662	0.00568
30	0.02144	0.02891	0.09014	0.01566	0.01933	0.69035	0.01267	0.02353	0.01662	0.01515	0.00945	0.01103	0.00774	0.00615	0.00545	0.00158	0.01066	0.00393	0.00304	0.00716
31	0.01489	0.01429	0.02442	0.03692	0.75106	0.01429	0.01846	0.01846	0.01370	0.01965	0.01132	0.01489	0.00953	0.00536	0.00596	0.00179	0.00715	0.00536	0.00298	0.00953
32	0.00737	0.00539	0.00683	0.00795	0.00852	0.00496	0.00533	0.00843	0.01169	0.01529	0.03645	0.63985	0.14184	0.05882	0.00880	0.00256	0.00355	0.01602	0.00548	0.00485
33	0.83108	0.01163	0.00884	0.00791	0.01163	0.01350	0.00651	0.01768	0.01024	0.02699	0.00838	0.00977	0.00651	0.00558	0.00372	0.00186	0.00465	0.00326	0.00372	0.00651
34	0.01608	0.79220	0.03152	0.01029	0.01544	0.02380	0.01029	0.01801	0.01222	0.01415	0.00836	0.00965	0.00772	0.00515	0.00386	0.00129	0.00643	0.00322	0.00257	0.00772
35	0.01403	0.01124	0.01302	0.00950	0.01463	0.00920	0.00764	0.09845	0.01462	0.04670	0.03644	0.01407	0.01088	0.00514	0.00478	0.00106	0.00467	0.00411	0.00408	0.67574
36	0.04531	0.44842	0.11766	0.01213	0.01751	0.01982	0.03343	0.10297	0.07730	0.05709	0.01167	0.01245	0.00929	0.00585	0.00474	0.00156	0.00660	0.00420	0.00358	0.00841
37	0.01343	0.01246	0.02023	0.41980	0.30778	0.01405	0.01675	0.05121	0.05090	0.01856	0.01182	0.01586	0.00923	0.00593	0.00600	0.00191	0.00745	0.00543	0.00312	0.00807
38	0.01473	0.01399	0.02304	0.06981	0.64446	0.01432	0.01750	0.01965	0.08534	0.01999	0.01259	0.01569	0.01033	0.00567	0.00597	0.00182	0.00695	0.00550	0.00327	0.00939
39	0.00926	0.00662	0.00765	0.00714	0.00928	0.00569	0.00541	0.01129	0.01480	0.07094	0.26542	0.08350	0.40785	0.01334	0.00691	0.00193	0.00323	0.01136	0.00592	0.05246
40	0.02597	0.01188	0.01498	0.01148	0.01618	0.01128	0.00949	0.20356	0.01997	0.57710	0.02143	0.01898	0.01373	0.00739	0.00604	0.00185	0.00549	0.00589	0.00709	0.01024
41	0.02373	0.01337	0.01513	0.01173	0.01628	0.05184	0.00960	0.27269	0.02058	0.38776	0.01869	0.01740	0.01250	0.00708	0.00583	0.00174	0.00581	0.00553	0.03781	0.06490
42	0.05678	0.01075	0.01463	0.01399	0.07491	0.01258	0.01038	0.07826	0.01270	0.13599	0.01418	0.01850	0.01193	0.04709	0.23913	0.00456	0.22663	0.00579	0.00400	0.00726
43	0.06144	0.00846	0.01086	0.00920	0.01235	0.00761	0.00726	0.02070	0.01556	0.41165	0.14305	0.14046	0.07753	0.01037	0.00635	0.00195	0.00426	0.00879	0.03416	0.00799
44	0.19373	0.00967	0.01149	0.01010	0.01233	0.01074	0.00809	0.01671	0.01294	0.17768	0.12723	0.11176	0.08141	0.01040	0.00899	0.00212	0.17484	0.00780	0.00508	0.00690
45	0.01178	0.01098	0.01614	0.14297	0.06854	0.01423	0.01224	0.01371	0.01002	0.01462	0.01106	0.01810	0.01060	0.09235	0.14139	0.00396	0.39231	0.00583	0.00286	0.00631
46	0.01070	0.01244	0.11720	0.01474	0.01814	0.00986	0.19887	0.01498	0.06251	0.01800	0.02380	0.30538	0.02504	0.01234	0.00726	0.00229	0.00640	0.12880	0.00453	0.00670
47	0.00839	0.00602	0.00773	0.00875	0.00940	0.00582	0.00598	0.05749	0.01266	0.01689	0.03188	0.73231	0.03778	0.01806	0.00757	0.00240	0.00370	0.01631	0.00561	0.00525
48	0.05253	0.01337	0.02469	0.29686	0.04650	0.01419	0.32236	0.06549	0.01395	0.01921	0.01260	0.05520	0.01024	0.00639	0.00667	0.00202	0.02035	0.00661	0.00327	0.00750

[dist]
# distance from previous block
# <min> <max>
0	30

[block]
# block no. 8 follows, 38 sequences, length 46
# corresponding to MSA columns:
# 765-789,794-814
name=unknown_I
#
# <colnr> <probs for GDERKNQSTAVLIFYWHMCP>
#	G	D	E	R	K	N	Q	S	T	A	V	L	I	F	Y	W	H	M	C	P
0	0.01302	0.06028	0.24752	0.17958	0.23336	0.01427	0.08477	0.01796	0.02773	0.01820	0.01202	0.04276	0.00979	0.00612	0.00596	0.00189	0.00792	0.00559	0.00293	0.00834
1	0.00752	0.00545	0.00711	0.00808	0.00873	0.00504	0.00553	0.00892	0.01263	0.01696	0.16063	0.60646	0.08975	0.01746	0.00754	0.00232	0.00335	0.01572	0.00577	0.00504
2	0.00746	0.00534	0.00710	0.00829	0.00875	0.00497	0.00559	0.00870	0.01212	0.01632	0.11160	0.70347	0.04165	0.01813	0.00761	0.00238	0.00342	0.01642	0.00570	0.00497
3	0.01464	0.08208	0.14547	0.20815	0.10866	0.04430	0.16381	0.01873	0.01321	0.07521	0.01167	0.01482	0.00885	0.00604	0.00689	0.00192	0.05901	0.00538	0.00314	0.00803
4	0.01549	0.07778	0.29603	0.01969	0.18976	0.01389	0.04205	0.04712	0.05425	0.12053	0.05475	0.01657	0.01256	0.00636	0.00584	0.00183	0.00718	0.00541	0.00389	0.00901
5	0.01375	0.01414	0.01834	0.01578	0.01597	0.06538	0.01306	0.01508	0.00971	0.01449	0.00799	0.01302	0.00789	0.01026	0.01884	0.00256	0.72931	0.00518	0.00266	0.00661
6	0.01266	0.01086	0.01256	0.00916	0.01436	0.00854	0.00731	0.01641	0.06723	0.02002	0.01173	0.01322	0.00962	0.00473	0.00458	0.00098	0.00448	0.00381	0.00376	0.76397
7	0.04229	0.01098	0.01254	0.01041	0.01386	0.07788	0.00829	0.05171	0.01673	0.41536	0.16675	0.05476	0.02322	0.01107	0.05396	0.00235	0.00586	0.00719	0.00638	0.00840
8	0.00969	0.00692	0.00969	0.01108	0.01246	0.00692	0.00969	0.01246	0.01385	0.01800	0.03185	0.06786	0.03462	0.01662	0.00831	0.00277	0.00554	0.71057	0.00554	0.00554
9	0.01428	0.01366	0.02338	0.18082	0.36047	0.01425	0.14222	0.06002	0.06300	0.02031	0.03948	0.01694	0.01152	0.00599	0.00623	0.00190	0.00750	0.00597	0.00345	0.00860
10	0.08018	0.01279	0.07393	0.30075	0.02524	0.03949	0.01262	0.06623	0.04131	0.08162	0.06053	0.05195	0.01505	0.00773	0.00597	0.00193	0.00656	0.05027	0.00413	0.06174
11	0.00881	0.00657	0.00824	0.00775	0.00934	0.00621	0.00583	0.01244	0.06211	0.02358	0.64961	0.04452	0.10765	0.01227	0.00704	0.00191	0.00297	0.01076	0.00651	0.00587
12	0.00840	0.00614	0.00789	0.00745	0.00892	0.00563	0.00559	0.01114	0.01677	0.02351	0.69443	0.04594	0.11060	0.01253	0.00710	0.00190	0.00285	0.01102	0.00654	0.00563
13	0.01558	0.00843	0.01058	0.00896	0.01166	0.00799	0.00706	0.09568	0.01790	0.23261	0.39269	0.03251	0.03584	0.00986	0.00640	0.00183	0.00390	0.00841	0.08463	0.00746
14	0.01388	0.29126	0.02333	0.36193	0.10812	0.01741	0.01410	0.03279	0.05229	0.01642	0.01076	0.01394	0.00869	0.00577	0.00524	0.00172	0.00715	0.00467	0.00293	0.00760
15	0.01251	0.11549	0.67695	0.01639	0.02486	0.01506	0.02090	0.01894	0.01265	0.01851	0.01053	0.01236	0.00763	0.00565	0.00551	0.00184	0.00862	0.00431	0.00254	0.00876
16	0.00842	0.00615	0.00791	0.00747	0.00893	0.00564	0.00560	0.01117	0.01681	0.02360	0.70220	0.04580	0.10277	0.01249	0.00710	0.00190	0.00285	0.01100	0.00655	0.00564
17	0.01277	0.02171	0.34569	0.15377	0.03086	0.01435	0.29683	0.01849	0.01317	0.01849	0.01131	0.01466	0.00828	0.00552	0.00631	0.00197	0.00922	0.00564	0.00276	0.00820
18	0.01312	0.01413	0.02887	0.30949	0.03523	0.01451	0.45883	0.01779	0.01338	0.01779	0.01161	0.01616	0.00871	0.00543	0.00669	0.00202	0.00934	0.00643	0.00290	0.00757
19	0.00772	0.00546	0.00714	0.00811	0.00850	0.00526	0.00538	0.00874	0.01119	0.01506	0.06470	0.56930	0.03590	0.15367	0.06120	0.00348	0.00469	0.01465	0.00514	0.00474
20	0.01271	0.00662	0.00891	0.00899	0.01054	0.00598	0.00647	0.01415	0.01322	0.21680	0.04973	0.55702	0.03347	0.01557	0.00722	0.00227	0.00392	0.01393	0.00612	0.00636
21	0.01335	0.01082	0.01311	0.01166	0.01340	0.01289	0.00914	0.02018	0.26826	0.06773	0.05512	0.02672	0.06383	0.12956	0.01401	0.00280	0.22938	0.02601	0.00479	0.00725
22	0.01136	0.01069	0.01804	0.77412	0.04143	0.01337	0.01671	0.01537	0.01203	0.01537	0.01069	0.01604	0.00802	0.00601	0.00601	0.00200	0.00802	0.00535	0.00267	0.00668
23	0.01525	0.01262	0.01379	0.02586	0.01583	0.04570	0.00843	0.12679	0.06757	0.05118	0.01270	0.01380	0.00995	0.00537	0.00495	0.00120	0.00521	0.00423	0.00423	0.55532
24	0.11896	0.10219	0.02060	0.09082	0.23195	0.17370	0.03676	0.06632	0.01431	0.01936	0.01013	0.01282	0.00835	0.00609	0.00638	0.00178	0.06372	0.00460	0.00320	0.00794
25	0.00830	0.00610	0.00783	0.00817	0.00922	0.00581	0.00582	0.01107	0.05385	0.02005	0.37064	0.38147	0.05872	0.01511	0.00731	0.00215	0.00324	0.01353	0.00610	0.00551
26	0.01972	0.01491	0.01800	0.01480	0.04851	0.01599	0.06723	0.38571	0.19531	0.08661	0.01705	0.01687	0.01235	0.00707	0.00604	0.00183	0.00624	0.00583	0.00566	0.05426
