[name]
unknown

[dist]
# distance from previous block
# <min> <max>
0	456

[block]
# block no. 0 follows, 40 sequences, length 11
# corresponding to MSA columns:
# 510-520
name=unknown_A
#
# <colnr> <probs for GDERKNQSTAVLIFYWHMCP>
#	G	D	E	R	K	N	Q	S	T	A	V	L	I	F	Y	W	H	M	C	P
0	0.01340	0.01112	0.01303	0.01182	0.01407	0.10524	0.06678	0.07746	0.02911	0.08010	0.12199	0.17777	0.02703	0.01182	0.00740	0.00212	0.04055	0.17760	0.00509	0.00651
1	0.05556	0.01368	0.01539	0.01223	0.01623	0.05073	0.04379	0.33878	0.09575	0.17017	0.10980	0.01930	0.01691	0.00752	0.00589	0.00179	0.00575	0.00607	0.00579	0.00886
2	0.00736	0.00540	0.00691	0.00761	0.00843	0.00495	0.00530	0.00888	0.01280	0.01717	0.22516	0.50236	0.13401	0.01612	0.00720	0.00217	0.00315	0.01442	0.00566	0.00495
3	0.01204	0.01142	0.01936	0.54972	0.26370	0.01320	0.01668	0.01579	0.01213	0.01615	0.01052	0.01516	0.00821	0.00562	0.00580	0.00187	0.00749	0.00517	0.00268	0.00732
4	0.07269	0.01424	0.02796	0.02032	0.02568	0.01352	0.52808	0.02077	0.04858	0.14731	0.01399	0.01624	0.01003	0.00547	0.00642	0.00192	0.00836	0.00642	0.00386	0.00815
5	0.01486	0.00817	0.01048	0.00969	0.01199	0.00783	0.00755	0.10712	0.01555	0.23417	0.09294	0.30739	0.02876	0.01277	0.00680	0.00212	0.00441	0.10434	0.00605	0.00702
6	0.00715	0.00532	0.00666	0.00755	0.00833	0.00484	0.00520	0.00842	0.01209	0.01583	0.10603	0.56368	0.19394	0.01687	0.00725	0.00223	0.00322	0.01505	0.00549	0.00484
7	0.11008	0.01220	0.03391	0.04848	0.01583	0.04960	0.00923	0.13277	0.10165	0.29477	0.01949	0.11457	0.01537	0.00826	0.00576	0.00187	0.00540	0.00671	0.00564	0.00840
8	0.01348	0.12609	0.57762	0.01533	0.02297	0.01529	0.01870	0.10940	0.01412	0.02012	0.01058	0.01212	0.00770	0.00564	0.00533	0.00175	0.00802	0.00426	0.00288	0.00861
9	0.01000	0.00766	0.00959	0.00867	0.01034	0.00790	0.02421	0.10217	0.01400	0.01887	0.19257	0.03564	0.18182	0.15487	0.17133	0.00411	0.02717	0.00873	0.00474	0.00560
10	0.01102	0.00915	0.01212	0.04512	0.04575	0.00773	0.04180	0.01364	0.01256	0.01896	0.09877	0.11534	0.01818	0.00727	0.00522	0.00134	0.00440	0.00639	0.07483	0.45039

[dist]
# distance from previous block
# <min> <max>
0	2

[block]
# block no. 1 follows, 40 sequences, length 15
# corresponding to MSA columns:
# 523-537
name=unknown_B
#
# <colnr> <probs for GDERKNQSTAVLIFYWHMCP>
#	G	D	E	R	K	N	Q	S	T	A	V	L	I	F	Y	W	H	M	C	P
0	0.14681	0.01453	0.17566	0.01278	0.01715	0.01108	0.11775	0.01792	0.02807	0.14828	0.07973	0.02166	0.04950	0.07683	0.00845	0.00223	0.04266	0.01737	0.00422	0.00731
1	0.01068	0.00727	0.00887	0.00869	0.01004	0.00753	0.00628	0.07658	0.07774	0.05444	0.06665	0.29928	0.02636	0.13942	0.11777	0.00364	0.00581	0.01037	0.05676	0.00580
2	0.02088	0.00954	0.01181	0.00957	0.01320	0.00909	0.00774	0.06044	0.11312	0.46071	0.02169	0.02019	0.01473	0.00718	0.00545	0.00172	0.00446	0.00582	0.19388	0.00878
3	0.03072	0.01117	0.01294	0.01159	0.01253	0.07920	0.00919	0.01479	0.02625	0.05144	0.01400	0.08547	0.01329	0.06068	0.05055	0.00269	0.35546	0.00633	0.14562	0.00608
4	0.00850	0.00681	0.00923	0.00904	0.00995	0.00768	0.00689	0.01015	0.01073	0.01483	0.08922	0.13754	0.13829	0.07555	0.32976	0.00540	0.11224	0.00900	0.00404	0.00516
5	0.01583	0.01317	0.01392	0.01211	0.01564	0.01510	0.00953	0.15768	0.61984	0.02653	0.02193	0.02031	0.01635	0.00773	0.00590	0.00193	0.00492	0.00634	0.00590	0.00933
6	0.01761	0.01365	0.01244	0.01108	0.03611	0.15836	0.00840	0.21352	0.05201	0.08986	0.01601	0.01704	0.01203	0.00672	0.00506	0.00157	0.00563	0.00513	0.31020	0.00757
7	0.00959	0.00701	0.00944	0.00907	0.01021	0.00789	0.00681	0.07594	0.01078	0.01512	0.01602	0.02529	0.01553	0.20091	0.54457	0.00787	0.01262	0.00662	0.00345	0.00526
8	0.01353	0.10399	0.01782	0.27967	0.02322	0.01516	0.01249	0.06103	0.01203	0.05307	0.01080	0.01452	0.00879	0.00739	0.00982	0.00199	0.26526	0.00496	0.07762	0.00684
9	0.00780	0.00592	0.00761	0.00827	0.00867	0.00607	0.00567	0.00871	0.01069	0.01427	0.03001	0.53550	0.09630	0.14192	0.01199	0.00287	0.07438	0.01383	0.00484	0.00470
10	0.01007	0.01723	0.33727	0.01313	0.01795	0.00988	0.08198	0.01448	0.01314	0.01877	0.20029	0.09380	0.05782	0.01198	0.07391	0.00256	0.00714	0.00773	0.00394	0.00693
11	0.01390	0.00695	0.00933	0.00867	0.01070	0.00623	0.00650	0.01578	0.01438	0.27402	0.21303	0.33650	0.03437	0.01283	0.00674	0.00203	0.00375	0.01133	0.00627	0.00669
12	0.01266	0.03843	0.16058	0.03471	0.11793	0.03867	0.12819	0.01830	0.12579	0.03883	0.04306	0.08891	0.08032	0.02256	0.00685	0.00198	0.02343	0.00726	0.00394	0.00763
13	0.05441	0.01235	0.04781	0.05384	0.05337	0.06564	0.00939	0.12383	0.09620	0.06897	0.14868	0.09062	0.06031	0.00875	0.00591	0.00177	0.00524	0.00730	0.00495	0.08064
14	0.05525	0.04833	0.01296	0.00980	0.01355	0.03183	0.03069	0.07132	0.04455	0.08583	0.06096	0.15836	0.01768	0.00809	0.00540	0.00151	0.00473	0.00684	0.00453	0.32780

[dist]
# distance from previous block
# <min> <max>
0	128

[block]
# block no. 2 follows, 40 sequences, length 14
# corresponding to MSA columns:
# 684-697
name=unknown_C
#
# <colnr> <probs for GDERKNQSTAVLIFYWHMCP>
#	G	D	E	R	K	N	Q	S	T	A	V	L	I	F	Y	W	H	M	C	P
0	0.07983	0.19970	0.11491	0.05576	0.06041	0.08107	0.19864	0.03794	0.01332	0.03089	0.03593	0.04401	0.01079	0.00604	0.00543	0.00172	0.00753	0.00537	0.00318	0.00752
1	0.01549	0.18756	0.11828	0.01555	0.07785	0.01627	0.09827	0.14480	0.11592	0.03380	0.01263	0.01391	0.00980	0.00600	0.00587	0.00166	0.03868	0.00487	0.00378	0.07901
2	0.05542	0.08210	0.09874	0.04615	0.01424	0.01097	0.00930	0.03624	0.12255	0.06848	0.06665	0.01817	0.01391	0.01134	0.01144	0.26595	0.03585	0.00539	0.02092	0.00618
3	0.01080	0.08254	0.02718	0.04108	0.01529	0.00986	0.11233	0.01463	0.06974	0.01893	0.19137	0.09053	0.09742	0.00941	0.00614	0.00176	0.00499	0.05147	0.00457	0.13997
4	0.01451	0.01187	0.10090	0.01010	0.01422	0.00915	0.00902	0.07280	0.04680	0.16913	0.22134	0.02376	0.03781	0.00779	0.00594	0.00160	0.01763	0.00646	0.00520	0.21395
5	0.00881	0.00836	0.07604	0.00931	0.01094	0.00669	0.00756	0.06212	0.01291	0.01727	0.05044	0.52622	0.08283	0.01565	0.00714	0.00226	0.00420	0.08052	0.00519	0.00554
6	0.01867	0.31825	0.07561	0.01320	0.01735	0.43569	0.01149	0.02069	0.01442	0.01433	0.00875	0.01018	0.00747	0.00558	0.00469	0.00143	0.00874	0.00355	0.00277	0.00715
7	0.01493	0.48903	0.25832	0.01232	0.01840	0.01960	0.01364	0.08277	0.01336	0.01722	0.00935	0.01066	0.00765	0.00533	0.00448	0.00148	0.00698	0.00367	0.00278	0.00803
8	0.00977	0.00875	0.07602	0.00828	0.00958	0.00755	0.00631	0.06559	0.01039	0.01421	0.01684	0.03147	0.01799	0.54432	0.14405	0.00559	0.00755	0.00748	0.00354	0.00473
9	0.15660	0.04554	0.00964	0.00804	0.01038	0.00857	0.00628	0.03833	0.04859	0.07847	0.30027	0.11671	0.12943	0.01078	0.00604	0.00187	0.00369	0.00905	0.00549	0.00622
10	0.01240	0.28773	0.42210	0.01311	0.01958	0.01565	0.01550	0.01681	0.01214	0.01643	0.01438	0.05178	0.06620	0.00665	0.00511	0.00167	0.00711	0.00509	0.00283	0.00774
11	0.00740	0.00521	0.00673	0.00773	0.00806	0.00493	0.00506	0.00831	0.01092	0.01463	0.06711	0.61437	0.03613	0.16086	0.01147	0.00294	0.00376	0.01473	0.00511	0.00454
12	0.26093	0.01314	0.01316	0.05046	0.01598	0.04913	0.00910	0.17970	0.18437	0.14469	0.01547	0.01525	0.01113	0.00665	0.00516	0.00182	0.00545	0.00495	0.00511	0.00835
13	0.01378	0.09016	0.34376	0.01266	0.01819	0.01255	0.01376	0.11151	0.01445	0.08022	0.06725	0.06097	0.01472	0.07805	0.00775	0.00210	0.00664	0.00591	0.00387	0.04172

[dist]
# distance from previous block
# <min> <max>
4	25

[block]
# block no. 3 follows, 40 sequences, length 36
# corresponding to MSA columns:
# 723-758
name=unknown_D
#
# <colnr> <probs for GDERKNQSTAVLIFYWHMCP>
#	G	D	E	R	K	N	Q	S	T	A	V	L	I	F	Y	W	H	M	C	P
0	0.05917	0.01297	0.07275	0.06600	0.02862	0.02852	0.01045	0.08447	0.26228	0.13752	0.03468	0.06985	0.01566	0.00991	0.04690	0.00233	0.03816	0.00647	0.00506	0.00822
1	0.00875	0.00662	0.00864	0.01010	0.07284	0.00654	0.00620	0.01099	0.06306	0.01590	0.11281	0.35528	0.04712	0.23265	0.01329	0.00312	0.00431	0.01179	0.00481	0.00518
2	0.04352	0.01029	0.01563	0.49816	0.06414	0.01182	0.01333	0.01645	0.06471	0.04927	0.07486	0.01791	0.01282	0.00636	0.00569	0.00182	0.00653	0.00552	0.00347	0.07768
3	0.00831	0.00621	0.00796	0.00880	0.01019	0.00587	0.00722	0.01045	0.01329	0.01703	0.09039	0.15106	0.23795	0.01566	0.00755	0.00238	0.00425	0.38483	0.00545	0.00516
4	0.00877	0.00762	0.05121	0.00786	0.00985	0.00621	0.00641	0.01192	0.04345	0.03896	0.49325	0.08317	0.18499	0.01215	0.00675	0.00189	0.00328	0.01056	0.00593	0.00576
5	0.00854	0.00667	0.00906	0.01056	0.07359	0.00622	0.00667	0.00989	0.01119	0.01544	0.02607	0.55892	0.03039	0.07049	0.00872	0.00236	0.02048	0.01313	0.00475	0.10688
6	0.01323	0.33873	0.35721	0.04432	0.07315	0.01702	0.01573	0.01744	0.01209	0.01627	0.01034	0.04122	0.00874	0.00578	0.00490	0.00161	0.00728	0.00438	0.00262	0.00795
7	0.01419	0.03595	0.01696	0.26068	0.18291	0.01149	0.01261	0.01772	0.03610	0.12072	0.01279	0.01542	0.00978	0.00721	0.03852	0.00193	0.00661	0.00491	0.00360	0.18990
8	0.00950	0.00708	0.00997	0.00962	0.01094	0.00815	0.00750	0.07301	0.01087	0.01543	0.01550	0.02245	0.01430	0.05858	0.68883	0.00860	0.01455	0.00620	0.00336	0.00556
9	0.01646	0.58948	0.02652	0.01070	0.01544	0.02129	0.01004	0.13234	0.09553	0.01846	0.01073	0.01142	0.00898	0.00561	0.00430	0.00140	0.00607	0.00383	0.00339	0.00804
10	0.01752	0.00985	0.04386	0.00968	0.01313	0.00858	0.00807	0.05905	0.07950	0.35450	0.22518	0.04070	0.08643	0.00924	0.00622	0.00184	0.00436	0.00778	0.00642	0.00809
11	0.01492	0.01097	0.01769	0.38526	0.10737	0.01194	0.06497	0.05941	0.01426	0.16519	0.07727	0.01855	0.01346	0.00654	0.00598	0.00187	0.00675	0.00589	0.00406	0.00764
12	0.05105	0.01301	0.01860	0.08762	0.31311	0.02434	0.04113	0.11692	0.12439	0.08575	0.01522	0.05696	0.01228	0.00675	0.00583	0.00183	0.00627	0.00601	0.00424	0.00867
13	0.01383	0.00749	0.00940	0.00823	0.01078	0.00677	0.00641	0.01681	0.05521	0.25388	0.30142	0.06991	0.19399	0.01110	0.00652	0.00188	0.00361	0.00948	0.00636	0.00691
14	0.01128	0.01047	0.01794	0.60592	0.09838	0.01240	0.05430	0.01469	0.01154	0.01503	0.01076	0.01640	0.00857	0.03672	0.00767	0.04587	0.00757	0.00538	0.00266	0.00645
15	0.04444	0.13886	0.12605	0.01205	0.01663	0.03782	0.06787	0.02114	0.05655	0.27099	0.08057	0.07023	0.01662	0.00751	0.00565	0.00177	0.00592	0.00627	0.00490	0.00817
16	0.01249	0.01260	0.01952	0.01603	0.01706	0.01627	0.12533	0.01446	0.01031	0.01552	0.07259	0.01582	0.01188	0.00950	0.01613	0.00239	0.59681	0.00583	0.00294	0.00652
17	0.00783	0.00567	0.00727	0.00737	0.00841	0.00524	0.00526	0.00983	0.01423	0.01965	0.45848	0.25277	0.09602	0.06496	0.00850	0.00224	0.00312	0.01218	0.00587	0.00511
18	0.03317	0.01315	0.08163	0.26423	0.07724	0.05156	0.08576	0.01887	0.01342	0.19310	0.03462	0.04659	0.01220	0.00825	0.03902	0.00219	0.00742	0.00593	0.00400	0.00765
19	0.01251	0.06267	0.01893	0.56115	0.10790	0.01429	0.01537	0.06684	0.01278	0.01670	0.01036	0.01473	0.00803	0.00601	0.00637	0.00189	0.04855	0.00504	0.00284	0.00704
20	0.06256	0.00652	0.00748	0.00769	0.00855	0.00665	0.00516	0.01143	0.08260	0.01639	0.12522	0.29070	0.03039	0.29535	0.01493	0.00339	0.00429	0.01095	0.00480	0.00494
21	0.01232	0.01357	0.06659	0.60157	0.09083	0.08663	0.01615	0.01612	0.01226	0.01534	0.01026	0.01472	0.00781	0.00577	0.00574	0.00187	0.00801	0.00497	0.00264	0.00683
22	0.01703	0.24184	0.20101	0.01302	0.01852	0.01627	0.05188	0.17407	0.03500	0.12238	0.01298	0.01435	0.00983	0.03977	0.00623	0.00182	0.00678	0.00475	0.00399	0.00848
23	0.00878	0.00755	0.05705	0.00865	0.01029	0.00611	0.00695	0.01127	0.03449	0.04642	0.20165	0.36249	0.12125	0.01459	0.00706	0.00215	0.00380	0.07836	0.00552	0.00556
24	0.06180	0.00626	0.00784	0.00876	0.00952	0.01853	0.01737	0.00951	0.01133	0.01582	0.02929	0.64525	0.03449	0.01667	0.00737	0.00233	0.01651	0.07120	0.00515	0.00498
25	0.06956	0.13841	0.08224	0.05403	0.06016	0.04076	0.06927	0.09249	0.02350	0.14908	0.01743	0.12153	0.04123	0.00793	0.00564	0.00180	0.00614	0.00667	0.00435	0.00776
26	0.24983	0.07100	0.06765	0.01203	0.01537	0.35722	0.00997	0.01916	0.01303	0.01765	0.00947	0.01231	0.00816	0.05242	0.03098	0.00212	0.03801	0.00398	0.00311	0.00655
27	0.01644	0.01521	0.01382	0.01081	0.01534	0.19612	0.00852	0.09699	0.01511	0.06828	0.01122	0.01239	0.00886	0.00520	0.00480	0.00118	0.00609	0.00387	0.00384	0.48591
28	0.01657	0.01000	0.01235	0.00914	0.01392	0.00792	0.00738	0.01905	0.01378	0.26737	0.04648	0.01598	0.01252	0.00560	0.00493	0.00122	0.00445	0.00455	0.00482	0.52196
29	0.10781	0.00992	0.06277	0.00808	0.01184	0.00764	0.00695	0.01323	0.01279	0.04761	0.09140	0.02995	0.27139	0.00889	0.00548	0.00154	0.00405	0.00722	0.00447	0.28698
30	0.01410	0.01264	0.06608	0.01044	0.01446	0.05038	0.00892	0.08633	0.02838	0.06850	0.01322	0.03906	0.01087	0.00788	0.03925	0.00174	0.07255	0.00478	0.08277	0.36765
31	0.01247	0.01070	0.01874	0.01445	0.01807	0.01003	0.28814	0.06465	0.01472	0.06850	0.13141	0.12371	0.10207	0.00909	0.00654	0.00189	0.00602	0.00884	0.04917	0.04080
32	0.05928	0.05600	0.02553	0.01266	0.07816	0.01087	0.04962	0.09084	0.06708	0.13147	0.12896	0.08205	0.04002	0.00817	0.00577	0.00171	0.00502	0.01779	0.00496	0.12405
33	0.13285	0.01368	0.05034	0.01345	0.07946	0.01371	0.01035	0.27955	0.10686	0.14414	0.04935	0.02997	0.02473	0.00717	0.00557	0.00180	0.00554	0.00566	0.00530	0.02051
34	0.03257	0.00925	0.02987	0.06487	0.01448	0.00892	0.02810	0.10190	0.04820	0.15258	0.10540	0.24491	0.04672	0.03833	0.00733	0.00216	0.00481	0.04728	0.00546	0.00689
35	0.06201	0.10988	0.12374	0.01220	0.04829	0.01356	0.01057	0.13242	0.16334	0.06891	0.09858	0.02076	0.02692	0.07495	0.00759	0.00210	0.00564	0.00599	0.00464	0.00793

[dist]
# distance from previous block
# <min> <max>
13	114

[block]
# block no. 4 follows, 40 sequences, length 15
# corresponding to MSA columns:
# 885-899
name=unknown_E
#
# <colnr> <probs for GDERKNQSTAVLIFYWHMCP>
#	G	D	E	R	K	N	Q	S	T	A	V	L	I	F	Y	W	H	M	C	P
0	0.04243	0.01389	0.07627	0.15083	0.11163	0.01299	0.21901	0.05887	0.07914	0.10417	0.01490	0.06379	0.01180	0.00662	0.00612	0.00191	0.00725	0.00642	0.00392	0.00804
1	0.01272	0.10210	0.11449	0.01633	0.14217	0.01178	0.10098	0.05974	0.01348	0.06068	0.02088	0.20404	0.08101	0.02516	0.00662	0.00197	0.00605	0.00848	0.00405	0.00729
2	0.06322	0.07882	0.25220	0.01980	0.16957	0.01409	0.14447	0.06054	0.01394	0.09801	0.02386	0.01430	0.00958	0.00566	0.00563	0.00178	0.00745	0.00509	0.00345	0.00852
3	0.01447	0.05686	0.08292	0.16811	0.11508	0.05933	0.04730	0.08397	0.01443	0.08413	0.05969	0.08054	0.01453	0.00742	0.00618	0.00180	0.02758	0.01595	0.00390	0.05580
4	0.01262	0.00989	0.05558	0.04943	0.05821	0.00846	0.05369	0.05904	0.01365	0.13238	0.02570	0.30718	0.09818	0.01138	0.00644	0.00196	0.00495	0.01013	0.00493	0.07618
5	0.01353	0.11302	0.05416	0.22875	0.14254	0.01298	0.01259	0.09365	0.01416	0.06463	0.05832	0.13545	0.01605	0.00806	0.00583	0.00184	0.00617	0.00697	0.00390	0.00740
6	0.01593	0.11311	0.21314	0.01653	0.15865	0.01290	0.01363	0.05985	0.01428	0.16405	0.05050	0.01542	0.01179	0.00597	0.00534	0.00161	0.00632	0.00488	0.00397	0.11214
7	0.01077	0.00876	0.05206	0.00815	0.01115	0.00691	0.00680	0.01385	0.05373	0.08789	0.11118	0.08660	0.27944	0.01074	0.00608	0.00174	0.00386	0.03030	0.05598	0.15401
8	0.01284	0.01094	0.06363	0.05925	0.01527	0.01119	0.01023	0.01485	0.01148	0.12696	0.01888	0.20322	0.05268	0.01079	0.01069	0.00213	0.27439	0.00811	0.00414	0.07835
9	0.06608	0.01560	0.16622	0.06098	0.11912	0.02758	0.01294	0.11786	0.02476	0.10979	0.01398	0.06658	0.01140	0.00837	0.03548	0.00207	0.04752	0.00559	0.00400	0.08407
10	0.01496	0.08263	0.10499	0.13842	0.28241	0.03039	0.01443	0.01917	0.05865	0.12197	0.01618	0.01779	0.06007	0.00641	0.00565	0.00177	0.00657	0.00552	0.00371	0.00832
11	0.00871	0.00585	0.00769	0.00862	0.00965	0.00546	0.00647	0.01027	0.01228	0.05770	0.03449	0.47351	0.12346	0.01662	0.00742	0.00236	0.00392	0.19483	0.00549	0.00520
12	0.01289	0.07662	0.19723	0.01404	0.10880	0.01110	0.01206	0.01652	0.01236	0.03791	0.01059	0.01239	0.00845	0.00484	0.00478	0.00126	0.00583	0.00390	0.00316	0.44528
13	0.19626	0.17453	0.01704	0.01236	0.08234	0.01345	0.05360	0.03448	0.06663	0.09009	0.10671	0.01885	0.05141	0.00684	0.00506	0.00166	0.00519	0.00548	0.00424	0.05376
14	0.01017	0.00703	0.00822	0.00774	0.00920	0.00692	0.00552	0.05673	0.05869	0.05868	0.18812	0.10811	0.15997	0.24470	0.04187	0.00331	0.00463	0.00979	0.00514	0.00547

[dist]
# distance from previous block
# <min> <max>
2	12

[block]
# block no. 5 follows, 40 sequences, length 14
# corresponding to MSA columns:
# 913-926
name=unknown_F
#
# <colnr> <probs for GDERKNQSTAVLIFYWHMCP>
#	G	D	E	R	K	N	Q	S	T	A	V	L	I	F	Y	W	H	M	C	P
0	0.11811	0.01193	0.05379	0.01315	0.08587	0.01064	0.05921	0.07694	0.05674	0.10916	0.07110	0.06916	0.03911	0.00722	0.00547	0.00164	0.00523	0.00614	0.00451	0.19487
1	0.03346	0.03391	0.05653	0.04391	0.12657	0.07753	0.01001	0.01648	0.02790	0.05048	0.05158	0.01728	0.04912	0.00721	0.02976	0.00164	0.00587	0.00496	0.03288	0.32291
2	0.06302	0.25872	0.12483	0.04332	0.01881	0.18380	0.04323	0.09622	0.08236	0.01882	0.01091	0.01214	0.00866	0.00581	0.00494	0.00159	0.00747	0.00420	0.00335	0.00779
3	0.00720	0.00515	0.00668	0.00785	0.00823	0.00481	0.00519	0.00814	0.01099	0.01457	0.03201	0.69454	0.06791	0.08572	0.00933	0.00263	0.00355	0.01565	0.00524	0.00463
4	0.14193	0.05264	0.05529	0.01513	0.10696	0.01293	0.08523	0.13160	0.03396	0.24974	0.04702	0.01644	0.01242	0.00644	0.00552	0.00178	0.00598	0.00538	0.00495	0.00867
5	0.01648	0.18968	0.20339	0.01677	0.14400	0.03930	0.01407	0.11632	0.08663	0.09966	0.01305	0.01388	0.00980	0.00596	0.00527	0.00168	0.00678	0.00468	0.00384	0.00876
6	0.00810	0.00565	0.00654	0.00668	0.00704	0.00556	0.00410	0.00854	0.00941	0.01238	0.02474	0.12051	0.11549	0.56072	0.07619	0.00508	0.00575	0.00965	0.00393	0.00394
7	0.00896	0.07515	0.01079	0.00900	0.01024	0.00842	0.00700	0.01074	0.00944	0.01322	0.01529	0.02369	0.01480	0.14017	0.60696	0.00815	0.01344	0.00625	0.00311	0.00517
8	0.06356	0.03175	0.01513	0.01267	0.04203	0.08766	0.04830	0.17919	0.08735	0.13413	0.02665	0.01775	0.01257	0.04626	0.12482	0.00305	0.00772	0.00551	0.00467	0.04924
9	0.05241	0.07744	0.04342	0.00888	0.01150	0.00881	0.00723	0.01357	0.04853	0.04329	0.06114	0.15854	0.03636	0.13505	0.05789	0.00283	0.00543	0.06356	0.00427	0.15984
10	0.06199	0.01063	0.04948	0.00958	0.01347	0.00907	0.00810	0.08102	0.04719	0.21350	0.17519	0.02467	0.06250	0.00799	0.00568	0.00163	0.00451	0.02096	0.00546	0.18738
11	0.13071	0.07826	0.02880	0.00968	0.01311	0.01012	0.04431	0.01874	0.05876	0.19890	0.03079	0.10716	0.01617	0.00801	0.00528	0.00173	0.00470	0.03167	0.13183	0.07128
12	0.28144	0.02451	0.01221	0.07696	0.01530	0.02673	0.04477	0.04832	0.02505	0.14863	0.03334	0.13185	0.01582	0.04220	0.00644	0.00207	0.00524	0.03193	0.00458	0.02261
13	0.04939	0.08897	0.25708	0.04709	0.03664	0.06423	0.06392	0.06406	0.01370	0.05877	0.04215	0.07434	0.01244	0.00689	0.00583	0.00174	0.02538	0.00562	0.00353	0.07823

[dist]
# distance from previous block
# <min> <max>
0	69

[block]
# block no. 6 follows, 40 sequences, length 43
# corresponding to MSA columns:
# 999-1041
name=unknown_G
#
# <colnr> <probs for GDERKNQSTAVLIFYWHMCP>
#	G	D	E	R	K	N	Q	S	T	A	V	L	I	F	Y	W	H	M	C	P
0	0.06347	0.14939	0.11034	0.01321	0.10270	0.03914	0.01050	0.04918	0.03509	0.01808	0.03608	0.11391	0.14931	0.00896	0.00605	0.00177	0.03292	0.00724	0.00388	0.04878
1	0.05243	0.02749	0.09195	0.11584	0.13005	0.01152	0.08443	0.01846	0.07865	0.09764	0.07197	0.01879	0.04146	0.00647	0.00565	0.00170	0.00609	0.00574	0.00400	0.12967
2	0.10824	0.05057	0.14877	0.18704	0.05689	0.01203	0.05334	0.03045	0.04313	0.03359	0.10043	0.04443	0.01518	0.02122	0.00597	0.00184	0.00626	0.00580	0.00363	0.07119
3	0.07191	0.04009	0.07331	0.01209	0.03393	0.02483	0.07277	0.06147	0.02462	0.16630	0.03014	0.17396	0.01824	0.00994	0.00687	0.04256	0.00556	0.06041	0.00473	0.06630
4	0.01625	0.01746	0.11785	0.01691	0.09835	0.17130	0.12636	0.03064	0.01433	0.12227	0.05000	0.05615	0.01295	0.00680	0.00635	0.00173	0.03916	0.00581	0.00385	0.08549
5	0.01176	0.08201	0.15565	0.01176	0.01579	0.04121	0.07543	0.03476	0.01337	0.04202	0.10702	0.19121	0.04983	0.00945	0.00599	0.00178	0.00567	0.01883	0.00419	0.12226
6	0.01328	0.19168	0.06159	0.06362	0.01545	0.03544	0.00930	0.03032	0.08272	0.08352	0.02052	0.17786	0.06636	0.00922	0.00562	0.00174	0.00531	0.02732	0.00429	0.09484
7	0.01748	0.14061	0.11744	0.10740	0.01966	0.04428	0.03650	0.08670	0.04806	0.22856	0.01657	0.03219	0.03219	0.03931	0.00651	0.00190	0.00644	0.00553	0.00450	0.00817
8	0.07058	0.04336	0.19154	0.01886	0.23195	0.01290	0.01392	0.06337	0.09329	0.02084	0.04091	0.04706	0.01234	0.00636	0.00543	0.00169	0.00620	0.00537	0.00364	0.11040
9	0.04445	0.00916	0.04031	0.03944	0.09310	0.00872	0.04445	0.01243	0.03536	0.01699	0.05340	0.38645	0.05057	0.01243	0.00752	0.00208	0.06446	0.01092	0.00443	0.06334
10	0.01217	0.00986	0.01102	0.00862	0.01271	0.00860	0.00681	0.05039	0.11580	0.02051	0.01859	0.01933	0.09080	0.00634	0.00485	0.00123	0.00411	0.00514	0.10123	0.49187
11	0.01344	0.01148	0.05095	0.14976	0.15766	0.01126	0.03868	0.05566	0.12401	0.08965	0.14601	0.08853	0.02115	0.00828	0.00617	0.00189	0.00566	0.00739	0.00465	0.00771
12	0.01082	0.00609	0.00693	0.00716	0.03588	0.00584	0.00507	0.01341	0.01327	0.05626	0.14635	0.02871	0.10270	0.00846	0.00499	0.00154	0.00301	0.00703	0.53076	0.00573
13	0.01110	0.00802	0.01018	0.01038	0.07519	0.00738	0.00710	0.06716	0.01513	0.07740	0.24981	0.13631	0.19669	0.01130	0.00643	0.00182	0.00384	0.00979	0.00545	0.08951
14	0.01230	0.02778	0.10829	0.16070	0.23757	0.01186	0.04638	0.01648	0.04242	0.01851	0.01468	0.01767	0.03829	0.00634	0.00598	0.00175	0.03837	0.00548	0.18170	0.00743
15	0.07625	0.01762	0.07444	0.01383	0.01829	0.09646	0.04706	0.41833	0.10389	0.02909	0.01353	0.01407	0.00995	0.00677	0.00610	0.00179	0.03368	0.00509	0.00486	0.00891
16	0.00715	0.00590	0.00630	0.00637	0.00817	0.00505	0.00481	0.00880	0.01353	0.01660	0.13424	0.08541	0.61482	0.01462	0.00695	0.00200	0.00305	0.04571	0.00551	0.00499
17	0.04517	0.00864	0.01094	0.15587	0.01607	0.00923	0.00825	0.12086	0.03068	0.02272	0.35460	0.03172	0.07844	0.04671	0.00734	0.00201	0.00450	0.00818	0.03176	0.00630
18	0.00984	0.00773	0.00886	0.00831	0.00944	0.03586	0.00585	0.04488	0.01162	0.01582	0.12516	0.12104	0.03841	0.31895	0.10854	0.00422	0.04444	0.00863	0.00418	0.06820
19	0.02211	0.01629	0.01745	0.01338	0.01803	0.01803	0.01105	0.73997	0.02734	0.03665	0.01396	0.01396	0.00989	0.00698	0.00582	0.00175	0.00640	0.00524	0.00582	0.00989
20	0.78040	0.01115	0.00889	0.00783	0.01150	0.01273	0.00645	0.01788	0.01037	0.07730	0.00913	0.01017	0.00686	0.00552	0.00375	0.00180	0.00453	0.00334	0.00385	0.00655
21	0.00888	0.00561	0.00737	0.00737	0.00761	0.00585	0.00481	0.00866	0.00842	0.01146	0.01542	0.02892	0.01657	0.40825	0.19840	0.23486	0.00776	0.00700	0.00315	0.00363
22	0.01972	0.02437	0.01678	0.01505	0.01737	0.60399	0.01157	0.02116	0.01479	0.01418	0.00869	0.01099	0.00752	0.00693	0.00833	0.00173	0.18325	0.00405	0.00290	0.00666
23	0.01206	0.01034	0.01206	0.00861	0.01378	0.00775	0.00689	0.01464	0.01206	0.01895	0.01034	0.01206	0.00861	0.00431	0.00431	0.00086	0.00431	0.00345	0.00345	0.83118
24	0.01177	0.01000	0.01173	0.00851	0.01339	0.00758	0.00678	0.01436	0.01240	0.01928	0.06753	0.01446	0.01216	0.00489	0.00450	0.00094	0.00419	0.00399	0.00367	0.76787
25	0.01206	0.01034	0.01206	0.00861	0.01378	0.00775	0.00689	0.01464	0.01206	0.01895	0.01034	0.01206	0.00861	0.00431	0.00431	0.00086	0.00431	0.00345	0.00345	0.83118
26	0.32128	0.01165	0.01319	0.01033	0.01470	0.01170	0.05638	0.09834	0.03940	0.19052	0.01328	0.01361	0.00952	0.00581	0.00478	0.00163	0.00513	0.00440	0.00465	0.16969
27	0.01521	0.01355	0.01691	0.01306	0.01694	0.07073	0.09443	0.13294	0.01457	0.05162	0.01118	0.01346	0.00901	0.00742	0.03252	0.00181	0.15146	0.00465	0.00371	0.32483
28	0.01098	0.01034	0.01744	0.78165	0.04005	0.01292	0.01615	0.01486	0.01163	0.01486	0.01034	0.01550	0.00775	0.00581	0.00581	0.00194	0.00775	0.00517	0.00258	0.00646
29	0.01361	0.01255	0.02156	0.28745	0.40373	0.01351	0.06475	0.01716	0.01269	0.04867	0.01116	0.01502	0.00884	0.00567	0.00640	0.00185	0.03904	0.00531	0.00295	0.00809
30	0.00830	0.00539	0.00713	0.00803	0.00859	0.00505	0.00547	0.00907	0.01105	0.04582	0.02997	0.58950	0.06306	0.06959	0.01011	0.07167	0.00378	0.03859	0.00511	0.00471
31	0.01559	0.00873	0.01314	0.01098	0.01403	0.00793	0.09931	0.01831	0.03496	0.30150	0.09347	0.17836	0.10925	0.01094	0.00664	0.00201	0.00484	0.05679	0.00587	0.00734
32	0.77422	0.01251	0.00916	0.00821	0.01176	0.07126	0.00668	0.01756	0.01040	0.02518	0.00817	0.00953	0.00639	0.00544	0.00372	0.00178	0.00496	0.00319	0.00355	0.00633
33	0.01555	0.79913	0.03047	0.00995	0.01493	0.02301	0.00995	0.01741	0.01182	0.01368	0.00808	0.00933	0.00746	0.00498	0.00373	0.00124	0.00622	0.00311	0.00249	0.00746
34	0.00719	0.00512	0.00670	0.00791	0.00826	0.00480	0.00523	0.00813	0.01098	0.01459	0.03161	0.71718	0.05359	0.07775	0.00911	0.00260	0.00354	0.01582	0.00525	0.00464
35	0.01395	0.00748	0.00976	0.00922	0.01103	0.00731	0.00701	0.01618	0.04604	0.23737	0.02520	0.26686	0.02491	0.11998	0.01040	0.00263	0.04136	0.09467	0.04216	0.00648
36	0.00831	0.00623	0.00935	0.00935	0.01038	0.00727	0.00727	0.01038	0.00935	0.01350	0.01558	0.02285	0.01454	0.04361	0.77259	0.00935	0.01558	0.00623	0.00312	0.00519
37	0.00717	0.00514	0.00693	0.00818	0.00857	0.00490	0.00553	0.00826	0.01101	0.01475	0.03091	0.73844	0.03680	0.01998	0.06056	0.00285	0.00422	0.01582	0.00524	0.00476
38	0.01185	0.06042	0.65211	0.07523	0.02606	0.01390	0.04522	0.01811	0.01226	0.01795	0.01037	0.01252	0.00745	0.00550	0.00552	0.00183	0.00847	0.00440	0.00248	0.00836
39	0.00801	0.00592	0.00738	0.00702	0.00843	0.00540	0.00521	0.01040	0.01552	0.02143	0.60103	0.04531	0.17308	0.05081	0.00798	0.00204	0.00292	0.01072	0.00609	0.00529
40	0.01475	0.01156	0.01328	0.01168	0.02873	0.08244	0.05860	0.02177	0.25019	0.13803	0.22041	0.02819	0.06637	0.00892	0.00624	0.00187	0.00504	0.01858	0.00567	0.00769
41	0.01186	0.00795	0.00967	0.00902	0.01112	0.00782	0.00687	0.07056	0.10796	0.10326	0.22793	0.23741	0.07752	0.01230	0.00667	0.00200	0.00387	0.04538	0.00590	0.03493
42	0.01594	0.03719	0.08460	0.01042	0.01470	0.02451	0.00913	0.02019	0.09752	0.23487	0.03170	0.10502	0.01632	0.00789	0.00560	0.00164	0.00503	0.03576	0.00503	0.23694

[dist]
# distance from previous block
# <min> <max>
1	38

[block]
# block no. 7 follows, 40 sequences, length 19
# corresponding to MSA columns:
# 1080-1098
name=unknown_H
#
# <colnr> <probs for GDERKNQSTAVLIFYWHMCP>
#	G	D	E	R	K	N	Q	S	T	A	V	L	I	F	Y	W	H	M	C	P
0	0.07027	0.01482	0.08310	0.01506	0.11464	0.04859	0.01138	0.14785	0.22438	0.09229	0.01779	0.01894	0.03246	0.00711	0.00567	0.00180	0.00585	0.03018	0.00485	0.05297
1	0.00970	0.00777	0.00997	0.09264	0.01357	0.00812	0.00758	0.01474	0.14332	0.02099	0.39046	0.09944	0.06898	0.01113	0.00683	0.00194	0.01802	0.04079	0.00558	0.02843
2	0.00804	0.00617	0.00818	0.00840	0.00919	0.00646	0.00612	0.00958	0.01162	0.01590	0.16013	0.31353	0.10998	0.07289	0.16296	0.00385	0.06568	0.01151	0.00478	0.00502
3	0.01393	0.01356	0.01710	0.01449	0.01572	0.07078	0.03991	0.08129	0.05065	0.01681	0.01018	0.01452	0.00922	0.02754	0.07149	0.00287	0.49717	0.00527	0.00315	0.02435
4	0.00727	0.00586	0.00647	0.00642	0.00812	0.00506	0.00478	0.00907	0.01404	0.01781	0.25422	0.09424	0.51800	0.01412	0.00690	0.00195	0.00291	0.01202	0.00568	0.00506
5	0.01516	0.01284	0.01354	0.01197	0.01539	0.01479	0.00937	0.09529	0.68333	0.02545	0.02279	0.02099	0.01704	0.00781	0.00591	0.00195	0.00477	0.00645	0.00591	0.00927
6	0.02382	0.00929	0.01246	0.00973	0.01379	0.00811	0.00798	0.02613	0.01620	0.65856	0.05485	0.02102	0.01623	0.00736	0.00572	0.00176	0.00463	0.00601	0.08709	0.00927
7	0.01254	0.01097	0.01356	0.01190	0.01335	0.01364	0.00958	0.05582	0.19584	0.01899	0.06018	0.02202	0.07667	0.03127	0.02959	0.00241	0.33719	0.00652	0.07105	0.00691
8	0.01228	0.01025	0.05264	0.01133	0.04825	0.00857	0.06077	0.04643	0.04086	0.08663	0.34694	0.02761	0.03022	0.00835	0.00602	0.00163	0.00451	0.00739	0.00517	0.18417
9	0.07765	0.09995	0.01563	0.05530	0.01645	0.17441	0.00971	0.15842	0.04202	0.14450	0.01626	0.10706	0.01404	0.00812	0.00559	0.00178	0.00649	0.03425	0.00468	0.00770
10	0.83671	0.01125	0.00855	0.00765	0.01125	0.01305	0.00630	0.01709	0.00990	0.02609	0.00810	0.00945	0.00630	0.00540	0.00360	0.00180	0.00450	0.00315	0.00360	0.00630
11	0.00839	0.00561	0.00636	0.00642	0.00644	0.00560	0.00361	0.00844	0.00858	0.01144	0.01896	0.07302	0.02194	0.75957	0.02857	0.00549	0.00553	0.00883	0.00361	0.00358
12	0.00836	0.00603	0.00833	0.00833	0.00902	0.00672	0.00600	0.00973	0.00905	0.01275	0.01650	0.02798	0.01677	0.29750	0.52175	0.00809	0.01222	0.00698	0.00325	0.00463
13	0.00921	0.00658	0.00903	0.00818	0.00998	0.00599	0.03962	0.01177	0.01557	0.06071	0.52924	0.07295	0.15548	0.01211	0.00686	0.00190	0.00331	0.02974	0.00606	0.00571
14	0.02172	0.02772	0.01648	0.01498	0.01798	0.77228	0.01124	0.02322	0.01648	0.01423	0.00899	0.01049	0.00749	0.00599	0.00524	0.00150	0.01049	0.00375	0.00300	0.00674
15	0.11925	0.01204	0.01899	0.41051	0.18193	0.01363	0.07578	0.06700	0.01302	0.01901	0.01055	0.01440	0.00810	0.00564	0.00561	0.00187	0.00724	0.00506	0.00303	0.00736
16	0.01963	0.01452	0.01548	0.01230	0.01639	0.01613	0.01002	0.54217	0.15238	0.03297	0.01617	0.01610	0.01178	0.00712	0.00566	0.00175	0.00571	0.00549	0.08891	0.00932
17	0.01649	0.01425	0.01484	0.05684	0.04645	0.08058	0.01032	0.22259	0.35462	0.02601	0.07912	0.01975	0.01686	0.00758	0.00590	0.00184	0.00573	0.00615	0.00537	0.00872
18	0.19931	0.04780	0.01457	0.11084	0.06235	0.01249	0.02802	0.12151	0.05484	0.17589	0.01678	0.08627	0.03036	0.00752	0.00543	0.00185	0.00550	0.00609	0.00475	0.00782

[dist]
# distance from previous block
# <min> <max>
0	6

[block]
# block no. 8 follows, 40 sequences, length 8
# corresponding to MSA columns:
# 1105-1112
name=unknown_I
#
# <colnr> <probs for GDERKNQSTAVLIFYWHMCP>
#	G	D	E	R	K	N	Q	S	T	A	V	L	I	F	Y	W	H	M	C	P
0	0.09635	0.01301	0.03495	0.01341	0.06793	0.03605	0.03558	0.12595	0.29772	0.08138	0.01936	0.01950	0.04535	0.01055	0.07459	0.00254	0.00642	0.00597	0.00500	0.00839
1	0.01484	0.01396	0.04945	0.02017	0.26997	0.07730	0.01277	0.06531	0.09128	0.06634	0.11824	0.01926	0.01671	0.00873	0.03535	0.00213	0.10003	0.00599	0.00411	0.00805
2	0.00846	0.00564	0.00634	0.00634	0.00634	0.00564	0.00352	0.00846	0.00846	0.01128	0.01832	0.03805	0.02114	0.79563	0.02960	0.00564	0.00564	0.00846	0.00352	0.00352
3	0.01644	0.68748	0.02845	0.01068	0.01537	0.13145	0.01014	0.01825	0.01249	0.01376	0.00822	0.00950	0.00747	0.00512	0.00395	0.00128	0.00684	0.00320	0.00256	0.00736
4	0.01206	0.01034	0.01206	0.00861	0.01378	0.00775	0.00689	0.01464	0.01206	0.01895	0.01034	0.01206	0.00861	0.00431	0.00431	0.00086	0.00431	0.00345	0.00345	0.83118
5	0.01494	0.01349	0.09640	0.31107	0.02653	0.01297	0.04714	0.15470	0.06944	0.10527	0.01531	0.08025	0.01220	0.00730	0.00598	0.00191	0.00677	0.00629	0.00420	0.00785
6	0.01200	0.01003	0.01173	0.00871	0.01334	0.00791	0.00691	0.04775	0.01305	0.01989	0.06643	0.05287	0.01354	0.00567	0.00472	0.00105	0.00424	0.00469	0.00387	0.69158
7	0.01776	0.07297	0.01550	0.09000	0.04088	0.05529	0.01013	0.01988	0.01373	0.30851	0.05490	0.06188	0.05094	0.00850	0.00828	0.00193	0.14986	0.00641	0.00489	0.00775

[dist]
# distance from previous block
# <min> <max>
0	29

[block]
# block no. 9 follows, 40 sequences, length 26
# corresponding to MSA columns:
# 1142-1167
name=unknown_J
#
# <colnr> <probs for GDERKNQSTAVLIFYWHMCP>
#	G	D	E	R	K	N	Q	S	T	A	V	L	I	F	Y	W	H	M	C	P
0	0.06240	0.07078	0.01479	0.01040	0.01469	0.01177	0.00864	0.17044	0.01696	0.29053	0.06776	0.01712	0.01397	0.00673	0.00575	0.00158	0.03040	0.00519	0.00540	0.17467
1	0.05668	0.02136	0.01212	0.00985	0.01259	0.03220	0.02774	0.07447	0.04788	0.17687	0.01637	0.01874	0.01270	0.06252	0.00837	0.00196	0.09887	0.00542	0.23219	0.07111
2	0.01204	0.01219	0.04102	0.06730	0.01737	0.04109	0.10068	0.01530	0.06936	0.01538	0.01230	0.01871	0.01136	0.12939	0.09314	0.00341	0.28630	0.00590	0.00313	0.04463
3	0.07694	0.05083	0.06213	0.01261	0.02862	0.01496	0.01075	0.29920	0.04906	0.16517	0.01448	0.01497	0.01048	0.00716	0.00729	0.00184	0.11269	0.00509	0.04704	0.00869
4	0.01281	0.01229	0.01679	0.01428	0.01486	0.01644	0.01184	0.04752	0.01045	0.01596	0.06077	0.01491	0.01111	0.00985	0.01685	0.00237	0.65391	0.00539	0.00301	0.04858
5	0.01223	0.04515	0.13298	0.03669	0.01559	0.01049	0.03764	0.09380	0.10845	0.06008	0.03572	0.32248	0.02319	0.01142	0.00644	0.00205	0.00532	0.02835	0.00485	0.00708
6	0.00714	0.00508	0.00673	0.00803	0.00836	0.00476	0.00533	0.00811	0.01103	0.01471	0.03153	0.76329	0.03781	0.04766	0.00826	0.00249	0.00346	0.01623	0.00533	0.00468
7	0.00926	0.00609	0.00784	0.00802	0.00917	0.00570	0.00573	0.03437	0.01379	0.06816	0.27179	0.41493	0.06727	0.04016	0.00778	0.00222	0.00343	0.01303	0.00580	0.00546
8	0.05390	0.53263	0.06305	0.01058	0.01537	0.05493	0.01018	0.09162	0.01382	0.01761	0.04794	0.01191	0.01017	0.00561	0.00429	0.00138	0.00622	0.00382	0.00315	0.04183
9	0.00880	0.00581	0.00710	0.00722	0.00838	0.00559	0.00524	0.01157	0.04091	0.02063	0.34688	0.24163	0.03902	0.01219	0.00628	0.00186	0.00298	0.01074	0.21177	0.00540
10	0.00710	0.00517	0.00670	0.00785	0.00839	0.00477	0.00530	0.00822	0.01152	0.01521	0.05832	0.69468	0.11004	0.01767	0.00735	0.00230	0.00331	0.01591	0.00543	0.00477
11	0.04765	0.00961	0.01181	0.04749	0.06586	0.01002	0.00849	0.19648	0.03561	0.07101	0.05737	0.32436	0.04802	0.01168	0.00640	0.00201	0.00471	0.01015	0.02426	0.00701
12	0.01867	0.01463	0.03328	0.05288	0.10349	0.07417	0.15117	0.16360	0.08677	0.19452	0.01607	0.03785	0.01186	0.00667	0.00602	0.00183	0.00695	0.00599	0.00481	0.00878
13	0.01743	0.00933	0.01329	0.13444	0.05872	0.00923	0.00962	0.04075	0.01546	0.34983	0.19484	0.02497	0.03948	0.00906	0.02399	0.00202	0.02694	0.00693	0.00573	0.00794
14	0.01972	0.01512	0.01573	0.01255	0.01648	0.05523	0.01015	0.58348	0.02451	0.03252	0.06764	0.08792	0.01558	0.00832	0.00601	0.00180	0.00607	0.00658	0.00567	0.00894
15	0.01407	0.05771	0.03669	0.01235	0.05356	0.03336	0.06297	0.10847	0.07667	0.03133	0.01549	0.01650	0.06222	0.00593	0.00513	0.00135	0.00546	0.00495	0.00398	0.39180
16	0.11717	0.01300	0.01539	0.01643	0.18403	0.04149	0.01073	0.20143	0.10439	0.11286	0.05065	0.02931	0.02976	0.00703	0.00555	0.00177	0.00561	0.00572	0.03915	0.00852
17	0.00836	0.00562	0.00649	0.00667	0.00676	0.00559	0.00392	0.00856	0.00890	0.01185	0.02011	0.11153	0.02327	0.69180	0.02666	0.00521	0.00541	0.03581	0.00377	0.00371
18	0.01675	0.01376	0.05258	0.20539	0.12736	0.06604	0.05983	0.12736	0.01561	0.15962	0.01464	0.05520	0.01132	0.00683	0.00606	0.00183	0.01870	0.00586	0.02715	0.00810
19	0.06666	0.12314	0.21566	0.03251	0.09239	0.03606	0.05073	0.11266	0.11678	0.05336	0.01355	0.03813	0.01062	0.00638	0.00542	0.00177	0.00679	0.00517	0.00382	0.00841
20	0.04241	0.01187	0.01545	0.01216	0.01609	0.01193	0.07550	0.27691	0.01932	0.27298	0.07104	0.11255	0.01783	0.00853	0.00613	0.00187	0.00555	0.00728	0.00594	0.00867
21	0.00921	0.00591	0.00875	0.00868	0.00929	0.00661	0.00644	0.00947	0.00872	0.01242	0.01331	0.02051	0.01262	0.03236	0.43323	0.33326	0.03099	0.00571	0.02833	0.00418
22	0.04491	0.05641	0.09454	0.07115	0.05734	0.07423	0.04571	0.17219	0.06129	0.24114	0.01541	0.01553	0.01076	0.00644	0.00562	0.00176	0.00663	0.00517	0.00489	0.00884
23	0.01885	0.03227	0.06100	0.01660	0.15116	0.08004	0.04170	0.13972	0.04064	0.24329	0.01753	0.10122	0.01405	0.00768	0.00592	0.00181	0.00630	0.00653	0.00501	0.00868
24	0.01411	0.00738	0.01021	0.00948	0.01155	0.00675	0.02925	0.03795	0.01379	0.26404	0.06160	0.45308	0.02945	0.01351	0.00681	0.00212	0.00416	0.01206	0.00598	0.00673
25	0.00771	0.00528	0.00685	0.00785	0.00846	0.00498	0.00546	0.00918	0.01198	0.01667	0.11640	0.59026	0.03775	0.01619	0.00704	0.00221	0.00332	0.04734	0.09016	0.00491

[dist]
# distance from previous block
# <min> <max>
13	149

[block]
# block no. 10 follows, 40 sequences, length 14
# corresponding to MSA columns:
# 1326-1339
name=unknown_K
#
# <colnr> <probs for GDERKNQSTAVLIFYWHMCP>
#	G	D	E	R	K	N	Q	S	T	A	V	L	I	F	Y	W	H	M	C	P
0	0.09797	0.01364	0.09358	0.01365	0.05900	0.01241	0.07879	0.08588	0.13738	0.10940	0.02563	0.01645	0.01186	0.00656	0.00623	0.00176	0.05521	0.00530	0.08742	0.08190
1	0.02608	0.01614	0.21164	0.06955	0.09273	0.01235	0.02894	0.10751	0.06658	0.04826	0.01588	0.11629	0.01420	0.00819	0.00664	0.00191	0.04777	0.03949	0.00397	0.06589
2	0.01280	0.01296	0.01911	0.01599	0.01645	0.01757	0.06965	0.01436	0.00928	0.01436	0.00796	0.01296	0.00773	0.00976	0.01813	0.00250	0.72416	0.00523	0.00258	0.00648
3	0.01547	0.03607	0.05166	0.02946	0.12224	0.02834	0.04483	0.15413	0.13503	0.06457	0.08076	0.01774	0.01471	0.00693	0.00662	0.00173	0.06082	0.00564	0.00450	0.11877
4	0.00992	0.00725	0.01028	0.00981	0.01063	0.00855	0.00752	0.01134	0.00958	0.05081	0.01591	0.07698	0.01572	0.12610	0.43262	0.04493	0.13642	0.00697	0.00341	0.00525
5	0.01756	0.49069	0.02626	0.01223	0.01693	0.12172	0.05665	0.16173	0.01564	0.01863	0.00961	0.01081	0.00803	0.00550	0.00455	0.00142	0.00705	0.00386	0.00325	0.00787
6	0.01189	0.00944	0.06371	0.06417	0.02761	0.00768	0.00841	0.03855	0.01333	0.11747	0.10240	0.31488	0.02578	0.01114	0.00625	0.00186	0.00453	0.00982	0.00496	0.15612
7	0.09632	0.01835	0.01350	0.01193	0.01494	0.38501	0.00907	0.02228	0.06215	0.17362	0.01384	0.01578	0.01086	0.06877	0.00772	0.02948	0.00761	0.00477	0.02692	0.00709
8	0.01121	0.01057	0.01785	0.73183	0.08810	0.01298	0.01626	0.01506	0.01174	0.01513	0.01038	0.01543	0.00785	0.00577	0.00581	0.00192	0.00770	0.00517	0.00260	0.00664
9	0.02322	0.01084	0.01373	0.01094	0.01513	0.01036	0.00901	0.12378	0.09808	0.53677	0.02231	0.02213	0.01537	0.00781	0.00599	0.00187	0.00513	0.05127	0.00675	0.00953
10	0.01473	0.07301	0.38950	0.01732	0.02422	0.01462	0.19908	0.10716	0.01476	0.07298	0.01193	0.01368	0.00854	0.00563	0.00580	0.00182	0.00822	0.00509	0.00332	0.00858
11	0.01460	0.42639	0.18717	0.01406	0.01961	0.01914	0.12111	0.05486	0.01281	0.01664	0.00941	0.01137	0.00778	0.00552	0.00568	0.00159	0.05756	0.00416	0.00272	0.00782
12	0.01440	0.30648	0.32061	0.01254	0.01854	0.01599	0.01406	0.05528	0.01366	0.07659	0.08804	0.01511	0.01301	0.00619	0.00505	0.00161	0.00672	0.00468	0.00342	0.00803
13	0.00723	0.00525	0.00686	0.00809	0.00864	0.00488	0.00559	0.00840	0.01148	0.01510	0.03432	0.67606	0.10120	0.01776	0.00742	0.00235	0.00348	0.06573	0.00540	0.00478

[dist]
# distance from previous block
# <min> <max>
5	9

[block]
# block no. 11 follows, 40 sequences, length 63
# corresponding to MSA columns:
# 1353-1415
name=unknown_L
#
# <colnr> <probs for GDERKNQSTAVLIFYWHMCP>
#	G	D	E	R	K	N	Q	S	T	A	V	L	I	F	Y	W	H	M	C	P
0	0.09111	0.01093	0.01462	0.41969	0.02736	0.03579	0.01213	0.09095	0.01357	0.01913	0.05736	0.07512	0.01311	0.00707	0.00562	0.00181	0.00640	0.00596	0.00357	0.08872
1	0.75413	0.01063	0.00837	0.00769	0.01097	0.01222	0.00621	0.01620	0.01002	0.02497	0.01048	0.08733	0.00950	0.00667	0.00398	0.00186	0.00439	0.00448	0.00378	0.00614
2	0.07334	0.00924	0.01026	0.00905	0.01152	0.05414	0.00701	0.05913	0.03678	0.18949	0.35597	0.10583	0.03408	0.01024	0.00627	0.00185	0.00416	0.00870	0.00603	0.00690
3	0.00945	0.00774	0.00994	0.00883	0.01138	0.00663	0.03956	0.03372	0.01259	0.01741	0.04853	0.33205	0.14744	0.01211	0.00627	0.00178	0.00400	0.02208	0.00472	0.26379
4	0.01098	0.01034	0.01744	0.78165	0.04005	0.01292	0.01615	0.01486	0.01163	0.01486	0.01034	0.01550	0.00775	0.00581	0.00581	0.00194	0.00775	0.00517	0.00258	0.00646
5	0.01495	0.68160	0.14280	0.01096	0.01649	0.02156	0.01171	0.01757	0.01189	0.01441	0.00844	0.00978	0.00745	0.00506	0.00401	0.00134	0.00658	0.00329	0.00248	0.00764
6	0.01010	0.00505	0.00758	0.00758	0.00758	0.00505	0.00505	0.00758	0.00758	0.01010	0.01010	0.01768	0.01010	0.02020	0.02273	0.83081	0.00505	0.00505	0.00253	0.00253
7	0.02172	0.02772	0.01648	0.01498	0.01798	0.77228	0.01124	0.02322	0.01648	0.01423	0.00899	0.01049	0.00749	0.00599	0.00524	0.00150	0.01049	0.00375	0.00300	0.00674
8	0.01330	0.14624	0.57871	0.01524	0.02289	0.01541	0.01868	0.09009	0.01371	0.01951	0.01043	0.01199	0.00763	0.00559	0.00528	0.00174	0.00801	0.00421	0.00280	0.00855
9	0.01201	0.09834	0.70026	0.01599	0.02426	0.01435	0.02046	0.01833	0.01224	0.01800	0.01023	0.01202	0.00738	0.00548	0.00537	0.00179	0.00838	0.00419	0.00246	0.00849
10	0.00779	0.00589	0.00796	0.00823	0.00925	0.00620	0.00610	0.00941	0.01041	0.01406	0.02752	0.18495	0.16474	0.07942	0.42314	0.00627	0.01004	0.00962	0.00405	0.00494
