[name]
unknown

[dist]
# distance from previous block
# <min> <max>
0	49

[block]
# block no. 0 follows, 43 sequences, length 73
# corresponding to MSA columns:
# 880-927,938-962
name=unknown_A
#
# <colnr> <probs for GDERKNQSTAVLIFYWHMCP>
#	G	D	E	R	K	N	Q	S	T	A	V	L	I	F	Y	W	H	M	C	P
0	0.00833	0.00586	0.00736	0.00795	0.00871	0.00578	0.00604	0.00965	0.01065	0.01384	0.02639	0.05003	0.09084	0.36595	0.01667	0.00374	0.00502	0.34856	0.00433	0.00429
1	0.01371	0.01316	0.02248	0.03399	0.77081	0.01316	0.01700	0.01700	0.01261	0.01809	0.01042	0.01371	0.00877	0.00493	0.00548	0.00164	0.00658	0.00493	0.00274	0.00877
2	0.00744	0.00562	0.00686	0.00661	0.00804	0.00505	0.00494	0.00965	0.01464	0.01988	0.54157	0.07205	0.25278	0.01230	0.00656	0.00180	0.00269	0.01069	0.00579	0.00505
3	0.11390	0.00980	0.01249	0.00969	0.01388	0.00896	0.00800	0.05426	0.01555	0.66404	0.01998	0.01756	0.01270	0.00666	0.00534	0.00171	0.00472	0.00527	0.00643	0.00905
4	0.00686	0.00487	0.00639	0.00757	0.00786	0.00457	0.00499	0.00774	0.01038	0.01384	0.02939	0.73506	0.03519	0.08600	0.00891	0.00252	0.00340	0.01507	0.00499	0.00440
5	0.00784	0.00566	0.00740	0.00697	0.00827	0.00523	0.00523	0.01045	0.01568	0.02221	0.76789	0.04137	0.05226	0.01132	0.00653	0.00174	0.00261	0.01002	0.00610	0.00523
6	0.01472	0.01343	0.02519	0.06212	0.32416	0.01309	0.31831	0.04465	0.01355	0.09740	0.01201	0.01479	0.00909	0.00512	0.00593	0.00175	0.00754	0.00566	0.00328	0.00820
7	0.01174	0.01017	0.01324	0.23162	0.02048	0.00934	0.00930	0.05588	0.01219	0.01789	0.01004	0.01252	0.00804	0.00465	0.00459	0.00116	0.00515	0.00385	0.00318	0.55499
8	0.76515	0.01142	0.00891	0.04512	0.01233	0.04935	0.00667	0.01646	0.00980	0.02380	0.00785	0.00932	0.00612	0.00519	0.00360	0.00171	0.00471	0.00312	0.00335	0.00603
9	0.01679	0.01207	0.01603	0.11645	0.18435	0.01295	0.01162	0.15225	0.22427	0.16983	0.01647	0.01672	0.01194	0.00641	0.00556	0.00175	0.00562	0.00544	0.00481	0.00868
10	0.01277	0.00989	0.01203	0.00882	0.01355	0.00774	0.02190	0.02992	0.01224	0.08423	0.01175	0.01423	0.00964	0.00484	0.00445	0.00100	0.00434	0.03221	0.00370	0.70074
11	0.00742	0.00513	0.00635	0.00706	0.00728	0.00496	0.00449	0.00801	0.00955	0.01271	0.02462	0.42989	0.02906	0.37023	0.01655	0.00366	0.00425	0.04044	0.00434	0.00401
12	0.01158	0.12718	0.68222	0.01499	0.02274	0.01401	0.01907	0.01742	0.01164	0.01697	0.00966	0.01134	0.00703	0.00520	0.00505	0.00168	0.00790	0.00395	0.00234	0.00805
13	0.00655	0.00561	0.00561	0.00561	0.00748	0.00468	0.00421	0.00795	0.01262	0.01496	0.05610	0.05330	0.76857	0.01403	0.00655	0.00187	0.00281	0.01169	0.00514	0.00468
14	0.00784	0.00566	0.00740	0.00697	0.00827	0.00523	0.00523	0.01045	0.01568	0.02221	0.76789	0.04137	0.05226	0.01132	0.00653	0.00174	0.00261	0.01002	0.00610	0.00523
15	0.01288	0.01099	0.01175	0.01076	0.01356	0.01256	0.00828	0.02664	0.66027	0.02234	0.05844	0.08969	0.02029	0.00855	0.00580	0.00190	0.00420	0.00726	0.00561	0.00823
16	0.02069	0.02640	0.01569	0.01427	0.01712	0.78313	0.01070	0.02212	0.01569	0.01355	0.00856	0.00999	0.00713	0.00571	0.00499	0.00143	0.00999	0.00357	0.00285	0.00642
17	0.00977	0.00936	0.09778	0.00925	0.01146	0.00761	0.00806	0.01348	0.08103	0.06128	0.26863	0.16494	0.08601	0.02837	0.00751	0.00204	0.04490	0.07748	0.00509	0.00596
18	0.01403	0.01079	0.01495	0.01268	0.01362	0.01383	0.01045	0.01552	0.01056	0.15995	0.08242	0.01688	0.01314	0.03234	0.01495	0.00231	0.54582	0.00557	0.00365	0.00655
19	0.09311	0.01458	0.01556	0.01202	0.01635	0.01600	0.00993	0.62687	0.02373	0.09660	0.01353	0.01339	0.00948	0.00653	0.00536	0.00167	0.00582	0.00486	0.00547	0.00912
20	0.01371	0.01316	0.02248	0.03399	0.77081	0.01316	0.01700	0.01700	0.01261	0.01809	0.01042	0.01371	0.00877	0.00493	0.00548	0.00164	0.00658	0.00493	0.00274	0.00877
21	0.01046	0.00984	0.01661	0.79205	0.03814	0.01230	0.01538	0.01415	0.01107	0.01415	0.00984	0.01477	0.00738	0.00554	0.00554	0.00185	0.00738	0.00492	0.00246	0.00615
22	0.01371	0.01316	0.02248	0.03399	0.77081	0.01316	0.01700	0.01700	0.01261	0.01809	0.01042	0.01371	0.00877	0.00493	0.00548	0.00164	0.00658	0.00493	0.00274	0.00877
23	0.01409	0.01205	0.01270	0.01133	0.01452	0.01392	0.00884	0.06056	0.72916	0.02367	0.02214	0.02035	0.01658	0.00748	0.00563	0.00187	0.00446	0.00621	0.00563	0.00879
24	0.01260	0.02753	0.67388	0.01537	0.02290	0.07974	0.01902	0.01839	0.01224	0.05337	0.01039	0.01189	0.00735	0.00538	0.00525	0.00172	0.00818	0.00412	0.00260	0.00809
25	0.01422	0.01383	0.01570	0.01342	0.01671	0.11874	0.12136	0.03590	0.45587	0.02052	0.01947	0.02259	0.01573	0.00764	0.00589	0.00188	0.00600	0.08189	0.00477	0.00787
26	0.01117	0.00679	0.00889	0.00893	0.01083	0.00640	0.00743	0.02968	0.01382	0.14074	0.12828	0.08166	0.15048	0.01310	0.00691	0.00217	0.00428	0.35708	0.00553	0.00582
27	0.00738	0.00562	0.00679	0.00654	0.00801	0.00502	0.00489	0.00955	0.01453	0.01960	0.51298	0.06759	0.28656	0.01239	0.00655	0.00180	0.00269	0.01073	0.00576	0.00502
28	0.01865	0.01086	0.01192	0.01017	0.01320	0.08951	0.00794	0.13710	0.01597	0.36019	0.02156	0.23995	0.01886	0.00969	0.00593	0.00183	0.00506	0.00816	0.00574	0.00771
29	0.00805	0.00537	0.00604	0.00604	0.00604	0.00537	0.00336	0.00805	0.00805	0.01074	0.01745	0.03624	0.02013	0.80536	0.02819	0.00537	0.00537	0.00805	0.00336	0.00336
30	0.08661	0.50251	0.03297	0.00962	0.01350	0.11031	0.00885	0.01622	0.01209	0.01532	0.10214	0.01359	0.01286	0.00716	0.03468	0.00164	0.00624	0.00404	0.00300	0.00663
31	0.31293	0.01211	0.05462	0.25859	0.02399	0.01244	0.16231	0.01671	0.01125	0.07150	0.01019	0.01285	0.00751	0.00529	0.00497	0.00179	0.00652	0.00456	0.00318	0.00669
32	0.40160	0.26748	0.10372	0.01019	0.02618	0.03645	0.03135	0.03807	0.01107	0.01992	0.00829	0.00967	0.00671	0.00507	0.00390	0.00154	0.00564	0.00332	0.00298	0.00680
33	0.01379	0.02276	0.49413	0.01482	0.02151	0.01308	0.05832	0.09719	0.10559	0.08603	0.01295	0.01377	0.00914	0.00579	0.00544	0.00176	0.00726	0.00472	0.00350	0.00845
34	0.01046	0.00984	0.01661	0.79205	0.03814	0.01230	0.01538	0.01415	0.01107	0.01415	0.00984	0.01477	0.00738	0.00554	0.00554	0.00185	0.00738	0.00492	0.00246	0.00615
35	0.00932	0.00745	0.00853	0.00849	0.00947	0.05026	0.02707	0.07381	0.01199	0.01561	0.05950	0.43009	0.04553	0.20259	0.01179	0.00285	0.00450	0.01166	0.00460	0.00489
36	0.00796	0.00574	0.00790	0.00790	0.00855	0.00638	0.00568	0.00925	0.00861	0.01212	0.01575	0.02681	0.01604	0.30815	0.51980	0.00767	0.01153	0.00667	0.00310	0.00439
37	0.80918	0.01066	0.00834	0.00739	0.01086	0.01224	0.00609	0.01674	0.00970	0.05714	0.00832	0.00942	0.00633	0.00521	0.00352	0.00171	0.00430	0.00311	0.00357	0.00615
38	0.06282	0.01140	0.01381	0.01064	0.01493	0.01118	0.00879	0.25439	0.01875	0.50639	0.01849	0.01663	0.01199	0.00671	0.00546	0.00170	0.00513	0.00526	0.00628	0.00926
39	0.01472	0.73928	0.02758	0.00963	0.01423	0.02121	0.00941	0.01770	0.07655	0.01391	0.00899	0.00991	0.00796	0.00498	0.00374	0.00125	0.00579	0.00325	0.00265	0.00725
40	0.02485	0.00943	0.01285	0.00985	0.01414	0.00814	0.00814	0.02699	0.01585	0.77465	0.02185	0.01885	0.01371	0.00685	0.00557	0.00171	0.00471	0.00557	0.00685	0.00943
41	0.01710	0.02902	0.01247	0.01044	0.01337	0.07178	0.00848	0.14841	0.01539	0.26937	0.01871	0.06024	0.01559	0.01581	0.17659	0.00337	0.00761	0.09380	0.00505	0.00739
42	0.12114	0.01384	0.01338	0.01112	0.01475	0.10621	0.00890	0.23824	0.19677	0.15606	0.05179	0.01644	0.01331	0.00681	0.00529	0.00170	0.00552	0.00522	0.00523	0.00828
43	0.00804	0.00591	0.00750	0.00800	0.00914	0.00563	0.00607	0.04122	0.01312	0.01743	0.19306	0.33584	0.14323	0.01466	0.00694	0.00212	0.00355	0.16816	0.00536	0.00502
44	0.17446	0.01056	0.10315	0.01027	0.01327	0.00866	0.06979	0.02491	0.01193	0.10640	0.06265	0.26582	0.04055	0.01125	0.02839	0.00215	0.00512	0.03999	0.00447	0.00622
45	0.06002	0.00914	0.01071	0.00918	0.01188	0.00933	0.00722	0.14989	0.10798	0.17042	0.28954	0.09386	0.02881	0.00933	0.00593	0.00178	0.00401	0.00790	0.00586	0.00721
46	0.01046	0.00984	0.01661	0.79205	0.03814	0.01230	0.01538	0.01415	0.01107	0.01415	0.00984	0.01477	0.00738	0.00554	0.00554	0.00185	0.00738	0.00492	0.00246	0.00615
47	0.01259	0.08123	0.02086	0.31408	0.43213	0.01360	0.01574	0.01590	0.01192	0.01618	0.00997	0.01368	0.00811	0.00514	0.00534	0.00168	0.00682	0.00476	0.00260	0.00765
48	0.01203	0.01017	0.01178	0.00846	0.01335	0.00794	0.00679	0.05582	0.01231	0.01900	0.01004	0.01159	0.00827	0.00425	0.00418	0.00087	0.00421	0.00338	0.00341	0.79216
49	0.01268	0.07003	0.18192	0.01735	0.06353	0.01326	0.26218	0.01743	0.06924	0.05317	0.01366	0.09625	0.01178	0.00695	0.00709	0.00187	0.08449	0.00641	0.00329	0.00741
50	0.01261	0.01139	0.01766	0.01635	0.11226	0.02713	0.18205	0.01862	0.19235	0.05463	0.11609	0.08203	0.01946	0.00820	0.00721	0.00191	0.07454	0.03390	0.00433	0.00728
51	0.03777	0.01119	0.01281	0.01068	0.01434	0.01184	0.00855	0.10093	0.37909	0.30229	0.02092	0.01898	0.01466	0.00711	0.00552	0.00178	0.00464	0.00578	0.02218	0.00894
52	0.00929	0.00696	0.00929	0.00836	0.01032	0.00686	0.00638	0.01113	0.00963	0.03347	0.01407	0.02098	0.01323	0.13399	0.45968	0.00615	0.01052	0.00552	0.00320	0.22097
53	0.01806	0.01151	0.03387	0.01091	0.01447	0.01139	0.02786	0.25347	0.10728	0.24761	0.06936	0.03312	0.01672	0.07716	0.00773	0.00209	0.00524	0.03835	0.00561	0.00818
54	0.03504	0.01193	0.02236	0.21335	0.10486	0.01204	0.31096	0.01743	0.01277	0.11731	0.01361	0.01909	0.01078	0.00610	0.00606	0.00187	0.00747	0.06621	0.00345	0.00730
55	0.00797	0.00623	0.00742	0.00786	0.00935	0.00595	0.00616	0.01095	0.07771	0.01653	0.09622	0.18808	0.31096	0.01421	0.00687	0.00212	0.00364	0.21139	0.00525	0.00516
56	0.01426	0.01232	0.01545	0.36134	0.02577	0.04137	0.01215	0.20156	0.18604	0.02150	0.01355	0.01545	0.01009	0.00621	0.00548	0.00175	0.00634	0.00513	0.00400	0.04023
57	0.01150	0.08044	0.08653	0.29218	0.02231	0.01141	0.01142	0.03728	0.10361	0.05366	0.13129	0.10110	0.01884	0.00790	0.00567	0.00180	0.00563	0.00679	0.00397	0.00668
58	0.00738	0.00521	0.00682	0.00779	0.00822	0.00505	0.00541	0.00843	0.01033	0.01376	0.02705	0.50597	0.03164	0.17633	0.04483	0.00321	0.00442	0.11909	0.00468	0.00438
59	0.00688	0.00483	0.00638	0.00762	0.00798	0.00452	0.00510	0.00790	0.01064	0.01437	0.03008	0.77367	0.03582	0.01696	0.00695	0.00221	0.00319	0.01536	0.03501	0.00452
60	0.84448	0.01071	0.00814	0.00728	0.01071	0.01242	0.00600	0.01628	0.00943	0.02485	0.00771	0.00900	0.00600	0.00514	0.00343	0.00171	0.00428	0.00300	0.00343	0.00600
61	0.01275	0.01005	0.01446	0.44184	0.02701	0.01171	0.01209	0.03582	0.18731	0.09671	0.08018	0.01885	0.01422	0.00667	0.00565	0.00183	0.00596	0.00575	0.00405	0.00710
62	0.01584	0.26371	0.01924	0.01214	0.04795	0.01664	0.00991	0.11910	0.24373	0.08566	0.01431	0.01454	0.01109	0.00660	0.00637	0.00167	0.09444	0.00477	0.00421	0.00808
63	0.01304	0.06197	0.20364	0.02170	0.01471	0.00913	0.01031	0.03368	0.01317	0.18125	0.11168	0.20098	0.03340	0.00941	0.00582	0.00180	0.00508	0.02034	0.00464	0.04426
64	0.04032	0.26245	0.13516	0.02319	0.01718	0.11478	0.03332	0.12445	0.11266	0.06845	0.01195	0.01254	0.00915	0.00574	0.00480	0.00154	0.00661	0.00424	0.00364	0.00785
65	0.01361	0.13400	0.01874	0.01358	0.01481	0.03264	0.01152	0.08971	0.01084	0.01550	0.00798	0.01170	0.00746	0.00855	0.01440	0.00214	0.57895	0.00455	0.00274	0.00657
66	0.01304	0.00979	0.01164	0.00840	0.01324	0.00747	0.00675	0.01546	0.01199	0.10616	0.01124	0.01234	0.00884	0.00442	0.00427	0.00092	0.00417	0.00355	0.00370	0.74258
67	0.05970	0.05205	0.10558	0.01298	0.01735	0.01294	0.12373	0.23240	0.03886	0.12802	0.03174	0.05682	0.04540	0.00722	0.00581	0.00176	0.01910	0.01842	0.02221	0.00791
68	0.00766	0.00561	0.00718	0.00689	0.00819	0.00513	0.00513	0.01007	0.01511	0.02109	0.66143	0.08556	0.11645	0.01191	0.00656	0.00178	0.00266	0.01049	0.00596	0.00513
69	0.01462	0.01526	0.17166	0.06133	0.10038	0.03418	0.09431	0.09128	0.10655	0.12748	0.05972	0.05852	0.02563	0.00695	0.00574	0.00178	0.00631	0.00613	0.00423	0.00795
70	0.02683	0.07760	0.01407	0.03300	0.01422	0.04963	0.00866	0.16662	0.08054	0.15229	0.11513	0.05072	0.05478	0.00802	0.00659	0.00171	0.07380	0.00624	0.00490	0.05465
71	0.00686	0.00495	0.00652	0.00773	0.00820	0.00462	0.00530	0.00794	0.01084	0.01432	0.03191	0.71710	0.07785	0.01705	0.00707	0.00224	0.00330	0.05651	0.00514	0.00454
72	0.15450	0.01022	0.06902	0.05551	0.03040	0.00944	0.00844	0.05819	0.09496	0.12268	0.08588	0.23776	0.02136	0.00972	0.00569	0.00189	0.00454	0.00826	0.00482	0.00671

[dist]
# distance from previous block
# <min> <max>
0	3

[block]
# block no. 1 follows, 43 sequences, length 14
# corresponding to MSA columns:
# 966-972,983,984,995-999
name=unknown_B
#
# <colnr> <probs for GDERKNQSTAVLIFYWHMCP>
#	G	D	E	R	K	N	Q	S	T	A	V	L	I	F	Y	W	H	M	C	P
0	0.01389	0.01635	0.22445	0.17514	0.08294	0.01269	0.03090	0.19362	0.01521	0.05220	0.01285	0.07326	0.01044	0.00653	0.00551	0.00173	0.00665	0.00550	0.00363	0.05651
1	0.06038	0.07066	0.01456	0.09939	0.01573	0.01329	0.01001	0.07292	0.05419	0.01623	0.01131	0.01554	0.00995	0.01800	0.24831	0.00412	0.25106	0.00503	0.00309	0.00623
2	0.05613	0.00571	0.00686	0.00715	0.00779	0.00585	0.00485	0.00890	0.00938	0.01326	0.02274	0.21321	0.07918	0.34340	0.16498	0.00476	0.00642	0.03132	0.00389	0.00424
3	0.06033	0.00996	0.01189	0.00879	0.01337	0.00805	0.03247	0.03699	0.01182	0.01874	0.01107	0.05733	0.00977	0.00503	0.00436	0.00102	0.00431	0.00415	0.00345	0.68710
4	0.01005	0.00904	0.00992	0.05495	0.01236	0.09482	0.00743	0.01313	0.07270	0.01552	0.10775	0.08810	0.05843	0.04926	0.29649	0.00454	0.00874	0.02908	0.00390	0.05380
5	0.04191	0.14511	0.15890	0.10780	0.01884	0.01357	0.02335	0.01983	0.23953	0.01857	0.03673	0.01519	0.01163	0.00591	0.00496	0.00158	0.00570	0.00474	0.00365	0.12251
6	0.00876	0.00628	0.00789	0.00763	0.00918	0.00561	0.00546	0.01074	0.03097	0.04375	0.21579	0.36205	0.03319	0.07605	0.00803	0.00210	0.00346	0.01093	0.00500	0.14714
7	0.06277	0.01315	0.10981	0.09129	0.11921	0.01200	0.01135	0.18008	0.10686	0.02221	0.08269	0.10274	0.04629	0.00800	0.00567	0.00180	0.00549	0.00676	0.00433	0.00748
8	0.01016	0.00944	0.06999	0.01110	0.03485	0.00848	0.09022	0.05064	0.01087	0.02684	0.05866	0.05067	0.01655	0.23851	0.19371	0.05297	0.03180	0.00678	0.00342	0.02435
9	0.01990	0.02490	0.01646	0.01649	0.10216	0.69626	0.01141	0.02154	0.01535	0.01407	0.00877	0.01041	0.00732	0.00562	0.00505	0.00145	0.00960	0.00372	0.00284	0.00669
10	0.01646	0.05547	0.37029	0.01264	0.01853	0.01130	0.01390	0.04390	0.04362	0.29298	0.01584	0.05543	0.01146	0.00658	0.00541	0.00174	0.00634	0.00529	0.00436	0.00846
11	0.01591	0.10222	0.01531	0.01175	0.03306	0.01480	0.00928	0.14433	0.48283	0.08089	0.01903	0.01784	0.01415	0.00695	0.00538	0.00175	0.00491	0.00560	0.00527	0.00873
12	0.01138	0.01210	0.10190	0.61276	0.03375	0.01231	0.01515	0.01623	0.06830	0.04671	0.01132	0.01504	0.00833	0.00571	0.00551	0.00183	0.00713	0.00496	0.00287	0.00672
13	0.60333	0.03681	0.01140	0.01002	0.05023	0.04399	0.02923	0.07994	0.01157	0.04168	0.00902	0.01044	0.00701	0.00642	0.02801	0.00190	0.00532	0.00354	0.00357	0.00657

[dist]
# distance from previous block
# <min> <max>
4	19

[block]
# block no. 2 follows, 43 sequences, length 25
# corresponding to MSA columns:
# 1020-1044
name=unknown_C
#
# <colnr> <probs for GDERKNQSTAVLIFYWHMCP>
#	G	D	E	R	K	N	Q	S	T	A	V	L	I	F	Y	W	H	M	C	P
0	0.08584	0.04901	0.02088	0.08607	0.04178	0.02781	0.27376	0.05027	0.03947	0.11947	0.05245	0.01639	0.01165	0.02203	0.02100	0.00200	0.06344	0.00570	0.00373	0.00727
1	0.01193	0.07359	0.17096	0.02406	0.06355	0.01110	0.01076	0.06215	0.15543	0.05062	0.09695	0.09604	0.09000	0.02001	0.00609	0.00186	0.00520	0.03809	0.00442	0.00718
2	0.00838	0.00596	0.00785	0.00775	0.00807	0.00660	0.00533	0.00890	0.00842	0.01168	0.01601	0.07764	0.01737	0.39355	0.25049	0.08354	0.06784	0.00737	0.00320	0.00402
3	0.01366	0.02958	0.01512	0.01266	0.01488	0.01424	0.04519	0.09840	0.29636	0.04029	0.01676	0.06885	0.01435	0.00886	0.00967	0.00206	0.24893	0.03824	0.00440	0.00748
4	0.01740	0.00961	0.01202	0.00899	0.01343	0.00790	0.00730	0.04222	0.01406	0.34770	0.05550	0.01633	0.01298	0.00576	0.00491	0.00128	0.00435	0.00469	0.00505	0.40851
5	0.01086	0.02691	0.71842	0.01512	0.02278	0.01228	0.01931	0.01700	0.01199	0.01789	0.06733	0.01394	0.01044	0.00572	0.00536	0.00175	0.00776	0.00454	0.00262	0.00796
6	0.01111	0.02865	0.77667	0.01579	0.02397	0.01286	0.02046	0.01754	0.01169	0.01754	0.00994	0.01169	0.00702	0.00526	0.00526	0.00175	0.00818	0.00409	0.00234	0.00818
7	0.00679	0.00486	0.00647	0.00768	0.00804	0.00453	0.00514	0.00783	0.01082	0.01448	0.06222	0.76906	0.03730	0.01709	0.00705	0.00223	0.00319	0.01550	0.00518	0.00453
8	0.00946	0.00664	0.00839	0.00792	0.00957	0.00648	0.00611	0.01357	0.10459	0.05858	0.56379	0.05491	0.04407	0.01111	0.00648	0.00184	0.00315	0.07155	0.00597	0.00583
9	0.02485	0.00943	0.01285	0.00985	0.01414	0.00814	0.00814	0.02699	0.01585	0.77465	0.02185	0.01885	0.01371	0.00685	0.00557	0.00171	0.00471	0.00557	0.00685	0.00943
10	0.00892	0.00637	0.00892	0.01020	0.01147	0.00637	0.00892	0.01147	0.01275	0.01657	0.02932	0.06247	0.03187	0.01530	0.00765	0.00255	0.00510	0.73354	0.00510	0.00510
11	0.00753	0.00562	0.00701	0.00687	0.00823	0.00511	0.00516	0.00977	0.01454	0.01984	0.53072	0.09646	0.20592	0.01249	0.00662	0.00184	0.00280	0.04263	0.00578	0.00505
12	0.00719	0.00500	0.00630	0.00715	0.00736	0.00479	0.00454	0.00783	0.00975	0.01299	0.02612	0.54408	0.03108	0.28259	0.01418	0.00330	0.00394	0.01316	0.00454	0.00411
13	0.09907	0.01312	0.01438	0.01179	0.01519	0.01502	0.00960	0.32650	0.22929	0.08552	0.01528	0.01524	0.01127	0.00714	0.00694	0.00183	0.10410	0.00518	0.00507	0.00848
14	0.01264	0.01225	0.01549	0.01343	0.01412	0.06468	0.01103	0.06927	0.01035	0.01490	0.00909	0.01370	0.00853	0.01458	0.14553	0.00339	0.55313	0.00496	0.00278	0.00615
15	0.02283	0.00932	0.01245	0.00969	0.01366	0.00827	0.00794	0.06106	0.01634	0.65724	0.10159	0.02100	0.01764	0.00732	0.00567	0.00171	0.00456	0.00602	0.00671	0.00897
16	0.01177	0.01283	0.07766	0.31490	0.25371	0.01262	0.11857	0.01551	0.01203	0.01655	0.05635	0.01574	0.01065	0.00575	0.00626	0.00180	0.04187	0.00540	0.00280	0.00722
17	0.01369	0.27012	0.19438	0.01701	0.06992	0.01599	0.25181	0.01804	0.03910	0.04412	0.01055	0.01256	0.00821	0.00502	0.00517	0.00161	0.00747	0.00471	0.00281	0.00772
18	0.00797	0.00593	0.00678	0.00700	0.00863	0.00531	0.00550	0.00957	0.01236	0.04281	0.04438	0.05287	0.48153	0.08595	0.00876	0.00236	0.00370	0.19872	0.00503	0.00484
19	0.01548	0.01184	0.01281	0.01120	0.01454	0.01334	0.00880	0.07326	0.63114	0.10947	0.02190	0.02001	0.01609	0.00739	0.00562	0.00185	0.00453	0.00610	0.00577	0.00888
20	0.07764	0.17440	0.01876	0.11405	0.04175	0.14831	0.06150	0.09985	0.01353	0.01753	0.03424	0.03759	0.02973	0.00668	0.00657	0.00168	0.10125	0.00492	0.00322	0.00679
21	0.01724	0.12000	0.04257	0.01087	0.01450	0.01153	0.03438	0.02225	0.16003	0.31534	0.05161	0.02336	0.01657	0.00788	0.00614	0.00181	0.03794	0.09266	0.00527	0.00803
22	0.00800	0.00558	0.00709	0.00709	0.00745	0.00594	0.00466	0.00872	0.00836	0.01151	0.01649	0.03095	0.01784	0.52628	0.30413	0.00666	0.00883	0.00728	0.00321	0.00394
23	0.33398	0.01010	0.01065	0.00888	0.01255	0.01044	0.00723	0.02234	0.12520	0.33903	0.01827	0.01708	0.04856	0.00666	0.00481	0.00175	0.00441	0.00500	0.00528	0.00779
24	0.15652	0.01771	0.31901	0.01388	0.07452	0.01190	0.02989	0.07957	0.03549	0.04309	0.03874	0.01541	0.03006	0.01022	0.09830	0.00259	0.00747	0.00483	0.00336	0.00741

[dist]
# distance from previous block
# <min> <max>
1	9

[block]
# block no. 3 follows, 43 sequences, length 52
# corresponding to MSA columns:
# 1091-1123,1135-1153
name=unknown_D
#
# <colnr> <probs for GDERKNQSTAVLIFYWHMCP>
#	G	D	E	R	K	N	Q	S	T	A	V	L	I	F	Y	W	H	M	C	P
0	0.00839	0.00642	0.00799	0.00707	0.00909	0.00557	0.00538	0.01086	0.01464	0.02080	0.56583	0.03699	0.10845	0.01025	0.00609	0.00159	0.00290	0.00894	0.00550	0.15726
1	0.01293	0.01184	0.01832	0.23392	0.39568	0.03340	0.01438	0.01695	0.06458	0.04114	0.01233	0.05118	0.01034	0.00589	0.00549	0.00169	0.00638	0.00542	0.00314	0.05497
2	0.01481	0.80869	0.02902	0.00948	0.01421	0.02191	0.00948	0.01658	0.01125	0.01303	0.00770	0.00888	0.00711	0.00474	0.00355	0.00118	0.00592	0.00296	0.00237	0.00711
3	0.01273	0.00601	0.00770	0.00706	0.00857	0.00572	0.00527	0.01350	0.01114	0.17380	0.04347	0.02156	0.05505	0.01283	0.04457	0.27467	0.00430	0.00569	0.28122	0.00512
4	0.00788	0.00569	0.00745	0.00708	0.00838	0.00526	0.00535	0.01049	0.01558	0.02202	0.74284	0.04209	0.05157	0.01146	0.00657	0.00177	0.00270	0.03456	0.00606	0.00522
5	0.00685	0.00521	0.00630	0.00689	0.00789	0.00467	0.00484	0.00821	0.01206	0.01565	0.15225	0.43462	0.28394	0.01531	0.00681	0.00204	0.00298	0.01351	0.00529	0.00467
6	0.01405	0.01156	0.01235	0.01105	0.01416	0.01321	0.00861	0.02862	0.70001	0.05656	0.05018	0.02135	0.01808	0.00763	0.00567	0.00187	0.00433	0.00637	0.00571	0.00866
7	0.00784	0.00566	0.00740	0.00697	0.00827	0.00523	0.00523	0.01045	0.01568	0.02221	0.76789	0.04137	0.05226	0.01132	0.00653	0.00174	0.00261	0.01002	0.00610	0.00523
8	0.01148	0.00984	0.01148	0.00820	0.01312	0.00738	0.00656	0.01395	0.01148	0.01805	0.00984	0.01148	0.00820	0.00410	0.00410	0.00082	0.00410	0.00328	0.00328	0.83922
9	0.07434	0.05753	0.05488	0.01139	0.01549	0.03449	0.00984	0.32358	0.09759	0.12794	0.01580	0.01871	0.01232	0.00716	0.00541	0.00171	0.00562	0.07402	0.00502	0.04714
10	0.00891	0.00629	0.00782	0.00755	0.00822	0.00676	0.00515	0.06092	0.00962	0.01320	0.01621	0.02938	0.01710	0.47234	0.30049	0.00639	0.00885	0.00707	0.00337	0.00436
11	0.01251	0.00667	0.00866	0.00785	0.00919	0.00662	0.00558	0.03388	0.01049	0.19174	0.01703	0.02650	0.01594	0.35513	0.17965	0.08954	0.00716	0.00661	0.00406	0.00519
12	0.01656	0.01214	0.01327	0.01127	0.01477	0.01350	0.00895	0.17531	0.49363	0.12508	0.03997	0.01947	0.01588	0.00735	0.00563	0.00181	0.00473	0.00601	0.00579	0.00889
13	0.01394	0.01584	0.12755	0.02035	0.02601	0.01293	0.54961	0.01850	0.01328	0.10076	0.03629	0.01578	0.01020	0.00520	0.00626	0.00183	0.00847	0.00622	0.00329	0.00771
14	0.01750	0.01069	0.01360	0.02985	0.03575	0.04014	0.00915	0.03079	0.03630	0.33601	0.01702	0.05832	0.03159	0.00777	0.00834	0.00178	0.18561	0.00570	0.00480	0.11931
15	0.01193	0.02294	0.46679	0.01893	0.02604	0.01334	0.32461	0.01762	0.01227	0.01762	0.01047	0.01305	0.00759	0.00501	0.00579	0.00180	0.00866	0.00511	0.00253	0.00789
16	0.01046	0.00984	0.01661	0.79205	0.03814	0.01230	0.01538	0.01415	0.01107	0.01415	0.00984	0.01477	0.00738	0.00554	0.00554	0.00185	0.00738	0.00492	0.00246	0.00615
17	0.01170	0.01571	0.17103	0.13223	0.04636	0.01253	0.39088	0.01639	0.02673	0.01707	0.02716	0.08182	0.01140	0.00618	0.00614	0.00187	0.00801	0.00663	0.00298	0.00718
18	0.02467	0.00971	0.01303	0.00999	0.01428	0.00856	0.00825	0.06083	0.01633	0.74014	0.02145	0.01859	0.01351	0.00685	0.00557	0.00171	0.00478	0.00554	0.00679	0.00942
19	0.00790	0.00534	0.00704	0.00787	0.00868	0.00496	0.00565	0.00929	0.01173	0.04910	0.10555	0.55592	0.08630	0.01582	0.00698	0.00218	0.00341	0.09611	0.00531	0.00487
20	0.00801	0.00551	0.00724	0.00829	0.02639	0.00515	0.00559	0.00915	0.01118	0.05751	0.03252	0.62667	0.13043	0.01589	0.00707	0.00216	0.01699	0.01419	0.00514	0.00493
21	0.01507	0.62319	0.02492	0.00956	0.01387	0.01908	0.00906	0.03836	0.05857	0.06798	0.02984	0.04824	0.01075	0.00587	0.00412	0.00134	0.00554	0.00418	0.00320	0.00727
22	0.02470	0.00966	0.01300	0.00997	0.01426	0.00849	0.00823	0.05522	0.01625	0.74586	0.02152	0.01863	0.01354	0.00685	0.00557	0.00171	0.00477	0.00555	0.00680	0.00943
23	0.02388	0.00921	0.01254	0.00969	0.01380	0.00797	0.00797	0.02605	0.01584	0.73193	0.06421	0.02013	0.01590	0.00711	0.00562	0.00172	0.00459	0.00582	0.00681	0.00919
24	0.04034	0.07616	0.54613	0.05034	0.07276	0.01325	0.01768	0.04062	0.01209	0.03766	0.01033	0.01227	0.00761	0.00654	0.03165	0.00195	0.00783	0.00420	0.00265	0.00795
25	0.00672	0.00521	0.00612	0.00675	0.00780	0.00461	0.00473	0.00796	0.01176	0.01493	0.08068	0.43212	0.35970	0.01557	0.00681	0.00206	0.00300	0.01366	0.00519	0.00461
26	0.08104	0.01139	0.01368	0.01056	0.01483	0.01122	0.00872	0.24908	0.01853	0.49492	0.01823	0.01645	0.01185	0.00667	0.00541	0.00170	0.00511	0.00521	0.00621	0.00918
27	0.51410	0.18727	0.08178	0.00891	0.01307	0.04056	0.00833	0.01727	0.01061	0.06380	0.00874	0.00981	0.00681	0.00518	0.00379	0.00159	0.00521	0.00325	0.00327	0.00664
28	0.00724	0.00524	0.00669	0.00733	0.00806	0.00488	0.00513	0.00863	0.01185	0.01589	0.20065	0.43552	0.10908	0.09137	0.00896	0.00242	0.00336	0.05790	0.00519	0.00461
29	0.01395	0.01517	0.01657	0.45973	0.08630	0.24385	0.01375	0.01756	0.05213	0.01475	0.01017	0.01356	0.00792	0.00565	0.00538	0.00171	0.00795	0.00459	0.00277	0.00657
30	0.00876	0.00587	0.00765	0.00708	0.00858	0.00537	0.00535	0.01130	0.01557	0.06466	0.69910	0.04053	0.07666	0.01117	0.00648	0.00175	0.00274	0.00983	0.00610	0.00544
31	0.00675	0.00482	0.00643	0.00771	0.00803	0.00450	0.00514	0.00771	0.01060	0.01414	0.03053	0.80175	0.03663	0.01735	0.00707	0.00225	0.00321	0.01574	0.00514	0.00450
32	0.16286	0.01394	0.01450	0.01147	0.01559	0.01545	0.00942	0.50619	0.09841	0.07712	0.01381	0.01365	0.00986	0.00649	0.00519	0.00170	0.00552	0.00481	0.00527	0.00876
33	0.00682	0.00485	0.00640	0.00762	0.00792	0.00455	0.00504	0.00773	0.01046	0.01394	0.02978	0.75828	0.03569	0.06210	0.00827	0.00243	0.00334	0.01531	0.00504	0.00443
34	0.00686	0.00562	0.00602	0.00608	0.00775	0.00484	0.00457	0.00840	0.01277	0.01568	0.12951	0.07583	0.60803	0.03630	0.00723	0.00200	0.00299	0.04961	0.00519	0.00471
35	0.01571	0.52856	0.10498	0.01136	0.01593	0.19651	0.01098	0.01789	0.01227	0.01364	0.00813	0.00951	0.00711	0.00512	0.00438	0.00133	0.02383	0.00326	0.00248	0.00704
36	0.01205	0.07890	0.68887	0.01507	0.02283	0.01322	0.01912	0.01796	0.01187	0.05560	0.01040	0.01187	0.00736	0.00531	0.00517	0.00171	0.00786	0.00409	0.00257	0.00818
37	0.02000	0.02496	0.01538	0.01397	0.01685	0.70692	0.01051	0.02284	0.08950	0.01451	0.00995	0.01105	0.00810	0.00589	0.00506	0.00147	0.00943	0.00383	0.00313	0.00665
38	0.01388	0.01166	0.01240	0.01109	0.01419	0.01337	0.00864	0.04801	0.69351	0.03626	0.05705	0.02140	0.01830	0.00766	0.00567	0.00186	0.00435	0.00639	0.00568	0.00863
39	0.02485	0.00943	0.01285	0.00985	0.01414	0.00814	0.00814	0.02699	0.01585	0.77465	0.02185	0.01885	0.01371	0.00685	0.00557	0.00171	0.00471	0.00557	0.00685	0.00943
40	0.02445	0.01006	0.01324	0.01015	0.01445	0.00908	0.00839	0.10236	0.01691	0.69779	0.02096	0.01827	0.01326	0.00683	0.00557	0.00171	0.00486	0.00551	0.00672	0.00942
41	0.05278	0.00947	0.01269	0.00977	0.01402	0.00829	0.00807	0.02663	0.01563	0.74910	0.02137	0.01851	0.01345	0.00680	0.00550	0.00171	0.00470	0.00548	0.00674	0.00931
42	0.00688	0.00492	0.00655	0.00762	0.00806	0.00459	0.00515	0.00805	0.01122	0.01512	0.12062	0.70884	0.03854	0.01661	0.00700	0.00219	0.00314	0.01504	0.00526	0.00459
43	0.01297	0.01418	0.02389	0.01842	0.02127	0.06872	0.35979	0.01581	0.01123	0.01545	0.01008	0.04261	0.00888	0.00733	0.01136	0.00209	0.34055	0.00596	0.00273	0.00669
44	0.00873	0.00706	0.00960	0.00929	0.00963	0.00846	0.00689	0.00978	0.00896	0.01271	0.01714	0.19691	0.01892	0.22501	0.22735	0.00491	0.20213	0.00840	0.00342	0.00471
45	0.41063	0.00993	0.01046	0.00854	0.01235	0.01009	0.00703	0.02162	0.01273	0.40422	0.01510	0.01425	0.01009	0.00604	0.00452	0.00170	0.00446	0.00435	0.02417	0.00771
46	0.00766	0.00569	0.00724	0.00762	0.00887	0.00528	0.00593	0.00972	0.01344	0.01790	0.30747	0.17651	0.19607	0.01391	0.00691	0.00206	0.00338	0.19390	0.00548	0.00496
47	0.01478	0.47447	0.02344	0.01102	0.01441	0.01916	0.01007	0.09565	0.01221	0.03529	0.00891	0.01099	0.00788	0.00790	0.04369	0.00191	0.19445	0.00384	0.00287	0.00707
48	0.02497	0.01147	0.01644	0.25262	0.16582	0.04053	0.05118	0.08093	0.09246	0.07815	0.01560	0.04699	0.04425	0.00840	0.04429	0.00214	0.00676	0.00589	0.00375	0.00736
49	0.01306	0.04305	0.10815	0.01224	0.05318	0.01195	0.03349	0.16581	0.19379	0.02226	0.09428	0.07831	0.08322	0.00820	0.00570	0.00173	0.00511	0.00692	0.00468	0.05486
50	0.00994	0.02896	0.03557	0.00958	0.05266	0.00739	0.00682	0.01186	0.02978	0.06663	0.07706	0.04326	0.01981	0.30027	0.23572	0.00510	0.00791	0.04270	0.00379	0.00520
51	0.01394	0.26603	0.23771	0.01180	0.01754	0.01426	0.04646	0.03823	0.02397	0.08162	0.01058	0.01171	0.00817	0.00502	0.00457	0.00137	0.00620	0.00386	0.00311	0.19386

[dist]
# distance from previous block
# <min> <max>
2	5

[block]
# block no. 4 follows, 43 sequences, length 25
# corresponding to MSA columns:
# 1159-1171,1173-1176,1178-1185
name=unknown_E
#
# <colnr> <probs for GDERKNQSTAVLIFYWHMCP>
#	G	D	E	R	K	N	Q	S	T	A	V	L	I	F	Y	W	H	M	C	P
0	0.01247	0.01507	0.13652	0.15450	0.17416	0.01360	0.18563	0.01833	0.12638	0.01759	0.01200	0.01479	0.00929	0.00585	0.00688	0.00185	0.07898	0.00537	0.00306	0.00768
1	0.01209	0.01219	0.01472	0.28257	0.15752	0.13301	0.01185	0.01583	0.07512	0.01594	0.04743	0.07047	0.11306	0.00772	0.00572	0.00177	0.00634	0.00660	0.00351	0.00655
2	0.00739	0.00562	0.00681	0.00663	0.00800	0.00516	0.00491	0.00934	0.01352	0.01813	0.40354	0.06695	0.28785	0.06001	0.06918	0.00257	0.00382	0.01032	0.00534	0.00489
3	0.00749	0.00543	0.00721	0.00828	0.00910	0.00516	0.00627	0.00909	0.01176	0.01545	0.07436	0.45628	0.10016	0.01606	0.00718	0.00228	0.00375	0.24475	0.00518	0.00475
4	0.00790	0.00532	0.00616	0.00631	0.00637	0.00531	0.00365	0.00807	0.00836	0.01118	0.01884	0.12145	0.02181	0.69627	0.04656	0.00512	0.00539	0.00886	0.00354	0.00353
5	0.00791	0.00593	0.00890	0.00890	0.00989	0.00692	0.00692	0.00989	0.00890	0.01286	0.01483	0.02176	0.01385	0.04154	0.78341	0.00890	0.01483	0.00593	0.00297	0.00494
6	0.02023	0.08738	0.01673	0.01389	0.01689	0.72378	0.01061	0.02168	0.01535	0.01351	0.00849	0.00990	0.00713	0.00563	0.00488	0.00141	0.00967	0.00352	0.00282	0.00647
7	0.00922	0.00603	0.00824	0.00907	0.01023	0.00581	0.00730	0.01121	0.01243	0.06701	0.08651	0.28399	0.03345	0.03205	0.00769	0.00240	0.00431	0.39260	0.00527	0.00518
8	0.84448	0.01071	0.00814	0.00728	0.01071	0.01242	0.00600	0.01628	0.00943	0.02485	0.00771	0.00900	0.00600	0.00514	0.00343	0.00171	0.00428	0.00300	0.00343	0.00600
9	0.09136	0.01265	0.01439	0.01112	0.01540	0.01312	0.00918	0.39702	0.02052	0.33375	0.01630	0.01519	0.01087	0.00661	0.00538	0.00169	0.00538	0.00506	0.00590	0.00914
10	0.06293	0.01624	0.14365	0.01223	0.01655	0.06552	0.01105	0.17209	0.34579	0.07073	0.01670	0.01616	0.01224	0.00666	0.00538	0.00176	0.00577	0.00523	0.00482	0.00853
11	0.02171	0.01446	0.01597	0.01225	0.01665	0.01562	0.01012	0.62744	0.02429	0.16229	0.01477	0.01425	0.01016	0.00668	0.00555	0.00167	0.00586	0.00509	0.00577	0.00942
12	0.00963	0.00638	0.00791	0.00810	0.00946	0.00617	0.00584	0.01284	0.10791	0.09503	0.12189	0.45555	0.10375	0.01395	0.00661	0.00205	0.00340	0.01239	0.00550	0.00566
13	0.01293	0.01437	0.03042	0.08432	0.10301	0.01379	0.62083	0.01739	0.01287	0.01750	0.01102	0.01480	0.00836	0.00476	0.00635	0.00184	0.00891	0.00625	0.00277	0.00750
14	0.01031	0.00621	0.00819	0.00739	0.00912	0.00565	0.00565	0.01285	0.01570	0.13136	0.65967	0.03810	0.04667	0.01067	0.00639	0.00174	0.00292	0.00937	0.00621	0.00583
15	0.01928	0.01424	0.01520	0.01196	0.01598	0.01580	0.00978	0.60125	0.11990	0.03228	0.01486	0.01482	0.01076	0.00674	0.00542	0.00166	0.00560	0.00516	0.07030	0.00900
16	0.00710	0.00544	0.00651	0.00665	0.00792	0.00485	0.00483	0.00886	0.01331	0.01758	0.32640	0.23285	0.31010	0.01379	0.00667	0.00191	0.00283	0.01204	0.00551	0.00485
17	0.01056	0.00626	0.00815	0.00748	0.00928	0.00566	0.00574	0.01288	0.01502	0.14791	0.50806	0.08658	0.10868	0.01132	0.00644	0.00181	0.00310	0.03319	0.00605	0.00584
18	0.01236	0.07034	0.41738	0.08625	0.12534	0.01347	0.06764	0.01849	0.08378	0.03626	0.01145	0.01332	0.00850	0.00542	0.00534	0.00173	0.00738	0.00462	0.00287	0.00806
19	0.00792	0.00559	0.00733	0.00747	0.00794	0.00596	0.00513	0.00888	0.00875	0.01206	0.01781	0.09357	0.01926	0.40452	0.33495	0.00647	0.00906	0.02978	0.00340	0.00415
20	0.09514	0.01254	0.01375	0.01229	0.05072	0.04759	0.00932	0.31035	0.07413	0.02384	0.01340	0.03540	0.01134	0.07188	0.10596	0.00296	0.09233	0.00543	0.00426	0.00737
21	0.06937	0.01473	0.01458	0.01181	0.01567	0.08386	0.00951	0.38475	0.19229	0.02750	0.01418	0.01423	0.01056	0.00650	0.00556	0.00163	0.02521	0.00486	0.00490	0.08828
22	0.01009	0.00965	0.03992	0.11420	0.14564	0.00975	0.11889	0.01286	0.01043	0.01458	0.01301	0.01953	0.01173	0.09491	0.34423	0.00519	0.01060	0.00586	0.00286	0.00607
23	0.03399	0.03771	0.09930	0.01130	0.06359	0.07262	0.02292	0.01513	0.08795	0.01957	0.31791	0.02852	0.07688	0.00868	0.00580	0.00168	0.00476	0.02811	0.00460	0.05896
24	0.06110	0.04096	0.11206	0.05668	0.01411	0.00856	0.05564	0.01298	0.03611	0.01940	0.34147	0.04756	0.11135	0.00964	0.00605	0.00181	0.00452	0.04937	0.00467	0.00596

[dist]
# distance from previous block
# <min> <max>
1	12

[block]
# block no. 5 follows, 43 sequences, length 38
# corresponding to MSA columns:
# 1198-1215,1218-1237
name=unknown_F
#
# <colnr> <probs for GDERKNQSTAVLIFYWHMCP>
#	G	D	E	R	K	N	Q	S	T	A	V	L	I	F	Y	W	H	M	C	P
0	0.07551	0.09878	0.07755	0.01329	0.04436	0.42933	0.01076	0.01943	0.01386	0.03812	0.01037	0.01367	0.00890	0.00600	0.00489	0.00149	0.00798	0.04810	0.00309	0.07453
1	0.01373	0.01297	0.02173	0.09880	0.67601	0.01325	0.01659	0.04730	0.01304	0.01845	0.01049	0.01378	0.00868	0.00506	0.00549	0.00166	0.00663	0.00494	0.00283	0.00857
2	0.01375	0.01279	0.01327	0.06303	0.05968	0.08847	0.00954	0.02520	0.52280	0.02092	0.04798	0.02016	0.03587	0.00726	0.00556	0.00178	0.00514	0.00602	0.00491	0.03586
3	0.00845	0.00641	0.00768	0.00717	0.00878	0.00612	0.00539	0.03600	0.06745	0.02093	0.52871	0.04112	0.18592	0.03679	0.00713	0.00189	0.00298	0.00985	0.00577	0.00545
4	0.40841	0.01108	0.01047	0.00879	0.01230	0.01211	0.00713	0.17333	0.07857	0.04948	0.05680	0.01645	0.06651	0.00665	0.00458	0.00167	0.00448	0.00483	0.00444	0.06192
5	0.07636	0.06091	0.05760	0.01537	0.06139	0.01302	0.20567	0.07641	0.11627	0.19989	0.01544	0.01600	0.02225	0.00611	0.00595	0.00176	0.03154	0.00550	0.00438	0.00815
6	0.00752	0.00526	0.00608	0.00641	0.00674	0.00506	0.00392	0.00795	0.00930	0.01216	0.02584	0.23292	0.12244	0.50146	0.01999	0.00412	0.00449	0.01048	0.00404	0.00382
7	0.01214	0.09784	0.40925	0.02934	0.03349	0.01369	0.14595	0.04038	0.08287	0.01800	0.01386	0.01533	0.05150	0.00586	0.00545	0.00173	0.00740	0.00510	0.00300	0.00782
8	0.00860	0.00648	0.00805	0.00762	0.00914	0.00636	0.00576	0.01288	0.11605	0.02177	0.60955	0.07079	0.05852	0.01118	0.00646	0.00180	0.00293	0.02444	0.00596	0.00566
9	0.00779	0.00624	0.00891	0.11152	0.06920	0.00622	0.00726	0.00942	0.01133	0.01496	0.06768	0.50930	0.12087	0.01416	0.00666	0.00208	0.00393	0.01273	0.00466	0.00509
10	0.41437	0.01197	0.01180	0.00955	0.01347	0.01305	0.00788	0.25236	0.01603	0.18217	0.01239	0.01239	0.00867	0.00597	0.00454	0.00170	0.00495	0.00416	0.00480	0.00779
11	0.01486	0.01528	0.02091	0.02972	0.61261	0.14015	0.01559	0.01840	0.04668	0.01757	0.01066	0.01341	0.00887	0.00518	0.00541	0.00162	0.00704	0.00477	0.00289	0.00838
12	0.26297	0.01010	0.01167	0.00925	0.01329	0.00984	0.00764	0.05999	0.01449	0.51982	0.01731	0.01571	0.01125	0.00635	0.00495	0.00171	0.00466	0.00479	0.00579	0.00843
13	0.00962	0.00481	0.00722	0.00722	0.00722	0.00481	0.00481	0.00722	0.00722	0.00962	0.00962	0.01684	0.00962	0.01924	0.02165	0.83886	0.00481	0.00481	0.00241	0.00241
14	0.01532	0.68796	0.05558	0.01058	0.03585	0.02060	0.01010	0.05515	0.01224	0.04137	0.00865	0.00970	0.00750	0.00494	0.00385	0.00126	0.00599	0.00326	0.00270	0.00740
15	0.01562	0.02841	0.25144	0.09520	0.04069	0.01157	0.01316	0.04486	0.10996	0.23646	0.01605	0.05629	0.01194	0.00686	0.00599	0.00180	0.03563	0.00555	0.00435	0.00817
16	0.09897	0.02622	0.05296	0.01148	0.01511	0.02547	0.00957	0.16853	0.43984	0.04155	0.01766	0.01694	0.01316	0.00697	0.00571	0.00181	0.02912	0.00542	0.00506	0.00846
17	0.00919	0.00551	0.00729	0.00781	0.00878	0.00509	0.00554	0.01062	0.01194	0.10304	0.12037	0.56080	0.03475	0.01483	0.00669	0.00209	0.00333	0.03245	0.04468	0.00520
18	0.84448	0.01071	0.00814	0.00728	0.01071	0.01242	0.00600	0.01628	0.00943	0.02485	0.00771	0.00900	0.00600	0.00514	0.00343	0.00171	0.00428	0.00300	0.00343	0.00600
19	0.77669	0.01111	0.00884	0.00773	0.01124	0.01282	0.00637	0.07688	0.01079	0.02568	0.00817	0.00935	0.00628	0.00527	0.00360	0.00171	0.00443	0.00316	0.00360	0.00628
20	0.01603	0.10343	0.01421	0.01015	0.01292	0.03639	0.04324	0.08407	0.04861	0.23616	0.01713	0.06862	0.01485	0.15545	0.01112	0.04990	0.03825	0.02802	0.00458	0.00684
21	0.03789	0.01140	0.01764	0.01707	0.17441	0.01124	0.11839	0.09932	0.03126	0.28885	0.01494	0.01597	0.01069	0.00740	0.00766	0.08401	0.03384	0.00537	0.00456	0.00810
22	0.00772	0.00540	0.00625	0.00633	0.00677	0.00526	0.00395	0.00819	0.00932	0.01222	0.05107	0.09802	0.14614	0.52145	0.06808	0.02180	0.00524	0.00913	0.00385	0.00381
23	0.01481	0.80869	0.02902	0.00948	0.01421	0.02191	0.00948	0.01658	0.01125	0.01303	0.00770	0.00888	0.00711	0.00474	0.00355	0.00118	0.00592	0.00296	0.00237	0.00711
24	0.00998	0.04576	0.01041	0.00964	0.01080	0.07040	0.03105	0.01133	0.01140	0.05414	0.02473	0.52163	0.02816	0.01412	0.00752	0.00213	0.06405	0.06284	0.00463	0.00529
25	0.01284	0.00919	0.01474	0.41014	0.06858	0.01007	0.03786	0.01581	0.01247	0.16263	0.06730	0.10005	0.03961	0.00762	0.00583	0.00184	0.00598	0.00679	0.00395	0.00670
26	0.00697	0.00515	0.00656	0.00750	0.00825	0.00474	0.00531	0.00825	0.01147	0.01501	0.08254	0.55679	0.16691	0.01620	0.00699	0.00218	0.00326	0.07610	0.00520	0.00463
27	0.01745	0.00863	0.01106	0.00911	0.01221	0.00812	0.00728	0.05890	0.08985	0.39171	0.28958	0.02683	0.02766	0.00851	0.00592	0.00174	0.00400	0.00721	0.00639	0.00785
28	0.01265	0.19188	0.51767	0.01489	0.02182	0.06475	0.06874	0.01765	0.01196	0.01635	0.00947	0.01122	0.00714	0.00514	0.00497	0.00162	0.00791	0.00399	0.00241	0.00779
29	0.00944	0.00787	0.01121	0.01201	0.08541	0.00904	0.00840	0.01175	0.03708	0.01537	0.12195	0.10918	0.02179	0.08232	0.22666	0.00426	0.15846	0.05846	0.00379	0.00555
30	0.00722	0.00520	0.00660	0.00748	0.00806	0.00489	0.00520	0.00832	0.01085	0.01427	0.05862	0.49160	0.11130	0.13901	0.01034	0.00271	0.00370	0.09530	0.00489	0.00443
31	0.02388	0.01077	0.06643	0.01027	0.01483	0.00847	0.00900	0.02633	0.01556	0.72155	0.02101	0.01835	0.01324	0.00674	0.00555	0.00172	0.00496	0.00547	0.00654	0.00934
32	0.03467	0.40127	0.08144	0.03625	0.05362	0.06827	0.04207	0.08185	0.06628	0.05371	0.01096	0.02761	0.00903	0.00560	0.00455	0.00147	0.00634	0.00419	0.00324	0.00756
33	0.11453	0.02012	0.41260	0.07905	0.02142	0.01247	0.04601	0.03829	0.01217	0.09835	0.03398	0.01349	0.00915	0.00593	0.00605	0.00180	0.05920	0.00454	0.00319	0.00765
34	0.00805	0.00537	0.00604	0.00604	0.00604	0.00537	0.00336	0.00805	0.00805	0.01074	0.01745	0.03624	0.02013	0.80536	0.02819	0.00537	0.00537	0.00805	0.00336	0.00336
35	0.01959	0.02472	0.10870	0.01418	0.01797	0.55197	0.01186	0.15235	0.01706	0.01786	0.00958	0.01079	0.00753	0.00582	0.00512	0.00151	0.00907	0.00389	0.00327	0.00717
36	0.04321	0.06225	0.18871	0.04352	0.21378	0.01213	0.03494	0.01953	0.04722	0.20303	0.01417	0.04716	0.01083	0.00625	0.00573	0.00173	0.02843	0.00527	0.00388	0.00823
37	0.01332	0.01318	0.04699	0.02644	0.44895	0.01251	0.16767	0.01773	0.06543	0.04315	0.05549	0.01728	0.03454	0.00576	0.00580	0.00173	0.00666	0.00584	0.00334	0.00818

[dist]
# distance from previous block
# <min> <max>
2	10

[block]
# block no. 6 follows, 43 sequences, length 102
# corresponding to MSA columns:
# 1251-1268,1270-1289,1295-1313,1316-1360
name=unknown_G
#
# <colnr> <probs for GDERKNQSTAVLIFYWHMCP>
#	G	D	E	R	K	N	Q	S	T	A	V	L	I	F	Y	W	H	M	C	P
0	0.28203	0.07462	0.20768	0.01545	0.12870	0.01310	0.09208	0.01635	0.01116	0.01955	0.03427	0.01270	0.00890	0.00699	0.04030	0.00203	0.01967	0.00433	0.00296	0.00713
1	0.05214	0.73336	0.02702	0.00925	0.01377	0.02067	0.00911	0.01627	0.01139	0.01401	0.04471	0.01047	0.00926	0.00508	0.00369	0.00124	0.00569	0.00331	0.00260	0.00697
2	0.00743	0.00564	0.00683	0.00653	0.00802	0.00505	0.00490	0.00965	0.01470	0.01989	0.54061	0.04518	0.28098	0.01219	0.00654	0.00178	0.00267	0.01055	0.00579	0.00505
3	0.01062	0.01001	0.01690	0.75464	0.07430	0.01235	0.01546	0.01429	0.01115	0.01434	0.00987	0.01471	0.00745	0.00551	0.00553	0.00184	0.00734	0.00492	0.00247	0.00628
4	0.01393	0.08136	0.21239	0.04387	0.17212	0.03435	0.09910	0.06818	0.13467	0.04887	0.01314	0.03109	0.01021	0.00589	0.00545	0.00172	0.00683	0.00518	0.00348	0.00817
5	0.00876	0.00644	0.00795	0.00764	0.00881	0.00648	0.00559	0.04580	0.01274	0.03584	0.24552	0.17717	0.17060	0.13157	0.05294	0.00282	0.05314	0.01019	0.00493	0.00506
6	0.01256	0.00981	0.01185	0.04650	0.01443	0.00769	0.00712	0.01506	0.01183	0.08170	0.01086	0.01227	0.00863	0.00440	0.00430	0.00095	0.00431	0.00355	0.00354	0.72864
