[name]
unknown

[dist]
# distance from previous block
# <min> <max>
1	678

[block]
# block no. 0 follows, 40 sequences, length 31
# corresponding to MSA columns:
# 709-739
name=unknown_A
#
# <colnr> <probs for GDERKNQSTAVLIFYWHMCP>
#	G	D	E	R	K	N	Q	S	T	A	V	L	I	F	Y	W	H	M	C	P
0	0.01404	0.27916	0.19520	0.01335	0.05121	0.12142	0.01263	0.01785	0.05387	0.01621	0.02817	0.05815	0.04703	0.00735	0.00562	0.00169	0.03008	0.03634	0.00325	0.00738
1	0.04159	0.01670	0.01620	0.01424	0.06924	0.17327	0.01066	0.31288	0.06111	0.15561	0.01445	0.01449	0.01040	0.00653	0.00556	0.00166	0.00676	0.00494	0.00507	0.05866
2	0.04685	0.01527	0.13289	0.01146	0.01657	0.07660	0.01055	0.08206	0.01556	0.31423	0.02712	0.01557	0.01135	0.00617	0.00533	0.00156	0.00594	0.00481	0.00498	0.19513
3	0.01491	0.01638	0.29211	0.01195	0.01716	0.00956	0.03398	0.01867	0.01402	0.24416	0.08580	0.02523	0.14688	0.00866	0.00657	0.02864	0.00591	0.00681	0.00477	0.00785
4	0.01211	0.00963	0.01212	0.11739	0.01621	0.01023	0.02932	0.18757	0.06284	0.02249	0.16307	0.11963	0.16364	0.01181	0.03354	0.00219	0.00521	0.00903	0.00518	0.00677
5	0.07233	0.01245	0.01940	0.20639	0.41492	0.01333	0.01518	0.01907	0.09160	0.06063	0.01263	0.01539	0.00986	0.00575	0.00564	0.00181	0.00658	0.00522	0.00343	0.00839
6	0.09716	0.00624	0.00658	0.00648	0.00687	0.00643	0.00382	0.00938	0.00861	0.01286	0.01723	0.03499	0.01955	0.71099	0.02681	0.00523	0.00552	0.00789	0.00353	0.00382
7	0.52385	0.01135	0.01268	0.01020	0.01429	0.01198	0.08531	0.02038	0.01218	0.22968	0.01261	0.01298	0.00881	0.00584	0.00457	0.00182	0.00519	0.00429	0.00453	0.00746
8	0.01263	0.01279	0.02404	0.37303	0.20958	0.01368	0.23569	0.01672	0.01265	0.01699	0.01091	0.01529	0.00843	0.00539	0.00612	0.00189	0.00817	0.00569	0.00276	0.00754
9	0.01271	0.01235	0.01580	0.12334	0.14763	0.10627	0.03623	0.03904	0.01271	0.01643	0.01661	0.15407	0.01706	0.03540	0.00926	0.00223	0.13332	0.09929	0.00367	0.00659
10	0.00721	0.00516	0.00686	0.00801	0.00846	0.00481	0.00541	0.00841	0.01170	0.01575	0.10962	0.71168	0.04022	0.01754	0.00736	0.00230	0.00331	0.01589	0.00551	0.00481
11	0.23094	0.09461	0.01382	0.00949	0.01368	0.01112	0.00800	0.02359	0.01440	0.46474	0.04762	0.01700	0.01325	0.00669	0.00509	0.00174	0.00488	0.00506	0.00574	0.00854
12	0.09948	0.01376	0.01593	0.01296	0.01582	0.04104	0.01070	0.26219	0.01692	0.16263	0.01272	0.01406	0.00952	0.00793	0.01016	0.00203	0.27427	0.00504	0.00464	0.00822
13	0.01608	0.01455	0.01391	0.01202	0.01555	0.10992	0.00940	0.13458	0.45834	0.02443	0.04931	0.01923	0.01606	0.00739	0.00573	0.00178	0.00552	0.00593	0.00535	0.07493
14	0.01421	0.29030	0.35851	0.01480	0.06122	0.07632	0.01557	0.04597	0.01323	0.01738	0.03605	0.01241	0.00929	0.00564	0.00496	0.00160	0.00755	0.00415	0.00280	0.00804
15	0.01514	0.01358	0.02442	0.02702	0.39491	0.01289	0.22248	0.01879	0.01360	0.09426	0.01233	0.01506	0.00956	0.00521	0.00593	0.00171	0.00726	0.00555	0.00339	0.09692
16	0.01464	0.05576	0.01919	0.31329	0.23348	0.02808	0.01459	0.01772	0.01257	0.12114	0.01197	0.01523	0.00921	0.00703	0.02330	0.00203	0.08457	0.00514	0.00333	0.00774
17	0.01102	0.01136	0.10600	0.01097	0.02994	0.00982	0.00940	0.05128	0.19580	0.02139	0.25574	0.03008	0.04905	0.01517	0.13164	0.00313	0.00643	0.03971	0.00506	0.00702
18	0.01098	0.01034	0.01744	0.78165	0.04005	0.01292	0.01615	0.01486	0.01163	0.01486	0.01034	0.01550	0.00775	0.00581	0.00581	0.00194	0.00775	0.00517	0.00258	0.00646
19	0.01415	0.37653	0.06600	0.01508	0.09536	0.01954	0.01248	0.01623	0.01090	0.01463	0.00835	0.01131	0.00771	0.00698	0.00982	0.00182	0.29912	0.00414	0.00255	0.00730
20	0.01421	0.01371	0.04463	0.26936	0.23484	0.04422	0.18083	0.01801	0.01318	0.07909	0.01218	0.02806	0.00944	0.00575	0.00604	0.00186	0.00782	0.00572	0.00319	0.00788
21	0.02205	0.01080	0.01338	0.01086	0.01494	0.01060	0.00878	0.02923	0.27106	0.50659	0.02319	0.02045	0.01556	0.00744	0.00587	0.00186	0.00483	0.00610	0.00675	0.00966
22	0.01004	0.00624	0.00821	0.00816	0.00964	0.00573	0.00617	0.01215	0.01446	0.10655	0.34608	0.25174	0.08899	0.01373	0.00702	0.00207	0.00347	0.08777	0.00604	0.00574
23	0.05179	0.01309	0.01678	0.04507	0.36846	0.11784	0.01259	0.01632	0.01317	0.04798	0.01785	0.18802	0.04917	0.00873	0.00601	0.00186	0.00628	0.00775	0.00377	0.00749
24	0.08703	0.01225	0.01752	0.11975	0.19952	0.03111	0.05451	0.08821	0.01526	0.25661	0.01565	0.01819	0.01156	0.00661	0.00578	0.00184	0.00633	0.03904	0.00467	0.00856
25	0.00709	0.00506	0.00675	0.00810	0.00843	0.00472	0.00540	0.00810	0.01113	0.01484	0.03205	0.79184	0.03846	0.01822	0.00742	0.00236	0.00337	0.01653	0.00540	0.00472
26	0.01477	0.01473	0.09239	0.18523	0.15225	0.01468	0.01391	0.15481	0.22939	0.02271	0.01492	0.01642	0.01127	0.00662	0.00620	0.00188	0.02953	0.00550	0.00419	0.00859
27	0.01356	0.09649	0.11628	0.01397	0.07800	0.01066	0.09774	0.01666	0.01381	0.14763	0.14397	0.14913	0.04104	0.00930	0.00620	0.00188	0.00565	0.02604	0.00467	0.00733
28	0.00871	0.00588	0.00848	0.00848	0.00913	0.00653	0.00619	0.00947	0.00882	0.01242	0.01485	0.02419	0.01465	0.15983	0.49267	0.18420	0.01173	0.00634	0.00306	0.00435
29	0.00723	0.00525	0.00686	0.00810	0.00864	0.00488	0.00560	0.00840	0.01147	0.01510	0.03421	0.67902	0.09818	0.01777	0.00742	0.00235	0.00348	0.06588	0.00540	0.00478
30	0.01409	0.01158	0.01737	0.17882	0.25880	0.01238	0.03143	0.03114	0.17605	0.08637	0.10536	0.02027	0.01680	0.00692	0.00598	0.00185	0.00596	0.00624	0.00435	0.00822

[dist]
# distance from previous block
# <min> <max>
0	18

[block]
# block no. 1 follows, 40 sequences, length 46
# corresponding to MSA columns:
# 758-803
name=unknown_B
#
# <colnr> <probs for GDERKNQSTAVLIFYWHMCP>
#	G	D	E	R	K	N	Q	S	T	A	V	L	I	F	Y	W	H	M	C	P
0	0.21537	0.08521	0.01681	0.01698	0.21284	0.02638	0.02255	0.11926	0.07119	0.05370	0.05310	0.05624	0.01328	0.00682	0.00523	0.00176	0.00562	0.00553	0.00417	0.00796
1	0.32376	0.11438	0.20871	0.01132	0.01633	0.05934	0.01146	0.06442	0.05162	0.04200	0.04027	0.01279	0.00978	0.00595	0.00466	0.00173	0.00619	0.00416	0.00360	0.00751
2	0.00833	0.00521	0.00691	0.00748	0.00777	0.00499	0.00492	0.00799	0.00964	0.01271	0.02436	0.34895	0.08165	0.13686	0.01611	0.29299	0.00427	0.01095	0.00411	0.00379
3	0.01873	0.01704	0.11190	0.01338	0.01817	0.01650	0.01189	0.45853	0.21796	0.03103	0.01610	0.01581	0.01167	0.00704	0.00581	0.00182	0.00620	0.00547	0.00541	0.00954
4	0.01417	0.32305	0.34723	0.01335	0.01971	0.02971	0.04092	0.03736	0.01289	0.05429	0.01272	0.01386	0.04564	0.00589	0.00497	0.00161	0.00723	0.00443	0.00297	0.00801
5	0.00766	0.00572	0.00775	0.00956	0.05286	0.00539	0.00608	0.00883	0.01129	0.01499	0.03155	0.63059	0.07984	0.06660	0.00872	0.00252	0.00376	0.03622	0.00513	0.00494
6	0.01535	0.49520	0.24969	0.01198	0.01799	0.01882	0.01329	0.01872	0.01240	0.08438	0.01016	0.01118	0.00807	0.00535	0.00447	0.00147	0.00681	0.00372	0.00291	0.00803
7	0.00816	0.00530	0.00711	0.00796	0.00827	0.00511	0.00541	0.00840	0.01016	0.01351	0.02509	0.44303	0.02922	0.13474	0.01414	0.18368	0.00426	0.07784	0.00449	0.00412
8	0.01161	0.28418	0.01682	0.08081	0.01457	0.01241	0.00887	0.01355	0.01207	0.04487	0.02105	0.27668	0.02285	0.01158	0.00603	0.00197	0.00522	0.14452	0.00418	0.00617
9	0.01439	0.01382	0.02360	0.03569	0.75936	0.01382	0.01785	0.01785	0.01324	0.01900	0.01094	0.01439	0.00921	0.00518	0.00576	0.00173	0.00691	0.00518	0.00288	0.00921
10	0.00702	0.00531	0.00650	0.00745	0.00826	0.00478	0.00511	0.00817	0.01176	0.01510	0.03996	0.57503	0.25016	0.01719	0.00726	0.00224	0.00325	0.01528	0.00540	0.00478
11	0.01043	0.00601	0.00999	0.00911	0.00964	0.00592	0.07128	0.00857	0.00813	0.01087	0.01025	0.01750	0.00999	0.01882	0.02129	0.75594	0.00548	0.00521	0.00256	0.00301
12	0.01373	0.01308	0.02226	0.15121	0.62739	0.01349	0.01736	0.01723	0.01299	0.01831	0.01137	0.01593	0.00963	0.00557	0.00583	0.00179	0.00700	0.02425	0.00290	0.00868
13	0.35184	0.01087	0.01158	0.00936	0.01340	0.01112	0.00771	0.08903	0.01475	0.37237	0.01599	0.01515	0.01073	0.00644	0.00487	0.00178	0.00482	0.00469	0.03521	0.00828
14	0.00724	0.00526	0.00687	0.00809	0.00866	0.00489	0.00561	0.00842	0.01150	0.01512	0.03444	0.66837	0.10447	0.01773	0.00742	0.00235	0.00349	0.06989	0.00539	0.00479
15	0.00907	0.00542	0.00680	0.00680	0.00680	0.00542	0.00409	0.00813	0.00813	0.01084	0.01526	0.03047	0.01703	0.50688	0.02704	0.31291	0.00542	0.00719	0.00315	0.00315
16	0.00871	0.00670	0.00964	0.00942	0.01022	0.00794	0.00719	0.01041	0.00918	0.01322	0.01529	0.02419	0.01491	0.15069	0.59882	0.00822	0.08062	0.00646	0.00313	0.00505
17	0.01313	0.00755	0.00804	0.00743	0.00955	0.00790	0.00573	0.01913	0.19137	0.09086	0.02048	0.02151	0.01555	0.00708	0.00468	0.00155	0.00338	0.00574	0.55260	0.00675
18	0.00855	0.00613	0.00840	0.00960	0.01065	0.00598	0.00782	0.01070	0.01289	0.01697	0.07786	0.28536	0.05035	0.01643	0.00775	0.00251	0.00454	0.44689	0.00544	0.00516
19	0.00956	0.00537	0.00793	0.00793	0.00818	0.00563	0.00549	0.00831	0.00806	0.01100	0.01195	0.02022	0.01188	0.07501	0.20513	0.57918	0.00764	0.00555	0.00273	0.00324
20	0.00878	0.00627	0.00869	0.01003	0.01111	0.00618	0.00834	0.01102	0.01280	0.01674	0.03112	0.25402	0.03476	0.01662	0.00787	0.00260	0.00484	0.53764	0.00537	0.00519
21	0.02144	0.01214	0.01392	0.01090	0.01491	0.01251	0.00893	0.36498	0.02094	0.28302	0.01794	0.01735	0.01234	0.00702	0.00551	0.00169	0.00524	0.00548	0.15465	0.00909
22	0.01555	0.79913	0.03047	0.00995	0.01493	0.02301	0.00995	0.01741	0.01182	0.01368	0.00808	0.00933	0.00746	0.00498	0.00373	0.00124	0.00622	0.00311	0.00249	0.00746
23	0.05502	0.01279	0.02137	0.09817	0.56211	0.01307	0.04230	0.01703	0.01296	0.01883	0.01261	0.01902	0.01116	0.00624	0.00590	0.00185	0.00682	0.07121	0.00312	0.00841
24	0.01403	0.00884	0.01306	0.19892	0.03997	0.00875	0.02764	0.01696	0.01462	0.20643	0.25267	0.03987	0.02599	0.00849	0.00616	0.00181	0.00504	0.03150	0.00519	0.07406
25	0.01456	0.01151	0.04428	0.05859	0.11439	0.00922	0.00974	0.01745	0.01294	0.13947	0.01246	0.01383	0.00953	0.00503	0.00489	0.00123	0.00513	0.00420	0.00389	0.50765
26	0.00797	0.00593	0.00741	0.00704	0.00853	0.00537	0.00528	0.01046	0.01584	0.02184	0.62054	0.04588	0.19154	0.01244	0.00686	0.00186	0.00278	0.01086	0.00621	0.00537
27	0.01373	0.01569	0.03431	0.02451	0.03039	0.01471	0.73824	0.01863	0.01373	0.01863	0.01176	0.01569	0.00882	0.00490	0.00686	0.00196	0.00980	0.00686	0.00294	0.00784
28	0.01538	0.11303	0.28312	0.06658	0.02539	0.07797	0.19873	0.02065	0.08205	0.01944	0.01373	0.01715	0.01093	0.00695	0.00648	0.00213	0.00879	0.01908	0.00363	0.00882
29	0.01210	0.07435	0.66014	0.01739	0.06031	0.01413	0.04599	0.01834	0.01235	0.01817	0.01037	0.01233	0.00751	0.00545	0.00548	0.00180	0.00841	0.00436	0.00250	0.00853
30	0.00714	0.00511	0.00680	0.00806	0.00845	0.00476	0.00540	0.00824	0.01140	0.01527	0.06853	0.75414	0.03929	0.01790	0.00739	0.00233	0.00334	0.01623	0.00545	0.00476
31	0.09276	0.01291	0.01475	0.01151	0.01592	0.01337	0.00947	0.33222	0.06721	0.34238	0.01788	0.01654	0.01199	0.00700	0.00565	0.00179	0.00551	0.00540	0.00622	0.00954
32	0.06294	0.11403	0.16524	0.01747	0.18969	0.04147	0.01328	0.10353	0.07374	0.02148	0.11073	0.03263	0.01578	0.00684	0.00551	0.00173	0.00627	0.00563	0.00390	0.00811
33	0.01729	0.04653	0.01620	0.03429	0.03619	0.38372	0.05239	0.03163	0.04428	0.06032	0.05210	0.10488	0.03214	0.00819	0.00658	0.00176	0.05446	0.00634	0.00385	0.00686
34	0.00715	0.00531	0.00667	0.00759	0.00834	0.00483	0.00521	0.00841	0.01205	0.01580	0.10433	0.57596	0.18324	0.01694	0.00726	0.00223	0.00323	0.01513	0.00549	0.00483
35	0.09932	0.01179	0.01404	0.01090	0.01528	0.01166	0.00899	0.23563	0.01915	0.46131	0.03945	0.01779	0.01346	0.00710	0.00566	0.00178	0.00527	0.00555	0.00644	0.00944
36	0.07938	0.01383	0.09268	0.08465	0.21216	0.01198	0.10253	0.04259	0.01386	0.16217	0.03303	0.02780	0.01125	0.00600	0.00565	0.00174	0.00653	0.00543	0.00398	0.08276
37	0.00793	0.00586	0.00752	0.00863	0.00931	0.00576	0.00603	0.01048	0.07946	0.01590	0.03119	0.66981	0.03620	0.01711	0.00733	0.00235	0.00363	0.06490	0.00544	0.00518
38	0.00810	0.00613	0.00759	0.00786	0.00922	0.00574	0.00597	0.01073	0.04343	0.01891	0.30180	0.20347	0.21023	0.01435	0.00712	0.00211	0.00340	0.12272	0.00578	0.00532
39	0.01233	0.01090	0.01530	0.03762	0.01427	0.01457	0.01092	0.03546	0.00925	0.01379	0.00852	0.01405	0.00831	0.01237	0.01913	0.20350	0.54643	0.00509	0.00264	0.00555
40	0.01447	0.03040	0.02748	0.10918	0.10518	0.00955	0.00936	0.06458	0.01403	0.15373	0.04409	0.09887	0.01627	0.00790	0.00565	0.00173	0.01824	0.00666	0.25545	0.00717
41	0.00817	0.00561	0.00651	0.00666	0.00736	0.00533	0.00436	0.00928	0.01133	0.01555	0.15464	0.16695	0.13640	0.34397	0.01631	0.00350	0.00410	0.01045	0.07908	0.00444
42	0.17939	0.01065	0.01308	0.08285	0.08927	0.01013	0.00900	0.03658	0.01316	0.14310	0.06282	0.01554	0.01226	0.00581	0.00491	0.00148	0.00497	0.00464	0.00422	0.29615
43	0.29138	0.19241	0.04276	0.05684	0.04246	0.01618	0.00985	0.15101	0.07479	0.05604	0.01141	0.01233	0.00874	0.00590	0.00460	0.00168	0.00568	0.00415	0.00397	0.00781
44	0.04140	0.18874	0.05276	0.01144	0.04095	0.05221	0.00953	0.09172	0.14527	0.07893	0.10782	0.01910	0.03621	0.00705	0.00525	0.00160	0.00541	0.00554	0.01652	0.08255
45	0.01497	0.09194	0.33871	0.06327	0.02205	0.02675	0.07486	0.07300	0.02627	0.12561	0.03112	0.04575	0.01127	0.00659	0.00593	0.00182	0.02267	0.00543	0.00372	0.00828

[dist]
# distance from previous block
# <min> <max>
0	105

[block]
# block no. 2 follows, 40 sequences, length 38
# corresponding to MSA columns:
# 924-961
name=unknown_C
#
# <colnr> <probs for GDERKNQSTAVLIFYWHMCP>
#	G	D	E	R	K	N	Q	S	T	A	V	L	I	F	Y	W	H	M	C	P
0	0.01130	0.05755	0.06209	0.05499	0.01335	0.05137	0.00828	0.02531	0.02482	0.09093	0.02515	0.48510	0.02756	0.01362	0.00665	0.00212	0.00483	0.02401	0.00491	0.00606
1	0.12646	0.01125	0.01427	0.01370	0.11682	0.01114	0.00964	0.12337	0.04618	0.36769	0.08440	0.01911	0.01580	0.00711	0.00563	0.00179	0.00515	0.00577	0.00582	0.00891
2	0.01260	0.00924	0.01273	0.05531	0.01472	0.00993	0.05202	0.07632	0.09062	0.09756	0.09620	0.27079	0.02587	0.01190	0.00807	0.00215	0.08836	0.05372	0.00516	0.00675
3	0.02428	0.02128	0.05777	0.25995	0.03187	0.00910	0.02169	0.02371	0.01236	0.06402	0.04196	0.29086	0.09563	0.01123	0.00644	0.00205	0.00541	0.00993	0.00430	0.00615
4	0.00857	0.00568	0.00673	0.00678	0.00690	0.00576	0.00408	0.00867	0.00864	0.01158	0.01808	0.03672	0.02045	0.67044	0.08221	0.05307	0.00631	0.03220	0.00350	0.00365
5	0.00805	0.00629	0.00870	0.00823	0.00964	0.00577	0.04977	0.01008	0.01385	0.01874	0.35500	0.22839	0.17346	0.06695	0.00855	0.00225	0.00356	0.01196	0.00556	0.00520
6	0.06434	0.01205	0.01729	0.15732	0.14511	0.01412	0.01289	0.06616	0.01297	0.16745	0.01220	0.01482	0.00935	0.00745	0.00997	0.00205	0.25769	0.00517	0.00382	0.00780
7	0.01908	0.01346	0.01468	0.01200	0.01594	0.01482	0.00967	0.33712	0.30695	0.12383	0.01914	0.01810	0.01378	0.00735	0.00578	0.00182	0.00533	0.00585	0.04587	0.00941
8	0.00839	0.00561	0.00636	0.00643	0.00644	0.00559	0.00361	0.00844	0.00859	0.01145	0.01899	0.07458	0.02198	0.75796	0.02852	0.00548	0.00553	0.00885	0.00361	0.00358
9	0.00850	0.00561	0.00677	0.00700	0.00739	0.00572	0.00450	0.00934	0.00951	0.01353	0.02025	0.15913	0.02219	0.44707	0.14138	0.00515	0.00648	0.00907	0.10717	0.00423
10	0.05926	0.01123	0.01808	0.38385	0.15971	0.01262	0.07410	0.05028	0.01311	0.01821	0.06433	0.01919	0.05696	0.00673	0.00626	0.00190	0.02782	0.00599	0.00331	0.00706
11	0.01415	0.01214	0.01292	0.01177	0.01493	0.01399	0.00921	0.02975	0.70406	0.02390	0.02410	0.02437	0.01871	0.00839	0.00605	0.00202	0.00465	0.05004	0.00588	0.00897
12	0.00829	0.00613	0.00793	0.00846	0.00982	0.00577	0.00680	0.01058	0.01406	0.01861	0.25856	0.13555	0.18015	0.01476	0.00738	0.00225	0.00388	0.29010	0.00569	0.00524
13	0.01245	0.01198	0.01975	0.28092	0.02636	0.01412	0.15866	0.05826	0.04205	0.01756	0.05577	0.04781	0.01249	0.00775	0.00954	0.00210	0.20589	0.00632	0.00331	0.00690
14	0.05834	0.01047	0.01695	0.71098	0.03755	0.01310	0.01547	0.01496	0.01144	0.01547	0.01011	0.01506	0.00766	0.00594	0.00614	0.00195	0.03427	0.00505	0.00264	0.00645
15	0.01216	0.10188	0.65151	0.01643	0.02452	0.01448	0.06405	0.01833	0.01232	0.01798	0.01029	0.01221	0.00746	0.00543	0.00544	0.00179	0.00844	0.00434	0.00249	0.00844
16	0.01010	0.00505	0.00758	0.00758	0.00758	0.00505	0.00505	0.00758	0.00758	0.01010	0.01010	0.01768	0.01010	0.02020	0.02273	0.83081	0.00505	0.00505	0.00253	0.00253
17	0.31864	0.05875	0.08448	0.01153	0.01465	0.01495	0.01036	0.04487	0.01080	0.02027	0.00861	0.01126	0.00729	0.00696	0.00920	0.00193	0.27001	0.00403	0.00314	0.08827
18	0.46613	0.01377	0.01247	0.17343	0.03884	0.12472	0.00968	0.04683	0.03149	0.02216	0.00942	0.01152	0.00730	0.00570	0.00452	0.00178	0.00621	0.00389	0.00343	0.00670
19	0.00757	0.00577	0.00705	0.00774	0.00897	0.00526	0.00584	0.00924	0.01285	0.01644	0.10683	0.30681	0.30455	0.01593	0.00729	0.00223	0.00356	0.15562	0.00548	0.00499
20	0.01555	0.79913	0.03047	0.00995	0.01493	0.02301	0.00995	0.01741	0.01182	0.01368	0.00808	0.00933	0.00746	0.00498	0.00373	0.00124	0.00622	0.00311	0.00249	0.00746
21	0.29358	0.01374	0.01895	0.02127	0.28612	0.06500	0.13450	0.01763	0.01217	0.02068	0.01026	0.01318	0.00836	0.00760	0.05188	0.00224	0.00735	0.00474	0.00316	0.00758
22	0.00842	0.00651	0.00926	0.00949	0.01008	0.00744	0.00709	0.00978	0.00995	0.01397	0.02109	0.33487	0.02326	0.02820	0.33777	0.03864	0.10493	0.01024	0.00395	0.00504
23	0.01098	0.01034	0.01744	0.78165	0.04005	0.01292	0.01615	0.01486	0.01163	0.01486	0.01034	0.01550	0.00775	0.00581	0.00581	0.00194	0.00775	0.00517	0.00258	0.00646
24	0.00734	0.00550	0.00681	0.00734	0.00836	0.00498	0.00518	0.00894	0.01310	0.01735	0.23426	0.40766	0.22069	0.01565	0.00713	0.00212	0.00310	0.01385	0.00567	0.00498
25	0.01555	0.79913	0.03047	0.00995	0.01493	0.02301	0.00995	0.01741	0.01182	0.01368	0.00808	0.00933	0.00746	0.00498	0.00373	0.00124	0.00622	0.00311	0.00249	0.00746
26	0.01439	0.01382	0.02360	0.03569	0.75936	0.01382	0.01785	0.01785	0.01324	0.01900	0.01094	0.01439	0.00921	0.00518	0.00576	0.00173	0.00691	0.00518	0.00288	0.00921
27	0.00830	0.00574	0.00674	0.00674	0.00705	0.00581	0.00414	0.00872	0.00899	0.01197	0.02135	0.03738	0.08226	0.62159	0.13456	0.00586	0.00684	0.00846	0.00362	0.00388
28	0.00831	0.00623	0.00935	0.00935	0.01038	0.00727	0.00727	0.01038	0.00935	0.01350	0.01558	0.02285	0.01454	0.04361	0.77259	0.00935	0.01558	0.00623	0.00312	0.00519
29	0.01811	0.01389	0.01500	0.01243	0.01628	0.01553	0.01006	0.38674	0.31482	0.04344	0.03423	0.02072	0.01539	0.00797	0.00601	0.00189	0.00552	0.04684	0.00587	0.00927
30	0.00839	0.00541	0.00716	0.00814	0.00873	0.00502	0.00549	0.00942	0.01133	0.06289	0.03066	0.69783	0.03589	0.06313	0.00862	0.00252	0.00361	0.01537	0.00540	0.00499
31	0.00832	0.00639	0.00755	0.00746	0.00915	0.00587	0.00578	0.03906	0.01491	0.01952	0.30774	0.08663	0.33922	0.01372	0.00701	0.00202	0.00335	0.10516	0.00578	0.00537
32	0.01098	0.01034	0.01744	0.78165	0.04005	0.01292	0.01615	0.01486	0.01163	0.01486	0.01034	0.01550	0.00775	0.00581	0.00581	0.00194	0.00775	0.00517	0.00258	0.00646
33	0.01106	0.02982	0.01513	0.06408	0.28607	0.01015	0.01142	0.01357	0.01225	0.01733	0.06830	0.20003	0.02101	0.01254	0.06371	0.00252	0.05070	0.04945	0.05406	0.00680
34	0.00862	0.00621	0.00760	0.00795	0.00893	0.00605	0.00595	0.01043	0.02781	0.01580	0.12535	0.05009	0.13896	0.30434	0.01566	0.00354	0.00474	0.24241	0.00483	0.00471
35	0.00771	0.00561	0.00711	0.00768	0.00856	0.00522	0.00548	0.00928	0.01271	0.01699	0.21733	0.35754	0.13662	0.09450	0.00951	0.00254	0.00358	0.08170	0.00546	0.00488
36	0.01214	0.01101	0.03520	0.47142	0.02990	0.01284	0.03249	0.06140	0.01219	0.04135	0.01164	0.01724	0.00952	0.06485	0.06039	0.00275	0.09855	0.00551	0.00305	0.00658
37	0.01249	0.02434	0.47370	0.01974	0.02725	0.01398	0.30752	0.01850	0.01286	0.01850	0.01097	0.01364	0.00795	0.00528	0.00606	0.00189	0.00908	0.00532	0.00265	0.00829

[dist]
# distance from previous block
# <min> <max>
0	34

[block]
# block no. 3 follows, 40 sequences, length 6
# corresponding to MSA columns:
# 996-1001
name=unknown_D
#
# <colnr> <probs for GDERKNQSTAVLIFYWHMCP>
#	G	D	E	R	K	N	Q	S	T	A	V	L	I	F	Y	W	H	M	C	P
0	0.08803	0.01071	0.01164	0.00996	0.01314	0.01136	0.00802	0.20988	0.14467	0.10475	0.09840	0.02791	0.11591	0.00911	0.00591	0.00187	0.00462	0.05336	0.06301	0.00775
1	0.00792	0.00572	0.00755	0.00784	0.00856	0.00581	0.00550	0.00932	0.01094	0.01500	0.13681	0.24058	0.06869	0.19638	0.24120	0.00507	0.00741	0.01051	0.00446	0.00473
2	0.01423	0.01314	0.13170	0.13065	0.09834	0.01059	0.07818	0.03998	0.01449	0.16257	0.14472	0.04733	0.02027	0.00810	0.00626	0.00192	0.00622	0.05906	0.00457	0.00767
3	0.00811	0.00569	0.00769	0.00803	0.00857	0.00597	0.00558	0.00915	0.00982	0.01354	0.05415	0.23217	0.02429	0.23585	0.29875	0.04590	0.00857	0.00971	0.00395	0.00450
4	0.00944	0.00592	0.00768	0.00831	0.00940	0.00569	0.00622	0.01114	0.01199	0.06813	0.02957	0.36911	0.07726	0.04715	0.06399	0.00287	0.00474	0.14939	0.10668	0.00529
5	0.04181	0.07054	0.06454	0.16729	0.02404	0.01262	0.20495	0.04636	0.01405	0.20889	0.01508	0.04848	0.01128	0.00643	0.00587	0.00184	0.00699	0.00602	0.03501	0.00792

[dist]
# distance from previous block
# <min> <max>
4	41

[block]
# block no. 4 follows, 40 sequences, length 14
# corresponding to MSA columns:
# 1043-1056
name=unknown_E
#
# <colnr> <probs for GDERKNQSTAVLIFYWHMCP>
#	G	D	E	R	K	N	Q	S	T	A	V	L	I	F	Y	W	H	M	C	P
0	0.01016	0.00698	0.00820	0.00791	0.00952	0.02960	0.00587	0.01274	0.03991	0.08748	0.36385	0.20897	0.13025	0.01273	0.00671	0.00194	0.00341	0.01113	0.03684	0.00581
1	0.07386	0.01615	0.19462	0.11851	0.04499	0.01250	0.17894	0.04786	0.01374	0.12346	0.06067	0.04081	0.01282	0.00663	0.00631	0.00190	0.02857	0.00600	0.00382	0.00784
2	0.01463	0.01217	0.11111	0.06034	0.05373	0.00990	0.06591	0.06399	0.05598	0.19192	0.05836	0.23539	0.02110	0.00998	0.00637	0.00199	0.00558	0.00888	0.00506	0.00761
3	0.00854	0.00569	0.00690	0.00699	0.00732	0.00560	0.00446	0.00904	0.01016	0.01374	0.13762	0.07612	0.02747	0.51869	0.02281	0.06538	0.00500	0.06037	0.00414	0.00396
4	0.07691	0.01482	0.05863	0.01107	0.01426	0.19012	0.00917	0.10693	0.01678	0.12932	0.22683	0.05143	0.02434	0.00873	0.00595	0.00179	0.00596	0.03468	0.00511	0.00718
5	0.09877	0.23754	0.04718	0.01024	0.01413	0.01514	0.00902	0.10177	0.16137	0.09353	0.01542	0.01760	0.01241	0.05694	0.00645	0.00190	0.00540	0.02238	0.06500	0.00780
6	0.01295	0.00875	0.01042	0.00916	0.01146	0.03653	0.00731	0.01500	0.01419	0.17209	0.19811	0.03627	0.22408	0.01104	0.00805	0.00193	0.10277	0.05535	0.00542	0.05910
7	0.00943	0.00692	0.00841	0.00929	0.01024	0.00623	0.00651	0.01023	0.01328	0.01765	0.08699	0.53521	0.15469	0.01794	0.00812	0.00263	0.00416	0.08008	0.00606	0.00593
8	0.01628	0.06308	0.09279	0.09863	0.01854	0.06192	0.01112	0.27189	0.01789	0.07125	0.05992	0.03121	0.02786	0.05151	0.06130	0.00249	0.00713	0.00583	0.02156	0.00781
9	0.05582	0.13625	0.16433	0.01211	0.01699	0.04132	0.01163	0.14841	0.13842	0.13667	0.06856	0.01690	0.01402	0.00682	0.00541	0.00173	0.00607	0.00527	0.00471	0.00855
10	0.06377	0.08413	0.61323	0.01511	0.02285	0.01384	0.01881	0.01894	0.01240	0.06960	0.01098	0.01240	0.00779	0.00559	0.00530	0.00179	0.00792	0.00425	0.00285	0.00846
11	0.02586	0.00612	0.00725	0.00697	0.00855	0.00557	0.00515	0.01089	0.01433	0.05531	0.37011	0.09922	0.25621	0.06093	0.00808	0.00212	0.00317	0.01078	0.03802	0.00536
12	0.00761	0.00556	0.00720	0.00806	0.00879	0.00527	0.00561	0.00954	0.03801	0.01686	0.16778	0.57615	0.07006	0.01648	0.00726	0.00224	0.00333	0.03355	0.00560	0.00505
13	0.01732	0.01380	0.03829	0.03052	0.04069	0.03236	0.06684	0.30705	0.14728	0.08633	0.01869	0.10612	0.01573	0.00857	0.00618	0.00192	0.00605	0.04234	0.00532	0.00859

[dist]
# distance from previous block
# <min> <max>
1	5

[block]
# block no. 5 follows, 40 sequences, length 21
# corresponding to MSA columns:
# 1064-1084
name=unknown_F
#
# <colnr> <probs for GDERKNQSTAVLIFYWHMCP>
#	G	D	E	R	K	N	Q	S	T	A	V	L	I	F	Y	W	H	M	C	P
0	0.01064	0.00760	0.01029	0.01056	0.04149	0.00768	0.02713	0.01457	0.13039	0.07064	0.07509	0.34654	0.02755	0.01718	0.09782	0.04452	0.00554	0.02598	0.00505	0.02372
1	0.04683	0.01045	0.01195	0.00869	0.01372	0.00822	0.00695	0.01535	0.03921	0.01945	0.01073	0.01231	0.00885	0.00449	0.00434	0.00094	0.00433	0.00355	0.00354	0.76609
2	0.02099	0.02480	0.01549	0.01398	0.01701	0.65940	0.01054	0.02254	0.01626	0.07110	0.01363	0.01445	0.06175	0.00671	0.00541	0.00155	0.00953	0.00452	0.00349	0.00685
3	0.83671	0.01125	0.00855	0.00765	0.01125	0.01305	0.00630	0.01709	0.00990	0.02609	0.00810	0.00945	0.00630	0.00540	0.00360	0.00180	0.00450	0.00315	0.00360	0.00630
4	0.00757	0.00554	0.00726	0.00815	0.00896	0.00517	0.00582	0.00904	0.01205	0.01613	0.11272	0.53746	0.09266	0.01773	0.03694	0.00254	0.00395	0.08197	0.00537	0.02297
5	0.01124	0.01060	0.01791	0.72513	0.09455	0.01299	0.01628	0.01508	0.01175	0.01517	0.01038	0.01542	0.00786	0.00577	0.00581	0.00192	0.00769	0.00517	0.00261	0.00667
6	0.00810	0.00584	0.00763	0.00856	0.00921	0.00581	0.00614	0.00997	0.04114	0.01507	0.02818	0.45855	0.03231	0.13335	0.07033	0.00343	0.00506	0.14148	0.00496	0.00488
7	0.01272	0.01272	0.01781	0.01527	0.01527	0.01781	0.01272	0.01399	0.00891	0.01399	0.00763	0.01272	0.00763	0.01018	0.01908	0.00254	0.78499	0.00509	0.00254	0.00636
8	0.00863	0.00574	0.00771	0.00834	0.00921	0.00548	0.00602	0.01022	0.01236	0.05393	0.16348	0.45247	0.03722	0.05267	0.06626	0.00294	0.00455	0.08221	0.00541	0.00517
9	0.01577	0.00819	0.00970	0.00828	0.01118	0.00760	0.00655	0.07561	0.03615	0.27980	0.06067	0.06349	0.23020	0.00993	0.00594	0.00179	0.00394	0.00822	0.14972	0.00727
10	0.01555	0.79913	0.03047	0.00995	0.01493	0.02301	0.00995	0.01741	0.01182	0.01368	0.00808	0.00933	0.00746	0.00498	0.00373	0.00124	0.00622	0.00311	0.00249	0.00746
11	0.00737	0.00563	0.00677	0.00708	0.00831	0.00503	0.00508	0.00909	0.01355	0.01781	0.26931	0.30007	0.29384	0.01501	0.00705	0.00206	0.00303	0.01316	0.00571	0.00503
12	0.01118	0.00658	0.00871	0.00817	0.00966	0.00671	0.00616	0.02646	0.01191	0.11062	0.12159	0.02793	0.05768	0.10721	0.28976	0.06436	0.00826	0.00712	0.10436	0.00556
13	0.00858	0.00554	0.00732	0.00809	0.00890	0.00509	0.00560	0.00990	0.01223	0.06954	0.11802	0.62203	0.06399	0.01656	0.00722	0.00224	0.00340	0.01490	0.00565	0.00519
14	0.01412	0.30244	0.16645	0.01179	0.01700	0.01578	0.03943	0.03399	0.12302	0.04700	0.05092	0.01556	0.02811	0.00612	0.00495	0.00153	0.00606	0.00477	0.00364	0.10734
15	0.01166	0.03008	0.76550	0.01657	0.02517	0.01351	0.02149	0.01842	0.01228	0.01842	0.01044	0.01228	0.00737	0.00552	0.00552	0.00184	0.00859	0.00430	0.00246	0.00859
16	0.00885	0.00581	0.00748	0.00813	0.00908	0.00542	0.00571	0.01053	0.03017	0.06946	0.09233	0.53739	0.09617	0.04803	0.00811	0.00238	0.00360	0.04054	0.00554	0.00526
17	0.01475	0.00853	0.01128	0.01043	0.04032	0.00906	0.00777	0.03148	0.03260	0.21751	0.03520	0.02340	0.04528	0.10639	0.13090	0.02376	0.11215	0.00637	0.12608	0.00675
18	0.03969	0.01796	0.10457	0.06111	0.31605	0.18833	0.02931	0.01997	0.02840	0.09263	0.01254	0.04127	0.01016	0.00616	0.00565	0.00174	0.00760	0.00522	0.00345	0.00823
19	0.01963	0.00932	0.01202	0.00972	0.01319	0.00866	0.00783	0.08579	0.04730	0.43564	0.25360	0.02682	0.02691	0.00869	0.00617	0.00181	0.00437	0.00730	0.00677	0.00848
20	0.11852	0.03171	0.04348	0.01084	0.01445	0.17745	0.00893	0.10405	0.01629	0.21421	0.09477	0.03754	0.08749	0.00801	0.00561	0.00175	0.00600	0.00619	0.00509	0.00762

[dist]
# distance from previous block
# <min> <max>
1	12

[block]
# block no. 6 follows, 40 sequences, length 18
# corresponding to MSA columns:
# 1099-1116
name=unknown_G
#
# <colnr> <probs for GDERKNQSTAVLIFYWHMCP>
#	G	D	E	R	K	N	Q	S	T	A	V	L	I	F	Y	W	H	M	C	P
0	0.01480	0.12460	0.08657	0.01131	0.01589	0.01410	0.01004	0.10944	0.28518	0.03881	0.03903	0.01662	0.01343	0.00646	0.00523	0.00157	0.00531	0.00512	0.00459	0.19188
1	0.04260	0.01522	0.14647	0.01231	0.01658	0.01344	0.01115	0.09590	0.41194	0.08515	0.02036	0.07117	0.01589	0.00794	0.00586	0.00193	0.00543	0.00654	0.00529	0.00882
2	0.04448	0.07725	0.32372	0.03068	0.03340	0.02352	0.04158	0.02069	0.03291	0.22380	0.03177	0.04515	0.01195	0.00659	0.00555	0.00178	0.00675	0.00537	0.00416	0.02889
3	0.01788	0.01460	0.10621	0.01280	0.01724	0.06987	0.08515	0.09246	0.10341	0.25617	0.04523	0.02322	0.09748	0.00792	0.00607	0.00185	0.00613	0.02261	0.00531	0.00840
4	0.01056	0.00614	0.00752	0.00740	0.00815	0.00588	0.00483	0.01122	0.01046	0.11221	0.04149	0.18301	0.02496	0.49031	0.02074	0.00428	0.00502	0.03659	0.00452	0.00472
5	0.00856	0.00813	0.06083	0.00963	0.01146	0.00668	0.05323	0.01145	0.04171	0.01846	0.25055	0.35099	0.07995	0.01387	0.00703	0.00212	0.00407	0.05028	0.00536	0.00563
6	0.01521	0.12690	0.14056	0.01331	0.01767	0.08623	0.08862	0.06785	0.07646	0.10167	0.06184	0.06888	0.01697	0.00821	0.00594	0.00186	0.00666	0.08313	0.00434	0.00768
7	0.00935	0.00589	0.00764	0.00792	0.00903	0.00547	0.00571	0.01106	0.01316	0.07959	0.23396	0.36709	0.06455	0.06780	0.00853	0.00235	0.00356	0.05499	0.03699	0.00536
8	0.00730	0.00527	0.00695	0.00815	0.00870	0.00492	0.00567	0.00854	0.01164	0.01543	0.06133	0.66184	0.08025	0.01760	0.00742	0.00234	0.00348	0.07291	0.00543	0.00481
9	0.01460	0.02528	0.55922	0.01596	0.02352	0.01313	0.06508	0.06560	0.01397	0.13034	0.01260	0.01372	0.00867	0.00583	0.00568	0.00184	0.00799	0.00475	0.00340	0.00882
10	0.01206	0.01034	0.01206	0.00861	0.01378	0.00775	0.00689	0.01464	0.01206	0.01895	0.01034	0.01206	0.00861	0.00431	0.00431	0.00086	0.00431	0.00345	0.00345	0.83118
11	0.00875	0.00565	0.00682	0.00682	0.00706	0.00580	0.00424	0.00900	0.00876	0.01220	0.01722	0.03289	0.01876	0.56293	0.13370	0.08164	0.00681	0.00762	0.05954	0.00380
12	0.00844	0.00602	0.00706	0.00729	0.00778	0.00608	0.00464	0.01000	0.05941	0.01340	0.02412	0.21609	0.06717	0.46498	0.06846	0.00463	0.00550	0.01033	0.00421	0.00438
13	0.08554	0.01042	0.01247	0.05787	0.04304	0.01086	0.00873	0.07046	0.19736	0.25262	0.06806	0.02140	0.03959	0.00754	0.00559	0.00181	0.00474	0.00616	0.08745	0.00831
14	0.06520	0.00615	0.00763	0.00815	0.00936	0.00585	0.00596	0.01084	0.01260	0.06544	0.14303	0.44616	0.09616	0.01518	0.00698	0.00220	0.00360	0.07860	0.00554	0.00535
15	0.01403	0.00706	0.00939	0.00899	0.01109	0.00638	0.00696	0.01585	0.01374	0.27173	0.05849	0.31783	0.08512	0.01337	0.00684	0.00214	0.00413	0.11624	0.02396	0.00664
16	0.08106	0.01416	0.02089	0.07751	0.02228	0.03784	0.23256	0.20728	0.05865	0.16689	0.01467	0.01571	0.01035	0.00619	0.00596	0.00185	0.00715	0.00571	0.00469	0.00858
17	0.05930	0.01371	0.06024	0.02924	0.03154	0.01372	0.01037	0.26944	0.15454	0.18032	0.01713	0.01687	0.01219	0.00706	0.00606	0.00181	0.03359	0.00546	0.06846	0.00895

[dist]
# distance from previous block
# <min> <max>
1	9

[block]
# block no. 7 follows, 40 sequences, length 22
# corresponding to MSA columns:
# 1127-1148
name=unknown_H
#
# <colnr> <probs for GDERKNQSTAVLIFYWHMCP>
#	G	D	E	R	K	N	Q	S	T	A	V	L	I	F	Y	W	H	M	C	P
0	0.01608	0.61231	0.06106	0.01091	0.01579	0.06707	0.01057	0.06455	0.06504	0.01614	0.00972	0.01070	0.00834	0.00539	0.00419	0.00137	0.00648	0.00358	0.00297	0.00775
1	0.01354	0.15130	0.08626	0.10475	0.33835	0.04328	0.01447	0.01672	0.01260	0.01709	0.01169	0.06786	0.01053	0.00611	0.00535	0.00163	0.00668	0.00533	0.00298	0.08346
2	0.01353	0.00925	0.01041	0.00909	0.01185	0.03675	0.00703	0.04078	0.13069	0.15218	0.17383	0.06573	0.13216	0.04907	0.03108	0.00221	0.00464	0.02050	0.00556	0.09369
3	0.00798	0.00580	0.00737	0.00723	0.00842	0.00534	0.00525	0.01018	0.01490	0.02067	0.54629	0.14683	0.10924	0.06822	0.00854	0.00218	0.00305	0.01134	0.00598	0.00520
4	0.01278	0.01038	0.01653	0.07471	0.03343	0.01102	0.16092	0.02863	0.07435	0.08747	0.12669	0.02520	0.01951	0.18012	0.01307	0.00279	0.10433	0.00722	0.00421	0.00662
5	0.07881	0.01371	0.09509	0.18888	0.27447	0.01252	0.09890	0.01706	0.01260	0.06265	0.01318	0.08225	0.01129	0.00660	0.00585	0.00188	0.00698	0.00615	0.00331	0.00781
6	0.01133	0.01073	0.01790	0.68084	0.08886	0.01329	0.01605	0.01501	0.01157	0.01509	0.01021	0.01525	0.00785	0.00605	0.00665	0.00196	0.05695	0.00516	0.00260	0.00665
7	0.01119	0.00725	0.00909	0.00821	0.01023	0.00696	0.00629	0.01552	0.10717	0.11558	0.54981	0.03822	0.06946	0.01090	0.00662	0.00185	0.00326	0.00951	0.00641	0.00648
8	0.01077	0.00985	0.01182	0.17427	0.02739	0.08598	0.00954	0.01303	0.02516	0.01560	0.08680	0.17957	0.02361	0.11389	0.01087	0.00261	0.08112	0.10843	0.00410	0.00560
9	0.01448	0.28224	0.35420	0.01568	0.06780	0.03425	0.06681	0.01885	0.01268	0.06717	0.01059	0.01214	0.00810	0.00540	0.00505	0.00163	0.00758	0.00423	0.00286	0.00825
10	0.06295	0.01277	0.01425	0.18783	0.12267	0.15124	0.01137	0.04494	0.01393	0.01807	0.09432	0.12495	0.01981	0.00920	0.00614	0.00194	0.00651	0.08657	0.00398	0.00657
11	0.00791	0.00593	0.00732	0.00698	0.00849	0.00535	0.00523	0.01035	0.01570	0.02151	0.59008	0.04642	0.22221	0.01257	0.00686	0.00186	0.00279	0.01094	0.00616	0.00535
12	0.00832	0.00553	0.00644	0.00679	0.00711	0.00542	0.00423	0.00893	0.00975	0.01338	0.02352	0.21198	0.05331	0.49172	0.02067	0.00427	0.00475	0.03388	0.07593	0.00408
13	0.01128	0.22218	0.15709	0.01206	0.01588	0.01296	0.08390	0.01449	0.03131	0.01621	0.05242	0.25639	0.04364	0.01006	0.00635	0.00189	0.03273	0.00866	0.00379	0.00670
14	0.09315	0.16894	0.03588	0.05140	0.19028	0.10531	0.01136	0.02963	0.02352	0.02988	0.03168	0.01299	0.00968	0.00541	0.00482	0.00145	0.00631	0.00421	0.00324	0.18086
15	0.00965	0.00599	0.00769	0.00817	0.00894	0.00574	0.00577	0.01073	0.01111	0.07931	0.02625	0.32645	0.02941	0.28703	0.01511	0.00351	0.00467	0.14471	0.00490	0.00488
16	0.00889	0.00559	0.00747	0.00819	0.00903	0.00515	0.00568	0.01022	0.01229	0.08114	0.12272	0.63005	0.03844	0.01646	0.00721	0.00225	0.00343	0.01484	0.00568	0.00527
17	0.13741	0.04556	0.11277	0.02623	0.06253	0.07019	0.01107	0.09305	0.18648	0.09537	0.06949	0.01851	0.01483	0.00709	0.00548	0.00182	0.00591	0.02337	0.00466	0.00816
18	0.04819	0.12247	0.12544	0.08559	0.22471	0.03948	0.01376	0.06655	0.07393	0.01896	0.01310	0.06144	0.01130	0.00914	0.05949	0.00229	0.00732	0.00552	0.00339	0.00793
19	0.00926	0.00703	0.01019	0.05933	0.06203	0.00787	0.00776	0.01132	0.01036	0.01505	0.06758	0.02510	0.01739	0.14368	0.41763	0.00637	0.03487	0.00662	0.07521	0.00537
20	0.01723	0.01486	0.07886	0.01674	0.13595	0.01374	0.06899	0.26987	0.06984	0.08989	0.01426	0.01609	0.01086	0.04676	0.00691	0.00188	0.00638	0.00537	0.00456	0.11096
21	0.01144	0.07802	0.05657	0.00925	0.02968	0.03216	0.00720	0.01355	0.02910	0.06641	0.10650	0.05844	0.04661	0.28018	0.01398	0.00307	0.00524	0.05259	0.03621	0.06381

[dist]
# distance from previous block
# <min> <max>
0	36

[block]
# block no. 8 follows, 40 sequences, length 19
# corresponding to MSA columns:
# 1185-1203
name=unknown_I
#
# <colnr> <probs for GDERKNQSTAVLIFYWHMCP>
#	G	D	E	R	K	N	Q	S	T	A	V	L	I	F	Y	W	H	M	C	P
0	0.14582	0.14605	0.17185	0.01148	0.01649	0.05600	0.01126	0.04861	0.05315	0.20897	0.02925	0.01463	0.01085	0.00708	0.02381	0.00187	0.00639	0.00460	0.00431	0.02752
1	0.10988	0.03365	0.09973	0.01661	0.10730	0.17736	0.10175	0.02061	0.01396	0.16514	0.02789	0.02550	0.01059	0.00638	0.00620	0.00178	0.04723	0.00511	0.01546	0.00787
2	0.01105	0.00684	0.00891	0.00788	0.00997	0.00608	0.00604	0.01365	0.01594	0.12800	0.56600	0.06281	0.04475	0.01081	0.00652	0.00176	0.00321	0.00947	0.00624	0.07407
3	0.01376	0.24972	0.16903	0.01542	0.10072	0.04241	0.01341	0.01704	0.02918	0.03004	0.07103	0.01461	0.01195	0.00704	0.00831	0.00181	0.18916	0.00480	0.00304	0.00752
4	0.00947	0.00613	0.00810	0.00810	0.00947	0.00560	0.00597	0.01151	0.01414	0.08057	0.35582	0.32400	0.04253	0.01386	0.00697	0.00204	0.00336	0.05208	0.00593	0.03438
5	0.11941	0.04575	0.13505	0.07851	0.12299	0.01191	0.04324	0.04356	0.01423	0.24502	0.07147	0.01724	0.01345	0.00648	0.00554	0.00179	0.00611	0.00539	0.00453	0.00834
6	0.05082	0.06644	0.13469	0.06007	0.01910	0.01311	0.08110	0.03673	0.16924	0.17200	0.04128	0.02829	0.01338	0.00753	0.01822	0.00198	0.05055	0.00573	0.00454	0.02519
7	0.00790	0.00593	0.00732	0.00697	0.00849	0.00535	0.00523	0.01034	0.01568	0.02147	0.58698	0.04648	0.22533	0.01258	0.00686	0.00186	0.00279	0.01094	0.00616	0.00535
8	0.04873	0.01393	0.02555	0.01861	0.02387	0.01325	0.42232	0.10084	0.01592	0.23381	0.01507	0.01644	0.01044	0.00581	0.00634	0.00188	0.00784	0.00626	0.00450	0.00860
9	0.01562	0.04010	0.08085	0.01863	0.13432	0.01473	0.11639	0.01924	0.05345	0.15036	0.01261	0.01502	0.00980	0.00744	0.01056	0.00207	0.28167	0.00545	0.00366	0.00803
10	0.01227	0.00853	0.01202	0.27197	0.02032	0.00948	0.00958	0.03950	0.05334	0.10334	0.01715	0.05860	0.01558	0.20540	0.06841	0.00339	0.00672	0.03101	0.04726	0.00614
11	0.00729	0.00571	0.00644	0.00664	0.00800	0.00503	0.00474	0.00877	0.01300	0.01653	0.17403	0.20421	0.42442	0.07803	0.00882	0.00232	0.00322	0.01253	0.00543	0.00486
12	0.00844	0.00570	0.00664	0.00662	0.00675	0.00577	0.00390	0.00870	0.00880	0.01186	0.04293	0.03698	0.02173	0.70734	0.09000	0.00581	0.00636	0.00834	0.00359	0.00373
13	0.13991	0.11971	0.30955	0.01335	0.01931	0.04374	0.04579	0.05380	0.05881	0.12503	0.01253	0.01327	0.00903	0.00588	0.00514	0.00175	0.00694	0.00447	0.00371	0.00828
14	0.00806	0.00578	0.00692	0.00729	0.00863	0.00513	0.00528	0.00959	0.01300	0.04931	0.13707	0.33899	0.33008	0.01543	0.00708	0.00212	0.00325	0.03626	0.00561	0.00515
15	0.19375	0.01018	0.01247	0.00979	0.01410	0.00948	0.00808	0.02601	0.01525	0.61089	0.01987	0.01765	0.01272	0.00683	0.00538	0.00180	0.00486	0.00529	0.00645	0.00915
16	0.02160	0.01448	0.01851	0.01578	0.09139	0.01510	0.07100	0.44078	0.02230	0.20560	0.01561	0.01553	0.01080	0.00668	0.00590	0.00177	0.00639	0.00551	0.00562	0.00966
17	0.08580	0.28655	0.01951	0.01050	0.01502	0.05747	0.00921	0.08082	0.01528	0.34334	0.01509	0.01434	0.01059	0.00620	0.00490	0.00158	0.00578	0.00451	0.00493	0.00859
18	0.04609	0.15390	0.27541	0.01329	0.01932	0.04381	0.05405	0.06416	0.04110	0.10435	0.01209	0.01307	0.00895	0.00561	0.00511	0.00159	0.00688	0.00437	0.00357	0.12329

[dist]
# distance from previous block
# <min> <max>
0	1

[block]
# block no. 9 follows, 40 sequences, length 15
# corresponding to MSA columns:
# 1224-1238
name=unknown_J
#
# <colnr> <probs for GDERKNQSTAVLIFYWHMCP>
#	G	D	E	R	K	N	Q	S	T	A	V	L	I	F	Y	W	H	M	C	P
0	0.06849	0.25451	0.18539	0.01249	0.01798	0.01538	0.05637	0.04113	0.06810	0.20594	0.01388	0.01405	0.01002	0.00595	0.00506	0.00166	0.00642	0.00461	0.00411	0.00847
1	0.01399	0.01199	0.01274	0.01149	0.01463	0.01378	0.00892	0.02938	0.69309	0.02425	0.07945	0.02335	0.02058	0.00819	0.00599	0.00196	0.00446	0.00687	0.00595	0.00892
2	0.01429	0.03769	0.01523	0.19150	0.08512	0.03982	0.03433	0.07133	0.01414	0.13334	0.03262	0.12957	0.07841	0.00860	0.00622	0.00183	0.02047	0.00739	0.00437	0.07376
3	0.01453	0.38734	0.31481	0.01369	0.02001	0.05323	0.05348	0.05110	0.01302	0.01686	0.00950	0.01108	0.00761	0.00532	0.00476	0.00155	0.00754	0.00390	0.00267	0.00800
4	0.05161	0.01261	0.05149	0.42413	0.09953	0.01326	0.01431	0.06362	0.06972	0.04806	0.01343	0.01699	0.01029	0.00666	0.00598	0.00200	0.00705	0.00543	0.04157	0.04222
5	0.01637	0.01865	0.01573	0.06067	0.01766	0.39420	0.06550	0.04556	0.01407	0.01511	0.01207	0.04719	0.01114	0.08160	0.11485	0.00311	0.05151	0.00548	0.00321	0.00633
6	0.01098	0.01034	0.01744	0.78165	0.04005	0.01292	0.01615	0.01486	0.01163	0.01486	0.01034	0.01550	0.00775	0.00581	0.00581	0.00194	0.00775	0.00517	0.00258	0.00646
7	0.03807	0.07611	0.05313	0.07769	0.19153	0.13419	0.01282	0.19820	0.03228	0.06304	0.05746	0.01537	0.01195	0.00639	0.00555	0.00170	0.00697	0.00511	0.00409	0.00835
8	0.06980	0.01049	0.01435	0.01406	0.09974	0.01050	0.06913	0.10290	0.07374	0.11753	0.05070	0.08882	0.07861	0.00976	0.00634	0.00199	0.00537	0.13213	0.00507	0.03897
9	0.00716	0.00519	0.00678	0.00803	0.00853	0.00481	0.00547	0.00827	0.01138	0.01501	0.03409	0.70708	0.09409	0.01787	0.00740	0.00234	0.00342	0.04293	0.00540	0.00476
10	0.00831	0.00623	0.00935	0.00935	0.01038	0.00727	0.00727	0.01038	0.00935	0.01350	0.01558	0.02285	0.01454	0.04361	0.77259	0.00935	0.01558	0.00623	0.00312	0.00519
11	0.01688	0.36498	0.11032	0.01283	0.04693	0.04662	0.01170	0.14972	0.10973	0.06004	0.01236	0.01290	0.00965	0.00594	0.00485	0.00156	0.00644	0.00433	0.00381	0.00843
12	0.01034	0.00700	0.00873	0.00907	0.01070	0.00683	0.00703	0.01391	0.10296	0.08601	0.05839	0.29705	0.14619	0.01462	0.00715	0.00226	0.00409	0.19605	0.00565	0.00597
13	0.01069	0.00991	0.01407	0.01241	0.01363	0.04582	0.06574	0.01278	0.01054	0.01501	0.08210	0.02055	0.01544	0.02563	0.37455	0.00562	0.25021	0.00622	0.00323	0.00586
14	0.03562	0.01384	0.02075	0.09301	0.47396	0.01452	0.01541	0.17342	0.04349	0.04149	0.01224	0.01469	0.00961	0.00578	0.00573	0.00176	0.00668	0.00521	0.00372	0.00907
