[name]
unknown

[dist]
# distance from previous block
# <min> <max>
4	504

[block]
# block no. 0 follows, 34 sequences, length 11
# corresponding to MSA columns:
# 1279-1289
name=unknown_A
#
# <colnr> <probs for GDERKNQSTAVLIFYWHMCP>
#	G	D	E	R	K	N	Q	S	T	A	V	L	I	F	Y	W	H	M	C	P
0	0.07125	0.11289	0.03744	0.01337	0.03631	0.08344	0.02336	0.15677	0.06417	0.09307	0.04002	0.04377	0.03079	0.03197	0.05327	0.00257	0.03234	0.02578	0.00493	0.04248
1	0.06010	0.13902	0.12024	0.09256	0.03607	0.10264	0.05571	0.07839	0.06344	0.04497	0.01477	0.01634	0.03744	0.00668	0.00576	0.00178	0.00762	0.00526	0.00394	0.10730
2	0.04299	0.22464	0.07190	0.01296	0.01776	0.10016	0.05067	0.06828	0.08599	0.06995	0.04186	0.01852	0.03269	0.04876	0.00709	0.00196	0.00706	0.00556	0.00430	0.08690
3	0.06223	0.19317	0.18127	0.01408	0.01986	0.06091	0.07573	0.04101	0.01512	0.07460	0.07937	0.01834	0.01479	0.00696	0.00577	0.00177	0.00731	0.02304	0.00402	0.10064
4	0.08923	0.18481	0.01928	0.01202	0.01624	0.05895	0.05110	0.11878	0.04330	0.06117	0.05345	0.07959	0.01626	0.05466	0.00736	0.00203	0.00636	0.00648	0.00461	0.11433
5	0.13535	0.06371	0.13822	0.07631	0.01963	0.08318	0.01226	0.07293	0.03934	0.06858	0.04393	0.02188	0.05782	0.00794	0.00590	0.00192	0.00683	0.04251	0.02656	0.07521
6	0.11239	0.01440	0.04487	0.16595	0.30510	0.03422	0.07337	0.01834	0.01410	0.02113	0.05623	0.04222	0.01352	0.00682	0.00624	0.00197	0.00740	0.00623	0.00359	0.05191
7	0.14268	0.01440	0.08776	0.08257	0.01958	0.01340	0.01186	0.12146	0.05791	0.22569	0.01857	0.03986	0.01440	0.03037	0.00782	0.00226	0.04712	0.04782	0.00550	0.00897
8	0.01794	0.37990	0.14654	0.01483	0.02038	0.13626	0.05694	0.07810	0.01541	0.01866	0.01034	0.01220	0.00861	0.00633	0.00617	0.00172	0.05355	0.00437	0.00319	0.00855
9	0.01050	0.00702	0.00897	0.00957	0.01067	0.00677	0.00672	0.06898	0.01457	0.05844	0.07641	0.62042	0.03976	0.01810	0.00796	0.00250	0.00408	0.01626	0.00622	0.00609
10	0.05030	0.06373	0.12936	0.01482	0.02055	0.01650	0.05561	0.29044	0.07902	0.18890	0.01726	0.01701	0.01202	0.00731	0.00628	0.00197	0.00710	0.00582	0.00574	0.01027

[dist]
# distance from previous block
# <min> <max>
0	4

[block]
# block no. 1 follows, 34 sequences, length 19
# corresponding to MSA columns:
# 1294-1312
name=unknown_B
#
# <colnr> <probs for GDERKNQSTAVLIFYWHMCP>
#	G	D	E	R	K	N	Q	S	T	A	V	L	I	F	Y	W	H	M	C	P
0	0.12151	0.00751	0.00931	0.01114	0.06589	0.00745	0.00725	0.01157	0.01298	0.01933	0.07589	0.48842	0.08713	0.01634	0.00745	0.00242	0.00421	0.03267	0.00557	0.00597
1	0.12546	0.23468	0.06435	0.01156	0.01560	0.04346	0.06359	0.01676	0.01479	0.02108	0.20308	0.02836	0.08045	0.00916	0.00601	0.00190	0.00596	0.04193	0.00455	0.00727
2	0.70801	0.01328	0.01087	0.00938	0.01355	0.01527	0.00773	0.11536	0.01370	0.03062	0.00990	0.01119	0.00755	0.00624	0.00434	0.00199	0.00529	0.00382	0.00434	0.00755
3	0.01430	0.01361	0.01400	0.03239	0.05247	0.11414	0.02771	0.02310	0.31293	0.02124	0.02717	0.23793	0.05811	0.01185	0.00702	0.00223	0.00591	0.01025	0.00558	0.00807
4	0.12412	0.00697	0.00671	0.00653	0.00838	0.00721	0.00498	0.01538	0.01356	0.02491	0.07423	0.02407	0.01867	0.00775	0.00468	0.00162	0.00329	0.00611	0.63466	0.00616
5	0.01330	0.01142	0.07001	0.01387	0.07839	0.00927	0.05456	0.01714	0.04040	0.10361	0.23628	0.07334	0.09016	0.01088	0.00708	0.00204	0.00529	0.06539	0.00567	0.09189
6	0.01758	0.29317	0.04084	0.01257	0.01641	0.01844	0.01113	0.05513	0.11550	0.11953	0.01512	0.01717	0.01230	0.03675	0.06688	0.00273	0.13042	0.00541	0.00433	0.00857
7	0.01141	0.00863	0.01158	0.01310	0.04034	0.00893	0.01073	0.01654	0.11318	0.02047	0.03230	0.06400	0.03376	0.01614	0.00850	0.00283	0.00590	0.56904	0.00594	0.00670
8	0.01379	0.00770	0.00788	0.00725	0.00927	0.00797	0.00560	0.11197	0.01589	0.02640	0.02030	0.02289	0.01579	0.00756	0.00479	0.00157	0.00358	0.00599	0.69708	0.00671
9	0.01820	0.01332	0.01497	0.01142	0.01609	0.01282	0.00907	0.28889	0.01982	0.07262	0.01518	0.01879	0.01247	0.11311	0.00946	0.00215	0.00595	0.00555	0.00514	0.33498
10	0.12699	0.17856	0.04215	0.01232	0.01725	0.01497	0.08154	0.03845	0.05502	0.04271	0.01571	0.04403	0.04779	0.00701	0.00589	0.00167	0.03106	0.00556	0.00405	0.22726
11	0.14987	0.06792	0.22721	0.01665	0.10805	0.01477	0.01473	0.08005	0.05119	0.12380	0.02808	0.01572	0.01128	0.00661	0.00573	0.00190	0.00698	0.00513	0.00440	0.05992
12	0.01296	0.03342	0.73944	0.01842	0.02797	0.01501	0.02387	0.02046	0.01364	0.02046	0.01160	0.01364	0.00818	0.00614	0.00614	0.00205	0.00955	0.00477	0.00273	0.00955
13	0.01039	0.00875	0.01349	0.36963	0.02672	0.00995	0.01221	0.01337	0.01314	0.01715	0.02525	0.25155	0.06771	0.01269	0.00733	0.00238	0.00632	0.09789	0.02777	0.00630
14	0.01322	0.05878	0.36513	0.06069	0.04660	0.01376	0.01675	0.07211	0.05977	0.02190	0.07797	0.07803	0.07045	0.00882	0.00652	0.00207	0.00739	0.00731	0.00414	0.00860
15	0.01107	0.01289	0.11545	0.23199	0.04905	0.01095	0.09247	0.01467	0.01323	0.01781	0.02187	0.30099	0.02295	0.01201	0.00734	0.00235	0.00701	0.04466	0.00423	0.00699
16	0.01325	0.01305	0.02094	0.38901	0.03202	0.01681	0.06751	0.01641	0.01181	0.01641	0.01033	0.01593	0.00865	0.00844	0.01281	0.00244	0.32822	0.00584	0.00288	0.00724
17	0.01136	0.09998	0.16764	0.01030	0.01437	0.01007	0.01017	0.01441	0.01458	0.06366	0.09321	0.11712	0.32370	0.01258	0.00691	0.00209	0.00521	0.01048	0.00514	0.00703
18	0.08435	0.01362	0.01959	0.42262	0.14917	0.06081	0.03875	0.01844	0.01368	0.04100	0.01177	0.01594	0.00906	0.00620	0.00611	0.00197	0.00802	0.00539	0.00330	0.07020

[dist]
# distance from previous block
# <min> <max>
0	1

[block]
# block no. 2 follows, 34 sequences, length 10
# corresponding to MSA columns:
# 1314-1323
name=unknown_C
#
# <colnr> <probs for GDERKNQSTAVLIFYWHMCP>
#	G	D	E	R	K	N	Q	S	T	A	V	L	I	F	Y	W	H	M	C	P
0	0.24225	0.32300	0.02211	0.01168	0.01639	0.10268	0.01024	0.13027	0.04973	0.02372	0.01096	0.01202	0.00891	0.00629	0.00478	0.00171	0.00686	0.00411	0.00394	0.00836
1	0.01560	0.48827	0.30773	0.01391	0.02100	0.02147	0.01603	0.01978	0.01333	0.01724	0.01000	0.01164	0.00825	0.00577	0.00492	0.00164	0.00793	0.00397	0.00275	0.00878
2	0.00784	0.00613	0.00711	0.00776	0.00908	0.00540	0.00548	0.00933	0.01387	0.01753	0.09241	0.38209	0.37715	0.01793	0.00791	0.00237	0.00348	0.01567	0.00607	0.00540
3	0.01859	0.01637	0.02548	0.02223	0.13645	0.01706	0.22936	0.29737	0.02121	0.02895	0.06876	0.01863	0.01422	0.00733	0.00766	0.00206	0.04705	0.00681	0.00482	0.00958
4	0.03257	0.00859	0.01225	0.06810	0.01531	0.00842	0.06121	0.01561	0.06190	0.10203	0.16284	0.29243	0.10515	0.01381	0.00746	0.00228	0.00481	0.01237	0.00597	0.00687
5	0.00868	0.00602	0.00754	0.00843	0.00874	0.00582	0.00550	0.00949	0.01137	0.01512	0.02937	0.42335	0.03457	0.32286	0.01821	0.00412	0.00493	0.06596	0.00516	0.00477
6	0.01296	0.03342	0.73944	0.01842	0.02797	0.01501	0.02387	0.02046	0.01364	0.02046	0.01160	0.01364	0.00818	0.00614	0.00614	0.00205	0.00955	0.00477	0.00273	0.00955
7	0.01363	0.01277	0.02091	0.14329	0.34594	0.01315	0.06876	0.01837	0.06692	0.02045	0.05517	0.02789	0.10144	0.00853	0.00690	0.00211	0.00701	0.05410	0.00411	0.00857
8	0.12131	0.03073	0.04928	0.00964	0.01386	0.02855	0.00815	0.04913	0.07896	0.02386	0.01714	0.01860	0.04017	0.00673	0.00504	0.00152	0.00490	0.00518	0.20764	0.27959
9	0.01486	0.12423	0.03543	0.01358	0.05090	0.03316	0.03436	0.13893	0.01564	0.02100	0.07052	0.06021	0.01885	0.16982	0.03928	0.00321	0.10015	0.02483	0.00434	0.02671

[dist]
# distance from previous block
# <min> <max>
0	20

[block]
# block no. 3 follows, 34 sequences, length 44
# corresponding to MSA columns:
# 1344-1379,1381-1388
name=unknown_D
#
# <colnr> <probs for GDERKNQSTAVLIFYWHMCP>
#	G	D	E	R	K	N	Q	S	T	A	V	L	I	F	Y	W	H	M	C	P
0	0.01859	0.45716	0.15956	0.01304	0.01894	0.07676	0.01338	0.02167	0.01430	0.11782	0.01185	0.01279	0.00936	0.00621	0.00537	0.00165	0.02498	0.00423	0.00354	0.00881
1	0.01215	0.00951	0.01108	0.02598	0.01334	0.01030	0.00827	0.05520	0.25329	0.02114	0.02859	0.27143	0.02917	0.12105	0.01110	0.00299	0.00512	0.09727	0.00586	0.00718
2	0.01281	0.00735	0.00863	0.00790	0.01036	0.00651	0.00613	0.01516	0.01602	0.15826	0.19039	0.04595	0.32231	0.01277	0.00697	0.00203	0.00369	0.02936	0.13065	0.00675
3	0.00852	0.00658	0.00777	0.00748	0.00927	0.00583	0.00561	0.01099	0.01682	0.02242	0.45542	0.05401	0.33693	0.01451	0.00763	0.00209	0.00314	0.01249	0.00665	0.00583
4	0.01570	0.01506	0.02571	0.09429	0.68025	0.01528	0.01969	0.01958	0.01458	0.02076	0.01210	0.01609	0.01011	0.00581	0.00640	0.00194	0.00775	0.00576	0.00317	0.01000
5	0.01274	0.01203	0.02035	0.65541	0.14228	0.01450	0.01821	0.01698	0.01317	0.01716	0.01158	0.01705	0.00884	0.00636	0.00645	0.00212	0.00848	0.00574	0.00292	0.00761
6	0.01013	0.00753	0.00922	0.00878	0.00884	0.00847	0.00574	0.01047	0.00953	0.01313	0.01834	0.03697	0.02075	0.61467	0.06986	0.00595	0.12471	0.00868	0.00372	0.00451
7	0.01440	0.01550	0.03164	0.24569	0.09015	0.01567	0.45078	0.01938	0.01452	0.01948	0.01253	0.01726	0.00948	0.00577	0.00718	0.00215	0.00997	0.00692	0.00314	0.00837
8	0.01220	0.01148	0.01938	0.75739	0.04450	0.01436	0.01794	0.01651	0.01292	0.01651	0.01148	0.01723	0.00861	0.00646	0.00646	0.00215	0.00861	0.00574	0.00287	0.00718
9	0.02590	0.01595	0.01806	0.01385	0.01897	0.01685	0.01144	0.50579	0.02679	0.25108	0.01853	0.01747	0.01250	0.00783	0.00647	0.00196	0.00662	0.00602	0.00693	0.01099
10	0.02746	0.01345	0.01651	0.01266	0.01772	0.01314	0.01046	0.26644	0.02260	0.49634	0.02204	0.01975	0.01426	0.00791	0.00649	0.00198	0.00606	0.00626	0.00747	0.01099
11	0.02899	0.01100	0.01499	0.01150	0.01649	0.00950	0.00950	0.03149	0.01849	0.73709	0.02549	0.02199	0.01599	0.00800	0.00650	0.00200	0.00550	0.00650	0.00800	0.01100
12	0.20507	0.47113	0.02529	0.01073	0.01583	0.02092	0.01002	0.06125	0.01423	0.09870	0.01117	0.01197	0.00899	0.00604	0.00450	0.00163	0.00632	0.00394	0.00384	0.00844
13	0.01287	0.01215	0.01512	0.01390	0.01462	0.06956	0.01126	0.01461	0.01137	0.01578	0.01551	0.02795	0.01588	0.08671	0.17163	0.00465	0.36362	0.11284	0.00358	0.00638
14	0.01556	0.13356	0.02592	0.03267	0.56573	0.01619	0.01732	0.01895	0.01447	0.01991	0.01572	0.01863	0.06471	0.00653	0.00614	0.00186	0.00722	0.00600	0.00334	0.00957
15	0.00784	0.00577	0.00735	0.00861	0.00927	0.00528	0.00583	0.00904	0.01274	0.01664	0.04027	0.65840	0.15003	0.01964	0.00815	0.00256	0.00367	0.01763	0.00600	0.00528
16	0.01868	0.62962	0.03100	0.01187	0.01725	0.05250	0.01130	0.12759	0.01602	0.01921	0.01004	0.01122	0.00871	0.00592	0.00457	0.00148	0.00712	0.00385	0.00336	0.00868
17	0.00912	0.00786	0.00991	0.01207	0.12189	0.00705	0.00745	0.01121	0.01492	0.01885	0.12503	0.10727	0.49460	0.01467	0.00749	0.00216	0.00397	0.01256	0.00568	0.00625
18	0.01370	0.01166	0.01356	0.00971	0.01544	0.00892	0.00778	0.03503	0.01386	0.02159	0.01159	0.01346	0.00961	0.00487	0.00483	0.00098	0.00485	0.00388	0.00390	0.79078
19	0.01617	0.06782	0.41437	0.01627	0.02346	0.01634	0.03545	0.20429	0.03736	0.02516	0.01361	0.01652	0.01046	0.06495	0.00820	0.00231	0.00841	0.00547	0.00394	0.00943
20	0.01103	0.01851	0.32540	0.07066	0.02090	0.01062	0.04167	0.01490	0.01265	0.01781	0.01997	0.27769	0.02064	0.01277	0.00898	0.08788	0.00709	0.00978	0.00391	0.00713
21	0.00833	0.00643	0.00761	0.00762	0.00923	0.00570	0.00560	0.01051	0.01592	0.02101	0.35151	0.16639	0.32967	0.01559	0.00772	0.00219	0.00325	0.01352	0.00649	0.00570
22	0.01220	0.01148	0.01938	0.75739	0.04450	0.01436	0.01794	0.01651	0.01292	0.01651	0.01148	0.01723	0.00861	0.00646	0.00646	0.00215	0.00861	0.00574	0.00287	0.00718
23	0.01382	0.01186	0.01359	0.01013	0.01554	0.00978	0.00806	0.01909	0.12386	0.02199	0.01380	0.01507	0.01116	0.00541	0.00506	0.00115	0.00484	0.00437	0.00426	0.68718
24	0.01267	0.01072	0.01263	0.00950	0.01453	0.00817	0.00744	0.01532	0.01326	0.02046	0.01464	0.11231	0.01391	0.00681	0.00524	0.00118	0.00465	0.00573	0.00411	0.70672
25	0.39181	0.12180	0.03236	0.01197	0.06809	0.01441	0.00911	0.03270	0.01233	0.02324	0.01378	0.12997	0.01342	0.00873	0.00608	0.02546	0.02503	0.00620	0.00402	0.04947
26	0.00941	0.00645	0.00852	0.00811	0.00942	0.00600	0.00597	0.01149	0.01661	0.02328	0.59098	0.04434	0.07954	0.01478	0.01037	0.12849	0.00346	0.01081	0.00640	0.00556
27	0.00787	0.00562	0.00750	0.00900	0.00937	0.00525	0.00600	0.00900	0.01237	0.01649	0.03561	0.76871	0.04274	0.02024	0.00825	0.00262	0.00375	0.01837	0.00600	0.00525
28	0.01511	0.01961	0.28800	0.36456	0.03394	0.01384	0.01884	0.02033	0.01406	0.13049	0.01371	0.01663	0.00961	0.00658	0.00635	0.00209	0.00848	0.00550	0.00362	0.00866
29	0.01323	0.01193	0.03848	0.50250	0.07533	0.01358	0.01594	0.04808	0.01347	0.03419	0.01315	0.03776	0.01090	0.00887	0.00893	0.07662	0.04052	0.02599	0.00333	0.00719
30	0.01508	0.01284	0.01375	0.01243	0.01578	0.01464	0.00963	0.03116	0.62006	0.02687	0.12722	0.02758	0.02565	0.00940	0.00672	0.00217	0.00482	0.00793	0.00665	0.00963
31	0.01263	0.01130	0.02088	0.01627	0.01991	0.01078	0.30930	0.01697	0.03550	0.02206	0.13032	0.09523	0.02409	0.00923	0.00696	0.00207	0.00669	0.04321	0.19934	0.00724
32	0.10278	0.12915	0.01441	0.01038	0.01320	0.01197	0.00820	0.10915	0.01556	0.11480	0.02453	0.36891	0.02570	0.01312	0.00668	0.00219	0.00506	0.01118	0.00560	0.00744
33	0.01017	0.00819	0.01171	0.01118	0.01196	0.01003	0.00866	0.01201	0.01016	0.01478	0.01606	0.02551	0.01569	0.13748	0.51656	0.00842	0.15526	0.00701	0.00340	0.00577
34	0.00780	0.00590	0.00721	0.00826	0.00918	0.00531	0.00567	0.00908	0.01308	0.01678	0.04464	0.55494	0.25067	0.01907	0.00806	0.00249	0.00360	0.01694	0.00600	0.00531
35	0.01236	0.02924	0.62535	0.01681	0.02511	0.01361	0.02110	0.01917	0.01437	0.02131	0.12363	0.01905	0.01643	0.00724	0.00637	0.00204	0.00853	0.00585	0.00341	0.00901
36	0.01366	0.02176	0.29549	0.02118	0.02798	0.01444	0.32578	0.01982	0.03275	0.02056	0.01616	0.02484	0.01373	0.00773	0.00725	0.00225	0.00947	0.11295	0.00357	0.00863
37	0.01822	0.01698	0.07163	0.01304	0.01571	0.22740	0.01066	0.01921	0.01372	0.13509	0.01353	0.01720	0.01109	0.01526	0.07337	0.23959	0.07234	0.00538	0.00388	0.00669
38	0.00886	0.00648	0.00720	0.00702	0.00887	0.00577	0.00527	0.01120	0.01580	0.02147	0.29210	0.05134	0.38318	0.01387	0.00714	0.00202	0.00315	0.01176	0.13173	0.00577
39	0.00998	0.00723	0.00980	0.01085	0.01240	0.00706	0.00927	0.01285	0.01539	0.02020	0.14539	0.06812	0.10022	0.01700	0.00861	0.00276	0.00527	0.52552	0.00614	0.00593
40	0.01612	0.49818	0.26940	0.01367	0.02053	0.02181	0.01539	0.04695	0.01398	0.01797	0.01011	0.01166	0.00836	0.00582	0.00490	0.00163	0.00780	0.00399	0.00290	0.00882
41	0.01172	0.01059	0.01739	0.42184	0.16093	0.01205	0.01503	0.01507	0.01310	0.01735	0.01819	0.22196	0.01822	0.01009	0.00694	0.00224	0.00711	0.00919	0.00378	0.00721
42	0.14145	0.49867	0.18080	0.01223	0.01838	0.02158	0.01316	0.01953	0.01291	0.01848	0.00954	0.01109	0.00807	0.00573	0.00455	0.00162	0.00718	0.00374	0.00295	0.00836
43	0.01290	0.01374	0.06957	0.34536	0.10158	0.01310	0.11724	0.01709	0.01372	0.01882	0.03257	0.04781	0.02995	0.00693	0.00647	0.00196	0.00785	0.00650	0.00341	0.13343

[dist]
# distance from previous block
# <min> <max>
0	1

[block]
# block no. 4 follows, 34 sequences, length 8
# corresponding to MSA columns:
# 1390-1397
name=unknown_E
#
# <colnr> <probs for GDERKNQSTAVLIFYWHMCP>
#	G	D	E	R	K	N	Q	S	T	A	V	L	I	F	Y	W	H	M	C	P
0	0.11462	0.01166	0.02002	0.04488	0.03932	0.01151	0.26052	0.01711	0.01367	0.05762	0.01983	0.14039	0.03919	0.03925	0.03722	0.00261	0.00739	0.00867	0.10723	0.00730
1	0.81856	0.01250	0.00950	0.00850	0.01250	0.01449	0.00700	0.01899	0.01100	0.02899	0.00900	0.01050	0.00700	0.00600	0.00400	0.00200	0.00500	0.00350	0.00400	0.00700
2	0.10722	0.01034	0.04820	0.00934	0.01266	0.00869	0.00759	0.04515	0.01457	0.04483	0.14184	0.14726	0.10886	0.06364	0.00820	0.00217	0.00466	0.00917	0.00519	0.20042
3	0.01727	0.77681	0.03386	0.01106	0.01658	0.02557	0.01106	0.01935	0.01313	0.01520	0.00898	0.01036	0.00829	0.00553	0.00415	0.00138	0.00691	0.00345	0.00276	0.00829
4	0.01601	0.13687	0.01850	0.03250	0.04876	0.04119	0.02847	0.03964	0.01455	0.08126	0.03848	0.01602	0.01211	0.02650	0.00652	0.00152	0.03145	0.00480	0.00409	0.40074
5	0.09021	0.01158	0.01842	0.68494	0.04141	0.01437	0.01689	0.01675	0.01273	0.01772	0.01124	0.01658	0.00846	0.00642	0.00622	0.00214	0.00826	0.00553	0.00298	0.00716
6	0.00968	0.00664	0.00772	0.00782	0.00841	0.00667	0.00499	0.01108	0.05384	0.01483	0.02617	0.13126	0.09241	0.43890	0.05316	0.07010	0.00586	0.01027	0.03551	0.00468
7	0.01811	0.05298	0.05241	0.01649	0.04505	0.22471	0.12304	0.07045	0.01737	0.06492	0.13077	0.01997	0.01809	0.00760	0.00694	0.00184	0.03651	0.00630	0.00443	0.08202

[dist]
# distance from previous block
# <min> <max>
1	25

[block]
# block no. 5 follows, 34 sequences, length 29
# corresponding to MSA columns:
# 1423-1428,1436-1458
name=unknown_F
#
# <colnr> <probs for GDERKNQSTAVLIFYWHMCP>
#	G	D	E	R	K	N	Q	S	T	A	V	L	I	F	Y	W	H	M	C	P
0	0.01307	0.01259	0.11587	0.01109	0.01463	0.00997	0.00991	0.02006	0.17769	0.08857	0.33851	0.06680	0.05430	0.01090	0.00703	0.00207	0.00475	0.00938	0.00629	0.02651
1	0.01335	0.01415	0.10173	0.01065	0.01685	0.00939	0.00963	0.01678	0.01343	0.02098	0.01150	0.01343	0.00940	0.00495	0.00495	0.00109	0.00536	0.00394	0.00369	0.71474
2	0.03307	0.24108	0.18921	0.01335	0.01919	0.04799	0.01335	0.02372	0.21410	0.02086	0.01486	0.01547	0.01165	0.00655	0.00545	0.00174	0.00690	0.00493	0.00402	0.11251
3	0.01502	0.01410	0.10151	0.01160	0.01627	0.01115	0.01027	0.16738	0.01721	0.05071	0.03414	0.10561	0.05194	0.05298	0.00777	0.00201	0.00581	0.03837	0.00494	0.28122
4	0.00868	0.00703	0.00883	0.00933	0.01028	0.00718	0.00685	0.01009	0.01293	0.01681	0.04168	0.42123	0.25560	0.01782	0.00966	0.00253	0.09584	0.04645	0.00561	0.00557
5	0.01587	0.53500	0.26337	0.01345	0.02029	0.02213	0.01522	0.01971	0.01330	0.01691	0.00983	0.01143	0.00826	0.00573	0.00479	0.00160	0.00777	0.00388	0.00275	0.00870
6	0.00838	0.00608	0.00790	0.00850	0.00945	0.00561	0.00597	0.01031	0.01492	0.02038	0.31949	0.43367	0.09102	0.01715	0.00796	0.00236	0.00344	0.01537	0.00645	0.00561
7	0.00923	0.00692	0.01038	0.01038	0.01154	0.00808	0.00808	0.01154	0.01038	0.01500	0.01731	0.02538	0.01615	0.04846	0.74732	0.01038	0.01731	0.00692	0.00346	0.00577
8	0.01907	0.02309	0.02197	0.01824	0.02202	0.42687	0.20236	0.02169	0.01658	0.01729	0.01582	0.11558	0.03373	0.00841	0.00669	0.00195	0.01015	0.00727	0.00374	0.00747
9	0.00940	0.00626	0.00705	0.00705	0.00705	0.00626	0.00392	0.00940	0.00940	0.01253	0.02036	0.04228	0.02349	0.77292	0.03289	0.00626	0.00626	0.00940	0.00392	0.00392
10	0.00951	0.00636	0.00704	0.00707	0.00862	0.00588	0.00520	0.01171	0.01450	0.02068	0.17603	0.08276	0.26487	0.07855	0.00896	0.00236	0.00353	0.03645	0.24428	0.00562
11	0.01098	0.00570	0.00823	0.00823	0.00823	0.00570	0.00539	0.00855	0.00855	0.01140	0.01244	0.02266	0.01286	0.12249	0.02627	0.70460	0.00570	0.00612	0.00295	0.00295
12	0.01813	0.68430	0.03193	0.01175	0.01700	0.11503	0.01123	0.02015	0.01377	0.01528	0.00911	0.01052	0.00830	0.00567	0.00435	0.00142	0.00750	0.00354	0.00283	0.00819
13	0.01220	0.01148	0.01938	0.75739	0.04450	0.01436	0.01794	0.01651	0.01292	0.01651	0.01148	0.01723	0.00861	0.00646	0.00646	0.00215	0.00861	0.00574	0.00287	0.00718
14	0.01389	0.00973	0.01073	0.00984	0.01181	0.01048	0.00697	0.02160	0.29700	0.08131	0.02323	0.03238	0.02101	0.36423	0.01872	0.00404	0.00559	0.00815	0.04212	0.00716
15	0.01220	0.01148	0.01938	0.75739	0.04450	0.01436	0.01794	0.01651	0.01292	0.01651	0.01148	0.01723	0.00861	0.00646	0.00646	0.00215	0.00861	0.00574	0.00287	0.00718
16	0.01106	0.00877	0.01411	0.01394	0.01610	0.00862	0.10355	0.01436	0.01492	0.01952	0.03139	0.06549	0.03354	0.01620	0.00875	0.00287	0.00661	0.59828	0.00559	0.00632
17	0.00786	0.00655	0.00686	0.00678	0.00887	0.00555	0.00509	0.00971	0.01526	0.01872	0.16513	0.06009	0.62953	0.01589	0.00763	0.00216	0.00324	0.01334	0.00617	0.00555
18	0.01271	0.01200	0.02029	0.66172	0.13623	0.01449	0.01820	0.01695	0.01316	0.01712	0.01157	0.01706	0.00883	0.00637	0.00645	0.00212	0.00849	0.00574	0.00291	0.00759
19	0.01944	0.01651	0.02367	0.03044	0.46261	0.07820	0.04301	0.10603	0.01745	0.11846	0.01419	0.01641	0.01091	0.00636	0.00642	0.00192	0.00778	0.00580	0.00425	0.01013
20	0.01727	0.77681	0.03386	0.01106	0.01658	0.02557	0.01106	0.01935	0.01313	0.01520	0.00898	0.01036	0.00829	0.00553	0.00415	0.00138	0.00691	0.00345	0.00276	0.00829
21	0.00915	0.00625	0.00748	0.00772	0.00802	0.00630	0.00479	0.00973	0.01025	0.01388	0.02380	0.15353	0.04764	0.52540	0.11449	0.00596	0.00704	0.01054	0.02360	0.00445
22	0.01435	0.01124	0.01097	0.00986	0.01261	0.09797	0.00758	0.03979	0.09096	0.11743	0.24534	0.04109	0.25106	0.01206	0.00711	0.00204	0.00483	0.01004	0.00635	0.00730
23	0.00835	0.00597	0.00800	0.00923	0.00990	0.00563	0.00655	0.00996	0.01346	0.01810	0.12790	0.58802	0.04449	0.01901	0.00825	0.00259	0.00392	0.09908	0.00614	0.00545
24	0.01564	0.01746	0.03735	0.02672	0.03320	0.01649	0.68018	0.04940	0.01588	0.02153	0.01317	0.01735	0.00985	0.00554	0.00758	0.00217	0.01074	0.00755	0.00340	0.00881
25	0.12079	0.02857	0.01724	0.01565	0.01907	0.65787	0.01182	0.02497	0.01742	0.01742	0.00987	0.01151	0.00816	0.00658	0.00560	0.00171	0.01084	0.00408	0.00341	0.00743
26	0.00925	0.00684	0.00994	0.00994	0.01094	0.00784	0.00752	0.01125	0.01025	0.01467	0.01771	0.02764	0.01713	0.14503	0.65208	0.00984	0.01584	0.00725	0.00352	0.00552
27	0.01306	0.01257	0.01542	0.36299	0.02803	0.10110	0.01284	0.01801	0.08537	0.02015	0.21672	0.02713	0.04268	0.00887	0.00675	0.00206	0.00693	0.00758	0.00457	0.00717
28	0.61362	0.01275	0.01220	0.01278	0.10883	0.01389	0.00879	0.01877	0.01178	0.02697	0.00972	0.01158	0.00774	0.00582	0.00441	0.00186	0.00533	0.00384	0.00387	0.10542

[dist]
# distance from previous block
# <min> <max>
0	2

[block]
# block no. 6 follows, 34 sequences, length 34
# corresponding to MSA columns:
# 1461-1489,1492-1496
name=unknown_G
#
# <colnr> <probs for GDERKNQSTAVLIFYWHMCP>
#	G	D	E	R	K	N	Q	S	T	A	V	L	I	F	Y	W	H	M	C	P
0	0.57753	0.03671	0.01089	0.00895	0.01271	0.01331	0.00734	0.04114	0.01342	0.08105	0.12650	0.01759	0.01653	0.00735	0.00485	0.00198	0.00485	0.00511	0.00484	0.00732
1	0.81856	0.01250	0.00950	0.00850	0.01250	0.01449	0.00700	0.01899	0.01100	0.02899	0.00900	0.01050	0.00700	0.00600	0.00400	0.00200	0.00500	0.00350	0.00400	0.00700
2	0.01317	0.01188	0.01853	0.41369	0.18525	0.03682	0.01578	0.01669	0.01362	0.03935	0.01653	0.13959	0.01548	0.00890	0.00678	0.00218	0.00756	0.02688	0.00370	0.00762
3	0.01283	0.01066	0.01049	0.00971	0.01148	0.10092	0.00743	0.01670	0.06874	0.02329	0.31403	0.03174	0.03357	0.01021	0.00757	0.00191	0.06981	0.00821	0.24405	0.00664
4	0.01771	0.29292	0.02472	0.01446	0.01755	0.07686	0.01259	0.12979	0.01501	0.01950	0.00991	0.01280	0.00880	0.00829	0.01147	0.00207	0.30916	0.00477	0.00343	0.00818
5	0.01845	0.01455	0.13066	0.01157	0.01741	0.00979	0.01081	0.02195	0.01550	0.26860	0.06082	0.01857	0.01475	0.00663	0.00577	0.00156	0.00569	0.00539	0.00529	0.35623
6	0.01530	0.00977	0.01242	0.13297	0.03601	0.00956	0.00924	0.08518	0.01686	0.18915	0.04088	0.03954	0.35386	0.01164	0.00703	0.00210	0.00517	0.00968	0.00593	0.00771
7	0.02459	0.01127	0.01438	0.01131	0.01567	0.01054	0.00923	0.13743	0.02018	0.48842	0.12976	0.02499	0.02199	0.00872	0.00658	0.00197	0.00529	0.00715	0.04049	0.01005
8	0.00881	0.00650	0.00834	0.00880	0.01013	0.00603	0.00669	0.01113	0.01556	0.02091	0.31432	0.23921	0.15966	0.01639	0.00803	0.00238	0.00381	0.14111	0.00643	0.00575
9	0.01396	0.35017	0.02407	0.30559	0.02650	0.01800	0.01298	0.01707	0.01388	0.01744	0.12604	0.01919	0.01691	0.00713	0.00562	0.00179	0.00696	0.00569	0.00351	0.00750
10	0.01283	0.00714	0.00848	0.00775	0.00996	0.00649	0.00595	0.01548	0.01624	0.13822	0.27641	0.04022	0.18360	0.01145	0.00657	0.00191	0.00348	0.00968	0.23140	0.00673
11	0.01488	0.01537	0.01968	0.01694	0.01719	0.07384	0.01401	0.01631	0.01052	0.01557	0.00859	0.01395	0.00847	0.01096	0.02006	0.00274	0.70539	0.00554	0.00286	0.00710
12	0.01296	0.03342	0.73944	0.01842	0.02797	0.01501	0.02387	0.02046	0.01364	0.02046	0.01160	0.01364	0.00818	0.00614	0.00614	0.00205	0.00955	0.00477	0.00273	0.00955
13	0.01220	0.01148	0.01938	0.75739	0.04450	0.01436	0.01794	0.01651	0.01292	0.01651	0.01148	0.01723	0.00861	0.00646	0.00646	0.00215	0.00861	0.00574	0.00287	0.00718
14	0.00827	0.00673	0.00743	0.00772	0.00973	0.00589	0.00609	0.01025	0.01491	0.01821	0.08784	0.06378	0.55840	0.01653	0.00790	0.00234	0.00381	0.15254	0.00604	0.00558
15	0.02694	0.01080	0.01451	0.01132	0.01600	0.00954	0.00928	0.03018	0.04981	0.65256	0.07784	0.02404	0.01950	0.00842	0.00658	0.00201	0.00530	0.00692	0.00787	0.01060
16	0.01220	0.01148	0.01938	0.75739	0.04450	0.01436	0.01794	0.01651	0.01292	0.01651	0.01148	0.01723	0.00861	0.00646	0.00646	0.00215	0.00861	0.00574	0.00287	0.00718
17	0.01035	0.00614	0.00900	0.00900	0.00941	0.00655	0.00635	0.00962	0.00920	0.01268	0.01419	0.02365	0.01404	0.09662	0.28377	0.45608	0.00984	0.00641	0.00314	0.00396
18	0.01208	0.01099	0.01537	0.01374	0.01408	0.01459	0.01102	0.01357	0.00997	0.01499	0.01262	0.02112	0.01269	0.12199	0.23512	0.00549	0.44461	0.00652	0.00316	0.00627
19	0.01291	0.00784	0.00901	0.00811	0.01090	0.00687	0.00629	0.01559	0.04498	0.17886	0.13484	0.05001	0.46159	0.01381	0.00734	0.00212	0.00382	0.01155	0.00660	0.00696
20	0.00866	0.00604	0.00804	0.00945	0.01013	0.00576	0.00686	0.01029	0.01298	0.01754	0.03447	0.57582	0.04003	0.01899	0.00818	0.00264	0.00418	0.16227	0.05221	0.00544
21	0.01516	0.01037	0.01146	0.01015	0.01295	0.01084	0.00823	0.24467	0.01991	0.02824	0.09006	0.03568	0.10434	0.01080	0.00651	0.00201	0.00488	0.11743	0.24873	0.00760
22	0.01610	0.08344	0.49898	0.01765	0.02586	0.01504	0.09024	0.02218	0.01455	0.13559	0.01379	0.01513	0.00962	0.00632	0.00620	0.00200	0.00884	0.00524	0.00363	0.00960
23	0.01575	0.01682	0.01955	0.01691	0.01745	0.13698	0.01387	0.01720	0.01125	0.01559	0.00872	0.01374	0.00846	0.01056	0.01873	0.00264	0.64032	0.00541	0.00291	0.00714
24	0.01401	0.02397	0.34559	0.14068	0.03251	0.03738	0.27286	0.02007	0.01425	0.01977	0.01207	0.01554	0.00885	0.00595	0.00672	0.00210	0.00995	0.00595	0.00297	0.00880
25	0.00828	0.00592	0.00797	0.00946	0.01002	0.00560	0.00671	0.00970	0.01277	0.01695	0.03539	0.65657	0.04184	0.01986	0.00836	0.00268	0.00410	0.12647	0.00599	0.00536
26	0.01587	0.01490	0.12943	0.01151	0.01598	0.01207	0.01068	0.24068	0.01989	0.07736	0.05026	0.03311	0.25885	0.01057	0.00669	0.00201	0.00566	0.00853	0.06759	0.00836
27	0.01471	0.16620	0.24060	0.02019	0.13596	0.01865	0.03512	0.01858	0.01255	0.01799	0.01022	0.01365	0.00867	0.00760	0.01067	0.00215	0.24998	0.00504	0.00286	0.00860
28	0.01396	0.04941	0.05407	0.01127	0.01429	0.19209	0.00917	0.01852	0.11167	0.02038	0.19637	0.05894	0.20211	0.01125	0.00682	0.00199	0.00608	0.00917	0.00535	0.00711
29	0.01777	0.15157	0.11202	0.01261	0.01846	0.03601	0.01172	0.17011	0.05340	0.06519	0.01344	0.01434	0.01032	0.00617	0.00543	0.00153	0.00653	0.00465	0.00443	0.28430
30	0.01758	0.24712	0.08975	0.04838	0.06381	0.05593	0.01348	0.19534	0.01812	0.02334	0.01530	0.02290	0.01377	0.00843	0.00654	0.00197	0.03021	0.11503	0.00428	0.00871
31	0.01031	0.00820	0.01273	0.01098	0.01227	0.00826	0.11842	0.01165	0.01054	0.01435	0.01856	0.03484	0.01979	0.50203	0.17398	0.00644	0.00925	0.00861	0.00372	0.00507
32	0.01131	0.00863	0.01027	0.00934	0.01152	0.00870	0.00715	0.06753	0.13221	0.02667	0.52175	0.04280	0.09206	0.01228	0.00737	0.00206	0.00370	0.01066	0.00691	0.00709
33	0.01896	0.01554	0.09785	0.03159	0.05589	0.06739	0.01245	0.04407	0.07862	0.23638	0.12914	0.02270	0.02009	0.00895	0.00895	0.00213	0.12800	0.00680	0.00554	0.00898

[dist]
# distance from previous block
# <min> <max>
0	6

[block]
# block no. 7 follows, 34 sequences, length 25
# corresponding to MSA columns:
# 1503-1527
name=unknown_H
#
# <colnr> <probs for GDERKNQSTAVLIFYWHMCP>
#	G	D	E	R	K	N	Q	S	T	A	V	L	I	F	Y	W	H	M	C	P
0	0.01553	0.01653	0.03357	0.14343	0.03436	0.01633	0.54061	0.07706	0.01613	0.02168	0.01302	0.01724	0.00971	0.00580	0.00734	0.00215	0.01021	0.00717	0.00347	0.00866
1	0.01431	0.01564	0.03314	0.02399	0.02948	0.01472	0.59593	0.01888	0.01431	0.01939	0.01424	0.02142	0.01200	0.12866	0.01168	0.00283	0.01015	0.00791	0.00337	0.00794
2	0.02414	0.03079	0.01831	0.01665	0.01998	0.74698	0.01248	0.02580	0.01831	0.01581	0.00999	0.01165	0.00832	0.00666	0.00583	0.00166	0.01165	0.00416	0.00333	0.00749
3	0.07295	0.00712	0.00842	0.00903	0.01071	0.00683	0.00714	0.01162	0.01445	0.01979	0.12536	0.19669	0.24322	0.01638	0.00787	0.00248	0.00431	0.22390	0.00596	0.00577
4	0.01664	0.02278	0.33033	0.02175	0.13928	0.01476	0.13002	0.04437	0.07369	0.12037	0.01517	0.01670	0.01089	0.00649	0.00651	0.00205	0.00847	0.00587	0.00405	0.00982
5	0.01580	0.02413	0.32404	0.02162	0.02917	0.01638	0.31497	0.13143	0.01702	0.02382	0.01286	0.01556	0.00933	0.00610	0.00683	0.00209	0.00973	0.00616	0.00356	0.00942
6	0.00801	0.00588	0.00744	0.00863	0.00932	0.00542	0.00591	0.00924	0.01271	0.01658	0.03961	0.59127	0.15191	0.05579	0.00936	0.00274	0.00389	0.04514	0.00590	0.00525
7	0.62574	0.01199	0.01014	0.00894	0.01264	0.01359	0.00727	0.07271	0.01370	0.02942	0.12513	0.01696	0.01598	0.00729	0.00478	0.00200	0.00485	0.00500	0.00469	0.00717
8	0.01525	0.01891	0.14618	0.08548	0.16612	0.01555	0.38940	0.02053	0.01482	0.04476	0.01296	0.01669	0.00974	0.00578	0.00702	0.00210	0.00970	0.00662	0.00330	0.00909
9	0.01763	0.01353	0.01466	0.01295	0.01676	0.01528	0.01014	0.03399	0.63602	0.11287	0.02620	0.02385	0.01927	0.00867	0.00657	0.00217	0.00516	0.00721	0.00675	0.01032
10	0.00863	0.00621	0.00834	0.00978	0.01056	0.00592	0.00729	0.01033	0.01322	0.01739	0.03637	0.53092	0.06827	0.01937	0.00843	0.00271	0.00439	0.22044	0.00598	0.00547
11	0.01565	0.01488	0.02469	0.10262	0.61355	0.01532	0.01890	0.02068	0.07048	0.02116	0.01321	0.01675	0.01084	0.00606	0.00642	0.00196	0.00756	0.00588	0.00344	0.00996
12	0.02094	0.01654	0.01922	0.01839	0.13358	0.01824	0.01295	0.42111	0.21051	0.03395	0.01783	0.01786	0.01318	0.00770	0.00648	0.00200	0.00667	0.00620	0.00597	0.01067
13	0.00787	0.00562	0.00750	0.00900	0.00937	0.00525	0.00600	0.00900	0.01237	0.01649	0.03561	0.76871	0.04274	0.02024	0.00825	0.00262	0.00375	0.01837	0.00600	0.00525
14	0.01961	0.02360	0.01795	0.01600	0.01880	0.48901	0.05786	0.02159	0.01591	0.01602	0.01249	0.05091	0.01135	0.01430	0.12627	0.00323	0.06890	0.00563	0.00344	0.00716
15	0.01441	0.17073	0.36444	0.01700	0.02383	0.01649	0.11279	0.03841	0.01415	0.03656	0.01407	0.06891	0.01212	0.00761	0.00681	0.00203	0.03828	0.02923	0.00338	0.00874
16	0.00890	0.00612	0.00751	0.00798	0.00821	0.00612	0.00497	0.00947	0.01043	0.01402	0.02489	0.27048	0.02888	0.46596	0.09299	0.00550	0.00652	0.01200	0.00453	0.00451
17	0.00923	0.00692	0.01038	0.01038	0.01154	0.00808	0.00808	0.01154	0.01038	0.01500	0.01731	0.02538	0.01615	0.04846	0.74732	0.01038	0.01731	0.00692	0.00346	0.00577
18	0.01675	0.59802	0.08421	0.01195	0.01748	0.02324	0.01189	0.02184	0.12680	0.01750	0.01196	0.01282	0.01012	0.00609	0.00469	0.00156	0.00682	0.00417	0.00337	0.00870
19	0.01470	0.47686	0.19680	0.01208	0.01802	0.01983	0.01311	0.01799	0.01351	0.01681	0.01867	0.01946	0.12413	0.00741	0.00518	0.00167	0.00695	0.00540	0.00328	0.00813
20	0.02198	0.01334	0.01674	0.13191	0.02185	0.01334	0.01136	0.23451	0.02028	0.27227	0.01753	0.01761	0.01206	0.00707	0.00616	0.00181	0.00636	0.00566	0.00591	0.16224
21	0.01212	0.01215	0.07387	0.21218	0.02236	0.04452	0.01244	0.01526	0.01372	0.04268	0.13196	0.11467	0.02423	0.02985	0.07942	0.00315	0.08784	0.05637	0.00439	0.00682
22	0.19297	0.01703	0.05827	0.01977	0.20610	0.09683	0.01316	0.16091	0.01758	0.08419	0.01452	0.06457	0.01198	0.00748	0.00594	0.00197	0.00709	0.00594	0.00460	0.00907
23	0.01228	0.01196	0.05138	0.45405	0.03232	0.01311	0.01479	0.04591	0.05206	0.01954	0.11161	0.06041	0.04178	0.00877	0.00741	0.00218	0.04164	0.00747	0.00404	0.00731
24	0.45008	0.01406	0.01512	0.01229	0.01646	0.01585	0.06452	0.15627	0.03751	0.08109	0.01229	0.01359	0.00918	0.00697	0.00645	0.00208	0.06839	0.00480	0.00470	0.00832

[dist]
# distance from previous block
# <min> <max>
2	77

[block]
# block no. 8 follows, 34 sequences, length 19
# corresponding to MSA columns:
# 1612-1630
name=unknown_I
#
# <colnr> <probs for GDERKNQSTAVLIFYWHMCP>
#	G	D	E	R	K	N	Q	S	T	A	V	L	I	F	Y	W	H	M	C	P
0	0.01747	0.01174	0.01656	0.10124	0.01977	0.01270	0.06479	0.12780	0.03763	0.17986	0.02065	0.16120	0.01828	0.02706	0.02888	0.00254	0.10080	0.00861	0.03411	0.00830
1	0.37879	0.01560	0.01498	0.01202	0.01667	0.01756	0.00992	0.40232	0.02173	0.03549	0.01261	0.01327	0.00921	0.00697	0.00536	0.00197	0.00617	0.00478	0.00536	0.00921
2	0.01459	0.01255	0.01394	0.01117	0.01598	0.01194	0.00880	0.02433	0.32905	0.02372	0.01809	0.01818	0.01410	0.00656	0.00558	0.00151	0.00493	0.00538	0.00505	0.45454
3	0.01876	0.01316	0.01201	0.01056	0.01285	0.17108	0.00755	0.01991	0.01420	0.23907	0.01966	0.02919	0.01780	0.36507	0.01868	0.00392	0.00722	0.00734	0.00506	0.00691
4	0.01296	0.03342	0.73944	0.01842	0.02797	0.01501	0.02387	0.02046	0.01364	0.02046	0.01160	0.01364	0.00818	0.00614	0.00614	0.00205	0.00955	0.00477	0.00273	0.00955
5	0.02092	0.01146	0.01416	0.01061	0.01579	0.00965	0.00863	0.06948	0.01678	0.33654	0.01833	0.01780	0.01280	0.00652	0.00564	0.00151	0.00517	0.00523	0.04254	0.37043
6	0.05925	0.03222	0.69750	0.01785	0.02708	0.01498	0.02290	0.02038	0.01349	0.02095	0.01145	0.01346	0.00812	0.00613	0.00602	0.00204	0.00929	0.00470	0.00280	0.00940
7	0.00991	0.00671	0.00829	0.00899	0.01000	0.00660	0.00688	0.01172	0.01280	0.01743	0.03092	0.09336	0.09058	0.25893	0.01592	0.00376	0.00534	0.29152	0.10511	0.00523
8	0.01510	0.01104	0.01781	0.55727	0.03672	0.01287	0.01576	0.01896	0.01410	0.14766	0.01600	0.02292	0.01243	0.00773	0.00668	0.00220	0.00782	0.06511	0.00407	0.00776
9	0.35246	0.01209	0.01292	0.01058	0.01503	0.01240	0.00876	0.08629	0.01631	0.35129	0.01821	0.01898	0.01280	0.00760	0.00558	0.00204	0.00546	0.03597	0.00612	0.00912
10	0.00874	0.00646	0.00920	0.00981	0.01074	0.00693	0.00732	0.01063	0.01148	0.01584	0.02653	0.29692	0.05364	0.03561	0.41761	0.00692	0.01135	0.04410	0.00459	0.00558
11	0.00930	0.00665	0.00899	0.00899	0.00966	0.00732	0.00633	0.01064	0.00997	0.01397	0.01858	0.03246	0.01922	0.35170	0.44828	0.00866	0.01268	0.00796	0.00365	0.00499
12	0.00796	0.00655	0.00705	0.00730	0.00924	0.00564	0.00555	0.00972	0.01464	0.01780	0.07952	0.12401	0.58617	0.01675	0.00781	0.00229	0.00356	0.07691	0.00603	0.00550
13	0.00787	0.00562	0.00750	0.00900	0.00937	0.00525	0.00600	0.00900	0.01237	0.01649	0.03561	0.76871	0.04274	0.02024	0.00825	0.00262	0.00375	0.01837	0.00600	0.00525
14	0.09185	0.00715	0.00790	0.00846	0.00981	0.00734	0.00604	0.01394	0.07399	0.02084	0.02796	0.41479	0.02965	0.01418	0.00661	0.00220	0.00378	0.01238	0.23506	0.00608
15	0.01583	0.01442	0.01400	0.01258	0.01554	0.11208	0.00978	0.02631	0.38229	0.05259	0.11925	0.02826	0.08829	0.00995	0.00788	0.00214	0.06636	0.00788	0.00591	0.00865
16	0.00815	0.00594	0.00774	0.00908	0.00978	0.00553	0.00641	0.00955	0.01292	0.01694	0.03868	0.60916	0.11662	0.01954	0.00826	0.00262	0.00396	0.09777	0.00599	0.00535
17	0.01758	0.48083	0.15212	0.01359	0.01916	0.14986	0.01367	0.02049	0.01397	0.01623	0.00959	0.01134	0.00829	0.00611	0.00561	0.00162	0.04487	0.00391	0.00286	0.00831
18	0.02198	0.06408	0.02230	0.01961	0.07893	0.55728	0.10434	0.02434	0.01737	0.01685	0.01052	0.01270	0.00867	0.00637	0.00603	0.00174	0.01100	0.00471	0.00328	0.00791

[dist]
# distance from previous block
# <min> <max>
0	2

[block]
# block no. 9 follows, 34 sequences, length 13
# corresponding to MSA columns:
# 1638-1650
name=unknown_J
#
# <colnr> <probs for GDERKNQSTAVLIFYWHMCP>
#	G	D	E	R	K	N	Q	S	T	A	V	L	I	F	Y	W	H	M	C	P
0	0.59947	0.01258	0.01099	0.00939	0.01352	0.01400	0.00771	0.09330	0.01410	0.10812	0.01480	0.01531	0.05050	0.00701	0.00475	0.00200	0.00518	0.00467	0.00482	0.00778
1	0.01102	0.00767	0.00992	0.01065	0.01222	0.00755	0.00853	0.06528	0.01531	0.04479	0.03566	0.30499	0.09606	0.01743	0.00831	0.00267	0.00504	0.32459	0.00608	0.00623
2	0.01596	0.33780	0.39375	0.01486	0.02241	0.01893	0.01750	0.02084	0.01380	0.07287	0.01158	0.01293	0.00882	0.00603	0.00535	0.00177	0.00815	0.00436	0.00314	0.00914
3	0.00906	0.00654	0.00856	0.00819	0.00963	0.00604	0.00609	0.01199	0.01791	0.02530	0.68420	0.09501	0.05978	0.01367	0.00766	0.00207	0.00309	0.01212	0.00704	0.00604
4	0.01127	0.01032	0.01222	0.01198	0.01362	0.08628	0.06796	0.01482	0.09254	0.01809	0.02984	0.50806	0.03341	0.01613	0.00778	0.00245	0.00546	0.04585	0.00554	0.00637
5	0.01550	0.01468	0.02409	0.13203	0.56536	0.01530	0.01856	0.02093	0.08946	0.02113	0.01357	0.01702	0.01103	0.00617	0.00642	0.00198	0.00753	0.00592	0.00351	0.00983
6	0.00918	0.00653	0.00873	0.00886	0.00947	0.00707	0.00615	0.01042	0.01014	0.01409	0.02017	0.09653	0.02152	0.35020	0.38367	0.00799	0.01150	0.00895	0.00387	0.00495
7	0.01438	0.00935	0.01120	0.01007	0.01258	0.00947	0.00769	0.06035	0.16933	0.12839	0.30692	0.11283	0.03766	0.04578	0.00827	0.00229	0.00430	0.01008	0.03126	0.00779
8	0.08371	0.01305	0.02020	0.02715	0.42652	0.01281	0.01485	0.02139	0.01506	0.19178	0.01756	0.09690	0.01479	0.00785	0.00642	0.00202	0.00652	0.00709	0.00470	0.00962
9	0.10204	0.10264	0.03498	0.15694	0.08411	0.09077	0.06503	0.06143	0.01567	0.14540	0.03160	0.01673	0.01158	0.00710	0.00638	0.02126	0.00749	0.00549	0.02488	0.00847
10	0.00813	0.00581	0.00780	0.00930	0.00979	0.00547	0.00645	0.00945	0.01263	0.01679	0.03547	0.69705	0.04216	0.02000	0.00832	0.00266	0.00398	0.08745	0.00599	0.00532
11	0.01592	0.01126	0.01447	0.01358	0.09454	0.01047	0.00948	0.07589	0.03100	0.12031	0.07723	0.02101	0.01672	0.04309	0.05892	0.00239	0.03177	0.00597	0.05202	0.29396
12	0.01414	0.01299	0.02052	0.28700	0.17241	0.01388	0.07418	0.05956	0.04801	0.02075	0.04467	0.01822	0.01240	0.00791	0.02988	0.00219	0.02642	0.00600	0.00371	0.12516

[dist]
# distance from previous block
# <min> <max>
0	4

[block]
# block no. 10 follows, 34 sequences, length 32
# corresponding to MSA columns:
# 1655-1686
name=unknown_K
#
# <colnr> <probs for GDERKNQSTAVLIFYWHMCP>
#	G	D	E	R	K	N	Q	S	T	A	V	L	I	F	Y	W	H	M	C	P
0	0.04163	0.07355	0.17557	0.04629	0.06957	0.04349	0.07225	0.08913	0.04084	0.06170	0.01303	0.01607	0.01035	0.02719	0.03588	0.00247	0.13459	0.00555	0.00380	0.03706
1	0.00817	0.00642	0.00739	0.00746	0.00914	0.00564	0.00547	0.01020	0.01554	0.02011	0.28088	0.16886	0.39985	0.01593	0.00773	0.00220	0.00327	0.01373	0.00637	0.00564
2	0.00918	0.00665	0.00898	0.05210	0.01169	0.00680	0.00707	0.01082	0.01234	0.01665	0.09776	0.27043	0.03341	0.21312	0.11250	0.00454	0.00671	0.10890	0.00506	0.00528
3	0.04617	0.18101	0.16953	0.01557	0.02033	0.11367	0.06825	0.02057	0.01378	0.08799	0.01194	0.01441	0.00956	0.00946	0.04866	0.00246	0.14981	0.00504	0.00348	0.00833
4	0.02408	0.01808	0.01910	0.01486	0.01973	0.04582	0.01221	0.62243	0.04727	0.06007	0.01566	0.01575	0.01119	0.00788	0.00697	0.00197	0.03414	0.00581	0.00627	0.01070
5	0.01633	0.06073	0.01904	0.04412	0.13849	0.01380	0.03668	0.10473	0.05180	0.06346	0.05019	0.01706	0.01319	0.00673	0.00690	0.00167	0.06035	0.00544	0.00440	0.28489
6	0.01310	0.01489	0.11548	0.01447	0.01861	0.01249	0.11798	0.01625	0.01238	0.01857	0.01287	0.01911	0.01163	0.12636	0.01315	0.00252	0.16185	0.00586	0.03340	0.25902
7	0.00887	0.00659	0.00828	0.00800	0.00961	0.00600	0.00603	0.01160	0.01732	0.02381	0.55943	0.07465	0.18261	0.01418	0.00769	0.00211	0.00322	0.03720	0.00683	0.00595
8	0.01565	0.01807	0.07307	0.03048	0.26233	0.03918	0.42221	0.02056	0.01508	0.02066	0.01259	0.01656	0.00981	0.00563	0.00708	0.00207	0.00979	0.00674	0.00322	0.00922
9	0.05882	0.00645	0.00734	0.00775	0.00811	0.00645	0.00476	0.00986	0.01043	0.01478	0.02443	0.26753	0.02849	0.49021	0.02340	0.00486	0.00540	0.01184	0.00457	0.00452
10	0.02899	0.01100	0.01499	0.01150	0.01649	0.00950	0.00950	0.03149	0.01849	0.73709	0.02549	0.02199	0.01599	0.00800	0.00650	0.00200	0.00550	0.00650	0.00800	0.01100
11	0.00958	0.00668	0.00912	0.01037	0.01144	0.00650	0.00831	0.01137	0.01351	0.01760	0.03445	0.26604	0.08275	0.01889	0.01025	0.08225	0.00511	0.38474	0.00566	0.00541
12	0.01775	0.04269	0.06858	0.18077	0.17902	0.01566	0.05050	0.12036	0.11141	0.11027	0.01582	0.01769	0.01170	0.00698	0.00671	0.00204	0.02196	0.00601	0.00458	0.00952
13	0.01140	0.00715	0.00910	0.00830	0.01037	0.00642	0.00633	0.01415	0.01774	0.11417	0.53363	0.04720	0.16305	0.01306	0.00748	0.00205	0.00339	0.01135	0.00705	0.00661
14	0.00936	0.00637	0.00759	0.00756	0.00780	0.00649	0.00460	0.00985	0.01008	0.01368	0.06367	0.04042	0.02483	0.63023	0.12584	0.00655	0.00753	0.00921	0.00405	0.00429
15	0.01187	0.00989	0.01445	0.06092	0.13096	0.00983	0.04751	0.06147	0.03854	0.02451	0.39950	0.03784	0.10454	0.01096	0.00724	0.00204	0.00492	0.00980	0.00585	0.00737
