[name]
unknown

[dist]
# distance from previous block
# <min> <max>
0	153

[block]
# block no. 0 follows, 44 sequences, length 15
# corresponding to MSA columns:
# 163-177
name=unknown_A
#
# <colnr> <probs for GDERKNQSTAVLIFYWHMCP>
#	G	D	E	R	K	N	Q	S	T	A	V	L	I	F	Y	W	H	M	C	P
0	0.00713	0.04713	0.00743	0.00720	0.00814	0.00543	0.00511	0.00838	0.01139	0.01486	0.11259	0.53382	0.18126	0.01516	0.00662	0.00203	0.00316	0.01346	0.00502	0.00467
1	0.17015	0.06390	0.01395	0.03227	0.01503	0.17112	0.02562	0.13893	0.20640	0.02165	0.01394	0.01606	0.01116	0.00655	0.00494	0.00167	0.00595	0.04277	0.03069	0.00726
2	0.01721	0.01379	0.06347	0.01734	0.02246	0.01228	0.40390	0.10104	0.01504	0.25464	0.01443	0.01555	0.00993	0.00550	0.00597	0.00176	0.00737	0.00585	0.00426	0.00820
3	0.02928	0.08016	0.08218	0.12303	0.13723	0.01279	0.13468	0.07344	0.06828	0.14374	0.03987	0.02741	0.01140	0.00593	0.00545	0.00170	0.00639	0.00539	0.00385	0.00781
4	0.01424	0.28753	0.14302	0.01448	0.05398	0.01550	0.16340	0.06354	0.06108	0.07312	0.01220	0.05291	0.01004	0.00582	0.00503	0.00158	0.00659	0.00506	0.00329	0.00760
5	0.02424	0.00963	0.01287	0.00987	0.01410	0.00854	0.00815	0.07002	0.01620	0.73388	0.02101	0.01823	0.01324	0.00674	0.00548	0.00168	0.00472	0.00545	0.00667	0.00928
6	0.01570	0.01065	0.01863	0.01664	0.13335	0.00993	0.22860	0.01860	0.01339	0.27390	0.05549	0.02080	0.06430	0.03667	0.05592	0.00230	0.00668	0.00640	0.00444	0.00761
7	0.01663	0.14761	0.03472	0.16739	0.09731	0.01227	0.04716	0.05870	0.01356	0.27529	0.01498	0.06617	0.01150	0.00647	0.00526	0.00166	0.00582	0.00549	0.00425	0.00775
8	0.00703	0.00517	0.00652	0.00729	0.00807	0.00479	0.00519	0.00833	0.01140	0.01495	0.11191	0.45807	0.17224	0.06525	0.00817	0.00232	0.00336	0.09040	0.00505	0.00453
9	0.01458	0.81168	0.02857	0.00933	0.01399	0.02157	0.00933	0.01632	0.01108	0.01283	0.00758	0.00875	0.00700	0.00466	0.00350	0.00117	0.00583	0.00292	0.00233	0.00700
10	0.01273	0.01576	0.30755	0.01245	0.04071	0.00931	0.05331	0.01673	0.01358	0.17138	0.22778	0.02327	0.05670	0.00753	0.00573	0.00172	0.00560	0.00646	0.00440	0.00730
11	0.01435	0.17936	0.32303	0.04862	0.03305	0.01369	0.06660	0.06531	0.01309	0.13569	0.01360	0.01447	0.04411	0.00578	0.00507	0.00162	0.00671	0.00466	0.00338	0.00782
12	0.00676	0.00483	0.00643	0.00751	0.00793	0.00450	0.00507	0.00788	0.01097	0.01476	0.10880	0.72369	0.03769	0.01645	0.00690	0.00216	0.00310	0.01490	0.00516	0.00450
13	0.01031	0.00648	0.00894	0.00969	0.01116	0.00633	0.00826	0.01258	0.01255	0.09684	0.02756	0.08927	0.02912	0.05352	0.00829	0.00255	0.00491	0.59116	0.00512	0.00536
14	0.12791	0.03945	0.03362	0.03154	0.09710	0.03983	0.04724	0.33184	0.13225	0.04645	0.01309	0.01365	0.00970	0.00606	0.00515	0.00167	0.00587	0.00479	0.00448	0.00830

[dist]
# distance from previous block
# <min> <max>
5	19

[block]
# block no. 1 follows, 44 sequences, length 20
# corresponding to MSA columns:
# 200-210,228-236
name=unknown_B
#
# <colnr> <probs for GDERKNQSTAVLIFYWHMCP>
#	G	D	E	R	K	N	Q	S	T	A	V	L	I	F	Y	W	H	M	C	P
0	0.01308	0.01458	0.03110	0.04573	0.02833	0.01385	0.70459	0.04500	0.01329	0.01799	0.01107	0.01464	0.00828	0.00469	0.00637	0.00183	0.00901	0.00633	0.00285	0.00739
1	0.00664	0.00474	0.00633	0.00759	0.00791	0.00443	0.00506	0.00759	0.01044	0.01392	0.03005	0.80485	0.03606	0.01708	0.00696	0.00221	0.00316	0.01550	0.00506	0.00443
2	0.00879	0.00628	0.00879	0.01004	0.01130	0.00628	0.00879	0.01130	0.01255	0.01632	0.02887	0.06150	0.03138	0.01506	0.00753	0.00251	0.00502	0.73770	0.00502	0.00502
3	0.01093	0.02820	0.78016	0.01554	0.02360	0.01266	0.02014	0.01727	0.01151	0.01727	0.00978	0.01151	0.00691	0.00518	0.00518	0.00173	0.00806	0.00403	0.00230	0.00806
4	0.00692	0.00514	0.00729	0.00820	0.00872	0.00481	0.03102	0.00805	0.01059	0.01412	0.02935	0.75405	0.03495	0.01659	0.00696	0.00221	0.00343	0.03807	0.00498	0.00455
5	0.02427	0.00958	0.01284	0.00984	0.01407	0.00847	0.00813	0.06382	0.01612	0.74019	0.02108	0.01828	0.01328	0.00674	0.00548	0.00168	0.00471	0.00545	0.00668	0.00928
6	0.84691	0.01054	0.00801	0.00717	0.01054	0.01223	0.00590	0.01603	0.00928	0.02446	0.00759	0.00886	0.00590	0.00506	0.00337	0.00169	0.00422	0.00295	0.00337	0.00590
7	0.00670	0.00480	0.00645	0.00765	0.00800	0.00455	0.00515	0.00770	0.01035	0.01385	0.02925	0.76433	0.03490	0.01831	0.04728	0.00255	0.00375	0.01500	0.00495	0.00445
8	0.02038	0.01454	0.01575	0.01222	0.01646	0.01598	0.01005	0.64171	0.08777	0.08704	0.01447	0.01410	0.01020	0.00663	0.00546	0.00166	0.00576	0.00506	0.00556	0.00922
9	0.00836	0.00564	0.00716	0.00672	0.00812	0.00520	0.00506	0.01085	0.01493	0.04362	0.64670	0.03888	0.08383	0.01073	0.00617	0.00168	0.00264	0.00940	0.07908	0.00523
10	0.02414	0.00979	0.01297	0.00994	0.01417	0.00877	0.00821	0.08864	0.01646	0.71490	0.02079	0.01809	0.01314	0.00673	0.00548	0.00168	0.00475	0.00543	0.00664	0.00928
11	0.01369	0.01318	0.18428	0.01026	0.01414	0.00995	0.03373	0.09357	0.13176	0.10904	0.01640	0.01721	0.01208	0.00626	0.00484	0.00157	0.00488	0.00509	0.31078	0.00730
12	0.02095	0.00879	0.01174	0.00925	0.01289	0.00782	0.00754	0.05472	0.01600	0.59476	0.17127	0.02276	0.02091	0.00762	0.00567	0.00169	0.00428	0.00633	0.00654	0.00845
13	0.00733	0.00553	0.00662	0.00636	0.00771	0.00499	0.00467	0.00931	0.01385	0.01865	0.48140	0.04400	0.27610	0.07980	0.00825	0.00206	0.00286	0.01021	0.00548	0.00482
14	0.14170	0.02768	0.12708	0.02657	0.03085	0.01223	0.04568	0.10089	0.01237	0.12233	0.01197	0.01475	0.00948	0.03747	0.12264	0.00296	0.13796	0.00480	0.00360	0.00699
15	0.01440	0.12909	0.06319	0.04219	0.24933	0.13336	0.09200	0.01805	0.06372	0.03366	0.01050	0.01289	0.00860	0.00633	0.02171	0.00179	0.08420	0.00461	0.00290	0.00749
16	0.03274	0.01515	0.26201	0.02583	0.01696	0.01031	0.07962	0.01678	0.08916	0.08704	0.18280	0.02126	0.01938	0.03827	0.04732	0.00226	0.03594	0.00615	0.00400	0.00700
17	0.00879	0.00620	0.00821	0.00800	0.00882	0.00678	0.00580	0.01038	0.03368	0.04346	0.03732	0.07975	0.05636	0.25957	0.33626	0.02525	0.04974	0.00741	0.00356	0.00467
18	0.01396	0.01207	0.07866	0.01181	0.03564	0.00947	0.10659	0.07798	0.01331	0.12578	0.03368	0.01449	0.01041	0.02376	0.00575	0.01761	0.00536	0.00454	0.00382	0.39530
19	0.06236	0.02827	0.07396	0.05258	0.03843	0.01165	0.06117	0.12883	0.04855	0.04564	0.06411	0.08155	0.02652	0.00736	0.00681	0.00168	0.10096	0.00588	0.00389	0.14979

[dist]
# distance from previous block
# <min> <max>
0	25

[block]
# block no. 2 follows, 44 sequences, length 10
# corresponding to MSA columns:
# 273-282
name=unknown_C
#
# <colnr> <probs for GDERKNQSTAVLIFYWHMCP>
#	G	D	E	R	K	N	Q	S	T	A	V	L	I	F	Y	W	H	M	C	P
0	0.03398	0.06732	0.01697	0.12226	0.17268	0.02914	0.04545	0.15236	0.08072	0.06232	0.01404	0.09224	0.01199	0.00672	0.00535	0.00165	0.00579	0.00581	0.00391	0.06930
1	0.03971	0.04278	0.01641	0.27165	0.12773	0.09253	0.01214	0.06870	0.01238	0.01676	0.00945	0.01254	0.00765	0.00563	0.00639	0.00159	0.09507	0.00429	0.00288	0.15369
2	0.00735	0.00548	0.00685	0.00681	0.00807	0.00498	0.00507	0.00944	0.01401	0.01907	0.49138	0.14975	0.19789	0.01267	0.00655	0.00184	0.00279	0.03945	0.00564	0.00493
3	0.00664	0.00474	0.00633	0.00759	0.00791	0.00443	0.00506	0.00759	0.01044	0.01392	0.03005	0.80485	0.03606	0.01708	0.00696	0.00221	0.00316	0.01550	0.00506	0.00443
4	0.00867	0.00573	0.00709	0.00680	0.00832	0.00515	0.00508	0.01071	0.01396	0.07820	0.42385	0.13899	0.21513	0.01203	0.00634	0.00179	0.00285	0.01047	0.03359	0.00525
5	0.00742	0.00540	0.00682	0.00676	0.00782	0.00498	0.00486	0.00935	0.01356	0.01871	0.49973	0.17330	0.11993	0.08667	0.00851	0.00215	0.00295	0.01082	0.00549	0.00479
6	0.01608	0.00723	0.00891	0.00755	0.01015	0.00673	0.00599	0.01904	0.04853	0.34242	0.11505	0.02216	0.01864	0.00718	0.00493	0.00153	0.00352	0.00591	0.34142	0.00704
7	0.84691	0.01054	0.00801	0.00717	0.01054	0.01223	0.00590	0.01603	0.00928	0.02446	0.00759	0.00886	0.00590	0.00506	0.00337	0.00169	0.00422	0.00295	0.00337	0.00590
8	0.01241	0.00992	0.01225	0.01017	0.07248	0.00776	0.00737	0.01488	0.01170	0.07201	0.01058	0.01199	0.00851	0.00429	0.00425	0.00093	0.00427	0.00352	0.00344	0.71726
9	0.84691	0.01054	0.00801	0.00717	0.01054	0.01223	0.00590	0.01603	0.00928	0.02446	0.00759	0.00886	0.00590	0.00506	0.00337	0.00169	0.00422	0.00295	0.00337	0.00590

[dist]
# distance from previous block
# <min> <max>
0	8

[block]
# block no. 3 follows, 44 sequences, length 16
# corresponding to MSA columns:
# 291-304,310,311
name=unknown_D
#
# <colnr> <probs for GDERKNQSTAVLIFYWHMCP>
#	G	D	E	R	K	N	Q	S	T	A	V	L	I	F	Y	W	H	M	C	P
0	0.01964	0.02478	0.01556	0.01407	0.01664	0.72050	0.01065	0.02103	0.01484	0.01332	0.00832	0.01001	0.00703	0.00595	0.00603	0.00149	0.07746	0.00362	0.00277	0.00629
1	0.02037	0.02598	0.01545	0.01404	0.01685	0.78652	0.01053	0.02177	0.01545	0.01334	0.00843	0.00983	0.00702	0.00562	0.00492	0.00140	0.00983	0.00351	0.00281	0.00632
2	0.84691	0.01054	0.00801	0.00717	0.01054	0.01223	0.00590	0.01603	0.00928	0.02446	0.00759	0.00886	0.00590	0.00506	0.00337	0.00169	0.00422	0.00295	0.00337	0.00590
3	0.84691	0.01054	0.00801	0.00717	0.01054	0.01223	0.00590	0.01603	0.00928	0.02446	0.00759	0.00886	0.00590	0.00506	0.00337	0.00169	0.00422	0.00295	0.00337	0.00590
4	0.01458	0.81168	0.02857	0.00933	0.01399	0.02157	0.00933	0.01632	0.01108	0.01283	0.00758	0.00875	0.00700	0.00466	0.00350	0.00117	0.00583	0.00292	0.00233	0.00700
5	0.55882	0.01010	0.00964	0.00806	0.01173	0.01075	0.00664	0.01972	0.01149	0.28848	0.01247	0.01225	0.00856	0.00565	0.00411	0.00169	0.00437	0.00384	0.00456	0.00709
6	0.00675	0.00479	0.00629	0.00745	0.00774	0.00450	0.00491	0.00762	0.01022	0.01363	0.02894	0.73888	0.03467	0.08494	0.00874	0.00248	0.00334	0.01485	0.00491	0.00433
7	0.00772	0.00557	0.00729	0.00686	0.00814	0.00514	0.00514	0.01029	0.01543	0.02186	0.77152	0.04072	0.05144	0.01115	0.00643	0.00171	0.00257	0.00986	0.00600	0.00514
8	0.02312	0.00900	0.01212	0.00939	0.01343	0.00776	0.00772	0.02517	0.01537	0.72140	0.02402	0.02108	0.06991	0.00727	0.00555	0.00170	0.00450	0.00593	0.00662	0.00893
9	0.02427	0.00959	0.01284	0.00985	0.01407	0.00847	0.00813	0.06402	0.01612	0.73999	0.02108	0.01828	0.01328	0.00674	0.00548	0.00168	0.00471	0.00545	0.00668	0.00928
10	0.01030	0.00969	0.01635	0.79530	0.03755	0.01211	0.01514	0.01393	0.01090	0.01393	0.00969	0.01453	0.00727	0.00545	0.00545	0.00182	0.00727	0.00484	0.00242	0.00606
11	0.01173	0.01163	0.01631	0.01404	0.01409	0.01622	0.01168	0.01296	0.00837	0.01310	0.00752	0.01239	0.00747	0.01106	0.05524	0.00270	0.76035	0.00482	0.00241	0.00591
12	0.00664	0.00474	0.00633	0.00759	0.00791	0.00443	0.00506	0.00759	0.01044	0.01392	0.03005	0.80485	0.03606	0.01708	0.00696	0.00221	0.00316	0.01550	0.00506	0.00443
13	0.01275	0.00941	0.01489	0.03573	0.31569	0.00933	0.02720	0.01538	0.02885	0.12322	0.14230	0.03816	0.01831	0.04128	0.09061	0.05344	0.00623	0.00630	0.00396	0.00698
14	0.01107	0.01127	0.03162	0.01224	0.01308	0.06992	0.02862	0.01254	0.00997	0.01369	0.01622	0.08230	0.07836	0.06815	0.01418	0.00245	0.43428	0.08131	0.00319	0.00555
15	0.00800	0.00530	0.00622	0.00622	0.00629	0.00537	0.00365	0.00802	0.00794	0.01066	0.01655	0.03354	0.01878	0.70678	0.08383	0.05273	0.00595	0.00759	0.00322	0.00337

[dist]
# distance from previous block
# <min> <max>
3	4

[block]
# block no. 4 follows, 44 sequences, length 10
# corresponding to MSA columns:
# 317-326
name=unknown_E
#
# <colnr> <probs for GDERKNQSTAVLIFYWHMCP>
#	G	D	E	R	K	N	Q	S	T	A	V	L	I	F	Y	W	H	M	C	P
0	0.01147	0.00873	0.01027	0.00782	0.01166	0.00709	0.00620	0.04205	0.01278	0.05070	0.14614	0.01772	0.01658	0.00572	0.00455	0.00108	0.00374	0.00473	0.08064	0.55033
1	0.01519	0.05438	0.15192	0.03141	0.01657	0.03448	0.01097	0.18276	0.26371	0.08550	0.08221	0.01780	0.01510	0.00685	0.00541	0.00171	0.00553	0.00551	0.00477	0.00821
2	0.00746	0.00546	0.00630	0.00616	0.00762	0.00490	0.00459	0.00950	0.01358	0.01857	0.37236	0.07531	0.32698	0.01187	0.00615	0.00173	0.00267	0.01018	0.10372	0.00490
3	0.00747	0.00546	0.00727	0.00750	0.00837	0.00540	0.00546	0.00929	0.01230	0.01720	0.33360	0.32017	0.05897	0.01723	0.11138	0.00285	0.02598	0.01119	0.02806	0.00485
4	0.00815	0.00637	0.00935	0.00910	0.01001	0.00756	0.00713	0.01009	0.00930	0.01349	0.07876	0.02222	0.01628	0.03552	0.65074	0.00758	0.08414	0.00609	0.00314	0.00499
5	0.01185	0.01002	0.01160	0.00834	0.01315	0.00783	0.00669	0.05698	0.01214	0.01873	0.00989	0.01141	0.00814	0.00418	0.00412	0.00086	0.00415	0.00333	0.00336	0.79323
6	0.01281	0.01224	0.02065	0.08390	0.67371	0.01235	0.01580	0.01596	0.01231	0.01734	0.01316	0.01611	0.05846	0.00548	0.00547	0.00165	0.00629	0.00529	0.00283	0.00819
7	0.01123	0.00995	0.03723	0.24584	0.07584	0.00985	0.12331	0.01450	0.02611	0.06942	0.03271	0.13804	0.01548	0.00951	0.04273	0.00215	0.00651	0.05705	0.00359	0.06894
8	0.07390	0.01328	0.01450	0.01284	0.08003	0.04091	0.00950	0.33038	0.14319	0.05035	0.01345	0.01376	0.01004	0.00594	0.00503	0.00151	0.00536	0.00463	0.00462	0.16676
9	0.01819	0.15313	0.01812	0.06407	0.08897	0.02958	0.03413	0.22263	0.03344	0.21660	0.01402	0.02875	0.01031	0.00607	0.00511	0.00156	0.00576	0.00488	0.00455	0.04011

[dist]
# distance from previous block
# <min> <max>
0	5

[block]
# block no. 5 follows, 44 sequences, length 22
# corresponding to MSA columns:
# 332-335,341-358
name=unknown_F
#
# <colnr> <probs for GDERKNQSTAVLIFYWHMCP>
#	G	D	E	R	K	N	Q	S	T	A	V	L	I	F	Y	W	H	M	C	P
0	0.04452	0.02653	0.09098	0.04407	0.07602	0.00968	0.10624	0.01560	0.01186	0.06995	0.01235	0.01400	0.03746	0.00495	0.00478	0.00128	0.00545	0.00437	0.00331	0.41663
1	0.00822	0.00670	0.00904	0.00923	0.00961	0.00768	0.00690	0.00933	0.00989	0.01361	0.02362	0.43128	0.05265	0.07991	0.04945	0.00283	0.19317	0.06792	0.00418	0.00478
2	0.00788	0.00553	0.00696	0.00706	0.00753	0.00577	0.00478	0.00871	0.00875	0.01183	0.01924	0.03441	0.05633	0.48579	0.24406	0.00590	0.00783	0.06430	0.00341	0.00395
3	0.08586	0.07618	0.12387	0.06738	0.08697	0.01287	0.18315	0.03768	0.12554	0.04592	0.02653	0.03438	0.04270	0.02042	0.00581	0.00180	0.00641	0.00566	0.00353	0.00735
4	0.12469	0.01897	0.01470	0.12414	0.08767	0.44612	0.01101	0.01865	0.01351	0.01551	0.01025	0.01472	0.00895	0.00619	0.00504	0.00160	0.00806	0.06088	0.00299	0.00634
5	0.00664	0.00474	0.00633	0.00759	0.00791	0.00443	0.00506	0.00759	0.01044	0.01392	0.03005	0.80485	0.03606	0.01708	0.00696	0.00221	0.00316	0.01550	0.00506	0.00443
6	0.00841	0.00691	0.03720	0.04198	0.04756	0.00602	0.00669	0.01083	0.01387	0.03995	0.47478	0.17216	0.08974	0.01148	0.00636	0.00181	0.00334	0.01017	0.00534	0.00541
7	0.01413	0.01327	0.04813	0.09789	0.23941	0.01336	0.16629	0.08384	0.15853	0.06064	0.01339	0.01528	0.01017	0.00578	0.00609	0.00176	0.03484	0.00544	0.00367	0.00809
8	0.01289	0.01461	0.03152	0.02259	0.02802	0.01378	0.73003	0.01784	0.03763	0.01764	0.01140	0.01489	0.00855	0.00469	0.00640	0.00184	0.00903	0.00642	0.00285	0.00739
9	0.01200	0.00582	0.00677	0.00653	0.00817	0.00556	0.00502	0.01424	0.01207	0.14734	0.02085	0.13304	0.01811	0.00849	0.00477	0.00155	0.00314	0.05349	0.52734	0.00570
10	0.01173	0.04668	0.32752	0.09402	0.10107	0.01270	0.08168	0.05336	0.06839	0.01768	0.01480	0.03264	0.06826	0.00643	0.00598	0.00176	0.03933	0.00543	0.00307	0.00749
11	0.01530	0.42999	0.08126	0.01336	0.04636	0.04653	0.14548	0.01801	0.01232	0.11199	0.02579	0.01215	0.00902	0.00513	0.00459	0.00143	0.00656	0.00420	0.00308	0.00743
12	0.00753	0.00510	0.00654	0.00722	0.00786	0.00483	0.00507	0.00878	0.01118	0.01546	0.14116	0.42880	0.06156	0.07658	0.00895	0.04401	0.00339	0.07049	0.08104	0.00446
13	0.34178	0.29876	0.05306	0.05313	0.05138	0.04340	0.03792	0.01629	0.01059	0.01811	0.00808	0.00981	0.00671	0.00506	0.00428	0.00152	0.02733	0.00338	0.00280	0.00660
14	0.00772	0.00563	0.00613	0.00593	0.00768	0.00489	0.00447	0.00949	0.01312	0.04435	0.20980	0.04570	0.51540	0.01228	0.00617	0.00176	0.00277	0.01034	0.08144	0.00494
15	0.01193	0.03455	0.11238	0.01167	0.04730	0.00981	0.06726	0.03950	0.02676	0.01806	0.01006	0.01187	0.00812	0.00459	0.00490	0.00114	0.02855	0.00380	0.00312	0.54463
16	0.00807	0.00602	0.00701	0.00692	0.00805	0.00584	0.00496	0.01055	0.07037	0.01621	0.24222	0.04208	0.19130	0.26957	0.01337	0.00299	0.00387	0.08112	0.00480	0.00469
17	0.03371	0.00731	0.02156	0.03779	0.01094	0.00716	0.02190	0.05250	0.04193	0.03856	0.21257	0.28666	0.14705	0.01229	0.00684	0.00193	0.03814	0.01065	0.00502	0.00549
18	0.06550	0.24198	0.09792	0.03893	0.05404	0.01456	0.05136	0.08624	0.09369	0.06915	0.02401	0.01360	0.00993	0.02715	0.00528	0.00157	0.00575	0.00437	0.00354	0.09140
19	0.03014	0.19218	0.21097	0.01351	0.06641	0.04335	0.03161	0.10525	0.06253	0.13320	0.01239	0.01314	0.00919	0.00627	0.01798	0.00170	0.02071	0.00438	0.01714	0.00797
20	0.00958	0.00915	0.09619	0.00908	0.01145	0.00713	0.00790	0.04074	0.06098	0.04701	0.05872	0.25177	0.14076	0.01251	0.00690	0.03254	0.00430	0.13581	0.00469	0.05277
21	0.01291	0.04535	0.04184	0.01006	0.01475	0.03906	0.04918	0.09975	0.04094	0.01935	0.01094	0.02986	0.00905	0.00490	0.00451	0.00110	0.00498	0.00401	0.00350	0.55396

[dist]
# distance from previous block
# <min> <max>
2	10

[block]
# block no. 6 follows, 44 sequences, length 16
# corresponding to MSA columns:
# 375-390
name=unknown_G
#
# <colnr> <probs for GDERKNQSTAVLIFYWHMCP>
#	G	D	E	R	K	N	Q	S	T	A	V	L	I	F	Y	W	H	M	C	P
0	0.07484	0.08339	0.06953	0.01165	0.01596	0.01285	0.06518	0.18484	0.11720	0.25781	0.01624	0.04101	0.01178	0.00656	0.00526	0.00168	0.00550	0.00535	0.00502	0.00837
1	0.03674	0.09432	0.09782	0.17569	0.08864	0.05547	0.01218	0.16351	0.07706	0.07315	0.01195	0.01340	0.00894	0.00566	0.00505	0.00159	0.00630	0.00450	0.00368	0.06435
2	0.00918	0.00737	0.04448	0.00827	0.00961	0.00709	0.00638	0.04669	0.00969	0.03368	0.01524	0.02521	0.01511	0.30846	0.39501	0.00639	0.00994	0.00636	0.00326	0.03258
3	0.09112	0.44626	0.02140	0.01011	0.01409	0.06059	0.02548	0.10385	0.08524	0.01777	0.01115	0.03833	0.00973	0.00589	0.00426	0.00143	0.00568	0.01893	0.02157	0.00712
4	0.00899	0.00596	0.00735	0.00738	0.00857	0.00579	0.00538	0.03761	0.04137	0.04569	0.26500	0.28495	0.04951	0.05876	0.00746	0.00206	0.00328	0.03893	0.11074	0.00521
5	0.00714	0.00554	0.00652	0.00641	0.00790	0.00492	0.00483	0.00912	0.01378	0.01815	0.39370	0.07637	0.37312	0.01272	0.00650	0.00182	0.00277	0.03832	0.00551	0.00487
6	0.00711	0.00521	0.00667	0.00702	0.00795	0.00477	0.00499	0.00884	0.01293	0.01761	0.36919	0.37034	0.12917	0.01401	0.00666	0.00194	0.00285	0.01247	0.00549	0.00477
7	0.01458	0.81168	0.02857	0.00933	0.01399	0.02157	0.00933	0.01632	0.01108	0.01283	0.00758	0.00875	0.00700	0.00466	0.00350	0.00117	0.00583	0.00292	0.00233	0.00700
8	0.28219	0.01034	0.01143	0.00912	0.01299	0.01043	0.00752	0.12106	0.01482	0.41419	0.01586	0.01483	0.01055	0.00618	0.00476	0.00167	0.00462	0.00459	0.03478	0.00807
9	0.00682	0.00547	0.00611	0.00627	0.00778	0.00476	0.00469	0.00841	0.01270	0.01596	0.17712	0.15274	0.50648	0.01384	0.00657	0.00190	0.00290	0.04957	0.00523	0.00470
10	0.00786	0.00526	0.00597	0.00603	0.00605	0.00524	0.00339	0.00791	0.00805	0.01074	0.01783	0.07451	0.02064	0.76845	0.02670	0.00513	0.00518	0.00831	0.00339	0.00336
11	0.84691	0.01054	0.00801	0.00717	0.01054	0.01223	0.00590	0.01603	0.00928	0.02446	0.00759	0.00886	0.00590	0.00506	0.00337	0.00169	0.00422	0.00295	0.00337	0.00590
12	0.00793	0.00529	0.00595	0.00595	0.00595	0.00529	0.00330	0.00793	0.00793	0.01057	0.01718	0.03568	0.01982	0.80840	0.02775	0.00529	0.00529	0.00793	0.00330	0.00330
13	0.16967	0.01442	0.01486	0.01157	0.01576	0.01606	0.00956	0.62277	0.02268	0.03257	0.01210	0.01233	0.00866	0.00628	0.00508	0.00165	0.00568	0.00456	0.00508	0.00866
14	0.01074	0.00632	0.00738	0.00686	0.00769	0.00627	0.00437	0.01213	0.06213	0.12387	0.01816	0.03209	0.01867	0.63479	0.02293	0.00452	0.00512	0.00745	0.00397	0.00455
15	0.01489	0.01364	0.04230	0.07945	0.19288	0.05593	0.09073	0.11865	0.12432	0.07281	0.01284	0.01476	0.00990	0.00717	0.02734	0.00197	0.10368	0.00518	0.00372	0.00786

[dist]
# distance from previous block
# <min> <max>
0	2

[block]
# block no. 7 follows, 44 sequences, length 16
# corresponding to MSA columns:
# 393-408
name=unknown_H
#
# <colnr> <probs for GDERKNQSTAVLIFYWHMCP>
#	G	D	E	R	K	N	Q	S	T	A	V	L	I	F	Y	W	H	M	C	P
0	0.72892	0.01049	0.00857	0.00749	0.01097	0.01182	0.00613	0.01684	0.04211	0.05242	0.00887	0.00987	0.00679	0.00516	0.00359	0.00164	0.00423	0.00320	0.00359	0.05729
1	0.07964	0.06595	0.14317	0.02683	0.01562	0.01082	0.00985	0.08621	0.04121	0.19238	0.03769	0.01415	0.01069	0.00558	0.00477	0.00142	0.00520	0.00435	0.00419	0.24027
2	0.01007	0.00787	0.00903	0.00743	0.01057	0.00654	0.00577	0.05126	0.01291	0.04690	0.10063	0.09589	0.24862	0.00909	0.00539	0.00141	0.00356	0.00765	0.00447	0.35494
3	0.01030	0.00969	0.01635	0.79530	0.03755	0.01211	0.01514	0.01393	0.01090	0.01393	0.00969	0.01453	0.00727	0.00545	0.00545	0.00182	0.00727	0.00484	0.00242	0.00606
4	0.01718	0.04341	0.19888	0.01095	0.01612	0.01000	0.01083	0.03988	0.01345	0.33988	0.01464	0.01440	0.01005	0.00574	0.00543	0.00149	0.03327	0.00446	0.00449	0.20544
5	0.01130	0.00969	0.01130	0.00807	0.01292	0.00727	0.00646	0.01373	0.01130	0.01776	0.00969	0.01130	0.00807	0.00404	0.00404	0.00081	0.00404	0.00323	0.00323	0.84173
6	0.00790	0.00538	0.00645	0.00645	0.00662	0.00556	0.00393	0.00825	0.00808	0.01094	0.01672	0.03315	0.01872	0.67221	0.16244	0.00590	0.00694	0.00756	0.00324	0.00358
7	0.06595	0.47389	0.02229	0.01063	0.04179	0.06686	0.00925	0.05840	0.01303	0.17581	0.01096	0.01129	0.00848	0.00529	0.00417	0.00136	0.00578	0.00367	0.00353	0.00755
8	0.01524	0.07238	0.09988	0.04795	0.04584	0.05382	0.03721	0.18122	0.20915	0.06183	0.05349	0.01608	0.01275	0.00671	0.00623	0.00173	0.06095	0.00525	0.00432	0.00798
9	0.00839	0.00584	0.00696	0.00692	0.00860	0.00518	0.00536	0.01020	0.01318	0.07257	0.20972	0.11657	0.38704	0.01315	0.00656	0.00192	0.00319	0.10814	0.00539	0.00511
10	0.00694	0.00529	0.00642	0.00696	0.00806	0.00477	0.00508	0.00845	0.01215	0.01574	0.16234	0.34778	0.29643	0.01476	0.00674	0.00203	0.00309	0.07710	0.00521	0.00466
11	0.06580	0.07899	0.07001	0.06263	0.05055	0.04064	0.12813	0.11451	0.06697	0.16109	0.03624	0.01486	0.01080	0.00590	0.00554	0.00164	0.02472	0.00501	0.00411	0.05184
12	0.01396	0.06660	0.01682	0.03669	0.04111	0.03479	0.16111	0.03465	0.17786	0.13703	0.06190	0.11665	0.01738	0.05000	0.00695	0.00197	0.00564	0.00716	0.00451	0.00721
13	0.00704	0.00513	0.00659	0.00749	0.00817	0.00478	0.00532	0.00832	0.01122	0.01479	0.09333	0.51518	0.12782	0.05826	0.00803	0.00233	0.00341	0.10324	0.00504	0.00452
14	0.01448	0.01205	0.03127	0.12854	0.12847	0.04743	0.11709	0.10528	0.03527	0.11983	0.09987	0.01939	0.03239	0.00686	0.00636	0.00176	0.04796	0.02034	0.01800	0.00736
15	0.02942	0.04814	0.13465	0.09468	0.16019	0.04154	0.10932	0.14628	0.05197	0.05413	0.01334	0.01506	0.03383	0.00581	0.00537	0.00167	0.00666	0.00510	0.03505	0.00780

[dist]
# distance from previous block
# <min> <max>
1	11

[block]
# block no. 8 follows, 44 sequences, length 17
# corresponding to MSA columns:
# 420-436
name=unknown_I
#
# <colnr> <probs for GDERKNQSTAVLIFYWHMCP>
#	G	D	E	R	K	N	Q	S	T	A	V	L	I	F	Y	W	H	M	C	P
0	0.01375	0.00937	0.01141	0.05300	0.04198	0.00988	0.00810	0.09180	0.24249	0.14583	0.14033	0.13087	0.04113	0.00907	0.00583	0.00181	0.00426	0.00778	0.02397	0.00735
1	0.01123	0.00973	0.01264	0.06113	0.04200	0.00814	0.04238	0.03817	0.01211	0.01811	0.05670	0.03906	0.02959	0.00532	0.00463	0.00110	0.00450	0.00457	0.00347	0.59543
2	0.00886	0.00702	0.00771	0.00769	0.00935	0.00638	0.00557	0.01130	0.08392	0.01796	0.18107	0.18905	0.41419	0.01406	0.00701	0.00214	0.00346	0.01174	0.00571	0.00579
3	0.00896	0.00588	0.00758	0.00716	0.00872	0.00536	0.00549	0.01130	0.01473	0.08221	0.55298	0.06885	0.13102	0.01156	0.00644	0.00180	0.00294	0.05578	0.00586	0.00539
4	0.02080	0.01414	0.01547	0.01191	0.01614	0.01535	0.00982	0.63675	0.02384	0.12739	0.01432	0.01405	0.00998	0.00656	0.00540	0.00163	0.00570	0.00499	0.03665	0.00912
5	0.00715	0.00555	0.00650	0.00626	0.00780	0.00490	0.00470	0.00919	0.01409	0.01867	0.45096	0.04598	0.37399	0.01234	0.00644	0.00177	0.00266	0.01060	0.00558	0.00490
6	0.01458	0.81168	0.02857	0.00933	0.01399	0.02157	0.00933	0.01632	0.01108	0.01283	0.00758	0.00875	0.00700	0.00466	0.00350	0.00117	0.00583	0.00292	0.00233	0.00700
7	0.00732	0.00589	0.00657	0.00634	0.00804	0.00531	0.00477	0.00994	0.05590	0.01786	0.32269	0.04624	0.45865	0.01245	0.00639	0.00179	0.00278	0.01059	0.00544	0.00503
8	0.01130	0.00969	0.01130	0.00807	0.01292	0.00727	0.00646	0.01373	0.01130	0.01776	0.00969	0.01130	0.00807	0.00404	0.00404	0.00081	0.00404	0.00323	0.00323	0.84173
9	0.02072	0.01527	0.01636	0.01254	0.01691	0.01691	0.01036	0.75622	0.02563	0.03436	0.01309	0.01309	0.00927	0.00654	0.00545	0.00164	0.00600	0.00491	0.00545	0.00927
10	0.84691	0.01054	0.00801	0.00717	0.01054	0.01223	0.00590	0.01603	0.00928	0.02446	0.00759	0.00886	0.00590	0.00506	0.00337	0.00169	0.00422	0.00295	0.00337	0.00590
11	0.00947	0.00473	0.00710	0.00710	0.00710	0.00473	0.00473	0.00710	0.00710	0.00947	0.00947	0.01657	0.00947	0.01894	0.02131	0.84138	0.00473	0.00473	0.00237	0.00237
12	0.01525	0.33469	0.09175	0.01216	0.01575	0.12249	0.01124	0.11875	0.01308	0.01635	0.00856	0.01050	0.00734	0.00625	0.00750	0.00160	0.19301	0.00381	0.00284	0.00707
13	0.00772	0.00557	0.00729	0.00686	0.00814	0.00514	0.00514	0.01029	0.01543	0.02186	0.77152	0.04072	0.05144	0.01115	0.00643	0.00171	0.00257	0.00986	0.00600	0.00514
14	0.01343	0.38080	0.37227	0.01261	0.01866	0.08696	0.01440	0.01725	0.01167	0.01491	0.00867	0.01011	0.00696	0.00499	0.00440	0.00144	0.00722	0.00348	0.00236	0.00742
15	0.09325	0.08337	0.21615	0.06395	0.07455	0.07866	0.08992	0.06429	0.03503	0.07573	0.01186	0.05218	0.00952	0.00605	0.00540	0.00169	0.02269	0.00497	0.00330	0.00742
16	0.84691	0.01054	0.00801	0.00717	0.01054	0.01223	0.00590	0.01603	0.00928	0.02446	0.00759	0.00886	0.00590	0.00506	0.00337	0.00169	0.00422	0.00295	0.00337	0.00590

[dist]
# distance from previous block
# <min> <max>
7	25

[block]
# block no. 9 follows, 44 sequences, length 20
# corresponding to MSA columns:
# 471-490
name=unknown_J
#
# <colnr> <probs for GDERKNQSTAVLIFYWHMCP>
#	G	D	E	R	K	N	Q	S	T	A	V	L	I	F	Y	W	H	M	C	P
0	0.01444	0.12041	0.10851	0.05717	0.07772	0.06580	0.01130	0.13484	0.07574	0.06690	0.07109	0.01966	0.01440	0.00720	0.00597	0.00171	0.04557	0.07024	0.02394	0.00738
1	0.01183	0.00967	0.01136	0.00814	0.01296	0.00730	0.00652	0.01424	0.01147	0.04784	0.01016	0.01159	0.00829	0.00414	0.00409	0.00084	0.00406	0.00332	0.00337	0.80881
2	0.01422	0.30110	0.06567	0.01390	0.04713	0.01595	0.14774	0.06655	0.03168	0.07113	0.01080	0.01297	0.00878	0.00885	0.07760	0.00225	0.08878	0.00457	0.00309	0.00725
3	0.01076	0.00704	0.00883	0.00856	0.01044	0.00692	0.00698	0.05012	0.06761	0.09234	0.25430	0.04264	0.09774	0.01151	0.00645	0.00197	0.00390	0.25304	0.05296	0.00590
4	0.00680	0.00486	0.00647	0.00749	0.00794	0.00453	0.00507	0.00798	0.01116	0.01507	0.13744	0.69417	0.03829	0.01622	0.00688	0.00214	0.00308	0.01468	0.00520	0.00453
5	0.00991	0.00760	0.00841	0.00810	0.00988	0.00655	0.00587	0.01106	0.01543	0.02052	0.38287	0.04909	0.41328	0.01402	0.00753	0.00227	0.00367	0.01133	0.00632	0.00630
6	0.02072	0.01527	0.01636	0.01254	0.01691	0.01691	0.01036	0.75622	0.02563	0.03436	0.01309	0.01309	0.00927	0.00654	0.00545	0.00164	0.00600	0.00491	0.00545	0.00927
7	0.00684	0.00488	0.00655	0.00781	0.00822	0.00460	0.00540	0.00793	0.01063	0.01414	0.02994	0.73691	0.03563	0.01690	0.00701	0.00224	0.00333	0.08150	0.00506	0.00448
8	0.01421	0.01204	0.01270	0.01123	0.01443	0.01387	0.00879	0.09543	0.69702	0.02386	0.02136	0.01968	0.01597	0.00732	0.00554	0.00183	0.00447	0.00605	0.00554	0.00869
9	0.02252	0.00903	0.01215	0.00949	0.01340	0.00796	0.00777	0.02517	0.04379	0.68061	0.09008	0.02065	0.01708	0.00717	0.00557	0.00170	0.00444	0.00591	0.00663	0.00888
10	0.01130	0.00969	0.01130	0.00807	0.01292	0.00727	0.00646	0.01373	0.01130	0.01776	0.00969	0.01130	0.00807	0.00404	0.00404	0.00081	0.00404	0.00323	0.00323	0.84173
11	0.01349	0.01295	0.02213	0.03346	0.77440	0.01295	0.01673	0.01673	0.01241	0.01781	0.01025	0.01349	0.00864	0.00486	0.00540	0.00162	0.00648	0.00486	0.00270	0.00864
12	0.00958	0.00724	0.01021	0.01091	0.07664	0.00694	0.03293	0.01171	0.04081	0.05797	0.04402	0.44265	0.02607	0.04636	0.00763	0.00208	0.03395	0.02805	0.00453	0.09972
13	0.05278	0.00689	0.00697	0.00635	0.00812	0.00722	0.00487	0.12415	0.01326	0.02208	0.01654	0.01955	0.01320	0.05193	0.00540	0.00157	0.00330	0.00511	0.62506	0.00565
14	0.02268	0.01021	0.01306	0.01023	0.01429	0.00960	0.00845	0.14329	0.04897	0.59184	0.02052	0.01970	0.01376	0.00712	0.00557	0.00172	0.00486	0.03865	0.00641	0.00906
15	0.01323	0.01221	0.04423	0.27204	0.26143	0.01231	0.14387	0.03346	0.03392	0.08205	0.03041	0.01527	0.00979	0.00544	0.00563	0.00174	0.00693	0.00532	0.00318	0.00755
16	0.08929	0.00949	0.04431	0.05565	0.04792	0.01012	0.03458	0.05224	0.01058	0.01600	0.04400	0.12183	0.01602	0.17353	0.07790	0.00321	0.15778	0.00697	0.02306	0.00552
17	0.00835	0.00620	0.00777	0.03826	0.00853	0.00686	0.00510	0.00882	0.00838	0.01143	0.01688	0.10792	0.01919	0.57052	0.05810	0.00466	0.09770	0.00810	0.00332	0.00390
18	0.07142	0.01400	0.14065	0.05794	0.10996	0.01200	0.06641	0.07922	0.14986	0.03673	0.02984	0.01728	0.05882	0.00738	0.02786	0.00189	0.03277	0.00536	0.00376	0.07683
19	0.61425	0.01272	0.09814	0.00920	0.03224	0.01203	0.00814	0.04580	0.01071	0.06643	0.00901	0.01010	0.00675	0.00518	0.00386	0.00165	0.00480	0.00336	0.00350	0.04212

[dist]
# distance from previous block
# <min> <max>
1	6

[block]
# block no. 10 follows, 44 sequences, length 7
# corresponding to MSA columns:
# 497-502,508
name=unknown_K
#
# <colnr> <probs for GDERKNQSTAVLIFYWHMCP>
#	G	D	E	R	K	N	Q	S	T	A	V	L	I	F	Y	W	H	M	C	P
0	0.01481	0.01302	0.01659	0.01373	0.01516	0.01677	0.01141	0.25675	0.01402	0.02008	0.00910	0.01231	0.00785	0.00856	0.01381	0.00214	0.53863	0.00482	0.00339	0.00705
1	0.01347	0.00675	0.00935	0.00838	0.01014	0.00670	0.00635	0.01464	0.01067	0.26291	0.01675	0.02248	0.01423	0.16398	0.31026	0.09845	0.00858	0.00597	0.00418	0.00576
2	0.01286	0.00650	0.00852	0.00785	0.00983	0.00581	0.00593	0.01468	0.01352	0.26670	0.20637	0.27624	0.08709	0.01160	0.00619	0.00186	0.00345	0.01015	0.03862	0.00623
3	0.78052	0.01044	0.00839	0.00737	0.01082	0.01189	0.00607	0.01688	0.00979	0.08530	0.00871	0.00964	0.00652	0.00520	0.00354	0.00169	0.00425	0.00316	0.00365	0.00618
4	0.57605	0.01209	0.01075	0.00893	0.01263	0.01376	0.00737	0.25870	0.01464	0.02771	0.00939	0.01024	0.00701	0.00555	0.00406	0.00167	0.00480	0.00359	0.00406	0.00701
5	0.01383	0.01167	0.01638	0.48551	0.02920	0.01400	0.01336	0.25723	0.01556	0.02057	0.01063	0.01388	0.00792	0.00609	0.00630	0.00180	0.06071	0.00486	0.00341	0.00710
6	0.00904	0.00673	0.00770	0.00664	0.00823	0.00594	0.00434	0.00983	0.00904	0.01293	0.01472	0.02769	0.01597	0.54469	0.01997	0.00382	0.00488	0.00639	0.00328	0.27818

[dist]
# distance from previous block
# <min> <max>
1	20

[block]
# block no. 11 follows, 44 sequences, length 8
# corresponding to MSA columns:
# 529-536
name=unknown_L
#
# <colnr> <probs for GDERKNQSTAVLIFYWHMCP>
#	G	D	E	R	K	N	Q	S	T	A	V	L	I	F	Y	W	H	M	C	P
0	0.15383	0.01250	0.06991	0.07377	0.08697	0.04208	0.01012	0.11141	0.05677	0.20200	0.06753	0.01663	0.01292	0.03114	0.00617	0.00182	0.02725	0.00510	0.00448	0.00760
1	0.00808	0.00593	0.00723	0.00766	0.00865	0.00571	0.00545	0.07202	0.01236	0.01630	0.08911	0.48417	0.14279	0.06448	0.00803	0.00228	0.00352	0.04630	0.00506	0.00488
2	0.01812	0.01160	0.06178	0.12294	0.01814	0.06651	0.06429	0.02063	0.01365	0.40208	0.04272	0.01919	0.01331	0.09104	0.00787	0.00208	0.00594	0.00563	0.00488	0.00761
3	0.01539	0.05808	0.29134	0.04019	0.10722	0.04678	0.04869	0.05583	0.05013	0.17745	0.01283	0.01378	0.00918	0.00582	0.00586	0.00170	0.04327	0.00467	0.00365	0.00815
4	0.01407	0.03804	0.15191	0.05951	0.31847	0.01241	0.08492	0.08026	0.01349	0.09394	0.01296	0.07218	0.01075	0.00615	0.00553	0.00171	0.00656	0.00566	0.00342	0.00805
5	0.00843	0.00598	0.00776	0.00761	0.00842	0.00640	0.00543	0.04506	0.00956	0.01303	0.01896	0.05408	0.08067	0.27840	0.35810	0.06809	0.00910	0.00718	0.00338	0.00436
6	0.25648	0.04988	0.03991	0.01122	0.03218	0.20172	0.04035	0.08755	0.01312	0.01991	0.00987	0.02836	0.00812	0.00558	0.00469	0.00148	0.02275	0.00396	0.04396	0.11893
7	0.00866	0.00642	0.00757	0.00767	0.00891	0.00625	0.00549	0.10833	0.01319	0.01734	0.09798	0.43101	0.18591	0.05924	0.00778	0.00219	0.00353	0.01232	0.00510	0.00511

[dist]
# distance from previous block
# <min> <max>
10	175

# created by:
# /home/berkeley/.conda/envs/busco_data_prod/bin/msa2prfl.pl pipeline/OGs_align_augustus/33634/4232.fs
