[name]
unknown

[dist]
# distance from previous block
# <min> <max>
13	197

[block]
# block no. 0 follows, 42 sequences, length 24
# corresponding to MSA columns:
# 264-287
name=unknown_A
#
# <colnr> <probs for GDERKNQSTAVLIFYWHMCP>
#	G	D	E	R	K	N	Q	S	T	A	V	L	I	F	Y	W	H	M	C	P
0	0.27900	0.01191	0.01563	0.30399	0.14862	0.04955	0.04770	0.01611	0.01132	0.01886	0.00941	0.01257	0.00736	0.00530	0.00489	0.00173	0.00643	0.00432	0.00294	0.04236
1	0.01150	0.00982	0.01149	0.00832	0.01315	0.00740	0.00662	0.01394	0.01164	0.01820	0.01075	0.03971	0.00936	0.00465	0.00428	0.00089	0.00414	0.00379	0.00340	0.80698
2	0.01748	0.01338	0.01456	0.01214	0.01581	0.01490	0.00994	0.43130	0.24363	0.02932	0.01857	0.02265	0.01500	0.00823	0.00595	0.00188	0.00553	0.10536	0.00560	0.00877
3	0.25678	0.01330	0.01682	0.02083	0.34849	0.03568	0.01217	0.15527	0.01469	0.05967	0.01084	0.01260	0.00841	0.00552	0.00497	0.00169	0.00592	0.00444	0.00373	0.00818
4	0.01303	0.01246	0.02123	0.23886	0.56979	0.01314	0.01683	0.01649	0.01239	0.01730	0.01043	0.01422	0.00853	0.00518	0.00559	0.00173	0.00691	0.00501	0.00271	0.00819
5	0.01449	0.68990	0.14030	0.01058	0.01592	0.02090	0.01129	0.01700	0.01150	0.01392	0.00816	0.00945	0.00721	0.00489	0.00387	0.00129	0.00636	0.00318	0.00240	0.00739
6	0.00896	0.00564	0.00645	0.00631	0.00651	0.00558	0.00363	0.00906	0.00854	0.04549	0.01794	0.03602	0.02016	0.76605	0.02760	0.00529	0.00543	0.00807	0.00357	0.00369
7	0.01395	0.01468	0.10328	0.02511	0.04755	0.15836	0.06956	0.03896	0.07096	0.06525	0.08876	0.02038	0.04593	0.02488	0.03605	0.00201	0.00650	0.00585	0.15514	0.00684
8	0.01748	0.08305	0.01808	0.01421	0.01719	0.41291	0.08510	0.08542	0.01479	0.01599	0.01005	0.01283	0.00856	0.02690	0.08353	0.00242	0.07722	0.00446	0.00309	0.00672
9	0.00793	0.00594	0.00663	0.00654	0.00834	0.00517	0.00501	0.00966	0.01337	0.04889	0.17379	0.05085	0.52469	0.03728	0.00736	0.00204	0.00318	0.07289	0.00541	0.00505
10	0.00935	0.00623	0.00798	0.00808	0.00961	0.00582	0.00632	0.01180	0.03212	0.07846	0.27916	0.17002	0.16044	0.01344	0.00689	0.00207	0.00359	0.17744	0.00569	0.00550
11	0.05880	0.01122	0.01552	0.04302	0.01689	0.01207	0.14211	0.08270	0.27617	0.05315	0.02088	0.15401	0.04585	0.00885	0.00644	0.00195	0.03019	0.00787	0.00479	0.00750
12	0.00818	0.00546	0.00614	0.00614	0.00614	0.00546	0.00341	0.00818	0.00818	0.01091	0.01773	0.03683	0.02046	0.80222	0.02864	0.00546	0.00546	0.00818	0.00341	0.00341
13	0.00703	0.00502	0.00673	0.00803	0.00843	0.00472	0.00552	0.00813	0.01094	0.01456	0.03092	0.74151	0.03685	0.01747	0.00723	0.00231	0.00341	0.07135	0.00522	0.00462
14	0.00784	0.00533	0.00634	0.00675	0.00688	0.00524	0.00410	0.00820	0.00906	0.01207	0.02183	0.24966	0.02552	0.55785	0.02198	0.00448	0.00484	0.03424	0.00397	0.00379
15	0.04287	0.01111	0.01852	0.52578	0.19854	0.01284	0.05064	0.01585	0.03921	0.01619	0.01059	0.01477	0.00817	0.00551	0.00559	0.00183	0.00718	0.00506	0.00274	0.00700
16	0.01204	0.01355	0.05978	0.11953	0.08764	0.04889	0.36869	0.01576	0.01261	0.01672	0.01492	0.14659	0.01399	0.00752	0.00642	0.00194	0.00777	0.03547	0.00326	0.00692
17	0.00760	0.00575	0.00694	0.00716	0.00831	0.00537	0.00510	0.00991	0.04903	0.01753	0.27939	0.28862	0.21258	0.06067	0.00807	0.00219	0.00315	0.01216	0.00546	0.00500
18	0.01505	0.80561	0.02949	0.00963	0.01444	0.02227	0.00963	0.01685	0.01143	0.01324	0.00782	0.00903	0.00722	0.00481	0.00361	0.00120	0.00602	0.00301	0.00241	0.00722
19	0.03403	0.04534	0.05888	0.06578	0.01589	0.00941	0.00855	0.05431	0.01265	0.07213	0.01187	0.04817	0.00987	0.00535	0.00462	0.00118	0.00486	0.00432	0.00365	0.52915
20	0.05390	0.01944	0.04314	0.01293	0.01644	0.34022	0.01033	0.13637	0.24630	0.04378	0.01426	0.01432	0.01083	0.00651	0.00532	0.00166	0.00730	0.00475	0.00432	0.00787
21	0.00843	0.00568	0.00725	0.03704	0.00829	0.00597	0.00475	0.00869	0.00838	0.01134	0.01604	0.03093	0.01753	0.53660	0.17392	0.09760	0.00735	0.00728	0.00319	0.00373
22	0.01392	0.01967	0.30337	0.10715	0.10159	0.08138	0.11281	0.04556	0.01337	0.07691	0.01257	0.02931	0.00991	0.00619	0.00573	0.00181	0.00778	0.03995	0.00321	0.00781
23	0.01056	0.07934	0.01196	0.06846	0.04075	0.04593	0.02489	0.03391	0.01142	0.01500	0.07938	0.02775	0.08537	0.29297	0.05496	0.00332	0.00596	0.00686	0.00362	0.09760

[dist]
# distance from previous block
# <min> <max>
1	22

[block]
# block no. 1 follows, 42 sequences, length 28
# corresponding to MSA columns:
# 310-337
name=unknown_B
#
# <colnr> <probs for GDERKNQSTAVLIFYWHMCP>
#	G	D	E	R	K	N	Q	S	T	A	V	L	I	F	Y	W	H	M	C	P
0	0.20050	0.00928	0.01081	0.03457	0.06514	0.00938	0.00774	0.04802	0.04083	0.11976	0.11015	0.07800	0.09355	0.00860	0.00565	0.00176	0.01778	0.04111	0.00471	0.09265
1	0.01349	0.01292	0.02205	0.13495	0.67014	0.01326	0.01705	0.01689	0.01261	0.01785	0.01051	0.01407	0.00873	0.00510	0.00558	0.00170	0.00679	0.00501	0.00275	0.00856
2	0.00817	0.00576	0.00666	0.00678	0.00737	0.00560	0.00441	0.02711	0.01039	0.01364	0.06980	0.13633	0.13210	0.47440	0.01960	0.00405	0.00464	0.05483	0.00423	0.00413
3	0.01217	0.08263	0.68748	0.01533	0.02322	0.01350	0.01946	0.01818	0.01204	0.05071	0.01047	0.01200	0.00744	0.00538	0.00524	0.00174	0.00800	0.00414	0.00258	0.00830
4	0.01366	0.51828	0.30464	0.01200	0.01811	0.01886	0.01376	0.01721	0.01160	0.01494	0.00867	0.01008	0.00719	0.00501	0.00425	0.00142	0.00687	0.00343	0.00240	0.00763
5	0.01290	0.36328	0.45307	0.01328	0.02009	0.01703	0.01599	0.01740	0.01169	0.01585	0.00912	0.01065	0.00717	0.00512	0.00460	0.00153	0.00733	0.00366	0.00239	0.00785
6	0.00784	0.00576	0.00719	0.00696	0.00825	0.00530	0.00518	0.01005	0.01457	0.02003	0.54423	0.04466	0.16152	0.08389	0.00870	0.00217	0.00308	0.04984	0.00573	0.00504
7	0.03102	0.00806	0.01007	0.00856	0.01143	0.00740	0.00674	0.03606	0.06165	0.31579	0.20780	0.09171	0.11308	0.00969	0.00601	0.00178	0.00385	0.00822	0.02440	0.03669
8	0.01277	0.03941	0.03581	0.01059	0.01328	0.08551	0.02696	0.05046	0.10205	0.07281	0.07516	0.15186	0.03737	0.01134	0.03291	0.00212	0.02101	0.12625	0.00470	0.08764
9	0.01318	0.00994	0.01391	0.01150	0.01401	0.06700	0.15847	0.01585	0.03583	0.12149	0.07098	0.03945	0.01867	0.16519	0.01075	0.01980	0.00584	0.07836	0.12367	0.00611
10	0.00807	0.00545	0.00638	0.00658	0.00670	0.00544	0.00395	0.00834	0.00871	0.01161	0.01971	0.12379	0.02274	0.66162	0.04231	0.00505	0.00541	0.04081	0.00368	0.00366
11	0.01266	0.01208	0.02055	0.32434	0.48723	0.01304	0.01664	0.01616	0.01221	0.01685	0.01036	0.01434	0.00837	0.00525	0.00559	0.00175	0.00700	0.00501	0.00268	0.00789
12	0.05371	0.01325	0.01370	0.01217	0.04140	0.15161	0.04190	0.07712	0.11808	0.19749	0.04434	0.02084	0.05383	0.00941	0.04848	0.00215	0.02270	0.03153	0.03869	0.00760
13	0.00710	0.00513	0.00676	0.00792	0.00848	0.00479	0.00554	0.00832	0.01130	0.01495	0.05866	0.65364	0.08243	0.01700	0.00719	0.00227	0.00340	0.08517	0.00525	0.00467
14	0.25426	0.01089	0.01524	0.40374	0.13395	0.01296	0.01287	0.01538	0.01082	0.01808	0.00929	0.01297	0.00729	0.00568	0.00579	0.00184	0.05510	0.00443	0.00283	0.00658
15	0.00804	0.00603	0.00904	0.00904	0.01005	0.00703	0.00703	0.01005	0.00904	0.01306	0.01507	0.02211	0.01407	0.04221	0.77992	0.00904	0.01507	0.00603	0.00301	0.00502
16	0.01167	0.01000	0.01167	0.00834	0.01334	0.00750	0.00667	0.01417	0.01167	0.01834	0.01000	0.01167	0.00834	0.00417	0.00417	0.00083	0.00417	0.00333	0.00333	0.83663
17	0.00800	0.00552	0.00626	0.00626	0.00653	0.00547	0.00372	0.00828	0.00877	0.01153	0.02214	0.03799	0.10654	0.66664	0.06965	0.00525	0.00571	0.00849	0.00360	0.00366
18	0.01620	0.01309	0.01321	0.01054	0.01460	0.11793	0.00837	0.06471	0.14406	0.14109	0.01416	0.01443	0.01067	0.00583	0.00544	0.00137	0.03536	0.00445	0.00438	0.36012
19	0.00686	0.00570	0.00603	0.00615	0.00789	0.00486	0.00464	0.00839	0.01287	0.01563	0.09115	0.10017	0.64337	0.01439	0.00674	0.00195	0.00299	0.05015	0.00527	0.00479
20	0.02121	0.01523	0.01646	0.01271	0.01713	0.01676	0.01047	0.67051	0.06469	0.07532	0.01449	0.01422	0.01021	0.00681	0.00564	0.00170	0.00602	0.00517	0.00571	0.00954
21	0.01371	0.01315	0.02244	0.08498	0.71840	0.01331	0.01716	0.01708	0.01271	0.01812	0.01055	0.01400	0.00882	0.00506	0.00558	0.00169	0.00674	0.00501	0.00277	0.00874
22	0.01608	0.01198	0.01310	0.01136	0.01474	0.01336	0.00899	0.13815	0.51578	0.11225	0.02183	0.04703	0.01668	0.00795	0.00580	0.00188	0.00474	0.02363	0.00583	0.00885
23	0.08638	0.01276	0.01394	0.01107	0.01508	0.05443	0.00900	0.30697	0.01930	0.33637	0.01748	0.06400	0.01269	0.00734	0.00554	0.00174	0.00550	0.00575	0.00584	0.00882
24	0.00706	0.00512	0.00672	0.00792	0.00847	0.00478	0.00553	0.00824	0.01116	0.01468	0.03295	0.66605	0.09439	0.01715	0.00720	0.00229	0.00342	0.08700	0.00522	0.00465
25	0.01804	0.00997	0.01421	0.01120	0.01478	0.00954	0.08826	0.11324	0.04291	0.35099	0.18924	0.02349	0.02187	0.00993	0.05377	0.00221	0.00561	0.00677	0.00588	0.00808
26	0.02452	0.00992	0.01317	0.01019	0.01448	0.00889	0.00839	0.05201	0.05581	0.70636	0.02194	0.01906	0.01396	0.00699	0.00566	0.00175	0.00482	0.00568	0.00685	0.00954
27	0.01026	0.00626	0.00826	0.00747	0.00920	0.00570	0.00570	0.01285	0.01595	0.12188	0.66570	0.03900	0.04790	0.01090	0.00651	0.00177	0.00294	0.00958	0.00630	0.00588

[dist]
# distance from previous block
# <min> <max>
0	1

[block]
# block no. 2 follows, 42 sequences, length 27
# corresponding to MSA columns:
# 339-365
name=unknown_C
#
# <colnr> <probs for GDERKNQSTAVLIFYWHMCP>
#	G	D	E	R	K	N	Q	S	T	A	V	L	I	F	Y	W	H	M	C	P
0	0.02027	0.01387	0.01526	0.01211	0.01627	0.01511	0.00987	0.45814	0.19882	0.15405	0.01718	0.01623	0.01210	0.00700	0.00566	0.00175	0.00555	0.00547	0.00587	0.00941
1	0.01281	0.01030	0.01247	0.01025	0.05617	0.00842	0.00764	0.04850	0.03315	0.05599	0.01209	0.02768	0.01015	0.00513	0.00459	0.00107	0.00445	0.02523	0.00374	0.65017
2	0.01251	0.01259	0.01857	0.01547	0.01623	0.01675	0.08534	0.01495	0.05289	0.01458	0.00869	0.01311	0.00808	0.00921	0.01654	0.00237	0.66781	0.00518	0.00269	0.00646
3	0.01586	0.01260	0.01374	0.01182	0.01512	0.01446	0.00938	0.15486	0.54143	0.06898	0.02031	0.01907	0.01508	0.00757	0.00645	0.00189	0.05087	0.00601	0.00559	0.00890
4	0.00978	0.00489	0.00733	0.00733	0.00733	0.00489	0.00489	0.00733	0.00733	0.00978	0.00978	0.01711	0.00978	0.01955	0.02199	0.83627	0.00489	0.00489	0.00244	0.00244
5	0.01167	0.01000	0.01167	0.00834	0.01334	0.00750	0.00667	0.01417	0.01167	0.01834	0.01000	0.01167	0.00834	0.00417	0.00417	0.00083	0.00417	0.00333	0.00333	0.83663
6	0.06027	0.01170	0.01371	0.01289	0.08943	0.01211	0.00925	0.08375	0.33659	0.14009	0.01773	0.01712	0.01308	0.00646	0.00530	0.00164	0.00482	0.00530	0.00508	0.15367
7	0.00768	0.00514	0.00686	0.00788	0.00843	0.00477	0.00535	0.00880	0.01130	0.04586	0.07371	0.72218	0.03720	0.01683	0.00709	0.00223	0.00329	0.01523	0.00535	0.00482
8	0.00704	0.00508	0.00670	0.00784	0.00836	0.00473	0.00541	0.00823	0.01130	0.01503	0.07505	0.67710	0.07110	0.01700	0.00716	0.00226	0.00332	0.05735	0.00528	0.00466
9	0.16296	0.00908	0.01121	0.00916	0.01276	0.00845	0.00740	0.02248	0.01440	0.51829	0.06271	0.10307	0.01732	0.00808	0.00550	0.00180	0.00443	0.00658	0.00613	0.00819
10	0.02350	0.01086	0.01359	0.01051	0.01474	0.01036	0.00865	0.19085	0.03478	0.55523	0.02008	0.01799	0.01303	0.00692	0.00558	0.00171	0.00501	0.00552	0.04171	0.00938
11	0.00755	0.00603	0.00658	0.00674	0.00833	0.00542	0.00492	0.04994	0.01299	0.01610	0.04685	0.27220	0.50667	0.01483	0.00675	0.00200	0.00316	0.01271	0.00525	0.00497
12	0.01664	0.09452	0.01526	0.01165	0.03469	0.01385	0.00929	0.24470	0.18866	0.11172	0.05421	0.05760	0.01611	0.00798	0.00610	0.00178	0.03566	0.03674	0.03459	0.00823
13	0.00978	0.00489	0.00733	0.00733	0.00733	0.00489	0.00489	0.00733	0.00733	0.00978	0.00978	0.01711	0.00978	0.01955	0.02199	0.83627	0.00489	0.00489	0.00244	0.00244
14	0.00704	0.00519	0.00663	0.00768	0.00838	0.00478	0.00540	0.00827	0.01142	0.01490	0.05104	0.59285	0.16020	0.01675	0.00713	0.00224	0.00335	0.07687	0.00524	0.00467
15	0.00804	0.00589	0.00697	0.00670	0.00839	0.00521	0.00510	0.01013	0.01445	0.04561	0.39673	0.04742	0.36554	0.01272	0.00665	0.00186	0.00292	0.03870	0.00575	0.00521
16	0.01247	0.24675	0.52766	0.01513	0.05746	0.01567	0.01748	0.01752	0.01180	0.01656	0.00948	0.01118	0.00724	0.00518	0.00487	0.00161	0.00759	0.00388	0.00240	0.00804
17	0.00857	0.00601	0.00825	0.04618	0.01051	0.00615	0.00644	0.00985	0.01119	0.05911	0.06121	0.62196	0.03293	0.01557	0.00783	0.00222	0.06211	0.01377	0.00503	0.00510
18	0.00690	0.00498	0.00653	0.00770	0.00815	0.00461	0.00518	0.00797	0.01111	0.01478	0.06550	0.72784	0.07356	0.01719	0.00713	0.00224	0.00322	0.01553	0.00527	0.00461
19	0.01336	0.05030	0.13271	0.01408	0.06904	0.02787	0.06023	0.13689	0.16094	0.02183	0.12294	0.06678	0.01911	0.00816	0.00643	0.00185	0.03913	0.03621	0.00447	0.00767
20	0.00911	0.00658	0.00899	0.00859	0.01004	0.00707	0.00668	0.01104	0.01040	0.04871	0.04180	0.06112	0.11527	0.02947	0.46686	0.00609	0.04891	0.00711	0.04380	0.05235
21	0.01463	0.46731	0.02380	0.01214	0.05881	0.01754	0.05144	0.08034	0.01328	0.04588	0.04630	0.06438	0.01307	0.00684	0.00512	0.00153	0.02703	0.03991	0.00340	0.00726
22	0.02777	0.06741	0.42782	0.08118	0.08209	0.01299	0.04322	0.05211	0.01269	0.04128	0.01099	0.01302	0.00813	0.00542	0.00519	0.00168	0.00724	0.00441	0.04987	0.04550
23	0.10023	0.01429	0.17287	0.04877	0.01591	0.04754	0.01047	0.07404	0.08299	0.12223	0.08706	0.03818	0.09801	0.00853	0.00650	0.04906	0.00553	0.00623	0.00444	0.00714
24	0.01050	0.05966	0.08982	0.01988	0.01200	0.00866	0.00809	0.04417	0.03421	0.06463	0.30834	0.11323	0.13397	0.01078	0.00683	0.00185	0.04262	0.01951	0.00508	0.00618
25	0.03202	0.06030	0.09614	0.05915	0.03325	0.04420	0.23089	0.01816	0.03342	0.13045	0.07232	0.01844	0.04914	0.00625	0.00570	0.00168	0.00670	0.00588	0.00388	0.09205
26	0.04890	0.09881	0.15279	0.08138	0.03064	0.04553	0.03661	0.09001	0.01363	0.07622	0.06800	0.06021	0.01392	0.05187	0.00698	0.00187	0.02844	0.00563	0.00375	0.08483

[dist]
# distance from previous block
# <min> <max>
2	35

[block]
# block no. 3 follows, 42 sequences, length 65
# corresponding to MSA columns:
# 401-465
name=unknown_D
#
# <colnr> <probs for GDERKNQSTAVLIFYWHMCP>
#	G	D	E	R	K	N	Q	S	T	A	V	L	I	F	Y	W	H	M	C	P
0	0.06672	0.06623	0.04318	0.12321	0.06573	0.28860	0.01076	0.01858	0.01390	0.09941	0.07381	0.01714	0.04949	0.00780	0.03052	0.00187	0.00748	0.00509	0.00365	0.00682
1	0.20385	0.17819	0.01592	0.01011	0.01395	0.01439	0.02931	0.12712	0.14139	0.11752	0.04418	0.02997	0.03833	0.00675	0.00487	0.00167	0.00506	0.00514	0.00457	0.00770
2	0.04127	0.40903	0.18963	0.01245	0.01768	0.02766	0.07380	0.03838	0.02550	0.04350	0.03701	0.01221	0.00943	0.00556	0.00509	0.00152	0.03570	0.00412	0.00293	0.00752
3	0.01348	0.03979	0.07012	0.11796	0.38991	0.04094	0.06154	0.03720	0.01274	0.03073	0.01184	0.04126	0.01031	0.00636	0.00662	0.00181	0.06350	0.03300	0.00302	0.00788
4	0.06747	0.05694	0.04698	0.03416	0.01621	0.06718	0.10910	0.03203	0.01404	0.26574	0.07133	0.06301	0.06812	0.00864	0.02898	0.00195	0.00604	0.00651	0.00479	0.03077
5	0.00820	0.00554	0.00649	0.00666	0.00685	0.00551	0.00412	0.00860	0.00905	0.01207	0.04639	0.07340	0.02355	0.66163	0.02485	0.00490	0.00523	0.07949	0.00376	0.00370
6	0.00853	0.03964	0.00802	0.00714	0.00755	0.00677	0.00468	0.00908	0.00893	0.01208	0.04843	0.07719	0.02089	0.55893	0.12463	0.00530	0.03658	0.00809	0.00350	0.00404
7	0.02834	0.06486	0.31628	0.06722	0.13316	0.01373	0.04221	0.11792	0.04013	0.10465	0.01231	0.01365	0.00890	0.00571	0.00540	0.00173	0.00705	0.00471	0.00355	0.00848
8	0.00821	0.00620	0.00901	0.00892	0.00977	0.00723	0.00681	0.00996	0.00893	0.01283	0.01510	0.02345	0.01456	0.12902	0.66475	0.00839	0.04270	0.00624	0.00304	0.00488
9	0.00767	0.00522	0.00690	0.00783	0.00848	0.00484	0.00542	0.00892	0.01162	0.04161	0.10698	0.64695	0.06302	0.01645	0.00707	0.00221	0.00330	0.03527	0.00538	0.00484
10	0.22368	0.09218	0.12460	0.12071	0.01865	0.03286	0.01101	0.11209	0.04738	0.11815	0.01259	0.04141	0.00967	0.00625	0.00490	0.00173	0.00594	0.00471	0.00395	0.00753
11	0.04605	0.08893	0.06170	0.03788	0.20579	0.06374	0.05219	0.07267	0.02469	0.12652	0.08250	0.04646	0.01507	0.00700	0.00580	0.00173	0.02001	0.02939	0.00408	0.00780
12	0.02363	0.01218	0.01467	0.01125	0.01566	0.01213	0.00929	0.33035	0.02046	0.46194	0.01855	0.01678	0.01210	0.00688	0.00565	0.00172	0.00538	0.00541	0.00640	0.00957
13	0.00812	0.00607	0.00905	0.00915	0.01018	0.00699	0.00720	0.01018	0.00936	0.01337	0.01626	0.02544	0.01554	0.04006	0.71772	0.00852	0.01428	0.06429	0.00319	0.00504
14	0.01420	0.01399	0.09167	0.13641	0.15407	0.07456	0.06457	0.04162	0.07282	0.09493	0.09616	0.01807	0.01459	0.00667	0.00631	0.00177	0.04591	0.00568	0.03843	0.00755
15	0.01876	0.00908	0.01140	0.00943	0.01265	0.00864	0.00756	0.12052	0.03734	0.39573	0.10071	0.10034	0.02044	0.00868	0.00578	0.00177	0.00437	0.02482	0.09394	0.00803
16	0.00817	0.00551	0.00640	0.00640	0.00649	0.00560	0.00374	0.00835	0.00826	0.01111	0.01749	0.03550	0.01989	0.73390	0.09618	0.00578	0.00632	0.00799	0.00337	0.00356
17	0.00723	0.00516	0.00695	0.00826	0.00875	0.00489	0.00587	0.00847	0.01114	0.01478	0.03081	0.67592	0.03641	0.01728	0.00728	0.00234	0.00358	0.13499	0.00522	0.00467
18	0.02005	0.04972	0.04777	0.04247	0.03984	0.09336	0.03706	0.27034	0.03180	0.23913	0.01526	0.01521	0.01066	0.00641	0.00542	0.00166	0.00623	0.00504	0.05398	0.00861
19	0.63349	0.10461	0.03828	0.00838	0.01223	0.03887	0.00733	0.01756	0.01053	0.07399	0.00892	0.00994	0.00683	0.00532	0.00376	0.00167	0.00491	0.00328	0.00354	0.00656
20	0.01487	0.52165	0.14279	0.01292	0.07098	0.08151	0.01199	0.03797	0.01234	0.01499	0.00879	0.01037	0.00757	0.00596	0.02320	0.00155	0.00699	0.00352	0.00258	0.00747
21	0.01528	0.61470	0.12323	0.01096	0.01606	0.08193	0.01120	0.04397	0.01240	0.01468	0.00839	0.00965	0.00730	0.00503	0.00402	0.00132	0.00665	0.00328	0.00256	0.00739
22	0.01570	0.42794	0.18635	0.01253	0.03987	0.04373	0.03807	0.01913	0.03456	0.11798	0.01096	0.01178	0.00851	0.00534	0.00454	0.00147	0.00658	0.00393	0.00316	0.00787
23	0.01294	0.01522	0.21561	0.15229	0.15042	0.01134	0.05363	0.03822	0.01274	0.10268	0.01526	0.12506	0.01350	0.00769	0.00615	0.00189	0.02224	0.03199	0.00361	0.00753
24	0.03857	0.00730	0.00989	0.03248	0.01120	0.00820	0.03283	0.04869	0.01078	0.01621	0.01724	0.07074	0.04199	0.08830	0.34022	0.00520	0.06246	0.00667	0.14565	0.00536
25	0.01691	0.12660	0.15867	0.06032	0.04557	0.10255	0.04263	0.03007	0.07269	0.21559	0.01492	0.05273	0.01140	0.00660	0.00555	0.00170	0.01808	0.00529	0.00414	0.00800
26	0.01521	0.06786	0.25563	0.01302	0.01797	0.01140	0.06776	0.05972	0.01374	0.21131	0.01730	0.06683	0.02447	0.00895	0.03177	0.00211	0.02599	0.07685	0.00428	0.00784
27	0.00740	0.00546	0.00770	0.00849	0.00919	0.00513	0.02985	0.00871	0.01138	0.01516	0.07420	0.62044	0.05705	0.01658	0.00744	0.01687	0.00364	0.08542	0.00515	0.00474
28	0.01260	0.07177	0.50092	0.04398	0.02287	0.04038	0.06941	0.01967	0.11644	0.03151	0.01201	0.01340	0.00878	0.00565	0.00539	0.00176	0.00769	0.00461	0.00299	0.00817
29	0.11131	0.07376	0.09742	0.09110	0.05398	0.02431	0.17611	0.01809	0.05292	0.11469	0.03933	0.06475	0.02248	0.00687	0.00562	0.00182	0.00650	0.02777	0.00384	0.00733
30	0.01357	0.06433	0.21217	0.19311	0.08124	0.01368	0.19166	0.05045	0.03683	0.07169	0.01171	0.01424	0.00860	0.00546	0.00568	0.00179	0.00769	0.00516	0.00313	0.00782
31	0.00804	0.00940	0.13969	0.00949	0.01138	0.00646	0.00838	0.01020	0.01109	0.01507	0.02648	0.46777	0.04852	0.06139	0.04036	0.00269	0.00500	0.10878	0.00453	0.00526
32	0.01264	0.01207	0.14149	0.05198	0.05217	0.00921	0.04615	0.03574	0.07087	0.14340	0.12869	0.11383	0.11010	0.01004	0.02149	0.00202	0.00537	0.02088	0.00480	0.00709
33	0.13792	0.14739	0.26377	0.01467	0.04669	0.04462	0.11996	0.03621	0.02292	0.07137	0.01134	0.01399	0.00883	0.00570	0.00509	0.00171	0.00707	0.02988	0.00320	0.00767
34	0.01537	0.01285	0.04659	0.18088	0.25291	0.03687	0.03198	0.10195	0.05620	0.12647	0.04512	0.01653	0.01178	0.00729	0.03101	0.00199	0.00675	0.00540	0.00395	0.00812
35	0.00805	0.00563	0.00700	0.03948	0.00859	0.00563	0.00493	0.00869	0.00961	0.01268	0.03797	0.17880	0.07734	0.43956	0.04164	0.03945	0.00513	0.06183	0.00397	0.00401
36	0.05443	0.24680	0.26142	0.06644	0.01966	0.06093	0.06049	0.02997	0.01243	0.04359	0.01426	0.01554	0.07932	0.00612	0.00498	0.00162	0.00690	0.00476	0.00300	0.00732
37	0.07734	0.03024	0.10182	0.08747	0.04270	0.05640	0.08901	0.07368	0.10685	0.23161	0.01511	0.01554	0.01065	0.00628	0.00588	0.00178	0.02972	0.00518	0.00450	0.00823
38	0.03911	0.18375	0.08101	0.25166	0.19522	0.01486	0.09791	0.01618	0.01180	0.01603	0.00993	0.01330	0.00802	0.00639	0.03085	0.00191	0.00744	0.00467	0.00262	0.00733
39	0.04785	0.19981	0.01772	0.01198	0.01512	0.39592	0.02874	0.03680	0.01414	0.01587	0.03695	0.01256	0.00979	0.00598	0.00509	0.00145	0.03320	0.00405	0.10042	0.00656
40	0.07933	0.13173	0.18420	0.02757	0.07270	0.06126	0.09838	0.01687	0.01274	0.07510	0.08146	0.04267	0.05941	0.00692	0.00570	0.00172	0.02569	0.00576	0.00355	0.00723
41	0.04602	0.09220	0.09849	0.01267	0.08712	0.01042	0.05136	0.03800	0.04408	0.05563	0.14378	0.10526	0.09437	0.01145	0.05879	0.00230	0.00579	0.03126	0.00430	0.00670
42	0.00926	0.00611	0.00734	0.00709	0.00889	0.00542	0.00540	0.01109	0.01358	0.10260	0.21785	0.13128	0.36574	0.01421	0.03449	0.00218	0.00361	0.04282	0.00557	0.00544
43	0.03825	0.05056	0.25727	0.11559	0.11492	0.01244	0.12595	0.01796	0.01254	0.11564	0.01284	0.01651	0.00988	0.00723	0.03352	0.00207	0.00761	0.03812	0.00330	0.00781
44	0.06205	0.08339	0.13844	0.09513	0.02377	0.07845	0.26730	0.04451	0.01357	0.12214	0.01189	0.01387	0.00864	0.00543	0.00560	0.00174	0.00782	0.00514	0.00341	0.00770
45	0.01164	0.07399	0.53788	0.01477	0.02145	0.01259	0.06745	0.01688	0.01180	0.04101	0.02960	0.01476	0.00969	0.04164	0.06874	0.00249	0.00842	0.00477	0.00274	0.00769
46	0.01075	0.00766	0.00885	0.03526	0.01115	0.00789	0.00651	0.01642	0.20837	0.06941	0.13070	0.12129	0.17876	0.01145	0.02559	0.00203	0.00390	0.02156	0.11609	0.00635
47	0.01567	0.08914	0.27186	0.06080	0.03299	0.06236	0.08005	0.13033	0.06902	0.10169	0.01264	0.01374	0.00916	0.00592	0.00564	0.00173	0.02049	0.00478	0.00370	0.00826
48	0.08158	0.09470	0.18854	0.13052	0.02168	0.04481	0.09933	0.01944	0.06082	0.14890	0.04684	0.01538	0.01119	0.00598	0.00534	0.00174	0.00674	0.00503	0.00375	0.00768
49	0.00867	0.00621	0.00805	0.03107	0.00999	0.00591	0.01877	0.03545	0.01270	0.04451	0.15181	0.33749	0.16383	0.08136	0.00870	0.00236	0.00380	0.05901	0.00518	0.00513
50	0.01266	0.10133	0.31174	0.06377	0.02078	0.01308	0.08966	0.04162	0.10493	0.05328	0.04219	0.06942	0.01350	0.00704	0.00564	0.00181	0.00678	0.02948	0.00359	0.00770
51	0.04533	0.14172	0.10705	0.12068	0.04902	0.05724	0.10337	0.04258	0.04598	0.06768	0.05801	0.07455	0.01383	0.00708	0.00586	0.00176	0.02873	0.01874	0.00361	0.00718
52	0.01316	0.05563	0.24521	0.11368	0.08119	0.01201	0.12315	0.01716	0.01253	0.11456	0.03857	0.09705	0.01307	0.00707	0.00618	0.00184	0.03057	0.00630	0.00352	0.00755
53	0.01701	0.01937	0.01495	0.19695	0.04004	0.46175	0.01124	0.01916	0.01429	0.03454	0.01233	0.01445	0.04169	0.00620	0.00521	0.00157	0.00836	0.00454	0.06992	0.00642
54	0.05085	0.22405	0.33512	0.01284	0.01894	0.02825	0.03200	0.04479	0.01314	0.17191	0.01202	0.01263	0.00862	0.00558	0.00492	0.00162	0.00682	0.00421	0.00351	0.00819
55	0.01463	0.13862	0.31619	0.09561	0.02077	0.01334	0.01420	0.02031	0.10527	0.15994	0.01430	0.03938	0.01068	0.00628	0.00528	0.00173	0.00657	0.00501	0.00377	0.00812
56	0.00874	0.00591	0.00771	0.00868	0.03371	0.00546	0.00606	0.01017	0.01192	0.06935	0.05591	0.42929	0.16987	0.05020	0.00793	0.00232	0.00373	0.10268	0.00521	0.00515
57	0.07484	0.00915	0.01378	0.35293	0.10813	0.01012	0.01148	0.01471	0.01245	0.08914	0.12406	0.09545	0.04511	0.00797	0.00579	0.00185	0.00563	0.00697	0.00393	0.00651
58	0.05224	0.01596	0.20366	0.19396	0.13284	0.01268	0.09721	0.01891	0.06915	0.11010	0.01258	0.01473	0.00919	0.00578	0.00590	0.00182	0.02694	0.00507	0.00339	0.00789
59	0.01370	0.04441	0.22912	0.21084	0.08439	0.02551	0.14868	0.03692	0.04392	0.09055	0.01204	0.01442	0.00876	0.00556	0.00566	0.00179	0.00759	0.00510	0.00320	0.00783
60	0.00864	0.00733	0.00758	0.00772	0.00955	0.03834	0.00604	0.01182	0.08948	0.01656	0.05304	0.09476	0.43300	0.01340	0.00666	0.00202	0.00380	0.15332	0.03160	0.00535
61	0.01427	0.09225	0.40481	0.06372	0.05451	0.11687	0.07859	0.01891	0.01284	0.07627	0.01079	0.01253	0.00791	0.00544	0.00532	0.00169	0.00806	0.00440	0.00288	0.00792
62	0.07140	0.01575	0.16534	0.10093	0.08793	0.05569	0.15846	0.04353	0.01325	0.12819	0.01370	0.04238	0.01098	0.03381	0.00652	0.00195	0.00718	0.03180	0.00364	0.00757
63	0.01233	0.00739	0.03508	0.00874	0.01062	0.00642	0.00682	0.01400	0.01246	0.21663	0.02875	0.41020	0.09098	0.01323	0.00695	0.00206	0.03225	0.03673	0.04220	0.00616
64	0.04035	0.01447	0.10600	0.12068	0.24215	0.04204	0.08200	0.09704	0.01375	0.01905	0.01428	0.07256	0.03777	0.00713	0.00637	0.00184	0.04162	0.02996	0.00337	0.00756

[dist]
# distance from previous block
# <min> <max>
0	15

[block]
# block no. 4 follows, 42 sequences, length 73
# corresponding to MSA columns:
# 481-553
name=unknown_E
#
# <colnr> <probs for GDERKNQSTAVLIFYWHMCP>
#	G	D	E	R	K	N	Q	S	T	A	V	L	I	F	Y	W	H	M	C	P
0	0.04576	0.16812	0.16304	0.08575	0.08777	0.08264	0.06057	0.03605	0.05914	0.12118	0.01259	0.01462	0.00963	0.00588	0.00518	0.00167	0.00690	0.02211	0.00353	0.00785
1	0.14923	0.01350	0.09460	0.01679	0.18824	0.01207	0.04193	0.08272	0.03600	0.23619	0.03602	0.01543	0.01123	0.00622	0.00579	0.00176	0.03436	0.00506	0.00447	0.00839
2	0.08289	0.06236	0.01807	0.01417	0.04487	0.18214	0.10947	0.19038	0.03486	0.12494	0.01299	0.01468	0.00985	0.00615	0.00535	0.00164	0.00701	0.02502	0.00425	0.04892
3	0.06316	0.08350	0.03818	0.05934	0.03055	0.03719	0.03057	0.22650	0.04043	0.24572	0.01577	0.04738	0.01170	0.00816	0.03485	0.00199	0.00619	0.00545	0.00501	0.00838
4	0.00693	0.00499	0.00659	0.00784	0.00827	0.00465	0.00533	0.00799	0.01094	0.01449	0.03204	0.74000	0.06695	0.01741	0.00718	0.00228	0.00332	0.04295	0.00522	0.00460
5	0.01523	0.03432	0.04126	0.00995	0.01472	0.01072	0.00840	0.20962	0.01612	0.08212	0.04487	0.01401	0.01099	0.00546	0.00481	0.00122	0.00489	0.00430	0.00429	0.46271
6	0.04425	0.06276	0.36011	0.01460	0.06608	0.01310	0.01478	0.10472	0.05463	0.09387	0.02641	0.05543	0.01158	0.00683	0.00586	0.00180	0.03127	0.02004	0.00373	0.00814
7	0.00998	0.00631	0.00872	0.07899	0.01200	0.00628	0.00680	0.02852	0.01157	0.10264	0.02547	0.48940	0.02807	0.05080	0.05222	0.02888	0.00478	0.03831	0.00490	0.00535
8	0.01338	0.01620	0.12772	0.06814	0.06870	0.16001	0.09553	0.05698	0.01368	0.03459	0.04662	0.09560	0.10351	0.00832	0.00685	0.00184	0.06496	0.00691	0.00363	0.00682
9	0.01662	0.06538	0.09918	0.01975	0.18511	0.05844	0.18691	0.08894	0.02637	0.15716	0.03226	0.01523	0.01067	0.00575	0.00570	0.00171	0.00715	0.00538	0.00391	0.00838
10	0.09955	0.01283	0.01922	0.25125	0.43640	0.05284	0.01529	0.01662	0.01218	0.01769	0.01003	0.01355	0.00812	0.00526	0.00534	0.00173	0.00686	0.00473	0.00278	0.00772
11	0.01231	0.01228	0.03895	0.22201	0.37876	0.01257	0.10049	0.01574	0.01213	0.01691	0.01203	0.06981	0.01054	0.00625	0.00625	0.00182	0.03545	0.00596	0.02220	0.00757
12	0.01657	0.06847	0.16611	0.21604	0.05401	0.01266	0.01339	0.11908	0.01485	0.22445	0.01418	0.03252	0.01017	0.00628	0.00548	0.00175	0.00651	0.00514	0.00419	0.00816
13	0.01506	0.55543	0.11269	0.01201	0.06281	0.01888	0.01118	0.04396	0.01238	0.06128	0.01030	0.04297	0.00905	0.00562	0.00428	0.00140	0.00614	0.00404	0.00294	0.00758
14	0.00975	0.00594	0.00745	0.00752	0.00861	0.00612	0.00545	0.01200	0.04134	0.06335	0.02093	0.21151	0.02072	0.12158	0.20772	0.00413	0.00656	0.00850	0.22560	0.00521
15	0.01382	0.01354	0.13884	0.06192	0.04139	0.01087	0.16688	0.03894	0.10177	0.14840	0.03661	0.15111	0.03375	0.00827	0.00613	0.00190	0.00622	0.00765	0.00442	0.00758
16	0.06803	0.01442	0.06236	0.01289	0.01688	0.01480	0.05556	0.37097	0.08169	0.09660	0.05929	0.01601	0.01261	0.00714	0.00688	0.00181	0.08312	0.00544	0.00498	0.00851
17	0.01487	0.65428	0.02611	0.00996	0.01426	0.07163	0.00939	0.01746	0.05728	0.01398	0.01026	0.05952	0.00972	0.00586	0.00406	0.00133	0.00603	0.00407	0.00282	0.00711
18	0.00966	0.00811	0.01074	0.10229	0.10803	0.03939	0.00842	0.03286	0.01200	0.01616	0.05589	0.37065	0.06444	0.02662	0.03641	0.00232	0.02326	0.01059	0.05651	0.00566
19	0.06317	0.12794	0.37906	0.01375	0.03607	0.02941	0.04938	0.03261	0.01266	0.09256	0.04415	0.04664	0.02221	0.00695	0.01839	0.00184	0.00702	0.00511	0.00334	0.00774
20	0.01423	0.01414	0.04010	0.03111	0.58863	0.01375	0.13246	0.06210	0.01370	0.01936	0.01088	0.01406	0.00886	0.00508	0.00574	0.00171	0.00713	0.00526	0.00296	0.00873
21	0.00892	0.00556	0.00670	0.00685	0.00728	0.00535	0.00428	0.00927	0.00950	0.05976	0.02270	0.23048	0.05456	0.48683	0.02053	0.03842	0.00472	0.01004	0.00413	0.00411
22	0.01438	0.06818	0.03778	0.11195	0.20847	0.01331	0.10417	0.04534	0.04346	0.11079	0.01373	0.07847	0.01164	0.00710	0.00733	0.00186	0.10462	0.00608	0.00363	0.00770
23	0.03511	0.19276	0.05568	0.08769	0.14476	0.03373	0.06260	0.10389	0.09408	0.10303	0.01313	0.02730	0.01019	0.00596	0.00520	0.00165	0.00634	0.00496	0.00383	0.00812
24	0.00769	0.05578	0.00866	0.05551	0.01049	0.00631	0.00616	0.00904	0.01123	0.01465	0.05224	0.56329	0.11385	0.01605	0.02421	0.00229	0.00394	0.02885	0.00486	0.00491
25	0.00941	0.00725	0.00781	0.00742	0.00918	0.05223	0.00564	0.01149	0.01461	0.06618	0.38313	0.07459	0.27836	0.01217	0.00655	0.00184	0.00343	0.03763	0.00565	0.00543
26	0.07557	0.11711	0.25674	0.11156	0.05315	0.08078	0.06497	0.05365	0.01313	0.09212	0.01094	0.01268	0.00809	0.00560	0.00539	0.00170	0.02152	0.00441	0.00318	0.00772
27	0.04481	0.02909	0.13183	0.06156	0.16749	0.01351	0.32698	0.01903	0.06725	0.06451	0.01229	0.01480	0.00920	0.00529	0.00590	0.00181	0.00778	0.00562	0.00323	0.00803
28	0.00984	0.00617	0.00826	0.00853	0.00953	0.00614	0.00625	0.01116	0.01118	0.10799	0.02675	0.40808	0.05831	0.09568	0.09482	0.00330	0.04069	0.07719	0.00489	0.00526
29	0.01266	0.15045	0.39247	0.08481	0.05027	0.08248	0.02904	0.01757	0.03932	0.01663	0.03314	0.04524	0.01024	0.00607	0.00522	0.00169	0.00748	0.00482	0.00281	0.00758
30	0.04910	0.07383	0.12573	0.09237	0.07673	0.03195	0.06027	0.04127	0.11832	0.19357	0.01715	0.01845	0.04305	0.00668	0.00552	0.00177	0.00616	0.02568	0.00434	0.00806
31	0.01451	0.01348	0.01552	0.07820	0.01666	0.12111	0.01117	0.09350	0.01243	0.06198	0.01177	0.08731	0.01100	0.00999	0.03175	0.00230	0.39142	0.00588	0.00341	0.00661
32	0.01298	0.01312	0.01968	0.12571	0.34933	0.09524	0.10866	0.01611	0.01328	0.01758	0.10727	0.06677	0.01588	0.00676	0.00590	0.00175	0.00681	0.00642	0.00335	0.00740
33	0.03096	0.09062	0.17209	0.04405	0.04045	0.02293	0.01138	0.08061	0.06367	0.24924	0.06553	0.06056	0.01505	0.02068	0.00589	0.00180	0.00576	0.00588	0.00474	0.00812
34	0.06933	0.01373	0.05770	0.01878	0.22536	0.05955	0.06306	0.08411	0.05367	0.09829	0.01543	0.07005	0.04240	0.00737	0.00709	0.00185	0.09447	0.00604	0.00391	0.00781
35	0.01187	0.00644	0.00858	0.00862	0.01012	0.00597	0.00631	0.03361	0.01266	0.19888	0.04122	0.52730	0.03040	0.01505	0.02287	0.00228	0.00403	0.04219	0.00563	0.00597
36	0.03923	0.18116	0.16957	0.01467	0.07341	0.05574	0.10450	0.03774	0.01285	0.04459	0.06909	0.05291	0.05581	0.00707	0.00621	0.00172	0.05732	0.00579	0.00338	0.00722
37	0.02798	0.07163	0.14105	0.08523	0.15478	0.02593	0.13539	0.06425	0.03178	0.11586	0.03671	0.04752	0.01167	0.00630	0.00585	0.00176	0.01896	0.00568	0.00368	0.00795
38	0.01484	0.01277	0.01971	0.09346	0.48602	0.01326	0.01474	0.11531	0.06163	0.05381	0.04943	0.01603	0.01180	0.00587	0.00565	0.00171	0.00627	0.00539	0.00368	0.00862
39	0.00999	0.00793	0.00907	0.00964	0.06099	0.05527	0.00675	0.01233	0.02751	0.06422	0.27996	0.10713	0.24135	0.01201	0.00654	0.00190	0.00389	0.07244	0.00535	0.00572
40	0.03315	0.07308	0.21939	0.11221	0.07409	0.04176	0.11486	0.03613	0.03072	0.11073	0.01165	0.01374	0.00865	0.00601	0.00682	0.00181	0.08925	0.00488	0.00327	0.00779
41	0.02777	0.11327	0.16451	0.01588	0.11093	0.01429	0.07581	0.15839	0.09206	0.09916	0.04661	0.01642	0.01220	0.00634	0.00548	0.00171	0.00640	0.02023	0.00415	0.00839
42	0.03210	0.00897	0.01298	0.31983	0.03420	0.03105	0.03712	0.01406	0.04813	0.06122	0.01769	0.20604	0.01746	0.08656	0.03101	0.00252	0.00620	0.02312	0.00380	0.00595
43	0.07060	0.02892	0.23706	0.01265	0.03890	0.01231	0.01225	0.17400	0.07398	0.14736	0.11925	0.01819	0.01597	0.00693	0.00552	0.00175	0.00585	0.00555	0.00470	0.00827
44	0.03379	0.03515	0.19809	0.01481	0.04035	0.03624	0.13715	0.07591	0.03188	0.23793	0.03476	0.01680	0.03318	0.00648	0.00626	0.00179	0.04131	0.00551	0.00435	0.00828
45	0.01275	0.04321	0.41001	0.09767	0.11299	0.01221	0.01651	0.01748	0.01256	0.09366	0.06751	0.01620	0.02694	0.00625	0.00589	0.00178	0.03013	0.00509	0.00324	0.00791
46	0.01141	0.00937	0.05731	0.04913	0.06777	0.00798	0.10973	0.01383	0.01259	0.12760	0.05651	0.32083	0.10936	0.01147	0.00651	0.00199	0.00501	0.01049	0.00473	0.00638
47	0.04835	0.02492	0.10514	0.09132	0.03566	0.03059	0.12332	0.03429	0.04342	0.28000	0.05867	0.02978	0.01353	0.00663	0.00593	0.00178	0.02226	0.00577	0.03066	0.00798
48	0.03553	0.03736	0.04417	0.12113	0.15114	0.01298	0.02873	0.18713	0.06661	0.12233	0.07327	0.01790	0.01381	0.03688	0.00678	0.00190	0.02423	0.00563	0.00444	0.00806
49	0.01431	0.01069	0.01452	0.05066	0.21129	0.05977	0.02753	0.01737	0.05737	0.16232	0.01976	0.17129	0.03443	0.03883	0.00726	0.00203	0.02867	0.04626	0.01838	0.00726
50	0.01329	0.03578	0.28476	0.11412	0.10834	0.07784	0.11555	0.07156	0.01322	0.01793	0.01055	0.01343	0.00814	0.00756	0.04741	0.00217	0.04300	0.00483	0.00283	0.00768
51	0.05264	0.07337	0.25817	0.09090	0.08527	0.06602	0.04759	0.04578	0.01322	0.10165	0.04300	0.01628	0.01112	0.00637	0.00590	0.00177	0.03564	0.03416	0.00344	0.00769
52	0.01299	0.19475	0.31888	0.01531	0.08733	0.01495	0.04559	0.07087	0.01301	0.01807	0.04417	0.01427	0.03176	0.00603	0.00591	0.00165	0.05488	0.00466	0.00298	0.04194
53	0.00899	0.00593	0.00804	0.05572	0.01079	0.00580	0.00633	0.01045	0.01134	0.07994	0.04157	0.44580	0.09475	0.06112	0.08469	0.00303	0.00500	0.05066	0.00490	0.00515
54	0.05389	0.08177	0.12409	0.11835	0.05745	0.04326	0.10917	0.08428	0.04114	0.14256	0.01330	0.03875	0.01012	0.00613	0.00560	0.00172	0.01733	0.00523	0.00385	0.04202
55	0.03060	0.08784	0.14232	0.08688	0.08006	0.01169	0.04209	0.04214	0.04257	0.26698	0.04824	0.04983	0.01385	0.00694	0.00556	0.00176	0.00597	0.02199	0.00455	0.00812
56	0.01194	0.00811	0.01217	0.15516	0.06064	0.00822	0.04115	0.01441	0.01310	0.14696	0.14002	0.14559	0.10442	0.01088	0.02267	0.00208	0.02329	0.04802	0.02481	0.00636
57	0.01353	0.03644	0.17213	0.08831	0.04190	0.06541	0.29471	0.03880	0.01297	0.04104	0.03812	0.01472	0.00975	0.00600	0.00743	0.00187	0.10094	0.00552	0.00300	0.00743
58	0.07302	0.02845	0.19962	0.05769	0.01944	0.04391	0.07745	0.08441	0.03251	0.23764	0.04751	0.01588	0.01169	0.00642	0.00603	0.00178	0.03881	0.00518	0.00439	0.00816
59	0.01519	0.04597	0.25531	0.06186	0.15466	0.06138	0.05296	0.03758	0.06516	0.13297	0.01276	0.01420	0.00937	0.00597	0.00619	0.00177	0.05004	0.00486	0.00353	0.00826
60	0.00949	0.00675	0.00807	0.00817	0.04017	0.00611	0.00589	0.04125	0.01425	0.07979	0.20643	0.08519	0.41081	0.01259	0.00656	0.00189	0.00338	0.04206	0.00550	0.00565
61	0.07786	0.03946	0.13099	0.08703	0.05690	0.01253	0.16894	0.08011	0.04322	0.20277	0.01519	0.01612	0.03097	0.00605	0.00562	0.00178	0.00671	0.00543	0.00419	0.00813
62	0.03532	0.08971	0.16313	0.10696	0.12669	0.03858	0.10559	0.11016	0.01421	0.09287	0.01146	0.01350	0.00857	0.00582	0.00619	0.00175	0.05321	0.00484	0.00342	0.00801
63	0.00893	0.00579	0.00751	0.00819	0.00907	0.00552	0.00569	0.01101	0.05835	0.07941	0.05967	0.63924	0.03435	0.02940	0.00731	0.00225	0.00348	0.01414	0.00541	0.00528
64	0.01264	0.01399	0.06978	0.15501	0.24200	0.01376	0.24823	0.01658	0.02370	0.01695	0.01097	0.03198	0.00902	0.00597	0.00753	0.00190	0.10388	0.00573	0.00279	0.00757
65	0.01366	0.10145	0.13630	0.08605	0.06156	0.02528	0.04004	0.09743	0.13659	0.04678	0.04901	0.01865	0.07011	0.00727	0.00680	0.00181	0.08396	0.00570	0.00391	0.00764
66	0.01271	0.00974	0.01498	0.41958	0.04592	0.01094	0.04223	0.01730	0.09173	0.11874	0.06166	0.02077	0.06586	0.00696	0.00575	0.00183	0.00608	0.00611	0.03421	0.00691
67	0.00831	0.00616	0.00723	0.05424	0.01012	0.00553	0.00547	0.01012	0.01335	0.06398	0.17645	0.09973	0.49297	0.01301	0.00656	0.00189	0.00325	0.01105	0.00534	0.00523
68	0.12651	0.24032	0.14541	0.01268	0.04061	0.04314	0.06084	0.08451	0.01384	0.16481	0.01185	0.01249	0.00871	0.00558	0.00478	0.00159	0.00636	0.00423	0.00377	0.00797
69	0.01677	0.01694	0.04688	0.08071	0.06589	0.21415	0.03057	0.12688	0.25576	0.04821	0.01527	0.01645	0.01172	0.00667	0.00557	0.00174	0.00691	0.02055	0.00433	0.00804
70	0.01371	0.01425	0.03037	0.02184	0.02718	0.01331	0.65488	0.01817	0.01362	0.06569	0.05809	0.01707	0.01160	0.00530	0.00658	0.00188	0.00877	0.00680	0.00331	0.00758
71	0.01280	0.12824	0.51712	0.06472	0.06574	0.01401	0.03838	0.01804	0.01213	0.06309	0.01060	0.01235	0.00772	0.00536	0.00520	0.00171	0.00769	0.00427	0.00271	0.00813
72	0.00810	0.00598	0.00784	0.05716	0.01056	0.00600	0.00612	0.05362	0.01159	0.01540	0.02790	0.60667	0.05039	0.07117	0.03119	0.00263	0.00420	0.01370	0.00489	0.00492

[dist]
# distance from previous block
# <min> <max>
0	11

[block]
# block no. 5 follows, 42 sequences, length 31
# corresponding to MSA columns:
# 565-595
name=unknown_F
#
# <colnr> <probs for GDERKNQSTAVLIFYWHMCP>
#	G	D	E	R	K	N	Q	S	T	A	V	L	I	F	Y	W	H	M	C	P
0	0.01989	0.09327	0.01730	0.01231	0.01650	0.07825	0.01020	0.55147	0.05540	0.03033	0.01322	0.01349	0.00972	0.00652	0.00531	0.00161	0.00624	0.00482	0.04530	0.00886
1	0.01812	0.00999	0.01380	0.01233	0.08430	0.00890	0.03637	0.06716	0.01485	0.36272	0.04247	0.10315	0.01565	0.00743	0.00558	0.00161	0.00487	0.00640	0.00537	0.17891
2	0.04875	0.18069	0.28511	0.01245	0.01777	0.01456	0.01324	0.09332	0.01328	0.10931	0.01144	0.01310	0.00875	0.02527	0.02683	0.00193	0.07041	0.00432	0.00341	0.04607
3	0.01518	0.70289	0.05133	0.00989	0.01463	0.02052	0.00989	0.01719	0.01176	0.05280	0.00965	0.01215	0.00873	0.00544	0.00396	0.00131	0.00599	0.03664	0.00277	0.00728
4	0.00854	0.00605	0.00792	0.04790	0.01037	0.00570	0.00615	0.01074	0.01403	0.05072	0.38280	0.17089	0.16201	0.01288	0.00675	0.00196	0.00337	0.08028	0.00562	0.00531
5	0.01275	0.07987	0.32706	0.18243	0.05071	0.01336	0.08321	0.01724	0.01193	0.07701	0.01107	0.01373	0.00825	0.00717	0.03783	0.00209	0.04906	0.00475	0.00286	0.00759
6	0.04359	0.01203	0.02013	0.41044	0.16752	0.03909	0.14226	0.01577	0.01201	0.01623	0.01101	0.01647	0.00894	0.00587	0.00607	0.00187	0.02480	0.03620	0.00278	0.00693
7	0.00829	0.00628	0.00881	0.00946	0.01077	0.00601	0.03531	0.01038	0.01247	0.01615	0.04969	0.24199	0.14517	0.01537	0.00739	0.00237	0.00446	0.39945	0.00513	0.00506
8	0.05788	0.01656	0.24819	0.03424	0.01926	0.01179	0.11474	0.09656	0.07695	0.10085	0.07195	0.08309	0.02803	0.00743	0.00580	0.00184	0.00638	0.00649	0.00420	0.00776
9	0.10263	0.05447	0.01921	0.11897	0.09008	0.07376	0.15872	0.11656	0.04010	0.10260	0.01340	0.06100	0.01075	0.00641	0.00555	0.00176	0.00680	0.00570	0.00391	0.00762
10	0.01165	0.06866	0.67439	0.01632	0.02425	0.01365	0.07880	0.01779	0.01197	0.01760	0.01008	0.01200	0.00725	0.00527	0.00536	0.00176	0.00829	0.00430	0.00242	0.00820
11	0.01231	0.01088	0.01821	0.51883	0.15487	0.01244	0.05754	0.04685	0.01248	0.05101	0.01175	0.04705	0.00940	0.00608	0.00574	0.00185	0.00713	0.00558	0.00302	0.00699
12	0.03817	0.05166	0.01638	0.04666	0.09232	0.01067	0.08128	0.06499	0.01493	0.36979	0.04337	0.05542	0.04509	0.00747	0.00603	0.00179	0.02155	0.01892	0.00525	0.00826
13	0.17297	0.01146	0.01545	0.52716	0.06670	0.05297	0.01340	0.04647	0.01189	0.01754	0.00969	0.01350	0.00737	0.00558	0.00518	0.00181	0.00693	0.00455	0.00286	0.00651
14	0.00842	0.00591	0.00779	0.00832	0.00911	0.00587	0.00593	0.01035	0.04000	0.04857	0.15731	0.55039	0.03669	0.01531	0.00753	0.00217	0.04160	0.02819	0.00535	0.00517
15	0.01270	0.04863	0.27203	0.09914	0.05468	0.04701	0.18667	0.01934	0.13315	0.01806	0.01318	0.01657	0.01029	0.00603	0.00578	0.00183	0.00767	0.03622	0.00320	0.00779
16	0.01378	0.26977	0.46927	0.01347	0.02032	0.01549	0.01613	0.01842	0.01214	0.08732	0.01053	0.01168	0.00780	0.00533	0.00483	0.00160	0.00727	0.00394	0.00282	0.00809
17	0.08319	0.04909	0.05922	0.05338	0.05940	0.01185	0.23895	0.04987	0.01373	0.20838	0.01580	0.08760	0.01276	0.00695	0.00586	0.00184	0.00661	0.02352	0.00426	0.00775
18	0.00891	0.00589	0.00743	0.00792	0.00902	0.00562	0.00579	0.03782	0.01240	0.05328	0.07903	0.44497	0.10628	0.01566	0.03321	0.00234	0.00389	0.07872	0.07662	0.00520
