[name]
unknown

[dist]
# distance from previous block
# <min> <max>
0	370

[block]
# block no. 0 follows, 42 sequences, length 9
# corresponding to MSA columns:
# 381-389
name=unknown_A
#
# <colnr> <probs for GDERKNQSTAVLIFYWHMCP>
#	G	D	E	R	K	N	Q	S	T	A	V	L	I	F	Y	W	H	M	C	P
0	0.00768	0.00545	0.00726	0.00834	0.00895	0.00525	0.00613	0.00910	0.01135	0.01508	0.06335	0.47046	0.03475	0.10222	0.00966	0.00269	0.00402	0.21853	0.00506	0.00465
1	0.00721	0.00546	0.00665	0.00691	0.00808	0.00490	0.00497	0.00894	0.01331	0.01767	0.31153	0.29306	0.26218	0.01434	0.00682	0.00198	0.00291	0.01259	0.00559	0.00490
2	0.02144	0.01291	0.01474	0.01143	0.01549	0.01351	0.00929	0.45644	0.02159	0.26469	0.01662	0.01734	0.01190	0.07682	0.00766	0.00204	0.00569	0.00553	0.00585	0.00903
3	0.01541	0.01222	0.01310	0.01148	0.01485	0.01389	0.00901	0.09050	0.64362	0.07656	0.02206	0.02024	0.01631	0.00751	0.00571	0.00188	0.00462	0.00620	0.00580	0.00901
4	0.01505	0.80561	0.02949	0.00963	0.01444	0.02227	0.00963	0.01685	0.01143	0.01324	0.00782	0.00903	0.00722	0.00481	0.00361	0.00120	0.00602	0.00301	0.00241	0.00722
5	0.02109	0.02492	0.01611	0.01423	0.01741	0.64840	0.01084	0.14745	0.01776	0.01751	0.00953	0.01073	0.00765	0.00596	0.00517	0.00149	0.00947	0.00387	0.00337	0.00705
6	0.01231	0.01231	0.01724	0.01477	0.01477	0.01724	0.01231	0.01354	0.00862	0.01354	0.00739	0.01231	0.00739	0.00985	0.01847	0.00246	0.79192	0.00492	0.00246	0.00616
7	0.00726	0.00499	0.00649	0.00755	0.00804	0.00469	0.00512	0.00851	0.01126	0.01558	0.08612	0.67212	0.03643	0.01619	0.00686	0.00216	0.00316	0.01461	0.07818	0.00469
8	0.84197	0.01088	0.00827	0.00740	0.01088	0.01262	0.00609	0.01654	0.00958	0.02525	0.00784	0.00914	0.00609	0.00522	0.00348	0.00174	0.00435	0.00305	0.00348	0.00609

[dist]
# distance from previous block
# <min> <max>
0	2

[block]
# block no. 1 follows, 42 sequences, length 78
# corresponding to MSA columns:
# 392-406,412-474
name=unknown_B
#
# <colnr> <probs for GDERKNQSTAVLIFYWHMCP>
#	G	D	E	R	K	N	Q	S	T	A	V	L	I	F	Y	W	H	M	C	P
0	0.00806	0.00593	0.00853	0.00853	0.00936	0.00676	0.00640	0.00972	0.00889	0.01269	0.01554	0.02469	0.01519	0.17561	0.64805	0.00841	0.01339	0.00641	0.00308	0.00474
1	0.01832	0.01150	0.04252	0.01012	0.01329	0.11119	0.00840	0.04584	0.01480	0.35059	0.02076	0.09805	0.01699	0.00867	0.00571	0.00179	0.00529	0.08704	0.12157	0.00753
2	0.01181	0.13755	0.66922	0.01514	0.02297	0.01435	0.01923	0.01769	0.01182	0.01718	0.00978	0.01148	0.00714	0.00527	0.00510	0.00170	0.00800	0.00400	0.00238	0.00816
3	0.01440	0.04878	0.02014	0.23198	0.38319	0.13874	0.01520	0.03522	0.01310	0.01666	0.01001	0.01335	0.00818	0.00544	0.00568	0.00169	0.02310	0.00470	0.00277	0.00770
4	0.01527	0.77690	0.02899	0.00981	0.01455	0.05018	0.00968	0.01706	0.01160	0.01326	0.00786	0.00907	0.00722	0.00485	0.00366	0.00121	0.00617	0.00303	0.00243	0.00720
5	0.10241	0.01147	0.01189	0.00902	0.01358	0.07427	0.00721	0.01717	0.01250	0.13468	0.01154	0.01243	0.00887	0.00485	0.00440	0.00112	0.00480	0.00369	0.00387	0.55022
6	0.00762	0.00574	0.00704	0.00671	0.00819	0.00516	0.00504	0.00995	0.01511	0.02061	0.57652	0.04525	0.24194	0.01223	0.00664	0.00180	0.00271	0.01063	0.00594	0.00516
7	0.01063	0.01000	0.01688	0.78870	0.03876	0.01250	0.01563	0.01438	0.01125	0.01438	0.01000	0.01500	0.00750	0.00563	0.00563	0.00188	0.00750	0.00500	0.00250	0.00625
8	0.81301	0.01084	0.00844	0.00749	0.01101	0.01247	0.00617	0.01693	0.00981	0.05170	0.00835	0.00950	0.00637	0.00529	0.00356	0.00174	0.00437	0.00314	0.00361	0.00622
9	0.04211	0.11663	0.07978	0.04079	0.11449	0.29109	0.05604	0.01856	0.03970	0.01596	0.01271	0.04853	0.01166	0.00700	0.00543	0.00169	0.00774	0.07991	0.00321	0.00697
10	0.01505	0.80561	0.02949	0.00963	0.01444	0.02227	0.00963	0.01685	0.01143	0.01324	0.00782	0.00903	0.00722	0.00481	0.00361	0.00120	0.00602	0.00301	0.00241	0.00722
11	0.02139	0.01576	0.01689	0.01295	0.01745	0.01745	0.01070	0.74835	0.02646	0.03547	0.01351	0.01351	0.00957	0.00676	0.00563	0.00169	0.00619	0.00507	0.00563	0.00957
12	0.00818	0.00546	0.00614	0.00614	0.00614	0.00546	0.00341	0.00818	0.00818	0.01091	0.01773	0.03683	0.02046	0.80222	0.02864	0.00546	0.00546	0.00818	0.00341	0.00341
13	0.01798	0.00945	0.01422	0.33307	0.02409	0.00979	0.01113	0.02073	0.01374	0.40766	0.01771	0.06823	0.01278	0.00710	0.00574	0.00183	0.00582	0.00606	0.00500	0.00787
14	0.02300	0.01112	0.01376	0.01078	0.01500	0.01083	0.00883	0.16866	0.11640	0.52810	0.02060	0.01830	0.01351	0.00701	0.00566	0.00175	0.00502	0.00564	0.00654	0.00949
15	0.00802	0.00539	0.00619	0.00635	0.00639	0.00534	0.00364	0.00814	0.00851	0.01135	0.01940	0.13252	0.02257	0.70365	0.02595	0.00506	0.00518	0.00917	0.00364	0.00356
16	0.01138	0.02474	0.58147	0.13795	0.02711	0.01310	0.09163	0.01730	0.01192	0.01730	0.01021	0.01270	0.00733	0.00533	0.00552	0.00181	0.00830	0.00454	0.00244	0.00792
17	0.01129	0.02911	0.77306	0.01604	0.02436	0.01307	0.02079	0.01782	0.01188	0.01782	0.01010	0.01188	0.00713	0.00535	0.00535	0.00178	0.00832	0.00416	0.00238	0.00832
18	0.00887	0.00613	0.00758	0.00746	0.00917	0.00555	0.00590	0.01107	0.01431	0.06774	0.33301	0.04886	0.28554	0.01293	0.00680	0.00197	0.00336	0.15266	0.00572	0.00537
19	0.00701	0.00499	0.00663	0.00789	0.00824	0.00470	0.00533	0.00803	0.01077	0.01434	0.03043	0.73379	0.03632	0.04893	0.00807	0.00243	0.00344	0.04895	0.00515	0.00455
20	0.01201	0.00969	0.03643	0.08261	0.01761	0.00921	0.18395	0.03867	0.01233	0.11144	0.04843	0.16945	0.01846	0.09380	0.12632	0.00338	0.00755	0.00824	0.00409	0.00633
21	0.00783	0.00634	0.00769	0.07083	0.01082	0.03291	0.00606	0.00921	0.01147	0.01480	0.08388	0.46678	0.14565	0.06709	0.02948	0.00252	0.00421	0.01283	0.00481	0.00479
22	0.19262	0.00989	0.01192	0.00940	0.01347	0.00935	0.00775	0.04785	0.01494	0.56735	0.01883	0.01698	0.01220	0.00659	0.00515	0.00172	0.00467	0.00509	0.03552	0.00871
23	0.04184	0.01309	0.02269	0.10549	0.35262	0.03960	0.21854	0.01669	0.01302	0.01835	0.07480	0.01663	0.01238	0.00562	0.00584	0.00175	0.00717	0.00579	0.02037	0.00770
24	0.01372	0.04440	0.20854	0.16611	0.16942	0.01371	0.06468	0.08969	0.01342	0.06153	0.01151	0.03294	0.00904	0.00617	0.00662	0.00182	0.07048	0.00514	0.00318	0.00788
25	0.01207	0.01816	0.31562	0.13849	0.02289	0.03650	0.08651	0.04592	0.01205	0.04437	0.01170	0.01581	0.00938	0.05891	0.10493	0.00296	0.04854	0.00513	0.00291	0.00713
26	0.17268	0.01308	0.04474	0.21788	0.25641	0.05970	0.02626	0.01685	0.02516	0.03380	0.01028	0.01334	0.00815	0.00567	0.00585	0.00177	0.05076	0.00458	0.02578	0.00726
27	0.01115	0.00619	0.00776	0.00704	0.00881	0.00573	0.00540	0.01372	0.01491	0.13211	0.46556	0.03332	0.03751	0.00958	0.00581	0.00165	0.00296	0.00826	0.21661	0.00592
28	0.01521	0.78422	0.02912	0.00976	0.01453	0.04307	0.00966	0.01701	0.01156	0.01325	0.00785	0.00906	0.00722	0.00484	0.00365	0.00121	0.00613	0.00303	0.00242	0.00720
29	0.00799	0.00549	0.00693	0.00769	0.00815	0.00537	0.00538	0.00903	0.01032	0.01383	0.02525	0.31171	0.02896	0.31673	0.01542	0.00354	0.00453	0.17824	0.03114	0.00429
30	0.00870	0.00570	0.00754	0.00754	0.00871	0.00524	0.00547	0.01074	0.01414	0.06848	0.45931	0.30520	0.04499	0.01335	0.00676	0.00195	0.00301	0.01192	0.00591	0.00533
31	0.00701	0.00501	0.00667	0.00773	0.00820	0.00467	0.00524	0.00822	0.01148	0.01549	0.13138	0.69498	0.03939	0.01679	0.00711	0.00221	0.00318	0.01520	0.00536	0.00467
32	0.00794	0.00661	0.00744	0.00836	0.00894	0.05551	0.00576	0.00899	0.01117	0.01435	0.03039	0.67650	0.07868	0.01640	0.00738	0.00221	0.02904	0.01458	0.00498	0.00476
33	0.26796	0.01087	0.01220	0.00967	0.01378	0.01091	0.00798	0.12993	0.01568	0.44099	0.01665	0.01534	0.01096	0.00642	0.00501	0.00173	0.00486	0.00479	0.00573	0.00854
34	0.84197	0.01088	0.00827	0.00740	0.01088	0.01262	0.00609	0.01654	0.00958	0.02525	0.00784	0.00914	0.00609	0.00522	0.00348	0.00174	0.00435	0.00305	0.00348	0.00609
35	0.01505	0.80561	0.02949	0.00963	0.01444	0.02227	0.00963	0.01685	0.01143	0.01324	0.00782	0.00903	0.00722	0.00481	0.00361	0.00120	0.00602	0.00301	0.00241	0.00722
36	0.00697	0.00504	0.00663	0.00785	0.00833	0.00469	0.00539	0.00808	0.01104	0.01457	0.03264	0.70677	0.08436	0.01729	0.00718	0.00228	0.00335	0.05771	0.00522	0.00462
37	0.00818	0.00546	0.00614	0.00614	0.00614	0.00546	0.00341	0.00818	0.00818	0.01091	0.01773	0.03683	0.02046	0.80222	0.02864	0.00546	0.00546	0.00818	0.00341	0.00341
38	0.01231	0.01231	0.01724	0.01477	0.01477	0.01724	0.01231	0.01354	0.00862	0.01354	0.00739	0.01231	0.00739	0.00985	0.01847	0.00246	0.79192	0.00492	0.00246	0.00616
39	0.01255	0.24248	0.40808	0.01399	0.01959	0.01651	0.01591	0.01666	0.01108	0.01565	0.00890	0.01117	0.00721	0.00614	0.00759	0.00176	0.17077	0.00400	0.00240	0.00756
40	0.02120	0.02570	0.01587	0.01426	0.01728	0.71862	0.01077	0.05238	0.01638	0.04392	0.00942	0.01063	0.00760	0.00588	0.00512	0.00147	0.00978	0.00376	0.00317	0.00677
41	0.01323	0.01266	0.02158	0.19425	0.61287	0.01319	0.01692	0.01666	0.01248	0.01754	0.01046	0.01416	0.00862	0.00514	0.00558	0.00171	0.00686	0.00501	0.00273	0.00835
42	0.01167	0.01000	0.01167	0.00834	0.01334	0.00750	0.00667	0.01417	0.01167	0.01834	0.01000	0.01167	0.00834	0.00417	0.00417	0.00083	0.00417	0.00333	0.00333	0.83663
43	0.02043	0.01529	0.01635	0.01275	0.01709	0.01700	0.01046	0.65512	0.12126	0.03392	0.01473	0.01448	0.01056	0.00687	0.00564	0.00172	0.00597	0.00523	0.00564	0.00948
44	0.01063	0.01000	0.01688	0.78870	0.03876	0.01250	0.01563	0.01438	0.01125	0.01438	0.01000	0.01500	0.00750	0.00563	0.00563	0.00188	0.00750	0.00500	0.00250	0.00625
45	0.01487	0.01077	0.01572	0.31748	0.10740	0.03256	0.01242	0.04734	0.01291	0.18368	0.01356	0.03620	0.01039	0.00889	0.05708	0.00229	0.06934	0.00540	0.00380	0.03790
46	0.01471	0.01181	0.01258	0.01118	0.01439	0.01346	0.00873	0.05457	0.66143	0.06332	0.02235	0.02063	0.01662	0.00752	0.00565	0.00187	0.00446	0.00623	0.03968	0.00882
47	0.00825	0.00670	0.00765	0.00865	0.00943	0.05550	0.00630	0.00967	0.01184	0.01522	0.06443	0.54418	0.06044	0.01605	0.00712	0.00225	0.00404	0.15231	0.00511	0.00486
48	0.00890	0.00738	0.01053	0.01005	0.01077	0.00909	0.00789	0.01054	0.00922	0.01330	0.01644	0.08497	0.04659	0.05813	0.47803	0.00651	0.19642	0.00691	0.00317	0.00519
49	0.01272	0.01515	0.13975	0.21455	0.31937	0.01317	0.11753	0.04576	0.01289	0.01786	0.01180	0.01508	0.02794	0.00549	0.00573	0.00178	0.00741	0.00528	0.00284	0.00790
50	0.01479	0.01141	0.01242	0.01102	0.01420	0.01283	0.00861	0.02839	0.63083	0.10200	0.07114	0.02217	0.01918	0.00782	0.00578	0.00188	0.00437	0.00654	0.00589	0.00874
51	0.00873	0.00631	0.00863	0.00982	0.01110	0.00621	0.00843	0.01112	0.01280	0.01655	0.03209	0.11063	0.09240	0.01558	0.00764	0.00251	0.00487	0.62428	0.00519	0.00511
52	0.03819	0.11719	0.06539	0.18670	0.05864	0.01481	0.07252	0.21086	0.04363	0.11905	0.01279	0.01421	0.00929	0.00594	0.00538	0.00171	0.00659	0.00493	0.00407	0.00814
53	0.00797	0.00554	0.00661	0.00709	0.00833	0.00489	0.00503	0.00921	0.01197	0.06403	0.04123	0.43894	0.33756	0.01553	0.00686	0.00209	0.00319	0.01361	0.00534	0.00497
54	0.00704	0.00502	0.00656	0.00772	0.00810	0.00472	0.00518	0.00801	0.01068	0.01418	0.03051	0.68827	0.05456	0.08464	0.00903	0.00256	0.00351	0.04015	0.00507	0.00450
55	0.01077	0.01015	0.01714	0.75625	0.07009	0.01254	0.01570	0.01450	0.01132	0.01455	0.01003	0.01496	0.00756	0.00560	0.00562	0.00187	0.00747	0.00500	0.00251	0.00637
56	0.01431	0.01352	0.04394	0.28293	0.10044	0.07917	0.01289	0.06900	0.22287	0.05564	0.01432	0.01606	0.01078	0.00642	0.00602	0.00182	0.03296	0.00527	0.00389	0.00775
57	0.00964	0.00837	0.01205	0.01113	0.01174	0.01082	0.00894	0.01132	0.00887	0.01320	0.01225	0.01872	0.01169	0.04455	0.48077	0.00651	0.30552	0.00566	0.00282	0.00542
58	0.01273	0.00620	0.00672	0.00623	0.00806	0.00611	0.00479	0.01596	0.05018	0.12586	0.01913	0.02073	0.01450	0.00667	0.00427	0.00140	0.00302	0.00536	0.67608	0.00604
59	0.00818	0.00584	0.00805	0.00935	0.01025	0.00571	0.00752	0.01012	0.01208	0.01585	0.03029	0.35877	0.03433	0.01638	0.00754	0.00247	0.00441	0.44271	0.00520	0.00494
60	0.81310	0.01106	0.00857	0.00760	0.01111	0.01279	0.00626	0.04229	0.01017	0.02561	0.00804	0.00930	0.00622	0.00528	0.00356	0.00174	0.00442	0.00312	0.00356	0.00622
61	0.01481	0.47536	0.03499	0.00980	0.01466	0.02995	0.00912	0.09316	0.01316	0.01708	0.00908	0.01030	0.00778	0.00486	0.00403	0.00116	0.00563	0.00334	0.00301	0.23870
62	0.34331	0.08634	0.05656	0.12688	0.05390	0.09305	0.01016	0.02991	0.04165	0.08283	0.01039	0.01192	0.00789	0.00564	0.00473	0.00170	0.01871	0.00396	0.00348	0.00699
63	0.01770	0.01025	0.01228	0.00928	0.01376	0.02369	0.00751	0.04427	0.03993	0.32307	0.01578	0.01540	0.01115	0.00563	0.00488	0.00130	0.00456	0.00451	0.03620	0.39887
64	0.00745	0.00573	0.00680	0.00654	0.00809	0.00509	0.00490	0.00962	0.01471	0.01966	0.48505	0.04682	0.33401	0.01259	0.00664	0.00182	0.00273	0.01085	0.00581	0.00509
65	0.04569	0.01740	0.04683	0.13037	0.10257	0.23585	0.11658	0.08883	0.01461	0.06281	0.01070	0.01304	0.00825	0.00591	0.00636	0.00172	0.06126	0.00474	0.00331	0.02317
66	0.00802	0.00553	0.00634	0.00628	0.00663	0.00541	0.00380	0.00852	0.00958	0.01280	0.11550	0.03866	0.08814	0.61894	0.03960	0.00476	0.00508	0.00871	0.00391	0.00380
67	0.01280	0.01788	0.19340	0.04883	0.05837	0.01387	0.50949	0.01819	0.03607	0.01804	0.01138	0.01458	0.00848	0.00501	0.00625	0.00186	0.00889	0.00597	0.00282	0.00780
68	0.00719	0.00569	0.00648	0.00646	0.00805	0.00499	0.00485	0.00904	0.01374	0.01767	0.29109	0.09894	0.45356	0.01360	0.00672	0.00191	0.00289	0.03664	0.00555	0.00494
69	0.00764	0.00560	0.00718	0.00739	0.00843	0.00523	0.00531	0.00995	0.03320	0.01913	0.43227	0.32065	0.08930	0.01382	0.00682	0.00197	0.00294	0.01232	0.00577	0.00510
70	0.05457	0.01532	0.01631	0.01252	0.01701	0.01683	0.01034	0.68712	0.02514	0.03432	0.01313	0.01325	0.00938	0.00658	0.00548	0.00165	0.00603	0.00491	0.00544	0.04466
71	0.05082	0.68991	0.07346	0.00994	0.01490	0.02069	0.01010	0.01735	0.01158	0.04632	0.00858	0.00964	0.00745	0.00496	0.00380	0.00129	0.00604	0.00319	0.00265	0.00734
72	0.01386	0.01484	0.03020	0.02164	0.02718	0.01400	0.62820	0.08027	0.01429	0.01954	0.01146	0.01477	0.00861	0.00487	0.00637	0.00180	0.00881	0.00626	0.00312	0.06991
73	0.02180	0.01349	0.04223	0.04576	0.04503	0.01337	0.01056	0.38414	0.02077	0.31930	0.01651	0.01573	0.01107	0.00668	0.00563	0.00172	0.00580	0.00526	0.00580	0.00936
74	0.01277	0.04381	0.01343	0.06362	0.11854	0.03626	0.02813	0.04526	0.04823	0.11477	0.08902	0.16899	0.12524	0.00980	0.00627	0.00182	0.02090	0.00847	0.00466	0.04002
75	0.05391	0.07603	0.01702	0.01397	0.01673	0.55724	0.03992	0.02022	0.01422	0.01427	0.00889	0.01139	0.00772	0.03386	0.00721	0.00171	0.09239	0.00398	0.00286	0.00645
76	0.04284	0.00630	0.00703	0.00668	0.00724	0.00637	0.00410	0.04096	0.00963	0.04564	0.04337	0.03415	0.02028	0.67467	0.02490	0.00486	0.00532	0.00781	0.00376	0.00411
77	0.09788	0.01195	0.04415	0.07757	0.03234	0.04243	0.06016	0.01682	0.04419	0.07791	0.01258	0.01403	0.02855	0.00521	0.00476	0.00132	0.00534	0.00429	0.00361	0.41491

[dist]
# distance from previous block
# <min> <max>
0	31

[block]
# block no. 2 follows, 42 sequences, length 31
# corresponding to MSA columns:
# 506-536
name=unknown_C
#
# <colnr> <probs for GDERKNQSTAVLIFYWHMCP>
#	G	D	E	R	K	N	Q	S	T	A	V	L	I	F	Y	W	H	M	C	P
0	0.61829	0.03290	0.01150	0.06305	0.01448	0.03485	0.03909	0.07683	0.01152	0.02424	0.00868	0.01025	0.00669	0.00534	0.00401	0.00171	0.00515	0.00352	0.00352	0.02440
1	0.04672	0.00933	0.01279	0.11774	0.01617	0.01033	0.05798	0.07790	0.09147	0.04441	0.18272	0.04206	0.05287	0.01055	0.03900	0.04975	0.07558	0.00694	0.04932	0.00636
2	0.01007	0.00622	0.00820	0.00744	0.00913	0.00567	0.00567	0.01266	0.01595	0.11351	0.67399	0.03926	0.04834	0.01095	0.00652	0.00177	0.00291	0.00963	0.00629	0.00583
3	0.02102	0.02682	0.01595	0.01450	0.01740	0.77963	0.01087	0.02247	0.01595	0.01377	0.00870	0.01015	0.00725	0.00580	0.00507	0.00145	0.01015	0.00362	0.00290	0.00652
4	0.00808	0.00587	0.00822	0.00822	0.00895	0.00659	0.00601	0.00952	0.00880	0.01246	0.01582	0.02626	0.01587	0.25667	0.56793	0.00803	0.01236	0.00664	0.00313	0.00457
5	0.01131	0.07059	0.62568	0.01537	0.02266	0.01295	0.04874	0.01707	0.01196	0.01740	0.01198	0.03754	0.00979	0.00634	0.00552	0.00182	0.00787	0.05484	0.00267	0.00790
6	0.01518	0.75023	0.02858	0.00998	0.01456	0.05022	0.00976	0.01695	0.01151	0.01327	0.00784	0.00918	0.00723	0.00502	0.00416	0.00125	0.03238	0.00310	0.00243	0.00716
7	0.05944	0.04481	0.09422	0.00920	0.01445	0.00902	0.00831	0.01511	0.01166	0.03552	0.01008	0.01161	0.00816	0.00444	0.00427	0.00102	0.00472	0.00345	0.00328	0.64722
8	0.01825	0.02224	0.01550	0.01398	0.01612	0.56735	0.01069	0.01963	0.01392	0.01359	0.00909	0.01213	0.00809	0.03790	0.04574	0.00216	0.16036	0.00416	0.00284	0.00627
9	0.00914	0.00628	0.00819	0.00796	0.00909	0.00655	0.00588	0.03107	0.01076	0.04924	0.08013	0.03256	0.10209	0.23485	0.34291	0.00590	0.00904	0.03945	0.00396	0.00493
10	0.02163	0.02170	0.01587	0.01353	0.01705	0.47612	0.01051	0.22465	0.01889	0.10995	0.01164	0.01215	0.00869	0.00620	0.00530	0.00155	0.00841	0.00427	0.00414	0.00773
11	0.00777	0.00574	0.00725	0.00688	0.00829	0.00523	0.00516	0.01025	0.01547	0.02149	0.66026	0.04382	0.15767	0.01191	0.00664	0.00179	0.00268	0.01043	0.00605	0.00523
12	0.14430	0.22922	0.20035	0.13052	0.02078	0.01544	0.04950	0.03363	0.01181	0.06434	0.00988	0.01183	0.00761	0.00554	0.00534	0.00167	0.04387	0.00408	0.00296	0.00733
13	0.00701	0.00501	0.00671	0.00801	0.00841	0.00470	0.00549	0.00810	0.01093	0.01454	0.03093	0.74754	0.03689	0.01749	0.00722	0.00231	0.00340	0.06549	0.00522	0.00461
14	0.01244	0.00998	0.01175	0.00843	0.01340	0.00755	0.00676	0.01493	0.01192	0.06128	0.01070	0.01210	0.00865	0.00433	0.00425	0.00089	0.00420	0.00347	0.00354	0.78944
15	0.00738	0.00573	0.00671	0.00647	0.00805	0.00506	0.00485	0.00949	0.01455	0.01930	0.45048	0.04741	0.36880	0.01272	0.00664	0.00183	0.00274	0.01093	0.00577	0.00506
16	0.00818	0.00546	0.00614	0.00614	0.00614	0.00546	0.00341	0.00818	0.00818	0.01091	0.01773	0.03683	0.02046	0.80222	0.02864	0.00546	0.00546	0.00818	0.00341	0.00341
17	0.02092	0.01458	0.01580	0.01220	0.01647	0.01594	0.01005	0.64498	0.02469	0.08788	0.01448	0.01444	0.01022	0.00676	0.00551	0.00167	0.00584	0.00512	0.06317	0.00927
18	0.00671	0.00570	0.00579	0.00576	0.00764	0.00478	0.00432	0.00819	0.01297	0.01554	0.08963	0.05360	0.73200	0.01413	0.00665	0.00189	0.00284	0.01180	0.00527	0.00478
19	0.01231	0.01231	0.01724	0.01477	0.01477	0.01724	0.01231	0.01354	0.00862	0.01354	0.00739	0.01231	0.00739	0.00985	0.01847	0.00246	0.79192	0.00492	0.00246	0.00616
20	0.84197	0.01088	0.00827	0.00740	0.01088	0.01262	0.00609	0.01654	0.00958	0.02525	0.00784	0.00914	0.00609	0.00522	0.00348	0.00174	0.00435	0.00305	0.00348	0.00609
21	0.02102	0.02682	0.01595	0.01450	0.01740	0.77963	0.01087	0.02247	0.01595	0.01377	0.00870	0.01015	0.00725	0.00580	0.00507	0.00145	0.01015	0.00362	0.00290	0.00652
22	0.01231	0.01231	0.01724	0.01477	0.01477	0.01724	0.01231	0.01354	0.00862	0.01354	0.00739	0.01231	0.00739	0.00985	0.01847	0.00246	0.79192	0.00492	0.00246	0.00616
23	0.01505	0.80561	0.02949	0.00963	0.01444	0.02227	0.00963	0.01685	0.01143	0.01324	0.00782	0.00903	0.00722	0.00481	0.00361	0.00120	0.00602	0.00301	0.00241	0.00722
24	0.01505	0.80561	0.02949	0.00963	0.01444	0.02227	0.00963	0.01685	0.01143	0.01324	0.00782	0.00903	0.00722	0.00481	0.00361	0.00120	0.00602	0.00301	0.00241	0.00722
25	0.01167	0.01000	0.01167	0.00834	0.01334	0.00750	0.00667	0.01417	0.01167	0.01834	0.01000	0.01167	0.00834	0.00417	0.00417	0.00083	0.00417	0.00333	0.00333	0.83663
26	0.06445	0.01257	0.01351	0.01139	0.01506	0.01400	0.00909	0.19992	0.44471	0.12297	0.01972	0.01830	0.01432	0.00720	0.00557	0.00183	0.00491	0.00577	0.00574	0.00899
27	0.13698	0.00984	0.01479	0.61536	0.03235	0.01198	0.01339	0.01427	0.01111	0.01609	0.01293	0.01683	0.05984	0.00616	0.00537	0.00186	0.00670	0.00518	0.00284	0.00612
28	0.01370	0.40059	0.37868	0.01273	0.01918	0.01745	0.01487	0.03465	0.01212	0.03607	0.00941	0.01074	0.00741	0.00517	0.00453	0.00150	0.00707	0.00367	0.00259	0.00785
29	0.51954	0.01055	0.01030	0.06238	0.01378	0.01147	0.00734	0.04833	0.01178	0.17621	0.01154	0.01271	0.00846	0.02906	0.00494	0.00181	0.00476	0.00396	0.00420	0.04687
30	0.73715	0.01104	0.00908	0.00792	0.01137	0.01267	0.00652	0.03781	0.01015	0.02468	0.00811	0.00954	0.00638	0.00540	0.00420	0.00172	0.03677	0.00320	0.00350	0.05280

[dist]
# distance from previous block
# <min> <max>
0	17

[block]
# block no. 3 follows, 42 sequences, length 38
# corresponding to MSA columns:
# 555-592
name=unknown_D
#
# <colnr> <probs for GDERKNQSTAVLIFYWHMCP>
#	G	D	E	R	K	N	Q	S	T	A	V	L	I	F	Y	W	H	M	C	P
0	0.01365	0.12691	0.24259	0.09481	0.06279	0.01383	0.17897	0.01845	0.04394	0.08115	0.01165	0.01364	0.00867	0.00531	0.00540	0.00167	0.00736	0.00485	0.00311	0.06122
1	0.01703	0.01246	0.06210	0.01132	0.01509	0.01175	0.00975	0.32726	0.01869	0.14880	0.01856	0.10195	0.01617	0.01009	0.03326	0.00209	0.00583	0.10560	0.00528	0.06692
2	0.00695	0.00499	0.00673	0.00793	0.00831	0.00476	0.00537	0.00801	0.01064	0.01426	0.02976	0.73750	0.03540	0.01956	0.06794	0.00282	0.00419	0.01521	0.00505	0.00461
3	0.07922	0.00983	0.01251	0.00974	0.01385	0.00902	0.00802	0.07694	0.01612	0.62018	0.02037	0.01819	0.01312	0.00681	0.00540	0.00171	0.00472	0.00541	0.05979	0.00906
4	0.02500	0.00998	0.01331	0.01020	0.01456	0.00886	0.00843	0.07379	0.01677	0.72371	0.02164	0.01879	0.01365	0.00695	0.00566	0.00174	0.00488	0.00562	0.00688	0.00958
5	0.00701	0.00501	0.00671	0.00802	0.00841	0.00471	0.00550	0.00811	0.01093	0.01454	0.03093	0.74638	0.03688	0.01748	0.00722	0.00231	0.00340	0.06662	0.00522	0.00461
6	0.01486	0.75200	0.02866	0.00998	0.01447	0.02193	0.00981	0.01663	0.01124	0.01326	0.00779	0.00925	0.00723	0.00515	0.00461	0.00129	0.05913	0.00314	0.00241	0.00715
7	0.00703	0.00508	0.00665	0.00760	0.00817	0.00470	0.00519	0.00831	0.01174	0.01577	0.15436	0.63342	0.07825	0.01643	0.00706	0.00218	0.00314	0.01481	0.00539	0.00470
8	0.00686	0.00490	0.00653	0.00784	0.00816	0.00457	0.00522	0.00784	0.01077	0.01437	0.03102	0.79855	0.03722	0.01763	0.00718	0.00229	0.00326	0.01600	0.00522	0.00457
9	0.07818	0.07728	0.06788	0.01227	0.01657	0.01593	0.01078	0.42831	0.02015	0.12917	0.01307	0.01340	0.00937	0.00670	0.00642	0.00174	0.07435	0.00477	0.00491	0.00876
10	0.01839	0.00803	0.01071	0.00889	0.01202	0.00712	0.00721	0.02072	0.01547	0.46446	0.20435	0.02903	0.04705	0.00887	0.00597	0.00179	0.00410	0.05828	0.05975	0.00780
11	0.02306	0.01128	0.01351	0.01061	0.01474	0.03736	0.00867	0.15340	0.07034	0.53354	0.02010	0.01805	0.01318	0.00692	0.00557	0.00172	0.00512	0.00552	0.03806	0.00926
12	0.09735	0.02441	0.01531	0.01379	0.01670	0.65259	0.01047	0.04883	0.01549	0.01565	0.00875	0.01026	0.00723	0.00592	0.00542	0.00152	0.03702	0.00367	0.00304	0.00659
13	0.00724	0.00516	0.00687	0.00797	0.00842	0.00493	0.00552	0.00839	0.01089	0.01456	0.05301	0.62115	0.03520	0.07494	0.03775	0.00278	0.00403	0.08157	0.00504	0.00458
14	0.00771	0.00568	0.00722	0.00697	0.00829	0.00518	0.00517	0.01008	0.01514	0.02100	0.61795	0.10309	0.14093	0.01233	0.00668	0.00183	0.00273	0.01085	0.00600	0.00518
15	0.02102	0.02682	0.01595	0.01450	0.01740	0.77963	0.01087	0.02247	0.01595	0.01377	0.00870	0.01015	0.00725	0.00580	0.00507	0.00145	0.01015	0.00362	0.00290	0.00652
16	0.00804	0.00603	0.00904	0.00904	0.01005	0.00703	0.00703	0.01005	0.00904	0.01306	0.01507	0.02211	0.01407	0.04221	0.77992	0.00904	0.01507	0.00603	0.00301	0.00502
17	0.00817	0.00550	0.00637	0.00637	0.00645	0.00558	0.00370	0.00833	0.00825	0.01108	0.01752	0.03566	0.01995	0.74176	0.08841	0.00574	0.00622	0.00801	0.00338	0.00354
18	0.84197	0.01088	0.00827	0.00740	0.01088	0.01262	0.00609	0.01654	0.00958	0.02525	0.00784	0.00914	0.00609	0.00522	0.00348	0.00174	0.00435	0.00305	0.00348	0.00609
19	0.01281	0.01246	0.02193	0.27589	0.46177	0.01318	0.08719	0.01641	0.01236	0.01706	0.01048	0.01439	0.00842	0.00518	0.00569	0.00176	0.00722	0.00517	0.00270	0.00793
20	0.01632	0.01338	0.01981	0.01522	0.01900	0.02720	0.22066	0.27392	0.01772	0.07737	0.06207	0.01898	0.01350	0.00729	0.00749	0.00187	0.09687	0.04406	0.03940	0.00787
21	0.01424	0.33438	0.25051	0.06506	0.01990	0.03394	0.04344	0.06924	0.01297	0.04127	0.00983	0.01139	0.00772	0.00522	0.00467	0.00149	0.00690	0.00391	0.00287	0.06107
22	0.01433	0.07861	0.17659	0.16214	0.25721	0.03657	0.03322	0.06702	0.01338	0.07143	0.01106	0.01353	0.00846	0.00558	0.00574	0.00172	0.02749	0.00472	0.00310	0.00809
23	0.01023	0.00681	0.00855	0.00778	0.00962	0.00652	0.00595	0.01423	0.09636	0.09416	0.58545	0.03802	0.07262	0.01075	0.00645	0.00179	0.00306	0.00939	0.00618	0.00609
24	0.01510	0.72144	0.02898	0.01132	0.04590	0.04295	0.03776	0.01707	0.01169	0.01365	0.00810	0.00949	0.00734	0.00485	0.00385	0.00126	0.00629	0.00325	0.00245	0.00729
25	0.01712	0.12841	0.14274	0.09625	0.11752	0.03707	0.03015	0.02035	0.01371	0.27749	0.05378	0.01620	0.01223	0.00614	0.00535	0.00167	0.00625	0.00507	0.00426	0.00822
26	0.00770	0.00599	0.00705	0.00688	0.00848	0.00546	0.00523	0.01033	0.04223	0.01920	0.40036	0.06038	0.33677	0.01278	0.00668	0.00188	0.00295	0.04875	0.00572	0.00520
27	0.01339	0.05296	0.50398	0.07507	0.02244	0.03922	0.01687	0.01849	0.01280	0.11945	0.06255	0.01498	0.01119	0.00600	0.00542	0.00175	0.00737	0.00477	0.00328	0.00802
28	0.00756	0.00566	0.00701	0.00684	0.00820	0.00511	0.00507	0.00978	0.01473	0.02011	0.53345	0.11785	0.21249	0.01272	0.00669	0.00185	0.00276	0.01112	0.00588	0.00511
29	0.01471	0.10528	0.06496	0.01023	0.01301	0.07862	0.00849	0.18382	0.01451	0.07188	0.01497	0.03502	0.01421	0.28098	0.01373	0.00298	0.02902	0.03308	0.00401	0.00648
30	0.01167	0.01000	0.01167	0.00834	0.01334	0.00750	0.00667	0.01417	0.01167	0.01834	0.01000	0.01167	0.00834	0.00417	0.00417	0.00083	0.00417	0.00333	0.00333	0.83663
31	0.00727	0.00559	0.00665	0.00667	0.00805	0.00497	0.00489	0.00916	0.01385	0.01832	0.36522	0.17398	0.32786	0.01361	0.00673	0.00191	0.00283	0.01182	0.00565	0.00497
32	0.00686	0.00490	0.00653	0.00784	0.00816	0.00457	0.00522	0.00784	0.01077	0.01437	0.03102	0.79855	0.03722	0.01763	0.00718	0.00229	0.00326	0.01600	0.00522	0.00457
33	0.00721	0.00539	0.00662	0.00740	0.00831	0.00495	0.00531	0.00851	0.01166	0.01502	0.06855	0.41533	0.24090	0.06918	0.00853	0.00241	0.00351	0.10143	0.00514	0.00465
34	0.01175	0.02507	0.10772	0.27989	0.08576	0.01261	0.18328	0.01727	0.09889	0.01765	0.06955	0.01852	0.02371	0.00628	0.00593	0.00185	0.00715	0.01658	0.00332	0.00722
35	0.01393	0.01337	0.02284	0.03454	0.76712	0.01337	0.01727	0.01727	0.01281	0.01839	0.01059	0.01393	0.00891	0.00501	0.00557	0.00167	0.00669	0.00501	0.00279	0.00891
36	0.79815	0.01184	0.04862	0.00786	0.01159	0.01265	0.00687	0.01661	0.00970	0.02486	0.00796	0.00929	0.00615	0.00523	0.00358	0.00174	0.00456	0.00311	0.00342	0.00621
37	0.07508	0.06584	0.09733	0.06952	0.08912	0.14372	0.01188	0.18348	0.07773	0.09485	0.01308	0.03131	0.01000	0.00631	0.00527	0.00168	0.00674	0.00486	0.00411	0.00807

[dist]
# distance from previous block
# <min> <max>
0	1

[block]
# block no. 4 follows, 42 sequences, length 32
# corresponding to MSA columns:
# 594-625
name=unknown_E
#
# <colnr> <probs for GDERKNQSTAVLIFYWHMCP>
#	G	D	E	R	K	N	Q	S	T	A	V	L	I	F	Y	W	H	M	C	P
0	0.01401	0.01192	0.01264	0.01129	0.01444	0.01370	0.00880	0.06095	0.68578	0.02402	0.06108	0.02176	0.01871	0.00780	0.00577	0.00189	0.00444	0.00650	0.00575	0.00875
1	0.01275	0.01235	0.02151	0.21344	0.39599	0.01325	0.11174	0.01617	0.01209	0.01706	0.01061	0.01452	0.00863	0.00561	0.00675	0.00180	0.07404	0.00523	0.03874	0.00770
2	0.00772	0.00563	0.00731	0.00747	0.00862	0.00522	0.00559	0.00989	0.01422	0.01953	0.46619	0.21372	0.10735	0.01351	0.00688	0.00198	0.00307	0.08523	0.00579	0.00509
3	0.02525	0.00958	0.01306	0.01001	0.01437	0.00827	0.00827	0.02743	0.01611	0.77102	0.02220	0.01915	0.01393	0.00697	0.00566	0.00174	0.00479	0.00566	0.00697	0.00958
4	0.00696	0.00537	0.00639	0.00707	0.00816	0.00480	0.00508	0.00831	0.01201	0.01526	0.07697	0.40694	0.33937	0.01580	0.00697	0.00212	0.00319	0.05921	0.00527	0.00472
5	0.00804	0.00603	0.00904	0.00904	0.01005	0.00703	0.00703	0.01005	0.00904	0.01306	0.01507	0.02211	0.01407	0.04221	0.77992	0.00904	0.01507	0.00603	0.00301	0.00502
6	0.84197	0.01088	0.00827	0.00740	0.01088	0.01262	0.00609	0.01654	0.00958	0.02525	0.00784	0.00914	0.00609	0.00522	0.00348	0.00174	0.00435	0.00305	0.00348	0.00609
7	0.00730	0.00521	0.00703	0.00834	0.00886	0.00495	0.00599	0.00860	0.01121	0.01486	0.03077	0.65235	0.03626	0.01722	0.00730	0.00235	0.00365	0.15786	0.00522	0.00469
8	0.84197	0.01088	0.00827	0.00740	0.01088	0.01262	0.00609	0.01654	0.00958	0.02525	0.00784	0.00914	0.00609	0.00522	0.00348	0.00174	0.00435	0.00305	0.00348	0.00609
9	0.02090	0.02281	0.01603	0.01393	0.01709	0.54077	0.01076	0.16768	0.01768	0.06378	0.01041	0.01148	0.00812	0.00627	0.00592	0.00157	0.04974	0.00410	0.00367	0.00730
10	0.00905	0.00660	0.00947	0.01033	0.01173	0.00654	0.02583	0.01170	0.01327	0.01747	0.10595	0.06012	0.03399	0.01487	0.00763	0.00249	0.00502	0.63745	0.00523	0.00525
11	0.01063	0.01000	0.01688	0.78870	0.03876	0.01250	0.01563	0.01438	0.01125	0.01438	0.01000	0.01500	0.00750	0.00563	0.00563	0.00188	0.00750	0.00500	0.00250	0.00625
12	0.01482	0.75878	0.07434	0.01002	0.01504	0.02171	0.01030	0.01691	0.01146	0.01352	0.00796	0.00920	0.00722	0.00485	0.00372	0.00124	0.00616	0.00308	0.00241	0.00729
13	0.01213	0.02793	0.72723	0.01568	0.02375	0.01278	0.02004	0.01840	0.01214	0.06325	0.01083	0.01232	0.00754	0.00544	0.00537	0.00178	0.00810	0.00425	0.00265	0.00839
14	0.01063	0.01000	0.01688	0.78870	0.03876	0.01250	0.01563	0.01438	0.01125	0.01438	0.01000	0.01500	0.00750	0.00563	0.00563	0.00188	0.00750	0.00500	0.00250	0.00625
15	0.00686	0.00490	0.00653	0.00784	0.00816	0.00457	0.00522	0.00784	0.01077	0.01437	0.03102	0.79855	0.03722	0.01763	0.00718	0.00229	0.00326	0.01600	0.00522	0.00457
16	0.01798	0.02130	0.01576	0.01409	0.01629	0.49982	0.01091	0.03891	0.06116	0.01486	0.00970	0.01196	0.00827	0.00851	0.04281	0.00206	0.19171	0.00424	0.00305	0.00660
17	0.01149	0.00998	0.01665	0.74277	0.03732	0.01225	0.01519	0.01515	0.01154	0.05900	0.01072	0.01525	0.00788	0.00571	0.00563	0.00187	0.00734	0.00504	0.00276	0.00645
18	0.01075	0.00674	0.00938	0.01019	0.01178	0.00658	0.00878	0.01321	0.01319	0.10046	0.02902	0.09694	0.03059	0.01470	0.00751	0.00248	0.00504	0.61165	0.00538	0.00564
19	0.00900	0.00516	0.00675	0.00675	0.00675	0.00516	0.00417	0.00775	0.00775	0.01033	0.01366	0.02672	0.01499	0.40121	0.02524	0.43113	0.00516	0.00649	0.00291	0.00291
20	0.01849	0.01252	0.05230	0.06322	0.06743	0.01152	0.16876	0.09942	0.05429	0.31972	0.01741	0.01950	0.01255	0.00673	0.00597	0.00183	0.00640	0.04837	0.00502	0.00855
21	0.11404	0.05595	0.07316	0.02035	0.11731	0.01391	0.39296	0.01895	0.05761	0.06342	0.01192	0.01435	0.00897	0.00518	0.00577	0.00180	0.00768	0.00558	0.00328	0.00780
22	0.26101	0.06056	0.06673	0.03565	0.31810	0.01378	0.13212	0.01713	0.01176	0.01997	0.00969	0.01231	0.00778	0.00505	0.00499	0.00171	0.00652	0.00452	0.00295	0.00767
23	0.01419	0.01442	0.02121	0.11530	0.52802	0.09713	0.03241	0.01724	0.01266	0.01705	0.01008	0.01354	0.00845	0.00554	0.00656	0.00174	0.06873	0.00489	0.00274	0.00811
24	0.00784	0.00570	0.00738	0.00707	0.00836	0.00524	0.00526	0.01034	0.01548	0.02174	0.68824	0.08923	0.08301	0.01200	0.00667	0.00181	0.00270	0.01061	0.00609	0.00524
25	0.01153	0.01038	0.01645	0.19927	0.21612	0.01101	0.06791	0.03820	0.09032	0.01934	0.20129	0.05702	0.02174	0.00765	0.00602	0.00181	0.00568	0.00706	0.00408	0.00711
26	0.00818	0.00546	0.00614	0.00614	0.00614	0.00546	0.00341	0.00818	0.00818	0.01091	0.01773	0.03683	0.02046	0.80222	0.02864	0.00546	0.00546	0.00818	0.00341	0.00341
27	0.00964	0.00826	0.01261	0.34373	0.02267	0.00952	0.02429	0.03546	0.03391	0.01549	0.01972	0.32135	0.02085	0.01113	0.00695	0.00210	0.04062	0.05204	0.00391	0.00574
28	0.01168	0.01011	0.01687	0.70953	0.06601	0.01227	0.01523	0.01532	0.01162	0.06249	0.01080	0.01522	0.00797	0.00569	0.00563	0.00186	0.00730	0.00504	0.00279	0.00657
29	0.01125	0.00961	0.01142	0.00853	0.01288	0.00765	0.00677	0.01360	0.01165	0.01805	0.04104	0.06276	0.01189	0.00556	0.00508	0.00103	0.03824	0.00448	0.00353	0.71499
30	0.01682	0.03477	0.17471	0.06614	0.01767	0.04077	0.01126	0.03312	0.08890	0.28979	0.08568	0.03359	0.01557	0.00694	0.00555	0.00171	0.00570	0.00568	0.00492	0.06075
31	0.01458	0.10831	0.45155	0.01503	0.02168	0.07928	0.06289	0.10945	0.01429	0.05603	0.01084	0.01220	0.00787	0.00554	0.00527	0.00169	0.00786	0.00433	0.00308	0.00822

[dist]
# distance from previous block
# <min> <max>
1	22

[block]
# block no. 5 follows, 42 sequences, length 13
# corresponding to MSA columns:
# 672-684
name=unknown_F
#
# <colnr> <probs for GDERKNQSTAVLIFYWHMCP>
#	G	D	E	R	K	N	Q	S	T	A	V	L	I	F	Y	W	H	M	C	P
0	0.11787	0.11525	0.16482	0.03116	0.07278	0.01467	0.04153	0.16135	0.10496	0.10309	0.01313	0.01374	0.00963	0.00595	0.00511	0.00170	0.00619	0.00466	0.00409	0.00832
1	0.00929	0.00512	0.00731	0.00731	0.00743	0.00523	0.00487	0.00780	0.00768	0.01036	0.01181	0.02123	0.01219	0.16328	0.10964	0.59209	0.00615	0.00561	0.00268	0.00291
2	0.00810	0.00549	0.00644	0.00645	0.00665	0.00549	0.00386	0.00850	0.00910	0.01231	0.09175	0.06820	0.02405	0.65285	0.06398	0.00514	0.00558	0.00859	0.00374	0.00373
3	0.02122	0.02101	0.01644	0.01368	0.01743	0.37892	0.01078	0.40410	0.02147	0.02518	0.01123	0.01192	0.00847	0.00630	0.00537	0.00158	0.00807	0.00438	0.00433	0.00813
4	0.00704	0.00565	0.00631	0.00649	0.00805	0.00492	0.00486	0.00868	0.01307	0.01640	0.16772	0.15222	0.50691	0.01433	0.00679	0.00197	0.00301	0.05535	0.00538	0.00484
5	0.00791	0.00534	0.00622	0.00649	0.00656	0.00527	0.00379	0.00811	0.00872	0.01163	0.02049	0.19476	0.02393	0.63955	0.02419	0.00480	0.00500	0.00980	0.00379	0.00365
6	0.01104	0.00703	0.00879	0.00796	0.00990	0.00668	0.00608	0.06037	0.04403	0.11729	0.46615	0.11204	0.09771	0.01129	0.00647	0.00183	0.00330	0.00984	0.00607	0.00615
7	0.00735	0.00537	0.00691	0.00727	0.00822	0.00493	0.00517	0.00915	0.01337	0.01825	0.37375	0.37413	0.11634	0.01446	0.00688	0.00201	0.00294	0.01289	0.00567	0.00493
8	0.01231	0.01231	0.01724	0.01477	0.01477	0.01724	0.01231	0.01354	0.00862	0.01354	0.00739	0.01231	0.00739	0.00985	0.01847	0.00246	0.79192	0.00492	0.00246	0.00616
9	0.01328	0.01518	0.03321	0.02372	0.02941	0.01423	0.74668	0.01803	0.01328	0.01803	0.01139	0.01518	0.00854	0.00474	0.00664	0.00190	0.00949	0.00664	0.00285	0.00759
10	0.02102	0.02682	0.01595	0.01450	0.01740	0.77963	0.01087	0.02247	0.01595	0.01377	0.00870	0.01015	0.00725	0.00580	0.00507	0.00145	0.01015	0.00362	0.00290	0.00652
11	0.01063	0.01000	0.01688	0.78870	0.03876	0.01250	0.01563	0.01438	0.01125	0.01438	0.01000	0.01500	0.00750	0.00563	0.00563	0.00188	0.00750	0.00500	0.00250	0.00625
12	0.01409	0.64815	0.13282	0.01038	0.01548	0.01995	0.01094	0.01661	0.01177	0.01445	0.05369	0.01142	0.00997	0.00529	0.00404	0.00132	0.00614	0.00360	0.00263	0.00726

[dist]
# distance from previous block
# <min> <max>
0	2

[block]
# block no. 6 follows, 42 sequences, length 30
# corresponding to MSA columns:
# 687-716
name=unknown_G
#
# <colnr> <probs for GDERKNQSTAVLIFYWHMCP>
#	G	D	E	R	K	N	Q	S	T	A	V	L	I	F	Y	W	H	M	C	P
0	0.69322	0.01108	0.01043	0.06920	0.09152	0.01269	0.00798	0.01645	0.01004	0.02372	0.00829	0.01008	0.00649	0.00523	0.00386	0.00174	0.00483	0.00340	0.00334	0.00640
1	0.01063	0.01000	0.01688	0.78870	0.03876	0.01250	0.01563	0.01438	0.01125	0.01438	0.01000	0.01500	0.00750	0.00563	0.00563	0.00188	0.00750	0.00500	0.00250	0.00625
2	0.75548	0.01043	0.00835	0.00771	0.01096	0.01199	0.00640	0.01604	0.00993	0.02438	0.01012	0.01479	0.00883	0.00630	0.00393	0.00183	0.00444	0.07846	0.00366	0.00600
3	0.02046	0.01120	0.01443	0.06462	0.04945	0.02604	0.02532	0.18703	0.03102	0.39776	0.01932	0.09707	0.01449	0.00778	0.00581	0.00179	0.00542	0.00651	0.00581	0.00869
4	0.01458	0.01461	0.02221	0.03269	0.69785	0.08417	0.01668	0.01775	0.01310	0.01796	0.01041	0.01358	0.00876	0.00509	0.00553	0.00165	0.00701	0.00489	0.00280	0.00869
5	0.02117	0.02401	0.01566	0.01389	0.01705	0.63014	0.01057	0.07795	0.04217	0.08023	0.01070	0.01154	0.00833	0.00603	0.00519	0.00151	0.00920	0.00400	0.00355	0.00710
6	0.01024	0.00533	0.00564	0.00564	0.00692	0.00543	0.00426	0.01279	0.01152	0.02016	0.01802	0.02110	0.01439	0.01026	0.08452	0.00211	0.00392	0.00533	0.74722	0.00522
7	0.00735	0.00558	0.00677	0.00679	0.00811	0.00500	0.00497	0.00931	0.01401	0.01875	0.40769	0.18576	0.27244	0.01350	0.00674	0.00191	0.00283	0.01179	0.00571	0.00500
8	0.01240	0.01164	0.01705	0.09590	0.11477	0.01232	0.06863	0.03287	0.01140	0.01697	0.00953	0.01281	0.00810	0.00615	0.00880	0.00162	0.22945	0.00448	0.00295	0.32217
9	0.01104	0.02735	0.71527	0.01536	0.02315	0.01248	0.01962	0.01728	0.01219	0.01818	0.06703	0.01416	0.01060	0.00581	0.00544	0.00178	0.00789	0.00461	0.00266	0.00809
10	0.01906	0.14004	0.09721	0.01269	0.01759	0.01761	0.01151	0.52951	0.05211	0.02969	0.01265	0.01295	0.00926	0.00634	0.00529	0.00163	0.00632	0.00470	0.00479	0.00905
11	0.00841	0.00592	0.00777	0.00842	0.00928	0.00581	0.00653	0.01017	0.01200	0.01603	0.15524	0.12908	0.03339	0.22114	0.01298	0.00317	0.00461	0.34048	0.00490	0.00468
12	0.00665	0.00570	0.00570	0.00570	0.00760	0.00475	0.00428	0.00808	0.01283	0.01520	0.05701	0.05416	0.76483	0.01425	0.00665	0.00190	0.00285	0.01188	0.00523	0.00475
13	0.01167	0.01000	0.01167	0.00834	0.01334	0.00750	0.00667	0.01417	0.01167	0.01834	0.01000	0.01167	0.00834	0.00417	0.00417	0.00083	0.00417	0.00333	0.00333	0.83663
14	0.01438	0.29619	0.31760	0.01484	0.07585	0.04408	0.03457	0.06411	0.03146	0.04321	0.01027	0.01165	0.00797	0.00534	0.00482	0.00156	0.00714	0.00403	0.00289	0.00803
15	0.00901	0.00516	0.00676	0.00676	0.00676	0.00516	0.00418	0.00774	0.00774	0.01032	0.01359	0.02657	0.01490	0.39529	0.02519	0.43742	0.00516	0.00647	0.00291	0.00291
16	0.00792	0.00639	0.00816	0.00828	0.01003	0.00584	0.03676	0.00989	0.01274	0.01581	0.04321	0.05560	0.42343	0.04064	0.00782	0.00229	0.00412	0.29102	0.00505	0.00499
17	0.01505	0.80561	0.02949	0.00963	0.01444	0.02227	0.00963	0.01685	0.01143	0.01324	0.00782	0.00903	0.00722	0.00481	0.00361	0.00120	0.00602	0.00301	0.00241	0.00722
18	0.00733	0.00517	0.00649	0.00720	0.00761	0.00490	0.00470	0.00823	0.01068	0.01430	0.10455	0.48016	0.06364	0.23292	0.01301	0.00309	0.00379	0.01308	0.00483	0.00434
19	0.00898	0.00599	0.00777	0.00719	0.00874	0.00546	0.00544	0.01153	0.01577	0.06915	0.67795	0.04128	0.09051	0.01137	0.00658	0.00178	0.00280	0.00999	0.00619	0.00555
20	0.00779	0.00574	0.00699	0.00684	0.00829	0.00521	0.00520	0.01006	0.01455	0.01993	0.46856	0.06579	0.23992	0.01240	0.00658	0.00185	0.00288	0.05641	0.04988	0.00513
21	0.00961	0.00495	0.00721	0.00721	0.00721	0.00495	0.00474	0.00742	0.00742	0.00989	0.01060	0.01914	0.01088	0.10030	0.02268	0.75055	0.00495	0.00523	0.00254	0.00254
22	0.84197	0.01088	0.00827	0.00740	0.01088	0.01262	0.00609	0.01654	0.00958	0.02525	0.00784	0.00914	0.00609	0.00522	0.00348	0.00174	0.00435	0.00305	0.00348	0.00609
23	0.01231	0.01231	0.01724	0.01477	0.01477	0.01724	0.01231	0.01354	0.00862	0.01354	0.00739	0.01231	0.00739	0.00985	0.01847	0.00246	0.79192	0.00492	0.00246	0.00616
24	0.01129	0.02911	0.77306	0.01604	0.02436	0.01307	0.02079	0.01782	0.01188	0.01782	0.01010	0.01188	0.00713	0.00535	0.00535	0.00178	0.00832	0.00416	0.00238	0.00832
25	0.01231	0.01231	0.01724	0.01477	0.01477	0.01724	0.01231	0.01354	0.00862	0.01354	0.00739	0.01231	0.00739	0.00985	0.01847	0.00246	0.79192	0.00492	0.00246	0.00616
26	0.01245	0.08650	0.66921	0.01518	0.02298	0.01346	0.01916	0.01835	0.01211	0.06477	0.01069	0.01212	0.00756	0.00541	0.00524	0.00174	0.00792	0.00417	0.00267	0.00831
27	0.01335	0.00800	0.00830	0.00726	0.00941	0.00844	0.00571	0.20575	0.01564	0.02478	0.01709	0.01902	0.01315	0.00661	0.00438	0.00141	0.00356	0.00520	0.61656	0.00638
28	0.01027	0.05330	0.07983	0.10803	0.09691	0.01021	0.17022	0.01322	0.01197	0.01611	0.04455	0.29045	0.05098	0.01005	0.00633	0.00196	0.00600	0.00948	0.00378	0.00636
29	0.09389	0.00652	0.00659	0.00623	0.00841	0.00582	0.00475	0.00968	0.01283	0.01743	0.14364	0.04519	0.54323	0.01231	0.00616	0.00180	0.00306	0.01020	0.00506	0.05720

[dist]
# distance from previous block
# <min> <max>
0	28

[block]
# block no. 7 follows, 42 sequences, length 26
# corresponding to MSA columns:
# 745-752,754-771
name=unknown_H
#
# <colnr> <probs for GDERKNQSTAVLIFYWHMCP>
#	G	D	E	R	K	N	Q	S	T	A	V	L	I	F	Y	W	H	M	C	P
0	0.03943	0.23449	0.34596	0.04317	0.06719	0.01513	0.02814	0.03413	0.04800	0.01776	0.06686	0.01407	0.01127	0.00578	0.00499	0.00163	0.00679	0.00452	0.00298	0.00773
1	0.01086	0.00800	0.00981	0.00807	0.01122	0.00656	0.00626	0.01312	0.01290	0.06861	0.21065	0.10201	0.02490	0.04151	0.00641	0.00156	0.00383	0.04143	0.00460	0.40769
