[name]
unknown

[dist]
# distance from previous block
# <min> <max>
22	243

[block]
# block no. 0 follows, 37 sequences, length 26
# corresponding to MSA columns:
# 829-854
name=unknown_A
#
# <colnr> <probs for GDERKNQSTAVLIFYWHMCP>
#	G	D	E	R	K	N	Q	S	T	A	V	L	I	F	Y	W	H	M	C	P
0	0.06857	0.10337	0.08136	0.01241	0.03712	0.01424	0.01064	0.15645	0.14382	0.15094	0.06035	0.03470	0.01542	0.00741	0.00568	0.00179	0.00568	0.00587	0.02536	0.05883
1	0.06052	0.07131	0.11768	0.01174	0.01639	0.01242	0.01086	0.11349	0.08687	0.22114	0.04186	0.04686	0.05049	0.00850	0.00604	0.00191	0.00576	0.05790	0.00547	0.05281
2	0.12683	0.12562	0.15084	0.01233	0.01751	0.03178	0.06532	0.04450	0.03074	0.13511	0.05666	0.01635	0.01282	0.00640	0.00530	0.00170	0.00625	0.00508	0.05499	0.09386
3	0.09156	0.15380	0.10005	0.01446	0.08418	0.05056	0.01196	0.13805	0.04435	0.19543	0.01455	0.01475	0.01052	0.00640	0.00540	0.00173	0.00650	0.00485	0.00471	0.04619
4	0.07833	0.22229	0.02014	0.06850	0.03889	0.03859	0.05751	0.09430	0.07148	0.09460	0.04148	0.06473	0.05066	0.00767	0.00558	0.00178	0.00616	0.00622	0.00443	0.02663
5	0.04644	0.09151	0.16716	0.01501	0.07255	0.01376	0.06184	0.11165	0.05095	0.09804	0.07699	0.01727	0.01416	0.00657	0.00570	0.00171	0.00648	0.00546	0.00437	0.13239
6	0.14883	0.10830	0.05227	0.12333	0.14108	0.01399	0.02435	0.06135	0.01420	0.12335	0.02687	0.01480	0.01033	0.00601	0.00530	0.00171	0.00629	0.00481	0.00401	0.10884
7	0.01136	0.05526	0.04011	0.01026	0.01234	0.00906	0.00837	0.09440	0.04196	0.03850	0.08163	0.34762	0.05430	0.01470	0.00728	0.00230	0.00476	0.15378	0.00557	0.00644
8	0.02056	0.17921	0.02005	0.03241	0.01854	0.47551	0.01146	0.06693	0.08748	0.01737	0.01114	0.01230	0.00910	0.00635	0.00532	0.00160	0.00919	0.00423	0.00352	0.00770
9	0.08510	0.01159	0.01491	0.01267	0.05930	0.01095	0.00972	0.10626	0.03640	0.55570	0.02120	0.01906	0.01376	0.00730	0.00597	0.00189	0.00546	0.00585	0.00683	0.01008
10	0.01489	0.01482	0.02626	0.03173	0.48479	0.01506	0.18008	0.01975	0.06710	0.02001	0.01250	0.01593	0.01017	0.00591	0.00718	0.00194	0.05347	0.00596	0.00326	0.00919
11	0.01622	0.06153	0.23170	0.02082	0.07510	0.01473	0.31037	0.04854	0.01488	0.12594	0.01352	0.01561	0.00970	0.00580	0.00638	0.00194	0.00867	0.00591	0.00369	0.00895
12	0.01155	0.01078	0.01810	0.67310	0.08780	0.01313	0.01642	0.01541	0.01232	0.01593	0.01235	0.06387	0.01028	0.00689	0.00622	0.00205	0.00781	0.00619	0.00293	0.00688
13	0.01251	0.01079	0.01835	0.61610	0.03727	0.01277	0.05969	0.01632	0.01270	0.06568	0.01356	0.07312	0.01109	0.00712	0.00632	0.00206	0.00775	0.00648	0.00329	0.00700
14	0.01161	0.00938	0.01343	0.01424	0.10405	0.00940	0.06142	0.11452	0.04049	0.02118	0.11287	0.40360	0.03140	0.01355	0.00718	0.00220	0.00493	0.01233	0.00537	0.00684
15	0.01527	0.01154	0.09358	0.01487	0.11780	0.00954	0.01099	0.01776	0.01350	0.22329	0.02222	0.24810	0.02110	0.01360	0.05326	0.02160	0.05397	0.02518	0.00510	0.00771
16	0.01441	0.01473	0.07174	0.08937	0.42296	0.03458	0.08318	0.01811	0.01396	0.05060	0.01657	0.04569	0.05539	0.00713	0.00637	0.00194	0.00733	0.03377	0.00353	0.00865
17	0.01177	0.01368	0.11194	0.62735	0.03854	0.01400	0.01749	0.01606	0.01215	0.01606	0.01072	0.01571	0.00810	0.00637	0.00695	0.00207	0.05596	0.00532	0.00270	0.00708
18	0.05418	0.01601	0.09193	0.04622	0.41337	0.03961	0.08987	0.02075	0.01437	0.13488	0.01332	0.01562	0.01009	0.00585	0.00605	0.00187	0.00747	0.00551	0.00374	0.00930
19	0.02052	0.03426	0.06850	0.05729	0.01779	0.01077	0.03449	0.02378	0.03958	0.42669	0.04097	0.07882	0.01722	0.00884	0.00737	0.00204	0.06246	0.03369	0.00599	0.00894
20	0.01632	0.01985	0.25756	0.02340	0.26798	0.02759	0.06501	0.07029	0.03218	0.11551	0.01418	0.01700	0.01076	0.00639	0.00614	0.00192	0.00771	0.02700	0.00385	0.00936
21	0.03222	0.01128	0.01708	0.49452	0.05786	0.01284	0.01436	0.03782	0.06246	0.12031	0.01376	0.01690	0.01000	0.00635	0.00596	0.00192	0.00711	0.00546	0.00383	0.06794
22	0.03632	0.01200	0.05622	0.03799	0.28493	0.01080	0.01248	0.03429	0.03257	0.11013	0.05713	0.12780	0.08791	0.00934	0.00641	0.00196	0.00571	0.02801	0.00463	0.04336
23	0.03422	0.10096	0.10896	0.01618	0.12302	0.06370	0.03133	0.04212	0.03329	0.23663	0.03111	0.04771	0.01310	0.00709	0.00618	0.00179	0.02863	0.00573	0.00469	0.06357
24	0.03709	0.03940	0.17147	0.04472	0.08396	0.10075	0.05079	0.09744	0.03675	0.16299	0.01621	0.03706	0.01284	0.00760	0.00641	0.00195	0.02213	0.05724	0.00451	0.00870
25	0.23165	0.07259	0.17479	0.01377	0.05859	0.07781	0.02480	0.02183	0.10689	0.10032	0.03781	0.01517	0.01152	0.00646	0.00527	0.00184	0.00658	0.00485	0.00415	0.02330

[dist]
# distance from previous block
# <min> <max>
5	49

[block]
# block no. 1 follows, 37 sequences, length 37
# corresponding to MSA columns:
# 908-944
name=unknown_B
#
# <colnr> <probs for GDERKNQSTAVLIFYWHMCP>
#	G	D	E	R	K	N	Q	S	T	A	V	L	I	F	Y	W	H	M	C	P
0	0.08484	0.05895	0.11634	0.08945	0.14972	0.01308	0.03001	0.04816	0.05227	0.20510	0.01586	0.03275	0.01193	0.00680	0.00580	0.00187	0.00651	0.02021	0.00455	0.04581
1	0.10736	0.17924	0.14544	0.01476	0.11502	0.01394	0.01225	0.02024	0.01405	0.19613	0.05571	0.03542	0.05118	0.00721	0.00550	0.00179	0.00611	0.00572	0.00444	0.00848
2	0.10786	0.09450	0.20152	0.01810	0.17810	0.01358	0.03058	0.01948	0.04046	0.09857	0.01434	0.07479	0.01199	0.00690	0.00560	0.00182	0.00662	0.00575	0.00383	0.06563
3	0.16785	0.11915	0.07351	0.01649	0.16035	0.09388	0.01190	0.04457	0.01427	0.12953	0.01481	0.01582	0.04730	0.00655	0.00557	0.00175	0.02224	0.00494	0.00404	0.04549
4	0.15321	0.18399	0.06394	0.06733	0.06709	0.10942	0.01094	0.05995	0.01454	0.05653	0.08724	0.05765	0.02974	0.00749	0.00537	0.00177	0.00648	0.00576	0.00401	0.00754
5	0.13002	0.14000	0.03313	0.06871	0.05945	0.04229	0.02639	0.08214	0.03965	0.17194	0.01373	0.01448	0.01013	0.00608	0.00519	0.00164	0.00612	0.00467	0.00445	0.13979
6	0.09476	0.03369	0.05631	0.07473	0.18713	0.17672	0.02630	0.07314	0.01510	0.07976	0.02297	0.01433	0.00982	0.00668	0.00717	0.00187	0.08828	0.00497	0.00371	0.02256
7	0.01538	0.01489	0.12741	0.07344	0.22659	0.01289	0.02901	0.05638	0.01460	0.11800	0.08064	0.01882	0.01471	0.00807	0.02344	0.00210	0.08950	0.00596	0.04604	0.02213
8	0.08166	0.01450	0.02291	0.07123	0.54088	0.01496	0.04349	0.09807	0.01525	0.02244	0.01163	0.01479	0.00943	0.00571	0.00593	0.00185	0.00717	0.00535	0.00342	0.00932
9	0.08250	0.01302	0.01598	0.12243	0.07305	0.01432	0.01137	0.26009	0.05559	0.05129	0.06705	0.01776	0.01382	0.00946	0.04967	0.00231	0.04770	0.00570	0.00475	0.08214
10	0.01467	0.01367	0.01098	0.01002	0.01280	0.21505	0.00764	0.01783	0.08232	0.10176	0.06538	0.03747	0.36391	0.01127	0.00654	0.00191	0.00569	0.00904	0.00529	0.00675
11	0.01312	0.01236	0.01683	0.01326	0.01623	0.01348	0.05102	0.01534	0.01126	0.01751	0.00965	0.01323	0.00860	0.00743	0.01188	0.00179	0.36077	0.00463	0.00316	0.39844
12	0.00821	0.00614	0.00843	0.00917	0.00967	0.00649	0.00650	0.00951	0.01094	0.01499	0.02701	0.50085	0.03116	0.07189	0.20021	0.00456	0.05089	0.01346	0.00478	0.00512
13	0.01155	0.00982	0.01040	0.00963	0.01235	0.01047	0.00740	0.02144	0.38947	0.02217	0.12115	0.03864	0.28808	0.01142	0.00671	0.00206	0.00398	0.00959	0.00609	0.00759
14	0.01050	0.00629	0.00838	0.00860	0.00986	0.00575	0.00616	0.01228	0.01415	0.11706	0.24165	0.46205	0.04217	0.01565	0.00742	0.00224	0.00358	0.01402	0.00625	0.00594
15	0.00890	0.00593	0.00668	0.00668	0.00668	0.00593	0.00371	0.00890	0.00890	0.01187	0.01929	0.04006	0.02225	0.78487	0.03116	0.00593	0.00593	0.00890	0.00371	0.00371
16	0.00835	0.00610	0.00785	0.00772	0.00903	0.00560	0.00567	0.01084	0.01613	0.02245	0.57304	0.16964	0.10701	0.01386	0.00732	0.00203	0.00301	0.01227	0.00648	0.00560
17	0.82811	0.01184	0.00900	0.00805	0.01184	0.01373	0.00663	0.01799	0.01042	0.02746	0.00852	0.00994	0.00663	0.00568	0.00379	0.00189	0.00474	0.00331	0.00379	0.00663
18	0.01445	0.01651	0.03612	0.02580	0.03199	0.01548	0.72446	0.01961	0.01445	0.01961	0.01238	0.01651	0.00929	0.00516	0.00722	0.00206	0.01032	0.00722	0.00310	0.00826
19	0.00745	0.00537	0.00706	0.00840	0.00885	0.00498	0.00563	0.00854	0.01183	0.01567	0.03518	0.74401	0.07642	0.01899	0.00778	0.00246	0.00353	0.01717	0.00568	0.00498
20	0.01726	0.07591	0.01555	0.01058	0.01566	0.06606	0.00866	0.10869	0.01577	0.12967	0.01303	0.01380	0.00995	0.00553	0.00500	0.00125	0.00555	0.00423	0.00441	0.47344
21	0.00887	0.00608	0.00739	0.00739	0.00764	0.00632	0.00460	0.00936	0.00911	0.01240	0.01863	0.03645	0.02069	0.61812	0.19576	0.00682	0.00830	0.00837	0.00361	0.00411
22	0.01788	0.04191	0.01839	0.12970	0.14267	0.19822	0.01306	0.14423	0.17268	0.02241	0.01444	0.01589	0.01115	0.00673	0.00588	0.00183	0.00760	0.00534	0.02138	0.00861
23	0.01970	0.01098	0.01311	0.01102	0.01480	0.01111	0.00878	0.02827	0.31598	0.34853	0.08486	0.02586	0.06167	0.00873	0.00633	0.00198	0.00475	0.00726	0.00684	0.00944
24	0.01588	0.01347	0.01421	0.01259	0.01617	0.01553	0.00985	0.08869	0.67840	0.02666	0.02409	0.02218	0.01802	0.00823	0.00622	0.00206	0.00500	0.00681	0.00622	0.00975
25	0.01724	0.02260	0.39802	0.01746	0.09841	0.01352	0.01735	0.08522	0.05674	0.19098	0.01521	0.01571	0.01053	0.00646	0.00597	0.00191	0.00753	0.00522	0.00431	0.00959
26	0.07811	0.15663	0.30716	0.01699	0.07519	0.01529	0.10563	0.02075	0.01365	0.13641	0.01269	0.01404	0.00921	0.00588	0.00558	0.00182	0.00769	0.00488	0.00358	0.00882
27	0.01391	0.11010	0.11996	0.12320	0.12553	0.01238	0.01383	0.01743	0.01377	0.09857	0.01949	0.04800	0.01835	0.00974	0.00658	0.00214	0.00673	0.22840	0.00426	0.00765
28	0.00764	0.00580	0.00705	0.00762	0.00874	0.00520	0.00538	0.00925	0.01361	0.01780	0.19261	0.39870	0.26522	0.01661	0.00751	0.00224	0.00327	0.01466	0.00591	0.00520
29	0.01208	0.01252	0.08619	0.39787	0.09804	0.01238	0.01470	0.06701	0.01360	0.01828	0.05155	0.07629	0.01452	0.04932	0.04785	0.00264	0.00776	0.00678	0.00350	0.00713
30	0.01583	0.02063	0.28201	0.04306	0.34975	0.03160	0.01864	0.05670	0.01473	0.09051	0.01264	0.01481	0.00949	0.00592	0.00597	0.00187	0.00779	0.00516	0.00346	0.00944
31	0.01303	0.01279	0.01777	0.01531	0.01531	0.01771	0.01261	0.01426	0.00934	0.01450	0.00895	0.01555	0.00919	0.07339	0.02098	0.00294	0.71152	0.00564	0.00276	0.00645
32	0.00858	0.00601	0.00670	0.00667	0.00714	0.00578	0.00403	0.00907	0.01043	0.01364	0.08003	0.04387	0.15492	0.58969	0.02509	0.00494	0.00520	0.00978	0.00429	0.00412
33	0.01685	0.01560	0.13517	0.13217	0.07631	0.03003	0.07721	0.03745	0.04281	0.19667	0.05237	0.01800	0.01301	0.00742	0.00827	0.00205	0.11980	0.00593	0.00436	0.00851
34	0.01463	0.02214	0.34433	0.02284	0.25460	0.01490	0.01849	0.08555	0.12117	0.02225	0.01354	0.01526	0.01023	0.00621	0.00598	0.00191	0.00765	0.00526	0.00359	0.00947
35	0.02074	0.01568	0.13972	0.08566	0.04888	0.06625	0.01288	0.03791	0.01546	0.38163	0.01760	0.01775	0.01200	0.00910	0.04536	0.00234	0.05110	0.00559	0.00525	0.00911
36	0.51326	0.01141	0.00932	0.00890	0.01172	0.07167	0.00698	0.01607	0.01191	0.02364	0.06820	0.15456	0.01804	0.00924	0.00514	0.00202	0.00494	0.04233	0.00439	0.00626

[dist]
# distance from previous block
# <min> <max>
0	14

[block]
# block no. 2 follows, 37 sequences, length 12
# corresponding to MSA columns:
# 959-970
name=unknown_C
#
# <colnr> <probs for GDERKNQSTAVLIFYWHMCP>
#	G	D	E	R	K	N	Q	S	T	A	V	L	I	F	Y	W	H	M	C	P
0	0.01478	0.16683	0.23478	0.01358	0.01896	0.06494	0.02973	0.06591	0.19935	0.02111	0.06061	0.01916	0.04998	0.00733	0.00575	0.00183	0.00685	0.00579	0.00419	0.00854
1	0.00963	0.00720	0.00829	0.00811	0.01023	0.00656	0.00619	0.01273	0.07287	0.05434	0.10897	0.17427	0.35586	0.01432	0.00714	0.00211	0.00372	0.07492	0.00579	0.05674
2	0.01589	0.01540	0.04587	0.08370	0.39994	0.01532	0.13684	0.12394	0.06100	0.02268	0.01290	0.01581	0.01012	0.00592	0.00627	0.00190	0.00768	0.00583	0.00366	0.00933
3	0.00780	0.00605	0.00710	0.00721	0.00871	0.00535	0.00526	0.00974	0.01473	0.01926	0.30355	0.19734	0.35565	0.01515	0.00734	0.00210	0.00311	0.01314	0.00607	0.00535
4	0.01156	0.01088	0.01836	0.77016	0.04216	0.01360	0.01700	0.01564	0.01224	0.01564	0.01088	0.01632	0.00816	0.00612	0.00612	0.00204	0.00816	0.00544	0.00272	0.00680
5	0.00838	0.00621	0.00802	0.00912	0.01028	0.00585	0.00715	0.01026	0.01317	0.01691	0.03941	0.33459	0.19300	0.01745	0.00795	0.00253	0.00429	0.29447	0.00566	0.00528
6	0.00970	0.00643	0.00856	0.02979	0.01094	0.00587	0.00651	0.01115	0.01235	0.07432	0.03024	0.61044	0.03460	0.01651	0.00736	0.00229	0.00396	0.03384	0.00556	0.07959
7	0.01578	0.01445	0.01510	0.01498	0.08241	0.06982	0.01067	0.03069	0.61749	0.02432	0.02257	0.02128	0.01708	0.00790	0.00616	0.00202	0.00552	0.00657	0.00571	0.00950
8	0.01622	0.64365	0.07342	0.06131	0.01830	0.06975	0.01172	0.01860	0.01277	0.01482	0.00888	0.01051	0.00787	0.00540	0.00429	0.00141	0.00709	0.00353	0.00266	0.00781
9	0.01544	0.08609	0.11620	0.02642	0.42758	0.01404	0.01612	0.01914	0.01375	0.07302	0.01201	0.01444	0.00959	0.00550	0.00562	0.00166	0.00688	0.00492	0.00336	0.12823
10	0.09426	0.01512	0.04975	0.06384	0.47600	0.03907	0.04837	0.02031	0.08000	0.03645	0.01265	0.01537	0.01012	0.00584	0.00589	0.00187	0.00713	0.00539	0.00347	0.00910
11	0.10706	0.01440	0.01395	0.01233	0.01595	0.06281	0.00967	0.09628	0.54199	0.02637	0.02113	0.01988	0.01587	0.00779	0.00590	0.00200	0.00541	0.00620	0.00575	0.00925

[dist]
# distance from previous block
# <min> <max>
0	3

[block]
# block no. 3 follows, 37 sequences, length 11
# corresponding to MSA columns:
# 974-977,984-990
name=unknown_D
#
# <colnr> <probs for GDERKNQSTAVLIFYWHMCP>
#	G	D	E	R	K	N	Q	S	T	A	V	L	I	F	Y	W	H	M	C	P
0	0.01473	0.01503	0.05170	0.09077	0.62044	0.01452	0.06554	0.01863	0.01381	0.01962	0.01151	0.01525	0.00948	0.00550	0.00613	0.00186	0.00761	0.00554	0.00299	0.00936
1	0.01569	0.01147	0.01255	0.01023	0.01304	0.01196	0.00763	0.32636	0.01813	0.02462	0.01627	0.02563	0.01547	0.34934	0.01696	0.00353	0.00612	0.00678	0.00477	0.10349
2	0.01356	0.01292	0.02197	0.36297	0.43375	0.01412	0.01799	0.01739	0.01318	0.01806	0.01123	0.01567	0.00901	0.00575	0.00609	0.00192	0.00767	0.00545	0.00289	0.00841
3	0.82811	0.01184	0.00900	0.00805	0.01184	0.01373	0.00663	0.01799	0.01042	0.02746	0.00852	0.00994	0.00663	0.00568	0.00379	0.00189	0.00474	0.00331	0.00379	0.00663
4	0.01157	0.00915	0.01085	0.01105	0.01314	0.00985	0.00898	0.01950	0.28307	0.02045	0.03055	0.07380	0.06894	0.06065	0.00892	0.00268	0.00514	0.33898	0.00574	0.00698
5	0.12596	0.01059	0.01356	0.01054	0.01516	0.00958	0.00871	0.02838	0.01665	0.66193	0.02223	0.01950	0.01410	0.00734	0.00586	0.00189	0.00515	0.00581	0.00711	0.00995
6	0.00890	0.00593	0.00668	0.00668	0.00668	0.00593	0.00371	0.00890	0.00890	0.01187	0.01929	0.04006	0.02225	0.78487	0.03116	0.00593	0.00593	0.00890	0.00371	0.00371
7	0.00772	0.00607	0.00698	0.00706	0.00865	0.00533	0.00518	0.00961	0.01464	0.01891	0.27214	0.17573	0.40983	0.01518	0.00733	0.00209	0.00311	0.01309	0.00602	0.00533
8	0.01267	0.02895	0.62495	0.01894	0.02748	0.01444	0.14810	0.01943	0.01320	0.01943	0.01124	0.01357	0.00803	0.00570	0.00607	0.00196	0.00927	0.00501	0.00268	0.00891
9	0.00985	0.00731	0.00882	0.00833	0.00991	0.00733	0.00614	0.01475	0.13564	0.02292	0.48634	0.07098	0.04497	0.09476	0.00953	0.00238	0.00357	0.01019	0.04013	0.00617
10	0.01768	0.10007	0.05726	0.02241	0.31248	0.01508	0.01401	0.10297	0.11536	0.12971	0.01550	0.01717	0.01196	0.03360	0.00673	0.00196	0.00653	0.00560	0.00445	0.00944

[dist]
# distance from previous block
# <min> <max>
0	1

[block]
# block no. 4 follows, 37 sequences, length 31
# corresponding to MSA columns:
# 993-1023
name=unknown_E
#
# <colnr> <probs for GDERKNQSTAVLIFYWHMCP>
#	G	D	E	R	K	N	Q	S	T	A	V	L	I	F	Y	W	H	M	C	P
0	0.01814	0.51704	0.02678	0.01180	0.01662	0.09861	0.01075	0.14254	0.07141	0.01951	0.01094	0.01179	0.00913	0.00595	0.00465	0.00149	0.00691	0.00401	0.00356	0.00836
1	0.07632	0.01384	0.01505	0.01143	0.01639	0.02905	0.00932	0.30835	0.01984	0.12270	0.01396	0.01434	0.01021	0.00620	0.00536	0.00150	0.00567	0.00471	0.00516	0.31061
2	0.01508	0.02264	0.38763	0.02457	0.30599	0.01377	0.01962	0.02031	0.01383	0.10048	0.01265	0.01467	0.00933	0.00587	0.00595	0.00189	0.00793	0.00507	0.00331	0.00945
3	0.02113	0.10865	0.01603	0.01113	0.01532	0.07006	0.00920	0.11382	0.09172	0.33579	0.02524	0.02345	0.11498	0.00834	0.00598	0.00183	0.00569	0.00657	0.00604	0.00904
4	0.00952	0.00609	0.00825	0.00930	0.01022	0.00573	0.00684	0.01107	0.01268	0.07311	0.03271	0.56904	0.03740	0.01779	0.00782	0.00251	0.00413	0.16445	0.00582	0.00554
5	0.36254	0.00902	0.00937	0.00873	0.01110	0.01014	0.00680	0.01503	0.01050	0.07126	0.01393	0.01982	0.01246	0.12133	0.28798	0.00536	0.00925	0.00544	0.00385	0.00609
6	0.02032	0.01515	0.15244	0.01665	0.09654	0.01108	0.10396	0.02395	0.01550	0.39493	0.01958	0.07152	0.01425	0.00753	0.00634	0.00196	0.00667	0.00671	0.00548	0.00943
7	0.01867	0.00807	0.01042	0.00909	0.01198	0.00730	0.00718	0.02096	0.01505	0.38557	0.02513	0.15664	0.02080	0.00998	0.00606	0.00192	0.00430	0.04546	0.22748	0.00793
8	0.00745	0.00537	0.00706	0.00840	0.00885	0.00498	0.00563	0.00854	0.01184	0.01567	0.03521	0.74321	0.07720	0.01899	0.00778	0.00246	0.00353	0.01717	0.00568	0.00498
9	0.02051	0.01477	0.01833	0.09691	0.13233	0.01601	0.01274	0.37727	0.09699	0.12713	0.01613	0.01661	0.01156	0.00706	0.00613	0.00189	0.00657	0.00573	0.00549	0.00985
10	0.00944	0.00788	0.01217	0.33624	0.02343	0.00886	0.01079	0.01203	0.01247	0.01641	0.07359	0.36072	0.02750	0.01297	0.00708	0.00227	0.00560	0.05023	0.00448	0.00585
11	0.01339	0.01339	0.01875	0.01607	0.01607	0.01875	0.01339	0.01473	0.00937	0.01473	0.00804	0.01339	0.00804	0.01071	0.02009	0.00268	0.77367	0.00536	0.00268	0.00670
12	0.01339	0.01339	0.01875	0.01607	0.01607	0.01875	0.01339	0.01473	0.00937	0.01473	0.00804	0.01339	0.00804	0.01071	0.02009	0.00268	0.77367	0.00536	0.00268	0.00670
13	0.01750	0.01428	0.01512	0.01292	0.01678	0.01629	0.01024	0.22862	0.53583	0.02927	0.02203	0.02054	0.01635	0.00803	0.00620	0.00201	0.00538	0.00652	0.00620	0.00989
14	0.01135	0.05212	0.05235	0.16117	0.01854	0.10408	0.01015	0.01363	0.01281	0.01606	0.02226	0.37345	0.02449	0.01259	0.00673	0.00212	0.00602	0.04414	0.00433	0.05163
15	0.00767	0.00551	0.00732	0.00870	0.00920	0.00517	0.00603	0.00891	0.01201	0.01590	0.03453	0.69331	0.06262	0.01885	0.00785	0.00250	0.00373	0.07948	0.00568	0.00504
16	0.01712	0.32907	0.03803	0.01419	0.03084	0.20195	0.08390	0.07001	0.01489	0.01716	0.01239	0.09438	0.01174	0.00734	0.00583	0.00168	0.03283	0.00565	0.00339	0.00760
17	0.74615	0.01303	0.00990	0.00875	0.01256	0.05418	0.00715	0.05232	0.01167	0.02733	0.00887	0.01023	0.00688	0.00580	0.00399	0.00187	0.00517	0.00345	0.00387	0.00684
18	0.01156	0.01088	0.01836	0.77016	0.04216	0.01360	0.01700	0.01564	0.01224	0.01564	0.01088	0.01632	0.00816	0.00612	0.00612	0.00204	0.00816	0.00544	0.00272	0.00680
19	0.01090	0.00994	0.01628	0.61925	0.03580	0.01204	0.01500	0.01453	0.01242	0.01587	0.01675	0.08135	0.04991	0.00836	0.00647	0.00213	0.00737	0.05582	0.00330	0.00649
20	0.00740	0.00610	0.00653	0.00683	0.00859	0.00523	0.00508	0.00894	0.01359	0.01648	0.05592	0.17752	0.59388	0.01617	0.00739	0.00217	0.00330	0.04804	0.00568	0.00516
21	0.02287	0.02917	0.01735	0.01577	0.01892	0.76030	0.01183	0.02444	0.01735	0.01498	0.00946	0.01104	0.00788	0.00631	0.00552	0.00158	0.01104	0.00394	0.00315	0.00710
22	0.00866	0.00626	0.00818	0.00770	0.00914	0.00578	0.00578	0.01155	0.01733	0.02455	0.74346	0.04572	0.05776	0.01251	0.00722	0.00193	0.00289	0.01107	0.00674	0.00578
23	0.01201	0.03019	0.71151	0.01695	0.02551	0.01370	0.02167	0.01878	0.01286	0.01918	0.01226	0.05580	0.00958	0.00656	0.00593	0.00197	0.00874	0.00524	0.00276	0.00882
24	0.01017	0.00882	0.01407	0.40639	0.06314	0.01011	0.01257	0.01308	0.01230	0.01607	0.02063	0.28616	0.02171	0.01152	0.00690	0.00225	0.00631	0.06760	0.00401	0.00621
25	0.01791	0.01448	0.01535	0.01300	0.01694	0.01648	0.01034	0.26425	0.49953	0.02994	0.02150	0.02012	0.01592	0.00799	0.00619	0.00200	0.00548	0.00645	0.00619	0.00993
26	0.02480	0.01148	0.01452	0.01132	0.01580	0.01088	0.00928	0.15523	0.05400	0.53577	0.07290	0.02156	0.01745	0.00792	0.00623	0.00189	0.00531	0.00642	0.00719	0.01006
27	0.49471	0.01633	0.01268	0.01087	0.01479	0.15717	0.00874	0.17759	0.01584	0.02757	0.01008	0.01122	0.00771	0.00617	0.00464	0.00182	0.00638	0.00393	0.00419	0.00756
28	0.76557	0.01205	0.01022	0.01032	0.06837	0.01379	0.00756	0.01805	0.01069	0.02689	0.00875	0.01034	0.00687	0.00566	0.00396	0.00189	0.00493	0.00348	0.00373	0.00687
29	0.71416	0.01189	0.01063	0.07740	0.05182	0.01376	0.00817	0.01782	0.01076	0.02603	0.00888	0.01078	0.00692	0.00571	0.00411	0.00190	0.00517	0.00361	0.00365	0.00680
30	0.56920	0.01270	0.01404	0.01745	0.24588	0.01399	0.01050	0.01825	0.01154	0.02509	0.00948	0.01160	0.00761	0.00561	0.00451	0.00187	0.00554	0.00400	0.00355	0.00761

[dist]
# distance from previous block
# <min> <max>
0	3

[block]
# block no. 5 follows, 37 sequences, length 31
# corresponding to MSA columns:
# 1027-1057
name=unknown_F
#
# <colnr> <probs for GDERKNQSTAVLIFYWHMCP>
#	G	D	E	R	K	N	Q	S	T	A	V	L	I	F	Y	W	H	M	C	P
0	0.01540	0.06869	0.52063	0.01668	0.04681	0.01436	0.03225	0.06003	0.02738	0.12147	0.01317	0.01426	0.00922	0.00613	0.00582	0.00189	0.00814	0.00486	0.00356	0.00926
1	0.11266	0.01253	0.01472	0.04422	0.13840	0.09676	0.03204	0.01972	0.06385	0.15679	0.06402	0.16604	0.02008	0.00949	0.00625	0.00200	0.00596	0.02170	0.00499	0.00778
2	0.01234	0.01171	0.01960	0.59060	0.17323	0.01406	0.01714	0.01618	0.01240	0.01641	0.01084	0.01594	0.00844	0.00625	0.00688	0.00203	0.05039	0.00544	0.00278	0.00734
3	0.07949	0.06637	0.02173	0.18777	0.22089	0.01464	0.10823	0.06305	0.05695	0.07655	0.01371	0.04004	0.01091	0.00645	0.00598	0.00191	0.00717	0.00589	0.00381	0.00845
4	0.01658	0.04705	0.35689	0.01677	0.05443	0.08793	0.05589	0.06239	0.10990	0.11133	0.01453	0.01532	0.01044	0.00643	0.00593	0.00189	0.00800	0.00519	0.00398	0.00913
5	0.01387	0.01324	0.02254	0.29848	0.49577	0.01421	0.01815	0.01767	0.01333	0.01845	0.01129	0.01557	0.00915	0.00569	0.00608	0.00190	0.00759	0.00545	0.00292	0.00866
6	0.00855	0.00785	0.00730	0.00734	0.00922	0.06306	0.00541	0.01012	0.01412	0.01679	0.09619	0.15131	0.55102	0.01511	0.00718	0.00208	0.00376	0.01272	0.00556	0.00533
7	0.04919	0.15848	0.08332	0.04846	0.29020	0.01694	0.13758	0.10648	0.01531	0.02132	0.01132	0.01400	0.00905	0.00566	0.00577	0.00179	0.00766	0.00520	0.00334	0.00893
8	0.12377	0.05908	0.14554	0.01476	0.03620	0.01382	0.12578	0.12237	0.08487	0.02311	0.03482	0.15582	0.01658	0.00873	0.00615	0.00201	0.00658	0.00765	0.00438	0.00798
9	0.00877	0.00669	0.00946	0.06888	0.06913	0.00678	0.00730	0.01012	0.01120	0.01507	0.02597	0.45226	0.02997	0.18208	0.06418	0.00364	0.00559	0.01299	0.00466	0.00525
10	0.01184	0.01116	0.01886	0.71401	0.09616	0.01367	0.01714	0.01588	0.01237	0.01597	0.01093	0.01623	0.00828	0.00607	0.00612	0.00202	0.00809	0.00544	0.00274	0.00702
11	0.07974	0.07197	0.17732	0.02274	0.24963	0.01499	0.11892	0.08185	0.01506	0.06685	0.03544	0.01538	0.01079	0.00601	0.00590	0.00186	0.00752	0.00542	0.00365	0.00896
12	0.01375	0.10576	0.31918	0.02431	0.29944	0.01503	0.04768	0.01862	0.01340	0.01901	0.01235	0.01720	0.01034	0.00630	0.00593	0.00189	0.00793	0.05001	0.00298	0.00891
13	0.01445	0.01651	0.03612	0.02580	0.03199	0.01548	0.72446	0.01961	0.01445	0.01961	0.01238	0.01651	0.00929	0.00516	0.00722	0.00206	0.01032	0.00722	0.00310	0.00826
14	0.01867	0.07680	0.07360	0.02255	0.24433	0.06449	0.09695	0.24041	0.01886	0.06532	0.01291	0.01465	0.00978	0.00619	0.00600	0.00181	0.00765	0.00539	0.00420	0.00944
15	0.01781	0.09103	0.22906	0.01652	0.10641	0.07219	0.01453	0.10006	0.05593	0.15918	0.06549	0.01728	0.01378	0.00686	0.00587	0.00182	0.00712	0.00548	0.00451	0.00908
16	0.01212	0.00953	0.01448	0.01836	0.24913	0.00977	0.01068	0.01444	0.01291	0.06295	0.12054	0.10008	0.03718	0.11810	0.12021	0.00369	0.04965	0.02490	0.00431	0.00697
17	0.01090	0.01034	0.01893	0.01549	0.01877	0.00970	0.28103	0.01427	0.01425	0.01871	0.07597	0.09454	0.15420	0.01205	0.00764	0.00232	0.00665	0.22300	0.00475	0.00652
18	0.01213	0.01136	0.05779	0.01341	0.11075	0.04010	0.00947	0.11666	0.01723	0.02321	0.29404	0.10249	0.14431	0.01122	0.00681	0.00196	0.00484	0.00968	0.00549	0.00706
19	0.01613	0.06708	0.39204	0.01734	0.08329	0.06640	0.01742	0.11537	0.08047	0.06706	0.01334	0.01442	0.00972	0.00632	0.00581	0.00186	0.00798	0.00494	0.00377	0.00922
20	0.01400	0.01404	0.06604	0.02238	0.29530	0.01352	0.05217	0.02265	0.26882	0.02258	0.12405	0.02229	0.01980	0.00751	0.00634	0.00195	0.00605	0.00683	0.00468	0.00900
21	0.01088	0.00839	0.00982	0.00909	0.01116	0.00874	0.00692	0.01830	0.24290	0.02478	0.47761	0.03726	0.04315	0.01089	0.00675	0.00195	0.00350	0.00947	0.05143	0.00700
22	0.01521	0.20686	0.07184	0.14128	0.18145	0.01679	0.13761	0.01960	0.05324	0.05845	0.01212	0.01480	0.00955	0.00591	0.00616	0.00182	0.03031	0.00528	0.00328	0.00844
23	0.01991	0.01200	0.01869	0.16667	0.19389	0.01198	0.05171	0.02408	0.06476	0.34548	0.01799	0.01852	0.01242	0.00671	0.00619	0.00193	0.00652	0.00596	0.00522	0.00937
24	0.00812	0.00642	0.00815	0.00941	0.05625	0.00582	0.00618	0.00989	0.01378	0.01804	0.18631	0.32888	0.28904	0.01565	0.00738	0.00218	0.00350	0.01377	0.00573	0.00551
25	0.00793	0.00608	0.00720	0.00766	0.00900	0.00549	0.00566	0.00962	0.01359	0.01741	0.14859	0.23638	0.33552	0.06440	0.00903	0.00249	0.00367	0.09940	0.00571	0.00517
26	0.12495	0.06670	0.15005	0.01878	0.06869	0.01413	0.27478	0.02033	0.01391	0.12648	0.01412	0.01798	0.01086	0.00635	0.00615	0.00197	0.00792	0.04357	0.00385	0.00841
27	0.01388	0.08350	0.41982	0.02406	0.28257	0.03343	0.02005	0.01921	0.01336	0.01911	0.01095	0.01343	0.00846	0.00565	0.00575	0.00184	0.00827	0.00475	0.00276	0.00914
28	0.01147	0.01050	0.01288	0.01237	0.03547	0.06567	0.00913	0.01278	0.01025	0.01414	0.01478	0.07193	0.01549	0.20834	0.20948	0.00518	0.26396	0.00720	0.00332	0.00567
29	0.00928	0.00956	0.05533	0.00934	0.01167	0.04754	0.05165	0.01147	0.01386	0.01758	0.15418	0.13236	0.33897	0.06776	0.03960	0.00264	0.00511	0.01126	0.00513	0.00569
30	0.01653	0.24346	0.17392	0.01784	0.16909	0.01654	0.01432	0.05913	0.07120	0.10779	0.01419	0.04574	0.01142	0.00661	0.00549	0.00175	0.00680	0.00532	0.00389	0.00896

[dist]
# distance from previous block
# <min> <max>
0	3

[block]
# block no. 6 follows, 37 sequences, length 35
# corresponding to MSA columns:
# 1061-1095
name=unknown_G
#
# <colnr> <probs for GDERKNQSTAVLIFYWHMCP>
#	G	D	E	R	K	N	Q	S	T	A	V	L	I	F	Y	W	H	M	C	P
0	0.03738	0.07018	0.21911	0.19768	0.06900	0.04796	0.03635	0.12668	0.01588	0.10367	0.01278	0.01477	0.00923	0.00626	0.00584	0.00188	0.00780	0.00507	0.00382	0.00866
1	0.41139	0.01121	0.01115	0.01082	0.05908	0.01258	0.00799	0.12925	0.01378	0.02603	0.01249	0.01519	0.01009	0.02356	0.11190	0.00300	0.00663	0.00466	0.11209	0.00710
2	0.01380	0.05337	0.24003	0.13426	0.24371	0.03575	0.06052	0.05023	0.01396	0.01928	0.01291	0.07077	0.01103	0.00675	0.00609	0.00192	0.00789	0.00602	0.00318	0.00851
3	0.00754	0.00564	0.00697	0.00783	0.00871	0.00511	0.00539	0.00887	0.01273	0.01659	0.10524	0.51801	0.21819	0.03293	0.00808	0.00240	0.00343	0.01553	0.00574	0.00507
4	0.09350	0.01289	0.01955	0.12970	0.27768	0.01365	0.07683	0.02126	0.15383	0.06811	0.05993	0.01868	0.01421	0.00667	0.00606	0.00194	0.00655	0.00608	0.00421	0.00866
5	0.01398	0.05203	0.19221	0.09023	0.15410	0.01385	0.21831	0.01864	0.01392	0.05107	0.05870	0.01694	0.01218	0.00599	0.00622	0.00186	0.00805	0.00592	0.00337	0.06243
6	0.34878	0.19820	0.19462	0.01136	0.01674	0.01636	0.01172	0.02002	0.08167	0.03509	0.01097	0.01207	0.00850	0.00590	0.00459	0.00179	0.00622	0.00400	0.00353	0.00786
7	0.01411	0.37112	0.42976	0.01432	0.02166	0.01870	0.01717	0.01891	0.01271	0.01715	0.00988	0.01153	0.00780	0.00556	0.00497	0.00166	0.00793	0.00396	0.00260	0.00851
8	0.00808	0.00576	0.00751	0.00802	0.00879	0.00539	0.00554	0.00980	0.01375	0.01893	0.32252	0.41285	0.04588	0.08625	0.00970	0.00257	0.00350	0.01404	0.00593	0.00519
9	0.01637	0.78856	0.03208	0.01047	0.01571	0.02422	0.01047	0.01833	0.01244	0.01440	0.00851	0.00982	0.00786	0.00524	0.00393	0.00131	0.00655	0.00327	0.00262	0.00786
10	0.01454	0.39499	0.32635	0.01343	0.01991	0.05433	0.01525	0.01866	0.01316	0.01707	0.05282	0.01327	0.01075	0.00595	0.00497	0.00162	0.00757	0.00428	0.00287	0.00819
11	0.21504	0.05658	0.01532	0.35071	0.02620	0.01327	0.01203	0.01840	0.05857	0.09026	0.01423	0.05004	0.01164	0.00726	0.00560	0.00200	0.00642	0.03529	0.00392	0.00723
12	0.01520	0.00789	0.01074	0.01001	0.01251	0.00728	0.00828	0.01790	0.01623	0.25833	0.25567	0.04597	0.03586	0.01248	0.00732	0.00223	0.00462	0.25761	0.00662	0.00723
13	0.00986	0.00896	0.01234	0.05089	0.07619	0.00861	0.07669	0.01399	0.09760	0.01874	0.09765	0.04373	0.43686	0.01211	0.00696	0.00203	0.00460	0.01051	0.00520	0.00650
14	0.13153	0.29188	0.14964	0.05590	0.01784	0.01585	0.01169	0.01898	0.01292	0.13031	0.01431	0.09869	0.01245	0.00737	0.00515	0.00177	0.00628	0.00565	0.00389	0.00790
15	0.01030	0.00639	0.00809	0.00799	0.00901	0.00605	0.00555	0.01176	0.01309	0.08418	0.24375	0.18197	0.03662	0.28957	0.01586	0.00351	0.00447	0.05108	0.00547	0.00530
16	0.00938	0.00566	0.00707	0.00791	0.00874	0.00534	0.00548	0.01096	0.01227	0.05103	0.02979	0.55310	0.03301	0.01558	0.00684	0.00219	0.00345	0.01391	0.21289	0.00541
17	0.09283	0.01815	0.13270	0.01855	0.16162	0.01666	0.01416	0.36917	0.06688	0.03012	0.01359	0.01460	0.01004	0.00665	0.00586	0.00187	0.00690	0.00524	0.00476	0.00967
18	0.01212	0.00967	0.01525	0.31487	0.13706	0.01093	0.01244	0.01493	0.07692	0.01544	0.01217	0.01755	0.01024	0.01163	0.01248	0.29497	0.00670	0.00553	0.00307	0.00603
19	0.01032	0.00835	0.01121	0.08543	0.01327	0.00997	0.00817	0.01145	0.00990	0.01369	0.01686	0.03320	0.01831	0.40564	0.06588	0.00469	0.19025	0.07486	0.00353	0.00502
20	0.01813	0.29448	0.13696	0.01286	0.01857	0.01913	0.01253	0.29863	0.01901	0.02526	0.01156	0.01250	0.00896	0.00610	0.00515	0.00158	0.00683	0.00439	0.00409	0.08329
21	0.10506	0.00890	0.01179	0.07897	0.01525	0.00910	0.00853	0.01797	0.01317	0.23225	0.07895	0.02224	0.01699	0.03369	0.26310	0.00462	0.00900	0.00622	0.00486	0.05932
22	0.08229	0.14209	0.21205	0.01764	0.16860	0.04844	0.01432	0.01912	0.04594	0.05532	0.12088	0.01826	0.01638	0.00685	0.00563	0.00179	0.00672	0.00555	0.00383	0.00831
23	0.01213	0.01003	0.01112	0.01031	0.01292	0.01090	0.00800	0.02267	0.40615	0.02384	0.23438	0.03618	0.11441	0.01083	0.00676	0.00207	0.00413	0.04906	0.00628	0.00782
24	0.01657	0.00811	0.01096	0.00968	0.01246	0.00733	0.00786	0.01924	0.01680	0.32029	0.31594	0.03993	0.03611	0.01132	0.00702	0.00208	0.00435	0.13944	0.00687	0.00765
25	0.01404	0.08744	0.31491	0.02470	0.28298	0.01538	0.09641	0.01978	0.05058	0.01952	0.01183	0.01436	0.00919	0.00569	0.00592	0.00186	0.00812	0.00517	0.00299	0.00912
26	0.01656	0.01403	0.02159	0.09244	0.12822	0.06879	0.20177	0.03931	0.08564	0.13928	0.05038	0.07143	0.01543	0.00753	0.00675	0.00199	0.01876	0.00716	0.00451	0.00842
27	0.02526	0.01061	0.01383	0.01074	0.01524	0.00950	0.00883	0.08727	0.01815	0.62327	0.02680	0.02378	0.08121	0.00828	0.00625	0.00190	0.00515	0.00672	0.00728	0.00994
28	0.00769	0.00561	0.00724	0.00811	0.00887	0.00516	0.00560	0.00919	0.01313	0.01759	0.18588	0.55267	0.11586	0.01740	0.00763	0.00233	0.00337	0.01561	0.00590	0.00516
29	0.01546	0.25571	0.16256	0.02031	0.22576	0.01783	0.03118	0.06232	0.11458	0.02003	0.01256	0.01417	0.01005	0.00596	0.00541	0.00173	0.00708	0.00486	0.00345	0.00902
30	0.01290	0.15833	0.50598	0.01656	0.02410	0.01548	0.09358	0.01853	0.01292	0.01831	0.01216	0.06181	0.01002	0.00650	0.00577	0.00188	0.00840	0.00542	0.00284	0.00850
31	0.00879	0.00639	0.00899	0.00899	0.00978	0.00719	0.00659	0.01038	0.00959	0.01358	0.01718	0.02836	0.01718	0.24514	0.56394	0.00879	0.01358	0.00719	0.00340	0.00499
32	0.01392	0.03112	0.01113	0.01013	0.01230	0.23972	0.00780	0.01660	0.03407	0.01962	0.19510	0.03239	0.10196	0.00993	0.00610	0.00180	0.00581	0.07097	0.17330	0.00624
33	0.01346	0.09411	0.29078	0.21579	0.08042	0.01439	0.08198	0.01835	0.01340	0.05591	0.05466	0.01634	0.01147	0.00624	0.00596	0.00190	0.00800	0.00543	0.00320	0.00819
34	0.01514	0.01196	0.01475	0.01742	0.20875	0.05448	0.01092	0.16431	0.01683	0.02395	0.01832	0.06336	0.01634	0.00857	0.00593	0.00186	0.00571	0.09674	0.23685	0.00779

[dist]
# distance from previous block
# <min> <max>
2	3

[block]
# block no. 7 follows, 37 sequences, length 24
# corresponding to MSA columns:
# 1112-1135
name=unknown_H
#
# <colnr> <probs for GDERKNQSTAVLIFYWHMCP>
#	G	D	E	R	K	N	Q	S	T	A	V	L	I	F	Y	W	H	M	C	P
0	0.01646	0.28438	0.13005	0.10820	0.03750	0.01602	0.01258	0.06891	0.01445	0.14140	0.01522	0.10196	0.01308	0.00758	0.00551	0.00178	0.00658	0.00605	0.00407	0.00822
1	0.11535	0.15026	0.15109	0.15081	0.03363	0.02958	0.01345	0.08145	0.17577	0.02180	0.01365	0.01501	0.01041	0.00645	0.00541	0.00186	0.00679	0.00495	0.00390	0.00837
2	0.00840	0.00597	0.00781	0.00835	0.00920	0.00566	0.00602	0.01024	0.01376	0.01881	0.29425	0.32392	0.04393	0.11104	0.01056	0.00275	0.00387	0.10442	0.00582	0.00520
3	0.01499	0.12023	0.14080	0.09846	0.07234	0.12617	0.12830	0.05596	0.01446	0.01829	0.02701	0.05264	0.04378	0.00727	0.00684	0.00189	0.05335	0.00607	0.00335	0.00778
4	0.02287	0.02917	0.01735	0.01577	0.01892	0.76030	0.01183	0.02444	0.01735	0.01498	0.00946	0.01104	0.00788	0.00631	0.00552	0.00158	0.01104	0.00394	0.00315	0.00710
5	0.01266	0.01135	0.01589	0.29316	0.08601	0.01120	0.01199	0.01699	0.06362	0.01876	0.01192	0.01496	0.00946	0.00546	0.00537	0.00148	0.00613	0.00468	0.00343	0.39549
6	0.01968	0.01549	0.01905	0.09696	0.15221	0.01670	0.01311	0.46401	0.02301	0.03125	0.01340	0.01478	0.00993	0.00664	0.00598	0.00178	0.00679	0.00533	0.00500	0.07890
7	0.02680	0.01148	0.01487	0.01140	0.01616	0.01058	0.00941	0.14012	0.01930	0.63812	0.02265	0.01986	0.01440	0.00754	0.00615	0.00189	0.00545	0.00605	0.00735	0.01042
8	0.00918	0.00609	0.00836	0.00836	0.00885	0.00658	0.00580	0.00963	0.00914	0.01268	0.01626	0.02857	0.01680	0.29983	0.35791	0.17072	0.01052	0.00713	0.00331	0.00429
9	0.00844	0.00574	0.00681	0.00727	0.00738	0.00563	0.00434	0.00878	0.00980	0.01307	0.02391	0.27708	0.02809	0.53989	0.02369	0.00483	0.00517	0.01162	0.00434	0.00411
10	0.01354	0.01147	0.01225	0.01192	0.01441	0.06828	0.00974	0.07060	0.26193	0.02250	0.08625	0.04305	0.02762	0.01212	0.00720	0.00233	0.00563	0.30591	0.00577	0.00748
11	0.31679	0.01329	0.01375	0.01280	0.05658	0.06312	0.00966	0.10480	0.01338	0.06183	0.01147	0.01500	0.00965	0.05728	0.06273	0.00282	0.15900	0.00488	0.00393	0.00726
12	0.00821	0.00693	0.00813	0.00822	0.00966	0.00685	0.00630	0.00975	0.01300	0.01630	0.04773	0.19665	0.46092	0.01580	0.00893	0.00228	0.09188	0.07179	0.00533	0.00534
13	0.01086	0.00703	0.00885	0.00882	0.01049	0.00666	0.00658	0.01408	0.07477	0.10355	0.22420	0.30525	0.12044	0.01459	0.00731	0.00221	0.00376	0.05806	0.00622	0.00627
14	0.05996	0.01306	0.01744	0.01941	0.22328	0.01464	0.01245	0.13396	0.09305	0.07486	0.01456	0.01663	0.01141	0.00748	0.00854	0.00198	0.15813	0.00557	0.10498	0.00861
15	0.08057	0.01407	0.10323	0.47586	0.17650	0.01387	0.01713	0.01689	0.01250	0.01792	0.01082	0.01517	0.00829	0.00592	0.00588	0.00197	0.00780	0.00516	0.00285	0.00761
16	0.00887	0.00656	0.00781	0.00804	0.00905	0.00642	0.00560	0.01153	0.07392	0.01737	0.16604	0.22967	0.12809	0.23449	0.01418	0.00329	0.00428	0.05419	0.00536	0.00523
17	0.01827	0.01129	0.01540	0.29170	0.02501	0.01231	0.01188	0.13326	0.06380	0.23513	0.01732	0.01855	0.01211	0.00700	0.00593	0.00190	0.00625	0.00579	0.09861	0.00849
18	0.01551	0.06740	0.14839	0.01518	0.05263	0.05712	0.10120	0.09616	0.12878	0.06696	0.01602	0.02081	0.01341	0.16092	0.01101	0.00269	0.00730	0.00625	0.00420	0.00806
19	0.01378	0.11591	0.30736	0.10330	0.08515	0.01569	0.01647	0.02252	0.21873	0.02016	0.01468	0.01594	0.01109	0.00646	0.00576	0.00190	0.00729	0.00524	0.00368	0.00888
20	0.31670	0.23446	0.07861	0.01024	0.01457	0.01613	0.00950	0.09834	0.01384	0.02316	0.05631	0.07839	0.01350	0.00732	0.00482	0.00178	0.00563	0.00533	0.00396	0.00742
21	0.24637	0.09926	0.01349	0.01103	0.07451	0.01145	0.00809	0.01738	0.01385	0.13078	0.15329	0.02482	0.10930	0.00830	0.00545	0.00179	0.00467	0.00655	0.00492	0.05468
22	0.08248	0.18264	0.14547	0.01050	0.01496	0.01242	0.01024	0.01657	0.01383	0.07943	0.17345	0.08499	0.03958	0.00848	0.00562	0.00172	0.00537	0.00688	0.00446	0.10093
23	0.06985	0.08697	0.31167	0.07223	0.02239	0.10695	0.01550	0.08051	0.01504	0.09908	0.01215	0.01348	0.00883	0.00609	0.00550	0.00177	0.00786	0.00455	0.00365	0.05592

[dist]
# distance from previous block
# <min> <max>
0	283

# created by:
# /home/berkeley/.conda/envs/busco_data_prod/bin/msa2prfl.pl pipeline/OGs_align_augustus/33634/42980.fs
