[name]
unknown

[dist]
# distance from previous block
# <min> <max>
34	2092

[block]
# block no. 0 follows, 37 sequences, length 9
# corresponding to MSA columns:
# 3045-3053
name=unknown_A
#
# <colnr> <probs for GDERKNQSTAVLIFYWHMCP>
#	G	D	E	R	K	N	Q	S	T	A	V	L	I	F	Y	W	H	M	C	P
0	0.07078	0.04339	0.05818	0.24094	0.12894	0.04165	0.03992	0.07801	0.01502	0.13298	0.05147	0.01710	0.01214	0.00676	0.00647	0.00193	0.03641	0.00559	0.00410	0.00823
1	0.07422	0.00993	0.01234	0.09385	0.07607	0.04814	0.03393	0.01485	0.01342	0.09300	0.05567	0.14454	0.18376	0.06604	0.00820	0.00226	0.00535	0.00922	0.00476	0.05044
2	0.12394	0.01114	0.04671	0.27979	0.05182	0.01154	0.03847	0.02872	0.01348	0.05137	0.14509	0.08677	0.02013	0.00848	0.00664	0.00201	0.03421	0.00721	0.00416	0.02831
3	0.09043	0.07264	0.01968	0.12930	0.13467	0.05682	0.10974	0.01927	0.04266	0.10520	0.06331	0.02088	0.01482	0.00910	0.04443	0.00233	0.00749	0.04524	0.00411	0.00787
4	0.01514	0.06578	0.08712	0.20226	0.16679	0.01421	0.01452	0.04694	0.07391	0.10463	0.01611	0.04496	0.03743	0.00751	0.00729	0.00199	0.07502	0.00611	0.00396	0.00832
5	0.05197	0.06296	0.01647	0.05404	0.06230	0.01186	0.06492	0.09299	0.06212	0.18775	0.09409	0.09373	0.02120	0.00930	0.00641	0.00200	0.00573	0.07017	0.00545	0.02455
6	0.05100	0.01102	0.01621	0.18338	0.10496	0.01143	0.04771	0.04453	0.03673	0.17168	0.07015	0.07015	0.01635	0.00783	0.00663	0.00191	0.03597	0.00672	0.03451	0.07112
7	0.05802	0.04962	0.04311	0.14284	0.30746	0.01376	0.07726	0.05538	0.01453	0.08386	0.04269	0.05776	0.01319	0.00685	0.00610	0.00191	0.00698	0.00630	0.00384	0.00853
8	0.04571	0.15656	0.05675	0.13570	0.13604	0.01394	0.04045	0.03286	0.05240	0.06065	0.06624	0.06035	0.07107	0.00778	0.00584	0.00182	0.00622	0.00661	0.00402	0.03897

[dist]
# distance from previous block
# <min> <max>
0	92

[block]
# block no. 1 follows, 37 sequences, length 14
# corresponding to MSA columns:
# 3179-3192
name=unknown_B
#
# <colnr> <probs for GDERKNQSTAVLIFYWHMCP>
#	G	D	E	R	K	N	Q	S	T	A	V	L	I	F	Y	W	H	M	C	P
0	0.09291	0.03731	0.14723	0.03863	0.14897	0.05893	0.06518	0.03465	0.01384	0.06368	0.04150	0.05671	0.01275	0.00684	0.00605	0.00178	0.02662	0.00574	0.02867	0.11198
1	0.05484	0.07245	0.04991	0.06333	0.13241	0.01258	0.06322	0.05014	0.01410	0.09338	0.07731	0.11345	0.01780	0.00857	0.00720	0.00193	0.06971	0.00722	0.04286	0.04760
2	0.03842	0.03578	0.09902	0.05373	0.01772	0.04587	0.04771	0.13199	0.04320	0.08430	0.07401	0.02828	0.15481	0.00921	0.00663	0.00193	0.02374	0.04320	0.00491	0.05553
3	0.07746	0.07506	0.10019	0.10891	0.03849	0.02840	0.08054	0.18787	0.09342	0.03990	0.05371	0.01703	0.01288	0.00800	0.02955	0.00211	0.00724	0.00564	0.00437	0.02924
4	0.08565	0.08817	0.09014	0.06067	0.06636	0.04054	0.03143	0.05404	0.05199	0.19174	0.01587	0.01684	0.02727	0.00878	0.04675	0.00222	0.03089	0.00527	0.00449	0.08089
5	0.00910	0.04504	0.00888	0.00844	0.00936	0.00694	0.00591	0.04292	0.01234	0.01624	0.04877	0.43900	0.07982	0.18735	0.01270	0.00314	0.00444	0.04932	0.00514	0.00516
6	0.01524	0.12077	0.10116	0.01620	0.05905	0.05301	0.16149	0.10430	0.01592	0.05726	0.09176	0.07967	0.03660	0.00799	0.00658	0.00187	0.02689	0.00707	0.00423	0.03294
7	0.00956	0.00711	0.00975	0.11744	0.01442	0.00730	0.00776	0.01213	0.04635	0.03417	0.12596	0.31963	0.05785	0.06803	0.04671	0.02794	0.00519	0.04917	0.00507	0.02845
8	0.01373	0.01092	0.05214	0.04896	0.01571	0.00830	0.00854	0.01640	0.01318	0.12152	0.01694	0.15487	0.01556	0.00780	0.00551	0.00145	0.00488	0.00665	0.00445	0.47248
9	0.04536	0.09420	0.04583	0.01412	0.07544	0.03482	0.01089	0.19948	0.20336	0.04980	0.03585	0.04936	0.01446	0.00743	0.00574	0.00178	0.00588	0.00596	0.00503	0.09522
10	0.03238	0.00994	0.01277	0.13062	0.01740	0.04966	0.02362	0.01679	0.01432	0.17903	0.14353	0.17731	0.06624	0.01095	0.00766	0.00207	0.06274	0.00922	0.00530	0.02847
11	0.08357	0.09065	0.10102	0.03259	0.05695	0.01399	0.09451	0.09372	0.08699	0.20261	0.06909	0.01849	0.01477	0.00698	0.00591	0.00188	0.00645	0.00590	0.00502	0.00892
12	0.01407	0.11859	0.38595	0.01749	0.02451	0.01563	0.17340	0.08843	0.01486	0.02075	0.03498	0.03998	0.01101	0.00640	0.00603	0.00190	0.00842	0.00569	0.00328	0.00862
13	0.01051	0.00812	0.00878	0.00869	0.01034	0.04596	0.00650	0.01429	0.09474	0.03601	0.23822	0.17619	0.12770	0.04298	0.00783	0.00221	0.00404	0.06183	0.08898	0.00606

[dist]
# distance from previous block
# <min> <max>
17	47

[block]
# block no. 2 follows, 37 sequences, length 8
# corresponding to MSA columns:
# 3245-3252
name=unknown_C
#
# <colnr> <probs for GDERKNQSTAVLIFYWHMCP>
#	G	D	E	R	K	N	Q	S	T	A	V	L	I	F	Y	W	H	M	C	P
0	0.01084	0.00942	0.04255	0.01111	0.03642	0.00878	0.04418	0.02472	0.05450	0.03250	0.04000	0.12617	0.06636	0.16887	0.15269	0.00419	0.03981	0.00849	0.02597	0.09243
1	0.01507	0.11849	0.22129	0.06852	0.04798	0.06185	0.04505	0.04639	0.02637	0.09252	0.06645	0.02106	0.01499	0.06006	0.00807	0.00217	0.02945	0.04234	0.00391	0.00796
2	0.05349	0.03701	0.05457	0.11581	0.09800	0.03900	0.14896	0.11562	0.02958	0.04282	0.01317	0.03859	0.01107	0.05964	0.00918	0.00224	0.08272	0.00609	0.00375	0.03870
3	0.01441	0.03760	0.04547	0.06362	0.05407	0.06030	0.07707	0.01744	0.04311	0.10730	0.01735	0.08689	0.03553	0.07942	0.08018	0.00313	0.13784	0.00716	0.00404	0.02805
4	0.06218	0.05971	0.00934	0.00790	0.00857	0.00826	0.00528	0.01040	0.00977	0.01388	0.01976	0.16602	0.02267	0.50021	0.02275	0.00456	0.05078	0.00946	0.00393	0.00458
5	0.07068	0.07041	0.08695	0.01259	0.06531	0.01188	0.01031	0.04189	0.05606	0.06937	0.02751	0.03907	0.01167	0.00626	0.00574	0.00148	0.03787	0.00488	0.00401	0.36607
6	0.01678	0.04893	0.15217	0.12826	0.02188	0.08263	0.01351	0.08633	0.12496	0.12638	0.01656	0.02031	0.01295	0.00813	0.00718	0.02665	0.03610	0.05744	0.00449	0.00836
7	0.01093	0.06149	0.00962	0.00807	0.00845	0.00671	0.00558	0.00878	0.00835	0.01098	0.01103	0.01934	0.01117	0.06871	0.02295	0.71116	0.00544	0.00540	0.00272	0.00310

[dist]
# distance from previous block
# <min> <max>
0	37

[block]
# block no. 3 follows, 37 sequences, length 17
# corresponding to MSA columns:
# 3291-3307
name=unknown_D
#
# <colnr> <probs for GDERKNQSTAVLIFYWHMCP>
#	G	D	E	R	K	N	Q	S	T	A	V	L	I	F	Y	W	H	M	C	P
0	0.61090	0.01514	0.03236	0.01095	0.04386	0.11194	0.00860	0.06761	0.01280	0.02606	0.00926	0.01071	0.00721	0.00587	0.00433	0.00185	0.00592	0.00367	0.00380	0.00714
1	0.01228	0.01010	0.01289	0.01123	0.01267	0.03501	0.05708	0.08152	0.06620	0.01716	0.04334	0.02700	0.01729	0.29818	0.11217	0.05714	0.11173	0.00723	0.00392	0.00586
2	0.08507	0.02184	0.01686	0.01417	0.01816	0.36324	0.01114	0.29296	0.02120	0.07996	0.01249	0.01309	0.00930	0.00675	0.00567	0.00172	0.00847	0.00466	0.00467	0.00858
3	0.00750	0.00560	0.00698	0.00793	0.00876	0.00508	0.00545	0.00882	0.01266	0.01652	0.09503	0.55899	0.20275	0.01782	0.00763	0.00235	0.00340	0.01589	0.00576	0.00508
4	0.00915	0.00585	0.00785	0.00885	0.00964	0.00544	0.00620	0.01049	0.01251	0.07106	0.05863	0.65162	0.03888	0.01792	0.00771	0.00244	0.00379	0.06066	0.00586	0.00545
5	0.00855	0.00589	0.00718	0.00762	0.00822	0.00565	0.00511	0.00972	0.01184	0.01615	0.13869	0.26015	0.07080	0.31051	0.01650	0.00367	0.00445	0.05968	0.04494	0.00470
6	0.01059	0.00905	0.01333	0.01213	0.01363	0.01075	0.05494	0.01462	0.09840	0.01609	0.01663	0.05698	0.01533	0.03177	0.46549	0.00689	0.13643	0.00696	0.00364	0.00633
7	0.82811	0.01184	0.00900	0.00805	0.01184	0.01373	0.00663	0.01799	0.01042	0.02746	0.00852	0.00994	0.00663	0.00568	0.00379	0.00189	0.00474	0.00331	0.00379	0.00663
8	0.01034	0.00669	0.00849	0.00819	0.00913	0.00669	0.00573	0.01169	0.01234	0.07437	0.20331	0.10879	0.04671	0.33177	0.06936	0.00423	0.03556	0.03638	0.00500	0.00522
9	0.82811	0.01184	0.00900	0.00805	0.01184	0.01373	0.00663	0.01799	0.01042	0.02746	0.00852	0.00994	0.00663	0.00568	0.00379	0.00189	0.00474	0.00331	0.00379	0.00663
10	0.02327	0.01715	0.01837	0.01408	0.01898	0.01898	0.01163	0.72628	0.02878	0.03858	0.01470	0.01470	0.01041	0.00735	0.00612	0.00184	0.00674	0.00551	0.00612	0.01041
11	0.01515	0.01454	0.02485	0.03757	0.74669	0.01454	0.01879	0.01879	0.01394	0.02000	0.01151	0.01515	0.00970	0.00545	0.00606	0.00182	0.00727	0.00545	0.00303	0.00970
12	0.01015	0.00879	0.01358	0.26238	0.13348	0.00951	0.01129	0.01271	0.01242	0.01644	0.04974	0.23304	0.09686	0.05691	0.04334	0.00271	0.00630	0.00995	0.00412	0.00630
13	0.01888	0.05269	0.11725	0.05514	0.03545	0.07408	0.09918	0.12942	0.04176	0.20563	0.01692	0.07128	0.01306	0.00744	0.00615	0.00188	0.00716	0.00636	0.00489	0.03540
14	0.00779	0.00560	0.00724	0.00811	0.00874	0.00521	0.00550	0.00915	0.01271	0.01712	0.17168	0.54758	0.07696	0.07491	0.00941	0.00261	0.00358	0.01532	0.00574	0.00504
15	0.00779	0.00564	0.00744	0.00876	0.00939	0.00529	0.00622	0.00915	0.01222	0.01608	0.03549	0.62788	0.08811	0.01860	0.00787	0.00251	0.00382	0.11700	0.00568	0.00508
16	0.03403	0.01978	0.17219	0.04914	0.06208	0.09007	0.32706	0.02166	0.09336	0.04985	0.01348	0.01589	0.01003	0.00591	0.00644	0.00197	0.00897	0.00603	0.00353	0.00852

[dist]
# distance from previous block
# <min> <max>
5	15

[block]
# block no. 4 follows, 37 sequences, length 15
# corresponding to MSA columns:
# 3330-3344
name=unknown_E
#
# <colnr> <probs for GDERKNQSTAVLIFYWHMCP>
#	G	D	E	R	K	N	Q	S	T	A	V	L	I	F	Y	W	H	M	C	P
0	0.07337	0.12248	0.05181	0.01674	0.16461	0.07080	0.01170	0.11463	0.02752	0.10396	0.03427	0.08333	0.01384	0.00740	0.00563	0.00174	0.00633	0.00601	0.00438	0.07946
1	0.05641	0.22669	0.25560	0.05426	0.02020	0.01642	0.01406	0.08888	0.05959	0.08352	0.01307	0.01524	0.01020	0.05290	0.00683	0.00201	0.00710	0.00483	0.00374	0.00846
2	0.46706	0.01292	0.06437	0.07549	0.01606	0.01299	0.00915	0.08880	0.01367	0.07163	0.06069	0.01607	0.03406	0.00680	0.00486	0.00190	0.00535	0.00485	0.02597	0.00731
3	0.01384	0.05370	0.09220	0.01049	0.01383	0.02238	0.00929	0.04729	0.07336	0.12167	0.10412	0.02662	0.09110	0.04551	0.13682	0.00337	0.02991	0.00707	0.05626	0.04117
4	0.01005	0.00735	0.00887	0.00816	0.01001	0.00717	0.00621	0.05770	0.06462	0.02468	0.54629	0.04208	0.11098	0.01186	0.00691	0.00191	0.00327	0.01029	0.05533	0.00626
5	0.00819	0.00604	0.00773	0.00823	0.00939	0.00558	0.00612	0.01023	0.01443	0.01938	0.29604	0.30281	0.15743	0.01587	0.00759	0.00226	0.00352	0.10772	0.00606	0.00539
6	0.07259	0.01438	0.11246	0.01592	0.02016	0.01232	0.24644	0.03808	0.01469	0.04105	0.20015	0.02544	0.06804	0.00847	0.00797	0.00205	0.08039	0.00767	0.00434	0.00739
7	0.00811	0.00619	0.00757	0.00763	0.00913	0.00564	0.00574	0.01028	0.01491	0.01982	0.34345	0.14267	0.28366	0.01630	0.04497	0.00249	0.00389	0.05610	0.00601	0.00545
8	0.01467	0.29366	0.06919	0.07785	0.05155	0.01908	0.01284	0.06119	0.01236	0.01659	0.00984	0.01380	0.00892	0.04084	0.02499	0.00226	0.25517	0.00475	0.00294	0.00749
9	0.77686	0.01218	0.00959	0.00843	0.01229	0.01407	0.00695	0.06310	0.01159	0.02817	0.00892	0.01025	0.00687	0.00579	0.00394	0.00189	0.00486	0.00345	0.00394	0.00687
10	0.06190	0.00744	0.00958	0.00929	0.01070	0.00817	0.00699	0.01360	0.05659	0.06378	0.01844	0.02890	0.01760	0.21097	0.40614	0.00705	0.01119	0.04194	0.00400	0.00573
11	0.01319	0.21294	0.06213	0.01361	0.08544	0.06052	0.01051	0.05959	0.01381	0.01770	0.03893	0.25740	0.04057	0.01109	0.00688	0.00198	0.04417	0.03830	0.00419	0.00704
12	0.01594	0.04774	0.06124	0.03585	0.04937	0.01055	0.00975	0.03582	0.05737	0.15089	0.01411	0.01491	0.01062	0.00557	0.00513	0.00133	0.00534	0.00450	0.00438	0.45958
13	0.01755	0.10382	0.03762	0.05206	0.05785	0.14307	0.03269	0.12923	0.11272	0.09174	0.06543	0.08582	0.02757	0.00831	0.00605	0.00185	0.00674	0.00678	0.00483	0.00826
14	0.01087	0.04222	0.00974	0.00834	0.01020	0.00721	0.00633	0.03253	0.01528	0.09070	0.34226	0.15492	0.13396	0.04770	0.05749	0.00269	0.00453	0.01093	0.00596	0.00613

[dist]
# distance from previous block
# <min> <max>
0	1

[block]
# block no. 5 follows, 37 sequences, length 11
# corresponding to MSA columns:
# 3346-3356
name=unknown_F
#
# <colnr> <probs for GDERKNQSTAVLIFYWHMCP>
#	G	D	E	R	K	N	Q	S	T	A	V	L	I	F	Y	W	H	M	C	P
0	0.00966	0.00680	0.00890	0.05906	0.01222	0.00660	0.00722	0.01218	0.03990	0.06095	0.13076	0.33131	0.15857	0.01538	0.00746	0.00231	0.00414	0.11498	0.00575	0.00582
1	0.11041	0.03943	0.06252	0.30184	0.15582	0.03878	0.05947	0.01945	0.03913	0.09751	0.01262	0.01551	0.00941	0.00608	0.00580	0.00193	0.00740	0.00526	0.00357	0.00805
2	0.09964	0.04123	0.11371	0.01217	0.04113	0.01129	0.01049	0.09796	0.01427	0.15780	0.01713	0.07954	0.01457	0.04557	0.21156	0.00421	0.00891	0.00654	0.00454	0.00770
3	0.06512	0.00897	0.06539	0.05904	0.01305	0.00745	0.00785	0.01291	0.01371	0.07681	0.17534	0.21242	0.17798	0.05157	0.00809	0.00231	0.00442	0.02609	0.00539	0.00610
4	0.01039	0.00705	0.00932	0.01045	0.05928	0.00675	0.00694	0.01320	0.05768	0.07297	0.17255	0.40243	0.06995	0.01453	0.00712	0.00218	0.00381	0.01297	0.05426	0.00619
5	0.03964	0.13771	0.10237	0.06473	0.06686	0.07240	0.02389	0.13302	0.02933	0.07950	0.09918	0.05629	0.05362	0.00806	0.00591	0.00182	0.00651	0.00653	0.00452	0.00810
6	0.01275	0.01012	0.05962	0.04854	0.01404	0.00929	0.00864	0.04356	0.15187	0.09538	0.11966	0.17455	0.02746	0.11263	0.00994	0.00262	0.00500	0.05039	0.03694	0.00700
7	0.00982	0.05875	0.00929	0.00817	0.00977	0.00684	0.00607	0.01138	0.01334	0.07262	0.11332	0.33963	0.21943	0.05384	0.00841	0.00238	0.00390	0.04173	0.00563	0.00568
8	0.01424	0.01352	0.11904	0.01290	0.01666	0.03491	0.11548	0.04520	0.05076	0.12410	0.12652	0.07034	0.05600	0.09033	0.00939	0.00238	0.02465	0.00796	0.05822	0.00741
9	0.05025	0.07234	0.14449	0.06211	0.09110	0.13640	0.12118	0.06872	0.03947	0.06864	0.04060	0.01546	0.01121	0.00624	0.00586	0.00179	0.00799	0.00531	0.00376	0.04710
10	0.01460	0.01564	0.16368	0.02063	0.22133	0.01210	0.07848	0.05381	0.01491	0.10443	0.09821	0.11425	0.01914	0.00851	0.00692	0.00200	0.03095	0.00763	0.00436	0.00843

[dist]
# distance from previous block
# <min> <max>
11	175

[block]
# block no. 6 follows, 37 sequences, length 20
# corresponding to MSA columns:
# 3552-3571
name=unknown_G
#
# <colnr> <probs for GDERKNQSTAVLIFYWHMCP>
#	G	D	E	R	K	N	Q	S	T	A	V	L	I	F	Y	W	H	M	C	P
0	0.01678	0.01431	0.03342	0.09385	0.11921	0.08558	0.06683	0.06971	0.10378	0.12479	0.03827	0.05960	0.01426	0.00739	0.00650	0.00184	0.02934	0.00632	0.00458	0.10362
1	0.06384	0.01123	0.01511	0.09667	0.04576	0.01215	0.04112	0.07952	0.07122	0.11083	0.04628	0.03370	0.04548	0.01098	0.05067	0.05383	0.10624	0.00623	0.00445	0.09469
2	0.01545	0.02562	0.07015	0.01293	0.03956	0.04683	0.04190	0.13612	0.09122	0.08752	0.06470	0.06163	0.02857	0.03645	0.09512	0.00286	0.00728	0.01619	0.00484	0.11506
3	0.01364	0.02576	0.01539	0.15430	0.11300	0.01120	0.02402	0.04109	0.11389	0.07695	0.07264	0.11179	0.02931	0.00929	0.02340	0.00202	0.00587	0.00739	0.00460	0.14445
4	0.03040	0.04692	0.01745	0.12403	0.02054	0.03543	0.09077	0.06646	0.07587	0.01978	0.01495	0.11171	0.01362	0.00790	0.00719	0.00179	0.07852	0.00661	0.00395	0.22610
5	0.00798	0.00621	0.00729	0.00755	0.00898	0.00565	0.00546	0.01034	0.04142	0.01873	0.23320	0.27523	0.31863	0.01556	0.00737	0.00216	0.00325	0.01357	0.00598	0.00544
6	0.01065	0.00868	0.00909	0.00885	0.00982	0.08160	0.00634	0.01207	0.01081	0.01476	0.01863	0.02903	0.04429	0.28643	0.28238	0.00603	0.03436	0.00718	0.11392	0.00509
7	0.00771	0.00561	0.00705	0.00793	0.00859	0.00519	0.00534	0.00892	0.01231	0.01630	0.11230	0.52706	0.13314	0.10019	0.01018	0.00274	0.00368	0.01522	0.00558	0.00495
8	0.00836	0.00626	0.00771	0.00779	0.00911	0.00582	0.00567	0.01092	0.03821	0.02034	0.38073	0.21624	0.18274	0.04599	0.00833	0.00227	0.00333	0.02853	0.00613	0.00551
9	0.00814	0.00617	0.00734	0.00714	0.00864	0.00555	0.00522	0.01027	0.01528	0.02044	0.42397	0.07969	0.28924	0.07497	0.00914	0.00231	0.00323	0.01179	0.00609	0.00537
10	0.01339	0.01345	0.01799	0.01557	0.01577	0.04618	0.01288	0.01480	0.00972	0.01470	0.00875	0.01415	0.00861	0.01333	0.07818	0.00320	0.68459	0.00540	0.00274	0.00661
11	0.04766	0.02056	0.01751	0.01434	0.01858	0.25222	0.01144	0.44601	0.06245	0.03010	0.01340	0.01383	0.00994	0.00702	0.00587	0.00177	0.00793	0.00502	0.00512	0.00921
12	0.00766	0.00603	0.00684	0.00729	0.00872	0.00534	0.00533	0.00916	0.01326	0.01654	0.08045	0.24251	0.43776	0.05899	0.00880	0.00244	0.00356	0.06861	0.00562	0.00510
13	0.01612	0.74316	0.07533	0.01089	0.01636	0.02362	0.01120	0.01839	0.01247	0.01470	0.00866	0.01001	0.00785	0.00527	0.00404	0.00135	0.00670	0.00335	0.00262	0.00793
14	0.63258	0.01143	0.00980	0.00849	0.01227	0.01277	0.00696	0.05013	0.01228	0.11714	0.01159	0.01247	0.00853	0.00610	0.00422	0.00186	0.00474	0.00394	0.06551	0.00719
15	0.07776	0.02785	0.05418	0.06826	0.04856	0.01037	0.00952	0.07447	0.04164	0.06902	0.02109	0.15012	0.07629	0.01062	0.03443	0.00210	0.00566	0.01924	0.00457	0.19426
16	0.12610	0.01255	0.01695	0.07360	0.11566	0.01265	0.05051	0.14364	0.01737	0.31909	0.01831	0.01819	0.03381	0.00701	0.00592	0.00190	0.00613	0.00579	0.00556	0.00927
17	0.00864	0.00629	0.00827	0.00948	0.01030	0.00619	0.00704	0.01114	0.05573	0.01687	0.03242	0.51504	0.03718	0.03989	0.00857	0.00265	0.00428	0.20898	0.00565	0.00540
18	0.01277	0.01039	0.01712	0.57903	0.07502	0.01229	0.01509	0.01605	0.01241	0.07373	0.01295	0.05019	0.01040	0.00791	0.00753	0.06355	0.00746	0.00601	0.00325	0.00686
19	0.13187	0.05256	0.05687	0.03787	0.04024	0.12305	0.01108	0.22802	0.08629	0.02549	0.01401	0.05979	0.01158	0.00736	0.00594	0.00181	0.02663	0.00552	0.00451	0.06949

[dist]
# distance from previous block
# <min> <max>
3	9

[block]
# block no. 7 follows, 37 sequences, length 6
# corresponding to MSA columns:
# 3581-3586
name=unknown_H
#
# <colnr> <probs for GDERKNQSTAVLIFYWHMCP>
#	G	D	E	R	K	N	Q	S	T	A	V	L	I	F	Y	W	H	M	C	P
0	0.04449	0.00924	0.01092	0.00920	0.01239	0.00898	0.00730	0.05037	0.11300	0.25445	0.14734	0.02489	0.02240	0.00819	0.00572	0.00175	0.00418	0.00675	0.20676	0.05167
1	0.00780	0.00547	0.00704	0.00808	0.00858	0.00509	0.00540	0.00853	0.01147	0.01505	0.03406	0.58240	0.11797	0.07109	0.01070	0.07217	0.00381	0.01528	0.00529	0.00471
2	0.02208	0.01263	0.01464	0.01150	0.01564	0.01295	0.00940	0.34803	0.02216	0.27629	0.08037	0.02034	0.01664	0.00784	0.00601	0.00182	0.00544	0.00622	0.10051	0.00948
3	0.01581	0.01254	0.09249	0.03290	0.01601	0.04676	0.05821	0.06155	0.03868	0.19038	0.04074	0.12837	0.08052	0.01182	0.00945	0.13756	0.00597	0.00805	0.00498	0.00722
4	0.00746	0.00533	0.00710	0.00852	0.00888	0.00497	0.00568	0.00852	0.01172	0.01563	0.03374	0.78088	0.04049	0.01918	0.00781	0.00249	0.00355	0.01740	0.00568	0.00497
5	0.04133	0.01105	0.01408	0.03478	0.09929	0.03361	0.00972	0.07954	0.05295	0.31300	0.15135	0.06554	0.04877	0.00901	0.00638	0.00193	0.00523	0.00762	0.00617	0.00868

[dist]
# distance from previous block
# <min> <max>
1	14

[block]
# block no. 8 follows, 37 sequences, length 15
# corresponding to MSA columns:
# 3601-3615
name=unknown_I
#
# <colnr> <probs for GDERKNQSTAVLIFYWHMCP>
#	G	D	E	R	K	N	Q	S	T	A	V	L	I	F	Y	W	H	M	C	P
0	0.08067	0.01405	0.06454	0.07988	0.04223	0.04562	0.03579	0.07057	0.01402	0.03766	0.01120	0.01330	0.00888	0.00546	0.00553	0.00141	0.02995	0.00428	0.00368	0.43128
1	0.08084	0.06047	0.01586	0.04483	0.01590	0.04160	0.07608	0.11315	0.01401	0.06607	0.01616	0.08170	0.01556	0.16899	0.02667	0.02204	0.09331	0.03580	0.00419	0.00677
2	0.00850	0.00666	0.00753	0.00727	0.00912	0.00601	0.00545	0.04276	0.01568	0.02035	0.30158	0.10360	0.41478	0.01432	0.00722	0.00204	0.00322	0.01224	0.00608	0.00561
3	0.01477	0.01253	0.01742	0.22127	0.02296	0.04212	0.01336	0.03416	0.01190	0.10101	0.01150	0.01577	0.00947	0.01136	0.06665	0.00286	0.37480	0.00551	0.00340	0.00717
4	0.00782	0.00572	0.00724	0.00801	0.00883	0.00528	0.00557	0.00929	0.01298	0.01727	0.16960	0.47096	0.14188	0.06595	0.00912	0.00255	0.00358	0.03750	0.00575	0.00509
5	0.01250	0.00714	0.00911	0.00826	0.01049	0.00636	0.00638	0.01491	0.01629	0.18276	0.38865	0.08414	0.18320	0.01252	0.00706	0.00200	0.00356	0.03142	0.00662	0.00663
6	0.02604	0.01000	0.01345	0.01043	0.01488	0.00871	0.00858	0.02846	0.01711	0.68655	0.02378	0.02101	0.01520	0.00754	0.00599	0.00185	0.00500	0.00612	0.07931	0.01000
7	0.02327	0.01715	0.01837	0.01408	0.01898	0.01898	0.01163	0.72628	0.02878	0.03858	0.01470	0.01470	0.01041	0.00735	0.00612	0.00184	0.00674	0.00551	0.00612	0.01041
8	0.00945	0.00652	0.00830	0.00821	0.00979	0.00601	0.00636	0.01187	0.01557	0.05455	0.40615	0.08436	0.16592	0.04751	0.00846	0.00230	0.00368	0.13302	0.00622	0.00573
9	0.01609	0.73791	0.08033	0.01094	0.01643	0.02355	0.01129	0.01840	0.01247	0.01474	0.00868	0.01003	0.00785	0.00528	0.00405	0.00135	0.00671	0.00336	0.00262	0.00794
10	0.01472	0.04707	0.01943	0.01586	0.01703	0.10131	0.05058	0.03268	0.04246	0.01604	0.01024	0.04093	0.00975	0.00982	0.01576	0.00241	0.53811	0.00571	0.00309	0.00702
11	0.00839	0.00790	0.05736	0.00803	0.01011	0.00612	0.00665	0.01099	0.01542	0.02075	0.39849	0.10222	0.27636	0.01366	0.00721	0.00204	0.00350	0.03306	0.00601	0.00573
12	0.02226	0.12252	0.01914	0.01479	0.01840	0.58517	0.01153	0.07472	0.01757	0.04541	0.01030	0.01153	0.00835	0.00630	0.00539	0.00157	0.00994	0.00406	0.00348	0.00756
13	0.17138	0.01147	0.01367	0.01077	0.01529	0.01113	0.00886	0.09778	0.04864	0.51686	0.02041	0.01833	0.01329	0.00724	0.00573	0.00190	0.00526	0.00561	0.00669	0.00970
14	0.01577	0.01222	0.04231	0.01041	0.01544	0.01005	0.00867	0.10192	0.06022	0.11966	0.01519	0.05531	0.01225	0.00633	0.00527	0.00134	0.00503	0.00515	0.00468	0.49279

[dist]
# distance from previous block
# <min> <max>
0	2

[block]
# block no. 9 follows, 37 sequences, length 8
# corresponding to MSA columns:
# 3618-3625
name=unknown_J
#
# <colnr> <probs for GDERKNQSTAVLIFYWHMCP>
#	G	D	E	R	K	N	Q	S	T	A	V	L	I	F	Y	W	H	M	C	P
0	0.01337	0.00889	0.01118	0.01033	0.01244	0.00898	0.02868	0.15121	0.03748	0.09675	0.02728	0.36058	0.05587	0.05298	0.04163	0.00272	0.00528	0.03162	0.03590	0.00684
1	0.00884	0.04998	0.00893	0.00879	0.00993	0.00662	0.00669	0.01056	0.01263	0.01690	0.03363	0.43520	0.10549	0.01645	0.00738	0.00236	0.00409	0.17373	0.07644	0.00537
2	0.01146	0.00748	0.00861	0.00847	0.00875	0.07127	0.00566	0.00954	0.00892	0.01118	0.01173	0.02093	0.01201	0.12615	0.02332	0.63686	0.00590	0.00570	0.00285	0.00319
3	0.01688	0.25957	0.06035	0.03481	0.19941	0.06562	0.01327	0.14320	0.06093	0.02123	0.01260	0.04189	0.01068	0.00647	0.00539	0.00167	0.00694	0.00512	0.00373	0.03022
4	0.01592	0.01932	0.28333	0.01359	0.01934	0.01316	0.01401	0.17538	0.08944	0.09498	0.08212	0.05565	0.01639	0.00773	0.00608	0.00187	0.00656	0.00629	0.00482	0.07402
5	0.04494	0.04149	0.14519	0.06715	0.04798	0.05788	0.10543	0.19813	0.04653	0.05096	0.01295	0.01566	0.01002	0.03757	0.00851	0.00213	0.08936	0.00552	0.00404	0.00855
6	0.01392	0.26098	0.08982	0.01288	0.01692	0.01666	0.06442	0.02070	0.20953	0.01909	0.06170	0.09491	0.01733	0.00841	0.00682	0.00190	0.06508	0.00676	0.00421	0.00799
7	0.04770	0.01039	0.04434	0.01053	0.01340	0.00979	0.00858	0.11743	0.06825	0.17849	0.09182	0.14842	0.02349	0.05458	0.07438	0.03656	0.00609	0.04264	0.00564	0.00749

[dist]
# distance from previous block
# <min> <max>
0	2

[block]
# block no. 10 follows, 37 sequences, length 25
# corresponding to MSA columns:
# 3628-3652
name=unknown_K
#
# <colnr> <probs for GDERKNQSTAVLIFYWHMCP>
#	G	D	E	R	K	N	Q	S	T	A	V	L	I	F	Y	W	H	M	C	P
0	0.00964	0.00616	0.00747	0.00750	0.00809	0.00614	0.00485	0.01042	0.01026	0.04969	0.02307	0.13712	0.05615	0.46769	0.12424	0.00540	0.00672	0.00962	0.04514	0.00462
1	0.11093	0.08137	0.10573	0.13412	0.02319	0.20246	0.06386	0.13014	0.01641	0.05997	0.01148	0.01335	0.00864	0.00621	0.00557	0.00180	0.00824	0.00472	0.00374	0.00806
2	0.00994	0.00545	0.00760	0.00775	0.00778	0.00542	0.00500	0.00823	0.00855	0.01140	0.01481	0.09899	0.01613	0.18758	0.02390	0.56258	0.00528	0.00730	0.00319	0.00312
3	0.00932	0.00657	0.00833	0.04138	0.01086	0.00631	0.00641	0.03499	0.01416	0.03907	0.19379	0.33072	0.14582	0.03902	0.00800	0.00231	0.00383	0.04780	0.04566	0.00562
4	0.01303	0.01254	0.12180	0.01133	0.01384	0.01095	0.01000	0.14314	0.01343	0.01876	0.01512	0.02077	0.04379	0.07999	0.09809	0.23340	0.09195	0.00602	0.03593	0.00611
5	0.01305	0.01351	0.06744	0.09778	0.04240	0.03897	0.13980	0.01605	0.01256	0.04948	0.08187	0.08131	0.01645	0.01178	0.06327	0.00277	0.23351	0.00724	0.00366	0.00709
6	0.01499	0.17640	0.20874	0.03365	0.05580	0.11968	0.06769	0.03718	0.04889	0.01884	0.08484	0.01633	0.01370	0.00671	0.00628	0.00177	0.04218	0.00527	0.00346	0.03760
7	0.05394	0.00771	0.00962	0.00889	0.01112	0.00733	0.00684	0.01640	0.06090	0.17358	0.32976	0.15888	0.07579	0.01231	0.00692	0.00206	0.00382	0.04080	0.00646	0.00686
8	0.01644	0.23965	0.02075	0.01313	0.01638	0.15338	0.01100	0.02239	0.20922	0.01785	0.01314	0.01447	0.01089	0.00742	0.00837	0.00185	0.17317	0.00485	0.00375	0.04189
9	0.01593	0.01350	0.01424	0.01260	0.01619	0.01555	0.00986	0.09332	0.67369	0.02674	0.02402	0.02212	0.01796	0.00822	0.00622	0.00206	0.00501	0.00680	0.00622	0.00975
10	0.01075	0.04290	0.01015	0.04685	0.01130	0.00835	0.00694	0.01245	0.01114	0.04510	0.01981	0.11284	0.01996	0.21726	0.15065	0.00445	0.05726	0.04911	0.15727	0.00547
11	0.01844	0.01654	0.19429	0.15184	0.05067	0.01243	0.05555	0.08898	0.01601	0.27262	0.01752	0.03707	0.02580	0.00710	0.00619	0.00195	0.00710	0.00602	0.00485	0.00904
12	0.01429	0.01120	0.01335	0.04443	0.01596	0.00934	0.00811	0.08252	0.01422	0.05781	0.01189	0.01372	0.00953	0.00576	0.00569	0.03718	0.00497	0.00409	0.00398	0.63197
13	0.00874	0.00656	0.00984	0.00984	0.01093	0.00765	0.00765	0.01093	0.00984	0.01421	0.01640	0.02405	0.01530	0.04591	0.76062	0.00984	0.01640	0.00656	0.00328	0.00547
14	0.01571	0.15464	0.09052	0.02947	0.01613	0.01377	0.01055	0.09469	0.14392	0.11845	0.09410	0.06183	0.02010	0.03634	0.03266	0.00231	0.00611	0.04542	0.00509	0.00818
15	0.01616	0.15941	0.11487	0.11160	0.04748	0.08345	0.04131	0.07498	0.05468	0.08242	0.04967	0.01726	0.01268	0.04598	0.00796	0.00205	0.06069	0.00546	0.00388	0.00802
16	0.01228	0.03166	0.75316	0.01745	0.02649	0.01422	0.02262	0.01939	0.01292	0.01939	0.01099	0.01292	0.00775	0.00582	0.00582	0.00194	0.00905	0.00452	0.00258	0.00905
17	0.05284	0.00799	0.00944	0.00878	0.01084	0.00790	0.00667	0.04372	0.04611	0.11701	0.16595	0.19077	0.22052	0.03506	0.00827	0.00223	0.04254	0.01105	0.00587	0.00646
18	0.05294	0.05250	0.15641	0.06046	0.03786	0.01071	0.01145	0.01754	0.06759	0.09351	0.07758	0.12434	0.05700	0.00974	0.00626	0.00197	0.00569	0.06753	0.00469	0.08425
19	0.07582	0.09030	0.01205	0.04641	0.01278	0.00963	0.00752	0.04046	0.03602	0.10060	0.10235	0.25218	0.05551	0.05807	0.00876	0.04000	0.00473	0.03526	0.00517	0.00639
20	0.05085	0.01079	0.01673	0.20391	0.07001	0.01172	0.09267	0.04128	0.06197	0.08777	0.05393	0.15157	0.01801	0.00987	0.00814	0.04230	0.04882	0.00808	0.00435	0.00723
21	0.10126	0.04804	0.01253	0.06139	0.01484	0.01088	0.00834	0.10455	0.08605	0.09503	0.02249	0.25289	0.04524	0.01115	0.00667	0.02357	0.00494	0.00912	0.00518	0.07584
22	0.05262	0.03690	0.04252	0.11454	0.07561	0.03966	0.03508	0.10649	0.09857	0.07147	0.01495	0.05052	0.01240	0.02772	0.00915	0.12386	0.00636	0.00593	0.00420	0.07143
23	0.04892	0.03705	0.08361	0.05470	0.12535	0.01363	0.06696	0.13970	0.08962	0.04231	0.01585	0.08889	0.01389	0.04639	0.00845	0.03205	0.03256	0.00673	0.00427	0.04907
24	0.20107	0.09120	0.09777	0.09715	0.06569	0.03917	0.02962	0.05048	0.01334	0.07313	0.04845	0.01564	0.01150	0.00729	0.00684	0.03761	0.04881	0.00498	0.05280	0.00747

[dist]
# distance from previous block
# <min> <max>
3	39

[block]
# block no. 11 follows, 37 sequences, length 32
# corresponding to MSA columns:
# 3697-3728
name=unknown_L
#
# <colnr> <probs for GDERKNQSTAVLIFYWHMCP>
#	G	D	E	R	K	N	Q	S	T	A	V	L	I	F	Y	W	H	M	C	P
0	0.01685	0.17444	0.12074	0.06372	0.04132	0.01489	0.04127	0.10154	0.07926	0.14782	0.02820	0.06358	0.01416	0.00933	0.03980	0.00222	0.00700	0.02072	0.00458	0.00856
1	0.06194	0.14060	0.05708	0.04238	0.15766	0.01282	0.05018	0.01700	0.03686	0.05545	0.13694	0.10297	0.02095	0.00826	0.00590	0.00179	0.00575	0.00719	0.00426	0.07403
2	0.04640	0.01364	0.04791	0.01445	0.01810	0.04892	0.15056	0.09297	0.06163	0.10251	0.08154	0.09450	0.05501	0.00911	0.00812	0.00204	0.09739	0.00772	0.00479	0.04269
3	0.05723	0.07076	0.01619	0.04279	0.01701	0.03702	0.01005	0.17796	0.12815	0.26907	0.06641	0.01937	0.01578	0.00773	0.00647	0.00189	0.03495	0.00599	0.00594	0.00924
4	0.06372	0.03560	0.04861	0.01044	0.01380	0.01136	0.00864	0.21036	0.03974	0.06864	0.14818	0.13465	0.07158	0.04449	0.00742	0.00208	0.00502	0.00854	0.00553	0.06159
5	0.04959	0.08770	0.17374	0.04731	0.01976	0.05075	0.01306	0.24957	0.04309	0.12454	0.06905	0.01703	0.01372	0.00712	0.00583	0.00183	0.00684	0.00549	0.00492	0.00906
6	0.54491	0.01154	0.01147	0.15564	0.01804	0.01328	0.00889	0.04979	0.01200	0.07294	0.01077	0.01344	0.00835	0.04042	0.00571	0.00210	0.00557	0.00426	0.00393	0.00695
7	0.00976	0.00638	0.00800	0.00801	0.00953	0.00577	0.00590	0.01169	0.01459	0.08486	0.27235	0.25295	0.19934	0.04153	0.00818	0.00229	0.00356	0.04344	0.00613	0.00576
8	0.04627	0.01496	0.09827	0.05560	0.21457	0.02293	0.09965	0.11862	0.01613	0.07053	0.06309	0.07795	0.01664	0.00809	0.00645	0.00200	0.00695	0.04848	0.00434	0.00847
9	0.04512	0.01132	0.05955	0.06305	0.04967	0.03329	0.12871	0.01473	0.01156	0.04907	0.01516	0.02296	0.01379	0.15919	0.28976	0.00558	0.01100	0.00661	0.00345	0.00643
10	0.00805	0.00618	0.00737	0.00718	0.00880	0.00550	0.00535	0.01033	0.01572	0.02099	0.44378	0.09493	0.31559	0.01404	0.00726	0.00201	0.00301	0.01215	0.00628	0.00550
11	0.00768	0.00553	0.00732	0.00856	0.00911	0.00516	0.00591	0.00899	0.01232	0.01642	0.08166	0.66290	0.06540	0.01847	0.00779	0.00246	0.00362	0.05987	0.00575	0.00507
12	0.01423	0.01743	0.14252	0.11926	0.18835	0.01480	0.28623	0.05110	0.04965	0.02028	0.01293	0.01698	0.01006	0.00595	0.00653	0.00199	0.00864	0.02112	0.00330	0.00863
13	0.02160	0.01612	0.01623	0.01293	0.01711	0.08293	0.01047	0.51555	0.02468	0.07843	0.01615	0.04688	0.01226	0.00773	0.00595	0.00180	0.00649	0.00592	0.09140	0.00940
14	0.00755	0.00548	0.00708	0.00822	0.00879	0.00506	0.00555	0.00874	0.01219	0.01615	0.07860	0.65401	0.10386	0.03729	0.00830	0.00250	0.00353	0.01641	0.00570	0.00501
15	0.01937	0.01222	0.01396	0.01193	0.01582	0.01311	0.00945	0.03161	0.49229	0.27140	0.02466	0.02216	0.01749	0.00806	0.00620	0.00201	0.00497	0.00666	0.00669	0.00994
16	0.01380	0.01130	0.01343	0.05537	0.01651	0.00947	0.00826	0.05164	0.05668	0.04624	0.01236	0.01390	0.00986	0.00510	0.00486	0.00112	0.00490	0.00411	0.00399	0.65710
17	0.01429	0.01310	0.01775	0.42934	0.08803	0.04808	0.01468	0.08526	0.18631	0.02042	0.01456	0.01739	0.01098	0.00671	0.00611	0.00199	0.00730	0.00573	0.00391	0.00806
18	0.01420	0.29490	0.02307	0.01366	0.01563	0.02008	0.01199	0.01581	0.01052	0.01458	0.00871	0.01273	0.00840	0.01082	0.05832	0.00261	0.44957	0.00467	0.00269	0.00704
19	0.01201	0.00866	0.01154	0.01042	0.01271	0.00863	0.05453	0.01772	0.17665	0.09386	0.25374	0.22142	0.06804	0.01240	0.00704	0.00211	0.00423	0.01107	0.00615	0.00705
20	0.01932	0.11993	0.30344	0.01387	0.02034	0.01455	0.01486	0.12611	0.02919	0.25591	0.01567	0.01549	0.01071	0.00657	0.00573	0.00183	0.00708	0.00507	0.00477	0.00954
21	0.00973	0.00761	0.00905	0.00903	0.01076	0.00767	0.00684	0.01512	0.16931	0.02111	0.27011	0.20081	0.14285	0.01389	0.00726	0.00219	0.00375	0.08044	0.00614	0.00634
22	0.00790	0.00565	0.00759	0.00883	0.00943	0.00533	0.00627	0.00938	0.01257	0.01683	0.09938	0.61416	0.04136	0.01825	0.00785	0.00248	0.00378	0.11207	0.00577	0.00514
23	0.01314	0.01574	0.11460	0.19997	0.15113	0.01447	0.23035	0.01747	0.01328	0.01849	0.05697	0.01728	0.01180	0.00658	0.00799	0.00206	0.09141	0.00621	0.00312	0.00793
24	0.01158	0.01251	0.13773	0.01034	0.01320	0.05308	0.00937	0.01519	0.04700	0.05386	0.13364	0.18421	0.08416	0.01237	0.03233	0.00225	0.03354	0.00932	0.13769	0.00661
25	0.00750	0.00560	0.00698	0.00792	0.00876	0.00508	0.00545	0.00882	0.01268	0.01654	0.09640	0.55491	0.20548	0.01780	0.00763	0.00234	0.00339	0.01586	0.00577	0.00508
26	0.10947	0.01056	0.01367	0.01060	0.01524	0.00948	0.00875	0.02862	0.01679	0.67683	0.02255	0.01972	0.01428	0.00738	0.00591	0.00189	0.00516	0.00586	0.00719	0.01003
27	0.01531	0.04882	0.03339	0.22900	0.09955	0.05935	0.02477	0.03717	0.28251	0.05614	0.01663	0.01804	0.01260	0.00706	0.00650	0.00198	0.03241	0.00585	0.00438	0.00855
28	0.01275	0.01329	0.12519	0.06058	0.06419	0.01107	0.09214	0.04322	0.04587	0.07635	0.02148	0.21618	0.04434	0.01315	0.05763	0.00270	0.05480	0.03326	0.00443	0.00737
29	0.01348	0.01498	0.03147	0.02295	0.02820	0.01430	0.59708	0.01796	0.01400	0.01892	0.01680	0.06699	0.05989	0.00699	0.00789	0.00212	0.04668	0.00815	0.00341	0.00777
30	0.00973	0.00838	0.01159	0.01453	0.14110	0.04098	0.03004	0.01140	0.01245	0.01649	0.02805	0.58707	0.03260	0.01574	0.00738	0.00231	0.00475	0.01437	0.00502	0.00601
31	0.01833	0.15629	0.14929	0.01652	0.12631	0.08430	0.01341	0.04987	0.09547	0.18022	0.01681	0.01701	0.03623	0.00676	0.00567	0.00178	0.00692	0.00533	0.00445	0.00904

[dist]
# distance from previous block
# <min> <max>
7	56

[block]
# block no. 12 follows, 37 sequences, length 8
# corresponding to MSA columns:
# 3787-3794
name=unknown_M
#
# <colnr> <probs for GDERKNQSTAVLIFYWHMCP>
#	G	D	E	R	K	N	Q	S	T	A	V	L	I	F	Y	W	H	M	C	P
0	0.01427	0.09068	0.11352	0.01600	0.06110	0.01317	0.15779	0.06920	0.06892	0.06219	0.12272	0.05202	0.02036	0.00828	0.00643	0.00193	0.00668	0.06244	0.00453	0.04776
1	0.00924	0.00601	0.00773	0.00799	0.00874	0.00572	0.00555	0.01017	0.01226	0.03686	0.18805	0.22080	0.06852	0.20586	0.01551	0.11029	0.00441	0.06646	0.00509	0.00475
2	0.01300	0.01093	0.05821	0.10153	0.11234	0.01041	0.04098	0.01750	0.09136	0.09641	0.05383	0.09952	0.01839	0.05375	0.16800	0.00386	0.00828	0.00760	0.02670	0.00737
3	0.05167	0.17152	0.20062	0.04720	0.04650	0.09197	0.05741	0.08041	0.15506	0.02099	0.01335	0.01451	0.01026	0.00632	0.00554	0.00180	0.00754	0.00495	0.00375	0.00863
4	0.01440	0.01200	0.06243	0.05837	0.10532	0.01108	0.10253	0.01870	0.07158	0.14296	0.10389	0.10422	0.05176	0.01064	0.02959	0.00232	0.05185	0.03360	0.00491	0.00785
5	0.01424	0.00731	0.00822	0.00748	0.00959	0.00719	0.00576	0.07252	0.01495	0.13100	0.06157	0.08657	0.01961	0.00852	0.00516	0.00164	0.00357	0.00703	0.52134	0.00672
6	0.01413	0.01169	0.01647	0.28924	0.13090	0.03495	0.01317	0.08233	0.04619	0.05723	0.03871	0.08416	0.01446	0.00806	0.00707	0.00199	0.05881	0.00674	0.07614	0.00758
7	0.06169	0.03903	0.06107	0.10183	0.31592	0.06410	0.01507	0.10446	0.04646	0.05885	0.01275	0.01532	0.01003	0.00790	0.03793	0.00220	0.02757	0.00527	0.00375	0.00883

[dist]
# distance from previous block
# <min> <max>
3	6

[block]
# block no. 13 follows, 37 sequences, length 21
# corresponding to MSA columns:
# 3801-3821
name=unknown_N
#
# <colnr> <probs for GDERKNQSTAVLIFYWHMCP>
#	G	D	E	R	K	N	Q	S	T	A	V	L	I	F	Y	W	H	M	C	P
0	0.01827	0.05230	0.01793	0.01661	0.12063	0.04883	0.01175	0.26013	0.33308	0.02813	0.01817	0.01792	0.01368	0.00735	0.00603	0.00190	0.00616	0.00594	0.00544	0.00973
1	0.01462	0.21763	0.14311	0.01178	0.01662	0.01460	0.01147	0.05421	0.03700	0.06883	0.06069	0.02986	0.01407	0.00898	0.04369	0.00204	0.05299	0.02713	0.00389	0.16679
2	0.10547	0.11993	0.01931	0.10694	0.02033	0.01424	0.11570	0.12622	0.04197	0.09516	0.01663	0.13851	0.01479	0.00828	0.00596	0.00192	0.00640	0.00719	0.00452	0.03051
3	0.14769	0.01444	0.05542	0.01411	0.01889	0.05752	0.14847	0.07709	0.04478	0.29375	0.05415	0.01819	0.01383	0.00691	0.00599	0.00191	0.00666	0.00593	0.00538	0.00887
4	0.00899	0.00648	0.00850	0.00953	0.01045	0.00641	0.00728	0.01145	0.04552	0.01716	0.06776	0.34327	0.03621	0.10592	0.01066	0.00297	0.00467	0.28591	0.00552	0.00534
5	0.05335	0.07533	0.02018	0.39876	0.22181	0.01455	0.01566	0.01640	0.01244	0.01723	0.01175	0.05391	0.01010	0.00675	0.00662	0.00197	0.04688	0.00577	0.00300	0.00755
6	0.11385	0.01969	0.04738	0.01479	0.04908	0.28608	0.05404	0.14655	0.03615	0.07641	0.01512	0.01604	0.04462	0.00692	0.00565	0.00177	0.00788	0.00519	0.04477	0.00804
7	0.01431	0.00993	0.01157	0.01052	0.01284	0.01044	0.00812	0.20962	0.07069	0.07025	0.02488	0.17066	0.05405	0.14681	0.05004	0.00324	0.00597	0.10349	0.00550	0.00708
8	0.00818	0.00615	0.00815	0.06500	0.01139	0.00595	0.00650	0.00990	0.01306	0.01738	0.17340	0.41627	0.12279	0.06265	0.00894	0.00252	0.00396	0.04701	0.00555	0.00524
9	0.01519	0.07955	0.01970	0.04003	0.27995	0.03600	0.04510	0.08997	0.04497	0.05944	0.17233	0.02415	0.02165	0.00790	0.00629	0.00187	0.00621	0.03671	0.00458	0.00840
10	0.01190	0.02131	0.44392	0.01306	0.01905	0.01117	0.01540	0.01797	0.04913	0.02108	0.06899	0.01874	0.01433	0.00682	0.00550	0.00180	0.00658	0.00547	0.23991	0.00786
11	0.00759	0.00538	0.00706	0.00836	0.00868	0.00506	0.00551	0.00856	0.01147	0.01529	0.03244	0.71445	0.03885	0.08784	0.00991	0.00280	0.00377	0.01664	0.00551	0.00486
12	0.01238	0.07471	0.26885	0.05513	0.12538	0.01301	0.01490	0.01875	0.12183	0.01993	0.09459	0.10068	0.03722	0.00848	0.00619	0.00196	0.00654	0.00725	0.00405	0.00816
13	0.01578	0.59498	0.18517	0.01211	0.01815	0.02187	0.01311	0.04818	0.01323	0.01648	0.00930	0.01068	0.00794	0.00545	0.00442	0.00147	0.00709	0.00363	0.00276	0.00822
14	0.01399	0.01440	0.01866	0.01605	0.01625	0.06590	0.01329	0.01535	0.00988	0.01475	0.00813	0.01324	0.00803	0.01043	0.01916	0.00261	0.72518	0.00527	0.00271	0.00672
15	0.37097	0.11365	0.12170	0.05816	0.04450	0.11839	0.01139	0.05027	0.01308	0.02238	0.00971	0.01150	0.00763	0.00585	0.00467	0.00178	0.00681	0.00391	0.01619	0.00747
16	0.00749	0.00549	0.00704	0.00817	0.00881	0.00504	0.00555	0.00871	0.01230	0.01620	0.07395	0.64789	0.13416	0.01835	0.00771	0.00240	0.00346	0.01649	0.00574	0.00504
17	0.00796	0.00594	0.00705	0.00732	0.00866	0.00533	0.00528	0.00985	0.01429	0.01908	0.26322	0.26248	0.28926	0.01521	0.00725	0.00211	0.00315	0.01327	0.04797	0.00533
18	0.04951	0.01183	0.01862	0.14870	0.18807	0.01225	0.10987	0.07996	0.03537	0.04220	0.11476	0.06214	0.08363	0.00837	0.00649	0.00197	0.00641	0.00768	0.00438	0.00779
19	0.01316	0.01256	0.05386	0.09164	0.08748	0.04362	0.08013	0.05999	0.09143	0.04702	0.09041	0.14376	0.08017	0.01026	0.00741	0.00210	0.04423	0.02860	0.00472	0.00745
20	0.05328	0.03922	0.09275	0.09883	0.13985	0.11008	0.04482	0.09069	0.01542	0.02079	0.07009	0.09763	0.04537	0.00829	0.00608	0.00189	0.00689	0.00704	0.04335	0.00763

[dist]
# distance from previous block
# <min> <max>
5	31

[block]
# block no. 14 follows, 37 sequences, length 7
# corresponding to MSA columns:
# 3854-3860
name=unknown_O
#
# <colnr> <probs for GDERKNQSTAVLIFYWHMCP>
#	G	D	E	R	K	N	Q	S	T	A	V	L	I	F	Y	W	H	M	C	P
0	0.01126	0.01170	0.10466	0.20443	0.02158	0.01042	0.04990	0.06013	0.01315	0.01827	0.07672	0.09729	0.01803	0.04597	0.14266	0.04598	0.00835	0.00743	0.04558	0.00649
1	0.00991	0.00836	0.00809	0.00801	0.00997	0.07177	0.00603	0.01165	0.01450	0.05276	0.12249	0.14496	0.44182	0.01455	0.00717	0.00210	0.00407	0.05045	0.00566	0.00566
2	0.01461	0.01139	0.01375	0.07654	0.01740	0.00983	0.00868	0.06404	0.05675	0.07911	0.01301	0.01439	0.01013	0.00532	0.00501	0.00121	0.00507	0.00430	0.00418	0.58530
3	0.06496	0.00956	0.01316	0.05071	0.01457	0.01080	0.05825	0.01508	0.07533	0.05532	0.07799	0.17631	0.04832	0.10914	0.04257	0.00303	0.15484	0.00916	0.00453	0.00637
4	0.12190	0.08143	0.11694	0.08073	0.05760	0.05114	0.03813	0.13098	0.06564	0.04234	0.01223	0.01390	0.00938	0.00624	0.00595	0.00175	0.03736	0.00474	0.00391	0.11772
5	0.01449	0.10869	0.12991	0.07119	0.08467	0.03617	0.01252	0.05499	0.06392	0.03754	0.01231	0.01497	0.01003	0.03700	0.00710	0.00175	0.04888	0.00473	0.00357	0.24557
6	0.08087	0.06119	0.12260	0.01334	0.01782	0.04252	0.06117	0.08981	0.03233	0.12029	0.06672	0.03039	0.01376	0.00741	0.00759	0.00186	0.10821	0.00560	0.00436	0.11216

[dist]
# distance from previous block
# <min> <max>
0	1

[block]
# block no. 15 follows, 37 sequences, length 6
# corresponding to MSA columns:
# 3862-3867
name=unknown_P
#
# <colnr> <probs for GDERKNQSTAVLIFYWHMCP>
#	G	D	E	R	K	N	Q	S	T	A	V	L	I	F	Y	W	H	M	C	P
0	0.00977	0.00664	0.00821	0.00797	0.00979	0.00582	0.00586	0.01172	0.01444	0.07793	0.24811	0.27637	0.20426	0.01431	0.00712	0.00206	0.00346	0.01254	0.00599	0.06766
1	0.01393	0.06541	0.06426	0.11976	0.19395	0.04624	0.11709	0.07375	0.01496	0.02000	0.07001	0.07589	0.01677	0.00906	0.02748	0.00219	0.00756	0.04997	0.00384	0.00788
2	0.01244	0.05594	0.12862	0.04147	0.03735	0.02612	0.09467	0.01647	0.05978	0.06712	0.03952	0.12006	0.12942	0.06168	0.00866	0.00235	0.02584	0.06091	0.00448	0.00711
3	0.06979	0.18851	0.07928	0.07028	0.01504	0.01217	0.00908	0.01449	0.05191	0.01778	0.06236	0.08194	0.28426	0.01057	0.00600	0.00189	0.00505	0.00858	0.00441	0.00661
