[name]
unknown

[dist]
# distance from previous block
# <min> <max>
11	126

[block]
# block no. 0 follows, 33 sequences, length 35
# corresponding to MSA columns:
# 138-172
name=unknown_A
#
# <colnr> <probs for GDERKNQSTAVLIFYWHMCP>
#	G	D	E	R	K	N	Q	S	T	A	V	L	I	F	Y	W	H	M	C	P
0	0.08947	0.01400	0.05369	0.01433	0.01822	0.04113	0.11551	0.12475	0.03818	0.02345	0.04299	0.08381	0.01644	0.01825	0.18197	0.00406	0.02492	0.00732	0.00447	0.08303
1	0.11117	0.01492	0.07805	0.05757	0.07993	0.01459	0.01257	0.17628	0.03124	0.07523	0.05496	0.06443	0.01571	0.01181	0.06363	0.00276	0.08165	0.00673	0.00487	0.04190
2	0.01562	0.09183	0.06011	0.29613	0.02929	0.07131	0.04302	0.09660	0.06448	0.02084	0.01336	0.01680	0.01047	0.00985	0.06196	0.00258	0.00890	0.00556	0.00376	0.07752
3	0.07581	0.01404	0.01961	0.01744	0.05682	0.01796	0.04192	0.03159	0.01191	0.04572	0.03781	0.01602	0.01115	0.01015	0.01676	0.00258	0.52314	0.00588	0.00350	0.04019
4	0.09123	0.01836	0.13180	0.01425	0.01887	0.05585	0.01274	0.05719	0.44101	0.02610	0.02061	0.02007	0.01551	0.00818	0.00695	0.00218	0.03751	0.00636	0.00547	0.00975
5	0.02300	0.18864	0.02248	0.01652	0.06301	0.39106	0.01260	0.11225	0.01887	0.07576	0.01205	0.01319	0.00956	0.00673	0.00574	0.00171	0.00948	0.00459	0.00404	0.00872
6	0.02216	0.02627	0.01754	0.01590	0.01939	0.52712	0.01204	0.02886	0.22520	0.01950	0.01510	0.01563	0.01192	0.00742	0.00616	0.00186	0.00990	0.00519	0.00437	0.00846
7	0.01181	0.00750	0.01085	0.01024	0.01038	0.00857	0.00745	0.01035	0.00981	0.01368	0.07726	0.02164	0.01561	0.01979	0.02326	0.57698	0.15124	0.00630	0.00327	0.00401
8	0.02513	0.01023	0.01387	0.01097	0.01529	0.00892	0.00892	0.02780	0.01880	0.57839	0.17806	0.02824	0.02628	0.00931	0.00687	0.00204	0.00506	0.00777	0.00795	0.01012
9	0.00925	0.00668	0.00874	0.00833	0.00982	0.00617	0.00621	0.01226	0.01833	0.02591	0.68910	0.08557	0.06117	0.01382	0.00780	0.00210	0.00314	0.01225	0.00719	0.00617
10	0.01008	0.00688	0.00812	0.00800	0.00994	0.00603	0.00592	0.01206	0.01572	0.08143	0.21402	0.19924	0.36648	0.01597	0.00780	0.00226	0.00357	0.01377	0.00656	0.00616
11	0.01017	0.00687	0.00885	0.00843	0.01011	0.00626	0.00629	0.01291	0.01769	0.06385	0.55494	0.12534	0.11491	0.01421	0.00777	0.00215	0.00334	0.01251	0.00708	0.00634
12	0.14835	0.31661	0.02194	0.01118	0.01583	0.01959	0.00994	0.21602	0.01814	0.02661	0.01293	0.01421	0.01030	0.00667	0.00494	0.00169	0.00618	0.00461	0.12559	0.00867
13	0.02235	0.01411	0.01603	0.01323	0.01771	0.01510	0.01062	0.17408	0.35216	0.25347	0.02424	0.02205	0.01704	0.00847	0.00665	0.00212	0.00576	0.00687	0.00713	0.01083
14	0.02503	0.01844	0.01976	0.01515	0.02042	0.02042	0.01251	0.70562	0.03095	0.04149	0.01581	0.01581	0.01120	0.00790	0.00659	0.00198	0.00724	0.00593	0.00659	0.01120
15	0.01245	0.01155	0.01883	0.66930	0.04178	0.01426	0.01718	0.01755	0.05652	0.01748	0.01388	0.05599	0.01124	0.00744	0.00668	0.00222	0.00830	0.00660	0.00332	0.00740
16	0.00951	0.00664	0.00849	0.00849	0.00894	0.00709	0.00562	0.01041	0.00996	0.01373	0.01955	0.03647	0.02106	0.49237	0.30585	0.00799	0.01070	0.00861	0.00381	0.00471
17	0.01108	0.00584	0.00831	0.00831	0.00831	0.00584	0.00539	0.00876	0.00876	0.01169	0.01319	0.02436	0.01379	0.16340	0.02719	0.65732	0.00584	0.00644	0.00307	0.00307
18	0.01575	0.01070	0.01139	0.01005	0.01165	0.06356	0.00704	0.08372	0.01390	0.13278	0.01957	0.03295	0.01935	0.46686	0.02371	0.00468	0.05308	0.00810	0.00481	0.00634
19	0.02459	0.03138	0.01866	0.01696	0.02035	0.74221	0.01272	0.02629	0.01866	0.01611	0.01018	0.01187	0.00848	0.00678	0.00594	0.00170	0.01187	0.00424	0.00339	0.00763
20	0.00940	0.00705	0.01058	0.01058	0.01176	0.00823	0.00823	0.01176	0.01058	0.01528	0.01763	0.02586	0.01646	0.04937	0.74255	0.01058	0.01763	0.00705	0.00353	0.00588
21	0.01243	0.01170	0.01975	0.75282	0.04534	0.01463	0.01828	0.01682	0.01316	0.01682	0.01170	0.01755	0.00878	0.00658	0.00658	0.00219	0.00878	0.00585	0.00293	0.00731
22	0.01440	0.01440	0.02016	0.01728	0.01728	0.02016	0.01440	0.01584	0.01008	0.01584	0.00864	0.01440	0.00864	0.01152	0.02160	0.00288	0.75659	0.00576	0.00288	0.00720
23	0.08369	0.00916	0.01035	0.00919	0.01221	0.00883	0.00718	0.01919	0.11029	0.17195	0.20586	0.04161	0.26045	0.01216	0.00707	0.00213	0.00416	0.01013	0.00671	0.00769
24	0.08430	0.01373	0.01525	0.01239	0.01694	0.04156	0.01002	0.14161	0.17152	0.35180	0.02442	0.02234	0.04724	0.00845	0.00646	0.00206	0.00589	0.00669	0.00699	0.01033
25	0.02459	0.03138	0.01866	0.01696	0.02035	0.74221	0.01272	0.02629	0.01866	0.01611	0.01018	0.01187	0.00848	0.00678	0.00594	0.00170	0.01187	0.00424	0.00339	0.00763
26	0.02800	0.01155	0.01523	0.01191	0.01684	0.01046	0.00976	0.03242	0.10022	0.64985	0.02607	0.02266	0.01674	0.00824	0.00663	0.00206	0.00556	0.00672	0.00798	0.01111
27	0.00810	0.00579	0.00773	0.00926	0.00968	0.00542	0.00625	0.00931	0.01268	0.01690	0.03624	0.74276	0.04336	0.02055	0.00842	0.00268	0.00389	0.03950	0.00611	0.00537
28	0.02640	0.01624	0.01839	0.01410	0.01932	0.01715	0.01165	0.50066	0.02727	0.25166	0.01890	0.01781	0.01275	0.00798	0.00660	0.00199	0.00674	0.00614	0.00706	0.01120
29	0.00875	0.00649	0.00804	0.00870	0.00988	0.00601	0.00639	0.01056	0.01435	0.01877	0.15943	0.29182	0.20924	0.08868	0.01063	0.00287	0.00419	0.12358	0.00610	0.00553
30	0.00990	0.00781	0.01207	0.13103	0.01721	0.00927	0.00986	0.01258	0.01100	0.01553	0.01667	0.02451	0.01521	0.04243	0.62312	0.00922	0.01620	0.00686	0.00343	0.00611
31	0.01487	0.01541	0.02403	0.15251	0.07949	0.05074	0.14497	0.01780	0.01242	0.01744	0.01042	0.01563	0.00905	0.00887	0.01447	0.00251	0.39247	0.00609	0.00302	0.00780
32	0.01925	0.01285	0.01467	0.01249	0.01610	0.01364	0.00982	0.26093	0.16692	0.14425	0.06373	0.18935	0.02400	0.01133	0.00709	0.00220	0.00555	0.00957	0.00679	0.00944
33	0.01227	0.00725	0.00952	0.00895	0.01087	0.00657	0.00670	0.01482	0.01728	0.13858	0.44132	0.19087	0.08080	0.01420	0.00771	0.00219	0.00367	0.01252	0.00711	0.00682
34	0.01617	0.01499	0.02454	0.19948	0.51198	0.01582	0.01910	0.07872	0.01596	0.02217	0.01252	0.01654	0.01012	0.00620	0.00654	0.00201	0.00799	0.00587	0.00347	0.00979

[dist]
# distance from previous block
# <min> <max>
0	3

[block]
# block no. 1 follows, 33 sequences, length 34
# corresponding to MSA columns:
# 176-178,181-211
name=unknown_B
#
# <colnr> <probs for GDERKNQSTAVLIFYWHMCP>
#	G	D	E	R	K	N	Q	S	T	A	V	L	I	F	Y	W	H	M	C	P
0	0.69884	0.01384	0.01064	0.00954	0.01354	0.05315	0.00773	0.02118	0.07753	0.02864	0.01087	0.01205	0.00841	0.00641	0.00442	0.00204	0.00546	0.00396	0.00428	0.00746
1	0.00847	0.00669	0.00758	0.00742	0.00923	0.00596	0.00549	0.01052	0.01558	0.02007	0.27070	0.05557	0.43103	0.06685	0.04726	0.00288	0.00420	0.01262	0.00620	0.00568
2	0.01454	0.01261	0.01549	0.01143	0.01688	0.01075	0.04028	0.05340	0.06070	0.02261	0.01284	0.01470	0.01047	0.00563	0.00598	0.00125	0.03946	0.00450	0.00415	0.64232
3	0.01820	0.62580	0.03123	0.08493	0.01971	0.02338	0.01181	0.02058	0.01387	0.08269	0.01098	0.01236	0.00922	0.00596	0.00468	0.00154	0.00708	0.00404	0.00333	0.00859
4	0.02072	0.33795	0.09542	0.01400	0.01972	0.07560	0.01315	0.30047	0.02100	0.02668	0.01220	0.01312	0.00956	0.00671	0.00551	0.00173	0.00774	0.00469	0.00439	0.00963
5	0.01863	0.02207	0.02595	0.16265	0.02992	0.31669	0.25407	0.02218	0.01612	0.01797	0.01149	0.01513	0.00907	0.00653	0.00741	0.00203	0.04500	0.00585	0.00326	0.00798
6	0.00792	0.00667	0.00687	0.00682	0.00898	0.00562	0.00512	0.00973	0.01535	0.01859	0.12822	0.06203	0.66287	0.01637	0.00778	0.00221	0.00331	0.01371	0.00622	0.00562
7	0.00825	0.00650	0.00744	0.00760	0.00928	0.00570	0.00555	0.01022	0.01554	0.01998	0.24241	0.19463	0.41042	0.01655	0.00790	0.00227	0.00336	0.01427	0.00643	0.00570
8	0.00815	0.00583	0.00775	0.00908	0.00958	0.00543	0.00612	0.00949	0.01320	0.01776	0.10457	0.69334	0.04539	0.01991	0.00834	0.00261	0.00375	0.01804	0.00622	0.00543
9	0.01030	0.00733	0.01014	0.01157	0.01290	0.00729	0.00982	0.01299	0.01461	0.01906	0.03427	0.14116	0.03773	0.05724	0.01029	0.00317	0.00586	0.58244	0.00596	0.00588
10	0.00802	0.00573	0.00764	0.00917	0.00955	0.00535	0.00611	0.00917	0.01260	0.01681	0.03628	0.76434	0.04354	0.02062	0.00840	0.00267	0.00382	0.01872	0.00611	0.00535
11	0.02954	0.01120	0.01528	0.01171	0.01681	0.00968	0.00968	0.03208	0.01884	0.73213	0.02597	0.02241	0.01630	0.00815	0.00662	0.00204	0.00560	0.00662	0.00815	0.01120
12	0.01675	0.63016	0.16951	0.01271	0.01913	0.02397	0.01378	0.01993	0.01348	0.01652	0.00967	0.01120	0.00843	0.00575	0.00462	0.00154	0.00756	0.00378	0.00281	0.00870
13	0.01528	0.33458	0.19260	0.01702	0.02347	0.01927	0.19558	0.01965	0.01456	0.01920	0.07776	0.01682	0.01385	0.00648	0.00595	0.00184	0.00835	0.00573	0.00336	0.00864
14	0.01333	0.00825	0.01087	0.01063	0.01306	0.00764	0.00873	0.01587	0.01507	0.13288	0.06812	0.08935	0.09634	0.05123	0.05668	0.00317	0.00611	0.30028	0.00599	0.08640
15	0.01839	0.01180	0.01423	0.01066	0.01609	0.00978	0.00859	0.02277	0.08481	0.22203	0.01722	0.01720	0.01262	0.00620	0.00555	0.00140	0.00511	0.00502	0.00537	0.50516
16	0.01269	0.00941	0.04599	0.00819	0.01036	0.04069	0.00667	0.05070	0.01510	0.02372	0.05659	0.10004	0.06633	0.00970	0.00558	0.00178	0.00413	0.00799	0.51781	0.00654
17	0.02266	0.17336	0.02180	0.01588	0.01951	0.56282	0.01254	0.02442	0.01715	0.01598	0.00989	0.01176	0.00848	0.00683	0.00650	0.00171	0.05350	0.00419	0.00325	0.00776
18	0.02402	0.06077	0.01659	0.01295	0.05680	0.01119	0.00998	0.06159	0.01829	0.46121	0.09041	0.02260	0.01895	0.00800	0.00638	0.00187	0.00558	0.00656	0.00688	0.09938
19	0.01341	0.01235	0.02021	0.66374	0.08885	0.01502	0.01808	0.05641	0.01430	0.01854	0.01198	0.01737	0.00902	0.00661	0.00658	0.00217	0.00863	0.00586	0.00316	0.00774
20	0.02459	0.03138	0.01866	0.01696	0.02035	0.74221	0.01272	0.02629	0.01866	0.01611	0.01018	0.01187	0.00848	0.00678	0.00594	0.00170	0.01187	0.00424	0.00339	0.00763
21	0.01453	0.01035	0.01167	0.00928	0.01323	0.00928	0.00735	0.11179	0.01687	0.04524	0.09666	0.02358	0.05536	0.00769	0.00556	0.00148	0.00447	0.00625	0.21529	0.33407
22	0.01054	0.01032	0.08183	0.03373	0.07971	0.00880	0.00977	0.01275	0.01171	0.01618	0.02110	0.11014	0.02236	0.28075	0.18934	0.00570	0.00926	0.07589	0.00409	0.00604
23	0.01421	0.01308	0.01954	0.23450	0.22736	0.01337	0.01484	0.01848	0.04561	0.02011	0.01242	0.01607	0.01007	0.00619	0.00680	0.00177	0.04637	0.00528	0.00351	0.27042
24	0.58958	0.06571	0.01309	0.01035	0.01447	0.13313	0.00845	0.02123	0.01299	0.06659	0.01029	0.01155	0.00796	0.00631	0.00453	0.00194	0.00635	0.00385	0.00411	0.00753
25	0.10942	0.01666	0.10309	0.06836	0.12164	0.01533	0.16723	0.05660	0.06121	0.08917	0.01526	0.05080	0.01218	0.00762	0.00796	0.00220	0.07538	0.00666	0.00424	0.00901
26	0.00901	0.00678	0.00845	0.00873	0.01034	0.00622	0.00678	0.01148	0.01622	0.02151	0.31869	0.13740	0.24136	0.01615	0.00812	0.00238	0.00387	0.15405	0.00655	0.00590
27	0.00938	0.00672	0.00913	0.00923	0.00991	0.00736	0.00652	0.01078	0.01034	0.01445	0.02000	0.08010	0.02099	0.31448	0.43181	0.00851	0.01256	0.00874	0.00387	0.00514
28	0.09549	0.09477	0.01634	0.01285	0.01581	0.23190	0.01003	0.05481	0.06053	0.01963	0.01643	0.15850	0.01625	0.01052	0.00824	0.04370	0.06249	0.00735	0.00427	0.06008
29	0.09249	0.01937	0.08837	0.05437	0.06652	0.10819	0.01369	0.29667	0.02087	0.02853	0.01631	0.01777	0.05678	0.00817	0.00781	0.00207	0.08212	0.00590	0.00478	0.00922
30	0.20453	0.01612	0.04969	0.21549	0.05122	0.09891	0.03385	0.05406	0.10024	0.09363	0.01445	0.01634	0.01067	0.00692	0.00596	0.00207	0.00753	0.00542	0.00441	0.00852
31	0.02044	0.04800	0.05111	0.06418	0.06883	0.24022	0.01298	0.15724	0.11014	0.07064	0.03077	0.02004	0.04966	0.00805	0.00642	0.00196	0.00825	0.01711	0.00492	0.00906
32	0.01563	0.05609	0.03659	0.16631	0.02703	0.11799	0.17174	0.01988	0.05922	0.01815	0.01322	0.05447	0.01148	0.00841	0.01043	0.00228	0.19305	0.00667	0.00347	0.00789
33	0.11122	0.05472	0.04632	0.05400	0.19406	0.06281	0.05299	0.02365	0.10205	0.13999	0.04791	0.01855	0.01408	0.00733	0.00693	0.00205	0.04131	0.00603	0.00471	0.00929

[dist]
# distance from previous block
# <min> <max>
0	18

[block]
# block no. 2 follows, 33 sequences, length 34
# corresponding to MSA columns:
# 256-289
name=unknown_C
#
# <colnr> <probs for GDERKNQSTAVLIFYWHMCP>
#	G	D	E	R	K	N	Q	S	T	A	V	L	I	F	Y	W	H	M	C	P
0	0.02074	0.20994	0.04153	0.01528	0.01968	0.32187	0.04916	0.11952	0.05982	0.02064	0.01335	0.05466	0.01155	0.00747	0.00589	0.00179	0.00909	0.00549	0.00403	0.00850
1	0.01233	0.20853	0.01585	0.01029	0.01260	0.05217	0.00809	0.05021	0.01429	0.01781	0.02879	0.43635	0.07854	0.01498	0.00703	0.00222	0.00526	0.01292	0.00512	0.00661
2	0.01144	0.06288	0.01171	0.00998	0.01176	0.00888	0.00780	0.01359	0.01227	0.07428	0.02440	0.14731	0.07035	0.03364	0.41845	0.00686	0.01185	0.00909	0.04706	0.00640
3	0.33532	0.16472	0.05137	0.01036	0.01448	0.01529	0.00931	0.05546	0.01353	0.06173	0.01362	0.01728	0.01134	0.01213	0.09506	0.00295	0.00726	0.03209	0.06901	0.00768
4	0.05934	0.12532	0.16677	0.02045	0.17879	0.07026	0.01591	0.16835	0.01842	0.09579	0.01359	0.01492	0.01018	0.00665	0.00601	0.00190	0.00791	0.00519	0.00435	0.00989
5	0.06000	0.38966	0.02614	0.01329	0.01783	0.12486	0.05976	0.06061	0.03299	0.01854	0.01175	0.01429	0.01019	0.01277	0.11852	0.00301	0.00952	0.00471	0.00344	0.00811
6	0.01331	0.00889	0.01079	0.00981	0.01227	0.00882	0.00751	0.01959	0.17278	0.11592	0.40450	0.07914	0.08528	0.01235	0.00742	0.00214	0.00394	0.01072	0.00711	0.00770
7	0.01429	0.14480	0.50368	0.01920	0.02776	0.01719	0.14257	0.02072	0.01411	0.02007	0.01167	0.01407	0.00865	0.00603	0.00621	0.00200	0.00956	0.00517	0.00288	0.00938
8	0.00901	0.00672	0.00837	0.00796	0.00965	0.00608	0.00597	0.01183	0.01791	0.02467	0.59247	0.05201	0.19482	0.01410	0.00777	0.00210	0.00315	0.01230	0.00702	0.00608
9	0.01760	0.77260	0.03450	0.01126	0.01690	0.02605	0.01126	0.01971	0.01338	0.01549	0.00915	0.01056	0.00845	0.00563	0.00422	0.00141	0.00704	0.00352	0.00282	0.00845
10	0.00940	0.00705	0.01058	0.01058	0.01176	0.00823	0.00823	0.01176	0.01058	0.01528	0.01763	0.02586	0.01646	0.04937	0.74255	0.01058	0.01763	0.00705	0.00353	0.00588
11	0.01665	0.01345	0.01930	0.48090	0.07312	0.04116	0.01613	0.09729	0.05479	0.10151	0.01459	0.01802	0.01060	0.00701	0.00657	0.00212	0.00811	0.00598	0.00417	0.00854
12	0.71552	0.01508	0.01081	0.00970	0.01369	0.10644	0.00783	0.02023	0.01214	0.02785	0.00929	0.01084	0.00730	0.00620	0.00431	0.00199	0.00595	0.00365	0.00399	0.00719
13	0.01726	0.21312	0.20776	0.06346	0.02134	0.05652	0.01442	0.06078	0.05443	0.10966	0.07259	0.04986	0.01607	0.00782	0.00604	0.00192	0.00740	0.00614	0.00444	0.00896
14	0.01480	0.30220	0.48037	0.01604	0.02428	0.01920	0.01958	0.02044	0.01371	0.01890	0.01085	0.01269	0.00838	0.00603	0.00552	0.00184	0.00875	0.00438	0.00279	0.00926
15	0.00954	0.00697	0.00899	0.00845	0.01007	0.00654	0.00635	0.01314	0.04089	0.02644	0.70184	0.04839	0.06078	0.01331	0.00773	0.00208	0.00317	0.01176	0.00723	0.00635
16	0.01819	0.01537	0.01578	0.01385	0.01771	0.05126	0.01100	0.17899	0.47637	0.02940	0.02426	0.02607	0.01904	0.00935	0.00683	0.00222	0.00604	0.06170	0.00646	0.01010
17	0.01107	0.00773	0.00989	0.00869	0.01110	0.00679	0.00664	0.01412	0.01788	0.06346	0.57708	0.04228	0.05160	0.01185	0.00726	0.00190	0.00351	0.01039	0.00678	0.12998
18	0.01991	0.14711	0.30725	0.01575	0.02291	0.01519	0.07199	0.02466	0.01570	0.27200	0.01651	0.01667	0.01131	0.00677	0.00617	0.00197	0.00793	0.00550	0.00473	0.00997
19	0.02335	0.02476	0.01743	0.01542	0.01902	0.47644	0.01177	0.11495	0.06671	0.08764	0.01542	0.06906	0.01291	0.00821	0.00632	0.00187	0.00964	0.00595	0.00468	0.00845
20	0.00933	0.00635	0.00749	0.00761	0.00790	0.00622	0.00461	0.00996	0.01136	0.01539	0.13098	0.13778	0.03236	0.55521	0.02628	0.00524	0.00555	0.01112	0.00477	0.00451
21	0.00892	0.00710	0.00928	0.11486	0.01441	0.00697	0.00743	0.01100	0.01441	0.01874	0.17413	0.26826	0.24597	0.05723	0.00921	0.00256	0.00439	0.01360	0.00576	0.00579
22	0.01512	0.07609	0.02211	0.37127	0.11752	0.06914	0.06221	0.02171	0.14066	0.01945	0.01430	0.01770	0.01105	0.00679	0.00644	0.00207	0.00826	0.00596	0.00370	0.00847
23	0.00898	0.00647	0.00850	0.00851	0.00976	0.00599	0.00619	0.01159	0.01708	0.02393	0.54723	0.23307	0.05734	0.01530	0.00793	0.00223	0.00329	0.01366	0.00695	0.00599
24	0.00802	0.00573	0.00764	0.00917	0.00955	0.00535	0.00611	0.00917	0.01260	0.01681	0.03628	0.76434	0.04354	0.02062	0.00840	0.00267	0.00382	0.01872	0.00611	0.00535
25	0.01401	0.01154	0.01324	0.06396	0.01683	0.01293	0.00969	0.07048	0.38701	0.02493	0.08386	0.21154	0.02800	0.01201	0.00720	0.00231	0.00508	0.01043	0.00632	0.00864
26	0.81514	0.01273	0.00968	0.00866	0.01273	0.01477	0.00713	0.01935	0.01120	0.02954	0.00917	0.01069	0.00713	0.00611	0.00407	0.00204	0.00509	0.00356	0.00407	0.00713
27	0.01292	0.01240	0.02158	0.65156	0.09278	0.01484	0.06655	0.01736	0.01346	0.01745	0.01186	0.01748	0.00898	0.00646	0.00666	0.00218	0.00887	0.00599	0.00298	0.00764
28	0.01396	0.01369	0.02057	0.01695	0.01858	0.01710	0.10246	0.01705	0.04660	0.01802	0.04936	0.01799	0.01290	0.01301	0.06968	0.00315	0.47533	0.00640	0.00348	0.06373
29	0.10811	0.08482	0.17612	0.01437	0.01978	0.01602	0.04540	0.16921	0.03522	0.03937	0.01486	0.08200	0.01272	0.00814	0.00711	0.00200	0.05968	0.00628	0.00442	0.09438
30	0.07344	0.01591	0.13121	0.02639	0.05767	0.01154	0.01185	0.05985	0.01538	0.13235	0.01401	0.01517	0.01045	0.00595	0.00553	0.00153	0.00615	0.00471	0.00449	0.39643
31	0.34123	0.01446	0.01378	0.01169	0.01586	0.04106	0.00944	0.17334	0.15530	0.09462	0.01613	0.01649	0.01197	0.00965	0.04611	0.00252	0.00656	0.00534	0.00546	0.00899
32	0.01691	0.05742	0.10453	0.01581	0.06866	0.01667	0.01287	0.11689	0.41695	0.02661	0.02077	0.02056	0.01575	0.00882	0.00750	0.04497	0.00633	0.00652	0.00555	0.00993
33	0.10305	0.01180	0.01315	0.00991	0.01514	0.00989	0.00789	0.05725	0.01433	0.02321	0.01339	0.06616	0.01192	0.00630	0.00514	0.00127	0.00497	0.00502	0.00423	0.61597

[dist]
# distance from previous block
# <min> <max>
0	8

[block]
# block no. 3 follows, 33 sequences, length 44
# corresponding to MSA columns:
# 298-341
name=unknown_D
#
# <colnr> <probs for GDERKNQSTAVLIFYWHMCP>
#	G	D	E	R	K	N	Q	S	T	A	V	L	I	F	Y	W	H	M	C	P
0	0.01455	0.01361	0.02208	0.25761	0.39093	0.01448	0.01755	0.01939	0.06062	0.02022	0.01419	0.05171	0.01204	0.00692	0.00654	0.00202	0.00758	0.00644	0.00355	0.05796
1	0.01304	0.01148	0.01756	0.31040	0.16581	0.01295	0.01426	0.04273	0.05555	0.01987	0.09166	0.07305	0.01945	0.08817	0.01013	0.00262	0.03164	0.00784	0.00413	0.00765
2	0.00906	0.00703	0.00935	0.01005	0.01076	0.00712	0.00709	0.01036	0.01241	0.01701	0.03177	0.63619	0.03765	0.01863	0.00955	0.00258	0.08263	0.01638	0.00563	0.05875
3	0.06092	0.32625	0.05618	0.09093	0.02149	0.09578	0.05505	0.02022	0.01388	0.05933	0.01166	0.01531	0.00996	0.00724	0.00756	0.00192	0.10782	0.02691	0.00341	0.00817
4	0.01790	0.01428	0.01523	0.01302	0.01689	0.01591	0.01029	0.26179	0.35979	0.03062	0.02781	0.07458	0.09230	0.01016	0.00689	0.00217	0.00562	0.00834	0.00656	0.00984
5	0.06205	0.54210	0.02881	0.01225	0.01726	0.14339	0.01121	0.02212	0.07543	0.01741	0.01086	0.01201	0.00940	0.00614	0.00472	0.00156	0.00758	0.00398	0.00332	0.00841
6	0.01619	0.02826	0.49997	0.01896	0.05878	0.05396	0.06244	0.02237	0.01492	0.11048	0.01363	0.01520	0.00961	0.00640	0.00633	0.00201	0.00912	0.00524	0.00359	0.04253
7	0.04080	0.05411	0.05270	0.01827	0.08422	0.38499	0.01367	0.02445	0.08285	0.04516	0.01233	0.01429	0.01004	0.00761	0.00844	0.00198	0.12697	0.00501	0.00376	0.00834
8	0.02355	0.01771	0.01892	0.01485	0.01985	0.01973	0.01216	0.59107	0.14791	0.03911	0.01768	0.01730	0.01272	0.00808	0.00660	0.00202	0.00690	0.00619	0.00660	0.01106
9	0.02331	0.02927	0.01881	0.05702	0.02152	0.65854	0.01313	0.02514	0.01783	0.01613	0.01017	0.01234	0.00851	0.00706	0.00693	0.00180	0.05716	0.00442	0.00334	0.00759
10	0.00874	0.00657	0.00809	0.00800	0.00955	0.00592	0.00589	0.01120	0.01686	0.02285	0.45926	0.15408	0.22828	0.01529	0.00786	0.00219	0.00327	0.01338	0.00680	0.00592
11	0.00896	0.00615	0.00743	0.00800	0.00822	0.00597	0.00491	0.00955	0.01116	0.01496	0.05931	0.32181	0.03327	0.44489	0.02262	0.00475	0.00524	0.01321	0.00496	0.00462
12	0.00822	0.00646	0.00743	0.00767	0.00928	0.00567	0.00557	0.01012	0.01533	0.01969	0.22284	0.22708	0.39759	0.01682	0.00793	0.00229	0.00339	0.01455	0.00639	0.00567
13	0.00945	0.00687	0.00964	0.00964	0.01050	0.00772	0.00706	0.01115	0.01030	0.01459	0.01849	0.03061	0.01852	0.24748	0.54726	0.00942	0.01453	0.00775	0.00365	0.00536
14	0.00958	0.00683	0.00914	0.01037	0.01151	0.00660	0.00828	0.01155	0.01391	0.01804	0.03699	0.26479	0.10962	0.04673	0.01043	0.04008	0.00514	0.36898	0.00586	0.00558
15	0.01830	0.01587	0.01592	0.01390	0.01786	0.05970	0.01090	0.14620	0.56064	0.02919	0.02399	0.02236	0.01793	0.00863	0.00664	0.00216	0.00594	0.00700	0.00649	0.01039
16	0.81514	0.01273	0.00968	0.00866	0.01273	0.01477	0.00713	0.01935	0.01120	0.02954	0.00917	0.01069	0.00713	0.00611	0.00407	0.00204	0.00509	0.00356	0.00407	0.00713
17	0.01440	0.01440	0.02016	0.01728	0.01728	0.02016	0.01440	0.01584	0.01008	0.01584	0.00864	0.01440	0.00864	0.01152	0.02160	0.00288	0.75659	0.00576	0.00288	0.00720
18	0.81514	0.01273	0.00968	0.00866	0.01273	0.01477	0.00713	0.01935	0.01120	0.02954	0.00917	0.01069	0.00713	0.00611	0.00407	0.00204	0.00509	0.00356	0.00407	0.00713
19	0.81514	0.01273	0.00968	0.00866	0.01273	0.01477	0.00713	0.01935	0.01120	0.02954	0.00917	0.01069	0.00713	0.00611	0.00407	0.00204	0.00509	0.00356	0.00407	0.00713
20	0.01849	0.67925	0.03256	0.01190	0.01733	0.08615	0.01144	0.04837	0.01454	0.01661	0.00951	0.01089	0.00856	0.00582	0.00447	0.00146	0.00746	0.00368	0.00302	0.00849
21	0.30914	0.02230	0.19537	0.01613	0.02198	0.13974	0.13179	0.05282	0.01479	0.02421	0.01101	0.01313	0.00834	0.00625	0.00568	0.00202	0.00852	0.00483	0.00363	0.00834
22	0.00957	0.00638	0.00718	0.00718	0.00718	0.00638	0.00399	0.00957	0.00957	0.01276	0.02074	0.04308	0.02393	0.76864	0.03351	0.00638	0.00638	0.00957	0.00399	0.00399
23	0.00850	0.00593	0.00750	0.00855	0.00881	0.00567	0.00545	0.00929	0.01166	0.01555	0.03146	0.54024	0.03745	0.25304	0.01620	0.00383	0.00462	0.01587	0.00545	0.00493
24	0.01629	0.01564	0.02672	0.04041	0.72757	0.01564	0.02020	0.02020	0.01499	0.02151	0.01238	0.01629	0.01043	0.00587	0.00652	0.00196	0.00782	0.00587	0.00326	0.01043
25	0.00957	0.00638	0.00718	0.00718	0.00718	0.00638	0.00399	0.00957	0.00957	0.01276	0.02074	0.04308	0.02393	0.76864	0.03351	0.00638	0.00638	0.00957	0.00399	0.00399
26	0.01499	0.01648	0.03325	0.10157	0.03225	0.01711	0.49911	0.01963	0.01424	0.01963	0.01225	0.01709	0.00960	0.00681	0.01031	0.00234	0.15455	0.00718	0.00320	0.00839
27	0.01798	0.73227	0.03364	0.01157	0.01708	0.06502	0.01134	0.02007	0.01366	0.01552	0.00921	0.01063	0.00845	0.00569	0.00432	0.00142	0.00730	0.00356	0.00285	0.00840
28	0.06902	0.01028	0.01225	0.01065	0.01327	0.01071	0.00833	0.12191	0.03515	0.14496	0.19535	0.03456	0.05157	0.12907	0.04134	0.00316	0.04661	0.04807	0.00608	0.00765
29	0.01426	0.09099	0.58904	0.01763	0.02627	0.04362	0.02163	0.02220	0.07529	0.02083	0.01285	0.01449	0.00938	0.00646	0.00612	0.00203	0.00920	0.00496	0.00315	0.00961
30	0.01366	0.11131	0.66130	0.01798	0.02728	0.01641	0.02296	0.02073	0.01384	0.02029	0.01154	0.01355	0.00835	0.00619	0.00604	0.00201	0.00945	0.00472	0.00278	0.00960
31	0.00854	0.00634	0.00777	0.00839	0.00948	0.00582	0.00595	0.01019	0.01417	0.01859	0.16843	0.33638	0.21265	0.09641	0.01081	0.00286	0.00399	0.06168	0.00609	0.00547
32	0.02301	0.01816	0.01816	0.01475	0.01935	0.09404	0.01199	0.46627	0.12389	0.06482	0.01845	0.02077	0.01414	0.00862	0.00670	0.00205	0.00730	0.05084	0.00630	0.01037
33	0.02475	0.01697	0.01862	0.01448	0.01956	0.01848	0.01190	0.54087	0.10088	0.13703	0.01838	0.01765	0.01284	0.00804	0.00660	0.00201	0.00680	0.00618	0.00682	0.01112
34	0.01476	0.01811	0.12026	0.04117	0.12679	0.01676	0.29823	0.01917	0.01380	0.01963	0.01277	0.01881	0.01076	0.00780	0.01092	0.00237	0.19834	0.03770	0.00325	0.00862
35	0.01703	0.56616	0.15572	0.01374	0.02013	0.02337	0.05585	0.04917	0.01435	0.01787	0.01015	0.01180	0.00864	0.00583	0.00489	0.00160	0.00776	0.00412	0.00300	0.00881
36	0.00803	0.00608	0.00742	0.00835	0.00937	0.00547	0.00578	0.00947	0.01373	0.01774	0.09102	0.50501	0.25081	0.01896	0.00817	0.00250	0.00363	0.01681	0.00619	0.00547
37	0.10251	0.01224	0.01612	0.09056	0.05246	0.01190	0.01106	0.08750	0.01839	0.49653	0.02135	0.01991	0.01391	0.00766	0.00636	0.00204	0.00613	0.00615	0.00685	0.01037
38	0.16695	0.24302	0.02087	0.05732	0.01768	0.01751	0.03802	0.08578	0.01457	0.05176	0.01543	0.14112	0.01488	0.00922	0.00718	0.00205	0.07749	0.00701	0.00425	0.00789
39	0.01976	0.01152	0.01378	0.01139	0.01514	0.01155	0.00910	0.15302	0.12900	0.25415	0.22912	0.03117	0.06190	0.01016	0.00701	0.00207	0.00502	0.00849	0.00727	0.00937
40	0.00854	0.00629	0.00743	0.00787	0.00881	0.00579	0.00529	0.00981	0.01333	0.01741	0.13907	0.29045	0.22213	0.21051	0.01459	0.00342	0.00425	0.01411	0.00573	0.00518
41	0.01802	0.02024	0.19645	0.09495	0.02957	0.01575	0.27216	0.12716	0.01772	0.12025	0.01490	0.01715	0.01051	0.00654	0.00695	0.00212	0.00920	0.00644	0.00431	0.00959
42	0.06329	0.12409	0.43150	0.01935	0.02747	0.01697	0.18609	0.02067	0.01406	0.02075	0.01167	0.01421	0.00868	0.00599	0.00623	0.00203	0.00943	0.00532	0.00300	0.00920
43	0.01034	0.00738	0.01030	0.01181	0.01321	0.00734	0.01014	0.01317	0.01489	0.01940	0.03501	0.14644	0.03848	0.01844	0.00902	0.00299	0.00583	0.61375	0.00607	0.00599

[dist]
# distance from previous block
# <min> <max>
0	4

[block]
# block no. 4 follows, 33 sequences, length 20
# corresponding to MSA columns:
# 348-367
name=unknown_E
#
# <colnr> <probs for GDERKNQSTAVLIFYWHMCP>
#	G	D	E	R	K	N	Q	S	T	A	V	L	I	F	Y	W	H	M	C	P
0	0.01285	0.01231	0.02135	0.66668	0.08330	0.01481	0.06167	0.01728	0.01342	0.01736	0.01184	0.01749	0.00895	0.00648	0.00665	0.00218	0.00887	0.00597	0.00297	0.00759
1	0.00944	0.00689	0.00977	0.00977	0.01067	0.00779	0.00722	0.01124	0.01034	0.01468	0.01837	0.02996	0.01824	0.22044	0.57392	0.00958	0.01496	0.00765	0.00364	0.00543
2	0.06995	0.02276	0.02214	0.06512	0.14500	0.35149	0.09667	0.05225	0.01670	0.01960	0.01108	0.01398	0.00906	0.00686	0.00748	0.00196	0.07090	0.00519	0.00347	0.00833
3	0.01540	0.07228	0.38261	0.12993	0.13519	0.01660	0.02042	0.11074	0.01618	0.02275	0.01224	0.01485	0.00911	0.00642	0.00626	0.00202	0.00880	0.00522	0.00338	0.00959
4	0.00850	0.00638	0.00753	0.00801	0.00943	0.00573	0.00582	0.01040	0.01483	0.01950	0.17581	0.29157	0.30897	0.01699	0.00788	0.00234	0.00356	0.04377	0.04732	0.00566
5	0.00919	0.00656	0.00781	0.00840	0.00891	0.00647	0.00536	0.01088	0.05284	0.01569	0.03036	0.36334	0.06838	0.35306	0.01946	0.00428	0.00502	0.01373	0.00520	0.00505
6	0.00913	0.00644	0.00772	0.00800	0.00853	0.00636	0.00518	0.00994	0.01118	0.01480	0.04500	0.15716	0.10857	0.44331	0.10320	0.00557	0.00678	0.03377	0.00466	0.00471
7	0.01065	0.00728	0.00953	0.00997	0.01173	0.00685	0.00815	0.01333	0.01612	0.05958	0.22728	0.10641	0.15690	0.01626	0.00834	0.00256	0.00464	0.31165	0.00651	0.00625
8	0.01350	0.00809	0.01035	0.00929	0.01169	0.00756	0.00720	0.01749	0.06663	0.15650	0.48770	0.04408	0.08910	0.01249	0.00752	0.00211	0.00381	0.03024	0.00727	0.00738
9	0.01760	0.77260	0.03450	0.01126	0.01690	0.02605	0.01126	0.01971	0.01338	0.01549	0.00915	0.01056	0.00845	0.00563	0.00422	0.00141	0.00704	0.00352	0.00282	0.00845
10	0.01637	0.01414	0.01489	0.01340	0.01712	0.01637	0.01042	0.03498	0.71568	0.02754	0.02679	0.02456	0.02010	0.00893	0.00670	0.00223	0.00521	0.00744	0.00670	0.01042
11	0.01227	0.00614	0.00614	0.00614	0.00767	0.00614	0.00460	0.01534	0.01381	0.02454	0.02148	0.02454	0.01687	0.00767	0.00460	0.00153	0.00307	0.00614	0.80518	0.00614
12	0.01554	0.01776	0.03885	0.02775	0.03441	0.01665	0.70366	0.02109	0.01554	0.02109	0.01332	0.01776	0.00999	0.00555	0.00777	0.00222	0.01110	0.00777	0.00333	0.00888
13	0.07890	0.01130	0.01493	0.01152	0.01655	0.01000	0.00952	0.03128	0.01836	0.68799	0.02492	0.02167	0.01572	0.00802	0.00646	0.00204	0.00557	0.00643	0.00789	0.01095
14	0.47013	0.01065	0.00993	0.00904	0.01210	0.01171	0.00708	0.01806	0.01196	0.10424	0.01547	0.02333	0.01397	0.16042	0.05234	0.00344	0.00618	0.04850	0.00461	0.00683
15	0.02064	0.01626	0.01728	0.01426	0.01874	0.01836	0.01145	0.36527	0.37846	0.03441	0.02138	0.02025	0.01571	0.00842	0.00664	0.00211	0.00621	0.00670	0.00664	0.01080
16	0.00883	0.00647	0.00840	0.00972	0.01043	0.00631	0.00680	0.01135	0.06152	0.01780	0.03550	0.65275	0.04142	0.01960	0.00835	0.00267	0.00411	0.07606	0.00615	0.00576
17	0.09666	0.01105	0.01296	0.01067	0.01401	0.01109	0.00822	0.14629	0.01719	0.29146	0.02055	0.02627	0.01672	0.23086	0.05401	0.00375	0.00673	0.00708	0.00602	0.00843
18	0.01875	0.13513	0.06794	0.06708	0.18756	0.22019	0.01485	0.07451	0.04527	0.02049	0.01247	0.01544	0.01032	0.00663	0.00595	0.00179	0.00863	0.01898	0.00368	0.06437
19	0.01810	0.01587	0.06626	0.10995	0.03803	0.06491	0.12394	0.07110	0.03605	0.15348	0.01550	0.01831	0.01171	0.01224	0.08999	0.00311	0.11634	0.00626	0.00445	0.02440

[dist]
# distance from previous block
# <min> <max>
2	15

[block]
# block no. 5 follows, 33 sequences, length 46
# corresponding to MSA columns:
# 383-406,422-428,433-447
name=unknown_F
#
# <colnr> <probs for GDERKNQSTAVLIFYWHMCP>
#	G	D	E	R	K	N	Q	S	T	A	V	L	I	F	Y	W	H	M	C	P
0	0.02047	0.01475	0.01568	0.01302	0.01708	0.04910	0.01038	0.28813	0.19062	0.13008	0.07690	0.06976	0.05484	0.00977	0.00685	0.00210	0.00602	0.00794	0.00668	0.00983
1	0.01461	0.01246	0.01531	0.05798	0.06198	0.01045	0.00958	0.06948	0.01503	0.02270	0.01206	0.01422	0.00984	0.00527	0.00521	0.00119	0.00548	0.00430	0.00401	0.64885
2	0.21160	0.07009	0.01892	0.01727	0.08925	0.39420	0.03077	0.02293	0.01565	0.01994	0.01010	0.01224	0.00840	0.00667	0.00630	0.00186	0.04810	0.00437	0.00348	0.00785
3	0.00902	0.00664	0.00843	0.00815	0.00969	0.00606	0.00605	0.01178	0.01769	0.02452	0.58453	0.10827	0.14581	0.01445	0.00782	0.00214	0.00319	0.01271	0.00701	0.00606
4	0.00986	0.00698	0.00892	0.00891	0.01021	0.00682	0.00648	0.01266	0.04465	0.03783	0.30965	0.18082	0.08583	0.11790	0.09275	0.00375	0.00556	0.03838	0.00607	0.00597
5	0.01812	0.01157	0.01312	0.01139	0.01476	0.01222	0.00895	0.10282	0.26856	0.17141	0.05364	0.02966	0.05069	0.07031	0.00879	0.00245	0.00525	0.04078	0.09641	0.00909
6	0.00950	0.00699	0.00793	0.00774	0.00989	0.00608	0.00596	0.01166	0.01609	0.05721	0.21958	0.05866	0.47675	0.01557	0.00782	0.00224	0.00361	0.06420	0.00649	0.00605
7	0.68107	0.01247	0.01063	0.00918	0.01343	0.01390	0.00756	0.02152	0.01251	0.14945	0.01203	0.01269	0.00869	0.00646	0.00451	0.00204	0.00518	0.00409	0.00477	0.00782
8	0.02503	0.01844	0.01976	0.01515	0.02042	0.02042	0.01251	0.70562	0.03095	0.04149	0.01581	0.01581	0.01120	0.00790	0.00659	0.00198	0.00724	0.00593	0.00659	0.01120
9	0.02634	0.01633	0.01845	0.01414	0.01936	0.01728	0.01168	0.50878	0.02741	0.24332	0.01878	0.01773	0.01269	0.00797	0.00660	0.00199	0.00676	0.00613	0.00704	0.01120
10	0.06302	0.01228	0.01720	0.05457	0.14990	0.01283	0.06407	0.15550	0.05393	0.02492	0.06526	0.25125	0.02428	0.01153	0.00716	0.00224	0.00616	0.01034	0.00528	0.00827
11	0.01431	0.01303	0.01929	0.13443	0.22342	0.01390	0.05547	0.02241	0.22768	0.02189	0.02030	0.13176	0.01805	0.00907	0.00687	0.00215	0.00663	0.00830	0.00472	0.04633
12	0.62229	0.08761	0.01336	0.01014	0.01426	0.12364	0.00835	0.02041	0.01251	0.02621	0.00931	0.01086	0.00745	0.00617	0.00436	0.00193	0.00628	0.00366	0.00385	0.00733
13	0.01357	0.03147	0.62441	0.02019	0.02943	0.01550	0.13186	0.02089	0.01416	0.02089	0.01205	0.01451	0.00860	0.00614	0.00649	0.00211	0.00995	0.00532	0.00287	0.00959
14	0.02465	0.02966	0.01880	0.01672	0.02036	0.64645	0.01269	0.11642	0.02029	0.01948	0.01092	0.01239	0.00884	0.00693	0.00602	0.00173	0.01126	0.00446	0.00382	0.00810
15	0.02560	0.01751	0.01918	0.01471	0.01995	0.01904	0.01215	0.61926	0.02940	0.13004	0.01711	0.01665	0.01185	0.00793	0.00659	0.00198	0.00703	0.00602	0.00679	0.01120
16	0.00941	0.00701	0.01037	0.01037	0.01148	0.00812	0.00797	0.01162	0.01052	0.01513	0.01782	0.02690	0.01691	0.09278	0.69976	0.01033	0.01695	0.00721	0.00355	0.00576
17	0.02930	0.01158	0.01551	0.01189	0.01699	0.01024	0.00982	0.06717	0.01947	0.69615	0.02544	0.02206	0.01603	0.00814	0.00662	0.00203	0.00569	0.00658	0.00807	0.01120
18	0.01550	0.01395	0.01875	0.06162	0.01883	0.01823	0.01346	0.13902	0.01408	0.02043	0.01135	0.01642	0.01018	0.01575	0.11678	0.00373	0.47457	0.00597	0.00364	0.00774
19	0.06478	0.01399	0.01987	0.05348	0.01929	0.01793	0.05500	0.01732	0.01136	0.05459	0.01024	0.01489	0.00912	0.00990	0.01687	0.00256	0.53104	0.00565	0.00333	0.06878
20	0.06102	0.01482	0.01548	0.01284	0.01685	0.05875	0.01027	0.26385	0.17373	0.12166	0.13640	0.02386	0.02200	0.01004	0.02650	0.00227	0.00635	0.00715	0.00652	0.00964
21	0.01795	0.73718	0.03381	0.01145	0.01706	0.02578	0.01132	0.05192	0.01420	0.01671	0.00946	0.01081	0.00858	0.00574	0.00434	0.00143	0.00705	0.00363	0.00299	0.00858
22	0.13389	0.01271	0.05819	0.04107	0.01646	0.01199	0.01001	0.09704	0.08666	0.19500	0.02081	0.04177	0.01751	0.12934	0.02543	0.00300	0.00641	0.06580	0.00566	0.02126
23	0.01502	0.18335	0.25663	0.01588	0.04833	0.01726	0.03217	0.06335	0.11192	0.02156	0.05691	0.01807	0.01420	0.01072	0.06580	0.00267	0.04747	0.00575	0.00393	0.00899
24	0.00878	0.00674	0.00811	0.00875	0.01000	0.00636	0.00618	0.01165	0.06775	0.01917	0.13657	0.43711	0.21291	0.01778	0.00803	0.00245	0.00371	0.01573	0.00631	0.00590
25	0.81514	0.01273	0.00968	0.00866	0.01273	0.01477	0.00713	0.01935	0.01120	0.02954	0.00917	0.01069	0.00713	0.00611	0.00407	0.00204	0.00509	0.00356	0.00407	0.00713
26	0.00956	0.00763	0.01064	0.01048	0.01173	0.00765	0.04244	0.01241	0.05094	0.02010	0.21572	0.41659	0.07863	0.01659	0.00890	0.00246	0.05056	0.01472	0.00610	0.00615
27	0.02659	0.01467	0.01732	0.01325	0.01846	0.01473	0.01093	0.35135	0.02434	0.36824	0.02042	0.01883	0.01354	0.00787	0.00652	0.00195	0.00635	0.00615	0.00719	0.05129
28	0.00917	0.00671	0.00866	0.00888	0.01009	0.00639	0.00638	0.01229	0.05133	0.02274	0.42241	0.32518	0.05280	0.01601	0.00796	0.00231	0.00349	0.01432	0.00678	0.00609
29	0.01171	0.00777	0.00919	0.00894	0.01137	0.00705	0.00716	0.01465	0.04567	0.11114	0.12497	0.05723	0.38511	0.01522	0.00786	0.00236	0.00426	0.15515	0.00651	0.00667
30	0.01703	0.67610	0.12596	0.01224	0.01841	0.02464	0.01297	0.01986	0.01344	0.01619	0.00950	0.01100	0.00843	0.00571	0.00449	0.00150	0.00739	0.00370	0.00281	0.00862
31	0.01243	0.01170	0.01975	0.75282	0.04534	0.01463	0.01828	0.01682	0.01316	0.01682	0.01170	0.01755	0.00878	0.00658	0.00658	0.00219	0.00878	0.00585	0.00293	0.00731
32	0.00952	0.00660	0.00828	0.00828	0.00866	0.00698	0.00536	0.01028	0.00990	0.01358	0.01974	0.03751	0.02151	0.53589	0.26295	0.00774	0.01002	0.00876	0.00384	0.00460
33	0.01682	0.01412	0.01500	0.01326	0.01700	0.01616	0.01037	0.10155	0.60323	0.02888	0.06877	0.02520	0.02179	0.00911	0.00675	0.00220	0.00529	0.00757	0.00672	0.01024
34	0.01337	0.05897	0.10732	0.07292	0.05410	0.01255	0.01202	0.05919	0.04851	0.04881	0.01639	0.02322	0.01453	0.12180	0.27226	0.00566	0.04039	0.00661	0.00391	0.00746
35	0.02439	0.01461	0.02012	0.01542	0.02042	0.05802	0.13335	0.15072	0.01982	0.38156	0.02027	0.01999	0.01378	0.01070	0.06285	0.00269	0.00818	0.00658	0.00636	0.01016
36	0.01538	0.01121	0.01258	0.01147	0.01427	0.01206	0.00890	0.09947	0.27788	0.07799	0.02893	0.03811	0.08169	0.16049	0.01243	0.00313	0.00567	0.11400	0.00611	0.00821
37	0.00896	0.00661	0.00869	0.01026	0.04625	0.00617	0.00682	0.01079	0.01405	0.01905	0.12894	0.45645	0.13658	0.01748	0.00794	0.00244	0.00393	0.04839	0.05434	0.00583
38	0.01598	0.36071	0.14576	0.07462	0.09375	0.02041	0.11762	0.02087	0.05732	0.01863	0.01181	0.01414	0.00960	0.00602	0.00564	0.00180	0.00818	0.00502	0.00318	0.00895
39	0.00963	0.00663	0.00880	0.00878	0.00935	0.00710	0.00602	0.01056	0.01037	0.01440	0.05328	0.03435	0.02170	0.37091	0.33095	0.06924	0.01092	0.00833	0.00387	0.00481
40	0.00884	0.00628	0.00809	0.00915	0.00981	0.00600	0.00646	0.01023	0.01290	0.01708	0.06966	0.43104	0.07319	0.16353	0.01329	0.00340	0.00465	0.13537	0.00575	0.00527
41	0.06602	0.13399	0.03219	0.02409	0.11959	0.01836	0.36885	0.07265	0.01571	0.02204	0.01220	0.01566	0.00964	0.00618	0.00757	0.00207	0.05436	0.00634	0.00351	0.00898
42	0.08375	0.05247	0.02015	0.23465	0.06955	0.01554	0.06598	0.15625	0.05087	0.12431	0.05085	0.01883	0.01356	0.00731	0.00641	0.00206	0.00731	0.00619	0.00491	0.00906
43	0.01484	0.01121	0.01488	0.07598	0.01816	0.03935	0.05570	0.05056	0.06904	0.10109	0.06036	0.11818	0.02536	0.05895	0.00993	0.00264	0.04794	0.17257	0.00547	0.04778
44	0.16826	0.06726	0.01935	0.01902	0.18786	0.01371	0.07970	0.02028	0.05070	0.10100	0.05399	0.02132	0.05819	0.01078	0.06505	0.00265	0.00733	0.00643	0.00454	0.04260
45	0.03118	0.17493	0.07426	0.01418	0.05231	0.01629	0.03849	0.14996	0.11217	0.06186	0.14695	0.04149	0.04103	0.00878	0.00637	0.00195	0.00623	0.00722	0.00536	0.00900

[dist]
# distance from previous block
# <min> <max>
4	29

[block]
# block no. 6 follows, 33 sequences, length 6
# corresponding to MSA columns:
# 478-483
name=unknown_G
#
# <colnr> <probs for GDERKNQSTAVLIFYWHMCP>
#	G	D	E	R	K	N	Q	S	T	A	V	L	I	F	Y	W	H	M	C	P
0	0.23146	0.12533	0.02101	0.09607	0.07648	0.08672	0.09275	0.05779	0.03257	0.07640	0.01324	0.03946	0.01067	0.00688	0.00571	0.00197	0.00746	0.00550	0.00413	0.00840
1	0.05309	0.19476	0.02020	0.01249	0.01632	0.03690	0.05583	0.02149	0.01523	0.23239	0.08600	0.02483	0.01893	0.07220	0.00977	0.00238	0.07094	0.04263	0.00523	0.00840
2	0.00845	0.00618	0.00771	0.00876	0.00955	0.00575	0.00610	0.00974	0.01291	0.01675	0.03959	0.47147	0.16332	0.11765	0.01165	0.00312	0.00430	0.08589	0.00583	0.00528
3	0.01135	0.00966	0.07050	0.08143	0.01467	0.00810	0.00870	0.01374	0.01401	0.06585	0.21375	0.09861	0.03365	0.26119	0.01606	0.00362	0.00572	0.05801	0.00527	0.00613
4	0.15966	0.11671	0.14478	0.08706	0.02137	0.08914	0.03291	0.05734	0.01434	0.05053	0.01296	0.05637	0.01118	0.03012	0.00823	0.00220	0.08753	0.00571	0.00377	0.00808
5	0.01644	0.01303	0.01578	0.01280	0.01654	0.01362	0.05427	0.22703	0.14492	0.02676	0.04794	0.02412	0.01729	0.13874	0.08145	0.00345	0.00746	0.00699	0.00530	0.12606

[dist]
# distance from previous block
# <min> <max>
3	27

[block]
# block no. 7 follows, 33 sequences, length 13
# corresponding to MSA columns:
# 523-535
name=unknown_H
#
# <colnr> <probs for GDERKNQSTAVLIFYWHMCP>
#	G	D	E	R	K	N	Q	S	T	A	V	L	I	F	Y	W	H	M	C	P
0	0.01640	0.01281	0.02152	0.21189	0.14912	0.01341	0.12595	0.05179	0.01572	0.13483	0.05994	0.07518	0.01661	0.00946	0.02863	0.00241	0.03345	0.00764	0.00457	0.00865
1	0.07242	0.01349	0.08512	0.09726	0.09162	0.01201	0.06604	0.07140	0.01581	0.02265	0.06690	0.07182	0.02281	0.01089	0.00725	0.00232	0.00692	0.20333	0.00476	0.05519
2	0.01070	0.00923	0.01462	0.01478	0.06712	0.00905	0.11457	0.01464	0.09025	0.01898	0.02996	0.51369	0.03339	0.01594	0.00798	0.00250	0.00538	0.01485	0.00554	0.00682
3	0.09359	0.01227	0.01451	0.16764	0.04808	0.07798	0.01154	0.06637	0.01419	0.01979	0.01832	0.10540	0.02821	0.04232	0.14858	0.00400	0.05357	0.06247	0.00417	0.00700
4	0.02640	0.01623	0.01839	0.01410	0.01931	0.01714	0.01165	0.50002	0.02726	0.25231	0.01891	0.01782	0.01275	0.00798	0.00660	0.00199	0.00674	0.00614	0.00706	0.01120
5	0.01738	0.04245	0.07040	0.05403	0.01994	0.10903	0.01285	0.10323	0.29968	0.02437	0.04856	0.01987	0.01585	0.00871	0.00880	0.00219	0.12198	0.00640	0.00509	0.00920
6	0.01215	0.00913	0.01100	0.00906	0.01271	0.00740	0.00698	0.01476	0.01530	0.06377	0.20776	0.11153	0.11178	0.01043	0.00646	0.00166	0.00416	0.00895	0.00553	0.36949
7	0.23742	0.18981	0.08763	0.01211	0.01699	0.01740	0.01124	0.09392	0.05828	0.12140	0.04117	0.01566	0.01224	0.00726	0.00627	0.00195	0.05070	0.00503	0.00469	0.00883
8	0.01269	0.00774	0.01033	0.00969	0.01156	0.00773	0.00744	0.02742	0.02857	0.10936	0.22211	0.06371	0.03180	0.06541	0.20993	0.04657	0.00805	0.04872	0.04812	0.02305
9	0.01575	0.05983	0.06207	0.28283	0.02764	0.06330	0.01423	0.12564	0.08260	0.02112	0.01367	0.01748	0.01083	0.01103	0.04611	0.08727	0.04106	0.00575	0.00389	0.00790
10	0.03561	0.14589	0.08204	0.04973	0.01914	0.01696	0.01195	0.17253	0.20491	0.06997	0.03420	0.06575	0.04591	0.00880	0.00631	0.00203	0.00636	0.00704	0.00545	0.00942
11	0.10133	0.20337	0.10560	0.07048	0.09911	0.01782	0.01365	0.09600	0.08770	0.06969	0.01492	0.05029	0.01220	0.00743	0.00612	0.00195	0.02318	0.00574	0.00432	0.00911
12	0.10016	0.00901	0.01084	0.01124	0.05389	0.00883	0.00776	0.06050	0.01487	0.12940	0.03191	0.27525	0.13132	0.09340	0.01000	0.00275	0.00495	0.03104	0.00584	0.00703

[dist]
# distance from previous block
# <min> <max>
2	6

[block]
# block no. 8 follows, 33 sequences, length 9
# corresponding to MSA columns:
# 542-550
