[name]
unknown

[dist]
# distance from previous block
# <min> <max>
0	246

[block]
# block no. 0 follows, 40 sequences, length 58
# corresponding to MSA columns:
# 246-303
name=unknown_A
#
# <colnr> <probs for GDERKNQSTAVLIFYWHMCP>
#	G	D	E	R	K	N	Q	S	T	A	V	L	I	F	Y	W	H	M	C	P
0	0.00882	0.00630	0.00874	0.01008	0.01117	0.00622	0.00841	0.01109	0.01284	0.01678	0.03110	0.24130	0.03468	0.01659	0.00788	0.00260	0.00488	0.54997	0.00537	0.00520
1	0.01148	0.01032	0.01731	0.75605	0.03921	0.01277	0.01590	0.01531	0.01179	0.03971	0.01075	0.01565	0.00797	0.00586	0.00582	0.00193	0.00766	0.00519	0.00274	0.00657
2	0.01136	0.00960	0.01155	0.01084	0.01256	0.03578	0.00845	0.05045	0.20955	0.01768	0.01817	0.08889	0.01642	0.02564	0.36618	0.00549	0.08364	0.00700	0.00414	0.00661
3	0.00818	0.00584	0.00801	0.00935	0.01017	0.00567	0.00730	0.00999	0.01222	0.01607	0.03145	0.44324	0.03606	0.01718	0.00772	0.00251	0.00432	0.35430	0.00538	0.00503
4	0.05998	0.11438	0.01662	0.01208	0.01597	0.07902	0.00985	0.23206	0.34905	0.02579	0.01688	0.01634	0.01274	0.00697	0.00544	0.00177	0.00580	0.00534	0.00509	0.00883
5	0.01426	0.01289	0.02153	0.15436	0.56916	0.01311	0.01657	0.01768	0.01308	0.05300	0.01137	0.01470	0.00918	0.00533	0.00570	0.00172	0.00682	0.00512	0.00306	0.05136
6	0.01341	0.17020	0.39143	0.01679	0.05409	0.04808	0.11015	0.01885	0.05056	0.01748	0.01067	0.01269	0.00821	0.00571	0.00608	0.00177	0.04837	0.00458	0.00275	0.00815
7	0.01444	0.49078	0.02551	0.01204	0.01506	0.02097	0.01104	0.01607	0.01067	0.01380	0.00791	0.01066	0.00753	0.00702	0.00975	0.00175	0.31158	0.00389	0.00251	0.00703
8	0.00834	0.00578	0.00697	0.00697	0.00730	0.00595	0.00438	0.00887	0.00890	0.01199	0.01983	0.03569	0.05787	0.59250	0.18910	0.00625	0.00765	0.00817	0.00353	0.00396
9	0.01143	0.01079	0.01825	0.68408	0.13413	0.01304	0.01637	0.01525	0.01184	0.01540	0.01041	0.01536	0.00794	0.00573	0.00581	0.00191	0.00764	0.00517	0.00262	0.00682
10	0.00823	0.00594	0.00777	0.00732	0.00869	0.00549	0.00549	0.01097	0.01646	0.02332	0.75629	0.04344	0.05487	0.01189	0.00686	0.00183	0.00274	0.01052	0.00640	0.00549
11	0.00709	0.00506	0.00675	0.00810	0.00843	0.00472	0.00540	0.00810	0.01113	0.01484	0.03205	0.79184	0.03846	0.01822	0.00742	0.00236	0.00337	0.01653	0.00540	0.00472
12	0.05839	0.01535	0.15624	0.01220	0.01658	0.02613	0.01118	0.02636	0.41442	0.13720	0.02030	0.04935	0.01530	0.00758	0.00576	0.00192	0.00547	0.00620	0.00526	0.00882
13	0.09772	0.01032	0.01324	0.01025	0.01468	0.00940	0.00847	0.06116	0.01655	0.66353	0.02120	0.01860	0.01346	0.00703	0.00565	0.00180	0.00498	0.00558	0.00681	0.00958
14	0.00750	0.00592	0.00676	0.00655	0.00824	0.00518	0.00491	0.00956	0.01474	0.01923	0.38152	0.05017	0.43219	0.01341	0.00687	0.00190	0.00285	0.01146	0.00586	0.00518
15	0.01166	0.03008	0.76550	0.01657	0.02517	0.01351	0.02149	0.01842	0.01228	0.01842	0.01044	0.01228	0.00737	0.00552	0.00552	0.00184	0.00859	0.00430	0.00246	0.00859
16	0.00981	0.00866	0.04332	0.01379	0.12222	0.00785	0.01007	0.01289	0.03737	0.01741	0.03040	0.13540	0.11924	0.01381	0.00730	0.00235	0.00517	0.39197	0.00489	0.00606
17	0.83671	0.01125	0.00855	0.00765	0.01125	0.01305	0.00630	0.01709	0.00990	0.02609	0.00810	0.00945	0.00630	0.00540	0.00360	0.00180	0.00450	0.00315	0.00360	0.00630
18	0.00937	0.00669	0.00937	0.01071	0.01205	0.00669	0.00937	0.01205	0.01339	0.01740	0.03079	0.06560	0.03347	0.01606	0.00803	0.00268	0.00535	0.72021	0.00535	0.00535
19	0.01366	0.01414	0.05981	0.15698	0.56690	0.01370	0.05505	0.01742	0.01295	0.01827	0.01086	0.01454	0.00886	0.00529	0.00581	0.00178	0.00728	0.00522	0.00281	0.00866
20	0.01956	0.04259	0.01748	0.01577	0.05637	0.52197	0.04505	0.04763	0.14416	0.01717	0.01192	0.01297	0.00951	0.00624	0.00544	0.00162	0.00900	0.00449	0.00358	0.00747
21	0.01264	0.01260	0.01779	0.05314	0.01649	0.01757	0.01289	0.01404	0.00904	0.01404	0.00777	0.01286	0.00764	0.00996	0.01843	0.00251	0.74658	0.00509	0.00255	0.00637
22	0.04834	0.12418	0.51421	0.01460	0.02164	0.01422	0.03075	0.01899	0.04863	0.05678	0.01160	0.01319	0.00857	0.00742	0.04100	0.00212	0.00808	0.00443	0.00297	0.00828
23	0.00750	0.00568	0.00709	0.00750	0.00865	0.00526	0.00547	0.00923	0.01296	0.01714	0.21475	0.30661	0.24154	0.01786	0.07495	0.00275	0.00426	0.04035	0.00544	0.00503
24	0.00823	0.00594	0.00777	0.00732	0.00869	0.00549	0.00549	0.01097	0.01646	0.02332	0.75629	0.04344	0.05487	0.01189	0.00686	0.00183	0.00274	0.01052	0.00640	0.00549
25	0.01206	0.01034	0.01206	0.00861	0.01378	0.00775	0.00689	0.01464	0.01206	0.01895	0.01034	0.01206	0.00861	0.00431	0.00431	0.00086	0.00431	0.00345	0.00345	0.83118
26	0.04662	0.00734	0.00894	0.00809	0.00998	0.00714	0.00610	0.05128	0.04698	0.10103	0.46724	0.07159	0.05132	0.08046	0.00856	0.00219	0.00361	0.00939	0.00600	0.00616
27	0.08791	0.04602	0.37080	0.01446	0.04946	0.03284	0.01517	0.13477	0.01488	0.07042	0.01151	0.01271	0.00836	0.00570	0.00523	0.00167	0.00705	0.00433	0.00355	0.10316
28	0.00711	0.00517	0.00671	0.00786	0.00839	0.00477	0.00531	0.00823	0.01154	0.01526	0.06329	0.69416	0.10547	0.01764	0.00735	0.00230	0.00331	0.01590	0.00544	0.00477
29	0.00760	0.00584	0.00615	0.00607	0.00786	0.00507	0.00455	0.00944	0.01366	0.01774	0.17152	0.04957	0.54583	0.01325	0.00652	0.00186	0.00288	0.01112	0.10838	0.00507
30	0.03246	0.01257	0.01381	0.01151	0.01529	0.04776	0.00934	0.20469	0.20338	0.25523	0.02209	0.02356	0.04478	0.00829	0.00602	0.00190	0.00543	0.06691	0.00605	0.00893
31	0.02021	0.01440	0.01698	0.01313	0.01748	0.01545	0.06125	0.50402	0.07154	0.10775	0.05091	0.01754	0.02691	0.00728	0.00593	0.00178	0.00605	0.00588	0.02623	0.00929
32	0.00692	0.00570	0.00609	0.00640	0.00799	0.00487	0.00464	0.00829	0.01277	0.01551	0.05274	0.22513	0.59182	0.01553	0.00700	0.00206	0.00304	0.01325	0.00540	0.00487
33	0.02553	0.01079	0.01405	0.01077	0.01529	0.00988	0.00890	0.12824	0.01815	0.66137	0.02168	0.01897	0.01376	0.00717	0.00584	0.00179	0.00515	0.00576	0.00700	0.00990
34	0.08909	0.01614	0.02050	0.04735	0.46906	0.14457	0.02635	0.08283	0.01472	0.02026	0.01062	0.01329	0.00867	0.00551	0.00550	0.00171	0.00733	0.00479	0.00322	0.00849
35	0.00709	0.00506	0.00675	0.00810	0.00843	0.00472	0.00540	0.00810	0.01113	0.01484	0.03205	0.79184	0.03846	0.01822	0.00742	0.00236	0.00337	0.01653	0.00540	0.00472
36	0.01197	0.01086	0.01744	0.71359	0.03810	0.01337	0.01570	0.07910	0.01302	0.01679	0.01066	0.01537	0.00794	0.00592	0.00581	0.00192	0.00763	0.00517	0.00287	0.00676
37	0.01301	0.01234	0.01707	0.01470	0.01499	0.01689	0.01217	0.01495	0.04077	0.03797	0.00970	0.04225	0.00942	0.01029	0.01767	0.00249	0.69825	0.00560	0.00294	0.00653
38	0.83671	0.01125	0.00855	0.00765	0.01125	0.01305	0.00630	0.01709	0.00990	0.02609	0.00810	0.00945	0.00630	0.00540	0.00360	0.00180	0.00450	0.00315	0.00360	0.00630
39	0.76355	0.01117	0.00934	0.07622	0.01380	0.01303	0.00717	0.01690	0.01005	0.02510	0.00830	0.00998	0.00643	0.00543	0.00380	0.00181	0.00479	0.00333	0.00351	0.00631
40	0.01370	0.00924	0.01081	0.00951	0.01210	0.00945	0.00738	0.13413	0.15380	0.11952	0.26982	0.11746	0.08738	0.01068	0.00645	0.00191	0.00405	0.00914	0.00613	0.00733
41	0.10901	0.01570	0.01826	0.01559	0.04525	0.19011	0.14296	0.04160	0.01305	0.07352	0.01125	0.01430	0.00919	0.01145	0.10605	0.00287	0.16432	0.00509	0.00338	0.00705
42	0.01407	0.01349	0.02302	0.10618	0.69139	0.01373	0.01769	0.01756	0.01309	0.01861	0.01088	0.01450	0.00907	0.00524	0.00576	0.00175	0.00699	0.00518	0.00285	0.00895
43	0.00758	0.00645	0.00662	0.00647	0.00831	0.02414	0.00485	0.00936	0.01413	0.01755	0.22969	0.05174	0.56517	0.01381	0.00683	0.00192	0.00308	0.01163	0.00559	0.00510
44	0.00760	0.00556	0.00724	0.00832	0.00914	0.00520	0.00612	0.00911	0.01215	0.01590	0.06914	0.50254	0.13514	0.01699	0.00745	0.00235	0.00371	0.16598	0.00544	0.00492
45	0.05290	0.01501	0.01606	0.01255	0.01681	0.01657	0.01029	0.61645	0.05644	0.03452	0.07991	0.01672	0.01407	0.00739	0.00583	0.00176	0.00592	0.00568	0.00579	0.00933
46	0.09033	0.01352	0.01771	0.01448	0.01717	0.01621	0.09799	0.14801	0.19797	0.02227	0.01331	0.01524	0.01059	0.00797	0.01055	0.00212	0.28705	0.00552	0.00411	0.00787
47	0.00709	0.00506	0.00675	0.00810	0.00843	0.00472	0.00540	0.00810	0.01113	0.01484	0.03205	0.79184	0.03846	0.01822	0.00742	0.00236	0.00337	0.01653	0.00540	0.00472
48	0.08111	0.00631	0.00793	0.00872	0.00931	0.00667	0.00615	0.00944	0.01082	0.01576	0.02768	0.65080	0.03277	0.01634	0.00816	0.00233	0.07542	0.01429	0.00498	0.00501
49	0.01181	0.01043	0.01705	0.70885	0.03768	0.01281	0.01547	0.01626	0.05007	0.04726	0.01156	0.01601	0.00855	0.00598	0.00582	0.00193	0.00747	0.00527	0.00295	0.00675
50	0.01600	0.29086	0.01932	0.01145	0.01430	0.28916	0.00932	0.01736	0.01259	0.01345	0.01055	0.01576	0.01026	0.15196	0.03999	0.00254	0.06135	0.00457	0.00289	0.00632
51	0.01465	0.01437	0.02287	0.05763	0.68653	0.05128	0.01731	0.01826	0.02683	0.01873	0.01106	0.01437	0.00924	0.00529	0.00574	0.00173	0.00707	0.00514	0.00293	0.00900
52	0.00709	0.00506	0.00675	0.00810	0.00843	0.00472	0.00540	0.00810	0.01113	0.01484	0.03205	0.79184	0.03846	0.01822	0.00742	0.00236	0.00337	0.01653	0.00540	0.00472
53	0.00700	0.00561	0.00625	0.00670	0.00808	0.00487	0.00479	0.00836	0.01266	0.01571	0.07694	0.30516	0.48586	0.01580	0.00706	0.00209	0.00308	0.01365	0.00544	0.00487
54	0.02420	0.01223	0.01504	0.01159	0.01597	0.01220	0.00958	0.27600	0.02009	0.48210	0.01924	0.01750	0.01257	0.00723	0.00633	0.00181	0.03441	0.00561	0.00654	0.00976
55	0.01257	0.01251	0.01778	0.08317	0.01746	0.01738	0.01303	0.01407	0.00915	0.01407	0.00787	0.01297	0.00764	0.00979	0.01791	0.00249	0.71613	0.00510	0.00255	0.00637
56	0.01474	0.61745	0.17417	0.01132	0.01695	0.02081	0.01219	0.01814	0.04060	0.01503	0.00915	0.01039	0.00784	0.00520	0.00417	0.00139	0.00662	0.00348	0.00261	0.00775
57	0.36847	0.01221	0.01625	0.24056	0.02349	0.04255	0.14823	0.01681	0.01149	0.02069	0.00996	0.01299	0.00762	0.00551	0.00496	0.00184	0.00663	0.00457	0.03853	0.00662

[dist]
# distance from previous block
# <min> <max>
0	4

[block]
# block no. 1 follows, 40 sequences, length 70
# corresponding to MSA columns:
# 308-354,356-378
name=unknown_B
#
# <colnr> <probs for GDERKNQSTAVLIFYWHMCP>
#	G	D	E	R	K	N	Q	S	T	A	V	L	I	F	Y	W	H	M	C	P
0	0.05172	0.04810	0.01922	0.01746	0.13011	0.16592	0.13097	0.12730	0.12284	0.02174	0.01360	0.01518	0.01056	0.00613	0.00551	0.00170	0.00711	0.00524	0.09159	0.00799
1	0.22771	0.01322	0.05833	0.01127	0.01498	0.01373	0.00963	0.12083	0.20816	0.14567	0.03005	0.01614	0.01227	0.00718	0.00662	0.00192	0.08386	0.00518	0.00498	0.00827
2	0.00861	0.00650	0.00936	0.00929	0.01038	0.00752	0.00715	0.01126	0.04475	0.01389	0.01612	0.02366	0.01507	0.08473	0.69351	0.00878	0.01448	0.00637	0.00327	0.00529
3	0.01582	0.73300	0.04839	0.01042	0.01537	0.06793	0.01032	0.01779	0.01211	0.01384	0.00820	0.00947	0.00746	0.00505	0.00387	0.00127	0.00654	0.00318	0.00252	0.00745
4	0.83671	0.01125	0.00855	0.00765	0.01125	0.01305	0.00630	0.01709	0.00990	0.02609	0.00810	0.00945	0.00630	0.00540	0.00360	0.00180	0.00450	0.00315	0.00360	0.00630
5	0.00835	0.00607	0.00852	0.00852	0.00927	0.00682	0.00624	0.00986	0.00910	0.01289	0.01633	0.02702	0.01635	0.25006	0.56862	0.00833	0.01285	0.00684	0.00323	0.00473
6	0.01148	0.01084	0.01834	0.67305	0.14477	0.01305	0.01640	0.01529	0.01186	0.01546	0.01042	0.01534	0.00796	0.00572	0.00581	0.00191	0.00763	0.00517	0.00263	0.00686
7	0.00707	0.00514	0.00667	0.00790	0.00838	0.00474	0.00531	0.00812	0.01133	0.01492	0.03448	0.72531	0.10342	0.01790	0.00737	0.00233	0.00334	0.01615	0.00540	0.00474
8	0.01492	0.01272	0.01341	0.01193	0.01530	0.01468	0.00932	0.07364	0.70536	0.02507	0.02308	0.02123	0.01728	0.00783	0.00591	0.00196	0.00471	0.00649	0.00591	0.00925
9	0.01250	0.01183	0.01165	0.01093	0.01272	0.16017	0.00840	0.05664	0.09041	0.01601	0.01501	0.02033	0.01341	0.06774	0.44199	0.00624	0.02851	0.00581	0.00355	0.00613
10	0.05445	0.01313	0.01381	0.01175	0.01516	0.06711	0.00952	0.33439	0.05705	0.12536	0.01961	0.11339	0.01734	0.00956	0.00620	0.00196	0.00582	0.11060	0.00559	0.00821
11	0.83671	0.01125	0.00855	0.00765	0.01125	0.01305	0.00630	0.01709	0.00990	0.02609	0.00810	0.00945	0.00630	0.00540	0.00360	0.00180	0.00450	0.00315	0.00360	0.00630
12	0.00832	0.00619	0.00916	0.00916	0.01014	0.00717	0.00704	0.01027	0.00929	0.01337	0.01574	0.02376	0.01494	0.08894	0.72780	0.00912	0.01498	0.00636	0.00314	0.00509
13	0.01555	0.79913	0.03047	0.00995	0.01493	0.02301	0.00995	0.01741	0.01182	0.01368	0.00808	0.00933	0.00746	0.00498	0.00373	0.00124	0.00622	0.00311	0.00249	0.00746
14	0.00775	0.00583	0.00657	0.00655	0.00758	0.00551	0.00444	0.00876	0.01102	0.01404	0.07280	0.04420	0.33667	0.33401	0.10567	0.00431	0.00550	0.00993	0.00442	0.00441
15	0.00716	0.00511	0.00683	0.00818	0.00855	0.00479	0.00553	0.00823	0.01121	0.01493	0.03201	0.76780	0.03830	0.01815	0.00744	0.00237	0.00344	0.03982	0.00540	0.00474
16	0.02560	0.01001	0.01348	0.01041	0.01486	0.00880	0.00857	0.02845	0.04773	0.73201	0.02297	0.01987	0.01454	0.00723	0.00585	0.00181	0.00493	0.00588	0.00714	0.00987
17	0.00709	0.00506	0.00675	0.00810	0.00843	0.00472	0.00540	0.00810	0.01113	0.01484	0.03205	0.79184	0.03846	0.01822	0.00742	0.00236	0.00337	0.01653	0.00540	0.00472
18	0.01228	0.01261	0.04237	0.42287	0.12619	0.06121	0.01494	0.01533	0.01148	0.01513	0.01009	0.01484	0.00825	0.00852	0.04109	0.02787	0.14047	0.00508	0.00266	0.00672
19	0.01354	0.01161	0.01152	0.01017	0.01245	0.12301	0.00788	0.10143	0.09577	0.05575	0.41111	0.03022	0.03450	0.00972	0.00694	0.00182	0.04213	0.00800	0.00562	0.00682
20	0.00783	0.00543	0.00677	0.00755	0.00782	0.00526	0.00491	0.00854	0.01018	0.01353	0.02618	0.42029	0.03080	0.34519	0.01680	0.00376	0.00447	0.06580	0.00461	0.00427
21	0.01015	0.00872	0.01278	0.01505	0.15874	0.03004	0.05476	0.01279	0.03370	0.01763	0.13470	0.28843	0.03025	0.05182	0.00807	0.00230	0.00502	0.11417	0.00474	0.00614
22	0.01661	0.01518	0.10794	0.02219	0.21906	0.01279	0.24125	0.05685	0.01468	0.17858	0.01419	0.01600	0.01026	0.00572	0.00603	0.00181	0.00739	0.00576	0.03894	0.00873
23	0.01167	0.01106	0.01777	0.57474	0.09158	0.01378	0.01545	0.01574	0.04671	0.01551	0.01063	0.01531	0.00833	0.00650	0.00775	0.00201	0.12069	0.00522	0.00276	0.00679
24	0.63683	0.01331	0.01148	0.01235	0.11703	0.09175	0.00843	0.01783	0.01105	0.02387	0.00859	0.01025	0.00683	0.00543	0.00407	0.00176	0.00546	0.00350	0.00344	0.00675
25	0.01097	0.01005	0.01318	0.01175	0.01256	0.01270	0.00941	0.01399	0.08775	0.01648	0.11951	0.06892	0.11171	0.04542	0.02894	0.00257	0.40627	0.00770	0.00399	0.00612
26	0.00730	0.00591	0.00648	0.00634	0.00812	0.00509	0.00475	0.00917	0.01426	0.01809	0.27751	0.05204	0.53691	0.01384	0.00687	0.00192	0.00288	0.01172	0.00571	0.00509
27	0.04100	0.01072	0.01240	0.01043	0.01372	0.01115	0.00843	0.20042	0.14400	0.19476	0.15683	0.02629	0.02258	0.00871	0.00603	0.00186	0.00472	0.05982	0.05791	0.00823
28	0.44878	0.01099	0.01115	0.00912	0.01316	0.01147	0.00752	0.06537	0.01377	0.33490	0.01466	0.01404	0.00990	0.00625	0.00467	0.00180	0.00480	0.00440	0.00524	0.00802
29	0.00738	0.00541	0.00684	0.00753	0.00832	0.00497	0.00520	0.00881	0.01255	0.01677	0.20256	0.48115	0.14467	0.04948	0.00816	0.00232	0.00326	0.01419	0.00555	0.00488
30	0.83671	0.01125	0.00855	0.00765	0.01125	0.01305	0.00630	0.01709	0.00990	0.02609	0.00810	0.00945	0.00630	0.00540	0.00360	0.00180	0.00450	0.00315	0.00360	0.00630
31	0.01369	0.21437	0.02256	0.41463	0.03006	0.05455	0.09214	0.06199	0.01314	0.01630	0.01007	0.01359	0.00792	0.00558	0.00536	0.00173	0.00763	0.00476	0.00282	0.00710
32	0.01341	0.01426	0.02860	0.16147	0.21725	0.01416	0.42736	0.01776	0.01323	0.01805	0.01130	0.01533	0.00873	0.00513	0.00640	0.00190	0.00871	0.00614	0.00286	0.00795
33	0.00694	0.00589	0.00599	0.00596	0.00790	0.00494	0.00447	0.00848	0.01342	0.01610	0.09430	0.05533	0.72137	0.01458	0.00687	0.00196	0.00294	0.01218	0.00545	0.00494
34	0.83671	0.01125	0.00855	0.00765	0.01125	0.01305	0.00630	0.01709	0.00990	0.02609	0.00810	0.00945	0.00630	0.00540	0.00360	0.00180	0.00450	0.00315	0.00360	0.00630
35	0.00936	0.00705	0.00850	0.00807	0.00981	0.00701	0.00619	0.01428	0.13755	0.02244	0.49680	0.04110	0.10031	0.01145	0.00664	0.00189	0.00323	0.05441	0.04786	0.00605
36	0.83671	0.01125	0.00855	0.00765	0.01125	0.01305	0.00630	0.01709	0.00990	0.02609	0.00810	0.00945	0.00630	0.00540	0.00360	0.00180	0.00450	0.00315	0.00360	0.00630
37	0.01439	0.01382	0.02360	0.03569	0.75936	0.01382	0.01785	0.01785	0.01324	0.01900	0.01094	0.01439	0.00921	0.00518	0.00576	0.00173	0.00691	0.00518	0.00288	0.00921
38	0.01166	0.03008	0.76550	0.01657	0.02517	0.01351	0.02149	0.01842	0.01228	0.01842	0.01044	0.01228	0.00737	0.00552	0.00552	0.00184	0.00859	0.00430	0.00246	0.00859
39	0.02236	0.01589	0.01720	0.01319	0.01783	0.01744	0.01090	0.69517	0.02667	0.08240	0.01453	0.01433	0.01017	0.00699	0.00582	0.00175	0.00631	0.00527	0.00590	0.00989
40	0.01555	0.79913	0.03047	0.00995	0.01493	0.02301	0.00995	0.01741	0.01182	0.01368	0.00808	0.00933	0.00746	0.00498	0.00373	0.00124	0.00622	0.00311	0.00249	0.00746
41	0.00708	0.00590	0.00618	0.00611	0.00798	0.00500	0.00458	0.00875	0.01375	0.01689	0.16675	0.05403	0.64842	0.01429	0.00687	0.00194	0.00291	0.01200	0.00555	0.00500
42	0.00834	0.00611	0.00873	0.00873	0.00955	0.00693	0.00650	0.00999	0.00916	0.01304	0.01614	0.02597	0.01589	0.19795	0.62010	0.00858	0.01354	0.00669	0.00320	0.00485
43	0.00786	0.00714	0.05291	0.00864	0.01009	0.00575	0.00699	0.00976	0.01243	0.01626	0.07749	0.39307	0.19047	0.01590	0.00729	0.00228	0.00397	0.16128	0.00527	0.00517
44	0.02490	0.00994	0.01334	0.01030	0.01463	0.00878	0.00848	0.05777	0.01709	0.69018	0.06432	0.02089	0.01651	0.00746	0.00590	0.00180	0.00488	0.00609	0.00709	0.00965
45	0.01406	0.00963	0.01322	0.01118	0.01412	0.00969	0.09039	0.02081	0.23373	0.16264	0.18262	0.11637	0.04196	0.00959	0.00633	0.00193	0.00460	0.00856	0.04099	0.00760
46	0.05471	0.01599	0.02263	0.05015	0.02292	0.12343	0.31648	0.04517	0.24529	0.02054	0.01494	0.01647	0.01130	0.00612	0.00610	0.00188	0.00782	0.00602	0.00399	0.00804
47	0.02787	0.01818	0.29529	0.01309	0.05015	0.01083	0.01313	0.05388	0.01321	0.06535	0.01132	0.01276	0.00855	0.00513	0.00498	0.00138	0.00617	0.00407	0.00340	0.38124
48	0.05459	0.54488	0.14659	0.01169	0.01704	0.06689	0.03273	0.01833	0.03296	0.01552	0.00907	0.01041	0.00772	0.00523	0.00426	0.00142	0.00684	0.00355	0.00268	0.00760
49	0.78978	0.01133	0.00907	0.00808	0.01148	0.01332	0.00666	0.01692	0.00984	0.02540	0.00807	0.00963	0.00637	0.00567	0.00448	0.00184	0.04895	0.00326	0.00354	0.00630
50	0.01382	0.13911	0.17521	0.05955	0.10387	0.01544	0.03188	0.02347	0.33494	0.02013	0.01595	0.01646	0.01220	0.00644	0.00549	0.00180	0.00627	0.00533	0.00404	0.00861
51	0.01259	0.02359	0.43604	0.02015	0.02752	0.01405	0.34444	0.01851	0.01293	0.01851	0.01103	0.01381	0.00802	0.00524	0.00613	0.00190	0.00914	0.00545	0.00267	0.00826
52	0.00812	0.00610	0.00776	0.00752	0.00870	0.00585	0.00554	0.01027	0.01462	0.02023	0.50482	0.13737	0.13594	0.05760	0.00875	0.00216	0.03645	0.01114	0.00582	0.00524
53	0.01661	0.00775	0.01020	0.00854	0.01140	0.00688	0.00677	0.01906	0.01614	0.36681	0.33806	0.03184	0.06941	0.00956	0.00623	0.00180	0.00378	0.00815	0.05351	0.00750
54	0.00703	0.00548	0.00640	0.00713	0.00824	0.00485	0.00502	0.00829	0.01216	0.01529	0.04444	0.43801	0.37032	0.01656	0.00718	0.00218	0.00321	0.02800	0.00540	0.00482
55	0.01439	0.01382	0.02360	0.03569	0.75936	0.01382	0.01785	0.01785	0.01324	0.01900	0.01094	0.01439	0.00921	0.00518	0.00576	0.00173	0.00691	0.00518	0.00288	0.00921
56	0.00831	0.00567	0.00679	0.00712	0.00739	0.00558	0.00453	0.00890	0.00986	0.01319	0.06629	0.16464	0.02723	0.54404	0.02246	0.00458	0.00506	0.08015	0.00419	0.00402
57	0.01272	0.01272	0.01781	0.01527	0.01527	0.01781	0.01272	0.01399	0.00891	0.01399	0.00763	0.01272	0.00763	0.01018	0.01908	0.00254	0.78499	0.00509	0.00254	0.00636
58	0.01098	0.01034	0.01744	0.78165	0.04005	0.01292	0.01615	0.01486	0.01163	0.01486	0.01034	0.01550	0.00775	0.00581	0.00581	0.00194	0.00775	0.00517	0.00258	0.00646
59	0.00709	0.00506	0.00675	0.00810	0.00843	0.00472	0.00540	0.00810	0.01113	0.01484	0.03205	0.79184	0.03846	0.01822	0.00742	0.00236	0.00337	0.01653	0.00540	0.00472
60	0.83671	0.01125	0.00855	0.00765	0.01125	0.01305	0.00630	0.01709	0.00990	0.02609	0.00810	0.00945	0.00630	0.00540	0.00360	0.00180	0.00450	0.00315	0.00360	0.00630
61	0.01098	0.01034	0.01744	0.78165	0.04005	0.01292	0.01615	0.01486	0.01163	0.01486	0.01034	0.01550	0.00775	0.00581	0.00581	0.00194	0.00775	0.00517	0.00258	0.00646
62	0.01413	0.01220	0.01283	0.01157	0.01480	0.01404	0.00899	0.02991	0.71648	0.02395	0.02522	0.02320	0.05028	0.00819	0.00596	0.00197	0.00453	0.00683	0.00589	0.00902
63	0.02211	0.01629	0.01745	0.01338	0.01803	0.01803	0.01105	0.73997	0.02734	0.03665	0.01396	0.01396	0.00989	0.00698	0.00582	0.00175	0.00640	0.00524	0.00582	0.00989
64	0.00846	0.00564	0.00634	0.00634	0.00634	0.00564	0.00352	0.00846	0.00846	0.01128	0.01832	0.03805	0.02114	0.79563	0.02960	0.00564	0.00564	0.00846	0.00352	0.00352
65	0.01120	0.01056	0.01783	0.73470	0.08533	0.01298	0.01626	0.01505	0.01173	0.01512	0.01037	0.01543	0.00784	0.00577	0.00581	0.00192	0.00770	0.00517	0.00260	0.00663
66	0.02393	0.06315	0.01539	0.04506	0.01657	0.11192	0.00948	0.06926	0.01674	0.53896	0.01904	0.01734	0.01247	0.00682	0.00563	0.00173	0.00598	0.00533	0.00605	0.00917
67	0.00809	0.00594	0.00758	0.00717	0.00860	0.00543	0.00538	0.01071	0.01614	0.02255	0.68589	0.04470	0.12575	0.01218	0.00686	0.00184	0.00276	0.01069	0.00630	0.00543
68	0.01366	0.01307	0.02228	0.19639	0.60440	0.01362	0.01748	0.01720	0.01289	0.01811	0.01081	0.01463	0.00890	0.00532	0.00577	0.00177	0.00709	0.00518	0.00282	0.00862
69	0.01817	0.01886	0.05254	0.08785	0.17080	0.24694	0.08118	0.15076	0.03952	0.06013	0.01192	0.01376	0.00910	0.00599	0.00572	0.00172	0.00816	0.00495	0.00373	0.00821

[dist]
# distance from previous block
# <min> <max>
0	6

[block]
# block no. 2 follows, 40 sequences, length 7
# corresponding to MSA columns:
# 385-391
name=unknown_C
#
# <colnr> <probs for GDERKNQSTAVLIFYWHMCP>
#	G	D	E	R	K	N	Q	S	T	A	V	L	I	F	Y	W	H	M	C	P
0	0.01505	0.01402	0.02271	0.03103	0.59002	0.01430	0.05432	0.08363	0.07850	0.02102	0.01236	0.01506	0.00999	0.00556	0.00583	0.00176	0.00681	0.00540	0.00341	0.00920
1	0.01098	0.01034	0.01744	0.78165	0.04005	0.01292	0.01615	0.01486	0.01163	0.01486	0.01034	0.01550	0.00775	0.00581	0.00581	0.00194	0.00775	0.00517	0.00258	0.00646
2	0.01555	0.79913	0.03047	0.00995	0.01493	0.02301	0.00995	0.01741	0.01182	0.01368	0.00808	0.00933	0.00746	0.00498	0.00373	0.00124	0.00622	0.00311	0.00249	0.00746
3	0.00831	0.00623	0.00935	0.00935	0.01038	0.00727	0.00727	0.01038	0.00935	0.01350	0.01558	0.02285	0.01454	0.04361	0.77259	0.00935	0.01558	0.00623	0.00312	0.00519
4	0.00802	0.00588	0.00765	0.00840	0.00872	0.00603	0.00580	0.00895	0.01053	0.01414	0.02688	0.48837	0.03164	0.20765	0.01371	0.00320	0.05837	0.07672	0.00474	0.00460
5	0.05771	0.01541	0.01921	0.10736	0.32408	0.17841	0.06411	0.01781	0.01392	0.01814	0.07621	0.01869	0.01373	0.00657	0.00583	0.00178	0.00742	0.04268	0.00335	0.00760
6	0.13725	0.04669	0.01438	0.01243	0.03408	0.20715	0.00963	0.05694	0.05303	0.05740	0.05300	0.01725	0.05067	0.01085	0.07442	0.00250	0.14634	0.00527	0.00382	0.00687

[dist]
# distance from previous block
# <min> <max>
1	19

[block]
# block no. 3 follows, 40 sequences, length 55
# corresponding to MSA columns:
# 411-437,441-468
name=unknown_D
#
# <colnr> <probs for GDERKNQSTAVLIFYWHMCP>
#	G	D	E	R	K	N	Q	S	T	A	V	L	I	F	Y	W	H	M	C	P
0	0.05404	0.01464	0.02365	0.02845	0.45956	0.03956	0.15474	0.07500	0.05565	0.02078	0.01185	0.01465	0.00947	0.00546	0.00586	0.00178	0.00730	0.00544	0.00333	0.00878
1	0.01893	0.01382	0.01780	0.01452	0.04881	0.01499	0.06501	0.32558	0.03139	0.14299	0.01372	0.01474	0.01008	0.00712	0.00819	0.00183	0.14965	0.00527	0.00486	0.09068
2	0.07002	0.01132	0.01124	0.00983	0.01248	0.11265	0.00765	0.03541	0.10865	0.12779	0.33098	0.02741	0.02997	0.00895	0.00639	0.00177	0.02862	0.00731	0.00553	0.04603
3	0.02200	0.01955	0.01717	0.01384	0.01802	0.23357	0.01111	0.53514	0.02424	0.03024	0.01254	0.01297	0.00920	0.00670	0.00565	0.00167	0.00757	0.00481	0.00501	0.00899
4	0.01010	0.00505	0.00758	0.00758	0.00758	0.00505	0.00505	0.00758	0.00758	0.01010	0.01010	0.01768	0.01010	0.02020	0.02273	0.83081	0.00505	0.00505	0.00253	0.00253
5	0.00773	0.00533	0.00656	0.00728	0.00746	0.00515	0.00452	0.00827	0.00988	0.01318	0.02563	0.43928	0.03036	0.38182	0.01779	0.00389	0.00443	0.01275	0.00452	0.00416
6	0.00908	0.00621	0.00866	0.00853	0.00942	0.00686	0.00626	0.01057	0.00939	0.04370	0.01666	0.02705	0.01641	0.25622	0.52953	0.00798	0.01231	0.00685	0.00340	0.00491
7	0.00849	0.00606	0.00836	0.00970	0.01065	0.00593	0.00784	0.01052	0.01252	0.01641	0.03128	0.34608	0.03540	0.01690	0.00780	0.00256	0.00459	0.44844	0.00537	0.00511
8	0.02211	0.01629	0.01745	0.01338	0.01803	0.01803	0.01105	0.73997	0.02734	0.03665	0.01396	0.01396	0.00989	0.00698	0.00582	0.00175	0.00640	0.00524	0.00582	0.00989
9	0.01177	0.01114	0.01886	0.60951	0.20604	0.01313	0.01654	0.01555	0.01200	0.01581	0.01047	0.01525	0.00809	0.00567	0.00580	0.00189	0.00756	0.00517	0.00265	0.00709
10	0.00737	0.00546	0.00733	0.00894	0.03590	0.00509	0.00579	0.00854	0.01149	0.01527	0.05160	0.69331	0.08758	0.01734	0.00731	0.00230	0.00346	0.01567	0.00533	0.00492
11	0.02273	0.01528	0.01683	0.01290	0.01753	0.01654	0.01066	0.62812	0.02566	0.15087	0.01537	0.01488	0.01060	0.00701	0.00582	0.00175	0.00617	0.00533	0.00603	0.00989
12	0.02609	0.00990	0.01350	0.01035	0.01484	0.00855	0.00855	0.02834	0.01664	0.76338	0.02294	0.01979	0.01439	0.00720	0.00585	0.00180	0.00495	0.00585	0.00720	0.00990
13	0.00876	0.00692	0.00823	0.00916	0.01015	0.04198	0.00695	0.01085	0.03051	0.01667	0.10190	0.42076	0.05823	0.01601	0.00740	0.00234	0.00427	0.22833	0.00538	0.00520
14	0.01439	0.01382	0.02360	0.03569	0.75936	0.01382	0.01785	0.01785	0.01324	0.01900	0.01094	0.01439	0.00921	0.00518	0.00576	0.00173	0.00691	0.00518	0.00288	0.00921
15	0.01166	0.03008	0.76550	0.01657	0.02517	0.01351	0.02149	0.01842	0.01228	0.01842	0.01044	0.01228	0.00737	0.00552	0.00552	0.00184	0.00859	0.00430	0.00246	0.00859
16	0.00931	0.00754	0.00854	0.00849	0.00922	0.06351	0.00596	0.01045	0.00960	0.01272	0.01698	0.06449	0.01782	0.34406	0.37837	0.00693	0.01060	0.00743	0.00338	0.00461
17	0.02436	0.01074	0.01378	0.01078	0.01514	0.01005	0.00883	0.08798	0.10553	0.61397	0.02228	0.01954	0.01442	0.00726	0.00585	0.00182	0.00503	0.00588	0.00693	0.00981
18	0.00846	0.00564	0.00634	0.00634	0.00634	0.00564	0.00352	0.00846	0.00846	0.01128	0.01832	0.03805	0.02114	0.79563	0.02960	0.00564	0.00564	0.00846	0.00352	0.00352
19	0.00857	0.00612	0.00845	0.00979	0.01078	0.00600	0.00798	0.01066	0.01260	0.01650	0.03123	0.32053	0.03522	0.01682	0.00782	0.00257	0.00466	0.47320	0.00537	0.00513
20	0.01438	0.01357	0.02231	0.10888	0.52229	0.01406	0.06512	0.05467	0.08932	0.01996	0.01239	0.01532	0.00994	0.00560	0.00586	0.00179	0.00693	0.00544	0.00331	0.00887
21	0.02494	0.00976	0.01313	0.01017	0.01452	0.00850	0.00837	0.02745	0.03194	0.71238	0.02466	0.02155	0.04962	0.00757	0.00590	0.00181	0.00485	0.00617	0.00709	0.00965
22	0.00709	0.00506	0.00675	0.00810	0.00843	0.00472	0.00540	0.00810	0.01113	0.01484	0.03205	0.79184	0.03846	0.01822	0.00742	0.00236	0.00337	0.01653	0.00540	0.00472
23	0.01061	0.00952	0.01337	0.01206	0.01243	0.01254	0.00965	0.01203	0.00901	0.01349	0.01179	0.01940	0.01174	0.11534	0.29435	0.00538	0.41290	0.00590	0.00287	0.00560
24	0.03722	0.24118	0.25832	0.06548	0.02102	0.04379	0.05476	0.08415	0.01417	0.11112	0.01160	0.01280	0.00858	0.00571	0.00512	0.00166	0.00725	0.00439	0.00344	0.00824
25	0.01063	0.00968	0.01479	0.37146	0.02499	0.01203	0.01227	0.01354	0.01232	0.01704	0.22118	0.02273	0.02108	0.00862	0.00941	0.00206	0.19966	0.00666	0.00366	0.00616
26	0.51712	0.17419	0.11889	0.00970	0.01425	0.05079	0.00939	0.01763	0.01093	0.02195	0.00846	0.00987	0.00674	0.00536	0.00397	0.00168	0.00570	0.00333	0.00319	0.00687
27	0.00841	0.00581	0.00719	0.00719	0.00749	0.00610	0.00459	0.00900	0.00871	0.01191	0.01754	0.03374	0.01927	0.58240	0.24027	0.00669	0.00846	0.00783	0.00341	0.00400
28	0.01180	0.01004	0.01177	0.00853	0.01344	0.00760	0.00680	0.01439	0.01236	0.01924	0.06073	0.01418	0.01174	0.00482	0.00448	0.00093	0.00420	0.00392	0.00365	0.77540
29	0.01348	0.01146	0.01230	0.01112	0.01411	0.01305	0.00862	0.02777	0.63374	0.02417	0.13882	0.02511	0.02359	0.00852	0.00607	0.00195	0.00431	0.00719	0.00599	0.00862
30	0.01206	0.01034	0.01206	0.00861	0.01378	0.00775	0.00689	0.01464	0.01206	0.01895	0.01034	0.01206	0.00861	0.00431	0.00431	0.00086	0.00431	0.00345	0.00345	0.83118
31	0.01355	0.01416	0.09324	0.04453	0.04109	0.01376	0.08173	0.02610	0.50796	0.02209	0.02069	0.06287	0.01631	0.00777	0.00604	0.00197	0.00565	0.00683	0.00502	0.00865
32	0.01206	0.01034	0.01206	0.00861	0.01378	0.00775	0.00689	0.01464	0.01206	0.01895	0.01034	0.01206	0.00861	0.00431	0.00431	0.00086	0.00431	0.00345	0.00345	0.83118
33	0.00717	0.00574	0.00631	0.00648	0.00799	0.00499	0.00469	0.00866	0.01308	0.01635	0.14485	0.18070	0.50347	0.05320	0.00808	0.00219	0.00312	0.01259	0.00544	0.00489
34	0.09999	0.59612	0.02569	0.00992	0.01463	0.02022	0.00945	0.03804	0.04162	0.08359	0.01020	0.01090	0.00844	0.00539	0.00405	0.00139	0.00587	0.00355	0.00325	0.00770
35	0.05299	0.01143	0.01694	0.01371	0.01585	0.01341	0.13347	0.06483	0.01230	0.07435	0.01259	0.01591	0.01020	0.00901	0.03629	0.00228	0.31448	0.00547	0.17761	0.00687
36	0.02149	0.02500	0.01652	0.01456	0.01787	0.60321	0.01112	0.15459	0.04857	0.01875	0.01050	0.01158	0.00835	0.00625	0.00538	0.00156	0.00950	0.00413	0.00363	0.00742
37	0.01098	0.01034	0.01744	0.78165	0.04005	0.01292	0.01615	0.01486	0.01163	0.01486	0.01034	0.01550	0.00775	0.00581	0.00581	0.00194	0.00775	0.00517	0.00258	0.00646
38	0.01272	0.01272	0.01781	0.01527	0.01527	0.01781	0.01272	0.01399	0.00891	0.01399	0.00763	0.01272	0.00763	0.01018	0.01908	0.00254	0.78499	0.00509	0.00254	0.00636
39	0.01657	0.00772	0.01006	0.00849	0.01134	0.00682	0.00671	0.01888	0.01571	0.36822	0.26211	0.06296	0.10465	0.00990	0.00622	0.00182	0.00382	0.00842	0.06213	0.00745
40	0.00753	0.00592	0.00680	0.00658	0.00826	0.00519	0.00494	0.00962	0.01481	0.01940	0.39710	0.04989	0.41650	0.01335	0.00687	0.00190	0.00285	0.01142	0.00589	0.00519
41	0.01261	0.00643	0.00803	0.00752	0.00934	0.00596	0.00567	0.01489	0.01405	0.17817	0.21688	0.18603	0.03020	0.01058	0.00587	0.00178	0.00333	0.00915	0.26728	0.00624
42	0.00937	0.00669	0.00937	0.01071	0.01205	0.00669	0.00937	0.01205	0.01339	0.01740	0.03079	0.06560	0.03347	0.01606	0.00803	0.00268	0.00535	0.72021	0.00535	0.00535
43	0.10642	0.01535	0.01666	0.01419	0.06722	0.01700	0.01090	0.57072	0.07010	0.03357	0.01376	0.01401	0.00996	0.00675	0.00559	0.00176	0.00612	0.00510	0.00539	0.00942
44	0.00824	0.00648	0.00926	0.01150	0.09130	0.00648	0.00718	0.00960	0.01143	0.01555	0.05405	0.63620	0.03410	0.01611	0.00787	0.00228	0.04759	0.01443	0.00500	0.00534
45	0.01055	0.00649	0.00835	0.00757	0.00945	0.00584	0.00579	0.01308	0.01611	0.12523	0.57263	0.04162	0.13160	0.01157	0.00672	0.00184	0.00307	0.01007	0.00639	0.00603
46	0.01404	0.34147	0.05800	0.23199	0.09085	0.06430	0.01308	0.01682	0.01205	0.01500	0.00922	0.01206	0.00776	0.00559	0.00559	0.00159	0.05178	0.00411	0.00262	0.04210
47	0.83671	0.01125	0.00855	0.00765	0.01125	0.01305	0.00630	0.01709	0.00990	0.02609	0.00810	0.00945	0.00630	0.00540	0.00360	0.00180	0.00450	0.00315	0.00360	0.00630
48	0.00980	0.00729	0.00849	0.00812	0.00927	0.03402	0.00589	0.05384	0.01203	0.01676	0.14266	0.03076	0.05202	0.23868	0.26520	0.00531	0.00827	0.00759	0.07886	0.00512
49	0.01214	0.01041	0.01209	0.00872	0.01383	0.00798	0.00697	0.01518	0.03658	0.01913	0.01078	0.01238	0.00892	0.00443	0.00436	0.00090	0.00432	0.00355	0.00353	0.80382
50	0.00755	0.00539	0.00728	0.00862	0.00916	0.00512	0.00620	0.00889	0.01159	0.01536	0.03180	0.64557	0.03746	0.01778	0.00755	0.00243	0.00377	0.15825	0.00539	0.00485
51	0.01611	0.01779	0.01397	0.01277	0.01495	0.37822	0.00983	0.07112	0.01410	0.01561	0.01174	0.01553	0.01032	0.02046	0.29406	0.00453	0.06442	0.00488	0.00322	0.00637
52	0.01470	0.01451	0.03019	0.02177	0.02719	0.01360	0.60366	0.03724	0.01452	0.08746	0.06314	0.01789	0.01247	0.00564	0.00674	0.00193	0.00880	0.00698	0.00364	0.00792
53	0.00783	0.00576	0.00711	0.00708	0.00823	0.00528	0.00505	0.00975	0.01410	0.01920	0.43033	0.16569	0.17220	0.10486	0.00961	0.00238	0.00322	0.01156	0.00573	0.00503
54	0.01133	0.01076	0.01798	0.57173	0.11496	0.01294	0.03715	0.01486	0.01167	0.01536	0.01220	0.01690	0.03558	0.00751	0.03032	0.00219	0.06163	0.00551	0.00274	0.00670

[dist]
# distance from previous block
# <min> <max>
0	5

[block]
# block no. 4 follows, 40 sequences, length 20
# corresponding to MSA columns:
# 474-479,483-496
name=unknown_E
#
# <colnr> <probs for GDERKNQSTAVLIFYWHMCP>
#	G	D	E	R	K	N	Q	S	T	A	V	L	I	F	Y	W	H	M	C	P
0	0.01674	0.01665	0.07372	0.18391	0.02418	0.11295	0.09013	0.22733	0.06320	0.04413	0.01233	0.01446	0.00923	0.00662	0.00704	0.00187	0.07829	0.00522	0.00394	0.00805
1	0.01292	0.00827	0.03599	0.00991	0.01227	0.00729	0.00828	0.01603	0.05894	0.18505	0.02954	0.21120	0.07902	0.01323	0.00699	0.00223	0.00468	0.26107	0.00566	0.03143
2	0.07790	0.09880	0.21939	0.01192	0.01705	0.02438	0.02484	0.02113	0.02566	0.29974	0.01714	0.06011	0.02316	0.00882	0.04257	0.00215	0.00661	0.00565	0.00465	0.00833
3	0.05627	0.19650	0.02564	0.01686	0.02112	0.24394	0.26637	0.01932	0.01358	0.01621	0.00962	0.01217	0.00791	0.00566	0.00641	0.00169	0.06589	0.00477	0.00286	0.00724
4	0.02181	0.01189	0.01435	0.01086	0.01556	0.01119	0.00893	0.23674	0.01881	0.38303	0.01749	0.01635	0.01178	0.00649	0.00550	0.00158	0.00524	0.00514	0.00596	0.19130
5	0.05564	0.07593	0.25412	0.03685	0.26171	0.01360	0.06597	0.01953	0.01319	0.13101	0.01229	0.01404	0.00909	0.00558	0.00552	0.00176	0.00719	0.00487	0.00340	0.00870
6	0.03070	0.27225	0.03293	0.01091	0.01539	0.03456	0.00959	0.24075	0.03893	0.07386	0.06702	0.02646	0.01305	0.00650	0.00500	0.00150	0.00573	0.00488	0.00441	0.10558
7	0.01258	0.00718	0.00878	0.00776	0.01021	0.00640	0.00603	0.01525	0.04193	0.21134	0.29566	0.04096	0.28991	0.01153	0.00657	0.00187	0.00345	0.00979	0.00624	0.00655
8	0.00837	0.00599	0.00813	0.00813	0.00874	0.00661	0.00575	0.00960	0.00898	0.01260	0.01669	0.02902	0.01722	0.34898	0.47088	0.00784	0.01154	0.00713	0.00328	0.00451
9	0.01511	0.27345	0.12942	0.09332	0.05245	0.08120	0.07121	0.02008	0.10975	0.05283	0.01190	0.01348	0.00936	0.00592	0.00566	0.00167	0.03743	0.00460	0.00327	0.00787
10	0.01448	0.04156	0.08998	0.05513	0.02346	0.03619	0.32988	0.04117	0.13066	0.07733	0.01708	0.01987	0.04749	0.02380	0.00680	0.00199	0.00766	0.02361	0.00394	0.00794
11	0.01907	0.00977	0.01156	0.00951	0.01282	0.00969	0.00776	0.19321	0.01755	0.29874	0.02005	0.02217	0.01480	0.00762	0.00542	0.00170	0.00460	0.05493	0.27089	0.00814
12	0.01108	0.00781	0.01042	0.01119	0.03802	0.00790	0.00903	0.04271	0.07375	0.05636	0.14844	0.05237	0.03305	0.01355	0.00740	0.00237	0.00494	0.45780	0.00560	0.00622
13	0.01800	0.21732	0.18834	0.01335	0.01852	0.14191	0.01303	0.20227	0.01686	0.07379	0.01129	0.01222	0.00856	0.00611	0.00560	0.00163	0.03482	0.00428	0.00374	0.00835
14	0.00727	0.00567	0.00665	0.00729	0.00855	0.00505	0.00536	0.00874	0.01259	0.01584	0.07118	0.33278	0.38425	0.01608	0.00720	0.00218	0.00336	0.08962	0.00543	0.00491
15	0.01309	0.00689	0.00874	0.00793	0.01014	0.00612	0.00606	0.01515	0.01471	0.23402	0.23878	0.16623	0.17384	0.01185	0.00649	0.00191	0.00353	0.01022	0.05779	0.00651
16	0.01234	0.01017	0.06377	0.04926	0.08655	0.00903	0.00928	0.08021	0.05236	0.09066	0.39795	0.06034	0.03464	0.00968	0.00640	0.00184	0.00444	0.00845	0.00556	0.00706
17	0.01115	0.01067	0.01850	0.73416	0.03945	0.01303	0.06144	0.01509	0.01176	0.01509	0.01043	0.01552	0.00782	0.00576	0.00588	0.00194	0.00788	0.00527	0.00261	0.00655
18	0.00718	0.00510	0.00672	0.00798	0.00829	0.00479	0.00527	0.00812	0.01095	0.01460	0.03110	0.73975	0.03726	0.07194	0.00895	0.00259	0.00353	0.01597	0.00527	0.00464
19	0.06387	0.01023	0.01343	0.01035	0.01481	0.00916	0.00855	0.05835	0.01679	0.69768	0.02186	0.01906	0.01382	0.00710	0.00574	0.00180	0.00499	0.00570	0.00697	0.00973

[dist]
# distance from previous block
# <min> <max>
0	1

[block]
# block no. 5 follows, 40 sequences, length 20
# corresponding to MSA columns:
# 498-517
name=unknown_F
#
# <colnr> <probs for GDERKNQSTAVLIFYWHMCP>
#	G	D	E	R	K	N	Q	S	T	A	V	L	I	F	Y	W	H	M	C	P
0	0.01282	0.02151	0.41239	0.18381	0.13800	0.01322	0.05901	0.01812	0.01260	0.05810	0.01124	0.01388	0.00819	0.00559	0.00571	0.00185	0.00803	0.00484	0.00283	0.00826
1	0.01192	0.00931	0.01153	0.01040	0.01130	0.03801	0.00833	0.01384	0.01063	0.03926	0.01377	0.01838	0.01191	0.03386	0.14312	0.00332	0.30670	0.00546	0.29306	0.00588
2	0.83671	0.01125	0.00855	0.00765	0.01125	0.01305	0.00630	0.01709	0.00990	0.02609	0.00810	0.00945	0.00630	0.00540	0.00360	0.00180	0.00450	0.00315	0.00360	0.00630
3	0.00709	0.00506	0.00675	0.00810	0.00843	0.00472	0.00540	0.00810	0.01113	0.01484	0.03205	0.79184	0.03846	0.01822	0.00742	0.00236	0.00337	0.01653	0.00540	0.00472
4	0.00794	0.00593	0.00738	0.00702	0.00851	0.00537	0.00526	0.01042	0.01579	0.02172	0.60952	0.04607	0.20264	0.01249	0.00686	0.00186	0.00279	0.01089	0.00619	0.00537
5	0.01272	0.01272	0.01781	0.01527	0.01527	0.01781	0.01272	0.01399	0.00891	0.01399	0.00763	0.01272	0.00763	0.01018	0.01908	0.00254	0.78499	0.00509	0.00254	0.00636
6	0.07157	0.00585	0.00565	0.00558	0.00710	0.00598	0.00423	0.01381	0.01203	0.02200	0.01817	0.02078	0.01427	0.00667	0.00403	0.00139	0.00284	0.00525	0.76730	0.00548
7	0.01555	0.79913	0.03047	0.00995	0.01493	0.02301	0.00995	0.01741	0.01182	0.01368	0.00808	0.00933	0.00746	0.00498	0.00373	0.00124	0.00622	0.00311	0.00249	0.00746
8	0.00808	0.00548	0.00645	0.00682	0.00692	0.00539	0.00404	0.00836	0.00919	0.01225	0.02208	0.24435	0.02588	0.58287	0.02353	0.00474	0.00502	0.01067	0.00404	0.00385
9	0.02172	0.02772	0.01648	0.01498	0.01798	0.77228	0.01124	0.02322	0.01648	0.01423	0.00899	0.01049	0.00749	0.00599	0.00524	0.00150	0.01049	0.00375	0.00300	0.00674
10	0.01166	0.03008	0.76550	0.01657	0.02517	0.01351	0.02149	0.01842	0.01228	0.01842	0.01044	0.01228	0.00737	0.00552	0.00552	0.00184	0.00859	0.00430	0.00246	0.00859
11	0.00845	0.00567	0.00653	0.00653	0.00659	0.00574	0.00376	0.00858	0.00851	0.01141	0.01815	0.03711	0.02073	0.74908	0.07559	0.00587	0.00625	0.00832	0.00350	0.00363
12	0.02172	0.02772	0.01648	0.01498	0.01798	0.77228	0.01124	0.02322	0.01648	0.01423	0.00899	0.01049	0.00749	0.00599	0.00524	0.00150	0.01049	0.00375	0.00300	0.00674
13	0.00707	0.00551	0.00643	0.00703	0.00819	0.00486	0.00496	0.00842	0.01250	0.01586	0.09760	0.40009	0.36845	0.01616	0.00713	0.00214	0.00313	0.01414	0.00547	0.00486
14	0.00860	0.00621	0.00844	0.00969	0.01081	0.00605	0.00798	0.01075	0.01278	0.01661	0.03307	0.25644	0.08482	0.01654	0.00779	0.00254	0.00467	0.48569	0.00537	0.00516
15	0.00752	0.00592	0.00682	0.00682	0.00845	0.00522	0.00517	0.00948	0.01425	0.01840	0.29637	0.09302	0.42709	0.01403	0.00697	0.00199	0.00306	0.05855	0.00574	0.00513
16	0.20400	0.34076	0.02060	0.01113	0.01504	0.19265	0.00965	0.07205	0.01344	0.01835	0.00871	0.01015	0.00739	0.00574	0.00505	0.00154	0.04995	0.00353	0.00311	0.00715
17	0.08489	0.23221	0.23004	0.05453	0.01793	0.03081	0.02884	0.01566	0.01194	0.01694	0.03871	0.14550	0.01497	0.00815	0.00564	0.00180	0.02341	0.02772	0.00331	0.00700
18	0.01683	0.20664	0.19728	0.01457	0.07293	0.01680	0.01337	0.21052	0.10562	0.07114	0.01325	0.01380	0.00990	0.00615	0.00526	0.00168	0.00660	0.00470	0.00411	0.00887
19	0.69981	0.01426	0.09632	0.00905	0.01320	0.05192	0.00830	0.01756	0.01051	0.02460	0.00841	0.00983	0.00648	0.00544	0.00391	0.00179	0.00528	0.00331	0.00344	0.00659

[dist]
# distance from previous block
# <min> <max>
0	80

[block]
# block no. 6 follows, 40 sequences, length 41
# corresponding to MSA columns:
# 611-651
name=unknown_G
#
# <colnr> <probs for GDERKNQSTAVLIFYWHMCP>
#	G	D	E	R	K	N	Q	S	T	A	V	L	I	F	Y	W	H	M	C	P
0	0.01194	0.01172	0.04604	0.04505	0.33682	0.01141	0.01246	0.01687	0.12481	0.01879	0.05917	0.04654	0.18181	0.00866	0.00671	0.00189	0.04000	0.00750	0.00410	0.00771
1	0.00754	0.00578	0.00691	0.00693	0.00834	0.00515	0.00508	0.00953	0.01439	0.01911	0.37938	0.17406	0.30877	0.01399	0.00696	0.00197	0.00292	0.01217	0.00587	0.00515
2	0.01446	0.01249	0.01315	0.01183	0.01512	0.01446	0.00920	0.03090	0.74885	0.02433	0.02367	0.02170	0.01775	0.00789	0.00592	0.00197	0.00460	0.00657	0.00592	0.00920
3	0.00805	0.00579	0.00781	0.00901	0.00986	0.00556	0.00695	0.00983	0.01240	0.01635	0.07142	0.43456	0.06478	0.01689	0.00761	0.00244	0.00411	0.29611	0.00543	0.00502
