[name]
unknown

[dist]
# distance from previous block
# <min> <max>
0	110

[block]
# block no. 0 follows, 51 sequences, length 30
# corresponding to MSA columns:
# 115-144
name=unknown_A
#
# <colnr> <probs for GDERKNQSTAVLIFYWHMCP>
#	G	D	E	R	K	N	Q	S	T	A	V	L	I	F	Y	W	H	M	C	P
0	0.04018	0.01041	0.01500	0.23077	0.17900	0.02469	0.05278	0.11682	0.03909	0.07022	0.01125	0.01478	0.00897	0.00531	0.00482	0.00147	0.00555	0.04443	0.00323	0.12123
1	0.00928	0.00873	0.01474	0.81548	0.03385	0.01092	0.01365	0.01256	0.00983	0.01256	0.00873	0.01310	0.00655	0.00491	0.00491	0.00164	0.00655	0.00437	0.00218	0.00546
2	0.82941	0.00946	0.00739	0.00655	0.00962	0.01088	0.00540	0.01481	0.00858	0.05224	0.00733	0.00832	0.00559	0.00462	0.00311	0.00152	0.00382	0.00275	0.00316	0.00544
3	0.01465	0.00731	0.00918	0.00764	0.01032	0.01907	0.00606	0.01714	0.05016	0.39572	0.23552	0.05089	0.10610	0.00807	0.00526	0.00153	0.00348	0.00682	0.00545	0.03963
4	0.00697	0.00469	0.00541	0.00559	0.00563	0.00464	0.00322	0.00710	0.00750	0.01000	0.01728	0.15507	0.02014	0.70129	0.02210	0.00433	0.00447	0.00821	0.00322	0.00314
5	0.00603	0.00479	0.00542	0.00568	0.00688	0.00418	0.00410	0.00733	0.01111	0.01404	0.15504	0.26132	0.47094	0.01291	0.00594	0.00174	0.00256	0.01115	0.00469	0.00418
6	0.00623	0.00447	0.00592	0.00667	0.00718	0.00416	0.00458	0.00746	0.01055	0.01437	0.22202	0.62396	0.03603	0.01404	0.00615	0.00188	0.00272	0.01268	0.00478	0.00416
7	0.00660	0.00458	0.00558	0.00614	0.00636	0.00442	0.00388	0.00710	0.00845	0.01119	0.02225	0.39599	0.05051	0.40338	0.01523	0.00332	0.00381	0.03387	0.00380	0.00353
8	0.00986	0.02542	0.80183	0.01401	0.02127	0.01141	0.01816	0.01556	0.01038	0.01556	0.00882	0.01038	0.00623	0.00467	0.00467	0.00156	0.00726	0.00363	0.00208	0.00726
9	0.86201	0.00950	0.00722	0.00646	0.00950	0.01102	0.00532	0.01445	0.00836	0.02205	0.00684	0.00798	0.00532	0.00456	0.00304	0.00152	0.00380	0.00266	0.00304	0.00532
10	0.00692	0.00499	0.00653	0.00621	0.00733	0.00461	0.00463	0.00918	0.01373	0.01942	0.76386	0.06769	0.04582	0.01026	0.00581	0.00156	0.00234	0.00909	0.00538	0.00461
11	0.01314	0.83025	0.02575	0.00841	0.01261	0.01945	0.00841	0.01472	0.00999	0.01156	0.00683	0.00788	0.00631	0.00420	0.00315	0.00105	0.00526	0.00263	0.00210	0.00631
12	0.00933	0.00868	0.01442	0.75715	0.03209	0.01087	0.01320	0.01249	0.00975	0.01272	0.00889	0.01318	0.00675	0.00509	0.00531	0.00164	0.03835	0.00437	0.03030	0.00543
13	0.01088	0.00597	0.00620	0.00564	0.00726	0.00614	0.00437	0.11820	0.01219	0.04458	0.01555	0.01737	0.01200	0.00576	0.00369	0.00120	0.00278	0.00457	0.71043	0.00522
14	0.86201	0.00950	0.00722	0.00646	0.00950	0.01102	0.00532	0.01445	0.00836	0.02205	0.00684	0.00798	0.00532	0.00456	0.00304	0.00152	0.00380	0.00266	0.00304	0.00532
15	0.01216	0.01168	0.01995	0.03016	0.79664	0.01168	0.01508	0.01508	0.01119	0.01605	0.00924	0.01216	0.00778	0.00438	0.00487	0.00146	0.00584	0.00438	0.00243	0.00778
16	0.01396	0.01142	0.01209	0.01035	0.01344	0.01303	0.00820	0.22903	0.58201	0.02336	0.01779	0.01658	0.01321	0.00646	0.00498	0.00162	0.00430	0.00525	0.00498	0.00793
17	0.01222	0.01056	0.01111	0.01000	0.01278	0.01222	0.00778	0.02611	0.78776	0.02056	0.02000	0.01833	0.01500	0.00667	0.00500	0.00167	0.00389	0.00556	0.00500	0.00778
18	0.01160	0.01326	0.02900	0.02071	0.02568	0.01243	0.77879	0.01574	0.01160	0.01574	0.00994	0.01326	0.00746	0.00414	0.00580	0.00166	0.00829	0.00580	0.00249	0.00663
19	0.01350	0.00791	0.00913	0.00786	0.01031	0.00814	0.00620	0.07654	0.22646	0.21027	0.14517	0.02046	0.01837	0.00679	0.00473	0.00147	0.00343	0.00563	0.21096	0.00668
20	0.07859	0.03705	0.03280	0.09456	0.41283	0.03318	0.05770	0.07003	0.02723	0.06771	0.03494	0.01290	0.00904	0.00489	0.00476	0.00149	0.00570	0.00443	0.00300	0.00718
21	0.00693	0.00552	0.00826	0.13919	0.03422	0.00563	0.02614	0.00840	0.00972	0.01285	0.02358	0.59404	0.04232	0.01295	0.00602	0.00192	0.00375	0.05006	0.00406	0.00443
22	0.00603	0.00433	0.00572	0.00675	0.00712	0.00403	0.00454	0.00696	0.00967	0.01290	0.06311	0.76295	0.05757	0.01506	0.00624	0.00196	0.00281	0.01362	0.00460	0.00403
23	0.01207	0.02260	0.01164	0.03908	0.04801	0.00933	0.02106	0.07044	0.04229	0.16287	0.20569	0.05990	0.03267	0.01005	0.06219	0.00211	0.17148	0.00625	0.00421	0.00606
24	0.01159	0.08613	0.44979	0.01733	0.19545	0.05265	0.05632	0.03056	0.01109	0.03145	0.00902	0.01081	0.00682	0.00461	0.00465	0.00148	0.00682	0.00385	0.00234	0.00723
25	0.05842	0.00979	0.02797	0.11625	0.04303	0.01053	0.00914	0.10759	0.04161	0.28380	0.02484	0.01418	0.00981	0.00664	0.00735	0.02886	0.15745	0.00457	0.03135	0.00683
26	0.00655	0.00556	0.04599	0.00730	0.00801	0.00464	0.00535	0.02538	0.00969	0.01302	0.02529	0.74143	0.02994	0.01468	0.00652	0.02594	0.00317	0.01295	0.00438	0.00421
27	0.02885	0.01275	0.03875	0.05400	0.09826	0.17039	0.06138	0.05470	0.10948	0.06288	0.05999	0.07711	0.02613	0.00710	0.00614	0.00163	0.08177	0.03888	0.00355	0.00627
28	0.14168	0.02854	0.05418	0.02785	0.09000	0.06395	0.05698	0.14190	0.02426	0.20987	0.01275	0.01492	0.00967	0.03122	0.00553	0.00163	0.02245	0.03670	0.01896	0.00694
29	0.03207	0.02643	0.02780	0.09256	0.05252	0.03642	0.05908	0.19750	0.05059	0.16101	0.05813	0.07891	0.04902	0.00702	0.00511	0.00157	0.00499	0.03077	0.00428	0.02421

[dist]
# distance from previous block
# <min> <max>
0	15

[block]
# block no. 1 follows, 51 sequences, length 9
# corresponding to MSA columns:
# 160-168
name=unknown_B
#
# <colnr> <probs for GDERKNQSTAVLIFYWHMCP>
#	G	D	E	R	K	N	Q	S	T	A	V	L	I	F	Y	W	H	M	C	P
0	0.01003	0.00690	0.01078	0.01029	0.05157	0.00661	0.10515	0.03141	0.01078	0.13364	0.04090	0.44357	0.02305	0.06108	0.00729	0.00200	0.02535	0.01000	0.00429	0.00530
1	0.00822	0.00622	0.00943	0.05484	0.01145	0.00599	0.08923	0.00997	0.01049	0.05687	0.02666	0.23083	0.18674	0.03248	0.05232	0.02171	0.00462	0.15383	0.02340	0.00471
2	0.05851	0.01188	0.01356	0.37829	0.02226	0.17001	0.01104	0.01383	0.01008	0.01319	0.00838	0.01180	0.00682	0.00580	0.00712	0.00164	0.18769	0.00403	0.05865	0.00542
3	0.00715	0.00476	0.00536	0.00536	0.00536	0.00476	0.00298	0.00715	0.00715	0.00953	0.01548	0.03216	0.01787	0.82729	0.02501	0.00476	0.00476	0.00715	0.00298	0.00298
4	0.01019	0.00873	0.01019	0.00728	0.01165	0.00655	0.00582	0.01237	0.01019	0.01601	0.00873	0.01019	0.00728	0.00364	0.00364	0.00073	0.00364	0.00291	0.00291	0.85734
5	0.01315	0.58453	0.16857	0.00996	0.01453	0.11187	0.01035	0.01546	0.01053	0.01236	0.00729	0.00846	0.00629	0.00439	0.00359	0.00117	0.00606	0.00288	0.00215	0.00641
6	0.00928	0.00873	0.01474	0.81548	0.03385	0.01092	0.01365	0.01256	0.00983	0.01256	0.00873	0.01310	0.00655	0.00491	0.00491	0.00164	0.00655	0.00437	0.00218	0.00546
7	0.01432	0.01118	0.01192	0.00996	0.01287	0.01255	0.00783	0.34436	0.36233	0.02357	0.01593	0.01733	0.01254	0.11175	0.00754	0.00198	0.00465	0.00528	0.00470	0.00741
8	0.01305	0.01097	0.01158	0.01017	0.01309	0.01261	0.00798	0.12298	0.68954	0.02189	0.01895	0.01750	0.01415	0.00657	0.00499	0.00164	0.00408	0.00541	0.00499	0.00785

[dist]
# distance from previous block
# <min> <max>
0	24

[block]
# block no. 2 follows, 51 sequences, length 13
# corresponding to MSA columns:
# 193-205
name=unknown_C
#
# <colnr> <probs for GDERKNQSTAVLIFYWHMCP>
#	G	D	E	R	K	N	Q	S	T	A	V	L	I	F	Y	W	H	M	C	P
0	0.07243	0.01014	0.05943	0.00914	0.01290	0.00880	0.02451	0.11501	0.06041	0.31158	0.06879	0.01681	0.01302	0.00598	0.00471	0.00141	0.00436	0.03333	0.00466	0.16258
1	0.00671	0.00551	0.00598	0.00577	0.00740	0.00503	0.00435	0.00942	0.08402	0.01568	0.24760	0.04175	0.52060	0.01126	0.00573	0.00163	0.00257	0.00952	0.00483	0.00462
2	0.86201	0.00950	0.00722	0.00646	0.00950	0.01102	0.00532	0.01445	0.00836	0.02205	0.00684	0.00798	0.00532	0.00456	0.00304	0.00152	0.00380	0.00266	0.00304	0.00532
3	0.05644	0.04315	0.02109	0.05714	0.25015	0.01282	0.27647	0.11659	0.04641	0.01789	0.00992	0.01236	0.00776	0.00483	0.00558	0.00157	0.04512	0.00477	0.00289	0.00706
4	0.01022	0.00805	0.01000	0.00913	0.01115	0.00838	0.04943	0.17422	0.13062	0.01841	0.04096	0.24712	0.12165	0.01066	0.00578	0.00181	0.00406	0.12802	0.00460	0.00575
5	0.00581	0.00498	0.00498	0.00498	0.00664	0.00415	0.00373	0.00705	0.01120	0.01328	0.04978	0.04729	0.79464	0.01245	0.00581	0.00166	0.00249	0.01037	0.00456	0.00415
6	0.01560	0.20942	0.01692	0.01172	0.01413	0.46300	0.00950	0.01690	0.01171	0.01188	0.00719	0.00902	0.00635	0.00558	0.00650	0.00139	0.17182	0.00327	0.00235	0.00577
7	0.10817	0.01149	0.05123	0.06062	0.06844	0.01115	0.09749	0.21334	0.04434	0.24791	0.01336	0.01415	0.00944	0.00557	0.00485	0.00155	0.00532	0.01981	0.00431	0.00747
8	0.00703	0.00522	0.00769	0.00769	0.00849	0.00603	0.00588	0.00864	0.00783	0.01125	0.01336	0.02038	0.01275	0.10312	0.74220	0.00764	0.01246	0.00542	0.00266	0.00427
9	0.00599	0.00428	0.00570	0.00684	0.00713	0.00399	0.00456	0.00684	0.00941	0.01254	0.02709	0.82409	0.03250	0.01540	0.00627	0.00200	0.00285	0.01397	0.00456	0.00399
10	0.01301	0.01124	0.01673	0.10861	0.12897	0.01216	0.15620	0.10362	0.28459	0.06565	0.01389	0.01483	0.01039	0.00560	0.00546	0.00162	0.03124	0.00510	0.00380	0.00731
11	0.01611	0.01546	0.01408	0.11258	0.04854	0.26396	0.00996	0.31525	0.08101	0.02047	0.01133	0.01362	0.00895	0.00587	0.00485	0.00148	0.00649	0.03938	0.00371	0.00691
12	0.06142	0.01374	0.13895	0.01270	0.07497	0.01208	0.04773	0.27584	0.12395	0.16866	0.01334	0.01330	0.00941	0.00557	0.00483	0.00153	0.00535	0.00452	0.00429	0.00781

[dist]
# distance from previous block
# <min> <max>
0	4

[block]
# block no. 3 follows, 51 sequences, length 27
# corresponding to MSA columns:
# 210-236
name=unknown_D
#
# <colnr> <probs for GDERKNQSTAVLIFYWHMCP>
#	G	D	E	R	K	N	Q	S	T	A	V	L	I	F	Y	W	H	M	C	P
0	0.01127	0.04569	0.12717	0.01019	0.02768	0.00956	0.06819	0.10150	0.14945	0.06125	0.07928	0.10417	0.06507	0.00736	0.00498	0.00155	0.00449	0.00633	0.10846	0.00638
1	0.03222	0.15452	0.35421	0.01155	0.01657	0.06621	0.03181	0.02818	0.01137	0.14521	0.04378	0.01209	0.00903	0.00523	0.00496	0.00146	0.04097	0.00393	0.00301	0.02366
2	0.00706	0.00513	0.00685	0.00776	0.00860	0.00499	0.00608	0.00900	0.03040	0.01432	0.09161	0.36924	0.06310	0.01381	0.00641	0.00205	0.00355	0.34103	0.00463	0.00438
3	0.01390	0.55479	0.06503	0.00950	0.01358	0.15546	0.00900	0.04735	0.01126	0.01298	0.00741	0.00851	0.00646	0.00441	0.00357	0.00111	0.00589	0.00287	0.00235	0.06457
4	0.01314	0.83025	0.02575	0.00841	0.01261	0.01945	0.00841	0.01472	0.00999	0.01156	0.00683	0.00788	0.00631	0.00420	0.00315	0.00105	0.00526	0.00263	0.00210	0.00631
5	0.01016	0.01134	0.07855	0.39459	0.05817	0.01230	0.12162	0.01315	0.00957	0.01320	0.00833	0.01225	0.00668	0.00574	0.00799	0.00176	0.22205	0.00450	0.00222	0.00584
6	0.01869	0.00831	0.01055	0.00832	0.01157	0.00773	0.00679	0.12199	0.01474	0.53091	0.07634	0.01780	0.01430	0.00631	0.00480	0.00146	0.00394	0.00512	0.12279	0.00756
7	0.00620	0.00499	0.00552	0.00539	0.00688	0.00431	0.00404	0.00780	0.01212	0.01545	0.30140	0.04372	0.54168	0.01163	0.00580	0.00162	0.00243	0.00987	0.00485	0.00431
8	0.01075	0.01075	0.01505	0.01290	0.01290	0.01505	0.01075	0.01183	0.00753	0.01183	0.00645	0.01075	0.00645	0.00860	0.01613	0.00215	0.81830	0.00430	0.00215	0.00538
9	0.00599	0.00428	0.00570	0.00684	0.00713	0.00399	0.00456	0.00684	0.00941	0.01254	0.02709	0.82409	0.03250	0.01540	0.00627	0.00200	0.00285	0.01397	0.00456	0.00399
10	0.00605	0.00432	0.00578	0.00692	0.00723	0.00405	0.00468	0.00696	0.00947	0.01262	0.02705	0.79745	0.03236	0.01533	0.00629	0.00201	0.00291	0.03995	0.00456	0.00401
11	0.00715	0.00476	0.00536	0.00536	0.00536	0.00476	0.00298	0.00715	0.00715	0.00953	0.01548	0.03216	0.01787	0.82729	0.02501	0.00476	0.00476	0.00715	0.00298	0.00298
12	0.01866	0.01342	0.01449	0.01115	0.01504	0.01478	0.00920	0.72315	0.04447	0.06688	0.01239	0.01222	0.00873	0.00593	0.00492	0.00148	0.00531	0.00448	0.00497	0.00834
13	0.02161	0.00906	0.01184	0.00907	0.01289	0.00826	0.00750	0.12161	0.01523	0.70073	0.01841	0.01609	0.01167	0.00606	0.00494	0.00151	0.00434	0.00488	0.00593	0.00836
14	0.01836	0.02342	0.01393	0.01266	0.01519	0.80756	0.00950	0.01962	0.01393	0.01203	0.00760	0.00886	0.00633	0.00506	0.00443	0.00127	0.00886	0.00317	0.00253	0.00570
15	0.00928	0.00873	0.01474	0.81548	0.03385	0.01092	0.01365	0.01256	0.00983	0.01256	0.00873	0.01310	0.00655	0.00491	0.00491	0.00164	0.00655	0.00437	0.00218	0.00546
16	0.00854	0.00427	0.00640	0.00640	0.00640	0.00427	0.00427	0.00640	0.00640	0.00854	0.00854	0.01494	0.00854	0.01707	0.01921	0.85702	0.00427	0.00427	0.00213	0.00213
17	0.00998	0.05574	0.77259	0.01380	0.02094	0.01172	0.01779	0.01553	0.01036	0.01541	0.00874	0.01028	0.00623	0.00465	0.00461	0.00154	0.00719	0.00359	0.00208	0.00723
18	0.01805	0.00878	0.04111	0.06424	0.01398	0.00765	0.02582	0.04770	0.01331	0.54662	0.01846	0.06984	0.01347	0.00687	0.00507	0.00158	0.00445	0.04484	0.04071	0.00745
19	0.01686	0.01015	0.04528	0.03474	0.01407	0.04185	0.06073	0.12404	0.01458	0.39580	0.10953	0.03758	0.01610	0.00689	0.00520	0.00157	0.00479	0.04797	0.00504	0.00724
20	0.06832	0.10627	0.09287	0.02343	0.01486	0.08878	0.05035	0.14896	0.06817	0.12935	0.01120	0.01167	0.00827	0.00500	0.00436	0.00132	0.00540	0.00387	0.00362	0.15395
21	0.05424	0.07163	0.04072	0.08491	0.33893	0.01207	0.01169	0.10336	0.06670	0.10526	0.01132	0.02824	0.00890	0.00532	0.00511	0.00151	0.03500	0.00448	0.00331	0.00732
22	0.00593	0.00475	0.00531	0.00574	0.00691	0.00414	0.00414	0.00707	0.01058	0.01306	0.04119	0.31874	0.50715	0.01351	0.00600	0.00179	0.00267	0.03266	0.00456	0.00410
23	0.00971	0.01345	0.26068	0.21593	0.07451	0.00961	0.02871	0.01405	0.06978	0.04329	0.05223	0.14363	0.01364	0.00750	0.02038	0.00177	0.00580	0.00606	0.00308	0.00620
24	0.02935	0.11651	0.14970	0.11091	0.06054	0.01246	0.09198	0.17797	0.01381	0.17266	0.01138	0.01230	0.00809	0.00511	0.00472	0.00148	0.00590	0.00427	0.00356	0.00730
25	0.01078	0.09060	0.01169	0.02802	0.06896	0.02244	0.00748	0.06074	0.12819	0.05982	0.01890	0.24475	0.06234	0.00906	0.00630	0.00167	0.09278	0.00746	0.06215	0.00585
26	0.00598	0.00431	0.00567	0.00676	0.00711	0.00400	0.00453	0.00685	0.00948	0.01258	0.02804	0.79149	0.06449	0.01527	0.00625	0.00198	0.00284	0.01382	0.00456	0.00400

[dist]
# distance from previous block
# <min> <max>
0	1

[block]
# block no. 4 follows, 51 sequences, length 22
# corresponding to MSA columns:
# 238-259
name=unknown_E
#
# <colnr> <probs for GDERKNQSTAVLIFYWHMCP>
#	G	D	E	R	K	N	Q	S	T	A	V	L	I	F	Y	W	H	M	C	P
0	0.01639	0.07111	0.06279	0.03148	0.11591	0.08098	0.06937	0.03537	0.04691	0.34160	0.02855	0.05382	0.01145	0.00592	0.00489	0.00150	0.00537	0.00504	0.00423	0.00733
1	0.03793	0.06479	0.01702	0.02847	0.04006	0.10316	0.15190	0.25098	0.01578	0.20638	0.02728	0.01308	0.00934	0.00540	0.00489	0.00147	0.00597	0.00459	0.00413	0.00738
2	0.86201	0.00950	0.00722	0.00646	0.00950	0.01102	0.00532	0.01445	0.00836	0.02205	0.00684	0.00798	0.00532	0.00456	0.00304	0.00152	0.00380	0.00266	0.00304	0.00532
3	0.01086	0.01026	0.04703	0.04109	0.13842	0.01017	0.12855	0.04090	0.19810	0.03517	0.11959	0.03318	0.04924	0.00777	0.03002	0.00182	0.04040	0.03032	0.02059	0.00653
4	0.01289	0.06420	0.01411	0.01149	0.01327	0.17534	0.00927	0.01805	0.25167	0.01470	0.01099	0.01253	0.00910	0.00685	0.00908	0.00171	0.32353	0.00431	0.00314	0.03379
5	0.00634	0.00490	0.00578	0.00576	0.00701	0.00434	0.00424	0.00800	0.01216	0.01601	0.37504	0.14610	0.36308	0.01178	0.00586	0.00165	0.00246	0.01020	0.00494	0.00434
6	0.00653	0.00499	0.00599	0.00578	0.00709	0.00445	0.00432	0.00843	0.01284	0.01726	0.51292	0.06394	0.30553	0.01104	0.00581	0.00160	0.00239	0.00955	0.00509	0.00445
7	0.00808	0.00484	0.00579	0.00615	0.00717	0.00474	0.00478	0.01016	0.01096	0.01690	0.14186	0.14667	0.02425	0.00954	0.00496	0.00158	0.00287	0.17405	0.41017	0.00449
8	0.01314	0.83025	0.02575	0.00841	0.01261	0.01945	0.00841	0.01472	0.00999	0.01156	0.00683	0.00788	0.00631	0.00420	0.00315	0.00105	0.00526	0.00263	0.00210	0.00631
9	0.00928	0.00873	0.01474	0.81548	0.03385	0.01092	0.01365	0.01256	0.00983	0.01256	0.00873	0.01310	0.00655	0.00491	0.00491	0.00164	0.00655	0.00437	0.00218	0.00546
10	0.00702	0.00527	0.00790	0.00790	0.00878	0.00614	0.00614	0.00878	0.00790	0.01141	0.01316	0.01931	0.01229	0.03686	0.80782	0.00790	0.01316	0.00527	0.00263	0.00439
11	0.04594	0.00991	0.01168	0.00918	0.01258	0.01000	0.00746	0.28202	0.04742	0.38527	0.03418	0.01621	0.01189	0.05207	0.00596	0.00168	0.00449	0.00492	0.03943	0.00770
12	0.00831	0.00589	0.00812	0.00774	0.00842	0.00677	0.00576	0.00947	0.00798	0.05507	0.01347	0.02205	0.01330	0.26756	0.44296	0.00598	0.09828	0.00570	0.00288	0.00430
13	0.01868	0.01376	0.01475	0.01131	0.01524	0.01524	0.00934	0.78025	0.02311	0.03097	0.01180	0.01180	0.00836	0.00590	0.00492	0.00147	0.00541	0.00442	0.00492	0.00836
14	0.86201	0.00950	0.00722	0.00646	0.00950	0.01102	0.00532	0.01445	0.00836	0.02205	0.00684	0.00798	0.00532	0.00456	0.00304	0.00152	0.00380	0.00266	0.00304	0.00532
15	0.00934	0.00556	0.00728	0.00654	0.00815	0.00503	0.00502	0.01154	0.01382	0.14494	0.63876	0.03393	0.07173	0.00951	0.00566	0.00155	0.00263	0.00831	0.00548	0.00522
16	0.02100	0.00810	0.01098	0.00850	0.01210	0.00703	0.00699	0.02294	0.01393	0.74211	0.05029	0.01758	0.01355	0.00623	0.00492	0.00151	0.00404	0.00509	0.03503	0.00808
17	0.00715	0.00476	0.00536	0.00536	0.00536	0.00476	0.00298	0.00715	0.00715	0.00953	0.01548	0.03216	0.01787	0.82729	0.02501	0.00476	0.00476	0.00715	0.00298	0.00298
18	0.01681	0.01284	0.01369	0.01093	0.01453	0.01437	0.00889	0.56176	0.24465	0.02795	0.01418	0.01369	0.01028	0.00612	0.00494	0.00153	0.00497	0.00475	0.00494	0.00819
19	0.04010	0.01001	0.01192	0.00934	0.01289	0.04683	0.00765	0.16104	0.01542	0.55314	0.04880	0.01593	0.01231	0.00619	0.00516	0.00152	0.02345	0.00486	0.00551	0.00794
20	0.04571	0.00952	0.01193	0.00921	0.01299	0.00904	0.00760	0.17289	0.03524	0.60590	0.01754	0.01554	0.01129	0.00602	0.00488	0.00152	0.00440	0.00479	0.00574	0.00826
21	0.01216	0.01168	0.01995	0.03016	0.79664	0.01168	0.01508	0.01508	0.01119	0.01605	0.00924	0.01216	0.00778	0.00438	0.00487	0.00146	0.00584	0.00438	0.00243	0.00778

[dist]
# distance from previous block
# <min> <max>
2	30

[block]
# block no. 5 follows, 51 sequences, length 57
# corresponding to MSA columns:
# 290-346
name=unknown_F
#
# <colnr> <probs for GDERKNQSTAVLIFYWHMCP>
#	G	D	E	R	K	N	Q	S	T	A	V	L	I	F	Y	W	H	M	C	P
0	0.06444	0.30482	0.01749	0.00973	0.01346	0.06416	0.00844	0.26555	0.11484	0.07564	0.01108	0.01119	0.00845	0.00528	0.00416	0.00134	0.00519	0.00379	0.00375	0.00721
1	0.00619	0.00448	0.00580	0.00665	0.00715	0.00416	0.00456	0.00723	0.00997	0.01327	0.10482	0.62361	0.09307	0.04852	0.00699	0.00205	0.00291	0.03996	0.00458	0.00405
2	0.03621	0.46163	0.27981	0.04213	0.01658	0.01592	0.02783	0.04428	0.01060	0.01405	0.00782	0.00917	0.00636	0.00446	0.00384	0.00128	0.00599	0.00316	0.00224	0.00665
3	0.00854	0.00427	0.00640	0.00640	0.00640	0.00427	0.00427	0.00640	0.00640	0.00854	0.00854	0.01494	0.00854	0.01707	0.01921	0.85702	0.00427	0.00427	0.00213	0.00213
4	0.00916	0.00458	0.00458	0.00458	0.00573	0.00458	0.00344	0.01145	0.01031	0.01832	0.01603	0.01832	0.01260	0.00573	0.00344	0.00115	0.00229	0.00458	0.85457	0.00458
5	0.01009	0.00770	0.01246	0.06188	0.28786	0.00773	0.02543	0.01127	0.00973	0.04150	0.01402	0.07538	0.02956	0.01049	0.00948	0.25079	0.00494	0.12156	0.00297	0.00517
6	0.10030	0.04237	0.01551	0.05599	0.01625	0.03140	0.16103	0.07610	0.01312	0.38120	0.01432	0.01507	0.00995	0.00562	0.00505	0.00156	0.01725	0.02623	0.00441	0.00725
7	0.02790	0.00822	0.00941	0.00691	0.01084	0.00639	0.00550	0.01230	0.01017	0.01644	0.00964	0.01119	0.00792	0.00393	0.00360	0.00080	0.00347	0.00312	0.11269	0.72957
8	0.01181	0.50426	0.34010	0.01068	0.01612	0.01619	0.01236	0.01506	0.01014	0.01318	0.00764	0.00889	0.00627	0.00439	0.00377	0.00126	0.00607	0.00303	0.00209	0.00669
9	0.01025	0.00684	0.00967	0.16199	0.04284	0.00675	0.02319	0.01268	0.02712	0.15885	0.25298	0.04519	0.20465	0.00862	0.00543	0.00160	0.00380	0.00746	0.00452	0.00556
10	0.86201	0.00950	0.00722	0.00646	0.00950	0.01102	0.00532	0.01445	0.00836	0.02205	0.00684	0.00798	0.00532	0.00456	0.00304	0.00152	0.00380	0.00266	0.00304	0.00532
11	0.00599	0.00428	0.00570	0.00684	0.00713	0.00399	0.00456	0.00684	0.00941	0.01254	0.02709	0.82409	0.03250	0.01540	0.00627	0.00200	0.00285	0.01397	0.00456	0.00399
12	0.01007	0.00859	0.01005	0.00724	0.01148	0.00648	0.00578	0.01226	0.01033	0.01616	0.03885	0.01121	0.00878	0.00389	0.00372	0.00076	0.00359	0.00314	0.00301	0.82464
13	0.01508	0.01032	0.01709	0.16107	0.28244	0.01029	0.10277	0.04526	0.01237	0.27452	0.01267	0.01395	0.00899	0.00506	0.00501	0.00154	0.00569	0.00473	0.00369	0.00744
14	0.01019	0.00873	0.01019	0.00728	0.01165	0.00655	0.00582	0.01237	0.01019	0.01601	0.00873	0.01019	0.00728	0.00364	0.00364	0.00073	0.00364	0.00291	0.00291	0.85734
15	0.01314	0.83025	0.02575	0.00841	0.01261	0.01945	0.00841	0.01472	0.00999	0.01156	0.00683	0.00788	0.00631	0.00420	0.00315	0.00105	0.00526	0.00263	0.00210	0.00631
16	0.01513	0.00733	0.00982	0.00926	0.06934	0.00675	0.00668	0.01774	0.05347	0.39912	0.14322	0.08398	0.04362	0.00750	0.00503	0.00153	0.00362	0.00640	0.10367	0.00678
17	0.00675	0.00502	0.00628	0.00597	0.00722	0.00455	0.00447	0.00887	0.01342	0.01855	0.66032	0.03861	0.18081	0.01048	0.00580	0.00157	0.00235	0.00915	0.00526	0.00455
18	0.00608	0.00482	0.00528	0.00548	0.00678	0.00418	0.00399	0.00739	0.01106	0.01395	0.11830	0.21153	0.52821	0.01259	0.00582	0.00170	0.00254	0.01078	0.03534	0.00418
19	0.00714	0.00481	0.00558	0.00558	0.00566	0.00488	0.00325	0.00729	0.00721	0.00969	0.01528	0.03104	0.01738	0.75851	0.09314	0.00504	0.00550	0.00698	0.00295	0.00310
20	0.00606	0.00433	0.00578	0.00692	0.00724	0.00405	0.00468	0.00696	0.00948	0.01262	0.02705	0.79630	0.03235	0.01533	0.00629	0.00201	0.00291	0.04107	0.00456	0.00401
21	0.01317	0.64385	0.05618	0.03899	0.03571	0.04548	0.02646	0.04455	0.03281	0.01300	0.00771	0.00889	0.00670	0.00442	0.00355	0.00116	0.00556	0.00302	0.00233	0.00646
22	0.00621	0.00480	0.00568	0.00595	0.00706	0.00427	0.00432	0.00765	0.01137	0.01475	0.23404	0.27612	0.35448	0.01274	0.00597	0.00175	0.00261	0.03122	0.00478	0.00424
23	0.01465	0.08284	0.03034	0.00990	0.03565	0.03619	0.00804	0.26528	0.04891	0.08885	0.01097	0.01146	0.00827	0.00486	0.00427	0.00117	0.00472	0.00374	0.00382	0.32606
24	0.03503	0.00982	0.06929	0.01018	0.01312	0.02618	0.13123	0.03852	0.08971	0.09687	0.28779	0.02394	0.07620	0.00745	0.00562	0.00156	0.02697	0.00658	0.00433	0.03961
25	0.01309	0.08696	0.37395	0.01240	0.03358	0.01143	0.05080	0.05858	0.08689	0.16150	0.01258	0.04392	0.00941	0.00559	0.00492	0.00154	0.01762	0.00455	0.00338	0.00732
26	0.01251	0.17906	0.20967	0.01512	0.13381	0.01242	0.13791	0.01622	0.04093	0.10824	0.04319	0.02983	0.00994	0.00523	0.00497	0.00148	0.02494	0.00458	0.00298	0.00697
27	0.02088	0.00897	0.01271	0.00969	0.01354	0.00805	0.05938	0.05198	0.04110	0.69108	0.01849	0.01636	0.01180	0.00596	0.00500	0.00153	0.00449	0.00500	0.00576	0.00823
28	0.01523	0.01427	0.24288	0.04088	0.04103	0.01016	0.03270	0.13058	0.05377	0.27662	0.01482	0.01715	0.01092	0.00616	0.00504	0.00160	0.00553	0.06894	0.00420	0.00751
29	0.04585	0.01231	0.06818	0.06238	0.37170	0.02995	0.08132	0.04521	0.11549	0.10128	0.01174	0.01326	0.00892	0.00497	0.00489	0.00153	0.00573	0.00458	0.00325	0.00746
30	0.00928	0.00873	0.01474	0.81548	0.03385	0.01092	0.01365	0.01256	0.00983	0.01256	0.00873	0.01310	0.00655	0.00491	0.00491	0.00164	0.00655	0.00437	0.00218	0.00546
31	0.50037	0.01027	0.04342	0.00792	0.01141	0.01041	0.00680	0.07820	0.04189	0.23030	0.01119	0.01113	0.00781	0.00516	0.00385	0.00152	0.00418	0.00357	0.00404	0.00656
32	0.38841	0.20373	0.03916	0.02704	0.03437	0.02815	0.08879	0.01565	0.00991	0.09530	0.00858	0.00975	0.00662	0.00468	0.00398	0.00143	0.02195	0.00337	0.00297	0.00613
33	0.00711	0.00492	0.00616	0.00616	0.00643	0.00520	0.00397	0.00766	0.00738	0.01012	0.01475	0.02812	0.01611	0.57863	0.27128	0.00575	0.00741	0.00655	0.00287	0.00342
34	0.86201	0.00950	0.00722	0.00646	0.00950	0.01102	0.00532	0.01445	0.00836	0.02205	0.00684	0.00798	0.00532	0.00456	0.00304	0.00152	0.00380	0.00266	0.00304	0.00532
35	0.15034	0.13559	0.27400	0.01316	0.01813	0.07261	0.19629	0.01564	0.01063	0.03752	0.00911	0.02936	0.00717	0.00478	0.00448	0.00149	0.00659	0.00409	0.00254	0.00649
36	0.00986	0.02542	0.80183	0.01401	0.02127	0.01141	0.01816	0.01556	0.01038	0.01556	0.00882	0.01038	0.00623	0.00467	0.00467	0.00156	0.00726	0.00363	0.00208	0.00726
37	0.00928	0.00873	0.01474	0.81548	0.03385	0.01092	0.01365	0.01256	0.00983	0.01256	0.00873	0.01310	0.00655	0.00491	0.00491	0.00164	0.00655	0.00437	0.00218	0.00546
38	0.00702	0.00527	0.00790	0.00790	0.00878	0.00614	0.00614	0.00878	0.00790	0.01141	0.01316	0.01931	0.01229	0.03686	0.80782	0.00790	0.01316	0.00527	0.00263	0.00439
39	0.00986	0.02542	0.80183	0.01401	0.02127	0.01141	0.01816	0.01556	0.01038	0.01556	0.00882	0.01038	0.00623	0.00467	0.00467	0.00156	0.00726	0.00363	0.00208	0.00726
40	0.01231	0.01301	0.04903	0.03175	0.34953	0.13794	0.02559	0.01723	0.16920	0.01661	0.10256	0.02823	0.01378	0.00580	0.00496	0.00150	0.00559	0.00509	0.00333	0.00694
41	0.01277	0.03349	0.04494	0.16935	0.06190	0.01129	0.06300	0.17654	0.16176	0.07525	0.03185	0.06334	0.04507	0.00662	0.00510	0.00160	0.00519	0.02012	0.00395	0.00685
42	0.06751	0.24815	0.23399	0.01035	0.01508	0.03185	0.01072	0.08330	0.07394	0.14968	0.01104	0.01131	0.00810	0.00503	0.00421	0.00138	0.00550	0.00371	0.00333	0.02183
43	0.00746	0.00536	0.00666	0.00683	0.00708	0.00567	0.00472	0.00807	0.00822	0.01103	0.01804	0.12012	0.02053	0.51819	0.01878	0.00378	0.06939	0.15310	0.00338	0.00358
44	0.01160	0.01326	0.02900	0.02071	0.02568	0.01243	0.77879	0.01574	0.01160	0.01574	0.00994	0.01326	0.00746	0.00414	0.00580	0.00166	0.00829	0.00580	0.00249	0.00663
45	0.04542	0.09232	0.26286	0.08228	0.11586	0.04182	0.04318	0.01565	0.09228	0.02811	0.02916	0.01630	0.04207	0.00579	0.00475	0.00154	0.00583	0.04783	0.02034	0.00660
46	0.01253	0.01042	0.01671	0.35251	0.25185	0.03577	0.07127	0.01593	0.04152	0.12721	0.01091	0.01343	0.00811	0.00494	0.00496	0.00156	0.00610	0.00457	0.00296	0.00674
47	0.00696	0.00502	0.00657	0.00618	0.00734	0.00464	0.00464	0.00927	0.01391	0.01971	0.79405	0.03671	0.04637	0.01005	0.00580	0.00155	0.00232	0.00889	0.00541	0.00464
48	0.00968	0.00801	0.01311	0.53272	0.06547	0.00953	0.01149	0.01246	0.00975	0.06272	0.01087	0.03681	0.00888	0.01193	0.17301	0.00294	0.00765	0.00486	0.00260	0.00550
49	0.06903	0.09545	0.09056	0.09907	0.14134	0.01197	0.16327	0.05856	0.03619	0.15372	0.01108	0.01255	0.00813	0.00495	0.00500	0.00152	0.02289	0.00444	0.00324	0.00704
50	0.01483	0.01669	0.01415	0.12417	0.06993	0.43420	0.04469	0.01741	0.05338	0.04216	0.07227	0.01423	0.01099	0.00579	0.00505	0.00145	0.02386	0.02581	0.00301	0.00593
51	0.00714	0.00477	0.00539	0.00538	0.00540	0.00476	0.00301	0.00719	0.00729	0.00975	0.03208	0.03226	0.01847	0.80987	0.02460	0.00470	0.00471	0.00718	0.00303	0.00301
52	0.07616	0.03162	0.06016	0.02789	0.07486	0.00890	0.05448	0.02630	0.00979	0.06204	0.03097	0.11166	0.04223	0.09396	0.13662	0.00302	0.09984	0.04089	0.00325	0.00537
53	0.01321	0.11484	0.19888	0.09121	0.08276	0.03028	0.04711	0.04495	0.09422	0.15094	0.01229	0.03590	0.00937	0.00619	0.02187	0.00166	0.02941	0.00454	0.00334	0.00702
54	0.00598	0.00456	0.00551	0.00625	0.00704	0.00409	0.00437	0.00701	0.01009	0.01286	0.03496	0.53237	0.29794	0.01432	0.00612	0.00189	0.00277	0.03326	0.00456	0.00406
55	0.00926	0.00877	0.05124	0.09172	0.11490	0.00818	0.10498	0.03359	0.01149	0.01527	0.03661	0.04949	0.07026	0.00962	0.00599	0.00191	0.00530	0.36223	0.00369	0.00550
56	0.04965	0.08213	0.35318	0.02897	0.03156	0.05047	0.02528	0.03410	0.09275	0.14721	0.01143	0.01209	0.00822	0.00531	0.00515	0.00154	0.04657	0.00402	0.00320	0.00716

[dist]
# distance from previous block
# <min> <max>
0	18

[block]
# block no. 6 follows, 51 sequences, length 27
# corresponding to MSA columns:
# 365-391
name=unknown_G
#
# <colnr> <probs for GDERKNQSTAVLIFYWHMCP>
#	G	D	E	R	K	N	Q	S	T	A	V	L	I	F	Y	W	H	M	C	P
0	0.05609	0.04006	0.10480	0.01966	0.01199	0.02804	0.01962	0.05011	0.01168	0.07536	0.11118	0.08098	0.13158	0.00716	0.00473	0.00135	0.00413	0.00594	0.00377	0.23176
1	0.01278	0.05301	0.05032	0.06894	0.20493	0.07926	0.02728	0.05536	0.03769	0.09718	0.01446	0.01552	0.08333	0.00549	0.00461	0.00134	0.00519	0.00461	0.02734	0.15136
2	0.00854	0.00427	0.00640	0.00640	0.00640	0.00427	0.00427	0.00640	0.00640	0.00854	0.00854	0.01494	0.00854	0.01707	0.01921	0.85702	0.00427	0.00427	0.00213	0.00213
3	0.01046	0.01004	0.03666	0.10455	0.06609	0.01200	0.05841	0.01271	0.03512	0.03676	0.01000	0.01578	0.00925	0.06693	0.06834	0.00256	0.39770	0.03847	0.00260	0.00557
4	0.00802	0.05047	0.00878	0.03445	0.03147	0.02720	0.00599	0.01040	0.03981	0.01666	0.41991	0.09397	0.11463	0.02806	0.00650	0.00170	0.03795	0.05462	0.00455	0.00487
5	0.00644	0.00487	0.00594	0.00596	0.00710	0.00437	0.00436	0.00816	0.01226	0.01647	0.43144	0.19216	0.25899	0.01177	0.00589	0.00167	0.00247	0.01030	0.00500	0.00437
6	0.01411	0.69966	0.02376	0.00895	0.01293	0.11801	0.00850	0.01566	0.01063	0.03968	0.00737	0.00832	0.00652	0.00438	0.00338	0.00109	0.00567	0.00278	0.00230	0.00630
7	0.05094	0.00840	0.01126	0.00866	0.01244	0.00735	0.00716	0.02362	0.01387	0.77328	0.01896	0.01643	0.01193	0.00603	0.00488	0.00152	0.00417	0.00486	0.00598	0.00826
8	0.08647	0.06686	0.01289	0.01085	0.06128	0.09661	0.00818	0.09040	0.27202	0.19737	0.03697	0.01493	0.01187	0.00590	0.00464	0.00150	0.00479	0.00464	0.00447	0.00735
9	0.22365	0.01140	0.06264	0.17672	0.10122	0.01111	0.24865	0.01464	0.01051	0.04076	0.04639	0.01285	0.00870	0.00480	0.00474	0.00158	0.00610	0.00458	0.00278	0.00618
10	0.01469	0.03986	0.06253	0.01057	0.01426	0.01331	0.00898	0.34098	0.34185	0.02403	0.01469	0.01422	0.01087	0.00594	0.00479	0.00150	0.00477	0.00469	0.00455	0.06292
11	0.00708	0.00537	0.00619	0.03055	0.00830	0.00483	0.00484	0.00884	0.02436	0.04778	0.13355	0.08101	0.51640	0.01182	0.00585	0.00172	0.00292	0.08939	0.00466	0.00452
12	0.06511	0.33533	0.37848	0.01139	0.01690	0.03246	0.04032	0.01555	0.01035	0.04133	0.00830	0.00955	0.00645	0.00452	0.00402	0.00135	0.00624	0.00329	0.00231	0.00675
13	0.01232	0.09120	0.35454	0.01471	0.02033	0.01237	0.24051	0.06453	0.04636	0.08054	0.01052	0.01197	0.00761	0.00475	0.00492	0.00154	0.00687	0.00443	0.00283	0.00717
14	0.00668	0.00493	0.00624	0.00608	0.00721	0.00449	0.00450	0.00867	0.01300	0.01795	0.59787	0.12814	0.15399	0.01101	0.00585	0.00161	0.00240	0.00968	0.00519	0.00449
15	0.01206	0.01132	0.06137	0.04937	0.06364	0.01234	0.11853	0.05107	0.05734	0.08918	0.01035	0.01367	0.00857	0.04444	0.04467	0.00222	0.33588	0.00479	0.00295	0.00624
16	0.05338	0.13377	0.16598	0.05811	0.06381	0.04264	0.02754	0.01851	0.05741	0.28163	0.01376	0.02693	0.02420	0.00552	0.00457	0.00147	0.00536	0.00441	0.00380	0.00718
17	0.03363	0.18484	0.15509	0.12741	0.09935	0.03312	0.12850	0.02792	0.05722	0.05684	0.04324	0.01272	0.00920	0.00495	0.00462	0.00146	0.00610	0.00432	0.00280	0.00667
18	0.00627	0.00491	0.00568	0.00567	0.00697	0.00432	0.00418	0.00788	0.01203	0.01567	0.33396	0.13818	0.41297	0.01188	0.00586	0.00166	0.00247	0.01024	0.00489	0.00432
19	0.00992	0.05024	0.12555	0.05107	0.06882	0.05558	0.11363	0.01259	0.01095	0.03211	0.09612	0.13301	0.01799	0.00951	0.03467	0.02086	0.03050	0.11791	0.00335	0.00561
20	0.05697	0.09523	0.07989	0.09451	0.19915	0.05891	0.05732	0.04385	0.04035	0.16630	0.05170	0.01369	0.01027	0.00523	0.00469	0.00147	0.00560	0.00445	0.00342	0.00701
21	0.00852	0.00644	0.04055	0.00659	0.00836	0.00544	0.00531	0.01023	0.01168	0.10634	0.21598	0.09714	0.34966	0.03766	0.00672	0.00175	0.03921	0.00884	0.02868	0.00490
22	0.06667	0.00677	0.00860	0.00727	0.00968	0.00622	0.00576	0.01582	0.02818	0.33873	0.38022	0.02686	0.06248	0.00812	0.00526	0.00154	0.00321	0.00689	0.00549	0.00624
23	0.01115	0.09334	0.14225	0.01419	0.12730	0.02629	0.10814	0.01532	0.10422	0.06261	0.01510	0.15206	0.01412	0.00742	0.00546	0.00165	0.02596	0.06357	0.00339	0.00646
24	0.06461	0.11606	0.20660	0.05844	0.10057	0.02959	0.04927	0.07636	0.05720	0.11154	0.03137	0.03317	0.00956	0.00534	0.00458	0.00147	0.00564	0.00438	0.00326	0.03099
25	0.01284	0.00769	0.00907	0.00791	0.01031	0.00782	0.00620	0.01886	0.27158	0.22271	0.22358	0.02379	0.05067	0.00751	0.00506	0.00154	0.00333	0.00634	0.09656	0.00663
26	0.00802	0.00573	0.00686	0.02281	0.03646	0.00517	0.00515	0.00991	0.03165	0.08655	0.13423	0.09912	0.46975	0.01125	0.00574	0.00168	0.00299	0.04738	0.00469	0.00485

[dist]
# distance from previous block
# <min> <max>
3	7

[block]
# block no. 7 follows, 51 sequences, length 6
# corresponding to MSA columns:
# 399-404
name=unknown_H
#
# <colnr> <probs for GDERKNQSTAVLIFYWHMCP>
#	G	D	E	R	K	N	Q	S	T	A	V	L	I	F	Y	W	H	M	C	P
0	0.03650	0.03831	0.01442	0.05263	0.21922	0.03375	0.04288	0.12021	0.12883	0.09323	0.01512	0.15574	0.01347	0.00706	0.00507	0.00159	0.00495	0.00622	0.00388	0.00691
1	0.01089	0.04522	0.04630	0.00850	0.01288	0.00765	0.05761	0.01327	0.01054	0.06023	0.01104	0.01221	0.04005	0.00424	0.00397	0.00092	0.00416	0.00355	0.00306	0.64371
2	0.00610	0.00467	0.00561	0.00605	0.00699	0.00417	0.00428	0.00737	0.01089	0.01414	0.17789	0.40051	0.30692	0.01335	0.00602	0.00179	0.00262	0.01174	0.00472	0.00417
3	0.23323	0.01239	0.06097	0.10394	0.09689	0.07244	0.08712	0.10758	0.05716	0.08440	0.03199	0.01231	0.00869	0.00515	0.00449	0.00153	0.00556	0.00418	0.00339	0.00661
4	0.01100	0.06934	0.04365	0.09897	0.14702	0.01105	0.00978	0.08021	0.09000	0.03513	0.05146	0.05281	0.03252	0.05090	0.08840	0.00241	0.11056	0.00539	0.00324	0.00616
5	0.00645	0.00469	0.00572	0.00635	0.00693	0.00440	0.00438	0.00733	0.00942	0.01219	0.02867	0.38910	0.18115	0.21410	0.01084	0.00264	0.00343	0.09422	0.00417	0.00383

[dist]
# distance from previous block
# <min> <max>
0	226

# created by:
# /home/berkeley/.conda/envs/busco_data_prod/bin/msa2prfl.pl pipeline/OGs_align_augustus/33634/5081.fs
