[name]
unknown

[dist]
# distance from previous block
# <min> <max>
0	143

[block]
# block no. 0 follows, 35 sequences, length 18
# corresponding to MSA columns:
# 150-167
name=unknown_A
#
# <colnr> <probs for GDERKNQSTAVLIFYWHMCP>
#	G	D	E	R	K	N	Q	S	T	A	V	L	I	F	Y	W	H	M	C	P
0	0.05231	0.03165	0.03810	0.03095	0.06191	0.01343	0.02488	0.25058	0.04992	0.07580	0.07109	0.09223	0.04349	0.01188	0.04504	0.00249	0.00658	0.06602	0.00554	0.02611
1	0.01677	0.07586	0.01529	0.06026	0.01647	0.01161	0.03653	0.10443	0.04769	0.20120	0.02903	0.17572	0.13700	0.01130	0.00718	0.00211	0.02816	0.00953	0.00579	0.00807
2	0.01309	0.00885	0.01274	0.01089	0.01355	0.00829	0.07178	0.01563	0.01546	0.14469	0.22577	0.13098	0.15065	0.01236	0.00806	0.00212	0.05027	0.04142	0.00596	0.05745
3	0.01530	0.01537	0.11048	0.19443	0.16775	0.01384	0.06211	0.10229	0.01558	0.07091	0.01526	0.09304	0.01303	0.00782	0.00698	0.00203	0.03427	0.00687	0.00402	0.04860
4	0.01493	0.01407	0.04291	0.35658	0.11859	0.04527	0.06270	0.07177	0.05769	0.05198	0.03589	0.03529	0.01222	0.00724	0.00718	0.00208	0.04541	0.00626	0.00381	0.00815
5	0.01015	0.00651	0.00808	0.00849	0.00956	0.00620	0.00592	0.01224	0.04076	0.06632	0.10282	0.39553	0.07467	0.12961	0.01116	0.00289	0.00412	0.03048	0.06878	0.00570
6	0.00806	0.00633	0.00720	0.00720	0.00886	0.00556	0.00527	0.00998	0.01510	0.01945	0.26982	0.13542	0.41770	0.04515	0.00853	0.00230	0.00331	0.01314	0.00615	0.00547
7	0.01252	0.01058	0.01247	0.00929	0.01430	0.00807	0.00731	0.01520	0.01329	0.02052	0.04589	0.07729	0.01436	0.00632	0.00510	0.00112	0.00454	0.00528	0.00408	0.71245
8	0.01633	0.01439	0.06999	0.01326	0.04041	0.01163	0.06248	0.12137	0.03757	0.08497	0.01361	0.01488	0.01037	0.00569	0.00549	0.00140	0.00598	0.00477	0.00443	0.46098
9	0.00860	0.00654	0.00862	0.00938	0.01002	0.00650	0.00651	0.00978	0.01188	0.01621	0.03078	0.63411	0.03651	0.05411	0.01002	0.00266	0.06262	0.01580	0.00542	0.05393
10	0.04519	0.11986	0.01817	0.03031	0.01763	0.01698	0.01061	0.25918	0.23420	0.11247	0.01941	0.05673	0.01501	0.00819	0.00608	0.00195	0.00598	0.00647	0.00587	0.00970
11	0.11391	0.01322	0.01446	0.01320	0.06907	0.06829	0.00962	0.12043	0.01592	0.10416	0.04822	0.01860	0.01373	0.05887	0.04940	0.00248	0.05882	0.00554	0.03014	0.17192
12	0.01924	0.14403	0.06090	0.01440	0.01892	0.04647	0.05202	0.21181	0.11104	0.09702	0.01487	0.01571	0.01125	0.00747	0.00785	0.00193	0.10732	0.00545	0.00481	0.04750
13	0.01659	0.01108	0.01352	0.05377	0.03760	0.01178	0.00930	0.26541	0.01822	0.07880	0.01885	0.12182	0.01745	0.08557	0.02664	0.13443	0.00621	0.02899	0.03657	0.00741
14	0.01251	0.01174	0.01692	0.14424	0.02008	0.01560	0.01293	0.01545	0.04723	0.01588	0.01178	0.01751	0.01069	0.01875	0.18999	0.00438	0.41841	0.00594	0.00312	0.00682
15	0.01570	0.01507	0.02575	0.03894	0.73748	0.01507	0.01947	0.01947	0.01444	0.02073	0.01193	0.01570	0.01005	0.00565	0.00628	0.00188	0.00754	0.00565	0.00314	0.01005
16	0.82186	0.01227	0.00932	0.00834	0.01227	0.01423	0.00687	0.01865	0.01080	0.02846	0.00883	0.01031	0.00687	0.00589	0.00393	0.00196	0.00491	0.00344	0.00393	0.00687
17	0.01681	0.01738	0.07202	0.02132	0.02706	0.01626	0.42067	0.19371	0.05345	0.02503	0.01442	0.01821	0.01111	0.05247	0.00855	0.00231	0.00914	0.00697	0.00416	0.00895

[dist]
# distance from previous block
# <min> <max>
0	1

[block]
# block no. 1 follows, 35 sequences, length 27
# corresponding to MSA columns:
# 169-195
name=unknown_B
#
# <colnr> <probs for GDERKNQSTAVLIFYWHMCP>
#	G	D	E	R	K	N	Q	S	T	A	V	L	I	F	Y	W	H	M	C	P
0	0.14233	0.01276	0.01662	0.01413	0.01660	0.03592	0.08821	0.11013	0.01431	0.03842	0.01619	0.11560	0.01565	0.01380	0.07707	0.00306	0.20259	0.05502	0.00428	0.00731
1	0.67675	0.01110	0.00884	0.00817	0.01156	0.01268	0.00656	0.01743	0.01114	0.02694	0.01222	0.07938	0.01084	0.00727	0.00434	0.00197	0.00462	0.00496	0.07660	0.00663
2	0.01286	0.01222	0.02039	0.56473	0.17945	0.01467	0.01772	0.01679	0.01282	0.01704	0.01119	0.01645	0.00876	0.00655	0.00737	0.00212	0.06273	0.00563	0.00288	0.00764
3	0.00891	0.00703	0.00862	0.00826	0.00960	0.00695	0.00614	0.01094	0.01498	0.02022	0.35588	0.10014	0.25152	0.08275	0.01094	0.00252	0.07125	0.01179	0.00592	0.00563
4	0.44557	0.00989	0.00939	0.00875	0.01173	0.01063	0.00682	0.01744	0.01252	0.12191	0.04656	0.20497	0.01932	0.01000	0.00546	0.00210	0.00451	0.00791	0.03760	0.00690
5	0.00975	0.00768	0.00895	0.00854	0.01049	0.00753	0.00642	0.01494	0.14323	0.02298	0.39663	0.09688	0.21498	0.01342	0.00735	0.00210	0.00346	0.01162	0.00655	0.00650
6	0.00813	0.00615	0.00739	0.00768	0.00896	0.00554	0.00546	0.00994	0.01458	0.01922	0.26512	0.27316	0.27049	0.05776	0.00903	0.00245	0.00345	0.01397	0.00612	0.00541
7	0.82186	0.01227	0.00932	0.00834	0.01227	0.01423	0.00687	0.01865	0.01080	0.02846	0.00883	0.01031	0.00687	0.00589	0.00393	0.00196	0.00491	0.00344	0.00393	0.00687
8	0.75070	0.01214	0.00981	0.00861	0.01262	0.01379	0.00709	0.01975	0.01146	0.09245	0.01029	0.01132	0.00766	0.00606	0.00415	0.00196	0.00495	0.00370	0.00428	0.00722
9	0.02252	0.01683	0.01730	0.01356	0.01809	0.05205	0.01109	0.59384	0.02715	0.03674	0.01568	0.01614	0.01137	0.00754	0.00607	0.00184	0.00667	0.00566	0.10987	0.01000
10	0.01344	0.01173	0.10049	0.01116	0.04289	0.00848	0.00914	0.01605	0.01354	0.12557	0.06560	0.10545	0.07690	0.13600	0.03246	0.00272	0.00576	0.00806	0.00480	0.20975
11	0.01369	0.13710	0.37646	0.04802	0.07132	0.01549	0.01752	0.01864	0.01305	0.01896	0.01079	0.01321	0.00847	0.00605	0.00659	0.00177	0.06238	0.00450	0.00292	0.15307
12	0.00907	0.00675	0.00997	0.00997	0.01102	0.00781	0.00765	0.01118	0.01013	0.01456	0.01720	0.02608	0.01636	0.09827	0.70191	0.00991	0.01624	0.00697	0.00343	0.00554
13	0.01551	0.01365	0.01346	0.01215	0.01513	0.06714	0.00917	0.05556	0.51963	0.02373	0.02321	0.02565	0.01888	0.14574	0.01101	0.00282	0.00576	0.00726	0.00575	0.00877
14	0.82186	0.01227	0.00932	0.00834	0.01227	0.01423	0.00687	0.01865	0.01080	0.02846	0.00883	0.01031	0.00687	0.00589	0.00393	0.00196	0.00491	0.00344	0.00393	0.00687
15	0.02846	0.01080	0.01472	0.01129	0.01619	0.00932	0.00932	0.03092	0.01816	0.74187	0.02503	0.02159	0.01570	0.00785	0.00638	0.00196	0.00540	0.00638	0.00785	0.01080
16	0.01219	0.01025	0.01212	0.00930	0.01399	0.00787	0.00723	0.01470	0.01297	0.01987	0.01551	0.14892	0.01521	0.00741	0.00531	0.00123	0.00452	0.00631	0.00414	0.67097
17	0.01156	0.00748	0.00954	0.00907	0.01041	0.00792	0.00655	0.01453	0.07497	0.08128	0.07127	0.03183	0.02184	0.28946	0.28620	0.00641	0.00957	0.00794	0.03627	0.00592
18	0.00907	0.00676	0.01002	0.01002	0.01109	0.00783	0.00771	0.01121	0.01014	0.01459	0.01716	0.02583	0.01625	0.08737	0.71265	0.00997	0.01640	0.00693	0.00342	0.00556
19	0.02776	0.01192	0.01542	0.01182	0.01675	0.01099	0.00976	0.14123	0.02004	0.62891	0.02345	0.02057	0.01491	0.00781	0.00637	0.00195	0.00565	0.00627	0.00761	0.01079
20	0.35011	0.01318	0.01363	0.01094	0.01549	0.01397	0.00903	0.20169	0.01816	0.27167	0.01593	0.01537	0.01085	0.00699	0.00537	0.00195	0.00560	0.00501	0.00587	0.00920
21	0.01403	0.00995	0.01179	0.01100	0.01363	0.04334	0.02933	0.07846	0.04670	0.11700	0.07995	0.10006	0.18533	0.01367	0.00754	0.00233	0.00534	0.21735	0.00607	0.00712
22	0.02647	0.01400	0.01671	0.01281	0.01779	0.01408	0.01058	0.34585	0.02352	0.41936	0.02053	0.01867	0.01345	0.00774	0.00636	0.00194	0.00613	0.00607	0.00716	0.01079
23	0.07917	0.01206	0.01412	0.01132	0.01563	0.01213	0.00922	0.16068	0.11350	0.37990	0.02163	0.02009	0.01469	0.00772	0.00599	0.00192	0.00534	0.00610	0.09893	0.00986
24	0.00826	0.00636	0.00955	0.01014	0.01094	0.00595	0.05745	0.00967	0.01235	0.01649	0.03335	0.71792	0.03961	0.01882	0.00805	0.00254	0.00419	0.01727	0.00569	0.00540
25	0.01444	0.01426	0.02503	0.23328	0.29966	0.01527	0.16370	0.01982	0.07718	0.01965	0.01301	0.01696	0.01027	0.00630	0.00724	0.00207	0.04359	0.00616	0.00334	0.00876
26	0.01502	0.01024	0.01183	0.01065	0.01355	0.01083	0.00835	0.02450	0.32886	0.12672	0.22764	0.03275	0.03108	0.01013	0.00670	0.00207	0.00438	0.04570	0.07057	0.00844

[dist]
# distance from previous block
# <min> <max>
0	2

[block]
# block no. 2 follows, 35 sequences, length 13
# corresponding to MSA columns:
# 198-210
name=unknown_C
#
# <colnr> <probs for GDERKNQSTAVLIFYWHMCP>
#	G	D	E	R	K	N	Q	S	T	A	V	L	I	F	Y	W	H	M	C	P
0	0.82186	0.01227	0.00932	0.00834	0.01227	0.01423	0.00687	0.01865	0.01080	0.02846	0.00883	0.01031	0.00687	0.00589	0.00393	0.00196	0.00491	0.00344	0.00393	0.00687
1	0.06300	0.01053	0.01320	0.01055	0.01456	0.00989	0.00857	0.10296	0.01878	0.44517	0.16091	0.02545	0.02334	0.00870	0.00635	0.00193	0.00494	0.00712	0.05467	0.00937
2	0.01696	0.78087	0.03324	0.01085	0.01628	0.02510	0.01085	0.01900	0.01289	0.01493	0.00882	0.01018	0.00814	0.00543	0.00407	0.00136	0.00678	0.00339	0.00271	0.00814
3	0.00817	0.00583	0.00786	0.00933	0.00989	0.00553	0.00665	0.00959	0.01258	0.01669	0.03472	0.64958	0.04100	0.01946	0.00821	0.00264	0.00406	0.13704	0.00588	0.00527
4	0.01816	0.00984	0.01147	0.00975	0.01293	0.00990	0.00772	0.08605	0.14210	0.23596	0.10676	0.02510	0.02130	0.00842	0.00589	0.00184	0.00440	0.00691	0.26698	0.00852
5	0.01449	0.01174	0.01466	0.01281	0.01448	0.01424	0.01012	0.14322	0.12432	0.02066	0.01508	0.02056	0.01336	0.08613	0.13874	0.09546	0.23222	0.00636	0.00419	0.00716
6	0.01195	0.00709	0.00882	0.00819	0.01032	0.00630	0.00620	0.01425	0.01621	0.14804	0.32423	0.13354	0.22766	0.01355	0.00727	0.00208	0.00356	0.01170	0.03248	0.00656
7	0.00872	0.00602	0.00701	0.00733	0.00777	0.00576	0.00455	0.00906	0.01068	0.01388	0.03017	0.20087	0.14682	0.44098	0.02245	0.05234	0.00508	0.01161	0.00457	0.00432
8	0.01403	0.00949	0.00984	0.00904	0.01152	0.01041	0.00698	0.06317	0.28051	0.02569	0.02229	0.02316	0.01710	0.00786	0.00530	0.00175	0.00396	0.00637	0.46380	0.00774
9	0.01911	0.01133	0.04178	0.01155	0.01518	0.01046	0.00962	0.10297	0.10866	0.29702	0.09232	0.12770	0.02525	0.01100	0.00697	0.00217	0.00529	0.08599	0.00673	0.00889
10	0.01550	0.12634	0.25201	0.03674	0.08380	0.05927	0.18436	0.03782	0.01458	0.04062	0.01181	0.01426	0.00903	0.00576	0.00602	0.00182	0.00868	0.00524	0.00323	0.08311
11	0.04508	0.24109	0.42249	0.01523	0.02274	0.01828	0.01780	0.11019	0.01529	0.02152	0.01107	0.01261	0.00838	0.00606	0.00544	0.00181	0.00817	0.00441	0.00321	0.00912
12	0.02673	0.01159	0.01498	0.01170	0.01647	0.01076	0.00959	0.07817	0.09879	0.61313	0.02445	0.02139	0.01578	0.00792	0.00639	0.00198	0.00546	0.00642	0.00759	0.01071

[dist]
# distance from previous block
# <min> <max>
0	1

[block]
# block no. 3 follows, 35 sequences, length 6
# corresponding to MSA columns:
# 212-217
name=unknown_D
#
# <colnr> <probs for GDERKNQSTAVLIFYWHMCP>
#	G	D	E	R	K	N	Q	S	T	A	V	L	I	F	Y	W	H	M	C	P
0	0.07588	0.01176	0.01418	0.01137	0.01578	0.01157	0.00925	0.09697	0.14185	0.45695	0.02289	0.02073	0.01532	0.00780	0.00611	0.00196	0.00530	0.00623	0.05800	0.01010
1	0.09535	0.15429	0.01389	0.00905	0.01191	0.03481	0.00718	0.04379	0.05872	0.01959	0.10478	0.06186	0.14917	0.14993	0.01070	0.00261	0.00520	0.00814	0.00469	0.05434
2	0.01770	0.01424	0.01382	0.01105	0.01536	0.14826	0.00869	0.05433	0.01662	0.15111	0.13956	0.02041	0.01916	0.00719	0.00576	0.00149	0.00591	0.00573	0.00509	0.33853
3	0.00777	0.00615	0.00700	0.00740	0.00889	0.00537	0.00531	0.00940	0.01419	0.01794	0.14410	0.28556	0.42476	0.01687	0.00769	0.00226	0.00333	0.01461	0.00604	0.00537
4	0.01500	0.01436	0.02449	0.17466	0.60722	0.01489	0.01912	0.01886	0.01411	0.01988	0.01181	0.01593	0.00975	0.00578	0.00629	0.00193	0.00771	0.00565	0.00308	0.00949
5	0.02148	0.01661	0.01543	0.01279	0.01671	0.15284	0.01018	0.28347	0.11587	0.12843	0.01789	0.01793	0.01303	0.00754	0.00593	0.00182	0.00667	0.00573	0.14042	0.00923

[dist]
# distance from previous block
# <min> <max>
0	3

[block]
# block no. 4 follows, 35 sequences, length 12
# corresponding to MSA columns:
# 221-232
name=unknown_E
#
# <colnr> <probs for GDERKNQSTAVLIFYWHMCP>
#	G	D	E	R	K	N	Q	S	T	A	V	L	I	F	Y	W	H	M	C	P
0	0.01044	0.00847	0.01220	0.01379	0.10651	0.00933	0.00924	0.01425	0.07850	0.01674	0.02115	0.02714	0.07470	0.06112	0.49802	0.00755	0.01312	0.00731	0.00387	0.00656
1	0.02344	0.01743	0.01866	0.01446	0.01942	0.01936	0.01189	0.66092	0.08633	0.03889	0.01609	0.01592	0.01148	0.00770	0.00636	0.00192	0.00682	0.00583	0.00636	0.01073
2	0.08235	0.01379	0.01362	0.01040	0.01552	0.10631	0.00825	0.01883	0.01406	0.08857	0.01218	0.01349	0.00962	0.00533	0.00493	0.00121	0.00566	0.00402	0.00409	0.56775
3	0.01272	0.03281	0.74418	0.01808	0.02746	0.01473	0.02344	0.02009	0.01339	0.02009	0.01138	0.01339	0.00804	0.00603	0.00603	0.00201	0.00938	0.00469	0.00268	0.00938
4	0.00873	0.00659	0.00806	0.00867	0.00974	0.00636	0.00606	0.01174	0.08051	0.01862	0.15137	0.45655	0.13260	0.05254	0.00889	0.00255	0.00375	0.01492	0.00603	0.00571
5	0.00901	0.00689	0.00853	0.00927	0.01102	0.00641	0.00772	0.01137	0.01471	0.01852	0.08113	0.06592	0.33358	0.01668	0.00816	0.00255	0.00459	0.37237	0.00592	0.00564
6	0.00935	0.00641	0.00814	0.00771	0.00920	0.00598	0.00578	0.01234	0.01735	0.02521	0.64072	0.04428	0.05415	0.01224	0.00708	0.00193	0.00299	0.01074	0.11242	0.00598
7	0.01215	0.02910	0.01510	0.11052	0.01805	0.01245	0.04132	0.04767	0.06001	0.03295	0.02238	0.10114	0.10453	0.01953	0.17999	0.00412	0.16971	0.00826	0.00416	0.00685
8	0.01807	0.01379	0.01549	0.01157	0.01689	0.01300	0.00940	0.28220	0.04500	0.05985	0.01389	0.01468	0.01055	0.00608	0.00546	0.00139	0.00560	0.00473	0.00501	0.44732
9	0.10654	0.00886	0.00979	0.00914	0.01148	0.00907	0.00701	0.08089	0.07342	0.05873	0.16987	0.14690	0.15377	0.03538	0.03275	0.00251	0.00467	0.03149	0.04096	0.00679
10	0.01125	0.07565	0.10803	0.01145	0.01411	0.07941	0.01013	0.01384	0.01263	0.01635	0.02316	0.21137	0.05904	0.02389	0.23977	0.00470	0.00972	0.06495	0.00418	0.00638
11	0.04397	0.03172	0.06737	0.09819	0.04753	0.01479	0.01205	0.28365	0.04591	0.02692	0.01628	0.08777	0.01390	0.01161	0.06783	0.00264	0.03098	0.00671	0.04251	0.04768

[dist]
# distance from previous block
# <min> <max>
6	104

[block]
# block no. 5 follows, 35 sequences, length 28
# corresponding to MSA columns:
# 339-366
name=unknown_F
#
# <colnr> <probs for GDERKNQSTAVLIFYWHMCP>
#	G	D	E	R	K	N	Q	S	T	A	V	L	I	F	Y	W	H	M	C	P
0	0.01183	0.00799	0.01039	0.01006	0.01154	0.00797	0.02694	0.09893	0.01447	0.06868	0.04757	0.39932	0.03102	0.14187	0.05819	0.00349	0.00568	0.03232	0.00555	0.00620
1	0.06126	0.03628	0.06243	0.08800	0.01924	0.06774	0.01038	0.06003	0.01471	0.07766	0.01284	0.03214	0.01030	0.00597	0.00528	0.00143	0.00614	0.00467	0.00406	0.41944
2	0.06488	0.01228	0.01877	0.49425	0.12364	0.01415	0.01586	0.07104	0.01439	0.05568	0.01219	0.01627	0.00914	0.00632	0.00611	0.00200	0.00768	0.00545	0.00349	0.04641
3	0.00888	0.00726	0.00821	0.00879	0.01008	0.03822	0.00632	0.01046	0.01339	0.01725	0.08492	0.42594	0.19650	0.01853	0.04314	0.00271	0.00466	0.04948	0.00564	0.03964
4	0.01732	0.40964	0.02647	0.01329	0.01701	0.02240	0.01199	0.14424	0.01500	0.01957	0.00983	0.01222	0.00868	0.00755	0.00957	0.00189	0.23722	0.00447	0.00339	0.00826
5	0.15315	0.01095	0.01241	0.01026	0.01400	0.01109	0.00827	0.11201	0.07620	0.28248	0.13930	0.02360	0.02136	0.00837	0.00596	0.00193	0.00484	0.00668	0.08836	0.00878
6	0.00911	0.00687	0.00830	0.00892	0.01011	0.00677	0.00630	0.01289	0.11234	0.01904	0.11442	0.47829	0.12026	0.01665	0.00760	0.00236	0.00371	0.01482	0.03528	0.00598
7	0.00888	0.00635	0.00809	0.00787	0.00928	0.00585	0.00582	0.01157	0.01685	0.02378	0.57698	0.12782	0.09990	0.01366	0.00740	0.00204	0.00308	0.01205	0.04686	0.00585
8	0.00793	0.00632	0.00707	0.00727	0.00893	0.00552	0.00535	0.00969	0.01452	0.01829	0.16919	0.17011	0.46583	0.04014	0.00841	0.00234	0.00344	0.03823	0.00601	0.00540
9	0.82186	0.01227	0.00932	0.00834	0.01227	0.01423	0.00687	0.01865	0.01080	0.02846	0.00883	0.01031	0.00687	0.00589	0.00393	0.00196	0.00491	0.00344	0.00393	0.00687
10	0.01315	0.01128	0.01315	0.00940	0.01503	0.00846	0.00752	0.01597	0.01315	0.02067	0.01128	0.01315	0.00940	0.00470	0.00470	0.00094	0.00470	0.00376	0.00376	0.81583
11	0.82186	0.01227	0.00932	0.00834	0.01227	0.01423	0.00687	0.01865	0.01080	0.02846	0.00883	0.01031	0.00687	0.00589	0.00393	0.00196	0.00491	0.00344	0.00393	0.00687
12	0.00962	0.00613	0.00825	0.00933	0.01018	0.00571	0.00663	0.01103	0.01288	0.07325	0.03404	0.63809	0.03931	0.01868	0.00803	0.00257	0.00405	0.09051	0.00604	0.00567
13	0.76084	0.01269	0.01007	0.00882	0.01283	0.01465	0.00727	0.07201	0.01225	0.02934	0.00932	0.01068	0.00717	0.00602	0.00411	0.00196	0.00507	0.00361	0.00411	0.00717
14	0.01198	0.01128	0.01903	0.76180	0.04369	0.01409	0.01762	0.01621	0.01268	0.01621	0.01128	0.01691	0.00846	0.00634	0.00634	0.00211	0.00846	0.00564	0.00282	0.00705
15	0.01709	0.38174	0.09830	0.06545	0.01927	0.04516	0.01268	0.06295	0.01418	0.07321	0.01145	0.01335	0.00932	0.00674	0.00697	0.00175	0.10428	0.00448	0.04335	0.00827
16	0.01527	0.05162	0.11287	0.03821	0.10165	0.02925	0.01187	0.04387	0.02673	0.08286	0.05882	0.01657	0.01314	0.00608	0.00551	0.00147	0.00607	0.00499	0.00415	0.36900
17	0.04724	0.04213	0.05982	0.01168	0.01552	0.04368	0.00986	0.19216	0.06460	0.14996	0.08114	0.06182	0.05328	0.05513	0.00868	0.03516	0.00595	0.02680	0.00567	0.02970
18	0.01130	0.00833	0.01014	0.00924	0.01134	0.00825	0.00721	0.11046	0.04050	0.02648	0.51726	0.04492	0.09107	0.01264	0.00739	0.00207	0.00384	0.06410	0.00672	0.00673
19	0.01098	0.01021	0.01863	0.03759	0.05284	0.00975	0.23909	0.01384	0.01348	0.01809	0.05608	0.29170	0.05169	0.07840	0.00984	0.00268	0.00664	0.06726	0.00466	0.00654
20	0.01888	0.11595	0.17809	0.01845	0.14298	0.06600	0.03242	0.12475	0.03948	0.14045	0.01480	0.01579	0.01087	0.00659	0.00588	0.00184	0.00745	0.00528	0.04461	0.00946
21	0.08522	0.00897	0.01082	0.00965	0.01239	0.00875	0.00740	0.01993	0.10826	0.24093	0.08852	0.13018	0.10476	0.01278	0.00920	0.11518	0.00463	0.00895	0.00606	0.00743
22	0.06547	0.00967	0.01135	0.01020	0.01305	0.00988	0.00798	0.02197	0.21498	0.16582	0.25738	0.08060	0.05355	0.01102	0.00685	0.00211	0.00433	0.03906	0.00667	0.00805
23	0.01677	0.01296	0.05389	0.22680	0.16010	0.01310	0.01424	0.07148	0.03664	0.15839	0.01570	0.01835	0.01168	0.00953	0.05348	0.00251	0.04371	0.00588	0.06615	0.00863
24	0.04405	0.08976	0.02304	0.23262	0.13282	0.03242	0.12682	0.04774	0.11747	0.06999	0.01446	0.01698	0.01095	0.00646	0.00621	0.00198	0.00770	0.00588	0.00397	0.00867
25	0.00897	0.00646	0.00771	0.00767	0.00935	0.00571	0.00564	0.01102	0.01545	0.05060	0.30249	0.19231	0.32282	0.01532	0.00756	0.00216	0.00332	0.01329	0.00637	0.00578
26	0.01060	0.00737	0.00858	0.00822	0.01031	0.00673	0.00624	0.05571	0.01610	0.07572	0.19816	0.16650	0.35155	0.01490	0.00748	0.00218	0.00374	0.03737	0.00631	0.00623
27	0.06345	0.01477	0.08491	0.08462	0.06516	0.03961	0.05601	0.10526	0.10029	0.13757	0.05784	0.05827	0.01682	0.00820	0.00634	0.00200	0.00654	0.02626	0.03425	0.03182

[dist]
# distance from previous block
# <min> <max>
4	10

[block]
# block no. 6 follows, 35 sequences, length 21
# corresponding to MSA columns:
# 378-398
name=unknown_G
#
# <colnr> <probs for GDERKNQSTAVLIFYWHMCP>
#	G	D	E	R	K	N	Q	S	T	A	V	L	I	F	Y	W	H	M	C	P
0	0.10990	0.06708	0.05022	0.03572	0.14172	0.10160	0.13595	0.10702	0.01629	0.07560	0.01246	0.01455	0.00956	0.00626	0.00638	0.00185	0.03237	0.00528	0.00398	0.06621
1	0.00951	0.00759	0.01035	0.06472	0.06718	0.00748	0.00821	0.01240	0.05430	0.01842	0.10022	0.41152	0.10508	0.01554	0.00756	0.00234	0.00444	0.05624	0.00553	0.03138
2	0.01543	0.01171	0.01325	0.01026	0.01481	0.03519	0.00817	0.04736	0.06812	0.10238	0.08286	0.01863	0.01591	0.00662	0.00586	0.00139	0.02812	0.00528	0.04025	0.46840
3	0.00862	0.00629	0.00766	0.00836	0.00950	0.00592	0.00600	0.01100	0.04267	0.01873	0.13015	0.40878	0.17972	0.01669	0.00760	0.00233	0.00362	0.05451	0.06624	0.00560
4	0.00888	0.00670	0.00824	0.00794	0.00957	0.00620	0.00592	0.01207	0.04563	0.02321	0.52538	0.10065	0.18823	0.01389	0.00749	0.00207	0.00317	0.01214	0.00667	0.00597
5	0.00781	0.00584	0.00726	0.00817	0.00908	0.00529	0.00565	0.00923	0.01331	0.01740	0.11598	0.52688	0.20854	0.01824	0.00789	0.00241	0.00350	0.01624	0.00601	0.00529
6	0.01696	0.78087	0.03324	0.01085	0.01628	0.02510	0.01085	0.01900	0.01289	0.01493	0.00882	0.01018	0.00814	0.00543	0.00407	0.00136	0.00678	0.00339	0.00271	0.00814
7	0.35488	0.01140	0.01250	0.01008	0.01458	0.01134	0.00831	0.02587	0.01513	0.44837	0.01837	0.01695	0.01207	0.00704	0.00537	0.00196	0.00520	0.00517	0.00624	0.00918
8	0.01696	0.78087	0.03324	0.01085	0.01628	0.02510	0.01085	0.01900	0.01289	0.01493	0.00882	0.01018	0.00814	0.00543	0.00407	0.00136	0.00678	0.00339	0.00271	0.00814
9	0.22265	0.01116	0.01340	0.01057	0.01523	0.01053	0.00872	0.02791	0.01636	0.56726	0.02106	0.01883	0.01354	0.00737	0.00578	0.00196	0.00528	0.00566	0.00689	0.00984
10	0.00770	0.00563	0.00725	0.00854	0.00912	0.00518	0.00576	0.00887	0.01243	0.01631	0.03856	0.68554	0.12701	0.01941	0.00802	0.00252	0.00362	0.01746	0.00589	0.00518
11	0.01067	0.00642	0.00899	0.00883	0.00950	0.00678	0.00622	0.01077	0.00972	0.04791	0.01618	0.02698	0.01604	0.21513	0.30556	0.26924	0.01008	0.00695	0.00351	0.00453
12	0.01191	0.00747	0.00959	0.00976	0.01137	0.00713	0.00728	0.01474	0.06403	0.11224	0.05192	0.35531	0.03297	0.09965	0.01038	0.00283	0.00469	0.13903	0.00589	0.04182
13	0.01054	0.06213	0.01074	0.00922	0.01097	0.00819	0.00705	0.04357	0.04300	0.03848	0.29502	0.28629	0.07275	0.01467	0.00742	0.00222	0.00401	0.06126	0.00616	0.00630
14	0.02160	0.01540	0.01635	0.03421	0.01814	0.06764	0.01080	0.37161	0.10148	0.15031	0.05359	0.07510	0.01699	0.00882	0.00650	0.00198	0.00642	0.00706	0.00629	0.00971
15	0.01487	0.10451	0.04599	0.01338	0.01685	0.03355	0.09330	0.13357	0.09313	0.04109	0.03464	0.21691	0.04883	0.01090	0.00733	0.00211	0.04155	0.00937	0.03023	0.00788
16	0.01586	0.15819	0.15155	0.04924	0.07756	0.09742	0.02896	0.10045	0.01558	0.02045	0.01322	0.07033	0.01164	0.00856	0.03435	0.00203	0.00787	0.00563	0.00366	0.12742
17	0.01488	0.04488	0.06968	0.01219	0.03956	0.06389	0.01001	0.10025	0.04805	0.02265	0.06528	0.06387	0.01544	0.00705	0.00558	0.00146	0.00580	0.00573	0.00437	0.39936
18	0.07272	0.12445	0.13329	0.06834	0.01892	0.06732	0.01215	0.13033	0.04967	0.02171	0.01934	0.03535	0.09428	0.01353	0.10883	0.00304	0.00841	0.00628	0.00413	0.00791
19	0.01122	0.00949	0.01066	0.08762	0.01474	0.06357	0.00827	0.01456	0.08008	0.04644	0.07258	0.31483	0.16999	0.01446	0.00782	0.00229	0.03116	0.02839	0.00546	0.00635
20	0.01094	0.06553	0.07322	0.01020	0.01333	0.03306	0.03689	0.03484	0.01560	0.02092	0.26978	0.10148	0.17894	0.01299	0.03257	0.00223	0.00522	0.00999	0.00534	0.06695

[dist]
# distance from previous block
# <min> <max>
0	22

[block]
# block no. 7 follows, 35 sequences, length 20
# corresponding to MSA columns:
# 421-440
name=unknown_H
#
# <colnr> <probs for GDERKNQSTAVLIFYWHMCP>
#	G	D	E	R	K	N	Q	S	T	A	V	L	I	F	Y	W	H	M	C	P
0	0.48192	0.07169	0.01580	0.01320	0.07017	0.06625	0.05018	0.09758	0.01418	0.02654	0.01017	0.01183	0.00798	0.00600	0.00474	0.00186	0.00626	0.00415	0.00396	0.03555
1	0.13092	0.03643	0.01175	0.09197	0.01527	0.02488	0.00865	0.01545	0.03977	0.05852	0.01916	0.06864	0.04929	0.02467	0.31110	0.00534	0.01017	0.00693	0.06457	0.00654
2	0.13388	0.04851	0.03238	0.08107	0.07288	0.02768	0.03109	0.17465	0.15707	0.08812	0.03047	0.01720	0.01269	0.00734	0.00662	0.00199	0.04252	0.00569	0.00503	0.02311
3	0.07631	0.04654	0.01783	0.17672	0.04376	0.21142	0.02681	0.04412	0.04801	0.01829	0.01236	0.04670	0.01090	0.03779	0.00923	0.00217	0.12674	0.00566	0.00353	0.03509
4	0.01483	0.00793	0.01000	0.00905	0.01153	0.00728	0.00692	0.01800	0.05707	0.23168	0.22157	0.17465	0.12353	0.01253	0.00701	0.00209	0.00397	0.01083	0.06215	0.00738
5	0.00927	0.00668	0.00763	0.00732	0.00935	0.00579	0.00551	0.01136	0.01571	0.06447	0.27469	0.08258	0.44730	0.01472	0.00745	0.00210	0.00330	0.01253	0.00636	0.00588
6	0.00780	0.00567	0.00737	0.00857	0.00917	0.00523	0.00581	0.00909	0.01277	0.01696	0.08935	0.65982	0.10090	0.01905	0.00800	0.00250	0.00359	0.01716	0.00597	0.00523
7	0.01536	0.01319	0.01398	0.01261	0.01606	0.01517	0.00979	0.03237	0.68233	0.02647	0.06952	0.02513	0.02186	0.00888	0.00652	0.00214	0.00490	0.00744	0.00649	0.00979
8	0.01315	0.01128	0.01315	0.00940	0.01503	0.00846	0.00752	0.01597	0.01315	0.02067	0.01128	0.01315	0.00940	0.00470	0.00470	0.00094	0.00470	0.00376	0.00376	0.81583
9	0.02370	0.03023	0.01798	0.01634	0.01961	0.75158	0.01226	0.02533	0.01798	0.01553	0.00981	0.01144	0.00817	0.00654	0.00572	0.00163	0.01144	0.00409	0.00327	0.00735
10	0.03149	0.00924	0.01283	0.03932	0.01489	0.00847	0.04689	0.02045	0.02980	0.32876	0.15447	0.08802	0.12893	0.04722	0.00812	0.00226	0.00496	0.00929	0.00653	0.00806
11	0.04362	0.00915	0.01110	0.03929	0.01408	0.03873	0.00893	0.01633	0.01563	0.13081	0.16761	0.04792	0.08476	0.01293	0.00740	0.00229	0.00525	0.28150	0.00595	0.05671
12	0.01298	0.03120	0.68287	0.01765	0.02654	0.01482	0.02231	0.02123	0.07326	0.02063	0.01260	0.01426	0.00899	0.00624	0.00606	0.00202	0.00901	0.00490	0.00300	0.00943
13	0.01052	0.07184	0.01104	0.00909	0.01015	0.00885	0.00662	0.01172	0.01051	0.03981	0.01933	0.10768	0.02049	0.32649	0.27401	0.00650	0.03754	0.00858	0.00391	0.00533
14	0.08841	0.01443	0.06904	0.06861	0.07348	0.03784	0.05859	0.05204	0.10340	0.24650	0.01775	0.01799	0.01254	0.00687	0.00598	0.00189	0.00645	0.00573	0.03537	0.07712
15	0.03909	0.01139	0.01878	0.64470	0.09950	0.01381	0.01693	0.01626	0.01275	0.01700	0.01223	0.04800	0.00993	0.00683	0.00633	0.00211	0.00806	0.00608	0.00301	0.00721
16	0.00837	0.00644	0.00879	0.01105	0.07030	0.00601	0.00689	0.00976	0.01264	0.01670	0.03679	0.61797	0.12818	0.01819	0.00787	0.00246	0.00394	0.01640	0.00566	0.00559
17	0.01530	0.00950	0.04140	0.08313	0.01589	0.00858	0.06054	0.01811	0.01448	0.18324	0.10553	0.02546	0.01999	0.06014	0.00871	0.04715	0.00523	0.00693	0.26353	0.00715
18	0.04945	0.04454	0.07348	0.04405	0.05306	0.05324	0.06086	0.10469	0.01788	0.26102	0.12862	0.02176	0.01919	0.00780	0.00632	0.00191	0.00646	0.00655	0.00567	0.03342
19	0.07980	0.01628	0.12411	0.10942	0.04327	0.04232	0.01308	0.12106	0.09615	0.24033	0.03919	0.01849	0.01357	0.00733	0.00615	0.00199	0.00675	0.00585	0.00544	0.00943

[dist]
# distance from previous block
# <min> <max>
9	75

[block]
# block no. 8 follows, 35 sequences, length 13
# corresponding to MSA columns:
# 517-529
name=unknown_I
#
# <colnr> <probs for GDERKNQSTAVLIFYWHMCP>
#	G	D	E	R	K	N	Q	S	T	A	V	L	I	F	Y	W	H	M	C	P
0	0.04950	0.03499	0.01174	0.00953	0.01247	0.00938	0.00757	0.05045	0.05194	0.05033	0.30406	0.05543	0.03285	0.01001	0.00689	0.00181	0.03346	0.03953	0.04640	0.18166
1	0.07138	0.00973	0.01077	0.00981	0.01259	0.01013	0.00757	0.02117	0.26029	0.09567	0.21686	0.07297	0.15290	0.01133	0.00680	0.00210	0.00414	0.00957	0.00643	0.00778
2	0.00825	0.00646	0.00747	0.00722	0.00903	0.00568	0.00541	0.01056	0.01623	0.02135	0.40417	0.05412	0.39237	0.01449	0.00749	0.00207	0.00310	0.01242	0.00645	0.00568
3	0.00835	0.00624	0.00739	0.00760	0.00908	0.00561	0.00558	0.01041	0.01502	0.02003	0.27124	0.21225	0.30191	0.01548	0.00750	0.00218	0.00331	0.03497	0.05027	0.00556
4	0.01334	0.01353	0.05977	0.16639	0.09621	0.01269	0.25960	0.03416	0.01420	0.04711	0.01826	0.19974	0.01744	0.00927	0.00715	0.00220	0.00789	0.00927	0.00401	0.00776
5	0.01570	0.01507	0.02575	0.03894	0.73748	0.01507	0.01947	0.01947	0.01444	0.02073	0.01193	0.01570	0.01005	0.00565	0.00628	0.00188	0.00754	0.00565	0.00314	0.01005
6	0.76606	0.01216	0.00970	0.00855	0.01254	0.01389	0.00704	0.01951	0.01131	0.07864	0.00997	0.01110	0.00749	0.00603	0.00410	0.00196	0.00494	0.00364	0.00420	0.00715
7	0.04388	0.01444	0.08426	0.10458	0.06395	0.03092	0.03990	0.12402	0.01653	0.17803	0.01839	0.07250	0.03135	0.01032	0.04144	0.00243	0.05527	0.02314	0.00493	0.03973
8	0.01412	0.01241	0.10076	0.04124	0.01680	0.01022	0.06260	0.04029	0.05899	0.13884	0.30354	0.03279	0.08497	0.01021	0.00760	0.00206	0.04017	0.00875	0.00584	0.00779
9	0.01696	0.78087	0.03324	0.01085	0.01628	0.02510	0.01085	0.01900	0.01289	0.01493	0.00882	0.01018	0.00814	0.00543	0.00407	0.00136	0.00678	0.00339	0.00271	0.00814
10	0.01042	0.00901	0.03479	0.09167	0.01476	0.00867	0.00830	0.03344	0.10704	0.02151	0.27978	0.10863	0.14783	0.06630	0.00899	0.00242	0.00457	0.02956	0.00577	0.00654
11	0.00922	0.00661	0.00743	0.00731	0.00919	0.00580	0.00544	0.01106	0.01475	0.05764	0.17050	0.10087	0.44594	0.06339	0.00900	0.00240	0.00359	0.03530	0.02887	0.00568
12	0.02042	0.01550	0.04996	0.07536	0.02013	0.01605	0.01178	0.37659	0.14630	0.10763	0.01967	0.01951	0.03945	0.00794	0.00631	0.00196	0.00638	0.00628	0.04292	0.00986

[dist]
# distance from previous block
# <min> <max>
1	19

[block]
# block no. 9 follows, 35 sequences, length 25
# corresponding to MSA columns:
# 549-573
name=unknown_J
#
# <colnr> <probs for GDERKNQSTAVLIFYWHMCP>
#	G	D	E	R	K	N	Q	S	T	A	V	L	I	F	Y	W	H	M	C	P
0	0.58568	0.03832	0.04080	0.05141	0.04664	0.04096	0.03149	0.01853	0.01202	0.02581	0.05064	0.01338	0.01033	0.00630	0.00462	0.00195	0.00576	0.00431	0.00387	0.00717
1	0.03676	0.04218	0.10644	0.07270	0.03171	0.07056	0.01153	0.01985	0.13305	0.06753	0.13513	0.06568	0.02183	0.01313	0.08654	0.00288	0.03665	0.00728	0.00476	0.03384
2	0.01648	0.03136	0.03544	0.08835	0.01842	0.05315	0.03259	0.14422	0.16941	0.09060	0.02346	0.05223	0.08380	0.09042	0.00917	0.00245	0.00627	0.00752	0.03642	0.00825
3	0.01498	0.01391	0.07961	0.01282	0.01656	0.03785	0.06730	0.09061	0.22795	0.06284	0.13832	0.02758	0.07124	0.03394	0.00844	0.04582	0.00586	0.00774	0.02845	0.00820
4	0.01079	0.00776	0.00931	0.00932	0.01082	0.00783	0.00695	0.06698	0.04787	0.03852	0.08592	0.29345	0.14845	0.07538	0.00992	0.00263	0.03190	0.07836	0.05170	0.00613
5	0.01504	0.01528	0.13476	0.05321	0.04711	0.01301	0.03481	0.07066	0.25722	0.08339	0.13283	0.02657	0.07057	0.00890	0.00662	0.00206	0.00593	0.00756	0.00556	0.00889
6	0.01502	0.01402	0.01530	0.01268	0.01581	0.16226	0.11632	0.07159	0.01656	0.02234	0.14540	0.02447	0.04550	0.00951	0.03289	0.00204	0.00682	0.00693	0.21144	0.05308
7	0.05953	0.23890	0.11283	0.01310	0.03373	0.04453	0.01200	0.10823	0.11380	0.09214	0.01469	0.01531	0.01121	0.00677	0.00577	0.00176	0.02811	0.00495	0.05037	0.03227
8	0.01483	0.02136	0.34163	0.07339	0.02342	0.01360	0.03894	0.10450	0.04333	0.07242	0.06245	0.05211	0.02735	0.00777	0.00673	0.00200	0.02879	0.00636	0.00420	0.05481
9	0.01533	0.03604	0.14439	0.03559	0.03462	0.07225	0.07055	0.05824	0.03422	0.08151	0.04102	0.02142	0.01443	0.15073	0.01142	0.00262	0.03358	0.00619	0.02225	0.11361
10	0.59886	0.01264	0.01084	0.00921	0.01333	0.01405	0.00754	0.11729	0.01390	0.02885	0.01309	0.01412	0.04906	0.00662	0.00453	0.00189	0.00509	0.00435	0.00437	0.07037
11	0.16606	0.01295	0.01268	0.01075	0.01428	0.05487	0.00873	0.25331	0.01918	0.08443	0.01866	0.02233	0.03453	0.00822	0.00563	0.00189	0.00557	0.05921	0.19854	0.00817
12	0.01227	0.01067	0.01197	0.05036	0.01490	0.05939	0.00812	0.04106	0.01351	0.01884	0.01897	0.21543	0.01966	0.04054	0.06514	0.00249	0.00623	0.02982	0.00437	0.35626
13	0.01326	0.01259	0.02135	0.51232	0.28314	0.01443	0.01826	0.01733	0.01329	0.01777	0.01150	0.01649	0.00901	0.00610	0.00632	0.00203	0.00814	0.00564	0.00293	0.00808
14	0.01198	0.01128	0.01903	0.76180	0.04369	0.01409	0.01762	0.01621	0.01268	0.01621	0.01128	0.01691	0.00846	0.00634	0.00634	0.00211	0.00846	0.00564	0.00282	0.00705
15	0.01452	0.00869	0.00904	0.00793	0.01036	0.00898	0.00620	0.16541	0.01684	0.02703	0.01912	0.02139	0.01479	0.00732	0.00486	0.00155	0.00390	0.00578	0.60451	0.04180
16	0.82186	0.01227	0.00932	0.00834	0.01227	0.01423	0.00687	0.01865	0.01080	0.02846	0.00883	0.01031	0.00687	0.00589	0.00393	0.00196	0.00491	0.00344	0.00393	0.00687
17	0.82186	0.01227	0.00932	0.00834	0.01227	0.01423	0.00687	0.01865	0.01080	0.02846	0.00883	0.01031	0.00687	0.00589	0.00393	0.00196	0.00491	0.00344	0.00393	0.00687
18	0.01164	0.01208	0.02359	0.01805	0.02215	0.01116	0.39328	0.01518	0.01425	0.01868	0.02989	0.18850	0.19065	0.01101	0.00762	0.00223	0.00741	0.01115	0.00442	0.00706
19	0.82186	0.01227	0.00932	0.00834	0.01227	0.01423	0.00687	0.01865	0.01080	0.02846	0.00883	0.01031	0.00687	0.00589	0.00393	0.00196	0.00491	0.00344	0.00393	0.00687
20	0.01696	0.78087	0.03324	0.01085	0.01628	0.02510	0.01085	0.01900	0.01289	0.01493	0.00882	0.01018	0.00814	0.00543	0.00407	0.00136	0.00678	0.00339	0.00271	0.00814
21	0.00860	0.00642	0.00798	0.00770	0.00927	0.00581	0.00573	0.01119	0.01690	0.02318	0.55416	0.08954	0.20213	0.01400	0.00752	0.00206	0.00308	0.01223	0.00669	0.00581
22	0.00902	0.00659	0.00897	0.02899	0.01101	0.00674	0.00706	0.01046	0.01263	0.03539	0.08211	0.59872	0.03890	0.01796	0.00898	0.00253	0.06322	0.03947	0.00569	0.00557
23	0.02286	0.01274	0.01495	0.01185	0.01613	0.01298	0.00965	0.27586	0.07620	0.31083	0.07639	0.02165	0.01770	0.00818	0.00628	0.00191	0.00553	0.00655	0.08184	0.00991
24	0.75886	0.01219	0.00962	0.00842	0.01248	0.01378	0.00692	0.01844	0.01098	0.02786	0.00902	0.01053	0.00707	0.00580	0.00399	0.00188	0.00489	0.00346	0.00391	0.06990

[dist]
# distance from previous block
# <min> <max>
0	15

[block]
# block no. 10 follows, 35 sequences, length 14
# corresponding to MSA columns:
# 589-602
name=unknown_K
#
# <colnr> <probs for GDERKNQSTAVLIFYWHMCP>
#	G	D	E	R	K	N	Q	S	T	A	V	L	I	F	Y	W	H	M	C	P
0	0.06964	0.01190	0.01391	0.07621	0.01741	0.01276	0.00973	0.16380	0.17588	0.16654	0.11745	0.05382	0.02142	0.00887	0.00634	0.00201	0.00534	0.00731	0.05075	0.00890
1	0.01131	0.00906	0.01210	0.01102	0.01349	0.00896	0.06857	0.04037	0.13268	0.03994	0.16211	0.14494	0.19549	0.01358	0.00752	0.00227	0.00475	0.10896	0.00601	0.00689
2	0.39155	0.01146	0.01231	0.05816	0.01560	0.01269	0.00885	0.02128	0.03884	0.21463	0.04453	0.05029	0.01362	0.00790	0.00661	0.00208	0.07093	0.00566	0.00510	0.00793
3	0.01562	0.00989	0.01195	0.01038	0.01319	0.01006	0.00802	0.06990	0.19873	0.14802	0.24255	0.02903	0.02908	0.01163	0.00944	0.12434	0.00465	0.00789	0.00619	0.03944
4	0.01098	0.00831	0.00840	0.00859	0.00930	0.07060	0.00571	0.01185	0.01156	0.03653	0.02358	0.19623	0.02623	0.41607	0.02040	0.00432	0.00583	0.06442	0.05617	0.00493
5	0.03326	0.00915	0.01073	0.01004	0.01216	0.03944	0.00762	0.04499	0.03899	0.16555	0.13352	0.25843	0.09209	0.01403	0.00855	0.04019	0.03247	0.03580	0.00607	0.00694
6	0.02166	0.01164	0.01460	0.01175	0.01570	0.01148	0.00949	0.14323	0.05028	0.36335	0.05508	0.09897	0.01873	0.00931	0.00754	0.00200	0.06186	0.00747	0.00655	0.07931
7	0.01114	0.00692	0.01105	0.12236	0.01465	0.00736	0.03515	0.01012	0.00933	0.01240	0.01183	0.02016	0.01138	0.05605	0.05563	0.58522	0.00672	0.00584	0.00286	0.00382
8	0.01866	0.01370	0.04933	0.01268	0.01609	0.07689	0.03288	0.09973	0.06182	0.22067	0.11311	0.02836	0.02177	0.07522	0.01004	0.00246	0.06597	0.06651	0.00576	0.00835
9	0.09497	0.01404	0.01763	0.03721	0.11460	0.06753	0.05516	0.09002	0.07196	0.16286	0.01779	0.07621	0.01485	0.00884	0.00807	0.00214	0.09484	0.03761	0.00500	0.00867
10	0.01342	0.03512	0.01478	0.12911	0.10566	0.05414	0.02232	0.06952	0.01491	0.02081	0.05748	0.07807	0.09429	0.00930	0.00724	0.00195	0.06471	0.00760	0.19243	0.00713
11	0.04513	0.03504	0.01754	0.09207	0.05391	0.01163	0.10321	0.04651	0.06196	0.21532	0.04757	0.11423	0.01896	0.01254	0.07054	0.00280	0.00728	0.03010	0.00533	0.00834
12	0.01776	0.14590	0.07867	0.01399	0.04164	0.06703	0.04220	0.14719	0.03537	0.11003	0.04719	0.07094	0.01623	0.00993	0.03345	0.00222	0.03489	0.03371	0.04314	0.00850
13	0.08040	0.08455	0.04157	0.05112	0.09235	0.06463	0.08067	0.03503	0.10516	0.03446	0.01759	0.08875	0.02773	0.04372	0.00856	0.05415	0.00675	0.03594	0.00419	0.04267

[dist]
# distance from previous block
# <min> <max>
0	39

[block]
# block no. 11 follows, 35 sequences, length 42
# corresponding to MSA columns:
# 643-684
name=unknown_L
#
# <colnr> <probs for GDERKNQSTAVLIFYWHMCP>
#	G	D	E	R	K	N	Q	S	T	A	V	L	I	F	Y	W	H	M	C	P
0	0.01068	0.00667	0.00921	0.00908	0.01027	0.00618	0.02352	0.01170	0.01291	0.07700	0.15192	0.35291	0.03450	0.08607	0.01251	0.12903	0.00442	0.01240	0.00543	0.03359
1	0.06599	0.01120	0.01446	0.01123	0.01591	0.01023	0.00924	0.08571	0.01875	0.60888	0.06315	0.02196	0.01734	0.00802	0.00632	0.00196	0.00537	0.00647	0.00749	0.01033
2	0.02229	0.00940	0.01208	0.00987	0.01353	0.00851	0.00792	0.05131	0.01698	0.47135	0.04042	0.07962	0.01865	0.00876	0.00607	0.00189	0.00469	0.00724	0.20033	0.00909
3	0.01222	0.00700	0.00964	0.00941	0.01055	0.00716	0.00686	0.01333	0.04641	0.09983	0.01969	0.11481	0.01929	0.10465	0.19440	0.26577	0.00810	0.04125	0.00433	0.00531
4	0.37820	0.01082	0.01069	0.00931	0.01285	0.01160	0.00745	0.02216	0.09966	0.19532	0.01705	0.03998	0.01287	0.00800	0.00592	0.03755	0.00479	0.00542	0.10251	0.00784
5	0.37835	0.01202	0.01249	0.01028	0.01464	0.01256	0.00842	0.05575	0.08192	0.32808	0.01750	0.01651	0.01192	0.00704	0.00530	0.00198	0.00521	0.00512	0.00592	0.00899
6	0.01942	0.01249	0.01342	0.01085	0.01446	0.01340	0.00878	0.38589	0.02234	0.08027	0.01810	0.01907	0.01334	0.00754	0.00557	0.00174	0.00524	0.00584	0.33342	0.00881
7	0.01334	0.00812	0.01146	0.01061	0.01242	0.00811	0.04253	0.01547	0.01411	0.15556	0.10568	0.31573	0.03085	0.01366	0.00845	0.00228	0.07546	0.04548	0.10393	0.00677
8	0.01130	0.00684	0.00880	0.00860	0.01027	0.00622	0.00636	0.01335	0.01531	0.12308	0.28613	0.24750	0.12860	0.05716	0.00893	0.00244	0.00385	0.04259	0.00644	0.00624
9	0.01492	0.01078	0.01217	0.01085	0.01384	0.01153	0.00842	0.06010	0.34756	0.10040	0.20983	0.05981	0.06528	0.01037	0.00675	0.00207	0.00443	0.00881	0.03353	0.00855
10	0.01273	0.01204	0.02038	0.61631	0.18333	0.01429	0.01799	0.01686	0.01304	0.01712	0.01141	0.01667	0.00878	0.00620	0.00633	0.00207	0.00827	0.00564	0.00288	0.00765
11	0.01621	0.04475	0.12381	0.28824	0.04770	0.01396	0.08663	0.04033	0.06938	0.15024	0.01602	0.01976	0.01193	0.00709	0.00644	0.00207	0.00776	0.03479	0.00426	0.00861
12	0.02634	0.01421	0.01683	0.01291	0.01790	0.01439	0.01066	0.36623	0.02387	0.39850	0.02023	0.01848	0.01330	0.00774	0.00636	0.00193	0.00617	0.00605	0.00712	0.01079
13	0.14050	0.01453	0.01548	0.01242	0.01699	0.04044	0.01012	0.26616	0.12881	0.26128	0.01887	0.01771	0.01301	0.00755	0.00600	0.00196	0.00603	0.00576	0.00639	0.00999
14	0.05610	0.01255	0.01778	0.23826	0.16480	0.01382	0.01376	0.13503	0.03324	0.10022	0.03319	0.03564	0.01357	0.03985	0.00778	0.00221	0.02756	0.02341	0.02276	0.00846
15	0.01278	0.03298	0.06915	0.25285	0.02421	0.03387	0.04160	0.05798	0.01460	0.05788	0.05754	0.18830	0.07295	0.02681	0.00742	0.00226	0.00659	0.02865	0.00453	0.00706
16	0.02846	0.01080	0.01472	0.01129	0.01619	0.00932	0.00932	0.03092	0.01816	0.74187	0.02503	0.02159	0.01570	0.00785	0.00638	0.00196	0.00540	0.00638	0.00785	0.01080
17	0.00928	0.00622	0.00746	0.00746	0.00762	0.00638	0.00451	0.00949	0.00933	0.01260	0.01916	0.03813	0.02149	0.63767	0.13758	0.04139	0.00771	0.00871	0.00373	0.00406
18	0.13254	0.14072	0.18543	0.01431	0.02027	0.03027	0.09635	0.04021	0.01510	0.22974	0.02763	0.01587	0.01129	0.00653	0.00572	0.00189	0.00721	0.00526	0.00460	0.00907
19	0.01550	0.06369	0.22452	0.15029	0.21209	0.01458	0.03516	0.02103	0.06145	0.09979	0.01446	0.03505	0.01113	0.00665	0.00619	0.00198	0.00775	0.00578	0.00374	0.00915
20	0.01446	0.01573	0.08926	0.11446	0.25520	0.01666	0.01676	0.04651	0.01279	0.01858	0.01068	0.01543	0.00929	0.02412	0.01257	0.00237	0.30817	0.00560	0.00306	0.00829
21	0.29691	0.01314	0.01949	0.26158	0.11620	0.01477	0.12804	0.01811	0.01251	0.02171	0.01065	0.01437	0.00829	0.00610	0.00618	0.00206	0.03382	0.00517	0.00331	0.00760
22	0.01198	0.01128	0.01903	0.76180	0.04369	0.01409	0.01762	0.01621	0.01268	0.01621	0.01128	0.01691	0.00846	0.00634	0.00634	0.00211	0.00846	0.00564	0.00282	0.00705
23	0.10413	0.01419	0.01637	0.04466	0.01859	0.01480	0.01070	0.34603	0.02259	0.31575	0.01831	0.01734	0.01225	0.00748	0.00612	0.00194	0.00621	0.00575	0.00655	0.01024
24	0.01117	0.00843	0.01089	0.01180	0.01362	0.00882	0.01001	0.01687	0.14967	0.02030	0.03217	0.09189	0.03348	0.01593	0.00830	0.00276	0.00559	0.53574	0.00596	0.00661
25	0.05079	0.01363	0.01501	0.01304	0.01672	0.01542	0.03331	0.12280	0.52061	0.02775	0.05086	0.05411	0.01986	0.00889	0.00647	0.00212	0.00533	0.00745	0.00622	0.00960
26	0.02564	0.01143	0.01464	0.01165	0.01626	0.01076	0.00948	0.03154	0.17590	0.58246	0.02520	0.02206	0.01652	0.00802	0.00640	0.00201	0.00531	0.00656	0.00754	0.01063
27	0.01326	0.04896	0.01468	0.01221	0.06980	0.01016	0.00899	0.01734	0.07447	0.02055	0.01554	0.05147	0.01415	0.00698	0.00546	0.00139	0.00511	0.06971	0.00418	0.53559
28	0.01763	0.70916	0.03191	0.01121	0.01660	0.02459	0.01097	0.08452	0.01448	0.01728	0.00942	0.01065	0.00839	0.00563	0.00428	0.00141	0.00680	0.00361	0.00306	0.00839
29	0.00949	0.00661	0.00812	0.00780	0.00955	0.00591	0.00582	0.01188	0.01641	0.06098	0.43718	0.11889	0.24932	0.01424	0.00749	0.00209	0.00325	0.01237	0.00661	0.00599
