[name]
unknown

[dist]
# distance from previous block
# <min> <max>
0	23

[block]
# block no. 0 follows, 39 sequences, length 46
# corresponding to MSA columns:
# 23-68
name=unknown_A
#
# <colnr> <probs for GDERKNQSTAVLIFYWHMCP>
#	G	D	E	R	K	N	Q	S	T	A	V	L	I	F	Y	W	H	M	C	P
0	0.00929	0.00934	0.07939	0.01046	0.01286	0.00735	0.04931	0.01239	0.04311	0.01769	0.08810	0.31441	0.08754	0.01370	0.00704	0.00217	0.00473	0.15072	0.00500	0.07541
1	0.08422	0.12948	0.01882	0.01283	0.01689	0.07871	0.11143	0.06438	0.06240	0.15089	0.05788	0.02958	0.01414	0.00709	0.00615	0.00175	0.03981	0.03161	0.00449	0.07744
2	0.08723	0.04512	0.10286	0.01438	0.01840	0.03749	0.17750	0.01789	0.03863	0.11256	0.01954	0.11141	0.03485	0.00930	0.00683	0.00208	0.03169	0.12058	0.00435	0.00730
3	0.00736	0.00533	0.00695	0.00797	0.00857	0.00493	0.00544	0.00867	0.01225	0.01640	0.13849	0.63106	0.08998	0.01736	0.00743	0.00230	0.00331	0.01563	0.00564	0.00493
4	0.01381	0.03913	0.01638	0.24809	0.07165	0.01112	0.07120	0.03927	0.03859	0.11535	0.14360	0.02149	0.01838	0.00713	0.00588	0.00178	0.00592	0.00634	0.07077	0.05413
5	0.14415	0.01527	0.02332	0.05539	0.08887	0.07644	0.30662	0.08662	0.04436	0.08308	0.01265	0.01483	0.00938	0.00574	0.00595	0.00187	0.00788	0.00564	0.00383	0.00812
6	0.01541	0.00871	0.01053	0.00898	0.01179	0.00831	0.00707	0.13143	0.01734	0.22415	0.22161	0.09464	0.14633	0.01068	0.00641	0.00188	0.00408	0.00903	0.05427	0.00736
7	0.00745	0.00542	0.00693	0.00791	0.00852	0.00499	0.00532	0.00855	0.01154	0.01534	0.05987	0.62975	0.09720	0.07083	0.00895	0.00254	0.00355	0.01534	0.00535	0.02466
8	0.08138	0.01974	0.34617	0.01430	0.02010	0.01237	0.08314	0.09643	0.01432	0.08506	0.01497	0.07222	0.01240	0.03126	0.00655	0.00203	0.00708	0.02969	0.04275	0.00803
9	0.09708	0.01675	0.09075	0.01817	0.07576	0.11085	0.24047	0.02144	0.01423	0.19607	0.01356	0.01508	0.00973	0.00609	0.00663	0.00188	0.04765	0.00550	0.00403	0.00828
10	0.01518	0.01262	0.01347	0.01183	0.01519	0.01438	0.00927	0.12344	0.58410	0.02632	0.08776	0.02299	0.02036	0.00826	0.00609	0.00196	0.00475	0.00686	0.00605	0.00912
11	0.00728	0.00529	0.00687	0.00797	0.00854	0.00488	0.00541	0.00849	0.01194	0.01585	0.09114	0.66499	0.10414	0.01771	0.00745	0.00232	0.00334	0.01595	0.00557	0.00488
12	0.02084	0.05429	0.01789	0.01350	0.01760	0.06952	0.01112	0.51077	0.07734	0.05661	0.01403	0.01440	0.01032	0.00730	0.00699	0.00182	0.07577	0.00522	0.00531	0.00935
13	0.01322	0.01007	0.01201	0.00880	0.01365	0.00775	0.00703	0.01583	0.01309	0.08748	0.07790	0.01583	0.01350	0.00534	0.00475	0.00105	0.00430	0.00437	0.00412	0.67989
14	0.01365	0.32754	0.04491	0.01069	0.01393	0.07584	0.04527	0.01549	0.01212	0.03954	0.05801	0.04506	0.04207	0.15335	0.04189	0.00269	0.04206	0.00599	0.00342	0.00648
15	0.06356	0.01025	0.01378	0.10679	0.05948	0.01011	0.00978	0.09432	0.01588	0.38578	0.02088	0.14865	0.01675	0.00881	0.00608	0.00193	0.00535	0.00746	0.00584	0.00850
16	0.01637	0.04765	0.35919	0.01436	0.02046	0.09676	0.01533	0.04831	0.16430	0.13631	0.01526	0.01541	0.01089	0.00646	0.00567	0.00183	0.00738	0.00502	0.00416	0.00888
17	0.01354	0.01227	0.01710	0.01413	0.03532	0.01265	0.15421	0.04790	0.35607	0.02278	0.10248	0.02279	0.04327	0.00754	0.00614	0.00183	0.00556	0.00690	0.00505	0.11248
18	0.01164	0.01076	0.01774	0.74599	0.03979	0.01336	0.01621	0.04523	0.01249	0.01604	0.01067	0.01570	0.00797	0.00596	0.00591	0.00196	0.00783	0.00526	0.00277	0.00672
19	0.01393	0.01358	0.02090	0.30542	0.32508	0.06749	0.06930	0.04114	0.01356	0.01812	0.01131	0.01520	0.00896	0.00568	0.00584	0.00182	0.00760	0.00530	0.04188	0.00789
20	0.11207	0.05238	0.05748	0.03823	0.01694	0.15041	0.01018	0.05935	0.04615	0.37331	0.01677	0.01594	0.01139	0.00666	0.00546	0.00176	0.00644	0.00501	0.00535	0.00873
21	0.02617	0.01064	0.01408	0.01080	0.01539	0.00955	0.00892	0.09192	0.01790	0.69490	0.02252	0.01960	0.01423	0.00730	0.00594	0.00182	0.00516	0.00589	0.00719	0.01006
22	0.01186	0.03059	0.76153	0.01686	0.02560	0.01373	0.02185	0.01873	0.01249	0.01873	0.01061	0.01249	0.00749	0.00562	0.00562	0.00187	0.00874	0.00437	0.00250	0.00874
23	0.04561	0.04711	0.08617	0.04366	0.15235	0.03873	0.12325	0.05483	0.09241	0.19096	0.02962	0.03058	0.02434	0.00666	0.00594	0.00185	0.00673	0.00596	0.00453	0.00872
24	0.01197	0.00996	0.01516	0.01268	0.01494	0.01077	0.13161	0.08481	0.04244	0.04322	0.04503	0.09258	0.06935	0.09139	0.19933	0.00428	0.10192	0.00794	0.00412	0.00647
25	0.00719	0.00522	0.00678	0.00803	0.00852	0.00482	0.00540	0.00826	0.01151	0.01517	0.03503	0.72301	0.10284	0.01821	0.00750	0.00237	0.00339	0.01643	0.00549	0.00482
26	0.01707	0.08833	0.03223	0.01901	0.20694	0.14820	0.06506	0.06506	0.02725	0.12597	0.01602	0.13288	0.01434	0.00787	0.00593	0.00180	0.00695	0.00681	0.00418	0.00808
27	0.09096	0.04193	0.14653	0.01520	0.08485	0.04962	0.04143	0.11075	0.16802	0.16748	0.01608	0.01608	0.01155	0.00657	0.00563	0.00183	0.00643	0.00529	0.00478	0.00898
28	0.01464	0.00807	0.01010	0.00925	0.01156	0.00768	0.00710	0.10006	0.01550	0.22013	0.08604	0.28929	0.08074	0.02400	0.00704	0.00212	0.00426	0.05053	0.04492	0.00697
29	0.01610	0.01226	0.01732	0.10314	0.05041	0.01304	0.11218	0.20823	0.10744	0.09874	0.04122	0.04457	0.01483	0.07947	0.05179	0.00268	0.00704	0.00667	0.00480	0.00808
30	0.15183	0.01320	0.01718	0.04905	0.16281	0.01403	0.05758	0.17544	0.12744	0.13488	0.01550	0.01678	0.01151	0.00664	0.00567	0.00186	0.00606	0.01885	0.00485	0.00885
31	0.01341	0.01310	0.02485	0.08810	0.02540	0.01288	0.41358	0.04787	0.07126	0.04505	0.01925	0.05032	0.06821	0.00769	0.00685	0.00206	0.00791	0.07069	0.00395	0.00756
32	0.04238	0.01120	0.03713	0.00974	0.01481	0.00863	0.03203	0.02735	0.01323	0.10478	0.04715	0.01474	0.01157	0.00522	0.00481	0.00115	0.00475	0.00429	0.00407	0.60098
33	0.51805	0.04905	0.01258	0.01075	0.02630	0.23217	0.00841	0.04897	0.01287	0.02285	0.00879	0.01018	0.00701	0.00571	0.00428	0.00171	0.00653	0.00350	0.00352	0.00678
34	0.11406	0.00770	0.00950	0.00901	0.00995	0.00908	0.00675	0.01155	0.00941	0.01523	0.01474	0.02455	0.01473	0.25439	0.30131	0.00596	0.12047	0.00640	0.05010	0.00510
35	0.01608	0.00928	0.01161	0.00929	0.01304	0.00800	0.00736	0.04314	0.04027	0.25943	0.16787	0.08788	0.02317	0.00832	0.00579	0.00158	0.00427	0.00706	0.00568	0.27087
36	0.00777	0.00567	0.00742	0.00821	0.00907	0.00520	0.00578	0.00927	0.01245	0.01688	0.14961	0.56588	0.06191	0.01656	0.00732	0.00225	0.00347	0.05485	0.00556	0.04488
37	0.01093	0.00804	0.01218	0.01085	0.01277	0.00782	0.10996	0.05108	0.01335	0.06839	0.06328	0.38641	0.08039	0.01336	0.00757	0.01641	0.03100	0.01183	0.07835	0.00603
38	0.00761	0.00543	0.00715	0.00808	0.00866	0.00509	0.00556	0.00900	0.01234	0.01671	0.17504	0.56838	0.04123	0.06124	0.00874	0.00250	0.00352	0.04323	0.00558	0.00491
39	0.00730	0.00522	0.00683	0.00804	0.00844	0.00488	0.00535	0.00832	0.01134	0.01507	0.04559	0.70718	0.06292	0.06238	0.00880	0.00257	0.00354	0.01609	0.00540	0.00475
40	0.04789	0.01613	0.05686	0.12398	0.09316	0.06129	0.36567	0.08786	0.05032	0.02052	0.01211	0.01521	0.00916	0.00560	0.00630	0.00191	0.00861	0.00597	0.00337	0.00808
41	0.00756	0.00561	0.00705	0.00755	0.00856	0.00510	0.00534	0.00927	0.01355	0.01816	0.28001	0.40261	0.17652	0.01570	0.00725	0.00214	0.00313	0.01395	0.00583	0.00510
42	0.00753	0.00564	0.00699	0.00744	0.00852	0.00510	0.00528	0.00923	0.01357	0.01806	0.26925	0.37421	0.21636	0.01561	0.00723	0.00213	0.00312	0.01381	0.00582	0.00510
43	0.01585	0.04792	0.29309	0.11183	0.02377	0.01365	0.07353	0.07056	0.11519	0.15362	0.01501	0.01588	0.01058	0.00632	0.00583	0.00188	0.00726	0.00532	0.00414	0.00877
44	0.01985	0.01566	0.05201	0.01446	0.04806	0.09137	0.03561	0.25119	0.08918	0.18203	0.01661	0.01873	0.01253	0.00773	0.00722	0.00192	0.07580	0.04590	0.00522	0.00892
45	0.07044	0.09165	0.01872	0.01326	0.01719	0.06453	0.10337	0.09174	0.03948	0.19775	0.04106	0.01586	0.01189	0.00692	0.00743	0.00179	0.11320	0.00529	0.00454	0.08391

[dist]
# distance from previous block
# <min> <max>
2	10

[block]
# block no. 1 follows, 39 sequences, length 23
# corresponding to MSA columns:
# 79-101
name=unknown_B
#
# <colnr> <probs for GDERKNQSTAVLIFYWHMCP>
#	G	D	E	R	K	N	Q	S	T	A	V	L	I	F	Y	W	H	M	C	P
0	0.05317	0.14911	0.08726	0.01460	0.12016	0.02766	0.02505	0.12402	0.01520	0.04824	0.07990	0.01650	0.01359	0.03348	0.00606	0.00167	0.00597	0.00504	0.00393	0.16941
1	0.04774	0.04824	0.01727	0.01298	0.01681	0.01178	0.13066	0.08063	0.04618	0.20318	0.03988	0.04725	0.06043	0.00840	0.00718	0.00191	0.06748	0.06297	0.00498	0.08408
2	0.22072	0.09856	0.12046	0.01060	0.01513	0.01239	0.01004	0.05091	0.01390	0.20302	0.07435	0.01850	0.01435	0.00707	0.00549	0.00178	0.02286	0.03794	0.00465	0.05728
3	0.00895	0.00645	0.00769	0.00723	0.00906	0.00585	0.00547	0.01177	0.04201	0.05522	0.44523	0.04679	0.30082	0.01275	0.00690	0.00191	0.00304	0.01096	0.00617	0.00572
4	0.01176	0.01126	0.01947	0.64237	0.13105	0.01335	0.05597	0.01571	0.01215	0.01586	0.01067	0.01563	0.00813	0.00578	0.00596	0.00194	0.00789	0.00535	0.00269	0.00700
5	0.01119	0.01067	0.01940	0.01568	0.01857	0.01053	0.29802	0.04879	0.03732	0.01799	0.02190	0.37676	0.02335	0.01179	0.00779	0.00220	0.04571	0.01139	0.00438	0.00656
6	0.08093	0.01086	0.01407	0.01094	0.01522	0.01021	0.04719	0.12216	0.01733	0.47304	0.02503	0.02301	0.10698	0.00801	0.00597	0.00185	0.00521	0.00655	0.00640	0.00904
7	0.07047	0.01066	0.01377	0.01062	0.01516	0.00972	0.00877	0.08486	0.01742	0.66131	0.02177	0.01908	0.01382	0.00720	0.00582	0.00183	0.00513	0.00575	0.00701	0.00986
8	0.02406	0.01098	0.01398	0.01085	0.01516	0.01031	0.00891	0.16681	0.01906	0.54878	0.08883	0.02118	0.01753	0.00772	0.00604	0.00182	0.00512	0.00626	0.00697	0.00965
9	0.00762	0.00578	0.00703	0.00721	0.00850	0.00519	0.00522	0.00953	0.01424	0.01896	0.34071	0.25323	0.26578	0.01475	0.00714	0.00205	0.00303	0.01293	0.00592	0.00519
10	0.01444	0.01026	0.01393	0.01206	0.01390	0.03151	0.04775	0.06212	0.01293	0.16045	0.03570	0.16996	0.01820	0.05221	0.11489	0.00336	0.20681	0.00813	0.00454	0.00684
11	0.00843	0.00569	0.00664	0.00680	0.00689	0.00570	0.00398	0.00865	0.00896	0.01199	0.02012	0.12508	0.02323	0.66708	0.06223	0.00552	0.00594	0.00945	0.00379	0.00380
12	0.01464	0.01405	0.02400	0.03630	0.75528	0.01405	0.01815	0.01815	0.01347	0.01932	0.01112	0.01464	0.00937	0.00527	0.00585	0.00176	0.00703	0.00527	0.00293	0.00937
13	0.02209	0.02819	0.01676	0.01524	0.01828	0.76843	0.01143	0.02361	0.01676	0.01447	0.00914	0.01066	0.00762	0.00609	0.00533	0.00152	0.01066	0.00381	0.00305	0.00686
14	0.00870	0.00645	0.00794	0.00835	0.00925	0.00653	0.00584	0.01174	0.09795	0.01654	0.11221	0.34228	0.06018	0.17845	0.06401	0.00347	0.00491	0.04483	0.00511	0.00525
15	0.00770	0.00602	0.00697	0.00673	0.00842	0.00529	0.00505	0.00986	0.01515	0.01994	0.41426	0.05039	0.39605	0.01350	0.00698	0.00193	0.00289	0.01157	0.00601	0.00529
16	0.01474	0.01423	0.05842	0.11921	0.59819	0.01364	0.01762	0.01840	0.01342	0.05845	0.01168	0.01496	0.00939	0.00547	0.00585	0.00179	0.00710	0.00526	0.00311	0.00905
17	0.01544	0.01547	0.03630	0.09130	0.32013	0.09881	0.08183	0.03575	0.08001	0.04546	0.01216	0.01501	0.00975	0.00643	0.00770	0.00191	0.10941	0.00539	0.00337	0.00836
18	0.19732	0.03528	0.10269	0.08722	0.01911	0.29101	0.01158	0.05485	0.01436	0.07396	0.01090	0.01268	0.00839	0.00810	0.04694	0.00214	0.00841	0.00424	0.00353	0.00727
19	0.01027	0.00514	0.00770	0.00770	0.00770	0.00514	0.00514	0.00770	0.00770	0.01027	0.01027	0.01798	0.01027	0.02054	0.02311	0.82794	0.00514	0.00514	0.00257	0.00257
20	0.01488	0.48341	0.11056	0.01043	0.01517	0.01751	0.01049	0.01757	0.01342	0.08347	0.15303	0.01747	0.01749	0.00668	0.00481	0.00150	0.00581	0.00500	0.00372	0.00756
21	0.01399	0.11032	0.15465	0.01065	0.01601	0.01112	0.01032	0.04831	0.01356	0.09456	0.03261	0.04522	0.04593	0.00633	0.00507	0.00138	0.00546	0.00505	0.00393	0.36553
22	0.01461	0.20852	0.32963	0.01564	0.05328	0.01668	0.06031	0.11797	0.01447	0.02001	0.01050	0.01232	0.00813	0.00580	0.00591	0.00170	0.04459	0.00441	0.00309	0.05243

[dist]
# distance from previous block
# <min> <max>
0	31

[block]
# block no. 2 follows, 39 sequences, length 21
# corresponding to MSA columns:
# 133-153
name=unknown_C
#
# <colnr> <probs for GDERKNQSTAVLIFYWHMCP>
#	G	D	E	R	K	N	Q	S	T	A	V	L	I	F	Y	W	H	M	C	P
0	0.35416	0.01124	0.01141	0.01206	0.10514	0.03513	0.00824	0.05276	0.06897	0.02271	0.03542	0.04098	0.12755	0.00935	0.03793	0.00214	0.00534	0.00599	0.00421	0.04928
1	0.01269	0.00829	0.00966	0.00918	0.04040	0.00822	0.00667	0.13538	0.01580	0.04373	0.14946	0.11513	0.02365	0.00899	0.00549	0.00164	0.00384	0.00760	0.32434	0.06986
2	0.00761	0.00598	0.00691	0.00708	0.00867	0.00529	0.00536	0.00949	0.01407	0.01801	0.23091	0.13998	0.42408	0.01478	0.00716	0.00208	0.00322	0.07840	0.00575	0.00516
3	0.01755	0.01301	0.01455	0.01142	0.01542	0.06459	0.02223	0.20470	0.01728	0.14320	0.05096	0.04254	0.01356	0.02543	0.00709	0.00167	0.06283	0.00551	0.00486	0.26159
4	0.01243	0.15153	0.12344	0.01169	0.01593	0.01221	0.06399	0.01620	0.05161	0.04462	0.10000	0.09154	0.04885	0.00828	0.00637	0.00170	0.04559	0.02645	0.00403	0.16353
5	0.10832	0.05605	0.18840	0.04109	0.03319	0.10180	0.08595	0.05885	0.06250	0.05886	0.10141	0.03539	0.01534	0.00706	0.00593	0.00184	0.02053	0.00578	0.00398	0.00772
6	0.01387	0.44040	0.25720	0.01157	0.01726	0.01777	0.01294	0.01746	0.01222	0.01661	0.01058	0.01225	0.00866	0.00550	0.00442	0.00147	0.00657	0.00388	0.12172	0.00765
7	0.01307	0.01246	0.02118	0.37035	0.43343	0.01364	0.01737	0.01678	0.01273	0.01742	0.01085	0.01515	0.00870	0.00556	0.00588	0.00185	0.00741	0.00526	0.00279	0.00811
8	0.01884	0.12091	0.07543	0.01231	0.01681	0.18703	0.02410	0.08684	0.06846	0.17335	0.03192	0.01605	0.03139	0.00655	0.00538	0.00159	0.00681	0.00497	0.00450	0.10678
9	0.01189	0.00818	0.01083	0.00992	0.01224	0.00782	0.04107	0.01621	0.12530	0.11302	0.13893	0.27923	0.05600	0.01239	0.00675	0.00205	0.00424	0.06155	0.00567	0.07672
10	0.00780	0.00596	0.00715	0.00699	0.00852	0.00531	0.00519	0.01000	0.01518	0.02034	0.45382	0.10595	0.29912	0.01360	0.00702	0.00195	0.00291	0.01179	0.00607	0.00531
11	0.01434	0.01375	0.02347	0.09955	0.69433	0.01397	0.01800	0.01789	0.01333	0.01896	0.01107	0.01473	0.00924	0.00532	0.00586	0.00177	0.00710	0.00527	0.00290	0.00913
12	0.03396	0.01839	0.15122	0.01726	0.02258	0.09060	0.24844	0.06187	0.18328	0.08877	0.01531	0.01637	0.01119	0.00625	0.00613	0.00190	0.00785	0.00587	0.00418	0.00858
13	0.01522	0.01682	0.01698	0.01493	0.01591	0.23579	0.01202	0.01665	0.01134	0.01426	0.00885	0.01315	0.00832	0.01201	0.07922	0.00287	0.49153	0.00488	0.00277	0.00648
14	0.00729	0.00555	0.00674	0.00758	0.00857	0.00499	0.00535	0.00862	0.01236	0.01583	0.06712	0.47811	0.28175	0.01699	0.00737	0.00226	0.00336	0.04971	0.00552	0.00493
15	0.00814	0.00595	0.00764	0.00739	0.00874	0.00545	0.00548	0.01064	0.01593	0.02221	0.62221	0.11858	0.11361	0.01297	0.00703	0.00193	0.00287	0.01145	0.00632	0.00545
16	0.08991	0.21419	0.21148	0.01594	0.08706	0.05549	0.07292	0.08936	0.04859	0.04623	0.01131	0.01275	0.00871	0.00572	0.00516	0.00169	0.00726	0.00449	0.00339	0.00834
17	0.00721	0.00515	0.00686	0.00823	0.00858	0.00480	0.00549	0.00823	0.01132	0.01510	0.03259	0.78831	0.03911	0.01853	0.00755	0.00240	0.00343	0.01681	0.00549	0.00480
18	0.00929	0.00667	0.00923	0.01046	0.01180	0.00661	0.00901	0.01191	0.01367	0.01783	0.06795	0.09566	0.05781	0.01618	0.00805	0.00264	0.00515	0.62918	0.00550	0.00541
19	0.01174	0.00664	0.00691	0.00665	0.00828	0.00684	0.00502	0.06965	0.04499	0.02274	0.02024	0.08680	0.01693	0.00795	0.00464	0.00152	0.00319	0.00651	0.65679	0.00597
20	0.01271	0.07015	0.14008	0.23513	0.02441	0.01366	0.04712	0.05056	0.19967	0.01987	0.07230	0.05837	0.01583	0.00747	0.00596	0.00192	0.00652	0.00642	0.00407	0.00776

[dist]
# distance from previous block
# <min> <max>
0	3

[block]
# block no. 3 follows, 39 sequences, length 38
# corresponding to MSA columns:
# 157-194
name=unknown_D
#
# <colnr> <probs for GDERKNQSTAVLIFYWHMCP>
#	G	D	E	R	K	N	Q	S	T	A	V	L	I	F	Y	W	H	M	C	P
0	0.01313	0.00849	0.01091	0.01040	0.01259	0.00866	0.00860	0.05879	0.09174	0.12891	0.21081	0.04461	0.03276	0.01233	0.00758	0.00224	0.03164	0.29298	0.00598	0.00687
1	0.01258	0.01288	0.07028	0.01007	0.01480	0.04875	0.00861	0.01523	0.01207	0.01816	0.01073	0.01379	0.00928	0.05110	0.00711	0.00139	0.06070	0.00400	0.00334	0.61516
2	0.01322	0.06067	0.32087	0.05306	0.02066	0.05457	0.01422	0.04275	0.04002	0.01911	0.01098	0.01273	0.00846	0.00533	0.00510	0.00147	0.00689	0.00413	0.00315	0.30262
3	0.01672	0.11491	0.02117	0.01500	0.01915	0.09098	0.17802	0.16337	0.13685	0.05895	0.01674	0.07741	0.01419	0.00774	0.00609	0.00187	0.00704	0.04106	0.00455	0.00819
4	0.00733	0.00575	0.00663	0.00695	0.00833	0.00505	0.00501	0.00894	0.01349	0.01725	0.18934	0.27163	0.40236	0.01546	0.00715	0.00209	0.00308	0.01341	0.00569	0.00505
5	0.01301	0.01376	0.02781	0.12564	0.08312	0.01369	0.46161	0.01731	0.01341	0.01811	0.01409	0.02239	0.01210	0.00682	0.00736	0.00209	0.03725	0.09967	0.00324	0.00750
6	0.01846	0.01340	0.02034	0.02316	0.32826	0.02565	0.08059	0.10169	0.07057	0.21144	0.03577	0.01741	0.01264	0.00638	0.00602	0.00182	0.00650	0.00584	0.00472	0.00935
7	0.01396	0.01595	0.03490	0.02493	0.03091	0.01496	0.73380	0.01894	0.01396	0.01894	0.01196	0.01595	0.00897	0.00499	0.00698	0.00199	0.00997	0.00698	0.00299	0.00798
8	0.00745	0.00522	0.00671	0.00791	0.00842	0.00486	0.00533	0.00863	0.01153	0.01563	0.03339	0.68982	0.08208	0.01750	0.00728	0.00231	0.00336	0.01576	0.06193	0.00486
9	0.08558	0.01312	0.01388	0.01107	0.01504	0.01399	0.00903	0.44909	0.02209	0.08499	0.02539	0.02454	0.18889	0.00888	0.00599	0.00184	0.00539	0.00692	0.00573	0.00854
10	0.01630	0.02266	0.45397	0.01520	0.02221	0.01247	0.05891	0.02251	0.06829	0.22654	0.01525	0.01554	0.01036	0.00624	0.00582	0.00188	0.00747	0.00514	0.00414	0.00911
11	0.02515	0.01148	0.01450	0.01121	0.01575	0.01090	0.00923	0.16894	0.05458	0.58050	0.02156	0.01905	0.01390	0.00731	0.00594	0.00183	0.00531	0.00586	0.00698	0.01003
12	0.00721	0.00555	0.00660	0.00729	0.00837	0.00494	0.00511	0.00856	0.01259	0.01611	0.09872	0.44408	0.32041	0.01664	0.00728	0.00220	0.00321	0.01464	0.00557	0.00494
13	0.01851	0.01254	0.01436	0.05176	0.01663	0.01367	0.00962	0.26897	0.23266	0.15884	0.01903	0.02037	0.01440	0.08632	0.03304	0.00251	0.00600	0.00619	0.00571	0.00888
14	0.01049	0.00835	0.00925	0.00921	0.01110	0.00888	0.00679	0.01804	0.30711	0.01965	0.03236	0.30761	0.13910	0.01285	0.00658	0.00210	0.00381	0.01119	0.06881	0.00672
15	0.00719	0.00604	0.00626	0.00633	0.00827	0.00512	0.00483	0.00880	0.01360	0.01634	0.08199	0.05705	0.68688	0.01496	0.00706	0.00203	0.00313	0.05356	0.00552	0.00504
16	0.39313	0.01212	0.01232	0.00995	0.01415	0.01290	0.00821	0.17963	0.01620	0.26641	0.01444	0.01403	0.00988	0.00644	0.00490	0.00182	0.00515	0.00456	0.00534	0.00840
17	0.04785	0.03388	0.32920	0.01826	0.15678	0.01355	0.01624	0.11939	0.01558	0.17255	0.01366	0.01452	0.00961	0.00609	0.00566	0.00182	0.00716	0.00492	0.00407	0.00920
18	0.01144	0.00905	0.01156	0.01039	0.01200	0.01047	0.00824	0.11748	0.03908	0.01970	0.13927	0.02643	0.07675	0.03739	0.27801	0.00474	0.13992	0.00721	0.03454	0.00632
19	0.01581	0.79572	0.03099	0.01012	0.01518	0.02340	0.01012	0.01771	0.01202	0.01391	0.00822	0.00949	0.00759	0.00506	0.00379	0.00126	0.00632	0.00316	0.00253	0.00759
20	0.00857	0.00586	0.00708	0.00708	0.00729	0.00607	0.00436	0.00900	0.00879	0.01193	0.01806	0.03553	0.02013	0.63912	0.18127	0.00651	0.00780	0.00814	0.00350	0.00393
21	0.01226	0.01051	0.01226	0.00876	0.01401	0.00788	0.00701	0.01489	0.01226	0.01927	0.01051	0.01226	0.00876	0.00438	0.00438	0.00088	0.00438	0.00350	0.00350	0.82832
22	0.06774	0.09598	0.04397	0.01639	0.11796	0.10135	0.06891	0.12466	0.02822	0.22403	0.01434	0.01488	0.01034	0.00642	0.00613	0.00177	0.03846	0.00508	0.00460	0.00876
23	0.01587	0.04107	0.03958	0.02321	0.19343	0.15227	0.28541	0.01927	0.01393	0.05113	0.01204	0.04202	0.00999	0.00627	0.00722	0.00188	0.06822	0.00600	0.00322	0.00796
24	0.01027	0.00514	0.00770	0.00770	0.00770	0.00514	0.00514	0.00770	0.00770	0.01027	0.01027	0.01798	0.01027	0.02054	0.02311	0.82794	0.00514	0.00514	0.00257	0.00257
25	0.01360	0.14259	0.10022	0.01300	0.05551	0.03615	0.05103	0.01890	0.12552	0.01896	0.01305	0.01556	0.01077	0.00575	0.00506	0.00142	0.00591	0.02961	0.00362	0.33381
26	0.15089	0.15602	0.14563	0.01354	0.01828	0.21633	0.05741	0.07755	0.05269	0.01970	0.01065	0.01220	0.00844	0.00702	0.02846	0.00191	0.00805	0.00424	0.00335	0.00764
27	0.00721	0.00515	0.00686	0.00823	0.00858	0.00480	0.00549	0.00823	0.01132	0.01510	0.03259	0.78831	0.03911	0.01853	0.00755	0.00240	0.00343	0.01681	0.00549	0.00480
28	0.00732	0.00523	0.00699	0.00836	0.00876	0.00490	0.00569	0.00843	0.01143	0.01522	0.03253	0.75311	0.03887	0.01842	0.00758	0.00242	0.00353	0.05089	0.00549	0.00483
29	0.01411	0.01086	0.01358	0.01002	0.01497	0.00891	0.04287	0.04203	0.04912	0.09588	0.02912	0.02702	0.01138	0.00538	0.00491	0.00116	0.00476	0.00451	0.00417	0.60525
30	0.07795	0.11103	0.23265	0.01805	0.02428	0.04061	0.29073	0.09846	0.01465	0.02077	0.01102	0.01337	0.00828	0.00548	0.00580	0.00182	0.00842	0.00523	0.00318	0.00822
31	0.00724	0.00536	0.00679	0.00790	0.00859	0.00491	0.00544	0.00842	0.01181	0.01535	0.03774	0.62439	0.17453	0.01778	0.00746	0.00234	0.00342	0.04017	0.00549	0.00486
32	0.00967	0.00669	0.00804	0.00746	0.00939	0.00611	0.00568	0.01274	0.05383	0.07800	0.44118	0.04515	0.26891	0.01241	0.00685	0.00191	0.00313	0.01068	0.00623	0.00594
33	0.12934	0.05332	0.10766	0.03341	0.14131	0.01536	0.19542	0.14497	0.01532	0.04833	0.01151	0.01382	0.00875	0.00594	0.00647	0.00187	0.04996	0.00524	0.00363	0.00839
34	0.01478	0.01501	0.02462	0.04605	0.53434	0.05863	0.12312	0.01823	0.01336	0.01851	0.01086	0.01449	0.00905	0.00568	0.00704	0.00185	0.06732	0.00543	0.00291	0.00874
35	0.00926	0.00577	0.00722	0.00768	0.00821	0.00548	0.00496	0.00997	0.01064	0.07093	0.02617	0.42233	0.03002	0.33432	0.01666	0.00372	0.00450	0.01261	0.00485	0.00471
36	0.27129	0.01728	0.10204	0.01607	0.07067	0.10530	0.16287	0.09391	0.03951	0.02289	0.01085	0.01275	0.00829	0.00567	0.00527	0.00179	0.00728	0.00470	0.00357	0.03798
37	0.06655	0.06412	0.01650	0.02490	0.01705	0.16117	0.03232	0.23647	0.17990	0.06346	0.01626	0.05385	0.01304	0.00755	0.00572	0.00181	0.00666	0.01927	0.00495	0.00846

[dist]
# distance from previous block
# <min> <max>
0	4

[block]
# block no. 4 follows, 39 sequences, length 35
# corresponding to MSA columns:
# 199-231,233,234
name=unknown_E
#
# <colnr> <probs for GDERKNQSTAVLIFYWHMCP>
#	G	D	E	R	K	N	Q	S	T	A	V	L	I	F	Y	W	H	M	C	P
0	0.01067	0.03754	0.01160	0.04520	0.01277	0.00775	0.03964	0.01166	0.01054	0.01483	0.01481	0.07048	0.01498	0.12610	0.05713	0.20598	0.00593	0.05832	0.00343	0.24064
1	0.04981	0.01522	0.05412	0.11280	0.05470	0.08416	0.14866	0.11776	0.12402	0.05546	0.01525	0.04779	0.01241	0.00736	0.00679	0.00196	0.04570	0.03385	0.00417	0.00801
2	0.01135	0.00923	0.00971	0.00892	0.01102	0.06706	0.00679	0.01654	0.15546	0.05631	0.44974	0.03754	0.11503	0.01092	0.00662	0.00187	0.00389	0.00936	0.00608	0.00655
3	0.00865	0.00720	0.00949	0.17302	0.01568	0.00734	0.00770	0.01169	0.04807	0.01823	0.23464	0.12729	0.28427	0.01232	0.00677	0.00200	0.00412	0.01066	0.00518	0.00568
4	0.01632	0.01852	0.01275	0.01170	0.01431	0.41122	0.00881	0.05200	0.04822	0.01732	0.07967	0.05523	0.18452	0.00924	0.00594	0.00172	0.00730	0.00709	0.03166	0.00647
5	0.83394	0.01144	0.00869	0.00778	0.01144	0.01327	0.00640	0.01738	0.01006	0.02653	0.00823	0.00961	0.00640	0.00549	0.00366	0.00183	0.00457	0.00320	0.00366	0.00640
6	0.00848	0.00611	0.00810	0.00805	0.00937	0.00573	0.00621	0.01114	0.01588	0.02218	0.58853	0.09713	0.05119	0.01320	0.00720	0.00203	0.00326	0.12443	0.00627	0.00551
7	0.00721	0.00515	0.00686	0.00823	0.00858	0.00480	0.00549	0.00823	0.01132	0.01510	0.03259	0.78831	0.03911	0.01853	0.00755	0.00240	0.00343	0.01681	0.00549	0.00480
8	0.01199	0.01735	0.29875	0.07388	0.10504	0.01109	0.01526	0.04592	0.01373	0.04372	0.05151	0.07490	0.03441	0.00941	0.00647	0.00209	0.00680	0.16617	0.00395	0.00754
9	0.01622	0.01279	0.01373	0.01204	0.01558	0.01452	0.00945	0.08457	0.63362	0.08290	0.02326	0.02132	0.01718	0.00790	0.00600	0.00197	0.00485	0.00653	0.00611	0.00947
10	0.02251	0.01023	0.01316	0.01057	0.01447	0.00954	0.00853	0.11869	0.04021	0.51993	0.05364	0.11432	0.01885	0.00888	0.00618	0.00190	0.00493	0.00741	0.00684	0.00921
11	0.02204	0.08906	0.01760	0.01432	0.01769	0.62757	0.01103	0.02368	0.01639	0.09278	0.01056	0.01156	0.00835	0.00614	0.00527	0.00153	0.00972	0.00398	0.00345	0.00725
12	0.05813	0.01350	0.01503	0.01207	0.01632	0.01450	0.00981	0.31507	0.22582	0.22718	0.01916	0.01780	0.01337	0.00735	0.00585	0.00186	0.00551	0.00578	0.00622	0.00970
13	0.00715	0.00594	0.00625	0.00629	0.00812	0.00504	0.00467	0.00875	0.01368	0.01673	0.13091	0.10406	0.63223	0.01491	0.00702	0.00201	0.00300	0.01258	0.00560	0.00504
14	0.00816	0.00555	0.00658	0.00701	0.00711	0.00544	0.00418	0.00849	0.00945	0.01260	0.02299	0.27279	0.02700	0.55057	0.02306	0.00469	0.00501	0.01116	0.00418	0.00396
15	0.01409	0.01639	0.13383	0.06140	0.61941	0.01397	0.01864	0.01812	0.01326	0.01907	0.01102	0.01436	0.00903	0.00535	0.00582	0.00178	0.00731	0.00513	0.00285	0.00917
16	0.01194	0.01074	0.01719	0.66737	0.03709	0.01313	0.01556	0.07122	0.01319	0.01701	0.01218	0.01902	0.00979	0.00670	0.00606	0.00201	0.00761	0.05235	0.00307	0.00677
17	0.00860	0.00573	0.00645	0.00645	0.00645	0.00573	0.00358	0.00860	0.00860	0.01147	0.01863	0.03870	0.02150	0.79217	0.03010	0.00573	0.00573	0.00860	0.00358	0.00358
18	0.01166	0.09311	0.01913	0.69719	0.03804	0.01422	0.01576	0.01538	0.01185	0.01498	0.01027	0.01511	0.00785	0.00582	0.00569	0.00190	0.00772	0.00504	0.00262	0.00668
19	0.09968	0.09953	0.01455	0.01137	0.01325	0.16482	0.00907	0.01519	0.01114	0.01513	0.01163	0.01729	0.01100	0.09094	0.24477	0.00457	0.15187	0.00514	0.00306	0.00603
20	0.01436	0.00915	0.05974	0.00911	0.01202	0.00746	0.00769	0.01792	0.05047	0.24010	0.42359	0.03303	0.03701	0.00985	0.00642	0.00184	0.00393	0.00847	0.04055	0.00729
21	0.03865	0.01218	0.10523	0.01339	0.06363	0.03492	0.10733	0.01465	0.03827	0.04647	0.01556	0.02517	0.01489	0.30929	0.13111	0.00449	0.00836	0.00678	0.00349	0.00614
22	0.01384	0.01421	0.09856	0.30926	0.36285	0.01332	0.01727	0.01778	0.01298	0.06675	0.01165	0.01520	0.00897	0.00568	0.00586	0.00185	0.00739	0.00521	0.00306	0.00830
23	0.02124	0.01631	0.01638	0.01288	0.01713	0.07565	0.01051	0.60396	0.02532	0.03389	0.01434	0.01475	0.01040	0.00700	0.00568	0.00171	0.00644	0.00523	0.09185	0.00933
24	0.01581	0.79572	0.03099	0.01012	0.01518	0.02340	0.01012	0.01771	0.01202	0.01391	0.00822	0.00949	0.00759	0.00506	0.00379	0.00126	0.00632	0.00316	0.00253	0.00759
25	0.04659	0.16112	0.22115	0.01246	0.01825	0.01411	0.01278	0.11048	0.01592	0.30740	0.01546	0.01501	0.01056	0.00635	0.00538	0.00173	0.00645	0.00484	0.00483	0.00913
26	0.00733	0.00532	0.00692	0.00796	0.00856	0.00491	0.00542	0.00861	0.01215	0.01622	0.12284	0.63999	0.09698	0.01746	0.00743	0.00230	0.00332	0.01572	0.00561	0.00491
27	0.00994	0.00842	0.00917	0.00901	0.00990	0.08685	0.00645	0.01123	0.00994	0.01299	0.01614	0.02747	0.01644	0.30902	0.42304	0.00731	0.01166	0.00688	0.00330	0.00484
28	0.05121	0.01024	0.03781	0.16222	0.07004	0.01004	0.01031	0.07390	0.04154	0.15552	0.02532	0.15608	0.12349	0.01014	0.00633	0.00201	0.00539	0.03617	0.00496	0.00728
29	0.01387	0.18074	0.34501	0.01484	0.06829	0.01398	0.03784	0.01827	0.01347	0.09610	0.09367	0.01835	0.04739	0.00676	0.00554	0.00174	0.00688	0.00548	0.00362	0.00815
30	0.00714	0.00538	0.00662	0.00760	0.00841	0.00486	0.00521	0.00831	0.01193	0.01534	0.04027	0.58290	0.23957	0.01753	0.00739	0.00229	0.00331	0.01560	0.00549	0.00486
31	0.01301	0.01166	0.01953	0.02694	0.48459	0.01141	0.05477	0.01592	0.01320	0.04571	0.01938	0.17239	0.06836	0.00867	0.00634	0.00192	0.00611	0.00821	0.00379	0.00809
32	0.01132	0.00813	0.01170	0.01081	0.01198	0.00978	0.00860	0.01321	0.01016	0.09220	0.01498	0.02118	0.01347	0.05686	0.50385	0.00709	0.17908	0.00612	0.00349	0.00599
33	0.01349	0.00817	0.00910	0.00819	0.01049	0.00846	0.00635	0.05143	0.17497	0.10119	0.15640	0.02560	0.02304	0.00816	0.00535	0.00167	0.00359	0.00677	0.37053	0.00705
34	0.00721	0.00515	0.00686	0.00823	0.00858	0.00480	0.00549	0.00823	0.01132	0.01510	0.03259	0.78831	0.03911	0.01853	0.00755	0.00240	0.00343	0.01681	0.00549	0.00480

[dist]
# distance from previous block
# <min> <max>
0	3

[block]
# block no. 5 follows, 39 sequences, length 18
# corresponding to MSA columns:
# 238-255
name=unknown_F
#
# <colnr> <probs for GDERKNQSTAVLIFYWHMCP>
#	G	D	E	R	K	N	Q	S	T	A	V	L	I	F	Y	W	H	M	C	P
0	0.01551	0.01428	0.02954	0.02133	0.02675	0.01331	0.57265	0.01993	0.01425	0.12425	0.01416	0.01703	0.01027	0.00547	0.00661	0.00192	0.00869	0.00672	0.06925	0.00808
1	0.04078	0.06003	0.30658	0.01400	0.05501	0.01167	0.01414	0.02253	0.01456	0.33573	0.05469	0.01728	0.01314	0.00663	0.00569	0.00181	0.00652	0.00532	0.00482	0.00905
2	0.01226	0.01051	0.01226	0.00876	0.01401	0.00788	0.00701	0.01489	0.01226	0.01927	0.01051	0.01226	0.00876	0.00438	0.00438	0.00088	0.00438	0.00350	0.00350	0.82832
3	0.00721	0.00515	0.00686	0.00823	0.00858	0.00480	0.00549	0.00823	0.01132	0.01510	0.03259	0.78831	0.03911	0.01853	0.00755	0.00240	0.00343	0.01681	0.00549	0.00480
4	0.00942	0.00746	0.00935	0.00986	0.01089	0.00807	0.00729	0.01379	0.15860	0.01724	0.02876	0.49627	0.03184	0.01553	0.00825	0.00237	0.06602	0.08770	0.00536	0.00592
5	0.04381	0.01144	0.05110	0.04274	0.13620	0.01092	0.05569	0.01892	0.08654	0.16063	0.14359	0.05075	0.05800	0.00885	0.00729	0.00198	0.06440	0.03442	0.00496	0.00780
6	0.00761	0.00534	0.00666	0.00760	0.00805	0.00503	0.00499	0.00855	0.01101	0.01474	0.03155	0.55482	0.09176	0.16691	0.01171	0.00297	0.00381	0.01443	0.03783	0.00461
7	0.01005	0.00607	0.00715	0.00695	0.00744	0.00600	0.00427	0.01050	0.00957	0.07086	0.01944	0.06538	0.02104	0.62805	0.06310	0.00529	0.00596	0.00847	0.04009	0.00431
8	0.13551	0.01232	0.01524	0.01883	0.26028	0.04473	0.01131	0.02044	0.21803	0.02168	0.07445	0.04939	0.04959	0.00796	0.00584	0.00191	0.00547	0.03452	0.00448	0.00802
9	0.01647	0.08763	0.13675	0.06692	0.01960	0.01463	0.06031	0.17214	0.11734	0.10160	0.01475	0.01597	0.01095	0.00741	0.00721	0.04148	0.04786	0.00533	0.04732	0.00835
10	0.01205	0.00908	0.01044	0.01021	0.01233	0.00981	0.00779	0.02067	0.34874	0.05616	0.05260	0.25910	0.02714	0.01214	0.00665	0.00216	0.00424	0.08543	0.04598	0.00728
11	0.38747	0.04680	0.04825	0.01020	0.01411	0.04052	0.00878	0.12963	0.08262	0.07860	0.05251	0.01703	0.01276	0.00700	0.00495	0.00185	0.00535	0.03940	0.00460	0.00759
12	0.14479	0.01278	0.01733	0.01452	0.05595	0.05754	0.15013	0.05223	0.07086	0.22565	0.10471	0.01947	0.01645	0.00709	0.00617	0.00187	0.02307	0.00614	0.00506	0.00819
13	0.01689	0.05140	0.03192	0.10685	0.06279	0.01036	0.06432	0.04484	0.01501	0.28410	0.09164	0.12088	0.02049	0.00903	0.00631	0.00194	0.00567	0.04229	0.00535	0.00794
14	0.00796	0.00594	0.00748	0.00823	0.00920	0.00564	0.00591	0.01031	0.05181	0.01735	0.15376	0.47431	0.13127	0.01628	0.00735	0.00227	0.00350	0.07051	0.00568	0.00525
15	0.07962	0.25077	0.12201	0.18176	0.02435	0.01629	0.12881	0.01779	0.01238	0.05205	0.01044	0.01299	0.00815	0.00553	0.00543	0.00170	0.02260	0.00458	0.00298	0.03979
16	0.07486	0.01354	0.05258	0.01341	0.01760	0.05141	0.12006	0.07383	0.05548	0.19680	0.05679	0.01936	0.01418	0.00724	0.00693	0.00183	0.06861	0.03684	0.00477	0.11388
17	0.03283	0.01339	0.03608	0.01098	0.01493	0.10128	0.00897	0.09671	0.05717	0.16963	0.03726	0.05853	0.03941	0.00829	0.02434	0.00179	0.03998	0.00579	0.00480	0.23784

[dist]
# distance from previous block
# <min> <max>
1	11

[block]
# block no. 6 follows, 39 sequences, length 45
# corresponding to MSA columns:
# 267-279,289-299,301-317,319-322
name=unknown_G
#
# <colnr> <probs for GDERKNQSTAVLIFYWHMCP>
#	G	D	E	R	K	N	Q	S	T	A	V	L	I	F	Y	W	H	M	C	P
0	0.04312	0.01274	0.07768	0.06578	0.23808	0.01144	0.01256	0.02012	0.12005	0.13926	0.06926	0.06535	0.02945	0.00765	0.00597	0.00185	0.00573	0.01916	0.00458	0.05018
1	0.06437	0.01341	0.10194	0.01345	0.01768	0.04312	0.16028	0.01773	0.03192	0.13373	0.01827	0.19405	0.01678	0.00867	0.00607	0.00185	0.00619	0.00791	0.02293	0.11963
2	0.00966	0.00756	0.01029	0.07982	0.06025	0.00760	0.00844	0.01259	0.03760	0.03583	0.20645	0.09061	0.19554	0.01287	0.00740	0.00216	0.02424	0.17987	0.00529	0.00595
3	0.00908	0.00608	0.00804	0.00890	0.00982	0.00585	0.00657	0.01104	0.03294	0.05306	0.07483	0.46532	0.03598	0.06853	0.00904	0.00263	0.00413	0.17733	0.00552	0.00531
4	0.01636	0.01618	0.15636	0.01610	0.11220	0.03035	0.02871	0.03989	0.33040	0.14747	0.03159	0.01882	0.01443	0.00704	0.00593	0.00190	0.00606	0.00593	0.00505	0.00922
5	0.02446	0.01060	0.01358	0.01057	0.01488	0.00984	0.00868	0.11524	0.04143	0.58960	0.02191	0.01960	0.01422	0.00728	0.00581	0.00179	0.00503	0.00586	0.06992	0.00969
6	0.00743	0.00531	0.00672	0.00775	0.00816	0.00498	0.00508	0.00832	0.01101	0.01452	0.03223	0.59997	0.09084	0.15464	0.01148	0.00296	0.00380	0.01503	0.00515	0.00460
7	0.01199	0.14894	0.02007	0.64259	0.03623	0.01495	0.01531	0.01557	0.01186	0.01490	0.01011	0.01466	0.00783	0.00576	0.00554	0.00185	0.00761	0.00489	0.00261	0.00675
8	0.00991	0.00768	0.00941	0.00959	0.01089	0.00822	0.00700	0.06370	0.14109	0.01817	0.02775	0.46425	0.04834	0.01865	0.09927	0.00314	0.02911	0.01250	0.00524	0.00609
9	0.01291	0.00724	0.00972	0.00962	0.01170	0.00677	0.00800	0.01539	0.01472	0.18413	0.15065	0.08201	0.08042	0.01332	0.00724	0.00227	0.00458	0.34033	0.03252	0.00644
10	0.16149	0.01131	0.01115	0.00937	0.01257	0.03900	0.00752	0.22361	0.04899	0.10071	0.01613	0.01700	0.01196	0.00677	0.00487	0.00165	0.00475	0.00508	0.29844	0.00764
11	0.01238	0.01185	0.02076	0.59667	0.03758	0.01379	0.14256	0.06153	0.01322	0.01719	0.01100	0.01570	0.00821	0.00582	0.00610	0.00196	0.00816	0.00556	0.00290	0.00704
12	0.00774	0.00591	0.00596	0.00595	0.00782	0.00510	0.00446	0.00950	0.01338	0.01727	0.07274	0.05040	0.60269	0.01347	0.00649	0.00188	0.00295	0.01120	0.14999	0.00510
13	0.00858	0.00570	0.00668	0.00677	0.00684	0.00573	0.00396	0.00863	0.00878	0.01176	0.01902	0.08462	0.02179	0.67223	0.06502	0.04163	0.00606	0.00886	0.00364	0.00370
14	0.00929	0.00731	0.01007	0.00961	0.01016	0.00877	0.00718	0.01060	0.00914	0.01311	0.01529	0.02623	0.01564	0.27122	0.40663	0.00711	0.14764	0.00684	0.00320	0.00496
15	0.02080	0.01593	0.01781	0.01395	0.01784	0.01830	0.01154	0.60839	0.02450	0.03321	0.01306	0.01398	0.00965	0.00767	0.00829	0.00192	0.14310	0.00530	0.00533	0.00942
16	0.00723	0.00517	0.00689	0.00822	0.00858	0.00482	0.00549	0.00830	0.01145	0.01529	0.04913	0.77121	0.03950	0.01838	0.00754	0.00239	0.00342	0.01667	0.00551	0.00482
17	0.01927	0.02278	0.01421	0.01303	0.01567	0.58550	0.00977	0.02109	0.01599	0.01640	0.05811	0.01480	0.01201	0.00662	0.00523	0.00152	0.00877	0.00455	0.14817	0.00654
18	0.00965	0.00551	0.00813	0.00813	0.00843	0.00581	0.00568	0.00857	0.00827	0.01133	0.01238	0.02078	0.01226	0.07628	0.23477	0.54389	0.00821	0.00570	0.00280	0.00340
19	0.01300	0.01394	0.02817	0.02044	0.02575	0.01272	0.53448	0.01718	0.01340	0.01862	0.01372	0.09079	0.01188	0.00620	0.00658	0.00184	0.00835	0.00733	0.00333	0.15229
20	0.01433	0.62309	0.05883	0.00994	0.01452	0.01984	0.00983	0.01660	0.01287	0.01585	0.13948	0.01573	0.01608	0.00632	0.00443	0.00140	0.00581	0.00454	0.00323	0.00729
21	0.00720	0.00518	0.00683	0.00815	0.00855	0.00481	0.00545	0.00824	0.01141	0.01513	0.03368	0.75920	0.06752	0.01839	0.00753	0.00239	0.00341	0.01664	0.00549	0.00481
22	0.01478	0.01043	0.01252	0.00907	0.01421	0.00803	0.00730	0.01735	0.01309	0.14974	0.01277	0.01365	0.00980	0.00490	0.00466	0.00104	0.00449	0.00393	0.00418	0.68407
23	0.01256	0.16548	0.63274	0.01567	0.02376	0.01544	0.01978	0.01855	0.01240	0.01788	0.01019	0.01196	0.00751	0.00552	0.00530	0.00177	0.00831	0.00416	0.00250	0.00854
24	0.00911	0.01036	0.14080	0.00952	0.01149	0.00782	0.00835	0.01118	0.00965	0.01367	0.01609	0.02780	0.01630	0.34979	0.32577	0.00658	0.01037	0.00693	0.00322	0.00518
25	0.00875	0.00598	0.00728	0.00752	0.00786	0.00608	0.00499	0.00943	0.00957	0.01278	0.02060	0.04218	0.02308	0.58482	0.09594	0.00556	0.00664	0.13300	0.00387	0.00407
26	0.01366	0.03017	0.63023	0.01657	0.02431	0.14678	0.02001	0.01959	0.01324	0.01798	0.01035	0.01216	0.00751	0.00570	0.00557	0.00181	0.00908	0.00427	0.00259	0.00841
27	0.01581	0.79572	0.03099	0.01012	0.01518	0.02340	0.01012	0.01771	0.01202	0.01391	0.00822	0.00949	0.00759	0.00506	0.00379	0.00126	0.00632	0.00316	0.00253	0.00759
28	0.01552	0.01735	0.01760	0.17339	0.02164	0.25888	0.01317	0.01744	0.01211	0.01449	0.00878	0.01279	0.00774	0.00806	0.01208	0.00212	0.37273	0.00475	0.00274	0.00661
29	0.00824	0.00615	0.00786	0.00865	0.00996	0.00577	0.00690	0.01030	0.01347	0.01743	0.12603	0.21355	0.22332	0.01593	0.00759	0.00236	0.00407	0.30160	0.00560	0.00521
30	0.08625	0.01381	0.03968	0.01496	0.09752	0.01359	0.04150	0.25717	0.06695	0.25322	0.01649	0.01616	0.01145	0.00666	0.00572	0.00179	0.00597	0.00540	0.00553	0.04017
31	0.01382	0.04854	0.36569	0.01368	0.01957	0.01231	0.03558	0.07225	0.01471	0.09584	0.14273	0.01897	0.01707	0.00712	0.00639	0.00180	0.03954	0.00572	0.00404	0.06463
32	0.01217	0.00718	0.00943	0.00877	0.00967	0.00746	0.00625	0.13616	0.01176	0.01575	0.03530	0.06703	0.01347	0.01778	0.01859	0.60436	0.00520	0.00608	0.00347	0.00412
33	0.00908	0.00666	0.00891	0.01003	0.01150	0.00649	0.00864	0.01159	0.01359	0.01739	0.03635	0.06498	0.16076	0.01610	0.00796	0.00259	0.00501	0.59154	0.00545	0.00537
34	0.22971	0.03579	0.13322	0.01363	0.04908	0.03594	0.09495	0.05795	0.07540	0.03770	0.01165	0.01312	0.00891	0.00556	0.00502	0.00165	0.00627	0.00446	0.00369	0.17629
35	0.06908	0.03499	0.20071	0.01273	0.01770	0.01049	0.08758	0.01978	0.01410	0.26223	0.04452	0.08120	0.08587	0.00843	0.00608	0.00193	0.00610	0.02350	0.00492	0.00808
36	0.00827	0.00559	0.00655	0.00688	0.00696	0.00551	0.00404	0.00851	0.00925	0.01234	0.02198	0.21844	0.02572	0.60666	0.02469	0.00493	0.00518	0.01057	0.00404	0.00388
37	0.01415	0.01242	0.14625	0.01337	0.07168	0.00924	0.01131	0.03147	0.01366	0.19304	0.02313	0.23128	0.02252	0.01157	0.00729	0.00217	0.03944	0.13355	0.00506	0.00740
38	0.05270	0.01706	0.01685	0.01814	0.18969	0.21411	0.01168	0.19434	0.06100	0.03757	0.01314	0.01640	0.01092	0.08085	0.03795	0.00239	0.00781	0.00526	0.00407	0.00806
39	0.00806	0.00574	0.00825	0.00883	0.00950	0.00612	0.00641	0.00936	0.01014	0.01404	0.02251	0.34704	0.02475	0.03158	0.38889	0.06937	0.00976	0.01068	0.00411	0.00487
40	0.00757	0.00534	0.00696	0.00805	0.00839	0.00511	0.00535	0.00851	0.01088	0.01451	0.02962	0.60780	0.03515	0.15673	0.03168	0.00319	0.00424	0.04120	0.00509	0.00462
41	0.03030	0.05223	0.11912	0.09882	0.26701	0.02483	0.04156	0.12805	0.06736	0.05877	0.04517	0.01615	0.01180	0.00625	0.00580	0.00181	0.00689	0.00544	0.00389	0.00875
42	0.00827	0.00606	0.00855	0.00867	0.00958	0.00654	0.00644	0.01014	0.01095	0.01547	0.14832	0.13834	0.02615	0.10644	0.45446	0.00678	0.01079	0.00883	0.00413	0.00510
43	0.01445	0.07977	0.39211	0.04195	0.08989	0.07525	0.04493	0.03425	0.05104	0.06233	0.03144	0.01438	0.01005	0.00611	0.00598	0.00182	0.02769	0.00487	0.00325	0.00846
44	0.02003	0.02148	0.01618	0.01412	0.01724	0.41834	0.01092	0.20465	0.07463	0.02112	0.01306	0.06459	0.01116	0.00761	0.00661	0.00175	0.05928	0.00538	0.00414	0.00770

[dist]
# distance from previous block
# <min> <max>
4	10

[block]
# block no. 7 follows, 39 sequences, length 17
# corresponding to MSA columns:
# 333-349
name=unknown_H
#
# <colnr> <probs for GDERKNQSTAVLIFYWHMCP>
#	G	D	E	R	K	N	Q	S	T	A	V	L	I	F	Y	W	H	M	C	P
0	0.12815	0.23013	0.46291	0.01380	0.02086	0.01622	0.01658	0.01827	0.01202	0.01855	0.00965	0.01129	0.00736	0.00545	0.00486	0.00171	0.00752	0.00389	0.00267	0.00811
1	0.07119	0.36376	0.10589	0.00989	0.01405	0.01526	0.00973	0.01553	0.03043	0.01731	0.10367	0.04412	0.12013	0.00843	0.00522	0.00168	0.00544	0.04757	0.00381	0.00689
2	0.01410	0.10301	0.47102	0.01749	0.05715	0.01550	0.09699	0.11911	0.01479	0.02090	0.01105	0.01290	0.00811	0.00568	0.00564	0.00181	0.00824	0.00471	0.00305	0.00875
3	0.01488	0.06718	0.03507	0.00974	0.01441	0.01008	0.00815	0.01951	0.11601	0.14053	0.07004	0.01712	0.01443	0.00603	0.00505	0.00132	0.00467	0.00489	0.00461	0.43628
4	0.38800	0.21731	0.07086	0.01065	0.01531	0.01691	0.03284	0.14899	0.01411	0.02442	0.00961	0.01083	0.00754	0.00567	0.00435	0.00168	0.00585	0.00379	0.00367	0.00760
5	0.01240	0.01082	0.06319	0.01034	0.04440	0.00812	0.00821	0.03319	0.01298	0.06226	0.03671	0.14049	0.01580	0.00744	0.00523	0.00137	0.00457	0.00633	0.06289	0.45327
