[name]
unknown

[dist]
# distance from previous block
# <min> <max>
0	15

[block]
# block no. 0 follows, 41 sequences, length 27
# corresponding to MSA columns:
# 15-41
name=unknown_A
#
# <colnr> <probs for GDERKNQSTAVLIFYWHMCP>
#	G	D	E	R	K	N	Q	S	T	A	V	L	I	F	Y	W	H	M	C	P
0	0.00895	0.00650	0.00885	0.01002	0.01140	0.00639	0.00869	0.01146	0.01315	0.01694	0.03328	0.06349	0.11177	0.01566	0.00778	0.00256	0.00501	0.64761	0.00527	0.00522
1	0.83938	0.01106	0.00841	0.00752	0.01106	0.01283	0.00619	0.01681	0.00973	0.02566	0.00796	0.00929	0.00619	0.00531	0.00354	0.00177	0.00442	0.00310	0.00354	0.00619
2	0.01488	0.01488	0.02185	0.08852	0.60896	0.09621	0.01655	0.03678	0.01361	0.01832	0.01058	0.01381	0.00879	0.00528	0.00561	0.00169	0.00723	0.00494	0.00290	0.00861
3	0.02134	0.01358	0.01509	0.01170	0.01590	0.01449	0.00963	0.51910	0.02314	0.18344	0.01607	0.01572	0.01116	0.00689	0.00554	0.00169	0.00561	0.00529	0.09535	0.00925
4	0.52962	0.09701	0.01315	0.05813	0.01404	0.01484	0.00848	0.01609	0.00985	0.02122	0.00801	0.01031	0.00668	0.00625	0.00679	0.00187	0.16457	0.00361	0.00315	0.00634
5	0.02256	0.01471	0.01635	0.01254	0.01708	0.01578	0.01036	0.59427	0.02469	0.18912	0.01558	0.01493	0.01066	0.00691	0.00573	0.00173	0.00600	0.00528	0.00601	0.00973
6	0.83938	0.01106	0.00841	0.00752	0.01106	0.01283	0.00619	0.01681	0.00973	0.02566	0.00796	0.00929	0.00619	0.00531	0.00354	0.00177	0.00442	0.00310	0.00354	0.00619
7	0.01416	0.01359	0.02322	0.03511	0.76330	0.01359	0.01755	0.01755	0.01302	0.01869	0.01076	0.01416	0.00906	0.00510	0.00566	0.00170	0.00680	0.00510	0.00283	0.00906
8	0.01423	0.01229	0.01293	0.01164	0.01487	0.01423	0.00905	0.03039	0.75297	0.02393	0.02328	0.02134	0.01746	0.00776	0.00582	0.00194	0.00453	0.00647	0.00582	0.00905
9	0.02174	0.01602	0.01717	0.01316	0.01774	0.01774	0.01087	0.74423	0.02689	0.03605	0.01373	0.01373	0.00973	0.00687	0.00572	0.00172	0.00629	0.00515	0.00572	0.00973
10	0.00922	0.00658	0.00922	0.01053	0.01185	0.00658	0.00922	0.01185	0.01317	0.01712	0.03029	0.06452	0.03292	0.01580	0.00790	0.00263	0.00527	0.72480	0.00527	0.00527
11	0.01080	0.01017	0.01716	0.78523	0.03940	0.01271	0.01589	0.01461	0.01144	0.01461	0.01017	0.01525	0.00762	0.00572	0.00572	0.00191	0.00762	0.00508	0.00254	0.00635
12	0.02174	0.01602	0.01717	0.01316	0.01774	0.01774	0.01087	0.74423	0.02689	0.03605	0.01373	0.01373	0.00973	0.00687	0.00572	0.00172	0.00629	0.00515	0.00572	0.00973
13	0.00682	0.00578	0.00581	0.00581	0.00767	0.00486	0.00431	0.00821	0.01286	0.01528	0.05641	0.05437	0.73248	0.04469	0.00762	0.00207	0.00300	0.01193	0.00524	0.00478
14	0.00676	0.00579	0.00579	0.00579	0.00773	0.00483	0.00435	0.00821	0.01304	0.01545	0.05794	0.05505	0.76098	0.01449	0.00676	0.00193	0.00290	0.01207	0.00531	0.00483
15	0.00832	0.00555	0.00624	0.00624	0.00624	0.00555	0.00347	0.00832	0.00832	0.01109	0.01802	0.03743	0.02080	0.79898	0.02911	0.00555	0.00555	0.00832	0.00347	0.00347
16	0.02566	0.00973	0.01327	0.01018	0.01460	0.00841	0.00841	0.02788	0.01637	0.76726	0.02257	0.01947	0.01416	0.00708	0.00575	0.00177	0.00487	0.00575	0.00708	0.00973
17	0.02137	0.02726	0.01621	0.01474	0.01768	0.77602	0.01105	0.02284	0.01621	0.01400	0.00884	0.01031	0.00737	0.00589	0.00516	0.00147	0.01031	0.00368	0.00295	0.00663
18	0.00808	0.00604	0.00900	0.00910	0.01007	0.00696	0.00701	0.01005	0.00932	0.01338	0.01653	0.08035	0.01606	0.04103	0.71871	0.00868	0.01442	0.00689	0.00323	0.00507
19	0.05985	0.00819	0.08946	0.00884	0.01044	0.00623	0.00726	0.00989	0.01130	0.01590	0.02964	0.55840	0.08638	0.01538	0.00686	0.00222	0.00404	0.05961	0.00488	0.00521
20	0.02445	0.01144	0.07817	0.01070	0.01547	0.00883	0.00950	0.02704	0.01600	0.70296	0.02151	0.01883	0.01357	0.00694	0.00572	0.00177	0.00517	0.00562	0.00668	0.00962
21	0.01228	0.01222	0.01811	0.59076	0.16139	0.07837	0.01576	0.01582	0.01212	0.01526	0.01015	0.01464	0.00785	0.00563	0.00566	0.00183	0.00771	0.00497	0.00263	0.00684
22	0.01553	0.67800	0.08417	0.01070	0.01569	0.08660	0.01075	0.01769	0.01205	0.01385	0.00820	0.00949	0.00734	0.00502	0.00393	0.00129	0.00665	0.00320	0.00249	0.00736
23	0.01645	0.01179	0.01300	0.01136	0.01482	0.01310	0.00893	0.02991	0.60997	0.16824	0.02314	0.02098	0.01682	0.00763	0.00581	0.00191	0.00459	0.00633	0.00606	0.00919
24	0.01091	0.00850	0.01131	0.01300	0.09345	0.00876	0.00958	0.06885	0.09731	0.01915	0.02798	0.11252	0.07299	0.01317	0.00714	0.00231	0.00511	0.40647	0.00511	0.00636
25	0.01004	0.00923	0.01504	0.63415	0.03331	0.01116	0.01375	0.01334	0.01152	0.01468	0.01658	0.10314	0.07556	0.00779	0.00598	0.00195	0.00675	0.00689	0.00308	0.00604
26	0.00697	0.00498	0.00664	0.00796	0.00830	0.00465	0.00531	0.00796	0.01095	0.01460	0.03153	0.79525	0.03783	0.01792	0.00730	0.00232	0.00332	0.01626	0.00531	0.00465

[dist]
# distance from previous block
# <min> <max>
0	4

[block]
# block no. 1 follows, 41 sequences, length 36
# corresponding to MSA columns:
# 46-68,75-87
name=unknown_B
#
# <colnr> <probs for GDERKNQSTAVLIFYWHMCP>
#	G	D	E	R	K	N	Q	S	T	A	V	L	I	F	Y	W	H	M	C	P
0	0.32605	0.01242	0.01237	0.00993	0.01398	0.01326	0.00810	0.28929	0.01688	0.06544	0.01237	0.05085	0.00983	0.00645	0.00476	0.00164	0.00506	0.00470	0.00460	0.13201
1	0.01473	0.01011	0.01238	0.00920	0.01381	0.00826	0.00746	0.01714	0.01268	0.17525	0.01308	0.01465	0.01015	0.00537	0.00536	0.00116	0.04330	0.01982	0.00416	0.60193
2	0.01479	0.01216	0.01295	0.01157	0.01486	0.01394	0.00902	0.03027	0.71642	0.06081	0.02325	0.02125	0.01730	0.00773	0.00582	0.00193	0.00454	0.00643	0.00588	0.00909
3	0.00721	0.00519	0.00707	0.00811	0.00860	0.00506	0.00559	0.00844	0.01095	0.01482	0.06525	0.64178	0.03510	0.02136	0.12283	0.00333	0.00509	0.01444	0.00502	0.00475
4	0.01501	0.74627	0.08369	0.01026	0.01541	0.02195	0.01061	0.01720	0.01166	0.01380	0.00812	0.00939	0.00733	0.00493	0.00380	0.00127	0.00629	0.00314	0.00244	0.00742
5	0.00810	0.00585	0.00765	0.00720	0.00855	0.00540	0.00540	0.01079	0.01619	0.02294	0.76028	0.04273	0.05397	0.01169	0.00675	0.00180	0.00270	0.01034	0.00630	0.00540
6	0.01360	0.02660	0.65573	0.01538	0.02323	0.01255	0.01922	0.01958	0.01272	0.13069	0.01211	0.01319	0.00828	0.00568	0.00548	0.00181	0.00791	0.00446	0.00312	0.00865
7	0.01209	0.01211	0.01886	0.01561	0.01662	0.01569	0.12151	0.01398	0.00953	0.01439	0.00915	0.01427	0.00858	0.01357	0.11692	0.00330	0.56945	0.00542	0.00264	0.00632
8	0.01693	0.01340	0.01561	0.01267	0.01551	0.01565	0.01038	0.40947	0.05731	0.02772	0.12479	0.01816	0.01619	0.00845	0.00925	0.00194	0.20748	0.00596	0.00498	0.00815
9	0.01321	0.01368	0.01962	0.01617	0.01738	0.05520	0.12194	0.01589	0.05398	0.01506	0.00912	0.01336	0.00827	0.00889	0.01551	0.00233	0.58565	0.00529	0.00278	0.00666
10	0.00800	0.00584	0.00751	0.00709	0.00849	0.00536	0.00532	0.01061	0.01596	0.02239	0.70925	0.04362	0.10534	0.01190	0.00675	0.00181	0.00271	0.01047	0.00622	0.00536
11	0.01121	0.01096	0.01965	0.67086	0.03797	0.01297	0.12508	0.01517	0.01175	0.01517	0.01038	0.01528	0.00778	0.00558	0.00587	0.00191	0.00793	0.00533	0.00259	0.00656
12	0.00832	0.00555	0.00624	0.00624	0.00624	0.00555	0.00347	0.00832	0.00832	0.01109	0.01802	0.03743	0.02080	0.79898	0.02911	0.00555	0.00555	0.00832	0.00347	0.00347
13	0.00727	0.00519	0.00698	0.00830	0.00877	0.00490	0.00583	0.00848	0.01124	0.01493	0.03136	0.69883	0.03718	0.01764	0.00738	0.00236	0.00358	0.10975	0.00530	0.00473
14	0.83938	0.01106	0.00841	0.00752	0.01106	0.01283	0.00619	0.01681	0.00973	0.02566	0.00796	0.00929	0.00619	0.00531	0.00354	0.00177	0.00442	0.00310	0.00354	0.00619
15	0.01945	0.27179	0.02055	0.01317	0.01674	0.53836	0.01065	0.02104	0.01476	0.01383	0.00856	0.00996	0.00736	0.00558	0.00469	0.00139	0.00899	0.00349	0.00279	0.00685
16	0.00715	0.00511	0.00683	0.00809	0.00852	0.00479	0.00555	0.00831	0.01129	0.01508	0.05985	0.72205	0.03817	0.01755	0.00732	0.00232	0.00341	0.05857	0.00535	0.00471
17	0.00858	0.00634	0.00809	0.00765	0.00913	0.00608	0.00581	0.01226	0.06960	0.02278	0.67829	0.04202	0.05050	0.01157	0.00672	0.00184	0.00293	0.03790	0.00622	0.00566
18	0.00697	0.00498	0.00664	0.00796	0.00830	0.00465	0.00531	0.00796	0.01095	0.01460	0.03153	0.79525	0.03783	0.01792	0.00730	0.00232	0.00332	0.01626	0.00531	0.00465
19	0.02137	0.02726	0.01621	0.01474	0.01768	0.77602	0.01105	0.02284	0.01621	0.01400	0.00884	0.01031	0.00737	0.00589	0.00516	0.00147	0.01031	0.00368	0.00295	0.00663
20	0.00693	0.00515	0.00646	0.00751	0.00818	0.00468	0.00511	0.00802	0.01139	0.01478	0.03706	0.64013	0.18938	0.01720	0.00719	0.00224	0.00323	0.01538	0.00531	0.00468
21	0.00949	0.00497	0.00733	0.00753	0.00758	0.00492	0.00502	0.00753	0.00798	0.01064	0.01318	0.13428	0.01413	0.01958	0.02009	0.70867	0.00472	0.00666	0.00291	0.00281
22	0.01529	0.80242	0.02997	0.00979	0.01468	0.02263	0.00979	0.01713	0.01162	0.01346	0.00795	0.00918	0.00734	0.00489	0.00367	0.00122	0.00612	0.00306	0.00245	0.00734
23	0.01066	0.00533	0.00533	0.00533	0.00666	0.00533	0.00400	0.01333	0.01200	0.02132	0.01866	0.02132	0.01466	0.00666	0.00400	0.00133	0.00267	0.00533	0.83073	0.00533
24	0.83938	0.01106	0.00841	0.00752	0.01106	0.01283	0.00619	0.01681	0.00973	0.02566	0.00796	0.00929	0.00619	0.00531	0.00354	0.00177	0.00442	0.00310	0.00354	0.00619
25	0.83938	0.01106	0.00841	0.00752	0.01106	0.01283	0.00619	0.01681	0.00973	0.02566	0.00796	0.00929	0.00619	0.00531	0.00354	0.00177	0.00442	0.00310	0.00354	0.00619
26	0.01350	0.01543	0.03375	0.02411	0.02989	0.01446	0.74253	0.01832	0.01350	0.01832	0.01157	0.01543	0.00868	0.00482	0.00675	0.00193	0.00964	0.00675	0.00289	0.00771
27	0.01413	0.60021	0.18387	0.01112	0.01657	0.01989	0.01203	0.01698	0.01159	0.01442	0.00881	0.01046	0.00767	0.00693	0.04309	0.00175	0.00707	0.00346	0.00247	0.00746
28	0.02140	0.00997	0.01395	0.16582	0.01941	0.00965	0.00988	0.06721	0.01600	0.52808	0.06329	0.01966	0.01494	0.00707	0.00580	0.00180	0.00538	0.00585	0.00604	0.00880
29	0.00832	0.00555	0.00624	0.00624	0.00624	0.00555	0.00347	0.00832	0.00832	0.01109	0.01802	0.03743	0.02080	0.79898	0.02911	0.00555	0.00555	0.00832	0.00347	0.00347
30	0.00793	0.00584	0.00839	0.00867	0.00946	0.00648	0.00643	0.00957	0.00948	0.01336	0.01896	0.18576	0.01981	0.10535	0.54827	0.00743	0.01193	0.00845	0.00357	0.00486
31	0.01324	0.08539	0.60245	0.01559	0.02296	0.12858	0.01879	0.01875	0.01266	0.01716	0.00988	0.01160	0.00727	0.00546	0.00526	0.00172	0.00856	0.00406	0.00250	0.00810
32	0.01961	0.02193	0.12959	0.01412	0.01860	0.29304	0.01237	0.32951	0.06437	0.02459	0.01200	0.01270	0.00896	0.00635	0.00548	0.00166	0.00798	0.00456	0.00422	0.00837
33	0.00908	0.00705	0.00975	0.00956	0.01091	0.00821	0.00744	0.01325	0.12096	0.01488	0.01652	0.02230	0.01477	0.03762	0.66053	0.00810	0.01370	0.00618	0.00348	0.00570
34	0.00832	0.00555	0.00624	0.00624	0.00624	0.00555	0.00347	0.00832	0.00832	0.01109	0.01802	0.03743	0.02080	0.79898	0.02911	0.00555	0.00555	0.00832	0.00347	0.00347
35	0.01268	0.06809	0.57101	0.01516	0.02231	0.05972	0.01811	0.02019	0.12364	0.01849	0.01201	0.01321	0.00879	0.00578	0.00538	0.00178	0.00785	0.00447	0.00296	0.00837

[dist]
# distance from previous block
# <min> <max>
0	2

[block]
# block no. 2 follows, 41 sequences, length 22
# corresponding to MSA columns:
# 90-111
name=unknown_C
#
# <colnr> <probs for GDERKNQSTAVLIFYWHMCP>
#	G	D	E	R	K	N	Q	S	T	A	V	L	I	F	Y	W	H	M	C	P
0	0.01345	0.01239	0.01837	0.55410	0.03380	0.04803	0.06982	0.14649	0.01459	0.01872	0.01085	0.01477	0.00807	0.00586	0.00577	0.00185	0.00766	0.00516	0.00316	0.00708
1	0.01400	0.44106	0.23874	0.01619	0.15219	0.01835	0.01441	0.01748	0.01200	0.01572	0.00911	0.01090	0.00762	0.00508	0.00453	0.00148	0.00690	0.00376	0.00251	0.00797
2	0.01343	0.15379	0.01712	0.01204	0.01403	0.01596	0.00995	0.07239	0.18339	0.01759	0.01404	0.06582	0.01289	0.06861	0.01212	0.00230	0.29772	0.00597	0.00376	0.00705
3	0.00676	0.00579	0.00579	0.00579	0.00773	0.00483	0.00435	0.00821	0.01304	0.01545	0.05794	0.05505	0.76098	0.01449	0.00676	0.00193	0.00290	0.01207	0.00531	0.00483
4	0.00832	0.00555	0.00624	0.00624	0.00624	0.00555	0.00347	0.00832	0.00832	0.01109	0.01802	0.03743	0.02080	0.79898	0.02911	0.00555	0.00555	0.00832	0.00347	0.00347
5	0.01334	0.01152	0.01716	0.60618	0.03437	0.01387	0.01472	0.18382	0.01502	0.01959	0.01099	0.01490	0.00811	0.00598	0.00572	0.00186	0.00732	0.00510	0.00328	0.00714
6	0.06882	0.20077	0.01955	0.01219	0.01662	0.09212	0.01036	0.46093	0.02126	0.02801	0.01156	0.01207	0.00873	0.00622	0.00506	0.00158	0.00653	0.00440	0.00456	0.00866
7	0.00810	0.00585	0.00765	0.00720	0.00855	0.00540	0.00540	0.01079	0.01619	0.02294	0.76028	0.04273	0.05397	0.01169	0.00675	0.00180	0.00270	0.01034	0.00630	0.00540
8	0.01483	0.02504	0.55382	0.01509	0.02242	0.01357	0.01794	0.14975	0.01520	0.10084	0.01219	0.01316	0.00843	0.00587	0.00552	0.00179	0.00768	0.00455	0.00350	0.00882
9	0.00763	0.00552	0.00729	0.00813	0.00896	0.00518	0.00598	0.00935	0.01270	0.01707	0.20506	0.44586	0.07986	0.01588	0.00725	0.00223	0.00350	0.14207	0.00554	0.00495
10	0.00737	0.00527	0.00710	0.00843	0.00894	0.00499	0.00601	0.00866	0.01135	0.01505	0.03130	0.66382	0.03695	0.01754	0.00741	0.00238	0.00367	0.14370	0.00530	0.00476
11	0.00680	0.00565	0.00595	0.00618	0.00783	0.00480	0.00452	0.00816	0.01266	0.01530	0.05319	0.18818	0.63092	0.01510	0.00686	0.00200	0.00297	0.01283	0.00531	0.00480
12	0.00820	0.00602	0.00866	0.00866	0.00950	0.00686	0.00649	0.00987	0.00904	0.01288	0.01581	0.02516	0.01547	0.17889	0.64192	0.00854	0.01356	0.00652	0.00314	0.00481
13	0.00810	0.00585	0.00765	0.00720	0.00855	0.00540	0.00540	0.01079	0.01619	0.02294	0.76028	0.04273	0.05397	0.01169	0.00675	0.00180	0.00270	0.01034	0.00630	0.00540
14	0.00832	0.00555	0.00624	0.00624	0.00624	0.00555	0.00347	0.00832	0.00832	0.01109	0.01802	0.03743	0.02080	0.79898	0.02911	0.00555	0.00555	0.00832	0.00347	0.00347
15	0.01529	0.80242	0.02997	0.00979	0.01468	0.02263	0.00979	0.01713	0.01162	0.01346	0.00795	0.00918	0.00734	0.00489	0.00367	0.00122	0.00612	0.00306	0.00245	0.00734
16	0.00714	0.00581	0.00633	0.00620	0.00796	0.00499	0.00465	0.00895	0.01394	0.01760	0.25958	0.05151	0.55801	0.01368	0.00676	0.00189	0.00284	0.01158	0.00559	0.00499
17	0.01417	0.05812	0.50222	0.01549	0.06143	0.01234	0.01724	0.01932	0.01296	0.15260	0.01392	0.01736	0.01054	0.00647	0.00561	0.00183	0.00737	0.05909	0.00349	0.00843
18	0.02174	0.01602	0.01717	0.01316	0.01774	0.01774	0.01087	0.74423	0.02689	0.03605	0.01373	0.01373	0.00973	0.00687	0.00572	0.00172	0.00629	0.00515	0.00572	0.00973
19	0.01389	0.16023	0.23025	0.26095	0.02522	0.03833	0.01457	0.01771	0.01242	0.11354	0.01248	0.05425	0.00988	0.00631	0.00533	0.00175	0.00709	0.00510	0.00324	0.00749
20	0.01402	0.15514	0.32856	0.01586	0.02181	0.08018	0.14637	0.05998	0.03343	0.01804	0.01058	0.01261	0.00812	0.00568	0.00604	0.00173	0.04868	0.00461	0.02067	0.00788
21	0.00990	0.00815	0.00932	0.00835	0.01098	0.00759	0.00631	0.01484	0.16915	0.01900	0.13549	0.17889	0.16418	0.01066	0.00601	0.00171	0.00364	0.00919	0.00506	0.22158

[dist]
# distance from previous block
# <min> <max>
0	8

[block]
# block no. 3 follows, 41 sequences, length 36
# corresponding to MSA columns:
# 120-155
name=unknown_D
#
# <colnr> <probs for GDERKNQSTAVLIFYWHMCP>
#	G	D	E	R	K	N	Q	S	T	A	V	L	I	F	Y	W	H	M	C	P
0	0.01566	0.16568	0.42540	0.01347	0.02012	0.01387	0.01557	0.02072	0.04058	0.19628	0.01326	0.01365	0.00929	0.00581	0.00520	0.00170	0.00702	0.00446	0.00366	0.00858
1	0.07225	0.01418	0.02029	0.02856	0.55676	0.06654	0.01515	0.01962	0.11415	0.01956	0.01214	0.01453	0.00989	0.00553	0.00550	0.00172	0.00656	0.00505	0.00330	0.00869
2	0.01489	0.72109	0.10778	0.01047	0.01574	0.02165	0.01098	0.01723	0.01167	0.01395	0.00820	0.00948	0.00733	0.00495	0.00386	0.00129	0.00636	0.00318	0.00244	0.00746
3	0.00839	0.00571	0.00724	0.00780	0.00846	0.00553	0.00566	0.00912	0.01055	0.01369	0.02747	0.15317	0.12136	0.25946	0.01622	0.11698	0.00473	0.20994	0.00434	0.00418
4	0.01635	0.21119	0.08124	0.01042	0.01453	0.11020	0.00944	0.09046	0.01504	0.16407	0.02379	0.02313	0.19123	0.00801	0.00537	0.00163	0.00585	0.00615	0.00443	0.00744
5	0.01189	0.01207	0.01449	0.06663	0.01524	0.09375	0.01065	0.01340	0.01049	0.01411	0.01687	0.07322	0.11301	0.01243	0.05988	0.00267	0.44340	0.00669	0.00317	0.00593
6	0.00826	0.00576	0.00734	0.00734	0.00772	0.00614	0.00484	0.00902	0.00864	0.01191	0.01702	0.03186	0.01838	0.51750	0.30729	0.00690	0.00918	0.00750	0.00332	0.00408
7	0.03923	0.24546	0.11039	0.11315	0.01995	0.01462	0.11110	0.05395	0.01324	0.04972	0.06384	0.01701	0.01264	0.00623	0.00513	0.00164	0.00639	0.02686	0.08225	0.00719
8	0.56227	0.01256	0.01211	0.09378	0.11749	0.06602	0.00922	0.03520	0.01124	0.02300	0.00878	0.01077	0.00691	0.00540	0.00423	0.00175	0.00554	0.00367	0.00335	0.00672
9	0.01171	0.00613	0.00732	0.00672	0.00848	0.00578	0.00515	0.01433	0.01423	0.12391	0.30817	0.02941	0.02991	0.00868	0.00531	0.00157	0.00298	0.00734	0.39690	0.00596
10	0.00710	0.00531	0.00664	0.00760	0.00841	0.00484	0.00535	0.00836	0.01174	0.01519	0.05596	0.54674	0.21284	0.01679	0.00720	0.00224	0.00334	0.06428	0.00533	0.00475
11	0.01228	0.13354	0.58976	0.01739	0.10110	0.01459	0.01921	0.01792	0.01211	0.01754	0.01000	0.01190	0.00745	0.00532	0.00522	0.00172	0.00796	0.00416	0.00246	0.00837
12	0.02363	0.00979	0.01380	0.11612	0.01799	0.00899	0.00943	0.02606	0.01570	0.66439	0.02087	0.01889	0.01327	0.00689	0.00575	0.00179	0.00524	0.00566	0.00646	0.00927
13	0.00708	0.00585	0.00625	0.00636	0.00816	0.00502	0.00487	0.00871	0.01322	0.01610	0.10390	0.07194	0.63047	0.01449	0.00687	0.00199	0.00310	0.07533	0.00538	0.00490
14	0.01423	0.25331	0.32231	0.01313	0.01909	0.01670	0.01431	0.09666	0.15965	0.01977	0.01251	0.01322	0.00955	0.00588	0.00502	0.00165	0.00676	0.00442	0.00344	0.00838
15	0.01252	0.01662	0.17764	0.20685	0.02911	0.01376	0.31678	0.01902	0.11378	0.01814	0.01256	0.01551	0.00933	0.00557	0.00610	0.00190	0.00821	0.00579	0.00311	0.00772
16	0.01778	0.10378	0.01573	0.01264	0.01535	0.51476	0.00978	0.01947	0.01426	0.01433	0.01051	0.01299	0.00903	0.01203	0.13378	0.00273	0.01018	0.00414	0.06037	0.00636
17	0.10779	0.01550	0.01624	0.01257	0.01704	0.01722	0.01038	0.66768	0.02509	0.03496	0.01313	0.01327	0.00936	0.00670	0.00549	0.00172	0.00610	0.00493	0.00549	0.00936
18	0.01482	0.06245	0.10173	0.01232	0.01771	0.01257	0.08709	0.20904	0.01603	0.02285	0.01114	0.01259	0.00862	0.00517	0.00500	0.00132	0.00594	0.00428	0.00379	0.38553
19	0.03554	0.49832	0.02454	0.01138	0.01571	0.21483	0.01015	0.10023	0.01447	0.01640	0.00883	0.00998	0.00759	0.00538	0.00428	0.00135	0.00718	0.00345	0.00297	0.00740
20	0.02566	0.00973	0.01327	0.01018	0.01460	0.00841	0.00841	0.02788	0.01637	0.76726	0.02257	0.01947	0.01416	0.00708	0.00575	0.00177	0.00487	0.00575	0.00708	0.00973
21	0.01281	0.01206	0.01771	0.32500	0.27719	0.05849	0.01436	0.06584	0.01327	0.01744	0.01345	0.12109	0.01237	0.00727	0.00588	0.00185	0.00683	0.00654	0.00326	0.00729
22	0.00747	0.00580	0.00680	0.00660	0.00818	0.00512	0.00493	0.00957	0.01464	0.01938	0.42849	0.07104	0.36517	0.01311	0.00677	0.00187	0.00280	0.01129	0.00583	0.00512
23	0.00830	0.00563	0.00664	0.00664	0.00678	0.00576	0.00397	0.00858	0.00844	0.01139	0.01765	0.03539	0.01991	0.69564	0.13124	0.00604	0.00688	0.00802	0.00341	0.00369
24	0.00825	0.00577	0.00725	0.00692	0.00829	0.00533	0.00518	0.01082	0.01542	0.02207	0.61802	0.05730	0.09856	0.01149	0.00647	0.00177	0.00272	0.01006	0.09297	0.00533
25	0.00697	0.00498	0.00664	0.00796	0.00830	0.00465	0.00531	0.00796	0.01095	0.01460	0.03153	0.79525	0.03783	0.01792	0.00730	0.00232	0.00332	0.01626	0.00531	0.00465
26	0.00731	0.00582	0.00655	0.00637	0.00806	0.00506	0.00478	0.00927	0.01433	0.01852	0.34570	0.05000	0.47131	0.01334	0.00675	0.00188	0.00282	0.01136	0.00572	0.00506
27	0.01251	0.01251	0.01752	0.01502	0.01502	0.01752	0.01251	0.01377	0.00876	0.01377	0.00751	0.01251	0.00751	0.01001	0.01877	0.00250	0.78851	0.00501	0.00250	0.00626
28	0.01416	0.01359	0.02322	0.03511	0.76330	0.01359	0.01755	0.01755	0.01302	0.01869	0.01076	0.01416	0.00906	0.00510	0.00566	0.00170	0.00680	0.00510	0.00283	0.00906
29	0.00922	0.00658	0.00922	0.01053	0.01185	0.00658	0.00922	0.01185	0.01317	0.01712	0.03029	0.06452	0.03292	0.01580	0.00790	0.00263	0.00527	0.72480	0.00527	0.00527
30	0.01529	0.80242	0.02997	0.00979	0.01468	0.02263	0.00979	0.01713	0.01162	0.01346	0.00795	0.00918	0.00734	0.00489	0.00367	0.00122	0.00612	0.00306	0.00245	0.00734
31	0.00830	0.00656	0.00965	0.05868	0.11340	0.00644	0.00763	0.00998	0.01182	0.01604	0.10409	0.56204	0.03377	0.01477	0.00692	0.00216	0.00399	0.01343	0.00491	0.00543
32	0.00783	0.00584	0.00728	0.00692	0.00838	0.00528	0.00519	0.01028	0.01557	0.02146	0.62174	0.04516	0.19344	0.01224	0.00675	0.00183	0.00274	0.01069	0.00610	0.00528
33	0.01712	0.01112	0.01333	0.01013	0.01458	0.01019	0.00823	0.11886	0.06668	0.22211	0.01476	0.01485	0.01075	0.00590	0.00570	0.00138	0.04504	0.00456	0.00482	0.39990
34	0.01316	0.07207	0.52518	0.01448	0.02176	0.01374	0.01721	0.11683	0.01405	0.02035	0.01059	0.01210	0.00775	0.00544	0.00521	0.00164	0.00748	0.00418	0.00299	0.11379
35	0.01476	0.33039	0.30563	0.01283	0.01902	0.02922	0.03020	0.07108	0.01331	0.06016	0.01031	0.01151	0.00797	0.00534	0.00473	0.00151	0.00697	0.00392	0.00301	0.05814

[dist]
# distance from previous block
# <min> <max>
0	1

[block]
# block no. 4 follows, 41 sequences, length 17
# corresponding to MSA columns:
# 157-173
name=unknown_E
#
# <colnr> <probs for GDERKNQSTAVLIFYWHMCP>
#	G	D	E	R	K	N	Q	S	T	A	V	L	I	F	Y	W	H	M	C	P
0	0.01362	0.24678	0.13431	0.05992	0.04886	0.01664	0.28690	0.01837	0.06224	0.01690	0.01087	0.01337	0.00859	0.00536	0.00591	0.00172	0.03395	0.00509	0.00286	0.00772
1	0.01122	0.01059	0.01790	0.69254	0.12884	0.01282	0.01609	0.01498	0.01163	0.01512	0.01024	0.01511	0.00780	0.00564	0.00571	0.00188	0.00752	0.00508	0.00258	0.00669
2	0.01433	0.18643	0.27353	0.06961	0.15412	0.01503	0.04853	0.01873	0.03230	0.09139	0.01139	0.01319	0.00865	0.00563	0.00568	0.00170	0.03393	0.00454	0.00308	0.00822
3	0.01449	0.01120	0.06440	0.21540	0.02073	0.01095	0.01107	0.13749	0.01569	0.14990	0.15443	0.07708	0.02056	0.00858	0.00664	0.00190	0.03981	0.02756	0.00482	0.00731
4	0.00992	0.00851	0.05631	0.01108	0.10302	0.00696	0.00782	0.01263	0.01483	0.07048	0.40887	0.03861	0.20701	0.01083	0.00647	0.00182	0.00375	0.00941	0.00545	0.00620
5	0.00789	0.00537	0.00636	0.00678	0.00689	0.00526	0.00405	0.00821	0.00915	0.01220	0.02230	0.27730	0.02619	0.55176	0.02221	0.00453	0.00484	0.01083	0.00405	0.00384
6	0.01300	0.17992	0.27584	0.04868	0.06968	0.07569	0.03869	0.01750	0.05758	0.01642	0.01256	0.08889	0.01120	0.00755	0.01859	0.00188	0.05031	0.00551	0.00302	0.00749
7	0.01424	0.23271	0.10456	0.01586	0.02074	0.05657	0.29346	0.01751	0.01250	0.05704	0.01169	0.01602	0.00989	0.10322	0.00839	0.00214	0.00781	0.00544	0.00302	0.00722
8	0.01116	0.01028	0.01720	0.44370	0.22047	0.01187	0.01465	0.01453	0.01142	0.01541	0.01130	0.01635	0.00927	0.01266	0.15280	0.00324	0.00888	0.00529	0.00272	0.00681
9	0.01370	0.01653	0.16594	0.10172	0.32175	0.01388	0.10346	0.06369	0.10502	0.01984	0.01243	0.01488	0.00960	0.00563	0.00578	0.00180	0.00723	0.00530	0.00328	0.00855
10	0.01432	0.03203	0.28723	0.14208	0.05835	0.02651	0.17777	0.10946	0.01452	0.06575	0.01169	0.01401	0.00844	0.00561	0.00580	0.00182	0.00801	0.00514	0.00327	0.00817
11	0.00952	0.00871	0.05199	0.01255	0.10404	0.00780	0.00898	0.01333	0.09113	0.01781	0.10340	0.26632	0.08286	0.01317	0.00689	0.00217	0.00454	0.18369	0.00499	0.00611
12	0.00930	0.00629	0.00700	0.00655	0.00870	0.00536	0.00501	0.01103	0.01393	0.10950	0.16116	0.04876	0.56040	0.01314	0.00663	0.00189	0.00311	0.01103	0.00568	0.00552
13	0.01166	0.01116	0.10191	0.01438	0.10688	0.00895	0.08640	0.05341	0.01306	0.08418	0.02356	0.31982	0.06304	0.03844	0.00734	0.00216	0.00544	0.03700	0.00453	0.00668
14	0.10896	0.11726	0.22384	0.01258	0.01813	0.01536	0.01271	0.27884	0.01762	0.12329	0.01258	0.01297	0.00894	0.00608	0.00515	0.00169	0.00647	0.00449	0.00434	0.00869
15	0.01233	0.01076	0.01565	0.27704	0.06862	0.01270	0.03146	0.12364	0.03360	0.01874	0.05503	0.14619	0.01586	0.00898	0.00832	0.00203	0.14116	0.00731	0.00379	0.00678
16	0.01764	0.01262	0.01355	0.01110	0.01466	0.01391	0.00893	0.37913	0.21255	0.06151	0.03648	0.01805	0.01393	0.00720	0.00547	0.00171	0.00504	0.00568	0.15218	0.00866

[dist]
# distance from previous block
# <min> <max>
2	6

[block]
# block no. 5 follows, 41 sequences, length 16
# corresponding to MSA columns:
# 180-195
name=unknown_F
#
# <colnr> <probs for GDERKNQSTAVLIFYWHMCP>
#	G	D	E	R	K	N	Q	S	T	A	V	L	I	F	Y	W	H	M	C	P
0	0.01646	0.04612	0.06146	0.01323	0.05742	0.13790	0.02625	0.16050	0.04534	0.05982	0.01169	0.01289	0.00907	0.00571	0.00561	0.00142	0.03921	0.00430	0.00389	0.28171
1	0.01056	0.00842	0.00941	0.00890	0.01075	0.00891	0.00648	0.01758	0.30132	0.01858	0.09937	0.13008	0.06477	0.20099	0.01176	0.00281	0.00435	0.03076	0.00506	0.04913
2	0.01121	0.01013	0.03562	0.12733	0.08218	0.00993	0.11093	0.01631	0.11608	0.04510	0.29913	0.02854	0.06601	0.00858	0.00631	0.00185	0.00523	0.00786	0.00478	0.00687
3	0.00984	0.00544	0.00570	0.00566	0.00683	0.00534	0.00406	0.01203	0.01187	0.01955	0.08570	0.02770	0.06463	0.12807	0.00823	0.00205	0.00312	0.00663	0.58252	0.00502
4	0.00829	0.00564	0.00671	0.00671	0.00687	0.00580	0.00405	0.00862	0.00846	0.01144	0.01759	0.03505	0.01976	0.67853	0.14815	0.00613	0.00710	0.00797	0.00340	0.00373
5	0.47958	0.01052	0.01071	0.04962	0.04352	0.01112	0.00776	0.01791	0.01149	0.14300	0.01216	0.01509	0.00956	0.00611	0.00444	0.00171	0.00478	0.04728	0.00412	0.10949
6	0.01487	0.01261	0.01330	0.01177	0.01512	0.01453	0.00921	0.09156	0.69075	0.02497	0.02246	0.02069	0.01680	0.00768	0.00581	0.00192	0.00468	0.00635	0.00581	0.00911
7	0.02174	0.01602	0.01717	0.01316	0.01774	0.01774	0.01087	0.74423	0.02689	0.03605	0.01373	0.01373	0.00973	0.00687	0.00572	0.00172	0.00629	0.00515	0.00572	0.00973
8	0.00676	0.00579	0.00579	0.00579	0.00773	0.00483	0.00435	0.00821	0.01304	0.01545	0.05794	0.05505	0.76098	0.01449	0.00676	0.00193	0.00290	0.01207	0.00531	0.00483
9	0.00994	0.00497	0.00745	0.00745	0.00745	0.00497	0.00497	0.00745	0.00745	0.00994	0.00994	0.01739	0.00994	0.01987	0.02235	0.83358	0.00497	0.00497	0.00248	0.00248
10	0.01529	0.80242	0.02997	0.00979	0.01468	0.02263	0.00979	0.01713	0.01162	0.01346	0.00795	0.00918	0.00734	0.00489	0.00367	0.00122	0.00612	0.00306	0.00245	0.00734
11	0.01147	0.02959	0.76934	0.01630	0.02476	0.01328	0.02113	0.01811	0.01208	0.01811	0.01026	0.01208	0.00725	0.00543	0.00543	0.00181	0.00845	0.00423	0.00242	0.00845
12	0.01515	0.01275	0.01345	0.01183	0.01523	0.01466	0.00928	0.11830	0.66355	0.02542	0.02210	0.02040	0.01651	0.00765	0.00581	0.00191	0.00474	0.00630	0.00581	0.00914
13	0.00697	0.00498	0.00664	0.00796	0.00830	0.00465	0.00531	0.00796	0.01095	0.01460	0.03153	0.79525	0.03783	0.01792	0.00730	0.00232	0.00332	0.01626	0.00531	0.00465
14	0.00817	0.00613	0.00919	0.00919	0.01021	0.00715	0.00715	0.01021	0.00919	0.01328	0.01532	0.02247	0.01430	0.04290	0.77631	0.00919	0.01532	0.00613	0.00306	0.00511
15	0.01229	0.01161	0.01964	0.36534	0.40243	0.01272	0.01615	0.01574	0.01221	0.01667	0.01162	0.05682	0.00998	0.00606	0.00578	0.00182	0.00697	0.00569	0.00284	0.00763

[dist]
# distance from previous block
# <min> <max>
0	4

[block]
# block no. 6 follows, 41 sequences, length 47
# corresponding to MSA columns:
# 200-246
name=unknown_G
#
# <colnr> <probs for GDERKNQSTAVLIFYWHMCP>
#	G	D	E	R	K	N	Q	S	T	A	V	L	I	F	Y	W	H	M	C	P
0	0.02566	0.00973	0.01327	0.01018	0.01460	0.00841	0.00841	0.02788	0.01637	0.76726	0.02257	0.01947	0.01416	0.00708	0.00575	0.00177	0.00487	0.00575	0.00708	0.00973
1	0.00994	0.00497	0.00745	0.00745	0.00745	0.00497	0.00497	0.00745	0.00745	0.00994	0.00994	0.01739	0.00994	0.01987	0.02235	0.83358	0.00497	0.00497	0.00248	0.00248
2	0.02174	0.01602	0.01717	0.01316	0.01774	0.01774	0.01087	0.74423	0.02689	0.03605	0.01373	0.01373	0.00973	0.00687	0.00572	0.00172	0.00629	0.00515	0.00572	0.00973
3	0.05760	0.01977	0.19275	0.01388	0.01911	0.10952	0.03383	0.35976	0.03436	0.08522	0.01286	0.01336	0.00916	0.00631	0.00552	0.00173	0.00716	0.00477	0.00453	0.00881
4	0.00693	0.00580	0.00602	0.00597	0.00783	0.00490	0.00448	0.00853	0.01343	0.01638	0.14496	0.05352	0.67338	0.01414	0.00676	0.00192	0.00287	0.01186	0.00543	0.00490
5	0.00793	0.00584	0.00742	0.00702	0.00844	0.00533	0.00527	0.01047	0.01580	0.02201	0.67327	0.04425	0.14156	0.01204	0.00675	0.00182	0.00272	0.01056	0.00617	0.00533
6	0.01042	0.00890	0.01322	0.01168	0.01388	0.00992	0.09876	0.01652	0.20511	0.01670	0.01695	0.02130	0.01443	0.02895	0.47856	0.00639	0.01178	0.00629	0.00377	0.00647
7	0.02153	0.01851	0.01743	0.01388	0.01808	0.21614	0.04510	0.47137	0.02273	0.07972	0.01295	0.01331	0.00936	0.00653	0.00562	0.00167	0.00741	0.00488	0.00495	0.00882
8	0.00697	0.00498	0.00664	0.00796	0.00830	0.00465	0.00531	0.00796	0.01095	0.01460	0.03153	0.79525	0.03783	0.01792	0.00730	0.00232	0.00332	0.01626	0.00531	0.00465
9	0.00708	0.00581	0.00624	0.00613	0.00792	0.00496	0.00460	0.00883	0.01379	0.01725	0.22624	0.05209	0.59156	0.01382	0.00676	0.00190	0.00285	0.01166	0.00555	0.00496
10	0.01186	0.01017	0.01186	0.00847	0.01356	0.00762	0.00678	0.01440	0.01186	0.01864	0.01017	0.01186	0.00847	0.00424	0.00424	0.00085	0.00424	0.00339	0.00339	0.83395
11	0.02036	0.15633	0.01850	0.01391	0.01718	0.65058	0.01084	0.02189	0.01545	0.01391	0.00869	0.01013	0.00736	0.00573	0.00491	0.00143	0.00962	0.00358	0.00286	0.00675
12	0.00982	0.00739	0.00887	0.00884	0.01077	0.00723	0.00729	0.10127	0.01528	0.01981	0.14766	0.05191	0.26505	0.01365	0.00709	0.00217	0.00425	0.30045	0.00549	0.00570
13	0.11683	0.04560	0.16431	0.05469	0.06064	0.03090	0.40827	0.01795	0.01264	0.01879	0.01059	0.01364	0.00800	0.00508	0.00586	0.00184	0.00843	0.00548	0.00285	0.00762
14	0.01265	0.28800	0.01700	0.10493	0.01512	0.01253	0.00850	0.01465	0.01258	0.10225	0.09889	0.19993	0.07228	0.00965	0.00555	0.00174	0.00492	0.00808	0.00427	0.00649
15	0.00697	0.00498	0.00664	0.00796	0.00830	0.00465	0.00531	0.00796	0.01095	0.01460	0.03153	0.79525	0.03783	0.01792	0.00730	0.00232	0.00332	0.01626	0.00531	0.00465
16	0.06892	0.02505	0.55675	0.01773	0.07111	0.01345	0.10891	0.01837	0.03340	0.01886	0.01067	0.01270	0.00776	0.00540	0.00549	0.00182	0.00811	0.00458	0.00268	0.00826
17	0.01556	0.01468	0.05306	0.06041	0.26310	0.05705	0.01324	0.19751	0.12867	0.02273	0.01450	0.06853	0.01215	0.00715	0.00642	0.00183	0.04484	0.00596	0.00412	0.00848
18	0.01382	0.01314	0.01871	0.01551	0.01657	0.04870	0.08838	0.01553	0.01010	0.06607	0.00917	0.01339	0.00821	0.00970	0.03016	0.00247	0.60562	0.00520	0.00289	0.00664
19	0.00697	0.00498	0.00664	0.00796	0.00830	0.00465	0.00531	0.00796	0.01095	0.01460	0.03153	0.79525	0.03783	0.01792	0.00730	0.00232	0.00332	0.01626	0.00531	0.00465
20	0.04156	0.14657	0.01887	0.03282	0.04443	0.46065	0.02546	0.11666	0.01644	0.03224	0.00975	0.01110	0.00787	0.00582	0.00503	0.00151	0.00865	0.00395	0.00332	0.00730
21	0.09009	0.12507	0.09016	0.01425	0.07739	0.19664	0.01150	0.22111	0.02977	0.02263	0.05981	0.01382	0.01127	0.00628	0.00515	0.00161	0.00705	0.00461	0.00391	0.00788
22	0.00794	0.00539	0.00635	0.00673	0.00682	0.00529	0.00399	0.00822	0.00906	0.01208	0.02183	0.25131	0.02560	0.57854	0.02296	0.00464	0.00492	0.01056	0.00399	0.00380
23	0.01395	0.00656	0.00729	0.00655	0.00859	0.00637	0.00509	0.04230	0.01337	0.16557	0.01924	0.02070	0.01439	0.00675	0.00440	0.00143	0.00322	0.00541	0.64250	0.00634
24	0.03275	0.10355	0.08612	0.20270	0.13137	0.01523	0.01345	0.22188	0.05696	0.04948	0.01227	0.01443	0.00933	0.01927	0.00581	0.00179	0.00666	0.00491	0.00384	0.00822
25	0.00840	0.00604	0.00658	0.00640	0.00817	0.00524	0.00471	0.00982	0.01285	0.06715	0.09789	0.06748	0.53635	0.11109	0.00950	0.00238	0.00341	0.02622	0.00527	0.00504
26	0.01197	0.00716	0.00742	0.00695	0.00877	0.00755	0.00531	0.08263	0.10513	0.02272	0.01933	0.05360	0.01554	0.00730	0.00452	0.00149	0.00326	0.00592	0.61726	0.00617
27	0.09218	0.34532	0.11459	0.01182	0.01656	0.14330	0.01124	0.12898	0.01470	0.04566	0.00978	0.01085	0.00784	0.00563	0.00477	0.00150	0.02054	0.00376	0.00329	0.00769
28	0.02380	0.00919	0.01229	0.00958	0.01362	0.00803	0.00786	0.02607	0.01583	0.67484	0.02208	0.01970	0.01422	0.00703	0.00553	0.00172	0.00459	0.00570	0.10913	0.00919
29	0.01529	0.80242	0.02997	0.00979	0.01468	0.02263	0.00979	0.01713	0.01162	0.01346	0.00795	0.00918	0.00734	0.00489	0.00367	0.00122	0.00612	0.00306	0.00245	0.00734
30	0.01147	0.02959	0.76934	0.01630	0.02476	0.01328	0.02113	0.01811	0.01208	0.01811	0.01026	0.01208	0.00725	0.00543	0.00543	0.00181	0.00845	0.00423	0.00242	0.00845
31	0.00798	0.00587	0.00749	0.00718	0.00860	0.00538	0.00545	0.01052	0.01566	0.02174	0.63899	0.04528	0.14058	0.01223	0.00680	0.00185	0.00284	0.04410	0.00613	0.00532
32	0.00810	0.00585	0.00765	0.00720	0.00855	0.00540	0.00540	0.01079	0.01619	0.02294	0.76028	0.04273	0.05397	0.01169	0.00675	0.00180	0.00270	0.01034	0.00630	0.00540
33	0.00697	0.00498	0.00664	0.00796	0.00830	0.00465	0.00531	0.00796	0.01095	0.01460	0.03153	0.79525	0.03783	0.01792	0.00730	0.00232	0.00332	0.01626	0.00531	0.00465
34	0.00832	0.00555	0.00624	0.00624	0.00624	0.00555	0.00347	0.00832	0.00832	0.01109	0.01802	0.03743	0.02080	0.79898	0.02911	0.00555	0.00555	0.00832	0.00347	0.00347
35	0.01147	0.02959	0.76934	0.01630	0.02476	0.01328	0.02113	0.01811	0.01208	0.01811	0.01026	0.01208	0.00725	0.00543	0.00543	0.00181	0.00845	0.00423	0.00242	0.00845
36	0.01132	0.01079	0.01763	0.60540	0.08513	0.01357	0.01544	0.01468	0.01110	0.01475	0.00976	0.01472	0.00770	0.00639	0.00789	0.00199	0.13759	0.00507	0.00256	0.00652
37	0.02444	0.01157	0.04724	0.01090	0.01553	0.01005	0.00934	0.13674	0.01779	0.62263	0.02068	0.01827	0.01318	0.00697	0.00573	0.00176	0.00524	0.00559	0.00667	0.00968
38	0.01423	0.01229	0.01293	0.01164	0.01487	0.01423	0.00905	0.03039	0.75297	0.02393	0.02328	0.02134	0.01746	0.00776	0.00582	0.00194	0.00453	0.00647	0.00582	0.00905
39	0.00832	0.00555	0.00624	0.00624	0.00624	0.00555	0.00347	0.00832	0.00832	0.01109	0.01802	0.03743	0.02080	0.79898	0.02911	0.00555	0.00555	0.00832	0.00347	0.00347
40	0.00697	0.00498	0.00664	0.00796	0.00830	0.00465	0.00531	0.00796	0.01095	0.01460	0.03153	0.79525	0.03783	0.01792	0.00730	0.00232	0.00332	0.01626	0.00531	0.00465
41	0.00862	0.00624	0.00801	0.00743	0.00890	0.00587	0.00561	0.03920	0.01661	0.02345	0.73137	0.04160	0.05226	0.01151	0.00671	0.00180	0.00284	0.01014	0.00627	0.00556
42	0.00688	0.00570	0.00603	0.00616	0.00785	0.00485	0.00454	0.00836	0.01300	0.01586	0.10298	0.14591	0.62276	0.01472	0.00683	0.00197	0.00294	0.01247	0.00538	0.00485
43	0.02345	0.01328	0.01547	0.01186	0.01637	0.01367	0.00980	0.43212	0.02231	0.35463	0.01758	0.01623	0.01166	0.00696	0.00574	0.00174	0.00567	0.00541	0.00631	0.00973
44	0.01501	0.01445	0.01743	0.01465	0.01601	0.09052	0.03120	0.15537	0.01312	0.01818	0.00925	0.01300	0.00822	0.01014	0.04396	0.00250	0.51186	0.00500	0.00320	0.00696
45	0.02296	0.01093	0.01479	0.06449	0.01730	0.01046	0.03770	0.11551	0.06404	0.54865	0.02024	0.01843	0.01316	0.00692	0.00579	0.00179	0.00540	0.00572	0.00636	0.00938
46	0.01505	0.11065	0.01829	0.01359	0.03434	0.01514	0.10603	0.11694	0.39426	0.03697	0.01818	0.03488	0.01412	0.00841	0.03553	0.00210	0.00608	0.00607	0.00484	0.00851

[dist]
# distance from previous block
# <min> <max>
1	92

[block]
# block no. 7 follows, 41 sequences, length 60
# corresponding to MSA columns:
# 374-433
name=unknown_H
#
# <colnr> <probs for GDERKNQSTAVLIFYWHMCP>
#	G	D	E	R	K	N	Q	S	T	A	V	L	I	F	Y	W	H	M	C	P
0	0.01497	0.02937	0.01533	0.11424	0.08058	0.01287	0.03801	0.03886	0.36703	0.12166	0.07434	0.02048	0.01686	0.00733	0.00609	0.00187	0.02039	0.00625	0.00510	0.00839
1	0.04823	0.05148	0.03549	0.04276	0.03909	0.13517	0.07991	0.16029	0.06351	0.04073	0.01534	0.14643	0.01407	0.00811	0.00620	0.00177	0.03590	0.00673	0.00417	0.06461
2	0.01335	0.01350	0.01714	0.01433	0.01556	0.07457	0.03517	0.03122	0.01033	0.01512	0.00826	0.01237	0.00772	0.00864	0.01500	0.00215	0.57551	0.00474	0.00275	0.12258
3	0.00987	0.00824	0.01218	0.36157	0.02275	0.00927	0.01008	0.03148	0.01093	0.01457	0.01545	0.13012	0.01553	0.19574	0.06412	0.00323	0.00677	0.00736	0.00333	0.06742
4	0.01529	0.80242	0.02997	0.00979	0.01468	0.02263	0.00979	0.01713	0.01162	0.01346	0.00795	0.00918	0.00734	0.00489	0.00367	0.00122	0.00612	0.00306	0.00245	0.00734
5	0.01428	0.00909	0.01192	0.01207	0.10959	0.00825	0.00834	0.06172	0.01487	0.19908	0.10275	0.03215	0.19261	0.00941	0.00606	0.00175	0.00447	0.07300	0.00527	0.12333
6	0.01190	0.01162	0.01635	0.01420	0.01434	0.01606	0.01176	0.01327	0.00882	0.01370	0.00860	0.01391	0.00846	0.01463	0.12509	0.00344	0.68000	0.00516	0.00258	0.00610
7	0.01080	0.01017	0.01716	0.78523	0.03940	0.01271	0.01589	0.01461	0.01144	0.01461	0.01017	0.01525	0.00762	0.00572	0.00572	0.00191	0.00762	0.00508	0.00254	0.00635
8	0.00841	0.00571	0.00650	0.00644	0.00644	0.00582	0.00367	0.00844	0.00833	0.01115	0.01778	0.03686	0.02049	0.78087	0.02888	0.00548	0.02351	0.00824	0.00344	0.00353
9	0.01147	0.02959	0.76934	0.01630	0.02476	0.01328	0.02113	0.01811	0.01208	0.01811	0.01026	0.01208	0.00725	0.00543	0.00543	0.00181	0.00845	0.00423	0.00242	0.00845
10	0.01400	0.01343	0.02293	0.07010	0.72953	0.01355	0.01748	0.01742	0.01295	0.01850	0.01073	0.01421	0.00899	0.00513	0.00567	0.00171	0.00683	0.00510	0.00282	0.00893
11	0.00708	0.00590	0.00624	0.00641	0.00826	0.00506	0.00498	0.00868	0.01305	0.01567	0.05435	0.05628	0.66625	0.01466	0.00691	0.00202	0.00321	0.10480	0.00531	0.00489
12	0.02174	0.01602	0.01717	0.01316	0.01774	0.01774	0.01087	0.74423	0.02689	0.03605	0.01373	0.01373	0.00973	0.00687	0.00572	0.00172	0.00629	0.00515	0.00572	0.00973
13	0.02137	0.02726	0.01621	0.01474	0.01768	0.77602	0.01105	0.02284	0.01621	0.01400	0.00884	0.01031	0.00737	0.00589	0.00516	0.00147	0.01031	0.00368	0.00295	0.00663
14	0.00733	0.00641	0.00739	0.11519	0.01217	0.00593	0.00597	0.00911	0.01281	0.01533	0.05124	0.04946	0.65525	0.01326	0.00661	0.00193	0.00356	0.01109	0.00492	0.00504
15	0.00729	0.00582	0.00653	0.00635	0.00805	0.00506	0.00477	0.00924	0.01430	0.01844	0.33823	0.05013	0.47883	0.01337	0.00675	0.00188	0.00282	0.01138	0.00570	0.00506
16	0.01416	0.01359	0.02322	0.03511	0.76330	0.01359	0.01755	0.01755	0.01302	0.01869	0.01076	0.01416	0.00906	0.00510	0.00566	0.00170	0.00680	0.00510	0.00283	0.00906
17	0.01350	0.01543	0.03375	0.02411	0.02989	0.01446	0.74253	0.01832	0.01350	0.01832	0.01157	0.01543	0.00868	0.00482	0.00675	0.00193	0.00964	0.00675	0.00289	0.00771
18	0.00814	0.00547	0.00629	0.00646	0.00651	0.00543	0.00371	0.00827	0.00866	0.01155	0.01978	0.13603	0.02301	0.69736	0.02628	0.00513	0.00526	0.00935	0.00371	0.00362
19	0.01416	0.01359	0.02322	0.03511	0.76330	0.01359	0.01755	0.01755	0.01302	0.01869	0.01076	0.01416	0.00906	0.00510	0.00566	0.00170	0.00680	0.00510	0.00283	0.00906
20	0.00696	0.00502	0.00660	0.00786	0.00827	0.00465	0.00526	0.00798	0.01105	0.01464	0.03276	0.76072	0.07157	0.01776	0.00728	0.00230	0.00330	0.01607	0.00531	0.00465
21	0.02034	0.01378	0.01532	0.01194	0.01604	0.01479	0.00978	0.54809	0.02402	0.12934	0.11966	0.01855	0.01651	0.00757	0.00587	0.00174	0.00560	0.00596	0.00598	0.00912
22	0.01091	0.00636	0.00662	0.00640	0.00800	0.00659	0.00484	0.01548	0.11640	0.02185	0.09107	0.02340	0.01886	0.00730	0.00452	0.00146	0.00293	0.00598	0.63518	0.00586
23	0.25693	0.01283	0.01299	0.01097	0.01463	0.01437	0.00904	0.33714	0.12202	0.02886	0.01555	0.02012	0.01280	0.00770	0.00538	0.00188	0.00537	0.09837	0.00504	0.00802
24	0.12152	0.01326	0.02129	0.03152	0.66543	0.01349	0.01608	0.01746	0.01260	0.01959	0.01040	0.01352	0.00869	0.00512	0.00539	0.00171	0.00649	0.00484	0.00292	0.00869
25	0.01673	0.01179	0.01334	0.01138	0.01477	0.01304	0.00906	0.17461	0.38288	0.14172	0.02008	0.01963	0.01490	0.01240	0.11393	0.00289	0.00646	0.00603	0.00561	0.00875
26	0.01507	0.01399	0.02631	0.12769	0.02744	0.04204	0.45652	0.04569	0.01413	0.11564	0.01366	0.02970	0.01042	0.00590	0.00642	0.00191	0.00841	0.02776	0.00360	0.00770
27	0.02240	0.01236	0.01462	0.01143	0.01562	0.01255	0.00934	0.36609	0.02096	0.36415	0.01905	0.07484	0.01383	0.00779	0.00585	0.00179	0.00543	0.00625	0.00630	0.00935
28	0.04598	0.01486	0.02687	0.02113	0.07995	0.01533	0.43192	0.15022	0.01515	0.02127	0.01124	0.01441	0.00865	0.00591	0.00792	0.00194	0.10996	0.00597	0.00338	0.00794
29	0.00812	0.00555	0.00670	0.00688	0.00706	0.00565	0.00422	0.00854	0.00878	0.01185	0.01940	0.13393	0.02210	0.59124	0.13114	0.00564	0.00663	0.00904	0.00365	0.00385
30	0.01312	0.12048	0.19003	0.05564	0.02654	0.01534	0.42318	0.01773	0.01263	0.01725	0.01056	0.01375	0.00809	0.00525	0.00659	0.00184	0.04601	0.00557	0.00270	0.00769
31	0.70876	0.01167	0.00969	0.00833	0.01204	0.01334	0.00687	0.11178	0.01216	0.04911	0.00915	0.01017	0.00689	0.00556	0.00389	0.00176	0.00468	0.00344	0.00393	0.00676
