[name]
unknown

[dist]
# distance from previous block
# <min> <max>
4	101

[block]
# block no. 0 follows, 42 sequences, length 63
# corresponding to MSA columns:
# 389-408,410-421,442-472
name=unknown_A
#
# <colnr> <probs for GDERKNQSTAVLIFYWHMCP>
#	G	D	E	R	K	N	Q	S	T	A	V	L	I	F	Y	W	H	M	C	P
0	0.03718	0.00769	0.00964	0.00917	0.01092	0.00770	0.02993	0.05998	0.11539	0.05929	0.06344	0.40863	0.02721	0.04620	0.00790	0.03114	0.00409	0.01102	0.00506	0.04844
1	0.01490	0.03560	0.05465	0.02103	0.04950	0.03920	0.51294	0.11102	0.01485	0.04366	0.01161	0.01452	0.00869	0.00532	0.00670	0.00184	0.03680	0.00602	0.00329	0.00788
2	0.01360	0.01316	0.02053	0.25285	0.48883	0.05251	0.01622	0.04333	0.01302	0.01760	0.01043	0.01403	0.00844	0.00530	0.00556	0.00172	0.00708	0.00494	0.00281	0.00804
3	0.00767	0.00545	0.00669	0.00730	0.00831	0.00493	0.00517	0.00895	0.01185	0.04080	0.08263	0.43786	0.24592	0.05250	0.00798	0.00229	0.00336	0.05026	0.00526	0.00482
4	0.06026	0.00807	0.00960	0.00852	0.01082	0.00800	0.00654	0.08443	0.06544	0.17055	0.21840	0.12094	0.09353	0.06704	0.04022	0.00240	0.00444	0.00866	0.00558	0.00657
5	0.00894	0.00612	0.00760	0.00788	0.00913	0.00582	0.00565	0.01169	0.07783	0.06961	0.16911	0.43602	0.13419	0.01442	0.00678	0.00207	0.00331	0.01280	0.00557	0.00546
6	0.02023	0.01012	0.01250	0.01015	0.01364	0.00985	0.00807	0.16854	0.06698	0.42490	0.02122	0.11252	0.01655	0.06854	0.00758	0.00209	0.00492	0.00701	0.00614	0.00847
7	0.14680	0.00713	0.00810	0.00747	0.00953	0.00682	0.00561	0.01279	0.01293	0.10122	0.26692	0.16075	0.09970	0.06462	0.00744	0.00205	0.00358	0.00906	0.00519	0.06231
8	0.06701	0.01061	0.01400	0.05701	0.07222	0.03549	0.07230	0.03040	0.17002	0.06685	0.09939	0.02296	0.06742	0.04484	0.08863	0.00277	0.06026	0.00657	0.00433	0.00694
9	0.02042	0.01529	0.01578	0.01253	0.01646	0.07919	0.01018	0.55081	0.02304	0.09617	0.01487	0.06725	0.01158	0.00753	0.00610	0.00174	0.03107	0.00574	0.00539	0.00887
10	0.07998	0.01008	0.01285	0.01005	0.01426	0.00934	0.00826	0.05319	0.07221	0.63661	0.02096	0.01841	0.01348	0.00689	0.00551	0.00175	0.00478	0.00551	0.00659	0.00929
11	0.01085	0.00690	0.00843	0.00812	0.00978	0.00668	0.00600	0.01426	0.10830	0.12396	0.17641	0.21677	0.11861	0.11077	0.00931	0.00242	0.00383	0.04720	0.00550	0.00589
12	0.01597	0.01446	0.07435	0.03754	0.04537	0.04147	0.11237	0.16425	0.27536	0.09185	0.02860	0.04438	0.01374	0.00702	0.00583	0.00182	0.00612	0.00612	0.00485	0.00850
13	0.01864	0.00859	0.01129	0.00914	0.01239	0.00781	0.00735	0.07044	0.01675	0.44601	0.29404	0.02717	0.02802	0.00862	0.00602	0.00175	0.00410	0.00728	0.00659	0.00801
14	0.00905	0.00573	0.00700	0.00711	0.00783	0.00548	0.00473	0.00987	0.01041	0.07063	0.06317	0.22185	0.08794	0.39063	0.04198	0.00392	0.00481	0.03889	0.00447	0.00449
15	0.01897	0.01065	0.01337	0.09338	0.04341	0.03807	0.00933	0.13546	0.04209	0.36439	0.02062	0.13944	0.02836	0.00849	0.00588	0.00183	0.00528	0.00714	0.00564	0.00821
16	0.01756	0.46266	0.02348	0.01172	0.01570	0.34283	0.01014	0.01945	0.02573	0.01364	0.00844	0.00970	0.00740	0.00528	0.00427	0.00132	0.00774	0.00333	0.00267	0.00695
17	0.01167	0.01000	0.01167	0.00834	0.01334	0.00750	0.00667	0.01417	0.01167	0.01834	0.01000	0.01167	0.00834	0.00417	0.00417	0.00083	0.00417	0.00333	0.00333	0.83663
18	0.01365	0.02009	0.35156	0.04378	0.09977	0.04160	0.01534	0.02221	0.24520	0.06799	0.01488	0.01546	0.01092	0.00616	0.00551	0.00180	0.00675	0.00505	0.00379	0.00851
19	0.01212	0.01243	0.01675	0.67718	0.03568	0.12300	0.01494	0.01554	0.01193	0.01429	0.00981	0.01430	0.00747	0.00565	0.00555	0.00181	0.00788	0.00480	0.00256	0.00629
20	0.34600	0.03577	0.01196	0.00923	0.01310	0.01102	0.00767	0.04298	0.01341	0.40442	0.01530	0.01448	0.01027	0.00631	0.00520	0.00175	0.03337	0.00450	0.00525	0.00801
21	0.01497	0.75147	0.02835	0.00975	0.01446	0.02170	0.00958	0.01774	0.06230	0.01394	0.00885	0.00984	0.00790	0.00501	0.00376	0.00125	0.00591	0.00324	0.00263	0.00734
22	0.01521	0.00787	0.01074	0.01032	0.01281	0.00746	0.00884	0.04058	0.01450	0.28555	0.02658	0.04614	0.02510	0.01222	0.00695	0.00226	0.00507	0.44908	0.00583	0.00688
23	0.00752	0.00544	0.00710	0.00732	0.00829	0.00502	0.00525	0.00952	0.01394	0.01934	0.47389	0.32018	0.06846	0.01384	0.00684	0.00196	0.00288	0.01237	0.00581	0.00502
24	0.11155	0.00972	0.01255	0.00974	0.01400	0.00873	0.00804	0.02628	0.01542	0.69221	0.02068	0.01810	0.01310	0.00678	0.00543	0.00174	0.00474	0.00538	0.00660	0.00921
25	0.01835	0.00926	0.01129	0.00934	0.01266	0.02564	0.00746	0.04714	0.09738	0.41828	0.13569	0.05308	0.11162	0.00892	0.00597	0.00179	0.00432	0.00744	0.00631	0.00805
26	0.00767	0.00560	0.00708	0.00784	0.00847	0.00547	0.00532	0.00988	0.06769	0.01568	0.11653	0.57000	0.03585	0.09782	0.00924	0.00253	0.00351	0.01376	0.00519	0.00487
27	0.71960	0.01034	0.00849	0.00762	0.01093	0.01170	0.00619	0.01667	0.01014	0.07835	0.01063	0.06972	0.00902	0.00629	0.00392	0.00178	0.00430	0.00422	0.00387	0.00623
28	0.01240	0.25866	0.55324	0.01414	0.02143	0.01579	0.01749	0.01754	0.01175	0.01647	0.00943	0.01104	0.00716	0.00519	0.00483	0.00161	0.00764	0.00382	0.00239	0.00799
29	0.00998	0.00668	0.00828	0.00782	0.00953	0.00637	0.00587	0.02560	0.08077	0.08936	0.41388	0.17026	0.11956	0.01202	0.00655	0.00188	0.00320	0.01053	0.00594	0.00590
30	0.01456	0.01237	0.01304	0.01157	0.01485	0.01426	0.00904	0.08438	0.70157	0.02445	0.02219	0.02043	0.01660	0.00757	0.00572	0.00189	0.00459	0.00626	0.00572	0.00896
31	0.72404	0.01116	0.00925	0.00800	0.01162	0.01269	0.00659	0.07277	0.01130	0.07690	0.00925	0.01016	0.00689	0.00546	0.00379	0.00174	0.00452	0.00338	0.00388	0.00660
32	0.07007	0.03309	0.08681	0.24281	0.02257	0.02671	0.01234	0.04594	0.17325	0.06819	0.01313	0.01509	0.00997	0.00669	0.00726	0.00188	0.12157	0.00499	0.00369	0.03395
33	0.00997	0.15469	0.02962	0.06614	0.01300	0.00964	0.01834	0.02855	0.01294	0.01744	0.23921	0.17464	0.05238	0.03135	0.03471	0.00210	0.00477	0.03365	0.00445	0.06242
34	0.02361	0.01014	0.01315	0.01031	0.01451	0.00937	0.00844	0.05402	0.11496	0.64487	0.02198	0.01919	0.01420	0.00705	0.00567	0.00176	0.00480	0.00573	0.00675	0.00949
35	0.00685	0.00492	0.00651	0.00778	0.00815	0.00458	0.00520	0.00784	0.01083	0.01439	0.03168	0.77965	0.05569	0.01755	0.00717	0.00228	0.00325	0.01589	0.00522	0.00458
36	0.01283	0.04232	0.09599	0.27101	0.05105	0.01350	0.20226	0.09354	0.07001	0.01876	0.01283	0.05355	0.01030	0.00620	0.00584	0.00183	0.00735	0.00592	0.01752	0.00737
37	0.02731	0.01306	0.02040	0.35472	0.10363	0.06115	0.15947	0.06201	0.03868	0.01720	0.01065	0.01440	0.00826	0.00592	0.00692	0.00187	0.07907	0.00525	0.00294	0.00709
38	0.00748	0.00581	0.00695	0.00755	0.00898	0.00527	0.00595	0.00923	0.01263	0.01583	0.06940	0.18320	0.38950	0.01513	0.00709	0.00217	0.00363	0.23407	0.00525	0.00487
39	0.01111	0.01081	0.01655	0.19786	0.02052	0.01378	0.06763	0.01325	0.01019	0.01437	0.01413	0.07162	0.06213	0.00950	0.01256	0.00223	0.41000	0.03275	0.00298	0.00605
40	0.01672	0.10005	0.04364	0.04508	0.01712	0.06445	0.10670	0.12164	0.01507	0.20221	0.01691	0.14035	0.01444	0.00800	0.00610	0.00178	0.03101	0.00681	0.03434	0.00760
41	0.01297	0.04215	0.12835	0.26835	0.13453	0.01282	0.05414	0.01850	0.11622	0.07305	0.05135	0.01664	0.01186	0.00622	0.00599	0.00181	0.02853	0.00540	0.00351	0.00762
42	0.00861	0.00618	0.00852	0.00977	0.01093	0.00610	0.00825	0.01089	0.01258	0.01637	0.03098	0.18648	0.05948	0.01585	0.00763	0.00251	0.00478	0.58383	0.00519	0.00506
43	0.01097	0.00880	0.03106	0.16625	0.09472	0.00895	0.03632	0.06265	0.01273	0.01859	0.01858	0.11485	0.03983	0.00981	0.03668	0.00206	0.00543	0.06160	0.25397	0.00617
44	0.07503	0.01456	0.01657	0.01496	0.10047	0.10835	0.05721	0.23524	0.06836	0.22983	0.01509	0.01501	0.01062	0.00633	0.00549	0.00170	0.00632	0.00510	0.00503	0.00872
45	0.01617	0.53253	0.02468	0.01073	0.01510	0.04630	0.00987	0.14665	0.09168	0.01824	0.01041	0.01120	0.00868	0.00564	0.00471	0.00141	0.03110	0.00380	0.00334	0.00775
46	0.01281	0.04025	0.06389	0.03887	0.05371	0.01017	0.00914	0.05813	0.06940	0.04506	0.06291	0.01499	0.01217	0.00558	0.00529	0.00127	0.03351	0.00446	0.00378	0.45461
47	0.03598	0.06479	0.11694	0.01010	0.01342	0.00949	0.04643	0.01605	0.10615	0.07709	0.30612	0.03086	0.10043	0.00925	0.00601	0.00180	0.00456	0.03280	0.00503	0.00671
48	0.84197	0.01088	0.00827	0.00740	0.01088	0.01262	0.00609	0.01654	0.00958	0.02525	0.00784	0.00914	0.00609	0.00522	0.00348	0.00174	0.00435	0.00305	0.00348	0.00609
49	0.01308	0.00985	0.01599	0.29413	0.04787	0.01051	0.11361	0.03640	0.03733	0.11870	0.04428	0.02326	0.03778	0.00731	0.00587	0.00186	0.00618	0.07571	0.09343	0.00685
50	0.01082	0.01340	0.13185	0.35926	0.04198	0.01181	0.18818	0.01482	0.01192	0.01588	0.01532	0.08534	0.06078	0.00698	0.00603	0.00190	0.00740	0.00668	0.00299	0.00668
51	0.00676	0.00554	0.00596	0.00621	0.00776	0.00474	0.00452	0.00815	0.01255	0.01539	0.08614	0.20815	0.57899	0.01482	0.00676	0.00197	0.00293	0.01265	0.00527	0.00474
52	0.00697	0.00498	0.00666	0.00797	0.00834	0.00467	0.00542	0.00803	0.01089	0.01449	0.03095	0.76091	0.03697	0.01752	0.00721	0.00230	0.00336	0.05253	0.00522	0.00460
53	0.01795	0.01015	0.01423	0.05729	0.09081	0.01011	0.03302	0.10163	0.04452	0.33939	0.03590	0.13952	0.01679	0.00928	0.02386	0.00202	0.03272	0.00724	0.00543	0.00814
54	0.01186	0.14869	0.45433	0.01355	0.01968	0.01294	0.04560	0.01651	0.01224	0.04876	0.06960	0.09456	0.01405	0.00703	0.00542	0.00174	0.00690	0.00581	0.00317	0.00755
55	0.01261	0.01208	0.02071	0.33200	0.46356	0.01305	0.03249	0.01615	0.01221	0.01680	0.01037	0.01438	0.00835	0.00525	0.00562	0.00176	0.00707	0.00504	0.00267	0.00783
56	0.01167	0.01000	0.01167	0.00834	0.01334	0.00750	0.00667	0.01417	0.01167	0.01834	0.01000	0.01167	0.00834	0.00417	0.00417	0.00083	0.00417	0.00333	0.00333	0.83663
57	0.00997	0.04150	0.01149	0.15112	0.01583	0.00891	0.03135	0.04392	0.09656	0.02953	0.19025	0.13997	0.18618	0.01069	0.00625	0.00188	0.00441	0.00930	0.00484	0.00605
58	0.00873	0.00598	0.00710	0.00672	0.00838	0.00530	0.00500	0.01063	0.01404	0.07536	0.35426	0.06880	0.33069	0.06434	0.00803	0.00208	0.00310	0.01057	0.00565	0.00526
59	0.01531	0.09550	0.01777	0.29818	0.05604	0.04325	0.01240	0.23420	0.13158	0.02205	0.01279	0.01465	0.00963	0.00617	0.00541	0.00173	0.00655	0.00497	0.00394	0.00787
60	0.01735	0.01781	0.10243	0.01936	0.20061	0.11546	0.06351	0.29489	0.07071	0.02450	0.01231	0.01363	0.00930	0.00598	0.00559	0.00169	0.00717	0.00496	0.00404	0.00869
61	0.01746	0.17500	0.12697	0.01194	0.01612	0.03385	0.01121	0.05058	0.11292	0.24705	0.01473	0.01482	0.01070	0.00678	0.00711	0.00176	0.12354	0.00481	0.00438	0.00824
62	0.01457	0.03906	0.01530	0.04920	0.07927	0.05166	0.05446	0.17227	0.17446	0.04959	0.12717	0.03557	0.04190	0.00825	0.00597	0.00182	0.00554	0.06132	0.00493	0.00770

[dist]
# distance from previous block
# <min> <max>
1	19

[block]
# block no. 1 follows, 42 sequences, length 34
# corresponding to MSA columns:
# 500-533
name=unknown_B
#
# <colnr> <probs for GDERKNQSTAVLIFYWHMCP>
#	G	D	E	R	K	N	Q	S	T	A	V	L	I	F	Y	W	H	M	C	P
0	0.03980	0.03558	0.00943	0.03223	0.01113	0.06253	0.00672	0.01332	0.10259	0.05121	0.02576	0.53174	0.02850	0.01382	0.00648	0.00209	0.00423	0.01221	0.00496	0.00567
1	0.07293	0.03483	0.04250	0.45638	0.02836	0.01263	0.01293	0.04923	0.07711	0.05418	0.01231	0.04177	0.00969	0.00634	0.00580	0.00182	0.03090	0.00523	0.00333	0.04172
2	0.04416	0.16016	0.01984	0.04862	0.01829	0.07901	0.11287	0.17863	0.03459	0.17864	0.01358	0.02587	0.01006	0.00605	0.00525	0.00160	0.00648	0.00496	0.00437	0.04696
3	0.01021	0.06062	0.00958	0.00839	0.00995	0.04479	0.00616	0.04553	0.01207	0.04214	0.02386	0.46771	0.02656	0.04828	0.00717	0.00207	0.00413	0.02386	0.07299	0.07394
4	0.01442	0.15102	0.04737	0.00956	0.01449	0.04866	0.00833	0.05207	0.01297	0.08701	0.01085	0.01192	0.00861	0.00479	0.00437	0.00109	0.00511	0.00362	0.00355	0.50016
5	0.04516	0.03496	0.14610	0.04982	0.07150	0.04491	0.01175	0.12357	0.15337	0.10955	0.02957	0.01531	0.01135	0.00619	0.00546	0.00164	0.01695	0.00491	0.00430	0.11363
6	0.19681	0.21759	0.02556	0.00947	0.01255	0.11206	0.00805	0.01600	0.05764	0.01751	0.04398	0.07246	0.11040	0.00823	0.00539	0.00170	0.03339	0.04119	0.00373	0.00630
7	0.01593	0.01288	0.01369	0.01177	0.01528	0.01467	0.00931	0.19482	0.57406	0.04157	0.02073	0.01924	0.01537	0.00742	0.00570	0.00185	0.00486	0.00605	0.00573	0.00907
8	0.00818	0.00546	0.00614	0.00614	0.00614	0.00546	0.00341	0.00818	0.00818	0.01091	0.01773	0.03683	0.02046	0.80222	0.02864	0.00546	0.00546	0.00818	0.00341	0.00341
9	0.84197	0.01088	0.00827	0.00740	0.01088	0.01262	0.00609	0.01654	0.00958	0.02525	0.00784	0.00914	0.00609	0.00522	0.00348	0.00174	0.00435	0.00305	0.00348	0.00609
10	0.01231	0.01089	0.01841	0.19258	0.05310	0.02801	0.18074	0.01522	0.01130	0.07550	0.01241	0.01739	0.01031	0.04859	0.18047	0.00368	0.11369	0.00576	0.00311	0.00653
11	0.04651	0.01153	0.04989	0.01199	0.01552	0.01116	0.04933	0.05156	0.01434	0.45173	0.04353	0.01739	0.01288	0.00749	0.00843	0.00191	0.17550	0.00554	0.00537	0.00841
12	0.00804	0.00603	0.00904	0.00904	0.01005	0.00703	0.00703	0.01005	0.00904	0.01306	0.01507	0.02211	0.01407	0.04221	0.77992	0.00904	0.01507	0.00603	0.00301	0.00502
13	0.27344	0.01102	0.03530	0.00976	0.01341	0.01111	0.00820	0.05300	0.10596	0.30481	0.04610	0.01654	0.01281	0.00789	0.03036	0.00203	0.04016	0.00503	0.00518	0.00791
14	0.05366	0.08084	0.05087	0.09949	0.05957	0.01358	0.15140	0.12347	0.12209	0.08882	0.01635	0.04677	0.03777	0.00687	0.00569	0.00180	0.00635	0.02257	0.00419	0.00783
15	0.00818	0.00549	0.00630	0.00630	0.00636	0.00554	0.00361	0.00829	0.00823	0.01103	0.01758	0.03600	0.02010	0.75943	0.07095	0.00566	0.00600	0.00806	0.00339	0.00350
16	0.00815	0.00582	0.00801	0.00931	0.01021	0.00568	0.00747	0.01007	0.01205	0.01581	0.03030	0.36907	0.03440	0.01641	0.00753	0.00246	0.00439	0.43272	0.00520	0.00493
17	0.03971	0.37207	0.06094	0.04718	0.11690	0.01728	0.04743	0.07245	0.01287	0.06134	0.01076	0.04353	0.00929	0.00605	0.00562	0.00157	0.05971	0.00457	0.00315	0.00758
18	0.05090	0.01220	0.04211	0.11097	0.08334	0.01302	0.01122	0.14942	0.09590	0.16243	0.01625	0.05052	0.03501	0.00768	0.00769	0.00191	0.13114	0.00585	0.00451	0.00792
19	0.01265	0.01291	0.01678	0.01449	0.01472	0.06321	0.01198	0.01393	0.00908	0.01354	0.00782	0.01263	0.00769	0.01109	0.05267	0.00270	0.70857	0.00490	0.00251	0.00613
20	0.64153	0.06038	0.04250	0.03388	0.02904	0.05084	0.03805	0.01691	0.01036	0.02289	0.00824	0.00982	0.00646	0.00522	0.00388	0.00171	0.00525	0.00337	0.00327	0.00640
21	0.00817	0.00551	0.00639	0.00639	0.00648	0.00559	0.00372	0.00834	0.00826	0.01110	0.01750	0.03556	0.01991	0.73657	0.09354	0.00577	0.00629	0.00800	0.00338	0.00355
22	0.01522	0.48227	0.16540	0.01168	0.01679	0.07520	0.01194	0.08108	0.04366	0.01649	0.00941	0.01061	0.00782	0.00540	0.00468	0.00143	0.02681	0.00363	0.00285	0.00762
23	0.01816	0.00980	0.01233	0.00914	0.01383	0.00787	0.00743	0.02051	0.01379	0.37825	0.01584	0.01525	0.01101	0.00551	0.00488	0.00127	0.00446	0.00445	0.00507	0.44115
24	0.01534	0.68526	0.04609	0.01043	0.01495	0.08584	0.01013	0.01720	0.01170	0.01341	0.00793	0.00934	0.00723	0.00514	0.00444	0.00129	0.04151	0.00317	0.00245	0.00714
25	0.32169	0.24266	0.19447	0.01078	0.01565	0.03351	0.01112	0.04696	0.01144	0.01971	0.00860	0.01010	0.00689	0.00542	0.00475	0.00162	0.04112	0.00348	0.00295	0.00709
26	0.01063	0.01000	0.01688	0.78870	0.03876	0.01250	0.01563	0.01438	0.01125	0.01438	0.01000	0.01500	0.00750	0.00563	0.00563	0.00188	0.00750	0.00500	0.00250	0.00625
27	0.02022	0.12976	0.01694	0.01189	0.04570	0.01385	0.00954	0.28538	0.03847	0.27706	0.01629	0.04709	0.01195	0.00682	0.00534	0.00163	0.00546	0.00537	0.00537	0.04589
28	0.01175	0.07718	0.11527	0.01275	0.09436	0.01031	0.01014	0.01505	0.04484	0.05155	0.02744	0.14466	0.01476	0.01039	0.06711	0.00215	0.04356	0.00635	0.00364	0.23673
29	0.00778	0.00575	0.00727	0.00689	0.00830	0.00523	0.00517	0.01027	0.01550	0.02155	0.66673	0.04371	0.15116	0.01188	0.00664	0.00179	0.00268	0.01041	0.00606	0.00523
30	0.01390	0.01198	0.01756	0.44989	0.15467	0.06846	0.02891	0.01753	0.03467	0.10598	0.01180	0.01506	0.00880	0.00587	0.00600	0.00181	0.03159	0.00505	0.00321	0.00722
31	0.00837	0.00613	0.00783	0.00776	0.00803	0.00676	0.00523	0.00905	0.00871	0.01202	0.01766	0.11441	0.01966	0.46982	0.20093	0.00569	0.07614	0.00825	0.00343	0.00415
32	0.00767	0.00577	0.00712	0.00686	0.00833	0.00521	0.00520	0.01001	0.01502	0.02045	0.55342	0.04601	0.23460	0.01237	0.00669	0.00184	0.00281	0.03957	0.00591	0.00516
33	0.01443	0.56087	0.10139	0.01056	0.01531	0.01860	0.03380	0.01752	0.04821	0.04547	0.01092	0.04287	0.00956	0.00569	0.00423	0.00139	0.00597	0.00414	0.04177	0.00732

[dist]
# distance from previous block
# <min> <max>
0	5

[block]
# block no. 2 follows, 42 sequences, length 57
# corresponding to MSA columns:
# 539-595
name=unknown_C
#
# <colnr> <probs for GDERKNQSTAVLIFYWHMCP>
#	G	D	E	R	K	N	Q	S	T	A	V	L	I	F	Y	W	H	M	C	P
0	0.08159	0.71700	0.02728	0.00946	0.01416	0.02106	0.00930	0.01716	0.01143	0.03796	0.00828	0.00935	0.00734	0.00491	0.00366	0.00126	0.00585	0.00310	0.00264	0.00721
1	0.01503	0.03846	0.18391	0.01063	0.01615	0.00963	0.01041	0.01885	0.04077	0.19891	0.01337	0.01378	0.00971	0.00525	0.00483	0.00132	0.00532	0.00418	0.00405	0.39544
2	0.01265	0.15990	0.55876	0.01460	0.02171	0.05939	0.01763	0.01862	0.05500	0.01714	0.01037	0.01182	0.00773	0.00541	0.00506	0.00167	0.00781	0.00406	0.00261	0.00806
3	0.00721	0.00684	0.06792	0.00849	0.00946	0.00525	0.00647	0.00864	0.01086	0.01464	0.02934	0.73555	0.03481	0.01665	0.00704	0.00225	0.00367	0.01505	0.00500	0.00487
4	0.02462	0.00992	0.01336	0.01030	0.01450	0.00896	0.00852	0.05444	0.01622	0.71449	0.02131	0.01868	0.01352	0.00707	0.00614	0.00177	0.03438	0.00561	0.00675	0.00945
5	0.00805	0.00600	0.00892	0.00892	0.00988	0.00697	0.00688	0.00997	0.00901	0.01297	0.01519	0.02275	0.01435	0.07543	0.74708	0.00889	0.01465	0.00612	0.00303	0.00495
6	0.00914	0.00605	0.00768	0.00710	0.00876	0.00546	0.00539	0.01157	0.01546	0.08136	0.59478	0.04209	0.16063	0.01157	0.00656	0.00179	0.00286	0.01008	0.00611	0.00556
7	0.00854	0.00613	0.00843	0.00965	0.01078	0.00603	0.00809	0.01078	0.01258	0.01642	0.04603	0.20702	0.05673	0.01583	0.00760	0.00249	0.00468	0.55194	0.00521	0.00505
8	0.01124	0.01059	0.01999	0.03068	0.01942	0.01015	0.35227	0.01534	0.06908	0.04541	0.07921	0.26904	0.02214	0.00973	0.00669	0.00201	0.00635	0.00983	0.00424	0.00659
9	0.01063	0.01000	0.01688	0.78870	0.03876	0.01250	0.01563	0.01438	0.01125	0.01438	0.01000	0.01500	0.00750	0.00563	0.00563	0.00188	0.00750	0.00500	0.00250	0.00625
10	0.00881	0.00718	0.01052	0.01009	0.01089	0.00888	0.00798	0.01065	0.00901	0.01318	0.01401	0.03850	0.01336	0.03558	0.61948	0.00766	0.15997	0.00606	0.00296	0.00523
11	0.01063	0.01000	0.01688	0.78870	0.03876	0.01250	0.01563	0.01438	0.01125	0.01438	0.01000	0.01500	0.00750	0.00563	0.00563	0.00188	0.00750	0.00500	0.00250	0.00625
12	0.01227	0.02224	0.40822	0.01983	0.02685	0.01364	0.37875	0.01792	0.01257	0.01792	0.01073	0.01351	0.00782	0.00505	0.00599	0.00184	0.00889	0.00538	0.00261	0.00796
13	0.01164	0.00841	0.00929	0.00860	0.01042	0.03148	0.00648	0.18522	0.01609	0.02253	0.20403	0.26535	0.02963	0.01123	0.00604	0.00182	0.00390	0.00970	0.15200	0.00611
14	0.01231	0.01231	0.01724	0.01477	0.01477	0.01724	0.01231	0.01354	0.00862	0.01354	0.00739	0.01231	0.00739	0.00985	0.01847	0.00246	0.79192	0.00492	0.00246	0.00616
15	0.01505	0.80561	0.02949	0.00963	0.01444	0.02227	0.00963	0.01685	0.01143	0.01324	0.00782	0.00903	0.00722	0.00481	0.00361	0.00120	0.00602	0.00301	0.00241	0.00722
16	0.00806	0.00551	0.00666	0.00675	0.00695	0.00566	0.00416	0.00847	0.00852	0.01153	0.01827	0.09113	0.02063	0.61555	0.15376	0.00582	0.00691	0.00840	0.00348	0.00377
17	0.00942	0.00505	0.00726	0.00726	0.00732	0.00511	0.00480	0.00764	0.00757	0.01016	0.01134	0.02047	0.01170	0.14185	0.07150	0.65507	0.00563	0.00547	0.00263	0.00276
18	0.01231	0.01231	0.01724	0.01477	0.01477	0.01724	0.01231	0.01354	0.00862	0.01354	0.00739	0.01231	0.00739	0.00985	0.01847	0.00246	0.79192	0.00492	0.00246	0.00616
19	0.01243	0.00896	0.01041	0.00933	0.01179	0.00948	0.00722	0.02093	0.34546	0.10016	0.35805	0.03032	0.03309	0.00932	0.00613	0.00183	0.00367	0.00802	0.00607	0.00735
20	0.00690	0.00505	0.00649	0.00753	0.00811	0.00464	0.00511	0.00804	0.01136	0.01500	0.08147	0.65923	0.12673	0.01682	0.00708	0.00221	0.00318	0.01512	0.00529	0.00464
21	0.01131	0.00829	0.00922	0.00845	0.00997	0.00905	0.00603	0.10067	0.18894	0.01796	0.01822	0.02720	0.01712	0.36042	0.10418	0.00420	0.00615	0.00687	0.07996	0.00579
22	0.61347	0.06871	0.04076	0.00925	0.01306	0.09019	0.03301	0.01763	0.01079	0.04841	0.00863	0.00989	0.00668	0.00530	0.00391	0.00168	0.00539	0.00336	0.00340	0.00647
23	0.00699	0.00500	0.00665	0.00774	0.00819	0.00466	0.00523	0.00818	0.01140	0.01537	0.12034	0.70638	0.03916	0.01688	0.00712	0.00222	0.00319	0.01529	0.00534	0.00466
24	0.01167	0.01000	0.01167	0.00834	0.01334	0.00750	0.00667	0.01417	0.01167	0.01834	0.01000	0.01167	0.00834	0.00417	0.00417	0.00083	0.00417	0.00333	0.00333	0.83663
25	0.01247	0.00998	0.01175	0.00843	0.01340	0.00755	0.00676	0.01495	0.01193	0.06245	0.01072	0.01211	0.00866	0.00433	0.00426	0.00089	0.00420	0.00347	0.00355	0.78816
26	0.01503	0.01260	0.01331	0.01166	0.01503	0.01448	0.00916	0.13041	0.65476	0.02521	0.02159	0.01995	0.01611	0.00751	0.00571	0.00188	0.00470	0.00618	0.00571	0.00900
27	0.00801	0.00737	0.06332	0.00772	0.00950	0.00577	0.00637	0.01070	0.01491	0.02092	0.58943	0.11740	0.09353	0.01185	0.00660	0.00183	0.00314	0.01044	0.00576	0.00542
28	0.00781	0.00645	0.03539	0.00788	0.00877	0.00558	0.00562	0.00896	0.01051	0.01438	0.06605	0.48395	0.03064	0.19828	0.01211	0.00289	0.02016	0.01238	0.00457	0.05760
29	0.75524	0.01104	0.00896	0.00782	0.01140	0.01260	0.00644	0.05160	0.01076	0.06968	0.00895	0.00994	0.00672	0.00540	0.00371	0.00174	0.00447	0.00330	0.00379	0.00646
30	0.01129	0.02911	0.77306	0.01604	0.02436	0.01307	0.02079	0.01782	0.01188	0.01782	0.01010	0.01188	0.00713	0.00535	0.00535	0.00178	0.00832	0.00416	0.00238	0.00832
31	0.00684	0.00536	0.00620	0.00672	0.00790	0.00472	0.00476	0.00818	0.01220	0.01544	0.10258	0.36999	0.39818	0.01547	0.00688	0.00205	0.00301	0.01349	0.00530	0.00472
32	0.17051	0.00893	0.01075	0.00874	0.01229	0.00834	0.00710	0.02135	0.01459	0.46225	0.12504	0.02368	0.08668	0.00794	0.00549	0.00176	0.00424	0.00637	0.00606	0.00791
33	0.00686	0.00490	0.00653	0.00784	0.00816	0.00457	0.00522	0.00784	0.01077	0.01437	0.03102	0.79855	0.03722	0.01763	0.00718	0.00229	0.00326	0.01600	0.00522	0.00457
34	0.01393	0.01337	0.02284	0.03454	0.76712	0.01337	0.01727	0.01727	0.01281	0.01839	0.01059	0.01393	0.00891	0.00501	0.00557	0.00167	0.00669	0.00501	0.00279	0.00891
35	0.01008	0.00586	0.00860	0.00835	0.00920	0.00626	0.00617	0.01034	0.00893	0.07243	0.01377	0.02063	0.01272	0.06379	0.40078	0.31893	0.01001	0.00566	0.00313	0.00435
36	0.00774	0.00555	0.00681	0.00678	0.00765	0.00519	0.00466	0.00930	0.01273	0.01742	0.38260	0.14391	0.11399	0.23592	0.01293	0.00289	0.00355	0.01057	0.00518	0.00462
37	0.01129	0.02911	0.77306	0.01604	0.02436	0.01307	0.02079	0.01782	0.01188	0.01782	0.01010	0.01188	0.00713	0.00535	0.00535	0.00178	0.00832	0.00416	0.00238	0.00832
38	0.00761	0.00539	0.00719	0.00835	0.00891	0.00519	0.00609	0.00892	0.01110	0.01468	0.02926	0.51479	0.03409	0.10128	0.00965	0.00271	0.00403	0.21115	0.00502	0.00461
39	0.01110	0.00665	0.00896	0.07024	0.01159	0.00641	0.00649	0.01314	0.01359	0.14508	0.34283	0.09870	0.03449	0.15425	0.01049	0.00253	0.00410	0.04828	0.00539	0.00569
40	0.01245	0.01450	0.07393	0.01935	0.02325	0.01430	0.43224	0.01615	0.01208	0.01710	0.07045	0.01631	0.01169	0.00677	0.00992	0.00204	0.23116	0.00628	0.00298	0.00705
41	0.01474	0.01172	0.01252	0.01094	0.01404	0.01321	0.00850	0.13442	0.52665	0.05193	0.02230	0.02244	0.04427	0.07720	0.00775	0.00218	0.00475	0.00651	0.00554	0.00840
42	0.57242	0.01155	0.01341	0.05945	0.10506	0.01280	0.09096	0.01680	0.02272	0.02279	0.00932	0.01188	0.00743	0.00539	0.00433	0.00178	0.00541	0.01652	0.00334	0.00664
43	0.00701	0.00497	0.00655	0.00775	0.00807	0.00468	0.00515	0.00794	0.01061	0.01414	0.02993	0.72307	0.03578	0.08042	0.00891	0.00255	0.00348	0.02943	0.00508	0.00449
44	0.06478	0.01006	0.01145	0.00828	0.01318	0.00783	0.00663	0.01432	0.01154	0.01878	0.00986	0.01151	0.00819	0.00424	0.00412	0.00089	0.00418	0.00332	0.00334	0.78350
45	0.06184	0.00630	0.00773	0.00749	0.00902	0.00603	0.00574	0.01117	0.01430	0.04854	0.45772	0.11212	0.13681	0.01215	0.00673	0.00191	0.01552	0.06781	0.00570	0.00538
46	0.02066	0.00977	0.01187	0.00941	0.01302	0.00943	0.00767	0.17541	0.01718	0.42447	0.01939	0.01843	0.01314	0.00682	0.00521	0.00162	0.00453	0.00543	0.21806	0.00847
47	0.07647	0.00989	0.01272	0.00998	0.01417	0.00907	0.00819	0.02695	0.08239	0.65602	0.02135	0.01868	0.01372	0.00691	0.00553	0.00176	0.00473	0.00556	0.00663	0.00929
48	0.00719	0.00511	0.00660	0.00766	0.00806	0.00483	0.00516	0.00814	0.01060	0.01403	0.02988	0.60824	0.06128	0.13661	0.01046	0.00277	0.00371	0.06028	0.00495	0.00444
49	0.08672	0.01512	0.01711	0.01309	0.01758	0.01654	0.05732	0.61816	0.02391	0.05891	0.01322	0.01346	0.00938	0.00651	0.00552	0.00171	0.00621	0.00503	0.00533	0.00917
50	0.31398	0.01000	0.01104	0.00891	0.01279	0.00996	0.00733	0.04762	0.01390	0.43785	0.01658	0.01551	0.01103	0.00632	0.00479	0.00171	0.00456	0.00469	0.05333	0.00809
51	0.01069	0.00738	0.00844	0.00793	0.00938	0.00757	0.00556	0.01518	0.18858	0.07692	0.12177	0.09041	0.08300	0.32510	0.01513	0.00331	0.00443	0.00868	0.00489	0.00565
52	0.03976	0.00585	0.00734	0.00706	0.00827	0.00554	0.00515	0.01039	0.01454	0.02091	0.60611	0.10087	0.04695	0.08637	0.00864	0.00216	0.00303	0.01018	0.00575	0.00510
53	0.84197	0.01088	0.00827	0.00740	0.01088	0.01262	0.00609	0.01654	0.00958	0.02525	0.00784	0.00914	0.00609	0.00522	0.00348	0.00174	0.00435	0.00305	0.00348	0.00609
54	0.01532	0.01168	0.01396	0.01026	0.01510	0.01044	0.03565	0.20894	0.01596	0.07944	0.01190	0.01285	0.00909	0.00508	0.00476	0.00117	0.00495	0.00409	0.00419	0.52518
55	0.00820	0.00546	0.00681	0.00741	0.00826	0.00505	0.00513	0.00943	0.01121	0.04300	0.04933	0.48382	0.10150	0.10194	0.00911	0.00246	0.00355	0.03978	0.07139	0.02718
56	0.07039	0.01112	0.01706	0.46507	0.11743	0.01292	0.03918	0.09411	0.01307	0.03839	0.01140	0.04379	0.00912	0.00622	0.00590	0.00185	0.02749	0.00536	0.00317	0.00698

[dist]
# distance from previous block
# <min> <max>
3	6

[block]
# block no. 3 follows, 42 sequences, length 20
# corresponding to MSA columns:
# 603,633-651
name=unknown_D
#
# <colnr> <probs for GDERKNQSTAVLIFYWHMCP>
#	G	D	E	R	K	N	Q	S	T	A	V	L	I	F	Y	W	H	M	C	P
0	0.13568	0.13082	0.26560	0.08333	0.06395	0.04879	0.07956	0.01839	0.01223	0.09621	0.01077	0.01244	0.00797	0.00539	0.00500	0.00169	0.00706	0.00431	0.00312	0.00767
1	0.04746	0.13380	0.50772	0.01613	0.02329	0.01453	0.14569	0.01767	0.01197	0.01754	0.00991	0.01195	0.00734	0.00516	0.00525	0.00172	0.00803	0.00439	0.00251	0.00794
2	0.01061	0.00995	0.01684	0.62948	0.03404	0.01199	0.06320	0.01411	0.01130	0.01471	0.01231	0.01803	0.03140	0.03379	0.00691	0.00202	0.03050	0.02074	0.02193	0.00615
3	0.01408	0.07882	0.04303	0.13869	0.18817	0.01222	0.10916	0.03897	0.03028	0.09876	0.01320	0.01572	0.01011	0.00603	0.00587	0.01791	0.02253	0.00517	0.14383	0.00745
4	0.01012	0.02698	0.10613	0.07532	0.03348	0.00843	0.07825	0.01315	0.03467	0.06340	0.06608	0.18035	0.21593	0.04308	0.00724	0.00208	0.00508	0.01973	0.00440	0.00611
5	0.00699	0.00490	0.00657	0.00781	0.00813	0.00459	0.00521	0.00781	0.01062	0.01416	0.03006	0.76345	0.03599	0.01772	0.00785	0.03974	0.00334	0.01550	0.00510	0.00448
6	0.01183	0.00801	0.01165	0.07626	0.07317	0.02557	0.03870	0.01361	0.01224	0.12110	0.11038	0.13677	0.02302	0.04448	0.06342	0.10437	0.00582	0.10932	0.00444	0.00583
7	0.04164	0.08116	0.13393	0.05759	0.10158	0.15874	0.04325	0.06629	0.12202	0.01901	0.01377	0.01518	0.02916	0.00611	0.00516	0.00164	0.00678	0.00486	0.08462	0.00751
8	0.01312	0.01170	0.06151	0.03175	0.13383	0.01096	0.10026	0.09150	0.07522	0.08128	0.16259	0.05719	0.07608	0.00901	0.02223	0.00198	0.04050	0.00733	0.00457	0.00739
9	0.00811	0.00618	0.00892	0.00888	0.00978	0.00713	0.00680	0.00988	0.00919	0.01307	0.01734	0.05706	0.04580	0.09258	0.63185	0.00795	0.04453	0.00680	0.00320	0.00493
10	0.00715	0.00546	0.00650	0.00677	0.00796	0.00488	0.00484	0.00875	0.01296	0.01697	0.25544	0.27685	0.31033	0.03973	0.00751	0.00209	0.00300	0.01252	0.00545	0.00482
11	0.01167	0.01000	0.01167	0.00834	0.01334	0.00750	0.00667	0.01417	0.01167	0.01834	0.01000	0.01167	0.00834	0.00417	0.00417	0.00083	0.00417	0.00333	0.00333	0.83663
12	0.00978	0.00489	0.00733	0.00733	0.00733	0.00489	0.00489	0.00733	0.00733	0.00978	0.00978	0.01711	0.00978	0.01955	0.02199	0.83627	0.00489	0.00489	0.00244	0.00244
13	0.02422	0.00957	0.01289	0.00995	0.01415	0.00840	0.00819	0.04882	0.01642	0.70903	0.06086	0.02018	0.01585	0.00720	0.00571	0.00174	0.00472	0.00588	0.00688	0.00935
14	0.01218	0.01019	0.01140	0.02941	0.06325	0.08415	0.00835	0.07411	0.06920	0.05582	0.08787	0.13149	0.10941	0.01468	0.11084	0.00286	0.04976	0.03774	0.03093	0.00636
15	0.01181	0.04366	0.03518	0.58624	0.10378	0.01340	0.04376	0.05174	0.01221	0.01597	0.01015	0.01447	0.00776	0.00563	0.00581	0.00183	0.02215	0.00497	0.00269	0.00680
16	0.01844	0.01065	0.04511	0.01060	0.01406	0.04884	0.03809	0.02088	0.01500	0.41994	0.13817	0.02641	0.06531	0.00859	0.00665	0.00184	0.04444	0.05329	0.00583	0.00787
17	0.46962	0.01213	0.01129	0.04834	0.01400	0.04462	0.00792	0.16257	0.01367	0.08090	0.01069	0.01266	0.00829	0.04767	0.00608	0.00195	0.03250	0.00410	0.00406	0.00693
18	0.09719	0.01266	0.04968	0.22353	0.25601	0.01299	0.09215	0.04673	0.01270	0.05628	0.03651	0.01490	0.00985	0.00583	0.00622	0.00181	0.04907	0.00516	0.00320	0.00755
19	0.05191	0.05686	0.09428	0.11781	0.18579	0.06117	0.20026	0.03368	0.01306	0.08556	0.01128	0.01388	0.00856	0.00549	0.00609	0.00177	0.03647	0.00512	0.00317	0.00779

[dist]
# distance from previous block
# <min> <max>
1	15

[block]
# block no. 4 follows, 42 sequences, length 30
# corresponding to MSA columns:
# 667-696
name=unknown_E
#
# <colnr> <probs for GDERKNQSTAVLIFYWHMCP>
#	G	D	E	R	K	N	Q	S	T	A	V	L	I	F	Y	W	H	M	C	P
0	0.11165	0.01100	0.01399	0.08054	0.07757	0.02979	0.03295	0.05814	0.04033	0.08505	0.09874	0.01693	0.01415	0.00679	0.00699	0.00167	0.11593	0.00519	0.03066	0.16196
1	0.01421	0.01009	0.01207	0.05713	0.04139	0.01007	0.00787	0.21210	0.01511	0.07757	0.01497	0.04852	0.01338	0.19486	0.02814	0.00258	0.00550	0.00589	0.04081	0.18773
2	0.00696	0.00493	0.00653	0.00773	0.00811	0.00459	0.00517	0.00783	0.01073	0.01423	0.03125	0.74108	0.06443	0.01757	0.00770	0.03280	0.00331	0.01543	0.00512	0.00450
3	0.00878	0.00682	0.00943	0.01014	0.01088	0.00748	0.00819	0.01057	0.01149	0.01543	0.02672	0.32129	0.03021	0.01541	0.00924	0.00246	0.12790	0.35768	0.00477	0.00511
4	0.01766	0.01790	0.06264	0.01225	0.01557	0.33733	0.05449	0.04750	0.05785	0.11286	0.01386	0.01493	0.01046	0.00617	0.00506	0.00154	0.00712	0.00468	0.19309	0.00705
5	0.00797	0.00587	0.00736	0.00697	0.00832	0.00545	0.00517	0.01064	0.03186	0.02110	0.62659	0.04255	0.12657	0.05946	0.00795	0.00201	0.00289	0.01015	0.00591	0.00522
6	0.00905	0.00686	0.00985	0.05686	0.01198	0.00766	0.00769	0.01067	0.00989	0.01391	0.04248	0.02744	0.01685	0.07693	0.36800	0.09035	0.06536	0.10977	0.00336	0.05506
7	0.00822	0.00589	0.00875	0.00875	0.00962	0.00675	0.00667	0.00970	0.00884	0.01265	0.01465	0.02220	0.01390	0.07083	0.67299	0.09227	0.01366	0.00600	0.00297	0.00470
8	0.01152	0.07661	0.72758	0.01565	0.02375	0.01363	0.02011	0.01776	0.01185	0.01754	0.00996	0.01171	0.00713	0.00531	0.00524	0.00175	0.00818	0.00409	0.00238	0.00825
9	0.01305	0.01763	0.26265	0.18611	0.17780	0.02726	0.08709	0.01784	0.03634	0.07042	0.01197	0.03177	0.00920	0.00583	0.00588	0.00181	0.02124	0.00520	0.00304	0.00788
10	0.01157	0.02340	0.55314	0.01452	0.02074	0.01260	0.01726	0.05062	0.01183	0.01760	0.01052	0.01316	0.00804	0.00875	0.04985	0.05261	0.08273	0.00445	0.02907	0.00754
11	0.00816	0.00536	0.00677	0.00699	0.00719	0.00544	0.00442	0.00826	0.00863	0.01164	0.01855	0.16327	0.02098	0.45415	0.12636	0.12153	0.00631	0.00878	0.00353	0.00369
12	0.01291	0.24298	0.41466	0.01448	0.03435	0.01635	0.03017	0.04226	0.01189	0.01662	0.00927	0.01130	0.00733	0.00580	0.00657	0.00170	0.10703	0.00403	0.00253	0.00778
13	0.01351	0.01438	0.12208	0.01348	0.06137	0.01350	0.01117	0.04365	0.54722	0.02233	0.02048	0.02140	0.01589	0.00756	0.00577	0.00191	0.00522	0.04540	0.00504	0.00864
14	0.01266	0.21014	0.01667	0.01018	0.05202	0.03001	0.00807	0.01498	0.01163	0.01666	0.00973	0.01165	0.00837	0.00649	0.04647	0.00143	0.00550	0.00349	0.00305	0.52078
15	0.00692	0.00518	0.00646	0.00743	0.00821	0.00472	0.00519	0.00810	0.01141	0.01471	0.03748	0.57246	0.21981	0.01667	0.00708	0.00220	0.00326	0.05283	0.00522	0.00465
16	0.05090	0.21287	0.29009	0.01374	0.03456	0.03942	0.06899	0.05890	0.01345	0.13365	0.02593	0.01308	0.00931	0.00562	0.00502	0.00162	0.00693	0.00441	0.00345	0.00806
17	0.01374	0.18642	0.37081	0.01399	0.04330	0.05555	0.03957	0.01787	0.01252	0.09253	0.03067	0.07496	0.01143	0.00651	0.00523	0.00168	0.00703	0.00523	0.00322	0.00774
18	0.00723	0.00511	0.00665	0.00765	0.00804	0.00484	0.00514	0.00824	0.01080	0.01446	0.07323	0.60374	0.03543	0.13511	0.01040	0.00275	0.00365	0.04807	0.00501	0.00447
19	0.01063	0.01000	0.01688	0.78870	0.03876	0.01250	0.01563	0.01438	0.01125	0.01438	0.01000	0.01500	0.00750	0.00563	0.00563	0.00188	0.00750	0.00500	0.00250	0.00625
20	0.01539	0.09127	0.09552	0.11953	0.11883	0.02902	0.12071	0.08148	0.06436	0.13764	0.01442	0.06214	0.01141	0.00648	0.00564	0.00176	0.00668	0.00580	0.00393	0.00799
21	0.01251	0.03876	0.06339	0.54019	0.11429	0.01299	0.01522	0.04275	0.01227	0.06203	0.01082	0.01464	0.00809	0.00573	0.00581	0.00182	0.02384	0.00493	0.00291	0.00703
22	0.00687	0.00504	0.00651	0.00761	0.00816	0.00468	0.00517	0.00794	0.01097	0.01442	0.03369	0.67935	0.12670	0.01806	0.03383	0.00247	0.00362	0.01514	0.00515	0.00461
23	0.21790	0.01512	0.01483	0.12368	0.07525	0.20691	0.04500	0.06155	0.01335	0.06752	0.01062	0.01267	0.00820	0.00592	0.00559	0.00170	0.04881	0.00431	0.05418	0.00689
24	0.00702	0.00561	0.00620	0.00637	0.00786	0.00490	0.00467	0.00851	0.01269	0.01585	0.13949	0.15413	0.50620	0.05743	0.00797	0.00216	0.00312	0.03984	0.00525	0.00474
25	0.01096	0.01929	0.40673	0.05438	0.06813	0.01107	0.04052	0.01647	0.06348	0.03214	0.09148	0.11166	0.03391	0.00781	0.00583	0.00185	0.00657	0.00673	0.00354	0.00745
26	0.01128	0.00865	0.01091	0.00884	0.01220	0.00746	0.03036	0.01494	0.07572	0.06586	0.24407	0.05008	0.03708	0.00794	0.00550	0.00143	0.00393	0.03598	0.00478	0.36301
27	0.02277	0.00950	0.01274	0.00984	0.01404	0.00828	0.00808	0.03784	0.01541	0.63688	0.02042	0.01852	0.01332	0.00895	0.05520	0.00212	0.00541	0.00545	0.00634	0.08887
28	0.01227	0.01108	0.01194	0.00873	0.01360	0.05705	0.00694	0.01470	0.01194	0.01804	0.00992	0.01157	0.00827	0.00427	0.00423	0.00087	0.00455	0.00335	0.00331	0.78335
29	0.01286	0.01178	0.06823	0.03152	0.12876	0.00990	0.05006	0.06762	0.05299	0.06770	0.07293	0.03209	0.07712	0.00747	0.02287	0.00165	0.00541	0.00579	0.00406	0.26918

[dist]
# distance from previous block
# <min> <max>
0	17

# created by:
# /home/berkeley/.conda/envs/busco_data_prod/bin/msa2prfl.pl pipeline/OGs_align_augustus/33634/5646.fs
