[name]
unknown

[dist]
# distance from previous block
# <min> <max>
0	460

[block]
# block no. 0 follows, 47 sequences, length 42
# corresponding to MSA columns:
# 476-517
name=unknown_A
#
# <colnr> <probs for GDERKNQSTAVLIFYWHMCP>
#	G	D	E	R	K	N	Q	S	T	A	V	L	I	F	Y	W	H	M	C	P
0	0.04960	0.00849	0.01046	0.00939	0.01185	0.00877	0.06259	0.01690	0.27899	0.04697	0.06072	0.09262	0.18951	0.00978	0.00578	0.00182	0.00406	0.09772	0.00481	0.02917
1	0.19556	0.03990	0.00934	0.00852	0.01028	0.00874	0.00674	0.01361	0.08249	0.07463	0.03118	0.28381	0.02114	0.01080	0.00638	0.00194	0.06319	0.12183	0.00436	0.00557
2	0.01326	0.08844	0.02048	0.05931	0.57923	0.01338	0.01433	0.06011	0.06874	0.01768	0.01053	0.01296	0.00865	0.00492	0.00500	0.00153	0.00598	0.00456	0.00289	0.00803
3	0.00634	0.00453	0.00604	0.00725	0.00755	0.00423	0.00483	0.00725	0.00997	0.01329	0.02870	0.81358	0.03444	0.01632	0.00665	0.00211	0.00302	0.01480	0.00483	0.00423
4	0.01464	0.01027	0.01199	0.00883	0.01327	0.00892	0.00716	0.16811	0.01423	0.14369	0.01172	0.01225	0.00877	0.00476	0.00435	0.00107	0.00433	0.00376	0.00405	0.54381
5	0.09068	0.01210	0.02439	0.01795	0.02225	0.01155	0.56355	0.01513	0.01192	0.01729	0.06892	0.09338	0.01332	0.00606	0.00592	0.00177	0.00730	0.00692	0.00313	0.00646
6	0.00634	0.00453	0.00604	0.00725	0.00755	0.00423	0.00483	0.00725	0.00997	0.01329	0.02870	0.81358	0.03444	0.01632	0.00665	0.00211	0.00302	0.01480	0.00483	0.00423
7	0.01229	0.01405	0.03073	0.02195	0.02722	0.01317	0.76558	0.01668	0.01229	0.01668	0.01054	0.01405	0.00790	0.00439	0.00615	0.00176	0.00878	0.00615	0.00263	0.00702
8	0.01945	0.02482	0.01476	0.01342	0.01610	0.79608	0.01006	0.02079	0.01476	0.01275	0.00805	0.00939	0.00671	0.00537	0.00470	0.00134	0.00939	0.00335	0.00268	0.00604
9	0.00752	0.00560	0.00791	0.03276	0.05420	0.00550	0.00678	0.00904	0.01060	0.01406	0.02608	0.47166	0.02997	0.05430	0.00767	0.00230	0.00397	0.24091	0.00453	0.00463
10	0.00763	0.00512	0.00584	0.00577	0.00707	0.00471	0.00429	0.00965	0.01252	0.01805	0.31040	0.09360	0.23777	0.01046	0.00547	0.00159	0.00254	0.00895	0.24387	0.00471
11	0.01274	0.01222	0.02087	0.06880	0.74880	0.01234	0.01591	0.01585	0.01179	0.01684	0.00977	0.01294	0.00819	0.00467	0.00516	0.00156	0.00622	0.00464	0.00257	0.00813
12	0.00983	0.00926	0.01562	0.80447	0.03587	0.01157	0.01446	0.01331	0.01041	0.01331	0.00926	0.01388	0.00694	0.00521	0.00521	0.00174	0.00694	0.00463	0.00231	0.00579
13	0.01447	0.77323	0.02641	0.00893	0.01336	0.01986	0.00884	0.01616	0.01083	0.05709	0.00801	0.00890	0.00704	0.00457	0.00345	0.00114	0.00550	0.00293	0.00247	0.00681
14	0.01149	0.00953	0.01137	0.00880	0.04149	0.00745	0.00670	0.03729	0.01138	0.03768	0.00967	0.01111	0.00791	0.00403	0.00398	0.00085	0.00402	0.00325	0.00322	0.76877
15	0.01274	0.11989	0.18858	0.01098	0.01516	0.01074	0.08048	0.08897	0.01324	0.13302	0.06837	0.09443	0.12585	0.00780	0.00533	0.00163	0.00533	0.00663	0.00403	0.00681
16	0.43969	0.00917	0.00944	0.00794	0.01129	0.00947	0.00654	0.01889	0.01172	0.33078	0.05048	0.01598	0.01177	0.00621	0.00436	0.00165	0.00415	0.03890	0.00471	0.00686
17	0.00744	0.00558	0.00837	0.00837	0.00930	0.00651	0.00651	0.00930	0.00837	0.01209	0.01395	0.02046	0.01302	0.03906	0.79635	0.00837	0.01395	0.00558	0.00279	0.00465
18	0.01165	0.01193	0.06275	0.36443	0.21192	0.01245	0.07677	0.07569	0.01196	0.01622	0.01063	0.01406	0.02609	0.00555	0.00615	0.00171	0.06567	0.00486	0.00269	0.00681
19	0.01386	0.24679	0.29913	0.01191	0.01733	0.02597	0.03471	0.10053	0.06730	0.08205	0.01154	0.01222	0.01972	0.00531	0.00459	0.00147	0.00622	0.00405	0.00320	0.03209
20	0.01164	0.29978	0.52764	0.01280	0.01938	0.01502	0.01569	0.01618	0.01085	0.01503	0.00862	0.01009	0.00663	0.00478	0.00440	0.00147	0.00696	0.00348	0.00221	0.00735
21	0.00753	0.00523	0.00661	0.00661	0.00692	0.00555	0.00431	0.00817	0.00785	0.01078	0.01556	0.02939	0.01690	0.54939	0.29132	0.00619	0.00811	0.00689	0.00303	0.00367
22	0.01017	0.12314	0.11885	0.11465	0.12450	0.02788	0.03850	0.01290	0.01110	0.01470	0.02706	0.19818	0.01757	0.00902	0.00559	0.00180	0.00558	0.12940	0.00336	0.00604
23	0.01447	0.00933	0.01482	0.01226	0.01541	0.00898	0.17153	0.05522	0.06935	0.24464	0.02065	0.06186	0.01827	0.00902	0.00613	0.00193	0.00547	0.24887	0.00487	0.00691
24	0.01185	0.01335	0.02891	0.02086	0.02577	0.01251	0.70944	0.01599	0.01212	0.01643	0.01188	0.07306	0.00986	0.00527	0.00618	0.00178	0.00835	0.00678	0.00280	0.00682
25	0.00849	0.00668	0.00950	0.00919	0.02313	0.00692	0.05599	0.05213	0.02565	0.01475	0.07220	0.33921	0.08403	0.05726	0.09452	0.06529	0.05626	0.00988	0.00408	0.00482
26	0.01063	0.04960	0.05262	0.55137	0.08623	0.04466	0.03644	0.01385	0.01069	0.01373	0.01009	0.05308	0.00840	0.00578	0.00556	0.00171	0.03203	0.00500	0.00247	0.00607
27	0.01200	0.01160	0.01646	0.28594	0.02244	0.06349	0.06770	0.01502	0.05418	0.04452	0.00939	0.01303	0.00771	0.00696	0.01025	0.00194	0.34386	0.00473	0.00268	0.00612
28	0.00726	0.00510	0.00659	0.00686	0.00722	0.00532	0.00457	0.00804	0.00835	0.01142	0.01836	0.20197	0.02052	0.39895	0.26085	0.00543	0.00736	0.00855	0.00341	0.00386
29	0.01151	0.01886	0.33189	0.03923	0.08452	0.12798	0.11451	0.01540	0.01183	0.01557	0.03425	0.10396	0.03461	0.00683	0.00541	0.00169	0.00706	0.02529	0.00290	0.00671
30	0.01944	0.01337	0.01466	0.01143	0.01543	0.01457	0.00938	0.57188	0.11643	0.13669	0.01470	0.01409	0.01029	0.00638	0.00522	0.00159	0.00535	0.00491	0.00539	0.00878
31	0.01071	0.02441	0.66944	0.01470	0.02170	0.01188	0.06117	0.04732	0.01157	0.01700	0.01064	0.05664	0.00834	0.00561	0.00512	0.00168	0.00741	0.00464	0.00250	0.00751
32	0.00720	0.00496	0.00636	0.00679	0.00752	0.00487	0.00480	0.00866	0.01053	0.01490	0.14824	0.35226	0.07240	0.07899	0.13864	0.00317	0.00480	0.01037	0.11013	0.00442
33	0.13039	0.01662	0.25668	0.01479	0.03947	0.01212	0.20113	0.09237	0.01292	0.13829	0.01135	0.01266	0.00804	0.00524	0.00537	0.00167	0.02536	0.00462	0.00342	0.00751
34	0.00637	0.00515	0.00569	0.00596	0.00735	0.00446	0.00439	0.00773	0.01168	0.01447	0.10041	0.21297	0.53831	0.01372	0.00630	0.00185	0.00279	0.04108	0.00490	0.00441
35	0.00701	0.00481	0.00585	0.00640	0.00654	0.00467	0.00392	0.00743	0.00867	0.01156	0.02203	0.39077	0.02603	0.45061	0.01742	0.00371	0.00412	0.01088	0.00392	0.00365
36	0.01141	0.04510	0.11508	0.16449	0.18321	0.01021	0.01175	0.03233	0.05746	0.07808	0.01603	0.19817	0.01525	0.00809	0.00548	0.00175	0.00545	0.03037	0.00359	0.00668
37	0.00661	0.00477	0.00631	0.00745	0.00796	0.00448	0.00526	0.00774	0.01036	0.01365	0.03000	0.66644	0.07885	0.01587	0.00669	0.00213	0.00324	0.11307	0.00483	0.00432
38	0.01650	0.01542	0.02045	0.04211	0.10470	0.17167	0.24842	0.18172	0.01553	0.09947	0.01131	0.01297	0.00837	0.00535	0.00563	0.00160	0.02280	0.00492	0.00358	0.00749
39	0.01161	0.06908	0.01208	0.00787	0.01246	0.00798	0.00644	0.01387	0.01097	0.05256	0.00963	0.01094	0.00788	0.00402	0.00388	0.00084	0.00401	0.00316	0.00318	0.74752
40	0.11253	0.06032	0.01393	0.01054	0.01413	0.06950	0.03113	0.27426	0.15099	0.08943	0.03671	0.02996	0.01148	0.00621	0.00484	0.00153	0.00518	0.00482	0.01622	0.05627
41	0.06534	0.01410	0.09071	0.07328	0.35669	0.06990	0.04482	0.07573	0.01302	0.11479	0.01097	0.01285	0.00832	0.00520	0.00528	0.00159	0.02191	0.00450	0.00326	0.00774

[dist]
# distance from previous block
# <min> <max>
3	22

[block]
# block no. 1 follows, 47 sequences, length 15
# corresponding to MSA columns:
# 540-554
name=unknown_B
#
# <colnr> <probs for GDERKNQSTAVLIFYWHMCP>
#	G	D	E	R	K	N	Q	S	T	A	V	L	I	F	Y	W	H	M	C	P
0	0.04196	0.06861	0.07450	0.23350	0.05006	0.01334	0.05813	0.05609	0.01122	0.10760	0.01002	0.01278	0.00775	0.00632	0.00827	0.00180	0.22386	0.00453	0.00300	0.00666
1	0.00755	0.00524	0.00609	0.00633	0.00656	0.00526	0.00384	0.00854	0.04821	0.01151	0.01974	0.22845	0.02266	0.57430	0.02043	0.00414	0.00449	0.00930	0.00369	0.00369
2	0.36601	0.01077	0.07853	0.03540	0.01205	0.03474	0.00737	0.04722	0.03498	0.05946	0.17853	0.01994	0.08202	0.00704	0.00462	0.00163	0.00427	0.00539	0.00407	0.00596
3	0.01468	0.01947	0.43934	0.07173	0.02016	0.03860	0.01474	0.01895	0.01216	0.25012	0.01260	0.01321	0.00855	0.00560	0.00551	0.00166	0.03731	0.00434	0.00352	0.00777
4	0.00634	0.00453	0.00604	0.00725	0.00755	0.00423	0.00483	0.00725	0.00997	0.01329	0.02870	0.81358	0.03444	0.01632	0.00665	0.00211	0.00302	0.01480	0.00483	0.00423
5	0.00792	0.00546	0.00681	0.00673	0.00813	0.00493	0.00511	0.00984	0.01311	0.06194	0.37978	0.14812	0.23572	0.01216	0.00625	0.00180	0.00289	0.07306	0.00534	0.00490
6	0.01406	0.01367	0.01949	0.01511	0.01903	0.07887	0.29330	0.14535	0.26183	0.02056	0.01569	0.03217	0.03344	0.00614	0.00560	0.00170	0.00652	0.00590	0.00404	0.00751
7	0.00757	0.00505	0.00568	0.00568	0.00568	0.00505	0.00316	0.00757	0.00757	0.01010	0.01641	0.03408	0.01893	0.81698	0.02651	0.00505	0.00505	0.00757	0.00316	0.00316
8	0.00998	0.00582	0.00749	0.00755	0.00897	0.00534	0.00558	0.01180	0.03523	0.16216	0.09631	0.42442	0.12904	0.01313	0.00626	0.00194	0.00333	0.05507	0.00523	0.00535
9	0.08952	0.01168	0.01290	0.01016	0.01390	0.01239	0.00833	0.39870	0.06531	0.23328	0.01512	0.01455	0.01046	0.00622	0.00493	0.00156	0.00487	0.00477	0.07312	0.00823
10	0.01596	0.01064	0.01560	0.01263	0.01454	0.01262	0.06603	0.01767	0.01090	0.30452	0.01227	0.01397	0.00919	0.00776	0.01182	0.00199	0.44610	0.00493	0.00387	0.00699
11	0.00819	0.00619	0.00767	0.00715	0.00863	0.00610	0.00540	0.01246	0.12674	0.02102	0.66972	0.03603	0.04424	0.01012	0.00602	0.00166	0.00270	0.00890	0.00567	0.00540
12	0.01950	0.00973	0.01196	0.00940	0.01293	0.00946	0.00768	0.22543	0.01727	0.43635	0.11813	0.01918	0.01658	0.00692	0.00526	0.00158	0.00441	0.00561	0.05452	0.00811
13	0.01579	0.01353	0.01631	0.03210	0.15603	0.07159	0.06132	0.30078	0.15574	0.03699	0.03632	0.01454	0.01100	0.00591	0.00520	0.00156	0.00581	0.00497	0.00426	0.05024
14	0.01352	0.00895	0.00987	0.00905	0.04610	0.00953	0.00673	0.30458	0.01615	0.02404	0.01579	0.07545	0.01294	0.00683	0.00454	0.00143	0.00393	0.00552	0.41853	0.00652

[dist]
# distance from previous block
# <min> <max>
4	7

[block]
# block no. 2 follows, 47 sequences, length 16
# corresponding to MSA columns:
# 575-590
name=unknown_C
#
# <colnr> <probs for GDERKNQSTAVLIFYWHMCP>
#	G	D	E	R	K	N	Q	S	T	A	V	L	I	F	Y	W	H	M	C	P
0	0.08303	0.00831	0.00954	0.00891	0.01107	0.00873	0.00712	0.15447	0.09367	0.08269	0.07140	0.18334	0.02219	0.01024	0.00572	0.00186	0.00414	0.16696	0.06037	0.00621
1	0.04303	0.18186	0.10950	0.01297	0.11553	0.04807	0.01040	0.04264	0.06368	0.25463	0.05718	0.01481	0.01186	0.00579	0.00476	0.00150	0.00541	0.00458	0.00412	0.00769
2	0.01376	0.16050	0.13455	0.17112	0.06305	0.03854	0.03658	0.09873	0.04342	0.09247	0.01190	0.01432	0.02051	0.00588	0.00560	0.00161	0.05264	0.02445	0.00326	0.00711
3	0.00718	0.00515	0.00619	0.00619	0.00688	0.00497	0.00414	0.00821	0.01023	0.01373	0.20310	0.10273	0.15085	0.35930	0.08557	0.00376	0.00467	0.00900	0.00414	0.00400
4	0.07812	0.00867	0.01038	0.00791	0.01181	0.00727	0.00638	0.01696	0.01225	0.26664	0.06447	0.01522	0.01230	0.00534	0.00439	0.00119	0.00388	0.00428	0.05316	0.40937
5	0.02787	0.10619	0.08989	0.04374	0.04472	0.07662	0.12586	0.03911	0.11826	0.07361	0.04419	0.06902	0.02532	0.00654	0.00514	0.00157	0.00587	0.02373	0.00366	0.06910
6	0.01086	0.09755	0.05875	0.01361	0.08609	0.01033	0.18161	0.03786	0.05371	0.04598	0.02310	0.13077	0.17289	0.00866	0.00570	0.00173	0.00537	0.04531	0.00380	0.00630
7	0.00669	0.00481	0.00595	0.00661	0.00733	0.00442	0.00456	0.00794	0.01092	0.01470	0.13451	0.49656	0.16680	0.04567	0.00709	0.00205	0.00292	0.01254	0.05360	0.00435
8	0.00765	0.00594	0.00778	0.00907	0.06908	0.00560	0.00636	0.00942	0.01170	0.01524	0.13619	0.13410	0.24712	0.08476	0.00825	0.00225	0.00378	0.22634	0.00462	0.00476
9	0.19728	0.08671	0.05895	0.01339	0.11067	0.14305	0.04305	0.09140	0.01278	0.08917	0.01064	0.03346	0.00855	0.00650	0.02492	0.00172	0.03637	0.00425	0.02031	0.00684
10	0.00645	0.00469	0.00610	0.00713	0.00764	0.00434	0.00489	0.00752	0.01043	0.01379	0.06482	0.68335	0.10133	0.01571	0.00660	0.00207	0.00303	0.04095	0.00487	0.00430
11	0.00653	0.00467	0.00624	0.00734	0.00776	0.00438	0.00505	0.00763	0.01040	0.01393	0.07862	0.71843	0.03516	0.01583	0.00665	0.00210	0.00309	0.05700	0.00489	0.00431
12	0.01165	0.08707	0.21032	0.15318	0.06381	0.07482	0.03390	0.03208	0.01187	0.05044	0.08647	0.10478	0.01440	0.00703	0.00564	0.00166	0.03533	0.00584	0.00320	0.00649
13	0.22756	0.16035	0.16372	0.02765	0.10980	0.13325	0.04632	0.01701	0.04084	0.01714	0.00881	0.01039	0.00702	0.00492	0.00428	0.00150	0.00636	0.00362	0.00273	0.00676
14	0.03190	0.01439	0.04943	0.03791	0.14384	0.15164	0.03501	0.08466	0.01194	0.01592	0.00979	0.01449	0.00877	0.00817	0.03430	0.00205	0.28889	0.04754	0.00286	0.00652
15	0.17347	0.01010	0.04975	0.02705	0.03172	0.00987	0.00807	0.14565	0.01310	0.18238	0.01334	0.01501	0.01011	0.01388	0.19980	0.00322	0.00707	0.00457	0.04212	0.03970

[dist]
# distance from previous block
# <min> <max>
0	47

[block]
# block no. 3 follows, 47 sequences, length 38
# corresponding to MSA columns:
# 638-661,663-676
name=unknown_D
#
# <colnr> <probs for GDERKNQSTAVLIFYWHMCP>
#	G	D	E	R	K	N	Q	S	T	A	V	L	I	F	Y	W	H	M	C	P
0	0.01294	0.17813	0.04576	0.00938	0.01206	0.11976	0.01614	0.01506	0.04073	0.12889	0.01811	0.31218	0.01841	0.00942	0.00524	0.00164	0.00498	0.00794	0.00405	0.03917
1	0.01198	0.01041	0.03409	0.00981	0.01231	0.11961	0.08070	0.02944	0.04455	0.11056	0.40761	0.02812	0.06204	0.00850	0.00574	0.00161	0.00459	0.00741	0.00491	0.00602
2	0.00660	0.00475	0.00631	0.00747	0.00794	0.00446	0.00525	0.00771	0.01031	0.01362	0.02956	0.68582	0.06511	0.01594	0.00670	0.00214	0.00323	0.10795	0.00483	0.00431
3	0.01221	0.15688	0.19436	0.01326	0.01647	0.07630	0.05708	0.01482	0.01012	0.01395	0.02305	0.01129	0.00766	0.00665	0.00969	0.00177	0.33546	0.00414	0.00240	0.03245
4	0.01232	0.00983	0.01339	0.21681	0.01950	0.00925	0.04161	0.07903	0.01228	0.07723	0.01079	0.01327	0.00841	0.00482	0.00459	0.00123	0.00510	0.01700	0.00334	0.44021
5	0.01358	0.40970	0.22032	0.01076	0.01589	0.01615	0.01139	0.06913	0.08231	0.04829	0.01009	0.01086	0.00797	0.00500	0.00417	0.00135	0.00586	0.00359	0.00293	0.05066
6	0.00734	0.00566	0.00680	0.00707	0.00821	0.00546	0.00508	0.01034	0.10077	0.01639	0.22677	0.37198	0.18223	0.01316	0.00626	0.00188	0.00293	0.01163	0.00512	0.00491
7	0.00983	0.00926	0.01562	0.80447	0.03587	0.01157	0.01446	0.01331	0.01041	0.01331	0.00926	0.01388	0.00694	0.00521	0.00521	0.00174	0.00694	0.00463	0.00231	0.00579
8	0.01123	0.00959	0.01548	0.09388	0.43077	0.00961	0.01197	0.01378	0.01175	0.05726	0.05283	0.13564	0.07937	0.00786	0.00559	0.00171	0.00518	0.03614	0.00351	0.00686
9	0.01446	0.01148	0.01389	0.01363	0.11757	0.04164	0.04532	0.10030	0.37062	0.10012	0.06260	0.01817	0.01495	0.00656	0.00526	0.00165	0.00485	0.00561	0.04348	0.00788
10	0.00713	0.00490	0.00592	0.00662	0.00739	0.00462	0.00460	0.00880	0.03078	0.01505	0.06427	0.51500	0.13085	0.01359	0.00599	0.00188	0.00287	0.01206	0.15318	0.00450
11	0.00920	0.00570	0.00741	0.00683	0.00832	0.00519	0.00513	0.01138	0.01410	0.11241	0.58904	0.07806	0.07320	0.04244	0.00687	0.00180	0.00284	0.00919	0.00563	0.00526
12	0.01366	0.01357	0.02479	0.02101	0.15522	0.01374	0.42676	0.14686	0.03868	0.01941	0.01083	0.01357	0.00831	0.00518	0.00656	0.00172	0.06400	0.00551	0.00313	0.00750
13	0.01998	0.01019	0.01237	0.00966	0.01332	0.01003	0.00791	0.26650	0.01779	0.42731	0.08427	0.01797	0.01477	0.00673	0.00521	0.00157	0.00456	0.00540	0.05619	0.00828
14	0.00745	0.00478	0.00630	0.00722	0.00777	0.00445	0.00491	0.00851	0.01029	0.05510	0.02757	0.72391	0.03204	0.01518	0.00639	0.00203	0.00306	0.01370	0.05480	0.00451
15	0.05750	0.00577	0.00627	0.00628	0.00797	0.00529	0.00490	0.00919	0.02563	0.01627	0.18618	0.04607	0.48232	0.01225	0.00610	0.00181	0.00300	0.10761	0.00491	0.00469
16	0.00645	0.00461	0.00617	0.00738	0.00773	0.00432	0.00502	0.00744	0.01008	0.01342	0.02864	0.77321	0.03420	0.01621	0.00668	0.00213	0.00312	0.05410	0.00483	0.00426
17	0.00849	0.00560	0.00771	0.00867	0.00970	0.00542	0.00698	0.01030	0.01139	0.06052	0.02759	0.34596	0.03067	0.01466	0.00687	0.00224	0.00409	0.42340	0.00491	0.00482
18	0.00983	0.00903	0.01507	0.76333	0.03433	0.01122	0.01391	0.01325	0.01044	0.01362	0.00965	0.01417	0.00727	0.00525	0.00513	0.00171	0.00671	0.00464	0.04572	0.00574
19	0.01951	0.02307	0.01491	0.01317	0.01611	0.66304	0.01003	0.14810	0.01642	0.01617	0.00881	0.00992	0.00707	0.00552	0.00478	0.00138	0.00877	0.00358	0.00311	0.00652
20	0.01148	0.01097	0.01847	0.36701	0.41924	0.01221	0.01509	0.01464	0.01103	0.01517	0.00941	0.01324	0.00761	0.00512	0.00579	0.00167	0.04774	0.00463	0.00245	0.00705
21	0.62803	0.01205	0.00967	0.00922	0.05099	0.11583	0.00693	0.01694	0.01032	0.08735	0.00863	0.00961	0.00654	0.00503	0.00369	0.00157	0.00489	0.00319	0.00339	0.00610
22	0.00953	0.00627	0.00913	0.05642	0.03453	0.00597	0.03637	0.01137	0.01201	0.11657	0.18885	0.36739	0.06111	0.01208	0.00621	0.00189	0.00372	0.05028	0.00493	0.00535
23	0.00774	0.00534	0.00659	0.00671	0.00801	0.00480	0.00498	0.00939	0.01238	0.06227	0.25873	0.25852	0.26288	0.01298	0.00630	0.00185	0.00293	0.05759	0.00520	0.00480
24	0.01280	0.41170	0.19820	0.01214	0.05315	0.04839	0.05483	0.01576	0.01104	0.01436	0.00834	0.00987	0.00695	0.00453	0.00408	0.00126	0.00620	0.00337	0.00240	0.12064
25	0.01451	0.00886	0.01090	0.00826	0.01224	0.00727	0.00662	0.04780	0.01285	0.25025	0.06893	0.05187	0.01351	0.00580	0.00462	0.00118	0.00397	0.00479	0.00446	0.46130
26	0.00807	0.00620	0.00757	0.00751	0.00901	0.00593	0.02727	0.01126	0.11837	0.04465	0.06495	0.35257	0.29087	0.01298	0.00620	0.00189	0.00324	0.01140	0.00493	0.00514
27	0.01102	0.09232	0.06451	0.09898	0.06124	0.01087	0.02337	0.01723	0.23012	0.01782	0.12005	0.06054	0.01707	0.00676	0.00502	0.00152	0.00467	0.00576	0.02034	0.13081
28	0.00663	0.00476	0.00632	0.00724	0.00777	0.00445	0.00504	0.00788	0.01090	0.01467	0.15109	0.62837	0.05121	0.01522	0.00659	0.00205	0.00303	0.05743	0.00498	0.00438
29	0.00680	0.00522	0.00736	0.00794	0.00874	0.00485	0.04150	0.00807	0.01051	0.01377	0.03066	0.60901	0.12411	0.01518	0.00662	0.00208	0.00342	0.08499	0.00473	0.00444
30	0.01285	0.01580	0.19697	0.06947	0.35700	0.01278	0.07301	0.09808	0.07857	0.01876	0.01099	0.01312	0.00849	0.00511	0.00521	0.00162	0.00655	0.00469	0.00300	0.00795
31	0.00788	0.00598	0.00836	0.00854	0.00948	0.00581	0.05078	0.07428	0.01138	0.01520	0.02620	0.69570	0.03062	0.01472	0.00649	0.00205	0.00360	0.01340	0.00474	0.00480
32	0.00930	0.00541	0.00641	0.00623	0.00676	0.00524	0.00387	0.00973	0.00880	0.09858	0.01827	0.11838	0.01976	0.60440	0.02099	0.00418	0.00465	0.00801	0.03704	0.00399
33	0.00767	0.00506	0.00572	0.00572	0.00581	0.00508	0.00328	0.00784	0.00776	0.01060	0.01636	0.03296	0.01849	0.75457	0.04875	0.00497	0.00519	0.00738	0.04350	0.00328
34	0.04587	0.01739	0.29290	0.10420	0.11805	0.04968	0.04069	0.07447	0.01219	0.06346	0.01018	0.01226	0.00764	0.00549	0.00600	0.00164	0.07674	0.00427	0.02510	0.03177
35	0.00649	0.00470	0.00627	0.00723	0.00770	0.00447	0.00495	0.00758	0.01017	0.01365	0.07101	0.67113	0.06198	0.01786	0.07567	0.00262	0.00393	0.01355	0.00471	0.00431
36	0.00739	0.00512	0.00616	0.00657	0.00692	0.00501	0.00435	0.00802	0.00898	0.01180	0.02263	0.18341	0.06885	0.49252	0.01853	0.00389	0.00449	0.12783	0.00383	0.00369
37	0.01390	0.01044	0.01502	0.47626	0.02713	0.01218	0.01227	0.16920	0.03852	0.12453	0.01177	0.01421	0.00844	0.00580	0.00568	0.00171	0.03769	0.00476	0.00357	0.00691

[dist]
# distance from previous block
# <min> <max>
1	2

[block]
# block no. 4 follows, 47 sequences, length 22
# corresponding to MSA columns:
# 679-700
name=unknown_E
#
# <colnr> <probs for GDERKNQSTAVLIFYWHMCP>
#	G	D	E	R	K	N	Q	S	T	A	V	L	I	F	Y	W	H	M	C	P
0	0.01225	0.01228	0.01558	0.01173	0.01601	0.10943	0.17260	0.01570	0.06391	0.01659	0.01078	0.03580	0.00898	0.00476	0.00465	0.00117	0.00563	0.00433	0.00314	0.47471
1	0.01392	0.82012	0.02729	0.00891	0.01337	0.02061	0.00891	0.01559	0.01058	0.01225	0.00724	0.00835	0.00668	0.00446	0.00334	0.00111	0.00557	0.00278	0.00223	0.00668
2	0.01266	0.01214	0.02072	0.09060	0.72767	0.01231	0.01587	0.01578	0.01175	0.01673	0.00975	0.01296	0.00815	0.00468	0.00516	0.00156	0.00624	0.00464	0.00256	0.00806
3	0.03960	0.01075	0.01459	0.28723	0.02220	0.03490	0.06720	0.10236	0.15320	0.08436	0.03652	0.01768	0.01181	0.00627	0.00528	0.00168	0.00579	0.04350	0.00388	0.05122
4	0.00634	0.00453	0.00604	0.00725	0.00755	0.00423	0.00483	0.00725	0.00997	0.01329	0.02870	0.81358	0.03444	0.01632	0.00665	0.00211	0.00302	0.01480	0.00483	0.00423
5	0.00983	0.00926	0.01562	0.80447	0.03587	0.01157	0.01446	0.01331	0.01041	0.01331	0.00926	0.01388	0.00694	0.00521	0.00521	0.00174	0.00694	0.00463	0.00231	0.00579
6	0.01314	0.12115	0.39488	0.01223	0.01786	0.01201	0.04129	0.07835	0.01292	0.12869	0.05389	0.01599	0.06304	0.00605	0.00500	0.00158	0.00622	0.00484	0.00344	0.00744
7	0.00867	0.00658	0.00841	0.00841	0.00975	0.00652	0.02981	0.10372	0.03511	0.01679	0.06239	0.45220	0.11790	0.01356	0.00639	0.00199	0.00371	0.09810	0.00486	0.00513
8	0.00657	0.00476	0.00621	0.00697	0.00757	0.00440	0.00480	0.00786	0.01118	0.01509	0.20327	0.58818	0.08421	0.01482	0.00650	0.00198	0.00287	0.01333	0.00504	0.00440
9	0.00791	0.00624	0.00949	0.00889	0.00990	0.00705	0.04616	0.00967	0.00889	0.01270	0.06627	0.02267	0.01566	0.13370	0.56179	0.00682	0.05247	0.00608	0.00300	0.00465
10	0.01506	0.08535	0.11063	0.05344	0.19554	0.02454	0.02162	0.16263	0.08969	0.11292	0.01262	0.01365	0.00942	0.00566	0.00531	0.00157	0.02977	0.00459	0.03814	0.00785
11	0.01162	0.01020	0.01435	0.01242	0.01289	0.01369	0.01027	0.01295	0.00857	0.07133	0.00910	0.01344	0.00836	0.01407	0.15051	0.00328	0.60972	0.00479	0.00268	0.00576
12	0.00664	0.00549	0.00579	0.00581	0.00743	0.00483	0.00435	0.00851	0.04005	0.01469	0.09827	0.07190	0.62011	0.04573	0.00701	0.00192	0.00287	0.03922	0.00484	0.00453
13	0.00707	0.00525	0.00646	0.00625	0.00746	0.00478	0.00458	0.00904	0.01339	0.01829	0.53428	0.08073	0.20367	0.06667	0.00756	0.00192	0.00270	0.00991	0.00532	0.00465
14	0.01687	0.01476	0.01392	0.01177	0.01485	0.22565	0.03990	0.25520	0.06787	0.09843	0.01393	0.01723	0.01124	0.01076	0.10507	0.00245	0.00758	0.06117	0.00421	0.00713
15	0.01366	0.72750	0.06536	0.00921	0.01370	0.01946	0.00932	0.03545	0.01113	0.01334	0.03643	0.00974	0.00832	0.00476	0.00358	0.00117	0.00557	0.00314	0.00244	0.00673
16	0.00640	0.00523	0.00567	0.00581	0.00733	0.00450	0.00434	0.00785	0.01200	0.01482	0.13130	0.13082	0.58910	0.01329	0.00625	0.00181	0.00275	0.04136	0.00494	0.00445
17	0.01190	0.01083	0.01757	0.37744	0.35770	0.01199	0.01434	0.07104	0.01212	0.01663	0.01005	0.01357	0.00791	0.00507	0.00512	0.00162	0.00634	0.00465	0.03706	0.00705
18	0.07938	0.01472	0.01734	0.10555	0.10882	0.18668	0.13918	0.10243	0.09489	0.08305	0.01169	0.01314	0.00877	0.00543	0.00511	0.00159	0.00685	0.00466	0.00354	0.00719
19	0.00837	0.00628	0.00747	0.00769	0.00905	0.00611	0.00583	0.10501	0.01279	0.01656	0.05087	0.35987	0.23501	0.01372	0.00641	0.00198	0.00354	0.13356	0.00490	0.00498
20	0.01720	0.02107	0.01452	0.01306	0.01506	0.59682	0.00997	0.01843	0.01301	0.01256	0.00824	0.01109	0.00738	0.04883	0.00835	0.00173	0.17042	0.00382	0.00263	0.00582
21	0.01515	0.01193	0.05625	0.01866	0.29691	0.04631	0.06295	0.01882	0.07392	0.22825	0.01756	0.04698	0.06969	0.00644	0.00536	0.00163	0.00556	0.00576	0.00410	0.00776

[dist]
# distance from previous block
# <min> <max>
0	9

[block]
# block no. 5 follows, 47 sequences, length 22
# corresponding to MSA columns:
# 710-731
name=unknown_F
#
# <colnr> <probs for GDERKNQSTAVLIFYWHMCP>
#	G	D	E	R	K	N	Q	S	T	A	V	L	I	F	Y	W	H	M	C	P
0	0.38745	0.01211	0.03954	0.03367	0.18193	0.06434	0.00936	0.01766	0.12636	0.03356	0.02937	0.01305	0.00945	0.00549	0.00434	0.00162	0.00506	0.01548	0.00344	0.00673
1	0.17012	0.01251	0.06762	0.05768	0.24408	0.01221	0.01122	0.20567	0.01479	0.06442	0.07985	0.01449	0.01166	0.00577	0.00489	0.00159	0.00538	0.00472	0.00382	0.00749
2	0.01076	0.01097	0.06874	0.37052	0.20043	0.01086	0.03970	0.04057	0.01169	0.01609	0.06749	0.04240	0.01157	0.00580	0.00522	0.00162	0.00610	0.00526	0.02395	0.05027
3	0.01704	0.19925	0.01671	0.04091	0.01528	0.46871	0.00934	0.01868	0.01367	0.06626	0.07824	0.01254	0.01094	0.00570	0.00458	0.00135	0.00748	0.00395	0.00310	0.00626
4	0.01170	0.11541	0.34787	0.01337	0.08559	0.03906	0.01315	0.01542	0.01162	0.06849	0.07465	0.04472	0.05475	0.00640	0.00539	0.00156	0.03453	0.00509	0.00311	0.04811
5	0.01391	0.01291	0.01948	0.06074	0.49568	0.07006	0.07170	0.01824	0.09875	0.06963	0.01172	0.01384	0.00923	0.00510	0.00522	0.00159	0.00630	0.00484	0.00315	0.00792
6	0.00832	0.00663	0.00778	0.00750	0.00907	0.02640	0.00563	0.01155	0.08837	0.01808	0.36978	0.20481	0.07475	0.01114	0.00599	0.00172	0.00320	0.05334	0.00507	0.08086
7	0.01720	0.02043	0.01340	0.01239	0.01481	0.59341	0.00942	0.06948	0.01472	0.01445	0.01214	0.08671	0.01165	0.00730	0.00515	0.00153	0.00811	0.07849	0.00326	0.00594
8	0.01057	0.01001	0.01695	0.61802	0.21655	0.01176	0.01483	0.01395	0.01076	0.01420	0.00939	0.01364	0.00726	0.00507	0.00519	0.00169	0.00676	0.00463	0.00238	0.00638
9	0.17642	0.01239	0.04285	0.01202	0.05486	0.03847	0.06480	0.18732	0.09695	0.24108	0.01417	0.01394	0.00989	0.00583	0.00489	0.00162	0.00531	0.00465	0.00467	0.00788
10	0.00801	0.00525	0.00652	0.00693	0.00804	0.00473	0.00498	0.00925	0.01116	0.08341	0.06645	0.43456	0.23673	0.04142	0.00707	0.00207	0.00318	0.05057	0.00496	0.00471
11	0.01234	0.01392	0.03002	0.02269	0.08318	0.01311	0.71018	0.01663	0.01226	0.01671	0.01048	0.01396	0.00793	0.00441	0.00607	0.00174	0.00859	0.00603	0.00263	0.00711
12	0.10728	0.01665	0.01465	0.01343	0.08420	0.26617	0.00983	0.30589	0.01761	0.09902	0.01107	0.01163	0.00817	0.00569	0.00483	0.00150	0.00664	0.00411	0.00407	0.00755
13	0.00759	0.00531	0.00648	0.00641	0.00669	0.00549	0.00409	0.00819	0.00869	0.01190	0.11238	0.07052	0.02244	0.56508	0.10855	0.00476	0.03041	0.00784	0.00349	0.00367
14	0.00712	0.00507	0.00684	0.00786	0.00851	0.00487	0.00588	0.00858	0.01091	0.01452	0.09142	0.48269	0.03368	0.04679	0.00756	0.00228	0.00361	0.24258	0.00483	0.00442
15	0.00883	0.00726	0.00957	0.00881	0.00896	0.00894	0.00647	0.00952	0.00784	0.01125	0.01279	0.02420	0.01389	0.41576	0.15313	0.00468	0.27481	0.00623	0.00280	0.00426
16	0.07440	0.10899	0.13431	0.23407	0.10523	0.01372	0.01265	0.14191	0.09175	0.01894	0.01072	0.01263	0.00815	0.00536	0.00481	0.00159	0.00611	0.00430	0.00317	0.00721
17	0.00761	0.00738	0.07731	0.00835	0.01010	0.00576	0.00736	0.00984	0.01185	0.01556	0.12034	0.18080	0.19727	0.01317	0.00654	0.00205	0.00400	0.30515	0.00469	0.00488
18	0.00712	0.00503	0.00631	0.00654	0.00752	0.00464	0.00473	0.00894	0.01245	0.01740	0.37043	0.29523	0.12158	0.01246	0.00610	0.00178	0.00270	0.02366	0.08076	0.00462
19	0.01601	0.04815	0.12546	0.01537	0.05662	0.07707	0.19883	0.19980	0.07160	0.12023	0.01255	0.01346	0.00906	0.00547	0.00530	0.00161	0.00679	0.00491	0.00387	0.00785
20	0.01607	0.41970	0.04780	0.00996	0.01416	0.01662	0.00921	0.20508	0.05152	0.10913	0.01154	0.01286	0.00921	0.02289	0.00477	0.00145	0.00545	0.02142	0.00370	0.00747
21	0.01404	0.17238	0.25044	0.06563	0.01775	0.01334	0.01224	0.10182	0.03866	0.13034	0.01187	0.04197	0.00922	0.00598	0.00561	0.00157	0.06188	0.00449	0.00342	0.03734

[dist]
# distance from previous block
# <min> <max>
0	19

[block]
# block no. 6 follows, 47 sequences, length 63
# corresponding to MSA columns:
# 751-813
name=unknown_G
#
# <colnr> <probs for GDERKNQSTAVLIFYWHMCP>
#	G	D	E	R	K	N	Q	S	T	A	V	L	I	F	Y	W	H	M	C	P
0	0.01661	0.03211	0.06731	0.01178	0.01537	0.14016	0.00996	0.33398	0.17599	0.04339	0.01495	0.01499	0.04393	0.00662	0.00576	0.00161	0.04836	0.00491	0.00441	0.00779
1	0.01180	0.21617	0.36175	0.01347	0.05211	0.01368	0.06511	0.05257	0.03429	0.01625	0.01077	0.06619	0.00914	0.00563	0.00473	0.00151	0.00646	0.00460	0.00272	0.05105
2	0.06762	0.00833	0.01023	0.00899	0.01087	0.02752	0.05157	0.01310	0.08631	0.06870	0.07089	0.06226	0.26790	0.04715	0.05266	0.00233	0.12613	0.00770	0.00417	0.00554
3	0.02102	0.00887	0.01197	0.00993	0.03848	0.00797	0.00776	0.04959	0.03745	0.64046	0.05251	0.05976	0.01534	0.00709	0.00535	0.00164	0.00437	0.00589	0.00613	0.00842
4	0.04610	0.00907	0.01213	0.00945	0.01324	0.00823	0.02476	0.04830	0.04854	0.63674	0.07170	0.01872	0.01504	0.00666	0.00526	0.00162	0.00441	0.00548	0.00612	0.00843
5	0.01046	0.00974	0.01530	0.13886	0.41249	0.00991	0.01193	0.01353	0.04066	0.01585	0.03340	0.04498	0.20647	0.00740	0.00548	0.00165	0.00518	0.00665	0.00333	0.00674
6	0.01228	0.01078	0.01812	0.36628	0.40592	0.01170	0.01475	0.01547	0.01144	0.06847	0.01030	0.01365	0.00800	0.00501	0.00518	0.00163	0.00639	0.00468	0.00273	0.00722
7	0.01940	0.01122	0.01296	0.01017	0.01388	0.01156	0.00832	0.38380	0.04164	0.30306	0.01786	0.04290	0.03879	0.00691	0.00522	0.00159	0.00483	0.00549	0.05209	0.00831
8	0.00759	0.00569	0.00697	0.00744	0.00839	0.00565	0.00527	0.01085	0.12208	0.01614	0.16450	0.49829	0.06674	0.01347	0.00624	0.00193	0.00304	0.01204	0.03271	0.00496
9	0.01302	0.45038	0.05235	0.01383	0.01822	0.01744	0.25640	0.01567	0.01089	0.01386	0.00834	0.01060	0.00709	0.00491	0.00568	0.00146	0.08665	0.00409	0.00236	0.00673
10	0.00841	0.00567	0.00725	0.00711	0.00860	0.00520	0.00560	0.01057	0.01353	0.07113	0.42041	0.06262	0.18469	0.01173	0.00630	0.00182	0.00310	0.15580	0.00540	0.00504
11	0.00955	0.00602	0.00786	0.00810	0.00940	0.00581	0.00615	0.01225	0.07353	0.11147	0.15426	0.37544	0.03191	0.01302	0.00638	0.00200	0.00353	0.15275	0.00522	0.00535
12	0.00937	0.00630	0.00722	0.00682	0.00846	0.00620	0.00536	0.09541	0.01392	0.02004	0.26253	0.03449	0.15302	0.00969	0.00544	0.00162	0.00313	0.09613	0.24962	0.00524
13	0.01164	0.15197	0.46359	0.01311	0.01903	0.01311	0.05392	0.09030	0.01242	0.01739	0.04162	0.06723	0.01052	0.00598	0.00494	0.00159	0.00668	0.00486	0.00285	0.00726
14	0.00634	0.00453	0.00604	0.00725	0.00755	0.00423	0.00483	0.00725	0.00997	0.01329	0.02870	0.81358	0.03444	0.01632	0.00665	0.00211	0.00302	0.01480	0.00483	0.00423
15	0.00747	0.00547	0.00782	0.00782	0.00856	0.00621	0.00582	0.00895	0.00821	0.01168	0.01445	0.02325	0.01423	0.19859	0.63847	0.00769	0.01212	0.00599	0.00286	0.00434
16	0.01064	0.01008	0.01708	0.60057	0.23346	0.01178	0.01486	0.01401	0.01079	0.01428	0.00940	0.01362	0.00729	0.00506	0.00519	0.00169	0.00674	0.00463	0.00238	0.00644
17	0.01086	0.01030	0.01748	0.54466	0.28764	0.01184	0.01497	0.01421	0.01090	0.01455	0.00944	0.01355	0.00738	0.00502	0.00519	0.00167	0.00669	0.00463	0.00240	0.00661
18	0.01240	0.01237	0.01956	0.33460	0.29598	0.07972	0.12149	0.01565	0.01167	0.03268	0.00978	0.01326	0.00765	0.00493	0.00528	0.00164	0.00709	0.00475	0.00258	0.00692
19	0.00687	0.00530	0.00626	0.00602	0.00747	0.00470	0.00452	0.00885	0.01355	0.01805	0.47861	0.04356	0.35404	0.01170	0.00615	0.00169	0.00253	0.01007	0.00536	0.00470
20	0.00905	0.00452	0.00678	0.00678	0.00678	0.00452	0.00452	0.00678	0.00678	0.00905	0.00905	0.01583	0.00905	0.01809	0.02035	0.84848	0.00452	0.00452	0.00226	0.00226
21	0.01240	0.01113	0.01204	0.01074	0.01274	0.05644	0.00849	0.02146	0.44548	0.01883	0.04710	0.01776	0.01433	0.00750	0.00791	0.00180	0.19304	0.00547	0.08828	0.00705
22	0.05765	0.77794	0.02627	0.00880	0.01319	0.02014	0.00874	0.01558	0.01049	0.01283	0.00724	0.00836	0.00663	0.00448	0.00334	0.00114	0.00549	0.00279	0.00228	0.00663
23	0.08904	0.16600	0.16165	0.01216	0.01699	0.01255	0.13154	0.01979	0.06914	0.25148	0.01325	0.01344	0.00935	0.00537	0.00480	0.00156	0.00589	0.00450	0.00389	0.00761
24	0.01094	0.00941	0.01569	0.70520	0.07748	0.01135	0.01408	0.01429	0.01081	0.06684	0.01006	0.01409	0.00743	0.00526	0.00521	0.00172	0.00673	0.00467	0.00261	0.00614
25	0.01533	0.01119	0.01223	0.01037	0.01358	0.01240	0.00824	0.19268	0.45508	0.11365	0.05863	0.01868	0.01561	0.00697	0.00527	0.00168	0.00438	0.00569	0.03015	0.00818
26	0.00808	0.00548	0.00719	0.00667	0.00803	0.00504	0.00504	0.01052	0.01475	0.05510	0.74781	0.03796	0.04752	0.01046	0.00610	0.00164	0.00254	0.00923	0.00576	0.00509
27	0.01984	0.01965	0.01437	0.01242	0.01539	0.50304	0.00962	0.10523	0.01550	0.17386	0.01104	0.01156	0.00822	0.00590	0.00556	0.00147	0.05272	0.00396	0.00372	0.00691
28	0.00913	0.00564	0.00686	0.00651	0.00814	0.00506	0.00495	0.01107	0.01305	0.11071	0.31655	0.11109	0.24401	0.01104	0.00587	0.00169	0.00287	0.03138	0.08923	0.00517
29	0.00634	0.00508	0.00569	0.00610	0.00738	0.00443	0.00444	0.00762	0.01138	0.01409	0.06453	0.28051	0.50326	0.01411	0.00635	0.00189	0.00284	0.04471	0.00486	0.00438
30	0.12214	0.00916	0.01138	0.00899	0.01271	0.00860	0.00737	0.05609	0.05013	0.58025	0.06448	0.01773	0.01416	0.00652	0.00505	0.00162	0.00431	0.00520	0.00590	0.00821
31	0.01483	0.01227	0.04120	0.06617	0.01663	0.01306	0.04882	0.19051	0.42151	0.07857	0.01751	0.01740	0.01296	0.00661	0.00533	0.00171	0.00508	0.01682	0.00490	0.00812
32	0.10227	0.00879	0.01122	0.00877	0.01253	0.00799	0.00722	0.03538	0.01420	0.64952	0.01889	0.01687	0.01216	0.00626	0.00493	0.00158	0.00428	0.00497	0.06389	0.00828
33	0.01070	0.00618	0.00674	0.00632	0.00796	0.00624	0.00481	0.05565	0.07336	0.06306	0.10601	0.07279	0.04396	0.00759	0.00451	0.00142	0.00291	0.00630	0.50795	0.00553
34	0.01078	0.02971	0.07836	0.01041	0.01314	0.01012	0.05172	0.05985	0.31048	0.01894	0.09913	0.18161	0.02147	0.01073	0.04686	0.00215	0.00496	0.02829	0.00461	0.00668
35	0.03967	0.06969	0.01610	0.01154	0.01570	0.01601	0.00964	0.66757	0.02277	0.06140	0.01234	0.01233	0.00879	0.00610	0.00503	0.00154	0.00563	0.00453	0.00501	0.00863
36	0.01331	0.04579	0.05247	0.06163	0.34455	0.08409	0.06429	0.04231	0.02398	0.03580	0.00996	0.01222	0.00802	0.00471	0.00485	0.00139	0.00618	0.00424	0.00288	0.17734
37	0.01615	0.01686	0.01356	0.06632	0.01600	0.39472	0.03568	0.04155	0.10296	0.08948	0.03394	0.01691	0.08546	0.00740	0.02380	0.00169	0.02238	0.00502	0.00368	0.00644
38	0.01461	0.01098	0.01373	0.01160	0.03576	0.01150	0.06017	0.11446	0.31651	0.12878	0.01685	0.01801	0.01288	0.00659	0.00573	0.00162	0.04020	0.04074	0.00470	0.13459
39	0.01312	0.01238	0.01688	0.19694	0.32940	0.06986	0.01288	0.07884	0.12692	0.01788	0.01144	0.01366	0.00900	0.00526	0.00507	0.00156	0.00609	0.00463	0.00318	0.06502
40	0.00735	0.00571	0.00680	0.00698	0.00795	0.03243	0.00501	0.00914	0.01283	0.01743	0.43741	0.32332	0.08277	0.01269	0.00628	0.00181	0.00292	0.01127	0.00525	0.00467
41	0.01204	0.00688	0.00904	0.00885	0.01067	0.00662	0.00710	0.07531	0.01324	0.19027	0.06948	0.26627	0.02683	0.01228	0.00637	0.00202	0.00413	0.26145	0.00527	0.00589
42	0.07876	0.00714	0.00812	0.00720	0.00921	0.00720	0.00561	0.09015	0.05222	0.08275	0.38504	0.02778	0.04752	0.00844	0.00524	0.00156	0.00316	0.00709	0.15998	0.00583
43	0.04710	0.00882	0.01183	0.27127	0.01978	0.00996	0.00994	0.01745	0.21150	0.09102	0.01924	0.04273	0.04255	0.00827	0.00564	0.00188	0.00515	0.16525	0.00420	0.00643
44	0.11190	0.01004	0.01226	0.00950	0.01347	0.00964	0.00785	0.15978	0.01601	0.56802	0.01765	0.01578	0.01138	0.00624	0.00502	0.00160	0.00463	0.00488	0.00587	0.00852
45	0.00668	0.00510	0.00620	0.00676	0.00784	0.00462	0.00501	0.00813	0.01152	0.01481	0.12842	0.33523	0.31032	0.01422	0.00648	0.00197	0.00306	0.11425	0.00494	0.00445
46	0.01348	0.01371	0.01825	0.30004	0.12262	0.14254	0.11438	0.10522	0.01302	0.01640	0.00946	0.01264	0.00742	0.00555	0.00637	0.00168	0.08315	0.00462	0.00279	0.00667
47	0.00757	0.00505	0.00568	0.00568	0.00568	0.00505	0.00316	0.00757	0.00757	0.01010	0.01641	0.03408	0.01893	0.81698	0.02651	0.00505	0.00505	0.00757	0.00316	0.00316
48	0.00757	0.00505	0.00568	0.00568	0.00568	0.00505	0.00316	0.00757	0.00757	0.01010	0.01641	0.03408	0.01893	0.81698	0.02651	0.00505	0.00505	0.00757	0.00316	0.00316
49	0.00634	0.00453	0.00604	0.00725	0.00755	0.00423	0.00483	0.00725	0.00997	0.01329	0.02870	0.81358	0.03444	0.01632	0.00665	0.00211	0.00302	0.01480	0.00483	0.00423
50	0.57800	0.01336	0.00946	0.00855	0.01153	0.19775	0.00681	0.03420	0.01081	0.02067	0.00858	0.01083	0.00705	0.00535	0.00377	0.00156	0.00531	0.02785	0.03280	0.00575
51	0.00657	0.00551	0.00613	0.04718	0.00875	0.00489	0.00476	0.00819	0.01217	0.01497	0.14530	0.04702	0.62330	0.01248	0.00613	0.00176	0.00290	0.03262	0.00482	0.00455
52	0.01209	0.40172	0.42962	0.01204	0.01820	0.01612	0.01436	0.01607	0.01080	0.01449	0.00835	0.00975	0.00664	0.00472	0.00419	0.00140	0.00669	0.00335	0.00221	0.00722
53	0.03330	0.23495	0.26335	0.01191	0.01696	0.01413	0.06379	0.01918	0.17994	0.06995	0.01243	0.01301	0.00938	0.00538	0.00461	0.00152	0.00593	0.00427	0.02857	0.00744
54	0.01199	0.25797	0.08105	0.04915	0.23181	0.01293	0.01118	0.01466	0.01164	0.03684	0.08758	0.01806	0.03589	0.00611	0.00476	0.00145	0.00538	0.05365	0.00309	0.06482
55	0.06623	0.07284	0.00877	0.00780	0.00960	0.00701	0.00665	0.01030	0.01162	0.01530	0.03354	0.04805	0.29638	0.01248	0.00623	0.00201	0.00403	0.37178	0.00449	0.00487
56	0.01284	0.13876	0.15056	0.00960	0.01291	0.00973	0.00903	0.03575	0.01207	0.19590	0.07071	0.25875	0.01957	0.00924	0.00573	0.00171	0.02850	0.00777	0.00433	0.00653
57	0.01173	0.17799	0.36438	0.01312	0.02990	0.01279	0.08603	0.05870	0.01182	0.04325	0.01252	0.13118	0.01128	0.00662	0.00503	0.00162	0.00643	0.00561	0.00297	0.00703
58	0.01282	0.64465	0.11229	0.00931	0.01368	0.01799	0.00955	0.01485	0.01040	0.01263	0.00887	0.03871	0.00849	0.06085	0.00524	0.00148	0.00569	0.00366	0.00238	0.00647
59	0.01258	0.22128	0.32298	0.01602	0.14568	0.01426	0.05789	0.04750	0.01183	0.04158	0.03257	0.01195	0.00855	0.00513	0.00505	0.00152	0.02940	0.00411	0.00267	0.00744
60	0.01221	0.17456	0.42385	0.03546	0.12852	0.03004	0.03637	0.03328	0.03398	0.03134	0.00965	0.01129	0.00734	0.00493	0.00473	0.00153	0.00691	0.00394	0.00252	0.00755
61	0.01398	0.08344	0.12932	0.12772	0.15465	0.03258	0.08874	0.01702	0.01193	0.18111	0.02950	0.02772	0.01064	0.06135	0.00659	0.00183	0.00622	0.00507	0.00344	0.00714
62	0.01230	0.11900	0.41380	0.03877	0.07486	0.01339	0.15489	0.05483	0.01205	0.04389	0.00989	0.01176	0.00731	0.00489	0.00502	0.00159	0.00730	0.00431	0.00262	0.00753

[dist]
# distance from previous block
# <min> <max>
4	22

[block]
# block no. 7 follows, 47 sequences, length 33
# corresponding to MSA columns:
# 836-868
name=unknown_H
#
# <colnr> <probs for GDERKNQSTAVLIFYWHMCP>
#	G	D	E	R	K	N	Q	S	T	A	V	L	I	F	Y	W	H	M	C	P
0	0.06094	0.03449	0.01384	0.06028	0.06828	0.03794	0.11102	0.08449	0.05011	0.05482	0.18865	0.11373	0.02110	0.00781	0.00542	0.00164	0.00487	0.00698	0.04354	0.03005
1	0.06510	0.01342	0.03450	0.01150	0.01460	0.20704	0.12762	0.03493	0.03532	0.09646	0.22078	0.02061	0.04305	0.00694	0.00532	0.00154	0.00584	0.00593	0.00412	0.04536
2	0.01333	0.07625	0.21266	0.02726	0.08943	0.04208	0.14217	0.03705	0.09127	0.09910	0.05546	0.01471	0.01111	0.00576	0.00584	0.00164	0.05036	0.00496	0.00339	0.01616
3	0.00800	0.00784	0.05725	0.00960	0.05565	0.00640	0.07572	0.01058	0.01334	0.01815	0.42029	0.03646	0.24028	0.01007	0.00602	0.00168	0.00362	0.00893	0.00481	0.00533
4	0.01452	0.36588	0.10241	0.01090	0.01468	0.25884	0.00997	0.01725	0.05655	0.01351	0.01050	0.08322	0.00976	0.00603	0.00435	0.00137	0.00667	0.00436	0.00278	0.00646
5	0.00897	0.00696	0.00928	0.00863	0.01014	0.00731	0.02648	0.05476	0.04380	0.01484	0.04567	0.08274	0.03721	0.14413	0.28993	0.00461	0.03244	0.08639	0.00363	0.08208
6	0.01256	0.01238	0.01583	0.05972	0.01534	0.06328	0.01135	0.08207	0.01004	0.01445	0.00757	0.01152	0.00702	0.00840	0.01455	0.00212	0.63871	0.00450	0.00257	0.00601
7	0.01630	0.01194	0.03372	0.01433	0.08277	0.02217	0.14246	0.25158	0.03276	0.18523	0.01615	0.09500	0.01330	0.00726	0.00562	0.00171	0.00577	0.04956	0.00463	0.00772
8	0.01064	0.01024	0.01431	0.01247	0.01258	0.01403	0.01022	0.01179	0.00800	0.01231	0.00837	0.01407	0.00843	0.06778	0.11479	0.00323	0.65406	0.00489	0.00240	0.00539
9	0.01934	0.01401	0.01511	0.01173	0.01578	0.01546	0.00964	0.66513	0.09266	0.06683	0.01367	0.01338	0.00969	0.00633	0.00522	0.00158	0.00552	0.00482	0.00528	0.00880
10	0.01213	0.01163	0.01963	0.20016	0.57644	0.01240	0.01539	0.01520	0.01132	0.01595	0.00951	0.01302	0.00788	0.00502	0.00585	0.00163	0.05215	0.00463	0.00250	0.00756
11	0.01385	0.01201	0.01996	0.02910	0.68552	0.01196	0.01494	0.01727	0.04032	0.08769	0.01120	0.01357	0.00896	0.00489	0.00517	0.00156	0.00595	0.00474	0.00303	0.00830
12	0.01295	0.01119	0.01178	0.01060	0.01354	0.01295	0.00824	0.02767	0.77509	0.02178	0.02120	0.01943	0.01590	0.00707	0.00530	0.00177	0.00412	0.00589	0.00530	0.00824
13	0.01322	0.01148	0.01863	0.22130	0.44225	0.01209	0.03496	0.08561	0.01286	0.06269	0.01151	0.01424	0.02537	0.00522	0.00523	0.00161	0.00622	0.00486	0.00303	0.00761
14	0.03947	0.01214	0.01754	0.02247	0.44781	0.03781	0.01264	0.10425	0.04051	0.19444	0.01282	0.01393	0.00952	0.00535	0.00512	0.00157	0.00571	0.00473	0.00387	0.00831
