[name]
unknown

[dist]
# distance from previous block
# <min> <max>
0	242

[block]
# block no. 0 follows, 45 sequences, length 9
# corresponding to MSA columns:
# 249-257
name=unknown_A
#
# <colnr> <probs for GDERKNQSTAVLIFYWHMCP>
#	G	D	E	R	K	N	Q	S	T	A	V	L	I	F	Y	W	H	M	C	P
0	0.01668	0.00845	0.04304	0.00893	0.01196	0.00699	0.00751	0.01867	0.01346	0.43322	0.02605	0.08135	0.11077	0.06993	0.00755	0.00210	0.00449	0.11606	0.00564	0.00714
1	0.18491	0.01374	0.01425	0.01112	0.01522	0.01517	0.00919	0.56563	0.02142	0.07964	0.01234	0.01241	0.00874	0.00617	0.00497	0.00162	0.00547	0.00449	0.00505	0.00847
2	0.01503	0.01236	0.01308	0.01126	0.01460	0.01413	0.00890	0.20232	0.59165	0.02516	0.01972	0.01833	0.01466	0.00708	0.00544	0.00177	0.00464	0.00578	0.00544	0.00865
3	0.00654	0.00467	0.00623	0.00747	0.00779	0.00436	0.00498	0.00747	0.01028	0.01370	0.02959	0.80785	0.03550	0.01682	0.00685	0.00218	0.00311	0.01526	0.00498	0.00436
4	0.00733	0.00548	0.00680	0.00647	0.00785	0.00495	0.00485	0.00961	0.01456	0.02001	0.61951	0.04259	0.20712	0.01154	0.00633	0.00172	0.00257	0.01006	0.00571	0.00495
5	0.00693	0.00520	0.00643	0.00667	0.00775	0.00470	0.00479	0.00864	0.01281	0.01717	0.34690	0.30148	0.22374	0.01359	0.00651	0.00188	0.00277	0.01198	0.00537	0.00470
6	0.18715	0.01077	0.01194	0.00949	0.01340	0.05856	0.00777	0.06683	0.01470	0.53914	0.01716	0.01552	0.01116	0.00623	0.00495	0.00164	0.00489	0.00475	0.00567	0.00829
7	0.01262	0.26093	0.43378	0.01413	0.02060	0.01504	0.10646	0.01712	0.01153	0.04712	0.00961	0.01119	0.00726	0.00494	0.00477	0.00155	0.00728	0.00399	0.00251	0.00759
8	0.06388	0.01003	0.01283	0.01093	0.01259	0.01201	0.00889	0.01384	0.06680	0.01553	0.01058	0.03585	0.00965	0.01164	0.10652	0.00265	0.37176	0.00479	0.02660	0.19263

[dist]
# distance from previous block
# <min> <max>
0	4

[block]
# block no. 1 follows, 45 sequences, length 15
# corresponding to MSA columns:
# 262-276
name=unknown_B
#
# <colnr> <probs for GDERKNQSTAVLIFYWHMCP>
#	G	D	E	R	K	N	Q	S	T	A	V	L	I	F	Y	W	H	M	C	P
0	0.26944	0.01337	0.07195	0.01426	0.11365	0.03172	0.09083	0.13421	0.07617	0.10003	0.01223	0.02876	0.00926	0.00575	0.00485	0.00168	0.00569	0.00467	0.00395	0.00753
1	0.11301	0.03585	0.07101	0.01339	0.07689	0.04073	0.10325	0.10964	0.05477	0.18536	0.06075	0.01813	0.06608	0.00663	0.00551	0.00168	0.01985	0.00555	0.00440	0.00754
2	0.00819	0.00574	0.00721	0.00743	0.00871	0.00529	0.00545	0.01031	0.04133	0.05370	0.19544	0.37660	0.14449	0.01354	0.00646	0.00194	0.00320	0.06107	0.00521	0.03867
3	0.05840	0.01250	0.01348	0.01096	0.01474	0.01363	0.00883	0.31895	0.30580	0.10163	0.01662	0.01581	0.01206	0.00654	0.00521	0.00164	0.00492	0.00515	0.00527	0.06787
4	0.25577	0.04805	0.01255	0.01083	0.08743	0.01046	0.00791	0.06101	0.01237	0.17501	0.01188	0.01317	0.00900	0.00530	0.00434	0.00140	0.00460	0.02010	0.00400	0.24484
5	0.23340	0.01259	0.01247	0.01001	0.01387	0.08776	0.00816	0.21154	0.01619	0.30161	0.01400	0.01343	0.00955	0.00599	0.00477	0.00160	0.00529	0.00437	0.00500	0.02838
6	0.01373	0.01172	0.01235	0.01100	0.01410	0.01353	0.00859	0.06748	0.72860	0.02306	0.02137	0.01965	0.01600	0.00724	0.00546	0.00181	0.00434	0.00600	0.00546	0.00853
7	0.00720	0.00539	0.00795	0.00838	0.00912	0.00506	0.05826	0.00850	0.01051	0.01437	0.02746	0.69927	0.03212	0.01524	0.00661	0.00209	0.00349	0.01395	0.06042	0.00461
8	0.04285	0.01303	0.01452	0.01121	0.01531	0.01386	0.00924	0.52683	0.02177	0.21850	0.01499	0.01441	0.01027	0.00645	0.00525	0.00161	0.00539	0.00493	0.04071	0.00887
9	0.01881	0.00975	0.01186	0.00980	0.01331	0.00974	0.00786	0.02589	0.30061	0.43490	0.05670	0.02001	0.01623	0.00708	0.00542	0.00171	0.00429	0.00584	0.03162	0.00858
10	0.00708	0.00548	0.00647	0.00641	0.00788	0.00488	0.00487	0.00903	0.01352	0.01778	0.38067	0.07543	0.36733	0.01260	0.00643	0.00181	0.00280	0.05933	0.00540	0.00480
11	0.01409	0.01361	0.08824	0.01155	0.01524	0.01373	0.00985	0.13004	0.58979	0.02352	0.01939	0.01817	0.01443	0.00695	0.00541	0.00178	0.00484	0.00569	0.00514	0.00853
12	0.02247	0.00878	0.01194	0.00928	0.01315	0.00761	0.00761	0.02459	0.01535	0.70715	0.09501	0.02041	0.01695	0.00707	0.00549	0.00166	0.00437	0.00582	0.00657	0.00874
13	0.02384	0.00953	0.01270	0.00974	0.01390	0.00847	0.00804	0.07498	0.01602	0.73183	0.02063	0.01791	0.01301	0.00663	0.00540	0.00166	0.00466	0.00536	0.00656	0.00913
14	0.13301	0.01265	0.01771	0.01663	0.15833	0.01330	0.13066	0.23551	0.04015	0.11287	0.03496	0.01426	0.01026	0.00593	0.00577	0.00169	0.03910	0.00504	0.00420	0.00797

[dist]
# distance from previous block
# <min> <max>
3	6

[block]
# block no. 2 follows, 45 sequences, length 10
# corresponding to MSA columns:
# 283-292
name=unknown_C
#
# <colnr> <probs for GDERKNQSTAVLIFYWHMCP>
#	G	D	E	R	K	N	Q	S	T	A	V	L	I	F	Y	W	H	M	C	P
0	0.04992	0.38564	0.05756	0.00991	0.01447	0.01633	0.00922	0.15362	0.06169	0.05254	0.01040	0.01107	0.00830	0.00514	0.00417	0.00129	0.00539	0.00365	0.00343	0.13626
1	0.00876	0.00617	0.00690	0.00641	0.00825	0.00565	0.00490	0.05739	0.01400	0.05110	0.26748	0.04092	0.39255	0.01127	0.00597	0.00170	0.00292	0.00951	0.09292	0.00523
2	0.01542	0.07865	0.04875	0.01142	0.01486	0.01445	0.00964	0.20615	0.35356	0.07121	0.01641	0.01619	0.01233	0.00801	0.03297	0.00197	0.06978	0.00524	0.00477	0.00820
3	0.00705	0.00506	0.00671	0.00727	0.00801	0.00472	0.00516	0.00869	0.01235	0.01697	0.33234	0.46734	0.04148	0.01437	0.00666	0.00199	0.00295	0.04085	0.00536	0.00467
4	0.00693	0.00471	0.00628	0.00729	0.00755	0.00446	0.00481	0.00745	0.00973	0.01298	0.02645	0.66249	0.03148	0.08217	0.00999	0.08961	0.00345	0.01355	0.00457	0.00406
5	0.00880	0.00623	0.00756	0.00719	0.00873	0.00604	0.00539	0.01255	0.10509	0.04746	0.46039	0.11638	0.11526	0.01096	0.00609	0.00174	0.00289	0.00957	0.05618	0.00550
6	0.01290	0.00806	0.00986	0.00872	0.01081	0.04206	0.03735	0.04947	0.04474	0.18219	0.15388	0.14603	0.03504	0.07166	0.04071	0.00228	0.00464	0.02507	0.10839	0.00614
7	0.57178	0.09384	0.01148	0.00897	0.04579	0.01271	0.00705	0.03617	0.04557	0.07648	0.00946	0.01032	0.00724	0.00515	0.00375	0.00158	0.00449	0.00337	0.00357	0.04125
8	0.07636	0.07688	0.04145	0.01237	0.07724	0.01302	0.00963	0.31143	0.01758	0.20245	0.01451	0.06044	0.01107	0.00656	0.00509	0.00159	0.00531	0.00518	0.00483	0.04704
9	0.05967	0.08942	0.03796	0.01289	0.04134	0.06712	0.10663	0.16067	0.06175	0.17263	0.01388	0.04922	0.01070	0.00629	0.00556	0.00160	0.03246	0.00517	0.00428	0.06079

[dist]
# distance from previous block
# <min> <max>
1	10

[block]
# block no. 3 follows, 45 sequences, length 14
# corresponding to MSA columns:
# 303-316
name=unknown_D
#
# <colnr> <probs for GDERKNQSTAVLIFYWHMCP>
#	G	D	E	R	K	N	Q	S	T	A	V	L	I	F	Y	W	H	M	C	P
0	0.11263	0.00986	0.01324	0.04609	0.03457	0.00956	0.05613	0.08393	0.03002	0.43182	0.07742	0.01802	0.01442	0.00655	0.00525	0.00166	0.00485	0.00543	0.03051	0.00802
1	0.03580	0.01049	0.01605	0.07411	0.30802	0.01070	0.05782	0.03262	0.11197	0.07721	0.10859	0.05267	0.06632	0.00714	0.00561	0.00171	0.00527	0.00650	0.00403	0.00739
2	0.01108	0.00880	0.00951	0.00824	0.01084	0.06162	0.00647	0.07198	0.01432	0.06049	0.27141	0.05731	0.11851	0.00924	0.00567	0.00155	0.00398	0.06789	0.00484	0.19624
3	0.01768	0.05864	0.01618	0.01164	0.01572	0.01136	0.11313	0.17109	0.07633	0.28174	0.08736	0.01768	0.01467	0.00642	0.00538	0.00158	0.00527	0.00554	0.00513	0.07745
4	0.59939	0.01095	0.00961	0.00799	0.01167	0.01200	0.00655	0.12711	0.01185	0.02456	0.00860	0.00971	0.00663	0.00505	0.00373	0.00152	0.00439	0.00324	0.00361	0.13185
5	0.00896	0.00579	0.00761	0.00698	0.00849	0.00530	0.00530	0.01145	0.01521	0.08417	0.71290	0.03830	0.04757	0.01062	0.00625	0.00169	0.00270	0.00935	0.00597	0.00540
6	0.07203	0.07927	0.03718	0.01583	0.17533	0.02755	0.02089	0.23228	0.09039	0.13698	0.01314	0.01372	0.00972	0.00603	0.00568	0.00164	0.04506	0.00471	0.00430	0.00826
7	0.01647	0.01474	0.07850	0.06590	0.28225	0.08048	0.01312	0.17226	0.03753	0.13145	0.01227	0.01365	0.00914	0.00580	0.00584	0.00165	0.04216	0.00474	0.00383	0.00821
8	0.00747	0.00545	0.00704	0.00684	0.00807	0.00502	0.00513	0.00979	0.01448	0.02019	0.63534	0.10288	0.09947	0.01178	0.00642	0.00177	0.00269	0.03949	0.00573	0.00497
9	0.00725	0.00544	0.00722	0.00838	0.04678	0.00529	0.00541	0.00839	0.01016	0.01354	0.04967	0.41216	0.12690	0.14552	0.11897	0.00347	0.00511	0.01153	0.00432	0.00450
10	0.01092	0.01107	0.05768	0.03985	0.03339	0.01296	0.02796	0.01336	0.04798	0.02938	0.03706	0.13301	0.01366	0.01118	0.04782	0.00246	0.45457	0.00657	0.00314	0.00598
11	0.03667	0.00971	0.01182	0.00941	0.01284	0.00948	0.00757	0.17796	0.04713	0.42044	0.07233	0.02004	0.01558	0.07321	0.00714	0.00193	0.00463	0.00574	0.04831	0.00805
12	0.08561	0.25769	0.13273	0.01197	0.05933	0.05991	0.01076	0.09457	0.01372	0.20782	0.01195	0.01219	0.00870	0.00546	0.00455	0.00149	0.00593	0.00401	0.00382	0.00780
13	0.08327	0.16587	0.05564	0.01239	0.07509	0.04682	0.04003	0.06185	0.10052	0.09055	0.01361	0.01538	0.02970	0.00622	0.00565	0.00157	0.06363	0.02495	0.04133	0.06591

[dist]
# distance from previous block
# <min> <max>
3	14

[block]
# block no. 4 follows, 45 sequences, length 6
# corresponding to MSA columns:
# 331-336
name=unknown_E
#
# <colnr> <probs for GDERKNQSTAVLIFYWHMCP>
#	G	D	E	R	K	N	Q	S	T	A	V	L	I	F	Y	W	H	M	C	P
0	0.01888	0.00996	0.01195	0.00969	0.01317	0.00998	0.00782	0.14247	0.17310	0.38332	0.06973	0.01938	0.01579	0.00700	0.00532	0.00165	0.00439	0.00570	0.08236	0.00835
1	0.01616	0.04146	0.16747	0.08419	0.07835	0.12054	0.04334	0.18083	0.01517	0.11059	0.01131	0.01277	0.00834	0.00599	0.00634	0.00168	0.07960	0.00452	0.00360	0.00773
2	0.11645	0.00834	0.00972	0.00874	0.01117	0.00844	0.00672	0.08991	0.09393	0.21539	0.09034	0.27541	0.02293	0.01019	0.00571	0.00184	0.00396	0.00871	0.00538	0.00674
3	0.00753	0.00566	0.00703	0.00717	0.00830	0.00539	0.00519	0.01034	0.06991	0.01814	0.38299	0.30291	0.12327	0.01299	0.00645	0.00188	0.00288	0.01152	0.00546	0.00502
4	0.01373	0.00898	0.01504	0.05238	0.07032	0.00850	0.15655	0.01645	0.01345	0.23420	0.20296	0.08950	0.02268	0.01019	0.05806	0.00221	0.00574	0.00743	0.00479	0.00686
5	0.01908	0.01300	0.06682	0.01383	0.07137	0.01206	0.08575	0.21861	0.10317	0.31449	0.01646	0.01585	0.01125	0.00621	0.00547	0.00168	0.00569	0.00528	0.00520	0.00874

[dist]
# distance from previous block
# <min> <max>
1	2

[block]
# block no. 5 follows, 45 sequences, length 41
# corresponding to MSA columns:
# 339-379
name=unknown_F
#
# <colnr> <probs for GDERKNQSTAVLIFYWHMCP>
#	G	D	E	R	K	N	Q	S	T	A	V	L	I	F	Y	W	H	M	C	P
0	0.04528	0.01265	0.04632	0.01620	0.01998	0.04869	0.37767	0.01599	0.01243	0.08342	0.06888	0.07483	0.04342	0.00722	0.00711	0.00185	0.07882	0.02900	0.00358	0.00667
1	0.01540	0.05436	0.15224	0.02177	0.34514	0.06868	0.05239	0.06867	0.02350	0.12891	0.01175	0.01331	0.00884	0.00528	0.00522	0.00160	0.00667	0.00464	0.00338	0.00823
2	0.03965	0.15134	0.10090	0.01387	0.10206	0.01239	0.07231	0.07635	0.02651	0.28198	0.02914	0.04573	0.01163	0.00617	0.00511	0.00160	0.00570	0.00518	0.00436	0.00802
3	0.16178	0.02547	0.07194	0.01626	0.15418	0.12931	0.04029	0.16050	0.01387	0.02025	0.00933	0.01145	0.00750	0.00608	0.00710	0.00172	0.14827	0.00423	0.00323	0.00724
4	0.15241	0.04678	0.07561	0.01371	0.07952	0.18957	0.04436	0.20219	0.01568	0.07544	0.01095	0.02488	0.00842	0.00571	0.00485	0.00155	0.00661	0.00429	0.00376	0.03372
5	0.00783	0.00539	0.00681	0.00679	0.00722	0.00568	0.00451	0.00871	0.00863	0.01209	0.05895	0.03019	0.01904	0.48070	0.27655	0.00598	0.00797	0.00713	0.03589	0.00393
6	0.04932	0.14559	0.01663	0.05564	0.01630	0.01601	0.00964	0.35585	0.23460	0.02555	0.01416	0.01415	0.01060	0.00626	0.00500	0.00161	0.00541	0.00478	0.00464	0.00827
7	0.01110	0.01026	0.01432	0.05677	0.01390	0.01375	0.01029	0.01235	0.00875	0.02938	0.03893	0.01653	0.01074	0.11634	0.04284	0.00286	0.57727	0.00536	0.00272	0.00553
8	0.00677	0.00545	0.00603	0.00588	0.00751	0.00471	0.00441	0.00853	0.01324	0.01688	0.29893	0.04774	0.52965	0.01271	0.00634	0.00177	0.00266	0.01078	0.00530	0.00471
9	0.00755	0.00514	0.00657	0.00719	0.00800	0.00488	0.00525	0.00925	0.01178	0.01654	0.19701	0.38224	0.05725	0.03929	0.00704	0.00207	0.00320	0.10927	0.11582	0.00465
10	0.23805	0.00949	0.01107	0.00888	0.01264	0.00922	0.00726	0.02309	0.05768	0.51852	0.01753	0.01635	0.01169	0.02831	0.00546	0.00177	0.00446	0.00485	0.00562	0.00807
11	0.01286	0.00902	0.01046	0.00808	0.01200	0.00769	0.00643	0.01683	0.10882	0.12035	0.01503	0.01558	0.03289	0.00534	0.00440	0.00113	0.00386	0.00433	0.11491	0.49001
12	0.07700	0.01328	0.01502	0.01164	0.01566	0.01433	0.03836	0.52936	0.03594	0.11591	0.06763	0.01534	0.01242	0.00663	0.00534	0.00164	0.00549	0.00519	0.00531	0.00853
13	0.05050	0.01364	0.01442	0.01153	0.01537	0.01524	0.00938	0.52910	0.20008	0.03023	0.01498	0.01469	0.01090	0.00658	0.00525	0.00165	0.00532	0.00506	0.03741	0.00869
14	0.01800	0.01945	0.01619	0.01768	0.19563	0.45119	0.01151	0.06537	0.01494	0.07007	0.01126	0.01473	0.00948	0.00611	0.00520	0.00154	0.00799	0.05329	0.00332	0.00706
15	0.01324	0.08832	0.04199	0.03905	0.04199	0.03427	0.03099	0.04480	0.01192	0.17005	0.01930	0.04731	0.08984	0.19817	0.03715	0.00270	0.02080	0.00643	0.05557	0.00612
16	0.35773	0.01131	0.01129	0.00951	0.01289	0.01261	0.00784	0.27582	0.03977	0.07261	0.01278	0.01600	0.01025	0.00893	0.06027	0.00220	0.00558	0.06108	0.00440	0.00712
17	0.01535	0.01268	0.02007	0.02780	0.59797	0.01276	0.01475	0.11517	0.01426	0.09955	0.01162	0.01375	0.00909	0.00520	0.00533	0.00160	0.00613	0.00485	0.00343	0.00865
18	0.01947	0.10757	0.01619	0.01242	0.01576	0.45813	0.00979	0.11707	0.07005	0.10714	0.01129	0.01173	0.00863	0.00580	0.00487	0.00145	0.00777	0.00399	0.00370	0.00718
19	0.00848	0.00557	0.00733	0.00728	0.00819	0.00560	0.00520	0.00968	0.01020	0.06072	0.12079	0.14800	0.08689	0.20816	0.24664	0.03702	0.00702	0.00859	0.00407	0.00455
20	0.00765	0.00526	0.00665	0.00700	0.00800	0.00481	0.00500	0.00919	0.01219	0.04565	0.24619	0.38189	0.15351	0.03688	0.00711	0.00204	0.00304	0.03219	0.02097	0.00477
21	0.07745	0.00946	0.01095	0.00805	0.01253	0.00759	0.00646	0.01524	0.01147	0.11899	0.01108	0.01239	0.00874	0.02138	0.00460	0.00107	0.00409	0.00355	0.00365	0.65126
22	0.01014	0.00954	0.01610	0.79845	0.03697	0.01193	0.01491	0.01371	0.01073	0.01371	0.00954	0.01431	0.00716	0.00537	0.00537	0.00179	0.00716	0.00477	0.00239	0.00596
23	0.01298	0.00657	0.00845	0.00755	0.00956	0.00588	0.00566	0.01462	0.01311	0.28013	0.20282	0.15715	0.12335	0.11670	0.00887	0.00224	0.00371	0.00907	0.00554	0.00605
24	0.36928	0.01007	0.01080	0.00871	0.01252	0.01025	0.00718	0.07378	0.01346	0.41151	0.01485	0.01389	0.00986	0.00593	0.00453	0.00166	0.00449	0.00432	0.00516	0.00774
25	0.12151	0.00928	0.01192	0.00926	0.01331	0.00838	0.00764	0.02493	0.01463	0.69215	0.01956	0.01714	0.01241	0.00645	0.00515	0.00166	0.00452	0.00510	0.00625	0.00874
26	0.01324	0.00947	0.03627	0.01614	0.22944	0.00862	0.04564	0.01611	0.03745	0.19100	0.13433	0.19868	0.02233	0.00896	0.00588	0.00178	0.00474	0.00814	0.00467	0.00711
27	0.00768	0.00544	0.00695	0.00782	0.00859	0.00524	0.00551	0.00979	0.06437	0.03769	0.03023	0.63122	0.07872	0.01550	0.00672	0.00214	0.00334	0.06314	0.00506	0.00485
28	0.16691	0.50598	0.06525	0.00978	0.01412	0.10310	0.00934	0.04584	0.01164	0.01585	0.00789	0.00907	0.00678	0.00487	0.00374	0.00132	0.00601	0.00308	0.00265	0.00677
29	0.00995	0.00674	0.00832	0.00759	0.00935	0.00651	0.00584	0.08959	0.02525	0.06834	0.49643	0.08924	0.09245	0.01080	0.00618	0.00174	0.00317	0.03401	0.02281	0.00569
30	0.01991	0.01229	0.01524	0.01150	0.01588	0.01225	0.05758	0.36625	0.01924	0.28186	0.01510	0.01457	0.01031	0.00606	0.00526	0.00153	0.00541	0.00490	0.00534	0.11954
31	0.01085	0.00926	0.01150	0.00870	0.01303	0.00724	0.03206	0.01332	0.01135	0.01729	0.01208	0.01779	0.01099	0.00543	0.00451	0.00105	0.00427	0.10105	0.00340	0.70481
32	0.00708	0.00534	0.00645	0.00659	0.00776	0.00484	0.00482	0.00877	0.01269	0.01680	0.31651	0.18748	0.27221	0.06728	0.00791	0.00210	0.00302	0.05249	0.00521	0.00464
33	0.01597	0.01259	0.01343	0.01134	0.01482	0.01425	0.00903	0.26483	0.50447	0.04994	0.01893	0.01766	0.01394	0.00699	0.00543	0.00175	0.00479	0.00565	0.00547	0.00872
34	0.01421	0.78405	0.05744	0.00942	0.01414	0.02090	0.00960	0.01611	0.01092	0.01280	0.00755	0.00872	0.00689	0.00461	0.00351	0.00117	0.00583	0.00291	0.00230	0.00693
35	0.00722	0.00547	0.00665	0.00636	0.00779	0.00490	0.00477	0.00940	0.01430	0.01940	0.55742	0.04359	0.26958	0.01177	0.00634	0.00173	0.00259	0.01020	0.00563	0.00490
36	0.00724	0.00543	0.00644	0.00677	0.00785	0.00505	0.00484	0.00922	0.04151	0.01593	0.18815	0.29757	0.24768	0.07018	0.00791	0.00215	0.00312	0.03631	0.03197	0.00468
37	0.01655	0.01688	0.25258	0.07070	0.08419	0.05893	0.08133	0.03841	0.02487	0.28127	0.01395	0.01446	0.00954	0.00567	0.00535	0.00167	0.00669	0.00482	0.00402	0.00813
38	0.00729	0.00547	0.00675	0.00643	0.00783	0.00493	0.00482	0.00954	0.01447	0.01981	0.59884	0.04292	0.22791	0.01161	0.00633	0.00172	0.00258	0.01010	0.00568	0.00493
39	0.00965	0.00940	0.10879	0.00967	0.03975	0.01782	0.00799	0.01206	0.01270	0.07881	0.29506	0.20479	0.08338	0.02807	0.00730	0.00191	0.05299	0.00936	0.00478	0.00572
40	0.15114	0.42207	0.07602	0.01013	0.01458	0.06688	0.00963	0.14534	0.01350	0.03467	0.00890	0.00984	0.00723	0.00512	0.00401	0.00138	0.00590	0.00339	0.00311	0.00718

[dist]
# distance from previous block
# <min> <max>
0	7

[block]
# block no. 6 follows, 45 sequences, length 20
# corresponding to MSA columns:
# 387-406
name=unknown_G
#
# <colnr> <probs for GDERKNQSTAVLIFYWHMCP>
#	G	D	E	R	K	N	Q	S	T	A	V	L	I	F	Y	W	H	M	C	P
0	0.07782	0.03674	0.32171	0.01848	0.19188	0.03274	0.09131	0.07270	0.01270	0.03279	0.01006	0.01202	0.00761	0.00503	0.00505	0.00160	0.00696	0.00432	0.00286	0.05561
1	0.01631	0.40547	0.02187	0.01292	0.10139	0.09267	0.01008	0.11119	0.07999	0.08469	0.01099	0.01163	0.00875	0.00535	0.00438	0.00138	0.00598	0.00389	0.00343	0.00763
2	0.01372	0.01196	0.03809	0.01099	0.01419	0.01303	0.00883	0.06654	0.65522	0.04433	0.02120	0.04646	0.01625	0.00747	0.00549	0.00181	0.00443	0.00623	0.00537	0.00839
3	0.00780	0.00523	0.00597	0.00597	0.00601	0.00527	0.00340	0.00788	0.00784	0.01049	0.01681	0.03454	0.01926	0.77933	0.05900	0.00535	0.00559	0.00772	0.00324	0.00332
4	0.00950	0.00832	0.02849	0.01129	0.02629	0.00749	0.19390	0.01219	0.01317	0.04385	0.35056	0.08951	0.07371	0.07899	0.00806	0.00206	0.00469	0.00876	0.02354	0.00562
5	0.01014	0.00954	0.01610	0.79845	0.03697	0.01193	0.01491	0.01371	0.01073	0.01371	0.00954	0.01431	0.00716	0.00537	0.00537	0.00179	0.00716	0.00477	0.00239	0.00596
6	0.01070	0.00903	0.01063	0.00785	0.01207	0.00700	0.00617	0.01290	0.01076	0.01672	0.01032	0.01333	0.00905	0.06058	0.05169	0.00155	0.00467	0.00364	0.00317	0.73817
7	0.00947	0.00728	0.00902	0.00938	0.01099	0.00764	0.00767	0.01493	0.20126	0.01802	0.12140	0.10082	0.04705	0.03047	0.00717	0.00224	0.00429	0.37999	0.00516	0.00576
8	0.00767	0.00575	0.00863	0.00863	0.00959	0.00671	0.00671	0.00959	0.00863	0.01246	0.01438	0.02109	0.01342	0.04026	0.79008	0.00863	0.01438	0.00575	0.00288	0.00479
9	0.02408	0.00914	0.01246	0.00955	0.01370	0.00789	0.00789	0.02616	0.01536	0.78158	0.02118	0.01827	0.01329	0.00664	0.00540	0.00166	0.00457	0.00540	0.00664	0.00914
10	0.84927	0.01038	0.00789	0.00706	0.01038	0.01204	0.00581	0.01578	0.00914	0.02408	0.00747	0.00872	0.00581	0.00498	0.00332	0.00166	0.00415	0.00291	0.00332	0.00581
11	0.02005	0.02558	0.01521	0.01383	0.01659	0.78980	0.01037	0.02143	0.01521	0.01314	0.00830	0.00968	0.00691	0.00553	0.00484	0.00138	0.00968	0.00346	0.00277	0.00622
12	0.02148	0.00856	0.01162	0.00911	0.01280	0.00744	0.00744	0.02363	0.01534	0.66144	0.14034	0.02172	0.01919	0.00733	0.00555	0.00167	0.00425	0.00608	0.00653	0.00849
13	0.00652	0.00509	0.00591	0.00645	0.00755	0.00449	0.00456	0.00776	0.01154	0.01461	0.09173	0.39466	0.39026	0.01488	0.00657	0.00197	0.00289	0.01301	0.00505	0.00449
14	0.05142	0.01176	0.10946	0.01028	0.01469	0.00921	0.00934	0.04523	0.07462	0.54930	0.04502	0.01778	0.01361	0.00658	0.00532	0.00168	0.00492	0.00531	0.00581	0.00867
15	0.01295	0.01239	0.01952	0.07757	0.23797	0.01312	0.17713	0.02147	0.32859	0.01924	0.01514	0.01645	0.01162	0.00581	0.00561	0.00175	0.00613	0.00566	0.00382	0.00803
16	0.00736	0.00548	0.00684	0.00650	0.00787	0.00496	0.00488	0.00967	0.01463	0.02019	0.63770	0.04230	0.18882	0.01147	0.00633	0.00171	0.00257	0.01002	0.00573	0.00496
17	0.01296	0.01215	0.01932	0.06245	0.31052	0.01261	0.14503	0.06252	0.20058	0.01960	0.05676	0.01760	0.03103	0.00604	0.00562	0.00171	0.00604	0.00581	0.00374	0.00789
18	0.01787	0.01193	0.01317	0.01058	0.01415	0.03772	0.00852	0.35303	0.08767	0.18516	0.09571	0.06396	0.01641	0.00748	0.00548	0.00163	0.00498	0.00605	0.00547	0.05302
19	0.05890	0.01353	0.01628	0.01725	0.21618	0.04548	0.01129	0.31262	0.12170	0.04283	0.03457	0.01448	0.01087	0.00632	0.00599	0.00168	0.05243	0.00498	0.00433	0.00828

[dist]
# distance from previous block
# <min> <max>
0	5

[block]
# block no. 7 follows, 45 sequences, length 20
# corresponding to MSA columns:
# 412-431
name=unknown_H
#
# <colnr> <probs for GDERKNQSTAVLIFYWHMCP>
#	G	D	E	R	K	N	Q	S	T	A	V	L	I	F	Y	W	H	M	C	P
0	0.07521	0.39245	0.05341	0.01101	0.01540	0.04827	0.06517	0.09126	0.09298	0.09122	0.01121	0.01177	0.00874	0.00534	0.00437	0.00143	0.00587	0.00397	0.00347	0.00746
1	0.03913	0.06524	0.04590	0.01338	0.11951	0.01189	0.00988	0.20009	0.04896	0.24209	0.02504	0.03495	0.01134	0.00614	0.00507	0.00153	0.00520	0.00497	0.00473	0.10496
2	0.00909	0.00739	0.00968	0.04016	0.01155	0.00675	0.03309	0.01250	0.07422	0.01896	0.35053	0.12868	0.04443	0.00923	0.00569	0.00154	0.00354	0.00817	0.00478	0.22000
3	0.01193	0.01066	0.01687	0.02410	0.50651	0.01064	0.01270	0.01557	0.07398	0.03844	0.01850	0.13438	0.08720	0.00766	0.00565	0.00172	0.00532	0.00708	0.00356	0.00753
4	0.00712	0.00516	0.00662	0.00688	0.00776	0.00477	0.00486	0.00882	0.01271	0.01744	0.39806	0.33296	0.09559	0.05677	0.00767	0.00208	0.00291	0.01184	0.00535	0.00466
5	0.00846	0.00568	0.00745	0.00818	0.00936	0.00533	0.00643	0.01017	0.01184	0.06386	0.05161	0.32868	0.15270	0.01473	0.00688	0.00219	0.00383	0.29258	0.00510	0.00493
6	0.01518	0.01244	0.01317	0.01129	0.01466	0.01421	0.00894	0.21807	0.57565	0.02540	0.01953	0.01818	0.01451	0.00707	0.00544	0.00177	0.00468	0.00575	0.00544	0.00866
7	0.00723	0.00549	0.00660	0.00640	0.00781	0.00494	0.00481	0.00927	0.01382	0.01855	0.47640	0.04461	0.29186	0.04074	0.00713	0.00189	0.00279	0.03937	0.00547	0.00482
8	0.01014	0.00954	0.01610	0.79845	0.03697	0.01193	0.01491	0.01371	0.01073	0.01371	0.00954	0.01431	0.00716	0.00537	0.00537	0.00179	0.00716	0.00477	0.00239	0.00596
9	0.01427	0.01000	0.01174	0.00876	0.01319	0.00850	0.00706	0.08841	0.05896	0.15201	0.01393	0.01426	0.03181	0.00516	0.00452	0.00112	0.00424	0.00414	0.00418	0.54377
10	0.01478	0.01224	0.01294	0.01121	0.01450	0.01402	0.00884	0.17635	0.61802	0.02475	0.02004	0.01858	0.01492	0.00711	0.00544	0.00178	0.00458	0.00582	0.00544	0.00862
11	0.26772	0.01149	0.01151	0.00924	0.01304	0.05685	0.00753	0.16166	0.01477	0.25473	0.01335	0.01319	0.00934	0.00575	0.00452	0.00153	0.00486	0.00418	0.03867	0.09607
12	0.00822	0.00590	0.00697	0.00673	0.00673	0.00639	0.00415	0.00835	0.00785	0.01067	0.01587	0.03266	0.01820	0.72658	0.02630	0.00490	0.08938	0.00748	0.00316	0.00353
13	0.01114	0.29736	0.33060	0.01087	0.01627	0.01371	0.01237	0.01465	0.01136	0.01499	0.01791	0.01852	0.16227	0.00659	0.00473	0.00149	0.00595	0.00504	0.00286	0.04131
14	0.01386	0.01171	0.01961	0.02772	0.60610	0.01152	0.03106	0.01690	0.01285	0.09868	0.08502	0.01642	0.01306	0.00557	0.00544	0.00162	0.00587	0.00536	0.00339	0.00821
15	0.01990	0.00847	0.01119	0.00880	0.01234	0.00733	0.00706	0.02182	0.01399	0.56630	0.04576	0.02095	0.01506	0.09174	0.00761	0.00196	0.00446	0.01921	0.02737	0.08868
16	0.07955	0.11166	0.07212	0.01133	0.01582	0.02400	0.08818	0.06152	0.08650	0.30004	0.01491	0.01457	0.01042	0.00573	0.00495	0.00155	0.00547	0.00470	0.00457	0.08239
17	0.01702	0.02959	0.05312	0.00964	0.01331	0.00908	0.00812	0.08233	0.09605	0.34946	0.05392	0.12497	0.01689	0.00784	0.00541	0.00163	0.00449	0.00657	0.00541	0.10515
18	0.07945	0.06686	0.22397	0.03056	0.01496	0.01114	0.01052	0.05589	0.16213	0.02037	0.16313	0.01939	0.01810	0.00684	0.00504	0.00163	0.00499	0.00553	0.09254	0.00694
19	0.47529	0.20700	0.08817	0.00883	0.01288	0.03773	0.00832	0.05410	0.01096	0.02073	0.02982	0.01008	0.00765	0.00516	0.00376	0.00153	0.00511	0.00331	0.00313	0.00644

[dist]
# distance from previous block
# <min> <max>
16	21

[block]
# block no. 8 follows, 45 sequences, length 7
# corresponding to MSA columns:
# 455-461
name=unknown_I
#
# <colnr> <probs for GDERKNQSTAVLIFYWHMCP>
#	G	D	E	R	K	N	Q	S	T	A	V	L	I	F	Y	W	H	M	C	P
0	0.00821	0.00540	0.00722	0.00822	0.05445	0.00532	0.00486	0.00806	0.00849	0.01140	0.01776	0.22226	0.02028	0.36405	0.01925	0.21441	0.00462	0.00869	0.00342	0.00362
1	0.07294	0.07052	0.01107	0.01098	0.12060	0.00827	0.00724	0.01155	0.01293	0.01866	0.37271	0.10915	0.10449	0.00991	0.00619	0.00172	0.03230	0.00848	0.00465	0.00567
2	0.05053	0.01375	0.01560	0.01370	0.08845	0.01494	0.01022	0.57891	0.02202	0.07289	0.01378	0.05600	0.01060	0.00680	0.00537	0.00164	0.00566	0.00535	0.00508	0.00869
3	0.01319	0.09517	0.51882	0.01479	0.04815	0.01332	0.03516	0.07416	0.01269	0.08682	0.01070	0.01199	0.00767	0.00539	0.00539	0.00166	0.02983	0.00417	0.00293	0.00798
4	0.01676	0.01984	0.24135	0.01368	0.01876	0.12929	0.04523	0.31955	0.07709	0.04820	0.01213	0.01276	0.00878	0.00590	0.00526	0.00163	0.00702	0.00456	0.00401	0.00822
5	0.07400	0.00864	0.02956	0.00861	0.01114	0.00824	0.02598	0.07660	0.10858	0.02168	0.37785	0.03027	0.06358	0.00900	0.00571	0.00166	0.00373	0.04398	0.00509	0.08611
6	0.17976	0.01237	0.01254	0.01032	0.01377	0.04287	0.00831	0.35258	0.09007	0.09695	0.05253	0.07684	0.01361	0.00726	0.00513	0.00169	0.00504	0.00564	0.00499	0.00773

[dist]
# distance from previous block
# <min> <max>
0	3

[block]
# block no. 9 follows, 45 sequences, length 37
# corresponding to MSA columns:
# 465-501
name=unknown_J
#
# <colnr> <probs for GDERKNQSTAVLIFYWHMCP>
#	G	D	E	R	K	N	Q	S	T	A	V	L	I	F	Y	W	H	M	C	P
0	0.03383	0.03245	0.01905	0.02117	0.33598	0.02705	0.08459	0.21374	0.05051	0.05441	0.01470	0.01608	0.05994	0.00599	0.00541	0.00163	0.00609	0.00535	0.00384	0.00817
1	0.07261	0.09218	0.01675	0.01171	0.01597	0.01680	0.00982	0.64052	0.02282	0.03116	0.01202	0.01221	0.00870	0.00617	0.00505	0.00157	0.00578	0.00452	0.00494	0.00870
2	0.01402	0.36989	0.25074	0.01137	0.01665	0.01615	0.01217	0.06732	0.08561	0.06881	0.01143	0.03404	0.00917	0.00561	0.00449	0.00147	0.00611	0.00416	0.00317	0.00759
3	0.01057	0.00999	0.01689	0.69255	0.13947	0.01204	0.01512	0.01410	0.01094	0.01424	0.00962	0.01417	0.00734	0.00529	0.00536	0.00176	0.00705	0.00477	0.00242	0.00631
4	0.01067	0.00914	0.01058	0.00771	0.01219	0.00690	0.00614	0.01295	0.01124	0.01720	0.01388	0.01506	0.08231	0.00491	0.00420	0.00089	0.00385	0.00397	0.00336	0.76285
5	0.01376	0.68480	0.15273	0.01019	0.01534	0.01979	0.01094	0.01623	0.01098	0.01335	0.00782	0.00906	0.00687	0.00468	0.00372	0.00124	0.00610	0.00305	0.00229	0.00706
6	0.00654	0.00467	0.00623	0.00747	0.00779	0.00436	0.00498	0.00747	0.01028	0.01370	0.02959	0.80785	0.03550	0.01682	0.00685	0.00218	0.00311	0.01526	0.00498	0.00436
7	0.10540	0.01165	0.04563	0.01100	0.01484	0.01144	0.05824	0.11813	0.23215	0.26279	0.05910	0.01773	0.01430	0.00666	0.00529	0.00171	0.00493	0.00549	0.00531	0.00820
8	0.02023	0.01309	0.01464	0.01146	0.01554	0.01405	0.00939	0.47393	0.13422	0.21188	0.01622	0.01525	0.01122	0.00662	0.00539	0.00165	0.00534	0.00515	0.00569	0.00904
9	0.02408	0.00914	0.01246	0.00955	0.01370	0.00789	0.00789	0.02616	0.01536	0.78158	0.02118	0.01827	0.01329	0.00664	0.00540	0.00166	0.00457	0.00540	0.00664	0.00914
10	0.01381	0.04960	0.01640	0.40659	0.05794	0.03234	0.01257	0.21330	0.10748	0.02020	0.01183	0.01421	0.00885	0.00583	0.00527	0.00170	0.00643	0.00483	0.00357	0.00727
11	0.00941	0.00708	0.00943	0.10405	0.03452	0.00723	0.00708	0.01356	0.10664	0.05182	0.50716	0.03332	0.06826	0.00959	0.00604	0.00172	0.00351	0.00841	0.00533	0.00584
12	0.00752	0.00548	0.00707	0.00667	0.00797	0.00503	0.00500	0.00998	0.01501	0.02108	0.72963	0.04083	0.09633	0.01114	0.00633	0.00170	0.00254	0.00981	0.00585	0.00503
13	0.00716	0.00547	0.00657	0.00629	0.00775	0.00488	0.00472	0.00928	0.01416	0.01906	0.52253	0.04415	0.30469	0.01189	0.00634	0.00173	0.00260	0.01028	0.00559	0.00488
14	0.01923	0.01327	0.01465	0.01138	0.01530	0.01434	0.00934	0.59345	0.02300	0.10939	0.10614	0.01674	0.01459	0.00701	0.00549	0.00163	0.00536	0.00548	0.00557	0.00864
15	0.84927	0.01038	0.00789	0.00706	0.01038	0.01204	0.00581	0.01578	0.00914	0.02408	0.00747	0.00872	0.00581	0.00498	0.00332	0.00166	0.00415	0.00291	0.00332	0.00581
16	0.84927	0.01038	0.00789	0.00706	0.01038	0.01204	0.00581	0.01578	0.00914	0.02408	0.00747	0.00872	0.00581	0.00498	0.00332	0.00166	0.00415	0.00291	0.00332	0.00581
17	0.01014	0.00954	0.01610	0.79845	0.03697	0.01193	0.01491	0.01371	0.01073	0.01371	0.00954	0.01431	0.00716	0.00537	0.00537	0.00179	0.00716	0.00477	0.00239	0.00596
18	0.84927	0.01038	0.00789	0.00706	0.01038	0.01204	0.00581	0.01578	0.00914	0.02408	0.00747	0.00872	0.00581	0.00498	0.00332	0.00166	0.00415	0.00291	0.00332	0.00581
19	0.00759	0.00549	0.00736	0.00832	0.00926	0.00526	0.00656	0.00943	0.01193	0.01575	0.12111	0.33282	0.08523	0.01501	0.00700	0.00222	0.00383	0.33604	0.00508	0.00472
20	0.13491	0.01241	0.01977	0.02918	0.66621	0.01265	0.01492	0.01637	0.01177	0.01849	0.00972	0.01262	0.00811	0.00481	0.00502	0.00160	0.00605	0.00451	0.00275	0.00811
21	0.01876	0.01846	0.11172	0.01293	0.01732	0.16375	0.01135	0.48715	0.06089	0.02717	0.01208	0.01246	0.00880	0.00615	0.00524	0.00159	0.00679	0.00453	0.00449	0.00839
22	0.57355	0.01148	0.04274	0.01083	0.09437	0.01207	0.00803	0.03109	0.08377	0.07332	0.01024	0.01112	0.00772	0.00533	0.00399	0.00167	0.00462	0.00366	0.00367	0.00673
23	0.01301	0.15329	0.56434	0.01359	0.02050	0.01332	0.01661	0.01799	0.01177	0.11193	0.01072	0.01176	0.00763	0.00521	0.00487	0.00161	0.00716	0.00397	0.00282	0.00791
24	0.01865	0.02412	0.05792	0.01519	0.06730	0.65466	0.01137	0.02041	0.01443	0.01363	0.00842	0.01012	0.00702	0.00566	0.00556	0.00147	0.05127	0.00364	0.00271	0.00645
25	0.00781	0.00520	0.00585	0.00585	0.00585	0.00520	0.00325	0.00781	0.00781	0.01041	0.01691	0.03513	0.01952	0.81135	0.02732	0.00520	0.00520	0.00781	0.00325	0.00325
26	0.10115	0.06434	0.26541	0.01546	0.11388	0.01199	0.09361	0.03685	0.01250	0.17601	0.01193	0.01295	0.00852	0.00525	0.00499	0.00161	0.00640	0.00443	0.00350	0.04923
27	0.00796	0.00591	0.00826	0.00998	0.05174	0.00574	0.00741	0.00981	0.01152	0.01514	0.02916	0.35168	0.06826	0.01500	0.00702	0.00228	0.00419	0.37921	0.00484	0.00489
28	0.00667	0.00483	0.00633	0.00740	0.00790	0.00449	0.00508	0.00779	0.01076	0.01428	0.07213	0.68424	0.08522	0.01620	0.00681	0.00214	0.00313	0.04512	0.00503	0.00443
29	0.06780	0.07148	0.24187	0.01109	0.01500	0.09518	0.01110	0.01548	0.01096	0.08908	0.01213	0.01556	0.01002	0.05021	0.25559	0.00397	0.00933	0.00463	0.00305	0.00645
30	0.01657	0.01210	0.04838	0.01916	0.29719	0.01155	0.02997	0.04068	0.19627	0.24669	0.01631	0.01634	0.01177	0.00599	0.00539	0.00168	0.00544	0.00528	0.00458	0.00865
31	0.00654	0.00467	0.00623	0.00747	0.00779	0.00436	0.00498	0.00747	0.01028	0.01370	0.02959	0.80785	0.03550	0.01682	0.00685	0.00218	0.00311	0.01526	0.00498	0.00436
32	0.02408	0.00914	0.01246	0.00955	0.01370	0.00789	0.00789	0.02616	0.01536	0.78158	0.02118	0.01827	0.01329	0.00664	0.00540	0.00166	0.00457	0.00540	0.00664	0.00914
33	0.01425	0.73692	0.02751	0.01149	0.08778	0.02042	0.00989	0.01611	0.01103	0.01310	0.00772	0.00906	0.00704	0.00461	0.00363	0.00119	0.00580	0.00306	0.00233	0.00704
34	0.01329	0.01264	0.02085	0.03081	0.70388	0.01281	0.01570	0.01764	0.08544	0.01801	0.01124	0.01394	0.00927	0.00502	0.00533	0.00162	0.00617	0.00491	0.00293	0.00850
35	0.00657	0.00470	0.00626	0.00745	0.00779	0.00438	0.00499	0.00756	0.01043	0.01395	0.05320	0.78352	0.03598	0.01663	0.00683	0.00216	0.00310	0.01508	0.00501	0.00438
36	0.50647	0.04567	0.01229	0.01272	0.15743	0.07534	0.00841	0.01616	0.01048	0.02083	0.00824	0.00990	0.00667	0.00488	0.00389	0.00152	0.00508	0.00333	0.00309	0.08760

[dist]
# distance from previous block
# <min> <max>
0	1

[block]
# block no. 10 follows, 45 sequences, length 88
# corresponding to MSA columns:
# 503-590
name=unknown_K
#
# <colnr> <probs for GDERKNQSTAVLIFYWHMCP>
#	G	D	E	R	K	N	Q	S	T	A	V	L	I	F	Y	W	H	M	C	P
0	0.63693	0.01006	0.00906	0.00770	0.01124	0.01097	0.00635	0.01845	0.01074	0.21900	0.01100	0.01118	0.00774	0.00541	0.00386	0.00166	0.00426	0.00355	0.00418	0.00667
1	0.02408	0.00914	0.01246	0.00955	0.01370	0.00789	0.00789	0.02616	0.01536	0.78158	0.02118	0.01827	0.01329	0.00664	0.00540	0.00166	0.00457	0.00540	0.00664	0.00914
2	0.00760	0.00549	0.00718	0.00675	0.00802	0.00506	0.00506	0.01013	0.01519	0.02153	0.77503	0.04010	0.05065	0.01097	0.00633	0.00169	0.00253	0.00971	0.00591	0.00506
3	0.84927	0.01038	0.00789	0.00706	0.01038	0.01204	0.00581	0.01578	0.00914	0.02408	0.00747	0.00872	0.00581	0.00498	0.00332	0.00166	0.00415	0.00291	0.00332	0.00581
4	0.15989	0.00934	0.01171	0.00914	0.01316	0.00857	0.00755	0.02445	0.01434	0.65691	0.01892	0.01670	0.01206	0.00637	0.00506	0.00166	0.00450	0.00499	0.00610	0.00859
5	0.01924	0.01446	0.01546	0.01212	0.01620	0.01610	0.00992	0.63959	0.14751	0.03196	0.01436	0.01406	0.01032	0.00658	0.00539	0.00165	0.00563	0.00504	0.00539	0.00902
6	0.01014	0.00954	0.01610	0.79845	0.03697	0.01193	0.01491	0.01371	0.01073	0.01371	0.00954	0.01431	0.00716	0.00537	0.00537	0.00179	0.00716	0.00477	0.00239	0.00596
7	0.02272	0.00883	0.01202	0.00932	0.01323	0.00766	0.00766	0.02483	0.01535	0.71858	0.08367	0.02008	0.01638	0.00700	0.00548	0.00166	0.00440	0.00576	0.00658	0.00880
8	0.02408	0.00914	0.01246	0.00955	0.01370	0.00789	0.00789	0.02616	0.01536	0.78158	0.02118	0.01827	0.01329	0.00664	0.00540	0.00166	0.00457	0.00540	0.00664	0.00914
9	0.00760	0.00549	0.00718	0.00675	0.00802	0.00506	0.00506	0.01013	0.01519	0.02153	0.77503	0.04010	0.05065	0.01097	0.00633	0.00169	0.00253	0.00971	0.00591	0.00506
10	0.01435	0.81458	0.02813	0.00918	0.01378	0.02124	0.00918	0.01607	0.01091	0.01263	0.00746	0.00861	0.00689	0.00459	0.00344	0.00115	0.00574	0.00287	0.00230	0.00689
11	0.02076	0.00937	0.04678	0.00967	0.01344	0.00767	0.00826	0.02297	0.01452	0.62055	0.02194	0.08596	0.01627	0.00808	0.00567	0.00177	0.00463	0.06718	0.00617	0.00834
12	0.67375	0.01150	0.00910	0.00814	0.01099	0.07563	0.00656	0.01564	0.00950	0.02164	0.00794	0.01025	0.00663	0.04215	0.00572	0.00186	0.07075	0.00332	0.00319	0.00573
13	0.00822	0.00585	0.00747	0.00774	0.00821	0.00617	0.00563	0.00922	0.00928	0.01244	0.01965	0.04021	0.02172	0.45350	0.10203	0.00462	0.04240	0.22793	0.00368	0.00404
14	0.00821	0.00555	0.00723	0.00696	0.00824	0.00515	0.00525	0.01060	0.01447	0.04520	0.61777	0.10203	0.04545	0.01125	0.00626	0.00174	0.00275	0.04315	0.04761	0.00513
15	0.01160	0.07790	0.07576	0.00877	0.01377	0.00900	0.00779	0.03302	0.01149	0.01746	0.00946	0.01098	0.00780	0.00418	0.00406	0.00092	0.00449	0.00326	0.00309	0.68519
16	0.02041	0.02336	0.01506	0.01335	0.01636	0.66183	0.01015	0.08216	0.01604	0.07853	0.00974	0.01065	0.00762	0.00570	0.00493	0.00142	0.00895	0.00373	0.00330	0.00670
17	0.01301	0.17777	0.51196	0.01376	0.02033	0.07800	0.01622	0.07877	0.01272	0.01724	0.00938	0.01080	0.00702	0.00515	0.00478	0.00156	0.00749	0.00379	0.00257	0.00769
18	0.00684	0.00478	0.00646	0.00760	0.00796	0.00453	0.00520	0.00769	0.01015	0.01354	0.02796	0.70287	0.03318	0.01745	0.02873	0.05033	0.00360	0.05206	0.00477	0.00429
19	0.01267	0.01448	0.03167	0.02262	0.02805	0.01357	0.75837	0.01719	0.01267	0.01719	0.01086	0.01448	0.00814	0.00452	0.00633	0.00181	0.00905	0.00633	0.00271	0.00724
20	0.00751	0.00548	0.00705	0.00666	0.00796	0.00503	0.00499	0.00996	0.01498	0.02103	0.72384	0.04092	0.10215	0.01116	0.00633	0.00170	0.00255	0.00982	0.00584	0.00503
21	0.84927	0.01038	0.00789	0.00706	0.01038	0.01204	0.00581	0.01578	0.00914	0.02408	0.00747	0.00872	0.00581	0.00498	0.00332	0.00166	0.00415	0.00291	0.00332	0.00581
22	0.01267	0.01448	0.03167	0.02262	0.02805	0.01357	0.75837	0.01719	0.01267	0.01719	0.01086	0.01448	0.00814	0.00452	0.00633	0.00181	0.00905	0.00633	0.00271	0.00724
23	0.01335	0.01153	0.01214	0.01092	0.01396	0.01335	0.00850	0.02852	0.76817	0.02245	0.02185	0.02003	0.01639	0.00728	0.00546	0.00182	0.00425	0.00607	0.00546	0.00850
24	0.84927	0.01038	0.00789	0.00706	0.01038	0.01204	0.00581	0.01578	0.00914	0.02408	0.00747	0.00872	0.00581	0.00498	0.00332	0.00166	0.00415	0.00291	0.00332	0.00581
25	0.01329	0.01275	0.02179	0.03295	0.77787	0.01275	0.01647	0.01647	0.01222	0.01754	0.01010	0.01329	0.00850	0.00478	0.00531	0.00159	0.00638	0.00478	0.00266	0.00850
26	0.00742	0.00548	0.00692	0.00656	0.00791	0.00499	0.00492	0.00978	0.01477	0.02051	0.67055	0.04177	0.15577	0.01135	0.00633	0.00171	0.00256	0.00994	0.00578	0.00499
27	0.00739	0.00548	0.00689	0.00654	0.00789	0.00498	0.00490	0.00973	0.01471	0.02037	0.65643	0.04200	0.16998	0.01141	0.00633	0.00171	0.00256	0.00997	0.00576	0.00498
28	0.02408	0.00914	0.01246	0.00955	0.01370	0.00789	0.00789	0.02616	0.01536	0.78158	0.02118	0.01827	0.01329	0.00664	0.00540	0.00166	0.00457	0.00540	0.00664	0.00914
29	0.01113	0.00954	0.01113	0.00795	0.01272	0.00716	0.00636	0.01352	0.01113	0.01749	0.00954	0.01113	0.00795	0.00398	0.00398	0.00080	0.00398	0.00318	0.00318	0.84417
30	0.04395	0.28640	0.40127	0.01265	0.01874	0.05731	0.01450	0.07758	0.01246	0.01698	0.00903	0.01037	0.00699	0.00506	0.00449	0.00149	0.00700	0.00361	0.00260	0.00752
31	0.00654	0.00467	0.00623	0.00747	0.00779	0.00436	0.00498	0.00747	0.01028	0.01370	0.02959	0.80785	0.03550	0.01682	0.00685	0.00218	0.00311	0.01526	0.00498	0.00436
32	0.00767	0.00575	0.00863	0.00863	0.00959	0.00671	0.00671	0.00959	0.00863	0.01246	0.01438	0.02109	0.01342	0.04026	0.79008	0.00863	0.01438	0.00575	0.00288	0.00479
33	0.00677	0.00541	0.00600	0.00593	0.00746	0.00470	0.00438	0.00841	0.01287	0.01639	0.26356	0.08220	0.50463	0.03883	0.00704	0.00190	0.00276	0.01092	0.00520	0.00464
34	0.15989	0.00934	0.01171	0.00914	0.01316	0.00857	0.00755	0.02445	0.01434	0.65691	0.01892	0.01670	0.01206	0.00637	0.00506	0.00166	0.00450	0.00499	0.00610	0.00859
35	0.01093	0.00618	0.00819	0.00739	0.00918	0.00559	0.00564	0.01324	0.01483	0.17865	0.55767	0.09828	0.04166	0.01055	0.00618	0.00172	0.00300	0.00927	0.00599	0.00585
36	0.84927	0.01038	0.00789	0.00706	0.01038	0.01204	0.00581	0.01578	0.00914	0.02408	0.00747	0.00872	0.00581	0.00498	0.00332	0.00166	0.00415	0.00291	0.00332	0.00581
37	0.00657	0.00545	0.00575	0.00568	0.00739	0.00463	0.00426	0.00815	0.01277	0.01578	0.18562	0.04955	0.64365	0.01312	0.00634	0.00179	0.00268	0.01103	0.00515	0.00463
38	0.02041	0.01504	0.01611	0.01235	0.01665	0.01665	0.01020	0.75997	0.02524	0.03383	0.01289	0.01289	0.00913	0.00644	0.00537	0.00161	0.00591	0.00483	0.00537	0.00913
39	0.84927	0.01038	0.00789	0.00706	0.01038	0.01204	0.00581	0.01578	0.00914	0.02408	0.00747	0.00872	0.00581	0.00498	0.00332	0.00166	0.00415	0.00291	0.00332	0.00581
40	0.02348	0.01011	0.01306	0.01001	0.01419	0.00933	0.00827	0.14693	0.01699	0.65852	0.01981	0.01738	0.01260	0.00661	0.00539	0.00165	0.00479	0.00531	0.00643	0.00913
41	0.00634	0.00544	0.00544	0.00544	0.00725	0.00453	0.00408	0.00770	0.01224	0.01450	0.05438	0.05166	0.77569	0.01359	0.00634	0.00181	0.00272	0.01133	0.00498	0.00453
42	0.01267	0.01448	0.03167	0.02262	0.02805	0.01357	0.75837	0.01719	0.01267	0.01719	0.01086	0.01448	0.00814	0.00452	0.00633	0.00181	0.00905	0.00633	0.00271	0.00724
43	0.01174	0.01174	0.01644	0.01409	0.01409	0.01644	0.01174	0.01292	0.00822	0.01292	0.00705	0.01174	0.00705	0.00940	0.01762	0.00235	0.80153	0.00470	0.00235	0.00587
44	0.00754	0.00631	0.01039	0.00990	0.01110	0.00588	0.12895	0.00908	0.01073	0.01430	0.02731	0.65277	0.05499	0.01469	0.00675	0.00211	0.00408	0.01366	0.00461	0.00484
45	0.02274	0.01129	0.01379	0.01057	0.01478	0.01109	0.00873	0.29435	0.01897	0.50829	0.01815	0.01630	0.01177	0.00657	0.00539	0.00164	0.00506	0.00519	0.00618	0.00913
46	0.84927	0.01038	0.00789	0.00706	0.01038	0.01204	0.00581	0.01578	0.00914	0.02408	0.00747	0.00872	0.00581	0.00498	0.00332	0.00166	0.00415	0.00291	0.00332	0.00581
47	0.00865	0.00618	0.00865	0.00989	0.01112	0.00618	0.00865	0.01112	0.01236	0.01606	0.02842	0.06055	0.03089	0.01483	0.00741	0.00247	0.00494	0.74174	0.00494	0.00494
48	0.01329	0.01275	0.02179	0.03295	0.77787	0.01275	0.01647	0.01647	0.01222	0.01754	0.01010	0.01329	0.00850	0.00478	0.00531	0.00159	0.00638	0.00478	0.00266	0.00850
