[name]
unknown

[dist]
# distance from previous block
# <min> <max>
8	1355

[block]
# block no. 0 follows, 40 sequences, length 57
# corresponding to MSA columns:
# 1444-1479,1481-1501
name=unknown_A
#
# <colnr> <probs for GDERKNQSTAVLIFYWHMCP>
#	G	D	E	R	K	N	Q	S	T	A	V	L	I	F	Y	W	H	M	C	P
0	0.01478	0.03787	0.05256	0.09999	0.17694	0.01207	0.01191	0.15919	0.02880	0.08515	0.07493	0.05468	0.05945	0.00811	0.00600	0.00182	0.00581	0.05302	0.00453	0.05241
1	0.04084	0.05535	0.04993	0.04362	0.15236	0.02368	0.01051	0.09748	0.05212	0.07860	0.06042	0.11731	0.04172	0.04014	0.00700	0.00191	0.02264	0.00701	0.00436	0.09297
2	0.01391	0.00994	0.01275	0.01298	0.10854	0.00953	0.00873	0.08942	0.10188	0.11565	0.04730	0.23416	0.02069	0.00966	0.00600	0.00177	0.00465	0.00845	0.00504	0.17895
3	0.01548	0.01293	0.04288	0.08045	0.11391	0.05520	0.06770	0.04640	0.08343	0.13831	0.02842	0.05406	0.01267	0.00646	0.00557	0.00160	0.00601	0.00565	0.00427	0.21860
4	0.01468	0.01199	0.01387	0.03922	0.11690	0.07042	0.00940	0.13631	0.04872	0.06838	0.01671	0.05162	0.04325	0.17444	0.01144	0.00253	0.04816	0.00639	0.00418	0.11140
5	0.01382	0.02194	0.37993	0.06600	0.05821	0.05766	0.01611	0.10303	0.10516	0.02099	0.03417	0.01474	0.01054	0.00611	0.00557	0.00176	0.00734	0.00487	0.00352	0.06854
6	0.05809	0.01301	0.06483	0.13265	0.08739	0.04624	0.01143	0.15669	0.01609	0.20093	0.01741	0.13863	0.01466	0.00825	0.00592	0.00188	0.00606	0.00693	0.00485	0.00807
7	0.09364	0.02319	0.03388	0.04150	0.01416	0.02223	0.00823	0.07622	0.08382	0.18555	0.12596	0.02280	0.01908	0.07709	0.04500	0.00242	0.00551	0.01594	0.00508	0.09871
8	0.01069	0.03672	0.04888	0.03962	0.01378	0.10291	0.05624	0.01263	0.01131	0.01457	0.04645	0.16878	0.01886	0.07246	0.27418	0.04521	0.00962	0.00796	0.00358	0.00553
9	0.00986	0.00880	0.04013	0.00950	0.01085	0.04464	0.00718	0.06770	0.04665	0.01778	0.09911	0.49740	0.03242	0.04053	0.00816	0.00229	0.03339	0.01278	0.00515	0.00568
10	0.01646	0.17278	0.12784	0.09702	0.05216	0.09061	0.02135	0.10590	0.02720	0.12063	0.01388	0.07396	0.01144	0.00686	0.00539	0.00168	0.00676	0.00545	0.00393	0.03869
11	0.01522	0.18707	0.16702	0.04397	0.01901	0.15912	0.06171	0.06236	0.01374	0.04323	0.01273	0.10377	0.01161	0.00746	0.00648	0.00177	0.06728	0.00576	0.00333	0.00736
12	0.00747	0.00569	0.00701	0.00762	0.00873	0.00503	0.00530	0.00877	0.01188	0.01567	0.06334	0.53934	0.19689	0.01612	0.00704	0.00214	0.00333	0.01434	0.00528	0.06902
13	0.01206	0.01034	0.01206	0.00861	0.01378	0.00775	0.00689	0.01464	0.01206	0.01895	0.01034	0.01206	0.00861	0.00431	0.00431	0.00086	0.00431	0.00345	0.00345	0.83118
14	0.04043	0.01356	0.01281	0.01109	0.02788	0.12121	0.00854	0.24047	0.09678	0.04893	0.01609	0.05147	0.01282	0.00712	0.00522	0.00160	0.00552	0.00554	0.20114	0.07178
15	0.03884	0.01190	0.01442	0.01119	0.01564	0.01168	0.00919	0.22430	0.07622	0.46690	0.01982	0.01788	0.01307	0.00706	0.00575	0.00177	0.00529	0.00561	0.00653	0.03693
16	0.04473	0.16246	0.09650	0.01258	0.01760	0.01400	0.09029	0.10621	0.07025	0.19931	0.03957	0.01573	0.01199	0.00619	0.00534	0.00163	0.00609	0.00510	0.00458	0.08986
17	0.01096	0.00916	0.01264	0.01215	0.01340	0.01072	0.03105	0.03749	0.06936	0.01719	0.02213	0.10007	0.02318	0.03173	0.04268	0.00285	0.21456	0.32817	0.00446	0.00605
18	0.00831	0.00623	0.00935	0.00935	0.01038	0.00727	0.00727	0.01038	0.00935	0.01350	0.01558	0.02285	0.01454	0.04361	0.77259	0.00935	0.01558	0.00623	0.00312	0.00519
19	0.01265	0.02469	0.51227	0.01709	0.02400	0.01429	0.11985	0.04593	0.07000	0.01920	0.01154	0.01359	0.00849	0.00608	0.00692	0.00193	0.07524	0.00494	0.00293	0.00839
20	0.01160	0.01031	0.01630	0.20078	0.28211	0.01101	0.01282	0.03562	0.01403	0.01954	0.24182	0.04889	0.02389	0.00808	0.00669	0.00186	0.03623	0.00720	0.00405	0.00717
21	0.02211	0.01629	0.01745	0.01338	0.01803	0.01803	0.01105	0.73997	0.02734	0.03665	0.01396	0.01396	0.00989	0.00698	0.00582	0.00175	0.00640	0.00524	0.00582	0.00989
22	0.00849	0.00601	0.00862	0.00862	0.00937	0.00676	0.00636	0.00977	0.00902	0.01278	0.01563	0.02532	0.01543	0.18615	0.56519	0.07938	0.01276	0.00656	0.00314	0.00464
23	0.01137	0.00759	0.01013	0.01080	0.01262	0.00769	0.00928	0.01548	0.09234	0.08287	0.02935	0.05693	0.03013	0.01442	0.00762	0.00253	0.00524	0.58189	0.00557	0.00616
24	0.01272	0.01272	0.01781	0.01527	0.01527	0.01781	0.01272	0.01399	0.00891	0.01399	0.00763	0.01272	0.00763	0.01018	0.01908	0.00254	0.78499	0.00509	0.00254	0.00636
25	0.01276	0.01066	0.01717	0.55405	0.11075	0.01208	0.01468	0.01631	0.01228	0.08020	0.01149	0.01539	0.00857	0.00571	0.00565	0.00179	0.00705	0.00504	0.00310	0.09527
26	0.01870	0.26753	0.05597	0.01266	0.01753	0.01703	0.07313	0.20582	0.09656	0.15796	0.01440	0.01444	0.01057	0.00623	0.00524	0.00164	0.00628	0.00490	0.00461	0.00880
27	0.01218	0.01040	0.01197	0.01034	0.01300	0.05397	0.03632	0.03144	0.20226	0.04163	0.29631	0.04056	0.05257	0.00930	0.00680	0.00179	0.04243	0.01744	0.00536	0.10394
28	0.00801	0.00583	0.00753	0.00733	0.00861	0.00536	0.00541	0.01046	0.01560	0.02180	0.62402	0.13888	0.09369	0.01285	0.00693	0.00190	0.00284	0.01138	0.00622	0.00536
29	0.01484	0.01234	0.01337	0.01176	0.01487	0.01415	0.00923	0.13622	0.53009	0.02527	0.06462	0.05895	0.01931	0.00858	0.00656	0.00197	0.03632	0.00702	0.00577	0.00876
30	0.01431	0.01264	0.01730	0.04610	0.01668	0.01628	0.03751	0.09910	0.05476	0.05386	0.01082	0.01519	0.00952	0.04744	0.01568	0.00249	0.51442	0.00546	0.00341	0.00702
31	0.01056	0.00735	0.00896	0.00833	0.01020	0.00730	0.00631	0.01567	0.15319	0.07181	0.47237	0.09546	0.05801	0.01120	0.00656	0.00188	0.00329	0.00979	0.03536	0.00640
32	0.01365	0.00780	0.00999	0.02016	0.01138	0.00772	0.00699	0.01660	0.05710	0.21693	0.21711	0.12969	0.10784	0.01088	0.00730	0.00193	0.06441	0.00908	0.07664	0.00679
33	0.01150	0.00856	0.01096	0.00962	0.01154	0.00886	0.03998	0.08911	0.10279	0.05125	0.32902	0.09167	0.03370	0.13089	0.01063	0.00250	0.03650	0.00908	0.00548	0.00634
34	0.02220	0.01385	0.01566	0.01226	0.01667	0.01471	0.01004	0.42748	0.12690	0.25091	0.01801	0.01680	0.01235	0.00717	0.00584	0.00179	0.00571	0.00561	0.00624	0.00979
35	0.01630	0.03580	0.01386	0.01173	0.06959	0.03223	0.00861	0.07533	0.07781	0.18710	0.01734	0.04587	0.04279	0.00708	0.00586	0.02887	0.00501	0.00543	0.00472	0.30867
36	0.01492	0.01655	0.16509	0.21274	0.17928	0.05748	0.01532	0.11007	0.04231	0.07267	0.03689	0.02726	0.01108	0.00634	0.00578	0.00182	0.00718	0.00537	0.00367	0.00819
37	0.01422	0.01167	0.01337	0.01168	0.01417	0.01371	0.00925	0.14838	0.34043	0.02298	0.04209	0.02058	0.01575	0.04812	0.09683	0.00300	0.12226	0.00625	0.03732	0.00791
38	0.27278	0.16997	0.03839	0.01417	0.01884	0.05972	0.22263	0.04708	0.01293	0.06672	0.01042	0.01224	0.00803	0.00545	0.00517	0.00173	0.01830	0.00457	0.00342	0.00742
39	0.00857	0.00595	0.00753	0.00774	0.00820	0.00619	0.00534	0.00948	0.00945	0.01277	0.01966	0.03885	0.02154	0.49456	0.20126	0.00604	0.00793	0.12101	0.00372	0.00421
40	0.00763	0.00568	0.00711	0.00726	0.00845	0.00515	0.00525	0.00963	0.01431	0.01939	0.41150	0.25974	0.18898	0.01426	0.00702	0.00201	0.00296	0.01258	0.00592	0.00515
41	0.00801	0.00593	0.00694	0.00688	0.00840	0.00531	0.00505	0.00975	0.01354	0.03922	0.24788	0.13623	0.37178	0.06101	0.04554	0.00254	0.00377	0.01158	0.00552	0.00513
42	0.01484	0.01268	0.01336	0.01191	0.01526	0.01464	0.00929	0.06553	0.71362	0.02493	0.02319	0.02132	0.01737	0.00785	0.00591	0.00196	0.00469	0.00651	0.00591	0.00924
43	0.13462	0.01037	0.01264	0.01002	0.01419	0.00988	0.00822	0.05576	0.07290	0.54613	0.02045	0.01837	0.01339	0.00698	0.00548	0.00179	0.00483	0.00550	0.03931	0.00917
44	0.05172	0.01538	0.01633	0.01264	0.01704	0.01702	0.01042	0.66518	0.02569	0.03527	0.01407	0.01430	0.01009	0.00691	0.00562	0.00172	0.00609	0.00517	0.05988	0.00946
45	0.01652	0.06998	0.09149	0.04249	0.06563	0.01294	0.09260	0.18246	0.01725	0.15384	0.12612	0.02116	0.05304	0.00750	0.00619	0.00180	0.01948	0.00640	0.00487	0.00824
46	0.01559	0.71088	0.07821	0.01063	0.01575	0.05890	0.01077	0.01776	0.01207	0.01402	0.00828	0.00958	0.00746	0.00506	0.00392	0.00130	0.00658	0.00322	0.00251	0.00750
47	0.79980	0.01118	0.00877	0.00777	0.01141	0.01284	0.00640	0.01761	0.01020	0.05966	0.00877	0.00992	0.00667	0.00548	0.00370	0.00180	0.00452	0.00327	0.00376	0.00646
48	0.01262	0.01083	0.01429	0.01222	0.01388	0.01294	0.03824	0.09169	0.04922	0.04824	0.07792	0.02781	0.17666	0.01078	0.01194	0.00220	0.33775	0.03981	0.00430	0.00665
49	0.00813	0.00591	0.00765	0.00727	0.00864	0.00543	0.00543	0.01075	0.01613	0.02266	0.69770	0.06846	0.08956	0.01224	0.00688	0.00185	0.00277	0.01080	0.00632	0.00543
50	0.01406	0.01348	0.02300	0.10849	0.68916	0.01373	0.01768	0.01756	0.01308	0.01859	0.01088	0.01450	0.00907	0.00524	0.00576	0.00175	0.00699	0.00518	0.00285	0.00894
51	0.00838	0.00569	0.00651	0.00664	0.00683	0.00563	0.00398	0.00865	0.00908	0.01199	0.02157	0.07062	0.05841	0.68114	0.02635	0.00516	0.00540	0.05042	0.00380	0.00375
52	0.01010	0.00505	0.00758	0.00758	0.00758	0.00505	0.00505	0.00758	0.00758	0.01010	0.01010	0.01768	0.01010	0.02020	0.02273	0.83081	0.00505	0.00505	0.00253	0.00253
53	0.01446	0.01325	0.02247	0.12255	0.64491	0.01350	0.01728	0.01791	0.01319	0.04822	0.01135	0.01474	0.00925	0.00534	0.00577	0.00175	0.00693	0.00521	0.00302	0.00891
54	0.01278	0.01216	0.02052	0.32306	0.45156	0.01312	0.01666	0.01632	0.01262	0.01727	0.01259	0.01646	0.03806	0.00580	0.00582	0.00182	0.00708	0.00546	0.00286	0.00798
55	0.01076	0.00829	0.01034	0.01110	0.03706	0.00876	0.00855	0.03922	0.18572	0.01872	0.02673	0.14049	0.02751	0.09715	0.00962	0.00273	0.00504	0.34071	0.00523	0.00626
56	0.12811	0.01458	0.10668	0.05313	0.04209	0.04036	0.05591	0.13076	0.04659	0.09249	0.06145	0.02864	0.01274	0.00638	0.00535	0.00165	0.00598	0.00520	0.00429	0.15764

[dist]
# distance from previous block
# <min> <max>
0	28

[block]
# block no. 1 follows, 40 sequences, length 23
# corresponding to MSA columns:
# 1530-1552
name=unknown_B
#
# <colnr> <probs for GDERKNQSTAVLIFYWHMCP>
#	G	D	E	R	K	N	Q	S	T	A	V	L	I	F	Y	W	H	M	C	P
0	0.01347	0.06935	0.14301	0.17098	0.08679	0.01334	0.07301	0.01944	0.13334	0.05540	0.01310	0.01509	0.00998	0.00589	0.00589	0.00171	0.02958	0.00502	0.00352	0.13210
1	0.43152	0.01034	0.00990	0.04668	0.01289	0.01150	0.00715	0.10291	0.01310	0.09198	0.01267	0.01414	0.00954	0.00746	0.03272	0.00199	0.00498	0.00430	0.16738	0.00684
2	0.00726	0.00565	0.00642	0.00673	0.00798	0.00500	0.00474	0.00863	0.01263	0.01604	0.13901	0.25452	0.39696	0.09052	0.00921	0.00241	0.00330	0.01284	0.00535	0.00480
3	0.01218	0.02935	0.73835	0.01635	0.02480	0.01333	0.02102	0.01877	0.01244	0.04532	0.01089	0.01255	0.00762	0.00559	0.00554	0.00184	0.00846	0.00435	0.00263	0.00864
4	0.00846	0.00564	0.00634	0.00634	0.00634	0.00564	0.00352	0.00846	0.00846	0.01128	0.01832	0.03805	0.02114	0.79563	0.02960	0.00564	0.00564	0.00846	0.00352	0.00352
5	0.01048	0.00645	0.00843	0.00764	0.00945	0.00586	0.00583	0.01310	0.01633	0.11883	0.62822	0.04097	0.08291	0.01142	0.00673	0.00183	0.00304	0.01000	0.00646	0.00603
6	0.01439	0.01382	0.02360	0.03569	0.75936	0.01382	0.01785	0.01785	0.01324	0.01900	0.01094	0.01439	0.00921	0.00518	0.00576	0.00173	0.00691	0.00518	0.00288	0.00921
7	0.06149	0.01396	0.01694	0.01397	0.01607	0.01747	0.01157	0.28612	0.05263	0.02363	0.01082	0.01345	0.00891	0.00861	0.01263	0.00218	0.41263	0.00511	0.00399	0.00782
8	0.00835	0.00606	0.00849	0.00849	0.00924	0.00681	0.00621	0.00984	0.00909	0.01287	0.01636	0.02716	0.01641	0.25717	0.56159	0.00829	0.01275	0.00686	0.00323	0.00472
9	0.01319	0.01229	0.01970	0.05416	0.28215	0.01312	0.11694	0.04474	0.12381	0.01916	0.05161	0.01901	0.01367	0.05277	0.06866	0.00270	0.07466	0.00616	0.00365	0.00786
10	0.02520	0.01132	0.01438	0.01102	0.01556	0.01066	0.00911	0.18689	0.01903	0.60147	0.02094	0.01849	0.01339	0.00715	0.00584	0.00179	0.00527	0.00571	0.00689	0.00989
11	0.01272	0.01272	0.01781	0.01527	0.01527	0.01781	0.01272	0.01399	0.00891	0.01399	0.00763	0.01272	0.00763	0.01018	0.01908	0.00254	0.78499	0.00509	0.00254	0.00636
12	0.01172	0.00812	0.01072	0.05333	0.07112	0.00816	0.00803	0.01612	0.13335	0.11352	0.14245	0.26008	0.09467	0.01206	0.00664	0.00204	0.00421	0.03142	0.00552	0.00671
13	0.42028	0.03672	0.09886	0.01362	0.08806	0.03568	0.06774	0.06078	0.01260	0.06350	0.01118	0.01426	0.00891	0.00605	0.00480	0.00182	0.00601	0.03805	0.00371	0.00737
14	0.09831	0.01386	0.14277	0.04777	0.01702	0.01022	0.01038	0.06175	0.01412	0.20358	0.05153	0.01562	0.01198	0.00596	0.00512	0.00151	0.00544	0.00470	0.00446	0.27391
15	0.00749	0.00582	0.00681	0.00676	0.00828	0.00514	0.00500	0.00947	0.01442	0.01894	0.36080	0.13372	0.36872	0.01388	0.00693	0.00195	0.00291	0.01199	0.00584	0.00514
16	0.01236	0.01008	0.01255	0.06793	0.01473	0.03065	0.02513	0.09253	0.12267	0.04341	0.15213	0.18635	0.02519	0.03393	0.00908	0.00217	0.12456	0.00887	0.01900	0.00671
17	0.28054	0.02570	0.03333	0.00971	0.01359	0.04725	0.00814	0.07833	0.04790	0.28752	0.03956	0.01620	0.01231	0.00661	0.00495	0.00175	0.00505	0.00490	0.06867	0.00800
18	0.05130	0.00623	0.00779	0.00845	0.00942	0.00606	0.00594	0.04298	0.01224	0.05765	0.04795	0.61611	0.03408	0.03485	0.00760	0.00235	0.00375	0.03451	0.00540	0.00533
19	0.06193	0.00923	0.01149	0.00920	0.01282	0.00850	0.00746	0.07002	0.01612	0.43417	0.11878	0.02195	0.01891	0.00752	0.00553	0.00169	0.00437	0.00612	0.12616	0.04802
20	0.00970	0.00673	0.00829	0.00811	0.00984	0.00641	0.00637	0.03428	0.04224	0.05389	0.33400	0.08710	0.17522	0.01278	0.00686	0.00202	0.00357	0.14128	0.04553	0.00578
21	0.02067	0.10911	0.04309	0.01301	0.01778	0.01832	0.01118	0.60131	0.05538	0.03282	0.01356	0.01368	0.00985	0.00673	0.00557	0.00170	0.00637	0.00501	0.00532	0.00953
22	0.08260	0.03292	0.08735	0.05045	0.05082	0.02452	0.07715	0.08733	0.03022	0.09506	0.02488	0.05650	0.01307	0.05531	0.04456	0.00237	0.04352	0.02600	0.01659	0.09876

[dist]
# distance from previous block
# <min> <max>
0	3

[block]
# block no. 2 follows, 40 sequences, length 8
# corresponding to MSA columns:
# 1561-1568
name=unknown_C
#
# <colnr> <probs for GDERKNQSTAVLIFYWHMCP>
#	G	D	E	R	K	N	Q	S	T	A	V	L	I	F	Y	W	H	M	C	P
0	0.13543	0.49147	0.07037	0.01080	0.01561	0.07909	0.01036	0.09678	0.01363	0.01832	0.00894	0.01012	0.00756	0.00537	0.00417	0.00144	0.00647	0.00347	0.00305	0.00757
1	0.64016	0.09848	0.06325	0.00868	0.01283	0.01389	0.00788	0.01792	0.01069	0.06987	0.00918	0.01027	0.00700	0.00547	0.00388	0.00174	0.00500	0.00339	0.00362	0.00681
2	0.06987	0.25337	0.05193	0.01195	0.06963	0.01389	0.00945	0.08620	0.01322	0.04762	0.01753	0.27072	0.01833	0.00989	0.00595	0.00183	0.02942	0.00816	0.00408	0.00696
3	0.01288	0.01009	0.01305	0.25853	0.02113	0.03469	0.01030	0.08113	0.12251	0.06531	0.11343	0.07062	0.01985	0.06794	0.00869	0.04071	0.00579	0.03214	0.00450	0.00672
4	0.06034	0.00625	0.00739	0.00747	0.00898	0.00591	0.00546	0.01236	0.01276	0.10268	0.11735	0.33805	0.10968	0.01285	0.00624	0.00196	0.00337	0.01118	0.16407	0.00565
5	0.01938	0.00849	0.01094	0.00890	0.01217	0.00770	0.00716	0.05000	0.01617	0.44200	0.17023	0.02471	0.02251	0.00806	0.00571	0.00172	0.00413	0.00669	0.16521	0.00814
6	0.01942	0.01496	0.01594	0.01284	0.01701	0.01678	0.01040	0.49099	0.28068	0.03232	0.01737	0.01668	0.01265	0.00730	0.00585	0.00182	0.00577	0.00571	0.00585	0.00965
7	0.03862	0.00843	0.00934	0.00859	0.01094	0.00868	0.00660	0.01780	0.25679	0.05184	0.28706	0.03727	0.21341	0.01087	0.00640	0.00191	0.00355	0.00922	0.00593	0.00677

[dist]
# distance from previous block
# <min> <max>
1	2

[block]
# block no. 3 follows, 40 sequences, length 21
# corresponding to MSA columns:
# 1571-1591
name=unknown_D
#
# <colnr> <probs for GDERKNQSTAVLIFYWHMCP>
#	G	D	E	R	K	N	Q	S	T	A	V	L	I	F	Y	W	H	M	C	P
0	0.11108	0.01407	0.13974	0.02928	0.01660	0.04010	0.03041	0.04847	0.05130	0.32516	0.04442	0.09268	0.01549	0.00784	0.00573	0.00186	0.00573	0.00643	0.00529	0.00832
1	0.01555	0.79913	0.03047	0.00995	0.01493	0.02301	0.00995	0.01741	0.01182	0.01368	0.00808	0.00933	0.00746	0.00498	0.00373	0.00124	0.00622	0.00311	0.00249	0.00746
2	0.33845	0.04564	0.01829	0.11345	0.13891	0.05624	0.13834	0.03836	0.01240	0.03566	0.00998	0.01248	0.00776	0.00542	0.00500	0.00179	0.00669	0.00452	0.00329	0.00730
3	0.01572	0.01152	0.01257	0.01091	0.01379	0.05126	0.00867	0.17714	0.18339	0.11238	0.13242	0.04788	0.06302	0.00997	0.00739	0.03590	0.03186	0.06087	0.00563	0.00773
4	0.00858	0.00614	0.00685	0.00664	0.00857	0.00527	0.00499	0.01030	0.01390	0.07399	0.17182	0.10570	0.52856	0.01393	0.00683	0.00196	0.00310	0.01180	0.00571	0.00537
5	0.01439	0.01382	0.02360	0.03569	0.75936	0.01382	0.01785	0.01785	0.01324	0.01900	0.01094	0.01439	0.00921	0.00518	0.00576	0.00173	0.00691	0.00518	0.00288	0.00921
6	0.00814	0.00560	0.00661	0.00677	0.00710	0.00544	0.00417	0.00877	0.01028	0.01385	0.13307	0.16609	0.05547	0.51925	0.02164	0.00438	0.00473	0.01026	0.00434	0.00407
7	0.00835	0.00606	0.00847	0.00847	0.00921	0.00679	0.00618	0.00982	0.00909	0.01285	0.01638	0.02727	0.01646	0.26239	0.55644	0.00827	0.01269	0.00688	0.00323	0.00471
8	0.01566	0.73944	0.05661	0.01040	0.01542	0.05349	0.01042	0.01769	0.01202	0.01388	0.00821	0.00948	0.00746	0.00504	0.00386	0.00128	0.00648	0.00318	0.00251	0.00747
9	0.00810	0.00598	0.00759	0.00732	0.00878	0.00548	0.00557	0.01065	0.01579	0.02181	0.60614	0.04672	0.15823	0.01258	0.00694	0.00190	0.00294	0.05591	0.00619	0.00539
10	0.03798	0.03781	0.07338	0.01254	0.06808	0.01117	0.00969	0.20674	0.04220	0.09472	0.02189	0.30116	0.03615	0.01097	0.00628	0.00198	0.00516	0.00943	0.00514	0.00753
11	0.30722	0.01154	0.01293	0.01063	0.01453	0.01227	0.05428	0.06659	0.17771	0.21690	0.01810	0.01745	0.04222	0.00687	0.00518	0.00185	0.00503	0.00535	0.00522	0.00814
12	0.00829	0.00561	0.00635	0.00645	0.00656	0.00554	0.00370	0.00843	0.00886	0.01173	0.02112	0.09368	0.05509	0.70439	0.02698	0.00524	0.00535	0.00921	0.00374	0.00367
13	0.01555	0.79913	0.03047	0.00995	0.01493	0.02301	0.00995	0.01741	0.01182	0.01368	0.00808	0.00933	0.00746	0.00498	0.00373	0.00124	0.00622	0.00311	0.00249	0.00746
14	0.01075	0.00668	0.00916	0.00963	0.01119	0.00639	0.00794	0.01316	0.01405	0.10452	0.17315	0.15956	0.03619	0.01452	0.00746	0.00236	0.00451	0.39718	0.00578	0.00582
15	0.01346	0.01005	0.01211	0.01145	0.06156	0.01052	0.00831	0.16561	0.16430	0.05640	0.37898	0.03018	0.03359	0.00945	0.00634	0.00183	0.00423	0.00811	0.00599	0.00756
16	0.20544	0.01636	0.01348	0.07335	0.01658	0.25722	0.00964	0.08661	0.04448	0.05738	0.01161	0.01343	0.00911	0.00803	0.03890	0.00206	0.05832	0.00441	0.06662	0.00698
17	0.00873	0.00642	0.00852	0.00961	0.01099	0.00621	0.00814	0.01106	0.01320	0.01690	0.03622	0.11660	0.17113	0.01597	0.00777	0.00252	0.00475	0.53468	0.00537	0.00522
18	0.00715	0.00574	0.00663	0.02795	0.00899	0.00511	0.00514	0.00863	0.01274	0.01595	0.09938	0.29858	0.44656	0.01544	0.00703	0.00209	0.00320	0.01337	0.00540	0.00493
19	0.01535	0.04812	0.07412	0.16546	0.16762	0.01443	0.08106	0.15477	0.10625	0.06084	0.01370	0.01580	0.01036	0.00765	0.03722	0.00213	0.00730	0.00544	0.00394	0.00844
20	0.01043	0.00778	0.00928	0.00902	0.01077	0.00805	0.00669	0.01671	0.23275	0.04990	0.28987	0.26324	0.03727	0.01244	0.00671	0.00203	0.00357	0.01099	0.00598	0.00653

[dist]
# distance from previous block
# <min> <max>
1	12

[block]
# block no. 4 follows, 40 sequences, length 12
# corresponding to MSA columns:
# 1608-1619
name=unknown_E
#
# <colnr> <probs for GDERKNQSTAVLIFYWHMCP>
#	G	D	E	R	K	N	Q	S	T	A	V	L	I	F	Y	W	H	M	C	P
0	0.01229	0.05948	0.03842	0.06104	0.01392	0.04188	0.00837	0.12380	0.05373	0.01789	0.01512	0.02235	0.01393	0.19805	0.23383	0.00479	0.00891	0.00606	0.03581	0.03032
1	0.01120	0.00821	0.00950	0.00869	0.01083	0.00809	0.00641	0.06006	0.14582	0.05723	0.13249	0.19203	0.09865	0.12350	0.00967	0.00241	0.00416	0.00962	0.00527	0.09617
2	0.24143	0.01116	0.01206	0.00939	0.01351	0.01091	0.00765	0.05586	0.01211	0.04518	0.01003	0.01176	0.00812	0.00549	0.00585	0.00138	0.08961	0.00372	0.00364	0.44113
3	0.22118	0.03662	0.01445	0.10693	0.01812	0.03042	0.00979	0.23829	0.08068	0.13715	0.01382	0.01429	0.00992	0.00637	0.00515	0.00176	0.00573	0.00476	0.00483	0.03973
4	0.01791	0.02892	0.10533	0.01152	0.01561	0.02476	0.02488	0.11630	0.03036	0.26359	0.03255	0.01842	0.04021	0.00729	0.00689	0.00175	0.08589	0.00556	0.09361	0.06862
5	0.01688	0.00785	0.00948	0.00800	0.01060	0.00743	0.00623	0.06465	0.01470	0.30093	0.06675	0.02364	0.01760	0.09327	0.00781	0.00204	0.00411	0.00622	0.32461	0.00719
6	0.01522	0.00841	0.00963	0.00836	0.01082	0.00850	0.00644	0.07870	0.12113	0.18743	0.07999	0.02418	0.01872	0.09347	0.00789	0.00208	0.00411	0.00641	0.30138	0.00713
7	0.00967	0.00577	0.00832	0.09170	0.01086	0.00603	0.00592	0.00860	0.00839	0.01112	0.01310	0.05861	0.01379	0.20199	0.02179	0.50633	0.00541	0.00641	0.00290	0.00329
8	0.00983	0.00698	0.00832	0.00820	0.00995	0.00675	0.00614	0.01382	0.12259	0.07092	0.21306	0.23254	0.21113	0.01344	0.00685	0.00205	0.00349	0.04210	0.00584	0.00601
9	0.05747	0.01179	0.08190	0.06366	0.07111	0.01116	0.06783	0.10479	0.01361	0.01961	0.09599	0.12342	0.01900	0.06008	0.10755	0.00315	0.06962	0.00755	0.00400	0.00670
10	0.05834	0.09212	0.07418	0.09379	0.04102	0.11626	0.05186	0.10457	0.11564	0.11878	0.01426	0.01578	0.01076	0.00639	0.00545	0.00172	0.00679	0.01991	0.00424	0.04816
11	0.04699	0.04486	0.10635	0.07032	0.18819	0.01394	0.05344	0.10813	0.12842	0.05818	0.01408	0.03847	0.01114	0.00651	0.00611	0.00179	0.03424	0.00550	0.00397	0.05937

[dist]
# distance from previous block
# <min> <max>
10	67

[block]
# block no. 5 follows, 40 sequences, length 9
# corresponding to MSA columns:
# 1687-1695
name=unknown_F
#
# <colnr> <probs for GDERKNQSTAVLIFYWHMCP>
#	G	D	E	R	K	N	Q	S	T	A	V	L	I	F	Y	W	H	M	C	P
0	0.09090	0.11912	0.03820	0.03682	0.01651	0.05437	0.00997	0.21734	0.20176	0.08619	0.01665	0.01644	0.03441	0.00685	0.00532	0.00172	0.00579	0.00521	0.00489	0.03155
1	0.33673	0.01236	0.01197	0.00966	0.01364	0.05645	0.00785	0.08465	0.01320	0.10584	0.01096	0.01203	0.00835	0.00577	0.00532	0.00156	0.05377	0.00388	0.00406	0.24196
2	0.01753	0.11830	0.01532	0.04578	0.05354	0.05678	0.00911	0.07214	0.09942	0.23537	0.05575	0.05668	0.03172	0.00807	0.00612	0.03025	0.00534	0.00616	0.06870	0.00793
3	0.00721	0.00565	0.00653	0.00685	0.00820	0.00497	0.00493	0.00879	0.01324	0.01695	0.18892	0.27890	0.39771	0.01523	0.00704	0.00206	0.00304	0.01323	0.00560	0.00497
4	0.01255	0.01093	0.01497	0.36704	0.04679	0.07098	0.03413	0.05764	0.01276	0.05439	0.01467	0.10088	0.01337	0.07855	0.08281	0.00296	0.00790	0.00675	0.00350	0.00642
5	0.00757	0.00584	0.00692	0.00682	0.00833	0.00518	0.00505	0.00964	0.01466	0.01945	0.40633	0.12027	0.33568	0.01364	0.00692	0.00193	0.00289	0.01180	0.00590	0.00518
6	0.00867	0.00648	0.00914	0.00903	0.00981	0.00751	0.00680	0.01033	0.00938	0.01358	0.01644	0.06249	0.01634	0.15982	0.53335	0.00762	0.06409	0.00699	0.03714	0.00499
7	0.06211	0.19641	0.01959	0.05822	0.01762	0.07623	0.03562	0.15164	0.11062	0.09326	0.01289	0.01393	0.00994	0.00677	0.00698	0.00177	0.10945	0.00478	0.00413	0.00806
8	0.01952	0.01003	0.01273	0.01026	0.01402	0.00948	0.00837	0.05496	0.08958	0.41183	0.06621	0.02399	0.05947	0.00818	0.00657	0.00179	0.04479	0.03802	0.00610	0.10409

[dist]
# distance from previous block
# <min> <max>
13	74

[block]
# block no. 6 follows, 40 sequences, length 8
# corresponding to MSA columns:
# 1771-1778
name=unknown_G
#
# <colnr> <probs for GDERKNQSTAVLIFYWHMCP>
#	G	D	E	R	K	N	Q	S	T	A	V	L	I	F	Y	W	H	M	C	P
0	0.01332	0.01064	0.01316	0.05516	0.05890	0.00896	0.00832	0.03707	0.04548	0.06990	0.01340	0.01474	0.03225	0.00519	0.00478	0.00115	0.00473	0.00427	0.00385	0.59474
1	0.00798	0.00593	0.00743	0.00706	0.00854	0.00538	0.00529	0.01049	0.01587	0.02193	0.62877	0.04573	0.18325	0.01241	0.00686	0.00185	0.00278	0.01084	0.00622	0.00538
2	0.01232	0.01026	0.01153	0.04468	0.01418	0.01143	0.00836	0.04568	0.44621	0.02272	0.15542	0.09029	0.06461	0.00988	0.00630	0.00199	0.00430	0.02631	0.00577	0.00776
3	0.16833	0.05540	0.01222	0.00950	0.01260	0.01103	0.00772	0.06904	0.07903	0.22274	0.10983	0.06238	0.03287	0.00825	0.00618	0.00183	0.04998	0.00642	0.06708	0.00756
4	0.00769	0.00559	0.00736	0.00846	0.00927	0.00527	0.00627	0.00926	0.01223	0.01609	0.08091	0.49466	0.11031	0.01694	0.00748	0.00236	0.00377	0.18569	0.00545	0.00494
5	0.11828	0.00844	0.01007	0.00883	0.01168	0.00822	0.00704	0.01971	0.06909	0.29047	0.14866	0.07901	0.02365	0.00914	0.00577	0.00186	0.00411	0.05554	0.11302	0.00739
6	0.00903	0.00718	0.00867	0.00868	0.00946	0.04961	0.00624	0.01037	0.00960	0.01296	0.01713	0.07770	0.01772	0.26630	0.45497	0.00732	0.01149	0.00744	0.00338	0.00475
7	0.01718	0.01968	0.01396	0.01274	0.01500	0.46185	0.00968	0.04230	0.01521	0.01647	0.09636	0.05026	0.01532	0.01017	0.05866	0.00219	0.07098	0.00552	0.06009	0.00639

[dist]
# distance from previous block
# <min> <max>
0	2

[block]
# block no. 7 follows, 40 sequences, length 19
# corresponding to MSA columns:
# 1781-1799
name=unknown_H
#
# <colnr> <probs for GDERKNQSTAVLIFYWHMCP>
#	G	D	E	R	K	N	Q	S	T	A	V	L	I	F	Y	W	H	M	C	P
0	0.05057	0.10370	0.01692	0.06524	0.14930	0.07169	0.01102	0.01739	0.03152	0.11982	0.03104	0.08880	0.01403	0.02977	0.03059	0.01953	0.11870	0.01930	0.00386	0.00722
1	0.03979	0.20355	0.02126	0.01636	0.10768	0.32962	0.04496	0.03875	0.01429	0.04717	0.00971	0.01158	0.00809	0.00604	0.00627	0.00161	0.07859	0.00415	0.00308	0.00743
2	0.01079	0.00636	0.00738	0.00721	0.00868	0.00650	0.00540	0.01433	0.08312	0.04917	0.11493	0.10487	0.02250	0.01276	0.07674	0.04036	0.00435	0.00742	0.41137	0.00574
3	0.00998	0.00631	0.00793	0.00752	0.00911	0.00599	0.00579	0.01308	0.03653	0.06440	0.50429	0.03909	0.04256	0.01087	0.00634	0.00181	0.00311	0.06136	0.15810	0.00582
4	0.00741	0.00583	0.00676	0.00676	0.00830	0.00518	0.00500	0.00929	0.01395	0.01810	0.29055	0.13421	0.40812	0.01529	0.03690	0.00225	0.00342	0.01193	0.00565	0.00509
5	0.02154	0.01601	0.01713	0.01327	0.01782	0.01777	0.01092	0.68758	0.08065	0.03574	0.01468	0.01453	0.01047	0.00705	0.00582	0.00176	0.00627	0.00533	0.00582	0.00984
6	0.28721	0.01044	0.01109	0.00940	0.01293	0.01091	0.00755	0.07491	0.10098	0.27415	0.01814	0.08748	0.01405	0.00767	0.00517	0.00184	0.00461	0.00597	0.04755	0.00793
7	0.01555	0.79913	0.03047	0.00995	0.01493	0.02301	0.00995	0.01741	0.01182	0.01368	0.00808	0.00933	0.00746	0.00498	0.00373	0.00124	0.00622	0.00311	0.00249	0.00746
8	0.05260	0.01335	0.07424	0.05728	0.11962	0.01223	0.11342	0.11186	0.04801	0.20074	0.05922	0.03414	0.01480	0.00727	0.00629	0.00189	0.02102	0.03883	0.00478	0.00842
9	0.01560	0.04855	0.02055	0.18548	0.29562	0.08050	0.04666	0.15931	0.01592	0.02085	0.01210	0.01651	0.00996	0.00624	0.00581	0.00179	0.00732	0.03950	0.00351	0.00822
10	0.83671	0.01125	0.00855	0.00765	0.01125	0.01305	0.00630	0.01709	0.00990	0.02609	0.00810	0.00945	0.00630	0.00540	0.00360	0.00180	0.00450	0.00315	0.00360	0.00630
11	0.00895	0.00826	0.04498	0.00905	0.01069	0.00777	0.00749	0.01152	0.04613	0.01656	0.10159	0.08235	0.27408	0.09612	0.01087	0.00257	0.09648	0.15426	0.00483	0.00544
12	0.00760	0.00622	0.00810	0.00789	0.00936	0.00557	0.05069	0.00908	0.01237	0.01568	0.08714	0.28437	0.37066	0.08704	0.00914	0.00242	0.00375	0.01282	0.00513	0.00494
13	0.01334	0.04544	0.60901	0.01615	0.02385	0.04983	0.05128	0.01965	0.03521	0.06604	0.01157	0.01304	0.00821	0.00569	0.00556	0.00182	0.00833	0.00453	0.00291	0.00855
14	0.00849	0.00644	0.00878	0.00877	0.00991	0.00707	0.00662	0.01125	0.05665	0.01513	0.08433	0.09106	0.07416	0.08718	0.48881	0.00687	0.01118	0.00806	0.00395	0.00529
15	0.01096	0.00542	0.00796	0.00773	0.00811	0.00530	0.00530	0.00913	0.00880	0.05827	0.06603	0.01971	0.01368	0.01877	0.02050	0.71762	0.00487	0.00550	0.00310	0.00321
16	0.01879	0.20576	0.02011	0.02909	0.01745	0.23053	0.04529	0.15594	0.06830	0.08361	0.01236	0.01340	0.00963	0.00787	0.03947	0.00194	0.02401	0.00457	0.00395	0.00792
17	0.07182	0.06015	0.01299	0.00960	0.01345	0.04395	0.00781	0.05738	0.09597	0.26036	0.05099	0.01795	0.01419	0.00661	0.00510	0.00155	0.00478	0.00520	0.10954	0.15058
18	0.05097	0.15529	0.19006	0.01233	0.01717	0.01409	0.04387	0.15097	0.05057	0.05602	0.04655	0.10054	0.01432	0.00783	0.00589	0.02157	0.00616	0.00611	0.00409	0.04559

[dist]
# distance from previous block
# <min> <max>
8	59

[block]
# block no. 8 follows, 40 sequences, length 21
# corresponding to MSA columns:
# 1864-1884
name=unknown_I
#
# <colnr> <probs for GDERKNQSTAVLIFYWHMCP>
#	G	D	E	R	K	N	Q	S	T	A	V	L	I	F	Y	W	H	M	C	P
0	0.01340	0.01000	0.01180	0.06452	0.01409	0.01062	0.00793	0.25761	0.01584	0.02152	0.01697	0.11847	0.01667	0.21855	0.09955	0.00364	0.00678	0.00744	0.00442	0.08020
1	0.01284	0.01228	0.02093	0.08784	0.52964	0.01230	0.06301	0.01605	0.01298	0.01803	0.01689	0.07923	0.07820	0.00709	0.00606	0.00183	0.00653	0.00681	0.00328	0.00817
2	0.15532	0.00864	0.00982	0.01015	0.04680	0.00906	0.00749	0.07329	0.07066	0.02115	0.13763	0.11467	0.08641	0.07288	0.00815	0.00236	0.00452	0.14984	0.00504	0.00615
3	0.01355	0.34116	0.32809	0.01271	0.01876	0.01700	0.01432	0.04497	0.06151	0.01793	0.06895	0.01420	0.01191	0.00601	0.00493	0.00160	0.00682	0.00448	0.00313	0.00798
4	0.01494	0.01273	0.01342	0.01193	0.01530	0.01469	0.00932	0.07513	0.70384	0.02509	0.02306	0.02121	0.01726	0.00783	0.00591	0.00196	0.00471	0.00649	0.00591	0.00925
5	0.01639	0.67749	0.02909	0.01091	0.01586	0.03692	0.05134	0.01845	0.01239	0.07198	0.00946	0.01052	0.00808	0.00516	0.00410	0.00133	0.00641	0.00355	0.00289	0.00766
6	0.00709	0.00506	0.00675	0.00810	0.00843	0.00472	0.00540	0.00810	0.01113	0.01484	0.03205	0.79184	0.03846	0.01822	0.00742	0.00236	0.00337	0.01653	0.00540	0.00472
7	0.00833	0.00610	0.00841	0.00852	0.00939	0.00668	0.00636	0.00992	0.00971	0.01343	0.02027	0.03197	0.06651	0.21733	0.48655	0.00746	0.01159	0.06313	0.00354	0.00479
8	0.01403	0.10252	0.38140	0.01460	0.04156	0.04367	0.03505	0.11411	0.01524	0.04874	0.11874	0.01706	0.01493	0.00663	0.00562	0.00175	0.00713	0.00533	0.00370	0.00818
9	0.00752	0.00538	0.00723	0.00843	0.00900	0.00508	0.00601	0.00892	0.01189	0.01589	0.08789	0.62372	0.03897	0.01740	0.00747	0.00237	0.00363	0.12285	0.00547	0.00488
10	0.01759	0.00947	0.01282	0.01331	0.12018	0.03377	0.00896	0.01981	0.01492	0.36088	0.11976	0.18001	0.02417	0.00996	0.00633	0.00192	0.00482	0.02749	0.00591	0.00794
11	0.01417	0.01359	0.02320	0.08470	0.71210	0.01376	0.01774	0.01765	0.01314	0.01873	0.01090	0.01447	0.00912	0.00522	0.00576	0.00174	0.00696	0.00518	0.00286	0.00903
12	0.02786	0.01512	0.01757	0.18627	0.23418	0.18345	0.01346	0.03438	0.01349	0.04510	0.01131	0.01443	0.00908	0.00626	0.00676	0.00177	0.08310	0.00487	0.08414	0.00741
13	0.03292	0.01320	0.02265	0.12870	0.54381	0.01341	0.07323	0.01820	0.01322	0.06765	0.01165	0.01488	0.00927	0.00538	0.00581	0.00178	0.00706	0.00531	0.00315	0.00873
14	0.01508	0.01061	0.01280	0.01270	0.08011	0.01125	0.00898	0.02453	0.38554	0.15908	0.10007	0.08466	0.05094	0.00901	0.00614	0.00193	0.00452	0.00773	0.00587	0.00843
15	0.05175	0.00906	0.01306	0.10566	0.07386	0.01013	0.02831	0.04412	0.01151	0.09301	0.01550	0.02165	0.02984	0.12096	0.27599	0.00499	0.07449	0.00614	0.00364	0.00634
16	0.01660	0.00897	0.01113	0.00869	0.01267	0.00738	0.00698	0.01890	0.01444	0.31987	0.08083	0.02462	0.12832	0.00773	0.00551	0.00150	0.00418	0.00637	0.03507	0.28024
17	0.01125	0.00889	0.01013	0.04534	0.01282	0.00959	0.00750	0.07337	0.26416	0.02058	0.04356	0.25253	0.11901	0.01182	0.00641	0.00204	0.00416	0.02642	0.06359	0.00683
18	0.08753	0.03318	0.01454	0.05646	0.01659	0.01317	0.00946	0.27326	0.08490	0.26584	0.01724	0.01669	0.01193	0.00687	0.00547	0.00176	0.00542	0.00534	0.06542	0.00895
19	0.04901	0.00707	0.00796	0.00780	0.00965	0.00679	0.00594	0.05172	0.04442	0.04387	0.14821	0.16257	0.31136	0.04431	0.00767	0.00219	0.00371	0.07462	0.00549	0.00564
20	0.01910	0.26502	0.01859	0.01019	0.01435	0.01483	0.00888	0.16171	0.04547	0.23952	0.03723	0.01627	0.01265	0.00655	0.00498	0.00156	0.00529	0.00496	0.10445	0.00841

[dist]
# distance from previous block
# <min> <max>
3	11

[block]
# block no. 9 follows, 40 sequences, length 35
# corresponding to MSA columns:
# 1898-1932
name=unknown_J
#
# <colnr> <probs for GDERKNQSTAVLIFYWHMCP>
#	G	D	E	R	K	N	Q	S	T	A	V	L	I	F	Y	W	H	M	C	P
0	0.10325	0.05318	0.09242	0.04579	0.16494	0.04036	0.10518	0.13075	0.10731	0.04590	0.01420	0.01658	0.02191	0.00637	0.00565	0.00182	0.00677	0.02532	0.00397	0.00835
1	0.01313	0.11337	0.01661	0.03912	0.13466	0.04731	0.01067	0.09797	0.01320	0.01752	0.01620	0.13834	0.03587	0.01259	0.06257	0.05067	0.12658	0.04316	0.00370	0.00674
2	0.00835	0.00570	0.00685	0.00712	0.00744	0.00561	0.00457	0.00902	0.01008	0.01352	0.09087	0.14036	0.02788	0.53796	0.02228	0.00454	0.00504	0.08451	0.00423	0.00406
3	0.10453	0.00853	0.01075	0.00887	0.01203	0.00787	0.00707	0.02048	0.01552	0.40541	0.26653	0.02742	0.02738	0.04305	0.00699	0.00198	0.00419	0.00724	0.00639	0.00776
4	0.00916	0.00680	0.00841	0.00813	0.00970	0.00667	0.00611	0.01346	0.11587	0.03295	0.48018	0.14586	0.08441	0.01245	0.00683	0.00196	0.00322	0.03578	0.00612	0.00592
5	0.01189	0.00926	0.01093	0.01011	0.01219	0.01040	0.00772	0.07860	0.28118	0.02988	0.06280	0.06317	0.01957	0.10294	0.25739	0.00474	0.00826	0.00727	0.00477	0.00693
6	0.26836	0.01040	0.01108	0.00906	0.01273	0.01070	0.00740	0.12504	0.01532	0.29814	0.01641	0.01616	0.01138	0.00654	0.00483	0.00171	0.00461	0.00486	0.15727	0.00798
7	0.06803	0.01441	0.09994	0.01648	0.16069	0.01258	0.01220	0.17017	0.04872	0.31278	0.01655	0.01620	0.01136	0.00650	0.00566	0.00179	0.00599	0.00529	0.00528	0.00938
8	0.01600	0.74289	0.02945	0.01032	0.01515	0.07764	0.01004	0.01784	0.01216	0.01372	0.00815	0.00941	0.00746	0.00505	0.00384	0.00126	0.00653	0.00316	0.00252	0.00741
9	0.10479	0.01261	0.01449	0.17166	0.07751	0.10193	0.01085	0.10003	0.01393	0.10868	0.01304	0.05381	0.01071	0.00851	0.00824	0.08897	0.06089	0.00543	0.02695	0.00696
10	0.01304	0.01386	0.07616	0.10224	0.30393	0.01310	0.15683	0.01735	0.04669	0.02812	0.06702	0.01810	0.02347	0.01843	0.00731	0.00193	0.06043	0.00606	0.01798	0.00794
11	0.00747	0.00586	0.00678	0.00687	0.00843	0.00517	0.00515	0.00936	0.01403	0.01811	0.27391	0.13618	0.41211	0.01431	0.00700	0.00201	0.00307	0.05336	0.00571	0.00510
12	0.01062	0.00970	0.01575	0.62873	0.03415	0.01184	0.01426	0.02827	0.01182	0.01521	0.01450	0.01919	0.06313	0.01046	0.08647	0.00271	0.00820	0.00580	0.00291	0.00628
13	0.00764	0.00568	0.00712	0.00728	0.00846	0.00516	0.00526	0.00965	0.01431	0.01943	0.41508	0.26421	0.18078	0.01426	0.00703	0.00201	0.00297	0.01260	0.00592	0.00516
14	0.00840	0.00563	0.00642	0.00651	0.00656	0.00561	0.00373	0.00851	0.00868	0.01157	0.01925	0.07654	0.02225	0.74183	0.02808	0.00542	0.00552	0.02223	0.00365	0.00362
15	0.05259	0.24221	0.09909	0.31089	0.02598	0.11338	0.01368	0.01711	0.01217	0.01530	0.00930	0.01234	0.00752	0.00574	0.00559	0.00169	0.04158	0.00420	0.00264	0.00700
16	0.01022	0.00722	0.00877	0.00834	0.00900	0.00785	0.00572	0.01221	0.07212	0.05224	0.06363	0.12943	0.02303	0.43476	0.02048	0.00404	0.09822	0.00887	0.01887	0.00497
17	0.01938	0.03183	0.01604	0.20518	0.06932	0.03871	0.01145	0.15142	0.01688	0.30931	0.04692	0.03013	0.01323	0.00696	0.00582	0.00181	0.00615	0.00575	0.00519	0.00856
18	0.01560	0.04010	0.01491	0.07854	0.01780	0.01528	0.01017	0.15913	0.52742	0.02540	0.02020	0.01932	0.01509	0.00744	0.00581	0.00190	0.00526	0.00609	0.00549	0.00903
19	0.70963	0.01066	0.00863	0.00765	0.01112	0.01208	0.00626	0.01758	0.01056	0.07729	0.01006	0.01121	0.00760	0.00564	0.00380	0.00176	0.00438	0.00353	0.07409	0.00647
20	0.01499	0.01356	0.02263	0.03336	0.68902	0.01358	0.01700	0.01895	0.04558	0.05702	0.01210	0.01499	0.00985	0.00540	0.00577	0.00174	0.00671	0.00528	0.00323	0.00925
21	0.00799	0.00562	0.00713	0.00805	0.00888	0.00537	0.00579	0.00995	0.03342	0.01671	0.08246	0.50825	0.08646	0.01591	0.00706	0.00223	0.00351	0.09746	0.08270	0.00506
22	0.00946	0.00941	0.06460	0.24747	0.07431	0.00880	0.01097	0.01235	0.01265	0.01684	0.12142	0.20169	0.10447	0.01118	0.00659	0.00206	0.00538	0.07007	0.00428	0.00603
23	0.01104	0.00872	0.01398	0.37627	0.02504	0.00967	0.05321	0.01428	0.01328	0.06176	0.20270	0.07996	0.02298	0.00837	0.00612	0.00189	0.00571	0.00751	0.07124	0.00628
24	0.01389	0.03579	0.01775	0.07038	0.33932	0.01173	0.03356	0.01864	0.10165	0.08355	0.14664	0.02127	0.01898	0.00699	0.00585	0.00176	0.00560	0.00635	0.05217	0.00811
25	0.00895	0.00623	0.00883	0.00879	0.00992	0.00681	0.00666	0.01073	0.01005	0.04880	0.02069	0.09107	0.07121	0.09902	0.55574	0.00756	0.01232	0.00770	0.00370	0.00522
26	0.01606	0.66930	0.02794	0.01050	0.01523	0.06590	0.01001	0.04412	0.06637	0.01530	0.00948	0.01046	0.00830	0.00532	0.00405	0.00133	0.00636	0.00347	0.00288	0.00763
27	0.01189	0.07526	0.72231	0.01619	0.02457	0.01406	0.02081	0.01836	0.01225	0.01814	0.01030	0.01210	0.00737	0.00549	0.00542	0.00181	0.00845	0.00423	0.00246	0.00853
28	0.06618	0.01389	0.01641	0.22718	0.02341	0.02559	0.01194	0.39983	0.07086	0.06697	0.01368	0.01492	0.00983	0.00662	0.00569	0.00182	0.00652	0.00520	0.00483	0.00863
29	0.00890	0.00794	0.07427	0.00893	0.01063	0.00599	0.00716	0.01082	0.01229	0.05445	0.11455	0.52384	0.04600	0.01498	0.00696	0.00215	0.00394	0.03389	0.00525	0.04706
30	0.01769	0.11585	0.06156	0.01659	0.18876	0.01296	0.01156	0.07205	0.09571	0.23640	0.05805	0.01896	0.04031	0.00687	0.00560	0.00172	0.00565	0.00572	0.00489	0.02312
31	0.05964	0.00865	0.01213	0.06612	0.01437	0.00867	0.07745	0.05591	0.05312	0.06253	0.43549	0.03325	0.06956	0.00979	0.00643	0.00185	0.00432	0.00867	0.00556	0.00648
32	0.00969	0.00672	0.00933	0.01011	0.06370	0.00703	0.00665	0.01112	0.01007	0.05709	0.01970	0.07268	0.05534	0.27932	0.34867	0.00637	0.00977	0.00775	0.00371	0.00518
33	0.01373	0.24642	0.34073	0.01587	0.09763	0.01567	0.03809	0.04366	0.01331	0.04360	0.06919	0.01453	0.01171	0.00592	0.00520	0.00166	0.00711	0.00470	0.00312	0.00816
34	0.03915	0.23452	0.05726	0.03804	0.22167	0.04154	0.04903	0.06890	0.01402	0.10434	0.01313	0.06997	0.01121	0.00649	0.00529	0.00166	0.00650	0.00544	0.00366	0.00818

[dist]
# distance from previous block
# <min> <max>
3	74

[block]
# block no. 10 follows, 40 sequences, length 22
# corresponding to MSA columns:
# 2007-2028
name=unknown_K
#
# <colnr> <probs for GDERKNQSTAVLIFYWHMCP>
#	G	D	E	R	K	N	Q	S	T	A	V	L	I	F	Y	W	H	M	C	P
0	0.01528	0.01393	0.09407	0.01540	0.10207	0.04324	0.07164	0.09432	0.15874	0.12161	0.01930	0.16405	0.01690	0.00867	0.00612	0.00190	0.00595	0.00764	0.00482	0.03434
1	0.01052	0.00705	0.00992	0.00952	0.01083	0.00700	0.04192	0.03477	0.01240	0.09604	0.08370	0.40710	0.03961	0.08845	0.05882	0.00298	0.04134	0.02724	0.00511	0.00566
2	0.20360	0.03700	0.05818	0.03373	0.03576	0.04276	0.09068	0.09613	0.03717	0.11908	0.01202	0.01349	0.00902	0.00633	0.00681	0.00180	0.10142	0.00470	0.00400	0.08631
3	0.00750	0.00556	0.00694	0.00776	0.00865	0.00513	0.00557	0.00890	0.01216	0.01582	0.09489	0.42977	0.19959	0.06373	0.00867	0.00247	0.00361	0.10308	0.00536	0.00483
4	0.01625	0.71543	0.02908	0.01032	0.01526	0.02248	0.01007	0.09467	0.01348	0.01614	0.00871	0.00982	0.00772	0.00519	0.00395	0.00130	0.00624	0.00334	0.00284	0.00772
5	0.01983	0.04182	0.04800	0.06073	0.09703	0.01277	0.01110	0.16463	0.12038	0.29696	0.01755	0.01700	0.01219	0.00666	0.00567	0.00175	0.00573	0.00543	0.00545	0.04931
6	0.00802	0.00842	0.08777	0.00799	0.01004	0.00615	0.00683	0.00995	0.01227	0.01573	0.07451	0.14119	0.35165	0.14160	0.01063	0.00267	0.00430	0.09032	0.00482	0.00513
7	0.01425	0.41167	0.21654	0.01326	0.01838	0.01919	0.04430	0.04369	0.01211	0.01600	0.00899	0.01108	0.00761	0.00604	0.00691	0.00166	0.13405	0.00397	0.00263	0.00768
8	0.00824	0.00569	0.00708	0.00726	0.00754	0.00588	0.00463	0.00884	0.00902	0.01227	0.01958	0.13770	0.02202	0.51909	0.19474	0.00603	0.00758	0.00906	0.00369	0.00407
9	0.61706	0.01379	0.01037	0.00913	0.01273	0.13644	0.00734	0.01930	0.01169	0.10299	0.00983	0.01072	0.00736	0.00569	0.00411	0.00175	0.00552	0.00353	0.00389	0.00675
10	0.01401	0.01217	0.02002	0.42690	0.20747	0.03693	0.08223	0.01763	0.01290	0.09621	0.01192	0.01555	0.00890	0.00573	0.00588	0.00186	0.00753	0.00536	0.00319	0.00762
11	0.01154	0.01090	0.01845	0.65994	0.15741	0.01307	0.01643	0.01535	0.01189	0.01553	0.01043	0.01532	0.00799	0.00571	0.00580	0.00190	0.00761	0.00517	0.00263	0.00691
12	0.01813	0.01026	0.01328	0.02552	0.01490	0.01016	0.03064	0.19418	0.01801	0.28168	0.09660	0.09301	0.02248	0.01001	0.00649	0.00200	0.00522	0.13324	0.00609	0.00809
13	0.02418	0.01054	0.01514	0.01448	0.13632	0.00941	0.01006	0.02663	0.01609	0.64193	0.02098	0.01891	0.01355	0.00687	0.00583	0.00179	0.00527	0.00574	0.00649	0.00978
14	0.01186	0.00785	0.01020	0.08022	0.01369	0.00792	0.00780	0.01634	0.12036	0.12691	0.27109	0.11250	0.08675	0.01139	0.00667	0.00201	0.00416	0.08985	0.00580	0.00661
