[name]
unknown

[dist]
# distance from previous block
# <min> <max>
0	216

[block]
# block no. 0 follows, 47 sequences, length 72
# corresponding to MSA columns:
# 216-287
name=unknown_A
#
# <colnr> <probs for GDERKNQSTAVLIFYWHMCP>
#	G	D	E	R	K	N	Q	S	T	A	V	L	I	F	Y	W	H	M	C	P
0	0.01635	0.01071	0.01322	0.01079	0.01397	0.01111	0.05220	0.34947	0.04794	0.17631	0.01851	0.20437	0.01642	0.00878	0.00566	0.00174	0.00492	0.02478	0.00521	0.00754
1	0.15430	0.00915	0.01121	0.00909	0.01235	0.00907	0.00739	0.05734	0.04050	0.48040	0.01706	0.05347	0.01212	0.00740	0.00642	0.04346	0.05116	0.00523	0.00530	0.00759
2	0.04720	0.01195	0.03108	0.01018	0.01370	0.11854	0.03497	0.05846	0.11682	0.29743	0.11004	0.01785	0.01561	0.00647	0.00510	0.00152	0.00507	0.00526	0.00494	0.08782
3	0.00724	0.00610	0.00830	0.00733	0.00915	0.00543	0.07533	0.00923	0.01285	0.01677	0.32478	0.04194	0.40510	0.03901	0.00685	0.00183	0.00322	0.00982	0.00491	0.00480
4	0.01217	0.06392	0.53244	0.01396	0.02022	0.03639	0.03419	0.09687	0.07746	0.01820	0.01048	0.01178	0.00768	0.00540	0.00540	0.00164	0.03720	0.00412	0.00281	0.00767
5	0.01196	0.01306	0.02525	0.01888	0.02219	0.01420	0.48578	0.01514	0.01069	0.01514	0.00916	0.01306	0.00751	0.00614	0.01021	0.00195	0.30509	0.00556	0.00250	0.00653
6	0.00997	0.00942	0.01579	0.75573	0.05602	0.01174	0.01440	0.01335	0.01037	0.01338	0.00919	0.01377	0.00697	0.00532	0.00561	0.00175	0.03441	0.00463	0.00232	0.00585
7	0.01945	0.02482	0.01476	0.01342	0.01610	0.79608	0.01006	0.02079	0.01476	0.01275	0.00805	0.00939	0.00671	0.00537	0.00470	0.00134	0.00939	0.00335	0.00268	0.00604
8	0.01221	0.01378	0.02962	0.02116	0.02639	0.01282	0.72329	0.01648	0.01221	0.01670	0.01046	0.01387	0.00789	0.00436	0.00602	0.00170	0.00851	0.00598	0.00266	0.05391
9	0.01255	0.53605	0.21884	0.01094	0.01602	0.01719	0.04731	0.01541	0.01073	0.01359	0.00912	0.05414	0.00827	0.00524	0.00406	0.00134	0.00612	0.00388	0.00238	0.00682
10	0.02336	0.00886	0.01209	0.00927	0.01329	0.00765	0.00765	0.02538	0.01491	0.78810	0.02055	0.01773	0.01289	0.00645	0.00524	0.00161	0.00443	0.00524	0.00645	0.00886
11	0.01295	0.01119	0.01178	0.01060	0.01354	0.01295	0.00824	0.02767	0.77509	0.02178	0.02120	0.01943	0.01590	0.00707	0.00530	0.00177	0.00412	0.00589	0.00530	0.00824
12	0.00766	0.00511	0.00627	0.00620	0.00733	0.00477	0.00456	0.00982	0.01306	0.01907	0.46339	0.14324	0.08685	0.01060	0.00567	0.00162	0.00254	0.00928	0.18820	0.00477
13	0.00760	0.00577	0.00850	0.00841	0.00925	0.00678	0.00650	0.00932	0.00831	0.01199	0.01383	0.02091	0.01313	0.08327	0.72220	0.00795	0.04325	0.00566	0.00279	0.00460
14	0.00778	0.00547	0.00687	0.00649	0.00778	0.00516	0.00488	0.01062	0.03922	0.02066	0.66623	0.03639	0.05510	0.01009	0.00585	0.00160	0.00251	0.00885	0.09345	0.00501
15	0.76260	0.01023	0.00832	0.00725	0.01057	0.01167	0.00597	0.05356	0.01000	0.06933	0.00830	0.00921	0.00623	0.00500	0.00344	0.00161	0.00414	0.00306	0.00351	0.00599
16	0.13085	0.02225	0.01386	0.01246	0.01530	0.64590	0.00946	0.06356	0.01454	0.01533	0.00820	0.00945	0.00669	0.00535	0.00453	0.00139	0.00846	0.00336	0.00290	0.00615
17	0.00636	0.00455	0.00606	0.00724	0.00756	0.00424	0.00484	0.00730	0.01005	0.01343	0.04179	0.80012	0.03470	0.01622	0.00664	0.00211	0.00301	0.01471	0.00485	0.00424
18	0.01502	0.62284	0.04269	0.00951	0.01391	0.01877	0.00917	0.10295	0.04883	0.06039	0.00933	0.00997	0.00773	0.00491	0.00380	0.00124	0.00550	0.00332	0.00296	0.00716
19	0.01331	0.27373	0.26864	0.01125	0.01635	0.01369	0.03234	0.06896	0.01210	0.09783	0.01141	0.05872	0.00942	0.00681	0.03193	0.00168	0.00627	0.00444	0.00311	0.05802
20	0.01336	0.01283	0.10905	0.22055	0.16388	0.01149	0.14331	0.04197	0.05493	0.13312	0.03565	0.01500	0.01005	0.00542	0.00537	0.00167	0.00650	0.00511	0.00339	0.00735
21	0.00891	0.00545	0.00690	0.00649	0.00786	0.00506	0.00488	0.01123	0.01376	0.07667	0.53992	0.08273	0.03907	0.00987	0.00566	0.00159	0.00263	0.00863	0.15756	0.00515
22	0.01512	0.15528	0.01560	0.01078	0.01427	0.05372	0.00886	0.20601	0.41929	0.02236	0.01596	0.01529	0.01210	0.00632	0.00490	0.00158	0.00503	0.00492	0.00461	0.00801
23	0.01083	0.09460	0.66034	0.01423	0.02142	0.01263	0.04354	0.01626	0.01099	0.01615	0.00920	0.01086	0.00670	0.00483	0.00480	0.00156	0.00737	0.00380	0.00226	0.04763
24	0.01329	0.10570	0.45940	0.01429	0.04338	0.01259	0.07788	0.04016	0.03849	0.12938	0.01137	0.01235	0.00807	0.00517	0.00495	0.00159	0.00686	0.00425	0.00307	0.00777
25	0.00650	0.00471	0.00616	0.00714	0.00766	0.00437	0.00491	0.00763	0.01062	0.01414	0.10076	0.66257	0.08618	0.01550	0.00659	0.00206	0.00301	0.04027	0.00492	0.00433
26	0.00633	0.00459	0.00598	0.00709	0.00751	0.00424	0.00476	0.00727	0.01013	0.01336	0.03071	0.74998	0.09675	0.01605	0.00661	0.00209	0.00299	0.01449	0.00483	0.00424
27	0.00905	0.00558	0.00832	0.00806	0.00866	0.00563	0.04263	0.00915	0.06539	0.01142	0.01414	0.13991	0.01463	0.01610	0.01565	0.56353	0.00449	0.05123	0.00305	0.00340
28	0.01045	0.02694	0.79000	0.01484	0.02254	0.01209	0.01924	0.01649	0.01099	0.01649	0.00935	0.01099	0.00660	0.00495	0.00495	0.00165	0.00770	0.00385	0.00220	0.00770
29	0.00647	0.00462	0.00619	0.00740	0.00776	0.00434	0.00506	0.00747	0.01010	0.01344	0.02863	0.76593	0.03416	0.01619	0.00668	0.00213	0.00313	0.06118	0.00483	0.00427
30	0.00805	0.00560	0.00725	0.00795	0.00865	0.00560	0.00620	0.00944	0.01014	0.01328	0.02289	0.04840	0.02534	0.35088	0.01529	0.00351	0.00490	0.43842	0.00411	0.00411
31	0.05157	0.00746	0.00928	0.00869	0.01052	0.00765	0.03901	0.03508	0.18647	0.06820	0.15236	0.31797	0.06252	0.01110	0.00591	0.00185	0.00363	0.00982	0.00503	0.00589
32	0.01260	0.01452	0.03003	0.02158	0.02673	0.04719	0.73275	0.01686	0.01240	0.01651	0.01043	0.01385	0.00785	0.00443	0.00608	0.00174	0.00881	0.00602	0.00264	0.00698
33	0.01574	0.00730	0.00958	0.00796	0.01063	0.00659	0.00630	0.01832	0.04256	0.40830	0.30081	0.02677	0.04012	0.03596	0.00626	0.00173	0.00361	0.00697	0.03754	0.00696
34	0.85377	0.01007	0.00765	0.00685	0.01007	0.01168	0.00564	0.01531	0.00886	0.02336	0.00725	0.00846	0.00564	0.00483	0.00322	0.00161	0.00403	0.00282	0.00322	0.00564
35	0.01268	0.00969	0.01216	0.12580	0.04253	0.00939	0.00836	0.14644	0.05022	0.07418	0.08953	0.05545	0.02429	0.00625	0.00490	0.00135	0.00457	0.00524	0.00404	0.31293
36	0.00728	0.00526	0.00671	0.00643	0.00765	0.00483	0.00479	0.00955	0.01412	0.01985	0.65617	0.08242	0.10877	0.01104	0.00610	0.00166	0.00250	0.00972	0.03032	0.00483
37	0.03113	0.00833	0.01168	0.05042	0.09932	0.00829	0.05326	0.08582	0.03218	0.10943	0.30473	0.02548	0.05417	0.00781	0.00544	0.00159	0.00410	0.00685	0.09359	0.00636
38	0.01894	0.06584	0.01594	0.01250	0.01586	0.35488	0.00998	0.36664	0.01874	0.02203	0.01002	0.01086	0.00771	0.00589	0.00539	0.00147	0.04215	0.00399	0.00381	0.00737
39	0.00744	0.00545	0.00699	0.00667	0.00791	0.00510	0.00497	0.01013	0.03687	0.02025	0.69209	0.08186	0.07270	0.01094	0.00615	0.00167	0.00254	0.00967	0.00564	0.00496
40	0.01093	0.00976	0.01310	0.01142	0.01196	0.01274	0.00919	0.08114	0.00951	0.01397	0.01000	0.01646	0.00989	0.13684	0.14710	0.00365	0.47896	0.00520	0.00277	0.00543
41	0.00809	0.00588	0.00799	0.00905	0.01029	0.00577	0.00781	0.01033	0.01193	0.01536	0.03044	0.07503	0.11484	0.01430	0.00706	0.00232	0.00451	0.64945	0.00480	0.00474
42	0.01080	0.00926	0.01080	0.00771	0.01234	0.00694	0.00617	0.01311	0.01080	0.01697	0.00926	0.01080	0.00771	0.00386	0.00386	0.00077	0.00386	0.00309	0.00309	0.84882
43	0.01159	0.01093	0.01792	0.36069	0.39318	0.01208	0.01462	0.01591	0.08137	0.01586	0.01061	0.01392	0.00839	0.00511	0.00519	0.00165	0.00632	0.00475	0.00271	0.00719
44	0.01392	0.82012	0.02729	0.00891	0.01337	0.02061	0.00891	0.01559	0.01058	0.01225	0.00724	0.00835	0.00668	0.00446	0.00334	0.00111	0.00557	0.00278	0.00223	0.00668
45	0.01329	0.01250	0.02082	0.03080	0.73972	0.01259	0.01563	0.05976	0.01259	0.01793	0.00995	0.01287	0.00828	0.00473	0.00516	0.00155	0.00616	0.00464	0.00273	0.00828
46	0.00694	0.00525	0.00641	0.00635	0.00764	0.00473	0.00474	0.00889	0.01328	0.01786	0.45789	0.12397	0.26639	0.01213	0.00624	0.00175	0.00265	0.03687	0.00534	0.00468
47	0.01388	0.01165	0.01230	0.01079	0.01390	0.01339	0.00847	0.12801	0.67324	0.02328	0.02002	0.01849	0.01494	0.00695	0.00529	0.00174	0.00434	0.00573	0.00529	0.00833
48	0.52413	0.01208	0.01105	0.00932	0.01263	0.07800	0.05265	0.14448	0.03447	0.02315	0.00988	0.04961	0.00813	0.00573	0.00409	0.00162	0.00501	0.00407	0.00362	0.00631
49	0.01390	0.01262	0.06322	0.06708	0.13841	0.01216	0.17635	0.11847	0.17167	0.08762	0.03963	0.01767	0.01235	0.00613	0.00553	0.00170	0.00607	0.03776	0.00400	0.00767
50	0.01113	0.01080	0.01492	0.01301	0.01330	0.01477	0.01081	0.01317	0.05347	0.01323	0.00918	0.01494	0.00895	0.01071	0.05294	0.00255	0.67758	0.04617	0.00262	0.00575
51	0.06361	0.01448	0.02052	0.06194	0.02079	0.15396	0.33741	0.12910	0.01393	0.01815	0.01169	0.07666	0.00995	0.00717	0.03525	0.00192	0.00778	0.00581	0.00323	0.00666
52	0.61379	0.01344	0.00926	0.00836	0.01137	0.20252	0.00663	0.01651	0.01039	0.02061	0.00787	0.00916	0.00624	0.00502	0.00360	0.00153	0.00527	0.00304	0.03971	0.00570
53	0.00747	0.00546	0.00777	0.00777	0.00849	0.00618	0.00576	0.00892	0.00819	0.01165	0.01450	0.02349	0.01433	0.21211	0.62509	0.00763	0.01197	0.00602	0.00287	0.00432
54	0.67861	0.00982	0.00859	0.00736	0.01075	0.01083	0.00606	0.01743	0.01014	0.18467	0.01006	0.01041	0.00717	0.00517	0.00365	0.00161	0.00411	0.00333	0.00390	0.00632
55	0.00757	0.00505	0.00568	0.00568	0.00568	0.00505	0.00316	0.00757	0.00757	0.01010	0.01641	0.03408	0.01893	0.81698	0.02651	0.00505	0.00505	0.00757	0.00316	0.00316
56	0.00745	0.00530	0.00681	0.00643	0.00767	0.00489	0.00482	0.00987	0.01446	0.02060	0.72175	0.03828	0.06976	0.01050	0.00602	0.00162	0.00246	0.00924	0.04716	0.00489
57	0.01045	0.02694	0.79000	0.01484	0.02254	0.01209	0.01924	0.01649	0.01099	0.01649	0.00935	0.01099	0.00660	0.00495	0.00495	0.00165	0.00770	0.00385	0.00220	0.00770
58	0.00761	0.00515	0.00606	0.00613	0.00628	0.00523	0.00374	0.00790	0.00790	0.01058	0.01686	0.03439	0.01909	0.70565	0.08926	0.00517	0.00577	0.05065	0.00322	0.00338
59	0.01060	0.00923	0.01361	0.43617	0.05354	0.04704	0.03705	0.01379	0.03781	0.06019	0.07907	0.12286	0.04251	0.00751	0.00552	0.00175	0.00580	0.00667	0.00341	0.00587
60	0.03599	0.15901	0.01645	0.01112	0.01480	0.05368	0.03730	0.23545	0.31126	0.04960	0.01478	0.01443	0.01112	0.00610	0.00487	0.00156	0.00529	0.00477	0.00448	0.00794
61	0.01227	0.02031	0.51287	0.01259	0.01868	0.01050	0.01481	0.01764	0.05413	0.13508	0.08758	0.01522	0.01231	0.00580	0.00507	0.00161	0.00630	0.00468	0.00341	0.04913
62	0.01086	0.13098	0.35811	0.01160	0.01653	0.01169	0.03550	0.08435	0.03365	0.01702	0.03798	0.11929	0.09591	0.00755	0.00517	0.00164	0.00585	0.00624	0.00330	0.00678
63	0.01329	0.58424	0.05873	0.00860	0.01259	0.01699	0.00847	0.05685	0.01144	0.01495	0.00947	0.01079	0.00805	0.00488	0.00358	0.00118	0.00509	0.00333	0.16098	0.00651
64	0.02112	0.00826	0.01106	0.00866	0.01225	0.00722	0.00709	0.02320	0.01447	0.66831	0.05773	0.01895	0.01473	0.00661	0.00511	0.00157	0.00412	0.00540	0.09589	0.00824
65	0.01311	0.34899	0.40352	0.01188	0.01790	0.01514	0.01390	0.01698	0.01120	0.08927	0.00957	0.01057	0.00724	0.00489	0.00432	0.00143	0.00651	0.00355	0.00262	0.00740
66	0.00744	0.00558	0.00837	0.00837	0.00930	0.00651	0.00651	0.00930	0.00837	0.01209	0.01395	0.02046	0.01302	0.03906	0.79635	0.00837	0.01395	0.00558	0.00279	0.00465
67	0.04241	0.00910	0.01203	0.00927	0.01323	0.00812	0.00765	0.06151	0.01517	0.71937	0.01977	0.01728	0.01253	0.00639	0.00516	0.00160	0.00445	0.00515	0.02110	0.00872
68	0.00820	0.00666	0.00859	0.00804	0.00972	0.00659	0.04792	0.01159	0.09814	0.01691	0.19471	0.10623	0.26949	0.01130	0.00648	0.00183	0.03362	0.09489	0.05388	0.00519
69	0.01282	0.01202	0.02024	0.09963	0.53906	0.01232	0.08453	0.01734	0.09757	0.03619	0.01136	0.01394	0.00907	0.00499	0.00527	0.00161	0.00622	0.00493	0.00296	0.00792
70	0.00717	0.00578	0.00644	0.00619	0.00785	0.00529	0.00467	0.01001	0.07580	0.01724	0.32139	0.04342	0.44644	0.01174	0.00608	0.00171	0.00269	0.00999	0.00521	0.00491
71	0.00735	0.00516	0.00693	0.00803	0.00870	0.00501	0.00614	0.00886	0.01068	0.01425	0.02716	0.43829	0.03105	0.05978	0.00787	0.00236	0.00383	0.31051	0.03361	0.00442

[dist]
# distance from previous block
# <min> <max>
0	1

[block]
# block no. 1 follows, 47 sequences, length 19
# corresponding to MSA columns:
# 289-307
name=unknown_B
#
# <colnr> <probs for GDERKNQSTAVLIFYWHMCP>
#	G	D	E	R	K	N	Q	S	T	A	V	L	I	F	Y	W	H	M	C	P
0	0.12948	0.02100	0.01365	0.01222	0.01497	0.59529	0.00934	0.02009	0.01370	0.07727	0.00891	0.01003	0.00708	0.00554	0.00507	0.00144	0.04216	0.00349	0.00304	0.00620
1	0.00912	0.00727	0.00865	0.00959	0.01081	0.06209	0.00814	0.01127	0.01187	0.01500	0.02540	0.05350	0.02754	0.07023	0.00837	0.00251	0.00514	0.64420	0.00453	0.00477
2	0.00678	0.00524	0.00621	0.00633	0.00765	0.00467	0.00475	0.00852	0.01262	0.01646	0.30316	0.15543	0.36214	0.01283	0.00630	0.00182	0.00279	0.06657	0.00515	0.00458
3	0.01291	0.01266	0.02250	0.09914	0.37286	0.01285	0.24436	0.06963	0.06700	0.01801	0.01097	0.01378	0.00861	0.00490	0.00548	0.00165	0.00687	0.00519	0.00295	0.00768
4	0.00660	0.00468	0.00615	0.00718	0.00752	0.00442	0.00483	0.00754	0.00999	0.01335	0.05454	0.67051	0.03318	0.09769	0.00868	0.00241	0.00329	0.04855	0.00469	0.00417
5	0.00809	0.00569	0.00742	0.00726	0.00783	0.00641	0.00522	0.00930	0.00841	0.01244	0.01478	0.02463	0.01478	0.31537	0.34858	0.00571	0.06491	0.00613	0.12281	0.00421
6	0.55091	0.06919	0.01120	0.00874	0.01207	0.14698	0.00714	0.10830	0.01190	0.02194	0.00803	0.00911	0.00629	0.00507	0.00373	0.00152	0.00526	0.00314	0.00330	0.00617
7	0.01252	0.01126	0.01902	0.26158	0.52070	0.01189	0.01509	0.01567	0.01158	0.05603	0.01019	0.01344	0.00810	0.00490	0.00518	0.00161	0.00632	0.00467	0.00270	0.00754
8	0.00989	0.00842	0.01031	0.00898	0.06592	0.00672	0.00642	0.01216	0.01159	0.01722	0.13011	0.01978	0.10505	0.00603	0.00456	0.00107	0.00367	0.00507	0.00365	0.56337
9	0.00669	0.00517	0.00618	0.00671	0.00788	0.00465	0.00504	0.00816	0.01155	0.01468	0.10578	0.28830	0.36089	0.01413	0.00648	0.00196	0.00310	0.13328	0.00491	0.00446
10	0.01084	0.01028	0.01743	0.55116	0.28134	0.01183	0.01496	0.01418	0.01089	0.01452	0.00943	0.01356	0.00737	0.00502	0.00519	0.00167	0.00669	0.00463	0.00240	0.00659
11	0.00720	0.00526	0.00676	0.00650	0.00770	0.00482	0.00483	0.00946	0.01418	0.01980	0.67029	0.09341	0.10782	0.01125	0.00618	0.00168	0.00251	0.00992	0.00560	0.00482
12	0.07490	0.06645	0.01714	0.01810	0.25078	0.30942	0.01147	0.15765	0.01502	0.01850	0.00931	0.01091	0.00750	0.00522	0.00475	0.00145	0.00712	0.00392	0.00313	0.00725
13	0.01254	0.01202	0.02052	0.11915	0.70001	0.01228	0.01581	0.01568	0.01169	0.01659	0.00973	0.01300	0.00810	0.00470	0.00516	0.00157	0.00627	0.00464	0.00255	0.00797
14	0.02099	0.01267	0.01445	0.01107	0.01520	0.01331	0.00915	0.51940	0.02129	0.28507	0.01519	0.01425	0.01020	0.00632	0.00522	0.00158	0.00530	0.00487	0.00562	0.00886
15	0.01888	0.01478	0.01688	0.01426	0.07933	0.07060	0.06346	0.55897	0.02138	0.07086	0.01227	0.01271	0.00881	0.00594	0.00524	0.00156	0.00617	0.00472	0.00470	0.00848
16	0.04582	0.07683	0.01694	0.01290	0.01574	0.07665	0.22156	0.08538	0.01264	0.01667	0.01712	0.23718	0.01767	0.00926	0.00606	0.00183	0.02085	0.09922	0.00374	0.00597
17	0.08351	0.44198	0.04874	0.06474	0.01533	0.06387	0.00952	0.06240	0.01189	0.10081	0.00928	0.01035	0.00744	0.00517	0.00461	0.00137	0.04568	0.00346	0.00299	0.00686
18	0.10660	0.04641	0.01618	0.17559	0.24733	0.06201	0.02395	0.08287	0.13167	0.01869	0.01141	0.01336	0.00891	0.00537	0.00485	0.00159	0.00585	0.00451	0.02566	0.00720

[dist]
# distance from previous block
# <min> <max>
0	7

[block]
# block no. 2 follows, 47 sequences, length 16
# corresponding to MSA columns:
# 315-330
name=unknown_C
#
# <colnr> <probs for GDERKNQSTAVLIFYWHMCP>
#	G	D	E	R	K	N	Q	S	T	A	V	L	I	F	Y	W	H	M	C	P
0	0.01620	0.11313	0.01680	0.01198	0.01566	0.10531	0.08362	0.22226	0.23286	0.07965	0.03989	0.01503	0.01189	0.00614	0.00507	0.00156	0.00577	0.00498	0.00443	0.00777
1	0.00996	0.00845	0.04586	0.11225	0.03143	0.05621	0.02921	0.01195	0.01168	0.09123	0.13314	0.38866	0.02653	0.01125	0.00600	0.00185	0.00444	0.01004	0.00443	0.00543
2	0.13561	0.55153	0.12198	0.00956	0.01424	0.01794	0.00983	0.06135	0.01123	0.01566	0.00783	0.00896	0.00665	0.00468	0.00364	0.00128	0.00563	0.00304	0.00255	0.00679
3	0.00702	0.00531	0.00647	0.00618	0.00756	0.00476	0.00464	0.00914	0.01391	0.01890	0.56998	0.04216	0.26214	0.01138	0.00615	0.00167	0.00251	0.00987	0.00547	0.00476
4	0.85377	0.01007	0.00765	0.00685	0.01007	0.01168	0.00564	0.01531	0.00886	0.02336	0.00725	0.00846	0.00564	0.00483	0.00322	0.00161	0.00403	0.00282	0.00322	0.00564
5	0.02336	0.00886	0.01209	0.00927	0.01329	0.00765	0.00765	0.02538	0.01491	0.78810	0.02055	0.01773	0.01289	0.00645	0.00524	0.00161	0.00443	0.00524	0.00645	0.00886
6	0.01881	0.02359	0.01539	0.01525	0.09198	0.71868	0.01065	0.02032	0.01447	0.01317	0.00822	0.00974	0.00686	0.00529	0.00474	0.00136	0.00907	0.00348	0.00267	0.00626
7	0.00634	0.00453	0.00604	0.00725	0.00755	0.00423	0.00483	0.00725	0.00997	0.01329	0.02870	0.81358	0.03444	0.01632	0.00665	0.00211	0.00302	0.01480	0.00483	0.00423
8	0.00756	0.00512	0.00604	0.00604	0.00617	0.00524	0.00361	0.00780	0.00768	0.01036	0.01608	0.03225	0.01814	0.71256	0.12985	0.00549	0.00624	0.00731	0.00311	0.00336
9	0.00651	0.00511	0.00588	0.00606	0.00735	0.00449	0.00440	0.00802	0.01216	0.01563	0.23337	0.22463	0.42132	0.01327	0.00627	0.00181	0.00268	0.01148	0.00506	0.00449
10	0.85377	0.01007	0.00765	0.00685	0.01007	0.01168	0.00564	0.01531	0.00886	0.02336	0.00725	0.00846	0.00564	0.00483	0.00322	0.00161	0.00403	0.00282	0.00322	0.00564
11	0.18030	0.02116	0.01459	0.01279	0.01577	0.58545	0.06605	0.01942	0.01343	0.01510	0.00808	0.00956	0.00659	0.00519	0.00452	0.00142	0.00831	0.00346	0.00278	0.00603
12	0.00639	0.00457	0.00609	0.00722	0.00756	0.00426	0.00484	0.00738	0.01020	0.01366	0.06530	0.77594	0.03516	0.01604	0.00662	0.00209	0.00299	0.01454	0.00488	0.00426
13	0.01481	0.64772	0.07166	0.00959	0.01419	0.01894	0.00957	0.09041	0.01222	0.05723	0.00862	0.00944	0.00723	0.00477	0.00373	0.00122	0.00565	0.00317	0.00275	0.00708
14	0.01243	0.01022	0.05837	0.00863	0.01294	0.00776	0.00736	0.03494	0.01170	0.11793	0.03372	0.04000	0.01043	0.00513	0.00477	0.00108	0.03259	0.00409	0.00364	0.58225
15	0.01200	0.19973	0.41268	0.01225	0.01791	0.04105	0.02806	0.06129	0.01215	0.03417	0.03018	0.01570	0.06416	0.00599	0.00481	0.00155	0.00653	0.02981	0.00287	0.00710

[dist]
# distance from previous block
# <min> <max>
0	2

[block]
# block no. 3 follows, 47 sequences, length 23
# corresponding to MSA columns:
# 333-355
name=unknown_D
#
# <colnr> <probs for GDERKNQSTAVLIFYWHMCP>
#	G	D	E	R	K	N	Q	S	T	A	V	L	I	F	Y	W	H	M	C	P
0	0.00963	0.00576	0.00751	0.00681	0.00840	0.00527	0.00520	0.01203	0.01453	0.12238	0.63395	0.03490	0.04214	0.00981	0.00587	0.00161	0.00272	0.00858	0.05747	0.00543
1	0.01452	0.65505	0.02446	0.00960	0.01372	0.11527	0.00900	0.01724	0.07472	0.01311	0.00850	0.00940	0.00745	0.00478	0.00367	0.00120	0.00592	0.00311	0.00254	0.00673
2	0.01045	0.02694	0.79000	0.01484	0.02254	0.01209	0.01924	0.01649	0.01099	0.01649	0.00935	0.01099	0.00660	0.00495	0.00495	0.00165	0.00770	0.00385	0.00220	0.00770
3	0.04108	0.06903	0.02184	0.02671	0.54897	0.01308	0.11030	0.01610	0.01161	0.03728	0.00977	0.01263	0.00806	0.00487	0.00569	0.00158	0.04629	0.00465	0.00267	0.00779
4	0.00686	0.03498	0.00710	0.00758	0.00814	0.00504	0.00539	0.00797	0.01022	0.01352	0.02778	0.69709	0.03290	0.01565	0.00659	0.00211	0.00332	0.09863	0.00473	0.00439
5	0.00634	0.00456	0.00602	0.00719	0.00754	0.00424	0.00481	0.00726	0.01003	0.01332	0.02945	0.78996	0.05759	0.01622	0.00663	0.00210	0.00301	0.01469	0.00483	0.00424
6	0.00836	0.00682	0.01020	0.01065	0.06414	0.00815	0.00772	0.01015	0.00853	0.01243	0.01278	0.01917	0.01205	0.05934	0.60896	0.00695	0.12044	0.00544	0.00272	0.00499
7	0.01358	0.70181	0.08540	0.00949	0.01409	0.01941	0.00967	0.01651	0.06424	0.01325	0.00838	0.00934	0.00732	0.00468	0.00360	0.00120	0.00563	0.00308	0.00244	0.00687
8	0.01249	0.01070	0.01137	0.01026	0.01306	0.01228	0.00797	0.02619	0.71181	0.02171	0.08449	0.02105	0.01866	0.00736	0.00537	0.00176	0.00398	0.00618	0.00534	0.00797
9	0.00757	0.00505	0.00568	0.00568	0.00568	0.00505	0.00316	0.00757	0.00757	0.01010	0.01641	0.03408	0.01893	0.81698	0.02651	0.00505	0.00505	0.00757	0.00316	0.00316
10	0.03908	0.01300	0.01394	0.01091	0.01471	0.01420	0.00895	0.59469	0.05546	0.07016	0.01618	0.01588	0.06373	0.00674	0.00517	0.00158	0.00521	0.00517	0.03697	0.00829
11	0.02067	0.00931	0.01193	0.00946	0.01317	0.00875	0.00771	0.05870	0.13833	0.58913	0.06056	0.01888	0.01511	0.00676	0.00529	0.00164	0.00434	0.00554	0.00617	0.00855
12	0.00757	0.00505	0.00568	0.00568	0.00568	0.00505	0.00316	0.00757	0.00757	0.01010	0.01641	0.03408	0.01893	0.81698	0.02651	0.00505	0.00505	0.00757	0.00316	0.00316
13	0.85377	0.01007	0.00765	0.00685	0.01007	0.01168	0.00564	0.01531	0.00886	0.02336	0.00725	0.00846	0.00564	0.00483	0.00322	0.00161	0.00403	0.00282	0.00322	0.00564
14	0.27369	0.01189	0.01214	0.01044	0.01341	0.10346	0.08557	0.03092	0.22658	0.01967	0.03281	0.03671	0.01265	0.04277	0.00574	0.00183	0.00522	0.04422	0.00389	0.02638
15	0.00645	0.00499	0.00588	0.00628	0.00737	0.00443	0.00447	0.00782	0.01165	0.01501	0.17604	0.34672	0.35635	0.01395	0.00634	0.00188	0.00275	0.01220	0.00500	0.00443
16	0.01056	0.00699	0.00818	0.00757	0.00957	0.00677	0.00575	0.05342	0.12244	0.12743	0.17209	0.17965	0.24673	0.01110	0.00594	0.00177	0.00331	0.00953	0.00532	0.00588
17	0.05593	0.04531	0.24062	0.19971	0.10375	0.05251	0.13799	0.01555	0.01123	0.01606	0.00985	0.01264	0.00750	0.00496	0.00497	0.00161	0.00699	0.00444	0.06160	0.00677
18	0.01359	0.01198	0.06823	0.01130	0.01535	0.01106	0.08626	0.04205	0.36650	0.10667	0.01630	0.01598	0.01207	0.00583	0.00503	0.00151	0.00487	0.00504	0.00444	0.19593
19	0.01097	0.00941	0.01088	0.00794	0.01244	0.00741	0.00633	0.01426	0.07085	0.01735	0.01019	0.01148	0.00836	0.00411	0.00397	0.00085	0.00388	0.00331	0.00326	0.78277
20	0.01242	0.01197	0.01818	0.08271	0.51470	0.04677	0.01376	0.01624	0.07535	0.01693	0.07107	0.01529	0.01183	0.00571	0.00609	0.00163	0.06374	0.00506	0.00302	0.00752
21	0.00689	0.00554	0.00675	0.06869	0.00961	0.00513	0.00520	0.00875	0.01262	0.01637	0.30693	0.10682	0.39810	0.01192	0.00612	0.00174	0.00294	0.01025	0.00496	0.00468
22	0.01348	0.00775	0.01159	0.01164	0.07297	0.00729	0.04845	0.01592	0.01313	0.25417	0.08685	0.03847	0.02346	0.01033	0.00629	0.00199	0.00481	0.35989	0.00509	0.00645

[dist]
# distance from previous block
# <min> <max>
3	10

[block]
# block no. 4 follows, 47 sequences, length 46
# corresponding to MSA columns:
# 367-412
name=unknown_E
#
# <colnr> <probs for GDERKNQSTAVLIFYWHMCP>
#	G	D	E	R	K	N	Q	S	T	A	V	L	I	F	Y	W	H	M	C	P
0	0.01376	0.06456	0.01321	0.01064	0.01381	0.01380	0.00847	0.10713	0.64353	0.02236	0.01934	0.01795	0.01453	0.00681	0.00516	0.00170	0.00439	0.00555	0.00509	0.00821
1	0.32870	0.01485	0.01471	0.04686	0.21536	0.22366	0.05346	0.01697	0.01149	0.01807	0.00840	0.01039	0.00679	0.00492	0.00437	0.00153	0.00642	0.00370	0.00284	0.00651
2	0.01466	0.07726	0.07150	0.01159	0.01504	0.04120	0.11929	0.01801	0.06241	0.24513	0.07022	0.05961	0.04904	0.00770	0.00624	0.00173	0.05570	0.06226	0.00443	0.00699
3	0.01807	0.01276	0.01400	0.01081	0.01483	0.01348	0.00886	0.53145	0.05718	0.10392	0.01538	0.01506	0.04877	0.00638	0.00511	0.00149	0.00515	0.00493	0.00507	0.10731
4	0.01199	0.01140	0.01905	0.25793	0.52592	0.01217	0.01515	0.01578	0.04961	0.01616	0.01021	0.01351	0.00825	0.00493	0.00518	0.00161	0.00631	0.00470	0.00264	0.00752
5	0.81168	0.01027	0.00881	0.00760	0.01093	0.01176	0.04365	0.01538	0.00903	0.02303	0.00742	0.00874	0.00575	0.00481	0.00337	0.00162	0.00427	0.00299	0.00319	0.00571
6	0.00755	0.00514	0.00615	0.00615	0.00631	0.00530	0.00374	0.00788	0.00771	0.01045	0.01598	0.03169	0.01790	0.68052	0.16155	0.00563	0.00661	0.00722	0.00309	0.00342
7	0.68626	0.00962	0.00818	0.00711	0.01035	0.01073	0.00584	0.01666	0.00987	0.13793	0.00974	0.01041	0.00712	0.00514	0.00355	0.00159	0.00401	0.00329	0.04653	0.00608
8	0.00757	0.00505	0.00568	0.00568	0.00568	0.00505	0.00316	0.00757	0.00757	0.01010	0.01641	0.03408	0.01893	0.81698	0.02651	0.00505	0.00505	0.00757	0.00316	0.00316
9	0.00716	0.00528	0.00669	0.00642	0.00767	0.00481	0.00478	0.00938	0.01412	0.01959	0.64674	0.08042	0.14502	0.01127	0.00617	0.00168	0.00251	0.00990	0.00557	0.00481
10	0.01989	0.01524	0.05257	0.01182	0.01599	0.08904	0.01000	0.53944	0.02135	0.15230	0.01323	0.01298	0.00919	0.00614	0.00515	0.00155	0.00597	0.00461	0.00502	0.00853
11	0.00750	0.00535	0.00720	0.00720	0.00772	0.00587	0.00505	0.00855	0.00802	0.01122	0.01502	0.02639	0.01559	0.37764	0.46129	0.00692	0.01008	0.00645	0.00295	0.00400
12	0.01425	0.65435	0.04355	0.00948	0.01385	0.01928	0.00919	0.08119	0.08477	0.01503	0.00908	0.00983	0.00775	0.00487	0.00373	0.00123	0.00550	0.00327	0.00278	0.00704
13	0.08000	0.01433	0.01450	0.01146	0.01535	0.06069	0.00936	0.57221	0.09410	0.05643	0.01297	0.01287	0.00931	0.00618	0.00504	0.00157	0.00562	0.00461	0.00497	0.00840
14	0.00757	0.00505	0.00568	0.00568	0.00568	0.00505	0.00316	0.00757	0.00757	0.01010	0.01641	0.03408	0.01893	0.81698	0.02651	0.00505	0.00505	0.00757	0.00316	0.00316
15	0.01199	0.04676	0.63921	0.01456	0.02163	0.01195	0.06608	0.01739	0.01147	0.09571	0.01051	0.01181	0.00733	0.00505	0.00501	0.00164	0.00737	0.00411	0.00266	0.00774
16	0.02277	0.00982	0.01268	0.00972	0.01377	0.00908	0.00803	0.14988	0.01651	0.66134	0.01920	0.01685	0.01221	0.00641	0.00523	0.00160	0.00465	0.00514	0.00624	0.00886
17	0.02153	0.01180	0.01391	0.01066	0.01476	0.01202	0.00881	0.40665	0.01983	0.39988	0.01641	0.01504	0.01082	0.00635	0.00522	0.00159	0.00510	0.00496	0.00581	0.00886
18	0.01392	0.82012	0.02729	0.00891	0.01337	0.02061	0.00891	0.01559	0.01058	0.01225	0.00724	0.00835	0.00668	0.00446	0.00334	0.00111	0.00557	0.00278	0.00223	0.00668
19	0.00840	0.00604	0.00815	0.04733	0.03534	0.00611	0.00649	0.01094	0.07405	0.05361	0.02592	0.46800	0.06618	0.01588	0.07846	0.00260	0.00460	0.07223	0.00457	0.00510
20	0.02336	0.00886	0.01209	0.00927	0.01329	0.00765	0.00765	0.02538	0.01491	0.78810	0.02055	0.01773	0.01289	0.00645	0.00524	0.00161	0.00443	0.00524	0.00645	0.00886
21	0.00616	0.00526	0.00529	0.00532	0.00705	0.00439	0.00398	0.00747	0.01182	0.01405	0.05216	0.06910	0.76379	0.01327	0.00617	0.00177	0.00265	0.01109	0.00484	0.00439
22	0.01088	0.10525	0.67610	0.01461	0.02186	0.01300	0.05554	0.01641	0.01102	0.01608	0.00920	0.01088	0.00667	0.00487	0.00485	0.00160	0.00754	0.00386	0.00222	0.00756
23	0.01029	0.00555	0.00614	0.00585	0.00728	0.00555	0.00445	0.04501	0.01199	0.05689	0.10712	0.05096	0.01811	0.00869	0.04448	0.00170	0.00328	0.00581	0.59568	0.00520
24	0.00839	0.00599	0.00839	0.00959	0.01079	0.00599	0.00839	0.01079	0.01199	0.01558	0.02757	0.05874	0.02997	0.01439	0.00719	0.00240	0.00480	0.74945	0.00480	0.00480
25	0.01662	0.02010	0.01518	0.01351	0.01525	0.52169	0.01053	0.01789	0.01237	0.01267	0.00762	0.01010	0.00675	0.00668	0.00906	0.00167	0.29008	0.00378	0.00254	0.00592
26	0.54843	0.01343	0.01088	0.00935	0.01263	0.17421	0.04548	0.04050	0.03085	0.06006	0.00878	0.00982	0.00671	0.00511	0.00389	0.00157	0.00546	0.00336	0.00336	0.00612
27	0.01282	0.01380	0.02984	0.02134	0.02655	0.01291	0.72934	0.01710	0.01242	0.05357	0.01101	0.01422	0.00814	0.00449	0.00610	0.00175	0.00857	0.00610	0.00282	0.00711
28	0.00746	0.00549	0.00793	0.00793	0.00871	0.00627	0.00596	0.00902	0.00824	0.01176	0.01435	0.02268	0.01398	0.16612	0.67060	0.00783	0.01250	0.00591	0.00285	0.00441
29	0.00640	0.00455	0.00603	0.00718	0.00747	0.00427	0.00476	0.00727	0.00987	0.01315	0.02817	0.77969	0.03377	0.05113	0.00751	0.00224	0.00311	0.01449	0.00476	0.00418
30	0.18636	0.00630	0.00597	0.00561	0.00743	0.00661	0.00436	0.02650	0.01092	0.05779	0.01506	0.01693	0.01164	0.00583	0.00366	0.00132	0.00291	0.00445	0.61507	0.00528
31	0.09958	0.06350	0.01474	0.01251	0.01538	0.65706	0.00957	0.04299	0.01428	0.01436	0.00807	0.00934	0.00667	0.00530	0.00450	0.00136	0.00857	0.00331	0.00279	0.00612
32	0.01003	0.00946	0.01597	0.75500	0.08380	0.01162	0.01456	0.01348	0.01051	0.01354	0.00929	0.01382	0.00703	0.00517	0.00520	0.00172	0.00689	0.00463	0.00233	0.00594
33	0.01253	0.01264	0.02536	0.01831	0.02315	0.01163	0.56332	0.03403	0.01239	0.05704	0.01185	0.05438	0.00951	0.00507	0.00578	0.00162	0.00750	0.00608	0.00307	0.12474
34	0.00650	0.00525	0.00578	0.00572	0.00726	0.00453	0.00426	0.00811	0.01257	0.01591	0.25253	0.08409	0.54396	0.01264	0.00618	0.00174	0.00261	0.01074	0.00508	0.00453
35	0.01032	0.00823	0.01131	0.04907	0.01278	0.00841	0.08336	0.11697	0.09189	0.02136	0.40524	0.04739	0.05446	0.00877	0.00577	0.00165	0.00396	0.00780	0.04526	0.00602
36	0.00723	0.00532	0.00677	0.00641	0.00769	0.00485	0.00480	0.00956	0.01441	0.02011	0.69859	0.04018	0.13279	0.01094	0.00614	0.00165	0.00248	0.00960	0.00563	0.00485
37	0.04804	0.01495	0.06863	0.02062	0.02583	0.04221	0.66651	0.01677	0.01217	0.01681	0.01024	0.01348	0.00769	0.00447	0.00591	0.00173	0.00855	0.00578	0.00264	0.00696
38	0.00744	0.00556	0.00827	0.00827	0.00917	0.00646	0.00639	0.00924	0.00834	0.01202	0.01404	0.02096	0.01324	0.06766	0.76804	0.00825	0.01362	0.00565	0.00280	0.00459
39	0.02318	0.00916	0.01227	0.00941	0.01344	0.00810	0.00777	0.06394	0.01540	0.74884	0.02013	0.01745	0.01268	0.00644	0.00524	0.00161	0.00450	0.00521	0.00638	0.00886
40	0.00751	0.00523	0.00691	0.00697	0.00739	0.00562	0.00475	0.00828	0.00801	0.01109	0.01568	0.06645	0.01676	0.40811	0.36082	0.03776	0.00881	0.00695	0.00305	0.00383
41	0.01269	0.01217	0.02078	0.08259	0.73544	0.01232	0.01588	0.01581	0.01176	0.01677	0.00976	0.01295	0.00816	0.00468	0.00516	0.00156	0.00624	0.00464	0.00256	0.00809
42	0.01272	0.01208	0.02038	0.11780	0.68157	0.01238	0.01566	0.03451	0.01201	0.01700	0.00980	0.01299	0.00812	0.00474	0.00516	0.00157	0.00626	0.00464	0.00261	0.00799
43	0.15106	0.61064	0.05642	0.00892	0.01324	0.01837	0.00879	0.01622	0.05051	0.01475	0.00807	0.00907	0.00699	0.00468	0.00349	0.00125	0.00533	0.00300	0.00255	0.00664
44	0.15255	0.01337	0.05075	0.01066	0.01452	0.03311	0.00904	0.40676	0.10093	0.09510	0.05214	0.01425	0.01134	0.00627	0.00492	0.00160	0.00519	0.00473	0.00483	0.00795
45	0.01459	0.05622	0.01791	0.10276	0.16531	0.23426	0.09584	0.01775	0.05681	0.04977	0.01012	0.01222	0.00807	0.00528	0.00564	0.00150	0.05388	0.00430	0.00293	0.08482

[dist]
# distance from previous block
# <min> <max>
0	14

[block]
# block no. 5 follows, 47 sequences, length 18
# corresponding to MSA columns:
# 434-451
name=unknown_F
#
# <colnr> <probs for GDERKNQSTAVLIFYWHMCP>
#	G	D	E	R	K	N	Q	S	T	A	V	L	I	F	Y	W	H	M	C	P
0	0.29820	0.01438	0.01195	0.06214	0.01469	0.20961	0.00848	0.09129	0.13110	0.01987	0.01032	0.01140	0.00805	0.00567	0.00502	0.00157	0.04935	0.00384	0.00349	0.03960
1	0.01019	0.02517	0.72586	0.01416	0.02133	0.01151	0.01807	0.01595	0.01130	0.01685	0.07261	0.01328	0.01008	0.00541	0.00505	0.00165	0.00727	0.00430	0.00249	0.00747
2	0.00983	0.00926	0.01562	0.80447	0.03587	0.01157	0.01446	0.01331	0.01041	0.01331	0.00926	0.01388	0.00694	0.00521	0.00521	0.00174	0.00694	0.00463	0.00231	0.00579
3	0.01139	0.01139	0.01595	0.01367	0.01367	0.01595	0.01139	0.01253	0.00798	0.01253	0.00684	0.01139	0.00684	0.00911	0.01709	0.00228	0.80745	0.00456	0.00228	0.00570
4	0.85377	0.01007	0.00765	0.00685	0.01007	0.01168	0.00564	0.01531	0.00886	0.02336	0.00725	0.00846	0.00564	0.00483	0.00322	0.00161	0.00403	0.00282	0.00322	0.00564
5	0.05060	0.01330	0.01443	0.01129	0.01525	0.01454	0.00926	0.55790	0.11274	0.12526	0.01435	0.01383	0.01008	0.00632	0.00515	0.00160	0.00531	0.00483	0.00530	0.00866
6	0.01163	0.01617	0.25516	0.16181	0.04228	0.01204	0.23580	0.01578	0.01122	0.05700	0.01048	0.02943	0.00806	0.00544	0.00636	0.00172	0.07293	0.00502	0.00268	0.03898
7	0.02278	0.00979	0.01266	0.00971	0.01376	0.00904	0.00802	0.14602	0.01646	0.66526	0.01924	0.01688	0.01223	0.00641	0.00523	0.00160	0.00464	0.00515	0.00624	0.00886
8	0.01045	0.02694	0.79000	0.01484	0.02254	0.01209	0.01924	0.01649	0.01099	0.01649	0.00935	0.01099	0.00660	0.00495	0.00495	0.00165	0.00770	0.00385	0.00220	0.00770
9	0.01022	0.00950	0.01514	0.70554	0.03309	0.01174	0.01369	0.01510	0.10570	0.01436	0.01074	0.01458	0.00806	0.00544	0.00522	0.00174	0.00659	0.00478	0.00269	0.00609
10	0.00910	0.00556	0.00748	0.00802	0.00915	0.00519	0.00613	0.01068	0.01158	0.11111	0.08982	0.42276	0.05532	0.01400	0.00656	0.00208	0.00362	0.21173	0.00510	0.00502
11	0.00723	0.00557	0.00757	0.00834	0.00872	0.00591	0.00609	0.00835	0.00997	0.01348	0.02584	0.62011	0.03045	0.01518	0.00802	0.00217	0.10348	0.10454	0.00451	0.00448
12	0.02336	0.00886	0.01209	0.00927	0.01329	0.00765	0.00765	0.02538	0.01491	0.78810	0.02055	0.01773	0.01289	0.00645	0.00524	0.00161	0.00443	0.00524	0.00645	0.00886
13	0.03727	0.04388	0.07016	0.01220	0.01681	0.01076	0.15320	0.12861	0.01470	0.33367	0.01446	0.01435	0.00986	0.00548	0.00509	0.00151	0.00564	0.00481	0.00459	0.11293
14	0.01868	0.04129	0.01627	0.07238	0.03983	0.18056	0.06712	0.27102	0.03091	0.19108	0.01284	0.01321	0.00911	0.00579	0.00512	0.00154	0.00653	0.00459	0.00436	0.00779
15	0.01722	0.01803	0.01515	0.13878	0.06981	0.43879	0.03443	0.04357	0.01394	0.11054	0.01100	0.04538	0.00889	0.00589	0.00502	0.00150	0.00777	0.00449	0.00326	0.00654
16	0.01250	0.01059	0.01403	0.05407	0.07851	0.03110	0.07645	0.01663	0.10665	0.07482	0.01171	0.01298	0.00911	0.00468	0.00455	0.00118	0.00489	0.00409	0.00348	0.46798
17	0.06568	0.04565	0.01482	0.01264	0.04526	0.22533	0.05539	0.18969	0.11052	0.05732	0.01403	0.04626	0.01190	0.00692	0.00519	0.00163	0.00637	0.07428	0.00405	0.00706

[dist]
# distance from previous block
# <min> <max>
16	338

# created by:
# /home/berkeley/.conda/envs/busco_data_prod/bin/msa2prfl.pl pipeline/OGs_align_augustus/33634/5707.fs
