[name]
unknown

[dist]
# distance from previous block
# <min> <max>
0	347

[block]
# block no. 0 follows, 46 sequences, length 63
# corresponding to MSA columns:
# 349-411
name=unknown_A
#
# <colnr> <probs for GDERKNQSTAVLIFYWHMCP>
#	G	D	E	R	K	N	Q	S	T	A	V	L	I	F	Y	W	H	M	C	P
0	0.00896	0.00678	0.00812	0.00774	0.00862	0.02895	0.02250	0.05879	0.02558	0.01390	0.07221	0.09550	0.02093	0.40880	0.14950	0.00458	0.00652	0.04387	0.00371	0.00442
1	0.01137	0.07504	0.49266	0.01425	0.02032	0.03475	0.09755	0.03224	0.06120	0.01653	0.01121	0.02964	0.00899	0.06368	0.00668	0.00191	0.00727	0.00473	0.00269	0.00728
2	0.01595	0.00972	0.01466	0.06896	0.03829	0.00951	0.11838	0.07581	0.07790	0.30003	0.11394	0.05626	0.01832	0.00757	0.00574	0.00175	0.00516	0.04946	0.00511	0.00748
3	0.01062	0.00910	0.01056	0.00765	0.01214	0.00686	0.00610	0.01290	0.01104	0.01701	0.01258	0.01384	0.06344	0.00460	0.00408	0.00086	0.00383	0.00371	0.00326	0.78582
4	0.00901	0.00467	0.00686	0.00683	0.00692	0.00464	0.00457	0.00714	0.00750	0.01008	0.06489	0.01837	0.01245	0.04428	0.01983	0.75734	0.00446	0.00505	0.00258	0.00252
5	0.00727	0.00534	0.00681	0.00656	0.00780	0.00488	0.00488	0.00953	0.01430	0.01989	0.64580	0.09633	0.12789	0.01150	0.00627	0.00171	0.00256	0.01013	0.00566	0.00488
6	0.01060	0.02735	0.78682	0.01507	0.02288	0.01228	0.01953	0.01674	0.01116	0.01674	0.00949	0.01116	0.00670	0.00502	0.00502	0.00167	0.00781	0.00391	0.00223	0.00781
7	0.01254	0.01192	0.02023	0.04703	0.70959	0.01195	0.01538	0.01553	0.01187	0.01692	0.01132	0.07062	0.01026	0.00558	0.00534	0.00162	0.00607	0.00545	0.00278	0.00803
8	0.00767	0.00580	0.00852	0.00843	0.00933	0.00672	0.00652	0.00951	0.00892	0.01286	0.06914	0.02233	0.01589	0.06399	0.68653	0.00770	0.03639	0.00599	0.00305	0.00472
9	0.00982	0.00909	0.01513	0.74413	0.03420	0.01127	0.01385	0.01309	0.01036	0.01327	0.00992	0.01557	0.00792	0.06361	0.00684	0.00200	0.00691	0.00491	0.00241	0.00568
10	0.01064	0.00905	0.01061	0.00780	0.01218	0.00685	0.00617	0.01288	0.01090	0.01696	0.01082	0.06863	0.00979	0.00483	0.00412	0.00088	0.00385	0.00399	0.00326	0.78580
11	0.01200	0.01192	0.01926	0.29757	0.10794	0.04393	0.19998	0.03185	0.14263	0.01676	0.02812	0.02760	0.01035	0.00573	0.00577	0.00175	0.02127	0.00551	0.00316	0.00691
12	0.01053	0.00938	0.03995	0.01181	0.10898	0.02268	0.00807	0.05505	0.20992	0.01880	0.18910	0.15416	0.02542	0.09124	0.00797	0.00212	0.00431	0.01952	0.00465	0.00634
13	0.00644	0.00460	0.00613	0.00736	0.00767	0.00429	0.00491	0.00736	0.01012	0.01350	0.02914	0.81076	0.03497	0.01656	0.00675	0.00215	0.00307	0.01503	0.00491	0.00429
14	0.03397	0.17061	0.08198	0.01220	0.04698	0.01363	0.06889	0.20145	0.04985	0.20320	0.01359	0.01376	0.00975	0.00571	0.00485	0.00152	0.00561	0.00458	0.04988	0.00798
15	0.01333	0.59294	0.16259	0.01150	0.01670	0.01859	0.09009	0.01611	0.01100	0.01367	0.00808	0.00956	0.00690	0.00460	0.00398	0.00130	0.00638	0.00338	0.00230	0.00700
16	0.00716	0.00539	0.00662	0.00631	0.00770	0.00485	0.00474	0.00935	0.01421	0.01940	0.58988	0.04245	0.23957	0.01148	0.00624	0.00169	0.00254	0.00998	0.00558	0.00485
17	0.00759	0.00613	0.03299	0.00693	0.00840	0.00523	0.00547	0.01020	0.01484	0.02105	0.75288	0.03855	0.04845	0.01062	0.00619	0.00166	0.00267	0.00937	0.00570	0.00508
18	0.83003	0.01019	0.00789	0.00702	0.01031	0.01175	0.00578	0.01581	0.00916	0.04350	0.00771	0.00883	0.00592	0.00495	0.00332	0.00164	0.00410	0.00293	0.00336	0.00581
19	0.01975	0.02520	0.01498	0.01362	0.01634	0.79299	0.01021	0.02111	0.01498	0.01294	0.00817	0.00953	0.00681	0.00545	0.00477	0.00136	0.00953	0.00340	0.00272	0.00613
20	0.02626	0.01919	0.38728	0.15919	0.02349	0.03824	0.08871	0.06561	0.02644	0.05463	0.02970	0.01345	0.00878	0.00540	0.00518	0.00167	0.00713	0.00458	0.02778	0.00729
21	0.01183	0.26890	0.47320	0.01343	0.01994	0.01481	0.06566	0.01634	0.01111	0.01545	0.00891	0.01054	0.00686	0.00479	0.00456	0.00148	0.00708	0.00370	0.00230	0.03911
22	0.01384	0.01116	0.01191	0.01054	0.01361	0.01267	0.00825	0.06323	0.66240	0.06674	0.02226	0.02045	0.04441	0.00733	0.00540	0.00177	0.00423	0.00607	0.00542	0.00829
23	0.00705	0.00553	0.00641	0.00639	0.00780	0.00502	0.00471	0.00936	0.04735	0.01706	0.31492	0.16489	0.35902	0.01266	0.00628	0.00180	0.00274	0.01094	0.00527	0.00481
24	0.01638	0.08206	0.12803	0.01236	0.07025	0.02724	0.01049	0.22624	0.03614	0.19180	0.10370	0.04310	0.01512	0.00679	0.00524	0.00160	0.00539	0.00550	0.00467	0.00789
25	0.01195	0.01012	0.01511	0.55430	0.06043	0.01202	0.01291	0.15102	0.01330	0.01785	0.01072	0.01430	0.00804	0.00553	0.00514	0.00167	0.00638	0.00473	0.07800	0.00646
26	0.00644	0.00460	0.00613	0.00736	0.00767	0.00429	0.00491	0.00736	0.01012	0.01350	0.02914	0.81076	0.03497	0.01656	0.00675	0.00215	0.00307	0.01503	0.00491	0.00429
27	0.01261	0.01265	0.06293	0.29715	0.12776	0.01232	0.28434	0.03835	0.01223	0.07161	0.01087	0.01411	0.00805	0.00502	0.00561	0.00173	0.00744	0.00526	0.00288	0.00707
28	0.01751	0.00788	0.01028	0.00834	0.01143	0.00703	0.00671	0.04900	0.01511	0.47141	0.21966	0.02625	0.08893	0.00823	0.00559	0.00164	0.00382	0.00689	0.02682	0.00746
29	0.00695	0.00556	0.00633	0.00663	0.00823	0.00494	0.00531	0.00866	0.01227	0.01514	0.09283	0.05254	0.52848	0.01356	0.00653	0.00195	0.00326	0.21128	0.00496	0.00461
30	0.09946	0.00919	0.01178	0.00917	0.01308	0.00837	0.00756	0.05297	0.01494	0.65402	0.05020	0.01779	0.01375	0.00656	0.00516	0.00163	0.00443	0.00524	0.00616	0.00853
31	0.01247	0.01572	0.19866	0.15365	0.27678	0.04374	0.11363	0.01637	0.01200	0.05592	0.03005	0.01437	0.02217	0.00527	0.00535	0.00166	0.00700	0.00493	0.00281	0.00745
32	0.04800	0.29239	0.19322	0.05041	0.01767	0.01430	0.08272	0.01756	0.04733	0.12074	0.03466	0.01416	0.02265	0.00557	0.00467	0.00151	0.00607	0.01589	0.00326	0.00722
33	0.85155	0.01022	0.00777	0.00695	0.01022	0.01186	0.00573	0.01554	0.00900	0.02372	0.00736	0.00859	0.00573	0.00491	0.00327	0.00164	0.00409	0.00286	0.00327	0.00573
34	0.01975	0.02520	0.01498	0.01362	0.01634	0.79299	0.01021	0.02111	0.01498	0.01294	0.00817	0.00953	0.00681	0.00545	0.00477	0.00136	0.00953	0.00340	0.00272	0.00613
35	0.00781	0.00558	0.00770	0.00889	0.00980	0.00547	0.00725	0.00974	0.01155	0.01516	0.04335	0.30777	0.03232	0.01518	0.00710	0.00232	0.00422	0.48919	0.00490	0.00468
36	0.01189	0.01053	0.01138	0.00885	0.01300	0.03838	0.00699	0.01763	0.21849	0.01840	0.01265	0.01330	0.01006	0.00486	0.00435	0.00108	0.00420	0.00392	0.00373	0.58632
37	0.01935	0.02453	0.01504	0.01363	0.01622	0.75492	0.01028	0.02070	0.01464	0.01293	0.00811	0.00963	0.00682	0.00563	0.00538	0.00141	0.04849	0.00346	0.00270	0.00611
38	0.00658	0.00501	0.00608	0.00669	0.00764	0.00450	0.00476	0.00789	0.01143	0.01478	0.12832	0.43438	0.28564	0.01473	0.00654	0.00198	0.00294	0.04065	0.00502	0.00446
39	0.00626	0.00532	0.00539	0.00545	0.00717	0.00445	0.00406	0.00758	0.01196	0.01424	0.05236	0.08811	0.74262	0.01354	0.00627	0.00180	0.00270	0.01135	0.00491	0.00445
40	0.00643	0.00488	0.00593	0.00668	0.00751	0.00438	0.00462	0.00755	0.01096	0.01410	0.07106	0.53102	0.27525	0.01528	0.00656	0.00201	0.00292	0.01353	0.00495	0.00438
41	0.01899	0.01094	0.01243	0.00978	0.01332	0.01133	0.00800	0.38001	0.01897	0.25683	0.01613	0.01580	0.01120	0.00637	0.00495	0.00153	0.00470	0.00496	0.18564	0.00812
42	0.85155	0.01022	0.00777	0.00695	0.01022	0.01186	0.00573	0.01554	0.00900	0.02372	0.00736	0.00859	0.00573	0.00491	0.00327	0.00164	0.00409	0.00286	0.00327	0.00573
43	0.01096	0.00940	0.01096	0.00783	0.01253	0.00705	0.00626	0.01331	0.01096	0.01723	0.00940	0.01096	0.00783	0.00392	0.00392	0.00078	0.00392	0.00313	0.00313	0.84653
44	0.01096	0.00940	0.01096	0.00783	0.01253	0.00705	0.00626	0.01331	0.01096	0.01723	0.00940	0.01096	0.00783	0.00392	0.00392	0.00078	0.00392	0.00313	0.00313	0.84653
45	0.85155	0.01022	0.00777	0.00695	0.01022	0.01186	0.00573	0.01554	0.00900	0.02372	0.00736	0.00859	0.00573	0.00491	0.00327	0.00164	0.00409	0.00286	0.00327	0.00573
46	0.01212	0.01046	0.01097	0.00995	0.01276	0.01185	0.00772	0.02502	0.65806	0.02094	0.02631	0.02438	0.13025	0.00810	0.00551	0.00179	0.00396	0.00675	0.00531	0.00778
47	0.85155	0.01022	0.00777	0.00695	0.01022	0.01186	0.00573	0.01554	0.00900	0.02372	0.00736	0.00859	0.00573	0.00491	0.00327	0.00164	0.00409	0.00286	0.00327	0.00573
48	0.01308	0.01256	0.02146	0.03245	0.78123	0.01256	0.01622	0.01622	0.01204	0.01727	0.00994	0.01308	0.00837	0.00471	0.00523	0.00157	0.00628	0.00471	0.00262	0.00837
49	0.01315	0.01136	0.01195	0.01076	0.01375	0.01315	0.00837	0.02809	0.77168	0.02211	0.02152	0.01972	0.01614	0.00717	0.00538	0.00179	0.00418	0.00598	0.00538	0.00837
50	0.01315	0.01136	0.01195	0.01076	0.01375	0.01315	0.00837	0.02809	0.77168	0.02211	0.02152	0.01972	0.01614	0.00717	0.00538	0.00179	0.00418	0.00598	0.00538	0.00837
51	0.01981	0.01467	0.01571	0.01211	0.01629	0.01626	0.00998	0.73359	0.05533	0.03286	0.01305	0.01298	0.00928	0.00638	0.00529	0.00159	0.00575	0.00481	0.00529	0.00897
52	0.00689	0.00542	0.00624	0.00616	0.00770	0.00478	0.00471	0.00875	0.01320	0.01709	0.33459	0.04704	0.44264	0.01247	0.00632	0.00178	0.00276	0.06150	0.00526	0.00470
53	0.00821	0.00698	0.00966	0.01028	0.04461	0.00805	0.00731	0.00934	0.00977	0.01353	0.02320	0.49962	0.06226	0.01378	0.00964	0.00215	0.22856	0.02405	0.00407	0.00492
54	0.01578	0.00667	0.00806	0.00684	0.00929	0.00614	0.00544	0.01806	0.01281	0.34666	0.01879	0.01898	0.01335	0.00632	0.00439	0.00140	0.00333	0.00509	0.48591	0.00667
55	0.00644	0.00460	0.00613	0.00736	0.00767	0.00429	0.00491	0.00736	0.01012	0.01350	0.02914	0.81076	0.03497	0.01656	0.00675	0.00215	0.00307	0.01503	0.00491	0.00429
56	0.02372	0.00900	0.01227	0.00941	0.01350	0.00777	0.00777	0.02576	0.01513	0.78489	0.02086	0.01799	0.01309	0.00654	0.00532	0.00164	0.00450	0.00532	0.00654	0.00900
57	0.01020	0.00961	0.01559	0.58425	0.06744	0.01204	0.01368	0.01318	0.01026	0.01361	0.01033	0.05083	0.00887	0.00661	0.00733	0.00187	0.13484	0.02106	0.00253	0.00589
58	0.01340	0.11520	0.34822	0.01484	0.02064	0.01314	0.17898	0.01851	0.06289	0.11933	0.01174	0.01302	0.00850	0.00533	0.00557	0.00166	0.03359	0.00464	0.00312	0.00767
59	0.00700	0.00500	0.00678	0.00800	0.00855	0.00478	0.00588	0.00833	0.01067	0.01412	0.02883	0.60841	0.03374	0.01603	0.00690	0.00222	0.00355	0.21186	0.00490	0.00445
60	0.00644	0.00460	0.00613	0.00736	0.00767	0.00429	0.00491	0.00736	0.01012	0.01350	0.02914	0.81076	0.03497	0.01656	0.00675	0.00215	0.00307	0.01503	0.00491	0.00429
61	0.82910	0.01029	0.00814	0.00763	0.03087	0.01188	0.00601	0.01556	0.00908	0.02355	0.00743	0.00871	0.00580	0.00490	0.00332	0.00163	0.00415	0.00291	0.00325	0.00580
62	0.03887	0.28484	0.04548	0.00946	0.01395	0.01399	0.00851	0.13658	0.05847	0.07460	0.01073	0.01137	0.00844	0.00496	0.00417	0.00121	0.00501	0.00364	0.00354	0.26218

[dist]
# distance from previous block
# <min> <max>
1	10

[block]
# block no. 1 follows, 46 sequences, length 28
# corresponding to MSA columns:
# 422-449
name=unknown_B
#
# <colnr> <probs for GDERKNQSTAVLIFYWHMCP>
#	G	D	E	R	K	N	Q	S	T	A	V	L	I	F	Y	W	H	M	C	P
0	0.00914	0.00609	0.00850	0.00847	0.00977	0.00648	0.00670	0.01160	0.03785	0.07304	0.10590	0.06804	0.02169	0.04000	0.40888	0.00537	0.00916	0.13553	0.02261	0.00519
1	0.01516	0.01315	0.01965	0.02572	0.52234	0.03591	0.03680	0.15459	0.04360	0.06419	0.01148	0.01348	0.00900	0.00522	0.00527	0.00159	0.00619	0.00481	0.00344	0.00842
2	0.01528	0.10245	0.09442	0.01479	0.01901	0.23715	0.21136	0.07657	0.09072	0.03612	0.04326	0.01358	0.01019	0.00554	0.00522	0.00156	0.00755	0.00482	0.00330	0.00710
3	0.29354	0.00940	0.01080	0.00861	0.01243	0.00910	0.00710	0.02243	0.01313	0.53680	0.01646	0.01493	0.01069	0.00601	0.00465	0.00164	0.00437	0.00452	0.00548	0.00793
4	0.00748	0.00540	0.00707	0.00665	0.00790	0.00499	0.00499	0.00998	0.01496	0.02120	0.77844	0.03949	0.04988	0.01081	0.00624	0.00166	0.00249	0.00956	0.00582	0.00499
5	0.00654	0.00470	0.00623	0.00742	0.00782	0.00439	0.00506	0.00755	0.01028	0.01364	0.02983	0.74978	0.05749	0.01637	0.00676	0.00215	0.00315	0.05162	0.00491	0.00433
6	0.01060	0.02735	0.78682	0.01507	0.02288	0.01228	0.01953	0.01674	0.01116	0.01674	0.00949	0.01116	0.00670	0.00502	0.00502	0.00167	0.00781	0.00391	0.00223	0.00781
7	0.00652	0.00466	0.00623	0.00745	0.00779	0.00436	0.00504	0.00750	0.01020	0.01358	0.02909	0.78215	0.03479	0.01649	0.00677	0.00216	0.00314	0.04286	0.00491	0.00432
8	0.01975	0.02520	0.01498	0.01362	0.01634	0.79299	0.01021	0.02111	0.01498	0.01294	0.00817	0.00953	0.00681	0.00545	0.00477	0.00136	0.00953	0.00340	0.00272	0.00613
9	0.02372	0.00900	0.01227	0.00941	0.01350	0.00777	0.00777	0.02576	0.01513	0.78489	0.02086	0.01799	0.01309	0.00654	0.00532	0.00164	0.00450	0.00532	0.00654	0.00900
10	0.02010	0.01481	0.01587	0.01216	0.01639	0.01639	0.01005	0.76360	0.02486	0.03332	0.01269	0.01269	0.00899	0.00635	0.00529	0.00159	0.00582	0.00476	0.00529	0.00899
11	0.01413	0.81739	0.02770	0.00905	0.01357	0.02092	0.00905	0.01583	0.01074	0.01244	0.00735	0.00848	0.00678	0.00452	0.00339	0.00113	0.00565	0.00283	0.00226	0.00678
12	0.01724	0.37953	0.07914	0.01053	0.01515	0.01678	0.00995	0.25107	0.01587	0.14085	0.01131	0.01150	0.00846	0.00545	0.00441	0.00139	0.00569	0.00390	0.00388	0.00790
13	0.00998	0.00940	0.01586	0.80150	0.03641	0.01175	0.01468	0.01351	0.01057	0.01351	0.00940	0.01409	0.00705	0.00529	0.00529	0.00176	0.00705	0.00470	0.00235	0.00587
14	0.85155	0.01022	0.00777	0.00695	0.01022	0.01186	0.00573	0.01554	0.00900	0.02372	0.00736	0.00859	0.00573	0.00491	0.00327	0.00164	0.00409	0.00286	0.00327	0.00573
15	0.00625	0.00536	0.00536	0.00536	0.00714	0.00446	0.00402	0.00759	0.01205	0.01428	0.05355	0.05088	0.77909	0.01339	0.00625	0.00179	0.00268	0.01116	0.00491	0.00446
16	0.01444	0.68984	0.09232	0.00969	0.01444	0.03760	0.00992	0.01653	0.01110	0.05164	0.00823	0.00922	0.00709	0.00469	0.00366	0.00121	0.00587	0.00306	0.00248	0.00697
17	0.00947	0.00749	0.00878	0.00809	0.00995	0.00785	0.00617	0.01633	0.28055	0.02152	0.51279	0.03255	0.03804	0.00953	0.00593	0.00171	0.00309	0.00830	0.00566	0.00617
18	0.00923	0.00670	0.00828	0.00741	0.00907	0.00657	0.00569	0.11419	0.01633	0.02288	0.67255	0.03578	0.04423	0.01019	0.00610	0.00165	0.00295	0.00890	0.00575	0.00554
19	0.00978	0.00894	0.01484	0.69202	0.03289	0.01096	0.01383	0.01315	0.01079	0.01383	0.01197	0.02039	0.01028	0.00657	0.00556	0.00185	0.00675	0.10716	0.00270	0.00573
20	0.01704	0.06338	0.18822	0.01336	0.01751	0.43875	0.01210	0.10696	0.06372	0.01673	0.00981	0.01087	0.00764	0.00552	0.00486	0.00147	0.00818	0.00381	0.00306	0.00702
21	0.01230	0.01408	0.12595	0.13857	0.52614	0.01244	0.01601	0.01659	0.05518	0.01694	0.01046	0.01334	0.00840	0.00498	0.00522	0.00162	0.00648	0.00467	0.00268	0.00794
22	0.00816	0.00666	0.00681	0.00630	0.00842	0.00611	0.00485	0.11213	0.01382	0.01691	0.04790	0.04560	0.67260	0.01241	0.00612	0.00176	0.00311	0.01027	0.00496	0.00509
23	0.01266	0.01212	0.02068	0.13879	0.67824	0.01245	0.01601	0.01585	0.01183	0.01675	0.00987	0.01322	0.00819	0.00479	0.00524	0.00160	0.00639	0.00471	0.00258	0.00803
24	0.04913	0.00855	0.01075	0.01045	0.01210	0.00953	0.00885	0.14946	0.01375	0.01896	0.03649	0.07878	0.02274	0.01193	0.00809	0.00220	0.11545	0.42252	0.00454	0.00576
25	0.00766	0.00516	0.00595	0.00589	0.00606	0.00511	0.00345	0.00800	0.00869	0.01176	0.12200	0.03527	0.02346	0.70312	0.02405	0.00465	0.00476	0.00795	0.00357	0.00345
26	0.02079	0.00906	0.01252	0.11888	0.01646	0.00854	0.00864	0.02379	0.05767	0.61131	0.01920	0.01761	0.01244	0.00639	0.00527	0.00165	0.00477	0.00526	0.03134	0.00841
27	0.01252	0.01193	0.02188	0.01854	0.10076	0.01172	0.37448	0.11848	0.01406	0.01893	0.01560	0.02627	0.01429	0.00751	0.00629	0.00191	0.00711	0.20719	0.00363	0.00690

[dist]
# distance from previous block
# <min> <max>
0	5

[block]
# block no. 2 follows, 46 sequences, length 73
# corresponding to MSA columns:
# 455-527
name=unknown_C
#
# <colnr> <probs for GDERKNQSTAVLIFYWHMCP>
#	G	D	E	R	K	N	Q	S	T	A	V	L	I	F	Y	W	H	M	C	P
0	0.01439	0.01543	0.02364	0.05587	0.25277	0.14476	0.31825	0.07720	0.01368	0.01753	0.01015	0.01298	0.00796	0.00489	0.00557	0.00163	0.00790	0.00512	0.00286	0.00743
1	0.01261	0.01202	0.02047	0.09216	0.68995	0.01225	0.01570	0.01572	0.01177	0.01676	0.01008	0.01349	0.00847	0.00623	0.03839	0.00188	0.00667	0.00475	0.00260	0.00802
2	0.00778	0.00579	0.00753	0.03385	0.00910	0.00555	0.00544	0.01080	0.04659	0.02081	0.70350	0.03806	0.06402	0.01053	0.00617	0.00167	0.00272	0.00928	0.00566	0.00515
3	0.01441	0.01371	0.01272	0.03547	0.01497	0.14194	0.00893	0.05504	0.59453	0.02077	0.01860	0.01760	0.01404	0.00680	0.00527	0.00171	0.00522	0.00547	0.00484	0.00795
4	0.00726	0.00486	0.00649	0.00746	0.00799	0.00451	0.00510	0.00834	0.01062	0.04640	0.06784	0.72296	0.03474	0.01580	0.00667	0.00211	0.00313	0.02817	0.00502	0.00454
5	0.04345	0.00927	0.01073	0.00782	0.01231	0.00722	0.00626	0.01324	0.01078	0.01727	0.00952	0.01128	0.00798	0.00546	0.03710	0.00114	0.00435	0.00323	0.00312	0.77847
6	0.01116	0.01112	0.09875	0.03287	0.03145	0.00773	0.00820	0.01390	0.01121	0.05011	0.02602	0.05840	0.01031	0.00508	0.00438	0.00106	0.00445	0.00421	0.00330	0.60628
7	0.64919	0.01254	0.00917	0.00817	0.01127	0.13301	0.00651	0.05005	0.01059	0.02192	0.00812	0.01002	0.00661	0.03911	0.00459	0.00174	0.00506	0.00324	0.00328	0.00583
8	0.01188	0.01013	0.01737	0.57004	0.03154	0.01163	0.11811	0.04651	0.01183	0.07822	0.01090	0.01455	0.00796	0.00534	0.00537	0.00173	0.00691	0.00497	0.02859	0.00641
9	0.01160	0.01167	0.01677	0.01420	0.01441	0.01608	0.04036	0.01288	0.00826	0.01288	0.00708	0.01167	0.00698	0.00907	0.01692	0.00229	0.77401	0.00469	0.00233	0.00583
10	0.01308	0.01256	0.02146	0.03245	0.78123	0.01256	0.01622	0.01622	0.01204	0.01727	0.00994	0.01308	0.00837	0.00471	0.00523	0.00157	0.00628	0.00471	0.00262	0.00837
11	0.00636	0.00517	0.00564	0.00593	0.00731	0.00445	0.00429	0.00765	0.01170	0.01442	0.08253	0.24365	0.55438	0.01407	0.00637	0.00187	0.00277	0.01206	0.00495	0.00445
12	0.00706	0.00539	0.00648	0.00621	0.00764	0.00481	0.00466	0.00916	0.01397	0.01883	0.53034	0.04339	0.29946	0.01169	0.00624	0.00170	0.00256	0.01011	0.00551	0.00481
13	0.00631	0.00536	0.00544	0.00542	0.00718	0.00449	0.00407	0.00771	0.01220	0.01464	0.09136	0.05028	0.74106	0.01325	0.00625	0.00178	0.00267	0.01107	0.00496	0.00449
14	0.00644	0.00460	0.00613	0.00736	0.00767	0.00429	0.00491	0.00736	0.01012	0.01350	0.02914	0.81076	0.03497	0.01656	0.00675	0.00215	0.00307	0.01503	0.00491	0.00429
15	0.01413	0.81739	0.02770	0.00905	0.01357	0.02092	0.00905	0.01583	0.01074	0.01244	0.00735	0.00848	0.00678	0.00452	0.00339	0.00113	0.00565	0.00283	0.00226	0.00678
16	0.01060	0.02735	0.78682	0.01507	0.02288	0.01228	0.01953	0.01674	0.01116	0.01674	0.00949	0.01116	0.00670	0.00502	0.00502	0.00167	0.00781	0.00391	0.00223	0.00781
17	0.02372	0.00900	0.01227	0.00941	0.01350	0.00777	0.00777	0.02576	0.01513	0.78489	0.02086	0.01799	0.01309	0.00654	0.00532	0.00164	0.00450	0.00532	0.00654	0.00900
18	0.01413	0.81739	0.02770	0.00905	0.01357	0.02092	0.00905	0.01583	0.01074	0.01244	0.00735	0.00848	0.00678	0.00452	0.00339	0.00113	0.00565	0.00283	0.00226	0.00678
19	0.02034	0.01442	0.01563	0.01198	0.01620	0.01583	0.00990	0.71493	0.02421	0.08289	0.01323	0.01304	0.00926	0.00636	0.00529	0.00159	0.00573	0.00480	0.00537	0.00899
20	0.00846	0.00607	0.00843	0.00962	0.01085	0.00604	0.00840	0.01086	0.01217	0.01578	0.02867	0.05940	0.05045	0.01457	0.00727	0.00242	0.00481	0.72600	0.00487	0.00486
21	0.01315	0.01136	0.01195	0.01076	0.01375	0.01315	0.00837	0.02809	0.77168	0.02211	0.02152	0.01972	0.01614	0.00717	0.00538	0.00179	0.00418	0.00598	0.00538	0.00837
22	0.06104	0.01137	0.01286	0.01038	0.01415	0.01193	0.00841	0.22437	0.25009	0.27911	0.01773	0.01635	0.01234	0.00650	0.00517	0.00164	0.00471	0.00516	0.00555	0.04114
23	0.02336	0.00958	0.01263	0.00968	0.01379	0.00863	0.00800	0.09974	0.01611	0.70954	0.02004	0.01746	0.01268	0.00652	0.00531	0.00163	0.00463	0.00526	0.00642	0.00900
24	0.02372	0.00900	0.01227	0.00941	0.01350	0.00777	0.00777	0.02576	0.01513	0.78489	0.02086	0.01799	0.01309	0.00654	0.00532	0.00164	0.00450	0.00532	0.00654	0.00900
25	0.01248	0.01426	0.03119	0.02228	0.02763	0.01337	0.76203	0.01693	0.01248	0.01693	0.01070	0.01426	0.00802	0.00446	0.00624	0.00178	0.00891	0.00624	0.00267	0.00713
26	0.01248	0.01426	0.03119	0.02228	0.02763	0.01337	0.76203	0.01693	0.01248	0.01693	0.01070	0.01426	0.00802	0.00446	0.00624	0.00178	0.00891	0.00624	0.00267	0.00713
27	0.02372	0.00900	0.01227	0.00941	0.01350	0.00777	0.00777	0.02576	0.01513	0.78489	0.02086	0.01799	0.01309	0.00654	0.00532	0.00164	0.00450	0.00532	0.00654	0.00900
28	0.00674	0.00481	0.00648	0.00770	0.00814	0.00455	0.00543	0.00788	0.01042	0.01383	0.02897	0.70292	0.03431	0.01628	0.00683	0.00219	0.00333	0.11993	0.00490	0.00438
29	0.00998	0.00940	0.01586	0.80150	0.03641	0.01175	0.01468	0.01351	0.01057	0.01351	0.00940	0.01409	0.00705	0.00529	0.00529	0.00176	0.00705	0.00470	0.00235	0.00587
30	0.00998	0.00940	0.01586	0.80150	0.03641	0.01175	0.01468	0.01351	0.01057	0.01351	0.00940	0.01409	0.00705	0.00529	0.00529	0.00176	0.00705	0.00470	0.00235	0.00587
31	0.01288	0.01112	0.01170	0.01055	0.01349	0.01281	0.00820	0.02730	0.74220	0.02181	0.02276	0.02093	0.04575	0.00741	0.00541	0.00179	0.00413	0.00618	0.00536	0.00822
32	0.00852	0.00608	0.00852	0.00974	0.01095	0.00608	0.00852	0.01095	0.01217	0.01582	0.02799	0.05963	0.03042	0.01460	0.00730	0.00243	0.00487	0.74565	0.00487	0.00487
33	0.01060	0.02735	0.78682	0.01507	0.02288	0.01228	0.01953	0.01674	0.01116	0.01674	0.00949	0.01116	0.00670	0.00502	0.00502	0.00167	0.00781	0.00391	0.00223	0.00781
34	0.00662	0.00523	0.00596	0.00607	0.00744	0.00457	0.00444	0.00819	0.01249	0.01601	0.24517	0.18546	0.44707	0.01327	0.00634	0.00182	0.00270	0.01143	0.00516	0.00457
35	0.00771	0.00558	0.00750	0.00744	0.00795	0.00621	0.00525	0.00876	0.00813	0.01140	0.01506	0.02656	0.01567	0.37656	0.43920	0.00687	0.03054	0.00652	0.00298	0.00409
36	0.02020	0.01463	0.01576	0.01208	0.01631	0.01614	0.00998	0.74162	0.02457	0.05571	0.01294	0.01285	0.00911	0.00635	0.00529	0.00159	0.00578	0.00478	0.00533	0.00899
37	0.02012	0.01573	0.01493	0.01247	0.03389	0.20895	0.00979	0.32921	0.01856	0.20792	0.01307	0.01311	0.00928	0.00633	0.00600	0.00159	0.06178	0.00454	0.00468	0.00804
38	0.01315	0.01136	0.01195	0.01076	0.01375	0.01315	0.00837	0.02809	0.77168	0.02211	0.02152	0.01972	0.01614	0.00717	0.00538	0.00179	0.00418	0.00598	0.00538	0.00837
39	0.01315	0.01136	0.01195	0.01076	0.01375	0.01315	0.00837	0.02809	0.77168	0.02211	0.02152	0.01972	0.01614	0.00717	0.00538	0.00179	0.00418	0.00598	0.00538	0.00837
40	0.00998	0.00940	0.01586	0.80150	0.03641	0.01175	0.01468	0.01351	0.01057	0.01351	0.00940	0.01409	0.00705	0.00529	0.00529	0.00176	0.00705	0.00470	0.00235	0.00587
41	0.00769	0.00513	0.00577	0.00577	0.00577	0.00513	0.00320	0.00769	0.00769	0.01025	0.01666	0.03460	0.01922	0.81421	0.02691	0.00513	0.00513	0.00769	0.00320	0.00320
42	0.02188	0.00846	0.01129	0.00881	0.01252	0.00739	0.00723	0.02398	0.01459	0.68318	0.02038	0.01822	0.01315	0.00649	0.00510	0.00158	0.00423	0.00526	0.11780	0.00846
43	0.00644	0.00460	0.00613	0.00736	0.00767	0.00429	0.00491	0.00736	0.01012	0.01350	0.02914	0.81076	0.03497	0.01656	0.00675	0.00215	0.00307	0.01503	0.00491	0.00429
44	0.02372	0.00900	0.01227	0.00941	0.01350	0.00777	0.00777	0.02576	0.01513	0.78489	0.02086	0.01799	0.01309	0.00654	0.00532	0.00164	0.00450	0.00532	0.00654	0.00900
45	0.00985	0.00493	0.00493	0.00493	0.00616	0.00493	0.00370	0.01232	0.01109	0.01971	0.01725	0.01971	0.01355	0.00616	0.00370	0.00123	0.00246	0.00493	0.84356	0.00493
46	0.01975	0.02520	0.01498	0.01362	0.01634	0.79299	0.01021	0.02111	0.01498	0.01294	0.00817	0.00953	0.00681	0.00545	0.00477	0.00136	0.00953	0.00340	0.00272	0.00613
47	0.01417	0.01619	0.01161	0.03756	0.01367	0.40693	0.00820	0.01719	0.09564	0.01530	0.12198	0.07773	0.12589	0.00828	0.00540	0.00158	0.00648	0.00649	0.00388	0.00584
48	0.02010	0.01481	0.01587	0.01216	0.01639	0.01639	0.01005	0.76360	0.02486	0.03332	0.01269	0.01269	0.00899	0.00635	0.00529	0.00159	0.00582	0.00476	0.00529	0.00899
49	0.03301	0.03747	0.01303	0.01101	0.01417	0.07530	0.00867	0.11133	0.58609	0.02242	0.01870	0.01752	0.01406	0.00681	0.00521	0.00171	0.00484	0.00547	0.00502	0.00816
50	0.01306	0.01262	0.02179	0.03210	0.75558	0.01259	0.04161	0.01625	0.01205	0.01726	0.00997	0.01312	0.00836	0.00470	0.00527	0.00158	0.00637	0.00476	0.00262	0.00833
51	0.00632	0.00536	0.00546	0.00543	0.00719	0.00449	0.00408	0.00773	0.01223	0.01470	0.09731	0.05019	0.73507	0.01323	0.00625	0.00178	0.00267	0.01106	0.00496	0.00449
52	0.00777	0.00600	0.00621	0.00592	0.00793	0.00523	0.00451	0.03220	0.03296	0.05526	0.04974	0.04716	0.69514	0.01265	0.00615	0.00177	0.00291	0.01052	0.00502	0.00494
53	0.01060	0.02735	0.78682	0.01507	0.02288	0.01228	0.01953	0.01674	0.01116	0.01674	0.00949	0.01116	0.00670	0.00502	0.00502	0.00167	0.00781	0.00391	0.00223	0.00781
54	0.01210	0.00936	0.01108	0.00797	0.01261	0.00711	0.00640	0.01443	0.01134	0.08588	0.01042	0.01159	0.00830	0.00415	0.00404	0.00086	0.00397	0.00333	0.00344	0.77162
55	0.00625	0.00536	0.00536	0.00536	0.00714	0.00446	0.00402	0.00759	0.01205	0.01428	0.05355	0.05088	0.77909	0.01339	0.00625	0.00179	0.00268	0.01116	0.00491	0.00446
56	0.01248	0.01426	0.03119	0.02228	0.02763	0.01337	0.76203	0.01693	0.01248	0.01693	0.01070	0.01426	0.00802	0.00446	0.00624	0.00178	0.00891	0.00624	0.00267	0.00713
57	0.02010	0.01481	0.01587	0.01216	0.01639	0.01639	0.01005	0.76360	0.02486	0.03332	0.01269	0.01269	0.00899	0.00635	0.00529	0.00159	0.00582	0.00476	0.00529	0.00899
58	0.00998	0.00940	0.01586	0.80150	0.03641	0.01175	0.01468	0.01351	0.01057	0.01351	0.00940	0.01409	0.00705	0.00529	0.00529	0.00176	0.00705	0.00470	0.00235	0.00587
59	0.01389	0.00611	0.00706	0.00623	0.00829	0.00575	0.00488	0.01623	0.01226	0.24233	0.01830	0.01921	0.01342	0.00627	0.00417	0.00135	0.00306	0.00504	0.60004	0.00611
60	0.02372	0.00900	0.01227	0.00941	0.01350	0.00777	0.00777	0.02576	0.01513	0.78489	0.02086	0.01799	0.01309	0.00654	0.00532	0.00164	0.00450	0.00532	0.00654	0.00900
61	0.00653	0.00543	0.00574	0.00584	0.00754	0.00464	0.00449	0.00803	0.01221	0.01477	0.08708	0.05115	0.67161	0.01338	0.00635	0.00184	0.00288	0.08104	0.00495	0.00453
62	0.00650	0.00464	0.00618	0.00732	0.00768	0.00433	0.00491	0.00750	0.01037	0.01390	0.06821	0.77054	0.03574	0.01626	0.00672	0.00212	0.00304	0.01474	0.00495	0.00433
63	0.00998	0.00940	0.01586	0.80150	0.03641	0.01175	0.01468	0.01351	0.01057	0.01351	0.00940	0.01409	0.00705	0.00529	0.00529	0.00176	0.00705	0.00470	0.00235	0.00587
64	0.00761	0.00542	0.00726	0.00726	0.00778	0.00594	0.00507	0.00865	0.00813	0.01136	0.01529	0.02703	0.01593	0.39040	0.44622	0.00697	0.01007	0.00658	0.00300	0.00403
65	0.01660	0.01287	0.01375	0.01137	0.01495	0.01449	0.00912	0.36433	0.41077	0.04685	0.01747	0.01646	0.01279	0.00678	0.00534	0.00169	0.00494	0.00540	0.00537	0.00867
66	0.01025	0.00967	0.01634	0.73522	0.10061	0.01182	0.01481	0.01374	0.01070	0.01383	0.00944	0.01401	0.00716	0.00524	0.00528	0.00175	0.00698	0.00470	0.00237	0.00609
67	0.00644	0.00462	0.00611	0.00730	0.00765	0.00430	0.00488	0.00737	0.01018	0.01352	0.02984	0.78883	0.05644	0.01647	0.00673	0.00214	0.00306	0.01492	0.00491	0.00430
68	0.01594	0.01314	0.03217	0.04733	0.21110	0.01353	0.01136	0.34459	0.08246	0.04140	0.01223	0.01330	0.00924	0.00568	0.00531	0.00152	0.01887	0.00464	0.00415	0.11204
69	0.01438	0.67008	0.06286	0.00997	0.01429	0.09244	0.00977	0.01623	0.01104	0.01271	0.00751	0.00884	0.00679	0.00484	0.00420	0.00123	0.04076	0.00301	0.00231	0.00673
70	0.04432	0.05165	0.56898	0.01459	0.05998	0.01238	0.01658	0.07312	0.01224	0.03403	0.03295	0.01284	0.00870	0.02864	0.00560	0.00174	0.00705	0.00424	0.00275	0.00762
71	0.01051	0.06031	0.16240	0.01455	0.01832	0.01074	0.23287	0.01408	0.01172	0.01590	0.01715	0.05176	0.01689	0.00900	0.00684	0.00201	0.04831	0.28697	0.00344	0.00623
72	0.00717	0.00526	0.00633	0.00645	0.00771	0.00468	0.00469	0.00880	0.01258	0.03634	0.29061	0.25517	0.30854	0.01321	0.00636	0.00184	0.00277	0.01153	0.00526	0.00471

[dist]
# distance from previous block
# <min> <max>
0	3

[block]
# block no. 3 follows, 46 sequences, length 43
# corresponding to MSA columns:
# 531-573
name=unknown_D
#
# <colnr> <probs for GDERKNQSTAVLIFYWHMCP>
#	G	D	E	R	K	N	Q	S	T	A	V	L	I	F	Y	W	H	M	C	P
0	0.00649	0.00464	0.00618	0.00733	0.00768	0.00433	0.00491	0.00749	0.01037	0.01388	0.06699	0.77179	0.03572	0.01627	0.00672	0.00212	0.00304	0.01475	0.00495	0.00433
1	0.01424	0.05231	0.21009	0.14102	0.05947	0.05086	0.05264	0.15253	0.06417	0.09131	0.01333	0.03664	0.02578	0.00605	0.00523	0.00165	0.00650	0.00502	0.00362	0.00755
2	0.01052	0.00985	0.01474	0.67926	0.03232	0.05493	0.01335	0.01382	0.01087	0.01408	0.01010	0.01439	0.00767	0.00538	0.00510	0.00169	0.00674	0.00465	0.08476	0.00579
3	0.00643	0.00464	0.00610	0.00727	0.00764	0.00430	0.00487	0.00737	0.01021	0.01353	0.03025	0.77614	0.06886	0.01642	0.00672	0.00213	0.00305	0.01485	0.00491	0.00430
4	0.00869	0.00857	0.05309	0.07181	0.12397	0.00762	0.09495	0.01100	0.01131	0.01528	0.07552	0.36411	0.08526	0.01131	0.00622	0.00192	0.00473	0.03499	0.00405	0.00559
5	0.01116	0.05387	0.06604	0.01483	0.13241	0.02232	0.10854	0.01539	0.11715	0.02918	0.04291	0.01936	0.02803	0.11210	0.13564	0.00323	0.07235	0.00576	0.00329	0.00642
6	0.00735	0.00540	0.00688	0.00651	0.00782	0.00493	0.00488	0.00972	0.01465	0.02046	0.70103	0.04071	0.12775	0.01108	0.00624	0.00168	0.00251	0.00973	0.00572	0.00493
7	0.01133	0.00558	0.00589	0.00553	0.00709	0.00553	0.00424	0.03743	0.01186	0.08362	0.01740	0.01934	0.01337	0.00620	0.00388	0.00128	0.00274	0.00495	0.74735	0.00539
8	0.03385	0.11326	0.18006	0.04073	0.09878	0.01279	0.22387	0.01871	0.04128	0.16719	0.01225	0.01360	0.00885	0.00516	0.00523	0.00163	0.00681	0.00487	0.00339	0.00770
9	0.01691	0.01340	0.14209	0.01327	0.02823	0.02424	0.13818	0.06855	0.01381	0.33488	0.01628	0.05915	0.01228	0.00692	0.00629	0.00176	0.05369	0.03770	0.00456	0.00781
10	0.01060	0.02735	0.78682	0.01507	0.02288	0.01228	0.01953	0.01674	0.01116	0.01674	0.00949	0.01116	0.00670	0.00502	0.00502	0.00167	0.00781	0.00391	0.00223	0.00781
11	0.12373	0.05990	0.15540	0.02922	0.17606	0.13636	0.09057	0.09783	0.01311	0.01851	0.00934	0.01138	0.00734	0.00527	0.00545	0.00160	0.04457	0.00418	0.00291	0.00727
12	0.00726	0.00536	0.00679	0.00651	0.00778	0.00488	0.00485	0.00952	0.01433	0.01988	0.64328	0.07738	0.14965	0.01143	0.00626	0.00170	0.00255	0.01004	0.00565	0.00488
13	0.26001	0.01202	0.01265	0.01107	0.05936	0.01296	0.00842	0.29196	0.10398	0.07149	0.01214	0.01247	0.00895	0.00568	0.00456	0.00154	0.00487	0.00421	0.00440	0.09725
14	0.00929	0.00656	0.00922	0.00883	0.01020	0.00746	0.00692	0.04925	0.04444	0.05444	0.01477	0.02017	0.01313	0.03474	0.67610	0.00748	0.01278	0.00561	0.00327	0.00533
15	0.01474	0.13433	0.03050	0.04856	0.09322	0.07918	0.04563	0.10332	0.30281	0.04856	0.01445	0.01479	0.01106	0.00608	0.00538	0.00162	0.02905	0.00489	0.00404	0.00778
16	0.01453	0.19357	0.23599	0.01314	0.05550	0.17436	0.01241	0.04653	0.05296	0.05639	0.02820	0.01189	0.00883	0.00545	0.00503	0.00147	0.03139	0.00395	0.00300	0.04543
17	0.06668	0.54636	0.13674	0.01160	0.07317	0.01774	0.01086	0.01650	0.01103	0.05512	0.00858	0.00974	0.00716	0.00474	0.00387	0.00130	0.00586	0.00326	0.00257	0.00711
18	0.81668	0.01017	0.00796	0.00706	0.01036	0.01169	0.00581	0.01597	0.00926	0.05578	0.00793	0.00898	0.00604	0.00498	0.00336	0.00164	0.00411	0.00297	0.00341	0.00586
19	0.00688	0.00489	0.00655	0.00772	0.00818	0.00466	0.00549	0.00803	0.01038	0.01377	0.02836	0.63865	0.03342	0.05254	0.00777	0.00233	0.00349	0.14771	0.00482	0.00435
20	0.01546	0.02055	0.49999	0.01297	0.01941	0.01061	0.01518	0.02008	0.01263	0.30120	0.01370	0.01369	0.00906	0.00559	0.00513	0.00166	0.00659	0.00443	0.00383	0.00825
21	0.06271	0.00905	0.01206	0.00929	0.01334	0.00796	0.00767	0.02528	0.01484	0.74905	0.02022	0.01755	0.01274	0.00647	0.00522	0.00164	0.00448	0.00520	0.00639	0.00884
22	0.00634	0.00498	0.00574	0.00636	0.00740	0.00438	0.00446	0.00747	0.01109	0.01389	0.04134	0.43092	0.40693	0.01498	0.00650	0.00197	0.00287	0.01309	0.00491	0.00438
23	0.00637	0.00513	0.00568	0.00603	0.00734	0.00444	0.00434	0.00765	0.01162	0.01441	0.08465	0.27932	0.51611	0.01421	0.00640	0.00189	0.00279	0.01224	0.00496	0.00444
24	0.00769	0.00513	0.00577	0.00577	0.00577	0.00513	0.00320	0.00769	0.00769	0.01025	0.01666	0.03460	0.01922	0.81421	0.02691	0.00513	0.00513	0.00769	0.00320	0.00320
25	0.01279	0.01072	0.01135	0.01022	0.01304	0.01229	0.00794	0.04066	0.67144	0.02214	0.06124	0.02063	0.01763	0.00729	0.00532	0.00175	0.00402	0.00608	0.05544	0.00800
26	0.02318	0.00986	0.01280	0.00981	0.01392	0.00905	0.00811	0.13505	0.01657	0.67358	0.01965	0.01721	0.01248	0.00651	0.00531	0.00163	0.00469	0.00523	0.00636	0.00900
27	0.01092	0.09866	0.71829	0.01452	0.02204	0.01306	0.01859	0.01666	0.01112	0.01635	0.00929	0.01092	0.00670	0.00498	0.00488	0.00163	0.00762	0.00381	0.00223	0.00772
28	0.85155	0.01022	0.00777	0.00695	0.01022	0.01186	0.00573	0.01554	0.00900	0.02372	0.00736	0.00859	0.00573	0.00491	0.00327	0.00164	0.00409	0.00286	0.00327	0.00573
29	0.01413	0.81739	0.02770	0.00905	0.01357	0.02092	0.00905	0.01583	0.01074	0.01244	0.00735	0.00848	0.00678	0.00452	0.00339	0.00113	0.00565	0.00283	0.00226	0.00678
30	0.00830	0.00593	0.00827	0.00949	0.01061	0.00590	0.00814	0.01058	0.01196	0.01558	0.02811	0.13818	0.03090	0.01481	0.00724	0.00240	0.00468	0.66925	0.00487	0.00481
31	0.00998	0.00940	0.01586	0.80150	0.03641	0.01175	0.01468	0.01351	0.01057	0.01351	0.00940	0.01409	0.00705	0.00529	0.00529	0.00176	0.00705	0.00470	0.00235	0.00587
32	0.01726	0.02108	0.01563	0.01387	0.01615	0.56861	0.04834	0.01880	0.01346	0.01327	0.00926	0.01312	0.00830	0.00662	0.00723	0.00162	0.15048	0.04807	0.00278	0.00604
33	0.05509	0.00904	0.01210	0.00931	0.01337	0.00792	0.00769	0.02538	0.01490	0.75605	0.02034	0.01764	0.01281	0.00648	0.00524	0.00164	0.00448	0.00522	0.00642	0.00887
34	0.00649	0.00470	0.00614	0.00718	0.00764	0.00435	0.00485	0.00753	0.01054	0.01401	0.07556	0.71190	0.08757	0.01600	0.00668	0.00209	0.00301	0.01443	0.00496	0.00435
35	0.01975	0.02520	0.01498	0.01362	0.01634	0.79299	0.01021	0.02111	0.01498	0.01294	0.00817	0.00953	0.00681	0.00545	0.00477	0.00136	0.00953	0.00340	0.00272	0.00613
36	0.01980	0.02376	0.01510	0.01342	0.01635	0.68531	0.01019	0.12406	0.01635	0.01576	0.00880	0.00997	0.00711	0.00557	0.00484	0.00139	0.00902	0.00359	0.00308	0.00653
37	0.00692	0.00475	0.00611	0.00715	0.00762	0.00448	0.00491	0.00806	0.01030	0.01416	0.02808	0.65139	0.04927	0.03921	0.00706	0.00215	0.00316	0.05247	0.08839	0.00436
38	0.01248	0.01426	0.03119	0.02228	0.02763	0.01337	0.76203	0.01693	0.01248	0.01693	0.01070	0.01426	0.00802	0.00446	0.00624	0.00178	0.00891	0.00624	0.00267	0.00713
39	0.02287	0.01035	0.01311	0.01005	0.01417	0.00978	0.00830	0.19812	0.01740	0.60933	0.01895	0.01676	0.01213	0.00650	0.00531	0.00162	0.00481	0.00519	0.00625	0.00900
40	0.01385	0.01101	0.01174	0.01042	0.01342	0.01253	0.00814	0.05806	0.65530	0.06527	0.02087	0.01933	0.01552	0.00705	0.00528	0.00174	0.00417	0.00583	0.05223	0.00824
41	0.01329	0.00930	0.01206	0.01033	0.01194	0.03505	0.02402	0.05237	0.03430	0.17201	0.10215	0.02029	0.01583	0.10094	0.12008	0.02208	0.22796	0.00586	0.00401	0.00612
42	0.01989	0.01378	0.04398	0.01149	0.01565	0.01415	0.00969	0.56503	0.02179	0.17273	0.01427	0.01455	0.01010	0.04036	0.00619	0.00175	0.00562	0.00496	0.00532	0.00870

[dist]
# distance from previous block
# <min> <max>
0	4

[block]
# block no. 4 follows, 46 sequences, length 64
# corresponding to MSA columns:
# 578-641
name=unknown_E
#
# <colnr> <probs for GDERKNQSTAVLIFYWHMCP>
#	G	D	E	R	K	N	Q	S	T	A	V	L	I	F	Y	W	H	M	C	P
0	0.73535	0.01018	0.00844	0.03256	0.01134	0.01171	0.00623	0.03694	0.03039	0.04225	0.00888	0.03092	0.00711	0.00537	0.00359	0.00166	0.00422	0.00345	0.00348	0.00594
1	0.10224	0.00624	0.00624	0.00611	0.00655	0.02728	0.00368	0.00893	0.00803	0.01183	0.01539	0.03101	0.01738	0.70188	0.02367	0.00463	0.00513	0.00703	0.00320	0.00356
2	0.53429	0.06885	0.08564	0.00916	0.01279	0.09698	0.00824	0.04070	0.01061	0.04133	0.00817	0.00946	0.00637	0.00525	0.00440	0.00161	0.04353	0.00323	0.00315	0.00624
3	0.00974	0.00733	0.00953	0.07014	0.01141	0.00820	0.00691	0.04038	0.03820	0.04767	0.14894	0.03041	0.06252	0.25329	0.05705	0.00325	0.12256	0.06348	0.00396	0.00503
4	0.00706	0.00536	0.00650	0.00628	0.00766	0.00480	0.00468	0.00914	0.01389	0.01878	0.52749	0.07064	0.27479	0.01181	0.00626	0.00172	0.00257	0.01025	0.00551	0.00480
5	0.01828	0.09792	0.01613	0.01212	0.01567	0.27593	0.00974	0.32371	0.13893	0.02264	0.01205	0.01233	0.00918	0.00600	0.00494	0.00150	0.00678	0.00431	0.00414	0.00771
6	0.01489	0.34607	0.05162	0.01464	0.03685	0.01622	0.26583	0.09077	0.01317	0.08670	0.01038	0.01193	0.00803	0.00489	0.00482	0.00147	0.00676	0.00449	0.00310	0.00739
7	0.03666	0.04194	0.26492	0.01264	0.05703	0.01133	0.01209	0.04491	0.17896	0.21948	0.05489	0.01628	0.01280	0.00620	0.00516	0.00166	0.00557	0.00503	0.00438	0.00808
8	0.01894	0.02176	0.01450	0.01291	0.01580	0.59106	0.00982	0.10802	0.08208	0.03682	0.01080	0.03361	0.00884	0.00605	0.00495	0.00146	0.00832	0.00417	0.00342	0.00668
9	0.00748	0.00540	0.00707	0.00665	0.00790	0.00499	0.00499	0.00998	0.01496	0.02120	0.77844	0.03949	0.04988	0.01081	0.00624	0.00166	0.00249	0.00956	0.00582	0.00499
10	0.00771	0.00512	0.00592	0.00602	0.00608	0.00511	0.00352	0.00778	0.00795	0.01058	0.01743	0.06885	0.02006	0.72648	0.02510	0.02818	0.00501	0.03649	0.00332	0.00329
11	0.01235	0.01197	0.02081	0.14025	0.57391	0.01233	0.07383	0.01553	0.01171	0.01648	0.01047	0.03867	0.00897	0.00525	0.00564	0.00165	0.02464	0.00515	0.00265	0.00773
12	0.00810	0.00555	0.00719	0.00670	0.00809	0.00508	0.00505	0.01051	0.01481	0.05320	0.70652	0.03920	0.08836	0.01077	0.00620	0.00167	0.00259	0.00947	0.00580	0.00513
13	0.00985	0.00493	0.00493	0.00493	0.00616	0.00493	0.00370	0.01232	0.01109	0.01971	0.01725	0.01971	0.01355	0.00616	0.00370	0.00123	0.00246	0.00493	0.84356	0.00493
14	0.01413	0.81739	0.02770	0.00905	0.01357	0.02092	0.00905	0.01583	0.01074	0.01244	0.00735	0.00848	0.00678	0.00452	0.00339	0.00113	0.00565	0.00283	0.00226	0.00678
15	0.01248	0.01426	0.03119	0.02228	0.02763	0.01337	0.76203	0.01693	0.01248	0.01693	0.01070	0.01426	0.00802	0.00446	0.00624	0.00178	0.00891	0.00624	0.00267	0.00713
16	0.01096	0.00940	0.01096	0.00783	0.01253	0.00705	0.00626	0.01331	0.01096	0.01723	0.00940	0.01096	0.00783	0.00392	0.00392	0.00078	0.00392	0.00313	0.00313	0.84653
17	0.01159	0.01162	0.01679	0.01408	0.01458	0.01564	0.05254	0.01298	0.00846	0.01315	0.00725	0.01169	0.00704	0.00876	0.01615	0.00222	0.72599	0.00465	0.00237	0.04247
18	0.01096	0.00940	0.01096	0.00783	0.01253	0.00705	0.00626	0.01331	0.01096	0.01723	0.00940	0.01096	0.00783	0.00392	0.00392	0.00078	0.00392	0.00313	0.00313	0.84653
19	0.12898	0.01149	0.06570	0.01252	0.09375	0.02469	0.00959	0.02056	0.22434	0.17429	0.04550	0.02039	0.01454	0.00726	0.00595	0.00179	0.05226	0.07440	0.00456	0.00745
20	0.00944	0.00733	0.00886	0.00888	0.05179	0.00735	0.00631	0.01471	0.19550	0.04541	0.38355	0.03488	0.18513	0.00998	0.00595	0.00171	0.00321	0.00862	0.00538	0.00601
21	0.00905	0.00575	0.00747	0.00688	0.00842	0.00522	0.00522	0.01138	0.01466	0.09910	0.63496	0.06248	0.08759	0.01070	0.00616	0.00168	0.00273	0.00939	0.00581	0.00535
22	0.06173	0.01051	0.01678	0.34405	0.25173	0.01155	0.04578	0.03631	0.03893	0.06604	0.01191	0.06038	0.00981	0.00589	0.00528	0.00171	0.00619	0.00535	0.00311	0.00695
23	0.13103	0.07444	0.19618	0.08376	0.05153	0.02857	0.06519	0.17954	0.04371	0.08075	0.01116	0.01234	0.00813	0.00544	0.00487	0.00162	0.00629	0.00432	0.00357	0.00759
24	0.00732	0.00553	0.00593	0.00592	0.00769	0.00470	0.00448	0.00871	0.01208	0.05660	0.04883	0.10687	0.64906	0.01330	0.00628	0.00183	0.00290	0.04227	0.00500	0.00472
25	0.00657	0.00503	0.00603	0.00648	0.00752	0.00449	0.00459	0.00795	0.01177	0.01527	0.18294	0.38131	0.31245	0.01428	0.00646	0.00192	0.00281	0.01254	0.00508	0.00449
26	0.04199	0.17471	0.12726	0.01398	0.09719	0.07859	0.05535	0.08964	0.09958	0.13945	0.01278	0.02556	0.00969	0.00568	0.00486	0.00154	0.00612	0.00455	0.00375	0.00773
27	0.03796	0.04091	0.04846	0.05538	0.01667	0.04135	0.08426	0.12777	0.01416	0.28123	0.01383	0.01462	0.00983	0.00727	0.02733	0.00189	0.12692	0.00490	0.03773	0.00756
28	0.01026	0.00511	0.00533	0.00520	0.00654	0.00504	0.00392	0.01271	0.01146	0.04942	0.05918	0.02073	0.01553	0.00643	0.00390	0.00127	0.00254	0.00520	0.76516	0.00509
29	0.05580	0.00977	0.09025	0.00941	0.01221	0.00817	0.04657	0.03418	0.08734	0.12635	0.20273	0.13479	0.11934	0.00957	0.00610	0.00178	0.02631	0.00819	0.00486	0.00629
