[name]
unknown

[dist]
# distance from previous block
# <min> <max>
0	167

[block]
# block no. 0 follows, 47 sequences, length 60
# corresponding to MSA columns:
# 167-226
name=unknown_A
#
# <colnr> <probs for GDERKNQSTAVLIFYWHMCP>
#	G	D	E	R	K	N	Q	S	T	A	V	L	I	F	Y	W	H	M	C	P
0	0.00737	0.00532	0.00696	0.00655	0.00778	0.00491	0.00491	0.00983	0.01474	0.02088	0.78175	0.03890	0.04914	0.01065	0.00614	0.00164	0.00246	0.00942	0.00573	0.00491
1	0.00983	0.00926	0.01562	0.80447	0.03587	0.01157	0.01446	0.01331	0.01041	0.01331	0.00926	0.01388	0.00694	0.00521	0.00521	0.00174	0.00694	0.00463	0.00231	0.00579
2	0.01316	0.01163	0.01187	0.01069	0.01362	0.03840	0.00830	0.02745	0.75039	0.02149	0.02077	0.01910	0.01560	0.00701	0.00528	0.00175	0.00429	0.00581	0.00521	0.00817
3	0.01289	0.01237	0.02114	0.03196	0.78450	0.01237	0.01598	0.01598	0.01186	0.01701	0.00980	0.01289	0.00825	0.00464	0.00516	0.00155	0.00619	0.00464	0.00258	0.00825
4	0.01295	0.01119	0.01178	0.01060	0.01354	0.01295	0.00824	0.02767	0.77509	0.02178	0.02120	0.01943	0.01590	0.00707	0.00530	0.00177	0.00412	0.00589	0.00530	0.00824
5	0.00733	0.00532	0.00690	0.00651	0.00775	0.00490	0.00488	0.00974	0.01464	0.02064	0.75593	0.03930	0.07511	0.01074	0.00614	0.00164	0.00246	0.00947	0.00570	0.00490
6	0.01289	0.01237	0.02114	0.03196	0.78450	0.01237	0.01598	0.01598	0.01186	0.01701	0.00980	0.01289	0.00825	0.00464	0.00516	0.00155	0.00619	0.00464	0.00258	0.00825
7	0.22132	0.01067	0.01577	0.30617	0.31971	0.01191	0.01285	0.01484	0.01059	0.01725	0.00897	0.01215	0.00712	0.00489	0.00469	0.00163	0.00592	0.00418	0.00264	0.00670
8	0.01980	0.01459	0.01563	0.01198	0.01615	0.01615	0.00990	0.76713	0.02448	0.03282	0.01250	0.01250	0.00886	0.00625	0.00521	0.00156	0.00573	0.00469	0.00521	0.00886
9	0.02336	0.00886	0.01209	0.00927	0.01329	0.00765	0.00765	0.02538	0.01491	0.78810	0.02055	0.01773	0.01289	0.00645	0.00524	0.00161	0.00443	0.00524	0.00645	0.00886
10	0.00880	0.00779	0.01204	0.40898	0.07619	0.00870	0.01033	0.01163	0.01191	0.01572	0.22353	0.02630	0.14180	0.00790	0.00561	0.00170	0.00500	0.00693	0.00365	0.00550
11	0.01227	0.01012	0.01606	0.01678	0.20651	0.01008	0.14427	0.01746	0.17048	0.09893	0.07674	0.12352	0.05789	0.00772	0.00569	0.00173	0.00515	0.00726	0.00421	0.00711
12	0.00628	0.00528	0.00545	0.00541	0.00711	0.00445	0.00406	0.00772	0.01217	0.01478	0.12882	0.04895	0.70588	0.01292	0.00615	0.00175	0.00262	0.01083	0.00493	0.00445
13	0.00672	0.00530	0.00605	0.00587	0.00738	0.00464	0.00440	0.00856	0.01320	0.01722	0.38963	0.04493	0.44354	0.01201	0.00615	0.00170	0.00255	0.01026	0.00525	0.00464
14	0.01045	0.02694	0.79000	0.01484	0.02254	0.01209	0.01924	0.01649	0.01099	0.01649	0.00935	0.01099	0.00660	0.00495	0.00495	0.00165	0.00770	0.00385	0.00220	0.00770
15	0.01242	0.01195	0.01963	0.07122	0.67153	0.03050	0.01498	0.01534	0.01172	0.01645	0.01105	0.06896	0.00998	0.00551	0.00525	0.00159	0.00608	0.00532	0.00272	0.00778
16	0.00772	0.00599	0.00890	0.00874	0.00961	0.00717	0.00685	0.00953	0.00834	0.01212	0.01345	0.01982	0.01259	0.03696	0.74175	0.00794	0.06955	0.00551	0.00275	0.00472
17	0.00744	0.00558	0.00837	0.00837	0.00930	0.00651	0.00651	0.00930	0.00837	0.01209	0.01395	0.02046	0.01302	0.03906	0.79635	0.00837	0.01395	0.00558	0.00279	0.00465
18	0.01853	0.01246	0.01387	0.01089	0.01483	0.01325	0.00888	0.43135	0.16207	0.17357	0.01542	0.01467	0.01086	0.00626	0.00513	0.00155	0.00504	0.00490	0.00530	0.07115
19	0.01017	0.00960	0.01623	0.71961	0.11810	0.01166	0.01463	0.01360	0.01057	0.01371	0.00932	0.01377	0.00709	0.00514	0.00520	0.00171	0.00686	0.00463	0.00234	0.00606
20	0.00634	0.00453	0.00604	0.00725	0.00755	0.00423	0.00483	0.00725	0.00997	0.01329	0.02870	0.81358	0.03444	0.01632	0.00665	0.00211	0.00302	0.01480	0.00483	0.00423
21	0.05084	0.01207	0.01180	0.01062	0.01356	0.06659	0.00825	0.02665	0.68884	0.02124	0.01967	0.01825	0.01481	0.00685	0.00517	0.00173	0.00448	0.00558	0.00503	0.00798
22	0.00727	0.00522	0.00677	0.00759	0.00823	0.00503	0.00533	0.04843	0.01126	0.01510	0.08911	0.66234	0.03400	0.01520	0.00656	0.00206	0.00323	0.05779	0.00493	0.00457
23	0.01392	0.82012	0.02729	0.00891	0.01337	0.02061	0.00891	0.01559	0.01058	0.01225	0.00724	0.00835	0.00668	0.00446	0.00334	0.00111	0.00557	0.00278	0.00223	0.00668
24	0.00757	0.00505	0.00568	0.00568	0.00568	0.00505	0.00316	0.00757	0.00757	0.01010	0.01641	0.03408	0.01893	0.81698	0.02651	0.00505	0.00505	0.00757	0.00316	0.00316
25	0.01254	0.35736	0.02183	0.01222	0.01449	0.01775	0.06317	0.01413	0.00939	0.01270	0.00727	0.01028	0.00685	0.00679	0.01044	0.00174	0.40864	0.00391	0.00228	0.00621
26	0.01410	0.01202	0.01228	0.01079	0.01380	0.04669	0.00843	0.15809	0.56761	0.02291	0.01948	0.06036	0.01524	0.00734	0.00533	0.00173	0.00458	0.00604	0.00515	0.00804
27	0.01945	0.02482	0.01476	0.01342	0.01610	0.79608	0.01006	0.02079	0.01476	0.01275	0.00805	0.00939	0.00671	0.00537	0.00470	0.00134	0.00939	0.00335	0.00268	0.00604
28	0.01289	0.01237	0.02114	0.03196	0.78450	0.01237	0.01598	0.01598	0.01186	0.01701	0.00980	0.01289	0.00825	0.00464	0.00516	0.00155	0.00619	0.00464	0.00258	0.00825
29	0.00983	0.00926	0.01562	0.80447	0.03587	0.01157	0.01446	0.01331	0.01041	0.01331	0.00926	0.01388	0.00694	0.00521	0.00521	0.00174	0.00694	0.00463	0.00231	0.00579
30	0.00694	0.00521	0.00639	0.00629	0.00751	0.00470	0.00462	0.00886	0.01326	0.01796	0.48568	0.13747	0.23321	0.03035	0.00667	0.00181	0.00263	0.01044	0.00533	0.00466
31	0.00922	0.00554	0.00582	0.00566	0.00710	0.00553	0.00427	0.01260	0.07959	0.01916	0.13065	0.02607	0.11586	0.00771	0.00446	0.00139	0.00261	0.00637	0.54529	0.00511
32	0.04245	0.73679	0.08006	0.00926	0.01390	0.01970	0.00952	0.01565	0.01055	0.01293	0.00739	0.00854	0.00664	0.00450	0.00345	0.00117	0.00567	0.00286	0.00226	0.00672
33	0.01098	0.04750	0.74297	0.01449	0.02198	0.01217	0.01857	0.01677	0.01112	0.04282	0.00967	0.01115	0.00681	0.00499	0.00491	0.00163	0.00753	0.00387	0.00235	0.00771
34	0.00732	0.00532	0.00689	0.00650	0.00775	0.00489	0.00487	0.00973	0.01462	0.02059	0.75049	0.03938	0.08058	0.01076	0.00614	0.00164	0.00246	0.00949	0.00569	0.00489
35	0.02282	0.00925	0.01226	0.00946	0.01346	0.00829	0.00779	0.06524	0.04147	0.72133	0.02014	0.01750	0.01278	0.00646	0.00524	0.00161	0.00449	0.00523	0.00634	0.00884
36	0.00642	0.00581	0.02466	0.00568	0.00751	0.00465	0.00445	0.00800	0.01222	0.01502	0.14694	0.04770	0.66764	0.01266	0.00612	0.00174	0.00274	0.01061	0.00489	0.00454
37	0.00731	0.00597	0.00656	0.00661	0.00816	0.00565	0.00487	0.01059	0.12172	0.01574	0.12052	0.21158	0.43025	0.01272	0.00614	0.00182	0.00292	0.01092	0.00500	0.00497
38	0.01080	0.00926	0.01080	0.00771	0.01234	0.00694	0.00617	0.01311	0.01080	0.01697	0.00926	0.01080	0.00771	0.00386	0.00386	0.00077	0.00386	0.00309	0.00309	0.84882
39	0.01980	0.01459	0.01563	0.01198	0.01615	0.01615	0.00990	0.76713	0.02448	0.03282	0.01250	0.01250	0.00886	0.00625	0.00521	0.00156	0.00573	0.00469	0.00521	0.00886
40	0.01289	0.01237	0.02114	0.03196	0.78450	0.01237	0.01598	0.01598	0.01186	0.01701	0.00980	0.01289	0.00825	0.00464	0.00516	0.00155	0.00619	0.00464	0.00258	0.00825
41	0.00994	0.00936	0.01581	0.77800	0.06151	0.01160	0.01451	0.01340	0.01046	0.01343	0.00927	0.01385	0.00699	0.00519	0.00520	0.00173	0.00692	0.00463	0.00232	0.00587
42	0.00836	0.00597	0.00834	0.00948	0.01068	0.00596	0.00827	0.01076	0.01209	0.01577	0.05429	0.05804	0.03065	0.01425	0.00716	0.00237	0.00471	0.72323	0.00483	0.00480
43	0.00983	0.00926	0.01562	0.80447	0.03587	0.01157	0.01446	0.01331	0.01041	0.01331	0.00926	0.01388	0.00694	0.00521	0.00521	0.00174	0.00694	0.00463	0.00231	0.00579
44	0.01945	0.02482	0.01476	0.01342	0.01610	0.79608	0.01006	0.02079	0.01476	0.01275	0.00805	0.00939	0.00671	0.00537	0.00470	0.00134	0.00939	0.00335	0.00268	0.00604
45	0.01289	0.01237	0.02114	0.03196	0.78450	0.01237	0.01598	0.01598	0.01186	0.01701	0.00980	0.01289	0.00825	0.00464	0.00516	0.00155	0.00619	0.00464	0.00258	0.00825
46	0.00624	0.00528	0.00539	0.00536	0.00709	0.00443	0.00402	0.00764	0.01207	0.01455	0.10383	0.04933	0.73101	0.01301	0.00615	0.00175	0.00263	0.01088	0.00490	0.00443
47	0.02336	0.00886	0.01209	0.00927	0.01329	0.00765	0.00765	0.02538	0.01491	0.78810	0.02055	0.01773	0.01289	0.00645	0.00524	0.00161	0.00443	0.00524	0.00645	0.00886
48	0.85377	0.01007	0.00765	0.00685	0.01007	0.01168	0.00564	0.01531	0.00886	0.02336	0.00725	0.00846	0.00564	0.00483	0.00322	0.00161	0.00403	0.00282	0.00322	0.00564
49	0.00750	0.00535	0.00721	0.00721	0.00775	0.00588	0.00507	0.00856	0.00803	0.01123	0.01500	0.02631	0.01556	0.37307	0.46581	0.00694	0.01013	0.00644	0.00295	0.00401
50	0.00831	0.00684	0.00750	0.00706	0.00897	0.00679	0.00537	0.01349	0.21227	0.01820	0.27125	0.03861	0.35396	0.01080	0.00593	0.00172	0.00297	0.00917	0.00524	0.00556
51	0.01295	0.01119	0.01178	0.01060	0.01354	0.01295	0.00824	0.02767	0.77509	0.02178	0.02120	0.01943	0.01590	0.00707	0.00530	0.00177	0.00412	0.00589	0.00530	0.00824
52	0.01128	0.01124	0.01593	0.06908	0.01523	0.01564	0.01161	0.01259	0.00815	0.01259	0.00701	0.01157	0.00684	0.00884	0.01626	0.00224	0.75136	0.00456	0.00228	0.00570
53	0.00634	0.00453	0.00604	0.00725	0.00755	0.00423	0.00483	0.00725	0.00997	0.01329	0.02870	0.81358	0.03444	0.01632	0.00665	0.00211	0.00302	0.01480	0.00483	0.00423
54	0.00827	0.00596	0.00822	0.00936	0.01059	0.00591	0.00815	0.01061	0.01198	0.01550	0.02892	0.05828	0.07032	0.01432	0.00714	0.00236	0.00468	0.70984	0.00480	0.00477
55	0.01222	0.01169	0.01993	0.20089	0.62079	0.01220	0.01565	0.01540	0.01154	0.01620	0.00968	0.01311	0.00796	0.00476	0.00517	0.00159	0.00635	0.00464	0.00252	0.00771
56	0.00983	0.00926	0.01562	0.80447	0.03587	0.01157	0.01446	0.01331	0.01041	0.01331	0.00926	0.01388	0.00694	0.00521	0.00521	0.00174	0.00694	0.00463	0.00231	0.00579
57	0.00619	0.00528	0.00532	0.00531	0.00705	0.00441	0.00398	0.00753	0.01194	0.01424	0.07138	0.04983	0.76365	0.01312	0.00615	0.00176	0.00263	0.01095	0.00486	0.00441
58	0.04231	0.06984	0.06598	0.01712	0.02209	0.01226	0.46574	0.01864	0.01262	0.20192	0.01254	0.01419	0.00887	0.00493	0.00557	0.00167	0.00730	0.00546	0.00352	0.00743
59	0.01116	0.01085	0.01705	0.40372	0.21539	0.02784	0.01400	0.01392	0.01025	0.01402	0.00877	0.01294	0.00724	0.00603	0.00810	0.00181	0.20355	0.00459	0.00238	0.00638

[dist]
# distance from previous block
# <min> <max>
0	1

[block]
# block no. 1 follows, 47 sequences, length 29
# corresponding to MSA columns:
# 228-256
name=unknown_B
#
# <colnr> <probs for GDERKNQSTAVLIFYWHMCP>
#	G	D	E	R	K	N	Q	S	T	A	V	L	I	F	Y	W	H	M	C	P
0	0.80125	0.06073	0.00888	0.00698	0.01028	0.01224	0.00584	0.01533	0.00897	0.02267	0.00725	0.00845	0.00571	0.00481	0.00323	0.00158	0.00412	0.00282	0.00316	0.00571
1	0.01178	0.01163	0.01686	0.01222	0.01692	0.05811	0.22797	0.01463	0.01148	0.01662	0.00955	0.01166	0.00771	0.00411	0.00458	0.00109	0.00564	0.00400	0.00293	0.55052
2	0.00737	0.00532	0.00696	0.00655	0.00778	0.00491	0.00491	0.00983	0.01474	0.02088	0.78175	0.03890	0.04914	0.01065	0.00614	0.00164	0.00246	0.00942	0.00573	0.00491
3	0.00983	0.00926	0.01562	0.80447	0.03587	0.01157	0.01446	0.01331	0.01041	0.01331	0.00926	0.01388	0.00694	0.00521	0.00521	0.00174	0.00694	0.00463	0.00231	0.00579
4	0.77827	0.01141	0.00830	0.00744	0.01062	0.08267	0.00604	0.01580	0.00940	0.02240	0.00732	0.00854	0.00574	0.00488	0.00336	0.00159	0.00451	0.00287	0.00317	0.00568
5	0.00620	0.00528	0.00534	0.00533	0.00706	0.00442	0.00399	0.00757	0.01198	0.01433	0.08113	0.04968	0.75385	0.01309	0.00615	0.00175	0.00263	0.01093	0.00487	0.00442
6	0.01980	0.01459	0.01563	0.01198	0.01615	0.01615	0.00990	0.76713	0.02448	0.03282	0.01250	0.01250	0.00886	0.00625	0.00521	0.00156	0.00573	0.00469	0.00521	0.00886
7	0.00634	0.00453	0.00604	0.00725	0.00755	0.00423	0.00483	0.00725	0.00997	0.01329	0.02870	0.81358	0.03444	0.01632	0.00665	0.00211	0.00302	0.01480	0.00483	0.00423
8	0.01289	0.01237	0.02114	0.03196	0.78450	0.01237	0.01598	0.01598	0.01186	0.01701	0.00980	0.01289	0.00825	0.00464	0.00516	0.00155	0.00619	0.00464	0.00258	0.00825
9	0.00634	0.00453	0.00604	0.00725	0.00755	0.00423	0.00483	0.00725	0.00997	0.01329	0.02870	0.81358	0.03444	0.01632	0.00665	0.00211	0.00302	0.01480	0.00483	0.00423
10	0.01229	0.01405	0.03073	0.02195	0.02722	0.01317	0.76558	0.01668	0.01229	0.01668	0.01054	0.01405	0.00790	0.00439	0.00615	0.00176	0.00878	0.00615	0.00263	0.00702
11	0.01045	0.02694	0.79000	0.01484	0.02254	0.01209	0.01924	0.01649	0.01099	0.01649	0.00935	0.01099	0.00660	0.00495	0.00495	0.00165	0.00770	0.00385	0.00220	0.00770
12	0.01045	0.02694	0.79000	0.01484	0.02254	0.01209	0.01924	0.01649	0.01099	0.01649	0.00935	0.01099	0.00660	0.00495	0.00495	0.00165	0.00770	0.00385	0.00220	0.00770
13	0.01045	0.02694	0.79000	0.01484	0.02254	0.01209	0.01924	0.01649	0.01099	0.01649	0.00935	0.01099	0.00660	0.00495	0.00495	0.00165	0.00770	0.00385	0.00220	0.00770
14	0.00983	0.00926	0.01562	0.80447	0.03587	0.01157	0.01446	0.01331	0.01041	0.01331	0.00926	0.01388	0.00694	0.00521	0.00521	0.00174	0.00694	0.00463	0.00231	0.00579
15	0.01045	0.02694	0.79000	0.01484	0.02254	0.01209	0.01924	0.01649	0.01099	0.01649	0.00935	0.01099	0.00660	0.00495	0.00495	0.00165	0.00770	0.00385	0.00220	0.00770
16	0.01053	0.00924	0.01544	0.76353	0.03471	0.01137	0.01411	0.01393	0.01064	0.05319	0.00984	0.01408	0.00725	0.00527	0.00521	0.00173	0.00681	0.00466	0.00253	0.00594
17	0.00983	0.00926	0.01562	0.80447	0.03587	0.01157	0.01446	0.01331	0.01041	0.01331	0.00926	0.01388	0.00694	0.00521	0.00521	0.00174	0.00694	0.00463	0.00231	0.00579
18	0.00733	0.00524	0.00718	0.00838	0.00911	0.00508	0.00655	0.00896	0.01094	0.01440	0.02816	0.44946	0.03229	0.01538	0.00691	0.00225	0.00388	0.36918	0.00482	0.00450
19	0.01392	0.82012	0.02729	0.00891	0.01337	0.02061	0.00891	0.01559	0.01058	0.01225	0.00724	0.00835	0.00668	0.00446	0.00334	0.00111	0.00557	0.00278	0.00223	0.00668
20	0.00756	0.00512	0.00602	0.00602	0.00614	0.00523	0.00358	0.00779	0.00767	0.01035	0.01609	0.03234	0.01818	0.71783	0.12463	0.00547	0.00618	0.00732	0.00311	0.00335
21	0.00737	0.00532	0.00696	0.00655	0.00778	0.00491	0.00491	0.00983	0.01474	0.02088	0.78175	0.03890	0.04914	0.01065	0.00614	0.00164	0.00246	0.00942	0.00573	0.00491
22	0.01080	0.00926	0.01080	0.00771	0.01234	0.00694	0.00617	0.01311	0.01080	0.01697	0.00926	0.01080	0.00771	0.00386	0.00386	0.00077	0.00386	0.00309	0.00309	0.84882
23	0.01095	0.14176	0.67958	0.01398	0.02121	0.01333	0.01775	0.01636	0.01093	0.01588	0.00904	0.01061	0.00661	0.00488	0.00472	0.00157	0.00739	0.00369	0.00220	0.00755
24	0.00765	0.00569	0.00769	0.00786	0.04777	0.00530	0.00548	0.01014	0.01459	0.02068	0.74201	0.03756	0.04703	0.01034	0.00609	0.00163	0.00265	0.00917	0.00557	0.00509
25	0.01980	0.01459	0.01563	0.01198	0.01615	0.01615	0.00990	0.76713	0.02448	0.03282	0.01250	0.01250	0.00886	0.00625	0.00521	0.00156	0.00573	0.00469	0.00521	0.00886
26	0.02278	0.00871	0.01188	0.00920	0.01310	0.00754	0.00756	0.02475	0.01473	0.76129	0.02083	0.04527	0.01364	0.00679	0.00529	0.00163	0.00438	0.00557	0.00639	0.00870
27	0.00621	0.00506	0.00549	0.00584	0.00718	0.00435	0.00421	0.00741	0.01133	0.01385	0.04593	0.26663	0.57027	0.01408	0.00629	0.00186	0.00275	0.01207	0.00484	0.00435
28	0.01432	0.28524	0.26994	0.01356	0.06534	0.23955	0.01302	0.01740	0.01199	0.01406	0.00831	0.00979	0.00676	0.00489	0.00436	0.00138	0.00739	0.00341	0.00237	0.00692

[dist]
# distance from previous block
# <min> <max>
0	1

[block]
# block no. 2 follows, 47 sequences, length 20
# corresponding to MSA columns:
# 258-277
name=unknown_C
#
# <colnr> <probs for GDERKNQSTAVLIFYWHMCP>
#	G	D	E	R	K	N	Q	S	T	A	V	L	I	F	Y	W	H	M	C	P
0	0.01108	0.01106	0.01965	0.01509	0.01872	0.01097	0.37747	0.01750	0.21191	0.01805	0.10139	0.07697	0.07105	0.00723	0.00596	0.00177	0.00603	0.00739	0.00398	0.00673
1	0.01174	0.32275	0.50555	0.01263	0.01912	0.01527	0.01539	0.01616	0.01084	0.01491	0.00856	0.01001	0.00663	0.00476	0.00435	0.00145	0.00690	0.00345	0.00221	0.00732
2	0.01389	0.06987	0.01509	0.02805	0.01504	0.12575	0.09914	0.08938	0.28789	0.04128	0.03890	0.01825	0.01345	0.11166	0.00795	0.00206	0.00583	0.00550	0.00408	0.00693
3	0.00686	0.00576	0.00614	0.00572	0.00776	0.00476	0.00434	0.00843	0.01208	0.01522	0.13364	0.04406	0.60259	0.01177	0.00588	0.00163	0.00276	0.00985	0.00473	0.10602
4	0.01213	0.06234	0.55093	0.01407	0.02047	0.01205	0.07031	0.01726	0.02711	0.09857	0.01090	0.01266	0.00793	0.02897	0.00600	0.00175	0.03195	0.00428	0.00278	0.00754
5	0.00668	0.00525	0.00603	0.00594	0.00738	0.00460	0.00441	0.00844	0.01295	0.01687	0.35622	0.09456	0.42746	0.01233	0.00618	0.00173	0.00259	0.01058	0.00521	0.00460
6	0.01392	0.82012	0.02729	0.00891	0.01337	0.02061	0.00891	0.01559	0.01058	0.01225	0.00724	0.00835	0.00668	0.00446	0.00334	0.00111	0.00557	0.00278	0.00223	0.00668
7	0.01584	0.01437	0.01605	0.04246	0.07123	0.20255	0.11655	0.05919	0.08740	0.13434	0.01223	0.01315	0.00914	0.00524	0.00495	0.00141	0.00640	0.00444	0.00370	0.17937
8	0.01340	0.70108	0.14175	0.00980	0.01474	0.01933	0.01046	0.01573	0.01064	0.01289	0.00756	0.00875	0.00667	0.00453	0.00358	0.00119	0.00589	0.00294	0.00222	0.00684
9	0.01216	0.01039	0.01109	0.01020	0.01282	0.01190	0.00783	0.02522	0.68306	0.02076	0.02210	0.11495	0.01813	0.00818	0.00546	0.00181	0.00399	0.00696	0.00524	0.00776
10	0.01111	0.01057	0.01824	0.39065	0.33490	0.01160	0.05971	0.01441	0.01122	0.01516	0.01084	0.01665	0.00915	0.00558	0.00538	0.00171	0.00660	0.05714	0.00261	0.00678
11	0.01429	0.66022	0.07790	0.01072	0.06025	0.01862	0.00995	0.01637	0.01099	0.06763	0.00848	0.00947	0.00721	0.00464	0.00369	0.00121	0.00567	0.00314	0.00254	0.00700
12	0.00719	0.00513	0.00701	0.00821	0.00889	0.00496	0.00630	0.00871	0.01080	0.01424	0.02824	0.50267	0.03260	0.01552	0.00687	0.00223	0.00375	0.31740	0.00482	0.00446
13	0.00659	0.00471	0.00633	0.00753	0.00794	0.00444	0.00526	0.00768	0.01021	0.01357	0.02857	0.72280	0.03391	0.01608	0.00671	0.00215	0.00323	0.10316	0.00483	0.00430
14	0.01488	0.13015	0.27447	0.01271	0.07037	0.01144	0.01231	0.01907	0.05817	0.24596	0.03386	0.01734	0.01188	0.00624	0.00503	0.00161	0.00576	0.05710	0.00395	0.00770
15	0.01458	0.01407	0.12473	0.01341	0.03460	0.01444	0.01185	0.18983	0.01310	0.10431	0.01011	0.01234	0.00798	0.00745	0.01100	0.00193	0.39915	0.00457	0.00342	0.00713
16	0.00654	0.00478	0.00620	0.00726	0.00784	0.00444	0.00511	0.00766	0.01041	0.01363	0.03148	0.64128	0.12392	0.01573	0.00665	0.00210	0.00316	0.09267	0.00483	0.00431
17	0.16168	0.29074	0.13428	0.01183	0.06869	0.08548	0.04740	0.01554	0.01139	0.01649	0.10113	0.01314	0.01176	0.00543	0.00429	0.00143	0.00579	0.00410	0.00291	0.00651
18	0.00864	0.00642	0.00771	0.00752	0.00848	0.00666	0.00534	0.09933	0.01147	0.01534	0.07749	0.28163	0.11573	0.21865	0.06453	0.00314	0.04320	0.00981	0.00426	0.00468
19	0.16238	0.01394	0.06353	0.11445	0.28884	0.09079	0.07104	0.06967	0.04489	0.01853	0.00981	0.01210	0.00772	0.00503	0.00485	0.00159	0.00639	0.00431	0.00295	0.00718

[dist]
# distance from previous block
# <min> <max>
0	1

[block]
# block no. 3 follows, 47 sequences, length 8
# corresponding to MSA columns:
# 279-286
name=unknown_D
#
# <colnr> <probs for GDERKNQSTAVLIFYWHMCP>
#	G	D	E	R	K	N	Q	S	T	A	V	L	I	F	Y	W	H	M	C	P
0	0.00895	0.00858	0.12474	0.00815	0.01023	0.00590	0.00704	0.01077	0.01086	0.10181	0.02838	0.40459	0.16413	0.07162	0.00760	0.00214	0.00396	0.01083	0.00450	0.00523
1	0.01357	0.05240	0.12982	0.00984	0.01460	0.06578	0.00905	0.06170	0.05378	0.10343	0.01118	0.01195	0.00851	0.00476	0.00437	0.00116	0.00510	0.00369	0.00350	0.43178
2	0.47367	0.01216	0.01020	0.00883	0.01211	0.10364	0.00709	0.07410	0.12689	0.10956	0.01134	0.01157	0.00837	0.00552	0.00408	0.00160	0.00484	0.00376	0.00398	0.00668
3	0.00888	0.00657	0.00786	0.00732	0.00890	0.00641	0.00552	0.12318	0.01492	0.02032	0.42436	0.18082	0.14203	0.01139	0.00610	0.00173	0.00308	0.00993	0.00536	0.00531
4	0.01360	0.00999	0.01559	0.10802	0.10452	0.01057	0.12540	0.08687	0.01313	0.14183	0.08573	0.01720	0.01333	0.00640	0.00655	0.00165	0.09655	0.00545	0.13081	0.00681
5	0.00938	0.00914	0.12552	0.00822	0.01069	0.00655	0.00741	0.04213	0.01383	0.07947	0.43607	0.12089	0.08982	0.01011	0.00591	0.00170	0.00361	0.00879	0.00507	0.00569
6	0.01379	0.22592	0.01709	0.03567	0.01455	0.10708	0.06361	0.11512	0.03488	0.05180	0.09132	0.01749	0.08261	0.00633	0.00475	0.00138	0.00547	0.00505	0.00367	0.10241
7	0.01476	0.07385	0.02131	0.16982	0.02333	0.05672	0.28241	0.13324	0.05078	0.10439	0.01183	0.01376	0.00864	0.00525	0.00538	0.00164	0.00703	0.00510	0.00349	0.00725

[dist]
# distance from previous block
# <min> <max>
0	47

# created by:
# /home/berkeley/.conda/envs/busco_data_prod/bin/msa2prfl.pl pipeline/OGs_align_augustus/33634/59043.fs
