[name]
unknown

[dist]
# distance from previous block
# <min> <max>
0	80

[block]
# block no. 0 follows, 38 sequences, length 13
# corresponding to MSA columns:
# 84-96
name=unknown_A
#
# <colnr> <probs for GDERKNQSTAVLIFYWHMCP>
#	G	D	E	R	K	N	Q	S	T	A	V	L	I	F	Y	W	H	M	C	P
0	0.02255	0.01045	0.01599	0.01262	0.01692	0.00934	0.10018	0.02529	0.01629	0.54163	0.02360	0.02768	0.01738	0.00864	0.00655	0.00203	0.00582	0.12126	0.00658	0.00920
1	0.01253	0.11022	0.02079	0.55701	0.15405	0.01484	0.01618	0.01621	0.01233	0.01592	0.01050	0.01504	0.00823	0.00580	0.00573	0.00188	0.00768	0.00508	0.00271	0.00728
2	0.01824	0.01690	0.07188	0.03899	0.20771	0.13544	0.17419	0.02174	0.01506	0.18576	0.01480	0.01787	0.01125	0.00641	0.00623	0.00187	0.00803	0.03484	0.00410	0.00868
3	0.02452	0.01730	0.01603	0.01296	0.01723	0.22078	0.01038	0.23576	0.02045	0.33782	0.01699	0.01602	0.01153	0.00703	0.00587	0.00176	0.00715	0.00526	0.00582	0.00933
4	0.59397	0.01515	0.13309	0.01309	0.10760	0.01367	0.01059	0.01801	0.01108	0.02476	0.00914	0.01090	0.00708	0.00558	0.00433	0.00186	0.00566	0.00372	0.00344	0.00728
5	0.01566	0.01749	0.14112	0.01650	0.02162	0.04732	0.19733	0.08513	0.29319	0.05583	0.01834	0.01877	0.02936	0.00693	0.00629	0.00197	0.00722	0.00635	0.00465	0.00894
6	0.01278	0.00866	0.01181	0.01362	0.13189	0.00843	0.00863	0.01668	0.10578	0.13672	0.09982	0.30196	0.09350	0.01250	0.00683	0.00210	0.00441	0.01110	0.00563	0.00718
7	0.12070	0.01538	0.18429	0.01126	0.01700	0.01035	0.01108	0.02093	0.01377	0.25743	0.01462	0.01476	0.01024	0.00585	0.00517	0.00156	0.00572	0.00453	0.00460	0.27076
8	0.01247	0.01069	0.01247	0.00891	0.01426	0.00802	0.00713	0.01515	0.01247	0.01960	0.01069	0.01247	0.00891	0.00446	0.00446	0.00089	0.00446	0.00356	0.00356	0.82536
9	0.01504	0.02207	0.45810	0.01405	0.02071	0.01140	0.01634	0.02024	0.01448	0.19506	0.13427	0.01982	0.01738	0.00720	0.00602	0.00189	0.00700	0.00588	0.00437	0.00869
10	0.01069	0.00928	0.01516	0.01506	0.08867	0.00899	0.13633	0.01436	0.04444	0.01945	0.14952	0.07498	0.09896	0.01233	0.00743	0.00228	0.00571	0.27480	0.00506	0.00651
11	0.01608	0.79220	0.03152	0.01029	0.01544	0.02380	0.01029	0.01801	0.01222	0.01415	0.00836	0.00965	0.00772	0.00515	0.00386	0.00129	0.00643	0.00322	0.00257	0.00772
12	0.01685	0.01064	0.01597	0.01331	0.04502	0.01013	0.12597	0.05300	0.09538	0.25738	0.20210	0.02842	0.08098	0.00884	0.00656	0.00192	0.00533	0.00795	0.00600	0.00826

[dist]
# distance from previous block
# <min> <max>
0	2

[block]
# block no. 1 follows, 38 sequences, length 21
# corresponding to MSA columns:
# 99-119
name=unknown_B
#
# <colnr> <probs for GDERKNQSTAVLIFYWHMCP>
#	G	D	E	R	K	N	Q	S	T	A	V	L	I	F	Y	W	H	M	C	P
0	0.05606	0.35696	0.09443	0.01200	0.01702	0.01947	0.01136	0.17486	0.16176	0.02259	0.01315	0.01356	0.01033	0.00628	0.00495	0.00164	0.00629	0.00453	0.00408	0.00868
1	0.83108	0.01163	0.00884	0.00791	0.01163	0.01350	0.00651	0.01768	0.01024	0.02699	0.00838	0.00977	0.00651	0.00558	0.00372	0.00186	0.00465	0.00326	0.00372	0.00651
2	0.01932	0.02236	0.05662	0.02175	0.19854	0.38736	0.10562	0.04363	0.01601	0.05652	0.01115	0.01323	0.00881	0.00592	0.00583	0.00171	0.00933	0.00484	0.00335	0.00810
3	0.00839	0.00604	0.00817	0.00949	0.01039	0.00582	0.00740	0.01024	0.01268	0.01660	0.03392	0.42391	0.07202	0.01766	0.00794	0.00257	0.00440	0.33160	0.00556	0.00519
4	0.00711	0.00609	0.00609	0.00609	0.00813	0.00508	0.00457	0.00863	0.01371	0.01625	0.06094	0.05789	0.74862	0.01524	0.00711	0.00203	0.00305	0.01270	0.00559	0.00508
5	0.02247	0.02867	0.01705	0.01550	0.01860	0.76443	0.01162	0.02402	0.01705	0.01472	0.00930	0.01085	0.00775	0.00620	0.00542	0.00155	0.01085	0.00387	0.00310	0.00697
6	0.01247	0.01069	0.01247	0.00891	0.01426	0.00802	0.00713	0.01515	0.01247	0.01960	0.01069	0.01247	0.00891	0.00446	0.00446	0.00089	0.00446	0.00356	0.00356	0.82536
7	0.01316	0.01316	0.01843	0.01579	0.01579	0.01843	0.01316	0.01448	0.00921	0.01448	0.00790	0.01316	0.00790	0.01053	0.01974	0.00263	0.77757	0.00526	0.00263	0.00658
8	0.02247	0.02867	0.01705	0.01550	0.01860	0.76443	0.01162	0.02402	0.01705	0.01472	0.00930	0.01085	0.00775	0.00620	0.00542	0.00155	0.01085	0.00387	0.00310	0.00697
9	0.01247	0.01069	0.01247	0.00891	0.01426	0.00802	0.00713	0.01515	0.01247	0.01960	0.01069	0.01247	0.00891	0.00446	0.00446	0.00089	0.00446	0.00356	0.00356	0.82536
10	0.01302	0.21101	0.58584	0.01553	0.02353	0.01629	0.01941	0.01881	0.01259	0.01789	0.01022	0.01198	0.00764	0.00558	0.00528	0.00176	0.00831	0.00415	0.00255	0.00861
11	0.00867	0.00612	0.00804	0.00804	0.00855	0.00663	0.00548	0.00969	0.00918	0.01276	0.01761	0.03190	0.01863	0.43568	0.37908	0.00765	0.01071	0.00766	0.00344	0.00446
12	0.00714	0.00597	0.00622	0.00642	0.00821	0.00505	0.00471	0.00860	0.01340	0.01612	0.05702	0.16049	0.64855	0.01575	0.00719	0.00209	0.00311	0.01332	0.00559	0.00505
13	0.01855	0.01471	0.01562	0.01297	0.01701	0.01664	0.01039	0.34942	0.41689	0.03095	0.01992	0.01881	0.01467	0.00773	0.00607	0.00193	0.00561	0.00617	0.00607	0.00984
14	0.01489	0.01429	0.02442	0.03692	0.75106	0.01429	0.01846	0.01846	0.01370	0.01965	0.01132	0.01489	0.00953	0.00536	0.00596	0.00179	0.00715	0.00536	0.00298	0.00953
15	0.01202	0.01130	0.01905	0.58509	0.19418	0.01328	0.01667	0.01589	0.01258	0.01663	0.03879	0.01689	0.01020	0.00611	0.00604	0.00195	0.00763	0.00556	0.00289	0.00726
16	0.01247	0.01069	0.01247	0.00891	0.01426	0.00802	0.00713	0.01515	0.01247	0.01960	0.01069	0.01247	0.00891	0.00446	0.00446	0.00089	0.00446	0.00356	0.00356	0.82536
17	0.01045	0.00522	0.00784	0.00784	0.00784	0.00522	0.00522	0.00784	0.00784	0.01045	0.01045	0.01829	0.01045	0.02090	0.02351	0.82497	0.00522	0.00522	0.00261	0.00261
18	0.00859	0.00645	0.00967	0.00967	0.01074	0.00752	0.00752	0.01074	0.00967	0.01396	0.01611	0.02363	0.01504	0.04512	0.76474	0.00967	0.01611	0.00645	0.00322	0.00537
19	0.00733	0.00524	0.00698	0.00838	0.00873	0.00489	0.00558	0.00838	0.01152	0.01536	0.03316	0.78466	0.03979	0.01885	0.00768	0.00244	0.00349	0.01710	0.00558	0.00489
20	0.76122	0.01140	0.00895	0.00811	0.01167	0.01317	0.00660	0.01785	0.04007	0.02640	0.01013	0.04468	0.00848	0.00628	0.00400	0.00189	0.00461	0.00402	0.00390	0.00657

[dist]
# distance from previous block
# <min> <max>
1	5

[block]
# block no. 2 follows, 38 sequences, length 11
# corresponding to MSA columns:
# 127-137
name=unknown_C
#
# <colnr> <probs for GDERKNQSTAVLIFYWHMCP>
#	G	D	E	R	K	N	Q	S	T	A	V	L	I	F	Y	W	H	M	C	P
0	0.05388	0.01593	0.07163	0.01304	0.01794	0.01568	0.01131	0.43232	0.09603	0.18488	0.01689	0.01620	0.01169	0.00719	0.00592	0.00185	0.00621	0.00553	0.00598	0.00991
1	0.69894	0.01336	0.01172	0.00997	0.01384	0.07276	0.06750	0.01832	0.01111	0.02538	0.00877	0.01040	0.00683	0.00559	0.00414	0.00185	0.00560	0.00363	0.00362	0.00669
2	0.01497	0.01102	0.01301	0.00945	0.01467	0.00879	0.00762	0.06208	0.01407	0.11410	0.01258	0.01361	0.00975	0.00501	0.00476	0.00107	0.00468	0.00400	0.00421	0.67053
3	0.02049	0.01567	0.01672	0.01336	0.01775	0.01755	0.01086	0.52077	0.24238	0.03408	0.01746	0.01685	0.01268	0.00750	0.00605	0.00188	0.00606	0.00583	0.00605	0.01002
4	0.00733	0.00524	0.00698	0.00838	0.00873	0.00489	0.00558	0.00838	0.01152	0.01536	0.03316	0.78466	0.03979	0.01885	0.00768	0.00244	0.00349	0.01710	0.00558	0.00489
5	0.01544	0.19868	0.10137	0.02011	0.24787	0.06765	0.01390	0.05688	0.13619	0.02007	0.05480	0.01611	0.01299	0.00637	0.00550	0.00172	0.00675	0.00522	0.00373	0.00868
6	0.01316	0.01316	0.01843	0.01579	0.01579	0.01843	0.01316	0.01448	0.00921	0.01448	0.00790	0.01316	0.00790	0.01053	0.01974	0.00263	0.77757	0.00526	0.00263	0.00658
7	0.01398	0.01558	0.03192	0.02335	0.02816	0.01589	0.57915	0.01827	0.01315	0.01827	0.01127	0.01558	0.00887	0.00621	0.00975	0.00215	0.17097	0.00671	0.00296	0.00779
8	0.05920	0.01083	0.01388	0.01123	0.01504	0.01066	0.06842	0.09152	0.14024	0.26864	0.06716	0.02845	0.17008	0.00914	0.00631	0.00194	0.00505	0.00771	0.00609	0.00843
9	0.08432	0.07844	0.01601	0.05288	0.07492	0.16980	0.03615	0.07482	0.05024	0.06747	0.08530	0.14809	0.01911	0.00893	0.00595	0.00186	0.00649	0.00740	0.00449	0.00734
10	0.13703	0.01282	0.02228	0.01763	0.05975	0.01203	0.33517	0.01668	0.01286	0.02002	0.01401	0.11582	0.01275	0.00685	0.00605	0.00181	0.00708	0.00700	0.00359	0.17878

[dist]
# distance from previous block
# <min> <max>
1	6

[block]
# block no. 3 follows, 38 sequences, length 20
# corresponding to MSA columns:
# 144-163
name=unknown_D
#
# <colnr> <probs for GDERKNQSTAVLIFYWHMCP>
#	G	D	E	R	K	N	Q	S	T	A	V	L	I	F	Y	W	H	M	C	P
0	0.01362	0.13721	0.16545	0.01986	0.16209	0.01451	0.17823	0.04344	0.01435	0.01991	0.11825	0.01820	0.01566	0.00636	0.00594	0.00176	0.00728	0.00597	0.00352	0.04839
1	0.01757	0.29722	0.05453	0.06433	0.07465	0.04453	0.01145	0.14015	0.01615	0.12224	0.04973	0.05556	0.01340	0.00703	0.00534	0.00167	0.00638	0.00548	0.00425	0.00834
2	0.05565	0.01472	0.07467	0.09185	0.02052	0.05400	0.10153	0.07335	0.03788	0.09944	0.01324	0.04164	0.01104	0.04814	0.01130	0.00233	0.23132	0.00599	0.00382	0.00755
3	0.00950	0.01190	0.16786	0.00999	0.01315	0.00789	0.00939	0.01357	0.05596	0.02051	0.31598	0.18346	0.09180	0.01179	0.00673	0.00197	0.00447	0.01028	0.00528	0.04850
4	0.00749	0.00545	0.00706	0.00805	0.00871	0.00502	0.00551	0.00886	0.01256	0.01678	0.14522	0.60554	0.10651	0.01752	0.00754	0.00232	0.00335	0.01575	0.00574	0.00502
5	0.02082	0.01583	0.01690	0.01343	0.01787	0.01770	0.01094	0.54976	0.21286	0.03461	0.01705	0.01652	0.01234	0.00747	0.00604	0.00187	0.00614	0.00578	0.00604	0.01005
6	0.00876	0.00617	0.00803	0.00902	0.01019	0.00579	0.00700	0.01057	0.01295	0.03927	0.03752	0.36425	0.16810	0.01701	0.00775	0.00247	0.00421	0.26999	0.00563	0.00533
7	0.01891	0.01423	0.02060	0.01753	0.08466	0.02829	0.15270	0.19139	0.08719	0.17546	0.01570	0.01685	0.01147	0.00814	0.02724	0.00218	0.10755	0.00598	0.00490	0.00903
8	0.01411	0.11380	0.43081	0.01719	0.08669	0.01434	0.05400	0.01991	0.04568	0.08270	0.05459	0.01567	0.01180	0.00622	0.00572	0.00183	0.00766	0.00513	0.00342	0.00873
9	0.02587	0.01075	0.01412	0.01097	0.01553	0.00976	0.00901	0.06153	0.07368	0.66600	0.02337	0.02035	0.01495	0.00749	0.00605	0.00187	0.00516	0.00608	0.00728	0.01018
10	0.01536	0.65575	0.16166	0.01152	0.01734	0.02204	0.01243	0.01820	0.01231	0.01503	0.00880	0.01020	0.00770	0.00525	0.00419	0.00140	0.00687	0.00344	0.00257	0.00793
11	0.01797	0.08347	0.23003	0.04622	0.02239	0.04694	0.13214	0.07659	0.01554	0.21876	0.01529	0.01733	0.01105	0.00658	0.00600	0.00187	0.00763	0.03102	0.00436	0.00884
12	0.00957	0.04498	0.00890	0.00814	0.00959	0.00675	0.00591	0.03953	0.01343	0.05610	0.10866	0.40282	0.19144	0.05521	0.00833	0.00236	0.00380	0.01334	0.00556	0.00558
13	0.01167	0.00920	0.00975	0.00941	0.01106	0.10069	0.00704	0.01371	0.01412	0.08664	0.24552	0.19358	0.06567	0.01970	0.17024	0.00365	0.00706	0.01002	0.00526	0.00600
14	0.01503	0.01189	0.07911	0.07853	0.08658	0.01014	0.08421	0.03658	0.04772	0.19734	0.06353	0.14398	0.09971	0.00968	0.00655	0.00201	0.00580	0.00864	0.00512	0.00785
15	0.01350	0.01336	0.03962	0.28518	0.12093	0.01419	0.18094	0.08348	0.04065	0.01933	0.01436	0.04820	0.03486	0.00701	0.00725	0.00202	0.05745	0.00651	0.00344	0.00773
16	0.16608	0.08111	0.15827	0.12350	0.08203	0.01440	0.06912	0.01926	0.01265	0.12854	0.01193	0.01403	0.00886	0.00631	0.00672	0.00192	0.07880	0.00485	0.00359	0.00802
17	0.01111	0.00968	0.01517	0.43098	0.06949	0.01121	0.01278	0.01365	0.01130	0.01513	0.01313	0.08131	0.01222	0.07699	0.01052	0.07538	0.05098	0.00646	0.00308	0.06943
18	0.01709	0.04932	0.05811	0.06319	0.28658	0.03959	0.06699	0.12072	0.01585	0.11993	0.01421	0.05574	0.01151	0.00693	0.00674	0.00188	0.04665	0.00601	0.00408	0.00887
19	0.01725	0.01493	0.04473	0.08028	0.24231	0.06782	0.15590	0.04682	0.05318	0.15644	0.03629	0.01715	0.01202	0.00622	0.00618	0.00185	0.00744	0.00591	0.00418	0.02309

[dist]
# distance from previous block
# <min> <max>
1	22

[block]
# block no. 4 follows, 38 sequences, length 13
# corresponding to MSA columns:
# 186-198
name=unknown_E
#
# <colnr> <probs for GDERKNQSTAVLIFYWHMCP>
#	G	D	E	R	K	N	Q	S	T	A	V	L	I	F	Y	W	H	M	C	P
0	0.06789	0.05153	0.07741	0.11971	0.13827	0.03170	0.04416	0.07066	0.10958	0.07075	0.09585	0.01901	0.01572	0.00774	0.02067	0.00201	0.02134	0.00592	0.00428	0.02580
1	0.22183	0.01332	0.06211	0.14900	0.10562	0.01262	0.08840	0.04048	0.01320	0.10587	0.01196	0.01409	0.00889	0.00569	0.00531	0.00176	0.00646	0.00478	0.00378	0.12484
2	0.14683	0.01263	0.05179	0.14170	0.11675	0.01239	0.06006	0.03909	0.10377	0.08070	0.04082	0.01981	0.04208	0.00698	0.00573	0.00186	0.00611	0.02802	0.00423	0.07866
3	0.14984	0.01275	0.01713	0.02234	0.35603	0.05788	0.01264	0.01790	0.01384	0.08030	0.11950	0.05568	0.01761	0.00745	0.00628	0.00187	0.03246	0.00634	0.00411	0.00805
4	0.00903	0.00581	0.00727	0.00720	0.00750	0.00583	0.00456	0.00912	0.00986	0.01344	0.12338	0.03487	0.02422	0.46811	0.08548	0.16228	0.00611	0.00820	0.00385	0.00388
5	0.01231	0.01570	0.17283	0.23583	0.08448	0.01324	0.09011	0.01744	0.06257	0.01803	0.03006	0.01654	0.01069	0.00877	0.05331	0.00240	0.07039	0.00553	0.01902	0.06076
6	0.01233	0.01117	0.01694	0.02316	0.39585	0.03253	0.01255	0.01545	0.01494	0.02105	0.29195	0.05400	0.02850	0.00848	0.00639	0.00181	0.00540	0.00778	0.00448	0.03523
7	0.77650	0.01278	0.00940	0.00842	0.01210	0.06418	0.00686	0.01811	0.01070	0.02616	0.00844	0.00985	0.00660	0.00563	0.00384	0.00184	0.00507	0.00330	0.00368	0.00655
8	0.01870	0.00971	0.01374	0.01193	0.01535	0.00919	0.05320	0.04350	0.06304	0.35980	0.02590	0.03826	0.02216	0.01084	0.00698	0.00223	0.00561	0.27527	0.00632	0.00827
9	0.01083	0.00541	0.00674	0.00674	0.00743	0.00541	0.00472	0.01088	0.01019	0.01634	0.01496	0.02032	0.01289	0.01406	0.01401	0.41970	0.00403	0.00541	0.40582	0.00409
10	0.01125	0.01051	0.04369	0.04738	0.22340	0.00988	0.01079	0.01615	0.10696	0.02154	0.30928	0.03253	0.11282	0.00961	0.00655	0.00190	0.00478	0.00851	0.00508	0.00736
11	0.01719	0.02991	0.39308	0.01634	0.02238	0.38327	0.01701	0.02150	0.01484	0.01692	0.01006	0.01179	0.00768	0.00595	0.00557	0.00173	0.00985	0.00416	0.00282	0.00795
12	0.01730	0.00750	0.00914	0.00780	0.01050	0.00690	0.00618	0.01991	0.01481	0.31521	0.08015	0.02347	0.01855	0.00761	0.00518	0.00162	0.00373	0.00621	0.43077	0.00746

[dist]
# distance from previous block
# <min> <max>
0	3

[block]
# block no. 5 follows, 38 sequences, length 16
# corresponding to MSA columns:
# 202-217
name=unknown_F
#
# <colnr> <probs for GDERKNQSTAVLIFYWHMCP>
#	G	D	E	R	K	N	Q	S	T	A	V	L	I	F	Y	W	H	M	C	P
0	0.56827	0.01636	0.01158	0.01026	0.01390	0.20633	0.00816	0.06833	0.01322	0.02460	0.00903	0.01037	0.00709	0.00585	0.00432	0.00178	0.00638	0.00356	0.00372	0.00689
1	0.01920	0.01254	0.02008	0.07453	0.42932	0.01219	0.01474	0.02234	0.01491	0.29539	0.01593	0.01706	0.01144	0.00618	0.00599	0.00183	0.00644	0.00562	0.00463	0.00961
2	0.03407	0.01147	0.01718	0.17823	0.11274	0.01225	0.07949	0.07895	0.10245	0.06696	0.01912	0.03001	0.01703	0.00900	0.00663	0.00213	0.00663	0.18794	0.00453	0.02319
3	0.06335	0.01228	0.01325	0.01017	0.01498	0.02711	0.00813	0.10814	0.13704	0.02317	0.01332	0.01420	0.01050	0.00553	0.00491	0.00127	0.00493	0.00433	0.00430	0.51908
4	0.01076	0.00925	0.01315	0.01200	0.01244	0.01200	0.00955	0.01201	0.00926	0.01375	0.01221	0.01959	0.01195	0.07499	0.32899	0.07544	0.34819	0.00597	0.00294	0.00556
5	0.01138	0.01043	0.01522	0.15550	0.25556	0.04853	0.01207	0.01396	0.01307	0.01746	0.08140	0.29481	0.02407	0.01097	0.00666	0.00206	0.00581	0.00998	0.00418	0.00689
6	0.01267	0.00968	0.02854	0.01074	0.04170	0.00887	0.00840	0.01807	0.16032	0.10167	0.06201	0.03851	0.19890	0.01088	0.00655	0.00197	0.00460	0.14238	0.00546	0.12807
7	0.01970	0.01240	0.01417	0.01362	0.09804	0.10818	0.03167	0.04661	0.04456	0.30172	0.03770	0.01943	0.01437	0.00701	0.00557	0.00171	0.00567	0.00575	0.20372	0.00839
8	0.01365	0.07001	0.30452	0.02358	0.16851	0.01510	0.28003	0.01895	0.01341	0.01894	0.01125	0.01423	0.00855	0.00537	0.00615	0.00189	0.00886	0.00552	0.00281	0.00866
9	0.00914	0.00588	0.00662	0.00655	0.00803	0.00547	0.00487	0.01156	0.01430	0.02118	0.27668	0.08319	0.19701	0.01137	0.00605	0.00177	0.00291	0.00968	0.31228	0.00547
10	0.00917	0.00895	0.07245	0.01039	0.05730	0.00717	0.00792	0.01264	0.04921	0.02118	0.41390	0.15160	0.13002	0.01245	0.00695	0.00199	0.00384	0.01095	0.00574	0.00618
11	0.01538	0.03505	0.28272	0.14486	0.21980	0.06507	0.01768	0.01991	0.01372	0.11117	0.01240	0.01462	0.00912	0.00591	0.00581	0.00185	0.00789	0.00498	0.00334	0.00872
12	0.00950	0.00789	0.01168	0.29524	0.02126	0.00857	0.00991	0.01264	0.01465	0.01973	0.36488	0.03659	0.10712	0.01046	0.00675	0.00199	0.00494	0.04522	0.00498	0.00599
13	0.05487	0.01241	0.01426	0.12334	0.01899	0.05860	0.00971	0.12178	0.01542	0.13359	0.01340	0.01505	0.01012	0.00850	0.05743	0.00203	0.00661	0.00468	0.00434	0.31486
14	0.01303	0.06183	0.01950	0.30616	0.28142	0.01344	0.01493	0.06090	0.01358	0.01821	0.01432	0.12864	0.01336	0.00770	0.00610	0.00193	0.00685	0.00695	0.00341	0.00770
15	0.01567	0.12918	0.02424	0.09014	0.50343	0.01611	0.01633	0.09743	0.01497	0.02053	0.01118	0.01416	0.00922	0.00559	0.00566	0.00173	0.00705	0.00505	0.00323	0.00911

[dist]
# distance from previous block
# <min> <max>
11	46

[block]
# block no. 6 follows, 38 sequences, length 22
# corresponding to MSA columns:
# 274-295
name=unknown_G
#
# <colnr> <probs for GDERKNQSTAVLIFYWHMCP>
#	G	D	E	R	K	N	Q	S	T	A	V	L	I	F	Y	W	H	M	C	P
0	0.09009	0.01264	0.01671	0.07293	0.01903	0.01344	0.10745	0.25692	0.07122	0.08737	0.04406	0.14646	0.01720	0.00892	0.00629	0.00199	0.00611	0.00776	0.00522	0.00822
1	0.19921	0.01761	0.21748	0.01300	0.01787	0.04122	0.05634	0.05341	0.16951	0.02317	0.08074	0.05488	0.01588	0.00749	0.00566	0.00194	0.00628	0.00606	0.00431	0.00794
2	0.04222	0.01408	0.05390	0.10116	0.16243	0.01342	0.22001	0.05580	0.07750	0.13869	0.04871	0.01805	0.01291	0.00636	0.00630	0.00193	0.00734	0.00625	0.00427	0.00866
3	0.01178	0.07222	0.08043	0.01119	0.01333	0.01164	0.00961	0.01374	0.01057	0.05083	0.01442	0.06253	0.01418	0.16302	0.17555	0.00436	0.19312	0.00647	0.00341	0.07757
4	0.69662	0.01230	0.01087	0.01070	0.07019	0.01401	0.00788	0.07997	0.01208	0.02737	0.00914	0.01058	0.00708	0.00571	0.00410	0.00185	0.00502	0.00361	0.00386	0.00708
5	0.01559	0.01544	0.08754	0.03314	0.63016	0.01384	0.01804	0.01936	0.01389	0.07724	0.01224	0.01514	0.00978	0.00555	0.00594	0.00180	0.00714	0.00533	0.00329	0.00953
6	0.01041	0.01369	0.16331	0.01097	0.01359	0.10342	0.00980	0.01300	0.01327	0.01732	0.13009	0.41873	0.03156	0.01357	0.00690	0.00214	0.00544	0.01190	0.00479	0.00609
7	0.09272	0.07046	0.01532	0.01174	0.01575	0.06315	0.00951	0.11109	0.31738	0.20007	0.01951	0.01820	0.01404	0.00730	0.00567	0.00187	0.00557	0.00569	0.00576	0.00921
8	0.00883	0.00605	0.00807	0.00807	0.00855	0.00654	0.00553	0.00956	0.00908	0.01259	0.01691	0.03040	0.01777	0.38553	0.35981	0.08120	0.01040	0.00740	0.00336	0.00433
9	0.01858	0.61307	0.02750	0.01039	0.01542	0.02038	0.00996	0.02060	0.01337	0.18391	0.01188	0.01213	0.00936	0.00567	0.00436	0.00142	0.00613	0.00387	0.00369	0.00830
10	0.09698	0.01336	0.01527	0.01188	0.01647	0.01379	0.00979	0.33395	0.05225	0.34623	0.01834	0.01697	0.01226	0.00721	0.00583	0.00184	0.00572	0.00555	0.00643	0.00987
11	0.01489	0.01429	0.02442	0.03692	0.75106	0.01429	0.01846	0.01846	0.01370	0.01965	0.01132	0.01489	0.00953	0.00536	0.00596	0.00179	0.00715	0.00536	0.00298	0.00953
12	0.01136	0.01069	0.01804	0.77412	0.04143	0.01337	0.01671	0.01537	0.01203	0.01537	0.01069	0.01604	0.00802	0.00601	0.00601	0.00200	0.00802	0.00535	0.00267	0.00668
13	0.01608	0.79220	0.03152	0.01029	0.01544	0.02380	0.01029	0.01801	0.01222	0.01415	0.00836	0.00965	0.00772	0.00515	0.00386	0.00129	0.00643	0.00322	0.00257	0.00772
14	0.01831	0.01357	0.02384	0.11652	0.14871	0.01333	0.25399	0.08355	0.01592	0.22755	0.01529	0.01702	0.01077	0.00609	0.00638	0.00192	0.00765	0.00614	0.00448	0.00895
15	0.00964	0.00576	0.00863	0.00863	0.00910	0.00622	0.00622	0.00910	0.00863	0.01198	0.01292	0.02061	0.01245	0.03145	0.34630	0.46992	0.00997	0.00576	0.00288	0.00381
16	0.01221	0.00985	0.01385	0.01334	0.04440	0.01212	0.01007	0.01366	0.01096	0.08159	0.01878	0.28813	0.02022	0.01445	0.04529	0.00276	0.36820	0.00959	0.00415	0.00638
17	0.83108	0.01163	0.00884	0.00791	0.01163	0.01350	0.00651	0.01768	0.01024	0.02699	0.00838	0.00977	0.00651	0.00558	0.00372	0.00186	0.00465	0.00326	0.00372	0.00651
18	0.00860	0.00637	0.00927	0.00923	0.01025	0.00722	0.00704	0.01063	0.01023	0.01466	0.08018	0.02678	0.01924	0.10308	0.63860	0.00868	0.01411	0.00702	0.00355	0.00526
19	0.01526	0.47678	0.15225	0.08094	0.01986	0.07865	0.01322	0.01817	0.01245	0.01517	0.00903	0.01109	0.00774	0.00579	0.00562	0.00157	0.06228	0.00382	0.00262	0.00769
20	0.06310	0.01154	0.01184	0.00967	0.01343	0.08550	0.00760	0.05240	0.02858	0.14416	0.13763	0.05146	0.07679	0.00806	0.00564	0.00155	0.00493	0.00655	0.00507	0.27448
21	0.03896	0.26803	0.22148	0.03305	0.13929	0.07621	0.08322	0.04159	0.01360	0.01803	0.01016	0.01231	0.00817	0.00550	0.00523	0.00167	0.00789	0.00442	0.00286	0.00833

[dist]
# distance from previous block
# <min> <max>
1	2

[block]
# block no. 7 follows, 38 sequences, length 21
# corresponding to MSA columns:
# 298-318
name=unknown_H
#
# <colnr> <probs for GDERKNQSTAVLIFYWHMCP>
#	G	D	E	R	K	N	Q	S	T	A	V	L	I	F	Y	W	H	M	C	P
0	0.01304	0.01311	0.01753	0.01521	0.01619	0.07506	0.06444	0.01492	0.01080	0.01520	0.01208	0.02082	0.01193	0.01451	0.10266	0.00333	0.48155	0.08804	0.00311	0.00646
1	0.01576	0.04977	0.16113	0.07928	0.16108	0.03555	0.17716	0.02036	0.03684	0.13675	0.04276	0.03063	0.01236	0.00636	0.00617	0.00189	0.00767	0.00603	0.00388	0.00860
2	0.05959	0.07039	0.10555	0.14939	0.27901	0.01424	0.06353	0.01928	0.01333	0.11761	0.01237	0.01495	0.00939	0.00599	0.00634	0.00187	0.03993	0.00519	0.00348	0.00856
3	0.01219	0.01033	0.01287	0.01166	0.01439	0.01111	0.05967	0.02208	0.37665	0.02250	0.15117	0.06611	0.07292	0.01084	0.00682	0.00214	0.00478	0.11825	0.00584	0.00768
4	0.00908	0.06177	0.07832	0.05196	0.01328	0.00818	0.03589	0.01179	0.01440	0.01870	0.24621	0.04283	0.36144	0.01193	0.00670	0.00193	0.00430	0.01015	0.00514	0.00598
5	0.01602	0.03949	0.38366	0.08834	0.10576	0.06019	0.01764	0.06823	0.01473	0.13046	0.01289	0.01436	0.00915	0.00608	0.00578	0.00185	0.00796	0.00488	0.00361	0.00891
6	0.01246	0.01180	0.01979	0.45031	0.30947	0.01325	0.01669	0.01617	0.01276	0.01705	0.01377	0.01797	0.05045	0.00629	0.00605	0.00192	0.00741	0.00577	0.00295	0.00767
7	0.00931	0.00715	0.00964	0.00926	0.00974	0.00838	0.00673	0.01045	0.00922	0.01309	0.01611	0.02863	0.01684	0.34697	0.35538	0.00708	0.12065	0.00723	0.00331	0.00483
8	0.04278	0.03746	0.38803	0.06782	0.06053	0.10146	0.06154	0.02088	0.01391	0.13123	0.01258	0.01408	0.00893	0.00598	0.00575	0.00185	0.00829	0.00483	0.00346	0.00861
9	0.01383	0.02001	0.25982	0.09234	0.35781	0.03635	0.09631	0.01864	0.01339	0.01890	0.01113	0.01431	0.00869	0.00552	0.00599	0.00186	0.00821	0.00521	0.00282	0.00885
10	0.00996	0.00860	0.01364	0.28361	0.02280	0.00926	0.06184	0.01313	0.01373	0.01805	0.17030	0.07498	0.10957	0.01109	0.00699	0.00217	0.00583	0.15382	0.00456	0.00607
11	0.01360	0.32124	0.48071	0.01453	0.02200	0.01772	0.01768	0.01866	0.01252	0.01718	0.00987	0.01154	0.00766	0.00550	0.00501	0.00167	0.00795	0.00398	0.00255	0.00844
12	0.01912	0.06714	0.21853	0.01657	0.06655	0.01272	0.13671	0.02350	0.02911	0.32459	0.01655	0.01667	0.01123	0.00631	0.00600	0.00186	0.00719	0.00559	0.00476	0.00929
13	0.01513	0.01299	0.17638	0.01075	0.01489	0.00843	0.01040	0.01825	0.01468	0.26434	0.09146	0.12268	0.15778	0.01077	0.00657	0.00202	0.00520	0.04395	0.00562	0.00770
14	0.01136	0.01069	0.01804	0.77412	0.04143	0.01337	0.01671	0.01537	0.01203	0.01537	0.01069	0.01604	0.00802	0.00601	0.00601	0.00200	0.00802	0.00535	0.00267	0.00668
15	0.01504	0.01292	0.02209	0.14269	0.47754	0.01310	0.06413	0.01850	0.01369	0.09122	0.01386	0.06338	0.01168	0.00648	0.00616	0.00188	0.00705	0.00627	0.00354	0.00879
16	0.01484	0.01362	0.02343	0.12907	0.32974	0.02656	0.17353	0.01939	0.06137	0.07132	0.01416	0.05466	0.01165	0.00651	0.00659	0.00194	0.02304	0.00645	0.00360	0.00854
17	0.01309	0.01173	0.01636	0.07159	0.17008	0.08309	0.09611	0.01589	0.03312	0.06628	0.02186	0.24122	0.05922	0.06263	0.00827	0.00229	0.00636	0.00952	0.00430	0.00698
18	0.01326	0.01110	0.01776	0.66713	0.03801	0.01343	0.01579	0.06729	0.01355	0.06820	0.01186	0.01623	0.00865	0.00620	0.00602	0.00198	0.00772	0.00540	0.00324	0.00718
19	0.01350	0.01441	0.14385	0.06050	0.06549	0.01125	0.14570	0.06494	0.03409	0.09302	0.06629	0.02967	0.16488	0.00899	0.00661	0.00200	0.00657	0.05602	0.00454	0.00771
20	0.01540	0.09386	0.31504	0.02077	0.15847	0.10609	0.11566	0.04448	0.01427	0.04436	0.01125	0.01342	0.00855	0.00568	0.00577	0.00180	0.00854	0.00489	0.00305	0.00866

[dist]
# distance from previous block
# <min> <max>
11	117

[block]
# block no. 8 follows, 38 sequences, length 62
# corresponding to MSA columns:
# 443-456,463-510
name=unknown_I
#
# <colnr> <probs for GDERKNQSTAVLIFYWHMCP>
#	G	D	E	R	K	N	Q	S	T	A	V	L	I	F	Y	W	H	M	C	P
0	0.18749	0.26769	0.30873	0.01330	0.01960	0.01709	0.05193	0.01881	0.03254	0.01936	0.00997	0.01157	0.00780	0.00554	0.00479	0.00171	0.00716	0.00401	0.00293	0.00799
1	0.43975	0.14081	0.03751	0.01191	0.04325	0.05654	0.07174	0.01957	0.01225	0.10282	0.01062	0.01183	0.00807	0.00570	0.00453	0.00176	0.00603	0.00404	0.00379	0.00747
2	0.01282	0.01452	0.11439	0.24435	0.18713	0.01265	0.05799	0.01784	0.06607	0.01877	0.02794	0.01575	0.01036	0.00576	0.00575	0.00172	0.00701	0.00521	0.00326	0.17070
3	0.13489	0.17460	0.01372	0.00935	0.01190	0.01128	0.00800	0.01445	0.03371	0.02032	0.22353	0.07537	0.03066	0.01118	0.00624	0.00203	0.00471	0.20284	0.00495	0.00627
4	0.00861	0.00623	0.00702	0.00690	0.00733	0.00627	0.00429	0.00899	0.00982	0.01276	0.02728	0.04203	0.17445	0.58874	0.02515	0.00488	0.04172	0.00942	0.00401	0.00409
5	0.01757	0.01421	0.02157	0.01665	0.02129	0.03082	0.25627	0.07780	0.29578	0.15290	0.01906	0.01913	0.01376	0.00686	0.00642	0.00198	0.00694	0.00661	0.00523	0.00916
6	0.21923	0.06147	0.16888	0.04206	0.15774	0.01511	0.02991	0.09388	0.11541	0.02356	0.01247	0.01394	0.00953	0.00608	0.00529	0.00185	0.00655	0.00477	0.00380	0.00849
7	0.01178	0.01099	0.01760	0.67348	0.03803	0.01368	0.01587	0.01703	0.08612	0.01634	0.01201	0.01660	0.00907	0.00637	0.00644	0.00203	0.03106	0.00549	0.00302	0.00697
8	0.00866	0.00665	0.00871	0.00846	0.00950	0.00678	0.00629	0.01079	0.01460	0.02041	0.45672	0.20125	0.08619	0.03847	0.00926	0.00222	0.08201	0.01168	0.00584	0.00550
9	0.04678	0.01152	0.01497	0.08896	0.01851	0.01120	0.01005	0.15422	0.01849	0.53036	0.02031	0.01864	0.01312	0.00721	0.00598	0.00187	0.00567	0.00579	0.00660	0.00977
10	0.01147	0.01069	0.01748	0.69617	0.03866	0.01282	0.01573	0.01535	0.01207	0.01580	0.01069	0.01568	0.00811	0.00586	0.00586	0.00189	0.00766	0.00516	0.00276	0.09008
11	0.01420	0.01623	0.03550	0.02535	0.03144	0.01521	0.72921	0.01927	0.01420	0.01927	0.01217	0.01623	0.00913	0.00507	0.00710	0.00203	0.01014	0.00710	0.00304	0.00811
12	0.83108	0.01163	0.00884	0.00791	0.01163	0.01350	0.00651	0.01768	0.01024	0.02699	0.00838	0.00977	0.00651	0.00558	0.00372	0.00186	0.00465	0.00326	0.00372	0.00651
13	0.83108	0.01163	0.00884	0.00791	0.01163	0.01350	0.00651	0.01768	0.01024	0.02699	0.00838	0.00977	0.00651	0.00558	0.00372	0.00186	0.00465	0.00326	0.00372	0.00651
14	0.00824	0.00594	0.00780	0.00775	0.00893	0.00550	0.00566	0.01068	0.01578	0.02213	0.58547	0.21303	0.05290	0.01379	0.00723	0.00202	0.00299	0.01229	0.00639	0.00550
15	0.83108	0.01163	0.00884	0.00791	0.01163	0.01350	0.00651	0.01768	0.01024	0.02699	0.00838	0.00977	0.00651	0.00558	0.00372	0.00186	0.00465	0.00326	0.00372	0.00651
16	0.83108	0.01163	0.00884	0.00791	0.01163	0.01350	0.00651	0.01768	0.01024	0.02699	0.00838	0.00977	0.00651	0.00558	0.00372	0.00186	0.00465	0.00326	0.00372	0.00651
17	0.02642	0.01230	0.01439	0.01128	0.01578	0.08608	0.00920	0.04797	0.01750	0.66016	0.02201	0.01933	0.01404	0.00731	0.00599	0.00183	0.00574	0.00581	0.00696	0.00991
18	0.09712	0.01782	0.13281	0.02244	0.02867	0.01487	0.55762	0.01908	0.01359	0.02003	0.01159	0.01508	0.00865	0.00521	0.00656	0.00199	0.00941	0.00634	0.00304	0.00806
19	0.00969	0.00692	0.00969	0.01108	0.01246	0.00692	0.00969	0.01246	0.01385	0.01800	0.03185	0.06786	0.03462	0.01662	0.00831	0.00277	0.00554	0.71057	0.00554	0.00554
20	0.01404	0.01243	0.02069	0.10633	0.51652	0.01265	0.01632	0.01747	0.01369	0.04684	0.01546	0.02485	0.01414	0.00755	0.00639	0.00199	0.00687	0.13363	0.00358	0.00854
21	0.01154	0.01000	0.01282	0.01107	0.01391	0.01043	0.08080	0.02031	0.31923	0.02264	0.24577	0.03492	0.16068	0.01036	0.00669	0.00199	0.00443	0.00911	0.00586	0.00743
22	0.01540	0.01314	0.01385	0.01233	0.01581	0.01517	0.00963	0.07077	0.70068	0.02587	0.02393	0.02200	0.01791	0.00811	0.00612	0.00203	0.00486	0.00672	0.00612	0.00956
23	0.01623	0.00806	0.01066	0.00898	0.01177	0.00728	0.00709	0.03793	0.01741	0.31436	0.44094	0.03441	0.03890	0.01024	0.00665	0.00188	0.00384	0.00882	0.00693	0.00761
24	0.01136	0.01069	0.01804	0.77412	0.04143	0.01337	0.01671	0.01537	0.01203	0.01537	0.01069	0.01604	0.00802	0.00601	0.00601	0.00200	0.00802	0.00535	0.00267	0.00668
25	0.02247	0.02867	0.01705	0.01550	0.01860	0.76443	0.01162	0.02402	0.01705	0.01472	0.00930	0.01085	0.00775	0.00620	0.00542	0.00155	0.01085	0.00387	0.00310	0.00697
26	0.00733	0.00524	0.00698	0.00838	0.00873	0.00489	0.00558	0.00838	0.01152	0.01536	0.03316	0.78466	0.03979	0.01885	0.00768	0.00244	0.00349	0.01710	0.00558	0.00489
27	0.01136	0.01069	0.01804	0.77412	0.04143	0.01337	0.01671	0.01537	0.01203	0.01537	0.01069	0.01604	0.00802	0.00601	0.00601	0.00200	0.00802	0.00535	0.00267	0.00668
28	0.00713	0.00601	0.00618	0.00633	0.00819	0.00506	0.00467	0.00861	0.01349	0.01616	0.05811	0.13193	0.67641	0.01560	0.00717	0.00207	0.00309	0.01314	0.00559	0.00506
29	0.01136	0.01069	0.01804	0.77412	0.04143	0.01337	0.01671	0.01537	0.01203	0.01537	0.01069	0.01604	0.00802	0.00601	0.00601	0.00200	0.00802	0.00535	0.00267	0.00668
30	0.01207	0.03112	0.75741	0.01715	0.02604	0.01397	0.02223	0.01905	0.01270	0.01905	0.01080	0.01270	0.00762	0.00572	0.00572	0.00191	0.00889	0.00445	0.00254	0.00889
31	0.01608	0.79220	0.03152	0.01029	0.01544	0.02380	0.01029	0.01801	0.01222	0.01415	0.00836	0.00965	0.00772	0.00515	0.00386	0.00129	0.00643	0.00322	0.00257	0.00772
32	0.01409	0.01210	0.01362	0.08278	0.01771	0.01400	0.01021	0.02844	0.59867	0.02353	0.02396	0.02648	0.01906	0.00882	0.00633	0.00211	0.00514	0.07836	0.00574	0.00885
33	0.02551	0.01028	0.01381	0.01052	0.01524	0.00876	0.00867	0.02787	0.01673	0.68028	0.02240	0.01966	0.01428	0.00714	0.00589	0.00176	0.00505	0.00580	0.00705	0.09328
34	0.01489	0.01429	0.02442	0.03692	0.75106	0.01429	0.01846	0.01846	0.01370	0.01965	0.01132	0.01489	0.00953	0.00536	0.00596	0.00179	0.00715	0.00536	0.00298	0.00953
35	0.00859	0.00645	0.00967	0.00967	0.01074	0.00752	0.00752	0.01074	0.00967	0.01396	0.01611	0.02363	0.01504	0.04512	0.76474	0.00967	0.01611	0.00645	0.00322	0.00537
36	0.00733	0.00524	0.00698	0.00838	0.00873	0.00489	0.00558	0.00838	0.01152	0.01536	0.03316	0.78466	0.03979	0.01885	0.00768	0.00244	0.00349	0.01710	0.00558	0.00489
37	0.01110	0.01030	0.01727	0.70323	0.03859	0.01282	0.01585	0.01494	0.01181	0.01524	0.01120	0.01674	0.00867	0.00964	0.07638	0.00272	0.00877	0.00545	0.00272	0.00656
38	0.02247	0.02867	0.01705	0.01550	0.01860	0.76443	0.01162	0.02402	0.01705	0.01472	0.00930	0.01085	0.00775	0.00620	0.00542	0.00155	0.01085	0.00387	0.00310	0.00697
39	0.00733	0.00524	0.00698	0.00838	0.00873	0.00489	0.00558	0.00838	0.01152	0.01536	0.03316	0.78466	0.03979	0.01885	0.00768	0.00244	0.00349	0.01710	0.00558	0.00489
40	0.01891	0.45450	0.02512	0.01260	0.01684	0.35138	0.01088	0.02067	0.01436	0.01441	0.00878	0.01018	0.00773	0.00561	0.00455	0.00140	0.00839	0.00351	0.00281	0.00739
41	0.01193	0.01002	0.01174	0.00886	0.01347	0.00781	0.00696	0.03166	0.01294	0.01966	0.03687	0.09345	0.03433	0.00653	0.00498	0.00113	0.00432	0.00547	0.00398	0.67390
42	0.04317	0.20102	0.06148	0.01420	0.01810	0.53387	0.01177	0.02221	0.01552	0.01518	0.00914	0.01065	0.00770	0.00592	0.00504	0.00152	0.00957	0.00374	0.00297	0.00724
43	0.02287	0.01685	0.01805	0.01384	0.01866	0.01866	0.01143	0.73100	0.02828	0.03791	0.01444	0.01444	0.01023	0.00722	0.00602	0.00181	0.00662	0.00542	0.00602	0.01023
44	0.02699	0.01024	0.01396	0.01070	0.01536	0.00884	0.00884	0.02932	0.01722	0.75522	0.02373	0.02048	0.01489	0.00745	0.00605	0.00186	0.00512	0.00605	0.00745	0.01024
45	0.00882	0.00617	0.00871	0.00871	0.00941	0.00687	0.00632	0.00995	0.00925	0.01304	0.01624	0.02700	0.01627	0.22725	0.50696	0.09177	0.01245	0.00689	0.00327	0.00466
46	0.00859	0.00645	0.00967	0.00967	0.01074	0.00752	0.00752	0.01074	0.00967	0.01396	0.01611	0.02363	0.01504	0.04512	0.76474	0.00967	0.01611	0.00645	0.00322	0.00537
47	0.01608	0.79220	0.03152	0.01029	0.01544	0.02380	0.01029	0.01801	0.01222	0.01415	0.00836	0.00965	0.00772	0.00515	0.00386	0.00129	0.00643	0.00322	0.00257	0.00772
48	0.01247	0.01069	0.01247	0.00891	0.01426	0.00802	0.00713	0.01515	0.01247	0.01960	0.01069	0.01247	0.00891	0.00446	0.00446	0.00089	0.00446	0.00356	0.00356	0.82536
49	0.01489	0.01429	0.02442	0.03692	0.75106	0.01429	0.01846	0.01846	0.01370	0.01965	0.01132	0.01489	0.00953	0.00536	0.00596	0.00179	0.00715	0.00536	0.00298	0.00953
50	0.01820	0.01453	0.01543	0.01290	0.01688	0.01647	0.01030	0.31819	0.44869	0.03038	0.02037	0.01917	0.01503	0.00778	0.00608	0.00194	0.00552	0.00623	0.00608	0.00981
51	0.01136	0.01069	0.01804	0.77412	0.04143	0.01337	0.01671	0.01537	0.01203	0.01537	0.01069	0.01604	0.00802	0.00601	0.00601	0.00200	0.00802	0.00535	0.00267	0.00668
52	0.02417	0.01477	0.01677	0.01285	0.01762	0.01557	0.01062	0.51020	0.02480	0.26363	0.01737	0.01634	0.01170	0.00729	0.00603	0.00182	0.00615	0.00562	0.00647	0.01023
53	0.00969	0.00692	0.00969	0.01108	0.01246	0.00692	0.00969	0.01246	0.01385	0.01800	0.03185	0.06786	0.03462	0.01662	0.00831	0.00277	0.00554	0.71057	0.00554	0.00554
54	0.01136	0.01069	0.01804	0.77412	0.04143	0.01337	0.01671	0.01537	0.01203	0.01537	0.01069	0.01604	0.00802	0.00601	0.00601	0.00200	0.00802	0.00535	0.00267	0.00668
55	0.01636	0.63520	0.10456	0.01136	0.01685	0.02227	0.01163	0.09075	0.01391	0.01708	0.00923	0.01045	0.00797	0.00542	0.00427	0.00140	0.00670	0.00357	0.00292	0.00810
56	0.02247	0.02867	0.01705	0.01550	0.01860	0.76443	0.01162	0.02402	0.01705	0.01472	0.00930	0.01085	0.00775	0.00620	0.00542	0.00155	0.01085	0.00387	0.00310	0.00697
57	0.01247	0.01069	0.01247	0.00891	0.01426	0.00802	0.00713	0.01515	0.01247	0.01960	0.01069	0.01247	0.00891	0.00446	0.00446	0.00089	0.00446	0.00356	0.00356	0.82536
58	0.01893	0.02280	0.01753	0.01547	0.01851	0.51357	0.08405	0.02189	0.06253	0.01604	0.01332	0.05870	0.01207	0.00888	0.03143	0.00204	0.02775	0.04396	0.00355	0.00700
59	0.01296	0.01068	0.01252	0.00897	0.01429	0.00805	0.00719	0.01562	0.01263	0.04399	0.01112	0.01274	0.00911	0.00455	0.00451	0.00092	0.00448	0.00365	0.00369	0.79833
60	0.06053	0.18363	0.39213	0.01479	0.02122	0.14209	0.01645	0.04648	0.01368	0.01834	0.00996	0.01169	0.00771	0.00588	0.00564	0.00174	0.03293	0.00410	0.00284	0.00818
61	0.01024	0.01009	0.08524	0.03139	0.01291	0.03270	0.00847	0.01412	0.09331	0.04604	0.10843	0.37150	0.09050	0.01400	0.00704	0.00220	0.00460	0.04560	0.00535	0.00626

[dist]
# distance from previous block
# <min> <max>
1	13

[block]
# block no. 9 follows, 38 sequences, length 33
# corresponding to MSA columns:
# 525-541,543-558
name=unknown_J
#
# <colnr> <probs for GDERKNQSTAVLIFYWHMCP>
#	G	D	E	R	K	N	Q	S	T	A	V	L	I	F	Y	W	H	M	C	P
0	0.01493	0.01012	0.01214	0.00910	0.01383	0.00805	0.00729	0.01785	0.03333	0.16981	0.05045	0.01915	0.06659	0.00630	0.00514	0.00125	0.00442	0.00515	0.00471	0.54038
1	0.01360	0.14053	0.54652	0.01740	0.07674	0.03753	0.01946	0.04770	0.01346	0.01901	0.01058	0.01243	0.00788	0.00568	0.00547	0.00179	0.00837	0.00435	0.00273	0.00876
2	0.01497	0.49549	0.28253	0.01289	0.01925	0.05229	0.01449	0.01863	0.01260	0.01588	0.00925	0.01076	0.00769	0.00539	0.00457	0.00151	0.00748	0.00367	0.00258	0.00809
3	0.01469	0.00970	0.01138	0.01035	0.01287	0.01001	0.00787	0.16328	0.13813	0.12981	0.05651	0.32704	0.05774	0.01260	0.00679	0.00212	0.00453	0.01094	0.00608	0.00758
4	0.05106	0.01387	0.11071	0.01352	0.01798	0.01177	0.11989	0.02332	0.21285	0.18347	0.10885	0.02451	0.04621	0.00810	0.00631	0.00198	0.00591	0.02577	0.00541	0.00852
5	0.00871	0.00600	0.00742	0.00742	0.00771	0.00630	0.00471	0.00930	0.00900	0.01230	0.01817	0.03503	0.01999	0.58372	0.23291	0.00689	0.00867	0.00811	0.00353	0.00412
6	0.01977	0.00911	0.01287	0.01065	0.01420	0.00810	0.04049	0.02228	0.01624	0.45537	0.12789	0.04988	0.06741	0.01003	0.00666	0.00202	0.00493	0.10697	0.00671	0.00841
7	0.83108	0.01163	0.00884	0.00791	0.01163	0.01350	0.00651	0.01768	0.01024	0.02699	0.00838	0.00977	0.00651	0.00558	0.00372	0.00186	0.00465	0.00326	0.00372	0.00651
8	0.01608	0.79220	0.03152	0.01029	0.01544	0.02380	0.01029	0.01801	0.01222	0.01415	0.00836	0.00965	0.00772	0.00515	0.00386	0.00129	0.00643	0.00322	0.00257	0.00772
9	0.06150	0.02785	0.01665	0.01513	0.01826	0.72819	0.01138	0.02372	0.01672	0.01532	0.00925	0.01080	0.00769	0.00617	0.00534	0.00156	0.01055	0.00384	0.00313	0.00695
10	0.00903	0.00623	0.00756	0.00778	0.00824	0.00633	0.00524	0.01015	0.02476	0.01379	0.05151	0.04344	0.02513	0.54488	0.07687	0.00530	0.00636	0.13894	0.00414	0.00432
11	0.01471	0.00857	0.01139	0.00969	0.01262	0.00792	0.04193	0.04815	0.04511	0.23108	0.24581	0.03877	0.18952	0.01112	0.00680	0.00198	0.00431	0.05688	0.00634	0.00730
12	0.01136	0.01069	0.01804	0.77412	0.04143	0.01337	0.01671	0.01537	0.01203	0.01537	0.01069	0.01604	0.00802	0.00601	0.00601	0.00200	0.00802	0.00535	0.00267	0.00668
13	0.01236	0.00904	0.01078	0.00985	0.01143	0.04149	0.00754	0.01502	0.06313	0.10499	0.04277	0.02935	0.12089	0.15426	0.21156	0.00472	0.11245	0.00754	0.02467	0.00616
14	0.07268	0.01395	0.01454	0.01240	0.01623	0.01591	0.00986	0.22944	0.48847	0.02891	0.02054	0.01931	0.01525	0.00772	0.00593	0.00196	0.00528	0.00617	0.00593	0.00952
15	0.83108	0.01163	0.00884	0.00791	0.01163	0.01350	0.00651	0.01768	0.01024	0.02699	0.00838	0.00977	0.00651	0.00558	0.00372	0.00186	0.00465	0.00326	0.00372	0.00651
16	0.07127	0.69891	0.06835	0.01049	0.01574	0.02258	0.01067	0.01805	0.01211	0.01528	0.00849	0.00982	0.00763	0.00521	0.00395	0.00136	0.00644	0.00328	0.00265	0.00770
17	0.02321	0.01004	0.01317	0.01049	0.01458	0.00917	0.00852	0.02735	0.10316	0.57553	0.11582	0.02382	0.02062	0.00815	0.00619	0.00189	0.00479	0.00675	0.00718	0.00957
18	0.01138	0.00961	0.01672	0.05943	0.06719	0.00917	0.18619	0.01470	0.01534	0.05992	0.36530	0.08695	0.05237	0.00996	0.00694	0.00197	0.00542	0.00948	0.00520	0.00677
19	0.15230	0.10984	0.13621	0.02361	0.35444	0.01489	0.03452	0.01916	0.01305	0.07208	0.01129	0.01349	0.00888	0.00557	0.00533	0.00177	0.00685	0.00470	0.00330	0.00872
20	0.00783	0.00593	0.00864	0.00926	0.00992	0.00556	0.04820	0.00905	0.01149	0.01534	0.03095	0.68861	0.03676	0.07036	0.00920	0.00265	0.00404	0.01594	0.00530	0.00499
21	0.02648	0.01014	0.01384	0.01071	0.01527	0.00879	0.00887	0.02882	0.01712	0.73361	0.02397	0.02186	0.01547	0.00771	0.00612	0.00189	0.00513	0.02670	0.00739	0.01010
22	0.01631	0.04895	0.10204	0.17012	0.16739	0.03548	0.10374	0.18178	0.04773	0.04924	0.01279	0.01514	0.00958	0.00613	0.00601	0.00186	0.00765	0.00544	0.00385	0.00876
23	0.01699	0.01269	0.01347	0.01203	0.01544	0.05242	0.00953	0.02920	0.50374	0.15380	0.02426	0.02586	0.01875	0.00875	0.00628	0.00205	0.00522	0.07425	0.00614	0.00913
24	0.01545	0.01632	0.03298	0.02370	0.02960	0.01571	0.62579	0.12182	0.01623	0.02196	0.01250	0.01597	0.00929	0.00538	0.00694	0.00200	0.00963	0.00686	0.00347	0.00842
25	0.00832	0.00589	0.00764	0.00828	0.00915	0.00558	0.00588	0.02814	0.01373	0.01892	0.24571	0.48691	0.04300	0.01607	0.00736	0.00224	0.00343	0.04254	0.03590	0.00531
26	0.00866	0.00584	0.00679	0.00687	0.00696	0.00590	0.00401	0.00886	0.00896	0.01201	0.01951	0.07740	0.02235	0.69766	0.07932	0.00592	0.00641	0.00903	0.00372	0.00383
27	0.02616	0.00999	0.01352	0.01044	0.01492	0.00867	0.00860	0.02851	0.01698	0.71678	0.02352	0.02058	0.01492	0.00742	0.00595	0.00184	0.00500	0.00603	0.05018	0.00999
28	0.01023	0.00523	0.00778	0.00788	0.00790	0.00520	0.00525	0.00788	0.00810	0.01080	0.01205	0.07242	0.01252	0.02075	0.02239	0.76687	0.00510	0.00606	0.00282	0.00277
29	0.01337	0.27816	0.52180	0.01492	0.02260	0.01716	0.01835	0.01871	0.01255	0.01746	0.01001	0.01171	0.00765	0.00553	0.00511	0.00170	0.00809	0.00405	0.00255	0.00851
30	0.02472	0.00978	0.01335	0.01063	0.01486	0.00855	0.00881	0.02711	0.01690	0.66049	0.05058	0.02575	0.01823	0.00847	0.00630	0.00195	0.00508	0.07158	0.00724	0.00964
