[name]
unknown

[dist]
# distance from previous block
# <min> <max>
0	47

[block]
# block no. 0 follows, 47 sequences, length 23
# corresponding to MSA columns:
# 47-69
name=unknown_A
#
# <colnr> <probs for GDERKNQSTAVLIFYWHMCP>
#	G	D	E	R	K	N	Q	S	T	A	V	L	I	F	Y	W	H	M	C	P
0	0.00928	0.00783	0.00864	0.00906	0.01043	0.09156	0.00749	0.01158	0.01315	0.01693	0.26104	0.04718	0.03343	0.01224	0.00659	0.00205	0.00456	0.43716	0.00486	0.00497
1	0.82432	0.00989	0.00756	0.00678	0.00993	0.01144	0.00557	0.01520	0.00893	0.02323	0.00759	0.00884	0.00591	0.00488	0.00324	0.00160	0.00397	0.00289	0.03262	0.00561
2	0.01295	0.01119	0.01178	0.01060	0.01354	0.01295	0.00824	0.02767	0.77509	0.02178	0.02120	0.01943	0.01590	0.00707	0.00530	0.00177	0.00412	0.00589	0.00530	0.00824
3	0.00693	0.00474	0.00611	0.00684	0.00744	0.00445	0.00472	0.00834	0.01111	0.01560	0.19044	0.55954	0.03533	0.01397	0.00621	0.00191	0.00283	0.01256	0.09647	0.00445
4	0.00634	0.00488	0.00580	0.00641	0.00736	0.00434	0.00449	0.00751	0.01105	0.01411	0.08864	0.45661	0.33443	0.01469	0.00642	0.00194	0.00283	0.01292	0.00489	0.00434
5	0.01284	0.57240	0.26549	0.01076	0.01623	0.01795	0.01214	0.01587	0.01071	0.01358	0.00790	0.00918	0.00666	0.00461	0.00384	0.00128	0.00623	0.00312	0.00222	0.00700
6	0.01034	0.00968	0.01579	0.67554	0.09835	0.01175	0.01410	0.01467	0.07087	0.01429	0.01024	0.01424	0.00776	0.00530	0.00521	0.00172	0.00665	0.00473	0.00257	0.00619
7	0.00757	0.00508	0.00584	0.00584	0.00590	0.00514	0.00336	0.00768	0.00762	0.01022	0.01626	0.03325	0.01857	0.76988	0.07312	0.00525	0.00559	0.00745	0.00313	0.00325
8	0.01392	0.46837	0.23880	0.01180	0.05558	0.01639	0.01203	0.01693	0.01123	0.09804	0.00941	0.01035	0.00741	0.00482	0.00409	0.00134	0.00607	0.00344	0.00270	0.00728
9	0.10234	0.07313	0.65876	0.01361	0.02063	0.01256	0.01714	0.01631	0.01074	0.01698	0.00899	0.01056	0.00650	0.00491	0.00466	0.00161	0.00717	0.00367	0.00231	0.00741
10	0.01139	0.01139	0.01595	0.01367	0.01367	0.01595	0.01139	0.01253	0.00798	0.01253	0.00684	0.01139	0.00684	0.00911	0.01709	0.00228	0.80745	0.00456	0.00228	0.00570
11	0.01344	0.60433	0.19482	0.01045	0.01553	0.05861	0.01125	0.01606	0.01089	0.01321	0.00775	0.00899	0.00667	0.00461	0.00377	0.00124	0.00623	0.00305	0.00224	0.00687
12	0.85377	0.01007	0.00765	0.00685	0.01007	0.01168	0.00564	0.01531	0.00886	0.02336	0.00725	0.00846	0.00564	0.00483	0.00322	0.00161	0.00403	0.00282	0.00322	0.00564
13	0.01080	0.00926	0.01080	0.00771	0.01234	0.00694	0.00617	0.01311	0.01080	0.01697	0.00926	0.01080	0.00771	0.00386	0.00386	0.00077	0.00386	0.00309	0.00309	0.84882
14	0.00737	0.00532	0.00696	0.00655	0.00778	0.00491	0.00491	0.00983	0.01474	0.02088	0.78175	0.03890	0.04914	0.01065	0.00614	0.00164	0.00246	0.00942	0.00573	0.00491
15	0.00983	0.00926	0.01562	0.80447	0.03587	0.01157	0.01446	0.01331	0.01041	0.01331	0.00926	0.01388	0.00694	0.00521	0.00521	0.00174	0.00694	0.00463	0.00231	0.00579
16	0.69576	0.01093	0.00916	0.00782	0.01122	0.01253	0.00645	0.15775	0.01182	0.02516	0.00825	0.00923	0.00625	0.00510	0.00360	0.00160	0.00435	0.00317	0.00360	0.00625
17	0.00715	0.00523	0.00671	0.00651	0.00769	0.00479	0.00482	0.00933	0.01396	0.01943	0.63301	0.12415	0.11479	0.01150	0.00620	0.00170	0.00253	0.01015	0.00555	0.00479
18	0.01392	0.82012	0.02729	0.00891	0.01337	0.02061	0.00891	0.01559	0.01058	0.01225	0.00724	0.00835	0.00668	0.00446	0.00334	0.00111	0.00557	0.00278	0.00223	0.00668
19	0.00755	0.00508	0.00582	0.00577	0.00591	0.00503	0.00335	0.00782	0.00835	0.01127	0.09962	0.03460	0.02222	0.72932	0.02429	0.00468	0.00477	0.00777	0.00344	0.00335
20	0.01139	0.01139	0.01595	0.01367	0.01367	0.01595	0.01139	0.01253	0.00798	0.01253	0.00684	0.01139	0.00684	0.00911	0.01709	0.00228	0.80745	0.00456	0.00228	0.00570
21	0.01159	0.01004	0.01509	0.19377	0.22552	0.01022	0.03073	0.04781	0.03746	0.04217	0.02994	0.08912	0.01164	0.00618	0.00545	0.00151	0.03035	0.00546	0.00325	0.19269
22	0.01536	0.01209	0.01321	0.01106	0.01421	0.01377	0.00886	0.29569	0.39787	0.04516	0.05421	0.01732	0.01432	0.00705	0.00602	0.00171	0.05326	0.00552	0.00513	0.00817

[dist]
# distance from previous block
# <min> <max>
0	1

[block]
# block no. 1 follows, 47 sequences, length 20
# corresponding to MSA columns:
# 71-90
name=unknown_B
#
# <colnr> <probs for GDERKNQSTAVLIFYWHMCP>
#	G	D	E	R	K	N	Q	S	T	A	V	L	I	F	Y	W	H	M	C	P
0	0.01226	0.04160	0.18691	0.01968	0.02538	0.01330	0.55768	0.04674	0.01246	0.01715	0.01027	0.01318	0.00763	0.00458	0.00577	0.00171	0.00833	0.00551	0.00263	0.00723
1	0.01236	0.01112	0.01157	0.00867	0.01302	0.07733	0.00689	0.07391	0.04292	0.01804	0.00989	0.01116	0.00804	0.00431	0.00410	0.00092	0.00450	0.00335	0.00331	0.67459
2	0.00645	0.00462	0.00612	0.00724	0.00761	0.00435	0.00489	0.00740	0.00997	0.01325	0.02862	0.73607	0.05291	0.03817	0.02592	0.00234	0.00337	0.03172	0.00474	0.00423
3	0.00697	0.00507	0.00558	0.00571	0.00633	0.00475	0.00360	0.00751	0.00925	0.01175	0.02977	0.12119	0.27416	0.46598	0.01766	0.00365	0.00404	0.00947	0.00389	0.00368
4	0.00943	0.00565	0.00726	0.00663	0.00817	0.00521	0.00505	0.01183	0.01427	0.10512	0.60062	0.03409	0.04059	0.00960	0.00572	0.00158	0.00267	0.00838	0.11278	0.00534
5	0.01945	0.01441	0.01543	0.01191	0.01602	0.01599	0.00981	0.72973	0.06246	0.03226	0.01294	0.01285	0.00921	0.00629	0.00521	0.00157	0.00565	0.00475	0.00521	0.00883
6	0.85377	0.01007	0.00765	0.00685	0.01007	0.01168	0.00564	0.01531	0.00886	0.02336	0.00725	0.00846	0.00564	0.00483	0.00322	0.00161	0.00403	0.00282	0.00322	0.00564
7	0.85377	0.01007	0.00765	0.00685	0.01007	0.01168	0.00564	0.01531	0.00886	0.02336	0.00725	0.00846	0.00564	0.00483	0.00322	0.00161	0.00403	0.00282	0.00322	0.00564
8	0.01392	0.82012	0.02729	0.00891	0.01337	0.02061	0.00891	0.01559	0.01058	0.01225	0.00724	0.00835	0.00668	0.00446	0.00334	0.00111	0.00557	0.00278	0.00223	0.00668
9	0.01392	0.82012	0.02729	0.00891	0.01337	0.02061	0.00891	0.01559	0.01058	0.01225	0.00724	0.00835	0.00668	0.00446	0.00334	0.00111	0.00557	0.00278	0.00223	0.00668
10	0.00744	0.00558	0.00837	0.00837	0.00930	0.00651	0.00651	0.00930	0.00837	0.01209	0.01395	0.02046	0.01302	0.03906	0.79635	0.00837	0.01395	0.00558	0.00279	0.00465
11	0.01224	0.01163	0.01974	0.07696	0.68437	0.01175	0.01510	0.01520	0.01164	0.01653	0.01110	0.06945	0.01002	0.00550	0.00526	0.00160	0.00601	0.00536	0.00272	0.00782
12	0.00633	0.00506	0.00567	0.00599	0.00726	0.00440	0.00431	0.00764	0.01159	0.01451	0.11720	0.27506	0.48896	0.01386	0.00630	0.00185	0.00273	0.01197	0.00492	0.00440
13	0.01260	0.01208	0.02061	0.10553	0.71321	0.01230	0.01584	0.01573	0.01172	0.01666	0.00974	0.01298	0.00812	0.00469	0.00516	0.00156	0.00626	0.00464	0.00255	0.00801
14	0.00748	0.00530	0.00686	0.00647	0.00770	0.00491	0.00485	0.00994	0.01456	0.02081	0.74496	0.03796	0.04742	0.01043	0.00602	0.00162	0.00246	0.00920	0.04615	0.00491
15	0.00905	0.00452	0.00678	0.00678	0.00678	0.00452	0.00452	0.00678	0.00678	0.00905	0.00905	0.01583	0.00905	0.01809	0.02035	0.84848	0.00452	0.00452	0.00226	0.00226
16	0.01460	0.63538	0.02452	0.06073	0.01527	0.09356	0.00945	0.06898	0.01195	0.01382	0.00782	0.00910	0.00686	0.00472	0.00372	0.00121	0.00603	0.00309	0.00249	0.00672
17	0.00731	0.00537	0.00773	0.00789	0.00863	0.00603	0.00588	0.00882	0.00849	0.01201	0.01624	0.12908	0.01662	0.12961	0.59717	0.00713	0.01140	0.00706	0.00311	0.00441
18	0.01421	0.01342	0.02051	0.02795	0.60819	0.08672	0.06305	0.01715	0.01238	0.07100	0.01044	0.01297	0.00841	0.00482	0.00518	0.00155	0.00653	0.00466	0.00286	0.00800
19	0.00825	0.00693	0.00927	0.06008	0.01158	0.04223	0.05963	0.04645	0.01110	0.01447	0.02442	0.62929	0.02827	0.01376	0.00636	0.00200	0.00411	0.01251	0.00444	0.00484

[dist]
# distance from previous block
# <min> <max>
0	4

[block]
# block no. 2 follows, 47 sequences, length 21
# corresponding to MSA columns:
# 95-115
name=unknown_C
#
# <colnr> <probs for GDERKNQSTAVLIFYWHMCP>
#	G	D	E	R	K	N	Q	S	T	A	V	L	I	F	Y	W	H	M	C	P
0	0.01120	0.01024	0.01655	0.60658	0.16023	0.01210	0.01433	0.07826	0.01186	0.01560	0.00962	0.01360	0.00733	0.00520	0.00520	0.00169	0.00671	0.00464	0.00261	0.00646
1	0.00997	0.00940	0.01587	0.76951	0.06974	0.01161	0.01453	0.01343	0.01048	0.01347	0.00928	0.01384	0.00700	0.00518	0.00520	0.00173	0.00691	0.00463	0.00233	0.00590
2	0.01042	0.00616	0.00649	0.00574	0.00773	0.00581	0.00442	0.05058	0.01159	0.01964	0.01534	0.01748	0.01208	0.00567	0.00376	0.00115	0.00286	0.00452	0.64824	0.16031
3	0.00634	0.00453	0.00604	0.00725	0.00755	0.00423	0.00483	0.00725	0.00997	0.01329	0.02870	0.81358	0.03444	0.01632	0.00665	0.00211	0.00302	0.01480	0.00483	0.00423
4	0.00757	0.00505	0.00568	0.00568	0.00568	0.00505	0.00316	0.00757	0.00757	0.01010	0.01641	0.03408	0.01893	0.81698	0.02651	0.00505	0.00505	0.00757	0.00316	0.00316
5	0.01351	0.01235	0.01203	0.01084	0.01376	0.07996	0.00840	0.02708	0.71003	0.02101	0.02007	0.01857	0.01511	0.00692	0.00525	0.00173	0.00457	0.00567	0.00508	0.00805
6	0.00634	0.00453	0.00604	0.00725	0.00755	0.00423	0.00483	0.00725	0.00997	0.01329	0.02870	0.81358	0.03444	0.01632	0.00665	0.00211	0.00302	0.01480	0.00483	0.00423
7	0.00642	0.00471	0.00605	0.00709	0.00764	0.00434	0.00489	0.00746	0.01035	0.01352	0.03210	0.66566	0.14165	0.01577	0.00660	0.00208	0.00306	0.05149	0.00483	0.00428
8	0.85377	0.01007	0.00765	0.00685	0.01007	0.01168	0.00564	0.01531	0.00886	0.02336	0.00725	0.00846	0.00564	0.00483	0.00322	0.00161	0.00403	0.00282	0.00322	0.00564
9	0.01139	0.01139	0.01595	0.01367	0.01367	0.01595	0.01139	0.01253	0.00798	0.01253	0.00684	0.01139	0.00684	0.00911	0.01709	0.00228	0.80745	0.00456	0.00228	0.00570
10	0.00699	0.00530	0.00753	0.00968	0.08399	0.00503	0.00593	0.00811	0.01016	0.01366	0.02684	0.73481	0.03187	0.01517	0.00650	0.00206	0.00333	0.01380	0.00461	0.00463
11	0.01392	0.82012	0.02729	0.00891	0.01337	0.02061	0.00891	0.01559	0.01058	0.01225	0.00724	0.00835	0.00668	0.00446	0.00334	0.00111	0.00557	0.00278	0.00223	0.00668
12	0.00744	0.00558	0.00837	0.00837	0.00930	0.00651	0.00651	0.00930	0.00837	0.01209	0.01395	0.02046	0.01302	0.03906	0.79635	0.00837	0.01395	0.00558	0.00279	0.00465
13	0.00627	0.00528	0.00544	0.00540	0.00711	0.00445	0.00405	0.00771	0.01215	0.01474	0.12448	0.04901	0.71024	0.01294	0.00615	0.00175	0.00262	0.01084	0.00492	0.00445
14	0.00983	0.00926	0.01562	0.80447	0.03587	0.01157	0.01446	0.01331	0.01041	0.01331	0.00926	0.01388	0.00694	0.00521	0.00521	0.00174	0.00694	0.00463	0.00231	0.00579
15	0.01253	0.01041	0.01092	0.00985	0.01260	0.01188	0.00766	0.04454	0.64868	0.02152	0.02187	0.02052	0.04730	0.00720	0.00517	0.00171	0.00393	0.00597	0.08798	0.00777
16	0.00851	0.00597	0.00759	0.00701	0.00850	0.00572	0.00531	0.01200	0.07981	0.05283	0.68505	0.03635	0.04479	0.01017	0.00603	0.00165	0.00268	0.00894	0.00573	0.00536
17	0.01238	0.01410	0.04661	0.02167	0.09070	0.03340	0.63055	0.01653	0.01223	0.01672	0.01066	0.01398	0.00810	0.00452	0.00589	0.00170	0.00827	0.00583	0.03914	0.00702
18	0.00757	0.00505	0.00568	0.00568	0.00568	0.00505	0.00316	0.00757	0.00757	0.01010	0.01641	0.03408	0.01893	0.81698	0.02651	0.00505	0.00505	0.00757	0.00316	0.00316
19	0.01139	0.01139	0.01595	0.01367	0.01367	0.01595	0.01139	0.01253	0.00798	0.01253	0.00684	0.01139	0.00684	0.00911	0.01709	0.00228	0.80745	0.00456	0.00228	0.00570
20	0.05383	0.01175	0.01419	0.01170	0.01364	0.07273	0.02461	0.04396	0.01063	0.09127	0.02463	0.01226	0.00848	0.00717	0.01086	0.00177	0.41054	0.00430	0.00311	0.16857

[dist]
# distance from previous block
# <min> <max>
1	4

[block]
# block no. 3 follows, 47 sequences, length 75
# corresponding to MSA columns:
# 120-194
name=unknown_D
#
# <colnr> <probs for GDERKNQSTAVLIFYWHMCP>
#	G	D	E	R	K	N	Q	S	T	A	V	L	I	F	Y	W	H	M	C	P
0	0.00939	0.00854	0.00915	0.00884	0.00980	0.12044	0.00662	0.01078	0.00912	0.01182	0.01322	0.02105	0.01295	0.18353	0.49395	0.00641	0.05138	0.00559	0.00282	0.00461
1	0.01108	0.00942	0.01095	0.00785	0.01246	0.00723	0.00629	0.03641	0.01122	0.01746	0.00936	0.01085	0.00775	0.00393	0.00390	0.00080	0.00391	0.00313	0.00315	0.82286
2	0.00905	0.00452	0.00678	0.00678	0.00678	0.00452	0.00452	0.00678	0.00678	0.00905	0.00905	0.01583	0.00905	0.01809	0.02035	0.84848	0.00452	0.00452	0.00226	0.00226
3	0.00619	0.00524	0.00535	0.00539	0.00707	0.00440	0.00402	0.00752	0.01185	0.01419	0.06889	0.08350	0.73213	0.01327	0.00618	0.00177	0.00265	0.01112	0.00486	0.00440
4	0.00792	0.00528	0.00689	0.00717	0.00814	0.00493	0.00511	0.00986	0.03325	0.06263	0.30913	0.44075	0.05244	0.01330	0.00633	0.00189	0.00292	0.01191	0.00528	0.00488
5	0.01980	0.01459	0.01563	0.01198	0.01615	0.01615	0.00990	0.76713	0.02448	0.03282	0.01250	0.01250	0.00886	0.00625	0.00521	0.00156	0.00573	0.00469	0.00521	0.00886
6	0.01694	0.00698	0.00869	0.00719	0.00990	0.00634	0.00577	0.01915	0.01303	0.42672	0.01887	0.01852	0.01311	0.00627	0.00449	0.00142	0.00349	0.00506	0.40109	0.00698
7	0.01980	0.01459	0.01563	0.01198	0.01615	0.01615	0.00990	0.76713	0.02448	0.03282	0.01250	0.01250	0.00886	0.00625	0.00521	0.00156	0.00573	0.00469	0.00521	0.00886
8	0.01392	0.82012	0.02729	0.00891	0.01337	0.02061	0.00891	0.01559	0.01058	0.01225	0.00724	0.00835	0.00668	0.00446	0.00334	0.00111	0.00557	0.00278	0.00223	0.00668
9	0.01392	0.82012	0.02729	0.00891	0.01337	0.02061	0.00891	0.01559	0.01058	0.01225	0.00724	0.00835	0.00668	0.00446	0.00334	0.00111	0.00557	0.00278	0.00223	0.00668
10	0.01229	0.01405	0.03073	0.02195	0.02722	0.01317	0.76558	0.01668	0.01229	0.01668	0.01054	0.01405	0.00790	0.00439	0.00615	0.00176	0.00878	0.00615	0.00263	0.00702
11	0.01324	0.01178	0.01191	0.01072	0.01365	0.04704	0.00832	0.02737	0.74199	0.02139	0.02062	0.01899	0.01550	0.00699	0.00527	0.00175	0.00435	0.00578	0.00519	0.00815
12	0.00621	0.00513	0.00546	0.00568	0.00715	0.00437	0.00414	0.00747	0.01155	0.01404	0.06157	0.19794	0.62380	0.01375	0.00625	0.00183	0.00271	0.01170	0.00485	0.00437
13	0.00983	0.00926	0.01562	0.80447	0.03587	0.01157	0.01446	0.01331	0.01041	0.01331	0.00926	0.01388	0.00694	0.00521	0.00521	0.00174	0.00694	0.00463	0.00231	0.00579
14	0.00624	0.00510	0.00552	0.00580	0.00719	0.00437	0.00420	0.00750	0.01150	0.01410	0.07092	0.23608	0.57566	0.01387	0.00627	0.00184	0.00273	0.01187	0.00487	0.00437
15	0.00905	0.00452	0.00678	0.00678	0.00678	0.00452	0.00452	0.00678	0.00678	0.00905	0.00905	0.01583	0.00905	0.01809	0.02035	0.84848	0.00452	0.00452	0.00226	0.00226
16	0.01854	0.15641	0.01683	0.01267	0.01565	0.66777	0.00987	0.01993	0.01407	0.01266	0.00792	0.00922	0.00670	0.00522	0.00447	0.00130	0.00876	0.00326	0.00261	0.00614
17	0.00875	0.00463	0.00660	0.00659	0.00662	0.00462	0.00430	0.00700	0.00712	0.00953	0.03033	0.01949	0.01175	0.15207	0.02102	0.68486	0.00456	0.00516	0.00250	0.00248
18	0.01258	0.03503	0.05255	0.02109	0.05665	0.01326	0.63858	0.01669	0.01208	0.03833	0.01051	0.01375	0.00794	0.00468	0.00644	0.00175	0.04250	0.00583	0.00270	0.00708
19	0.01739	0.01349	0.01636	0.05135	0.10838	0.01471	0.04138	0.55308	0.04268	0.02846	0.05079	0.01420	0.01088	0.00618	0.00529	0.00159	0.00576	0.00501	0.00469	0.00835
20	0.00983	0.00926	0.01562	0.80447	0.03587	0.01157	0.01446	0.01331	0.01041	0.01331	0.00926	0.01388	0.00694	0.00521	0.00521	0.00174	0.00694	0.00463	0.00231	0.00579
21	0.01731	0.01535	0.09436	0.01187	0.01600	0.06469	0.01033	0.41583	0.20818	0.07012	0.01451	0.01416	0.01046	0.00627	0.00517	0.00161	0.00570	0.00484	0.00483	0.00840
22	0.00997	0.00511	0.00513	0.00504	0.00633	0.00515	0.00380	0.03178	0.01127	0.01976	0.01687	0.01924	0.01323	0.00607	0.00368	0.00122	0.00251	0.00485	0.82402	0.00496
23	0.00691	0.00522	0.00642	0.00659	0.00779	0.00473	0.00493	0.00872	0.01272	0.01692	0.35249	0.19421	0.26043	0.01283	0.00634	0.00184	0.00283	0.07825	0.00521	0.00462
24	0.02050	0.01345	0.01493	0.01144	0.01558	0.01447	0.00945	0.62027	0.02259	0.18236	0.01410	0.01354	0.00966	0.00629	0.00521	0.00157	0.00547	0.00480	0.00545	0.00886
25	0.00759	0.00694	0.05359	0.00698	0.00881	0.00568	0.00573	0.01069	0.05715	0.01906	0.52034	0.03877	0.21768	0.01070	0.00603	0.00167	0.00291	0.00926	0.00529	0.00515
26	0.00646	0.00462	0.00618	0.00738	0.00774	0.00433	0.00504	0.00745	0.01009	0.01342	0.02864	0.77059	0.03419	0.01621	0.00668	0.00213	0.00312	0.05665	0.00483	0.00426
27	0.01279	0.01125	0.01285	0.01111	0.01429	0.01262	0.05334	0.02619	0.68601	0.02121	0.01988	0.01862	0.01495	0.00672	0.00527	0.00171	0.00438	0.00574	0.00501	0.05605
28	0.85377	0.01007	0.00765	0.00685	0.01007	0.01168	0.00564	0.01531	0.00886	0.02336	0.00725	0.00846	0.00564	0.00483	0.00322	0.00161	0.00403	0.00282	0.00322	0.00564
29	0.01139	0.01139	0.01595	0.01367	0.01367	0.01595	0.01139	0.01253	0.00798	0.01253	0.00684	0.01139	0.00684	0.00911	0.01709	0.00228	0.80745	0.00456	0.00228	0.00570
30	0.01925	0.02387	0.01484	0.01334	0.01603	0.73006	0.01009	0.06308	0.01512	0.01388	0.00827	0.00962	0.00683	0.00552	0.00507	0.00138	0.03127	0.00346	0.00282	0.00619
31	0.01139	0.01139	0.01595	0.01367	0.01367	0.01595	0.01139	0.01253	0.00798	0.01253	0.00684	0.01139	0.00684	0.00911	0.01709	0.00228	0.80745	0.00456	0.00228	0.00570
32	0.00744	0.00556	0.00829	0.00829	0.00920	0.00647	0.00642	0.00925	0.00835	0.01203	0.01402	0.02084	0.01318	0.06059	0.77504	0.00828	0.01370	0.00563	0.00280	0.00461
33	0.00732	0.00532	0.00689	0.00650	0.00775	0.00489	0.00487	0.00973	0.01462	0.02061	0.75200	0.03936	0.07906	0.01075	0.00614	0.00164	0.00246	0.00948	0.00570	0.00489
34	0.00839	0.00599	0.00839	0.00959	0.01079	0.00599	0.00839	0.01079	0.01199	0.01558	0.02757	0.05874	0.02997	0.01439	0.00719	0.00240	0.00480	0.74945	0.00480	0.00480
35	0.01257	0.00775	0.00825	0.03217	0.00987	0.00827	0.00576	0.22630	0.01475	0.02302	0.01547	0.01728	0.01187	0.00609	0.00413	0.00133	0.00351	0.00480	0.58077	0.00602
36	0.02062	0.00813	0.01083	0.00853	0.01202	0.00712	0.00696	0.02272	0.01437	0.64161	0.06553	0.01921	0.01511	0.00665	0.00508	0.00156	0.00405	0.00544	0.11636	0.00810
37	0.03263	0.01263	0.03875	0.08774	0.02027	0.03301	0.22673	0.20339	0.01579	0.22921	0.01399	0.01575	0.00998	0.00584	0.00549	0.00167	0.00645	0.02859	0.00434	0.00775
38	0.00757	0.00505	0.00568	0.00568	0.00568	0.00505	0.00316	0.00757	0.00757	0.01010	0.01641	0.03408	0.01893	0.81698	0.02651	0.00505	0.00505	0.00757	0.00316	0.00316
39	0.01139	0.01139	0.01595	0.01367	0.01367	0.01595	0.01139	0.01253	0.00798	0.01253	0.00684	0.01139	0.00684	0.00911	0.01709	0.00228	0.80745	0.00456	0.00228	0.00570
40	0.01111	0.00929	0.01085	0.00781	0.01239	0.00709	0.00625	0.01371	0.02841	0.03338	0.00977	0.01114	0.00801	0.00398	0.00392	0.00081	0.00387	0.00320	0.00321	0.81179
41	0.01314	0.01209	0.01894	0.12712	0.47405	0.01296	0.03187	0.09803	0.07791	0.01838	0.01083	0.01347	0.00870	0.00536	0.00592	0.00164	0.05396	0.00478	0.00304	0.00781
42	0.01200	0.38185	0.44872	0.01219	0.01843	0.01590	0.01462	0.01609	0.01081	0.01459	0.00840	0.00981	0.00664	0.00473	0.00423	0.00141	0.00674	0.00337	0.00221	0.00724
43	0.01392	0.82012	0.02729	0.00891	0.01337	0.02061	0.00891	0.01559	0.01058	0.01225	0.00724	0.00835	0.00668	0.00446	0.00334	0.00111	0.00557	0.00278	0.00223	0.00668
44	0.00639	0.00457	0.00610	0.00731	0.00763	0.00427	0.00492	0.00733	0.01002	0.01335	0.02868	0.79577	0.03434	0.01627	0.00666	0.00212	0.00306	0.03214	0.00483	0.00424
45	0.00633	0.00528	0.00552	0.00546	0.00714	0.00447	0.00409	0.00781	0.01228	0.01504	0.15695	0.04851	0.67758	0.01283	0.00615	0.00174	0.00261	0.01077	0.00496	0.00447
46	0.00737	0.00532	0.00696	0.00655	0.00778	0.00491	0.00491	0.00983	0.01474	0.02088	0.78175	0.03890	0.04914	0.01065	0.00614	0.00164	0.00246	0.00942	0.00573	0.00491
47	0.01980	0.01459	0.01563	0.01198	0.01615	0.01615	0.00990	0.76713	0.02448	0.03282	0.01250	0.01250	0.00886	0.00625	0.00521	0.00156	0.00573	0.00469	0.00521	0.00886
48	0.02336	0.00886	0.01209	0.00927	0.01329	0.00765	0.00765	0.02538	0.01491	0.78810	0.02055	0.01773	0.01289	0.00645	0.00524	0.00161	0.00443	0.00524	0.00645	0.00886
49	0.01980	0.01459	0.01563	0.01198	0.01615	0.01615	0.00990	0.76713	0.02448	0.03282	0.01250	0.01250	0.00886	0.00625	0.00521	0.00156	0.00573	0.00469	0.00521	0.00886
50	0.00634	0.00453	0.00604	0.00725	0.00755	0.00423	0.00483	0.00725	0.00997	0.01329	0.02870	0.81358	0.03444	0.01632	0.00665	0.00211	0.00302	0.01480	0.00483	0.00423
51	0.01392	0.82012	0.02729	0.00891	0.01337	0.02061	0.00891	0.01559	0.01058	0.01225	0.00724	0.00835	0.00668	0.00446	0.00334	0.00111	0.00557	0.00278	0.00223	0.00668
52	0.01229	0.01405	0.03073	0.02195	0.02722	0.01317	0.76558	0.01668	0.01229	0.01668	0.01054	0.01405	0.00790	0.00439	0.00615	0.00176	0.00878	0.00615	0.00263	0.00702
53	0.01295	0.01119	0.01178	0.01060	0.01354	0.01295	0.00824	0.02767	0.77509	0.02178	0.02120	0.01943	0.01590	0.00707	0.00530	0.00177	0.00412	0.00589	0.00530	0.00824
54	0.00725	0.00532	0.00679	0.00642	0.00770	0.00486	0.00481	0.00958	0.01444	0.02018	0.70649	0.04006	0.12483	0.01091	0.00614	0.00165	0.00248	0.00958	0.00564	0.00486
55	0.00983	0.00926	0.01562	0.80447	0.03587	0.01157	0.01446	0.01331	0.01041	0.01331	0.00926	0.01388	0.00694	0.00521	0.00521	0.00174	0.00694	0.00463	0.00231	0.00579
56	0.00734	0.00532	0.00693	0.00652	0.00776	0.00490	0.00489	0.00978	0.01468	0.02074	0.76635	0.03914	0.06462	0.01070	0.00614	0.00164	0.00246	0.00945	0.00571	0.00490
57	0.00905	0.00452	0.00678	0.00678	0.00678	0.00452	0.00452	0.00678	0.00678	0.00905	0.00905	0.01583	0.00905	0.01809	0.02035	0.84848	0.00452	0.00452	0.00226	0.00226
58	0.01392	0.82012	0.02729	0.00891	0.01337	0.02061	0.00891	0.01559	0.01058	0.01225	0.00724	0.00835	0.00668	0.00446	0.00334	0.00111	0.00557	0.00278	0.00223	0.00668
59	0.01117	0.00958	0.01010	0.00931	0.01185	0.01069	0.00716	0.02233	0.57359	0.01970	0.02815	0.07101	0.17555	0.00886	0.00555	0.00178	0.00375	0.00745	0.00518	0.00722
60	0.01430	0.01186	0.01253	0.01087	0.01406	0.01358	0.00857	0.17330	0.62727	0.02396	0.01948	0.01807	0.01451	0.00691	0.00528	0.00173	0.00444	0.00565	0.00528	0.00836
61	0.80575	0.01002	0.00783	0.00690	0.01020	0.01141	0.00567	0.01518	0.00897	0.02300	0.00737	0.00859	0.00576	0.00478	0.00326	0.00156	0.00402	0.00284	0.00321	0.05367
62	0.00634	0.00453	0.00604	0.00725	0.00755	0.00423	0.00483	0.00725	0.00997	0.01329	0.02870	0.81358	0.03444	0.01632	0.00665	0.00211	0.00302	0.01480	0.00483	0.00423
63	0.01015	0.00958	0.01619	0.72472	0.11315	0.01165	0.01462	0.01358	0.01056	0.01369	0.00931	0.01378	0.00708	0.00515	0.00520	0.00172	0.00686	0.00463	0.00234	0.00604
64	0.01283	0.01255	0.02213	0.03093	0.70632	0.01246	0.09337	0.01605	0.01190	0.01698	0.00987	0.01301	0.00821	0.00461	0.00526	0.00157	0.00645	0.00480	0.00258	0.00812
65	0.01268	0.01230	0.02140	0.07537	0.69664	0.01238	0.06065	0.01587	0.01180	0.01678	0.00981	0.01301	0.00815	0.00466	0.00522	0.00157	0.00638	0.00473	0.00257	0.00804
66	0.04972	0.01213	0.01653	0.01436	0.06249	0.03085	0.17331	0.06491	0.41855	0.02038	0.01667	0.01816	0.01298	0.00651	0.00576	0.00176	0.02707	0.03592	0.00430	0.00764
67	0.01027	0.00840	0.04140	0.00957	0.05648	0.00787	0.00717	0.11057	0.08411	0.03965	0.48460	0.06484	0.03524	0.00931	0.00584	0.00166	0.00354	0.00811	0.00527	0.00610
68	0.15103	0.00972	0.01429	0.49679	0.06039	0.01138	0.02938	0.05599	0.01129	0.06255	0.01062	0.04574	0.00839	0.00569	0.00496	0.00171	0.00609	0.00482	0.00299	0.00619
69	0.54444	0.03574	0.13980	0.00915	0.01306	0.01152	0.04263	0.03257	0.01027	0.02133	0.05500	0.01323	0.00966	0.00562	0.00404	0.00164	0.00488	0.03608	0.00326	0.00607
70	0.10732	0.04646	0.01223	0.00899	0.01289	0.03020	0.00744	0.07000	0.01423	0.50778	0.01808	0.01652	0.04240	0.00621	0.00485	0.00151	0.00454	0.00484	0.00539	0.07813
71	0.12874	0.01054	0.03506	0.00863	0.01282	0.00925	0.00721	0.12028	0.04395	0.05471	0.02812	0.01337	0.00967	0.00506	0.00426	0.00117	0.00429	0.02487	0.00372	0.47427
72	0.20924	0.03447	0.01231	0.00992	0.01331	0.01289	0.00818	0.31378	0.13762	0.05360	0.03245	0.01811	0.01243	0.00690	0.00491	0.00166	0.00481	0.08151	0.00465	0.02726
73	0.07108	0.04757	0.05603	0.01068	0.01437	0.05796	0.04984	0.17714	0.03879	0.19259	0.01633	0.05626	0.05493	0.00688	0.00554	0.00158	0.03799	0.01921	0.00442	0.08082
74	0.11216	0.00871	0.01029	0.00990	0.04501	0.03238	0.02155	0.06483	0.01225	0.05008	0.05540	0.12326	0.04837	0.00939	0.00580	0.00173	0.02533	0.19897	0.00417	0.16040

[dist]
# distance from previous block
# <min> <max>
4	35

[block]
# block no. 4 follows, 47 sequences, length 6
# corresponding to MSA columns:
# 230-235
name=unknown_E
#
# <colnr> <probs for GDERKNQSTAVLIFYWHMCP>
#	G	D	E	R	K	N	Q	S	T	A	V	L	I	F	Y	W	H	M	C	P
0	0.34549	0.00951	0.01041	0.15566	0.01564	0.01073	0.00811	0.13550	0.01230	0.05288	0.01357	0.13297	0.01261	0.00754	0.00477	0.00175	0.00476	0.05587	0.00386	0.00606
1	0.01565	0.01348	0.01496	0.30903	0.05402	0.18089	0.01154	0.10743	0.03856	0.14456	0.01154	0.01340	0.00845	0.00581	0.00572	0.00163	0.04839	0.00450	0.00353	0.00689
2	0.01255	0.01081	0.01101	0.11503	0.01473	0.15383	0.00828	0.10450	0.01460	0.07168	0.23838	0.10290	0.02488	0.00907	0.00573	0.00171	0.00517	0.08472	0.00452	0.00591
3	0.23623	0.01655	0.01581	0.01277	0.01641	0.31616	0.17125	0.01744	0.01215	0.01695	0.00854	0.01034	0.00682	0.00482	0.00451	0.00143	0.00711	0.00378	0.00287	0.11808
4	0.05607	0.01142	0.01287	0.01058	0.01351	0.07462	0.00860	0.10438	0.10136	0.34001	0.01703	0.01654	0.04569	0.00713	0.00734	0.00173	0.15348	0.00512	0.00488	0.00763
5	0.12466	0.52846	0.20168	0.01001	0.01506	0.01745	0.01087	0.01576	0.01045	0.01471	0.00773	0.00898	0.00652	0.00462	0.00370	0.00130	0.00586	0.00304	0.00235	0.00678

[dist]
# distance from previous block
# <min> <max>
0	4

[block]
# block no. 5 follows, 47 sequences, length 136
# corresponding to MSA columns:
# 240-375
name=unknown_F
#
# <colnr> <probs for GDERKNQSTAVLIFYWHMCP>
#	G	D	E	R	K	N	Q	S	T	A	V	L	I	F	Y	W	H	M	C	P
0	0.12327	0.01628	0.01318	0.01123	0.01448	0.26570	0.00884	0.26966	0.14540	0.02238	0.01385	0.01400	0.04690	0.00626	0.00485	0.00154	0.00627	0.00453	0.00414	0.00722
1	0.01297	0.66887	0.09413	0.00922	0.01365	0.01830	0.00945	0.01511	0.01103	0.01348	0.08316	0.01158	0.01083	0.00511	0.00376	0.00121	0.00546	0.00353	0.00257	0.00660
2	0.05872	0.00802	0.01039	0.00828	0.01158	0.00706	0.00669	0.01964	0.01419	0.47678	0.22148	0.02228	0.02172	0.00725	0.00525	0.00154	0.00383	0.00604	0.00579	0.08345
3	0.00759	0.00596	0.00679	0.00648	0.00799	0.00567	0.00479	0.01084	0.10138	0.01753	0.35863	0.04029	0.30980	0.08392	0.00789	0.00200	0.00295	0.00941	0.00512	0.00495
4	0.00737	0.00532	0.00696	0.00655	0.00778	0.00491	0.00491	0.00983	0.01474	0.02088	0.78175	0.03890	0.04914	0.01065	0.00614	0.00164	0.00246	0.00942	0.00573	0.00491
5	0.01261	0.01209	0.02064	0.10168	0.71694	0.01230	0.01585	0.01574	0.01173	0.01668	0.00975	0.01298	0.00813	0.00469	0.00516	0.00156	0.00625	0.00464	0.00255	0.00803
6	0.00802	0.07909	0.01008	0.00842	0.00967	0.00778	0.00673	0.00987	0.00857	0.01210	0.01334	0.01937	0.01245	0.03593	0.72478	0.00771	0.01319	0.00533	0.00274	0.00483
7	0.00726	0.00532	0.00681	0.00644	0.00771	0.00487	0.00483	0.00961	0.01448	0.02027	0.71596	0.03991	0.11531	0.01088	0.00614	0.00165	0.00247	0.00956	0.00565	0.00487
8	0.00646	0.00458	0.00601	0.00711	0.00738	0.00430	0.00468	0.00728	0.00975	0.01301	0.02759	0.74324	0.03304	0.08857	0.00844	0.00238	0.00320	0.01415	0.00468	0.00413
9	0.01076	0.09852	0.72117	0.01431	0.02171	0.01286	0.01831	0.01641	0.01096	0.01611	0.00916	0.01076	0.00660	0.00490	0.00480	0.00160	0.00750	0.00375	0.00220	0.00760
10	0.77851	0.01048	0.00837	0.00731	0.01062	0.01209	0.00602	0.08315	0.01027	0.02422	0.00773	0.00882	0.00593	0.00496	0.00340	0.00161	0.00418	0.00299	0.00340	0.00593
11	0.01139	0.01139	0.01595	0.01367	0.01367	0.01595	0.01139	0.01253	0.00798	0.01253	0.00684	0.01139	0.00684	0.00911	0.01709	0.00228	0.80745	0.00456	0.00228	0.00570
12	0.01343	0.70697	0.13609	0.00976	0.01467	0.01939	0.01038	0.01572	0.01064	0.01286	0.00754	0.00873	0.00667	0.00453	0.00357	0.00119	0.00587	0.00294	0.00222	0.00683
13	0.00990	0.00932	0.01573	0.78858	0.05126	0.01159	0.01449	0.01336	0.01044	0.01338	0.00927	0.01386	0.00697	0.00519	0.00521	0.00173	0.00693	0.00463	0.00232	0.00584
14	0.85377	0.01007	0.00765	0.00685	0.01007	0.01168	0.00564	0.01531	0.00886	0.02336	0.00725	0.00846	0.00564	0.00483	0.00322	0.00161	0.00403	0.00282	0.00322	0.00564
15	0.00737	0.00532	0.00696	0.00655	0.00778	0.00491	0.00491	0.00983	0.01474	0.02088	0.78175	0.03890	0.04914	0.01065	0.00614	0.00164	0.00246	0.00942	0.00573	0.00491
16	0.01945	0.02482	0.01476	0.01342	0.01610	0.79608	0.01006	0.02079	0.01476	0.01275	0.00805	0.00939	0.00671	0.00537	0.00470	0.00134	0.00939	0.00335	0.00268	0.00604
17	0.00905	0.00452	0.00678	0.00678	0.00678	0.00452	0.00452	0.00678	0.00678	0.00905	0.00905	0.01583	0.00905	0.01809	0.02035	0.84848	0.00452	0.00452	0.00226	0.00226
18	0.02326	0.00903	0.01219	0.00934	0.01338	0.00790	0.00772	0.04661	0.01518	0.76649	0.02031	0.01758	0.01278	0.00644	0.00524	0.00161	0.00447	0.00522	0.00641	0.00886
19	0.01866	0.01388	0.01442	0.01143	0.01516	0.05827	0.00931	0.54007	0.10878	0.08459	0.01393	0.01378	0.01000	0.00635	0.00534	0.00158	0.02027	0.00480	0.04097	0.00840
20	0.00757	0.00505	0.00568	0.00568	0.00568	0.00505	0.00316	0.00757	0.00757	0.01010	0.01641	0.03408	0.01893	0.81698	0.02651	0.00505	0.00505	0.00757	0.00316	0.00316
21	0.01139	0.01139	0.01595	0.01367	0.01367	0.01595	0.01139	0.01253	0.00798	0.01253	0.00684	0.01139	0.00684	0.00911	0.01709	0.00228	0.80745	0.00456	0.00228	0.00570
22	0.01103	0.00945	0.01108	0.00800	0.01247	0.00745	0.00643	0.03111	0.01104	0.01721	0.00926	0.01086	0.00771	0.00408	0.00431	0.00084	0.02945	0.00317	0.00311	0.80194
23	0.01322	0.01380	0.08810	0.01123	0.01462	0.07445	0.00946	0.02604	0.64059	0.02056	0.01900	0.01782	0.01426	0.00672	0.00522	0.00172	0.00489	0.00549	0.00479	0.00802
24	0.00634	0.00453	0.00604	0.00725	0.00755	0.00423	0.00483	0.00725	0.00997	0.01329	0.02870	0.81358	0.03444	0.01632	0.00665	0.00211	0.00302	0.01480	0.00483	0.00423
25	0.01080	0.00926	0.01080	0.00771	0.01234	0.00694	0.00617	0.01311	0.01080	0.01697	0.00926	0.01080	0.00771	0.00386	0.00386	0.00077	0.00386	0.00309	0.00309	0.84882
26	0.00634	0.00453	0.00604	0.00725	0.00755	0.00423	0.00483	0.00725	0.00997	0.01329	0.02870	0.81358	0.03444	0.01632	0.00665	0.00211	0.00302	0.01480	0.00483	0.00423
27	0.00637	0.00513	0.00567	0.00587	0.00725	0.00443	0.00428	0.00776	0.01187	0.01486	0.15020	0.20914	0.52195	0.01349	0.00626	0.00182	0.00269	0.01157	0.00496	0.00443
28	0.00932	0.00579	0.00720	0.00657	0.00832	0.00516	0.00502	0.01142	0.01395	0.12525	0.47412	0.03844	0.23095	0.01062	0.00597	0.00166	0.00278	0.00915	0.02300	0.00533
29	0.01980	0.01459	0.01563	0.01198	0.01615	0.01615	0.00990	0.76713	0.02448	0.03282	0.01250	0.01250	0.00886	0.00625	0.00521	0.00156	0.00573	0.00469	0.00521	0.00886
30	0.55618	0.00964	0.00924	0.00771	0.01123	0.01024	0.00636	0.01892	0.01103	0.29742	0.01202	0.01178	0.00824	0.00541	0.00394	0.00161	0.00417	0.00369	0.00438	0.00679
31	0.02243	0.01036	0.01301	0.00997	0.01404	0.00987	0.00824	0.21891	0.01740	0.59104	0.01845	0.01636	0.01184	0.00639	0.00523	0.00160	0.00477	0.00509	0.00612	0.00886
32	0.01392	0.82012	0.02729	0.00891	0.01337	0.02061	0.00891	0.01559	0.01058	0.01225	0.00724	0.00835	0.00668	0.00446	0.00334	0.00111	0.00557	0.00278	0.00223	0.00668
33	0.01392	0.82012	0.02729	0.00891	0.01337	0.02061	0.00891	0.01559	0.01058	0.01225	0.00724	0.00835	0.00668	0.00446	0.00334	0.00111	0.00557	0.00278	0.00223	0.00668
34	0.00983	0.00926	0.01562	0.80447	0.03587	0.01157	0.01446	0.01331	0.01041	0.01331	0.00926	0.01388	0.00694	0.00521	0.00521	0.00174	0.00694	0.00463	0.00231	0.00579
35	0.01194	0.01293	0.02641	0.01948	0.02399	0.01253	0.60162	0.01698	0.08098	0.01692	0.01306	0.01883	0.01075	0.00574	0.00648	0.00183	0.03083	0.07876	0.00308	0.00688
36	0.00727	0.00538	0.00682	0.00662	0.00793	0.00493	0.00508	0.00954	0.01404	0.01933	0.59837	0.04247	0.16340	0.01139	0.00624	0.00173	0.00270	0.07645	0.00551	0.00482
37	0.01289	0.01237	0.02114	0.03196	0.78450	0.01237	0.01598	0.01598	0.01186	0.01701	0.00980	0.01289	0.00825	0.00464	0.00516	0.00155	0.00619	0.00464	0.00258	0.00825
38	0.00642	0.00468	0.00605	0.00699	0.00752	0.00431	0.00476	0.00751	0.01059	0.01405	0.09901	0.66902	0.10890	0.01550	0.00655	0.00204	0.00293	0.01395	0.00492	0.00431
39	0.00905	0.00452	0.00678	0.00678	0.00678	0.00452	0.00452	0.00678	0.00678	0.00905	0.00905	0.01583	0.00905	0.01809	0.02035	0.84848	0.00452	0.00452	0.00226	0.00226
40	0.00983	0.00926	0.01562	0.80447	0.03587	0.01157	0.01446	0.01331	0.01041	0.01331	0.00926	0.01388	0.00694	0.00521	0.00521	0.00174	0.00694	0.00463	0.00231	0.00579
41	0.00880	0.00649	0.00866	0.00961	0.01099	0.00664	0.00829	0.01238	0.08660	0.01616	0.02742	0.05474	0.04276	0.01365	0.00699	0.00232	0.00469	0.66284	0.00485	0.00512
42	0.01957	0.02122	0.01506	0.01291	0.01612	0.52150	0.01000	0.28355	0.01818	0.01981	0.00962	0.01049	0.00746	0.00568	0.00488	0.00142	0.00810	0.00382	0.00357	0.00703
43	0.01149	0.26499	0.56109	0.01306	0.01979	0.01465	0.01614	0.01622	0.01087	0.01522	0.00871	0.01020	0.00662	0.00480	0.00447	0.00149	0.00706	0.00353	0.00221	0.00739
44	0.08883	0.01109	0.01140	0.01026	0.01323	0.01284	0.00801	0.02656	0.70594	0.02193	0.01994	0.01844	0.01497	0.00686	0.00511	0.00175	0.00411	0.00561	0.00511	0.00801
45	0.01261	0.01209	0.02064	0.10168	0.71694	0.01230	0.01585	0.01574	0.01173	0.01668	0.00975	0.01298	0.00813	0.00469	0.00516	0.00156	0.00625	0.00464	0.00255	0.00803
46	0.02336	0.00886	0.01209	0.00927	0.01329	0.00765	0.00765	0.02538	0.01491	0.78810	0.02055	0.01773	0.01289	0.00645	0.00524	0.00161	0.00443	0.00524	0.00645	0.00886
47	0.00905	0.00452	0.00678	0.00678	0.00678	0.00452	0.00452	0.00678	0.00678	0.00905	0.00905	0.01583	0.00905	0.01809	0.02035	0.84848	0.00452	0.00452	0.00226	0.00226
48	0.01045	0.02694	0.79000	0.01484	0.02254	0.01209	0.01924	0.01649	0.01099	0.01649	0.00935	0.01099	0.00660	0.00495	0.00495	0.00165	0.00770	0.00385	0.00220	0.00770
49	0.00737	0.00532	0.00696	0.00655	0.00778	0.00491	0.00491	0.00983	0.01474	0.02088	0.78175	0.03890	0.04914	0.01065	0.00614	0.00164	0.00246	0.00942	0.00573	0.00491
50	0.01381	0.78509	0.02680	0.00912	0.01338	0.02040	0.00902	0.01546	0.01047	0.01226	0.00722	0.00849	0.00669	0.00466	0.00394	0.00116	0.04030	0.00286	0.00223	0.00664
51	0.01328	0.01111	0.01179	0.01056	0.01353	0.01278	0.00822	0.02760	0.75092	0.04615	0.02118	0.01938	0.01580	0.00705	0.00530	0.00176	0.00413	0.00587	0.00534	0.00826
52	0.00756	0.00540	0.00743	0.00864	0.00947	0.00527	0.00694	0.00935	0.01116	0.01465	0.02803	0.36680	0.03180	0.01517	0.00697	0.00228	0.00407	0.44963	0.00481	0.00456
53	0.00997	0.00934	0.01545	0.77008	0.03490	0.01163	0.01419	0.01393	0.04353	0.01367	0.00977	0.01412	0.00733	0.00529	0.00521	0.00174	0.00682	0.00468	0.00244	0.00589
54	0.85377	0.01007	0.00765	0.00685	0.01007	0.01168	0.00564	0.01531	0.00886	0.02336	0.00725	0.00846	0.00564	0.00483	0.00322	0.00161	0.00403	0.00282	0.00322	0.00564
55	0.01139	0.01139	0.01595	0.01367	0.01367	0.01595	0.01139	0.01253	0.00798	0.01253	0.00684	0.01139	0.00684	0.00911	0.01709	0.00228	0.80745	0.00456	0.00228	0.00570
56	0.01534	0.01212	0.01217	0.01067	0.01379	0.08285	0.00835	0.04187	0.57016	0.14308	0.01973	0.01811	0.01445	0.00680	0.00523	0.00170	0.00468	0.00553	0.00524	0.00815
57	0.01920	0.02394	0.01541	0.01368	0.01653	0.73079	0.03885	0.05456	0.01511	0.01381	0.00835	0.00971	0.00685	0.00537	0.00477	0.00137	0.00920	0.00352	0.00280	0.00620
58	0.01945	0.02482	0.01476	0.01342	0.01610	0.79608	0.01006	0.02079	0.01476	0.01275	0.00805	0.00939	0.00671	0.00537	0.00470	0.00134	0.00939	0.00335	0.00268	0.00604
59	0.00716	0.00532	0.00668	0.00634	0.00765	0.00483	0.00475	0.00943	0.01425	0.01973	0.65822	0.04080	0.17339	0.01108	0.00614	0.00166	0.00249	0.00968	0.00558	0.00483
60	0.01980	0.01459	0.01563	0.01198	0.01615	0.01615	0.00990	0.76713	0.02448	0.03282	0.01250	0.01250	0.00886	0.00625	0.00521	0.00156	0.00573	0.00469	0.00521	0.00886
61	0.01014	0.00527	0.00531	0.00516	0.00650	0.00534	0.00391	0.04433	0.01150	0.01999	0.01680	0.01912	0.01316	0.00608	0.00371	0.00123	0.00257	0.00485	0.81004	0.00502
62	0.00774	0.00525	0.00663	0.00628	0.00751	0.00490	0.00471	0.01019	0.01413	0.02065	0.66011	0.03580	0.04344	0.00992	0.00574	0.00157	0.00245	0.00869	0.13936	0.00490
63	0.00668	0.00503	0.00625	0.00702	0.00795	0.00461	0.00517	0.00803	0.01111	0.01430	0.07538	0.42469	0.25365	0.01478	0.00657	0.00203	0.00317	0.13430	0.00488	0.00441
64	0.00757	0.00505	0.00568	0.00568	0.00568	0.00505	0.00316	0.00757	0.00757	0.01010	0.01641	0.03408	0.01893	0.81698	0.02651	0.00505	0.00505	0.00757	0.00316	0.00316
65	0.01139	0.01139	0.01595	0.01367	0.01367	0.01595	0.01139	0.01253	0.00798	0.01253	0.00684	0.01139	0.00684	0.00911	0.01709	0.00228	0.80745	0.00456	0.00228	0.00570
66	0.01080	0.00926	0.01080	0.00771	0.01234	0.00694	0.00617	0.01311	0.01080	0.01697	0.00926	0.01080	0.00771	0.00386	0.00386	0.00077	0.00386	0.00309	0.00309	0.84882
67	0.01109	0.01059	0.01767	0.45052	0.30772	0.01226	0.01474	0.01421	0.01072	0.01459	0.00924	0.01330	0.00741	0.00535	0.00626	0.00172	0.07891	0.00463	0.00241	0.00668
68	0.01153	0.01246	0.09200	0.04781	0.01638	0.03164	0.12119	0.01387	0.00983	0.03900	0.03163	0.01433	0.00940	0.03665	0.01193	0.00206	0.40855	0.00499	0.07873	0.00601
69	0.01159	0.28784	0.53912	0.01289	0.01952	0.01489	0.01584	0.01620	0.01086	0.01510	0.00865	0.01013	0.00663	0.00479	0.00442	0.00147	0.00700	0.00350	0.00221	0.00736
70	0.00634	0.00453	0.00604	0.00725	0.00755	0.00423	0.00483	0.00725	0.00997	0.01329	0.02870	0.81358	0.03444	0.01632	0.00665	0.00211	0.00302	0.01480	0.00483	0.00423
71	0.00636	0.00526	0.00558	0.00555	0.00717	0.00448	0.00414	0.00786	0.01229	0.01518	0.17334	0.07253	0.63654	0.01287	0.00617	0.00175	0.00262	0.01085	0.00499	0.00448
72	0.00675	0.00521	0.00616	0.00610	0.00744	0.00462	0.00451	0.00855	0.01300	0.01718	0.39259	0.13204	0.35238	0.01235	0.00621	0.00174	0.00260	0.01069	0.00526	0.00462
73	0.01980	0.01459	0.01563	0.01198	0.01615	0.01615	0.00990	0.76713	0.02448	0.03282	0.01250	0.01250	0.00886	0.00625	0.00521	0.00156	0.00573	0.00469	0.00521	0.00886
74	0.01908	0.07920	0.01561	0.01311	0.01591	0.74305	0.00998	0.02044	0.01447	0.01271	0.00799	0.00932	0.00671	0.00530	0.00460	0.00133	0.00913	0.00332	0.00265	0.00608
75	0.01980	0.01459	0.01563	0.01198	0.01615	0.01615	0.00990	0.76713	0.02448	0.03282	0.01250	0.01250	0.00886	0.00625	0.00521	0.00156	0.00573	0.00469	0.00521	0.00886
76	0.01045	0.02694	0.79000	0.01484	0.02254	0.01209	0.01924	0.01649	0.01099	0.01649	0.00935	0.01099	0.00660	0.00495	0.00495	0.00165	0.00770	0.00385	0.00220	0.00770
77	0.01392	0.82012	0.02729	0.00891	0.01337	0.02061	0.00891	0.01559	0.01058	0.01225	0.00724	0.00835	0.00668	0.00446	0.00334	0.00111	0.00557	0.00278	0.00223	0.00668
78	0.00999	0.00947	0.01565	0.72714	0.03370	0.01200	0.01416	0.01323	0.01017	0.01323	0.00902	0.01364	0.00693	0.00559	0.00637	0.00179	0.08522	0.00462	0.00231	0.00578
79	0.01963	0.01450	0.01554	0.01195	0.01609	0.01607	0.00986	0.74926	0.04263	0.03255	0.01271	0.01267	0.00903	0.00627	0.00521	0.00157	0.00569	0.00472	0.00521	0.00884
80	0.00616	0.00526	0.00529	0.00532	0.00705	0.00439	0.00398	0.00747	0.01182	0.01405	0.05216	0.06912	0.76376	0.01327	0.00617	0.00177	0.00265	0.01109	0.00484	0.00439
81	0.00983	0.00926	0.01562	0.80447	0.03587	0.01157	0.01446	0.01331	0.01041	0.01331	0.00926	0.01388	0.00694	0.00521	0.00521	0.00174	0.00694	0.00463	0.00231	0.00579
82	0.00726	0.00532	0.00681	0.00644	0.00771	0.00487	0.00483	0.00961	0.01448	0.02027	0.71596	0.03991	0.11531	0.01088	0.00614	0.00165	0.00247	0.00956	0.00565	0.00487
83	0.00901	0.00453	0.00676	0.00676	0.00676	0.00453	0.00449	0.00680	0.00680	0.00907	0.00920	0.01622	0.00926	0.03533	0.02049	0.83029	0.00453	0.00459	0.00228	0.00228
84	0.01392	0.82012	0.02729	0.00891	0.01337	0.02061	0.00891	0.01559	0.01058	0.01225	0.00724	0.00835	0.00668	0.00446	0.00334	0.00111	0.00557	0.00278	0.00223	0.00668
85	0.08433	0.00668	0.00699	0.00658	0.00858	0.00640	0.00516	0.08307	0.01330	0.01793	0.15887	0.04151	0.46663	0.01144	0.00587	0.00175	0.00319	0.06179	0.00487	0.00506
86	0.04282	0.01310	0.01423	0.01124	0.01513	0.01436	0.00918	0.51385	0.16397	0.12490	0.01499	0.01434	0.01059	0.00639	0.00517	0.00161	0.00522	0.00493	0.00532	0.00865
87	0.01277	0.01235	0.02138	0.05609	0.72789	0.01238	0.04840	0.01593	0.01183	0.01688	0.00981	0.01297	0.00819	0.00465	0.00520	0.00156	0.00632	0.00470	0.00257	0.00812
88	0.00983	0.00926	0.01562	0.80447	0.03587	0.01157	0.01446	0.01331	0.01041	0.01331	0.00926	0.01388	0.00694	0.00521	0.00521	0.00174	0.00694	0.00463	0.00231	0.00579
89	0.00782	0.00584	0.00819	0.00854	0.00982	0.00560	0.03076	0.01003	0.01249	0.01664	0.23029	0.13673	0.09976	0.01319	0.00673	0.00209	0.00391	0.38179	0.00498	0.00480
90	0.73400	0.00978	0.00808	0.00707	0.01033	0.01102	0.00581	0.01638	0.00962	0.11130	0.00906	0.00984	0.00670	0.00505	0.00347	0.00160	0.00403	0.00316	0.02771	0.00599
