[name]
unknown

[dist]
# distance from previous block
# <min> <max>
0	860

[block]
# block no. 0 follows, 37 sequences, length 24
# corresponding to MSA columns:
# 860-883
name=unknown_A
#
# <colnr> <probs for GDERKNQSTAVLIFYWHMCP>
#	G	D	E	R	K	N	Q	S	T	A	V	L	I	F	Y	W	H	M	C	P
0	0.00949	0.00602	0.00766	0.00805	0.00915	0.00561	0.00574	0.01127	0.01355	0.06238	0.19743	0.38431	0.07807	0.05397	0.00837	0.00237	0.00359	0.03696	0.09047	0.00553
1	0.01272	0.04866	0.01283	0.07114	0.01494	0.01073	0.00878	0.05879	0.11800	0.07705	0.08099	0.26249	0.04998	0.01312	0.03157	0.00237	0.07086	0.01004	0.00521	0.03972
2	0.00797	0.00618	0.00726	0.00710	0.00875	0.00546	0.00528	0.01018	0.01553	0.02055	0.40658	0.09539	0.35331	0.01420	0.00726	0.00202	0.00302	0.01225	0.00622	0.00546
3	0.00970	0.00598	0.00803	0.00877	0.00965	0.00561	0.00609	0.01101	0.01235	0.09217	0.05885	0.60780	0.03652	0.04027	0.05334	0.00294	0.00453	0.01511	0.00572	0.00556
4	0.00902	0.00633	0.00933	0.00933	0.01018	0.00719	0.00702	0.01036	0.00950	0.01352	0.01581	0.02452	0.01518	0.09968	0.60001	0.12428	0.01402	0.00656	0.00322	0.00493
5	0.44968	0.01230	0.01216	0.00993	0.01419	0.01319	0.00819	0.14125	0.01567	0.24842	0.01430	0.01404	0.00985	0.00654	0.00490	0.00188	0.00522	0.00455	0.00533	0.00842
6	0.02094	0.01599	0.01706	0.01361	0.01810	0.01790	0.01107	0.52566	0.23319	0.03483	0.01765	0.01705	0.01280	0.00762	0.00615	0.00191	0.00619	0.00592	0.00615	0.01020
7	0.01516	0.02098	0.32663	0.01853	0.02529	0.01315	0.26337	0.02050	0.01454	0.13624	0.07201	0.01805	0.01345	0.00640	0.00647	0.00197	0.00839	0.00625	0.00389	0.00873
8	0.05714	0.01356	0.01414	0.01243	0.01608	0.01560	0.00977	0.11520	0.61412	0.02726	0.02286	0.02121	0.01708	0.00806	0.00609	0.00204	0.00507	0.00657	0.00609	0.00962
9	0.82811	0.01184	0.00900	0.00805	0.01184	0.01373	0.00663	0.01799	0.01042	0.02746	0.00852	0.00994	0.00663	0.00568	0.00379	0.00189	0.00474	0.00331	0.00379	0.00663
10	0.01465	0.01315	0.01627	0.20677	0.08104	0.02970	0.01251	0.05012	0.42967	0.02247	0.01901	0.01971	0.01441	0.00754	0.00668	0.00205	0.03427	0.00626	0.00489	0.00882
11	0.06833	0.01103	0.01427	0.01100	0.01570	0.01004	0.00909	0.08479	0.01805	0.65687	0.02259	0.01978	0.01434	0.00746	0.00603	0.00189	0.00531	0.00596	0.00727	0.01022
12	0.01369	0.01529	0.08387	0.08598	0.22014	0.01359	0.32215	0.01798	0.01385	0.03554	0.01583	0.07859	0.04046	0.00694	0.00674	0.00202	0.00829	0.00741	0.00342	0.00825
13	0.01979	0.37430	0.14588	0.01179	0.01748	0.01692	0.01196	0.02276	0.01440	0.28770	0.01471	0.01441	0.01054	0.00620	0.00507	0.00163	0.00647	0.00455	0.00445	0.00900
14	0.00975	0.00604	0.00752	0.00755	0.00883	0.00567	0.00551	0.01213	0.01474	0.05007	0.34866	0.23459	0.04115	0.01277	0.00661	0.00195	0.00315	0.01124	0.20634	0.00573
15	0.05932	0.01101	0.01433	0.01103	0.01574	0.00998	0.00911	0.08492	0.01813	0.66501	0.02277	0.01991	0.01443	0.00748	0.00606	0.00189	0.00531	0.00599	0.00731	0.01026
16	0.01201	0.02069	0.39102	0.26131	0.02881	0.01272	0.01810	0.01682	0.01214	0.03094	0.01139	0.01524	0.00864	0.00924	0.03952	0.08748	0.00861	0.00502	0.00276	0.00753
17	0.01137	0.01133	0.04751	0.38412	0.05988	0.01209	0.10017	0.01477	0.01191	0.01589	0.01392	0.05070	0.01260	0.10653	0.07832	0.00327	0.03341	0.02250	0.00313	0.00659
18	0.01172	0.00806	0.00918	0.00853	0.01077	0.00795	0.00649	0.05478	0.12679	0.07929	0.19507	0.12778	0.22114	0.01222	0.00669	0.00199	0.00372	0.01043	0.09065	0.00674
19	0.11470	0.01266	0.04716	0.04701	0.01929	0.01173	0.14433	0.07830	0.01568	0.31166	0.01922	0.01957	0.05182	0.00806	0.00744	0.05100	0.02041	0.00618	0.00527	0.00853
20	0.04689	0.01419	0.08033	0.43492	0.03419	0.01430	0.13654	0.09125	0.01458	0.05665	0.01212	0.01588	0.00885	0.00612	0.00619	0.00200	0.00817	0.00563	0.00342	0.00778
21	0.00981	0.00969	0.06826	0.12430	0.04666	0.00851	0.03835	0.01252	0.01295	0.01685	0.03110	0.11546	0.19129	0.01536	0.05308	0.03887	0.00635	0.19005	0.00451	0.00602
22	0.06868	0.00799	0.01023	0.00934	0.01191	0.00728	0.00709	0.01830	0.01444	0.32847	0.05808	0.33994	0.06702	0.01292	0.00680	0.00215	0.00428	0.01123	0.00641	0.00743
23	0.08439	0.01149	0.03195	0.28749	0.02404	0.01261	0.01154	0.10630	0.11445	0.06134	0.02814	0.04570	0.04200	0.07430	0.00845	0.01634	0.00633	0.00655	0.01920	0.00740

[dist]
# distance from previous block
# <min> <max>
6	18

[block]
# block no. 1 follows, 37 sequences, length 7
# corresponding to MSA columns:
# 914-920
name=unknown_B
#
# <colnr> <probs for GDERKNQSTAVLIFYWHMCP>
#	G	D	E	R	K	N	Q	S	T	A	V	L	I	F	Y	W	H	M	C	P
0	0.07811	0.04328	0.12603	0.01437	0.01865	0.01260	0.16592	0.05818	0.03162	0.06969	0.05473	0.02189	0.05846	0.08411	0.02827	0.02978	0.05748	0.00658	0.00401	0.03623
1	0.11786	0.00911	0.01067	0.07051	0.01416	0.00927	0.00778	0.04479	0.08450	0.07588	0.19025	0.11607	0.06088	0.01011	0.00616	0.00191	0.00440	0.02957	0.04679	0.08932
2	0.04419	0.01160	0.01512	0.06126	0.04289	0.01210	0.06441	0.20892	0.05088	0.13718	0.04625	0.05040	0.03777	0.03261	0.02979	0.00225	0.00607	0.01968	0.11840	0.00820
3	0.02180	0.01338	0.01609	0.08562	0.01943	0.01369	0.01066	0.30823	0.05744	0.26557	0.01746	0.01702	0.01199	0.00701	0.00594	0.00177	0.00601	0.00556	0.00597	0.10936
4	0.00898	0.00614	0.00798	0.00883	0.00941	0.00606	0.00646	0.01010	0.01138	0.01501	0.02705	0.23242	0.03074	0.28412	0.01698	0.04659	0.00521	0.25707	0.00482	0.00465
5	0.09511	0.63295	0.07092	0.01090	0.01611	0.05797	0.01087	0.01865	0.01251	0.01598	0.00870	0.01007	0.00773	0.00537	0.00410	0.00142	0.00673	0.00338	0.00276	0.00777
6	0.04451	0.30598	0.14498	0.01186	0.01726	0.01634	0.01179	0.06197	0.03677	0.23735	0.01454	0.01466	0.01057	0.00690	0.00590	0.03433	0.00642	0.00467	0.00444	0.00878

[dist]
# distance from previous block
# <min> <max>
1	41

[block]
# block no. 2 follows, 37 sequences, length 37
# corresponding to MSA columns:
# 966-1002
name=unknown_C
#
# <colnr> <probs for GDERKNQSTAVLIFYWHMCP>
#	G	D	E	R	K	N	Q	S	T	A	V	L	I	F	Y	W	H	M	C	P
0	0.04659	0.01020	0.01173	0.05293	0.01435	0.05889	0.03546	0.11321	0.04741	0.05101	0.02677	0.39945	0.06525	0.02811	0.00741	0.00227	0.00521	0.01185	0.00530	0.00660
1	0.01592	0.04486	0.01683	0.01307	0.05599	0.01198	0.06232	0.15391	0.04649	0.07071	0.04077	0.03398	0.01267	0.00620	0.00545	0.00143	0.00559	0.00525	0.00452	0.39206
2	0.01566	0.08414	0.17747	0.05256	0.08126	0.02615	0.15705	0.05020	0.07907	0.09660	0.01439	0.03437	0.01105	0.00630	0.00597	0.00181	0.00748	0.00572	0.00392	0.08881
3	0.03967	0.01172	0.04314	0.01249	0.07395	0.07857	0.02498	0.04940	0.03235	0.12181	0.04386	0.14968	0.04545	0.00952	0.00642	0.00189	0.03283	0.00792	0.20710	0.00725
4	0.05182	0.05357	0.06810	0.14656	0.05871	0.04297	0.03838	0.17614	0.17004	0.03669	0.01464	0.01604	0.01106	0.00682	0.00638	0.00189	0.03630	0.00543	0.00442	0.05405
5	0.00956	0.00765	0.00943	0.00955	0.01063	0.00830	0.00694	0.01350	0.13330	0.01715	0.05411	0.35150	0.10047	0.08913	0.07845	0.00335	0.07380	0.01214	0.00514	0.00589
6	0.01283	0.00763	0.00971	0.00887	0.01093	0.00728	0.00670	0.01666	0.08836	0.16198	0.39165	0.12168	0.04090	0.06510	0.00865	0.00229	0.00386	0.02159	0.00650	0.00682
7	0.00818	0.00611	0.00759	0.00749	0.00891	0.00553	0.00552	0.01051	0.01577	0.02150	0.49117	0.15580	0.20513	0.01414	0.00731	0.00204	0.00303	0.01240	0.00635	0.00553
8	0.00886	0.00603	0.00720	0.00752	0.00814	0.00577	0.00495	0.00971	0.01119	0.03154	0.06908	0.21217	0.11632	0.40227	0.01943	0.00415	0.00484	0.06147	0.00479	0.00458
9	0.00853	0.00603	0.00724	0.00718	0.00810	0.00567	0.00487	0.01009	0.01333	0.01827	0.31813	0.11699	0.12822	0.27789	0.01539	0.00336	0.00402	0.01101	0.03077	0.00491
10	0.01301	0.00713	0.00929	0.00837	0.01053	0.00642	0.00641	0.01550	0.01644	0.19544	0.43311	0.11219	0.09002	0.01201	0.00693	0.00197	0.00352	0.01047	0.03450	0.00676
11	0.02455	0.01509	0.01710	0.01311	0.01796	0.01593	0.01083	0.51353	0.02534	0.25619	0.01758	0.01657	0.01186	0.00742	0.00613	0.00185	0.00627	0.00571	0.00657	0.01041
12	0.01615	0.01361	0.01436	0.01264	0.01627	0.01566	0.00991	0.11191	0.65475	0.02709	0.02375	0.02191	0.01774	0.00820	0.00622	0.00205	0.00506	0.00676	0.00622	0.00977
13	0.01669	0.01317	0.01404	0.01224	0.01584	0.01494	0.00963	0.12844	0.56424	0.05987	0.02318	0.02161	0.01720	0.00807	0.00610	0.00200	0.00501	0.00662	0.05150	0.00960
14	0.82811	0.01184	0.00900	0.00805	0.01184	0.01373	0.00663	0.01799	0.01042	0.02746	0.00852	0.00994	0.00663	0.00568	0.00379	0.00189	0.00474	0.00331	0.00379	0.00663
15	0.01704	0.71272	0.03073	0.01083	0.01603	0.02371	0.01059	0.08793	0.01404	0.01678	0.00912	0.01030	0.00811	0.00544	0.00414	0.00136	0.00656	0.00349	0.00296	0.00811
16	0.73269	0.01167	0.00962	0.00839	0.01229	0.01317	0.00691	0.01940	0.01126	0.11368	0.01039	0.01124	0.00765	0.00591	0.00407	0.00189	0.00479	0.00365	0.00424	0.00708
17	0.01563	0.07256	0.47361	0.01502	0.02225	0.01394	0.01757	0.08983	0.01545	0.13063	0.06415	0.01637	0.01261	0.00666	0.00588	0.00188	0.00766	0.00524	0.00397	0.00908
18	0.01684	0.01072	0.03185	0.01183	0.01561	0.00966	0.08567	0.01959	0.01482	0.26683	0.08816	0.02638	0.08917	0.00869	0.00750	0.00187	0.07619	0.03600	0.05073	0.13189
19	0.01333	0.01186	0.01214	0.00928	0.01384	0.08171	0.00730	0.01597	0.01342	0.02002	0.05124	0.01543	0.01231	0.00542	0.00475	0.00108	0.00490	0.00429	0.09373	0.60800
20	0.08643	0.26544	0.21632	0.01298	0.01896	0.03541	0.02605	0.11890	0.05001	0.02146	0.01116	0.01241	0.00875	0.00583	0.00499	0.00162	0.00697	0.00422	0.00350	0.08857
21	0.02167	0.14218	0.01937	0.01421	0.01806	0.44378	0.01130	0.13161	0.06594	0.05888	0.01193	0.01272	0.00937	0.00650	0.00545	0.00163	0.00896	0.00440	0.00397	0.00807
22	0.04666	0.00750	0.00934	0.01006	0.01179	0.00745	0.00843	0.05149	0.01448	0.01926	0.03605	0.13145	0.16634	0.01583	0.00782	0.00255	0.00498	0.43714	0.00559	0.00579
23	0.01410	0.01205	0.01926	0.33247	0.17221	0.01328	0.06967	0.06158	0.07858	0.06393	0.01566	0.09203	0.01323	0.00756	0.00637	0.00202	0.00714	0.00694	0.00392	0.00801
24	0.01618	0.01771	0.08684	0.06520	0.21600	0.14748	0.09578	0.03300	0.06710	0.05444	0.01350	0.01691	0.01085	0.00713	0.02221	0.00196	0.00810	0.02739	0.00365	0.08856
25	0.01632	0.01121	0.01247	0.01085	0.01374	0.01209	0.00828	0.16584	0.26731	0.11467	0.02237	0.09845	0.01917	0.14389	0.01058	0.00268	0.00523	0.00785	0.04878	0.00821
26	0.01045	0.00544	0.00816	0.00816	0.00827	0.00555	0.00555	0.00827	0.00816	0.01098	0.01120	0.01914	0.01109	0.02369	0.09635	0.74206	0.00641	0.00544	0.00272	0.00293
27	0.01515	0.01363	0.02045	0.29514	0.22967	0.04539	0.06175	0.05213	0.11117	0.06035	0.01384	0.01679	0.01055	0.00639	0.00642	0.00196	0.02127	0.00574	0.00374	0.00846
28	0.02627	0.01082	0.01395	0.05435	0.04571	0.01140	0.04718	0.16633	0.07431	0.10743	0.05400	0.06887	0.01869	0.21510	0.01321	0.00302	0.02241	0.00762	0.03192	0.00740
29	0.00758	0.00541	0.00724	0.00866	0.00906	0.00507	0.00589	0.00873	0.01184	0.01576	0.03367	0.74613	0.04023	0.01907	0.00784	0.00250	0.00365	0.05099	0.00568	0.00500
30	0.00783	0.00576	0.00738	0.00859	0.00919	0.00548	0.00582	0.00971	0.04718	0.01616	0.03483	0.70495	0.07736	0.01845	0.00770	0.00244	0.00359	0.01665	0.00571	0.00521
31	0.01499	0.01354	0.02188	0.42014	0.07721	0.01523	0.14043	0.18108	0.01656	0.02191	0.01207	0.01591	0.00897	0.00620	0.00631	0.00198	0.00816	0.00577	0.00359	0.00807
32	0.01471	0.01315	0.02146	0.10757	0.52632	0.01304	0.01623	0.01813	0.01382	0.05504	0.01473	0.01767	0.04934	0.00608	0.00598	0.00177	0.00677	0.00571	0.00342	0.08908
33	0.10744	0.07969	0.01788	0.01348	0.04135	0.03201	0.01080	0.42187	0.08613	0.10682	0.01520	0.01509	0.01095	0.00702	0.00569	0.00182	0.00629	0.00525	0.00558	0.00965
34	0.01014	0.00605	0.00802	0.00875	0.00976	0.00552	0.00609	0.01141	0.01259	0.11475	0.03362	0.64844	0.06634	0.01746	0.00757	0.00239	0.00376	0.01570	0.00594	0.00571
35	0.12656	0.05077	0.01530	0.01112	0.01623	0.01234	0.00887	0.11602	0.01611	0.08112	0.01388	0.01570	0.01112	0.00664	0.00559	0.00164	0.00567	0.00467	0.00488	0.47576
36	0.03622	0.01260	0.01607	0.15256	0.10645	0.02545	0.01151	0.12696	0.10173	0.09643	0.03840	0.02747	0.01286	0.00663	0.00574	0.00169	0.00601	0.00553	0.00460	0.20510

[dist]
# distance from previous block
# <min> <max>
2	6

[block]
# block no. 3 follows, 37 sequences, length 14
# corresponding to MSA columns:
# 1009-1022
name=unknown_D
#
# <colnr> <probs for GDERKNQSTAVLIFYWHMCP>
#	G	D	E	R	K	N	Q	S	T	A	V	L	I	F	Y	W	H	M	C	P
0	0.35136	0.03269	0.03734	0.05601	0.01799	0.17447	0.06267	0.09484	0.02885	0.05514	0.01113	0.01308	0.00863	0.02516	0.00568	0.00193	0.00713	0.00446	0.00394	0.00751
1	0.01000	0.00780	0.03427	0.01047	0.04074	0.00696	0.00795	0.01311	0.04212	0.05014	0.31208	0.22943	0.04207	0.01420	0.00744	0.00225	0.00416	0.15267	0.00598	0.00615
2	0.03046	0.01398	0.05330	0.29656	0.14439	0.01459	0.15726	0.08518	0.01435	0.01988	0.01218	0.03201	0.00970	0.00653	0.00718	0.00202	0.05875	0.00598	0.02781	0.00791
3	0.00896	0.00636	0.00777	0.00771	0.00849	0.00637	0.00528	0.01063	0.03092	0.01623	0.19401	0.04227	0.07564	0.39785	0.10441	0.00487	0.00617	0.05658	0.00470	0.00478
4	0.07142	0.01035	0.01344	0.01058	0.01495	0.00939	0.00866	0.02795	0.05899	0.61321	0.07655	0.02217	0.01802	0.00788	0.00610	0.00191	0.00499	0.00640	0.00722	0.00981
5	0.00857	0.00637	0.00806	0.00834	0.00958	0.00606	0.00611	0.01153	0.05621	0.02044	0.35364	0.30323	0.10734	0.01511	0.00744	0.00219	0.00341	0.05450	0.00618	0.00566
6	0.00884	0.00595	0.00704	0.00716	0.00735	0.00604	0.00434	0.00927	0.00936	0.01278	0.02018	0.09896	0.02277	0.61380	0.11100	0.00595	0.00683	0.00924	0.02906	0.00407
7	0.63785	0.01097	0.00927	0.00814	0.01178	0.01225	0.00666	0.01903	0.01156	0.11598	0.01173	0.01273	0.00870	0.00608	0.00413	0.00184	0.00458	0.00393	0.09580	0.00699
8	0.00775	0.00536	0.00700	0.00831	0.00875	0.00503	0.00558	0.00895	0.01180	0.01616	0.03272	0.72475	0.03865	0.01829	0.00755	0.00241	0.00350	0.01654	0.06589	0.00503
9	0.82811	0.01184	0.00900	0.00805	0.01184	0.01373	0.00663	0.01799	0.01042	0.02746	0.00852	0.00994	0.00663	0.00568	0.00379	0.00189	0.00474	0.00331	0.00379	0.00663
10	0.01637	0.78856	0.03208	0.01047	0.01571	0.02422	0.01047	0.01833	0.01244	0.01440	0.00851	0.00982	0.00786	0.00524	0.00393	0.00131	0.00655	0.00327	0.00262	0.00786
11	0.02051	0.01467	0.01763	0.19160	0.02388	0.01636	0.01248	0.43887	0.06566	0.11308	0.01548	0.01626	0.01091	0.00714	0.00613	0.00191	0.00679	0.00565	0.00549	0.00952
12	0.06537	0.01519	0.01653	0.09872	0.02026	0.05913	0.01129	0.36196	0.10596	0.15860	0.01649	0.01645	0.01161	0.00721	0.00598	0.00189	0.00655	0.00557	0.00571	0.00952
13	0.00874	0.00656	0.00984	0.00984	0.01093	0.00765	0.00765	0.01093	0.00984	0.01421	0.01640	0.02405	0.01530	0.04591	0.76062	0.00984	0.01640	0.00656	0.00328	0.00547

[dist]
# distance from previous block
# <min> <max>
2	4

[block]
# block no. 4 follows, 37 sequences, length 9
# corresponding to MSA columns:
# 1027-1035
name=unknown_E
#
# <colnr> <probs for GDERKNQSTAVLIFYWHMCP>
#	G	D	E	R	K	N	Q	S	T	A	V	L	I	F	Y	W	H	M	C	P
0	0.00881	0.00629	0.00848	0.00848	0.00910	0.00691	0.00596	0.01006	0.00944	0.01320	0.01764	0.03093	0.01829	0.36368	0.44694	0.00816	0.01190	0.00757	0.00346	0.00471
1	0.02033	0.02142	0.01406	0.01273	0.01558	0.49754	0.00962	0.02230	0.01620	0.08362	0.01350	0.01497	0.01056	0.00664	0.00526	0.00157	0.00840	0.00460	0.21408	0.00704
2	0.02234	0.00946	0.01266	0.01027	0.01407	0.00843	0.00825	0.02532	0.04870	0.54503	0.13129	0.09340	0.02389	0.00939	0.00647	0.00196	0.00470	0.00793	0.00722	0.00921
3	0.01589	0.00828	0.01078	0.00946	0.01211	0.00774	0.00747	0.01946	0.06944	0.27844	0.31770	0.03725	0.03526	0.06273	0.00850	0.00228	0.00433	0.07863	0.00668	0.00754
4	0.24972	0.01081	0.01276	0.01010	0.01457	0.01031	0.00834	0.02655	0.01555	0.55010	0.01981	0.01781	0.01279	0.00705	0.00550	0.00189	0.00508	0.00537	0.00652	0.00937
5	0.01156	0.01088	0.01836	0.77016	0.04216	0.01360	0.01700	0.01564	0.01224	0.01564	0.01088	0.01632	0.00816	0.00612	0.00612	0.00204	0.00816	0.00544	0.00272	0.00680
6	0.01308	0.01222	0.02056	0.34882	0.37111	0.01339	0.01712	0.01683	0.01323	0.01796	0.01334	0.02106	0.01160	0.00689	0.00633	0.00201	0.00749	0.07575	0.00316	0.00805
7	0.00746	0.00533	0.00710	0.00852	0.00888	0.00497	0.00568	0.00852	0.01172	0.01563	0.03374	0.78088	0.04049	0.01918	0.00781	0.00249	0.00355	0.01740	0.00568	0.00497
8	0.04696	0.09629	0.02301	0.09190	0.02264	0.01510	0.19608	0.05442	0.01452	0.22199	0.01430	0.01612	0.01039	0.00702	0.00852	0.00202	0.14014	0.00578	0.00435	0.00844

[dist]
# distance from previous block
# <min> <max>
0	13

[block]
# block no. 5 follows, 37 sequences, length 23
# corresponding to MSA columns:
# 1049-1056,1058-1072
name=unknown_F
#
# <colnr> <probs for GDERKNQSTAVLIFYWHMCP>
#	G	D	E	R	K	N	Q	S	T	A	V	L	I	F	Y	W	H	M	C	P
0	0.08782	0.01096	0.01308	0.01053	0.01459	0.04363	0.00853	0.02625	0.05495	0.52064	0.12184	0.02307	0.02023	0.00809	0.00609	0.00189	0.00510	0.00655	0.00688	0.00928
1	0.01156	0.01088	0.01836	0.77016	0.04216	0.01360	0.01700	0.01564	0.01224	0.01564	0.01088	0.01632	0.00816	0.00612	0.00612	0.00204	0.00816	0.00544	0.00272	0.00680
2	0.00769	0.00549	0.00737	0.00879	0.00925	0.00517	0.00609	0.00893	0.01195	0.01589	0.03361	0.71184	0.03998	0.01896	0.00788	0.00252	0.00375	0.08414	0.00568	0.00504
3	0.07491	0.00762	0.00988	0.01018	0.03348	0.00746	0.00742	0.01447	0.01367	0.15215	0.12318	0.35448	0.04580	0.01414	0.00755	0.00227	0.03135	0.07766	0.00583	0.00647
4	0.01425	0.01613	0.03492	0.07621	0.03268	0.01535	0.67655	0.01934	0.01430	0.01934	0.01228	0.01650	0.00921	0.00522	0.00715	0.00206	0.01017	0.00710	0.00307	0.00816
5	0.00746	0.00533	0.00710	0.00852	0.00888	0.00497	0.00568	0.00852	0.01172	0.01563	0.03374	0.78088	0.04049	0.01918	0.00781	0.00249	0.00355	0.01740	0.00568	0.00497
6	0.78104	0.01215	0.00955	0.00840	0.01226	0.01404	0.00692	0.05942	0.01149	0.02811	0.00888	0.01022	0.00685	0.00578	0.00392	0.00189	0.00485	0.00344	0.00392	0.00685
7	0.11063	0.01034	0.01336	0.01062	0.01503	0.00936	0.00881	0.02742	0.01654	0.62509	0.02306	0.02295	0.01561	0.00801	0.00606	0.00196	0.00519	0.05322	0.00705	0.00969
8	0.06860	0.01379	0.04258	0.01594	0.11508	0.04396	0.06290	0.11043	0.14320	0.12881	0.07911	0.04825	0.02990	0.00776	0.00610	0.00187	0.00600	0.00664	0.00517	0.06390
9	0.01375	0.04772	0.29445	0.04827	0.06714	0.01308	0.01495	0.09084	0.01436	0.02098	0.01182	0.03506	0.00952	0.00610	0.00597	0.00162	0.03400	0.00480	0.00340	0.26216
10	0.00992	0.00615	0.00759	0.00798	0.00915	0.00560	0.00554	0.01115	0.01248	0.09566	0.03602	0.43294	0.17517	0.11338	0.01034	0.00273	0.00392	0.01379	0.03502	0.00547
11	0.01228	0.00670	0.00773	0.00715	0.00926	0.00609	0.00547	0.01464	0.01469	0.14042	0.16487	0.06314	0.21960	0.01086	0.00604	0.00180	0.00334	0.00911	0.29049	0.00632
12	0.03128	0.17818	0.36189	0.01363	0.02037	0.04367	0.01535	0.04868	0.01373	0.04470	0.01135	0.01289	0.00866	0.00570	0.00514	0.00161	0.00734	0.00423	0.03730	0.13428
13	0.01116	0.00921	0.01435	0.45974	0.02893	0.01054	0.01243	0.01436	0.01310	0.04800	0.13430	0.08543	0.04248	0.05795	0.00801	0.00227	0.00641	0.00774	0.00399	0.02958
14	0.69632	0.01168	0.00970	0.00848	0.01225	0.01322	0.00696	0.04952	0.01206	0.07458	0.04986	0.01281	0.01013	0.00625	0.00423	0.00189	0.00475	0.00402	0.00430	0.00699
15	0.00802	0.00578	0.00791	0.00873	0.00928	0.00592	0.00608	0.00932	0.01082	0.01477	0.02673	0.46283	0.03060	0.11120	0.24622	0.00517	0.00784	0.01308	0.00471	0.00499
16	0.68618	0.01195	0.01015	0.00873	0.01269	0.01344	0.00719	0.05805	0.01229	0.11669	0.01077	0.01154	0.00788	0.00601	0.00421	0.00189	0.00490	0.00378	0.00438	0.00730
17	0.01637	0.78856	0.03208	0.01047	0.01571	0.02422	0.01047	0.01833	0.01244	0.01440	0.00851	0.00982	0.00786	0.00524	0.00393	0.00131	0.00655	0.00327	0.00262	0.00786
18	0.01720	0.57081	0.13081	0.01166	0.01736	0.02108	0.01208	0.05175	0.01375	0.08869	0.01068	0.01156	0.00868	0.00564	0.00451	0.00148	0.00677	0.00383	0.00326	0.00839
19	0.12832	0.01517	0.02442	0.06633	0.02459	0.09093	0.38202	0.01942	0.01398	0.05357	0.01295	0.01602	0.00978	0.00577	0.00608	0.00190	0.00830	0.00599	0.10686	0.00759
20	0.01755	0.01385	0.01654	0.01389	0.01662	0.01665	0.01131	0.17871	0.26396	0.09488	0.01686	0.01764	0.01290	0.00884	0.01091	0.00221	0.26665	0.00601	0.00513	0.00890
21	0.02888	0.01417	0.14811	0.01149	0.01687	0.00947	0.04294	0.01829	0.01400	0.15401	0.07055	0.05004	0.03139	0.00683	0.00557	0.00151	0.00555	0.00576	0.00451	0.36007
22	0.10207	0.01672	0.04600	0.08385	0.01752	0.26464	0.01043	0.01834	0.01362	0.07527	0.01520	0.12126	0.01429	0.04537	0.09139	0.00297	0.04379	0.00664	0.00387	0.00674

[dist]
# distance from previous block
# <min> <max>
0	1

[block]
# block no. 6 follows, 37 sequences, length 11
# corresponding to MSA columns:
# 1074-1084
name=unknown_G
#
# <colnr> <probs for GDERKNQSTAVLIFYWHMCP>
#	G	D	E	R	K	N	Q	S	T	A	V	L	I	F	Y	W	H	M	C	P
0	0.82811	0.01184	0.00900	0.00805	0.01184	0.01373	0.00663	0.01799	0.01042	0.02746	0.00852	0.00994	0.00663	0.00568	0.00379	0.00189	0.00474	0.00331	0.00379	0.00663
1	0.01066	0.00670	0.00895	0.00863	0.01023	0.00659	0.00658	0.01291	0.01380	0.09783	0.25219	0.10301	0.09361	0.05007	0.22318	0.00440	0.00729	0.03781	0.03955	0.00598
2	0.01020	0.01258	0.18903	0.01052	0.01279	0.00875	0.00964	0.01175	0.01007	0.01416	0.01627	0.10181	0.01723	0.29957	0.04871	0.14717	0.06343	0.00772	0.00336	0.00524
3	0.46812	0.01232	0.01362	0.06424	0.01685	0.01346	0.06890	0.09612	0.01401	0.13413	0.01239	0.01352	0.00894	0.00618	0.00486	0.00190	0.00567	0.00454	0.03251	0.00772
4	0.01740	0.28893	0.08193	0.01076	0.01550	0.01438	0.01002	0.02032	0.03205	0.21957	0.04152	0.09832	0.01550	0.00768	0.00536	0.00164	0.00566	0.00610	0.00466	0.10267
5	0.00787	0.00556	0.00717	0.00809	0.00852	0.00525	0.00534	0.00898	0.01194	0.01611	0.12293	0.55329	0.03946	0.15529	0.01191	0.00303	0.00389	0.01506	0.00547	0.00485
6	0.06403	0.35875	0.02224	0.01160	0.01603	0.22083	0.01000	0.02056	0.03870	0.05999	0.01203	0.01296	0.02964	0.00601	0.00472	0.00145	0.00722	0.00407	0.00344	0.09572
7	0.10316	0.09942	0.05194	0.04232	0.01644	0.01273	0.00941	0.07147	0.10731	0.07726	0.04976	0.01594	0.01277	0.00618	0.00511	0.00150	0.00533	0.00480	0.00441	0.30274
8	0.01034	0.00542	0.00776	0.00776	0.00776	0.00542	0.00505	0.00813	0.00813	0.01084	0.01208	0.02220	0.01258	0.14903	0.02513	0.68538	0.00542	0.00592	0.00283	0.00283
9	0.00854	0.00622	0.00761	0.00837	0.00921	0.00608	0.00576	0.01111	0.07321	0.01695	0.06822	0.49584	0.09004	0.09980	0.00999	0.00272	0.00387	0.02960	0.04152	0.00534
10	0.03186	0.10332	0.27324	0.04950	0.02313	0.01411	0.13623	0.02176	0.05498	0.17138	0.02837	0.01612	0.01117	0.00625	0.00591	0.00186	0.00758	0.00544	0.00406	0.03373

[dist]
# distance from previous block
# <min> <max>
0	1

[block]
# block no. 7 follows, 37 sequences, length 10
# corresponding to MSA columns:
# 1086-1095
name=unknown_H
#
# <colnr> <probs for GDERKNQSTAVLIFYWHMCP>
#	G	D	E	R	K	N	Q	S	T	A	V	L	I	F	Y	W	H	M	C	P
0	0.01558	0.01359	0.08783	0.06680	0.18617	0.01206	0.05401	0.09767	0.05879	0.11878	0.09359	0.04808	0.05251	0.00796	0.00626	0.00191	0.00614	0.00701	0.05676	0.00850
1	0.00788	0.00558	0.00732	0.00845	0.00891	0.00529	0.00576	0.00906	0.01188	0.01590	0.07388	0.59463	0.03890	0.11170	0.01066	0.00290	0.00396	0.06692	0.00550	0.00492
2	0.01258	0.00722	0.00970	0.00991	0.04214	0.00714	0.00669	0.03444	0.05750	0.09457	0.02051	0.14512	0.05869	0.04665	0.01552	0.37737	0.00492	0.00806	0.03611	0.00516
3	0.07145	0.02908	0.01565	0.01426	0.10422	0.01164	0.03755	0.08853	0.09774	0.16414	0.05833	0.06231	0.01596	0.00735	0.00576	0.00170	0.00538	0.00623	0.00512	0.19760
4	0.07286	0.06297	0.06358	0.01505	0.08489	0.01284	0.07817	0.09882	0.05563	0.30267	0.03550	0.02014	0.05458	0.00734	0.00601	0.00188	0.00615	0.00618	0.00551	0.00922
5	0.00944	0.00662	0.00825	0.00856	0.00988	0.00624	0.00624	0.05187	0.01453	0.04549	0.17974	0.40840	0.15017	0.01603	0.00748	0.00227	0.00371	0.05338	0.00599	0.00571
6	0.12321	0.00951	0.04284	0.01183	0.08162	0.00905	0.00821	0.05741	0.01291	0.01913	0.02784	0.33042	0.12694	0.06997	0.00901	0.00248	0.03540	0.01124	0.00479	0.00618
7	0.07538	0.01280	0.05484	0.07598	0.14616	0.01156	0.13498	0.01918	0.01427	0.16468	0.05421	0.02135	0.07743	0.00717	0.00632	0.00186	0.01808	0.00647	0.01800	0.07929
8	0.01427	0.04992	0.01559	0.13384	0.06368	0.06707	0.02456	0.10385	0.04390	0.06264	0.02088	0.22778	0.04472	0.01090	0.00770	0.00212	0.06926	0.02545	0.00460	0.00726
9	0.01209	0.05005	0.07598	0.06747	0.04124	0.05830	0.01010	0.04171	0.01232	0.01680	0.01618	0.10251	0.01603	0.11101	0.12687	0.02812	0.05975	0.03439	0.03620	0.08288

[dist]
# distance from previous block
# <min> <max>
46	150

[block]
# block no. 8 follows, 37 sequences, length 29
# corresponding to MSA columns:
# 1274-1302
name=unknown_I
#
# <colnr> <probs for GDERKNQSTAVLIFYWHMCP>
#	G	D	E	R	K	N	Q	S	T	A	V	L	I	F	Y	W	H	M	C	P
0	0.27336	0.01287	0.05800	0.10422	0.09484	0.01271	0.02824	0.05497	0.04489	0.11249	0.03583	0.04389	0.01283	0.00724	0.00576	0.00194	0.02008	0.02969	0.00437	0.04177
1	0.01089	0.00827	0.00969	0.00823	0.01152	0.00665	0.00627	0.01292	0.01326	0.06353	0.04846	0.18583	0.22479	0.01104	0.00614	0.00165	0.00393	0.00943	0.00495	0.35256
2	0.01134	0.00702	0.00917	0.04613	0.01159	0.00683	0.00675	0.01308	0.01314	0.12755	0.10949	0.21594	0.15028	0.11535	0.07385	0.00330	0.02099	0.03145	0.02080	0.00596
3	0.01163	0.04365	0.11112	0.06328	0.01756	0.00982	0.08627	0.01495	0.04389	0.04781	0.02187	0.22050	0.04356	0.01204	0.00819	0.07127	0.00599	0.08224	0.00433	0.08001
4	0.13171	0.01044	0.01332	0.01054	0.01499	0.00953	0.00873	0.02746	0.01643	0.62122	0.02249	0.02169	0.01499	0.00777	0.00595	0.00194	0.00517	0.03896	0.00699	0.00969
5	0.01504	0.01377	0.01683	0.16096	0.11215	0.07083	0.03436	0.10148	0.19852	0.02246	0.06198	0.02004	0.03841	0.00724	0.00605	0.00183	0.00643	0.00615	0.00453	0.10093
6	0.00822	0.00594	0.00777	0.00804	0.00912	0.00550	0.00581	0.01040	0.01512	0.02091	0.44679	0.31002	0.07448	0.01512	0.00747	0.00215	0.00321	0.03217	0.00629	0.00546
7	0.01382	0.01188	0.08448	0.03735	0.01527	0.01063	0.00971	0.05657	0.22830	0.10668	0.21561	0.11865	0.02981	0.01045	0.00667	0.00205	0.00485	0.02331	0.00596	0.00795
8	0.05416	0.01315	0.11213	0.01324	0.07804	0.01088	0.01073	0.10631	0.06907	0.14826	0.18698	0.05248	0.04251	0.00901	0.00627	0.00193	0.00528	0.02184	0.04957	0.00819
9	0.02216	0.02770	0.01702	0.01546	0.01865	0.69158	0.01163	0.02519	0.08359	0.01596	0.01089	0.01213	0.00888	0.00649	0.00558	0.00162	0.01047	0.00422	0.00344	0.00734
10	0.01500	0.15369	0.19544	0.11321	0.15805	0.01506	0.06243	0.01984	0.05012	0.09064	0.05814	0.01676	0.01266	0.00635	0.00580	0.00183	0.00728	0.00546	0.00366	0.00859
11	0.01156	0.01088	0.01836	0.77016	0.04216	0.01360	0.01700	0.01564	0.01224	0.01564	0.01088	0.01632	0.00816	0.00612	0.00612	0.00204	0.00816	0.00544	0.00272	0.00680
12	0.00747	0.00574	0.00685	0.00757	0.00867	0.00511	0.00530	0.00887	0.01304	0.01671	0.10309	0.44410	0.31107	0.01722	0.00754	0.00228	0.00332	0.01516	0.00577	0.00511
13	0.01614	0.01330	0.01413	0.01250	0.01610	0.01524	0.00979	0.07545	0.66712	0.05134	0.02425	0.02226	0.01805	0.00822	0.00622	0.00206	0.00497	0.00681	0.00627	0.00976
14	0.02597	0.05057	0.01553	0.01117	0.01597	0.01086	0.00931	0.10689	0.01838	0.61108	0.02189	0.01934	0.01406	0.00734	0.00599	0.00183	0.00543	0.00586	0.00704	0.03550
15	0.07381	0.08631	0.24302	0.01321	0.01926	0.01356	0.02786	0.11505	0.01610	0.23063	0.01534	0.03086	0.01096	0.00662	0.00562	0.00179	0.00669	0.00518	0.00472	0.07344
16	0.15683	0.45365	0.05408	0.01101	0.01589	0.09459	0.01034	0.03789	0.01351	0.08871	0.01038	0.01128	0.00841	0.00572	0.00441	0.00153	0.00667	0.00373	0.00344	0.00793
17	0.01089	0.00607	0.00898	0.00873	0.00873	0.00657	0.00607	0.00861	0.00811	0.01102	0.01039	0.01812	0.01039	0.02028	0.02356	0.74517	0.07728	0.00532	0.00266	0.00304
18	0.01475	0.05244	0.13046	0.01209	0.01558	0.08013	0.01080	0.10180	0.13548	0.04500	0.01817	0.02259	0.05205	0.08159	0.04690	0.11186	0.03004	0.02679	0.00424	0.00725
19	0.01445	0.01651	0.03612	0.02580	0.03199	0.01548	0.72446	0.01961	0.01445	0.01961	0.01238	0.01651	0.00929	0.00516	0.00722	0.00206	0.01032	0.00722	0.00310	0.00826
20	0.01668	0.60010	0.11913	0.01200	0.01744	0.11521	0.01214	0.01923	0.01311	0.01509	0.00893	0.01035	0.00785	0.00544	0.00436	0.00142	0.00742	0.00351	0.00268	0.00791
21	0.01052	0.00820	0.00978	0.00904	0.01106	0.00845	0.00688	0.01748	0.22027	0.02485	0.54045	0.03926	0.04672	0.01132	0.00694	0.00197	0.00344	0.00990	0.00659	0.00688
22	0.01156	0.01088	0.01836	0.77016	0.04216	0.01360	0.01700	0.01564	0.01224	0.01564	0.01088	0.01632	0.00816	0.00612	0.00612	0.00204	0.00816	0.00544	0.00272	0.00680
23	0.01457	0.01373	0.01839	0.05151	0.01740	0.04825	0.01323	0.01611	0.01034	0.06044	0.00923	0.01390	0.00848	0.01012	0.01797	0.00255	0.65849	0.00535	0.00300	0.00695
24	0.00761	0.00579	0.00701	0.00760	0.00873	0.00519	0.00536	0.00918	0.01352	0.01762	0.17767	0.40343	0.27576	0.01670	0.00751	0.00224	0.00328	0.01472	0.00588	0.00519
25	0.01291	0.02148	0.38565	0.13984	0.05073	0.01336	0.03450	0.04076	0.09566	0.03668	0.09424	0.01863	0.01495	0.00695	0.00613	0.00196	0.00756	0.00583	0.00372	0.00846
26	0.00794	0.00566	0.00683	0.00756	0.00802	0.00534	0.00485	0.00869	0.01101	0.01441	0.03232	0.42340	0.12638	0.29024	0.01602	0.00365	0.00434	0.01380	0.00498	0.00455
27	0.05101	0.31463	0.05980	0.03964	0.01940	0.10946	0.09061	0.11828	0.01572	0.06117	0.01274	0.01410	0.03271	0.00636	0.00567	0.00168	0.03041	0.00478	0.00366	0.00816
28	0.04339	0.00687	0.00810	0.00800	0.00976	0.00645	0.00597	0.01274	0.04437	0.07472	0.22601	0.20698	0.22462	0.03057	0.00756	0.00219	0.00360	0.03971	0.03246	0.00593

[dist]
# distance from previous block
# <min> <max>
0	37

[block]
# block no. 9 follows, 37 sequences, length 18
# corresponding to MSA columns:
# 1340-1357
name=unknown_J
#
# <colnr> <probs for GDERKNQSTAVLIFYWHMCP>
#	G	D	E	R	K	N	Q	S	T	A	V	L	I	F	Y	W	H	M	C	P
0	0.13583	0.07325	0.06950	0.03766	0.04205	0.01333	0.06802	0.11535	0.03724	0.08871	0.01592	0.05180	0.03940	0.00711	0.00585	0.00175	0.02542	0.00573	0.03286	0.13322
1	0.04107	0.00804	0.01029	0.00921	0.01147	0.00750	0.02983	0.04171	0.02868	0.13509	0.16925	0.22309	0.08776	0.10083	0.00958	0.00247	0.00440	0.01059	0.00570	0.06343
2	0.09044	0.01285	0.05317	0.01110	0.01562	0.01154	0.03024	0.14361	0.08625	0.09574	0.07806	0.03390	0.01582	0.03312	0.00641	0.00175	0.00533	0.00575	0.00496	0.26433
3	0.00879	0.00639	0.00900	0.00900	0.00980	0.00720	0.00661	0.01039	0.00959	0.01359	0.01716	0.02829	0.01714	0.24150	0.56754	0.00880	0.01363	0.00718	0.00339	0.00500
4	0.12151	0.01445	0.07237	0.21930	0.06445	0.01418	0.12597	0.11439	0.01528	0.11071	0.01288	0.01534	0.00937	0.00630	0.00638	0.00195	0.03253	0.00542	0.00400	0.03324
5	0.02298	0.01023	0.01347	0.01028	0.01494	0.00860	0.00840	0.02546	0.01646	0.54300	0.07021	0.02076	0.01673	0.00725	0.00588	0.00168	0.00490	0.00594	0.00666	0.18616
6	0.82811	0.01184	0.00900	0.00805	0.01184	0.01373	0.00663	0.01799	0.01042	0.02746	0.00852	0.00994	0.00663	0.00568	0.00379	0.00189	0.00474	0.00331	0.00379	0.00663
7	0.01787	0.66942	0.02953	0.01069	0.01585	0.02235	0.01037	0.05250	0.01374	0.09432	0.01047	0.01122	0.00875	0.00559	0.00427	0.00140	0.00641	0.00369	0.00331	0.00825
8	0.00801	0.00623	0.00728	0.00701	0.00874	0.00550	0.00526	0.01028	0.01578	0.02088	0.43150	0.05176	0.37201	0.01388	0.00723	0.00199	0.00299	0.01192	0.00626	0.00550
9	0.02572	0.00994	0.01343	0.01050	0.01486	0.00864	0.00859	0.02806	0.01701	0.67904	0.02431	0.05259	0.01624	0.00803	0.00612	0.00189	0.00501	0.00660	0.05348	0.00992
10	0.01076	0.02868	0.00958	0.00852	0.01024	0.00740	0.00644	0.03658	0.06189	0.05710	0.42022	0.13905	0.04182	0.01378	0.03232	0.04297	0.00400	0.01031	0.05218	0.00618
11	0.01025	0.00751	0.00913	0.00933	0.01066	0.00674	0.00667	0.01173	0.01602	0.02197	0.37526	0.28966	0.14021	0.01637	0.00827	0.00253	0.00399	0.04043	0.00679	0.00649
12	0.00925	0.00751	0.01139	0.01090	0.01216	0.00837	0.04839	0.01138	0.01111	0.01550	0.04173	0.14919	0.06334	0.03157	0.41620	0.00644	0.07621	0.05970	0.00401	0.00565
13	0.01370	0.01085	0.01280	0.00919	0.01458	0.00822	0.00737	0.01639	0.01302	0.06968	0.01178	0.01325	0.00948	0.00474	0.00464	0.00097	0.00458	0.00380	0.00390	0.76706
14	0.01387	0.04980	0.44158	0.12552	0.02625	0.01467	0.04315	0.12231	0.01506	0.02137	0.01203	0.01488	0.00898	0.03124	0.00666	0.00203	0.00824	0.00503	0.02874	0.00858
15	0.02287	0.02917	0.01735	0.01577	0.01892	0.76030	0.01183	0.02444	0.01735	0.01498	0.00946	0.01104	0.00788	0.00631	0.00552	0.00158	0.01104	0.00394	0.00315	0.00710
16	0.01533	0.10035	0.03081	0.03518	0.01480	0.04857	0.00889	0.08871	0.07707	0.12356	0.23409	0.04958	0.04453	0.00914	0.00616	0.00179	0.00511	0.02255	0.00553	0.07821
17	0.06172	0.08630	0.05033	0.03665	0.04043	0.03026	0.04427	0.02021	0.10795	0.13852	0.03451	0.04479	0.05723	0.00778	0.00641	0.02438	0.02104	0.00603	0.00460	0.17658

[dist]
# distance from previous block
# <min> <max>
0	3

[block]
# block no. 10 follows, 37 sequences, length 8
# corresponding to MSA columns:
# 1361-1368
name=unknown_K
#
# <colnr> <probs for GDERKNQSTAVLIFYWHMCP>
#	G	D	E	R	K	N	Q	S	T	A	V	L	I	F	Y	W	H	M	C	P
0	0.18947	0.08097	0.13819	0.05143	0.01751	0.01359	0.01147	0.04607	0.04570	0.17888	0.04493	0.03498	0.01288	0.00739	0.00668	0.00194	0.07459	0.00540	0.02979	0.00814
1	0.00963	0.00646	0.00815	0.00772	0.00942	0.00582	0.00579	0.01207	0.01621	0.07402	0.50170	0.11200	0.18129	0.01331	0.00720	0.00200	0.00315	0.01163	0.00651	0.00592
2	0.05743	0.35676	0.11184	0.04060	0.01949	0.07015	0.06178	0.10392	0.01532	0.09322	0.01154	0.01267	0.00894	0.00591	0.00505	0.00163	0.00727	0.00438	0.00366	0.00844
3	0.01731	0.11260	0.06903	0.31090	0.04599	0.01431	0.01373	0.06429	0.06592	0.20375	0.01518	0.01673	0.01078	0.00657	0.00583	0.00189	0.00692	0.00539	0.00439	0.00850
4	0.00971	0.00730	0.04169	0.00872	0.00981	0.00630	0.00656	0.01117	0.01176	0.05135	0.05639	0.28984	0.03062	0.27386	0.01542	0.00358	0.00495	0.12053	0.03529	0.00516
5	0.00946	0.00604	0.00777	0.00851	0.00961	0.00549	0.00603	0.01081	0.01275	0.08652	0.03728	0.55852	0.15037	0.01737	0.00759	0.00238	0.00374	0.04835	0.00586	0.00556
6	0.03853	0.03680	0.06771	0.10013	0.13757	0.07100	0.08215	0.09528	0.04440	0.16794	0.06632	0.01818	0.01398	0.00695	0.00646	0.00190	0.02544	0.00593	0.00461	0.00874
7	0.01276	0.00830	0.01176	0.12008	0.05419	0.00856	0.00911	0.01580	0.03682	0.14234	0.10775	0.07413	0.11044	0.01861	0.17997	0.00381	0.00760	0.03223	0.03891	0.00684

[dist]
# distance from previous block
# <min> <max>
13	91

[block]
# block no. 11 follows, 37 sequences, length 6
# corresponding to MSA columns:
# 1465-1470
name=unknown_L
#
# <colnr> <probs for GDERKNQSTAVLIFYWHMCP>
#	G	D	E	R	K	N	Q	S	T	A	V	L	I	F	Y	W	H	M	C	P
0	0.05373	0.01155	0.01748	0.06377	0.04647	0.04909	0.18308	0.01656	0.01395	0.07914	0.12876	0.08194	0.02089	0.08221	0.00870	0.00224	0.00643	0.00770	0.03362	0.09268
1	0.04003	0.03991	0.01331	0.01108	0.01376	0.07404	0.00859	0.06451	0.15546	0.09221	0.07046	0.13037	0.02046	0.07993	0.00971	0.00231	0.07805	0.00779	0.00504	0.08297
2	0.04663	0.27064	0.02015	0.06544	0.01676	0.01635	0.00984	0.12414	0.01454	0.06650	0.01218	0.01593	0.01054	0.09607	0.00902	0.00208	0.06459	0.00482	0.00380	0.12996
3	0.01040	0.00692	0.00861	0.00852	0.00948	0.00690	0.00593	0.09089	0.01308	0.01749	0.10435	0.26756	0.07129	0.12941	0.01499	0.20908	0.00461	0.01078	0.00480	0.00493
4	0.01279	0.01065	0.01243	0.00933	0.01416	0.00850	0.00736	0.06112	0.01363	0.02067	0.01374	0.10068	0.01275	0.00639	0.00501	0.00115	0.00457	0.00533	0.00403	0.67571
5	0.09132	0.01418	0.05387	0.06748	0.06984	0.01411	0.01124	0.30456	0.04284	0.07401	0.12519	0.01956	0.01740	0.00754	0.00596	0.00182	0.00593	0.00606	0.00529	0.06181

[dist]
# distance from previous block
# <min> <max>
0	1

[block]
# block no. 12 follows, 37 sequences, length 34
# corresponding to MSA columns:
# 1472-1488,1490-1506
name=unknown_M
#
# <colnr> <probs for GDERKNQSTAVLIFYWHMCP>
#	G	D	E	R	K	N	Q	S	T	A	V	L	I	F	Y	W	H	M	C	P
0	0.05718	0.01276	0.05366	0.09253	0.04099	0.06908	0.03169	0.01637	0.01376	0.05953	0.13738	0.06925	0.01930	0.00791	0.00672	0.00170	0.05617	0.00646	0.00423	0.24333
1	0.07791	0.00837	0.00931	0.00838	0.01080	0.00848	0.00654	0.07456	0.06640	0.11519	0.16992	0.06878	0.05603	0.00946	0.00576	0.00181	0.00386	0.02106	0.27039	0.00698
2	0.01609	0.01330	0.01454	0.05311	0.01743	0.01519	0.01018	0.16159	0.51238	0.02745	0.07272	0.02255	0.01930	0.00830	0.00627	0.00202	0.00524	0.00687	0.00606	0.00940
3	0.01076	0.00658	0.00860	0.00880	0.01019	0.00612	0.00640	0.01304	0.03823	0.11676	0.19581	0.43460	0.06452	0.01552	0.00740	0.00226	0.00372	0.03842	0.00620	0.00608
4	0.03412	0.03625	0.12909	0.47143	0.04545	0.01364	0.01609	0.02968	0.01276	0.05649	0.01258	0.01655	0.02073	0.00767	0.02922	0.00224	0.03806	0.00538	0.01518	0.00739
5	0.15488	0.34184	0.14138	0.05408	0.03718	0.01819	0.03615	0.01857	0.05095	0.01851	0.01117	0.04435	0.00970	0.00641	0.00536	0.00173	0.03395	0.00465	0.00317	0.00778
6	0.00801	0.00562	0.00737	0.00809	0.00882	0.00521	0.00559	0.00924	0.01296	0.01747	0.20878	0.47748	0.09805	0.01742	0.00900	0.07225	0.00350	0.01446	0.00568	0.00499
7	0.00826	0.00576	0.00726	0.00795	0.00838	0.00553	0.00526	0.00928	0.01158	0.01559	0.11639	0.38868	0.03596	0.28442	0.01589	0.00364	0.00443	0.05595	0.00512	0.00467
8	0.01748	0.01276	0.01587	0.17806	0.05054	0.01423	0.01172	0.14189	0.30153	0.13958	0.02048	0.02038	0.03265	0.00763	0.00620	0.00199	0.00599	0.00634	0.00552	0.00918
9	0.01413	0.01319	0.05079	0.21512	0.25506	0.01368	0.05337	0.03667	0.07010	0.05869	0.01355	0.01723	0.01076	0.01089	0.09220	0.00288	0.05415	0.00578	0.00352	0.00825
10	0.00985	0.00614	0.00777	0.00775	0.00890	0.00661	0.00582	0.01213	0.01129	0.01795	0.04875	0.02598	0.01791	0.09880	0.34979	0.00569	0.00929	0.00662	0.33756	0.00541
11	0.01230	0.00685	0.00940	0.05058	0.01224	0.00641	0.00706	0.01395	0.01346	0.18270	0.08020	0.51543	0.03420	0.01537	0.00730	0.00229	0.00413	0.01376	0.00602	0.00636
12	0.01863	0.62987	0.02843	0.01056	0.01569	0.02112	0.01017	0.02068	0.01347	0.16460	0.01170	0.01207	0.00934	0.00571	0.00438	0.00143	0.00627	0.00386	0.00363	0.00838
13	0.00759	0.00598	0.00686	0.00714	0.00862	0.00524	0.00516	0.00929	0.01406	0.01796	0.19665	0.25028	0.41170	0.01587	0.00739	0.00215	0.00318	0.01374	0.00590	0.00524
14	0.05845	0.01178	0.01438	0.01245	0.01488	0.08013	0.10008	0.04740	0.10305	0.07644	0.02092	0.22048	0.02064	0.10997	0.01054	0.00261	0.05242	0.00925	0.02724	0.00689
15	0.34266	0.01454	0.10504	0.01134	0.01618	0.01299	0.02831	0.07972	0.07144	0.23882	0.01529	0.01507	0.01059	0.00658	0.00520	0.00191	0.00572	0.00486	0.00511	0.00863
16	0.01318	0.01056	0.01212	0.03591	0.01465	0.01071	0.00830	0.05681	0.28310	0.04404	0.06202	0.17082	0.04314	0.00985	0.00621	0.00186	0.00458	0.00846	0.00544	0.19825
17	0.01332	0.01041	0.01236	0.00915	0.01414	0.00797	0.00725	0.01588	0.01296	0.07098	0.01361	0.07370	0.01197	0.00590	0.00491	0.00110	0.00450	0.00489	0.00407	0.70094
18	0.01325	0.01537	0.14474	0.42178	0.07124	0.01391	0.01632	0.07969	0.06477	0.01956	0.01225	0.01570	0.00918	0.00617	0.00595	0.00191	0.00762	0.00525	0.00333	0.07201
19	0.01193	0.01132	0.01905	0.61657	0.03791	0.01307	0.07144	0.01592	0.01247	0.01649	0.01100	0.01588	0.00836	0.00585	0.00601	0.00190	0.00788	0.00535	0.00286	0.10874
20	0.01836	0.07399	0.22523	0.10082	0.02310	0.01640	0.01495	0.30852	0.05088	0.08788	0.01401	0.01491	0.00998	0.00669	0.00589	0.00187	0.00733	0.00518	0.00462	0.00940
21	0.01465	0.18470	0.01462	0.00884	0.01124	0.01158	0.00681	0.07093	0.01308	0.13230	0.05614	0.02848	0.01884	0.38263	0.01778	0.00371	0.00586	0.00704	0.00443	0.00635
22	0.00816	0.00562	0.00690	0.00763	0.00782	0.00544	0.00473	0.00871	0.01036	0.01381	0.02676	0.42316	0.03168	0.38891	0.01908	0.00415	0.00470	0.01330	0.00473	0.00436
23	0.12234	0.04302	0.32818	0.19311	0.02562	0.01360	0.01619	0.04617	0.01315	0.07591	0.01221	0.01553	0.00924	0.05250	0.00711	0.00217	0.00762	0.00497	0.00337	0.00800
24	0.01552	0.01176	0.01874	0.30305	0.10939	0.01244	0.09349	0.07886	0.01526	0.14833	0.02060	0.02254	0.10797	0.00755	0.00639	0.00198	0.00699	0.00677	0.00434	0.00802
25	0.00817	0.00566	0.00738	0.00852	0.00923	0.00522	0.00591	0.00941	0.01223	0.03787	0.03606	0.65076	0.10622	0.01836	0.00774	0.00245	0.00367	0.05420	0.00574	0.00519
26	0.02436	0.01428	0.01651	0.01279	0.01751	0.01483	0.01059	0.44102	0.02406	0.30366	0.01885	0.01892	0.01306	0.00777	0.00622	0.00189	0.00613	0.03066	0.00665	0.01024
27	0.01053	0.00754	0.01047	0.00990	0.01154	0.00713	0.05071	0.05290	0.01329	0.05725	0.07468	0.44354	0.03164	0.09062	0.03909	0.00286	0.00500	0.01284	0.00529	0.06317
28	0.00872	0.00598	0.00728	0.00744	0.00767	0.00614	0.00462	0.00922	0.00937	0.01269	0.02033	0.11684	0.02298	0.57103	0.15849	0.00626	0.00754	0.00940	0.00384	0.00416
