[name]
unknown

[dist]
# distance from previous block
# <min> <max>
0	14

[block]
# block no. 0 follows, 44 sequences, length 13
# corresponding to MSA columns:
# 14-26
name=unknown_A
#
# <colnr> <probs for GDERKNQSTAVLIFYWHMCP>
#	G	D	E	R	K	N	Q	S	T	A	V	L	I	F	Y	W	H	M	C	P
0	0.01516	0.06027	0.01307	0.01109	0.01358	0.34616	0.00861	0.08288	0.06900	0.01675	0.07157	0.02483	0.08973	0.06255	0.00704	0.00190	0.00681	0.08887	0.00395	0.00618
1	0.01233	0.08571	0.60268	0.01462	0.02166	0.06561	0.01770	0.04428	0.05381	0.01758	0.01033	0.01173	0.00754	0.00534	0.00507	0.00167	0.00773	0.00406	0.00263	0.00793
2	0.01453	0.12588	0.06202	0.22340	0.12216	0.01446	0.08509	0.14828	0.06972	0.06476	0.01183	0.01384	0.00890	0.00558	0.00526	0.00166	0.00659	0.00483	0.00350	0.00771
3	0.01291	0.01247	0.01283	0.01244	0.06459	0.17508	0.00911	0.09707	0.01246	0.01597	0.01182	0.01595	0.01044	0.02179	0.35804	0.00480	0.08182	0.00490	0.00314	0.06234
4	0.01016	0.00508	0.00508	0.00508	0.00635	0.00508	0.00381	0.01270	0.01143	0.02033	0.01778	0.02033	0.01397	0.00635	0.00381	0.00127	0.00254	0.00508	0.83867	0.00508
5	0.01432	0.01209	0.01275	0.01125	0.01447	0.01391	0.00881	0.10584	0.68644	0.02403	0.02123	0.01957	0.01586	0.00731	0.00554	0.00183	0.00449	0.00603	0.00554	0.00870
6	0.00746	0.00541	0.00643	0.00634	0.00726	0.00503	0.00434	0.00885	0.01206	0.01624	0.33302	0.09308	0.18568	0.26976	0.01336	0.00293	0.00353	0.00995	0.00488	0.00439
7	0.00841	0.00652	0.00786	0.00849	0.00951	0.00676	0.00597	0.01305	0.20297	0.01619	0.02804	0.60455	0.03110	0.01461	0.00660	0.00212	0.00346	0.01312	0.00518	0.00550
8	0.00691	0.00500	0.00628	0.00705	0.00759	0.00464	0.00471	0.00795	0.01082	0.01436	0.10794	0.53059	0.11910	0.12869	0.00980	0.00256	0.00336	0.01338	0.00491	0.00436
9	0.07174	0.01324	0.01611	0.01269	0.01600	0.13223	0.15134	0.06669	0.01290	0.11732	0.01211	0.01589	0.01004	0.11075	0.00941	0.00208	0.08851	0.00505	0.00362	0.13227
10	0.04394	0.01307	0.01621	0.01287	0.01679	0.01406	0.10891	0.33998	0.22037	0.02633	0.01605	0.03742	0.01265	0.00698	0.00559	0.00173	0.00568	0.03963	0.00489	0.05686
11	0.12306	0.37498	0.11850	0.00971	0.01422	0.02962	0.00960	0.01686	0.02522	0.08509	0.05993	0.03381	0.01135	0.00575	0.00426	0.00141	0.00544	0.00418	0.00330	0.06370
12	0.09220	0.01022	0.06353	0.01325	0.14470	0.00954	0.00916	0.01652	0.17530	0.03632	0.21194	0.10778	0.04517	0.00897	0.00575	0.00181	0.00436	0.03203	0.00468	0.00677

[dist]
# distance from previous block
# <min> <max>
1	6

[block]
# block no. 1 follows, 44 sequences, length 72
# corresponding to MSA columns:
# 33-104
name=unknown_B
#
# <colnr> <probs for GDERKNQSTAVLIFYWHMCP>
#	G	D	E	R	K	N	Q	S	T	A	V	L	I	F	Y	W	H	M	C	P
0	0.18282	0.03793	0.05500	0.01224	0.01577	0.04043	0.15644	0.14738	0.01413	0.02105	0.03929	0.11401	0.05853	0.00827	0.00558	0.00183	0.00580	0.07286	0.00404	0.00661
1	0.01356	0.00941	0.01113	0.00902	0.01253	0.00849	0.00705	0.13007	0.05033	0.12428	0.01735	0.20427	0.01616	0.00811	0.00523	0.00145	0.00423	0.00690	0.00461	0.35582
2	0.01064	0.00867	0.01017	0.00799	0.01174	0.00702	0.00633	0.03664	0.02343	0.02917	0.08608	0.05950	0.09436	0.00706	0.00491	0.00121	0.00386	0.04302	0.00401	0.54420
3	0.03609	0.07618	0.01882	0.01351	0.01782	0.01608	0.12385	0.43849	0.15508	0.02780	0.01386	0.01421	0.01019	0.00622	0.00542	0.00167	0.00613	0.00517	0.00477	0.00861
4	0.01284	0.01604	0.16766	0.01986	0.06362	0.01242	0.46952	0.01727	0.01275	0.06993	0.01491	0.01724	0.06762	0.00558	0.00608	0.00180	0.00803	0.00623	0.00312	0.00747
5	0.01570	0.38345	0.21023	0.01195	0.01741	0.01599	0.06337	0.03496	0.01255	0.16998	0.01131	0.01192	0.00843	0.00525	0.00456	0.00147	0.00637	0.00400	0.00332	0.00779
6	0.01181	0.17211	0.58135	0.01404	0.02109	0.01438	0.01725	0.01800	0.06981	0.01687	0.01034	0.01168	0.00768	0.00526	0.00490	0.00163	0.00735	0.00399	0.00256	0.00790
7	0.00649	0.00546	0.00562	0.00571	0.00742	0.00460	0.00423	0.00786	0.01234	0.01482	0.06850	0.11055	0.69980	0.01400	0.00648	0.00187	0.00279	0.01178	0.00508	0.00460
8	0.01006	0.00704	0.01079	0.09208	0.01397	0.00684	0.08266	0.01210	0.01179	0.09928	0.02661	0.34995	0.09906	0.01221	0.00639	0.00201	0.00448	0.08744	0.05969	0.00555
9	0.01456	0.01336	0.07310	0.06998	0.58449	0.01225	0.01575	0.01789	0.01268	0.11595	0.01165	0.01407	0.00907	0.00516	0.00540	0.00165	0.00639	0.00488	0.00318	0.00854
10	0.34549	0.37434	0.04108	0.00935	0.01339	0.05592	0.03597	0.01627	0.01064	0.01782	0.00854	0.03472	0.00754	0.00528	0.00379	0.00146	0.00550	0.00353	0.00287	0.00649
11	0.00664	0.00474	0.00633	0.00759	0.00791	0.00443	0.00506	0.00759	0.01044	0.01392	0.03005	0.80485	0.03606	0.01708	0.00696	0.00221	0.00316	0.01550	0.00506	0.00443
12	0.01103	0.02750	0.74136	0.01592	0.02385	0.01272	0.05824	0.01728	0.01158	0.01728	0.00985	0.01168	0.00698	0.00515	0.00524	0.00173	0.00812	0.00415	0.00233	0.00802
13	0.01939	0.08510	0.01895	0.01338	0.01780	0.05826	0.08437	0.57891	0.02255	0.02968	0.01215	0.01270	0.00885	0.00614	0.00535	0.00160	0.00651	0.00481	0.00477	0.00872
14	0.07294	0.01314	0.01378	0.01288	0.11241	0.11971	0.00896	0.10155	0.03806	0.07992	0.01116	0.01228	0.00869	0.00505	0.00462	0.00126	0.00546	0.00393	0.00372	0.37050
15	0.01466	0.33141	0.02445	0.02120	0.35287	0.08492	0.04878	0.03316	0.01246	0.01578	0.00913	0.01133	0.00784	0.00487	0.00465	0.00143	0.00664	0.00404	0.00263	0.00773
16	0.01073	0.13319	0.01185	0.00822	0.01082	0.03824	0.00681	0.02924	0.02749	0.04894	0.26231	0.03380	0.13853	0.00967	0.00571	0.00164	0.00409	0.10872	0.00471	0.10530
17	0.07300	0.06257	0.26287	0.01682	0.13321	0.05792	0.07165	0.17173	0.01499	0.06847	0.01102	0.01239	0.00812	0.00546	0.00515	0.00165	0.00698	0.00445	0.00344	0.00811
18	0.05239	0.12487	0.04293	0.01132	0.07076	0.00949	0.05950	0.01195	0.01180	0.01660	0.17183	0.26311	0.02639	0.01226	0.04795	0.00221	0.01854	0.03619	0.00416	0.00576
19	0.01345	0.01307	0.02282	0.03274	0.72273	0.01301	0.06784	0.01678	0.01245	0.01779	0.01031	0.01358	0.00861	0.00484	0.00547	0.00163	0.00666	0.00497	0.00270	0.00855
20	0.00822	0.00707	0.00968	0.14405	0.09729	0.00695	0.00768	0.01051	0.01297	0.01685	0.23477	0.03853	0.36369	0.01068	0.00615	0.00178	0.00389	0.00919	0.00460	0.00544
21	0.03176	0.01232	0.01742	0.28161	0.20298	0.07264	0.04396	0.03346	0.06380	0.07275	0.01167	0.02921	0.00927	0.00617	0.00669	0.00179	0.08701	0.00510	0.00320	0.00718
22	0.12347	0.00955	0.01216	0.00945	0.01357	0.00869	0.00780	0.03947	0.01504	0.67293	0.01967	0.01728	0.01250	0.00654	0.00523	0.00169	0.00461	0.00517	0.00632	0.00887
23	0.00696	0.00511	0.00653	0.00710	0.00791	0.00468	0.00497	0.00848	0.01229	0.01656	0.27059	0.46532	0.13384	0.01477	0.00672	0.00201	0.00292	0.01319	0.00536	0.00468
24	0.01349	0.01295	0.02213	0.03346	0.77440	0.01295	0.01673	0.01673	0.01241	0.01781	0.01025	0.01349	0.00864	0.00486	0.00540	0.00162	0.00648	0.00486	0.00270	0.00864
25	0.02002	0.01399	0.01652	0.05347	0.01810	0.11515	0.09741	0.22711	0.06968	0.28830	0.01563	0.01534	0.01074	0.00627	0.00551	0.00167	0.00636	0.00519	0.00509	0.00844
26	0.02264	0.00909	0.01220	0.00963	0.01351	0.00806	0.00784	0.02538	0.05539	0.68474	0.02214	0.07312	0.01523	0.00750	0.00559	0.00173	0.00452	0.00621	0.00657	0.00891
27	0.00644	0.00552	0.00552	0.00552	0.00736	0.00460	0.00414	0.00782	0.01243	0.01473	0.05523	0.05247	0.77218	0.01381	0.00644	0.00184	0.00276	0.01151	0.00506	0.00460
28	0.00773	0.00570	0.00735	0.00817	0.00912	0.00552	0.00620	0.01001	0.04814	0.01583	0.10604	0.38358	0.10234	0.03617	0.00751	0.00228	0.00372	0.22464	0.00512	0.00486
29	0.10513	0.00864	0.01204	0.01006	0.01323	0.00802	0.06513	0.01953	0.01340	0.41705	0.02162	0.18304	0.01847	0.00925	0.00581	0.00188	0.00468	0.07003	0.00559	0.00741
30	0.00735	0.00525	0.00713	0.00836	0.00899	0.00503	0.00625	0.00883	0.01122	0.01485	0.04552	0.55173	0.03490	0.01631	0.00713	0.00230	0.00374	0.24543	0.00507	0.00463
31	0.00785	0.00564	0.00723	0.00810	0.00878	0.00549	0.00566	0.06582	0.01173	0.01563	0.02867	0.70491	0.03374	0.01616	0.00687	0.00218	0.00348	0.05214	0.00509	0.00483
32	0.21736	0.04238	0.01751	0.01369	0.01726	0.23378	0.15078	0.14680	0.01455	0.02044	0.00941	0.01122	0.00739	0.00573	0.00590	0.00166	0.06961	0.00426	0.00335	0.00692
33	0.84691	0.01054	0.00801	0.00717	0.01054	0.01223	0.00590	0.01603	0.00928	0.02446	0.00759	0.00886	0.00590	0.00506	0.00337	0.00169	0.00422	0.00295	0.00337	0.00590
34	0.01113	0.02702	0.72139	0.01693	0.08180	0.01268	0.01988	0.01722	0.01158	0.01731	0.00982	0.01166	0.00704	0.00515	0.00520	0.00172	0.00793	0.00409	0.00233	0.00810
35	0.01603	0.11600	0.01838	0.01855	0.28648	0.05432	0.01150	0.07021	0.06615	0.14591	0.01260	0.01366	0.00965	0.00545	0.00518	0.00148	0.01921	0.00451	0.00379	0.12093
36	0.00779	0.00578	0.00815	0.00879	0.00966	0.00556	0.03659	0.00933	0.01104	0.01451	0.02823	0.39268	0.05874	0.11250	0.00966	0.00266	0.00430	0.26468	0.00474	0.00462
37	0.01246	0.01040	0.01201	0.00872	0.01343	0.00859	0.00702	0.10364	0.01299	0.01970	0.01006	0.01153	0.00820	0.00443	0.00444	0.00093	0.01761	0.00346	0.00349	0.72688
38	0.05548	0.07326	0.01899	0.39236	0.30411	0.01329	0.01466	0.03573	0.01179	0.01638	0.00972	0.01337	0.00773	0.00518	0.00517	0.00168	0.00667	0.00460	0.00265	0.00716
39	0.00712	0.00536	0.00659	0.00669	0.00788	0.00483	0.00486	0.00899	0.01342	0.01806	0.40329	0.23201	0.23437	0.01330	0.00656	0.00187	0.00277	0.01168	0.00553	0.00483
40	0.00664	0.00474	0.00633	0.00759	0.00791	0.00443	0.00506	0.00759	0.01044	0.01392	0.03005	0.80485	0.03606	0.01708	0.00696	0.00221	0.00316	0.01550	0.00506	0.00443
41	0.00879	0.00628	0.00879	0.01004	0.01130	0.00628	0.00879	0.01130	0.01255	0.01632	0.02887	0.06150	0.03138	0.01506	0.00753	0.00251	0.00502	0.73770	0.00502	0.00502
42	0.05748	0.01337	0.02057	0.01593	0.01933	0.01495	0.25986	0.15532	0.15229	0.02088	0.01234	0.01446	0.00960	0.00670	0.00872	0.00193	0.19949	0.00552	0.00371	0.00753
43	0.00730	0.00557	0.00671	0.00648	0.00796	0.00499	0.00489	0.00946	0.01431	0.01923	0.50217	0.04537	0.30206	0.01218	0.00646	0.00178	0.00270	0.02979	0.00565	0.00495
44	0.00644	0.00552	0.00552	0.00552	0.00736	0.00460	0.00414	0.00782	0.01243	0.01473	0.05523	0.05247	0.77218	0.01381	0.00644	0.00184	0.00276	0.01151	0.00506	0.00460
45	0.01061	0.01001	0.01693	0.71946	0.11090	0.01220	0.01530	0.01421	0.01105	0.01432	0.00975	0.01443	0.00740	0.00539	0.00545	0.00180	0.00719	0.00485	0.00245	0.00631
46	0.09143	0.00589	0.00657	0.00648	0.00696	0.00620	0.00408	0.00900	0.00819	0.01226	0.01584	0.03090	0.01752	0.61505	0.13745	0.00544	0.00656	0.00712	0.00325	0.00379
47	0.01016	0.00508	0.00508	0.00508	0.00635	0.00508	0.00381	0.01270	0.01143	0.02033	0.01778	0.02033	0.01397	0.00635	0.00381	0.00127	0.00254	0.00508	0.83867	0.00508
48	0.01284	0.00963	0.01060	0.00900	0.01166	0.00997	0.00710	0.32909	0.01849	0.02448	0.17696	0.10815	0.22869	0.01049	0.00607	0.00177	0.00415	0.00875	0.00542	0.00669
49	0.01599	0.01652	0.01446	0.01415	0.09079	0.26445	0.01000	0.06334	0.35443	0.01950	0.01517	0.01523	0.01173	0.00629	0.00522	0.00160	0.00639	0.00490	0.00421	0.06562
50	0.01434	0.05462	0.05685	0.01703	0.11834	0.01394	0.19190	0.17251	0.19647	0.02239	0.07276	0.01713	0.01376	0.00625	0.00567	0.00172	0.00626	0.00581	0.00419	0.00807
51	0.01561	0.26218	0.21102	0.01352	0.01880	0.12008	0.08459	0.17777	0.01510	0.01911	0.00977	0.01110	0.00759	0.00532	0.00481	0.00150	0.00728	0.00404	0.00311	0.00770
52	0.01523	0.63647	0.02543	0.01001	0.01420	0.09728	0.00942	0.05452	0.01217	0.01423	0.00826	0.00957	0.00735	0.00509	0.00429	0.00126	0.03566	0.00322	0.02941	0.00695
53	0.01230	0.01217	0.01799	0.01886	0.19474	0.01581	0.01307	0.01398	0.00931	0.01423	0.00789	0.01230	0.00751	0.00843	0.01493	0.00220	0.61043	0.00479	0.00246	0.00660
54	0.02535	0.01807	0.29987	0.01572	0.02131	0.01230	0.22774	0.01920	0.15764	0.04436	0.01399	0.05686	0.01101	0.00608	0.00564	0.00176	0.00703	0.00575	0.00342	0.04691
55	0.00676	0.00482	0.00638	0.00748	0.00785	0.00451	0.00500	0.00779	0.01069	0.01434	0.08093	0.72326	0.03652	0.04615	0.00770	0.00229	0.00320	0.01483	0.00506	0.00444
56	0.01347	0.01295	0.02189	0.03118	0.67677	0.01304	0.05437	0.01772	0.07075	0.01818	0.01122	0.01409	0.00924	0.00504	0.00546	0.00165	0.00645	0.00504	0.00292	0.00857
57	0.01349	0.01295	0.02213	0.03346	0.77440	0.01295	0.01673	0.01673	0.01241	0.01781	0.01025	0.01349	0.00864	0.00486	0.00540	0.00162	0.00648	0.00486	0.00270	0.00864
58	0.00664	0.00474	0.00633	0.00759	0.00791	0.00443	0.00506	0.00759	0.01044	0.01392	0.03005	0.80485	0.03606	0.01708	0.00696	0.00221	0.00316	0.01550	0.00506	0.00443
59	0.00775	0.00548	0.00701	0.00774	0.00856	0.00533	0.00561	0.01009	0.05333	0.01656	0.15364	0.48015	0.03521	0.01442	0.00660	0.00207	0.00329	0.09824	0.07402	0.00491
60	0.01009	0.00760	0.01009	0.01060	0.01206	0.00817	0.00913	0.06389	0.04949	0.01763	0.02577	0.05231	0.02725	0.01367	0.00809	0.00241	0.06656	0.59475	0.00487	0.00556
61	0.00686	0.00522	0.00634	0.00690	0.00794	0.00470	0.00495	0.00830	0.01203	0.01561	0.15964	0.38798	0.28679	0.01490	0.00673	0.00202	0.00303	0.05021	0.00521	0.00463
62	0.00780	0.00578	0.00847	0.00847	0.00934	0.00665	0.00645	0.00955	0.00867	0.01244	0.01487	0.02291	0.01428	0.12149	0.70709	0.00840	0.01362	0.00606	0.00296	0.00470
63	0.00947	0.00473	0.00710	0.00710	0.00710	0.00473	0.00473	0.00710	0.00710	0.00947	0.00947	0.01657	0.00947	0.01894	0.02131	0.84138	0.00473	0.00473	0.00237	0.00237
64	0.01093	0.02820	0.78016	0.01554	0.02360	0.01266	0.02014	0.01727	0.01151	0.01727	0.00978	0.01151	0.00691	0.00518	0.00518	0.00173	0.00806	0.00403	0.00230	0.00806
65	0.00744	0.00548	0.00609	0.00593	0.00749	0.00487	0.00445	0.00942	0.01335	0.01810	0.30538	0.04356	0.40364	0.01176	0.00605	0.00171	0.00266	0.00998	0.12777	0.00487
66	0.01610	0.00743	0.00997	0.00828	0.01104	0.00658	0.00658	0.01844	0.01552	0.40072	0.39582	0.02962	0.03243	0.00894	0.00596	0.00170	0.00361	0.00767	0.00638	0.00721
67	0.01199	0.01281	0.10710	0.04988	0.05578	0.00978	0.06737	0.05424	0.05615	0.01875	0.02693	0.01311	0.00942	0.00481	0.00471	0.00121	0.00529	0.00414	0.00332	0.48322
68	0.01349	0.01295	0.02213	0.03346	0.77440	0.01295	0.01673	0.01673	0.01241	0.01781	0.01025	0.01349	0.00864	0.00486	0.00540	0.00162	0.00648	0.00486	0.00270	0.00864
69	0.00809	0.00592	0.00855	0.00849	0.00940	0.00687	0.00654	0.00997	0.00891	0.01316	0.01478	0.02180	0.01379	0.07669	0.66597	0.00783	0.03482	0.00586	0.06772	0.00483
70	0.07100	0.40315	0.21077	0.01347	0.01904	0.01717	0.16358	0.01676	0.01142	0.01566	0.00882	0.01064	0.00716	0.00480	0.00450	0.00148	0.00695	0.00391	0.00248	0.00725
71	0.09960	0.15607	0.20369	0.01339	0.01872	0.01361	0.15151	0.04596	0.03671	0.12751	0.01157	0.01270	0.00851	0.00530	0.00511	0.00159	0.01788	0.00444	0.00343	0.06269

[dist]
# distance from previous block
# <min> <max>
1	17

[block]
# block no. 2 follows, 44 sequences, length 55
# corresponding to MSA columns:
# 140-175,180-189,196,200-207
name=unknown_C
#
# <colnr> <probs for GDERKNQSTAVLIFYWHMCP>
#	G	D	E	R	K	N	Q	S	T	A	V	L	I	F	Y	W	H	M	C	P
0	0.34493	0.01033	0.01184	0.15288	0.07249	0.01079	0.00871	0.01489	0.01043	0.01963	0.00883	0.01109	0.00708	0.00490	0.00448	0.00144	0.02516	0.00357	0.00308	0.27346
1	0.01327	0.01381	0.06807	0.04826	0.71341	0.01292	0.01691	0.01671	0.01233	0.01770	0.01021	0.01339	0.00850	0.00489	0.00539	0.00163	0.00659	0.00481	0.00267	0.00855
2	0.00725	0.00531	0.00699	0.00788	0.00867	0.00485	0.00556	0.00848	0.01073	0.01448	0.02823	0.66272	0.03324	0.01578	0.00677	0.00213	0.00343	0.08816	0.00490	0.07443
3	0.00728	0.00554	0.00788	0.05615	0.05626	0.00540	0.00637	0.00852	0.01059	0.01415	0.02763	0.70961	0.03267	0.01564	0.00677	0.00215	0.00361	0.01422	0.00476	0.00478
4	0.01169	0.01104	0.05739	0.00871	0.01373	0.00801	0.00745	0.04606	0.01194	0.01845	0.00984	0.01139	0.00806	0.00421	0.00417	0.00090	0.00436	0.00335	0.00327	0.75598
5	0.01110	0.02707	0.71768	0.01616	0.02400	0.01276	0.08149	0.01728	0.01162	0.01728	0.00989	0.01178	0.00702	0.00513	0.00528	0.00174	0.00815	0.00423	0.00234	0.00800
6	0.00861	0.00615	0.00858	0.00984	0.01101	0.00612	0.00847	0.01099	0.01237	0.01611	0.02896	0.12359	0.03177	0.01523	0.00748	0.00249	0.00486	0.67737	0.00502	0.00497
7	0.00648	0.00540	0.00565	0.00585	0.00745	0.00457	0.00429	0.00779	0.01211	0.01460	0.05121	0.17262	0.65463	0.01433	0.00653	0.00190	0.00283	0.01214	0.00506	0.00457
8	0.00664	0.00474	0.00633	0.00759	0.00791	0.00443	0.00506	0.00759	0.01044	0.01392	0.03005	0.80485	0.03606	0.01708	0.00696	0.00221	0.00316	0.01550	0.00506	0.00443
9	0.00767	0.00561	0.00723	0.00694	0.00827	0.00517	0.00528	0.01014	0.01501	0.02094	0.66738	0.04294	0.11045	0.01160	0.00650	0.00177	0.00273	0.05342	0.00586	0.00509
10	0.00996	0.00512	0.00527	0.00523	0.00650	0.00509	0.00392	0.01250	0.01177	0.02045	0.08075	0.02203	0.01710	0.00675	0.00403	0.00131	0.00254	0.00548	0.76911	0.00509
11	0.02037	0.02598	0.01545	0.01404	0.01685	0.78652	0.01053	0.02177	0.01545	0.01334	0.00843	0.00983	0.00702	0.00562	0.00492	0.00140	0.00983	0.00351	0.00281	0.00632
12	0.02446	0.00928	0.01265	0.00970	0.01392	0.00801	0.00801	0.02657	0.01560	0.77817	0.02151	0.01856	0.01350	0.00675	0.00548	0.00169	0.00464	0.00548	0.00675	0.00928
13	0.00663	0.00479	0.00628	0.00747	0.00787	0.00444	0.00500	0.00761	0.01056	0.01397	0.03158	0.75912	0.08079	0.01688	0.00693	0.00219	0.00314	0.01526	0.00506	0.00444
14	0.00820	0.00644	0.00957	0.20489	0.01632	0.00690	0.00869	0.01028	0.01119	0.01464	0.02461	0.38461	0.02747	0.01357	0.00675	0.00220	0.00474	0.22951	0.00439	0.00501
15	0.01924	0.02414	0.01477	0.01360	0.01624	0.71545	0.01026	0.02070	0.01512	0.01354	0.01032	0.03784	0.00939	0.00654	0.00514	0.00150	0.00934	0.04769	0.00301	0.00618
16	0.01576	0.65143	0.02589	0.01029	0.01458	0.17759	0.00957	0.01744	0.01197	0.01293	0.00775	0.00897	0.00700	0.00486	0.00379	0.00121	0.00665	0.00304	0.00243	0.00686
17	0.00664	0.00474	0.00633	0.00759	0.00791	0.00443	0.00506	0.00759	0.01044	0.01392	0.03005	0.80485	0.03606	0.01708	0.00696	0.00221	0.00316	0.01550	0.00506	0.00443
18	0.01816	0.02226	0.01533	0.01558	0.10720	0.60381	0.01069	0.02022	0.03831	0.01429	0.01299	0.01416	0.07143	0.00627	0.00512	0.00148	0.00866	0.00442	0.00307	0.00653
19	0.01193	0.01193	0.01670	0.01431	0.01431	0.01670	0.01193	0.01312	0.00835	0.01312	0.00716	0.01193	0.00716	0.00954	0.01789	0.00239	0.79843	0.00477	0.00239	0.00596
20	0.01525	0.00974	0.01183	0.00866	0.01332	0.00777	0.00701	0.03979	0.01294	0.22989	0.01308	0.01338	0.00962	0.00487	0.00448	0.00108	0.00426	0.00391	0.00428	0.58485
21	0.02037	0.02598	0.01545	0.01404	0.01685	0.78652	0.01053	0.02177	0.01545	0.01334	0.00843	0.00983	0.00702	0.00562	0.00492	0.00140	0.00983	0.00351	0.00281	0.00632
22	0.01093	0.02820	0.78016	0.01554	0.02360	0.01266	0.02014	0.01727	0.01151	0.01727	0.00978	0.01151	0.00691	0.00518	0.00518	0.00173	0.00806	0.00403	0.00230	0.00806
23	0.00782	0.00572	0.00816	0.00816	0.00892	0.00649	0.00606	0.00935	0.00858	0.01221	0.01515	0.02447	0.01496	0.20530	0.62420	0.00802	0.01261	0.00629	0.00300	0.00453
24	0.00701	0.00548	0.00636	0.00628	0.00775	0.00482	0.00465	0.00888	0.01357	0.01776	0.36451	0.11021	0.39738	0.01292	0.00648	0.00182	0.00271	0.01112	0.00547	0.00482
25	0.01030	0.00969	0.01635	0.79530	0.03755	0.01211	0.01514	0.01393	0.01090	0.01393	0.00969	0.01453	0.00727	0.00545	0.00545	0.00182	0.00727	0.00484	0.00242	0.00606
26	0.84691	0.01054	0.00801	0.00717	0.01054	0.01223	0.00590	0.01603	0.00928	0.02446	0.00759	0.00886	0.00590	0.00506	0.00337	0.00169	0.00422	0.00295	0.00337	0.00590
27	0.01507	0.00964	0.01041	0.00866	0.01135	0.01035	0.00695	0.33083	0.01750	0.05426	0.01573	0.01723	0.01193	0.00851	0.05129	0.00189	0.00482	0.00507	0.40152	0.00702
28	0.01005	0.00771	0.00972	0.01032	0.01206	0.00820	0.00874	0.01596	0.21124	0.01803	0.02710	0.05062	0.02748	0.01304	0.00701	0.00234	0.00483	0.54442	0.00516	0.00597
29	0.00664	0.00474	0.00633	0.00759	0.00791	0.00443	0.00506	0.00759	0.01044	0.01392	0.03005	0.80485	0.03606	0.01708	0.00696	0.00221	0.00316	0.01550	0.00506	0.00443
30	0.01030	0.00969	0.01635	0.79530	0.03755	0.01211	0.01514	0.01393	0.01090	0.01393	0.00969	0.01453	0.00727	0.00545	0.00545	0.00182	0.00727	0.00484	0.00242	0.00606
31	0.00793	0.00529	0.00595	0.00595	0.00595	0.00529	0.00330	0.00793	0.00793	0.01057	0.01718	0.03568	0.01982	0.80840	0.02775	0.00529	0.00529	0.00793	0.00330	0.00330
32	0.00664	0.00474	0.00633	0.00759	0.00791	0.00443	0.00506	0.00759	0.01044	0.01392	0.03005	0.80485	0.03606	0.01708	0.00696	0.00221	0.00316	0.01550	0.00506	0.00443
33	0.01080	0.00570	0.00577	0.00553	0.00699	0.00580	0.00421	0.05789	0.01230	0.02118	0.01750	0.01989	0.01369	0.00636	0.00391	0.00129	0.00275	0.00507	0.78803	0.00534
34	0.01313	0.01258	0.02147	0.12042	0.69029	0.01286	0.01655	0.01641	0.01224	0.01737	0.01019	0.01361	0.00848	0.00493	0.00540	0.00164	0.00657	0.00486	0.00267	0.00834
35	0.00696	0.00550	0.00628	0.00638	0.00781	0.00488	0.00467	0.00884	0.02687	0.01665	0.24305	0.19306	0.42239	0.01360	0.00652	0.00188	0.00282	0.01173	0.00532	0.00479
36	0.01415	0.01241	0.01949	0.13087	0.52336	0.03110	0.01489	0.01844	0.08248	0.08116	0.01218	0.01460	0.00956	0.00535	0.00541	0.00167	0.00631	0.00500	0.00327	0.00829
37	0.01186	0.22827	0.58823	0.01395	0.02114	0.01494	0.01738	0.01703	0.01140	0.01613	0.00922	0.01080	0.00693	0.00505	0.00475	0.00158	0.00749	0.00374	0.00231	0.00779
38	0.01356	0.01339	0.13800	0.15192	0.18479	0.01063	0.03167	0.03471	0.01237	0.12549	0.01193	0.01451	0.00914	0.03713	0.00601	0.00166	0.00608	0.00462	0.00337	0.18902
39	0.01211	0.28160	0.53707	0.01353	0.02049	0.01554	0.01665	0.01696	0.01137	0.01583	0.00907	0.01062	0.00694	0.00501	0.00464	0.00155	0.00734	0.00367	0.00231	0.00771
40	0.00654	0.00526	0.00584	0.00627	0.00757	0.00456	0.00448	0.00781	0.01182	0.01463	0.06512	0.31019	0.50109	0.01486	0.00662	0.00197	0.00289	0.01283	0.00509	0.00456
41	0.00684	0.00491	0.00643	0.00735	0.00789	0.00455	0.00501	0.00798	0.01121	0.01502	0.13738	0.63280	0.08373	0.01606	0.00714	0.01875	0.00308	0.01423	0.00514	0.00450
42	0.19207	0.02408	0.59561	0.01366	0.02062	0.01266	0.01684	0.03388	0.01135	0.01921	0.00938	0.01097	0.00674	0.00519	0.00480	0.00172	0.00718	0.00382	0.00261	0.00762
43	0.01130	0.00969	0.01130	0.00807	0.01292	0.00727	0.00646	0.01373	0.01130	0.01776	0.00969	0.01130	0.00807	0.00404	0.00404	0.00081	0.00404	0.00323	0.00323	0.84173
44	0.00664	0.00474	0.00633	0.00759	0.00791	0.00443	0.00506	0.00759	0.01044	0.01392	0.03005	0.80485	0.03606	0.01708	0.00696	0.00221	0.00316	0.01550	0.00506	0.00443
45	0.00984	0.00864	0.01283	0.01721	0.30774	0.00833	0.00974	0.01265	0.03140	0.01791	0.20274	0.03436	0.23328	0.00962	0.00609	0.00177	0.00437	0.06069	0.00437	0.00643
46	0.01396	0.32306	0.01819	0.00873	0.01344	0.01294	0.00774	0.01609	0.01167	0.09542	0.01010	0.01106	0.00822	0.00457	0.00398	0.00104	0.00480	0.00334	0.00325	0.42840
47	0.02150	0.01128	0.01368	0.01071	0.01471	0.01134	0.00879	0.27742	0.06378	0.42952	0.01822	0.01695	0.01224	0.00879	0.05296	0.00211	0.00569	0.00535	0.00600	0.00897
48	0.00725	0.00557	0.00664	0.00642	0.00792	0.00496	0.00485	0.00935	0.01418	0.01893	0.47263	0.04585	0.33180	0.01229	0.00646	0.00179	0.00271	0.02984	0.00561	0.00493
49	0.01339	0.01285	0.02194	0.05800	0.75067	0.01293	0.01668	0.01664	0.01236	0.01769	0.01024	0.01353	0.00859	0.00488	0.00540	0.00163	0.00650	0.00486	0.00269	0.00855
50	0.01969	0.08053	0.10827	0.01188	0.01654	0.03621	0.05790	0.15755	0.04019	0.37169	0.01652	0.03334	0.01146	0.00643	0.00535	0.00166	0.00581	0.00524	0.00515	0.00859
51	0.01538	0.01577	0.01038	0.00966	0.01172	0.40456	0.00725	0.01734	0.01349	0.01676	0.01300	0.01496	0.01042	0.00598	0.00438	0.00134	0.00627	0.00428	0.41137	0.00571
52	0.00664	0.00474	0.00633	0.00759	0.00791	0.00443	0.00506	0.00759	0.01044	0.01392	0.03005	0.80485	0.03606	0.01708	0.00696	0.00221	0.00316	0.01550	0.00506	0.00443
53	0.01252	0.09181	0.57935	0.01443	0.02140	0.03726	0.01737	0.07982	0.06249	0.01857	0.01065	0.01194	0.00776	0.00541	0.00508	0.00167	0.00750	0.00413	0.00280	0.00805
54	0.04321	0.01188	0.01637	0.01405	0.01417	0.01653	0.01170	0.01323	0.00838	0.01355	0.00717	0.01181	0.00711	0.00937	0.01735	0.00236	0.76867	0.00470	0.00242	0.00596

[dist]
# distance from previous block
# <min> <max>
0	4

[block]
# block no. 3 follows, 44 sequences, length 21
# corresponding to MSA columns:
# 212-232
name=unknown_D
#
# <colnr> <probs for GDERKNQSTAVLIFYWHMCP>
#	G	D	E	R	K	N	Q	S	T	A	V	L	I	F	Y	W	H	M	C	P
0	0.01055	0.00997	0.01668	0.71631	0.07590	0.01238	0.01507	0.01404	0.01086	0.01410	0.00960	0.01435	0.00734	0.00562	0.00606	0.00183	0.04589	0.00484	0.00244	0.00619
1	0.01281	0.01284	0.01662	0.01421	0.01458	0.05796	0.01178	0.04990	0.00957	0.01417	0.00751	0.01187	0.00725	0.00919	0.01659	0.00230	0.71744	0.00471	0.00256	0.00614
2	0.03588	0.01292	0.01596	0.10836	0.01907	0.01367	0.05000	0.41838	0.01983	0.16391	0.01370	0.01411	0.00957	0.00611	0.00535	0.00161	0.00589	0.00491	0.00495	0.07581
3	0.00781	0.00577	0.00842	0.00842	0.00927	0.00663	0.00638	0.00951	0.00866	0.01240	0.01492	0.02317	0.01439	0.13525	0.69348	0.00833	0.01346	0.00610	0.00297	0.00468
4	0.00772	0.00557	0.00729	0.00686	0.00814	0.00514	0.00514	0.01029	0.01543	0.02186	0.77152	0.04072	0.05144	0.01115	0.00643	0.00171	0.00257	0.00986	0.00600	0.00514
5	0.01030	0.00969	0.01635	0.79530	0.03755	0.01211	0.01514	0.01393	0.01090	0.01393	0.00969	0.01453	0.00727	0.00545	0.00545	0.00182	0.00727	0.00484	0.00242	0.00606
6	0.01288	0.01232	0.02101	0.18053	0.63215	0.01279	0.01642	0.01619	0.01212	0.01706	0.01015	0.01369	0.00837	0.00497	0.00541	0.00166	0.00663	0.00486	0.00265	0.00814
7	0.02002	0.02466	0.01531	0.01379	0.01665	0.71135	0.01041	0.07116	0.01594	0.01475	0.00893	0.01039	0.00737	0.00672	0.02806	0.00164	0.00971	0.00367	0.00299	0.00648
8	0.12558	0.00943	0.01208	0.00939	0.01350	0.00853	0.00775	0.02527	0.01483	0.68550	0.01980	0.01736	0.01256	0.00654	0.00522	0.00169	0.00459	0.00517	0.00633	0.00886
9	0.01515	0.00718	0.00950	0.00800	0.01043	0.00643	0.00619	0.01720	0.01459	0.35518	0.34685	0.03029	0.03076	0.10722	0.00863	0.00214	0.00382	0.00768	0.00600	0.00675
10	0.00747	0.00533	0.00727	0.00854	0.00921	0.00514	0.00650	0.00902	0.01125	0.01484	0.02959	0.51819	0.03425	0.01630	0.00718	0.00233	0.00388	0.29400	0.00505	0.00466
11	0.01776	0.00965	0.01146	0.00970	0.01298	0.00983	0.00770	0.02531	0.32158	0.35784	0.02175	0.05221	0.01577	0.00740	0.00540	0.00173	0.00423	0.00614	0.09319	0.00837
12	0.00780	0.00553	0.00676	0.00652	0.00791	0.00508	0.00493	0.01015	0.01432	0.02017	0.52627	0.04129	0.17970	0.01123	0.00617	0.00172	0.00269	0.03541	0.10133	0.00503
13	0.00775	0.00560	0.00777	0.00786	0.00851	0.00620	0.00567	0.00906	0.00864	0.01214	0.01644	0.08092	0.01701	0.26182	0.51152	0.00729	0.01109	0.00713	0.00318	0.00438
14	0.01580	0.01275	0.01422	0.01217	0.01443	0.08977	0.00984	0.11477	0.18246	0.13393	0.01462	0.01662	0.01153	0.01007	0.06075	0.00239	0.24884	0.02332	0.00429	0.00743
15	0.01046	0.00636	0.00785	0.00775	0.00972	0.00577	0.00635	0.01248	0.01314	0.14057	0.08908	0.04717	0.31031	0.01244	0.00649	0.00199	0.00378	0.24794	0.05479	0.00557
16	0.01203	0.00877	0.01197	0.01059	0.01178	0.01061	0.00845	0.06324	0.01053	0.10817	0.01327	0.01899	0.01192	0.10450	0.31603	0.00503	0.25917	0.00561	0.00343	0.00589
17	0.01321	0.01284	0.02109	0.14571	0.64407	0.03451	0.01632	0.01646	0.01227	0.01711	0.01012	0.01354	0.00839	0.00497	0.00539	0.00164	0.00669	0.00482	0.00266	0.00819
18	0.01322	0.01324	0.01256	0.10765	0.01609	0.20972	0.00938	0.04738	0.13043	0.02813	0.04378	0.19917	0.01793	0.00953	0.00708	0.00188	0.08868	0.03387	0.00403	0.00625
19	0.01115	0.00754	0.00960	0.00858	0.00932	0.00848	0.00621	0.03014	0.00996	0.10696	0.06861	0.02767	0.01802	0.43380	0.04260	0.00395	0.18178	0.00693	0.00376	0.00495
20	0.59296	0.01102	0.02532	0.00807	0.01186	0.01157	0.00677	0.06905	0.01131	0.09349	0.00956	0.01040	0.00713	0.00520	0.00383	0.00158	0.00444	0.00338	0.00379	0.10926

[dist]
# distance from previous block
# <min> <max>
0	1

[block]
# block no. 4 follows, 44 sequences, length 47
# corresponding to MSA columns:
# 234-280
name=unknown_E
#
# <colnr> <probs for GDERKNQSTAVLIFYWHMCP>
#	G	D	E	R	K	N	Q	S	T	A	V	L	I	F	Y	W	H	M	C	P
0	0.01416	0.11614	0.04339	0.07102	0.04944	0.04853	0.03646	0.04120	0.07571	0.16109	0.09246	0.13223	0.01845	0.00842	0.00625	0.00177	0.04865	0.02323	0.00442	0.00700
1	0.00667	0.00476	0.00635	0.00758	0.00791	0.00444	0.00506	0.00765	0.01055	0.01409	0.04623	0.78817	0.03639	0.01695	0.00695	0.00220	0.00315	0.01538	0.00508	0.00444
2	0.00693	0.00545	0.00625	0.00663	0.00797	0.00484	0.00495	0.00840	0.01211	0.01518	0.10300	0.20687	0.44396	0.04374	0.00747	0.00212	0.00320	0.10127	0.00507	0.00461
3	0.01202	0.01011	0.01169	0.00841	0.01322	0.00800	0.00676	0.06998	0.01239	0.01902	0.00995	0.01144	0.00817	0.00423	0.00414	0.00087	0.00419	0.00336	0.00340	0.77866
4	0.01458	0.81168	0.02857	0.00933	0.01399	0.02157	0.00933	0.01632	0.01108	0.01283	0.00758	0.00875	0.00700	0.00466	0.00350	0.00117	0.00583	0.00292	0.00233	0.00700
5	0.30971	0.00943	0.01050	0.00850	0.01224	0.00922	0.00698	0.02147	0.01316	0.45767	0.01921	0.01774	0.06833	0.00669	0.00482	0.00170	0.00435	0.00506	0.00544	0.00775
6	0.01340	0.04739	0.01232	0.00837	0.01312	0.00805	0.00682	0.01574	0.01193	0.12969	0.01133	0.01225	0.00882	0.00447	0.00423	0.00095	0.00421	0.00355	0.00371	0.67965
7	0.01170	0.19232	0.62272	0.01424	0.02158	0.01453	0.01788	0.01707	0.01142	0.01634	0.00932	0.01093	0.00692	0.00507	0.00483	0.00161	0.00759	0.00380	0.00231	0.00783
8	0.00680	0.00491	0.00655	0.00756	0.00805	0.00466	0.00517	0.00795	0.01072	0.01440	0.08177	0.66857	0.05815	0.01837	0.06599	0.00266	0.00398	0.01425	0.00496	0.00452
9	0.00716	0.00573	0.00652	0.00684	0.00848	0.00509	0.00547	0.00892	0.01264	0.01559	0.09154	0.05422	0.52628	0.01399	0.00674	0.00202	0.00337	0.20954	0.00511	0.00475
10	0.01447	0.01991	0.40125	0.01385	0.01967	0.05900	0.07712	0.01889	0.01277	0.19444	0.04316	0.01523	0.01084	0.00847	0.06461	0.00224	0.00774	0.00491	0.00360	0.00782
11	0.01207	0.03950	0.12707	0.39009	0.07818	0.01308	0.09070	0.04605	0.07485	0.03473	0.01119	0.01431	0.00841	0.00562	0.00584	0.00178	0.03152	0.00496	0.00294	0.00709
12	0.00773	0.00520	0.00601	0.00621	0.00626	0.00515	0.00358	0.00787	0.00832	0.01110	0.01921	0.15714	0.02238	0.68344	0.02447	0.00480	0.00495	0.00912	0.00358	0.00348
13	0.00651	0.00525	0.00581	0.00626	0.00756	0.00454	0.00447	0.00774	0.01172	0.01444	0.04629	0.31951	0.51090	0.01497	0.00663	0.00197	0.00290	0.01292	0.00506	0.00454
14	0.01281	0.01145	0.10084	0.03797	0.05124	0.03709	0.10385	0.03681	0.03753	0.15302	0.12450	0.22753	0.02268	0.00949	0.00607	0.00185	0.00532	0.00858	0.00463	0.00677
15	0.05190	0.01773	0.01515	0.01342	0.04401	0.34575	0.05035	0.07895	0.14061	0.14927	0.01372	0.01393	0.01015	0.00609	0.00517	0.00158	0.00718	0.00462	0.02287	0.00754
16	0.01093	0.02820	0.78016	0.01554	0.02360	0.01266	0.02014	0.01727	0.01151	0.01727	0.00978	0.01151	0.00691	0.00518	0.00518	0.00173	0.00806	0.00403	0.00230	0.00806
17	0.04686	0.01254	0.01340	0.01127	0.01484	0.01406	0.00900	0.24549	0.45617	0.08710	0.01889	0.01761	0.01380	0.00700	0.00544	0.00177	0.00484	0.00562	0.00554	0.00877
18	0.01434	0.76012	0.07803	0.00974	0.01462	0.02099	0.01004	0.01639	0.01111	0.01312	0.00772	0.00893	0.00699	0.00470	0.00361	0.00120	0.00598	0.00299	0.00233	0.00707
19	0.01471	0.00915	0.03881	0.00943	0.01223	0.00838	0.00779	0.12015	0.06150	0.24034	0.11722	0.15994	0.07686	0.01039	0.00613	0.00188	0.00434	0.08802	0.00564	0.00707
20	0.28929	0.01121	0.01148	0.00932	0.01295	0.01207	0.00763	0.25303	0.04042	0.18970	0.01392	0.01391	0.00984	0.00611	0.00461	0.00163	0.00469	0.00445	0.09603	0.00770
21	0.02279	0.00998	0.01280	0.00997	0.01403	0.00931	0.00818	0.10555	0.07331	0.61680	0.02053	0.01815	0.01329	0.00676	0.00543	0.00168	0.00470	0.00546	0.03218	0.00910
22	0.01030	0.00969	0.01635	0.79530	0.03755	0.01211	0.01514	0.01393	0.01090	0.01393	0.00969	0.01453	0.00727	0.00545	0.00545	0.00182	0.00727	0.00484	0.00242	0.00606
23	0.01030	0.00969	0.01635	0.79530	0.03755	0.01211	0.01514	0.01393	0.01090	0.01393	0.00969	0.01453	0.00727	0.00545	0.00545	0.00182	0.00727	0.00484	0.00242	0.00606
24	0.02038	0.02559	0.01548	0.01399	0.01686	0.75855	0.01053	0.04845	0.01582	0.01411	0.00860	0.00995	0.00710	0.00565	0.00494	0.00141	0.00969	0.00356	0.00291	0.00643
25	0.02446	0.00928	0.01265	0.00970	0.01392	0.00801	0.00801	0.02657	0.01560	0.77817	0.02151	0.01856	0.01350	0.00675	0.00548	0.00169	0.00464	0.00548	0.00675	0.00928
26	0.00792	0.00533	0.00615	0.00615	0.00622	0.00540	0.00356	0.00806	0.00799	0.01072	0.01699	0.03465	0.01937	0.75309	0.08245	0.00554	0.00596	0.00778	0.00328	0.00342
27	0.00802	0.00513	0.00683	0.00775	0.00841	0.00473	0.00533	0.00910	0.01090	0.07188	0.02987	0.71801	0.04870	0.01620	0.00685	0.00217	0.00330	0.02681	0.00519	0.00481
28	0.00859	0.00607	0.00823	0.00925	0.01027	0.00606	0.00772	0.01062	0.01168	0.01523	0.02679	0.07184	0.02939	0.15774	0.01115	0.00300	0.00503	0.59193	0.00471	0.00470
29	0.00672	0.00480	0.00642	0.00768	0.00803	0.00450	0.00520	0.00773	0.01051	0.01400	0.03000	0.77776	0.03589	0.01701	0.00698	0.00222	0.00323	0.04181	0.00506	0.00445
30	0.01034	0.00894	0.00823	0.00798	0.00892	0.12592	0.00554	0.03573	0.01053	0.01316	0.01840	0.03146	0.05855	0.42851	0.10638	0.00437	0.00678	0.06226	0.04357	0.00443
31	0.01698	0.31520	0.09622	0.01275	0.01701	0.32882	0.04605	0.07888	0.01415	0.01544	0.00875	0.01009	0.00724	0.00525	0.00453	0.00139	0.00784	0.00359	0.00280	0.00703
32	0.01055	0.01462	0.31605	0.00980	0.01391	0.00837	0.03264	0.01467	0.01151	0.01902	0.01438	0.01663	0.01098	0.00583	0.00444	0.00147	0.00495	0.00470	0.47915	0.00634
33	0.02200	0.03612	0.01535	0.01282	0.07278	0.09521	0.03891	0.10902	0.01626	0.49793	0.01742	0.01614	0.01153	0.00631	0.00539	0.00164	0.00572	0.00511	0.00557	0.00876
34	0.01175	0.02248	0.46334	0.01869	0.02567	0.01314	0.33123	0.01735	0.01209	0.01735	0.01031	0.01286	0.00748	0.00493	0.00571	0.00177	0.00854	0.00505	0.00249	0.00776
35	0.05065	0.28381	0.26530	0.01166	0.01690	0.07984	0.01233	0.03922	0.05921	0.01652	0.01068	0.04899	0.00907	0.00570	0.00455	0.00147	0.00646	0.00422	0.00290	0.07052
36	0.00945	0.00775	0.02447	0.18250	0.05147	0.00786	0.00840	0.06567	0.01286	0.02954	0.17271	0.25801	0.08098	0.05464	0.00738	0.00208	0.00451	0.00966	0.00447	0.00558
37	0.02446	0.00928	0.01265	0.00970	0.01392	0.00801	0.00801	0.02657	0.01560	0.77817	0.02151	0.01856	0.01350	0.00675	0.00548	0.00169	0.00464	0.00548	0.00675	0.00928
38	0.00714	0.00555	0.00640	0.00624	0.00772	0.00492	0.00465	0.00900	0.01352	0.01771	0.37157	0.04652	0.39344	0.05612	0.00763	0.00199	0.00287	0.02683	0.00538	0.00478
39	0.01435	0.24459	0.18074	0.01324	0.01804	0.11355	0.09664	0.04351	0.15005	0.02959	0.02659	0.01323	0.00994	0.00568	0.00510	0.00157	0.01829	0.00449	0.00327	0.00753
40	0.00791	0.00535	0.00627	0.00627	0.00638	0.00546	0.00371	0.00814	0.00802	0.01081	0.01688	0.03403	0.01910	0.71956	0.11562	0.00569	0.00636	0.00769	0.00326	0.00348
41	0.00678	0.00484	0.00625	0.00731	0.00766	0.00454	0.00482	0.00764	0.01024	0.01356	0.02968	0.68176	0.06714	0.10890	0.00935	0.00255	0.00339	0.01444	0.00486	0.00431
42	0.06046	0.01083	0.06910	0.01044	0.01346	0.05220	0.00923	0.06440	0.05027	0.21888	0.05684	0.04995	0.02099	0.01000	0.00615	0.00200	0.00525	0.27745	0.00515	0.00693
43	0.01734	0.01918	0.09035	0.08635	0.02055	0.33169	0.12630	0.03577	0.04757	0.12353	0.01158	0.01303	0.00862	0.00582	0.00586	0.00164	0.03959	0.00461	0.00343	0.00719
44	0.01796	0.01657	0.01502	0.01284	0.01531	0.27676	0.01021	0.11473	0.07853	0.13797	0.02766	0.01372	0.01010	0.00723	0.00863	0.00179	0.21906	0.00470	0.00396	0.00724
45	0.00995	0.00619	0.00818	0.00855	0.01009	0.00589	0.00706	0.01219	0.01299	0.09530	0.13561	0.11538	0.09901	0.01305	0.00673	0.00213	0.00408	0.37374	0.06851	0.00539
46	0.01423	0.59797	0.16075	0.01119	0.01648	0.01904	0.05195	0.01696	0.01143	0.04426	0.00871	0.00995	0.00731	0.00483	0.00403	0.00132	0.00636	0.00341	0.00253	0.00729

[dist]
# distance from previous block
# <min> <max>
0	1

[block]
# block no. 5 follows, 44 sequences, length 26
# corresponding to MSA columns:
# 282-307
name=unknown_F
#
# <colnr> <probs for GDERKNQSTAVLIFYWHMCP>
#	G	D	E	R	K	N	Q	S	T	A	V	L	I	F	Y	W	H	M	C	P
0	0.08989	0.27221	0.12819	0.03912	0.02077	0.04780	0.27353	0.01675	0.01176	0.01622	0.00979	0.03244	0.00811	0.00514	0.00496	0.00158	0.00731	0.00473	0.00267	0.00704
1	0.00948	0.00601	0.00739	0.00690	0.00870	0.00533	0.00526	0.01150	0.01413	0.11918	0.37970	0.08520	0.28249	0.01185	0.00636	0.00180	0.00299	0.02454	0.00572	0.00547
2	0.15983	0.05817	0.11648	0.01202	0.03937	0.01103	0.10127	0.01698	0.05921	0.07034	0.01222	0.01554	0.00993	0.00560	0.00480	0.00149	0.00553	0.05136	0.00351	0.24532
3	0.01426	0.06053	0.02110	0.07647	0.42358	0.01444	0.06121	0.12972	0.03371	0.01945	0.01056	0.01332	0.00859	0.00565	0.00657	0.00170	0.08301	0.00487	0.00313	0.00812
4	0.00790	0.00539	0.00648	0.00648	0.00666	0.00557	0.00397	0.00827	0.00809	0.01097	0.01669	0.03298	0.01865	0.66329	0.17126	0.00594	0.00705	0.00753	0.00323	0.00360
5	0.84691	0.01054	0.00801	0.00717	0.01054	0.01223	0.00590	0.01603	0.00928	0.02446	0.00759	0.00886	0.00590	0.00506	0.00337	0.00169	0.00422	0.00295	0.00337	0.00590
6	0.01386	0.65740	0.17657	0.01055	0.01588	0.01982	0.01146	0.01651	0.01116	0.01370	0.00801	0.00929	0.00698	0.00477	0.00383	0.00128	0.00627	0.00313	0.00233	0.00721
7	0.76611	0.01002	0.00773	0.00697	0.01014	0.01154	0.00570	0.01570	0.00949	0.02406	0.00858	0.00996	0.00668	0.00519	0.00342	0.00165	0.00406	0.00316	0.08403	0.00582
8	0.00793	0.00529	0.00595	0.00595	0.00595	0.00529	0.00330	0.00793	0.00793	0.01057	0.01718	0.03568	0.01982	0.80840	0.02775	0.00529	0.00529	0.00793	0.00330	0.00330
9	0.02003	0.01285	0.01678	0.01271	0.01699	0.01321	0.11207	0.40100	0.02014	0.24128	0.01548	0.01531	0.01062	0.00632	0.00549	0.00166	0.00584	0.00529	0.05816	0.00874
10	0.00664	0.00474	0.00633	0.00759	0.00791	0.00443	0.00506	0.00759	0.01044	0.01392	0.03005	0.80485	0.03606	0.01708	0.00696	0.00221	0.00316	0.01550	0.00506	0.00443
11	0.00727	0.00516	0.00671	0.00711	0.00795	0.00479	0.00503	0.00905	0.01286	0.01790	0.37766	0.40087	0.05882	0.01383	0.00658	0.00194	0.00285	0.01238	0.03643	0.00479
12	0.00869	0.00580	0.00698	0.00670	0.00836	0.00511	0.00501	0.01053	0.01360	0.09103	0.31836	0.14447	0.32997	0.01256	0.00641	0.00183	0.00292	0.01083	0.00558	0.00523
13	0.00664	0.00474	0.00633	0.00759	0.00791	0.00443	0.00506	0.00759	0.01044	0.01392	0.03005	0.80485	0.03606	0.01708	0.00696	0.00221	0.00316	0.01550	0.00506	0.00443
14	0.01142	0.13203	0.68056	0.01472	0.02232	0.01384	0.01871	0.01714	0.01145	0.01668	0.00949	0.01114	0.00692	0.00511	0.00496	0.00165	0.00776	0.00388	0.00231	0.00792
15	0.00730	0.00529	0.00702	0.00819	0.00879	0.00511	0.00591	0.00907	0.03781	0.01470	0.02954	0.63309	0.03446	0.01634	0.00702	0.00226	0.00356	0.15478	0.00507	0.00469
16	0.01415	0.01046	0.01136	0.01008	0.01310	0.01154	0.00788	0.02581	0.55552	0.12200	0.02507	0.02321	0.08905	0.00788	0.00554	0.00180	0.00412	0.00654	0.04676	0.00815
17	0.01030	0.00969	0.01635	0.79530	0.03755	0.01211	0.01514	0.01393	0.01090	0.01393	0.00969	0.01453	0.00727	0.00545	0.00545	0.00182	0.00727	0.00484	0.00242	0.00606
18	0.01253	0.01197	0.02040	0.26207	0.55328	0.01270	0.01625	0.01589	0.01196	0.01665	0.01009	0.01381	0.00823	0.00504	0.00541	0.00168	0.00671	0.00485	0.00262	0.00786
19	0.00944	0.00686	0.00849	0.00761	0.00931	0.00670	0.00584	0.10914	0.01678	0.02352	0.67101	0.03706	0.04585	0.01054	0.00630	0.00170	0.00303	0.00920	0.00593	0.00569
20	0.01156	0.00643	0.00658	0.00607	0.00775	0.00665	0.00468	0.11123	0.01331	0.02218	0.01716	0.01937	0.01335	0.00638	0.00403	0.00132	0.00300	0.00506	0.72825	0.00564
21	0.01103	0.01032	0.01673	0.61862	0.13294	0.01236	0.01472	0.01575	0.08388	0.01530	0.01097	0.01496	0.00835	0.00556	0.00545	0.00179	0.00688	0.00497	0.00276	0.00665
22	0.01188	0.01262	0.09312	0.36235	0.07891	0.01196	0.18377	0.01630	0.04339	0.05748	0.06436	0.01650	0.01136	0.00574	0.00572	0.00179	0.00714	0.00557	0.00312	0.00694
23	0.01430	0.66755	0.13498	0.01041	0.01548	0.05208	0.01092	0.01668	0.01132	0.01348	0.00793	0.00918	0.00698	0.00478	0.00380	0.00126	0.00631	0.00310	0.00235	0.00712
24	0.01432	0.01016	0.01201	0.00877	0.01346	0.00832	0.00709	0.08749	0.01338	0.14127	0.01191	0.01264	0.00906	0.00471	0.00441	0.00103	0.00432	0.00375	0.00401	0.62789
25	0.02070	0.11789	0.01564	0.03306	0.01533	0.05691	0.00901	0.15289	0.09600	0.40020	0.01716	0.01587	0.01167	0.00640	0.00519	0.00161	0.00538	0.00498	0.00546	0.00864

[dist]
# distance from previous block
# <min> <max>
0	2

[block]
# block no. 6 follows, 44 sequences, length 51
# corresponding to MSA columns:
# 310-360
name=unknown_G
#
# <colnr> <probs for GDERKNQSTAVLIFYWHMCP>
#	G	D	E	R	K	N	Q	S	T	A	V	L	I	F	Y	W	H	M	C	P
