[name]
unknown

[dist]
# distance from previous block
# <min> <max>
0	42

[block]
# block no. 0 follows, 41 sequences, length 10
# corresponding to MSA columns:
# 76-85
name=unknown_A
#
# <colnr> <probs for GDERKNQSTAVLIFYWHMCP>
#	G	D	E	R	K	N	Q	S	T	A	V	L	I	F	Y	W	H	M	C	P
0	0.04504	0.00686	0.00788	0.00763	0.00935	0.00662	0.00577	0.03332	0.06265	0.01934	0.27300	0.11408	0.22260	0.07042	0.00825	0.00221	0.00357	0.06958	0.00541	0.02643
1	0.06645	0.07805	0.11107	0.01583	0.13963	0.01239	0.07111	0.06188	0.06313	0.18666	0.05612	0.01665	0.01288	0.00621	0.00540	0.00168	0.00593	0.00529	0.03213	0.05151
2	0.19800	0.04267	0.01433	0.01072	0.01498	0.03642	0.05640	0.13581	0.07873	0.11075	0.04091	0.01454	0.01125	0.00593	0.00490	0.00153	0.00527	0.00463	0.00446	0.20775
3	0.03919	0.03840	0.01386	0.07463	0.01637	0.03448	0.02736	0.06945	0.06850	0.14140	0.06284	0.01641	0.01310	0.00696	0.02655	0.00161	0.00540	0.00488	0.00439	0.33424
4	0.01761	0.01101	0.01395	0.04064	0.01575	0.01071	0.03059	0.15191	0.06502	0.25012	0.04277	0.06813	0.01447	0.00731	0.00614	0.00164	0.03988	0.00596	0.00524	0.20115
5	0.04418	0.01280	0.04765	0.06922	0.04516	0.01243	0.01046	0.23147	0.09530	0.24239	0.01704	0.01820	0.01235	0.00693	0.00563	0.00174	0.00563	0.03691	0.00536	0.07916
6	0.06799	0.07118	0.06475	0.06858	0.01718	0.01274	0.00987	0.19266	0.07242	0.10109	0.04113	0.01489	0.01138	0.00602	0.00507	0.00150	0.00544	0.00469	0.00444	0.22697
7	0.01849	0.01289	0.06337	0.03850	0.01609	0.04466	0.00965	0.17461	0.07832	0.26730	0.06565	0.06408	0.01586	0.00751	0.00569	0.00170	0.00542	0.00613	0.00548	0.09862
8	0.04819	0.01158	0.01406	0.04665	0.06504	0.01177	0.00945	0.22549	0.08574	0.20150	0.06604	0.06521	0.01572	0.00747	0.00565	0.00170	0.00516	0.00615	0.00539	0.10204
9	0.06419	0.01257	0.04818	0.01375	0.09738	0.01224	0.01031	0.18687	0.07145	0.19995	0.06506	0.04038	0.01448	0.00727	0.00644	0.00175	0.05694	0.00574	0.00507	0.07997

[dist]
# distance from previous block
# <min> <max>
0	25

[block]
# block no. 1 follows, 41 sequences, length 32
# corresponding to MSA columns:
# 111-142
name=unknown_B
#
# <colnr> <probs for GDERKNQSTAVLIFYWHMCP>
#	G	D	E	R	K	N	Q	S	T	A	V	L	I	F	Y	W	H	M	C	P
0	0.10839	0.03452	0.01312	0.01094	0.04576	0.01035	0.02000	0.07519	0.09197	0.28738	0.13834	0.02198	0.01934	0.00753	0.00557	0.00173	0.00470	0.02641	0.00561	0.07116
1	0.13744	0.03698	0.09770	0.01027	0.01462	0.01099	0.00924	0.12406	0.01473	0.16981	0.05329	0.05741	0.01341	0.00745	0.01892	0.00173	0.01963	0.00532	0.01679	0.18022
2	0.11438	0.11776	0.06607	0.00944	0.01324	0.01098	0.00837	0.05884	0.03880	0.19279	0.21354	0.02255	0.03889	0.00767	0.00537	0.00165	0.00464	0.00616	0.00509	0.06377
3	0.12226	0.06909	0.30869	0.01349	0.01927	0.01311	0.08999	0.10260	0.01403	0.04296	0.05445	0.01645	0.05416	0.00634	0.00534	0.00172	0.00668	0.00517	0.00357	0.05062
4	0.01299	0.17083	0.09390	0.01078	0.01424	0.01148	0.04858	0.03844	0.03715	0.10932	0.08514	0.23613	0.02148	0.00975	0.00616	0.00180	0.02696	0.00833	0.00445	0.05209
5	0.02063	0.04574	0.01531	0.01227	0.05594	0.01216	0.00951	0.24491	0.01850	0.33582	0.05113	0.04110	0.01416	0.00725	0.00604	0.00170	0.02983	0.00576	0.00574	0.06650
6	0.01444	0.04272	0.01452	0.01068	0.03333	0.00982	0.04792	0.07776	0.01378	0.11257	0.01452	0.01545	0.04983	0.00560	0.00523	0.00123	0.02605	0.00456	0.00405	0.49594
7	0.06397	0.05511	0.03958	0.13007	0.02073	0.01238	0.15205	0.11632	0.01472	0.17846	0.03898	0.03911	0.01289	0.07700	0.00807	0.00215	0.02044	0.00607	0.00433	0.00756
8	0.00770	0.00584	0.00721	0.00735	0.00872	0.00522	0.00541	0.00958	0.01349	0.01814	0.29832	0.27137	0.21087	0.01406	0.00685	0.00198	0.00315	0.05119	0.00556	0.04800
9	0.01470	0.11016	0.16398	0.01662	0.18596	0.01232	0.01267	0.01952	0.08971	0.14979	0.14792	0.01993	0.01829	0.00694	0.00560	0.00172	0.00573	0.00587	0.00437	0.00819
10	0.05819	0.00985	0.01252	0.00989	0.01375	0.00915	0.00796	0.06706	0.05557	0.57208	0.02098	0.02071	0.01444	0.09134	0.00815	0.00218	0.00498	0.00591	0.00639	0.00888
11	0.00820	0.00601	0.00858	0.00858	0.00939	0.00682	0.00639	0.00982	0.00901	0.01283	0.01588	0.02557	0.01565	0.19951	0.62154	0.00844	0.01330	0.00658	0.00315	0.00477
12	0.01593	0.68275	0.02830	0.01130	0.04912	0.02170	0.01026	0.09456	0.01331	0.01610	0.00870	0.00989	0.00767	0.00511	0.00398	0.00130	0.00617	0.00337	0.00281	0.00767
13	0.01368	0.09075	0.46697	0.04211	0.12329	0.01368	0.05563	0.01884	0.01265	0.09320	0.01144	0.01313	0.00828	0.00548	0.00542	0.00175	0.00770	0.00455	0.00297	0.00846
14	0.00849	0.00647	0.00932	0.00915	0.00995	0.00761	0.00696	0.01017	0.00903	0.01298	0.01520	0.02403	0.01481	0.15361	0.61340	0.00819	0.06622	0.00638	0.00309	0.00494
15	0.00971	0.00686	0.00835	0.00818	0.00973	0.00692	0.00623	0.04121	0.09473	0.03070	0.29667	0.16037	0.06459	0.01366	0.05114	0.00234	0.00412	0.06881	0.10984	0.00584
16	0.01842	0.01462	0.07917	0.07933	0.14188	0.06899	0.02622	0.16122	0.06046	0.22396	0.05598	0.01715	0.01311	0.00662	0.00574	0.00176	0.00634	0.00550	0.00485	0.00869
17	0.01510	0.05207	0.07691	0.08585	0.17669	0.03524	0.15843	0.05349	0.18396	0.08205	0.01464	0.01608	0.01098	0.00599	0.00580	0.00180	0.00692	0.00560	0.00394	0.00845
18	0.01257	0.00840	0.01087	0.01020	0.03472	0.00921	0.00762	0.08690	0.05276	0.10122	0.08247	0.02351	0.01759	0.10677	0.26043	0.00462	0.06908	0.00642	0.08825	0.00637
19	0.00742	0.00532	0.00706	0.00784	0.00853	0.00496	0.00551	0.00902	0.01269	0.01732	0.25936	0.52830	0.04267	0.01588	0.00715	0.00217	0.00321	0.04508	0.00562	0.00491
20	0.03847	0.04905	0.05809	0.01281	0.09380	0.01095	0.00968	0.01769	0.13994	0.04086	0.04620	0.02900	0.01370	0.00869	0.05066	0.00196	0.04783	0.03399	0.00392	0.29271
21	0.01281	0.01128	0.01325	0.01153	0.08978	0.04138	0.00812	0.01562	0.02495	0.03328	0.01064	0.01234	0.00875	0.00451	0.00448	0.00100	0.00477	0.00367	0.00343	0.68439
22	0.00828	0.00550	0.00638	0.00648	0.00674	0.00541	0.00391	0.00883	0.00967	0.01335	0.09863	0.12324	0.02591	0.58030	0.02279	0.00454	0.00482	0.00926	0.05203	0.00391
23	0.01105	0.00707	0.00882	0.00860	0.01032	0.00689	0.00640	0.01503	0.12611	0.12464	0.21493	0.32065	0.07117	0.01304	0.00671	0.00204	0.00360	0.03082	0.00589	0.00625
24	0.01864	0.17579	0.14167	0.01264	0.03711	0.05674	0.03419	0.08955	0.02941	0.27823	0.02881	0.04654	0.01225	0.00669	0.00535	0.00167	0.00625	0.00531	0.00466	0.00848
25	0.02114	0.02499	0.01414	0.01180	0.05333	0.01080	0.00911	0.18108	0.04795	0.42286	0.09569	0.02165	0.03048	0.00768	0.00586	0.00177	0.00504	0.01931	0.00629	0.00902
26	0.09007	0.00787	0.00841	0.00731	0.00978	0.00798	0.00579	0.09856	0.01427	0.16115	0.01785	0.01903	0.01324	0.00664	0.00447	0.00150	0.00364	0.00519	0.51053	0.00672
27	0.04112	0.26620	0.01981	0.01318	0.08476	0.13233	0.01011	0.06283	0.05887	0.20664	0.01416	0.04250	0.01107	0.00640	0.00499	0.00157	0.00628	0.00484	0.00425	0.00810
28	0.01775	0.11755	0.04931	0.01931	0.27380	0.03435	0.01244	0.02223	0.10640	0.24438	0.01597	0.01717	0.01195	0.00633	0.00548	0.00171	0.00596	0.02458	0.00449	0.00884
29	0.00701	0.00503	0.00666	0.00789	0.00829	0.00468	0.00529	0.00807	0.01119	0.01493	0.05908	0.75113	0.05432	0.01761	0.00727	0.00229	0.00329	0.01595	0.00535	0.00468
30	0.56092	0.04813	0.08407	0.01114	0.04653	0.03741	0.05144	0.05065	0.01153	0.04050	0.00913	0.01058	0.00699	0.00539	0.00420	0.00174	0.00556	0.00367	0.00348	0.00692
31	0.18645	0.18952	0.19045	0.01114	0.01623	0.03894	0.01131	0.05142	0.02465	0.09834	0.01205	0.01483	0.00965	0.00608	0.00474	0.00162	0.00609	0.04575	0.00362	0.07712

[dist]
# distance from previous block
# <min> <max>
2	7

[block]
# block no. 2 follows, 41 sequences, length 26
# corresponding to MSA columns:
# 151-176
name=unknown_C
#
# <colnr> <probs for GDERKNQSTAVLIFYWHMCP>
#	G	D	E	R	K	N	Q	S	T	A	V	L	I	F	Y	W	H	M	C	P
0	0.07888	0.00910	0.00925	0.00887	0.01073	0.06535	0.00670	0.08476	0.05615	0.03541	0.09756	0.22119	0.08799	0.04077	0.06927	0.00264	0.00530	0.03612	0.06803	0.00594
1	0.54904	0.01371	0.11586	0.00948	0.01391	0.01247	0.00889	0.05950	0.01207	0.14275	0.01092	0.01154	0.00780	0.00569	0.00428	0.00177	0.00516	0.00379	0.00407	0.00727
2	0.03119	0.08879	0.21137	0.01471	0.09738	0.05722	0.01293	0.15819	0.03182	0.07658	0.01885	0.01997	0.11434	0.00737	0.00580	0.00175	0.02018	0.01950	0.00404	0.00802
3	0.01050	0.00761	0.01009	0.00887	0.01087	0.00739	0.04833	0.05429	0.01454	0.08376	0.26878	0.10842	0.24274	0.04148	0.00821	0.00207	0.05063	0.01009	0.00543	0.00590
4	0.01070	0.11940	0.01176	0.00858	0.01078	0.06079	0.00672	0.01492	0.13370	0.01878	0.28380	0.09211	0.14402	0.05046	0.00724	0.00197	0.00421	0.00887	0.00509	0.00610
5	0.01384	0.01517	0.13353	0.06661	0.31068	0.01328	0.03682	0.06719	0.17083	0.03384	0.04259	0.01839	0.01314	0.00652	0.00582	0.00183	0.00643	0.03109	0.00387	0.00855
6	0.01441	0.18061	0.06703	0.11383	0.13306	0.05195	0.02925	0.06379	0.01360	0.09548	0.01701	0.12482	0.05605	0.00784	0.00554	0.00173	0.00617	0.00660	0.00381	0.00741
7	0.06160	0.00833	0.01072	0.00884	0.01189	0.00762	0.00695	0.02040	0.01421	0.44845	0.10279	0.02625	0.06188	0.12256	0.05905	0.00280	0.00527	0.00686	0.00594	0.00761
8	0.11867	0.00610	0.00727	0.00725	0.00781	0.00634	0.00490	0.00933	0.00850	0.01297	0.01415	0.02716	0.01513	0.30220	0.02126	0.35935	0.00513	0.05976	0.00319	0.00354
9	0.06243	0.21151	0.08815	0.04051	0.12042	0.01434	0.01135	0.07441	0.06359	0.15971	0.02702	0.06077	0.01275	0.00688	0.00522	0.00169	0.00582	0.02115	0.00420	0.00810
10	0.30563	0.00989	0.01075	0.00913	0.01260	0.01010	0.00732	0.04312	0.06303	0.33187	0.01851	0.12414	0.01478	0.00802	0.00520	0.00186	0.00452	0.00632	0.00547	0.00775
11	0.01055	0.01055	0.02042	0.01600	0.01945	0.00985	0.37295	0.01381	0.01309	0.01737	0.06722	0.17071	0.12095	0.01030	0.00700	0.00208	0.00662	0.10061	0.00416	0.00632
12	0.03935	0.01051	0.01738	0.63000	0.13849	0.01259	0.01546	0.01489	0.01159	0.01556	0.01084	0.03906	0.00871	0.00600	0.00569	0.00189	0.00727	0.00536	0.00270	0.00667
13	0.06725	0.13305	0.11433	0.01154	0.01587	0.09933	0.01054	0.11266	0.06306	0.20527	0.01486	0.01636	0.01124	0.04125	0.04519	0.00221	0.00683	0.01663	0.00447	0.00804
14	0.00776	0.00576	0.00710	0.00716	0.00808	0.00573	0.00503	0.00902	0.01068	0.01416	0.09686	0.09489	0.21080	0.25980	0.22678	0.00505	0.00715	0.00944	0.00422	0.00453
15	0.00714	0.00541	0.00659	0.00715	0.00817	0.00486	0.00503	0.00863	0.01267	0.01659	0.19084	0.41407	0.26095	0.01558	0.00702	0.00210	0.00306	0.01376	0.00552	0.00486
16	0.01211	0.01070	0.12664	0.01106	0.05563	0.00780	0.00917	0.01553	0.04203	0.15360	0.29422	0.18416	0.03243	0.01064	0.00638	0.00190	0.00440	0.00934	0.00542	0.00684
17	0.01274	0.00765	0.01094	0.07222	0.06958	0.00739	0.00878	0.01499	0.01344	0.18740	0.07481	0.20785	0.06913	0.01235	0.00680	0.00215	0.00474	0.20517	0.00536	0.00650
18	0.23309	0.01007	0.01203	0.00950	0.01370	0.00953	0.00784	0.02506	0.01468	0.57822	0.01884	0.01687	0.01213	0.00663	0.00519	0.00177	0.00475	0.00508	0.00618	0.00883
19	0.01739	0.01244	0.01361	0.01093	0.01464	0.01331	0.00883	0.38341	0.13867	0.06682	0.08978	0.01883	0.01603	0.00728	0.00553	0.00165	0.00502	0.00579	0.09972	0.07031
20	0.01331	0.01208	0.06863	0.10379	0.22107	0.01101	0.12069	0.03211	0.01387	0.09458	0.14119	0.03970	0.01836	0.00717	0.00616	0.00181	0.01605	0.02051	0.05035	0.00756
21	0.01444	0.00929	0.00985	0.00836	0.01080	0.00989	0.00656	0.28067	0.01748	0.02622	0.05837	0.02068	0.01541	0.05294	0.00624	0.00174	0.00416	0.00572	0.43435	0.00684
22	0.01411	0.01371	0.02392	0.03437	0.71411	0.01365	0.06618	0.01761	0.01306	0.01866	0.01081	0.01424	0.00903	0.00508	0.00574	0.00171	0.00699	0.00521	0.00284	0.00897
23	0.01509	0.01353	0.02388	0.02976	0.52412	0.01331	0.15421	0.01918	0.04424	0.08738	0.01252	0.01518	0.00980	0.00534	0.00588	0.00176	0.00707	0.00553	0.00336	0.00887
24	0.01186	0.01017	0.01186	0.00847	0.01356	0.00762	0.00678	0.01440	0.01186	0.01864	0.01017	0.01186	0.00847	0.00424	0.00424	0.00085	0.00424	0.00339	0.00339	0.83395
25	0.03578	0.07861	0.10208	0.01172	0.01643	0.01336	0.01059	0.17937	0.16291	0.30243	0.01793	0.01673	0.01236	0.00677	0.00551	0.00175	0.00561	0.00532	0.00556	0.00919

[dist]
# distance from previous block
# <min> <max>
2	6

[block]
# block no. 3 follows, 41 sequences, length 18
# corresponding to MSA columns:
# 183-186,209-222
name=unknown_D
#
# <colnr> <probs for GDERKNQSTAVLIFYWHMCP>
#	G	D	E	R	K	N	Q	S	T	A	V	L	I	F	Y	W	H	M	C	P
0	0.01069	0.02288	0.00890	0.00859	0.01005	0.11509	0.00629	0.01231	0.01328	0.05789	0.17076	0.29820	0.11809	0.04895	0.00756	0.00212	0.00443	0.03925	0.03924	0.00542
1	0.07232	0.00994	0.01364	0.01136	0.01480	0.00951	0.10047	0.03567	0.10963	0.08903	0.08540	0.05894	0.02040	0.00880	0.00600	0.00182	0.00512	0.15600	0.00478	0.18638
2	0.01464	0.03491	0.17094	0.01099	0.01630	0.03046	0.01054	0.07165	0.05577	0.12037	0.04968	0.01501	0.01176	0.00569	0.00502	0.00137	0.00550	0.00453	0.00410	0.36078
3	0.00962	0.00808	0.01128	0.01214	0.07943	0.00940	0.00822	0.01080	0.00990	0.01393	0.01880	0.25076	0.02119	0.20247	0.06597	0.00355	0.21696	0.03852	0.00373	0.00526
4	0.00756	0.00534	0.00676	0.00760	0.00804	0.00509	0.00512	0.00853	0.01077	0.01430	0.06192	0.46749	0.06351	0.22424	0.01308	0.00316	0.00403	0.07417	0.00486	0.00443
5	0.05139	0.01254	0.01937	0.02392	0.40468	0.01240	0.04682	0.05939	0.05955	0.22992	0.01491	0.01592	0.01090	0.00590	0.00566	0.00175	0.00612	0.00536	0.00439	0.00911
6	0.01338	0.11287	0.09588	0.01019	0.01536	0.02209	0.03458	0.01631	0.01256	0.07829	0.04923	0.01383	0.01097	0.00510	0.00464	0.00117	0.00518	0.00410	0.00359	0.49067
7	0.00866	0.00614	0.00748	0.00762	0.00884	0.00616	0.00561	0.01168	0.07203	0.01790	0.17798	0.20042	0.11213	0.06412	0.11004	0.00311	0.00495	0.03841	0.13144	0.00530
8	0.01339	0.01370	0.02656	0.02168	0.10281	0.01331	0.46599	0.06175	0.06286	0.01951	0.01518	0.05619	0.01313	0.00687	0.00665	0.00198	0.00807	0.07910	0.00360	0.00768
9	0.06162	0.20564	0.30108	0.01242	0.01843	0.01441	0.01354	0.06432	0.01391	0.22298	0.01316	0.01336	0.00925	0.00583	0.00502	0.00165	0.00657	0.00436	0.00396	0.00849
10	0.03757	0.00972	0.04877	0.00875	0.01199	0.00862	0.00738	0.12140	0.01533	0.23952	0.02075	0.05862	0.05331	0.00759	0.00513	0.00161	0.00427	0.00613	0.29330	0.04024
11	0.00987	0.00881	0.00998	0.01176	0.08630	0.08151	0.00830	0.01187	0.01300	0.01609	0.03332	0.18798	0.20937	0.01383	0.00701	0.00219	0.00496	0.27347	0.00481	0.00556
12	0.09029	0.04369	0.04127	0.02522	0.39930	0.03021	0.11572	0.09817	0.03952	0.04525	0.01159	0.01394	0.00912	0.00544	0.00555	0.00173	0.00687	0.00509	0.00344	0.00858
13	0.04849	0.07621	0.29223	0.02126	0.27367	0.01386	0.03510	0.03937	0.04972	0.07921	0.01193	0.01364	0.00899	0.00555	0.00539	0.00173	0.00704	0.00472	0.00325	0.00863
14	0.04847	0.00679	0.00793	0.00727	0.00954	0.00606	0.00564	0.01310	0.01422	0.16201	0.21761	0.07090	0.36405	0.01214	0.00647	0.00190	0.00338	0.03075	0.00581	0.00598
15	0.09246	0.09325	0.01879	0.13658	0.05805	0.31359	0.07547	0.07925	0.01492	0.05161	0.01024	0.01222	0.00800	0.00572	0.00520	0.00163	0.00815	0.00434	0.00329	0.00722
16	0.01719	0.11175	0.01902	0.10420	0.23736	0.01366	0.01233	0.12674	0.04527	0.18037	0.01451	0.04192	0.01119	0.00635	0.00546	0.00168	0.00602	0.00537	0.00431	0.03530
17	0.07150	0.01076	0.09322	0.00956	0.01175	0.07968	0.00793	0.01318	0.01211	0.08222	0.02489	0.44020	0.05147	0.01292	0.00634	0.00205	0.00476	0.02213	0.03746	0.00586

[dist]
# distance from previous block
# <min> <max>
0	3

[block]
# block no. 4 follows, 41 sequences, length 23
# corresponding to MSA columns:
# 226-248
name=unknown_E
#
# <colnr> <probs for GDERKNQSTAVLIFYWHMCP>
#	G	D	E	R	K	N	Q	S	T	A	V	L	I	F	Y	W	H	M	C	P
0	0.05037	0.17621	0.01971	0.55294	0.06557	0.01483	0.01423	0.01538	0.01147	0.01507	0.00963	0.01365	0.00756	0.00550	0.00519	0.00175	0.00712	0.00457	0.00258	0.00668
1	0.07062	0.25911	0.02036	0.20831	0.02178	0.09120	0.01147	0.19646	0.03498	0.02045	0.01043	0.01228	0.00819	0.00579	0.00489	0.00160	0.00680	0.00424	0.00349	0.00758
2	0.01422	0.28913	0.25164	0.01437	0.10471	0.01507	0.01326	0.01753	0.01202	0.09543	0.01180	0.01525	0.00991	0.10372	0.00782	0.00205	0.00671	0.00460	0.00310	0.00766
3	0.00923	0.00596	0.00735	0.00692	0.00760	0.00563	0.00440	0.00892	0.00883	0.01218	0.04603	0.02855	0.01745	0.43636	0.02308	0.25016	0.00509	0.00680	0.00328	0.10617
4	0.01621	0.25702	0.23050	0.01272	0.01830	0.01484	0.06406	0.04622	0.03316	0.18613	0.05720	0.01520	0.01205	0.00608	0.00516	0.00163	0.00650	0.00485	0.00394	0.00823
5	0.01610	0.01806	0.01294	0.04927	0.01494	0.43452	0.00888	0.01692	0.01300	0.01323	0.01141	0.04802	0.01107	0.12773	0.01154	0.12162	0.02132	0.00516	0.00305	0.04124
6	0.01198	0.01172	0.01649	0.01430	0.01442	0.01623	0.01185	0.01333	0.00881	0.01371	0.00848	0.01375	0.00835	0.01409	0.11265	0.00333	0.69270	0.00514	0.00257	0.00611
7	0.01193	0.01313	0.09548	0.01632	0.02049	0.01117	0.33795	0.01604	0.03572	0.05605	0.11070	0.07269	0.08614	0.00974	0.04445	0.00230	0.04090	0.00788	0.00394	0.00699
8	0.01593	0.01696	0.02149	0.03009	0.57965	0.20138	0.01595	0.01886	0.01381	0.01753	0.01029	0.01321	0.00864	0.00529	0.00554	0.00164	0.00766	0.00475	0.00286	0.00846
9	0.01810	0.00997	0.01241	0.01088	0.01417	0.01001	0.00903	0.09577	0.16828	0.32092	0.02408	0.03247	0.01989	0.00975	0.00639	0.00205	0.00506	0.21634	0.00615	0.00829
10	0.00760	0.00572	0.00709	0.00741	0.00867	0.00521	0.00556	0.00955	0.01371	0.01819	0.30498	0.22623	0.24187	0.01444	0.00702	0.00206	0.00322	0.10075	0.00567	0.00505
11	0.11357	0.01541	0.01480	0.06865	0.08693	0.20045	0.01084	0.17209	0.01660	0.09606	0.01490	0.02135	0.01274	0.00767	0.00568	0.00183	0.00690	0.12165	0.00435	0.00753
12	0.01147	0.02959	0.76934	0.01630	0.02476	0.01328	0.02113	0.01811	0.01208	0.01811	0.01026	0.01208	0.00725	0.00543	0.00543	0.00181	0.00845	0.00423	0.00242	0.00845
13	0.41357	0.00930	0.00905	0.00857	0.01142	0.01002	0.00716	0.04692	0.01232	0.07716	0.02159	0.03101	0.10778	0.00951	0.00539	0.00202	0.00458	0.20186	0.00459	0.00619
14	0.00745	0.00568	0.00673	0.00731	0.00846	0.00517	0.00539	0.00887	0.01211	0.01534	0.07051	0.26147	0.32803	0.09861	0.00947	0.00254	0.00369	0.13329	0.00515	0.00473
15	0.20832	0.01341	0.02144	0.01596	0.02077	0.01341	0.32777	0.10686	0.04619	0.11214	0.01274	0.01436	0.00925	0.00555	0.00560	0.00180	0.00697	0.00541	0.00404	0.04801
16	0.05369	0.00841	0.00950	0.00815	0.01084	0.00829	0.00644	0.13246	0.01557	0.20059	0.06062	0.07222	0.10192	0.00858	0.00533	0.00167	0.00392	0.00700	0.27778	0.00702
17	0.00818	0.00641	0.00725	0.00789	0.00876	0.04241	0.00557	0.00966	0.01238	0.01640	0.16043	0.44954	0.10638	0.04877	0.00786	0.00226	0.00367	0.04875	0.04253	0.00490
18	0.25957	0.01626	0.01641	0.01315	0.01723	0.14752	0.10597	0.27392	0.05504	0.02622	0.01139	0.01245	0.00854	0.00602	0.00513	0.00173	0.00680	0.00457	0.00423	0.00786
19	0.00994	0.00497	0.00745	0.00745	0.00745	0.00497	0.00497	0.00745	0.00745	0.00994	0.00994	0.01739	0.00994	0.01987	0.02235	0.83358	0.00497	0.00497	0.00248	0.00248
20	0.00754	0.00552	0.00708	0.00733	0.00837	0.00506	0.00525	0.00947	0.01391	0.01905	0.41521	0.32358	0.12283	0.01430	0.00695	0.00201	0.00295	0.01272	0.00583	0.00506
21	0.01149	0.00885	0.00867	0.00861	0.01027	0.10152	0.00668	0.01435	0.04701	0.05128	0.15329	0.12301	0.05753	0.01085	0.00601	0.00186	0.00437	0.14161	0.22699	0.00575
22	0.00965	0.00775	0.04600	0.00827	0.01035	0.00667	0.00695	0.01324	0.06854	0.05218	0.28608	0.04323	0.18543	0.01176	0.00653	0.00195	0.00373	0.14290	0.08293	0.00586

[dist]
# distance from previous block
# <min> <max>
1	5

[block]
# block no. 5 follows, 41 sequences, length 7
# corresponding to MSA columns:
# 254-260
name=unknown_F
#
# <colnr> <probs for GDERKNQSTAVLIFYWHMCP>
#	G	D	E	R	K	N	Q	S	T	A	V	L	I	F	Y	W	H	M	C	P
0	0.06124	0.06277	0.01493	0.07490	0.12645	0.01091	0.01022	0.02114	0.10153	0.28608	0.01964	0.08550	0.01612	0.00824	0.00582	0.00188	0.00530	0.07411	0.00513	0.00810
1	0.01186	0.01017	0.01186	0.00847	0.01356	0.00762	0.00678	0.01440	0.01186	0.01864	0.01017	0.01186	0.00847	0.00424	0.00424	0.00085	0.00424	0.00339	0.00339	0.83395
2	0.01712	0.01171	0.01767	0.02221	0.37705	0.01153	0.01270	0.05671	0.07456	0.22995	0.09420	0.01921	0.01593	0.00665	0.00582	0.00175	0.00562	0.00595	0.00477	0.00890
3	0.08187	0.21582	0.12549	0.01127	0.01612	0.11525	0.01057	0.04851	0.10799	0.01860	0.01110	0.01209	0.00888	0.00544	0.00459	0.00141	0.00625	0.00391	0.00337	0.19147
4	0.00843	0.00568	0.00708	0.00722	0.00774	0.00587	0.00488	0.00950	0.00972	0.01375	0.05883	0.09372	0.02236	0.40860	0.19759	0.00542	0.00722	0.04025	0.08185	0.00430
5	0.00932	0.00608	0.00715	0.00682	0.00861	0.00538	0.00513	0.01132	0.01413	0.08932	0.28249	0.10905	0.33219	0.01252	0.00648	0.00186	0.00303	0.01072	0.07288	0.00551
6	0.01171	0.01849	0.32320	0.11089	0.26714	0.01210	0.01701	0.01626	0.01260	0.01810	0.07677	0.06379	0.01381	0.00666	0.00577	0.00182	0.00700	0.00588	0.00308	0.00791

[dist]
# distance from previous block
# <min> <max>
0	1

[block]
# block no. 6 follows, 41 sequences, length 20
# corresponding to MSA columns:
# 262-281
name=unknown_G
#
# <colnr> <probs for GDERKNQSTAVLIFYWHMCP>
#	G	D	E	R	K	N	Q	S	T	A	V	L	I	F	Y	W	H	M	C	P
0	0.06067	0.15423	0.13209	0.01444	0.01962	0.10268	0.12667	0.24701	0.01722	0.02295	0.01088	0.01227	0.00828	0.00569	0.00525	0.00162	0.00738	0.00456	0.00370	0.04282
1	0.01240	0.00758	0.00957	0.00886	0.01078	0.00793	0.00686	0.03531	0.10466	0.13725	0.05984	0.02791	0.04191	0.10918	0.25115	0.00457	0.00783	0.05177	0.09833	0.00632
2	0.00775	0.00593	0.00673	0.00679	0.00822	0.00537	0.00491	0.03183	0.01340	0.01742	0.19641	0.20461	0.37269	0.05897	0.00804	0.00217	0.00319	0.01197	0.02861	0.00500
3	0.67266	0.13525	0.01202	0.00800	0.01179	0.01417	0.00686	0.01737	0.01034	0.05777	0.00863	0.00974	0.00674	0.00533	0.00366	0.00168	0.00471	0.00321	0.00353	0.00654
4	0.39100	0.01235	0.01233	0.00994	0.01402	0.01340	0.00820	0.25321	0.01676	0.19806	0.01315	0.01304	0.00915	0.00621	0.00475	0.00175	0.00513	0.00436	0.00505	0.00814
5	0.08337	0.01142	0.01421	0.01118	0.01503	0.01161	0.06049	0.23431	0.05218	0.26309	0.10058	0.01955	0.01650	0.00723	0.00562	0.00174	0.00516	0.00595	0.07233	0.00844
6	0.01520	0.57227	0.12942	0.01110	0.01633	0.02030	0.01138	0.07598	0.07047	0.01670	0.00992	0.01088	0.00830	0.00535	0.00424	0.00140	0.00633	0.00365	0.00296	0.00782
7	0.00835	0.00567	0.00677	0.00683	0.00703	0.00580	0.00423	0.00874	0.00868	0.01168	0.01833	0.03700	0.02063	0.66308	0.12131	0.00585	0.00675	0.04599	0.00351	0.00377
8	0.01005	0.00531	0.00791	0.00780	0.00780	0.00554	0.00531	0.00774	0.00751	0.01011	0.00982	0.01716	0.00982	0.01942	0.02219	0.79544	0.04093	0.00497	0.00248	0.00266
9	0.27405	0.01071	0.01126	0.00961	0.01315	0.01133	0.00785	0.10527	0.12630	0.22118	0.02046	0.02225	0.07115	0.00787	0.00532	0.00187	0.00472	0.06250	0.00535	0.00779
10	0.02137	0.02726	0.01621	0.01474	0.01768	0.77602	0.01105	0.02284	0.01621	0.01400	0.00884	0.01031	0.00737	0.00589	0.00516	0.00147	0.01031	0.00368	0.00295	0.00663
11	0.01385	0.01327	0.02265	0.10469	0.69615	0.01351	0.01740	0.01728	0.01288	0.01831	0.01070	0.01426	0.00893	0.00515	0.00567	0.00172	0.00687	0.00510	0.00280	0.00881
12	0.00699	0.00577	0.00613	0.00611	0.00788	0.00491	0.00456	0.00862	0.01347	0.01664	0.17187	0.08313	0.61581	0.01417	0.00678	0.00193	0.00288	0.01196	0.00547	0.00491
13	0.01080	0.01017	0.01716	0.78523	0.03940	0.01271	0.01589	0.01461	0.01144	0.01461	0.01017	0.01525	0.00762	0.00572	0.00572	0.00191	0.00762	0.00508	0.00254	0.00635
14	0.01021	0.00871	0.01348	0.13722	0.22389	0.00886	0.01056	0.01323	0.01433	0.01994	0.37862	0.03179	0.05783	0.00919	0.00633	0.00183	0.00473	0.03806	0.00466	0.00654
15	0.01332	0.15395	0.24581	0.02105	0.13705	0.01539	0.29700	0.01794	0.01269	0.01748	0.01045	0.01319	0.00809	0.00505	0.00567	0.00174	0.00826	0.00513	0.00267	0.00807
16	0.01135	0.00706	0.00959	0.00888	0.01000	0.00773	0.00660	0.01267	0.00999	0.13097	0.01667	0.02610	0.01584	0.28581	0.33998	0.00622	0.07868	0.00670	0.00378	0.00539
17	0.01325	0.01276	0.02115	0.17647	0.50635	0.01404	0.01644	0.01639	0.01205	0.01713	0.01013	0.01411	0.00854	0.00599	0.00773	0.00186	0.12969	0.00508	0.00272	0.00810
18	0.17276	0.16380	0.01815	0.01668	0.21227	0.01522	0.01090	0.03492	0.22775	0.05319	0.01389	0.01458	0.01086	0.00599	0.00493	0.00169	0.00546	0.00475	0.00400	0.00822
19	0.01573	0.04046	0.01706	0.07667	0.16041	0.01508	0.01186	0.17076	0.29839	0.04613	0.01611	0.01676	0.01227	0.00697	0.00671	0.00186	0.06783	0.00557	0.00463	0.00872

[dist]
# distance from previous block
# <min> <max>
1	6

[block]
# block no. 7 follows, 41 sequences, length 19
# corresponding to MSA columns:
# 288-306
name=unknown_H
#
# <colnr> <probs for GDERKNQSTAVLIFYWHMCP>
#	G	D	E	R	K	N	Q	S	T	A	V	L	I	F	Y	W	H	M	C	P
0	0.01555	0.17588	0.18978	0.01801	0.21832	0.01346	0.01375	0.01889	0.01304	0.17440	0.01444	0.08467	0.01198	0.00671	0.00537	0.00170	0.00631	0.00564	0.00378	0.00831
1	0.01296	0.01376	0.02561	0.01903	0.02300	0.01431	0.41456	0.01638	0.01185	0.01703	0.01016	0.01402	0.00830	0.00626	0.00991	0.00193	0.23825	0.00572	0.00285	0.13410
2	0.00859	0.00755	0.01151	0.00965	0.01205	0.00679	0.14270	0.01103	0.01377	0.01817	0.22395	0.07733	0.36559	0.01170	0.00663	0.00188	0.00412	0.01046	0.05101	0.00553
3	0.01645	0.14929	0.24444	0.01342	0.05370	0.01252	0.04053	0.03216	0.01393	0.25016	0.07011	0.05036	0.01436	0.00684	0.00548	0.00172	0.00623	0.00563	0.00437	0.00829
4	0.00867	0.00544	0.00661	0.00661	0.00665	0.00547	0.00393	0.00819	0.00816	0.01091	0.01613	0.03244	0.01815	0.59889	0.05389	0.19007	0.00576	0.00749	0.00323	0.00330
5	0.00993	0.00590	0.00659	0.00636	0.00780	0.00585	0.00479	0.01336	0.05472	0.02205	0.28706	0.02906	0.02903	0.00854	0.00509	0.00154	0.00278	0.00721	0.48678	0.00556
6	0.01672	0.32409	0.10936	0.01168	0.01629	0.11467	0.01094	0.02247	0.18593	0.11436	0.01381	0.01384	0.01058	0.00604	0.00484	0.00156	0.00640	0.00442	0.00390	0.00809
7	0.01866	0.01269	0.01343	0.01138	0.01489	0.07134	0.00899	0.15303	0.28824	0.23511	0.02106	0.09224	0.01631	0.00823	0.00587	0.00185	0.00527	0.00675	0.00589	0.00876
8	0.00797	0.00555	0.00695	0.00730	0.00776	0.00544	0.00486	0.00899	0.01073	0.01456	0.14981	0.23861	0.03139	0.36475	0.06051	0.00407	0.00501	0.05689	0.00453	0.00432
9	0.01302	0.01239	0.02054	0.03061	0.64733	0.01225	0.01553	0.01612	0.01303	0.01819	0.01800	0.02043	0.12447	0.00654	0.00583	0.00173	0.00620	0.00617	0.00321	0.00841
10	0.12932	0.01341	0.05654	0.05827	0.12315	0.05844	0.01089	0.08795	0.11782	0.22782	0.04835	0.01689	0.01299	0.00659	0.00544	0.00177	0.00576	0.00530	0.00489	0.00842
11	0.00873	0.00603	0.00784	0.00862	0.00969	0.00579	0.00648	0.01103	0.04703	0.04932	0.08558	0.44150	0.09070	0.01575	0.00722	0.00229	0.00383	0.18180	0.00547	0.00529
12	0.00844	0.00884	0.07990	0.00896	0.01070	0.03745	0.00733	0.01088	0.04442	0.01569	0.03347	0.44690	0.17897	0.01493	0.00691	0.00217	0.00421	0.06949	0.00496	0.00537
13	0.04535	0.03150	0.01424	0.01605	0.19456	0.03331	0.01004	0.07788	0.20993	0.02116	0.10344	0.16617	0.03380	0.00928	0.00601	0.00188	0.00496	0.00809	0.00478	0.00758
14	0.18985	0.17289	0.35982	0.01293	0.01915	0.01459	0.04629	0.01858	0.01196	0.09010	0.01055	0.01177	0.00776	0.00543	0.00478	0.00169	0.00685	0.00402	0.00313	0.00785
15	0.00697	0.00498	0.00664	0.00796	0.00830	0.00465	0.00531	0.00796	0.01095	0.01460	0.03153	0.79525	0.03783	0.01792	0.00730	0.00232	0.00332	0.01626	0.00531	0.00465
16	0.01208	0.00765	0.00963	0.00926	0.01143	0.00737	0.00765	0.08504	0.01541	0.12526	0.15722	0.06445	0.16226	0.01281	0.00697	0.00215	0.00440	0.28696	0.00575	0.00626
17	0.01972	0.04547	0.09359	0.01253	0.01721	0.08914	0.07976	0.02392	0.08615	0.37137	0.03778	0.01731	0.01300	0.00650	0.00561	0.00169	0.00616	0.00541	0.00521	0.06245
18	0.00799	0.00593	0.00867	0.00888	0.00975	0.00670	0.00671	0.00979	0.00942	0.01339	0.01793	0.14173	0.01819	0.07185	0.62589	0.00798	0.01305	0.00778	0.00343	0.00497

[dist]
# distance from previous block
# <min> <max>
22	61

[block]
# block no. 8 follows, 41 sequences, length 16
# corresponding to MSA columns:
# 368-383
name=unknown_I
#
# <colnr> <probs for GDERKNQSTAVLIFYWHMCP>
#	G	D	E	R	K	N	Q	S	T	A	V	L	I	F	Y	W	H	M	C	P
0	0.01602	0.01076	0.01429	0.06280	0.08595	0.01019	0.02926	0.08786	0.08523	0.19811	0.10500	0.01898	0.01627	0.00658	0.00548	0.00154	0.00503	0.00560	0.00494	0.23010
1	0.04967	0.03433	0.08321	0.01123	0.02761	0.01169	0.00963	0.17968	0.11461	0.19423	0.08317	0.05456	0.04942	0.00782	0.00567	0.00174	0.00513	0.00636	0.00537	0.06486
2	0.15743	0.01111	0.01404	0.04819	0.06555	0.01097	0.03523	0.12432	0.01558	0.28335	0.04874	0.01786	0.01307	0.00664	0.00534	0.00169	0.00527	0.02836	0.00513	0.10210
3	0.24557	0.01049	0.01181	0.01048	0.04386	0.01064	0.00809	0.05615	0.10280	0.26337	0.06373	0.01960	0.01498	0.00710	0.00520	0.00176	0.00469	0.04237	0.00528	0.07203
4	0.43726	0.06261	0.01304	0.00971	0.01362	0.01274	0.05203	0.07027	0.05247	0.13244	0.04882	0.01386	0.01089	0.00602	0.00453	0.00171	0.00496	0.00440	0.00435	0.04426
5	0.63833	0.01339	0.01016	0.00892	0.01248	0.11825	0.00720	0.04548	0.01174	0.07685	0.00933	0.01032	0.00705	0.00557	0.00400	0.00173	0.00534	0.00344	0.00379	0.00664
6	0.03133	0.00749	0.01017	0.06097	0.05837	0.00740	0.00840	0.03646	0.01336	0.09506	0.06209	0.21281	0.11900	0.01317	0.00689	0.00219	0.00464	0.23902	0.00516	0.00601
7	0.16940	0.01482	0.01288	0.01094	0.01442	0.21252	0.00863	0.09462	0.03141	0.26257	0.06076	0.05417	0.01413	0.00725	0.00533	0.00172	0.00615	0.00547	0.00505	0.00774
8	0.25558	0.20136	0.01700	0.01059	0.01467	0.13689	0.00897	0.15212	0.01524	0.12276	0.01112	0.01161	0.00837	0.00583	0.00452	0.00158	0.00616	0.00391	0.00406	0.00766
9	0.00793	0.00546	0.00700	0.00760	0.00853	0.00498	0.00532	0.00939	0.01253	0.04724	0.18293	0.50746	0.14086	0.01573	0.00705	0.00214	0.00320	0.01404	0.00558	0.00503
10	0.00919	0.00725	0.01052	0.01175	0.11008	0.00706	0.05113	0.01054	0.01085	0.01468	0.09045	0.14004	0.05772	0.38393	0.01732	0.00369	0.00526	0.04953	0.00405	0.00498
11	0.08644	0.01157	0.01467	0.01293	0.08424	0.01128	0.00962	0.18341	0.01786	0.48029	0.01841	0.01693	0.01210	0.00671	0.00557	0.00175	0.00532	0.00535	0.00612	0.00940
12	0.34329	0.01954	0.35181	0.01277	0.01874	0.01275	0.06088	0.01846	0.01161	0.08662	0.01051	0.01183	0.00752	0.00549	0.00479	0.00180	0.00661	0.00407	0.00330	0.00762
13	0.00696	0.00530	0.00631	0.00710	0.00799	0.00476	0.00487	0.00807	0.01156	0.01472	0.04029	0.49091	0.29596	0.05711	0.00824	0.00235	0.00328	0.01435	0.00521	0.00465
14	0.08419	0.01344	0.05419	0.06615	0.24017	0.01294	0.10508	0.13264	0.02914	0.12913	0.05016	0.01716	0.01230	0.00629	0.00574	0.00179	0.00646	0.02043	0.00420	0.00841
15	0.06192	0.01545	0.01748	0.05441	0.21410	0.12895	0.01222	0.24681	0.01818	0.15501	0.01330	0.01418	0.00969	0.00616	0.00551	0.00170	0.00675	0.00491	0.00452	0.00875

[dist]
# distance from previous block
# <min> <max>
0	6

[block]
# block no. 9 follows, 41 sequences, length 29
# corresponding to MSA columns:
# 390-418
name=unknown_J
#
# <colnr> <probs for GDERKNQSTAVLIFYWHMCP>
#	G	D	E	R	K	N	Q	S	T	A	V	L	I	F	Y	W	H	M	C	P
0	0.12979	0.08627	0.01658	0.01374	0.09158	0.03637	0.04092	0.23145	0.04034	0.14964	0.01552	0.09567	0.01277	0.00740	0.00543	0.00176	0.00573	0.00600	0.00481	0.00823
1	0.31285	0.11435	0.01471	0.01049	0.01429	0.12868	0.00864	0.18273	0.03476	0.08176	0.01180	0.04078	0.00940	0.00637	0.00466	0.00167	0.00594	0.00443	0.00421	0.00749
2	0.20499	0.01123	0.01537	0.01737	0.23788	0.01143	0.03772	0.04126	0.01342	0.20813	0.04336	0.01831	0.05558	0.02439	0.00634	0.00187	0.03346	0.00554	0.00442	0.00794
3	0.10238	0.01218	0.01324	0.01113	0.01489	0.01330	0.00891	0.14522	0.38581	0.20014	0.01999	0.01843	0.01427	0.00720	0.00556	0.00185	0.00489	0.00574	0.00587	0.00903
4	0.01785	0.01008	0.01248	0.01127	0.04143	0.01013	0.00846	0.10227	0.18863	0.31299	0.02337	0.19636	0.01966	0.00962	0.00612	0.00193	0.00466	0.00823	0.00607	0.00839
5	0.73506	0.01138	0.01028	0.01101	0.10616	0.01293	0.00763	0.01691	0.01015	0.02478	0.00832	0.00991	0.00656	0.00528	0.00381	0.00176	0.00472	0.00335	0.00345	0.00656
6	0.00697	0.00498	0.00664	0.00796	0.00830	0.00465	0.00531	0.00796	0.01095	0.01460	0.03153	0.79525	0.03783	0.01792	0.00730	0.00232	0.00332	0.01626	0.00531	0.00465
7	0.01425	0.01468	0.02024	0.26417	0.42192	0.13319	0.01602	0.01748	0.01303	0.01669	0.01027	0.01389	0.00835	0.00541	0.00560	0.00173	0.00761	0.00487	0.00276	0.00784
8	0.01373	0.01313	0.02020	0.02544	0.41651	0.01474	0.03471	0.01889	0.14385	0.01834	0.01217	0.01505	0.01015	0.00683	0.00910	0.00196	0.20826	0.00536	0.00328	0.00830
9	0.00810	0.00585	0.00765	0.00720	0.00855	0.00540	0.00540	0.01079	0.01619	0.02294	0.76028	0.04273	0.05397	0.01169	0.00675	0.00180	0.00270	0.01034	0.00630	0.00540
10	0.03740	0.11440	0.09275	0.01197	0.01613	0.01562	0.01054	0.12140	0.46757	0.02366	0.01834	0.01753	0.01381	0.00698	0.00543	0.00180	0.00536	0.00554	0.00497	0.00879
11	0.01396	0.01339	0.02287	0.07837	0.72155	0.01354	0.01746	0.01738	0.01293	0.01845	0.01072	0.01422	0.00898	0.00513	0.00567	0.00171	0.00684	0.00510	0.00281	0.00890
12	0.01616	0.50096	0.14353	0.01158	0.01697	0.02004	0.01182	0.18344	0.01518	0.01935	0.00964	0.01067	0.00787	0.00543	0.00442	0.00143	0.00653	0.00372	0.00319	0.00806
13	0.01182	0.01383	0.10041	0.01864	0.02316	0.01163	0.41636	0.01607	0.01324	0.01789	0.01788	0.03199	0.01688	0.00866	0.00701	0.00216	0.00801	0.25375	0.00366	0.00695
14	0.01252	0.01341	0.02814	0.02101	0.02577	0.01266	0.57495	0.01684	0.01342	0.01805	0.01585	0.02665	0.01422	0.00733	0.00701	0.00209	0.00864	0.17084	0.00344	0.00716
15	0.01518	0.01276	0.01347	0.01183	0.01524	0.01467	0.00928	0.12064	0.66118	0.02546	0.02207	0.02038	0.01648	0.00765	0.00581	0.00191	0.00475	0.00630	0.00581	0.00914
16	0.01149	0.00719	0.00998	0.03023	0.01033	0.00807	0.00682	0.08367	0.00971	0.01321	0.01002	0.01634	0.00954	0.01691	0.01975	0.62087	0.10423	0.00499	0.00282	0.00381
17	0.01157	0.01095	0.01854	0.61382	0.20482	0.01291	0.01627	0.01529	0.01180	0.01554	0.01030	0.01500	0.00795	0.00558	0.00571	0.00186	0.00744	0.00509	0.00261	0.00697
18	0.01674	0.01660	0.03522	0.02467	0.40003	0.18707	0.04508	0.04280	0.01438	0.08026	0.01137	0.01353	0.00902	0.00543	0.00548	0.00160	0.00737	0.00474	0.00334	0.07526
19	0.01225	0.16424	0.46318	0.01334	0.02038	0.01367	0.01581	0.01709	0.01195	0.01740	0.00983	0.01150	0.00754	0.00506	0.00484	0.00149	0.00707	0.00382	0.00264	0.19689
20	0.01222	0.00675	0.00912	0.00841	0.00986	0.00689	0.00618	0.01360	0.01054	0.18483	0.01790	0.02687	0.01648	0.29194	0.34602	0.00626	0.00961	0.00679	0.00412	0.00561
21	0.03013	0.01169	0.01871	0.02577	0.48078	0.01172	0.03376	0.06852	0.01360	0.03940	0.01601	0.19270	0.01575	0.00821	0.00603	0.00185	0.00594	0.00767	0.00374	0.00802
22	0.25682	0.02987	0.05807	0.18817	0.05714	0.01225	0.01073	0.07961	0.01318	0.13621	0.01172	0.01328	0.00853	0.00568	0.00486	0.00168	0.00575	0.00433	0.00390	0.09822
23	0.34684	0.22992	0.12267	0.01030	0.01498	0.03046	0.01001	0.12000	0.01329	0.02246	0.02782	0.01113	0.00836	0.00560	0.00426	0.00161	0.00578	0.00373	0.00345	0.00731
24	0.23331	0.13141	0.04866	0.03753	0.09761	0.18848	0.01058	0.06339	0.01376	0.09081	0.01093	0.01295	0.00867	0.00590	0.00476	0.00164	0.00672	0.02187	0.00360	0.00740
25	0.04371	0.08052	0.01425	0.03312	0.03194	0.01008	0.02971	0.05599	0.03843	0.33746	0.20787	0.02331	0.02269	0.00776	0.00572	0.00170	0.00471	0.00650	0.00575	0.03877
26	0.03536	0.01176	0.03790	0.01686	0.21642	0.02446	0.01097	0.03661	0.03815	0.34897	0.05688	0.01777	0.01381	0.00638	0.00554	0.00165	0.00541	0.00542	0.00511	0.10456
27	0.06108	0.00879	0.01065	0.00910	0.01248	0.00777	0.00742	0.01591	0.04955	0.11763	0.10673	0.05028	0.02133	0.00875	0.00569	0.00164	0.00437	0.16987	0.00483	0.32612
28	0.01705	0.00995	0.03038	0.01012	0.01373	0.00890	0.02749	0.04149	0.05172	0.32732	0.15432	0.04211	0.04398	0.00806	0.00654	0.00170	0.05041	0.00663	0.00564	0.14245

[dist]
# distance from previous block
# <min> <max>
2	16

[block]
# block no. 10 follows, 41 sequences, length 14
# corresponding to MSA columns:
# 435-448
name=unknown_K
#
# <colnr> <probs for GDERKNQSTAVLIFYWHMCP>
#	G	D	E	R	K	N	Q	S	T	A	V	L	I	F	Y	W	H	M	C	P
0	0.04306	0.01065	0.01533	0.04529	0.17168	0.01085	0.02877	0.06376	0.03159	0.27249	0.10741	0.05135	0.01767	0.02798	0.00759	0.00195	0.07298	0.00649	0.00503	0.00809
1	0.05688	0.01253	0.07757	0.01542	0.13226	0.01032	0.08564	0.02116	0.03640	0.31269	0.01805	0.01799	0.04992	0.00633	0.00555	0.00166	0.00573	0.00552	0.00480	0.12358
2	0.04437	0.01177	0.01752	0.04674	0.12404	0.01121	0.11971	0.08859	0.04925	0.21039	0.05719	0.01707	0.01304	0.00610	0.00559	0.00162	0.00583	0.00550	0.00464	0.15981
3	0.01467	0.01090	0.01545	0.01650	0.20371	0.01039	0.04063	0.03795	0.12203	0.14030	0.14289	0.02052	0.01868	0.00679	0.00564	0.00160	0.00504	0.00602	0.00473	0.17555
4	0.03803	0.01199	0.06691	0.01979	0.30421	0.01060	0.03715	0.03549	0.03877	0.05275	0.19359	0.02313	0.04149	0.00731	0.00584	0.00170	0.00541	0.02002	0.00419	0.08163
5	0.01208	0.03806	0.01166	0.01027	0.05578	0.00853	0.00749	0.01630	0.11226	0.08886	0.20981	0.09358	0.04802	0.00884	0.00576	0.00161	0.00407	0.03009	0.00502	0.23193
6	0.01568	0.01132	0.04287	0.05460	0.14664	0.01103	0.01059	0.07088	0.19060	0.19260	0.05003	0.14195	0.01850	0.00865	0.00602	0.00189	0.00517	0.00752	0.00522	0.00825
7	0.37766	0.01256	0.01715	0.02248	0.40022	0.01329	0.04389	0.01726	0.01160	0.02174	0.00956	0.01207	0.00778	0.00518	0.00477	0.00174	0.00587	0.00429	0.00315	0.00774
8	0.01220	0.12267	0.08583	0.00966	0.01423	0.01049	0.00862	0.01605	0.07907	0.03527	0.01416	0.11571	0.01301	0.00663	0.00485	0.00131	0.00482	0.00545	0.00372	0.43624
9	0.01516	0.01006	0.01220	0.00888	0.01381	0.00781	0.00717	0.01762	0.01294	0.19769	0.01313	0.01368	0.00983	0.00492	0.00460	0.00107	0.00439	0.00395	0.00427	0.63682
10	0.00962	0.00734	0.00989	0.09902	0.05505	0.00728	0.00748	0.04906	0.01517	0.04020	0.41287	0.08454	0.15813	0.01111	0.00652	0.00186	0.00381	0.00970	0.00543	0.00591
11	0.01066	0.00644	0.00738	0.00789	0.04638	0.00649	0.00528	0.05917	0.01247	0.01985	0.03916	0.12797	0.01908	0.11862	0.00821	0.00211	0.00360	0.00733	0.48647	0.00545
12	0.01246	0.05556	0.58027	0.01738	0.08607	0.01372	0.04194	0.06459	0.01328	0.01931	0.03612	0.01340	0.00920	0.00567	0.00549	0.00178	0.00793	0.00460	0.00281	0.00842
13	0.00906	0.01169	0.17608	0.01126	0.03695	0.00813	0.05086	0.01167	0.01072	0.01481	0.02164	0.15422	0.09727	0.17307	0.18253	0.00429	0.00798	0.00846	0.00360	0.00568

[dist]
# distance from previous block
# <min> <max>
0	2

[block]
# block no. 11 follows, 41 sequences, length 12
# corresponding to MSA columns:
# 451-462
name=unknown_L
#
# <colnr> <probs for GDERKNQSTAVLIFYWHMCP>
#	G	D	E	R	K	N	Q	S	T	A	V	L	I	F	Y	W	H	M	C	P
0	0.01189	0.00998	0.01653	0.48730	0.03025	0.01139	0.07917	0.01607	0.05409	0.07505	0.08210	0.07227	0.01511	0.00725	0.00602	0.00192	0.00667	0.00662	0.00365	0.00669
1	0.37195	0.01827	0.01584	0.01323	0.01692	0.31781	0.13371	0.01948	0.01296	0.01975	0.00893	0.01075	0.00709	0.00546	0.00473	0.00168	0.00767	0.00395	0.00319	0.00663
2	0.35766	0.01048	0.01082	0.01089	0.06330	0.03156	0.00796	0.03937	0.04094	0.04494	0.01400	0.03857	0.01317	0.11052	0.00931	0.00242	0.07938	0.08585	0.02260	0.00624
3	0.01703	0.01896	0.01948	0.10508	0.35424	0.32893	0.01447	0.04318	0.01463	0.01689	0.01000	0.01267	0.00823	0.00555	0.00546	0.00163	0.00832	0.00451	0.00294	0.00779
4	0.00994	0.00497	0.00745	0.00745	0.00745	0.00497	0.00497	0.00745	0.00745	0.00994	0.00994	0.01739	0.00994	0.01987	0.02235	0.83358	0.00497	0.00497	0.00248	0.00248
5	0.01195	0.01087	0.01411	0.01259	0.03593	0.10655	0.13177	0.01431	0.01323	0.05815	0.10948	0.05032	0.11853	0.08075	0.07606	0.00292	0.02226	0.11990	0.00432	0.00601
6	0.00760	0.00579	0.00699	0.00677	0.00826	0.00518	0.00505	0.00981	0.01492	0.02010	0.49601	0.07959	0.28733	0.01289	0.00678	0.00187	0.00279	0.01117	0.00593	0.00518
7	0.01369	0.02648	0.65106	0.01534	0.02317	0.01252	0.01914	0.01964	0.01275	0.13532	0.01219	0.01323	0.00833	0.00569	0.00548	0.00180	0.00789	0.00447	0.00314	0.00865
8	0.01494	0.01675	0.01478	0.01333	0.01473	0.31736	0.01045	0.01642	0.01181	0.01366	0.01011	0.01465	0.00939	0.04082	0.18228	0.00368	0.28109	0.00483	0.00284	0.00606
9	0.01247	0.01339	0.02717	0.02008	0.02423	0.01339	0.52477	0.01615	0.01208	0.01666	0.01202	0.01788	0.01020	0.09184	0.06368	0.00288	0.10463	0.00666	0.00292	0.00691
10	0.04255	0.04397	0.01498	0.01488	0.13156	0.01402	0.01018	0.07523	0.47861	0.02351	0.07286	0.02034	0.01746	0.00737	0.00569	0.00184	0.00493	0.00619	0.00517	0.00867
11	0.17262	0.13944	0.14681	0.01733	0.20489	0.04121	0.01296	0.07282	0.01357	0.11139	0.01130	0.01258	0.00855	0.00556	0.00491	0.00166	0.00637	0.00428	0.00357	0.00819

[dist]
# distance from previous block
# <min> <max>
7	19

[block]
# block no. 12 follows, 41 sequences, length 18
# corresponding to MSA columns:
# 485-502
