[name]
unknown

[dist]
# distance from previous block
# <min> <max>
4	182

[block]
# block no. 0 follows, 42 sequences, length 24
# corresponding to MSA columns:
# 204-227
name=unknown_A
#
# <colnr> <probs for GDERKNQSTAVLIFYWHMCP>
#	G	D	E	R	K	N	Q	S	T	A	V	L	I	F	Y	W	H	M	C	P
0	0.06855	0.01180	0.03259	0.08527	0.11026	0.03138	0.01009	0.08111	0.06991	0.20329	0.03613	0.01562	0.01156	0.00592	0.00516	0.00153	0.00536	0.00484	0.00450	0.20510
1	0.01488	0.01049	0.05580	0.03240	0.01402	0.05836	0.03631	0.01798	0.04373	0.24119	0.10962	0.02346	0.03863	0.01580	0.18414	0.00344	0.01926	0.02375	0.04971	0.00702
2	0.01230	0.23889	0.03824	0.01039	0.01301	0.01264	0.00928	0.01526	0.05637	0.06657	0.05960	0.10162	0.02130	0.01050	0.00719	0.00198	0.08404	0.23013	0.00424	0.00643
3	0.01780	0.03976	0.01513	0.01227	0.03619	0.03019	0.00965	0.36238	0.25655	0.05878	0.01663	0.01626	0.01225	0.00680	0.00543	0.00169	0.00539	0.00535	0.05023	0.04127
4	0.01721	0.01308	0.09308	0.05523	0.16017	0.01105	0.01160	0.10030	0.05537	0.24951	0.03893	0.01624	0.01202	0.00608	0.00541	0.00160	0.00562	0.00510	0.00467	0.13771
5	0.01623	0.08364	0.17380	0.03002	0.11987	0.04706	0.07775	0.12257	0.02638	0.15634	0.04775	0.04764	0.01256	0.00654	0.00557	0.00172	0.00661	0.00558	0.00413	0.00825
6	0.08154	0.10631	0.31338	0.06440	0.03557	0.02873	0.05350	0.08874	0.04218	0.06655	0.01304	0.04590	0.02376	0.00627	0.00525	0.00173	0.00687	0.00504	0.00342	0.00782
7	0.05944	0.00813	0.01009	0.00853	0.01115	0.00777	0.00674	0.08975	0.01669	0.23826	0.43549	0.03084	0.03497	0.00939	0.00609	0.00175	0.00371	0.00799	0.00621	0.00700
8	0.06880	0.01586	0.15964	0.01428	0.04875	0.09450	0.05184	0.01594	0.02620	0.04448	0.03226	0.05683	0.01168	0.05982	0.03353	0.00243	0.24770	0.00564	0.00316	0.00667
9	0.01620	0.18765	0.22022	0.01244	0.01770	0.01408	0.04251	0.08634	0.05941	0.18378	0.01414	0.04407	0.01075	0.00638	0.00552	0.00165	0.02749	0.00500	0.00406	0.04062
10	0.01211	0.00912	0.01326	0.03420	0.25654	0.00892	0.00984	0.01557	0.07281	0.10414	0.11523	0.14012	0.14381	0.00965	0.00609	0.00183	0.00458	0.00856	0.02654	0.00708
11	0.00905	0.00605	0.00768	0.00758	0.00880	0.00585	0.00560	0.01094	0.01326	0.06674	0.30325	0.26351	0.12780	0.01284	0.00714	0.00193	0.04575	0.01110	0.07980	0.00534
12	0.07832	0.24391	0.05966	0.13399	0.06453	0.04914	0.04095	0.06115	0.01346	0.09651	0.07634	0.01601	0.03125	0.00621	0.00499	0.00160	0.00613	0.00492	0.00363	0.00729
13	0.01443	0.01032	0.01628	0.26639	0.24072	0.01087	0.01288	0.01786	0.04343	0.18089	0.01608	0.11697	0.01355	0.00737	0.00582	0.00184	0.00600	0.00662	0.00404	0.00764
14	0.02184	0.00898	0.01199	0.00945	0.01321	0.00794	0.00770	0.04440	0.01620	0.60311	0.13915	0.02269	0.02002	0.00766	0.00575	0.00173	0.00441	0.00634	0.03871	0.00874
15	0.02861	0.01057	0.01618	0.16069	0.28858	0.01117	0.01251	0.05843	0.01392	0.07588	0.15520	0.02294	0.03876	0.00754	0.00645	0.00182	0.04051	0.03883	0.00403	0.00738
16	0.01466	0.01216	0.01801	0.02192	0.35294	0.03351	0.05854	0.09395	0.06341	0.08942	0.07949	0.05404	0.04714	0.00733	0.00592	0.00177	0.00590	0.02755	0.00423	0.00812
17	0.02348	0.00919	0.01249	0.00971	0.01376	0.00797	0.00797	0.02570	0.01609	0.69435	0.09820	0.02150	0.01794	0.00743	0.00576	0.00174	0.00457	0.00612	0.00689	0.00914
18	0.01324	0.01505	0.03249	0.02332	0.02875	0.01437	0.71357	0.01782	0.01307	0.01782	0.01120	0.01505	0.00849	0.00497	0.00717	0.00192	0.04477	0.00656	0.00283	0.00753
19	0.01215	0.01139	0.08072	0.19106	0.11726	0.01024	0.06552	0.04393	0.03329	0.08398	0.09073	0.10845	0.07699	0.00822	0.00597	0.00182	0.00579	0.00736	0.00407	0.04106
20	0.01526	0.23440	0.21071	0.03485	0.08232	0.01488	0.04671	0.06530	0.01346	0.13433	0.04081	0.01418	0.01056	0.00683	0.02564	0.00182	0.03180	0.00465	0.00353	0.00798
21	0.00978	0.00489	0.00733	0.00733	0.00733	0.00489	0.00489	0.00733	0.00733	0.00978	0.00978	0.01711	0.00978	0.01955	0.02199	0.83627	0.00489	0.00489	0.00244	0.00244
22	0.05367	0.01164	0.01754	0.03874	0.21300	0.01124	0.07505	0.09101	0.01551	0.37178	0.01666	0.01737	0.01166	0.00633	0.00568	0.00175	0.00589	0.02149	0.00509	0.00890
23	0.01565	0.01506	0.01743	0.13803	0.22043	0.17301	0.03345	0.10123	0.08625	0.04989	0.01357	0.07211	0.01148	0.00681	0.00588	0.00175	0.02082	0.00574	0.00372	0.00770

[dist]
# distance from previous block
# <min> <max>
0	1

[block]
# block no. 1 follows, 42 sequences, length 37
# corresponding to MSA columns:
# 229-265
name=unknown_B
#
# <colnr> <probs for GDERKNQSTAVLIFYWHMCP>
#	G	D	E	R	K	N	Q	S	T	A	V	L	I	F	Y	W	H	M	C	P
0	0.01268	0.01061	0.04007	0.01007	0.01291	0.01082	0.00815	0.08858	0.35742	0.04865	0.30084	0.02783	0.02952	0.00890	0.00604	0.00183	0.00409	0.00757	0.00581	0.00761
1	0.01657	0.01313	0.01424	0.01130	0.01551	0.01383	0.00910	0.33325	0.25525	0.02732	0.01561	0.01543	0.01168	0.00638	0.00529	0.00154	0.00513	0.00504	0.00508	0.21933
2	0.00761	0.00526	0.00647	0.00699	0.00725	0.00511	0.00440	0.00826	0.00986	0.01327	0.07746	0.35789	0.02974	0.39602	0.03591	0.00394	0.00456	0.01157	0.00437	0.00408
3	0.10437	0.13326	0.03914	0.05296	0.09813	0.03869	0.06807	0.11517	0.01498	0.23041	0.01394	0.01502	0.01015	0.00603	0.00515	0.00166	0.00605	0.01655	0.02209	0.00816
4	0.01279	0.08009	0.45213	0.01777	0.05508	0.01388	0.19223	0.01862	0.04184	0.04643	0.01123	0.01318	0.00820	0.00530	0.00557	0.00177	0.00807	0.00485	0.00281	0.00816
5	0.01063	0.01000	0.01688	0.78870	0.03876	0.01250	0.01563	0.01438	0.01125	0.01438	0.01000	0.01500	0.00750	0.00563	0.00563	0.00188	0.00750	0.00500	0.00250	0.00625
6	0.01317	0.01231	0.02315	0.34171	0.16244	0.01293	0.26128	0.01706	0.01256	0.07125	0.01146	0.01517	0.00857	0.00532	0.00596	0.00184	0.00783	0.00560	0.00299	0.00741
7	0.01438	0.04182	0.04612	0.16115	0.09302	0.00996	0.06993	0.01716	0.01294	0.21786	0.04112	0.15201	0.01717	0.00997	0.03832	0.00219	0.00618	0.03703	0.00445	0.00722
8	0.00733	0.00539	0.00686	0.00721	0.00820	0.00493	0.00513	0.00912	0.01337	0.01817	0.36475	0.35706	0.14285	0.01441	0.00687	0.00200	0.00293	0.01282	0.00566	0.00493
9	0.00940	0.00548	0.00669	0.00712	0.00820	0.00525	0.00525	0.01138	0.01217	0.05303	0.10578	0.32014	0.02888	0.01212	0.00589	0.00187	0.00321	0.07686	0.31611	0.00519
10	0.01379	0.01204	0.01569	0.30226	0.05712	0.04457	0.03714	0.08939	0.26536	0.04606	0.01602	0.04950	0.01252	0.00691	0.00574	0.00186	0.00622	0.00595	0.00420	0.00768
11	0.01430	0.01305	0.04833	0.07657	0.30490	0.03787	0.01283	0.02188	0.26715	0.07067	0.01690	0.01783	0.03112	0.00641	0.00558	0.00176	0.00580	0.00562	0.03300	0.00843
12	0.00850	0.00537	0.00707	0.00744	0.00811	0.00512	0.00537	0.00833	0.00995	0.01277	0.02670	0.12801	0.18606	0.07431	0.01496	0.35397	0.00433	0.12600	0.00391	0.00373
13	0.07081	0.00975	0.01630	0.01295	0.01619	0.00926	0.26132	0.01417	0.05197	0.04532	0.07059	0.12639	0.23584	0.00999	0.00642	0.00194	0.00550	0.02464	0.00442	0.00624
14	0.02988	0.18673	0.11364	0.11691	0.21456	0.04080	0.01391	0.07946	0.04519	0.04143	0.01068	0.01287	0.00851	0.00575	0.00591	0.00167	0.05663	0.00447	0.00311	0.00791
15	0.01142	0.00687	0.00929	0.00867	0.01036	0.00704	0.00663	0.01427	0.05909	0.15214	0.17916	0.08315	0.02474	0.07644	0.31884	0.00498	0.00838	0.00774	0.00477	0.00601
16	0.00695	0.00537	0.00633	0.00684	0.00793	0.00482	0.00482	0.00826	0.01195	0.01527	0.10461	0.36523	0.34725	0.04333	0.03212	0.00240	0.00348	0.01316	0.00518	0.00469
17	0.01424	0.07559	0.04171	0.01114	0.04183	0.11459	0.00874	0.09574	0.06524	0.09173	0.21462	0.09049	0.04317	0.00893	0.00624	0.00174	0.03392	0.00729	0.02611	0.00694
18	0.01813	0.06526	0.14280	0.03180	0.07716	0.07379	0.03554	0.24072	0.01715	0.15444	0.01285	0.01371	0.00929	0.00641	0.00656	0.00174	0.07506	0.00481	0.00427	0.00850
19	0.01726	0.02035	0.01754	0.01514	0.01716	0.42532	0.05740	0.03656	0.01327	0.01448	0.00849	0.01136	0.00744	0.00729	0.01024	0.00187	0.30518	0.00434	0.00280	0.00653
20	0.01357	0.00977	0.01446	0.04073	0.04690	0.00955	0.12720	0.03611	0.13483	0.16446	0.12255	0.03040	0.18095	0.00905	0.00624	0.00186	0.00503	0.03388	0.00519	0.00725
21	0.01394	0.34539	0.32866	0.01266	0.01869	0.01643	0.03280	0.03681	0.03569	0.06244	0.04023	0.01275	0.00981	0.00556	0.00475	0.00155	0.00679	0.00417	0.00302	0.00786
22	0.01571	0.20034	0.17318	0.01308	0.04832	0.06922	0.01205	0.14618	0.13310	0.06197	0.02950	0.03559	0.01146	0.00639	0.00512	0.00162	0.00634	0.00492	0.00396	0.02197
23	0.00715	0.00565	0.00574	0.00572	0.00752	0.00483	0.00429	0.00877	0.01286	0.01621	0.08713	0.04985	0.64600	0.01326	0.00635	0.00183	0.00282	0.01105	0.09815	0.00483
24	0.01985	0.00865	0.01092	0.00881	0.01217	0.00799	0.00713	0.06855	0.03015	0.46746	0.06960	0.02081	0.01643	0.00716	0.00528	0.00163	0.00417	0.00583	0.21922	0.00817
25	0.01333	0.01165	0.01727	0.29737	0.12498	0.03813	0.05272	0.04748	0.07087	0.07147	0.01288	0.05065	0.01058	0.00809	0.03142	0.00215	0.12268	0.00572	0.00341	0.00715
26	0.01213	0.21960	0.13566	0.00950	0.01314	0.01126	0.00920	0.01500	0.01374	0.10002	0.30388	0.07091	0.04678	0.00871	0.00556	0.00165	0.00471	0.00723	0.00460	0.00670
27	0.01355	0.00818	0.00920	0.00787	0.01060	0.00778	0.00623	0.14180	0.01595	0.17162	0.08872	0.03483	0.33256	0.01028	0.00592	0.00174	0.00378	0.00845	0.11430	0.00666
28	0.01825	0.01241	0.01377	0.01109	0.01475	0.01338	0.00898	0.38970	0.15216	0.12723	0.10985	0.01958	0.01719	0.00752	0.00567	0.00172	0.00504	0.00602	0.05704	0.00866
29	0.19170	0.01031	0.01528	0.47718	0.02886	0.01214	0.06316	0.03711	0.01146	0.01764	0.01148	0.07864	0.00979	0.00651	0.00536	0.00188	0.00656	0.00560	0.00306	0.00627
30	0.01328	0.40837	0.08686	0.01379	0.01851	0.01681	0.19462	0.01633	0.01219	0.01542	0.01267	0.02014	0.01186	0.00668	0.00522	0.00166	0.00693	0.12860	0.00299	0.00705
31	0.01516	0.01133	0.01301	0.01165	0.01461	0.01234	0.00976	0.33668	0.12365	0.02594	0.02170	0.03563	0.02026	0.01058	0.00655	0.00210	0.00552	0.31046	0.00545	0.00763
32	0.84197	0.01088	0.00827	0.00740	0.01088	0.01262	0.00609	0.01654	0.00958	0.02525	0.00784	0.00914	0.00609	0.00522	0.00348	0.00174	0.00435	0.00305	0.00348	0.00609
33	0.01393	0.01337	0.02284	0.03454	0.76712	0.01337	0.01727	0.01727	0.01281	0.01839	0.01059	0.01393	0.00891	0.00501	0.00557	0.00167	0.00669	0.00501	0.00279	0.00891
34	0.01240	0.01053	0.01196	0.00912	0.01362	0.00915	0.00724	0.04256	0.16921	0.02013	0.03217	0.01447	0.01139	0.00517	0.00461	0.00111	0.00426	0.00421	0.00399	0.61269
35	0.00949	0.00810	0.01220	0.03975	0.21189	0.00777	0.02546	0.01183	0.01291	0.01760	0.17662	0.21193	0.13567	0.01131	0.00645	0.00192	0.00442	0.05816	0.00457	0.03194
36	0.05363	0.00994	0.01540	0.01288	0.03148	0.01005	0.18282	0.05547	0.10754	0.04029	0.22918	0.13044	0.05337	0.00945	0.00670	0.00190	0.02927	0.00867	0.00484	0.00667

[dist]
# distance from previous block
# <min> <max>
0	1

[block]
# block no. 2 follows, 42 sequences, length 21
# corresponding to MSA columns:
# 267-287
name=unknown_C
#
# <colnr> <probs for GDERKNQSTAVLIFYWHMCP>
#	G	D	E	R	K	N	Q	S	T	A	V	L	I	F	Y	W	H	M	C	P
0	0.01851	0.01215	0.02270	0.01660	0.02146	0.01109	0.37643	0.02199	0.01447	0.35612	0.01660	0.01727	0.01127	0.00584	0.00606	0.00180	0.00702	0.00613	0.04814	0.00836
1	0.01620	0.00818	0.01047	0.00922	0.01184	0.00769	0.00711	0.07480	0.05377	0.33615	0.09033	0.28343	0.04416	0.01115	0.00628	0.00194	0.00413	0.00968	0.00610	0.00736
2	0.00854	0.00696	0.01042	0.19656	0.03265	0.00740	0.02735	0.01062	0.01140	0.01515	0.09765	0.26521	0.07567	0.09228	0.06862	0.00294	0.00568	0.05550	0.00420	0.00519
3	0.50674	0.01617	0.01129	0.01008	0.01333	0.26826	0.00795	0.01900	0.01201	0.05885	0.00884	0.01006	0.00691	0.00562	0.00449	0.00166	0.02549	0.00342	0.00344	0.00642
4	0.01129	0.02911	0.77306	0.01604	0.02436	0.01307	0.02079	0.01782	0.01188	0.01782	0.01010	0.01188	0.00713	0.00535	0.00535	0.00178	0.00832	0.00416	0.00238	0.00832
5	0.00754	0.00576	0.00694	0.00670	0.00822	0.00515	0.00506	0.00977	0.01476	0.01983	0.49615	0.04690	0.29997	0.01258	0.00668	0.00184	0.00280	0.03240	0.00583	0.00511
6	0.01192	0.01155	0.01200	0.06256	0.12433	0.17075	0.00937	0.01431	0.03527	0.01595	0.02058	0.28619	0.02184	0.01108	0.00618	0.00195	0.00573	0.10413	0.06831	0.00599
7	0.36910	0.00984	0.00948	0.00842	0.01146	0.01074	0.00669	0.01884	0.18726	0.07514	0.15472	0.02106	0.05637	0.00750	0.00493	0.00177	0.00401	0.00578	0.00484	0.03206
8	0.01353	0.01160	0.01232	0.01111	0.01415	0.01333	0.00863	0.02841	0.69960	0.02347	0.08027	0.02262	0.01996	0.00793	0.00580	0.00190	0.00431	0.00666	0.00576	0.00863
9	0.00872	0.00554	0.00600	0.00617	0.00762	0.00517	0.00472	0.01086	0.01249	0.01842	0.08444	0.07830	0.26798	0.01091	0.00557	0.00172	0.00299	0.08035	0.37700	0.00504
10	0.01335	0.12648	0.41166	0.01860	0.13190	0.01419	0.12043	0.01826	0.01243	0.06549	0.01082	0.01273	0.00804	0.00525	0.00535	0.00170	0.00771	0.00458	0.00280	0.00824
11	0.01228	0.01169	0.01987	0.41079	0.40374	0.01294	0.01645	0.01583	0.01204	0.01639	0.01029	0.01446	0.00821	0.00532	0.00560	0.00177	0.00709	0.00501	0.00264	0.00759
12	0.01492	0.00766	0.00947	0.00827	0.01095	0.00693	0.00641	0.01775	0.07152	0.32200	0.08438	0.12883	0.23468	0.04108	0.00708	0.00201	0.00390	0.00919	0.00597	0.00699
13	0.01332	0.01173	0.01893	0.31157	0.36784	0.01278	0.01526	0.03691	0.06415	0.05399	0.01236	0.01634	0.00983	0.00584	0.00567	0.00179	0.00669	0.02390	0.00322	0.00787
14	0.01300	0.00700	0.00866	0.00795	0.00980	0.00682	0.00605	0.01563	0.09256	0.17418	0.06879	0.02882	0.09311	0.06614	0.01061	0.17210	0.00415	0.06258	0.14624	0.00580
15	0.00793	0.00585	0.00746	0.00830	0.00928	0.00564	0.00629	0.01006	0.04028	0.01579	0.07275	0.35125	0.13145	0.07002	0.00869	0.00250	0.00396	0.23242	0.00516	0.00491
16	0.01270	0.00999	0.00903	0.00822	0.01044	0.13224	0.00627	0.05107	0.01440	0.10455	0.12550	0.04981	0.27816	0.01053	0.00645	0.03354	0.00446	0.00817	0.11858	0.00589
17	0.06869	0.02902	0.20511	0.01234	0.01664	0.01144	0.05004	0.08725	0.04920	0.14639	0.02767	0.01762	0.01193	0.01453	0.17844	0.00343	0.03736	0.02136	0.00400	0.00754
18	0.01261	0.01232	0.10093	0.01113	0.01351	0.10804	0.03538	0.03382	0.01241	0.10390	0.02033	0.32410	0.02113	0.01268	0.02252	0.05563	0.05311	0.03604	0.00433	0.00608
19	0.39313	0.01318	0.04885	0.01010	0.01430	0.01354	0.00870	0.26253	0.01640	0.15158	0.01221	0.01239	0.00860	0.00603	0.00465	0.00173	0.00523	0.00421	0.00472	0.00794
20	0.01520	0.23124	0.33337	0.01444	0.05557	0.09183	0.03104	0.03507	0.02870	0.09749	0.01105	0.01213	0.00828	0.00547	0.00495	0.00159	0.00733	0.00412	0.00310	0.00803

[dist]
# distance from previous block
# <min> <max>
0	1

[block]
# block no. 3 follows, 42 sequences, length 7
# corresponding to MSA columns:
# 289,332-337
name=unknown_D
#
# <colnr> <probs for GDERKNQSTAVLIFYWHMCP>
#	G	D	E	R	K	N	Q	S	T	A	V	L	I	F	Y	W	H	M	C	P
0	0.01681	0.00729	0.00998	0.00850	0.01086	0.00666	0.00657	0.01761	0.01270	0.37278	0.07677	0.02183	0.04261	0.01326	0.05252	0.25418	0.00502	0.00600	0.05162	0.00643
1	0.00686	0.00490	0.00653	0.00784	0.00816	0.00457	0.00522	0.00784	0.01077	0.01437	0.03102	0.79855	0.03722	0.01763	0.00718	0.00229	0.00326	0.01600	0.00522	0.00457
2	0.03828	0.01146	0.06330	0.19765	0.13976	0.01069	0.06139	0.04133	0.01343	0.22578	0.01593	0.08599	0.01260	0.00697	0.00567	0.00180	0.00604	0.00619	0.04803	0.00771
3	0.01475	0.05458	0.01510	0.08436	0.11148	0.04532	0.00982	0.01986	0.15223	0.12132	0.01398	0.01482	0.01065	0.00555	0.00498	0.00141	0.00530	0.00458	0.00406	0.30585
4	0.01417	0.19596	0.27782	0.08260	0.02125	0.01597	0.05103	0.13767	0.11374	0.02013	0.01191	0.01317	0.00899	0.00576	0.00514	0.00167	0.00693	0.00454	0.00339	0.00813
5	0.01270	0.01062	0.01297	0.05626	0.08715	0.03668	0.00938	0.13677	0.16778	0.02062	0.08308	0.02112	0.03656	0.01742	0.22894	0.00384	0.00816	0.00613	0.00430	0.03952
6	0.01028	0.00857	0.01275	0.43313	0.02479	0.01000	0.01067	0.05576	0.01163	0.01530	0.07966	0.02401	0.01565	0.25047	0.01277	0.00295	0.00637	0.00644	0.00329	0.00549

[dist]
# distance from previous block
# <min> <max>
0	4

[block]
# block no. 4 follows, 42 sequences, length 21
# corresponding to MSA columns:
# 342-362
name=unknown_E
#
# <colnr> <probs for GDERKNQSTAVLIFYWHMCP>
#	G	D	E	R	K	N	Q	S	T	A	V	L	I	F	Y	W	H	M	C	P
0	0.01268	0.05478	0.01380	0.04551	0.08507	0.00941	0.00843	0.04030	0.03149	0.05537	0.01289	0.07168	0.01140	0.00586	0.00478	0.00122	0.00471	0.01768	0.00369	0.50925
1	0.01166	0.05734	0.17514	0.01167	0.04018	0.00987	0.01083	0.08309	0.03044	0.05699	0.11206	0.12216	0.05827	0.01047	0.00627	0.00197	0.00535	0.17091	0.00458	0.02074
2	0.01230	0.05686	0.14557	0.01150	0.02811	0.01011	0.01075	0.08417	0.06358	0.06755	0.05231	0.04945	0.05746	0.01064	0.00677	0.02474	0.00554	0.26653	0.00460	0.03147
3	0.01488	0.02714	0.05043	0.01114	0.02819	0.12689	0.00901	0.12503	0.03491	0.10431	0.07789	0.07320	0.01956	0.08308	0.00806	0.00214	0.00586	0.12495	0.00466	0.06865
4	0.21726	0.02650	0.01334	0.01178	0.03550	0.01377	0.00936	0.08868	0.08739	0.02073	0.08209	0.01795	0.01398	0.00966	0.04085	0.00231	0.26132	0.03698	0.00386	0.00669
5	0.01068	0.00941	0.01510	0.02170	0.39717	0.00926	0.01173	0.01303	0.01207	0.01668	0.02109	0.30917	0.04042	0.01089	0.00640	0.00199	0.00519	0.07720	0.00397	0.00686
6	0.01314	0.01288	0.04964	0.01280	0.09534	0.12047	0.00880	0.07625	0.16331	0.01712	0.01574	0.02343	0.01473	0.30752	0.02723	0.00326	0.02185	0.00626	0.00384	0.00640
7	0.01585	0.01114	0.08544	0.29481	0.02368	0.01000	0.03293	0.01916	0.01363	0.29291	0.08792	0.01915	0.01460	0.00668	0.00566	0.00178	0.00593	0.00572	0.04543	0.00756
8	0.01031	0.01082	0.08001	0.10613	0.01887	0.01003	0.17812	0.01317	0.01129	0.01579	0.08396	0.04525	0.01615	0.04788	0.15720	0.06065	0.06296	0.04029	0.02520	0.00590
9	0.00788	0.00611	0.00706	0.00668	0.00839	0.00552	0.00505	0.03749	0.01493	0.01974	0.41751	0.04641	0.37165	0.01256	0.00661	0.00183	0.00288	0.01075	0.00574	0.00522
10	0.01296	0.04227	0.38289	0.01584	0.09005	0.01383	0.01554	0.04710	0.28052	0.02041	0.01481	0.01533	0.01100	0.00617	0.00547	0.00180	0.00664	0.00503	0.00373	0.00860
11	0.01019	0.00877	0.01342	0.08752	0.14902	0.01035	0.01033	0.01240	0.00992	0.01443	0.01268	0.01887	0.01165	0.05970	0.37010	0.00543	0.14925	0.00562	0.03438	0.00597
12	0.01081	0.08320	0.32207	0.08811	0.01993	0.01201	0.04749	0.01504	0.01261	0.01788	0.19537	0.02162	0.01955	0.00760	0.00681	0.00184	0.07244	0.03521	0.00347	0.00695
13	0.01167	0.01000	0.01167	0.00834	0.01334	0.00750	0.00667	0.01417	0.01167	0.01834	0.01000	0.01167	0.00834	0.00417	0.00417	0.00083	0.00417	0.00333	0.00333	0.83663
14	0.00729	0.00539	0.00680	0.00724	0.00819	0.00496	0.00515	0.00892	0.01276	0.01712	0.27468	0.36715	0.16985	0.03821	0.02333	0.00228	0.00334	0.02707	0.00544	0.00483
15	0.84197	0.01088	0.00827	0.00740	0.01088	0.01262	0.00609	0.01654	0.00958	0.02525	0.00784	0.00914	0.00609	0.00522	0.00348	0.00174	0.00435	0.00305	0.00348	0.00609
16	0.00778	0.00571	0.00729	0.00698	0.00831	0.00522	0.00520	0.01023	0.01537	0.02144	0.65809	0.07863	0.12462	0.01207	0.00666	0.00181	0.00270	0.01062	0.00605	0.00522
17	0.00751	0.00558	0.00690	0.00687	0.00808	0.00507	0.00498	0.00948	0.01401	0.01902	0.45139	0.17333	0.20078	0.05209	0.00782	0.00207	0.00294	0.01143	0.00569	0.00497
18	0.32284	0.00841	0.00894	0.00801	0.01042	0.00900	0.00620	0.01549	0.01072	0.16250	0.04517	0.02016	0.01382	0.15667	0.17525	0.00398	0.00687	0.00540	0.00415	0.00602
19	0.01241	0.00879	0.00935	0.00829	0.01053	0.07891	0.00637	0.01543	0.04992	0.13558	0.41473	0.03217	0.07479	0.00952	0.00598	0.00167	0.00385	0.00808	0.06542	0.04823
20	0.00678	0.00567	0.00591	0.00592	0.00770	0.00480	0.00441	0.00830	0.01303	0.01586	0.12223	0.08576	0.66604	0.01414	0.00667	0.00191	0.00285	0.01190	0.00532	0.00480

[dist]
# distance from previous block
# <min> <max>
0	13

[block]
# block no. 5 follows, 42 sequences, length 20
# corresponding to MSA columns:
# 376-395
name=unknown_F
#
# <colnr> <probs for GDERKNQSTAVLIFYWHMCP>
#	G	D	E	R	K	N	Q	S	T	A	V	L	I	F	Y	W	H	M	C	P
0	0.02258	0.00998	0.01286	0.01002	0.01405	0.00918	0.00821	0.12637	0.01741	0.57792	0.08155	0.02159	0.04653	0.00759	0.00577	0.00174	0.00474	0.00619	0.00665	0.00904
1	0.01357	0.00994	0.01186	0.00857	0.01348	0.00761	0.00689	0.01603	0.01229	0.12385	0.01171	0.01272	0.00912	0.00456	0.00438	0.00096	0.00425	0.00366	0.00384	0.72069
2	0.00968	0.00492	0.00726	0.00726	0.00726	0.00492	0.00480	0.00738	0.00738	0.00984	0.01026	0.01831	0.01043	0.06743	0.02240	0.78544	0.00492	0.00509	0.00250	0.00250
3	0.02102	0.02682	0.01595	0.01450	0.01740	0.77963	0.01087	0.02247	0.01595	0.01377	0.00870	0.01015	0.00725	0.00580	0.00507	0.00145	0.01015	0.00362	0.00290	0.00652
4	0.00804	0.00603	0.00904	0.00904	0.01005	0.00703	0.00703	0.01005	0.00904	0.01306	0.01507	0.02211	0.01407	0.04221	0.77992	0.00904	0.01507	0.00603	0.00301	0.00502
5	0.01092	0.00915	0.01083	0.00808	0.01234	0.00706	0.00639	0.01346	0.01253	0.01919	0.16186	0.01778	0.01735	0.00565	0.00467	0.00102	0.00386	0.00471	0.00391	0.66923
6	0.05933	0.00572	0.00686	0.00723	0.00771	0.00577	0.00487	0.00909	0.00937	0.01334	0.02017	0.18423	0.02271	0.36767	0.01862	0.12060	0.00477	0.10094	0.02706	0.00394
7	0.01052	0.00918	0.01256	0.01169	0.01211	0.01166	0.00954	0.01200	0.01003	0.01448	0.03255	0.06129	0.01815	0.12267	0.01597	0.00286	0.40442	0.19536	0.02757	0.00541
8	0.01674	0.01910	0.01347	0.01228	0.01513	0.42356	0.00931	0.02286	0.25499	0.01713	0.02006	0.01982	0.11666	0.00758	0.00551	0.00166	0.00729	0.00567	0.00414	0.00705
9	0.12905	0.00770	0.00928	0.00859	0.01084	0.00756	0.00683	0.04750	0.01437	0.17560	0.25816	0.13996	0.03115	0.01095	0.00620	0.00195	0.00396	0.11831	0.00566	0.00637
10	0.00889	0.00674	0.00826	0.00821	0.00953	0.00692	0.00613	0.01296	0.13275	0.01801	0.24880	0.12628	0.07808	0.13216	0.08823	0.00323	0.00498	0.08929	0.00510	0.00545
11	0.02102	0.02682	0.01595	0.01450	0.01740	0.77963	0.01087	0.02247	0.01595	0.01377	0.00870	0.01015	0.00725	0.00580	0.00507	0.00145	0.01015	0.00362	0.00290	0.00652
12	0.01430	0.01198	0.01482	0.01215	0.01431	0.01417	0.00997	0.23297	0.01542	0.02212	0.11588	0.01697	0.01473	0.00840	0.01091	0.00191	0.33286	0.00552	0.02406	0.10655
13	0.00762	0.00557	0.00669	0.00657	0.00791	0.00498	0.00481	0.00896	0.01319	0.01731	0.32829	0.07817	0.34486	0.01407	0.00882	0.11883	0.00308	0.01041	0.00522	0.00464
14	0.01166	0.00747	0.00851	0.00764	0.01004	0.00688	0.00590	0.10019	0.01500	0.14515	0.09456	0.12782	0.41277	0.01232	0.00642	0.00188	0.00361	0.01036	0.00564	0.00616
15	0.01735	0.01235	0.01401	0.01046	0.01518	0.01174	0.00854	0.32177	0.01837	0.11567	0.01293	0.01333	0.00952	0.00558	0.00496	0.00130	0.00509	0.00433	0.00473	0.39280
16	0.43591	0.01009	0.01039	0.00854	0.01236	0.01036	0.00703	0.02148	0.01268	0.37090	0.01484	0.01417	0.01000	0.00608	0.00451	0.00173	0.00450	0.00433	0.03242	0.00768
17	0.00698	0.00517	0.00653	0.00733	0.00810	0.00471	0.00506	0.00830	0.01192	0.01575	0.14570	0.54855	0.17311	0.01609	0.00700	0.00214	0.00310	0.01437	0.00537	0.00471
18	0.00776	0.00541	0.00683	0.00731	0.00776	0.00528	0.00491	0.00876	0.01057	0.01429	0.12777	0.30091	0.03145	0.32613	0.04980	0.00378	0.00471	0.06772	0.00455	0.00429
19	0.02441	0.01092	0.01389	0.01065	0.01504	0.01027	0.00880	0.18443	0.01836	0.61083	0.02031	0.01793	0.01298	0.00692	0.00565	0.00173	0.00509	0.00553	0.00667	0.00958

[dist]
# distance from previous block
# <min> <max>
0	18

[block]
# block no. 6 follows, 42 sequences, length 16
# corresponding to MSA columns:
# 414-429
name=unknown_G
#
# <colnr> <probs for GDERKNQSTAVLIFYWHMCP>
#	G	D	E	R	K	N	Q	S	T	A	V	L	I	F	Y	W	H	M	C	P
0	0.84197	0.01088	0.00827	0.00740	0.01088	0.01262	0.00609	0.01654	0.00958	0.02525	0.00784	0.00914	0.00609	0.00522	0.00348	0.00174	0.00435	0.00305	0.00348	0.00609
1	0.02102	0.02682	0.01595	0.01450	0.01740	0.77963	0.01087	0.02247	0.01595	0.01377	0.00870	0.01015	0.00725	0.00580	0.00507	0.00145	0.01015	0.00362	0.00290	0.00652
2	0.21595	0.01095	0.01247	0.00992	0.01401	0.01101	0.00815	0.12998	0.06525	0.43901	0.01761	0.01610	0.01167	0.00657	0.00515	0.00174	0.00487	0.00501	0.00587	0.00871
3	0.00764	0.00571	0.00709	0.00681	0.00823	0.00516	0.00508	0.00997	0.01507	0.02068	0.58526	0.07261	0.20529	0.01232	0.00666	0.00182	0.00272	0.01076	0.00595	0.00516
4	0.00741	0.00553	0.00689	0.00698	0.00818	0.00501	0.00507	0.00938	0.01398	0.01895	0.43016	0.23490	0.19965	0.01363	0.00678	0.00193	0.00285	0.01200	0.00575	0.00501
5	0.08819	0.00781	0.00884	0.00859	0.01031	0.00818	0.00640	0.13036	0.05214	0.02005	0.07507	0.35762	0.08394	0.01499	0.06633	0.00254	0.00472	0.01061	0.03742	0.00587
6	0.01393	0.01337	0.02284	0.03454	0.76712	0.01337	0.01727	0.01727	0.01281	0.01839	0.01059	0.01393	0.00891	0.00501	0.00557	0.00167	0.00669	0.00501	0.00279	0.00891
7	0.01033	0.00886	0.01174	0.01045	0.01166	0.01040	0.00844	0.01312	0.05025	0.01844	0.30455	0.02883	0.02804	0.01031	0.01076	0.00201	0.29296	0.06795	0.03052	0.07037
8	0.02139	0.01576	0.01689	0.01295	0.01745	0.01745	0.01070	0.74835	0.02646	0.03547	0.01351	0.01351	0.00957	0.00676	0.00563	0.00169	0.00619	0.00507	0.00563	0.00957
9	0.01144	0.02158	0.47297	0.01300	0.02001	0.01088	0.01523	0.01638	0.01180	0.01803	0.01006	0.01180	0.00760	0.00488	0.00488	0.00141	0.00668	0.00383	0.00275	0.33479
10	0.01066	0.01000	0.01612	0.20197	0.02041	0.01222	0.10201	0.01294	0.00987	0.01388	0.01133	0.01831	0.01051	0.11239	0.16740	0.00393	0.25171	0.00578	0.00275	0.00579
11	0.01743	0.01198	0.01331	0.01131	0.01492	0.01314	0.00899	0.11796	0.50096	0.19239	0.02159	0.01966	0.01551	0.00738	0.00570	0.00184	0.00474	0.00605	0.00599	0.00914
12	0.01478	0.01096	0.01212	0.00950	0.01331	0.01065	0.00760	0.29207	0.01724	0.02499	0.01443	0.07513	0.01212	0.00661	0.00492	0.00135	0.00459	0.00531	0.15012	0.31219
13	0.07321	0.00540	0.00701	0.00742	0.00781	0.00542	0.00498	0.00830	0.00884	0.01276	0.01810	0.30516	0.02047	0.08368	0.01568	0.39513	0.00430	0.00910	0.00363	0.00359
14	0.01619	0.01131	0.01194	0.00988	0.01299	0.01241	0.00792	0.36197	0.13937	0.02822	0.01681	0.01747	0.01259	0.00682	0.00502	0.00159	0.00460	0.00534	0.30970	0.00787
15	0.32186	0.01107	0.01141	0.00932	0.01301	0.01172	0.00762	0.20001	0.01610	0.21297	0.07905	0.01779	0.05149	0.00703	0.00499	0.00174	0.00470	0.00525	0.00520	0.00769

[dist]
# distance from previous block
# <min> <max>
0	5

[block]
# block no. 7 follows, 42 sequences, length 12
# corresponding to MSA columns:
# 435-446
name=unknown_H
#
# <colnr> <probs for GDERKNQSTAVLIFYWHMCP>
#	G	D	E	R	K	N	Q	S	T	A	V	L	I	F	Y	W	H	M	C	P
0	0.04263	0.13575	0.18882	0.24535	0.02394	0.04102	0.01357	0.04218	0.02940	0.14917	0.02869	0.01442	0.00973	0.00588	0.00520	0.00170	0.00676	0.00465	0.00354	0.00760
1	0.00987	0.00854	0.01151	0.03520	0.01239	0.00952	0.03826	0.01147	0.01127	0.04639	0.03054	0.14420	0.29716	0.01189	0.01018	0.00207	0.24771	0.00919	0.00416	0.04847
2	0.00873	0.00591	0.00778	0.00767	0.00887	0.00587	0.00573	0.01063	0.01219	0.05141	0.25305	0.09907	0.10214	0.10634	0.22136	0.00424	0.00665	0.04264	0.03461	0.00510
3	0.07612	0.04909	0.12234	0.19344	0.09124	0.01311	0.17156	0.01721	0.01227	0.09052	0.04229	0.01514	0.01018	0.00596	0.00655	0.00184	0.06527	0.00528	0.00324	0.00736
4	0.01601	0.07450	0.12658	0.06151	0.16849	0.01299	0.09253	0.12774	0.01510	0.15215	0.05171	0.01590	0.01171	0.00659	0.00627	0.03622	0.00653	0.00530	0.00401	0.00817
5	0.01651	0.00928	0.01101	0.00953	0.01255	0.00942	0.00749	0.02359	0.28121	0.29103	0.07751	0.08150	0.03782	0.00847	0.00571	0.00180	0.00412	0.00713	0.09628	0.00806
6	0.00738	0.00502	0.00650	0.00741	0.00764	0.00480	0.00478	0.00788	0.00992	0.01323	0.02637	0.56525	0.03131	0.19717	0.01321	0.06611	0.00389	0.01337	0.00460	0.00414
7	0.01236	0.06828	0.27481	0.10492	0.13871	0.01201	0.02916	0.01644	0.01282	0.07505	0.13178	0.01895	0.03607	0.00680	0.00611	0.00176	0.03726	0.00568	0.00350	0.00753
8	0.01687	0.01464	0.16282	0.01428	0.01924	0.01108	0.17560	0.07729	0.03998	0.27130	0.07875	0.02092	0.01549	0.00703	0.00602	0.00184	0.00646	0.04726	0.00486	0.00826
9	0.01843	0.01102	0.01225	0.01037	0.01312	0.10031	0.00836	0.02097	0.03906	0.35558	0.08225	0.02173	0.01676	0.00801	0.00726	0.00180	0.10921	0.04303	0.11289	0.00758
10	0.79553	0.01178	0.00871	0.00780	0.01125	0.05602	0.00637	0.01688	0.00994	0.02460	0.00788	0.00920	0.00616	0.00526	0.00357	0.00172	0.00468	0.00308	0.00345	0.00612
11	0.01143	0.00832	0.01095	0.00970	0.01039	0.00980	0.00733	0.01254	0.01051	0.09655	0.14086	0.02734	0.02076	0.30885	0.01891	0.00340	0.27596	0.00712	0.00394	0.00535

[dist]
# distance from previous block
# <min> <max>
0	1

[block]
# block no. 8 follows, 42 sequences, length 18
# corresponding to MSA columns:
# 448-465
name=unknown_I
#
# <colnr> <probs for GDERKNQSTAVLIFYWHMCP>
#	G	D	E	R	K	N	Q	S	T	A	V	L	I	F	Y	W	H	M	C	P
0	0.01326	0.01378	0.07216	0.09055	0.11008	0.06964	0.06003	0.07053	0.05920	0.01932	0.06145	0.01515	0.01177	0.00567	0.00546	0.00145	0.02167	0.00481	0.00354	0.29049
1	0.06399	0.44619	0.05581	0.01155	0.01543	0.20649	0.01051	0.01788	0.01214	0.01430	0.00809	0.00980	0.00718	0.00567	0.00570	0.00146	0.09489	0.00343	0.00260	0.00691
2	0.00721	0.00525	0.00679	0.00740	0.00820	0.00483	0.00517	0.00878	0.01266	0.01716	0.27658	0.48430	0.10420	0.01531	0.00696	0.00208	0.00303	0.01372	0.00555	0.00483
3	0.00752	0.00532	0.00668	0.00711	0.00797	0.00493	0.00497	0.00916	0.01264	0.01745	0.28061	0.37602	0.11137	0.06002	0.00799	0.00220	0.00310	0.01249	0.05765	0.00481
4	0.04691	0.01325	0.02567	0.13981	0.02711	0.01306	0.45715	0.05523	0.01373	0.10497	0.01302	0.04094	0.00989	0.00568	0.00621	0.00187	0.00807	0.00636	0.00351	0.00755
5	0.01678	0.01116	0.01287	0.01076	0.01389	0.01201	0.00857	0.22299	0.19764	0.17726	0.06842	0.07397	0.06434	0.02839	0.00721	0.00195	0.05091	0.00705	0.00567	0.00815
6	0.01227	0.00965	0.05531	0.00902	0.01167	0.00871	0.00752	0.18531	0.01744	0.06806	0.36648	0.07613	0.09348	0.01012	0.00618	0.00177	0.00400	0.00861	0.04161	0.00665
7	0.01214	0.05692	0.01461	0.01163	0.01379	0.04216	0.08919	0.01857	0.26792	0.01704	0.03546	0.04749	0.01638	0.21603	0.01340	0.00286	0.10699	0.00678	0.00407	0.00655
8	0.42523	0.00884	0.00826	0.00777	0.01031	0.00977	0.00627	0.01545	0.07038	0.02320	0.17517	0.02429	0.02078	0.00803	0.00485	0.00181	0.00392	0.08515	0.08455	0.00596
9	0.04176	0.17444	0.12613	0.00998	0.01346	0.01194	0.00922	0.07382	0.04681	0.10026	0.04808	0.09410	0.01611	0.14220	0.06544	0.00284	0.00626	0.00642	0.00400	0.00674
10	0.18377	0.01123	0.01413	0.01181	0.01383	0.01362	0.00980	0.01781	0.01088	0.21479	0.01145	0.01344	0.00887	0.00796	0.01158	0.00207	0.39880	0.00468	0.00388	0.03559
11	0.03297	0.35684	0.27297	0.01205	0.01784	0.01678	0.01315	0.06251	0.05080	0.09887	0.01124	0.01195	0.00854	0.00549	0.00463	0.00153	0.00654	0.00397	0.00327	0.00804
12	0.01604	0.01063	0.01212	0.01039	0.01362	0.01133	0.00821	0.08586	0.38659	0.19615	0.13806	0.02426	0.04512	0.00822	0.00587	0.00183	0.00435	0.00686	0.00606	0.00843
13	0.43248	0.01011	0.01049	0.00861	0.01243	0.01035	0.00709	0.02145	0.01284	0.37441	0.03907	0.01490	0.01129	0.00624	0.00460	0.00174	0.00450	0.00450	0.00520	0.00770
14	0.02160	0.01170	0.05436	0.05739	0.04976	0.01037	0.03890	0.11160	0.03168	0.50402	0.03698	0.01807	0.01327	0.00673	0.00570	0.00175	0.00551	0.00561	0.00592	0.00909
15	0.06208	0.06121	0.19262	0.01143	0.01663	0.01100	0.01128	0.04104	0.05884	0.44981	0.01762	0.01632	0.01163	0.00640	0.00536	0.00173	0.00568	0.00505	0.00534	0.00893
16	0.00808	0.00553	0.00688	0.00737	0.00850	0.00497	0.00526	0.00949	0.01230	0.06065	0.12419	0.44898	0.22930	0.01533	0.00690	0.00210	0.00322	0.03051	0.00544	0.00502
17	0.00776	0.00589	0.00665	0.00648	0.00813	0.00532	0.00490	0.01020	0.03543	0.01881	0.32469	0.04594	0.38700	0.01238	0.00642	0.00182	0.00286	0.02828	0.07592	0.00514

[dist]
# distance from previous block
# <min> <max>
1	3

[block]
# block no. 9 follows, 42 sequences, length 22
# corresponding to MSA columns:
# 473-494
name=unknown_J
#
# <colnr> <probs for GDERKNQSTAVLIFYWHMCP>
#	G	D	E	R	K	N	Q	S	T	A	V	L	I	F	Y	W	H	M	C	P
0	0.09914	0.16617	0.22302	0.05606	0.01763	0.06471	0.03268	0.05072	0.01242	0.03784	0.01418	0.17377	0.01362	0.00791	0.00526	0.00175	0.00634	0.00643	0.00342	0.00694
1	0.00837	0.00654	0.00768	0.00726	0.00897	0.00625	0.00548	0.01236	0.10862	0.02068	0.47739	0.04269	0.24301	0.01177	0.00653	0.00182	0.00294	0.01016	0.00587	0.00561
2	0.06041	0.37854	0.02190	0.01118	0.01552	0.14311	0.04247	0.04917	0.01389	0.19737	0.01181	0.01211	0.00894	0.00559	0.00455	0.00145	0.00648	0.00399	0.00379	0.00773
3	0.06867	0.01040	0.01565	0.02050	0.35984	0.01068	0.03175	0.05603	0.01169	0.01715	0.01310	0.02110	0.01262	0.24400	0.08051	0.00345	0.00695	0.00596	0.00320	0.00675
4	0.00762	0.00574	0.00687	0.00674	0.00824	0.00516	0.00511	0.00980	0.01439	0.01938	0.42899	0.06686	0.30013	0.01269	0.00663	0.00186	0.00288	0.05173	0.03410	0.00508
5	0.01255	0.00954	0.01017	0.00863	0.01131	0.00973	0.00674	0.29229	0.01787	0.02315	0.09096	0.03604	0.35199	0.08365	0.00828	0.00214	0.00436	0.00879	0.00529	0.00652
6	0.00818	0.00546	0.00614	0.00614	0.00614	0.00546	0.00341	0.00818	0.00818	0.01091	0.01773	0.03683	0.02046	0.80222	0.02864	0.00546	0.00546	0.00818	0.00341	0.00341
7	0.01347	0.01153	0.01227	0.01107	0.01409	0.01324	0.00859	0.02822	0.69216	0.02346	0.08771	0.02284	0.02032	0.00797	0.00581	0.00190	0.00430	0.00670	0.00577	0.00859
8	0.84197	0.01088	0.00827	0.00740	0.01088	0.01262	0.00609	0.01654	0.00958	0.02525	0.00784	0.00914	0.00609	0.00522	0.00348	0.00174	0.00435	0.00305	0.00348	0.00609
9	0.02139	0.01576	0.01689	0.01295	0.01745	0.01745	0.01070	0.74835	0.02646	0.03547	0.01351	0.01351	0.00957	0.00676	0.00563	0.00169	0.00619	0.00507	0.00563	0.00957
10	0.01009	0.05329	0.01073	0.00806	0.01106	0.00766	0.00637	0.01325	0.05006	0.01981	0.34362	0.02609	0.02885	0.01021	0.05827	0.00188	0.00436	0.00667	0.00464	0.32501
11	0.17456	0.01432	0.11739	0.25203	0.06594	0.07244	0.02750	0.01819	0.01230	0.13693	0.01148	0.01350	0.00832	0.00561	0.00508	0.00172	0.00662	0.00446	0.00347	0.04812
12	0.37612	0.00844	0.00785	0.00725	0.00977	0.00902	0.00570	0.01405	0.06311	0.02236	0.23985	0.02848	0.17078	0.00901	0.00519	0.00179	0.00357	0.00711	0.00477	0.00579
13	0.84197	0.01088	0.00827	0.00740	0.01088	0.01262	0.00609	0.01654	0.00958	0.02525	0.00784	0.00914	0.00609	0.00522	0.00348	0.00174	0.00435	0.00305	0.00348	0.00609
14	0.01378	0.01134	0.01910	0.38321	0.22967	0.01255	0.06480	0.01713	0.01232	0.11817	0.01176	0.01513	0.00882	0.00583	0.00642	0.00184	0.05223	0.00520	0.00320	0.00751
15	0.01241	0.01279	0.06739	0.04044	0.15112	0.01160	0.29949	0.01590	0.01272	0.06059	0.03688	0.10909	0.06039	0.00786	0.00703	0.00194	0.04893	0.03265	0.00360	0.00720
16	0.00784	0.00575	0.00734	0.00694	0.00833	0.00526	0.00521	0.01037	0.01563	0.02185	0.69488	0.04322	0.12282	0.01177	0.00664	0.00178	0.00267	0.01034	0.00610	0.00526
17	0.01326	0.01104	0.01684	0.01425	0.01710	0.07046	0.20629	0.01611	0.01324	0.10973	0.02061	0.03712	0.01996	0.04587	0.00846	0.00233	0.04582	0.32068	0.00438	0.00644
18	0.01496	0.01540	0.17597	0.13143	0.16008	0.01207	0.14821	0.04071	0.01354	0.16590	0.01401	0.01773	0.01061	0.00616	0.00587	0.00183	0.00718	0.04652	0.00371	0.00810
19	0.20106	0.01063	0.01153	0.00978	0.01319	0.01129	0.00782	0.09987	0.21095	0.23067	0.07391	0.06340	0.01683	0.00768	0.00535	0.00181	0.00451	0.00613	0.00556	0.00802
20	0.01982	0.00936	0.01123	0.00925	0.01262	0.05175	0.00744	0.02191	0.01518	0.49945	0.07793	0.05365	0.08885	0.00853	0.00579	0.00176	0.00457	0.02851	0.06438	0.00802
21	0.11106	0.01163	0.01341	0.01041	0.01462	0.01165	0.00857	0.26697	0.01843	0.36708	0.01686	0.01582	0.01132	0.00653	0.00525	0.00165	0.00508	0.00503	0.04199	0.05664

[dist]
# distance from previous block
# <min> <max>
0	2

[block]
# block no. 10 follows, 42 sequences, length 22
# corresponding to MSA columns:
# 497-518
name=unknown_K
#
# <colnr> <probs for GDERKNQSTAVLIFYWHMCP>
#	G	D	E	R	K	N	Q	S	T	A	V	L	I	F	Y	W	H	M	C	P
0	0.04619	0.05156	0.06629	0.01728	0.14320	0.03892	0.13844	0.07075	0.06230	0.01925	0.01183	0.01539	0.00982	0.00601	0.00651	0.00164	0.07600	0.03545	0.00337	0.17979
1	0.04718	0.01169	0.01475	0.38254	0.05488	0.09374	0.01222	0.01653	0.10287	0.01598	0.03049	0.03206	0.01130	0.03941	0.06399	0.00252	0.05274	0.00547	0.00320	0.00645
2	0.00994	0.00707	0.00840	0.00840	0.00943	0.00722	0.00589	0.13983	0.01295	0.01728	0.02408	0.40297	0.02729	0.23767	0.01301	0.00309	0.00451	0.05101	0.00478	0.00516
3	0.01036	0.00919	0.01257	0.01614	0.24837	0.00912	0.00945	0.01493	0.13869	0.01804	0.07297	0.07599	0.29287	0.01031	0.00623	0.00187	0.00443	0.03707	0.00459	0.00680
4	0.10694	0.24834	0.01746	0.01037	0.05492	0.03193	0.00831	0.01560	0.01145	0.01737	0.00904	0.01070	0.00773	0.00471	0.00438	0.00115	0.02451	0.00334	0.00301	0.40874
5	0.00971	0.00715	0.00875	0.00815	0.00983	0.00708	0.00621	0.10026	0.04698	0.02271	0.50256	0.13094	0.06594	0.01176	0.00659	0.00186	0.00334	0.03839	0.00592	0.00586
6	0.01075	0.00918	0.01094	0.00971	0.01226	0.00968	0.04746	0.01936	0.35664	0.02117	0.22792	0.03349	0.18836	0.00995	0.00622	0.00187	0.00390	0.00859	0.00559	0.00697
7	0.00686	0.00490	0.00653	0.00784	0.00816	0.00457	0.00522	0.00784	0.01077	0.01437	0.03102	0.79855	0.03722	0.01763	0.00718	0.00229	0.00326	0.01600	0.00522	0.00457
8	0.01129	0.02911	0.77306	0.01604	0.02436	0.01307	0.02079	0.01782	0.01188	0.01782	0.01010	0.01188	0.00713	0.00535	0.00535	0.00178	0.00832	0.00416	0.00238	0.00832
9	0.00686	0.00490	0.00653	0.00784	0.00816	0.00457	0.00522	0.00784	0.01077	0.01437	0.03102	0.79855	0.03722	0.01763	0.00718	0.00229	0.00326	0.01600	0.00522	0.00457
10	0.84197	0.01088	0.00827	0.00740	0.01088	0.01262	0.00609	0.01654	0.00958	0.02525	0.00784	0.00914	0.00609	0.00522	0.00348	0.00174	0.00435	0.00305	0.00348	0.00609
11	0.84197	0.01088	0.00827	0.00740	0.01088	0.01262	0.00609	0.01654	0.00958	0.02525	0.00784	0.00914	0.00609	0.00522	0.00348	0.00174	0.00435	0.00305	0.00348	0.00609
12	0.01605	0.01739	0.02078	0.02856	0.54324	0.24219	0.01536	0.01882	0.01375	0.01701	0.01002	0.01280	0.00842	0.00525	0.00542	0.00161	0.00772	0.00460	0.00282	0.00820
13	0.01505	0.80561	0.02949	0.00963	0.01444	0.02227	0.00963	0.01685	0.01143	0.01324	0.00782	0.00903	0.00722	0.00481	0.00361	0.00120	0.00602	0.00301	0.00241	0.00722
14	0.01920	0.00966	0.01232	0.00931	0.01370	0.00808	0.00758	0.04337	0.01484	0.43371	0.06713	0.01787	0.01444	0.00628	0.00520	0.00142	0.00447	0.00512	0.00559	0.30070
15	0.21854	0.00767	0.00875	0.00883	0.01079	0.00793	0.00723	0.01387	0.01190	0.09661	0.05334	0.08128	0.02369	0.10128	0.00877	0.00256	0.00475	0.32177	0.00479	0.00564
16	0.00791	0.00589	0.00818	0.00800	0.00920	0.00616	0.00613	0.01015	0.01216	0.01716	0.32910	0.03259	0.08196	0.02753	0.40550	0.00553	0.00907	0.00815	0.00449	0.00512
17	0.00777	0.00562	0.00697	0.00680	0.00786	0.00522	0.00482	0.00964	0.01368	0.01883	0.48085	0.10131	0.12866	0.16454	0.01092	0.00253	0.00326	0.01044	0.00547	0.00482
18	0.01606	0.00857	0.01076	0.06102	0.01363	0.00860	0.00785	0.04803	0.11832	0.27453	0.06712	0.02621	0.01860	0.00820	0.00558	0.00178	0.00439	0.09477	0.19854	0.00745
19	0.06126	0.20286	0.16373	0.01134	0.01643	0.03202	0.01117	0.09881	0.01421	0.19870	0.01257	0.01292	0.00913	0.00578	0.00523	0.00153	0.03189	0.00420	0.00402	0.10218
20	0.01507	0.73197	0.02787	0.00983	0.01437	0.06358	0.00953	0.01682	0.01166	0.01331	0.00875	0.03914	0.00837	0.00536	0.00383	0.00126	0.00614	0.00354	0.00254	0.00708
21	0.01806	0.00792	0.01050	0.00860	0.01169	0.00699	0.00689	0.02039	0.01565	0.45410	0.26099	0.02785	0.05313	0.00865	0.00589	0.00173	0.00389	0.00730	0.06201	0.00775

[dist]
# distance from previous block
# <min> <max>
0	3

[block]
# block no. 11 follows, 42 sequences, length 54
# corresponding to MSA columns:
# 522-575
name=unknown_L
#
# <colnr> <probs for GDERKNQSTAVLIFYWHMCP>
#	G	D	E	R	K	N	Q	S	T	A	V	L	I	F	Y	W	H	M	C	P
0	0.01500	0.51902	0.08408	0.03513	0.09226	0.08659	0.02741	0.03136	0.01234	0.01495	0.00891	0.01057	0.00768	0.00507	0.00424	0.00136	0.00665	0.00359	0.02641	0.00739
1	0.00976	0.00639	0.00805	0.00773	0.00956	0.00563	0.00584	0.01167	0.01336	0.10008	0.23183	0.24889	0.16206	0.01277	0.00653	0.00190	0.00342	0.06370	0.00549	0.08532
2	0.01541	0.24522	0.20271	0.01408	0.10630	0.03916	0.01251	0.01866	0.01310	0.16460	0.05839	0.01589	0.03703	0.00612	0.00501	0.00156	0.00619	0.00480	0.00370	0.02955
3	0.04969	0.11220	0.07182	0.14855	0.04113	0.02738	0.02668	0.08903	0.06374	0.22045	0.04390	0.05433	0.01319	0.00686	0.00541	0.00173	0.00588	0.00563	0.00452	0.00789
4	0.01360	0.00701	0.00911	0.00792	0.01031	0.00621	0.00617	0.01586	0.01537	0.27463	0.38855	0.06617	0.13493	0.01058	0.00633	0.00180	0.00343	0.00911	0.00629	0.00665
5	0.01459	0.00756	0.00982	0.00866	0.01116	0.00692	0.00689	0.04967	0.01546	0.28566	0.26971	0.09976	0.09559	0.01085	0.00641	0.00189	0.00390	0.08244	0.00617	0.00689
6	0.01454	0.01547	0.18095	0.01267	0.01831	0.02972	0.10785	0.05156	0.01339	0.13306	0.01219	0.01336	0.00898	0.00509	0.00507	0.00137	0.00611	0.00439	0.00371	0.36223
