[name]
unknown

[dist]
# distance from previous block
# <min> <max>
0	1249

[block]
# block no. 0 follows, 42 sequences, length 17
# corresponding to MSA columns:
# 1323-1339
name=unknown_A
#
# <colnr> <probs for GDERKNQSTAVLIFYWHMCP>
#	G	D	E	R	K	N	Q	S	T	A	V	L	I	F	Y	W	H	M	C	P
0	0.01288	0.01036	0.01420	0.14754	0.13333	0.04502	0.02906	0.06033	0.03238	0.08128	0.09873	0.02907	0.05150	0.00942	0.02335	0.00202	0.00594	0.14779	0.00432	0.06147
1	0.03019	0.01059	0.01399	0.22737	0.07764	0.05938	0.01065	0.03306	0.03773	0.26913	0.12843	0.04475	0.01784	0.00738	0.00577	0.00178	0.00567	0.00627	0.00486	0.00753
2	0.01738	0.01840	0.01696	0.15309	0.17464	0.36232	0.01256	0.05393	0.01499	0.06611	0.04858	0.01413	0.01050	0.00602	0.00542	0.00162	0.00806	0.00468	0.00337	0.00725
3	0.01584	0.01247	0.02156	0.15644	0.07260	0.01248	0.26555	0.06779	0.05968	0.17775	0.01407	0.01591	0.01008	0.00575	0.00612	0.00178	0.02047	0.00570	0.00403	0.05391
4	0.01004	0.10083	0.04861	0.00758	0.01038	0.00832	0.00652	0.05971	0.01412	0.05926	0.14077	0.04051	0.44994	0.01143	0.00611	0.00177	0.00380	0.00943	0.00501	0.00588
5	0.01170	0.06537	0.18751	0.01014	0.01563	0.00960	0.01001	0.01483	0.01148	0.01745	0.00987	0.01183	0.00806	0.00528	0.00533	0.04446	0.00528	0.00358	0.00301	0.54959
6	0.01359	0.40490	0.22039	0.01116	0.01663	0.01648	0.01194	0.01755	0.05319	0.03967	0.04756	0.01269	0.01036	0.00544	0.00446	0.00140	0.00613	0.00397	0.00302	0.09947
7	0.05589	0.10780	0.31366	0.01294	0.01839	0.06454	0.01368	0.13578	0.05768	0.02064	0.05012	0.01390	0.01069	0.00689	0.02277	0.00182	0.03107	0.00455	0.00346	0.05373
8	0.00798	0.05768	0.00811	0.00642	0.00866	0.00628	0.00493	0.00958	0.01264	0.01592	0.12200	0.04420	0.50856	0.06409	0.00763	0.00196	0.00335	0.00995	0.00482	0.09524
9	0.01408	0.00985	0.02495	0.01103	0.01386	0.00978	0.06679	0.07972	0.20387	0.16091	0.08349	0.22345	0.02379	0.01038	0.00631	0.00197	0.00470	0.03810	0.00555	0.00741
10	0.01383	0.05856	0.13299	0.01314	0.06221	0.24082	0.01092	0.03971	0.03429	0.01774	0.18634	0.02237	0.08668	0.00799	0.00631	0.00169	0.04766	0.00619	0.00389	0.00669
11	0.01670	0.59217	0.02583	0.01089	0.01525	0.19518	0.00996	0.05093	0.01314	0.01436	0.00828	0.00948	0.00733	0.00513	0.00404	0.00128	0.00697	0.00324	0.00266	0.00717
12	0.01326	0.01147	0.04315	0.02171	0.03403	0.00924	0.05403	0.04162	0.06997	0.07191	0.01207	0.01330	0.00942	0.00484	0.00470	0.00115	0.00490	0.00409	0.00376	0.57139
13	0.01372	0.01428	0.21722	0.03646	0.01725	0.00953	0.08068	0.04674	0.01433	0.18996	0.15456	0.05843	0.10553	0.00838	0.00602	0.00182	0.00565	0.00728	0.00473	0.00741
14	0.00691	0.00503	0.00641	0.00748	0.00798	0.00464	0.00500	0.00789	0.01087	0.01427	0.03339	0.66414	0.12435	0.06283	0.00837	0.00242	0.00334	0.01505	0.00512	0.00453
15	0.03420	0.01149	0.03057	0.01286	0.05652	0.08200	0.08886	0.01880	0.17622	0.11965	0.02278	0.24840	0.05331	0.01004	0.00615	0.00193	0.00537	0.00891	0.00485	0.00709
16	0.01618	0.01600	0.15605	0.04430	0.21134	0.03614	0.13268	0.07911	0.01450	0.17279	0.03176	0.01536	0.01056	0.00593	0.00614	0.00177	0.03172	0.00534	0.00388	0.00845

[dist]
# distance from previous block
# <min> <max>
3	6

[block]
# block no. 1 follows, 42 sequences, length 20
# corresponding to MSA columns:
# 1346-1365
name=unknown_B
#
# <colnr> <probs for GDERKNQSTAVLIFYWHMCP>
#	G	D	E	R	K	N	Q	S	T	A	V	L	I	F	Y	W	H	M	C	P
0	0.05656	0.01398	0.03376	0.06667	0.02122	0.04617	0.23970	0.15968	0.09609	0.10016	0.01420	0.04388	0.01094	0.00665	0.00681	0.00187	0.06359	0.00597	0.00419	0.00791
1	0.00686	0.00490	0.00653	0.00784	0.00816	0.00457	0.00522	0.00784	0.01077	0.01437	0.03102	0.79855	0.03722	0.01763	0.00718	0.00229	0.00326	0.01600	0.00522	0.00457
2	0.01167	0.01000	0.01167	0.00834	0.01334	0.00750	0.00667	0.01417	0.01167	0.01834	0.01000	0.01167	0.00834	0.00417	0.00417	0.00083	0.00417	0.00333	0.00333	0.83663
3	0.01579	0.09692	0.01533	0.01330	0.11804	0.01198	0.00922	0.18811	0.06058	0.10980	0.03287	0.01589	0.01138	0.00992	0.00987	0.23043	0.00545	0.00501	0.00411	0.03599
4	0.02194	0.05896	0.01585	0.01291	0.01641	0.47993	0.01007	0.06822	0.01642	0.22734	0.01274	0.01283	0.00926	0.00614	0.00520	0.00153	0.00820	0.00425	0.00418	0.00760
5	0.00804	0.00603	0.00904	0.00904	0.01005	0.00703	0.00703	0.01005	0.00904	0.01306	0.01507	0.02211	0.01407	0.04221	0.77992	0.00904	0.01507	0.00603	0.00301	0.00502
6	0.01971	0.02253	0.05564	0.03970	0.01884	0.47380	0.04692	0.16472	0.04901	0.04077	0.01088	0.01202	0.00838	0.00602	0.00534	0.00158	0.00876	0.00430	0.00363	0.00745
7	0.00830	0.00541	0.00622	0.00622	0.00622	0.00541	0.00352	0.00812	0.00812	0.01083	0.01716	0.03541	0.01969	0.74583	0.02816	0.06532	0.00541	0.00795	0.00334	0.00334
8	0.01139	0.02842	0.73647	0.01642	0.02461	0.01313	0.05670	0.01783	0.01195	0.01783	0.01016	0.01204	0.00720	0.00532	0.00541	0.00179	0.00837	0.00428	0.00240	0.00828
9	0.00706	0.00562	0.00633	0.00635	0.00790	0.00489	0.00469	0.00880	0.01350	0.01727	0.26164	0.13590	0.47249	0.01383	0.00671	0.00191	0.00284	0.01185	0.00551	0.00489
10	0.01223	0.01159	0.06752	0.20230	0.05889	0.01139	0.03097	0.05152	0.04431	0.05523	0.09823	0.05517	0.01517	0.00738	0.00742	0.00177	0.11769	0.00592	0.00371	0.14159
11	0.01393	0.01337	0.02284	0.03454	0.76712	0.01337	0.01727	0.01727	0.01281	0.01839	0.01059	0.01393	0.00891	0.00501	0.00557	0.00167	0.00669	0.00501	0.00279	0.00891
12	0.01493	0.01241	0.01310	0.01142	0.01477	0.01414	0.00899	0.15635	0.58904	0.02523	0.02299	0.02137	0.05421	0.00782	0.00576	0.00187	0.00468	0.00642	0.00568	0.00881
13	0.00857	0.00590	0.00710	0.00685	0.00850	0.00522	0.00511	0.01050	0.01411	0.07264	0.34708	0.13903	0.32262	0.01300	0.00664	0.00188	0.00296	0.01123	0.00576	0.00531
14	0.01267	0.04780	0.01469	0.01294	0.07636	0.00949	0.09722	0.01272	0.00976	0.08803	0.01088	0.01581	0.00954	0.01332	0.01576	0.43515	0.10475	0.00510	0.00297	0.00503
15	0.01142	0.01081	0.01831	0.60716	0.21408	0.01271	0.01602	0.01507	0.01163	0.01534	0.01014	0.01474	0.00784	0.00548	0.00561	0.00183	0.00731	0.00500	0.00257	0.00689
16	0.00711	0.00548	0.00600	0.00628	0.00771	0.00479	0.00455	0.00862	0.01249	0.01602	0.10124	0.22911	0.47620	0.01424	0.00656	0.00194	0.00292	0.01220	0.07176	0.00479
17	0.01167	0.01227	0.05412	0.36186	0.14710	0.04500	0.05210	0.01513	0.02606	0.01538	0.01212	0.04869	0.02438	0.00851	0.04551	0.00226	0.10260	0.00566	0.00283	0.00674
18	0.01389	0.01538	0.12710	0.05817	0.13022	0.01319	0.28951	0.06539	0.10331	0.05652	0.01381	0.03525	0.01064	0.00588	0.00596	0.00182	0.00739	0.00599	0.03254	0.00804
19	0.01892	0.07090	0.04167	0.01041	0.01399	0.01069	0.00880	0.10074	0.05169	0.38822	0.02150	0.12398	0.04731	0.00868	0.00653	0.00183	0.05326	0.00699	0.00566	0.00823

[dist]
# distance from previous block
# <min> <max>
1	24

[block]
# block no. 2 follows, 42 sequences, length 29
# corresponding to MSA columns:
# 1396-1424
name=unknown_C
#
# <colnr> <probs for GDERKNQSTAVLIFYWHMCP>
#	G	D	E	R	K	N	Q	S	T	A	V	L	I	F	Y	W	H	M	C	P
0	0.02217	0.01094	0.01359	0.01057	0.01472	0.01048	0.00871	0.21971	0.01862	0.47642	0.06419	0.02006	0.01545	0.00733	0.00572	0.00172	0.00503	0.02756	0.00637	0.04063
1	0.01473	0.01341	0.01866	0.11044	0.33202	0.04617	0.03737	0.13151	0.14699	0.02139	0.03732	0.01596	0.01164	0.00602	0.00562	0.00172	0.00634	0.00537	0.00385	0.03347
2	0.01162	0.01006	0.01370	0.27063	0.04363	0.02788	0.01109	0.01617	0.11512	0.01722	0.03546	0.01868	0.01238	0.00748	0.00816	0.00190	0.17505	0.02894	0.16843	0.00643
3	0.00783	0.00571	0.00737	0.00704	0.00835	0.00524	0.00525	0.01034	0.01549	0.02174	0.68717	0.08142	0.09201	0.01197	0.00667	0.00180	0.00270	0.01057	0.00609	0.00524
4	0.02391	0.00966	0.01273	0.00985	0.01399	0.00865	0.00811	0.07360	0.01647	0.66737	0.02135	0.01892	0.01368	0.00692	0.00553	0.00171	0.00472	0.00559	0.06798	0.00926
5	0.00686	0.00490	0.00653	0.00784	0.00816	0.00457	0.00522	0.00784	0.01077	0.01437	0.03102	0.79855	0.03722	0.01763	0.00718	0.00229	0.00326	0.01600	0.00522	0.00457
6	0.01328	0.01518	0.03321	0.02372	0.02941	0.01423	0.74668	0.01803	0.01328	0.01803	0.01139	0.01518	0.00854	0.00474	0.00664	0.00190	0.00949	0.00664	0.00285	0.00759
7	0.00825	0.00566	0.00702	0.00757	0.00798	0.00562	0.00526	0.00911	0.00989	0.01307	0.02300	0.15175	0.02618	0.47041	0.01975	0.00420	0.00507	0.21200	0.00416	0.00407
8	0.01167	0.01000	0.01167	0.00834	0.01334	0.00750	0.00667	0.01417	0.01167	0.01834	0.01000	0.01167	0.00834	0.00417	0.00417	0.00083	0.00417	0.00333	0.00333	0.83663
9	0.01129	0.02911	0.77306	0.01604	0.02436	0.01307	0.02079	0.01782	0.01188	0.01782	0.01010	0.01188	0.00713	0.00535	0.00535	0.00178	0.00832	0.00416	0.00238	0.00832
10	0.84197	0.01088	0.00827	0.00740	0.01088	0.01262	0.00609	0.01654	0.00958	0.02525	0.00784	0.00914	0.00609	0.00522	0.00348	0.00174	0.00435	0.00305	0.00348	0.00609
11	0.00686	0.00490	0.00653	0.00784	0.00816	0.00457	0.00522	0.00784	0.01077	0.01437	0.03102	0.79855	0.03722	0.01763	0.00718	0.00229	0.00326	0.01600	0.00522	0.00457
12	0.00822	0.00524	0.00701	0.00800	0.00862	0.00484	0.00545	0.00928	0.01117	0.07031	0.03037	0.74093	0.03550	0.01684	0.00707	0.00225	0.00338	0.01523	0.00535	0.00494
13	0.00836	0.00580	0.00776	0.00870	0.00974	0.00552	0.00681	0.01018	0.01236	0.03804	0.08650	0.36279	0.09282	0.01576	0.00730	0.00233	0.00401	0.30486	0.00533	0.00503
14	0.00805	0.00600	0.00892	0.00892	0.00988	0.00697	0.00688	0.00997	0.00901	0.01297	0.01519	0.02275	0.01435	0.07522	0.74729	0.00889	0.01466	0.00612	0.00303	0.00495
15	0.06595	0.01138	0.01389	0.01070	0.01505	0.01106	0.00884	0.22871	0.01867	0.52693	0.01903	0.01706	0.01231	0.00682	0.00554	0.00173	0.00516	0.00536	0.00641	0.00940
16	0.01206	0.00903	0.00816	0.00770	0.00963	0.09149	0.00580	0.01677	0.14379	0.02003	0.01860	0.07586	0.01547	0.00735	0.00462	0.00148	0.00389	0.00595	0.49380	0.04852
17	0.01137	0.00698	0.00880	0.00793	0.00996	0.00658	0.00608	0.01505	0.08642	0.15029	0.48510	0.06577	0.09557	0.01079	0.00640	0.00181	0.00323	0.00939	0.00617	0.00632
18	0.00679	0.00539	0.00611	0.00660	0.00786	0.00470	0.00469	0.00809	0.01215	0.01519	0.07761	0.34721	0.44682	0.01546	0.00686	0.00205	0.00301	0.01343	0.00527	0.00470
19	0.06906	0.01249	0.01455	0.01121	0.01559	0.01273	0.00926	0.35781	0.02050	0.39169	0.01741	0.01600	0.01149	0.00677	0.00552	0.00172	0.00541	0.00524	0.00616	0.00938
20	0.01505	0.80561	0.02949	0.00963	0.01444	0.02227	0.00963	0.01685	0.01143	0.01324	0.00782	0.00903	0.00722	0.00481	0.00361	0.00120	0.00602	0.00301	0.00241	0.00722
21	0.00831	0.00600	0.00647	0.00624	0.00825	0.00508	0.00472	0.00986	0.01321	0.07952	0.09607	0.08156	0.62758	0.01361	0.00659	0.00190	0.00302	0.01142	0.00543	0.00519
22	0.00718	0.00542	0.00645	0.00707	0.00803	0.00493	0.00500	0.00840	0.01155	0.01475	0.06523	0.35284	0.28992	0.11283	0.00968	0.00255	0.00353	0.07504	0.00503	0.00457
23	0.01181	0.01937	0.35638	0.20475	0.14184	0.01287	0.06193	0.01757	0.06077	0.01756	0.01132	0.01403	0.00846	0.00551	0.00551	0.00179	0.00751	0.00482	0.02837	0.00781
24	0.01178	0.01235	0.04653	0.56084	0.03394	0.04666	0.10291	0.03115	0.01186	0.01531	0.01000	0.01447	0.00764	0.00585	0.00666	0.00190	0.06585	0.00510	0.00262	0.00656
25	0.00816	0.00539	0.00628	0.00647	0.00667	0.00540	0.00391	0.00860	0.00888	0.01228	0.01957	0.14567	0.02210	0.58778	0.06416	0.00488	0.00544	0.00899	0.06557	0.00380
26	0.04450	0.01063	0.01232	0.01030	0.01357	0.01128	0.00826	0.11934	0.24977	0.25369	0.08370	0.02051	0.01726	0.00757	0.00608	0.00178	0.03737	0.00604	0.07767	0.00837
27	0.32591	0.01197	0.01385	0.01138	0.03784	0.01259	0.06738	0.14009	0.01359	0.06928	0.01046	0.01189	0.00801	0.00566	0.00555	0.00161	0.06336	0.00410	0.00388	0.18162
28	0.01854	0.00878	0.01101	0.00890	0.01224	0.00810	0.00713	0.06062	0.05680	0.40725	0.11465	0.02226	0.01881	0.03212	0.00614	0.00175	0.00422	0.00612	0.13719	0.05741

[dist]
# distance from previous block
# <min> <max>
1	18

[block]
# block no. 3 follows, 42 sequences, length 41
# corresponding to MSA columns:
# 1444-1484
name=unknown_D
#
# <colnr> <probs for GDERKNQSTAVLIFYWHMCP>
#	G	D	E	R	K	N	Q	S	T	A	V	L	I	F	Y	W	H	M	C	P
0	0.01265	0.00899	0.01024	0.00883	0.01128	0.00930	0.00693	0.19565	0.09834	0.04953	0.35441	0.03081	0.08304	0.00949	0.00600	0.00173	0.00380	0.00801	0.08411	0.00685
1	0.00934	0.00735	0.00805	0.00742	0.00951	0.00705	0.00568	0.10945	0.05230	0.02014	0.22467	0.08194	0.41124	0.01240	0.00649	0.00186	0.00335	0.01047	0.00555	0.00574
2	0.00709	0.00572	0.00631	0.00616	0.00787	0.00494	0.00462	0.00893	0.01387	0.01768	0.29444	0.05009	0.52586	0.01333	0.00665	0.00186	0.00278	0.01131	0.00555	0.00494
3	0.00769	0.00567	0.00811	0.00906	0.00983	0.00542	0.03021	0.00924	0.01147	0.01518	0.03004	0.56620	0.03493	0.01663	0.00733	0.00236	0.00401	0.21665	0.00514	0.00484
4	0.70409	0.01066	0.00908	0.00784	0.01147	0.01189	0.00646	0.01838	0.01068	0.15115	0.01026	0.01083	0.00742	0.00552	0.00385	0.00174	0.00443	0.00349	0.00407	0.00668
5	0.01505	0.80561	0.02949	0.00963	0.01444	0.02227	0.00963	0.01685	0.01143	0.01324	0.00782	0.00903	0.00722	0.00481	0.00361	0.00120	0.00602	0.00301	0.00241	0.00722
6	0.00791	0.00575	0.00745	0.00702	0.00837	0.00529	0.00527	0.01051	0.01580	0.02226	0.73487	0.04254	0.08257	0.01162	0.00664	0.00178	0.00266	0.01025	0.00615	0.00529
7	0.01360	0.01158	0.01225	0.01106	0.01409	0.01332	0.00859	0.02847	0.69891	0.02342	0.05960	0.02204	0.01889	0.00780	0.00572	0.00188	0.00431	0.00652	0.02933	0.00862
8	0.00804	0.00601	0.00893	0.00893	0.00990	0.00697	0.00690	0.00998	0.00901	0.01298	0.01518	0.02267	0.01431	0.07141	0.75105	0.00891	0.01470	0.00611	0.00303	0.00496
9	0.84197	0.01088	0.00827	0.00740	0.01088	0.01262	0.00609	0.01654	0.00958	0.02525	0.00784	0.00914	0.00609	0.00522	0.00348	0.00174	0.00435	0.00305	0.00348	0.00609
10	0.02525	0.00958	0.01306	0.01001	0.01437	0.00827	0.00827	0.02743	0.01611	0.77102	0.02220	0.01915	0.01393	0.00697	0.00566	0.00174	0.00479	0.00566	0.00697	0.00958
11	0.01049	0.00525	0.00525	0.00525	0.00656	0.00525	0.00393	0.01311	0.01180	0.02098	0.01836	0.02098	0.01442	0.00656	0.00393	0.00131	0.00262	0.00525	0.83346	0.00525
12	0.01049	0.00525	0.00525	0.00525	0.00656	0.00525	0.00393	0.01311	0.01180	0.02098	0.01836	0.02098	0.01442	0.00656	0.00393	0.00131	0.00262	0.00525	0.83346	0.00525
13	0.00773	0.00574	0.00720	0.00684	0.00827	0.00521	0.00513	0.01017	0.01538	0.02127	0.63928	0.04418	0.17878	0.01199	0.00664	0.00179	0.00269	0.01048	0.00602	0.00521
14	0.07207	0.75080	0.02803	0.00948	0.01420	0.02160	0.00939	0.01683	0.01131	0.01407	0.00782	0.00904	0.00714	0.00484	0.00360	0.00124	0.00590	0.00301	0.00248	0.00714
15	0.01505	0.80561	0.02949	0.00963	0.01444	0.02227	0.00963	0.01685	0.01143	0.01324	0.00782	0.00903	0.00722	0.00481	0.00361	0.00120	0.00602	0.00301	0.00241	0.00722
16	0.00705	0.00505	0.00677	0.00787	0.00824	0.00488	0.00531	0.00808	0.01045	0.01404	0.02863	0.67563	0.03389	0.06407	0.08831	0.00316	0.00461	0.01453	0.00489	0.00455
17	0.19463	0.06761	0.01412	0.01088	0.01462	0.01527	0.00887	0.23294	0.33419	0.02663	0.01591	0.01546	0.01191	0.00667	0.00507	0.00176	0.00504	0.00504	0.00499	0.00838
18	0.02525	0.00958	0.01306	0.01001	0.01437	0.00827	0.00827	0.02743	0.01611	0.77102	0.02220	0.01915	0.01393	0.00697	0.00566	0.00174	0.00479	0.00566	0.00697	0.00958
19	0.01192	0.01253	0.05815	0.06358	0.38240	0.01155	0.15631	0.01524	0.01251	0.01727	0.01750	0.12152	0.07935	0.00750	0.00608	0.00183	0.00656	0.00735	0.00330	0.00755
20	0.02363	0.01003	0.01386	0.06625	0.04303	0.00918	0.00923	0.06006	0.01613	0.65597	0.02051	0.01841	0.01309	0.00679	0.00565	0.00175	0.00511	0.00556	0.00644	0.00932
21	0.00784	0.00523	0.00693	0.00792	0.00856	0.00484	0.00546	0.00900	0.01135	0.05104	0.05561	0.68524	0.06321	0.01673	0.00709	0.00224	0.00336	0.03815	0.00534	0.00486
22	0.72505	0.03897	0.09160	0.00841	0.01246	0.01299	0.00780	0.01669	0.00989	0.02405	0.00808	0.00943	0.00624	0.00522	0.00369	0.00173	0.00484	0.00317	0.00333	0.00637
23	0.02226	0.00921	0.01189	0.00934	0.01314	0.00835	0.00764	0.07498	0.01604	0.58173	0.02089	0.01910	0.01372	0.00688	0.00534	0.00166	0.00449	0.00554	0.15902	0.00878
24	0.01496	0.68147	0.06904	0.01105	0.01610	0.02105	0.06027	0.04383	0.01214	0.01463	0.00840	0.00976	0.00739	0.00491	0.00398	0.00130	0.00638	0.00339	0.00255	0.00739
25	0.00790	0.00542	0.00661	0.00702	0.00725	0.00541	0.00446	0.00844	0.00918	0.01228	0.02158	0.22663	0.02490	0.50682	0.07436	0.00474	0.00556	0.05361	0.00394	0.00392
26	0.00792	0.00566	0.00775	0.00906	0.00985	0.00549	0.00708	0.00968	0.01183	0.01556	0.03043	0.44403	0.03489	0.01663	0.00747	0.00243	0.00419	0.35999	0.00520	0.00487
27	0.00779	0.00575	0.00728	0.00690	0.00830	0.00524	0.00517	0.01029	0.01552	0.02160	0.67173	0.04362	0.14612	0.01186	0.00664	0.00179	0.00268	0.01040	0.00607	0.00524
28	0.01231	0.01231	0.01724	0.01477	0.01477	0.01724	0.01231	0.01354	0.00862	0.01354	0.00739	0.01231	0.00739	0.00985	0.01847	0.00246	0.79192	0.00492	0.00246	0.00616
29	0.00805	0.00600	0.00890	0.00890	0.00985	0.00696	0.00685	0.00996	0.00900	0.01296	0.01521	0.02284	0.01439	0.07997	0.74260	0.00887	0.01460	0.00614	0.00303	0.00494
30	0.84197	0.01088	0.00827	0.00740	0.01088	0.01262	0.00609	0.01654	0.00958	0.02525	0.00784	0.00914	0.00609	0.00522	0.00348	0.00174	0.00435	0.00305	0.00348	0.00609
31	0.01231	0.01231	0.01724	0.01477	0.01477	0.01724	0.01231	0.01354	0.00862	0.01354	0.00739	0.01231	0.00739	0.00985	0.01847	0.00246	0.79192	0.00492	0.00246	0.00616
32	0.02139	0.01576	0.01689	0.01295	0.01745	0.01745	0.01070	0.74835	0.02646	0.03547	0.01351	0.01351	0.00957	0.00676	0.00563	0.00169	0.00619	0.00507	0.00563	0.00957
33	0.01049	0.00525	0.00525	0.00525	0.00656	0.00525	0.00393	0.01311	0.01180	0.02098	0.01836	0.02098	0.01442	0.00656	0.00393	0.00131	0.00262	0.00525	0.83346	0.00525
34	0.00686	0.00490	0.00653	0.00784	0.00816	0.00457	0.00522	0.00784	0.01077	0.01437	0.03102	0.79855	0.03722	0.01763	0.00718	0.00229	0.00326	0.01600	0.00522	0.00457
35	0.00787	0.00575	0.00739	0.00698	0.00835	0.00527	0.00524	0.01044	0.01571	0.02205	0.71400	0.04290	0.10357	0.01170	0.00664	0.00178	0.00267	0.01030	0.00613	0.00527
36	0.01167	0.01000	0.01167	0.00834	0.01334	0.00750	0.00667	0.01417	0.01167	0.01834	0.01000	0.01167	0.00834	0.00417	0.00417	0.00083	0.00417	0.00333	0.00333	0.83663
37	0.00824	0.00631	0.00696	0.00677	0.00858	0.00569	0.00506	0.05535	0.01390	0.03542	0.15072	0.15857	0.49070	0.01371	0.00664	0.00192	0.00314	0.01166	0.00543	0.00522
38	0.01588	0.30552	0.02422	0.01424	0.03654	0.04461	0.16738	0.12221	0.15304	0.04433	0.01276	0.01369	0.00995	0.00571	0.00510	0.00159	0.00662	0.00485	0.00375	0.00804
39	0.01203	0.00898	0.03898	0.01093	0.06478	0.00874	0.00821	0.01524	0.05548	0.13092	0.32728	0.03016	0.09311	0.00969	0.00788	0.00186	0.11632	0.00787	0.04496	0.00658
40	0.01400	0.01209	0.01273	0.01145	0.01463	0.01400	0.00891	0.02990	0.75695	0.02354	0.02291	0.02100	0.01718	0.00764	0.00573	0.00191	0.00445	0.00636	0.00573	0.00891

[dist]
# distance from previous block
# <min> <max>
1	9

[block]
# block no. 4 follows, 42 sequences, length 17
# corresponding to MSA columns:
# 1495-1511
name=unknown_E
#
# <colnr> <probs for GDERKNQSTAVLIFYWHMCP>
#	G	D	E	R	K	N	Q	S	T	A	V	L	I	F	Y	W	H	M	C	P
0	0.00713	0.00556	0.00650	0.00685	0.00819	0.00494	0.00506	0.00875	0.01289	0.01649	0.18140	0.24386	0.39044	0.01470	0.00687	0.00203	0.00309	0.06500	0.00540	0.00484
1	0.01360	0.01184	0.01774	0.03874	0.33605	0.01078	0.04424	0.04015	0.01290	0.05236	0.01097	0.01326	0.00886	0.00480	0.00502	0.00133	0.00565	0.00440	0.00330	0.36403
2	0.01165	0.00754	0.00879	0.00847	0.01046	0.00768	0.00688	0.08200	0.08528	0.06171	0.09534	0.03711	0.08809	0.01038	0.00593	0.00188	0.00399	0.21163	0.24901	0.00617
3	0.00705	0.00503	0.00675	0.00805	0.00846	0.00473	0.00555	0.00816	0.01096	0.01458	0.03091	0.73557	0.03681	0.01745	0.00723	0.00231	0.00343	0.07710	0.00522	0.00462
4	0.00804	0.00603	0.00904	0.00904	0.01005	0.00703	0.00703	0.01005	0.00904	0.01306	0.01507	0.02211	0.01407	0.04221	0.77992	0.00904	0.01507	0.00603	0.00301	0.00502
5	0.00796	0.00575	0.00752	0.00708	0.00841	0.00531	0.00531	0.01062	0.01593	0.02257	0.76415	0.04204	0.05310	0.01150	0.00664	0.00177	0.00265	0.01018	0.00619	0.00531
6	0.00818	0.00546	0.00614	0.00614	0.00614	0.00546	0.00341	0.00818	0.00818	0.01091	0.01773	0.03683	0.02046	0.80222	0.02864	0.00546	0.00546	0.00818	0.00341	0.00341
7	0.00796	0.00575	0.00752	0.00708	0.00841	0.00531	0.00531	0.01062	0.01593	0.02257	0.76415	0.04204	0.05310	0.01150	0.00664	0.00177	0.00265	0.01018	0.00619	0.00531
8	0.01268	0.29804	0.48215	0.01415	0.02114	0.01631	0.04909	0.01749	0.01179	0.01624	0.00937	0.01104	0.00722	0.00514	0.00480	0.00159	0.00757	0.00387	0.00241	0.00790
9	0.00668	0.00560	0.00580	0.00597	0.00767	0.00473	0.00439	0.00805	0.01257	0.01510	0.05375	0.14739	0.67370	0.01468	0.00672	0.00195	0.00290	0.01239	0.00523	0.00473
10	0.05357	0.07037	0.01864	0.04036	0.08160	0.01445	0.11222	0.14852	0.19473	0.13131	0.01531	0.01585	0.01130	0.00653	0.00641	0.00180	0.05859	0.00543	0.00458	0.00842
11	0.00795	0.00630	0.00672	0.00649	0.00813	0.00578	0.00471	0.04338	0.03490	0.01648	0.12490	0.06751	0.48905	0.14088	0.01014	0.00246	0.00346	0.01073	0.00507	0.00494
12	0.01556	0.73800	0.02831	0.01005	0.01470	0.08802	0.00974	0.01734	0.01183	0.01329	0.00790	0.00912	0.00722	0.00490	0.00374	0.00123	0.00638	0.00306	0.00245	0.00716
13	0.00971	0.03970	0.00903	0.00751	0.00947	0.00679	0.00581	0.01306	0.06421	0.06197	0.52924	0.03724	0.10607	0.01052	0.00622	0.00171	0.00311	0.00911	0.02915	0.04036
14	0.01515	0.30016	0.11172	0.07007	0.03455	0.05207	0.04419	0.08067	0.09280	0.05857	0.01148	0.01271	0.00902	0.00573	0.00532	0.00155	0.03666	0.00429	0.00338	0.04993
15	0.01231	0.01231	0.01724	0.01477	0.01477	0.01724	0.01231	0.01354	0.00862	0.01354	0.00739	0.01231	0.00739	0.00985	0.01847	0.00246	0.79192	0.00492	0.00246	0.00616
16	0.00781	0.00523	0.00700	0.00805	0.00865	0.00488	0.00559	0.00901	0.01137	0.04627	0.06462	0.68562	0.03669	0.01678	0.00713	0.00226	0.00342	0.05944	0.00534	0.00485

[dist]
# distance from previous block
# <min> <max>
0	31

[block]
# block no. 5 follows, 42 sequences, length 19
# corresponding to MSA columns:
# 1544-1562
name=unknown_F
#
# <colnr> <probs for GDERKNQSTAVLIFYWHMCP>
#	G	D	E	R	K	N	Q	S	T	A	V	L	I	F	Y	W	H	M	C	P
0	0.01958	0.00902	0.01234	0.01007	0.01310	0.00893	0.00823	0.02166	0.01402	0.49226	0.06573	0.02016	0.01558	0.01195	0.10275	0.00271	0.10795	0.00587	0.05001	0.00807
1	0.00711	0.00519	0.00673	0.00767	0.00835	0.00480	0.00537	0.00846	0.01179	0.01566	0.12753	0.57556	0.11725	0.01635	0.00709	0.00220	0.00326	0.05954	0.00535	0.00472
2	0.01079	0.00655	0.00906	0.00976	0.01126	0.00630	0.00812	0.01297	0.01291	0.11894	0.02903	0.21830	0.03093	0.01483	0.00736	0.00241	0.00471	0.47469	0.00543	0.00565
3	0.84197	0.01088	0.00827	0.00740	0.01088	0.01262	0.00609	0.01654	0.00958	0.02525	0.00784	0.00914	0.00609	0.00522	0.00348	0.00174	0.00435	0.00305	0.00348	0.00609
4	0.01400	0.01209	0.01273	0.01145	0.01463	0.01400	0.00891	0.02990	0.75695	0.02354	0.02291	0.02100	0.01718	0.00764	0.00573	0.00191	0.00445	0.00636	0.00573	0.00891
5	0.00703	0.00572	0.00623	0.00610	0.00783	0.00491	0.00457	0.00881	0.01372	0.01733	0.26127	0.05066	0.55925	0.01346	0.00665	0.00186	0.00279	0.01139	0.00551	0.00491
6	0.01328	0.01518	0.03321	0.02372	0.02941	0.01423	0.74668	0.01803	0.01328	0.01803	0.01139	0.01518	0.00854	0.00474	0.00664	0.00190	0.00949	0.00664	0.00285	0.00759
7	0.00818	0.00546	0.00614	0.00614	0.00614	0.00546	0.00341	0.00818	0.00818	0.01091	0.01773	0.03683	0.02046	0.80222	0.02864	0.00546	0.00546	0.00818	0.00341	0.00341
8	0.08726	0.01110	0.01409	0.22961	0.02123	0.01205	0.01050	0.16890	0.08537	0.23484	0.01771	0.01803	0.05100	0.00685	0.00552	0.00179	0.00567	0.00553	0.00493	0.00802
9	0.10111	0.01358	0.01558	0.01255	0.01614	0.04754	0.06076	0.23579	0.17864	0.08796	0.01438	0.01488	0.01072	0.00684	0.00697	0.00179	0.10265	0.00511	0.00469	0.06230
10	0.15890	0.01115	0.01311	0.01023	0.01447	0.01101	0.00845	0.18402	0.01731	0.48660	0.01793	0.01627	0.01168	0.00663	0.00529	0.00173	0.00503	0.00510	0.00610	0.00900
11	0.00743	0.00570	0.00681	0.00721	0.00855	0.00516	0.00549	0.00916	0.01287	0.01651	0.17145	0.18568	0.34552	0.04337	0.00775	0.00220	0.00342	0.14555	0.00532	0.00485
12	0.01295	0.01172	0.03986	0.01221	0.01359	0.04759	0.01014	0.01551	0.05769	0.08425	0.08586	0.02076	0.03964	0.06560	0.01395	0.00238	0.40716	0.02614	0.00371	0.02930
13	0.01176	0.01356	0.17757	0.13605	0.04351	0.01030	0.10311	0.06447	0.01333	0.06959	0.08003	0.21461	0.01951	0.00913	0.00617	0.00192	0.00615	0.00829	0.00404	0.00689
14	0.02083	0.00936	0.01200	0.00950	0.01320	0.00859	0.00774	0.10522	0.01688	0.51302	0.12080	0.02360	0.06141	0.00794	0.00577	0.00173	0.00446	0.00652	0.04287	0.00855
15	0.01560	0.01128	0.04427	0.14831	0.03539	0.01140	0.04702	0.14862	0.06555	0.18097	0.03148	0.12331	0.01532	0.02514	0.00701	0.00195	0.04574	0.00696	0.02709	0.00760
16	0.03448	0.01583	0.13867	0.06168	0.09911	0.05999	0.08281	0.12445	0.12918	0.13029	0.04025	0.01663	0.01217	0.02190	0.00610	0.00184	0.00658	0.00545	0.00432	0.00828
17	0.01239	0.01168	0.09512	0.15702	0.07391	0.04311	0.05707	0.03748	0.01300	0.11224	0.04981	0.23022	0.06380	0.00970	0.00616	0.00192	0.00577	0.00863	0.00426	0.00671
18	0.00686	0.00490	0.00653	0.00784	0.00816	0.00457	0.00522	0.00784	0.01077	0.01437	0.03102	0.79855	0.03722	0.01763	0.00718	0.00229	0.00326	0.01600	0.00522	0.00457

[dist]
# distance from previous block
# <min> <max>
0	7

[block]
# block no. 6 follows, 42 sequences, length 24
# corresponding to MSA columns:
# 1575-1598
name=unknown_G
#
# <colnr> <probs for GDERKNQSTAVLIFYWHMCP>
#	G	D	E	R	K	N	Q	S	T	A	V	L	I	F	Y	W	H	M	C	P
0	0.06042	0.15108	0.13611	0.04844	0.06683	0.01537	0.03518	0.15450	0.07517	0.03722	0.01321	0.01458	0.03948	0.00652	0.00656	0.00172	0.09254	0.00482	0.00363	0.03660
1	0.01024	0.00700	0.00846	0.00818	0.00997	0.00681	0.00638	0.06806	0.05102	0.06435	0.24112	0.14812	0.16289	0.01237	0.00656	0.00197	0.00365	0.12266	0.05434	0.00584
2	0.01162	0.00857	0.01079	0.01059	0.05914	0.00890	0.00756	0.11304	0.09760	0.05448	0.34089	0.10559	0.05284	0.01154	0.02874	0.02656	0.03084	0.00871	0.00544	0.00654
3	0.00761	0.00570	0.00705	0.00678	0.00821	0.00515	0.00506	0.00990	0.01497	0.02047	0.56474	0.07681	0.22204	0.01242	0.00666	0.00182	0.00273	0.01083	0.00592	0.00515
4	0.01167	0.01000	0.01167	0.00834	0.01334	0.00750	0.00667	0.01417	0.01167	0.01834	0.01000	0.01167	0.00834	0.00417	0.00417	0.00083	0.00417	0.00333	0.00333	0.83663
5	0.01328	0.01518	0.03321	0.02372	0.02941	0.01423	0.74668	0.01803	0.01328	0.01803	0.01139	0.01518	0.00854	0.00474	0.00664	0.00190	0.00949	0.00664	0.00285	0.00759
6	0.01721	0.01056	0.08066	0.01067	0.01455	0.00821	0.07258	0.02006	0.01517	0.39346	0.20349	0.02664	0.08483	0.00834	0.00604	0.00178	0.00483	0.00723	0.00587	0.00785
7	0.01299	0.01222	0.02064	0.08849	0.62363	0.01239	0.01597	0.01618	0.01259	0.01776	0.01286	0.06105	0.01182	0.00641	0.00580	0.00178	0.00646	0.04966	0.00305	0.00824
8	0.01167	0.01000	0.01167	0.00834	0.01334	0.00750	0.00667	0.01417	0.01167	0.01834	0.01000	0.01167	0.00834	0.00417	0.00417	0.00083	0.00417	0.00333	0.00333	0.83663
9	0.00686	0.00490	0.00653	0.00784	0.00816	0.00457	0.00522	0.00784	0.01077	0.01437	0.03102	0.79855	0.03722	0.01763	0.00718	0.00229	0.00326	0.01600	0.00522	0.00457
10	0.02139	0.01576	0.01689	0.01295	0.01745	0.01745	0.01070	0.74835	0.02646	0.03547	0.01351	0.01351	0.00957	0.00676	0.00563	0.00169	0.00619	0.00507	0.00563	0.00957
11	0.01347	0.00994	0.01235	0.08124	0.01585	0.00808	0.00773	0.01604	0.01225	0.12319	0.01171	0.01303	0.00904	0.00469	0.00451	0.00106	0.00457	0.00381	0.00376	0.64368
12	0.84197	0.01088	0.00827	0.00740	0.01088	0.01262	0.00609	0.01654	0.00958	0.02525	0.00784	0.00914	0.00609	0.00522	0.00348	0.00174	0.00435	0.00305	0.00348	0.00609
13	0.01129	0.02911	0.77306	0.01604	0.02436	0.01307	0.02079	0.01782	0.01188	0.01782	0.01010	0.01188	0.00713	0.00535	0.00535	0.00178	0.00832	0.00416	0.00238	0.00832
14	0.00820	0.00600	0.00773	0.00725	0.00865	0.00565	0.00545	0.01137	0.04491	0.02261	0.73516	0.04121	0.05169	0.01135	0.00660	0.00178	0.00273	0.01003	0.00618	0.00545
15	0.00686	0.00490	0.00653	0.00784	0.00816	0.00457	0.00522	0.00784	0.01077	0.01437	0.03102	0.79855	0.03722	0.01763	0.00718	0.00229	0.00326	0.01600	0.00522	0.00457
16	0.84197	0.01088	0.00827	0.00740	0.01088	0.01262	0.00609	0.01654	0.00958	0.02525	0.00784	0.00914	0.00609	0.00522	0.00348	0.00174	0.00435	0.00305	0.00348	0.00609
17	0.01049	0.00525	0.00525	0.00525	0.00656	0.00525	0.00393	0.01311	0.01180	0.02098	0.01836	0.02098	0.01442	0.00656	0.00393	0.00131	0.00262	0.00525	0.83346	0.00525
18	0.01400	0.01209	0.01273	0.01145	0.01463	0.01400	0.00891	0.02990	0.75695	0.02354	0.02291	0.02100	0.01718	0.00764	0.00573	0.00191	0.00445	0.00636	0.00573	0.00891
19	0.02174	0.01521	0.01654	0.01268	0.01717	0.01662	0.01048	0.68335	0.02553	0.10178	0.01429	0.01402	0.00996	0.00677	0.00563	0.00169	0.00607	0.00512	0.00575	0.00957
20	0.01167	0.01000	0.01167	0.00834	0.01334	0.00750	0.00667	0.01417	0.01167	0.01834	0.01000	0.01167	0.00834	0.00417	0.00417	0.00083	0.00417	0.00333	0.00333	0.83663
21	0.01246	0.01041	0.03452	0.08446	0.19355	0.02574	0.05022	0.04041	0.05275	0.09104	0.16978	0.13266	0.06005	0.00900	0.00613	0.00184	0.00522	0.00811	0.00456	0.00708
22	0.06249	0.00772	0.00742	0.00779	0.00894	0.07821	0.00551	0.01012	0.01136	0.01477	0.03120	0.32582	0.20015	0.14787	0.01030	0.00264	0.00437	0.05401	0.00458	0.00473
23	0.01241	0.21187	0.11881	0.01031	0.03063	0.01185	0.00947	0.01504	0.01189	0.05792	0.03432	0.10574	0.04461	0.00698	0.00515	0.00140	0.02338	0.00558	0.00351	0.27910

[dist]
# distance from previous block
# <min> <max>
0	16

[block]
# block no. 7 follows, 42 sequences, length 15
# corresponding to MSA columns:
# 1641-1655
name=unknown_H
#
# <colnr> <probs for GDERKNQSTAVLIFYWHMCP>
#	G	D	E	R	K	N	Q	S	T	A	V	L	I	F	Y	W	H	M	C	P
0	0.01141	0.06809	0.06693	0.14632	0.04850	0.03559	0.03538	0.03761	0.10807	0.01888	0.21525	0.02480	0.02274	0.06637	0.00742	0.00200	0.00542	0.02203	0.02236	0.03482
1	0.05186	0.42865	0.15146	0.01220	0.01734	0.01796	0.07352	0.04533	0.04595	0.06698	0.01035	0.01152	0.00826	0.00542	0.00494	0.00151	0.03203	0.00398	0.00306	0.00767
2	0.01757	0.00796	0.01009	0.00844	0.01144	0.00724	0.00671	0.02054	0.05623	0.40972	0.11528	0.05986	0.07974	0.00854	0.00562	0.00171	0.00390	0.00713	0.15463	0.00764
3	0.00763	0.00548	0.00726	0.00812	0.00890	0.00520	0.00601	0.00927	0.01221	0.01637	0.17105	0.42553	0.06315	0.05130	0.00817	0.00239	0.00367	0.17817	0.00532	0.00481
4	0.00794	0.00556	0.00690	0.00682	0.00806	0.00513	0.00502	0.01020	0.01433	0.02032	0.48780	0.15386	0.12715	0.01216	0.00641	0.00181	0.00276	0.01067	0.10196	0.00513
5	0.00818	0.00546	0.00614	0.00614	0.00614	0.00546	0.00341	0.00818	0.00818	0.01091	0.01773	0.03683	0.02046	0.80222	0.02864	0.00546	0.00546	0.00818	0.00341	0.00341
6	0.00751	0.00566	0.00668	0.00652	0.00801	0.00505	0.00485	0.00960	0.01428	0.01924	0.42238	0.08943	0.31995	0.01269	0.00656	0.00183	0.00276	0.01095	0.04098	0.00505
7	0.02525	0.00958	0.01306	0.01001	0.01437	0.00827	0.00827	0.02743	0.01611	0.77102	0.02220	0.01915	0.01393	0.00697	0.00566	0.00174	0.00479	0.00566	0.00697	0.00958
8	0.01505	0.80561	0.02949	0.00963	0.01444	0.02227	0.00963	0.01685	0.01143	0.01324	0.00782	0.00903	0.00722	0.00481	0.00361	0.00120	0.00602	0.00301	0.00241	0.00722
9	0.84197	0.01088	0.00827	0.00740	0.01088	0.01262	0.00609	0.01654	0.00958	0.02525	0.00784	0.00914	0.00609	0.00522	0.00348	0.00174	0.00435	0.00305	0.00348	0.00609
10	0.01063	0.01000	0.01688	0.78870	0.03876	0.01250	0.01563	0.01438	0.01125	0.01438	0.01000	0.01500	0.00750	0.00563	0.00563	0.00188	0.00750	0.00500	0.00250	0.00625
11	0.00818	0.00546	0.00614	0.00614	0.00614	0.00546	0.00341	0.00818	0.00818	0.01091	0.01773	0.03683	0.02046	0.80222	0.02864	0.00546	0.00546	0.00818	0.00341	0.00341
12	0.01231	0.01231	0.01724	0.01477	0.01477	0.01724	0.01231	0.01354	0.00862	0.01354	0.00739	0.01231	0.00739	0.00985	0.01847	0.00246	0.79192	0.00492	0.00246	0.00616
13	0.00684	0.00497	0.00645	0.00763	0.00811	0.00459	0.00513	0.00786	0.01097	0.01445	0.03348	0.72799	0.10619	0.01731	0.00713	0.00225	0.00323	0.01561	0.00522	0.00459
14	0.01129	0.02911	0.77306	0.01604	0.02436	0.01307	0.02079	0.01782	0.01188	0.01782	0.01010	0.01188	0.00713	0.00535	0.00535	0.00178	0.00832	0.00416	0.00238	0.00832

[dist]
# distance from previous block
# <min> <max>
0	10

[block]
# block no. 8 follows, 42 sequences, length 11
# corresponding to MSA columns:
# 1666-1676
name=unknown_I
#
# <colnr> <probs for GDERKNQSTAVLIFYWHMCP>
#	G	D	E	R	K	N	Q	S	T	A	V	L	I	F	Y	W	H	M	C	P
0	0.02255	0.01391	0.01574	0.01207	0.01653	0.01470	0.00997	0.53221	0.02336	0.25599	0.01612	0.01520	0.01088	0.00682	0.00564	0.00170	0.00577	0.00524	0.00603	0.00957
1	0.02036	0.00943	0.01189	0.00975	0.01337	0.00892	0.00783	0.02525	0.16588	0.50447	0.02405	0.06531	0.04655	0.00798	0.00571	0.00179	0.00444	0.00662	0.05170	0.00872
2	0.00882	0.00630	0.00879	0.01008	0.01127	0.00627	0.00864	0.01123	0.01271	0.01657	0.02993	0.14515	0.03292	0.01578	0.00771	0.00256	0.00497	0.64999	0.00519	0.00511
3	0.00665	0.00570	0.00570	0.00570	0.00760	0.00475	0.00428	0.00808	0.01283	0.01520	0.05701	0.05416	0.76483	0.01425	0.00665	0.00190	0.00285	0.01188	0.00523	0.00475
4	0.01829	0.01073	0.01525	0.08797	0.01805	0.01095	0.07168	0.14919	0.01621	0.31608	0.01923	0.02565	0.01531	0.00844	0.00684	0.00196	0.04867	0.14609	0.00536	0.00804
5	0.02102	0.02682	0.01595	0.01450	0.01740	0.77963	0.01087	0.02247	0.01595	0.01377	0.00870	0.01015	0.00725	0.00580	0.00507	0.00145	0.01015	0.00362	0.00290	0.00652
6	0.01167	0.01000	0.01167	0.00834	0.01334	0.00750	0.00667	0.01417	0.01167	0.01834	0.01000	0.01167	0.00834	0.00417	0.00417	0.00083	0.00417	0.00333	0.00333	0.83663
7	0.06056	0.06733	0.03786	0.01614	0.10600	0.08428	0.05189	0.17248	0.04945	0.02027	0.01094	0.03531	0.00931	0.00739	0.00929	0.00191	0.24344	0.00508	0.00352	0.00753
8	0.00746	0.00554	0.00700	0.00735	0.00847	0.00507	0.00542	0.00934	0.01343	0.01803	0.32964	0.28625	0.18317	0.01434	0.00692	0.00203	0.00311	0.07686	0.00561	0.00496
9	0.01383	0.12227	0.10541	0.06296	0.27066	0.03014	0.08397	0.03434	0.01292	0.04988	0.03009	0.01398	0.00977	0.00528	0.00519	0.00154	0.00655	0.00473	0.02631	0.11020
10	0.02069	0.01066	0.01482	0.01243	0.04715	0.01052	0.04941	0.07622	0.07493	0.47240	0.01974	0.06379	0.01415	0.00769	0.00695	0.00185	0.07573	0.00624	0.00586	0.00878

[dist]
# distance from previous block
# <min> <max>
0	1

[block]
# block no. 9 follows, 42 sequences, length 32
# corresponding to MSA columns:
# 1678-1709
name=unknown_J
#
# <colnr> <probs for GDERKNQSTAVLIFYWHMCP>
#	G	D	E	R	K	N	Q	S	T	A	V	L	I	F	Y	W	H	M	C	P
0	0.00786	0.00572	0.00806	0.00829	0.00898	0.00631	0.00604	0.00931	0.00919	0.01289	0.01838	0.16145	0.01934	0.18024	0.50326	0.00718	0.01119	0.00819	0.00348	0.00464
1	0.01063	0.01000	0.01688	0.78870	0.03876	0.01250	0.01563	0.01438	0.01125	0.01438	0.01000	0.01500	0.00750	0.00563	0.00563	0.00188	0.00750	0.00500	0.00250	0.00625
2	0.00804	0.00603	0.00904	0.00904	0.01005	0.00703	0.00703	0.01005	0.00904	0.01306	0.01507	0.02211	0.01407	0.04221	0.77992	0.00904	0.01507	0.00603	0.00301	0.00502
3	0.01589	0.69508	0.02757	0.01032	0.01486	0.12976	0.00981	0.01765	0.01208	0.01332	0.00795	0.00919	0.00723	0.00495	0.00382	0.00124	0.00660	0.00310	0.00248	0.00712
4	0.01167	0.01000	0.01167	0.00834	0.01334	0.00750	0.00667	0.01417	0.01167	0.01834	0.01000	0.01167	0.00834	0.00417	0.00417	0.00083	0.00417	0.00333	0.00333	0.83663
5	0.00804	0.00603	0.00904	0.00904	0.01005	0.00703	0.00703	0.01005	0.00904	0.01306	0.01507	0.02211	0.01407	0.04221	0.77992	0.00904	0.01507	0.00603	0.00301	0.00502
6	0.17984	0.07964	0.01389	0.02964	0.01460	0.01234	0.00815	0.15847	0.06379	0.10998	0.01233	0.01287	0.00924	0.00552	0.00458	0.00141	0.00493	0.00409	0.00428	0.27041
7	0.01345	0.01274	0.02162	0.06380	0.68341	0.01284	0.01662	0.01675	0.01276	0.01811	0.01193	0.01750	0.01053	0.00579	0.00573	0.00175	0.00661	0.05658	0.00294	0.00854
8	0.01046	0.00940	0.06435	0.04040	0.03421	0.00860	0.00831	0.01543	0.14256	0.05769	0.32131	0.08006	0.10116	0.01041	0.00697	0.00190	0.04590	0.02918	0.00526	0.00644
9	0.00697	0.00498	0.00667	0.00797	0.00835	0.00467	0.00543	0.00804	0.01089	0.01450	0.03095	0.75944	0.03696	0.01752	0.00721	0.00230	0.00337	0.05394	0.00522	0.00460
10	0.01625	0.01321	0.01399	0.01191	0.01549	0.01505	0.00945	0.24848	0.53472	0.02717	0.02005	0.01872	0.01486	0.00737	0.00570	0.00184	0.00498	0.00597	0.00570	0.00911
11	0.01095	0.03418	0.17027	0.12203	0.01703	0.00977	0.01072	0.04234	0.01245	0.05517	0.05793	0.14032	0.10965	0.00929	0.00668	0.00186	0.06478	0.00762	0.11058	0.00638
12	0.01129	0.02911	0.77306	0.01604	0.02436	0.01307	0.02079	0.01782	0.01188	0.01782	0.01010	0.01188	0.00713	0.00535	0.00535	0.00178	0.00832	0.00416	0.00238	0.00832
13	0.16280	0.01397	0.07003	0.05715	0.19837	0.02784	0.03364	0.21122	0.01611	0.07238	0.03977	0.01596	0.04402	0.00634	0.00532	0.00173	0.00601	0.00517	0.00412	0.00805
14	0.00804	0.00603	0.00904	0.00904	0.01005	0.00703	0.00703	0.01005	0.00904	0.01306	0.01507	0.02211	0.01407	0.04221	0.77992	0.00904	0.01507	0.00603	0.00301	0.00502
15	0.01606	0.64831	0.07411	0.01024	0.01516	0.04625	0.01023	0.01819	0.01210	0.09134	0.00947	0.01029	0.00791	0.00510	0.00398	0.00130	0.00618	0.00337	0.00289	0.00751
16	0.01108	0.00937	0.01074	0.01020	0.01156	0.03669	0.00765	0.07269	0.17923	0.01763	0.02238	0.30963	0.03894	0.08010	0.03294	0.00261	0.12597	0.00979	0.00464	0.00617
17	0.04066	0.09169	0.04619	0.04126	0.03745	0.08349	0.00909	0.09377	0.06069	0.05602	0.08590	0.01552	0.01336	0.00590	0.00489	0.00135	0.00541	0.00463	0.00396	0.29876
18	0.01294	0.05420	0.02290	0.10386	0.20224	0.01243	0.27209	0.01629	0.01258	0.06140	0.01464	0.11961	0.01335	0.00722	0.00641	0.00188	0.02311	0.03209	0.00340	0.00735
19	0.00887	0.00634	0.00884	0.01014	0.01135	0.00631	0.00873	0.01132	0.01276	0.01662	0.02991	0.12914	0.03282	0.01573	0.00772	0.00256	0.00501	0.66553	0.00519	0.00513
20	0.01074	0.00951	0.01441	0.08981	0.17768	0.01046	0.03203	0.01405	0.05287	0.01769	0.15791	0.08202	0.04260	0.01005	0.00834	0.00205	0.12840	0.12876	0.00414	0.00649
21	0.06958	0.08064	0.11426	0.08129	0.10128	0.01407	0.13038	0.16012	0.03199	0.14293	0.01291	0.01417	0.00931	0.00577	0.00545	0.00172	0.00675	0.00502	0.00402	0.00832
22	0.00858	0.02318	0.00772	0.00745	0.00906	0.04447	0.00558	0.01055	0.03219	0.03509	0.15232	0.22511	0.35144	0.01374	0.00665	0.00197	0.00357	0.05089	0.00525	0.00518
23	0.01063	0.01000	0.01688	0.78870	0.03876	0.01250	0.01563	0.01438	0.01125	0.01438	0.01000	0.01500	0.00750	0.00563	0.00563	0.00188	0.00750	0.00500	0.00250	0.00625
24	0.04314	0.05765	0.01827	0.30721	0.21286	0.01314	0.03862	0.10495	0.01335	0.01835	0.03006	0.01513	0.00968	0.00811	0.04308	0.04398	0.00711	0.00506	0.00312	0.00715
25	0.07107	0.13480	0.10141	0.06301	0.04524	0.05927	0.06604	0.14330	0.07627	0.16553	0.01358	0.01411	0.00982	0.00598	0.00521	0.00167	0.00645	0.00477	0.00424	0.00824
26	0.02224	0.01126	0.07262	0.01121	0.01554	0.00921	0.03520	0.02482	0.01514	0.60831	0.02055	0.02047	0.01387	0.00736	0.00642	0.00183	0.04476	0.04403	0.00615	0.00900
27	0.00691	0.00571	0.00606	0.00597	0.00776	0.00486	0.00448	0.00858	0.01344	0.01666	0.19712	0.05176	0.62381	0.01371	0.00665	0.00187	0.00281	0.01154	0.00542	0.00486
28	0.01456	0.22891	0.25179	0.06998	0.04174	0.01444	0.07382	0.01875	0.03879	0.13523	0.01302	0.05264	0.01029	0.00612	0.00517	0.00166	0.00675	0.00505	0.00343	0.00786
29	0.01453	0.04158	0.07581	0.11795	0.26973	0.01288	0.15034	0.01936	0.08265	0.11483	0.03552	0.01614	0.01121	0.00574	0.00575	0.00176	0.00683	0.00554	0.00363	0.00821
30	0.07639	0.00976	0.01260	0.00982	0.01400	0.00887	0.00808	0.04333	0.04124	0.65849	0.02099	0.01850	0.01345	0.00686	0.00547	0.00173	0.00472	0.00549	0.03099	0.00920
31	0.01347	0.01180	0.01938	0.23519	0.38189	0.01249	0.04497	0.04562	0.03952	0.05824	0.03862	0.01797	0.01167	0.00613	0.00578	0.00179	0.00662	0.03757	0.00337	0.00790

[dist]
# distance from previous block
# <min> <max>
0	12

[block]
# block no. 10 follows, 42 sequences, length 29
# corresponding to MSA columns:
# 1757-1785
name=unknown_K
#
# <colnr> <probs for GDERKNQSTAVLIFYWHMCP>
#	G	D	E	R	K	N	Q	S	T	A	V	L	I	F	Y	W	H	M	C	P
0	0.27192	0.01258	0.01334	0.01325	0.10611	0.04878	0.00942	0.18749	0.07522	0.02447	0.05181	0.01566	0.01185	0.00774	0.02747	0.00198	0.06233	0.02063	0.03058	0.00739
1	0.05059	0.00980	0.01288	0.01000	0.01422	0.00882	0.00823	0.04687	0.04432	0.68178	0.03777	0.01925	0.01454	0.00703	0.00561	0.00175	0.00475	0.00568	0.00675	0.00935
2	0.01426	0.01399	0.05432	0.05478	0.33087	0.03371	0.16407	0.07516	0.05441	0.04812	0.03688	0.03228	0.01196	0.00623	0.00617	0.00180	0.02243	0.02687	0.00353	0.00816
