[name]
unknown

[dist]
# distance from previous block
# <min> <max>
0	22

[block]
# block no. 0 follows, 47 sequences, length 38
# corresponding to MSA columns:
# 61-98
name=unknown_A
#
# <colnr> <probs for GDERKNQSTAVLIFYWHMCP>
#	G	D	E	R	K	N	Q	S	T	A	V	L	I	F	Y	W	H	M	C	P
0	0.13405	0.01196	0.09708	0.06978	0.01757	0.01060	0.16481	0.07028	0.06568	0.13216	0.14130	0.01872	0.01603	0.00643	0.00529	0.00168	0.00554	0.02001	0.00413	0.00689
1	0.01345	0.19651	0.18753	0.01155	0.01552	0.14166	0.01119	0.01677	0.05474	0.05303	0.01064	0.04054	0.00912	0.00616	0.00621	0.00152	0.11310	0.02046	0.00292	0.08741
2	0.00632	0.00481	0.00576	0.00649	0.00730	0.00432	0.00446	0.00734	0.01056	0.01346	0.03680	0.51509	0.29920	0.04363	0.00718	0.00209	0.00296	0.01319	0.00478	0.00425
3	0.00723	0.00564	0.00675	0.00722	0.00836	0.00546	0.00529	0.00992	0.08981	0.01489	0.07076	0.37456	0.25108	0.01508	0.04338	0.00227	0.00364	0.06905	0.00483	0.00479
4	0.00634	0.00453	0.00604	0.00725	0.00755	0.00423	0.00483	0.00725	0.00997	0.01329	0.02870	0.81358	0.03444	0.01632	0.00665	0.00211	0.00302	0.01480	0.00483	0.00423
5	0.01441	0.75377	0.02633	0.00916	0.01360	0.02024	0.00899	0.07749	0.01173	0.01395	0.00767	0.00870	0.00686	0.00460	0.00350	0.00115	0.00558	0.00294	0.00247	0.00686
6	0.01213	0.01001	0.01144	0.00834	0.01282	0.00836	0.00671	0.13400	0.01302	0.01944	0.01084	0.01203	0.02680	0.00447	0.00413	0.00092	0.00413	0.00354	0.00347	0.69339
7	0.01888	0.09428	0.01698	0.05498	0.04912	0.01378	0.05336	0.37979	0.01856	0.22739	0.01369	0.01364	0.00952	0.00589	0.00508	0.00155	0.00563	0.00472	0.00482	0.00834
8	0.00615	0.00528	0.00528	0.00528	0.00703	0.00440	0.00396	0.00747	0.01187	0.01407	0.05276	0.05012	0.78238	0.01319	0.00615	0.00176	0.00264	0.01099	0.00484	0.00440
9	0.00983	0.00926	0.01562	0.80447	0.03587	0.01157	0.01446	0.01331	0.01041	0.01331	0.00926	0.01388	0.00694	0.00521	0.00521	0.00174	0.00694	0.00463	0.00231	0.00579
10	0.01483	0.68952	0.02523	0.00965	0.01381	0.14794	0.00910	0.01645	0.01127	0.01233	0.00737	0.00852	0.00669	0.00460	0.00356	0.00115	0.00620	0.00288	0.00230	0.00658
11	0.00905	0.00452	0.00678	0.00678	0.00678	0.00452	0.00452	0.00678	0.00678	0.00905	0.00905	0.01583	0.00905	0.01809	0.02035	0.84848	0.00452	0.00452	0.00226	0.00226
12	0.06903	0.00565	0.00691	0.00649	0.00786	0.00540	0.00490	0.01034	0.01412	0.02099	0.68762	0.03572	0.04420	0.01000	0.00581	0.00161	0.00257	0.00871	0.04709	0.00496
13	0.00713	0.00520	0.00671	0.00656	0.00769	0.00478	0.00483	0.00928	0.01384	0.01929	0.61947	0.15225	0.10020	0.01165	0.00622	0.00172	0.00255	0.01031	0.00554	0.00478
14	0.00658	0.00472	0.00600	0.00682	0.00726	0.00441	0.00453	0.00750	0.01011	0.01344	0.08341	0.58509	0.09107	0.13202	0.00946	0.00248	0.00325	0.01307	0.00466	0.00414
15	0.01080	0.00926	0.01080	0.00771	0.01234	0.00694	0.00617	0.01311	0.01080	0.01697	0.00926	0.01080	0.00771	0.00386	0.00386	0.00077	0.00386	0.00309	0.00309	0.84882
16	0.00718	0.00523	0.00694	0.00800	0.00885	0.00499	0.00622	0.00876	0.01103	0.01434	0.03099	0.40997	0.11841	0.01515	0.00682	0.00219	0.00372	0.32191	0.00482	0.00449
17	0.00724	0.00542	0.00656	0.00690	0.00787	0.00516	0.00497	0.00930	0.05233	0.01522	0.18299	0.27725	0.18759	0.12356	0.00915	0.00236	0.00334	0.08346	0.00481	0.00453
18	0.05368	0.00571	0.00668	0.00653	0.00809	0.00520	0.00485	0.01015	0.01241	0.08632	0.25613	0.20801	0.29292	0.01207	0.00602	0.00178	0.00291	0.01040	0.00516	0.00498
19	0.00654	0.00521	0.00577	0.00604	0.00737	0.00458	0.00445	0.00784	0.01141	0.01412	0.08028	0.16868	0.51043	0.07210	0.00780	0.00210	0.00304	0.07314	0.00475	0.00434
20	0.00787	0.00571	0.00717	0.00763	0.00862	0.00561	0.00594	0.00991	0.03818	0.01476	0.11903	0.07408	0.12133	0.22206	0.01187	0.00288	0.00423	0.32419	0.00451	0.00444
21	0.13812	0.00596	0.00642	0.00636	0.00790	0.00576	0.00478	0.00956	0.01196	0.01757	0.28122	0.13798	0.26964	0.04004	0.00652	0.00188	0.00301	0.03579	0.00482	0.00471
22	0.01068	0.00595	0.00706	0.00698	0.00838	0.00580	0.00513	0.05448	0.03270	0.11524	0.02223	0.35257	0.02197	0.01046	0.00524	0.00168	0.00316	0.00910	0.31576	0.00542
23	0.01581	0.00944	0.01124	0.00939	0.01240	0.00954	0.00764	0.22578	0.07961	0.23951	0.15818	0.02692	0.07629	0.00853	0.00567	0.00171	0.00432	0.08510	0.00559	0.00735
24	0.37242	0.01218	0.01268	0.01020	0.01388	0.09272	0.07993	0.10453	0.01318	0.22424	0.01175	0.01200	0.00825	0.00543	0.00441	0.00159	0.00534	0.00404	0.00419	0.00703
25	0.00753	0.00540	0.00717	0.00797	0.00880	0.00523	0.00603	0.03397	0.01174	0.01573	0.13988	0.45556	0.03450	0.01458	0.00668	0.00211	0.00354	0.22396	0.00497	0.00465
26	0.03811	0.00561	0.00694	0.00732	0.00838	0.00539	0.00529	0.04126	0.01166	0.05751	0.12170	0.48874	0.07056	0.01339	0.00615	0.00193	0.00321	0.04721	0.05478	0.00488
27	0.00983	0.00926	0.01562	0.80447	0.03587	0.01157	0.01446	0.01331	0.01041	0.01331	0.00926	0.01388	0.00694	0.00521	0.00521	0.00174	0.00694	0.00463	0.00231	0.00579
28	0.04396	0.01278	0.01443	0.01227	0.01399	0.11248	0.02538	0.07166	0.11557	0.09375	0.04525	0.01412	0.01067	0.00771	0.01067	0.00191	0.37836	0.00485	0.00356	0.00662
29	0.00907	0.00785	0.01033	0.00952	0.01087	0.06187	0.05438	0.03343	0.00994	0.01338	0.04284	0.05811	0.05545	0.04191	0.47915	0.04137	0.04624	0.00624	0.00312	0.00492
30	0.01022	0.00660	0.00819	0.00752	0.00934	0.00636	0.00576	0.02810	0.10383	0.12141	0.43016	0.10535	0.09789	0.01040	0.00598	0.00172	0.00310	0.02668	0.00559	0.00580
31	0.14912	0.01204	0.01428	0.01141	0.01512	0.01302	0.09181	0.25775	0.23541	0.06575	0.01458	0.03177	0.01099	0.00617	0.00499	0.00163	0.00511	0.00507	0.00459	0.04939
32	0.00970	0.00838	0.01326	0.03335	0.03712	0.02675	0.15964	0.01200	0.01201	0.05337	0.16628	0.18961	0.11004	0.01039	0.00700	0.00188	0.06311	0.07631	0.00426	0.00553
33	0.00699	0.00473	0.00628	0.00726	0.00775	0.00443	0.00494	0.00803	0.01021	0.03765	0.04204	0.72249	0.04398	0.01633	0.03053	0.00226	0.00337	0.01386	0.02244	0.00441
34	0.06808	0.00503	0.00619	0.00715	0.00773	0.00487	0.00489	0.00797	0.00990	0.01397	0.02735	0.66610	0.05780	0.05490	0.00738	0.00222	0.00324	0.03631	0.00463	0.00430
35	0.01267	0.01209	0.02070	0.16571	0.54664	0.01250	0.07978	0.05596	0.01232	0.01718	0.00991	0.01314	0.00802	0.00480	0.00525	0.00160	0.00652	0.00477	0.00268	0.00774
36	0.14365	0.03820	0.01359	0.01142	0.05540	0.08349	0.00873	0.26379	0.13566	0.09147	0.01274	0.01288	0.00942	0.00571	0.00468	0.00149	0.00526	0.00430	0.00435	0.09377
37	0.01470	0.20766	0.20214	0.01164	0.01643	0.15910	0.01140	0.14591	0.05497	0.01794	0.00978	0.01077	0.00766	0.00512	0.00446	0.00136	0.00653	0.00367	0.00308	0.10569

[dist]
# distance from previous block
# <min> <max>
2	7

[block]
# block no. 1 follows, 47 sequences, length 6
# corresponding to MSA columns:
# 108-113
name=unknown_B
#
# <colnr> <probs for GDERKNQSTAVLIFYWHMCP>
#	G	D	E	R	K	N	Q	S	T	A	V	L	I	F	Y	W	H	M	C	P
0	0.01209	0.00803	0.01193	0.01290	0.16011	0.00735	0.04595	0.01419	0.01241	0.18182	0.14071	0.17094	0.08988	0.03527	0.00634	0.00176	0.00423	0.00803	0.00458	0.07148
1	0.05956	0.15879	0.23593	0.01098	0.05485	0.01111	0.01066	0.01559	0.04031	0.11082	0.09791	0.02085	0.13789	0.00703	0.00494	0.00156	0.00513	0.00562	0.00371	0.00677
2	0.01280	0.17055	0.34271	0.01475	0.02063	0.06013	0.19530	0.01697	0.01166	0.05809	0.00977	0.01150	0.00733	0.00478	0.00489	0.00152	0.00732	0.00422	0.00261	0.04246
3	0.01009	0.00807	0.01283	0.03632	0.05232	0.00789	0.14421	0.04585	0.04913	0.06220	0.09192	0.27343	0.06248	0.05621	0.00731	0.00206	0.00477	0.06282	0.00436	0.00571
4	0.01070	0.00990	0.01664	0.43371	0.13955	0.01100	0.09035	0.04858	0.01177	0.01572	0.04894	0.04683	0.01178	0.00627	0.00547	0.00172	0.00638	0.04997	0.00295	0.03178
5	0.05137	0.00997	0.01453	0.03947	0.06896	0.00993	0.11025	0.06297	0.07741	0.18859	0.05202	0.07328	0.01370	0.00821	0.04269	0.00192	0.04900	0.00580	0.00423	0.11570

[dist]
# distance from previous block
# <min> <max>
1	14

[block]
# block no. 2 follows, 47 sequences, length 11
# corresponding to MSA columns:
# 128-138
name=unknown_C
#
# <colnr> <probs for GDERKNQSTAVLIFYWHMCP>
#	G	D	E	R	K	N	Q	S	T	A	V	L	I	F	Y	W	H	M	C	P
0	0.12539	0.01672	0.01816	0.01435	0.01816	0.26773	0.21928	0.14804	0.04437	0.06294	0.01062	0.01196	0.00798	0.00531	0.00505	0.00156	0.00741	0.00450	0.00349	0.00699
1	0.01230	0.00938	0.01073	0.01012	0.04076	0.01014	0.00744	0.12285	0.33179	0.06214	0.12154	0.13879	0.04970	0.04017	0.00644	0.00188	0.00404	0.00766	0.00513	0.00700
2	0.00794	0.00520	0.00684	0.00714	0.00812	0.00478	0.00515	0.00955	0.01217	0.06890	0.29731	0.42014	0.07199	0.01341	0.00637	0.00191	0.00297	0.04005	0.00526	0.00482
3	0.03794	0.01094	0.04476	0.24287	0.17839	0.01111	0.09128	0.06800	0.05020	0.07420	0.01382	0.06607	0.01188	0.00669	0.00549	0.00175	0.00609	0.06821	0.00344	0.00687
4	0.01154	0.00962	0.01625	0.55555	0.02981	0.01131	0.08667	0.01474	0.01091	0.09186	0.01072	0.01438	0.00793	0.00556	0.00604	0.00174	0.06119	0.00484	0.04317	0.00617
5	0.04213	0.00941	0.01143	0.00924	0.01266	0.00926	0.00748	0.10716	0.14983	0.43522	0.07955	0.01897	0.01567	0.00680	0.00516	0.00161	0.00422	0.00553	0.06059	0.00809
6	0.07120	0.04205	0.01748	0.01356	0.04279	0.01326	0.16508	0.30803	0.08403	0.09925	0.04248	0.01674	0.01188	0.00630	0.00534	0.00165	0.00582	0.04081	0.00448	0.00777
7	0.01004	0.00928	0.01467	0.41768	0.10615	0.01049	0.05471	0.01444	0.09767	0.01527	0.03479	0.02251	0.10588	0.00704	0.00554	0.00177	0.00587	0.05682	0.00326	0.00614
8	0.00776	0.00607	0.00719	0.00773	0.00879	0.00615	0.00546	0.01171	0.17638	0.01524	0.03011	0.54466	0.12490	0.01391	0.00629	0.00199	0.00321	0.01239	0.00494	0.00512
9	0.01035	0.00978	0.01655	0.67409	0.16222	0.01171	0.01472	0.01376	0.01066	0.01393	0.00935	0.01372	0.00716	0.00511	0.00520	0.00170	0.00681	0.00463	0.00236	0.00620
10	0.06128	0.01115	0.01209	0.01045	0.01336	0.05796	0.03741	0.21544	0.18801	0.06202	0.04060	0.02626	0.08403	0.02380	0.00597	0.00184	0.00501	0.13153	0.00480	0.00700

[dist]
# distance from previous block
# <min> <max>
2	7

[block]
# block no. 3 follows, 47 sequences, length 16
# corresponding to MSA columns:
# 146-161
name=unknown_D
#
# <colnr> <probs for GDERKNQSTAVLIFYWHMCP>
#	G	D	E	R	K	N	Q	S	T	A	V	L	I	F	Y	W	H	M	C	P
0	0.18949	0.01341	0.01591	0.17920	0.14288	0.15131	0.06955	0.01561	0.01082	0.01604	0.00840	0.01138	0.00689	0.00566	0.00677	0.00170	0.14194	0.00413	0.00263	0.00628
1	0.00838	0.00652	0.00731	0.00730	0.00788	0.05035	0.00495	0.03005	0.00902	0.01191	0.01682	0.13654	0.01839	0.41031	0.24631	0.00530	0.00763	0.00768	0.00331	0.00406
2	0.00635	0.00504	0.00573	0.00618	0.00739	0.00442	0.00447	0.00762	0.01133	0.01414	0.07383	0.31721	0.46215	0.01422	0.00636	0.00190	0.00284	0.03956	0.00487	0.00437
3	0.04595	0.02967	0.01541	0.01171	0.01542	0.01403	0.06013	0.42969	0.06946	0.06515	0.01244	0.01310	0.00919	0.00613	0.00603	0.00156	0.07509	0.00464	0.03300	0.08219
4	0.06841	0.03626	0.01495	0.13597	0.14043	0.01139	0.03338	0.09571	0.12620	0.12796	0.01289	0.01392	0.00958	0.00538	0.00483	0.00149	0.00524	0.00452	0.00388	0.14761
5	0.04359	0.27365	0.08392	0.03778	0.01541	0.02547	0.04534	0.21049	0.01417	0.07721	0.01033	0.01187	0.00810	0.00721	0.01779	0.09742	0.00591	0.00402	0.00339	0.00691
6	0.09363	0.01083	0.01599	0.09036	0.20388	0.01080	0.06814	0.09430	0.01395	0.32467	0.01410	0.01455	0.00977	0.00557	0.00510	0.00161	0.00552	0.00483	0.00441	0.00799
7	0.00782	0.00495	0.00622	0.00630	0.00641	0.00502	0.00391	0.00754	0.00763	0.01026	0.01527	0.07913	0.01708	0.50467	0.09980	0.19898	0.00567	0.00714	0.00302	0.00317
8	0.01452	0.01605	0.23445	0.03674	0.01733	0.06728	0.04683	0.07930	0.06007	0.17269	0.01360	0.07185	0.01078	0.00696	0.00704	0.00176	0.12638	0.00533	0.00376	0.00730
9	0.01567	0.00808	0.01102	0.09374	0.01455	0.00783	0.00841	0.06577	0.01405	0.35500	0.06579	0.03151	0.05446	0.00914	0.00589	0.00186	0.00469	0.22027	0.00534	0.00693
10	0.01006	0.00948	0.01602	0.74850	0.09011	0.01163	0.01457	0.01350	0.01052	0.01357	0.00930	0.01381	0.00704	0.00517	0.00520	0.00172	0.00689	0.00463	0.00233	0.00596
11	0.01172	0.01117	0.01884	0.24661	0.53845	0.01177	0.01499	0.01483	0.01145	0.01584	0.01168	0.01493	0.04454	0.00520	0.00522	0.00161	0.00623	0.00494	0.00261	0.00738
12	0.04128	0.04140	0.03593	0.07262	0.05524	0.01135	0.06001	0.08745	0.06177	0.10476	0.04105	0.04347	0.04016	0.08009	0.02145	0.00220	0.14952	0.04002	0.00379	0.00645
13	0.01008	0.00653	0.00938	0.00876	0.00984	0.00745	0.00681	0.01138	0.00896	0.11096	0.01370	0.01955	0.01232	0.08015	0.48619	0.08319	0.10112	0.00545	0.00317	0.00499
14	0.00763	0.00511	0.00670	0.00686	0.00719	0.00534	0.00461	0.00802	0.00807	0.01101	0.01632	0.10625	0.01786	0.38792	0.23973	0.11663	0.00727	0.03068	0.00315	0.00362
15	0.01350	0.00932	0.01054	0.00909	0.01195	0.00970	0.00712	0.09052	0.32180	0.14446	0.10650	0.06442	0.08229	0.00804	0.00537	0.00164	0.00389	0.00674	0.03115	0.06195

[dist]
# distance from previous block
# <min> <max>
9	44

[block]
# block no. 4 follows, 47 sequences, length 47
# corresponding to MSA columns:
# 209-255
name=unknown_E
#
# <colnr> <probs for GDERKNQSTAVLIFYWHMCP>
#	G	D	E	R	K	N	Q	S	T	A	V	L	I	F	Y	W	H	M	C	P
0	0.14828	0.20944	0.11710	0.01323	0.12068	0.04913	0.01070	0.13950	0.02690	0.07364	0.01002	0.01101	0.00772	0.00510	0.00433	0.00144	0.00571	0.00376	0.00332	0.03898
1	0.11953	0.11410	0.01465	0.00975	0.01376	0.01036	0.06366	0.03025	0.03905	0.41075	0.01556	0.03497	0.01097	0.00587	0.00473	0.00150	0.00477	0.00476	0.00482	0.08620
2	0.01298	0.15093	0.07326	0.00966	0.01286	0.04224	0.00867	0.04139	0.10519	0.12800	0.09392	0.06331	0.01918	0.00839	0.00535	0.00167	0.00486	0.15872	0.00437	0.05504
3	0.04474	0.11392	0.01506	0.01160	0.03588	0.38745	0.00894	0.01940	0.03052	0.13469	0.02769	0.01172	0.00896	0.00540	0.00468	0.00133	0.01695	0.00377	0.00340	0.11392
4	0.06172	0.09792	0.01677	0.01168	0.03698	0.01014	0.16342	0.01538	0.01148	0.09240	0.01148	0.01488	0.00947	0.00504	0.00462	0.00127	0.00525	0.05171	0.00333	0.37508
5	0.05564	0.00681	0.00862	0.00896	0.01079	0.00660	0.00765	0.03455	0.01200	0.01657	0.02529	0.06806	0.07100	0.01229	0.00642	0.00208	0.00449	0.52905	0.00451	0.10864
6	0.03561	0.00932	0.01171	0.01002	0.01316	0.00903	0.03213	0.17889	0.01488	0.14227	0.01856	0.03016	0.01702	0.00875	0.00567	0.00174	0.00487	0.28178	0.00471	0.16972
7	0.04526	0.22879	0.01749	0.01181	0.01496	0.52449	0.00950	0.01908	0.01340	0.03355	0.00875	0.01085	0.00755	0.00542	0.00439	0.00133	0.00795	0.02644	0.00275	0.00623
8	0.03824	0.00893	0.01036	0.00771	0.01195	0.00692	0.00613	0.01279	0.01072	0.01693	0.01077	0.05812	0.00975	0.00487	0.00408	0.00092	0.00384	0.02272	0.00323	0.75102
9	0.01478	0.08343	0.01298	0.01043	0.01313	0.16319	0.00856	0.15552	0.03201	0.10232	0.01777	0.09884	0.01696	0.00904	0.00558	0.00174	0.00568	0.20942	0.00437	0.03423
10	0.26421	0.03895	0.01319	0.01217	0.10344	0.07728	0.00875	0.15888	0.08469	0.17152	0.01246	0.01262	0.00902	0.00563	0.00453	0.00157	0.00518	0.00418	0.00426	0.00748
11	0.01062	0.00665	0.00909	0.00939	0.01126	0.00630	0.00811	0.01296	0.01228	0.12033	0.02510	0.04921	0.02581	0.01244	0.00665	0.00216	0.00467	0.58675	0.00488	0.07534
12	0.00787	0.00565	0.00775	0.00879	0.00984	0.00553	0.00732	0.00996	0.01184	0.01556	0.09123	0.19853	0.05135	0.01441	0.00698	0.00227	0.00421	0.53136	0.00488	0.00469
13	0.28956	0.21693	0.23940	0.01194	0.07463	0.03907	0.01142	0.03505	0.01072	0.01804	0.00821	0.00964	0.00649	0.00481	0.00400	0.00148	0.00585	0.00331	0.00266	0.00679
14	0.23096	0.00831	0.00966	0.00891	0.01148	0.00841	0.02329	0.01275	0.01067	0.01781	0.01637	0.03056	0.01654	0.00887	0.00588	0.00178	0.04870	0.31873	0.00379	0.20654
15	0.00811	0.00580	0.00804	0.00909	0.01021	0.00573	0.00773	0.01037	0.01206	0.01588	0.09942	0.12612	0.03220	0.01421	0.00704	0.00230	0.00441	0.61164	0.00489	0.00475
16	0.01188	0.01129	0.01936	0.02684	0.58429	0.01117	0.07213	0.01488	0.01191	0.01663	0.01463	0.02085	0.05784	0.00633	0.00554	0.00168	0.00600	0.09626	0.00299	0.00750
17	0.69090	0.01091	0.00859	0.00775	0.01084	0.05908	0.00636	0.05772	0.01034	0.02265	0.00916	0.01262	0.00776	0.00568	0.00373	0.00165	0.00451	0.06053	0.00342	0.00578
18	0.05591	0.02119	0.01880	0.01545	0.01886	0.54568	0.21664	0.01942	0.01381	0.01431	0.00869	0.01062	0.00699	0.00507	0.00502	0.00147	0.00898	0.00409	0.00269	0.00629
19	0.01273	0.00678	0.00927	0.00918	0.01119	0.00639	0.00780	0.01487	0.01265	0.24483	0.02580	0.04518	0.04865	0.04765	0.00744	0.00226	0.00463	0.47155	0.00521	0.00592
20	0.11153	0.00865	0.00985	0.00868	0.01118	0.00914	0.00680	0.08479	0.19484	0.15066	0.19677	0.08786	0.02268	0.01047	0.06068	0.00216	0.00451	0.00686	0.00513	0.00673
21	0.02862	0.00558	0.00684	0.00666	0.00726	0.00573	0.00441	0.00948	0.00843	0.06598	0.01631	0.03019	0.01728	0.54899	0.18824	0.00535	0.00687	0.03041	0.00336	0.00399
22	0.06734	0.00617	0.00817	0.00895	0.01027	0.00631	0.00765	0.01088	0.01181	0.01648	0.11341	0.04995	0.02921	0.01518	0.06765	0.00271	0.00517	0.55320	0.00464	0.00486
23	0.05490	0.00550	0.00676	0.00675	0.00800	0.00520	0.00508	0.00951	0.01310	0.01862	0.47796	0.16726	0.12688	0.01180	0.00614	0.00178	0.00282	0.06188	0.00527	0.00477
24	0.01429	0.01286	0.01956	0.01461	0.01902	0.01293	0.28229	0.23058	0.15817	0.02225	0.01287	0.01407	0.00964	0.00533	0.00534	0.00154	0.00622	0.00517	0.00394	0.14933
25	0.01895	0.02407	0.01587	0.01401	0.01688	0.74131	0.06291	0.02051	0.01459	0.01302	0.00822	0.00972	0.00679	0.00530	0.00480	0.00137	0.00935	0.00355	0.00268	0.00611
26	0.00795	0.00569	0.00741	0.00819	0.00916	0.00560	0.00666	0.00966	0.01092	0.01411	0.02765	0.05193	0.10924	0.20543	0.01168	0.00296	0.00462	0.49236	0.00441	0.00436
27	0.13312	0.00626	0.00721	0.00665	0.00828	0.00610	0.00498	0.01146	0.01272	0.08456	0.44134	0.05452	0.08708	0.10419	0.00804	0.00205	0.00319	0.00814	0.00503	0.00510
28	0.00918	0.00659	0.00885	0.00967	0.01106	0.00670	0.00835	0.06896	0.01286	0.01681	0.02646	0.08872	0.02854	0.01384	0.00702	0.00232	0.00479	0.65937	0.00483	0.00508
29	0.05952	0.00613	0.00817	0.00924	0.01050	0.00620	0.00795	0.01079	0.01164	0.01588	0.02643	0.11390	0.02884	0.01396	0.00691	0.00233	0.00461	0.64750	0.00470	0.00480
30	0.25150	0.01196	0.01765	0.01357	0.01745	0.05703	0.29016	0.01792	0.05710	0.13348	0.01186	0.01356	0.00881	0.00771	0.06598	0.00218	0.00695	0.00485	0.00354	0.00674
31	0.23874	0.00668	0.00689	0.00678	0.00825	0.00691	0.00483	0.01128	0.02449	0.06995	0.04196	0.24770	0.07827	0.21289	0.01052	0.00263	0.00388	0.00844	0.00412	0.00478
32	0.00887	0.00695	0.00776	0.00735	0.00932	0.00675	0.00585	0.10874	0.05704	0.01824	0.15272	0.04317	0.40324	0.01175	0.00615	0.00182	0.00345	0.13044	0.00504	0.00534
33	0.19897	0.01463	0.07201	0.01373	0.01818	0.03747	0.20834	0.33103	0.01664	0.02477	0.01049	0.01183	0.00768	0.00534	0.00499	0.00162	0.00641	0.00457	0.00381	0.00751
34	0.00956	0.00777	0.01045	0.00963	0.01039	0.00948	0.00755	0.06837	0.00960	0.01365	0.01336	0.02281	0.01340	0.18324	0.31386	0.00511	0.22609	0.05767	0.00305	0.00497
35	0.00748	0.00501	0.00571	0.00580	0.00582	0.00499	0.00328	0.00755	0.00776	0.01034	0.01736	0.09419	0.02013	0.75524	0.02497	0.00482	0.00489	0.00813	0.00328	0.00324
36	0.00762	0.00511	0.00584	0.00592	0.00599	0.00511	0.00347	0.00777	0.00784	0.01043	0.01709	0.03558	0.01960	0.76829	0.02533	0.00489	0.00503	0.05258	0.00325	0.00325
37	0.18238	0.01287	0.05878	0.05000	0.01699	0.01281	0.10434	0.26800	0.07475	0.14921	0.01287	0.01327	0.00908	0.00571	0.00493	0.00163	0.00561	0.00463	0.00439	0.00773
38	0.85377	0.01007	0.00765	0.00685	0.01007	0.01168	0.00564	0.01531	0.00886	0.02336	0.00725	0.00846	0.00564	0.00483	0.00322	0.00161	0.00403	0.00282	0.00322	0.00564
39	0.00756	0.00511	0.00599	0.00599	0.00609	0.00522	0.00354	0.00777	0.00766	0.01033	0.01613	0.03252	0.01826	0.72791	0.11465	0.00543	0.00607	0.00734	0.00311	0.00333
40	0.00711	0.00531	0.00660	0.00627	0.00762	0.00480	0.00471	0.00932	0.01412	0.01941	0.62369	0.04133	0.20812	0.01120	0.00614	0.00166	0.00250	0.00976	0.00554	0.00480
41	0.00663	0.00472	0.00618	0.00728	0.00778	0.00442	0.00508	0.00775	0.01029	0.01375	0.02955	0.67598	0.07476	0.01563	0.00657	0.00209	0.00314	0.08215	0.03193	0.00431
42	0.00899	0.00552	0.00725	0.00697	0.00829	0.00505	0.00516	0.01102	0.01350	0.10495	0.49231	0.22241	0.04047	0.01140	0.00609	0.00174	0.00281	0.01011	0.03076	0.00519
43	0.01243	0.01199	0.02071	0.14252	0.64858	0.01229	0.04390	0.01562	0.01167	0.01647	0.00975	0.01308	0.00805	0.00471	0.00520	0.00158	0.00639	0.00469	0.00254	0.00785
44	0.00713	0.00523	0.00668	0.00649	0.00768	0.00478	0.00480	0.00929	0.01391	0.01932	0.62106	0.12481	0.12634	0.01154	0.00620	0.00170	0.00254	0.01018	0.00554	0.00478
45	0.01080	0.00926	0.01080	0.00771	0.01234	0.00694	0.00617	0.01311	0.01080	0.01697	0.00926	0.01080	0.00771	0.00386	0.00386	0.00077	0.00386	0.00309	0.00309	0.84882
46	0.00751	0.00506	0.00566	0.00566	0.00574	0.00502	0.00319	0.00757	0.00776	0.01027	0.01802	0.03479	0.05286	0.78126	0.02560	0.00490	0.00494	0.00773	0.00323	0.00321

[dist]
# distance from previous block
# <min> <max>
0	1

[block]
# block no. 5 follows, 47 sequences, length 16
# corresponding to MSA columns:
# 257-272
name=unknown_F
#
# <colnr> <probs for GDERKNQSTAVLIFYWHMCP>
#	G	D	E	R	K	N	Q	S	T	A	V	L	I	F	Y	W	H	M	C	P
0	0.04745	0.01161	0.01341	0.01022	0.01441	0.01141	0.03486	0.33472	0.03672	0.05787	0.01221	0.01418	0.00954	0.00559	0.00473	0.00131	0.00491	0.03673	0.00426	0.33386
1	0.00661	0.00480	0.00632	0.00725	0.00781	0.00439	0.00491	0.00764	0.01017	0.01373	0.05205	0.74679	0.03353	0.01548	0.00649	0.00203	0.00305	0.01402	0.00477	0.04817
2	0.01384	0.01163	0.01227	0.01078	0.01388	0.01337	0.00846	0.12338	0.67794	0.02321	0.02007	0.01853	0.01499	0.00696	0.00529	0.00174	0.00433	0.00573	0.00529	0.00832
3	0.01481	0.01352	0.08102	0.05778	0.09673	0.05947	0.26352	0.08086	0.01354	0.16437	0.01365	0.03588	0.01075	0.02582	0.00613	0.00178	0.00686	0.04250	0.00370	0.00731
4	0.32673	0.01041	0.01355	0.30509	0.14524	0.01217	0.01105	0.04755	0.01056	0.01849	0.00861	0.01150	0.00674	0.00522	0.00507	0.00168	0.04730	0.00395	0.00282	0.00626
5	0.00757	0.00505	0.00568	0.00568	0.00568	0.00505	0.00316	0.00757	0.00757	0.01010	0.01641	0.03408	0.01893	0.81698	0.02651	0.00505	0.00505	0.00757	0.00316	0.00316
6	0.01253	0.01201	0.02050	0.12161	0.69762	0.01228	0.01581	0.01567	0.01169	0.01658	0.00973	0.01300	0.00810	0.00471	0.00516	0.00157	0.00627	0.00464	0.00255	0.00796
7	0.18086	0.03402	0.01368	0.01093	0.01393	0.00952	0.15814	0.04252	0.03945	0.09375	0.07762	0.11393	0.03093	0.00836	0.00546	0.00178	0.00498	0.11998	0.00418	0.03598
8	0.00827	0.00592	0.00823	0.00924	0.01044	0.00587	0.00799	0.01068	0.01231	0.01620	0.11509	0.05644	0.03219	0.01395	0.00707	0.00231	0.00452	0.66357	0.00490	0.00481
9	0.00772	0.00571	0.00682	0.00731	0.00793	0.00582	0.00487	0.01050	0.12735	0.01367	0.02395	0.46324	0.02705	0.24885	0.01224	0.00292	0.00378	0.01132	0.00442	0.00454
10	0.01229	0.01405	0.03073	0.02195	0.02722	0.01317	0.76558	0.01668	0.01229	0.01668	0.01054	0.01405	0.00790	0.00439	0.00615	0.00176	0.00878	0.00615	0.00263	0.00702
11	0.01024	0.00967	0.01635	0.70209	0.13508	0.01168	0.01466	0.01366	0.01060	0.01380	0.00933	0.01375	0.00712	0.00513	0.00520	0.00171	0.00684	0.00463	0.00235	0.00611
12	0.71952	0.13956	0.01079	0.00718	0.01060	0.01311	0.00616	0.01535	0.00914	0.02159	0.00725	0.00844	0.00581	0.00477	0.00324	0.00153	0.00427	0.00281	0.00306	0.00581
13	0.00676	0.00525	0.00622	0.00653	0.00782	0.00470	0.00495	0.00839	0.01212	0.01555	0.19594	0.19534	0.37968	0.01343	0.00639	0.00189	0.00298	0.11651	0.00502	0.00453
14	0.05791	0.30428	0.21053	0.01083	0.01562	0.03063	0.03599	0.04999	0.01189	0.14726	0.01100	0.01255	0.00856	0.04504	0.02563	0.00178	0.00621	0.00398	0.00320	0.00712
15	0.05027	0.04862	0.09446	0.01006	0.01224	0.00751	0.09531	0.01059	0.01064	0.01479	0.02305	0.43648	0.04965	0.01221	0.00612	0.00197	0.00457	0.10218	0.00408	0.00519

[dist]
# distance from previous block
# <min> <max>
1	26

[block]
# block no. 6 follows, 47 sequences, length 32
# corresponding to MSA columns:
# 299-330
name=unknown_G
#
# <colnr> <probs for GDERKNQSTAVLIFYWHMCP>
#	G	D	E	R	K	N	Q	S	T	A	V	L	I	F	Y	W	H	M	C	P
0	0.01279	0.04736	0.01203	0.01034	0.01300	0.07648	0.00800	0.03886	0.56230	0.01972	0.02032	0.12308	0.01705	0.00802	0.00534	0.00174	0.00451	0.00670	0.00488	0.00747
1	0.00634	0.00453	0.00604	0.00725	0.00755	0.00423	0.00483	0.00725	0.00997	0.01329	0.02870	0.81358	0.03444	0.01632	0.00665	0.00211	0.00302	0.01480	0.00483	0.00423
2	0.01459	0.61644	0.08935	0.01013	0.01461	0.12235	0.00997	0.04590	0.01172	0.01348	0.00773	0.00888	0.00676	0.00469	0.00373	0.00121	0.00626	0.00302	0.00240	0.00677
3	0.03950	0.00856	0.01001	0.00843	0.01129	0.00840	0.00663	0.05100	0.20324	0.14042	0.28408	0.02384	0.02502	0.00757	0.00527	0.00151	0.00361	0.00639	0.00518	0.15007
4	0.02026	0.01411	0.01514	0.01166	0.01577	0.03606	0.00961	0.64883	0.02295	0.13224	0.01345	0.01311	0.00933	0.00625	0.00520	0.00156	0.00566	0.00473	0.00531	0.00878
5	0.00729	0.00544	0.00806	0.00822	0.00907	0.00621	0.00629	0.00903	0.00858	0.01225	0.01590	0.12543	0.01585	0.03605	0.69183	0.00754	0.01250	0.00680	0.00306	0.00459
6	0.00737	0.00532	0.00696	0.00655	0.00778	0.00491	0.00491	0.00983	0.01474	0.02088	0.78175	0.03890	0.04914	0.01065	0.00614	0.00164	0.00246	0.00942	0.00573	0.00491
7	0.01889	0.01414	0.01512	0.01180	0.01580	0.01573	0.00968	0.66926	0.12383	0.03136	0.01365	0.01342	0.00979	0.00636	0.00522	0.00159	0.00552	0.00485	0.00522	0.00878
8	0.02016	0.01400	0.01526	0.01170	0.01586	0.01528	0.00967	0.69099	0.02350	0.11035	0.01333	0.01304	0.00927	0.00627	0.00521	0.00157	0.00560	0.00474	0.00534	0.00886
9	0.00793	0.00602	0.00719	0.00712	0.00828	0.00598	0.00510	0.01152	0.13077	0.01731	0.33043	0.21218	0.09758	0.11831	0.00882	0.00223	0.00320	0.00998	0.00505	0.00500
10	0.01980	0.01459	0.01563	0.01198	0.01615	0.01615	0.00990	0.76713	0.02448	0.03282	0.01250	0.01250	0.00886	0.00625	0.00521	0.00156	0.00573	0.00469	0.00521	0.00886
11	0.00857	0.00452	0.00665	0.00687	0.00692	0.00447	0.00458	0.00687	0.00735	0.00980	0.01252	0.15663	0.01353	0.01778	0.01793	0.69910	0.00426	0.00634	0.00272	0.00261
12	0.00754	0.00562	0.00837	0.00849	0.00945	0.00646	0.00670	0.00945	0.00874	0.01245	0.01535	0.02439	0.01476	0.03652	0.71534	0.00776	0.01301	0.08194	0.00300	0.00466
13	0.00771	0.00521	0.00614	0.00634	0.00655	0.00521	0.00405	0.00812	0.00832	0.01103	0.01831	0.03827	0.02081	0.68049	0.02322	0.00460	0.00501	0.13374	0.00343	0.00343
14	0.00662	0.00473	0.00635	0.00756	0.00798	0.00446	0.00530	0.00772	0.01024	0.01360	0.02855	0.71368	0.03385	0.01606	0.00672	0.00215	0.00326	0.11204	0.00483	0.00430
15	0.00784	0.00529	0.00650	0.00623	0.00748	0.00488	0.00461	0.00999	0.01340	0.03510	0.51751	0.06742	0.12557	0.04649	0.00672	0.00177	0.00265	0.00904	0.11669	0.00482
16	0.01091	0.00710	0.00925	0.00947	0.01118	0.00714	0.00792	0.08860	0.03769	0.09647	0.02530	0.16422	0.02632	0.01281	0.00665	0.00217	0.00456	0.46156	0.00503	0.00565
17	0.00754	0.00518	0.00636	0.00636	0.00659	0.00542	0.00400	0.00801	0.00777	0.01060	0.01579	0.03066	0.01745	0.62163	0.21983	0.00588	0.00728	0.00707	0.00306	0.00353
18	0.85377	0.01007	0.00765	0.00685	0.01007	0.01168	0.00564	0.01531	0.00886	0.02336	0.00725	0.00846	0.00564	0.00483	0.00322	0.00161	0.00403	0.00282	0.00322	0.00564
19	0.00755	0.00513	0.00672	0.00758	0.00840	0.00495	0.00581	0.00930	0.01126	0.01563	0.10448	0.37568	0.04370	0.01371	0.00636	0.00203	0.00345	0.24747	0.11623	0.00457
20	0.01237	0.01164	0.01845	0.44201	0.14774	0.03769	0.11332	0.12223	0.01304	0.01710	0.00994	0.01341	0.00754	0.00516	0.00531	0.00167	0.00697	0.00480	0.00282	0.00678
21	0.53024	0.09400	0.01135	0.00815	0.01169	0.04194	0.00684	0.08465	0.01162	0.14328	0.00985	0.01031	0.00722	0.00520	0.00379	0.00155	0.00461	0.00339	0.00379	0.00656
22	0.00719	0.00504	0.00585	0.00597	0.00641	0.00483	0.00374	0.00783	0.00947	0.01256	0.12843	0.14628	0.12632	0.48708	0.01822	0.00373	0.00409	0.00929	0.00397	0.00371
23	0.00761	0.00606	0.00863	0.00815	0.00933	0.00571	0.08271	0.00889	0.01015	0.01312	0.02807	0.19912	0.19284	0.27258	0.01298	0.00299	0.00444	0.11828	0.00406	0.00429
24	0.01380	0.01210	0.01572	0.31749	0.09181	0.05445	0.03359	0.22407	0.11598	0.02030	0.01244	0.01561	0.00966	0.00602	0.00529	0.00168	0.00627	0.03287	0.00365	0.00719
25	0.00640	0.00462	0.00607	0.00718	0.00760	0.00429	0.00487	0.00739	0.01022	0.01355	0.04640	0.74101	0.07349	0.01599	0.00662	0.00209	0.00303	0.03006	0.00485	0.00427
26	0.00949	0.00575	0.00701	0.00656	0.00809	0.00515	0.00480	0.01102	0.01237	0.13778	0.26341	0.11534	0.24217	0.13671	0.00922	0.00225	0.00328	0.00945	0.00510	0.00505
27	0.00792	0.00586	0.00715	0.00758	0.00866	0.00567	0.00553	0.08573	0.01217	0.01595	0.06080	0.49520	0.16436	0.01433	0.00644	0.00200	0.00338	0.08155	0.00490	0.00481
28	0.70233	0.00991	0.02634	0.04914	0.01128	0.01101	0.00617	0.01444	0.00886	0.02131	0.00835	0.01144	0.00710	0.08823	0.00576	0.00197	0.00437	0.00343	0.00314	0.00544
29	0.17077	0.25793	0.27675	0.02534	0.05098	0.01484	0.02758	0.05628	0.04538	0.01760	0.00906	0.01038	0.00708	0.00492	0.00421	0.00148	0.00605	0.00357	0.00273	0.00707
30	0.10899	0.19901	0.02922	0.01396	0.14690	0.01293	0.08452	0.04415	0.05192	0.02763	0.01012	0.01241	0.00841	0.00486	0.00436	0.00132	0.00533	0.02175	0.00304	0.20917
31	0.18138	0.01314	0.01265	0.01023	0.01387	0.08211	0.00826	0.35870	0.07332	0.05763	0.03281	0.02902	0.01022	0.00605	0.00470	0.00151	0.00522	0.00449	0.00445	0.09025

[dist]
# distance from previous block
# <min> <max>
1	5

[block]
# block no. 7 follows, 47 sequences, length 15
# corresponding to MSA columns:
# 336-350
name=unknown_H
#
# <colnr> <probs for GDERKNQSTAVLIFYWHMCP>
#	G	D	E	R	K	N	Q	S	T	A	V	L	I	F	Y	W	H	M	C	P
0	0.01397	0.01440	0.13682	0.01470	0.07666	0.06937	0.13846	0.08423	0.11003	0.11457	0.04575	0.05476	0.01326	0.01787	0.00629	0.00176	0.04092	0.03498	0.00391	0.00728
1	0.01125	0.24064	0.10324	0.07224	0.17304	0.01303	0.07535	0.01404	0.01134	0.01492	0.05217	0.04723	0.08863	0.00672	0.00524	0.00156	0.02215	0.03765	0.00297	0.00657
2	0.01202	0.20959	0.47600	0.01422	0.02068	0.01406	0.11988	0.01666	0.01123	0.04594	0.00946	0.01107	0.00705	0.00481	0.00475	0.00154	0.00722	0.00397	0.00243	0.00741
3	0.14479	0.04725	0.01566	0.01158	0.01559	0.04280	0.12137	0.16902	0.07052	0.28774	0.01442	0.01413	0.00996	0.00577	0.00496	0.00160	0.00550	0.00477	0.00473	0.00785
4	0.01187	0.08754	0.01816	0.18444	0.16610	0.01151	0.13803	0.01551	0.06186	0.06881	0.01413	0.01820	0.04398	0.03773	0.07282	0.00234	0.00688	0.03030	0.00316	0.00664
5	0.01283	0.01162	0.15971	0.04687	0.07246	0.00852	0.04111	0.03154	0.01281	0.19829	0.10710	0.02805	0.06185	0.04121	0.00659	0.00192	0.00526	0.14117	0.00438	0.00671
6	0.00759	0.00566	0.00735	0.00787	0.00905	0.00553	0.00626	0.00999	0.03989	0.01598	0.18167	0.17959	0.14569	0.01543	0.06782	0.00254	0.00438	0.27808	0.00486	0.00478
7	0.01204	0.01137	0.02335	0.01742	0.02139	0.01066	0.51731	0.01521	0.01178	0.07542	0.01409	0.09401	0.01244	0.00754	0.00740	0.07376	0.00726	0.05795	0.00326	0.00634
8	0.01281	0.01005	0.01407	0.06531	0.05315	0.04381	0.10502	0.09421	0.07697	0.10246	0.01902	0.10243	0.01797	0.00932	0.00642	0.00193	0.03248	0.22172	0.00434	0.00650
9	0.01292	0.01597	0.14625	0.02054	0.08955	0.01328	0.49855	0.10327	0.01346	0.01854	0.01051	0.01330	0.00784	0.00471	0.00577	0.00170	0.00804	0.00549	0.00286	0.00744
10	0.00935	0.00608	0.00796	0.00846	0.00961	0.00596	0.00656	0.06030	0.01190	0.07527	0.02592	0.38844	0.02864	0.05813	0.00773	0.00230	0.00405	0.27343	0.00488	0.00504
11	0.85377	0.01007	0.00765	0.00685	0.01007	0.01168	0.00564	0.01531	0.00886	0.02336	0.00725	0.00846	0.00564	0.00483	0.00322	0.00161	0.00403	0.00282	0.00322	0.00564
12	0.07651	0.00991	0.01052	0.01134	0.07692	0.10269	0.00827	0.07359	0.06354	0.01781	0.09109	0.10258	0.02256	0.04465	0.00681	0.00205	0.00507	0.26403	0.00432	0.00575
13	0.38897	0.01320	0.10184	0.01215	0.07962	0.05351	0.08129	0.04851	0.04457	0.05211	0.06945	0.01310	0.01049	0.00549	0.00443	0.00162	0.00535	0.00426	0.00347	0.00658
14	0.08388	0.00876	0.00979	0.00837	0.01102	0.05060	0.00664	0.01506	0.01180	0.19796	0.07027	0.02540	0.06692	0.10086	0.00815	0.00196	0.04337	0.09868	0.00435	0.17616

[dist]
# distance from previous block
# <min> <max>
3	9

[block]
# block no. 8 follows, 47 sequences, length 18
# corresponding to MSA columns:
# 360-377
name=unknown_I
#
# <colnr> <probs for GDERKNQSTAVLIFYWHMCP>
#	G	D	E	R	K	N	Q	S	T	A	V	L	I	F	Y	W	H	M	C	P
0	0.31026	0.01087	0.05765	0.01128	0.06133	0.00996	0.09227	0.01598	0.02002	0.11034	0.02885	0.01670	0.01076	0.00590	0.00459	0.00157	0.00496	0.07693	0.00365	0.14614
1	0.00849	0.08858	0.06671	0.00678	0.00785	0.00711	0.00508	0.00909	0.00837	0.01116	0.04414	0.02902	0.01744	0.60273	0.02146	0.04716	0.00517	0.00673	0.00304	0.00387
2	0.01510	0.51453	0.05259	0.01223	0.10256	0.05702	0.01007	0.04681	0.03924	0.09210	0.00970	0.01053	0.00790	0.00491	0.00401	0.00129	0.00576	0.00350	0.00294	0.00723
3	0.06715	0.00971	0.01225	0.00977	0.01319	0.04193	0.05140	0.05027	0.02949	0.42637	0.03416	0.01918	0.04026	0.00677	0.00553	0.00160	0.03381	0.03436	0.06244	0.05036
4	0.11752	0.01215	0.06999	0.01197	0.11468	0.08542	0.00884	0.01664	0.01201	0.16836	0.01527	0.01571	0.08103	0.00569	0.00460	0.00136	0.00501	0.00450	0.00375	0.24551
5	0.03969	0.04259	0.01905	0.07174	0.51445	0.01164	0.04080	0.01661	0.01210	0.10925	0.04174	0.01424	0.01019	0.00510	0.00508	0.00154	0.00581	0.00479	0.00317	0.03041
6	0.01577	0.00843	0.01176	0.00987	0.01277	0.00798	0.05873	0.07409	0.04421	0.34381	0.11579	0.04892	0.03077	0.03973	0.00665	0.00193	0.00460	0.15170	0.00545	0.00703
7	0.00717	0.00516	0.00706	0.00739	0.00792	0.00552	0.00522	0.00831	0.00861	0.01192	0.01860	0.24100	0.02036	0.22626	0.38871	0.00583	0.00874	0.00860	0.00344	0.00416
8	0.05764	0.01268	0.01846	0.08940	0.52111	0.05788	0.01388	0.06799	0.04574	0.04987	0.01064	0.01299	0.00848	0.00503	0.00505	0.00157	0.00613	0.00455	0.00305	0.00785
9	0.14318	0.01260	0.05952	0.01463	0.01876	0.01198	0.30588	0.09264	0.01293	0.16099	0.01230	0.03257	0.00929	0.02341	0.00663	0.00180	0.06474	0.00532	0.00370	0.00712
10	0.01158	0.02356	0.65380	0.01389	0.02074	0.01119	0.01727	0.01696	0.01146	0.09365	0.01183	0.01523	0.00897	0.00580	0.00514	0.00170	0.00715	0.05964	0.00282	0.00760
11	0.03326	0.00920	0.01333	0.35010	0.07450	0.01004	0.01068	0.08219	0.01291	0.20301	0.01481	0.01652	0.03901	0.00595	0.00502	0.00162	0.00543	0.00501	0.10062	0.00680
12	0.06830	0.19558	0.35111	0.01110	0.01615	0.01278	0.01239	0.01620	0.08999	0.01734	0.14527	0.01599	0.01496	0.00605	0.00472	0.00154	0.00569	0.00473	0.00321	0.00690
13	0.13612	0.01718	0.07004	0.01186	0.01532	0.29442	0.04797	0.17727	0.01523	0.04416	0.01332	0.01642	0.04936	0.00653	0.00497	0.00158	0.00683	0.06110	0.00365	0.00666
14	0.00646	0.00466	0.00614	0.00717	0.00763	0.00433	0.00489	0.00754	0.01046	0.01395	0.08590	0.70434	0.06715	0.01571	0.00660	0.00207	0.00301	0.03277	0.00490	0.00430
15	0.08220	0.10619	0.36406	0.19330	0.08022	0.01278	0.03532	0.01582	0.01086	0.03978	0.00933	0.01158	0.00696	0.00495	0.00474	0.00160	0.00680	0.00399	0.00249	0.00704
16	0.00729	0.00569	0.00728	0.00790	0.00884	0.00568	0.00616	0.00877	0.01095	0.01414	0.03329	0.31816	0.23492	0.01434	0.00746	0.00212	0.06350	0.23434	0.00463	0.00456
17	0.01416	0.00861	0.01096	0.00941	0.01159	0.00914	0.02025	0.05612	0.10974	0.24861	0.02169	0.10305	0.09499	0.07487	0.00908	0.00208	0.13109	0.01952	0.03844	0.00662

[dist]
# distance from previous block
# <min> <max>
3	6

[block]
# block no. 9 follows, 47 sequences, length 19
# corresponding to MSA columns:
# 384-402
name=unknown_J
#
# <colnr> <probs for GDERKNQSTAVLIFYWHMCP>
#	G	D	E	R	K	N	Q	S	T	A	V	L	I	F	Y	W	H	M	C	P
0	0.03703	0.00822	0.00890	0.00810	0.00932	0.05171	0.00578	0.13684	0.07063	0.01510	0.01273	0.02022	0.01223	0.23486	0.05533	0.29419	0.00556	0.00543	0.00332	0.00451
1	0.01488	0.03557	0.06221	0.01040	0.02518	0.11409	0.04356	0.03440	0.09045	0.22765	0.15346	0.05039	0.01927	0.08624	0.00743	0.00194	0.00522	0.00624	0.00465	0.00675
2	0.06612	0.00530	0.00641	0.00724	0.00798	0.00519	0.00500	0.00886	0.04488	0.01475	0.06021	0.64670	0.07281	0.01468	0.00630	0.00202	0.00310	0.01312	0.00478	0.00455
3	0.09440	0.21559	0.34781	0.01107	0.01636	0.04177	0.01242	0.01603	0.01133	0.07449	0.04260	0.01469	0.06932	0.00581	0.00454	0.00151	0.00603	0.00435	0.00299	0.00691
4	0.05110	0.22359	0.10516	0.03486	0.01466	0.08505	0.02562	0.05220	0.03014	0.09687	0.01066	0.01360	0.00895	0.07473	0.02834	0.03465	0.09608	0.00425	0.00309	0.00642
5	0.01637	0.00833	0.01053	0.00876	0.01164	0.00794	0.00696	0.09997	0.07487	0.37242	0.21749	0.10039	0.02417	0.00852	0.00561	0.00167	0.00390	0.00724	0.00588	0.00734
6	0.01064	0.07115	0.74748	0.01451	0.02203	0.01257	0.01866	0.01644	0.01097	0.01626	0.00923	0.01085	0.00660	0.00492	0.00486	0.00162	0.00758	0.00379	0.00220	0.00764
7	0.01098	0.01190	0.09237	0.16980	0.37464	0.01091	0.03743	0.01476	0.05375	0.01591	0.01343	0.14525	0.01257	0.00683	0.00543	0.00170	0.00592	0.00635	0.00302	0.00703
8	0.01279	0.01437	0.18043	0.24836	0.21739	0.03160	0.06826	0.01651	0.01174	0.11091	0.01134	0.01456	0.00859	0.00535	0.00525	0.00166	0.00674	0.02392	0.00296	0.00726
9	0.00644	0.00467	0.00591	0.00685	0.00731	0.00433	0.00456	0.00731	0.00997	0.01308	0.03048	0.64325	0.12533	0.09401	0.00852	0.00236	0.00317	0.01363	0.00467	0.00415
10	0.00681	0.00481	0.00638	0.00729	0.00786	0.00453	0.00515	0.00816	0.01094	0.01490	0.14529	0.59356	0.03560	0.01491	0.00652	0.00204	0.00309	0.08528	0.03248	0.00441
11	0.67352	0.00967	0.00860	0.00829	0.04066	0.01084	0.00647	0.01568	0.00976	0.08217	0.01037	0.01426	0.00868	0.00588	0.00384	0.00169	0.00422	0.07589	0.00360	0.00591
12	0.06690	0.16193	0.13783	0.01305	0.10925	0.06338	0.01069	0.11005	0.01324	0.12319	0.01261	0.08985	0.01068	0.00626	0.00474	0.00150	0.00566	0.00498	0.00360	0.05061
13	0.01330	0.02697	0.05072	0.15875	0.19366	0.01058	0.01123	0.05955	0.05662	0.11742	0.01245	0.02620	0.00984	0.00557	0.00513	0.00147	0.01875	0.02574	0.00352	0.19252
14	0.01008	0.00629	0.00880	0.00808	0.00988	0.00624	0.02740	0.01197	0.01105	0.14986	0.08706	0.04593	0.18665	0.02321	0.35941	0.00470	0.00823	0.02553	0.00421	0.00542
15	0.01370	0.01034	0.01303	0.01196	0.12320	0.00909	0.00825	0.12533	0.01339	0.10402	0.01146	0.02901	0.00909	0.00487	0.00445	0.00112	0.00451	0.00403	0.00373	0.49540
16	0.07988	0.02306	0.07405	0.05975	0.35817	0.01124	0.01236	0.03367	0.07802	0.14725	0.06117	0.01540	0.01187	0.00563	0.00506	0.00160	0.00544	0.00492	0.00372	0.00776
17	0.03721	0.01149	0.01750	0.18313	0.37348	0.03419	0.04203	0.05039	0.04819	0.07551	0.01178	0.01454	0.01903	0.02614	0.00567	0.00167	0.00607	0.00482	0.00315	0.03401
18	0.01301	0.02013	0.03327	0.01375	0.15282	0.01054	0.03825	0.14985	0.14098	0.07222	0.09860	0.04036	0.11338	0.00737	0.00537	0.00159	0.00468	0.00633	0.00445	0.07305

[dist]
# distance from previous block
# <min> <max>
0	157

# created by:
# /home/berkeley/.conda/envs/busco_data_prod/bin/msa2prfl.pl pipeline/OGs_align_augustus/33634/6400.fs
