[name]
unknown

[dist]
# distance from previous block
# <min> <max>
0	54

[block]
# block no. 0 follows, 49 sequences, length 24
# corresponding to MSA columns:
# 54-77
name=unknown_A
#
# <colnr> <probs for GDERKNQSTAVLIFYWHMCP>
#	G	D	E	R	K	N	Q	S	T	A	V	L	I	F	Y	W	H	M	C	P
0	0.01883	0.01295	0.01429	0.01118	0.01500	0.01406	0.00926	0.63609	0.02188	0.11604	0.01405	0.01588	0.01049	0.00665	0.00520	0.00158	0.00536	0.05772	0.00516	0.00832
1	0.01928	0.01334	0.01458	0.01126	0.01523	0.01456	0.00927	0.64772	0.06219	0.12006	0.01349	0.01308	0.00941	0.00613	0.00507	0.00153	0.00534	0.00468	0.00520	0.00857
2	0.00672	0.00447	0.00611	0.00708	0.00737	0.00425	0.00482	0.00714	0.00925	0.01231	0.02451	0.63998	0.02894	0.01604	0.00879	0.14954	0.00328	0.05133	0.00426	0.00380
3	0.00981	0.00926	0.01564	0.74099	0.10192	0.01130	0.01417	0.01315	0.01024	0.01324	0.00903	0.01340	0.00685	0.00501	0.00505	0.00167	0.00668	0.00449	0.00227	0.00583
4	0.01889	0.02410	0.01433	0.01303	0.01563	0.80199	0.00977	0.02019	0.01433	0.01238	0.00782	0.00912	0.00651	0.00521	0.00456	0.00130	0.00912	0.00326	0.00261	0.00586
5	0.01721	0.00739	0.00998	0.00807	0.01102	0.00649	0.00649	0.01932	0.01442	0.52144	0.29070	0.02446	0.02492	0.00770	0.00539	0.00157	0.00363	0.00652	0.00601	0.00725
6	0.00701	0.00516	0.00656	0.00621	0.00747	0.00471	0.00466	0.00926	0.01397	0.01947	0.69841	0.03910	0.13788	0.01064	0.00597	0.00160	0.00241	0.00933	0.00546	0.00471
7	0.01221	0.01156	0.01903	0.02754	0.67502	0.01123	0.01410	0.01510	0.01136	0.01651	0.00943	0.01221	0.00793	0.00439	0.00482	0.00139	0.00567	0.00428	0.00258	0.13360
8	0.01012	0.04501	0.01566	0.74246	0.03309	0.01180	0.01363	0.04400	0.01067	0.01365	0.00903	0.01319	0.00681	0.00506	0.00498	0.00165	0.00663	0.00442	0.00236	0.00578
9	0.00980	0.00881	0.01411	0.40464	0.20486	0.00981	0.01183	0.02756	0.01153	0.01559	0.14603	0.01972	0.06285	0.00636	0.00522	0.00161	0.00544	0.00569	0.02255	0.00599
10	0.01137	0.01781	0.39721	0.01193	0.01696	0.01128	0.01296	0.01996	0.30310	0.05302	0.07981	0.01636	0.01359	0.00612	0.00504	0.00164	0.00559	0.00500	0.00375	0.00750
11	0.01153	0.01184	0.01542	0.01326	0.01342	0.06255	0.01099	0.01265	0.00814	0.01218	0.00671	0.01095	0.00663	0.00863	0.01587	0.00216	0.76492	0.00436	0.00224	0.00555
12	0.01225	0.01175	0.02005	0.10018	0.72366	0.01195	0.01539	0.01529	0.01139	0.01620	0.00947	0.01260	0.00790	0.00455	0.00501	0.00152	0.00607	0.00450	0.00248	0.00780
13	0.01014	0.02616	0.79609	0.01441	0.02189	0.01174	0.01868	0.01601	0.01068	0.01601	0.00907	0.01068	0.00641	0.00480	0.00480	0.00160	0.00747	0.00374	0.00214	0.00747
14	0.00955	0.00899	0.01517	0.81013	0.03483	0.01123	0.01404	0.01292	0.01011	0.01292	0.00899	0.01348	0.00674	0.00506	0.00506	0.00169	0.00674	0.00449	0.00225	0.00562
15	0.27282	0.01076	0.01142	0.00899	0.01276	0.01117	0.00740	0.25836	0.01530	0.25027	0.01260	0.01229	0.00870	0.00550	0.00437	0.00148	0.00454	0.00402	0.00464	0.08262
16	0.01194	0.01364	0.02984	0.02131	0.02643	0.01279	0.77238	0.01620	0.01194	0.01620	0.01023	0.01364	0.00767	0.00426	0.00597	0.00171	0.00853	0.00597	0.00256	0.00682
17	0.00951	0.00796	0.00945	0.00739	0.01094	0.00615	0.00570	0.01146	0.01031	0.01568	0.01323	0.19197	0.01332	0.00646	0.00435	0.00104	0.00356	0.00555	0.00338	0.66260
18	0.03391	0.01106	0.08361	0.14075	0.01822	0.01024	0.11034	0.10470	0.05808	0.15851	0.05061	0.10094	0.04750	0.00723	0.00584	0.00170	0.03975	0.00628	0.00404	0.00671
19	0.01702	0.11282	0.23542	0.01096	0.01578	0.03083	0.01112	0.10777	0.01372	0.34182	0.01373	0.01341	0.00935	0.00621	0.01995	0.00164	0.02211	0.00430	0.00422	0.00782
20	0.00955	0.00899	0.01517	0.81013	0.03483	0.01123	0.01404	0.01292	0.01011	0.01292	0.00899	0.01348	0.00674	0.00506	0.00506	0.00169	0.00674	0.00449	0.00225	0.00562
21	0.01272	0.01178	0.02107	0.17470	0.37188	0.01202	0.20361	0.05721	0.01218	0.05810	0.01029	0.01321	0.00796	0.00473	0.00526	0.00159	0.00666	0.00490	0.00281	0.00732
22	0.03592	0.01175	0.01791	0.04200	0.42788	0.01344	0.01323	0.07847	0.01119	0.01646	0.00870	0.01191	0.00750	0.00609	0.00879	0.00174	0.27283	0.00443	0.00263	0.00711
23	0.00634	0.00448	0.00581	0.00681	0.00705	0.00423	0.00444	0.00709	0.00932	0.01243	0.02604	0.69823	0.03113	0.13975	0.00942	0.00249	0.00324	0.01330	0.00444	0.00395

[dist]
# distance from previous block
# <min> <max>
0	2

[block]
# block no. 1 follows, 49 sequences, length 48
# corresponding to MSA columns:
# 80-127
name=unknown_B
#
# <colnr> <probs for GDERKNQSTAVLIFYWHMCP>
#	G	D	E	R	K	N	Q	S	T	A	V	L	I	F	Y	W	H	M	C	P
0	0.85801	0.00978	0.00743	0.00665	0.00978	0.01134	0.00548	0.01486	0.00861	0.02269	0.00704	0.00821	0.00548	0.00469	0.00313	0.00156	0.00391	0.00274	0.00313	0.00548
1	0.00624	0.00451	0.00573	0.00670	0.00722	0.00415	0.00454	0.00722	0.00997	0.01321	0.03073	0.68654	0.13716	0.01510	0.00629	0.00198	0.00286	0.01355	0.03216	0.00415
2	0.00616	0.00440	0.00587	0.00704	0.00733	0.00411	0.00469	0.00704	0.00968	0.01291	0.02787	0.81899	0.03344	0.01584	0.00645	0.00205	0.00293	0.01438	0.00469	0.00411
3	0.01014	0.02616	0.79609	0.01441	0.02189	0.01174	0.01868	0.01601	0.01068	0.01601	0.00907	0.01068	0.00641	0.00480	0.00480	0.00160	0.00747	0.00374	0.00214	0.00747
4	0.01252	0.01201	0.02053	0.03104	0.79074	0.01201	0.01552	0.01552	0.01151	0.01652	0.00951	0.01252	0.00801	0.00451	0.00501	0.00150	0.00601	0.00451	0.00250	0.00801
5	0.01141	0.01125	0.01686	0.04612	0.22740	0.01439	0.01239	0.01312	0.00886	0.01339	0.00751	0.01155	0.00702	0.00752	0.01301	0.00200	0.56325	0.00445	0.00229	0.00621
6	0.04421	0.01221	0.01972	0.02777	0.65727	0.01241	0.03499	0.09788	0.01275	0.01840	0.00973	0.01235	0.00797	0.00468	0.00497	0.00151	0.00595	0.00449	0.00281	0.00795
7	0.01352	0.82533	0.02650	0.00865	0.01298	0.02001	0.00865	0.01514	0.01027	0.01190	0.00703	0.00811	0.00649	0.00433	0.00324	0.00108	0.00541	0.00270	0.00216	0.00649
8	0.00722	0.00542	0.00813	0.00813	0.00903	0.00632	0.00632	0.00903	0.00813	0.01174	0.01354	0.01987	0.01264	0.03792	0.80225	0.00813	0.01354	0.00542	0.00271	0.00451
9	0.00962	0.00835	0.01318	0.04726	0.35599	0.00823	0.00988	0.01232	0.01292	0.01834	0.41367	0.02566	0.02857	0.00755	0.00551	0.00155	0.00415	0.00691	0.00408	0.00624
10	0.04150	0.01109	0.09019	0.06438	0.22407	0.00959	0.17842	0.01297	0.01115	0.01574	0.06164	0.17085	0.07114	0.00763	0.00553	0.00169	0.00562	0.00729	0.00325	0.00626
11	0.00955	0.00899	0.01517	0.81013	0.03483	0.01123	0.01404	0.01292	0.01011	0.01292	0.00899	0.01348	0.00674	0.00506	0.00506	0.00169	0.00674	0.00449	0.00225	0.00562
12	0.02244	0.00900	0.01198	0.00919	0.01311	0.00802	0.00759	0.07840	0.01514	0.73955	0.01939	0.01685	0.01224	0.00625	0.00508	0.00156	0.00439	0.00505	0.00617	0.00861
13	0.01134	0.12146	0.04526	0.32990	0.06036	0.10524	0.12109	0.01427	0.01139	0.01411	0.07457	0.01560	0.04312	0.00559	0.00499	0.00154	0.00656	0.00494	0.00271	0.00599
14	0.01431	0.55539	0.02194	0.00964	0.01321	0.16907	0.00875	0.01587	0.01094	0.03748	0.00806	0.00956	0.00714	0.00715	0.06170	0.00169	0.03627	0.00315	0.00242	0.00626
15	0.00772	0.00609	0.00939	0.00870	0.00969	0.00679	0.06107	0.00930	0.00823	0.01167	0.01358	0.02190	0.01329	0.19872	0.55667	0.00680	0.03742	0.00583	0.00276	0.00441
16	0.04906	0.01443	0.01526	0.01436	0.07643	0.21657	0.01085	0.01461	0.00977	0.01302	0.00719	0.01056	0.00667	0.00739	0.01201	0.00189	0.50768	0.00406	0.00238	0.00581
17	0.01338	0.02776	0.01884	0.23655	0.31184	0.01229	0.09972	0.13074	0.01322	0.07103	0.01052	0.01308	0.00799	0.00498	0.00511	0.00157	0.00630	0.00468	0.00308	0.00732
18	0.01249	0.01207	0.02087	0.03068	0.76273	0.01204	0.04326	0.01554	0.01153	0.01651	0.00954	0.01256	0.00800	0.00450	0.00504	0.00151	0.00610	0.00456	0.00251	0.00797
19	0.01114	0.05167	0.31438	0.08744	0.02326	0.01233	0.30194	0.03283	0.05510	0.01642	0.03748	0.01339	0.00893	0.00494	0.00527	0.00163	0.00730	0.00493	0.00266	0.00698
20	0.01406	0.31287	0.04013	0.06410	0.24451	0.06737	0.03907	0.05727	0.03676	0.06487	0.00963	0.01120	0.00778	0.00479	0.00437	0.00137	0.00597	0.00387	0.00282	0.00718
21	0.01008	0.00872	0.01411	0.64786	0.02994	0.01063	0.01262	0.01350	0.03513	0.05169	0.03411	0.04854	0.00977	0.00653	0.02071	0.00183	0.03064	0.00513	0.00275	0.00573
22	0.00636	0.00477	0.00618	0.00737	0.02602	0.00440	0.00495	0.00743	0.01014	0.01322	0.03156	0.62987	0.16761	0.01495	0.00636	0.00199	0.00301	0.04492	0.00464	0.00425
23	0.01287	0.01252	0.01801	0.14899	0.36852	0.09193	0.08011	0.03678	0.10313	0.03367	0.03629	0.01409	0.00991	0.00519	0.00510	0.00156	0.00626	0.00481	0.00304	0.00723
24	0.04229	0.01139	0.04519	0.03636	0.03943	0.05072	0.00873	0.10845	0.22835	0.30639	0.01828	0.01758	0.03928	0.00650	0.00506	0.00161	0.00481	0.01674	0.00503	0.00783
25	0.00675	0.00486	0.00657	0.00765	0.00826	0.00468	0.00569	0.00809	0.01023	0.01350	0.02783	0.54518	0.05951	0.01614	0.04010	0.00237	0.00384	0.21986	0.00460	0.00428
26	0.01247	0.01232	0.02062	0.20755	0.21765	0.04821	0.23463	0.06784	0.03249	0.02857	0.00997	0.01304	0.00776	0.00508	0.00604	0.00165	0.05953	0.00491	0.00275	0.00689
27	0.00872	0.00997	0.12233	0.19394	0.05307	0.00834	0.06488	0.02774	0.03568	0.01465	0.04169	0.35874	0.01984	0.00980	0.00571	0.00182	0.00506	0.00891	0.00357	0.00554
28	0.01212	0.01157	0.01951	0.13475	0.66421	0.01193	0.01508	0.01554	0.03634	0.01619	0.00980	0.01285	0.00808	0.00466	0.00502	0.00153	0.00604	0.00454	0.00255	0.00769
29	0.02170	0.00839	0.01142	0.00883	0.01257	0.00726	0.00726	0.02369	0.01446	0.74520	0.06862	0.01851	0.01475	0.00652	0.00514	0.00157	0.00418	0.00534	0.00621	0.00836
30	0.02014	0.03503	0.05902	0.01000	0.01398	0.00945	0.02634	0.13125	0.01511	0.55432	0.01753	0.04138	0.01184	0.00641	0.00533	0.00158	0.02241	0.00516	0.00549	0.00822
31	0.00914	0.03579	0.09780	0.00918	0.01098	0.08019	0.02230	0.01100	0.01056	0.02689	0.02066	0.27201	0.02274	0.13258	0.00898	0.00239	0.00499	0.21311	0.00386	0.00485
32	0.00985	0.00930	0.01572	0.73009	0.11249	0.01131	0.01419	0.01319	0.01026	0.01329	0.00904	0.01338	0.00687	0.00500	0.00505	0.00167	0.00667	0.00450	0.00227	0.00586
33	0.01889	0.02410	0.01433	0.01303	0.01563	0.80199	0.00977	0.02019	0.01433	0.01238	0.00782	0.00912	0.00651	0.00521	0.00456	0.00130	0.00912	0.00326	0.00261	0.00586
34	0.01058	0.00963	0.03050	0.00879	0.03798	0.00720	0.02693	0.01300	0.01056	0.01646	0.00904	0.01064	0.00749	0.00381	0.00387	0.00082	0.00404	0.00314	0.00295	0.78258
35	0.01342	0.80131	0.04963	0.00883	0.01325	0.01976	0.00895	0.01517	0.01029	0.01202	0.00709	0.00819	0.00649	0.00434	0.00329	0.00110	0.00547	0.00273	0.00216	0.00652
36	0.01014	0.02616	0.79609	0.01441	0.02189	0.01174	0.01868	0.01601	0.01068	0.01601	0.00907	0.01068	0.00641	0.00480	0.00480	0.00160	0.00747	0.00374	0.00214	0.00747
37	0.00735	0.00490	0.00552	0.00552	0.00552	0.00490	0.00306	0.00735	0.00735	0.00980	0.01593	0.03309	0.01838	0.82229	0.02574	0.00490	0.00490	0.00735	0.00306	0.00306
38	0.00882	0.02323	0.00938	0.00880	0.00998	0.08783	0.00687	0.02368	0.00906	0.01217	0.01268	0.01824	0.01171	0.03282	0.67626	0.00706	0.02881	0.00511	0.00272	0.00478
39	0.00863	0.00692	0.00923	0.06312	0.01040	0.00787	0.03377	0.01041	0.06387	0.01176	0.01456	0.02714	0.01542	0.48000	0.05878	0.00398	0.12646	0.04035	0.00307	0.00425
40	0.21938	0.01059	0.04110	0.24906	0.16637	0.01101	0.01096	0.06089	0.01161	0.15688	0.01076	0.01251	0.00780	0.00513	0.00457	0.00159	0.00543	0.00415	0.00339	0.00681
41	0.00815	0.00582	0.00815	0.00931	0.01048	0.00582	0.00815	0.01048	0.01164	0.01513	0.02677	0.05704	0.02910	0.01397	0.00698	0.00233	0.00466	0.75671	0.00466	0.00466
42	0.01364	0.01364	0.02634	0.02483	0.06741	0.23306	0.00911	0.02840	0.11627	0.07559	0.09467	0.03002	0.08060	0.00748	0.00724	0.00165	0.15463	0.00549	0.00369	0.00624
43	0.02745	0.03160	0.05775	0.06707	0.17947	0.22694	0.04529	0.16574	0.09282	0.02858	0.01134	0.01263	0.01991	0.00543	0.00490	0.00150	0.00668	0.00436	0.00335	0.00719
44	0.05144	0.01121	0.01321	0.01131	0.04675	0.02382	0.03520	0.27638	0.17701	0.20173	0.02868	0.07320	0.01312	0.00685	0.00514	0.00161	0.00482	0.00565	0.00502	0.00783
45	0.01199	0.01089	0.01913	0.20686	0.19057	0.01123	0.22269	0.08652	0.01287	0.05015	0.09866	0.03095	0.01282	0.00566	0.00543	0.00163	0.00630	0.00564	0.00324	0.00676
46	0.01191	0.00880	0.01038	0.06680	0.01312	0.00963	0.00751	0.02050	0.41519	0.10737	0.20096	0.04938	0.02299	0.00794	0.00541	0.00169	0.00383	0.02452	0.00514	0.00693
47	0.11927	0.14216	0.26951	0.01402	0.15630	0.01184	0.01206	0.01480	0.03915	0.01684	0.10078	0.04454	0.02674	0.00593	0.00461	0.00152	0.00545	0.00481	0.00298	0.00668

[dist]
# distance from previous block
# <min> <max>
4	24

[block]
# block no. 2 follows, 49 sequences, length 41
# corresponding to MSA columns:
# 152-192
name=unknown_C
#
# <colnr> <probs for GDERKNQSTAVLIFYWHMCP>
#	G	D	E	R	K	N	Q	S	T	A	V	L	I	F	Y	W	H	M	C	P
0	0.06195	0.02952	0.07574	0.05853	0.17010	0.03006	0.12035	0.10934	0.12193	0.08114	0.01264	0.02413	0.01931	0.00573	0.00577	0.00163	0.05637	0.00492	0.00353	0.00731
1	0.00812	0.00687	0.04819	0.00899	0.05047	0.00585	0.00659	0.04386	0.01142	0.03408	0.11442	0.45548	0.06568	0.01265	0.00608	0.00188	0.00358	0.07830	0.00454	0.03297
2	0.15489	0.20312	0.11013	0.01061	0.04560	0.02194	0.00940	0.12831	0.15792	0.01949	0.01088	0.01147	0.00846	0.00514	0.00417	0.00140	0.00507	0.00378	0.00340	0.08481
3	0.01434	0.01029	0.06097	0.01025	0.01283	0.01017	0.00871	0.07103	0.06889	0.24601	0.04079	0.11508	0.01392	0.00798	0.00809	0.00173	0.21067	0.00596	0.00431	0.07798
4	0.01297	0.29779	0.32889	0.01339	0.06157	0.01445	0.07773	0.04147	0.01145	0.08211	0.00953	0.01076	0.00723	0.00474	0.00441	0.00142	0.00643	0.00376	0.00265	0.00724
5	0.01517	0.04161	0.01141	0.00976	0.05138	0.00863	0.00736	0.02770	0.15450	0.33322	0.20468	0.05541	0.02178	0.00765	0.00557	0.00161	0.02359	0.00642	0.00535	0.00719
6	0.00779	0.00625	0.00889	0.05144	0.05908	0.00602	0.04531	0.01009	0.04613	0.03081	0.16268	0.34340	0.17890	0.01180	0.00600	0.00181	0.00352	0.01058	0.00452	0.00499
7	0.01138	0.00964	0.01588	0.27630	0.27615	0.01032	0.04898	0.03228	0.01164	0.06981	0.07449	0.06014	0.01350	0.00647	0.00556	0.00167	0.02192	0.04411	0.00321	0.00654
8	0.02909	0.00656	0.00863	0.04093	0.07683	0.00649	0.00653	0.02544	0.06790	0.05327	0.23767	0.25506	0.11580	0.01095	0.00584	0.00177	0.00343	0.03775	0.00473	0.00534
9	0.00730	0.00724	0.08902	0.00853	0.00998	0.00555	0.00737	0.00926	0.01062	0.01410	0.02697	0.40510	0.07626	0.01381	0.00645	0.00209	0.00402	0.28726	0.00441	0.00467
10	0.01233	0.01183	0.02019	0.07976	0.74347	0.01197	0.01543	0.01536	0.01143	0.01630	0.00948	0.01258	0.00793	0.00454	0.00501	0.00151	0.00605	0.00450	0.00249	0.00786
11	0.01428	0.12606	0.04560	0.01060	0.01413	0.01361	0.02918	0.14471	0.43551	0.07465	0.01665	0.02741	0.01257	0.00632	0.00489	0.00158	0.00472	0.00512	0.00460	0.00782
12	0.01191	0.01404	0.06353	0.02201	0.10588	0.01266	0.65941	0.01612	0.01183	0.01622	0.01010	0.01339	0.00765	0.00431	0.00581	0.00168	0.00822	0.00571	0.00253	0.00697
13	0.01386	0.77522	0.02574	0.00893	0.01314	0.06891	0.00872	0.01546	0.01053	0.01193	0.00708	0.00817	0.00649	0.00438	0.00333	0.00110	0.00564	0.00274	0.00219	0.00645
14	0.00864	0.00554	0.00716	0.00739	0.00847	0.00527	0.00537	0.04858	0.01153	0.08707	0.12422	0.47704	0.07789	0.01440	0.03884	0.01462	0.00363	0.04461	0.00485	0.00486
15	0.16922	0.00970	0.01306	0.20154	0.11060	0.01015	0.00976	0.07032	0.01266	0.32416	0.01323	0.01379	0.00907	0.00547	0.00471	0.00158	0.00510	0.00441	0.00421	0.00726
16	0.00701	0.00531	0.00763	0.00773	0.00866	0.00593	0.00593	0.00869	0.00861	0.01203	0.01862	0.08704	0.09519	0.03353	0.65536	0.00697	0.01155	0.00668	0.00308	0.00446
17	0.00770	0.00510	0.00662	0.00694	0.00795	0.00469	0.00509	0.00929	0.01176	0.06513	0.26347	0.38102	0.10819	0.01298	0.00618	0.00186	0.00295	0.07381	0.01460	0.00467
18	0.04070	0.01214	0.05618	0.22946	0.02002	0.05374	0.02214	0.09952	0.03008	0.06730	0.00937	0.01226	0.00745	0.00668	0.00929	0.00183	0.30821	0.00440	0.00293	0.00630
19	0.01128	0.00709	0.00929	0.00935	0.01117	0.00717	0.00789	0.05424	0.07797	0.13845	0.02423	0.09970	0.02429	0.01181	0.00651	0.00209	0.01468	0.47211	0.00494	0.00574
20	0.01184	0.01106	0.01939	0.21343	0.42202	0.01158	0.11334	0.01496	0.01133	0.04446	0.04211	0.01407	0.00943	0.00506	0.00559	0.00160	0.03405	0.00491	0.00271	0.00708
21	0.01140	0.06062	0.01652	0.40411	0.24622	0.01131	0.01289	0.01434	0.01112	0.06892	0.07098	0.01500	0.01071	0.00542	0.00520	0.00159	0.01952	0.00479	0.00286	0.00650
22	0.01518	0.01131	0.09208	0.04062	0.01586	0.00967	0.11839	0.15518	0.01517	0.25674	0.17937	0.02018	0.01812	0.00678	0.00540	0.00161	0.00514	0.02119	0.00477	0.00723
23	0.00937	0.00854	0.09112	0.12661	0.04656	0.00697	0.00832	0.01205	0.01258	0.09015	0.32752	0.04991	0.13513	0.00902	0.00565	0.00166	0.00404	0.04474	0.00447	0.00558
24	0.01334	0.60127	0.12734	0.01176	0.09521	0.01757	0.01065	0.01568	0.01063	0.04483	0.00809	0.00928	0.00688	0.00449	0.00371	0.00121	0.00570	0.00313	0.00236	0.00686
25	0.04619	0.12306	0.15282	0.06753	0.07550	0.01061	0.02122	0.01507	0.11643	0.05213	0.03536	0.17874	0.03137	0.00805	0.00512	0.00167	0.00499	0.04419	0.00361	0.00633
26	0.01319	0.01165	0.01756	0.28278	0.31169	0.03348	0.04429	0.14843	0.02994	0.04285	0.01036	0.01301	0.00794	0.00508	0.00506	0.00157	0.00626	0.00458	0.00305	0.00724
27	0.01238	0.01188	0.02028	0.06628	0.75655	0.01198	0.01545	0.01540	0.01145	0.01636	0.00949	0.01256	0.00795	0.00453	0.00501	0.00151	0.00604	0.00450	0.00249	0.00790
28	0.04537	0.00772	0.04135	0.00755	0.01041	0.00635	0.00631	0.01608	0.01330	0.36001	0.19828	0.02928	0.21950	0.00873	0.00543	0.00161	0.00354	0.00728	0.00542	0.00647
29	0.01124	0.10041	0.53043	0.08494	0.03236	0.01227	0.04334	0.02819	0.02337	0.05196	0.01011	0.01246	0.00756	0.00511	0.00480	0.00158	0.00692	0.02323	0.00252	0.00720
30	0.01137	0.01084	0.01845	0.33252	0.49823	0.01171	0.01495	0.01451	0.01097	0.01513	0.00931	0.01289	0.00752	0.00472	0.00503	0.00157	0.00629	0.00450	0.00240	0.00708
31	0.00629	0.00449	0.00601	0.00719	0.00753	0.00422	0.00491	0.00726	0.00981	0.01305	0.02780	0.77062	0.03317	0.01572	0.00649	0.00207	0.00304	0.06150	0.00469	0.00414
32	0.01225	0.01223	0.01698	0.29333	0.13312	0.11605	0.12288	0.08061	0.03535	0.01648	0.09087	0.01534	0.01171	0.00562	0.00534	0.00159	0.01572	0.00507	0.00305	0.00640
33	0.10502	0.01197	0.11167	0.08409	0.03573	0.03102	0.02597	0.10155	0.01363	0.35003	0.01472	0.01567	0.01030	0.00594	0.00486	0.00159	0.00524	0.03236	0.03117	0.00747
34	0.24903	0.01231	0.01251	0.09590	0.01569	0.04454	0.00868	0.37957	0.06417	0.03537	0.01093	0.01203	0.00815	0.02388	0.00498	0.00163	0.00525	0.00414	0.00410	0.00715
35	0.00773	0.00496	0.00650	0.00725	0.00790	0.00467	0.00496	0.00909	0.03465	0.07550	0.02657	0.70051	0.03064	0.04437	0.00701	0.00211	0.00315	0.01310	0.00477	0.00455
36	0.01121	0.01149	0.01789	0.01462	0.01548	0.01504	0.13844	0.01284	0.00845	0.01284	0.00724	0.01149	0.00681	0.00808	0.01482	0.00213	0.67843	0.00468	0.00227	0.00575
37	0.04294	0.00672	0.00766	0.06965	0.00971	0.03546	0.00528	0.03827	0.00940	0.06289	0.01648	0.09996	0.01761	0.47998	0.03345	0.00371	0.00513	0.04795	0.00349	0.00424
38	0.00844	0.04047	0.00829	0.00757	0.00919	0.00706	0.00582	0.03993	0.15250	0.01664	0.15150	0.23253	0.19965	0.01161	0.00590	0.00181	0.00334	0.08765	0.00482	0.00528
39	0.14993	0.38697	0.17605	0.00989	0.01433	0.03100	0.01018	0.01651	0.05958	0.05693	0.00900	0.00996	0.00721	0.00495	0.00434	0.00138	0.03905	0.00332	0.00273	0.00668
40	0.04724	0.03096	0.15140	0.01151	0.04538	0.10889	0.01016	0.07690	0.10670	0.26444	0.04432	0.01695	0.01235	0.00631	0.00499	0.00158	0.00554	0.04251	0.00439	0.00746

[dist]
# distance from previous block
# <min> <max>
1	15

[block]
# block no. 3 follows, 49 sequences, length 12
# corresponding to MSA columns:
# 208-219
name=unknown_D
#
# <colnr> <probs for GDERKNQSTAVLIFYWHMCP>
#	G	D	E	R	K	N	Q	S	T	A	V	L	I	F	Y	W	H	M	C	P
0	0.04911	0.02799	0.08332	0.10109	0.17082	0.03638	0.08649	0.07759	0.09552	0.05517	0.01335	0.01671	0.02814	0.00582	0.00501	0.00156	0.00573	0.05232	0.01941	0.06848
1	0.14023	0.01951	0.01348	0.08181	0.03504	0.54379	0.00956	0.04346	0.01338	0.04364	0.00844	0.00985	0.00671	0.00517	0.00444	0.00140	0.00778	0.00343	0.00286	0.00603
2	0.01233	0.01322	0.09339	0.11944	0.39996	0.03770	0.01360	0.03920	0.18572	0.01737	0.01192	0.01377	0.00934	0.00520	0.00501	0.00158	0.00588	0.00466	0.00311	0.00761
3	0.01116	0.01106	0.01613	0.06410	0.11712	0.01477	0.01183	0.01266	0.00839	0.01279	0.00716	0.01140	0.00683	0.00805	0.01436	0.00209	0.65755	0.00444	0.00225	0.00586
4	0.01148	0.01003	0.01239	0.01327	0.13831	0.01102	0.02562	0.02138	0.49626	0.01924	0.05789	0.06482	0.04848	0.00763	0.00537	0.00172	0.00426	0.03890	0.00462	0.00731
5	0.00701	0.00547	0.00711	0.00763	0.04990	0.00514	0.00527	0.00888	0.01212	0.01636	0.36028	0.12262	0.24958	0.01467	0.10259	0.00246	0.00405	0.00945	0.00471	0.00470
6	0.00735	0.00494	0.00568	0.00568	0.00574	0.00499	0.00327	0.00746	0.00740	0.00993	0.01578	0.03225	0.01802	0.77256	0.07497	0.00511	0.00545	0.00723	0.00304	0.00316
7	0.00776	0.05515	0.00866	0.00812	0.05556	0.00610	0.00572	0.00990	0.01307	0.01810	0.53807	0.10855	0.07601	0.02700	0.00624	0.00170	0.00300	0.04139	0.00496	0.00495
8	0.05896	0.54757	0.08406	0.01047	0.03397	0.06721	0.03452	0.06998	0.01161	0.02988	0.00803	0.00914	0.00678	0.00460	0.00374	0.00123	0.00583	0.00315	0.00255	0.00671
9	0.12100	0.24184	0.07177	0.05912	0.01560	0.04866	0.02729	0.19209	0.07196	0.04657	0.01005	0.01103	0.00779	0.00540	0.00492	0.00147	0.04928	0.00382	0.00336	0.00698
10	0.13063	0.15341	0.19703	0.04604	0.11733	0.01272	0.05788	0.06011	0.04428	0.01762	0.05230	0.01235	0.00946	0.00504	0.00443	0.00144	0.00566	0.00407	0.00291	0.06529
11	0.01320	0.28005	0.19424	0.07891	0.09752	0.01421	0.10450	0.03286	0.02915	0.09518	0.01004	0.01151	0.00766	0.00480	0.00452	0.00144	0.00627	0.00401	0.00280	0.00713

[dist]
# distance from previous block
# <min> <max>
17	179

[block]
# block no. 4 follows, 49 sequences, length 33
# corresponding to MSA columns:
# 409-441
name=unknown_E
#
# <colnr> <probs for GDERKNQSTAVLIFYWHMCP>
#	G	D	E	R	K	N	Q	S	T	A	V	L	I	F	Y	W	H	M	C	P
0	0.05912	0.01174	0.09010	0.07935	0.07401	0.02138	0.16819	0.04866	0.04420	0.23083	0.06284	0.06093	0.01302	0.00620	0.00526	0.00163	0.00569	0.00568	0.00405	0.00711
1	0.01146	0.01038	0.01707	0.09494	0.53985	0.01038	0.01296	0.01432	0.01183	0.03344	0.12929	0.01703	0.02619	0.00558	0.00512	0.00150	0.00533	0.00525	0.00309	0.04499
2	0.05386	0.01511	0.22887	0.13293	0.11538	0.04328	0.06046	0.05887	0.01242	0.19204	0.01267	0.01379	0.02692	0.00537	0.00496	0.00158	0.00621	0.00453	0.00344	0.00730
3	0.01161	0.00956	0.01437	0.41340	0.12792	0.01084	0.01186	0.11870	0.03186	0.05207	0.10361	0.01804	0.01338	0.00619	0.00524	0.00165	0.00571	0.03419	0.00341	0.00640
4	0.05555	0.22136	0.10219	0.09444	0.01631	0.07321	0.00985	0.13904	0.01328	0.11863	0.01212	0.04535	0.02894	0.00574	0.00446	0.00142	0.00562	0.00436	0.00346	0.04468
5	0.07083	0.01147	0.06967	0.10971	0.23686	0.01065	0.03172	0.05730	0.03979	0.27427	0.01319	0.01397	0.00933	0.00543	0.00518	0.00158	0.02281	0.00461	0.00395	0.00767
6	0.05810	0.00871	0.01155	0.06786	0.04102	0.00860	0.01941	0.11094	0.02292	0.34638	0.08946	0.06060	0.01751	0.00784	0.00539	0.00170	0.00454	0.10527	0.00512	0.00709
7	0.00722	0.00542	0.00813	0.00813	0.00903	0.00632	0.00632	0.00903	0.00813	0.01174	0.01354	0.01987	0.01264	0.03792	0.80225	0.00813	0.01354	0.00542	0.00271	0.00451
8	0.04926	0.01204	0.06863	0.22348	0.10027	0.04293	0.08334	0.08841	0.05846	0.20398	0.01265	0.01391	0.00895	0.00539	0.00503	0.00160	0.00601	0.00468	0.00374	0.00724
9	0.01125	0.02386	0.64386	0.04474	0.02131	0.04139	0.01703	0.07564	0.04334	0.01721	0.00973	0.01118	0.00696	0.00501	0.00484	0.00159	0.00722	0.00389	0.00251	0.00745
10	0.00656	0.00469	0.00627	0.00736	0.00783	0.00445	0.00525	0.00771	0.01009	0.01339	0.04438	0.63637	0.04331	0.03681	0.00704	0.00216	0.00327	0.14422	0.00466	0.00419
11	0.04563	0.10937	0.16881	0.20022	0.04826	0.07889	0.01188	0.08005	0.01245	0.13214	0.01132	0.01377	0.00856	0.00549	0.00471	0.00153	0.00616	0.02992	0.02401	0.00683
12	0.01553	0.22821	0.21249	0.01129	0.01598	0.10255	0.03721	0.07965	0.01292	0.19243	0.01178	0.03844	0.00895	0.00551	0.00455	0.00144	0.00613	0.00422	0.00347	0.00725
13	0.01257	0.00890	0.01438	0.62590	0.02979	0.01036	0.01252	0.01562	0.01111	0.19259	0.01151	0.01434	0.00807	0.00533	0.00506	0.00166	0.00618	0.00463	0.00317	0.00630
14	0.00813	0.00871	0.10511	0.03963	0.02989	0.03280	0.00776	0.03043	0.03040	0.01481	0.07659	0.47232	0.02706	0.01239	0.00605	0.00192	0.00414	0.08260	0.00424	0.00505
15	0.03624	0.14845	0.31931	0.01438	0.10082	0.03427	0.07459	0.03528	0.04338	0.08368	0.03440	0.01333	0.02955	0.00528	0.00472	0.00151	0.00627	0.00435	0.00298	0.00720
16	0.01011	0.09867	0.01663	0.69035	0.06334	0.01223	0.01351	0.01327	0.01019	0.01295	0.00879	0.01285	0.00677	0.00495	0.00485	0.00161	0.00656	0.00430	0.00225	0.00581
17	0.01753	0.00999	0.01581	0.06834	0.07845	0.00951	0.14484	0.08200	0.01415	0.41333	0.05400	0.01787	0.01286	0.00612	0.00534	0.00162	0.00538	0.03032	0.00484	0.00771
18	0.03357	0.09892	0.14526	0.23997	0.10678	0.05840	0.08015	0.04601	0.04471	0.05191	0.01070	0.04260	0.00856	0.00539	0.00488	0.00157	0.00644	0.00465	0.00284	0.00670
19	0.01325	0.01273	0.05882	0.02220	0.44391	0.05651	0.03890	0.04592	0.11061	0.06742	0.06874	0.01521	0.01200	0.00545	0.00510	0.00154	0.00570	0.00498	0.00339	0.00764
20	0.00826	0.00624	0.00732	0.00738	0.00874	0.00613	0.00555	0.09815	0.04373	0.01637	0.08925	0.31108	0.22559	0.04320	0.00687	0.00199	0.00343	0.10104	0.00476	0.00491
21	0.13526	0.11864	0.10992	0.03617	0.13155	0.09633	0.06044	0.08016	0.08952	0.07964	0.01080	0.01184	0.00820	0.00512	0.00453	0.00149	0.00595	0.00406	0.00329	0.00711
22	0.01063	0.04100	0.04490	0.35097	0.15176	0.03747	0.04701	0.01446	0.06967	0.01488	0.04379	0.04069	0.03058	0.00599	0.00556	0.00163	0.04202	0.00519	0.03559	0.00621
23	0.01393	0.00691	0.00925	0.00846	0.01074	0.00639	0.00688	0.01642	0.04432	0.33814	0.13713	0.12393	0.03613	0.01015	0.00590	0.00184	0.00392	0.20770	0.00548	0.00637
24	0.02206	0.01118	0.15282	0.11824	0.01592	0.00889	0.00989	0.13211	0.01289	0.09871	0.01910	0.23628	0.04623	0.00940	0.00560	0.00180	0.00500	0.08360	0.00410	0.00618
25	0.01678	0.03932	0.11757	0.01262	0.03809	0.01027	0.14971	0.10164	0.02304	0.34884	0.04142	0.01616	0.01159	0.04215	0.00610	0.00172	0.00567	0.00517	0.00449	0.00766
26	0.01044	0.01067	0.04995	0.14165	0.15833	0.01245	0.01182	0.01262	0.00947	0.01384	0.06762	0.01444	0.01051	0.00977	0.07558	0.00241	0.37508	0.00486	0.00256	0.00594
27	0.00645	0.00466	0.00611	0.00716	0.00766	0.00437	0.00504	0.00753	0.01000	0.01316	0.02903	0.63551	0.08703	0.04158	0.00712	0.00216	0.00320	0.11344	0.00464	0.00416
28	0.01253	0.29188	0.25517	0.01108	0.01594	0.01304	0.07372	0.01576	0.01152	0.11386	0.08634	0.01543	0.05170	0.00572	0.00458	0.00143	0.00571	0.00461	0.00316	0.00681
29	0.01057	0.00713	0.00940	0.00885	0.01061	0.00718	0.04042	0.04509	0.15091	0.12108	0.07738	0.36596	0.02526	0.01222	0.03182	0.00207	0.00409	0.05924	0.00490	0.00582
30	0.01041	0.02248	0.59440	0.07308	0.02332	0.01198	0.13981	0.01571	0.01076	0.01571	0.00919	0.01137	0.00664	0.00485	0.00533	0.00164	0.02975	0.00417	0.00221	0.00718
31	0.01105	0.01052	0.01788	0.41569	0.41753	0.01163	0.01479	0.01424	0.01082	0.01474	0.00925	0.01299	0.00738	0.00478	0.00503	0.00159	0.00637	0.00450	0.00238	0.00683
32	0.01396	0.01332	0.03756	0.01833	0.28487	0.16048	0.03658	0.04971	0.01222	0.09760	0.01267	0.12478	0.01157	0.00696	0.00644	0.00164	0.09545	0.00573	0.00330	0.00682

[dist]
# distance from previous block
# <min> <max>
1	3

[block]
# block no. 5 follows, 49 sequences, length 9
# corresponding to MSA columns:
# 445-453
name=unknown_F
#
# <colnr> <probs for GDERKNQSTAVLIFYWHMCP>
#	G	D	E	R	K	N	Q	S	T	A	V	L	I	F	Y	W	H	M	C	P
0	0.16901	0.00991	0.01250	0.00977	0.01353	0.00971	0.05423	0.14145	0.01466	0.45951	0.01607	0.01606	0.01096	0.00611	0.00486	0.00159	0.00471	0.03234	0.00523	0.00780
1	0.01219	0.01169	0.01994	0.11571	0.70859	0.01193	0.01536	0.01524	0.01136	0.01613	0.00945	0.01262	0.00787	0.00457	0.00501	0.00152	0.00609	0.00450	0.00248	0.00775
2	0.85801	0.00978	0.00743	0.00665	0.00978	0.01134	0.00548	0.01486	0.00861	0.02269	0.00704	0.00821	0.00548	0.00469	0.00313	0.00156	0.00391	0.00274	0.00313	0.00548
3	0.01236	0.01100	0.01635	0.25557	0.33450	0.03250	0.01292	0.04455	0.13755	0.04976	0.01218	0.01528	0.00966	0.00549	0.00510	0.00161	0.00585	0.02742	0.00318	0.00719
4	0.01231	0.01082	0.01806	0.09016	0.59679	0.01088	0.01374	0.01522	0.01189	0.06419	0.09473	0.01563	0.01250	0.00529	0.00512	0.00153	0.00557	0.00504	0.00304	0.00750
5	0.00905	0.00773	0.01143	0.35095	0.04254	0.00880	0.00997	0.01303	0.09485	0.01534	0.13101	0.02815	0.05653	0.02895	0.02874	0.00205	0.00533	0.14638	0.00366	0.00548
6	0.01252	0.01201	0.02053	0.03104	0.79074	0.01201	0.01552	0.01552	0.01151	0.01652	0.00951	0.01252	0.00801	0.00451	0.00501	0.00150	0.00601	0.00451	0.00250	0.00801
7	0.00690	0.00516	0.00640	0.00609	0.00739	0.00466	0.00457	0.00904	0.01370	0.01881	0.62494	0.04018	0.21176	0.01088	0.00597	0.00162	0.00242	0.00948	0.00537	0.00466
8	0.03822	0.01058	0.01679	0.07588	0.31002	0.01049	0.08506	0.07691	0.01335	0.21963	0.08016	0.01596	0.01249	0.00561	0.00516	0.00156	0.00545	0.00516	0.00395	0.00757

[dist]
# distance from previous block
# <min> <max>
2	13

[block]
# block no. 6 follows, 49 sequences, length 15
# corresponding to MSA columns:
# 467-481
name=unknown_G
#
# <colnr> <probs for GDERKNQSTAVLIFYWHMCP>
#	G	D	E	R	K	N	Q	S	T	A	V	L	I	F	Y	W	H	M	C	P
0	0.09904	0.31386	0.07187	0.02650	0.02647	0.16259	0.05660	0.04651	0.03544	0.01528	0.03600	0.01074	0.00835	0.00507	0.00453	0.00135	0.03464	0.00361	0.00274	0.03881
1	0.62109	0.01201	0.05327	0.05773	0.01291	0.06987	0.00739	0.06448	0.02932	0.02150	0.00800	0.00926	0.00613	0.00490	0.00362	0.00156	0.00478	0.00313	0.00315	0.00589
2	0.09171	0.06042	0.01621	0.25527	0.16954	0.01161	0.07074	0.04083	0.01097	0.04626	0.01154	0.05426	0.01022	0.00637	0.00587	0.00170	0.06384	0.06338	0.00296	0.00628
3	0.01193	0.00893	0.01105	0.00922	0.06009	0.00709	0.00674	0.01408	0.01135	0.10677	0.05492	0.04184	0.01151	0.00505	0.00431	0.00103	0.00393	0.00416	0.00363	0.62236
4	0.06607	0.06738	0.01220	0.00859	0.01242	0.00842	0.00710	0.02058	0.01330	0.51204	0.06422	0.01650	0.01323	0.00602	0.00478	0.00144	0.00423	0.00476	0.00526	0.15146
5	0.00827	0.00692	0.00970	0.00862	0.00996	0.00719	0.05825	0.01064	0.03632	0.01767	0.44555	0.09682	0.12234	0.01047	0.00766	0.00179	0.12316	0.00879	0.00475	0.00514
6	0.13360	0.00616	0.00775	0.00762	0.00871	0.00696	0.00573	0.00979	0.00823	0.01326	0.01323	0.02076	0.01280	0.17058	0.54466	0.00661	0.01065	0.00544	0.00292	0.00454
7	0.01164	0.01104	0.01864	0.32415	0.50359	0.01185	0.01504	0.01470	0.01114	0.01539	0.00956	0.01321	0.00777	0.00488	0.00513	0.00162	0.00636	0.00458	0.00249	0.00723
8	0.00873	0.00472	0.00675	0.00668	0.00688	0.00463	0.00451	0.00726	0.00794	0.01079	0.12484	0.01978	0.01520	0.05147	0.01802	0.68671	0.00420	0.00530	0.00282	0.00276
9	0.01120	0.04437	0.01755	0.19833	0.47269	0.01113	0.01337	0.01384	0.01103	0.01522	0.01226	0.13241	0.01167	0.00647	0.00526	0.00165	0.00577	0.00597	0.00284	0.00696
10	0.01149	0.13108	0.01918	0.34481	0.19366	0.01248	0.10472	0.01427	0.01073	0.03283	0.00998	0.01432	0.00831	0.06364	0.00648	0.00183	0.00648	0.00471	0.00257	0.00643
11	0.01070	0.01450	0.20704	0.13548	0.12615	0.01100	0.24748	0.01461	0.01159	0.01620	0.07439	0.01740	0.04505	0.00577	0.00548	0.00168	0.00677	0.01838	0.02361	0.00672
12	0.00945	0.00860	0.01407	0.68806	0.03088	0.01041	0.01275	0.01259	0.01089	0.01425	0.12470	0.01741	0.01305	0.00600	0.00530	0.00172	0.00617	0.00526	0.00283	0.00562
13	0.01334	0.01073	0.01851	0.03259	0.18982	0.01040	0.24037	0.03787	0.07267	0.14402	0.12865	0.04780	0.01626	0.00640	0.00562	0.00167	0.00577	0.00627	0.00402	0.00721
14	0.04417	0.01045	0.01622	0.14401	0.43600	0.01112	0.01239	0.01478	0.06926	0.01562	0.01127	0.01631	0.01000	0.12631	0.00857	0.00213	0.03669	0.00503	0.00285	0.00683

[dist]
# distance from previous block
# <min> <max>
0	36

# created by:
# /home/berkeley/.conda/envs/busco_data_prod/bin/msa2prfl.pl pipeline/OGs_align_augustus/33634/6481.fs
