[name]
unknown

[dist]
# distance from previous block
# <min> <max>
0	155

[block]
# block no. 0 follows, 47 sequences, length 8
# corresponding to MSA columns:
# 156-163
name=unknown_A
#
# <colnr> <probs for GDERKNQSTAVLIFYWHMCP>
#	G	D	E	R	K	N	Q	S	T	A	V	L	I	F	Y	W	H	M	C	P
0	0.00934	0.00671	0.00899	0.00979	0.01123	0.00683	0.00852	0.07336	0.01302	0.01701	0.02633	0.05492	0.02822	0.01371	0.00703	0.00233	0.00487	0.68783	0.00483	0.00513
1	0.00757	0.00505	0.00568	0.00568	0.00568	0.00505	0.00316	0.00757	0.00757	0.01010	0.01641	0.03408	0.01893	0.81698	0.02651	0.00505	0.00505	0.00757	0.00316	0.00316
2	0.01248	0.01196	0.02040	0.13465	0.68499	0.01227	0.01578	0.01563	0.01167	0.01652	0.00972	0.01302	0.00808	0.00472	0.00516	0.00157	0.00629	0.00464	0.00254	0.00792
3	0.01193	0.01091	0.01741	0.43977	0.27377	0.01249	0.01434	0.09347	0.01226	0.01652	0.00967	0.01332	0.00756	0.00530	0.00568	0.00168	0.03969	0.00464	0.00270	0.00690
4	0.00757	0.00505	0.00568	0.00568	0.00568	0.00505	0.00316	0.00757	0.00757	0.01010	0.01641	0.03408	0.01893	0.81698	0.02651	0.00505	0.00505	0.00757	0.00316	0.00316
5	0.01432	0.18717	0.05705	0.01152	0.01527	0.05125	0.08796	0.23660	0.10355	0.02081	0.08430	0.01593	0.01321	0.03564	0.04121	0.00194	0.00614	0.00505	0.00391	0.00718
6	0.01159	0.00934	0.03361	0.05019	0.03860	0.00852	0.04448	0.10464	0.05575	0.07108	0.25168	0.02390	0.05667	0.00741	0.00533	0.00147	0.00425	0.02413	0.00452	0.19281
7	0.07149	0.26904	0.14486	0.01221	0.05763	0.07799	0.01106	0.22229	0.01496	0.05842	0.00989	0.01072	0.00759	0.00523	0.00441	0.00142	0.00614	0.00375	0.00337	0.00752

[dist]
# distance from previous block
# <min> <max>
0	1

[block]
# block no. 1 follows, 47 sequences, length 28
# corresponding to MSA columns:
# 165-192
name=unknown_B
#
# <colnr> <probs for GDERKNQSTAVLIFYWHMCP>
#	G	D	E	R	K	N	Q	S	T	A	V	L	I	F	Y	W	H	M	C	P
0	0.01417	0.26150	0.06333	0.01205	0.01491	0.10237	0.03892	0.09401	0.01183	0.03473	0.00858	0.01081	0.00734	0.00642	0.00852	0.00164	0.27357	0.00394	0.02478	0.00659
1	0.00777	0.00573	0.00681	0.00652	0.00791	0.00547	0.00485	0.01090	0.07774	0.01889	0.46505	0.06640	0.17784	0.04093	0.00666	0.00178	0.00275	0.00918	0.07181	0.00500
2	0.01955	0.01429	0.01554	0.01198	0.01597	0.01590	0.00990	0.71483	0.02353	0.05328	0.01249	0.01260	0.00889	0.00638	0.00570	0.00159	0.03904	0.00470	0.00512	0.00873
3	0.08385	0.01397	0.01317	0.01113	0.01450	0.10979	0.00884	0.28745	0.35484	0.02471	0.01539	0.01487	0.01146	0.00639	0.00503	0.00163	0.00533	0.00491	0.00478	0.00798
4	0.01571	0.01350	0.01610	0.03352	0.05583	0.06832	0.08422	0.37975	0.06187	0.02373	0.01574	0.01660	0.08737	0.00697	0.00669	0.00168	0.09522	0.00543	0.00421	0.00753
5	0.04907	0.01341	0.01419	0.01138	0.01515	0.01504	0.00925	0.52034	0.24577	0.02920	0.01488	0.01440	0.01082	0.00644	0.00516	0.00162	0.00519	0.00497	0.00516	0.00855
6	0.01239	0.01278	0.02449	0.02257	0.24782	0.01207	0.41199	0.03590	0.01230	0.01722	0.01063	0.01435	0.00854	0.00469	0.00557	0.00158	0.00723	0.02334	0.00279	0.11177
7	0.00730	0.00532	0.00687	0.00648	0.00774	0.00488	0.00486	0.00970	0.01458	0.02050	0.74116	0.03952	0.08996	0.01079	0.00614	0.00164	0.00247	0.00951	0.00568	0.00488
8	0.01276	0.01224	0.02091	0.06409	0.75336	0.01234	0.01592	0.01587	0.01180	0.01686	0.00977	0.01293	0.00819	0.00466	0.00516	0.00155	0.00622	0.00464	0.00257	0.00815
9	0.01956	0.01360	0.01489	0.01162	0.01561	0.04325	0.02495	0.51829	0.09851	0.16342	0.01459	0.01404	0.01018	0.00630	0.00522	0.00159	0.00554	0.00489	0.00529	0.00865
10	0.01980	0.01459	0.01563	0.01198	0.01615	0.01615	0.00990	0.76713	0.02448	0.03282	0.01250	0.01250	0.00886	0.00625	0.00521	0.00156	0.00573	0.00469	0.00521	0.00886
11	0.00860	0.00764	0.01318	0.01057	0.01291	0.00708	0.20750	0.01149	0.01389	0.01929	0.52581	0.03306	0.08892	0.00916	0.00614	0.00168	0.00415	0.00866	0.00485	0.00544
12	0.06351	0.01273	0.02622	0.01904	0.02372	0.01203	0.61282	0.01633	0.01225	0.05678	0.05015	0.04625	0.01112	0.00530	0.00594	0.00175	0.00773	0.00640	0.00311	0.00682
13	0.00983	0.00926	0.01562	0.80447	0.03587	0.01157	0.01446	0.01331	0.01041	0.01331	0.00926	0.01388	0.00694	0.00521	0.00521	0.00174	0.00694	0.00463	0.00231	0.00579
14	0.25409	0.01166	0.01315	0.01246	0.10765	0.03439	0.02709	0.21870	0.04886	0.15802	0.03669	0.01360	0.01018	0.00657	0.02350	0.00175	0.00528	0.00447	0.00437	0.00750
15	0.00635	0.00518	0.00555	0.00576	0.00720	0.00446	0.00422	0.00762	0.01150	0.01403	0.06744	0.16274	0.59617	0.04579	0.00708	0.00196	0.00285	0.03495	0.00479	0.00435
16	0.01074	0.00960	0.01548	0.40851	0.26144	0.01078	0.01298	0.01431	0.03981	0.01555	0.01244	0.01581	0.03728	0.00550	0.00504	0.00162	0.00589	0.00494	0.10580	0.00647
17	0.01842	0.01334	0.01762	0.01479	0.08565	0.04269	0.13176	0.36448	0.05041	0.18624	0.01383	0.01406	0.00971	0.00585	0.00535	0.00160	0.00606	0.00503	0.00473	0.00838
18	0.01445	0.01318	0.02014	0.10626	0.36006	0.06020	0.13383	0.13019	0.03579	0.05845	0.01104	0.01334	0.00851	0.00511	0.00531	0.00160	0.00666	0.00488	0.00324	0.00778
19	0.00634	0.00515	0.00562	0.00578	0.00722	0.00443	0.00423	0.00774	0.01192	0.01481	0.14271	0.17941	0.55968	0.01340	0.00624	0.00180	0.00268	0.01144	0.00495	0.00443
20	0.04111	0.00627	0.00772	0.00756	0.00901	0.00615	0.01854	0.04377	0.05455	0.07004	0.16463	0.33883	0.07754	0.01165	0.00584	0.00181	0.00329	0.02989	0.09651	0.00529
21	0.01162	0.18880	0.55859	0.01326	0.01987	0.01403	0.01611	0.04079	0.06033	0.01648	0.00977	0.01104	0.00728	0.00502	0.00465	0.00154	0.00697	0.00379	0.00250	0.00756
22	0.01326	0.01311	0.02458	0.05442	0.03354	0.01306	0.49265	0.12346	0.06765	0.03599	0.01287	0.03388	0.02414	0.00550	0.00616	0.00174	0.02735	0.00607	0.00334	0.00722
23	0.00973	0.00909	0.01010	0.00958	0.01051	0.11834	0.00737	0.01120	0.00912	0.01203	0.01233	0.01904	0.01186	0.11474	0.48499	0.00611	0.13096	0.00533	0.00274	0.00484
24	0.01089	0.00940	0.01127	0.00882	0.04758	0.00719	0.00662	0.01324	0.01085	0.01697	0.00928	0.01089	0.00774	0.00389	0.00392	0.00081	0.00396	0.00316	0.00306	0.81046
25	0.02294	0.19086	0.12666	0.04094	0.03506	0.04353	0.04897	0.11666	0.02393	0.02858	0.01519	0.23325	0.01514	0.00823	0.00512	0.00163	0.00544	0.00697	0.02444	0.00644
26	0.00712	0.00534	0.00638	0.00677	0.00778	0.00496	0.00482	0.03821	0.01161	0.01512	0.12779	0.38182	0.25128	0.06790	0.00774	0.00214	0.00315	0.04072	0.00485	0.00450
27	0.01247	0.11281	0.41878	0.01217	0.01776	0.01229	0.01374	0.04644	0.12261	0.09136	0.02468	0.03992	0.04028	0.00615	0.00497	0.00162	0.00613	0.00488	0.00341	0.00754

[dist]
# distance from previous block
# <min> <max>
1	5

[block]
# block no. 2 follows, 47 sequences, length 10
# corresponding to MSA columns:
# 198-207
name=unknown_C
#
# <colnr> <probs for GDERKNQSTAVLIFYWHMCP>
#	G	D	E	R	K	N	Q	S	T	A	V	L	I	F	Y	W	H	M	C	P
0	0.00840	0.00774	0.05983	0.00907	0.01086	0.00698	0.05792	0.01084	0.03102	0.03782	0.13561	0.14528	0.11549	0.04782	0.25735	0.00401	0.03672	0.00816	0.00391	0.00516
1	0.01041	0.00629	0.00796	0.00793	0.00957	0.00589	0.00614	0.05419	0.01253	0.14756	0.05453	0.31885	0.16716	0.01292	0.00632	0.00197	0.00367	0.15549	0.00515	0.00545
2	0.01256	0.40812	0.38551	0.01192	0.01782	0.05446	0.01383	0.01627	0.01098	0.01427	0.00827	0.00965	0.00664	0.00473	0.00416	0.00138	0.00676	0.00331	0.00224	0.00713
3	0.01172	0.11517	0.26374	0.01148	0.01575	0.01105	0.04554	0.06537	0.05429	0.07447	0.05082	0.11194	0.01583	0.00917	0.03715	0.00199	0.00606	0.08802	0.00369	0.00676
4	0.00645	0.00477	0.00595	0.00673	0.00739	0.00436	0.00459	0.00753	0.01065	0.01396	0.09730	0.56115	0.18466	0.04966	0.00736	0.00213	0.00298	0.01327	0.00484	0.00428
5	0.00681	0.00490	0.00637	0.00737	0.00793	0.00463	0.00526	0.00794	0.01029	0.01350	0.02947	0.54436	0.09573	0.08539	0.00843	0.00239	0.00349	0.14681	0.00468	0.00425
6	0.01080	0.00926	0.01080	0.00771	0.01234	0.00694	0.00617	0.01311	0.01080	0.01697	0.00926	0.01080	0.00771	0.00386	0.00386	0.00077	0.00386	0.00309	0.00309	0.84882
7	0.01289	0.01237	0.02114	0.03196	0.78450	0.01237	0.01598	0.01598	0.01186	0.01701	0.00980	0.01289	0.00825	0.00464	0.00516	0.00155	0.00619	0.00464	0.00258	0.00825
8	0.01289	0.01237	0.02114	0.03196	0.78450	0.01237	0.01598	0.01598	0.01186	0.01701	0.00980	0.01289	0.00825	0.00464	0.00516	0.00155	0.00619	0.00464	0.00258	0.00825
9	0.06719	0.03664	0.09461	0.00979	0.01416	0.00997	0.00879	0.14985	0.01467	0.32433	0.01489	0.04589	0.01076	0.00599	0.00481	0.00145	0.00485	0.00474	0.00474	0.17188

[dist]
# distance from previous block
# <min> <max>
1	2

[block]
# block no. 3 follows, 47 sequences, length 6
# corresponding to MSA columns:
# 210-215
name=unknown_D
#
# <colnr> <probs for GDERKNQSTAVLIFYWHMCP>
#	G	D	E	R	K	N	Q	S	T	A	V	L	I	F	Y	W	H	M	C	P
0	0.00890	0.00672	0.00807	0.00764	0.00920	0.00677	0.00581	0.06755	0.11435	0.01992	0.42304	0.11726	0.08706	0.03871	0.00679	0.00187	0.00323	0.05632	0.00533	0.00547
1	0.00961	0.00904	0.06276	0.01105	0.01386	0.00751	0.19291	0.01249	0.01311	0.06641	0.31793	0.08225	0.12784	0.00934	0.00609	0.00175	0.00463	0.04112	0.00457	0.00574
2	0.01634	0.00737	0.01020	0.00859	0.01122	0.00696	0.00685	0.01822	0.01241	0.44614	0.07059	0.02096	0.01576	0.06235	0.25698	0.00395	0.00734	0.00576	0.00506	0.00694
3	0.01289	0.01237	0.02114	0.03196	0.78450	0.01237	0.01598	0.01598	0.01186	0.01701	0.00980	0.01289	0.00825	0.00464	0.00516	0.00155	0.00619	0.00464	0.00258	0.00825
4	0.04848	0.00571	0.00608	0.00576	0.00724	0.00569	0.00439	0.04728	0.01253	0.02029	0.21983	0.02560	0.06969	0.00766	0.00451	0.00139	0.00268	0.00633	0.49379	0.00507
5	0.21988	0.01154	0.01491	0.01273	0.05442	0.01265	0.12682	0.13192	0.14944	0.02117	0.01221	0.04709	0.00996	0.00624	0.00607	0.00168	0.08763	0.00498	0.00374	0.06490

[dist]
# distance from previous block
# <min> <max>
0	2

[block]
# block no. 4 follows, 47 sequences, length 8
# corresponding to MSA columns:
# 218-225
name=unknown_E
#
# <colnr> <probs for GDERKNQSTAVLIFYWHMCP>
#	G	D	E	R	K	N	Q	S	T	A	V	L	I	F	Y	W	H	M	C	P
0	0.05318	0.12963	0.14011	0.01167	0.01590	0.30663	0.01056	0.10195	0.01391	0.05061	0.00931	0.01036	0.00728	0.00510	0.00446	0.00134	0.00702	0.00353	0.00307	0.11437
1	0.01156	0.01168	0.01476	0.06908	0.04402	0.08450	0.01070	0.01287	0.00888	0.01253	0.00840	0.01394	0.00826	0.08674	0.04335	0.00261	0.54335	0.00478	0.00243	0.00555
2	0.00677	0.00499	0.00637	0.00689	0.00776	0.00458	0.00496	0.00832	0.01188	0.01593	0.26771	0.40762	0.15094	0.01395	0.00645	0.00193	0.00290	0.06043	0.00511	0.00451
3	0.01331	0.01408	0.06961	0.01711	0.05414	0.05329	0.34886	0.13297	0.10040	0.01940	0.01397	0.01960	0.01162	0.00634	0.00584	0.00177	0.00713	0.09975	0.00358	0.00721
4	0.00647	0.00490	0.00600	0.00672	0.00759	0.00443	0.00477	0.00770	0.01101	0.01420	0.08958	0.47900	0.26769	0.01483	0.00649	0.00199	0.00296	0.05441	0.00490	0.00436
5	0.00702	0.00530	0.00691	0.00688	0.00803	0.00518	0.00516	0.00890	0.01180	0.01612	0.32777	0.12340	0.18941	0.01987	0.23027	0.00363	0.00582	0.00926	0.00461	0.00465
6	0.00909	0.00544	0.00625	0.00620	0.00750	0.00526	0.00458	0.01177	0.05139	0.05320	0.18756	0.17436	0.08381	0.00958	0.00509	0.00156	0.00274	0.00824	0.36128	0.00507
7	0.01127	0.00824	0.01139	0.14575	0.05765	0.00917	0.00866	0.06028	0.02787	0.10074	0.12390	0.14205	0.07119	0.00906	0.00733	0.00179	0.12686	0.00738	0.06344	0.00597

[dist]
# distance from previous block
# <min> <max>
1	16

[block]
# block no. 5 follows, 47 sequences, length 26
# corresponding to MSA columns:
# 242-267
name=unknown_F
#
# <colnr> <probs for GDERKNQSTAVLIFYWHMCP>
#	G	D	E	R	K	N	Q	S	T	A	V	L	I	F	Y	W	H	M	C	P
0	0.33056	0.14184	0.01608	0.01472	0.19928	0.09094	0.03748	0.04193	0.01133	0.04232	0.00869	0.01028	0.00700	0.00484	0.00411	0.00148	0.00557	0.00357	0.00300	0.02496
1	0.01051	0.02170	0.56039	0.01456	0.07052	0.01140	0.01612	0.01692	0.10261	0.01721	0.05101	0.04179	0.03040	0.00606	0.00515	0.00167	0.00662	0.00497	0.00293	0.00746
2	0.01026	0.00873	0.01017	0.00747	0.01168	0.00664	0.00594	0.01251	0.01113	0.01703	0.06307	0.01532	0.06309	0.00494	0.00416	0.00090	0.00368	0.00404	0.00338	0.73587
3	0.00659	0.00495	0.00613	0.00667	0.00758	0.00448	0.00475	0.00799	0.01157	0.01523	0.19867	0.42117	0.23083	0.01421	0.00643	0.00193	0.00286	0.03849	0.00503	0.00444
4	0.00747	0.00503	0.00582	0.00599	0.00606	0.00499	0.00352	0.00765	0.00799	0.01064	0.01813	0.11871	0.02099	0.70230	0.02368	0.00464	0.00482	0.03484	0.00339	0.00333
5	0.00755	0.00514	0.00614	0.00614	0.00630	0.00530	0.00373	0.00787	0.00771	0.01044	0.01599	0.03173	0.01791	0.68309	0.15901	0.00562	0.00658	0.00723	0.00309	0.00341
6	0.01557	0.01930	0.11149	0.01625	0.02060	0.29905	0.28460	0.11298	0.01454	0.01734	0.00992	0.01195	0.00759	0.00510	0.00529	0.00155	0.00831	0.00464	0.02702	0.00691
7	0.01108	0.01202	0.07103	0.01548	0.01862	0.01177	0.31329	0.04119	0.03714	0.01592	0.01290	0.04016	0.01154	0.01115	0.10685	0.00273	0.16096	0.07823	0.02165	0.00629
8	0.01009	0.00957	0.01583	0.70027	0.05819	0.01203	0.01421	0.01332	0.01022	0.01335	0.00903	0.01360	0.00697	0.00558	0.00639	0.00178	0.08676	0.00462	0.00232	0.00586
9	0.06758	0.69335	0.07589	0.00930	0.01384	0.04163	0.00941	0.01578	0.01062	0.01326	0.00740	0.00856	0.00661	0.00454	0.00348	0.00119	0.00572	0.00287	0.00230	0.00666
10	0.85377	0.01007	0.00765	0.00685	0.01007	0.01168	0.00564	0.01531	0.00886	0.02336	0.00725	0.00846	0.00564	0.00483	0.00322	0.00161	0.00403	0.00282	0.00322	0.00564
11	0.01084	0.00942	0.01119	0.00817	0.01244	0.00763	0.00657	0.01307	0.01058	0.01663	0.00907	0.01084	0.00765	0.00426	0.00487	0.00089	0.06540	0.00320	0.00302	0.78425
12	0.00764	0.00572	0.00774	0.00712	0.00815	0.00548	0.05423	0.00844	0.00972	0.01271	0.09814	0.03410	0.22506	0.30058	0.09381	0.10047	0.00522	0.00803	0.00368	0.00396
13	0.00716	0.00508	0.00676	0.00757	0.00808	0.00505	0.00546	0.00832	0.00972	0.01299	0.02416	0.39828	0.02772	0.17874	0.10944	0.00354	0.00517	0.16832	0.00423	0.00419
14	0.01080	0.00926	0.01080	0.00771	0.01234	0.00694	0.00617	0.01311	0.01080	0.01697	0.00926	0.01080	0.00771	0.00386	0.00386	0.00077	0.00386	0.00309	0.00309	0.84882
15	0.01353	0.01114	0.01181	0.01048	0.01348	0.01277	0.00819	0.06816	0.69210	0.04312	0.02058	0.01900	0.01536	0.00698	0.00525	0.00174	0.00417	0.00578	0.02819	0.00820
16	0.00648	0.00463	0.00619	0.00740	0.00776	0.00434	0.00506	0.00748	0.01010	0.01344	0.02863	0.76529	0.03416	0.01619	0.00668	0.00213	0.00313	0.06180	0.00483	0.00427
17	0.01128	0.01073	0.01822	0.44004	0.38903	0.01195	0.01518	0.01457	0.01109	0.01505	0.00951	0.01341	0.00756	0.00494	0.00518	0.00165	0.00659	0.00463	0.00244	0.00695
18	0.00677	0.00482	0.00612	0.00672	0.00722	0.00453	0.00449	0.00784	0.01056	0.01424	0.17730	0.47400	0.07167	0.16658	0.01028	0.00256	0.00327	0.01217	0.00470	0.00417
19	0.00815	0.00519	0.00686	0.00714	0.00811	0.00476	0.00508	0.00969	0.01206	0.08227	0.28481	0.46508	0.05393	0.01347	0.00634	0.00190	0.00294	0.01207	0.00528	0.00486
20	0.01063	0.01033	0.01446	0.01268	0.01277	0.01416	0.01042	0.01179	0.00820	0.01258	0.00949	0.09200	0.01000	0.01180	0.06735	0.00266	0.67498	0.00565	0.00257	0.00548
21	0.01170	0.01151	0.02065	0.20327	0.40652	0.01198	0.15288	0.01498	0.01145	0.01583	0.01087	0.03979	0.00934	0.00551	0.00578	0.00169	0.02843	0.02801	0.00266	0.00716
22	0.01015	0.00638	0.00905	0.05999	0.01129	0.00672	0.00680	0.01210	0.01088	0.14219	0.13040	0.08408	0.07616	0.02287	0.35948	0.00471	0.03010	0.00709	0.00408	0.00544
23	0.06673	0.00941	0.01101	0.00860	0.04083	0.00748	0.00654	0.01371	0.01083	0.03910	0.00946	0.01092	0.00774	0.00402	0.00390	0.00088	0.00397	0.00319	0.00317	0.73851
24	0.05336	0.18772	0.03395	0.01207	0.03388	0.14026	0.03276	0.07636	0.19231	0.01709	0.01156	0.02547	0.00953	0.00638	0.00675	0.00162	0.14418	0.00443	0.00337	0.00693
25	0.00848	0.00563	0.00715	0.00744	0.00848	0.00541	0.00559	0.03024	0.01167	0.05205	0.15539	0.24021	0.08021	0.14038	0.00959	0.00247	0.00376	0.18518	0.03597	0.00469

[dist]
# distance from previous block
# <min> <max>
2	4

[block]
# block no. 6 follows, 47 sequences, length 28
# corresponding to MSA columns:
# 273-300
name=unknown_G
#
# <colnr> <probs for GDERKNQSTAVLIFYWHMCP>
#	G	D	E	R	K	N	Q	S	T	A	V	L	I	F	Y	W	H	M	C	P
0	0.01340	0.01199	0.04106	0.06266	0.16664	0.01195	0.16360	0.14827	0.13224	0.05257	0.08160	0.01738	0.02623	0.00687	0.01723	0.02330	0.00601	0.00569	0.00392	0.00741
1	0.00767	0.00530	0.00700	0.00689	0.00799	0.00504	0.00525	0.00945	0.01280	0.01784	0.48328	0.03764	0.09295	0.01362	0.05317	0.10135	0.00364	0.09368	0.03090	0.00453
2	0.01076	0.00981	0.01603	0.42811	0.02649	0.01126	0.12408	0.01603	0.16946	0.01507	0.01191	0.01529	0.00920	0.00699	0.00716	0.10185	0.00634	0.00510	0.00298	0.00606
3	0.01304	0.00713	0.00908	0.00783	0.01017	0.00670	0.00613	0.01674	0.10378	0.26348	0.42172	0.03038	0.06398	0.00900	0.00576	0.00165	0.00328	0.00775	0.00587	0.00653
4	0.01392	0.82012	0.02729	0.00891	0.01337	0.02061	0.00891	0.01559	0.01058	0.01225	0.00724	0.00835	0.00668	0.00446	0.00334	0.00111	0.00557	0.00278	0.00223	0.00668
5	0.05061	0.01219	0.05005	0.04320	0.47879	0.01150	0.02869	0.05760	0.01300	0.18534	0.01215	0.01370	0.00907	0.00515	0.00511	0.00158	0.00582	0.00469	0.00356	0.00820
6	0.85377	0.01007	0.00765	0.00685	0.01007	0.01168	0.00564	0.01531	0.00886	0.02336	0.00725	0.00846	0.00564	0.00483	0.00322	0.00161	0.00403	0.00282	0.00322	0.00564
7	0.02336	0.00886	0.01209	0.00927	0.01329	0.00765	0.00765	0.02538	0.01491	0.78810	0.02055	0.01773	0.01289	0.00645	0.00524	0.00161	0.00443	0.00524	0.00645	0.00886
8	0.00615	0.00528	0.00528	0.00528	0.00703	0.00440	0.00396	0.00747	0.01187	0.01407	0.05276	0.05012	0.78238	0.01319	0.00615	0.00176	0.00264	0.01099	0.00484	0.00440
9	0.01148	0.01007	0.01378	0.15034	0.16240	0.00926	0.00965	0.05816	0.01173	0.01721	0.00991	0.02658	0.00824	0.00461	0.00447	0.00116	0.00493	0.00396	0.00301	0.47905
10	0.00792	0.00568	0.00694	0.00658	0.00735	0.00563	0.00433	0.00865	0.00815	0.01140	0.01496	0.02800	0.01616	0.53062	0.21209	0.00536	0.00708	0.00656	0.00306	0.10350
11	0.00694	0.00515	0.00648	0.00648	0.00760	0.00468	0.00473	0.00888	0.01324	0.01810	0.49688	0.20495	0.17209	0.01228	0.00625	0.00176	0.00261	0.01083	0.00539	0.00468
12	0.00647	0.00473	0.00613	0.00719	0.00773	0.00438	0.00500	0.00754	0.01035	0.01356	0.03146	0.66712	0.12253	0.01580	0.00663	0.00209	0.00311	0.06905	0.00483	0.00429
13	0.42532	0.01316	0.01158	0.00954	0.01312	0.08343	0.00778	0.31592	0.01577	0.04580	0.00976	0.01039	0.00720	0.00549	0.00420	0.00157	0.00520	0.00367	0.00405	0.00704
14	0.85377	0.01007	0.00765	0.00685	0.01007	0.01168	0.00564	0.01531	0.00886	0.02336	0.00725	0.00846	0.00564	0.00483	0.00322	0.00161	0.00403	0.00282	0.00322	0.00564
15	0.02314	0.00922	0.01230	0.00943	0.01347	0.00818	0.00779	0.07129	0.01550	0.74136	0.02005	0.01740	0.01264	0.00643	0.00524	0.00161	0.00451	0.00520	0.00637	0.00886
16	0.01856	0.11844	0.01628	0.01289	0.01570	0.68090	0.00997	0.01993	0.01406	0.01268	0.00792	0.00933	0.00671	0.00537	0.00491	0.00134	0.03297	0.00332	0.00262	0.00610
17	0.00661	0.00520	0.00597	0.00597	0.00736	0.00456	0.00440	0.00829	0.01268	0.01642	0.31181	0.13635	0.43054	0.01265	0.00621	0.00176	0.00262	0.01088	0.00516	0.00456
18	0.00839	0.00599	0.00839	0.00959	0.01079	0.00599	0.00839	0.01079	0.01199	0.01558	0.02757	0.05874	0.02997	0.01439	0.00719	0.00240	0.00480	0.74945	0.00480	0.00480
19	0.01183	0.00576	0.00621	0.00570	0.00739	0.00568	0.00440	0.04545	0.01199	0.11563	0.01724	0.01891	0.01310	0.00612	0.00390	0.00128	0.00281	0.00489	0.70618	0.00552
20	0.01085	0.00954	0.01217	0.04080	0.01417	0.00750	0.05141	0.01333	0.01087	0.01680	0.00933	0.01112	0.00769	0.00394	0.00405	0.00087	0.00427	0.00333	0.00303	0.76493
21	0.85377	0.01007	0.00765	0.00685	0.01007	0.01168	0.00564	0.01531	0.00886	0.02336	0.00725	0.00846	0.00564	0.00483	0.00322	0.00161	0.00403	0.00282	0.00322	0.00564
22	0.00661	0.00474	0.00587	0.00665	0.00706	0.00444	0.00434	0.00735	0.00964	0.01264	0.02869	0.54235	0.11927	0.20183	0.01120	0.00275	0.00345	0.01267	0.00444	0.00400
23	0.01228	0.01064	0.01197	0.10423	0.01587	0.01235	0.00880	0.02500	0.64332	0.02073	0.06116	0.01983	0.01665	0.00704	0.00533	0.00176	0.00436	0.00593	0.00497	0.00777
24	0.01763	0.01596	0.01749	0.01436	0.04557	0.15948	0.09966	0.42634	0.01889	0.02430	0.01070	0.01200	0.00809	0.00614	0.00659	0.00163	0.09885	0.00460	0.00401	0.00773
25	0.01364	0.14947	0.06720	0.01608	0.25243	0.01128	0.01071	0.01626	0.01186	0.13304	0.03121	0.01439	0.02678	0.00520	0.00461	0.00132	0.00516	0.01579	0.00336	0.21020
26	0.59028	0.10571	0.01187	0.01039	0.10223	0.04493	0.00746	0.01543	0.00964	0.02046	0.00783	0.00945	0.00639	0.00605	0.03284	0.00178	0.00505	0.00315	0.00299	0.00605
27	0.64275	0.00999	0.00908	0.00794	0.01099	0.01128	0.03404	0.08628	0.01061	0.02283	0.01041	0.10424	0.00944	0.00631	0.00393	0.00167	0.00425	0.00454	0.00358	0.00583

[dist]
# distance from previous block
# <min> <max>
2	19

[block]
# block no. 7 follows, 47 sequences, length 31
# corresponding to MSA columns:
# 320-326,348-371
name=unknown_H
#
# <colnr> <probs for GDERKNQSTAVLIFYWHMCP>
#	G	D	E	R	K	N	Q	S	T	A	V	L	I	F	Y	W	H	M	C	P
0	0.00643	0.00483	0.00596	0.00667	0.00742	0.00443	0.00460	0.00752	0.01053	0.01366	0.06702	0.51155	0.23508	0.04742	0.03921	0.00237	0.00341	0.01289	0.00473	0.00428
1	0.01358	0.06461	0.34919	0.01208	0.03674	0.01058	0.02293	0.03767	0.01208	0.16628	0.01148	0.01222	0.00822	0.00496	0.00467	0.00139	0.00590	0.00394	0.00334	0.21813
2	0.01568	0.01092	0.07952	0.01668	0.26707	0.00913	0.01084	0.01860	0.02429	0.31632	0.12707	0.01995	0.04723	0.00661	0.00535	0.00161	0.00492	0.00577	0.00463	0.00780
3	0.64212	0.15931	0.04733	0.00794	0.01164	0.01337	0.02447	0.01545	0.00935	0.02086	0.00742	0.00868	0.00593	0.00476	0.00339	0.00153	0.00459	0.00294	0.00298	0.00596
4	0.01569	0.10591	0.14646	0.01267	0.01731	0.01267	0.12810	0.08374	0.19180	0.20932	0.01509	0.01493	0.01073	0.00578	0.00513	0.00162	0.00582	0.00497	0.00429	0.00799
5	0.14532	0.00966	0.01077	0.00804	0.01235	0.00835	0.00651	0.06190	0.01188	0.11906	0.01061	0.01144	0.00813	0.00449	0.00402	0.00106	0.00407	0.00342	0.00368	0.55522
6	0.00728	0.00532	0.00684	0.00646	0.00773	0.00488	0.00484	0.00966	0.01453	0.02039	0.72909	0.03971	0.10210	0.01083	0.00614	0.00165	0.00247	0.00953	0.00567	0.00488
7	0.01450	0.00715	0.00984	0.00813	0.01075	0.00637	0.03566	0.01676	0.01428	0.34985	0.32644	0.02838	0.08013	0.00848	0.00560	0.00161	0.00356	0.00732	0.05853	0.00665
8	0.00633	0.00528	0.00552	0.00546	0.00714	0.00447	0.00409	0.00781	0.01228	0.01504	0.15634	0.04852	0.67820	0.01283	0.00615	0.00174	0.00261	0.01077	0.00496	0.00447
9	0.07632	0.00705	0.00951	0.06730	0.02895	0.00788	0.00818	0.01166	0.04274	0.01508	0.01937	0.06899	0.01998	0.05067	0.17803	0.00362	0.05476	0.32102	0.00381	0.00509
10	0.02336	0.00886	0.01209	0.00927	0.01329	0.00765	0.00765	0.02538	0.01491	0.78810	0.02055	0.01773	0.01289	0.00645	0.00524	0.00161	0.00443	0.00524	0.00645	0.00886
11	0.01026	0.02257	0.61263	0.01350	0.01951	0.01155	0.01641	0.01516	0.01041	0.01570	0.01004	0.01336	0.00797	0.07390	0.00790	0.00198	0.08556	0.00428	0.04034	0.00699
12	0.79769	0.02854	0.00841	0.00719	0.01042	0.04725	0.00591	0.01556	0.00917	0.02264	0.00729	0.00850	0.00571	0.00485	0.00329	0.00159	0.00430	0.00284	0.00318	0.00568
13	0.01289	0.01237	0.02114	0.03196	0.78450	0.01237	0.01598	0.01598	0.01186	0.01701	0.00980	0.01289	0.00825	0.00464	0.00516	0.00155	0.00619	0.00464	0.00258	0.00825
14	0.01073	0.02211	0.55316	0.05071	0.11638	0.01184	0.08640	0.01597	0.01139	0.01666	0.04880	0.01305	0.00910	0.00516	0.00515	0.00165	0.00731	0.00447	0.00247	0.00748
15	0.01058	0.01024	0.01209	0.05837	0.01301	0.09563	0.00895	0.02649	0.01009	0.01353	0.04694	0.19735	0.01676	0.05276	0.03329	0.00238	0.34204	0.04098	0.00328	0.00524
16	0.02130	0.00874	0.01172	0.00898	0.01294	0.00745	0.00737	0.02336	0.01446	0.67099	0.05392	0.01795	0.01399	0.00636	0.00513	0.00152	0.00428	0.00520	0.00605	0.09828
17	0.00744	0.00542	0.00716	0.00815	0.00911	0.00521	0.00652	0.00915	0.01119	0.01448	0.03089	0.28309	0.13294	0.04616	0.00764	0.00233	0.00398	0.39988	0.00475	0.00451
18	0.06823	0.00869	0.01141	0.00887	0.01268	0.00771	0.00730	0.02403	0.01433	0.70010	0.01960	0.01732	0.01252	0.00633	0.00503	0.00159	0.00429	0.00508	0.05643	0.00845
19	0.00694	0.00526	0.00625	0.00607	0.00745	0.00469	0.00453	0.00891	0.01337	0.01800	0.45989	0.07768	0.31624	0.01171	0.00610	0.00169	0.00255	0.01012	0.02786	0.00469
20	0.85377	0.01007	0.00765	0.00685	0.01007	0.01168	0.00564	0.01531	0.00886	0.02336	0.00725	0.00846	0.00564	0.00483	0.00322	0.00161	0.00403	0.00282	0.00322	0.00564
21	0.00872	0.00864	0.04413	0.05767	0.01393	0.00809	0.13230	0.01200	0.06760	0.01598	0.14265	0.10168	0.24531	0.02588	0.00715	0.00189	0.05465	0.04207	0.00419	0.00547
22	0.00824	0.00622	0.00785	0.00835	0.00953	0.00634	0.00643	0.01220	0.14176	0.01677	0.16437	0.32408	0.03270	0.01316	0.00648	0.00205	0.00361	0.21959	0.00507	0.00520
23	0.01282	0.01152	0.01709	0.01892	0.27116	0.01212	0.11013	0.04029	0.32592	0.03793	0.04408	0.04736	0.01398	0.00636	0.00544	0.00169	0.00537	0.00593	0.00407	0.00784
24	0.00816	0.00583	0.00812	0.00932	0.01042	0.00579	0.00798	0.01038	0.01176	0.01532	0.02770	0.14557	0.03049	0.01461	0.00713	0.00237	0.00459	0.66494	0.00480	0.00473
25	0.08467	0.01389	0.01461	0.01144	0.01541	0.01547	0.00940	0.63286	0.09955	0.03096	0.01297	0.01289	0.00932	0.00622	0.00506	0.00159	0.00543	0.00466	0.00506	0.00854
26	0.01573	0.01156	0.01393	0.07690	0.09424	0.01271	0.00981	0.18765	0.35901	0.13567	0.01707	0.01654	0.01241	0.00640	0.00525	0.00167	0.00496	0.00530	0.00493	0.00827
27	0.06308	0.24591	0.13044	0.02405	0.07149	0.01286	0.01025	0.03068	0.03965	0.27001	0.01392	0.03359	0.02088	0.00577	0.00458	0.00149	0.00533	0.00448	0.00395	0.00759
28	0.02530	0.35551	0.36074	0.01215	0.03440	0.03596	0.01349	0.01692	0.01123	0.07696	0.00932	0.01040	0.00717	0.00487	0.00427	0.00141	0.00651	0.00351	0.00259	0.00731
29	0.00634	0.00528	0.00553	0.00547	0.00715	0.00448	0.00410	0.00783	0.01231	0.01511	0.16391	0.04841	0.67058	0.01280	0.00615	0.00174	0.00261	0.01075	0.00497	0.00448
30	0.01159	0.01028	0.02740	0.50359	0.16945	0.01145	0.04593	0.04647	0.01161	0.06130	0.01104	0.04733	0.00881	0.00565	0.00530	0.00170	0.00653	0.00515	0.00285	0.00657

[dist]
# distance from previous block
# <min> <max>
0	6

[block]
# block no. 8 follows, 47 sequences, length 7
# corresponding to MSA columns:
# 378-384
name=unknown_I
#
# <colnr> <probs for GDERKNQSTAVLIFYWHMCP>
#	G	D	E	R	K	N	Q	S	T	A	V	L	I	F	Y	W	H	M	C	P
0	0.11997	0.01758	0.22029	0.04771	0.08943	0.13130	0.01230	0.13807	0.03871	0.11957	0.01127	0.01212	0.00814	0.00545	0.00482	0.00158	0.00647	0.00413	0.00357	0.00751
1	0.01121	0.01053	0.01579	0.01883	0.31553	0.03874	0.08591	0.01580	0.12452	0.01837	0.21872	0.02295	0.06627	0.00710	0.00558	0.00163	0.00506	0.00657	0.00396	0.00693
2	0.01945	0.02482	0.01476	0.01342	0.01610	0.79608	0.01006	0.02079	0.01476	0.01275	0.00805	0.00939	0.00671	0.00537	0.00470	0.00134	0.00939	0.00335	0.00268	0.00604
3	0.01316	0.04590	0.05515	0.02833	0.64717	0.01290	0.01520	0.05281	0.04676	0.01778	0.01032	0.01290	0.00849	0.00483	0.00508	0.00154	0.00611	0.00459	0.00280	0.00819
4	0.85377	0.01007	0.00765	0.00685	0.01007	0.01168	0.00564	0.01531	0.00886	0.02336	0.00725	0.00846	0.00564	0.00483	0.00322	0.00161	0.00403	0.00282	0.00322	0.00564
5	0.00772	0.00661	0.00697	0.00669	0.00831	0.03140	0.00514	0.01013	0.05804	0.01597	0.18584	0.04184	0.47421	0.01163	0.00659	0.00175	0.04679	0.03386	0.03563	0.00488
6	0.43026	0.00910	0.00927	0.00769	0.01107	0.00939	0.00631	0.01925	0.01158	0.34407	0.01370	0.01332	0.00937	0.00562	0.00411	0.00158	0.00406	0.00402	0.07934	0.00692

[dist]
# distance from previous block
# <min> <max>
0	4

[block]
# block no. 9 follows, 47 sequences, length 17
# corresponding to MSA columns:
# 389-405
name=unknown_J
#
# <colnr> <probs for GDERKNQSTAVLIFYWHMCP>
#	G	D	E	R	K	N	Q	S	T	A	V	L	I	F	Y	W	H	M	C	P
0	0.00674	0.00527	0.00577	0.00564	0.00721	0.00458	0.00423	0.00847	0.01270	0.01648	0.27492	0.04487	0.51171	0.01199	0.00600	0.00169	0.00257	0.01015	0.05444	0.00458
1	0.01128	0.14295	0.56197	0.01370	0.02021	0.04117	0.04627	0.01650	0.03094	0.01607	0.04526	0.01218	0.00888	0.00519	0.00481	0.00157	0.00715	0.00408	0.00248	0.00734
2	0.00945	0.00879	0.00838	0.00874	0.00997	0.14833	0.00669	0.01115	0.01239	0.01529	0.16954	0.27714	0.07301	0.01256	0.00631	0.00194	0.00452	0.20633	0.00461	0.00485
3	0.13839	0.05509	0.00916	0.00766	0.00983	0.00808	0.00615	0.08417	0.01291	0.07643	0.13448	0.14375	0.16376	0.01030	0.00552	0.00177	0.00374	0.09869	0.02453	0.00559
4	0.12997	0.01121	0.01478	0.01271	0.01317	0.01535	0.01058	0.01292	0.00810	0.01406	0.00689	0.01098	0.00667	0.00851	0.01514	0.00218	0.69436	0.00431	0.00241	0.00569
5	0.00915	0.00696	0.00787	0.00751	0.00836	0.02685	0.00520	0.03388	0.11660	0.01334	0.01600	0.02666	0.01609	0.43834	0.18596	0.00487	0.02815	0.00653	0.03710	0.00457
6	0.00687	0.00465	0.00611	0.00700	0.00744	0.00436	0.00478	0.00746	0.00979	0.01303	0.02776	0.58405	0.09909	0.01590	0.00845	0.12120	0.00323	0.03406	0.03078	0.00400
7	0.57403	0.01418	0.00975	0.00888	0.01185	0.23932	0.00705	0.01670	0.01071	0.01994	0.00838	0.01095	0.00702	0.00541	0.00383	0.00157	0.00562	0.03596	0.00314	0.00572
8	0.01379	0.70625	0.02511	0.00915	0.01339	0.01953	0.00882	0.01729	0.11819	0.01359	0.00920	0.00991	0.00798	0.00482	0.00362	0.00121	0.00537	0.00322	0.00266	0.00690
9	0.47922	0.19887	0.04276	0.01108	0.12016	0.01362	0.00828	0.01540	0.00984	0.01950	0.00803	0.00954	0.00656	0.00477	0.00360	0.00147	0.00477	0.00318	0.03304	0.00630
10	0.00634	0.00453	0.00604	0.00725	0.00755	0.00423	0.00483	0.00725	0.00997	0.01329	0.02870	0.81358	0.03444	0.01632	0.00665	0.00211	0.00302	0.01480	0.00483	0.00423
11	0.00909	0.00603	0.00996	0.00873	0.00951	0.00595	0.11142	0.00847	0.00781	0.01050	0.01119	0.02004	0.01136	0.20360	0.05316	0.49623	0.00565	0.00551	0.00255	0.00324
12	0.07072	0.03244	0.04317	0.01396	0.01783	0.06718	0.23921	0.15001	0.16708	0.05319	0.01413	0.06009	0.01139	0.02860	0.00596	0.00177	0.00631	0.00576	0.00394	0.00725
13	0.01239	0.00921	0.00977	0.03602	0.01175	0.04397	0.00694	0.12290	0.23375	0.05348	0.03682	0.17117	0.01780	0.00842	0.00515	0.00165	0.00405	0.00709	0.20118	0.00653
14	0.01251	0.06282	0.09285	0.04556	0.11451	0.05199	0.05418	0.06440	0.08229	0.04388	0.03589	0.01989	0.01285	0.00661	0.00546	0.00157	0.02518	0.10930	0.00355	0.15471
15	0.01411	0.07069	0.20175	0.03672	0.12376	0.03904	0.05897	0.07522	0.07057	0.12590	0.01240	0.03813	0.00961	0.00602	0.00610	0.00164	0.07528	0.00483	0.00347	0.02578
16	0.14502	0.00615	0.00648	0.00696	0.03436	0.00586	0.00490	0.00915	0.01116	0.01598	0.08717	0.20479	0.41996	0.01203	0.00575	0.00180	0.00306	0.01015	0.00455	0.00473

[dist]
# distance from previous block
# <min> <max>
0	69

# created by:
# /home/berkeley/.conda/envs/busco_data_prod/bin/msa2prfl.pl pipeline/OGs_align_augustus/33634/648.fs
