[name]
unknown

[dist]
# distance from previous block
# <min> <max>
0	156

[block]
# block no. 0 follows, 44 sequences, length 32
# corresponding to MSA columns:
# 180-211
name=unknown_A
#
# <colnr> <probs for GDERKNQSTAVLIFYWHMCP>
#	G	D	E	R	K	N	Q	S	T	A	V	L	I	F	Y	W	H	M	C	P
0	0.01385	0.00666	0.00767	0.00690	0.00900	0.00646	0.00549	0.05529	0.01322	0.19195	0.01922	0.02269	0.01495	0.00712	0.00456	0.00148	0.00339	0.06117	0.54269	0.00625
1	0.07187	0.01004	0.01253	0.00988	0.01377	0.00953	0.00807	0.15068	0.01656	0.54581	0.01987	0.07714	0.01403	0.00740	0.00546	0.00172	0.00474	0.00600	0.00619	0.00870
2	0.01646	0.00864	0.01114	0.00908	0.01208	0.00837	0.04496	0.08877	0.07246	0.29896	0.11749	0.02139	0.01818	0.00713	0.00519	0.00159	0.00411	0.00599	0.24062	0.00740
3	0.01244	0.01507	0.19481	0.31174	0.02626	0.01291	0.06503	0.11055	0.01306	0.04482	0.01274	0.01548	0.04690	0.00636	0.00678	0.00183	0.08796	0.00513	0.00309	0.00706
4	0.00667	0.00559	0.00594	0.00600	0.00775	0.00486	0.00458	0.00815	0.01215	0.01465	0.05077	0.05056	0.67625	0.01594	0.06615	0.00240	0.00378	0.04827	0.00490	0.00464
5	0.00684	0.00485	0.00642	0.00743	0.00788	0.00451	0.00502	0.00784	0.01088	0.01456	0.10197	0.67566	0.06427	0.01645	0.00738	0.03095	0.00314	0.01443	0.00506	0.00443
6	0.01347	0.01081	0.01149	0.01029	0.01309	0.01225	0.00799	0.11005	0.53234	0.02318	0.02121	0.07947	0.01695	0.00791	0.00544	0.00178	0.00421	0.00660	0.10349	0.00797
7	0.05498	0.01093	0.01435	0.14890	0.05704	0.01229	0.03286	0.26137	0.02945	0.05549	0.01289	0.01619	0.01031	0.03561	0.19878	0.00355	0.02878	0.00520	0.00390	0.00712
8	0.00788	0.00540	0.00728	0.00829	0.00910	0.00513	0.00624	0.00942	0.01154	0.03842	0.06924	0.49847	0.05517	0.01576	0.00704	0.00225	0.00372	0.22972	0.00515	0.00480
9	0.00676	0.00480	0.00629	0.00743	0.00772	0.00451	0.00489	0.00762	0.01020	0.01360	0.02882	0.73175	0.03451	0.09228	0.00893	0.00251	0.00336	0.01478	0.00489	0.00432
10	0.01159	0.01157	0.02131	0.44933	0.19527	0.01269	0.18851	0.01536	0.01169	0.01560	0.01013	0.01435	0.00780	0.00512	0.00567	0.00178	0.00755	0.00522	0.00256	0.00692
11	0.04229	0.05693	0.01391	0.01042	0.01422	0.06677	0.00851	0.18626	0.04953	0.39925	0.01862	0.07033	0.02353	0.00729	0.00539	0.00167	0.00523	0.00580	0.00565	0.00842
12	0.01441	0.77654	0.06228	0.00961	0.01442	0.02117	0.00981	0.01637	0.01110	0.01303	0.00768	0.00887	0.00699	0.00469	0.00357	0.00119	0.00593	0.00297	0.00233	0.00704
13	0.17892	0.01198	0.01090	0.01050	0.03540	0.14639	0.00798	0.12348	0.01382	0.04421	0.03065	0.07513	0.02711	0.10107	0.00807	0.00225	0.00572	0.15619	0.00418	0.00606
14	0.00730	0.00539	0.00643	0.00654	0.00782	0.00486	0.00482	0.00918	0.01315	0.01778	0.32523	0.18796	0.27885	0.01292	0.00639	0.00184	0.00282	0.03334	0.06255	0.00483
15	0.01730	0.01181	0.01410	0.01123	0.01502	0.01222	0.02839	0.27516	0.12261	0.17036	0.01626	0.01854	0.01247	0.00705	0.00608	0.00165	0.04735	0.06097	0.00508	0.14633
16	0.00781	0.00575	0.00832	0.00832	0.00913	0.00657	0.00626	0.00945	0.00863	0.01233	0.01501	0.02368	0.01461	0.16263	0.66640	0.00821	0.01312	0.00617	0.00298	0.00462
17	0.01635	0.01341	0.01903	0.01839	0.19088	0.01407	0.13292	0.31840	0.09678	0.04927	0.01405	0.04156	0.01093	0.00629	0.00561	0.00170	0.00621	0.00566	0.03003	0.00845
18	0.00735	0.00553	0.00736	0.00792	0.00884	0.00522	0.02100	0.00928	0.03489	0.01585	0.14991	0.48694	0.11714	0.01502	0.00682	0.00210	0.00337	0.08549	0.00517	0.00481
19	0.00976	0.00874	0.01380	0.10934	0.12153	0.00952	0.07169	0.01243	0.03123	0.01666	0.18659	0.22405	0.02514	0.01023	0.00795	0.00195	0.12049	0.00888	0.00405	0.00595
20	0.01363	0.00953	0.01286	0.00962	0.01393	0.00786	0.06400	0.01610	0.01198	0.16891	0.01274	0.01422	0.00984	0.00903	0.09824	0.00201	0.00582	0.00424	0.00386	0.51158
21	0.00790	0.00545	0.00676	0.00658	0.00784	0.00505	0.00491	0.01024	0.01419	0.02035	0.53416	0.09152	0.11105	0.01116	0.00610	0.00171	0.00266	0.02058	0.12676	0.00503
22	0.07252	0.01155	0.01494	0.20513	0.03595	0.03819	0.04863	0.16683	0.08125	0.15111	0.03507	0.01720	0.01165	0.00697	0.00626	0.02457	0.03013	0.03028	0.00434	0.00744
23	0.59867	0.01055	0.00913	0.03139	0.01178	0.01204	0.00658	0.12417	0.01199	0.02509	0.00970	0.01104	0.00742	0.00545	0.00379	0.00163	0.00437	0.00356	0.10533	0.00630
24	0.00987	0.00817	0.01022	0.01040	0.04978	0.06984	0.00759	0.01184	0.00994	0.03943	0.01425	0.04284	0.01313	0.03180	0.58021	0.00682	0.01240	0.00570	0.00312	0.06266
25	0.08583	0.08197	0.18404	0.01392	0.08064	0.03718	0.04514	0.20679	0.04385	0.08635	0.01525	0.01578	0.06707	0.00631	0.00516	0.00165	0.00616	0.00501	0.00398	0.00792
26	0.01388	0.43413	0.05550	0.01572	0.10864	0.01764	0.18403	0.03657	0.01201	0.01549	0.00924	0.01136	0.00777	0.00492	0.00491	0.00145	0.02720	0.00418	0.02811	0.00729
27	0.00753	0.00534	0.00682	0.00735	0.00835	0.00490	0.00535	0.00913	0.01232	0.03600	0.21398	0.39985	0.16487	0.01462	0.00676	0.00204	0.00316	0.08149	0.00533	0.00481
28	0.01429	0.08664	0.08162	0.03557	0.03033	0.01064	0.05743	0.05991	0.03352	0.20419	0.04475	0.19376	0.03183	0.00915	0.00669	0.00184	0.06579	0.02042	0.00456	0.00706
29	0.04349	0.09468	0.08679	0.23485	0.08792	0.05148	0.06309	0.01857	0.03287	0.18718	0.01272	0.02512	0.00939	0.00582	0.00548	0.00169	0.02296	0.00488	0.00359	0.00742
30	0.01297	0.03162	0.01049	0.03014	0.01192	0.00743	0.02641	0.04058	0.03475	0.21898	0.15220	0.12868	0.15035	0.01090	0.00622	0.00189	0.00412	0.10846	0.00547	0.00642
31	0.06869	0.01054	0.01110	0.16845	0.01659	0.10821	0.00856	0.03536	0.13428	0.04469	0.08732	0.16773	0.04569	0.03300	0.00628	0.00190	0.00520	0.00758	0.03269	0.00614

[dist]
# distance from previous block
# <min> <max>
1	20

[block]
# block no. 1 follows, 44 sequences, length 18
# corresponding to MSA columns:
# 247-264
name=unknown_B
#
# <colnr> <probs for GDERKNQSTAVLIFYWHMCP>
#	G	D	E	R	K	N	Q	S	T	A	V	L	I	F	Y	W	H	M	C	P
0	0.12261	0.13018	0.01475	0.01021	0.01374	0.07912	0.01974	0.15955	0.04964	0.15056	0.01485	0.04800	0.01247	0.03940	0.00592	0.00176	0.00549	0.06169	0.00442	0.05590
1	0.18246	0.12008	0.12711	0.01121	0.01562	0.06099	0.01041	0.21405	0.11885	0.05648	0.01241	0.01336	0.00942	0.00603	0.00476	0.00163	0.00584	0.01743	0.00407	0.00778
2	0.01570	0.33568	0.24325	0.01185	0.01721	0.08595	0.01245	0.06126	0.03371	0.11939	0.01090	0.01155	0.00825	0.00537	0.00455	0.00147	0.00665	0.00385	0.00323	0.00773
3	0.01092	0.00938	0.00913	0.00919	0.01070	0.09175	0.00651	0.01172	0.01424	0.01815	0.19770	0.29031	0.26732	0.01469	0.00743	0.00232	0.00453	0.01208	0.00577	0.00617
4	0.01507	0.01254	0.01757	0.46307	0.10399	0.01373	0.01410	0.15459	0.01539	0.02097	0.01319	0.01749	0.01047	0.00717	0.00632	0.00212	0.00728	0.00555	0.04260	0.05678
5	0.01991	0.01461	0.01537	0.01213	0.01622	0.04527	0.00989	0.55093	0.14028	0.09587	0.01506	0.01457	0.01071	0.00666	0.00545	0.00166	0.00577	0.00510	0.00548	0.00906
6	0.00718	0.00554	0.00665	0.00647	0.00792	0.00500	0.00485	0.00920	0.01369	0.01826	0.42114	0.07055	0.33120	0.01412	0.05189	0.00219	0.00337	0.01047	0.00542	0.00489
7	0.00760	0.00554	0.00695	0.00671	0.00778	0.00528	0.00483	0.00944	0.01282	0.01769	0.44591	0.03913	0.13439	0.17328	0.09605	0.00321	0.00445	0.00925	0.00501	0.00468
8	0.00733	0.00521	0.00697	0.00812	0.00867	0.00500	0.00593	0.00863	0.01081	0.01430	0.02866	0.53831	0.03344	0.08176	0.00883	0.00255	0.00385	0.21223	0.00490	0.00450
9	0.00677	0.00507	0.00622	0.00703	0.00782	0.00461	0.00488	0.00791	0.01112	0.01435	0.06054	0.51093	0.23664	0.05069	0.00774	0.00224	0.00320	0.04276	0.00501	0.00447
10	0.05458	0.02534	0.01514	0.01376	0.01659	0.75446	0.01034	0.02153	0.01519	0.01380	0.00839	0.00979	0.00698	0.00559	0.00485	0.00142	0.00960	0.00349	0.00283	0.00630
11	0.00956	0.00506	0.00530	0.00545	0.00651	0.00502	0.00392	0.01172	0.01104	0.01880	0.01922	0.11621	0.01709	0.06985	0.00605	0.00170	0.00283	0.00656	0.67326	0.00486
12	0.84691	0.01054	0.00801	0.00717	0.01054	0.01223	0.00590	0.01603	0.00928	0.02446	0.00759	0.00886	0.00590	0.00506	0.00337	0.00169	0.00422	0.00295	0.00337	0.00590
13	0.09140	0.01000	0.01245	0.00981	0.01384	0.00949	0.00804	0.06843	0.09760	0.58960	0.01994	0.01763	0.01296	0.00667	0.00531	0.00170	0.00465	0.00531	0.00626	0.00893
14	0.01153	0.03013	0.01173	0.06383	0.09642	0.00971	0.00859	0.07123	0.17681	0.05242	0.06570	0.03274	0.21864	0.00960	0.00593	0.00183	0.00446	0.09429	0.02767	0.00672
15	0.00972	0.04790	0.01185	0.17239	0.09853	0.02801	0.00873	0.01230	0.01315	0.03131	0.30288	0.03015	0.14242	0.01001	0.03207	0.00193	0.00478	0.00768	0.02836	0.00582
16	0.01702	0.27312	0.01898	0.01147	0.01529	0.37383	0.00946	0.05523	0.01387	0.01497	0.00860	0.00989	0.00730	0.00510	0.00434	0.00124	0.00739	0.00334	0.00286	0.14672
17	0.00703	0.00519	0.00658	0.00698	0.00792	0.00474	0.00495	0.00869	0.01271	0.01717	0.32600	0.38713	0.15634	0.01423	0.00667	0.00196	0.00287	0.01266	0.00543	0.00474

[dist]
# distance from previous block
# <min> <max>
0	24

[block]
# block no. 2 follows, 44 sequences, length 21
# corresponding to MSA columns:
# 289-309
name=unknown_C
#
# <colnr> <probs for GDERKNQSTAVLIFYWHMCP>
#	G	D	E	R	K	N	Q	S	T	A	V	L	I	F	Y	W	H	M	C	P
0	0.08910	0.18275	0.05210	0.01187	0.04000	0.10191	0.00994	0.11821	0.08064	0.09730	0.01256	0.01337	0.02806	0.00636	0.00632	0.00161	0.10454	0.00438	0.00376	0.03521
1	0.01474	0.00986	0.01164	0.00992	0.01265	0.08242	0.05073	0.05728	0.04022	0.22949	0.24093	0.04781	0.08525	0.00934	0.00605	0.00178	0.00472	0.07292	0.00548	0.00680
2	0.01377	0.01269	0.01751	0.10296	0.34633	0.04736	0.01306	0.08952	0.16315	0.01935	0.01281	0.01499	0.01022	0.00745	0.04167	0.00201	0.04083	0.00505	0.00352	0.03576
3	0.07041	0.00592	0.00649	0.00621	0.00775	0.00582	0.00470	0.01185	0.03384	0.02076	0.34292	0.03159	0.10959	0.00912	0.00522	0.00157	0.00275	0.00767	0.31061	0.00522
4	0.00774	0.00571	0.00827	0.00834	0.00915	0.00649	0.00627	0.00939	0.00875	0.01246	0.01577	0.06580	0.01564	0.13831	0.64682	0.00796	0.01278	0.00663	0.00309	0.00464
5	0.00767	0.00551	0.00668	0.00639	0.00780	0.00502	0.00479	0.00997	0.01437	0.02011	0.53844	0.04140	0.20956	0.01128	0.00618	0.00170	0.00261	0.00977	0.08573	0.00502
6	0.00789	0.00560	0.00675	0.00688	0.00821	0.00505	0.00510	0.00951	0.01258	0.04920	0.21527	0.19739	0.29825	0.07008	0.00811	0.00218	0.00327	0.07860	0.00523	0.00485
7	0.01517	0.73523	0.02740	0.00964	0.01427	0.02112	0.00943	0.08736	0.01247	0.01489	0.00811	0.00916	0.00721	0.00484	0.00369	0.00121	0.00585	0.00311	0.00263	0.00721
8	0.01863	0.01370	0.01456	0.01158	0.01523	0.03686	0.00944	0.51877	0.09351	0.06238	0.01445	0.01468	0.01052	0.00672	0.00582	0.00164	0.04064	0.00503	0.09731	0.00852
9	0.01198	0.01227	0.01518	0.09965	0.01633	0.09792	0.01124	0.01343	0.00967	0.01334	0.01053	0.11450	0.01089	0.00964	0.01370	0.00219	0.52290	0.00603	0.00278	0.00581
10	0.01043	0.00983	0.01660	0.76209	0.06967	0.01215	0.01521	0.01405	0.01097	0.01410	0.00971	0.01449	0.00733	0.00542	0.00545	0.00181	0.00723	0.00485	0.00243	0.00617
11	0.01130	0.00969	0.01130	0.00807	0.01292	0.00727	0.00646	0.01373	0.01130	0.01776	0.00969	0.01130	0.00807	0.00404	0.00404	0.00081	0.00404	0.00323	0.00323	0.84173
12	0.00707	0.00545	0.00641	0.00640	0.00771	0.00490	0.00466	0.00878	0.01292	0.01697	0.31454	0.13548	0.34755	0.06097	0.03373	0.00227	0.00328	0.01097	0.00524	0.00471
13	0.01313	0.01399	0.01589	0.01386	0.01443	0.15323	0.01130	0.01441	0.00965	0.01313	0.00793	0.01225	0.00761	0.01115	0.07218	0.00268	0.60012	0.00463	0.00250	0.00595
14	0.00729	0.00563	0.00760	0.00842	0.00869	0.00593	0.00590	0.00827	0.01018	0.01382	0.02724	0.70761	0.03251	0.01616	0.00830	0.00224	0.10069	0.01418	0.00473	0.00462
15	0.06471	0.01002	0.01440	0.18022	0.10855	0.00992	0.01051	0.04046	0.01413	0.46566	0.01669	0.01644	0.01107	0.00615	0.00535	0.00171	0.00543	0.00512	0.00513	0.00833
16	0.02037	0.02598	0.01545	0.01404	0.01685	0.78652	0.01053	0.02177	0.01545	0.01334	0.00843	0.00983	0.00702	0.00562	0.00492	0.00140	0.00983	0.00351	0.00281	0.00632
17	0.00716	0.00554	0.00660	0.00654	0.00799	0.00497	0.00493	0.00911	0.01352	0.01784	0.36818	0.09504	0.35036	0.01371	0.02996	0.00205	0.00316	0.04306	0.00541	0.00486
18	0.00952	0.00833	0.01240	0.05489	0.06881	0.01038	0.00943	0.01138	0.00911	0.01330	0.01256	0.05604	0.01209	0.02582	0.41984	0.00564	0.24626	0.00587	0.00282	0.00551
19	0.07906	0.25975	0.03516	0.04395	0.01541	0.01445	0.00915	0.16095	0.01496	0.22021	0.01265	0.01273	0.00918	0.00559	0.00456	0.00144	0.00537	0.00412	0.00426	0.08705
20	0.08532	0.05753	0.17936	0.14516	0.05435	0.01168	0.03661	0.06843	0.05171	0.06074	0.01288	0.07156	0.01062	0.00626	0.00504	0.00163	0.00590	0.00520	0.03962	0.09040

[dist]
# distance from previous block
# <min> <max>
1	21

[block]
# block no. 3 follows, 44 sequences, length 7
# corresponding to MSA columns:
# 331-337
name=unknown_D
#
# <colnr> <probs for GDERKNQSTAVLIFYWHMCP>
#	G	D	E	R	K	N	Q	S	T	A	V	L	I	F	Y	W	H	M	C	P
0	0.00939	0.00619	0.00777	0.00734	0.00900	0.00582	0.00555	0.01206	0.04956	0.09862	0.35943	0.11608	0.19172	0.01446	0.07968	0.00246	0.00410	0.00976	0.00548	0.00553
1	0.00913	0.00659	0.00840	0.08748	0.01151	0.00652	0.00618	0.01218	0.06578	0.06148	0.38596	0.03690	0.16765	0.10032	0.00862	0.00216	0.00363	0.00892	0.00517	0.00541
2	0.01001	0.00608	0.00794	0.00741	0.00908	0.00552	0.00569	0.01230	0.01467	0.12958	0.50842	0.10248	0.09548	0.01141	0.00640	0.00181	0.00307	0.05111	0.00591	0.00564
3	0.00923	0.00552	0.00693	0.00692	0.00756	0.00526	0.00453	0.00984	0.01020	0.08494	0.11662	0.23217	0.02674	0.37183	0.01711	0.06194	0.00429	0.00968	0.00436	0.00433
4	0.18065	0.39150	0.03852	0.00931	0.01290	0.08654	0.00839	0.01608	0.01111	0.05204	0.02913	0.04248	0.00991	0.03616	0.00582	0.02948	0.02646	0.00409	0.00303	0.00639
5	0.05354	0.47711	0.17520	0.01082	0.01604	0.01787	0.01134	0.09281	0.01291	0.07366	0.00962	0.01048	0.00765	0.00513	0.00418	0.00139	0.00613	0.00353	0.00302	0.00756
6	0.14042	0.08281	0.25328	0.01048	0.01472	0.01113	0.01069	0.07164	0.01190	0.09550	0.01391	0.09050	0.01262	0.14729	0.00894	0.00233	0.00583	0.00575	0.00360	0.00668

[dist]
# distance from previous block
# <min> <max>
1	9

[block]
# block no. 4 follows, 44 sequences, length 24
# corresponding to MSA columns:
# 347-370
name=unknown_E
#
# <colnr> <probs for GDERKNQSTAVLIFYWHMCP>
#	G	D	E	R	K	N	Q	S	T	A	V	L	I	F	Y	W	H	M	C	P
0	0.00961	0.03816	0.20792	0.01102	0.03736	0.02151	0.02569	0.01282	0.02801	0.03422	0.09474	0.27493	0.07238	0.01073	0.00603	0.00187	0.00499	0.05363	0.00415	0.05022
1	0.11004	0.33248	0.20928	0.01151	0.01666	0.03332	0.02824	0.09033	0.08831	0.01849	0.01023	0.01119	0.00807	0.00532	0.00439	0.00150	0.00622	0.00381	0.00309	0.00751
2	0.09105	0.38578	0.17588	0.01088	0.01569	0.04676	0.04425	0.01666	0.01180	0.05150	0.06582	0.01286	0.01077	0.00548	0.00434	0.00144	0.00603	0.00404	0.03199	0.00700
3	0.04605	0.00618	0.00800	0.00761	0.00898	0.00608	0.03183	0.01023	0.01136	0.04010	0.17287	0.09255	0.16882	0.16072	0.15017	0.00371	0.00578	0.04011	0.02400	0.00484
4	0.01071	0.00902	0.01065	0.00791	0.01217	0.00691	0.00625	0.01310	0.01177	0.01812	0.10116	0.04304	0.01424	0.00535	0.00443	0.00097	0.00383	0.00446	0.00363	0.71229
5	0.07145	0.04797	0.11891	0.01168	0.01632	0.01349	0.02187	0.35724	0.01900	0.20543	0.05208	0.01513	0.01174	0.00644	0.00527	0.00165	0.00571	0.00499	0.00506	0.00856
6	0.01341	0.61109	0.03942	0.00990	0.01400	0.01826	0.06382	0.01526	0.01084	0.01322	0.00941	0.01297	0.00891	0.10471	0.00677	0.00174	0.00595	0.00389	0.02991	0.00652
7	0.65083	0.04572	0.05994	0.00791	0.01163	0.01194	0.00705	0.01647	0.01014	0.07882	0.01128	0.01205	0.04706	0.00564	0.00382	0.00168	0.00449	0.00366	0.00360	0.00627
8	0.01459	0.27041	0.14854	0.06918	0.01773	0.01541	0.01128	0.19810	0.01481	0.03183	0.01072	0.03734	0.00877	0.00562	0.00463	0.00142	0.00599	0.00424	0.00339	0.12601
9	0.07670	0.43433	0.07305	0.01117	0.01546	0.08765	0.06493	0.06498	0.01222	0.01578	0.00914	0.01106	0.00783	0.00864	0.08418	0.00212	0.00738	0.00374	0.00275	0.00688
10	0.00797	0.04163	0.05859	0.00803	0.00957	0.00640	0.00633	0.04819	0.01174	0.01533	0.03196	0.52410	0.18071	0.01454	0.00651	0.00203	0.00367	0.01283	0.00478	0.00507
11	0.01410	0.20425	0.30527	0.01254	0.01800	0.01487	0.02614	0.15267	0.07748	0.05128	0.01276	0.06448	0.01040	0.00633	0.00502	0.00162	0.00640	0.00497	0.00353	0.00788
12	0.21978	0.14685	0.07885	0.00973	0.01319	0.06901	0.00879	0.01719	0.01229	0.14946	0.13080	0.01731	0.01543	0.00687	0.00568	0.00166	0.06391	0.02244	0.00403	0.00675
13	0.11202	0.17834	0.17595	0.01023	0.01427	0.08044	0.01000	0.04706	0.01234	0.06613	0.01857	0.12731	0.11040	0.00804	0.00504	0.00166	0.00562	0.00633	0.00365	0.00661
14	0.05075	0.33184	0.27848	0.01106	0.01625	0.01530	0.01211	0.06127	0.01195	0.04026	0.01037	0.01293	0.00861	0.06660	0.00612	0.00175	0.00627	0.00399	0.04695	0.00713
15	0.01259	0.12330	0.21012	0.01170	0.01565	0.04716	0.07361	0.06641	0.01213	0.06595	0.01418	0.05933	0.01329	0.18018	0.01054	0.02122	0.00648	0.04633	0.00339	0.00644
16	0.01396	0.24403	0.25505	0.01191	0.01712	0.02969	0.01244	0.14882	0.12392	0.01960	0.01452	0.01496	0.05916	0.00617	0.00488	0.00157	0.00620	0.00466	0.00353	0.00780
17	0.01442	0.35415	0.22844	0.01164	0.01685	0.03397	0.01219	0.13241	0.06196	0.03087	0.03343	0.02651	0.00990	0.00575	0.00461	0.00148	0.00629	0.00423	0.00326	0.00766
18	0.01383	0.30048	0.17692	0.01180	0.04832	0.01536	0.01129	0.16424	0.01450	0.01923	0.05328	0.01549	0.06662	0.00614	0.00473	0.00145	0.00583	0.00465	0.00342	0.06242
19	0.05694	0.33087	0.27835	0.01188	0.01729	0.05716	0.01280	0.08334	0.04656	0.01736	0.01024	0.03612	0.00848	0.00560	0.00451	0.00150	0.00657	0.00405	0.00291	0.00746
20	0.04364	0.23519	0.30122	0.01233	0.01807	0.01475	0.03743	0.10855	0.01363	0.10129	0.02918	0.01243	0.00906	0.00546	0.00476	0.00153	0.00646	0.00415	0.00336	0.03754
21	0.01299	0.29136	0.27118	0.01206	0.03259	0.03903	0.01251	0.09789	0.01323	0.01751	0.06149	0.09005	0.01302	0.00672	0.00489	0.00156	0.00625	0.00525	0.00320	0.00724
22	0.01437	0.17976	0.31475	0.01249	0.01794	0.01455	0.01342	0.20885	0.01522	0.05101	0.01283	0.07216	0.01081	0.00672	0.00514	0.00165	0.00647	0.03043	0.00361	0.00783
23	0.02859	0.31397	0.30450	0.01227	0.01806	0.03430	0.01343	0.14230	0.01400	0.05699	0.01005	0.01103	0.00766	0.00531	0.00458	0.00149	0.00669	0.00381	0.00310	0.00786

[dist]
# distance from previous block
# <min> <max>
18	201

[block]
# block no. 5 follows, 44 sequences, length 14
# corresponding to MSA columns:
# 605-618
name=unknown_F
#
# <colnr> <probs for GDERKNQSTAVLIFYWHMCP>
#	G	D	E	R	K	N	Q	S	T	A	V	L	I	F	Y	W	H	M	C	P
0	0.01268	0.18938	0.13277	0.10386	0.04586	0.01300	0.08481	0.06441	0.03040	0.05951	0.03937	0.10341	0.02387	0.00732	0.00535	0.00168	0.00606	0.04160	0.00353	0.03111
1	0.09260	0.01232	0.12754	0.01103	0.04263	0.01002	0.00961	0.12062	0.05973	0.21254	0.06230	0.09961	0.07624	0.00839	0.00558	0.00179	0.00496	0.03004	0.00496	0.00750
2	0.01342	0.01157	0.04899	0.07712	0.22069	0.01173	0.01192	0.04872	0.03750	0.09785	0.01325	0.06290	0.01148	0.00724	0.00785	0.00177	0.16180	0.03156	0.02159	0.10105
3	0.06169	0.08613	0.01904	0.26561	0.10911	0.01296	0.13253	0.06599	0.01258	0.05777	0.02879	0.01467	0.00948	0.00619	0.01833	0.00181	0.03228	0.00500	0.05312	0.00692
4	0.01374	0.03757	0.08814	0.20793	0.10200	0.01300	0.20960	0.10243	0.04652	0.07536	0.01358	0.01585	0.03756	0.00574	0.00567	0.00175	0.00708	0.00550	0.00343	0.00754
5	0.01097	0.07381	0.01794	0.65206	0.11377	0.01295	0.01485	0.01442	0.01108	0.01425	0.00958	0.01396	0.00739	0.00533	0.00529	0.00174	0.00707	0.00469	0.00244	0.00640
6	0.01097	0.00947	0.01551	0.65455	0.06391	0.01131	0.01391	0.01432	0.01137	0.05988	0.01403	0.01774	0.06828	0.00617	0.00553	0.00180	0.00672	0.00541	0.00290	0.00624
7	0.04155	0.05444	0.15568	0.17212	0.04351	0.07517	0.06127	0.01725	0.04556	0.12229	0.02875	0.07880	0.04048	0.00720	0.00550	0.00176	0.00641	0.03157	0.00369	0.00698
8	0.01125	0.04878	0.23580	0.31224	0.11328	0.01219	0.07310	0.01536	0.01148	0.03297	0.01169	0.07626	0.00982	0.00616	0.00548	0.00177	0.00711	0.00552	0.00275	0.00701
9	0.00825	0.00558	0.00658	0.00662	0.00809	0.00490	0.00483	0.00948	0.01218	0.07568	0.12064	0.23888	0.40009	0.01410	0.00739	0.05215	0.00311	0.01147	0.00514	0.00485
10	0.07616	0.00934	0.03218	0.27046	0.02161	0.00979	0.11328	0.01361	0.06878	0.01604	0.01870	0.26454	0.04440	0.00940	0.00593	0.00194	0.00563	0.00859	0.00371	0.00591
11	0.01567	0.01250	0.04472	0.20267	0.14752	0.01235	0.16838	0.10370	0.03830	0.17918	0.01335	0.01517	0.00953	0.00563	0.00565	0.00174	0.00677	0.00534	0.00389	0.00795
12	0.00779	0.00584	0.00876	0.00876	0.00974	0.00681	0.00681	0.00974	0.00876	0.01266	0.01460	0.02142	0.01363	0.04089	0.78680	0.00876	0.01460	0.00584	0.00292	0.00487
13	0.00803	0.00756	0.06794	0.00928	0.01080	0.00726	0.00784	0.01031	0.00897	0.01301	0.01423	0.02066	0.01311	0.03815	0.72684	0.00822	0.01410	0.00570	0.00287	0.00511

[dist]
# distance from previous block
# <min> <max>
0	1

[block]
# block no. 6 follows, 44 sequences, length 16
# corresponding to MSA columns:
# 620-635
name=unknown_G
#
# <colnr> <probs for GDERKNQSTAVLIFYWHMCP>
#	G	D	E	R	K	N	Q	S	T	A	V	L	I	F	Y	W	H	M	C	P
0	0.03793	0.12720	0.06801	0.23001	0.02269	0.10054	0.07238	0.07253	0.01361	0.15766	0.01241	0.01512	0.00936	0.00592	0.00520	0.00166	0.00682	0.03009	0.00361	0.00725
1	0.68588	0.01162	0.05518	0.00814	0.01171	0.01222	0.00712	0.06568	0.01048	0.02392	0.00855	0.01012	0.00670	0.00751	0.05481	0.00215	0.00525	0.00334	0.00342	0.00619
2	0.01941	0.06832	0.01562	0.01173	0.01535	0.11483	0.00958	0.33666	0.06550	0.17991	0.01482	0.04995	0.01124	0.00705	0.00608	0.00167	0.05376	0.00526	0.00497	0.00827
3	0.01065	0.00763	0.00912	0.00838	0.00980	0.00839	0.00619	0.13808	0.06576	0.01705	0.01596	0.02434	0.01509	0.27250	0.29360	0.00534	0.00847	0.00630	0.07192	0.00541
4	0.01104	0.09358	0.01593	0.05708	0.01489	0.04294	0.06269	0.01292	0.00956	0.01338	0.01052	0.01565	0.00974	0.03697	0.26315	0.00426	0.29631	0.00508	0.01856	0.00576
5	0.61455	0.01132	0.01002	0.00842	0.01206	0.01272	0.00694	0.15643	0.01295	0.09666	0.00993	0.01056	0.00725	0.00550	0.00396	0.00168	0.00459	0.00356	0.00408	0.00685
6	0.01784	0.01023	0.01278	0.06144	0.01527	0.01026	0.00867	0.19559	0.05933	0.30462	0.01801	0.07118	0.01391	0.01017	0.06933	0.00226	0.00579	0.02919	0.00531	0.07882
7	0.06922	0.01004	0.01147	0.00839	0.01306	0.00821	0.00676	0.05744	0.01230	0.07367	0.01059	0.01176	0.00839	0.00444	0.00418	0.00098	0.00421	0.00347	0.00362	0.67781
8	0.01984	0.01081	0.01298	0.01028	0.01400	0.01084	0.00837	0.25523	0.07992	0.36579	0.13320	0.02035	0.01820	0.00741	0.00562	0.00169	0.00473	0.00602	0.00613	0.00859
9	0.02312	0.01143	0.01399	0.01072	0.01499	0.01121	0.00886	0.28899	0.01921	0.51066	0.01848	0.01659	0.01198	0.00667	0.00547	0.00167	0.00513	0.00528	0.00628	0.00928
10	0.01039	0.00772	0.00961	0.00908	0.01056	0.00859	0.00685	0.02623	0.20168	0.05373	0.09786	0.12886	0.02145	0.10067	0.20988	0.02641	0.05237	0.00773	0.00441	0.00591
11	0.00822	0.00665	0.01019	0.00906	0.01080	0.00615	0.10775	0.01058	0.01331	0.01837	0.34461	0.19247	0.13698	0.01168	0.00643	0.00186	0.00372	0.04055	0.05541	0.00522
12	0.01247	0.00653	0.00845	0.00811	0.00996	0.00592	0.00601	0.01440	0.04050	0.25343	0.04512	0.42203	0.11896	0.01297	0.00637	0.00198	0.00361	0.01142	0.00563	0.00614
13	0.00791	0.00570	0.00750	0.00752	0.00794	0.00624	0.00518	0.00882	0.00849	0.01178	0.01683	0.09185	0.01818	0.40259	0.33561	0.00635	0.03654	0.00758	0.00326	0.00413
14	0.01511	0.01695	0.22746	0.17717	0.02200	0.08258	0.01361	0.11403	0.01397	0.14607	0.01267	0.04621	0.00964	0.00657	0.00641	0.00177	0.07156	0.00505	0.00365	0.00752
15	0.00696	0.00500	0.00667	0.00786	0.00836	0.00470	0.00555	0.00818	0.01091	0.01449	0.05120	0.66413	0.05332	0.01656	0.00701	0.00223	0.00339	0.11387	0.00508	0.00453

[dist]
# distance from previous block
# <min> <max>
5	7

[block]
# block no. 7 follows, 44 sequences, length 35
# corresponding to MSA columns:
# 643-677
name=unknown_H
#
# <colnr> <probs for GDERKNQSTAVLIFYWHMCP>
#	G	D	E	R	K	N	Q	S	T	A	V	L	I	F	Y	W	H	M	C	P
0	0.06988	0.06049	0.01742	0.25305	0.10827	0.06949	0.07379	0.12794	0.05140	0.04114	0.01181	0.01492	0.00921	0.00582	0.00521	0.00168	0.00655	0.02192	0.04288	0.00715
1	0.08276	0.16744	0.09567	0.01080	0.01527	0.01399	0.00993	0.24736	0.01664	0.22219	0.01439	0.05613	0.01089	0.00655	0.00498	0.00160	0.00553	0.00501	0.00468	0.00819
2	0.05241	0.06856	0.12100	0.03706	0.03550	0.09292	0.17550	0.11128	0.15925	0.02005	0.03552	0.01467	0.01076	0.00599	0.00585	0.00172	0.03554	0.00515	0.00365	0.00761
3	0.11529	0.01404	0.01543	0.21333	0.05634	0.17086	0.05178	0.06535	0.01295	0.06087	0.01002	0.01239	0.00776	0.00556	0.00570	0.00159	0.05401	0.00425	0.00320	0.11928
4	0.08911	0.51577	0.05765	0.00981	0.01411	0.04393	0.00939	0.01811	0.08332	0.06084	0.01092	0.01306	0.00934	0.00562	0.00411	0.00141	0.00567	0.03756	0.00313	0.00713
5	0.00949	0.01108	0.15515	0.01230	0.09367	0.00813	0.00974	0.05705	0.03604	0.01670	0.04025	0.38088	0.03804	0.04897	0.00730	0.00215	0.00485	0.05796	0.00426	0.00600
6	0.00702	0.00495	0.00645	0.00727	0.00787	0.00461	0.00500	0.00840	0.01158	0.01590	0.18645	0.59025	0.05556	0.01526	0.00669	0.00206	0.00300	0.01374	0.04330	0.00461
7	0.00947	0.00473	0.00710	0.00710	0.00710	0.00473	0.00473	0.00710	0.00710	0.00947	0.00947	0.01657	0.00947	0.01894	0.02131	0.84138	0.00473	0.00473	0.00237	0.00237
8	0.00753	0.00527	0.00695	0.00773	0.00827	0.00526	0.00551	0.00874	0.01007	0.01369	0.02465	0.39334	0.02808	0.17643	0.12328	0.00378	0.00550	0.12723	0.03431	0.00439
9	0.02407	0.00990	0.01304	0.01000	0.01423	0.00894	0.00826	0.10246	0.01665	0.70081	0.02063	0.01799	0.01306	0.00673	0.00548	0.00168	0.00478	0.00542	0.00661	0.00928
10	0.01029	0.00675	0.00752	0.00705	0.00921	0.00622	0.00560	0.07039	0.01372	0.10070	0.04036	0.04288	0.44412	0.01172	0.00608	0.00182	0.00348	0.10066	0.10583	0.00560
11	0.00734	0.00540	0.00687	0.00684	0.00800	0.00493	0.00500	0.00943	0.01405	0.01936	0.53192	0.19678	0.13847	0.01268	0.00654	0.00183	0.00272	0.01121	0.00569	0.00493
12	0.79677	0.01047	0.00830	0.00732	0.01075	0.01197	0.00603	0.01667	0.00966	0.07041	0.00844	0.00945	0.00637	0.00516	0.00350	0.00169	0.00424	0.00311	0.00358	0.00611
13	0.00857	0.00636	0.00784	0.00800	0.00913	0.00635	0.00574	0.05945	0.08541	0.01839	0.24755	0.43520	0.03666	0.03017	0.00700	0.00206	0.00333	0.01208	0.00538	0.00534
14	0.01470	0.01228	0.01297	0.01133	0.01461	0.01409	0.00891	0.14484	0.64682	0.02465	0.02074	0.01918	0.01547	0.00726	0.00553	0.00182	0.00458	0.00596	0.00553	0.00873
15	0.05664	0.27948	0.02112	0.01693	0.23362	0.01580	0.02313	0.12365	0.01347	0.06386	0.01060	0.01319	0.00893	0.05329	0.00660	0.00174	0.04270	0.00436	0.00327	0.00762
16	0.01542	0.01133	0.02123	0.01594	0.02000	0.01071	0.37037	0.01867	0.01319	0.23854	0.01641	0.07018	0.01300	0.00687	0.00660	0.00184	0.04348	0.03996	0.05887	0.00740
17	0.00856	0.00676	0.00930	0.09435	0.01170	0.00789	0.00684	0.00970	0.00880	0.01218	0.01583	0.11551	0.01708	0.33408	0.20310	0.00498	0.11813	0.00753	0.00319	0.00448
18	0.09768	0.00860	0.03538	0.00885	0.01078	0.05350	0.05502	0.01192	0.01227	0.05511	0.19872	0.26001	0.09859	0.05995	0.00739	0.00208	0.00426	0.00983	0.00470	0.00537
19	0.01360	0.01124	0.06565	0.01302	0.01548	0.01130	0.12515	0.03121	0.01167	0.16243	0.01562	0.11149	0.01407	0.02791	0.01014	0.00210	0.24916	0.04728	0.05481	0.00667
20	0.16933	0.03918	0.16700	0.01260	0.01680	0.05357	0.13853	0.08388	0.01236	0.07766	0.01107	0.01418	0.00880	0.05499	0.00847	0.11045	0.00652	0.00470	0.00331	0.00660
21	0.01175	0.01423	0.17473	0.33505	0.07711	0.01206	0.12334	0.01566	0.01153	0.06194	0.01175	0.06141	0.00953	0.00623	0.00630	0.00184	0.05015	0.00559	0.00288	0.00692
22	0.00659	0.00528	0.00579	0.00617	0.00744	0.00459	0.00437	0.00776	0.01156	0.01423	0.04538	0.27645	0.50617	0.06323	0.00790	0.00216	0.00304	0.01248	0.00495	0.00447
23	0.06655	0.55729	0.04879	0.01038	0.01495	0.06076	0.03398	0.07667	0.01272	0.06123	0.00908	0.01003	0.00754	0.00503	0.00399	0.00132	0.00607	0.00341	0.00295	0.00726
24	0.01529	0.25940	0.05328	0.01109	0.03890	0.05487	0.03431	0.02711	0.02843	0.19118	0.08304	0.06050	0.03434	0.00755	0.00556	0.00163	0.03074	0.05143	0.00421	0.00715
25	0.01362	0.39522	0.17800	0.01089	0.01555	0.01577	0.02647	0.03898	0.03039	0.07475	0.05254	0.06113	0.02843	0.00649	0.00503	0.00151	0.02986	0.00492	0.00327	0.00717
26	0.22226	0.11987	0.01467	0.01150	0.04844	0.25662	0.00888	0.01911	0.01282	0.14151	0.01254	0.01424	0.03449	0.00622	0.00502	0.00158	0.03171	0.02808	0.00366	0.00678
27	0.00805	0.00600	0.00911	0.05556	0.01122	0.00699	0.00718	0.00981	0.00878	0.01252	0.01397	0.02069	0.01298	0.03734	0.69010	0.06284	0.01352	0.00571	0.00285	0.00477
28	0.01677	0.11907	0.06344	0.08859	0.01807	0.22992	0.05506	0.01971	0.04941	0.17513	0.01376	0.07594	0.01124	0.00675	0.00564	0.00164	0.03364	0.00531	0.00380	0.00712
29	0.04958	0.05141	0.10877	0.01273	0.07643	0.03354	0.03387	0.03209	0.05513	0.05894	0.05977	0.18046	0.02081	0.01015	0.00673	0.00197	0.05288	0.14413	0.00418	0.00644
30	0.05794	0.00601	0.00756	0.04418	0.00978	0.00619	0.00601	0.00977	0.01091	0.01560	0.10629	0.30752	0.05149	0.14093	0.01021	0.00259	0.03002	0.12256	0.04977	0.00467
31	0.01292	0.00751	0.00964	0.00844	0.01065	0.00736	0.00669	0.03289	0.05173	0.22267	0.30786	0.03261	0.13014	0.01168	0.04915	0.00218	0.05182	0.03196	0.00562	0.00648
32	0.11340	0.06116	0.08688	0.09146	0.01811	0.05390	0.10540	0.01775	0.08399	0.10686	0.06606	0.01829	0.01326	0.00724	0.00679	0.02934	0.06439	0.04510	0.00378	0.00684
33	0.14324	0.05014	0.09732	0.13698	0.12755	0.03442	0.03599	0.01427	0.01112	0.01697	0.04826	0.01743	0.05635	0.02931	0.10656	0.00263	0.00705	0.00512	0.00308	0.05621
34	0.05729	0.00538	0.00652	0.00709	0.00758	0.00535	0.00468	0.00848	0.00975	0.01385	0.06389	0.42480	0.02857	0.26506	0.06357	0.00354	0.00460	0.01145	0.00432	0.00423

[dist]
# distance from previous block
# <min> <max>
14	50

[block]
# block no. 8 follows, 44 sequences, length 7
# corresponding to MSA columns:
# 743-749
name=unknown_I
#
# <colnr> <probs for GDERKNQSTAVLIFYWHMCP>
#	G	D	E	R	K	N	Q	S	T	A	V	L	I	F	Y	W	H	M	C	P
0	0.14078	0.14179	0.05973	0.05393	0.01598	0.10722	0.04099	0.08804	0.03253	0.04410	0.06170	0.01593	0.01188	0.00659	0.00597	0.00164	0.07522	0.04210	0.00354	0.05033
1	0.66740	0.01169	0.04412	0.00946	0.01333	0.01217	0.09105	0.01688	0.01016	0.06886	0.00891	0.01022	0.00667	0.00512	0.00392	0.00171	0.00497	0.00354	0.00346	0.00636
2	0.01465	0.01277	0.01734	0.22096	0.22114	0.04666	0.01318	0.16590	0.08937	0.04698	0.01188	0.01423	0.00916	0.00617	0.00666	0.00177	0.08489	0.00495	0.00358	0.00775
3	0.00689	0.00558	0.00617	0.00630	0.00794	0.00486	0.00484	0.00855	0.01277	0.01586	0.15025	0.08332	0.55822	0.01372	0.00659	0.00191	0.00301	0.09332	0.00519	0.00472
4	0.03031	0.01344	0.15407	0.01158	0.01538	0.02581	0.05970	0.08158	0.17308	0.13981	0.07544	0.12713	0.01821	0.04124	0.00664	0.00195	0.00538	0.00710	0.00472	0.00743
5	0.01086	0.00734	0.01014	0.08658	0.01229	0.00758	0.05588	0.05549	0.01055	0.08339	0.01600	0.02737	0.01582	0.45330	0.07855	0.00423	0.00631	0.00681	0.04655	0.00496
6	0.01246	0.18204	0.42279	0.01333	0.01941	0.01413	0.04966	0.09675	0.01347	0.01876	0.09564	0.01457	0.01227	0.00587	0.00507	0.00161	0.00682	0.00467	0.00309	0.00761

[dist]
# distance from previous block
# <min> <max>
0	1

[block]
# block no. 9 follows, 44 sequences, length 22
# corresponding to MSA columns:
# 751-755,764-780
name=unknown_J
#
# <colnr> <probs for GDERKNQSTAVLIFYWHMCP>
#	G	D	E	R	K	N	Q	S	T	A	V	L	I	F	Y	W	H	M	C	P
0	0.01165	0.05985	0.38118	0.01397	0.07060	0.04324	0.01417	0.01601	0.03036	0.05193	0.01419	0.08099	0.01277	0.03814	0.03844	0.00216	0.00700	0.06650	0.00319	0.04366
1	0.01277	0.16401	0.55493	0.01408	0.02109	0.01474	0.01705	0.10749	0.01316	0.01858	0.00980	0.01122	0.00721	0.00526	0.00492	0.00162	0.00741	0.00394	0.00269	0.00802
2	0.00766	0.00573	0.00738	0.00743	0.00844	0.00569	0.00529	0.00892	0.00961	0.01314	0.02333	0.20898	0.11253	0.19679	0.28396	0.00502	0.00765	0.00902	0.00379	0.06963
3	0.01066	0.01015	0.01743	0.70215	0.09972	0.01225	0.04258	0.01430	0.01110	0.01439	0.00979	0.01445	0.00742	0.00537	0.00548	0.00180	0.00727	0.00490	0.00246	0.00632
4	0.00933	0.00644	0.00727	0.00697	0.00754	0.00660	0.00439	0.09942	0.01042	0.01391	0.01834	0.13242	0.02063	0.60794	0.02233	0.00444	0.00510	0.00854	0.00379	0.00418
5	0.00835	0.00594	0.00766	0.00820	0.00932	0.00565	0.00637	0.01003	0.01117	0.01517	0.04600	0.21804	0.03940	0.15697	0.01054	0.00272	0.00435	0.31888	0.04366	0.07159
6	0.00726	0.00490	0.00633	0.00743	0.00794	0.00464	0.00515	0.00853	0.01072	0.01494	0.02832	0.64783	0.03277	0.01550	0.00658	0.00211	0.00321	0.06454	0.11673	0.00456
7	0.00823	0.00675	0.00951	0.00951	0.00999	0.00802	0.00722	0.00958	0.00939	0.01330	0.01955	0.35564	0.02180	0.02358	0.27810	0.00451	0.18693	0.00975	0.00372	0.00493
8	0.01118	0.01020	0.01586	0.66270	0.03372	0.01251	0.01412	0.05054	0.10378	0.01597	0.01138	0.01518	0.00851	0.00574	0.00546	0.00181	0.00685	0.00501	0.00295	0.00652
9	0.01321	0.01353	0.01609	0.01385	0.01440	0.11041	0.01133	0.04878	0.01001	0.01404	0.00800	0.01270	0.00776	0.04183	0.01613	0.00235	0.63216	0.00475	0.00262	0.00605
10	0.01118	0.00648	0.00859	0.00802	0.00875	0.00678	0.00567	0.11020	0.04276	0.01345	0.01052	0.01626	0.00976	0.01674	0.01846	0.69016	0.00489	0.00482	0.00293	0.00358
11	0.05026	0.01640	0.01548	0.01237	0.01636	0.13934	0.01000	0.53718	0.08227	0.02935	0.01280	0.01295	0.00935	0.00636	0.00527	0.00160	0.00637	0.00468	0.00491	0.02670
12	0.00673	0.00481	0.00640	0.00753	0.00793	0.00449	0.00507	0.00781	0.01084	0.01455	0.08943	0.74365	0.03729	0.01660	0.00692	0.00217	0.00312	0.01505	0.00514	0.00449
13	0.00807	0.00569	0.00807	0.00819	0.00871	0.00632	0.00596	0.00884	0.00868	0.01213	0.01660	0.16820	0.01759	0.12736	0.38279	0.14333	0.04831	0.00767	0.00325	0.00423
14	0.01313	0.44081	0.28519	0.01285	0.04503	0.02991	0.04197	0.01646	0.01127	0.01459	0.00865	0.01040	0.00717	0.00539	0.00493	0.03229	0.00677	0.00358	0.00236	0.00725
15	0.02240	0.01258	0.01470	0.01127	0.01557	0.01292	0.00931	0.42895	0.02113	0.36798	0.01687	0.01554	0.01117	0.00664	0.00547	0.00166	0.00539	0.00517	0.00603	0.00927
16	0.00831	0.00592	0.00815	0.00934	0.01035	0.00585	0.00776	0.01038	0.01189	0.01555	0.02853	0.21069	0.03175	0.05456	0.00841	0.00259	0.00466	0.55555	0.00494	0.00482
17	0.00805	0.00624	0.00937	0.00875	0.00987	0.00658	0.05790	0.00976	0.00984	0.01370	0.10079	0.06603	0.05111	0.19821	0.41209	0.00614	0.00984	0.00748	0.00353	0.00470
18	0.00841	0.00623	0.00881	0.00865	0.00951	0.00733	0.00670	0.01025	0.00909	0.01362	0.01507	0.05360	0.01426	0.06185	0.55933	0.00686	0.08291	0.00613	0.10647	0.00492
19	0.02025	0.01502	0.01636	0.04828	0.01785	0.01669	0.01058	0.72233	0.02496	0.03343	0.01293	0.01316	0.00918	0.00649	0.00545	0.00164	0.00606	0.00491	0.00532	0.00912
20	0.01537	0.27690	0.14290	0.01339	0.01812	0.26125	0.10237	0.01814	0.01277	0.01465	0.00879	0.01046	0.00723	0.00499	0.00462	0.00138	0.00773	0.00374	0.00260	0.07259
21	0.00889	0.10421	0.01145	0.00963	0.04472	0.00871	0.00716	0.01064	0.00911	0.01267	0.01385	0.02120	0.01333	0.12568	0.56591	0.00710	0.01206	0.00569	0.00288	0.00511

[dist]
# distance from previous block
# <min> <max>
0	35

[block]
# block no. 10 follows, 44 sequences, length 10
# corresponding to MSA columns:
# 816-825
name=unknown_K
#
# <colnr> <probs for GDERKNQSTAVLIFYWHMCP>
#	G	D	E	R	K	N	Q	S	T	A	V	L	I	F	Y	W	H	M	C	P
0	0.00806	0.00608	0.00733	0.00699	0.00859	0.00565	0.00539	0.04600	0.01484	0.01998	0.47059	0.04437	0.25608	0.01199	0.00647	0.00181	0.00298	0.06598	0.00563	0.00518
1	0.07732	0.01057	0.01165	0.00942	0.01289	0.06858	0.00761	0.11190	0.01589	0.42185	0.08478	0.01872	0.01539	0.00687	0.00518	0.00161	0.00475	0.00543	0.10162	0.00797
2	0.01911	0.01216	0.01380	0.01102	0.01482	0.01291	0.00895	0.35797	0.16874	0.22223	0.08451	0.01839	0.01557	0.00717	0.00557	0.00170	0.00501	0.00575	0.00585	0.00878
3	0.01291	0.01208	0.01987	0.25280	0.50081	0.01291	0.01571	0.05091	0.03669	0.01762	0.01061	0.01400	0.00852	0.00519	0.00542	0.00168	0.00661	0.00490	0.00284	0.00792
4	0.00719	0.00508	0.00669	0.00777	0.00820	0.00486	0.00544	0.00826	0.01043	0.01384	0.02799	0.56850	0.03292	0.13093	0.01006	0.00271	0.00378	0.13619	0.00480	0.00437
5	0.22877	0.01365	0.07010	0.12495	0.18060	0.03773	0.11843	0.10501	0.01303	0.02064	0.01040	0.03431	0.00836	0.00554	0.00505	0.00171	0.00646	0.00479	0.00322	0.00724
6	0.00871	0.00622	0.00742	0.00756	0.00878	0.00624	0.00548	0.03114	0.11150	0.01867	0.22331	0.34465	0.05331	0.01231	0.00612	0.00187	0.00313	0.01088	0.12730	0.00539
7	0.00980	0.00650	0.00939	0.00890	0.00962	0.00713	0.02497	0.05031	0.00929	0.01274	0.01292	0.02218	0.01277	0.06360	0.20443	0.39592	0.06214	0.07041	0.00297	0.00401
8	0.01308	0.06262	0.01802	0.09042	0.13496	0.10609	0.12263	0.03373	0.14045	0.01681	0.01448	0.08302	0.01297	0.00813	0.01869	0.02524	0.04648	0.04175	0.00351	0.00693
9	0.06026	0.13939	0.01664	0.01260	0.07844	0.07334	0.00963	0.21818	0.06416	0.08968	0.01282	0.01492	0.01019	0.00616	0.00518	0.00151	0.02346	0.03857	0.00415	0.12073

[dist]
# distance from previous block
# <min> <max>
0	18

[block]
# block no. 11 follows, 44 sequences, length 52
# corresponding to MSA columns:
# 844-855,865-894,897-904,907,908
name=unknown_L
#
# <colnr> <probs for GDERKNQSTAVLIFYWHMCP>
#	G	D	E	R	K	N	Q	S	T	A	V	L	I	F	Y	W	H	M	C	P
0	0.04061	0.13588	0.06700	0.09782	0.03795	0.12479	0.01037	0.07980	0.04314	0.13314	0.09051	0.01656	0.01363	0.00651	0.00553	0.00159	0.03431	0.01725	0.00397	0.03964
1	0.73638	0.01178	0.00886	0.00823	0.02395	0.08008	0.00647	0.01630	0.00991	0.02307	0.00835	0.03155	0.00690	0.00545	0.00365	0.00168	0.00472	0.00339	0.00336	0.00595
2	0.01231	0.09294	0.26586	0.15697	0.21222	0.01335	0.01561	0.05923	0.03883	0.01769	0.03490	0.01500	0.00998	0.00572	0.00526	0.00168	0.00680	0.02508	0.00291	0.00766
3	0.01489	0.10952	0.01903	0.06605	0.04236	0.05431	0.14537	0.08910	0.19820	0.08708	0.05799	0.01659	0.01304	0.00646	0.00621	0.00172	0.05477	0.00550	0.00414	0.00766
4	0.01470	0.01409	0.13201	0.21869	0.21352	0.03373	0.05118	0.02752	0.05469	0.16692	0.01294	0.01479	0.00937	0.00560	0.00544	0.00172	0.00666	0.00497	0.00356	0.00789
5	0.00677	0.00491	0.00642	0.00749	0.00801	0.00455	0.00514	0.00791	0.01096	0.01453	0.07480	0.67508	0.09222	0.01641	0.00691	0.00217	0.00317	0.04292	0.00511	0.00451
6	0.01131	0.01516	0.19370	0.05987	0.13012	0.01266	0.15028	0.01481	0.01101	0.01580	0.01212	0.07525	0.01114	0.00867	0.03587	0.00221	0.18800	0.04229	0.00283	0.00689
7	0.01068	0.01933	0.41169	0.02898	0.01777	0.06852	0.01373	0.01577	0.05321	0.01834	0.22820	0.02181	0.04452	0.01700	0.00585	0.00175	0.00621	0.00606	0.00367	0.00692
8	0.00760	0.00522	0.00662	0.00735	0.00770	0.00509	0.00500	0.00835	0.00971	0.01288	0.02415	0.34965	0.02805	0.32857	0.01568	0.02868	0.00437	0.13700	0.00428	0.00403
9	0.00671	0.00477	0.00631	0.00750	0.00780	0.00447	0.00497	0.00761	0.01030	0.01374	0.02936	0.76367	0.03519	0.05945	0.00807	0.00238	0.00328	0.01509	0.00497	0.00437
10	0.02446	0.00928	0.01265	0.00970	0.01392	0.00801	0.00801	0.02657	0.01560	0.77817	0.02151	0.01856	0.01350	0.00675	0.00548	0.00169	0.00464	0.00548	0.00675	0.00928
11	0.01214	0.01157	0.01968	0.35688	0.46159	0.01260	0.01606	0.01554	0.01177	0.01616	0.01001	0.01394	0.00805	0.00511	0.00542	0.00170	0.00681	0.00485	0.00258	0.00754
12	0.00833	0.00610	0.00815	0.00908	0.01043	0.00592	0.00777	0.01067	0.01275	0.01648	0.08901	0.05849	0.15089	0.01457	0.00727	0.00234	0.00448	0.56720	0.00510	0.00496
13	0.84691	0.01054	0.00801	0.00717	0.01054	0.01223	0.00590	0.01603	0.00928	0.02446	0.00759	0.00886	0.00590	0.00506	0.00337	0.00169	0.00422	0.00295	0.00337	0.00590
14	0.00722	0.00527	0.00638	0.00672	0.00738	0.00509	0.00450	0.00813	0.00998	0.01309	0.05546	0.25589	0.18653	0.28494	0.11514	0.00400	0.00525	0.01064	0.00423	0.00417
15	0.01826	0.01358	0.01488	0.01125	0.01574	0.01403	0.00923	0.53358	0.02145	0.05063	0.01240	0.01276	0.00906	0.00587	0.00507	0.00141	0.00543	0.00447	0.00488	0.23601
16	0.00683	0.00504	0.00683	0.04969	0.00948	0.00485	0.00557	0.00794	0.01053	0.01395	0.02984	0.73629	0.06019	0.01634	0.00686	0.00218	0.00337	0.01479	0.00492	0.00452
17	0.01404	0.10616	0.19618	0.15679	0.23718	0.01340	0.03841	0.05601	0.01284	0.10169	0.01116	0.01326	0.00837	0.00530	0.00519	0.00164	0.00677	0.00457	0.00311	0.00793
18	0.01290	0.06258	0.33614	0.01767	0.02373	0.01390	0.30320	0.05589	0.01268	0.04260	0.01054	0.01294	0.00780	0.00533	0.00641	0.00178	0.05839	0.00504	0.00280	0.00770
19	0.01546	0.00889	0.00971	0.00811	0.01077	0.00924	0.00648	0.24238	0.02761	0.13168	0.01694	0.01786	0.01251	0.00648	0.00458	0.00145	0.00392	0.00510	0.45383	0.00701
