[name]
unknown

[dist]
# distance from previous block
# <min> <max>
0	2470

[block]
# block no. 0 follows, 45 sequences, length 21
# corresponding to MSA columns:
# 2538-2558
name=unknown_A
#
# <colnr> <probs for GDERKNQSTAVLIFYWHMCP>
#	G	D	E	R	K	N	Q	S	T	A	V	L	I	F	Y	W	H	M	C	P
0	0.01363	0.01288	0.01624	0.20019	0.06070	0.11149	0.09132	0.08318	0.05943	0.04064	0.01136	0.01436	0.00902	0.00554	0.00548	0.00151	0.02956	0.02324	0.00332	0.20689
1	0.01179	0.01044	0.01699	0.09967	0.41246	0.01049	0.04488	0.01504	0.04461	0.04791	0.01702	0.14683	0.06168	0.00753	0.00566	0.00172	0.00557	0.00702	0.00346	0.02922
2	0.00735	0.00547	0.00676	0.00644	0.00777	0.00496	0.00479	0.00953	0.01428	0.01961	0.59447	0.04229	0.19970	0.04439	0.00720	0.00186	0.00268	0.00997	0.00561	0.00488
3	0.00814	0.00576	0.00714	0.00732	0.00848	0.00548	0.00526	0.01079	0.07242	0.04842	0.26598	0.36011	0.12977	0.03077	0.00690	0.00200	0.00308	0.01172	0.00534	0.00510
4	0.00730	0.00540	0.00675	0.00655	0.00779	0.00492	0.00482	0.00941	0.01404	0.01929	0.56227	0.10300	0.17850	0.03756	0.00705	0.00186	0.00270	0.01038	0.00558	0.00486
5	0.00694	0.00533	0.00636	0.00638	0.00769	0.00474	0.00468	0.00876	0.01324	0.01754	0.37604	0.17599	0.32098	0.01296	0.00643	0.00182	0.00270	0.01127	0.00540	0.00474
6	0.01495	0.00789	0.00978	0.00830	0.01111	0.00740	0.00657	0.01905	0.13162	0.32842	0.22621	0.03017	0.15741	0.00911	0.00582	0.00172	0.00366	0.00768	0.00598	0.00715
7	0.84927	0.01038	0.00789	0.00706	0.01038	0.01204	0.00581	0.01578	0.00914	0.02408	0.00747	0.00872	0.00581	0.00498	0.00332	0.00166	0.00415	0.00291	0.00332	0.00581
8	0.01337	0.01057	0.01187	0.00946	0.01347	0.01013	0.00750	0.05725	0.31168	0.07340	0.01539	0.01523	0.01172	0.00559	0.00473	0.00130	0.00422	0.00456	0.00443	0.41413
9	0.01335	0.01153	0.01214	0.01092	0.01396	0.01335	0.00850	0.02852	0.76817	0.02245	0.02185	0.02003	0.01639	0.00728	0.00546	0.00182	0.00425	0.00607	0.00546	0.00850
10	0.46474	0.01053	0.01046	0.00856	0.01229	0.01118	0.00706	0.11067	0.01325	0.28489	0.01283	0.01250	0.00878	0.00573	0.00428	0.00165	0.00451	0.00400	0.00471	0.00736
11	0.01482	0.00727	0.00956	0.00802	0.01060	0.00653	0.00634	0.03595	0.01539	0.34211	0.40632	0.03070	0.06529	0.00915	0.00591	0.00168	0.00349	0.00784	0.00617	0.00686
12	0.84927	0.01038	0.00789	0.00706	0.01038	0.01204	0.00581	0.01578	0.00914	0.02408	0.00747	0.00872	0.00581	0.00498	0.00332	0.00166	0.00415	0.00291	0.00332	0.00581
13	0.01329	0.01275	0.02179	0.03295	0.77787	0.01275	0.01647	0.01647	0.01222	0.01754	0.01010	0.01329	0.00850	0.00478	0.00531	0.00159	0.00638	0.00478	0.00266	0.00850
14	0.01693	0.01331	0.01415	0.01165	0.01532	0.01502	0.00936	0.39954	0.39132	0.02822	0.01730	0.01641	0.01270	0.00686	0.00542	0.00171	0.00509	0.00544	0.00542	0.00882
15	0.01607	0.17345	0.02128	0.02102	0.35089	0.05370	0.04490	0.14412	0.01465	0.09347	0.01107	0.01264	0.00866	0.00524	0.00498	0.00151	0.00628	0.00447	0.00344	0.00818
16	0.00788	0.00522	0.00683	0.00727	0.00817	0.00478	0.00513	0.00937	0.01213	0.06154	0.24754	0.49297	0.08225	0.01432	0.00658	0.00198	0.00301	0.01283	0.00535	0.00486
17	0.02207	0.01236	0.01445	0.01108	0.01531	0.01268	0.00915	0.42745	0.02076	0.37267	0.01664	0.01533	0.01101	0.00653	0.00538	0.00163	0.00530	0.00509	0.00595	0.00913
18	0.01110	0.00651	0.00850	0.00833	0.03801	0.00589	0.00610	0.01307	0.01347	0.18697	0.25936	0.12115	0.21046	0.01249	0.04020	0.00210	0.00385	0.04109	0.00545	0.00587
19	0.01323	0.29916	0.18427	0.13788	0.11730	0.04461	0.01328	0.07497	0.01242	0.01610	0.00975	0.03650	0.00821	0.00542	0.00465	0.00150	0.00659	0.00422	0.00270	0.00724
20	0.00654	0.00483	0.00612	0.00711	0.00770	0.00441	0.00483	0.00759	0.01075	0.01407	0.05544	0.65705	0.16174	0.01610	0.00675	0.00210	0.00303	0.01443	0.00501	0.00441

[dist]
# distance from previous block
# <min> <max>
3	30

[block]
# block no. 1 follows, 45 sequences, length 28
# corresponding to MSA columns:
# 2593-2606,2608-2621
name=unknown_B
#
# <colnr> <probs for GDERKNQSTAVLIFYWHMCP>
#	G	D	E	R	K	N	Q	S	T	A	V	L	I	F	Y	W	H	M	C	P
0	0.19892	0.11820	0.01560	0.18968	0.04477	0.14325	0.02985	0.07633	0.01251	0.01796	0.01019	0.01219	0.02867	0.00537	0.00451	0.00151	0.00626	0.00399	0.00304	0.07720
1	0.70237	0.01068	0.00916	0.04200	0.01223	0.01222	0.00668	0.07903	0.01087	0.06160	0.00869	0.00978	0.00652	0.00520	0.00369	0.00166	0.00445	0.00327	0.00362	0.00626
2	0.00996	0.02066	0.51686	0.01327	0.01870	0.01100	0.01555	0.01454	0.01110	0.01615	0.03320	0.10689	0.05266	0.00798	0.00676	0.00187	0.08556	0.04742	0.00296	0.00691
3	0.00652	0.00542	0.00569	0.00568	0.00737	0.00460	0.00424	0.00802	0.01256	0.01540	0.14850	0.07408	0.65677	0.01335	0.00636	0.00181	0.00271	0.01124	0.00511	0.00460
4	0.00714	0.00547	0.00654	0.00627	0.00774	0.00487	0.00470	0.00924	0.01411	0.01895	0.51092	0.04433	0.31636	0.01193	0.00634	0.00173	0.00260	0.01030	0.00557	0.00487
5	0.01957	0.01897	0.01521	0.01263	0.01616	0.33907	0.00997	0.41452	0.02041	0.02424	0.01300	0.01345	0.04580	0.00641	0.00520	0.00153	0.00733	0.00458	0.00426	0.00769
6	0.02130	0.01099	0.01334	0.01034	0.01429	0.01086	0.00850	0.29463	0.01898	0.44065	0.08353	0.01818	0.01500	0.00695	0.00547	0.00164	0.00488	0.00556	0.00611	0.00878
7	0.01435	0.81458	0.02813	0.00918	0.01378	0.02124	0.00918	0.01607	0.01091	0.01263	0.00746	0.00861	0.00689	0.00459	0.00344	0.00115	0.00574	0.00287	0.00230	0.00689
8	0.02182	0.01276	0.01470	0.01127	0.01551	0.01327	0.00931	0.47713	0.02143	0.32205	0.01608	0.01496	0.01073	0.00652	0.00538	0.00163	0.00539	0.00505	0.00586	0.00913
9	0.00802	0.00576	0.00777	0.00801	0.00926	0.00551	0.00650	0.01053	0.01406	0.01934	0.47631	0.04828	0.04274	0.01252	0.00676	0.00200	0.00350	0.30259	0.00552	0.00502
10	0.01267	0.01448	0.03167	0.02262	0.02805	0.01357	0.75837	0.01719	0.01267	0.01719	0.01086	0.01448	0.00814	0.00452	0.00633	0.00181	0.00905	0.00633	0.00271	0.00724
11	0.01114	0.00641	0.00856	0.00852	0.01031	0.00595	0.00696	0.01326	0.01326	0.17308	0.17029	0.12978	0.10552	0.01253	0.00663	0.00206	0.00399	0.30053	0.00548	0.00572
12	0.00767	0.00575	0.00863	0.00863	0.00959	0.00671	0.00671	0.00959	0.00863	0.01246	0.01438	0.02109	0.01342	0.04026	0.79008	0.00863	0.01438	0.00575	0.00288	0.00479
13	0.01077	0.01171	0.08192	0.58264	0.10233	0.01220	0.04942	0.01522	0.05277	0.01499	0.01034	0.01429	0.00780	0.00536	0.00539	0.00177	0.00708	0.00485	0.00259	0.00656
14	0.62395	0.03752	0.04165	0.00962	0.04559	0.01307	0.00781	0.04053	0.00985	0.02214	0.00781	0.00952	0.00627	0.00554	0.00526	0.00172	0.09951	0.00331	0.00317	0.00617
15	0.00693	0.00497	0.00661	0.00742	0.00803	0.00464	0.00521	0.00837	0.01167	0.01587	0.22341	0.56695	0.03919	0.01519	0.00675	0.00207	0.00306	0.05387	0.00522	0.00458
16	0.01445	0.52534	0.02719	0.01273	0.01736	0.05366	0.18337	0.04996	0.04260	0.01505	0.00911	0.01067	0.00766	0.00481	0.00435	0.00136	0.00663	0.00392	0.00268	0.00710
17	0.00676	0.00545	0.00601	0.00587	0.00750	0.00471	0.00440	0.00851	0.01321	0.01682	0.29270	0.04784	0.53592	0.01273	0.00634	0.00177	0.00266	0.01079	0.00529	0.00471
18	0.50451	0.00986	0.00980	0.00810	0.01177	0.01031	0.00668	0.02012	0.01174	0.34056	0.01320	0.01271	0.00894	0.00568	0.00419	0.00166	0.00433	0.00395	0.00471	0.00720
19	0.01883	0.01163	0.01328	0.01083	0.01457	0.01235	0.00873	0.21813	0.31913	0.28320	0.01929	0.01757	0.01344	0.00685	0.00542	0.00171	0.00479	0.00552	0.00584	0.00888
20	0.02174	0.01871	0.01406	0.01204	0.01539	0.46313	0.00933	0.02341	0.01528	0.33419	0.01368	0.01327	0.00958	0.00600	0.00507	0.00150	0.00754	0.00427	0.00439	0.00744
21	0.01329	0.01275	0.02179	0.03295	0.77787	0.01275	0.01647	0.01647	0.01222	0.01754	0.01010	0.01329	0.00850	0.00478	0.00531	0.00159	0.00638	0.00478	0.00266	0.00850
22	0.01077	0.00814	0.00956	0.00741	0.01107	0.00641	0.00585	0.01294	0.01222	0.08145	0.11501	0.02383	0.17469	0.00709	0.00488	0.00119	0.00358	0.00589	0.00419	0.49383
23	0.01580	0.07796	0.01474	0.01132	0.01485	0.04426	0.00913	0.24646	0.45596	0.02472	0.01749	0.01658	0.01309	0.00675	0.00525	0.00169	0.00507	0.00534	0.00508	0.00847
24	0.01217	0.01590	0.28428	0.05097	0.07074	0.01009	0.05953	0.01666	0.04952	0.10403	0.04373	0.04780	0.04952	0.00652	0.00532	0.00161	0.00596	0.02579	0.00357	0.13629
25	0.01463	0.05367	0.31393	0.01447	0.04082	0.01234	0.11485	0.09684	0.05098	0.15629	0.05489	0.01512	0.01134	0.00591	0.00558	0.00169	0.01983	0.00504	0.00381	0.00799
26	0.01200	0.11525	0.62636	0.01412	0.02129	0.01324	0.01754	0.01783	0.04005	0.05887	0.01048	0.01174	0.00753	0.00521	0.00494	0.00164	0.00736	0.00400	0.00263	0.00790
27	0.01037	0.00876	0.01425	0.26238	0.19061	0.00938	0.03303	0.01311	0.01154	0.04001	0.01788	0.17193	0.01808	0.00943	0.00610	0.00196	0.00572	0.16569	0.00363	0.00615

[dist]
# distance from previous block
# <min> <max>
0	3

[block]
# block no. 2 follows, 45 sequences, length 13
# corresponding to MSA columns:
# 2625-2637
name=unknown_C
#
# <colnr> <probs for GDERKNQSTAVLIFYWHMCP>
#	G	D	E	R	K	N	Q	S	T	A	V	L	I	F	Y	W	H	M	C	P
0	0.37400	0.01412	0.13042	0.12371	0.01796	0.07574	0.05306	0.01703	0.01108	0.09743	0.01043	0.03518	0.00803	0.00560	0.00450	0.00169	0.00591	0.00420	0.00333	0.00657
1	0.00915	0.00745	0.00834	0.00777	0.00976	0.00763	0.00593	0.01551	0.26073	0.01997	0.33821	0.03659	0.23104	0.01046	0.00605	0.00176	0.00314	0.00895	0.00552	0.00605
2	0.01167	0.00968	0.01213	0.07791	0.05139	0.00787	0.00765	0.01418	0.01132	0.04799	0.01004	0.01180	0.00812	0.00424	0.00422	0.00095	0.00439	0.00348	0.00323	0.69774
3	0.01179	0.01189	0.01725	0.01454	0.01483	0.01629	0.05114	0.01314	0.00846	0.01314	0.00725	0.01189	0.00710	0.00914	0.01702	0.00232	0.75971	0.00478	0.00237	0.00594
4	0.01093	0.01148	0.05554	0.01423	0.06585	0.01387	0.01137	0.01255	0.00922	0.01373	0.01279	0.08500	0.05289	0.00994	0.01416	0.00222	0.56083	0.03463	0.00284	0.00592
5	0.00654	0.00467	0.00623	0.00747	0.00779	0.00436	0.00498	0.00747	0.01028	0.01370	0.02959	0.80785	0.03550	0.01682	0.00685	0.00218	0.00311	0.01526	0.00498	0.00436
6	0.00704	0.00527	0.00626	0.00648	0.00749	0.00480	0.00458	0.00844	0.01186	0.01558	0.23266	0.21618	0.26681	0.14319	0.00990	0.00244	0.00324	0.03838	0.00495	0.00444
7	0.11744	0.47889	0.02205	0.00993	0.01422	0.04797	0.00909	0.21005	0.01459	0.01956	0.00891	0.00978	0.00734	0.00516	0.00398	0.00134	0.00574	0.00341	0.00324	0.00732
8	0.00838	0.00549	0.00676	0.00655	0.00783	0.00509	0.00486	0.01049	0.01343	0.04660	0.44094	0.09051	0.11735	0.06164	0.00732	0.00192	0.00290	0.03077	0.12618	0.00498
9	0.09982	0.00664	0.00806	0.00768	0.00961	0.00632	0.00608	0.01296	0.01326	0.14331	0.28363	0.11151	0.12467	0.01116	0.00609	0.00188	0.00352	0.13277	0.00539	0.00565
10	0.01372	0.57291	0.13961	0.00997	0.01507	0.01779	0.01041	0.01622	0.01114	0.03796	0.00847	0.00963	0.00720	0.00466	0.00382	0.00120	0.00582	0.00315	0.00254	0.10870
11	0.01338	0.00972	0.01245	0.00965	0.01330	0.00883	0.03652	0.07162	0.01252	0.13453	0.01381	0.10921	0.01212	0.00669	0.00610	0.00135	0.08369	0.00538	0.00399	0.43515
12	0.01429	0.14267	0.01547	0.03453	0.03370	0.01325	0.00900	0.19887	0.07214	0.07104	0.12317	0.04277	0.01671	0.00796	0.00715	0.02371	0.10154	0.02897	0.00432	0.03872

[dist]
# distance from previous block
# <min> <max>
0	12

[block]
# block no. 3 follows, 45 sequences, length 18
# corresponding to MSA columns:
# 2650-2667
name=unknown_D
#
# <colnr> <probs for GDERKNQSTAVLIFYWHMCP>
#	G	D	E	R	K	N	Q	S	T	A	V	L	I	F	Y	W	H	M	C	P
0	0.07437	0.22703	0.32321	0.01189	0.01748	0.01497	0.01307	0.13905	0.03596	0.04855	0.01055	0.01154	0.00793	0.00535	0.00456	0.00152	0.00631	0.00390	0.03511	0.00766
1	0.01498	0.06759	0.07275	0.16040	0.04380	0.07756	0.06750	0.14928	0.09164	0.08345	0.01243	0.01380	0.00925	0.00561	0.00509	0.00155	0.00629	0.00464	0.02398	0.08841
2	0.00973	0.00619	0.00753	0.00722	0.00845	0.00657	0.00542	0.08263	0.01125	0.01692	0.03238	0.06248	0.04486	0.07115	0.24244	0.08524	0.00681	0.00623	0.28157	0.00492
3	0.01617	0.20396	0.01717	0.01143	0.01492	0.21180	0.00935	0.11600	0.30659	0.01923	0.01392	0.01383	0.01085	0.00610	0.00482	0.00153	0.00618	0.00450	0.00403	0.00762
4	0.01622	0.00764	0.01010	0.00838	0.01119	0.00692	0.00667	0.01917	0.05405	0.40534	0.35561	0.02804	0.03002	0.00860	0.00582	0.00168	0.00365	0.00734	0.00626	0.00730
5	0.17619	0.00871	0.00992	0.02546	0.03593	0.03841	0.00694	0.01714	0.01282	0.29603	0.10297	0.16611	0.06375	0.00895	0.00540	0.00176	0.00420	0.00745	0.00515	0.00670
6	0.03516	0.22556	0.29328	0.05585	0.02013	0.01509	0.09410	0.08888	0.01275	0.06499	0.01008	0.01166	0.00760	0.00531	0.00531	0.00159	0.03804	0.00416	0.00293	0.00754
7	0.00843	0.00507	0.00684	0.00684	0.00702	0.00524	0.00448	0.00778	0.00760	0.01031	0.01319	0.02451	0.01403	0.33143	0.16237	0.36620	0.00663	0.00608	0.00279	0.00313
8	0.01133	0.00997	0.01594	0.17391	0.31606	0.01061	0.03451	0.03124	0.05088	0.01712	0.04741	0.02072	0.01348	0.00981	0.08143	0.00239	0.00667	0.07393	0.06570	0.00687
9	0.01325	0.03864	0.08752	0.40793	0.02743	0.07190	0.06212	0.03656	0.07573	0.09586	0.01194	0.01446	0.00873	0.00561	0.00529	0.00171	0.00688	0.00482	0.01674	0.00689
10	0.01305	0.20065	0.05170	0.04020	0.04824	0.06013	0.05048	0.05238	0.01246	0.10521	0.01758	0.25787	0.01772	0.00924	0.00547	0.00173	0.00538	0.04007	0.00397	0.00647
11	0.02225	0.00954	0.01240	0.00979	0.01375	0.00882	0.00799	0.02656	0.14395	0.65192	0.02129	0.01857	0.01382	0.00675	0.00541	0.00169	0.00451	0.00551	0.00644	0.00903
12	0.00940	0.00680	0.04237	0.03667	0.01079	0.00580	0.00692	0.01122	0.01183	0.10722	0.08307	0.40136	0.09087	0.01363	0.00656	0.00207	0.00389	0.13920	0.00503	0.00532
13	0.01451	0.03467	0.12095	0.11149	0.08067	0.08279	0.09222	0.04101	0.06494	0.15395	0.01359	0.03264	0.01056	0.03131	0.06965	0.00235	0.02653	0.00526	0.00365	0.00726
14	0.01422	0.00818	0.01000	0.00912	0.02860	0.00817	0.00689	0.01980	0.21312	0.24295	0.16827	0.10001	0.03590	0.00866	0.00556	0.00171	0.00372	0.00740	0.10055	0.00716
15	0.00666	0.00537	0.00595	0.00609	0.00759	0.00466	0.00453	0.00819	0.01245	0.01559	0.16677	0.15213	0.53061	0.01365	0.00645	0.00187	0.00283	0.03887	0.00513	0.00461
16	0.06687	0.26120	0.11319	0.07176	0.05700	0.06929	0.09822	0.03994	0.01200	0.08170	0.00978	0.01158	0.00769	0.00544	0.00571	0.00157	0.07288	0.00411	0.00294	0.00713
17	0.01374	0.49197	0.04085	0.06287	0.08118	0.03644	0.06258	0.03760	0.06690	0.01489	0.01015	0.04066	0.00895	0.00539	0.00433	0.00139	0.00606	0.00418	0.00279	0.00708

[dist]
# distance from previous block
# <min> <max>
0	53

[block]
# block no. 4 follows, 45 sequences, length 22
# corresponding to MSA columns:
# 2723-2744
name=unknown_E
#
# <colnr> <probs for GDERKNQSTAVLIFYWHMCP>
#	G	D	E	R	K	N	Q	S	T	A	V	L	I	F	Y	W	H	M	C	P
0	0.46677	0.01278	0.02759	0.01104	0.04714	0.06757	0.05810	0.11294	0.01225	0.03716	0.00897	0.01044	0.00694	0.00539	0.00488	0.00163	0.04904	0.00369	0.00346	0.05220
1	0.10862	0.01208	0.06674	0.03209	0.36715	0.02319	0.01209	0.05559	0.01259	0.01871	0.04248	0.02055	0.10256	0.00671	0.00526	0.00164	0.00547	0.04581	0.00340	0.05728
2	0.00982	0.05177	0.00973	0.06084	0.01145	0.05378	0.00670	0.01254	0.05458	0.05794	0.31943	0.22983	0.04981	0.01119	0.00610	0.00181	0.00389	0.03827	0.00501	0.00550
3	0.01052	0.00890	0.01034	0.00782	0.01187	0.00710	0.00618	0.01362	0.05695	0.01807	0.10490	0.01784	0.06484	0.00565	0.00450	0.00103	0.00374	0.00468	0.00376	0.63769
4	0.00713	0.00542	0.00656	0.00638	0.00776	0.00485	0.00474	0.00918	0.01392	0.01875	0.49452	0.09507	0.28177	0.01220	0.00637	0.00176	0.00263	0.01060	0.00555	0.00485
5	0.00714	0.00547	0.00654	0.00627	0.00774	0.00487	0.00470	0.00924	0.01411	0.01894	0.50973	0.04435	0.31757	0.01194	0.00634	0.00173	0.00260	0.01030	0.00557	0.00487
6	0.00798	0.00541	0.00683	0.00648	0.00774	0.00506	0.00486	0.01051	0.01457	0.02129	0.65487	0.03691	0.04480	0.01023	0.00592	0.00162	0.00253	0.00896	0.13840	0.00506
7	0.84927	0.01038	0.00789	0.00706	0.01038	0.01204	0.00581	0.01578	0.00914	0.02408	0.00747	0.00872	0.00581	0.00498	0.00332	0.00166	0.00415	0.00291	0.00332	0.00581
8	0.84927	0.01038	0.00789	0.00706	0.01038	0.01204	0.00581	0.01578	0.00914	0.02408	0.00747	0.00872	0.00581	0.00498	0.00332	0.00166	0.00415	0.00291	0.00332	0.00581
9	0.01462	0.01216	0.01285	0.01118	0.01444	0.01394	0.00880	0.15981	0.63483	0.02450	0.02024	0.01875	0.01508	0.00713	0.00545	0.00178	0.00455	0.00585	0.00545	0.00861
10	0.04268	0.00797	0.00987	0.01010	0.01196	0.00838	0.00858	0.12744	0.06304	0.01940	0.02487	0.08708	0.02589	0.01278	0.00679	0.00225	0.00492	0.51521	0.00498	0.00582
11	0.00813	0.00592	0.00851	0.00924	0.01031	0.00630	0.00765	0.01029	0.01070	0.01445	0.02267	0.08378	0.02391	0.02546	0.33131	0.00500	0.00875	0.39867	0.00409	0.00485
12	0.00778	0.00568	0.00852	0.00852	0.00942	0.00658	0.00658	0.00942	0.00852	0.01226	0.01405	0.02078	0.01315	0.03886	0.74028	0.06270	0.01375	0.00568	0.00284	0.00463
13	0.01086	0.00778	0.00881	0.00824	0.01037	0.00800	0.00629	0.01727	0.27383	0.08896	0.14804	0.13456	0.17566	0.01041	0.00589	0.00181	0.00347	0.02198	0.05135	0.00642
14	0.01278	0.15933	0.02981	0.08089	0.02616	0.01484	0.56420	0.01672	0.01220	0.01609	0.01014	0.01340	0.00784	0.00460	0.00573	0.00169	0.00830	0.00558	0.00261	0.00708
15	0.01419	0.00901	0.01042	0.00906	0.01074	0.04869	0.00677	0.22042	0.01322	0.07974	0.01124	0.01517	0.00947	0.01357	0.01449	0.49525	0.00526	0.00471	0.00356	0.00500
16	0.00665	0.00493	0.00612	0.00689	0.00759	0.00450	0.00470	0.00776	0.01097	0.01434	0.09526	0.54075	0.19581	0.05771	0.00778	0.00222	0.00309	0.01356	0.00497	0.00440
17	0.00728	0.00533	0.00688	0.00741	0.00821	0.00510	0.00520	0.00956	0.05360	0.01692	0.28985	0.49611	0.03975	0.01425	0.00659	0.00199	0.00297	0.01281	0.00533	0.00483
18	0.01174	0.01068	0.01464	0.13435	0.06769	0.09951	0.08726	0.01247	0.00968	0.01247	0.00903	0.01401	0.00812	0.01099	0.01353	0.31825	0.15349	0.00473	0.00245	0.00491
19	0.50347	0.01252	0.04173	0.01470	0.21558	0.05726	0.00948	0.01622	0.01050	0.02110	0.00841	0.01021	0.00674	0.00491	0.00404	0.00158	0.00520	0.00349	0.00307	0.04978
20	0.05057	0.01022	0.01274	0.16249	0.01785	0.01112	0.00956	0.20376	0.10507	0.14608	0.06643	0.06403	0.01672	0.00811	0.00567	0.00181	0.00518	0.09039	0.00489	0.00731
21	0.01112	0.01056	0.01696	0.01243	0.01694	0.00885	0.23858	0.01402	0.01152	0.01700	0.01205	0.09572	0.01090	0.00549	0.00501	0.00125	0.00545	0.00542	0.00323	0.49749

[dist]
# distance from previous block
# <min> <max>
0	3

[block]
# block no. 5 follows, 45 sequences, length 7
# corresponding to MSA columns:
# 2748-2754
name=unknown_F
#
# <colnr> <probs for GDERKNQSTAVLIFYWHMCP>
#	G	D	E	R	K	N	Q	S	T	A	V	L	I	F	Y	W	H	M	C	P
0	0.05021	0.50749	0.16064	0.01084	0.01580	0.08232	0.01113	0.07871	0.01246	0.01571	0.00837	0.00955	0.00702	0.00493	0.00401	0.00133	0.00641	0.00328	0.00263	0.00716
1	0.01493	0.01134	0.16145	0.00957	0.01332	0.00767	0.00911	0.01801	0.01451	0.33028	0.31794	0.02557	0.02684	0.00806	0.00571	0.00168	0.00442	0.00683	0.00549	0.00729
2	0.01256	0.02947	0.01109	0.00843	0.01225	0.00815	0.00679	0.05001	0.07542	0.09494	0.01574	0.05228	0.03564	0.00631	0.00469	0.00124	0.00408	0.05019	0.05568	0.46505
3	0.17833	0.07601	0.01251	0.10267	0.10143	0.01018	0.00842	0.03063	0.03357	0.07128	0.16868	0.07400	0.05781	0.00759	0.00508	0.00164	0.00448	0.00630	0.00410	0.04531
4	0.04137	0.00995	0.01416	0.03724	0.15346	0.00948	0.05514	0.06975	0.03985	0.19202	0.08814	0.01735	0.01409	0.00667	0.00594	0.04450	0.00493	0.00523	0.04693	0.14379
5	0.10999	0.04244	0.09792	0.01177	0.03123	0.13032	0.01004	0.18398	0.17391	0.06647	0.03728	0.01443	0.01121	0.00693	0.02295	0.00176	0.00611	0.00467	0.00424	0.03236
6	0.09684	0.09908	0.05297	0.03097	0.03087	0.07679	0.00908	0.12125	0.13790	0.11629	0.01350	0.03431	0.01042	0.00593	0.00474	0.00148	0.00535	0.00456	0.00415	0.14353

[dist]
# distance from previous block
# <min> <max>
21	62

[block]
# block no. 6 follows, 45 sequences, length 30
# corresponding to MSA columns:
# 2827-2856
name=unknown_G
#
# <colnr> <probs for GDERKNQSTAVLIFYWHMCP>
#	G	D	E	R	K	N	Q	S	T	A	V	L	I	F	Y	W	H	M	C	P
0	0.01476	0.01125	0.04029	0.08842	0.10706	0.03372	0.00958	0.06863	0.03850	0.17370	0.04378	0.01471	0.01105	0.00540	0.00487	0.00134	0.00509	0.00449	0.00404	0.31934
1	0.05514	0.11439	0.11581	0.04090	0.03795	0.01077	0.05526	0.01691	0.03932	0.17681	0.22774	0.02108	0.02095	0.00721	0.00578	0.00165	0.03496	0.00599	0.00442	0.00698
2	0.01091	0.00911	0.01482	0.34391	0.13501	0.00994	0.04051	0.01401	0.01177	0.05172	0.01623	0.02896	0.01526	0.00828	0.00600	0.00194	0.00619	0.23926	0.00348	0.03268
3	0.06617	0.00818	0.01048	0.00855	0.01166	0.00746	0.00682	0.04220	0.01460	0.47402	0.17016	0.05456	0.04417	0.04807	0.00664	0.00187	0.00410	0.00677	0.00599	0.00752
4	0.07693	0.04601	0.12778	0.04988	0.01789	0.11068	0.08531	0.13384	0.06041	0.17051	0.01401	0.05926	0.01077	0.00640	0.00523	0.00166	0.00639	0.00525	0.00415	0.00761
5	0.07699	0.01051	0.01585	0.26462	0.21187	0.01136	0.04151	0.05138	0.06380	0.09813	0.01478	0.06156	0.04176	0.00647	0.00537	0.00174	0.00586	0.00572	0.00359	0.00714
6	0.00688	0.00483	0.00645	0.00731	0.00779	0.00451	0.00498	0.00797	0.01107	0.01501	0.17313	0.62067	0.03717	0.01577	0.00743	0.04284	0.00308	0.01367	0.00503	0.00440
7	0.01360	0.01086	0.01339	0.01131	0.01297	0.01330	0.00921	0.15197	0.10118	0.05040	0.01249	0.01524	0.01027	0.03316	0.01112	0.00199	0.35260	0.00501	0.13804	0.03188
8	0.15030	0.01076	0.02481	0.06259	0.08234	0.03222	0.03062	0.11425	0.03673	0.09241	0.14082	0.01915	0.03281	0.00667	0.00507	0.00156	0.00487	0.02103	0.00428	0.12672
9	0.10493	0.01940	0.01571	0.17231	0.07590	0.46570	0.03938	0.01877	0.01336	0.01488	0.00869	0.01095	0.00701	0.00535	0.00488	0.00153	0.00833	0.00387	0.00274	0.00633
10	0.01565	0.59801	0.02517	0.01077	0.01495	0.20440	0.03593	0.01739	0.01200	0.01291	0.00778	0.00907	0.00694	0.00481	0.00388	0.00123	0.00680	0.00313	0.00242	0.00674
11	0.00915	0.00586	0.00767	0.00749	0.00828	0.00598	0.00530	0.01092	0.11690	0.01480	0.21410	0.09397	0.02379	0.03813	0.01387	0.40452	0.00392	0.00722	0.00397	0.00413
12	0.00866	0.00728	0.01164	0.32742	0.02064	0.00882	0.01002	0.01125	0.00948	0.01297	0.01243	0.01835	0.01089	0.02618	0.47335	0.00587	0.01146	0.00536	0.00268	0.00527
13	0.01076	0.01018	0.01723	0.64595	0.18457	0.01209	0.01522	0.01426	0.01103	0.01448	0.00965	0.01411	0.00742	0.00525	0.00536	0.00175	0.00700	0.00477	0.00244	0.00647
14	0.00688	0.00500	0.00650	0.00710	0.00783	0.00461	0.00495	0.00839	0.01207	0.01640	0.28272	0.49873	0.08966	0.01463	0.00664	0.00199	0.00289	0.01313	0.00530	0.00461
15	0.01289	0.01280	0.05481	0.33919	0.09629	0.01300	0.24104	0.10858	0.01342	0.03969	0.01075	0.01408	0.00798	0.00522	0.00565	0.00175	0.00747	0.00524	0.00300	0.00715
16	0.01070	0.00996	0.01659	0.73685	0.03573	0.01220	0.03796	0.04925	0.01148	0.01478	0.00974	0.01425	0.00728	0.00539	0.00540	0.00178	0.00716	0.00482	0.00254	0.00615
17	0.03521	0.01061	0.01210	0.00998	0.01331	0.01103	0.00800	0.26756	0.13272	0.22575	0.02242	0.09025	0.09801	0.00921	0.02678	0.00192	0.00489	0.00679	0.00553	0.00792
18	0.00679	0.00494	0.00650	0.00739	0.00799	0.00465	0.00515	0.00805	0.01098	0.01469	0.11808	0.58915	0.09199	0.01717	0.05184	0.00248	0.00373	0.03897	0.00497	0.00450
19	0.01118	0.06104	0.54348	0.04074	0.02366	0.01287	0.16671	0.01661	0.01146	0.01656	0.00995	0.01230	0.00734	0.00631	0.03513	0.00196	0.00827	0.00448	0.00238	0.00756
20	0.00714	0.00547	0.00654	0.00627	0.00774	0.00487	0.00470	0.00924	0.01411	0.01895	0.51074	0.04434	0.31655	0.01194	0.00634	0.00173	0.00260	0.01030	0.00557	0.00487
21	0.03731	0.01113	0.12879	0.01033	0.04373	0.00862	0.00866	0.05408	0.04090	0.26493	0.01680	0.03885	0.01414	0.24661	0.04908	0.00306	0.00582	0.00603	0.00439	0.00676
22	0.00810	0.04148	0.07849	0.02676	0.03977	0.00707	0.00754	0.01011	0.01050	0.01455	0.11513	0.29340	0.02490	0.06608	0.22670	0.00398	0.00707	0.00931	0.00391	0.00513
23	0.01350	0.15698	0.02113	0.05143	0.01912	0.01456	0.23537	0.08573	0.23573	0.01925	0.01434	0.01647	0.01128	0.00602	0.00553	0.00168	0.01910	0.02741	0.03791	0.00747
24	0.03615	0.04018	0.01312	0.09429	0.01568	0.01118	0.05159	0.01987	0.31395	0.07691	0.14021	0.02397	0.06446	0.00798	0.00621	0.00180	0.04426	0.02638	0.00476	0.00706
25	0.37453	0.01138	0.05721	0.05638	0.03822	0.01122	0.10280	0.07068	0.01213	0.07498	0.07826	0.06553	0.01294	0.00646	0.00477	0.00172	0.00518	0.00528	0.00383	0.00652
26	0.01261	0.03887	0.19374	0.05437	0.14200	0.05534	0.03688	0.03950	0.04648	0.08300	0.15506	0.02004	0.05401	0.00678	0.00542	0.00162	0.00579	0.00579	0.00383	0.03886
27	0.16415	0.03720	0.10447	0.08745	0.10628	0.01160	0.08258	0.04428	0.06594	0.01908	0.01032	0.01222	0.00806	0.00491	0.00464	0.00146	0.00568	0.00412	0.00314	0.22244
28	0.09028	0.04715	0.11932	0.01511	0.09902	0.05832	0.05054	0.04437	0.01141	0.10233	0.01057	0.03739	0.00878	0.00706	0.00923	0.00187	0.27227	0.00480	0.00318	0.00700
29	0.14377	0.09486	0.01637	0.07353	0.03854	0.01475	0.05558	0.33651	0.07563	0.02501	0.01290	0.01372	0.03250	0.00598	0.00490	0.00159	0.00563	0.00466	0.00418	0.03939

[dist]
# distance from previous block
# <min> <max>
6	62

[block]
# block no. 7 follows, 45 sequences, length 13
# corresponding to MSA columns:
# 2919-2931
name=unknown_H
#
# <colnr> <probs for GDERKNQSTAVLIFYWHMCP>
#	G	D	E	R	K	N	Q	S	T	A	V	L	I	F	Y	W	H	M	C	P
0	0.04599	0.09408	0.29931	0.01474	0.08252	0.01342	0.05795	0.12316	0.09314	0.07419	0.01278	0.04326	0.00988	0.00596	0.00513	0.00166	0.00642	0.00491	0.00356	0.00794
1	0.04468	0.01101	0.05737	0.12497	0.15797	0.01060	0.07331	0.06080	0.08626	0.10413	0.01641	0.14074	0.01473	0.02578	0.02100	0.00201	0.00584	0.03135	0.00397	0.00707
2	0.10382	0.04086	0.07654	0.07772	0.06603	0.02407	0.04047	0.01415	0.01102	0.11040	0.01704	0.15742	0.03788	0.01493	0.16496	0.00318	0.00716	0.02244	0.00373	0.00618
3	0.00828	0.00605	0.00757	0.00708	0.00812	0.00599	0.00485	0.00926	0.00859	0.01217	0.01495	0.02687	0.01575	0.43707	0.27040	0.00563	0.00798	0.00643	0.00312	0.13383
4	0.01337	0.61113	0.07712	0.07611	0.01604	0.04188	0.01014	0.01549	0.01101	0.01311	0.00939	0.06623	0.00894	0.00559	0.00400	0.00132	0.00594	0.00401	0.00251	0.00668
5	0.04819	0.00772	0.00975	0.00823	0.01083	0.00726	0.00642	0.01853	0.07774	0.34552	0.28583	0.02736	0.02702	0.08606	0.00777	0.00203	0.00387	0.00711	0.00583	0.00695
6	0.01170	0.00809	0.01159	0.37382	0.02187	0.00915	0.00975	0.05850	0.01247	0.08217	0.06780	0.01823	0.01301	0.00622	0.00492	0.00159	0.00504	0.00525	0.27279	0.00605
7	0.01442	0.00727	0.00889	0.00768	0.01021	0.00683	0.00612	0.01784	0.07643	0.26500	0.13702	0.02449	0.02026	0.00758	0.00505	0.00155	0.00354	0.04955	0.27752	0.05276
8	0.00868	0.00536	0.00652	0.00664	0.00710	0.00516	0.00418	0.00921	0.00940	0.07071	0.05257	0.25441	0.02490	0.48983	0.01893	0.00392	0.00445	0.00983	0.00412	0.00409
9	0.00858	0.00500	0.00656	0.00664	0.00671	0.00500	0.00425	0.00762	0.00769	0.01023	0.01398	0.02767	0.01533	0.38595	0.02311	0.40497	0.00493	0.04995	0.00291	0.00291
10	0.00693	0.00510	0.00648	0.00689	0.00780	0.00466	0.00488	0.00855	0.01250	0.01689	0.32588	0.39524	0.15030	0.01405	0.00657	0.00193	0.00283	0.01250	0.00535	0.00466
11	0.01351	0.16194	0.01515	0.07627	0.01430	0.03150	0.02137	0.01662	0.07436	0.11740	0.01467	0.01629	0.04218	0.00696	0.00744	0.00166	0.18124	0.00490	0.17571	0.00652
12	0.01358	0.00936	0.07372	0.00787	0.01151	0.00700	0.00690	0.01626	0.01213	0.18805	0.01497	0.01590	0.01111	0.00547	0.00431	0.00123	0.00391	0.00439	0.30228	0.29008

[dist]
# distance from previous block
# <min> <max>
1	2

[block]
# block no. 8 follows, 45 sequences, length 36
# corresponding to MSA columns:
# 2934-2947,2954-2960,2981-2995
name=unknown_I
#
# <colnr> <probs for GDERKNQSTAVLIFYWHMCP>
#	G	D	E	R	K	N	Q	S	T	A	V	L	I	F	Y	W	H	M	C	P
0	0.01132	0.01076	0.01796	0.49189	0.25776	0.01244	0.02894	0.01517	0.04125	0.01525	0.01013	0.01413	0.00794	0.00541	0.00585	0.00175	0.03776	0.00485	0.00259	0.00685
1	0.01239	0.04387	0.07781	0.05060	0.03961	0.05748	0.02105	0.06012	0.07126	0.04561	0.01578	0.02479	0.01445	0.00754	0.00537	0.00160	0.00544	0.19061	0.00386	0.25077
2	0.03406	0.02936	0.06683	0.01013	0.02819	0.04750	0.03688	0.05334	0.12380	0.09091	0.35389	0.02781	0.04068	0.00857	0.00577	0.00170	0.00439	0.02448	0.00509	0.00661
3	0.00829	0.00704	0.00965	0.00969	0.00990	0.00841	0.00725	0.00930	0.00959	0.01344	0.02203	0.54082	0.02596	0.01433	0.01046	0.00224	0.27092	0.01172	0.00410	0.00487
4	0.01413	0.06096	0.05934	0.02394	0.01300	0.05772	0.00822	0.13524	0.12117	0.11205	0.01598	0.04973	0.01358	0.13804	0.07388	0.00277	0.01894	0.00579	0.06877	0.00674
5	0.01344	0.08542	0.22470	0.17645	0.02223	0.01303	0.07265	0.03567	0.01187	0.13228	0.03084	0.01387	0.00921	0.00614	0.00710	0.00177	0.12821	0.00473	0.00318	0.00720
6	0.02923	0.00918	0.04027	0.43254	0.02488	0.00993	0.01127	0.01437	0.07837	0.05160	0.09389	0.11291	0.05400	0.00791	0.00564	0.00182	0.00557	0.00691	0.00367	0.00605
7	0.00671	0.00501	0.00624	0.00687	0.00771	0.00454	0.00480	0.00807	0.01172	0.01547	0.18685	0.48227	0.20432	0.01491	0.00663	0.00200	0.00291	0.01325	0.00517	0.00454
8	0.03491	0.57681	0.08402	0.00962	0.01424	0.01780	0.00962	0.03352	0.01198	0.11206	0.04411	0.01157	0.00969	0.00523	0.00399	0.00130	0.00559	0.00363	0.00310	0.00720
9	0.04712	0.03151	0.13330	0.07144	0.33621	0.01225	0.05293	0.04743	0.06943	0.09780	0.01272	0.04230	0.01008	0.00574	0.00530	0.00167	0.00621	0.00516	0.00342	0.00799
10	0.01014	0.00954	0.01610	0.79845	0.03697	0.01193	0.01491	0.01371	0.01073	0.01371	0.00954	0.01431	0.00716	0.00537	0.00537	0.00179	0.00716	0.00477	0.00239	0.00596
11	0.00871	0.00526	0.00617	0.00594	0.00720	0.00504	0.00446	0.01123	0.01337	0.02082	0.42412	0.03079	0.03356	0.00879	0.00514	0.00149	0.00252	0.00753	0.39283	0.00504
12	0.04621	0.37590	0.28636	0.01180	0.03429	0.03404	0.01261	0.01629	0.01118	0.04443	0.01008	0.04673	0.00863	0.00672	0.03248	0.00171	0.00669	0.00407	0.00266	0.00713
13	0.06498	0.06887	0.10597	0.03718	0.19780	0.05754	0.09848	0.06601	0.15817	0.03646	0.03067	0.01526	0.02735	0.00581	0.00521	0.00165	0.00625	0.00507	0.00356	0.00771
14	0.00865	0.00618	0.00865	0.00989	0.01112	0.00618	0.00865	0.01112	0.01236	0.01606	0.02842	0.06055	0.03089	0.01483	0.00741	0.00247	0.00494	0.74174	0.00494	0.00494
15	0.00688	0.00509	0.00647	0.00718	0.00802	0.00468	0.00515	0.00833	0.01173	0.01553	0.17512	0.46613	0.16809	0.01497	0.00671	0.00205	0.00309	0.07505	0.00516	0.00457
16	0.01353	0.08102	0.12781	0.07135	0.02929	0.02900	0.10223	0.12600	0.03115	0.09734	0.04711	0.09903	0.05747	0.00774	0.00605	0.00175	0.03664	0.02443	0.00398	0.00707
17	0.05321	0.10774	0.04022	0.21022	0.05598	0.04825	0.01090	0.12326	0.06105	0.15358	0.01398	0.04654	0.01106	0.00654	0.00516	0.00167	0.00590	0.03341	0.00401	0.00733
18	0.84927	0.01038	0.00789	0.00706	0.01038	0.01204	0.00581	0.01578	0.00914	0.02408	0.00747	0.00872	0.00581	0.00498	0.00332	0.00166	0.00415	0.00291	0.00332	0.00581
19	0.00653	0.00472	0.00618	0.00735	0.00775	0.00437	0.00493	0.00749	0.01040	0.01375	0.03111	0.76149	0.08088	0.01662	0.00682	0.00216	0.00309	0.01502	0.00498	0.00437
20	0.00756	0.00526	0.00669	0.00696	0.00801	0.00478	0.00498	0.00920	0.01263	0.04503	0.31589	0.37074	0.15479	0.01373	0.00652	0.00192	0.00289	0.01218	0.00540	0.00483
21	0.09088	0.21197	0.24323	0.07143	0.07058	0.01360	0.01237	0.03237	0.03021	0.01705	0.03713	0.02930	0.00949	0.00538	0.00453	0.00146	0.00597	0.00414	0.00285	0.10605
22	0.01077	0.02777	0.78354	0.01530	0.02323	0.01247	0.01983	0.01700	0.01133	0.01700	0.00963	0.01133	0.00680	0.00510	0.00510	0.00170	0.00793	0.00397	0.00227	0.00793
23	0.00964	0.00721	0.00799	0.00746	0.00954	0.00715	0.00569	0.01490	0.20917	0.06522	0.19430	0.06738	0.32537	0.01087	0.00599	0.00178	0.00320	0.00921	0.03198	0.00596
24	0.07730	0.02978	0.10325	0.14558	0.07604	0.01077	0.02831	0.01973	0.12647	0.20973	0.01580	0.01835	0.01189	0.00646	0.00522	0.00173	0.00549	0.05008	0.05054	0.00749
25	0.14585	0.15358	0.07492	0.13492	0.01846	0.06972	0.01068	0.18075	0.02939	0.08167	0.01058	0.01190	0.00796	0.00572	0.00522	0.00160	0.04213	0.00408	0.00359	0.00727
26	0.00675	0.00472	0.00616	0.00728	0.00761	0.00444	0.00483	0.00769	0.01016	0.01374	0.02834	0.73008	0.03368	0.06512	0.00799	0.00233	0.00322	0.01441	0.03713	0.00432
27	0.01052	0.00817	0.01254	0.31042	0.02124	0.00895	0.04239	0.03167	0.03153	0.07301	0.11796	0.06427	0.06623	0.01055	0.04508	0.00224	0.00588	0.12742	0.00405	0.00589
28	0.01650	0.05498	0.01239	0.04177	0.05981	0.00867	0.00799	0.06154	0.02657	0.36430	0.07936	0.18559	0.03913	0.00901	0.00568	0.00175	0.00441	0.00772	0.00544	0.00739
29	0.01476	0.04644	0.18511	0.07223	0.01855	0.06377	0.06040	0.11876	0.03060	0.13872	0.01435	0.05074	0.03677	0.00772	0.02535	0.00192	0.09730	0.00539	0.00377	0.00736
30	0.25463	0.05012	0.00970	0.04271	0.01120	0.04907	0.00672	0.01266	0.01177	0.01888	0.21821	0.03840	0.12671	0.00967	0.02525	0.00192	0.05319	0.04958	0.00416	0.00543
31	0.01233	0.10078	0.01990	0.10951	0.30183	0.01291	0.10526	0.03556	0.06616	0.01733	0.07143	0.04415	0.01304	0.00616	0.00587	0.00166	0.03952	0.00562	0.02370	0.00728
32	0.01038	0.08894	0.07941	0.00941	0.01150	0.04364	0.02115	0.04083	0.01173	0.06764	0.04065	0.44877	0.04854	0.01220	0.00650	0.00192	0.03616	0.01058	0.00438	0.00566
33	0.01437	0.01364	0.01279	0.02900	0.01405	0.21137	0.00858	0.03289	0.04176	0.08450	0.04133	0.04648	0.05801	0.00709	0.00711	0.00152	0.14113	0.00510	0.00364	0.22566
34	0.04514	0.18673	0.11525	0.05733	0.01531	0.05043	0.00932	0.03078	0.01174	0.01656	0.06321	0.06820	0.01228	0.00589	0.00450	0.00129	0.00524	0.00464	0.00317	0.29299
35	0.03346	0.04049	0.10443	0.04269	0.06183	0.00977	0.00985	0.06693	0.04891	0.14564	0.01521	0.02038	0.01259	0.00666	0.00509	0.00153	0.00511	0.10934	0.03667	0.22341

[dist]
# distance from previous block
# <min> <max>
0	110

[block]
# block no. 9 follows, 45 sequences, length 18
# corresponding to MSA columns:
# 3106-3123
name=unknown_J
#
# <colnr> <probs for GDERKNQSTAVLIFYWHMCP>
#	G	D	E	R	K	N	Q	S	T	A	V	L	I	F	Y	W	H	M	C	P
0	0.01213	0.00733	0.00966	0.00812	0.01077	0.00645	0.04283	0.01407	0.01325	0.22040	0.14887	0.07820	0.29589	0.01015	0.00618	0.00170	0.02262	0.00862	0.00524	0.07749
1	0.10860	0.00987	0.05450	0.00933	0.01218	0.00918	0.00763	0.11002	0.09984	0.21271	0.02023	0.24515	0.01863	0.04899	0.00665	0.00200	0.00446	0.00801	0.00508	0.00695
2	0.01152	0.01193	0.02330	0.30944	0.12276	0.01238	0.34898	0.01541	0.01204	0.01620	0.05420	0.01574	0.01027	0.00524	0.00585	0.00177	0.00765	0.00576	0.00277	0.00680
3	0.02390	0.00943	0.01264	0.00969	0.01385	0.00833	0.00801	0.06324	0.01586	0.74380	0.02076	0.01800	0.01308	0.00663	0.00540	0.00166	0.00464	0.00537	0.00658	0.00913
4	0.00634	0.00544	0.00544	0.00544	0.00725	0.00453	0.00408	0.00770	0.01224	0.01450	0.05438	0.05166	0.77569	0.01359	0.00634	0.00181	0.00272	0.01133	0.00498	0.00453
5	0.80840	0.01012	0.00775	0.00696	0.01018	0.01170	0.00571	0.01562	0.00924	0.02389	0.00796	0.00927	0.00620	0.00504	0.00334	0.00164	0.00407	0.00301	0.04412	0.00577
6	0.00770	0.00564	0.00806	0.00806	0.00882	0.00640	0.00600	0.00922	0.00846	0.01204	0.01490	0.02398	0.01468	0.19933	0.63273	0.00792	0.01249	0.00618	0.00295	0.00448
7	0.01173	0.01117	0.01899	0.41008	0.41285	0.01235	0.01570	0.01511	0.01149	0.01565	0.00982	0.01379	0.00784	0.00507	0.00534	0.00169	0.00676	0.00478	0.00252	0.00725
8	0.01170	0.02122	0.41312	0.01891	0.02561	0.01301	0.38369	0.01710	0.01199	0.01710	0.01024	0.01288	0.00746	0.00482	0.00571	0.00175	0.00848	0.00513	0.00249	0.00759
9	0.01193	0.00736	0.00854	0.00773	0.00927	0.00751	0.00546	0.05541	0.13493	0.13453	0.07559	0.07294	0.02046	0.36963	0.01535	0.00329	0.00455	0.00743	0.04247	0.00562
10	0.00983	0.01043	0.09589	0.03087	0.01564	0.00846	0.18942	0.05480	0.01222	0.03803	0.02426	0.35257	0.11260	0.01105	0.00632	0.00194	0.00531	0.01029	0.00415	0.00591
11	0.01369	0.28839	0.07331	0.00922	0.01399	0.01283	0.00859	0.04961	0.01219	0.08430	0.03078	0.01178	0.00919	0.00481	0.00413	0.00112	0.00497	0.00358	0.00329	0.36024
12	0.00762	0.00568	0.00838	0.00844	0.00932	0.00653	0.00646	0.00940	0.00866	0.01242	0.01519	0.05738	0.01472	0.07718	0.71706	0.00817	0.01342	0.00628	0.00299	0.00470
13	0.00683	0.00479	0.00614	0.00710	0.00734	0.00455	0.00458	0.00755	0.00971	0.01294	0.02666	0.62936	0.03181	0.20034	0.01158	0.00288	0.00360	0.01354	0.00458	0.00410
14	0.05307	0.25627	0.10666	0.10263	0.11011	0.03095	0.05482	0.07536	0.05112	0.04560	0.03148	0.01303	0.00944	0.00648	0.03000	0.00175	0.00650	0.00434	0.00311	0.00728
15	0.07798	0.00978	0.01403	0.26851	0.06203	0.01043	0.01073	0.02014	0.03659	0.36664	0.01500	0.01570	0.01022	0.00618	0.00594	0.00174	0.05128	0.00496	0.00451	0.00762
16	0.03120	0.06545	0.14816	0.10777	0.15971	0.01104	0.03114	0.08646	0.01252	0.01746	0.02806	0.22447	0.01581	0.00834	0.00554	0.00175	0.00567	0.00734	0.00350	0.02860
17	0.14810	0.12628	0.30786	0.03432	0.05454	0.03793	0.01294	0.01750	0.04566	0.08670	0.02744	0.03746	0.00962	0.00586	0.00504	0.00164	0.02624	0.00441	0.00319	0.00728

[dist]
# distance from previous block
# <min> <max>
1	39

[block]
# block no. 10 follows, 45 sequences, length 43
# corresponding to MSA columns:
# 3163-3205
name=unknown_K
#
# <colnr> <probs for GDERKNQSTAVLIFYWHMCP>
#	G	D	E	R	K	N	Q	S	T	A	V	L	I	F	Y	W	H	M	C	P
0	0.01170	0.27635	0.13240	0.08878	0.01582	0.01281	0.01005	0.04177	0.03135	0.05266	0.02910	0.20493	0.04415	0.00850	0.00513	0.00166	0.00532	0.01753	0.00355	0.00644
1	0.01332	0.13330	0.13831	0.05621	0.08753	0.04519	0.02712	0.02589	0.02220	0.12335	0.03066	0.07745	0.03486	0.03801	0.03311	0.00199	0.05266	0.00562	0.00353	0.04969
2	0.01354	0.16127	0.24309	0.03244	0.11099	0.03170	0.05657	0.06451	0.12587	0.05823	0.01371	0.01462	0.03879	0.00577	0.00503	0.00160	0.00638	0.00474	0.00337	0.00778
3	0.03548	0.00853	0.03051	0.08254	0.01385	0.00785	0.00769	0.04500	0.04983	0.31157	0.15185	0.09268	0.12188	0.00899	0.00575	0.00175	0.00421	0.00761	0.00546	0.00699
4	0.00767	0.00560	0.00751	0.00872	0.05918	0.00562	0.00535	0.00857	0.00928	0.01263	0.03379	0.32207	0.02439	0.32813	0.13310	0.00428	0.00584	0.01013	0.00385	0.00429
5	0.06170	0.11418	0.13123	0.08614	0.09200	0.04484	0.09722	0.03465	0.01266	0.10285	0.09942	0.07213	0.01493	0.00668	0.00527	0.00165	0.00603	0.00581	0.00363	0.00699
6	0.01372	0.14879	0.34500	0.01385	0.03875	0.02805	0.07997	0.07357	0.04512	0.09362	0.01190	0.02377	0.00920	0.04448	0.00611	0.00178	0.00683	0.00464	0.00322	0.00765
7	0.04996	0.00549	0.00609	0.00609	0.00693	0.00570	0.00424	0.01044	0.00953	0.01541	0.01678	0.02685	0.01615	0.31651	0.11763	0.00380	0.00528	0.03354	0.33923	0.00435
8	0.00715	0.00509	0.00614	0.00653	0.00754	0.00465	0.00465	0.00877	0.01208	0.01656	0.22015	0.34817	0.21122	0.01339	0.00625	0.00186	0.00281	0.01178	0.10055	0.00465
9	0.03706	0.09894	0.26516	0.18983	0.07550	0.10168	0.03360	0.03353	0.01208	0.01609	0.04385	0.04818	0.01028	0.00593	0.00509	0.00164	0.00705	0.00484	0.00278	0.00689
10	0.01188	0.10917	0.21061	0.06761	0.10236	0.02581	0.20552	0.01656	0.06260	0.01632	0.01246	0.07384	0.01079	0.00626	0.00577	0.00173	0.02592	0.02465	0.00293	0.00718
11	0.00724	0.00496	0.00602	0.00658	0.00672	0.00482	0.00403	0.00766	0.00892	0.01189	0.02262	0.38285	0.02671	0.45381	0.01811	0.00384	0.00426	0.01116	0.00403	0.00375
12	0.04609	0.01327	0.01497	0.07077	0.17975	0.16583	0.04701	0.01946	0.13180	0.11291	0.01478	0.06827	0.01205	0.00652	0.00521	0.00163	0.00605	0.00553	0.07085	0.00723
13	0.04316	0.00928	0.01009	0.00920	0.01175	0.01009	0.00710	0.02138	0.43982	0.07393	0.12875	0.07622	0.11860	0.00907	0.00570	0.00181	0.00377	0.00766	0.00543	0.00720
14	0.11552	0.00973	0.01243	0.04834	0.01448	0.00961	0.00831	0.07164	0.01460	0.52801	0.04566	0.01701	0.01283	0.00673	0.00602	0.00171	0.05834	0.00516	0.00566	0.00823
15	0.01431	0.01208	0.01303	0.01135	0.01437	0.01406	0.00897	0.13805	0.60466	0.02353	0.01950	0.01839	0.01466	0.00730	0.00627	0.00182	0.05820	0.00579	0.00524	0.00842
16	0.01081	0.01062	0.01604	0.74560	0.03560	0.06432	0.01460	0.01423	0.01104	0.01368	0.00946	0.01400	0.00714	0.00538	0.00533	0.00176	0.00733	0.00468	0.00241	0.00598
17	0.01349	0.01543	0.02470	0.20933	0.02800	0.16366	0.43281	0.01717	0.01269	0.01556	0.01004	0.01351	0.00767	0.00492	0.00581	0.00172	0.00871	0.00540	0.00264	0.00673
18	0.00767	0.00575	0.00863	0.00863	0.00959	0.00671	0.00671	0.00959	0.00863	0.01246	0.01438	0.02109	0.01342	0.04026	0.79008	0.00863	0.01438	0.00575	0.00288	0.00479
19	0.02291	0.00955	0.01294	0.06287	0.01546	0.00873	0.00851	0.07294	0.01569	0.68134	0.01986	0.01765	0.01260	0.00654	0.00539	0.00167	0.00483	0.00532	0.00627	0.00892
20	0.01382	0.01152	0.01886	0.25592	0.44336	0.01216	0.01482	0.04956	0.01269	0.09886	0.01124	0.01410	0.00864	0.00523	0.00534	0.00166	0.00639	0.00485	0.00312	0.00785
21	0.01143	0.08140	0.07387	0.34024	0.18453	0.01285	0.13280	0.01500	0.01127	0.01511	0.01002	0.01388	0.00797	0.00738	0.05818	0.00215	0.00771	0.00487	0.00251	0.00683
