[name]
unknown

[dist]
# distance from previous block
# <min> <max>
5	1632

[block]
# block no. 0 follows, 42 sequences, length 15
# corresponding to MSA columns:
# 1877-1891
name=unknown_A
#
# <colnr> <probs for GDERKNQSTAVLIFYWHMCP>
#	G	D	E	R	K	N	Q	S	T	A	V	L	I	F	Y	W	H	M	C	P
0	0.06198	0.01172	0.01266	0.01088	0.01417	0.01287	0.00865	0.19091	0.36494	0.02436	0.01813	0.02041	0.01446	0.00847	0.00685	0.06730	0.00491	0.05642	0.00506	0.08486
1	0.00968	0.00766	0.00815	0.00886	0.06071	0.06676	0.00505	0.00990	0.00908	0.01160	0.01611	0.03211	0.01806	0.64337	0.02483	0.04749	0.00588	0.00743	0.00328	0.00399
2	0.08801	0.08001	0.26991	0.01357	0.01931	0.01306	0.09248	0.08315	0.05171	0.21399	0.01392	0.01425	0.00967	0.00588	0.00531	0.00173	0.00664	0.00482	0.00415	0.00842
3	0.05414	0.03321	0.04749	0.01296	0.04461	0.02810	0.06169	0.28172	0.06570	0.22245	0.01585	0.01701	0.01161	0.06892	0.00736	0.00202	0.00599	0.00546	0.00515	0.00856
4	0.00886	0.00625	0.00805	0.00888	0.00988	0.00620	0.00676	0.06740	0.01272	0.01711	0.02863	0.47364	0.03243	0.01558	0.00708	0.00228	0.00405	0.23201	0.04701	0.00518
5	0.33039	0.02644	0.02713	0.01469	0.13142	0.13217	0.08598	0.01687	0.01191	0.01980	0.01281	0.01449	0.06675	0.00596	0.00504	0.00166	0.02338	0.00459	0.00329	0.06523
6	0.00732	0.00531	0.00689	0.00780	0.00850	0.00496	0.00556	0.00872	0.01178	0.01565	0.12568	0.50761	0.10416	0.05014	0.00807	0.00236	0.00349	0.10602	0.00526	0.00471
7	0.06222	0.06382	0.01621	0.01255	0.01463	0.01551	0.01047	0.15823	0.04169	0.07474	0.02217	0.01391	0.00965	0.00984	0.05110	0.00238	0.37565	0.00491	0.00370	0.03659
8	0.04920	0.10815	0.14159	0.01114	0.01631	0.01188	0.04863	0.07345	0.05998	0.08836	0.01371	0.01448	0.03760	0.00557	0.00484	0.00139	0.00554	0.00445	0.00378	0.29996
9	0.01364	0.04692	0.05061	0.26902	0.27594	0.05882	0.01497	0.01670	0.01199	0.05877	0.01035	0.01382	0.00828	0.00607	0.00732	0.00183	0.11979	0.00483	0.00286	0.00747
10	0.00705	0.00515	0.00666	0.00771	0.00835	0.00477	0.00538	0.00829	0.01147	0.01512	0.07744	0.61494	0.12473	0.01672	0.00713	0.00223	0.00331	0.06360	0.00528	0.00468
11	0.01030	0.00810	0.05192	0.00826	0.01036	0.00695	0.00672	0.07050	0.03382	0.06821	0.37943	0.16015	0.09720	0.01137	0.00635	0.00184	0.00355	0.00989	0.04909	0.00601
12	0.03809	0.08846	0.10232	0.04808	0.09454	0.08148	0.07304	0.18526	0.03032	0.07385	0.01406	0.10247	0.01210	0.00724	0.00584	0.00175	0.02325	0.00602	0.00400	0.00783
13	0.01058	0.00775	0.01079	0.04215	0.01228	0.00786	0.05876	0.01365	0.05183	0.08533	0.29236	0.06526	0.16376	0.01040	0.00731	0.00186	0.07301	0.00882	0.07025	0.00601
14	0.00844	0.00520	0.00665	0.00751	0.00821	0.00488	0.00516	0.00976	0.01123	0.05515	0.02840	0.62504	0.03211	0.01518	0.00655	0.00209	0.00324	0.01362	0.14661	0.00495

[dist]
# distance from previous block
# <min> <max>
1	24

[block]
# block no. 1 follows, 42 sequences, length 20
# corresponding to MSA columns:
# 1916-1921,1923-1936
name=unknown_B
#
# <colnr> <probs for GDERKNQSTAVLIFYWHMCP>
#	G	D	E	R	K	N	Q	S	T	A	V	L	I	F	Y	W	H	M	C	P
0	0.31916	0.01456	0.01308	0.11197	0.04349	0.18379	0.00966	0.03086	0.07290	0.08549	0.01095	0.01240	0.00835	0.00606	0.00553	0.00175	0.05530	0.00414	0.00366	0.00690
1	0.55780	0.01057	0.01063	0.01139	0.11044	0.01202	0.00778	0.01546	0.01039	0.02248	0.07160	0.01432	0.01129	0.05201	0.00651	0.00200	0.05918	0.00433	0.00354	0.00625
2	0.05602	0.00572	0.00662	0.00703	0.00743	0.00573	0.00454	0.00889	0.00936	0.01316	0.02166	0.23392	0.02501	0.48393	0.01980	0.00417	0.00480	0.07416	0.00404	0.00402
3	0.54142	0.01411	0.01176	0.01075	0.04074	0.15805	0.03209	0.01832	0.01141	0.07032	0.00913	0.01049	0.00706	0.00562	0.00473	0.00172	0.03864	0.00359	0.00351	0.00656
4	0.00764	0.00528	0.00656	0.00726	0.00752	0.00513	0.00471	0.00831	0.00976	0.01298	0.02483	0.38971	0.02915	0.37699	0.01706	0.00376	0.00442	0.07044	0.00439	0.00409
5	0.01645	0.08672	0.10794	0.08815	0.18375	0.02503	0.01280	0.09386	0.09140	0.18180	0.01581	0.01690	0.03150	0.00637	0.00546	0.00172	0.00613	0.01548	0.00427	0.00845
6	0.06350	0.01237	0.02014	0.30992	0.11939	0.04478	0.19491	0.01722	0.07695	0.01772	0.05835	0.01656	0.01152	0.00586	0.00579	0.00183	0.00724	0.00567	0.00321	0.00708
7	0.01362	0.00994	0.01187	0.00858	0.01348	0.00761	0.00690	0.01607	0.01231	0.12648	0.01176	0.01274	0.00914	0.00457	0.00438	0.00096	0.00426	0.00367	0.00386	0.71780
8	0.01400	0.01209	0.01273	0.01145	0.01463	0.01400	0.00891	0.02990	0.75695	0.02354	0.02291	0.02100	0.01718	0.00764	0.00573	0.00191	0.00445	0.00636	0.00573	0.00891
9	0.01203	0.01102	0.01291	0.18139	0.04472	0.11874	0.04073	0.01574	0.08288	0.05508	0.16188	0.13172	0.07782	0.00979	0.01705	0.00195	0.00577	0.00807	0.00440	0.00632
10	0.00861	0.00585	0.00713	0.00672	0.00830	0.00530	0.00507	0.01097	0.01486	0.05170	0.50546	0.04191	0.20890	0.01149	0.00635	0.00176	0.00278	0.00992	0.08156	0.00535
11	0.01328	0.01518	0.03321	0.02372	0.02941	0.01423	0.74668	0.01803	0.01328	0.01803	0.01139	0.01518	0.00854	0.00474	0.00664	0.00190	0.00949	0.00664	0.00285	0.00759
12	0.01322	0.00987	0.01266	0.10240	0.07387	0.01048	0.00918	0.19237	0.07736	0.06113	0.25071	0.11720	0.02702	0.00935	0.00613	0.00183	0.00472	0.00809	0.00525	0.00715
13	0.01532	0.01360	0.05538	0.14536	0.09336	0.11228	0.11958	0.01885	0.04446	0.16602	0.03994	0.07724	0.01351	0.00850	0.03804	0.00211	0.01877	0.00628	0.00400	0.00740
14	0.02027	0.01209	0.01395	0.01129	0.01527	0.01270	0.00913	0.21782	0.27987	0.31427	0.02016	0.01832	0.01393	0.00715	0.00568	0.00179	0.00504	0.00575	0.00618	0.00934
15	0.00852	0.00570	0.00682	0.00668	0.00812	0.00509	0.00490	0.00980	0.01282	0.05454	0.22712	0.11657	0.34014	0.01388	0.00856	0.11195	0.00320	0.01033	0.04042	0.00484
16	0.01288	0.01204	0.07463	0.09374	0.01737	0.00953	0.00924	0.06575	0.05053	0.05131	0.01142	0.01296	0.00892	0.00489	0.00466	0.00117	0.00504	0.00395	0.00360	0.54636
17	0.01711	0.01144	0.04682	0.01229	0.01598	0.01059	0.11685	0.14316	0.01594	0.26863	0.09529	0.08094	0.01785	0.04788	0.00776	0.00200	0.04484	0.00694	0.00522	0.03246
18	0.03780	0.00565	0.00671	0.00704	0.00802	0.00532	0.00496	0.00909	0.01198	0.01631	0.19967	0.27551	0.18459	0.15274	0.01061	0.00264	0.00356	0.04807	0.00506	0.00466
19	0.00998	0.00698	0.00978	0.00936	0.01062	0.00704	0.04888	0.04046	0.01199	0.07335	0.04694	0.45762	0.07567	0.01407	0.00820	0.03247	0.06799	0.01190	0.05125	0.00545

[dist]
# distance from previous block
# <min> <max>
1	15

[block]
# block no. 2 follows, 42 sequences, length 28
# corresponding to MSA columns:
# 1953-1980
name=unknown_C
#
# <colnr> <probs for GDERKNQSTAVLIFYWHMCP>
#	G	D	E	R	K	N	Q	S	T	A	V	L	I	F	Y	W	H	M	C	P
0	0.46352	0.01196	0.04062	0.14097	0.12473	0.01279	0.01018	0.04972	0.02998	0.05470	0.00991	0.01181	0.00754	0.00547	0.00445	0.00176	0.00546	0.00398	0.00348	0.00698
1	0.19660	0.01477	0.01506	0.18793	0.14400	0.19258	0.01151	0.03152	0.03241	0.01841	0.03741	0.01329	0.00938	0.00581	0.00533	0.00167	0.02761	0.00440	0.00318	0.04714
2	0.01706	0.54321	0.02493	0.01127	0.01544	0.27745	0.01005	0.01875	0.01296	0.01342	0.00812	0.00941	0.00723	0.00515	0.00410	0.00129	0.00741	0.00322	0.00257	0.00699
3	0.01067	0.00658	0.00821	0.00768	0.00954	0.00606	0.00579	0.01350	0.05699	0.14076	0.34613	0.16935	0.17252	0.01211	0.00652	0.00189	0.00324	0.01054	0.00595	0.00598
4	0.00732	0.00519	0.00684	0.00791	0.00837	0.00493	0.00549	0.00848	0.01105	0.01477	0.07152	0.58961	0.03582	0.09895	0.00946	0.00262	0.00368	0.09834	0.00509	0.00456
5	0.00718	0.00556	0.00655	0.00665	0.00801	0.00492	0.00485	0.00897	0.01356	0.01777	0.31439	0.20056	0.35298	0.01392	0.00675	0.00193	0.00286	0.01208	0.00559	0.00492
6	0.01292	0.01226	0.02111	0.05933	0.51482	0.01247	0.09134	0.01622	0.01283	0.01846	0.08124	0.01699	0.01314	0.00593	0.00635	0.00173	0.04573	0.00567	0.04342	0.00801
7	0.02191	0.01493	0.01637	0.01255	0.01704	0.01622	0.01037	0.65149	0.02507	0.13429	0.01468	0.01427	0.01016	0.00678	0.00563	0.00170	0.00600	0.00515	0.00581	0.00957
8	0.01142	0.02668	0.66763	0.01568	0.02356	0.01260	0.05315	0.01749	0.01193	0.01788	0.01015	0.01201	0.00731	0.00521	0.00530	0.00170	0.00798	0.00420	0.00249	0.08565
9	0.01400	0.01209	0.01273	0.01145	0.01463	0.01400	0.00891	0.02990	0.75695	0.02354	0.02291	0.02100	0.01718	0.00764	0.00573	0.00191	0.00445	0.00636	0.00573	0.00891
10	0.84197	0.01088	0.00827	0.00740	0.01088	0.01262	0.00609	0.01654	0.00958	0.02525	0.00784	0.00914	0.00609	0.00522	0.00348	0.00174	0.00435	0.00305	0.00348	0.00609
11	0.02139	0.01576	0.01689	0.01295	0.01745	0.01745	0.01070	0.74835	0.02646	0.03547	0.01351	0.01351	0.00957	0.00676	0.00563	0.00169	0.00619	0.00507	0.00563	0.00957
12	0.84197	0.01088	0.00827	0.00740	0.01088	0.01262	0.00609	0.01654	0.00958	0.02525	0.00784	0.00914	0.00609	0.00522	0.00348	0.00174	0.00435	0.00305	0.00348	0.00609
13	0.01393	0.01337	0.02284	0.03454	0.76712	0.01337	0.01727	0.01727	0.01281	0.01839	0.01059	0.01393	0.00891	0.00501	0.00557	0.00167	0.00669	0.00501	0.00279	0.00891
14	0.01400	0.01209	0.01273	0.01145	0.01463	0.01400	0.00891	0.02990	0.75695	0.02354	0.02291	0.02100	0.01718	0.00764	0.00573	0.00191	0.00445	0.00636	0.00573	0.00891
15	0.00686	0.00490	0.00653	0.00784	0.00816	0.00457	0.00522	0.00784	0.01077	0.01437	0.03102	0.79855	0.03722	0.01763	0.00718	0.00229	0.00326	0.01600	0.00522	0.00457
16	0.02380	0.01190	0.01449	0.01111	0.01552	0.01171	0.00918	0.29755	0.01999	0.49541	0.01895	0.01704	0.01230	0.00689	0.00565	0.00172	0.00531	0.00544	0.00646	0.00957
17	0.00807	0.00590	0.00840	0.00840	0.00918	0.00668	0.00623	0.00964	0.00885	0.01259	0.01566	0.02537	0.01549	0.21069	0.61338	0.00825	0.01294	0.00651	0.00310	0.00467
18	0.04708	0.00549	0.00666	0.00737	0.00828	0.00524	0.00514	0.01009	0.01124	0.05178	0.02854	0.55678	0.06434	0.01449	0.00636	0.00205	0.00326	0.01287	0.14792	0.00500
19	0.00684	0.00497	0.00646	0.00764	0.00811	0.00459	0.00514	0.00786	0.01096	0.01444	0.03336	0.73142	0.10284	0.01733	0.00714	0.00225	0.00323	0.01563	0.00522	0.00459
20	0.01167	0.01000	0.01167	0.00834	0.01334	0.00750	0.00667	0.01417	0.01167	0.01834	0.01000	0.01167	0.00834	0.00417	0.00417	0.00083	0.00417	0.00333	0.00333	0.83663
21	0.00725	0.00576	0.00659	0.00687	0.00844	0.00510	0.00531	0.00899	0.01307	0.01638	0.14497	0.12614	0.47660	0.01443	0.00689	0.00204	0.00325	0.13171	0.00535	0.00488
22	0.00764	0.00559	0.00719	0.00725	0.00841	0.00515	0.00535	0.00981	0.01439	0.01983	0.50502	0.20705	0.11914	0.01327	0.00680	0.00193	0.00291	0.04232	0.00585	0.00509
23	0.01394	0.07110	0.04438	0.01868	0.02283	0.05006	0.42406	0.01745	0.01239	0.05235	0.01112	0.01440	0.00872	0.00600	0.00839	0.00189	0.15875	0.00573	0.05055	0.00722
24	0.01487	0.11972	0.01974	0.15039	0.20326	0.01524	0.03219	0.19837	0.03158	0.02052	0.01201	0.01455	0.02794	0.00682	0.00716	0.03592	0.07350	0.00499	0.00348	0.00775
25	0.00686	0.00490	0.00653	0.00784	0.00816	0.00457	0.00522	0.00784	0.01077	0.01437	0.03102	0.79855	0.03722	0.01763	0.00718	0.00229	0.00326	0.01600	0.00522	0.00457
26	0.01443	0.01140	0.02019	0.03448	0.01992	0.01140	0.28995	0.04464	0.03149	0.15429	0.06645	0.02693	0.01723	0.00834	0.00770	0.00204	0.07948	0.14797	0.00439	0.00727
27	0.03342	0.01373	0.06463	0.11645	0.01890	0.06064	0.03019	0.26272	0.01799	0.15238	0.11198	0.01856	0.01552	0.02587	0.00663	0.00184	0.02999	0.00575	0.00486	0.00792

[dist]
# distance from previous block
# <min> <max>
0	16

[block]
# block no. 3 follows, 42 sequences, length 35
# corresponding to MSA columns:
# 1997-2023,2027-2034
name=unknown_D
#
# <colnr> <probs for GDERKNQSTAVLIFYWHMCP>
#	G	D	E	R	K	N	Q	S	T	A	V	L	I	F	Y	W	H	M	C	P
0	0.00921	0.00716	0.01007	0.15787	0.06095	0.00711	0.00798	0.01144	0.01280	0.04863	0.19351	0.21998	0.17139	0.01149	0.00636	0.00189	0.00417	0.01013	0.00476	0.04309
1	0.01360	0.09713	0.14911	0.01571	0.09938	0.01415	0.09546	0.09894	0.18060	0.02025	0.01647	0.02956	0.05837	0.00676	0.00610	0.00175	0.04166	0.00568	0.00386	0.04549
2	0.04376	0.01196	0.06055	0.01449	0.14897	0.00967	0.05611	0.01575	0.04571	0.01888	0.03867	0.02731	0.01083	0.00512	0.00483	0.00125	0.00515	0.00449	0.00340	0.47310
3	0.01132	0.01159	0.04887	0.47029	0.15396	0.04105	0.03781	0.01492	0.01242	0.01640	0.11298	0.01820	0.01396	0.00629	0.00575	0.00181	0.00690	0.00567	0.00307	0.00671
4	0.04676	0.13028	0.01171	0.00798	0.01052	0.00882	0.03676	0.01197	0.04143	0.01764	0.20768	0.09411	0.28908	0.01082	0.00591	0.00173	0.00380	0.00914	0.00476	0.04908
5	0.02783	0.08149	0.02024	0.20207	0.04431	0.06441	0.16275	0.15122	0.07783	0.02028	0.01216	0.01460	0.00931	0.00593	0.00589	0.00174	0.03125	0.00519	0.05405	0.00747
6	0.01286	0.04436	0.01790	0.57222	0.03306	0.03946	0.05584	0.04948	0.04102	0.06357	0.01137	0.01502	0.00841	0.00576	0.00559	0.00182	0.00730	0.00506	0.00308	0.00684
7	0.05023	0.05099	0.10318	0.04390	0.04983	0.01335	0.11721	0.19150	0.09503	0.09325	0.01673	0.08751	0.03576	0.00742	0.00593	0.00182	0.01752	0.00641	0.00442	0.00801
8	0.14320	0.38839	0.11331	0.01154	0.04587	0.01740	0.01080	0.10844	0.01340	0.05039	0.01051	0.01303	0.00881	0.00577	0.00441	0.00152	0.00600	0.03635	0.00330	0.00755
9	0.84197	0.01088	0.00827	0.00740	0.01088	0.01262	0.00609	0.01654	0.00958	0.02525	0.00784	0.00914	0.00609	0.00522	0.00348	0.00174	0.00435	0.00305	0.00348	0.00609
10	0.01224	0.00840	0.00893	0.00831	0.01050	0.00916	0.00637	0.02061	0.33929	0.04578	0.05469	0.05409	0.01831	0.00773	0.00503	0.00165	0.00352	0.00642	0.37200	0.00697
11	0.00922	0.00701	0.01055	0.25021	0.01837	0.00763	0.00904	0.01155	0.01189	0.04743	0.12248	0.30081	0.02701	0.01435	0.06612	0.00261	0.00562	0.06821	0.00441	0.00549
12	0.02117	0.00871	0.01122	0.00898	0.01256	0.00789	0.00730	0.02423	0.05723	0.55355	0.02135	0.01969	0.01423	0.00691	0.00526	0.00165	0.00426	0.00560	0.19969	0.00853
13	0.00709	0.00535	0.00661	0.00745	0.00840	0.00487	0.00538	0.00846	0.01186	0.01526	0.07176	0.45967	0.25479	0.01611	0.00707	0.00218	0.00333	0.09437	0.00526	0.00473
14	0.00705	0.00572	0.00626	0.00612	0.00785	0.00492	0.00459	0.00886	0.01378	0.01746	0.27362	0.05045	0.54682	0.01341	0.00665	0.00186	0.00279	0.01136	0.00552	0.00492
15	0.00694	0.00505	0.00655	0.00756	0.00813	0.00466	0.00514	0.00812	0.01145	0.01522	0.10261	0.65729	0.10705	0.01674	0.00708	0.00220	0.00317	0.01506	0.00532	0.00466
16	0.01987	0.00877	0.01116	0.00902	0.01243	0.00810	0.00729	0.05298	0.05785	0.47907	0.10117	0.02183	0.01825	0.00741	0.00545	0.00167	0.00420	0.00609	0.15913	0.00828
17	0.01167	0.01000	0.01167	0.00834	0.01334	0.00750	0.00667	0.01417	0.01167	0.01834	0.01000	0.01167	0.00834	0.00417	0.00417	0.00083	0.00417	0.00333	0.00333	0.83663
18	0.01400	0.01209	0.01273	0.01145	0.01463	0.01400	0.00891	0.02990	0.75695	0.02354	0.02291	0.02100	0.01718	0.00764	0.00573	0.00191	0.00445	0.00636	0.00573	0.00891
19	0.01063	0.01000	0.01688	0.78870	0.03876	0.01250	0.01563	0.01438	0.01125	0.01438	0.01000	0.01500	0.00750	0.00563	0.00563	0.00188	0.00750	0.00500	0.00250	0.00625
20	0.01129	0.02911	0.77306	0.01604	0.02436	0.01307	0.02079	0.01782	0.01188	0.01782	0.01010	0.01188	0.00713	0.00535	0.00535	0.00178	0.00832	0.00416	0.00238	0.00832
21	0.00686	0.00490	0.00653	0.00784	0.00816	0.00457	0.00522	0.00784	0.01077	0.01437	0.03102	0.79855	0.03722	0.01763	0.00718	0.00229	0.00326	0.01600	0.00522	0.00457
22	0.08432	0.00791	0.00877	0.00748	0.01012	0.00785	0.00596	0.08636	0.01420	0.23227	0.01811	0.01879	0.01314	0.00658	0.00454	0.00150	0.00371	0.00516	0.45631	0.00693
23	0.01369	0.01057	0.01231	0.01076	0.01340	0.01170	0.01899	0.16317	0.28211	0.05501	0.14290	0.09600	0.03688	0.01078	0.03880	0.00221	0.04607	0.02161	0.00545	0.00760
24	0.01328	0.01518	0.03321	0.02372	0.02941	0.01423	0.74668	0.01803	0.01328	0.01803	0.01139	0.01518	0.00854	0.00474	0.00664	0.00190	0.00949	0.00664	0.00285	0.00759
25	0.00812	0.00698	0.00710	0.00685	0.00900	0.00660	0.00520	0.01243	0.16130	0.01687	0.05021	0.04754	0.61566	0.01293	0.00647	0.00190	0.00317	0.01078	0.00533	0.00558
26	0.00963	0.01118	0.13196	0.01201	0.01451	0.00906	0.09302	0.04270	0.01151	0.01602	0.02005	0.32445	0.02146	0.01736	0.14247	0.00334	0.06987	0.03954	0.00392	0.00594
27	0.05011	0.13905	0.41614	0.01477	0.05164	0.01399	0.04604	0.01874	0.08546	0.04397	0.01265	0.01596	0.01005	0.00615	0.00527	0.00176	0.00708	0.05010	0.00313	0.00795
28	0.01077	0.00874	0.00980	0.00902	0.01117	0.00941	0.00684	0.01947	0.36678	0.02188	0.32522	0.03242	0.07447	0.05972	0.00759	0.00208	0.00370	0.00834	0.00574	0.00686
29	0.01451	0.00698	0.00921	0.00841	0.01059	0.00621	0.00633	0.01614	0.01354	0.32340	0.10570	0.31239	0.08472	0.04537	0.00737	0.00211	0.00388	0.01053	0.00596	0.00665
30	0.01518	0.05521	0.29968	0.01630	0.07787	0.16942	0.06536	0.07917	0.09547	0.03981	0.01273	0.01391	0.02296	0.00592	0.00542	0.00170	0.00775	0.00474	0.00336	0.00804
31	0.01399	0.01232	0.01849	0.28343	0.26319	0.05597	0.05405	0.04030	0.06004	0.08070	0.01324	0.05604	0.01076	0.00629	0.00572	0.00179	0.00682	0.00573	0.00345	0.00765
32	0.00759	0.00526	0.00687	0.00760	0.00835	0.00484	0.00527	0.00898	0.01214	0.03719	0.18700	0.57039	0.08584	0.01583	0.00699	0.00214	0.00315	0.01422	0.00548	0.00488
33	0.01013	0.00687	0.00783	0.00764	0.00931	0.00685	0.00568	0.04398	0.11709	0.05104	0.12996	0.23585	0.14449	0.01157	0.00599	0.00184	0.00333	0.01000	0.18468	0.00587
34	0.01286	0.01223	0.02134	0.19757	0.19019	0.01275	0.21977	0.08826	0.04503	0.01879	0.01408	0.10306	0.01244	0.00694	0.00611	0.00188	0.00711	0.01868	0.00345	0.00745

[dist]
# distance from previous block
# <min> <max>
1	4

[block]
# block no. 4 follows, 42 sequences, length 45
# corresponding to MSA columns:
# 2039-2049,2068-2101
name=unknown_E
#
# <colnr> <probs for GDERKNQSTAVLIFYWHMCP>
#	G	D	E	R	K	N	Q	S	T	A	V	L	I	F	Y	W	H	M	C	P
0	0.07722	0.00806	0.00855	0.00779	0.00959	0.04642	0.00587	0.01197	0.03278	0.01914	0.35139	0.03478	0.15804	0.08859	0.00891	0.00211	0.04658	0.00844	0.00493	0.06882
1	0.00970	0.00624	0.00843	0.03044	0.00940	0.02162	0.00593	0.03332	0.00886	0.01194	0.01247	0.02085	0.01231	0.12891	0.24015	0.41909	0.00812	0.00564	0.00285	0.00374
2	0.00676	0.00528	0.00614	0.00683	0.00790	0.00466	0.00478	0.00795	0.01174	0.01476	0.04329	0.44709	0.38076	0.01604	0.00693	0.00210	0.00307	0.01405	0.00522	0.00466
3	0.00789	0.00575	0.00742	0.00700	0.00836	0.00528	0.00525	0.01048	0.01576	0.02217	0.72568	0.04270	0.09182	0.01165	0.00664	0.00178	0.00267	0.01027	0.00614	0.00528
4	0.01482	0.00939	0.01146	0.00856	0.01299	0.00742	0.00688	0.01718	0.01319	0.22084	0.06297	0.01789	0.05379	0.00593	0.00486	0.00119	0.00417	0.00485	0.00459	0.51701
5	0.76011	0.01100	0.00871	0.00780	0.01125	0.01276	0.00637	0.01786	0.08347	0.02508	0.00933	0.01031	0.00719	0.00546	0.00370	0.00176	0.00436	0.00338	0.00370	0.00637
6	0.06079	0.00984	0.01133	0.00941	0.01248	0.01002	0.00751	0.22606	0.03271	0.21740	0.12960	0.08995	0.02031	0.00839	0.00556	0.00172	0.00439	0.00690	0.12798	0.00766
7	0.00719	0.00551	0.00655	0.00672	0.00798	0.00492	0.00485	0.00889	0.01324	0.01740	0.29141	0.23776	0.31705	0.03555	0.00738	0.00205	0.00296	0.01224	0.00551	0.00486
8	0.01154	0.00854	0.00946	0.00843	0.01071	0.00874	0.00652	0.19119	0.07577	0.02305	0.20702	0.11287	0.20059	0.01083	0.00611	0.00180	0.00377	0.00914	0.08748	0.00642
9	0.84197	0.01088	0.00827	0.00740	0.01088	0.01262	0.00609	0.01654	0.00958	0.02525	0.00784	0.00914	0.00609	0.00522	0.00348	0.00174	0.00435	0.00305	0.00348	0.00609
10	0.79954	0.01181	0.04734	0.00784	0.01157	0.01265	0.00685	0.01661	0.00969	0.02487	0.00795	0.00928	0.00615	0.00523	0.00358	0.00174	0.00456	0.00310	0.00343	0.00621
11	0.01174	0.06852	0.64487	0.01685	0.03985	0.01368	0.09190	0.01778	0.01202	0.01761	0.01012	0.01210	0.00731	0.00525	0.00539	0.00176	0.00828	0.00436	0.00243	0.00820
12	0.01381	0.01297	0.02159	0.15169	0.61318	0.01345	0.01667	0.05553	0.01329	0.01866	0.01065	0.01407	0.00873	0.00520	0.00558	0.00170	0.00679	0.00501	0.00289	0.00853
13	0.01208	0.01149	0.01951	0.45603	0.36005	0.01289	0.01635	0.01565	0.01194	0.01615	0.01026	0.01453	0.00812	0.00536	0.00560	0.00179	0.00714	0.00501	0.00263	0.00743
14	0.01393	0.01337	0.02284	0.03454	0.76712	0.01337	0.01727	0.01727	0.01281	0.01839	0.01059	0.01393	0.00891	0.00501	0.00557	0.00167	0.00669	0.00501	0.00279	0.00891
15	0.02260	0.01317	0.01521	0.01173	0.01612	0.01369	0.00967	0.43414	0.05300	0.32483	0.01733	0.01605	0.01161	0.00688	0.00565	0.00172	0.00557	0.00535	0.00616	0.00955
16	0.01129	0.02911	0.77306	0.01604	0.02436	0.01307	0.02079	0.01782	0.01188	0.01782	0.01010	0.01188	0.00713	0.00535	0.00535	0.00178	0.00832	0.00416	0.00238	0.00832
17	0.01393	0.01337	0.02284	0.03454	0.76712	0.01337	0.01727	0.01727	0.01281	0.01839	0.01059	0.01393	0.00891	0.00501	0.00557	0.00167	0.00669	0.00501	0.00279	0.00891
18	0.02470	0.01045	0.01360	0.01043	0.01480	0.00957	0.00862	0.12967	0.01758	0.66670	0.02097	0.01835	0.01331	0.00694	0.00566	0.00173	0.00499	0.00558	0.00678	0.00958
19	0.01120	0.01031	0.01688	0.74762	0.03763	0.01277	0.01537	0.05324	0.01206	0.01550	0.01019	0.01492	0.00761	0.00569	0.00563	0.00187	0.00743	0.00500	0.00267	0.00643
20	0.00683	0.00500	0.00642	0.00756	0.00809	0.00459	0.00510	0.00787	0.01104	0.01448	0.03443	0.70082	0.13275	0.01719	0.00711	0.00223	0.00321	0.01546	0.00522	0.00459
21	0.01063	0.01000	0.01688	0.78870	0.03876	0.01250	0.01563	0.01438	0.01125	0.01438	0.01000	0.01500	0.00750	0.00563	0.00563	0.00188	0.00750	0.00500	0.00250	0.00625
22	0.01380	0.01324	0.02262	0.06289	0.73974	0.01334	0.01721	0.01716	0.01276	0.01823	0.01056	0.01397	0.00886	0.00504	0.00557	0.00168	0.00672	0.00501	0.00277	0.00881
23	0.84197	0.01088	0.00827	0.00740	0.01088	0.01262	0.00609	0.01654	0.00958	0.02525	0.00784	0.00914	0.00609	0.00522	0.00348	0.00174	0.00435	0.00305	0.00348	0.00609
24	0.00913	0.00601	0.00728	0.00693	0.00858	0.00535	0.00514	0.01100	0.01395	0.09260	0.33594	0.12222	0.28538	0.05563	0.00780	0.00207	0.00315	0.01080	0.00569	0.00536
25	0.01741	0.01456	0.01387	0.01176	0.01531	0.13092	0.00927	0.18476	0.35002	0.09201	0.03383	0.01752	0.01398	0.00699	0.00551	0.00171	0.00565	0.00551	0.02012	0.04929
26	0.00707	0.00569	0.00629	0.00620	0.00787	0.00492	0.00463	0.00886	0.01372	0.01746	0.27558	0.07509	0.51983	0.01351	0.00666	0.00187	0.00280	0.01149	0.00553	0.00492
27	0.00692	0.00504	0.00652	0.00757	0.00812	0.00464	0.00514	0.00806	0.01135	0.01504	0.08612	0.67075	0.11030	0.01686	0.00709	0.00221	0.00318	0.01517	0.00529	0.00464
28	0.00851	0.00605	0.00727	0.00683	0.00855	0.00544	0.00517	0.01097	0.02946	0.05824	0.46430	0.04469	0.29934	0.01216	0.00657	0.00182	0.00287	0.01047	0.00589	0.00540
29	0.06585	0.01028	0.01296	0.01005	0.01423	0.00960	0.00828	0.12455	0.01698	0.59622	0.02009	0.01796	0.01296	0.00683	0.00546	0.00171	0.00485	0.00542	0.04652	0.00919
30	0.01400	0.01209	0.01273	0.01145	0.01463	0.01400	0.00891	0.02990	0.75695	0.02354	0.02291	0.02100	0.01718	0.00764	0.00573	0.00191	0.00445	0.00636	0.00573	0.00891
31	0.01167	0.01000	0.01167	0.00834	0.01334	0.00750	0.00667	0.01417	0.01167	0.01834	0.01000	0.01167	0.00834	0.00417	0.00417	0.00083	0.00417	0.00333	0.00333	0.83663
32	0.84197	0.01088	0.00827	0.00740	0.01088	0.01262	0.00609	0.01654	0.00958	0.02525	0.00784	0.00914	0.00609	0.00522	0.00348	0.00174	0.00435	0.00305	0.00348	0.00609
33	0.01063	0.01000	0.01688	0.78870	0.03876	0.01250	0.01563	0.01438	0.01125	0.01438	0.01000	0.01500	0.00750	0.00563	0.00563	0.00188	0.00750	0.00500	0.00250	0.00625
34	0.00704	0.00501	0.00664	0.00787	0.00823	0.00472	0.00532	0.00805	0.01074	0.01430	0.03023	0.71957	0.03606	0.06020	0.00838	0.00247	0.00348	0.05201	0.00512	0.00454
35	0.01248	0.00692	0.00991	0.00910	0.01106	0.00624	0.04638	0.01426	0.01324	0.22632	0.13547	0.39644	0.06316	0.01292	0.00663	0.00202	0.00392	0.01159	0.00572	0.00624
36	0.01505	0.80561	0.02949	0.00963	0.01444	0.02227	0.00963	0.01685	0.01143	0.01324	0.00782	0.00903	0.00722	0.00481	0.00361	0.00120	0.00602	0.00301	0.00241	0.00722
37	0.01231	0.01231	0.01724	0.01477	0.01477	0.01724	0.01231	0.01354	0.00862	0.01354	0.00739	0.01231	0.00739	0.00985	0.01847	0.00246	0.79192	0.00492	0.00246	0.00616
38	0.00796	0.00522	0.00695	0.00786	0.00847	0.00484	0.00535	0.00910	0.01137	0.05577	0.08299	0.68438	0.03672	0.03475	0.00756	0.00229	0.00335	0.01484	0.00535	0.00487
39	0.03940	0.01041	0.05053	0.06452	0.09219	0.01021	0.04722	0.01742	0.16454	0.06954	0.18863	0.10050	0.03902	0.00894	0.00665	0.00188	0.04644	0.00771	0.02724	0.00701
40	0.01854	0.02056	0.01729	0.01826	0.17180	0.43279	0.01213	0.06599	0.05102	0.04498	0.01045	0.01221	0.00848	0.00623	0.00659	0.00164	0.08601	0.00434	0.00329	0.00740
41	0.01438	0.01228	0.01294	0.01153	0.01478	0.01417	0.00900	0.06671	0.71953	0.02415	0.02242	0.02061	0.01679	0.00759	0.00572	0.00190	0.00454	0.00630	0.00572	0.00894
42	0.01348	0.01621	0.14318	0.07123	0.06075	0.01437	0.33466	0.05726	0.04627	0.03985	0.01134	0.01441	0.00868	0.00604	0.00812	0.00194	0.13581	0.00566	0.00308	0.00767
43	0.01975	0.01207	0.01354	0.01077	0.01456	0.01275	0.00877	0.36746	0.10065	0.21637	0.01752	0.01698	0.01230	0.00687	0.00537	0.00166	0.00506	0.00539	0.14339	0.00878
44	0.00767	0.00526	0.00638	0.00695	0.00712	0.00513	0.00431	0.00814	0.00938	0.01249	0.02350	0.34788	0.02764	0.45957	0.01929	0.00408	0.00456	0.03251	0.00420	0.00393

[dist]
# distance from previous block
# <min> <max>
1	5

[block]
# block no. 5 follows, 42 sequences, length 35
# corresponding to MSA columns:
# 2112-2146
name=unknown_F
#
# <colnr> <probs for GDERKNQSTAVLIFYWHMCP>
#	G	D	E	R	K	N	Q	S	T	A	V	L	I	F	Y	W	H	M	C	P
0	0.00950	0.00804	0.01255	0.07777	0.16669	0.00896	0.00982	0.01168	0.01028	0.01453	0.01621	0.16252	0.01634	0.02508	0.36863	0.00530	0.05940	0.00751	0.00330	0.00590
1	0.24711	0.05270	0.06235	0.05323	0.08527	0.11614	0.01053	0.13945	0.09179	0.07313	0.01192	0.01280	0.00894	0.00591	0.00485	0.00169	0.00617	0.00432	0.00399	0.00771
2	0.01357	0.01104	0.01749	0.39284	0.20226	0.01235	0.03092	0.05174	0.04959	0.09052	0.01253	0.01564	0.00940	0.00586	0.00576	0.00179	0.01890	0.00519	0.04512	0.00746
3	0.00748	0.00548	0.00708	0.00794	0.00861	0.00528	0.00547	0.00966	0.05849	0.01623	0.14571	0.63079	0.03846	0.01604	0.00701	0.00218	0.00324	0.01448	0.00541	0.00496
4	0.01306	0.01855	0.26605	0.10548	0.12650	0.01325	0.29894	0.01795	0.01270	0.05640	0.01127	0.01414	0.00830	0.00518	0.00592	0.00182	0.00828	0.00540	0.00286	0.00796
5	0.00888	0.00524	0.00698	0.00710	0.00722	0.00527	0.00460	0.00801	0.00816	0.01092	0.01509	0.06640	0.01654	0.33024	0.06185	0.38883	0.00556	0.03681	0.00311	0.00318
6	0.00691	0.00497	0.00655	0.00771	0.00815	0.00462	0.00519	0.00799	0.01112	0.01482	0.06985	0.72896	0.06798	0.01718	0.00713	0.00224	0.00322	0.01553	0.00527	0.00462
7	0.00779	0.00575	0.00727	0.00689	0.00830	0.00523	0.00517	0.01027	0.01551	0.02156	0.66772	0.04369	0.15016	0.01188	0.00664	0.00179	0.00268	0.01041	0.00606	0.00523
8	0.00697	0.00498	0.00666	0.00797	0.00835	0.00467	0.00543	0.00804	0.01089	0.01450	0.03095	0.76005	0.03697	0.01752	0.00721	0.00230	0.00337	0.05335	0.00522	0.00460
9	0.01505	0.80561	0.02949	0.00963	0.01444	0.02227	0.00963	0.01685	0.01143	0.01324	0.00782	0.00903	0.00722	0.00481	0.00361	0.00120	0.00602	0.00301	0.00241	0.00722
10	0.01129	0.02911	0.77306	0.01604	0.02436	0.01307	0.02079	0.01782	0.01188	0.01782	0.01010	0.01188	0.00713	0.00535	0.00535	0.00178	0.00832	0.00416	0.00238	0.00832
11	0.02230	0.00943	0.01248	0.00977	0.01367	0.00847	0.00799	0.07668	0.01682	0.60225	0.13643	0.02229	0.01968	0.00765	0.00581	0.00174	0.00456	0.00632	0.00675	0.00892
12	0.01505	0.80561	0.02949	0.00963	0.01444	0.02227	0.00963	0.01685	0.01143	0.01324	0.00782	0.00903	0.00722	0.00481	0.00361	0.00120	0.00602	0.00301	0.00241	0.00722
13	0.01063	0.01000	0.01688	0.78870	0.03876	0.01250	0.01563	0.01438	0.01125	0.01438	0.01000	0.01500	0.00750	0.00563	0.00563	0.00188	0.00750	0.00500	0.00250	0.00625
14	0.00686	0.00490	0.00653	0.00784	0.00816	0.00457	0.00522	0.00784	0.01077	0.01437	0.03102	0.79855	0.03722	0.01763	0.00718	0.00229	0.00326	0.01600	0.00522	0.00457
15	0.00728	0.00531	0.00692	0.00810	0.00860	0.00510	0.00554	0.00905	0.04762	0.01490	0.03058	0.73517	0.03607	0.01707	0.00713	0.00228	0.00339	0.03984	0.00525	0.00481
16	0.01505	0.80561	0.02949	0.00963	0.01444	0.02227	0.00963	0.01685	0.01143	0.01324	0.00782	0.00903	0.00722	0.00481	0.00361	0.00120	0.00602	0.00301	0.00241	0.00722
17	0.00888	0.00617	0.00839	0.00933	0.01055	0.00589	0.00752	0.01087	0.01219	0.03907	0.02904	0.32859	0.03241	0.01549	0.00731	0.00237	0.00442	0.41032	0.00516	0.04607
18	0.84197	0.01088	0.00827	0.00740	0.01088	0.01262	0.00609	0.01654	0.00958	0.02525	0.00784	0.00914	0.00609	0.00522	0.00348	0.00174	0.00435	0.00305	0.00348	0.00609
19	0.00798	0.00537	0.00620	0.00640	0.00645	0.00532	0.00369	0.00813	0.00858	0.01145	0.01979	0.15459	0.02305	0.68092	0.02533	0.00497	0.00512	0.00939	0.00369	0.00359
20	0.23488	0.05525	0.47486	0.01356	0.02016	0.01359	0.04036	0.05345	0.01201	0.02050	0.00961	0.01122	0.00702	0.00534	0.00483	0.00175	0.00709	0.00394	0.00285	0.00771
21	0.06560	0.05396	0.02027	0.09128	0.34577	0.01318	0.08056	0.08567	0.01380	0.06705	0.01123	0.01362	0.00880	0.00524	0.00530	0.00160	0.00639	0.00479	0.00338	0.10250
22	0.01450	0.01527	0.03075	0.02210	0.02761	0.01472	0.63589	0.12796	0.01527	0.02065	0.01171	0.01493	0.00869	0.00505	0.00649	0.00187	0.00899	0.00640	0.00327	0.00789
23	0.00718	0.00562	0.00650	0.00649	0.00798	0.00494	0.00479	0.00903	0.01378	0.01794	0.32658	0.13893	0.40294	0.01360	0.00671	0.00190	0.00282	0.01172	0.00560	0.00494
24	0.05659	0.04650	0.13121	0.15751	0.14728	0.01351	0.01325	0.04623	0.24333	0.06609	0.01478	0.01587	0.01106	0.00617	0.00542	0.00179	0.00611	0.00516	0.00396	0.00819
25	0.01432	0.15718	0.14204	0.01882	0.02462	0.01533	0.43179	0.05427	0.01354	0.05744	0.01123	0.01372	0.00843	0.00506	0.00581	0.00174	0.00829	0.00549	0.00305	0.00784
26	0.00679	0.00563	0.00595	0.00602	0.00773	0.00479	0.00446	0.00829	0.01293	0.01581	0.12025	0.12132	0.63204	0.01431	0.00670	0.00192	0.00287	0.01210	0.00532	0.00479
27	0.00756	0.00531	0.00694	0.00758	0.00830	0.00500	0.00536	0.00919	0.01245	0.01720	0.26030	0.44233	0.04013	0.05459	0.00800	0.00226	0.00328	0.06046	0.03892	0.00481
28	0.01460	0.16728	0.22102	0.01574	0.05868	0.05424	0.12699	0.10712	0.14248	0.01991	0.01244	0.01364	0.00949	0.00572	0.00532	0.00168	0.00715	0.00483	0.00347	0.00819
29	0.00986	0.00728	0.01005	0.05436	0.12746	0.00718	0.00760	0.01143	0.01162	0.05491	0.02946	0.17484	0.23640	0.04207	0.02727	0.06654	0.02853	0.00926	0.07834	0.00556
30	0.00686	0.00521	0.00633	0.00711	0.00800	0.00468	0.00493	0.00809	0.01176	0.01517	0.08710	0.51406	0.26804	0.01616	0.00698	0.00213	0.00309	0.01432	0.00529	0.00468
31	0.06638	0.29680	0.06038	0.15980	0.06426	0.02750	0.04822	0.01769	0.06313	0.06935	0.04428	0.01415	0.01062	0.00610	0.00530	0.02481	0.00622	0.00455	0.00326	0.00720
32	0.10652	0.01436	0.09331	0.03139	0.03441	0.05160	0.11268	0.12626	0.07284	0.24326	0.01586	0.04696	0.01162	0.00663	0.00556	0.00178	0.00625	0.00562	0.00479	0.00830
33	0.08517	0.01590	0.01988	0.05279	0.27626	0.16956	0.11701	0.07645	0.03949	0.05873	0.01130	0.01341	0.00881	0.00549	0.00543	0.00167	0.00736	0.00484	0.00342	0.02704
34	0.01421	0.01203	0.03982	0.09755	0.20584	0.01157	0.14414	0.03476	0.09743	0.12381	0.08411	0.01997	0.04773	0.00661	0.00589	0.00176	0.00617	0.00624	0.00417	0.03620

[dist]
# distance from previous block
# <min> <max>
0	85

[block]
# block no. 6 follows, 42 sequences, length 23
# corresponding to MSA columns:
# 2232-2249,2251-2255
name=unknown_G
#
# <colnr> <probs for GDERKNQSTAVLIFYWHMCP>
#	G	D	E	R	K	N	Q	S	T	A	V	L	I	F	Y	W	H	M	C	P
0	0.03201	0.00952	0.03803	0.12189	0.04558	0.00881	0.06863	0.03516	0.01377	0.14360	0.15602	0.06381	0.16331	0.00901	0.00624	0.00179	0.01849	0.00783	0.00474	0.05176
1	0.06672	0.01176	0.01565	0.30108	0.17203	0.06190	0.01255	0.01785	0.14167	0.01787	0.05345	0.01657	0.01197	0.00662	0.00606	0.03238	0.00629	0.00524	0.00344	0.03890
2	0.01004	0.00783	0.01177	0.31139	0.02071	0.00874	0.00961	0.01251	0.05227	0.01531	0.14116	0.02078	0.01697	0.01257	0.06043	0.21320	0.00611	0.00590	0.00339	0.05932
3	0.01422	0.01383	0.02689	0.14324	0.02818	0.01376	0.48604	0.06643	0.06231	0.06813	0.01276	0.01568	0.00935	0.00535	0.00629	0.00187	0.00832	0.00620	0.00343	0.00772
4	0.01611	0.01502	0.01412	0.01320	0.06385	0.17344	0.00966	0.18420	0.26775	0.02365	0.14021	0.02010	0.01884	0.00753	0.00571	0.00173	0.00588	0.00605	0.00500	0.00796
5	0.00943	0.00652	0.00784	0.00746	0.00920	0.00604	0.00564	0.05846	0.01478	0.06862	0.31751	0.16691	0.25417	0.01283	0.00663	0.00191	0.00325	0.03149	0.00574	0.00558
6	0.00896	0.00554	0.00747	0.00833	0.00917	0.00515	0.00595	0.01023	0.01155	0.09121	0.02999	0.64028	0.03434	0.01633	0.00709	0.00226	0.00363	0.09199	0.00540	0.00514
7	0.00969	0.00604	0.00776	0.00724	0.00874	0.00554	0.00538	0.01195	0.01479	0.09660	0.52970	0.09309	0.07441	0.06277	0.00790	0.00203	0.00310	0.00989	0.03783	0.00554
8	0.02043	0.01528	0.01635	0.01275	0.01708	0.01700	0.01046	0.65459	0.12180	0.03391	0.01474	0.01449	0.01056	0.00687	0.00564	0.00172	0.00597	0.00524	0.00564	0.00948
9	0.02525	0.00958	0.01306	0.01001	0.01437	0.00827	0.00827	0.02743	0.01611	0.77102	0.02220	0.01915	0.01393	0.00697	0.00566	0.00174	0.00479	0.00566	0.00697	0.00958
10	0.01400	0.01209	0.01273	0.01145	0.01463	0.01400	0.00891	0.02990	0.75695	0.02354	0.02291	0.02100	0.01718	0.00764	0.00573	0.00191	0.00445	0.00636	0.00573	0.00891
11	0.00712	0.00538	0.00657	0.00698	0.00807	0.00484	0.00497	0.00872	0.01288	0.01700	0.25165	0.35804	0.25765	0.01485	0.00687	0.00202	0.00296	0.01309	0.00551	0.00484
12	0.01821	0.06625	0.01589	0.01264	0.01623	0.23371	0.01003	0.23584	0.28749	0.02359	0.01520	0.01499	0.01152	0.00668	0.00538	0.00167	0.00668	0.00500	0.00469	0.00832
13	0.01979	0.01306	0.01652	0.04720	0.08504	0.01358	0.03492	0.34535	0.03257	0.22002	0.01494	0.01507	0.01047	0.00648	0.00604	0.00168	0.03567	0.00515	0.00520	0.07123
14	0.34358	0.01382	0.10099	0.06328	0.04605	0.01297	0.07926	0.09952	0.01317	0.12747	0.01129	0.01260	0.00818	0.00582	0.00539	0.00179	0.03906	0.00438	0.00389	0.00748
15	0.00779	0.00647	0.03627	0.00764	0.00904	0.00544	0.00596	0.01011	0.01423	0.01972	0.48392	0.21797	0.09761	0.01306	0.00676	0.00193	0.00313	0.04202	0.00571	0.00521
16	0.01427	0.09819	0.21053	0.06934	0.10167	0.01511	0.24219	0.14413	0.01485	0.02031	0.01090	0.01331	0.00821	0.00533	0.00566	0.00174	0.00786	0.00511	0.00314	0.00813
17	0.04830	0.06732	0.16694	0.18621	0.18545	0.01373	0.14275	0.01767	0.04359	0.04506	0.01110	0.01392	0.00848	0.00542	0.00574	0.00177	0.02089	0.00499	0.00293	0.00774
18	0.00709	0.00503	0.00661	0.00778	0.00812	0.00475	0.00522	0.00805	0.01061	0.01413	0.02962	0.68735	0.03530	0.09694	0.00938	0.00262	0.00358	0.04830	0.00504	0.00448
19	0.14541	0.01039	0.01274	0.00992	0.01416	0.00983	0.00819	0.09799	0.01618	0.58730	0.01921	0.01711	0.01234	0.00669	0.00534	0.00174	0.00486	0.00521	0.00632	0.00906
20	0.07010	0.01331	0.04709	0.01977	0.26392	0.04175	0.09392	0.10026	0.04857	0.14113	0.01393	0.01536	0.01036	0.00582	0.00539	0.00168	0.00617	0.00518	0.08801	0.00828
21	0.01141	0.04495	0.11739	0.07888	0.08647	0.00999	0.01102	0.01626	0.12080	0.06369	0.02317	0.15591	0.06854	0.01043	0.00628	0.00203	0.00539	0.15615	0.00442	0.00683
22	0.01517	0.01112	0.01326	0.03974	0.01462	0.01243	0.00912	0.31288	0.04894	0.07274	0.05031	0.23170	0.01929	0.01037	0.00778	0.00198	0.10766	0.00837	0.00510	0.00742

[dist]
# distance from previous block
# <min> <max>
13	71

[block]
# block no. 7 follows, 42 sequences, length 16
# corresponding to MSA columns:
# 2334-2349
name=unknown_H
#
# <colnr> <probs for GDERKNQSTAVLIFYWHMCP>
#	G	D	E	R	K	N	Q	S	T	A	V	L	I	F	Y	W	H	M	C	P
0	0.07483	0.05062	0.15515	0.02785	0.01869	0.01313	0.12913	0.11997	0.11810	0.08600	0.02644	0.07145	0.01255	0.00695	0.00599	0.00180	0.03131	0.00594	0.00415	0.03993
1	0.07607	0.15133	0.19963	0.01112	0.01549	0.01263	0.02503	0.06719	0.06581	0.11969	0.01530	0.09366	0.01343	0.10035	0.00793	0.00216	0.00592	0.00599	0.00396	0.00730
2	0.01511	0.07641	0.04292	0.10605	0.09809	0.02666	0.01067	0.09305	0.10088	0.15208	0.10711	0.07562	0.01779	0.00786	0.00630	0.00179	0.04279	0.00649	0.00465	0.00769
3	0.00975	0.10156	0.03439	0.00804	0.00948	0.05982	0.00610	0.01099	0.01056	0.01361	0.09955	0.07123	0.05989	0.34415	0.13357	0.00436	0.00684	0.00765	0.00366	0.00481
4	0.01892	0.01242	0.01569	0.09261	0.01843	0.01317	0.05596	0.32792	0.07962	0.20679	0.01626	0.01781	0.01193	0.07718	0.00775	0.00209	0.00599	0.00568	0.00526	0.00850
5	0.01356	0.01067	0.01174	0.01066	0.01355	0.01190	0.00837	0.02578	0.55438	0.07296	0.10414	0.02707	0.04082	0.00875	0.00599	0.00193	0.00429	0.05944	0.00581	0.00819
6	0.01167	0.01000	0.01167	0.00834	0.01334	0.00750	0.00667	0.01417	0.01167	0.01834	0.01000	0.01167	0.00834	0.00417	0.00417	0.00083	0.00417	0.00333	0.00333	0.83663
7	0.01355	0.06237	0.08648	0.23859	0.05400	0.01388	0.07728	0.04301	0.01221	0.09625	0.04665	0.01534	0.01049	0.00693	0.00872	0.00193	0.19666	0.00524	0.00328	0.00713
8	0.01338	0.01474	0.03029	0.02197	0.02731	0.01420	0.64161	0.01972	0.11919	0.01881	0.01303	0.01601	0.00977	0.00516	0.00651	0.00190	0.00877	0.00660	0.00326	0.00778
9	0.00694	0.00496	0.00660	0.00778	0.00818	0.00462	0.00523	0.00804	0.01115	0.01496	0.08421	0.74367	0.03837	0.01719	0.00714	0.00225	0.00322	0.01558	0.00529	0.00462
10	0.01339	0.00962	0.01224	0.10834	0.04006	0.01017	0.00947	0.18261	0.05466	0.08133	0.12713	0.03482	0.09369	0.01018	0.00641	0.00198	0.00511	0.18664	0.00519	0.00696
11	0.01328	0.01518	0.03321	0.02372	0.02941	0.01423	0.74668	0.01803	0.01328	0.01803	0.01139	0.01518	0.00854	0.00474	0.00664	0.00190	0.00949	0.00664	0.00285	0.00759
12	0.01202	0.01100	0.01505	0.05462	0.01541	0.06750	0.08445	0.01375	0.01038	0.05326	0.01340	0.09486	0.01324	0.10688	0.11871	0.00349	0.29620	0.00668	0.00323	0.00588
13	0.01081	0.00751	0.00997	0.00909	0.00986	0.00861	0.00675	0.01193	0.00985	0.09237	0.06956	0.02693	0.01796	0.32861	0.18294	0.00492	0.17658	0.00690	0.00370	0.00513
14	0.01006	0.00651	0.00850	0.00892	0.01063	0.00611	0.00745	0.01227	0.01338	0.09671	0.08862	0.08796	0.19806	0.01414	0.00719	0.00227	0.00434	0.40588	0.00546	0.00553
15	0.00933	0.00793	0.01002	0.00897	0.01126	0.00768	0.05873	0.01425	0.17182	0.01831	0.14625	0.15793	0.25461	0.02875	0.00684	0.00194	0.00386	0.01002	0.00513	0.06637

[dist]
# distance from previous block
# <min> <max>
0	3

[block]
# block no. 8 follows, 42 sequences, length 14
# corresponding to MSA columns:
# 2353-2366
name=unknown_I
#
# <colnr> <probs for GDERKNQSTAVLIFYWHMCP>
#	G	D	E	R	K	N	Q	S	T	A	V	L	I	F	Y	W	H	M	C	P
0	0.01422	0.01465	0.04913	0.03281	0.70040	0.05458	0.01705	0.01757	0.01295	0.01812	0.01047	0.01365	0.00876	0.00507	0.00554	0.00166	0.00693	0.00491	0.00278	0.00876
1	0.01144	0.00826	0.01376	0.01177	0.01396	0.00786	0.16892	0.01405	0.06309	0.11006	0.03857	0.36377	0.02364	0.01287	0.00856	0.10327	0.00509	0.01051	0.00464	0.00592
2	0.01081	0.01019	0.01721	0.74636	0.07965	0.01255	0.01572	0.01454	0.01134	0.01460	0.01004	0.01494	0.00758	0.00559	0.00562	0.00186	0.00746	0.00500	0.00252	0.00640
3	0.00723	0.00529	0.00692	0.00787	0.00856	0.00480	0.00533	0.00832	0.01084	0.01467	0.02940	0.73810	0.03500	0.01660	0.00695	0.00217	0.00333	0.01503	0.00508	0.06849
4	0.01498	0.00772	0.00928	0.00766	0.01057	0.00692	0.00606	0.04251	0.01411	0.23829	0.12162	0.02159	0.01849	0.00698	0.00491	0.00143	0.00363	0.00573	0.31384	0.14368
5	0.02345	0.00998	0.01301	0.01024	0.01441	0.00919	0.00837	0.02782	0.13433	0.65174	0.02231	0.01945	0.01445	0.00707	0.00567	0.00177	0.00474	0.00577	0.00677	0.00947
6	0.00686	0.00490	0.00653	0.00784	0.00816	0.00457	0.00522	0.00784	0.01077	0.01437	0.03102	0.79855	0.03722	0.01763	0.00718	0.00229	0.00326	0.01600	0.00522	0.00457
7	0.01261	0.00841	0.00935	0.00842	0.01067	0.00875	0.00649	0.13214	0.14241	0.06775	0.12471	0.11960	0.08357	0.00944	0.00560	0.00173	0.00373	0.00795	0.22997	0.00671
8	0.13824	0.00942	0.01075	0.00873	0.01214	0.00932	0.00710	0.12026	0.01540	0.35735	0.01789	0.01745	0.01234	0.00657	0.00487	0.00162	0.00432	0.00509	0.23327	0.00789
9	0.01056	0.00630	0.00747	0.00715	0.00790	0.00622	0.00466	0.01166	0.03979	0.10409	0.01941	0.03609	0.02045	0.61318	0.02333	0.00464	0.00531	0.06320	0.00407	0.00452
10	0.00696	0.00510	0.00655	0.00749	0.00812	0.00468	0.00512	0.00819	0.01163	0.01543	0.12008	0.61959	0.12735	0.01650	0.00705	0.00218	0.00314	0.01482	0.00534	0.00468
11	0.01151	0.00918	0.01485	0.57969	0.03119	0.01082	0.01314	0.01483	0.01223	0.08789	0.09917	0.06303	0.01506	0.00711	0.00583	0.00187	0.00644	0.00628	0.00351	0.00637
12	0.04808	0.01674	0.20059	0.06040	0.06156	0.02788	0.15635	0.09135	0.01395	0.11482	0.04747	0.01523	0.01079	0.00642	0.00727	0.00186	0.10242	0.00534	0.00365	0.00785
13	0.01175	0.01887	0.35207	0.17996	0.02414	0.01279	0.05730	0.07167	0.01221	0.01724	0.01110	0.01593	0.00912	0.10255	0.00948	0.00231	0.07645	0.00510	0.00281	0.00715

[dist]
# distance from previous block
