[name]
unknown

[dist]
# distance from previous block
# <min> <max>
0	740

[block]
# block no. 0 follows, 44 sequences, length 16
# corresponding to MSA columns:
# 805-820
name=unknown_A
#
# <colnr> <probs for GDERKNQSTAVLIFYWHMCP>
#	G	D	E	R	K	N	Q	S	T	A	V	L	I	F	Y	W	H	M	C	P
0	0.06042	0.02703	0.01517	0.01426	0.10715	0.10677	0.01025	0.33220	0.12573	0.04097	0.01449	0.01765	0.01171	0.03570	0.00620	0.00182	0.00606	0.05378	0.00458	0.00804
1	0.10024	0.01229	0.01267	0.01098	0.01434	0.01408	0.00869	0.16960	0.54302	0.02523	0.01892	0.01775	0.01410	0.00699	0.00531	0.00179	0.00463	0.00559	0.00531	0.00848
2	0.01073	0.09176	0.01760	0.71487	0.03514	0.01308	0.01455	0.01417	0.01092	0.01382	0.00947	0.01394	0.00724	0.00537	0.00525	0.00175	0.00712	0.00465	0.00241	0.00615
3	0.00861	0.00547	0.00700	0.00736	0.00847	0.00494	0.00523	0.01000	0.01209	0.09353	0.15249	0.48160	0.15347	0.01455	0.00664	0.00202	0.00315	0.01293	0.00539	0.00507
4	0.00851	0.00543	0.00658	0.00654	0.00760	0.00559	0.00481	0.01040	0.01064	0.01624	0.09757	0.02809	0.09341	0.13158	0.24365	0.00420	0.00659	0.00684	0.30102	0.00472
5	0.00881	0.00649	0.00780	0.00721	0.00876	0.00623	0.00540	0.08594	0.01524	0.02085	0.49271	0.08088	0.15542	0.06463	0.00778	0.00199	0.00317	0.00978	0.00557	0.00532
6	0.01318	0.01334	0.02489	0.06127	0.52217	0.01317	0.23658	0.01684	0.01249	0.01755	0.01046	0.01390	0.00847	0.00480	0.00571	0.00169	0.00732	0.00533	0.00270	0.00815
7	0.01980	0.02505	0.01645	0.01505	0.03977	0.72640	0.04662	0.02141	0.01524	0.01367	0.00861	0.01017	0.00713	0.00555	0.00500	0.00143	0.00970	0.00369	0.00280	0.00644
8	0.00688	0.00502	0.00651	0.00745	0.00810	0.00465	0.00522	0.00817	0.01135	0.01506	0.11712	0.59046	0.11450	0.01593	0.00688	0.00214	0.00318	0.06166	0.00517	0.00457
9	0.06704	0.00975	0.01109	0.00801	0.01276	0.00760	0.00642	0.01388	0.01117	0.01821	0.00955	0.01114	0.00793	0.00411	0.00399	0.00087	0.00405	0.00321	0.00324	0.78598
10	0.01443	0.00976	0.01329	0.01410	0.17855	0.00889	0.00903	0.03678	0.06540	0.19444	0.06590	0.08502	0.04288	0.00706	0.00530	0.00150	0.00456	0.00612	0.00455	0.23242
11	0.01162	0.01007	0.01302	0.01348	0.11028	0.05275	0.00946	0.11472	0.01229	0.01702	0.06184	0.01842	0.01350	0.02283	0.36661	0.00502	0.13192	0.00556	0.00335	0.00623
12	0.00889	0.00621	0.00772	0.00737	0.00874	0.00606	0.00541	0.01202	0.08084	0.05528	0.41025	0.10854	0.09016	0.10589	0.05985	0.00266	0.00400	0.00948	0.00533	0.00532
13	0.01552	0.45321	0.02200	0.01051	0.01461	0.06895	0.00937	0.11828	0.20278	0.01823	0.01204	0.01231	0.00973	0.00566	0.00437	0.00142	0.00573	0.00404	0.00359	0.00767
14	0.01565	0.16778	0.26588	0.01432	0.06899	0.04727	0.01370	0.27379	0.04405	0.02244	0.01095	0.01193	0.00822	0.00563	0.00498	0.00158	0.00676	0.00424	0.00357	0.00827
15	0.03469	0.09801	0.08633	0.04528	0.19720	0.01277	0.06342	0.05269	0.06162	0.16271	0.01316	0.03029	0.01009	0.00591	0.00580	0.00163	0.04594	0.00495	0.00378	0.06371

[dist]
# distance from previous block
# <min> <max>
0	17

[block]
# block no. 1 follows, 44 sequences, length 10
# corresponding to MSA columns:
# 838-847
name=unknown_B
#
# <colnr> <probs for GDERKNQSTAVLIFYWHMCP>
#	G	D	E	R	K	N	Q	S	T	A	V	L	I	F	Y	W	H	M	C	P
0	0.01251	0.14498	0.02101	0.26368	0.24627	0.01452	0.06981	0.01648	0.06740	0.01575	0.01034	0.01351	0.00839	0.00554	0.00614	0.00170	0.06723	0.00474	0.00274	0.00725
1	0.00666	0.00490	0.00625	0.00725	0.00784	0.00449	0.00493	0.00775	0.01096	0.01439	0.06695	0.65722	0.14781	0.01632	0.00686	0.00214	0.00308	0.01464	0.00510	0.00449
2	0.01363	0.01087	0.01866	0.32512	0.25863	0.01154	0.08691	0.01670	0.01207	0.13055	0.01177	0.01494	0.00884	0.00608	0.00635	0.04510	0.00669	0.00510	0.00319	0.00727
3	0.01509	0.05765	0.29432	0.01524	0.09025	0.01297	0.05219	0.15426	0.06714	0.12562	0.01389	0.05340	0.01063	0.00631	0.00539	0.00171	0.00650	0.00526	0.00392	0.00827
4	0.01022	0.00900	0.01264	0.01354	0.12535	0.01084	0.00888	0.01126	0.00901	0.01298	0.01341	0.09530	0.01469	0.29934	0.01855	0.00331	0.31648	0.00694	0.00302	0.00526
5	0.00748	0.00517	0.00612	0.00644	0.00672	0.00500	0.00396	0.00799	0.00939	0.01251	0.07534	0.24839	0.06870	0.49084	0.01936	0.00400	0.00437	0.01034	0.00407	0.00381
6	0.05582	0.01105	0.05755	0.06612	0.05268	0.00991	0.04024	0.09545	0.06414	0.22059	0.01699	0.13119	0.01413	0.00744	0.00540	0.00165	0.00509	0.00636	0.00467	0.13355
7	0.01836	0.01621	0.13108	0.01468	0.08228	0.08790	0.05613	0.24021	0.05627	0.20232	0.03083	0.01494	0.01089	0.00618	0.00545	0.00166	0.00643	0.00504	0.00465	0.00851
8	0.01209	0.01483	0.15667	0.18311	0.08388	0.05792	0.11309	0.07406	0.01348	0.01829	0.14690	0.01806	0.01553	0.00664	0.00653	0.00177	0.06114	0.00573	0.00337	0.00691
9	0.36408	0.01102	0.04314	0.00993	0.01338	0.01098	0.07745	0.10963	0.01278	0.11592	0.01540	0.10794	0.04349	0.03554	0.00567	0.00189	0.00497	0.00590	0.00422	0.00665

[dist]
# distance from previous block
# <min> <max>
0	34

[block]
# block no. 2 follows, 44 sequences, length 9
# corresponding to MSA columns:
# 882-890
name=unknown_C
#
# <colnr> <probs for GDERKNQSTAVLIFYWHMCP>
#	G	D	E	R	K	N	Q	S	T	A	V	L	I	F	Y	W	H	M	C	P
0	0.00744	0.00546	0.00671	0.00655	0.00768	0.00501	0.00470	0.00930	0.01343	0.01836	0.47821	0.10432	0.17180	0.12576	0.00951	0.00229	0.00304	0.01033	0.00538	0.00473
1	0.01411	0.01199	0.01264	0.01121	0.01439	0.01382	0.00876	0.08512	0.70749	0.02370	0.02149	0.01978	0.01607	0.00733	0.00554	0.00183	0.00444	0.00607	0.00554	0.00868
2	0.01458	0.81168	0.02857	0.00933	0.01399	0.02157	0.00933	0.01632	0.01108	0.01283	0.00758	0.00875	0.00700	0.00466	0.00350	0.00117	0.00583	0.00292	0.00233	0.00700
3	0.01561	0.00708	0.00878	0.00741	0.01010	0.00631	0.00589	0.01777	0.01391	0.35692	0.11097	0.02736	0.14815	0.00835	0.00530	0.00160	0.00352	0.00690	0.23120	0.00687
4	0.01173	0.00930	0.01430	0.12918	0.29854	0.00981	0.01090	0.01423	0.01151	0.05304	0.06103	0.01990	0.01384	0.12051	0.00904	0.00216	0.04753	0.00567	0.15121	0.00655
5	0.00722	0.00545	0.00640	0.00631	0.00754	0.00492	0.00452	0.00888	0.01293	0.01715	0.35624	0.09943	0.30151	0.12619	0.00951	0.00230	0.00307	0.01058	0.00522	0.00464
6	0.00762	0.00585	0.00722	0.00722	0.00873	0.00511	0.00527	0.00930	0.01218	0.01658	0.20620	0.34515	0.16733	0.01315	0.00635	0.00184	0.00316	0.04267	0.00502	0.12403
7	0.01162	0.01043	0.01708	0.28599	0.31109	0.01127	0.03680	0.04288	0.01216	0.01671	0.01325	0.05600	0.01196	0.03111	0.00630	0.00189	0.00631	0.06614	0.04411	0.00691
8	0.01368	0.01222	0.01418	0.10085	0.12160	0.07758	0.01050	0.02241	0.37950	0.05626	0.01777	0.07741	0.01452	0.00750	0.00622	0.00182	0.04759	0.00622	0.00443	0.00772

[dist]
# distance from previous block
# <min> <max>
0	7

[block]
# block no. 3 follows, 44 sequences, length 19
# corresponding to MSA columns:
# 899-917
name=unknown_D
#
# <colnr> <probs for GDERKNQSTAVLIFYWHMCP>
#	G	D	E	R	K	N	Q	S	T	A	V	L	I	F	Y	W	H	M	C	P
0	0.01173	0.01046	0.01635	0.68738	0.03470	0.01277	0.01448	0.11627	0.01293	0.01675	0.01016	0.01434	0.00754	0.00560	0.00545	0.00179	0.00709	0.00485	0.00284	0.00650
1	0.01184	0.01164	0.02074	0.39149	0.28956	0.01280	0.12723	0.01540	0.01164	0.01578	0.01001	0.01412	0.00789	0.00525	0.00597	0.00177	0.03208	0.00509	0.00257	0.00714
2	0.00879	0.00659	0.00757	0.00756	0.00862	0.00676	0.00537	0.01232	0.14444	0.01519	0.09133	0.08294	0.10694	0.35284	0.01558	0.00342	0.00444	0.10997	0.00447	0.00486
3	0.39353	0.00927	0.00952	0.00792	0.01135	0.00951	0.00648	0.01990	0.01217	0.33366	0.01472	0.01442	0.01014	0.00593	0.00430	0.00163	0.00416	0.00429	0.11992	0.00718
4	0.00793	0.00529	0.00595	0.00595	0.00595	0.00529	0.00330	0.00793	0.00793	0.01057	0.01718	0.03568	0.01982	0.80840	0.02775	0.00529	0.00529	0.00793	0.00330	0.00330
5	0.00764	0.00546	0.00674	0.00654	0.00784	0.00500	0.00486	0.00989	0.01423	0.01997	0.53431	0.09629	0.16633	0.01160	0.00624	0.00173	0.00264	0.01013	0.07755	0.00500
6	0.84691	0.01054	0.00801	0.00717	0.01054	0.01223	0.00590	0.01603	0.00928	0.02446	0.00759	0.00886	0.00590	0.00506	0.00337	0.00169	0.00422	0.00295	0.00337	0.00590
7	0.00769	0.00543	0.00643	0.00641	0.00689	0.00544	0.00410	0.00834	0.00907	0.01206	0.06011	0.03585	0.12411	0.52965	0.15123	0.00521	0.00637	0.00817	0.00362	0.00384
8	0.01435	0.01248	0.02026	0.13095	0.50271	0.01289	0.04459	0.07733	0.04460	0.06926	0.01168	0.01427	0.00914	0.00529	0.00546	0.00167	0.00644	0.00502	0.00327	0.00833
9	0.01557	0.12375	0.01678	0.01204	0.01574	0.05966	0.05365	0.18032	0.41630	0.02302	0.01679	0.01627	0.01270	0.00657	0.00526	0.00168	0.00549	0.00531	0.00476	0.00833
10	0.01311	0.07981	0.34736	0.01286	0.01888	0.01176	0.06583	0.04311	0.04264	0.09267	0.03345	0.01342	0.00967	0.00531	0.00498	0.00149	0.00638	0.00437	0.00332	0.18959
11	0.07175	0.09718	0.20706	0.01502	0.07423	0.01366	0.11517	0.13167	0.05937	0.14365	0.01276	0.01355	0.00917	0.00561	0.00519	0.00166	0.00652	0.00473	0.00386	0.00817
12	0.01169	0.07046	0.14014	0.01686	0.02137	0.01243	0.34644	0.01623	0.04703	0.01692	0.01531	0.02534	0.01394	0.00754	0.00667	0.00196	0.03586	0.18361	0.00332	0.00688
13	0.13672	0.00971	0.01198	0.00950	0.01348	0.00917	0.00779	0.02537	0.09270	0.59562	0.01966	0.01740	0.01278	0.00658	0.00520	0.00170	0.00455	0.00520	0.00616	0.00875
14	0.01254	0.05507	0.14480	0.09106	0.20295	0.01262	0.17344	0.06018	0.04448	0.03118	0.04640	0.06266	0.02535	0.00630	0.00566	0.00173	0.00677	0.00600	0.00328	0.00752
15	0.01484	0.05431	0.09227	0.04269	0.13106	0.01365	0.12630	0.15295	0.05775	0.09030	0.04768	0.03286	0.01173	0.00660	0.00701	0.00178	0.09902	0.00552	0.00385	0.00782
16	0.01788	0.00806	0.01038	0.00854	0.01169	0.00720	0.00683	0.03722	0.03402	0.46456	0.12366	0.06584	0.12417	0.00881	0.00574	0.00172	0.00396	0.00737	0.04472	0.00764
17	0.00953	0.00864	0.01445	0.11464	0.13177	0.00851	0.13795	0.01221	0.01239	0.01681	0.13967	0.15675	0.15508	0.00955	0.00611	0.00182	0.00505	0.00886	0.04426	0.00596
18	0.04285	0.03958	0.17001	0.06843	0.21557	0.02547	0.08324	0.05749	0.02600	0.15969	0.01229	0.01388	0.00901	0.00567	0.00597	0.00171	0.04667	0.00483	0.00355	0.00808

[dist]
# distance from previous block
# <min> <max>
0	1

[block]
# block no. 4 follows, 44 sequences, length 13
# corresponding to MSA columns:
# 919-931
name=unknown_E
#
# <colnr> <probs for GDERKNQSTAVLIFYWHMCP>
#	G	D	E	R	K	N	Q	S	T	A	V	L	I	F	Y	W	H	M	C	P
0	0.00796	0.00532	0.00623	0.00640	0.00659	0.00533	0.00393	0.00837	0.00857	0.01166	0.01878	0.09701	0.02126	0.63325	0.05753	0.00487	0.00540	0.05028	0.03760	0.00363
1	0.01539	0.38909	0.02191	0.01191	0.01484	0.22247	0.01035	0.01690	0.01150	0.01304	0.00769	0.00989	0.00705	0.00623	0.00774	0.00156	0.21986	0.00357	0.00247	0.00654
2	0.08686	0.01383	0.02096	0.13633	0.33245	0.09542	0.16731	0.01668	0.01221	0.01710	0.01026	0.02993	0.00850	0.00535	0.00569	0.00171	0.02419	0.00510	0.00279	0.00736
3	0.01774	0.01298	0.01412	0.01148	0.01520	0.01434	0.00926	0.39826	0.28548	0.08865	0.06058	0.01768	0.01464	0.00713	0.00555	0.00172	0.00510	0.00568	0.00562	0.00881
4	0.00786	0.00554	0.00722	0.00722	0.00766	0.00598	0.00490	0.00875	0.00831	0.01152	0.01601	0.02921	0.01701	0.46036	0.37195	0.00686	0.00951	0.00698	0.00313	0.00401
5	0.00913	0.00544	0.00676	0.00701	0.00788	0.00510	0.00479	0.01032	0.01101	0.08802	0.09116	0.37860	0.05396	0.18639	0.01091	0.00267	0.00363	0.01105	0.10136	0.00479
6	0.12282	0.41666	0.08839	0.07278	0.01654	0.06131	0.04048	0.01582	0.01121	0.01525	0.01029	0.06074	0.00959	0.00602	0.00435	0.00149	0.00610	0.03075	0.00278	0.00662
7	0.01378	0.01150	0.01232	0.01105	0.01406	0.01314	0.00868	0.10531	0.61162	0.02332	0.02191	0.05293	0.01747	0.00813	0.00571	0.00188	0.00449	0.04889	0.00549	0.00832
8	0.01564	0.01146	0.01122	0.00949	0.01234	0.07270	0.00752	0.27137	0.13986	0.05104	0.01628	0.01695	0.01223	0.00654	0.00480	0.00152	0.00467	0.00509	0.32194	0.00734
9	0.01161	0.01103	0.01873	0.48161	0.34095	0.01246	0.01580	0.01508	0.01152	0.01553	0.00992	0.01411	0.00783	0.00521	0.00543	0.00174	0.00694	0.00485	0.00254	0.00712
10	0.00671	0.00521	0.00611	0.00656	0.00770	0.00461	0.00466	0.00809	0.01206	0.01544	0.14929	0.35594	0.36867	0.01475	0.00665	0.00197	0.00290	0.01289	0.00520	0.00461
11	0.01584	0.03032	0.01647	0.01575	0.12631	0.23018	0.07771	0.11967	0.11841	0.04719	0.09731	0.05136	0.01542	0.00692	0.00554	0.00164	0.00665	0.00582	0.00411	0.00737
12	0.00793	0.00591	0.00790	0.00804	0.04374	0.00548	0.00564	0.01049	0.01517	0.02138	0.70651	0.03994	0.07924	0.01096	0.00638	0.00172	0.00276	0.00969	0.00581	0.00528

[dist]
# distance from previous block
# <min> <max>
29	84

[block]
# block no. 5 follows, 44 sequences, length 26
# corresponding to MSA columns:
# 1020-1045
name=unknown_F
#
# <colnr> <probs for GDERKNQSTAVLIFYWHMCP>
#	G	D	E	R	K	N	Q	S	T	A	V	L	I	F	Y	W	H	M	C	P
0	0.04423	0.07544	0.11504	0.05085	0.14713	0.10142	0.01215	0.18491	0.03238	0.08060	0.03208	0.05150	0.01104	0.00649	0.00561	0.00165	0.03072	0.00512	0.00384	0.00779
1	0.06704	0.04557	0.11124	0.03132	0.17659	0.05744	0.01098	0.03079	0.01286	0.16027	0.05882	0.12750	0.01532	0.00740	0.00534	0.00166	0.00551	0.00628	0.00405	0.06402
2	0.05340	0.04233	0.05205	0.04794	0.29559	0.01134	0.01167	0.04362	0.08489	0.06865	0.04977	0.03238	0.03142	0.00700	0.02337	0.00174	0.00561	0.01895	0.00370	0.11457
3	0.01496	0.03789	0.10987	0.01907	0.26191	0.05622	0.06256	0.05488	0.04070	0.13972	0.05703	0.01740	0.03120	0.00614	0.00543	0.00163	0.00616	0.02039	0.00386	0.05297
4	0.04597	0.04428	0.15094	0.04478	0.14566	0.04047	0.02895	0.10089	0.16030	0.11364	0.03234	0.01588	0.02387	0.00615	0.00528	0.00167	0.00596	0.00509	0.00411	0.02375
5	0.09573	0.11362	0.08417	0.01779	0.25466	0.01356	0.01204	0.13372	0.04144	0.12110	0.03696	0.01398	0.01044	0.00568	0.00498	0.00159	0.00575	0.00463	0.00387	0.02431
6	0.01487	0.01373	0.07518	0.07065	0.26225	0.07681	0.04400	0.03369	0.10413	0.13201	0.04795	0.01703	0.03526	0.00611	0.00544	0.00165	0.00611	0.00535	0.00391	0.04385
7	0.10356	0.07052	0.06680	0.03621	0.10232	0.01216	0.12218	0.10212	0.05217	0.09616	0.07858	0.03579	0.01405	0.00650	0.00533	0.00167	0.00577	0.03041	0.00403	0.05367
8	0.02438	0.09900	0.13231	0.03359	0.12294	0.01144	0.03880	0.06107	0.04138	0.18420	0.05072	0.06769	0.03714	0.00680	0.00529	0.00162	0.00555	0.00576	0.00417	0.06615
9	0.07832	0.04641	0.25847	0.05428	0.11873	0.11764	0.06838	0.02969	0.02545	0.06431	0.03304	0.01308	0.00919	0.00541	0.00508	0.00160	0.00706	0.00443	0.00309	0.05634
10	0.05436	0.01317	0.10492	0.04428	0.12201	0.02738	0.03751	0.13300	0.12329	0.06525	0.12204	0.06248	0.01733	0.00722	0.00551	0.00170	0.00541	0.00617	0.00438	0.04259
11	0.07959	0.19197	0.12549	0.07015	0.05483	0.01550	0.01154	0.24067	0.05530	0.08744	0.01180	0.01256	0.00875	0.00572	0.00483	0.00158	0.00603	0.00430	0.00392	0.00804
12	0.13254	0.04180	0.08727	0.16651	0.17996	0.01285	0.05363	0.13372	0.01402	0.03935	0.07672	0.01518	0.01169	0.00587	0.00519	0.00169	0.00612	0.00498	0.00352	0.00738
13	0.10407	0.04667	0.26048	0.05425	0.20730	0.01270	0.01451	0.09427	0.01328	0.07284	0.01198	0.01566	0.00954	0.00597	0.00519	0.00172	0.00648	0.05190	0.00334	0.00785
14	0.01003	0.00837	0.01267	0.04465	0.30388	0.00840	0.00917	0.01164	0.01041	0.01442	0.05736	0.09798	0.01832	0.35230	0.01522	0.00327	0.00547	0.00744	0.00335	0.00566
15	0.01290	0.12805	0.29848	0.01764	0.06644	0.04013	0.26090	0.01733	0.01223	0.04487	0.01114	0.03355	0.00886	0.00543	0.00546	0.00169	0.00780	0.01677	0.00278	0.00756
16	0.01088	0.02617	0.69691	0.01549	0.02299	0.01229	0.05100	0.01688	0.01164	0.01721	0.01110	0.01496	0.00858	0.00581	0.00539	0.00178	0.00790	0.05269	0.00250	0.00783
17	0.00782	0.00532	0.00634	0.00643	0.00658	0.00543	0.00388	0.00814	0.00820	0.01107	0.01769	0.08470	0.02008	0.65447	0.12681	0.00554	0.00638	0.00815	0.00337	0.00358
18	0.00821	0.00580	0.00786	0.00901	0.04103	0.00546	0.00643	0.00995	0.01216	0.04341	0.15028	0.38752	0.09849	0.01450	0.00684	0.00212	0.00365	0.17706	0.00516	0.00504
19	0.07081	0.07127	0.31256	0.01330	0.04632	0.07823	0.01343	0.08793	0.01410	0.22176	0.01283	0.01311	0.00890	0.00571	0.00504	0.00164	0.00665	0.00434	0.00391	0.00816
20	0.06906	0.00921	0.01053	0.00943	0.01212	0.00975	0.00737	0.02170	0.33426	0.17352	0.15625	0.09710	0.02384	0.00894	0.00575	0.00184	0.00398	0.03225	0.00566	0.00744
21	0.00848	0.00611	0.00839	0.00946	0.01071	0.00602	0.00811	0.01086	0.01263	0.01648	0.07952	0.09593	0.07334	0.01483	0.00737	0.00241	0.00464	0.61464	0.00509	0.00498
22	0.22913	0.01186	0.02003	0.01825	0.15068	0.01187	0.29996	0.01628	0.01179	0.05094	0.01292	0.06765	0.01135	0.00639	0.00553	0.00183	0.00656	0.05669	0.00338	0.00693
23	0.20127	0.01056	0.01159	0.01002	0.04979	0.04203	0.00759	0.07354	0.01384	0.23664	0.09823	0.01630	0.01407	0.00612	0.00478	0.00148	0.00459	0.00477	0.00469	0.18809
24	0.14450	0.01153	0.01536	0.49586	0.07869	0.06287	0.01308	0.06394	0.01194	0.01714	0.00947	0.01309	0.00726	0.00555	0.00543	0.00176	0.02883	0.00446	0.00282	0.00643
25	0.01836	0.04433	0.01743	0.04545	0.15147	0.14199	0.01156	0.40888	0.06368	0.02579	0.01203	0.01295	0.00907	0.00604	0.00529	0.00160	0.00665	0.00467	0.00432	0.00844

[dist]
# distance from previous block
# <min> <max>
0	11

[block]
# block no. 6 follows, 44 sequences, length 16
# corresponding to MSA columns:
# 1057-1072
name=unknown_G
#
# <colnr> <probs for GDERKNQSTAVLIFYWHMCP>
#	G	D	E	R	K	N	Q	S	T	A	V	L	I	F	Y	W	H	M	C	P
0	0.06647	0.01296	0.01530	0.01428	0.10444	0.06433	0.06320	0.11590	0.28425	0.10080	0.01578	0.01578	0.01174	0.00615	0.00526	0.00164	0.00550	0.00515	0.00459	0.08646
1	0.01394	0.01354	0.02072	0.10233	0.52119	0.08494	0.06835	0.01701	0.01263	0.04557	0.01126	0.04333	0.00954	0.00550	0.00549	0.00166	0.00687	0.00527	0.00293	0.00794
2	0.00955	0.00714	0.00867	0.00943	0.07948	0.00739	0.00556	0.03688	0.10092	0.01422	0.06287	0.03128	0.01995	0.56045	0.02091	0.00418	0.00514	0.00744	0.00376	0.00476
3	0.00947	0.00473	0.00710	0.00710	0.00710	0.00473	0.00473	0.00710	0.00710	0.00947	0.00947	0.01657	0.00947	0.01894	0.02131	0.84138	0.00473	0.00473	0.00237	0.00237
4	0.05374	0.04416	0.01439	0.04183	0.04884	0.01078	0.00909	0.16100	0.01672	0.51516	0.01786	0.01637	0.01169	0.00642	0.00531	0.00166	0.00511	0.00512	0.00585	0.00890
5	0.01941	0.15619	0.01762	0.01326	0.01638	0.65975	0.01033	0.02087	0.01472	0.01326	0.00829	0.00965	0.00702	0.00546	0.00468	0.00136	0.00917	0.00341	0.00273	0.00643
6	0.01422	0.68029	0.08115	0.00994	0.01470	0.02018	0.01004	0.01758	0.08174	0.01408	0.00911	0.01003	0.00789	0.00496	0.00381	0.00127	0.00585	0.00330	0.00263	0.00723
7	0.01387	0.66158	0.08910	0.00988	0.01454	0.01959	0.01000	0.01682	0.05835	0.01387	0.00965	0.04399	0.00885	0.00541	0.00392	0.00130	0.00581	0.00375	0.00265	0.00708
8	0.14834	0.08469	0.01125	0.00843	0.01111	0.08053	0.00677	0.01635	0.04004	0.15565	0.33312	0.02528	0.04101	0.00818	0.00532	0.00163	0.00424	0.00663	0.00504	0.00640
9	0.07187	0.01121	0.03625	0.04023	0.04449	0.06567	0.15782	0.01575	0.09264	0.04645	0.09895	0.11409	0.08989	0.00898	0.00634	0.00187	0.02873	0.05819	0.00419	0.00638
10	0.21545	0.11958	0.01451	0.01196	0.08428	0.11256	0.00877	0.03962	0.07322	0.10138	0.01304	0.08840	0.01130	0.00679	0.00526	0.00163	0.04042	0.00509	0.00382	0.04291
11	0.07673	0.04752	0.20522	0.01170	0.01672	0.03669	0.05262	0.08159	0.03820	0.10106	0.03979	0.02678	0.01057	0.00574	0.00520	0.00149	0.02433	0.00455	0.00369	0.20982
12	0.15442	0.04564	0.18725	0.01188	0.01655	0.06596	0.09169	0.04304	0.05148	0.07969	0.04971	0.01699	0.07380	0.00628	0.00504	0.00161	0.00597	0.00510	0.00369	0.08421
13	0.06929	0.16620	0.10582	0.01207	0.04802	0.08444	0.05879	0.02936	0.04028	0.19608	0.07188	0.02863	0.05318	0.00660	0.00508	0.00160	0.00583	0.00532	0.00414	0.00741
14	0.18298	0.05774	0.05215	0.04109	0.03352	0.08893	0.06255	0.07024	0.04602	0.21555	0.02562	0.01465	0.01037	0.03308	0.00566	0.00173	0.00582	0.00464	0.00425	0.04340
15	0.13222	0.01482	0.15020	0.03804	0.06570	0.05724	0.09245	0.09631	0.02369	0.14333	0.05785	0.01856	0.03109	0.00666	0.00539	0.00174	0.00618	0.04698	0.00409	0.00746

[dist]
# distance from previous block
# <min> <max>
15	96

[block]
# block no. 7 follows, 44 sequences, length 18
# corresponding to MSA columns:
# 1174-1191
name=unknown_H
#
# <colnr> <probs for GDERKNQSTAVLIFYWHMCP>
#	G	D	E	R	K	N	Q	S	T	A	V	L	I	F	Y	W	H	M	C	P
0	0.16524	0.03052	0.13083	0.01066	0.02652	0.02330	0.02486	0.06694	0.05217	0.15705	0.07035	0.01704	0.05002	0.00650	0.00541	0.00160	0.03480	0.00502	0.00423	0.11691
1	0.04877	0.00892	0.01104	0.00996	0.01262	0.00894	0.03445	0.09459	0.12535	0.07061	0.05739	0.12434	0.04418	0.01029	0.00607	0.00190	0.00458	0.21075	0.00494	0.11031
2	0.01916	0.01650	0.10231	0.01279	0.01749	0.01621	0.01135	0.62589	0.07172	0.03168	0.01330	0.01338	0.00948	0.00645	0.00543	0.00166	0.00612	0.00489	0.00510	0.00909
3	0.01425	0.59664	0.02482	0.01182	0.09921	0.01820	0.00966	0.01627	0.01191	0.05385	0.08769	0.01310	0.01212	0.00546	0.00412	0.00130	0.00550	0.00399	0.00298	0.00711
4	0.00976	0.00901	0.00870	0.00930	0.01041	0.14379	0.00702	0.01138	0.01244	0.01534	0.10959	0.38272	0.03141	0.01385	0.00669	0.00209	0.00477	0.20199	0.00476	0.00500
5	0.04365	0.39819	0.12884	0.01089	0.01567	0.01583	0.06511	0.05379	0.01247	0.01686	0.09487	0.01368	0.01228	0.00551	0.00443	0.00136	0.00579	0.00425	0.00307	0.09346
6	0.00871	0.09637	0.00899	0.00679	0.00753	0.00728	0.00461	0.00924	0.00890	0.01187	0.07122	0.03042	0.01950	0.53007	0.11605	0.04177	0.00626	0.00711	0.00331	0.00401
7	0.00848	0.00630	0.00778	0.00841	0.00935	0.00636	0.00596	0.06529	0.08971	0.01644	0.02794	0.63805	0.03190	0.01523	0.00672	0.00214	0.00356	0.04002	0.00514	0.00524
8	0.01262	0.01317	0.09907	0.28765	0.24091	0.01213	0.13690	0.01638	0.01205	0.07247	0.01162	0.04003	0.00918	0.00559	0.00562	0.00176	0.00711	0.00542	0.00295	0.00739
9	0.01864	0.01513	0.07183	0.01199	0.01651	0.01494	0.01036	0.57900	0.02220	0.04852	0.01285	0.01377	0.00947	0.03622	0.00612	0.00169	0.00589	0.00480	0.00494	0.09514
10	0.01456	0.01277	0.02228	0.02982	0.61148	0.01254	0.09911	0.01783	0.01280	0.09649	0.01151	0.01415	0.00910	0.00502	0.00552	0.00165	0.00659	0.00510	0.00312	0.00856
11	0.04260	0.01074	0.01398	0.05325	0.06446	0.08951	0.11154	0.01635	0.09833	0.07411	0.20225	0.11323	0.02448	0.00891	0.00600	0.00182	0.00536	0.05206	0.00456	0.00648
12	0.05083	0.01206	0.01407	0.11365	0.14047	0.08698	0.01027	0.17223	0.06298	0.05019	0.17753	0.03613	0.03463	0.00739	0.00557	0.00168	0.00551	0.00619	0.00443	0.00720
13	0.05754	0.09663	0.01927	0.11099	0.27066	0.10925	0.06006	0.10840	0.02971	0.01855	0.01234	0.03517	0.03630	0.00590	0.00520	0.00162	0.00665	0.00505	0.00323	0.00748
14	0.19917	0.01151	0.01223	0.10390	0.06873	0.07595	0.00895	0.12106	0.08947	0.05089	0.18446	0.01928	0.01853	0.00703	0.00517	0.00169	0.00511	0.00562	0.00440	0.00685
15	0.05017	0.18245	0.01548	0.01212	0.10659	0.09855	0.02388	0.01547	0.01277	0.11125	0.06971	0.09259	0.14992	0.00851	0.00533	0.00164	0.00520	0.02777	0.00408	0.00654
16	0.01640	0.26723	0.14076	0.01262	0.06387	0.03620	0.01135	0.18710	0.03711	0.12094	0.01383	0.01414	0.04369	0.00599	0.00483	0.00152	0.00603	0.00451	0.00388	0.00801
17	0.12320	0.24471	0.05872	0.01408	0.12466	0.04809	0.07432	0.05342	0.01203	0.01708	0.01314	0.16758	0.01305	0.00736	0.00495	0.00163	0.00578	0.00618	0.00328	0.00676

[dist]
# distance from previous block
# <min> <max>
0	1

[block]
# block no. 8 follows, 44 sequences, length 7
# corresponding to MSA columns:
# 1193-1199
name=unknown_I
#
# <colnr> <probs for GDERKNQSTAVLIFYWHMCP>
#	G	D	E	R	K	N	Q	S	T	A	V	L	I	F	Y	W	H	M	C	P
0	0.07202	0.26033	0.11647	0.01122	0.01567	0.01497	0.05994	0.16554	0.03809	0.06136	0.04468	0.04817	0.05624	0.00664	0.00490	0.00157	0.00573	0.00525	0.00382	0.00739
1	0.08933	0.28017	0.16977	0.02960	0.05589	0.01438	0.03232	0.04640	0.01216	0.08897	0.01241	0.04757	0.03210	0.00588	0.00459	0.00149	0.00585	0.00454	0.00326	0.06331
2	0.03628	0.26479	0.12194	0.03428	0.07728	0.03172	0.06055	0.07734	0.01309	0.06205	0.07564	0.01701	0.03940	0.05892	0.00638	0.00177	0.00602	0.00505	0.00341	0.00707
3	0.01399	0.16242	0.22920	0.02905	0.08829	0.06586	0.03391	0.06013	0.06632	0.07219	0.03711	0.01520	0.04362	0.00625	0.00583	0.00164	0.05324	0.00482	0.00337	0.00757
4	0.06865	0.31006	0.11043	0.05849	0.07474	0.07024	0.01096	0.06076	0.01297	0.09582	0.04227	0.01402	0.03770	0.00580	0.00460	0.00149	0.00605	0.00433	0.00335	0.00728
5	0.14264	0.26770	0.12997	0.03232	0.01547	0.04525	0.01021	0.10572	0.01316	0.05916	0.03054	0.01365	0.04831	0.00590	0.00471	0.00150	0.02108	0.00420	0.00339	0.04513
6	0.13863	0.20965	0.12769	0.01286	0.08232	0.05624	0.01106	0.08281	0.01251	0.03751	0.01140	0.01602	0.00998	0.00868	0.05776	0.00212	0.04276	0.06980	0.00322	0.00699

[dist]
# distance from previous block
# <min> <max>
9	78

[block]
# block no. 9 follows, 44 sequences, length 38
# corresponding to MSA columns:
# 1290-1327
name=unknown_J
#
# <colnr> <probs for GDERKNQSTAVLIFYWHMCP>
#	G	D	E	R	K	N	Q	S	T	A	V	L	I	F	Y	W	H	M	C	P
0	0.06427	0.18828	0.10254	0.01244	0.04482	0.05502	0.06943	0.05168	0.04806	0.17455	0.01370	0.03980	0.02289	0.00615	0.00539	0.00157	0.03566	0.00484	0.00385	0.05507
1	0.10047	0.09104	0.13275	0.06453	0.06368	0.02426	0.04027	0.06906	0.06848	0.17373	0.04681	0.01543	0.02214	0.00598	0.00502	0.00161	0.00570	0.00483	0.00409	0.06015
2	0.07911	0.12483	0.10039	0.03150	0.04461	0.08014	0.04316	0.08835	0.03930	0.13065	0.07245	0.03622	0.04141	0.00676	0.00558	0.00163	0.03594	0.00530	0.00402	0.02865
3	0.06680	0.19787	0.13923	0.01287	0.05202	0.03570	0.06108	0.12776	0.04809	0.09548	0.03396	0.02514	0.01030	0.00585	0.00510	0.00155	0.02072	0.00458	0.00370	0.05222
4	0.11222	0.16535	0.14035	0.05096	0.04863	0.04260	0.03248	0.09444	0.02498	0.06302	0.05790	0.05230	0.01214	0.00741	0.03088	0.00181	0.00615	0.00496	0.00356	0.04786
5	0.08050	0.16003	0.11559	0.01051	0.01495	0.05322	0.00976	0.06711	0.11691	0.19078	0.03875	0.01514	0.02272	0.00607	0.00482	0.00153	0.00544	0.00462	0.00430	0.07723
6	0.01438	0.19646	0.16256	0.01171	0.01612	0.09998	0.05295	0.06085	0.07538	0.08743	0.12496	0.01749	0.03091	0.00652	0.00511	0.00156	0.00610	0.00522	0.00386	0.02047
7	0.01444	0.27410	0.23399	0.01123	0.01650	0.04364	0.01176	0.06109	0.02696	0.10213	0.05799	0.01339	0.01088	0.00557	0.00464	0.00143	0.00607	0.00418	0.00340	0.09661
8	0.01371	0.30715	0.20191	0.01263	0.05651	0.01491	0.04007	0.06092	0.03619	0.06995	0.03739	0.03799	0.02799	0.00617	0.00482	0.00152	0.00606	0.02398	0.00332	0.03680
9	0.10766	0.13122	0.08917	0.01055	0.02799	0.09966	0.03405	0.05635	0.01373	0.11813	0.14504	0.04369	0.08602	0.00754	0.00518	0.00162	0.00539	0.00603	0.00422	0.00676
10	0.05452	0.01104	0.04902	0.02662	0.16557	0.06773	0.03109	0.01600	0.05928	0.12763	0.04225	0.13051	0.12852	0.05737	0.00706	0.00198	0.00520	0.00761	0.00429	0.00672
11	0.01347	0.10913	0.07891	0.00953	0.01388	0.01060	0.00847	0.10593	0.04235	0.08532	0.07908	0.05983	0.01416	0.00624	0.00480	0.00131	0.00472	0.00505	0.00405	0.34319
12	0.01788	0.01363	0.05452	0.01303	0.06993	0.04250	0.01015	0.27123	0.21522	0.16673	0.04090	0.01686	0.01318	0.00672	0.00545	0.00169	0.00542	0.00540	0.02089	0.00867
13	0.18558	0.05892	0.01341	0.01031	0.01393	0.13291	0.00837	0.18436	0.06293	0.18568	0.01352	0.01361	0.00978	0.00684	0.02293	0.00174	0.00584	0.00439	0.04229	0.02269
14	0.01030	0.00969	0.01635	0.79530	0.03755	0.01211	0.01514	0.01393	0.01090	0.01393	0.00969	0.01453	0.00727	0.00545	0.00545	0.00182	0.00727	0.00484	0.00242	0.00606
15	0.00663	0.00480	0.00626	0.00743	0.00787	0.00444	0.00499	0.00761	0.01059	0.01398	0.03198	0.74711	0.09254	0.01683	0.00692	0.00219	0.00313	0.01519	0.00506	0.00444
16	0.00781	0.00530	0.00591	0.00591	0.00605	0.00523	0.00337	0.00792	0.00827	0.01089	0.02010	0.03696	0.07755	0.74743	0.02611	0.00502	0.00509	0.00820	0.00344	0.00340
17	0.00746	0.00547	0.00699	0.00680	0.00804	0.00501	0.00503	0.00972	0.01455	0.02020	0.61154	0.12949	0.12519	0.01210	0.00649	0.00179	0.00266	0.01068	0.00580	0.00501
18	0.01054	0.00994	0.01680	0.73684	0.09409	0.01218	0.01526	0.01414	0.01102	0.01423	0.00973	0.01445	0.00737	0.00541	0.00545	0.00180	0.00721	0.00485	0.00244	0.00625
19	0.02037	0.02598	0.01545	0.01404	0.01685	0.78652	0.01053	0.02177	0.01545	0.01334	0.00843	0.00983	0.00702	0.00562	0.00492	0.00140	0.00983	0.00351	0.00281	0.00632
20	0.00666	0.00483	0.00630	0.00741	0.00787	0.00447	0.00499	0.00770	0.01076	0.01424	0.05667	0.72167	0.09305	0.01663	0.00690	0.00217	0.00311	0.01500	0.00509	0.00447
21	0.01232	0.00963	0.01129	0.00818	0.01285	0.00744	0.00656	0.02996	0.01189	0.06745	0.01079	0.01211	0.00864	0.00434	0.00415	0.00090	0.00407	0.00347	0.03074	0.74324
22	0.00787	0.00552	0.00714	0.00714	0.00755	0.00593	0.00479	0.00869	0.00828	0.01145	0.01609	0.02965	0.01721	0.48421	0.34836	0.00675	0.00922	0.00705	0.00314	0.00396
23	0.01632	0.04049	0.05160	0.01175	0.01547	0.06499	0.00978	0.31422	0.31041	0.02592	0.05066	0.03514	0.01433	0.00714	0.00546	0.00171	0.00547	0.00567	0.00508	0.00840
24	0.01633	0.00838	0.00988	0.00843	0.01128	0.00837	0.00668	0.02201	0.20674	0.30635	0.04896	0.02044	0.01590	0.00695	0.00499	0.00159	0.00379	0.00569	0.27966	0.00758
25	0.01152	0.02620	0.02367	0.00963	0.01217	0.01056	0.00766	0.04579	0.41673	0.02232	0.28826	0.02851	0.02897	0.00890	0.00588	0.00180	0.00387	0.03477	0.00557	0.00723
26	0.01163	0.05328	0.68193	0.01497	0.02250	0.01320	0.01876	0.05121	0.04969	0.01816	0.01048	0.01193	0.00750	0.00533	0.00515	0.00171	0.00770	0.00414	0.00261	0.00810
27	0.01294	0.14667	0.55563	0.01395	0.02085	0.04061	0.01686	0.01835	0.03489	0.07500	0.01068	0.01184	0.00773	0.00530	0.00495	0.00163	0.00740	0.00402	0.00276	0.00794
28	0.01407	0.54939	0.20415	0.01145	0.01692	0.01892	0.03675	0.06490	0.01219	0.01543	0.00857	0.00988	0.00717	0.00491	0.00412	0.00135	0.00648	0.00342	0.00254	0.00741
29	0.00678	0.00486	0.00630	0.00732	0.00774	0.00454	0.00488	0.00775	0.01058	0.01406	0.06389	0.67186	0.07409	0.07736	0.00850	0.00241	0.00328	0.01445	0.00497	0.00438
30	0.01215	0.04216	0.20166	0.19580	0.12966	0.05673	0.06890	0.01745	0.10305	0.01650	0.01200	0.01596	0.00971	0.02805	0.00660	0.00187	0.04212	0.02943	0.00297	0.00724
31	0.01616	0.12966	0.32311	0.01378	0.07224	0.01249	0.01372	0.02086	0.06168	0.26264	0.01410	0.01411	0.00980	0.00573	0.00508	0.00164	0.00629	0.00454	0.00398	0.00838
32	0.00865	0.00661	0.00877	0.00884	0.00962	0.00726	0.00655	0.01080	0.05359	0.04003	0.11030	0.41921	0.05694	0.01665	0.08718	0.00279	0.12515	0.01124	0.00463	0.00519
33	0.00905	0.00544	0.00619	0.00610	0.00652	0.00536	0.00371	0.00956	0.00895	0.05234	0.01813	0.07098	0.01948	0.61398	0.02217	0.00438	0.00476	0.00778	0.12121	0.00392
34	0.04391	0.01502	0.15231	0.05218	0.03869	0.01268	0.05647	0.27644	0.03297	0.18148	0.01570	0.03284	0.02857	0.00674	0.00552	0.00173	0.00610	0.02767	0.00468	0.00830
35	0.20247	0.01132	0.01375	0.10504	0.07319	0.01197	0.02986	0.13503	0.07458	0.11714	0.01226	0.01334	0.00907	0.00568	0.00516	0.00159	0.02845	0.00440	0.00407	0.14164
36	0.00855	0.00595	0.00757	0.00739	0.00796	0.00645	0.00508	0.03689	0.00900	0.01258	0.01566	0.02795	0.01636	0.42489	0.30808	0.03452	0.02189	0.00678	0.03224	0.00418
37	0.72415	0.03885	0.00989	0.00864	0.03979	0.01294	0.00677	0.07212	0.01070	0.02456	0.00811	0.00935	0.00630	0.00515	0.00361	0.00166	0.00449	0.00317	0.00347	0.00630

[dist]
# distance from previous block
# <min> <max>
1	2

[block]
# block no. 10 follows, 44 sequences, length 31
# corresponding to MSA columns:
# 1330-1339,1341-1361
name=unknown_K
#
# <colnr> <probs for GDERKNQSTAVLIFYWHMCP>
#	G	D	E	R	K	N	Q	S	T	A	V	L	I	F	Y	W	H	M	C	P
0	0.01408	0.02824	0.18246	0.01171	0.01573	0.03619	0.03476	0.07169	0.19408	0.13666	0.12650	0.06368	0.01858	0.00771	0.00603	0.00177	0.03135	0.00638	0.00471	0.00767
1	0.01230	0.17416	0.53932	0.01355	0.02031	0.01388	0.01646	0.04091	0.01227	0.04779	0.05234	0.01295	0.00974	0.00552	0.00495	0.00162	0.00713	0.00423	0.00279	0.00778
2	0.01015	0.00617	0.00770	0.00728	0.00890	0.00588	0.00558	0.01321	0.05433	0.09813	0.40656	0.09393	0.04780	0.01036	0.00592	0.00173	0.00307	0.05217	0.15546	0.00567
3	0.01140	0.01109	0.01565	0.08780	0.01574	0.01519	0.01142	0.01271	0.00855	0.01296	0.00834	0.01441	0.00836	0.08433	0.01764	0.00260	0.64855	0.00508	0.00248	0.00572
4	0.00728	0.00564	0.00676	0.00730	0.00870	0.00512	0.00576	0.00903	0.01240	0.01563	0.09762	0.16575	0.38400	0.01447	0.00685	0.00209	0.00349	0.23224	0.00512	0.00474
5	0.01130	0.00969	0.01130	0.00807	0.01292	0.00727	0.00646	0.01373	0.01130	0.01776	0.00969	0.01130	0.00807	0.00404	0.00404	0.00081	0.00404	0.00323	0.00323	0.84173
6	0.00800	0.00584	0.00807	0.04563	0.05064	0.00557	0.00622	0.00974	0.01232	0.03847	0.25114	0.43217	0.07816	0.01362	0.00657	0.00198	0.00338	0.01223	0.00514	0.00509
7	0.01512	0.73775	0.02733	0.00977	0.01426	0.09355	0.00944	0.01684	0.01149	0.01288	0.00766	0.00885	0.00700	0.00475	0.00363	0.00119	0.00621	0.00297	0.00238	0.00693
8	0.12235	0.52296	0.12574	0.01007	0.01499	0.01828	0.01034	0.05605	0.01189	0.05194	0.00882	0.00982	0.00727	0.00498	0.00391	0.00136	0.00587	0.00330	0.00283	0.00723
9	0.01541	0.01347	0.07171	0.03968	0.07058	0.05793	0.08316	0.12900	0.20241	0.12642	0.04751	0.04768	0.01506	0.00732	0.00573	0.00179	0.00586	0.04666	0.00469	0.00793
10	0.14278	0.03684	0.01830	0.22606	0.39375	0.01312	0.01411	0.01566	0.01125	0.01740	0.00942	0.01280	0.00771	0.00532	0.00578	0.00171	0.05349	0.00449	0.00270	0.00733
11	0.01082	0.01138	0.05686	0.63822	0.09509	0.03964	0.01501	0.01441	0.01127	0.01443	0.01119	0.01536	0.03239	0.00567	0.00545	0.00178	0.00719	0.00497	0.00254	0.00633
12	0.07698	0.01504	0.01479	0.17590	0.02019	0.16128	0.01063	0.27529	0.10756	0.02298	0.01198	0.01323	0.00900	0.00598	0.00513	0.00161	0.00655	0.00454	0.00404	0.05731
13	0.01322	0.01267	0.02163	0.09895	0.71106	0.01288	0.01659	0.01649	0.01228	0.01748	0.01021	0.01358	0.00852	0.00491	0.00540	0.00164	0.00654	0.00486	0.00267	0.00841
14	0.84691	0.01054	0.00801	0.00717	0.01054	0.01223	0.00590	0.01603	0.00928	0.02446	0.00759	0.00886	0.00590	0.00506	0.00337	0.00169	0.00422	0.00295	0.00337	0.00590
15	0.00788	0.00549	0.00700	0.00700	0.00737	0.00586	0.00462	0.00861	0.00824	0.01135	0.01621	0.03032	0.01750	0.52031	0.31267	0.00659	0.00878	0.00714	0.00316	0.00389
16	0.49331	0.00961	0.00929	0.00782	0.01128	0.01015	0.00641	0.01924	0.01159	0.27596	0.01320	0.01318	0.00920	0.00575	0.00412	0.00165	0.00420	0.00400	0.08310	0.00695
17	0.00792	0.00532	0.00610	0.00610	0.00615	0.00537	0.00349	0.00803	0.00797	0.01068	0.01704	0.03491	0.01949	0.76721	0.06848	0.00547	0.00579	0.00782	0.00328	0.00339
18	0.00850	0.00579	0.00731	0.00680	0.00836	0.00522	0.00515	0.01084	0.01494	0.06571	0.60603	0.04138	0.17074	0.01133	0.00638	0.00173	0.00273	0.00988	0.00589	0.00530
19	0.01312	0.01116	0.03835	0.03428	0.03927	0.01149	0.07149	0.10930	0.32206	0.05652	0.02087	0.16668	0.01859	0.00909	0.00597	0.00191	0.00504	0.05230	0.00495	0.00754
20	0.00788	0.00529	0.00607	0.00612	0.00617	0.00532	0.00351	0.00799	0.00805	0.01077	0.01753	0.06259	0.02015	0.74930	0.05749	0.00532	0.00558	0.00811	0.00335	0.00341
21	0.01301	0.03775	0.09083	0.12553	0.09017	0.01060	0.08343	0.07455	0.01356	0.11673	0.06880	0.09567	0.01767	0.00847	0.00618	0.00188	0.01951	0.11456	0.00414	0.00696
22	0.01392	0.01159	0.01352	0.01224	0.06041	0.03244	0.04352	0.23794	0.19545	0.02230	0.02198	0.04851	0.12974	0.08358	0.00840	0.00212	0.04344	0.00687	0.00469	0.00732
23	0.01542	0.01127	0.02565	0.01191	0.06935	0.03438	0.03202	0.04237	0.18964	0.19108	0.01675	0.01752	0.02431	0.00615	0.00512	0.00147	0.00489	0.02712	0.00464	0.26894
24	0.01379	0.07866	0.22883	0.01278	0.06039	0.03297	0.03600	0.02745	0.01331	0.17218	0.17867	0.01998	0.01857	0.02028	0.02912	0.00194	0.03785	0.00578	0.00415	0.00731
25	0.01416	0.47837	0.16075	0.01193	0.01701	0.05930	0.08125	0.05241	0.01228	0.01547	0.00909	0.01061	0.00754	0.00497	0.00426	0.00137	0.00661	0.00367	0.04175	0.00720
26	0.02393	0.00940	0.01264	0.00977	0.01393	0.00828	0.00804	0.02668	0.05173	0.74174	0.02154	0.01864	0.01365	0.00678	0.00549	0.00169	0.00462	0.00552	0.00669	0.00925
27	0.07100	0.02573	0.10096	0.01402	0.07146	0.01074	0.15617	0.07420	0.04787	0.13148	0.10373	0.02234	0.09055	0.00832	0.03032	0.00197	0.00603	0.02155	0.00431	0.00726
28	0.01449	0.03296	0.06665	0.10862	0.12197	0.02223	0.03744	0.02094	0.22200	0.17126	0.05329	0.05058	0.03920	0.00710	0.00557	0.00176	0.00540	0.00615	0.00456	0.00783
29	0.02446	0.00928	0.01265	0.00970	0.01392	0.00801	0.00801	0.02657	0.01560	0.77817	0.02151	0.01856	0.01350	0.00675	0.00548	0.00169	0.00464	0.00548	0.00675	0.00928
30	0.00851	0.00670	0.00928	0.11595	0.04470	0.00685	0.01826	0.01100	0.04034	0.01536	0.02844	0.23973	0.14981	0.05469	0.00759	0.00223	0.00443	0.17819	0.05279	0.00517

[dist]
# distance from previous block
# <min> <max>
0	1

[block]
# block no. 11 follows, 44 sequences, length 21
# corresponding to MSA columns:
# 1363-1383
name=unknown_L
#
# <colnr> <probs for GDERKNQSTAVLIFYWHMCP>
#	G	D	E	R	K	N	Q	S	T	A	V	L	I	F	Y	W	H	M	C	P
0	0.07076	0.03244	0.08486	0.01453	0.08110	0.01147	0.13247	0.06335	0.09456	0.33365	0.01619	0.01591	0.01111	0.00600	0.00543	0.00171	0.00589	0.00528	0.00484	0.00846
1	0.00929	0.00740	0.00951	0.00948	0.01084	0.05505	0.05940	0.01098	0.01196	0.05346	0.06461	0.43373	0.07893	0.01407	0.00677	0.00212	0.00438	0.14799	0.00488	0.00516
2	0.01619	0.47172	0.05652	0.01112	0.01534	0.21338	0.01013	0.06536	0.06660	0.01522	0.00928	0.01024	0.00783	0.00524	0.00420	0.00133	0.00684	0.00347	0.00288	0.00713
3	0.48436	0.01101	0.01196	0.07838	0.07620	0.01233	0.03990	0.11462	0.01221	0.02318	0.01089	0.05277	0.00938	0.00628	0.00448	0.00175	0.00509	0.03504	0.00364	0.00654
4	0.01180	0.01183	0.08439	0.11041	0.09587	0.01140	0.04213	0.07689	0.18110	0.01880	0.04945	0.04633	0.03481	0.06319	0.00801	0.00214	0.04603	0.09443	0.00406	0.00696
5	0.01596	0.15789	0.01388	0.00874	0.01226	0.00997	0.00740	0.05042	0.01425	0.29645	0.12967	0.02497	0.10353	0.00794	0.00532	0.00157	0.00437	0.04290	0.00515	0.08736
6	0.00793	0.00529	0.00595	0.00595	0.00595	0.00529	0.00330	0.00793	0.00793	0.01057	0.01718	0.03568	0.01982	0.80840	0.02775	0.00529	0.00529	0.00793	0.00330	0.00330
7	0.01256	0.01637	0.13171	0.02154	0.02711	0.01378	0.61827	0.01722	0.01246	0.01722	0.01067	0.01414	0.00803	0.00493	0.00685	0.00185	0.04923	0.00603	0.00268	0.00738
8	0.84691	0.01054	0.00801	0.00717	0.01054	0.01223	0.00590	0.01603	0.00928	0.02446	0.00759	0.00886	0.00590	0.00506	0.00337	0.00169	0.00422	0.00295	0.00337	0.00590
9	0.01030	0.00969	0.01635	0.79530	0.03755	0.01211	0.01514	0.01393	0.01090	0.01393	0.00969	0.01453	0.00727	0.00545	0.00545	0.00182	0.00727	0.00484	0.00242	0.00606
10	0.00934	0.00837	0.00884	0.10442	0.01261	0.11045	0.00690	0.01098	0.01190	0.01530	0.13860	0.40996	0.02918	0.04285	0.00704	0.00204	0.00451	0.01084	0.05087	0.00499
11	0.00673	0.00498	0.00632	0.00736	0.00801	0.00457	0.00511	0.00785	0.01092	0.01420	0.03456	0.62472	0.16968	0.01637	0.00690	0.00216	0.00320	0.05681	0.00506	0.00449
12	0.12463	0.01201	0.01551	0.01321	0.01402	0.01612	0.01099	0.07368	0.00987	0.01636	0.00770	0.01161	0.00716	0.00870	0.01494	0.00223	0.62774	0.00454	0.00277	0.00622
13	0.00761	0.00558	0.00677	0.00655	0.00801	0.00498	0.00488	0.00968	0.01411	0.03636	0.47131	0.09823	0.28128	0.01232	0.00645	0.00179	0.00272	0.01069	0.00565	0.00501
14	0.04306	0.00836	0.00917	0.00882	0.01067	0.02736	0.00675	0.17455	0.03722	0.01958	0.04098	0.31211	0.15616	0.02605	0.00671	0.00205	0.00420	0.09535	0.00502	0.00582
15	0.01058	0.00810	0.01005	0.01951	0.01124	0.00736	0.02181	0.02482	0.04406	0.05098	0.04495	0.03705	0.04666	0.20866	0.08755	0.00297	0.02227	0.00587	0.00370	0.33180
16	0.06568	0.00957	0.01256	0.00968	0.01386	0.00856	0.00800	0.05393	0.01567	0.71183	0.02049	0.01786	0.01295	0.00666	0.00538	0.00168	0.00467	0.00533	0.00653	0.00911
17	0.01250	0.01299	0.04200	0.30799	0.36347	0.07494	0.04094	0.01578	0.01201	0.01584	0.01074	0.04665	0.00909	0.00565	0.00547	0.00171	0.00704	0.00522	0.00270	0.00727
18	0.05169	0.03319	0.08605	0.08297	0.07538	0.01105	0.04808	0.14373	0.01468	0.08791	0.09153	0.01724	0.01371	0.00616	0.00517	0.00151	0.00547	0.02589	0.00403	0.19455
19	0.01548	0.12030	0.04073	0.02283	0.40426	0.03230	0.05110	0.05040	0.03247	0.12566	0.01188	0.01356	0.00921	0.00522	0.00514	0.00155	0.00621	0.00468	0.00343	0.04359
20	0.01266	0.01172	0.04626	0.01555	0.21622	0.04272	0.00999	0.03340	0.01226	0.05121	0.01221	0.08284	0.01089	0.00571	0.00484	0.00127	0.00510	0.00494	0.00340	0.41679

[dist]
# distance from previous block
# <min> <max>
4	17

[block]
# block no. 12 follows, 44 sequences, length 19
# corresponding to MSA columns:
# 1401-1419
name=unknown_M
#
# <colnr> <probs for GDERKNQSTAVLIFYWHMCP>
#	G	D	E	R	K	N	Q	S	T	A	V	L	I	F	Y	W	H	M	C	P
0	0.08031	0.22067	0.05771	0.01025	0.01400	0.12311	0.03030	0.01861	0.05149	0.16238	0.09370	0.01656	0.01412	0.04594	0.00589	0.00167	0.00574	0.00483	0.00398	0.03873
