[name]
unknown

[dist]
# distance from previous block
# <min> <max>
0	373

[block]
# block no. 0 follows, 42 sequences, length 12
# corresponding to MSA columns:
# 375-386
name=unknown_A
#
# <colnr> <probs for GDERKNQSTAVLIFYWHMCP>
#	G	D	E	R	K	N	Q	S	T	A	V	L	I	F	Y	W	H	M	C	P
0	0.13805	0.01027	0.01440	0.45689	0.02779	0.04385	0.03523	0.01453	0.01155	0.01656	0.01365	0.04162	0.01240	0.00758	0.00572	0.00197	0.00668	0.13199	0.00322	0.00605
1	0.13789	0.01014	0.01556	0.66910	0.03449	0.01252	0.01417	0.01471	0.01100	0.01604	0.00967	0.01411	0.00729	0.00556	0.00530	0.00185	0.00702	0.00470	0.00265	0.00623
2	0.13388	0.01072	0.01638	0.53198	0.14534	0.01270	0.01425	0.01566	0.03621	0.01690	0.01020	0.01418	0.00783	0.00554	0.00531	0.00183	0.00681	0.00476	0.00280	0.00672
3	0.45133	0.01266	0.01335	0.16453	0.15641	0.08442	0.01045	0.01681	0.01109	0.02080	0.00884	0.01126	0.00700	0.00532	0.00443	0.00173	0.00594	0.00384	0.00311	0.00669
4	0.00860	0.00589	0.00781	0.00782	0.00912	0.00555	0.00599	0.01088	0.01423	0.05020	0.44750	0.15939	0.07561	0.01458	0.04802	0.00236	0.00386	0.11156	0.00572	0.00531
5	0.84197	0.01088	0.00827	0.00740	0.01088	0.01262	0.00609	0.01654	0.00958	0.02525	0.00784	0.00914	0.00609	0.00522	0.00348	0.00174	0.00435	0.00305	0.00348	0.00609
6	0.00843	0.00690	0.00925	0.01082	0.12428	0.00636	0.00679	0.01078	0.01441	0.01944	0.40998	0.04183	0.28670	0.01144	0.00648	0.00180	0.00334	0.00996	0.00535	0.00567
7	0.38302	0.01277	0.01270	0.01153	0.06712	0.05244	0.00866	0.19200	0.01544	0.17638	0.01230	0.01258	0.00875	0.00595	0.00466	0.00171	0.00534	0.00422	0.00461	0.00784
8	0.23886	0.01034	0.01299	0.18222	0.05044	0.01094	0.00969	0.05886	0.01370	0.30069	0.04757	0.01606	0.01171	0.00631	0.00511	0.00177	0.00533	0.00496	0.00477	0.00770
9	0.05300	0.00722	0.00915	0.00955	0.05993	0.00698	0.00658	0.04562	0.03147	0.07773	0.33476	0.20622	0.10646	0.01174	0.00639	0.00189	0.00353	0.01027	0.00554	0.00597
10	0.11353	0.01137	0.01796	0.32294	0.35289	0.01253	0.01466	0.01572	0.01197	0.01788	0.04849	0.01520	0.01028	0.00561	0.00539	0.00176	0.00651	0.00503	0.00293	0.00735
11	0.05674	0.13223	0.01843	0.15168	0.26336	0.01273	0.01215	0.01624	0.01164	0.09904	0.01101	0.01405	0.00889	0.00744	0.00773	0.11866	0.02284	0.00461	0.00313	0.02739

[dist]
# distance from previous block
# <min> <max>
0	36

[block]
# block no. 1 follows, 42 sequences, length 59
# corresponding to MSA columns:
# 423-481
name=unknown_B
#
# <colnr> <probs for GDERKNQSTAVLIFYWHMCP>
#	G	D	E	R	K	N	Q	S	T	A	V	L	I	F	Y	W	H	M	C	P
0	0.01640	0.08754	0.14151	0.02016	0.27130	0.01398	0.03649	0.15182	0.03754	0.12849	0.03211	0.01479	0.01067	0.00588	0.00544	0.00168	0.00644	0.00502	0.00397	0.00875
1	0.01845	0.01242	0.04855	0.12018	0.07352	0.02955	0.16808	0.04664	0.01448	0.34884	0.01590	0.01667	0.01089	0.00717	0.02902	0.00201	0.01899	0.00561	0.00468	0.00835
2	0.01020	0.00741	0.00845	0.00817	0.00923	0.04275	0.00574	0.01243	0.07173	0.06277	0.01945	0.08108	0.04285	0.34619	0.24141	0.00545	0.00812	0.00768	0.00388	0.00501
3	0.01585	0.01777	0.19764	0.01645	0.05829	0.05293	0.16677	0.13256	0.14581	0.10461	0.01450	0.01539	0.01051	0.00657	0.01716	0.00189	0.00728	0.00541	0.00412	0.00849
4	0.03945	0.06445	0.24132	0.06659	0.17325	0.01308	0.03640	0.10218	0.01450	0.14900	0.03765	0.01479	0.01051	0.00589	0.00542	0.00172	0.00668	0.00492	0.00380	0.00842
5	0.00992	0.00818	0.01239	0.01628	0.25887	0.00787	0.00928	0.01242	0.01376	0.02980	0.31834	0.16338	0.08284	0.01061	0.00639	0.00185	0.00418	0.02241	0.00483	0.00639
6	0.46848	0.01042	0.01044	0.00867	0.01249	0.01094	0.00712	0.02164	0.05199	0.32597	0.01443	0.01381	0.00985	0.00605	0.00448	0.00175	0.00453	0.00428	0.00501	0.00765
7	0.04488	0.19733	0.16411	0.01743	0.19605	0.01456	0.03773	0.02032	0.09103	0.14453	0.01304	0.01391	0.00979	0.00563	0.00507	0.00163	0.00630	0.00463	0.00366	0.00838
8	0.01349	0.07150	0.31007	0.03864	0.06586	0.01418	0.24166	0.05784	0.07076	0.04404	0.01195	0.01394	0.00881	0.00542	0.00571	0.00178	0.00789	0.00519	0.00313	0.00815
9	0.00816	0.00666	0.04576	0.00871	0.00988	0.00554	0.00685	0.00986	0.01169	0.04055	0.05005	0.52479	0.07165	0.01590	0.00712	0.00227	0.00392	0.16041	0.00516	0.00508
10	0.01573	0.01684	0.14712	0.03661	0.14507	0.13701	0.04948	0.05648	0.07601	0.12456	0.10147	0.01760	0.01485	0.00668	0.00603	0.00174	0.02919	0.00553	0.00409	0.00791
11	0.01716	0.01777	0.30869	0.07525	0.02159	0.01123	0.08358	0.02189	0.04089	0.32183	0.01557	0.01571	0.01040	0.00605	0.00563	0.00179	0.00680	0.00515	0.00441	0.00862
12	0.07040	0.06920	0.14760	0.01179	0.01611	0.06596	0.01100	0.20066	0.08324	0.11233	0.07090	0.04143	0.01524	0.00753	0.00553	0.00176	0.00597	0.05069	0.00468	0.00796
13	0.01794	0.10962	0.04583	0.01493	0.04105	0.23215	0.09210	0.17776	0.05085	0.05989	0.01128	0.01270	0.00877	0.00633	0.00676	0.00169	0.09426	0.00464	0.00371	0.00775
14	0.01011	0.00664	0.03028	0.00828	0.00981	0.00564	0.00633	0.01164	0.01210	0.13421	0.03255	0.44322	0.14503	0.03816	0.00750	0.00225	0.00384	0.08153	0.00536	0.00552
15	0.01821	0.01717	0.22359	0.01381	0.01917	0.05020	0.09702	0.11041	0.05482	0.28794	0.02841	0.02801	0.01177	0.00646	0.00570	0.00177	0.00666	0.00546	0.00477	0.00867
16	0.01398	0.01244	0.01609	0.01353	0.01455	0.01615	0.01109	0.18013	0.01263	0.01828	0.00977	0.01494	0.00914	0.08523	0.01653	0.00257	0.53772	0.00527	0.00327	0.00667
17	0.01264	0.00680	0.00886	0.00774	0.00992	0.00609	0.00598	0.01498	0.01548	0.22886	0.47528	0.03661	0.10360	0.03328	0.00700	0.00188	0.00334	0.00902	0.00624	0.00639
18	0.04348	0.01386	0.08549	0.05734	0.09134	0.02600	0.13846	0.16790	0.07810	0.07473	0.01645	0.06629	0.01411	0.00775	0.00604	0.00190	0.00654	0.09204	0.00432	0.00784
19	0.07942	0.13217	0.15352	0.06466	0.05702	0.01445	0.07322	0.12527	0.09052	0.13624	0.01337	0.01411	0.00972	0.00590	0.00521	0.00170	0.00640	0.00479	0.00405	0.00825
20	0.01291	0.01143	0.01906	0.01485	0.01843	0.01143	0.28560	0.06620	0.17084	0.05546	0.13949	0.06269	0.02076	0.05638	0.00774	0.00211	0.00620	0.02660	0.00459	0.00725
21	0.00740	0.00533	0.00686	0.00764	0.00847	0.00496	0.00550	0.00898	0.01226	0.01653	0.17579	0.46987	0.11599	0.01550	0.00698	0.00214	0.00328	0.08912	0.03260	0.00482
22	0.05784	0.11851	0.29307	0.01406	0.04651	0.01412	0.04755	0.13103	0.04945	0.15545	0.01306	0.01358	0.00928	0.00584	0.00522	0.00169	0.00669	0.00461	0.00394	0.00850
23	0.01465	0.01151	0.04188	0.01379	0.09564	0.01136	0.04876	0.15360	0.18489	0.10873	0.10180	0.14947	0.02098	0.00896	0.00606	0.00187	0.00507	0.00785	0.00523	0.00790
24	0.00773	0.00526	0.00627	0.00672	0.00683	0.00515	0.00403	0.00806	0.00907	0.01209	0.02228	0.29756	0.02620	0.53367	0.02130	0.00437	0.00471	0.01086	0.00403	0.00381
25	0.01255	0.01605	0.18235	0.20220	0.34521	0.01321	0.07693	0.01737	0.04692	0.01755	0.01099	0.01417	0.00856	0.00533	0.00563	0.00177	0.00735	0.00502	0.00277	0.00806
26	0.06331	0.04269	0.05105	0.10121	0.01675	0.01221	0.00957	0.08337	0.29794	0.08315	0.13749	0.04192	0.01988	0.00779	0.00565	0.00182	0.00491	0.00646	0.00507	0.00775
27	0.01777	0.06198	0.11886	0.01734	0.15065	0.25079	0.01306	0.16444	0.05367	0.05511	0.01142	0.01269	0.00880	0.00602	0.00574	0.00164	0.03384	0.00447	0.00364	0.00808
28	0.00685	0.00493	0.00649	0.00774	0.00814	0.00458	0.00518	0.00785	0.01087	0.01440	0.03223	0.76391	0.07108	0.01747	0.00716	0.00227	0.00325	0.01581	0.00522	0.00458
29	0.01472	0.01833	0.28483	0.04530	0.06238	0.01264	0.18590	0.02122	0.12609	0.14997	0.01448	0.01553	0.01028	0.00583	0.00578	0.00182	0.00727	0.00541	0.00382	0.00841
30	0.01819	0.17020	0.08690	0.01485	0.09571	0.08402	0.07847	0.02237	0.08970	0.26202	0.01493	0.01497	0.01071	0.00595	0.00526	0.00164	0.00643	0.00491	0.00435	0.00840
31	0.00818	0.00546	0.00614	0.00614	0.00614	0.00546	0.00341	0.00818	0.00818	0.01091	0.01773	0.03683	0.02046	0.80222	0.02864	0.00546	0.00546	0.00818	0.00341	0.00341
32	0.02525	0.00958	0.01306	0.01001	0.01437	0.00827	0.00827	0.02743	0.01611	0.77102	0.02220	0.01915	0.01393	0.00697	0.00566	0.00174	0.00479	0.00566	0.00697	0.00958
33	0.02364	0.01376	0.17059	0.12219	0.09992	0.01077	0.04636	0.08582	0.03807	0.04589	0.15361	0.04731	0.10219	0.00807	0.00593	0.00181	0.00579	0.00699	0.00415	0.00716
34	0.01443	0.01298	0.02111	0.05332	0.52346	0.01333	0.05821	0.05730	0.07536	0.04896	0.01281	0.01642	0.01051	0.00588	0.00606	0.00177	0.02663	0.02945	0.00341	0.00861
35	0.01085	0.01017	0.01444	0.01282	0.01316	0.01376	0.01051	0.01235	0.00876	0.01338	0.01001	0.01566	0.00967	0.02089	0.27833	0.00471	0.52681	0.00530	0.00265	0.00577
36	0.01449	0.01308	0.02228	0.09438	0.59147	0.01321	0.06391	0.04208	0.01335	0.06066	0.01134	0.01438	0.00907	0.00521	0.00565	0.00171	0.00681	0.00516	0.00309	0.00867
37	0.01681	0.09324	0.09551	0.06629	0.20289	0.11863	0.05041	0.21602	0.02907	0.04148	0.01132	0.01301	0.00869	0.00572	0.00537	0.00164	0.00722	0.00468	0.00364	0.00833
38	0.04446	0.10215	0.16148	0.07130	0.10105	0.14628	0.11578	0.15523	0.01544	0.02006	0.01041	0.01239	0.00799	0.00553	0.00533	0.00166	0.00779	0.00457	0.00324	0.00787
39	0.00665	0.00570	0.00570	0.00570	0.00760	0.00475	0.00428	0.00808	0.01283	0.01520	0.05701	0.05416	0.76483	0.01425	0.00665	0.00190	0.00285	0.01188	0.00523	0.00475
40	0.01583	0.01611	0.02165	0.09515	0.37361	0.17322	0.11770	0.05748	0.01424	0.04541	0.01083	0.01358	0.00860	0.00536	0.00563	0.00168	0.00778	0.00498	0.00310	0.00805
41	0.01597	0.11932	0.04688	0.04116	0.27817	0.05977	0.05688	0.12946	0.12034	0.05826	0.01289	0.01429	0.00999	0.00578	0.00538	0.00166	0.00656	0.00497	0.00378	0.00851
42	0.01534	0.76662	0.02881	0.00987	0.01459	0.06018	0.00969	0.01713	0.01166	0.01327	0.00787	0.00908	0.00722	0.00486	0.00368	0.00122	0.00623	0.00304	0.00243	0.00719
43	0.01256	0.00997	0.01176	0.00845	0.01340	0.00755	0.00677	0.01504	0.01196	0.06795	0.01081	0.01216	0.00870	0.00435	0.00427	0.00089	0.00421	0.00349	0.00357	0.78211
44	0.01785	0.11100	0.16492	0.01107	0.01575	0.01098	0.02342	0.05733	0.01499	0.35108	0.12222	0.04234	0.01765	0.00729	0.00554	0.00170	0.00544	0.00597	0.00520	0.00825
45	0.00812	0.00543	0.00616	0.00622	0.00624	0.00541	0.00350	0.00817	0.00831	0.01108	0.01840	0.07496	0.02130	0.76294	0.02757	0.00530	0.00535	0.00858	0.00350	0.00347
46	0.01063	0.01000	0.01688	0.78870	0.03876	0.01250	0.01563	0.01438	0.01125	0.01438	0.01000	0.01500	0.00750	0.00563	0.00563	0.00188	0.00750	0.00500	0.00250	0.00625
47	0.01577	0.01338	0.02118	0.12611	0.12192	0.03560	0.21648	0.15833	0.04002	0.09776	0.01363	0.01716	0.01050	0.00633	0.00647	0.00184	0.03804	0.03664	0.01486	0.00798
48	0.01315	0.01329	0.06049	0.20387	0.29385	0.01275	0.20539	0.01699	0.01266	0.05502	0.01218	0.02881	0.00989	0.00575	0.00595	0.00183	0.00748	0.02983	0.00304	0.00776
49	0.00818	0.00546	0.00614	0.00614	0.00614	0.00546	0.00341	0.00818	0.00818	0.01091	0.01773	0.03683	0.02046	0.80222	0.02864	0.00546	0.00546	0.00818	0.00341	0.00341
50	0.01211	0.01159	0.01985	0.01575	0.01899	0.04902	0.32956	0.01617	0.07996	0.05475	0.01944	0.28371	0.01931	0.00974	0.00698	0.00202	0.03070	0.00957	0.00412	0.00668
51	0.01346	0.01271	0.09571	0.01727	0.20174	0.03246	0.07880	0.04383	0.05127	0.11134	0.20719	0.02443	0.06967	0.00772	0.00599	0.00176	0.00558	0.00694	0.00453	0.00758
52	0.00907	0.00648	0.00907	0.01036	0.01166	0.00648	0.00907	0.01166	0.01296	0.01684	0.02980	0.06348	0.03239	0.01555	0.00777	0.00259	0.00518	0.72924	0.00518	0.00518
53	0.01063	0.00551	0.00554	0.00549	0.00687	0.00559	0.00413	0.01377	0.04107	0.02108	0.01854	0.02098	0.01453	0.00660	0.00400	0.00133	0.00269	0.00529	0.80095	0.00539
54	0.06438	0.00984	0.01236	0.01003	0.01367	0.00959	0.00814	0.09659	0.07942	0.46346	0.04280	0.03997	0.01519	0.01136	0.09411	0.00260	0.00595	0.00598	0.00602	0.00855
55	0.08055	0.01253	0.08381	0.04222	0.24475	0.01069	0.01164	0.05990	0.01303	0.08666	0.01381	0.10636	0.01219	0.00667	0.00527	0.00159	0.00550	0.00576	0.00375	0.19330
56	0.00857	0.00596	0.00695	0.00707	0.00864	0.00533	0.00515	0.01049	0.03831	0.07685	0.09227	0.30415	0.38073	0.01440	0.00672	0.00201	0.00319	0.01248	0.00545	0.00526
57	0.74411	0.01289	0.04948	0.00832	0.01203	0.06277	0.00719	0.01700	0.01012	0.02410	0.00801	0.00935	0.00623	0.00527	0.00369	0.00172	0.00494	0.00314	0.00339	0.00624
58	0.03550	0.00591	0.00715	0.00679	0.00831	0.00543	0.00511	0.01026	0.01503	0.02103	0.58307	0.04361	0.20839	0.01190	0.00654	0.00180	0.00275	0.01031	0.00589	0.00521

[dist]
# distance from previous block
# <min> <max>
4	26

[block]
# block no. 2 follows, 42 sequences, length 8
# corresponding to MSA columns:
# 510-517
name=unknown_C
#
# <colnr> <probs for GDERKNQSTAVLIFYWHMCP>
#	G	D	E	R	K	N	Q	S	T	A	V	L	I	F	Y	W	H	M	C	P
0	0.02169	0.01529	0.01660	0.01272	0.01722	0.01675	0.01051	0.69337	0.02567	0.09157	0.01417	0.01394	0.00990	0.00677	0.00563	0.00169	0.00609	0.00511	0.00573	0.00957
1	0.04275	0.01621	0.06642	0.02497	0.39982	0.12203	0.08468	0.05984	0.05910	0.05282	0.01170	0.01387	0.00920	0.00547	0.00554	0.00169	0.00722	0.00497	0.00333	0.00839
2	0.01406	0.01554	0.07014	0.02981	0.51352	0.05994	0.17850	0.01779	0.01305	0.01799	0.01062	0.01385	0.00862	0.00502	0.00576	0.00171	0.00761	0.00524	0.00278	0.00844
3	0.57920	0.01162	0.01009	0.00884	0.01235	0.01340	0.00716	0.09045	0.17659	0.02586	0.01172	0.01219	0.00888	0.00591	0.00419	0.00177	0.00455	0.00398	0.00419	0.00705
4	0.00792	0.00535	0.00622	0.00647	0.00654	0.00528	0.00377	0.00812	0.00869	0.01159	0.02035	0.18683	0.02376	0.64772	0.02442	0.00483	0.00502	0.00972	0.00377	0.00364
5	0.00913	0.00489	0.00715	0.00744	0.00752	0.00482	0.00496	0.00744	0.00809	0.01079	0.01448	0.19002	0.01585	0.01913	0.01872	0.65172	0.00453	0.00735	0.00306	0.00291
6	0.37005	0.01259	0.01198	0.00988	0.01368	0.05362	0.00804	0.20912	0.03726	0.17964	0.01340	0.03553	0.00988	0.00644	0.00474	0.00173	0.00520	0.00461	0.00484	0.00777
7	0.13417	0.06199	0.27441	0.06881	0.09246	0.01414	0.04175	0.17228	0.01456	0.02192	0.01079	0.01330	0.00834	0.04040	0.00615	0.00189	0.00687	0.00454	0.00334	0.00787

[dist]
# distance from previous block
# <min> <max>
0	3

[block]
# block no. 3 follows, 42 sequences, length 39
# corresponding to MSA columns:
# 521-559
name=unknown_D
#
# <colnr> <probs for GDERKNQSTAVLIFYWHMCP>
#	G	D	E	R	K	N	Q	S	T	A	V	L	I	F	Y	W	H	M	C	P
0	0.00698	0.00498	0.00666	0.00790	0.00830	0.00467	0.00537	0.00807	0.01103	0.01474	0.05612	0.74560	0.03759	0.01734	0.00719	0.00228	0.00331	0.04200	0.00526	0.00462
1	0.53103	0.27913	0.01572	0.00843	0.01234	0.04621	0.00747	0.01688	0.01045	0.02075	0.00787	0.00914	0.00652	0.00511	0.00359	0.00155	0.00514	0.00306	0.00310	0.00649
2	0.00787	0.00581	0.00745	0.00758	0.00890	0.00538	0.00588	0.01016	0.01437	0.01950	0.43814	0.11803	0.16132	0.01331	0.00691	0.00200	0.00324	0.15327	0.00575	0.00513
3	0.84197	0.01088	0.00827	0.00740	0.01088	0.01262	0.00609	0.01654	0.00958	0.02525	0.00784	0.00914	0.00609	0.00522	0.00348	0.00174	0.00435	0.00305	0.00348	0.00609
4	0.01528	0.69010	0.08033	0.01033	0.01537	0.02125	0.01049	0.07378	0.01263	0.01529	0.00842	0.00957	0.00740	0.00500	0.00389	0.00128	0.00619	0.00325	0.00266	0.00748
5	0.00816	0.00555	0.00661	0.00661	0.00678	0.00571	0.00400	0.00849	0.00832	0.01126	0.01730	0.03442	0.01941	0.67768	0.15175	0.00604	0.00703	0.00783	0.00335	0.00367
6	0.00806	0.00596	0.00871	0.00871	0.00960	0.00685	0.00662	0.00983	0.00895	0.01282	0.01538	0.02380	0.01480	0.12953	0.69360	0.00863	0.01397	0.00628	0.00306	0.00484
7	0.00838	0.00643	0.00929	0.00911	0.00991	0.00760	0.00698	0.01008	0.00891	0.01283	0.01483	0.02321	0.01437	0.13444	0.62950	0.00811	0.07188	0.00622	0.00302	0.00491
8	0.01147	0.02800	0.72007	0.01735	0.07683	0.01309	0.02054	0.01778	0.01195	0.01786	0.01013	0.01203	0.00725	0.00532	0.00536	0.00177	0.00820	0.00422	0.00241	0.00836
9	0.00695	0.00497	0.00661	0.00777	0.00818	0.00463	0.00523	0.00807	0.01121	0.01506	0.09338	0.73420	0.03857	0.01711	0.00714	0.00224	0.00321	0.01550	0.00531	0.00463
10	0.26997	0.01017	0.01175	0.00933	0.01342	0.00988	0.00770	0.04792	0.01449	0.52320	0.01761	0.01597	0.01144	0.00644	0.00501	0.00174	0.00470	0.00486	0.00588	0.00853
11	0.00779	0.00569	0.00732	0.00703	0.00833	0.00522	0.00523	0.01023	0.01533	0.02144	0.65968	0.09638	0.10500	0.01214	0.00668	0.00182	0.00271	0.01072	0.00605	0.00522
12	0.01360	0.01431	0.02819	0.02896	0.38633	0.01382	0.39377	0.01766	0.01306	0.01820	0.01100	0.01457	0.00872	0.00487	0.00612	0.00179	0.00813	0.00585	0.00282	0.00823
13	0.00878	0.00608	0.00695	0.00653	0.00848	0.00525	0.00497	0.01066	0.01410	0.08750	0.27393	0.04714	0.47371	0.01272	0.00656	0.00185	0.00297	0.01077	0.00569	0.00537
14	0.01256	0.00777	0.01022	0.00865	0.01141	0.00695	0.05817	0.03980	0.02720	0.20608	0.11592	0.07385	0.37631	0.01125	0.00637	0.00186	0.00395	0.00963	0.00562	0.00645
15	0.06007	0.06280	0.63685	0.01548	0.02294	0.01367	0.04688	0.01755	0.01166	0.01789	0.00981	0.01173	0.00714	0.00546	0.00571	0.00178	0.03793	0.00416	0.00246	0.00803
16	0.00824	0.00585	0.00726	0.00695	0.00833	0.00548	0.00519	0.01110	0.03645	0.02152	0.58412	0.07060	0.10457	0.01138	0.00637	0.00176	0.00274	0.00995	0.08680	0.00533
17	0.07907	0.00611	0.00594	0.00572	0.00733	0.00632	0.00437	0.04154	0.01218	0.02189	0.01731	0.01972	0.01356	0.00645	0.00396	0.00136	0.00290	0.00506	0.73373	0.00548
18	0.00879	0.00595	0.00711	0.00707	0.00868	0.00530	0.00529	0.01046	0.01308	0.08323	0.17288	0.18043	0.35668	0.04141	0.02396	0.00225	0.00355	0.05319	0.00544	0.00523
19	0.01779	0.00907	0.01203	0.02104	0.01340	0.00846	0.03572	0.10686	0.01581	0.37959	0.07327	0.13782	0.10348	0.03049	0.00670	0.00194	0.00462	0.00818	0.00599	0.00774
20	0.01497	0.01254	0.01370	0.06660	0.01680	0.01446	0.00967	0.14624	0.58487	0.02484	0.02046	0.01935	0.01525	0.00735	0.00570	0.00187	0.00495	0.00605	0.00548	0.00883
21	0.01095	0.01033	0.01747	0.71444	0.11048	0.01259	0.01579	0.01466	0.01141	0.01477	0.01006	0.01490	0.00764	0.00557	0.00562	0.00186	0.00742	0.00500	0.00253	0.00651
22	0.09684	0.04457	0.07123	0.01093	0.01525	0.07727	0.00945	0.20509	0.05902	0.07318	0.01248	0.01357	0.00956	0.00863	0.06721	0.00206	0.00653	0.00437	0.00415	0.20861
23	0.01344	0.01254	0.08337	0.25611	0.30427	0.01178	0.01472	0.01733	0.03560	0.10391	0.05973	0.03736	0.01267	0.00627	0.00569	0.00178	0.00645	0.00566	0.00351	0.00779
24	0.08664	0.08055	0.01629	0.01358	0.01666	0.66443	0.01040	0.02160	0.01512	0.01466	0.00857	0.00999	0.00715	0.00568	0.00484	0.00146	0.00939	0.00353	0.00291	0.00654
25	0.77519	0.01081	0.00854	0.00748	0.01108	0.01221	0.00614	0.01635	0.00975	0.02469	0.00801	0.00935	0.00627	0.00514	0.00354	0.00167	0.00434	0.00307	0.00347	0.07290
26	0.77489	0.01047	0.00821	0.00737	0.01068	0.01204	0.00603	0.01607	0.01009	0.02503	0.06867	0.01179	0.00988	0.00573	0.00374	0.00174	0.00422	0.00362	0.00370	0.00603
27	0.00763	0.06970	0.00828	0.00718	0.00853	0.00617	0.00529	0.00909	0.01232	0.01588	0.15703	0.37720	0.26645	0.01454	0.00664	0.00199	0.00326	0.01271	0.00516	0.00496
28	0.00813	0.00637	0.00718	0.00743	0.00919	0.00598	0.00592	0.01111	0.07269	0.01681	0.06382	0.07103	0.43386	0.01362	0.00672	0.00205	0.00357	0.19587	0.05341	0.00524
29	0.24317	0.04896	0.01511	0.01298	0.09259	0.01327	0.03737	0.21891	0.01627	0.18613	0.01322	0.01358	0.00944	0.00596	0.00491	0.00167	0.00541	0.00456	0.02657	0.02992
30	0.00836	0.00571	0.00736	0.00779	0.00890	0.00529	0.00579	0.01010	0.01287	0.05187	0.22455	0.32525	0.13402	0.04472	0.00781	0.00224	0.00350	0.12331	0.00548	0.00507
31	0.02739	0.11549	0.12170	0.01684	0.13564	0.03260	0.07109	0.23328	0.07423	0.06476	0.01252	0.01363	0.00942	0.00597	0.00569	0.00168	0.02719	0.00485	0.00399	0.02204
32	0.01244	0.32828	0.39661	0.01299	0.01934	0.01601	0.04062	0.01667	0.01183	0.01584	0.01303	0.01429	0.06816	0.00584	0.00482	0.00157	0.00703	0.00442	0.00263	0.00758
33	0.00778	0.00717	0.06849	0.00810	0.00948	0.00555	0.00645	0.00988	0.01276	0.01790	0.29202	0.42762	0.03945	0.01393	0.00669	0.00201	0.00342	0.01246	0.04367	0.00517
34	0.00962	0.00883	0.04242	0.04043	0.12719	0.00822	0.05581	0.01328	0.09142	0.01714	0.07558	0.40755	0.02706	0.01210	0.00647	0.00202	0.00459	0.01107	0.03302	0.00617
35	0.05247	0.11614	0.07934	0.23831	0.02363	0.04451	0.08410	0.12939	0.05995	0.03701	0.01242	0.04343	0.01014	0.03803	0.00631	0.00189	0.00684	0.00533	0.00350	0.00726
36	0.00871	0.00952	0.09906	0.15964	0.01651	0.00815	0.00947	0.01160	0.03699	0.01548	0.05559	0.28594	0.14142	0.02532	0.03680	0.00238	0.03671	0.03090	0.00420	0.00562
37	0.00718	0.00501	0.00665	0.00763	0.00809	0.00467	0.00516	0.00806	0.01106	0.01479	0.09768	0.63194	0.07013	0.01707	0.00830	0.06930	0.00332	0.01438	0.00509	0.00448
38	0.03749	0.10251	0.10459	0.20571	0.03359	0.06740	0.06551	0.06777	0.03843	0.13822	0.04405	0.01687	0.04105	0.00637	0.00544	0.00172	0.00667	0.00529	0.00385	0.00749

[dist]
# distance from previous block
# <min> <max>
1	28

[block]
# block no. 4 follows, 42 sequences, length 25
# corresponding to MSA columns:
# 588-612
name=unknown_E
#
# <colnr> <probs for GDERKNQSTAVLIFYWHMCP>
#	G	D	E	R	K	N	Q	S	T	A	V	L	I	F	Y	W	H	M	C	P
0	0.01409	0.11917	0.02347	0.01724	0.07465	0.01353	0.30896	0.05454	0.09179	0.07417	0.05642	0.07748	0.01446	0.00670	0.00592	0.00176	0.00678	0.00670	0.00391	0.02827
1	0.01409	0.01265	0.04845	0.04315	0.32467	0.01211	0.10758	0.08064	0.07158	0.07687	0.01634	0.11531	0.02580	0.00740	0.00598	0.00183	0.00626	0.01726	0.00394	0.00809
2	0.00881	0.00615	0.00746	0.00703	0.00887	0.00561	0.00538	0.01077	0.01338	0.07596	0.25783	0.04191	0.36003	0.01713	0.12973	0.00297	0.00492	0.00979	0.00526	0.02102
3	0.01909	0.01456	0.01553	0.01238	0.01648	0.01624	0.01007	0.54116	0.21907	0.03184	0.01702	0.01645	0.02937	0.00716	0.00568	0.00175	0.00565	0.00557	0.00565	0.00928
4	0.03248	0.20673	0.19312	0.03007	0.04543	0.01425	0.09022	0.01857	0.12163	0.04659	0.01364	0.07512	0.01155	0.00642	0.00516	0.00163	0.00629	0.00542	0.00345	0.07222
5	0.04529	0.48479	0.13910	0.01199	0.05321	0.01839	0.01148	0.07445	0.01294	0.05879	0.00963	0.01072	0.00785	0.00517	0.00426	0.00139	0.00622	0.00360	0.00300	0.03774
6	0.01505	0.80561	0.02949	0.00963	0.01444	0.02227	0.00963	0.01685	0.01143	0.01324	0.00782	0.00903	0.00722	0.00481	0.00361	0.00120	0.00602	0.00301	0.00241	0.00722
7	0.00721	0.00569	0.00649	0.00635	0.00796	0.00498	0.00474	0.00913	0.01405	0.01825	0.35146	0.07508	0.44216	0.01322	0.00666	0.00186	0.00278	0.01131	0.00563	0.00498
8	0.01346	0.01383	0.10167	0.05349	0.39200	0.01220	0.04978	0.07376	0.04001	0.04700	0.07829	0.05032	0.03567	0.00670	0.00580	0.00175	0.00625	0.00617	0.00367	0.00815
9	0.01000	0.00894	0.01359	0.44622	0.06323	0.01029	0.01179	0.01397	0.07194	0.01594	0.07423	0.07195	0.13103	0.00855	0.00630	0.01921	0.00583	0.00723	0.00363	0.00611
10	0.02449	0.01079	0.01381	0.01059	0.01497	0.01007	0.00875	0.16855	0.01813	0.62703	0.02050	0.01805	0.01308	0.00692	0.00565	0.00173	0.00506	0.00554	0.00670	0.00958
11	0.00765	0.00591	0.00701	0.00683	0.00835	0.00539	0.00508	0.01026	0.04310	0.01940	0.43180	0.10434	0.29869	0.01279	0.00665	0.00186	0.00284	0.01108	0.00576	0.00520
12	0.01755	0.01603	0.10449	0.02209	0.32349	0.06977	0.04073	0.16456	0.01623	0.15047	0.01299	0.01428	0.00957	0.00578	0.00557	0.00169	0.00680	0.00500	0.00403	0.00887
13	0.01460	0.01425	0.02277	0.03193	0.65417	0.05148	0.05589	0.05286	0.01365	0.01896	0.01068	0.01379	0.00884	0.00512	0.00561	0.00167	0.00698	0.00504	0.00293	0.00876
14	0.00702	0.00509	0.00666	0.00777	0.00833	0.00473	0.00537	0.00820	0.01131	0.01497	0.06875	0.66270	0.09437	0.01695	0.00715	0.00225	0.00331	0.05516	0.00527	0.00466
15	0.09584	0.03010	0.09531	0.02745	0.13611	0.02371	0.04022	0.20528	0.05607	0.13538	0.05043	0.01554	0.01183	0.00650	0.00606	0.00176	0.04437	0.00517	0.00446	0.00838
16	0.01033	0.00749	0.01026	0.01126	0.11469	0.00699	0.00730	0.01333	0.04162	0.07701	0.44611	0.07210	0.09874	0.01029	0.00629	0.00175	0.00356	0.00908	0.00550	0.04631
17	0.00686	0.00490	0.00653	0.00784	0.00816	0.00457	0.00522	0.00784	0.01077	0.01437	0.03102	0.79855	0.03722	0.01763	0.00718	0.00229	0.00326	0.01600	0.00522	0.00457
18	0.84197	0.01088	0.00827	0.00740	0.01088	0.01262	0.00609	0.01654	0.00958	0.02525	0.00784	0.00914	0.00609	0.00522	0.00348	0.00174	0.00435	0.00305	0.00348	0.00609
19	0.22388	0.06732	0.23813	0.03142	0.01787	0.06676	0.01237	0.16033	0.05611	0.05953	0.01126	0.01215	0.00826	0.00580	0.00485	0.00170	0.00648	0.00416	0.00374	0.00785
20	0.73234	0.01154	0.00942	0.00814	0.01176	0.01327	0.00671	0.11432	0.01183	0.02661	0.00859	0.00973	0.00656	0.00543	0.00377	0.00173	0.00460	0.00332	0.00377	0.00656
21	0.00803	0.00549	0.00636	0.00642	0.00662	0.00550	0.00383	0.00831	0.00863	0.01148	0.02028	0.07339	0.06083	0.66277	0.08491	0.00539	0.00596	0.00859	0.00356	0.00366
22	0.01478	0.01274	0.02099	0.32527	0.11771	0.05165	0.19287	0.05367	0.01360	0.12317	0.01223	0.01518	0.00892	0.00559	0.00584	0.00181	0.00758	0.00543	0.00342	0.00754
23	0.00844	0.00658	0.00783	0.00802	0.00943	0.00651	0.00593	0.01257	0.14045	0.01825	0.21359	0.29725	0.17364	0.01366	0.00674	0.00204	0.00336	0.05458	0.00555	0.00556
24	0.00764	0.00612	0.00814	0.00761	0.00923	0.00549	0.04484	0.00974	0.01398	0.01861	0.37511	0.15485	0.29178	0.01297	0.00672	0.00190	0.00318	0.01142	0.00554	0.00513

[dist]
# distance from previous block
# <min> <max>
0	9

[block]
# block no. 5 follows, 42 sequences, length 8
# corresponding to MSA columns:
# 622-629
name=unknown_F
#
# <colnr> <probs for GDERKNQSTAVLIFYWHMCP>
#	G	D	E	R	K	N	Q	S	T	A	V	L	I	F	Y	W	H	M	C	P
0	0.15024	0.01149	0.04812	0.28144	0.12367	0.01209	0.03919	0.04047	0.09521	0.01943	0.07498	0.01847	0.04919	0.00659	0.00543	0.00181	0.00597	0.00561	0.00360	0.00698
1	0.04070	0.15311	0.01738	0.01271	0.05191	0.01426	0.06824	0.02344	0.37948	0.06000	0.03896	0.01928	0.01493	0.00689	0.00536	0.00172	0.00522	0.03224	0.00463	0.04951
2	0.01061	0.00667	0.00921	0.00981	0.01142	0.00654	0.00832	0.01295	0.01283	0.10451	0.02904	0.09503	0.06746	0.01709	0.07970	0.00304	0.00583	0.49912	0.00519	0.00562
3	0.00731	0.00568	0.00665	0.00650	0.00803	0.00502	0.00484	0.00932	0.01424	0.01879	0.40442	0.08971	0.37312	0.01309	0.00667	0.00186	0.00278	0.01127	0.00570	0.00502
4	0.15456	0.00651	0.00724	0.00704	0.00853	0.00646	0.00518	0.01085	0.01313	0.02023	0.40348	0.14039	0.09817	0.08449	0.00819	0.00219	0.00331	0.00968	0.00525	0.00513
5	0.16440	0.01418	0.01455	0.01168	0.01574	0.01592	0.00953	0.47810	0.16727	0.03132	0.01436	0.01422	0.01046	0.00666	0.00527	0.00174	0.00553	0.00497	0.00527	0.00883
6	0.00959	0.00676	0.00954	0.14488	0.01415	0.00677	0.00732	0.01241	0.01512	0.07124	0.58170	0.03575	0.04245	0.01017	0.00639	0.00179	0.00365	0.00896	0.00560	0.00576
7	0.01195	0.01091	0.01546	0.01104	0.01617	0.00869	0.13695	0.01485	0.01195	0.01828	0.01025	0.01229	0.00837	0.00427	0.00460	0.00102	0.00510	0.00392	0.00325	0.69067

[dist]
# distance from previous block
# <min> <max>
0	2

[block]
# block no. 6 follows, 42 sequences, length 15
# corresponding to MSA columns:
# 632-646
name=unknown_G
#
# <colnr> <probs for GDERKNQSTAVLIFYWHMCP>
#	G	D	E	R	K	N	Q	S	T	A	V	L	I	F	Y	W	H	M	C	P
0	0.00693	0.00498	0.00645	0.00760	0.00800	0.00464	0.00505	0.00787	0.01073	0.01420	0.03175	0.70517	0.08026	0.06715	0.00851	0.00246	0.00338	0.01525	0.00511	0.00451
1	0.13834	0.20194	0.01852	0.01152	0.01579	0.09197	0.00980	0.40005	0.01947	0.02665	0.01089	0.01150	0.00829	0.00598	0.00479	0.00156	0.00627	0.00415	0.00430	0.00822
2	0.05005	0.11811	0.16390	0.04746	0.02083	0.09900	0.15803	0.11163	0.05967	0.06424	0.01173	0.01318	0.00878	0.00558	0.00531	0.00165	0.00736	0.00474	0.00351	0.04523
3	0.01450	0.69350	0.13685	0.01055	0.01588	0.02094	0.01124	0.01699	0.01150	0.01390	0.00815	0.00944	0.00721	0.00489	0.00386	0.00129	0.00635	0.00318	0.00240	0.00738
4	0.01296	0.01105	0.01594	0.01350	0.01481	0.01364	0.07191	0.04002	0.05527	0.08250	0.04777	0.12857	0.01509	0.01013	0.01300	0.00224	0.43422	0.00706	0.00376	0.00659
5	0.01608	0.01112	0.05773	0.01018	0.01367	0.01032	0.00874	0.16816	0.12157	0.18438	0.05838	0.02482	0.03804	0.00812	0.00564	0.00175	0.00478	0.08606	0.12512	0.04532
6	0.01252	0.04010	0.07476	0.06116	0.04945	0.01085	0.03021	0.05886	0.18555	0.07798	0.09520	0.07603	0.01862	0.01512	0.16452	0.00331	0.00729	0.00681	0.00447	0.00720
7	0.01215	0.00727	0.00972	0.12027	0.01401	0.00691	0.00724	0.01452	0.01447	0.19926	0.28842	0.03587	0.22690	0.01030	0.00626	0.00181	0.00392	0.00880	0.00559	0.00632
8	0.00846	0.12087	0.01025	0.00813	0.00947	0.00747	0.00625	0.01004	0.01209	0.01590	0.15199	0.43595	0.07457	0.01434	0.00661	0.00206	0.00375	0.09170	0.00498	0.00516
9	0.13616	0.07431	0.09772	0.01256	0.03723	0.06772	0.06169	0.11827	0.08484	0.15739	0.01539	0.08606	0.01242	0.00710	0.00532	0.00175	0.00598	0.00576	0.00447	0.00786
10	0.01258	0.00652	0.00877	0.00841	0.01018	0.00590	0.00630	0.01434	0.01357	0.23760	0.19027	0.37232	0.03371	0.01307	0.00664	0.00203	0.00366	0.04198	0.00595	0.00622
11	0.02218	0.00945	0.01337	0.12246	0.01773	0.00878	0.00938	0.02461	0.01522	0.61707	0.02089	0.02118	0.01410	0.00728	0.00578	0.00181	0.00520	0.04845	0.00621	0.00884
12	0.18308	0.01479	0.09367	0.05048	0.07440	0.01346	0.31124	0.06304	0.05609	0.06844	0.01190	0.01403	0.00879	0.00538	0.00558	0.00182	0.00726	0.00532	0.00351	0.00771
13	0.07262	0.13376	0.11418	0.03079	0.05032	0.07631	0.01086	0.06905	0.10981	0.23033	0.01617	0.01587	0.03305	0.00639	0.00515	0.00166	0.00598	0.00492	0.00453	0.00824
14	0.03332	0.09055	0.17096	0.09439	0.01925	0.03688	0.01233	0.10481	0.26282	0.03161	0.01527	0.01693	0.01182	0.00776	0.02869	0.00201	0.02311	0.02537	0.00409	0.00802

[dist]
# distance from previous block
# <min> <max>
0	11

[block]
# block no. 7 follows, 42 sequences, length 15
# corresponding to MSA columns:
# 658-672
name=unknown_H
#
# <colnr> <probs for GDERKNQSTAVLIFYWHMCP>
#	G	D	E	R	K	N	Q	S	T	A	V	L	I	F	Y	W	H	M	C	P
0	0.73285	0.01118	0.00984	0.00839	0.01205	0.01266	0.03469	0.04763	0.01077	0.06496	0.00897	0.01009	0.00675	0.00536	0.00381	0.00175	0.00465	0.00341	0.00373	0.00648
1	0.06745	0.00847	0.01064	0.06287	0.05257	0.00900	0.00800	0.06943	0.01322	0.05080	0.11597	0.02777	0.03050	0.05483	0.00785	0.00200	0.06671	0.10963	0.17443	0.05788
2	0.00832	0.00569	0.00709	0.00698	0.00825	0.00520	0.00508	0.01031	0.01388	0.04722	0.41694	0.18128	0.15526	0.05899	0.00788	0.00208	0.00304	0.01102	0.04034	0.00513
3	0.05156	0.08954	0.01531	0.01164	0.01529	0.08877	0.00939	0.17489	0.39990	0.05792	0.01751	0.01670	0.01310	0.00688	0.00535	0.00174	0.00552	0.00534	0.00508	0.00857
4	0.01323	0.05885	0.03246	0.01052	0.03860	0.00931	0.04287	0.05553	0.08907	0.15176	0.25350	0.05607	0.10120	0.00948	0.00609	0.00179	0.00439	0.03892	0.00542	0.02096
5	0.06424	0.05295	0.11223	0.08777	0.05857	0.01317	0.04662	0.15729	0.04941	0.16251	0.01329	0.01424	0.00960	0.00610	0.00597	0.00169	0.04780	0.00480	0.00422	0.08754
6	0.09934	0.10645	0.07136	0.01173	0.01525	0.04650	0.10069	0.04705	0.03865	0.10257	0.04476	0.09429	0.09898	0.00865	0.00640	0.00184	0.05143	0.04298	0.00420	0.00687
7	0.00829	0.00556	0.00712	0.00761	0.00867	0.00506	0.00546	0.00981	0.01253	0.06337	0.17485	0.45108	0.15507	0.01515	0.00693	0.00211	0.00327	0.04748	0.00552	0.00508
8	0.06929	0.01001	0.01446	0.01225	0.05228	0.00959	0.10603	0.04713	0.06499	0.33469	0.06978	0.05198	0.01643	0.03233	0.00635	0.00187	0.00512	0.00640	0.08108	0.00793
9	0.01498	0.05262	0.15742	0.16615	0.05541	0.08379	0.11371	0.04892	0.01373	0.13284	0.04118	0.01751	0.01156	0.00645	0.00600	0.00180	0.02515	0.03957	0.00365	0.00756
10	0.07200	0.12367	0.12279	0.06044	0.18287	0.07021	0.04582	0.03428	0.05044	0.04997	0.08481	0.01811	0.01405	0.00651	0.00536	0.00170	0.00642	0.03947	0.00355	0.00753
11	0.01102	0.00799	0.01072	0.01168	0.08000	0.00842	0.00789	0.04404	0.07112	0.08808	0.02523	0.44596	0.05145	0.01324	0.00793	0.00213	0.09059	0.01143	0.00492	0.00618
12	0.44570	0.01271	0.01421	0.07255	0.04759	0.05763	0.10224	0.08706	0.01241	0.02282	0.00977	0.02873	0.00784	0.00566	0.00475	0.00173	0.01641	0.00429	0.00349	0.04241
13	0.10859	0.00587	0.00778	0.00750	0.00816	0.00599	0.00523	0.00958	0.00811	0.05591	0.01027	0.01629	0.00958	0.01713	0.01887	0.68950	0.00482	0.00472	0.00283	0.00329
14	0.11183	0.26592	0.08238	0.01117	0.01524	0.05132	0.01022	0.12694	0.15192	0.02065	0.04313	0.01379	0.01120	0.00635	0.00555	0.00163	0.05481	0.00448	0.00380	0.00766

[dist]
# distance from previous block
# <min> <max>
0	4

[block]
# block no. 8 follows, 42 sequences, length 20
# corresponding to MSA columns:
# 677-696
name=unknown_I
#
# <colnr> <probs for GDERKNQSTAVLIFYWHMCP>
#	G	D	E	R	K	N	Q	S	T	A	V	L	I	F	Y	W	H	M	C	P
0	0.01063	0.01000	0.01688	0.78870	0.03876	0.01250	0.01563	0.01438	0.01125	0.01438	0.01000	0.01500	0.00750	0.00563	0.00563	0.00188	0.00750	0.00500	0.00250	0.00625
1	0.01914	0.01156	0.01641	0.01249	0.01657	0.01124	0.12933	0.21666	0.01782	0.30878	0.09013	0.02001	0.01591	0.05265	0.00718	0.00194	0.00575	0.00617	0.00554	0.03473
2	0.04652	0.07477	0.11290	0.07945	0.10660	0.05816	0.01262	0.04437	0.10255	0.06661	0.01404	0.01948	0.01198	0.00763	0.00768	0.00192	0.13514	0.08649	0.00366	0.00743
3	0.04367	0.00978	0.03948	0.31556	0.02255	0.00980	0.01054	0.03919	0.04370	0.05000	0.01828	0.15278	0.07022	0.00826	0.00564	0.00176	0.00549	0.00713	0.00379	0.14239
4	0.15427	0.00873	0.01064	0.00870	0.01210	0.00814	0.00704	0.02086	0.01481	0.44177	0.18396	0.02453	0.06440	0.00809	0.00557	0.00176	0.00414	0.00658	0.00613	0.00780
5	0.01008	0.00585	0.00780	0.00821	0.00938	0.00535	0.00592	0.01150	0.01225	0.13920	0.08872	0.54436	0.05777	0.01517	0.00691	0.00216	0.00356	0.05473	0.00558	0.00549
6	0.01633	0.28725	0.07283	0.16982	0.02106	0.17602	0.02520	0.04486	0.03084	0.09081	0.01066	0.01224	0.00829	0.00557	0.00483	0.00153	0.00725	0.00410	0.00318	0.00732
7	0.04689	0.04486	0.03681	0.01141	0.05674	0.03628	0.03954	0.01798	0.08309	0.20831	0.15044	0.16587	0.03819	0.00968	0.00602	0.00186	0.00473	0.02891	0.00527	0.00713
8	0.01006	0.00580	0.00782	0.00841	0.00948	0.00534	0.00605	0.01138	0.01184	0.13859	0.02947	0.60764	0.03299	0.01570	0.00698	0.00222	0.00368	0.07559	0.00551	0.00544
9	0.00887	0.00619	0.00886	0.00951	0.04167	0.00579	0.02893	0.01073	0.01291	0.06071	0.24672	0.42798	0.03823	0.01414	0.00688	0.00208	0.00362	0.05536	0.00543	0.00539
10	0.14967	0.07722	0.02063	0.24151	0.08611	0.01416	0.18546	0.08509	0.02976	0.04265	0.01083	0.01363	0.00821	0.00543	0.00535	0.00177	0.00699	0.00496	0.00326	0.00731
11	0.04633	0.11158	0.34926	0.05059	0.04340	0.01387	0.18815	0.01856	0.01251	0.09703	0.01134	0.01318	0.00821	0.00531	0.00543	0.00174	0.00772	0.00478	0.00303	0.00799
12	0.62631	0.01434	0.13446	0.00935	0.01373	0.01317	0.00895	0.08767	0.01159	0.02502	0.00876	0.01001	0.00660	0.00539	0.00400	0.00174	0.00518	0.00343	0.00351	0.00680
13	0.01144	0.00678	0.00906	0.00936	0.01098	0.00651	0.00775	0.01348	0.01270	0.13940	0.02817	0.05139	0.06957	0.14076	0.01072	0.00287	0.00503	0.45325	0.00519	0.00559
14	0.01467	0.00922	0.01378	0.01105	0.01425	0.00876	0.12802	0.01926	0.11582	0.23553	0.24271	0.02772	0.06945	0.00845	0.00608	0.00178	0.00464	0.00760	0.05387	0.00736
15	0.01019	0.00610	0.00895	0.00855	0.00855	0.00691	0.00610	0.00835	0.00754	0.01039	0.00938	0.01632	0.00938	0.01796	0.02142	0.69960	0.13388	0.00489	0.00245	0.00305
16	0.01035	0.00630	0.00814	0.00815	0.02699	0.00566	0.00585	0.01222	0.01377	0.14129	0.27134	0.25959	0.18268	0.01293	0.00661	0.00194	0.00332	0.01134	0.00577	0.00577
17	0.15036	0.63018	0.06927	0.00964	0.01444	0.02015	0.00970	0.01686	0.01116	0.01548	0.00796	0.00921	0.00703	0.00491	0.00369	0.00133	0.00588	0.00308	0.00258	0.00710
18	0.10214	0.17393	0.17067	0.01389	0.09682	0.01339	0.03683	0.05105	0.01346	0.18965	0.05011	0.03984	0.01216	0.00630	0.00508	0.00166	0.00597	0.00505	0.00402	0.00798
19	0.05093	0.05903	0.03750	0.01688	0.02105	0.01268	0.39144	0.01551	0.01212	0.01724	0.04557	0.01815	0.05469	0.01000	0.08979	0.00258	0.07099	0.00624	0.00314	0.06445

[dist]
# distance from previous block
# <min> <max>
6	124

# created by:
# /home/berkeley/.conda/envs/busco_data_prod/bin/msa2prfl.pl pipeline/OGs_align_augustus/33634/70486.fs
