[name]
unknown

[dist]
# distance from previous block
# <min> <max>
9	840

[block]
# block no. 0 follows, 33 sequences, length 14
# corresponding to MSA columns:
# 870-883
name=unknown_A
#
# <colnr> <probs for GDERKNQSTAVLIFYWHMCP>
#	G	D	E	R	K	N	Q	S	T	A	V	L	I	F	Y	W	H	M	C	P
0	0.14061	0.08390	0.04987	0.05861	0.06773	0.03849	0.17510	0.05697	0.04224	0.12448	0.01569	0.04008	0.01240	0.00719	0.00630	0.00203	0.00763	0.02562	0.00452	0.04056
1	0.01152	0.00771	0.00978	0.00903	0.01060	0.00763	0.00667	0.01348	0.01479	0.08829	0.28145	0.07533	0.12856	0.17222	0.05978	0.00357	0.05884	0.01057	0.00584	0.02435
2	0.01777	0.01381	0.02033	0.08589	0.07223	0.01436	0.09768	0.10189	0.01606	0.13133	0.01425	0.01681	0.01091	0.00858	0.03097	0.00223	0.14350	0.00579	0.00447	0.19113
3	0.01270	0.00921	0.01209	0.01075	0.01247	0.01006	0.00847	0.01628	0.05890	0.09178	0.43997	0.03837	0.06915	0.01239	0.01049	0.00225	0.16129	0.00992	0.00634	0.00713
4	0.48778	0.01240	0.01211	0.08128	0.01693	0.01397	0.00898	0.02278	0.11304	0.12235	0.04152	0.01637	0.01247	0.00711	0.00517	0.00208	0.00546	0.00507	0.00501	0.00813
5	0.01023	0.00646	0.00844	0.00910	0.01023	0.00589	0.00638	0.01180	0.01415	0.08685	0.12331	0.54787	0.09781	0.01822	0.00810	0.00250	0.00386	0.01632	0.00645	0.00603
6	0.01520	0.00798	0.01050	0.01014	0.01225	0.00740	0.00747	0.01797	0.05749	0.23675	0.08295	0.44047	0.03516	0.01558	0.00771	0.00241	0.00440	0.01384	0.00685	0.00751
7	0.03787	0.08722	0.01773	0.24131	0.02436	0.01266	0.07773	0.03431	0.01393	0.01822	0.02744	0.03031	0.20343	0.01608	0.12618	0.00348	0.00863	0.00809	0.00405	0.00698
8	0.00842	0.00630	0.00790	0.00894	0.01002	0.00578	0.00652	0.01007	0.01389	0.01795	0.07628	0.44670	0.21727	0.01891	0.00832	0.00258	0.00400	0.11844	0.00616	0.00555
9	0.06484	0.01623	0.05868	0.03671	0.02017	0.04698	0.07837	0.12252	0.17112	0.05805	0.01599	0.01771	0.01234	0.00896	0.02347	0.00234	0.15777	0.00607	0.02420	0.05746
10	0.08978	0.01208	0.01165	0.01125	0.01311	0.12795	0.00882	0.01542	0.01576	0.02154	0.25535	0.11044	0.06831	0.01315	0.00871	0.00231	0.07613	0.12622	0.00554	0.00648
11	0.01459	0.01167	0.01375	0.00987	0.01567	0.00883	0.00791	0.01750	0.01396	0.06363	0.01255	0.01417	0.01014	0.00507	0.00498	0.00104	0.00492	0.00406	0.00415	0.76154
12	0.11940	0.01515	0.04742	0.10818	0.04610	0.06342	0.15122	0.05547	0.04007	0.02165	0.05619	0.06355	0.01516	0.01137	0.06079	0.00283	0.10310	0.00707	0.00401	0.00784
13	0.04877	0.16659	0.09041	0.07109	0.08634	0.21480	0.01406	0.04808	0.14064	0.02042	0.01354	0.01505	0.01078	0.00692	0.00621	0.00189	0.02662	0.00507	0.00389	0.00882

[dist]
# distance from previous block
# <min> <max>
3	10

[block]
# block no. 1 follows, 33 sequences, length 14
# corresponding to MSA columns:
# 896-907,909,910
name=unknown_B
#
# <colnr> <probs for GDERKNQSTAVLIFYWHMCP>
#	G	D	E	R	K	N	Q	S	T	A	V	L	I	F	Y	W	H	M	C	P
0	0.01181	0.00727	0.00904	0.00879	0.01087	0.00648	0.00670	0.01397	0.01603	0.13050	0.21396	0.19478	0.25950	0.01547	0.00783	0.00231	0.00395	0.06744	0.00670	0.00659
1	0.02060	0.01252	0.01816	0.13057	0.19592	0.01243	0.01328	0.08877	0.01773	0.29516	0.02445	0.02452	0.09962	0.00836	0.00673	0.00206	0.00651	0.00714	0.00575	0.00973
2	0.14703	0.02849	0.01727	0.01567	0.01917	0.62955	0.01185	0.02521	0.01750	0.01819	0.01002	0.01169	0.00827	0.00668	0.00565	0.00175	0.01082	0.00414	0.00350	0.00755
3	0.01666	0.42253	0.29625	0.01446	0.02159	0.02146	0.01629	0.08601	0.01526	0.02000	0.01079	0.01232	0.00867	0.00608	0.00521	0.00172	0.00807	0.00426	0.00316	0.00919
4	0.14162	0.01137	0.01173	0.01013	0.01335	0.07924	0.00797	0.02062	0.01737	0.23862	0.30170	0.03224	0.06713	0.01023	0.00667	0.00203	0.00502	0.00838	0.00660	0.00797
5	0.13357	0.00719	0.00743	0.00782	0.00949	0.00702	0.00563	0.01165	0.01318	0.01992	0.03914	0.29830	0.24965	0.04743	0.00811	0.00244	0.00387	0.01281	0.10961	0.00573
6	0.13308	0.00711	0.00783	0.00845	0.00992	0.00692	0.00603	0.01107	0.01342	0.01978	0.09481	0.43197	0.19253	0.01691	0.00754	0.00242	0.00385	0.01473	0.00589	0.00574
7	0.01904	0.08023	0.34199	0.01546	0.02238	0.06434	0.01673	0.02610	0.11581	0.20752	0.01736	0.01727	0.01212	0.00712	0.00624	0.00202	0.00795	0.00555	0.00479	0.00998
8	0.13954	0.01519	0.02500	0.08761	0.33528	0.01572	0.16884	0.02150	0.08575	0.02289	0.01351	0.01670	0.01067	0.00620	0.00644	0.00207	0.00794	0.00609	0.00372	0.00932
9	0.14788	0.01176	0.01392	0.01125	0.01574	0.01153	0.00916	0.05394	0.11461	0.44858	0.04106	0.02145	0.01644	0.00805	0.00617	0.00204	0.00535	0.00635	0.04463	0.01010
10	0.01024	0.00737	0.00910	0.00894	0.01081	0.00689	0.00694	0.03072	0.03173	0.04543	0.35873	0.10920	0.20920	0.01506	0.00793	0.00230	0.00389	0.11248	0.00672	0.00634
11	0.01858	0.06612	0.16102	0.01922	0.07992	0.03252	0.11120	0.16630	0.01778	0.09298	0.01359	0.01568	0.01023	0.00739	0.00878	0.00209	0.12419	0.00575	0.00430	0.04235
12	0.01803	0.01629	0.09109	0.07180	0.07488	0.06008	0.04287	0.11162	0.08420	0.13288	0.04153	0.08562	0.01669	0.02914	0.00915	0.00231	0.09029	0.00744	0.00508	0.00898
13	0.01483	0.00888	0.01091	0.00967	0.01230	0.00871	0.00749	0.02062	0.14374	0.16464	0.39432	0.03713	0.04123	0.01105	0.00704	0.00204	0.00397	0.00951	0.08396	0.00794

[dist]
# distance from previous block
# <min> <max>
3	7

[block]
# block no. 2 follows, 33 sequences, length 7
# corresponding to MSA columns:
# 921-927
name=unknown_C
#
# <colnr> <probs for GDERKNQSTAVLIFYWHMCP>
#	G	D	E	R	K	N	Q	S	T	A	V	L	I	F	Y	W	H	M	C	P
0	0.01391	0.01081	0.01633	0.01345	0.01658	0.01088	0.13217	0.12294	0.01685	0.06749	0.11178	0.08486	0.11125	0.04262	0.19242	0.00440	0.00915	0.00936	0.00525	0.00749
1	0.01226	0.00750	0.00903	0.00820	0.01067	0.00655	0.00631	0.01465	0.01710	0.14862	0.31526	0.05053	0.34052	0.01390	0.00757	0.00213	0.00365	0.01182	0.00692	0.00682
2	0.01086	0.00837	0.01121	0.14168	0.01645	0.00915	0.00849	0.05832	0.01334	0.01788	0.09042	0.03514	0.09641	0.25039	0.19829	0.00553	0.00903	0.00872	0.00440	0.00592
3	0.15269	0.00746	0.00856	0.00865	0.01026	0.00745	0.00634	0.01256	0.01528	0.02373	0.36468	0.28335	0.04604	0.01456	0.00732	0.00227	0.00370	0.01271	0.00630	0.00608
4	0.15859	0.14814	0.07301	0.21646	0.06949	0.01661	0.01360	0.10184	0.01537	0.04185	0.03273	0.03878	0.01195	0.02793	0.00652	0.00210	0.00718	0.00565	0.00395	0.00825
5	0.23628	0.11944	0.05519	0.01326	0.01786	0.01485	0.13297	0.04448	0.04199	0.08626	0.04478	0.01831	0.01344	0.03608	0.00663	0.00210	0.00653	0.00576	0.09571	0.00811
6	0.01498	0.08360	0.04796	0.14560	0.06374	0.01376	0.10281	0.05464	0.04586	0.06800	0.01787	0.14992	0.01645	0.00898	0.00698	0.00202	0.02599	0.00800	0.00439	0.11845

[dist]
# distance from previous block
# <min> <max>
0	23

[block]
# block no. 3 follows, 33 sequences, length 18
# corresponding to MSA columns:
# 951-968
name=unknown_D
#
# <colnr> <probs for GDERKNQSTAVLIFYWHMCP>
#	G	D	E	R	K	N	Q	S	T	A	V	L	I	F	Y	W	H	M	C	P
0	0.06871	0.16175	0.04843	0.01367	0.01820	0.04972	0.01190	0.21910	0.06691	0.07733	0.01381	0.01493	0.01067	0.00758	0.00797	0.00192	0.11527	0.00515	0.00477	0.08220
1	0.01616	0.01613	0.12055	0.01862	0.15404	0.04114	0.02786	0.04645	0.17610	0.10046	0.02304	0.14609	0.04321	0.00981	0.00686	0.00215	0.00655	0.00854	0.00523	0.03100
2	0.09143	0.01438	0.01802	0.15449	0.02292	0.01695	0.01303	0.20702	0.04492	0.09887	0.01385	0.01623	0.01051	0.00836	0.01019	0.00223	0.20159	0.00569	0.00475	0.04457
3	0.01777	0.04732	0.31455	0.04895	0.02294	0.03402	0.04286	0.02356	0.05522	0.20927	0.10017	0.02104	0.01752	0.00773	0.00655	0.00205	0.00758	0.00640	0.00499	0.00950
4	0.00942	0.00758	0.01081	0.19131	0.01834	0.00788	0.00899	0.01195	0.01464	0.01949	0.21769	0.30471	0.12269	0.01478	0.00771	0.00234	0.00479	0.01315	0.00563	0.00609
5	0.01034	0.00883	0.01362	0.36881	0.02688	0.00999	0.01195	0.01339	0.01396	0.01836	0.13266	0.24808	0.07257	0.01247	0.00738	0.00232	0.00608	0.01113	0.00474	0.00645
6	0.04568	0.01807	0.02146	0.26778	0.04893	0.21521	0.12893	0.02190	0.03077	0.08367	0.04484	0.01775	0.01219	0.00693	0.00657	0.00203	0.00925	0.00602	0.00392	0.00811
7	0.12596	0.00779	0.01004	0.00990	0.01135	0.00895	0.00756	0.01259	0.01055	0.01704	0.01678	0.02573	0.01600	0.12909	0.55099	0.00884	0.01447	0.00685	0.00366	0.00583
8	0.01072	0.00754	0.00931	0.00922	0.01102	0.00721	0.00694	0.01464	0.08446	0.06257	0.30780	0.21005	0.15203	0.01518	0.00784	0.00232	0.00387	0.06396	0.00672	0.00660
9	0.40960	0.01566	0.01485	0.01199	0.01668	0.01767	0.00989	0.37159	0.02134	0.03567	0.01257	0.01332	0.00922	0.00703	0.00536	0.00201	0.00620	0.00478	0.00536	0.00922
10	0.08629	0.06053	0.53516	0.12369	0.02900	0.01561	0.02132	0.02008	0.01352	0.02083	0.01144	0.01399	0.00830	0.00626	0.00602	0.00207	0.00905	0.00483	0.00292	0.00909
11	0.12496	0.00699	0.00807	0.00875	0.01001	0.00688	0.00619	0.01124	0.01364	0.02041	0.15611	0.47754	0.09157	0.01697	0.00762	0.00244	0.00384	0.01497	0.00602	0.00577
12	0.00992	0.00801	0.01054	0.01068	0.01184	0.04248	0.00813	0.01207	0.01125	0.01554	0.01998	0.13201	0.02000	0.04320	0.60158	0.00902	0.01536	0.00861	0.00389	0.00588
13	0.14556	0.03916	0.01931	0.12198	0.02342	0.20262	0.07509	0.17310	0.07600	0.02547	0.01335	0.01520	0.01018	0.00695	0.00603	0.00196	0.00840	0.00534	0.02225	0.00862
14	0.01485	0.03354	0.08068	0.01366	0.01714	0.04167	0.08129	0.03860	0.04767	0.12312	0.04099	0.20328	0.05091	0.01322	0.00766	0.00242	0.00646	0.16945	0.00566	0.00773
15	0.13123	0.00902	0.01076	0.00993	0.01256	0.00884	0.00762	0.03492	0.04303	0.20094	0.18070	0.24528	0.03371	0.01299	0.00710	0.00227	0.00449	0.03039	0.00661	0.00762
16	0.01184	0.00758	0.01314	0.01153	0.01260	0.00753	0.10689	0.01068	0.00977	0.01318	0.01227	0.02022	0.01168	0.02278	0.08839	0.61922	0.00758	0.00614	0.00299	0.00400
17	0.02035	0.55377	0.02939	0.01216	0.01739	0.12872	0.01125	0.02247	0.01494	0.11923	0.01174	0.01247	0.00959	0.00617	0.00482	0.00154	0.00754	0.00407	0.00367	0.00873

[dist]
# distance from previous block
# <min> <max>
18	77

[block]
# block no. 4 follows, 33 sequences, length 6
# corresponding to MSA columns:
# 1059-1064
name=unknown_E
#
# <colnr> <probs for GDERKNQSTAVLIFYWHMCP>
#	G	D	E	R	K	N	Q	S	T	A	V	L	I	F	Y	W	H	M	C	P
0	0.01907	0.13863	0.01755	0.01198	0.01581	0.13070	0.00970	0.08960	0.03594	0.13468	0.01658	0.04497	0.01424	0.04238	0.00946	0.09638	0.00691	0.04152	0.00475	0.11917
1	0.01517	0.01690	0.17394	0.14657	0.12809	0.01287	0.06839	0.02025	0.05034	0.10341	0.01745	0.11005	0.01489	0.00821	0.00667	0.00206	0.00748	0.00737	0.00427	0.08560
2	0.08449	0.01564	0.01826	0.01441	0.01930	0.01682	0.05496	0.33357	0.17826	0.16593	0.01948	0.01872	0.01374	0.00789	0.00650	0.00206	0.00656	0.00633	0.00650	0.01056
3	0.01324	0.00800	0.01127	0.09650	0.01435	0.00859	0.00803	0.09626	0.01190	0.01580	0.01201	0.01920	0.01109	0.01910	0.02111	0.61376	0.00627	0.00576	0.00333	0.00442
4	0.04423	0.14899	0.26157	0.01494	0.05386	0.04716	0.01486	0.11971	0.01673	0.02248	0.02368	0.02422	0.16381	0.00865	0.00621	0.00196	0.00736	0.00672	0.00417	0.00868
5	0.01545	0.18830	0.20927	0.01651	0.04723	0.04878	0.10038	0.02038	0.04757	0.05758	0.09645	0.01948	0.01644	0.01000	0.05340	0.00249	0.03155	0.00614	0.00394	0.00865

[dist]
# distance from previous block
# <min> <max>
0	3

[block]
# block no. 5 follows, 33 sequences, length 13
# corresponding to MSA columns:
# 1068-1080
name=unknown_F
#
# <colnr> <probs for GDERKNQSTAVLIFYWHMCP>
#	G	D	E	R	K	N	Q	S	T	A	V	L	I	F	Y	W	H	M	C	P
0	0.01353	0.00856	0.01184	0.02769	0.07116	0.00841	0.00870	0.01547	0.01457	0.15763	0.08400	0.35349	0.11257	0.01503	0.00872	0.00240	0.05998	0.01302	0.00606	0.00717
1	0.01442	0.01368	0.09106	0.19246	0.07582	0.01236	0.09537	0.01966	0.08169	0.09879	0.02081	0.16433	0.01899	0.01131	0.03097	0.00255	0.00761	0.03520	0.00468	0.00822
2	0.01391	0.01345	0.05808	0.01355	0.09205	0.00989	0.01011	0.01722	0.01381	0.02142	0.01178	0.01395	0.00974	0.00506	0.00513	0.00115	0.00548	0.00417	0.00377	0.67630
3	0.01642	0.28969	0.36624	0.01687	0.06397	0.01932	0.01807	0.07700	0.01534	0.04373	0.01170	0.01330	0.00899	0.00621	0.00560	0.00183	0.00834	0.00460	0.00331	0.00949
4	0.00810	0.00579	0.00771	0.00911	0.00957	0.00540	0.00612	0.00938	0.01299	0.01742	0.08067	0.71819	0.04474	0.02016	0.00836	0.00263	0.00377	0.01828	0.00618	0.00540
5	0.01880	0.16648	0.09618	0.01639	0.02144	0.22714	0.11869	0.07933	0.09471	0.02098	0.01521	0.01663	0.03358	0.00700	0.00607	0.00185	0.00886	0.00559	0.03641	0.00867
6	0.17471	0.01088	0.01224	0.01024	0.01388	0.01096	0.00821	0.11934	0.01813	0.25430	0.14185	0.06576	0.02330	0.00928	0.00619	0.00201	0.00492	0.00747	0.09770	0.00864
7	0.00982	0.00682	0.00856	0.00821	0.00994	0.00616	0.00612	0.01242	0.01732	0.05648	0.49224	0.12328	0.18885	0.01457	0.00778	0.00216	0.00334	0.01274	0.00695	0.00623
8	0.00980	0.00636	0.00692	0.00696	0.00759	0.00619	0.00431	0.01067	0.01126	0.01589	0.02786	0.06351	0.12253	0.49165	0.02349	0.00474	0.00523	0.00978	0.16060	0.00467
9	0.40176	0.01472	0.01417	0.01160	0.01617	0.01641	0.00952	0.26611	0.06913	0.10082	0.01439	0.01462	0.01038	0.00714	0.00540	0.00203	0.00592	0.00497	0.00554	0.00920
10	0.01371	0.09325	0.17368	0.06660	0.01978	0.01517	0.01401	0.07292	0.01398	0.02005	0.05308	0.01925	0.01394	0.01716	0.16758	0.00397	0.15839	0.00600	0.04966	0.00781
11	0.01697	0.46894	0.11047	0.01395	0.01916	0.02260	0.04131	0.07549	0.01458	0.01864	0.01091	0.01420	0.00968	0.00708	0.00731	0.00182	0.10924	0.02581	0.00325	0.00859
12	0.14624	0.11243	0.03301	0.01226	0.01699	0.01627	0.01039	0.21242	0.11169	0.15776	0.01814	0.06000	0.01406	0.00808	0.00593	0.00196	0.00606	0.00620	0.00578	0.04434

[dist]
# distance from previous block
# <min> <max>
2	31

[block]
# block no. 6 follows, 33 sequences, length 7
# corresponding to MSA columns:
# 1113-1119
name=unknown_G
#
# <colnr> <probs for GDERKNQSTAVLIFYWHMCP>
#	G	D	E	R	K	N	Q	S	T	A	V	L	I	F	Y	W	H	M	C	P
0	0.01298	0.00892	0.01156	0.06532	0.01459	0.00894	0.00849	0.09981	0.01947	0.07507	0.47852	0.04295	0.04671	0.01229	0.00756	0.00215	0.00446	0.06617	0.00681	0.00724
1	0.04923	0.13170	0.12908	0.01859	0.02451	0.01742	0.24420	0.07023	0.08537	0.10273	0.01501	0.01674	0.01114	0.00679	0.00729	0.00207	0.04810	0.00616	0.00428	0.00935
2	0.01837	0.01641	0.12229	0.07442	0.02409	0.01396	0.17103	0.09975	0.03823	0.17892	0.07567	0.02098	0.01610	0.00776	0.00763	0.00212	0.04860	0.00689	0.04755	0.00923
3	0.00832	0.00617	0.00781	0.00881	0.00978	0.00566	0.00626	0.00993	0.01393	0.01826	0.11614	0.49357	0.17981	0.01888	0.00827	0.00255	0.00383	0.07026	0.00623	0.00554
4	0.02267	0.02761	0.01777	0.01592	0.01956	0.59158	0.01203	0.02655	0.10433	0.01797	0.01236	0.01359	0.01002	0.00689	0.00594	0.00170	0.01047	0.00461	0.00384	0.07459
5	0.05455	0.04393	0.04635	0.01317	0.04829	0.01178	0.03039	0.09322	0.01841	0.42052	0.03925	0.02100	0.01558	0.00776	0.00621	0.00195	0.00586	0.00631	0.10546	0.01002
6	0.08291	0.16394	0.10592	0.01705	0.05312	0.04088	0.15274	0.06959	0.03424	0.15445	0.01465	0.01579	0.01075	0.00644	0.00603	0.00189	0.00779	0.00553	0.00446	0.05182

[dist]
# distance from previous block
# <min> <max>
1	5

[block]
# block no. 7 follows, 33 sequences, length 17
# corresponding to MSA columns:
# 1126-1142
name=unknown_H
#
# <colnr> <probs for GDERKNQSTAVLIFYWHMCP>
#	G	D	E	R	K	N	Q	S	T	A	V	L	I	F	Y	W	H	M	C	P
0	0.48681	0.07387	0.06125	0.01155	0.01595	0.11577	0.01005	0.06892	0.03682	0.02640	0.01050	0.01199	0.00825	0.00658	0.00534	0.00198	0.03200	0.00410	0.00402	0.00786
1	0.05081	0.05417	0.01083	0.00994	0.01141	0.00888	0.00727	0.08306	0.01436	0.01997	0.02944	0.53238	0.03364	0.01959	0.06333	0.00307	0.00547	0.01457	0.02152	0.00629
2	0.01674	0.04819	0.01718	0.09447	0.01981	0.06561	0.05768	0.13409	0.01661	0.07265	0.01576	0.04622	0.01388	0.13604	0.02176	0.00263	0.00721	0.00644	0.00451	0.20253
3	0.01800	0.01156	0.01655	0.12305	0.02137	0.01031	0.06768	0.02118	0.01523	0.22968	0.01751	0.04901	0.01329	0.00694	0.00602	0.00167	0.00607	0.00604	0.04160	0.31728
4	0.00887	0.00651	0.00831	0.00829	0.00967	0.00595	0.00605	0.01139	0.01693	0.02337	0.50279	0.20426	0.13242	0.01536	0.00790	0.00222	0.00328	0.01359	0.00688	0.00595
5	0.04327	0.01246	0.04112	0.06908	0.01878	0.01258	0.05989	0.02360	0.20134	0.15552	0.15150	0.02879	0.07495	0.00976	0.00808	0.00220	0.06426	0.00812	0.00597	0.00872
6	0.01291	0.00842	0.01030	0.00925	0.01115	0.00835	0.00669	0.06945	0.01384	0.08880	0.07770	0.03485	0.07249	0.30660	0.17751	0.00549	0.00825	0.00851	0.00491	0.06453
7	0.01046	0.01041	0.06786	0.01166	0.01297	0.01031	0.00958	0.01250	0.01214	0.01722	0.09668	0.21898	0.05182	0.10538	0.14329	0.00440	0.18301	0.01063	0.00452	0.00616
8	0.13309	0.01218	0.01422	0.01123	0.01514	0.01217	0.00906	0.04007	0.01276	0.02141	0.01082	0.01394	0.00931	0.00794	0.00988	0.06459	0.15969	0.00445	0.00373	0.43434
9	0.00854	0.00609	0.00799	0.00876	0.00949	0.00569	0.00601	0.01025	0.01437	0.01966	0.25821	0.48772	0.04834	0.06484	0.00976	0.00271	0.00375	0.01594	0.00635	0.00554
10	0.01967	0.13203	0.12916	0.01836	0.13567	0.11289	0.01431	0.08679	0.05969	0.14632	0.01684	0.07043	0.01365	0.00786	0.00623	0.00194	0.00764	0.00632	0.00472	0.00949
11	0.01574	0.11966	0.10606	0.03879	0.02065	0.09789	0.08898	0.07153	0.05704	0.02111	0.01873	0.04829	0.04002	0.00886	0.00653	0.00198	0.00766	0.10840	0.00431	0.11777
12	0.01398	0.00909	0.01198	0.01074	0.01220	0.01003	0.00817	0.06332	0.01331	0.10304	0.07312	0.02879	0.06270	0.14156	0.14722	0.14951	0.12270	0.00768	0.00460	0.00626
13	0.01322	0.06327	0.01244	0.00948	0.01261	0.00915	0.00747	0.01712	0.07109	0.09986	0.31652	0.08827	0.08802	0.01119	0.00683	0.00189	0.00421	0.00959	0.00622	0.15157
14	0.01603	0.24486	0.19769	0.01568	0.06605	0.01773	0.03683	0.07123	0.01501	0.04081	0.01408	0.01600	0.03369	0.00696	0.00678	0.00182	0.06579	0.00515	0.06074	0.06705
15	0.18277	0.04357	0.01647	0.32982	0.04075	0.01400	0.01304	0.06775	0.01493	0.05505	0.06928	0.02228	0.01524	0.00791	0.00617	0.00211	0.00689	0.05407	0.00427	0.03364
16	0.06768	0.06698	0.01677	0.13889	0.02093	0.01317	0.03194	0.09363	0.06687	0.22771	0.03875	0.04718	0.04784	0.01037	0.04073	0.00244	0.00674	0.00697	0.04555	0.00888

[dist]
# distance from previous block
# <min> <max>
2	7

[block]
# block no. 8 follows, 33 sequences, length 11
# corresponding to MSA columns:
# 1150-1160
name=unknown_I
#
# <colnr> <probs for GDERKNQSTAVLIFYWHMCP>
#	G	D	E	R	K	N	Q	S	T	A	V	L	I	F	Y	W	H	M	C	P
0	0.04688	0.11113	0.07230	0.05516	0.01962	0.06924	0.01191	0.06994	0.06802	0.26292	0.01725	0.01723	0.01226	0.00731	0.00677	0.00189	0.04649	0.00546	0.00536	0.09286
1	0.03568	0.11828	0.18235	0.01512	0.02038	0.10598	0.03273	0.10960	0.11287	0.04462	0.01531	0.05512	0.01257	0.00794	0.00726	0.00199	0.06396	0.00596	0.00433	0.04793
2	0.00924	0.00663	0.00834	0.00816	0.00921	0.00646	0.00571	0.01111	0.01426	0.01968	0.33492	0.06821	0.09825	0.24895	0.11817	0.00460	0.00617	0.01090	0.00561	0.00541
3	0.01381	0.01163	0.01331	0.05974	0.04389	0.07298	0.02719	0.03283	0.11175	0.06727	0.14833	0.03686	0.16968	0.06808	0.04530	0.00288	0.03265	0.02894	0.00551	0.00737
4	0.00946	0.00684	0.00948	0.00948	0.01027	0.00763	0.00685	0.01105	0.01025	0.01446	0.01864	0.03146	0.01889	0.28306	0.51219	0.00922	0.01398	0.00787	0.00368	0.00526
5	0.01027	0.00645	0.00811	0.00853	0.00920	0.00612	0.00557	0.01123	0.01236	0.06786	0.08120	0.38303	0.03551	0.30324	0.01776	0.00399	0.00487	0.01386	0.00554	0.00532
6	0.01408	0.18124	0.59501	0.01727	0.02618	0.01743	0.02172	0.02062	0.01379	0.01978	0.01128	0.01323	0.00836	0.00613	0.00585	0.00195	0.00919	0.00460	0.00279	0.00947
7	0.01874	0.60435	0.03098	0.01257	0.01754	0.15664	0.01167	0.02075	0.01420	0.01562	0.00932	0.01097	0.00846	0.00610	0.00529	0.00152	0.04038	0.00375	0.00292	0.00825
8	0.01570	0.21236	0.31234	0.01399	0.02079	0.01598	0.01555	0.04421	0.01530	0.08047	0.09401	0.01785	0.01544	0.00699	0.00581	0.00179	0.00734	0.00541	0.00400	0.09468
9	0.01806	0.04352	0.08034	0.01696	0.05375	0.08001	0.06759	0.11167	0.05116	0.10531	0.05030	0.07205	0.01572	0.00946	0.01038	0.00226	0.19090	0.00708	0.00471	0.00876
10	0.05739	0.01331	0.05054	0.08922	0.04934	0.01320	0.01152	0.02790	0.28836	0.21139	0.09653	0.02433	0.02076	0.00857	0.00662	0.00213	0.00578	0.00715	0.00629	0.00967

[dist]
# distance from previous block
# <min> <max>
5	53

[block]
# block no. 9 follows, 33 sequences, length 28
# corresponding to MSA columns:
# 1214-1241
name=unknown_J
#
# <colnr> <probs for GDERKNQSTAVLIFYWHMCP>
#	G	D	E	R	K	N	Q	S	T	A	V	L	I	F	Y	W	H	M	C	P
0	0.04002	0.24191	0.06964	0.01561	0.04301	0.10926	0.09018	0.11410	0.01735	0.10684	0.01316	0.01434	0.01008	0.00636	0.00570	0.00172	0.00790	0.00498	0.00423	0.08360
1	0.01355	0.01064	0.01471	0.05832	0.09705	0.01096	0.04304	0.15878	0.01772	0.02424	0.10467	0.31185	0.03019	0.01330	0.00745	0.00229	0.00558	0.02906	0.03900	0.00759
2	0.00924	0.00673	0.00870	0.00821	0.00979	0.00618	0.00615	0.01228	0.01846	0.02599	0.69281	0.04985	0.09366	0.01361	0.00777	0.00208	0.00312	0.01200	0.00719	0.00618
3	0.01631	0.00820	0.01053	0.00924	0.01206	0.00725	0.00717	0.01875	0.01724	0.27789	0.25586	0.11588	0.15981	0.01264	0.00730	0.00213	0.00412	0.01084	0.03900	0.00780
4	0.00880	0.00630	0.00784	0.00822	0.00943	0.00577	0.00587	0.01093	0.01542	0.02127	0.30929	0.32312	0.15410	0.01628	0.00778	0.00229	0.00341	0.01440	0.06372	0.00577
5	0.74999	0.01260	0.01014	0.00891	0.01307	0.01435	0.00734	0.02041	0.01184	0.08780	0.01056	0.01167	0.00789	0.00628	0.00429	0.00204	0.00513	0.00382	0.00441	0.00747
6	0.81514	0.01273	0.00968	0.00866	0.01273	0.01477	0.00713	0.01935	0.01120	0.02954	0.00917	0.01069	0.00713	0.00611	0.00407	0.00204	0.00509	0.00356	0.00407	0.00713
7	0.01637	0.01414	0.01489	0.01340	0.01712	0.01637	0.01042	0.03498	0.71568	0.02754	0.02679	0.02456	0.02010	0.00893	0.00670	0.00223	0.00521	0.00744	0.00670	0.01042
8	0.00957	0.00638	0.00718	0.00718	0.00718	0.00638	0.00399	0.00957	0.00957	0.01276	0.02074	0.04308	0.02393	0.76864	0.03351	0.00638	0.00638	0.00957	0.00399	0.00399
9	0.01760	0.77260	0.03450	0.01126	0.01690	0.02605	0.01126	0.01971	0.01338	0.01549	0.00915	0.01056	0.00845	0.00563	0.00422	0.00141	0.00704	0.00352	0.00282	0.00845
10	0.20518	0.01365	0.01761	0.11097	0.01985	0.01816	0.01317	0.01681	0.01075	0.01924	0.00917	0.01393	0.00830	0.00959	0.01547	0.00259	0.47996	0.00525	0.00317	0.00720
11	0.00860	0.00615	0.00831	0.00983	0.01047	0.00585	0.00712	0.01017	0.01318	0.01746	0.03596	0.60893	0.04227	0.02008	0.00856	0.00275	0.00432	0.16838	0.00610	0.00551
12	0.01440	0.01440	0.02016	0.01728	0.01728	0.02016	0.01440	0.01584	0.01008	0.01584	0.00864	0.01440	0.00864	0.01152	0.02160	0.00288	0.75659	0.00576	0.00288	0.00720
13	0.07680	0.02290	0.01557	0.01439	0.01719	0.46892	0.01086	0.02206	0.03821	0.01711	0.01278	0.01669	0.01122	0.04862	0.17458	0.00396	0.01225	0.00516	0.00360	0.00713
14	0.81514	0.01273	0.00968	0.00866	0.01273	0.01477	0.00713	0.01935	0.01120	0.02954	0.00917	0.01069	0.00713	0.00611	0.00407	0.00204	0.00509	0.00356	0.00407	0.00713
15	0.01440	0.01440	0.02016	0.01728	0.01728	0.02016	0.01440	0.01584	0.01008	0.01584	0.00864	0.01440	0.00864	0.01152	0.02160	0.00288	0.75659	0.00576	0.00288	0.00720
16	0.01537	0.01470	0.02506	0.21037	0.56481	0.01540	0.01975	0.01940	0.01455	0.02039	0.01222	0.01659	0.01003	0.00604	0.00653	0.00201	0.00805	0.00586	0.00318	0.00968
17	0.01629	0.01564	0.02672	0.04041	0.72757	0.01564	0.02020	0.02020	0.01499	0.02151	0.01238	0.01629	0.01043	0.00587	0.00652	0.00196	0.00782	0.00587	0.00326	0.01043
18	0.00802	0.00573	0.00764	0.00917	0.00955	0.00535	0.00611	0.00917	0.01260	0.01681	0.03628	0.76434	0.04354	0.02062	0.00840	0.00267	0.00382	0.01872	0.00611	0.00535
19	0.00802	0.00573	0.00764	0.00917	0.00955	0.00535	0.00611	0.00917	0.01260	0.01681	0.03628	0.76434	0.04354	0.02062	0.00840	0.00267	0.00382	0.01872	0.00611	0.00535
20	0.02207	0.01697	0.01809	0.01455	0.01929	0.01904	0.01180	0.47679	0.26459	0.03673	0.01956	0.01879	0.01423	0.00825	0.00662	0.00206	0.00655	0.00644	0.00662	0.01093
21	0.00818	0.00579	0.00759	0.00897	0.00931	0.00545	0.00590	0.00921	0.01230	0.01640	0.03474	0.69267	0.04159	0.09496	0.01090	0.00304	0.00407	0.01781	0.00590	0.00521
22	0.15082	0.01144	0.01441	0.01124	0.01618	0.01046	0.00928	0.03012	0.01766	0.62366	0.02338	0.02060	0.01488	0.00783	0.00623	0.00204	0.00552	0.00615	0.00752	0.01057
23	0.01753	0.00875	0.01141	0.00983	0.01291	0.00786	0.00779	0.02064	0.03791	0.30982	0.30306	0.06245	0.11026	0.01194	0.00735	0.00214	0.00434	0.03837	0.00739	0.00825
24	0.10078	0.01571	0.01700	0.01331	0.01816	0.01695	0.01094	0.45328	0.05060	0.16357	0.01773	0.01733	0.01238	0.00780	0.00624	0.00198	0.00642	0.00589	0.05345	0.01048
25	0.01362	0.00994	0.01116	0.01007	0.01282	0.00990	0.00789	0.19858	0.01948	0.05088	0.11366	0.15201	0.28742	0.01436	0.00760	0.00226	0.00471	0.05987	0.00643	0.00736
26	0.01446	0.00782	0.00899	0.00819	0.01051	0.00763	0.00631	0.01885	0.08129	0.13420	0.18474	0.03145	0.05691	0.00956	0.00596	0.00183	0.00368	0.00797	0.39233	0.00731
27	0.02121	0.06810	0.07162	0.05086	0.03895	0.05676	0.08052	0.16542	0.03899	0.22321	0.01859	0.07257	0.01435	0.00841	0.00726	0.00208	0.03897	0.00694	0.00554	0.00965

[dist]
# distance from previous block
# <min> <max>
2	10

[block]
# block no. 10 follows, 33 sequences, length 36
# corresponding to MSA columns:
# 1252-1285,1287,1288
name=unknown_K
#
# <colnr> <probs for GDERKNQSTAVLIFYWHMCP>
#	G	D	E	R	K	N	Q	S	T	A	V	L	I	F	Y	W	H	M	C	P
0	0.01733	0.01421	0.01512	0.01340	0.01725	0.01627	0.01048	0.06506	0.65467	0.05867	0.02626	0.02407	0.01953	0.00885	0.00669	0.00221	0.00532	0.00734	0.00676	0.01049
1	0.02458	0.01288	0.01648	0.01284	0.01751	0.01258	0.03651	0.20876	0.04718	0.39961	0.11737	0.02417	0.02104	0.00873	0.00681	0.00204	0.00590	0.00723	0.00737	0.01041
2	0.01630	0.48952	0.06575	0.01183	0.01765	0.02057	0.02818	0.01993	0.05383	0.01803	0.01102	0.01246	0.00946	0.00567	0.00472	0.00141	0.00666	0.00401	0.00331	0.19969
3	0.01698	0.06831	0.22071	0.03601	0.06133	0.01724	0.01608	0.16301	0.01694	0.05624	0.03551	0.01645	0.01162	0.00819	0.00987	0.00218	0.18645	0.00566	0.04211	0.00911
4	0.01061	0.00758	0.01061	0.01212	0.01364	0.00758	0.01061	0.01364	0.01515	0.01970	0.03486	0.07426	0.03789	0.01819	0.00909	0.00303	0.00606	0.68326	0.00606	0.00606
5	0.00802	0.00573	0.00764	0.00917	0.00955	0.00535	0.00611	0.00917	0.01260	0.01681	0.03628	0.76434	0.04354	0.02062	0.00840	0.00267	0.00382	0.01872	0.00611	0.00535
6	0.05160	0.01825	0.17039	0.10978	0.24065	0.01515	0.06086	0.02206	0.10262	0.06258	0.03609	0.01808	0.01266	0.00704	0.00722	0.00212	0.04336	0.00609	0.00398	0.00943
7	0.06035	0.01729	0.03904	0.05013	0.35623	0.10320	0.04123	0.06184	0.01615	0.10709	0.01346	0.01605	0.01051	0.00688	0.00766	0.00204	0.07150	0.00568	0.00405	0.00962
8	0.01629	0.01564	0.02672	0.04041	0.72757	0.01564	0.02020	0.02020	0.01499	0.02151	0.01238	0.01629	0.01043	0.00587	0.00652	0.00196	0.00782	0.00587	0.00326	0.01043
9	0.02069	0.01719	0.08399	0.06626	0.15710	0.01622	0.05931	0.29972	0.02186	0.12620	0.03498	0.03698	0.01344	0.00764	0.00670	0.00204	0.00750	0.00652	0.00540	0.01025
10	0.01380	0.01392	0.01363	0.01281	0.01369	0.16835	0.00956	0.01497	0.01245	0.01546	0.01857	0.19947	0.02055	0.17357	0.05488	0.00371	0.22109	0.00939	0.00403	0.00611
11	0.24137	0.01267	0.01442	0.01139	0.01623	0.01262	0.00940	0.12711	0.01855	0.44112	0.01994	0.01827	0.01307	0.00756	0.00593	0.00203	0.00570	0.00569	0.00682	0.01010
12	0.07771	0.05530	0.31384	0.01821	0.10864	0.01456	0.01704	0.01853	0.01288	0.04129	0.01293	0.01664	0.01051	0.01591	0.16445	0.00392	0.08041	0.00543	0.00328	0.00854
13	0.01014	0.06216	0.01220	0.01082	0.01224	0.00845	0.04712	0.03773	0.01344	0.01782	0.03021	0.50743	0.03480	0.05536	0.05603	0.00324	0.00576	0.06357	0.00546	0.00602
14	0.00806	0.00653	0.00718	0.00752	0.00931	0.00565	0.00556	0.00978	0.01477	0.01823	0.10137	0.20146	0.51513	0.01732	0.00796	0.00234	0.00355	0.04649	0.00618	0.00558
15	0.01441	0.02648	0.45659	0.01757	0.02584	0.01444	0.09297	0.06968	0.01526	0.02250	0.01224	0.01440	0.00902	0.00601	0.00615	0.00186	0.00868	0.00505	0.00335	0.17750
16	0.01861	0.01633	0.01643	0.01362	0.04334	0.10372	0.01042	0.21511	0.10313	0.02727	0.01475	0.01572	0.01144	0.00656	0.00576	0.00155	0.00651	0.00507	0.02513	0.33953
17	0.00848	0.00743	0.04540	0.00967	0.01080	0.00606	0.00731	0.01016	0.01310	0.01734	0.03775	0.60403	0.10498	0.01931	0.00829	0.00263	0.00426	0.07140	0.00593	0.00565
18	0.04247	0.13246	0.37062	0.01881	0.04874	0.05456	0.09170	0.02219	0.01542	0.05924	0.01382	0.01641	0.01068	0.00720	0.00666	0.00219	0.00927	0.00550	0.00388	0.06815
19	0.01527	0.02052	0.27552	0.07638	0.18148	0.01410	0.03983	0.02221	0.10124	0.08070	0.06932	0.02144	0.01599	0.00758	0.00668	0.00211	0.00776	0.02808	0.00428	0.00950
20	0.01243	0.01170	0.01975	0.75282	0.04534	0.01463	0.01828	0.01682	0.01316	0.01682	0.01170	0.01755	0.00878	0.00658	0.00658	0.00219	0.00878	0.00585	0.00293	0.00731
21	0.01360	0.01201	0.01963	0.02610	0.37258	0.01171	0.05434	0.01690	0.01516	0.03855	0.06205	0.08789	0.11418	0.01074	0.00737	0.00224	0.00655	0.11534	0.00462	0.00844
22	0.05319	0.09386	0.13230	0.23919	0.02959	0.01590	0.10936	0.09182	0.01614	0.11470	0.01411	0.01664	0.01021	0.00664	0.00629	0.00203	0.00817	0.00574	0.02522	0.00889
23	0.21020	0.01426	0.01633	0.11821	0.11891	0.07856	0.01195	0.06133	0.01619	0.23218	0.01796	0.01863	0.04319	0.00738	0.00598	0.00202	0.00678	0.00576	0.00517	0.00901
24	0.00965	0.00708	0.00909	0.00852	0.01018	0.00669	0.00641	0.01348	0.05136	0.02645	0.69136	0.04802	0.06014	0.01325	0.00771	0.00208	0.00320	0.01170	0.00722	0.00641
25	0.05100	0.01338	0.04211	0.34974	0.06835	0.01471	0.10654	0.01946	0.10672	0.01971	0.01590	0.08609	0.01361	0.00828	0.00774	0.00227	0.05523	0.00735	0.00384	0.00797
26	0.02066	0.27269	0.20082	0.01402	0.02039	0.04975	0.01437	0.11958	0.01749	0.18868	0.01474	0.01496	0.01065	0.00675	0.00570	0.00182	0.00761	0.00495	0.00461	0.00976
27	0.00950	0.00668	0.00867	0.00867	0.00919	0.00719	0.00585	0.01053	0.01002	0.01387	0.01938	0.03551	0.02065	0.45242	0.34523	0.00823	0.01133	0.00847	0.00379	0.00482
28	0.00839	0.00617	0.00787	0.00855	0.00955	0.00565	0.00599	0.01022	0.01482	0.01994	0.25553	0.44402	0.14337	0.01784	0.00812	0.00242	0.00353	0.01592	0.00647	0.00565
29	0.05059	0.07888	0.01813	0.08908	0.01974	0.01382	0.04343	0.07711	0.04716	0.27316	0.01929	0.06240	0.01502	0.03075	0.06130	0.00285	0.07587	0.00691	0.00554	0.00899
30	0.01458	0.05837	0.01403	0.11093	0.01708	0.04052	0.00907	0.11245	0.13987	0.02112	0.01886	0.02790	0.01734	0.28893	0.01623	0.00360	0.00660	0.00734	0.06800	0.00716
31	0.00836	0.00613	0.00789	0.00892	0.00979	0.00566	0.00629	0.00999	0.01398	0.01855	0.14154	0.51919	0.13506	0.01888	0.00828	0.00255	0.00381	0.06330	0.00628	0.00555
32	0.02169	0.01891	0.01895	0.01769	0.09036	0.26141	0.06384	0.02447	0.03887	0.20439	0.01625	0.01932	0.01280	0.08492	0.01050	0.00245	0.07375	0.00607	0.00474	0.00863
33	0.01441	0.01168	0.01373	0.00984	0.01566	0.00882	0.00789	0.01731	0.01390	0.05518	0.01238	0.01407	0.01006	0.00503	0.00496	0.00103	0.00491	0.00403	0.00410	0.77102
34	0.24710	0.01690	0.01875	0.05752	0.03559	0.12694	0.09125	0.06198	0.05086	0.04299	0.01168	0.01440	0.00935	0.00771	0.00932	0.00221	0.17821	0.00526	0.00393	0.00804
35	0.00905	0.00667	0.00863	0.00946	0.01075	0.00625	0.00733	0.01127	0.01506	0.01987	0.18500	0.28231	0.16245	0.01770	0.00837	0.00258	0.00428	0.22085	0.00633	0.00578

[dist]
# distance from previous block
# <min> <max>
0	2

[block]
# block no. 11 follows, 33 sequences, length 17
# corresponding to MSA columns:
# 1291-1307
name=unknown_L
#
# <colnr> <probs for GDERKNQSTAVLIFYWHMCP>
#	G	D	E	R	K	N	Q	S	T	A	V	L	I	F	Y	W	H	M	C	P
0	0.01510	0.02911	0.07479	0.32731	0.03017	0.05977	0.07193	0.01900	0.01513	0.10686	0.08774	0.03829	0.05924	0.00819	0.00675	0.00209	0.00772	0.00717	0.00433	0.02930
1	0.01381	0.00886	0.01136	0.07435	0.01500	0.00852	0.00818	0.01809	0.08347	0.15031	0.30683	0.07046	0.14260	0.01186	0.00725	0.00209	0.00440	0.01022	0.00660	0.04578
2	0.01575	0.23529	0.15147	0.20185	0.12303	0.01869	0.01656	0.06638	0.07318	0.02033	0.01261	0.01519	0.00993	0.00644	0.00585	0.00191	0.00792	0.00515	0.00347	0.00901
3	0.00886	0.00662	0.00752	0.00733	0.00889	0.00597	0.00526	0.01084	0.01536	0.02041	0.29914	0.05290	0.32857	0.14346	0.01202	0.00285	0.00376	0.01207	0.04263	0.00556
4	0.01107	0.01054	0.09227	0.00984	0.01258	0.00801	0.00862	0.04340	0.01710	0.04916	0.38674	0.04588	0.13930	0.07900	0.00984	0.00253	0.00465	0.05653	0.00622	0.00671
5	0.07265	0.01169	0.01290	0.01144	0.03386	0.01171	0.00864	0.02281	0.28636	0.02478	0.12173	0.02704	0.08343	0.00880	0.00623	0.00183	0.00472	0.00729	0.00564	0.23645
6	0.00782	0.00650	0.00684	0.00711	0.00901	0.00552	0.00520	0.00940	0.01458	0.01761	0.06129	0.18794	0.60381	0.01738	0.00789	0.00230	0.00342	0.01475	0.00611	0.00552
7	0.01901	0.19912	0.13433	0.04463	0.07460	0.06495	0.01421	0.15296	0.06965	0.08874	0.04887	0.01695	0.01331	0.00727	0.00632	0.00190	0.02356	0.00553	0.00459	0.00949
8	0.01862	0.66710	0.03236	0.01191	0.01739	0.06378	0.01145	0.08004	0.01520	0.01780	0.00979	0.01109	0.00869	0.00589	0.00452	0.00147	0.00732	0.00377	0.00318	0.00864
9	0.01595	0.01489	0.11327	0.01275	0.05219	0.01013	0.01093	0.01951	0.01448	0.12105	0.01375	0.01504	0.01051	0.00557	0.00539	0.00132	0.00579	0.00451	0.00431	0.54865
10	0.00951	0.00659	0.00820	0.00815	0.00859	0.00684	0.00528	0.01039	0.01063	0.01461	0.08144	0.03917	0.02534	0.51702	0.21420	0.00709	0.00900	0.00913	0.00415	0.00467
11	0.81514	0.01273	0.00968	0.00866	0.01273	0.01477	0.00713	0.01935	0.01120	0.02954	0.00917	0.01069	0.00713	0.00611	0.00407	0.00204	0.00509	0.00356	0.00407	0.00713
12	0.01365	0.01170	0.01365	0.00975	0.01560	0.00878	0.00780	0.01658	0.01365	0.02145	0.01170	0.01365	0.00975	0.00488	0.00488	0.00098	0.00488	0.00390	0.00390	0.80888
13	0.02230	0.01215	0.01501	0.01130	0.01665	0.01051	0.00921	0.08530	0.04399	0.36118	0.01941	0.01841	0.01338	0.00685	0.00592	0.00162	0.00544	0.00550	0.00626	0.32959
14	0.22381	0.00862	0.00851	0.00788	0.01067	0.00843	0.00614	0.01431	0.01498	0.07514	0.17526	0.04364	0.35452	0.01262	0.00671	0.00213	0.00392	0.01024	0.00594	0.00652
15	0.01500	0.01365	0.04814	0.01517	0.04672	0.01381	0.09409	0.11032	0.21704	0.02686	0.21151	0.02792	0.02745	0.00948	0.00788	0.00214	0.05116	0.00816	0.04475	0.00875
16	0.01562	0.16177	0.06944	0.01102	0.01513	0.01349	0.00979	0.13841	0.01781	0.08995	0.09726	0.11867	0.16274	0.01109	0.00661	0.00198	0.00554	0.00910	0.00552	0.03907

[dist]
# distance from previous block
# <min> <max>
0	7

[block]
# block no. 12 follows, 33 sequences, length 25
# corresponding to MSA columns:
# 1318-1342
name=unknown_M
#
# <colnr> <probs for GDERKNQSTAVLIFYWHMCP>
#	G	D	E	R	K	N	Q	S	T	A	V	L	I	F	Y	W	H	M	C	P
0	0.01710	0.05869	0.10870	0.03830	0.03881	0.09096	0.01163	0.04535	0.01519	0.09924	0.01315	0.01490	0.01021	0.00677	0.00655	0.04225	0.00680	0.00463	0.00411	0.36667
1	0.09895	0.19710	0.24681	0.01591	0.02217	0.09857	0.08159	0.02190	0.01448	0.08881	0.01211	0.01380	0.00920	0.00654	0.00649	0.00193	0.04635	0.00485	0.00357	0.00887
2	0.01254	0.00873	0.01055	0.02748	0.01223	0.00804	0.00674	0.04284	0.01385	0.07439	0.09942	0.03424	0.09574	0.26007	0.08207	0.00401	0.00643	0.00829	0.00491	0.18744
3	0.02231	0.32906	0.02350	0.01199	0.01712	0.01817	0.01063	0.06939	0.12201	0.28485	0.01846	0.01739	0.01328	0.00720	0.00563	0.00180	0.00624	0.00541	0.00561	0.00994
4	0.14832	0.01143	0.01443	0.01125	0.01619	0.01045	0.00929	0.03016	0.01769	0.62590	0.02343	0.02064	0.01491	0.00784	0.00624	0.00204	0.00552	0.00616	0.00753	0.01059
5	0.00845	0.00643	0.00789	0.00888	0.01013	0.00587	0.00662	0.01016	0.01396	0.01773	0.04672	0.37919	0.28275	0.01874	0.00832	0.00259	0.00410	0.14980	0.00610	0.00556
6	0.00923	0.00673	0.00867	0.00819	0.00978	0.00617	0.00614	0.01224	0.01842	0.02588	0.68467	0.05003	0.10187	0.01365	0.00777	0.00208	0.00312	0.01202	0.00718	0.00617
7	0.00969	0.00652	0.00850	0.00858	0.00986	0.00604	0.00621	0.01213	0.01643	0.04589	0.44239	0.28114	0.05236	0.01535	0.00778	0.00224	0.00342	0.01368	0.04570	0.00609
8	0.02503	0.01844	0.01976	0.01515	0.02042	0.02042	0.01251	0.70562	0.03095	0.04149	0.01581	0.01581	0.01120	0.00790	0.00659	0.00198	0.00724	0.00593	0.00659	0.01120
9	0.01703	0.01486	0.01730	0.01490	0.01766	0.01819	0.01201	0.12852	0.38764	0.02586	0.01934	0.02000	0.01510	0.00961	0.01146	0.00240	0.24647	0.00668	0.00546	0.00950
10	0.01320	0.03405	0.73453	0.01876	0.02849	0.01529	0.02432	0.02085	0.01390	0.02085	0.01181	0.01390	0.00834	0.00625	0.00625	0.00208	0.00973	0.00486	0.00278	0.00973
11	0.01637	0.01414	0.01489	0.01340	0.01712	0.01637	0.01042	0.03498	0.71568	0.02754	0.02679	0.02456	0.02010	0.00893	0.00670	0.00223	0.00521	0.00744	0.00670	0.01042
12	0.00907	0.00737	0.01135	0.01095	0.01242	0.00681	0.08734	0.01107	0.01408	0.01883	0.13900	0.50087	0.11043	0.01741	0.00817	0.00249	0.00451	0.01594	0.00596	0.00591
13	0.05589	0.04266	0.14057	0.01212	0.01733	0.01128	0.01134	0.06986	0.01581	0.17389	0.01957	0.14130	0.01721	0.00910	0.00625	0.00188	0.00600	0.02630	0.00520	0.21645
14	0.51882	0.01491	0.01209	0.01066	0.01470	0.09668	0.00854	0.02392	0.12490	0.09919	0.01380	0.01423	0.01028	0.00684	0.00496	0.00203	0.00593	0.00457	0.00483	0.00812
15	0.27934	0.01118	0.01276	0.01043	0.01477	0.01091	0.00850	0.02582	0.01604	0.43448	0.05367	0.06083	0.01699	0.00843	0.00596	0.00207	0.00522	0.00655	0.00669	0.00934
16	0.05351	0.01174	0.05314	0.09190	0.01815	0.01111	0.01056	0.06581	0.03208	0.17840	0.15028	0.08951	0.04835	0.01226	0.04503	0.00256	0.05923	0.00834	0.00571	0.05233
17	0.01652	0.01598	0.06011	0.03618	0.60359	0.01496	0.03853	0.02054	0.01516	0.05728	0.01416	0.01934	0.01194	0.00659	0.00667	0.00203	0.00781	0.03882	0.00362	0.01018
18	0.00785	0.00641	0.00693	0.00735	0.00907	0.00550	0.00530	0.00937	0.01435	0.01752	0.05842	0.25407	0.53953	0.01775	0.00795	0.00235	0.00347	0.01521	0.00611	0.00550
19	0.02343	0.03165	0.09150	0.01714	0.02118	0.66825	0.01390	0.02573	0.01817	0.01659	0.01034	0.01208	0.00847	0.00673	0.00597	0.00174	0.01165	0.00430	0.00333	0.00785
20	0.02024	0.08317	0.22042	0.06694	0.02392	0.01682	0.04472	0.23244	0.05119	0.15199	0.01603	0.01660	0.01125	0.00715	0.00636	0.00201	0.00781	0.00569	0.00510	0.01016
21	0.00932	0.00819	0.00966	0.00921	0.01064	0.00868	0.00705	0.01078	0.01339	0.01697	0.04848	0.12430	0.46044	0.06109	0.01232	0.00266	0.16332	0.01241	0.00530	0.00579
22	0.01243	0.01170	0.01975	0.75282	0.04534	0.01463	0.01828	0.01682	0.01316	0.01682	0.01170	0.01755	0.00878	0.00658	0.00658	0.00219	0.00878	0.00585	0.00293	0.00731
23	0.01800	0.01131	0.02959	0.14975	0.04708	0.01107	0.04117	0.04689	0.04107	0.25576	0.15881	0.04956	0.05987	0.00973	0.00741	0.00215	0.02478	0.02124	0.00608	0.00869
24	0.04075	0.12317	0.47917	0.01790	0.02599	0.05223	0.08127	0.03786	0.04418	0.02102	0.01218	0.01412	0.00903	0.00629	0.00608	0.00200	0.00922	0.00502	0.00316	0.00937

[dist]
# distance from previous block
# <min> <max>
0	1

[block]
# block no. 13 follows, 33 sequences, length 31
# corresponding to MSA columns:
# 1344-1346,1349-1360,1375-1390
name=unknown_N
#
# <colnr> <probs for GDERKNQSTAVLIFYWHMCP>
#	G	D	E	R	K	N	Q	S	T	A	V	L	I	F	Y	W	H	M	C	P
0	0.01280	0.01176	0.01936	0.34817	0.18413	0.01327	0.04332	0.03127	0.01377	0.01851	0.01734	0.18380	0.01699	0.00980	0.00778	0.00228	0.04535	0.00880	0.00380	0.00770
1	0.71565	0.01305	0.01198	0.01119	0.04996	0.01474	0.03826	0.01986	0.01182	0.05040	0.01003	0.01165	0.00770	0.00614	0.00444	0.00204	0.00551	0.00396	0.00413	0.00750
2	0.00888	0.00616	0.00825	0.00955	0.01011	0.00592	0.00681	0.01008	0.01262	0.01672	0.03318	0.51623	0.03879	0.08843	0.01181	0.04850	0.00462	0.15238	0.00572	0.00523
3	0.01575	0.01392	0.06898	0.14025	0.08389	0.01261	0.05904	0.03380	0.01465	0.11370	0.04076	0.05246	0.01383	0.00761	0.00784	0.00190	0.08333	0.00630	0.00430	0.22507
4	0.01430	0.01277	0.01753	0.05992	0.20981	0.01096	0.01175	0.01757	0.01399	0.02121	0.01189	0.01459	0.00988	0.00524	0.00542	0.00131	0.00589	0.00454	0.00367	0.54779
5	0.00819	0.00585	0.00781	0.00923	0.00971	0.00548	0.00628	0.00951	0.01302	0.01743	0.07337	0.70045	0.04434	0.02015	0.00839	0.00265	0.00386	0.04269	0.00617	0.00542
6	0.01601	0.01484	0.05927	0.05251	0.19718	0.04743	0.01398	0.02176	0.13259	0.08588	0.06901	0.02281	0.05214	0.01002	0.03034	0.00243	0.13431	0.00693	0.02168	0.00888
7	0.00860	0.00647	0.00749	0.00785	0.00943	0.00568	0.00565	0.01031	0.01478	0.03597	0.14458	0.29712	0.38776	0.01736	0.00796	0.00235	0.00352	0.01508	0.00632	0.00571
8	0.01083	0.00682	0.00910	0.00923	0.01024	0.00684	0.00649	0.01229	0.01231	0.08127	0.07543	0.26774	0.03021	0.21168	0.21299	0.00563	0.00830	0.01171	0.00515	0.00575
9	0.01458	0.00752	0.00940	0.00838	0.01069	0.00694	0.00648	0.01755	0.01723	0.17858	0.36207	0.03599	0.03862	0.01057	0.00657	0.00190	0.00363	0.00903	0.24699	0.00727
