[name]
unknown

[dist]
# distance from previous block
# <min> <max>
0	64

[block]
# block no. 0 follows, 28 sequences, length 18
# corresponding to MSA columns:
# 617-634
name=unknown_A
#
# <colnr> <probs for GDERKNQSTAVLIFYWHMCP>
#	G	D	E	R	K	N	Q	S	T	A	V	L	I	F	Y	W	H	M	C	P
0	0.07406	0.01405	0.05489	0.22025	0.02685	0.01429	0.01394	0.10285	0.09039	0.08245	0.05813	0.10522	0.03929	0.01119	0.00760	0.00249	0.00722	0.06008	0.00574	0.00902
1	0.01439	0.01253	0.01979	0.49915	0.03863	0.01557	0.01705	0.01803	0.01377	0.04594	0.01444	0.02292	0.01228	0.10803	0.01367	0.00315	0.11230	0.00704	0.00362	0.00774
2	0.05028	0.01328	0.01712	0.13022	0.02233	0.01454	0.01228	0.14571	0.01914	0.17871	0.05499	0.05256	0.01939	0.09157	0.01260	0.00293	0.09278	0.02977	0.00600	0.03380
3	0.01578	0.01106	0.01590	0.11510	0.02057	0.01148	0.06144	0.09792	0.01706	0.09857	0.04199	0.18495	0.02620	0.15796	0.05458	0.00397	0.00785	0.04404	0.00573	0.00784
4	0.08421	0.01845	0.01995	0.01553	0.02112	0.02011	0.01278	0.49499	0.07218	0.13795	0.01929	0.01869	0.01346	0.00869	0.00708	0.00221	0.00742	0.00657	0.00732	0.01198
5	0.02061	0.02007	0.01765	0.01577	0.01989	0.17191	0.01219	0.07193	0.50320	0.02849	0.02487	0.02350	0.01882	0.00928	0.00720	0.00232	0.00750	0.00735	0.00659	0.01088
6	0.01191	0.00932	0.01292	0.01118	0.01371	0.00883	0.05874	0.06272	0.02089	0.02891	0.52692	0.05057	0.12659	0.01411	0.00848	0.00231	0.00447	0.01254	0.00748	0.00741
7	0.01983	0.09469	0.01838	0.01382	0.01758	0.17437	0.01098	0.20717	0.02308	0.02865	0.18327	0.08955	0.06601	0.01140	0.00739	0.00215	0.00747	0.00913	0.00614	0.00893
8	0.02160	0.15705	0.19891	0.02053	0.14558	0.01698	0.01716	0.02654	0.03545	0.22522	0.01772	0.01825	0.01270	0.00733	0.00660	0.00206	0.00804	0.00590	0.00512	0.05127
9	0.01960	0.22311	0.12648	0.16651	0.11374	0.08652	0.03777	0.02372	0.01638	0.10079	0.01401	0.01652	0.01074	0.00702	0.00646	0.00206	0.00917	0.00559	0.00397	0.00984
10	0.01458	0.03760	0.70688	0.02072	0.03146	0.01688	0.02686	0.02302	0.01535	0.02302	0.01304	0.01535	0.00921	0.00691	0.00691	0.00230	0.01074	0.00537	0.00307	0.01074
11	0.01008	0.00727	0.00953	0.00928	0.01081	0.00672	0.00684	0.01320	0.01962	0.02764	0.60171	0.15226	0.06566	0.01599	0.00867	0.00238	0.00354	0.01422	0.00782	0.00672
12	0.04356	0.02190	0.17279	0.12733	0.02854	0.05362	0.05655	0.19022	0.02095	0.14203	0.01647	0.01816	0.01166	0.00813	0.00822	0.00232	0.05536	0.00634	0.00528	0.01058
13	0.01799	0.01727	0.02950	0.04462	0.69919	0.01727	0.02231	0.02231	0.01655	0.02375	0.01367	0.01799	0.01151	0.00648	0.00720	0.00216	0.00864	0.00648	0.00360	0.01151
14	0.01057	0.00705	0.00793	0.00793	0.00793	0.00705	0.00440	0.01057	0.01057	0.01409	0.02290	0.04757	0.02643	0.74454	0.03700	0.00705	0.00705	0.01057	0.00440	0.00440
15	0.05207	0.09523	0.02125	0.11794	0.02491	0.30941	0.01393	0.07867	0.17098	0.02344	0.01597	0.01733	0.01249	0.00794	0.00664	0.00209	0.00974	0.00578	0.00474	0.00945
16	0.02056	0.01556	0.03877	0.19273	0.04617	0.06654	0.01465	0.02621	0.10457	0.20572	0.07155	0.02342	0.01811	0.00942	0.00970	0.00243	0.11111	0.00726	0.00573	0.00977
17	0.01891	0.00919	0.01222	0.01068	0.01362	0.00825	0.00816	0.02152	0.01894	0.29277	0.28671	0.14008	0.04244	0.07012	0.01037	0.00274	0.00491	0.01172	0.00794	0.00871

[dist]
# distance from previous block
# <min> <max>
4	34

[block]
# block no. 1 follows, 28 sequences, length 17
# corresponding to MSA columns:
# 684-700
name=unknown_B
#
# <colnr> <probs for GDERKNQSTAVLIFYWHMCP>
#	G	D	E	R	K	N	Q	S	T	A	V	L	I	F	Y	W	H	M	C	P
0	0.57302	0.01775	0.01305	0.01174	0.01606	0.13570	0.00935	0.02471	0.09329	0.02983	0.01261	0.01384	0.00982	0.00724	0.00519	0.00221	0.00691	0.00457	0.00471	0.00840
1	0.01286	0.01057	0.01271	0.01054	0.01485	0.00834	0.00795	0.01539	0.01466	0.02186	0.02259	0.27313	0.02405	0.01158	0.00677	0.00174	0.00497	0.01013	0.00518	0.51014
2	0.00886	0.00633	0.00843	0.01012	0.01054	0.00590	0.00675	0.01012	0.01392	0.01856	0.04006	0.73979	0.04808	0.02277	0.00928	0.00295	0.00422	0.02066	0.00675	0.00590
3	0.01658	0.01713	0.02060	0.01788	0.01852	0.10228	0.01463	0.01841	0.01335	0.01889	0.08977	0.02005	0.01641	0.01235	0.02003	0.00292	0.56154	0.00695	0.00381	0.00788
4	0.10979	0.01685	0.03055	0.02251	0.02854	0.01638	0.38624	0.08495	0.01899	0.09703	0.09621	0.02311	0.01830	0.00777	0.00785	0.00236	0.00941	0.00825	0.00517	0.00974
5	0.00968	0.00728	0.00915	0.01034	0.01176	0.00675	0.00795	0.01177	0.01559	0.01988	0.04948	0.33435	0.23742	0.02063	0.00932	0.00293	0.00484	0.21792	0.00673	0.00622
6	0.02715	0.03464	0.02060	0.01873	0.02247	0.71536	0.01404	0.02903	0.02060	0.01779	0.01124	0.01311	0.00936	0.00749	0.00655	0.00187	0.01311	0.00468	0.00375	0.00843
7	0.01455	0.01240	0.01493	0.04915	0.01839	0.00977	0.00907	0.01788	0.01557	0.02393	0.07761	0.01902	0.01619	0.00638	0.00579	0.00126	0.00543	0.00526	0.00460	0.67282
8	0.01417	0.00977	0.01174	0.01063	0.01336	0.00971	0.00817	0.02124	0.17013	0.09774	0.41684	0.04666	0.11369	0.01348	0.00818	0.00234	0.00426	0.01165	0.00785	0.00840
9	0.01373	0.01292	0.02180	0.72707	0.05006	0.01615	0.02019	0.01857	0.01453	0.01857	0.01292	0.01938	0.00969	0.00727	0.00727	0.00242	0.00969	0.00646	0.00323	0.00807
10	0.01350	0.00890	0.01124	0.01020	0.01260	0.00858	0.00780	0.01888	0.09915	0.09852	0.54841	0.04806	0.05792	0.01367	0.00830	0.00230	0.00399	0.01197	0.00803	0.00797
11	0.02163	0.09219	0.02859	0.08011	0.20805	0.01859	0.13935	0.14551	0.04074	0.12848	0.01687	0.01894	0.01251	0.00734	0.00724	0.00220	0.00873	0.00679	0.00514	0.01099
12	0.01041	0.00770	0.01124	0.01124	0.01239	0.00885	0.00854	0.01270	0.01155	0.01655	0.01987	0.03078	0.01914	0.13503	0.63653	0.01114	0.01802	0.00811	0.00395	0.00625
13	0.00877	0.00737	0.00761	0.00755	0.00993	0.00621	0.00566	0.01077	0.01698	0.02061	0.13739	0.06835	0.63188	0.01805	0.00859	0.00244	0.00366	0.01512	0.00688	0.00621
14	0.10690	0.01247	0.01878	0.49100	0.03843	0.01464	0.01637	0.02043	0.01560	0.10215	0.07914	0.02244	0.01604	0.00813	0.00707	0.00237	0.00821	0.00690	0.00451	0.00844
15	0.22231	0.02027	0.08451	0.08317	0.04435	0.10908	0.01396	0.17180	0.03877	0.12241	0.01564	0.01669	0.01127	0.00774	0.00644	0.00221	0.00820	0.00566	0.00543	0.01008
16	0.01540	0.01576	0.02836	0.10608	0.02918	0.01790	0.26548	0.01929	0.01457	0.02036	0.01631	0.04970	0.01518	0.01077	0.01399	0.00283	0.26367	0.08283	0.00390	0.00846

[dist]
# distance from previous block
# <min> <max>
0	15

[block]
# block no. 2 follows, 28 sequences, length 28
# corresponding to MSA columns:
# 733-760
name=unknown_C
#
# <colnr> <probs for GDERKNQSTAVLIFYWHMCP>
#	G	D	E	R	K	N	Q	S	T	A	V	L	I	F	Y	W	H	M	C	P
0	0.07897	0.01156	0.04307	0.01607	0.10484	0.01110	0.01116	0.01866	0.10225	0.04526	0.06874	0.09721	0.02461	0.01717	0.03541	0.19908	0.00675	0.09538	0.00524	0.00748
1	0.08056	0.01451	0.01509	0.01122	0.01733	0.05899	0.00893	0.01930	0.01523	0.02402	0.01257	0.01467	0.01043	0.00564	0.00539	0.00123	0.00594	0.00430	0.00428	0.67038
2	0.00886	0.00633	0.00843	0.01012	0.01054	0.00590	0.00675	0.01012	0.01392	0.01856	0.04006	0.73979	0.04808	0.02277	0.00928	0.00295	0.00422	0.02066	0.00675	0.00590
3	0.01825	0.01627	0.02397	0.30258	0.26908	0.06851	0.01916	0.02220	0.01600	0.08703	0.01429	0.01864	0.01110	0.00767	0.00869	0.00234	0.07416	0.00641	0.00395	0.00971
4	0.58447	0.04194	0.06466	0.01140	0.01656	0.05736	0.01009	0.04929	0.01424	0.03050	0.01089	0.01259	0.00848	0.00678	0.00498	0.00213	0.00660	0.00422	0.00441	0.05842
5	0.01018	0.00779	0.01115	0.05116	0.06992	0.00764	0.00904	0.01207	0.01446	0.01939	0.05511	0.54966	0.04244	0.04417	0.00996	0.00300	0.00513	0.06496	0.00626	0.00652
6	0.01486	0.01460	0.02217	0.64080	0.08610	0.06210	0.01991	0.01948	0.01505	0.01882	0.01285	0.01889	0.00977	0.00724	0.00722	0.00237	0.00985	0.00634	0.00329	0.00830
7	0.01283	0.00896	0.01096	0.01005	0.01246	0.00868	0.00767	0.01853	0.11628	0.07639	0.48937	0.04984	0.12133	0.01408	0.00832	0.00233	0.00399	0.01224	0.00786	0.00785
8	0.02097	0.00951	0.01284	0.01140	0.01461	0.00843	0.00874	0.02330	0.01825	0.36427	0.12063	0.29046	0.03567	0.01481	0.00820	0.00251	0.00510	0.01297	0.00804	0.00928
9	0.01943	0.74891	0.03809	0.01244	0.01866	0.02876	0.01244	0.02177	0.01477	0.01710	0.01011	0.01166	0.00933	0.00622	0.00466	0.00155	0.00777	0.00389	0.00311	0.00933
10	0.01081	0.00760	0.00955	0.00895	0.01095	0.00687	0.00675	0.01392	0.01984	0.05262	0.55451	0.05611	0.18372	0.01530	0.00853	0.00232	0.00358	0.01334	0.00781	0.00693
11	0.79588	0.01406	0.01068	0.00956	0.01406	0.01631	0.00787	0.02137	0.01237	0.03261	0.01012	0.01181	0.00787	0.00675	0.00450	0.00225	0.00562	0.00394	0.00450	0.00787
12	0.01460	0.00778	0.00789	0.00751	0.00951	0.00795	0.00573	0.06583	0.01665	0.02849	0.02325	0.02638	0.01817	0.00849	0.00524	0.00173	0.00373	0.00676	0.72712	0.00719
13	0.79588	0.01406	0.01068	0.00956	0.01406	0.01631	0.00787	0.02137	0.01237	0.03261	0.01012	0.01181	0.00787	0.00675	0.00450	0.00225	0.00562	0.00394	0.00450	0.00787
14	0.79588	0.01406	0.01068	0.00956	0.01406	0.01631	0.00787	0.02137	0.01237	0.03261	0.01012	0.01181	0.00787	0.00675	0.00450	0.00225	0.00562	0.00394	0.00450	0.00787
15	0.79588	0.01406	0.01068	0.00956	0.01406	0.01631	0.00787	0.02137	0.01237	0.03261	0.01012	0.01181	0.00787	0.00675	0.00450	0.00225	0.00562	0.00394	0.00450	0.00787
16	0.00867	0.00706	0.00768	0.00818	0.01003	0.00607	0.00589	0.01034	0.01578	0.01932	0.06366	0.26910	0.50355	0.01971	0.00880	0.00260	0.00384	0.01692	0.00675	0.00607
17	0.00886	0.00633	0.00843	0.01012	0.01054	0.00590	0.00675	0.01012	0.01392	0.01856	0.04006	0.73979	0.04808	0.02277	0.00928	0.00295	0.00422	0.02066	0.00675	0.00590
18	0.02699	0.01873	0.02048	0.01599	0.02156	0.02047	0.01312	0.51068	0.11895	0.12603	0.02046	0.01964	0.01437	0.00891	0.00729	0.00223	0.00747	0.00686	0.00750	0.01225
19	0.01575	0.03381	0.60248	0.07867	0.03211	0.01639	0.02519	0.02351	0.01566	0.06971	0.01411	0.01633	0.00985	0.00708	0.00696	0.00231	0.01034	0.00560	0.00349	0.01063
20	0.03083	0.01524	0.01864	0.01429	0.01999	0.01494	0.01181	0.26495	0.02560	0.46793	0.02465	0.02213	0.01597	0.00890	0.00730	0.00222	0.00684	0.00704	0.00838	0.01237
21	0.00886	0.00633	0.00843	0.01012	0.01054	0.00590	0.00675	0.01012	0.01392	0.01856	0.04006	0.73979	0.04808	0.02277	0.00928	0.00295	0.00422	0.02066	0.00675	0.00590
22	0.02482	0.01106	0.01353	0.01097	0.01512	0.01042	0.00887	0.09456	0.02007	0.37762	0.02562	0.02489	0.01765	0.00877	0.00646	0.00203	0.00531	0.00703	0.30498	0.01023
23	0.01660	0.01284	0.02105	0.61860	0.04528	0.01532	0.01874	0.02113	0.01549	0.12271	0.01531	0.02019	0.01095	0.00753	0.00727	0.00240	0.00916	0.00659	0.00411	0.00873
24	0.01073	0.00721	0.00874	0.00934	0.01094	0.00639	0.00662	0.01233	0.01547	0.07573	0.05151	0.43336	0.28482	0.02002	0.00886	0.00271	0.00418	0.01759	0.00693	0.00653
25	0.79588	0.01406	0.01068	0.00956	0.01406	0.01631	0.00787	0.02137	0.01237	0.03261	0.01012	0.01181	0.00787	0.00675	0.00450	0.00225	0.00562	0.00394	0.00450	0.00787
26	0.34733	0.01307	0.01432	0.01154	0.01670	0.01300	0.00952	0.02963	0.01733	0.42730	0.02103	0.01941	0.01382	0.00807	0.00615	0.00225	0.00595	0.00592	0.00714	0.01052
27	0.02018	0.21838	0.07361	0.01606	0.02112	0.12189	0.03240	0.08641	0.23782	0.02476	0.01763	0.01825	0.01388	0.00832	0.00766	0.00215	0.05821	0.00607	0.00500	0.01020

[dist]
# distance from previous block
# <min> <max>
0	1

[block]
# block no. 3 follows, 28 sequences, length 19
# corresponding to MSA columns:
# 762-780
name=unknown_D
#
# <colnr> <probs for GDERKNQSTAVLIFYWHMCP>
#	G	D	E	R	K	N	Q	S	T	A	V	L	I	F	Y	W	H	M	C	P
0	0.01047	0.00762	0.01000	0.01014	0.01185	0.00715	0.00800	0.01367	0.01902	0.02610	0.45246	0.08888	0.11001	0.01679	0.00898	0.00260	0.00432	0.17772	0.00752	0.00672
1	0.01255	0.00995	0.01160	0.01074	0.01325	0.01026	0.00818	0.02113	0.22518	0.02878	0.44072	0.04718	0.10440	0.01360	0.00821	0.00235	0.00416	0.01180	0.00772	0.00823
2	0.41074	0.01552	0.01522	0.01235	0.01747	0.01690	0.01019	0.21308	0.02047	0.18014	0.01621	0.01621	0.01133	0.00780	0.00590	0.00223	0.00643	0.00541	0.00626	0.01013
3	0.01286	0.00785	0.01039	0.00981	0.01178	0.00717	0.00732	0.01581	0.01937	0.11306	0.48850	0.17821	0.05833	0.01559	0.00854	0.00241	0.00393	0.01380	0.00789	0.00738
4	0.01943	0.74891	0.03809	0.01244	0.01866	0.02876	0.01244	0.02177	0.01477	0.01710	0.01011	0.01166	0.00933	0.00622	0.00466	0.00155	0.00777	0.00389	0.00311	0.00933
5	0.01972	0.01277	0.01555	0.01134	0.01758	0.00995	0.00916	0.02284	0.01659	0.20413	0.01710	0.01764	0.01268	0.00634	0.00589	0.00139	0.00560	0.00510	0.00555	0.58307
6	0.52919	0.01625	0.01455	0.01205	0.01700	0.01847	0.00994	0.24826	0.01994	0.03720	0.01267	0.01377	0.00943	0.00743	0.00546	0.00223	0.00645	0.00484	0.00546	0.00943
7	0.01843	0.02166	0.21254	0.01993	0.04353	0.01536	0.16696	0.05423	0.04935	0.11584	0.04024	0.01964	0.01398	0.00746	0.00784	0.00215	0.03645	0.00671	0.00480	0.14289
8	0.10542	0.19840	0.14151	0.07941	0.02616	0.01849	0.12143	0.02503	0.01635	0.17829	0.01584	0.01725	0.01144	0.00711	0.00649	0.00214	0.00857	0.00591	0.00470	0.01007
9	0.02641	0.02825	0.01891	0.01682	0.02068	0.52814	0.01278	0.02859	0.02063	0.13343	0.08140	0.01910	0.01663	0.00847	0.00688	0.00198	0.01100	0.00595	0.00504	0.00893
10	0.01112	0.00774	0.00884	0.00849	0.01089	0.00669	0.00639	0.01338	0.01767	0.08199	0.21288	0.11515	0.43823	0.01709	0.00853	0.00244	0.00389	0.01454	0.00724	0.00684
11	0.02331	0.18603	0.11993	0.01704	0.05341	0.01697	0.07884	0.02808	0.05080	0.29427	0.04635	0.02090	0.01599	0.00794	0.00682	0.00212	0.00776	0.00661	0.00593	0.01090
12	0.02959	0.01223	0.01625	0.01278	0.01795	0.01098	0.01044	0.03391	0.07560	0.59335	0.08342	0.02736	0.02249	0.00955	0.00742	0.00227	0.00592	0.00786	0.00878	0.01185
13	0.03261	0.01237	0.01687	0.01293	0.01856	0.01068	0.01068	0.03543	0.02081	0.70423	0.02868	0.02474	0.01799	0.00900	0.00731	0.00225	0.00619	0.00731	0.00900	0.01237
14	0.01938	0.01590	0.02362	0.21167	0.22694	0.01728	0.04770	0.11006	0.14019	0.08627	0.01822	0.02061	0.01363	0.00780	0.00733	0.00231	0.00826	0.00697	0.00514	0.01071
15	0.02314	0.01475	0.04276	0.15167	0.11370	0.01411	0.09489	0.02755	0.03625	0.32242	0.02153	0.02403	0.01532	0.00852	0.00804	0.00237	0.02987	0.03224	0.00611	0.01073
16	0.01554	0.01541	0.02219	0.13720	0.02425	0.02124	0.01662	0.01767	0.01170	0.01767	0.01011	0.01648	0.00957	0.01181	0.02109	0.00305	0.61086	0.00638	0.00319	0.00797
17	0.03212	0.01316	0.01736	0.01331	0.01895	0.01185	0.01099	0.09830	0.02212	0.63950	0.02757	0.02402	0.01744	0.00897	0.00731	0.00224	0.00636	0.00723	0.00883	0.01237
18	0.02296	0.07195	0.04030	0.03775	0.02166	0.01392	0.12231	0.08099	0.01882	0.30396	0.02356	0.09489	0.01897	0.08184	0.01041	0.00277	0.00761	0.00875	0.00648	0.01010

[dist]
# distance from previous block
# <min> <max>
4	10

[block]
# block no. 4 follows, 28 sequences, length 9
# corresponding to MSA columns:
# 791-799
name=unknown_E
#
# <colnr> <probs for GDERKNQSTAVLIFYWHMCP>
#	G	D	E	R	K	N	Q	S	T	A	V	L	I	F	Y	W	H	M	C	P
0	0.01085	0.00981	0.00898	0.00873	0.01079	0.07130	0.00628	0.01258	0.01643	0.01975	0.13964	0.05888	0.43710	0.14170	0.01328	0.00317	0.00509	0.01326	0.00623	0.00614
1	0.01908	0.21567	0.15695	0.20823	0.02965	0.01893	0.01693	0.02509	0.07977	0.13796	0.01648	0.01819	0.01212	0.00746	0.00652	0.00214	0.00840	0.00587	0.00455	0.00999
2	0.01039	0.00766	0.01099	0.01089	0.01213	0.00851	0.00826	0.01288	0.01310	0.01872	0.13592	0.03479	0.02762	0.11340	0.52962	0.00963	0.01553	0.00897	0.00465	0.00635
3	0.01257	0.01541	0.13385	0.25080	0.02831	0.01349	0.01569	0.01674	0.01549	0.02114	0.13939	0.07918	0.11071	0.01169	0.00988	0.00252	0.10100	0.00951	0.00471	0.00791
4	0.11875	0.00969	0.01185	0.03084	0.01428	0.00954	0.03217	0.02103	0.01591	0.19291	0.02513	0.13887	0.02154	0.03773	0.00760	0.00235	0.00514	0.00896	0.28748	0.00822
5	0.37645	0.01367	0.01248	0.01083	0.01486	0.01539	0.00873	0.14190	0.09756	0.03345	0.01702	0.01831	0.01296	0.00789	0.00549	0.00213	0.00554	0.00560	0.19087	0.00887
6	0.01997	0.01453	0.01593	0.01400	0.01827	0.01605	0.01098	0.03629	0.52926	0.14549	0.03223	0.02943	0.06427	0.01026	0.00746	0.00243	0.00570	0.00851	0.00763	0.01131
7	0.02471	0.01508	0.01766	0.01361	0.01932	0.01456	0.01108	0.20317	0.10893	0.25836	0.02157	0.02051	0.01509	0.00807	0.00680	0.00195	0.00640	0.00642	0.00707	0.21962
8	0.07419	0.28287	0.27539	0.01630	0.05286	0.01959	0.01703	0.02161	0.01582	0.04379	0.10057	0.01923	0.01721	0.00773	0.00617	0.00202	0.00813	0.00585	0.00404	0.00961

[dist]
# distance from previous block
# <min> <max>
2	13

[block]
# block no. 5 follows, 28 sequences, length 84
# corresponding to MSA columns:
# 837-853,856-870,883-934
name=unknown_F
#
# <colnr> <probs for GDERKNQSTAVLIFYWHMCP>
#	G	D	E	R	K	N	Q	S	T	A	V	L	I	F	Y	W	H	M	C	P
0	0.01608	0.03244	0.55936	0.02020	0.02976	0.01593	0.07436	0.02359	0.01623	0.08117	0.05132	0.01858	0.01330	0.00745	0.00716	0.00231	0.01008	0.00620	0.00389	0.01060
1	0.01829	0.01690	0.06266	0.03843	0.04469	0.01599	0.24158	0.04820	0.21259	0.09968	0.02340	0.10453	0.01921	0.00960	0.00797	0.00247	0.00840	0.00937	0.00576	0.01027
2	0.01073	0.00703	0.00787	0.00787	0.00796	0.00703	0.00444	0.01091	0.01082	0.01480	0.02295	0.04646	0.02601	0.70482	0.03528	0.00676	0.00685	0.01037	0.04652	0.00453
3	0.01915	0.70735	0.07717	0.01292	0.01940	0.02807	0.01328	0.02184	0.01480	0.01745	0.01028	0.01188	0.00932	0.00626	0.00480	0.00160	0.00795	0.00397	0.00311	0.00941
4	0.00962	0.00732	0.00884	0.00864	0.01049	0.00654	0.00641	0.01235	0.01872	0.02517	0.43822	0.11608	0.27179	0.01667	0.00864	0.00240	0.00358	0.01448	0.00749	0.00654
5	0.01022	0.00743	0.00963	0.00908	0.01082	0.00683	0.00681	0.01360	0.02043	0.02880	0.67220	0.05488	0.09197	0.01499	0.00857	0.00229	0.00344	0.01323	0.00796	0.00683
6	0.01489	0.00805	0.00834	0.00798	0.01012	0.00827	0.00607	0.02027	0.09455	0.05602	0.02461	0.02700	0.01902	0.00866	0.00545	0.00181	0.00378	0.00697	0.66055	0.00757
7	0.02854	0.01611	0.01867	0.01444	0.01986	0.01657	0.01189	0.36785	0.02736	0.30815	0.02243	0.02112	0.01510	0.00881	0.00712	0.00217	0.00692	0.00687	0.06810	0.01193
8	0.00922	0.00659	0.00886	0.01054	0.01112	0.00622	0.00739	0.01076	0.01428	0.01897	0.03986	0.65510	0.04727	0.02243	0.00938	0.00300	0.00454	0.10172	0.00674	0.00601
9	0.01458	0.03760	0.70688	0.02072	0.03146	0.01688	0.02686	0.02302	0.01535	0.02302	0.01304	0.01535	0.00921	0.00691	0.00691	0.00230	0.01074	0.00537	0.00307	0.01074
10	0.01016	0.00743	0.00954	0.00901	0.01078	0.00680	0.00676	0.01347	0.02028	0.02844	0.64886	0.05547	0.11553	0.01513	0.00857	0.00230	0.00345	0.01331	0.00791	0.00680
11	0.00955	0.00731	0.00876	0.00858	0.01046	0.00652	0.00637	0.01222	0.01856	0.02481	0.41473	0.11813	0.29402	0.01682	0.00864	0.00240	0.00359	0.01458	0.00744	0.00652
12	0.01458	0.03760	0.70688	0.02072	0.03146	0.01688	0.02686	0.02302	0.01535	0.02302	0.01304	0.01535	0.00921	0.00691	0.00691	0.00230	0.01074	0.00537	0.00307	0.01074
13	0.01590	0.01590	0.02226	0.01908	0.01908	0.02226	0.01590	0.01749	0.01113	0.01749	0.00954	0.01590	0.00954	0.01272	0.02385	0.00318	0.73123	0.00636	0.00318	0.00795
14	0.01029	0.00743	0.00972	0.00914	0.01086	0.00686	0.00686	0.01372	0.02058	0.02915	0.69536	0.05430	0.06859	0.01486	0.00857	0.00229	0.00343	0.01315	0.00800	0.00686
15	0.02184	0.19716	0.07966	0.01421	0.02017	0.03898	0.01288	0.16557	0.11004	0.11863	0.01784	0.01800	0.01333	0.00767	0.00629	0.00192	0.00729	0.00579	0.02969	0.11305
16	0.02058	0.55324	0.08637	0.01432	0.02040	0.16306	0.01387	0.02329	0.01596	0.01770	0.01056	0.01223	0.00933	0.00652	0.00521	0.00168	0.00905	0.00416	0.00323	0.00926
17	0.01270	0.07222	0.01395	0.00998	0.01370	0.00968	0.00793	0.01597	0.01820	0.02626	0.40396	0.03727	0.04380	0.01089	0.00715	0.00181	0.00447	0.00934	0.00632	0.27440
18	0.12680	0.01623	0.07105	0.01519	0.05632	0.01358	0.04787	0.07176	0.05369	0.10485	0.01574	0.01699	0.01187	0.00670	0.00612	0.00176	0.00669	0.00541	0.00509	0.34628
19	0.14010	0.01280	0.01551	0.01245	0.01734	0.01227	0.01013	0.10220	0.02055	0.44482	0.06154	0.07711	0.02087	0.00999	0.00711	0.00230	0.00601	0.00805	0.00793	0.01093
20	0.01044	0.00699	0.00797	0.00810	0.00813	0.00696	0.00459	0.01054	0.01083	0.01444	0.02423	0.10110	0.02810	0.68872	0.03485	0.00673	0.00683	0.01135	0.00459	0.00452
21	0.00938	0.00706	0.00868	0.00898	0.01048	0.00636	0.00647	0.01170	0.01739	0.02324	0.32103	0.27676	0.22929	0.01833	0.00880	0.00254	0.00375	0.01613	0.00727	0.00636
22	0.06082	0.01819	0.06772	0.09918	0.02973	0.01868	0.24106	0.09415	0.01724	0.08212	0.01441	0.01822	0.01099	0.00845	0.01155	0.00256	0.18390	0.00704	0.00437	0.00962
23	0.02552	0.01831	0.02380	0.01980	0.07415	0.01929	0.09792	0.38210	0.08699	0.14668	0.01973	0.01982	0.01392	0.00837	0.00745	0.00225	0.00809	0.00707	0.00683	0.01190
24	0.01144	0.00687	0.00882	0.00980	0.01083	0.00641	0.00679	0.01317	0.01466	0.07295	0.03657	0.57073	0.04105	0.01942	0.00846	0.00270	0.00424	0.01741	0.13114	0.00654
25	0.02110	0.01328	0.01542	0.01339	0.01750	0.01403	0.01051	0.03350	0.38097	0.23071	0.10021	0.06774	0.02724	0.01083	0.00760	0.00241	0.00555	0.00914	0.00790	0.01097
26	0.01901	0.01612	0.02518	0.07996	0.06596	0.01515	0.19008	0.12625	0.01916	0.07758	0.01535	0.01793	0.01158	0.00661	0.00695	0.00189	0.00826	0.00635	0.00483	0.28579
27	0.00886	0.00633	0.00843	0.01012	0.01054	0.00590	0.00675	0.01012	0.01392	0.01856	0.04006	0.73979	0.04808	0.02277	0.00928	0.00295	0.00422	0.02066	0.00675	0.00590
28	0.01434	0.00877	0.01127	0.01033	0.01272	0.00829	0.00784	0.01884	0.07488	0.13583	0.46024	0.12438	0.05437	0.01440	0.00835	0.00237	0.00415	0.01265	0.00797	0.00802
29	0.01670	0.01900	0.11451	0.17766	0.48444	0.01700	0.02247	0.02165	0.01600	0.02262	0.01344	0.01793	0.01086	0.00669	0.00717	0.00223	0.00912	0.00633	0.00346	0.01073
30	0.01639	0.01269	0.01504	0.01093	0.01716	0.00967	0.00874	0.01953	0.01553	0.08129	0.01500	0.03563	0.01240	0.00616	0.00565	0.00123	0.00542	0.00501	0.00477	0.70176
31	0.54998	0.10091	0.01613	0.01265	0.03949	0.13716	0.00994	0.02275	0.01419	0.02802	0.01043	0.01223	0.00842	0.00681	0.00496	0.00210	0.00725	0.00414	0.00418	0.00826
32	0.73880	0.01393	0.01115	0.00981	0.01439	0.01589	0.00808	0.02242	0.01300	0.08284	0.01151	0.01278	0.00863	0.00692	0.00471	0.00225	0.00567	0.00419	0.00483	0.00821
33	0.01181	0.07107	0.01250	0.01060	0.01270	0.00967	0.00827	0.06233	0.01774	0.02332	0.17912	0.27775	0.15263	0.01756	0.00858	0.00261	0.00489	0.10310	0.00674	0.00703
34	0.00898	0.00642	0.00854	0.01004	0.01057	0.00599	0.00676	0.01043	0.01448	0.01945	0.09566	0.68163	0.04982	0.02210	0.00922	0.00290	0.00415	0.02003	0.00685	0.00599
35	0.01239	0.00749	0.00867	0.00834	0.00881	0.00735	0.00492	0.01263	0.01142	0.07115	0.02338	0.04568	0.02573	0.68373	0.03454	0.00665	0.00698	0.01030	0.00478	0.00506
36	0.01039	0.00749	0.01012	0.01148	0.01275	0.00722	0.00913	0.01293	0.01612	0.02128	0.10945	0.31323	0.07887	0.02041	0.00954	0.00305	0.00532	0.32794	0.00685	0.00640
37	0.02763	0.02036	0.02182	0.01672	0.02254	0.02254	0.01382	0.67496	0.03418	0.04581	0.01745	0.01745	0.01236	0.00873	0.00727	0.00218	0.00800	0.00654	0.00727	0.01236
38	0.02038	0.01676	0.01773	0.01526	0.01978	0.01916	0.01206	0.19205	0.52889	0.03412	0.02666	0.02479	0.01982	0.00959	0.00737	0.00240	0.00629	0.00781	0.00737	0.01171
39	0.00863	0.00720	0.00753	0.00780	0.00993	0.00610	0.00572	0.01038	0.01615	0.01946	0.06828	0.17689	0.59277	0.01911	0.00870	0.00253	0.00377	0.01619	0.00675	0.00610
40	0.02662	0.08674	0.02202	0.01807	0.02219	0.59979	0.01390	0.08836	0.02142	0.02034	0.01173	0.01340	0.00964	0.00751	0.00648	0.00188	0.01224	0.00479	0.00402	0.00886
41	0.01373	0.01292	0.02180	0.72707	0.05006	0.01615	0.02019	0.01857	0.01453	0.01857	0.01292	0.01938	0.00969	0.00727	0.00727	0.00242	0.00969	0.00646	0.00323	0.00807
42	0.01904	0.01763	0.01688	0.01521	0.01928	0.09186	0.01177	0.03761	0.61564	0.02907	0.02764	0.02564	0.02083	0.00961	0.00731	0.00240	0.00653	0.00784	0.00701	0.01118
43	0.02049	0.01086	0.01376	0.01161	0.01569	0.00956	0.00898	0.02420	0.06719	0.29861	0.02952	0.21359	0.04201	0.03231	0.00829	0.00235	0.00543	0.01059	0.00715	0.16780
44	0.01173	0.00872	0.01252	0.01594	0.12138	0.00840	0.00959	0.03350	0.01521	0.04427	0.03474	0.57691	0.04007	0.01925	0.00881	0.00278	0.00511	0.01749	0.00634	0.00723
45	0.02849	0.01899	0.02097	0.01608	0.02186	0.02051	0.01328	0.56538	0.03189	0.15862	0.01938	0.01870	0.01333	0.00877	0.00728	0.00219	0.00769	0.00668	0.00757	0.01236
46	0.05996	0.00965	0.01308	0.01166	0.01454	0.00978	0.00914	0.02116	0.01495	0.26290	0.02313	0.04801	0.01909	0.09188	0.34900	0.00718	0.01253	0.00801	0.00587	0.00847
47	0.08000	0.00957	0.01229	0.01125	0.01428	0.00880	0.00853	0.02202	0.01701	0.31515	0.05726	0.35020	0.03278	0.01531	0.00804	0.00257	0.00514	0.01334	0.00759	0.00888
48	0.01343	0.00939	0.01132	0.01158	0.01344	0.00966	0.00832	0.02006	0.19785	0.07986	0.03581	0.46729	0.03792	0.03616	0.00929	0.00286	0.00487	0.01588	0.00706	0.00794
49	0.08486	0.01416	0.01669	0.01357	0.01866	0.01436	0.01099	0.08961	0.22350	0.39334	0.02661	0.02388	0.01803	0.00907	0.00712	0.00231	0.00617	0.00727	0.00803	0.01177
50	0.00871	0.00737	0.00752	0.00749	0.00989	0.00619	0.00561	0.01066	0.01684	0.02029	0.11609	0.06889	0.65339	0.01817	0.00859	0.00244	0.00366	0.01519	0.00684	0.00619
51	0.33075	0.01060	0.01042	0.00999	0.01278	0.01146	0.00764	0.01821	0.07233	0.02850	0.22528	0.17527	0.03571	0.01275	0.00696	0.00242	0.00468	0.01052	0.00627	0.00747
52	0.08873	0.01104	0.01410	0.01168	0.01605	0.01002	0.00955	0.02733	0.01937	0.43675	0.12707	0.03655	0.08394	0.01138	0.00760	0.00236	0.00558	0.06261	0.00810	0.01020
53	0.02652	0.01102	0.01492	0.01190	0.01646	0.00964	0.00964	0.02950	0.02074	0.52000	0.21062	0.03281	0.03180	0.01060	0.00765	0.00226	0.00543	0.00890	0.00873	0.01087
54	0.01458	0.03760	0.70688	0.02072	0.03146	0.01688	0.02686	0.02302	0.01535	0.02302	0.01304	0.01535	0.00921	0.00691	0.00691	0.00230	0.01074	0.00537	0.00307	0.01074
55	0.07897	0.01146	0.01824	0.06870	0.02026	0.01326	0.10702	0.01618	0.01268	0.01935	0.01623	0.02353	0.01452	0.03457	0.41137	0.00776	0.10745	0.00729	0.00377	0.00739
56	0.01250	0.00775	0.01010	0.00963	0.01146	0.00709	0.00708	0.01519	0.01861	0.10231	0.43416	0.18198	0.07852	0.05800	0.01021	0.00269	0.00411	0.01385	0.00762	0.00713
57	0.01223	0.00798	0.01027	0.01105	0.01236	0.00780	0.00805	0.01534	0.06659	0.07622	0.03612	0.43235	0.04007	0.10082	0.01220	0.00338	0.00525	0.12836	0.00671	0.00684
58	0.23098	0.01577	0.02151	0.38154	0.03643	0.06879	0.10498	0.02077	0.01475	0.02303	0.01226	0.01685	0.00935	0.00699	0.00663	0.00234	0.00917	0.00592	0.00368	0.00828
59	0.00954	0.00760	0.00975	0.01176	0.06356	0.00691	0.00752	0.01135	0.01539	0.01986	0.08203	0.41183	0.27715	0.01957	0.00884	0.00268	0.00433	0.01730	0.00657	0.00647
60	0.00983	0.00719	0.00923	0.00920	0.01070	0.00659	0.00672	0.01266	0.01880	0.02604	0.50026	0.20210	0.11986	0.01687	0.00873	0.00244	0.00362	0.01495	0.00762	0.00659
61	0.01507	0.01292	0.01507	0.01077	0.01723	0.00969	0.00861	0.01830	0.01507	0.02369	0.01292	0.01507	0.01077	0.00538	0.00538	0.00108	0.00538	0.00431	0.00431	0.78898
62	0.01516	0.01467	0.05903	0.12796	0.02526	0.01196	0.08997	0.01930	0.01586	0.04184	0.06999	0.01982	0.01551	0.00674	0.00647	0.00166	0.00705	0.00603	0.00442	0.44131
63	0.79588	0.01406	0.01068	0.00956	0.01406	0.01631	0.00787	0.02137	0.01237	0.03261	0.01012	0.01181	0.00787	0.00675	0.00450	0.00225	0.00562	0.00394	0.00450	0.00787
64	0.01808	0.01561	0.01644	0.01479	0.01890	0.01808	0.01151	0.03863	0.68606	0.03041	0.02959	0.02712	0.02219	0.00986	0.00740	0.00247	0.00575	0.00822	0.00740	0.01151
65	0.01590	0.01590	0.02226	0.01908	0.01908	0.02226	0.01590	0.01749	0.01113	0.01749	0.00954	0.01590	0.00954	0.01272	0.02385	0.00318	0.73123	0.00636	0.00318	0.00795
66	0.01873	0.54621	0.19149	0.01469	0.02182	0.06307	0.01585	0.02245	0.01522	0.01850	0.01084	0.01259	0.00930	0.00645	0.00528	0.00174	0.00875	0.00427	0.00313	0.00961
67	0.01432	0.00683	0.01010	0.00976	0.01024	0.00668	0.00668	0.01167	0.01043	0.07131	0.01399	0.02232	0.01308	0.02387	0.02662	0.72180	0.00630	0.00640	0.00365	0.00394
68	0.04605	0.02360	0.02107	0.09981	0.07546	0.28851	0.01482	0.19000	0.02252	0.10357	0.01507	0.01665	0.01126	0.00802	0.00745	0.00213	0.03302	0.00582	0.00516	0.01002
69	0.01769	0.01712	0.02988	0.04237	0.62258	0.01703	0.07222	0.02211	0.01661	0.02364	0.01468	0.02050	0.01261	0.00696	0.00741	0.00223	0.00884	0.03062	0.00372	0.01120
70	0.01052	0.00725	0.00895	0.00895	0.00931	0.00760	0.00568	0.01123	0.01087	0.01485	0.02197	0.04238	0.02417	0.55623	0.22223	0.00831	0.01044	0.00981	0.00427	0.00497
71	0.01032	0.00813	0.01106	0.12542	0.01698	0.00809	0.00877	0.01335	0.01782	0.02406	0.37018	0.16137	0.16616	0.01552	0.00848	0.00244	0.00462	0.01365	0.00681	0.00678
72	0.01870	0.01802	0.04754	0.03937	0.02940	0.01751	0.33458	0.07694	0.16109	0.06563	0.01851	0.02074	0.01377	0.00749	0.00830	0.00233	0.03245	0.00772	0.00507	0.07486
73	0.01545	0.01332	0.01570	0.01230	0.04075	0.01073	0.00935	0.02034	0.07785	0.02432	0.01450	0.01630	0.01186	0.00584	0.00563	0.00124	0.00553	0.00475	0.00457	0.68965
74	0.18266	0.09817	0.17945	0.01752	0.02282	0.02014	0.07408	0.08796	0.01563	0.02533	0.01179	0.01495	0.00951	0.00845	0.01082	0.00245	0.19946	0.00558	0.00389	0.00933
75	0.01539	0.15676	0.59484	0.01933	0.02932	0.01887	0.02444	0.02281	0.01525	0.02203	0.01255	0.01473	0.00923	0.00679	0.00653	0.00218	0.01025	0.00512	0.00308	0.01051
76	0.00992	0.00702	0.00886	0.00965	0.01093	0.00639	0.00690	0.01182	0.01591	0.04186	0.15290	0.43143	0.18523	0.02001	0.00900	0.00274	0.00417	0.05190	0.00702	0.00635
77	0.04240	0.07883	0.22277	0.01718	0.04663	0.01781	0.01650	0.09850	0.22293	0.13175	0.02067	0.02031	0.01490	0.00825	0.00692	0.00227	0.00778	0.00654	0.00580	0.01123
78	0.09802	0.01295	0.01699	0.10608	0.02201	0.01311	0.01188	0.05184	0.05190	0.42282	0.05991	0.02384	0.01829	0.00912	0.00801	0.00233	0.04560	0.00717	0.00732	0.01081
79	0.03565	0.01773	0.22071	0.03468	0.01991	0.01176	0.01484	0.01841	0.01531	0.08436	0.05803	0.11907	0.04603	0.05333	0.01168	0.04648	0.04925	0.12940	0.00521	0.00816
80	0.00899	0.00675	0.00826	0.00918	0.01029	0.00610	0.00635	0.01060	0.01525	0.01983	0.11764	0.46013	0.22987	0.04303	0.00987	0.00287	0.00407	0.01808	0.00681	0.00602
81	0.14026	0.01811	0.11234	0.17530	0.10479	0.01634	0.18482	0.02216	0.05148	0.02445	0.01476	0.01858	0.01125	0.00699	0.00695	0.00230	0.00902	0.00658	0.06424	0.00929
82	0.08149	0.01861	0.10311	0.02665	0.19712	0.01569	0.20680	0.02615	0.01742	0.20837	0.01769	0.01952	0.01259	0.00713	0.00739	0.00229	0.00902	0.00699	0.00509	0.01088
83	0.02189	0.23799	0.11888	0.01622	0.02130	0.15021	0.01513	0.04548	0.01681	0.12872	0.01381	0.01552	0.01084	0.00832	0.00951	0.00216	0.14789	0.00534	0.00431	0.00967

[dist]
# distance from previous block
# <min> <max>
0	2

[block]
# block no. 6 follows, 28 sequences, length 17
# corresponding to MSA columns:
# 937-942,944-950,959-962
name=unknown_G
#
# <colnr> <probs for GDERKNQSTAVLIFYWHMCP>
#	G	D	E	R	K	N	Q	S	T	A	V	L	I	F	Y	W	H	M	C	P
0	0.47271	0.08034	0.01571	0.01150	0.01651	0.07383	0.00952	0.09296	0.01601	0.03025	0.01140	0.01297	0.00902	0.00679	0.00511	0.00199	0.00664	0.00433	0.00459	0.11781
1	0.12257	0.00865	0.01025	0.01076	0.01272	0.00869	0.00844	0.01627	0.01515	0.08212	0.03150	0.25147	0.03318	0.05402	0.00959	0.00297	0.00538	0.20696	0.10229	0.00701
2	0.01721	0.01900	0.11584	0.11817	0.11263	0.07656	0.03531	0.02554	0.17772	0.05850	0.08913	0.02560	0.04632	0.00926	0.00813	0.00235	0.03998	0.00771	0.00523	0.00981
3	0.01029	0.00780	0.00972	0.00928	0.01135	0.00688	0.00685	0.01304	0.01808	0.02512	0.40374	0.19145	0.14283	0.01591	0.00837	0.00231	0.00384	0.01401	0.00717	0.09197
4	0.01448	0.01438	0.07454	0.10120	0.15645	0.01306	0.03512	0.08324	0.01924	0.02652	0.25089	0.03583	0.10520	0.01110	0.00825	0.00231	0.02394	0.00968	0.00571	0.00884
5	0.01959	0.57213	0.12976	0.01428	0.02086	0.10137	0.01463	0.02273	0.01548	0.01800	0.01064	0.01233	0.00932	0.00645	0.00518	0.00169	0.00877	0.00418	0.00317	0.00943
6	0.01632	0.01035	0.01328	0.08903	0.01790	0.01037	0.00968	0.02229	0.12696	0.16743	0.27796	0.05684	0.12646	0.01264	0.00799	0.00236	0.00511	0.01085	0.00740	0.00878
7	0.02168	0.01540	0.01928	0.24063	0.02897	0.01727	0.01434	0.31863	0.02412	0.09196	0.01787	0.02005	0.01288	0.00825	0.00697	0.00220	0.00773	0.00662	0.11493	0.01022
8	0.63623	0.01459	0.01252	0.01068	0.01544	0.01645	0.00881	0.09529	0.01561	0.09952	0.01274	0.01370	0.00936	0.00719	0.00508	0.00224	0.00594	0.00455	0.00524	0.00881
9	0.00899	0.00723	0.00809	0.00868	0.01056	0.00632	0.00649	0.01086	0.01596	0.01961	0.06183	0.23025	0.47095	0.01963	0.00891	0.00267	0.00414	0.08593	0.00674	0.00614
10	0.01278	0.00979	0.01232	0.01142	0.01345	0.01022	0.00907	0.08730	0.02011	0.02773	0.39034	0.06931	0.10706	0.01521	0.01014	0.00254	0.07535	0.10127	0.00713	0.00747
11	0.43634	0.01096	0.01042	0.00999	0.01281	0.01246	0.00772	0.01698	0.01219	0.02532	0.01698	0.09899	0.01665	0.09237	0.18664	0.00516	0.00908	0.00738	0.00458	0.00697
12	0.02250	0.27845	0.06062	0.01482	0.01993	0.23123	0.01300	0.08143	0.01949	0.08841	0.08912	0.01880	0.01702	0.00809	0.00627	0.00189	0.00892	0.00580	0.00478	0.00942
13	0.01702	0.01286	0.01527	0.01101	0.01737	0.00980	0.00884	0.02020	0.01571	0.09923	0.01467	0.01615	0.01157	0.00578	0.00560	0.00121	0.00547	0.00464	0.00483	0.70277
14	0.09976	0.00917	0.01017	0.00911	0.01188	0.00854	0.00677	0.01556	0.01545	0.08830	0.12953	0.04424	0.22101	0.16181	0.05064	0.00365	0.00580	0.01043	0.00601	0.09219
15	0.01374	0.01035	0.01190	0.01041	0.01310	0.00986	0.00753	0.10631	0.03694	0.02392	0.11396	0.14037	0.06124	0.22854	0.01618	0.00354	0.00574	0.01069	0.00581	0.16990
16	0.14762	0.01451	0.01726	0.24256	0.02731	0.07554	0.04747	0.02178	0.11512	0.02355	0.09050	0.02566	0.01958	0.09020	0.01027	0.00285	0.00787	0.00744	0.00479	0.00813

[dist]
# distance from previous block
# <min> <max>
0	4

[block]
# block no. 7 follows, 28 sequences, length 20
# corresponding to MSA columns:
# 970-978,980-990
name=unknown_H
#
# <colnr> <probs for GDERKNQSTAVLIFYWHMCP>
#	G	D	E	R	K	N	Q	S	T	A	V	L	I	F	Y	W	H	M	C	P
0	0.19317	0.16470	0.02171	0.11668	0.02314	0.04523	0.01258	0.16075	0.01961	0.15479	0.01556	0.01652	0.01131	0.00758	0.00611	0.00211	0.00753	0.00549	0.00542	0.01000
1	0.01263	0.00631	0.00947	0.00947	0.00947	0.00631	0.00631	0.00947	0.00947	0.01263	0.01263	0.02210	0.01263	0.02525	0.02841	0.78851	0.00631	0.00631	0.00316	0.00316
2	0.01379	0.01294	0.02178	0.42705	0.16623	0.01459	0.05139	0.01798	0.01514	0.01988	0.02076	0.10265	0.06634	0.00962	0.00764	0.00243	0.00856	0.00882	0.00398	0.00843
3	0.09854	0.01126	0.07487	0.01060	0.01361	0.00900	0.00887	0.01572	0.04194	0.07326	0.04326	0.30280	0.23599	0.01661	0.00809	0.00259	0.00503	0.01424	0.00635	0.00736
4	0.10578	0.15843	0.02226	0.01522	0.01838	0.11542	0.01279	0.11054	0.01680	0.02393	0.01237	0.01553	0.01054	0.00915	0.01164	0.00231	0.24680	0.00546	0.07789	0.00877
5	0.01753	0.09867	0.06266	0.06756	0.02176	0.08126	0.01243	0.06756	0.01666	0.02316	0.01256	0.01508	0.01033	0.00665	0.00703	0.00160	0.05601	0.00483	0.00410	0.41257
6	0.09307	0.04395	0.08312	0.11311	0.02419	0.07769	0.01395	0.03088	0.29018	0.12304	0.02148	0.02140	0.01573	0.00847	0.00688	0.00231	0.00753	0.00671	0.00590	0.01040
7	0.01570	0.14832	0.01562	0.08841	0.01611	0.01313	0.00886	0.06747	0.01621	0.02495	0.01891	0.02235	0.01511	0.00879	0.00660	0.04205	0.00541	0.00615	0.45221	0.00764
8	0.10383	0.01608	0.01606	0.01523	0.03939	0.06972	0.01140	0.03177	0.44415	0.02775	0.02555	0.09043	0.02111	0.01058	0.00798	0.00247	0.04141	0.00850	0.00641	0.01017
9	0.04809	0.43835	0.09324	0.01331	0.01943	0.02226	0.01304	0.02533	0.06668	0.14833	0.01633	0.03952	0.01314	0.00764	0.00572	0.00189	0.00741	0.00555	0.00470	0.01003
10	0.00970	0.00741	0.00891	0.00853	0.01050	0.00661	0.00640	0.01259	0.01920	0.02587	0.48132	0.05969	0.28467	0.01608	0.00858	0.00234	0.00352	0.01390	0.00757	0.00661
11	0.02715	0.03464	0.02060	0.01873	0.02247	0.71536	0.01404	0.02903	0.02060	0.01779	0.01124	0.01311	0.00936	0.00749	0.00655	0.00187	0.01311	0.00468	0.00375	0.00843
12	0.01062	0.00757	0.01106	0.01106	0.01209	0.00860	0.00831	0.01238	0.01135	0.01617	0.01920	0.03005	0.01856	0.12808	0.57564	0.08465	0.01685	0.00796	0.00388	0.00594
13	0.00883	0.00737	0.00769	0.00761	0.00996	0.00624	0.00571	0.01089	0.01712	0.02095	0.15954	0.06779	0.60952	0.01792	0.00859	0.00243	0.00365	0.01504	0.00692	0.00624
14	0.01204	0.00763	0.01020	0.01083	0.01237	0.00712	0.00823	0.01439	0.01667	0.08635	0.17388	0.35715	0.07226	0.01908	0.00910	0.00282	0.00479	0.16101	0.00720	0.00690
15	0.01805	0.01090	0.01302	0.01138	0.01381	0.01213	0.00909	0.05461	0.07944	0.13477	0.04381	0.02504	0.01847	0.00970	0.00937	0.00218	0.13992	0.00711	0.37858	0.00861
16	0.02962	0.01174	0.01609	0.01266	0.01772	0.01038	0.01038	0.03244	0.01993	0.61237	0.05431	0.02628	0.02002	0.01354	0.07437	0.00314	0.00733	0.00759	0.00847	0.01160
17	0.02030	0.01633	0.02138	0.02010	0.10612	0.01767	0.07563	0.19018	0.25104	0.07181	0.02343	0.08924	0.01911	0.01005	0.00816	0.00241	0.03096	0.00867	0.00643	0.01097
18	0.01666	0.01552	0.02579	0.26390	0.42669	0.01666	0.02075	0.04615	0.01659	0.02282	0.01485	0.02170	0.01251	0.00752	0.00737	0.00231	0.00885	0.03942	0.00378	0.01018
19	0.08960	0.01956	0.16090	0.04721	0.12263	0.01475	0.05157	0.06667	0.04160	0.02585	0.01445	0.03278	0.01165	0.00689	0.00642	0.00190	0.00770	0.00580	0.00427	0.26781

[dist]
# distance from previous block
# <min> <max>
0	19

# created by:
# /home/berkeley/.conda/envs/busco_data_prod/bin/msa2prfl.pl pipeline/OGs_align_augustus/33634/7139.fs
