[name]
unknown

[dist]
# distance from previous block
# <min> <max>
0	345

[block]
# block no. 0 follows, 43 sequences, length 13
# corresponding to MSA columns:
# 431-443
name=unknown_A
#
# <colnr> <probs for GDERKNQSTAVLIFYWHMCP>
#	G	D	E	R	K	N	Q	S	T	A	V	L	I	F	Y	W	H	M	C	P
0	0.01125	0.08358	0.10138	0.01153	0.04813	0.04648	0.00958	0.07766	0.08239	0.01721	0.01901	0.22047	0.01923	0.01591	0.14260	0.00314	0.00708	0.07292	0.00404	0.00641
1	0.01132	0.01089	0.01569	0.01337	0.01373	0.01442	0.05372	0.01254	0.00869	0.01312	0.00954	0.01685	0.00982	0.15051	0.04469	0.00312	0.58416	0.00555	0.00263	0.00563
2	0.05105	0.01072	0.01803	0.06253	0.07445	0.01111	0.21263	0.01417	0.01217	0.01788	0.16740	0.04831	0.01832	0.00840	0.03036	0.00200	0.12982	0.00656	0.00357	0.10052
3	0.01165	0.01064	0.06857	0.01044	0.05749	0.00808	0.00818	0.05384	0.01265	0.04989	0.06011	0.14601	0.01587	0.00714	0.00505	0.00132	0.00445	0.00612	0.00393	0.45857
4	0.00853	0.00601	0.00824	0.00939	0.01049	0.00593	0.00785	0.01079	0.01244	0.01655	0.06321	0.19596	0.03298	0.01514	0.00734	0.00241	0.00454	0.53842	0.03880	0.00500
5	0.01296	0.01239	0.02112	0.20914	0.60153	0.01296	0.01662	0.01634	0.01226	0.01718	0.01028	0.01395	0.00845	0.00507	0.00550	0.00169	0.00677	0.00493	0.00268	0.00817
6	0.01287	0.01250	0.01904	0.18888	0.16991	0.05914	0.15833	0.05703	0.11496	0.01888	0.10185	0.03355	0.01510	0.00650	0.00585	0.00178	0.00665	0.00616	0.00368	0.00733
7	0.00949	0.00486	0.00712	0.00712	0.00712	0.00486	0.00469	0.00729	0.00729	0.00971	0.01028	0.01848	0.01051	0.08593	0.02220	0.76816	0.00486	0.00509	0.00249	0.00249
8	0.00796	0.00570	0.00773	0.00769	0.00835	0.00621	0.00547	0.00927	0.00917	0.01288	0.07967	0.02872	0.01940	0.31830	0.44133	0.00700	0.01034	0.00706	0.00337	0.00439
9	0.04537	0.01576	0.03634	0.13665	0.01884	0.26786	0.02817	0.05140	0.05435	0.09723	0.02989	0.08404	0.01343	0.00776	0.00619	0.00178	0.04491	0.04944	0.00387	0.00673
10	0.07268	0.13263	0.13678	0.01451	0.06154	0.07689	0.09859	0.16760	0.07103	0.08351	0.02502	0.01355	0.00978	0.00581	0.00516	0.00164	0.00669	0.00471	0.00386	0.00803
11	0.05584	0.08038	0.01841	0.09439	0.08302	0.11263	0.08582	0.19918	0.01584	0.04493	0.03760	0.01361	0.00984	0.00598	0.00594	0.00161	0.05181	0.00474	0.00370	0.07472
12	0.06161	0.05856	0.05131	0.09013	0.03858	0.03535	0.04934	0.07783	0.01345	0.08431	0.07544	0.01534	0.01233	0.00580	0.00528	0.00143	0.02777	0.00469	0.02795	0.26352

[dist]
# distance from previous block
# <min> <max>
7	15

[block]
# block no. 1 follows, 43 sequences, length 13
# corresponding to MSA columns:
# 461-473
name=unknown_B
#
# <colnr> <probs for GDERKNQSTAVLIFYWHMCP>
#	G	D	E	R	K	N	Q	S	T	A	V	L	I	F	Y	W	H	M	C	P
0	0.01593	0.11119	0.05325	0.04221	0.01611	0.05065	0.04826	0.10319	0.08394	0.17028	0.05670	0.05542	0.01384	0.00675	0.00552	0.00157	0.02291	0.00550	0.00446	0.13232
1	0.00795	0.00556	0.00692	0.00692	0.00731	0.00583	0.00451	0.00863	0.00850	0.01157	0.01819	0.03239	0.04831	0.53387	0.26423	0.00634	0.00824	0.00754	0.00331	0.00391
2	0.01148	0.00984	0.01148	0.00820	0.01312	0.00738	0.00656	0.01395	0.01148	0.01805	0.00984	0.01148	0.00820	0.00410	0.00410	0.00082	0.00410	0.00328	0.00328	0.83922
3	0.04700	0.00866	0.01049	0.03198	0.01249	0.00881	0.00752	0.16350	0.04397	0.16122	0.05938	0.30259	0.04201	0.01151	0.00624	0.00197	0.00439	0.06403	0.00546	0.00676
4	0.00796	0.00540	0.00641	0.00674	0.00693	0.00536	0.00423	0.00838	0.00894	0.01187	0.02063	0.14866	0.02379	0.60532	0.02290	0.00461	0.00503	0.08932	0.00380	0.00371
5	0.00962	0.00481	0.00722	0.00722	0.00722	0.00481	0.00481	0.00722	0.00722	0.00962	0.00962	0.01684	0.00962	0.01924	0.02165	0.83886	0.00481	0.00481	0.00241	0.00241
6	0.01282	0.01399	0.02920	0.06455	0.13345	0.01341	0.57098	0.01713	0.01289	0.01754	0.01193	0.01715	0.00958	0.00529	0.00639	0.00187	0.00863	0.04284	0.00289	0.00747
7	0.01286	0.39853	0.42215	0.01279	0.01934	0.01715	0.01525	0.01709	0.01148	0.01540	0.00888	0.01036	0.00706	0.00501	0.00445	0.00148	0.00711	0.00356	0.00235	0.00767
8	0.00699	0.00505	0.00661	0.00744	0.00806	0.00468	0.00511	0.00836	0.01188	0.01604	0.20227	0.58928	0.07609	0.01579	0.00692	0.00211	0.00305	0.01422	0.00536	0.00468
9	0.01192	0.05269	0.11964	0.04293	0.36287	0.01091	0.01331	0.01495	0.01222	0.05094	0.05508	0.19523	0.01729	0.00825	0.00578	0.00179	0.00572	0.00749	0.00357	0.00740
10	0.07049	0.03754	0.04482	0.01383	0.09085	0.16236	0.01024	0.07416	0.28968	0.09141	0.01688	0.01730	0.02844	0.00676	0.00533	0.00172	0.00601	0.01966	0.00453	0.00801
11	0.00962	0.00481	0.00722	0.00722	0.00722	0.00481	0.00481	0.00722	0.00722	0.00962	0.00962	0.01684	0.00962	0.01924	0.02165	0.83886	0.00481	0.00481	0.00241	0.00241
12	0.06995	0.15903	0.13811	0.04191	0.08079	0.01288	0.02492	0.07288	0.03040	0.14783	0.06957	0.01512	0.01226	0.00589	0.00493	0.00153	0.00567	0.00469	0.00393	0.09771

[dist]
# distance from previous block
# <min> <max>
0	3

[block]
# block no. 2 follows, 43 sequences, length 17
# corresponding to MSA columns:
# 477-493
name=unknown_C
#
# <colnr> <probs for GDERKNQSTAVLIFYWHMCP>
#	G	D	E	R	K	N	Q	S	T	A	V	L	I	F	Y	W	H	M	C	P
0	0.28531	0.01150	0.01157	0.00913	0.01312	0.05699	0.02048	0.03901	0.01160	0.05898	0.00967	0.01111	0.00769	0.00508	0.00489	0.00133	0.04938	0.00352	0.00350	0.38613
1	0.00920	0.00593	0.00853	0.00846	0.00910	0.00655	0.00628	0.00992	0.05076	0.01214	0.01339	0.02125	0.01281	0.02710	0.32617	0.39395	0.02886	0.04265	0.00295	0.00402
2	0.01237	0.01216	0.01888	0.44447	0.32732	0.05930	0.01574	0.01576	0.01196	0.01568	0.00999	0.01406	0.00792	0.00531	0.00548	0.00174	0.00722	0.00484	0.00260	0.00721
3	0.04040	0.22508	0.34908	0.04289	0.03131	0.01459	0.07342	0.03070	0.01238	0.06919	0.05307	0.01348	0.01022	0.00556	0.00497	0.00161	0.00692	0.00446	0.00301	0.00765
4	0.00947	0.00628	0.00793	0.00737	0.00900	0.00591	0.00557	0.01271	0.06156	0.07912	0.56652	0.07727	0.08252	0.01104	0.00635	0.00177	0.00292	0.00967	0.03133	0.00570
5	0.01118	0.01179	0.05184	0.21175	0.16665	0.05572	0.13356	0.01427	0.01167	0.01547	0.01441	0.15766	0.01380	0.01138	0.09159	0.00263	0.00780	0.00715	0.00313	0.00655
6	0.04480	0.01256	0.03884	0.20558	0.40147	0.01271	0.01464	0.08450	0.01334	0.03783	0.01068	0.01364	0.00843	0.00523	0.00531	0.00163	0.00643	0.00473	0.00310	0.07454
7	0.01254	0.01127	0.15688	0.01065	0.02563	0.00792	0.02248	0.01533	0.03019	0.20050	0.02443	0.34434	0.06734	0.01138	0.00660	0.00198	0.02909	0.00988	0.00487	0.00669
8	0.00930	0.00610	0.00862	0.00838	0.00943	0.00670	0.00628	0.01088	0.00928	0.07335	0.01594	0.02453	0.01514	0.19702	0.56472	0.00759	0.01206	0.00634	0.00336	0.00497
9	0.00791	0.00584	0.00728	0.00793	0.00898	0.00556	0.00591	0.04223	0.01239	0.01616	0.08422	0.39473	0.17734	0.04114	0.00767	0.00228	0.00367	0.15870	0.00516	0.00489
10	0.01418	0.01176	0.01858	0.17156	0.36057	0.03213	0.05267	0.01808	0.05949	0.11480	0.01421	0.04555	0.01176	0.00644	0.00572	0.00178	0.00640	0.04283	0.00361	0.00788
11	0.01355	0.01210	0.14060	0.01079	0.01395	0.00966	0.04267	0.09413	0.01339	0.15513	0.11188	0.02336	0.04542	0.14070	0.03902	0.04991	0.06640	0.00642	0.00431	0.00660
12	0.01312	0.07512	0.01653	0.01364	0.06131	0.01295	0.11149	0.08187	0.33702	0.02120	0.08009	0.07530	0.01891	0.00809	0.00586	0.00184	0.00528	0.04787	0.00477	0.00772
13	0.01345	0.22675	0.41191	0.01480	0.02140	0.01499	0.12497	0.01808	0.01212	0.07696	0.01050	0.01202	0.00778	0.00517	0.00503	0.00162	0.00749	0.00428	0.00278	0.00790
14	0.12204	0.01252	0.03894	0.10058	0.19090	0.04014	0.01151	0.06586	0.15915	0.08040	0.01511	0.03687	0.03402	0.00677	0.00619	0.00180	0.06011	0.00541	0.00398	0.00769
15	0.46296	0.01132	0.01274	0.03494	0.09307	0.01230	0.05318	0.08799	0.02795	0.10318	0.04481	0.01316	0.00992	0.00575	0.00451	0.00172	0.00507	0.00432	0.00402	0.00709
16	0.08690	0.10947	0.23207	0.01256	0.03916	0.03716	0.01222	0.15257	0.06258	0.14235	0.02657	0.01445	0.01035	0.03100	0.00577	0.00177	0.00623	0.00464	0.00408	0.00809

[dist]
# distance from previous block
# <min> <max>
0	112

[block]
# block no. 3 follows, 43 sequences, length 14
# corresponding to MSA columns:
# 640-653
name=unknown_D
#
# <colnr> <probs for GDERKNQSTAVLIFYWHMCP>
#	G	D	E	R	K	N	Q	S	T	A	V	L	I	F	Y	W	H	M	C	P
0	0.10572	0.01147	0.04685	0.09809	0.09843	0.03840	0.02524	0.02928	0.06357	0.08400	0.10382	0.01739	0.02623	0.00613	0.00506	0.00150	0.00516	0.00510	0.00395	0.22460
1	0.03886	0.01227	0.05339	0.11786	0.34240	0.01139	0.05212	0.01619	0.04520	0.01824	0.05759	0.01521	0.01134	0.00535	0.00525	0.00153	0.00597	0.00494	0.00316	0.18174
2	0.01200	0.01141	0.01963	0.43980	0.26142	0.01270	0.08215	0.04134	0.01238	0.01664	0.03101	0.01513	0.00920	0.00547	0.00564	0.00178	0.00714	0.00521	0.00279	0.00717
3	0.01283	0.01197	0.01948	0.32278	0.36323	0.01312	0.04112	0.05577	0.07154	0.01785	0.01133	0.01468	0.00890	0.00545	0.00556	0.00175	0.00679	0.00509	0.00301	0.00775
4	0.01117	0.01056	0.01789	0.62726	0.19741	0.01249	0.01573	0.01477	0.01141	0.01501	0.00997	0.01454	0.00768	0.00541	0.00553	0.00180	0.00721	0.00492	0.00252	0.00672
5	0.01246	0.01292	0.06344	0.28977	0.48008	0.01285	0.01665	0.01606	0.01204	0.01673	0.01020	0.01395	0.00820	0.00516	0.00549	0.00172	0.00694	0.00488	0.00262	0.00785
6	0.01993	0.06074	0.01753	0.01348	0.04460	0.04013	0.01080	0.62149	0.02344	0.03123	0.01240	0.01290	0.00908	0.00661	0.00609	0.00167	0.04905	0.00482	0.00501	0.00899
7	0.01072	0.01011	0.01708	0.73180	0.09637	0.01237	0.01551	0.01438	0.01120	0.01446	0.00989	0.01468	0.00749	0.00549	0.00553	0.00183	0.00732	0.00492	0.00248	0.00636
8	0.00941	0.00489	0.00706	0.00706	0.00706	0.00489	0.00461	0.00733	0.00733	0.00977	0.01068	0.01945	0.01104	0.12527	0.02253	0.72644	0.00489	0.00525	0.00253	0.00253
9	0.54796	0.07487	0.03840	0.03851	0.01336	0.01301	0.00772	0.05054	0.05192	0.10399	0.01044	0.01118	0.00774	0.00551	0.00403	0.00168	0.00480	0.00365	0.00385	0.00684
10	0.01526	0.39350	0.11753	0.01418	0.08885	0.05659	0.07039	0.03650	0.06817	0.07463	0.01089	0.01198	0.00865	0.00528	0.00462	0.00147	0.00654	0.00410	0.00313	0.00775
11	0.01722	0.09191	0.05504	0.04429	0.05584	0.01072	0.00936	0.05942	0.07577	0.30894	0.11255	0.01898	0.01655	0.00673	0.00532	0.00159	0.00495	0.00552	0.00512	0.09418
12	0.10588	0.13955	0.10275	0.04092	0.08060	0.01294	0.01023	0.09879	0.09985	0.04506	0.08637	0.06403	0.04452	0.00720	0.00513	0.00165	0.00525	0.00581	0.00406	0.03940
13	0.01474	0.14428	0.22542	0.01479	0.11057	0.03121	0.01302	0.10072	0.10723	0.08060	0.02923	0.01397	0.01039	0.00575	0.00504	0.00157	0.00622	0.00456	0.00370	0.07701

[dist]
# distance from previous block
# <min> <max>
24	88

[block]
# block no. 4 follows, 43 sequences, length 34
# corresponding to MSA columns:
# 799-832
name=unknown_E
#
# <colnr> <probs for GDERKNQSTAVLIFYWHMCP>
#	G	D	E	R	K	N	Q	S	T	A	V	L	I	F	Y	W	H	M	C	P
0	0.18241	0.03534	0.01354	0.02912	0.01512	0.19001	0.00889	0.15685	0.09447	0.15222	0.01361	0.03191	0.01024	0.00635	0.00494	0.00162	0.00610	0.00464	0.00450	0.03811
1	0.00810	0.00573	0.00766	0.00819	0.00910	0.00554	0.00599	0.00963	0.01165	0.03936	0.13688	0.48159	0.04604	0.01641	0.04744	0.00248	0.02838	0.08998	0.00507	0.03478
2	0.01220	0.04663	0.01145	0.00950	0.01225	0.01005	0.00743	0.13075	0.18611	0.03785	0.02340	0.23446	0.07294	0.01028	0.00586	0.00179	0.00430	0.04734	0.00495	0.13047
3	0.02876	0.02710	0.06521	0.01218	0.01651	0.07013	0.07614	0.12323	0.08246	0.16371	0.01355	0.01414	0.00995	0.00594	0.00601	0.00153	0.05896	0.00469	0.00428	0.21549
4	0.01448	0.15340	0.20238	0.01468	0.01988	0.03747	0.19852	0.01851	0.03509	0.13426	0.01434	0.04207	0.03710	0.00620	0.00584	0.00170	0.03248	0.00548	0.00349	0.02262
5	0.01381	0.04232	0.10543	0.04693	0.14662	0.06279	0.22291	0.01919	0.11725	0.05780	0.01359	0.03058	0.01094	0.00616	0.00617	0.00178	0.03267	0.03219	0.00345	0.02740
6	0.01319	0.01539	0.12893	0.09447	0.04857	0.04297	0.32577	0.09133	0.01402	0.04215	0.01600	0.05414	0.07377	0.00654	0.00606	0.00182	0.00761	0.00654	0.00341	0.00733
7	0.07326	0.03489	0.06992	0.01900	0.07653	0.01284	0.40618	0.03490	0.01312	0.10265	0.03859	0.04353	0.01124	0.00589	0.00634	0.00182	0.03208	0.00618	0.00350	0.00753
8	0.01255	0.04704	0.39615	0.01941	0.08901	0.01347	0.26497	0.01810	0.03278	0.03762	0.01099	0.01330	0.00808	0.00512	0.00567	0.00177	0.00817	0.00505	0.00274	0.00801
9	0.01149	0.00936	0.03624	0.00963	0.01177	0.03076	0.00770	0.12149	0.11609	0.05032	0.02573	0.23671	0.09648	0.04078	0.07954	0.00277	0.00556	0.09641	0.00491	0.00628
10	0.00995	0.01022	0.11042	0.00888	0.01136	0.05689	0.00781	0.01228	0.01308	0.07608	0.16696	0.20506	0.21741	0.01207	0.00638	0.00192	0.00435	0.05822	0.00493	0.00572
11	0.01321	0.01068	0.04141	0.01414	0.12257	0.03285	0.07406	0.09949	0.03942	0.10836	0.23281	0.12429	0.02616	0.00913	0.00613	0.00181	0.00503	0.02644	0.00495	0.00706
12	0.00683	0.00487	0.00649	0.00769	0.00803	0.00460	0.00514	0.00779	0.01047	0.01399	0.02961	0.75232	0.03538	0.04368	0.03224	0.00256	0.00365	0.01519	0.00501	0.00448
13	0.01184	0.01237	0.02415	0.38655	0.06902	0.01325	0.34672	0.01588	0.01198	0.01594	0.01041	0.01472	0.00791	0.00523	0.00634	0.00186	0.03069	0.00565	0.00263	0.00687
14	0.05961	0.01001	0.06139	0.05313	0.05139	0.00885	0.00944	0.05959	0.03170	0.27291	0.04696	0.13235	0.02006	0.00971	0.00607	0.00196	0.00502	0.14732	0.00524	0.00729
15	0.01228	0.01221	0.03490	0.33980	0.35103	0.01292	0.08603	0.01653	0.04847	0.01669	0.01084	0.01456	0.00854	0.00529	0.00561	0.00176	0.00709	0.00513	0.00277	0.00757
16	0.00685	0.00494	0.00651	0.00767	0.00814	0.00460	0.00523	0.00795	0.01095	0.01454	0.05712	0.71256	0.07266	0.01691	0.00705	0.00222	0.00324	0.04111	0.00517	0.00455
17	0.01237	0.23694	0.10989	0.32034	0.09859	0.01535	0.10128	0.01592	0.01158	0.01503	0.00947	0.01268	0.00752	0.00512	0.00506	0.00163	0.00722	0.00447	0.00249	0.00706
18	0.01479	0.07317	0.26742	0.02605	0.06794	0.09271	0.05345	0.07448	0.10451	0.09444	0.04246	0.03937	0.01193	0.00637	0.00541	0.00170	0.00683	0.00523	0.00377	0.00796
19	0.00816	0.00565	0.00653	0.00659	0.00812	0.00496	0.00483	0.00974	0.01272	0.06555	0.14990	0.23566	0.39391	0.01363	0.00648	0.00191	0.00299	0.01175	0.04588	0.00504
20	0.06395	0.01851	0.01721	0.01424	0.01766	0.35192	0.12586	0.07296	0.08681	0.09721	0.03490	0.01394	0.01043	0.00623	0.00597	0.00166	0.04464	0.00482	0.00383	0.00726
21	0.03820	0.03522	0.16425	0.05704	0.02240	0.04146	0.22024	0.08832	0.03896	0.05730	0.01577	0.09795	0.01377	0.02941	0.00799	0.00233	0.04975	0.00703	0.00424	0.00836
22	0.01254	0.01200	0.02037	0.21291	0.54247	0.01252	0.02901	0.01585	0.01225	0.01698	0.01272	0.01609	0.04881	0.00556	0.00557	0.00171	0.00662	0.00532	0.00280	0.00791
23	0.00831	0.00647	0.00846	0.00878	0.01005	0.00632	0.03334	0.03333	0.07370	0.01617	0.03262	0.44623	0.15200	0.01488	0.00689	0.00217	0.00385	0.12608	0.00510	0.00523
24	0.01669	0.06611	0.12112	0.05277	0.06642	0.05974	0.05964	0.06805	0.07930	0.23257	0.03000	0.02057	0.01353	0.00709	0.00565	0.00178	0.00622	0.08019	0.00456	0.00800
25	0.01603	0.07656	0.01523	0.01321	0.05532	0.26374	0.00980	0.03738	0.38660	0.01919	0.03959	0.01647	0.01355	0.00669	0.00529	0.00166	0.00641	0.00516	0.00435	0.00778
26	0.00759	0.00549	0.00702	0.00697	0.00800	0.00513	0.00500	0.00956	0.01363	0.01890	0.49621	0.16957	0.09236	0.09527	0.03235	0.00243	0.00338	0.01077	0.00550	0.00487
27	0.01795	0.08723	0.24290	0.01171	0.01697	0.01154	0.01198	0.05954	0.07200	0.34693	0.05350	0.01678	0.01304	0.00645	0.00535	0.00169	0.00580	0.00514	0.00490	0.00859
28	0.01335	0.05246	0.04279	0.01275	0.05176	0.00968	0.13746	0.04263	0.04117	0.15936	0.12606	0.05954	0.08615	0.03596	0.03017	0.00217	0.00568	0.07925	0.00473	0.00690
29	0.01298	0.47140	0.31015	0.01177	0.01757	0.01757	0.01339	0.01647	0.01138	0.01479	0.00976	0.05208	0.00864	0.00561	0.00439	0.00146	0.00663	0.00407	0.00250	0.00738
30	0.02244	0.00886	0.01194	0.00935	0.01307	0.00774	0.00753	0.02438	0.01504	0.66616	0.05090	0.02153	0.01590	0.08933	0.00794	0.00209	0.00470	0.00600	0.00646	0.00863
31	0.02021	0.01259	0.09245	0.01232	0.01645	0.00991	0.05723	0.02291	0.05534	0.43070	0.04821	0.08171	0.06953	0.00963	0.00679	0.00221	0.00580	0.03043	0.00636	0.00920
32	0.01122	0.00978	0.03402	0.37289	0.12642	0.01051	0.01245	0.01414	0.01183	0.07223	0.03153	0.07246	0.11492	0.00810	0.00652	0.00189	0.04792	0.03121	0.00351	0.00644
33	0.01082	0.00796	0.01022	0.05145	0.01239	0.00721	0.04128	0.01188	0.01434	0.04662	0.28132	0.08276	0.28401	0.01384	0.00892	0.08850	0.00440	0.01027	0.00566	0.00617

[dist]
# distance from previous block
# <min> <max>
0	4

[block]
# block no. 5 follows, 43 sequences, length 6
# corresponding to MSA columns:
# 837-842
name=unknown_F
#
# <colnr> <probs for GDERKNQSTAVLIFYWHMCP>
#	G	D	E	R	K	N	Q	S	T	A	V	L	I	F	Y	W	H	M	C	P
0	0.05370	0.01875	0.33025	0.15714	0.10399	0.03283	0.01558	0.09251	0.01304	0.01866	0.01273	0.04802	0.03789	0.00644	0.00585	0.00179	0.03514	0.00518	0.00304	0.00748
1	0.27261	0.05075	0.01642	0.04372	0.23965	0.06011	0.03141	0.13067	0.04602	0.04406	0.01063	0.01225	0.00827	0.00548	0.00478	0.00166	0.00592	0.00429	0.00361	0.00769
2	0.01486	0.49102	0.02402	0.01147	0.01469	0.12090	0.01035	0.01644	0.01109	0.01318	0.00770	0.00990	0.00715	0.00620	0.00768	0.00155	0.21908	0.00355	0.00245	0.00673
3	0.01187	0.00962	0.01201	0.11978	0.01647	0.00800	0.00780	0.01444	0.01173	0.06100	0.01277	0.01439	0.04507	0.00494	0.00451	0.00107	0.00454	0.00405	0.00346	0.63249
4	0.01723	0.29612	0.08256	0.04948	0.03825	0.30902	0.01127	0.04490	0.03447	0.05509	0.00974	0.01095	0.00787	0.00545	0.00462	0.00143	0.00764	0.00373	0.00300	0.00718
5	0.01102	0.01042	0.01763	0.66045	0.16534	0.01245	0.01566	0.01464	0.01134	0.01483	0.00994	0.01458	0.00762	0.00543	0.00553	0.00181	0.00724	0.00492	0.00251	0.00661

[dist]
# distance from previous block
# <min> <max>
0	1

[block]
# block no. 6 follows, 43 sequences, length 44
# corresponding to MSA columns:
# 844-887
name=unknown_G
#
# <colnr> <probs for GDERKNQSTAVLIFYWHMCP>
#	G	D	E	R	K	N	Q	S	T	A	V	L	I	F	Y	W	H	M	C	P
0	0.01115	0.00950	0.01165	0.00969	0.06081	0.00747	0.00705	0.01368	0.01211	0.01860	0.10963	0.01556	0.01404	0.00510	0.00451	0.00099	0.00406	0.00427	0.00362	0.67651
1	0.02028	0.11335	0.01815	0.01234	0.01681	0.01776	0.01040	0.66160	0.02422	0.03221	0.01261	0.01275	0.00913	0.00641	0.00530	0.00160	0.00607	0.00474	0.00515	0.00913
2	0.01148	0.00984	0.01148	0.00820	0.01312	0.00738	0.00656	0.01395	0.01148	0.01805	0.00984	0.01148	0.00820	0.00410	0.00410	0.00082	0.00410	0.00328	0.00328	0.83922
3	0.01270	0.00981	0.01161	0.00835	0.01322	0.00745	0.00671	0.01513	0.01188	0.08675	0.01093	0.01215	0.00870	0.00435	0.00423	0.00090	0.00416	0.00349	0.00361	0.76386
4	0.01148	0.00984	0.01148	0.00820	0.01312	0.00738	0.00656	0.01395	0.01148	0.01805	0.00984	0.01148	0.00820	0.00410	0.00410	0.00082	0.00410	0.00328	0.00328	0.83922
5	0.00899	0.00908	0.03748	0.05960	0.01580	0.00802	0.20481	0.01185	0.01337	0.01752	0.21517	0.03648	0.31904	0.01007	0.00644	0.00183	0.00495	0.00925	0.00450	0.00575
6	0.00791	0.00593	0.00890	0.00890	0.00989	0.00692	0.00692	0.00989	0.00890	0.01286	0.01483	0.02176	0.01385	0.04154	0.78341	0.00890	0.01483	0.00593	0.00297	0.00494
7	0.28351	0.52214	0.02178	0.00894	0.01319	0.04640	0.00840	0.01669	0.01082	0.01687	0.00773	0.00896	0.00675	0.00490	0.00356	0.00136	0.00554	0.00300	0.00273	0.00672
8	0.01857	0.04119	0.01524	0.04008	0.03926	0.03922	0.00945	0.33519	0.01873	0.16611	0.01347	0.01368	0.00967	0.00587	0.00510	0.00145	0.00554	0.00455	0.00483	0.21281
9	0.01538	0.30202	0.02011	0.03863	0.01604	0.23656	0.04209	0.05432	0.03337	0.01501	0.01094	0.01499	0.00982	0.00996	0.08867	0.00230	0.03116	0.04898	0.00301	0.00667
10	0.84448	0.01071	0.00814	0.00728	0.01071	0.01242	0.00600	0.01628	0.00943	0.02485	0.00771	0.00900	0.00600	0.00514	0.00343	0.00171	0.00428	0.00300	0.00343	0.00600
11	0.01325	0.01231	0.01861	0.13633	0.45227	0.03966	0.01431	0.06060	0.06116	0.01901	0.07930	0.01825	0.01372	0.00623	0.00565	0.00172	0.00624	0.03001	0.00343	0.00791
12	0.01102	0.01025	0.01720	0.57826	0.19463	0.01201	0.01505	0.01450	0.01140	0.01518	0.01094	0.04338	0.00893	0.00586	0.00554	0.00180	0.00693	0.00533	0.02516	0.00663
13	0.01369	0.00997	0.01334	0.01423	0.13908	0.01031	0.03417	0.02082	0.28326	0.14034	0.06409	0.14728	0.04074	0.00912	0.00601	0.00189	0.00467	0.03413	0.00517	0.00771
14	0.02069	0.02640	0.01569	0.01427	0.01712	0.78313	0.01070	0.02212	0.01569	0.01355	0.00856	0.00999	0.00713	0.00571	0.00499	0.00143	0.00999	0.00357	0.00285	0.00642
15	0.01471	0.01344	0.01298	0.01162	0.01476	0.08901	0.00902	0.05421	0.66215	0.02264	0.02085	0.01936	0.01569	0.00731	0.00557	0.00183	0.00499	0.00595	0.00536	0.00856
16	0.01111	0.00983	0.01584	0.66678	0.03418	0.01155	0.01403	0.01459	0.01130	0.04243	0.01028	0.01451	0.00772	0.00541	0.00536	0.00171	0.00688	0.00474	0.00272	0.10903
17	0.01515	0.07338	0.50634	0.01384	0.02064	0.03215	0.01630	0.03916	0.01314	0.19919	0.01271	0.01323	0.00869	0.00566	0.00523	0.00170	0.00720	0.00438	0.00352	0.00840
18	0.01136	0.00871	0.03309	0.01076	0.06495	0.03290	0.03499	0.03968	0.01527	0.10377	0.44153	0.03536	0.05900	0.01005	0.00633	0.00180	0.00413	0.07457	0.00546	0.00627
19	0.01007	0.00928	0.01542	0.69526	0.03445	0.01139	0.01412	0.01353	0.01134	0.01466	0.05942	0.06334	0.01199	0.00661	0.00569	0.00186	0.00683	0.00589	0.00285	0.00599
20	0.00902	0.00568	0.00788	0.00851	0.00915	0.00568	0.00663	0.00947	0.01011	0.01326	0.02069	0.04268	0.02239	0.14298	0.01572	0.28880	0.00504	0.36850	0.00390	0.00390
21	0.01147	0.01090	0.01835	0.54112	0.25321	0.01272	0.01574	0.01496	0.01144	0.01528	0.00992	0.01436	0.00779	0.00551	0.00597	0.00181	0.03506	0.00492	0.00254	0.00692
22	0.01635	0.04424	0.26306	0.04311	0.04438	0.01166	0.17590	0.02051	0.01348	0.27573	0.02785	0.01546	0.01049	0.00577	0.00563	0.00175	0.00700	0.00526	0.00407	0.00831
23	0.01525	0.01130	0.07377	0.22274	0.07430	0.01043	0.03857	0.06383	0.03867	0.23631	0.04833	0.06953	0.03727	0.00748	0.00579	0.00182	0.00585	0.02669	0.00452	0.00756
24	0.00731	0.00529	0.00732	0.00801	0.00855	0.00549	0.00565	0.00856	0.00973	0.01334	0.02341	0.43768	0.02653	0.09882	0.30142	0.00504	0.00779	0.01134	0.00416	0.00456
25	0.04417	0.10608	0.35205	0.01370	0.04063	0.06032	0.01434	0.06119	0.12077	0.06393	0.01350	0.01629	0.01059	0.00636	0.00524	0.00173	0.00679	0.05089	0.00353	0.00793
26	0.01342	0.06767	0.12002	0.24165	0.15824	0.10156	0.01385	0.03981	0.03632	0.05118	0.01234	0.04396	0.01034	0.00750	0.03167	0.00197	0.00731	0.03084	0.00314	0.00719
27	0.01221	0.04472	0.46819	0.09586	0.03355	0.05133	0.11033	0.02953	0.01230	0.03346	0.01108	0.03794	0.00852	0.00568	0.00544	0.00175	0.00789	0.00488	0.01768	0.00765
28	0.01091	0.01031	0.01743	0.68643	0.14023	0.01242	0.01561	0.01455	0.01129	0.01470	0.00992	0.01462	0.00758	0.00545	0.00553	0.00182	0.00727	0.00492	0.00250	0.00652
29	0.04399	0.01108	0.01814	0.09652	0.02023	0.01132	0.22859	0.08788	0.05968	0.11552	0.01849	0.05239	0.04213	0.00812	0.00651	0.00195	0.02713	0.12621	0.01699	0.00712
30	0.01315	0.37498	0.24823	0.03431	0.04876	0.04388	0.01278	0.02721	0.01210	0.02830	0.05180	0.05937	0.01153	0.00614	0.00469	0.00151	0.00645	0.00468	0.00289	0.00726
31	0.00891	0.00652	0.00751	0.00737	0.00902	0.00633	0.00547	0.01282	0.12827	0.04428	0.21649	0.20003	0.24386	0.01229	0.00629	0.00187	0.00314	0.01063	0.06330	0.00560
32	0.00717	0.00547	0.00669	0.00747	0.00858	0.00499	0.00562	0.00868	0.01192	0.01514	0.05554	0.35019	0.30414	0.01556	0.00699	0.00216	0.00346	0.17037	0.00515	0.00471
33	0.07582	0.18546	0.43319	0.01426	0.06434	0.01418	0.01551	0.01829	0.01196	0.10303	0.01069	0.01184	0.00782	0.00531	0.00482	0.00162	0.00694	0.00399	0.00296	0.00797
34	0.06651	0.04598	0.21768	0.09462	0.15187	0.01360	0.21162	0.07033	0.01318	0.04659	0.01080	0.01330	0.00808	0.00521	0.00552	0.00174	0.00753	0.00498	0.00301	0.00785
35	0.00708	0.00543	0.00657	0.00734	0.00846	0.00492	0.00548	0.00852	0.01182	0.01493	0.04053	0.36247	0.32840	0.01563	0.00697	0.00215	0.00341	0.15006	0.00513	0.00468
36	0.04020	0.00643	0.00847	0.05465	0.01109	0.00631	0.00664	0.01189	0.01286	0.09172	0.24973	0.17255	0.06930	0.07044	0.03551	0.00249	0.00434	0.13482	0.00516	0.00540
37	0.01486	0.12792	0.09030	0.11474	0.34793	0.08397	0.02672	0.05159	0.01325	0.06228	0.01058	0.01294	0.00838	0.00527	0.00518	0.00160	0.00695	0.00452	0.00300	0.00801
38	0.00746	0.00555	0.00663	0.00689	0.00816	0.00501	0.00502	0.00933	0.02442	0.02846	0.23318	0.28243	0.29694	0.01405	0.00666	0.00196	0.00299	0.03119	0.01874	0.00492
39	0.01704	0.10662	0.06457	0.01472	0.01848	0.44732	0.13525	0.01984	0.03830	0.01509	0.03631	0.01376	0.03690	0.00595	0.00524	0.00154	0.00865	0.00463	0.00304	0.00675
40	0.03998	0.01024	0.01231	0.06450	0.04096	0.00865	0.00773	0.03838	0.03953	0.01873	0.01037	0.01210	0.00845	0.00447	0.00433	0.00102	0.00450	0.00361	0.00337	0.66676
41	0.03916	0.00902	0.01276	0.09457	0.01586	0.00926	0.08247	0.12463	0.03876	0.10515	0.02252	0.32519	0.04445	0.01110	0.00629	0.00199	0.00502	0.04046	0.00483	0.00650
42	0.06641	0.00721	0.00850	0.00805	0.00955	0.00736	0.00575	0.01468	0.10691	0.14165	0.02068	0.16207	0.02055	0.30380	0.06540	0.00367	0.00530	0.03228	0.00458	0.00560
43	0.01427	0.01191	0.01674	0.27696	0.18012	0.09013	0.05253	0.01711	0.01270	0.13684	0.01404	0.09904	0.01188	0.00681	0.00565	0.00175	0.00660	0.00608	0.00360	0.03525

[dist]
# distance from previous block
# <min> <max>
1	67

[block]
# block no. 7 follows, 43 sequences, length 25
# corresponding to MSA columns:
# 955-979
name=unknown_H
#
# <colnr> <probs for GDERKNQSTAVLIFYWHMCP>
#	G	D	E	R	K	N	Q	S	T	A	V	L	I	F	Y	W	H	M	C	P
0	0.16069	0.24389	0.12087	0.01088	0.01525	0.04963	0.04897	0.08865	0.05281	0.03581	0.04079	0.01580	0.06152	0.02630	0.00526	0.00167	0.00587	0.00474	0.00353	0.00708
1	0.00893	0.10059	0.01188	0.00926	0.01071	0.00838	0.05683	0.01054	0.00983	0.01326	0.01800	0.17373	0.01916	0.17048	0.30940	0.00525	0.00892	0.04637	0.00349	0.00500
2	0.04167	0.00826	0.01036	0.01038	0.05563	0.00846	0.00735	0.01588	0.14128	0.10672	0.11530	0.19326	0.02439	0.08898	0.00886	0.00224	0.04619	0.04700	0.00490	0.06289
3	0.01222	0.01162	0.01810	0.26343	0.35472	0.03143	0.01423	0.01534	0.01202	0.01671	0.05001	0.01506	0.01045	0.00563	0.00605	0.00165	0.04830	0.00497	0.00288	0.10516
4	0.01401	0.01087	0.01917	0.29079	0.08247	0.01132	0.19540	0.01779	0.03149	0.15724	0.01438	0.01882	0.01099	0.00621	0.00583	0.00183	0.00684	0.04942	0.04790	0.00723
5	0.01318	0.01270	0.02193	0.15221	0.62946	0.01306	0.04318	0.01658	0.01239	0.01746	0.01036	0.01392	0.00854	0.00502	0.00553	0.00168	0.00680	0.00499	0.00270	0.00832
6	0.00959	0.00794	0.01153	0.19365	0.09553	0.00797	0.00906	0.01189	0.01108	0.01570	0.01781	0.28436	0.01852	0.01121	0.04697	0.00210	0.00529	0.00837	0.06020	0.17123
7	0.01466	0.01388	0.01940	0.01630	0.06811	0.07268	0.20987	0.15813	0.15639	0.02136	0.07013	0.01784	0.01379	0.03951	0.00796	0.00197	0.08028	0.00602	0.00409	0.00762
8	0.06688	0.01015	0.01592	0.52533	0.12203	0.01182	0.01372	0.03676	0.01189	0.06758	0.01191	0.06089	0.00968	0.00626	0.00548	0.00182	0.00662	0.00548	0.00311	0.00668
9	0.01344	0.01288	0.02199	0.09733	0.70960	0.01309	0.01686	0.01676	0.01248	0.01776	0.01037	0.01380	0.00866	0.00498	0.00549	0.00166	0.00665	0.00493	0.00272	0.00855
10	0.00705	0.00534	0.00615	0.00649	0.00773	0.00474	0.00466	0.00859	0.01244	0.01626	0.16658	0.28830	0.36875	0.01418	0.00655	0.00194	0.00289	0.01231	0.05430	0.00474
11	0.00952	0.00748	0.01020	0.07170	0.01271	0.00803	0.00742	0.05002	0.01029	0.01473	0.01367	0.02062	0.01278	0.12519	0.43780	0.00602	0.03044	0.00560	0.00315	0.14262
12	0.00665	0.00559	0.00564	0.00564	0.00738	0.00472	0.00415	0.00796	0.01231	0.01467	0.05348	0.05214	0.71775	0.06776	0.00802	0.00211	0.00298	0.01144	0.00502	0.00459
13	0.01203	0.01082	0.01173	0.00856	0.01336	0.05312	0.00681	0.01443	0.01173	0.01778	0.00977	0.01140	0.00814	0.00420	0.00415	0.00086	0.00445	0.00330	0.00326	0.79012
14	0.00845	0.00727	0.00985	0.00867	0.01064	0.00707	0.07663	0.01161	0.07559	0.01718	0.20915	0.03946	0.34332	0.05571	0.06624	0.00257	0.03085	0.00950	0.00484	0.00541
15	0.01304	0.09818	0.16366	0.11930	0.42262	0.03061	0.01638	0.01670	0.01204	0.01673	0.00984	0.01283	0.00802	0.00522	0.00565	0.00166	0.03237	0.00454	0.00259	0.00803
16	0.01216	0.20138	0.53466	0.01570	0.06152	0.01495	0.05233	0.01731	0.01171	0.01657	0.00952	0.01133	0.00719	0.00510	0.00495	0.00163	0.00765	0.00400	0.00239	0.00794
17	0.00921	0.00754	0.01015	0.00944	0.00974	0.00928	0.00705	0.01018	0.00844	0.01216	0.01363	0.02465	0.01439	0.33503	0.25749	0.00558	0.24198	0.00645	0.00296	0.00464
18	0.01148	0.00984	0.01148	0.00820	0.01312	0.00738	0.00656	0.01395	0.01148	0.01805	0.00984	0.01148	0.00820	0.00410	0.00410	0.00082	0.00410	0.00328	0.00328	0.83922
19	0.07267	0.01621	0.01448	0.01255	0.01588	0.22006	0.04614	0.09750	0.40048	0.02160	0.01631	0.01600	0.01239	0.00664	0.00535	0.00172	0.00629	0.00521	0.00459	0.00795
20	0.00790	0.00590	0.00872	0.00867	0.00970	0.00672	0.00672	0.00996	0.00970	0.01396	0.10333	0.02406	0.01836	0.03799	0.69212	0.00806	0.01340	0.00641	0.00333	0.00498
21	0.01947	0.02390	0.01446	0.01320	0.01587	0.69171	0.00990	0.02103	0.01522	0.01439	0.00968	0.01124	0.00796	0.00579	0.00486	0.00141	0.00912	0.00375	0.10077	0.00627
22	0.00805	0.00537	0.00604	0.00604	0.00604	0.00537	0.00336	0.00805	0.00805	0.01074	0.01745	0.03624	0.02013	0.80536	0.02819	0.00537	0.00537	0.00805	0.00336	0.00336
23	0.00705	0.00570	0.00635	0.00664	0.00827	0.00499	0.00516	0.00869	0.01267	0.01558	0.08741	0.10512	0.54983	0.01433	0.00678	0.00201	0.00323	0.14023	0.00519	0.00477
24	0.84448	0.01071	0.00814	0.00728	0.01071	0.01242	0.00600	0.01628	0.00943	0.02485	0.00771	0.00900	0.00600	0.00514	0.00343	0.00171	0.00428	0.00300	0.00343	0.00600

[dist]
# distance from previous block
# <min> <max>
0	3

[block]
# block no. 8 follows, 43 sequences, length 35
# corresponding to MSA columns:
# 983-1017
name=unknown_I
#
# <colnr> <probs for GDERKNQSTAVLIFYWHMCP>
#	G	D	E	R	K	N	Q	S	T	A	V	L	I	F	Y	W	H	M	C	P
0	0.00736	0.00579	0.00895	0.00922	0.01005	0.00541	0.07691	0.00868	0.01084	0.01448	0.02867	0.72601	0.03391	0.01613	0.00702	0.00221	0.00380	0.01486	0.00492	0.00478
1	0.00665	0.00561	0.00575	0.00572	0.00754	0.00472	0.00429	0.00815	0.01287	0.01554	0.11290	0.05235	0.71141	0.01381	0.00654	0.00186	0.00279	0.01156	0.00522	0.00472
2	0.00659	0.00545	0.00577	0.00603	0.00759	0.00464	0.00440	0.00790	0.01222	0.01480	0.05096	0.20392	0.62127	0.01470	0.00665	0.00195	0.00289	0.01250	0.00514	0.00464
3	0.84448	0.01071	0.00814	0.00728	0.01071	0.01242	0.00600	0.01628	0.00943	0.02485	0.00771	0.00900	0.00600	0.00514	0.00343	0.00171	0.00428	0.00300	0.00343	0.00600
4	0.01148	0.00984	0.01148	0.00820	0.01312	0.00738	0.00656	0.01395	0.01148	0.01805	0.00984	0.01148	0.00820	0.00410	0.00410	0.00082	0.00410	0.00328	0.00328	0.83922
5	0.01046	0.00984	0.01661	0.79205	0.03814	0.01230	0.01538	0.01415	0.01107	0.01415	0.00984	0.01477	0.00738	0.00554	0.00554	0.00185	0.00738	0.00492	0.00246	0.00615
6	0.84448	0.01071	0.00814	0.00728	0.01071	0.01242	0.00600	0.01628	0.00943	0.02485	0.00771	0.00900	0.00600	0.00514	0.00343	0.00171	0.00428	0.00300	0.00343	0.00600
7	0.01821	0.01940	0.01791	0.02047	0.26810	0.38251	0.01270	0.07482	0.01508	0.06375	0.01029	0.01213	0.00826	0.00579	0.00590	0.00159	0.04792	0.00432	0.00324	0.00760
8	0.01430	0.01227	0.01338	0.01176	0.01468	0.01444	0.00929	0.09732	0.61110	0.02326	0.02005	0.01906	0.01517	0.00766	0.00694	0.00191	0.08757	0.00599	0.00529	0.00854
9	0.01281	0.01416	0.02834	0.02091	0.02497	0.01482	0.54689	0.01652	0.01181	0.01652	0.01012	0.01416	0.00809	0.00606	0.00975	0.00202	0.22620	0.00607	0.00270	0.00708
10	0.01289	0.01232	0.02100	0.22479	0.58640	0.01294	0.01659	0.01628	0.01222	0.01710	0.01027	0.01397	0.00842	0.00509	0.00550	0.00170	0.00678	0.00493	0.00267	0.00811
11	0.01163	0.01685	0.27101	0.42745	0.03128	0.01296	0.06222	0.07065	0.01252	0.01705	0.01022	0.01364	0.00748	0.00547	0.00551	0.00180	0.00767	0.00475	0.00267	0.00716
12	0.00818	0.00585	0.00807	0.00935	0.01030	0.00574	0.00764	0.01019	0.01202	0.01575	0.02973	0.31400	0.03349	0.01600	0.00745	0.00245	0.00446	0.48932	0.00511	0.00490
13	0.01111	0.02865	0.77667	0.01579	0.02397	0.01286	0.02046	0.01754	0.01169	0.01754	0.00994	0.01169	0.00702	0.00526	0.00526	0.00175	0.00818	0.00409	0.00234	0.00818
14	0.05673	0.01192	0.01853	0.20870	0.25461	0.02645	0.07974	0.05719	0.02845	0.18375	0.01307	0.01502	0.00951	0.00564	0.00551	0.00173	0.00650	0.00512	0.00382	0.00801
15	0.01277	0.08195	0.37906	0.09442	0.20139	0.01395	0.04798	0.07191	0.01295	0.01830	0.01017	0.01250	0.00771	0.00525	0.00528	0.00169	0.00744	0.00445	0.00271	0.00811
16	0.01317	0.01101	0.01183	0.01066	0.01339	0.01263	0.00819	0.06389	0.59352	0.02181	0.02100	0.02191	0.01662	0.08932	0.06347	0.00272	0.00532	0.00635	0.00521	0.00799
17	0.33980	0.03531	0.01296	0.01125	0.01380	0.30719	0.00889	0.01771	0.01174	0.01793	0.00874	0.03713	0.00773	0.00655	0.00667	0.00173	0.14168	0.00397	0.00307	0.00614
18	0.01167	0.00629	0.00658	0.00624	0.00795	0.00645	0.00477	0.01590	0.10821	0.06763	0.01888	0.02054	0.01451	0.00661	0.00420	0.00139	0.00294	0.00533	0.67800	0.00589
19	0.01297	0.01240	0.02114	0.20660	0.60399	0.01296	0.01663	0.01635	0.01226	0.01720	0.01029	0.01395	0.00846	0.00507	0.00550	0.00169	0.00676	0.00493	0.00268	0.00818
20	0.00659	0.00561	0.00567	0.00566	0.00751	0.00469	0.00424	0.00803	0.01273	0.01520	0.07979	0.05290	0.74473	0.01394	0.00655	0.00187	0.00280	0.01163	0.00517	0.00469
21	0.02007	0.00920	0.01238	0.09153	0.01577	0.00859	0.00845	0.06746	0.01566	0.51970	0.07909	0.02308	0.08832	0.00773	0.00573	0.00174	0.00474	0.00639	0.00609	0.00831
22	0.00664	0.00561	0.00574	0.00571	0.00754	0.00472	0.00428	0.00813	0.01285	0.01550	0.10876	0.05242	0.71557	0.01383	0.00654	0.00186	0.00279	0.01156	0.00521	0.00472
23	0.01046	0.00984	0.01661	0.79205	0.03814	0.01230	0.01538	0.01415	0.01107	0.01415	0.00984	0.01477	0.00738	0.00554	0.00554	0.00185	0.00738	0.00492	0.00246	0.00615
24	0.84448	0.01071	0.00814	0.00728	0.01071	0.01242	0.00600	0.01628	0.00943	0.02485	0.00771	0.00900	0.00600	0.00514	0.00343	0.00171	0.00428	0.00300	0.00343	0.00600
25	0.01221	0.01164	0.01978	0.38240	0.43407	0.01277	0.01625	0.01569	0.01190	0.01628	0.01015	0.01419	0.00813	0.00521	0.00551	0.00174	0.00695	0.00493	0.00261	0.00757
26	0.84448	0.01071	0.00814	0.00728	0.01071	0.01242	0.00600	0.01628	0.00943	0.02485	0.00771	0.00900	0.00600	0.00514	0.00343	0.00171	0.00428	0.00300	0.00343	0.00600
27	0.02051	0.01524	0.01631	0.01263	0.01697	0.01692	0.01040	0.69834	0.08093	0.03403	0.01399	0.01385	0.00998	0.00671	0.00555	0.00168	0.00597	0.00508	0.00555	0.00937
28	0.14769	0.00841	0.00819	0.00777	0.00949	0.08121	0.00585	0.01220	0.01405	0.02082	0.47726	0.11304	0.05275	0.01044	0.00593	0.00176	0.00367	0.00887	0.00522	0.00538
29	0.01281	0.01224	0.02086	0.24317	0.56864	0.01292	0.01655	0.01621	0.01219	0.01701	0.01026	0.01400	0.00839	0.00510	0.00550	0.00170	0.00680	0.00493	0.00266	0.00805
30	0.01146	0.10373	0.70470	0.01518	0.02303	0.01373	0.01940	0.01745	0.01165	0.01711	0.00972	0.01142	0.00702	0.00521	0.00510	0.00170	0.00797	0.00398	0.00234	0.00808
31	0.84448	0.01071	0.00814	0.00728	0.01071	0.01242	0.00600	0.01628	0.00943	0.02485	0.00771	0.00900	0.00600	0.00514	0.00343	0.00171	0.00428	0.00300	0.00343	0.00600
32	0.01991	0.01322	0.01692	0.05591	0.17692	0.01384	0.01155	0.37935	0.01991	0.21399	0.01464	0.01484	0.01024	0.00628	0.00554	0.00168	0.00592	0.00512	0.00512	0.00912
33	0.01254	0.01333	0.09200	0.37165	0.31305	0.01305	0.01612	0.07070	0.01283	0.01752	0.01033	0.01396	0.00803	0.00537	0.00549	0.00175	0.00706	0.00485	0.00279	0.00759
34	0.54137	0.01372	0.01113	0.04340	0.01399	0.11858	0.00790	0.15492	0.01347	0.02472	0.00897	0.01019	0.00685	0.00552	0.00413	0.00167	0.00554	0.00353	0.00370	0.00670

[dist]
# distance from previous block
# <min> <max>
1	8

[block]
# block no. 9 follows, 43 sequences, length 31
# corresponding to MSA columns:
# 1026-1056
name=unknown_J
#
# <colnr> <probs for GDERKNQSTAVLIFYWHMCP>
#	G	D	E	R	K	N	Q	S	T	A	V	L	I	F	Y	W	H	M	C	P
0	0.06605	0.01086	0.01071	0.01054	0.01226	0.13620	0.00850	0.03826	0.05246	0.03379	0.05890	0.09930	0.03414	0.04679	0.00836	0.00227	0.06965	0.29076	0.00446	0.00576
1	0.04679	0.06868	0.24989	0.01177	0.01663	0.06433	0.04885	0.06770	0.01388	0.13566	0.04582	0.02234	0.16927	0.00760	0.00550	0.00171	0.00608	0.00614	0.00407	0.00732
2	0.31396	0.49556	0.02110	0.00879	0.01305	0.01834	0.00826	0.04022	0.01107	0.01799	0.00788	0.00907	0.00678	0.00495	0.00357	0.00139	0.00534	0.00304	0.00285	0.00678
3	0.01366	0.29209	0.35768	0.06396	0.02100	0.01558	0.06103	0.01783	0.01195	0.08215	0.01029	0.01176	0.00774	0.00520	0.00480	0.00157	0.00713	0.00404	0.00278	0.00775
4	0.01581	0.30159	0.04561	0.03651	0.04347	0.27877	0.04361	0.01771	0.01244	0.01369	0.00883	0.01170	0.00791	0.04605	0.00721	0.00170	0.09416	0.00396	0.00262	0.00665
5	0.01296	0.39430	0.38083	0.01327	0.01969	0.01718	0.05906	0.01710	0.01157	0.01543	0.00896	0.01057	0.00714	0.00498	0.00454	0.00149	0.00719	0.00371	0.00238	0.00764
6	0.01320	0.44012	0.15230	0.01019	0.01557	0.01609	0.01051	0.01597	0.01140	0.01528	0.00871	0.01013	0.00741	0.00464	0.00401	0.00118	0.00578	0.00325	0.00263	0.25164
7	0.00714	0.00520	0.00685	0.00785	0.00850	0.00476	0.00540	0.00827	0.01075	0.01449	0.02918	0.71939	0.03464	0.01643	0.00691	0.00217	0.00335	0.04686	0.00502	0.05681
8	0.01212	0.01212	0.01696	0.01454	0.01454	0.01696	0.01212	0.01333	0.00848	0.01333	0.00727	0.01212	0.00727	0.00969	0.01818	0.00242	0.79523	0.00485	0.00242	0.00606
9	0.00784	0.00566	0.00740	0.00697	0.00827	0.00523	0.00523	0.01045	0.01568	0.02221	0.76789	0.04137	0.05226	0.01132	0.00653	0.00174	0.00261	0.01002	0.00610	0.00523
10	0.00762	0.00566	0.00739	0.00782	0.00846	0.00572	0.00559	0.00895	0.01110	0.01506	0.15213	0.35885	0.08058	0.13073	0.08032	0.00321	0.04452	0.05694	0.00471	0.00463
11	0.00686	0.00559	0.00607	0.00601	0.00769	0.00480	0.00448	0.00854	0.01328	0.01666	0.22471	0.07750	0.57152	0.01350	0.00656	0.00185	0.00277	0.01144	0.00537	0.00480
12	0.01396	0.06390	0.09839	0.01213	0.01606	0.01430	0.03410	0.07901	0.54021	0.02247	0.01932	0.01900	0.01467	0.00708	0.00552	0.00182	0.00519	0.01936	0.00496	0.00854
13	0.84448	0.01071	0.00814	0.00728	0.01071	0.01242	0.00600	0.01628	0.00943	0.02485	0.00771	0.00900	0.00600	0.00514	0.00343	0.00171	0.00428	0.00300	0.00343	0.00600
14	0.01366	0.52050	0.17032	0.01067	0.01599	0.01806	0.01123	0.01728	0.05832	0.01509	0.00930	0.01045	0.00782	0.00494	0.00407	0.00130	0.00606	0.00342	0.00267	0.09885
15	0.01428	0.13324	0.06316	0.21356	0.06803	0.07444	0.01213	0.10384	0.22395	0.01928	0.01343	0.01476	0.01029	0.00606	0.00521	0.00168	0.00638	0.00486	0.00373	0.00771
16	0.01224	0.08673	0.47236	0.01674	0.05004	0.03644	0.14943	0.01780	0.03483	0.01731	0.01034	0.01234	0.00770	0.00513	0.00531	0.00167	0.00789	0.00448	0.00260	0.04862
17	0.01427	0.13248	0.38408	0.04077	0.07438	0.01399	0.06354	0.06239	0.01307	0.11300	0.01137	0.01276	0.00825	0.00553	0.00551	0.00168	0.02720	0.00444	0.00317	0.00814
18	0.09250	0.26633	0.07125	0.01327	0.01801	0.04976	0.18215	0.08732	0.01368	0.09709	0.01314	0.01423	0.04663	0.00571	0.00496	0.00157	0.00662	0.00480	0.00349	0.00746
19	0.00751	0.00554	0.00702	0.00688	0.00813	0.00505	0.00507	0.00974	0.01458	0.02012	0.57044	0.14358	0.15079	0.01250	0.00660	0.00183	0.00272	0.01101	0.00584	0.00505
20	0.01387	0.31640	0.30505	0.04236	0.06889	0.01596	0.06918	0.01779	0.01200	0.07577	0.01017	0.01169	0.00781	0.00514	0.00477	0.00154	0.00702	0.00405	0.00277	0.00779
21	0.01466	0.01168	0.07129	0.33778	0.15508	0.01153	0.01381	0.01791	0.01247	0.20279	0.01345	0.01691	0.01002	0.00634	0.00635	0.00183	0.05392	0.03098	0.00368	0.00752
22	0.02398	0.00917	0.01239	0.00957	0.01368	0.00796	0.00788	0.02615	0.01560	0.72946	0.02162	0.01896	0.01374	0.00683	0.00547	0.00169	0.00458	0.00555	0.05655	0.00917
23	0.03892	0.01190	0.10755	0.01154	0.05964	0.00967	0.00965	0.05898	0.09770	0.35378	0.07595	0.01925	0.01554	0.00686	0.00536	0.00169	0.00488	0.00563	0.09722	0.00828
24	0.01439	0.09484	0.17039	0.03298	0.27052	0.01220	0.04033	0.01819	0.02840	0.14557	0.10393	0.01724	0.01448	0.00613	0.00543	0.00166	0.00611	0.00537	0.00378	0.00808
25	0.01023	0.01366	0.25287	0.01108	0.01476	0.00855	0.01139	0.01459	0.05958	0.05628	0.12059	0.11535	0.06810	0.01081	0.00639	0.00204	0.00536	0.20745	0.00448	0.00646
26	0.00715	0.00563	0.00645	0.00625	0.00785	0.00493	0.00468	0.00912	0.01405	0.01835	0.38918	0.04772	0.43338	0.01276	0.00654	0.00181	0.00272	0.01091	0.00559	0.00493
27	0.05839	0.01602	0.20731	0.14132	0.07047	0.01245	0.14546	0.05579	0.04270	0.15807	0.01286	0.01451	0.00913	0.00573	0.00584	0.00179	0.02551	0.00508	0.00365	0.00792
28	0.04316	0.10963	0.06563	0.04969	0.09406	0.02781	0.13188	0.17572	0.01556	0.12540	0.01218	0.01341	0.00898	0.00548	0.00521	0.00156	0.00644	0.00474	0.00392	0.09955
