[name]
unknown

[dist]
# distance from previous block
# <min> <max>
0	29

[block]
# block no. 0 follows, 44 sequences, length 11
# corresponding to MSA columns:
# 29-39
name=unknown_A
#
# <colnr> <probs for GDERKNQSTAVLIFYWHMCP>
#	G	D	E	R	K	N	Q	S	T	A	V	L	I	F	Y	W	H	M	C	P
0	0.05811	0.06970	0.10379	0.01561	0.10394	0.01369	0.11772	0.15753	0.15600	0.08701	0.01466	0.01694	0.01132	0.00632	0.00544	0.00173	0.00615	0.04201	0.00419	0.00812
1	0.07132	0.01132	0.06499	0.01123	0.01473	0.01046	0.10741	0.10615	0.14581	0.11718	0.13054	0.04222	0.10367	0.03064	0.00636	0.00187	0.00502	0.00700	0.00488	0.00718
2	0.01151	0.08215	0.01263	0.00837	0.01274	0.00897	0.00681	0.01508	0.08113	0.01812	0.07361	0.01434	0.01235	0.00499	0.00433	0.00101	0.00410	0.00402	0.00359	0.62015
3	0.03534	0.09433	0.06795	0.01028	0.01504	0.01234	0.00907	0.23675	0.03767	0.10249	0.01205	0.01256	0.00901	0.00533	0.00466	0.00130	0.00516	0.00407	0.00418	0.32043
4	0.00785	0.00587	0.00745	0.07199	0.01004	0.00589	0.00546	0.00977	0.04316	0.01519	0.19669	0.23432	0.09553	0.25155	0.01285	0.00294	0.00402	0.01031	0.00455	0.00458
5	0.01629	0.13694	0.25588	0.01304	0.04479	0.03474	0.03888	0.09364	0.01406	0.20766	0.01272	0.01313	0.00902	0.00551	0.00497	0.00153	0.00634	0.00434	0.00386	0.08266
6	0.05827	0.01276	0.08837	0.05326	0.10264	0.01117	0.17340	0.06409	0.05559	0.20668	0.09044	0.03068	0.01461	0.00641	0.00566	0.00174	0.00609	0.00593	0.00439	0.00782
7	0.00732	0.00539	0.00720	0.00796	0.00833	0.00548	0.00554	0.00802	0.01010	0.01350	0.02804	0.61580	0.08229	0.01640	0.00913	0.07818	0.06900	0.01336	0.00460	0.00438
8	0.11102	0.01050	0.03988	0.34076	0.04322	0.01086	0.12603	0.01526	0.01167	0.09005	0.01618	0.04711	0.08390	0.00664	0.00547	0.00179	0.00626	0.00595	0.02100	0.00645
9	0.01680	0.13001	0.11296	0.01257	0.05435	0.03861	0.06185	0.05552	0.08627	0.24484	0.01471	0.01476	0.01053	0.00576	0.00500	0.00153	0.00572	0.00471	0.03987	0.08366
10	0.01632	0.00934	0.01115	0.04115	0.01308	0.00954	0.00755	0.17082	0.09615	0.23780	0.14854	0.02164	0.01937	0.00741	0.00533	0.00162	0.00423	0.00609	0.16532	0.00756

[dist]
# distance from previous block
# <min> <max>
5	25

[block]
# block no. 1 follows, 44 sequences, length 24
# corresponding to MSA columns:
# 66-89
name=unknown_B
#
# <colnr> <probs for GDERKNQSTAVLIFYWHMCP>
#	G	D	E	R	K	N	Q	S	T	A	V	L	I	F	Y	W	H	M	C	P
0	0.01420	0.01715	0.20055	0.01548	0.02045	0.07370	0.24351	0.14064	0.01481	0.05998	0.01463	0.05198	0.04279	0.00634	0.00566	0.00172	0.00723	0.00588	0.05585	0.00746
1	0.01215	0.01021	0.01195	0.03602	0.01415	0.00834	0.00713	0.08308	0.01263	0.01918	0.01001	0.01158	0.00816	0.00432	0.00422	0.00092	0.00433	0.00344	0.00341	0.73476
2	0.00782	0.00597	0.00693	0.00697	0.00864	0.00544	0.00544	0.01023	0.04427	0.03402	0.20690	0.07949	0.41217	0.01313	0.00658	0.00193	0.00321	0.13049	0.00532	0.00506
3	0.53006	0.01057	0.01095	0.00894	0.01271	0.01125	0.04526	0.04815	0.01196	0.24588	0.01207	0.01217	0.00839	0.00559	0.00423	0.00169	0.00467	0.00395	0.00441	0.00710
4	0.01354	0.01279	0.08499	0.02291	0.39525	0.01146	0.04812	0.01816	0.09212	0.09152	0.01565	0.02245	0.01351	0.00700	0.00580	0.00182	0.00610	0.12509	0.00374	0.00799
5	0.01030	0.00969	0.01635	0.79530	0.03755	0.01211	0.01514	0.01393	0.01090	0.01393	0.00969	0.01453	0.00727	0.00545	0.00545	0.00182	0.00727	0.00484	0.00242	0.00606
6	0.01195	0.01028	0.01101	0.01083	0.01311	0.05884	0.00881	0.02097	0.39664	0.01944	0.02418	0.03725	0.02233	0.01056	0.00635	0.00210	0.00496	0.31828	0.00515	0.00694
7	0.01056	0.01005	0.01641	0.66991	0.03382	0.01285	0.01462	0.01380	0.01049	0.01380	0.00928	0.01412	0.00725	0.00611	0.00745	0.00191	0.13429	0.00483	0.00242	0.00604
8	0.02411	0.00983	0.01299	0.00996	0.01419	0.00883	0.00823	0.09402	0.01653	0.70941	0.02073	0.01805	0.01310	0.00673	0.00548	0.00168	0.00476	0.00543	0.00663	0.00928
9	0.01719	0.00840	0.01051	0.00861	0.01181	0.00768	0.00692	0.07098	0.04725	0.40911	0.15152	0.02904	0.17930	0.00897	0.00584	0.00173	0.00398	0.00746	0.00613	0.00759
10	0.00787	0.00551	0.00710	0.00710	0.00751	0.00591	0.00475	0.00867	0.00827	0.01143	0.01612	0.02981	0.01727	0.49257	0.34010	0.00672	0.00912	0.00707	0.00315	0.00395
11	0.00843	0.00610	0.00864	0.00844	0.00900	0.00701	0.00626	0.00929	0.00873	0.01238	0.05307	0.05476	0.01616	0.15274	0.39734	0.14153	0.08621	0.00649	0.00309	0.00432
12	0.00758	0.00503	0.00661	0.00757	0.00819	0.00463	0.00516	0.00861	0.01084	0.05454	0.03117	0.71601	0.08094	0.01633	0.00685	0.00216	0.00322	0.01472	0.00515	0.00470
13	0.01129	0.01071	0.01816	0.55720	0.26784	0.01238	0.01564	0.01481	0.01137	0.01514	0.00987	0.01421	0.00770	0.00527	0.00543	0.00176	0.00702	0.00485	0.00251	0.00686
14	0.01392	0.04929	0.10769	0.01509	0.01933	0.01458	0.20355	0.11840	0.28530	0.02100	0.01469	0.01565	0.01111	0.00638	0.00675	0.00182	0.07787	0.00556	0.00402	0.00801
15	0.01158	0.07866	0.04570	0.33382	0.02301	0.01036	0.04229	0.01434	0.01180	0.11029	0.01989	0.12592	0.10210	0.00843	0.00572	0.00183	0.00576	0.03851	0.00374	0.00625
16	0.51015	0.00896	0.00867	0.00877	0.05013	0.01019	0.00636	0.01365	0.00916	0.01973	0.01049	0.01524	0.00950	0.11187	0.18354	0.00372	0.00682	0.00432	0.00323	0.00549
17	0.18167	0.08474	0.08454	0.02430	0.03295	0.02412	0.14863	0.18181	0.01479	0.06973	0.05114	0.01376	0.01033	0.00595	0.00573	0.00170	0.04805	0.00482	0.00380	0.00745
18	0.01388	0.09943	0.12158	0.02453	0.11097	0.13164	0.04361	0.05425	0.01331	0.08573	0.05042	0.14771	0.04774	0.00806	0.00575	0.00170	0.02223	0.00674	0.00377	0.00694
19	0.05187	0.09033	0.24426	0.01219	0.02876	0.01164	0.05005	0.04560	0.07182	0.11232	0.01355	0.05582	0.01086	0.00878	0.06578	0.00214	0.00667	0.00505	0.00362	0.10889
20	0.01649	0.30085	0.11754	0.01234	0.04327	0.01560	0.05030	0.10299	0.10285	0.16705	0.01321	0.01336	0.00978	0.00567	0.00478	0.00152	0.00592	0.00442	0.00396	0.00810
21	0.01288	0.04580	0.01172	0.04427	0.07970	0.04263	0.00800	0.01653	0.10920	0.16440	0.14184	0.25454	0.02542	0.01024	0.00596	0.00183	0.00438	0.00896	0.00505	0.00666
22	0.04120	0.06773	0.14445	0.12079	0.03809	0.09306	0.13776	0.16473	0.01486	0.05242	0.01072	0.01269	0.00802	0.00556	0.00569	0.00165	0.03350	0.00464	0.00335	0.03909
23	0.01417	0.03300	0.10100	0.05152	0.01498	0.04296	0.03538	0.04047	0.04068	0.21015	0.24138	0.02409	0.05343	0.00774	0.00562	0.00163	0.00489	0.00655	0.00495	0.06537

[dist]
# distance from previous block
# <min> <max>
2	30

[block]
# block no. 2 follows, 44 sequences, length 58
# corresponding to MSA columns:
# 125,128-165,168-186
name=unknown_C
#
# <colnr> <probs for GDERKNQSTAVLIFYWHMCP>
#	G	D	E	R	K	N	Q	S	T	A	V	L	I	F	Y	W	H	M	C	P
0	0.01419	0.09612	0.17004	0.10471	0.08487	0.01369	0.06950	0.09477	0.17689	0.08175	0.03087	0.01530	0.01111	0.00597	0.00532	0.00169	0.00627	0.00507	0.00386	0.00800
1	0.10558	0.01132	0.04174	0.01222	0.01673	0.01007	0.14624	0.05682	0.01477	0.50123	0.01737	0.01637	0.01134	0.00612	0.00543	0.00171	0.00561	0.00533	0.00546	0.00854
2	0.00758	0.00504	0.00672	0.00761	0.00821	0.00467	0.00521	0.00876	0.01120	0.05027	0.10726	0.68832	0.03662	0.01598	0.00683	0.00214	0.00317	0.01444	0.00524	0.00473
3	0.04570	0.06240	0.04992	0.07050	0.06646	0.00939	0.07725	0.01560	0.02379	0.16407	0.05094	0.20523	0.01811	0.03971	0.00648	0.00187	0.00513	0.00765	0.00428	0.07553
4	0.01534	0.07712	0.01422	0.06306	0.01546	0.42844	0.00930	0.01715	0.01426	0.01523	0.17540	0.03868	0.04229	0.00747	0.00588	0.00156	0.04405	0.00555	0.00355	0.00598
5	0.01231	0.01212	0.07354	0.23295	0.31712	0.01149	0.04329	0.01614	0.03754	0.05210	0.01265	0.04278	0.01060	0.00604	0.00548	0.00171	0.00636	0.03486	0.02822	0.04269
6	0.03572	0.06206	0.22792	0.04210	0.20688	0.04863	0.06666	0.04802	0.03392	0.09431	0.01131	0.01304	0.00852	0.00543	0.00561	0.00164	0.03373	0.00454	0.00320	0.04676
7	0.04726	0.48244	0.02333	0.01109	0.01397	0.01939	0.01015	0.01512	0.00999	0.01341	0.00742	0.00993	0.00701	0.00649	0.00884	0.00164	0.29994	0.00361	0.00239	0.00657
8	0.29938	0.01360	0.01374	0.01143	0.04020	0.01520	0.00907	0.48151	0.01967	0.03046	0.01114	0.01167	0.00811	0.00599	0.00475	0.00165	0.00541	0.00425	0.00466	0.00811
9	0.01513	0.01979	0.37533	0.01490	0.07977	0.01272	0.01484	0.21021	0.01602	0.11545	0.06253	0.01488	0.01142	0.00610	0.00539	0.00169	0.00661	0.00489	0.00394	0.00838
10	0.00664	0.00474	0.00633	0.00759	0.00791	0.00443	0.00506	0.00759	0.01044	0.01392	0.03005	0.80485	0.03606	0.01708	0.00696	0.00221	0.00316	0.01550	0.00506	0.00443
11	0.00794	0.00568	0.00772	0.00885	0.00975	0.00554	0.00709	0.00980	0.01173	0.01540	0.05131	0.31323	0.04800	0.04770	0.00810	0.00248	0.00428	0.42567	0.00499	0.00474
12	0.01098	0.01006	0.01635	0.74385	0.03619	0.01243	0.01483	0.06272	0.01187	0.01527	0.00991	0.01444	0.00740	0.00552	0.00545	0.00180	0.00718	0.00485	0.00262	0.00627
13	0.01193	0.01193	0.01670	0.01431	0.01431	0.01670	0.01193	0.01312	0.00835	0.01312	0.00716	0.01193	0.00716	0.00954	0.01789	0.00239	0.79843	0.00477	0.00239	0.00596
14	0.01093	0.02820	0.78016	0.01554	0.02360	0.01266	0.02014	0.01727	0.01151	0.01727	0.00978	0.01151	0.00691	0.00518	0.00518	0.00173	0.00806	0.00403	0.00230	0.00806
15	0.00715	0.00502	0.00623	0.00693	0.00741	0.00477	0.00459	0.00809	0.01022	0.01377	0.05423	0.47324	0.09848	0.19489	0.03793	0.00303	0.00394	0.01242	0.04337	0.00426
16	0.10889	0.00941	0.01218	0.00944	0.01357	0.00845	0.00780	0.02549	0.01495	0.70080	0.02008	0.01756	0.01272	0.00657	0.00527	0.00169	0.00460	0.00522	0.00640	0.00893
17	0.00779	0.00584	0.00876	0.00876	0.00974	0.00681	0.00681	0.00974	0.00876	0.01266	0.01460	0.02142	0.01363	0.04089	0.78680	0.00876	0.01460	0.00584	0.00292	0.00487
18	0.00757	0.00557	0.00708	0.00670	0.00805	0.00508	0.00503	0.01000	0.01508	0.02102	0.68746	0.04210	0.13602	0.01146	0.00643	0.00173	0.00259	0.01005	0.00589	0.00508
19	0.00693	0.00532	0.00642	0.00717	0.00827	0.00482	0.00533	0.00832	0.01161	0.01466	0.04004	0.37220	0.33341	0.01541	0.00685	0.00211	0.00332	0.13815	0.00505	0.00460
20	0.84691	0.01054	0.00801	0.00717	0.01054	0.01223	0.00590	0.01603	0.00928	0.02446	0.00759	0.00886	0.00590	0.00506	0.00337	0.00169	0.00422	0.00295	0.00337	0.00590
21	0.01287	0.01471	0.03217	0.02298	0.02849	0.01379	0.75460	0.01746	0.01287	0.01746	0.01103	0.01471	0.00827	0.00460	0.00643	0.00184	0.00919	0.00643	0.00276	0.00735
22	0.00752	0.00534	0.00664	0.00730	0.00789	0.00513	0.00513	0.00856	0.01037	0.01358	0.04889	0.29451	0.10636	0.28322	0.01402	0.00326	0.00420	0.15937	0.00449	0.00421
23	0.15105	0.01277	0.02361	0.17570	0.13109	0.01308	0.38018	0.01642	0.01182	0.01797	0.01008	0.01353	0.00773	0.00488	0.00559	0.00178	0.00760	0.00532	0.00278	0.00703
24	0.01352	0.43802	0.02123	0.03151	0.02912	0.02790	0.00951	0.07456	0.04141	0.01544	0.01222	0.04489	0.01187	0.03955	0.00683	0.00173	0.08449	0.08635	0.00316	0.00668
25	0.01557	0.02719	0.24303	0.04429	0.11335	0.01103	0.01300	0.03482	0.09768	0.23625	0.02650	0.01643	0.01147	0.00610	0.00532	0.00166	0.00593	0.02142	0.00424	0.06470
26	0.01281	0.21993	0.20155	0.20500	0.05142	0.01463	0.04808	0.06576	0.01239	0.04233	0.02213	0.04495	0.00940	0.00588	0.00525	0.00163	0.02200	0.00477	0.00291	0.00718
27	0.07620	0.00949	0.01189	0.00937	0.01318	0.00889	0.00767	0.08367	0.04181	0.55942	0.04406	0.01839	0.01403	0.00676	0.00525	0.00166	0.00448	0.00541	0.06980	0.00858
28	0.01042	0.00545	0.00609	0.00595	0.00737	0.00522	0.00445	0.01271	0.01220	0.07763	0.11734	0.10741	0.05203	0.00844	0.00472	0.00148	0.00278	0.00709	0.54589	0.00532
29	0.01258	0.10265	0.18237	0.01217	0.06594	0.01134	0.02241	0.05087	0.05851	0.03287	0.01069	0.01204	0.00843	0.00479	0.00454	0.00124	0.00547	0.00383	0.00320	0.39405
30	0.01472	0.03410	0.06191	0.01027	0.01359	0.04025	0.00866	0.08640	0.27211	0.15902	0.11466	0.02279	0.06773	0.01000	0.05694	0.00219	0.00537	0.00639	0.00520	0.00769
31	0.00663	0.00478	0.00629	0.00750	0.00788	0.00444	0.00502	0.00760	0.01052	0.01395	0.03111	0.77304	0.06717	0.01694	0.00694	0.00220	0.00315	0.01533	0.00506	0.00444
32	0.01171	0.01826	0.37514	0.01393	0.01905	0.01117	0.11494	0.01611	0.01174	0.06417	0.01448	0.01844	0.03910	0.00674	0.00659	0.00180	0.08143	0.05316	0.11491	0.00711
33	0.01707	0.01450	0.12681	0.04931	0.12942	0.04179	0.12636	0.05003	0.07060	0.27197	0.01489	0.01544	0.01042	0.00594	0.00592	0.00173	0.02993	0.00524	0.00431	0.00832
34	0.00883	0.00687	0.00765	0.00713	0.00903	0.00664	0.00543	0.07076	0.08644	0.01961	0.28563	0.07053	0.34391	0.01160	0.00621	0.00178	0.00311	0.00986	0.03346	0.00555
35	0.00690	0.00502	0.00651	0.00724	0.00792	0.00463	0.00501	0.00830	0.01187	0.01601	0.22163	0.54924	0.09894	0.01530	0.00678	0.00206	0.00298	0.01374	0.00530	0.00463
36	0.04416	0.04398	0.11225	0.12644	0.04354	0.03091	0.01091	0.10913	0.02753	0.21672	0.01613	0.08254	0.01302	0.00737	0.00561	0.00175	0.01881	0.03847	0.04321	0.00749
37	0.01542	0.64349	0.02581	0.04075	0.01541	0.15455	0.00976	0.01718	0.01183	0.01296	0.00781	0.00916	0.00701	0.00486	0.00382	0.00123	0.00658	0.00309	0.00242	0.00684
38	0.01187	0.05422	0.30688	0.06325	0.01795	0.01150	0.01270	0.07633	0.12062	0.04467	0.17606	0.02028	0.01873	0.03391	0.00623	0.00183	0.00582	0.00584	0.00400	0.00731
39	0.04854	0.14146	0.12092	0.01212	0.01645	0.04417	0.04218	0.23270	0.11850	0.08039	0.01384	0.05361	0.01095	0.00666	0.00556	0.00166	0.03292	0.00516	0.00423	0.00798
40	0.01479	0.72362	0.06264	0.00993	0.01463	0.07144	0.00991	0.01673	0.01138	0.01307	0.00774	0.00895	0.00699	0.00475	0.00367	0.00121	0.00620	0.00301	0.00236	0.00700
41	0.01370	0.55019	0.05840	0.00910	0.01314	0.04060	0.00882	0.01670	0.06082	0.01509	0.01054	0.01180	0.00891	0.00521	0.00381	0.00126	0.00535	0.00360	0.15618	0.00678
42	0.11081	0.01984	0.00930	0.00780	0.01045	0.00823	0.00620	0.06759	0.06324	0.21666	0.11545	0.04737	0.05022	0.00764	0.00496	0.00160	0.00371	0.00619	0.23597	0.00677
43	0.00815	0.00605	0.00789	0.00874	0.01014	0.00579	0.00742	0.01038	0.01270	0.01628	0.08208	0.05798	0.21379	0.01451	0.00720	0.00230	0.00431	0.51429	0.00509	0.00493
44	0.00786	0.00549	0.00707	0.00675	0.00799	0.00511	0.00503	0.01036	0.01488	0.02137	0.67670	0.07461	0.04773	0.01104	0.00624	0.00170	0.00260	0.00974	0.07264	0.00511
45	0.01030	0.00969	0.01635	0.79530	0.03755	0.01211	0.01514	0.01393	0.01090	0.01393	0.00969	0.01453	0.00727	0.00545	0.00545	0.00182	0.00727	0.00484	0.00242	0.00606
46	0.01193	0.01193	0.01670	0.01431	0.01431	0.01670	0.01193	0.01312	0.00835	0.01312	0.00716	0.01193	0.00716	0.00954	0.01789	0.00239	0.79843	0.00477	0.00239	0.00596
47	0.01093	0.02820	0.78016	0.01554	0.02360	0.01266	0.02014	0.01727	0.01151	0.01727	0.00978	0.01151	0.00691	0.00518	0.00518	0.00173	0.00806	0.00403	0.00230	0.00806
48	0.02076	0.00834	0.01086	0.00862	0.01210	0.00743	0.00702	0.03555	0.01481	0.57507	0.03532	0.01931	0.01428	0.00674	0.00511	0.00159	0.00414	0.00547	0.19926	0.00822
49	0.05922	0.00933	0.01246	0.00959	0.01377	0.00819	0.00792	0.02612	0.01534	0.74631	0.02092	0.01815	0.01317	0.00668	0.00539	0.00169	0.00462	0.00538	0.00661	0.00914
50	0.01093	0.02820	0.78016	0.01554	0.02360	0.01266	0.02014	0.01727	0.01151	0.01727	0.00978	0.01151	0.00691	0.00518	0.00518	0.00173	0.00806	0.00403	0.00230	0.00806
51	0.02446	0.00928	0.01265	0.00970	0.01392	0.00801	0.00801	0.02657	0.01560	0.77817	0.02151	0.01856	0.01350	0.00675	0.00548	0.00169	0.00464	0.00548	0.00675	0.00928
52	0.00679	0.00491	0.00646	0.00764	0.00813	0.00458	0.00528	0.00789	0.01073	0.01415	0.03161	0.69939	0.08409	0.01671	0.00697	0.00221	0.00328	0.06965	0.00506	0.00448
53	0.75699	0.01040	0.00852	0.00745	0.01091	0.01177	0.00613	0.01718	0.00997	0.10687	0.00911	0.00992	0.00673	0.00525	0.00360	0.00169	0.00426	0.00323	0.00374	0.00627
54	0.02405	0.00937	0.01264	0.00975	0.01393	0.00822	0.00804	0.02666	0.04395	0.74958	0.02153	0.01862	0.01361	0.00677	0.00548	0.00169	0.00463	0.00551	0.00670	0.00925
55	0.00645	0.00550	0.00555	0.00559	0.00738	0.00460	0.00417	0.00782	0.01236	0.01470	0.05441	0.07695	0.74823	0.01391	0.00646	0.00185	0.00277	0.01164	0.00506	0.00460
56	0.71919	0.01001	0.00812	0.00719	0.01046	0.01135	0.00589	0.01654	0.00992	0.07977	0.00943	0.01049	0.00711	0.00529	0.00356	0.00165	0.00411	0.00331	0.07051	0.00609
57	0.01749	0.17179	0.13291	0.01222	0.01664	0.08073	0.04828	0.14614	0.01492	0.20357	0.01279	0.01382	0.00947	0.03331	0.00666	0.00174	0.06106	0.00458	0.00404	0.00786

[dist]
# distance from previous block
# <min> <max>
10	20

[block]
# block no. 3 follows, 44 sequences, length 24
# corresponding to MSA columns:
# 211-234
name=unknown_D
#
# <colnr> <probs for GDERKNQSTAVLIFYWHMCP>
#	G	D	E	R	K	N	Q	S	T	A	V	L	I	F	Y	W	H	M	C	P
0	0.06722	0.12512	0.01452	0.01044	0.03731	0.01210	0.04145	0.19012	0.05201	0.08866	0.06927	0.04013	0.01435	0.00899	0.05690	0.00203	0.00545	0.00544	0.15138	0.00712
1	0.01549	0.10951	0.10071	0.05960	0.06257	0.07606	0.07959	0.11251	0.05206	0.11577	0.04446	0.01445	0.01080	0.00609	0.00612	0.00163	0.06526	0.00483	0.00377	0.05871
2	0.07017	0.47251	0.07146	0.01104	0.01541	0.05141	0.04360	0.08811	0.01246	0.01640	0.00849	0.01000	0.00725	0.00529	0.00510	0.00140	0.06680	0.00352	0.00278	0.03681
3	0.04126	0.14501	0.05276	0.01040	0.01466	0.05905	0.05183	0.07933	0.04589	0.10302	0.09446	0.01547	0.01351	0.00579	0.00478	0.00135	0.00527	0.00465	0.00397	0.24754
4	0.01733	0.06040	0.01409	0.08194	0.01602	0.03526	0.04198	0.04340	0.02557	0.35070	0.06084	0.07028	0.01523	0.00707	0.00536	0.00159	0.00508	0.01845	0.00503	0.12438
5	0.01085	0.06198	0.01135	0.02995	0.01226	0.00800	0.00649	0.03746	0.01239	0.03211	0.12035	0.03312	0.09613	0.03532	0.00560	0.00132	0.00402	0.00551	0.00390	0.47191
6	0.01093	0.02820	0.78016	0.01554	0.02360	0.01266	0.02014	0.01727	0.01151	0.01727	0.00978	0.01151	0.00691	0.00518	0.00518	0.00173	0.00806	0.00403	0.00230	0.00806
7	0.00741	0.00547	0.00692	0.00674	0.00800	0.00498	0.00498	0.00962	0.01443	0.01992	0.58286	0.12600	0.15805	0.01219	0.00649	0.00179	0.00267	0.01072	0.00576	0.00498
8	0.07377	0.01144	0.01364	0.12009	0.01744	0.01237	0.00951	0.33804	0.01829	0.17361	0.06303	0.01756	0.03501	0.00925	0.06036	0.00219	0.00608	0.00545	0.00499	0.00789
9	0.01201	0.20734	0.51469	0.01502	0.02198	0.01486	0.10800	0.01707	0.01158	0.01627	0.00943	0.01127	0.00709	0.00499	0.00495	0.00161	0.00768	0.00407	0.00236	0.00773
10	0.01356	0.01171	0.01233	0.01109	0.01418	0.01356	0.00863	0.02897	0.76455	0.02281	0.02219	0.02034	0.01664	0.00740	0.00555	0.00185	0.00431	0.00616	0.00555	0.00863
11	0.01001	0.00511	0.00522	0.00519	0.00646	0.00509	0.00389	0.01255	0.01168	0.02042	0.06528	0.02161	0.01633	0.00665	0.00398	0.00130	0.00254	0.00538	0.78620	0.00509
12	0.06495	0.01469	0.17853	0.14492	0.18626	0.01173	0.12390	0.03946	0.01223	0.06039	0.01294	0.10170	0.01118	0.00652	0.00557	0.00178	0.00671	0.00602	0.00320	0.00732
13	0.00659	0.00494	0.00613	0.00708	0.00777	0.00447	0.00483	0.00765	0.01093	0.01412	0.03630	0.61797	0.21890	0.01627	0.00683	0.00212	0.00306	0.01451	0.00506	0.00447
14	0.06114	0.00999	0.01285	0.00990	0.01409	0.00918	0.00818	0.10632	0.01642	0.66240	0.01995	0.01752	0.01269	0.00665	0.00538	0.00168	0.00477	0.00531	0.00645	0.00913
15	0.00868	0.00564	0.00750	0.03568	0.00957	0.00528	0.00567	0.01033	0.01244	0.08467	0.23787	0.42134	0.09291	0.01424	0.01999	0.00210	0.00344	0.01217	0.00534	0.00514
16	0.02958	0.23130	0.12017	0.20649	0.06191	0.15917	0.03375	0.06824	0.01300	0.01587	0.00917	0.01146	0.00732	0.00525	0.00478	0.00153	0.00733	0.00399	0.00271	0.00701
17	0.00795	0.00588	0.00787	0.08198	0.01093	0.00605	0.00609	0.04227	0.01088	0.01458	0.05765	0.48397	0.02871	0.14351	0.06283	0.00306	0.00477	0.01190	0.00445	0.00468
18	0.00705	0.00549	0.00639	0.00654	0.00793	0.00488	0.00489	0.00875	0.01286	0.01658	0.24508	0.15040	0.39401	0.03688	0.00722	0.00201	0.00302	0.07002	0.00526	0.00472
19	0.03053	0.10432	0.12074	0.11147	0.29837	0.05189	0.03902	0.08326	0.01337	0.06490	0.01060	0.01284	0.00825	0.00534	0.00539	0.00162	0.02257	0.00452	0.00308	0.00791
20	0.00898	0.00565	0.00839	0.00823	0.00861	0.00634	0.00603	0.00853	0.00783	0.01096	0.01132	0.01816	0.01094	0.02689	0.32024	0.46017	0.06140	0.00517	0.00258	0.00358
21	0.01214	0.01283	0.07081	0.26718	0.44106	0.01249	0.04941	0.01575	0.01199	0.01667	0.03132	0.01450	0.00927	0.00523	0.00547	0.00170	0.00684	0.00501	0.00268	0.00764
22	0.01209	0.03326	0.01339	0.08019	0.05745	0.05698	0.05940	0.02953	0.06017	0.09907	0.03216	0.23469	0.09382	0.01028	0.00731	0.00193	0.08936	0.01835	0.00428	0.00629
23	0.01648	0.02697	0.09401	0.13589	0.09353	0.09024	0.11177	0.06493	0.08694	0.20323	0.01407	0.01505	0.01001	0.00583	0.00548	0.00170	0.00676	0.00510	0.00406	0.00794

[dist]
# distance from previous block
# <min> <max>
5	26

[block]
# block no. 4 follows, 44 sequences, length 10
# corresponding to MSA columns:
# 302-311
name=unknown_E
#
# <colnr> <probs for GDERKNQSTAVLIFYWHMCP>
#	G	D	E	R	K	N	Q	S	T	A	V	L	I	F	Y	W	H	M	C	P
0	0.01227	0.01082	0.01548	0.22048	0.10102	0.05390	0.06593	0.01617	0.09425	0.07131	0.01562	0.16719	0.01450	0.00840	0.00736	0.00192	0.10595	0.00713	0.00366	0.00663
1	0.05946	0.01886	0.01528	0.01387	0.06330	0.36097	0.01027	0.22422	0.06101	0.10308	0.01199	0.01246	0.00894	0.00602	0.00512	0.00155	0.00742	0.00432	0.00414	0.00771
2	0.01250	0.05002	0.06579	0.01099	0.06159	0.01028	0.00876	0.06023	0.13666	0.01930	0.01189	0.01293	0.00946	0.00490	0.00451	0.00116	0.00471	0.00395	0.00360	0.50677
3	0.00966	0.00609	0.00853	0.00821	0.00931	0.00659	0.00613	0.01117	0.00932	0.09652	0.01596	0.02442	0.01506	0.21580	0.52401	0.00717	0.01134	0.00629	0.00343	0.00499
4	0.01165	0.10925	0.11522	0.02654	0.06594	0.07828	0.02541	0.09074	0.01285	0.01664	0.01801	0.29487	0.01906	0.02639	0.03487	0.00215	0.00597	0.03603	0.00384	0.00629
5	0.11175	0.01475	0.01544	0.01195	0.01621	0.01639	0.00987	0.67466	0.02383	0.03327	0.01248	0.01262	0.00890	0.00638	0.00522	0.00164	0.00580	0.00469	0.00522	0.00890
6	0.00917	0.00993	0.12137	0.00941	0.02781	0.00768	0.00818	0.03852	0.06119	0.02059	0.47634	0.07514	0.06537	0.01012	0.00656	0.00178	0.03106	0.00869	0.00513	0.00597
7	0.01458	0.81168	0.02857	0.00933	0.01399	0.02157	0.00933	0.01632	0.01108	0.01283	0.00758	0.00875	0.00700	0.00466	0.00350	0.00117	0.00583	0.00292	0.00233	0.00700
8	0.01130	0.00969	0.01130	0.00807	0.01292	0.00727	0.00646	0.01373	0.01130	0.01776	0.00969	0.01130	0.00807	0.00404	0.00404	0.00081	0.00404	0.00323	0.00323	0.84173
9	0.07029	0.00932	0.01208	0.00950	0.01343	0.00848	0.00778	0.02526	0.06640	0.64301	0.06048	0.01929	0.01528	0.00693	0.00542	0.00170	0.00448	0.00561	0.00643	0.00882

[dist]
# distance from previous block
# <min> <max>
0	1

[block]
# block no. 5 follows, 44 sequences, length 7
# corresponding to MSA columns:
# 313-319
name=unknown_F
#
# <colnr> <probs for GDERKNQSTAVLIFYWHMCP>
#	G	D	E	R	K	N	Q	S	T	A	V	L	I	F	Y	W	H	M	C	P
0	0.01126	0.01188	0.10229	0.00896	0.01418	0.00791	0.00808	0.01415	0.01133	0.01771	0.00970	0.01133	0.00794	0.00417	0.00417	0.00092	0.00451	0.00332	0.00312	0.74308
1	0.01759	0.00963	0.01196	0.00912	0.01322	0.00838	0.00740	0.09912	0.01520	0.34905	0.10532	0.01812	0.01568	0.00632	0.00510	0.00138	0.00434	0.00517	0.00532	0.29258
2	0.01383	0.15041	0.01370	0.00945	0.01179	0.01078	0.00800	0.04045	0.01272	0.17554	0.08858	0.06612	0.01924	0.02820	0.00769	0.00190	0.11327	0.12714	0.09471	0.00648
3	0.08112	0.03463	0.21128	0.04618	0.05779	0.01131	0.03015	0.09230	0.03950	0.04624	0.01076	0.01219	0.00818	0.00502	0.00471	0.00139	0.00576	0.00400	0.00334	0.29415
4	0.05800	0.01305	0.10496	0.04250	0.25138	0.01139	0.03110	0.06371	0.09015	0.16278	0.07092	0.01871	0.01413	0.00652	0.00549	0.00173	0.00569	0.03551	0.00424	0.00806
5	0.08112	0.09602	0.10262	0.08103	0.01706	0.04517	0.01145	0.07815	0.10550	0.01756	0.01107	0.03762	0.00943	0.00812	0.02724	0.00205	0.25387	0.00485	0.00322	0.00686
6	0.01344	0.05229	0.01449	0.01284	0.09886	0.01042	0.06562	0.17624	0.01679	0.08745	0.32695	0.02690	0.02769	0.00837	0.00591	0.00170	0.00472	0.03719	0.00509	0.00705

[dist]
# distance from previous block
# <min> <max>
0	18

[block]
# block no. 6 follows, 44 sequences, length 10
# corresponding to MSA columns:
# 338-347
name=unknown_G
#
# <colnr> <probs for GDERKNQSTAVLIFYWHMCP>
#	G	D	E	R	K	N	Q	S	T	A	V	L	I	F	Y	W	H	M	C	P
0	0.01074	0.00870	0.00956	0.00896	0.01109	0.00956	0.00679	0.01964	0.40752	0.01978	0.11515	0.08698	0.10168	0.05145	0.05381	0.00241	0.00441	0.00789	0.05711	0.00675
1	0.07460	0.10535	0.30752	0.01244	0.01802	0.03960	0.02633	0.11776	0.02907	0.18207	0.02865	0.01353	0.00973	0.00581	0.00502	0.00164	0.00643	0.00445	0.00392	0.00809
2	0.01305	0.07118	0.45512	0.01412	0.02047	0.01248	0.08412	0.07701	0.01330	0.09184	0.03225	0.01600	0.06268	0.00610	0.00536	0.00170	0.00702	0.00506	0.00331	0.00783
3	0.00678	0.00498	0.00641	0.00749	0.00810	0.00460	0.00523	0.00792	0.01089	0.01422	0.03352	0.63918	0.14002	0.01646	0.00693	0.00218	0.00325	0.07229	0.00506	0.00450
4	0.36120	0.01370	0.11604	0.14834	0.12780	0.01284	0.04897	0.07859	0.01187	0.02123	0.00926	0.01150	0.00707	0.00522	0.00459	0.00171	0.00597	0.00403	0.00312	0.00697
5	0.06639	0.08962	0.17007	0.04232	0.12034	0.03161	0.04034	0.04561	0.06414	0.22935	0.01398	0.01443	0.00995	0.00575	0.00507	0.00164	0.00602	0.00469	0.03060	0.00809
6	0.00890	0.04472	0.01052	0.08873	0.06238	0.00784	0.02552	0.03540	0.04707	0.01701	0.15978	0.09187	0.34214	0.01101	0.00612	0.00181	0.00398	0.02495	0.00465	0.00561
7	0.00682	0.00493	0.00648	0.00758	0.00810	0.00459	0.00524	0.00798	0.01095	0.01453	0.06997	0.67326	0.08080	0.01645	0.00694	0.00218	0.00322	0.06034	0.00511	0.00451
8	0.00810	0.00636	0.00940	0.23575	0.01665	0.00686	0.00817	0.01014	0.01115	0.01503	0.08203	0.42781	0.02752	0.01257	0.00636	0.00203	0.00439	0.05839	0.04625	0.00503
9	0.07349	0.65403	0.02612	0.01015	0.01459	0.08758	0.03965	0.01683	0.01141	0.01388	0.00780	0.00909	0.00697	0.00477	0.00373	0.00125	0.00620	0.00311	0.00246	0.00687

[dist]
# distance from previous block
# <min> <max>
1	17

[block]
# block no. 7 follows, 44 sequences, length 23
# corresponding to MSA columns:
# 375-397
name=unknown_H
#
# <colnr> <probs for GDERKNQSTAVLIFYWHMCP>
#	G	D	E	R	K	N	Q	S	T	A	V	L	I	F	Y	W	H	M	C	P
0	0.14128	0.01232	0.04808	0.26144	0.06340	0.07743	0.02136	0.07197	0.01290	0.09305	0.03536	0.04881	0.01059	0.00613	0.00507	0.00165	0.00610	0.00499	0.00356	0.07451
1	0.04981	0.19489	0.07516	0.01198	0.01681	0.01519	0.08550	0.26513	0.03887	0.02259	0.01079	0.01186	0.00834	0.00531	0.00474	0.00141	0.00594	0.00418	0.00373	0.16779
2	0.00719	0.00520	0.00691	0.00809	0.00875	0.00492	0.00597	0.00857	0.01112	0.01460	0.03144	0.56005	0.08460	0.01633	0.00707	0.00227	0.00362	0.20365	0.00505	0.00459
3	0.00851	0.00548	0.00692	0.00740	0.03919	0.00546	0.00426	0.00810	0.00804	0.01072	0.01604	0.03043	0.03815	0.55425	0.02458	0.21381	0.00513	0.00710	0.00309	0.00334
4	0.01392	0.15051	0.41409	0.01236	0.01824	0.03754	0.01418	0.01815	0.01222	0.14483	0.01263	0.03615	0.00949	0.00582	0.00488	0.00159	0.00656	0.00450	0.07464	0.00767
5	0.01081	0.01042	0.01823	0.65955	0.10422	0.01233	0.07849	0.01449	0.01121	0.01459	0.00986	0.01445	0.00748	0.00532	0.00553	0.00180	0.00736	0.00498	0.00248	0.00640
6	0.00779	0.00582	0.00864	0.00864	0.00957	0.00675	0.00666	0.00965	0.00872	0.01256	0.01472	0.02205	0.01391	0.07510	0.75297	0.00861	0.01419	0.00593	0.00294	0.00480
7	0.01162	0.01108	0.01931	0.58763	0.03418	0.01281	0.15283	0.07476	0.01246	0.01625	0.01022	0.01445	0.00762	0.00538	0.00563	0.00181	0.00752	0.00515	0.00273	0.00656
8	0.02383	0.00909	0.01232	0.00950	0.01358	0.00788	0.00783	0.02596	0.01542	0.74479	0.02134	0.01863	0.01352	0.00673	0.00541	0.00167	0.00455	0.00546	0.04339	0.00909
9	0.00841	0.00601	0.00836	0.00962	0.01071	0.00596	0.00814	0.01065	0.01218	0.01590	0.02907	0.19020	0.03219	0.01541	0.00743	0.00246	0.00470	0.61266	0.00503	0.00492
10	0.00793	0.00529	0.00595	0.00595	0.00595	0.00529	0.00330	0.00793	0.00793	0.01057	0.01718	0.03568	0.01982	0.80840	0.02775	0.00529	0.00529	0.00793	0.00330	0.00330
11	0.02169	0.01373	0.01541	0.01181	0.01614	0.01462	0.00976	0.56842	0.02305	0.22580	0.01526	0.01450	0.01036	0.00660	0.00546	0.00165	0.00565	0.00506	0.00579	0.00927
12	0.00668	0.00482	0.00632	0.00744	0.00789	0.00447	0.00501	0.00772	0.01076	0.01430	0.06266	0.72881	0.07970	0.01664	0.00691	0.00217	0.00311	0.01503	0.00510	0.00447
13	0.01030	0.00969	0.01635	0.79530	0.03755	0.01211	0.01514	0.01393	0.01090	0.01393	0.00969	0.01453	0.00727	0.00545	0.00545	0.00182	0.00727	0.00484	0.00242	0.00606
14	0.01940	0.15684	0.01763	0.01326	0.01638	0.65912	0.01033	0.02086	0.01472	0.01326	0.00829	0.00965	0.00702	0.00546	0.00468	0.00136	0.00917	0.00341	0.00273	0.00643
15	0.01067	0.00900	0.01451	0.53001	0.08400	0.01043	0.01283	0.01373	0.01144	0.05902	0.01664	0.08726	0.07319	0.00755	0.00574	0.00186	0.00625	0.03651	0.00324	0.00613
16	0.38824	0.01619	0.01148	0.01014	0.01336	0.31074	0.00794	0.01968	0.01263	0.12851	0.01017	0.01091	0.00763	0.00555	0.00428	0.00157	0.00641	0.00359	0.02444	0.00653
17	0.30625	0.07646	0.01248	0.00970	0.01312	0.01403	0.00788	0.08590	0.37534	0.02357	0.01511	0.01475	0.01146	0.00628	0.00461	0.00172	0.00455	0.00467	0.00452	0.00760
18	0.04797	0.14031	0.36537	0.08008	0.03281	0.03642	0.01462	0.06554	0.05468	0.07553	0.01111	0.01235	0.00816	0.00543	0.00490	0.00161	0.00682	0.00415	0.00313	0.02899
19	0.04905	0.30391	0.31233	0.03666	0.01881	0.01516	0.04395	0.01782	0.01179	0.10795	0.01037	0.01148	0.00779	0.00514	0.00457	0.00150	0.00661	0.00387	0.00294	0.02829
20	0.02251	0.00923	0.01204	0.00937	0.01325	0.00833	0.00770	0.07913	0.01586	0.63423	0.02045	0.01836	0.01324	0.00669	0.00528	0.00163	0.00449	0.00539	0.10403	0.00879
21	0.01796	0.00823	0.01083	0.00886	0.01200	0.00750	0.00710	0.02130	0.07626	0.46315	0.27323	0.02614	0.02648	0.00828	0.00581	0.00171	0.00392	0.00701	0.00640	0.00784
22	0.01060	0.07632	0.01231	0.04694	0.12793	0.00879	0.00839	0.04441	0.04328	0.05904	0.07685	0.37577	0.02579	0.01167	0.00614	0.00193	0.00438	0.04879	0.00455	0.00610

[dist]
# distance from previous block
# <min> <max>
7	28

[block]
# block no. 8 follows, 44 sequences, length 19
# corresponding to MSA columns:
# 426-444
name=unknown_I
#
# <colnr> <probs for GDERKNQSTAVLIFYWHMCP>
#	G	D	E	R	K	N	Q	S	T	A	V	L	I	F	Y	W	H	M	C	P
0	0.01379	0.43396	0.10767	0.03115	0.01577	0.01692	0.03182	0.03644	0.11869	0.04722	0.01238	0.06881	0.01082	0.00628	0.00487	0.00150	0.02661	0.00476	0.00326	0.00727
1	0.01590	0.04815	0.03257	0.01243	0.07033	0.03248	0.00954	0.28930	0.13173	0.04010	0.01301	0.01350	0.00987	0.00568	0.00494	0.00140	0.00530	0.00447	0.00436	0.25493
2	0.02063	0.01815	0.01612	0.01295	0.01689	0.22387	0.01041	0.55871	0.02289	0.02871	0.01184	0.01221	0.00867	0.00630	0.00531	0.00157	0.00703	0.00453	0.00474	0.00848
3	0.02023	0.13718	0.01508	0.02794	0.01432	0.01051	0.00822	0.04261	0.03514	0.49142	0.03552	0.01650	0.01258	0.00619	0.00502	0.00151	0.00480	0.00491	0.00545	0.10487
4	0.00664	0.00474	0.00633	0.00759	0.00791	0.00443	0.00506	0.00759	0.01044	0.01392	0.03005	0.80485	0.03606	0.01708	0.00696	0.00221	0.00316	0.01550	0.00506	0.00443
5	0.00762	0.00516	0.00604	0.00634	0.00641	0.00508	0.00372	0.00785	0.00852	0.01136	0.02023	0.21795	0.02367	0.62088	0.02282	0.00456	0.00478	0.00972	0.00372	0.00357
6	0.01119	0.01060	0.01796	0.58318	0.24271	0.01235	0.01558	0.01471	0.01132	0.01501	0.00985	0.01424	0.00765	0.00529	0.00544	0.00176	0.00705	0.00485	0.00250	0.00677
7	0.01193	0.01193	0.01670	0.01431	0.01431	0.01670	0.01193	0.01312	0.00835	0.01312	0.00716	0.01193	0.00716	0.00954	0.01789	0.00239	0.79843	0.00477	0.00239	0.00596
8	0.01093	0.02820	0.78016	0.01554	0.02360	0.01266	0.02014	0.01727	0.01151	0.01727	0.00978	0.01151	0.00691	0.00518	0.00518	0.00173	0.00806	0.00403	0.00230	0.00806
9	0.00729	0.00552	0.00672	0.00649	0.00790	0.00495	0.00484	0.00943	0.01432	0.01938	0.52524	0.07798	0.26561	0.01220	0.00646	0.00177	0.00265	0.01060	0.00568	0.00495
10	0.02446	0.00928	0.01265	0.00970	0.01392	0.00801	0.00801	0.02657	0.01560	0.77817	0.02151	0.01856	0.01350	0.00675	0.00548	0.00169	0.00464	0.00548	0.00675	0.00928
11	0.00782	0.00570	0.00803	0.00803	0.00875	0.00642	0.00590	0.00926	0.00854	0.01211	0.01527	0.02513	0.01524	0.24066	0.58923	0.00786	0.01218	0.00638	0.00302	0.00446
12	0.00772	0.00557	0.00729	0.00686	0.00814	0.00514	0.00514	0.01029	0.01543	0.02186	0.77152	0.04072	0.05144	0.01115	0.00643	0.00171	0.00257	0.00986	0.00600	0.00514
13	0.00786	0.00571	0.00778	0.00886	0.00959	0.00572	0.00692	0.00949	0.01123	0.01484	0.02818	0.40347	0.03224	0.05080	0.00850	0.00249	0.03035	0.34639	0.00488	0.00470
14	0.84691	0.01054	0.00801	0.00717	0.01054	0.01223	0.00590	0.01603	0.00928	0.02446	0.00759	0.00886	0.00590	0.00506	0.00337	0.00169	0.00422	0.00295	0.00337	0.00590
15	0.01274	0.01562	0.08274	0.02247	0.02816	0.01371	0.70494	0.01745	0.01278	0.01745	0.01095	0.01449	0.00818	0.00464	0.00635	0.00183	0.00911	0.00627	0.00273	0.00740
16	0.00870	0.00587	0.00810	0.00918	0.01024	0.00571	0.00747	0.01065	0.01195	0.04704	0.02897	0.31590	0.03225	0.01541	0.00725	0.00237	0.00436	0.45849	0.00511	0.00499
17	0.07013	0.01606	0.23613	0.01518	0.02050	0.01114	0.25945	0.01795	0.01294	0.15891	0.07906	0.01804	0.04691	0.00616	0.00569	0.00176	0.00684	0.00586	0.00379	0.00750
18	0.01581	0.01969	0.06762	0.15740	0.02048	0.40298	0.01237	0.01790	0.01260	0.01366	0.00844	0.01132	0.00709	0.00652	0.00822	0.00174	0.20314	0.00410	0.00260	0.00630

[dist]
# distance from previous block
# <min> <max>
0	2

[block]
# block no. 9 follows, 44 sequences, length 32
# corresponding to MSA columns:
# 447-478
name=unknown_J
#
# <colnr> <probs for GDERKNQSTAVLIFYWHMCP>
#	G	D	E	R	K	N	Q	S	T	A	V	L	I	F	Y	W	H	M	C	P
0	0.03473	0.04160	0.04305	0.03796	0.01409	0.03332	0.00758	0.03917	0.01221	0.01838	0.07599	0.01384	0.01168	0.00494	0.00438	0.00105	0.00452	0.00395	0.00344	0.59414
1	0.01322	0.11854	0.10521	0.00893	0.01233	0.00928	0.00824	0.03769	0.01429	0.18332	0.30900	0.02574	0.04975	0.00810	0.00545	0.00159	0.00427	0.00674	0.04848	0.02982
2	0.13168	0.01166	0.01242	0.01042	0.01379	0.01281	0.00833	0.27382	0.23333	0.10288	0.05109	0.08319	0.01550	0.00770	0.00537	0.00176	0.00474	0.00617	0.00532	0.00803
3	0.00895	0.00675	0.03869	0.00760	0.00926	0.00570	0.00597	0.01155	0.03405	0.07669	0.45360	0.20281	0.09345	0.01194	0.00640	0.00183	0.00314	0.01053	0.00563	0.00548
4	0.01208	0.09782	0.12007	0.01012	0.01529	0.01031	0.04015	0.05433	0.01208	0.01792	0.00984	0.01156	0.00801	0.00536	0.02427	0.00126	0.00537	0.00360	0.00310	0.53748
5	0.02003	0.00868	0.01179	0.00953	0.01294	0.00808	0.00776	0.05774	0.01460	0.54736	0.04754	0.01974	0.01473	0.01433	0.17547	0.00322	0.00680	0.00570	0.00582	0.00816
6	0.00664	0.00474	0.00633	0.00759	0.00791	0.00443	0.00506	0.00759	0.01044	0.01392	0.03005	0.80485	0.03606	0.01708	0.00696	0.00221	0.00316	0.01550	0.00506	0.00443
7	0.04343	0.01501	0.20107	0.03525	0.31466	0.01143	0.01402	0.03040	0.07488	0.04350	0.14520	0.01836	0.01644	0.00636	0.00547	0.00169	0.00586	0.00559	0.00362	0.00776
8	0.01420	0.02718	0.18129	0.05340	0.21934	0.01135	0.04435	0.04601	0.07020	0.14653	0.04527	0.04425	0.01321	0.00658	0.00553	0.00173	0.00605	0.03165	0.02394	0.00795
9	0.01349	0.00902	0.01054	0.00886	0.01137	0.00924	0.00700	0.25867	0.01843	0.08526	0.39113	0.04674	0.03152	0.00908	0.00586	0.00167	0.00388	0.00768	0.06375	0.00681
10	0.00671	0.00479	0.00640	0.00767	0.00801	0.00448	0.00517	0.00770	0.01050	0.01399	0.03001	0.78216	0.03591	0.01702	0.00698	0.00222	0.00322	0.03754	0.00506	0.00445
11	0.01037	0.01115	0.12336	0.23588	0.10480	0.00945	0.01190	0.03516	0.01221	0.04479	0.07208	0.17375	0.06115	0.00924	0.00597	0.00189	0.00562	0.06115	0.00379	0.00631
12	0.01399	0.41151	0.02183	0.24920	0.02129	0.13703	0.01105	0.01629	0.01172	0.01356	0.00878	0.01116	0.00737	0.00512	0.00433	0.00141	0.00675	0.00369	0.03740	0.00652
13	0.06918	0.07478	0.18477	0.04652	0.12795	0.01204	0.04612	0.01726	0.10516	0.05794	0.08957	0.06923	0.01518	0.00700	0.00588	0.00174	0.04096	0.00585	0.00367	0.01921
14	0.05351	0.17259	0.03703	0.04419	0.03841	0.04710	0.00965	0.17365	0.16644	0.09120	0.01450	0.04608	0.01146	0.00664	0.00538	0.00163	0.03232	0.00507	0.03539	0.00776
15	0.01093	0.02466	0.62235	0.01597	0.02313	0.01223	0.11430	0.01667	0.01168	0.01712	0.01150	0.04587	0.00920	0.00596	0.00550	0.00179	0.00789	0.03297	0.00258	0.00770
16	0.01193	0.01193	0.01670	0.01431	0.01431	0.01670	0.01193	0.01312	0.00835	0.01312	0.00716	0.01193	0.00716	0.00954	0.01789	0.00239	0.79843	0.00477	0.00239	0.00596
17	0.01235	0.01148	0.08865	0.33905	0.06594	0.01052	0.02733	0.01567	0.01169	0.10117	0.01208	0.01610	0.00941	0.00581	0.00560	0.00162	0.03137	0.03521	0.03153	0.16743
18	0.00856	0.00610	0.00824	0.00927	0.01038	0.00606	0.00782	0.01067	0.01190	0.01545	0.02844	0.05751	0.06322	0.12486	0.01028	0.00286	0.00495	0.60386	0.00478	0.00476
19	0.00888	0.00583	0.00766	0.00706	0.00855	0.00534	0.00534	0.01142	0.01544	0.07445	0.71937	0.03918	0.04880	0.01084	0.00636	0.00171	0.00272	0.00956	0.00605	0.00543
20	0.01030	0.00969	0.01635	0.79530	0.03755	0.01211	0.01514	0.01393	0.01090	0.01393	0.00969	0.01453	0.00727	0.00545	0.00545	0.00182	0.00727	0.00484	0.00242	0.00606
21	0.01193	0.01193	0.01670	0.01431	0.01431	0.01670	0.01193	0.01312	0.00835	0.01312	0.00716	0.01193	0.00716	0.00954	0.01789	0.00239	0.79843	0.00477	0.00239	0.00596
22	0.01093	0.02820	0.78016	0.01554	0.02360	0.01266	0.02014	0.01727	0.01151	0.01727	0.00978	0.01151	0.00691	0.00518	0.00518	0.00173	0.00806	0.00403	0.00230	0.00806
23	0.02375	0.01042	0.01336	0.01024	0.01448	0.00970	0.00846	0.16506	0.01751	0.63699	0.01991	0.01752	0.01269	0.00671	0.00548	0.00168	0.00490	0.00537	0.00650	0.00928
24	0.02347	0.00899	0.01213	0.00938	0.01339	0.00781	0.00772	0.02560	0.01531	0.72548	0.02125	0.01868	0.01353	0.00672	0.00537	0.00166	0.00449	0.00545	0.06459	0.00899
25	0.01093	0.02820	0.78016	0.01554	0.02360	0.01266	0.02014	0.01727	0.01151	0.01727	0.00978	0.01151	0.00691	0.00518	0.00518	0.00173	0.00806	0.00403	0.00230	0.00806
26	0.02446	0.00928	0.01265	0.00970	0.01392	0.00801	0.00801	0.02657	0.01560	0.77817	0.02151	0.01856	0.01350	0.00675	0.00548	0.00169	0.00464	0.00548	0.00675	0.00928
27	0.00751	0.00506	0.00662	0.00749	0.00816	0.00465	0.00514	0.00865	0.01116	0.04903	0.08295	0.66434	0.08686	0.01598	0.00682	0.00213	0.00316	0.01438	0.00520	0.00471
28	0.84691	0.01054	0.00801	0.00717	0.01054	0.01223	0.00590	0.01603	0.00928	0.02446	0.00759	0.00886	0.00590	0.00506	0.00337	0.00169	0.00422	0.00295	0.00337	0.00590
29	0.02435	0.00945	0.01276	0.00978	0.01400	0.00827	0.00808	0.04750	0.01589	0.75683	0.02127	0.01840	0.01337	0.00674	0.00548	0.00169	0.00468	0.00547	0.00671	0.00928
30	0.00657	0.00546	0.00575	0.00581	0.00748	0.00464	0.00431	0.00802	0.01253	0.01530	0.11714	0.11427	0.64628	0.01384	0.00649	0.00186	0.00278	0.01169	0.00515	0.00464
31	0.52572	0.12095	0.17252	0.00933	0.01377	0.01332	0.00946	0.01613	0.01012	0.02106	0.00894	0.01160	0.00732	0.00545	0.00394	0.00166	0.00527	0.03389	0.00308	0.00646

[dist]
# distance from previous block
# <min> <max>
0	5

[block]
# block no. 10 follows, 44 sequences, length 34
# corresponding to MSA columns:
# 484-498,501-519
name=unknown_K
#
# <colnr> <probs for GDERKNQSTAVLIFYWHMCP>
#	G	D	E	R	K	N	Q	S	T	A	V	L	I	F	Y	W	H	M	C	P
0	0.14758	0.00968	0.01039	0.00926	0.01169	0.01072	0.00709	0.08146	0.31956	0.01989	0.01470	0.01630	0.01174	0.01015	0.00973	0.24755	0.00455	0.00497	0.00414	0.04885
1	0.03313	0.06915	0.18626	0.02901	0.03555	0.05128	0.05698	0.08655	0.08186	0.10686	0.01400	0.01468	0.03664	0.00572	0.00502	0.00150	0.00603	0.00464	0.00377	0.17136
2	0.01233	0.06328	0.46924	0.08172	0.02247	0.01304	0.05372	0.01937	0.13575	0.05873	0.01240	0.01362	0.00897	0.00560	0.00526	0.00173	0.00713	0.00459	0.00311	0.00795
3	0.01316	0.00622	0.00723	0.00645	0.00852	0.00578	0.00502	0.01547	0.01295	0.21020	0.09147	0.02497	0.09330	0.00764	0.00473	0.00147	0.00309	0.00626	0.46998	0.00609
4	0.01240	0.02434	0.62727	0.01443	0.02163	0.01167	0.03365	0.01790	0.01209	0.11089	0.01373	0.01468	0.04939	0.00583	0.00531	0.00173	0.00737	0.00467	0.00301	0.00800
5	0.10233	0.10121	0.20960	0.01256	0.07093	0.01174	0.01156	0.04538	0.02983	0.24911	0.01380	0.03306	0.01005	0.00587	0.00489	0.00158	0.00568	0.00460	0.00412	0.07211
6	0.00722	0.00573	0.00654	0.00663	0.00812	0.00520	0.00493	0.00955	0.04929	0.01684	0.22962	0.17200	0.40648	0.01341	0.00652	0.00189	0.00293	0.03685	0.00532	0.00492
7	0.00664	0.00474	0.00633	0.00759	0.00791	0.00443	0.00506	0.00759	0.01044	0.01392	0.03005	0.80485	0.03606	0.01708	0.00696	0.00221	0.00316	0.01550	0.00506	0.00443
8	0.03756	0.01375	0.09876	0.12611	0.25849	0.01257	0.08348	0.07340	0.10178	0.12003	0.01323	0.01486	0.00979	0.00563	0.00546	0.00172	0.00641	0.00510	0.00372	0.00816
9	0.01167	0.03011	0.18047	0.12213	0.06401	0.02316	0.07741	0.04783	0.09785	0.04247	0.11981	0.02224	0.08361	0.00742	0.00607	0.00178	0.02944	0.02165	0.00384	0.00703
