[name]
unknown

[dist]
# distance from previous block
# <min> <max>
0	707

[block]
# block no. 0 follows, 44 sequences, length 7
# corresponding to MSA columns:
# 752-758
name=unknown_A
#
# <colnr> <probs for GDERKNQSTAVLIFYWHMCP>
#	G	D	E	R	K	N	Q	S	T	A	V	L	I	F	Y	W	H	M	C	P
0	0.01385	0.11676	0.21962	0.01332	0.06854	0.05490	0.01230	0.11479	0.01441	0.07768	0.12603	0.01978	0.01622	0.00723	0.00608	0.00170	0.05020	0.05532	0.00387	0.00736
1	0.01386	0.01273	0.04885	0.01398	0.04808	0.06431	0.16730	0.11111	0.14815	0.07478	0.14622	0.04700	0.04299	0.00769	0.00593	0.00177	0.00585	0.02744	0.00462	0.00735
2	0.00887	0.00635	0.00773	0.00754	0.00850	0.00663	0.00533	0.01172	0.12284	0.01480	0.13755	0.03194	0.06793	0.27528	0.11720	0.11530	0.00570	0.04010	0.00407	0.00462
3	0.01269	0.04074	0.06610	0.01452	0.11525	0.08567	0.06581	0.13849	0.01422	0.01858	0.04748	0.19577	0.08289	0.00934	0.00678	0.00182	0.06526	0.00790	0.00398	0.00669
4	0.08032	0.01768	0.01589	0.01445	0.06777	0.27625	0.01085	0.24751	0.01647	0.02097	0.00967	0.01146	0.00778	0.00663	0.00769	0.00172	0.17176	0.00426	0.00358	0.00729
5	0.01117	0.01119	0.00912	0.00845	0.01067	0.18737	0.00638	0.07685	0.01425	0.01655	0.07696	0.10175	0.40052	0.01110	0.00597	0.00171	0.00475	0.00906	0.00457	0.03162
6	0.32635	0.00808	0.00877	0.07502	0.01213	0.00869	0.00660	0.01389	0.01191	0.08703	0.23382	0.08117	0.04512	0.01012	0.04773	0.00214	0.00448	0.00669	0.00450	0.00579

[dist]
# distance from previous block
# <min> <max>
4	6

[block]
# block no. 1 follows, 44 sequences, length 9
# corresponding to MSA columns:
# 767-775
name=unknown_B
#
# <colnr> <probs for GDERKNQSTAVLIFYWHMCP>
#	G	D	E	R	K	N	Q	S	T	A	V	L	I	F	Y	W	H	M	C	P
0	0.03973	0.01408	0.04677	0.07341	0.01731	0.04952	0.01021	0.44049	0.07055	0.06941	0.09893	0.01677	0.01430	0.00691	0.00548	0.00167	0.00574	0.00542	0.00504	0.00823
1	0.01236	0.05910	0.01256	0.00993	0.01232	0.08823	0.06578	0.06358	0.04309	0.09201	0.32703	0.14147	0.03076	0.00967	0.00598	0.00173	0.00462	0.00846	0.00507	0.00625
2	0.84691	0.01054	0.00801	0.00717	0.01054	0.01223	0.00590	0.01603	0.00928	0.02446	0.00759	0.00886	0.00590	0.00506	0.00337	0.00169	0.00422	0.00295	0.00337	0.00590
3	0.01320	0.01130	0.01491	0.01332	0.06525	0.03852	0.09295	0.11035	0.19460	0.04931	0.22539	0.02268	0.02246	0.00799	0.00717	0.00180	0.09004	0.00671	0.00477	0.00725
4	0.00809	0.00527	0.00685	0.00762	0.00818	0.00501	0.00526	0.00907	0.01041	0.05318	0.02671	0.51514	0.03087	0.18608	0.01141	0.00288	0.00390	0.09481	0.00477	0.00451
5	0.01351	0.01241	0.05020	0.01417	0.10063	0.06264	0.09397	0.14940	0.10258	0.04767	0.26632	0.02326	0.02388	0.00765	0.00585	0.00170	0.00538	0.00676	0.00475	0.00728
6	0.00907	0.00608	0.00730	0.00750	0.00863	0.00598	0.00534	0.01197	0.09622	0.05785	0.09531	0.33835	0.08761	0.12190	0.00920	0.00241	0.00359	0.03744	0.08309	0.00518
7	0.09171	0.10578	0.07995	0.01156	0.01566	0.11253	0.01008	0.21664	0.19920	0.08277	0.01399	0.01387	0.01036	0.00619	0.00498	0.00162	0.00596	0.00461	0.00444	0.00808
8	0.11340	0.07727	0.13895	0.05316	0.01612	0.01089	0.00995	0.04443	0.04174	0.20087	0.01294	0.01360	0.00941	0.00689	0.03761	0.00176	0.00571	0.00421	0.00398	0.19710

[dist]
# distance from previous block
# <min> <max>
0	1

[block]
# block no. 2 follows, 44 sequences, length 9
# corresponding to MSA columns:
# 777-785
name=unknown_C
#
# <colnr> <probs for GDERKNQSTAVLIFYWHMCP>
#	G	D	E	R	K	N	Q	S	T	A	V	L	I	F	Y	W	H	M	C	P
0	0.01687	0.22219	0.07475	0.01571	0.14910	0.09643	0.01190	0.23876	0.01622	0.05392	0.01053	0.01177	0.00825	0.00572	0.00547	0.00153	0.04510	0.00420	0.00357	0.00802
1	0.56253	0.01239	0.07729	0.04425	0.01382	0.01245	0.00821	0.06432	0.08015	0.06512	0.01032	0.01119	0.00767	0.00549	0.00407	0.00171	0.00484	0.00369	0.00375	0.00675
2	0.00882	0.00560	0.00683	0.00711	0.00847	0.00494	0.00510	0.01007	0.01181	0.11079	0.03812	0.43196	0.30081	0.01458	0.00658	0.00201	0.00320	0.01278	0.00527	0.00510
3	0.01389	0.01059	0.05277	0.04280	0.01476	0.04478	0.06647	0.06004	0.11190	0.18390	0.06331	0.20742	0.04869	0.00981	0.00606	0.00188	0.00504	0.04389	0.00503	0.00696
4	0.00926	0.00487	0.00731	0.00731	0.00744	0.00500	0.00500	0.00744	0.00731	0.00987	0.01012	0.01718	0.01000	0.02171	0.11805	0.73616	0.00598	0.00487	0.00244	0.00268
5	0.01284	0.01095	0.01632	0.27680	0.24639	0.01212	0.01297	0.04720	0.17349	0.05798	0.01467	0.06921	0.01204	0.00659	0.00556	0.00178	0.00594	0.00589	0.00370	0.00755
6	0.11358	0.01248	0.01351	0.06366	0.01587	0.01360	0.00900	0.45184	0.01965	0.05444	0.01288	0.01368	0.00941	0.00611	0.00491	0.00155	0.00526	0.00461	0.11020	0.06376
7	0.01464	0.09745	0.01555	0.29895	0.02243	0.01221	0.01075	0.11588	0.06488	0.15465	0.01564	0.05764	0.03910	0.00672	0.00529	0.00167	0.00572	0.00557	0.00408	0.05118
8	0.04953	0.08946	0.06336	0.04024	0.01578	0.01321	0.05117	0.27865	0.07950	0.04972	0.05336	0.05421	0.04847	0.05144	0.00669	0.00191	0.00556	0.03581	0.00451	0.00743

[dist]
# distance from previous block
# <min> <max>
1	12

[block]
# block no. 3 follows, 44 sequences, length 26
# corresponding to MSA columns:
# 798-823
name=unknown_D
#
# <colnr> <probs for GDERKNQSTAVLIFYWHMCP>
#	G	D	E	R	K	N	Q	S	T	A	V	L	I	F	Y	W	H	M	C	P
0	0.05312	0.01315	0.06348	0.01659	0.08500	0.01235	0.25218	0.06091	0.18607	0.12377	0.06406	0.01756	0.01359	0.00614	0.00574	0.00177	0.00632	0.00595	0.00429	0.00795
1	0.01176	0.01007	0.01653	0.09166	0.39655	0.01009	0.03891	0.01442	0.01214	0.05884	0.06553	0.12553	0.05577	0.03494	0.03143	0.00209	0.00587	0.00719	0.00358	0.00709
2	0.01325	0.01204	0.01585	0.12260	0.27560	0.06187	0.01183	0.09399	0.14929	0.01969	0.10491	0.01915	0.01567	0.05254	0.00682	0.00190	0.00582	0.00579	0.00390	0.00748
3	0.00883	0.00628	0.00766	0.00750	0.00897	0.00611	0.00554	0.01207	0.09592	0.05973	0.26121	0.20464	0.17692	0.04328	0.06768	0.00254	0.00408	0.01037	0.00527	0.00541
4	0.01520	0.01053	0.01512	0.01366	0.09611	0.01003	0.09971	0.06866	0.12452	0.20208	0.02980	0.11690	0.01508	0.00729	0.00555	0.00163	0.00511	0.00655	0.00473	0.15173
5	0.06213	0.01042	0.01442	0.04059	0.24637	0.01002	0.01013	0.06441	0.04022	0.13599	0.04989	0.01742	0.05382	0.00677	0.00601	0.04718	0.00502	0.00517	0.00400	0.17000
6	0.13290	0.26882	0.12978	0.01374	0.12596	0.04834	0.01120	0.06886	0.01262	0.05781	0.03163	0.05490	0.01037	0.00596	0.00457	0.00153	0.00591	0.00454	0.00325	0.00730
7	0.05337	0.34311	0.10108	0.01436	0.13536	0.06636	0.01143	0.09603	0.04576	0.03842	0.01076	0.04193	0.00916	0.00568	0.00455	0.00147	0.00617	0.00429	0.00316	0.00755
8	0.00792	0.00567	0.00649	0.00637	0.00804	0.00492	0.00474	0.00956	0.01303	0.06563	0.21000	0.15005	0.46150	0.01320	0.00645	0.00185	0.00290	0.01129	0.00538	0.00500
9	0.01193	0.06164	0.06206	0.01247	0.12674	0.00935	0.00891	0.07143	0.04731	0.08970	0.34245	0.06211	0.05389	0.00883	0.00583	0.00169	0.00429	0.00764	0.00496	0.00677
10	0.10420	0.05379	0.01612	0.08372	0.03906	0.01381	0.06764	0.16567	0.13930	0.11414	0.01356	0.01474	0.01017	0.00784	0.03696	0.00206	0.10034	0.00501	0.00422	0.00767
11	0.06494	0.00779	0.01024	0.00896	0.01176	0.00711	0.00718	0.01905	0.01383	0.43016	0.08148	0.17993	0.02269	0.01007	0.00598	0.00190	0.00421	0.09951	0.00595	0.00727
12	0.06539	0.01188	0.11062	0.01158	0.04610	0.05013	0.03789	0.04788	0.08741	0.06071	0.01895	0.28141	0.01925	0.07207	0.00823	0.00219	0.04923	0.00860	0.00416	0.00630
13	0.00931	0.00484	0.00726	0.00726	0.00735	0.00493	0.00493	0.00735	0.00726	0.00977	0.00995	0.01702	0.00986	0.02098	0.09242	0.76403	0.00565	0.00484	0.00242	0.00260
14	0.01527	0.01117	0.01212	0.01029	0.01347	0.01226	0.00817	0.21508	0.35953	0.08741	0.06460	0.02155	0.06516	0.00767	0.00549	0.00173	0.00444	0.00625	0.07023	0.00811
15	0.01144	0.00954	0.06124	0.01109	0.07144	0.00781	0.04846	0.01490	0.05667	0.11031	0.26733	0.06988	0.08211	0.00852	0.00574	0.00161	0.00423	0.00750	0.00481	0.14538
16	0.00897	0.00575	0.00708	0.00689	0.00787	0.00560	0.00487	0.01028	0.01094	0.06403	0.16875	0.03651	0.10125	0.33357	0.10767	0.00402	0.00541	0.05790	0.04807	0.00458
17	0.76662	0.01042	0.00847	0.00742	0.01087	0.01182	0.00611	0.01705	0.00990	0.09805	0.00895	0.00980	0.00665	0.00523	0.00358	0.00169	0.00426	0.00320	0.00370	0.00623
18	0.01384	0.04005	0.04618	0.22350	0.26311	0.01143	0.01295	0.03715	0.01252	0.11736	0.01145	0.01377	0.00871	0.00516	0.00510	0.00152	0.00601	0.00454	0.00331	0.16235
19	0.06689	0.01148	0.01459	0.07780	0.23258	0.08143	0.01123	0.10443	0.01319	0.01813	0.01380	0.02185	0.01269	0.01305	0.12821	0.04035	0.00760	0.12055	0.00345	0.00669
20	0.21767	0.01137	0.02379	0.01072	0.01430	0.04866	0.09511	0.08107	0.05617	0.24605	0.01500	0.01675	0.01117	0.06826	0.00671	0.00196	0.00541	0.01252	0.05000	0.00730
21	0.01303	0.01105	0.01473	0.01254	0.01405	0.06530	0.06717	0.01546	0.04975	0.10574	0.01227	0.01666	0.01063	0.05919	0.18630	0.00375	0.32744	0.00538	0.00330	0.00624
22	0.00825	0.00695	0.00933	0.00928	0.00972	0.00803	0.00696	0.00947	0.01050	0.01456	0.10082	0.44175	0.08643	0.01406	0.01000	0.00218	0.23082	0.01154	0.00439	0.00495
23	0.01004	0.00836	0.01365	0.44916	0.02589	0.00946	0.05010	0.01284	0.01144	0.05695	0.05263	0.20536	0.05409	0.00891	0.00596	0.00190	0.00581	0.00805	0.00360	0.00580
24	0.00903	0.00750	0.01093	0.01429	0.22714	0.00720	0.00806	0.01099	0.01226	0.01677	0.21927	0.16668	0.13804	0.11686	0.00906	0.00227	0.00418	0.00939	0.00440	0.00570
25	0.04232	0.00820	0.01013	0.00902	0.01083	0.03001	0.05875	0.05588	0.11066	0.01944	0.30786	0.12672	0.04375	0.13103	0.00939	0.00233	0.00422	0.00884	0.00495	0.00567

[dist]
# distance from previous block
# <min> <max>
5	45

[block]
# block no. 4 follows, 44 sequences, length 11
# corresponding to MSA columns:
# 869-879
name=unknown_E
#
# <colnr> <probs for GDERKNQSTAVLIFYWHMCP>
#	G	D	E	R	K	N	Q	S	T	A	V	L	I	F	Y	W	H	M	C	P
0	0.01071	0.01088	0.14400	0.00994	0.01286	0.00836	0.00902	0.01529	0.11981	0.08878	0.09599	0.15679	0.02040	0.01764	0.21070	0.00363	0.00731	0.00750	0.00426	0.04614
1	0.00856	0.00683	0.03193	0.06982	0.01161	0.00639	0.00710	0.01096	0.01345	0.04057	0.41714	0.18230	0.03884	0.01189	0.00691	0.00193	0.03103	0.09221	0.00522	0.00530
2	0.01003	0.00927	0.01542	0.71401	0.03452	0.01139	0.01411	0.01355	0.01137	0.01475	0.08823	0.01723	0.01182	0.00604	0.00555	0.00181	0.00678	0.00536	0.00279	0.00596
3	0.00778	0.00516	0.00604	0.00631	0.00654	0.00506	0.00384	0.00830	0.00912	0.01258	0.05568	0.21429	0.02468	0.52893	0.02018	0.00411	0.00447	0.00958	0.06359	0.00378
4	0.01488	0.52885	0.02285	0.00987	0.01404	0.01840	0.00904	0.02065	0.23178	0.06229	0.01270	0.01273	0.01021	0.00559	0.00422	0.00140	0.00531	0.00402	0.00354	0.00761
5	0.72924	0.01156	0.01079	0.00906	0.01264	0.04207	0.08327	0.01639	0.00988	0.02331	0.00798	0.00950	0.00619	0.00503	0.00375	0.00169	0.00495	0.00333	0.00329	0.00607
6	0.00747	0.00509	0.00608	0.00653	0.00664	0.00498	0.00392	0.00781	0.00881	0.01175	0.02173	0.30748	0.02556	0.52877	0.02040	0.00420	0.00454	0.01060	0.00392	0.00370
7	0.01422	0.01230	0.01754	0.03989	0.40661	0.03344	0.01265	0.11534	0.05027	0.04991	0.01293	0.07018	0.01111	0.00607	0.00532	0.00156	0.00577	0.00545	0.00360	0.12584
8	0.05459	0.01075	0.02995	0.20903	0.14749	0.01084	0.07088	0.01921	0.07975	0.22326	0.04758	0.01822	0.04155	0.00634	0.00551	0.00174	0.00582	0.00563	0.00424	0.00763
9	0.04138	0.01295	0.02890	0.06154	0.11604	0.03136	0.09838	0.17091	0.19003	0.11967	0.02666	0.01594	0.01159	0.00629	0.00587	0.00173	0.02971	0.00538	0.00450	0.02116
10	0.01500	0.49747	0.16327	0.01160	0.01679	0.05548	0.04682	0.07529	0.01278	0.04743	0.00920	0.01033	0.00749	0.00503	0.00425	0.00137	0.00655	0.00358	0.00280	0.00745

[dist]
# distance from previous block
# <min> <max>
0	2

[block]
# block no. 5 follows, 44 sequences, length 9
# corresponding to MSA columns:
# 882-890
name=unknown_F
#
# <colnr> <probs for GDERKNQSTAVLIFYWHMCP>
#	G	D	E	R	K	N	Q	S	T	A	V	L	I	F	Y	W	H	M	C	P
0	0.00824	0.00769	0.05176	0.05950	0.03663	0.00711	0.00722	0.01026	0.01144	0.01555	0.20073	0.05947	0.18462	0.12639	0.13966	0.00347	0.05269	0.00835	0.00412	0.00509
1	0.01510	0.39066	0.21576	0.01147	0.01680	0.01615	0.03324	0.03951	0.04557	0.13323	0.02789	0.01246	0.00947	0.00543	0.00453	0.00146	0.00618	0.00405	0.00333	0.00772
2	0.01284	0.05806	0.04955	0.05688	0.05460	0.01093	0.12990	0.04138	0.16534	0.10428	0.07840	0.13483	0.04526	0.00845	0.00588	0.00182	0.00538	0.02457	0.00451	0.00714
3	0.00702	0.00518	0.00649	0.00715	0.00798	0.00477	0.00507	0.00839	0.01169	0.01541	0.15953	0.42986	0.18112	0.05990	0.00798	0.00225	0.00324	0.06727	0.00512	0.00456
4	0.01450	0.01299	0.06448	0.17724	0.33916	0.01253	0.07605	0.06797	0.05106	0.11190	0.01235	0.01462	0.00927	0.00545	0.00550	0.00170	0.00659	0.00508	0.00345	0.00810
5	0.03751	0.04781	0.13573	0.03578	0.16318	0.01342	0.03794	0.15025	0.10499	0.10226	0.01325	0.02695	0.01010	0.00621	0.00614	0.00170	0.06028	0.00499	0.00394	0.03756
6	0.01313	0.03684	0.03682	0.01037	0.01239	0.04437	0.03176	0.03121	0.04274	0.14013	0.10067	0.02179	0.04748	0.08436	0.07532	0.00272	0.18609	0.00611	0.06939	0.00629
7	0.01003	0.00650	0.00799	0.00764	0.00886	0.00634	0.00542	0.08325	0.01320	0.07724	0.24165	0.25991	0.03232	0.20104	0.01147	0.00270	0.00389	0.01023	0.00509	0.00522
8	0.01221	0.03218	0.19052	0.10471	0.09783	0.01117	0.10970	0.05946	0.03739	0.06048	0.01495	0.12546	0.01347	0.00740	0.00569	0.00177	0.00637	0.04299	0.00354	0.06272

[dist]
# distance from previous block
# <min> <max>
0	1

[block]
# block no. 6 follows, 44 sequences, length 6
# corresponding to MSA columns:
# 892-897
name=unknown_G
#
# <colnr> <probs for GDERKNQSTAVLIFYWHMCP>
#	G	D	E	R	K	N	Q	S	T	A	V	L	I	F	Y	W	H	M	C	P
0	0.01503	0.01551	0.04759	0.06161	0.10744	0.20857	0.03187	0.12479	0.06136	0.03629	0.01342	0.04733	0.02917	0.04929	0.05511	0.00232	0.07739	0.00543	0.00354	0.00694
1	0.00956	0.00720	0.00895	0.04148	0.01047	0.00786	0.00630	0.08719	0.05671	0.01571	0.06388	0.13213	0.04634	0.26625	0.18353	0.00446	0.03484	0.00807	0.00397	0.00510
2	0.30332	0.24042	0.01588	0.00994	0.03831	0.04236	0.00811	0.12311	0.05084	0.02078	0.01155	0.09219	0.01048	0.00653	0.00431	0.00158	0.00511	0.00476	0.00362	0.00680
3	0.00878	0.00732	0.01059	0.23927	0.05136	0.00786	0.00870	0.01206	0.05803	0.01734	0.27140	0.17457	0.09081	0.01030	0.00614	0.00185	0.00435	0.00913	0.00452	0.00560
4	0.01377	0.14323	0.30392	0.01507	0.11228	0.01394	0.01402	0.10668	0.07692	0.04795	0.01137	0.01250	0.00861	0.00535	0.00490	0.00153	0.00641	0.00422	0.00327	0.09407
5	0.00754	0.00654	0.04167	0.00804	0.00941	0.00530	0.00616	0.00913	0.01112	0.01505	0.05682	0.52881	0.09047	0.01453	0.00657	0.00203	0.00359	0.08150	0.00478	0.09093

[dist]
# distance from previous block
# <min> <max>
0	34

[block]
# block no. 7 follows, 44 sequences, length 20
# corresponding to MSA columns:
# 932-951
name=unknown_H
#
# <colnr> <probs for GDERKNQSTAVLIFYWHMCP>
#	G	D	E	R	K	N	Q	S	T	A	V	L	I	F	Y	W	H	M	C	P
0	0.04316	0.01709	0.33789	0.01310	0.06363	0.01051	0.01307	0.06168	0.01328	0.06136	0.17867	0.05053	0.01853	0.00721	0.00590	0.00170	0.03492	0.00590	0.00379	0.05808
1	0.01326	0.12177	0.09907	0.16753	0.23386	0.06195	0.12477	0.01666	0.01224	0.04537	0.01179	0.01489	0.03088	0.00548	0.00532	0.00165	0.00711	0.01618	0.00283	0.00738
2	0.05690	0.03182	0.30839	0.04377	0.01840	0.01243	0.05874	0.01545	0.06215	0.01638	0.01288	0.11819	0.01179	0.00908	0.03675	0.00219	0.16885	0.00602	0.00302	0.00681
3	0.04493	0.04555	0.06138	0.12926	0.31811	0.09421	0.07205	0.08714	0.01378	0.03276	0.04183	0.01407	0.00991	0.00547	0.00533	0.00164	0.00689	0.00487	0.00314	0.00767
4	0.00792	0.00577	0.00747	0.00764	0.00883	0.00536	0.00578	0.00984	0.01269	0.01743	0.31247	0.20738	0.06154	0.08751	0.00862	0.00227	0.00357	0.16560	0.00513	0.05716
5	0.08515	0.04360	0.01346	0.01034	0.01394	0.09242	0.00842	0.27025	0.01807	0.23327	0.09626	0.01713	0.01465	0.00680	0.00518	0.00160	0.00532	0.00523	0.05100	0.00794
6	0.01811	0.01119	0.01298	0.01052	0.01406	0.01147	0.00842	0.32733	0.07546	0.22786	0.01881	0.15456	0.01561	0.00836	0.00565	0.00172	0.00488	0.00692	0.00560	0.06050
7	0.16451	0.05228	0.01369	0.10503	0.01666	0.01208	0.00902	0.18166	0.05629	0.28604	0.01572	0.02980	0.02086	0.00646	0.00504	0.00169	0.00517	0.00501	0.00500	0.00799
8	0.75722	0.09687	0.01023	0.00740	0.01091	0.01324	0.00627	0.01606	0.00947	0.02321	0.00759	0.00884	0.00602	0.00502	0.00339	0.00163	0.00439	0.00295	0.00326	0.00602
9	0.29749	0.01066	0.01136	0.05247	0.01410	0.01139	0.00786	0.15079	0.07264	0.22675	0.03501	0.01684	0.05723	0.00666	0.00485	0.00171	0.00469	0.00502	0.00493	0.00753
10	0.01900	0.10759	0.01881	0.01423	0.01780	0.48807	0.08978	0.14818	0.01647	0.01737	0.00942	0.01080	0.00754	0.00557	0.00502	0.00147	0.00867	0.00400	0.00321	0.00702
11	0.01101	0.00699	0.00962	0.08193	0.01201	0.00759	0.00691	0.09049	0.01054	0.06043	0.01303	0.01992	0.01197	0.12256	0.23176	0.28184	0.00793	0.00553	0.00325	0.00470
12	0.75785	0.01221	0.00881	0.00791	0.01122	0.09567	0.00640	0.01664	0.00994	0.02326	0.00768	0.00896	0.00602	0.00512	0.00354	0.00166	0.00482	0.00301	0.00331	0.00595
13	0.01294	0.15848	0.09758	0.04465	0.05761	0.12156	0.04635	0.04108	0.10260	0.01639	0.04309	0.14852	0.01526	0.00803	0.00611	0.00173	0.05342	0.01428	0.00356	0.00676
14	0.01094	0.00850	0.01044	0.00963	0.01188	0.00871	0.00780	0.04475	0.13125	0.04752	0.06424	0.11230	0.06909	0.01064	0.00721	0.00191	0.07772	0.20735	0.00469	0.15343
15	0.07583	0.06146	0.11671	0.02806	0.19580	0.14307	0.07243	0.03972	0.04188	0.05912	0.01294	0.01545	0.04060	0.04980	0.00665	0.00184	0.02319	0.00493	0.00324	0.00728
16	0.00727	0.00532	0.00604	0.00616	0.00692	0.00494	0.00403	0.00814	0.01057	0.01369	0.12368	0.14989	0.25330	0.35823	0.01575	0.00337	0.00389	0.01032	0.00442	0.00408
17	0.05867	0.06649	0.27336	0.01964	0.20447	0.01324	0.14357	0.07031	0.01278	0.01860	0.01137	0.06203	0.00951	0.00581	0.00538	0.00171	0.00706	0.00530	0.00294	0.00775
18	0.38617	0.15210	0.01460	0.01044	0.03981	0.15194	0.00833	0.10362	0.01304	0.06272	0.00923	0.01020	0.00719	0.00535	0.00410	0.00154	0.00580	0.00348	0.00350	0.00684
19	0.01548	0.01392	0.01670	0.12685	0.12495	0.09347	0.05189	0.24032	0.06213	0.02206	0.01150	0.01319	0.00882	0.00551	0.00517	0.00150	0.00633	0.00458	0.00378	0.17185

[dist]
# distance from previous block
# <min> <max>
7	34

[block]
# block no. 8 follows, 44 sequences, length 19
# corresponding to MSA columns:
# 986-1004
name=unknown_I
#
# <colnr> <probs for GDERKNQSTAVLIFYWHMCP>
#	G	D	E	R	K	N	Q	S	T	A	V	L	I	F	Y	W	H	M	C	P
0	0.37899	0.07796	0.04302	0.01180	0.03346	0.12652	0.08493	0.06699	0.04010	0.03961	0.00944	0.01089	0.00737	0.00550	0.00498	0.00165	0.04281	0.00387	0.00335	0.00676
1	0.14339	0.09670	0.03113	0.10877	0.17709	0.05070	0.01088	0.06811	0.02505	0.14394	0.01191	0.02582	0.00914	0.00559	0.00481	0.00156	0.00574	0.00445	0.00371	0.07152
2	0.01236	0.01556	0.23394	0.18502	0.02139	0.01190	0.01294	0.18324	0.05212	0.02061	0.06181	0.03854	0.09593	0.00723	0.00555	0.00174	0.00612	0.00595	0.00382	0.02422
3	0.06983	0.00640	0.00819	0.00838	0.00994	0.00617	0.00665	0.01230	0.01282	0.11092	0.19274	0.22827	0.05140	0.01291	0.00657	0.00208	0.00386	0.23973	0.00534	0.00548
4	0.00924	0.00586	0.00773	0.00836	0.00929	0.00567	0.00638	0.01068	0.01110	0.07450	0.02576	0.25313	0.02842	0.20776	0.01213	0.00304	0.00455	0.30688	0.00475	0.00478
5	0.01558	0.25022	0.28237	0.01264	0.01836	0.01680	0.01342	0.28813	0.01657	0.02225	0.01036	0.01129	0.00780	0.00553	0.00479	0.00153	0.00666	0.00403	0.00347	0.00820
6	0.00677	0.00496	0.00633	0.00736	0.00794	0.00458	0.00506	0.00784	0.01077	0.01405	0.03334	0.62420	0.14634	0.04381	0.00763	0.00228	0.00328	0.05401	0.00500	0.00445
7	0.05426	0.21283	0.07478	0.00954	0.01430	0.09251	0.00862	0.01560	0.01159	0.01637	0.00894	0.01041	0.00750	0.00450	0.00405	0.00107	0.00540	0.00323	0.00290	0.44162
8	0.00680	0.00490	0.00647	0.00768	0.00814	0.00458	0.00530	0.00789	0.01070	0.01414	0.03120	0.71069	0.07210	0.01676	0.00698	0.00222	0.00329	0.07063	0.00506	0.00448
9	0.05651	0.06572	0.25165	0.08476	0.05779	0.08186	0.04387	0.13216	0.04082	0.10025	0.01163	0.01288	0.00846	0.00571	0.00540	0.00167	0.02306	0.00446	0.00352	0.00785
10	0.01418	0.14324	0.19483	0.04218	0.01853	0.05301	0.10637	0.08319	0.04398	0.10383	0.01431	0.11876	0.01237	0.00711	0.00559	0.00171	0.01971	0.00604	0.00368	0.00738
11	0.00731	0.00552	0.00677	0.00670	0.00806	0.00498	0.00503	0.00938	0.01396	0.01880	0.45917	0.11400	0.25756	0.01265	0.00654	0.00184	0.00281	0.04842	0.00559	0.00492
12	0.02065	0.01378	0.01524	0.01186	0.01606	0.01491	0.00974	0.54364	0.10293	0.17041	0.01562	0.01487	0.01084	0.00667	0.00547	0.00167	0.00557	0.00515	0.00570	0.00920
13	0.01287	0.01471	0.03217	0.02298	0.02849	0.01379	0.75460	0.01746	0.01287	0.01746	0.01103	0.01471	0.00827	0.00460	0.00643	0.00184	0.00919	0.00643	0.00276	0.00735
14	0.00997	0.00512	0.00526	0.00522	0.00649	0.00509	0.00392	0.01251	0.01175	0.02045	0.07737	0.02194	0.01694	0.00673	0.00402	0.00131	0.00254	0.00546	0.77284	0.00509
15	0.01538	0.00732	0.00976	0.00833	0.01099	0.00651	0.00669	0.01766	0.01512	0.36635	0.33061	0.03290	0.07253	0.00959	0.00609	0.00177	0.00372	0.06550	0.00621	0.00699
16	0.00991	0.00649	0.00914	0.00898	0.01047	0.00614	0.04484	0.01212	0.03809	0.10703	0.09626	0.34543	0.07178	0.05278	0.00777	0.00226	0.00409	0.15581	0.00515	0.00544
17	0.01131	0.00996	0.01283	0.06920	0.01566	0.00799	0.04791	0.01395	0.01136	0.01745	0.00976	0.01174	0.00802	0.00418	0.00428	0.00094	0.00457	0.00353	0.00314	0.73222
18	0.60969	0.01100	0.00964	0.00831	0.01181	0.01247	0.00679	0.08503	0.09902	0.08564	0.01090	0.01135	0.00806	0.00560	0.00398	0.00170	0.00442	0.00370	0.00408	0.00679

[dist]
# distance from previous block
# <min> <max>
1	9

[block]
# block no. 9 follows, 44 sequences, length 14
# corresponding to MSA columns:
# 1014-1027
name=unknown_J
#
# <colnr> <probs for GDERKNQSTAVLIFYWHMCP>
#	G	D	E	R	K	N	Q	S	T	A	V	L	I	F	Y	W	H	M	C	P
0	0.01723	0.02036	0.01628	0.07320	0.11643	0.48004	0.01168	0.02013	0.07342	0.01469	0.00970	0.01172	0.00803	0.00610	0.00655	0.00161	0.09900	0.00414	0.00294	0.00674
1	0.01095	0.12106	0.61151	0.01399	0.02086	0.01292	0.01732	0.01618	0.01135	0.01639	0.01154	0.09044	0.00983	0.00631	0.00515	0.00171	0.00730	0.00504	0.00258	0.00757
2	0.00733	0.00550	0.00679	0.00659	0.00794	0.00496	0.00490	0.00950	0.01435	0.01957	0.54560	0.09954	0.22296	0.01222	0.00647	0.00178	0.00266	0.01067	0.00571	0.00496
3	0.01240	0.02532	0.62491	0.01483	0.02204	0.01328	0.01803	0.11427	0.06813	0.01989	0.01112	0.01236	0.00792	0.00552	0.00524	0.00172	0.00752	0.00430	0.00295	0.00826
4	0.00687	0.00514	0.00644	0.00730	0.00814	0.00470	0.00523	0.00818	0.01141	0.01479	0.07595	0.50444	0.21497	0.01576	0.00686	0.00213	0.00323	0.08880	0.00511	0.00457
5	0.01287	0.01471	0.03217	0.02298	0.02849	0.01379	0.75460	0.01746	0.01287	0.01746	0.01103	0.01471	0.00827	0.00460	0.00643	0.00184	0.00919	0.00643	0.00276	0.00735
6	0.00780	0.00523	0.00598	0.00611	0.00615	0.00520	0.00348	0.00789	0.00818	0.01091	0.01849	0.11418	0.02148	0.72764	0.02563	0.00497	0.00507	0.00870	0.00348	0.00342
7	0.07360	0.05659	0.01610	0.01268	0.01461	0.11380	0.08822	0.01451	0.01131	0.01608	0.12955	0.04026	0.01509	0.00810	0.01026	0.00189	0.31845	0.00560	0.00325	0.05004
8	0.01112	0.10523	0.66256	0.01444	0.02179	0.01314	0.01824	0.01679	0.01168	0.01707	0.05146	0.01284	0.00936	0.00546	0.00508	0.00167	0.00753	0.00424	0.00251	0.00779
9	0.01598	0.41430	0.04861	0.01126	0.01518	0.15196	0.01014	0.12888	0.05189	0.01686	0.00977	0.02578	0.00840	0.00586	0.00531	0.00144	0.06416	0.00390	0.00310	0.00722
10	0.01402	0.70733	0.02698	0.11160	0.01706	0.02034	0.01008	0.01601	0.01105	0.01297	0.00785	0.00950	0.00703	0.00477	0.00375	0.00125	0.00602	0.00317	0.00234	0.00687
11	0.01587	0.01242	0.01322	0.11317	0.01744	0.08955	0.00955	0.02584	0.45047	0.16308	0.01906	0.01820	0.01387	0.00684	0.00546	0.00177	0.00531	0.00560	0.00509	0.00819
12	0.11635	0.00964	0.10831	0.00864	0.01116	0.00767	0.00756	0.01352	0.07507	0.05758	0.25692	0.21867	0.06665	0.01065	0.00589	0.00185	0.00390	0.00916	0.00491	0.00592
13	0.12477	0.15313	0.22765	0.01268	0.04375	0.01331	0.05284	0.07351	0.01335	0.21654	0.01250	0.01288	0.00881	0.00554	0.00483	0.00161	0.00614	0.00430	0.00387	0.00798

[dist]
# distance from previous block
# <min> <max>
0	3

[block]
# block no. 10 follows, 44 sequences, length 19
# corresponding to MSA columns:
# 1031-1049
name=unknown_K
#
# <colnr> <probs for GDERKNQSTAVLIFYWHMCP>
#	G	D	E	R	K	N	Q	S	T	A	V	L	I	F	Y	W	H	M	C	P
0	0.36732	0.01148	0.04641	0.12896	0.08617	0.01169	0.05504	0.01850	0.04914	0.15965	0.01173	0.01295	0.00847	0.00550	0.00463	0.00172	0.00543	0.00429	0.00381	0.00711
1	0.10928	0.30546	0.10562	0.01065	0.01452	0.11395	0.00992	0.01787	0.09515	0.04050	0.01210	0.08565	0.01088	0.00664	0.00509	0.00156	0.04017	0.00483	0.00327	0.00688
2	0.09133	0.11304	0.43655	0.01321	0.01934	0.04282	0.01501	0.08544	0.09866	0.01947	0.01099	0.01203	0.00815	0.00550	0.00487	0.00165	0.00689	0.00410	0.00308	0.00784
3	0.01258	0.36478	0.39865	0.01277	0.01876	0.01681	0.01486	0.01655	0.01109	0.01504	0.00864	0.01035	0.00696	0.00529	0.00541	0.00153	0.06658	0.00360	0.00232	0.00744
4	0.01442	0.08750	0.02021	0.01446	0.01854	0.01379	0.24509	0.09467	0.28411	0.06847	0.06784	0.01804	0.01455	0.00638	0.00568	0.00174	0.00607	0.00603	0.00446	0.00794
5	0.00664	0.00474	0.00633	0.00759	0.00791	0.00443	0.00506	0.00759	0.01044	0.01392	0.03005	0.80485	0.03606	0.01708	0.00696	0.00221	0.00316	0.01550	0.00506	0.00443
6	0.00786	0.00552	0.00696	0.00660	0.00792	0.00510	0.00495	0.01035	0.01485	0.02123	0.65156	0.03962	0.09746	0.01088	0.00619	0.00168	0.00258	0.00952	0.08407	0.00510
7	0.03894	0.02151	0.44121	0.01565	0.02222	0.01286	0.15259	0.10809	0.01386	0.10404	0.01165	0.01299	0.00815	0.00541	0.00542	0.00173	0.00752	0.00471	0.00329	0.00815
8	0.00760	0.00574	0.00722	0.00793	0.00924	0.00536	0.00641	0.00951	0.01240	0.01582	0.09110	0.16816	0.28193	0.01466	0.00700	0.00218	0.00381	0.33402	0.00511	0.00480
9	0.01174	0.01057	0.01675	0.65133	0.08578	0.01273	0.01469	0.10099	0.01273	0.01659	0.01013	0.01429	0.00760	0.00554	0.00545	0.00178	0.00706	0.00485	0.00280	0.00661
10	0.00733	0.00510	0.00637	0.00696	0.00729	0.00490	0.00452	0.00814	0.01008	0.01357	0.10570	0.39930	0.03130	0.32184	0.01495	0.00336	0.00398	0.03674	0.00448	0.00409
11	0.00816	0.00613	0.00860	0.00853	0.00950	0.00702	0.00646	0.01067	0.05472	0.01300	0.01541	0.02325	0.01464	0.14083	0.63831	0.00788	0.01274	0.00614	0.00313	0.00489
12	0.00711	0.00532	0.00652	0.00669	0.00778	0.00482	0.00479	0.00882	0.01295	0.01736	0.35214	0.25675	0.22471	0.04988	0.00755	0.00205	0.00291	0.01175	0.00538	0.00473
13	0.01254	0.00965	0.01143	0.00823	0.01301	0.00734	0.00661	0.01493	0.01171	0.08912	0.01080	0.01199	0.00858	0.00429	0.00417	0.00089	0.00409	0.00344	0.00356	0.76362
14	0.10483	0.01169	0.05933	0.00960	0.01446	0.00938	0.04511	0.08406	0.01252	0.02002	0.00985	0.01138	0.00789	0.00448	0.00429	0.00109	0.00474	0.00357	0.00337	0.57836
15	0.43959	0.26431	0.04436	0.01002	0.05902	0.01521	0.00838	0.04192	0.01086	0.03621	0.00836	0.00960	0.00677	0.00499	0.00373	0.00150	0.00507	0.00322	0.00310	0.02376
16	0.01470	0.18876	0.20567	0.01103	0.01592	0.01277	0.01117	0.07105	0.01312	0.15675	0.04135	0.04922	0.01150	0.00624	0.00543	0.00150	0.04186	0.00477	0.00376	0.13342
17	0.21040	0.17201	0.23383	0.01088	0.01558	0.01339	0.01134	0.01742	0.01133	0.13607	0.02332	0.04618	0.00969	0.00620	0.00544	0.00167	0.06021	0.00442	0.00343	0.00719
18	0.01351	0.22480	0.17174	0.04765	0.01674	0.01380	0.03038	0.06790	0.11725	0.07812	0.08250	0.01937	0.01494	0.02297	0.00560	0.00172	0.00578	0.05399	0.00388	0.00736

[dist]
# distance from previous block
# <min> <max>
1	34

[block]
# block no. 11 follows, 44 sequences, length 15
# corresponding to MSA columns:
# 1084-1098
name=unknown_L
#
# <colnr> <probs for GDERKNQSTAVLIFYWHMCP>
#	G	D	E	R	K	N	Q	S	T	A	V	L	I	F	Y	W	H	M	C	P
0	0.01236	0.11242	0.01310	0.00974	0.01250	0.01203	0.00790	0.09997	0.31732	0.02125	0.16641	0.04264	0.05244	0.01013	0.04155	0.00208	0.00478	0.04915	0.00503	0.00718
1	0.06823	0.06212	0.09725	0.01053	0.01474	0.01207	0.00934	0.13660	0.20409	0.10382	0.01571	0.06514	0.01247	0.00664	0.00504	0.00157	0.00499	0.00532	0.00452	0.15982
2	0.02422	0.00966	0.01289	0.00988	0.01411	0.00858	0.00816	0.07326	0.01625	0.73057	0.02097	0.01821	0.01322	0.00673	0.00548	0.00168	0.00473	0.00545	0.00666	0.00928
3	0.01090	0.05050	0.59719	0.01544	0.02238	0.01237	0.10041	0.01640	0.01149	0.01677	0.01126	0.06091	0.00909	0.00707	0.03262	0.00200	0.00804	0.00503	0.00255	0.00761
4	0.03010	0.11099	0.07774	0.13072	0.12127	0.06269	0.01159	0.08098	0.06646	0.16677	0.01450	0.06220	0.01163	0.00664	0.00526	0.00167	0.00604	0.02108	0.00402	0.00766
5	0.00712	0.00502	0.00620	0.00687	0.00722	0.00477	0.00441	0.00786	0.00997	0.01325	0.06614	0.45806	0.07664	0.28449	0.01394	0.00320	0.00383	0.01239	0.00452	0.00410
6	0.01164	0.01208	0.02335	0.27165	0.10997	0.01273	0.34176	0.01534	0.01175	0.01586	0.01151	0.06551	0.00972	0.00601	0.00675	0.00187	0.05670	0.00623	0.00277	0.00680
7	0.01596	0.16717	0.02411	0.01707	0.08879	0.01431	0.28660	0.11900	0.01460	0.14145	0.01313	0.03240	0.01023	0.00578	0.00552	0.00166	0.00689	0.02369	0.00379	0.00785
8	0.01380	0.05580	0.21518	0.15006	0.02357	0.06183	0.17302	0.01829	0.04550	0.12033	0.01320	0.03693	0.01024	0.00608	0.00558	0.00176	0.00730	0.03078	0.00337	0.00738
9	0.00693	0.00545	0.00626	0.00624	0.00771	0.00478	0.00461	0.00869	0.01329	0.01723	0.31274	0.13421	0.42602	0.01321	0.00650	0.00184	0.00274	0.01136	0.00540	0.00478
10	0.00841	0.00583	0.00754	0.00815	0.00921	0.00561	0.00609	0.01085	0.05828	0.04962	0.13805	0.42877	0.07384	0.01461	0.00681	0.00213	0.00355	0.15222	0.00529	0.00513
11	0.01549	0.04064	0.16912	0.05472	0.11533	0.01370	0.20354	0.17739	0.01537	0.10693	0.01208	0.01378	0.00875	0.00555	0.00584	0.00172	0.02310	0.00512	0.00366	0.00818
12	0.01429	0.06222	0.04243	0.26224	0.13688	0.01101	0.01180	0.01791	0.05257	0.19909	0.08230	0.01958	0.03441	0.00666	0.00548	0.00172	0.00571	0.02226	0.00410	0.00735
13	0.02149	0.01153	0.06273	0.01053	0.01482	0.01008	0.00912	0.15145	0.06509	0.51810	0.05292	0.01826	0.01424	0.00685	0.00550	0.00169	0.00498	0.00553	0.00613	0.00897
14	0.14384	0.02094	0.04876	0.04796	0.05248	0.47433	0.01062	0.05929	0.06257	0.01715	0.00963	0.01098	0.00767	0.00563	0.00481	0.00153	0.00808	0.00382	0.00316	0.00674

[dist]
# distance from previous block
# <min> <max>
2	7

[block]
# block no. 12 follows, 44 sequences, length 12
# corresponding to MSA columns:
# 1108-1119
name=unknown_M
#
# <colnr> <probs for GDERKNQSTAVLIFYWHMCP>
#	G	D	E	R	K	N	Q	S	T	A	V	L	I	F	Y	W	H	M	C	P
0	0.07776	0.12882	0.01822	0.01468	0.10297	0.16529	0.04487	0.19965	0.05741	0.07710	0.01137	0.01240	0.00875	0.00594	0.00567	0.00159	0.05154	0.00438	0.00383	0.00775
1	0.05794	0.01133	0.01134	0.00977	0.01265	0.09718	0.00767	0.10584	0.19005	0.15576	0.22038	0.02428	0.05631	0.00815	0.00562	0.00170	0.00465	0.00666	0.00543	0.00731
2	0.01568	0.01197	0.01249	0.01165	0.04307	0.09810	0.00886	0.04768	0.34706	0.16507	0.07472	0.02435	0.01856	0.00807	0.00574	0.00182	0.00509	0.08685	0.00533	0.00786
3	0.84691	0.01054	0.00801	0.00717	0.01054	0.01223	0.00590	0.01603	0.00928	0.02446	0.00759	0.00886	0.00590	0.00506	0.00337	0.00169	0.00422	0.00295	0.00337	0.00590
4	0.01598	0.17446	0.07576	0.01952	0.27923	0.11695	0.01305	0.12671	0.01439	0.05791	0.01029	0.01205	0.00824	0.00553	0.00559	0.00155	0.04735	0.00427	0.00321	0.00795
5	0.01450	0.00874	0.01054	0.00907	0.01167	0.00866	0.00724	0.19292	0.01669	0.18930	0.19897	0.06546	0.09617	0.05408	0.00731	0.00201	0.00432	0.08985	0.00565	0.00685
6	0.00790	0.00566	0.00637	0.00649	0.00814	0.00489	0.00484	0.00929	0.01222	0.06986	0.04596	0.21810	0.51900	0.01408	0.00654	0.00194	0.00309	0.04552	0.00518	0.00492
7	0.01280	0.00711	0.00889	0.00781	0.01001	0.00679	0.00607	0.01670	0.09921	0.20771	0.40735	0.03040	0.03345	0.00904	0.00577	0.00167	0.00327	0.00776	0.11165	0.00654
8	0.01229	0.12765	0.49148	0.09729	0.02270	0.01417	0.01670	0.07659	0.05860	0.01803	0.01051	0.01213	0.00774	0.00539	0.00503	0.00166	0.00729	0.00417	0.00277	0.00784
9	0.00757	0.00518	0.00620	0.00648	0.00671	0.00504	0.00397	0.00811	0.00943	0.01272	0.10538	0.23780	0.02763	0.51138	0.01990	0.00408	0.00442	0.01013	0.00407	0.00381
10	0.01605	0.30036	0.12367	0.01234	0.06992	0.04476	0.01092	0.10117	0.01377	0.13662	0.01117	0.01185	0.00851	0.00524	0.00452	0.00137	0.00594	0.00389	0.00353	0.11438
11	0.01344	0.02307	0.50436	0.01462	0.02126	0.04184	0.05771	0.12556	0.01397	0.05910	0.01142	0.03308	0.00849	0.00571	0.00529	0.00168	0.00741	0.00461	0.00315	0.04422

[dist]
# distance from previous block
# <min> <max>
0	3

[block]
# block no. 13 follows, 44 sequences, length 47
# corresponding to MSA columns:
# 1123-1169
name=unknown_N
#
# <colnr> <probs for GDERKNQSTAVLIFYWHMCP>
#	G	D	E	R	K	N	Q	S	T	A	V	L	I	F	Y	W	H	M	C	P
0	0.74983	0.01045	0.00844	0.00762	0.01088	0.01201	0.00631	0.04873	0.01024	0.02432	0.00936	0.01283	0.00788	0.00585	0.00377	0.00174	0.00435	0.05582	0.00358	0.00599
1	0.01435	0.01178	0.01343	0.01405	0.13082	0.05273	0.00941	0.04135	0.43781	0.08620	0.04948	0.02042	0.01612	0.06882	0.00723	0.00203	0.00501	0.00602	0.00491	0.00803
2	0.00793	0.00529	0.00595	0.00595	0.00595	0.00529	0.00330	0.00793	0.00793	0.01057	0.01718	0.03568	0.01982	0.80840	0.02775	0.00529	0.00529	0.00793	0.00330	0.00330
3	0.00723	0.03613	0.00748	0.00779	0.00844	0.00531	0.00554	0.00849	0.01110	0.01481	0.09827	0.64144	0.03598	0.01588	0.00682	0.00215	0.00336	0.07409	0.00504	0.00464
4	0.01401	0.01047	0.01175	0.01041	0.01317	0.01168	0.00810	0.12239	0.41922	0.08734	0.02040	0.08146	0.01665	0.04302	0.10168	0.00281	0.00577	0.00670	0.00519	0.00778
5	0.01130	0.00969	0.01130	0.00807	0.01292	0.00727	0.00646	0.01373	0.01130	0.01776	0.00969	0.01130	0.00807	0.00404	0.00404	0.00081	0.00404	0.00323	0.00323	0.84173
6	0.01104	0.01009	0.01635	0.73907	0.03607	0.01246	0.01480	0.06725	0.01196	0.01540	0.00993	0.01443	0.00741	0.00553	0.00545	0.00180	0.00718	0.00485	0.00264	0.00629
7	0.84691	0.01054	0.00801	0.00717	0.01054	0.01223	0.00590	0.01603	0.00928	0.02446	0.00759	0.00886	0.00590	0.00506	0.00337	0.00169	0.00422	0.00295	0.00337	0.00590
8	0.01069	0.01010	0.01707	0.70052	0.12922	0.01222	0.01534	0.01428	0.01109	0.01441	0.00976	0.01441	0.00744	0.00538	0.00544	0.00179	0.00717	0.00485	0.00246	0.00638
9	0.00779	0.00584	0.00876	0.00876	0.00974	0.00681	0.00681	0.00974	0.00876	0.01266	0.01460	0.02142	0.01363	0.04089	0.78680	0.00876	0.01460	0.00584	0.00292	0.00487
10	0.27880	0.01226	0.06053	0.00986	0.01382	0.01195	0.00854	0.21335	0.04311	0.21217	0.07211	0.01541	0.01263	0.00643	0.00487	0.00168	0.00491	0.00481	0.00497	0.00780
11	0.00719	0.00550	0.00663	0.00672	0.00808	0.00494	0.00506	0.00910	0.01342	0.01770	0.34616	0.14875	0.31451	0.01325	0.00660	0.00189	0.00292	0.07129	0.00545	0.00484
12	0.01192	0.06241	0.65976	0.01499	0.02231	0.07283	0.01850	0.01799	0.03907	0.01696	0.01003	0.01158	0.00727	0.00527	0.00510	0.00168	0.00796	0.00402	0.00246	0.00790
13	0.00719	0.00528	0.00667	0.00745	0.00828	0.00493	0.00542	0.00856	0.01142	0.01491	0.09764	0.40074	0.17239	0.08090	0.00864	0.00241	0.00355	0.14410	0.00499	0.00454
14	0.00874	0.00670	0.00954	0.00919	0.01023	0.00791	0.00717	0.04912	0.00959	0.01373	0.01416	0.02101	0.01327	0.07135	0.66296	0.00783	0.06356	0.00582	0.00304	0.00510
15	0.22598	0.24455	0.03422	0.00917	0.01333	0.01416	0.00811	0.04744	0.11780	0.10539	0.01177	0.01210	0.00905	0.00538	0.00417	0.00143	0.00488	0.00382	0.00379	0.12345
16	0.07659	0.04772	0.01518	0.03169	0.06388	0.15490	0.01000	0.25042	0.19166	0.02312	0.01393	0.01448	0.02353	0.00672	0.00592	0.01658	0.03677	0.00483	0.00429	0.00780
17	0.00910	0.00649	0.00775	0.00733	0.00782	0.00702	0.00484	0.06625	0.00945	0.01286	0.01594	0.03048	0.01738	0.58601	0.14269	0.00539	0.04848	0.00721	0.00336	0.00415
18	0.00721	0.00506	0.00653	0.00749	0.00784	0.00486	0.00509	0.00812	0.01008	0.01339	0.02678	0.52794	0.03155	0.20905	0.01208	0.00300	0.00390	0.10117	0.00463	0.00423
19	0.01030	0.00969	0.01635	0.79530	0.03755	0.01211	0.01514	0.01393	0.01090	0.01393	0.00969	0.01453	0.00727	0.00545	0.00545	0.00182	0.00727	0.00484	0.00242	0.00606
20	0.00820	0.00586	0.00811	0.00937	0.01037	0.00577	0.00777	0.01029	0.01197	0.01566	0.02919	0.26411	0.03265	0.01561	0.00737	0.00243	0.00451	0.54085	0.00503	0.00486
21	0.01221	0.01243	0.01657	0.11757	0.01808	0.07821	0.06479	0.01502	0.05828	0.01493	0.07498	0.01533	0.01168	0.00832	0.01257	0.00210	0.45245	0.00533	0.00297	0.00620
22	0.84691	0.01054	0.00801	0.00717	0.01054	0.01223	0.00590	0.01603	0.00928	0.02446	0.00759	0.00886	0.00590	0.00506	0.00337	0.00169	0.00422	0.00295	0.00337	0.00590
23	0.01713	0.01478	0.01860	0.07052	0.30197	0.14269	0.05665	0.12894	0.04253	0.13396	0.01251	0.01397	0.00937	0.00563	0.00541	0.00163	0.00682	0.00487	0.00382	0.00820
24	0.01406	0.01300	0.01610	0.07726	0.26402	0.07672	0.01194	0.08477	0.27814	0.02043	0.04396	0.01862	0.01381	0.00666	0.00554	0.00174	0.00581	0.03525	0.00415	0.00803
25	0.00890	0.00748	0.00882	0.00869	0.00965	0.07401	0.00648	0.01044	0.00919	0.01233	0.01455	0.02307	0.01421	0.18088	0.57767	0.00748	0.01245	0.00603	0.00298	0.00470
26	0.01457	0.62724	0.09150	0.01022	0.01502	0.01984	0.01027	0.06448	0.07422	0.01540	0.00933	0.01022	0.00793	0.00505	0.00394	0.00130	0.00591	0.00341	0.00279	0.00737
27	0.00814	0.00620	0.00880	0.00862	0.00932	0.00727	0.00650	0.00963	0.00856	0.01227	0.01455	0.02358	0.01439	0.19428	0.57334	0.00756	0.07322	0.00618	0.00296	0.00463
28	0.01347	0.01294	0.02187	0.03166	0.69906	0.01302	0.04294	0.01754	0.06024	0.01812	0.01104	0.01397	0.00913	0.00501	0.00544	0.00164	0.00644	0.00500	0.00288	0.00859
29	0.00686	0.00559	0.00610	0.00612	0.00781	0.00483	0.00469	0.00855	0.01300	0.01618	0.18664	0.05098	0.58072	0.01341	0.00652	0.00187	0.00290	0.06726	0.00523	0.00474
30	0.01219	0.00907	0.01363	0.04520	0.19064	0.00897	0.03894	0.01584	0.07755	0.10676	0.02084	0.13959	0.02033	0.00998	0.00624	0.00197	0.00519	0.22190	0.00446	0.05072
31	0.00815	0.00637	0.00945	0.00924	0.01013	0.00767	0.00726	0.01003	0.00873	0.01270	0.01396	0.02060	0.01307	0.03818	0.72025	0.00821	0.08244	0.00575	0.00287	0.00496
32	0.01800	0.16882	0.04746	0.01465	0.12660	0.05454	0.01100	0.27633	0.08165	0.12856	0.01320	0.01346	0.00975	0.00594	0.00504	0.00156	0.00597	0.00460	0.00438	0.00849
33	0.01581	0.35762	0.02233	0.01396	0.08142	0.23966	0.04961	0.01883	0.07455	0.01449	0.00942	0.01094	0.00802	0.00549	0.00531	0.00144	0.05747	0.00383	0.00279	0.00703
34	0.00654	0.00553	0.00566	0.00563	0.00743	0.00464	0.00422	0.00802	0.01266	0.01529	0.11141	0.05155	0.71565	0.01360	0.00644	0.00183	0.00275	0.01138	0.00514	0.00464
35	0.01828	0.01877	0.07488	0.01263	0.01650	0.26420	0.01059	0.35683	0.06718	0.02397	0.01515	0.01541	0.06772	0.00675	0.00534	0.00160	0.00704	0.00498	0.00433	0.00782
36	0.01068	0.00975	0.01593	0.60635	0.09454	0.01196	0.01409	0.01400	0.01087	0.01472	0.01021	0.01472	0.00793	0.00579	0.00627	0.00180	0.06789	0.00486	0.07146	0.00618
37	0.00833	0.00525	0.00634	0.00683	0.00758	0.00513	0.00490	0.00991	0.01093	0.01608	0.08485	0.24421	0.02689	0.17796	0.01042	0.00259	0.00366	0.11887	0.24474	0.00453
38	0.00779	0.00538	0.00629	0.00629	0.00657	0.00544	0.00384	0.00816	0.00839	0.01118	0.01981	0.03507	0.07800	0.64238	0.12863	0.00548	0.00635	0.00793	0.00339	0.00362
39	0.00674	0.00484	0.00654	0.00769	0.00807	0.00463	0.00521	0.00778	0.01029	0.01381	0.02871	0.73704	0.03412	0.01914	0.07445	0.00278	0.00415	0.01466	0.00488	0.00447
40	0.00675	0.00479	0.00629	0.00746	0.00775	0.00450	0.00492	0.00762	0.01023	0.01364	0.02899	0.74137	0.03472	0.08239	0.00867	0.00247	0.00334	0.01487	0.00492	0.00434
41	0.01222	0.12032	0.32419	0.01168	0.01765	0.06724	0.01264	0.01606	0.01166	0.01662	0.00937	0.01096	0.00739	0.00469	0.00449	0.00127	0.00630	0.00353	0.00271	0.33901
42	0.01026	0.00950	0.01627	0.34013	0.18784	0.01046	0.07379	0.01322	0.01109	0.01493	0.01422	0.16231	0.01366	0.01102	0.08512	0.00255	0.00723	0.00707	0.00305	0.00630
43	0.01169	0.00994	0.01178	0.00880	0.01326	0.00818	0.02233	0.04782	0.07101	0.01869	0.01192	0.05389	0.01028	0.00511	0.00442	0.00102	0.00421	0.00425	0.00360	0.67780
44	0.08804	0.46636	0.07079	0.01089	0.01513	0.24041	0.01007	0.01793	0.01221	0.01426	0.00796	0.00924	0.00690	0.00501	0.00400	0.00132	0.00698	0.00316	0.00256	0.00677
45	0.28237	0.14118	0.14523	0.01013	0.01429	0.01362	0.00984	0.09143	0.01234	0.08593	0.01362	0.01440	0.07058	0.00638	0.00547	0.00167	0.06654	0.00439	0.00359	0.00698
46	0.01061	0.00811	0.01147	0.15677	0.01634	0.01809	0.05553	0.02417	0.07025	0.08349	0.20349	0.08819	0.13607	0.01008	0.00622	0.00188	0.00465	0.08378	0.00480	0.00601

[dist]
# distance from previous block
# <min> <max>
0	11

[block]
# block no. 14 follows, 44 sequences, length 41
# corresponding to MSA columns:
