[name]
unknown

[dist]
# distance from previous block
# <min> <max>
0	185

[block]
# block no. 0 follows, 40 sequences, length 18
# corresponding to MSA columns:
# 190-207
name=unknown_A
#
# <colnr> <probs for GDERKNQSTAVLIFYWHMCP>
#	G	D	E	R	K	N	Q	S	T	A	V	L	I	F	Y	W	H	M	C	P
0	0.00814	0.00581	0.00796	0.00930	0.01010	0.00563	0.00723	0.00992	0.01217	0.01602	0.03147	0.45698	0.03616	0.01723	0.00770	0.00251	0.00429	0.34098	0.00538	0.00501
1	0.01425	0.58665	0.19342	0.01133	0.01688	0.01995	0.01229	0.01716	0.01188	0.01480	0.00984	0.05011	0.00903	0.00578	0.00432	0.00143	0.00660	0.00406	0.00263	0.00757
2	0.01340	0.37341	0.43735	0.01362	0.02060	0.01775	0.01634	0.01797	0.01207	0.01630	0.00939	0.01096	0.00741	0.00528	0.00472	0.00157	0.00753	0.00377	0.00247	0.00809
3	0.00756	0.00554	0.00709	0.00751	0.00848	0.00507	0.00532	0.00937	0.01367	0.01860	0.34756	0.38508	0.12745	0.01509	0.00712	0.00209	0.00305	0.01345	0.00583	0.00507
4	0.01420	0.01584	0.09940	0.02016	0.02461	0.01496	0.41688	0.01809	0.01250	0.07404	0.01137	0.01487	0.00878	0.00656	0.00996	0.00209	0.21883	0.00606	0.00311	0.00767
5	0.01826	0.01308	0.01449	0.01200	0.01575	0.01432	0.00974	0.35021	0.24446	0.10123	0.06893	0.02280	0.01754	0.00830	0.00609	0.00190	0.00539	0.06048	0.00599	0.00904
6	0.01098	0.01034	0.01744	0.78165	0.04005	0.01292	0.01615	0.01486	0.01163	0.01486	0.01034	0.01550	0.00775	0.00581	0.00581	0.00194	0.00775	0.00517	0.00258	0.00646
7	0.00846	0.00564	0.00634	0.00634	0.00634	0.00564	0.00352	0.00846	0.00846	0.01128	0.01832	0.03805	0.02114	0.79563	0.02960	0.00564	0.00564	0.00846	0.00352	0.00352
8	0.00712	0.00528	0.00665	0.00762	0.00834	0.00481	0.00521	0.00834	0.01190	0.01558	0.08591	0.59854	0.17922	0.01711	0.00728	0.00225	0.00325	0.01530	0.00547	0.00481
9	0.00924	0.00597	0.00804	0.00842	0.00956	0.00562	0.00627	0.01115	0.01341	0.07471	0.25458	0.37192	0.03996	0.01631	0.04241	0.00252	0.00412	0.10461	0.00573	0.00546
10	0.02172	0.02772	0.01648	0.01498	0.01798	0.77228	0.01124	0.02322	0.01648	0.01423	0.00899	0.01049	0.00749	0.00599	0.00524	0.00150	0.01049	0.00375	0.00300	0.00674
11	0.00714	0.00510	0.00680	0.00806	0.00845	0.00476	0.00540	0.00823	0.01139	0.01525	0.06660	0.75614	0.03924	0.01792	0.00740	0.00234	0.00334	0.01624	0.00545	0.00476
12	0.01206	0.01034	0.01206	0.00861	0.01378	0.00775	0.00689	0.01464	0.01206	0.01895	0.01034	0.01206	0.00861	0.00431	0.00431	0.00086	0.00431	0.00345	0.00345	0.83118
13	0.01419	0.12523	0.25923	0.03377	0.01888	0.01278	0.05103	0.03823	0.01353	0.12061	0.08307	0.01746	0.03596	0.00663	0.00605	0.00167	0.04221	0.00529	0.00382	0.11035
14	0.01910	0.04356	0.21300	0.01370	0.01923	0.04172	0.01334	0.37132	0.07066	0.11526	0.01441	0.01447	0.01014	0.00659	0.00567	0.00177	0.00682	0.00504	0.00491	0.00932
15	0.01166	0.03008	0.76550	0.01657	0.02517	0.01351	0.02149	0.01842	0.01228	0.01842	0.01044	0.01228	0.00737	0.00552	0.00552	0.00184	0.00859	0.00430	0.00246	0.00859
16	0.00772	0.00576	0.00801	0.01010	0.06548	0.00547	0.00624	0.00886	0.01115	0.01496	0.02968	0.69079	0.03527	0.06041	0.00853	0.00250	0.00377	0.01522	0.00510	0.00500
17	0.02044	0.01428	0.10775	0.01251	0.01732	0.01216	0.05305	0.23379	0.03888	0.32462	0.05669	0.01901	0.03008	0.00721	0.00590	0.00180	0.00589	0.00593	0.02353	0.00916

[dist]
# distance from previous block
# <min> <max>
0	2

[block]
# block no. 1 follows, 40 sequences, length 24
# corresponding to MSA columns:
# 210-233
name=unknown_B
#
# <colnr> <probs for GDERKNQSTAVLIFYWHMCP>
#	G	D	E	R	K	N	Q	S	T	A	V	L	I	F	Y	W	H	M	C	P
0	0.02016	0.01551	0.01667	0.01311	0.01726	0.05101	0.03484	0.54367	0.09767	0.04806	0.01515	0.01648	0.01143	0.06278	0.00752	0.00204	0.00643	0.00560	0.00547	0.00916
1	0.09069	0.01324	0.01472	0.01155	0.01587	0.01393	0.00946	0.37096	0.08740	0.22522	0.03887	0.01662	0.01278	0.00701	0.00561	0.00175	0.00548	0.00542	0.00591	0.04753
2	0.01276	0.21273	0.41090	0.01331	0.01960	0.05888	0.01535	0.01731	0.01295	0.01769	0.10768	0.01554	0.01369	0.00620	0.00519	0.00163	0.00717	0.00476	0.00306	0.04360
3	0.01098	0.01034	0.01744	0.78165	0.04005	0.01292	0.01615	0.01486	0.01163	0.01486	0.01034	0.01550	0.00775	0.00581	0.00581	0.00194	0.00775	0.00517	0.00258	0.00646
4	0.00712	0.00538	0.00658	0.00738	0.00828	0.00484	0.00512	0.00841	0.01221	0.01582	0.10146	0.51011	0.25295	0.01665	0.00721	0.00220	0.00319	0.01476	0.00548	0.00484
5	0.00839	0.00561	0.00636	0.00643	0.00645	0.00559	0.00362	0.00844	0.00859	0.01145	0.01901	0.07592	0.02201	0.75658	0.02848	0.00547	0.00552	0.00886	0.00362	0.00358
6	0.00846	0.00564	0.00634	0.00634	0.00634	0.00564	0.00352	0.00846	0.00846	0.01128	0.01832	0.03805	0.02114	0.79563	0.02960	0.00564	0.00564	0.00846	0.00352	0.00352
7	0.01373	0.01569	0.03431	0.02451	0.03039	0.01471	0.73824	0.01863	0.01373	0.01863	0.01176	0.01569	0.00882	0.00490	0.00686	0.00196	0.00980	0.00686	0.00294	0.00784
8	0.00698	0.00546	0.00634	0.00704	0.00816	0.00481	0.00493	0.00822	0.01215	0.01526	0.04486	0.44081	0.38121	0.01655	0.00716	0.00217	0.00317	0.01450	0.00540	0.00481
9	0.01181	0.02906	0.71375	0.01714	0.02554	0.01359	0.07221	0.01843	0.01238	0.01843	0.01053	0.01252	0.00747	0.00548	0.00562	0.00185	0.00868	0.00448	0.00249	0.00854
10	0.01373	0.01569	0.03431	0.02451	0.03039	0.01471	0.73824	0.01863	0.01373	0.01863	0.01176	0.01569	0.00882	0.00490	0.00686	0.00196	0.00980	0.00686	0.00294	0.00784
11	0.06714	0.00811	0.00985	0.00814	0.01128	0.00751	0.00655	0.02153	0.01440	0.41158	0.02042	0.01997	0.01413	0.00692	0.00497	0.00161	0.00399	0.00551	0.34856	0.00782
12	0.00974	0.00702	0.01017	0.00969	0.01013	0.00841	0.00733	0.01001	0.00862	0.01233	0.01243	0.02012	0.01216	0.07354	0.33855	0.28120	0.15554	0.00575	0.00284	0.00443
13	0.01010	0.00505	0.00758	0.00758	0.00758	0.00505	0.00505	0.00758	0.00758	0.01010	0.01010	0.01768	0.01010	0.02020	0.02273	0.83081	0.00505	0.00505	0.00253	0.00253
14	0.00843	0.00575	0.00689	0.00689	0.00708	0.00594	0.00421	0.00881	0.00862	0.01168	0.01782	0.03527	0.01993	0.65773	0.16584	0.00632	0.00746	0.00805	0.00345	0.00383
15	0.00831	0.00623	0.00935	0.00935	0.01038	0.00727	0.00727	0.01038	0.00935	0.01350	0.01558	0.02285	0.01454	0.04361	0.77259	0.00935	0.01558	0.00623	0.00312	0.00519
16	0.01201	0.09926	0.69939	0.01598	0.02425	0.01436	0.02045	0.01833	0.01224	0.01799	0.01022	0.01201	0.00738	0.00548	0.00536	0.00179	0.00838	0.00419	0.00246	0.00849
17	0.01555	0.79913	0.03047	0.00995	0.01493	0.02301	0.00995	0.01741	0.01182	0.01368	0.00808	0.00933	0.00746	0.00498	0.00373	0.00124	0.00622	0.00311	0.00249	0.00746
18	0.00849	0.00557	0.00646	0.00651	0.00664	0.00550	0.00381	0.00834	0.00874	0.01154	0.02032	0.06470	0.06362	0.63815	0.02672	0.09380	0.00533	0.00861	0.00360	0.00354
19	0.00787	0.00616	0.00808	0.00869	0.03426	0.00622	0.00614	0.00949	0.01098	0.01446	0.03245	0.14733	0.26539	0.08220	0.32721	0.00535	0.00859	0.00987	0.00423	0.00505
20	0.02037	0.00831	0.01073	0.00869	0.01205	0.00742	0.00702	0.02278	0.01533	0.49403	0.07368	0.02202	0.01741	0.00741	0.00540	0.00167	0.00414	0.00605	0.24723	0.00827
21	0.01555	0.79913	0.03047	0.00995	0.01493	0.02301	0.00995	0.01741	0.01182	0.01368	0.00808	0.00933	0.00746	0.00498	0.00373	0.00124	0.00622	0.00311	0.00249	0.00746
22	0.05290	0.09507	0.06658	0.03516	0.10524	0.03242	0.21408	0.01919	0.07501	0.07050	0.01207	0.01444	0.00944	0.00618	0.00758	0.00185	0.11870	0.00531	0.00341	0.05487
23	0.01186	0.03436	0.04597	0.01160	0.01337	0.07494	0.04551	0.01369	0.01107	0.04922	0.01679	0.10615	0.02994	0.13289	0.14529	0.00389	0.16907	0.04883	0.00361	0.03195

[dist]
# distance from previous block
# <min> <max>
2	34

[block]
# block no. 2 follows, 40 sequences, length 22
# corresponding to MSA columns:
# 268-289
name=unknown_C
#
# <colnr> <probs for GDERKNQSTAVLIFYWHMCP>
#	G	D	E	R	K	N	Q	S	T	A	V	L	I	F	Y	W	H	M	C	P
0	0.00940	0.00740	0.00893	0.00802	0.01059	0.00608	0.00591	0.01127	0.01197	0.01737	0.06076	0.34515	0.06873	0.01129	0.00589	0.00163	0.00368	0.00994	0.04270	0.35328
1	0.01263	0.01197	0.01838	0.22331	0.02412	0.01291	0.12947	0.03605	0.07747	0.01787	0.01138	0.01461	0.00909	0.00622	0.00788	0.00175	0.14189	0.00508	0.00326	0.23467
2	0.01109	0.01002	0.01344	0.01186	0.01186	0.01317	0.00921	0.01188	0.00873	0.01296	0.01171	0.02239	0.01279	0.30989	0.02310	0.00372	0.48761	0.00637	0.00292	0.00528
3	0.01221	0.00896	0.01248	0.01482	0.17537	0.00893	0.00913	0.07494	0.04622	0.07496	0.15193	0.19481	0.02761	0.09536	0.00907	0.00239	0.00486	0.06417	0.00501	0.00678
4	0.01597	0.01585	0.02009	0.07083	0.38371	0.13443	0.01481	0.09530	0.06279	0.01962	0.01136	0.01408	0.00930	0.00631	0.00728	0.00182	0.09970	0.00504	0.00335	0.00839
5	0.00748	0.00528	0.00690	0.00805	0.00842	0.00502	0.00544	0.00847	0.01092	0.01452	0.02989	0.61944	0.03546	0.13468	0.01080	0.00288	0.00388	0.07278	0.00511	0.00459
6	0.01605	0.01894	0.06615	0.10247	0.30820	0.27447	0.04089	0.01903	0.01388	0.01652	0.01035	0.01344	0.00855	0.00742	0.04139	0.00206	0.02484	0.00474	0.00287	0.00774
7	0.01534	0.30620	0.16038	0.01135	0.01692	0.01591	0.01140	0.09684	0.04374	0.06523	0.01124	0.01217	0.00882	0.00540	0.00465	0.00139	0.00609	0.00395	0.00350	0.19949
8	0.00846	0.00564	0.00634	0.00634	0.00634	0.00564	0.00352	0.00846	0.00846	0.01128	0.01832	0.03805	0.02114	0.79563	0.02960	0.00564	0.00564	0.00846	0.00352	0.00352
9	0.02288	0.01080	0.01339	0.01058	0.01471	0.01042	0.00864	0.13217	0.10722	0.50745	0.02139	0.01932	0.01418	0.00722	0.00571	0.00178	0.00494	0.00581	0.07192	0.00946
10	0.01228	0.01208	0.04788	0.32279	0.13097	0.01294	0.07014	0.05342	0.08684	0.01819	0.04147	0.08575	0.01361	0.00753	0.00694	0.00197	0.05775	0.00662	0.00354	0.00729
11	0.01400	0.01328	0.08221	0.15513	0.27227	0.01199	0.12803	0.01763	0.01329	0.10879	0.04119	0.08817	0.01373	0.00697	0.00613	0.00188	0.00693	0.00669	0.00369	0.00800
12	0.00849	0.00612	0.00833	0.00961	0.01065	0.00595	0.00781	0.01056	0.01264	0.01648	0.03264	0.30394	0.07193	0.01670	0.00777	0.00254	0.00458	0.45277	0.00537	0.00512
13	0.00846	0.00564	0.00634	0.00634	0.00634	0.00564	0.00352	0.00846	0.00846	0.01128	0.01832	0.03805	0.02114	0.79563	0.02960	0.00564	0.00564	0.00846	0.00352	0.00352
14	0.07485	0.04876	0.14866	0.01383	0.05125	0.13300	0.03865	0.08398	0.06091	0.19988	0.02763	0.06598	0.01282	0.00714	0.00561	0.00178	0.00673	0.00572	0.00457	0.00826
15	0.01078	0.01027	0.03368	0.10573	0.01567	0.01257	0.01032	0.01238	0.00976	0.01406	0.04535	0.02222	0.04008	0.17969	0.08571	0.00367	0.37296	0.00639	0.00308	0.00564
16	0.01629	0.01068	0.01124	0.00927	0.01222	0.01152	0.00745	0.36491	0.01952	0.02892	0.01655	0.01795	0.01248	0.00687	0.00491	0.00154	0.00449	0.00533	0.43027	0.00758
17	0.01241	0.01411	0.15627	0.01044	0.01567	0.00957	0.00988	0.09108	0.01391	0.02056	0.04563	0.05177	0.04653	0.00627	0.00507	0.00130	0.00518	0.00511	0.00381	0.47543
18	0.00832	0.00540	0.00714	0.00820	0.00885	0.00506	0.00571	0.00960	0.01159	0.04940	0.03075	0.66366	0.03560	0.01687	0.00718	0.00229	0.00353	0.05931	0.05651	0.00504
19	0.00709	0.00506	0.00675	0.00810	0.00843	0.00472	0.00540	0.00810	0.01113	0.01484	0.03205	0.79184	0.03846	0.01822	0.00742	0.00236	0.00337	0.01653	0.00540	0.00472
20	0.04781	0.01544	0.10246	0.13015	0.06044	0.01367	0.30318	0.10465	0.01478	0.06931	0.01212	0.01477	0.00891	0.00549	0.00600	0.00181	0.00788	0.00559	0.00352	0.07204
21	0.04516	0.03940	0.09156	0.01116	0.04498	0.01030	0.00946	0.01505	0.01174	0.01835	0.01171	0.01368	0.03601	0.00555	0.00613	0.00127	0.08894	0.00408	0.00327	0.53217

[dist]
# distance from previous block
# <min> <max>
0	2

[block]
# block no. 3 follows, 40 sequences, length 74
# corresponding to MSA columns:
# 292-365
name=unknown_D
#
# <colnr> <probs for GDERKNQSTAVLIFYWHMCP>
#	G	D	E	R	K	N	Q	S	T	A	V	L	I	F	Y	W	H	M	C	P
0	0.11321	0.04903	0.07386	0.01259	0.01598	0.01336	0.05773	0.04409	0.01209	0.11442	0.01203	0.04959	0.01009	0.00749	0.00931	0.00187	0.24037	0.00517	0.00370	0.15403
1	0.01398	0.05179	0.06420	0.16472	0.23543	0.03840	0.26392	0.05051	0.01372	0.01852	0.01115	0.01466	0.00869	0.00534	0.00600	0.00182	0.00814	0.00557	0.01540	0.00802
2	0.00983	0.00636	0.00751	0.00723	0.00779	0.00698	0.00503	0.01102	0.00990	0.01547	0.01694	0.02764	0.01659	0.34641	0.07042	0.03007	0.09043	0.00672	0.30304	0.00461
3	0.04494	0.26720	0.24329	0.01251	0.01815	0.13142	0.01297	0.01886	0.04984	0.01695	0.01004	0.01142	0.00808	0.00536	0.00469	0.00146	0.00715	0.00379	0.00291	0.12898
4	0.01612	0.11775	0.25429	0.04100	0.07579	0.06711	0.09907	0.14264	0.04182	0.07189	0.01216	0.01358	0.00898	0.00585	0.00555	0.00174	0.00765	0.00485	0.00361	0.00855
5	0.00809	0.00575	0.00777	0.00903	0.00975	0.00557	0.00687	0.00970	0.01187	0.01564	0.03067	0.45263	0.03535	0.06699	0.00908	0.00270	0.00431	0.29806	0.00526	0.00490
6	0.00901	0.00559	0.00727	0.00733	0.00758	0.00567	0.00482	0.00870	0.00894	0.01205	0.04983	0.03224	0.01938	0.39650	0.09448	0.26468	0.00623	0.05272	0.00342	0.00357
7	0.01588	0.09245	0.14134	0.01819	0.05603	0.10602	0.26676	0.02035	0.05083	0.10557	0.01302	0.03115	0.01002	0.00608	0.00647	0.00182	0.04082	0.00565	0.00351	0.00804
8	0.01409	0.33037	0.18957	0.01295	0.04016	0.07200	0.04272	0.01722	0.01263	0.04979	0.04942	0.06359	0.01273	0.00915	0.05819	0.00213	0.00747	0.00522	0.00319	0.00741
9	0.00846	0.00564	0.00634	0.00634	0.00634	0.00564	0.00352	0.00846	0.00846	0.01128	0.01832	0.03805	0.02114	0.79563	0.02960	0.00564	0.00564	0.00846	0.00352	0.00352
10	0.01703	0.01496	0.02034	0.07797	0.39709	0.04966	0.01479	0.25612	0.05230	0.02455	0.01240	0.01449	0.00965	0.00598	0.00576	0.00175	0.00685	0.00520	0.00397	0.00913
11	0.01511	0.05296	0.06290	0.04775	0.03968	0.04141	0.03686	0.12963	0.24174	0.08027	0.07030	0.06614	0.05205	0.02891	0.00658	0.00196	0.00562	0.00695	0.00506	0.00810
12	0.00843	0.00615	0.00922	0.00922	0.01019	0.00712	0.00712	0.01019	0.00922	0.01326	0.01520	0.02249	0.01423	0.04199	0.72064	0.06625	0.01485	0.00615	0.00307	0.00501
13	0.01447	0.01455	0.02716	0.06397	0.39109	0.01440	0.30198	0.06412	0.01426	0.01979	0.01143	0.01493	0.00903	0.00521	0.00620	0.00183	0.00806	0.00585	0.00308	0.00859
14	0.07255	0.01236	0.01737	0.33828	0.08177	0.01399	0.04359	0.22207	0.01640	0.07002	0.01236	0.01518	0.00914	0.00784	0.04056	0.00219	0.00734	0.00521	0.00393	0.00785
15	0.04625	0.01492	0.02461	0.02211	0.17915	0.01525	0.29944	0.19673	0.09863	0.02404	0.01332	0.01543	0.01007	0.00582	0.00615	0.00185	0.00758	0.00594	0.00399	0.00873
16	0.00731	0.00591	0.00650	0.00635	0.00812	0.00510	0.00476	0.00919	0.01429	0.01816	0.28377	0.05193	0.53061	0.01381	0.00687	0.00192	0.00288	0.01171	0.00572	0.00510
17	0.01583	0.01257	0.01409	0.01040	0.01538	0.01162	0.00845	0.28722	0.01780	0.02560	0.01170	0.01277	0.00909	0.00531	0.00487	0.00119	0.00509	0.00412	0.00434	0.52253
18	0.01243	0.01065	0.01103	0.00995	0.01236	0.06656	0.00765	0.06582	0.28874	0.02387	0.38173	0.03105	0.03472	0.00965	0.00632	0.00185	0.00424	0.00821	0.00593	0.00724
19	0.00948	0.00633	0.00876	0.00838	0.00974	0.00653	0.00638	0.01165	0.01250	0.06894	0.28690	0.03214	0.05307	0.07666	0.36948	0.00562	0.00914	0.00810	0.00469	0.00551
20	0.83671	0.01125	0.00855	0.00765	0.01125	0.01305	0.00630	0.01709	0.00990	0.02609	0.00810	0.00945	0.00630	0.00540	0.00360	0.00180	0.00450	0.00315	0.00360	0.00630
21	0.07011	0.00708	0.00754	0.00709	0.00906	0.00725	0.00542	0.01671	0.09660	0.09563	0.05733	0.07884	0.01834	0.00795	0.00481	0.00160	0.00332	0.00652	0.49247	0.00631
22	0.00711	0.00590	0.00611	0.00611	0.00790	0.00503	0.00454	0.00860	0.01315	0.01593	0.09877	0.05426	0.65070	0.06444	0.00835	0.00221	0.00316	0.02753	0.00534	0.00487
23	0.00744	0.00522	0.00689	0.00806	0.00856	0.00490	0.00554	0.00873	0.01164	0.01583	0.07763	0.67238	0.03819	0.01719	0.00726	0.00230	0.00340	0.05117	0.04285	0.00484
24	0.00752	0.00546	0.00716	0.00830	0.00885	0.00521	0.00571	0.00928	0.03879	0.01580	0.07461	0.68853	0.03846	0.01737	0.00736	0.00233	0.00347	0.04537	0.00547	0.00496
25	0.02095	0.05815	0.01689	0.01442	0.01764	0.62860	0.01102	0.07678	0.07139	0.01662	0.01041	0.01153	0.00843	0.00616	0.00527	0.00154	0.00957	0.00404	0.00340	0.00719
26	0.01633	0.01299	0.07813	0.07330	0.08200	0.01108	0.03812	0.13155	0.02568	0.17262	0.06462	0.02783	0.01355	0.00639	0.00553	0.00157	0.00571	0.00540	0.00462	0.22299
27	0.01942	0.15322	0.02124	0.01712	0.15928	0.01468	0.08407	0.15546	0.03915	0.24347	0.01503	0.01534	0.01078	0.00612	0.00553	0.00168	0.00628	0.00520	0.00475	0.02218
28	0.04160	0.00966	0.03741	0.20223	0.10736	0.00973	0.04408	0.01556	0.01260	0.07192	0.01725	0.02627	0.01501	0.00927	0.03395	0.00217	0.00613	0.13658	0.19456	0.00667
29	0.01555	0.10762	0.01572	0.01188	0.01547	0.05248	0.00954	0.08531	0.56783	0.02354	0.02032	0.01906	0.01540	0.00738	0.00562	0.00184	0.00522	0.00592	0.00536	0.00893
30	0.01480	0.06786	0.02312	0.05978	0.61197	0.01437	0.01657	0.01800	0.01303	0.05229	0.01111	0.01425	0.00920	0.00552	0.00625	0.00174	0.04317	0.00506	0.00302	0.00889
31	0.00854	0.00575	0.00749	0.00771	0.00883	0.00527	0.00553	0.01042	0.01393	0.05646	0.35549	0.36983	0.09358	0.01461	0.00705	0.00207	0.00314	0.01303	0.00594	0.00534
32	0.01009	0.00625	0.00791	0.00764	0.00929	0.00559	0.00566	0.01207	0.01448	0.12028	0.33121	0.23264	0.18775	0.01343	0.00687	0.00199	0.00324	0.01176	0.00605	0.00578
33	0.00719	0.00514	0.00687	0.00822	0.00860	0.00482	0.00558	0.00828	0.01124	0.01496	0.03199	0.75789	0.03823	0.01812	0.00745	0.00238	0.00347	0.04942	0.00540	0.00475
34	0.00948	0.00627	0.00746	0.00708	0.00859	0.00613	0.00533	0.01323	0.06948	0.02290	0.47955	0.03526	0.04006	0.01005	0.00595	0.00170	0.00287	0.00869	0.25418	0.00574
35	0.01203	0.01140	0.02070	0.40431	0.11665	0.01246	0.19271	0.01596	0.01241	0.01718	0.01192	0.01625	0.00915	0.00564	0.00583	0.00184	0.00748	0.00562	0.11348	0.00698
36	0.01774	0.11832	0.01582	0.01195	0.01502	0.36728	0.00940	0.06644	0.07059	0.04976	0.12860	0.01772	0.01663	0.00710	0.00533	0.00157	0.00726	0.00523	0.06118	0.00706
37	0.00967	0.00533	0.00800	0.00800	0.00824	0.00558	0.00558	0.00824	0.00800	0.01091	0.01140	0.01891	0.01116	0.02577	0.20108	0.63543	0.00755	0.00533	0.00267	0.00316
38	0.01562	0.11120	0.05793	0.07448	0.39557	0.16775	0.06020	0.01876	0.01361	0.01709	0.01019	0.01305	0.00845	0.00536	0.00547	0.00166	0.00786	0.00471	0.00282	0.00822
39	0.70518	0.01188	0.00978	0.00850	0.01221	0.01369	0.00698	0.10107	0.04571	0.02723	0.00949	0.01053	0.00724	0.00569	0.00396	0.00180	0.00472	0.00355	0.00396	0.00684
40	0.01527	0.01491	0.01865	0.02386	0.37928	0.10207	0.01367	0.02363	0.30427	0.02055	0.01574	0.01683	0.01239	0.00635	0.00576	0.00180	0.00641	0.00557	0.00409	0.00892
41	0.05719	0.01483	0.01604	0.01263	0.01678	0.04380	0.03682	0.49599	0.07742	0.06558	0.04952	0.01632	0.01276	0.00709	0.00570	0.00175	0.00602	0.00553	0.04920	0.00904
42	0.01003	0.00548	0.00828	0.06122	0.00989	0.00570	0.00585	0.00822	0.00796	0.01060	0.01062	0.01847	0.01051	0.04858	0.04994	0.71225	0.00565	0.00523	0.00259	0.00293
43	0.12551	0.01337	0.01338	0.01165	0.01517	0.03867	0.00926	0.17141	0.45537	0.02649	0.01942	0.01971	0.01487	0.00761	0.00564	0.00191	0.00516	0.03117	0.00548	0.00874
44	0.00775	0.00537	0.00652	0.00715	0.00738	0.00518	0.00444	0.00828	0.00989	0.01312	0.02624	0.39401	0.05551	0.40136	0.01834	0.00396	0.00447	0.01240	0.00447	0.00414
45	0.01206	0.01034	0.01206	0.00861	0.01378	0.00775	0.00689	0.01464	0.01206	0.01895	0.01034	0.01206	0.00861	0.00431	0.00431	0.00086	0.00431	0.00345	0.00345	0.83118
46	0.06696	0.01162	0.01721	0.35876	0.15918	0.01282	0.01375	0.10243	0.01463	0.16687	0.01322	0.01560	0.00948	0.00608	0.00567	0.00184	0.00669	0.00519	0.00399	0.00802
47	0.83671	0.01125	0.00855	0.00765	0.01125	0.01305	0.00630	0.01709	0.00990	0.02609	0.00810	0.00945	0.00630	0.00540	0.00360	0.00180	0.00450	0.00315	0.00360	0.00630
48	0.01439	0.01382	0.02360	0.03569	0.75936	0.01382	0.01785	0.01785	0.01324	0.01900	0.01094	0.01439	0.00921	0.00518	0.00576	0.00173	0.00691	0.00518	0.00288	0.00921
49	0.00795	0.00619	0.00773	0.00809	0.03993	0.00559	0.00564	0.01017	0.01485	0.01996	0.43720	0.10191	0.28740	0.01303	0.00686	0.00191	0.00303	0.01133	0.00584	0.00539
50	0.02141	0.06666	0.01719	0.01473	0.01782	0.73446	0.01117	0.02293	0.01624	0.01420	0.00894	0.01043	0.00749	0.00594	0.00517	0.00149	0.01027	0.00371	0.00297	0.00678
51	0.01275	0.02251	0.38073	0.02075	0.02792	0.01414	0.39866	0.01853	0.01304	0.01853	0.01114	0.01407	0.00813	0.00520	0.00623	0.00190	0.00923	0.00565	0.00271	0.00820
52	0.60045	0.01465	0.01088	0.00966	0.01300	0.16296	0.00775	0.03429	0.01166	0.03745	0.00866	0.01012	0.00684	0.00583	0.00481	0.00178	0.04569	0.00346	0.00354	0.00654
53	0.01166	0.03008	0.76550	0.01657	0.02517	0.01351	0.02149	0.01842	0.01228	0.01842	0.01044	0.01228	0.00737	0.00552	0.00552	0.00184	0.00859	0.00430	0.00246	0.00859
54	0.01762	0.10478	0.04004	0.04123	0.05069	0.01463	0.01037	0.26625	0.13657	0.11421	0.01796	0.04181	0.04696	0.00728	0.00558	0.00171	0.00565	0.00581	0.00506	0.06580
55	0.26417	0.32448	0.10462	0.01001	0.01492	0.01615	0.00983	0.01887	0.01199	0.12573	0.01059	0.01133	0.00815	0.00545	0.00423	0.00154	0.00570	0.00367	0.00354	0.04504
56	0.00869	0.00643	0.00836	0.02231	0.05584	0.00597	0.00648	0.01043	0.01279	0.05030	0.10655	0.29179	0.28315	0.01606	0.04564	0.00247	0.00426	0.05176	0.00525	0.00546
57	0.01474	0.42269	0.24367	0.01399	0.05019	0.01827	0.06005	0.01885	0.03946	0.05384	0.01045	0.01179	0.00832	0.00536	0.00473	0.00154	0.00705	0.00405	0.00289	0.00808
58	0.01650	0.00708	0.00842	0.00725	0.00977	0.00658	0.00573	0.01904	0.01385	0.29680	0.02044	0.02098	0.01472	0.00693	0.00473	0.00152	0.00354	0.00558	0.52348	0.00708
59	0.06317	0.00996	0.01327	0.01022	0.01468	0.00875	0.00844	0.02783	0.01634	0.72966	0.02226	0.01932	0.01402	0.00712	0.00575	0.00180	0.00493	0.00572	0.00703	0.00973
60	0.01439	0.00922	0.01357	0.26364	0.06087	0.00951	0.02082	0.01764	0.03689	0.22178	0.11573	0.02738	0.14707	0.00853	0.00615	0.00188	0.00540	0.00733	0.00494	0.00726
61	0.01098	0.01034	0.01744	0.78165	0.04005	0.01292	0.01615	0.01486	0.01163	0.01486	0.01034	0.01550	0.00775	0.00581	0.00581	0.00194	0.00775	0.00517	0.00258	0.00646
62	0.01166	0.03008	0.76550	0.01657	0.02517	0.01351	0.02149	0.01842	0.01228	0.01842	0.01044	0.01228	0.00737	0.00552	0.00552	0.00184	0.00859	0.00430	0.00246	0.00859
63	0.01147	0.00860	0.01008	0.00917	0.01142	0.00902	0.00704	0.01934	0.29171	0.06106	0.44394	0.03407	0.03888	0.01015	0.00645	0.00188	0.00355	0.00880	0.00626	0.00711
64	0.01031	0.00819	0.04524	0.01038	0.01217	0.00760	0.06972	0.01233	0.01078	0.07337	0.01938	0.11818	0.01950	0.19145	0.29952	0.00561	0.00952	0.06729	0.00393	0.00555
65	0.01166	0.03008	0.76550	0.01657	0.02517	0.01351	0.02149	0.01842	0.01228	0.01842	0.01044	0.01228	0.00737	0.00552	0.00552	0.00184	0.00859	0.00430	0.00246	0.00859
66	0.01166	0.03008	0.76550	0.01657	0.02517	0.01351	0.02149	0.01842	0.01228	0.01842	0.01044	0.01228	0.00737	0.00552	0.00552	0.00184	0.00859	0.00430	0.00246	0.00859
67	0.01303	0.00970	0.01010	0.00930	0.01182	0.01089	0.00717	0.02405	0.45778	0.02328	0.02181	0.02169	0.01663	0.00745	0.00519	0.00173	0.00385	0.00612	0.33071	0.00771
68	0.83671	0.01125	0.00855	0.00765	0.01125	0.01305	0.00630	0.01709	0.00990	0.02609	0.00810	0.00945	0.00630	0.00540	0.00360	0.00180	0.00450	0.00315	0.00360	0.00630
69	0.00837	0.00596	0.00797	0.00794	0.00855	0.00646	0.00556	0.00960	0.00942	0.01318	0.06404	0.03064	0.01993	0.36217	0.40697	0.00729	0.01052	0.00745	0.00350	0.00450
70	0.01602	0.74076	0.04532	0.01011	0.01514	0.02204	0.01012	0.01801	0.01208	0.05358	0.00892	0.00995	0.00783	0.00510	0.00388	0.00129	0.00620	0.00328	0.00274	0.00762
71	0.01265	0.00842	0.01029	0.00846	0.01167	0.00734	0.00663	0.01629	0.07368	0.14005	0.31153	0.02928	0.07635	0.00872	0.00586	0.00155	0.00373	0.00744	0.00554	0.25453
72	0.22753	0.01306	0.04328	0.10001	0.04352	0.07512	0.01004	0.09075	0.06025	0.06301	0.01460	0.09450	0.01294	0.00786	0.00599	0.00188	0.04224	0.03839	0.00414	0.05089
73	0.14330	0.14348	0.03164	0.02711	0.04139	0.06717	0.03543	0.04966	0.02372	0.04345	0.01305	0.01477	0.02105	0.00591	0.00473	0.00148	0.01747	0.00443	0.19590	0.11487

[dist]
# distance from previous block
# <min> <max>
11	81

[block]
# block no. 4 follows, 40 sequences, length 40
# corresponding to MSA columns:
# 449-488
name=unknown_E
#
# <colnr> <probs for GDERKNQSTAVLIFYWHMCP>
#	G	D	E	R	K	N	Q	S	T	A	V	L	I	F	Y	W	H	M	C	P
0	0.14906	0.09819	0.01689	0.01301	0.01666	0.38449	0.02536	0.13579	0.06073	0.03297	0.01073	0.01170	0.00844	0.00607	0.00501	0.00160	0.00801	0.00410	0.00373	0.00747
1	0.39171	0.13783	0.06035	0.01490	0.11188	0.01483	0.12539	0.01802	0.01165	0.05172	0.00978	0.01163	0.00765	0.00531	0.00461	0.00173	0.00617	0.00417	0.00331	0.00738
2	0.01403	0.01483	0.02944	0.02960	0.36245	0.01430	0.41008	0.01827	0.01350	0.01880	0.01139	0.01510	0.00900	0.00503	0.00636	0.00185	0.00848	0.00610	0.00291	0.00847
3	0.05430	0.01053	0.01778	0.53237	0.03280	0.01243	0.09925	0.01463	0.01161	0.01585	0.01269	0.10167	0.01122	0.00726	0.00658	0.00201	0.04108	0.00653	0.00299	0.00642
4	0.00968	0.00817	0.01171	0.25592	0.04516	0.00884	0.01035	0.01327	0.05390	0.01723	0.09950	0.04121	0.18461	0.01128	0.00676	0.00213	0.00535	0.20444	0.00453	0.00597
5	0.01322	0.01194	0.01674	0.32932	0.13215	0.01400	0.01348	0.04577	0.28813	0.01970	0.01542	0.01750	0.01177	0.00672	0.00639	0.00194	0.03816	0.00570	0.00398	0.00799
6	0.00950	0.00659	0.00866	0.00932	0.01059	0.00661	0.00762	0.03814	0.01345	0.01840	0.11427	0.12831	0.03239	0.06393	0.04191	0.00286	0.00510	0.39658	0.08043	0.00536
7	0.00834	0.00610	0.00870	0.00870	0.00952	0.00692	0.00647	0.00997	0.00916	0.01302	0.01617	0.02611	0.01595	0.20481	0.61333	0.00855	0.01345	0.00671	0.00320	0.00483
8	0.00754	0.00593	0.00686	0.00694	0.00855	0.00525	0.00529	0.00949	0.01411	0.01815	0.26839	0.10251	0.42383	0.01422	0.00702	0.00202	0.00314	0.07995	0.00570	0.00512
9	0.01345	0.00647	0.00752	0.00678	0.00884	0.00606	0.00525	0.01600	0.01386	0.17834	0.13744	0.02648	0.05974	0.00808	0.00503	0.00155	0.00320	0.00667	0.48290	0.00635
10	0.01238	0.01045	0.01396	0.18474	0.03267	0.01174	0.02966	0.06250	0.16427	0.02020	0.09163	0.03267	0.01637	0.00864	0.03024	0.00204	0.08654	0.00611	0.08535	0.09784
11	0.42933	0.15725	0.04573	0.01042	0.01435	0.18394	0.02203	0.03075	0.01221	0.02086	0.00876	0.01020	0.00709	0.00550	0.00417	0.00163	0.00640	0.00347	0.01912	0.00677
12	0.00823	0.00594	0.00777	0.00732	0.00869	0.00549	0.00549	0.01097	0.01646	0.02332	0.75629	0.04344	0.05487	0.01189	0.00686	0.00183	0.00274	0.01052	0.00640	0.00549
13	0.01261	0.05432	0.01327	0.00886	0.01400	0.00896	0.00721	0.04045	0.01259	0.01928	0.01034	0.01197	0.00859	0.00444	0.00433	0.00091	0.00449	0.00349	0.00348	0.75642
14	0.01325	0.06562	0.61547	0.01540	0.02301	0.04120	0.01896	0.01901	0.01273	0.07845	0.01199	0.03831	0.00897	0.00607	0.00551	0.00181	0.00808	0.00475	0.00296	0.00845
15	0.01571	0.46100	0.13342	0.01179	0.01690	0.01978	0.01179	0.12262	0.09719	0.01888	0.01101	0.01193	0.00896	0.00584	0.00503	0.00153	0.03109	0.00404	0.00335	0.00814
16	0.00927	0.00681	0.00830	0.00811	0.00892	0.00744	0.00556	0.01231	0.11496	0.01388	0.01819	0.03073	0.01849	0.43650	0.26938	0.00633	0.00874	0.00746	0.00373	0.00488
17	0.01596	0.01175	0.01386	0.02569	0.07529	0.05556	0.00891	0.05406	0.04031	0.16770	0.05976	0.01616	0.01296	0.00599	0.00556	0.00137	0.02910	0.00480	0.00446	0.39074
18	0.00989	0.00598	0.00692	0.00667	0.00703	0.00587	0.00393	0.01007	0.00912	0.07240	0.01870	0.03657	0.02059	0.73155	0.02767	0.00533	0.00558	0.00824	0.00382	0.00404
19	0.05574	0.05979	0.12179	0.01194	0.01673	0.01087	0.05530	0.02392	0.06030	0.43276	0.01901	0.04444	0.01334	0.00852	0.03702	0.00212	0.00618	0.00584	0.00552	0.00887
20	0.01174	0.01006	0.01168	0.00844	0.01341	0.00758	0.00674	0.01425	0.01213	0.01875	0.01336	0.01479	0.05515	0.00495	0.00447	0.00093	0.00422	0.00399	0.00357	0.77980
21	0.01152	0.01169	0.02341	0.01759	0.02160	0.01096	0.43462	0.01552	0.01467	0.02021	0.27539	0.02857	0.02659	0.00806	0.00693	0.00196	0.00704	0.05251	0.00431	0.00686
22	0.01602	0.01006	0.01153	0.01004	0.01312	0.01063	0.00789	0.02533	0.37410	0.20666	0.12529	0.02426	0.02176	0.00814	0.00580	0.00183	0.00419	0.00680	0.10816	0.00839
23	0.01098	0.01034	0.01744	0.78165	0.04005	0.01292	0.01615	0.01486	0.01163	0.01486	0.01034	0.01550	0.00775	0.00581	0.00581	0.00194	0.00775	0.00517	0.00258	0.00646
24	0.01439	0.01382	0.02360	0.03569	0.75936	0.01382	0.01785	0.01785	0.01324	0.01900	0.01094	0.01439	0.00921	0.00518	0.00576	0.00173	0.00691	0.00518	0.00288	0.00921
25	0.01166	0.03008	0.76550	0.01657	0.02517	0.01351	0.02149	0.01842	0.01228	0.01842	0.01044	0.01228	0.00737	0.00552	0.00552	0.00184	0.00859	0.00430	0.00246	0.00859
26	0.00729	0.00591	0.00647	0.00633	0.00811	0.00509	0.00475	0.00916	0.01425	0.01806	0.27446	0.05209	0.53998	0.01385	0.00687	0.00192	0.00288	0.01173	0.00571	0.00509
27	0.02153	0.06369	0.01830	0.01463	0.07772	0.01691	0.01125	0.55489	0.02401	0.11731	0.01438	0.01438	0.01020	0.00674	0.00569	0.00172	0.00626	0.00517	0.00553	0.00969
28	0.01503	0.01325	0.11505	0.07794	0.13542	0.01141	0.01206	0.07215	0.14590	0.15524	0.01958	0.16675	0.01702	0.00878	0.00610	0.00194	0.00571	0.00763	0.00483	0.00821
29	0.00900	0.00624	0.00729	0.00685	0.00877	0.00545	0.00520	0.01106	0.01487	0.07964	0.34637	0.04781	0.40428	0.01293	0.00678	0.00189	0.00302	0.01102	0.00596	0.00556
30	0.04460	0.08329	0.28914	0.04705	0.13848	0.01411	0.19044	0.01906	0.01304	0.08903	0.01174	0.01391	0.00865	0.00544	0.00571	0.00180	0.00790	0.00509	0.00314	0.00838
31	0.00971	0.00519	0.00728	0.00728	0.00728	0.00519	0.00468	0.00779	0.00779	0.01038	0.01207	0.02257	0.01275	0.20624	0.02438	0.63283	0.00519	0.00587	0.00276	0.00276
32	0.00984	0.00788	0.01019	0.00936	0.00948	0.00949	0.00673	0.01038	0.00909	0.01290	0.06010	0.02907	0.01830	0.44275	0.05040	0.03827	0.25058	0.00731	0.00334	0.00455
33	0.03238	0.27175	0.11443	0.06569	0.04036	0.01527	0.01125	0.05473	0.07446	0.08542	0.01201	0.01304	0.00933	0.00553	0.00475	0.00145	0.00599	0.00418	0.00359	0.17438
34	0.00770	0.00557	0.00654	0.00686	0.00756	0.00520	0.00450	0.00866	0.01129	0.01481	0.12703	0.25332	0.19085	0.30610	0.01549	0.00343	0.00404	0.01181	0.00483	0.00442
35	0.01655	0.49820	0.06997	0.05896	0.01750	0.11806	0.01123	0.01878	0.01268	0.07506	0.00967	0.01107	0.00805	0.00565	0.00514	0.00147	0.04780	0.00372	0.00294	0.00751
36	0.03155	0.17701	0.04478	0.01446	0.07510	0.15615	0.03682	0.19021	0.02998	0.15742	0.02439	0.01399	0.01036	0.00623	0.00530	0.00162	0.00697	0.00473	0.00440	0.00851
37	0.00710	0.00525	0.00664	0.00767	0.00834	0.00479	0.00523	0.00827	0.01174	0.01537	0.06827	0.62857	0.16687	0.01732	0.00730	0.00227	0.00327	0.01551	0.00544	0.00479
38	0.01199	0.01034	0.01239	0.05634	0.01540	0.00807	0.00746	0.01466	0.01203	0.01870	0.01034	0.01227	0.00856	0.00440	0.00440	0.00093	0.00452	0.00355	0.00339	0.78026
39	0.01468	0.01487	0.06732	0.02947	0.56023	0.03845	0.01622	0.08414	0.01485	0.02079	0.07170	0.01645	0.01281	0.00594	0.00582	0.00174	0.00674	0.00552	0.00341	0.00885

[dist]
# distance from previous block
# <min> <max>
0	9

[block]
# block no. 5 follows, 40 sequences, length 22
# corresponding to MSA columns:
# 500-521
name=unknown_F
#
# <colnr> <probs for GDERKNQSTAVLIFYWHMCP>
#	G	D	E	R	K	N	Q	S	T	A	V	L	I	F	Y	W	H	M	C	P
0	0.01696	0.01294	0.01370	0.01183	0.01529	0.04834	0.00934	0.13492	0.45658	0.11961	0.02083	0.01987	0.01543	0.01032	0.06474	0.00246	0.00603	0.00612	0.00572	0.00898
1	0.00918	0.00553	0.00778	0.00778	0.00808	0.00583	0.00531	0.00860	0.00830	0.01137	0.01371	0.02420	0.01410	0.21853	0.23999	0.39077	0.00822	0.00623	0.00294	0.00354
2	0.28606	0.01314	0.01202	0.01010	0.01374	0.09674	0.00812	0.14396	0.07202	0.18229	0.01467	0.01474	0.01054	0.00645	0.00486	0.00172	0.00541	0.00464	0.09092	0.00785
3	0.00808	0.00583	0.00764	0.00742	0.00866	0.00539	0.00548	0.01061	0.01578	0.02223	0.66345	0.13937	0.05277	0.01270	0.00693	0.00190	0.00282	0.01129	0.00627	0.00539
4	0.00975	0.00839	0.04583	0.06911	0.01359	0.00802	0.00854	0.01360	0.10629	0.03696	0.02731	0.36140	0.04982	0.03512	0.00810	0.00238	0.03291	0.15198	0.00499	0.00591
5	0.01192	0.01034	0.01275	0.10770	0.01715	0.00841	0.00808	0.01467	0.01200	0.01842	0.01034	0.01250	0.00850	0.00450	0.00450	0.00100	0.00475	0.00367	0.00333	0.72547
6	0.00891	0.00636	0.00740	0.00706	0.00796	0.00602	0.00459	0.00959	0.00955	0.01302	0.02001	0.03707	0.05388	0.56980	0.05214	0.00477	0.00570	0.06256	0.00372	0.10988
7	0.00843	0.00606	0.00824	0.00935	0.01039	0.00587	0.00751	0.01053	0.01297	0.01713	0.10681	0.29739	0.06272	0.01628	0.00767	0.00246	0.00436	0.39520	0.00548	0.00515
8	0.08415	0.11462	0.04500	0.07306	0.10060	0.01493	0.01117	0.26167	0.01732	0.05580	0.01169	0.01300	0.00891	0.00577	0.00507	0.00154	0.00601	0.00444	0.00413	0.16113
9	0.10416	0.07236	0.02007	0.35184	0.10732	0.01477	0.09547	0.01591	0.01144	0.01675	0.00972	0.01382	0.00783	0.00621	0.00758	0.00194	0.12814	0.00497	0.00276	0.00696
10	0.00738	0.00528	0.00700	0.00794	0.00847	0.00498	0.00541	0.00869	0.01190	0.01614	0.15690	0.60616	0.03982	0.04717	0.03527	0.00264	0.00378	0.01482	0.00542	0.00483
11	0.01205	0.01133	0.01910	0.42243	0.32673	0.01265	0.01601	0.01554	0.01224	0.01652	0.01225	0.07467	0.01070	0.00651	0.00591	0.00189	0.00708	0.00605	0.00292	0.00743
12	0.01167	0.01112	0.01834	0.58083	0.13580	0.01367	0.01594	0.01516	0.01150	0.01532	0.01007	0.01499	0.00794	0.00629	0.00751	0.00199	0.10726	0.00516	0.00262	0.00683
13	0.01014	0.00507	0.00747	0.00747	0.00754	0.00507	0.00500	0.00786	0.00780	0.01066	0.01053	0.01787	0.01033	0.01956	0.02183	0.79108	0.00494	0.00507	0.04206	0.00266
14	0.00875	0.00738	0.01041	0.00924	0.01146	0.00678	0.09928	0.01157	0.04025	0.01810	0.15249	0.09292	0.36322	0.01254	0.00677	0.00199	0.00407	0.07195	0.06525	0.00559
15	0.01563	0.01558	0.11391	0.08028	0.29889	0.06227	0.01442	0.07421	0.08131	0.10447	0.01695	0.01823	0.06471	0.00663	0.00581	0.00179	0.00666	0.00570	0.00398	0.00857
16	0.07692	0.01371	0.02059	0.22790	0.20189	0.07002	0.14709	0.06231	0.03283	0.03301	0.04904	0.01599	0.01106	0.00594	0.00584	0.00183	0.00742	0.00555	0.00339	0.00767
17	0.01459	0.12925	0.07264	0.07858	0.15222	0.09336	0.09299	0.04556	0.04813	0.01724	0.01072	0.02493	0.00905	0.00662	0.00812	0.00184	0.15881	0.00504	0.00303	0.02727
18	0.08743	0.01369	0.01855	0.12157	0.37143	0.07540	0.01404	0.06226	0.04564	0.03517	0.06564	0.01624	0.01242	0.00625	0.00602	0.00179	0.02945	0.00535	0.00356	0.00810
19	0.15046	0.01377	0.01870	0.03430	0.15569	0.07087	0.13913	0.06794	0.04365	0.04029	0.02221	0.01687	0.02035	0.03690	0.00811	0.00203	0.09918	0.02427	0.00360	0.03166
20	0.29920	0.02590	0.04059	0.04174	0.14472	0.08704	0.01043	0.09724	0.06002	0.03464	0.04820	0.01575	0.03024	0.00645	0.00502	0.00176	0.00589	0.01407	0.00397	0.02713
21	0.11805	0.01404	0.01831	0.14435	0.30626	0.06044	0.01373	0.15233	0.05073	0.04939	0.01197	0.01419	0.00923	0.00590	0.00549	0.00177	0.00669	0.00494	0.00377	0.00841

[dist]
# distance from previous block
# <min> <max>
48	139

[block]
# block no. 6 follows, 40 sequences, length 18
# corresponding to MSA columns:
# 685-698,704-707
name=unknown_G
#
# <colnr> <probs for GDERKNQSTAVLIFYWHMCP>
#	G	D	E	R	K	N	Q	S	T	A	V	L	I	F	Y	W	H	M	C	P
0	0.18353	0.04364	0.07619	0.01517	0.10813	0.10158	0.03378	0.21602	0.08139	0.02516	0.05185	0.01472	0.01158	0.00642	0.00530	0.00175	0.00647	0.00494	0.00425	0.00817
1	0.03790	0.14786	0.05658	0.01512	0.14895	0.09028	0.01068	0.03923	0.07980	0.14063	0.06268	0.01918	0.01462	0.10233	0.00829	0.00215	0.00621	0.00556	0.00419	0.00775
2	0.44805	0.06256	0.01423	0.18927	0.01985	0.01441	0.03727	0.11651	0.01298	0.02386	0.00957	0.01171	0.00730	0.00567	0.00455	0.00179	0.00583	0.00405	0.00357	0.00697
3	0.00937	0.00531	0.00703	0.00703	0.00703	0.00531	0.00437	0.00797	0.00797	0.01062	0.01376	0.02675	0.01501	0.36530	0.02579	0.46357	0.00531	0.00657	0.00297	0.00297
4	0.02022	0.10835	0.01825	0.01296	0.01726	0.10973	0.01069	0.46901	0.12566	0.02952	0.01404	0.01409	0.01042	0.00675	0.00552	0.00169	0.00662	0.00500	0.00510	0.00913
5	0.00939	0.01392	0.25883	0.01030	0.01395	0.00816	0.01062	0.01323	0.01439	0.02067	0.44640	0.03265	0.03626	0.07631	0.00835	0.00216	0.00493	0.00828	0.00485	0.00635
6	0.01400	0.21212	0.46867	0.06020	0.02256	0.01527	0.01710	0.01895	0.01256	0.09132	0.01111	0.01251	0.00811	0.00558	0.00514	0.00170	0.00761	0.00422	0.00294	0.00832
7	0.01447	0.25054	0.46493	0.01393	0.02100	0.01568	0.01664	0.01928	0.01265	0.10384	0.01121	0.01230	0.00821	0.00556	0.00504	0.00166	0.00748	0.00413	0.00302	0.00842
8	0.00937	0.00669	0.00937	0.01071	0.01205	0.00669	0.00937	0.01205	0.01339	0.01740	0.03079	0.06560	0.03347	0.01606	0.00803	0.00268	0.00535	0.72021	0.00535	0.00535
9	0.00824	0.00555	0.00641	0.00662	0.00667	0.00549	0.00382	0.00840	0.00888	0.01184	0.02048	0.15670	0.02387	0.67327	0.02611	0.00512	0.00528	0.00973	0.00382	0.00371
10	0.01887	0.01466	0.06347	0.14352	0.09320	0.05094	0.08904	0.19725	0.03269	0.21525	0.01491	0.01584	0.01042	0.00634	0.00589	0.00181	0.00695	0.00545	0.00472	0.00880
11	0.01457	0.00822	0.01065	0.00986	0.04412	0.00773	0.00728	0.01857	0.09618	0.25111	0.35217	0.03365	0.10157	0.00997	0.00640	0.00184	0.00383	0.00857	0.00635	0.00737
12	0.02172	0.02772	0.01648	0.01498	0.01798	0.77228	0.01124	0.02322	0.01648	0.01423	0.00899	0.01049	0.00749	0.00599	0.00524	0.00150	0.01049	0.00375	0.00300	0.00674
13	0.01367	0.02696	0.62290	0.01646	0.04654	0.01362	0.01955	0.08732	0.01402	0.06857	0.01160	0.01299	0.00812	0.00576	0.00558	0.00183	0.00810	0.00451	0.00309	0.00882
14	0.01160	0.01280	0.08380	0.40468	0.16321	0.01248	0.09880	0.01554	0.01241	0.01651	0.01504	0.02018	0.06356	0.00667	0.00607	0.00193	0.00746	0.03714	0.00299	0.00714
15	0.00707	0.00514	0.00667	0.00790	0.00838	0.00474	0.00531	0.00812	0.01133	0.01492	0.03449	0.72493	0.10379	0.01790	0.00737	0.00233	0.00333	0.01614	0.00540	0.00474
16	0.01299	0.01185	0.01294	0.01176	0.01446	0.06686	0.05200	0.02360	0.45698	0.02078	0.02497	0.20025	0.04501	0.01019	0.00630	0.00203	0.00500	0.00888	0.00539	0.00777
17	0.72425	0.06364	0.01055	0.00833	0.01197	0.06874	0.00689	0.01756	0.01050	0.02442	0.00816	0.00951	0.00646	0.00541	0.00373	0.00174	0.00504	0.00319	0.00348	0.00641

[dist]
# distance from previous block
# <min> <max>
0	1

[block]
# block no. 7 follows, 40 sequences, length 16
# corresponding to MSA columns:
# 709-717,724-730
name=unknown_H
#
# <colnr> <probs for GDERKNQSTAVLIFYWHMCP>
#	G	D	E	R	K	N	Q	S	T	A	V	L	I	F	Y	W	H	M	C	P
0	0.01242	0.01181	0.02069	0.30917	0.10551	0.01305	0.18369	0.01683	0.05557	0.03634	0.09225	0.01867	0.01399	0.00674	0.00736	0.00196	0.07709	0.00624	0.00342	0.00720
1	0.01387	0.01301	0.02099	0.08141	0.57288	0.01343	0.01595	0.01907	0.11268	0.01965	0.04972	0.01690	0.01254	0.00592	0.00584	0.00178	0.00645	0.00563	0.00344	0.00884
2	0.00842	0.00617	0.00707	0.00673	0.00777	0.00577	0.00441	0.00931	0.01044	0.01394	0.08148	0.03885	0.17576	0.45217	0.07103	0.00441	0.00541	0.00881	0.00410	0.07795
3	0.08695	0.01894	0.30740	0.04404	0.03845	0.01328	0.01405	0.12452	0.14994	0.02333	0.10662	0.01808	0.01556	0.00696	0.00565	0.00185	0.00637	0.00559	0.00419	0.00823
4	0.00831	0.00623	0.00935	0.00935	0.01038	0.00727	0.00727	0.01038	0.00935	0.01350	0.01558	0.02285	0.01454	0.04361	0.77259	0.00935	0.01558	0.00623	0.00312	0.00519
5	0.01635	0.70069	0.02876	0.01049	0.01532	0.07411	0.01010	0.05984	0.01304	0.01506	0.00849	0.00968	0.00761	0.00516	0.00396	0.00129	0.00652	0.00328	0.00272	0.00755
6	0.83671	0.01125	0.00855	0.00765	0.01125	0.01305	0.00630	0.01709	0.00990	0.02609	0.00810	0.00945	0.00630	0.00540	0.00360	0.00180	0.00450	0.00315	0.00360	0.00630
7	0.02172	0.02772	0.01648	0.01498	0.01798	0.77228	0.01124	0.02322	0.01648	0.01423	0.00899	0.01049	0.00749	0.00599	0.00524	0.00150	0.01049	0.00375	0.00300	0.00674
8	0.01206	0.01034	0.01206	0.00861	0.01378	0.00775	0.00689	0.01464	0.01206	0.01895	0.01034	0.01206	0.00861	0.00431	0.00431	0.00086	0.00431	0.00345	0.00345	0.83118
9	0.01292	0.01331	0.02109	0.01710	0.01827	0.01719	0.15691	0.01492	0.00986	0.01492	0.00845	0.01331	0.00787	0.00913	0.01666	0.00243	0.63092	0.00544	0.00262	0.00666
10	0.01358	0.34127	0.13441	0.03713	0.01739	0.07136	0.06023	0.01758	0.07273	0.01640	0.05631	0.08272	0.04175	0.00729	0.00518	0.00164	0.00648	0.00586	0.00341	0.00727
11	0.00846	0.00564	0.00634	0.00634	0.00634	0.00564	0.00352	0.00846	0.00846	0.01128	0.01832	0.03805	0.02114	0.79563	0.02960	0.00564	0.00564	0.00846	0.00352	0.00352
12	0.53118	0.04997	0.07034	0.00924	0.01338	0.01312	0.00829	0.08154	0.01277	0.10685	0.04768	0.01289	0.01006	0.00605	0.00436	0.00177	0.00503	0.00408	0.00419	0.00720
13	0.01612	0.07534	0.13449	0.04381	0.31130	0.12611	0.04169	0.04874	0.06059	0.06897	0.01211	0.01401	0.00941	0.00572	0.00556	0.00171	0.00747	0.00488	0.00340	0.00857
14	0.11654	0.05721	0.03656	0.01310	0.11266	0.03018	0.02872	0.05034	0.01353	0.04049	0.13948	0.01838	0.01686	0.00886	0.05692	0.00200	0.00583	0.00530	0.00398	0.24307
