[name]
unknown

[dist]
# distance from previous block
# <min> <max>
0	79

[block]
# block no. 0 follows, 49 sequences, length 169
# corresponding to MSA columns:
# 94-171,173-263
name=unknown_A
#
# <colnr> <probs for GDERKNQSTAVLIFYWHMCP>
#	G	D	E	R	K	N	Q	S	T	A	V	L	I	F	Y	W	H	M	C	P
0	0.01174	0.00852	0.00964	0.01853	0.01126	0.06049	0.00716	0.08523	0.05683	0.10528	0.20939	0.05015	0.02507	0.00944	0.00587	0.01259	0.00427	0.21116	0.01549	0.08188
1	0.00961	0.00799	0.01207	0.04923	0.27643	0.00798	0.00898	0.01135	0.01020	0.03846	0.01785	0.26561	0.04852	0.11751	0.00869	0.00213	0.03997	0.00810	0.00347	0.05585
2	0.00993	0.00673	0.00816	0.00738	0.00926	0.00664	0.00567	0.01465	0.17255	0.10655	0.49106	0.03235	0.09006	0.00934	0.00570	0.00162	0.00295	0.00809	0.00549	0.00583
3	0.01049	0.00899	0.01049	0.00749	0.01198	0.00674	0.00599	0.01273	0.01049	0.01648	0.00899	0.01049	0.00749	0.00374	0.00374	0.00075	0.00374	0.00300	0.00300	0.85320
4	0.01025	0.02542	0.75071	0.01482	0.02215	0.01181	0.06331	0.01602	0.01075	0.01602	0.00914	0.01085	0.00648	0.00477	0.00487	0.00161	0.00754	0.00387	0.00216	0.00743
5	0.01869	0.01390	0.01487	0.01153	0.01548	0.01543	0.00948	0.71370	0.08483	0.03101	0.01282	0.01268	0.00915	0.00613	0.00507	0.00153	0.00544	0.00465	0.00507	0.00855
6	0.00765	0.00535	0.00652	0.00612	0.00762	0.00476	0.00463	0.00966	0.01344	0.06135	0.51309	0.04006	0.27920	0.01089	0.00592	0.00163	0.00255	0.00940	0.00533	0.00483
7	0.00693	0.00554	0.00639	0.00733	0.00781	0.04864	0.00498	0.00792	0.01021	0.01332	0.07177	0.72757	0.03279	0.01492	0.00632	0.00198	0.00325	0.01345	0.00463	0.00424
8	0.01186	0.01123	0.01902	0.02857	0.71003	0.01120	0.01440	0.01465	0.01133	0.01615	0.01140	0.09560	0.01063	0.00567	0.00516	0.00156	0.00569	0.00552	0.00273	0.00761
9	0.01249	0.01208	0.02092	0.03063	0.75847	0.01205	0.04748	0.01555	0.01153	0.01651	0.00954	0.01256	0.00800	0.00450	0.00505	0.00151	0.00611	0.00457	0.00251	0.00796
10	0.01100	0.01128	0.06361	0.49301	0.03045	0.01150	0.23236	0.01469	0.01091	0.05761	0.00996	0.01358	0.00731	0.00488	0.00531	0.00168	0.00716	0.00491	0.00255	0.00624
11	0.01443	0.00907	0.01434	0.46926	0.08197	0.00994	0.01180	0.01727	0.01176	0.29042	0.01292	0.01473	0.00888	0.00544	0.00506	0.00163	0.00582	0.00470	0.00369	0.00685
12	0.01352	0.01040	0.01164	0.05740	0.01427	0.01174	0.00823	0.05659	0.58822	0.10381	0.05309	0.01891	0.01573	0.00681	0.00517	0.00168	0.00419	0.00568	0.00511	0.00781
13	0.01030	0.05888	0.05390	0.01514	0.04895	0.00998	0.37235	0.01327	0.01138	0.03764	0.05463	0.21157	0.06295	0.00797	0.00581	0.00173	0.00606	0.00807	0.00341	0.00602
14	0.01458	0.07851	0.32771	0.01351	0.06437	0.01095	0.07772	0.01879	0.04256	0.25766	0.01342	0.03642	0.00965	0.00555	0.00494	0.00157	0.00606	0.00470	0.00367	0.00765
15	0.01467	0.01329	0.13887	0.01956	0.28221	0.01056	0.15519	0.01803	0.01240	0.23308	0.04248	0.01472	0.01048	0.00522	0.00521	0.00158	0.00609	0.00500	0.00362	0.00775
16	0.00743	0.00559	0.00721	0.04048	0.00918	0.00509	0.02800	0.00920	0.01216	0.04982	0.27035	0.17006	0.34331	0.01168	0.00597	0.00172	0.00300	0.01017	0.00486	0.00472
17	0.01704	0.01037	0.01625	0.01876	0.33254	0.00987	0.05319	0.04076	0.03346	0.36606	0.01518	0.04015	0.01102	0.00574	0.00515	0.00156	0.00522	0.00519	0.00440	0.00811
18	0.01873	0.03634	0.12623	0.01152	0.06919	0.00949	0.00978	0.03973	0.09529	0.50387	0.01714	0.01572	0.01136	0.00593	0.00499	0.00157	0.00491	0.00483	0.00513	0.00827
19	0.01515	0.11547	0.07294	0.07389	0.28712	0.01210	0.04790	0.06287	0.03684	0.20828	0.01224	0.01328	0.00898	0.00513	0.00484	0.00150	0.00570	0.00447	0.00358	0.00774
20	0.01605	0.01001	0.01612	0.19594	0.19054	0.01002	0.08196	0.01929	0.04500	0.34135	0.01430	0.01507	0.00989	0.00544	0.00515	0.00160	0.00561	0.00493	0.00413	0.00761
21	0.01608	0.02878	0.11965	0.01243	0.11586	0.00861	0.01894	0.01909	0.04024	0.39305	0.07524	0.09918	0.01579	0.00707	0.00522	0.00161	0.00474	0.00606	0.00481	0.00753
22	0.01737	0.01274	0.17268	0.01272	0.08300	0.00914	0.06020	0.04484	0.01357	0.43975	0.06888	0.01650	0.01287	0.00596	0.00514	0.00158	0.00528	0.00508	0.00477	0.00794
23	0.01728	0.05871	0.07231	0.01512	0.21881	0.00964	0.01032	0.02006	0.03362	0.41819	0.01612	0.06248	0.01184	0.00616	0.00502	0.00156	0.00496	0.00526	0.00460	0.00796
24	0.01856	0.00931	0.01287	0.07915	0.03949	0.00897	0.03888	0.11200	0.03545	0.47832	0.07856	0.01771	0.01411	0.00633	0.00515	0.00157	0.00468	0.00532	0.02572	0.00784
25	0.01341	0.03574	0.04409	0.03293	0.16342	0.00885	0.01876	0.03765	0.07386	0.22222	0.15987	0.07473	0.03809	0.00885	0.04291	0.00190	0.00487	0.00641	0.00452	0.00692
26	0.01811	0.08715	0.14679	0.01215	0.07199	0.01029	0.04363	0.04401	0.03654	0.45405	0.01553	0.01467	0.01036	0.00563	0.00490	0.00153	0.00528	0.00464	0.00468	0.00808
27	0.01836	0.11006	0.06236	0.04354	0.03339	0.00982	0.00862	0.06517	0.02295	0.48305	0.01893	0.01756	0.07080	0.00634	0.00491	0.00152	0.00472	0.00508	0.00503	0.00779
28	0.01229	0.01250	0.09764	0.07402	0.43438	0.01122	0.04389	0.03815	0.07437	0.05786	0.08236	0.01550	0.01224	0.00542	0.00513	0.00156	0.00571	0.00504	0.00321	0.00750
29	0.01468	0.01027	0.03261	0.01800	0.31623	0.00965	0.04658	0.03731	0.05920	0.24378	0.14163	0.01843	0.01627	0.00615	0.00524	0.00156	0.00494	0.00556	0.00432	0.00760
30	0.01365	0.06936	0.03466	0.03689	0.23464	0.01265	0.03178	0.01646	0.05364	0.15398	0.01143	0.03492	0.00931	0.00660	0.00854	0.00174	0.25465	0.00481	0.00325	0.00703
31	0.03842	0.03044	0.01428	0.31812	0.07587	0.05716	0.01082	0.04201	0.01243	0.30859	0.01302	0.01418	0.00901	0.00559	0.00525	0.00160	0.02772	0.00455	0.00391	0.00704
32	0.01423	0.01027	0.03869	0.15969	0.28867	0.01007	0.01167	0.03859	0.01236	0.22916	0.05347	0.03685	0.03220	0.00610	0.00556	0.00160	0.03441	0.00529	0.00381	0.00729
33	0.01625	0.01169	0.06844	0.01639	0.20813	0.01053	0.09252	0.06313	0.11569	0.30033	0.01513	0.01554	0.01078	0.02531	0.00565	0.00166	0.00544	0.00505	0.00436	0.00798
34	0.01151	0.20151	0.01639	0.01523	0.25067	0.09589	0.00952	0.01373	0.01231	0.01600	0.24981	0.05297	0.02082	0.00682	0.00490	0.00143	0.00495	0.00580	0.00347	0.00626
35	0.01180	0.01037	0.01637	0.38499	0.31485	0.03653	0.01340	0.01477	0.01126	0.07420	0.03180	0.01496	0.03227	0.00532	0.00507	0.00159	0.00612	0.00481	0.00282	0.00669
36	0.03870	0.03217	0.17858	0.01831	0.18140	0.01131	0.25402	0.01637	0.04264	0.08036	0.06204	0.01562	0.03422	0.00535	0.00528	0.00160	0.00647	0.00530	0.00313	0.00714
37	0.01117	0.09681	0.09047	0.01186	0.12811	0.00942	0.02881	0.01491	0.09846	0.10963	0.08456	0.02628	0.25306	0.00800	0.00522	0.00157	0.00438	0.00674	0.00409	0.00643
38	0.01403	0.00689	0.00874	0.00765	0.00979	0.00639	0.00586	0.01606	0.05604	0.34174	0.04191	0.05092	0.09909	0.20841	0.01087	0.02494	0.00420	0.07552	0.00493	0.00600
39	0.00953	0.00673	0.03157	0.00853	0.07268	0.00610	0.00548	0.01094	0.03015	0.09850	0.10563	0.05572	0.07409	0.44429	0.01634	0.00338	0.00447	0.00738	0.00384	0.00466
40	0.01487	0.01184	0.06913	0.02293	0.49365	0.01061	0.01311	0.01808	0.03328	0.21976	0.03414	0.01449	0.01039	0.00521	0.00504	0.00153	0.00550	0.00477	0.00362	0.00804
41	0.01521	0.01413	0.01544	0.31380	0.04356	0.18181	0.03183	0.26737	0.01574	0.03807	0.01009	0.01217	0.00751	0.00542	0.00497	0.00154	0.00683	0.00430	0.00337	0.00683
42	0.11504	0.00896	0.01112	0.00870	0.01237	0.00839	0.00716	0.08450	0.01435	0.59924	0.01766	0.01588	0.01143	0.00605	0.00477	0.00154	0.00425	0.00476	0.05579	0.00802
43	0.01190	0.02197	0.58223	0.01599	0.10474	0.01135	0.05819	0.01694	0.01126	0.10312	0.01040	0.01177	0.00733	0.00490	0.00492	0.00159	0.00702	0.00409	0.00266	0.00762
44	0.01227	0.01241	0.04213	0.06026	0.64117	0.01207	0.09212	0.01580	0.03209	0.01645	0.00985	0.01279	0.00808	0.00457	0.00510	0.00154	0.00628	0.00466	0.00256	0.00778
45	0.00722	0.00542	0.00813	0.00813	0.00903	0.00632	0.00632	0.00903	0.00813	0.01174	0.01354	0.01987	0.01264	0.03792	0.80225	0.00813	0.01354	0.00542	0.00271	0.00451
46	0.01176	0.09542	0.07925	0.00842	0.01124	0.00784	0.02769	0.01421	0.01310	0.19605	0.33215	0.04803	0.07406	0.00861	0.00544	0.00160	0.00391	0.05030	0.00486	0.00607
47	0.01536	0.03554	0.14689	0.02028	0.36500	0.03563	0.03430	0.01847	0.01232	0.24787	0.01245	0.01342	0.00899	0.00509	0.00496	0.00153	0.00589	0.00450	0.00356	0.00796
48	0.01014	0.02616	0.79609	0.01441	0.02189	0.01174	0.01868	0.01601	0.01068	0.01601	0.00907	0.01068	0.00641	0.00480	0.00480	0.00160	0.00747	0.00374	0.00214	0.00747
49	0.00722	0.00542	0.00813	0.00813	0.00903	0.00632	0.00632	0.00903	0.00813	0.01174	0.01354	0.01987	0.01264	0.03792	0.80225	0.00813	0.01354	0.00542	0.00271	0.00451
50	0.01239	0.03701	0.10420	0.31578	0.24522	0.03345	0.04589	0.01598	0.02989	0.09639	0.01054	0.01314	0.00791	0.00499	0.00499	0.00158	0.00639	0.00448	0.00282	0.00696
51	0.01731	0.03341	0.01885	0.01418	0.04212	0.01029	0.28067	0.04960	0.04599	0.38913	0.01572	0.03530	0.01097	0.00569	0.00538	0.00162	0.00590	0.00555	0.00457	0.00775
52	0.01267	0.00884	0.04439	0.04476	0.01350	0.00805	0.07495	0.04092	0.11708	0.21687	0.02474	0.15633	0.13891	0.00925	0.00567	0.00176	0.00444	0.06562	0.00476	0.00646
53	0.01042	0.06542	0.63790	0.01471	0.02156	0.01209	0.11164	0.01574	0.01084	0.01576	0.01033	0.01201	0.02914	0.00494	0.00490	0.00159	0.00736	0.00416	0.00226	0.00725
54	0.01386	0.01397	0.05474	0.12379	0.42490	0.13950	0.03045	0.01665	0.01189	0.08102	0.00996	0.01238	0.00786	0.00499	0.00533	0.00153	0.03279	0.00434	0.00278	0.00728
55	0.01480	0.24760	0.07817	0.01310	0.01758	0.01322	0.24463	0.05057	0.01236	0.19739	0.01250	0.05469	0.00976	0.00547	0.00488	0.00149	0.00614	0.00503	0.00350	0.00713
56	0.01752	0.01368	0.07046	0.02517	0.01452	0.19313	0.03278	0.10317	0.01434	0.31829	0.01611	0.13057	0.01302	0.00719	0.00517	0.00158	0.00577	0.00587	0.00456	0.00712
57	0.00678	0.00535	0.00614	0.00591	0.00741	0.00481	0.00444	0.00906	0.04057	0.01712	0.40513	0.04235	0.40388	0.01140	0.00594	0.00165	0.00253	0.00976	0.00513	0.00465
58	0.01152	0.17779	0.03841	0.18506	0.03934	0.01060	0.04234	0.01417	0.03771	0.12231	0.04697	0.14899	0.08900	0.00778	0.00507	0.00160	0.00492	0.00667	0.00367	0.00606
59	0.01159	0.01003	0.00959	0.01026	0.05655	0.18838	0.00715	0.01295	0.01153	0.10053	0.02068	0.37382	0.02230	0.04375	0.00662	0.00194	0.00497	0.09789	0.00419	0.00527
60	0.00955	0.00899	0.01517	0.81013	0.03483	0.01123	0.01404	0.01292	0.01011	0.01292	0.00899	0.01348	0.00674	0.00506	0.00506	0.00169	0.00674	0.00449	0.00225	0.00562
61	0.00955	0.00899	0.01517	0.81013	0.03483	0.01123	0.01404	0.01292	0.01011	0.01292	0.00899	0.01348	0.00674	0.00506	0.00506	0.00169	0.00674	0.00449	0.00225	0.00562
62	0.01324	0.06194	0.26713	0.01770	0.12087	0.01208	0.26664	0.03716	0.01206	0.12574	0.01101	0.01271	0.00796	0.00480	0.00518	0.00159	0.00702	0.00473	0.00298	0.00746
63	0.02269	0.00861	0.01174	0.00900	0.01291	0.00743	0.00743	0.02464	0.01447	0.79425	0.01995	0.01721	0.01252	0.00626	0.00509	0.00156	0.00430	0.00509	0.00626	0.00861
64	0.01243	0.01196	0.02023	0.02999	0.74471	0.01222	0.01526	0.01532	0.01129	0.01626	0.00934	0.01243	0.00793	0.00476	0.00569	0.00154	0.05380	0.00450	0.00249	0.00786
65	0.03929	0.01050	0.01242	0.01057	0.05169	0.05622	0.00811	0.15897	0.03790	0.46373	0.08289	0.01718	0.01416	0.00641	0.00508	0.00154	0.00472	0.00516	0.00547	0.00799
66	0.01604	0.05633	0.12059	0.01288	0.04675	0.06266	0.10877	0.09187	0.15982	0.23854	0.02510	0.01481	0.01085	0.00572	0.00505	0.00157	0.00575	0.00488	0.00430	0.00774
67	0.76938	0.01067	0.00834	0.00772	0.02962	0.04958	0.00607	0.03978	0.00945	0.02234	0.00731	0.00849	0.00569	0.00476	0.00331	0.00155	0.00427	0.00287	0.00315	0.00566
68	0.30490	0.01638	0.01222	0.01152	0.05934	0.34282	0.00848	0.09800	0.04682	0.04312	0.00905	0.01001	0.00705	0.00519	0.00419	0.00145	0.00641	0.00346	0.00326	0.00633
69	0.00706	0.00497	0.00571	0.00575	0.00614	0.00491	0.00357	0.00749	0.00823	0.01076	0.02220	0.06002	0.15181	0.57937	0.09737	0.00457	0.00528	0.00797	0.00337	0.00345
70	0.00763	0.00566	0.00785	0.00770	0.00838	0.00648	0.00570	0.02250	0.00819	0.01160	0.01388	0.02289	0.01386	0.24493	0.54974	0.00691	0.04314	0.00588	0.00283	0.00424
71	0.00716	0.00517	0.00676	0.00636	0.00755	0.00477	0.00477	0.00954	0.01431	0.02028	0.78808	0.03777	0.04771	0.01034	0.00596	0.00159	0.00239	0.00914	0.00557	0.00477
72	0.01093	0.04522	0.09213	0.00830	0.01307	0.00784	0.00745	0.01352	0.01061	0.03867	0.00923	0.01060	0.00748	0.00395	0.00387	0.00087	0.00422	0.00312	0.00297	0.70595
73	0.06953	0.00901	0.01225	0.00928	0.01330	0.00784	0.04859	0.02162	0.01332	0.57670	0.01683	0.01536	0.01100	0.00564	0.00479	0.00144	0.00442	0.00465	0.00533	0.14910
74	0.01060	0.02418	0.69407	0.01469	0.02173	0.01157	0.07827	0.01615	0.01091	0.03846	0.00989	0.01217	0.00721	0.00501	0.00496	0.00163	0.00740	0.02137	0.00235	0.00739
75	0.08920	0.00886	0.01087	0.00819	0.01227	0.00749	0.00669	0.01902	0.01237	0.41585	0.01444	0.01374	0.00990	0.00512	0.00438	0.00124	0.00405	0.00405	0.00468	0.34762
76	0.04622	0.01175	0.01968	0.07619	0.71469	0.01194	0.01503	0.01534	0.01131	0.01655	0.00938	0.01240	0.00783	0.00455	0.00493	0.00152	0.00597	0.00443	0.00251	0.00777
77	0.00655	0.00474	0.00598	0.00647	0.00712	0.00440	0.00442	0.00776	0.01082	0.01455	0.22834	0.43527	0.11761	0.11150	0.00860	0.00224	0.00299	0.01175	0.00473	0.00417
78	0.01862	0.00766	0.01029	0.00820	0.01138	0.00671	0.00665	0.02069	0.01424	0.58586	0.18702	0.02177	0.02020	0.00713	0.00520	0.00155	0.00379	0.00595	0.04951	0.00757
79	0.00701	0.00487	0.00564	0.00580	0.00624	0.00466	0.00365	0.00767	0.00917	0.01229	0.11034	0.17117	0.12096	0.46396	0.01700	0.00352	0.00390	0.00911	0.02939	0.00364
80	0.00704	0.00516	0.00659	0.00623	0.00748	0.00472	0.00468	0.00931	0.01403	0.01960	0.71233	0.03889	0.12389	0.01059	0.00597	0.00160	0.00240	0.00930	0.00548	0.00472
81	0.00683	0.00544	0.00619	0.00610	0.00764	0.00492	0.00468	0.00912	0.04501	0.01635	0.29964	0.04436	0.44214	0.01181	0.00602	0.00172	0.00273	0.06968	0.00501	0.00463
82	0.00955	0.00899	0.01517	0.81013	0.03483	0.01123	0.01404	0.01292	0.01011	0.01292	0.00899	0.01348	0.00674	0.00506	0.00506	0.00169	0.00674	0.00449	0.00225	0.00562
83	0.00603	0.00512	0.00519	0.00517	0.00686	0.00429	0.00388	0.00735	0.01164	0.01394	0.08234	0.04820	0.75740	0.01270	0.00598	0.00170	0.00255	0.01061	0.00473	0.00429
84	0.00965	0.00909	0.01534	0.78484	0.05937	0.01126	0.01409	0.01300	0.01016	0.01304	0.00900	0.01345	0.00678	0.00504	0.00505	0.00168	0.00672	0.00449	0.00226	0.00570
85	0.85801	0.00978	0.00743	0.00665	0.00978	0.01134	0.00548	0.01486	0.00861	0.02269	0.00704	0.00821	0.00548	0.00469	0.00313	0.00156	0.00391	0.00274	0.00313	0.00548
86	0.00705	0.00605	0.00614	0.00596	0.00785	0.00561	0.00452	0.01043	0.13623	0.01487	0.04626	0.04384	0.66348	0.01184	0.00584	0.00171	0.00279	0.00987	0.00477	0.00487
87	0.00733	0.00690	0.00622	0.00620	0.00794	0.07667	0.00475	0.00871	0.01179	0.01367	0.04519	0.04580	0.65248	0.01222	0.00593	0.00172	0.00334	0.07419	0.00450	0.00445
88	0.80791	0.01001	0.00876	0.00752	0.01077	0.01143	0.05089	0.01494	0.00880	0.02230	0.00723	0.00854	0.00561	0.00467	0.00330	0.00157	0.00418	0.00293	0.00310	0.00556
89	0.00770	0.00600	0.00715	0.00679	0.00804	0.03849	0.00515	0.01004	0.01419	0.01970	0.71846	0.03749	0.04508	0.01030	0.00595	0.00161	0.00278	0.04490	0.00540	0.00481
90	0.04196	0.05918	0.01560	0.01138	0.01529	0.01580	0.00949	0.68756	0.02212	0.02991	0.01155	0.01177	0.00834	0.00602	0.00525	0.00152	0.02982	0.00440	0.00476	0.00830
91	0.01049	0.00899	0.01049	0.00749	0.01198	0.00674	0.00599	0.01273	0.01049	0.01648	0.00899	0.01049	0.00749	0.00374	0.00374	0.00075	0.00374	0.00300	0.00300	0.85320
92	0.01252	0.01201	0.02053	0.03104	0.79074	0.01201	0.01552	0.01552	0.01151	0.01652	0.00951	0.01252	0.00801	0.00451	0.00501	0.00150	0.00601	0.00451	0.00250	0.00801
93	0.01246	0.00634	0.00846	0.00726	0.00938	0.00568	0.00568	0.01470	0.01437	0.28454	0.52580	0.03075	0.03570	0.00894	0.00566	0.00158	0.00304	0.00776	0.00580	0.00608
94	0.01107	0.01054	0.01791	0.41071	0.42237	0.01163	0.01480	0.01425	0.01083	0.01477	0.00926	0.01299	0.00739	0.00477	0.00503	0.00159	0.00636	0.00450	0.00238	0.00684
95	0.01243	0.01192	0.02036	0.05449	0.76799	0.01199	0.01547	0.01544	0.01147	0.01641	0.00950	0.01254	0.00797	0.00452	0.00501	0.00151	0.00603	0.00451	0.00250	0.00794
96	0.00665	0.00547	0.00589	0.00572	0.00738	0.00488	0.00431	0.00896	0.05779	0.01568	0.22491	0.04431	0.56642	0.01187	0.00592	0.00168	0.00260	0.01001	0.00493	0.00461
97	0.00682	0.00487	0.00662	0.00779	0.00837	0.00467	0.00583	0.00817	0.01033	0.01364	0.02751	0.56793	0.03201	0.01523	0.00663	0.00214	0.00350	0.25897	0.00468	0.00429
98	0.01181	0.01309	0.02765	0.08544	0.11058	0.01258	0.62909	0.01586	0.01174	0.01597	0.01005	0.01350	0.00763	0.00435	0.00579	0.00168	0.00811	0.00569	0.00253	0.00685
99	0.00616	0.00440	0.00587	0.00704	0.00733	0.00411	0.00469	0.00704	0.00968	0.01291	0.02787	0.81899	0.03344	0.01584	0.00645	0.00205	0.00293	0.01438	0.00469	0.00411
100	0.00679	0.00467	0.00568	0.00623	0.00637	0.00453	0.00383	0.00721	0.00845	0.01127	0.02156	0.40383	0.02549	0.44185	0.01664	0.00356	0.00397	0.01067	0.00383	0.00356
101	0.00955	0.00899	0.01517	0.81013	0.03483	0.01123	0.01404	0.01292	0.01011	0.01292	0.00899	0.01348	0.00674	0.00506	0.00506	0.00169	0.00674	0.00449	0.00225	0.00562
102	0.00616	0.00440	0.00587	0.00704	0.00733	0.00411	0.00469	0.00704	0.00968	0.01291	0.02787	0.81899	0.03344	0.01584	0.00645	0.00205	0.00293	0.01438	0.00469	0.00411
103	0.00943	0.00867	0.01402	0.67781	0.03066	0.01061	0.01271	0.01329	0.05793	0.01378	0.04774	0.05988	0.01071	0.00602	0.00518	0.00170	0.00615	0.00534	0.00272	0.00564
104	0.01194	0.01364	0.02984	0.02131	0.02643	0.01279	0.77238	0.01620	0.01194	0.01620	0.01023	0.01364	0.00767	0.00426	0.00597	0.00171	0.00853	0.00597	0.00256	0.00682
105	0.00602	0.00495	0.00530	0.00557	0.00695	0.00423	0.00404	0.00721	0.01110	0.01349	0.04579	0.22789	0.61298	0.01351	0.00609	0.00179	0.00265	0.01153	0.00470	0.00423
106	0.01232	0.01351	0.01943	0.01547	0.01742	0.12581	0.24558	0.01439	0.00996	0.01337	0.00822	0.01230	0.00732	0.03333	0.01191	0.00201	0.42453	0.00483	0.00240	0.00590
107	0.01891	0.02362	0.01437	0.01296	0.01563	0.76411	0.00976	0.05650	0.01478	0.01331	0.00802	0.00926	0.00661	0.00525	0.00458	0.00131	0.00895	0.00332	0.00272	0.00599
108	0.48736	0.00964	0.00945	0.00789	0.01129	0.01030	0.00647	0.04937	0.06529	0.27959	0.01249	0.01211	0.00864	0.00542	0.00400	0.00157	0.00411	0.00380	0.00439	0.00682
109	0.00928	0.00705	0.00836	0.00767	0.00946	0.00730	0.00586	0.01540	0.25541	0.04163	0.52600	0.03127	0.03661	0.00913	0.00568	0.00163	0.00295	0.00796	0.00545	0.00589
110	0.00733	0.00489	0.00552	0.00555	0.00556	0.00488	0.00310	0.00735	0.00741	0.00988	0.01620	0.05095	0.01873	0.80397	0.02530	0.00484	0.00486	0.00751	0.00310	0.00309
111	0.00708	0.00517	0.00665	0.00628	0.00750	0.00474	0.00471	0.00939	0.01412	0.01982	0.73728	0.03852	0.09879	0.01051	0.00596	0.00160	0.00240	0.00925	0.00551	0.00474
112	0.01199	0.01148	0.01958	0.16839	0.65747	0.01188	0.01526	0.01506	0.01127	0.01589	0.00942	0.01269	0.00779	0.00460	0.00501	0.00153	0.00614	0.00450	0.00246	0.00759
113	0.00627	0.00451	0.00598	0.00711	0.00750	0.00421	0.00487	0.00725	0.00986	0.01306	0.02856	0.74886	0.05771	0.01563	0.00647	0.00206	0.00302	0.05821	0.00469	0.00415
114	0.01872	0.02375	0.01425	0.01296	0.01557	0.78124	0.00972	0.02037	0.03449	0.01261	0.00815	0.00938	0.00675	0.00525	0.00457	0.00131	0.00898	0.00332	0.00267	0.00592
115	0.10082	0.01614	0.28285	0.05474	0.33558	0.01136	0.01468	0.01642	0.01116	0.09486	0.01013	0.01195	0.00759	0.00483	0.00475	0.00156	0.00615	0.00412	0.00281	0.00752
116	0.02225	0.00930	0.01217	0.00933	0.01326	0.00847	0.00771	0.11850	0.01564	0.69875	0.01897	0.01658	0.01203	0.00624	0.00508	0.00156	0.00446	0.00502	0.00611	0.00860
117	0.01258	0.01086	0.01143	0.01029	0.01315	0.01258	0.00800	0.02687	0.78161	0.02115	0.02058	0.01887	0.01544	0.00686	0.00515	0.00172	0.00400	0.00572	0.00515	0.00800
118	0.00731	0.00706	0.05087	0.00777	0.05462	0.00573	0.00581	0.02815	0.03242	0.01572	0.17085	0.07458	0.49813	0.01125	0.00583	0.00168	0.00314	0.00954	0.00459	0.00495
119	0.01377	0.01651	0.06266	0.28876	0.15735	0.31372	0.04616	0.01648	0.01208	0.01366	0.00869	0.01149	0.00689	0.00497	0.00488	0.00150	0.00764	0.00404	0.00244	0.00629
120	0.00809	0.00578	0.00808	0.00924	0.01038	0.00577	0.00804	0.01037	0.01158	0.01506	0.02681	0.08095	0.02924	0.01403	0.00697	0.00232	0.00460	0.73341	0.00466	0.00464
121	0.00616	0.00440	0.00587	0.00704	0.00733	0.00411	0.00469	0.00704	0.00968	0.01291	0.02787	0.81899	0.03344	0.01584	0.00645	0.00205	0.00293	0.01438	0.00469	0.00411
122	0.00965	0.00919	0.01581	0.77558	0.03446	0.01130	0.04727	0.01306	0.01019	0.01306	0.00904	0.01349	0.00678	0.00502	0.00510	0.00169	0.00682	0.00456	0.00226	0.00567
123	0.00632	0.00451	0.00595	0.00701	0.00742	0.00420	0.00479	0.00719	0.00978	0.01292	0.02861	0.71477	0.07720	0.01563	0.00687	0.02874	0.00303	0.04636	0.00461	0.00408
124	0.00675	0.00515	0.00620	0.00594	0.00731	0.00460	0.00445	0.00876	0.01336	0.01802	0.53648	0.04149	0.30072	0.01118	0.00597	0.00163	0.00245	0.00967	0.00527	0.00460
125	0.01001	0.02524	0.76151	0.01406	0.02126	0.01144	0.01807	0.01573	0.01084	0.01620	0.04320	0.01186	0.00822	0.00505	0.00486	0.00160	0.00725	0.00397	0.00229	0.00735
126	0.01049	0.00899	0.01049	0.00749	0.01198	0.00674	0.00599	0.01273	0.01049	0.01648	0.00899	0.01049	0.00749	0.00374	0.00374	0.00075	0.00374	0.00300	0.00300	0.85320
127	0.00726	0.00526	0.00732	0.00732	0.00795	0.00588	0.00532	0.00851	0.00789	0.01114	0.01428	0.02395	0.01441	0.28000	0.56260	0.00713	0.01088	0.00602	0.00282	0.00407
128	0.00675	0.00514	0.00606	0.00583	0.00723	0.00457	0.00438	0.00870	0.01313	0.01764	0.47907	0.04161	0.33884	0.01120	0.00591	0.00163	0.00245	0.00964	0.02565	0.00457
129	0.01711	0.01001	0.01168	0.00978	0.01313	0.01048	0.00781	0.05018	0.42968	0.35136	0.02004	0.01794	0.01397	0.00658	0.00512	0.00164	0.00418	0.00541	0.00562	0.00828
130	0.00729	0.00537	0.00806	0.00806	0.00892	0.00624	0.00624	0.00892	0.00806	0.01161	0.01334	0.01967	0.01247	0.03703	0.76797	0.04513	0.01314	0.00537	0.00269	0.00441
131	0.85801	0.00978	0.00743	0.00665	0.00978	0.01134	0.00548	0.01486	0.00861	0.02269	0.00704	0.00821	0.00548	0.00469	0.00313	0.00156	0.00391	0.00274	0.00313	0.00548
132	0.00798	0.00740	0.06280	0.00892	0.01051	0.00719	0.02555	0.03247	0.02585	0.01295	0.01416	0.01968	0.02975	0.04371	0.65865	0.00700	0.01219	0.00544	0.00284	0.00494
133	0.01049	0.00899	0.01049	0.00749	0.01198	0.00674	0.00599	0.01273	0.01049	0.01648	0.00899	0.01049	0.00749	0.00374	0.00374	0.00075	0.00374	0.00300	0.00300	0.85320
134	0.01727	0.01930	0.01368	0.01212	0.01499	0.48996	0.00928	0.12182	0.21759	0.01727	0.01175	0.01209	0.00914	0.00576	0.00478	0.00144	0.00730	0.00408	0.00360	0.00679
135	0.00705	0.00556	0.00817	0.17256	0.03194	0.00579	0.00688	0.00856	0.01002	0.01332	0.05685	0.59980	0.02797	0.01311	0.00611	0.00194	0.00377	0.01188	0.00418	0.00454
136	0.01433	0.01173	0.01877	0.02622	0.61238	0.01174	0.01385	0.07732	0.03139	0.11579	0.01130	0.01323	0.00880	0.00491	0.00502	0.00152	0.00571	0.00461	0.00324	0.00813
137	0.01413	0.01143	0.01200	0.01017	0.01317	0.03510	0.00808	0.28409	0.36359	0.02424	0.11872	0.02004	0.03761	0.00725	0.00525	0.00163	0.00445	0.01639	0.00508	0.00758
138	0.00838	0.00668	0.00769	0.00717	0.00891	0.00676	0.00546	0.01374	0.21893	0.01924	0.44095	0.03482	0.18180	0.00988	0.00575	0.00165	0.00285	0.00852	0.00529	0.00554
139	0.01029	0.01236	0.13217	0.50880	0.14789	0.01156	0.07742	0.01404	0.01056	0.01420	0.00918	0.01293	0.00696	0.00487	0.00509	0.00165	0.00688	0.00451	0.00230	0.00636
140	0.01188	0.08861	0.43175	0.01799	0.19744	0.01292	0.06909	0.08136	0.01206	0.01717	0.00935	0.01122	0.00706	0.00477	0.00482	0.00153	0.00687	0.00405	0.00250	0.00756
141	0.00629	0.00451	0.00585	0.00690	0.00735	0.00419	0.00470	0.00729	0.00991	0.01319	0.02932	0.71622	0.09039	0.01529	0.00636	0.00201	0.00294	0.03623	0.02692	0.00415
142	0.00624	0.00513	0.00549	0.00540	0.00699	0.00438	0.00405	0.00777	0.01216	0.01516	0.21803	0.04620	0.62096	0.01225	0.00597	0.00168	0.00252	0.01033	0.00489	0.00438
143	0.00708	0.00528	0.00781	0.00798	0.00879	0.00601	0.00609	0.00875	0.00834	0.01190	0.01554	0.13132	0.01554	0.03484	0.69126	0.00728	0.01206	0.00667	0.00299	0.00446
144	0.01252	0.01201	0.02053	0.03104	0.79074	0.01201	0.01552	0.01552	0.01151	0.01652	0.00951	0.01252	0.00801	0.00451	0.00501	0.00150	0.00601	0.00451	0.00250	0.00801
145	0.00955	0.00899	0.01517	0.81013	0.03483	0.01123	0.01404	0.01292	0.01011	0.01292	0.00899	0.01348	0.00674	0.00506	0.00506	0.00169	0.00674	0.00449	0.00225	0.00562
146	0.85801	0.00978	0.00743	0.00665	0.00978	0.01134	0.00548	0.01486	0.00861	0.02269	0.00704	0.00821	0.00548	0.00469	0.00313	0.00156	0.00391	0.00274	0.00313	0.00548
147	0.00732	0.00503	0.00618	0.00618	0.00642	0.00527	0.00390	0.00778	0.00755	0.01030	0.01532	0.02970	0.01691	0.62126	0.22476	0.00573	0.00712	0.00686	0.00297	0.00344
148	0.74705	0.00962	0.00800	0.00696	0.01019	0.01082	0.00574	0.01616	0.00939	0.12517	0.00876	0.00941	0.00641	0.00490	0.00339	0.00156	0.00396	0.00305	0.00354	0.00589
149	0.01252	0.01201	0.02053	0.03104	0.79074	0.01201	0.01552	0.01552	0.01151	0.01652	0.00951	0.01252	0.00801	0.00451	0.00501	0.00150	0.00601	0.00451	0.00250	0.00801
150	0.00666	0.00499	0.00617	0.00621	0.00733	0.00451	0.00453	0.00845	0.01264	0.01709	0.44599	0.20747	0.22520	0.01212	0.00607	0.00172	0.00255	0.01064	0.00517	0.00451
151	0.01628	0.10357	0.01573	0.17918	0.01923	0.51014	0.01051	0.01806	0.01285	0.03601	0.00831	0.01022	0.00674	0.00522	0.00486	0.00139	0.02960	0.00354	0.00258	0.00595
152	0.16915	0.01154	0.01695	0.04689	0.54375	0.03533	0.01292	0.02584	0.01120	0.01757	0.01005	0.01428	0.00872	0.00516	0.00476	0.00156	0.00565	0.04868	0.00278	0.00722
153	0.01219	0.01352	0.02865	0.02186	0.08999	0.01280	0.68795	0.03719	0.01223	0.01666	0.01022	0.01350	0.00773	0.00433	0.00586	0.00168	0.00823	0.00581	0.00262	0.00697
154	0.00955	0.00899	0.01517	0.81013	0.03483	0.01123	0.01404	0.01292	0.01011	0.01292	0.00899	0.01348	0.00674	0.00506	0.00506	0.00169	0.00674	0.00449	0.00225	0.00562
155	0.00622	0.00508	0.00549	0.00550	0.00701	0.00435	0.00408	0.00768	0.01193	0.01488	0.19098	0.10328	0.59083	0.01256	0.00601	0.00171	0.00255	0.01065	0.00486	0.00435
156	0.01282	0.00891	0.01072	0.00778	0.01216	0.00687	0.00627	0.01501	0.01125	0.16507	0.01108	0.01177	0.00845	0.00423	0.00400	0.00090	0.00385	0.00340	0.00362	0.69184
157	0.00606	0.00480	0.00546	0.00598	0.00706	0.00420	0.00422	0.00716	0.01070	0.01332	0.04080	0.39253	0.45155	0.01416	0.00619	0.00186	0.00273	0.01233	0.00469	0.00420
158	0.08645	0.09684	0.01343	0.00984	0.01327	0.01289	0.00808	0.17065	0.34407	0.15617	0.01633	0.01573	0.01199	0.00624	0.00477	0.00158	0.00451	0.01451	0.00483	0.00781
159	0.01328	0.45706	0.18501	0.01066	0.02884	0.10674	0.01072	0.03489	0.03446	0.01409	0.00869	0.00991	0.00721	0.00474	0.00388	0.00126	0.00606	0.00327	0.05260	0.00664
160	0.01889	0.02410	0.01433	0.01303	0.01563	0.80199	0.00977	0.02019	0.01433	0.01238	0.00782	0.00912	0.00651	0.00521	0.00456	0.00130	0.00912	0.00326	0.00261	0.00586
161	0.01893	0.05457	0.06012	0.01039	0.01445	0.01191	0.00900	0.28666	0.11738	0.33906	0.01597	0.01479	0.01085	0.00608	0.00497	0.00154	0.00495	0.00478	0.00523	0.00835
162	0.00711	0.00556	0.00774	0.00714	0.00853	0.00507	0.05007	0.00922	0.01308	0.01794	0.51756	0.14792	0.16156	0.01115	0.00604	0.00168	0.00285	0.00994	0.00513	0.00472
163	0.00635	0.00514	0.00563	0.00551	0.00706	0.00443	0.00413	0.00797	0.01240	0.01573	0.28145	0.04526	0.55718	0.01204	0.00597	0.00167	0.00251	0.01019	0.00497	0.00443
164	0.01104	0.02323	0.63084	0.01522	0.03921	0.01185	0.10172	0.03333	0.03224	0.04001	0.00992	0.01150	0.00706	0.00486	0.00496	0.00161	0.00732	0.00412	0.00246	0.00749
165	0.06917	0.10272	0.22835	0.04437	0.29476	0.01286	0.14586	0.01561	0.01099	0.01615	0.00907	0.01149	0.00715	0.00455	0.00480	0.00153	0.00665	0.00424	0.00241	0.00725
166	0.27753	0.01015	0.03413	0.00827	0.01115	0.04313	0.00683	0.14341	0.04473	0.09858	0.23964	0.01913	0.01968	0.00687	0.00468	0.00156	0.00410	0.00536	0.01480	0.00628
167	0.00621	0.00444	0.00591	0.00701	0.00734	0.00414	0.00470	0.00716	0.00990	0.01326	0.06375	0.78212	0.03412	0.01558	0.00643	0.00203	0.00291	0.01413	0.00474	0.00414
168	0.74263	0.00992	0.00877	0.00796	0.03179	0.01123	0.02796	0.01578	0.03139	0.06261	0.00827	0.00927	0.00626	0.00482	0.00342	0.00157	0.00412	0.00309	0.00332	0.00582

[dist]
# distance from previous block
# <min> <max>
0	1

[block]
# block no. 1 follows, 49 sequences, length 41
# corresponding to MSA columns:
# 265-305
name=unknown_B
#
# <colnr> <probs for GDERKNQSTAVLIFYWHMCP>
#	G	D	E	R	K	N	Q	S	T	A	V	L	I	F	Y	W	H	M	C	P
0	0.01242	0.01157	0.03338	0.02255	0.44369	0.01222	0.03516	0.07020	0.01170	0.03924	0.03459	0.05822	0.01051	0.00639	0.00756	0.00169	0.17352	0.00523	0.00295	0.00719
1	0.00882	0.07715	0.00923	0.00732	0.00845	0.00753	0.00555	0.01055	0.03001	0.04030	0.19675	0.04890	0.03323	0.22194	0.16046	0.00366	0.06932	0.00677	0.04937	0.00468
2	0.62362	0.16779	0.01175	0.00750	0.01090	0.03636	0.00645	0.05754	0.00994	0.02082	0.00735	0.00844	0.00588	0.00472	0.00330	0.00146	0.00444	0.00285	0.00304	0.00586
3	0.00607	0.00511	0.00527	0.00526	0.00690	0.00431	0.00393	0.00743	0.01171	0.01417	0.10905	0.06372	0.71446	0.01267	0.00599	0.00171	0.00256	0.01063	0.00476	0.00431
4	0.00888	0.03466	0.04965	0.04629	0.04845	0.09326	0.04945	0.01082	0.01173	0.01432	0.08911	0.03360	0.41564	0.04054	0.00627	0.00173	0.00438	0.00801	0.02818	0.00506
5	0.02997	0.00519	0.00518	0.00502	0.00636	0.00529	0.00381	0.04089	0.01106	0.01944	0.01611	0.01834	0.01262	0.00587	0.00358	0.00120	0.00252	0.00466	0.79802	0.00488
6	0.00818	0.00573	0.00675	0.00638	0.00800	0.00534	0.00488	0.01104	0.06792	0.05882	0.38256	0.03815	0.27358	0.01048	0.00573	0.00163	0.00273	0.03465	0.06241	0.00504
7	0.01304	0.12591	0.48947	0.01213	0.01830	0.01164	0.01432	0.01734	0.01135	0.16621	0.01091	0.01159	0.00767	0.00495	0.00458	0.00147	0.00633	0.00381	0.00300	0.06597
8	0.01352	0.82533	0.02650	0.00865	0.01298	0.02001	0.00865	0.01514	0.01027	0.01190	0.00703	0.00811	0.00649	0.00433	0.00324	0.00108	0.00541	0.00270	0.00216	0.00649
9	0.00621	0.00444	0.00591	0.00701	0.00735	0.00414	0.00470	0.00717	0.00992	0.01328	0.06624	0.77955	0.03417	0.01556	0.00643	0.00203	0.00291	0.01411	0.00474	0.00414
10	0.00610	0.00508	0.00533	0.00537	0.00693	0.00431	0.00399	0.00746	0.01166	0.01423	0.11902	0.10084	0.66674	0.01278	0.00601	0.00172	0.00257	0.01078	0.00478	0.00431
11	0.01168	0.01210	0.01540	0.01326	0.01346	0.07797	0.01096	0.01281	0.00827	0.01219	0.00673	0.01091	0.00663	0.00856	0.01564	0.00214	0.74917	0.00433	0.00224	0.00556
12	0.01014	0.02616	0.79609	0.01441	0.02189	0.01174	0.01868	0.01601	0.01068	0.01601	0.00907	0.01068	0.00641	0.00480	0.00480	0.00160	0.00747	0.00374	0.00214	0.00747
13	0.00608	0.00509	0.00529	0.00532	0.00691	0.00430	0.00396	0.00743	0.01166	0.01416	0.11041	0.08666	0.68987	0.01276	0.00600	0.00172	0.00257	0.01073	0.00477	0.00430
14	0.00823	0.00555	0.00708	0.00684	0.00769	0.00577	0.00484	0.02768	0.00908	0.05190	0.04746	0.02841	0.09245	0.35025	0.31901	0.00545	0.00788	0.00682	0.00339	0.00422
15	0.01258	0.01086	0.01143	0.01029	0.01315	0.01258	0.00800	0.02687	0.78161	0.02115	0.02058	0.01887	0.01544	0.00686	0.00515	0.00172	0.00400	0.00572	0.00515	0.00800
16	0.00779	0.00538	0.00667	0.00630	0.00757	0.00516	0.00474	0.01077	0.05246	0.02010	0.62763	0.03383	0.04060	0.00946	0.00554	0.00153	0.00246	0.00827	0.13880	0.00493
17	0.85801	0.00978	0.00743	0.00665	0.00978	0.01134	0.00548	0.01486	0.00861	0.02269	0.00704	0.00821	0.00548	0.00469	0.00313	0.00156	0.00391	0.00274	0.00313	0.00548
18	0.01070	0.08232	0.11924	0.00854	0.01342	0.00858	0.00796	0.01339	0.01049	0.01602	0.00883	0.01031	0.00725	0.00394	0.00385	0.00089	0.00440	0.00307	0.00281	0.66399
19	0.01377	0.01500	0.01503	0.01309	0.01399	0.25670	0.01057	0.01496	0.00994	0.03271	0.00735	0.01063	0.00675	0.00767	0.01260	0.00192	0.54509	0.00408	0.00244	0.00571
20	0.00735	0.00490	0.00552	0.00552	0.00552	0.00490	0.00306	0.00735	0.00735	0.00980	0.01593	0.03309	0.01838	0.82229	0.02574	0.00490	0.00490	0.00735	0.00306	0.00306
21	0.01239	0.01185	0.02003	0.06393	0.73564	0.01200	0.01524	0.01574	0.03384	0.01650	0.00981	0.01274	0.00817	0.00460	0.00501	0.00152	0.00598	0.00454	0.00257	0.00791
22	0.01249	0.01851	0.37019	0.01750	0.08376	0.01161	0.28124	0.01709	0.01165	0.11079	0.01084	0.01266	0.00772	0.00477	0.00526	0.00163	0.00734	0.00474	0.00281	0.00742
23	0.02003	0.00823	0.01094	0.00864	0.01211	0.00734	0.00704	0.02274	0.05723	0.64246	0.09825	0.01946	0.01629	0.00669	0.00512	0.00156	0.00402	0.00552	0.03829	0.00803
24	0.02020	0.01749	0.01360	0.01149	0.01474	0.42202	0.00897	0.13363	0.01578	0.27423	0.01248	0.01225	0.00881	0.00569	0.00481	0.00142	0.00700	0.00405	0.00418	0.00718
25	0.01889	0.02410	0.01433	0.01303	0.01563	0.80199	0.00977	0.02019	0.01433	0.01238	0.00782	0.00912	0.00651	0.00521	0.00456	0.00130	0.00912	0.00326	0.00261	0.00586
26	0.00735	0.00490	0.00552	0.00552	0.00552	0.00490	0.00306	0.00735	0.00735	0.00980	0.01593	0.03309	0.01838	0.82229	0.02574	0.00490	0.00490	0.00735	0.00306	0.00306
27	0.00615	0.00443	0.00584	0.00697	0.00731	0.00411	0.00466	0.00705	0.00975	0.01294	0.02879	0.78875	0.06309	0.01572	0.00644	0.00204	0.00292	0.01423	0.00469	0.00411
28	0.00878	0.00439	0.00659	0.00659	0.00659	0.00439	0.00439	0.00659	0.00659	0.00878	0.00878	0.01537	0.00878	0.01757	0.01976	0.85288	0.00439	0.00439	0.00220	0.00220
29	0.01059	0.00908	0.01053	0.00763	0.01204	0.00704	0.00609	0.01345	0.04969	0.01672	0.00958	0.01091	0.00789	0.00390	0.00382	0.00080	0.00376	0.00313	0.00311	0.81023
30	0.00747	0.00493	0.00560	0.00562	0.00576	0.00491	0.00331	0.00776	0.00794	0.01086	0.04947	0.03326	0.01968	0.72299	0.02323	0.00450	0.00466	0.02879	0.04599	0.00327
31	0.01232	0.01257	0.02368	0.02774	0.53183	0.01228	0.27191	0.01575	0.01166	0.01641	0.00976	0.01290	0.00790	0.00442	0.00533	0.00157	0.00686	0.00500	0.00252	0.00761
32	0.00616	0.00440	0.00587	0.00704	0.00733	0.00411	0.00469	0.00704	0.00968	0.01291	0.02787	0.81899	0.03344	0.01584	0.00645	0.00205	0.00293	0.01438	0.00469	0.00411
33	0.01887	0.01507	0.01491	0.01172	0.01556	0.09980	0.00955	0.65755	0.05885	0.02927	0.01208	0.01214	0.00870	0.00602	0.00501	0.00150	0.00587	0.00447	0.00480	0.00828
34	0.01925	0.01606	0.01491	0.01185	0.01560	0.17736	0.00959	0.59857	0.02158	0.04834	0.01146	0.01165	0.00828	0.00590	0.00496	0.00147	0.00626	0.00430	0.00459	0.00804
35	0.01049	0.00899	0.01049	0.00749	0.01198	0.00674	0.00599	0.01273	0.01049	0.01648	0.00899	0.01049	0.00749	0.00374	0.00374	0.00075	0.00374	0.00300	0.00300	0.85320
36	0.01534	0.04810	0.01558	0.07740	0.18389	0.37999	0.01090	0.04244	0.12567	0.01520	0.01077	0.03288	0.00893	0.00556	0.00479	0.00145	0.00710	0.00429	0.00304	0.00668
37	0.79945	0.01091	0.06190	0.00719	0.01062	0.01137	0.00639	0.01494	0.00875	0.02223	0.00718	0.00838	0.00554	0.00470	0.00325	0.00157	0.00416	0.00281	0.00306	0.00561
38	0.79968	0.06610	0.00875	0.00679	0.01000	0.01194	0.00570	0.01488	0.00872	0.02194	0.00704	0.00821	0.00555	0.00467	0.00314	0.00153	0.00401	0.00274	0.00306	0.00555
39	0.00813	0.00573	0.00712	0.00688	0.00748	0.00616	0.00469	0.06089	0.00877	0.01202	0.01481	0.02689	0.01564	0.48401	0.30340	0.00583	0.00805	0.00646	0.00307	0.00397
40	0.01434	0.01167	0.01423	0.04144	0.16650	0.01282	0.00997	0.29494	0.26067	0.02329	0.03001	0.07061	0.01305	0.00674	0.00519	0.00162	0.00495	0.00568	0.00448	0.00781

[dist]
# distance from previous block
# <min> <max>
0	2

[block]
# block no. 2 follows, 49 sequences, length 7
# corresponding to MSA columns:
# 308-314
name=unknown_C
#
# <colnr> <probs for GDERKNQSTAVLIFYWHMCP>
#	G	D	E	R	K	N	Q	S	T	A	V	L	I	F	Y	W	H	M	C	P
0	0.01224	0.09571	0.01726	0.01506	0.16922	0.01125	0.12502	0.01726	0.16408	0.04676	0.01232	0.01441	0.00992	0.00505	0.00471	0.00135	0.00519	0.02652	0.00335	0.24333
1	0.01169	0.01117	0.01903	0.24834	0.57991	0.01180	0.01511	0.01479	0.01112	0.01552	0.00937	0.01278	0.00766	0.00466	0.00502	0.00155	0.00621	0.00450	0.00243	0.00734
2	0.00783	0.00535	0.00719	0.00901	0.08880	0.00518	0.00567	0.00942	0.01023	0.01505	0.02273	0.47455	0.02487	0.01179	0.00551	0.00177	0.00318	0.04684	0.24033	0.00471
3	0.00755	0.00606	0.00732	0.00769	0.00864	0.03055	0.00559	0.01019	0.09024	0.01379	0.05562	0.39625	0.08326	0.02027	0.22816	0.00364	0.00615	0.01013	0.00416	0.00472
4	0.00964	0.00941	0.01260	0.01100	0.01148	0.01236	0.00905	0.01080	0.00880	0.01259	0.01907	0.02155	0.22476	0.00995	0.01363	0.00207	0.58698	0.00617	0.00291	0.00518
5	0.01084	0.00790	0.00917	0.00807	0.00934	0.00871	0.00585	0.22168	0.01208	0.01640	0.01398	0.02390	0.01408	0.42228	0.14696	0.00434	0.04982	0.00610	0.00352	0.00498
6	0.01285	0.00920	0.00893	0.00836	0.00998	0.15769	0.00627	0.01336	0.01103	0.16827	0.01917	0.11937	0.09512	0.01164	0.00944	0.23908	0.00487	0.06366	0.02681	0.00488

[dist]
# distance from previous block
# <min> <max>
0	2

[block]
# block no. 3 follows, 49 sequences, length 9
# corresponding to MSA columns:
# 317-325
name=unknown_D
#
# <colnr> <probs for GDERKNQSTAVLIFYWHMCP>
#	G	D	E	R	K	N	Q	S	T	A	V	L	I	F	Y	W	H	M	C	P
0	0.01014	0.02616	0.79609	0.01441	0.02189	0.01174	0.01868	0.01601	0.01068	0.01601	0.00907	0.01068	0.00641	0.00480	0.00480	0.00160	0.00747	0.00374	0.00214	0.00747
1	0.61466	0.01042	0.01120	0.01367	0.23455	0.01154	0.00837	0.01505	0.00944	0.02091	0.00775	0.00945	0.00621	0.00464	0.00367	0.00155	0.00451	0.00325	0.00295	0.00621
2	0.61408	0.00955	0.00831	0.00689	0.01041	0.01002	0.00562	0.01425	0.00915	0.02090	0.00760	0.00887	0.00606	0.00442	0.00331	0.00133	0.00386	0.00281	0.00309	0.24947
3	0.01103	0.43388	0.17046	0.00911	0.01315	0.01402	0.00949	0.01370	0.01152	0.01511	0.23223	0.01715	0.01834	0.00615	0.00433	0.00133	0.00494	0.00476	0.00314	0.00619
4	0.01495	0.00732	0.01007	0.00882	0.01092	0.00725	0.00693	0.01648	0.01165	0.39671	0.02005	0.24758	0.01790	0.01276	0.09381	0.00249	0.09510	0.00772	0.00497	0.00652
5	0.61759	0.00944	0.00867	0.00733	0.01068	0.01022	0.00604	0.01768	0.01029	0.24475	0.01076	0.01080	0.00750	0.00514	0.00369	0.00156	0.00402	0.00341	0.00403	0.00638
6	0.01479	0.03542	0.01240	0.01054	0.01294	0.36890	0.04282	0.01663	0.01381	0.11263	0.23484	0.04711	0.02027	0.00795	0.02538	0.00163	0.00635	0.00573	0.00398	0.00586
7	0.00971	0.00921	0.01520	0.72312	0.03247	0.01170	0.01372	0.01284	0.00985	0.01284	0.00873	0.01322	0.00673	0.00547	0.00632	0.00174	0.09478	0.00449	0.00224	0.00561
8	0.49723	0.01269	0.12043	0.01474	0.23623	0.01159	0.01020	0.01521	0.00973	0.01999	0.00803	0.00979	0.00633	0.00466	0.00390	0.00155	0.00501	0.00339	0.00281	0.00648

[dist]
# distance from previous block
# <min> <max>
0	5

[block]
# block no. 4 follows, 49 sequences, length 11
# corresponding to MSA columns:
# 331-341
name=unknown_E
#
# <colnr> <probs for GDERKNQSTAVLIFYWHMCP>
#	G	D	E	R	K	N	Q	S	T	A	V	L	I	F	Y	W	H	M	C	P
0	0.01156	0.06932	0.41422	0.12731	0.02007	0.01090	0.01394	0.01628	0.04415	0.11106	0.10049	0.01519	0.01235	0.00571	0.00492	0.00158	0.00612	0.00465	0.00318	0.00699
1	0.01030	0.01869	0.43601	0.13167	0.14283	0.01158	0.03288	0.01466	0.01046	0.01516	0.01008	0.05958	0.00836	0.00576	0.00593	0.00168	0.07038	0.00470	0.00238	0.00692
2	0.00659	0.00510	0.00523	0.00529	0.00689	0.00442	0.00403	0.00809	0.01140	0.01449	0.04488	0.04481	0.63528	0.01187	0.00568	0.00166	0.00265	0.05036	0.12694	0.00435
3	0.06763	0.01918	0.01403	0.01223	0.01479	0.48135	0.00951	0.16852	0.01506	0.01705	0.02887	0.01065	0.00796	0.00593	0.00608	0.00148	0.10642	0.00378	0.00315	0.00631
4	0.01301	0.01282	0.09262	0.02669	0.62286	0.01134	0.01474	0.01617	0.01179	0.08544	0.03658	0.01361	0.00959	0.00489	0.00503	0.00152	0.00587	0.00464	0.00290	0.00790
5	0.00769	0.00581	0.00805	0.01014	0.12017	0.00569	0.00595	0.00868	0.00925	0.01247	0.02069	0.34478	0.02380	0.31353	0.01345	0.00306	0.00426	0.07442	0.00377	0.00433
6	0.00642	0.00514	0.00573	0.00558	0.00710	0.00446	0.00419	0.00811	0.01256	0.01612	0.32551	0.04461	0.51287	0.01189	0.00597	0.00166	0.00250	0.01010	0.00502	0.00446
7	0.01343	0.01309	0.01967	0.09441	0.53944	0.10174	0.07400	0.01632	0.01189	0.05326	0.00983	0.01253	0.00792	0.00470	0.00504	0.00151	0.00654	0.00451	0.00268	0.00749
8	0.01296	0.01052	0.01895	0.19061	0.22896	0.01056	0.20629	0.01599	0.01168	0.15116	0.01299	0.08345	0.01063	0.00585	0.00540	0.00165	0.00625	0.00583	0.00331	0.00696
9	0.00804	0.00553	0.00713	0.00789	0.00902	0.00547	0.00648	0.01050	0.03656	0.01580	0.06725	0.15829	0.06913	0.01245	0.00618	0.00201	0.00378	0.42281	0.14099	0.00468
10	0.00714	0.00555	0.00660	0.00707	0.00809	0.00542	0.00501	0.01017	0.12204	0.01489	0.09714	0.48075	0.18417	0.01346	0.00613	0.00190	0.00297	0.01193	0.00483	0.00476

[dist]
# distance from previous block
