[name]
unknown

[dist]
# distance from previous block
# <min> <max>
5	450

[block]
# block no. 0 follows, 33 sequences, length 36
# corresponding to MSA columns:
# 599-634
name=unknown_A
#
# <colnr> <probs for GDERKNQSTAVLIFYWHMCP>
#	G	D	E	R	K	N	Q	S	T	A	V	L	I	F	Y	W	H	M	C	P
0	0.04612	0.05446	0.03490	0.10933	0.08670	0.01389	0.05548	0.12081	0.11472	0.04025	0.04962	0.18562	0.02131	0.02791	0.00751	0.00229	0.00643	0.00918	0.00512	0.00836
1	0.01521	0.01121	0.01499	0.11756	0.09518	0.01181	0.01095	0.11950	0.08466	0.07026	0.03636	0.13262	0.01905	0.06452	0.03721	0.08096	0.00662	0.00830	0.00496	0.05808
2	0.04832	0.04101	0.15233	0.01490	0.05825	0.08612	0.01286	0.07966	0.12125	0.09399	0.05834	0.02023	0.01560	0.03990	0.03863	0.04050	0.00758	0.00609	0.00478	0.05965
3	0.01649	0.06214	0.06022	0.06543	0.10623	0.01391	0.01220	0.08756	0.15632	0.07741	0.01816	0.07922	0.01510	0.00789	0.00619	0.00184	0.00619	0.00664	0.00494	0.19591
4	0.01613	0.03990	0.01714	0.14454	0.08134	0.03528	0.02802	0.15237	0.05816	0.06611	0.05491	0.08875	0.08913	0.00971	0.00679	0.00205	0.00648	0.02879	0.00518	0.06922
5	0.01921	0.05647	0.01945	0.08149	0.07457	0.04557	0.05478	0.22764	0.09165	0.09749	0.03647	0.02174	0.05598	0.03631	0.00752	0.00213	0.00698	0.00670	0.00538	0.05247
6	0.01641	0.01135	0.01556	0.01563	0.11723	0.01150	0.03471	0.04441	0.10095	0.15164	0.06491	0.02767	0.07017	0.11863	0.01282	0.05055	0.06286	0.00761	0.00525	0.06013
7	0.01638	0.07107	0.03225	0.05785	0.01843	0.06763	0.05958	0.10081	0.06486	0.09098	0.09574	0.14693	0.02269	0.02806	0.00733	0.00209	0.00639	0.00856	0.00531	0.09702
8	0.01511	0.03271	0.11358	0.11275	0.06108	0.01214	0.05339	0.05150	0.05088	0.09430	0.09123	0.04932	0.01856	0.06552	0.00849	0.00223	0.00672	0.00699	0.00467	0.14883
9	0.01593	0.12989	0.07486	0.07913	0.07597	0.04847	0.07982	0.04396	0.05593	0.09198	0.04670	0.16164	0.01926	0.00952	0.00662	0.00205	0.00698	0.00835	0.00468	0.03827
10	0.11257	0.07785	0.04574	0.06271	0.04520	0.01365	0.01096	0.04163	0.04114	0.04666	0.01713	0.15049	0.01667	0.00987	0.00831	0.00207	0.11333	0.02820	0.00437	0.15145
11	0.09769	0.07771	0.14041	0.14981	0.06731	0.01458	0.04123	0.05785	0.04379	0.07595	0.01421	0.04341	0.01127	0.00686	0.00593	0.00189	0.00719	0.00564	0.00407	0.13320
12	0.01523	0.04340	0.06306	0.28439	0.18580	0.07274	0.03691	0.01885	0.01434	0.06354	0.01541	0.10481	0.01370	0.00826	0.00712	0.00213	0.03109	0.00720	0.00374	0.00828
13	0.01200	0.00712	0.00895	0.00888	0.01022	0.00651	0.00605	0.01312	0.01273	0.12121	0.02949	0.36523	0.05340	0.24872	0.01566	0.00361	0.00492	0.01308	0.00562	0.05349
14	0.01383	0.01244	0.01954	0.36984	0.03185	0.01415	0.09886	0.08593	0.09068	0.02160	0.07341	0.02294	0.04053	0.01099	0.06272	0.00281	0.00855	0.00712	0.00424	0.00796
15	0.01055	0.00706	0.00887	0.00823	0.01018	0.00635	0.00624	0.01333	0.01794	0.07826	0.54192	0.04993	0.18890	0.01369	0.00768	0.00210	0.00334	0.01190	0.00709	0.00646
16	0.02657	0.01224	0.01551	0.01214	0.01693	0.01159	0.00994	0.13280	0.07353	0.52951	0.06885	0.02327	0.01872	0.00851	0.00669	0.00204	0.00566	0.00691	0.00774	0.01083
17	0.00802	0.00619	0.00733	0.00807	0.00930	0.00550	0.00566	0.00954	0.01407	0.01796	0.10285	0.41986	0.32520	0.01844	0.00810	0.00244	0.00356	0.01620	0.00620	0.00550
18	0.00895	0.00650	0.00844	0.00840	0.00973	0.00599	0.00613	0.01155	0.01711	0.02384	0.53889	0.21019	0.08920	0.01522	0.00791	0.00221	0.00328	0.01353	0.00694	0.00599
19	0.81514	0.01273	0.00968	0.00866	0.01273	0.01477	0.00713	0.01935	0.01120	0.02954	0.00917	0.01069	0.00713	0.00611	0.00407	0.00204	0.00509	0.00356	0.00407	0.00713
20	0.01286	0.01170	0.01763	0.49495	0.03502	0.01260	0.01465	0.01674	0.01333	0.01843	0.01170	0.01620	0.00911	0.00599	0.00599	0.00177	0.00742	0.00517	0.00326	0.28548
21	0.01479	0.01272	0.01417	0.01128	0.01624	0.01196	0.00890	0.02428	0.30754	0.02400	0.01802	0.01822	0.01408	0.00657	0.00564	0.00150	0.00502	0.00538	0.00507	0.47462
22	0.02459	0.03138	0.01866	0.01696	0.02035	0.74221	0.01272	0.02629	0.01866	0.01611	0.01018	0.01187	0.00848	0.00678	0.00594	0.00170	0.01187	0.00424	0.00339	0.00763
23	0.01654	0.00854	0.01121	0.00961	0.01249	0.00776	0.00753	0.01997	0.04341	0.27111	0.43888	0.03940	0.06301	0.01154	0.00733	0.00207	0.00405	0.00997	0.00751	0.00808
24	0.81514	0.01273	0.00968	0.00866	0.01273	0.01477	0.00713	0.01935	0.01120	0.02954	0.00917	0.01069	0.00713	0.00611	0.00407	0.00204	0.00509	0.00356	0.00407	0.00713
25	0.01629	0.01564	0.02672	0.04041	0.72757	0.01564	0.02020	0.02020	0.01499	0.02151	0.01238	0.01629	0.01043	0.00587	0.00652	0.00196	0.00782	0.00587	0.00326	0.01043
26	0.02503	0.01844	0.01976	0.01515	0.02042	0.02042	0.01251	0.70562	0.03095	0.04149	0.01581	0.01581	0.01120	0.00790	0.00659	0.00198	0.00724	0.00593	0.00659	0.01120
27	0.01637	0.01414	0.01489	0.01340	0.01712	0.01637	0.01042	0.03498	0.71568	0.02754	0.02679	0.02456	0.02010	0.00893	0.00670	0.00223	0.00521	0.00744	0.00670	0.01042
28	0.00800	0.00580	0.00757	0.00898	0.00950	0.00536	0.00603	0.00919	0.01279	0.01688	0.03859	0.71115	0.09524	0.02032	0.00836	0.00264	0.00378	0.01835	0.00611	0.00536
29	0.00954	0.00651	0.00781	0.00781	0.00802	0.00672	0.00477	0.00998	0.00976	0.01323	0.02017	0.03990	0.02255	0.63585	0.16441	0.00716	0.00846	0.00911	0.00390	0.00434
30	0.02459	0.03138	0.01866	0.01696	0.02035	0.74221	0.01272	0.02629	0.01866	0.01611	0.01018	0.01187	0.00848	0.00678	0.00594	0.00170	0.01187	0.00424	0.00339	0.00763
31	0.01217	0.01135	0.01903	0.70868	0.04322	0.01408	0.01756	0.01637	0.01313	0.01682	0.01316	0.06187	0.01084	0.00742	0.00669	0.00222	0.00848	0.00661	0.00311	0.00720
32	0.00827	0.00583	0.00756	0.00885	0.00917	0.00551	0.00577	0.00923	0.01211	0.01615	0.03377	0.64773	0.04037	0.14156	0.01246	0.00327	0.00423	0.01724	0.00577	0.00513
33	0.01375	0.01044	0.01292	0.01188	0.01439	0.01123	0.03725	0.02250	0.29055	0.06850	0.12306	0.19862	0.03064	0.01243	0.00780	0.00231	0.03281	0.03698	0.05381	0.00812
34	0.11155	0.09306	0.02207	0.10639	0.32746	0.01547	0.04722	0.02007	0.05856	0.02205	0.01363	0.01674	0.01100	0.00635	0.00583	0.00191	0.00694	0.00556	0.09924	0.00889
35	0.07874	0.01453	0.01912	0.17302	0.15617	0.01634	0.01428	0.17129	0.14146	0.08012	0.01609	0.01784	0.01205	0.00753	0.00730	0.00213	0.05150	0.00603	0.00493	0.00956

[dist]
# distance from previous block
# <min> <max>
0	35

[block]
# block no. 1 follows, 33 sequences, length 41
# corresponding to MSA columns:
# 671-711
name=unknown_B
#
# <colnr> <probs for GDERKNQSTAVLIFYWHMCP>
#	G	D	E	R	K	N	Q	S	T	A	V	L	I	F	Y	W	H	M	C	P
0	0.26054	0.01417	0.01696	0.35696	0.09586	0.07611	0.01416	0.01966	0.04971	0.02166	0.01164	0.01521	0.00899	0.00651	0.00576	0.00208	0.00763	0.00510	0.00354	0.00774
1	0.16620	0.12602	0.05764	0.17921	0.02379	0.04768	0.01279	0.15097	0.03318	0.05540	0.01341	0.01675	0.01056	0.00706	0.00574	0.00194	0.00721	0.02997	0.00431	0.05019
2	0.02954	0.01120	0.01528	0.01171	0.01681	0.00968	0.00968	0.03208	0.01884	0.73213	0.02597	0.02241	0.01630	0.00815	0.00662	0.00204	0.00560	0.00662	0.00815	0.01120
3	0.00781	0.00656	0.00678	0.00695	0.00896	0.00553	0.00512	0.00942	0.01474	0.01768	0.06331	0.14120	0.64924	0.01711	0.00785	0.00227	0.00339	0.01443	0.00611	0.00553
4	0.00932	0.00673	0.00880	0.00828	0.00984	0.00621	0.00621	0.01242	0.01863	0.02640	0.72410	0.04918	0.06212	0.01346	0.00776	0.00207	0.00311	0.01191	0.00725	0.00621
5	0.01988	0.01632	0.01913	0.01563	0.01878	0.01969	0.01285	0.35421	0.13176	0.03016	0.01499	0.01669	0.01169	0.00935	0.01195	0.00234	0.27352	0.00611	0.00529	0.00965
6	0.02050	0.17335	0.02256	0.09449	0.06251	0.30297	0.03566	0.07203	0.01718	0.05675	0.01173	0.01365	0.00938	0.00643	0.00575	0.00170	0.00906	0.00469	0.00374	0.07586
7	0.00956	0.00855	0.05008	0.00882	0.01102	0.00700	0.00721	0.01328	0.04327	0.02482	0.55856	0.04841	0.15779	0.01337	0.00764	0.00210	0.00359	0.01164	0.00680	0.00647
8	0.01800	0.01277	0.05305	0.01078	0.01663	0.00938	0.00921	0.02108	0.01509	0.21720	0.01564	0.01608	0.01148	0.00585	0.00543	0.00133	0.00534	0.00470	0.00501	0.54595
9	0.81514	0.01273	0.00968	0.00866	0.01273	0.01477	0.00713	0.01935	0.01120	0.02954	0.00917	0.01069	0.00713	0.00611	0.00407	0.00204	0.00509	0.00356	0.00407	0.00713
10	0.01637	0.01414	0.01489	0.01340	0.01712	0.01637	0.01042	0.03498	0.71568	0.02754	0.02679	0.02456	0.02010	0.00893	0.00670	0.00223	0.00521	0.00744	0.00670	0.01042
11	0.01637	0.01414	0.01489	0.01340	0.01712	0.01637	0.01042	0.03498	0.71568	0.02754	0.02679	0.02456	0.02010	0.00893	0.00670	0.00223	0.00521	0.00744	0.00670	0.01042
12	0.01243	0.01170	0.01975	0.75282	0.04534	0.01463	0.01828	0.01682	0.01316	0.01682	0.01170	0.01755	0.00878	0.00658	0.00658	0.00219	0.00878	0.00585	0.00293	0.00731
13	0.01760	0.77260	0.03450	0.01126	0.01690	0.02605	0.01126	0.01971	0.01338	0.01549	0.00915	0.01056	0.00845	0.00563	0.00422	0.00141	0.00704	0.00352	0.00282	0.00845
14	0.01238	0.01139	0.01917	0.71414	0.04343	0.01416	0.01763	0.01639	0.01293	0.01654	0.01169	0.01768	0.00891	0.00743	0.00758	0.04410	0.00862	0.00584	0.00292	0.00708
15	0.01316	0.01245	0.02106	0.61808	0.17437	0.01482	0.01865	0.01746	0.01351	0.01771	0.01183	0.01731	0.00909	0.00645	0.00657	0.00215	0.00860	0.00585	0.00299	0.00790
16	0.01187	0.02436	0.47652	0.01540	0.02194	0.01253	0.01804	0.01733	0.01259	0.01854	0.01429	0.02042	0.01221	0.11640	0.17475	0.00455	0.01106	0.00598	0.00311	0.00811
17	0.25214	0.01143	0.01218	0.01070	0.03222	0.01191	0.00833	0.08113	0.06958	0.23434	0.01891	0.01895	0.01347	0.00743	0.00541	0.00193	0.00503	0.00561	0.19052	0.00877
18	0.01203	0.00986	0.01353	0.13485	0.07065	0.01034	0.02602	0.01750	0.14055	0.03910	0.13046	0.12381	0.14859	0.01334	0.03094	0.03130	0.00573	0.01006	0.00538	0.02595
19	0.44370	0.01231	0.01218	0.01012	0.01440	0.01308	0.00830	0.08640	0.01590	0.23611	0.07489	0.01784	0.01482	0.00749	0.00536	0.00203	0.00527	0.00538	0.00577	0.00862
20	0.06767	0.01449	0.01851	0.22598	0.02595	0.05938	0.05000	0.12783	0.09588	0.02262	0.01411	0.01777	0.01124	0.01257	0.09194	0.00318	0.12254	0.00602	0.00412	0.00819
21	0.00799	0.00628	0.00722	0.00782	0.00923	0.00552	0.00555	0.00954	0.01427	0.01799	0.10103	0.35398	0.39405	0.01809	0.00804	0.00240	0.00352	0.01576	0.00619	0.00552
22	0.35891	0.01265	0.01342	0.01081	0.01550	0.01301	0.00892	0.10153	0.01698	0.36042	0.01779	0.01676	0.01188	0.00727	0.00555	0.00203	0.00557	0.00526	0.00626	0.00949
23	0.72191	0.06183	0.01158	0.00899	0.01322	0.01523	0.00753	0.02005	0.01175	0.06585	0.01006	0.01131	0.00770	0.00619	0.00422	0.00200	0.00525	0.00372	0.00421	0.00743
24	0.01010	0.00770	0.00957	0.01034	0.01175	0.00779	0.00783	0.01478	0.13057	0.02007	0.08885	0.37799	0.08382	0.01730	0.00819	0.00261	0.00450	0.17351	0.00628	0.00644
25	0.01376	0.10967	0.38196	0.04713	0.02390	0.01530	0.04081	0.02089	0.09349	0.02068	0.03598	0.01693	0.01214	0.00958	0.05725	0.00253	0.00883	0.00543	0.00355	0.08021
26	0.00931	0.00627	0.00726	0.00752	0.00759	0.00620	0.00436	0.00950	0.01010	0.01346	0.02343	0.16782	0.02733	0.63927	0.02917	0.00574	0.00594	0.01115	0.00436	0.00422
27	0.01601	0.34766	0.02549	0.12371	0.12083	0.04619	0.01303	0.02121	0.11786	0.01930	0.07607	0.01793	0.01526	0.00703	0.00563	0.00179	0.00696	0.00554	0.00388	0.00862
28	0.00857	0.00617	0.00793	0.00856	0.00940	0.00573	0.00590	0.01029	0.01448	0.01969	0.26391	0.42585	0.08847	0.08099	0.01027	0.00276	0.00377	0.01541	0.00631	0.00553
29	0.01058	0.00700	0.00812	0.00780	0.00967	0.00627	0.00576	0.01253	0.01528	0.07965	0.20805	0.07516	0.32472	0.12098	0.01121	0.00277	0.00400	0.03589	0.04858	0.00601
30	0.01760	0.77260	0.03450	0.01126	0.01690	0.02605	0.01126	0.01971	0.01338	0.01549	0.00915	0.01056	0.00845	0.00563	0.00422	0.00141	0.00704	0.00352	0.00282	0.00845
31	0.01637	0.01414	0.01489	0.01340	0.01712	0.01637	0.01042	0.03498	0.71568	0.02754	0.02679	0.02456	0.02010	0.00893	0.00670	0.00223	0.00521	0.00744	0.00670	0.01042
32	0.53304	0.01218	0.01169	0.00975	0.01419	0.01294	0.00804	0.02392	0.01395	0.28183	0.01520	0.01490	0.01042	0.00684	0.00499	0.00204	0.00528	0.00466	0.00554	0.00859
33	0.81514	0.01273	0.00968	0.00866	0.01273	0.01477	0.00713	0.01935	0.01120	0.02954	0.00917	0.01069	0.00713	0.00611	0.00407	0.00204	0.00509	0.00356	0.00407	0.00713
34	0.00871	0.00625	0.00837	0.00911	0.00992	0.00605	0.00645	0.01053	0.01392	0.01908	0.21530	0.42556	0.04417	0.06144	0.09112	0.00360	0.00540	0.04341	0.00601	0.00559
35	0.01755	0.28055	0.26919	0.01361	0.02009	0.01686	0.01489	0.02177	0.01523	0.16193	0.09283	0.01837	0.01594	0.00722	0.00580	0.00184	0.00724	0.00554	0.00436	0.00919
36	0.12104	0.52199	0.02675	0.01064	0.01558	0.02132	0.01004	0.04470	0.01434	0.05662	0.05170	0.01434	0.01230	0.00646	0.00464	0.00159	0.00628	0.00439	0.04700	0.00827
37	0.08777	0.18276	0.10556	0.03979	0.01883	0.01504	0.03198	0.06229	0.01618	0.27397	0.01959	0.02014	0.04994	0.03985	0.00707	0.00211	0.00666	0.00594	0.00527	0.00926
38	0.08743	0.01321	0.01431	0.13383	0.02012	0.09146	0.01001	0.01936	0.01517	0.11862	0.08579	0.02065	0.04570	0.00728	0.00585	0.00166	0.00618	0.00582	0.00470	0.29286
39	0.05967	0.07872	0.06876	0.01457	0.05777	0.04570	0.04795	0.14127	0.08329	0.06589	0.02714	0.05493	0.14046	0.01029	0.00679	0.00214	0.00652	0.07428	0.00531	0.00856
40	0.41840	0.11090	0.07740	0.05332	0.08630	0.01605	0.03612	0.04222	0.01339	0.02527	0.03737	0.01557	0.01098	0.00673	0.00515	0.00200	0.00643	0.02455	0.00390	0.00798

[dist]
# distance from previous block
# <min> <max>
0	81

[block]
# block no. 2 follows, 33 sequences, length 28
# corresponding to MSA columns:
# 793-820
name=unknown_C
#
# <colnr> <probs for GDERKNQSTAVLIFYWHMCP>
#	G	D	E	R	K	N	Q	S	T	A	V	L	I	F	Y	W	H	M	C	P
0	0.01484	0.04739	0.33172	0.01423	0.02050	0.01288	0.01544	0.07134	0.04961	0.08721	0.07533	0.09780	0.04920	0.00906	0.00656	0.00203	0.00704	0.00749	0.00468	0.07567
1	0.01471	0.07663	0.12459	0.15997	0.09645	0.01516	0.21681	0.01998	0.04833	0.05113	0.04219	0.07440	0.01471	0.00759	0.00688	0.00213	0.00846	0.00740	0.00386	0.00862
2	0.34291	0.07508	0.01767	0.05705	0.01862	0.01540	0.08969	0.07171	0.01488	0.10446	0.07173	0.01705	0.01367	0.00737	0.00660	0.00207	0.05573	0.00554	0.00464	0.00814
3	0.01010	0.00738	0.00990	0.01102	0.01264	0.00718	0.00944	0.01294	0.01542	0.01999	0.09686	0.07061	0.13799	0.01758	0.00879	0.00284	0.00543	0.53173	0.00617	0.00600
4	0.03921	0.01050	0.01348	0.01252	0.01468	0.05845	0.06104	0.01654	0.01451	0.13480	0.02891	0.31745	0.05311	0.01481	0.00890	0.00251	0.06517	0.12064	0.00572	0.00705
5	0.01641	0.05946	0.28333	0.01987	0.15860	0.01470	0.01695	0.10292	0.01612	0.09049	0.01596	0.06925	0.01353	0.06797	0.00889	0.00240	0.02303	0.00663	0.00418	0.00931
6	0.01560	0.01758	0.03783	0.02880	0.09219	0.01656	0.64668	0.02101	0.01549	0.02112	0.01324	0.01764	0.01003	0.00558	0.00766	0.00220	0.01083	0.00761	0.00332	0.00901
7	0.01539	0.01306	0.01409	0.01291	0.01630	0.01491	0.01012	0.03159	0.60775	0.02683	0.07993	0.03035	0.02467	0.01000	0.00697	0.00228	0.00512	0.06127	0.00669	0.00976
8	0.01352	0.01830	0.27092	0.12614	0.03871	0.01199	0.01546	0.07120	0.01484	0.06293	0.01988	0.22773	0.01926	0.01140	0.00790	0.04101	0.00723	0.00918	0.00438	0.00801
9	0.01726	0.01571	0.15357	0.15769	0.05037	0.01221	0.10224	0.02138	0.01504	0.22021	0.01905	0.09981	0.01532	0.01122	0.05653	0.00274	0.00838	0.00760	0.00482	0.00886
10	0.02954	0.01120	0.01528	0.01171	0.01681	0.00968	0.00968	0.03208	0.01884	0.73213	0.02597	0.02241	0.01630	0.00815	0.00662	0.00204	0.00560	0.00662	0.00815	0.01120
11	0.01345	0.00758	0.00956	0.00876	0.01099	0.00676	0.00657	0.01564	0.01646	0.18284	0.28567	0.13924	0.18410	0.07072	0.00953	0.00250	0.00406	0.01183	0.00682	0.00693
12	0.01559	0.09528	0.12975	0.14187	0.10929	0.01778	0.01657	0.01891	0.01276	0.07134	0.01144	0.01529	0.00939	0.00836	0.01204	0.00232	0.29481	0.00549	0.00331	0.00842
13	0.01626	0.10779	0.24025	0.01866	0.07084	0.04365	0.12259	0.09512	0.06906	0.04721	0.01630	0.09316	0.01387	0.00800	0.00657	0.00206	0.00822	0.00701	0.00416	0.00923
14	0.02740	0.01237	0.01575	0.01226	0.01719	0.01166	0.01006	0.12993	0.07307	0.56158	0.04128	0.02225	0.01694	0.00830	0.00665	0.00204	0.00575	0.00671	0.00779	0.01102
15	0.01783	0.69541	0.06415	0.01194	0.01761	0.06895	0.01192	0.02016	0.01372	0.01576	0.00933	0.01079	0.00845	0.00573	0.00442	0.00146	0.00745	0.00362	0.00285	0.00845
16	0.00970	0.00651	0.00834	0.00869	0.00998	0.00592	0.00620	0.01163	0.01526	0.06292	0.26196	0.39149	0.14266	0.01701	0.00800	0.00238	0.00363	0.01512	0.00660	0.00601
17	0.00874	0.00671	0.00800	0.00768	0.00948	0.00597	0.00576	0.01130	0.01727	0.02316	0.47691	0.05451	0.31133	0.01467	0.00777	0.00213	0.00319	0.01265	0.00682	0.00597
18	0.00883	0.00602	0.00764	0.00842	0.00874	0.00577	0.00541	0.00952	0.01185	0.01593	0.08418	0.42859	0.03671	0.26342	0.01755	0.05213	0.00471	0.01442	0.00532	0.00482
19	0.00929	0.00635	0.00765	0.00809	0.00839	0.00623	0.00513	0.00997	0.01125	0.01505	0.06755	0.20996	0.03179	0.49385	0.02432	0.00502	0.00558	0.06511	0.00483	0.00460
20	0.00922	0.00660	0.00895	0.01009	0.01111	0.00633	0.00779	0.01142	0.01467	0.01967	0.16448	0.37616	0.04493	0.01838	0.00854	0.00269	0.00451	0.26237	0.00631	0.00577
21	0.00891	0.00638	0.00777	0.00793	0.00891	0.00594	0.00541	0.01037	0.01411	0.01894	0.26311	0.20433	0.16029	0.20533	0.01494	0.02909	0.00421	0.01294	0.00585	0.00525
22	0.01760	0.77260	0.03450	0.01126	0.01690	0.02605	0.01126	0.01971	0.01338	0.01549	0.00915	0.01056	0.00845	0.00563	0.00422	0.00141	0.00704	0.00352	0.00282	0.00845
23	0.42696	0.01198	0.01244	0.01017	0.01474	0.01225	0.00839	0.02564	0.01498	0.37670	0.01747	0.01648	0.01166	0.00712	0.00533	0.00204	0.00534	0.00507	0.00609	0.00914
24	0.01314	0.01243	0.02103	0.62143	0.17116	0.01481	0.01864	0.01744	0.01350	0.01768	0.01183	0.01732	0.00908	0.00645	0.00657	0.00215	0.00860	0.00585	0.00299	0.00789
25	0.01501	0.01771	0.17403	0.01864	0.02443	0.01313	0.28360	0.05058	0.01683	0.08643	0.17018	0.02624	0.05586	0.00828	0.00729	0.00213	0.00805	0.00816	0.00477	0.00863
26	0.73162	0.01201	0.00947	0.00871	0.01240	0.01379	0.00702	0.01830	0.01135	0.02822	0.01197	0.08868	0.01090	0.00761	0.00452	0.00210	0.00496	0.00513	0.00428	0.00695
27	0.00886	0.00675	0.00816	0.00791	0.00969	0.00605	0.00600	0.01147	0.01725	0.02319	0.47099	0.05510	0.28474	0.01476	0.00783	0.00217	0.00332	0.04297	0.00681	0.00598

[dist]
# distance from previous block
# <min> <max>
0	4

[block]
# block no. 3 follows, 33 sequences, length 9
# corresponding to MSA columns:
# 825-833
name=unknown_D
#
# <colnr> <probs for GDERKNQSTAVLIFYWHMCP>
#	G	D	E	R	K	N	Q	S	T	A	V	L	I	F	Y	W	H	M	C	P
0	0.01599	0.01261	0.01388	0.01233	0.01599	0.01364	0.00953	0.02944	0.49597	0.07674	0.02611	0.11356	0.02146	0.00982	0.00669	0.00212	0.00503	0.00834	0.00640	0.10435
1	0.06562	0.01682	0.10098	0.01431	0.01909	0.06666	0.04455	0.04776	0.10173	0.23044	0.01730	0.01765	0.01244	0.00771	0.00821	0.00203	0.10611	0.00575	0.00526	0.10957
2	0.01454	0.26806	0.19700	0.01421	0.01992	0.01630	0.09757	0.01841	0.01465	0.05510	0.07944	0.05909	0.10222	0.00863	0.00620	0.00192	0.00718	0.00722	0.00407	0.00826
3	0.01424	0.37743	0.02117	0.00989	0.01347	0.01578	0.00868	0.01610	0.01428	0.06094	0.11475	0.14663	0.10937	0.01128	0.00679	0.03323	0.00541	0.00864	0.00466	0.00725
4	0.01275	0.01317	0.11767	0.12819	0.06695	0.01081	0.01252	0.04750	0.05687	0.05558	0.20684	0.09405	0.08079	0.01124	0.00726	0.00222	0.00596	0.05649	0.00539	0.00774
5	0.06053	0.15594	0.24247	0.05597	0.02156	0.01792	0.01605	0.01881	0.01273	0.05200	0.01345	0.01619	0.04234	0.00833	0.01055	0.00221	0.23594	0.00538	0.00331	0.00832
6	0.01065	0.00812	0.00961	0.00990	0.01131	0.00844	0.00730	0.01552	0.15500	0.01853	0.03236	0.18898	0.10228	0.20873	0.05175	0.00395	0.00583	0.13998	0.00555	0.00622
7	0.11913	0.01166	0.01411	0.01133	0.01585	0.01127	0.00923	0.05857	0.10345	0.47374	0.05335	0.02223	0.01744	0.00820	0.00629	0.00204	0.00535	0.00654	0.04003	0.01020
8	0.01488	0.01366	0.06048	0.51290	0.12433	0.01437	0.05122	0.01925	0.01413	0.09228	0.01335	0.01771	0.00980	0.00659	0.00662	0.00214	0.00849	0.00597	0.00352	0.00831

[dist]
# distance from previous block
# <min> <max>
3	34

[block]
# block no. 4 follows, 33 sequences, length 15
# corresponding to MSA columns:
# 868-882
name=unknown_E
#
# <colnr> <probs for GDERKNQSTAVLIFYWHMCP>
#	G	D	E	R	K	N	Q	S	T	A	V	L	I	F	Y	W	H	M	C	P
0	0.12825	0.01267	0.01705	0.09029	0.12009	0.01302	0.03855	0.08189	0.06421	0.25681	0.01851	0.02097	0.01382	0.08458	0.00904	0.00250	0.00657	0.00637	0.00554	0.00927
1	0.12415	0.01398	0.01748	0.12448	0.08358	0.04244	0.04817	0.07696	0.01501	0.02313	0.01167	0.01442	0.00935	0.00602	0.00616	0.00164	0.03596	0.00478	0.00386	0.33675
2	0.00890	0.00669	0.00809	0.00775	0.00939	0.00604	0.00572	0.01139	0.01699	0.02304	0.49039	0.05277	0.24674	0.06590	0.00953	0.00241	0.00339	0.01231	0.00670	0.00588
3	0.01209	0.00989	0.01469	0.01312	0.01455	0.01129	0.06214	0.01448	0.01374	0.04788	0.18312	0.08975	0.02982	0.06195	0.09408	0.00367	0.21060	0.10157	0.00495	0.00663
4	0.00983	0.00654	0.00855	0.00903	0.01026	0.00602	0.00654	0.01180	0.01514	0.06230	0.24589	0.40579	0.10180	0.01725	0.00810	0.00244	0.00381	0.05632	0.00657	0.00602
5	0.00920	0.00647	0.00817	0.00816	0.00952	0.00598	0.00596	0.01179	0.01670	0.02363	0.47316	0.19678	0.10114	0.01467	0.00762	0.00216	0.00327	0.01296	0.07667	0.00598
6	0.05980	0.01028	0.01363	0.01098	0.01521	0.00912	0.00886	0.02728	0.01788	0.55954	0.09717	0.09732	0.02322	0.00982	0.00680	0.00210	0.00515	0.00821	0.00768	0.00994
7	0.02459	0.03138	0.01866	0.01696	0.02035	0.74221	0.01272	0.02629	0.01866	0.01611	0.01018	0.01187	0.00848	0.00678	0.00594	0.00170	0.01187	0.00424	0.00339	0.00763
8	0.01629	0.01564	0.02672	0.04041	0.72757	0.01564	0.02020	0.02020	0.01499	0.02151	0.01238	0.01629	0.01043	0.00587	0.00652	0.00196	0.00782	0.00587	0.00326	0.01043
9	0.01232	0.00941	0.01099	0.01088	0.01275	0.00992	0.00796	0.11387	0.16757	0.02317	0.07006	0.45778	0.03492	0.01589	0.00774	0.00245	0.00457	0.01408	0.00637	0.00732
10	0.01353	0.08856	0.68286	0.01821	0.02764	0.01608	0.02336	0.02076	0.01386	0.02045	0.01162	0.01365	0.00835	0.00621	0.00610	0.00203	0.00953	0.00477	0.00278	0.00963
11	0.81514	0.01273	0.00968	0.00866	0.01273	0.01477	0.00713	0.01935	0.01120	0.02954	0.00917	0.01069	0.00713	0.00611	0.00407	0.00204	0.00509	0.00356	0.00407	0.00713
12	0.01525	0.40035	0.02545	0.06264	0.01829	0.01829	0.05744	0.01790	0.01421	0.05127	0.10809	0.05248	0.01913	0.01127	0.06054	0.00245	0.02477	0.02840	0.00400	0.00780
13	0.09563	0.01095	0.01371	0.06398	0.01680	0.01058	0.00917	0.04918	0.01553	0.29329	0.03557	0.07169	0.01685	0.08565	0.00966	0.00239	0.04092	0.00698	0.00577	0.14572
14	0.01560	0.16026	0.10571	0.01194	0.01566	0.01403	0.01071	0.03652	0.18171	0.07432	0.01713	0.05359	0.01444	0.01253	0.01184	0.23946	0.00628	0.00629	0.00441	0.00757

[dist]
# distance from previous block
# <min> <max>
1	11

[block]
# block no. 5 follows, 33 sequences, length 15
# corresponding to MSA columns:
# 894-908
name=unknown_F
#
# <colnr> <probs for GDERKNQSTAVLIFYWHMCP>
#	G	D	E	R	K	N	Q	S	T	A	V	L	I	F	Y	W	H	M	C	P
0	0.04260	0.00826	0.00955	0.00935	0.01029	0.05518	0.00671	0.01196	0.03345	0.01626	0.13933	0.02918	0.05128	0.01858	0.01820	0.48056	0.00555	0.04512	0.00414	0.00444
1	0.01368	0.09624	0.22858	0.01458	0.01947	0.01272	0.07563	0.05567	0.01492	0.06368	0.02230	0.26207	0.02262	0.01183	0.00711	0.00227	0.00701	0.05692	0.00469	0.00802
2	0.03492	0.31628	0.07540	0.01301	0.01822	0.04466	0.05028	0.09329	0.04737	0.04400	0.05631	0.01653	0.01352	0.00948	0.05408	0.00224	0.00772	0.00520	0.00407	0.09341
3	0.01858	0.01912	0.13822	0.01451	0.01840	0.15601	0.01301	0.04736	0.07793	0.15022	0.01860	0.06754	0.01598	0.06383	0.01062	0.00251	0.10857	0.04565	0.00486	0.00847
4	0.00983	0.00754	0.00992	0.03369	0.05275	0.00734	0.00779	0.05314	0.01459	0.01922	0.05978	0.48475	0.13953	0.01761	0.00806	0.00251	0.00445	0.05545	0.00591	0.00616
5	0.01989	0.07063	0.14286	0.01519	0.01939	0.17894	0.01390	0.05163	0.01618	0.16544	0.06462	0.01768	0.01404	0.00845	0.00957	0.00211	0.17046	0.00574	0.00452	0.00874
6	0.01518	0.34229	0.40147	0.01614	0.02398	0.01987	0.05792	0.02039	0.01377	0.01862	0.01079	0.01272	0.00848	0.00595	0.00549	0.00181	0.00868	0.00447	0.00283	0.00914
7	0.01585	0.00838	0.00967	0.00856	0.01123	0.00800	0.00675	0.07301	0.01697	0.17227	0.10390	0.03361	0.12577	0.01013	0.00616	0.00189	0.00409	0.03384	0.34241	0.00752
8	0.11391	0.01179	0.07616	0.01150	0.01421	0.01117	0.00980	0.04987	0.04207	0.08659	0.01822	0.04609	0.01666	0.13279	0.24593	0.00552	0.06054	0.03560	0.00444	0.00713
9	0.10362	0.01606	0.09186	0.29434	0.10779	0.01553	0.16888	0.03764	0.06157	0.02142	0.01298	0.01678	0.00982	0.00639	0.00654	0.00214	0.00859	0.00604	0.00351	0.00851
10	0.00819	0.00586	0.00779	0.00905	0.00959	0.00546	0.00612	0.00960	0.01340	0.01807	0.12722	0.66979	0.04600	0.01968	0.00832	0.00259	0.00373	0.01781	0.00626	0.00546
11	0.75798	0.01283	0.01005	0.00900	0.01305	0.01488	0.00737	0.02047	0.06161	0.02939	0.01043	0.01169	0.00806	0.00631	0.00426	0.00205	0.00510	0.00384	0.00426	0.00737
12	0.00962	0.00666	0.00838	0.00904	0.00965	0.00657	0.00644	0.01090	0.01228	0.01632	0.07054	0.16696	0.03355	0.37936	0.02065	0.00453	0.00568	0.21277	0.00514	0.00496
13	0.81514	0.01273	0.00968	0.00866	0.01273	0.01477	0.00713	0.01935	0.01120	0.02954	0.00917	0.01069	0.00713	0.00611	0.00407	0.00204	0.00509	0.00356	0.00407	0.00713
14	0.17487	0.11497	0.42400	0.01575	0.02332	0.01674	0.03991	0.04584	0.04786	0.02303	0.01189	0.01357	0.00883	0.00632	0.00566	0.00200	0.00822	0.00470	0.00339	0.00912

[dist]
# distance from previous block
# <min> <max>
0	2

[block]
# block no. 6 follows, 33 sequences, length 33
# corresponding to MSA columns:
# 911-943
name=unknown_G
#
# <colnr> <probs for GDERKNQSTAVLIFYWHMCP>
#	G	D	E	R	K	N	Q	S	T	A	V	L	I	F	Y	W	H	M	C	P
0	0.01851	0.01096	0.01345	0.01007	0.01521	0.00878	0.00812	0.02133	0.01551	0.25078	0.04262	0.01854	0.01426	0.00644	0.00552	0.00140	0.00491	0.00523	0.06365	0.46470
1	0.00978	0.00674	0.00806	0.00813	0.00987	0.00594	0.00594	0.01168	0.01540	0.07139	0.20348	0.26223	0.32420	0.01648	0.00787	0.00231	0.00359	0.01433	0.00652	0.00605
2	0.09070	0.01007	0.01175	0.00964	0.01377	0.00858	0.00764	0.01719	0.01456	0.12351	0.06649	0.10916	0.08101	0.00956	0.00612	0.00172	0.00471	0.04694	0.00530	0.36159
3	0.00823	0.00653	0.00744	0.00778	0.00947	0.00573	0.00577	0.01009	0.01503	0.01896	0.15472	0.21243	0.43833	0.01714	0.00799	0.00235	0.00358	0.05650	0.00628	0.00564
4	0.02503	0.01844	0.01976	0.01515	0.02042	0.02042	0.01251	0.70562	0.03095	0.04149	0.01581	0.01581	0.01120	0.00790	0.00659	0.00198	0.00724	0.00593	0.00659	0.01120
5	0.02922	0.01172	0.01559	0.01196	0.01706	0.01044	0.00988	0.07971	0.01970	0.68330	0.02525	0.02194	0.01594	0.00813	0.00662	0.00203	0.00572	0.00657	0.00804	0.01120
6	0.01549	0.02752	0.51964	0.01728	0.02531	0.01427	0.04576	0.06955	0.01560	0.09987	0.01571	0.07666	0.01236	0.00773	0.00655	0.00213	0.00867	0.00638	0.00393	0.00960
7	0.01458	0.01492	0.02305	0.01890	0.01993	0.01962	0.12105	0.01665	0.01093	0.01665	0.00937	0.01492	0.00885	0.01060	0.01946	0.00278	0.64124	0.00607	0.00295	0.00746
8	0.76997	0.01306	0.01025	0.00903	0.01317	0.01509	0.00744	0.05858	0.01233	0.03022	0.00955	0.01099	0.00736	0.00621	0.00422	0.00203	0.00522	0.00370	0.00422	0.00736
9	0.01519	0.31930	0.37936	0.01692	0.02469	0.01964	0.10025	0.02044	0.01389	0.01879	0.01096	0.01306	0.00858	0.00593	0.00565	0.00184	0.00885	0.00469	0.00286	0.00913
10	0.81514	0.01273	0.00968	0.00866	0.01273	0.01477	0.00713	0.01935	0.01120	0.02954	0.00917	0.01069	0.00713	0.00611	0.00407	0.00204	0.00509	0.00356	0.00407	0.00713
11	0.00942	0.00701	0.00878	0.00965	0.01081	0.00684	0.00719	0.01236	0.06473	0.01861	0.07684	0.35817	0.12508	0.07999	0.01040	0.00294	0.00457	0.17472	0.00603	0.00585
12	0.02128	0.01153	0.01404	0.01145	0.01576	0.01101	0.00916	0.05904	0.17859	0.34950	0.06919	0.05387	0.06054	0.00924	0.00665	0.00200	0.00516	0.00768	0.00703	0.09728
13	0.01607	0.53948	0.08083	0.01243	0.01751	0.05399	0.03988	0.01856	0.01362	0.01633	0.01364	0.12433	0.01377	0.00798	0.00522	0.00169	0.00714	0.00611	0.00336	0.00806
14	0.00826	0.00617	0.00764	0.00856	0.00955	0.00563	0.00602	0.00976	0.01371	0.01781	0.09635	0.46591	0.21665	0.04608	0.00915	0.00267	0.00386	0.05463	0.00612	0.00546
15	0.01775	0.00868	0.01156	0.01024	0.01278	0.00810	0.00779	0.01970	0.01579	0.32045	0.13202	0.22298	0.04850	0.08502	0.01054	0.00267	0.03973	0.01099	0.00679	0.00792
16	0.01664	0.26132	0.06269	0.01239	0.01736	0.05061	0.03616	0.08506	0.08432	0.04768	0.09959	0.02054	0.04610	0.00761	0.00576	0.00169	0.00642	0.00598	0.00460	0.12748
17	0.01375	0.01264	0.13091	0.01162	0.01486	0.00948	0.01048	0.01739	0.04392	0.14717	0.16527	0.23113	0.08294	0.01318	0.00845	0.00231	0.05974	0.01117	0.00593	0.00764
18	0.00791	0.00618	0.00718	0.00798	0.00924	0.00545	0.00558	0.00930	0.01375	0.01727	0.05078	0.43019	0.36834	0.01874	0.00811	0.00246	0.00359	0.01642	0.00611	0.00545
19	0.01382	0.01382	0.15912	0.01301	0.05603	0.00960	0.01142	0.01713	0.01531	0.14740	0.12047	0.11159	0.20036	0.01345	0.03580	0.00252	0.03580	0.00996	0.00555	0.00784
20	0.01406	0.07076	0.13328	0.04028	0.04791	0.04080	0.01187	0.01772	0.01419	0.02077	0.06323	0.01625	0.01315	0.00611	0.00583	0.00142	0.02375	0.00482	0.00378	0.45001
21	0.01394	0.00973	0.05532	0.01081	0.01310	0.00848	0.00889	0.01612	0.01431	0.16939	0.07091	0.21858	0.08941	0.09405	0.03940	0.00317	0.05877	0.09273	0.00585	0.00703
22	0.15057	0.01067	0.03839	0.01211	0.04304	0.01061	0.02890	0.03543	0.06584	0.07731	0.17390	0.05700	0.02546	0.02104	0.21604	0.00452	0.00873	0.00787	0.00517	0.00744
23	0.04753	0.23207	0.20617	0.04069	0.02124	0.01695	0.04799	0.07434	0.01613	0.15050	0.04098	0.01837	0.04528	0.00726	0.00590	0.00189	0.00737	0.00568	0.00445	0.00921
24	0.06723	0.01802	0.22136	0.04623	0.16611	0.01281	0.04138	0.02015	0.04861	0.09686	0.03568	0.11594	0.01666	0.01029	0.03584	0.00247	0.00763	0.00755	0.02029	0.00889
25	0.01444	0.01133	0.01653	0.04612	0.19759	0.01245	0.01193	0.04778	0.01351	0.07024	0.03910	0.09478	0.03801	0.13929	0.01562	0.06000	0.15146	0.00815	0.00425	0.00741
26	0.15696	0.02100	0.23369	0.12147	0.09186	0.08365	0.06318	0.02101	0.01424	0.08208	0.01290	0.01603	0.00981	0.03669	0.00713	0.00222	0.00841	0.00534	0.00368	0.00864
27	0.01438	0.04663	0.16776	0.07819	0.20706	0.01302	0.07502	0.01864	0.01495	0.06918	0.09404	0.10613	0.01985	0.00871	0.00677	0.00209	0.00724	0.00793	0.03372	0.00868
28	0.01763	0.04967	0.19691	0.18574	0.02651	0.06881	0.03022	0.02272	0.05272	0.17995	0.03119	0.03738	0.01451	0.00808	0.00661	0.00212	0.00794	0.04773	0.00465	0.00892
29	0.07111	0.01373	0.08812	0.01936	0.15756	0.01203	0.10541	0.01816	0.09027	0.02111	0.03800	0.19468	0.02289	0.04423	0.00838	0.00250	0.00672	0.07308	0.00469	0.00796
30	0.15259	0.07911	0.20032	0.01795	0.10340	0.03181	0.06014	0.09264	0.03517	0.12965	0.01414	0.01534	0.01030	0.00673	0.00627	0.00201	0.02322	0.00529	0.00440	0.00951
31	0.07425	0.04577	0.12289	0.01238	0.03075	0.01081	0.01099	0.04428	0.01513	0.18382	0.06111	0.16324	0.04775	0.01310	0.02752	0.04951	0.02181	0.05147	0.00547	0.00795
32	0.01633	0.08553	0.06202	0.01483	0.07605	0.01274	0.05477	0.04672	0.10868	0.13106	0.03672	0.12781	0.06074	0.00944	0.00653	0.00195	0.00599	0.00817	0.00528	0.12863

[dist]
# distance from previous block
# <min> <max>
5	170

[block]
# block no. 7 follows, 33 sequences, length 31
# corresponding to MSA columns:
# 1114-1138,1183-1188
name=unknown_H
#
# <colnr> <probs for GDERKNQSTAVLIFYWHMCP>
#	G	D	E	R	K	N	Q	S	T	A	V	L	I	F	Y	W	H	M	C	P
0	0.00940	0.00777	0.01031	0.01264	0.11610	0.00713	0.00778	0.01154	0.01508	0.01973	0.17597	0.23426	0.31691	0.01547	0.00775	0.00227	0.00408	0.01356	0.00590	0.00635
1	0.01660	0.01872	0.13325	0.08597	0.20426	0.01632	0.22545	0.09217	0.03783	0.04890	0.01365	0.01682	0.01036	0.00654	0.00758	0.00213	0.04373	0.00637	0.00379	0.00956
2	0.12834	0.00708	0.00821	0.00905	0.01032	0.00702	0.00654	0.01136	0.01334	0.01989	0.09776	0.47664	0.09314	0.01730	0.00771	0.00252	0.00408	0.06804	0.00591	0.00576
3	0.14528	0.01167	0.01441	0.01140	0.01623	0.01098	0.00936	0.03043	0.07442	0.57032	0.02354	0.02084	0.01524	0.00791	0.00625	0.00205	0.00549	0.00623	0.00742	0.01053
4	0.01118	0.00729	0.00822	0.00775	0.01021	0.00622	0.00589	0.01308	0.01577	0.12477	0.12255	0.10340	0.50886	0.01536	0.00765	0.00221	0.00368	0.01295	0.00653	0.00645
5	0.01184	0.00711	0.00930	0.00908	0.01085	0.00646	0.00676	0.01414	0.01637	0.12740	0.32723	0.26976	0.10231	0.01534	0.00784	0.00230	0.00383	0.03857	0.00689	0.00663
6	0.69637	0.01294	0.01045	0.00936	0.01338	0.01501	0.00762	0.02168	0.11595	0.02924	0.01179	0.01276	0.00906	0.00653	0.00446	0.00207	0.00511	0.00414	0.00446	0.00762
7	0.01158	0.01035	0.01655	0.55380	0.03570	0.01232	0.01490	0.01551	0.01415	0.01861	0.12247	0.02624	0.07529	0.00847	0.00678	0.00215	0.00728	0.00742	0.03347	0.00696
8	0.01477	0.12656	0.02390	0.01508	0.02113	0.01358	0.20586	0.01832	0.01415	0.02046	0.01178	0.01436	0.00962	0.00518	0.00560	0.00139	0.00696	0.00494	0.00358	0.46276
9	0.02355	0.14159	0.02101	0.01611	0.01984	0.63572	0.01250	0.02531	0.01787	0.01602	0.01002	0.01168	0.00848	0.00661	0.00568	0.00165	0.01115	0.00413	0.00331	0.00775
10	0.01117	0.01175	0.11760	0.01040	0.01347	0.00872	0.00942	0.07009	0.01893	0.02680	0.56054	0.04121	0.04998	0.01194	0.00744	0.00206	0.00443	0.01037	0.00653	0.00714
11	0.69590	0.01590	0.11746	0.01016	0.01508	0.01485	0.00969	0.01957	0.01160	0.02824	0.00956	0.01117	0.00731	0.00613	0.00440	0.00204	0.00578	0.00376	0.00388	0.00752
12	0.01649	0.12820	0.02788	0.03607	0.62190	0.01719	0.01887	0.02013	0.01475	0.02061	0.01190	0.01544	0.01013	0.00583	0.00618	0.00187	0.00770	0.00552	0.00319	0.01013
13	0.02503	0.01844	0.01976	0.01515	0.02042	0.02042	0.01251	0.70562	0.03095	0.04149	0.01581	0.01581	0.01120	0.00790	0.00659	0.00198	0.00724	0.00593	0.00659	0.01120
14	0.01696	0.01443	0.01522	0.01352	0.01734	0.01665	0.01056	0.08044	0.66927	0.02848	0.02605	0.02397	0.01949	0.00886	0.00669	0.00222	0.00535	0.00734	0.00669	0.01047
15	0.00818	0.00584	0.00782	0.00935	0.00980	0.00548	0.00638	0.00944	0.01276	0.01698	0.03620	0.72245	0.04320	0.02048	0.00844	0.00270	0.00396	0.05906	0.00611	0.00539
16	0.00835	0.00602	0.00790	0.00885	0.00960	0.00558	0.00610	0.01002	0.01426	0.01933	0.21575	0.55301	0.07353	0.01862	0.00821	0.00250	0.00362	0.01677	0.00641	0.00558
17	0.02459	0.03138	0.01866	0.01696	0.02035	0.74221	0.01272	0.02629	0.01866	0.01611	0.01018	0.01187	0.00848	0.00678	0.00594	0.00170	0.01187	0.00424	0.00339	0.00763
18	0.01967	0.01491	0.05393	0.11839	0.29388	0.01443	0.01579	0.07615	0.09665	0.20273	0.01760	0.01879	0.01276	0.00706	0.00657	0.00205	0.00713	0.00619	0.00507	0.01025
19	0.00825	0.00646	0.00743	0.00796	0.00946	0.00573	0.00581	0.00990	0.01435	0.01804	0.09806	0.26911	0.39886	0.04593	0.00903	0.00256	0.00379	0.06764	0.00611	0.00552
20	0.00870	0.00636	0.00818	0.00846	0.00964	0.00583	0.00606	0.01095	0.01609	0.02208	0.41098	0.31299	0.11645	0.01639	0.00800	0.00231	0.00339	0.01459	0.00673	0.00583
21	0.08163	0.05606	0.04565	0.36805	0.17090	0.01559	0.07390	0.04013	0.01441	0.05469	0.01244	0.01643	0.00947	0.00637	0.00632	0.00208	0.00821	0.00570	0.00347	0.00849
22	0.01677	0.12636	0.18414	0.03809	0.15757	0.11513	0.13447	0.03653	0.04425	0.01997	0.01210	0.01487	0.00963	0.00653	0.00724	0.00199	0.05643	0.00549	0.00331	0.00911
23	0.01846	0.43352	0.14841	0.01467	0.02050	0.19772	0.04597	0.02156	0.01485	0.01680	0.01004	0.01177	0.00851	0.00601	0.00515	0.00163	0.00885	0.00412	0.00297	0.00849
24	0.01243	0.01170	0.01975	0.75282	0.04534	0.01463	0.01828	0.01682	0.01316	0.01682	0.01170	0.01755	0.00878	0.00658	0.00658	0.00219	0.00878	0.00585	0.00293	0.00731
25	0.01139	0.00738	0.00935	0.00862	0.01038	0.00696	0.00642	0.03953	0.01793	0.07325	0.53518	0.07064	0.05121	0.07435	0.00961	0.00241	0.00372	0.01111	0.04403	0.00652
26	0.00799	0.00615	0.00731	0.00814	0.00930	0.00547	0.00568	0.00944	0.01385	0.01766	0.08169	0.45272	0.31359	0.01872	0.00813	0.00247	0.00359	0.01648	0.00617	0.00547
27	0.01685	0.01255	0.01369	0.01219	0.01569	0.01398	0.00950	0.03119	0.52621	0.10167	0.08106	0.02627	0.02272	0.00909	0.00659	0.00214	0.00490	0.00759	0.07631	0.00980
28	0.81514	0.01273	0.00968	0.00866	0.01273	0.01477	0.00713	0.01935	0.01120	0.02954	0.00917	0.01069	0.00713	0.00611	0.00407	0.00204	0.00509	0.00356	0.00407	0.00713
29	0.01772	0.01351	0.01542	0.01134	0.01699	0.01200	0.00920	0.20543	0.01868	0.07006	0.01369	0.01477	0.01054	0.00590	0.00545	0.00131	0.00557	0.00462	0.00489	0.54292
30	0.01313	0.02024	0.30066	0.01635	0.06346	0.01315	0.03095	0.02171	0.18196	0.02259	0.08372	0.03061	0.07761	0.00968	0.00699	0.00223	0.00706	0.08427	0.00478	0.00886

[dist]
# distance from previous block
# <min> <max>
0	15

[block]
# block no. 8 follows, 33 sequences, length 15
# corresponding to MSA columns:
# 1204-1218
name=unknown_I
#
# <colnr> <probs for GDERKNQSTAVLIFYWHMCP>
#	G	D	E	R	K	N	Q	S	T	A	V	L	I	F	Y	W	H	M	C	P
0	0.01689	0.01160	0.01398	0.01015	0.01585	0.00896	0.00818	0.01974	0.01471	0.16632	0.01461	0.01544	0.01109	0.00554	0.00523	0.00119	0.00502	0.00445	0.00477	0.64629
1	0.81514	0.01273	0.00968	0.00866	0.01273	0.01477	0.00713	0.01935	0.01120	0.02954	0.00917	0.01069	0.00713	0.00611	0.00407	0.00204	0.00509	0.00356	0.00407	0.00713
2	0.00849	0.00609	0.00806	0.00885	0.00965	0.00566	0.00615	0.01034	0.01478	0.02027	0.28445	0.50630	0.05024	0.01804	0.00817	0.00246	0.00356	0.01626	0.00652	0.00566
3	0.01637	0.01414	0.01489	0.01340	0.01712	0.01637	0.01042	0.03498	0.71568	0.02754	0.02679	0.02456	0.02010	0.00893	0.00670	0.00223	0.00521	0.00744	0.00670	0.01042
4	0.01243	0.01170	0.01975	0.75282	0.04534	0.01463	0.01828	0.01682	0.01316	0.01682	0.01170	0.01755	0.00878	0.00658	0.00658	0.00219	0.00878	0.00585	0.00293	0.00731
5	0.01760	0.77260	0.03450	0.01126	0.01690	0.02605	0.01126	0.01971	0.01338	0.01549	0.00915	0.01056	0.00845	0.00563	0.00422	0.00141	0.00704	0.00352	0.00282	0.00845
6	0.02565	0.01488	0.01724	0.01350	0.01847	0.01545	0.01106	0.33570	0.12248	0.32194	0.02151	0.01974	0.01454	0.00815	0.00662	0.00204	0.00629	0.00642	0.00724	0.01109
7	0.00931	0.00722	0.00853	0.00811	0.01003	0.00670	0.00611	0.01301	0.06532	0.02370	0.46402	0.05206	0.27317	0.01419	0.00770	0.00213	0.00332	0.01224	0.00684	0.00629
8	0.02000	0.02220	0.32492	0.01556	0.02217	0.01435	0.01659	0.13726	0.01795	0.23960	0.01753	0.04612	0.01262	0.00799	0.00746	0.00212	0.05412	0.00617	0.00518	0.01009
9	0.01169	0.00803	0.00998	0.00904	0.01117	0.00769	0.00691	0.05128	0.05729	0.07045	0.56343	0.04531	0.09640	0.01279	0.00757	0.00208	0.00361	0.01114	0.00717	0.00697
10	0.01540	0.19714	0.31460	0.01696	0.08661	0.01685	0.01681	0.06660	0.01500	0.02121	0.01150	0.01343	0.00903	0.00591	0.00556	0.00169	0.00779	0.00453	0.00332	0.17008
11	0.01113	0.00653	0.00927	0.00915	0.00942	0.00681	0.00643	0.00987	0.01030	0.01401	0.09055	0.02896	0.01985	0.09902	0.02323	0.53518	0.04948	0.05331	0.00367	0.00381
12	0.01585	0.04111	0.21296	0.05140	0.02156	0.06400	0.05453	0.05813	0.18006	0.06729	0.05596	0.06729	0.01781	0.05297	0.00823	0.00237	0.00747	0.00728	0.00483	0.00892
13	0.01197	0.05253	0.01097	0.00909	0.01002	0.00945	0.00639	0.06211	0.01160	0.01602	0.01711	0.03062	0.01784	0.37713	0.08683	0.14520	0.05360	0.00759	0.05882	0.00509
14	0.07637	0.09448	0.17099	0.04122	0.10692	0.06972	0.18512	0.01990	0.01439	0.02049	0.05303	0.01662	0.01211	0.00696	0.00790	0.00209	0.08374	0.00595	0.00339	0.00860

[dist]
# distance from previous block
# <min> <max>
0	6

[block]
# block no. 9 follows, 33 sequences, length 16
# corresponding to MSA columns:
# 1225-1240
name=unknown_J
#
# <colnr> <probs for GDERKNQSTAVLIFYWHMCP>
#	G	D	E	R	K	N	Q	S	T	A	V	L	I	F	Y	W	H	M	C	P
0	0.58377	0.03972	0.01230	0.01031	0.01437	0.10116	0.00835	0.02225	0.07871	0.06020	0.01173	0.01268	0.00898	0.00654	0.00467	0.00199	0.00599	0.00415	0.00439	0.00773
1	0.01373	0.01292	0.01955	0.63491	0.06730	0.04887	0.01742	0.04971	0.01434	0.01835	0.01214	0.01736	0.00918	0.00666	0.00649	0.00213	0.00864	0.00579	0.02690	0.00759
2	0.01538	0.06562	0.10196	0.25338	0.13600	0.04797	0.01552	0.01933	0.01427	0.06366	0.01247	0.01559	0.00965	0.00607	0.00595	0.00177	0.00764	0.00510	0.00353	0.19916
3	0.00864	0.00664	0.00781	0.00774	0.00928	0.00610	0.00562	0.01059	0.01493	0.01957	0.25979	0.09068	0.33031	0.10990	0.07997	0.00349	0.00500	0.01237	0.00597	0.00559
4	0.01736	0.01465	0.02314	0.19093	0.18038	0.01557	0.13189	0.11874	0.11018	0.08102	0.03861	0.01940	0.01349	0.00709	0.00683	0.00210	0.00784	0.00666	0.00464	0.00949
5	0.00806	0.00598	0.00753	0.00862	0.00944	0.00545	0.00590	0.00944	0.01347	0.01763	0.08737	0.58048	0.17785	0.01938	0.00824	0.00255	0.00368	0.01733	0.00619	0.00545
