[name]
unknown

[dist]
# distance from previous block
# <min> <max>
14	73

[block]
# block no. 0 follows, 39 sequences, length 15
# corresponding to MSA columns:
# 804-818
name=unknown_A
#
# <colnr> <probs for GDERKNQSTAVLIFYWHMCP>
#	G	D	E	R	K	N	Q	S	T	A	V	L	I	F	Y	W	H	M	C	P
0	0.01278	0.03552	0.23427	0.03958	0.14629	0.01204	0.07328	0.04896	0.04775	0.04813	0.13051	0.02147	0.03388	0.03577	0.05191	0.00243	0.00729	0.00638	0.00389	0.00787
1	0.00778	0.00551	0.00723	0.00812	0.00852	0.00543	0.00549	0.00880	0.01059	0.01423	0.02727	0.48936	0.03183	0.19503	0.10988	0.00407	0.00563	0.04586	0.00476	0.00462
2	0.06249	0.04743	0.04956	0.09044	0.06163	0.06299	0.02728	0.06455	0.07075	0.24995	0.02075	0.06218	0.07166	0.00867	0.02173	0.00201	0.00618	0.00651	0.00504	0.00819
3	0.00845	0.00634	0.00950	0.00950	0.01056	0.00739	0.00739	0.01056	0.00950	0.01373	0.01584	0.02323	0.01478	0.04435	0.76873	0.00950	0.01584	0.00634	0.00317	0.00528
4	0.83394	0.01144	0.00869	0.00778	0.01144	0.01327	0.00640	0.01738	0.01006	0.02653	0.00823	0.00961	0.00640	0.00549	0.00366	0.00183	0.00457	0.00320	0.00366	0.00640
5	0.01471	0.01270	0.01337	0.01203	0.01538	0.01471	0.00936	0.03142	0.74459	0.02474	0.02407	0.02206	0.01805	0.00802	0.00602	0.00201	0.00468	0.00669	0.00602	0.00936
6	0.02625	0.01051	0.01400	0.01074	0.01532	0.00936	0.00887	0.07777	0.01768	0.70936	0.02270	0.01972	0.01432	0.00730	0.00594	0.00183	0.00513	0.00590	0.00722	0.01006
7	0.83394	0.01144	0.00869	0.00778	0.01144	0.01327	0.00640	0.01738	0.01006	0.02653	0.00823	0.00961	0.00640	0.00549	0.00366	0.00183	0.00457	0.00320	0.00366	0.00640
8	0.00860	0.00573	0.00645	0.00645	0.00645	0.00573	0.00358	0.00860	0.00860	0.01147	0.01863	0.03870	0.02150	0.79217	0.03010	0.00573	0.00573	0.00860	0.00358	0.00358
9	0.01117	0.01051	0.01774	0.77795	0.04073	0.01314	0.01642	0.01511	0.01182	0.01511	0.01051	0.01577	0.00788	0.00591	0.00591	0.00197	0.00788	0.00526	0.00263	0.00657
10	0.01203	0.20468	0.22044	0.01128	0.01550	0.01270	0.01174	0.01538	0.01179	0.03643	0.01498	0.02265	0.01367	0.06762	0.14912	0.00346	0.00826	0.08400	0.07742	0.00684
11	0.01608	0.33673	0.07190	0.04125	0.12866	0.12941	0.04478	0.01862	0.01284	0.03948	0.00962	0.01187	0.00817	0.00602	0.00662	0.00165	0.10149	0.00422	0.00285	0.00775
12	0.02384	0.00973	0.01330	0.01050	0.01443	0.00888	0.00857	0.02599	0.01569	0.64037	0.02190	0.02078	0.01462	0.04028	0.06777	0.00262	0.03876	0.00605	0.00665	0.00929
13	0.13248	0.24193	0.09831	0.01145	0.01613	0.06765	0.01065	0.11738	0.08960	0.10616	0.04561	0.01457	0.01175	0.00640	0.00497	0.00166	0.00619	0.00464	0.00426	0.00820
14	0.00769	0.00588	0.00795	0.00840	0.00944	0.00540	0.02996	0.00931	0.01279	0.01693	0.15589	0.47996	0.16346	0.01629	0.00737	0.00224	0.00356	0.04681	0.00557	0.00510

[dist]
# distance from previous block
# <min> <max>
0	1

[block]
# block no. 1 follows, 39 sequences, length 18
# corresponding to MSA columns:
# 820-837
name=unknown_B
#
# <colnr> <probs for GDERKNQSTAVLIFYWHMCP>
#	G	D	E	R	K	N	Q	S	T	A	V	L	I	F	Y	W	H	M	C	P
0	0.00770	0.00550	0.00743	0.00880	0.00936	0.00523	0.00635	0.00909	0.01181	0.01565	0.03232	0.63481	0.03803	0.01806	0.00768	0.00247	0.00386	0.16543	0.00548	0.00494
1	0.08144	0.32814	0.04891	0.01008	0.01454	0.06566	0.00916	0.02818	0.02856	0.04999	0.09426	0.01593	0.01418	0.00622	0.00468	0.00141	0.00567	0.01654	0.00368	0.17276
2	0.16347	0.01255	0.01374	0.01085	0.01494	0.01312	0.00889	0.29542	0.01903	0.17071	0.07058	0.01766	0.03332	0.00725	0.00592	0.00174	0.03155	0.00546	0.00545	0.09836
3	0.01263	0.00844	0.01007	0.00919	0.01154	0.00852	0.00703	0.01904	0.22406	0.13089	0.30814	0.11675	0.08708	0.01114	0.00661	0.00197	0.00375	0.00965	0.00630	0.00719
4	0.00888	0.00591	0.00724	0.00784	0.00872	0.00576	0.00581	0.01052	0.01184	0.01653	0.06150	0.18404	0.08110	0.21160	0.01279	0.00311	0.00439	0.20259	0.14499	0.00484
5	0.01001	0.01071	0.08780	0.01118	0.01306	0.01009	0.03386	0.01268	0.01354	0.01939	0.35682	0.08187	0.07698	0.01132	0.01031	0.00211	0.21844	0.00892	0.00477	0.00614
6	0.01117	0.01051	0.01774	0.77795	0.04073	0.01314	0.01642	0.01511	0.01182	0.01511	0.01051	0.01577	0.00788	0.00591	0.00591	0.00197	0.00788	0.00526	0.00263	0.00657
7	0.00868	0.00631	0.00834	0.00856	0.00999	0.00597	0.00691	0.01136	0.01540	0.02102	0.44649	0.05309	0.09803	0.01381	0.00740	0.00218	0.00375	0.26117	0.00606	0.00549
8	0.69278	0.01120	0.00957	0.00826	0.01208	0.01247	0.00680	0.01938	0.01126	0.15465	0.01087	0.01145	0.00784	0.00581	0.00406	0.00183	0.00465	0.00368	0.00430	0.00704
9	0.00839	0.00636	0.00794	0.00843	0.01002	0.00591	0.00692	0.01070	0.01424	0.01838	0.19553	0.05845	0.29101	0.01495	0.00750	0.00228	0.00402	0.31798	0.00569	0.00532
10	0.00891	0.00574	0.00727	0.00777	0.00852	0.00536	0.00522	0.00998	0.01172	0.06486	0.09842	0.45280	0.07809	0.19221	0.01246	0.00304	0.00397	0.01339	0.00528	0.00496
11	0.11479	0.01041	0.01273	0.01001	0.01417	0.00986	0.00823	0.09829	0.01681	0.52751	0.02029	0.01854	0.01330	0.00705	0.00550	0.00178	0.00490	0.00553	0.09111	0.00918
12	0.01809	0.00836	0.01099	0.00912	0.01224	0.00749	0.00724	0.02080	0.04365	0.40789	0.25341	0.03063	0.08784	0.01005	0.00712	0.03842	0.00416	0.00796	0.00666	0.00789
13	0.00782	0.00561	0.00744	0.00827	0.00878	0.00550	0.00572	0.00864	0.01124	0.01498	0.06314	0.55390	0.10051	0.01862	0.03367	0.08773	0.03453	0.01415	0.00505	0.00471
14	0.01038	0.00901	0.01478	0.56274	0.03165	0.01084	0.01333	0.01313	0.01131	0.01461	0.01438	0.15225	0.01364	0.00965	0.00798	0.08725	0.00681	0.00728	0.00313	0.00585
15	0.01926	0.01292	0.01476	0.01183	0.01571	0.01364	0.00956	0.43147	0.02151	0.13489	0.01745	0.10067	0.01430	0.01204	0.08468	0.00259	0.00678	0.00666	0.00563	0.06365
16	0.01294	0.04452	0.01597	0.09037	0.20938	0.01159	0.01164	0.09546	0.06328	0.02009	0.01969	0.13210	0.04270	0.00942	0.00625	0.00192	0.00572	0.11044	0.00429	0.09222
17	0.01587	0.09355	0.04930	0.01904	0.17665	0.03741	0.13093	0.18613	0.01639	0.04702	0.01417	0.06739	0.01219	0.03570	0.05271	0.00239	0.00758	0.00625	0.02113	0.00822

[dist]
# distance from previous block
# <min> <max>
0	20

[block]
# block no. 2 follows, 39 sequences, length 37
# corresponding to MSA columns:
# 858-889,892-896
name=unknown_C
#
# <colnr> <probs for GDERKNQSTAVLIFYWHMCP>
#	G	D	E	R	K	N	Q	S	T	A	V	L	I	F	Y	W	H	M	C	P
0	0.06161	0.06138	0.17984	0.01165	0.01572	0.01180	0.01126	0.08389	0.07880	0.10515	0.15062	0.09032	0.02233	0.00920	0.00667	0.00195	0.04070	0.04455	0.00488	0.00767
1	0.39455	0.01309	0.04966	0.03086	0.04878	0.01389	0.03196	0.05373	0.10499	0.04883	0.01155	0.01304	0.00895	0.00644	0.00638	0.00189	0.09594	0.00441	0.00392	0.05713
2	0.01452	0.01390	0.08806	0.02469	0.38389	0.01222	0.07736	0.05222	0.01405	0.08180	0.01601	0.06902	0.03693	0.00826	0.03378	0.00211	0.00696	0.00646	0.04929	0.00847
3	0.01366	0.00980	0.01196	0.01052	0.03417	0.02766	0.04762	0.06636	0.08371	0.15070	0.06094	0.03612	0.34722	0.01077	0.00694	0.00192	0.03283	0.00895	0.00549	0.03267
4	0.01044	0.00860	0.00950	0.00882	0.01113	0.00895	0.00675	0.01826	0.29687	0.02201	0.28354	0.03909	0.23005	0.01130	0.00661	0.00195	0.00358	0.00963	0.00604	0.00688
5	0.83394	0.01144	0.00869	0.00778	0.01144	0.01327	0.00640	0.01738	0.01006	0.02653	0.00823	0.00961	0.00640	0.00549	0.00366	0.00183	0.00457	0.00320	0.00366	0.00640
6	0.00865	0.00595	0.00754	0.00760	0.00892	0.00539	0.00552	0.01065	0.01451	0.05517	0.37718	0.28028	0.16176	0.01436	0.00711	0.00205	0.00313	0.01269	0.00606	0.00546
7	0.00947	0.00677	0.00945	0.01072	0.01209	0.00675	0.00934	0.01220	0.01376	0.01799	0.06604	0.06562	0.03508	0.01613	0.00811	0.00268	0.00532	0.68152	0.00550	0.00545
8	0.00779	0.00602	0.00710	0.00683	0.00848	0.00533	0.00512	0.01004	0.01537	0.02047	0.46172	0.04952	0.34827	0.01330	0.00698	0.00192	0.00288	0.01144	0.00608	0.00533
9	0.01509	0.01289	0.01359	0.01211	0.01552	0.01489	0.00945	0.06577	0.70963	0.02535	0.02359	0.02168	0.01766	0.00798	0.00601	0.00199	0.00477	0.00662	0.00601	0.00939
10	0.02653	0.01006	0.01372	0.01052	0.01510	0.00869	0.00869	0.02882	0.01693	0.75937	0.02333	0.02013	0.01464	0.00732	0.00595	0.00183	0.00503	0.00595	0.00732	0.01006
11	0.02248	0.01656	0.01775	0.01361	0.01834	0.01834	0.01124	0.73556	0.02780	0.03727	0.01420	0.01420	0.01006	0.00710	0.00592	0.00177	0.00651	0.00532	0.00592	0.01006
12	0.01294	0.01294	0.01811	0.01553	0.01553	0.01811	0.01294	0.01423	0.00906	0.01423	0.00776	0.01294	0.00776	0.01035	0.01941	0.00259	0.78134	0.00518	0.00259	0.00647
13	0.02209	0.02819	0.01676	0.01524	0.01828	0.76843	0.01143	0.02361	0.01676	0.01447	0.00914	0.01066	0.00762	0.00609	0.00533	0.00152	0.01066	0.00381	0.00305	0.00686
14	0.03846	0.21109	0.03691	0.00985	0.01481	0.01235	0.00871	0.02034	0.01379	0.26473	0.02882	0.01475	0.01126	0.00575	0.00482	0.00136	0.00518	0.00439	0.00456	0.28808
15	0.06061	0.01766	0.29682	0.01263	0.01806	0.01111	0.01337	0.03746	0.01457	0.27702	0.09712	0.02002	0.04078	0.00751	0.00656	0.00189	0.04755	0.00589	0.00486	0.00851
16	0.03745	0.01568	0.06848	0.05485	0.03813	0.05105	0.07242	0.32298	0.03370	0.09374	0.01577	0.01645	0.04356	0.00670	0.00578	0.00171	0.00662	0.00547	0.00482	0.10464
17	0.01383	0.57392	0.04505	0.01014	0.01428	0.01906	0.00974	0.01591	0.01139	0.01400	0.01023	0.01307	0.00942	0.01510	0.19894	0.00338	0.00882	0.00400	0.00269	0.00703
18	0.02209	0.02819	0.01676	0.01524	0.01828	0.76843	0.01143	0.02361	0.01676	0.01447	0.00914	0.01066	0.00762	0.00609	0.00533	0.00152	0.01066	0.00381	0.00305	0.00686
19	0.83394	0.01144	0.00869	0.00778	0.01144	0.01327	0.00640	0.01738	0.01006	0.02653	0.00823	0.00961	0.00640	0.00549	0.00366	0.00183	0.00457	0.00320	0.00366	0.00640
20	0.00835	0.00588	0.00740	0.00752	0.00880	0.00532	0.00545	0.01031	0.01438	0.04465	0.36162	0.28394	0.18531	0.01455	0.00713	0.00206	0.00311	0.01284	0.00601	0.00537
21	0.01464	0.01405	0.02400	0.03630	0.75528	0.01405	0.01815	0.01815	0.01347	0.01932	0.01112	0.01464	0.00937	0.00527	0.00585	0.00176	0.00703	0.00527	0.00293	0.00937
22	0.00733	0.00561	0.00685	0.00764	0.00868	0.00513	0.00547	0.00869	0.01214	0.01549	0.04151	0.43887	0.29659	0.01855	0.04962	0.00267	0.00408	0.05480	0.00536	0.00494
23	0.01168	0.00750	0.00896	0.00795	0.01026	0.00693	0.00616	0.07550	0.01670	0.12474	0.36866	0.04225	0.26589	0.01190	0.00674	0.00189	0.00349	0.01013	0.00625	0.00641
24	0.01750	0.64959	0.02797	0.01053	0.01539	0.07507	0.01005	0.01942	0.01293	0.10043	0.01004	0.01081	0.00841	0.00540	0.00415	0.00135	0.00649	0.00353	0.00312	0.00782
25	0.01503	0.01065	0.01261	0.00927	0.01413	0.00866	0.00741	0.06904	0.01393	0.13420	0.01314	0.01489	0.01037	0.04298	0.00597	0.00132	0.00470	0.00426	0.00427	0.60317
26	0.01606	0.35295	0.02413	0.12516	0.14605	0.08727	0.01257	0.05451	0.04873	0.04131	0.01067	0.01267	0.00880	0.00579	0.00536	0.00159	0.03097	0.00431	0.00315	0.00794
27	0.83394	0.01144	0.00869	0.00778	0.01144	0.01327	0.00640	0.01738	0.01006	0.02653	0.00823	0.00961	0.00640	0.00549	0.00366	0.00183	0.00457	0.00320	0.00366	0.00640
28	0.38241	0.14506	0.18650	0.01100	0.01622	0.01532	0.01119	0.09347	0.01317	0.06329	0.01022	0.01130	0.00767	0.00572	0.00449	0.00174	0.00605	0.00383	0.00364	0.00771
29	0.00926	0.00668	0.00919	0.01046	0.01182	0.00660	0.00903	0.01183	0.01349	0.01747	0.03310	0.10131	0.07778	0.01636	0.00807	0.00266	0.00520	0.63885	0.00545	0.00539
30	0.00757	0.00546	0.00724	0.00854	0.00914	0.00514	0.00609	0.00890	0.01181	0.01557	0.03390	0.63115	0.07790	0.01798	0.00762	0.00243	0.00373	0.12943	0.00548	0.00492
31	0.06533	0.04038	0.01610	0.02962	0.07230	0.04155	0.01043	0.25224	0.11029	0.20086	0.04457	0.01716	0.01332	0.00710	0.00604	0.00179	0.02528	0.00554	0.00548	0.03463
32	0.01375	0.06036	0.04230	0.01645	0.02115	0.01239	0.32104	0.05192	0.01401	0.06402	0.01744	0.05585	0.05983	0.00818	0.02570	0.00201	0.02359	0.04882	0.00385	0.13733
33	0.01690	0.17612	0.10252	0.04270	0.10996	0.01608	0.03875	0.23990	0.01751	0.05861	0.01383	0.01495	0.03762	0.00623	0.00538	0.00162	0.00655	0.00496	0.00408	0.08572
34	0.06616	0.05026	0.01091	0.00897	0.01005	0.00739	0.05766	0.00976	0.00890	0.01254	0.01315	0.01915	0.05471	0.01722	0.01860	0.61723	0.00538	0.00547	0.00285	0.00364
35	0.01165	0.02910	0.71592	0.01629	0.02458	0.01324	0.02087	0.01827	0.01274	0.01903	0.05549	0.01440	0.01041	0.00601	0.00570	0.00187	0.00838	0.00475	0.00274	0.00855
36	0.04371	0.05168	0.04928	0.04918	0.27151	0.01305	0.10224	0.05833	0.03374	0.16191	0.03190	0.01609	0.01137	0.00592	0.00574	0.00173	0.00658	0.00543	0.00413	0.07647

[dist]
# distance from previous block
# <min> <max>
0	5

[block]
# block no. 3 follows, 39 sequences, length 14
# corresponding to MSA columns:
# 902-915
name=unknown_D
#
# <colnr> <probs for GDERKNQSTAVLIFYWHMCP>
#	G	D	E	R	K	N	Q	S	T	A	V	L	I	F	Y	W	H	M	C	P
0	0.00805	0.00538	0.00714	0.00778	0.00832	0.00506	0.00529	0.00870	0.01161	0.01562	0.15891	0.43209	0.07567	0.05645	0.01145	0.15638	0.00372	0.01288	0.00503	0.00448
1	0.02021	0.00903	0.01182	0.00962	0.01313	0.00822	0.00773	0.02378	0.07375	0.47841	0.21134	0.02657	0.02556	0.00859	0.00614	0.00183	0.00432	0.00721	0.04409	0.00865
2	0.02044	0.02532	0.01721	0.05969	0.01968	0.64404	0.05037	0.02236	0.01609	0.01515	0.00990	0.01184	0.00810	0.00606	0.00539	0.00157	0.01005	0.00415	0.04575	0.00683
3	0.02102	0.01389	0.14438	0.01130	0.01614	0.01045	0.01067	0.12418	0.01699	0.41521	0.01920	0.01824	0.01282	0.00692	0.00561	0.00176	0.00554	0.00552	0.13102	0.00914
4	0.04759	0.08997	0.01764	0.13208	0.05725	0.05807	0.04338	0.12254	0.05398	0.06372	0.01221	0.01388	0.00941	0.00566	0.00518	0.00150	0.00625	0.00457	0.00390	0.25123
5	0.01719	0.08261	0.13088	0.01391	0.01874	0.15810	0.07259	0.14297	0.08574	0.07120	0.02711	0.01614	0.03945	0.00663	0.00578	0.00168	0.01726	0.00522	0.00416	0.08263
6	0.01577	0.22284	0.12985	0.01151	0.01645	0.01506	0.01097	0.12879	0.09840	0.08433	0.04774	0.05411	0.01367	0.00689	0.00524	0.00160	0.00584	0.00538	0.00431	0.12124
7	0.01471	0.12358	0.18825	0.06527	0.23611	0.01401	0.08525	0.01872	0.01365	0.10004	0.07263	0.01667	0.01296	0.00611	0.00573	0.00177	0.00708	0.00546	0.00354	0.00845
8	0.01252	0.01106	0.10238	0.01263	0.07414	0.00870	0.04210	0.05955	0.01487	0.11624	0.21789	0.20311	0.04069	0.04732	0.00773	0.00216	0.00499	0.00971	0.00526	0.00696
9	0.04310	0.00801	0.00929	0.05343	0.01184	0.05395	0.00688	0.01304	0.01353	0.09164	0.23920	0.24285	0.03370	0.07677	0.00937	0.03737	0.00450	0.04054	0.00530	0.00568
10	0.06167	0.08622	0.21006	0.07748	0.06826	0.01234	0.09171	0.01786	0.01335	0.11880	0.05507	0.05576	0.05555	0.00770	0.00593	0.00190	0.00670	0.04192	0.00397	0.00774
11	0.01261	0.07648	0.11742	0.01354	0.05726	0.01063	0.11055	0.01671	0.05252	0.09519	0.25119	0.08673	0.05581	0.00919	0.00636	0.00188	0.00551	0.00826	0.00489	0.00729
12	0.05906	0.00584	0.00694	0.00762	0.00853	0.00564	0.00528	0.00941	0.01160	0.01636	0.07147	0.45274	0.14207	0.08091	0.04802	0.00287	0.00420	0.01324	0.04329	0.00493
13	0.01661	0.24085	0.05107	0.01009	0.01387	0.01322	0.00888	0.09599	0.01502	0.20621	0.05342	0.13276	0.05873	0.04920	0.00688	0.00196	0.00533	0.00730	0.00494	0.00769

[dist]
# distance from previous block
# <min> <max>
7	22

[block]
# block no. 4 follows, 39 sequences, length 29
# corresponding to MSA columns:
# 998-1026
name=unknown_E
#
# <colnr> <probs for GDERKNQSTAVLIFYWHMCP>
#	G	D	E	R	K	N	Q	S	T	A	V	L	I	F	Y	W	H	M	C	P
0	0.09414	0.07858	0.07500	0.04149	0.01681	0.01352	0.01008	0.09445	0.23100	0.10298	0.01589	0.01589	0.01182	0.00637	0.00523	0.00165	0.00542	0.00498	0.00472	0.16997
1	0.36272	0.00978	0.00988	0.00857	0.01185	0.01012	0.00687	0.04639	0.01313	0.19267	0.05061	0.06470	0.04827	0.03768	0.00601	0.00199	0.00452	0.03191	0.04281	0.03951
2	0.01482	0.01502	0.01284	0.04171	0.01489	0.24045	0.00902	0.08990	0.10000	0.02049	0.20811	0.06910	0.08494	0.00958	0.00681	0.00185	0.04113	0.00764	0.00487	0.00684
3	0.00799	0.00595	0.00743	0.00723	0.00865	0.00539	0.00536	0.01036	0.01559	0.02138	0.54841	0.11781	0.19008	0.01327	0.00703	0.00194	0.00289	0.01163	0.00621	0.00539
4	0.00943	0.00761	0.00967	0.00901	0.00954	0.00870	0.00659	0.01037	0.01080	0.01488	0.13626	0.07718	0.12867	0.28493	0.01890	0.03611	0.20342	0.00893	0.00412	0.00486
5	0.00836	0.00679	0.00752	0.00732	0.00927	0.00633	0.00561	0.01195	0.09532	0.01911	0.23887	0.05021	0.44496	0.01351	0.00694	0.00200	0.00327	0.05116	0.00582	0.00566
6	0.55670	0.01097	0.01042	0.00872	0.01269	0.01170	0.00719	0.02131	0.01242	0.27816	0.01342	0.01322	0.00923	0.00612	0.00445	0.00183	0.00473	0.00414	0.00492	0.00766
7	0.01221	0.01119	0.01859	0.45812	0.24487	0.01294	0.01572	0.01556	0.01202	0.01638	0.01094	0.01568	0.00874	0.00663	0.00722	0.03915	0.04293	0.00526	0.03869	0.00715
8	0.01581	0.79572	0.03099	0.01012	0.01518	0.02340	0.01012	0.01771	0.01202	0.01391	0.00822	0.00949	0.00759	0.00506	0.00379	0.00126	0.00632	0.00316	0.00253	0.00759
9	0.01492	0.01281	0.01349	0.01208	0.01546	0.01481	0.00941	0.05042	0.72525	0.02508	0.02380	0.02185	0.01784	0.00800	0.00601	0.00200	0.00473	0.00665	0.00601	0.00938
10	0.01117	0.01051	0.01774	0.77795	0.04073	0.01314	0.01642	0.01511	0.01182	0.01511	0.01051	0.01577	0.00788	0.00591	0.00591	0.00197	0.00788	0.00526	0.00263	0.00657
11	0.01648	0.01319	0.01501	0.01261	0.05762	0.05262	0.02657	0.22868	0.05083	0.06647	0.07621	0.02848	0.01433	0.00654	0.00546	0.00146	0.00553	0.00533	0.00476	0.31183
12	0.01720	0.01456	0.01795	0.01467	0.01678	0.01821	0.01218	0.33676	0.01744	0.02453	0.01064	0.01350	0.00879	0.00890	0.01338	0.00222	0.43489	0.00524	0.00408	0.00807
13	0.11235	0.01600	0.01674	0.01296	0.01757	0.01778	0.01070	0.65602	0.02584	0.03608	0.01354	0.01369	0.00965	0.00692	0.00567	0.00178	0.00629	0.00509	0.00567	0.00965
14	0.01314	0.01653	0.24157	0.04855	0.13250	0.01095	0.01371	0.01690	0.01250	0.08291	0.01380	0.07422	0.01196	0.05201	0.00751	0.00191	0.03705	0.00570	0.00353	0.20306
15	0.01385	0.01122	0.01606	0.19444	0.02067	0.01420	0.01218	0.05856	0.01171	0.09531	0.01184	0.01674	0.01005	0.04733	0.09742	0.00322	0.34939	0.00557	0.00341	0.00683
16	0.00734	0.00520	0.00682	0.00806	0.00837	0.00489	0.00531	0.00827	0.01106	0.01475	0.03125	0.71626	0.03742	0.09289	0.00972	0.00272	0.00365	0.01602	0.00531	0.00469
17	0.02036	0.01335	0.04720	0.01195	0.01610	0.01313	0.00999	0.31632	0.10954	0.24676	0.03151	0.10304	0.01621	0.00856	0.00612	0.00189	0.00554	0.00699	0.00616	0.00926
18	0.01516	0.19839	0.31231	0.01555	0.02180	0.08879	0.13577	0.01954	0.01337	0.07287	0.01149	0.01321	0.00865	0.00562	0.00536	0.00170	0.00804	0.00465	0.03960	0.00812
19	0.00740	0.00539	0.00735	0.04107	0.00996	0.00518	0.00596	0.00859	0.01146	0.01528	0.04717	0.73928	0.03814	0.01785	0.00747	0.00237	0.00361	0.01619	0.00539	0.00490
20	0.01817	0.00824	0.01102	0.00938	0.01236	0.00738	0.00736	0.02076	0.03647	0.42038	0.20466	0.16738	0.02938	0.01058	0.00650	0.00195	0.00418	0.00914	0.00675	0.00797
21	0.01104	0.00847	0.01247	0.31912	0.05454	0.00911	0.01042	0.01400	0.01367	0.07540	0.17165	0.03105	0.18018	0.00926	0.00626	0.00190	0.00525	0.00798	0.05188	0.00636
22	0.01329	0.02024	0.34595	0.12886	0.13220	0.01297	0.11913	0.01831	0.01301	0.07384	0.01309	0.05912	0.01039	0.00639	0.00602	0.00191	0.00796	0.00583	0.00318	0.00828
23	0.56911	0.01244	0.01114	0.00937	0.01331	0.01402	0.00770	0.16544	0.04806	0.08446	0.01133	0.01192	0.00831	0.00607	0.00440	0.00183	0.00501	0.00400	0.00451	0.00756
24	0.02154	0.00890	0.01178	0.00947	0.01318	0.00775	0.00766	0.02378	0.01613	0.55682	0.09176	0.05392	0.08654	0.00883	0.00609	0.00184	0.00446	0.00734	0.05345	0.00875
25	0.01210	0.01293	0.12250	0.10792	0.08798	0.03865	0.07616	0.01588	0.05218	0.07365	0.02083	0.31147	0.02107	0.01078	0.00657	0.00208	0.00612	0.00978	0.00432	0.00702
26	0.01579	0.00859	0.01088	0.03323	0.01296	0.00819	0.00751	0.07391	0.05810	0.27533	0.16100	0.17874	0.10833	0.01121	0.00656	0.00198	0.00427	0.00964	0.00628	0.00750
27	0.00869	0.00636	0.00767	0.00790	0.00915	0.00613	0.00589	0.01134	0.05458	0.01812	0.21312	0.14173	0.16785	0.14122	0.01086	0.00273	0.00396	0.13554	0.04192	0.00523
28	0.59937	0.01159	0.01015	0.00992	0.05167	0.04234	0.00743	0.01650	0.01117	0.02414	0.06899	0.01552	0.05361	0.00684	0.00519	0.00187	0.04883	0.00457	0.00386	0.00644

[dist]
# distance from previous block
# <min> <max>
0	21

[block]
# block no. 5 follows, 39 sequences, length 21
# corresponding to MSA columns:
# 1048-1068
name=unknown_F
#
# <colnr> <probs for GDERKNQSTAVLIFYWHMCP>
#	G	D	E	R	K	N	Q	S	T	A	V	L	I	F	Y	W	H	M	C	P
0	0.49218	0.01040	0.01005	0.00857	0.01226	0.01095	0.00698	0.02007	0.01249	0.25754	0.01711	0.05212	0.05320	0.00722	0.00476	0.00187	0.00458	0.00524	0.00501	0.00741
1	0.01774	0.01815	0.10261	0.05789	0.05350	0.23258	0.04998	0.06485	0.04564	0.14782	0.01910	0.04020	0.07761	0.00784	0.00601	0.00183	0.00750	0.03696	0.00438	0.00782
2	0.00945	0.00621	0.00781	0.00729	0.00892	0.00568	0.00551	0.01208	0.01603	0.06288	0.57565	0.04223	0.12245	0.01167	0.00667	0.00183	0.00293	0.01016	0.07878	0.00576
3	0.00873	0.00802	0.06635	0.00884	0.01057	0.00652	0.00726	0.03464	0.01312	0.01794	0.13241	0.32344	0.13402	0.01718	0.07431	0.00280	0.00502	0.07123	0.05204	0.00556
4	0.04201	0.55160	0.02599	0.05281	0.01662	0.12099	0.01048	0.01777	0.01239	0.01452	0.00944	0.04208	0.00887	0.00609	0.00509	0.00147	0.04776	0.00403	0.00276	0.00722
5	0.06011	0.00793	0.00993	0.00941	0.00998	0.00925	0.00693	0.01086	0.01059	0.01556	0.10558	0.18795	0.06446	0.24080	0.01697	0.00331	0.21160	0.00952	0.00416	0.00509
6	0.71567	0.01419	0.11700	0.00908	0.01347	0.01333	0.00863	0.01758	0.01041	0.02541	0.00858	0.01002	0.00656	0.00551	0.00394	0.00184	0.00517	0.00337	0.00349	0.00674
7	0.00856	0.01001	0.13948	0.00938	0.01168	0.00672	0.00840	0.01142	0.01401	0.01969	0.35920	0.31073	0.04124	0.01331	0.00695	0.00206	0.00407	0.01182	0.00543	0.00585
8	0.01089	0.00910	0.01606	0.01289	0.01570	0.00845	0.21878	0.01414	0.01535	0.06023	0.41075	0.10268	0.03778	0.01047	0.00701	0.00197	0.00514	0.03077	0.00540	0.00644
9	0.01519	0.01294	0.01364	0.01213	0.01556	0.01493	0.00948	0.07473	0.70051	0.02551	0.02346	0.02158	0.01756	0.00797	0.00601	0.00199	0.00479	0.00660	0.00601	0.00940
10	0.01471	0.01270	0.01337	0.01203	0.01538	0.01471	0.00936	0.03142	0.74459	0.02474	0.02407	0.02206	0.01805	0.00802	0.00602	0.00201	0.00468	0.00669	0.00602	0.00936
11	0.01226	0.01051	0.01226	0.00876	0.01401	0.00788	0.00701	0.01489	0.01226	0.01927	0.01051	0.01226	0.00876	0.00438	0.00438	0.00088	0.00438	0.00350	0.00350	0.82832
12	0.01168	0.01091	0.02075	0.01623	0.01990	0.01017	0.34862	0.01512	0.01396	0.05072	0.08966	0.10699	0.12352	0.01025	0.00718	0.00213	0.00679	0.12423	0.00448	0.00672
13	0.00731	0.00523	0.00695	0.00816	0.00860	0.00487	0.00550	0.00849	0.01180	0.01586	0.09618	0.72255	0.04059	0.01796	0.00750	0.00235	0.00337	0.01627	0.00558	0.00487
14	0.01294	0.01294	0.01811	0.01553	0.01553	0.01811	0.01294	0.01423	0.00906	0.01423	0.00776	0.01294	0.00776	0.01035	0.01941	0.00259	0.78134	0.00518	0.00259	0.00647
15	0.01189	0.01139	0.01609	0.01411	0.01436	0.01560	0.01164	0.01337	0.00916	0.01411	0.00966	0.01535	0.00941	0.01832	0.19514	0.00421	0.60182	0.00545	0.00272	0.00619
16	0.01302	0.00753	0.00858	0.00812	0.00995	0.03940	0.00602	0.01488	0.01338	0.17585	0.08993	0.21129	0.09119	0.06624	0.04257	0.00249	0.00457	0.00957	0.17922	0.00619
17	0.00829	0.00604	0.00779	0.00735	0.00878	0.00555	0.00552	0.01100	0.01655	0.02326	0.71118	0.04493	0.09707	0.01226	0.00698	0.00187	0.00280	0.01080	0.00645	0.00555
18	0.06089	0.00877	0.01344	0.40824	0.04910	0.01019	0.01184	0.01300	0.01131	0.01555	0.01615	0.14446	0.01605	0.05163	0.00903	0.07528	0.00637	0.06950	0.00345	0.00576
19	0.01409	0.01043	0.01573	0.11449	0.01909	0.01169	0.07395	0.05554	0.01369	0.12772	0.01970	0.03422	0.01856	0.01085	0.00974	0.00235	0.17337	0.26327	0.00455	0.00697
20	0.01721	0.01218	0.03712	0.03740	0.01651	0.01199	0.04817	0.20106	0.01654	0.09281	0.01714	0.02452	0.01493	0.02934	0.07877	0.23068	0.03207	0.06894	0.00497	0.00765

[dist]
# distance from previous block
# <min> <max>
4	27

[block]
# block no. 6 follows, 39 sequences, length 25
# corresponding to MSA columns:
# 1113-1137
name=unknown_G
#
# <colnr> <probs for GDERKNQSTAVLIFYWHMCP>
#	G	D	E	R	K	N	Q	S	T	A	V	L	I	F	Y	W	H	M	C	P
0	0.01252	0.04616	0.01432	0.17739	0.11940	0.01020	0.01043	0.01499	0.06734	0.06515	0.01392	0.05640	0.01221	0.01414	0.07843	0.23415	0.00683	0.00590	0.00345	0.03668
1	0.05037	0.01138	0.01559	0.08093	0.08359	0.01052	0.03989	0.07633	0.01535	0.31229	0.01587	0.01608	0.01107	0.00603	0.00546	0.00158	0.00558	0.00505	0.00505	0.23199
2	0.12450	0.08212	0.01498	0.01106	0.01463	0.07910	0.00897	0.22720	0.08931	0.08703	0.01449	0.01645	0.01141	0.06707	0.00763	0.00202	0.03751	0.00510	0.05995	0.03945
3	0.01048	0.01531	0.27820	0.08728	0.01820	0.00927	0.01258	0.01460	0.01408	0.04953	0.29622	0.12051	0.03010	0.00977	0.00641	0.00194	0.00559	0.00846	0.00460	0.00689
4	0.01267	0.15043	0.08561	0.01417	0.11424	0.01229	0.04281	0.01707	0.08482	0.05502	0.16365	0.02359	0.05071	0.01225	0.09947	0.00269	0.00676	0.00658	0.03780	0.00737
5	0.71614	0.01325	0.06715	0.00887	0.01299	0.01364	0.00792	0.06584	0.01144	0.02666	0.00882	0.01014	0.00673	0.00561	0.00396	0.00183	0.00502	0.00343	0.00372	0.00683
6	0.00845	0.00634	0.00950	0.00950	0.01056	0.00739	0.00739	0.01056	0.00950	0.01373	0.01584	0.02323	0.01478	0.04435	0.76873	0.00950	0.01584	0.00634	0.00317	0.00528
7	0.01031	0.00728	0.01059	0.04854	0.01273	0.00768	0.03691	0.01293	0.03863	0.07901	0.05331	0.11741	0.09224	0.06437	0.37362	0.00580	0.01010	0.00842	0.00426	0.00586
8	0.01712	0.08524	0.15574	0.14566	0.02367	0.23781	0.07235	0.02120	0.05127	0.10159	0.01215	0.01391	0.00908	0.00612	0.00587	0.00176	0.02342	0.00478	0.00346	0.00779
9	0.08267	0.00956	0.01274	0.04869	0.05251	0.00992	0.04181	0.07199	0.08664	0.09861	0.02382	0.15910	0.02345	0.01173	0.00679	0.00224	0.00540	0.24010	0.00522	0.00702
10	0.00746	0.00548	0.00720	0.00827	0.00895	0.00522	0.00583	0.00877	0.01156	0.01524	0.03417	0.57507	0.12316	0.02050	0.08285	0.00308	0.00474	0.06229	0.00526	0.00492
11	0.15521	0.00977	0.01124	0.00928	0.01276	0.00957	0.00749	0.09481	0.03463	0.31100	0.16734	0.02685	0.10780	0.00885	0.00589	0.00185	0.00442	0.00714	0.00615	0.00796
12	0.07772	0.29477	0.16575	0.05097	0.01823	0.05106	0.01235	0.04931	0.12585	0.01842	0.01161	0.01308	0.00933	0.00667	0.00616	0.03482	0.03849	0.00433	0.00332	0.00777
13	0.09563	0.01205	0.01444	0.01117	0.01571	0.01186	0.00923	0.23106	0.01946	0.48795	0.01939	0.01751	0.01260	0.00710	0.00574	0.00181	0.00542	0.00553	0.00660	0.00974
14	0.00852	0.00603	0.00797	0.00797	0.00850	0.00656	0.00548	0.00958	0.00905	0.01259	0.01724	0.03099	0.01815	0.41930	0.39839	0.00761	0.01077	0.00747	0.00338	0.00443
15	0.01419	0.01150	0.07109	0.04872	0.22665	0.01003	0.01162	0.01816	0.06369	0.15812	0.16966	0.08757	0.06580	0.00892	0.00630	0.00189	0.00527	0.00789	0.00500	0.00794
16	0.01912	0.12788	0.02437	0.01703	0.05734	0.01432	0.26037	0.07769	0.05273	0.26502	0.01592	0.01650	0.01121	0.00610	0.00599	0.00181	0.00712	0.00585	0.00473	0.00891
17	0.00774	0.00551	0.00711	0.00822	0.00878	0.00527	0.00558	0.00956	0.04063	0.01623	0.06711	0.68507	0.03797	0.01724	0.00730	0.00231	0.00342	0.01558	0.04434	0.00506
18	0.01046	0.00744	0.00869	0.00866	0.01033	0.00756	0.00636	0.01578	0.18797	0.05474	0.14289	0.31213	0.09654	0.01301	0.00663	0.00206	0.00360	0.01142	0.08739	0.00635
19	0.06429	0.01365	0.05337	0.10560	0.10706	0.03515	0.04076	0.18319	0.02575	0.16854	0.05735	0.01816	0.01336	0.04412	0.00761	0.00205	0.04111	0.00576	0.00473	0.00838
20	0.23131	0.05819	0.01357	0.01080	0.01455	0.03724	0.00871	0.06630	0.35111	0.12183	0.01789	0.01703	0.01318	0.00698	0.00524	0.00187	0.00508	0.00531	0.00527	0.00854
21	0.01638	0.00970	0.01302	0.01232	0.07009	0.00969	0.02296	0.07992	0.04495	0.26016	0.06850	0.13905	0.09398	0.04192	0.02312	0.00230	0.06156	0.01704	0.00563	0.00772
22	0.04927	0.23278	0.08597	0.01269	0.05372	0.01503	0.04292	0.07365	0.04368	0.08427	0.01224	0.01352	0.00959	0.00581	0.00542	0.00151	0.03801	0.00439	0.05139	0.16416
23	0.01684	0.08307	0.05416	0.01251	0.01696	0.04401	0.07301	0.16340	0.06598	0.12147	0.09181	0.01777	0.01516	0.00685	0.00613	0.00164	0.03567	0.00556	0.00475	0.16325
24	0.01486	0.05171	0.08548	0.04903	0.25325	0.04690	0.07170	0.05571	0.09359	0.06287	0.01513	0.07492	0.01273	0.00688	0.00582	0.00178	0.00660	0.00617	0.03762	0.04724

[dist]
# distance from previous block
# <min> <max>
0	20

[block]
# block no. 7 follows, 39 sequences, length 26
# corresponding to MSA columns:
# 1161-1186
name=unknown_H
#
# <colnr> <probs for GDERKNQSTAVLIFYWHMCP>
#	G	D	E	R	K	N	Q	S	T	A	V	L	I	F	Y	W	H	M	C	P
0	0.05357	0.02339	0.05867	0.04270	0.03948	0.04761	0.04801	0.11462	0.10695	0.06595	0.02785	0.09297	0.01586	0.03437	0.00666	0.00191	0.00585	0.05362	0.00457	0.15537
1	0.01457	0.08368	0.04558	0.31959	0.06339	0.07782	0.11405	0.07397	0.04116	0.05046	0.01288	0.05361	0.01045	0.00655	0.00590	0.00186	0.00768	0.00583	0.00345	0.00753
2	0.06409	0.05039	0.05066	0.07000	0.04492	0.01360	0.02162	0.12363	0.25799	0.07684	0.05367	0.02808	0.01490	0.00707	0.00562	0.00177	0.00549	0.00578	0.00495	0.09892
3	0.01773	0.05091	0.01829	0.04221	0.01913	0.01383	0.07052	0.07490	0.12425	0.08166	0.05583	0.02086	0.01599	0.00855	0.00790	0.00215	0.07176	0.00623	0.00537	0.29193
4	0.00791	0.00579	0.00751	0.00848	0.00919	0.00559	0.00592	0.01018	0.05554	0.01693	0.12708	0.61021	0.03983	0.01695	0.00741	0.00232	0.00352	0.04876	0.00565	0.00521
5	0.00907	0.00706	0.00987	0.08780	0.01305	0.00774	0.00762	0.01176	0.04127	0.01755	0.25317	0.08799	0.07230	0.03193	0.23521	0.04329	0.04456	0.00869	0.00455	0.00552
6	0.00802	0.00592	0.00749	0.00733	0.00868	0.00539	0.00541	0.01039	0.01555	0.02146	0.55692	0.14382	0.15499	0.01336	0.00705	0.00195	0.00290	0.01176	0.00623	0.00539
7	0.01581	0.79572	0.03099	0.01012	0.01518	0.02340	0.01012	0.01771	0.01202	0.01391	0.00822	0.00949	0.00759	0.00506	0.00379	0.00126	0.00632	0.00316	0.00253	0.00759
8	0.05618	0.00768	0.00834	0.00731	0.00971	0.00768	0.00576	0.08328	0.01455	0.16165	0.01902	0.02034	0.01415	0.00692	0.00461	0.00152	0.00362	0.00546	0.55539	0.00683
9	0.02619	0.01061	0.01406	0.01078	0.01537	0.00950	0.00891	0.08833	0.01784	0.69857	0.02256	0.01963	0.01425	0.00730	0.00594	0.00183	0.00516	0.00589	0.00720	0.01006
10	0.11142	0.05745	0.01242	0.01013	0.01167	0.08397	0.00816	0.01529	0.01131	0.01850	0.01274	0.01663	0.01093	0.04197	0.01005	0.00201	0.24562	0.00496	0.30869	0.00608
11	0.83394	0.01144	0.00869	0.00778	0.01144	0.01327	0.00640	0.01738	0.01006	0.02653	0.00823	0.00961	0.00640	0.00549	0.00366	0.00183	0.00457	0.00320	0.00366	0.00640
12	0.01001	0.00642	0.00833	0.00764	0.00937	0.00584	0.00580	0.01266	0.01654	0.09316	0.63700	0.04273	0.09806	0.01183	0.00688	0.00187	0.00302	0.01036	0.00652	0.00597
13	0.83394	0.01144	0.00869	0.00778	0.01144	0.01327	0.00640	0.01738	0.01006	0.02653	0.00823	0.00961	0.00640	0.00549	0.00366	0.00183	0.00457	0.00320	0.00366	0.00640
14	0.14158	0.01028	0.01385	0.01117	0.01467	0.01027	0.07680	0.08036	0.01436	0.30799	0.01736	0.01993	0.01313	0.08532	0.15278	0.00365	0.00767	0.00589	0.00511	0.00781
15	0.01044	0.04879	0.01029	0.04689	0.01206	0.00742	0.00674	0.01240	0.02597	0.07015	0.02724	0.33765	0.11309	0.05123	0.03877	0.00239	0.00469	0.01071	0.00478	0.15832
16	0.07790	0.01262	0.02053	0.01733	0.08946	0.01258	0.24288	0.06894	0.07650	0.15701	0.05245	0.01997	0.04858	0.00695	0.00657	0.00190	0.03257	0.00652	0.04052	0.00822
17	0.01157	0.00663	0.00856	0.00813	0.00984	0.00602	0.00605	0.01350	0.01440	0.16202	0.28983	0.20406	0.10660	0.08400	0.00906	0.00238	0.00377	0.04154	0.00603	0.00603
18	0.05638	0.01403	0.07081	0.01561	0.08430	0.04942	0.12432	0.03646	0.04887	0.22126	0.05445	0.01725	0.01313	0.00651	0.00642	0.00175	0.04350	0.00559	0.00461	0.12533
19	0.15562	0.01339	0.09344	0.12567	0.21404	0.01200	0.04769	0.01888	0.01305	0.16029	0.01467	0.08033	0.01196	0.00693	0.00568	0.00189	0.00636	0.00601	0.00402	0.00808
20	0.00876	0.00598	0.00764	0.00841	0.00916	0.00578	0.00579	0.01080	0.05496	0.04626	0.06257	0.55629	0.03527	0.11077	0.01012	0.00275	0.00391	0.04417	0.00541	0.00520
21	0.03029	0.01225	0.05417	0.04975	0.05189	0.07100	0.07089	0.03113	0.01457	0.32310	0.01963	0.13716	0.01605	0.00912	0.00696	0.04325	0.00602	0.00729	0.03754	0.00793
22	0.01758	0.01564	0.08624	0.09017	0.25298	0.05318	0.12704	0.08948	0.01558	0.17279	0.01386	0.01564	0.01007	0.00595	0.00601	0.00183	0.00744	0.00552	0.00407	0.00892
23	0.01640	0.16536	0.15128	0.04877	0.01771	0.01407	0.01196	0.05193	0.08535	0.18590	0.01649	0.04963	0.01318	0.00770	0.00671	0.00186	0.07135	0.03938	0.03678	0.00819
24	0.00757	0.00548	0.00699	0.00780	0.00860	0.00516	0.00544	0.00901	0.01206	0.01626	0.10291	0.50683	0.14496	0.01900	0.07134	0.00284	0.00432	0.01416	0.04429	0.00498
25	0.30923	0.07002	0.08814	0.04416	0.01820	0.04900	0.12560	0.01905	0.01246	0.12673	0.01263	0.05387	0.01007	0.00654	0.00558	0.00186	0.03037	0.00520	0.00388	0.00743

[dist]
# distance from previous block
# <min> <max>
4	17

[block]
# block no. 8 follows, 39 sequences, length 7
# corresponding to MSA columns:
# 1204-1210
name=unknown_I
#
# <colnr> <probs for GDERKNQSTAVLIFYWHMCP>
#	G	D	E	R	K	N	Q	S	T	A	V	L	I	F	Y	W	H	M	C	P
0	0.00816	0.00840	0.09347	0.00853	0.01022	0.00608	0.00701	0.00993	0.01219	0.01637	0.14063	0.35643	0.15226	0.09195	0.01011	0.04152	0.00418	0.01239	0.00497	0.00518
1	0.01469	0.05316	0.29157	0.05853	0.01964	0.11192	0.01389	0.03700	0.03619	0.10351	0.07435	0.04205	0.01452	0.00944	0.05421	0.00228	0.00775	0.00566	0.04186	0.00776
2	0.07218	0.00873	0.01013	0.00855	0.01180	0.00810	0.00678	0.01903	0.09037	0.24852	0.11945	0.03062	0.19325	0.00935	0.00590	0.00177	0.00400	0.00770	0.05803	0.08573
3	0.01384	0.00961	0.01436	0.16421	0.12660	0.01001	0.03121	0.01692	0.03794	0.15740	0.12750	0.03987	0.06635	0.08759	0.00922	0.00230	0.04146	0.00730	0.02915	0.00715
4	0.02154	0.02636	0.09367	0.01486	0.01868	0.60295	0.01219	0.02371	0.01633	0.10039	0.01092	0.01194	0.00841	0.00619	0.00543	0.00159	0.00982	0.00411	0.00348	0.00742
5	0.15599	0.01300	0.09166	0.01224	0.01639	0.01146	0.09259	0.05170	0.13333	0.13981	0.03418	0.06892	0.05938	0.00841	0.00592	0.00195	0.00566	0.05585	0.00492	0.03666
6	0.07809	0.01604	0.21055	0.01116	0.01692	0.01048	0.01117	0.06653	0.01369	0.05300	0.05518	0.01448	0.01137	0.00557	0.00498	0.00138	0.00563	0.00437	0.00376	0.40565

[dist]
# distance from previous block
# <min> <max>
0	2

[block]
# block no. 9 follows, 39 sequences, length 25
# corresponding to MSA columns:
# 1222-1246
name=unknown_J
#
# <colnr> <probs for GDERKNQSTAVLIFYWHMCP>
#	G	D	E	R	K	N	Q	S	T	A	V	L	I	F	Y	W	H	M	C	P
0	0.04859	0.37904	0.08098	0.11068	0.01942	0.01808	0.01170	0.07703	0.04197	0.11296	0.01172	0.01291	0.00909	0.00601	0.00535	0.00162	0.03693	0.00428	0.00361	0.00804
1	0.55297	0.06402	0.10818	0.00943	0.01381	0.01314	0.00886	0.01850	0.01132	0.10586	0.01116	0.04116	0.00880	0.00618	0.00433	0.00182	0.00523	0.00418	0.00391	0.00713
2	0.01304	0.02960	0.19994	0.01516	0.11613	0.05655	0.02358	0.03996	0.01339	0.01924	0.04323	0.01553	0.02994	0.00716	0.03466	0.00173	0.00672	0.00472	0.00337	0.32636
3	0.00726	0.00519	0.00691	0.00820	0.00859	0.00484	0.00549	0.00837	0.01158	0.01551	0.06701	0.75272	0.03991	0.01822	0.00752	0.00238	0.00340	0.01652	0.00554	0.00484
4	0.02209	0.02819	0.01676	0.01524	0.01828	0.76843	0.01143	0.02361	0.01676	0.01447	0.00914	0.01066	0.00762	0.00609	0.00533	0.00152	0.01066	0.00381	0.00305	0.00686
5	0.01384	0.22652	0.18086	0.01323	0.01690	0.11027	0.01280	0.01646	0.01179	0.01516	0.01179	0.09912	0.01158	0.03292	0.00951	0.00203	0.19954	0.00570	0.00297	0.00703
6	0.20249	0.01624	0.15965	0.06053	0.07448	0.04284	0.09387	0.10677	0.01407	0.03343	0.01371	0.11586	0.01221	0.00754	0.00590	0.00193	0.02082	0.00630	0.00378	0.00758
7	0.01311	0.00637	0.00699	0.00646	0.00832	0.00620	0.00497	0.03104	0.01360	0.11804	0.06689	0.02306	0.01760	0.00728	0.00459	0.00148	0.00313	0.00590	0.64876	0.00620
8	0.83394	0.01144	0.00869	0.00778	0.01144	0.01327	0.00640	0.01738	0.01006	0.02653	0.00823	0.00961	0.00640	0.00549	0.00366	0.00183	0.00457	0.00320	0.00366	0.00640
9	0.02533	0.01200	0.01492	0.01144	0.01606	0.01156	0.00945	0.23886	0.02016	0.54477	0.02062	0.01837	0.01328	0.00725	0.00594	0.00181	0.00547	0.00576	0.00690	0.01006
10	0.01351	0.09223	0.60585	0.01610	0.02380	0.11233	0.01955	0.01928	0.01300	0.01779	0.01023	0.01201	0.00752	0.00563	0.00543	0.00178	0.00879	0.00420	0.00257	0.00840
11	0.01145	0.01070	0.01503	0.01331	0.01359	0.01443	0.01083	0.01287	0.00914	0.01391	0.01065	0.01743	0.01056	0.07308	0.21839	0.00463	0.52551	0.00572	0.00281	0.00596
12	0.00997	0.00629	0.00825	0.00778	0.00933	0.00577	0.00582	0.01248	0.01595	0.09064	0.57339	0.13784	0.04883	0.01235	0.00688	0.00192	0.00308	0.01092	0.02662	0.00589
13	0.01297	0.01680	0.14038	0.02236	0.06886	0.01374	0.49158	0.01778	0.01313	0.01826	0.01222	0.01630	0.00953	0.01020	0.10543	0.00294	0.01038	0.00641	0.00294	0.00782
14	0.01413	0.01328	0.02157	0.03150	0.61663	0.01349	0.01624	0.01902	0.09920	0.01966	0.01413	0.06911	0.01245	0.00651	0.00599	0.00183	0.00650	0.00624	0.00347	0.00905
15	0.13028	0.01295	0.01834	0.01551	0.06555	0.01344	0.15569	0.21593	0.01716	0.12899	0.01639	0.09805	0.01384	0.00804	0.00656	0.00196	0.03389	0.03436	0.00484	0.00823
16	0.01089	0.01020	0.01775	0.38398	0.07931	0.01122	0.12528	0.01420	0.01234	0.01623	0.04298	0.11537	0.04452	0.05317	0.00782	0.00225	0.00702	0.03554	0.00347	0.00646
17	0.01424	0.01381	0.10300	0.01920	0.15589	0.01157	0.19027	0.03916	0.05660	0.11560	0.01985	0.14634	0.04505	0.00867	0.00653	0.00200	0.00673	0.03313	0.00434	0.00801
18	0.01233	0.00957	0.01170	0.00921	0.01278	0.00846	0.00726	0.01449	0.01232	0.07387	0.06693	0.04586	0.05923	0.05857	0.02643	0.00184	0.08835	0.00575	0.00408	0.47096
19	0.01226	0.01051	0.01226	0.00876	0.01401	0.00788	0.00701	0.01489	0.01226	0.01927	0.01051	0.01226	0.00876	0.00438	0.00438	0.00088	0.00438	0.00350	0.00350	0.82832
20	0.01707	0.01358	0.06417	0.03998	0.09372	0.03421	0.06496	0.13076	0.14649	0.17436	0.06260	0.02229	0.06446	0.03592	0.00698	0.00201	0.00603	0.00661	0.00521	0.00859
21	0.42777	0.01298	0.01144	0.01006	0.01292	0.13946	0.05375	0.01613	0.01128	0.02031	0.03156	0.01442	0.03400	0.00907	0.00825	0.16700	0.00597	0.00446	0.00344	0.00574
22	0.00874	0.00594	0.00775	0.00795	0.00871	0.00599	0.00573	0.01016	0.01157	0.01616	0.18001	0.10852	0.03001	0.23477	0.14793	0.05161	0.00642	0.09790	0.04944	0.00471
23	0.06193	0.09939	0.01680	0.04293	0.05882	0.01514	0.01018	0.24531	0.17483	0.10023	0.01594	0.01606	0.01180	0.00667	0.00540	0.00171	0.00561	0.00521	0.04430	0.06173
24	0.04702	0.07117	0.04262	0.27681	0.02510	0.06082	0.06627	0.01865	0.01340	0.15721	0.03958	0.01627	0.01114	0.00706	0.02518	0.00192	0.00708	0.00518	0.00385	0.10366

[dist]
# distance from previous block
# <min> <max>
0	19

[block]
# block no. 10 follows, 39 sequences, length 20
# corresponding to MSA columns:
# 1266-1285
name=unknown_K
#
# <colnr> <probs for GDERKNQSTAVLIFYWHMCP>
#	G	D	E	R	K	N	Q	S	T	A	V	L	I	F	Y	W	H	M	C	P
0	0.05078	0.05337	0.01635	0.32009	0.06119	0.04255	0.01210	0.09145	0.01434	0.07581	0.04390	0.04364	0.01190	0.00654	0.00555	0.00171	0.00645	0.00544	0.00380	0.13303
1	0.53005	0.01185	0.01020	0.01012	0.05111	0.06903	0.00741	0.04299	0.01139	0.02291	0.01149	0.04937	0.01057	0.06094	0.00715	0.04525	0.00533	0.03284	0.00375	0.00623
2	0.01423	0.01498	0.12043	0.06294	0.37803	0.01276	0.01525	0.07312	0.04088	0.04746	0.06373	0.04732	0.01391	0.00660	0.00588	0.00177	0.00649	0.00593	0.00374	0.06454
3	0.01022	0.00909	0.01492	0.52566	0.03074	0.01114	0.01338	0.01352	0.01114	0.01471	0.01298	0.05103	0.01119	0.01742	0.22366	0.00414	0.00996	0.00606	0.00290	0.00613
4	0.04469	0.00703	0.00844	0.00793	0.00969	0.00714	0.00608	0.04742	0.01299	0.10362	0.08183	0.05936	0.03762	0.07114	0.14621	0.03013	0.00608	0.03734	0.26930	0.00596
5	0.01502	0.00669	0.00763	0.00680	0.00901	0.00633	0.00531	0.01766	0.01357	0.21217	0.02033	0.02155	0.01502	0.00700	0.00460	0.00149	0.00334	0.00562	0.61415	0.00669
6	0.02291	0.01588	0.01732	0.01328	0.01800	0.01732	0.01097	0.66111	0.02666	0.11334	0.01516	0.01482	0.01054	0.00712	0.00592	0.00178	0.00635	0.00539	0.00606	0.01006
7	0.00801	0.00570	0.00734	0.00807	0.00876	0.00542	0.00572	0.00944	0.01224	0.01643	0.16177	0.38008	0.06586	0.15790	0.01163	0.00294	0.00402	0.11851	0.00532	0.00483
8	0.01581	0.79572	0.03099	0.01012	0.01518	0.02340	0.01012	0.01771	0.01202	0.01391	0.00822	0.00949	0.00759	0.00506	0.00379	0.00126	0.00632	0.00316	0.00253	0.00759
9	0.83394	0.01144	0.00869	0.00778	0.01144	0.01327	0.00640	0.01738	0.01006	0.02653	0.00823	0.00961	0.00640	0.00549	0.00366	0.00183	0.00457	0.00320	0.00366	0.00640
10	0.01581	0.79572	0.03099	0.01012	0.01518	0.02340	0.01012	0.01771	0.01202	0.01391	0.00822	0.00949	0.00759	0.00506	0.00379	0.00126	0.00632	0.00316	0.00253	0.00759
