[name]
unknown

[dist]
# distance from previous block
# <min> <max>
8	463

[block]
# block no. 0 follows, 39 sequences, length 21
# corresponding to MSA columns:
# 806-826
name=unknown_A
#
# <colnr> <probs for GDERKNQSTAVLIFYWHMCP>
#	G	D	E	R	K	N	Q	S	T	A	V	L	I	F	Y	W	H	M	C	P
0	0.06993	0.14095	0.12861	0.01315	0.06477	0.07640	0.01132	0.04310	0.09305	0.09632	0.03202	0.01478	0.01121	0.00710	0.02740	0.00179	0.00652	0.00462	0.00394	0.15300
1	0.10505	0.05396	0.12568	0.03108	0.09103	0.01262	0.03271	0.11867	0.03585	0.17946	0.06932	0.01767	0.02719	0.00672	0.00554	0.00174	0.00594	0.00545	0.00470	0.06963
2	0.08797	0.13892	0.06773	0.06605	0.05200	0.10040	0.01038	0.05571	0.06422	0.06998	0.15151	0.01964	0.02780	0.00719	0.00541	0.00167	0.00597	0.00567	0.00429	0.05749
3	0.03918	0.15896	0.11129	0.01336	0.06830	0.06494	0.01132	0.07159	0.04765	0.17037	0.04928	0.01637	0.01266	0.02478	0.02578	0.00194	0.03131	0.00504	0.00430	0.07159
4	0.06927	0.24817	0.08309	0.01278	0.05011	0.04342	0.03071	0.13864	0.06217	0.08512	0.07403	0.01571	0.01337	0.00646	0.00515	0.00162	0.00614	0.00496	0.00422	0.04489
5	0.09843	0.22425	0.03858	0.01325	0.09783	0.03258	0.01015	0.04902	0.09130	0.15295	0.04527	0.03559	0.03617	0.00707	0.00522	0.00169	0.00562	0.01983	0.00447	0.03074
6	0.01555	0.43958	0.05029	0.01179	0.03778	0.08500	0.01036	0.01800	0.03504	0.05819	0.04897	0.03917	0.01249	0.04256	0.00704	0.00176	0.07092	0.00483	0.00332	0.00735
7	0.16219	0.21878	0.21755	0.01217	0.01751	0.05474	0.01248	0.09971	0.04323	0.05631	0.01205	0.04747	0.00982	0.00641	0.00494	0.00171	0.00664	0.00467	0.00363	0.00799
8	0.00938	0.00662	0.00774	0.00734	0.00819	0.00646	0.00472	0.04194	0.01076	0.01477	0.08390	0.09857	0.02416	0.52332	0.05601	0.00470	0.00565	0.00881	0.00408	0.07289
9	0.08357	0.66254	0.09395	0.01052	0.01579	0.02170	0.01085	0.01777	0.01190	0.01539	0.00843	0.00976	0.00748	0.00514	0.00395	0.00137	0.00639	0.00327	0.00262	0.00759
10	0.01075	0.00700	0.00950	0.01030	0.01202	0.00677	0.00888	0.01329	0.01389	0.08331	0.03388	0.06145	0.11468	0.01538	0.00784	0.00256	0.00513	0.57196	0.00562	0.00580
11	0.01036	0.07770	0.00949	0.00751	0.00821	0.07080	0.00482	0.01066	0.00958	0.01193	0.01692	0.03377	0.01911	0.65689	0.02570	0.00499	0.00620	0.00772	0.00345	0.00421
12	0.11556	0.01295	0.01444	0.01141	0.01561	0.01362	0.00934	0.34725	0.05592	0.24629	0.08214	0.01845	0.01542	0.00747	0.00576	0.00182	0.00543	0.00580	0.00613	0.00921
13	0.08973	0.19824	0.04494	0.00992	0.01309	0.01225	0.00868	0.07286	0.01414	0.09753	0.08145	0.17826	0.03761	0.01056	0.00594	0.00194	0.00508	0.10609	0.00480	0.00691
14	0.01982	0.28982	0.08041	0.01190	0.01697	0.01751	0.01106	0.24266	0.05077	0.18263	0.01422	0.01404	0.01033	0.00635	0.00516	0.00163	0.00622	0.00468	0.00476	0.00906
15	0.05614	0.15139	0.11263	0.01123	0.01622	0.10339	0.01037	0.05155	0.01443	0.14937	0.04984	0.01458	0.01162	0.00595	0.00499	0.00145	0.00617	0.00445	0.00409	0.22013
16	0.05211	0.14748	0.09957	0.01145	0.01557	0.03419	0.03281	0.15454	0.04872	0.05717	0.02014	0.14164	0.07667	0.00902	0.00576	0.00180	0.00577	0.02537	0.00450	0.05571
17	0.01364	0.28129	0.02027	0.01199	0.04143	0.01547	0.04516	0.07643	0.03671	0.01861	0.09954	0.06893	0.05174	0.00803	0.00689	0.00167	0.09415	0.00620	0.00387	0.09797
18	0.01561	0.33123	0.14513	0.01239	0.04040	0.01556	0.04928	0.01850	0.01284	0.13436	0.01415	0.01632	0.03695	0.06530	0.00682	0.00185	0.00642	0.00485	0.00358	0.06846
19	0.04879	0.19214	0.03557	0.01182	0.01509	0.03875	0.02784	0.04552	0.06068	0.17294	0.11225	0.01832	0.01629	0.00790	0.00832	0.00187	0.16803	0.00562	0.00449	0.00777
20	0.11051	0.14613	0.07871	0.02659	0.01568	0.06707	0.00990	0.14385	0.03182	0.08662	0.08423	0.07928	0.01599	0.00758	0.00535	0.00169	0.00582	0.00592	0.00448	0.07278

[dist]
# distance from previous block
# <min> <max>
3	33

[block]
# block no. 1 follows, 39 sequences, length 24
# corresponding to MSA columns:
# 879-902
name=unknown_B
#
# <colnr> <probs for GDERKNQSTAVLIFYWHMCP>
#	G	D	E	R	K	N	Q	S	T	A	V	L	I	F	Y	W	H	M	C	P
0	0.07165	0.08286	0.13966	0.05743	0.03067	0.09899	0.01145	0.02015	0.11437	0.10492	0.07295	0.06931	0.01579	0.00761	0.00599	0.00179	0.02953	0.00601	0.00428	0.05459
1	0.05042	0.07330	0.05339	0.01346	0.04652	0.05351	0.09633	0.07057	0.05861	0.12564	0.11765	0.13417	0.02144	0.00919	0.00659	0.00193	0.02916	0.02570	0.00487	0.00754
2	0.03688	0.04664	0.09329	0.01483	0.07111	0.23627	0.01183	0.09687	0.10150	0.11349	0.01470	0.03214	0.01158	0.00704	0.00602	0.00176	0.03060	0.02256	0.02192	0.02897
3	0.04078	0.01256	0.12304	0.06719	0.09043	0.02480	0.01116	0.05477	0.07433	0.03330	0.03766	0.31713	0.02272	0.01147	0.00700	0.00211	0.03516	0.02296	0.00449	0.00693
4	0.09760	0.01312	0.06550	0.04734	0.02090	0.01223	0.25861	0.01892	0.03214	0.15461	0.08980	0.06247	0.01620	0.00758	0.00742	0.00200	0.07459	0.00695	0.00434	0.00767
5	0.15623	0.20863	0.09527	0.01366	0.05816	0.01672	0.05518	0.18881	0.03552	0.10101	0.01226	0.01305	0.00916	0.00599	0.00505	0.00169	0.00640	0.00453	0.00416	0.00851
6	0.09633	0.08016	0.04532	0.01373	0.01727	0.48872	0.01105	0.04056	0.01561	0.09132	0.01055	0.01169	0.00827	0.00627	0.00573	0.00163	0.04090	0.00404	0.00353	0.00733
7	0.01207	0.00911	0.01026	0.04484	0.01176	0.08420	0.03258	0.01363	0.05128	0.01587	0.01420	0.01965	0.01241	0.05964	0.04222	0.26710	0.04631	0.00552	0.24236	0.00498
8	0.01628	0.67359	0.02933	0.01278	0.08974	0.02165	0.01085	0.01837	0.01243	0.05562	0.00935	0.01059	0.00816	0.00521	0.00412	0.00135	0.00632	0.00353	0.00283	0.00791
9	0.01494	0.71607	0.02856	0.00993	0.01451	0.02153	0.00965	0.01675	0.01195	0.01403	0.01068	0.08795	0.01077	0.00642	0.00417	0.00138	0.00603	0.00454	0.00283	0.00731
10	0.05841	0.01569	0.06351	0.01318	0.01746	0.10378	0.06175	0.18653	0.09468	0.18588	0.05926	0.01734	0.01376	0.00710	0.00634	0.00180	0.03692	0.00561	0.00515	0.04586
11	0.09542	0.17127	0.54951	0.01469	0.02223	0.01549	0.01811	0.01840	0.01215	0.01862	0.00993	0.01164	0.00740	0.00550	0.00508	0.00176	0.00787	0.00403	0.00262	0.00829
12	0.83394	0.01144	0.00869	0.00778	0.01144	0.01327	0.00640	0.01738	0.01006	0.02653	0.00823	0.00961	0.00640	0.00549	0.00366	0.00183	0.00457	0.00320	0.00366	0.00640
13	0.00845	0.00634	0.00950	0.00950	0.01056	0.00739	0.00739	0.01056	0.00950	0.01373	0.01584	0.02323	0.01478	0.04435	0.76873	0.00950	0.01584	0.00634	0.00317	0.00528
14	0.00845	0.00634	0.00950	0.00950	0.01056	0.00739	0.00739	0.01056	0.00950	0.01373	0.01584	0.02323	0.01478	0.04435	0.76873	0.00950	0.01584	0.00634	0.00317	0.00528
15	0.01571	0.01320	0.01902	0.15824	0.35218	0.05915	0.01463	0.08244	0.01482	0.09402	0.01421	0.01978	0.01185	0.02426	0.02583	0.00214	0.00723	0.05917	0.00380	0.00833
16	0.01922	0.01021	0.01252	0.01041	0.01404	0.00990	0.00827	0.02536	0.21904	0.37255	0.02246	0.02464	0.01694	0.08688	0.00840	0.00225	0.00497	0.04825	0.00615	0.07753
17	0.01459	0.01228	0.01480	0.14732	0.01975	0.06577	0.05295	0.11790	0.20606	0.06289	0.10124	0.10778	0.03313	0.00892	0.00629	0.00195	0.00587	0.00771	0.00507	0.00773
18	0.00851	0.00709	0.00787	0.00698	0.00964	0.00579	0.00532	0.01046	0.01356	0.01788	0.14627	0.07191	0.43940	0.01205	0.00636	0.00171	0.00333	0.01015	0.00514	0.21058
19	0.78584	0.01243	0.00917	0.00822	0.01184	0.05801	0.00670	0.01775	0.01046	0.02582	0.00829	0.00967	0.00648	0.00553	0.00376	0.00181	0.00494	0.00324	0.00362	0.00643
20	0.01279	0.13130	0.63641	0.01584	0.02394	0.01519	0.01989	0.04601	0.01301	0.01880	0.01043	0.01215	0.00760	0.00560	0.00539	0.00179	0.00833	0.00425	0.00263	0.00864
21	0.00939	0.00716	0.00848	0.00799	0.00983	0.00690	0.00612	0.06115	0.06139	0.02216	0.42294	0.07936	0.21670	0.01269	0.00693	0.00196	0.00336	0.04346	0.00610	0.00594
22	0.00724	0.00568	0.00657	0.00716	0.00843	0.00501	0.00514	0.00865	0.01275	0.01604	0.07973	0.35639	0.40138	0.01635	0.00726	0.00218	0.00326	0.04030	0.00554	0.00496
23	0.05015	0.10770	0.04476	0.03002	0.05766	0.33900	0.01115	0.04236	0.05928	0.06359	0.01390	0.01689	0.03039	0.00917	0.05090	0.00216	0.02229	0.03758	0.00369	0.00736

[dist]
# distance from previous block
# <min> <max>
0	22

[block]
# block no. 2 follows, 39 sequences, length 24
# corresponding to MSA columns:
# 925-948
name=unknown_C
#
# <colnr> <probs for GDERKNQSTAVLIFYWHMCP>
#	G	D	E	R	K	N	Q	S	T	A	V	L	I	F	Y	W	H	M	C	P
0	0.42562	0.09778	0.03529	0.01048	0.01433	0.07113	0.07288	0.01764	0.01208	0.06670	0.03726	0.05296	0.05077	0.00692	0.00477	0.00180	0.00566	0.00519	0.00390	0.00682
1	0.01398	0.06273	0.11156	0.27729	0.18169	0.01485	0.06971	0.09384	0.07987	0.01984	0.01223	0.01516	0.00935	0.00593	0.00583	0.00186	0.00744	0.00529	0.00335	0.00821
2	0.00844	0.00615	0.00868	0.00873	0.00951	0.00690	0.00642	0.01001	0.00936	0.01324	0.01711	0.05475	0.01726	0.22098	0.56564	0.00835	0.01299	0.00725	0.00335	0.00486
3	0.01128	0.01234	0.08446	0.53640	0.03411	0.01264	0.06728	0.01608	0.05719	0.01630	0.01352	0.08774	0.01146	0.00712	0.00612	0.00201	0.00750	0.00646	0.00312	0.00687
4	0.00820	0.00604	0.00767	0.00726	0.00873	0.00551	0.00545	0.01084	0.01634	0.02278	0.66824	0.04572	0.14030	0.01244	0.00698	0.00188	0.00281	0.01091	0.00639	0.00551
5	0.01128	0.00915	0.01215	0.01270	0.07885	0.03273	0.04521	0.06702	0.05959	0.03789	0.15572	0.29937	0.05017	0.01288	0.00721	0.00214	0.02001	0.07417	0.00529	0.00647
6	0.63135	0.01141	0.01019	0.05599	0.01383	0.01322	0.00757	0.08544	0.01182	0.02571	0.00963	0.01165	0.00760	0.00916	0.07269	0.00252	0.00598	0.00381	0.00377	0.00666
7	0.01376	0.01072	0.01391	0.01157	0.01445	0.03984	0.09899	0.09235	0.14239	0.09062	0.19395	0.06020	0.07323	0.08537	0.02968	0.00249	0.00561	0.00831	0.00538	0.00720
8	0.01031	0.00723	0.01047	0.00946	0.01151	0.00657	0.07135	0.01265	0.01458	0.09417	0.27743	0.18128	0.18512	0.01310	0.00708	0.00207	0.00404	0.06982	0.00579	0.00597
9	0.83394	0.01144	0.00869	0.00778	0.01144	0.01327	0.00640	0.01738	0.01006	0.02653	0.00823	0.00961	0.00640	0.00549	0.00366	0.00183	0.00457	0.00320	0.00366	0.00640
10	0.06411	0.01281	0.02114	0.26114	0.49108	0.01372	0.01690	0.01717	0.01275	0.01848	0.01076	0.01467	0.00873	0.00548	0.00574	0.00183	0.00714	0.00514	0.00288	0.00833
11	0.83394	0.01144	0.00869	0.00778	0.01144	0.01327	0.00640	0.01738	0.01006	0.02653	0.00823	0.00961	0.00640	0.00549	0.00366	0.00183	0.00457	0.00320	0.00366	0.00640
12	0.00837	0.00604	0.00790	0.00744	0.00883	0.00558	0.00558	0.01116	0.01674	0.02371	0.75216	0.04417	0.05580	0.01209	0.00697	0.00186	0.00279	0.01069	0.00651	0.00558
13	0.00860	0.00573	0.00645	0.00645	0.00645	0.00573	0.00358	0.00860	0.00860	0.01147	0.01863	0.03870	0.02150	0.79217	0.03010	0.00573	0.00573	0.00860	0.00358	0.00358
14	0.02287	0.01594	0.01736	0.01331	0.01803	0.01742	0.01100	0.66785	0.02676	0.10645	0.01507	0.01477	0.01050	0.00712	0.00592	0.00178	0.00637	0.00538	0.00605	0.01006
15	0.01815	0.01576	0.01522	0.01293	0.01670	0.10201	0.01022	0.26586	0.42190	0.02775	0.01907	0.01813	0.01419	0.00749	0.00591	0.00187	0.00597	0.00590	0.00564	0.00931
16	0.00837	0.00604	0.00790	0.00744	0.00883	0.00558	0.00558	0.01116	0.01674	0.02371	0.75216	0.04417	0.05580	0.01209	0.00697	0.00186	0.00279	0.01069	0.00651	0.00558
17	0.00745	0.00538	0.00706	0.00797	0.00861	0.00498	0.00547	0.00889	0.01261	0.01703	0.19239	0.59438	0.07191	0.01696	0.00740	0.00227	0.00327	0.01529	0.00571	0.00498
18	0.01075	0.00951	0.01532	0.33158	0.19203	0.01051	0.01287	0.01353	0.01187	0.01585	0.01730	0.19671	0.01768	0.07966	0.00854	0.00239	0.00637	0.03749	0.00355	0.00649
19	0.01511	0.00671	0.00768	0.00683	0.00905	0.00635	0.00534	0.01774	0.01359	0.21635	0.02036	0.02154	0.01502	0.00700	0.00461	0.00150	0.00336	0.00563	0.60952	0.00671
20	0.06518	0.01377	0.02116	0.10811	0.19424	0.05201	0.18215	0.08566	0.05432	0.03558	0.08395	0.03335	0.01450	0.00672	0.00640	0.00189	0.02287	0.00631	0.00388	0.00797
21	0.01339	0.24493	0.08356	0.14005	0.01919	0.01496	0.02831	0.01928	0.15811	0.01855	0.01426	0.01597	0.01124	0.00617	0.00491	0.00161	0.00581	0.00488	0.16125	0.03358
22	0.01124	0.05927	0.03329	0.08032	0.01677	0.05978	0.09482	0.01508	0.07647	0.01780	0.10295	0.10521	0.17078	0.01061	0.00684	0.00198	0.02497	0.07100	0.00452	0.03632
23	0.06401	0.01206	0.03351	0.04782	0.14256	0.01292	0.01119	0.10263	0.14510	0.04024	0.06033	0.04300	0.05937	0.00875	0.00776	0.00200	0.10614	0.05019	0.02762	0.02282

[dist]
# distance from previous block
# <min> <max>
0	51

[block]
# block no. 3 follows, 39 sequences, length 29
# corresponding to MSA columns:
# 1000-1028
name=unknown_D
#
# <colnr> <probs for GDERKNQSTAVLIFYWHMCP>
#	G	D	E	R	K	N	Q	S	T	A	V	L	I	F	Y	W	H	M	C	P
0	0.09511	0.05191	0.13267	0.02471	0.01571	0.03992	0.01024	0.06428	0.01346	0.10297	0.02968	0.11922	0.01436	0.03379	0.00694	0.00184	0.04655	0.00623	0.00415	0.18625
1	0.07244	0.12902	0.04730	0.05986	0.09764	0.12349	0.01119	0.14110	0.06567	0.03486	0.04012	0.01452	0.01114	0.00616	0.00518	0.00159	0.00654	0.00470	0.02487	0.10260
2	0.01164	0.01083	0.06345	0.01072	0.03836	0.05884	0.00837	0.01664	0.14409	0.06243	0.22501	0.13732	0.09863	0.02897	0.05546	0.00251	0.00535	0.00932	0.00532	0.00673
3	0.00850	0.00616	0.00782	0.00755	0.00892	0.00578	0.00560	0.01153	0.04003	0.02254	0.60404	0.11647	0.07904	0.01252	0.00690	0.00191	0.00292	0.01105	0.03512	0.00560
4	0.02653	0.01006	0.01372	0.01052	0.01510	0.00869	0.00869	0.02882	0.01693	0.75937	0.02333	0.02013	0.01464	0.00732	0.00595	0.00183	0.00503	0.00595	0.00732	0.01006
5	0.00791	0.00601	0.00731	0.00728	0.00878	0.00541	0.00550	0.01012	0.01500	0.02004	0.41506	0.11187	0.27997	0.01387	0.00711	0.00201	0.00310	0.06230	0.00602	0.00531
6	0.01464	0.01405	0.02400	0.03630	0.75528	0.01405	0.01815	0.01815	0.01347	0.01932	0.01112	0.01464	0.00937	0.00527	0.00585	0.00176	0.00703	0.00527	0.00293	0.00937
7	0.00806	0.00574	0.00690	0.00744	0.00858	0.00530	0.00545	0.00981	0.01293	0.01751	0.14056	0.29626	0.22446	0.04343	0.00782	0.00226	0.00345	0.08816	0.10083	0.00507
8	0.00701	0.00590	0.00609	0.00624	0.00805	0.00497	0.00461	0.00846	0.01324	0.01588	0.05683	0.13932	0.67245	0.01538	0.00705	0.00204	0.00304	0.01297	0.00549	0.00497
9	0.01117	0.01051	0.01774	0.77795	0.04073	0.01314	0.01642	0.01511	0.01182	0.01511	0.01051	0.01577	0.00788	0.00591	0.00591	0.00197	0.00788	0.00526	0.00263	0.00657
10	0.02069	0.02170	0.01754	0.01698	0.10069	0.43607	0.01206	0.10243	0.01676	0.09269	0.01121	0.01273	0.00881	0.00673	0.00714	0.00173	0.09801	0.00452	0.00373	0.00778
11	0.02086	0.02613	0.01694	0.01527	0.01791	0.66749	0.01163	0.02235	0.01572	0.01444	0.00896	0.01097	0.00764	0.00667	0.00723	0.00167	0.11434	0.00399	0.00299	0.00680
12	0.01468	0.37642	0.29620	0.01576	0.10259	0.01848	0.01538	0.06577	0.01340	0.01783	0.00982	0.01148	0.00792	0.00542	0.00483	0.00158	0.00730	0.00398	0.00279	0.00837
13	0.01182	0.00979	0.01061	0.00971	0.01233	0.01055	0.00747	0.05427	0.37750	0.02283	0.17686	0.06135	0.18921	0.01071	0.00647	0.00198	0.00397	0.00907	0.00598	0.00751
14	0.01011	0.00747	0.00996	0.01102	0.01260	0.00770	0.00951	0.01441	0.09598	0.01849	0.03050	0.06168	0.03223	0.01540	0.00793	0.00264	0.00536	0.63561	0.00551	0.00589
15	0.01554	0.01108	0.01687	0.45990	0.07932	0.01256	0.01399	0.04725	0.08138	0.18099	0.01477	0.01717	0.01049	0.00642	0.00593	0.00192	0.00685	0.00554	0.00412	0.00792
16	0.01465	0.24729	0.07569	0.11008	0.38122	0.04109	0.01561	0.01789	0.01289	0.01704	0.01009	0.01296	0.00849	0.00533	0.00522	0.00164	0.00715	0.00453	0.00275	0.00840
17	0.02653	0.01006	0.01372	0.01052	0.01510	0.00869	0.00869	0.02882	0.01693	0.75937	0.02333	0.02013	0.01464	0.00732	0.00595	0.00183	0.00503	0.00595	0.00732	0.01006
18	0.11722	0.01068	0.01344	0.01043	0.01491	0.00989	0.00861	0.07727	0.01692	0.62598	0.02099	0.01853	0.01339	0.00710	0.00569	0.00183	0.00508	0.00559	0.00681	0.00965
19	0.01374	0.01300	0.04506	0.01724	0.02127	0.01232	0.34288	0.09718	0.01485	0.06258	0.03863	0.14313	0.04130	0.03392	0.00827	0.00219	0.04747	0.03336	0.00422	0.00738
20	0.01529	0.04462	0.01786	0.05073	0.27059	0.15170	0.01271	0.04397	0.18687	0.01960	0.03081	0.08602	0.01503	0.00767	0.00594	0.00184	0.00669	0.01976	0.00409	0.00819
21	0.01186	0.03059	0.76153	0.01686	0.02560	0.01373	0.02185	0.01873	0.01249	0.01873	0.01061	0.01249	0.00749	0.00562	0.00562	0.00187	0.00874	0.00437	0.00250	0.00874
22	0.00833	0.00879	0.09228	0.00873	0.01084	0.00650	0.00745	0.01120	0.04093	0.01812	0.19560	0.28589	0.21980	0.01424	0.00703	0.00212	0.00392	0.04714	0.00540	0.00567
23	0.01452	0.01680	0.17296	0.20863	0.21439	0.01424	0.08576	0.09878	0.01451	0.05443	0.01173	0.01474	0.00884	0.00597	0.00648	0.00189	0.03833	0.00528	0.00330	0.00841
24	0.00765	0.00596	0.00687	0.00736	0.00861	0.00545	0.00526	0.00956	0.03932	0.01615	0.08090	0.31784	0.34758	0.07005	0.00882	0.00243	0.00351	0.04622	0.00543	0.00504
25	0.00721	0.00515	0.00686	0.00823	0.00858	0.00480	0.00549	0.00823	0.01132	0.01510	0.03259	0.78831	0.03911	0.01853	0.00755	0.00240	0.00343	0.01681	0.00549	0.00480
26	0.01403	0.01419	0.01992	0.16703	0.26948	0.09896	0.07540	0.01847	0.08490	0.01796	0.04072	0.05224	0.01269	0.00708	0.00732	0.00193	0.08036	0.00612	0.00341	0.00780
27	0.01242	0.10767	0.35713	0.09673	0.08213	0.01319	0.01605	0.01745	0.03652	0.04468	0.06540	0.07358	0.01482	0.00743	0.00581	0.00187	0.00706	0.02874	0.00343	0.00789
28	0.00715	0.00535	0.00665	0.00769	0.00843	0.00485	0.00525	0.00830	0.01185	0.01531	0.03923	0.61052	0.21262	0.01766	0.00741	0.00230	0.00333	0.01576	0.00549	0.00485

[dist]
# distance from previous block
# <min> <max>
9	50

[block]
# block no. 4 follows, 39 sequences, length 90
# corresponding to MSA columns:
# 1112-1182,1184-1202
name=unknown_E
#
# <colnr> <probs for GDERKNQSTAVLIFYWHMCP>
#	G	D	E	R	K	N	Q	S	T	A	V	L	I	F	Y	W	H	M	C	P
0	0.01703	0.31562	0.08552	0.04489	0.06822	0.06871	0.03488	0.08095	0.07157	0.10692	0.04290	0.01470	0.01160	0.00618	0.00512	0.00161	0.00664	0.00476	0.00390	0.00829
1	0.01705	0.08952	0.06362	0.02998	0.01772	0.01548	0.03639	0.32196	0.04218	0.03933	0.03017	0.04606	0.01174	0.00718	0.00675	0.00171	0.07349	0.00546	0.00456	0.13964
2	0.08836	0.00739	0.00844	0.00868	0.03523	0.00749	0.00569	0.01301	0.06665	0.06848	0.02376	0.13308	0.08160	0.38407	0.01763	0.00382	0.00500	0.03183	0.00449	0.00529
3	0.01396	0.09132	0.43230	0.01586	0.04761	0.06128	0.03697	0.09006	0.05097	0.02049	0.06212	0.01511	0.01171	0.00635	0.00584	0.00180	0.01948	0.00499	0.00335	0.00844
4	0.01187	0.01104	0.01541	0.01351	0.01363	0.01495	0.01095	0.01289	0.00898	0.01367	0.00985	0.01686	0.01001	0.09023	0.10205	0.05466	0.57527	0.00563	0.00275	0.00582
5	0.01198	0.01136	0.01909	0.58868	0.19197	0.01354	0.01665	0.01572	0.01206	0.01597	0.01053	0.01541	0.00819	0.00596	0.00645	0.00195	0.03937	0.00526	0.00269	0.00716
6	0.22475	0.02077	0.06894	0.06604	0.01932	0.34742	0.05644	0.07444	0.01509	0.04121	0.01008	0.01175	0.00779	0.00594	0.00514	0.00171	0.00829	0.00417	0.00347	0.00726
7	0.01294	0.01294	0.01811	0.01553	0.01553	0.01811	0.01294	0.01423	0.00906	0.01423	0.00776	0.01294	0.00776	0.01035	0.01941	0.00259	0.78134	0.00518	0.00259	0.00647
8	0.01184	0.00811	0.00976	0.00892	0.01106	0.00817	0.00685	0.04632	0.16298	0.08853	0.40468	0.08731	0.05530	0.01106	0.00661	0.00193	0.00363	0.02488	0.03522	0.00685
9	0.01718	0.00801	0.01044	0.00903	0.01186	0.00731	0.00714	0.03531	0.01512	0.36177	0.10695	0.12518	0.07658	0.01237	0.05336	0.00237	0.00490	0.03157	0.09598	0.00758
10	0.00822	0.00592	0.00792	0.00915	0.01001	0.00569	0.00706	0.00995	0.01232	0.01612	0.03325	0.41311	0.08054	0.04468	0.00857	0.00263	0.00433	0.31008	0.00540	0.00504
11	0.01002	0.00629	0.00811	0.00759	0.00920	0.00577	0.00571	0.01259	0.01595	0.08730	0.56201	0.09760	0.06805	0.01188	0.00673	0.00187	0.00304	0.01043	0.06395	0.00589
12	0.00866	0.00580	0.00664	0.00672	0.00681	0.00580	0.00395	0.00883	0.00891	0.01185	0.01942	0.04043	0.02227	0.74421	0.02874	0.00555	0.00572	0.05229	0.00370	0.00370
13	0.01263	0.02645	0.59133	0.06802	0.02510	0.01353	0.01942	0.07094	0.01355	0.01989	0.01086	0.01282	0.00782	0.00564	0.00555	0.00179	0.00814	0.00443	0.00284	0.07924
14	0.07277	0.01032	0.01167	0.00937	0.01301	0.00982	0.00737	0.15817	0.01497	0.07295	0.01507	0.06465	0.01309	0.06993	0.06926	0.00240	0.00572	0.00561	0.06819	0.30564
15	0.01068	0.00723	0.00960	0.01032	0.01178	0.00722	0.00855	0.05684	0.01393	0.05177	0.02919	0.16998	0.03156	0.07093	0.00939	0.00279	0.00520	0.48189	0.00543	0.00571
16	0.06599	0.05133	0.10640	0.01899	0.08432	0.01382	0.30171	0.06058	0.03897	0.08662	0.01273	0.01482	0.00947	0.00548	0.00590	0.00176	0.00762	0.00554	0.00367	0.10429
17	0.00986	0.00708	0.00950	0.01011	0.01140	0.00738	0.00828	0.05595	0.01297	0.01726	0.02590	0.10124	0.02774	0.10839	0.15877	0.00430	0.00743	0.40618	0.00482	0.00545
18	0.02209	0.02819	0.01676	0.01524	0.01828	0.76843	0.01143	0.02361	0.01676	0.01447	0.00914	0.01066	0.00762	0.00609	0.00533	0.00152	0.01066	0.00381	0.00305	0.00686
19	0.00768	0.00551	0.00730	0.00801	0.00875	0.00513	0.00561	0.00939	0.01334	0.01829	0.29412	0.50135	0.04506	0.01614	0.00735	0.00221	0.00324	0.03053	0.00586	0.00510
20	0.01117	0.01051	0.01774	0.77795	0.04073	0.01314	0.01642	0.01511	0.01182	0.01511	0.01051	0.01577	0.00788	0.00591	0.00591	0.00197	0.00788	0.00526	0.00263	0.00657
21	0.01264	0.15181	0.59509	0.01633	0.02430	0.01536	0.06872	0.01858	0.01251	0.01797	0.01032	0.01224	0.00761	0.00549	0.00542	0.00178	0.00844	0.00436	0.00254	0.00850
22	0.01709	0.00834	0.01092	0.00926	0.01219	0.00766	0.00729	0.02060	0.07278	0.35964	0.31324	0.08241	0.03291	0.01003	0.00647	0.00189	0.00401	0.00863	0.00677	0.00787
23	0.00813	0.00581	0.00792	0.00924	0.01000	0.00559	0.00705	0.00985	0.01233	0.01630	0.04852	0.49282	0.03753	0.01753	0.00777	0.00251	0.00419	0.28632	0.00550	0.00507
24	0.01474	0.01514	0.02123	0.09505	0.34301	0.12287	0.09972	0.04294	0.01431	0.01867	0.06353	0.01797	0.04281	0.00666	0.00688	0.00184	0.05537	0.00592	0.00336	0.00799
25	0.01464	0.01405	0.02400	0.03630	0.75528	0.01405	0.01815	0.01815	0.01347	0.01932	0.01112	0.01464	0.00937	0.00527	0.00585	0.00176	0.00703	0.00527	0.00293	0.00937
26	0.00857	0.00585	0.00702	0.00702	0.00722	0.00604	0.00429	0.00897	0.00877	0.01189	0.01811	0.03581	0.02025	0.65247	0.16808	0.00644	0.00762	0.00818	0.00351	0.00390
27	0.83394	0.01144	0.00869	0.00778	0.01144	0.01327	0.00640	0.01738	0.01006	0.02653	0.00823	0.00961	0.00640	0.00549	0.00366	0.00183	0.00457	0.00320	0.00366	0.00640
28	0.34871	0.01204	0.01600	0.10405	0.32688	0.01306	0.01238	0.01689	0.01176	0.02155	0.01120	0.06053	0.00983	0.00625	0.00507	0.00185	0.00590	0.00514	0.00335	0.00757
29	0.25548	0.01582	0.01645	0.14156	0.20184	0.18387	0.01254	0.01838	0.01262	0.01929	0.00949	0.01233	0.00775	0.00600	0.00610	0.00182	0.06400	0.00433	0.00310	0.00727
30	0.18141	0.13594	0.01308	0.05605	0.01312	0.01166	0.00758	0.04462	0.06439	0.02273	0.32260	0.02604	0.02874	0.00851	0.00549	0.00175	0.00432	0.00689	0.03850	0.00657
31	0.83394	0.01144	0.00869	0.00778	0.01144	0.01327	0.00640	0.01738	0.01006	0.02653	0.00823	0.00961	0.00640	0.00549	0.00366	0.00183	0.00457	0.00320	0.00366	0.00640
32	0.00710	0.00557	0.00643	0.00711	0.00828	0.00490	0.00499	0.00836	0.01240	0.01554	0.04628	0.42186	0.39673	0.01675	0.00727	0.00220	0.00321	0.01464	0.00549	0.00490
33	0.02235	0.01800	0.01694	0.01365	0.01764	0.18940	0.01101	0.41536	0.02233	0.13983	0.01398	0.01420	0.01003	0.00712	0.00671	0.00178	0.06029	0.00506	0.00524	0.00908
34	0.00724	0.00567	0.00659	0.00728	0.00851	0.00502	0.00524	0.00861	0.01254	0.01569	0.04609	0.38010	0.39364	0.01663	0.00731	0.00222	0.00334	0.05784	0.00549	0.00494
35	0.08102	0.11996	0.05741	0.09283	0.03935	0.01556	0.24312	0.14140	0.04113	0.02179	0.01299	0.01519	0.02963	0.00588	0.00571	0.00176	0.00739	0.00548	0.00363	0.05875
36	0.21231	0.01038	0.01257	0.00989	0.01425	0.00974	0.00817	0.02619	0.01535	0.59075	0.01986	0.01771	0.01274	0.00690	0.00542	0.00183	0.00493	0.00532	0.00648	0.00922
37	0.00832	0.00604	0.00784	0.00739	0.00881	0.00556	0.00554	0.01107	0.01663	0.02346	0.72945	0.04459	0.07867	0.01218	0.00698	0.00186	0.00280	0.01075	0.00648	0.00556
38	0.01199	0.01109	0.01844	0.51466	0.21994	0.01280	0.01588	0.02714	0.01248	0.01667	0.01225	0.06332	0.01036	0.00657	0.00597	0.00193	0.00727	0.00598	0.01806	0.00721
39	0.06529	0.01133	0.01234	0.06267	0.01498	0.04208	0.00857	0.24463	0.05157	0.04690	0.25877	0.04562	0.09182	0.00951	0.00624	0.00186	0.00494	0.00785	0.00562	0.00740
40	0.00851	0.00609	0.00826	0.00826	0.00888	0.00671	0.00584	0.00976	0.00913	0.01280	0.01698	0.02956	0.01753	0.35004	0.46680	0.00796	0.01171	0.00726	0.00334	0.00459
41	0.11698	0.01171	0.01274	0.01035	0.01388	0.01241	0.00825	0.27488	0.07246	0.18846	0.01732	0.01932	0.01315	0.09991	0.00832	0.00223	0.00530	0.00572	0.09831	0.00829
42	0.07412	0.01263	0.01980	0.31384	0.34461	0.01412	0.01592	0.06587	0.01337	0.01925	0.01074	0.01459	0.00856	0.00589	0.00634	0.00188	0.04232	0.00511	0.00306	0.00800
43	0.01371	0.01521	0.03075	0.02260	0.02711	0.01574	0.55565	0.01778	0.01275	0.01778	0.01093	0.01521	0.00867	0.00631	0.01005	0.00214	0.20060	0.00653	0.00289	0.00760
44	0.00736	0.00532	0.00699	0.00827	0.00880	0.00496	0.00571	0.00854	0.01163	0.01534	0.03437	0.68686	0.08762	0.01813	0.00755	0.00240	0.00354	0.06626	0.00549	0.00486
45	0.00759	0.00535	0.00696	0.00806	0.00842	0.00509	0.00538	0.00857	0.01109	0.01480	0.04506	0.60655	0.03619	0.14984	0.01140	0.00297	0.00392	0.05291	0.00518	0.00465
46	0.05115	0.01058	0.04051	0.00939	0.01200	0.06248	0.00747	0.06551	0.06810	0.13967	0.04005	0.12602	0.16380	0.11237	0.00936	0.00245	0.00503	0.03324	0.03416	0.00668
47	0.17835	0.01032	0.01278	0.01001	0.01441	0.00955	0.00826	0.02667	0.01564	0.62158	0.02049	0.01815	0.01309	0.00698	0.00552	0.00183	0.00495	0.00543	0.00663	0.00938
48	0.00870	0.00555	0.00738	0.00836	0.00907	0.00511	0.00572	0.00984	0.01181	0.07295	0.03249	0.71218	0.05326	0.01758	0.00741	0.00235	0.00355	0.01587	0.00563	0.00522
49	0.07914	0.14208	0.01807	0.15811	0.05074	0.18600	0.01143	0.09059	0.06860	0.06461	0.01222	0.01419	0.00960	0.00885	0.05959	0.00225	0.00799	0.00467	0.00370	0.00758
50	0.01310	0.01305	0.01848	0.01568	0.01615	0.01775	0.04253	0.01560	0.05961	0.01515	0.00905	0.01369	0.00852	0.00997	0.01798	0.00252	0.69625	0.00535	0.00284	0.00673
51	0.00743	0.00535	0.00709	0.00840	0.00892	0.00501	0.00585	0.00864	0.01165	0.01539	0.03369	0.68410	0.07043	0.01815	0.00758	0.00242	0.00361	0.08594	0.00549	0.00488
52	0.11141	0.06175	0.27373	0.03839	0.13761	0.01338	0.05529	0.06577	0.01355	0.04506	0.02831	0.02878	0.01053	0.00722	0.02729	0.00201	0.00718	0.00509	0.05959	0.00807
53	0.01603	0.04814	0.10200	0.05127	0.36275	0.06102	0.02848	0.08526	0.08908	0.06405	0.01350	0.01600	0.01063	0.00614	0.00581	0.00180	0.00706	0.01827	0.00375	0.00898
54	0.01191	0.00975	0.01233	0.01105	0.01209	0.03554	0.03544	0.02784	0.03187	0.01803	0.01659	0.14175	0.01579	0.01000	0.01059	0.00205	0.29283	0.00724	0.29125	0.00608
55	0.33508	0.04560	0.02651	0.18128	0.04470	0.10543	0.04267	0.04400	0.01269	0.05466	0.01043	0.01273	0.00800	0.00588	0.00508	0.00180	0.01943	0.00430	0.03272	0.00701
56	0.00762	0.00602	0.00686	0.00665	0.00837	0.00526	0.00499	0.00971	0.01497	0.01951	0.37572	0.05110	0.43487	0.01366	0.00698	0.00193	0.00290	0.01167	0.00596	0.00526
57	0.00784	0.00595	0.00722	0.00706	0.00855	0.00533	0.00524	0.01008	0.01527	0.02058	0.47638	0.11217	0.26969	0.01354	0.00703	0.00195	0.00291	0.01177	0.00611	0.00533
58	0.01294	0.01294	0.01811	0.01553	0.01553	0.01811	0.01294	0.01423	0.00906	0.01423	0.00776	0.01294	0.00776	0.01035	0.01941	0.00259	0.78134	0.00518	0.00259	0.00647
59	0.02481	0.01059	0.01507	0.01148	0.01603	0.00944	0.06025	0.05961	0.01702	0.64333	0.02194	0.01964	0.01405	0.00713	0.00594	0.00182	0.00536	0.00597	0.04079	0.00973
60	0.01581	0.79572	0.03099	0.01012	0.01518	0.02340	0.01012	0.01771	0.01202	0.01391	0.00822	0.00949	0.00759	0.00506	0.00379	0.00126	0.00632	0.00316	0.00253	0.00759
61	0.00719	0.00572	0.00645	0.00686	0.00826	0.00498	0.00492	0.00865	0.01307	0.01639	0.11388	0.29567	0.45537	0.01588	0.00717	0.00212	0.00312	0.01374	0.00558	0.00498
62	0.01464	0.01405	0.02400	0.03630	0.75528	0.01405	0.01815	0.01815	0.01347	0.01932	0.01112	0.01464	0.00937	0.00527	0.00585	0.00176	0.00703	0.00527	0.00293	0.00937
63	0.01171	0.00992	0.01167	0.00870	0.01342	0.00755	0.00684	0.01416	0.01216	0.01881	0.01293	0.09717	0.01208	0.00593	0.00473	0.00104	0.00428	0.00496	0.00372	0.73822
64	0.01581	0.79572	0.03099	0.01012	0.01518	0.02340	0.01012	0.01771	0.01202	0.01391	0.00822	0.00949	0.00759	0.00506	0.00379	0.00126	0.00632	0.00316	0.00253	0.00759
65	0.02209	0.02819	0.01676	0.01524	0.01828	0.76843	0.01143	0.02361	0.01676	0.01447	0.00914	0.01066	0.00762	0.00609	0.00533	0.00152	0.01066	0.00381	0.00305	0.00686
66	0.00758	0.00617	0.00681	0.00710	0.00895	0.00540	0.00563	0.00938	0.01358	0.01653	0.06918	0.05878	0.57900	0.01521	0.00725	0.00215	0.00353	0.16715	0.00550	0.00511
67	0.00721	0.00522	0.00682	0.00806	0.00854	0.00483	0.00542	0.00831	0.01158	0.01534	0.04955	0.72264	0.08833	0.01815	0.00750	0.00236	0.00339	0.01639	0.00551	0.00483
68	0.00800	0.00566	0.00738	0.00769	0.00865	0.00526	0.00548	0.01007	0.01435	0.02012	0.42801	0.34745	0.04731	0.01451	0.00709	0.00206	0.00305	0.01298	0.03961	0.00526
69	0.01952	0.31190	0.05295	0.01247	0.01744	0.04325	0.01125	0.41317	0.02087	0.02699	0.01164	0.01224	0.00894	0.00624	0.00508	0.00158	0.00666	0.00442	0.00441	0.00897
70	0.07795	0.18022	0.29475	0.04771	0.02017	0.01493	0.01426	0.07951	0.01442	0.18327	0.01304	0.01363	0.00924	0.00600	0.00521	0.00173	0.00689	0.00450	0.00394	0.00863
71	0.10211	0.29812	0.02402	0.02121	0.31770	0.11135	0.01317	0.01859	0.01299	0.01752	0.00952	0.01175	0.00820	0.00532	0.00481	0.00156	0.00697	0.00411	0.00288	0.00810
72	0.02950	0.01145	0.01835	0.01453	0.01720	0.06762	0.28708	0.01389	0.01168	0.01539	0.01692	0.12477	0.01756	0.30956	0.01575	0.00345	0.00742	0.00856	0.00356	0.00575
73	0.08803	0.01393	0.01518	0.06596	0.06319	0.04897	0.01058	0.27550	0.21164	0.06285	0.01738	0.07126	0.01385	0.00779	0.00584	0.00189	0.00588	0.00627	0.00525	0.00876
74	0.01209	0.01031	0.01326	0.09743	0.01717	0.01157	0.04201	0.02091	0.32849	0.02060	0.08306	0.03426	0.04340	0.03548	0.00798	0.00230	0.03743	0.16973	0.00518	0.00735
75	0.01028	0.00642	0.00786	0.00743	0.00928	0.00571	0.00559	0.01240	0.01492	0.11607	0.32841	0.13767	0.25595	0.01293	0.00680	0.00195	0.00322	0.01117	0.04006	0.00589
76	0.01415	0.01381	0.02442	0.05507	0.61817	0.01376	0.10281	0.01775	0.01339	0.01898	0.01208	0.04627	0.01049	0.00579	0.00606	0.00182	0.00725	0.00594	0.00303	0.00894
77	0.00723	0.00540	0.00673	0.00765	0.00846	0.00490	0.00526	0.00849	0.01219	0.01587	0.08639	0.56682	0.20857	0.01727	0.00738	0.00227	0.00329	0.01539	0.00556	0.00490
78	0.05170	0.00674	0.00739	0.00667	0.00883	0.00654	0.00520	0.01712	0.01325	0.17811	0.01964	0.02108	0.01465	0.00692	0.00450	0.00149	0.00332	0.00550	0.61483	0.00651
79	0.01581	0.79572	0.03099	0.01012	0.01518	0.02340	0.01012	0.01771	0.01202	0.01391	0.00822	0.00949	0.00759	0.00506	0.00379	0.00126	0.00632	0.00316	0.00253	0.00759
80	0.00853	0.00575	0.00671	0.00694	0.00707	0.00572	0.00419	0.00883	0.00922	0.01226	0.02087	0.11220	0.02407	0.66313	0.02639	0.00520	0.00549	0.05971	0.00390	0.00383
81	0.83394	0.01144	0.00869	0.00778	0.01144	0.01327	0.00640	0.01738	0.01006	0.02653	0.00823	0.00961	0.00640	0.00549	0.00366	0.00183	0.00457	0.00320	0.00366	0.00640
82	0.02248	0.01656	0.01775	0.01361	0.01834	0.01834	0.01124	0.73556	0.02780	0.03727	0.01420	0.01420	0.01006	0.00710	0.00592	0.00177	0.00651	0.00532	0.00592	0.01006
83	0.08402	0.01016	0.01337	0.01033	0.01484	0.00902	0.00853	0.02801	0.01644	0.70720	0.02226	0.01938	0.01405	0.00719	0.00578	0.00183	0.00500	0.00575	0.00706	0.00980
84	0.05959	0.00609	0.00662	0.00660	0.00717	0.00611	0.00410	0.00963	0.00980	0.01420	0.05212	0.06754	0.07895	0.54976	0.03653	0.00467	0.00521	0.00873	0.06241	0.00417
85	0.01194	0.07291	0.07865	0.13579	0.28058	0.01206	0.01321	0.01478	0.01152	0.01589	0.01290	0.02023	0.01201	0.16996	0.10998	0.00358	0.00813	0.00584	0.00298	0.00705
86	0.01510	0.01599	0.22830	0.02967	0.01771	0.01135	0.01252	0.09348	0.12456	0.15581	0.07946	0.09785	0.01971	0.00906	0.00627	0.00199	0.00596	0.06185	0.00510	0.00826
87	0.15824	0.19125	0.03357	0.01177	0.01556	0.07665	0.01005	0.13087	0.20536	0.02266	0.01335	0.01397	0.01051	0.00678	0.00621	0.00178	0.07447	0.00467	0.00420	0.00809
88	0.10853	0.30917	0.16257	0.01157	0.01676	0.04740	0.02452	0.03479	0.03676	0.09350	0.06026	0.01423	0.01180	0.00606	0.00482	0.00158	0.00634	0.00445	0.00365	0.04124
89	0.34918	0.01278	0.05797	0.01003	0.01416	0.01250	0.00867	0.10448	0.06791	0.10632	0.05602	0.01492	0.01195	0.00649	0.00532	0.00174	0.03239	0.00464	0.00454	0.11798

[dist]
# distance from previous block
# <min> <max>
0	18

[block]
# block no. 5 follows, 39 sequences, length 23
# corresponding to MSA columns:
# 1222-1244
name=unknown_F
#
# <colnr> <probs for GDERKNQSTAVLIFYWHMCP>
#	G	D	E	R	K	N	Q	S	T	A	V	L	I	F	Y	W	H	M	C	P
0	0.07783	0.01740	0.05237	0.05414	0.02052	0.19809	0.17065	0.06277	0.01427	0.04012	0.04894	0.01511	0.01094	0.00702	0.00842	0.00193	0.15690	0.00539	0.02995	0.00724
1	0.01450	0.44814	0.15177	0.01148	0.01657	0.01799	0.02980	0.05333	0.03227	0.03748	0.06919	0.04397	0.03776	0.00676	0.00490	0.00156	0.00628	0.00513	0.00344	0.00769
2	0.01252	0.01054	0.01365	0.06761	0.01670	0.00854	0.04520	0.01529	0.01243	0.04331	0.01198	0.04711	0.01023	0.00525	0.00482	0.00111	0.00491	0.00448	0.00363	0.66068
3	0.01605	0.01275	0.01367	0.01202	0.01554	0.01450	0.00943	0.07466	0.64742	0.07898	0.02341	0.02144	0.01731	0.00792	0.00601	0.00198	0.00482	0.00655	0.00611	0.00945
4	0.01206	0.01023	0.01206	0.00892	0.01388	0.00780	0.00720	0.01469	0.01236	0.01915	0.01208	0.01637	0.01066	0.00528	0.00467	0.00102	0.00446	0.05717	0.00365	0.76629
5	0.00845	0.00634	0.00950	0.00950	0.01056	0.00739	0.00739	0.01056	0.00950	0.01373	0.01584	0.02323	0.01478	0.04435	0.76873	0.00950	0.01584	0.00634	0.00317	0.00528
6	0.00721	0.00515	0.00686	0.00823	0.00858	0.00480	0.00549	0.00823	0.01132	0.01510	0.03259	0.78831	0.03911	0.01853	0.00755	0.00240	0.00343	0.01681	0.00549	0.00480
7	0.00837	0.00604	0.00790	0.00744	0.00883	0.00558	0.00558	0.01116	0.01674	0.02371	0.75216	0.04417	0.05580	0.01209	0.00697	0.00186	0.00279	0.01069	0.00651	0.00558
8	0.02248	0.01656	0.01775	0.01361	0.01834	0.01834	0.01124	0.73556	0.02780	0.03727	0.01420	0.01420	0.01006	0.00710	0.00592	0.00177	0.00651	0.00532	0.00592	0.01006
9	0.01117	0.01051	0.01774	0.77795	0.04073	0.01314	0.01642	0.01511	0.01182	0.01511	0.01051	0.01577	0.00788	0.00591	0.00591	0.00197	0.00788	0.00526	0.00263	0.00657
10	0.00858	0.00581	0.00683	0.00683	0.00697	0.00594	0.00406	0.00885	0.00871	0.01175	0.01828	0.03675	0.02065	0.69795	0.12316	0.00621	0.00701	0.00831	0.00353	0.00380
11	0.00845	0.00634	0.00950	0.00950	0.01056	0.00739	0.00739	0.01056	0.00950	0.01373	0.01584	0.02323	0.01478	0.04435	0.76873	0.00950	0.01584	0.00634	0.00317	0.00528
12	0.01117	0.01051	0.01774	0.77795	0.04073	0.01314	0.01642	0.01511	0.01182	0.01511	0.01051	0.01577	0.00788	0.00591	0.00591	0.00197	0.00788	0.00526	0.00263	0.00657
13	0.02532	0.01075	0.01405	0.01074	0.01537	0.00963	0.00886	0.09986	0.01777	0.64437	0.02168	0.01908	0.01384	0.00713	0.00586	0.00177	0.00515	0.00575	0.00696	0.05608
14	0.01226	0.01051	0.01226	0.00876	0.01401	0.00788	0.00701	0.01489	0.01226	0.01927	0.01051	0.01226	0.00876	0.00438	0.00438	0.00088	0.00438	0.00350	0.00350	0.82832
15	0.01186	0.03059	0.76153	0.01686	0.02560	0.01373	0.02185	0.01873	0.01249	0.01873	0.01061	0.01249	0.00749	0.00562	0.00562	0.00187	0.00874	0.00437	0.00250	0.00874
16	0.00757	0.00595	0.00684	0.00675	0.00838	0.00522	0.00501	0.00956	0.01465	0.01907	0.34093	0.10684	0.41402	0.01406	0.00703	0.00197	0.00294	0.01208	0.00591	0.00522
17	0.00784	0.00615	0.00718	0.00728	0.00899	0.00548	0.00570	0.00993	0.01446	0.01854	0.25714	0.05492	0.42205	0.01437	0.00719	0.00209	0.00337	0.13627	0.00578	0.00524
18	0.00744	0.00532	0.00713	0.00850	0.00895	0.00501	0.00590	0.00864	0.01156	0.01536	0.03246	0.71498	0.03860	0.01830	0.00761	0.00243	0.00364	0.08781	0.00549	0.00487
19	0.83394	0.01144	0.00869	0.00778	0.01144	0.01327	0.00640	0.01738	0.01006	0.02653	0.00823	0.00961	0.00640	0.00549	0.00366	0.00183	0.00457	0.00320	0.00366	0.00640
20	0.00756	0.00559	0.00787	0.00872	0.00925	0.00525	0.03223	0.00866	0.01122	0.01498	0.03082	0.70556	0.03673	0.07401	0.00916	0.00263	0.00384	0.01585	0.00526	0.00483
21	0.01629	0.03884	0.10266	0.01588	0.08558	0.01225	0.12777	0.10445	0.04820	0.14954	0.04831	0.01919	0.01363	0.00666	0.00588	0.00172	0.00643	0.04103	0.00451	0.15118
22	0.07123	0.00720	0.00963	0.00911	0.01083	0.00777	0.00706	0.01147	0.00981	0.01521	0.01450	0.02117	0.01347	0.06174	0.56310	0.03409	0.01282	0.00578	0.00324	0.11076

[dist]
# distance from previous block
# <min> <max>
1	4

[block]
# block no. 6 follows, 39 sequences, length 56
# corresponding to MSA columns:
# 1249-1252,1276-1327
name=unknown_G
#
# <colnr> <probs for GDERKNQSTAVLIFYWHMCP>
#	G	D	E	R	K	N	Q	S	T	A	V	L	I	F	Y	W	H	M	C	P
0	0.01450	0.01151	0.01751	0.15706	0.22035	0.01267	0.03402	0.05316	0.06681	0.10391	0.01426	0.01859	0.01168	0.07173	0.08404	0.00299	0.08777	0.00586	0.00380	0.00778
1	0.19632	0.01057	0.01284	0.09438	0.01699	0.01052	0.00912	0.06493	0.01485	0.34846	0.01765	0.02023	0.01295	0.00725	0.00550	0.00183	0.00531	0.06454	0.00544	0.08030
2	0.00848	0.00627	0.00797	0.00770	0.00916	0.00588	0.00582	0.01156	0.04143	0.02237	0.59654	0.08217	0.11045	0.01272	0.00703	0.00195	0.00304	0.04754	0.00630	0.00562
3	0.01581	0.79572	0.03099	0.01012	0.01518	0.02340	0.01012	0.01771	0.01202	0.01391	0.00822	0.00949	0.00759	0.00506	0.00379	0.00126	0.00632	0.00316	0.00253	0.00759
4	0.00806	0.00581	0.00780	0.00902	0.00985	0.00555	0.00686	0.00979	0.01249	0.01647	0.06875	0.46548	0.07144	0.01728	0.00771	0.00247	0.00408	0.26048	0.00552	0.00507
5	0.01027	0.00514	0.00770	0.00770	0.00770	0.00514	0.00514	0.00770	0.00770	0.01027	0.01027	0.01798	0.01027	0.02054	0.02311	0.82794	0.00514	0.00514	0.00257	0.00257
6	0.02248	0.01656	0.01775	0.01361	0.01834	0.01834	0.01124	0.73556	0.02780	0.03727	0.01420	0.01420	0.01006	0.00710	0.00592	0.00177	0.00651	0.00532	0.00592	0.01006
7	0.00823	0.00590	0.00717	0.00733	0.00871	0.00526	0.00531	0.01003	0.01397	0.04615	0.27084	0.28201	0.27764	0.01489	0.00712	0.00207	0.00314	0.01303	0.00588	0.00531
8	0.49426	0.01139	0.01114	0.00918	0.01324	0.01214	0.00758	0.08030	0.01384	0.27517	0.01383	0.01354	0.00949	0.00624	0.00462	0.00183	0.00489	0.00430	0.00508	0.00794
9	0.01087	0.00700	0.00785	0.00735	0.00910	0.00714	0.00559	0.04169	0.10396	0.02358	0.30283	0.03031	0.03102	0.00904	0.00553	0.00166	0.00314	0.00765	0.37850	0.00618
10	0.01343	0.00909	0.00944	0.00857	0.01096	0.00996	0.00664	0.09096	0.26740	0.02448	0.02044	0.02128	0.01566	0.00730	0.00496	0.00163	0.00379	0.00590	0.46081	0.00729
11	0.00838	0.00573	0.00739	0.00803	0.00902	0.00525	0.00572	0.00994	0.01300	0.05018	0.17459	0.48236	0.13170	0.01623	0.00733	0.00224	0.00342	0.04850	0.00577	0.00524
12	0.05180	0.00710	0.00942	0.00877	0.01035	0.00743	0.00658	0.01375	0.01099	0.14899	0.05154	0.02671	0.01787	0.21454	0.38052	0.00648	0.01030	0.00686	0.00420	0.00580
13	0.01186	0.03059	0.76153	0.01686	0.02560	0.01373	0.02185	0.01873	0.01249	0.01873	0.01061	0.01249	0.00749	0.00562	0.00562	0.00187	0.00874	0.00437	0.00250	0.00874
14	0.00801	0.00577	0.00775	0.00905	0.00983	0.00551	0.00685	0.00965	0.01223	0.01605	0.03356	0.49820	0.07434	0.01758	0.00774	0.00249	0.00411	0.26076	0.00547	0.00504
15	0.00956	0.00649	0.00774	0.00749	0.00812	0.00683	0.00494	0.05183	0.01022	0.01429	0.01779	0.03247	0.01881	0.51569	0.19561	0.00603	0.00786	0.00766	0.06607	0.00450
16	0.01464	0.01080	0.01208	0.01104	0.01387	0.01185	0.00846	0.06019	0.45317	0.10570	0.02553	0.20368	0.02228	0.01040	0.00637	0.00207	0.00451	0.00894	0.00603	0.00839
17	0.83394	0.01144	0.00869	0.00778	0.01144	0.01327	0.00640	0.01738	0.01006	0.02653	0.00823	0.00961	0.00640	0.00549	0.00366	0.00183	0.00457	0.00320	0.00366	0.00640
18	0.01438	0.05124	0.05395	0.19628	0.31056	0.09048	0.03841	0.04442	0.01371	0.01810	0.04648	0.01549	0.01084	0.00627	0.00680	0.00184	0.06442	0.00529	0.00310	0.00795
19	0.00827	0.00604	0.00776	0.00733	0.00877	0.00554	0.00550	0.01096	0.01650	0.02315	0.70127	0.04511	0.10704	0.01230	0.00698	0.00187	0.00281	0.01083	0.00644	0.00554
20	0.00892	0.00634	0.00837	0.00939	0.01047	0.00627	0.00742	0.01168	0.04715	0.01780	0.08763	0.32406	0.03576	0.01586	0.00751	0.00243	0.00431	0.32986	0.05336	0.00541
21	0.00846	0.00570	0.00660	0.00673	0.00680	0.00571	0.00390	0.00864	0.00889	0.01189	0.01986	0.10958	0.02293	0.69120	0.05485	0.00555	0.00588	0.00930	0.00375	0.00376
22	0.06172	0.01135	0.01382	0.08705	0.08556	0.03747	0.00919	0.01673	0.01293	0.08196	0.03851	0.01444	0.01076	0.00527	0.00489	0.00126	0.00521	0.00430	0.00379	0.49378
