[name]
unknown

[dist]
# distance from previous block
# <min> <max>
0	74

[block]
# block no. 0 follows, 43 sequences, length 21
# corresponding to MSA columns:
# 112-132
name=unknown_A
#
# <colnr> <probs for GDERKNQSTAVLIFYWHMCP>
#	G	D	E	R	K	N	Q	S	T	A	V	L	I	F	Y	W	H	M	C	P
0	0.09984	0.00680	0.00874	0.00967	0.01118	0.00696	0.00836	0.01193	0.01258	0.01785	0.07627	0.05524	0.03042	0.01393	0.00712	0.00240	0.00484	0.60569	0.00498	0.00521
1	0.10417	0.01289	0.02092	0.03109	0.68805	0.01308	0.01580	0.01692	0.01226	0.01883	0.01012	0.01319	0.00847	0.00496	0.00526	0.00165	0.00633	0.00472	0.00282	0.00847
2	0.00764	0.00550	0.00753	0.00787	0.00844	0.00590	0.00556	0.00886	0.00914	0.01266	0.01961	0.23009	0.02140	0.22673	0.39029	0.00627	0.00941	0.00904	0.00364	0.00443
3	0.00737	0.00556	0.00702	0.00755	0.00864	0.00493	0.00530	0.00870	0.01132	0.01525	0.07865	0.55963	0.11838	0.01508	0.00667	0.00203	0.00328	0.03417	0.00500	0.09548
4	0.01213	0.14270	0.50593	0.01559	0.02254	0.01445	0.12123	0.01825	0.06405	0.01728	0.01066	0.01236	0.00792	0.00526	0.00521	0.00169	0.00774	0.00442	0.00264	0.00796
5	0.01351	0.14891	0.24834	0.01288	0.01709	0.11550	0.01296	0.06795	0.03606	0.01751	0.10430	0.01518	0.01322	0.00694	0.00740	0.00173	0.14533	0.00484	0.00322	0.00714
6	0.01338	0.06929	0.07518	0.01129	0.06620	0.05949	0.00907	0.04307	0.01257	0.05172	0.01032	0.01177	0.00829	0.00462	0.00443	0.00109	0.00521	0.00362	0.00332	0.53608
7	0.01417	0.01285	0.08648	0.32447	0.12546	0.01242	0.08507	0.05381	0.05893	0.13394	0.01279	0.01522	0.00928	0.00582	0.00591	0.00180	0.02522	0.00519	0.00354	0.00763
8	0.00688	0.00488	0.00639	0.00754	0.00783	0.00459	0.00496	0.00775	0.01034	0.01379	0.02920	0.72412	0.03496	0.09726	0.00921	0.00257	0.00343	0.01496	0.00496	0.00438
9	0.03823	0.06657	0.01533	0.09634	0.01769	0.07187	0.00991	0.23161	0.17711	0.17565	0.03327	0.01615	0.01225	0.00663	0.00536	0.00169	0.00575	0.00520	0.00504	0.00836
10	0.01304	0.01195	0.14024	0.09703	0.03147	0.00947	0.09287	0.06205	0.01188	0.11349	0.01289	0.03202	0.01033	0.01111	0.04026	0.23306	0.00647	0.00530	0.05895	0.00613
11	0.00949	0.00601	0.00842	0.00825	0.00956	0.00556	0.03161	0.01099	0.01235	0.10112	0.19457	0.37024	0.08641	0.01504	0.03461	0.05197	0.00398	0.02934	0.00523	0.00524
12	0.01847	0.01617	0.01483	0.09726	0.01834	0.22598	0.01034	0.19079	0.20554	0.12300	0.01509	0.01515	0.01103	0.00651	0.00542	0.00168	0.00669	0.00499	0.00466	0.00807
13	0.07552	0.08424	0.01606	0.01160	0.01534	0.07903	0.00965	0.29317	0.01799	0.23532	0.01377	0.01377	0.00976	0.00669	0.00656	0.00170	0.09183	0.00470	0.00492	0.00837
14	0.01289	0.04255	0.16327	0.03895	0.09172	0.01021	0.07323	0.06265	0.01299	0.11295	0.09529	0.04003	0.04232	0.12806	0.00981	0.03997	0.00597	0.00640	0.00392	0.00680
15	0.00696	0.00502	0.00662	0.00773	0.00825	0.00468	0.00536	0.00816	0.01118	0.01488	0.08081	0.66771	0.07030	0.01666	0.00705	0.00222	0.00328	0.06332	0.00520	0.00460
16	0.08866	0.01336	0.01683	0.17863	0.02183	0.06233	0.10713	0.19503	0.16673	0.07304	0.01394	0.01510	0.01021	0.00615	0.00547	0.00176	0.00644	0.00521	0.00428	0.00785
17	0.05368	0.13609	0.27106	0.01286	0.01834	0.05564	0.02832	0.20989	0.01593	0.10386	0.01227	0.03656	0.00928	0.00610	0.00510	0.00164	0.00672	0.00465	0.00384	0.00816
18	0.01430	0.00802	0.01131	0.07561	0.04747	0.00817	0.00809	0.01646	0.01287	0.26709	0.15793	0.02460	0.03497	0.07536	0.13578	0.00323	0.05714	0.00663	0.02827	0.00670
19	0.06621	0.11958	0.18231	0.05223	0.01625	0.01275	0.01084	0.11350	0.11618	0.02093	0.13957	0.01893	0.01700	0.03633	0.00601	0.00178	0.00548	0.00549	0.03100	0.02766
20	0.00863	0.09420	0.03353	0.05818	0.01144	0.00786	0.00678	0.02052	0.03692	0.01658	0.18035	0.23295	0.23039	0.01223	0.00623	0.00188	0.00382	0.02731	0.00479	0.00541

[dist]
# distance from previous block
# <min> <max>
1	91

[block]
# block no. 1 follows, 43 sequences, length 13
# corresponding to MSA columns:
# 225-237
name=unknown_B
#
# <colnr> <probs for GDERKNQSTAVLIFYWHMCP>
#	G	D	E	R	K	N	Q	S	T	A	V	L	I	F	Y	W	H	M	C	P
0	0.03225	0.50692	0.05718	0.01038	0.01493	0.01786	0.04355	0.04950	0.01191	0.01570	0.00891	0.01047	0.00769	0.00507	0.00462	0.00129	0.04254	0.00349	0.03708	0.11866
1	0.01071	0.00995	0.01619	0.67197	0.06735	0.01216	0.01458	0.01516	0.06628	0.01499	0.01158	0.04470	0.00924	0.00610	0.00560	0.00185	0.00697	0.00543	0.00281	0.00640
2	0.12102	0.00761	0.00943	0.06665	0.05139	0.00791	0.00711	0.04527	0.01388	0.02065	0.37272	0.08554	0.10910	0.01027	0.00632	0.00182	0.02467	0.02796	0.00498	0.00569
3	0.00668	0.00509	0.00615	0.00701	0.00785	0.00456	0.00483	0.00779	0.01128	0.01441	0.03912	0.55023	0.28260	0.01623	0.00689	0.00212	0.00308	0.01438	0.00514	0.00456
4	0.01508	0.04497	0.01578	0.02629	0.02727	0.16814	0.07465	0.14632	0.06548	0.03973	0.01450	0.11955	0.01315	0.00952	0.03941	0.00210	0.11622	0.00633	0.04862	0.00690
5	0.55536	0.00924	0.00773	0.00698	0.00980	0.01040	0.00563	0.04524	0.01105	0.02408	0.06257	0.01416	0.01126	0.00594	0.00383	0.00161	0.00384	0.00408	0.20131	0.00589
6	0.01083	0.00994	0.01598	0.48466	0.16543	0.01153	0.01376	0.01506	0.07309	0.01561	0.01377	0.12055	0.01234	0.00717	0.00574	0.00187	0.00643	0.00649	0.00313	0.00662
7	0.00745	0.00585	0.00679	0.00692	0.00832	0.00541	0.00504	0.01006	0.06430	0.01733	0.24509	0.24073	0.32911	0.01368	0.00661	0.00193	0.00297	0.01190	0.00544	0.00506
8	0.01177	0.15510	0.55048	0.01373	0.02090	0.01362	0.01678	0.01690	0.01159	0.01686	0.00956	0.01120	0.00719	0.00502	0.00482	0.00153	0.00726	0.00380	0.00247	0.11940
9	0.01652	0.00812	0.01025	0.00890	0.01165	0.00763	0.00693	0.05152	0.08115	0.36298	0.05698	0.21369	0.06301	0.01004	0.00592	0.00184	0.00404	0.00860	0.06279	0.00742
10	0.00796	0.00565	0.00746	0.00740	0.00800	0.00602	0.00514	0.00917	0.00944	0.01319	0.11691	0.03069	0.02173	0.36992	0.35059	0.00640	0.00908	0.00740	0.00356	0.00429
11	0.01734	0.01252	0.01373	0.01111	0.01472	0.01361	0.00897	0.41022	0.18128	0.08419	0.11901	0.02087	0.05164	0.00781	0.00574	0.00173	0.00501	0.00628	0.00571	0.00850
12	0.01068	0.00648	0.00727	0.00710	0.00869	0.00662	0.00563	0.06740	0.04433	0.02129	0.12038	0.03022	0.02216	0.00872	0.00509	0.00162	0.00336	0.13366	0.48365	0.00562

[dist]
# distance from previous block
# <min> <max>
0	1

[block]
# block no. 2 follows, 43 sequences, length 10
# corresponding to MSA columns:
# 239-248
name=unknown_C
#
# <colnr> <probs for GDERKNQSTAVLIFYWHMCP>
#	G	D	E	R	K	N	Q	S	T	A	V	L	I	F	Y	W	H	M	C	P
0	0.18222	0.01266	0.01957	0.02858	0.61663	0.01301	0.01477	0.01685	0.01196	0.01946	0.00987	0.01275	0.00821	0.00498	0.00507	0.00166	0.00611	0.00454	0.00288	0.00821
1	0.01166	0.00996	0.01621	0.40529	0.21853	0.01105	0.01384	0.01486	0.01205	0.05876	0.01617	0.02317	0.06231	0.00723	0.00585	0.00187	0.00644	0.09470	0.00329	0.00678
2	0.01818	0.00995	0.01221	0.00962	0.01353	0.00923	0.00777	0.09093	0.11573	0.35740	0.11132	0.01987	0.01740	0.00692	0.00540	0.00155	0.00441	0.00570	0.00575	0.17713
3	0.48689	0.01191	0.01114	0.16756	0.01733	0.07757	0.00867	0.01811	0.08137	0.05855	0.01031	0.01184	0.00778	0.00558	0.00430	0.00173	0.00543	0.00387	0.00356	0.00649
4	0.01458	0.11169	0.10731	0.01203	0.01665	0.04719	0.08237	0.13599	0.09232	0.06278	0.08359	0.01593	0.01345	0.00604	0.00515	0.00149	0.00583	0.00501	0.00406	0.17652
5	0.18262	0.50603	0.08843	0.01087	0.01572	0.01848	0.07950	0.01671	0.01109	0.01625	0.00822	0.00972	0.00700	0.00486	0.00395	0.00140	0.00610	0.00340	0.00262	0.00701
6	0.01270	0.01213	0.02067	0.26826	0.54439	0.01289	0.01650	0.01612	0.01214	0.01687	0.01024	0.01403	0.00834	0.00512	0.00550	0.00171	0.00683	0.00493	0.00265	0.00796
7	0.18118	0.01159	0.01768	0.27294	0.38045	0.01273	0.01424	0.01593	0.01147	0.01819	0.00968	0.01309	0.00776	0.00517	0.00508	0.00172	0.00637	0.00454	0.00279	0.00737
8	0.00778	0.00579	0.00732	0.00770	0.00863	0.00569	0.00545	0.01048	0.07468	0.01701	0.24140	0.39831	0.07019	0.05362	0.05696	0.00262	0.00396	0.01213	0.00523	0.00505
9	0.05747	0.01209	0.01782	0.06580	0.01933	0.01198	0.15973	0.19824	0.01713	0.35827	0.01619	0.01600	0.01083	0.00620	0.00566	0.00174	0.00614	0.00547	0.00527	0.00865

[dist]
# distance from previous block
# <min> <max>
0	3

[block]
# block no. 3 follows, 43 sequences, length 11
# corresponding to MSA columns:
# 252-262
name=unknown_D
#
# <colnr> <probs for GDERKNQSTAVLIFYWHMCP>
#	G	D	E	R	K	N	Q	S	T	A	V	L	I	F	Y	W	H	M	C	P
0	0.12860	0.01190	0.01833	0.11972	0.35480	0.01288	0.04393	0.01729	0.01185	0.10819	0.01096	0.01365	0.00859	0.00588	0.00691	0.00180	0.10894	0.00480	0.00325	0.00773
1	0.01622	0.06559	0.13770	0.06510	0.18939	0.02512	0.03989	0.22067	0.04729	0.09514	0.02528	0.01426	0.00997	0.00595	0.00559	0.00168	0.01775	0.00493	0.00398	0.00848
2	0.00691	0.00500	0.00653	0.00748	0.00804	0.00462	0.00510	0.00815	0.01150	0.01544	0.14631	0.64142	0.08055	0.01623	0.00696	0.00215	0.00310	0.01463	0.00529	0.00462
3	0.20591	0.06945	0.33055	0.06564	0.06792	0.07255	0.07983	0.01730	0.01159	0.01848	0.00931	0.01137	0.00705	0.00518	0.00485	0.00169	0.00723	0.00405	0.00271	0.00732
4	0.01271	0.01420	0.16163	0.12041	0.03787	0.04273	0.15781	0.01616	0.01240	0.10823	0.04708	0.13913	0.01551	0.00812	0.00680	0.00191	0.05614	0.03051	0.00371	0.00693
5	0.01381	0.06419	0.05623	0.17855	0.07930	0.01267	0.19505	0.08706	0.01346	0.09773	0.01374	0.03367	0.02889	0.00934	0.07819	0.00243	0.01916	0.00574	0.00349	0.00730
6	0.00831	0.00653	0.01030	0.00985	0.01109	0.00707	0.06384	0.01033	0.00975	0.01362	0.01781	0.10185	0.01798	0.08358	0.51564	0.00680	0.01162	0.08560	0.00342	0.00501
7	0.01314	0.11004	0.01992	0.06106	0.01884	0.02652	0.24577	0.04591	0.05900	0.09033	0.12753	0.08564	0.05636	0.00771	0.00593	0.00176	0.00611	0.00730	0.00419	0.00695
8	0.01628	0.10644	0.12659	0.06594	0.05633	0.02999	0.18073	0.01968	0.01312	0.23386	0.01328	0.01442	0.00945	0.00561	0.00583	0.00166	0.03347	0.00500	0.00384	0.05847
9	0.01279	0.07271	0.43727	0.06140	0.02158	0.01299	0.06187	0.08600	0.03222	0.05442	0.03572	0.01505	0.01016	0.05412	0.00673	0.00194	0.00726	0.00486	0.00316	0.00775
10	0.12740	0.05695	0.01088	0.00898	0.01134	0.03520	0.05299	0.03056	0.06083	0.03336	0.03766	0.16054	0.10901	0.00988	0.00552	0.00181	0.00438	0.08556	0.13011	0.02704

[dist]
# distance from previous block
# <min> <max>
1	206

[block]
# block no. 4 follows, 43 sequences, length 6
# corresponding to MSA columns:
# 492-497
name=unknown_E
#
# <colnr> <probs for GDERKNQSTAVLIFYWHMCP>
#	G	D	E	R	K	N	Q	S	T	A	V	L	I	F	Y	W	H	M	C	P
0	0.10277	0.04916	0.01617	0.01228	0.01627	0.09544	0.08448	0.21403	0.12216	0.14888	0.01439	0.01464	0.01049	0.00730	0.03064	0.00188	0.00638	0.00494	0.00467	0.04303
1	0.01635	0.06918	0.09806	0.01482	0.10709	0.05915	0.05017	0.18034	0.03379	0.14144	0.01660	0.03877	0.03424	0.00735	0.00564	0.00173	0.00618	0.08176	0.00441	0.03292
2	0.03885	0.01240	0.01448	0.06225	0.09078	0.05040	0.03085	0.20561	0.17088	0.04900	0.05324	0.04788	0.05419	0.00722	0.00551	0.00167	0.00541	0.00602	0.00463	0.08872
3	0.06186	0.01400	0.04249	0.01108	0.01556	0.04921	0.00928	0.34534	0.06839	0.08551	0.01300	0.01329	0.00955	0.00585	0.00501	0.00145	0.00549	0.00445	0.00468	0.23453
4	0.00783	0.05599	0.00878	0.00913	0.06068	0.00630	0.00590	0.00898	0.01086	0.01414	0.03060	0.50149	0.15042	0.09175	0.00871	0.00238	0.00376	0.01279	0.00463	0.00487
5	0.84448	0.01071	0.00814	0.00728	0.01071	0.01242	0.00600	0.01628	0.00943	0.02485	0.00771	0.00900	0.00600	0.00514	0.00343	0.00171	0.00428	0.00300	0.00343	0.00600

[dist]
# distance from previous block
# <min> <max>
0	8

[block]
# block no. 5 follows, 43 sequences, length 14
# corresponding to MSA columns:
# 506-519
name=unknown_F
#
# <colnr> <probs for GDERKNQSTAVLIFYWHMCP>
#	G	D	E	R	K	N	Q	S	T	A	V	L	I	F	Y	W	H	M	C	P
0	0.01544	0.24078	0.01794	0.09052	0.03990	0.02637	0.00932	0.08493	0.04430	0.14012	0.06277	0.01484	0.01211	0.00578	0.00474	0.00139	0.00533	0.00451	0.00398	0.17494
1	0.00726	0.00519	0.00670	0.00754	0.00812	0.00490	0.00525	0.00847	0.01119	0.01492	0.11586	0.49380	0.07675	0.12109	0.00985	0.00261	0.00360	0.08738	0.00501	0.00450
2	0.03718	0.09420	0.02930	0.03507	0.01592	0.04692	0.02649	0.16131	0.10214	0.21381	0.01466	0.01458	0.01056	0.00610	0.00545	0.00154	0.02971	0.00470	0.00471	0.14566
3	0.01492	0.32947	0.09709	0.01068	0.01475	0.07512	0.02481	0.05003	0.04974	0.11088	0.06528	0.10583	0.01504	0.00727	0.00495	0.00156	0.00578	0.00574	0.00385	0.00721
4	0.01371	0.00998	0.01200	0.00937	0.01335	0.00887	0.02379	0.12164	0.04770	0.10629	0.05849	0.04746	0.06151	0.00697	0.00516	0.00136	0.00444	0.04098	0.00453	0.40238
5	0.15753	0.01407	0.09129	0.01119	0.01504	0.07514	0.03480	0.18253	0.03048	0.15377	0.13763	0.01789	0.01626	0.00702	0.00571	0.00172	0.03013	0.00545	0.00476	0.00759
6	0.01404	0.01172	0.01484	0.01253	0.01574	0.01248	0.09488	0.02409	0.44902	0.05596	0.13907	0.02371	0.02144	0.00830	0.00665	0.00200	0.03203	0.00696	0.00551	0.04902
7	0.01070	0.00987	0.01703	0.63542	0.03399	0.01174	0.08690	0.01438	0.01133	0.01517	0.01082	0.01539	0.00818	0.00555	0.00547	0.00179	0.00708	0.00511	0.08792	0.00618
8	0.01202	0.01151	0.01913	0.38139	0.34489	0.01321	0.01568	0.01526	0.01142	0.01572	0.00979	0.01401	0.00796	0.00577	0.00698	0.00183	0.09868	0.00492	0.00258	0.00725
9	0.00762	0.00595	0.00780	0.09872	0.01167	0.00600	0.00627	0.00971	0.05197	0.01452	0.03055	0.50523	0.13850	0.06867	0.00817	0.00234	0.00385	0.01285	0.00474	0.00487
10	0.00755	0.00562	0.00754	0.00818	0.00897	0.00560	0.00609	0.00917	0.01165	0.01573	0.15143	0.40595	0.08501	0.01803	0.08698	0.00287	0.03270	0.12112	0.00497	0.00482
11	0.09617	0.00856	0.00968	0.09920	0.01376	0.00907	0.00728	0.01681	0.21162	0.07064	0.11236	0.03195	0.27221	0.00961	0.00580	0.00183	0.00402	0.00797	0.00501	0.00645
12	0.01467	0.42116	0.02100	0.01029	0.01411	0.17385	0.00902	0.01695	0.03743	0.01404	0.00958	0.01153	0.00847	0.00987	0.10815	0.00225	0.00768	0.00363	0.00277	0.10352
13	0.00675	0.00482	0.00643	0.00771	0.00803	0.00450	0.00514	0.00771	0.01060	0.01414	0.03053	0.80175	0.03663	0.01735	0.00707	0.00225	0.00321	0.01574	0.00514	0.00450

[dist]
# distance from previous block
# <min> <max>
0	2

[block]
# block no. 6 follows, 43 sequences, length 22
# corresponding to MSA columns:
# 522-543
name=unknown_G
#
# <colnr> <probs for GDERKNQSTAVLIFYWHMCP>
#	G	D	E	R	K	N	Q	S	T	A	V	L	I	F	Y	W	H	M	C	P
0	0.01617	0.01136	0.01259	0.01096	0.01434	0.01256	0.00863	0.02890	0.59993	0.18545	0.02239	0.02027	0.01622	0.00737	0.00562	0.00184	0.00445	0.00611	0.00590	0.00891
1	0.00785	0.00562	0.00763	0.00854	0.00945	0.00540	0.00666	0.00980	0.01255	0.01685	0.18929	0.34336	0.03811	0.01523	0.00718	0.00226	0.00383	0.30014	0.00533	0.00489
2	0.01791	0.02192	0.01390	0.01269	0.01521	0.61514	0.00952	0.01960	0.01569	0.01542	0.17254	0.01676	0.01688	0.00692	0.00533	0.00149	0.00839	0.00496	0.00355	0.00616
3	0.19960	0.00954	0.01142	0.00942	0.01314	0.00921	0.00779	0.02325	0.05725	0.49264	0.01959	0.02124	0.01406	0.00738	0.00532	0.00181	0.00464	0.07863	0.00587	0.00821
4	0.01681	0.01401	0.01887	0.01454	0.01858	0.01520	0.16985	0.38489	0.14875	0.02724	0.05777	0.01648	0.01285	0.00681	0.00653	0.00179	0.04992	0.00582	0.00483	0.00846
5	0.00879	0.00634	0.00722	0.00651	0.00757	0.00580	0.00405	0.00933	0.00879	0.01232	0.01581	0.03090	0.01756	0.63233	0.02299	0.00439	0.00510	0.00702	0.00334	0.18387
6	0.01238	0.01038	0.01197	0.00863	0.01351	0.00830	0.00693	0.08324	0.01285	0.01963	0.01017	0.01165	0.00832	0.00434	0.00424	0.00090	0.00429	0.00344	0.00349	0.76135
7	0.01409	0.63618	0.02523	0.00920	0.01398	0.01878	0.00885	0.01601	0.01130	0.01411	0.00816	0.00945	0.00734	0.00460	0.00367	0.00111	0.00553	0.00303	0.00257	0.18681
8	0.00790	0.00602	0.00872	0.00886	0.00962	0.00691	0.00671	0.00955	0.00922	0.01309	0.01789	0.19016	0.01862	0.06073	0.54723	0.00698	0.05548	0.00806	0.00342	0.00486
9	0.01536	0.73528	0.02777	0.00993	0.01449	0.09335	0.00959	0.01710	0.01167	0.01308	0.00778	0.00899	0.00711	0.00483	0.00369	0.00121	0.00630	0.00302	0.00241	0.00704
10	0.00951	0.17885	0.01100	0.00678	0.00781	0.00894	0.00468	0.00990	0.00874	0.01123	0.01534	0.03033	0.01732	0.63246	0.02287	0.00447	0.00549	0.00695	0.00314	0.00417
11	0.24479	0.08793	0.01481	0.01058	0.01458	0.01548	0.00884	0.39575	0.06200	0.04844	0.03788	0.01324	0.01028	0.00627	0.00482	0.00165	0.00533	0.00451	0.00472	0.00809
12	0.05270	0.09273	0.01605	0.01243	0.05697	0.08129	0.00965	0.22407	0.12192	0.25231	0.01583	0.01513	0.01117	0.00640	0.00523	0.00164	0.00572	0.00493	0.00516	0.00867
13	0.01058	0.00727	0.00888	0.00791	0.01028	0.00644	0.00598	0.03813	0.03793	0.09468	0.21819	0.22396	0.10738	0.01083	0.00598	0.00168	0.00350	0.00944	0.00519	0.18577
14	0.05788	0.01109	0.01726	0.28263	0.22974	0.01129	0.05496	0.01520	0.01163	0.01709	0.00996	0.01327	0.00797	0.00491	0.00507	0.00150	0.00621	0.00446	0.00284	0.23504
15	0.01284	0.00966	0.01145	0.00831	0.01306	0.00738	0.00667	0.01523	0.01202	0.10355	0.01269	0.01366	0.03323	0.00473	0.00435	0.00096	0.00413	0.00381	0.00375	0.71855
16	0.21827	0.14449	0.20928	0.01184	0.01675	0.05429	0.05007	0.08488	0.07148	0.04498	0.01097	0.01259	0.00853	0.03310	0.00545	0.00177	0.00632	0.00418	0.00339	0.00738
17	0.01512	0.26139	0.02574	0.03718	0.02035	0.01746	0.25135	0.17339	0.01465	0.01929	0.01004	0.01236	0.00805	0.00575	0.00679	0.00168	0.10381	0.00484	0.00320	0.00756
18	0.00857	0.00634	0.00832	0.17578	0.01297	0.00687	0.00595	0.00937	0.00871	0.01148	0.01581	0.03160	0.01738	0.63264	0.02330	0.00461	0.00580	0.00738	0.00316	0.00396
19	0.01156	0.03214	0.03485	0.10057	0.14864	0.01029	0.05258	0.03871	0.04121	0.01793	0.04026	0.06033	0.03866	0.00776	0.03075	0.00178	0.04302	0.00570	0.09670	0.18655
20	0.01427	0.18466	0.02251	0.09802	0.36741	0.01526	0.05238	0.07793	0.03035	0.02996	0.01054	0.01311	0.00862	0.00535	0.00552	0.00160	0.03228	0.00464	0.01758	0.00800
21	0.05607	0.01547	0.24826	0.01274	0.04257	0.01078	0.05258	0.01904	0.17417	0.10040	0.07283	0.08168	0.07377	0.00792	0.00569	0.00182	0.00560	0.00674	0.00433	0.00754

[dist]
# distance from previous block
# <min> <max>
1	7

[block]
# block no. 7 follows, 43 sequences, length 16
# corresponding to MSA columns:
# 551-566
name=unknown_H
#
# <colnr> <probs for GDERKNQSTAVLIFYWHMCP>
#	G	D	E	R	K	N	Q	S	T	A	V	L	I	F	Y	W	H	M	C	P
0	0.01376	0.00770	0.00980	0.00879	0.01102	0.00750	0.00686	0.04322	0.06988	0.22550	0.14745	0.10681	0.02483	0.08323	0.04937	0.00254	0.01688	0.08422	0.04791	0.03276
1	0.08232	0.05199	0.04219	0.19005	0.11156	0.02919	0.10689	0.08698	0.04561	0.10441	0.01182	0.01402	0.00886	0.00589	0.00629	0.00176	0.06526	0.00492	0.00356	0.02645
2	0.04727	0.06156	0.11367	0.05354	0.04719	0.00975	0.05017	0.02952	0.02745	0.07360	0.07508	0.09066	0.12813	0.10204	0.00881	0.00225	0.02983	0.03918	0.00406	0.00624
3	0.01580	0.00827	0.01050	0.00875	0.01164	0.00775	0.00695	0.06179	0.07380	0.31945	0.33614	0.02910	0.05376	0.00895	0.00598	0.00172	0.00381	0.00761	0.00625	0.02194
4	0.00929	0.00673	0.00910	0.08712	0.01252	0.00684	0.00738	0.02804	0.01340	0.05512	0.25636	0.16723	0.11988	0.01246	0.00712	0.00204	0.03406	0.15472	0.00515	0.00544
5	0.05496	0.04976	0.01860	0.16649	0.08354	0.21059	0.13624	0.03977	0.01328	0.01646	0.05097	0.01634	0.05437	0.00643	0.00631	0.00172	0.05907	0.00532	0.00312	0.00666
6	0.04530	0.03871	0.09064	0.16840	0.04991	0.05737	0.03105	0.17201	0.01552	0.18462	0.01385	0.03274	0.01024	0.00807	0.04514	0.00208	0.00686	0.00513	0.01454	0.00781
7	0.00802	0.00576	0.00642	0.00616	0.00793	0.00503	0.00466	0.00991	0.01360	0.05051	0.26437	0.04567	0.46243	0.01231	0.00629	0.00178	0.00281	0.01041	0.07084	0.00508
8	0.01941	0.02303	0.01510	0.01360	0.01636	0.62038	0.01033	0.04936	0.05215	0.03713	0.01018	0.01171	0.00833	0.00827	0.05501	0.00197	0.03383	0.00400	0.00320	0.00663
9	0.05188	0.01534	0.12530	0.11685	0.02028	0.09692	0.07639	0.05998	0.05331	0.17126	0.01288	0.01453	0.00946	0.00773	0.03541	0.00208	0.11414	0.00495	0.00380	0.00751
10	0.01323	0.10865	0.02197	0.18459	0.06383	0.06238	0.19906	0.01612	0.01151	0.04440	0.01006	0.01370	0.00821	0.00788	0.04646	0.00220	0.17111	0.00507	0.00276	0.00681
11	0.00680	0.00489	0.00636	0.00751	0.00790	0.00455	0.00500	0.00774	0.01059	0.01402	0.03130	0.72289	0.07623	0.05581	0.00808	0.00238	0.00330	0.01514	0.00505	0.00445
12	0.10528	0.01238	0.01372	0.05076	0.01571	0.05486	0.00919	0.26197	0.01772	0.27209	0.04744	0.01594	0.01212	0.00683	0.00603	0.00172	0.05160	0.00511	0.03132	0.00822
13	0.01290	0.05867	0.59361	0.01437	0.02159	0.01263	0.01754	0.01908	0.05589	0.09818	0.01184	0.01285	0.00835	0.00550	0.00520	0.00170	0.00736	0.00430	0.00304	0.03539
14	0.00950	0.00700	0.00825	0.00802	0.00945	0.00697	0.00588	0.13111	0.01403	0.01864	0.14521	0.29247	0.15626	0.09934	0.03334	0.00256	0.00419	0.03732	0.00509	0.00537
15	0.07386	0.00840	0.00994	0.00872	0.01119	0.00825	0.00670	0.10370	0.04647	0.20678	0.10459	0.16305	0.04949	0.10555	0.00856	0.00225	0.00434	0.03450	0.00533	0.03834

[dist]
# distance from previous block
# <min> <max>
0	30

[block]
# block no. 8 follows, 43 sequences, length 14
# corresponding to MSA columns:
# 597-610
name=unknown_I
#
# <colnr> <probs for GDERKNQSTAVLIFYWHMCP>
#	G	D	E	R	K	N	Q	S	T	A	V	L	I	F	Y	W	H	M	C	P
0	0.08657	0.12952	0.04045	0.07689	0.05627	0.13942	0.03357	0.07392	0.03662	0.05190	0.05235	0.03207	0.01310	0.02511	0.00564	0.00169	0.00625	0.05945	0.00368	0.07553
1	0.26041	0.07455	0.04928	0.06667	0.01524	0.14687	0.00899	0.09072	0.03908	0.04783	0.04535	0.05120	0.05143	0.00705	0.00487	0.00169	0.00584	0.02242	0.00385	0.00664
2	0.00779	0.00536	0.00632	0.00646	0.00673	0.00530	0.00395	0.00825	0.00913	0.01222	0.06678	0.14027	0.05872	0.57043	0.06535	0.00476	0.00532	0.00927	0.00383	0.00378
3	0.02641	0.00576	0.00723	0.00778	0.00878	0.00550	0.00548	0.01055	0.05374	0.05798	0.12658	0.54786	0.08546	0.01495	0.00672	0.00210	0.00328	0.01335	0.00535	0.00515
4	0.03817	0.06622	0.35235	0.03829	0.01984	0.05551	0.05798	0.07718	0.01343	0.03376	0.06342	0.01557	0.01149	0.00598	0.00523	0.00162	0.00687	0.02786	0.00325	0.10598
5	0.01347	0.10255	0.27327	0.06762	0.26440	0.01439	0.04792	0.09024	0.04030	0.01897	0.01069	0.01285	0.00827	0.00531	0.00526	0.00166	0.00708	0.00457	0.00293	0.00825
6	0.00768	0.00546	0.00734	0.00845	0.00913	0.00528	0.00637	0.00921	0.01139	0.01509	0.05999	0.44219	0.03426	0.07890	0.00893	0.00258	0.00404	0.27404	0.00502	0.00466
7	0.00962	0.00481	0.00722	0.00722	0.00722	0.00481	0.00481	0.00722	0.00722	0.00962	0.00962	0.01684	0.00962	0.01924	0.02165	0.83886	0.00481	0.00481	0.00241	0.00241
8	0.07915	0.11142	0.22729	0.01291	0.04811	0.09021	0.01225	0.05037	0.06503	0.15372	0.01355	0.04997	0.01057	0.00728	0.02464	0.00186	0.02518	0.00491	0.00381	0.00775
9	0.06804	0.06490	0.05719	0.01065	0.01503	0.01180	0.00929	0.19704	0.04228	0.41255	0.04298	0.01674	0.01287	0.00665	0.00533	0.00168	0.00521	0.00521	0.00573	0.00884
10	0.00856	0.00581	0.00710	0.00698	0.00853	0.00518	0.00523	0.01044	0.01367	0.07620	0.31497	0.17612	0.28811	0.01308	0.00660	0.00190	0.00303	0.03761	0.00563	0.00523
11	0.10893	0.29074	0.08683	0.01036	0.01450	0.12785	0.00953	0.03424	0.01290	0.16051	0.03792	0.01403	0.01062	0.05222	0.00587	0.00170	0.00617	0.00424	0.00366	0.00719
12	0.06314	0.18539	0.40201	0.04693	0.07310	0.03893	0.01551	0.01804	0.01199	0.08161	0.01035	0.01178	0.00769	0.00529	0.00484	0.00162	0.00710	0.00400	0.00285	0.00784
13	0.01455	0.00975	0.06688	0.00916	0.01223	0.00831	0.00788	0.07260	0.04061	0.25360	0.22568	0.02980	0.15601	0.00932	0.00651	0.00178	0.03938	0.00767	0.02117	0.00712

[dist]
# distance from previous block
# <min> <max>
1	3

[block]
# block no. 9 follows, 43 sequences, length 14
# corresponding to MSA columns:
# 614-627
name=unknown_J
#
# <colnr> <probs for GDERKNQSTAVLIFYWHMCP>
#	G	D	E	R	K	N	Q	S	T	A	V	L	I	F	Y	W	H	M	C	P
0	0.10824	0.16489	0.03845	0.05603	0.11514	0.03913	0.14009	0.05322	0.03216	0.03210	0.01157	0.05209	0.00981	0.00574	0.00494	0.00156	0.00618	0.00500	0.03890	0.08476
1	0.00756	0.00563	0.00731	0.00797	0.00899	0.00504	0.00563	0.00885	0.01089	0.01486	0.02761	0.63670	0.03239	0.01539	0.00671	0.00208	0.00348	0.06969	0.00488	0.11834
2	0.01347	0.07810	0.11942	0.17287	0.22670	0.02702	0.11186	0.07513	0.02638	0.03733	0.01182	0.01614	0.00959	0.00583	0.00556	0.00174	0.00711	0.04308	0.00311	0.00771
3	0.05422	0.31814	0.43570	0.01325	0.01983	0.01625	0.03900	0.01713	0.01146	0.01623	0.00903	0.01061	0.00704	0.00504	0.00457	0.00154	0.00718	0.00369	0.00242	0.00765
4	0.01466	0.00756	0.00860	0.00742	0.00980	0.00750	0.00585	0.09666	0.04653	0.18952	0.07671	0.02106	0.01664	0.00699	0.00471	0.00148	0.00351	0.00566	0.46242	0.00673
5	0.01281	0.10929	0.46008	0.01459	0.02096	0.05452	0.07313	0.08694	0.01352	0.01867	0.05302	0.03564	0.01073	0.00599	0.00531	0.00169	0.00747	0.00488	0.00300	0.00777
6	0.00780	0.00562	0.00699	0.00665	0.00804	0.00514	0.00498	0.01022	0.01495	0.02100	0.61158	0.04189	0.15950	0.01143	0.00637	0.00173	0.00264	0.00997	0.05838	0.00514
7	0.00794	0.00584	0.00843	0.00843	0.00925	0.00667	0.00633	0.00959	0.00876	0.01251	0.01527	0.02415	0.01489	0.16779	0.65858	0.00832	0.01327	0.00628	0.00303	0.00468
8	0.01951	0.01474	0.01575	0.01243	0.01659	0.01645	0.01015	0.59881	0.18210	0.03241	0.01526	0.01486	0.01101	0.00683	0.00556	0.00171	0.00573	0.00526	0.00556	0.00928
9	0.00827	0.00612	0.00889	0.00877	0.00952	0.00713	0.00666	0.00968	0.00867	0.01242	0.01435	0.02248	0.01389	0.12150	0.60699	0.06705	0.05399	0.00603	0.00294	0.00465
10	0.01204	0.05245	0.05372	0.00897	0.01184	0.06309	0.02938	0.07166	0.01504	0.10514	0.24649	0.03386	0.25446	0.00999	0.00601	0.00172	0.00440	0.00836	0.00511	0.00628
11	0.01252	0.01105	0.01192	0.00908	0.01338	0.06315	0.00721	0.07361	0.01267	0.01852	0.01057	0.01264	0.00884	0.00850	0.08918	0.00181	0.00585	0.00373	0.00340	0.62236
12	0.06691	0.36989	0.21595	0.03178	0.03615	0.05466	0.01219	0.01760	0.01184	0.06947	0.00958	0.01081	0.00760	0.00508	0.00433	0.00142	0.00645	0.00359	0.00284	0.06184
13	0.09535	0.06503	0.03331	0.00909	0.01134	0.02568	0.00768	0.01440	0.01253	0.13247	0.10906	0.07958	0.02484	0.09745	0.00856	0.00239	0.00485	0.25567	0.00480	0.00590

[dist]
# distance from previous block
# <min> <max>
5	68

[block]
# block no. 10 follows, 43 sequences, length 11
# corresponding to MSA columns:
# 702-712
name=unknown_K
#
# <colnr> <probs for GDERKNQSTAVLIFYWHMCP>
#	G	D	E	R	K	N	Q	S	T	A	V	L	I	F	Y	W	H	M	C	P
0	0.00832	0.00656	0.00792	0.03100	0.01019	0.00671	0.00610	0.01253	0.17003	0.01615	0.03119	0.52663	0.11622	0.01454	0.00666	0.00212	0.00354	0.01295	0.00517	0.00547
1	0.01022	0.00627	0.00955	0.17395	0.01414	0.00685	0.00726	0.03586	0.00872	0.01150	0.00980	0.01627	0.00914	0.01587	0.01764	0.63073	0.00540	0.00484	0.00253	0.00346
2	0.02144	0.01475	0.01554	0.01215	0.01638	0.06586	0.00994	0.51079	0.06307	0.18981	0.01530	0.01466	0.01058	0.00668	0.00552	0.00167	0.00597	0.00509	0.00565	0.00919
3	0.01171	0.00645	0.00773	0.00712	0.00823	0.00620	0.00470	0.01285	0.03815	0.17363	0.02065	0.07412	0.04609	0.53527	0.02063	0.00417	0.00499	0.00801	0.00434	0.00495
4	0.08979	0.19009	0.01796	0.01267	0.01578	0.50447	0.01013	0.01986	0.01373	0.01440	0.00822	0.00981	0.00704	0.00572	0.00543	0.00147	0.06070	0.00347	0.00277	0.00651
5	0.00815	0.00620	0.00904	0.00891	0.00974	0.00729	0.00683	0.00988	0.00879	0.01267	0.01470	0.02272	0.01414	0.11764	0.66609	0.00820	0.05509	0.00609	0.00298	0.00484
6	0.00866	0.00627	0.00723	0.00666	0.00773	0.00571	0.00420	0.00927	0.00902	0.01261	0.01707	0.10300	0.01915	0.56123	0.02109	0.00411	0.00490	0.00776	0.00351	0.18082
7	0.00769	0.00533	0.00624	0.00659	0.00689	0.00518	0.00411	0.00816	0.00925	0.01214	0.02420	0.20158	0.08871	0.52664	0.02072	0.00425	0.00468	0.04985	0.00398	0.00381
8	0.00935	0.00718	0.00900	0.00859	0.00997	0.00786	0.00648	0.01411	0.17059	0.01802	0.24932	0.06924	0.02762	0.07283	0.21337	0.02783	0.03461	0.00783	0.03051	0.00568
9	0.01982	0.09005	0.01716	0.01346	0.01675	0.47043	0.01063	0.21729	0.01770	0.01923	0.00969	0.01090	0.00775	0.00609	0.00573	0.00152	0.05107	0.00397	0.00351	0.00727
10	0.01470	0.01305	0.02001	0.14561	0.47595	0.01371	0.01507	0.17250	0.01519	0.02105	0.01092	0.01372	0.00868	0.00537	0.00546	0.00166	0.00653	0.00490	0.00331	0.03261

[dist]
# distance from previous block
# <min> <max>
0	2

[block]
# block no. 11 follows, 43 sequences, length 20
# corresponding to MSA columns:
# 715,716,724-741
name=unknown_L
#
# <colnr> <probs for GDERKNQSTAVLIFYWHMCP>
#	G	D	E	R	K	N	Q	S	T	A	V	L	I	F	Y	W	H	M	C	P
0	0.01613	0.02784	0.09718	0.05405	0.01679	0.14565	0.01095	0.15489	0.05352	0.11748	0.08030	0.04803	0.01492	0.00782	0.00714	0.00181	0.10179	0.03200	0.00433	0.00740
1	0.11102	0.01016	0.06859	0.04217	0.03932	0.00916	0.12343	0.04600	0.01228	0.03013	0.06900	0.29257	0.02292	0.01082	0.00641	0.00202	0.01780	0.07593	0.00425	0.00604
2	0.01330	0.01251	0.02089	0.20487	0.57081	0.01315	0.01634	0.04945	0.01287	0.01796	0.01042	0.01393	0.00849	0.00515	0.00550	0.00169	0.00674	0.00493	0.00280	0.00821
3	0.01208	0.01138	0.01870	0.34677	0.37386	0.01210	0.01506	0.01544	0.01183	0.01644	0.01011	0.01388	0.00812	0.00508	0.00534	0.00163	0.00661	0.00473	0.00269	0.10812
4	0.00736	0.00613	0.00744	0.10125	0.01152	0.00576	0.00597	0.00930	0.01294	0.01627	0.18380	0.07657	0.48283	0.01267	0.00648	0.00188	0.00343	0.03842	0.00500	0.00497
5	0.10843	0.00581	0.00696	0.00741	0.00844	0.00570	0.00527	0.00966	0.01215	0.01811	0.27259	0.45341	0.03811	0.01387	0.00645	0.00202	0.00314	0.01230	0.00525	0.00492
6	0.10895	0.00622	0.00781	0.00789	0.00886	0.00689	0.00575	0.00994	0.00902	0.01402	0.01684	0.13678	0.01761	0.20460	0.40722	0.00627	0.00975	0.00748	0.00343	0.00465
7	0.10900	0.00596	0.00649	0.00664	0.00719	0.00609	0.00422	0.00916	0.00903	0.01355	0.03967	0.17022	0.02261	0.52179	0.02020	0.00418	0.00477	0.03142	0.00381	0.00398
8	0.01511	0.01137	0.01277	0.01130	0.01433	0.01279	0.00906	0.10527	0.47567	0.10450	0.02159	0.02433	0.01712	0.00839	0.00642	0.00194	0.04021	0.09394	0.00555	0.00834
9	0.01032	0.00516	0.00516	0.00516	0.00645	0.00516	0.00387	0.01290	0.01161	0.02065	0.01807	0.02065	0.01420	0.00645	0.00387	0.00129	0.00258	0.00516	0.83611	0.00516
10	0.01027	0.01026	0.10183	0.00953	0.01225	0.00847	0.00857	0.08672	0.10480	0.01997	0.15692	0.07518	0.17074	0.01117	0.00635	0.00196	0.00444	0.16296	0.03136	0.00626
11	0.01638	0.01407	0.15769	0.01204	0.01606	0.01169	0.05091	0.13279	0.06363	0.21139	0.01537	0.01603	0.01101	0.00672	0.00681	0.00175	0.10107	0.00514	0.14151	0.00793
12	0.01335	0.01356	0.10978	0.29112	0.23432	0.01266	0.03238	0.04268	0.10102	0.07612	0.01259	0.01507	0.00943	0.00569	0.00553	0.00177	0.00670	0.00507	0.00335	0.00783
13	0.24445	0.01152	0.01153	0.02599	0.01365	0.04151	0.00832	0.25143	0.03275	0.04255	0.01803	0.04855	0.06341	0.00849	0.00539	0.00185	0.00517	0.13401	0.00465	0.02675
14	0.02739	0.03599	0.01441	0.18017	0.10707	0.01010	0.05789	0.07036	0.01272	0.07153	0.02012	0.13233	0.10154	0.01260	0.09987	0.00268	0.00668	0.00743	0.02264	0.00649
15	0.13973	0.08487	0.01261	0.04067	0.01317	0.03092	0.02680	0.08310	0.15788	0.05326	0.03434	0.09022	0.03936	0.11409	0.05338	0.00264	0.00561	0.00652	0.00426	0.00656
16	0.04644	0.03823	0.05077	0.07221	0.01673	0.03852	0.03308	0.19593	0.04195	0.08387	0.01347	0.03626	0.01098	0.01074	0.09037	0.00251	0.10083	0.02293	0.02699	0.06720
17	0.03276	0.17106	0.05208	0.05725	0.01462	0.02132	0.06180	0.02458	0.04758	0.06094	0.17365	0.04991	0.06773	0.01003	0.04846	0.00208	0.02309	0.03009	0.04455	0.00640
18	0.06478	0.07504	0.05056	0.05287	0.04441	0.01127	0.00913	0.06148	0.16393	0.01875	0.05077	0.02296	0.01572	0.06110	0.11110	0.00291	0.01635	0.08104	0.00399	0.08184
19	0.04191	0.22052	0.18903	0.03196	0.01749	0.07169	0.03630	0.06294	0.03085	0.10540	0.01207	0.03341	0.00975	0.00613	0.00536	0.00158	0.03489	0.02450	0.00345	0.06076

[dist]
# distance from previous block
# <min> <max>
21	249

# created by:
# /home/berkeley/.conda/envs/busco_data_prod/bin/msa2prfl.pl pipeline/OGs_align_augustus/33634/7707.fs
