[name]
unknown

[dist]
# distance from previous block
# <min> <max>
62	440

[block]
# block no. 0 follows, 37 sequences, length 52
# corresponding to MSA columns:
# 734-759,784,787-794,797-813
name=unknown_A
#
# <colnr> <probs for GDERKNQSTAVLIFYWHMCP>
#	G	D	E	R	K	N	Q	S	T	A	V	L	I	F	Y	W	H	M	C	P
0	0.07284	0.03479	0.22078	0.03025	0.03878	0.05064	0.02884	0.10206	0.08030	0.11950	0.09570	0.01854	0.01569	0.00710	0.00586	0.00183	0.00664	0.00570	0.00464	0.05954
1	0.06657	0.10069	0.27361	0.05092	0.03547	0.05970	0.04572	0.02147	0.07243	0.13305	0.05553	0.01656	0.01274	0.00659	0.00570	0.00184	0.00724	0.00527	0.00406	0.02486
2	0.03354	0.07218	0.14704	0.02034	0.21797	0.06604	0.04716	0.08626	0.06135	0.06483	0.04116	0.06086	0.01354	0.00707	0.00595	0.00183	0.00708	0.00606	0.00403	0.03571
3	0.05419	0.17969	0.23311	0.01466	0.06669	0.08749	0.01388	0.07629	0.03290	0.03588	0.02920	0.01495	0.03497	0.00628	0.00530	0.00165	0.00719	0.00472	0.00353	0.09742
4	0.04209	0.08795	0.15955	0.03926	0.03477	0.09467	0.01246	0.15780	0.06690	0.04002	0.04499	0.03210	0.03923	0.00706	0.00564	0.00171	0.00681	0.00548	0.00425	0.11726
5	0.04046	0.09237	0.10728	0.01755	0.14600	0.09983	0.02673	0.09196	0.12368	0.15027	0.03413	0.01667	0.01259	0.00674	0.00580	0.00182	0.00695	0.00543	0.00464	0.00913
6	0.03742	0.06487	0.14737	0.01397	0.07799	0.03150	0.01185	0.09556	0.07287	0.09706	0.07635	0.02098	0.05881	0.03596	0.00702	0.00191	0.02266	0.00604	0.00456	0.11526
7	0.05728	0.18765	0.22583	0.03441	0.11402	0.03749	0.03294	0.09783	0.04769	0.02127	0.04467	0.01463	0.01114	0.00617	0.00543	0.00173	0.00719	0.00486	0.00354	0.04423
8	0.01625	0.31293	0.09237	0.01620	0.11734	0.06426	0.05064	0.08497	0.05911	0.03377	0.01358	0.03636	0.03010	0.00646	0.00528	0.00164	0.00698	0.00511	0.00359	0.04306
9	0.03591	0.11346	0.46622	0.01514	0.02245	0.01413	0.04245	0.02041	0.01362	0.13249	0.02673	0.02969	0.01054	0.00636	0.00569	0.00185	0.00778	0.00505	0.00357	0.02647
10	0.01608	0.06921	0.11651	0.02934	0.46344	0.01468	0.08464	0.02005	0.01413	0.09492	0.01263	0.01522	0.00985	0.00568	0.00600	0.00183	0.00752	0.00543	0.00342	0.00943
11	0.03397	0.18520	0.26518	0.01330	0.01940	0.03025	0.01409	0.11088	0.01599	0.19714	0.01463	0.01552	0.01056	0.00654	0.00549	0.00177	0.00702	0.01656	0.02745	0.00906
12	0.01633	0.03627	0.16189	0.18243	0.02349	0.07492	0.01353	0.09502	0.04715	0.12636	0.03453	0.04096	0.01255	0.00702	0.00585	0.00183	0.00702	0.00568	0.04353	0.06363
13	0.01131	0.01054	0.01767	0.72344	0.04012	0.01307	0.01631	0.01520	0.01221	0.01564	0.01228	0.06322	0.01014	0.00692	0.00622	0.00207	0.00788	0.00617	0.00290	0.00669
14	0.01523	0.01315	0.01384	0.01246	0.01592	0.01523	0.00969	0.03253	0.73563	0.02561	0.02491	0.02284	0.01869	0.00830	0.00623	0.00208	0.00484	0.00692	0.00623	0.00969
15	0.00794	0.00619	0.00720	0.00704	0.00872	0.00545	0.00525	0.01011	0.01548	0.02038	0.39123	0.08668	0.37792	0.01423	0.00725	0.00202	0.00302	0.01223	0.00620	0.00545
16	0.00890	0.00593	0.00668	0.00668	0.00668	0.00593	0.00371	0.00890	0.00890	0.01187	0.01929	0.04006	0.02225	0.78487	0.03116	0.00593	0.00593	0.00890	0.00371	0.00371
17	0.00850	0.00625	0.00795	0.00753	0.00904	0.00571	0.00565	0.01123	0.01694	0.02362	0.66435	0.04726	0.13745	0.01286	0.00722	0.00194	0.00291	0.01128	0.00662	0.00571
18	0.82811	0.01184	0.00900	0.00805	0.01184	0.01373	0.00663	0.01799	0.01042	0.02746	0.00852	0.00994	0.00663	0.00568	0.00379	0.00189	0.00474	0.00331	0.00379	0.00663
19	0.02287	0.02917	0.01735	0.01577	0.01892	0.76030	0.01183	0.02444	0.01735	0.01498	0.00946	0.01104	0.00788	0.00631	0.00552	0.00158	0.01104	0.00394	0.00315	0.00710
20	0.00810	0.00583	0.00768	0.00808	0.00902	0.00540	0.00573	0.01015	0.01473	0.02041	0.41451	0.38646	0.04975	0.01560	0.00749	0.00219	0.00320	0.01400	0.00625	0.00540
21	0.01837	0.01424	0.01574	0.01176	0.01691	0.01397	0.00960	0.39680	0.02132	0.02994	0.01293	0.01377	0.00979	0.00604	0.00539	0.00141	0.00572	0.00464	0.00497	0.38671
22	0.00928	0.00729	0.00939	0.03729	0.03481	0.00707	0.00706	0.01262	0.09018	0.01812	0.09792	0.48164	0.05863	0.01498	0.00715	0.00219	0.00399	0.01343	0.00546	0.08151
23	0.01692	0.24169	0.26490	0.01439	0.02070	0.01830	0.03986	0.20370	0.06533	0.04023	0.01253	0.01347	0.00943	0.00623	0.00544	0.00175	0.00741	0.00472	0.00389	0.00911
24	0.02133	0.00989	0.01253	0.01023	0.01408	0.00917	0.00821	0.02566	0.12068	0.48321	0.02951	0.02764	0.12549	0.03763	0.03380	0.00237	0.00526	0.00739	0.00681	0.00911
25	0.01648	0.01424	0.01612	0.01665	0.13173	0.04158	0.01136	0.09267	0.51672	0.04143	0.02131	0.02043	0.01606	0.00768	0.00617	0.00199	0.00563	0.00644	0.00564	0.00968
26	0.01541	0.01295	0.02136	0.21813	0.16228	0.01322	0.15146	0.05744	0.05872	0.10126	0.01521	0.01772	0.03018	0.00626	0.00620	0.00186	0.00729	0.00598	0.00396	0.09312
27	0.01688	0.01516	0.05873	0.03121	0.55851	0.03387	0.01704	0.02110	0.04861	0.11848	0.01377	0.01606	0.01071	0.00592	0.00605	0.00184	0.00707	0.00553	0.00377	0.00969
28	0.04335	0.30047	0.09794	0.04324	0.09822	0.01820	0.03844	0.09418	0.11783	0.07257	0.01340	0.01434	0.01039	0.00618	0.00526	0.00171	0.00670	0.00482	0.00395	0.00882
29	0.00761	0.00571	0.00706	0.00779	0.00877	0.00516	0.00543	0.00910	0.01324	0.01737	0.16144	0.47189	0.22294	0.01711	0.00756	0.00228	0.00332	0.01518	0.00586	0.00516
30	0.01736	0.01379	0.04520	0.02685	0.41442	0.01282	0.08474	0.04069	0.01532	0.18096	0.04932	0.01930	0.03762	0.00661	0.00628	0.00188	0.00682	0.00626	0.00436	0.00938
31	0.01884	0.01602	0.02215	0.06548	0.26190	0.09791	0.11716	0.13780	0.05157	0.12865	0.01437	0.01607	0.01069	0.00630	0.00620	0.00187	0.00768	0.00572	0.00436	0.00926
32	0.01059	0.00855	0.01146	0.01095	0.01139	0.01023	0.00829	0.01172	0.01072	0.04066	0.02242	0.28452	0.05010	0.15290	0.03547	0.00333	0.27263	0.03421	0.00429	0.00558
33	0.00890	0.00593	0.00668	0.00668	0.00668	0.00593	0.00371	0.00890	0.00890	0.01187	0.01929	0.04006	0.02225	0.78487	0.03116	0.00593	0.00593	0.00890	0.00371	0.00371
34	0.02049	0.01429	0.01854	0.07069	0.18971	0.01509	0.01291	0.32179	0.06092	0.16651	0.01657	0.03722	0.01226	0.00724	0.00617	0.00189	0.00648	0.00601	0.00544	0.00981
35	0.06843	0.06899	0.09468	0.03888	0.08586	0.01431	0.03577	0.21557	0.03658	0.09273	0.08259	0.01750	0.01451	0.00686	0.00575	0.00174	0.00625	0.00557	0.00477	0.10268
36	0.01056	0.00588	0.00652	0.00650	0.00766	0.00602	0.00471	0.01288	0.01196	0.01999	0.04362	0.02642	0.01806	0.13251	0.11438	0.00331	0.00522	0.00650	0.55194	0.00537
37	0.82811	0.01184	0.00900	0.00805	0.01184	0.01373	0.00663	0.01799	0.01042	0.02746	0.00852	0.00994	0.00663	0.00568	0.00379	0.00189	0.00474	0.00331	0.00379	0.00663
38	0.06562	0.08751	0.10119	0.02827	0.48090	0.01475	0.01660	0.01944	0.01369	0.07206	0.01188	0.01442	0.00950	0.00561	0.00565	0.00176	0.00700	0.00501	0.00333	0.03579
39	0.00838	0.00625	0.00779	0.00741	0.00897	0.00566	0.00555	0.01101	0.01666	0.02297	0.60907	0.04833	0.19313	0.01310	0.00722	0.00195	0.00293	0.01143	0.00653	0.00566
40	0.01370	0.04325	0.53730	0.01764	0.06819	0.01416	0.04505	0.07666	0.01454	0.04454	0.01487	0.01634	0.05356	0.00653	0.00596	0.00192	0.00825	0.00530	0.00327	0.00895
41	0.02288	0.01764	0.01779	0.01396	0.01846	0.09140	0.01141	0.58624	0.02618	0.06982	0.01457	0.01478	0.01044	0.00735	0.00642	0.00183	0.02906	0.00539	0.02454	0.00987
42	0.01565	0.00911	0.01128	0.00963	0.01248	0.00886	0.00757	0.09250	0.08699	0.21540	0.37645	0.04984	0.05735	0.01051	0.00675	0.00194	0.00410	0.00900	0.00679	0.00781
43	0.01156	0.01088	0.01836	0.77016	0.04216	0.01360	0.01700	0.01564	0.01224	0.01564	0.01088	0.01632	0.00816	0.00612	0.00612	0.00204	0.00816	0.00544	0.00272	0.00680
44	0.00791	0.00592	0.00759	0.00894	0.03522	0.00549	0.00577	0.00912	0.01212	0.01593	0.06826	0.51672	0.15620	0.10255	0.01021	0.00275	0.00384	0.01499	0.00542	0.00507
45	0.01156	0.01088	0.01836	0.77016	0.04216	0.01360	0.01700	0.01564	0.01224	0.01564	0.01088	0.01632	0.00816	0.00612	0.00612	0.00204	0.00816	0.00544	0.00272	0.00680
46	0.09426	0.01514	0.01638	0.01324	0.01676	0.05364	0.02694	0.41678	0.02095	0.02926	0.01349	0.01649	0.01086	0.06392	0.07314	0.00289	0.09686	0.00557	0.00488	0.00853
47	0.00860	0.00630	0.00818	0.00878	0.00980	0.00609	0.00640	0.01146	0.05828	0.01955	0.27399	0.40932	0.04445	0.01601	0.00758	0.00231	0.00363	0.08758	0.00607	0.00560
48	0.01568	0.01064	0.01292	0.00948	0.01462	0.00832	0.00764	0.01831	0.01362	0.17413	0.01387	0.01480	0.01056	0.00658	0.03055	0.00142	0.00508	0.00426	0.00445	0.62310
49	0.01067	0.00831	0.00952	0.00876	0.01093	0.00833	0.00668	0.08034	0.13312	0.02363	0.35976	0.08645	0.20476	0.01245	0.00700	0.00201	0.00365	0.01069	0.00629	0.00665
50	0.02403	0.01293	0.06064	0.01233	0.01722	0.01132	0.03540	0.09373	0.11553	0.51594	0.02215	0.01990	0.01453	0.00746	0.00618	0.00192	0.00572	0.00614	0.00679	0.01016
51	0.70368	0.01241	0.01016	0.00888	0.01275	0.01431	0.00728	0.08451	0.05660	0.02838	0.01010	0.01118	0.00772	0.00600	0.00415	0.00190	0.00493	0.00374	0.00415	0.00717

[dist]
# distance from previous block
# <min> <max>
7	21

[block]
# block no. 1 follows, 37 sequences, length 16
# corresponding to MSA columns:
# 842-857
name=unknown_B
#
# <colnr> <probs for GDERKNQSTAVLIFYWHMCP>
#	G	D	E	R	K	N	Q	S	T	A	V	L	I	F	Y	W	H	M	C	P
0	0.02023	0.22435	0.02226	0.01696	0.11041	0.39031	0.01233	0.10080	0.01691	0.01811	0.01006	0.01165	0.00839	0.00604	0.00524	0.00157	0.00891	0.00414	0.00333	0.00800
1	0.01356	0.07439	0.11270	0.02145	0.02736	0.01478	0.50592	0.01835	0.01427	0.01931	0.05938	0.01992	0.05590	0.00631	0.00682	0.00199	0.00901	0.00720	0.00338	0.00798
2	0.01833	0.07640	0.02212	0.08708	0.27481	0.31954	0.05144	0.04588	0.01563	0.01782	0.01056	0.01324	0.00870	0.00589	0.00575	0.00172	0.00897	0.00477	0.00314	0.00821
3	0.00756	0.00552	0.00715	0.00841	0.00901	0.00510	0.00579	0.00877	0.01210	0.01587	0.03684	0.66207	0.11909	0.01864	0.00778	0.00246	0.00361	0.05352	0.00568	0.00503
4	0.01124	0.00804	0.01248	0.01104	0.01333	0.00753	0.09376	0.01434	0.01619	0.08356	0.41800	0.04590	0.04272	0.01230	0.00744	0.00216	0.00466	0.18277	0.00610	0.00643
5	0.01337	0.01249	0.02144	0.16115	0.41708	0.01290	0.06911	0.01703	0.01371	0.01885	0.01578	0.02659	0.01466	0.00792	0.00665	0.00208	0.00732	0.15011	0.00352	0.00824
6	0.01549	0.01447	0.02390	0.08883	0.64159	0.01481	0.01813	0.07118	0.01492	0.02106	0.01170	0.01520	0.00964	0.00564	0.00607	0.00184	0.00730	0.00546	0.00324	0.00954
7	0.00866	0.00626	0.00818	0.00770	0.00914	0.00578	0.00578	0.01155	0.01733	0.02455	0.74346	0.04572	0.05776	0.01251	0.00722	0.00193	0.00289	0.01107	0.00674	0.00578
8	0.01341	0.00802	0.00849	0.00759	0.00970	0.00832	0.00590	0.15370	0.01651	0.02612	0.10621	0.02399	0.01973	0.00782	0.00500	0.00157	0.00362	0.00631	0.56136	0.00664
9	0.02264	0.01079	0.01366	0.01089	0.01497	0.01025	0.00884	0.11103	0.08695	0.47429	0.14382	0.02446	0.02207	0.00845	0.00634	0.00191	0.00497	0.00698	0.00713	0.00957
10	0.01783	0.02136	0.01503	0.06986	0.01813	0.48128	0.01081	0.01965	0.01545	0.01528	0.01877	0.02127	0.12492	0.01104	0.06120	0.00236	0.04471	0.02089	0.00356	0.00660
11	0.01386	0.01278	0.01989	0.12027	0.43271	0.01349	0.01530	0.01995	0.15555	0.02007	0.01656	0.10264	0.01473	0.00764	0.00630	0.00197	0.00649	0.00708	0.00392	0.00881
12	0.17998	0.01595	0.01859	0.05018	0.26103	0.12214	0.03468	0.12143	0.01620	0.10515	0.01250	0.01418	0.00947	0.00615	0.00559	0.00183	0.00713	0.00495	0.00414	0.00874
13	0.01329	0.01002	0.01413	0.01372	0.08104	0.00981	0.08403	0.06813	0.10209	0.10209	0.03277	0.18513	0.19827	0.01196	0.00698	0.00213	0.00518	0.04635	0.00548	0.00740
14	0.00877	0.00673	0.00914	0.01109	0.09121	0.00638	0.00674	0.01035	0.01282	0.01732	0.16954	0.35899	0.10701	0.14189	0.01128	0.00283	0.00419	0.01299	0.00527	0.00547
15	0.01703	0.17228	0.01797	0.01205	0.01576	0.11095	0.00987	0.17891	0.21643	0.02427	0.10890	0.05432	0.01923	0.00824	0.00585	0.00180	0.00609	0.00649	0.00512	0.00844

[dist]
# distance from previous block
# <min> <max>
0	14

[block]
# block no. 2 follows, 37 sequences, length 23
# corresponding to MSA columns:
# 872-894
name=unknown_C
#
# <colnr> <probs for GDERKNQSTAVLIFYWHMCP>
#	G	D	E	R	K	N	Q	S	T	A	V	L	I	F	Y	W	H	M	C	P
0	0.01554	0.20304	0.17288	0.01598	0.09970	0.07141	0.03051	0.05094	0.16870	0.03061	0.03823	0.01619	0.01258	0.00656	0.00549	0.00175	0.00691	0.00519	0.03914	0.00863
1	0.14681	0.09654	0.01642	0.01261	0.06280	0.01190	0.04873	0.02313	0.03891	0.35865	0.04440	0.05105	0.04644	0.00776	0.00575	0.00187	0.00545	0.00635	0.00566	0.00875
2	0.04062	0.01256	0.01992	0.20050	0.40733	0.01340	0.01566	0.01856	0.08348	0.02028	0.09321	0.01936	0.01540	0.00667	0.00614	0.00191	0.00668	0.00614	0.00370	0.00849
3	0.01675	0.43743	0.02490	0.04041	0.04125	0.05223	0.01083	0.09794	0.13431	0.01952	0.01229	0.01317	0.01008	0.00602	0.00481	0.00152	0.00643	0.00433	0.00371	0.06209
4	0.01850	0.01627	0.01529	0.01272	0.01613	0.14890	0.00996	0.30808	0.11351	0.02652	0.06310	0.01987	0.01532	0.09666	0.00953	0.00228	0.04270	0.00605	0.00507	0.05353
5	0.01304	0.00741	0.00956	0.00842	0.01062	0.00704	0.04551	0.01623	0.04119	0.12989	0.16368	0.06450	0.07143	0.03518	0.00661	0.00189	0.00385	0.00805	0.34933	0.00657
6	0.01799	0.02176	0.01847	0.01572	0.01881	0.44303	0.11774	0.02007	0.01549	0.01591	0.01845	0.02005	0.13010	0.00814	0.00764	0.00185	0.09231	0.00608	0.00351	0.00691
7	0.29982	0.01090	0.01243	0.00992	0.01434	0.01061	0.00819	0.02580	0.01510	0.50483	0.01883	0.01713	0.01225	0.00693	0.00535	0.00189	0.00505	0.00519	0.00629	0.00913
8	0.00875	0.00653	0.00969	0.00969	0.01074	0.00757	0.00747	0.01084	0.00980	0.01410	0.01653	0.02477	0.01562	0.07947	0.72748	0.00966	0.01592	0.00666	0.00330	0.00539
9	0.00852	0.00620	0.00802	0.00768	0.00908	0.00569	0.00571	0.01122	0.01680	0.02359	0.66478	0.09305	0.09053	0.01308	0.00726	0.00197	0.00294	0.01156	0.00662	0.00569
10	0.01131	0.00839	0.01029	0.04421	0.01264	0.00862	0.00739	0.01776	0.19536	0.05998	0.47390	0.03788	0.06564	0.01103	0.00687	0.00197	0.00374	0.00960	0.00643	0.00700
11	0.00889	0.00600	0.00699	0.00699	0.00710	0.00610	0.00410	0.00910	0.00899	0.01210	0.01900	0.03847	0.02157	0.71170	0.10339	0.00632	0.00697	0.00867	0.00367	0.00388
12	0.03606	0.01417	0.14922	0.01658	0.14505	0.01052	0.04321	0.03273	0.01544	0.22105	0.16315	0.08564	0.02292	0.00868	0.00641	0.00195	0.00590	0.00761	0.00523	0.00848
13	0.01786	0.27793	0.17575	0.03989	0.05367	0.10956	0.01390	0.15273	0.03377	0.05406	0.01162	0.01280	0.00900	0.00610	0.00525	0.00166	0.00764	0.00443	0.00367	0.00870
14	0.01329	0.03489	0.23579	0.01671	0.15174	0.01107	0.01382	0.01734	0.01431	0.09015	0.16289	0.05400	0.04489	0.00820	0.00646	0.00186	0.02418	0.00695	0.03133	0.06012
15	0.03103	0.23145	0.20032	0.02450	0.03652	0.02693	0.03090	0.10868	0.03299	0.19877	0.01428	0.01456	0.01024	0.00632	0.00544	0.00174	0.00698	0.00483	0.00438	0.00913
16	0.08919	0.04673	0.01664	0.01248	0.01696	0.01670	0.01031	0.48071	0.06963	0.10299	0.01583	0.01574	0.01132	0.00719	0.00573	0.00181	0.00604	0.00540	0.05896	0.00964
17	0.01101	0.00680	0.00862	0.00785	0.00977	0.00612	0.00594	0.01348	0.01642	0.12169	0.50253	0.04419	0.16048	0.04806	0.00818	0.00213	0.00338	0.01060	0.00654	0.00622
18	0.01670	0.13211	0.32998	0.01601	0.06909	0.01526	0.03075	0.10539	0.04230	0.12553	0.01353	0.01440	0.00977	0.00616	0.00563	0.00178	0.00740	0.00486	0.00395	0.04941
19	0.04727	0.01406	0.01871	0.07017	0.24345	0.09926	0.04570	0.02320	0.01566	0.30181	0.04771	0.01815	0.01345	0.00672	0.00607	0.00185	0.00684	0.00580	0.00497	0.00914
20	0.02626	0.01015	0.01382	0.01069	0.01521	0.00879	0.00879	0.02866	0.01751	0.70451	0.07012	0.02243	0.01788	0.00789	0.00622	0.00190	0.00506	0.00647	0.00752	0.01012
21	0.00759	0.00551	0.00716	0.00824	0.00886	0.00509	0.00561	0.00891	0.01258	0.01678	0.12214	0.63423	0.09853	0.01808	0.00770	0.00238	0.00343	0.01628	0.00581	0.00509
22	0.01822	0.06688	0.14259	0.02201	0.28629	0.01327	0.02688	0.02271	0.05490	0.23764	0.03759	0.01748	0.01280	0.00650	0.00597	0.00185	0.00669	0.00564	0.00457	0.00954

[dist]
# distance from previous block
# <min> <max>
3	22

[block]
# block no. 3 follows, 37 sequences, length 8
# corresponding to MSA columns:
# 926-933
name=unknown_D
#
# <colnr> <probs for GDERKNQSTAVLIFYWHMCP>
#	G	D	E	R	K	N	Q	S	T	A	V	L	I	F	Y	W	H	M	C	P
0	0.01485	0.01511	0.01931	0.17780	0.32421	0.14191	0.01493	0.01830	0.04174	0.01750	0.01326	0.04531	0.01195	0.05986	0.00838	0.00220	0.03873	0.02350	0.00331	0.00786
1	0.01331	0.01205	0.01694	0.07347	0.23077	0.04232	0.03262	0.01767	0.08913	0.03684	0.11912	0.05128	0.06493	0.00880	0.00796	0.00198	0.09492	0.02059	0.02140	0.04389
2	0.00743	0.00585	0.00671	0.00725	0.00858	0.00513	0.00515	0.00889	0.01331	0.01677	0.10196	0.34769	0.41009	0.01675	0.00747	0.00222	0.00327	0.01458	0.00576	0.00513
3	0.01369	0.01439	0.01930	0.59340	0.03752	0.14236	0.06059	0.01741	0.01326	0.01578	0.01073	0.01542	0.00818	0.00609	0.00609	0.00196	0.00879	0.00529	0.00282	0.00694
4	0.00853	0.00615	0.00806	0.00779	0.00912	0.00569	0.00577	0.01121	0.01670	0.02355	0.66418	0.12785	0.05583	0.01326	0.00729	0.00199	0.00296	0.01178	0.00662	0.00569
5	0.01683	0.73468	0.03103	0.01085	0.01594	0.07645	0.01057	0.01876	0.01279	0.01444	0.00858	0.00991	0.00786	0.00531	0.00404	0.00133	0.00686	0.00332	0.00266	0.00780
6	0.15248	0.01097	0.01551	0.40249	0.05273	0.01339	0.01312	0.01633	0.05580	0.01801	0.01202	0.03431	0.01007	0.03421	0.02780	0.03030	0.08494	0.00558	0.00324	0.00672
7	0.04948	0.01458	0.13137	0.01443	0.09582	0.01176	0.01175	0.15993	0.01800	0.20644	0.13680	0.02370	0.06318	0.00822	0.00618	0.00189	0.00577	0.00678	0.02514	0.00879

[dist]
# distance from previous block
# <min> <max>
1	7

[block]
# block no. 4 follows, 37 sequences, length 31
# corresponding to MSA columns:
# 941-971
name=unknown_E
#
# <colnr> <probs for GDERKNQSTAVLIFYWHMCP>
#	G	D	E	R	K	N	Q	S	T	A	V	L	I	F	Y	W	H	M	C	P
0	0.08418	0.04202	0.01226	0.04894	0.01443	0.00918	0.00764	0.01613	0.03936	0.08115	0.10577	0.10515	0.04268	0.00810	0.00550	0.00153	0.00454	0.00676	0.00465	0.36003
1	0.01487	0.01277	0.06862	0.01330	0.06461	0.01179	0.03151	0.11944	0.19264	0.08487	0.22165	0.02726	0.05203	0.00888	0.00642	0.00190	0.00515	0.00760	0.00574	0.04898
2	0.01046	0.00925	0.03510	0.03776	0.01368	0.00911	0.04186	0.04908	0.07780	0.01925	0.12928	0.07798	0.18107	0.05327	0.11627	0.00345	0.04220	0.08179	0.00499	0.00632
3	0.01598	0.71254	0.06902	0.01077	0.01622	0.02295	0.01096	0.01825	0.01248	0.01492	0.00875	0.01012	0.00791	0.00523	0.00406	0.00132	0.00658	0.00336	0.00266	0.04592
4	0.01837	0.01116	0.01435	0.01101	0.01521	0.01037	0.00901	0.02071	0.01391	0.29385	0.01536	0.01588	0.01117	0.00678	0.00793	0.00159	0.14237	0.00489	0.00494	0.37115
5	0.02850	0.01349	0.09090	0.21801	0.17727	0.01255	0.05714	0.06899	0.04331	0.04405	0.01695	0.16924	0.01579	0.00873	0.00645	0.00205	0.00687	0.00791	0.00396	0.00785
6	0.01135	0.01037	0.01721	0.63368	0.07480	0.01256	0.01559	0.01507	0.01230	0.01610	0.01341	0.09022	0.01160	0.00738	0.00622	0.00205	0.00750	0.00660	0.02924	0.00674
7	0.02105	0.01604	0.01712	0.01364	0.01814	0.01795	0.01110	0.53490	0.22377	0.03500	0.01752	0.01694	0.01269	0.00761	0.00615	0.00190	0.00621	0.00590	0.00615	0.01021
8	0.01023	0.00662	0.00857	0.00787	0.00966	0.00602	0.00598	0.01297	0.01710	0.08834	0.63016	0.04448	0.10389	0.01229	0.00713	0.00193	0.00311	0.01077	0.00674	0.00614
9	0.00890	0.00593	0.00668	0.00668	0.00668	0.00593	0.00371	0.00890	0.00890	0.01187	0.01929	0.04006	0.02225	0.78487	0.03116	0.00593	0.00593	0.00890	0.00371	0.00371
10	0.00827	0.00608	0.00741	0.00735	0.00879	0.00550	0.00541	0.01056	0.01545	0.02118	0.43531	0.15406	0.22402	0.01395	0.00716	0.00202	0.00303	0.01218	0.04677	0.00550
11	0.82811	0.01184	0.00900	0.00805	0.01184	0.01373	0.00663	0.01799	0.01042	0.02746	0.00852	0.00994	0.00663	0.00568	0.00379	0.00189	0.00474	0.00331	0.00379	0.00663
12	0.06024	0.02837	0.01696	0.01541	0.01859	0.72565	0.01159	0.02414	0.01703	0.01556	0.00942	0.01099	0.00783	0.00628	0.00544	0.00159	0.01075	0.00391	0.00318	0.00707
13	0.00809	0.00568	0.00746	0.00829	0.00905	0.00533	0.00584	0.00982	0.01343	0.01855	0.22890	0.50896	0.04384	0.01667	0.00751	0.00230	0.00343	0.04737	0.04422	0.00526
14	0.04154	0.01140	0.01326	0.00970	0.01496	0.00939	0.00784	0.07974	0.01464	0.11407	0.01281	0.01381	0.00987	0.00520	0.00485	0.00114	0.00482	0.00410	0.00435	0.62248
15	0.00916	0.00660	0.00856	0.03989	0.01014	0.00712	0.00604	0.01074	0.03316	0.01361	0.01920	0.05924	0.02044	0.43244	0.26285	0.00667	0.00927	0.03639	0.00375	0.00472
16	0.05095	0.10869	0.01988	0.03877	0.21907	0.02972	0.03523	0.02255	0.14643	0.15464	0.01667	0.05475	0.01334	0.00739	0.00673	0.00192	0.05373	0.00611	0.00454	0.00888
17	0.01948	0.01056	0.01241	0.01021	0.01375	0.01059	0.00819	0.15058	0.11745	0.28771	0.08765	0.02379	0.04059	0.00823	0.00591	0.00182	0.00469	0.00670	0.17091	0.00879
18	0.04955	0.13358	0.04263	0.01437	0.06328	0.01694	0.03558	0.15500	0.34847	0.02540	0.01768	0.01747	0.01346	0.00706	0.00571	0.00185	0.00592	0.00569	0.00505	0.03531
19	0.01395	0.34147	0.45801	0.01459	0.02208	0.01831	0.01765	0.01895	0.01272	0.01735	0.00997	0.01165	0.00780	0.00558	0.00504	0.00168	0.00802	0.00401	0.00260	0.00856
20	0.01515	0.39580	0.30188	0.01319	0.01963	0.04275	0.01482	0.03810	0.01346	0.04067	0.01263	0.01380	0.04230	0.00610	0.00498	0.00162	0.00744	0.00437	0.00302	0.00831
21	0.05579	0.09089	0.10953	0.01699	0.06744	0.01572	0.15515	0.13160	0.15832	0.11339	0.01587	0.01654	0.01161	0.00654	0.00601	0.00190	0.00709	0.00577	0.00465	0.00921
22	0.00813	0.00593	0.00773	0.00853	0.00951	0.00553	0.00629	0.00997	0.01370	0.01831	0.20658	0.40705	0.12020	0.01680	0.00772	0.00236	0.00369	0.13073	0.00593	0.00530
23	0.03782	0.01004	0.02796	0.45539	0.04936	0.01146	0.01350	0.01467	0.01226	0.04091	0.05417	0.08549	0.01528	0.00956	0.00837	0.07438	0.03144	0.03802	0.00352	0.00640
24	0.01706	0.04297	0.20873	0.05816	0.03486	0.12426	0.08728	0.07065	0.04914	0.13128	0.01588	0.06587	0.01286	0.00763	0.00646	0.00195	0.02213	0.03016	0.00422	0.00844
25	0.01114	0.00981	0.01307	0.01178	0.01181	0.01259	0.00898	0.01194	0.00940	0.01370	0.01463	0.09083	0.01637	0.31052	0.02329	0.00392	0.40972	0.00778	0.00334	0.00539
26	0.00887	0.00598	0.00688	0.00681	0.00701	0.00591	0.00399	0.00926	0.01004	0.01358	0.11713	0.04082	0.02705	0.68052	0.02792	0.00539	0.00552	0.00919	0.00412	0.00399
27	0.01731	0.07765	0.17434	0.01387	0.05137	0.09522	0.02709	0.02223	0.09112	0.19816	0.06398	0.05703	0.04120	0.00793	0.00598	0.00186	0.00657	0.00648	0.03208	0.00851
28	0.01987	0.05854	0.05994	0.06296	0.22230	0.07691	0.08598	0.19153	0.05481	0.07724	0.01522	0.01758	0.01182	0.00742	0.00675	0.00215	0.00810	0.00601	0.00480	0.01007
29	0.10121	0.01333	0.04342	0.21594	0.05295	0.06597	0.07632	0.04141	0.01361	0.06788	0.05034	0.05950	0.06425	0.00829	0.00779	0.00206	0.09790	0.00669	0.00389	0.00723
30	0.00856	0.00592	0.00740	0.00831	0.00912	0.00572	0.00581	0.01089	0.04848	0.01790	0.08451	0.54136	0.05405	0.01630	0.00721	0.00228	0.00353	0.03838	0.11888	0.00540

[dist]
# distance from previous block
# <min> <max>
1	10

[block]
# block no. 5 follows, 37 sequences, length 14
# corresponding to MSA columns:
# 984-997
name=unknown_F
#
# <colnr> <probs for GDERKNQSTAVLIFYWHMCP>
#	G	D	E	R	K	N	Q	S	T	A	V	L	I	F	Y	W	H	M	C	P
0	0.01524	0.01581	0.12972	0.01343	0.03803	0.03660	0.03025	0.10658	0.07455	0.06262	0.03643	0.01752	0.01252	0.00687	0.00680	0.00166	0.06904	0.03066	0.00425	0.29142
1	0.05082	0.11143	0.20498	0.01469	0.05655	0.06151	0.03266	0.08549	0.07642	0.11981	0.01638	0.01875	0.03223	0.00710	0.00575	0.00183	0.00697	0.04105	0.00431	0.05126
2	0.01665	0.11465	0.01557	0.01025	0.01456	0.01189	0.00847	0.14801	0.01699	0.14347	0.11559	0.07092	0.01898	0.00774	0.00561	0.00154	0.00503	0.00630	0.00517	0.26262
3	0.00839	0.00618	0.00714	0.00690	0.00859	0.00553	0.00518	0.01074	0.01553	0.02121	0.39969	0.04853	0.32372	0.01313	0.00692	0.00193	0.00297	0.01124	0.09095	0.00553
4	0.01225	0.07125	0.44147	0.01540	0.02180	0.01380	0.05935	0.01859	0.07261	0.01934	0.06214	0.05745	0.04927	0.00780	0.00688	0.00199	0.05054	0.00633	0.00350	0.00824
5	0.17203	0.02127	0.01613	0.09255	0.02004	0.37288	0.01135	0.18356	0.01815	0.02280	0.01064	0.01223	0.00826	0.00641	0.00540	0.00174	0.00857	0.00434	0.00391	0.00774
6	0.00866	0.00626	0.00818	0.00770	0.00914	0.00578	0.00578	0.01155	0.01733	0.02455	0.74346	0.04572	0.05776	0.01251	0.00722	0.00193	0.00289	0.01107	0.00674	0.00578
7	0.01156	0.01088	0.01836	0.77016	0.04216	0.01360	0.01700	0.01564	0.01224	0.01564	0.01088	0.01632	0.00816	0.00612	0.00612	0.00204	0.00816	0.00544	0.00272	0.00680
8	0.00751	0.00584	0.00684	0.00737	0.00864	0.00517	0.00523	0.00904	0.01346	0.01721	0.13955	0.35807	0.36094	0.01664	0.00747	0.00222	0.00326	0.01454	0.00582	0.00517
9	0.00793	0.00622	0.00710	0.00688	0.00860	0.00547	0.00511	0.01001	0.01526	0.01991	0.36218	0.05236	0.41304	0.04314	0.00813	0.00215	0.00311	0.01195	0.00608	0.00538
10	0.01156	0.01088	0.01836	0.77016	0.04216	0.01360	0.01700	0.01564	0.01224	0.01564	0.01088	0.01632	0.00816	0.00612	0.00612	0.00204	0.00816	0.00544	0.00272	0.00680
11	0.01652	0.70717	0.06822	0.01113	0.01644	0.06499	0.01117	0.01873	0.01274	0.01469	0.00869	0.01005	0.00785	0.00533	0.00411	0.00136	0.00693	0.00337	0.00265	0.00787
12	0.01435	0.01317	0.02121	0.32333	0.37388	0.01430	0.01697	0.07985	0.01453	0.01992	0.01152	0.01547	0.00913	0.00585	0.00603	0.00187	0.00746	0.00538	0.00321	0.04260
13	0.01580	0.13023	0.38901	0.01478	0.02143	0.06308	0.01643	0.07991	0.09071	0.07754	0.03525	0.01516	0.01121	0.00649	0.00567	0.00183	0.00772	0.00497	0.00381	0.00895

[dist]
# distance from previous block
# <min> <max>
0	1

[block]
# block no. 6 follows, 37 sequences, length 21
# corresponding to MSA columns:
# 999-1010,1016-1024
name=unknown_G
#
# <colnr> <probs for GDERKNQSTAVLIFYWHMCP>
#	G	D	E	R	K	N	Q	S	T	A	V	L	I	F	Y	W	H	M	C	P
0	0.28281	0.01132	0.01392	0.10273	0.01687	0.01380	0.03496	0.01579	0.01061	0.05122	0.01166	0.03891	0.01080	0.11274	0.01308	0.00272	0.24048	0.00562	0.00351	0.00645
1	0.01222	0.01065	0.03171	0.14477	0.09136	0.01035	0.16329	0.01554	0.02741	0.07234	0.06378	0.26887	0.02308	0.02679	0.00749	0.00223	0.00640	0.01021	0.00449	0.00703
2	0.45683	0.00932	0.00799	0.00728	0.01019	0.01027	0.00583	0.01720	0.01179	0.06773	0.01398	0.01570	0.01073	0.00637	0.00412	0.00171	0.00401	0.00443	0.32804	0.00648
3	0.01446	0.01310	0.02111	0.06043	0.55044	0.01323	0.01593	0.05857	0.01483	0.02110	0.05150	0.01971	0.05519	0.00663	0.00608	0.00182	0.00654	0.00619	0.05421	0.00891
4	0.82811	0.01184	0.00900	0.00805	0.01184	0.01373	0.00663	0.01799	0.01042	0.02746	0.00852	0.00994	0.00663	0.00568	0.00379	0.00189	0.00474	0.00331	0.00379	0.00663
5	0.00943	0.00687	0.00764	0.00742	0.00825	0.00694	0.00477	0.01201	0.09782	0.01546	0.10327	0.04089	0.11333	0.51474	0.02267	0.00457	0.00513	0.00939	0.00458	0.00483
6	0.68391	0.01144	0.00967	0.00840	0.01225	0.01278	0.00691	0.01963	0.01155	0.13451	0.01120	0.01196	0.00818	0.00601	0.00415	0.00188	0.00475	0.00381	0.02987	0.00716
7	0.00875	0.00652	0.00965	0.00965	0.01067	0.00755	0.00741	0.01081	0.00978	0.01407	0.01657	0.02502	0.01573	0.09093	0.71617	0.00960	0.01576	0.00670	0.00331	0.00536
8	0.01063	0.00660	0.00860	0.00813	0.00982	0.00599	0.00608	0.01307	0.01620	0.10990	0.49537	0.16659	0.09287	0.01322	0.00719	0.00202	0.00329	0.01166	0.00660	0.00616
9	0.00863	0.00584	0.00798	0.04449	0.01078	0.00557	0.00638	0.00990	0.01203	0.05159	0.03219	0.70772	0.03773	0.01800	0.00765	0.00244	0.00385	0.01629	0.00564	0.00532
10	0.00793	0.00553	0.00696	0.00792	0.00815	0.00529	0.00503	0.00865	0.01079	0.01439	0.02898	0.53710	0.03449	0.27115	0.01549	0.00362	0.00434	0.01460	0.00503	0.00456
11	0.01600	0.01385	0.02247	0.17174	0.39447	0.01449	0.07125	0.08359	0.06006	0.07182	0.01345	0.01631	0.01037	0.00605	0.00618	0.00190	0.00734	0.00573	0.00377	0.00914
12	0.01780	0.39080	0.08510	0.01256	0.01757	0.09690	0.01172	0.15181	0.12274	0.02099	0.01238	0.01302	0.00992	0.00624	0.00499	0.00160	0.00700	0.00440	0.00385	0.00862
13	0.01441	0.01187	0.01944	0.11710	0.24784	0.01141	0.09898	0.01783	0.01440	0.09755	0.11909	0.03570	0.01750	0.00688	0.00617	0.00176	0.00637	0.00649	0.00417	0.14503
14	0.05946	0.01721	0.14092	0.01319	0.01850	0.03949	0.01218	0.25395	0.09263	0.24484	0.01736	0.01666	0.01192	0.00707	0.00592	0.00187	0.00648	0.00548	0.00570	0.02918
15	0.01241	0.00941	0.01036	0.01025	0.01208	0.05505	0.00775	0.06506	0.12192	0.06258	0.07446	0.32751	0.02996	0.01518	0.04016	0.00256	0.00524	0.08738	0.04398	0.00668
16	0.01348	0.00725	0.00965	0.00863	0.01082	0.00654	0.00661	0.01603	0.01677	0.21451	0.47783	0.11849	0.04470	0.01194	0.00700	0.00198	0.00357	0.01046	0.00684	0.00691
17	0.04853	0.01200	0.01466	0.01129	0.01605	0.01135	0.00927	0.16507	0.05897	0.45667	0.02019	0.01839	0.01339	0.00713	0.00588	0.00177	0.00539	0.00567	0.00661	0.11173
18	0.01626	0.01442	0.04962	0.02401	0.33313	0.01429	0.04796	0.10698	0.17399	0.07004	0.01659	0.04196	0.01324	0.00866	0.03937	0.00227	0.00704	0.00630	0.00448	0.00940
19	0.02295	0.01037	0.01318	0.01059	0.01479	0.00959	0.00859	0.02776	0.13898	0.53951	0.02883	0.02575	0.10342	0.00865	0.00630	0.00195	0.00489	0.00710	0.00712	0.00966
20	0.00746	0.00533	0.00710	0.00852	0.00888	0.00497	0.00568	0.00852	0.01172	0.01563	0.03374	0.78088	0.04049	0.01918	0.00781	0.00249	0.00355	0.01740	0.00568	0.00497

[dist]
# distance from previous block
# <min> <max>
0	1

[block]
# block no. 7 follows, 37 sequences, length 9
# corresponding to MSA columns:
# 1026,1028-1034,1036
name=unknown_H
#
# <colnr> <probs for GDERKNQSTAVLIFYWHMCP>
#	G	D	E	R	K	N	Q	S	T	A	V	L	I	F	Y	W	H	M	C	P
0	0.01745	0.05254	0.09329	0.21927	0.10575	0.01461	0.01423	0.14069	0.10931	0.14850	0.01558	0.01687	0.01121	0.00671	0.00600	0.00191	0.00690	0.00557	0.00460	0.00901
1	0.00851	0.00636	0.00805	0.00897	0.00991	0.00622	0.00643	0.01145	0.08015	0.01760	0.09188	0.53818	0.07857	0.01719	0.00765	0.00241	0.00380	0.08530	0.00581	0.00556
2	0.12112	0.13028	0.02149	0.14006	0.04912	0.15489	0.10953	0.05621	0.04460	0.01908	0.01068	0.01343	0.00863	0.00646	0.00703	0.00188	0.08974	0.00487	0.00331	0.00759
3	0.44494	0.10739	0.07462	0.01104	0.03895	0.08651	0.00934	0.01846	0.01210	0.05561	0.01198	0.08296	0.01064	0.00704	0.00470	0.00185	0.00592	0.00499	0.00381	0.00714
4	0.09267	0.01198	0.01471	0.03605	0.07394	0.01295	0.02424	0.17299	0.11661	0.12668	0.02115	0.15558	0.04359	0.00977	0.00721	0.00207	0.05605	0.00801	0.00539	0.00834
5	0.01552	0.01385	0.04583	0.02501	0.39342	0.01338	0.01443	0.08196	0.11707	0.06032	0.05144	0.05758	0.01516	0.00714	0.00613	0.00184	0.00625	0.00645	0.00433	0.06287
6	0.00901	0.00669	0.00896	0.00926	0.01056	0.00676	0.00716	0.01090	0.01154	0.01568	0.02637	0.13967	0.08315	0.12599	0.26910	0.00540	0.00881	0.18153	0.00445	0.05901
7	0.20290	0.05889	0.17589	0.01612	0.12544	0.01269	0.04054	0.01870	0.01319	0.10700	0.01611	0.05440	0.01419	0.00810	0.00585	0.00203	0.00650	0.10935	0.00412	0.00797
8	0.17604	0.01598	0.05539	0.07441	0.31517	0.07899	0.05230	0.05759	0.07796	0.02217	0.01208	0.01447	0.00955	0.00597	0.00564	0.00187	0.00716	0.00508	0.00360	0.00860

[dist]
# distance from previous block
# <min> <max>
0	6

[block]
# block no. 8 follows, 37 sequences, length 16
# corresponding to MSA columns:
# 1043-1058
name=unknown_I
#
# <colnr> <probs for GDERKNQSTAVLIFYWHMCP>
#	G	D	E	R	K	N	Q	S	T	A	V	L	I	F	Y	W	H	M	C	P
0	0.01283	0.01170	0.01794	0.47996	0.13970	0.01379	0.01532	0.01950	0.16006	0.01857	0.01416	0.01771	0.01080	0.00650	0.00607	0.00199	0.00716	0.00575	0.03269	0.00778
1	0.01402	0.04489	0.37067	0.17176	0.08958	0.11970	0.01833	0.01901	0.01347	0.01795	0.01072	0.01344	0.00811	0.00582	0.00573	0.00182	0.00865	0.00462	0.00280	0.05892
2	0.00829	0.00661	0.00929	0.16351	0.01558	0.00678	0.00784	0.01009	0.01230	0.01598	0.05045	0.49917	0.13958	0.01580	0.00737	0.00232	0.00441	0.01414	0.00510	0.00539
3	0.01072	0.00975	0.01606	0.61481	0.03537	0.01184	0.01469	0.01419	0.01213	0.01564	0.01554	0.17227	0.01475	0.00878	0.00647	0.00213	0.00722	0.00788	0.00332	0.00643
4	0.00832	0.00603	0.00785	0.00783	0.00905	0.00556	0.00571	0.01072	0.01586	0.02210	0.54714	0.22075	0.08173	0.01422	0.00736	0.00206	0.00305	0.01265	0.00644	0.00556
5	0.01472	0.04789	0.05337	0.17047	0.02528	0.11969	0.17229	0.05200	0.10290	0.01916	0.01626	0.04308	0.01422	0.00807	0.00677	0.00207	0.02026	0.09997	0.00391	0.00762
6	0.01250	0.00842	0.01168	0.16400	0.01747	0.00845	0.00881	0.01627	0.05228	0.12540	0.41031	0.03299	0.03661	0.00980	0.00663	0.00189	0.00449	0.00855	0.00582	0.05763
7	0.01159	0.01100	0.15816	0.00810	0.01108	0.00744	0.00802	0.01531	0.01285	0.02212	0.01814	0.02080	0.01407	0.00686	0.00459	0.00153	0.00412	0.00546	0.65236	0.00639
8	0.54814	0.01144	0.01164	0.16390	0.01856	0.01303	0.00908	0.01919	0.01180	0.12754	0.01122	0.01279	0.00815	0.00604	0.00460	0.00192	0.00550	0.00415	0.00411	0.00720
9	0.01613	0.01650	0.02358	0.05733	0.62163	0.12016	0.01774	0.01949	0.01437	0.01915	0.01120	0.01460	0.00939	0.00560	0.00599	0.00179	0.00783	0.00524	0.00304	0.00924
10	0.01098	0.00999	0.01645	0.63052	0.03610	0.01213	0.01494	0.01477	0.01294	0.01690	0.11561	0.05224	0.01653	0.00757	0.00635	0.00204	0.00722	0.00673	0.00341	0.00658
11	0.01377	0.01310	0.01265	0.01388	0.11568	0.16254	0.00862	0.01774	0.13222	0.01702	0.05369	0.02734	0.01848	0.31633	0.01594	0.00344	0.00670	0.00705	0.03740	0.00642
12	0.13197	0.01469	0.02128	0.02860	0.49416	0.01533	0.01561	0.16298	0.01647	0.02485	0.01174	0.01432	0.00941	0.00587	0.00575	0.00183	0.00680	0.00516	0.00377	0.00941
13	0.12696	0.01758	0.01777	0.01529	0.05986	0.23100	0.11108	0.06393	0.03801	0.04027	0.04839	0.01484	0.01146	0.00612	0.00552	0.00162	0.00752	0.00495	0.00390	0.17393
14	0.01372	0.01693	0.16832	0.12548	0.19460	0.03667	0.01597	0.04412	0.09795	0.01940	0.01450	0.05528	0.01256	0.00800	0.00821	0.00210	0.11588	0.03846	0.00359	0.00826
15	0.04668	0.01137	0.01723	0.16001	0.17089	0.01287	0.04036	0.05129	0.01321	0.05209	0.04202	0.17239	0.01723	0.00982	0.00909	0.00218	0.15186	0.00809	0.00398	0.00737

[dist]
# distance from previous block
# <min> <max>
3	34

[block]
# block no. 9 follows, 37 sequences, length 13
# corresponding to MSA columns:
# 1094-1106
name=unknown_J
#
# <colnr> <probs for GDERKNQSTAVLIFYWHMCP>
#	G	D	E	R	K	N	Q	S	T	A	V	L	I	F	Y	W	H	M	C	P
0	0.01730	0.01217	0.04557	0.01068	0.01501	0.01082	0.00890	0.16370	0.07090	0.18135	0.09193	0.02286	0.05797	0.04644	0.00714	0.00186	0.00517	0.00636	0.00556	0.21828
1	0.69358	0.01195	0.01055	0.10164	0.01586	0.01394	0.00811	0.04810	0.01143	0.02649	0.00908	0.01093	0.00698	0.00581	0.00417	0.00191	0.00524	0.00367	0.00376	0.00681
2	0.09719	0.01039	0.01394	0.10345	0.01820	0.00983	0.00960	0.02609	0.01622	0.55830	0.05770	0.02056	0.01569	0.00748	0.00599	0.00191	0.00541	0.00606	0.00660	0.00939
3	0.08660	0.01108	0.01754	0.20646	0.12048	0.02455	0.11975	0.01592	0.01290	0.05674	0.04268	0.13477	0.01745	0.07261	0.00849	0.00239	0.00681	0.03184	0.00395	0.00699
4	0.01558	0.01337	0.10626	0.23918	0.09534	0.01158	0.01380	0.05638	0.01458	0.16947	0.01694	0.07407	0.01400	0.00789	0.00622	0.00195	0.00669	0.05290	0.00440	0.07942
5	0.01306	0.01347	0.08263	0.61173	0.03795	0.01431	0.01683	0.10299	0.01433	0.01878	0.01136	0.01582	0.00840	0.00624	0.00609	0.00201	0.00806	0.00537	0.00312	0.00744
6	0.00771	0.00598	0.00703	0.00738	0.00878	0.00531	0.00537	0.00946	0.01408	0.01818	0.21063	0.26929	0.35674	0.01594	0.00744	0.00218	0.00326	0.03406	0.00593	0.00526
7	0.01207	0.01043	0.05107	0.04008	0.05311	0.00890	0.10085	0.01477	0.01358	0.09195	0.04301	0.19413	0.16028	0.01139	0.00715	0.00203	0.02537	0.04829	0.00483	0.10668
8	0.08757	0.03039	0.01619	0.08289	0.23377	0.01170	0.01186	0.05639	0.04153	0.05014	0.01758	0.15174	0.01693	0.00891	0.00611	0.00192	0.00580	0.05673	0.00426	0.10760
9	0.01702	0.01569	0.02314	0.03299	0.60785	0.09080	0.01721	0.02033	0.01460	0.08342	0.01241	0.01522	0.00999	0.00573	0.00601	0.00180	0.00748	0.00536	0.00344	0.00949
10	0.01380	0.01166	0.01895	0.33301	0.02870	0.01273	0.13541	0.11783	0.01583	0.05739	0.10413	0.08930	0.01803	0.00817	0.00660	0.00203	0.00712	0.00757	0.00428	0.00746
11	0.01406	0.01351	0.01996	0.06228	0.36422	0.07944	0.08005	0.01714	0.01433	0.03397	0.12037	0.02337	0.04573	0.07516	0.00853	0.00222	0.00699	0.00690	0.00382	0.00793
12	0.05045	0.01382	0.11708	0.12063	0.08240	0.01157	0.01251	0.08613	0.03621	0.25709	0.07193	0.07969	0.01716	0.00815	0.00621	0.00196	0.00614	0.00687	0.00528	0.00871

[dist]
# distance from previous block
# <min> <max>
15	214

# created by:
# /home/berkeley/.conda/envs/busco_data_prod/bin/msa2prfl.pl pipeline/OGs_align_augustus/33634/8020.fs
