[name]
unknown

[dist]
# distance from previous block
# <min> <max>
0	389

[block]
# block no. 0 follows, 43 sequences, length 16
# corresponding to MSA columns:
# 440-455
name=unknown_A
#
# <colnr> <probs for GDERKNQSTAVLIFYWHMCP>
#	G	D	E	R	K	N	Q	S	T	A	V	L	I	F	Y	W	H	M	C	P
0	0.14627	0.01087	0.01263	0.08006	0.07136	0.05883	0.02048	0.10256	0.04165	0.11741	0.01756	0.07798	0.01608	0.02327	0.00612	0.00196	0.00554	0.15910	0.00448	0.02577
1	0.09879	0.01261	0.03417	0.16368	0.08128	0.03270	0.14033	0.15264	0.03246	0.06572	0.03574	0.01826	0.01168	0.00647	0.00561	0.00178	0.00654	0.05911	0.00388	0.03655
2	0.02432	0.00884	0.00940	0.00845	0.01078	0.02125	0.00649	0.13110	0.16108	0.02201	0.07683	0.13590	0.06124	0.00888	0.00532	0.00165	0.00383	0.00744	0.23427	0.06093
3	0.00994	0.00804	0.00971	0.06687	0.01268	0.00775	0.00692	0.03608	0.11338	0.01890	0.18894	0.05556	0.13705	0.03219	0.02972	0.00194	0.00426	0.04412	0.02298	0.19299
4	0.01323	0.00966	0.00818	0.00748	0.00940	0.12445	0.00573	0.10619	0.01402	0.02135	0.01603	0.01812	0.01253	0.00636	0.00425	0.00136	0.00414	0.00490	0.60673	0.00588
5	0.01241	0.01047	0.01238	0.00964	0.04418	0.00847	0.00733	0.07840	0.01280	0.01952	0.01017	0.01173	0.00833	0.00436	0.00428	0.00093	0.00438	0.00350	0.00346	0.73328
6	0.01673	0.07330	0.09183	0.08089	0.01875	0.29129	0.01148	0.11803	0.20565	0.01921	0.01293	0.01365	0.00993	0.00617	0.00520	0.00163	0.00737	0.00457	0.00379	0.00761
7	0.01032	0.00516	0.00516	0.00516	0.00645	0.00516	0.00387	0.01290	0.01161	0.02065	0.01807	0.02065	0.01420	0.00645	0.00387	0.00129	0.00258	0.00516	0.83611	0.00516
8	0.48974	0.01223	0.04298	0.08698	0.01638	0.01300	0.06160	0.13439	0.01287	0.04133	0.01023	0.01288	0.00798	0.00579	0.00447	0.00176	0.00543	0.02944	0.00372	0.00680
9	0.16699	0.01113	0.01199	0.01097	0.06856	0.01204	0.00812	0.31004	0.01729	0.06866	0.01393	0.01498	0.01037	0.00620	0.00467	0.00157	0.00471	0.00471	0.24556	0.00752
10	0.01305	0.01262	0.06985	0.03547	0.10710	0.01273	0.01028	0.05184	0.47804	0.02101	0.01995	0.02100	0.03660	0.07664	0.00757	0.00214	0.00512	0.00617	0.00473	0.00809
11	0.01423	0.22837	0.29677	0.01332	0.01855	0.17791	0.03948	0.03795	0.01308	0.01624	0.06528	0.01297	0.01054	0.00580	0.00525	0.00155	0.02835	0.00426	0.00284	0.00726
12	0.00741	0.00609	0.00657	0.00659	0.00821	0.00567	0.00483	0.00995	0.07699	0.01512	0.04471	0.12026	0.51923	0.07519	0.06569	0.00269	0.00407	0.01091	0.00489	0.00494
13	0.01239	0.39734	0.30781	0.01162	0.01716	0.01614	0.01315	0.01597	0.01162	0.01528	0.04058	0.01527	0.03954	0.00713	0.03005	0.00175	0.00679	0.03048	0.00273	0.00720
14	0.01163	0.06828	0.01360	0.01052	0.01265	0.00955	0.08786	0.04988	0.03742	0.08260	0.13516	0.10171	0.04952	0.03164	0.11945	0.08635	0.06426	0.01782	0.00420	0.00591
15	0.07429	0.08434	0.04663	0.01284	0.01613	0.03620	0.15167	0.08149	0.07875	0.01990	0.16525	0.01968	0.02949	0.00817	0.02552	0.00194	0.10582	0.00606	0.00396	0.03186

[dist]
# distance from previous block
# <min> <max>
0	6

[block]
# block no. 1 follows, 43 sequences, length 27
# corresponding to MSA columns:
# 462-488
name=unknown_B
#
# <colnr> <probs for GDERKNQSTAVLIFYWHMCP>
#	G	D	E	R	K	N	Q	S	T	A	V	L	I	F	Y	W	H	M	C	P
0	0.06221	0.07064	0.01676	0.01206	0.01641	0.01675	0.01006	0.60733	0.04680	0.06648	0.01330	0.01326	0.00952	0.00647	0.00530	0.00164	0.00587	0.00481	0.00527	0.00906
1	0.72862	0.01320	0.11499	0.00847	0.01255	0.01249	0.00801	0.01646	0.00974	0.02383	0.00802	0.00937	0.00614	0.00516	0.00368	0.00172	0.00483	0.00315	0.00328	0.00630
2	0.13145	0.17426	0.28723	0.01200	0.01755	0.06772	0.01280	0.06077	0.01315	0.15744	0.01147	0.01206	0.00827	0.00554	0.00473	0.00160	0.00657	0.00400	0.00354	0.00784
3	0.01907	0.01051	0.01296	0.06273	0.01540	0.01065	0.00870	0.21412	0.07037	0.33683	0.12239	0.02046	0.01776	0.00736	0.00562	0.00171	0.00484	0.00602	0.04413	0.00838
4	0.00869	0.00586	0.00714	0.00670	0.00816	0.00531	0.00491	0.01061	0.01387	0.06946	0.43734	0.04209	0.22233	0.12209	0.00948	0.00228	0.00318	0.00986	0.00553	0.00511
5	0.01032	0.00516	0.00516	0.00516	0.00645	0.00516	0.00387	0.01290	0.01161	0.02065	0.01807	0.02065	0.01420	0.00645	0.00387	0.00129	0.00258	0.00516	0.83611	0.00516
6	0.01243	0.00762	0.00949	0.00854	0.01081	0.00746	0.00671	0.01721	0.14992	0.17660	0.36905	0.03467	0.07605	0.01087	0.02479	0.00200	0.00384	0.05928	0.00597	0.00669
7	0.01702	0.14700	0.16614	0.07493	0.01908	0.09593	0.01228	0.23498	0.04600	0.09858	0.02859	0.01350	0.00983	0.00604	0.00513	0.00161	0.00670	0.00455	0.00402	0.00811
8	0.01032	0.00516	0.00516	0.00516	0.00645	0.00516	0.00387	0.01290	0.01161	0.02065	0.01807	0.02065	0.01420	0.00645	0.00387	0.00129	0.00258	0.00516	0.83611	0.00516
9	0.78596	0.01081	0.00876	0.00779	0.01098	0.01274	0.00643	0.01607	0.00936	0.02404	0.00768	0.00922	0.00609	0.00546	0.00446	0.00176	0.05989	0.00313	0.00336	0.00600
10	0.01212	0.00995	0.01080	0.00983	0.01240	0.01115	0.00759	0.02377	0.53192	0.02277	0.20091	0.02563	0.02520	0.00836	0.00573	0.00181	0.00384	0.00709	0.06147	0.00768
11	0.00738	0.00564	0.00677	0.00649	0.00799	0.00503	0.00486	0.00956	0.01459	0.01964	0.51544	0.04560	0.30632	0.01228	0.00654	0.00179	0.00268	0.01061	0.00576	0.00503
12	0.00759	0.00537	0.00663	0.00678	0.00790	0.00493	0.00491	0.00956	0.01339	0.01870	0.37819	0.25031	0.15525	0.01290	0.00641	0.00186	0.00280	0.01136	0.09023	0.00493
13	0.01149	0.08006	0.67644	0.01587	0.02365	0.01355	0.06887	0.01749	0.01176	0.01725	0.00987	0.01172	0.00712	0.00519	0.00523	0.00172	0.00811	0.00418	0.00237	0.00806
14	0.01185	0.05168	0.68898	0.01512	0.02280	0.01298	0.01909	0.04232	0.01237	0.03820	0.02834	0.01256	0.00835	0.00548	0.00526	0.00173	0.00782	0.00427	0.00266	0.00816
15	0.02078	0.02359	0.01593	0.01387	0.01714	0.58544	0.01066	0.21059	0.01836	0.01906	0.00978	0.01084	0.00772	0.00595	0.00513	0.00149	0.00898	0.00393	0.00355	0.00719
16	0.01982	0.01507	0.01358	0.01147	0.01489	0.23253	0.00906	0.12494	0.11449	0.27109	0.08026	0.01883	0.01539	0.00718	0.00555	0.00167	0.00621	0.02471	0.00525	0.00800
17	0.00676	0.00558	0.00567	0.00567	0.00728	0.00477	0.00409	0.00796	0.01199	0.01437	0.05073	0.05093	0.66451	0.12405	0.00955	0.00236	0.00316	0.01118	0.00489	0.00449
18	0.00881	0.11731	0.01041	0.00732	0.00910	0.00755	0.00582	0.01130	0.01506	0.02093	0.66220	0.03685	0.04598	0.01041	0.00612	0.00166	0.00307	0.00904	0.00558	0.00549
19	0.01915	0.01458	0.01503	0.01206	0.01581	0.06654	0.00972	0.57839	0.02290	0.05244	0.01563	0.12286	0.01318	0.00808	0.00572	0.00173	0.00591	0.00640	0.00534	0.00853
20	0.02036	0.01557	0.01597	0.01263	0.01662	0.08170	0.01031	0.54850	0.07763	0.08661	0.01394	0.01392	0.01000	0.00679	0.00608	0.00170	0.04246	0.00500	0.00527	0.00896
21	0.00752	0.00566	0.00697	0.00677	0.00820	0.00512	0.00512	0.00977	0.01462	0.01984	0.52819	0.06091	0.24308	0.01235	0.00660	0.00182	0.00279	0.04383	0.00578	0.00506
22	0.01262	0.02590	0.62093	0.01587	0.02336	0.01354	0.06822	0.11971	0.01378	0.01997	0.01049	0.01213	0.00744	0.00541	0.00539	0.00175	0.00797	0.00438	0.00281	0.00831
23	0.00805	0.00537	0.00604	0.00604	0.00604	0.00537	0.00336	0.00805	0.00805	0.01074	0.01745	0.03624	0.02013	0.80536	0.02819	0.00537	0.00537	0.00805	0.00336	0.00336
24	0.01526	0.01307	0.01611	0.01294	0.01620	0.06721	0.11416	0.24051	0.14350	0.04413	0.17417	0.02055	0.01942	0.00768	0.00686	0.00179	0.06749	0.00639	0.00489	0.00767
25	0.06754	0.13589	0.62116	0.01434	0.02172	0.01409	0.01796	0.01732	0.01148	0.01740	0.00948	0.01112	0.00696	0.00518	0.00490	0.00167	0.00761	0.00386	0.00242	0.00789
26	0.19643	0.01707	0.01405	0.01173	0.01541	0.24363	0.00934	0.28678	0.04697	0.09022	0.01180	0.01216	0.00867	0.00610	0.00493	0.00162	0.00668	0.00424	0.00441	0.00777

[dist]
# distance from previous block
# <min> <max>
2	4

[block]
# block no. 2 follows, 43 sequences, length 21
# corresponding to MSA columns:
# 493-513
name=unknown_C
#
# <colnr> <probs for GDERKNQSTAVLIFYWHMCP>
#	G	D	E	R	K	N	Q	S	T	A	V	L	I	F	Y	W	H	M	C	P
0	0.17831	0.01217	0.01412	0.01100	0.01519	0.03391	0.04590	0.23148	0.01740	0.36156	0.01581	0.01495	0.01057	0.00633	0.00519	0.00170	0.00541	0.00491	0.00551	0.00859
1	0.01718	0.01470	0.01667	0.07028	0.01779	0.07113	0.01144	0.39204	0.01816	0.02444	0.01063	0.01276	0.00837	0.00755	0.00986	0.00192	0.27838	0.00483	0.00405	0.00781
2	0.04472	0.01516	0.01723	0.01342	0.01766	0.06868	0.08930	0.45657	0.11623	0.08275	0.01436	0.01445	0.01031	0.00645	0.00556	0.00170	0.00634	0.00520	0.00510	0.00881
3	0.00912	0.00597	0.00796	0.00782	0.00923	0.00556	0.00608	0.01152	0.01464	0.07379	0.50764	0.12313	0.04429	0.01234	0.00672	0.00194	0.00326	0.13771	0.00587	0.00543
4	0.00880	0.00723	0.00775	0.00742	0.00898	0.06189	0.00562	0.01100	0.01471	0.03270	0.48646	0.06768	0.20322	0.01180	0.00647	0.00180	0.00336	0.04227	0.00559	0.00524
5	0.84448	0.01071	0.00814	0.00728	0.01071	0.01242	0.00600	0.01628	0.00943	0.02485	0.00771	0.00900	0.00600	0.00514	0.00343	0.00171	0.00428	0.00300	0.00343	0.00600
6	0.01304	0.01485	0.03216	0.02305	0.02847	0.01410	0.72637	0.01760	0.01292	0.01760	0.01107	0.01485	0.00837	0.00483	0.00692	0.00189	0.03523	0.00648	0.00279	0.00742
7	0.00788	0.00540	0.00599	0.00599	0.00621	0.00529	0.00345	0.00804	0.00858	0.01122	0.02190	0.03821	0.10631	0.71425	0.02570	0.00497	0.00507	0.00847	0.00356	0.00351
8	0.00784	0.00566	0.00740	0.00697	0.00827	0.00523	0.00523	0.01045	0.01568	0.02221	0.76789	0.04137	0.05226	0.01132	0.00653	0.00174	0.00261	0.01002	0.00610	0.00523
9	0.10905	0.01476	0.01556	0.01204	0.01636	0.01631	0.00995	0.64469	0.02386	0.06354	0.01304	0.01306	0.00923	0.00650	0.00532	0.00167	0.00585	0.00480	0.00537	0.00905
10	0.19265	0.01300	0.05480	0.01078	0.01510	0.06713	0.03859	0.11580	0.01523	0.35413	0.01509	0.01448	0.01019	0.00606	0.00502	0.00164	0.00553	0.00464	0.00507	0.05507
11	0.01583	0.07110	0.05969	0.01330	0.01711	0.15416	0.08548	0.13530	0.27526	0.03355	0.01617	0.01870	0.01291	0.00700	0.00558	0.00175	0.00655	0.05826	0.00440	0.00790
12	0.16311	0.00953	0.01119	0.06338	0.01417	0.00981	0.00810	0.12388	0.01482	0.27365	0.01777	0.02219	0.01382	0.00751	0.00522	0.00177	0.00477	0.10316	0.12476	0.00740
13	0.08834	0.01286	0.01371	0.03825	0.01570	0.01449	0.00929	0.35377	0.28377	0.02768	0.01720	0.07157	0.01364	0.00755	0.00550	0.00179	0.00517	0.00603	0.00526	0.00843
14	0.01438	0.01390	0.02055	0.08230	0.57044	0.06803	0.01549	0.05804	0.06800	0.01878	0.01129	0.01400	0.00919	0.00531	0.00547	0.00166	0.00669	0.00494	0.00309	0.00846
15	0.01801	0.01078	0.01293	0.00983	0.01421	0.00980	0.00804	0.18859	0.01648	0.27727	0.03805	0.01685	0.01239	0.00618	0.00511	0.00140	0.00475	0.02710	0.00515	0.31707
16	0.01038	0.00770	0.00993	0.00917	0.01053	0.00873	0.00699	0.13928	0.01171	0.01629	0.01485	0.02293	0.01414	0.19091	0.46720	0.00670	0.03749	0.00617	0.00348	0.00544
17	0.33049	0.01219	0.01217	0.06704	0.01542	0.01399	0.00863	0.20141	0.24008	0.02604	0.01371	0.01399	0.01023	0.00626	0.00477	0.00176	0.00499	0.00461	0.00454	0.00769
18	0.16867	0.01565	0.01410	0.05221	0.06942	0.23690	0.03052	0.12436	0.03755	0.07279	0.01234	0.01469	0.02395	0.06417	0.00664	0.00187	0.00675	0.00461	0.00378	0.03902
19	0.16654	0.04917	0.01032	0.00816	0.01102	0.00968	0.00656	0.14645	0.01500	0.10537	0.12508	0.07364	0.21690	0.00949	0.00551	0.00175	0.00403	0.00765	0.02120	0.00649
20	0.55008	0.01150	0.01079	0.06147	0.01413	0.01295	0.00769	0.16275	0.01332	0.07792	0.00999	0.01098	0.00735	0.00556	0.00415	0.00169	0.00488	0.00371	0.00402	0.02508

[dist]
# distance from previous block
# <min> <max>
0	18

[block]
# block no. 3 follows, 43 sequences, length 29
# corresponding to MSA columns:
# 532-560
name=unknown_D
#
# <colnr> <probs for GDERKNQSTAVLIFYWHMCP>
#	G	D	E	R	K	N	Q	S	T	A	V	L	I	F	Y	W	H	M	C	P
0	0.46684	0.01078	0.01158	0.25794	0.05144	0.03894	0.00945	0.01536	0.01022	0.01995	0.00910	0.01265	0.00742	0.05195	0.00568	0.00196	0.00563	0.00401	0.00307	0.00602
1	0.05841	0.00854	0.01310	0.34598	0.10005	0.00990	0.01097	0.01261	0.01049	0.01486	0.05130	0.02011	0.01292	0.11898	0.18520	0.00388	0.00830	0.00572	0.00297	0.00572
2	0.40462	0.01404	0.01141	0.01005	0.01277	0.17322	0.00795	0.09365	0.01226	0.02085	0.00942	0.01241	0.00805	0.06125	0.04416	0.00231	0.08795	0.00399	0.00340	0.00622
3	0.00997	0.00716	0.01063	0.00953	0.01098	0.00763	0.06534	0.04625	0.01023	0.05817	0.01557	0.02446	0.01485	0.23596	0.44064	0.00665	0.01090	0.00647	0.00340	0.00520
4	0.20928	0.09532	0.01415	0.01040	0.01385	0.07653	0.00850	0.28342	0.04165	0.04972	0.01353	0.09602	0.01169	0.00885	0.04187	0.00202	0.00598	0.00545	0.00439	0.00739
5	0.01165	0.02827	0.01506	0.41824	0.07394	0.03080	0.01244	0.07333	0.09143	0.01731	0.03647	0.08419	0.03057	0.00762	0.00577	0.00186	0.00625	0.04460	0.00358	0.00663
6	0.01434	0.32183	0.35174	0.01296	0.01901	0.07931	0.01446	0.09547	0.01337	0.01735	0.00934	0.01066	0.00731	0.00525	0.00462	0.00150	0.00725	0.00372	0.00273	0.00777
7	0.02105	0.01551	0.01662	0.01274	0.01717	0.01717	0.01053	0.75235	0.02604	0.03490	0.01330	0.01330	0.00942	0.00665	0.00554	0.00166	0.00609	0.00499	0.00554	0.00942
8	0.01046	0.00984	0.01661	0.79205	0.03814	0.01230	0.01538	0.01415	0.01107	0.01415	0.00984	0.01477	0.00738	0.00554	0.00554	0.00185	0.00738	0.00492	0.00246	0.00615
9	0.01573	0.13649	0.41084	0.01288	0.01916	0.01272	0.01470	0.03627	0.01312	0.23560	0.01363	0.03287	0.00974	0.00597	0.00515	0.00167	0.00668	0.00466	0.00379	0.00832
10	0.01684	0.01490	0.01379	0.01329	0.07596	0.21542	0.00953	0.03743	0.30140	0.13555	0.09167	0.01892	0.01655	0.00709	0.00553	0.00170	0.00595	0.00569	0.00490	0.00791
11	0.01378	0.01190	0.01252	0.01127	0.01440	0.01378	0.00877	0.02943	0.76081	0.02317	0.02254	0.02066	0.01691	0.00751	0.00564	0.00188	0.00438	0.00626	0.00564	0.00877
12	0.00672	0.00492	0.00632	0.00744	0.00796	0.00452	0.00502	0.00774	0.01087	0.01425	0.03389	0.70338	0.13283	0.01691	0.00700	0.00220	0.00316	0.01521	0.00514	0.00452
13	0.02193	0.01140	0.01460	0.01142	0.01548	0.06138	0.06741	0.08405	0.05205	0.53115	0.01986	0.05472	0.01374	0.00712	0.00568	0.00174	0.00546	0.00598	0.00602	0.00880
14	0.02006	0.02387	0.01517	0.01366	0.01659	0.65788	0.01032	0.03901	0.07149	0.04706	0.02782	0.01196	0.00923	0.00604	0.00511	0.00149	0.00909	0.00403	0.00337	0.00676
15	0.77672	0.01026	0.00790	0.00711	0.01036	0.01183	0.00583	0.01601	0.00960	0.02451	0.00855	0.00994	0.00666	0.00525	0.00346	0.00168	0.00415	0.00317	0.07107	0.00593
16	0.01204	0.01146	0.01947	0.42273	0.39510	0.01272	0.01617	0.01554	0.01182	0.01607	0.01012	0.01425	0.00806	0.00524	0.00551	0.00175	0.00699	0.00493	0.00260	0.00743
17	0.01198	0.01140	0.01937	0.43627	0.38201	0.01271	0.01614	0.01549	0.01180	0.01600	0.01011	0.01427	0.00804	0.00525	0.00551	0.00175	0.00701	0.00493	0.00259	0.00738
18	0.01367	0.01260	0.01884	0.34662	0.35361	0.07501	0.01522	0.01690	0.01244	0.06679	0.01079	0.01419	0.00839	0.00538	0.00547	0.00172	0.00707	0.00486	0.00291	0.00753
19	0.00655	0.00561	0.00561	0.00561	0.00748	0.00468	0.00421	0.00795	0.01262	0.01496	0.05610	0.05330	0.76857	0.01403	0.00655	0.00187	0.00281	0.01169	0.00514	0.00468
20	0.01306	0.01323	0.05502	0.19976	0.10425	0.01275	0.32369	0.07609	0.01363	0.04895	0.01493	0.01771	0.06886	0.00592	0.00602	0.00181	0.00758	0.00614	0.00327	0.00734
21	0.01289	0.10046	0.07729	0.08243	0.02584	0.01485	0.46419	0.01766	0.05589	0.01691	0.01100	0.01418	0.00850	0.00533	0.00688	0.00183	0.06799	0.00572	0.00283	0.00734
22	0.00742	0.00560	0.00685	0.00663	0.00804	0.00503	0.00494	0.00961	0.01456	0.01976	0.53058	0.08421	0.25171	0.01239	0.00656	0.00180	0.00270	0.01078	0.00578	0.00503
23	0.02227	0.00881	0.01198	0.00949	0.01326	0.00766	0.00771	0.02435	0.01542	0.66378	0.07254	0.08258	0.01811	0.00799	0.00575	0.00176	0.00445	0.00668	0.00667	0.00875
24	0.36505	0.01253	0.01215	0.00985	0.01376	0.04536	0.00808	0.24278	0.01626	0.20528	0.01280	0.01268	0.00891	0.00603	0.00464	0.00169	0.00518	0.00424	0.00486	0.00787
25	0.05159	0.00973	0.01511	0.19308	0.02083	0.01034	0.11898	0.09252	0.01377	0.05785	0.01908	0.05206	0.01833	0.00969	0.00645	0.00210	0.00625	0.29162	0.00421	0.00640
26	0.00681	0.00487	0.00650	0.00779	0.00814	0.00456	0.00526	0.00783	0.01067	0.01421	0.03049	0.77905	0.03648	0.01729	0.00709	0.00226	0.00327	0.03778	0.00514	0.00452
27	0.01270	0.01241	0.01685	0.54531	0.07041	0.09464	0.01432	0.07504	0.01265	0.01591	0.00981	0.01388	0.00759	0.00594	0.00648	0.00182	0.07012	0.00478	0.00276	0.00657
28	0.00687	0.00491	0.00657	0.00786	0.00823	0.00461	0.00536	0.00793	0.01073	0.01428	0.03045	0.75863	0.03635	0.01723	0.00710	0.00227	0.00332	0.05761	0.00514	0.00453

[dist]
# distance from previous block
# <min> <max>
1	2

[block]
# block no. 4 follows, 43 sequences, length 72
# corresponding to MSA columns:
# 563-634
name=unknown_E
#
# <colnr> <probs for GDERKNQSTAVLIFYWHMCP>
#	G	D	E	R	K	N	Q	S	T	A	V	L	I	F	Y	W	H	M	C	P
0	0.01359	0.01154	0.01565	0.01320	0.01460	0.01447	0.04343	0.07709	0.10581	0.07573	0.02887	0.04392	0.01181	0.03663	0.02847	0.00242	0.44651	0.00580	0.00367	0.00681
1	0.00802	0.00582	0.00791	0.00809	0.00869	0.00636	0.00587	0.00928	0.00911	0.01262	0.01834	0.11128	0.01960	0.28385	0.37478	0.00638	0.02842	0.06767	0.00348	0.00442
2	0.00959	0.00605	0.00794	0.00724	0.00887	0.00552	0.00551	0.01213	0.01563	0.10087	0.67454	0.03927	0.06352	0.01091	0.00643	0.00174	0.00284	0.00959	0.00616	0.00565
3	0.01428	0.69822	0.13490	0.01037	0.01560	0.02063	0.01103	0.01672	0.01132	0.01367	0.00802	0.00928	0.00709	0.00481	0.00380	0.00127	0.00624	0.00312	0.00236	0.00726
4	0.10928	0.01411	0.09396	0.07195	0.01769	0.01323	0.01063	0.34112	0.01867	0.19616	0.01591	0.01581	0.04349	0.00663	0.00533	0.00171	0.00576	0.00510	0.00501	0.00845
5	0.02472	0.00963	0.01298	0.00995	0.01424	0.00844	0.00822	0.05083	0.01619	0.75034	0.02157	0.01867	0.01357	0.00685	0.00557	0.00171	0.00476	0.00555	0.00681	0.00943
6	0.01250	0.12011	0.01463	0.01044	0.01186	0.01229	0.03320	0.01379	0.00993	0.09302	0.01281	0.02004	0.01221	0.23036	0.03129	0.00302	0.27928	0.00566	0.06783	0.00576
7	0.01060	0.00999	0.01687	0.75821	0.07085	0.01234	0.01545	0.01428	0.01114	0.01433	0.00987	0.01472	0.00744	0.00551	0.00553	0.00184	0.00735	0.00492	0.00247	0.00627
8	0.00698	0.00502	0.00663	0.00757	0.00805	0.00478	0.00514	0.00811	0.01083	0.01455	0.09037	0.62016	0.05808	0.06185	0.06141	0.00282	0.00407	0.01405	0.00497	0.00453
9	0.00804	0.00541	0.00622	0.00622	0.00629	0.00547	0.00359	0.00817	0.00811	0.01087	0.01728	0.03531	0.01973	0.75623	0.07677	0.00560	0.00598	0.00792	0.00333	0.00346
10	0.13082	0.01124	0.01510	0.07280	0.04071	0.01151	0.08653	0.10753	0.11425	0.30501	0.01687	0.03744	0.01201	0.00658	0.00542	0.00177	0.00548	0.00555	0.00514	0.00826
11	0.00790	0.00594	0.00733	0.00800	0.00899	0.00578	0.00575	0.03008	0.06998	0.01624	0.08213	0.51694	0.12687	0.01532	0.00686	0.00215	0.00344	0.06998	0.00525	0.00508
12	0.02333	0.00898	0.01205	0.00936	0.01333	0.00783	0.00769	0.02552	0.01541	0.69568	0.02145	0.01904	0.01376	0.00681	0.00539	0.00167	0.00449	0.00553	0.09371	0.00898
13	0.00940	0.00585	0.00774	0.00748	0.00885	0.00535	0.00552	0.01152	0.01434	0.10218	0.48896	0.24257	0.04386	0.01245	0.00657	0.00187	0.00300	0.01106	0.00592	0.00549
14	0.01316	0.01988	0.26345	0.01895	0.02488	0.07709	0.38197	0.01926	0.09117	0.01790	0.01178	0.01411	0.00875	0.00524	0.00591	0.00180	0.00851	0.00549	0.00296	0.00774
15	0.01230	0.01248	0.01952	0.47918	0.19799	0.07628	0.09237	0.01582	0.01201	0.01535	0.01001	0.01415	0.00778	0.00533	0.00558	0.00177	0.00762	0.00498	0.00259	0.00689
16	0.02069	0.02640	0.01569	0.01427	0.01712	0.78313	0.01070	0.02212	0.01569	0.01355	0.00856	0.00999	0.00713	0.00571	0.00499	0.00143	0.00999	0.00357	0.00285	0.00642
17	0.00804	0.00543	0.00634	0.00634	0.00644	0.00553	0.00373	0.00825	0.00814	0.01096	0.01718	0.03473	0.01948	0.72536	0.10729	0.00574	0.00636	0.00783	0.00332	0.00352
18	0.01136	0.00960	0.01034	0.00945	0.01176	0.03605	0.00725	0.02070	0.40266	0.02241	0.35504	0.02955	0.03237	0.00915	0.00601	0.00180	0.00378	0.00785	0.00575	0.00710
19	0.01265	0.01377	0.02656	0.04601	0.02414	0.01500	0.46374	0.01605	0.01137	0.01605	0.00976	0.01393	0.00797	0.00648	0.01064	0.00206	0.28836	0.00588	0.00266	0.00692
20	0.84448	0.01071	0.00814	0.00728	0.01071	0.01242	0.00600	0.01628	0.00943	0.02485	0.00771	0.00900	0.00600	0.00514	0.00343	0.00171	0.00428	0.00300	0.00343	0.00600
21	0.01046	0.00984	0.01661	0.79205	0.03814	0.01230	0.01538	0.01415	0.01107	0.01415	0.00984	0.01477	0.00738	0.00554	0.00554	0.00185	0.00738	0.00492	0.00246	0.00615
22	0.01282	0.01225	0.02087	0.24207	0.56970	0.01292	0.01655	0.01622	0.01219	0.01701	0.01026	0.01400	0.00839	0.00510	0.00550	0.00170	0.00680	0.00493	0.00266	0.00805
23	0.01565	0.01107	0.01236	0.01075	0.01383	0.01225	0.00840	0.08978	0.50197	0.13697	0.02023	0.01933	0.01498	0.00861	0.00735	0.09228	0.00463	0.00589	0.00546	0.00824
24	0.01103	0.01093	0.04276	0.01423	0.01752	0.01040	0.25174	0.01711	0.17879	0.01850	0.07015	0.09861	0.06682	0.00960	0.00657	0.00203	0.00597	0.15608	0.00444	0.00672
25	0.01380	0.01246	0.01373	0.01205	0.01372	0.09412	0.00966	0.01955	0.23453	0.06059	0.04045	0.01757	0.03281	0.00838	0.01053	0.00199	0.32298	0.00556	0.06854	0.00696
26	0.00756	0.00565	0.00702	0.00668	0.00811	0.00511	0.00501	0.00992	0.01503	0.02067	0.61642	0.04391	0.20469	0.01190	0.00653	0.00177	0.00265	0.01037	0.00589	0.00511
27	0.00829	0.00573	0.00695	0.00657	0.00812	0.00518	0.00495	0.01058	0.01457	0.04576	0.50027	0.04192	0.22940	0.01145	0.00628	0.00174	0.00273	0.00989	0.07438	0.00522
28	0.02263	0.00910	0.01199	0.00942	0.01331	0.00814	0.00771	0.02559	0.05786	0.64950	0.02148	0.01915	0.01394	0.00685	0.00539	0.00168	0.00446	0.00556	0.09731	0.00892
29	0.02313	0.00977	0.01282	0.00993	0.01400	0.00886	0.00816	0.10173	0.01691	0.63875	0.07882	0.02002	0.01625	0.00718	0.00564	0.00171	0.00469	0.00585	0.00666	0.00910
30	0.01032	0.00516	0.00516	0.00516	0.00645	0.00516	0.00387	0.01290	0.01161	0.02065	0.01807	0.02065	0.01420	0.00645	0.00387	0.00129	0.00258	0.00516	0.83611	0.00516
31	0.00686	0.00492	0.00651	0.00760	0.00805	0.00458	0.00513	0.00800	0.01117	0.01500	0.10821	0.70899	0.05110	0.01666	0.00700	0.00219	0.00314	0.01507	0.00524	0.00458
32	0.00791	0.00593	0.00890	0.00890	0.00989	0.00692	0.00692	0.00989	0.00890	0.01286	0.01483	0.02176	0.01385	0.04154	0.78341	0.00890	0.01483	0.00593	0.00297	0.00494
33	0.00714	0.00569	0.00643	0.00640	0.00804	0.00498	0.00490	0.00901	0.01360	0.01738	0.27916	0.05024	0.48486	0.01327	0.00663	0.00188	0.00292	0.06715	0.00544	0.00488
34	0.01327	0.00715	0.00944	0.00834	0.01060	0.00660	0.00664	0.04093	0.01577	0.23669	0.44835	0.03628	0.03755	0.01032	0.00635	0.00182	0.00360	0.08755	0.00618	0.00655
35	0.01032	0.00516	0.00516	0.00516	0.00645	0.00516	0.00387	0.01290	0.01161	0.02065	0.01807	0.02065	0.01420	0.00645	0.00387	0.00129	0.00258	0.00516	0.83611	0.00516
36	0.01046	0.00984	0.01661	0.79205	0.03814	0.01230	0.01538	0.01415	0.01107	0.01415	0.00984	0.01477	0.00738	0.00554	0.00554	0.00185	0.00738	0.00492	0.00246	0.00615
37	0.01093	0.01235	0.07953	0.38260	0.03024	0.01194	0.25311	0.01488	0.01194	0.01594	0.04584	0.08072	0.01210	0.00647	0.00601	0.00187	0.00752	0.00650	0.00295	0.00656
38	0.01337	0.08639	0.47607	0.03566	0.02145	0.15761	0.03404	0.04418	0.01298	0.01686	0.01172	0.01323	0.04117	0.00574	0.00518	0.00166	0.00804	0.00436	0.00269	0.00759
39	0.01324	0.01328	0.02016	0.22232	0.42730	0.07309	0.03547	0.01631	0.01204	0.01623	0.00982	0.01355	0.00813	0.00564	0.00682	0.00177	0.08973	0.00486	0.00265	0.00761
40	0.01959	0.01510	0.01524	0.01205	0.01586	0.07882	0.00968	0.57717	0.04061	0.05037	0.01379	0.01575	0.01065	0.09026	0.00787	0.00204	0.00626	0.00524	0.00513	0.00852
41	0.01284	0.01063	0.01557	0.01135	0.01619	0.00868	0.15020	0.01571	0.01223	0.08406	0.01202	0.01507	0.00978	0.00495	0.00486	0.00118	0.00521	0.03671	0.00358	0.56918
42	0.01167	0.01142	0.01541	0.01334	0.01379	0.01541	0.01101	0.01409	0.07100	0.01431	0.01365	0.01714	0.08780	0.00997	0.01592	0.00232	0.64696	0.00568	0.00297	0.00614
43	0.00808	0.00577	0.00795	0.00923	0.01014	0.00565	0.00745	0.01001	0.01192	0.01563	0.02979	0.34981	0.03372	0.01610	0.00742	0.00243	0.00437	0.45455	0.00512	0.00487
44	0.00675	0.00482	0.00643	0.00771	0.00803	0.00450	0.00514	0.00771	0.01060	0.01414	0.03053	0.80175	0.03663	0.01735	0.00707	0.00225	0.00321	0.01574	0.00514	0.00450
45	0.00661	0.00561	0.00570	0.00568	0.00752	0.00470	0.00426	0.00808	0.01278	0.01533	0.09224	0.05269	0.73220	0.01389	0.00654	0.00186	0.00280	0.01160	0.00519	0.00470
46	0.01481	0.80869	0.02902	0.00948	0.01421	0.02191	0.00948	0.01658	0.01125	0.01303	0.00770	0.00888	0.00711	0.00474	0.00355	0.00118	0.00592	0.00296	0.00237	0.00711
47	0.00790	0.00539	0.00600	0.00600	0.00619	0.00530	0.00345	0.00804	0.00853	0.01118	0.02150	0.03803	0.09853	0.72248	0.02592	0.00500	0.00510	0.00843	0.00354	0.00349
48	0.02137	0.01501	0.01631	0.01250	0.01692	0.01643	0.01033	0.69249	0.02520	0.09595	0.01400	0.01376	0.00977	0.00667	0.00554	0.00167	0.00598	0.00503	0.00565	0.00942
49	0.01481	0.80869	0.02902	0.00948	0.01421	0.02191	0.00948	0.01658	0.01125	0.01303	0.00770	0.00888	0.00711	0.00474	0.00355	0.00118	0.00592	0.00296	0.00237	0.00711
50	0.01568	0.01034	0.01580	0.01980	0.34031	0.00996	0.01137	0.05085	0.01444	0.23286	0.13483	0.08453	0.01935	0.00758	0.00581	0.00173	0.00513	0.00681	0.00476	0.00807
51	0.00683	0.00489	0.00650	0.00765	0.00805	0.00455	0.00515	0.00792	0.01100	0.01476	0.08772	0.74277	0.03784	0.01688	0.00703	0.00221	0.00317	0.01530	0.00522	0.00455
52	0.01466	0.01439	0.02989	0.02146	0.02687	0.01353	0.63988	0.05150	0.01394	0.09779	0.01241	0.01528	0.00900	0.00499	0.00639	0.00184	0.00871	0.00637	0.00335	0.00776
53	0.00825	0.00656	0.00752	0.00717	0.00891	0.00630	0.00540	0.01235	0.12711	0.01955	0.38143	0.06793	0.29699	0.01189	0.00642	0.00182	0.00297	0.01023	0.00566	0.00554
54	0.02025	0.08954	0.01691	0.01367	0.01689	0.62088	0.01058	0.11645	0.01667	0.01628	0.00910	0.01033	0.00743	0.00575	0.00495	0.00144	0.00915	0.00370	0.00316	0.00687
55	0.00784	0.00566	0.00740	0.00697	0.00827	0.00523	0.00523	0.01045	0.01568	0.02221	0.76789	0.04137	0.05226	0.01132	0.00653	0.00174	0.00261	0.01002	0.00610	0.00523
56	0.00807	0.00578	0.00845	0.00845	0.00925	0.00658	0.00636	0.00947	0.00867	0.01236	0.01469	0.02292	0.01418	0.12224	0.63894	0.07701	0.01298	0.00607	0.00296	0.00456
57	0.01201	0.00954	0.01271	0.01058	0.01327	0.00983	0.08739	0.12501	0.17671	0.04079	0.39825	0.02943	0.03275	0.00900	0.00617	0.00177	0.00428	0.00799	0.00558	0.00694
58	0.00674	0.00484	0.00640	0.00766	0.00802	0.00450	0.00512	0.00772	0.01066	0.01416	0.03121	0.78182	0.05611	0.01726	0.00706	0.00224	0.00320	0.01564	0.00514	0.00450
59	0.84448	0.01071	0.00814	0.00728	0.01071	0.01242	0.00600	0.01628	0.00943	0.02485	0.00771	0.00900	0.00600	0.00514	0.00343	0.00171	0.00428	0.00300	0.00343	0.00600
60	0.22753	0.01289	0.01365	0.01308	0.09324	0.06836	0.00947	0.12252	0.15826	0.14465	0.01394	0.01424	0.01029	0.00646	0.00596	0.00177	0.06662	0.00470	0.00451	0.00788
61	0.01132	0.00761	0.00882	0.00805	0.01009	0.00784	0.00618	0.01755	0.22437	0.08054	0.35262	0.02972	0.03182	0.00894	0.00568	0.00169	0.00327	0.00766	0.16971	0.00653
62	0.00804	0.00542	0.00628	0.00628	0.00636	0.00550	0.00365	0.00821	0.00812	0.01091	0.01723	0.03505	0.01962	0.74233	0.09051	0.00566	0.00615	0.00788	0.00332	0.00349
63	0.00759	0.00601	0.00938	0.00955	0.01051	0.00565	0.08354	0.00907	0.01104	0.01472	0.02840	0.65833	0.03328	0.01585	0.00706	0.00223	0.00401	0.07402	0.00489	0.00486
64	0.01371	0.01316	0.02248	0.03399	0.77081	0.01316	0.01700	0.01700	0.01261	0.01809	0.01042	0.01371	0.00877	0.00493	0.00548	0.00164	0.00658	0.00493	0.00274	0.00877
65	0.00781	0.00527	0.00611	0.00635	0.00641	0.00521	0.00369	0.00799	0.00853	0.01138	0.01990	0.17960	0.02322	0.65780	0.02423	0.00479	0.00497	0.00949	0.00369	0.00357
66	0.01110	0.00933	0.01170	0.30217	0.07857	0.07260	0.00979	0.01393	0.01193	0.01684	0.01760	0.02045	0.08966	0.00672	0.00499	0.00160	0.00532	0.00561	0.30423	0.00586
67	0.01240	0.01222	0.02034	0.38114	0.35102	0.03867	0.07295	0.01592	0.01204	0.01610	0.01015	0.01416	0.00805	0.00522	0.00557	0.00175	0.00728	0.00501	0.00262	0.00739
68	0.00770	0.00758	0.07112	0.00907	0.01004	0.00652	0.00714	0.00920	0.01063	0.01458	0.04919	0.63033	0.03159	0.01536	0.00807	0.00221	0.08656	0.01346	0.00465	0.00499
69	0.00729	0.00537	0.00690	0.00799	0.00853	0.00522	0.00542	0.00940	0.06880	0.01484	0.02991	0.74116	0.03510	0.01659	0.00696	0.00222	0.00330	0.01501	0.00518	0.00483
70	0.27735	0.01731	0.01946	0.01535	0.01938	0.26233	0.27679	0.01870	0.01277	0.01862	0.00925	0.01147	0.00724	0.00515	0.00506	0.00168	0.00796	0.00446	0.00302	0.00667
71	0.00669	0.00506	0.00618	0.00709	0.00787	0.00455	0.00486	0.00778	0.01121	0.01438	0.03815	0.57860	0.25486	0.01636	0.00691	0.00214	0.00309	0.01454	0.00514	0.00455

[dist]
# distance from previous block
# <min> <max>
0	2

[block]
# block no. 5 follows, 43 sequences, length 24
# corresponding to MSA columns:
# 637-660
name=unknown_F
#
# <colnr> <probs for GDERKNQSTAVLIFYWHMCP>
#	G	D	E	R	K	N	Q	S	T	A	V	L	I	F	Y	W	H	M	C	P
0	0.01455	0.01625	0.09485	0.02148	0.25279	0.09406	0.09857	0.10252	0.01340	0.01827	0.00980	0.01281	0.00808	0.00644	0.00880	0.00186	0.20995	0.00488	0.00297	0.00770
1	0.00688	0.00503	0.00647	0.00736	0.00800	0.00462	0.00504	0.00813	0.01155	0.01537	0.13738	0.60731	0.12423	0.01611	0.00693	0.00213	0.00308	0.01446	0.00528	0.00462
2	0.01336	0.01393	0.17150	0.01185	0.06986	0.00904	0.01041	0.01666	0.01220	0.11963	0.01152	0.01268	0.00874	0.00477	0.00464	0.00119	0.00521	0.00388	0.00353	0.49540
3	0.00791	0.00576	0.00684	0.00697	0.00848	0.00499	0.00502	0.00933	0.01207	0.04971	0.09447	0.36108	0.31932	0.01418	0.00654	0.00194	0.00314	0.01238	0.00516	0.06471
4	0.00672	0.00557	0.00588	0.00591	0.00761	0.00473	0.00439	0.00825	0.01289	0.01583	0.14455	0.09567	0.63514	0.01388	0.00657	0.00188	0.00280	0.01171	0.00526	0.00473
5	0.01481	0.80869	0.02902	0.00948	0.01421	0.02191	0.00948	0.01658	0.01125	0.01303	0.00770	0.00888	0.00711	0.00474	0.00355	0.00118	0.00592	0.00296	0.00237	0.00711
6	0.01148	0.00984	0.01148	0.00820	0.01312	0.00738	0.00656	0.01395	0.01148	0.01805	0.00984	0.01148	0.00820	0.00410	0.00410	0.00082	0.00410	0.00328	0.00328	0.83922
7	0.02250	0.01319	0.01519	0.01164	0.01602	0.01373	0.00962	0.47612	0.02216	0.31661	0.01655	0.01541	0.01105	0.00673	0.00555	0.00168	0.00557	0.00521	0.00604	0.00942
8	0.00713	0.00532	0.00701	0.00803	0.00852	0.00520	0.00565	0.00824	0.01081	0.01433	0.03133	0.65823	0.09044	0.01661	0.00757	0.00225	0.03910	0.06458	0.00502	0.00462
9	0.00791	0.00593	0.00890	0.00890	0.00989	0.00692	0.00692	0.00989	0.00890	0.01286	0.01483	0.02176	0.01385	0.04154	0.78341	0.00890	0.01483	0.00593	0.00297	0.00494
10	0.00673	0.00562	0.00587	0.00580	0.00759	0.00475	0.00435	0.00830	0.01306	0.01599	0.15732	0.05160	0.66671	0.01364	0.00654	0.00185	0.00278	0.01145	0.00528	0.00475
11	0.01184	0.04756	0.01565	0.01413	0.06577	0.06920	0.01085	0.01344	0.00952	0.01353	0.00962	0.01450	0.00911	0.01734	0.21961	0.00397	0.44075	0.00497	0.00262	0.00602
12	0.01046	0.00984	0.01661	0.79205	0.03814	0.01230	0.01538	0.01415	0.01107	0.01415	0.00984	0.01477	0.00738	0.00554	0.00554	0.00185	0.00738	0.00492	0.00246	0.00615
13	0.00805	0.00537	0.00604	0.00604	0.00604	0.00537	0.00336	0.00805	0.00805	0.01074	0.01745	0.03624	0.02013	0.80536	0.02819	0.00537	0.00537	0.00805	0.00336	0.00336
14	0.02485	0.00943	0.01285	0.00985	0.01414	0.00814	0.00814	0.02699	0.01585	0.77465	0.02185	0.01885	0.01371	0.00685	0.00557	0.00171	0.00471	0.00557	0.00685	0.00943
15	0.02280	0.01272	0.01489	0.01142	0.01578	0.01303	0.00943	0.41918	0.02136	0.37468	0.01723	0.01585	0.01139	0.00674	0.00555	0.00169	0.00546	0.00525	0.00614	0.00942
16	0.01264	0.01325	0.02488	0.08135	0.18329	0.01421	0.34214	0.01604	0.01161	0.01635	0.01010	0.01418	0.00828	0.00701	0.03053	0.00215	0.19642	0.00565	0.00268	0.00724
17	0.00690	0.00493	0.00661	0.00789	0.00828	0.00463	0.00541	0.00798	0.01076	0.01431	0.03044	0.74873	0.03629	0.01720	0.00711	0.00227	0.00335	0.06722	0.00514	0.00454
18	0.03921	0.21278	0.29183	0.01341	0.01863	0.24819	0.01381	0.04945	0.01324	0.01607	0.00899	0.01051	0.00715	0.00546	0.00511	0.00153	0.03094	0.00369	0.00267	0.00732
19	0.00720	0.00501	0.00629	0.00714	0.00735	0.00480	0.00453	0.00783	0.00972	0.01297	0.02602	0.53793	0.03095	0.28893	0.01435	0.00332	0.00396	0.01309	0.00453	0.00410
20	0.45851	0.15836	0.03697	0.00939	0.03467	0.03818	0.00791	0.01830	0.01135	0.15036	0.02530	0.01156	0.00858	0.00550	0.00405	0.00161	0.00500	0.00368	0.00380	0.00694
21	0.16233	0.25470	0.12609	0.01179	0.03760	0.01638	0.02431	0.18987	0.05713	0.04110	0.01071	0.01155	0.00825	0.00553	0.00453	0.00154	0.00592	0.00398	0.00363	0.02304
22	0.01358	0.01452	0.08143	0.05280	0.50687	0.01316	0.17885	0.01740	0.01269	0.03908	0.01086	0.01400	0.00865	0.00497	0.00570	0.00171	0.00728	0.00524	0.00283	0.00838
23	0.01565	0.01058	0.03400	0.01139	0.01471	0.01044	0.06478	0.02350	0.31405	0.23463	0.02240	0.08037	0.01818	0.00864	0.00597	0.00192	0.00492	0.09154	0.02431	0.00802

[dist]
# distance from previous block
# <min> <max>
0	2

[block]
# block no. 6 follows, 43 sequences, length 81
# corresponding to MSA columns:
# 663-679,681-744
name=unknown_G
#
# <colnr> <probs for GDERKNQSTAVLIFYWHMCP>
#	G	D	E	R	K	N	Q	S	T	A	V	L	I	F	Y	W	H	M	C	P
0	0.03784	0.01711	0.01526	0.01326	0.01531	0.29208	0.01052	0.03938	0.10193	0.01591	0.00997	0.01227	0.00848	0.00731	0.00996	0.00182	0.30616	0.00437	0.00315	0.07791
1	0.01961	0.04507	0.06224	0.01173	0.01604	0.01115	0.07654	0.18242	0.01726	0.37457	0.09130	0.03606	0.01591	0.00710	0.00568	0.00171	0.00546	0.00599	0.00562	0.00855
2	0.00746	0.00565	0.00687	0.00657	0.00804	0.00506	0.00493	0.00971	0.01478	0.02007	0.55778	0.04489	0.26371	0.01212	0.00654	0.00178	0.00267	0.01051	0.00582	0.00506
3	0.04502	0.01018	0.01249	0.00977	0.01368	0.00974	0.00802	0.17712	0.01728	0.49562	0.02072	0.01900	0.04390	0.00702	0.00538	0.00167	0.00471	0.00559	0.08435	0.00873
4	0.01106	0.00870	0.01187	0.01143	0.04340	0.00885	0.07494	0.03835	0.19517	0.06132	0.02793	0.24555	0.11417	0.01169	0.00649	0.00205	0.00458	0.11088	0.00506	0.00652
5	0.01295	0.01109	0.01179	0.01080	0.01364	0.01269	0.00832	0.02689	0.67292	0.02213	0.02415	0.09244	0.03856	0.00858	0.00579	0.00191	0.00424	0.00727	0.00558	0.00827
6	0.02469	0.00968	0.01301	0.00997	0.01426	0.00851	0.00824	0.05703	0.01627	0.74401	0.02150	0.01862	0.01353	0.00685	0.00557	0.00171	0.00477	0.00555	0.00680	0.00942
7	0.00697	0.00512	0.00685	0.00799	0.00830	0.00500	0.00542	0.00794	0.01052	0.01411	0.02958	0.76978	0.03544	0.01704	0.00752	0.00226	0.03528	0.01530	0.00503	0.00456
8	0.01112	0.01052	0.01781	0.63736	0.18766	0.01248	0.01571	0.01473	0.01139	0.01496	0.00996	0.01455	0.00767	0.00541	0.00553	0.00180	0.00722	0.00492	0.00252	0.00669
9	0.00686	0.00505	0.00643	0.00731	0.00798	0.00462	0.00501	0.00810	0.01156	0.01531	0.13025	0.59259	0.14645	0.01608	0.00692	0.00213	0.00307	0.01440	0.00527	0.00462
10	0.00835	0.00637	0.00776	0.00732	0.00891	0.00614	0.00555	0.01228	0.09988	0.02125	0.57572	0.04095	0.14493	0.01132	0.00645	0.00179	0.00288	0.02070	0.00590	0.00555
11	0.22381	0.01132	0.01494	0.01245	0.05735	0.01124	0.09297	0.11078	0.01501	0.37246	0.01549	0.01502	0.01042	0.00605	0.00514	0.00172	0.00541	0.00494	0.00516	0.00832
12	0.01477	0.01187	0.01568	0.38383	0.02652	0.01383	0.01241	0.23259	0.15863	0.05334	0.01377	0.01563	0.01005	0.00629	0.00556	0.00179	0.00633	0.00522	0.00414	0.00774
13	0.00887	0.00634	0.00887	0.01014	0.01140	0.00633	0.00884	0.01139	0.01270	0.01652	0.02935	0.07944	0.03198	0.01535	0.00764	0.00254	0.00506	0.71706	0.00510	0.00509
14	0.01352	0.01332	0.02380	0.05436	0.64109	0.01326	0.12429	0.01702	0.01263	0.01793	0.01052	0.01392	0.00868	0.00491	0.00564	0.00168	0.00701	0.00517	0.00274	0.00851
15	0.01046	0.00984	0.01661	0.79205	0.03814	0.01230	0.01538	0.01415	0.01107	0.01415	0.00984	0.01477	0.00738	0.00554	0.00554	0.00185	0.00738	0.00492	0.00246	0.00615
16	0.01481	0.80869	0.02902	0.00948	0.01421	0.02191	0.00948	0.01658	0.01125	0.01303	0.00770	0.00888	0.00711	0.00474	0.00355	0.00118	0.00592	0.00296	0.00237	0.00711
17	0.00947	0.00486	0.00710	0.00710	0.00710	0.00486	0.00467	0.00729	0.00729	0.00973	0.01036	0.01866	0.01061	0.09313	0.02226	0.76052	0.00486	0.00511	0.00249	0.00249
18	0.00680	0.00561	0.00601	0.00626	0.00793	0.00483	0.00476	0.00827	0.01245	0.01504	0.05107	0.12455	0.62728	0.01446	0.00670	0.00197	0.00307	0.08310	0.00514	0.00470
19	0.01174	0.03457	0.32301	0.01344	0.01856	0.01034	0.12931	0.01615	0.01358	0.09014	0.25551	0.02238	0.02245	0.00726	0.00586	0.00175	0.00619	0.00650	0.00405	0.00721
20	0.01707	0.01148	0.01317	0.05431	0.01582	0.01256	0.00909	0.11639	0.43291	0.20503	0.02044	0.01899	0.01463	0.00712	0.00556	0.00180	0.00480	0.00584	0.02422	0.00878
21	0.84448	0.01071	0.00814	0.00728	0.01071	0.01242	0.00600	0.01628	0.00943	0.02485	0.00771	0.00900	0.00600	0.00514	0.00343	0.00171	0.00428	0.00300	0.00343	0.00600
22	0.01046	0.00984	0.01661	0.79205	0.03814	0.01230	0.01538	0.01415	0.01107	0.01415	0.00984	0.01477	0.00738	0.00554	0.00554	0.00185	0.00738	0.00492	0.00246	0.00615
23	0.01070	0.01032	0.01812	0.71980	0.03728	0.01246	0.08449	0.01449	0.01126	0.01449	0.00997	0.01478	0.00748	0.00546	0.00563	0.00185	0.00757	0.00507	0.00249	0.00628
24	0.01148	0.00984	0.01148	0.00820	0.01312	0.00738	0.00656	0.01395	0.01148	0.01805	0.00984	0.01148	0.00820	0.00410	0.00410	0.00082	0.00410	0.00328	0.00328	0.83922
25	0.02190	0.01228	0.01442	0.01121	0.01535	0.01256	0.00919	0.39673	0.02077	0.35427	0.01796	0.05947	0.01279	0.00733	0.00564	0.00172	0.00534	0.00584	0.00609	0.00915
26	0.84448	0.01071	0.00814	0.00728	0.01071	0.01242	0.00600	0.01628	0.00943	0.02485	0.00771	0.00900	0.00600	0.00514	0.00343	0.00171	0.00428	0.00300	0.00343	0.00600
27	0.00696	0.00563	0.00618	0.00604	0.00773	0.00485	0.00453	0.00874	0.01359	0.01726	0.28177	0.04952	0.54147	0.01317	0.00654	0.00183	0.00274	0.01116	0.00545	0.00485
28	0.01019	0.00519	0.00529	0.00526	0.00655	0.00517	0.00395	0.01277	0.01184	0.02073	0.05968	0.02180	0.01631	0.00672	0.00402	0.00132	0.00258	0.00543	0.79004	0.00517
29	0.40855	0.00963	0.00992	0.00821	0.01181	0.00987	0.00673	0.02063	0.01243	0.35152	0.01485	0.01439	0.01013	0.00601	0.00440	0.00167	0.00431	0.00432	0.08319	0.00741
30	0.02443	0.00930	0.01263	0.00972	0.01392	0.00805	0.00802	0.02659	0.01573	0.75294	0.02174	0.01890	0.01372	0.00684	0.00552	0.00170	0.00465	0.00556	0.03073	0.00930
31	0.02455	0.00991	0.01315	0.01008	0.01438	0.00886	0.00833	0.08491	0.01667	0.71558	0.02117	0.01841	0.01337	0.00684	0.00557	0.00171	0.00482	0.00552	0.00675	0.00942
32	0.00675	0.00482	0.00643	0.00771	0.00803	0.00450	0.00514	0.00771	0.01060	0.01414	0.03053	0.80175	0.03663	0.01735	0.00707	0.00225	0.00321	0.01574	0.00514	0.00450
33	0.00751	0.00562	0.00719	0.00807	0.00878	0.00560	0.00561	0.00996	0.08104	0.01490	0.02939	0.62722	0.06234	0.01849	0.07740	0.00280	0.00436	0.01380	0.00499	0.00495
34	0.00670	0.00542	0.00596	0.00623	0.00768	0.00468	0.00452	0.00810	0.01239	0.01537	0.10961	0.23214	0.53266	0.01460	0.00667	0.00195	0.00289	0.01252	0.00522	0.00468
35	0.07095	0.01022	0.01303	0.01005	0.01430	0.00946	0.00830	0.11268	0.01670	0.64406	0.02003	0.01763	0.01276	0.00673	0.00544	0.00171	0.00485	0.00535	0.00650	0.00923
36	0.02305	0.01087	0.01357	0.01056	0.01477	0.01047	0.00867	0.17162	0.08790	0.55675	0.02021	0.01792	0.01316	0.00688	0.00557	0.00172	0.00496	0.00552	0.00648	0.00936
37	0.01022	0.00946	0.01578	0.72077	0.03543	0.01166	0.01446	0.01381	0.01149	0.01488	0.07867	0.01718	0.01146	0.00606	0.00563	0.00184	0.00695	0.00538	0.00279	0.00607
38	0.01821	0.01027	0.01239	0.01009	0.01347	0.01037	0.00822	0.24827	0.03609	0.29283	0.09079	0.02327	0.05873	0.01110	0.07637	0.00239	0.00571	0.03565	0.02774	0.00805
39	0.01312	0.01403	0.02002	0.01629	0.01769	0.08838	0.16127	0.01505	0.01009	0.01424	0.00819	0.01249	0.00749	0.00830	0.01458	0.00222	0.56257	0.00507	0.00254	0.00638
40	0.41178	0.01497	0.08133	0.08374	0.01656	0.10667	0.00966	0.14896	0.01376	0.05233	0.00976	0.01105	0.00727	0.00559	0.00444	0.00169	0.00596	0.00380	0.00368	0.00701
41	0.00834	0.00620	0.00793	0.00883	0.07636	0.00596	0.00529	0.00963	0.01144	0.01559	0.26503	0.03769	0.10984	0.38955	0.01676	0.00348	0.00431	0.00880	0.00438	0.00460
42	0.01397	0.03623	0.08612	0.05676	0.08487	0.01169	0.01114	0.11006	0.05485	0.10294	0.01556	0.04759	0.01361	0.00895	0.02962	0.00203	0.09870	0.10628	0.00409	0.10494
43	0.01065	0.00850	0.01317	0.46961	0.08160	0.00995	0.01160	0.01394	0.01137	0.01664	0.01267	0.01668	0.00979	0.00580	0.00497	0.00164	0.00570	0.00500	0.28469	0.00601
44	0.01610	0.02997	0.01517	0.01227	0.01558	0.01525	0.03098	0.28518	0.35838	0.02588	0.01684	0.01671	0.01267	0.00726	0.00686	0.00183	0.08889	0.00556	0.03009	0.00853
