[name]
unknown

[dist]
# distance from previous block
# <min> <max>
1	535

[block]
# block no. 0 follows, 40 sequences, length 26
# corresponding to MSA columns:
# 793-818
name=unknown_A
#
# <colnr> <probs for GDERKNQSTAVLIFYWHMCP>
#	G	D	E	R	K	N	Q	S	T	A	V	L	I	F	Y	W	H	M	C	P
0	0.09110	0.01235	0.02463	0.01308	0.08262	0.04749	0.02092	0.11358	0.17632	0.12916	0.01788	0.09211	0.01494	0.04964	0.00690	0.00198	0.00541	0.00645	0.00494	0.08851
1	0.07176	0.06056	0.09003	0.17851	0.14978	0.01260	0.06158	0.01588	0.02476	0.01798	0.04681	0.06360	0.01234	0.00667	0.00625	0.00175	0.05012	0.00568	0.00324	0.12011
2	0.01337	0.03289	0.06861	0.01070	0.06064	0.00886	0.00788	0.07022	0.01208	0.12950	0.01612	0.02529	0.01515	0.33889	0.05697	0.06015	0.00632	0.00647	0.00401	0.05589
3	0.03819	0.15306	0.26904	0.01318	0.01813	0.06004	0.04716	0.08170	0.01315	0.05076	0.01158	0.01532	0.00966	0.08395	0.03241	0.04309	0.04419	0.00483	0.00319	0.00736
4	0.05163	0.11180	0.17747	0.05066	0.06028	0.01271	0.01193	0.07827	0.05255	0.13773	0.01598	0.05986	0.03448	0.03330	0.00618	0.00182	0.00603	0.00562	0.00414	0.08754
5	0.13401	0.03992	0.01422	0.06532	0.08577	0.03160	0.00976	0.07631	0.25842	0.08439	0.06150	0.04400	0.01561	0.00727	0.00548	0.00180	0.00522	0.00592	0.00487	0.04862
6	0.01044	0.05682	0.17099	0.01089	0.01407	0.00995	0.01023	0.01614	0.16290	0.01804	0.05679	0.23007	0.05598	0.05017	0.00762	0.00227	0.00521	0.10006	0.00466	0.00668
7	0.01526	0.03598	0.04929	0.01199	0.01532	0.01441	0.00995	0.08571	0.47620	0.06512	0.01992	0.01928	0.01498	0.00773	0.00698	0.00193	0.08017	0.00600	0.05506	0.00872
8	0.00755	0.00555	0.00695	0.00761	0.00842	0.00506	0.00516	0.00874	0.01164	0.01555	0.10072	0.51999	0.11936	0.09928	0.00952	0.00254	0.00355	0.01400	0.00520	0.04360
9	0.01279	0.06071	0.48931	0.05214	0.02434	0.01379	0.09706	0.06697	0.01339	0.01934	0.01070	0.01276	0.00785	0.00542	0.00550	0.00173	0.00800	0.00454	0.00284	0.09084
10	0.14691	0.17024	0.05985	0.02526	0.03883	0.01522	0.02804	0.19908	0.04870	0.15012	0.01437	0.05448	0.01123	0.00679	0.00515	0.00172	0.00583	0.00523	0.00462	0.00834
11	0.00818	0.00557	0.00693	0.00766	0.00867	0.00500	0.00533	0.00939	0.01202	0.06029	0.03852	0.55296	0.22471	0.01664	0.00718	0.00222	0.00336	0.01477	0.00551	0.00508
12	0.01233	0.01147	0.01903	0.49124	0.03275	0.01323	0.13146	0.04924	0.10193	0.01793	0.01279	0.01654	0.00961	0.00602	0.00590	0.00191	0.00738	0.00563	0.04650	0.00711
13	0.08274	0.01413	0.16448	0.05026	0.12299	0.01099	0.05098	0.01828	0.06305	0.13437	0.05344	0.10635	0.01687	0.03137	0.00688	0.00205	0.01852	0.04027	0.00430	0.00767
14	0.01442	0.11447	0.02141	0.20952	0.24168	0.01421	0.08062	0.08386	0.01407	0.06040	0.01327	0.06600	0.01139	0.00666	0.00578	0.00181	0.00687	0.02217	0.00350	0.00790
15	0.00860	0.00633	0.00707	0.00703	0.00890	0.00563	0.00529	0.01085	0.04504	0.06184	0.10923	0.15597	0.49196	0.01428	0.00689	0.00203	0.00327	0.03874	0.00561	0.00543
16	0.01822	0.01371	0.07737	0.17766	0.02444	0.01269	0.15163	0.12317	0.05462	0.26258	0.01592	0.01679	0.01091	0.00634	0.00601	0.00186	0.00694	0.00573	0.00477	0.00863
17	0.01497	0.10377	0.06876	0.11349	0.05580	0.06080	0.12518	0.01966	0.10026	0.11027	0.04711	0.04984	0.01332	0.00719	0.00711	0.00188	0.08295	0.00602	0.00391	0.00770
18	0.00846	0.00564	0.00634	0.00634	0.00634	0.00564	0.00352	0.00846	0.00846	0.01128	0.01832	0.03805	0.02114	0.79563	0.02960	0.00564	0.00564	0.00846	0.00352	0.00352
19	0.02244	0.00967	0.01247	0.00987	0.01376	0.00888	0.00804	0.07280	0.04831	0.55182	0.07187	0.02130	0.01705	0.00749	0.00572	0.00176	0.00463	0.00611	0.09693	0.00908
20	0.01383	0.26364	0.08963	0.10727	0.05062	0.06438	0.03349	0.03972	0.09048	0.03517	0.01649	0.10511	0.05184	0.00766	0.00537	0.00172	0.00635	0.00624	0.00363	0.00735
21	0.01362	0.11327	0.57628	0.01557	0.02323	0.01413	0.05065	0.01930	0.01272	0.09199	0.01148	0.01285	0.00814	0.00560	0.00542	0.00178	0.00802	0.00443	0.00295	0.00856
22	0.01098	0.01034	0.01744	0.78165	0.04005	0.01292	0.01615	0.01486	0.01163	0.01486	0.01034	0.01550	0.00775	0.00581	0.00581	0.00194	0.00775	0.00517	0.00258	0.00646
23	0.01509	0.28071	0.16597	0.01473	0.07846	0.15183	0.03843	0.05820	0.01372	0.01674	0.01228	0.10509	0.01150	0.00698	0.00519	0.00163	0.00729	0.00549	0.00316	0.00752
24	0.01010	0.00505	0.00758	0.00758	0.00758	0.00505	0.00505	0.00758	0.00758	0.01010	0.01010	0.01768	0.01010	0.02020	0.02273	0.83081	0.00505	0.00505	0.00253	0.00253
25	0.01775	0.19108	0.10369	0.01344	0.01764	0.28914	0.04719	0.06069	0.02717	0.07477	0.05096	0.01460	0.02734	0.00649	0.00572	0.00161	0.03495	0.00470	0.00357	0.00750

[dist]
# distance from previous block
# <min> <max>
1	6

[block]
# block no. 1 follows, 40 sequences, length 29
# corresponding to MSA columns:
# 841-869
name=unknown_B
#
# <colnr> <probs for GDERKNQSTAVLIFYWHMCP>
#	G	D	E	R	K	N	Q	S	T	A	V	L	I	F	Y	W	H	M	C	P
0	0.00852	0.00612	0.00782	0.00772	0.00815	0.00665	0.00522	0.00934	0.00894	0.01230	0.01823	0.03231	0.04146	0.47662	0.29001	0.00671	0.03855	0.00767	0.00340	0.00426
1	0.01272	0.01272	0.01781	0.01527	0.01527	0.01781	0.01272	0.01399	0.00891	0.01399	0.00763	0.01272	0.00763	0.01018	0.01908	0.00254	0.78499	0.00509	0.00254	0.00636
2	0.01367	0.01187	0.01409	0.01305	0.04598	0.01324	0.05270	0.05318	0.54465	0.02294	0.02410	0.10419	0.04261	0.00889	0.00616	0.00199	0.00489	0.00773	0.00554	0.00853
3	0.01206	0.01034	0.01206	0.00861	0.01378	0.00775	0.00689	0.01464	0.01206	0.01895	0.01034	0.01206	0.00861	0.00431	0.00431	0.00086	0.00431	0.00345	0.00345	0.83118
4	0.01209	0.01030	0.01715	0.72534	0.03821	0.01260	0.01559	0.01584	0.01199	0.06951	0.01126	0.01582	0.00824	0.00591	0.00582	0.00193	0.00755	0.00522	0.00292	0.00671
5	0.02178	0.02613	0.01661	0.01476	0.01799	0.66733	0.01121	0.12296	0.01799	0.01735	0.00968	0.01097	0.00782	0.00613	0.00532	0.00153	0.00992	0.00395	0.00339	0.00718
6	0.00704	0.00525	0.00655	0.00760	0.00830	0.00477	0.00518	0.00815	0.01161	0.01504	0.03813	0.62527	0.20110	0.01743	0.00730	0.00227	0.00328	0.01557	0.00540	0.00477
7	0.00862	0.00616	0.00758	0.00799	0.00914	0.00594	0.00569	0.01161	0.08190	0.03589	0.18826	0.43199	0.11113	0.01477	0.00692	0.00211	0.00332	0.01313	0.04237	0.00548
8	0.00722	0.00516	0.00690	0.00825	0.00865	0.00484	0.00564	0.00833	0.01127	0.01500	0.03198	0.74837	0.03816	0.01809	0.00746	0.00238	0.00349	0.05865	0.00540	0.00476
9	0.02609	0.00990	0.01350	0.01035	0.01484	0.00855	0.00855	0.02834	0.01664	0.76338	0.02294	0.01979	0.01439	0.00720	0.00585	0.00180	0.00495	0.00585	0.00720	0.00990
10	0.00780	0.00557	0.00757	0.00891	0.00957	0.00534	0.00664	0.00933	0.01184	0.01565	0.03166	0.56464	0.03690	0.01754	0.00761	0.00246	0.00399	0.23667	0.00538	0.00492
11	0.01326	0.01129	0.01119	0.01061	0.01293	0.09706	0.00819	0.07173	0.24015	0.04938	0.04600	0.16751	0.08566	0.03885	0.00733	0.00219	0.00515	0.10920	0.00534	0.00699
12	0.79340	0.01151	0.00902	0.00795	0.01161	0.01331	0.00655	0.05553	0.01082	0.02665	0.00841	0.00969	0.00649	0.00548	0.00372	0.00180	0.00460	0.00326	0.00372	0.00649
13	0.01166	0.03008	0.76550	0.01657	0.02517	0.01351	0.02149	0.01842	0.01228	0.01842	0.01044	0.01228	0.00737	0.00552	0.00552	0.00184	0.00859	0.00430	0.00246	0.00859
14	0.01080	0.00695	0.00883	0.00817	0.00993	0.00663	0.00625	0.06551	0.01640	0.08666	0.50242	0.12218	0.04394	0.01180	0.00670	0.00189	0.00337	0.03824	0.03724	0.00610
15	0.83671	0.01125	0.00855	0.00765	0.01125	0.01305	0.00630	0.01709	0.00990	0.02609	0.00810	0.00945	0.00630	0.00540	0.00360	0.00180	0.00450	0.00315	0.00360	0.00630
16	0.01166	0.03008	0.76550	0.01657	0.02517	0.01351	0.02149	0.01842	0.01228	0.01842	0.01044	0.01228	0.00737	0.00552	0.00552	0.00184	0.00859	0.00430	0.00246	0.00859
17	0.00723	0.00525	0.00683	0.00782	0.00843	0.00485	0.00534	0.00853	0.01205	0.01613	0.13806	0.63059	0.09328	0.01705	0.00730	0.00226	0.00325	0.01536	0.00554	0.00485
18	0.01644	0.00808	0.00920	0.00781	0.01045	0.00795	0.00620	0.11501	0.01542	0.22235	0.01936	0.02014	0.01410	0.00692	0.00478	0.00153	0.00380	0.00551	0.49774	0.00722
19	0.01212	0.02948	0.73303	0.01644	0.02486	0.01370	0.02103	0.04973	0.01293	0.01921	0.01059	0.01235	0.00748	0.00559	0.00554	0.00184	0.00850	0.00434	0.00260	0.00865
20	0.00787	0.00555	0.00611	0.00649	0.00782	0.00499	0.00467	0.00954	0.01254	0.01710	0.07108	0.26135	0.35428	0.01385	0.00641	0.00194	0.00301	0.01191	0.18851	0.00499
21	0.00828	0.00563	0.00666	0.00685	0.00705	0.00558	0.00417	0.00873	0.00950	0.01278	0.06922	0.13928	0.02581	0.59695	0.04671	0.00498	0.00543	0.02849	0.00400	0.00391
22	0.01373	0.01569	0.03431	0.02451	0.03039	0.01471	0.73824	0.01863	0.01373	0.01863	0.01176	0.01569	0.00882	0.00490	0.00686	0.00196	0.00980	0.00686	0.00294	0.00784
23	0.01098	0.00547	0.00802	0.00781	0.00817	0.00544	0.00535	0.00916	0.00832	0.06019	0.01164	0.01903	0.01114	0.05531	0.06679	0.69002	0.00570	0.00533	0.00291	0.00322
24	0.01436	0.04617	0.02059	0.17603	0.42504	0.05934	0.01538	0.05739	0.06241	0.01884	0.01239	0.04393	0.01045	0.00611	0.00573	0.00178	0.00695	0.00553	0.00327	0.00832
25	0.61208	0.04786	0.01135	0.00968	0.03775	0.07308	0.00756	0.03656	0.01119	0.02388	0.00856	0.01006	0.00682	0.00550	0.00429	0.00170	0.02404	0.00338	0.00350	0.06115
26	0.01488	0.34847	0.32141	0.01298	0.01916	0.05015	0.01447	0.01977	0.06634	0.06597	0.01118	0.01215	0.00864	0.00560	0.00481	0.00158	0.00715	0.00405	0.00306	0.00817
27	0.05732	0.21337	0.06496	0.03738	0.03581	0.03782	0.00914	0.03065	0.01343	0.01836	0.20485	0.08146	0.08339	0.00925	0.00629	0.00177	0.04476	0.02616	0.01736	0.00647
28	0.10818	0.17001	0.15239	0.01685	0.14726	0.05178	0.05963	0.03539	0.04573	0.06384	0.01164	0.01409	0.00932	0.00592	0.00556	0.00169	0.03185	0.02175	0.00336	0.04377

[dist]
# distance from previous block
# <min> <max>
0	33

[block]
# block no. 2 follows, 40 sequences, length 39
# corresponding to MSA columns:
# 903-941
name=unknown_C
#
# <colnr> <probs for GDERKNQSTAVLIFYWHMCP>
#	G	D	E	R	K	N	Q	S	T	A	V	L	I	F	Y	W	H	M	C	P
0	0.05641	0.19509	0.12030	0.01288	0.04306	0.01545	0.03476	0.12705	0.08420	0.09966	0.01332	0.01536	0.01056	0.05991	0.00759	0.00196	0.05299	0.00490	0.00400	0.04055
1	0.00996	0.00703	0.00866	0.00963	0.05920	0.04673	0.00601	0.00941	0.00967	0.01241	0.01937	0.15513	0.08118	0.14153	0.01776	0.38572	0.00509	0.00811	0.00347	0.00394
2	0.01891	0.05476	0.01646	0.01253	0.01676	0.06485	0.01019	0.40933	0.22285	0.02937	0.01574	0.01549	0.01168	0.00687	0.00559	0.00170	0.00600	0.00527	0.00532	0.07033
3	0.04814	0.02490	0.19146	0.04378	0.05852	0.01095	0.08319	0.01893	0.03187	0.18553	0.01796	0.05860	0.06217	0.00713	0.00603	0.00176	0.02507	0.00607	0.00421	0.11373
4	0.01517	0.04961	0.31342	0.09210	0.18157	0.01305	0.01648	0.05547	0.01384	0.13737	0.01260	0.01420	0.00911	0.00574	0.00554	0.00175	0.00717	0.00478	0.00353	0.04751
5	0.02484	0.30346	0.32505	0.01374	0.05799	0.01607	0.01432	0.01748	0.04871	0.01647	0.01168	0.04439	0.01025	0.06456	0.00674	0.00193	0.00696	0.00480	0.00287	0.00769
6	0.01105	0.00993	0.01623	0.30135	0.25708	0.01078	0.01352	0.01411	0.01252	0.01696	0.07268	0.16041	0.01890	0.00893	0.00630	0.00198	0.00617	0.05058	0.00364	0.00687
7	0.01321	0.30939	0.22351	0.01160	0.01655	0.07164	0.01211	0.01745	0.06116	0.01734	0.12988	0.01916	0.06054	0.00706	0.00515	0.00161	0.00634	0.00541	0.00353	0.00737
8	0.01367	0.01516	0.07519	0.06271	0.27351	0.06117	0.01523	0.01625	0.01125	0.01610	0.00920	0.01328	0.00815	0.00763	0.01196	0.00212	0.37222	0.00499	0.00268	0.00754
9	0.00826	0.00555	0.00698	0.00755	0.00854	0.00508	0.00531	0.00981	0.01267	0.04643	0.16297	0.46976	0.14307	0.01538	0.00695	0.00212	0.00322	0.01367	0.06155	0.00514
10	0.62206	0.01317	0.06152	0.00921	0.01335	0.01355	0.00813	0.12064	0.01290	0.06587	0.00987	0.01083	0.00731	0.00573	0.00416	0.00179	0.00507	0.00367	0.00403	0.00715
11	0.01287	0.06355	0.37127	0.02008	0.02717	0.01459	0.36941	0.01847	0.01296	0.01827	0.01096	0.01378	0.00808	0.00519	0.00608	0.00187	0.00906	0.00548	0.00269	0.00817
12	0.01166	0.03008	0.76550	0.01657	0.02517	0.01351	0.02149	0.01842	0.01228	0.01842	0.01044	0.01228	0.00737	0.00552	0.00552	0.00184	0.00859	0.00430	0.00246	0.00859
13	0.00724	0.00561	0.00665	0.00734	0.00852	0.00501	0.00534	0.00868	0.01247	0.01577	0.07052	0.37475	0.35372	0.01626	0.00722	0.00220	0.00334	0.07904	0.00543	0.00489
14	0.02468	0.01216	0.01490	0.01142	0.01597	0.01190	0.00943	0.28020	0.02043	0.50617	0.01976	0.01773	0.01280	0.00712	0.00584	0.00178	0.00546	0.00563	0.00671	0.00989
15	0.01555	0.79913	0.03047	0.00995	0.01493	0.02301	0.00995	0.01741	0.01182	0.01368	0.00808	0.00933	0.00746	0.00498	0.00373	0.00124	0.00622	0.00311	0.00249	0.00746
16	0.00829	0.00592	0.00756	0.00715	0.00855	0.00545	0.00536	0.01096	0.01609	0.02284	0.68381	0.04304	0.08988	0.01179	0.00672	0.00181	0.00275	0.01036	0.04621	0.00545
17	0.01211	0.00822	0.00972	0.00935	0.01104	0.00850	0.00682	0.10034	0.13595	0.08502	0.02528	0.34211	0.02630	0.14855	0.01070	0.00275	0.00455	0.04096	0.00537	0.00636
18	0.00694	0.00587	0.00601	0.00611	0.00798	0.00494	0.00458	0.00842	0.01316	0.01571	0.05704	0.08888	0.70756	0.01491	0.00693	0.00200	0.00302	0.02960	0.00540	0.00491
19	0.00831	0.00623	0.00935	0.00935	0.01038	0.00727	0.00727	0.01038	0.00935	0.01350	0.01558	0.02285	0.01454	0.04361	0.77259	0.00935	0.01558	0.00623	0.00312	0.00519
20	0.01099	0.00704	0.00868	0.00881	0.01024	0.00697	0.00636	0.05690	0.08654	0.09546	0.05631	0.50701	0.03122	0.01435	0.00676	0.00214	0.00377	0.01277	0.06160	0.00609
21	0.00846	0.00664	0.00777	0.00788	0.00937	0.00645	0.00575	0.01239	0.12478	0.01879	0.23320	0.28366	0.22488	0.01405	0.00690	0.00206	0.00328	0.01230	0.00575	0.00566
22	0.01106	0.01049	0.01794	0.75951	0.03977	0.01297	0.03726	0.01497	0.01169	0.01497	0.01038	0.01551	0.00778	0.00579	0.00584	0.00194	0.00781	0.00522	0.00259	0.00650
23	0.00719	0.00510	0.00672	0.00797	0.00828	0.00479	0.00526	0.00812	0.01093	0.01458	0.03103	0.73590	0.03718	0.07591	0.00907	0.00260	0.00354	0.01593	0.00526	0.00463
24	0.02407	0.00965	0.01285	0.01000	0.01415	0.00854	0.00821	0.05250	0.01676	0.65271	0.06162	0.02096	0.01643	0.00742	0.00579	0.00177	0.00475	0.00605	0.05639	0.00939
25	0.01516	0.63969	0.07212	0.01062	0.01557	0.02121	0.01054	0.01942	0.11796	0.01550	0.01047	0.01129	0.00894	0.00543	0.00415	0.00138	0.00613	0.00368	0.00298	0.00778
26	0.01002	0.00839	0.01289	0.12718	0.17117	0.00846	0.02475	0.01301	0.01457	0.02042	0.39961	0.06144	0.06160	0.00965	0.00641	0.00184	0.00453	0.00869	0.02898	0.00641
27	0.01163	0.00643	0.00653	0.00624	0.00789	0.00665	0.00475	0.04998	0.06300	0.02259	0.01905	0.02131	0.01486	0.00686	0.00428	0.00142	0.00302	0.00549	0.73215	0.00589
28	0.28961	0.12454	0.01616	0.10020	0.03518	0.24755	0.01026	0.01851	0.01237	0.01826	0.00865	0.01084	0.00717	0.00597	0.00575	0.00171	0.07376	0.00377	0.00304	0.00669
29	0.00859	0.00605	0.00742	0.00710	0.00872	0.00541	0.00531	0.01082	0.01514	0.05535	0.46533	0.10150	0.25578	0.01296	0.00686	0.00191	0.00295	0.01125	0.00607	0.00547
30	0.01480	0.47011	0.02465	0.04827	0.04645	0.07431	0.05939	0.04357	0.01324	0.01616	0.04958	0.01532	0.05058	0.00612	0.00465	0.00146	0.00637	0.00464	0.04311	0.00721
31	0.05004	0.06035	0.01040	0.00927	0.01078	0.00726	0.04539	0.01046	0.01161	0.01601	0.02807	0.51924	0.06025	0.01495	0.00684	0.00218	0.00419	0.08363	0.00488	0.04417
32	0.13061	0.01112	0.01307	0.01074	0.04132	0.03941	0.04211	0.04229	0.01377	0.20364	0.01692	0.01721	0.06085	0.00619	0.00501	0.00145	0.00500	0.00497	0.03643	0.29788
33	0.07315	0.01255	0.04682	0.05149	0.10038	0.05087	0.11058	0.02134	0.07594	0.25617	0.01808	0.09716	0.01434	0.00752	0.00588	0.00186	0.00610	0.00668	0.03492	0.00815
34	0.12100	0.01182	0.04191	0.06492	0.05664	0.03886	0.04422	0.02205	0.04315	0.34910	0.06282	0.01844	0.01422	0.00849	0.03722	0.00215	0.04389	0.00564	0.00519	0.00825
35	0.01392	0.04906	0.05226	0.01093	0.04202	0.00920	0.00870	0.01752	0.08217	0.19852	0.12915	0.18377	0.06575	0.01109	0.00705	0.00202	0.04239	0.06182	0.00548	0.00716
36	0.01309	0.06141	0.09844	0.05870	0.01708	0.06952	0.05640	0.13298	0.01483	0.01955	0.07576	0.17203	0.06871	0.00994	0.00779	0.00197	0.10262	0.00809	0.00419	0.00689
37	0.05057	0.22405	0.13250	0.15531	0.06970	0.01360	0.01185	0.01493	0.01219	0.01674	0.06068	0.09836	0.06954	0.00783	0.00534	0.00173	0.00595	0.00642	0.03586	0.00684
38	0.01527	0.04188	0.01871	0.02201	0.34661	0.01153	0.05130	0.04423	0.01397	0.14886	0.05033	0.08476	0.01509	0.00960	0.05800	0.00227	0.00663	0.00654	0.00416	0.04826

[dist]
# distance from previous block
# <min> <max>
0	854

# created by:
# /home/berkeley/.conda/envs/busco_data_prod/bin/msa2prfl.pl pipeline/OGs_align_augustus/33634/83504.fs
