[name]
unknown

[dist]
# distance from previous block
# <min> <max>
15	933

[block]
# block no. 0 follows, 40 sequences, length 6
# corresponding to MSA columns:
# 1083-1088
name=unknown_A
#
# <colnr> <probs for GDERKNQSTAVLIFYWHMCP>
#	G	D	E	R	K	N	Q	S	T	A	V	L	I	F	Y	W	H	M	C	P
0	0.01183	0.14032	0.05088	0.00900	0.01175	0.00960	0.00780	0.01507	0.04894	0.10047	0.35625	0.06977	0.06844	0.01048	0.00624	0.00183	0.00419	0.06515	0.00544	0.00655
1	0.01222	0.27004	0.09483	0.01315	0.01717	0.01414	0.17682	0.01505	0.01224	0.01599	0.07099	0.08455	0.01716	0.11272	0.00885	0.00227	0.00665	0.04509	0.00342	0.00665
2	0.02211	0.01629	0.01745	0.01338	0.01803	0.01803	0.01105	0.73997	0.02734	0.03665	0.01396	0.01396	0.00989	0.00698	0.00582	0.00175	0.00640	0.00524	0.00582	0.00989
3	0.01482	0.65585	0.16742	0.01118	0.01683	0.02124	0.01210	0.01760	0.01190	0.01456	0.00852	0.00988	0.00744	0.00508	0.00407	0.00136	0.00666	0.00333	0.00248	0.00767
4	0.02123	0.12075	0.01919	0.01292	0.01762	0.01870	0.01091	0.64355	0.02527	0.03358	0.01318	0.01334	0.00957	0.00671	0.00554	0.00168	0.00638	0.00495	0.00537	0.00957
5	0.01645	0.32749	0.24365	0.01298	0.01892	0.01865	0.01370	0.24324	0.01680	0.02225	0.01061	0.01165	0.00819	0.00576	0.00491	0.00158	0.00698	0.00412	0.00352	0.00855

[dist]
# distance from previous block
# <min> <max>
0	2

[block]
# block no. 1 follows, 40 sequences, length 52
# corresponding to MSA columns:
# 1091-1142
name=unknown_B
#
# <colnr> <probs for GDERKNQSTAVLIFYWHMCP>
#	G	D	E	R	K	N	Q	S	T	A	V	L	I	F	Y	W	H	M	C	P
0	0.02022	0.24158	0.02120	0.01239	0.01714	0.01947	0.01074	0.53203	0.02287	0.03004	0.01227	0.01263	0.00919	0.00640	0.00522	0.00160	0.00635	0.00462	0.00486	0.00919
1	0.01479	0.52457	0.24731	0.01212	0.01814	0.01990	0.01343	0.06097	0.01288	0.01646	0.00913	0.01048	0.00758	0.00526	0.00439	0.00145	0.00693	0.00359	0.00268	0.00794
2	0.01361	0.41542	0.39720	0.01326	0.02004	0.01827	0.01571	0.01791	0.01205	0.01604	0.00926	0.01080	0.00741	0.00525	0.00463	0.00154	0.00740	0.00370	0.00247	0.00803
3	0.07596	0.16391	0.48025	0.01433	0.02100	0.01552	0.01693	0.01858	0.05588	0.01821	0.01044	0.01213	0.00794	0.00587	0.00600	0.00179	0.06022	0.00419	0.00276	0.00810
4	0.13953	0.00987	0.06806	0.00935	0.01227	0.00857	0.03381	0.01612	0.06500	0.10795	0.42242	0.03059	0.03488	0.00933	0.00607	0.00184	0.00410	0.00796	0.00560	0.00669
5	0.01098	0.01034	0.01744	0.78165	0.04005	0.01292	0.01615	0.01486	0.01163	0.01486	0.01034	0.01550	0.00775	0.00581	0.00581	0.00194	0.00775	0.00517	0.00258	0.00646
6	0.00860	0.00642	0.00872	0.00901	0.05363	0.00599	0.00623	0.01139	0.01627	0.02306	0.71167	0.04170	0.05214	0.01149	0.00679	0.00182	0.00299	0.01020	0.00619	0.00571
7	0.00823	0.00594	0.00777	0.00732	0.00869	0.00549	0.00549	0.01097	0.01646	0.02332	0.75629	0.04344	0.05487	0.01189	0.00686	0.00183	0.00274	0.01052	0.00640	0.00549
8	0.01280	0.01182	0.01962	0.06234	0.55134	0.01182	0.01487	0.01610	0.01392	0.01983	0.18558	0.02125	0.01985	0.00678	0.00602	0.00176	0.00597	0.00643	0.00369	0.00822
9	0.02100	0.01574	0.01683	0.01316	0.01761	0.01752	0.01079	0.63748	0.13163	0.03487	0.01536	0.01508	0.01103	0.00711	0.00583	0.00178	0.00614	0.00543	0.00583	0.00979
10	0.14581	0.01011	0.01236	0.00996	0.01399	0.02378	0.00822	0.02492	0.01540	0.56536	0.04327	0.02188	0.01557	0.00765	0.00568	0.00185	0.00495	0.05394	0.00643	0.00885
11	0.01444	0.07424	0.02486	0.03296	0.65280	0.01458	0.06605	0.01787	0.01316	0.01856	0.01078	0.01409	0.00905	0.00515	0.00568	0.00171	0.00705	0.00514	0.00285	0.00898
12	0.01523	0.58589	0.07768	0.01121	0.01618	0.01959	0.05965	0.01772	0.01262	0.05996	0.06683	0.01320	0.01160	0.00567	0.00443	0.00141	0.00628	0.00418	0.00310	0.00756
13	0.01323	0.01263	0.02150	0.29044	0.51371	0.01351	0.01727	0.01683	0.01269	0.01758	0.01073	0.01477	0.00871	0.00540	0.00578	0.00180	0.00720	0.00518	0.00278	0.00827
14	0.02363	0.01092	0.01424	0.06569	0.01705	0.01049	0.00945	0.11573	0.07384	0.56337	0.02099	0.01891	0.01362	0.00713	0.00585	0.00182	0.00530	0.00578	0.00660	0.00960
15	0.00934	0.00734	0.00803	0.00860	0.00927	0.06026	0.00586	0.01096	0.06733	0.01441	0.02478	0.45459	0.02823	0.12293	0.01235	0.11955	0.00455	0.02228	0.00461	0.00475
16	0.01247	0.09655	0.52451	0.01653	0.02382	0.01407	0.11934	0.01836	0.02541	0.03103	0.01207	0.01597	0.00944	0.00609	0.00571	0.00185	0.00822	0.04747	0.00284	0.00822
17	0.09856	0.01398	0.01469	0.01196	0.01580	0.12773	0.03040	0.09426	0.09610	0.36323	0.01740	0.01651	0.01195	0.00701	0.00637	0.00182	0.05269	0.00528	0.00555	0.00873
18	0.00787	0.00579	0.00704	0.00761	0.00857	0.00542	0.00554	0.00925	0.01197	0.01546	0.09143	0.23649	0.22165	0.18385	0.01213	0.00299	0.00410	0.15310	0.00506	0.00470
19	0.01415	0.01796	0.18294	0.15919	0.15256	0.06879	0.21870	0.01900	0.03657	0.05645	0.01184	0.01473	0.00886	0.00554	0.00600	0.00185	0.00832	0.00543	0.00308	0.00806
20	0.04650	0.01293	0.01619	0.15314	0.13756	0.04198	0.01188	0.22231	0.09073	0.10961	0.01611	0.08706	0.01312	0.00754	0.00587	0.00186	0.00618	0.00633	0.00472	0.00838
21	0.03328	0.07090	0.04227	0.01348	0.01737	0.08489	0.08476	0.26395	0.01860	0.11913	0.10331	0.01755	0.01506	0.00739	0.00706	0.00181	0.08039	0.00575	0.00481	0.00824
22	0.01018	0.00913	0.06108	0.00758	0.00970	0.06479	0.00633	0.01284	0.01395	0.02011	0.23394	0.03333	0.17734	0.00970	0.00562	0.00166	0.00378	0.00806	0.30519	0.00566
23	0.06717	0.10892	0.04897	0.01494	0.12299	0.06019	0.01104	0.15868	0.12280	0.13647	0.02697	0.01856	0.04034	0.00708	0.00552	0.00176	0.00598	0.02834	0.00475	0.00855
24	0.09185	0.01281	0.01788	0.01924	0.23281	0.04898	0.08704	0.11564	0.01552	0.15914	0.03838	0.10509	0.01462	0.00753	0.00590	0.00184	0.00620	0.00670	0.00455	0.00827
25	0.00715	0.00577	0.00640	0.00683	0.00837	0.00503	0.00509	0.00863	0.01278	0.01567	0.05021	0.22473	0.52696	0.01565	0.00710	0.00212	0.00326	0.07793	0.00540	0.00491
26	0.01319	0.01175	0.01813	0.35364	0.26812	0.02601	0.01480	0.04938	0.06381	0.03843	0.01342	0.06214	0.01118	0.00661	0.00585	0.00186	0.00680	0.00595	0.02126	0.00767
27	0.04509	0.02316	0.04350	0.08648	0.07006	0.51536	0.01218	0.04413	0.07512	0.01664	0.01061	0.01226	0.00849	0.00607	0.00536	0.00162	0.00913	0.00425	0.00327	0.00723
28	0.05202	0.01086	0.01392	0.01225	0.04583	0.01213	0.00931	0.12416	0.01403	0.23488	0.01545	0.01995	0.01270	0.15441	0.04328	0.00298	0.20384	0.00592	0.00464	0.00746
29	0.00831	0.00630	0.00827	0.04331	0.01145	0.00609	0.00755	0.01038	0.01280	0.01631	0.03746	0.21390	0.22168	0.01571	0.00750	0.00239	0.00442	0.35576	0.00525	0.00516
30	0.01403	0.01345	0.02295	0.11431	0.68355	0.01372	0.01767	0.01753	0.01307	0.01856	0.01087	0.01451	0.00906	0.00525	0.00576	0.00175	0.00700	0.00518	0.00285	0.00892
31	0.00868	0.00932	0.06059	0.00953	0.03933	0.03558	0.05610	0.01099	0.01376	0.01715	0.14009	0.04536	0.50717	0.01238	0.00668	0.00191	0.00420	0.01055	0.00498	0.00566
32	0.03524	0.04503	0.01723	0.14852	0.07392	0.46228	0.01231	0.05156	0.01509	0.01585	0.00974	0.01227	0.00801	0.00746	0.03478	0.00193	0.03455	0.00426	0.00303	0.00695
33	0.01597	0.74686	0.02952	0.01029	0.01513	0.07378	0.01004	0.01781	0.01213	0.01372	0.00815	0.00941	0.00746	0.00504	0.00383	0.00126	0.00651	0.00315	0.00252	0.00741
34	0.00968	0.00528	0.00770	0.00770	0.00785	0.00542	0.00521	0.00806	0.00792	0.01070	0.01172	0.02050	0.01186	0.10319	0.12943	0.62989	0.00660	0.00557	0.00271	0.00300
35	0.03962	0.01689	0.01475	0.01339	0.03918	0.24526	0.01015	0.17629	0.16643	0.02153	0.01548	0.01685	0.03390	0.01232	0.11462	0.00283	0.04318	0.00534	0.00428	0.00770
36	0.09572	0.01494	0.05548	0.02442	0.33250	0.06444	0.17608	0.01920	0.01369	0.09914	0.04003	0.01551	0.01092	0.00568	0.00580	0.00179	0.00727	0.00549	0.00355	0.00836
37	0.00791	0.00658	0.00700	0.00687	0.00886	0.00600	0.00525	0.01107	0.08621	0.01760	0.14255	0.05143	0.56282	0.01375	0.00683	0.00198	0.00319	0.04308	0.00558	0.00543
38	0.01278	0.06968	0.02958	0.02082	0.02574	0.01368	0.56790	0.01684	0.01317	0.01766	0.01478	0.14078	0.01352	0.00706	0.00673	0.00197	0.00851	0.00816	0.00331	0.00731
39	0.09866	0.13017	0.04308	0.01138	0.01554	0.03976	0.00966	0.14131	0.31085	0.06789	0.01644	0.01599	0.01235	0.00666	0.00521	0.00171	0.00546	0.00510	0.00487	0.05792
40	0.01321	0.02333	0.45747	0.01586	0.02241	0.04595	0.09818	0.07002	0.05791	0.03987	0.02985	0.07401	0.01195	0.00688	0.00589	0.00188	0.00779	0.00588	0.00342	0.00823
41	0.00845	0.00568	0.00657	0.00657	0.00665	0.00576	0.00381	0.00860	0.00852	0.01145	0.01811	0.03689	0.02063	0.73789	0.08665	0.00592	0.00640	0.00829	0.00349	0.00365
42	0.01615	0.65794	0.05232	0.01202	0.06819	0.02094	0.01078	0.01832	0.01230	0.07178	0.00950	0.01059	0.00812	0.00518	0.00410	0.00134	0.00625	0.00351	0.00288	0.00781
43	0.07215	0.06926	0.29401	0.06768	0.02015	0.03715	0.02715	0.05036	0.07024	0.13399	0.05524	0.05058	0.01335	0.00692	0.00556	0.00182	0.00666	0.00557	0.00406	0.00809
44	0.00765	0.00543	0.00710	0.00830	0.00897	0.00512	0.00599	0.00906	0.01174	0.01566	0.03317	0.57507	0.08764	0.01709	0.00735	0.00235	0.00367	0.14270	0.04107	0.00488
45	0.06865	0.01542	0.05612	0.01251	0.01655	0.16114	0.06147	0.06927	0.12282	0.25944	0.04650	0.01807	0.02466	0.00697	0.00565	0.00176	0.00641	0.00559	0.03267	0.00834
46	0.01407	0.01328	0.02145	0.10571	0.57837	0.01382	0.01640	0.01948	0.12188	0.01938	0.01276	0.01558	0.01033	0.00564	0.00579	0.00178	0.00665	0.00539	0.00330	0.00894
47	0.01459	0.01406	0.07820	0.01640	0.02040	0.01341	0.24970	0.08765	0.09915	0.08579	0.06828	0.03182	0.01566	0.00793	0.00825	0.00205	0.11484	0.05971	0.00430	0.00783
48	0.01097	0.00672	0.00914	0.00953	0.01104	0.00646	0.00771	0.01311	0.01352	0.11926	0.11724	0.22497	0.04984	0.02794	0.00797	0.00241	0.01686	0.33383	0.00567	0.00582
49	0.01233	0.27284	0.33470	0.01213	0.01792	0.01497	0.01375	0.03236	0.03301	0.01741	0.06817	0.01975	0.11373	0.00714	0.00524	0.00167	0.00649	0.00552	0.00331	0.00755
50	0.01487	0.01521	0.02118	0.16421	0.50243	0.12528	0.01634	0.01846	0.03354	0.01771	0.01089	0.01421	0.00893	0.00549	0.00570	0.00174	0.00752	0.00501	0.00293	0.00836
51	0.04692	0.01198	0.01621	0.01254	0.01682	0.05375	0.10429	0.09102	0.01654	0.46739	0.03375	0.01855	0.01344	0.00932	0.05784	0.00231	0.00670	0.00584	0.00587	0.00893

[dist]
# distance from previous block
# <min> <max>
5	35

[block]
# block no. 2 follows, 40 sequences, length 24
# corresponding to MSA columns:
# 1182-1205
name=unknown_C
#
# <colnr> <probs for GDERKNQSTAVLIFYWHMCP>
#	G	D	E	R	K	N	Q	S	T	A	V	L	I	F	Y	W	H	M	C	P
0	0.01406	0.01355	0.02321	0.10036	0.63949	0.01380	0.04976	0.01803	0.03642	0.01878	0.01133	0.01478	0.00934	0.00531	0.00582	0.00176	0.00704	0.00530	0.00295	0.00891
1	0.01419	0.01345	0.02211	0.03223	0.66006	0.01331	0.01649	0.01815	0.04615	0.01923	0.01146	0.01451	0.00954	0.00523	0.00564	0.00166	0.00658	0.00509	0.00306	0.08185
2	0.01011	0.00652	0.00883	0.00969	0.01097	0.00633	0.00773	0.01254	0.03609	0.08255	0.03037	0.34508	0.03324	0.01587	0.00753	0.00245	0.00452	0.35840	0.00555	0.00563
3	0.02118	0.08623	0.01834	0.01314	0.01763	0.07867	0.01089	0.58907	0.05532	0.03231	0.01345	0.01360	0.00981	0.00676	0.00559	0.00169	0.00663	0.00498	0.00530	0.00939
4	0.04898	0.01166	0.01811	0.02368	0.41675	0.01120	0.01314	0.01987	0.01386	0.23483	0.01615	0.08438	0.01316	0.00689	0.00579	0.00177	0.00582	0.00623	0.00441	0.04333
5	0.06824	0.01883	0.29384	0.08184	0.02047	0.04471	0.01402	0.04901	0.21266	0.04307	0.01623	0.08405	0.01321	0.00743	0.00571	0.00191	0.00658	0.00606	0.00404	0.00809
6	0.01972	0.02460	0.01890	0.08399	0.02156	0.60584	0.10700	0.02188	0.01569	0.01486	0.00947	0.01161	0.00769	0.00583	0.00551	0.00160	0.01016	0.00428	0.00295	0.00686
7	0.22508	0.01525	0.01396	0.01155	0.01540	0.11851	0.00928	0.31733	0.06666	0.09333	0.01409	0.05000	0.01092	0.00706	0.00527	0.00177	0.00610	0.00518	0.00498	0.00827
8	0.01316	0.01256	0.02137	0.30599	0.49872	0.01349	0.01723	0.01676	0.01266	0.01750	0.01072	0.01480	0.00868	0.00541	0.00578	0.00180	0.00721	0.00518	0.00277	0.00821
9	0.02532	0.01113	0.01426	0.01093	0.01546	0.01038	0.00903	0.16614	0.01872	0.62266	0.02120	0.01866	0.01352	0.00716	0.00584	0.00179	0.00523	0.00573	0.00693	0.00990
10	0.00725	0.00522	0.00710	0.00827	0.00870	0.00507	0.00565	0.00841	0.01089	0.01466	0.02979	0.68639	0.03518	0.02170	0.11234	0.00332	0.00505	0.01512	0.00509	0.00479
11	0.01452	0.01698	0.01193	0.01176	0.04821	0.38228	0.00840	0.01610	0.01484	0.01514	0.03213	0.03167	0.35361	0.00999	0.00602	0.00172	0.00684	0.00775	0.00410	0.00601
12	0.01098	0.01034	0.01744	0.78165	0.04005	0.01292	0.01615	0.01486	0.01163	0.01486	0.01034	0.01550	0.00775	0.00581	0.00581	0.00194	0.00775	0.00517	0.00258	0.00646
13	0.00906	0.00647	0.00901	0.01035	0.01155	0.00642	0.00883	0.01151	0.01308	0.01705	0.03096	0.16518	0.03415	0.01636	0.00795	0.00263	0.00508	0.62372	0.00536	0.00527
14	0.01392	0.01334	0.02276	0.13798	0.66072	0.01369	0.01761	0.01744	0.01302	0.01843	0.01086	0.01455	0.00901	0.00527	0.00576	0.00176	0.00702	0.00518	0.00284	0.00883
15	0.39272	0.00858	0.00850	0.00820	0.01061	0.00909	0.00625	0.01503	0.01132	0.12268	0.01974	0.32475	0.02031	0.01079	0.00544	0.00202	0.00411	0.00889	0.00481	0.00616
16	0.01466	0.01403	0.02147	0.13012	0.36425	0.04365	0.09998	0.06822	0.14523	0.02033	0.01335	0.01582	0.01047	0.00587	0.00591	0.00182	0.00706	0.00557	0.00359	0.00862
17	0.00742	0.00554	0.00669	0.00713	0.00811	0.00504	0.00495	0.00882	0.01259	0.01653	0.19355	0.34653	0.24045	0.09792	0.00949	0.00248	0.00336	0.01320	0.00542	0.00481
18	0.01335	0.01261	0.02072	0.18916	0.50555	0.01280	0.01599	0.01678	0.01274	0.01812	0.01073	0.01431	0.00882	0.00519	0.00557	0.00165	0.00673	0.00494	0.00289	0.12134
19	0.01457	0.01340	0.02275	0.09254	0.67569	0.01355	0.01737	0.01801	0.01324	0.04661	0.01134	0.01468	0.00929	0.00531	0.00576	0.00175	0.00690	0.00521	0.00302	0.00902
20	0.01316	0.01279	0.02116	0.01677	0.01913	0.02699	0.23385	0.03476	0.02484	0.04115	0.03899	0.01646	0.01111	0.01260	0.10979	0.00313	0.34721	0.00602	0.00319	0.00690
21	0.01416	0.01549	0.01185	0.01187	0.04083	0.33104	0.00836	0.03445	0.01467	0.01639	0.12157	0.22971	0.07297	0.04167	0.00715	0.00198	0.00658	0.00896	0.00436	0.00595
22	0.01474	0.02079	0.36475	0.02339	0.31830	0.01295	0.01825	0.01955	0.01326	0.12080	0.01235	0.01416	0.00907	0.00562	0.00566	0.00179	0.00742	0.00486	0.00328	0.00902
23	0.09058	0.06710	0.13998	0.01110	0.01618	0.01232	0.01043	0.09803	0.11811	0.11543	0.03337	0.01503	0.01148	0.00601	0.00506	0.00153	0.00548	0.00466	0.00438	0.23372

[dist]
# distance from previous block
# <min> <max>
0	2

[block]
# block no. 3 follows, 40 sequences, length 24
# corresponding to MSA columns:
# 1208-1231
name=unknown_D
#
# <colnr> <probs for GDERKNQSTAVLIFYWHMCP>
#	G	D	E	R	K	N	Q	S	T	A	V	L	I	F	Y	W	H	M	C	P
0	0.00780	0.00597	0.00749	0.00762	0.00884	0.00592	0.00567	0.00942	0.01142	0.01497	0.08447	0.09063	0.27705	0.12455	0.26722	0.00497	0.00768	0.04897	0.00446	0.00488
1	0.01525	0.03681	0.21671	0.15131	0.02519	0.01221	0.18224	0.01961	0.01380	0.19193	0.06534	0.01748	0.01271	0.00625	0.00601	0.00186	0.00741	0.00581	0.00397	0.00810
2	0.01454	0.08234	0.06493	0.04093	0.37286	0.01283	0.01370	0.05348	0.03526	0.08632	0.12811	0.03830	0.01744	0.00691	0.00579	0.00174	0.00597	0.00615	0.00404	0.00836
3	0.01167	0.07040	0.24186	0.04878	0.04083	0.01236	0.23511	0.01611	0.01323	0.01848	0.12803	0.08693	0.01800	0.00738	0.00618	0.00186	0.00727	0.00708	0.00351	0.02492
4	0.00755	0.00589	0.00695	0.00747	0.00892	0.00529	0.00574	0.00929	0.01313	0.01654	0.10787	0.20711	0.39915	0.01547	0.00722	0.00218	0.00352	0.16020	0.00548	0.00501
5	0.01634	0.27088	0.16843	0.01332	0.05405	0.01539	0.04326	0.02141	0.11244	0.17343	0.01617	0.01623	0.04165	0.00635	0.00519	0.00166	0.00626	0.00503	0.00409	0.00843
6	0.01630	0.24031	0.16652	0.01683	0.14161	0.01583	0.04479	0.01951	0.01285	0.16438	0.01207	0.01348	0.00919	0.00614	0.00672	0.00173	0.09529	0.00461	0.00351	0.00835
7	0.01015	0.00623	0.00819	0.00791	0.00882	0.00654	0.00559	0.01131	0.00976	0.07922	0.01743	0.02860	0.01714	0.34547	0.33271	0.02710	0.00948	0.00703	0.05645	0.00487
8	0.01133	0.01237	0.08398	0.65223	0.09842	0.01305	0.01676	0.01542	0.01182	0.01552	0.01039	0.01513	0.00784	0.00574	0.00578	0.00191	0.00776	0.00509	0.00260	0.00688
9	0.02011	0.08816	0.14067	0.01702	0.18354	0.01190	0.01289	0.02333	0.01471	0.40390	0.01680	0.01637	0.01143	0.00626	0.00558	0.00174	0.00611	0.00519	0.00501	0.00930
10	0.01841	0.14952	0.08555	0.01553	0.06531	0.38773	0.01250	0.08243	0.01526	0.01673	0.00938	0.01125	0.00781	0.00628	0.00662	0.00164	0.09356	0.00406	0.00305	0.00741
11	0.01202	0.01208	0.07856	0.00932	0.01479	0.00826	0.00818	0.01498	0.01208	0.01890	0.01034	0.01208	0.00850	0.00441	0.00441	0.00095	0.00469	0.00352	0.00336	0.75857
12	0.01275	0.17522	0.05397	0.01086	0.01447	0.01247	0.07287	0.13157	0.01631	0.02192	0.27557	0.02769	0.08085	0.00871	0.00589	0.00170	0.00512	0.02493	0.00476	0.04238
13	0.01584	0.19591	0.21260	0.01129	0.01636	0.01294	0.01165	0.05458	0.01464	0.20448	0.11701	0.02107	0.07269	0.00744	0.00549	0.00170	0.00582	0.00590	0.00457	0.00803
14	0.01650	0.15400	0.05696	0.01140	0.01517	0.01550	0.00982	0.35329	0.04855	0.02473	0.01393	0.01784	0.01179	0.12332	0.09896	0.00312	0.00738	0.00544	0.00440	0.00790
15	0.01732	0.15628	0.21709	0.01297	0.01822	0.01515	0.01314	0.21028	0.01686	0.14390	0.01468	0.01816	0.01152	0.00721	0.00612	0.00181	0.03855	0.06781	0.00439	0.00857
16	0.06822	0.23711	0.30107	0.01425	0.05052	0.03892	0.01465	0.17316	0.01540	0.02142	0.01037	0.01168	0.00795	0.00568	0.00497	0.00164	0.00719	0.00412	0.00329	0.00839
17	0.01550	0.34634	0.31782	0.01308	0.01936	0.03944	0.01456	0.09110	0.01399	0.06400	0.01054	0.01163	0.00810	0.00556	0.00482	0.00157	0.00722	0.00398	0.00311	0.00828
18	0.04312	0.21664	0.32508	0.01399	0.05116	0.01538	0.01467	0.08284	0.01407	0.12604	0.01189	0.01275	0.00871	0.00569	0.00505	0.00164	0.00693	0.00428	0.00353	0.03653
19	0.14282	0.15917	0.14827	0.01241	0.01737	0.01694	0.01192	0.29964	0.01771	0.05961	0.01144	0.01234	0.00854	0.00632	0.00581	0.00173	0.05091	0.00439	0.00417	0.00848
20	0.01863	0.10979	0.17938	0.01307	0.01841	0.01613	0.01265	0.39858	0.02076	0.09007	0.05571	0.01523	0.01201	0.00673	0.00557	0.00172	0.00652	0.00514	0.00485	0.00907
21	0.01821	0.32001	0.13838	0.01236	0.01774	0.01864	0.01209	0.30362	0.01833	0.07150	0.01172	0.01229	0.00885	0.00599	0.00497	0.00157	0.00658	0.00431	0.00410	0.00875
22	0.01908	0.16388	0.10458	0.01260	0.01751	0.01708	0.01156	0.43428	0.02109	0.07554	0.01406	0.05775	0.01107	0.00709	0.00549	0.00170	0.00635	0.00541	0.00487	0.00899
23	0.01674	0.29245	0.17953	0.01255	0.01791	0.01806	0.01255	0.29279	0.01780	0.02351	0.01219	0.05646	0.01014	0.00661	0.00512	0.00163	0.00663	0.00494	0.00392	0.00847

[dist]
# distance from previous block
# <min> <max>
28	68

[block]
# block no. 4 follows, 40 sequences, length 16
# corresponding to MSA columns:
# 1301-1316
name=unknown_E
#
# <colnr> <probs for GDERKNQSTAVLIFYWHMCP>
#	G	D	E	R	K	N	Q	S	T	A	V	L	I	F	Y	W	H	M	C	P
0	0.06285	0.22445	0.12593	0.01567	0.10240	0.01687	0.06662	0.19663	0.03624	0.08154	0.01206	0.01310	0.00911	0.00584	0.00518	0.00165	0.00670	0.00463	0.00391	0.00862
1	0.01673	0.46630	0.02508	0.03703	0.09174	0.01956	0.01097	0.17998	0.01576	0.03867	0.04104	0.01275	0.01033	0.00581	0.00465	0.00147	0.00620	0.00424	0.00356	0.00814
2	0.07700	0.37881	0.09877	0.01257	0.04981	0.07494	0.01135	0.15626	0.01512	0.02003	0.00976	0.01098	0.00797	0.00550	0.00454	0.00146	0.00662	0.00380	0.00331	0.05140
3	0.01492	0.43574	0.06991	0.01069	0.01490	0.01777	0.01000	0.15988	0.01481	0.01880	0.01418	0.16630	0.01412	0.00805	0.00500	0.00160	0.00584	0.00628	0.00373	0.00747
4	0.06769	0.44540	0.07950	0.01154	0.03042	0.01917	0.01084	0.16699	0.01539	0.08833	0.01089	0.01156	0.00855	0.00566	0.00452	0.00149	0.00622	0.00393	0.00368	0.00823
5	0.06121	0.46810	0.13856	0.01199	0.01734	0.05075	0.03857	0.10361	0.01399	0.03464	0.00964	0.01085	0.00788	0.00541	0.00447	0.00147	0.00679	0.00377	0.00308	0.00790
6	0.04165	0.36706	0.06764	0.01144	0.01601	0.01813	0.01077	0.23768	0.01684	0.03809	0.01335	0.01860	0.01176	0.00715	0.00509	0.00165	0.00623	0.09883	0.00402	0.00801
7	0.04150	0.41537	0.10869	0.01190	0.01707	0.05216	0.01155	0.23956	0.01678	0.02166	0.01019	0.01114	0.00816	0.00571	0.00464	0.00149	0.00668	0.00393	0.00356	0.00827
8	0.01776	0.28540	0.13975	0.01334	0.01879	0.01883	0.05370	0.33971	0.01892	0.02494	0.01128	0.01222	0.00861	0.00595	0.00512	0.00160	0.00687	0.00446	0.00399	0.00874
9	0.08675	0.48614	0.10037	0.02413	0.02889	0.05228	0.01063	0.01734	0.01212	0.03288	0.01150	0.01265	0.04566	0.00564	0.00428	0.00141	0.00624	0.00388	0.00292	0.05428
10	0.01586	0.22399	0.30553	0.01366	0.01969	0.04937	0.01468	0.21610	0.01652	0.02197	0.01161	0.01420	0.00922	0.00626	0.00524	0.00168	0.00732	0.03513	0.00353	0.00844
11	0.00991	0.00512	0.00744	0.00744	0.00744	0.00512	0.00488	0.00768	0.00768	0.01023	0.01103	0.01999	0.01135	0.10824	0.02351	0.73712	0.00512	0.00544	0.00264	0.00264
12	0.12793	0.05095	0.01512	0.01091	0.01546	0.01059	0.07427	0.05740	0.01422	0.25388	0.01536	0.01747	0.01156	0.00626	0.00519	0.00155	0.00530	0.04535	0.00478	0.25647
13	0.07334	0.05534	0.05085	0.01283	0.01760	0.01728	0.01104	0.58946	0.02424	0.07090	0.01359	0.01366	0.00966	0.00673	0.00556	0.00173	0.00629	0.00499	0.00543	0.00948
14	0.04732	0.23782	0.06766	0.01434	0.08220	0.06635	0.02401	0.29090	0.01822	0.04103	0.01127	0.01227	0.00873	0.00588	0.00503	0.00155	0.00664	0.00435	0.00401	0.05039
15	0.02048	0.17877	0.01975	0.01245	0.01708	0.01846	0.01061	0.51846	0.06472	0.06254	0.01368	0.01369	0.01003	0.00662	0.00539	0.00166	0.00620	0.00490	0.00519	0.00935

[dist]
# distance from previous block
# <min> <max>
6	19

[block]
# block no. 5 follows, 40 sequences, length 26
# corresponding to MSA columns:
# 1336-1361
name=unknown_F
#
# <colnr> <probs for GDERKNQSTAVLIFYWHMCP>
#	G	D	E	R	K	N	Q	S	T	A	V	L	I	F	Y	W	H	M	C	P
0	0.01404	0.30279	0.29504	0.01272	0.01856	0.05614	0.03090	0.05702	0.01342	0.03670	0.01567	0.01654	0.09443	0.00652	0.00508	0.00162	0.00700	0.00491	0.00316	0.00775
1	0.11595	0.30372	0.12616	0.01163	0.04790	0.01545	0.01081	0.03663	0.01278	0.11631	0.01103	0.01193	0.00855	0.00534	0.00449	0.00144	0.00589	0.00384	0.00350	0.14665
2	0.05471	0.26351	0.09562	0.01046	0.01477	0.07647	0.00976	0.05585	0.03979	0.08776	0.10209	0.01991	0.08523	0.00724	0.00511	0.00157	0.00574	0.00552	0.00410	0.05482
3	0.09984	0.20247	0.01664	0.01051	0.01375	0.07009	0.04669	0.01791	0.07051	0.10416	0.11186	0.03986	0.01855	0.04449	0.06558	0.00248	0.00641	0.04697	0.00431	0.00694
4	0.26461	0.05459	0.01307	0.01035	0.01408	0.20179	0.00825	0.02033	0.05952	0.12049	0.05148	0.01406	0.01139	0.00611	0.00474	0.00157	0.00603	0.00431	0.00415	0.12907
5	0.06039	0.01700	0.26219	0.01698	0.10520	0.01150	0.10625	0.01787	0.04217	0.08217	0.01722	0.06248	0.01542	0.00835	0.00625	0.00203	0.00695	0.14794	0.00389	0.00774
6	0.10374	0.00656	0.00774	0.00812	0.00955	0.00614	0.00572	0.01011	0.01113	0.01675	0.02606	0.58554	0.03031	0.01467	0.00652	0.00207	0.00364	0.01304	0.00490	0.12768
7	0.01529	0.01403	0.02234	0.03184	0.63401	0.01434	0.01660	0.10203	0.05406	0.02132	0.01197	0.01473	0.00974	0.00553	0.00577	0.00174	0.00673	0.00526	0.00338	0.00929
8	0.74125	0.01114	0.00958	0.09713	0.01458	0.01303	0.00744	0.01684	0.01010	0.02479	0.00836	0.01015	0.00647	0.00545	0.00385	0.00182	0.00487	0.00338	0.00348	0.00632
9	0.01098	0.01034	0.01744	0.78165	0.04005	0.01292	0.01615	0.01486	0.01163	0.01486	0.01034	0.01550	0.00775	0.00581	0.00581	0.00194	0.00775	0.00517	0.00258	0.00646
10	0.02305	0.00971	0.01308	0.01045	0.01424	0.00892	0.00849	0.05004	0.01597	0.61196	0.02287	0.10847	0.01666	0.00862	0.00673	0.00190	0.04600	0.00702	0.00670	0.00911
11	0.01097	0.00998	0.01643	0.43404	0.19934	0.01133	0.01401	0.01404	0.01174	0.01561	0.01459	0.14728	0.01403	0.05322	0.00744	0.00217	0.00670	0.00727	0.00318	0.00664
12	0.01010	0.00505	0.00758	0.00758	0.00758	0.00505	0.00505	0.00758	0.00758	0.01010	0.01010	0.01768	0.01010	0.02020	0.02273	0.83081	0.00505	0.00505	0.00253	0.00253
13	0.00737	0.00528	0.00700	0.00790	0.00850	0.00491	0.00542	0.00881	0.01246	0.01696	0.21271	0.60515	0.04255	0.01664	0.00728	0.00223	0.00322	0.01503	0.00565	0.00491
14	0.01439	0.01382	0.02360	0.03569	0.75936	0.01382	0.01785	0.01785	0.01324	0.01900	0.01094	0.01439	0.00921	0.00518	0.00576	0.00173	0.00691	0.00518	0.00288	0.00921
15	0.01486	0.01367	0.02318	0.08089	0.37448	0.01393	0.17171	0.04546	0.12605	0.05639	0.01371	0.01611	0.01060	0.00574	0.00603	0.00183	0.00713	0.00579	0.00365	0.00877
16	0.01474	0.01111	0.01169	0.01036	0.01318	0.06906	0.00804	0.02335	0.33908	0.13607	0.26397	0.02771	0.02869	0.00896	0.00617	0.00186	0.00450	0.00755	0.00605	0.00789
17	0.01264	0.04973	0.01347	0.00981	0.01386	0.00941	0.04612	0.01732	0.11964	0.06325	0.17657	0.02083	0.02036	0.00672	0.00529	0.00137	0.00443	0.00575	0.00459	0.39882
18	0.01315	0.04920	0.01291	0.01234	0.09833	0.01024	0.00854	0.01976	0.22522	0.10889	0.32029	0.02968	0.04891	0.00914	0.00619	0.00183	0.00419	0.00790	0.00573	0.00758
19	0.05563	0.05586	0.03209	0.01165	0.01493	0.01097	0.11056	0.01974	0.20218	0.09879	0.26115	0.04562	0.02768	0.00874	0.00617	0.00187	0.00492	0.01862	0.00537	0.00743
20	0.12981	0.05932	0.01586	0.01548	0.14237	0.08423	0.01055	0.09802	0.29224	0.04053	0.04282	0.01696	0.01363	0.00677	0.00540	0.00179	0.00574	0.00539	0.00465	0.00843
21	0.05860	0.05582	0.16052	0.02155	0.30622	0.01392	0.01474	0.07315	0.11578	0.07690	0.03748	0.01579	0.01171	0.00612	0.00557	0.00177	0.00643	0.00522	0.00389	0.00883
22	0.01562	0.10345	0.01968	0.06055	0.35017	0.03273	0.01312	0.03689	0.09690	0.11705	0.03548	0.01877	0.06116	0.00662	0.00565	0.00173	0.00606	0.00575	0.00406	0.00854
23	0.05455	0.01153	0.04041	0.03987	0.32397	0.01099	0.01221	0.04187	0.04699	0.12092	0.21164	0.02288	0.02223	0.00745	0.00596	0.00179	0.00538	0.00663	0.00464	0.00810
24	0.01274	0.03052	0.04022	0.07539	0.38714	0.01277	0.05248	0.01594	0.01308	0.01871	0.13573	0.01894	0.01647	0.00688	0.00742	0.00181	0.09627	0.00600	0.00342	0.04808
25	0.02879	0.07005	0.08552	0.17499	0.22864	0.01280	0.11459	0.01612	0.02423	0.01825	0.11134	0.05954	0.01629	0.00692	0.00595	0.00183	0.00675	0.00648	0.00343	0.00749

[dist]
# distance from previous block
# <min> <max>
15	34

[block]
# block no. 6 follows, 40 sequences, length 50
# corresponding to MSA columns:
# 1405,1407-1409,1418-1444,1462-1480
name=unknown_G
#
# <colnr> <probs for GDERKNQSTAVLIFYWHMCP>
#	G	D	E	R	K	N	Q	S	T	A	V	L	I	F	Y	W	H	M	C	P
0	0.02568	0.13234	0.20092	0.01753	0.19958	0.01324	0.01363	0.04536	0.03994	0.08602	0.09998	0.01962	0.05089	0.02344	0.00607	0.00181	0.00621	0.00576	0.00387	0.00809
1	0.09036	0.01244	0.11580	0.04789	0.01559	0.01046	0.00994	0.08742	0.10441	0.15598	0.16088	0.08285	0.03660	0.00901	0.00602	0.00191	0.00508	0.03441	0.00531	0.00763
2	0.01601	0.01219	0.01954	0.04919	0.39044	0.01182	0.05988	0.01991	0.05818	0.16867	0.01521	0.05658	0.01218	0.00636	0.00582	0.00174	0.00618	0.00595	0.00411	0.08005
3	0.07566	0.01443	0.08155	0.05068	0.27452	0.02495	0.01314	0.15190	0.07056	0.03544	0.05327	0.01740	0.04163	0.00650	0.00560	0.00172	0.00611	0.00550	0.00405	0.06540
4	0.01610	0.01247	0.02810	0.02156	0.33814	0.01239	0.01264	0.11463	0.10094	0.12639	0.05462	0.04947	0.01501	0.03824	0.00682	0.00193	0.00583	0.00624	0.00455	0.03393
5	0.08180	0.01068	0.01315	0.01215	0.07733	0.01076	0.02170	0.19656	0.01695	0.15728	0.14198	0.05988	0.02054	0.09617	0.00849	0.00219	0.00512	0.00690	0.00527	0.05509
6	0.00907	0.00664	0.00841	0.00879	0.03883	0.00629	0.00603	0.01194	0.06161	0.04191	0.33050	0.21896	0.12852	0.07215	0.00853	0.00225	0.00352	0.01128	0.00563	0.01914
7	0.01073	0.04282	0.39753	0.08562	0.07560	0.01134	0.01552	0.01530	0.01243	0.01729	0.02165	0.05172	0.17016	0.00793	0.00583	0.00183	0.00674	0.00656	0.00328	0.04011
8	0.01185	0.01908	0.37761	0.01408	0.05936	0.01054	0.01445	0.01666	0.03842	0.06036	0.01608	0.17368	0.01484	0.00810	0.00576	0.00179	0.00639	0.00690	0.00364	0.14041
9	0.01305	0.27002	0.41831	0.01319	0.01967	0.01542	0.01553	0.01763	0.01277	0.04584	0.09471	0.01516	0.01305	0.00614	0.00512	0.00165	0.00704	0.00469	0.00309	0.00793
10	0.01153	0.01484	0.28154	0.01149	0.01546	0.00849	0.01171	0.01483	0.01243	0.12456	0.02345	0.37069	0.03808	0.01193	0.00651	0.00209	0.00551	0.02340	0.00460	0.00688
11	0.05444	0.07166	0.01844	0.02204	0.35705	0.09885	0.01267	0.01893	0.09591	0.04675	0.06400	0.04743	0.05315	0.00707	0.00566	0.00174	0.00620	0.00609	0.00385	0.00805
12	0.00768	0.00587	0.00842	0.00901	0.00990	0.00548	0.04412	0.00915	0.01184	0.01567	0.05989	0.59983	0.09007	0.01682	0.00739	0.00232	0.00384	0.08243	0.00530	0.00499
13	0.04422	0.01423	0.01450	0.01231	0.01603	0.04383	0.00977	0.25642	0.46699	0.02794	0.01951	0.01841	0.01448	0.00745	0.00578	0.00188	0.00539	0.00593	0.00570	0.00924
14	0.05702	0.01042	0.01315	0.01279	0.12502	0.00928	0.00862	0.06931	0.01435	0.10186	0.10034	0.02059	0.07918	0.00676	0.00528	0.00141	0.00464	0.00564	0.00445	0.34989
15	0.03729	0.01475	0.10113	0.06432	0.08036	0.01322	0.01213	0.27529	0.01910	0.28222	0.01641	0.01690	0.01138	0.00682	0.00579	0.00181	0.00622	0.02016	0.00540	0.00930
16	0.13654	0.05387	0.07520	0.01518	0.01929	0.01169	0.28219	0.01633	0.01254	0.07480	0.01726	0.19868	0.01659	0.00875	0.00621	0.00200	0.00668	0.03527	0.00397	0.00697
17	0.00794	0.00558	0.00661	0.00685	0.00734	0.00533	0.00435	0.00874	0.01079	0.01439	0.13786	0.21577	0.10615	0.41548	0.01865	0.00392	0.00439	0.01104	0.00459	0.00424
18	0.01545	0.53362	0.19129	0.01204	0.01757	0.11361	0.01266	0.01835	0.01249	0.01480	0.00872	0.01012	0.00744	0.00522	0.00432	0.00141	0.00727	0.00345	0.00254	0.00762
19	0.01391	0.01421	0.06847	0.32534	0.34517	0.06214	0.01654	0.01756	0.01292	0.05267	0.01112	0.01470	0.00865	0.00560	0.00574	0.00181	0.00749	0.00506	0.00295	0.00796
20	0.01358	0.01334	0.02102	0.29994	0.46264	0.05525	0.01688	0.01708	0.01285	0.01726	0.01062	0.01457	0.00860	0.00545	0.00575	0.00179	0.00741	0.00510	0.00278	0.00810
21	0.00822	0.00579	0.00729	0.00757	0.00880	0.00526	0.00553	0.01005	0.01372	0.04461	0.28725	0.31855	0.19238	0.01481	0.00709	0.00209	0.00322	0.04674	0.00581	0.00524
22	0.01420	0.01420	0.02051	0.11035	0.44519	0.09784	0.05025	0.01808	0.05193	0.01801	0.01349	0.04870	0.01203	0.00669	0.00598	0.00184	0.00718	0.05211	0.00328	0.00814
23	0.01158	0.07079	0.67571	0.01566	0.02352	0.01346	0.01980	0.01769	0.01218	0.01792	0.01171	0.06279	0.00939	0.00632	0.00555	0.00184	0.00812	0.00503	0.00265	0.00828
24	0.00889	0.00615	0.00737	0.00718	0.00877	0.00564	0.00534	0.01146	0.03771	0.05327	0.35487	0.14857	0.23704	0.01283	0.00666	0.00191	0.00304	0.01113	0.06663	0.00553
25	0.00992	0.00635	0.00784	0.00750	0.00933	0.00566	0.00572	0.01200	0.01469	0.11064	0.32356	0.13090	0.27046	0.01316	0.00686	0.00197	0.00329	0.04838	0.00601	0.00575
26	0.02450	0.01100	0.01476	0.01134	0.01584	0.01019	0.03812	0.10874	0.05805	0.61048	0.02152	0.01907	0.01385	0.00712	0.00589	0.00181	0.00529	0.00586	0.00680	0.00978
27	0.01578	0.01218	0.01453	0.01259	0.01564	0.05785	0.06388	0.28805	0.01870	0.06327	0.02148	0.14577	0.02091	0.01105	0.00673	0.00211	0.00607	0.21060	0.00531	0.00748
28	0.01098	0.01034	0.01744	0.78165	0.04005	0.01292	0.01615	0.01486	0.01163	0.01486	0.01034	0.01550	0.00775	0.00581	0.00581	0.00194	0.00775	0.00517	0.00258	0.00646
29	0.83671	0.01125	0.00855	0.00765	0.01125	0.01305	0.00630	0.01709	0.00990	0.02609	0.00810	0.00945	0.00630	0.00540	0.00360	0.00180	0.00450	0.00315	0.00360	0.00630
30	0.01283	0.01222	0.02077	0.37833	0.42896	0.01340	0.01707	0.01647	0.01250	0.01710	0.01066	0.01490	0.00854	0.00547	0.00578	0.00182	0.00730	0.00518	0.00274	0.00795
31	0.01322	0.01262	0.02149	0.29169	0.51251	0.01351	0.01726	0.01682	0.01269	0.01758	0.01073	0.01477	0.00871	0.00540	0.00578	0.00180	0.00720	0.00518	0.00278	0.00827
32	0.77689	0.01115	0.00891	0.00785	0.01151	0.01271	0.00646	0.01792	0.01039	0.08049	0.00919	0.01021	0.00690	0.00553	0.00376	0.00180	0.00453	0.00335	0.00386	0.00656
33	0.01304	0.01100	0.01254	0.01252	0.06918	0.01209	0.00908	0.06432	0.44412	0.02286	0.07900	0.03037	0.11674	0.00949	0.00627	0.00199	0.00459	0.06708	0.00560	0.00810
34	0.01514	0.56378	0.12129	0.05506	0.06012	0.06944	0.01228	0.01780	0.01225	0.01468	0.00873	0.01040	0.00757	0.00517	0.00429	0.00140	0.00692	0.00353	0.00254	0.00760
35	0.01156	0.00871	0.01040	0.05900	0.01347	0.03548	0.00729	0.01363	0.01269	0.08767	0.04995	0.24722	0.07493	0.01051	0.00599	0.00170	0.00446	0.05070	0.00466	0.28998
36	0.12305	0.01261	0.01621	0.24035	0.11969	0.02969	0.01236	0.21610	0.01632	0.08641	0.01251	0.01488	0.00934	0.00858	0.05536	0.00230	0.00717	0.00502	0.00408	0.00796
37	0.01264	0.20514	0.47593	0.01523	0.02210	0.01570	0.07185	0.01771	0.01227	0.01731	0.03768	0.01304	0.00928	0.00581	0.00592	0.00175	0.04545	0.00449	0.00265	0.00805
38	0.01041	0.01019	0.01919	0.01527	0.01813	0.00990	0.31409	0.01336	0.01297	0.01770	0.13298	0.27354	0.05331	0.01100	0.00784	0.00211	0.05678	0.01065	0.00433	0.00627
39	0.00812	0.00617	0.00822	0.00983	0.04847	0.00596	0.00657	0.01036	0.05241	0.01622	0.06158	0.56670	0.07933	0.01630	0.00725	0.00229	0.00376	0.07984	0.00533	0.00531
40	0.04373	0.01410	0.06538	0.33787	0.02725	0.07981	0.05121	0.09518	0.09088	0.08569	0.04271	0.01662	0.01143	0.00645	0.00578	0.00186	0.00712	0.00543	0.00391	0.00760
41	0.01493	0.01261	0.02297	0.01855	0.06972	0.01214	0.35426	0.02962	0.11055	0.13787	0.01911	0.10398	0.03825	0.00766	0.00657	0.00197	0.00712	0.01969	0.00443	0.00799
42	0.00760	0.00541	0.00724	0.00852	0.00903	0.00515	0.00608	0.00888	0.01144	0.01517	0.03114	0.61442	0.03665	0.05538	0.00861	0.00258	0.00387	0.15274	0.00530	0.00479
43	0.01278	0.01804	0.29021	0.38746	0.03110	0.01339	0.01717	0.07077	0.03936	0.04811	0.01162	0.01460	0.00839	0.00592	0.00571	0.00188	0.00774	0.00493	0.00308	0.00773
44	0.05664	0.01117	0.01691	0.02132	0.35322	0.01084	0.01219	0.02021	0.03636	0.24365	0.13842	0.02081	0.01845	0.00699	0.00587	0.00178	0.00544	0.00621	0.00488	0.00866
45	0.00709	0.00506	0.00675	0.00810	0.00843	0.00472	0.00540	0.00810	0.01113	0.01484	0.03205	0.79184	0.03846	0.01822	0.00742	0.00236	0.00337	0.01653	0.00540	0.00472
46	0.01946	0.00946	0.01184	0.00956	0.01299	0.00898	0.00771	0.12522	0.03259	0.39019	0.19012	0.02465	0.02319	0.00821	0.00588	0.00175	0.00439	0.00680	0.09863	0.00836
47	0.01518	0.01737	0.04791	0.11390	0.19656	0.25309	0.04749	0.01811	0.02655	0.01591	0.01114	0.02882	0.00957	0.01061	0.09414	0.00265	0.07569	0.00512	0.00297	0.00722
48	0.00904	0.00629	0.00889	0.03953	0.01122	0.00658	0.00715	0.01096	0.01131	0.05420	0.05466	0.23155	0.07904	0.02708	0.32912	0.00524	0.00893	0.08938	0.00446	0.00538
49	0.02307	0.01244	0.01483	0.01156	0.01585	0.01254	0.00946	0.34516	0.02107	0.38983	0.01952	0.06738	0.01395	0.00782	0.00594	0.00181	0.00549	0.00627	0.00646	0.00956

[dist]
# distance from previous block
# <min> <max>
0	1

[block]
# block no. 7 follows, 40 sequences, length 19
# corresponding to MSA columns:
# 1496-1514
name=unknown_H
#
# <colnr> <probs for GDERKNQSTAVLIFYWHMCP>
#	G	D	E	R	K	N	Q	S	T	A	V	L	I	F	Y	W	H	M	C	P
0	0.07171	0.01044	0.07392	0.35297	0.02445	0.01043	0.01192	0.01306	0.01158	0.01613	0.02097	0.17104	0.10818	0.00981	0.00679	0.00206	0.04404	0.03081	0.00363	0.00605
1	0.01258	0.01331	0.07968	0.41553	0.11468	0.01334	0.08357	0.05666	0.05027	0.01792	0.01137	0.01508	0.00867	0.00578	0.00603	0.00184	0.02176	0.00521	0.00305	0.06369
2	0.00783	0.00542	0.00675	0.00743	0.00768	0.00531	0.00475	0.00847	0.00991	0.01324	0.02508	0.39562	0.02942	0.37145	0.05093	0.00416	0.00499	0.03289	0.00445	0.00422
3	0.79136	0.05475	0.00976	0.00777	0.01145	0.01360	0.00650	0.01711	0.01000	0.02541	0.00810	0.00944	0.00636	0.00537	0.00361	0.00177	0.00459	0.00315	0.00354	0.00636
4	0.01248	0.00993	0.01167	0.00852	0.01323	0.00762	0.00670	0.01483	0.01200	0.05605	0.01162	0.01457	0.00993	0.06886	0.00644	0.00130	0.00445	0.00397	0.00364	0.72219
5	0.01942	0.01032	0.01470	0.18918	0.02046	0.01094	0.01075	0.02266	0.05153	0.41982	0.05193	0.01906	0.01401	0.00752	0.00764	0.00194	0.10850	0.00584	0.00542	0.00840
6	0.01071	0.00960	0.01497	0.47363	0.07916	0.01115	0.01295	0.01514	0.06785	0.01770	0.17318	0.02364	0.05144	0.00762	0.00609	0.00190	0.00618	0.00673	0.00379	0.00658
7	0.01196	0.02532	0.55305	0.01792	0.02542	0.01330	0.17833	0.01803	0.01267	0.01839	0.01212	0.01667	0.00947	0.00611	0.00599	0.00192	0.00864	0.05372	0.00276	0.00821
8	0.00707	0.00566	0.00633	0.00667	0.00811	0.00492	0.00481	0.00855	0.01298	0.01625	0.12310	0.26607	0.47818	0.01544	0.00703	0.00206	0.00305	0.01332	0.00550	0.00492
9	0.06769	0.00969	0.01236	0.00974	0.01346	0.00866	0.06621	0.05429	0.03927	0.02147	0.21184	0.02511	0.07134	0.00768	0.00554	0.00147	0.00441	0.02361	0.00459	0.34156
10	0.07168	0.00789	0.00945	0.00827	0.01105	0.00730	0.00657	0.03493	0.01456	0.29107	0.08699	0.08831	0.17025	0.01018	0.00597	0.00186	0.00397	0.04426	0.11839	0.00707
11	0.01039	0.00802	0.00913	0.00922	0.01086	0.00853	0.00672	0.04217	0.25958	0.01940	0.02877	0.40898	0.06178	0.01326	0.00656	0.00211	0.00382	0.01169	0.07254	0.00648
12	0.00975	0.00713	0.00965	0.01079	0.01228	0.00727	0.00936	0.01345	0.06826	0.01792	0.03026	0.06232	0.03229	0.01545	0.00787	0.00262	0.00530	0.66697	0.00540	0.00564
13	0.01139	0.01073	0.01470	0.01299	0.01379	0.04546	0.03796	0.01317	0.00970	0.01426	0.01129	0.01693	0.01057	0.02248	0.30595	0.00504	0.40000	0.00555	0.03208	0.00595
14	0.00805	0.00570	0.00734	0.00820	0.00905	0.00545	0.00597	0.01013	0.03289	0.01730	0.14503	0.46947	0.06371	0.01572	0.00713	0.00223	0.00354	0.11628	0.06170	0.00511
15	0.00750	0.00581	0.00683	0.00680	0.00830	0.00514	0.00501	0.00948	0.01442	0.01899	0.36558	0.14172	0.35571	0.01390	0.00693	0.00195	0.00291	0.01202	0.00584	0.00514
16	0.33930	0.01345	0.01296	0.01055	0.01462	0.05221	0.00863	0.24820	0.04867	0.17805	0.01366	0.01354	0.00962	0.00640	0.00494	0.00177	0.00550	0.00453	0.00510	0.00831
17	0.02290	0.01133	0.01394	0.01109	0.01533	0.01115	0.00903	0.12288	0.18562	0.49830	0.02192	0.01946	0.01457	0.00733	0.00586	0.00183	0.00506	0.00593	0.00672	0.00974
18	0.01451	0.01508	0.06570	0.01903	0.02368	0.01447	0.39135	0.15344	0.04072	0.02156	0.01450	0.05413	0.01232	0.00729	0.00767	0.00203	0.07140	0.05944	0.00382	0.00787

[dist]
# distance from previous block
# <min> <max>
3	4

[block]
# block no. 8 follows, 40 sequences, length 28
# corresponding to MSA columns:
# 1520-1547
name=unknown_I
#
# <colnr> <probs for GDERKNQSTAVLIFYWHMCP>
#	G	D	E	R	K	N	Q	S	T	A	V	L	I	F	Y	W	H	M	C	P
0	0.01653	0.01393	0.01723	0.06993	0.01908	0.07836	0.11425	0.32682	0.01924	0.03983	0.05159	0.13163	0.01611	0.01031	0.04578	0.00226	0.00715	0.00733	0.00478	0.00785
1	0.01580	0.01384	0.01685	0.38299	0.02827	0.07270	0.01330	0.25039	0.10643	0.02296	0.01301	0.01538	0.00963	0.00645	0.00578	0.00185	0.00714	0.00525	0.00406	0.00792
2	0.07681	0.01631	0.01860	0.02294	0.34743	0.15763	0.01344	0.10526	0.14453	0.02161	0.01295	0.01453	0.01025	0.00604	0.00554	0.00173	0.00694	0.00501	0.00383	0.00861
3	0.00724	0.00596	0.00642	0.00668	0.00848	0.00515	0.00517	0.00886	0.01317	0.01591	0.05364	0.09270	0.62016	0.01508	0.00706	0.00208	0.00331	0.11257	0.00539	0.00496
4	0.01555	0.79913	0.03047	0.00995	0.01493	0.02301	0.00995	0.01741	0.01182	0.01368	0.00808	0.00933	0.00746	0.00498	0.00373	0.00124	0.00622	0.00311	0.00249	0.00746
5	0.01384	0.30921	0.14512	0.22588	0.12632	0.01717	0.01467	0.05423	0.01284	0.01669	0.00978	0.01244	0.00789	0.00543	0.00498	0.00162	0.00713	0.00426	0.00273	0.00774
6	0.00870	0.00649	0.00881	0.00843	0.00941	0.00704	0.00635	0.01074	0.01221	0.01754	0.32028	0.03251	0.03150	0.12432	0.28272	0.00503	0.06487	0.00817	0.02969	0.00519
7	0.00906	0.00647	0.00901	0.01035	0.01155	0.00642	0.00882	0.01150	0.01308	0.01705	0.03096	0.16578	0.03416	0.01636	0.00795	0.00263	0.00508	0.62314	0.00536	0.00527
8	0.01775	0.18835	0.14716	0.01272	0.01809	0.05349	0.01213	0.34400	0.01916	0.02549	0.01144	0.01229	0.00867	0.00595	0.00512	0.00154	0.00670	0.00434	0.00412	0.10149
9	0.03163	0.01145	0.01400	0.01152	0.01531	0.01186	0.04377	0.07856	0.33169	0.25292	0.08517	0.02159	0.01842	0.00764	0.00592	0.00185	0.00492	0.00644	0.00607	0.03927
10	0.01471	0.03598	0.01838	0.34313	0.05681	0.01264	0.09114	0.05616	0.07607	0.12516	0.01357	0.01596	0.00993	0.00593	0.00570	0.00176	0.00676	0.00531	0.00384	0.10104
11	0.01221	0.00953	0.01343	0.01212	0.01399	0.01056	0.07065	0.01696	0.15220	0.08481	0.04977	0.22629	0.02388	0.01206	0.00922	0.00227	0.15200	0.11636	0.00494	0.00674
12	0.01010	0.00505	0.00758	0.00758	0.00758	0.00505	0.00505	0.00758	0.00758	0.01010	0.01010	0.01768	0.01010	0.02020	0.02273	0.83081	0.00505	0.00505	0.00253	0.00253
13	0.01350	0.01295	0.02174	0.21753	0.44807	0.01373	0.06917	0.01855	0.09136	0.01851	0.01221	0.01554	0.00973	0.00561	0.00587	0.00182	0.00708	0.00545	0.00313	0.00843
