[name]
unknown

[dist]
# distance from previous block
# <min> <max>
0	103

[block]
# block no. 0 follows, 49 sequences, length 45
# corresponding to MSA columns:
# 107-151
name=unknown_A
#
# <colnr> <probs for GDERKNQSTAVLIFYWHMCP>
#	G	D	E	R	K	N	Q	S	T	A	V	L	I	F	Y	W	H	M	C	P
0	0.01277	0.00878	0.01165	0.01230	0.12010	0.00870	0.00881	0.12026	0.06285	0.13008	0.06614	0.04315	0.01939	0.00891	0.00570	0.00176	0.00463	0.26862	0.00458	0.08081
1	0.08356	0.01095	0.01323	0.01250	0.12123	0.01123	0.00884	0.28323	0.05402	0.20879	0.05076	0.01603	0.04380	0.00618	0.00492	0.00151	0.00474	0.00497	0.00474	0.05479
2	0.00694	0.00506	0.00625	0.00609	0.00711	0.00467	0.00436	0.00868	0.01248	0.01712	0.50198	0.09547	0.15361	0.13726	0.00907	0.00216	0.00284	0.00948	0.00498	0.00438
3	0.01066	0.00944	0.01417	0.01891	0.38426	0.00961	0.01050	0.01542	0.14863	0.01845	0.26054	0.04104	0.02261	0.00706	0.00537	0.00158	0.00442	0.00644	0.00400	0.00688
4	0.37501	0.00922	0.01091	0.24321	0.01801	0.01022	0.00854	0.01703	0.01069	0.23586	0.01123	0.01228	0.00782	0.00524	0.00424	0.00160	0.00485	0.00391	0.00375	0.00639
5	0.01020	0.00738	0.00862	0.00782	0.00947	0.02510	0.00603	0.06249	0.10258	0.07142	0.34486	0.09873	0.07450	0.00941	0.00631	0.00165	0.06080	0.00788	0.07914	0.00564
6	0.00761	0.00532	0.00659	0.00618	0.00763	0.00477	0.00467	0.00970	0.01363	0.05607	0.56750	0.03949	0.23045	0.01075	0.00592	0.00162	0.00252	0.00933	0.00538	0.00483
7	0.01008	0.00945	0.01594	0.54470	0.18541	0.01102	0.03135	0.01322	0.01047	0.01385	0.01065	0.03367	0.00907	0.00583	0.00550	0.00171	0.02549	0.05404	0.00252	0.00603
8	0.00630	0.00450	0.00602	0.00719	0.00755	0.00422	0.00493	0.00727	0.00981	0.01306	0.02780	0.76746	0.03315	0.01572	0.00649	0.00207	0.00305	0.06457	0.00469	0.00414
9	0.01134	0.00884	0.01440	0.59454	0.07876	0.01028	0.01258	0.01433	0.01081	0.12179	0.01225	0.05356	0.02352	0.00585	0.00514	0.00167	0.00609	0.00517	0.00299	0.00609
10	0.00713	0.00501	0.00629	0.00619	0.00730	0.00463	0.00456	0.00921	0.01307	0.01854	0.54309	0.14550	0.10730	0.01089	0.00580	0.00163	0.00247	0.00958	0.08718	0.00463
11	0.01158	0.00882	0.04811	0.00914	0.05023	0.00674	0.00701	0.01366	0.01102	0.14509	0.01532	0.20334	0.01445	0.00712	0.00472	0.00127	0.00394	0.00615	0.00388	0.42842
12	0.02186	0.00924	0.01200	0.00923	0.01309	0.00846	0.00762	0.12444	0.01561	0.67091	0.01881	0.01658	0.01201	0.00622	0.00504	0.00155	0.00442	0.00500	0.02943	0.00850
13	0.61275	0.00988	0.01028	0.00842	0.01188	0.01067	0.07309	0.01698	0.01010	0.18017	0.00996	0.01053	0.00711	0.00498	0.00378	0.00158	0.00440	0.00350	0.00372	0.00624
14	0.01375	0.01082	0.01690	0.02021	0.36756	0.01087	0.07812	0.03937	0.14653	0.13982	0.07279	0.01740	0.01350	0.00587	0.00525	0.00159	0.00529	0.02275	0.00391	0.00769
15	0.02269	0.00861	0.01174	0.00900	0.01291	0.00743	0.00743	0.02464	0.01447	0.79425	0.01995	0.01721	0.01252	0.00626	0.00509	0.00156	0.00430	0.00509	0.00626	0.00861
16	0.01484	0.01144	0.01662	0.07780	0.38288	0.01193	0.01216	0.13423	0.13285	0.13402	0.01313	0.01420	0.00982	0.00541	0.00505	0.00156	0.00543	0.00478	0.00384	0.00801
17	0.01088	0.00898	0.01053	0.00754	0.01201	0.00676	0.00604	0.01312	0.01061	0.04159	0.00934	0.01070	0.00765	0.00383	0.00379	0.00078	0.00376	0.00306	0.00310	0.82593
18	0.34720	0.01168	0.01167	0.00932	0.01299	0.01284	0.00769	0.37337	0.01656	0.13427	0.01124	0.01131	0.00792	0.00556	0.00431	0.00154	0.00474	0.00392	0.00447	0.00738
19	0.01156	0.00895	0.01060	0.00762	0.01206	0.00680	0.00612	0.01378	0.01084	0.08464	0.00995	0.01108	0.00793	0.00397	0.00386	0.00082	0.00379	0.00318	0.00328	0.77918
20	0.02020	0.00930	0.01228	0.01008	0.05065	0.00827	0.00781	0.08725	0.01458	0.58265	0.01725	0.01561	0.01126	0.00581	0.00489	0.00144	0.00442	0.00472	0.00552	0.12600
21	0.00615	0.00509	0.00539	0.00539	0.00696	0.00433	0.00401	0.00756	0.01182	0.01454	0.15254	0.08442	0.64914	0.01261	0.00600	0.00171	0.00255	0.01064	0.00482	0.00433
22	0.85801	0.00978	0.00743	0.00665	0.00978	0.01134	0.00548	0.01486	0.00861	0.02269	0.00704	0.00821	0.00548	0.00469	0.00313	0.00156	0.00391	0.00274	0.00313	0.00548
23	0.01173	0.01299	0.02715	0.01939	0.02442	0.01195	0.66583	0.01572	0.01173	0.01624	0.01006	0.01320	0.00765	0.00419	0.00566	0.00157	0.00786	0.00555	0.00262	0.12449
24	0.02269	0.00861	0.01174	0.00900	0.01291	0.00743	0.00743	0.02464	0.01447	0.79425	0.01995	0.01721	0.01252	0.00626	0.00509	0.00156	0.00430	0.00509	0.00626	0.00861
25	0.00616	0.00440	0.00587	0.00704	0.00733	0.00411	0.00469	0.00704	0.00968	0.01291	0.02787	0.81899	0.03344	0.01584	0.00645	0.00205	0.00293	0.01438	0.00469	0.00411
26	0.85801	0.00978	0.00743	0.00665	0.00978	0.01134	0.00548	0.01486	0.00861	0.02269	0.00704	0.00821	0.00548	0.00469	0.00313	0.00156	0.00391	0.00274	0.00313	0.00548
27	0.01069	0.00963	0.01318	0.00941	0.01399	0.00758	0.11254	0.01321	0.01069	0.01644	0.00916	0.01092	0.00752	0.00382	0.00405	0.00088	0.00441	0.00341	0.00293	0.73553
28	0.00732	0.00597	0.00814	0.00851	0.00874	0.00679	0.00620	0.00825	0.00922	0.01273	0.02286	0.62842	0.02712	0.01419	0.00885	0.00209	0.19401	0.01203	0.00411	0.00444
29	0.85801	0.00978	0.00743	0.00665	0.00978	0.01134	0.00548	0.01486	0.00861	0.02269	0.00704	0.00821	0.00548	0.00469	0.00313	0.00156	0.00391	0.00274	0.00313	0.00548
30	0.00671	0.00508	0.00619	0.00606	0.00732	0.00456	0.00449	0.00863	0.01305	0.01762	0.49792	0.11663	0.26408	0.01160	0.00602	0.00167	0.00249	0.01010	0.00523	0.00456
31	0.01889	0.02410	0.01433	0.01303	0.01563	0.80199	0.00977	0.02019	0.01433	0.01238	0.00782	0.00912	0.00651	0.00521	0.00456	0.00130	0.00912	0.00326	0.00261	0.00586
32	0.00785	0.00572	0.00773	0.00873	0.00997	0.00560	0.00755	0.01003	0.01162	0.01493	0.03017	0.05588	0.13470	0.01381	0.00684	0.00224	0.00437	0.65299	0.00466	0.00460
33	0.01358	0.00711	0.01007	0.07938	0.01350	0.00688	0.00840	0.01586	0.01254	0.29932	0.02272	0.03868	0.02109	0.01037	0.00612	0.00199	0.00471	0.41644	0.00503	0.00618
34	0.01202	0.14398	0.48269	0.01319	0.01922	0.01224	0.08359	0.01641	0.01110	0.10168	0.01101	0.05147	0.00856	0.00539	0.00478	0.00155	0.00668	0.00446	0.00276	0.00722
35	0.00735	0.00490	0.00552	0.00552	0.00552	0.00490	0.00306	0.00735	0.00735	0.00980	0.01593	0.03309	0.01838	0.82229	0.02574	0.00490	0.00490	0.00735	0.00306	0.00306
36	0.00901	0.00480	0.00509	0.00502	0.00620	0.00472	0.00376	0.01137	0.01129	0.01911	0.15863	0.02234	0.01936	0.00671	0.00398	0.00125	0.00236	0.00553	0.69474	0.00472
37	0.01221	0.01170	0.01997	0.11151	0.71266	0.01193	0.01537	0.01525	0.01137	0.01615	0.00946	0.01262	0.00788	0.00456	0.00501	0.00152	0.00608	0.00450	0.00248	0.00776
38	0.01595	0.17008	0.18917	0.01293	0.05142	0.01295	0.09766	0.14326	0.01396	0.22587	0.01225	0.01259	0.00863	0.00524	0.00476	0.00149	0.00597	0.00432	0.00379	0.00772
39	0.00732	0.00500	0.00599	0.00595	0.00618	0.00509	0.00367	0.00778	0.00807	0.01099	0.08327	0.03166	0.02016	0.64208	0.13196	0.00506	0.00588	0.00724	0.00323	0.00342
40	0.01889	0.02410	0.01433	0.01303	0.01563	0.80199	0.00977	0.02019	0.01433	0.01238	0.00782	0.00912	0.00651	0.00521	0.00456	0.00130	0.00912	0.00326	0.00261	0.00586
41	0.05668	0.21224	0.26705	0.01072	0.01578	0.04855	0.01135	0.01890	0.01195	0.28220	0.01216	0.01211	0.00848	0.00520	0.00443	0.00145	0.00579	0.00388	0.00363	0.00745
42	0.01283	0.01023	0.05012	0.46549	0.16947	0.01062	0.01316	0.01596	0.01130	0.17492	0.01135	0.01395	0.00815	0.00519	0.00504	0.00162	0.00613	0.00458	0.00312	0.00676
43	0.01334	0.01124	0.01186	0.01044	0.01344	0.01293	0.00819	0.11229	0.69496	0.02238	0.01962	0.01810	0.01465	0.00677	0.00514	0.00169	0.00418	0.00558	0.00514	0.00807
44	0.15240	0.04759	0.08698	0.01276	0.06752	0.01226	0.10116	0.23468	0.01516	0.18893	0.02498	0.01292	0.00915	0.00545	0.00477	0.00155	0.00553	0.00446	0.00415	0.00759

[dist]
# distance from previous block
# <min> <max>
0	2

[block]
# block no. 1 follows, 49 sequences, length 38
# corresponding to MSA columns:
# 154-191
name=unknown_B
#
# <colnr> <probs for GDERKNQSTAVLIFYWHMCP>
#	G	D	E	R	K	N	Q	S	T	A	V	L	I	F	Y	W	H	M	C	P
0	0.00811	0.10491	0.01006	0.00800	0.00908	0.00807	0.00627	0.00940	0.00915	0.01225	0.01986	0.20104	0.09048	0.10714	0.23634	0.00398	0.09178	0.05609	0.00338	0.00460
1	0.01020	0.02810	0.16349	0.01390	0.17369	0.00975	0.01045	0.01597	0.19301	0.01742	0.12224	0.05247	0.11660	0.00737	0.00522	0.00159	0.00466	0.00634	0.00385	0.04369
2	0.08306	0.03671	0.14247	0.01311	0.12715	0.01010	0.05097	0.04294	0.06411	0.05283	0.04201	0.01276	0.00964	0.00483	0.00445	0.00129	0.00506	0.00405	0.00322	0.28924
3	0.29261	0.15295	0.10124	0.01032	0.01397	0.30149	0.00916	0.03857	0.01164	0.01664	0.00769	0.00891	0.00622	0.00487	0.00391	0.00139	0.00651	0.00308	0.00272	0.00610
4	0.00863	0.00697	0.00759	0.00725	0.00908	0.00713	0.00547	0.02980	0.24783	0.01749	0.14986	0.12900	0.29688	0.01053	0.00565	0.00171	0.00307	0.00898	0.04149	0.00558
5	0.00984	0.00836	0.00974	0.00721	0.01120	0.00638	0.00572	0.01203	0.01089	0.01657	0.07791	0.01584	0.07339	0.00502	0.00411	0.00090	0.00354	0.00413	0.00335	0.71389
6	0.00681	0.00521	0.00632	0.00662	0.00777	0.00483	0.00492	0.00888	0.04130	0.01566	0.24027	0.26893	0.26575	0.01290	0.00618	0.00184	0.00288	0.08345	0.00494	0.00454
7	0.05146	0.00960	0.01233	0.08862	0.01532	0.00834	0.05937	0.04154	0.03625	0.01712	0.00948	0.01123	0.00763	0.00414	0.00409	0.00101	0.00445	0.00348	0.00304	0.61151
8	0.00721	0.00509	0.00659	0.00632	0.00745	0.00472	0.00470	0.00949	0.01380	0.01970	0.69463	0.09017	0.04487	0.01048	0.00587	0.00160	0.00242	0.00926	0.05091	0.00472
9	0.01039	0.01379	0.21158	0.01577	0.15372	0.01011	0.14119	0.02669	0.08956	0.01811	0.23387	0.02012	0.01969	0.00647	0.00541	0.00161	0.00556	0.00601	0.00360	0.00675
10	0.00614	0.00449	0.00578	0.00681	0.00727	0.00413	0.00459	0.00707	0.00990	0.01300	0.03070	0.72580	0.12481	0.01548	0.00640	0.00201	0.00289	0.01393	0.00469	0.00413
11	0.01402	0.01195	0.01262	0.05589	0.01500	0.04224	0.00881	0.18405	0.53409	0.02247	0.01740	0.01663	0.01300	0.00657	0.00532	0.00167	0.02031	0.00529	0.00481	0.00787
12	0.02081	0.00819	0.01113	0.00868	0.01226	0.00711	0.00711	0.02282	0.01445	0.70062	0.11287	0.01970	0.01677	0.00675	0.00519	0.00157	0.00407	0.00558	0.00617	0.00814
13	0.00740	0.00530	0.00727	0.00762	0.00829	0.00567	0.00575	0.00877	0.00883	0.01208	0.01823	0.08825	0.01942	0.24227	0.35489	0.00550	0.00843	0.17852	0.00339	0.00413
14	0.01668	0.01601	0.14240	0.01187	0.01608	0.10864	0.02528	0.30832	0.16583	0.11672	0.01365	0.01348	0.00977	0.00590	0.00499	0.00155	0.00591	0.00458	0.00440	0.00793
15	0.01407	0.74327	0.02525	0.00910	0.01325	0.10009	0.00877	0.01566	0.01069	0.01195	0.00711	0.00821	0.00649	0.00442	0.00338	0.00110	0.00579	0.00276	0.00221	0.00643
16	0.00991	0.00955	0.01515	0.75564	0.03343	0.03693	0.01380	0.01313	0.01016	0.01288	0.00887	0.01325	0.00673	0.00520	0.00546	0.00169	0.03590	0.00445	0.00226	0.00562
17	0.01539	0.01226	0.01302	0.01086	0.01422	0.01389	0.00868	0.34292	0.46098	0.02569	0.01701	0.01602	0.01254	0.00653	0.00511	0.00163	0.00466	0.00522	0.00511	0.00826
18	0.00733	0.00501	0.00605	0.00605	0.00624	0.00519	0.00373	0.00770	0.00751	0.01020	0.01544	0.03038	0.01721	0.66161	0.18481	0.00556	0.00667	0.00696	0.00299	0.00336
19	0.01379	0.01305	0.05874	0.01376	0.11668	0.05628	0.01012	0.14433	0.39546	0.03046	0.02811	0.01569	0.01223	0.00640	0.00586	0.00166	0.06029	0.00508	0.00429	0.00774
20	0.00733	0.00498	0.00591	0.00591	0.00605	0.00512	0.00356	0.00761	0.00747	0.01010	0.01557	0.03108	0.01751	0.70293	0.14390	0.00539	0.00622	0.00706	0.00301	0.00328
21	0.02869	0.10605	0.08870	0.01077	0.05472	0.03229	0.07127	0.03717	0.08517	0.10071	0.18642	0.02389	0.13829	0.00752	0.00519	0.00155	0.00463	0.00641	0.00418	0.00637
22	0.00866	0.00689	0.00760	0.00734	0.00913	0.00703	0.00550	0.01421	0.25698	0.03188	0.13525	0.17105	0.27929	0.01084	0.00572	0.00174	0.00309	0.00930	0.02290	0.00559
23	0.01199	0.01110	0.01845	0.22160	0.51013	0.01172	0.03199	0.05549	0.01180	0.01655	0.00984	0.01303	0.00793	0.00478	0.00498	0.00154	0.00607	0.00455	0.03919	0.00728
24	0.01421	0.01164	0.01236	0.01052	0.01375	0.01313	0.00833	0.21964	0.55213	0.02373	0.01790	0.01676	0.01332	0.00652	0.00506	0.00162	0.00440	0.00530	0.00503	0.04466
25	0.01049	0.00899	0.01049	0.00749	0.01198	0.00674	0.00599	0.01273	0.01049	0.01648	0.00899	0.01049	0.00749	0.00374	0.00374	0.00075	0.00374	0.00300	0.00300	0.85320
26	0.01154	0.00992	0.01321	0.00951	0.01403	0.00813	0.09987	0.06802	0.01170	0.03322	0.00959	0.01113	0.00769	0.00403	0.00414	0.00094	0.00447	0.00351	0.00316	0.67222
27	0.01538	0.01039	0.01163	0.01000	0.01317	0.01136	0.00791	0.05051	0.56087	0.21921	0.02015	0.01823	0.01447	0.00668	0.00513	0.00167	0.00413	0.00552	0.00543	0.00818
28	0.01727	0.01296	0.01393	0.01108	0.01481	0.01435	0.00901	0.52789	0.22945	0.05064	0.01458	0.01407	0.01054	0.00623	0.00505	0.00155	0.00505	0.00484	0.00506	0.03163
29	0.00837	0.00558	0.02580	0.00739	0.00790	0.00562	0.00549	0.00800	0.00803	0.01118	0.10416	0.01920	0.01441	0.04308	0.18351	0.48227	0.04870	0.00525	0.00274	0.00332
30	0.00683	0.00472	0.00589	0.00655	0.00678	0.00458	0.00425	0.00743	0.00882	0.01173	0.02262	0.42186	0.02660	0.36464	0.01484	0.00331	0.00391	0.06696	0.00399	0.00370
31	0.00624	0.00469	0.00579	0.00646	0.00723	0.00423	0.00449	0.00742	0.01075	0.01405	0.13199	0.52044	0.22913	0.01435	0.00627	0.00191	0.00277	0.01275	0.00481	0.00423
32	0.01256	0.01087	0.01818	0.10297	0.59525	0.01097	0.01390	0.01535	0.01147	0.07813	0.01170	0.07471	0.01019	0.00557	0.00513	0.00157	0.00571	0.00531	0.00295	0.00753
33	0.01158	0.01165	0.01828	0.30131	0.32495	0.07458	0.09776	0.01467	0.01141	0.01500	0.04161	0.01493	0.00959	0.00522	0.00519	0.00160	0.00661	0.02481	0.00261	0.00664
34	0.01857	0.00864	0.01102	0.00875	0.01197	0.03973	0.04003	0.04022	0.01375	0.51375	0.04328	0.01763	0.01321	0.00618	0.00479	0.00148	0.00423	0.00509	0.19026	0.00744
35	0.01893	0.00815	0.01080	0.00881	0.01200	0.00737	0.00711	0.07333	0.01430	0.57031	0.04604	0.13870	0.01713	0.00809	0.00539	0.00166	0.00414	0.03420	0.00586	0.00766
36	0.62404	0.01064	0.01245	0.01194	0.11121	0.01165	0.12174	0.01515	0.00947	0.02093	0.00783	0.00957	0.00613	0.00461	0.00379	0.00158	0.00487	0.00345	0.00296	0.00600
37	0.00656	0.00536	0.00621	0.00670	0.03604	0.00472	0.00476	0.00812	0.01184	0.01490	0.16918	0.11259	0.52456	0.01242	0.00604	0.00175	0.00282	0.05616	0.00476	0.00450

[dist]
# distance from previous block
# <min> <max>
0	2

[block]
# block no. 2 follows, 49 sequences, length 9
# corresponding to MSA columns:
# 194-202
name=unknown_C
#
# <colnr> <probs for GDERKNQSTAVLIFYWHMCP>
#	G	D	E	R	K	N	Q	S	T	A	V	L	I	F	Y	W	H	M	C	P
0	0.03831	0.15064	0.20505	0.01518	0.15915	0.01368	0.03775	0.06663	0.22851	0.01808	0.01222	0.01301	0.00941	0.00531	0.00468	0.00153	0.00569	0.00436	0.00328	0.00755
1	0.03719	0.01320	0.05521	0.02318	0.47361	0.03123	0.03135	0.18462	0.01439	0.07136	0.01068	0.01249	0.00825	0.00500	0.00498	0.00152	0.00594	0.00448	0.00332	0.00801
2	0.76730	0.00947	0.00756	0.00670	0.00978	0.01079	0.00550	0.01530	0.00905	0.06869	0.00827	0.00926	0.00626	0.00485	0.00327	0.00155	0.00386	0.00297	0.04396	0.00563
3	0.06508	0.01135	0.01282	0.00976	0.01382	0.01134	0.00802	0.37064	0.01759	0.22268	0.01315	0.01285	0.00918	0.00552	0.00467	0.00136	0.00474	0.00424	0.00480	0.19639
4	0.01674	0.05785	0.09666	0.01319	0.06497	0.13625	0.05489	0.21293	0.03423	0.16431	0.01181	0.01240	0.00858	0.00564	0.00556	0.00151	0.05450	0.00431	0.00389	0.03977
5	0.01163	0.01411	0.15063	0.07390	0.08946	0.09265	0.04027	0.03252	0.20879	0.01640	0.01474	0.10594	0.01307	0.00734	0.00619	0.00173	0.07111	0.03935	0.00348	0.00669
6	0.01338	0.00993	0.01101	0.00830	0.01245	0.05297	0.00663	0.01644	0.07029	0.16010	0.01183	0.01229	0.00897	0.00453	0.00415	0.00100	0.00418	0.00360	0.00374	0.58423
7	0.62685	0.01231	0.00945	0.00821	0.01140	0.11685	0.00664	0.12402	0.01153	0.02263	0.00787	0.00890	0.00606	0.00496	0.00359	0.00152	0.00484	0.00307	0.00334	0.00597
8	0.01187	0.03435	0.03015	0.01429	0.04589	0.03059	0.22980	0.07392	0.08699	0.01679	0.01291	0.03991	0.03205	0.00653	0.00730	0.00165	0.15029	0.04398	0.00322	0.12753

[dist]
# distance from previous block
# <min> <max>
1	3

[block]
# block no. 3 follows, 49 sequences, length 19
# corresponding to MSA columns:
# 206-224
name=unknown_D
#
# <colnr> <probs for GDERKNQSTAVLIFYWHMCP>
#	G	D	E	R	K	N	Q	S	T	A	V	L	I	F	Y	W	H	M	C	P
0	0.01067	0.01093	0.11474	0.00958	0.04176	0.05428	0.00811	0.04597	0.07562	0.06757	0.19401	0.02436	0.13666	0.00983	0.06212	0.00195	0.00499	0.00633	0.00413	0.11640
1	0.00934	0.00645	0.00800	0.00715	0.00866	0.00644	0.00548	0.08855	0.01442	0.05536	0.54429	0.03235	0.06128	0.04837	0.00710	0.00175	0.03622	0.00805	0.04549	0.00527
2	0.77641	0.00966	0.00785	0.00688	0.01008	0.01096	0.00567	0.01582	0.00918	0.09806	0.00830	0.00909	0.00616	0.00485	0.00332	0.00156	0.00395	0.00297	0.00344	0.00578
3	0.01346	0.01146	0.05203	0.01321	0.12204	0.03008	0.02591	0.19572	0.19368	0.06434	0.01444	0.01692	0.01162	0.08074	0.12859	0.00287	0.00659	0.00518	0.00400	0.00712
4	0.00641	0.00509	0.00576	0.00570	0.00712	0.00443	0.00423	0.00805	0.01238	0.01595	0.31047	0.10205	0.47013	0.01216	0.00601	0.00169	0.00253	0.01041	0.00500	0.00443
5	0.07774	0.01250	0.01313	0.04511	0.03322	0.06022	0.00909	0.24195	0.33848	0.02264	0.01438	0.01447	0.01085	0.00641	0.00593	0.00166	0.07550	0.00482	0.00438	0.00755
6	0.00844	0.00649	0.00887	0.05956	0.06211	0.00607	0.00659	0.01005	0.03083	0.01413	0.05846	0.31474	0.02115	0.01139	0.00746	0.11617	0.00387	0.06398	0.00375	0.18587
7	0.01269	0.05334	0.22765	0.21652	0.13949	0.04558	0.07641	0.08584	0.01236	0.06785	0.01007	0.01228	0.00745	0.00499	0.00495	0.00157	0.00674	0.00432	0.00282	0.00710
8	0.04765	0.01111	0.02037	0.01523	0.01916	0.01077	0.37532	0.01818	0.01224	0.27076	0.01403	0.01716	0.01046	0.00597	0.00658	0.00174	0.07862	0.05365	0.00390	0.00710
9	0.00640	0.00500	0.00581	0.00590	0.00717	0.00440	0.00431	0.00797	0.01209	0.01570	0.29011	0.19428	0.39763	0.01258	0.00606	0.00174	0.00258	0.01088	0.00498	0.00440
10	0.00878	0.00899	0.09243	0.15422	0.01550	0.00876	0.00935	0.04746	0.00945	0.01332	0.01183	0.01731	0.01056	0.05432	0.45697	0.00546	0.06234	0.00504	0.00266	0.00523
11	0.01119	0.06055	0.62299	0.01567	0.09218	0.01198	0.04500	0.01635	0.01096	0.05337	0.00959	0.01115	0.00690	0.00480	0.00481	0.00157	0.00713	0.00391	0.00238	0.00751
12	0.00613	0.00513	0.00533	0.00528	0.00692	0.00433	0.00396	0.00755	0.01188	0.01451	0.14543	0.04727	0.69396	0.01249	0.00597	0.00169	0.00254	0.01048	0.00481	0.00433
13	0.02125	0.00829	0.01128	0.00875	0.01241	0.00719	0.00719	0.02325	0.01446	0.72280	0.09085	0.01911	0.01577	0.00664	0.00517	0.00157	0.00413	0.00546	0.00619	0.00825
14	0.01236	0.01376	0.09161	0.07999	0.44066	0.08442	0.04882	0.03875	0.04437	0.01620	0.01126	0.07406	0.00989	0.00564	0.00511	0.00157	0.00627	0.00519	0.00282	0.00725
15	0.00804	0.00617	0.00713	0.00666	0.00831	0.00588	0.00509	0.07984	0.04129	0.01866	0.38501	0.07313	0.29662	0.01099	0.00590	0.00167	0.00287	0.02655	0.00515	0.00504
16	0.01252	0.01201	0.02053	0.03104	0.79074	0.01201	0.01552	0.01552	0.01151	0.01652	0.00951	0.01252	0.00801	0.00451	0.00501	0.00150	0.00601	0.00451	0.00250	0.00801
17	0.01210	0.01225	0.02207	0.01940	0.16079	0.04905	0.39496	0.04616	0.01221	0.03740	0.04831	0.09840	0.01236	0.00619	0.00621	0.00169	0.04424	0.00645	0.00310	0.00667
18	0.10855	0.01244	0.02700	0.05473	0.08808	0.08393	0.22978	0.04817	0.06742	0.08757	0.04709	0.01389	0.01015	0.00513	0.00496	0.00151	0.00612	0.00480	0.00341	0.09528

[dist]
# distance from previous block
# <min> <max>
3	6

[block]
# block no. 4 follows, 49 sequences, length 23
# corresponding to MSA columns:
# 231-253
name=unknown_E
#
# <colnr> <probs for GDERKNQSTAVLIFYWHMCP>
#	G	D	E	R	K	N	Q	S	T	A	V	L	I	F	Y	W	H	M	C	P
0	0.04381	0.02919	0.01127	0.00991	0.01115	0.06313	0.00780	0.05043	0.11398	0.01446	0.01294	0.07742	0.01227	0.06879	0.21210	0.03015	0.21696	0.00562	0.00318	0.00543
1	0.00814	0.04805	0.00842	0.00716	0.00901	0.00636	0.03513	0.01070	0.07603	0.05259	0.07230	0.18258	0.39747	0.01263	0.03590	0.00198	0.00366	0.02231	0.00456	0.00502
2	0.01200	0.16775	0.15554	0.01126	0.07964	0.05139	0.00981	0.01478	0.01089	0.04071	0.00897	0.01039	0.00726	0.00427	0.00403	0.00108	0.00521	0.00328	0.00273	0.39898
3	0.00631	0.00454	0.00575	0.00665	0.00703	0.00423	0.00439	0.00711	0.00954	0.01255	0.02848	0.63613	0.10429	0.12686	0.00907	0.00241	0.00317	0.01305	0.00447	0.00398
4	0.01177	0.18125	0.36715	0.01500	0.11514	0.01334	0.06635	0.05029	0.04127	0.01622	0.00938	0.01097	0.00724	0.00469	0.00454	0.00143	0.00645	0.00384	0.00253	0.07116
5	0.28234	0.01176	0.01211	0.00958	0.01332	0.01279	0.00791	0.39680	0.01730	0.17101	0.01200	0.01186	0.00835	0.00567	0.00446	0.00154	0.00481	0.00408	0.00468	0.00762
6	0.00854	0.00541	0.00661	0.00672	0.00817	0.00480	0.00503	0.00992	0.01143	0.11947	0.06909	0.30775	0.32722	0.01295	0.00611	0.00186	0.00310	0.07604	0.00494	0.00486
7	0.01125	0.00582	0.00670	0.00612	0.00790	0.00562	0.00473	0.01400	0.04934	0.15553	0.10062	0.02345	0.09150	0.00866	0.04255	0.00170	0.00334	0.00590	0.44975	0.00552
8	0.01240	0.04024	0.05918	0.15079	0.55544	0.01239	0.01483	0.06444	0.01201	0.01677	0.00949	0.01240	0.00771	0.00470	0.00495	0.00152	0.00615	0.00441	0.00260	0.00759
9	0.01513	0.01257	0.01440	0.01149	0.01499	0.04894	0.08617	0.38525	0.19635	0.02443	0.01900	0.01866	0.11558	0.00694	0.00527	0.00160	0.00526	0.00574	0.00466	0.00757
10	0.00663	0.00505	0.00609	0.00604	0.00728	0.00451	0.00445	0.00844	0.01276	0.01708	0.43999	0.14512	0.29438	0.01190	0.00603	0.00169	0.00252	0.01035	0.00516	0.00451
11	0.00950	0.00893	0.11465	0.04375	0.05114	0.00650	0.00760	0.01188	0.01223	0.11903	0.18948	0.07157	0.31450	0.00973	0.00563	0.00166	0.00380	0.00827	0.00452	0.00562
12	0.67973	0.01071	0.00862	0.00749	0.01071	0.06244	0.00611	0.03999	0.01014	0.11243	0.00876	0.00945	0.00646	0.00495	0.00351	0.00155	0.00435	0.00310	0.00352	0.00596
13	0.01488	0.01200	0.01273	0.01076	0.01402	0.01365	0.00856	0.28521	0.51953	0.02486	0.01766	0.01654	0.01307	0.00659	0.00512	0.00165	0.00454	0.00531	0.00512	0.00821
14	0.02153	0.00861	0.01145	0.00892	0.01266	0.00766	0.00732	0.02430	0.06422	0.71469	0.01986	0.01738	0.01272	0.00628	0.00503	0.00156	0.00421	0.00511	0.03806	0.00842
15	0.03134	0.01018	0.01548	0.30203	0.29652	0.04036	0.02750	0.03808	0.01111	0.01498	0.01300	0.07578	0.04720	0.04782	0.00620	0.00179	0.00592	0.00562	0.00281	0.00629
16	0.01885	0.01535	0.01488	0.01176	0.01555	0.12195	0.00955	0.63536	0.05954	0.02871	0.01197	0.01206	0.00865	0.00599	0.00500	0.00150	0.00597	0.00443	0.00473	0.00820
17	0.00805	0.00572	0.00776	0.00878	0.00998	0.00565	0.00761	0.01030	0.01158	0.01520	0.02812	0.05459	0.08529	0.01350	0.00674	0.00223	0.00439	0.66482	0.04508	0.00463
18	0.85801	0.00978	0.00743	0.00665	0.00978	0.01134	0.00548	0.01486	0.00861	0.02269	0.00704	0.00821	0.00548	0.00469	0.00313	0.00156	0.00391	0.00274	0.00313	0.00548
19	0.00630	0.00483	0.00577	0.00618	0.00719	0.00431	0.00439	0.00764	0.01134	0.01473	0.19524	0.36762	0.31914	0.01356	0.00617	0.00183	0.00268	0.01190	0.00488	0.00431
20	0.01335	0.08310	0.11215	0.07654	0.13486	0.04608	0.04740	0.09573	0.11499	0.09482	0.07666	0.04282	0.01311	0.00618	0.00522	0.00157	0.01935	0.00521	0.00372	0.00715
21	0.00680	0.00505	0.00611	0.00600	0.00719	0.00457	0.00439	0.00861	0.01264	0.01715	0.45081	0.11828	0.24749	0.05296	0.00697	0.00183	0.00262	0.00989	0.02618	0.00448
22	0.01061	0.04992	0.01323	0.15780	0.07757	0.00901	0.07250	0.01453	0.09299	0.08326	0.32137	0.03612	0.02501	0.00747	0.00543	0.00160	0.00448	0.00671	0.00429	0.00609

[dist]
# distance from previous block
# <min> <max>
0	126

# created by:
# /home/berkeley/.conda/envs/busco_data_prod/bin/msa2prfl.pl pipeline/OGs_align_augustus/33634/888.fs
