[name]
unknown

[dist]
# distance from previous block
# <min> <max>
0	20

[block]
# block no. 0 follows, 32 sequences, length 8
# corresponding to MSA columns:
# 40-47
name=unknown_A
#
# <colnr> <probs for GDERKNQSTAVLIFYWHMCP>
#	G	D	E	R	K	N	Q	S	T	A	V	L	I	F	Y	W	H	M	C	P
0	0.01286	0.01140	0.01596	0.01513	0.01586	0.01450	0.01286	0.01509	0.01272	0.01800	0.02142	0.04347	0.02287	0.01495	0.01600	0.00301	0.40002	0.32264	0.00447	0.00679
1	0.18696	0.01369	0.01473	0.01135	0.01661	0.01328	0.00925	0.17219	0.04378	0.13022	0.01498	0.01547	0.01106	0.00655	0.00551	0.00165	0.00567	0.00490	0.00535	0.31681
2	0.01555	0.01313	0.02116	0.01635	0.02053	0.01325	0.25129	0.10025	0.11771	0.02639	0.07786	0.02366	0.01841	0.00777	0.00665	0.00201	0.00683	0.00751	0.24522	0.00848
3	0.01170	0.01018	0.01318	0.01192	0.01307	0.01211	0.00938	0.01516	0.07303	0.02098	0.26397	0.07284	0.11417	0.05142	0.01417	0.00269	0.26782	0.01001	0.00541	0.00681
4	0.01080	0.00902	0.01393	0.01256	0.01377	0.00942	0.10672	0.01238	0.01208	0.01641	0.02461	0.26180	0.02780	0.27981	0.01913	0.00404	0.09340	0.06189	0.00467	0.00576
5	0.01704	0.01184	0.01364	0.01206	0.01533	0.01228	0.00927	0.17518	0.17748	0.10858	0.02694	0.28124	0.02562	0.01267	0.00727	0.00226	0.00530	0.01092	0.00655	0.06854
6	0.01606	0.00971	0.01150	0.01002	0.01254	0.00976	0.00761	0.15351	0.01875	0.12768	0.19986	0.09126	0.03093	0.12388	0.03195	0.00296	0.00536	0.00936	0.11966	0.00766
7	0.01210	0.01021	0.01321	0.01203	0.01255	0.01266	0.00903	0.01470	0.07401	0.01586	0.01689	0.02934	0.01744	0.32662	0.12899	0.00548	0.27112	0.00782	0.00385	0.00610

[dist]
# distance from previous block
# <min> <max>
0	4

[block]
# block no. 1 follows, 32 sequences, length 16
# corresponding to MSA columns:
# 52-67
name=unknown_B
#
# <colnr> <probs for GDERKNQSTAVLIFYWHMCP>
#	G	D	E	R	K	N	Q	S	T	A	V	L	I	F	Y	W	H	M	C	P
0	0.13207	0.01522	0.07236	0.01425	0.02012	0.01285	0.11289	0.08571	0.01691	0.21330	0.01609	0.01672	0.01141	0.00653	0.00604	0.00180	0.00674	0.00552	0.00524	0.22823
1	0.02282	0.01523	0.01700	0.01415	0.04364	0.05395	0.01095	0.26272	0.06798	0.21586	0.01980	0.06503	0.01506	0.00837	0.00653	0.00191	0.00647	0.00672	0.00637	0.13944
2	0.01733	0.01489	0.01788	0.11407	0.02278	0.01704	0.04979	0.12503	0.48310	0.02821	0.02291	0.02244	0.01709	0.00844	0.00686	0.00223	0.00642	0.00717	0.00610	0.01022
3	0.45119	0.01330	0.01293	0.01077	0.01530	0.01443	0.00883	0.09614	0.07753	0.21602	0.01619	0.01587	0.01135	0.00723	0.00535	0.00209	0.00557	0.00506	0.00576	0.00910
4	0.01498	0.00974	0.01166	0.01013	0.01291	0.00971	0.00791	0.11574	0.08165	0.11158	0.40900	0.03894	0.07024	0.01165	0.00732	0.00208	0.00427	0.00997	0.05249	0.00801
5	0.01399	0.02062	0.24163	0.01605	0.02014	0.07861	0.03199	0.01936	0.08663	0.01939	0.01836	0.18290	0.01795	0.01128	0.01069	0.00244	0.18706	0.00864	0.00411	0.00816
6	0.01247	0.00950	0.01217	0.01118	0.01209	0.01141	0.00856	0.05673	0.01250	0.01878	0.01795	0.06790	0.01763	0.18238	0.16538	0.00497	0.20578	0.00782	0.15851	0.00629
7	0.02673	0.01684	0.01893	0.01451	0.01983	0.01791	0.01199	0.52300	0.02827	0.22387	0.01886	0.01789	0.01279	0.00812	0.00672	0.00203	0.00694	0.00623	0.00713	0.01141
8	0.01364	0.00857	0.01016	0.00966	0.01189	0.00855	0.00725	0.01926	0.15200	0.11341	0.17756	0.20774	0.07401	0.01306	0.00716	0.00220	0.00409	0.01134	0.14087	0.00756
9	0.01249	0.00893	0.01073	0.02565	0.01164	0.05671	0.00756	0.02426	0.02594	0.01492	0.04481	0.05772	0.01799	0.10285	0.06648	0.41266	0.05007	0.04021	0.00376	0.00463
10	0.20482	0.01320	0.01517	0.01192	0.01691	0.01315	0.00984	0.15912	0.01985	0.43767	0.02061	0.01885	0.01350	0.00779	0.00616	0.00206	0.00592	0.00591	0.00706	0.01048
11	0.01419	0.01261	0.01726	0.16000	0.08414	0.03109	0.01302	0.08388	0.01447	0.02019	0.01533	0.09570	0.01440	0.01601	0.12565	0.00357	0.15988	0.00724	0.00395	0.10741
12	0.00890	0.00646	0.00821	0.00873	0.00950	0.00637	0.00597	0.01022	0.01241	0.01661	0.08039	0.30252	0.12109	0.21031	0.15610	0.00513	0.00716	0.01335	0.00526	0.00530
13	0.01608	0.01454	0.06108	0.09269	0.08239	0.01480	0.01249	0.11648	0.30053	0.02701	0.05581	0.05333	0.01916	0.00884	0.00665	0.00213	0.00610	0.00745	0.09301	0.00945
14	0.02071	0.05765	0.01966	0.06372	0.10826	0.11528	0.01281	0.23127	0.07098	0.08340	0.05544	0.01833	0.01449	0.00752	0.00638	0.00188	0.00742	0.00596	0.00528	0.09357
15	0.01654	0.21531	0.02289	0.08831	0.02102	0.10685	0.05744	0.01924	0.01441	0.03749	0.03139	0.04575	0.01227	0.00734	0.00737	0.00175	0.08578	0.00550	0.00367	0.19967

[dist]
# distance from previous block
# <min> <max>
3	15

[block]
# block no. 2 follows, 32 sequences, length 18
# corresponding to MSA columns:
# 93-110
name=unknown_C
#
# <colnr> <probs for GDERKNQSTAVLIFYWHMCP>
#	G	D	E	R	K	N	Q	S	T	A	V	L	I	F	Y	W	H	M	C	P
0	0.01815	0.45193	0.05436	0.01304	0.01768	0.18934	0.01189	0.02042	0.01499	0.01658	0.01377	0.07296	0.01361	0.00817	0.00549	0.00175	0.00811	0.05620	0.00351	0.00804
1	0.00818	0.00584	0.00779	0.00934	0.00973	0.00545	0.00623	0.00934	0.01285	0.01713	0.03698	0.75981	0.04438	0.02102	0.00856	0.00273	0.00389	0.01908	0.00623	0.00545
2	0.01025	0.00791	0.00950	0.00908	0.01099	0.00773	0.00680	0.01544	0.12292	0.02500	0.46337	0.10916	0.14794	0.01411	0.00781	0.00221	0.00359	0.01232	0.00704	0.00681
3	0.01176	0.00933	0.01091	0.01056	0.01264	0.00986	0.00786	0.02014	0.26770	0.02484	0.29509	0.22146	0.04299	0.01390	0.00769	0.00233	0.00413	0.01225	0.00689	0.00766
4	0.01790	0.00863	0.01128	0.00973	0.01277	0.00764	0.00760	0.02048	0.01792	0.31615	0.27182	0.10872	0.10601	0.01228	0.00737	0.00215	0.00432	0.01055	0.03840	0.00829
5	0.22062	0.01242	0.01543	0.01288	0.01615	0.01390	0.07032	0.12654	0.01546	0.07443	0.01516	0.01903	0.01236	0.03802	0.17319	0.00421	0.08094	0.00600	0.06501	0.00793
6	0.08420	0.01221	0.01494	0.01133	0.01669	0.01074	0.00928	0.07339	0.01784	0.40851	0.01996	0.01871	0.01348	0.00710	0.00600	0.00174	0.00556	0.00561	0.00654	0.25619
7	0.02030	0.02106	0.05232	0.02215	0.02806	0.13259	0.34952	0.23814	0.02129	0.02729	0.01382	0.01639	0.01027	0.00664	0.00719	0.00209	0.01014	0.00665	0.00444	0.00963
8	0.01414	0.01076	0.01397	0.13636	0.01897	0.01242	0.01049	0.08382	0.15075	0.02161	0.07030	0.02447	0.01803	0.03072	0.04809	0.17843	0.06901	0.02031	0.06024	0.00711
9	0.00836	0.00625	0.00776	0.00857	0.00962	0.00566	0.00598	0.01001	0.01454	0.01914	0.16776	0.46498	0.20944	0.01874	0.00829	0.00250	0.00364	0.01664	0.00644	0.00566
10	0.01539	0.17807	0.04757	0.32499	0.08799	0.01741	0.01523	0.07629	0.06403	0.02103	0.04158	0.01808	0.01258	0.00704	0.00613	0.00198	0.00761	0.00579	0.04270	0.00850
11	0.00884	0.00672	0.00779	0.00767	0.00922	0.00604	0.00549	0.01083	0.01578	0.02077	0.31671	0.09404	0.31708	0.12940	0.01194	0.00287	0.00381	0.01296	0.00636	0.00567
12	0.00960	0.00715	0.01059	0.01059	0.01172	0.00828	0.00815	0.01186	0.01073	0.01543	0.01815	0.02734	0.01720	0.09004	0.69846	0.01055	0.01733	0.00733	0.00362	0.00588
13	0.01383	0.12688	0.02130	0.51240	0.03664	0.01652	0.01601	0.01969	0.10015	0.01872	0.04466	0.01912	0.01273	0.00717	0.00641	0.00211	0.00797	0.00608	0.00364	0.00797
14	0.00889	0.00666	0.00827	0.00838	0.00986	0.00603	0.00617	0.01128	0.01670	0.02253	0.39806	0.20590	0.21243	0.01620	0.00810	0.00231	0.00347	0.03594	0.00683	0.00598
15	0.01594	0.10487	0.43779	0.01866	0.07763	0.09547	0.01970	0.05438	0.01557	0.02153	0.01257	0.01470	0.00949	0.00653	0.00604	0.00195	0.00909	0.00498	0.06370	0.00940
16	0.01668	0.01580	0.10323	0.01268	0.01822	0.01276	0.01141	0.16163	0.08492	0.05422	0.06548	0.02178	0.01665	0.00768	0.00620	0.00171	0.00609	0.04300	0.00521	0.33466
17	0.07664	0.07271	0.01425	0.01057	0.01421	0.06218	0.00828	0.08479	0.03519	0.08320	0.04011	0.05744	0.07028	0.12377	0.03863	0.00282	0.00646	0.00719	0.01979	0.17151

[dist]
# distance from previous block
# <min> <max>
2	47

[block]
# block no. 3 follows, 32 sequences, length 8
# corresponding to MSA columns:
# 158-165
name=unknown_D
#
# <colnr> <probs for GDERKNQSTAVLIFYWHMCP>
#	G	D	E	R	K	N	Q	S	T	A	V	L	I	F	Y	W	H	M	C	P
0	0.01495	0.01233	0.01736	0.07079	0.24024	0.01267	0.01281	0.10157	0.07960	0.04517	0.20303	0.03188	0.10946	0.00992	0.00716	0.00210	0.00589	0.00871	0.00555	0.00883
1	0.00840	0.00611	0.00783	0.00912	0.00979	0.00568	0.00627	0.00969	0.01314	0.01722	0.03982	0.59266	0.12531	0.06050	0.00991	0.00290	0.00412	0.05998	0.00611	0.00545
2	0.01238	0.01247	0.06298	0.01302	0.01444	0.03232	0.01098	0.01466	0.01361	0.01978	0.18531	0.09939	0.06589	0.01299	0.01393	0.02724	0.31058	0.00904	0.06221	0.00679
3	0.00953	0.00743	0.01095	0.01283	0.07656	0.00708	0.03730	0.01109	0.01305	0.01762	0.05724	0.54495	0.03804	0.10936	0.01146	0.00308	0.00488	0.01598	0.00562	0.00595
4	0.01418	0.01360	0.04709	0.09866	0.01942	0.09938	0.04832	0.01825	0.06349	0.06048	0.18050	0.15451	0.03059	0.01211	0.00856	0.00233	0.06040	0.05530	0.00539	0.00744
5	0.12862	0.06793	0.06633	0.01361	0.01736	0.01611	0.01190	0.13804	0.01696	0.17254	0.03993	0.07084	0.01504	0.00958	0.00996	0.00227	0.18204	0.00672	0.00526	0.00898
6	0.02033	0.01835	0.10791	0.01537	0.02110	0.01669	0.05635	0.28716	0.17880	0.08526	0.01826	0.01826	0.01324	0.00757	0.00656	0.00198	0.00706	0.00618	0.00583	0.10774
7	0.01030	0.00756	0.00939	0.00905	0.00923	0.00843	0.00596	0.01084	0.00998	0.01377	0.01922	0.03782	0.02141	0.56702	0.14087	0.00675	0.09489	0.00891	0.00386	0.00474

[dist]
# distance from previous block
# <min> <max>
0	1

[block]
# block no. 4 follows, 32 sequences, length 15
# corresponding to MSA columns:
# 167-181
name=unknown_E
#
# <colnr> <probs for GDERKNQSTAVLIFYWHMCP>
#	G	D	E	R	K	N	Q	S	T	A	V	L	I	F	Y	W	H	M	C	P
0	0.01852	0.05027	0.01751	0.01460	0.06302	0.17359	0.01085	0.06332	0.01674	0.07768	0.05908	0.01682	0.01368	0.00700	0.00691	0.00160	0.05836	0.00518	0.00444	0.32084
1	0.00837	0.00597	0.00793	0.00938	0.00983	0.00560	0.00635	0.00964	0.01303	0.01740	0.05585	0.68786	0.04403	0.04493	0.00941	0.00285	0.00405	0.04587	0.00619	0.00546
2	0.02919	0.01289	0.01648	0.01264	0.01786	0.01204	0.01044	0.16573	0.02167	0.59047	0.02441	0.02150	0.01557	0.00825	0.00674	0.00206	0.00604	0.00661	0.00799	0.01142
3	0.81159	0.01298	0.00986	0.00882	0.01298	0.01505	0.00727	0.01972	0.01142	0.03010	0.00934	0.01090	0.00727	0.00623	0.00415	0.00208	0.00519	0.00363	0.00415	0.00727
4	0.01508	0.01477	0.01275	0.01160	0.01416	0.19322	0.00881	0.05598	0.10285	0.02476	0.38371	0.03641	0.07632	0.01131	0.00725	0.00204	0.00592	0.00939	0.00623	0.00745
5	0.01610	0.00853	0.01089	0.00932	0.01239	0.00746	0.00731	0.01879	0.01814	0.25414	0.33769	0.04263	0.17442	0.01225	0.00742	0.00209	0.00411	0.01045	0.00733	0.03852
6	0.01522	0.02202	0.32692	0.01560	0.02174	0.03576	0.06346	0.05747	0.04988	0.06952	0.11762	0.02213	0.01891	0.00808	0.00700	0.00207	0.02885	0.00667	0.10213	0.00896
7	0.01923	0.01340	0.01477	0.01219	0.01567	0.01462	0.00959	0.35349	0.07534	0.05981	0.01915	0.02366	0.01567	0.13160	0.08252	0.00355	0.00749	0.00692	0.11238	0.00897
8	0.01373	0.00757	0.00979	0.00950	0.01159	0.00676	0.00708	0.01571	0.01586	0.19057	0.14954	0.33233	0.15066	0.01603	0.00794	0.00241	0.00421	0.03470	0.00692	0.00709
9	0.05025	0.05514	0.13665	0.04085	0.02311	0.03572	0.12437	0.10357	0.01550	0.06008	0.01300	0.03864	0.01075	0.00876	0.01165	0.00237	0.25059	0.00629	0.00391	0.00876
10	0.01342	0.01007	0.01178	0.01083	0.01345	0.01033	0.00820	0.06415	0.21472	0.05446	0.24527	0.20003	0.03800	0.01292	0.00743	0.00222	0.00444	0.01128	0.00673	0.06028
11	0.00842	0.00607	0.00798	0.00907	0.00976	0.00563	0.00621	0.00999	0.01412	0.01904	0.16882	0.59760	0.07345	0.01947	0.00842	0.00259	0.00373	0.01756	0.00645	0.00563
12	0.01606	0.01510	0.02001	0.19647	0.10290	0.06368	0.02791	0.09936	0.03513	0.02109	0.01245	0.01671	0.01031	0.01077	0.05704	0.00276	0.20069	0.00582	0.00373	0.08201
13	0.01430	0.03807	0.01206	0.00994	0.01236	0.04435	0.00730	0.07766	0.01552	0.08113	0.12902	0.11608	0.02744	0.24352	0.03610	0.00358	0.00612	0.00929	0.00534	0.11082
14	0.01834	0.24744	0.02416	0.04601	0.17980	0.10674	0.01313	0.02171	0.04424	0.08426	0.01472	0.06369	0.01281	0.00728	0.00582	0.00176	0.00738	0.00583	0.00405	0.09081

[dist]
# distance from previous block
# <min> <max>
137	284

[block]
# block no. 5 follows, 32 sequences, length 30
# corresponding to MSA columns:
# 617-634,637-648
name=unknown_F
#
# <colnr> <probs for GDERKNQSTAVLIFYWHMCP>
#	G	D	E	R	K	N	Q	S	T	A	V	L	I	F	Y	W	H	M	C	P
0	0.01546	0.01195	0.04526	0.01331	0.01639	0.01118	0.07486	0.18329	0.01839	0.09082	0.02756	0.40485	0.02886	0.01454	0.00778	0.00242	0.00589	0.01304	0.00613	0.00801
1	0.01610	0.01363	0.01913	0.23686	0.16525	0.01503	0.01476	0.17881	0.05436	0.02469	0.01817	0.02138	0.05776	0.01232	0.08574	0.00301	0.00864	0.00665	0.00445	0.04327
2	0.01103	0.02000	0.34374	0.01399	0.01958	0.01074	0.03175	0.01573	0.01446	0.01973	0.03290	0.13729	0.20532	0.01251	0.00744	0.00235	0.00699	0.08211	0.00458	0.00775
3	0.01663	0.01070	0.01276	0.01143	0.01424	0.01083	0.00884	0.21772	0.02023	0.12474	0.11268	0.29185	0.06094	0.01425	0.00769	0.00235	0.00517	0.04196	0.00680	0.00819
4	0.08343	0.15101	0.18197	0.01452	0.01969	0.01842	0.01414	0.02629	0.29835	0.02331	0.01726	0.01779	0.01335	0.00792	0.00761	0.00214	0.08293	0.00577	0.00460	0.00949
5	0.41905	0.00994	0.00851	0.00809	0.01122	0.01051	0.00640	0.01489	0.01321	0.02426	0.03577	0.06871	0.30771	0.01171	0.00606	0.00221	0.00441	0.02571	0.00517	0.00649
6	0.03044	0.01035	0.01305	0.07157	0.04028	0.01155	0.02451	0.03145	0.16843	0.03370	0.02013	0.03156	0.01929	0.35765	0.05847	0.00468	0.05328	0.00814	0.00461	0.00683
7	0.77619	0.01324	0.01032	0.00912	0.01333	0.01531	0.00751	0.05035	0.01233	0.03065	0.00965	0.01113	0.00745	0.00631	0.00427	0.00207	0.00529	0.00374	0.00427	0.00745
8	0.01715	0.40056	0.03104	0.05113	0.33765	0.02133	0.01586	0.02021	0.01437	0.01861	0.01091	0.01366	0.00954	0.00588	0.00545	0.00172	0.00760	0.00476	0.00308	0.00948
9	0.00858	0.00682	0.00770	0.00748	0.00946	0.00594	0.00561	0.01088	0.01682	0.02176	0.33722	0.05860	0.44809	0.01564	0.00792	0.00220	0.00330	0.01332	0.00671	0.00594
10	0.01035	0.00754	0.00877	0.00867	0.01043	0.00717	0.00629	0.01377	0.09010	0.04525	0.17909	0.18327	0.27371	0.07070	0.01075	0.04459	0.00409	0.01295	0.00627	0.00624
11	0.19136	0.43826	0.02635	0.01179	0.01710	0.02279	0.01085	0.17109	0.01714	0.02477	0.01084	0.01198	0.00894	0.00636	0.00481	0.00170	0.00679	0.00414	0.00400	0.00894
12	0.01477	0.00919	0.01110	0.01039	0.01273	0.00903	0.00793	0.08127	0.06938	0.13988	0.07854	0.17756	0.12008	0.12496	0.01169	0.00302	0.00521	0.09946	0.00642	0.00738
13	0.02445	0.01421	0.09283	0.01445	0.06385	0.01141	0.01191	0.02966	0.09916	0.46954	0.04011	0.02251	0.01692	0.00814	0.00663	0.00207	0.00607	0.00670	0.04866	0.01072
14	0.00996	0.00643	0.00747	0.00747	0.00747	0.00643	0.00426	0.00965	0.00965	0.01286	0.02012	0.04137	0.02302	0.68408	0.03329	0.09282	0.00643	0.00933	0.00394	0.00394
15	0.00864	0.00588	0.00762	0.00901	0.00953	0.00554	0.00606	0.01002	0.01298	0.01798	0.03535	0.68036	0.04144	0.01959	0.00815	0.00260	0.00381	0.01769	0.09221	0.00554
16	0.01804	0.26326	0.10692	0.01619	0.09505	0.01857	0.01355	0.09957	0.05092	0.06827	0.01322	0.01463	0.01049	0.00658	0.00627	0.00172	0.04057	0.00486	0.00410	0.14721
17	0.75337	0.01249	0.00960	0.00864	0.01260	0.01441	0.00708	0.01943	0.01161	0.02973	0.01026	0.01193	0.00799	0.00634	0.00419	0.00204	0.00504	0.00382	0.06223	0.00719
18	0.00959	0.00719	0.01078	0.01078	0.01198	0.00839	0.00839	0.01198	0.01078	0.01558	0.01797	0.02636	0.01677	0.05032	0.73760	0.01078	0.01797	0.00719	0.00359	0.00599
19	0.01187	0.01064	0.01236	0.01220	0.01382	0.08676	0.05806	0.04429	0.04943	0.01916	0.03093	0.52588	0.03512	0.01710	0.00811	0.00255	0.00564	0.04379	0.00577	0.00652
20	0.01346	0.03471	0.72942	0.01912	0.02904	0.01558	0.02479	0.02125	0.01417	0.02125	0.01204	0.01417	0.00850	0.00637	0.00637	0.00212	0.00992	0.00496	0.00283	0.00992
21	0.01391	0.01193	0.01391	0.00994	0.01590	0.00894	0.00795	0.01690	0.01391	0.02186	0.01193	0.01391	0.00994	0.00497	0.00497	0.00099	0.00497	0.00398	0.00398	0.80521
22	0.01550	0.01317	0.01415	0.01279	0.01622	0.01498	0.00991	0.03186	0.59603	0.02788	0.14154	0.02918	0.02756	0.00987	0.00701	0.00225	0.00496	0.00834	0.00692	0.00991
23	0.00850	0.00616	0.00808	0.00931	0.01004	0.00573	0.00651	0.01007	0.01387	0.01848	0.11262	0.58558	0.09008	0.01978	0.00851	0.00266	0.00396	0.06811	0.00635	0.00561
24	0.01362	0.00800	0.01093	0.01103	0.01313	0.00756	0.00913	0.01650	0.01685	0.14427	0.21525	0.10958	0.04177	0.01566	0.00842	0.00263	0.00513	0.33660	0.00687	0.00707
25	0.00841	0.00648	0.00769	0.00809	0.00954	0.00576	0.00580	0.01029	0.01538	0.01999	0.22122	0.30175	0.32036	0.01756	0.00815	0.00239	0.00351	0.01535	0.00652	0.00576
26	0.00818	0.00584	0.00779	0.00934	0.00973	0.00545	0.00623	0.00934	0.01285	0.01713	0.03698	0.75981	0.04438	0.02102	0.00856	0.00273	0.00389	0.01908	0.00623	0.00545
27	0.01468	0.01468	0.02055	0.01762	0.01762	0.02055	0.01468	0.01615	0.01028	0.01615	0.00881	0.01468	0.00881	0.01174	0.02202	0.00294	0.75191	0.00587	0.00294	0.00734
28	0.01834	0.02547	0.36832	0.01841	0.02579	0.01671	0.09256	0.18222	0.01871	0.09798	0.01443	0.01597	0.01022	0.00724	0.00768	0.00216	0.05749	0.00578	0.00437	0.01016
29	0.01565	0.11309	0.36770	0.01634	0.02393	0.10633	0.04786	0.02084	0.01473	0.02016	0.01156	0.01363	0.00893	0.00602	0.00585	0.00175	0.00882	0.00463	0.00320	0.18897

[dist]
# distance from previous block
# <min> <max>
4	8

[block]
# block no. 6 follows, 32 sequences, length 6
# corresponding to MSA columns:
# 657-662
name=unknown_G
#
# <colnr> <probs for GDERKNQSTAVLIFYWHMCP>
#	G	D	E	R	K	N	Q	S	T	A	V	L	I	F	Y	W	H	M	C	P
0	0.01484	0.00979	0.01166	0.01071	0.01272	0.01058	0.00795	0.05767	0.25024	0.05052	0.05864	0.02388	0.01820	0.01528	0.01505	0.34711	0.00537	0.00687	0.06612	0.00681
1	0.01740	0.04667	0.05099	0.01529	0.01982	0.01385	0.15390	0.17894	0.01944	0.09369	0.14096	0.02517	0.02173	0.04911	0.06191	0.00288	0.00790	0.00761	0.02753	0.04522
2	0.64816	0.01265	0.01106	0.00948	0.01384	0.01397	0.00781	0.02244	0.01305	0.17584	0.01292	0.01340	0.00922	0.00666	0.00470	0.00208	0.00530	0.00428	0.00502	0.00814
3	0.01333	0.01322	0.02420	0.59754	0.04388	0.01534	0.16070	0.01805	0.01392	0.01805	0.01227	0.01793	0.00920	0.00649	0.00696	0.00224	0.00944	0.00637	0.00307	0.00779
4	0.01556	0.00789	0.01060	0.01005	0.01196	0.00743	0.00739	0.01699	0.01392	0.23231	0.02755	0.26382	0.02743	0.14729	0.10098	0.04178	0.00677	0.03726	0.00602	0.00701
5	0.33883	0.01274	0.01375	0.01104	0.01584	0.01296	0.00911	0.09126	0.01730	0.38593	0.01871	0.01747	0.01242	0.00746	0.00572	0.00207	0.00566	0.00545	0.00651	0.00978

[dist]
# distance from previous block
# <min> <max>
1	9

[block]
# block no. 7 follows, 32 sequences, length 26
# corresponding to MSA columns:
# 737-749,778-780,792-801
name=unknown_H
#
# <colnr> <probs for GDERKNQSTAVLIFYWHMCP>
#	G	D	E	R	K	N	Q	S	T	A	V	L	I	F	Y	W	H	M	C	P
0	0.38963	0.01390	0.01375	0.14720	0.02057	0.05511	0.01048	0.06930	0.08602	0.06116	0.06218	0.01737	0.01363	0.00740	0.00557	0.00210	0.00632	0.00542	0.00478	0.00810
1	0.01523	0.01044	0.01463	0.23394	0.02322	0.01167	0.01135	0.06630	0.06257	0.12473	0.01853	0.02579	0.01571	0.16066	0.17132	0.00487	0.00960	0.00719	0.00465	0.00758
2	0.07380	0.28909	0.02277	0.07793	0.01925	0.08826	0.01145	0.02110	0.04778	0.08617	0.01321	0.01549	0.01084	0.01144	0.08333	0.00274	0.06005	0.00493	0.00389	0.05650
3	0.01848	0.01509	0.01585	0.01288	0.01769	0.04955	0.01023	0.14571	0.30168	0.06519	0.01964	0.01922	0.01479	0.00747	0.00618	0.00179	0.00592	0.00598	0.00582	0.26083
4	0.01196	0.00710	0.00927	0.00956	0.01097	0.00713	0.00729	0.01417	0.01342	0.08191	0.02714	0.19654	0.02748	0.09203	0.16132	0.00451	0.00746	0.12894	0.17554	0.00627
5	0.01337	0.00871	0.01126	0.00983	0.01195	0.00887	0.05503	0.09542	0.01606	0.02453	0.12638	0.02815	0.02301	0.05865	0.06014	0.07429	0.00569	0.00749	0.35454	0.00663
6	0.00854	0.00626	0.00801	0.00876	0.00974	0.00574	0.00612	0.01036	0.01497	0.02015	0.24271	0.46349	0.13369	0.01836	0.00829	0.00249	0.00362	0.01641	0.00657	0.00574
7	0.01669	0.01441	0.01517	0.01365	0.01745	0.01669	0.01062	0.03565	0.71021	0.02807	0.02731	0.02503	0.02048	0.00910	0.00683	0.00228	0.00531	0.00759	0.00683	0.01062
8	0.01852	0.00939	0.01221	0.01033	0.01358	0.00869	0.00815	0.02286	0.08070	0.31182	0.37549	0.03679	0.04049	0.01110	0.00734	0.00211	0.00439	0.00954	0.00771	0.00878
9	0.00891	0.00662	0.00831	0.00888	0.01017	0.00609	0.00658	0.01100	0.01544	0.02048	0.24102	0.28857	0.19763	0.03702	0.00900	0.00259	0.00395	0.10541	0.00650	0.00582
10	0.02373	0.01791	0.01914	0.01508	0.02013	0.01998	0.01232	0.56645	0.16795	0.03943	0.01836	0.01790	0.01323	0.00827	0.00674	0.00207	0.00697	0.00635	0.00674	0.01125
11	0.00855	0.00673	0.00772	0.00767	0.00949	0.00590	0.00568	0.01076	0.01647	0.02139	0.31385	0.12575	0.40388	0.01613	0.00798	0.00225	0.00336	0.01386	0.00667	0.00590
12	0.09833	0.03812	0.01781	0.01491	0.01909	0.27211	0.01172	0.21138	0.19946	0.02775	0.01617	0.01638	0.01231	0.00770	0.00621	0.00197	0.00830	0.00555	0.00526	0.00947
13	0.00930	0.00693	0.00903	0.00965	0.02601	0.00643	0.00704	0.01179	0.01647	0.02233	0.35767	0.21746	0.15232	0.01636	0.00822	0.00240	0.00388	0.10389	0.00670	0.00610
14	0.06461	0.02087	0.07987	0.01460	0.01872	0.25064	0.01227	0.02575	0.13558	0.11811	0.05838	0.01856	0.01509	0.00809	0.00764	0.00200	0.07354	0.00582	0.00491	0.06494
15	0.01607	0.01553	0.02306	0.01860	0.02182	0.01826	0.17587	0.04758	0.27455	0.02276	0.01712	0.01942	0.01360	0.00918	0.01246	0.00250	0.27087	0.00701	0.00463	0.00911
16	0.11299	0.06670	0.02513	0.26146	0.16899	0.01684	0.14869	0.01910	0.01374	0.02035	0.01161	0.01604	0.00928	0.00668	0.00781	0.00218	0.07484	0.00589	0.00326	0.00844
17	0.01129	0.01004	0.01673	0.39619	0.03091	0.01139	0.06181	0.01467	0.01359	0.01771	0.02214	0.25997	0.02298	0.01225	0.00761	0.00247	0.00725	0.06984	0.00433	0.00681
18	0.02039	0.01480	0.01832	0.01502	0.01782	0.01770	0.01239	0.22687	0.06072	0.13880	0.01586	0.01776	0.01213	0.00965	0.01283	0.00238	0.31052	0.00619	0.06050	0.00935
19	0.01859	0.01054	0.01332	0.01029	0.01494	0.00865	0.00824	0.02148	0.01700	0.27245	0.18547	0.02570	0.02501	0.00823	0.00630	0.00164	0.00480	0.00690	0.00632	0.33414
20	0.01193	0.01008	0.01561	0.02087	0.27685	0.00978	0.01166	0.01505	0.01653	0.02333	0.33535	0.16129	0.04027	0.01209	0.00755	0.00217	0.00509	0.01104	0.00566	0.00779
21	0.00818	0.00641	0.00741	0.00799	0.00943	0.00564	0.00568	0.00980	0.01465	0.01856	0.11780	0.34603	0.38194	0.01832	0.00819	0.00244	0.00358	0.01597	0.00634	0.00564
22	0.01166	0.00583	0.00874	0.00874	0.00874	0.00583	0.00583	0.00874	0.00874	0.01166	0.01166	0.02040	0.01166	0.02331	0.02622	0.80478	0.00583	0.00583	0.00291	0.00291
23	0.02142	0.01688	0.02053	0.08625	0.02349	0.01868	0.07375	0.43359	0.14787	0.03493	0.01766	0.01833	0.01286	0.00789	0.00677	0.00209	0.00737	0.00648	0.03264	0.01051
24	0.01376	0.01227	0.01349	0.01183	0.01467	0.08005	0.04992	0.07922	0.13957	0.02537	0.29555	0.07692	0.13575	0.01213	0.00748	0.00216	0.00534	0.01045	0.00638	0.00769
25	0.03044	0.01591	0.09372	0.08578	0.18557	0.01455	0.02632	0.09797	0.11415	0.08472	0.06010	0.03827	0.01714	0.00836	0.00718	0.00212	0.02640	0.03437	0.00500	0.05193

[dist]
# distance from previous block
# <min> <max>
0	2

[block]
# block no. 8 follows, 32 sequences, length 12
# corresponding to MSA columns:
# 804-815
name=unknown_I
#
# <colnr> <probs for GDERKNQSTAVLIFYWHMCP>
#	G	D	E	R	K	N	Q	S	T	A	V	L	I	F	Y	W	H	M	C	P
0	0.00889	0.00638	0.00848	0.00920	0.01015	0.00597	0.00660	0.01100	0.01549	0.02124	0.30892	0.42737	0.05152	0.01793	0.00836	0.00251	0.00377	0.06370	0.00669	0.00585
1	0.01576	0.01302	0.01491	0.01082	0.01668	0.01084	0.00872	0.12584	0.01673	0.02512	0.01259	0.01426	0.01017	0.00546	0.00525	0.00116	0.00535	0.00430	0.00441	0.67860
2	0.02641	0.01606	0.01718	0.01353	0.01844	0.08432	0.01102	0.29619	0.02386	0.34190	0.02336	0.02171	0.05733	0.00861	0.00674	0.00203	0.00685	0.00669	0.00707	0.01071
3	0.01794	0.76823	0.03516	0.01148	0.01722	0.02655	0.01148	0.02009	0.01363	0.01579	0.00933	0.01076	0.00861	0.00574	0.00431	0.00144	0.00718	0.00359	0.00287	0.00861
4	0.02377	0.01064	0.01319	0.01071	0.01478	0.01004	0.00865	0.05942	0.08521	0.43497	0.02481	0.02333	0.01690	0.00824	0.00619	0.00195	0.00504	0.00666	0.22556	0.00993
5	0.01206	0.00961	0.01268	0.01114	0.01320	0.00964	0.07840	0.07451	0.07613	0.01946	0.03081	0.07821	0.15027	0.32540	0.01876	0.00409	0.00626	0.05791	0.00513	0.00633
6	0.03998	0.01448	0.07017	0.17668	0.20564	0.01420	0.01534	0.11547	0.01616	0.06347	0.01502	0.02003	0.01230	0.05744	0.13099	0.00380	0.00962	0.00630	0.00410	0.00880
7	0.00853	0.00648	0.00786	0.00822	0.00961	0.00581	0.00590	0.01053	0.01566	0.02067	0.27127	0.30183	0.26867	0.01732	0.00815	0.00237	0.00349	0.01521	0.00661	0.00581
8	0.01266	0.01096	0.01464	0.05457	0.01674	0.01205	0.05895	0.08422	0.09295	0.02139	0.05005	0.09952	0.22444	0.01741	0.09733	0.00339	0.10593	0.01015	0.00523	0.00740
9	0.01855	0.01273	0.01495	0.01128	0.01677	0.01112	0.00908	0.08305	0.10033	0.16673	0.01708	0.01725	0.01268	0.00641	0.00571	0.00146	0.00537	0.00515	0.00544	0.47886
10	0.01300	0.00841	0.00950	0.00891	0.01051	0.00906	0.00676	0.06429	0.05476	0.02375	0.08898	0.03222	0.02330	0.13007	0.01150	0.00267	0.05821	0.04898	0.38852	0.00660
11	0.18097	0.06641	0.01740	0.13728	0.05876	0.01388	0.02763	0.06678	0.01467	0.02380	0.01158	0.01414	0.00927	0.00587	0.00533	0.00162	0.00633	0.00456	0.00391	0.32983

[dist]
# distance from previous block
# <min> <max>
3	19

[block]
# block no. 9 follows, 32 sequences, length 14
# corresponding to MSA columns:
# 836-849
name=unknown_J
#
# <colnr> <probs for GDERKNQSTAVLIFYWHMCP>
#	G	D	E	R	K	N	Q	S	T	A	V	L	I	F	Y	W	H	M	C	P
0	0.01502	0.00767	0.00935	0.00835	0.01079	0.00704	0.00647	0.01793	0.01707	0.18235	0.27528	0.03656	0.08812	0.01075	0.00655	0.00193	0.00374	0.00908	0.27855	0.00739
1	0.00859	0.00637	0.00801	0.00855	0.00971	0.00580	0.00605	0.01055	0.01543	0.02070	0.27873	0.38355	0.17786	0.01774	0.00822	0.00243	0.00355	0.01575	0.00663	0.00580
2	0.01285	0.00759	0.00993	0.00898	0.01117	0.00686	0.00686	0.01578	0.01863	0.14447	0.54463	0.07042	0.08896	0.01322	0.00774	0.00213	0.00363	0.01157	0.00744	0.00713
3	0.01044	0.00809	0.01039	0.01026	0.01147	0.00856	0.00770	0.01414	0.07801	0.02199	0.31331	0.22345	0.04467	0.06899	0.01134	0.00275	0.07736	0.06436	0.00628	0.00642
4	0.26063	0.01305	0.01314	0.01093	0.01500	0.01417	0.00887	0.19907	0.08136	0.13543	0.01776	0.01811	0.01290	0.00759	0.00555	0.00198	0.00544	0.00560	0.16437	0.00906
5	0.08319	0.01177	0.01719	0.01371	0.01770	0.01153	0.13071	0.03859	0.11154	0.19815	0.25605	0.03035	0.03085	0.00959	0.00714	0.00215	0.00579	0.00861	0.00655	0.00883
6	0.02510	0.03084	0.01911	0.01713	0.02075	0.67525	0.01295	0.08505	0.02010	0.01866	0.01087	0.01245	0.00888	0.00701	0.00611	0.00175	0.01169	0.00447	0.00374	0.00809
7	0.02448	0.01601	0.07227	0.01388	0.01918	0.01497	0.01202	0.22304	0.17769	0.31946	0.02258	0.02074	0.01537	0.00826	0.00673	0.00211	0.00642	0.00660	0.00709	0.01112
8	0.00881	0.00656	0.00772	0.00788	0.00910	0.00599	0.00545	0.01046	0.01468	0.01933	0.23635	0.19322	0.25280	0.17553	0.01362	0.00321	0.00409	0.01362	0.00610	0.00547
9	0.01154	0.00867	0.01073	0.01060	0.01193	0.00927	0.00788	0.07009	0.06742	0.02187	0.14280	0.32809	0.03664	0.06949	0.01100	0.00278	0.06919	0.05363	0.04975	0.00663
10	0.01132	0.00769	0.01056	0.01023	0.01176	0.00824	0.00778	0.04427	0.01314	0.05672	0.07563	0.09114	0.06978	0.07230	0.43043	0.04669	0.01240	0.00899	0.00467	0.00625
11	0.00902	0.00647	0.00779	0.00808	0.00888	0.00612	0.00535	0.01030	0.01333	0.01779	0.17806	0.22913	0.14173	0.28887	0.03601	0.00410	0.00497	0.01321	0.00562	0.00518
12	0.02318	0.08209	0.06812	0.01615	0.02079	0.37131	0.01340	0.21890	0.07890	0.02505	0.01344	0.01435	0.01040	0.00730	0.00619	0.00186	0.00968	0.00507	0.00458	0.00926
13	0.01864	0.01861	0.02563	0.01932	0.02477	0.15798	0.29347	0.07454	0.01758	0.07477	0.01749	0.01953	0.05824	0.00694	0.00687	0.00191	0.00914	0.00672	0.00432	0.14353

[dist]
# distance from previous block
# <min> <max>
4	8

[block]
# block no. 10 follows, 32 sequences, length 17
# corresponding to MSA columns:
# 889-905
name=unknown_K
#
# <colnr> <probs for GDERKNQSTAVLIFYWHMCP>
#	G	D	E	R	K	N	Q	S	T	A	V	L	I	F	Y	W	H	M	C	P
0	0.44871	0.01150	0.01046	0.00924	0.01278	0.01271	0.00743	0.06067	0.05319	0.07055	0.10929	0.02006	0.01782	0.00786	0.00519	0.00201	0.00478	0.00571	0.12235	0.00767
1	0.00920	0.00708	0.00901	0.04574	0.01221	0.00703	0.00715	0.01233	0.08128	0.01830	0.03805	0.57896	0.11086	0.01873	0.00824	0.00261	0.00423	0.01680	0.00613	0.00608
2	0.02887	0.01250	0.01670	0.01386	0.05429	0.01143	0.01075	0.10855	0.02041	0.61177	0.02456	0.02174	0.01570	0.00815	0.00674	0.00206	0.00602	0.00663	0.00786	0.01138
3	0.01386	0.01144	0.01277	0.01186	0.01472	0.01265	0.00916	0.02651	0.43817	0.02675	0.22764	0.07320	0.03503	0.01155	0.00736	0.00229	0.00466	0.04458	0.00692	0.00888
4	0.02377	0.02863	0.01846	0.01663	0.02023	0.59181	0.01259	0.05845	0.12819	0.01941	0.01329	0.01431	0.01063	0.00731	0.00620	0.00183	0.01082	0.00491	0.00413	0.00839
5	0.38945	0.01310	0.01222	0.01060	0.01440	0.04645	0.00859	0.10652	0.03306	0.10662	0.14107	0.02337	0.02073	0.00871	0.00583	0.00211	0.00553	0.03786	0.00564	0.00813
6	0.01012	0.00643	0.00822	0.00822	0.00864	0.00650	0.00536	0.00977	0.01017	0.01351	0.02255	0.03620	0.09038	0.35398	0.13556	0.25001	0.00772	0.00862	0.00386	0.00417
7	0.02808	0.01097	0.01492	0.01159	0.01643	0.00952	0.00952	0.03073	0.01918	0.65828	0.09442	0.02552	0.02119	0.00884	0.00686	0.00208	0.00546	0.00728	0.00821	0.01092
8	0.06455	0.16255	0.12317	0.11947	0.09502	0.06016	0.01523	0.13684	0.01709	0.04375	0.01413	0.03318	0.02695	0.00754	0.00700	0.00201	0.05262	0.00566	0.00402	0.00906
9	0.02159	0.06139	0.05002	0.02291	0.24791	0.01662	0.01499	0.22129	0.02040	0.17210	0.01685	0.04027	0.01285	0.00780	0.00730	0.00205	0.04134	0.00637	0.00536	0.01056
10	0.06066	0.01333	0.01406	0.01247	0.01619	0.01491	0.00977	0.07081	0.49431	0.06213	0.06146	0.02880	0.09240	0.00986	0.00683	0.00223	0.00515	0.00811	0.00671	0.00982
11	0.05195	0.00795	0.00938	0.00932	0.01118	0.00790	0.00722	0.05385	0.03384	0.02439	0.25978	0.15801	0.10018	0.01427	0.00751	0.00230	0.00417	0.11645	0.11380	0.00655
12	0.02134	0.17942	0.02076	0.01328	0.01810	0.20476	0.01097	0.13832	0.01910	0.10675	0.05255	0.01621	0.01332	0.00705	0.00578	0.00164	0.00770	0.00512	0.00477	0.15305
13	0.15750	0.01529	0.02030	0.01597	0.02074	0.04857	0.17322	0.09650	0.16151	0.12022	0.05250	0.03721	0.01611	0.00787	0.00661	0.00213	0.00716	0.00696	0.00552	0.02811
14	0.02153	0.01327	0.01576	0.03900	0.01830	0.01329	0.01037	0.15276	0.18463	0.25243	0.02250	0.06386	0.01685	0.00860	0.00658	0.00198	0.00582	0.00707	0.00665	0.13875
15	0.01154	0.01255	0.09703	0.04095	0.17640	0.01063	0.01266	0.01469	0.01433	0.02000	0.12624	0.20325	0.08810	0.01630	0.07831	0.00313	0.05089	0.01070	0.00479	0.00752
16	0.01102	0.00876	0.01071	0.01045	0.01151	0.04183	0.04261	0.04507	0.01303	0.01703	0.02629	0.30247	0.02983	0.30528	0.05873	0.00453	0.00673	0.04355	0.00500	0.00557

[dist]
# distance from previous block
# <min> <max>
8	40

[block]
# block no. 11 follows, 32 sequences, length 13
# corresponding to MSA columns:
# 956-960,962-969
name=unknown_L
#
# <colnr> <probs for GDERKNQSTAVLIFYWHMCP>
#	G	D	E	R	K	N	Q	S	T	A	V	L	I	F	Y	W	H	M	C	P
0	0.01589	0.19456	0.06206	0.07855	0.27108	0.01709	0.09582	0.01956	0.01457	0.03543	0.01385	0.06772	0.01233	0.00700	0.00624	0.00190	0.00778	0.00638	0.00354	0.06865
1	0.04937	0.05773	0.10764	0.01128	0.01375	0.00898	0.03169	0.01253	0.01320	0.01842	0.03107	0.52319	0.06229	0.01671	0.00774	0.00250	0.00519	0.01489	0.00537	0.00646
2	0.02328	0.04153	0.02069	0.01996	0.14658	0.20316	0.01373	0.26496	0.08063	0.09613	0.01575	0.01642	0.01174	0.00743	0.00648	0.00195	0.00836	0.00572	0.00532	0.01019
3	0.01066	0.00758	0.00895	0.00901	0.01075	0.00720	0.00665	0.01396	0.07639	0.05816	0.13825	0.20059	0.24188	0.10540	0.01114	0.00291	0.00439	0.07350	0.00630	0.00632
4	0.01131	0.00891	0.01482	0.05280	0.01669	0.00847	0.12982	0.01404	0.01530	0.05934	0.20211	0.36920	0.03962	0.01498	0.00809	0.00243	0.00540	0.01396	0.00595	0.00675
5	0.01020	0.00644	0.00865	0.00977	0.01065	0.00598	0.00686	0.01162	0.01356	0.07689	0.03600	0.64973	0.04164	0.01978	0.00846	0.00270	0.00421	0.06446	0.00640	0.00600
6	0.01533	0.22944	0.04878	0.01270	0.01642	0.01741	0.01112	0.07794	0.17102	0.02095	0.01674	0.01965	0.01409	0.02101	0.23617	0.00471	0.04776	0.00599	0.00431	0.00846
7	0.30370	0.20445	0.05543	0.01294	0.01753	0.27005	0.01116	0.02236	0.01475	0.02140	0.00983	0.01145	0.00814	0.00636	0.00496	0.00180	0.00832	0.00393	0.00353	0.00791
8	0.01902	0.00996	0.01114	0.00938	0.01252	0.01004	0.00748	0.16046	0.01879	0.18124	0.02169	0.02271	0.01588	0.00797	0.00555	0.00177	0.00457	0.00632	0.46507	0.00844
9	0.01588	0.01719	0.11033	0.24113	0.04881	0.01597	0.23493	0.06798	0.01569	0.06006	0.01366	0.01761	0.01018	0.00693	0.00820	0.00223	0.06802	0.00652	0.02989	0.00878
10	0.01216	0.00817	0.01048	0.01020	0.01163	0.00857	0.00744	0.01579	0.10095	0.07820	0.12010	0.21473	0.03102	0.12838	0.13669	0.04848	0.03379	0.01110	0.00558	0.00654
11	0.01956	0.05522	0.20642	0.01401	0.01979	0.01480	0.01388	0.13479	0.15087	0.17244	0.01971	0.01955	0.01404	0.00772	0.00628	0.00202	0.00677	0.00610	0.10594	0.01008
12	0.01055	0.00766	0.01032	0.00998	0.01138	0.00771	0.00732	0.01166	0.01140	0.01615	0.02063	0.18059	0.02198	0.10849	0.22824	0.13222	0.03878	0.03259	0.00421	0.12814

[dist]
# distance from previous block
# <min> <max>
4	10

[block]
# block no. 12 follows, 32 sequences, length 6
# corresponding to MSA columns:
# 982-987
name=unknown_M
#
# <colnr> <probs for GDERKNQSTAVLIFYWHMCP>
#	G	D	E	R	K	N	Q	S	T	A	V	L	I	F	Y	W	H	M	C	P
0	0.01583	0.06834	0.32384	0.01468	0.02095	0.01441	0.01588	0.07933	0.11006	0.07919	0.06446	0.06336	0.01747	0.00846	0.00645	0.00208	0.00721	0.00687	0.07176	0.00937
1	0.06420	0.00879	0.01135	0.01047	0.01327	0.00814	0.00833	0.01947	0.01576	0.27806	0.06268	0.15605	0.09821	0.01449	0.00912	0.06792	0.00513	0.13419	0.00664	0.00773
2	0.00870	0.00637	0.00796	0.00874	0.00967	0.00590	0.00611	0.01028	0.01408	0.01861	0.15122	0.40021	0.15831	0.10409	0.01133	0.00300	0.00414	0.05960	0.00617	0.00552
3	0.00919	0.00641	0.00826	0.00892	0.00999	0.00601	0.00647	0.01136	0.01531	0.02131	0.26184	0.37417	0.07928	0.01711	0.00805	0.00243	0.00376	0.07080	0.07345	0.00588
4	0.08167	0.01469	0.01467	0.01251	0.01629	0.08817	0.00988	0.14108	0.20428	0.13969	0.17732	0.02636	0.02568	0.00938	0.00675	0.00209	0.00594	0.00757	0.00661	0.00936
5	0.01010	0.00761	0.00958	0.01046	0.01170	0.00770	0.00772	0.01460	0.12450	0.02025	0.09619	0.46222	0.04129	0.01805	0.00835	0.00266	0.00445	0.12967	0.00642	0.00647

[dist]
# distance from previous block
# <min> <max>
0	1

[block]
# block no. 13 follows, 32 sequences, length 10
# corresponding to MSA columns:
# 989,990,992-999
name=unknown_N
#
# <colnr> <probs for GDERKNQSTAVLIFYWHMCP>
#	G	D	E	R	K	N	Q	S	T	A	V	L	I	F	Y	W	H	M	C	P
0	0.04619	0.22655	0.06199	0.13268	0.02354	0.08448	0.01369	0.16842	0.09850	0.02401	0.01351	0.01523	0.01061	0.00725	0.00668	0.00195	0.04608	0.00522	0.00427	0.00915
1	0.74342	0.07784	0.01203	0.00905	0.01334	0.01604	0.00763	0.01976	0.01161	0.02888	0.00934	0.01089	0.00738	0.00619	0.00417	0.00202	0.00536	0.00363	0.00404	0.00738
2	0.06668	0.14073	0.10843	0.03782	0.05555	0.01709	0.19856	0.02432	0.09866	0.13706	0.01595	0.01742	0.01178	0.00689	0.00699	0.00208	0.03381	0.00616	0.00448	0.00952
3	0.01018	0.00666	0.00888	0.00938	0.01056	0.00618	0.00679	0.01225	0.01555	0.06513	0.27380	0.42259	0.04887	0.01752	0.00827	0.00249	0.00390	0.05806	0.00676	0.00618
4	0.00997	0.00754	0.01068	0.01048	0.01133	0.00879	0.00786	0.01177	0.01052	0.01505	0.01805	0.02944	0.01792	0.20484	0.53469	0.00931	0.06478	0.00767	0.00365	0.00566
5	0.06069	0.00827	0.00993	0.00924	0.01144	0.00795	0.00706	0.06008	0.01802	0.08118	0.38350	0.14136	0.12938	0.01397	0.00764	0.00223	0.00398	0.03026	0.00689	0.00693
6	0.00830	0.00589	0.00775	0.00918	0.00954	0.00553	0.00606	0.00938	0.01261	0.01681	0.03574	0.70387	0.04282	0.07909	0.01056	0.00302	0.00410	0.01835	0.00606	0.00534
7	0.06743	0.01898	0.09379	0.02181	0.08596	0.01765	0.24999	0.24110	0.06510	0.04872	0.01515	0.01710	0.01112	0.00685	0.00694	0.00213	0.00872	0.00655	0.00481	0.01009
8	0.01055	0.00897	0.01232	0.11859	0.01753	0.04241	0.04461	0.01294	0.01435	0.01869	0.09464	0.40706	0.03667	0.01642	0.00819	0.00258	0.00568	0.11600	0.00558	0.00623
9	0.06249	0.03993	0.01584	0.01196	0.01632	0.04536	0.05481	0.01724	0.03537	0.02072	0.01558	0.11197	0.01495	0.03694	0.00793	0.00180	0.05594	0.00664	0.00420	0.42398

[dist]
# distance from previous block
# <min> <max>
34	78

[block]
# block no. 14 follows, 32 sequences, length 32
# corresponding to MSA columns:
# 1113-1144
name=unknown_O
#
# <colnr> <probs for GDERKNQSTAVLIFYWHMCP>
#	G	D	E	R	K	N	Q	S	T	A	V	L	I	F	Y	W	H	M	C	P
0	0.04985	0.34352	0.05997	0.01325	0.01789	0.16552	0.01188	0.07580	0.01602	0.01947	0.01344	0.07472	0.01274	0.00804	0.00609	0.00179	0.03305	0.02748	0.00379	0.04568
1	0.01463	0.13622	0.04424	0.07298	0.01774	0.01372	0.01069	0.09497	0.05253	0.04322	0.07247	0.11284	0.04720	0.05825	0.00896	0.00240	0.02758	0.08720	0.00508	0.07708
2	0.01920	0.15790	0.20550	0.01720	0.04570	0.01896	0.07405	0.21142	0.09729	0.06591	0.01533	0.01620	0.01133	0.00706	0.00630	0.00199	0.00802	0.00569	0.00473	0.01020
3	0.01416	0.01312	0.01711	0.16748	0.18066	0.07232	0.01361	0.03796	0.08223	0.02166	0.11900	0.07038	0.06697	0.01051	0.00728	0.00224	0.00688	0.08343	0.00491	0.00810
4	0.30639	0.05276	0.02246	0.07540	0.18389	0.03203	0.14280	0.01999	0.01349	0.02365	0.01107	0.01438	0.00892	0.00647	0.00693	0.00212	0.05987	0.00533	0.00357	0.00848
5	0.01266	0.00944	0.01139	0.01156	0.01359	0.00993	0.00896	0.05276	0.20017	0.04327	0.06690	0.30236	0.03511	0.01586	0.00810	0.00261	0.00502	0.17628	0.00652	0.00752
6	0.00817	0.00633	0.00745	0.00818	0.00947	0.00561	0.00575	0.00971	0.01435	0.01827	0.10010	0.40832	0.33683	0.01875	0.00824	0.00248	0.00363	0.01645	0.00631	0.00561
7	0.00985	0.00647	0.00739	0.00739	0.00739	0.00647	0.00415	0.00971	0.00971	0.01295	0.02070	0.04281	0.02380	0.72943	0.03378	0.04395	0.00647	0.00957	0.00401	0.00401
8	0.01353	0.00756	0.00971	0.00906	0.01117	0.00682	0.00677	0.01587	0.01679	0.17137	0.30247	0.19572	0.11811	0.04206	0.00865	0.00239	0.00401	0.01237	0.03850	0.00706
9	0.72259	0.01280	0.01051	0.00918	0.01345	0.01446	0.00756	0.02120	0.01231	0.10947	0.01129	0.01226	0.00833	0.00647	0.00445	0.00208	0.00525	0.00399	0.00463	0.00774
10	0.02347	0.01778	0.01899	0.01503	0.02003	0.01986	0.01226	0.54632	0.18851	0.03900	0.01870	0.01817	0.01351	0.00830	0.00674	0.00207	0.00690	0.00640	0.00674	0.01123
11	0.01288	0.01214	0.02050	0.71114	0.08153	0.01496	0.01874	0.01732	0.01351	0.01739	0.01196	0.01782	0.00903	0.00667	0.00670	0.00222	0.00889	0.00596	0.00300	0.00762
12	0.01808	0.15326	0.01832	0.01267	0.01635	0.06823	0.01042	0.20324	0.10456	0.04931	0.02192	0.15757	0.02061	0.01093	0.00669	0.00212	0.00642	0.06520	0.04535	0.00874
13	0.81159	0.01298	0.00986	0.00882	0.01298	0.01505	0.00727	0.01972	0.01142	0.03010	0.00934	0.01090	0.00727	0.00623	0.00415	0.00208	0.00519	0.00363	0.00415	0.00727
14	0.01917	0.64136	0.03238	0.01248	0.01783	0.14901	0.01174	0.02125	0.01456	0.01590	0.00951	0.01099	0.00862	0.00594	0.00461	0.00149	0.00802	0.00371	0.00297	0.00847
15	0.02551	0.01879	0.02014	0.01544	0.02081	0.02081	0.01275	0.69996	0.03155	0.04229	0.01611	0.01611	0.01141	0.00805	0.00671	0.00201	0.00738	0.00604	0.00671	0.01141
16	0.01409	0.01212	0.01835	0.01482	0.01821	0.01241	0.16034	0.12204	0.08760	0.02635	0.26192	0.09257	0.05667	0.01234	0.02979	0.00249	0.03378	0.01009	0.00594	0.00807
17	0.00825	0.00587	0.00776	0.00924	0.00961	0.00550	0.00612	0.00936	0.01269	0.01692	0.03619	0.72391	0.04338	0.05829	0.00985	0.00291	0.00402	0.01861	0.00612	0.00538
18	0.00911	0.00649	0.00865	0.00934	0.00997	0.00660	0.00651	0.01052	0.01206	0.01644	0.06401	0.33409	0.03341	0.20168	0.19893	0.00563	0.00815	0.04794	0.00511	0.00535
19	0.18947	0.01234	0.01481	0.09270	0.05390	0.01309	0.01064	0.08643	0.10002	0.22006	0.05588	0.05896	0.01719	0.00912	0.00703	0.03052	0.00595	0.00689	0.00592	0.00909
20	0.00936	0.00695	0.00994	0.01026	0.01138	0.00762	0.00782	0.01151	0.01185	0.01650	0.04739	0.14846	0.05926	0.06422	0.49599	0.00821	0.01346	0.04953	0.00443	0.00585
21	0.06140	0.15522	0.07751	0.01394	0.01827	0.07314	0.01239	0.05026	0.14357	0.16581	0.03365	0.01800	0.01380	0.00827	0.00852	0.00211	0.12392	0.00579	0.00508	0.00937
22	0.01453	0.01641	0.08163	0.10218	0.09697	0.09483	0.13110	0.02030	0.11472	0.02011	0.02052	0.19384	0.01975	0.03259	0.00807	0.00240	0.00790	0.00947	0.00448	0.00819
