[name]
unknown

[dist]
# distance from previous block
# <min> <max>
0	621

[block]
# block no. 0 follows, 44 sequences, length 26
# corresponding to MSA columns:
# 658-683
name=unknown_A
#
# <colnr> <probs for GDERKNQSTAVLIFYWHMCP>
#	G	D	E	R	K	N	Q	S	T	A	V	L	I	F	Y	W	H	M	C	P
0	0.01638	0.01351	0.03765	0.01332	0.04996	0.01331	0.08953	0.35770	0.08349	0.04800	0.03257	0.01435	0.01066	0.00587	0.00527	0.00150	0.00571	0.00493	0.00453	0.19175
1	0.00898	0.00747	0.00833	0.00820	0.00899	0.07708	0.00586	0.01016	0.00906	0.01195	0.01499	0.02562	0.01531	0.32041	0.43615	0.00681	0.01074	0.00640	0.00305	0.00442
2	0.05490	0.10425	0.04923	0.04079	0.06932	0.07188	0.08855	0.08421	0.11598	0.09152	0.05408	0.03980	0.01272	0.00629	0.00534	0.00159	0.01697	0.00527	0.00399	0.08333
3	0.01379	0.08595	0.02583	0.13881	0.08909	0.04128	0.40660	0.01750	0.01267	0.07776	0.01164	0.01533	0.00898	0.00522	0.00583	0.00174	0.00792	0.02372	0.00304	0.00729
4	0.01358	0.01476	0.03073	0.02203	0.02744	0.01407	0.68698	0.08458	0.01403	0.01900	0.01122	0.01456	0.00836	0.00477	0.00634	0.00182	0.00890	0.00630	0.00300	0.00753
5	0.08406	0.00611	0.00790	0.00782	0.00874	0.00688	0.00574	0.00980	0.00857	0.01314	0.01469	0.02430	0.01467	0.25399	0.50165	0.00714	0.01103	0.00617	0.00307	0.00452
6	0.01984	0.01563	0.01673	0.01312	0.01713	0.13493	0.07744	0.43212	0.04137	0.12559	0.01340	0.01377	0.00959	0.00672	0.00603	0.03181	0.00662	0.00493	0.00486	0.00837
7	0.01293	0.01275	0.01699	0.01435	0.01507	0.04414	0.03761	0.06474	0.04175	0.01513	0.00837	0.01238	0.00773	0.00893	0.01566	0.00226	0.65523	0.00485	0.00276	0.00636
8	0.00740	0.00552	0.00687	0.00715	0.00834	0.00508	0.00541	0.00927	0.01302	0.01731	0.30997	0.18344	0.22031	0.04682	0.00760	0.00212	0.00324	0.13104	0.00533	0.00479
9	0.00930	0.00615	0.00912	0.00885	0.01012	0.00692	0.00692	0.01126	0.00938	0.08220	0.01523	0.02116	0.01362	0.03779	0.71582	0.00812	0.01370	0.00581	0.00327	0.00527
10	0.01382	0.01248	0.07710	0.03377	0.01476	0.07294	0.04168	0.19109	0.01675	0.07798	0.28411	0.02450	0.02477	0.00929	0.03065	0.00194	0.03577	0.02482	0.00485	0.00691
11	0.01678	0.01287	0.01655	0.03806	0.16387	0.07622	0.06237	0.21847	0.01627	0.14638	0.01409	0.01701	0.01098	0.01030	0.09405	0.00249	0.02291	0.03591	0.01655	0.00788
12	0.01030	0.00969	0.01635	0.79530	0.03755	0.01211	0.01514	0.01393	0.01090	0.01393	0.00969	0.01453	0.00727	0.00545	0.00545	0.00182	0.00727	0.00484	0.00242	0.00606
13	0.00724	0.00499	0.00661	0.00765	0.00821	0.00464	0.00527	0.00837	0.01092	0.03475	0.05815	0.69676	0.06157	0.01638	0.00691	0.00218	0.00325	0.04640	0.00514	0.00462
14	0.01448	0.01126	0.03943	0.09002	0.11041	0.03034	0.16962	0.03435	0.05887	0.18808	0.01734	0.15466	0.01492	0.00770	0.00586	0.00181	0.00601	0.00724	0.03028	0.00735
15	0.03175	0.01246	0.10090	0.04631	0.04507	0.01023	0.16874	0.04080	0.03444	0.32684	0.07026	0.03554	0.01478	0.00676	0.00577	0.00177	0.00601	0.02876	0.00482	0.00797
16	0.03853	0.00580	0.00793	0.00852	0.00938	0.00564	0.03734	0.00954	0.04229	0.01521	0.04802	0.63762	0.03304	0.01540	0.00677	0.00217	0.00362	0.06338	0.00494	0.00484
17	0.04593	0.01318	0.13591	0.46308	0.16763	0.01215	0.01548	0.01568	0.01144	0.05385	0.01031	0.01384	0.00772	0.00535	0.00532	0.00175	0.00699	0.00467	0.00271	0.00699
18	0.05892	0.22810	0.04700	0.01050	0.03508	0.02853	0.03036	0.09396	0.03269	0.04998	0.01021	0.01134	0.00820	0.00484	0.00427	0.00120	0.00525	0.00365	0.00336	0.33254
19	0.01115	0.00877	0.03274	0.15647	0.06169	0.00867	0.04768	0.01489	0.07084	0.09714	0.20989	0.09318	0.05759	0.00918	0.00621	0.00184	0.01729	0.05784	0.03062	0.00633
20	0.00945	0.00562	0.00705	0.00686	0.00822	0.00522	0.00508	0.01158	0.01343	0.08790	0.36202	0.20099	0.06286	0.01115	0.00592	0.00173	0.00289	0.00977	0.17693	0.00533
21	0.12232	0.00897	0.03196	0.15432	0.07014	0.00925	0.02025	0.02565	0.06854	0.07501	0.06902	0.16095	0.01710	0.01003	0.00786	0.11681	0.01496	0.00703	0.00391	0.00592
22	0.02758	0.08940	0.04946	0.11006	0.09643	0.03987	0.10310	0.04413	0.01364	0.17527	0.11625	0.01760	0.01492	0.00617	0.00534	0.00159	0.00588	0.00544	0.00406	0.07382
23	0.01655	0.01362	0.07239	0.13399	0.06424	0.08834	0.15166	0.02005	0.03690	0.25720	0.04592	0.01627	0.01160	0.00614	0.00614	0.00174	0.04003	0.00540	0.00415	0.00767
24	0.01194	0.00646	0.00828	0.00737	0.00944	0.00577	0.00568	0.01413	0.01459	0.21728	0.39835	0.07927	0.14241	0.01051	0.00610	0.00173	0.00317	0.00907	0.04234	0.00610
25	0.02599	0.03481	0.11048	0.12875	0.14382	0.04314	0.08849	0.06083	0.03024	0.17967	0.01315	0.03072	0.00980	0.00587	0.00569	0.00167	0.02615	0.00509	0.00377	0.05188

[dist]
# distance from previous block
# <min> <max>
4	23

[block]
# block no. 1 follows, 44 sequences, length 6
# corresponding to MSA columns:
# 707-712
name=unknown_B
#
# <colnr> <probs for GDERKNQSTAVLIFYWHMCP>
#	G	D	E	R	K	N	Q	S	T	A	V	L	I	F	Y	W	H	M	C	P
0	0.00947	0.02572	0.01047	0.16801	0.03626	0.02845	0.00787	0.02827	0.01296	0.03379	0.30849	0.12742	0.07178	0.07737	0.00821	0.00210	0.02474	0.00868	0.00453	0.00543
1	0.00890	0.00611	0.00769	0.03112	0.00951	0.00586	0.00566	0.05267	0.01380	0.05003	0.32903	0.27362	0.11211	0.01236	0.00632	0.00185	0.00319	0.01088	0.05398	0.00530
2	0.01329	0.17937	0.08087	0.01361	0.06898	0.05670	0.13528	0.04612	0.01327	0.05104	0.12923	0.01642	0.01484	0.00583	0.00506	0.00143	0.00598	0.00510	0.00351	0.15407
3	0.01257	0.05751	0.07205	0.27334	0.21687	0.01222	0.09715	0.01600	0.01172	0.07703	0.01132	0.01477	0.00883	0.00883	0.08445	0.00242	0.00779	0.00501	0.00292	0.00719
4	0.01066	0.00772	0.00785	0.00728	0.00935	0.06834	0.00553	0.01237	0.01364	0.13539	0.19040	0.09417	0.39320	0.01173	0.00620	0.00178	0.00362	0.00986	0.00534	0.00557
5	0.01098	0.00719	0.00861	0.06181	0.01141	0.00690	0.00627	0.08701	0.01411	0.12144	0.11754	0.13348	0.32248	0.01123	0.00606	0.00180	0.00367	0.00952	0.05261	0.00588

[dist]
# distance from previous block
# <min> <max>
3	6

[block]
# block no. 2 follows, 44 sequences, length 16
# corresponding to MSA columns:
# 719-734
name=unknown_C
#
# <colnr> <probs for GDERKNQSTAVLIFYWHMCP>
#	G	D	E	R	K	N	Q	S	T	A	V	L	I	F	Y	W	H	M	C	P
0	0.11095	0.16961	0.04803	0.08353	0.05384	0.01308	0.13137	0.02839	0.05277	0.04055	0.11005	0.03114	0.01494	0.00697	0.01653	0.00175	0.02621	0.02361	0.00353	0.03315
1	0.01054	0.04392	0.28465	0.15830	0.02077	0.01054	0.03586	0.01462	0.03499	0.02920	0.02886	0.14757	0.01347	0.00777	0.00610	0.02667	0.01806	0.00631	0.00317	0.09861
2	0.01284	0.00878	0.00920	0.03216	0.01088	0.03338	0.00639	0.22070	0.01560	0.02276	0.05533	0.05600	0.07858	0.00815	0.00549	0.03256	0.00402	0.00619	0.37483	0.00616
3	0.00887	0.00671	0.00749	0.00712	0.00869	0.04430	0.00533	0.01094	0.01432	0.05990	0.46387	0.10496	0.21349	0.01175	0.00635	0.00177	0.00314	0.01016	0.00558	0.00524
4	0.00820	0.00562	0.00690	0.00670	0.00815	0.00505	0.00498	0.01020	0.01381	0.05893	0.41283	0.15049	0.23503	0.01229	0.00637	0.00180	0.00281	0.01070	0.03402	0.00512
5	0.00766	0.00608	0.00695	0.00671	0.00836	0.00566	0.00503	0.01084	0.08338	0.01853	0.36130	0.07766	0.35740	0.01220	0.00638	0.00180	0.00284	0.01047	0.00551	0.00520
6	0.84691	0.01054	0.00801	0.00717	0.01054	0.01223	0.00590	0.01603	0.00928	0.02446	0.00759	0.00886	0.00590	0.00506	0.00337	0.00169	0.00422	0.00295	0.00337	0.00590
7	0.01284	0.01094	0.01173	0.01069	0.01353	0.01250	0.00834	0.02655	0.66562	0.02242	0.08552	0.02402	0.02027	0.00808	0.00572	0.00187	0.00420	0.04144	0.00556	0.00816
8	0.00832	0.00630	0.00759	0.00765	0.00904	0.00624	0.00562	0.01195	0.12282	0.03273	0.19599	0.28148	0.18853	0.01545	0.07207	0.00251	0.00411	0.01103	0.00519	0.00538
9	0.00848	0.00707	0.00746	0.00752	0.00842	0.07090	0.00525	0.00976	0.01125	0.01461	0.18104	0.19877	0.10513	0.21583	0.12062	0.00368	0.00569	0.00966	0.00433	0.00454
10	0.01255	0.01186	0.02004	0.13882	0.60480	0.01217	0.01552	0.01578	0.01246	0.01761	0.07524	0.01597	0.01210	0.00548	0.00549	0.00166	0.00625	0.00528	0.00294	0.00797
11	0.01095	0.04011	0.31552	0.01103	0.01538	0.00938	0.01175	0.03494	0.03872	0.08013	0.20372	0.12924	0.04504	0.00892	0.00580	0.00179	0.00530	0.02118	0.00428	0.00681
12	0.02831	0.00874	0.01003	0.04896	0.01248	0.07280	0.03098	0.06423	0.03480	0.01670	0.02228	0.31231	0.02401	0.03828	0.02895	0.00230	0.00515	0.15963	0.04133	0.03773
13	0.11611	0.08822	0.08232	0.04934	0.10642	0.01241	0.03408	0.10717	0.02839	0.18765	0.01448	0.05397	0.02625	0.00654	0.00557	0.00167	0.03658	0.00521	0.00415	0.03348
14	0.03187	0.07125	0.01732	0.01642	0.16899	0.16378	0.07874	0.08066	0.03797	0.10539	0.01438	0.12352	0.01278	0.00708	0.00540	0.00163	0.00640	0.00609	0.00386	0.04646
15	0.06020	0.04247	0.01857	0.28584	0.36493	0.01299	0.01430	0.07331	0.01254	0.01771	0.01029	0.01418	0.00842	0.03483	0.00606	0.00181	0.00651	0.00479	0.00287	0.00740

[dist]
# distance from previous block
# <min> <max>
5	51

[block]
# block no. 3 follows, 44 sequences, length 22
# corresponding to MSA columns:
# 788-809
name=unknown_D
#
# <colnr> <probs for GDERKNQSTAVLIFYWHMCP>
#	G	D	E	R	K	N	Q	S	T	A	V	L	I	F	Y	W	H	M	C	P
0	0.01523	0.03385	0.06358	0.01095	0.03764	0.02719	0.00894	0.19739	0.13054	0.10529	0.03591	0.02779	0.01300	0.05014	0.00671	0.00176	0.03074	0.00530	0.10009	0.09795
1	0.00841	0.05002	0.00934	0.06139	0.02976	0.00719	0.00659	0.03072	0.01128	0.01482	0.07081	0.32382	0.13520	0.10454	0.04014	0.00265	0.02827	0.05573	0.00438	0.00496
2	0.01898	0.06414	0.01327	0.00984	0.01334	0.05747	0.00804	0.21670	0.04648	0.29213	0.01717	0.04047	0.01246	0.00676	0.00505	0.00157	0.00495	0.00530	0.15789	0.00801
3	0.04225	0.09218	0.01920	0.08795	0.01977	0.01461	0.14985	0.26370	0.11740	0.06472	0.01311	0.01412	0.00970	0.00580	0.00530	0.00162	0.00622	0.00502	0.00422	0.06326
4	0.03923	0.21130	0.14907	0.02588	0.12658	0.06503	0.01186	0.04863	0.04212	0.13576	0.01159	0.01246	0.00878	0.00531	0.00470	0.00146	0.00614	0.00409	0.00347	0.08654
5	0.19020	0.26473	0.13308	0.01219	0.06055	0.07501	0.01093	0.11555	0.02741	0.03104	0.00935	0.01058	0.00744	0.00537	0.00464	0.00152	0.02627	0.00366	0.00315	0.00731
6	0.01446	0.75801	0.02881	0.01025	0.01497	0.02105	0.05952	0.01640	0.01120	0.01314	0.00781	0.00915	0.00708	0.00466	0.00370	0.00121	0.00606	0.00315	0.00236	0.00702
7	0.01327	0.01546	0.18237	0.03565	0.09149	0.01211	0.15155	0.13765	0.05281	0.04442	0.06447	0.01750	0.05403	0.00627	0.00577	0.00166	0.01952	0.00562	0.00373	0.08463
8	0.00702	0.00495	0.00615	0.00698	0.00757	0.00460	0.00471	0.00813	0.01078	0.01454	0.06619	0.55381	0.12683	0.08401	0.00845	0.00234	0.00323	0.01336	0.06191	0.00443
9	0.00834	0.00625	0.00761	0.00738	0.00847	0.00628	0.00530	0.03077	0.06237	0.01767	0.32879	0.15865	0.10622	0.16583	0.02934	0.00269	0.02813	0.00991	0.00501	0.00499
10	0.00672	0.00486	0.00637	0.00755	0.00801	0.00451	0.00515	0.00776	0.01066	0.01407	0.03170	0.72422	0.08544	0.01678	0.00695	0.00220	0.00321	0.04433	0.00506	0.00446
11	0.01093	0.02820	0.78016	0.01554	0.02360	0.01266	0.02014	0.01727	0.01151	0.01727	0.00978	0.01151	0.00691	0.00518	0.00518	0.00173	0.00806	0.00403	0.00230	0.00806
12	0.01458	0.81168	0.02857	0.00933	0.01399	0.02157	0.00933	0.01632	0.01108	0.01283	0.00758	0.00875	0.00700	0.00466	0.00350	0.00117	0.00583	0.00292	0.00233	0.00700
13	0.01239	0.14522	0.59635	0.01433	0.02153	0.01440	0.01761	0.08525	0.01275	0.01817	0.00976	0.01124	0.00714	0.00523	0.00495	0.00163	0.00753	0.00394	0.00260	0.00801
14	0.01994	0.01488	0.01592	0.01239	0.01661	0.01654	0.01017	0.67668	0.10644	0.03310	0.01408	0.01388	0.01008	0.00664	0.00546	0.00166	0.00581	0.00505	0.00546	0.00920
15	0.74782	0.03209	0.00896	0.00759	0.01097	0.01260	0.00625	0.01723	0.07895	0.02400	0.00894	0.00991	0.00692	0.00527	0.00358	0.00169	0.00427	0.00325	0.00355	0.00618
16	0.01005	0.00936	0.01569	0.74319	0.03559	0.01160	0.01447	0.01351	0.01087	0.01393	0.01104	0.06682	0.00917	0.00622	0.00555	0.00184	0.00700	0.00555	0.00260	0.00595
17	0.00911	0.00586	0.00752	0.00704	0.00860	0.00530	0.00530	0.01136	0.01468	0.09395	0.55353	0.10304	0.13080	0.01152	0.00638	0.00177	0.00284	0.01009	0.00589	0.00542
18	0.01620	0.01497	0.14527	0.01373	0.06014	0.09928	0.08436	0.07751	0.01448	0.22861	0.06100	0.08979	0.03512	0.00748	0.00598	0.00174	0.02593	0.00635	0.00446	0.00761
19	0.00661	0.00488	0.00618	0.00722	0.00781	0.00446	0.00490	0.00763	0.01079	0.01406	0.03451	0.67165	0.16638	0.01650	0.00687	0.00215	0.00309	0.01479	0.00506	0.00446
20	0.01341	0.07766	0.01485	0.06946	0.16615	0.03230	0.00985	0.08989	0.12552	0.08184	0.12989	0.04322	0.05643	0.03754	0.02659	0.00199	0.00535	0.00642	0.00438	0.00723
21	0.37703	0.02907	0.00906	0.00807	0.03100	0.00959	0.00610	0.01503	0.05359	0.06224	0.13785	0.04109	0.04760	0.06195	0.00611	0.00189	0.00398	0.00559	0.04184	0.05134

[dist]
# distance from previous block
# <min> <max>
1	19

[block]
# block no. 4 follows, 44 sequences, length 17
# corresponding to MSA columns:
# 829-840,852-856
name=unknown_E
#
# <colnr> <probs for GDERKNQSTAVLIFYWHMCP>
#	G	D	E	R	K	N	Q	S	T	A	V	L	I	F	Y	W	H	M	C	P
0	0.03020	0.00896	0.01070	0.00969	0.03568	0.05091	0.03837	0.08325	0.01488	0.05652	0.31970	0.08746	0.08942	0.00962	0.00593	0.00167	0.00417	0.04034	0.00501	0.09752
1	0.11504	0.08305	0.02861	0.08234	0.01690	0.06403	0.06634	0.10324	0.01348	0.16979	0.01241	0.01394	0.00928	0.00801	0.04842	0.00206	0.08883	0.00462	0.04452	0.02510
2	0.01389	0.11549	0.13148	0.09336	0.04087	0.01314	0.09280	0.11235	0.10856	0.07422	0.03169	0.03650	0.01181	0.03179	0.00600	0.00176	0.00615	0.01549	0.00380	0.05885
3	0.00741	0.00540	0.00702	0.00768	0.00834	0.00537	0.00543	0.00903	0.03196	0.01420	0.06849	0.41203	0.07232	0.12920	0.12893	0.00360	0.00533	0.06915	0.00455	0.00456
4	0.01218	0.00671	0.00868	0.00749	0.00973	0.00598	0.00582	0.01463	0.01487	0.20316	0.47834	0.03172	0.03632	0.00921	0.00583	0.00161	0.00317	0.00797	0.07165	0.06493
5	0.01408	0.01192	0.01263	0.01106	0.01435	0.01351	0.00866	0.09368	0.65596	0.02357	0.02067	0.01918	0.01550	0.00713	0.00545	0.00177	0.00445	0.00589	0.00541	0.05512
6	0.84691	0.01054	0.00801	0.00717	0.01054	0.01223	0.00590	0.01603	0.00928	0.02446	0.00759	0.00886	0.00590	0.00506	0.00337	0.00169	0.00422	0.00295	0.00337	0.00590
7	0.00844	0.00583	0.00742	0.00721	0.00860	0.00541	0.00539	0.01100	0.03762	0.05671	0.49305	0.16653	0.11900	0.01218	0.00648	0.00184	0.00292	0.03335	0.00574	0.00528
8	0.00864	0.00594	0.00765	0.00699	0.00861	0.00536	0.00530	0.01112	0.01510	0.05813	0.66501	0.03882	0.08187	0.01072	0.00627	0.00168	0.00275	0.00941	0.00586	0.04475
9	0.04360	0.00569	0.00712	0.00728	0.00843	0.00536	0.00530	0.01014	0.01271	0.05466	0.31924	0.30725	0.09170	0.05192	0.00753	0.00211	0.00321	0.04640	0.00535	0.00499
10	0.36123	0.00992	0.01071	0.00882	0.01253	0.01008	0.00730	0.05689	0.01332	0.38993	0.01579	0.01670	0.01117	0.00651	0.00473	0.00173	0.00455	0.04522	0.00520	0.00765
11	0.00901	0.00565	0.00721	0.00703	0.00832	0.00519	0.00514	0.01099	0.01351	0.08372	0.40831	0.21562	0.08116	0.04566	0.00719	0.00195	0.00301	0.01046	0.06565	0.00522
12	0.01045	0.01080	0.05452	0.34457	0.06234	0.01085	0.15797	0.01448	0.04067	0.01655	0.11932	0.04628	0.03793	0.00718	0.00594	0.00184	0.00651	0.04205	0.00340	0.00636
13	0.84691	0.01054	0.00801	0.00717	0.01054	0.01223	0.00590	0.01603	0.00928	0.02446	0.00759	0.00886	0.00590	0.00506	0.00337	0.00169	0.00422	0.00295	0.00337	0.00590
14	0.01266	0.01371	0.14869	0.16371	0.11999	0.01197	0.03135	0.08769	0.12109	0.05383	0.05414	0.04293	0.01368	0.00812	0.03159	0.00204	0.03501	0.03658	0.00378	0.00741
15	0.00840	0.00665	0.00785	0.00806	0.00936	0.04217	0.00634	0.01063	0.01385	0.01846	0.38703	0.12294	0.10443	0.01283	0.00673	0.00199	0.00369	0.21814	0.00539	0.00505
16	0.09859	0.12139	0.03877	0.09264	0.01593	0.05536	0.02691	0.07028	0.13961	0.01930	0.06839	0.03619	0.03400	0.00693	0.00500	0.00160	0.00524	0.04083	0.03553	0.08752

[dist]
# distance from previous block
# <min> <max>
2	7

[block]
# block no. 5 follows, 44 sequences, length 15
# corresponding to MSA columns:
# 864-878
name=unknown_F
#
# <colnr> <probs for GDERKNQSTAVLIFYWHMCP>
#	G	D	E	R	K	N	Q	S	T	A	V	L	I	F	Y	W	H	M	C	P
0	0.18450	0.09875	0.14540	0.02339	0.01542	0.01220	0.05316	0.09119	0.01343	0.09385	0.12188	0.01927	0.01573	0.00703	0.00555	0.00173	0.03336	0.05319	0.00402	0.00698
1	0.00790	0.00544	0.00679	0.00738	0.00778	0.00538	0.00513	0.00877	0.00968	0.01279	0.02292	0.19780	0.02620	0.43555	0.01812	0.00392	0.00479	0.20558	0.00412	0.00399
2	0.01171	0.04895	0.14084	0.05830	0.03908	0.04140	0.10324	0.01459	0.01141	0.05408	0.06950	0.10810	0.01554	0.00963	0.03450	0.00218	0.18664	0.04047	0.00338	0.00647
3	0.00766	0.00553	0.00723	0.00690	0.00813	0.00510	0.00514	0.01013	0.01515	0.02141	0.72942	0.08411	0.05057	0.01148	0.00646	0.00174	0.00261	0.01018	0.00595	0.00510
4	0.01338	0.09247	0.29535	0.05403	0.07224	0.01395	0.06017	0.10796	0.08924	0.04292	0.01246	0.01548	0.00981	0.00627	0.00610	0.00176	0.05529	0.03995	0.00335	0.00782
5	0.09391	0.14517	0.09883	0.15961	0.04949	0.01370	0.08259	0.09194	0.01305	0.11626	0.01143	0.01335	0.00856	0.00679	0.03247	0.00189	0.02927	0.00454	0.01984	0.00731
6	0.00783	0.00568	0.00694	0.00677	0.00793	0.00538	0.00488	0.00980	0.04595	0.01702	0.34755	0.08180	0.20534	0.09883	0.03472	0.09086	0.00362	0.00952	0.00495	0.00464
7	0.00939	0.00614	0.00758	0.00728	0.00824	0.00664	0.00532	0.01150	0.03922	0.03898	0.07162	0.02614	0.02925	0.22926	0.21455	0.00442	0.05016	0.00652	0.22293	0.00487
8	0.08886	0.03293	0.00931	0.00813	0.00985	0.03511	0.00606	0.04066	0.06095	0.01736	0.14827	0.14988	0.02313	0.15721	0.06731	0.00288	0.03412	0.00774	0.02483	0.07541
9	0.04440	0.00932	0.01089	0.00821	0.01241	0.00762	0.00654	0.04445	0.01243	0.10190	0.04765	0.04914	0.01212	0.00547	0.00446	0.00109	0.00403	0.00446	0.03536	0.57808
10	0.27206	0.01165	0.05728	0.02154	0.01360	0.01181	0.00861	0.14271	0.03898	0.17452	0.01355	0.01443	0.02538	0.00827	0.03673	0.03283	0.07753	0.00457	0.02679	0.00716
11	0.04179	0.08013	0.00995	0.00795	0.00976	0.00811	0.00601	0.02730	0.05903	0.02810	0.06444	0.27129	0.10431	0.10885	0.02813	0.00239	0.02910	0.01974	0.00433	0.08928
12	0.01368	0.06668	0.05875	0.03943	0.03484	0.00980	0.00847	0.07888	0.04835	0.11764	0.06601	0.04319	0.01334	0.00598	0.00480	0.00131	0.00466	0.00489	0.03473	0.34457
13	0.01233	0.04367	0.09929	0.01123	0.06454	0.00884	0.03714	0.01524	0.01220	0.08851	0.08087	0.04251	0.01337	0.00562	0.00478	0.00123	0.00481	0.00478	0.00368	0.44536
14	0.04414	0.01370	0.08493	0.01608	0.06961	0.04191	0.27891	0.01596	0.01190	0.03723	0.01081	0.01399	0.00871	0.03442	0.03608	0.00188	0.02015	0.00491	0.00300	0.25167

[dist]
# distance from previous block
# <min> <max>
5	48

[block]
# block no. 6 follows, 44 sequences, length 7
# corresponding to MSA columns:
# 928-934
name=unknown_G
#
# <colnr> <probs for GDERKNQSTAVLIFYWHMCP>
#	G	D	E	R	K	N	Q	S	T	A	V	L	I	F	Y	W	H	M	C	P
0	0.65764	0.09214	0.01115	0.00807	0.01170	0.01377	0.00682	0.11024	0.01154	0.02454	0.00829	0.00938	0.00644	0.00521	0.00365	0.00163	0.00461	0.00320	0.00353	0.00644
1	0.00722	0.00549	0.00746	0.00927	0.06048	0.00515	0.00598	0.00847	0.01094	0.01443	0.03160	0.61568	0.12088	0.01573	0.00683	0.00215	0.00346	0.05911	0.00490	0.00477
2	0.14523	0.01239	0.05237	0.04233	0.08544	0.05591	0.07634	0.11892	0.01345	0.10134	0.01438	0.11107	0.01295	0.05204	0.00751	0.00201	0.06120	0.02423	0.00396	0.00691
3	0.03295	0.00613	0.00749	0.00736	0.00886	0.00601	0.00568	0.02906	0.01245	0.06473	0.17520	0.10535	0.14707	0.04668	0.11493	0.00292	0.00496	0.09074	0.12621	0.00524
4	0.77020	0.01098	0.00879	0.00767	0.01113	0.01266	0.00632	0.08476	0.01080	0.02538	0.00810	0.00925	0.00622	0.00520	0.00357	0.00168	0.00438	0.00313	0.00357	0.00622
5	0.26031	0.09926	0.06748	0.15004	0.05096	0.01381	0.04314	0.14930	0.01369	0.08878	0.01059	0.01209	0.00782	0.00548	0.00465	0.00165	0.00586	0.00416	0.00364	0.00727
6	0.06534	0.06861	0.15194	0.11197	0.01913	0.09675	0.02806	0.10397	0.04657	0.01896	0.02758	0.01264	0.00893	0.00543	0.00507	0.00147	0.02291	0.00416	0.00326	0.19723

[dist]
# distance from previous block
# <min> <max>
1	53

[block]
# block no. 7 follows, 44 sequences, length 12
# corresponding to MSA columns:
# 988-999
name=unknown_H
#
# <colnr> <probs for GDERKNQSTAVLIFYWHMCP>
#	G	D	E	R	K	N	Q	S	T	A	V	L	I	F	Y	W	H	M	C	P
0	0.01183	0.01031	0.01214	0.25917	0.01977	0.07760	0.00962	0.04057	0.18251	0.03712	0.04846	0.11399	0.01638	0.07250	0.01986	0.00218	0.00573	0.00682	0.04711	0.00633
1	0.03132	0.09859	0.13641	0.05805	0.01965	0.01481	0.14061	0.11988	0.01309	0.06988	0.01033	0.01268	0.00804	0.00637	0.00835	0.00180	0.20227	0.00473	0.00321	0.03992
2	0.00766	0.00560	0.00736	0.00829	0.00914	0.00545	0.00622	0.00991	0.04822	0.01583	0.10525	0.46648	0.05655	0.01537	0.00698	0.00222	0.00365	0.20979	0.00517	0.00487
3	0.00748	0.00503	0.00666	0.00763	0.00814	0.00470	0.00520	0.00854	0.01077	0.04205	0.06121	0.67503	0.03484	0.06048	0.00806	0.00235	0.00337	0.03879	0.00506	0.00459
4	0.00827	0.00608	0.00757	0.03080	0.00944	0.00607	0.00574	0.01122	0.08929	0.01693	0.22185	0.24553	0.09131	0.09429	0.00911	0.03010	0.00361	0.07027	0.03752	0.00500
5	0.01478	0.47563	0.23023	0.01133	0.01685	0.01786	0.01227	0.08391	0.01280	0.06543	0.00957	0.01052	0.00760	0.00511	0.00426	0.00139	0.00637	0.00356	0.00289	0.00764
6	0.00821	0.00596	0.00849	0.00836	0.00899	0.00686	0.00621	0.00931	0.00841	0.01196	0.01417	0.02317	0.01405	0.18563	0.52034	0.09100	0.05550	0.00608	0.00291	0.00438
7	0.00682	0.00501	0.00629	0.00705	0.00772	0.00460	0.00480	0.00798	0.01122	0.01481	0.12438	0.53588	0.15969	0.06694	0.00815	0.00229	0.00316	0.01365	0.00506	0.00447
8	0.04578	0.01138	0.03668	0.03327	0.01663	0.01072	0.10325	0.12044	0.09271	0.40331	0.01787	0.01700	0.01203	0.00636	0.00545	0.00170	0.00541	0.00544	0.04603	0.00853
9	0.68735	0.04954	0.00996	0.00799	0.01148	0.05525	0.00660	0.04565	0.01066	0.06261	0.00857	0.00957	0.00654	0.00522	0.00365	0.00164	0.00469	0.00319	0.00355	0.00628
10	0.01330	0.01124	0.01673	0.30562	0.02430	0.05437	0.11475	0.07926	0.01257	0.09473	0.01208	0.01642	0.00963	0.06126	0.08444	0.00272	0.07136	0.00535	0.00330	0.00656
11	0.00960	0.00643	0.00774	0.00775	0.00916	0.00617	0.00565	0.05263	0.05126	0.08207	0.07814	0.33928	0.17576	0.09182	0.00862	0.00233	0.00370	0.05142	0.00514	0.00534

[dist]
# distance from previous block
# <min> <max>
1	14

[block]
# block no. 8 follows, 44 sequences, length 16
# corresponding to MSA columns:
# 1014-1016,1018-1030
name=unknown_I
#
# <colnr> <probs for GDERKNQSTAVLIFYWHMCP>
#	G	D	E	R	K	N	Q	S	T	A	V	L	I	F	Y	W	H	M	C	P
0	0.04983	0.01267	0.04067	0.09131	0.01828	0.01272	0.04902	0.32097	0.03669	0.26503	0.01533	0.01565	0.01063	0.02872	0.00605	0.00179	0.00581	0.00518	0.00518	0.00850
1	0.01520	0.01417	0.03546	0.12871	0.11173	0.06676	0.08478	0.23814	0.08070	0.02170	0.02782	0.01430	0.00984	0.00649	0.00728	0.00179	0.11852	0.00512	0.00376	0.00771
2	0.00690	0.00550	0.00619	0.00611	0.00767	0.00478	0.00455	0.00868	0.01337	0.01719	0.30535	0.09124	0.47709	0.01306	0.00647	0.00182	0.00272	0.01116	0.00539	0.00478
3	0.07940	0.00804	0.00944	0.00810	0.01055	0.00800	0.00638	0.10482	0.04626	0.16638	0.37111	0.02779	0.03037	0.00864	0.00559	0.00166	0.00357	0.00725	0.09003	0.00662
4	0.01066	0.01024	0.01703	0.64126	0.03351	0.01290	0.04376	0.01394	0.01057	0.01394	0.00934	0.01413	0.00729	0.00606	0.00746	0.00191	0.13257	0.00490	0.00243	0.00609
5	0.00990	0.00768	0.00867	0.00810	0.01004	0.00807	0.00616	0.01689	0.28265	0.02108	0.33249	0.06346	0.09874	0.00979	0.00587	0.00175	0.00323	0.00843	0.09067	0.00631
6	0.00690	0.00543	0.00613	0.00616	0.00757	0.00477	0.00448	0.00848	0.01278	0.01638	0.24828	0.13725	0.44582	0.05578	0.00764	0.00203	0.00289	0.01133	0.00523	0.00466
7	0.00743	0.00536	0.00662	0.00665	0.00777	0.00491	0.00481	0.00936	0.01337	0.01848	0.42841	0.19711	0.16325	0.04865	0.00737	0.00198	0.00284	0.01094	0.04988	0.00482
8	0.01698	0.00749	0.00983	0.00818	0.01103	0.00664	0.00650	0.01917	0.01473	0.43122	0.21774	0.06053	0.05512	0.00859	0.00564	0.00168	0.00372	0.00726	0.10063	0.00733
9	0.84691	0.01054	0.00801	0.00717	0.01054	0.01223	0.00590	0.01603	0.00928	0.02446	0.00759	0.00886	0.00590	0.00506	0.00337	0.00169	0.00422	0.00295	0.00337	0.00590
10	0.31201	0.11976	0.03581	0.01071	0.01415	0.32466	0.00881	0.06242	0.01309	0.01878	0.00860	0.00988	0.00695	0.00536	0.00420	0.00149	0.00685	0.00338	0.02666	0.00645
11	0.12812	0.01167	0.01191	0.01005	0.01309	0.05581	0.00797	0.29437	0.07276	0.07999	0.14502	0.10969	0.01985	0.00838	0.00549	0.00173	0.00484	0.00677	0.00517	0.00734
12	0.00952	0.00723	0.00852	0.00795	0.00987	0.00710	0.00602	0.04610	0.14087	0.03591	0.31848	0.15983	0.13566	0.01119	0.00618	0.00179	0.00332	0.02333	0.00545	0.05566
13	0.15162	0.08061	0.09184	0.05557	0.01631	0.09543	0.02790	0.16412	0.01502	0.12553	0.03969	0.01373	0.01024	0.00589	0.00479	0.00156	0.00589	0.00442	0.04850	0.04134
14	0.04028	0.00970	0.01287	0.01282	0.12238	0.00922	0.00878	0.09433	0.04648	0.30574	0.04506	0.14119	0.01695	0.00810	0.00557	0.00169	0.00466	0.02061	0.00522	0.08833
15	0.04688	0.10798	0.02832	0.01113	0.06914	0.02854	0.00852	0.08334	0.04344	0.11818	0.10976	0.05288	0.02765	0.00704	0.00551	0.00149	0.03377	0.02104	0.00428	0.19112

[dist]
# distance from previous block
# <min> <max>
0	40

[block]
# block no. 9 follows, 44 sequences, length 7
# corresponding to MSA columns:
# 1071-1077
name=unknown_J
#
# <colnr> <probs for GDERKNQSTAVLIFYWHMCP>
#	G	D	E	R	K	N	Q	S	T	A	V	L	I	F	Y	W	H	M	C	P
0	0.09339	0.00844	0.01048	0.00889	0.01191	0.00803	0.00703	0.02069	0.09166	0.40852	0.13296	0.13471	0.02202	0.00881	0.00565	0.00178	0.00405	0.00742	0.00596	0.00759
1	0.01369	0.06746	0.16323	0.03430	0.08998	0.01173	0.10619	0.08074	0.06131	0.11460	0.03829	0.04980	0.01341	0.05071	0.05259	0.00234	0.00680	0.03158	0.00385	0.00742
2	0.10735	0.00966	0.01096	0.00826	0.01253	0.00829	0.00667	0.05504	0.01258	0.15095	0.01229	0.01307	0.00928	0.00493	0.00427	0.00114	0.00415	0.00382	0.06767	0.49710
3	0.00850	0.00640	0.00782	0.00816	0.00940	0.00635	0.00606	0.05436	0.08166	0.01750	0.14183	0.39819	0.11625	0.01408	0.00667	0.00207	0.00353	0.10060	0.00526	0.00530
4	0.01236	0.09012	0.14032	0.27673	0.27387	0.01363	0.05809	0.04157	0.01213	0.01654	0.00988	0.01313	0.00776	0.00513	0.00526	0.00167	0.00706	0.00463	0.00261	0.00749
5	0.01477	0.07984	0.30348	0.01470	0.01976	0.21749	0.09815	0.01848	0.01290	0.06772	0.04101	0.01292	0.00938	0.00583	0.00606	0.00165	0.06117	0.00447	0.00295	0.00727
6	0.01154	0.00633	0.00816	0.00812	0.00971	0.00587	0.00603	0.01354	0.04209	0.19925	0.02878	0.40987	0.08873	0.03889	0.00710	0.00213	0.00372	0.06812	0.03620	0.00582

[dist]
# distance from previous block
# <min> <max>
0	43

[block]
# block no. 10 follows, 44 sequences, length 8
# corresponding to MSA columns:
# 1121-1128
name=unknown_K
#
# <colnr> <probs for GDERKNQSTAVLIFYWHMCP>
#	G	D	E	R	K	N	Q	S	T	A	V	L	I	F	Y	W	H	M	C	P
0	0.13513	0.69565	0.02559	0.00902	0.01349	0.02022	0.00883	0.01628	0.01082	0.01451	0.00758	0.00876	0.00684	0.00472	0.00348	0.00124	0.00560	0.00292	0.00248	0.00684
1	0.07016	0.04886	0.12967	0.01091	0.01436	0.12229	0.02949	0.06330	0.04556	0.12947	0.06119	0.17415	0.01767	0.00861	0.00550	0.00175	0.00566	0.02504	0.02954	0.00682
2	0.00897	0.00572	0.00731	0.03202	0.00899	0.00548	0.00523	0.00991	0.01072	0.08116	0.07725	0.21157	0.18161	0.17243	0.08071	0.07724	0.00486	0.00977	0.00442	0.00463
3	0.08178	0.00614	0.00800	0.12145	0.01245	0.00643	0.00664	0.01010	0.01104	0.01624	0.09262	0.45119	0.02852	0.01276	0.00612	0.00199	0.00381	0.03961	0.07818	0.00494
4	0.01715	0.01105	0.01268	0.01018	0.01377	0.01116	0.00815	0.32490	0.04999	0.17479	0.01749	0.13747	0.01461	0.00789	0.00542	0.00161	0.00478	0.00648	0.04156	0.12889
5	0.01455	0.01540	0.09694	0.08252	0.02057	0.12421	0.18952	0.07007	0.14055	0.08204	0.01625	0.05101	0.04132	0.00679	0.00575	0.00177	0.00698	0.02246	0.00392	0.00739
6	0.00686	0.00506	0.00642	0.00709	0.00788	0.00462	0.00493	0.00826	0.01192	0.01590	0.20690	0.50542	0.15837	0.01517	0.00675	0.00204	0.00296	0.01354	0.00528	0.00462
7	0.05637	0.00889	0.01089	0.00908	0.01228	0.00859	0.00724	0.05047	0.12559	0.41585	0.05911	0.09012	0.01746	0.00787	0.00540	0.00171	0.00416	0.00652	0.09449	0.00794

[dist]
# distance from previous block
# <min> <max>
0	2

[block]
# block no. 11 follows, 44 sequences, length 16
# corresponding to MSA columns:
# 1131-1146
name=unknown_L
#
# <colnr> <probs for GDERKNQSTAVLIFYWHMCP>
#	G	D	E	R	K	N	Q	S	T	A	V	L	I	F	Y	W	H	M	C	P
0	0.01887	0.01130	0.01318	0.02492	0.01467	0.01144	0.00856	0.28909	0.08322	0.26237	0.01688	0.01714	0.01204	0.00660	0.00524	0.00158	0.00493	0.02468	0.07296	0.10034
1	0.15425	0.01229	0.01203	0.01034	0.01358	0.08488	0.00816	0.15374	0.21522	0.16261	0.01759	0.10252	0.01421	0.00764	0.00526	0.00175	0.00505	0.00606	0.00508	0.00773
2	0.00912	0.00659	0.00822	0.00834	0.00994	0.00647	0.00666	0.01287	0.10356	0.04787	0.24630	0.11593	0.14462	0.01269	0.00668	0.00204	0.00371	0.23742	0.00544	0.00554
3	0.01247	0.01033	0.05026	0.02761	0.01346	0.00803	0.00734	0.06339	0.01251	0.06231	0.01173	0.01320	0.00922	0.00478	0.00427	0.00105	0.00427	0.00381	0.12162	0.55834
4	0.00826	0.00617	0.00770	0.00747	0.00881	0.00603	0.00558	0.01194	0.09718	0.02023	0.52744	0.12556	0.06274	0.04136	0.00723	0.00196	0.00304	0.04026	0.00568	0.00536
5	0.01455	0.59485	0.02391	0.00949	0.01369	0.01863	0.00891	0.01855	0.13208	0.05602	0.05408	0.01294	0.01141	0.00558	0.00410	0.00133	0.00534	0.00397	0.00329	0.00727
6	0.00817	0.00552	0.00682	0.00688	0.00818	0.00504	0.00503	0.00991	0.01271	0.06020	0.25499	0.25495	0.22988	0.01448	0.04524	0.00221	0.00350	0.01117	0.05008	0.00502
7	0.00787	0.00572	0.00757	0.00851	0.00955	0.00550	0.00684	0.00977	0.01204	0.01571	0.08585	0.23818	0.12152	0.04803	0.00802	0.00242	0.00413	0.39294	0.00504	0.00476
8	0.01130	0.00969	0.01130	0.00807	0.01292	0.00727	0.00646	0.01373	0.01130	0.01776	0.00969	0.01130	0.00807	0.00404	0.00404	0.00081	0.00404	0.00323	0.00323	0.84173
9	0.72979	0.01121	0.00920	0.00793	0.01145	0.01289	0.00654	0.12096	0.01160	0.02586	0.00837	0.00946	0.00638	0.00527	0.00367	0.00168	0.00447	0.00323	0.00367	0.00638
10	0.12364	0.02833	0.08206	0.02551	0.06651	0.01016	0.00963	0.05662	0.02454	0.34469	0.01567	0.01698	0.01130	0.00671	0.00580	0.02230	0.02447	0.03882	0.00479	0.08147
11	0.01536	0.08446	0.01540	0.09776	0.01696	0.05899	0.00969	0.25278	0.13193	0.03396	0.01291	0.01516	0.01033	0.05770	0.00791	0.02352	0.06604	0.00488	0.00408	0.08019
12	0.01429	0.74178	0.02706	0.00922	0.01390	0.02033	0.00908	0.01610	0.01110	0.01326	0.00776	0.00897	0.00709	0.00461	0.00355	0.00113	0.00567	0.00294	0.00241	0.07975
13	0.01326	0.00963	0.01151	0.00832	0.01307	0.00738	0.00669	0.01564	0.01195	0.13100	0.01145	0.01238	0.00888	0.00444	0.00425	0.00094	0.00413	0.00357	0.00375	0.71777
14	0.04777	0.01254	0.01344	0.01107	0.01460	0.01394	0.00890	0.35793	0.29191	0.05737	0.07901	0.01821	0.01556	0.00718	0.00545	0.00172	0.00491	0.00572	0.02429	0.00848
15	0.01709	0.01862	0.01446	0.01248	0.01565	0.39631	0.03253	0.11092	0.15060	0.01885	0.07816	0.01508	0.01302	0.00637	0.00520	0.00150	0.00723	0.00478	0.00393	0.07720

[dist]
# distance from previous block
# <min> <max>
0	22

[block]
# block no. 12 follows, 44 sequences, length 7
# corresponding to MSA columns:
# 1169-1175
name=unknown_M
#
# <colnr> <probs for GDERKNQSTAVLIFYWHMCP>
#	G	D	E	R	K	N	Q	S	T	A	V	L	I	F	Y	W	H	M	C	P
0	0.01076	0.00664	0.00917	0.04574	0.01116	0.00687	0.00686	0.01244	0.01125	0.14705	0.07722	0.20484	0.06413	0.07981	0.19383	0.00386	0.04930	0.04902	0.00451	0.00554
1	0.01561	0.01178	0.01176	0.01073	0.01341	0.12953	0.00850	0.07869	0.19980	0.17395	0.02147	0.12638	0.01919	0.00960	0.00598	0.00190	0.00535	0.14390	0.00520	0.00724
2	0.00820	0.00587	0.00743	0.00801	0.00885	0.00587	0.00571	0.01079	0.11071	0.01507	0.06804	0.44067	0.07049	0.01542	0.00897	0.13175	0.00364	0.06498	0.00476	0.00476
3	0.01130	0.00969	0.01130	0.00807	0.01292	0.00727	0.00646	0.01373	0.01130	0.01776	0.00969	0.01130	0.00807	0.00404	0.00404	0.00081	0.00404	0.00323	0.00323	0.84173
4	0.01266	0.01404	0.02940	0.02100	0.02642	0.01292	0.65515	0.01697	0.01266	0.01750	0.01085	0.01425	0.00825	0.00452	0.00612	0.00170	0.00851	0.00601	0.00282	0.11827
5	0.04580	0.01272	0.02427	0.13854	0.02584	0.01231	0.44558	0.01726	0.04204	0.05446	0.01146	0.01441	0.00858	0.00489	0.00576	0.00169	0.00760	0.00557	0.00310	0.11815
6	0.01540	0.01147	0.01305	0.00965	0.01429	0.01045	0.00785	0.25557	0.01629	0.08315	0.01172	0.01246	0.00889	0.00506	0.00461	0.00115	0.00472	0.00395	0.00423	0.50603

[dist]
# distance from previous block
# <min> <max>
0	11

[block]
# block no. 13 follows, 44 sequences, length 12
# corresponding to MSA columns:
# 1187-1198
name=unknown_N
#
# <colnr> <probs for GDERKNQSTAVLIFYWHMCP>
#	G	D	E	R	K	N	Q	S	T	A	V	L	I	F	Y	W	H	M	C	P
0	0.00702	0.00517	0.00624	0.00694	0.00764	0.00479	0.00477	0.00801	0.01058	0.01363	0.03353	0.40612	0.21310	0.17640	0.01109	0.00277	0.00364	0.06957	0.00470	0.00429
1	0.01483	0.01131	0.01576	0.01324	0.01422	0.01469	0.01102	0.01623	0.01003	0.19029	0.01048	0.01346	0.00862	0.00889	0.01502	0.00222	0.61460	0.00494	0.00340	0.00673
2	0.04545	0.01183	0.03330	0.09627	0.06428	0.01118	0.00956	0.19984	0.04693	0.08830	0.01205	0.01316	0.00904	0.00531	0.00482	0.00135	0.00520	0.00425	0.00405	0.33383
3	0.01343	0.00806	0.00868	0.00752	0.00974	0.00840	0.00591	0.21430	0.01567	0.06026	0.06160	0.04945	0.01573	0.00712	0.00461	0.00145	0.00360	0.00573	0.49233	0.00640
4	0.00674	0.00479	0.00630	0.00746	0.00775	0.00450	0.00492	0.00762	0.01024	0.01365	0.02904	0.74458	0.03479	0.07909	0.00859	0.00245	0.00333	0.01491	0.00492	0.00434
5	0.00718	0.00500	0.00626	0.00695	0.00723	0.00479	0.00444	0.00791	0.00991	0.01331	0.08058	0.47357	0.03141	0.29901	0.01434	0.00327	0.00388	0.01238	0.00450	0.00408
6	0.01155	0.01047	0.01473	0.07480	0.07316	0.00877	0.08735	0.01436	0.01152	0.01743	0.00987	0.01209	0.00807	0.00427	0.00451	0.00106	0.00503	0.00382	0.00308	0.62407
7	0.01199	0.01448	0.10425	0.24117	0.06313	0.10230	0.14391	0.01521	0.01145	0.01489	0.01123	0.07367	0.00989	0.00821	0.04051	0.00216	0.11660	0.00572	0.00274	0.00649
8	0.01995	0.01300	0.01453	0.01152	0.01555	0.01399	0.00939	0.41066	0.19614	0.21043	0.01724	0.01610	0.01201	0.00679	0.00548	0.00170	0.00528	0.00534	0.00579	0.00912
9	0.05159	0.10366	0.01363	0.01033	0.01313	0.04086	0.03550	0.15866	0.07009	0.06620	0.04066	0.09173	0.01853	0.01008	0.02571	0.00201	0.00538	0.17548	0.06005	0.00672
10	0.03350	0.01198	0.05655	0.28290	0.02479	0.01241	0.13243	0.09946	0.06317	0.09689	0.01261	0.01531	0.00939	0.00818	0.05614	0.00225	0.05108	0.00524	0.01858	0.00713
11	0.00955	0.02791	0.00991	0.04693	0.04299	0.00845	0.00676	0.01297	0.13715	0.01405	0.03533	0.04564	0.01673	0.29628	0.19166	0.04765	0.03465	0.00672	0.00354	0.00513

[dist]
# distance from previous block
# <min> <max>
1	8

[block]
# block no. 14 follows, 44 sequences, length 13
# corresponding to MSA columns:
# 1207-1219
name=unknown_O
#
# <colnr> <probs for GDERKNQSTAVLIFYWHMCP>
#	G	D	E	R	K	N	Q	S	T	A	V	L	I	F	Y	W	H	M	C	P
0	0.01847	0.01175	0.01312	0.01081	0.01424	0.03743	0.00868	0.30360	0.11806	0.23357	0.01894	0.09324	0.01526	0.03473	0.00644	0.00189	0.00519	0.04074	0.00561	0.00823
1	0.00934	0.00542	0.00650	0.00660	0.00739	0.00520	0.00443	0.01051	0.01053	0.07590	0.07217	0.25650	0.02494	0.28678	0.01331	0.00300	0.00384	0.00947	0.18355	0.00462
2	0.03802	0.01333	0.05375	0.19472	0.15119	0.05571	0.04565	0.10514	0.03476	0.06100	0.02697	0.01406	0.00926	0.00650	0.00789	0.00184	0.16472	0.00493	0.00329	0.00726
3	0.05453	0.00763	0.01024	0.16508	0.04063	0.00809	0.00829	0.03483	0.04536	0.06502	0.14741	0.14943	0.02373	0.00958	0.00576	0.00183	0.00441	0.09032	0.10731	0.02051
4	0.04740	0.00802	0.01009	0.10807	0.01395	0.00830	0.00747	0.03587	0.13436	0.11065	0.27125	0.11832	0.06124	0.00951	0.00589	0.00178	0.00398	0.00821	0.00521	0.03042
5	0.05895	0.01095	0.01218	0.00984	0.01378	0.01094	0.00785	0.08639	0.30705	0.13714	0.01655	0.01596	0.01223	0.00603	0.00493	0.00147	0.00442	0.00485	0.00487	0.27362
6	0.02088	0.02387	0.01509	0.01349	0.01648	0.68782	0.01021	0.02238	0.01547	0.11031	0.01009	0.01094	0.00784	0.00576	0.00499	0.00144	0.00917	0.00376	0.00331	0.00670
7	0.01297	0.00964	0.01148	0.00828	0.01305	0.00736	0.00666	0.01536	0.01185	0.11417	0.01119	0.01222	0.00876	0.00438	0.00422	0.00092	0.00411	0.00352	0.00368	0.73619
8	0.01125	0.00713	0.00994	0.00917	0.01055	0.00804	0.00728	0.01318	0.01050	0.13492	0.05532	0.02225	0.01548	0.04690	0.39468	0.00537	0.11774	0.02904	0.08556	0.00571
9	0.18374	0.04178	0.26740	0.01317	0.01830	0.01231	0.11048	0.05811	0.01249	0.13517	0.01235	0.03177	0.00947	0.00615	0.00565	0.00177	0.04056	0.02828	0.00358	0.00748
10	0.06314	0.00829	0.01006	0.00862	0.01135	0.00800	0.00681	0.10453	0.01452	0.32404	0.04398	0.14167	0.01835	0.04318	0.00641	0.00189	0.00420	0.03920	0.13463	0.00712
11	0.01320	0.01554	0.19093	0.07693	0.07367	0.01233	0.17898	0.10231	0.10005	0.05307	0.05033	0.01814	0.01248	0.00676	0.00629	0.02959	0.00680	0.04135	0.00368	0.00756
12	0.00863	0.10829	0.01039	0.00788	0.00943	0.00817	0.00630	0.01038	0.01237	0.01633	0.24842	0.13917	0.20903	0.03760	0.00797	0.00199	0.07689	0.07094	0.00468	0.00516

[dist]
# distance from previous block
# <min> <max>
2	8

[block]
# block no. 15 follows, 44 sequences, length 6
# corresponding to MSA columns:
# 1229-1234
name=unknown_P
#
# <colnr> <probs for GDERKNQSTAVLIFYWHMCP>
#	G	D	E	R	K	N	Q	S	T	A	V	L	I	F	Y	W	H	M	C	P
0	0.01041	0.01031	0.08900	0.13031	0.13463	0.00887	0.03321	0.01413	0.04621	0.05409	0.31654	0.02786	0.08528	0.00836	0.00592	0.00173	0.00482	0.00741	0.00443	0.00648
1	0.03222	0.00945	0.01456	0.11337	0.05242	0.00974	0.12305	0.09300	0.01366	0.09408	0.10774	0.11252	0.09344	0.01147	0.07251	0.00241	0.02591	0.00767	0.00429	0.00649
2	0.00779	0.00523	0.00631	0.00640	0.00694	0.00501	0.00417	0.00845	0.01032	0.01402	0.17691	0.14064	0.10435	0.34781	0.01685	0.08688	0.00403	0.00930	0.03467	0.00394
3	0.00810	0.00528	0.00679	0.00737	0.00805	0.00494	0.00504	0.00918	0.01094	0.05922	0.09899	0.49042	0.06374	0.15443	0.01047	0.00267	0.00362	0.04121	0.00494	0.00462
4	0.71505	0.01009	0.00842	0.00760	0.01086	0.01141	0.00630	0.01641	0.01002	0.07960	0.01042	0.01403	0.00862	0.00603	0.00388	0.00176	0.00432	0.06533	0.00376	0.00608
5	0.01361	0.10613	0.01535	0.01169	0.01420	0.01488	0.00968	0.10152	0.34425	0.01999	0.01664	0.02032	0.01396	0.00824	0.00836	0.00194	0.18919	0.07815	0.00437	0.00753

[dist]
# distance from previous block
# <min> <max>
0	1

[block]
# block no. 16 follows, 44 sequences, length 16
# corresponding to MSA columns:
# 1236-1251
name=unknown_Q
#
# <colnr> <probs for GDERKNQSTAVLIFYWHMCP>
#	G	D	E	R	K	N	Q	S	T	A	V	L	I	F	Y	W	H	M	C	P
0	0.04840	0.22064	0.01812	0.01065	0.01501	0.01523	0.00922	0.31409	0.01820	0.25703	0.01405	0.01349	0.00986	0.00607	0.00488	0.00153	0.00548	0.00450	0.00497	0.00857
1	0.84691	0.01054	0.00801	0.00717	0.01054	0.01223	0.00590	0.01603	0.00928	0.02446	0.00759	0.00886	0.00590	0.00506	0.00337	0.00169	0.00422	0.00295	0.00337	0.00590
2	0.06263	0.01274	0.02518	0.07952	0.02479	0.01250	0.51503	0.01682	0.06570	0.01760	0.01363	0.10283	0.01174	0.00628	0.00617	0.00187	0.00772	0.00709	0.00322	0.00693
3	0.01458	0.01578	0.01244	0.01021	0.01397	0.31628	0.00787	0.01653	0.01302	0.01589	0.01216	0.01345	0.05418	0.00532	0.00453	0.00112	0.00622	0.00389	0.02507	0.43749
4	0.00783	0.00540	0.00689	0.00708	0.00819	0.00491	0.00509	0.00958	0.01306	0.04974	0.34976	0.34197	0.14278	0.01366	0.00660	0.00193	0.00292	0.01212	0.00553	0.00496
5	0.01356	0.19246	0.06941	0.16093	0.07541	0.01411	0.08302	0.06218	0.08804	0.07468	0.01340	0.08095	0.01136	0.00660	0.00560	0.00169	0.03022	0.00560	0.00350	0.00727
6	0.01737	0.47431	0.02321	0.01054	0.01507	0.01913	0.00964	0.29103	0.01671	0.06111	0.01035	0.01087	0.00818	0.00547	0.00433	0.00137	0.00583	0.00379	0.00372	0.00796
7	0.00729	0.00541	0.00683	0.00749	0.00850	0.00502	0.00563	0.00892	0.01210	0.01584	0.15885	0.31727	0.20227	0.04290	0.00762	0.00222	0.00346	0.17256	0.00515	0.00468
8	0.06880	0.00711	0.01021	0.15007	0.01499	0.00731	0.04825	0.01221	0.01156	0.08573	0.08056	0.35395	0.04226	0.01115	0.00598	0.00192	0.00434	0.00996	0.06811	0.00554
9	0.01335	0.01195	0.02239	0.24869	0.10221	0.01223	0.31264	0.01767	0.04816	0.10289	0.01302	0.01719	0.00996	0.00569	0.00594	0.00182	0.00743	0.03617	0.00333	0.00728
10	0.01135	0.00880	0.01073	0.04644	0.01210	0.04972	0.04469	0.08965	0.01235	0.01820	0.06013	0.02018	0.01447	0.07027	0.15701	0.00322	0.08370	0.00564	0.27567	0.00567
11	0.01258	0.00910	0.01016	0.00924	0.01168	0.00978	0.00711	0.05925	0.36141	0.08801	0.12149	0.12551	0.06170	0.00927	0.00573	0.00180	0.00382	0.00791	0.07724	0.00721
12	0.07208	0.00944	0.05131	0.06034	0.01403	0.00877	0.03514	0.05661	0.09951	0.14530	0.04504	0.26939	0.02106	0.01009	0.00585	0.00188	0.00457	0.03498	0.02470	0.02991
