[name]
unknown

[dist]
# distance from previous block
# <min> <max>
10	74

[block]
# block no. 0 follows, 43 sequences, length 8
# corresponding to MSA columns:
# 110-117
name=unknown_A
#
# <colnr> <probs for GDERKNQSTAVLIFYWHMCP>
#	G	D	E	R	K	N	Q	S	T	A	V	L	I	F	Y	W	H	M	C	P
0	0.01209	0.01097	0.01565	0.11690	0.01859	0.03292	0.13696	0.06719	0.19510	0.01850	0.03132	0.03675	0.05024	0.03554	0.10858	0.00288	0.05754	0.00638	0.03907	0.00683
1	0.00864	0.00615	0.00760	0.00770	0.00868	0.00619	0.00545	0.05198	0.04852	0.01686	0.16750	0.31023	0.05638	0.12528	0.07884	0.03395	0.00466	0.01065	0.03975	0.00496
2	0.11555	0.00815	0.00934	0.00797	0.01087	0.00744	0.00617	0.04557	0.01285	0.11952	0.11851	0.17581	0.04111	0.00874	0.00524	0.00155	0.00378	0.00736	0.05990	0.23457
3	0.08702	0.00992	0.01118	0.00812	0.01291	0.00784	0.00651	0.01416	0.01130	0.01866	0.00965	0.01126	0.00800	0.00420	0.00404	0.00090	0.00412	0.00326	0.00329	0.76366
4	0.12624	0.01332	0.01208	0.01083	0.01316	0.20759	0.02736	0.06371	0.01349	0.11625	0.03907	0.21412	0.01705	0.00929	0.00658	0.00183	0.07137	0.00735	0.02293	0.00639
5	0.01323	0.00979	0.01166	0.00842	0.01326	0.00748	0.00677	0.01564	0.01205	0.11662	0.01141	0.01244	0.00892	0.00446	0.00429	0.00094	0.00418	0.00358	0.00375	0.73111
6	0.05104	0.11748	0.01572	0.04416	0.01588	0.08492	0.00948	0.21451	0.30223	0.02330	0.01615	0.05434	0.01290	0.00707	0.00525	0.00170	0.00560	0.00553	0.00468	0.00807
7	0.01302	0.01082	0.01238	0.01098	0.01363	0.01228	0.00869	0.02325	0.46536	0.05056	0.05706	0.04785	0.01791	0.00837	0.00732	0.00189	0.10731	0.04300	0.00503	0.08330

[dist]
# distance from previous block
# <min> <max>
0	1

[block]
# block no. 1 follows, 43 sequences, length 13
# corresponding to MSA columns:
# 119-131
name=unknown_B
#
# <colnr> <probs for GDERKNQSTAVLIFYWHMCP>
#	G	D	E	R	K	N	Q	S	T	A	V	L	I	F	Y	W	H	M	C	P
0	0.01407	0.07962	0.23164	0.01217	0.01688	0.05292	0.01201	0.09719	0.26522	0.05587	0.05889	0.01838	0.04723	0.00694	0.00541	0.00173	0.00590	0.00553	0.00435	0.00807
1	0.01159	0.00981	0.01632	0.73063	0.03626	0.01198	0.01481	0.01516	0.01145	0.07386	0.01079	0.01509	0.00788	0.00564	0.00554	0.00184	0.00717	0.00497	0.00281	0.00641
2	0.67580	0.01080	0.00959	0.06938	0.01345	0.01234	0.00713	0.05503	0.01089	0.07992	0.00921	0.01040	0.00685	0.00538	0.00386	0.00172	0.00465	0.00344	0.00371	0.00644
3	0.01466	0.06725	0.09176	0.07580	0.09561	0.07701	0.06597	0.05953	0.01368	0.13582	0.08854	0.05503	0.04091	0.00745	0.00687	0.00177	0.08505	0.00606	0.00397	0.00728
4	0.07068	0.01237	0.01330	0.13800	0.01800	0.10856	0.00912	0.06256	0.01324	0.12375	0.01135	0.01282	0.00860	0.00531	0.00511	0.00135	0.02850	0.00404	0.00372	0.34962
5	0.01152	0.00827	0.00917	0.00852	0.01051	0.00874	0.00654	0.15674	0.12267	0.02083	0.02512	0.15477	0.11391	0.05586	0.04376	0.00234	0.00454	0.05186	0.17810	0.00623
6	0.07440	0.01029	0.01202	0.05691	0.01387	0.06448	0.04207	0.11334	0.01527	0.07879	0.30975	0.02550	0.02644	0.05151	0.00766	0.00192	0.04862	0.00693	0.00483	0.03539
7	0.00697	0.00511	0.00657	0.00748	0.00818	0.00471	0.00523	0.00828	0.01160	0.01534	0.12161	0.56881	0.13752	0.01607	0.00697	0.00215	0.00319	0.05430	0.00525	0.00464
8	0.28453	0.18568	0.01588	0.01067	0.03514	0.07065	0.00875	0.10341	0.01267	0.07589	0.01001	0.01162	0.00805	0.00841	0.06091	0.00215	0.08124	0.00390	0.00351	0.00694
9	0.26067	0.00887	0.00931	0.00808	0.01091	0.00920	0.00643	0.06103	0.07033	0.15572	0.22967	0.02493	0.08413	0.00822	0.00524	0.00173	0.00384	0.00656	0.02845	0.00667
10	0.01387	0.09852	0.05160	0.07104	0.01711	0.07878	0.01195	0.09407	0.01170	0.01606	0.00847	0.01188	0.00751	0.00780	0.01216	0.00200	0.43978	0.00447	0.00282	0.03844
11	0.05859	0.01107	0.01237	0.00910	0.01384	0.00969	0.00736	0.16781	0.01440	0.02192	0.01045	0.01173	0.00834	0.00469	0.00436	0.00104	0.00453	0.00362	0.00376	0.62132
12	0.22927	0.09805	0.01896	0.02302	0.44376	0.01406	0.01286	0.04124	0.03599	0.02001	0.00991	0.01218	0.00816	0.00511	0.00475	0.00162	0.00583	0.00427	0.00306	0.00790

[dist]
# distance from previous block
# <min> <max>
2	11

[block]
# block no. 2 follows, 43 sequences, length 18
# corresponding to MSA columns:
# 144-161
name=unknown_C
#
# <colnr> <probs for GDERKNQSTAVLIFYWHMCP>
#	G	D	E	R	K	N	Q	S	T	A	V	L	I	F	Y	W	H	M	C	P
0	0.01044	0.00898	0.01437	0.05119	0.36285	0.00895	0.01092	0.01246	0.01156	0.01608	0.07014	0.25920	0.02111	0.06260	0.00840	0.04668	0.00513	0.00881	0.00372	0.00641
1	0.00677	0.00510	0.00626	0.00707	0.00789	0.00460	0.00488	0.00797	0.01153	0.01493	0.08928	0.53699	0.24468	0.01599	0.00688	0.00211	0.00306	0.01420	0.00521	0.00460
2	0.00993	0.00685	0.00801	0.00771	0.00959	0.00648	0.00587	0.06034	0.05720	0.08606	0.13360	0.20956	0.30696	0.01298	0.00652	0.00195	0.00349	0.05574	0.00547	0.00571
3	0.00791	0.00593	0.00890	0.00890	0.00989	0.00692	0.00692	0.00989	0.00890	0.01286	0.01483	0.02176	0.01385	0.04154	0.78341	0.00890	0.01483	0.00593	0.00297	0.00494
4	0.09720	0.00819	0.00909	0.00764	0.01066	0.00772	0.00602	0.01750	0.08084	0.16697	0.01689	0.05162	0.01318	0.00645	0.00451	0.00141	0.00370	0.00517	0.29303	0.19219
5	0.01858	0.01295	0.01422	0.01126	0.01489	0.01404	0.00904	0.50633	0.07354	0.09652	0.06188	0.01867	0.01420	0.09836	0.00820	0.00211	0.00555	0.00579	0.00545	0.00842
6	0.67251	0.01074	0.01015	0.08582	0.06631	0.01229	0.00776	0.01655	0.01007	0.05343	0.00867	0.01028	0.00664	0.00523	0.00386	0.00172	0.00476	0.00342	0.00342	0.00634
7	0.01323	0.01265	0.02087	0.06955	0.54830	0.01329	0.04913	0.01762	0.08516	0.01787	0.01152	0.01463	0.00953	0.00665	0.03006	0.00196	0.06155	0.00516	0.00300	0.00827
8	0.01114	0.00841	0.01052	0.00958	0.01131	0.00882	0.03943	0.18085	0.06323	0.01935	0.05550	0.30463	0.02384	0.14802	0.07619	0.00314	0.00555	0.00985	0.00472	0.00592
9	0.00767	0.00562	0.00680	0.00650	0.00795	0.00508	0.00488	0.00998	0.01463	0.02026	0.53746	0.04304	0.23205	0.01169	0.00636	0.00174	0.00266	0.01012	0.06041	0.00508
10	0.00788	0.00560	0.00691	0.00658	0.00797	0.00514	0.00494	0.01031	0.01481	0.02094	0.58553	0.04118	0.15843	0.01126	0.00627	0.00172	0.00264	0.00980	0.08694	0.00514
11	0.00798	0.00571	0.00706	0.00677	0.00825	0.00513	0.00506	0.01016	0.01456	0.04399	0.51370	0.09645	0.23010	0.01228	0.00654	0.00181	0.00277	0.01069	0.00581	0.00517
12	0.00984	0.00900	0.01491	0.66105	0.03312	0.01100	0.01367	0.01307	0.01100	0.01415	0.01330	0.14621	0.01227	0.00751	0.00579	0.00191	0.00669	0.00673	0.00291	0.00588
13	0.01807	0.24091	0.06668	0.01256	0.01658	0.28380	0.01090	0.20305	0.04050	0.01930	0.01000	0.01102	0.00801	0.00582	0.00516	0.00148	0.03126	0.00391	0.00344	0.00754
14	0.00753	0.00569	0.00704	0.00773	0.00862	0.00550	0.00540	0.01016	0.08460	0.01600	0.11405	0.55545	0.12072	0.01534	0.00681	0.00211	0.00321	0.01372	0.00529	0.00502
15	0.01398	0.08171	0.34573	0.01685	0.12646	0.05139	0.06083	0.03182	0.01284	0.11004	0.03307	0.04854	0.01079	0.00619	0.00569	0.00172	0.02599	0.00514	0.00330	0.00793
16	0.01509	0.29443	0.05492	0.01041	0.01427	0.11047	0.00919	0.03118	0.13789	0.09068	0.06366	0.06356	0.01431	0.00676	0.00484	0.00150	0.00566	0.00521	0.00394	0.06203
17	0.12640	0.11726	0.01411	0.00943	0.01331	0.08671	0.00772	0.06297	0.01237	0.05016	0.01041	0.02443	0.00890	0.04203	0.00608	0.00146	0.04727	0.00393	0.00342	0.35161

[dist]
# distance from previous block
# <min> <max>
0	28

[block]
# block no. 3 follows, 43 sequences, length 11
# corresponding to MSA columns:
# 190-200
name=unknown_D
#
# <colnr> <probs for GDERKNQSTAVLIFYWHMCP>
#	G	D	E	R	K	N	Q	S	T	A	V	L	I	F	Y	W	H	M	C	P
0	0.01488	0.36077	0.08538	0.03229	0.01596	0.12246	0.02594	0.06499	0.03776	0.03743	0.08260	0.01382	0.01221	0.00580	0.00459	0.00139	0.00627	0.00428	0.00330	0.06789
1	0.14193	0.01069	0.01002	0.00886	0.01144	0.07608	0.00693	0.13324	0.13709	0.02349	0.17456	0.02226	0.04614	0.00768	0.00510	0.00164	0.00434	0.00609	0.16575	0.00666
2	0.00837	0.00626	0.00912	0.00840	0.00909	0.00608	0.08599	0.00900	0.00918	0.01227	0.01953	0.21700	0.02230	0.48987	0.02042	0.04457	0.00526	0.00958	0.00368	0.00404
3	0.00789	0.00592	0.00734	0.00705	0.00846	0.00554	0.00526	0.01089	0.05374	0.02064	0.57428	0.09750	0.15080	0.01195	0.00653	0.00180	0.00278	0.01048	0.00587	0.00528
4	0.00837	0.00661	0.00979	0.00952	0.01040	0.00803	0.00749	0.01027	0.00885	0.01291	0.01400	0.02070	0.01312	0.03804	0.69932	0.00819	0.10060	0.00581	0.00291	0.00507
5	0.01118	0.01249	0.09135	0.36477	0.22889	0.01189	0.07554	0.01485	0.01188	0.01592	0.01520	0.01844	0.09146	0.00621	0.00569	0.00179	0.00690	0.00572	0.00285	0.00700
6	0.76438	0.01243	0.08201	0.00810	0.01199	0.01247	0.00739	0.01640	0.00964	0.02415	0.00793	0.00926	0.00610	0.00515	0.00360	0.00172	0.00466	0.00310	0.00332	0.00621
7	0.01212	0.01212	0.01696	0.01454	0.01454	0.01696	0.01212	0.01333	0.00848	0.01333	0.00727	0.01212	0.00727	0.00969	0.01818	0.00242	0.79523	0.00485	0.00242	0.00606
8	0.01621	0.01857	0.01604	0.12045	0.06435	0.40772	0.05680	0.04157	0.03830	0.01541	0.01196	0.08812	0.01079	0.00696	0.00591	0.00166	0.03894	0.00542	0.02830	0.00652
9	0.01570	0.08761	0.14768	0.01392	0.09864	0.01261	0.01159	0.13807	0.05368	0.16856	0.05056	0.01683	0.01263	0.03035	0.08035	0.00247	0.04135	0.00523	0.00424	0.00796
10	0.01617	0.06877	0.01590	0.01443	0.13409	0.14552	0.03035	0.03791	0.08454	0.14780	0.07320	0.01604	0.01333	0.00600	0.00513	0.00146	0.00585	0.00491	0.00416	0.17442

[dist]
# distance from previous block
# <min> <max>
0	2

[block]
# block no. 4 follows, 43 sequences, length 27
# corresponding to MSA columns:
# 203-229
name=unknown_E
#
# <colnr> <probs for GDERKNQSTAVLIFYWHMCP>
#	G	D	E	R	K	N	Q	S	T	A	V	L	I	F	Y	W	H	M	C	P
0	0.01263	0.00888	0.01039	0.00912	0.01176	0.00912	0.00709	0.02033	0.31018	0.12041	0.32909	0.02840	0.03053	0.00879	0.00590	0.00174	0.00368	0.00754	0.00584	0.05859
1	0.07805	0.01229	0.01222	0.01099	0.01404	0.04969	0.00854	0.06525	0.58761	0.02297	0.02069	0.06172	0.01629	0.00774	0.00551	0.00185	0.00467	0.00634	0.00530	0.00824
2	0.01257	0.00686	0.00866	0.00764	0.00975	0.00644	0.00592	0.01590	0.06263	0.19754	0.43122	0.03162	0.03517	0.00929	0.00584	0.00167	0.00321	0.00799	0.13366	0.00642
3	0.02243	0.00882	0.01189	0.00930	0.01313	0.00770	0.00761	0.02465	0.01557	0.66076	0.08684	0.02093	0.01711	0.00722	0.00555	0.00169	0.00439	0.00593	0.05969	0.00879
4	0.01421	0.01266	0.02125	0.14686	0.53606	0.01301	0.05425	0.05751	0.01332	0.06096	0.01117	0.01420	0.00885	0.00521	0.00555	0.00169	0.00671	0.00505	0.00309	0.00838
5	0.00774	0.00537	0.00600	0.00608	0.00639	0.00521	0.00360	0.00802	0.00892	0.01160	0.02425	0.08608	0.13713	0.63415	0.02353	0.00463	0.00484	0.00909	0.00374	0.00363
6	0.02127	0.01564	0.01635	0.01264	0.01699	0.05154	0.01039	0.67533	0.02495	0.07853	0.01360	0.01348	0.00957	0.00662	0.00552	0.00165	0.00619	0.00496	0.00550	0.00928
7	0.01333	0.01119	0.01206	0.00906	0.01365	0.05769	0.00721	0.03607	0.07268	0.06527	0.01161	0.01263	0.00921	0.00472	0.00441	0.00102	0.00459	0.00373	0.00372	0.64616
8	0.02041	0.10168	0.01725	0.01304	0.01671	0.40090	0.01040	0.27840	0.01888	0.05569	0.01074	0.01144	0.00823	0.00599	0.00507	0.00150	0.00796	0.00410	0.00393	0.00768
9	0.84448	0.01071	0.00814	0.00728	0.01071	0.01242	0.00600	0.01628	0.00943	0.02485	0.00771	0.00900	0.00600	0.00514	0.00343	0.00171	0.00428	0.00300	0.00343	0.00600
10	0.01370	0.01122	0.05346	0.04348	0.04926	0.09973	0.00883	0.04233	0.04614	0.14649	0.01533	0.02017	0.01296	0.12272	0.26867	0.00457	0.00919	0.00565	0.01968	0.00643
11	0.00870	0.00528	0.00769	0.00775	0.00814	0.00563	0.00547	0.00831	0.00808	0.01114	0.01330	0.05762	0.01348	0.10311	0.30487	0.41046	0.00852	0.00606	0.00283	0.00354
12	0.00851	0.00580	0.00720	0.00680	0.00835	0.00523	0.00511	0.01077	0.01472	0.06025	0.52490	0.06910	0.20223	0.01172	0.00642	0.00177	0.00279	0.01019	0.03284	0.00530
13	0.02271	0.00880	0.01172	0.00916	0.01301	0.00770	0.00751	0.02492	0.01523	0.66367	0.02129	0.01912	0.01378	0.00680	0.00532	0.00165	0.00440	0.00551	0.12891	0.00880
14	0.02105	0.01551	0.01662	0.01274	0.01717	0.01717	0.01053	0.75235	0.02604	0.03490	0.01330	0.01330	0.00942	0.00665	0.00554	0.00166	0.00609	0.00499	0.00554	0.00942
15	0.65214	0.01041	0.00925	0.00789	0.01151	0.01142	0.00650	0.01879	0.01093	0.20080	0.01103	0.01131	0.00781	0.00554	0.00393	0.00171	0.00438	0.00360	0.00423	0.00680
16	0.01481	0.80869	0.02902	0.00948	0.01421	0.02191	0.00948	0.01658	0.01125	0.01303	0.00770	0.00888	0.00711	0.00474	0.00355	0.00118	0.00592	0.00296	0.00237	0.00711
17	0.01429	0.06131	0.13141	0.01006	0.01389	0.01025	0.00933	0.09284	0.10551	0.18115	0.19265	0.02602	0.11104	0.00841	0.00574	0.00173	0.00472	0.00695	0.00521	0.00748
18	0.05406	0.01326	0.01613	0.14641	0.12566	0.03938	0.01158	0.30111	0.10641	0.10952	0.01396	0.01480	0.01013	0.00625	0.00544	0.00172	0.00607	0.00505	0.00461	0.00845
19	0.84448	0.01071	0.00814	0.00728	0.01071	0.01242	0.00600	0.01628	0.00943	0.02485	0.00771	0.00900	0.00600	0.00514	0.00343	0.00171	0.00428	0.00300	0.00343	0.00600
20	0.01306	0.01284	0.06053	0.04084	0.52387	0.01217	0.01443	0.06145	0.03871	0.01859	0.04753	0.01760	0.01227	0.09306	0.00802	0.00208	0.00626	0.00552	0.00321	0.00797
21	0.00717	0.00522	0.00675	0.00725	0.00809	0.00480	0.00510	0.00882	0.01278	0.01742	0.32601	0.43977	0.10090	0.01469	0.00681	0.00202	0.00294	0.01314	0.00552	0.00480
22	0.01046	0.00984	0.01661	0.79205	0.03814	0.01230	0.01538	0.01415	0.01107	0.01415	0.00984	0.01477	0.00738	0.00554	0.00554	0.00185	0.00738	0.00492	0.00246	0.00615
23	0.00756	0.00565	0.00701	0.00667	0.00810	0.00511	0.00500	0.00990	0.01501	0.02062	0.61214	0.04398	0.20899	0.01191	0.00654	0.00177	0.00265	0.01038	0.00589	0.00511
24	0.00952	0.00485	0.00714	0.00714	0.00714	0.00485	0.00472	0.00727	0.00727	0.00969	0.01012	0.01807	0.01029	0.06939	0.02206	0.78570	0.00485	0.00502	0.00247	0.00247
25	0.02237	0.01329	0.04637	0.01155	0.01607	0.01288	0.00985	0.39182	0.02081	0.37084	0.01705	0.01576	0.01127	0.00668	0.00554	0.00169	0.00555	0.00521	0.00601	0.00937
26	0.01070	0.00793	0.00955	0.00906	0.01039	0.03979	0.00679	0.13192	0.01237	0.01664	0.05767	0.16445	0.01855	0.04256	0.28349	0.15315	0.00837	0.00757	0.00387	0.00519

[dist]
# distance from previous block
# <min> <max>
4	6

[block]
# block no. 5 follows, 43 sequences, length 8
# corresponding to MSA columns:
# 236-243
name=unknown_F
#
# <colnr> <probs for GDERKNQSTAVLIFYWHMCP>
#	G	D	E	R	K	N	Q	S	T	A	V	L	I	F	Y	W	H	M	C	P
0	0.01249	0.00749	0.00895	0.00838	0.01038	0.00735	0.00627	0.08015	0.08327	0.14058	0.02348	0.34678	0.02305	0.01109	0.00581	0.00182	0.00375	0.00966	0.16101	0.04824
1	0.01318	0.01263	0.02154	0.15594	0.65295	0.01302	0.01674	0.01654	0.01236	0.01746	0.01033	0.01388	0.00855	0.00503	0.00549	0.00168	0.00671	0.00493	0.00270	0.00835
2	0.00963	0.00732	0.01063	0.01326	0.17622	0.00716	0.00789	0.01146	0.01163	0.05581	0.10117	0.20850	0.13058	0.09076	0.12928	0.00331	0.00592	0.00941	0.00430	0.00576
3	0.01092	0.09710	0.58377	0.01378	0.02054	0.01247	0.01700	0.01631	0.01229	0.01787	0.13166	0.01621	0.01430	0.00619	0.00531	0.00170	0.00708	0.00494	0.00295	0.00761
4	0.08829	0.00824	0.00809	0.00795	0.00966	0.07884	0.00587	0.01238	0.03734	0.06435	0.18233	0.27011	0.18137	0.01222	0.00618	0.00189	0.00387	0.01046	0.00509	0.00545
5	0.01242	0.01096	0.01489	0.01181	0.01562	0.05013	0.13976	0.01649	0.09039	0.05085	0.03642	0.02340	0.01488	0.04139	0.00649	0.00169	0.00558	0.12215	0.00395	0.33074
6	0.18426	0.00890	0.01023	0.00877	0.01142	0.00928	0.00709	0.08533	0.01458	0.19890	0.23909	0.02489	0.02373	0.00839	0.00620	0.00178	0.05302	0.04286	0.05449	0.00680
7	0.00746	0.00511	0.00632	0.00712	0.00764	0.00486	0.00481	0.00851	0.01045	0.01426	0.02850	0.47345	0.08478	0.17691	0.01108	0.00279	0.00368	0.05533	0.08256	0.00438

[dist]
# distance from previous block
# <min> <max>
0	2

[block]
# block no. 6 follows, 43 sequences, length 22
# corresponding to MSA columns:
# 246,248-268
name=unknown_G
#
# <colnr> <probs for GDERKNQSTAVLIFYWHMCP>
#	G	D	E	R	K	N	Q	S	T	A	V	L	I	F	Y	W	H	M	C	P
0	0.28737	0.01089	0.01244	0.00970	0.01389	0.01077	0.04034	0.10937	0.01419	0.28657	0.01383	0.01362	0.00957	0.00574	0.00468	0.00157	0.00485	0.00434	0.00483	0.14145
1	0.74652	0.01099	0.00897	0.00780	0.01134	0.01256	0.00642	0.06935	0.01092	0.06140	0.00879	0.00977	0.00661	0.00533	0.00368	0.00171	0.00443	0.00326	0.00374	0.00641
2	0.09598	0.01517	0.21193	0.04900	0.01743	0.01062	0.01123	0.05416	0.06640	0.17307	0.01317	0.01369	0.00943	0.00550	0.00488	0.00150	0.00559	0.00430	0.00401	0.23292
3	0.00700	0.00563	0.00624	0.00609	0.00776	0.00487	0.00457	0.00883	0.01370	0.01752	0.30764	0.04908	0.51543	0.01307	0.00654	0.00182	0.00274	0.01110	0.00548	0.00487
4	0.01327	0.05141	0.09163	0.14337	0.30647	0.01201	0.01346	0.04420	0.04840	0.07810	0.03978	0.04133	0.01244	0.07186	0.00735	0.00201	0.00621	0.00564	0.00346	0.00759
5	0.01454	0.75300	0.08241	0.00993	0.01491	0.02127	0.01026	0.01665	0.01128	0.01335	0.00786	0.00908	0.00710	0.00478	0.00368	0.00123	0.00608	0.00304	0.00237	0.00718
6	0.00682	0.00512	0.00633	0.00709	0.00792	0.00463	0.00491	0.00809	0.01171	0.01528	0.12220	0.52223	0.22594	0.01580	0.00687	0.00209	0.00304	0.01404	0.00525	0.00463
7	0.02170	0.01312	0.04331	0.01251	0.01712	0.01257	0.07900	0.32396	0.01963	0.37296	0.01692	0.01595	0.01121	0.00651	0.00564	0.00171	0.00584	0.00537	0.00578	0.00920
8	0.00949	0.00486	0.00712	0.00712	0.00712	0.00486	0.00469	0.00728	0.00728	0.00971	0.01026	0.01843	0.01049	0.08392	0.02218	0.77029	0.00486	0.00508	0.00248	0.00248
9	0.06075	0.76450	0.02787	0.00935	0.01402	0.02139	0.00928	0.01657	0.01115	0.01368	0.00770	0.00889	0.00705	0.00476	0.00355	0.00121	0.00583	0.00296	0.00243	0.00705
10	0.27624	0.07724	0.06009	0.00880	0.01298	0.01145	0.00771	0.09857	0.01242	0.03670	0.01036	0.01236	0.00839	0.03943	0.00513	0.00152	0.00478	0.00375	0.04404	0.26803
11	0.01345	0.13559	0.48593	0.01403	0.02071	0.01491	0.01635	0.13635	0.07557	0.02015	0.01120	0.01229	0.00823	0.00560	0.00510	0.00167	0.00722	0.00425	0.00313	0.00828
12	0.24028	0.01423	0.01436	0.01129	0.01545	0.01591	0.00932	0.55638	0.02162	0.03223	0.01181	0.01215	0.00851	0.00625	0.00498	0.00168	0.00561	0.00446	0.00498	0.00851
13	0.01443	0.01331	0.02128	0.03049	0.64965	0.01359	0.01585	0.08956	0.06101	0.02005	0.01146	0.01410	0.00935	0.00526	0.00550	0.00166	0.00639	0.00502	0.00320	0.00884
14	0.01042	0.00968	0.01620	0.64047	0.10772	0.01163	0.01454	0.01380	0.01118	0.01454	0.01192	0.09148	0.01038	0.00663	0.00568	0.00187	0.00690	0.00598	0.00275	0.00625
15	0.00682	0.00554	0.00609	0.00640	0.00793	0.00480	0.00479	0.00828	0.01239	0.01520	0.07425	0.18291	0.55661	0.01461	0.00673	0.00199	0.00306	0.07172	0.00517	0.00470
16	0.01406	0.00731	0.00947	0.00813	0.01057	0.00674	0.00637	0.01731	0.06243	0.27792	0.42748	0.03190	0.04893	0.00944	0.00605	0.00173	0.00344	0.00813	0.03571	0.00686
17	0.01344	0.00685	0.00889	0.00799	0.01015	0.00620	0.00624	0.01551	0.01411	0.26384	0.25421	0.08344	0.09071	0.06729	0.00776	0.00209	0.00379	0.07928	0.05188	0.00635
18	0.04822	0.00681	0.00797	0.00724	0.00918	0.00672	0.00558	0.01528	0.08700	0.11390	0.35811	0.02930	0.03128	0.00875	0.00544	0.00162	0.00311	0.00742	0.24099	0.00610
19	0.84448	0.01071	0.00814	0.00728	0.01071	0.01242	0.00600	0.01628	0.00943	0.02485	0.00771	0.00900	0.00600	0.00514	0.00343	0.00171	0.00428	0.00300	0.00343	0.00600
20	0.01572	0.51145	0.10911	0.01180	0.01686	0.05552	0.08293	0.01832	0.01225	0.10532	0.01003	0.01103	0.00802	0.00509	0.00434	0.00139	0.00656	0.00378	0.00297	0.00751
21	0.57493	0.01067	0.01059	0.16024	0.01664	0.01228	0.00822	0.05255	0.01108	0.08495	0.00956	0.01114	0.00707	0.00543	0.00412	0.00174	0.00501	0.00368	0.00362	0.00648

[dist]
# distance from previous block
# <min> <max>
1	8

[block]
# block no. 7 follows, 43 sequences, length 9
# corresponding to MSA columns:
# 277-285
name=unknown_H
#
# <colnr> <probs for GDERKNQSTAVLIFYWHMCP>
#	G	D	E	R	K	N	Q	S	T	A	V	L	I	F	Y	W	H	M	C	P
0	0.01035	0.13946	0.04832	0.00944	0.01182	0.01003	0.05945	0.03883	0.07838	0.01694	0.17294	0.13177	0.05408	0.16931	0.01031	0.00248	0.00485	0.02118	0.00429	0.00579
1	0.01266	0.01107	0.01248	0.01363	0.12100	0.11796	0.00945	0.04016	0.01298	0.03793	0.07839	0.06193	0.01876	0.00924	0.00761	0.00188	0.12445	0.14615	0.15603	0.00622
2	0.05763	0.00941	0.01162	0.00957	0.01305	0.00908	0.00774	0.06096	0.12366	0.45282	0.04663	0.05573	0.01661	0.00775	0.00553	0.00176	0.00444	0.03152	0.06615	0.00835
3	0.01103	0.01032	0.01733	0.55969	0.20699	0.01200	0.01504	0.01455	0.01176	0.01564	0.06356	0.01640	0.01088	0.00581	0.00559	0.00179	0.00686	0.00528	0.00278	0.00670
4	0.01008	0.00645	0.00759	0.00705	0.00880	0.00625	0.00537	0.01390	0.09279	0.07267	0.38553	0.03398	0.11211	0.00974	0.00574	0.00166	0.00296	0.00834	0.20318	0.00581
5	0.00778	0.00546	0.00599	0.00593	0.00684	0.00511	0.00393	0.00885	0.01089	0.01464	0.12910	0.04070	0.26142	0.36508	0.01590	0.00335	0.00390	0.00916	0.09177	0.00421
6	0.01069	0.00908	0.01371	0.01226	0.01475	0.00924	0.14018	0.03912	0.15536	0.01891	0.08557	0.07025	0.05885	0.01135	0.00684	0.00217	0.00537	0.32509	0.00489	0.00632
7	0.00935	0.00496	0.00732	0.00727	0.00746	0.00496	0.00496	0.00769	0.00819	0.01110	0.08954	0.01966	0.01431	0.01952	0.05801	0.70958	0.00508	0.00541	0.00282	0.00283
8	0.01454	0.75263	0.08276	0.00993	0.01492	0.02126	0.01027	0.01665	0.01128	0.01335	0.00786	0.00909	0.00710	0.00478	0.00368	0.00123	0.00609	0.00304	0.00237	0.00718

[dist]
# distance from previous block
# <min> <max>
0	1

[block]
# block no. 8 follows, 43 sequences, length 12
# corresponding to MSA columns:
# 287-298
name=unknown_I
#
# <colnr> <probs for GDERKNQSTAVLIFYWHMCP>
#	G	D	E	R	K	N	Q	S	T	A	V	L	I	F	Y	W	H	M	C	P
0	0.84448	0.01071	0.00814	0.00728	0.01071	0.01242	0.00600	0.01628	0.00943	0.02485	0.00771	0.00900	0.00600	0.00514	0.00343	0.00171	0.00428	0.00300	0.00343	0.00600
1	0.01606	0.01702	0.01300	0.01158	0.01424	0.35256	0.00885	0.10763	0.13559	0.02005	0.22237	0.02081	0.02150	0.00767	0.00559	0.00161	0.00658	0.00596	0.00452	0.00682
2	0.01825	0.10625	0.01786	0.01508	0.11981	0.17389	0.01085	0.29057	0.06736	0.05130	0.01197	0.01274	0.00916	0.00589	0.00510	0.00151	0.00664	0.00444	0.00414	0.06719
3	0.01072	0.00718	0.01055	0.00929	0.01151	0.00656	0.09293	0.01298	0.01330	0.12377	0.15827	0.14534	0.20052	0.01143	0.00638	0.00191	0.00410	0.09157	0.07586	0.00583
4	0.84448	0.01071	0.00814	0.00728	0.01071	0.01242	0.00600	0.01628	0.00943	0.02485	0.00771	0.00900	0.00600	0.00514	0.00343	0.00171	0.00428	0.00300	0.00343	0.00600
5	0.01327	0.15637	0.42303	0.01447	0.02089	0.01505	0.07358	0.09817	0.09797	0.01930	0.01145	0.01266	0.00852	0.00553	0.00514	0.00167	0.00724	0.00443	0.00310	0.00815
6	0.00761	0.00579	0.00710	0.00754	0.00885	0.00523	0.00566	0.00915	0.01177	0.01534	0.07132	0.30366	0.23575	0.06124	0.00805	0.00226	0.00365	0.16131	0.00494	0.06377
7	0.14713	0.00871	0.01076	0.01110	0.09659	0.00875	0.00771	0.07839	0.01494	0.12174	0.32187	0.02940	0.05831	0.00896	0.00577	0.00177	0.00407	0.05215	0.00524	0.00664
8	0.48186	0.01151	0.01479	0.01145	0.01564	0.01187	0.18432	0.01728	0.01108	0.08608	0.00999	0.01154	0.00748	0.00506	0.00443	0.00165	0.00551	0.00410	0.00355	0.10085
9	0.01162	0.01103	0.01506	0.01329	0.01366	0.01482	0.01098	0.01393	0.06223	0.01423	0.01148	0.01991	0.01153	0.05944	0.01672	0.00258	0.60096	0.08753	0.00301	0.00597
10	0.08614	0.01273	0.01686	0.01336	0.01698	0.06749	0.18116	0.21300	0.02960	0.09448	0.04583	0.13366	0.03479	0.00813	0.00589	0.00182	0.00615	0.01998	0.00460	0.00736
11	0.01326	0.01270	0.02167	0.13816	0.67013	0.01304	0.01677	0.01661	0.01240	0.01755	0.01034	0.01385	0.00858	0.00502	0.00549	0.00167	0.00669	0.00493	0.00270	0.00841

[dist]
# distance from previous block
# <min> <max>
0	1

[block]
# block no. 9 follows, 43 sequences, length 18
# corresponding to MSA columns:
# 300-317
name=unknown_J
#
# <colnr> <probs for GDERKNQSTAVLIFYWHMCP>
#	G	D	E	R	K	N	Q	S	T	A	V	L	I	F	Y	W	H	M	C	P
0	0.04070	0.01073	0.01649	0.51392	0.14413	0.01269	0.01415	0.01731	0.14161	0.01669	0.01206	0.01543	0.00920	0.00578	0.00547	0.00182	0.00663	0.00509	0.00309	0.00700
1	0.16276	0.00784	0.00862	0.00752	0.01017	0.00756	0.00595	0.04915	0.01416	0.18502	0.22099	0.03286	0.24669	0.00982	0.00572	0.00177	0.00359	0.00804	0.00547	0.00631
2	0.01036	0.00776	0.00930	0.00902	0.01071	0.00795	0.02032	0.14662	0.07754	0.01932	0.02854	0.41133	0.11012	0.01331	0.00648	0.00203	0.00399	0.05520	0.04418	0.00590
3	0.06760	0.01368	0.01497	0.01172	0.01592	0.01480	0.00962	0.49181	0.10465	0.17445	0.01564	0.01493	0.01088	0.00670	0.00544	0.00170	0.00554	0.00513	0.00568	0.00915
4	0.00813	0.00555	0.00690	0.00662	0.00793	0.00516	0.00495	0.01061	0.01467	0.02126	0.58021	0.06539	0.08610	0.01090	0.00612	0.00169	0.00264	0.00953	0.14049	0.00516
5	0.01961	0.36227	0.02028	0.00999	0.01444	0.01521	0.00896	0.08268	0.04843	0.34360	0.01494	0.01408	0.01059	0.00593	0.00468	0.00148	0.00535	0.00440	0.00471	0.00837
6	0.01030	0.00626	0.00846	0.00803	0.00927	0.00652	0.00593	0.01172	0.00992	0.12232	0.01932	0.02746	0.06571	0.24686	0.40981	0.00642	0.00995	0.00685	0.00378	0.00513
7	0.01337	0.01207	0.01911	0.35716	0.34677	0.01337	0.01537	0.12187	0.01389	0.01882	0.01059	0.01410	0.00827	0.00544	0.00551	0.00173	0.00686	0.00494	0.00302	0.00774
8	0.01371	0.01107	0.01764	0.01347	0.04409	0.00938	0.21068	0.01669	0.01255	0.12695	0.01291	0.04938	0.01036	0.00528	0.00516	0.00133	0.00567	0.00512	0.00373	0.42483
9	0.13469	0.01389	0.03749	0.01284	0.01636	0.10226	0.12815	0.04853	0.26355	0.06357	0.04568	0.01664	0.01299	0.00659	0.00591	0.00178	0.04170	0.00542	0.03443	0.00753
10	0.01275	0.01000	0.01646	0.62883	0.08336	0.01176	0.01444	0.01619	0.01187	0.12414	0.01161	0.01528	0.00839	0.00569	0.00554	0.00181	0.00694	0.00502	0.00311	0.00680
11	0.01148	0.00984	0.01148	0.00820	0.01312	0.00738	0.00656	0.01395	0.01148	0.01805	0.00984	0.01148	0.00820	0.00410	0.00410	0.00082	0.00410	0.00328	0.00328	0.83922
12	0.01115	0.00797	0.00931	0.00858	0.01002	0.00836	0.00632	0.17572	0.01307	0.01757	0.01825	0.05513	0.01905	0.38328	0.09286	0.00423	0.00632	0.11914	0.00413	0.02955
13	0.13102	0.01020	0.01580	0.62558	0.08565	0.01238	0.01414	0.01466	0.01094	0.01597	0.00958	0.01386	0.00728	0.00544	0.00523	0.00181	0.00688	0.00465	0.00262	0.00631
14	0.00701	0.00556	0.00607	0.00623	0.00763	0.00491	0.00454	0.00833	0.01199	0.01482	0.08875	0.11212	0.50925	0.12840	0.00978	0.00244	0.00335	0.05935	0.00494	0.00453
15	0.01342	0.00697	0.00946	0.00899	0.01107	0.00643	0.00728	0.01559	0.01395	0.25570	0.18290	0.13138	0.03069	0.03543	0.00730	0.00216	0.00424	0.24488	0.00582	0.00636
16	0.01431	0.01163	0.01235	0.01079	0.01371	0.01320	0.00831	0.16121	0.51512	0.02356	0.02008	0.02154	0.01598	0.12247	0.00887	0.00234	0.00484	0.00628	0.00529	0.00811
17	0.29934	0.01050	0.01155	0.00923	0.01317	0.01062	0.00761	0.11231	0.01484	0.41332	0.01596	0.01490	0.01060	0.00624	0.00480	0.00170	0.00469	0.00462	0.02583	0.00817

[dist]
# distance from previous block
# <min> <max>
0	1

[block]
# block no. 10 follows, 43 sequences, length 18
# corresponding to MSA columns:
# 319-336
name=unknown_K
#
# <colnr> <probs for GDERKNQSTAVLIFYWHMCP>
#	G	D	E	R	K	N	Q	S	T	A	V	L	I	F	Y	W	H	M	C	P
0	0.19687	0.01332	0.01498	0.01449	0.12690	0.01460	0.01037	0.41921	0.01929	0.02863	0.01307	0.01675	0.01056	0.00683	0.00526	0.00175	0.00569	0.06859	0.00463	0.00820
1	0.01165	0.14282	0.66723	0.01486	0.02254	0.01419	0.01885	0.01740	0.01163	0.01688	0.00961	0.01128	0.00703	0.00519	0.00501	0.00167	0.00785	0.00393	0.00234	0.00803
2	0.01448	0.74012	0.09475	0.01003	0.01507	0.02112	0.01044	0.01667	0.01129	0.01343	0.00790	0.00913	0.00710	0.00478	0.00370	0.00123	0.00612	0.00306	0.00237	0.00720
3	0.01107	0.00852	0.01125	0.01193	0.10267	0.00894	0.00794	0.07504	0.01147	0.03313	0.01646	0.03014	0.01697	0.31006	0.05181	0.00354	0.08327	0.12330	0.00371	0.07877
4	0.01518	0.01529	0.01971	0.09143	0.31881	0.18625	0.10315	0.01856	0.04151	0.06093	0.01254	0.03407	0.01058	0.00612	0.00566	0.00171	0.00742	0.04020	0.00327	0.00761
5	0.00884	0.00637	0.00759	0.00723	0.00876	0.00628	0.00543	0.01301	0.11368	0.02117	0.47114	0.08083	0.08724	0.01064	0.00606	0.00173	0.00289	0.00926	0.12625	0.00561
6	0.00976	0.00683	0.00890	0.12253	0.01292	0.00737	0.00693	0.04595	0.01216	0.03256	0.11052	0.14321	0.07730	0.05079	0.07554	0.00255	0.03889	0.00799	0.22188	0.00539
7	0.00974	0.00592	0.00728	0.00694	0.00792	0.00560	0.00474	0.01092	0.01157	0.09844	0.23620	0.07623	0.05905	0.39087	0.01684	0.00353	0.00429	0.03444	0.00475	0.00473
8	0.01020	0.00929	0.01126	0.01044	0.01112	0.07312	0.00808	0.01155	0.00918	0.01266	0.01262	0.02065	0.01255	0.16852	0.36159	0.00578	0.23761	0.00581	0.00287	0.00510
9	0.01407	0.01760	0.24728	0.02066	0.20327	0.01276	0.18100	0.01997	0.10377	0.10459	0.01323	0.01481	0.00972	0.00550	0.00568	0.00176	0.00720	0.00528	0.00345	0.00838
10	0.74316	0.01289	0.10158	0.00832	0.01232	0.01248	0.00776	0.01643	0.00970	0.02396	0.00798	0.00932	0.00612	0.00516	0.00365	0.00172	0.00476	0.00313	0.00329	0.00626
11	0.01175	0.01025	0.01282	0.01134	0.10524	0.00809	0.00783	0.01432	0.01162	0.01805	0.00991	0.01175	0.00827	0.00420	0.00427	0.00092	0.00440	0.00348	0.00322	0.73825
12	0.01148	0.00984	0.01148	0.00820	0.01312	0.00738	0.00656	0.01395	0.01148	0.01805	0.00984	0.01148	0.00820	0.00410	0.00410	0.00082	0.00410	0.00328	0.00328	0.83922
13	0.01009	0.00589	0.00701	0.00665	0.00722	0.00578	0.00412	0.01045	0.00904	0.10372	0.01785	0.03339	0.01903	0.66954	0.06375	0.00510	0.00577	0.00764	0.00376	0.00417
14	0.01351	0.01317	0.02309	0.02776	0.48020	0.01314	0.18306	0.03993	0.07456	0.01913	0.04812	0.01588	0.01147	0.00544	0.00579	0.00172	0.00682	0.00565	0.00324	0.00832
15	0.00911	0.00733	0.01086	0.23243	0.08463	0.00800	0.00886	0.01097	0.01031	0.01380	0.01839	0.16127	0.03304	0.24821	0.04295	0.00326	0.00590	0.05857	0.02701	0.00509
16	0.01343	0.18673	0.01688	0.01478	0.19931	0.01178	0.00962	0.05277	0.01405	0.11040	0.19837	0.05369	0.08004	0.00795	0.00547	0.00162	0.00480	0.00675	0.00439	0.00717
17	0.07193	0.01133	0.01630	0.01336	0.03703	0.01233	0.10475	0.04575	0.04748	0.20329	0.04925	0.01575	0.01174	0.00721	0.00919	0.00186	0.24014	0.00528	0.00416	0.09187

[dist]
# distance from previous block
# <min> <max>
5	16

[block]
# block no. 11 follows, 43 sequences, length 11
# corresponding to MSA columns:
# 354-364
name=unknown_L
#
# <colnr> <probs for GDERKNQSTAVLIFYWHMCP>
#	G	D	E	R	K	N	Q	S	T	A	V	L	I	F	Y	W	H	M	C	P
0	0.01515	0.01382	0.07088	0.14180	0.17715	0.01399	0.01278	0.19840	0.22959	0.04711	0.01482	0.01579	0.01106	0.00627	0.00554	0.00176	0.00602	0.00528	0.00430	0.00849
1	0.27350	0.02026	0.01389	0.01348	0.06903	0.46562	0.00970	0.04425	0.01389	0.01806	0.00859	0.01006	0.00698	0.00551	0.00457	0.00154	0.00786	0.00354	0.00311	0.00656
2	0.15659	0.00775	0.00877	0.00801	0.00966	0.00838	0.00589	0.08148	0.01087	0.07909	0.01498	0.02380	0.01435	0.30863	0.23363	0.00508	0.00787	0.00608	0.00375	0.00534
3	0.01000	0.00617	0.00792	0.00719	0.00897	0.00555	0.00550	0.01239	0.01532	0.12398	0.57700	0.03979	0.13665	0.01105	0.00640	0.00175	0.00292	0.00962	0.00608	0.00573
4	0.01858	0.02297	0.01716	0.01498	0.01751	0.58834	0.06459	0.02020	0.01420	0.01382	0.00852	0.01073	0.00725	0.00636	0.00750	0.00164	0.15245	0.00401	0.00277	0.00643
5	0.01369	0.00768	0.00989	0.00891	0.03732	0.00758	0.05568	0.05521	0.04971	0.14508	0.03483	0.01981	0.01427	0.00652	0.00462	0.00147	0.00380	0.00547	0.51193	0.00654
6	0.00882	0.00584	0.00758	0.00714	0.00860	0.00533	0.00535	0.01119	0.01508	0.07214	0.61155	0.10332	0.09353	0.01169	0.00651	0.00179	0.00282	0.01029	0.00601	0.00542
7	0.01159	0.00974	0.01602	0.63613	0.08625	0.01162	0.01426	0.01508	0.01152	0.06316	0.01120	0.01534	0.00834	0.00564	0.00542	0.00179	0.00683	0.00498	0.05860	0.00648
8	0.00794	0.00581	0.00829	0.00829	0.00907	0.00659	0.00617	0.00950	0.00872	0.01241	0.01539	0.02483	0.01518	0.20333	0.62344	0.00815	0.01283	0.00638	0.00305	0.00461
9	0.02121	0.01758	0.01617	0.01290	0.01697	0.18953	0.01041	0.54146	0.02306	0.07702	0.01277	0.01290	0.00918	0.00645	0.00542	0.00161	0.00689	0.00470	0.00502	0.00874
10	0.01345	0.01133	0.01368	0.06256	0.01583	0.01112	0.00878	0.16401	0.01397	0.02052	0.01017	0.01217	0.00826	0.00554	0.00657	0.00130	0.12149	0.00397	0.00356	0.49172

[dist]
# distance from previous block
# <min> <max>
0	2

[block]
# block no. 12 follows, 43 sequences, length 26
# corresponding to MSA columns:
# 367-392
name=unknown_M
#
# <colnr> <probs for GDERKNQSTAVLIFYWHMCP>
#	G	D	E	R	K	N	Q	S	T	A	V	L	I	F	Y	W	H	M	C	P
0	0.01662	0.53942	0.02450	0.01121	0.03617	0.12774	0.00986	0.08278	0.03912	0.05333	0.00960	0.01046	0.00802	0.00525	0.00416	0.00132	0.00642	0.00352	0.00306	0.00743
1	0.84448	0.01071	0.00814	0.00728	0.01071	0.01242	0.00600	0.01628	0.00943	0.02485	0.00771	0.00900	0.00600	0.00514	0.00343	0.00171	0.00428	0.00300	0.00343	0.00600
2	0.01571	0.07419	0.22733	0.05154	0.11182	0.05335	0.01350	0.15779	0.05260	0.11768	0.04851	0.01551	0.02351	0.00622	0.00536	0.00167	0.00651	0.00499	0.00399	0.00822
3	0.00902	0.00696	0.00951	0.03993	0.06257	0.00744	0.00709	0.03825	0.01095	0.01497	0.07706	0.28464	0.02536	0.18705	0.05469	0.02688	0.07189	0.05660	0.00415	0.00499
4	0.01314	0.00673	0.00854	0.00769	0.00976	0.00599	0.00576	0.01474	0.01329	0.27063	0.15556	0.16940	0.16960	0.11258	0.00907	0.00231	0.00381	0.00960	0.00565	0.00616
5	0.01643	0.00757	0.01009	0.00837	0.01122	0.00668	0.00666	0.01874	0.01562	0.40447	0.35474	0.03049	0.06666	0.00918	0.00604	0.00173	0.00369	0.00783	0.00644	0.00734
6	0.01837	0.01418	0.01511	0.01220	0.01615	0.01592	0.00988	0.48599	0.29676	0.03058	0.01670	0.01601	0.01218	0.00697	0.00558	0.00174	0.00546	0.00546	0.00558	0.00918
7	0.01062	0.00646	0.00828	0.00748	0.00928	0.00605	0.00573	0.01382	0.05247	0.12599	0.58484	0.03604	0.04300	0.01024	0.00620	0.00172	0.00299	0.00894	0.05388	0.00598
8	0.65707	0.01180	0.01007	0.00853	0.01218	0.01351	0.00703	0.18381	0.01321	0.02714	0.00898	0.00998	0.00678	0.00548	0.00391	0.00170	0.00470	0.00345	0.00391	0.00678
9	0.09207	0.01488	0.01519	0.01202	0.01614	0.05160	0.00982	0.53622	0.10425	0.07120	0.01406	0.01387	0.01007	0.00658	0.00534	0.00168	0.00586	0.00492	0.00531	0.00891
10	0.01481	0.80869	0.02902	0.00948	0.01421	0.02191	0.00948	0.01658	0.01125	0.01303	0.00770	0.00888	0.00711	0.00474	0.00355	0.00118	0.00592	0.00296	0.00237	0.00711
11	0.04752	0.01253	0.02093	0.08896	0.65539	0.01283	0.01604	0.01648	0.01222	0.01788	0.01043	0.01390	0.00875	0.00638	0.03500	0.00194	0.00686	0.00489	0.00276	0.00832
12	0.09956	0.01075	0.01533	0.01695	0.21727	0.01089	0.06215	0.13265	0.01474	0.10926	0.07243	0.14355	0.01795	0.00840	0.00580	0.00183	0.00534	0.04321	0.00449	0.00745
13	0.00767	0.00580	0.00720	0.00740	0.00884	0.00532	0.00585	0.00983	0.01379	0.01822	0.33131	0.07884	0.26835	0.01340	0.00684	0.00201	0.00333	0.19548	0.00551	0.00500
14	0.01108	0.00715	0.00810	0.00754	0.00913	0.03612	0.00578	0.06425	0.01392	0.05773	0.27708	0.02873	0.02725	0.01147	0.04326	0.08193	0.00415	0.04564	0.25422	0.00547
15	0.00713	0.00519	0.00646	0.00711	0.00780	0.00482	0.00487	0.00831	0.01133	0.01499	0.13679	0.44124	0.15063	0.13130	0.01002	0.00258	0.00344	0.03648	0.00501	0.00448
16	0.00798	0.00604	0.00899	0.05044	0.01107	0.00697	0.00706	0.00987	0.00908	0.01289	0.01574	0.07320	0.01533	0.07958	0.65006	0.00790	0.01316	0.00664	0.00310	0.00489
17	0.01472	0.61000	0.15156	0.01095	0.01609	0.08815	0.01140	0.01723	0.01172	0.01382	0.00815	0.00945	0.00709	0.00491	0.00396	0.00130	0.00666	0.00320	0.00241	0.00722
18	0.61079	0.01077	0.00975	0.00822	0.01190	0.01184	0.00678	0.07025	0.01197	0.18646	0.01114	0.01141	0.00789	0.00561	0.00404	0.00171	0.00450	0.00369	0.00431	0.00697
19	0.01460	0.07012	0.07031	0.06760	0.45349	0.03953	0.02878	0.05268	0.07333	0.05887	0.01183	0.01401	0.00935	0.00539	0.00536	0.00165	0.00655	0.00487	0.00326	0.00843
20	0.04982	0.06994	0.06408	0.01159	0.01542	0.04334	0.00981	0.14915	0.45076	0.04953	0.01796	0.01706	0.01338	0.00684	0.00533	0.00176	0.00524	0.00541	0.00502	0.00854
21	0.50387	0.01117	0.00943	0.00863	0.01149	0.06546	0.00688	0.09947	0.01211	0.02287	0.01302	0.10595	0.01245	0.03439	0.00535	0.00194	0.00487	0.06060	0.00395	0.00609
22	0.01420	0.13051	0.34397	0.01423	0.04570	0.01336	0.06602	0.02023	0.11571	0.13337	0.04034	0.01498	0.01119	0.00590	0.00526	0.00169	0.00664	0.00487	0.00367	0.00817
23	0.00894	0.00720	0.01018	0.01206	0.13182	0.00694	0.00748	0.01078	0.01195	0.01676	0.18713	0.32083	0.03045	0.06738	0.00833	0.00214	0.03429	0.03569	0.00456	0.08509
24	0.00992	0.00866	0.02824	0.01279	0.12841	0.03688	0.05526	0.01220	0.01324	0.05031	0.23656	0.22684	0.13594	0.01128	0.00638	0.00187	0.00433	0.01013	0.00482	0.00595
25	0.07347	0.13467	0.06524	0.01501	0.15409	0.05224	0.01079	0.14303	0.06720	0.07733	0.01297	0.03346	0.01093	0.08719	0.00786	0.00202	0.03602	0.00509	0.00381	0.00758

[dist]
# distance from previous block
# <min> <max>
3	9

[block]
# block no. 13 follows, 43 sequences, length 35
# corresponding to MSA columns:
# 402-436
name=unknown_N
#
# <colnr> <probs for GDERKNQSTAVLIFYWHMCP>
#	G	D	E	R	K	N	Q	S	T	A	V	L	I	F	Y	W	H	M	C	P
0	0.08518	0.06734	0.02271	0.01192	0.06393	0.11563	0.00902	0.11117	0.04948	0.15668	0.11945	0.03753	0.02565	0.00722	0.00585	0.00163	0.04217	0.00559	0.00459	0.05727
1	0.01538	0.01057	0.08329	0.01198	0.07525	0.00885	0.02245	0.01804	0.01413	0.30213	0.20285	0.02619	0.08542	0.00859	0.00702	0.00181	0.07470	0.01865	0.00528	0.00743
2	0.01206	0.01192	0.01648	0.01398	0.01441	0.01611	0.01162	0.01338	0.00875	0.01375	0.00750	0.01206	0.00735	0.00920	0.01693	0.00228	0.72507	0.00471	0.00250	0.07994
3	0.09069	0.05063	0.05551	0.01622	0.11210	0.06709	0.16927	0.03058	0.11808	0.15728	0.01523	0.06721	0.01207	0.00652	0.00553	0.00175	0.00637	0.00589	0.00414	0.00781
4	0.43261	0.00988	0.00990	0.00838	0.01176	0.01042	0.00680	0.06726	0.01300	0.24090	0.07983	0.06015	0.01423	0.00697	0.00466	0.00174	0.00432	0.00521	0.00489	0.00706
5	0.01980	0.01489	0.01591	0.01249	0.01670	0.01659	0.01022	0.62755	0.15288	0.03288	0.01489	0.01457	0.01071	0.00680	0.00556	0.00170	0.00580	0.00521	0.00556	0.00931
6	0.00681	0.00562	0.00597	0.00589	0.00764	0.00479	0.00441	0.00845	0.01324	0.01643	0.20021	0.05088	0.62355	0.01348	0.00654	0.00184	0.00277	0.01135	0.00534	0.00479
7	0.00793	0.00584	0.00845	0.00845	0.00928	0.00668	0.00636	0.00960	0.00877	0.01252	0.01525	0.02405	0.01484	0.16224	0.66407	0.00834	0.01334	0.00627	0.00303	0.00469
8	0.09391	0.05095	0.01574	0.01173	0.01583	0.04640	0.03544	0.43281	0.05667	0.12520	0.01404	0.01405	0.01002	0.00638	0.00520	0.00164	0.00577	0.00486	0.04478	0.00858
9	0.01008	0.00585	0.00736	0.00697	0.00847	0.00543	0.00523	0.01243	0.01415	0.10171	0.42724	0.13005	0.03764	0.01051	0.00590	0.00170	0.00291	0.00917	0.19163	0.00557
10	0.01936	0.01041	0.05508	0.00956	0.01329	0.00913	0.00819	0.11756	0.05224	0.41320	0.04994	0.01910	0.01461	0.00687	0.00524	0.00163	0.00455	0.00554	0.17623	0.00828
11	0.00939	0.00492	0.00694	0.00694	0.00699	0.00492	0.00453	0.00759	0.00754	0.01026	0.01127	0.02022	0.01156	0.14966	0.02201	0.66565	0.00481	0.00536	0.03678	0.00268
12	0.03434	0.01528	0.01485	0.01186	0.01562	0.11899	0.00954	0.50201	0.02190	0.08111	0.04009	0.01551	0.01154	0.04545	0.00651	0.00180	0.00622	0.00513	0.03387	0.00836
13	0.04261	0.01112	0.04902	0.06154	0.01569	0.00943	0.00863	0.07948	0.01356	0.17831	0.03562	0.01427	0.01059	0.00552	0.00528	0.00131	0.03545	0.00431	0.00418	0.41407
14	0.01491	0.69419	0.06379	0.00987	0.01465	0.02066	0.00991	0.06539	0.01227	0.01493	0.00849	0.00966	0.00747	0.00494	0.00378	0.00125	0.00594	0.00322	0.02742	0.00726
15	0.43926	0.12184	0.01391	0.00953	0.01344	0.04275	0.00805	0.24068	0.01505	0.03652	0.00964	0.01047	0.00734	0.00559	0.00417	0.00162	0.00527	0.00366	0.00395	0.00725
16	0.05634	0.01285	0.01541	0.01671	0.19808	0.03997	0.01083	0.18016	0.26180	0.07954	0.01679	0.05933	0.01330	0.00702	0.00552	0.00176	0.00543	0.00588	0.00477	0.00851
17	0.01404	0.01321	0.02185	0.06410	0.21969	0.01410	0.21325	0.14041	0.04911	0.02005	0.01240	0.03560	0.01040	0.00662	0.00761	0.00188	0.11292	0.03154	0.00345	0.00778
18	0.00684	0.00509	0.00637	0.00717	0.00794	0.00462	0.00495	0.00810	0.01165	0.01529	0.12557	0.54870	0.19569	0.01591	0.00689	0.00211	0.00305	0.01418	0.00526	0.00462
19	0.00909	0.00557	0.00725	0.00770	0.00873	0.00516	0.00554	0.01056	0.01199	0.09194	0.12334	0.46979	0.06908	0.04238	0.00743	0.00219	0.00344	0.06255	0.05113	0.00513
20	0.01403	0.01203	0.01267	0.01132	0.01450	0.01390	0.00883	0.05507	0.73475	0.02358	0.02221	0.02040	0.01664	0.00748	0.00563	0.00187	0.00444	0.00622	0.00563	0.00879
21	0.05828	0.01037	0.01186	0.00961	0.01307	0.01062	0.00778	0.21263	0.09846	0.28853	0.04455	0.01828	0.01402	0.00687	0.00517	0.00164	0.00452	0.00545	0.17011	0.00820
22	0.11517	0.01473	0.01551	0.01201	0.01632	0.01628	0.00992	0.64023	0.02375	0.06244	0.01299	0.01302	0.00919	0.00648	0.00530	0.00167	0.00583	0.00478	0.00535	0.00903
