[name]
unknown

[dist]
# distance from previous block
# <min> <max>
0	82

[block]
# block no. 0 follows, 40 sequences, length 10
# corresponding to MSA columns:
# 82-91
name=unknown_A
#
# <colnr> <probs for GDERKNQSTAVLIFYWHMCP>
#	G	D	E	R	K	N	Q	S	T	A	V	L	I	F	Y	W	H	M	C	P
0	0.01002	0.00766	0.01050	0.01085	0.04504	0.00776	0.03776	0.01370	0.10587	0.04864	0.12539	0.33988	0.06985	0.03407	0.00804	0.00227	0.03371	0.07766	0.00529	0.00604
1	0.01238	0.15570	0.01546	0.14132	0.01660	0.01142	0.03254	0.05556	0.01178	0.03317	0.05133	0.02116	0.01380	0.02543	0.01177	0.26470	0.02654	0.06402	0.02984	0.00550
2	0.17559	0.01129	0.01429	0.25874	0.04181	0.01279	0.01111	0.14486	0.04339	0.11884	0.01450	0.08110	0.01176	0.00736	0.00589	0.00191	0.02705	0.00590	0.00433	0.00751
3	0.12436	0.01341	0.01434	0.17256	0.03784	0.10677	0.01067	0.15442	0.07839	0.09800	0.01537	0.10172	0.01294	0.00780	0.00597	0.00188	0.02532	0.00620	0.00446	0.00757
4	0.34445	0.01115	0.01125	0.00956	0.01309	0.01198	0.00779	0.16085	0.05364	0.12206	0.07623	0.04818	0.01561	0.00769	0.00516	0.00184	0.00479	0.04812	0.00502	0.04156
5	0.08198	0.00844	0.01119	0.10126	0.01437	0.00953	0.00839	0.01382	0.01225	0.09793	0.18062	0.07131	0.05433	0.08448	0.07171	0.00297	0.13562	0.02929	0.00449	0.00602
6	0.01545	0.01591	0.24230	0.05812	0.01844	0.01091	0.01253	0.04926	0.11700	0.21260	0.16430	0.02199	0.02021	0.00763	0.00596	0.00185	0.00580	0.00634	0.00508	0.00832
7	0.08698	0.01197	0.01610	0.20338	0.06641	0.01272	0.04667	0.16502	0.06143	0.15327	0.04377	0.01659	0.01193	0.00642	0.00561	0.00176	0.00609	0.00537	0.00459	0.07391
8	0.00821	0.07337	0.00920	0.00830	0.00904	0.00699	0.00587	0.00921	0.01086	0.01433	0.02832	0.57688	0.05886	0.10500	0.01014	0.00263	0.03928	0.01379	0.00481	0.00490
9	0.11166	0.01132	0.04295	0.03666	0.06464	0.01048	0.02425	0.08179	0.08615	0.14006	0.03014	0.12315	0.03535	0.00796	0.00555	0.00171	0.00502	0.00668	0.00477	0.16969

[dist]
# distance from previous block
# <min> <max>
0	2

[block]
# block no. 1 follows, 40 sequences, length 11
# corresponding to MSA columns:
# 94-104
name=unknown_B
#
# <colnr> <probs for GDERKNQSTAVLIFYWHMCP>
#	G	D	E	R	K	N	Q	S	T	A	V	L	I	F	Y	W	H	M	C	P
0	0.06201	0.10644	0.02021	0.10226	0.04146	0.17022	0.12325	0.11979	0.06557	0.01971	0.01191	0.03884	0.00981	0.00646	0.00620	0.00174	0.04874	0.00520	0.00358	0.03662
1	0.01300	0.01212	0.01733	0.53505	0.07758	0.04814	0.01478	0.07644	0.09049	0.01783	0.01193	0.01565	0.00905	0.00623	0.00619	0.00191	0.03057	0.00525	0.00323	0.00721
2	0.07411	0.01181	0.01791	0.39714	0.15638	0.01334	0.04022	0.08221	0.05433	0.07858	0.01239	0.01542	0.00921	0.00597	0.00569	0.00187	0.00693	0.00522	0.00356	0.00770
3	0.00751	0.00558	0.00690	0.00726	0.00830	0.00507	0.00513	0.00918	0.01334	0.01784	0.29181	0.33387	0.19942	0.05148	0.00814	0.00224	0.00316	0.01312	0.00566	0.00498
4	0.00850	0.00661	0.00789	0.00846	0.00962	0.00661	0.00598	0.01255	0.14967	0.01720	0.07405	0.50777	0.13192	0.01547	0.00704	0.00221	0.00351	0.01377	0.00555	0.00563
5	0.01453	0.01530	0.08941	0.13917	0.09860	0.01424	0.27944	0.17510	0.01602	0.02173	0.01330	0.07134	0.01096	0.00655	0.00628	0.00191	0.00788	0.00656	0.00365	0.00805
6	0.00765	0.00562	0.00710	0.00736	0.00840	0.00515	0.00524	0.00952	0.01388	0.01889	0.38110	0.30608	0.14561	0.04164	0.00785	0.00217	0.00309	0.01279	0.00581	0.00507
7	0.08239	0.01725	0.17782	0.04959	0.05905	0.01449	0.13816	0.19666	0.06345	0.07772	0.01314	0.01470	0.00961	0.00707	0.02365	0.00203	0.03533	0.00529	0.00407	0.00851
8	0.83671	0.01125	0.00855	0.00765	0.01125	0.01305	0.00630	0.01709	0.00990	0.02609	0.00810	0.00945	0.00630	0.00540	0.00360	0.00180	0.00450	0.00315	0.00360	0.00630
9	0.01636	0.01177	0.03646	0.05420	0.11657	0.01081	0.03411	0.09007	0.08449	0.19044	0.09052	0.01870	0.01560	0.00658	0.00561	0.00160	0.00536	0.00563	0.00489	0.20024
10	0.15022	0.47942	0.07760	0.01025	0.01519	0.01859	0.01006	0.04803	0.01280	0.11604	0.01046	0.01113	0.00828	0.00546	0.00420	0.00147	0.00595	0.00365	0.00342	0.00778

[dist]
# distance from previous block
# <min> <max>
0	2

[block]
# block no. 2 follows, 40 sequences, length 17
# corresponding to MSA columns:
# 107-123
name=unknown_C
#
# <colnr> <probs for GDERKNQSTAVLIFYWHMCP>
#	G	D	E	R	K	N	Q	S	T	A	V	L	I	F	Y	W	H	M	C	P
0	0.02280	0.01049	0.01337	0.01051	0.01460	0.00987	0.00859	0.12463	0.06333	0.53378	0.10477	0.02178	0.01856	0.00774	0.00596	0.00181	0.00488	0.00634	0.00684	0.00935
1	0.01512	0.01098	0.01362	0.01191	0.04396	0.01126	0.04565	0.14095	0.21521	0.11870	0.15714	0.04282	0.08299	0.00871	0.00613	0.00182	0.00478	0.00745	0.00568	0.05513
2	0.01508	0.06289	0.02069	0.19494	0.33986	0.03614	0.03314	0.05946	0.07454	0.06909	0.01254	0.01514	0.00977	0.00591	0.00600	0.00179	0.02592	0.00521	0.00349	0.00839
3	0.00830	0.00568	0.00690	0.00703	0.00725	0.00583	0.00436	0.00876	0.00887	0.01201	0.01918	0.10844	0.02167	0.58984	0.15636	0.00596	0.00714	0.00885	0.00363	0.00393
4	0.00718	0.00523	0.00677	0.00780	0.00841	0.00482	0.00531	0.00842	0.01190	0.01582	0.11060	0.64260	0.10925	0.01722	0.00731	0.00227	0.00327	0.01549	0.00550	0.00482
5	0.01373	0.01569	0.03431	0.02451	0.03039	0.01471	0.73824	0.01863	0.01373	0.01863	0.01176	0.01569	0.00882	0.00490	0.00686	0.00196	0.00980	0.00686	0.00294	0.00784
6	0.63211	0.01173	0.00993	0.00854	0.01230	0.04703	0.00699	0.01969	0.01159	0.17754	0.01120	0.01163	0.00802	0.00580	0.00414	0.00179	0.00487	0.00373	0.00431	0.00706
7	0.00728	0.00551	0.00674	0.00746	0.00848	0.00498	0.00532	0.00872	0.01253	0.01622	0.12269	0.43558	0.26515	0.01628	0.00722	0.00219	0.00328	0.05393	0.00551	0.00490
8	0.00813	0.00564	0.00676	0.00701	0.00800	0.00528	0.00494	0.00978	0.01267	0.01757	0.22835	0.22035	0.15298	0.14915	0.01065	0.00261	0.00353	0.03951	0.10222	0.00486
9	0.01520	0.01282	0.01357	0.01187	0.01538	0.01458	0.00931	0.10724	0.64035	0.02544	0.02207	0.02046	0.01652	0.00764	0.00584	0.00190	0.00479	0.00630	0.00581	0.04291
10	0.01880	0.02124	0.01692	0.01439	0.01763	0.46908	0.09676	0.09752	0.01679	0.01852	0.04916	0.01452	0.01122	0.00636	0.00544	0.00158	0.00863	0.00483	0.10362	0.00699
11	0.01523	0.70195	0.07544	0.01199	0.06264	0.02184	0.01116	0.01750	0.01193	0.01431	0.00841	0.00983	0.00757	0.00502	0.00397	0.00131	0.00641	0.00331	0.00251	0.00764
12	0.00860	0.00603	0.00792	0.00862	0.00982	0.00568	0.00673	0.01061	0.01338	0.03859	0.17795	0.28194	0.13031	0.01548	0.00740	0.00230	0.00391	0.25385	0.00563	0.00526
13	0.04695	0.05364	0.05959	0.03808	0.17889	0.05363	0.07078	0.07944	0.05287	0.05361	0.01695	0.09587	0.05531	0.02562	0.00689	0.00189	0.03966	0.00663	0.00392	0.05978
14	0.04604	0.02554	0.02893	0.05313	0.08402	0.02440	0.03050	0.16329	0.03565	0.14895	0.07204	0.13375	0.01778	0.00905	0.00760	0.00196	0.09733	0.00733	0.00489	0.00781
15	0.05563	0.03256	0.10650	0.00925	0.01160	0.00785	0.00798	0.04106	0.01251	0.01778	0.10657	0.31449	0.06561	0.09149	0.00882	0.00240	0.00462	0.05451	0.00468	0.04410
16	0.09227	0.05975	0.03259	0.01198	0.05461	0.04774	0.02453	0.06497	0.13250	0.11014	0.05216	0.06322	0.01611	0.00766	0.00550	0.00170	0.00530	0.05459	0.00469	0.15799

[dist]
# distance from previous block
# <min> <max>
0	55

[block]
# block no. 3 follows, 40 sequences, length 23
# corresponding to MSA columns:
# 179-201
name=unknown_D
#
# <colnr> <probs for GDERKNQSTAVLIFYWHMCP>
#	G	D	E	R	K	N	Q	S	T	A	V	L	I	F	Y	W	H	M	C	P
0	0.01752	0.26130	0.04992	0.07691	0.09094	0.03518	0.02879	0.11396	0.01501	0.15775	0.01245	0.01347	0.00939	0.00585	0.00535	0.00156	0.02426	0.00449	0.00395	0.07194
1	0.01770	0.01002	0.01194	0.01014	0.01323	0.01011	0.00809	0.20557	0.06152	0.24562	0.05466	0.14900	0.02029	0.00964	0.00605	0.00188	0.00470	0.04669	0.10513	0.00802
2	0.01185	0.00976	0.01403	0.28371	0.02258	0.01102	0.03857	0.09846	0.04545	0.04358	0.03363	0.17260	0.09787	0.01014	0.00720	0.00206	0.05404	0.03258	0.00428	0.00658
3	0.01312	0.00914	0.01180	0.01032	0.01254	0.01001	0.00818	0.15094	0.01355	0.08731	0.01525	0.02043	0.01320	0.07647	0.40596	0.00593	0.05904	0.00587	0.00402	0.06690
4	0.34493	0.01204	0.01117	0.00964	0.01320	0.06733	0.00772	0.02315	0.17769	0.20359	0.01593	0.01554	0.01145	0.00652	0.00481	0.00179	0.00496	0.00476	0.05600	0.00780
5	0.22400	0.00929	0.01047	0.00881	0.01215	0.00934	0.00712	0.02140	0.06070	0.33361	0.06309	0.01923	0.01514	0.00927	0.05258	0.00222	0.00502	0.00547	0.12335	0.00775
6	0.00834	0.00566	0.00669	0.00692	0.00713	0.00559	0.00427	0.00882	0.00963	0.01290	0.06806	0.13211	0.02625	0.59784	0.02398	0.00479	0.00516	0.05790	0.00406	0.00392
7	0.00752	0.00510	0.00659	0.00779	0.00824	0.00480	0.00524	0.00873	0.01126	0.01564	0.03053	0.70204	0.03571	0.01688	0.00703	0.00224	0.00330	0.01524	0.10130	0.00480
8	0.01755	0.28987	0.02061	0.01196	0.01610	0.12302	0.01016	0.18350	0.22933	0.02197	0.01403	0.01410	0.01099	0.00641	0.00504	0.00160	0.00638	0.00468	0.00429	0.00841
9	0.01424	0.01369	0.01449	0.01231	0.01486	0.11224	0.02941	0.10161	0.15595	0.01953	0.02115	0.02204	0.14373	0.00895	0.00932	0.00193	0.21045	0.00640	0.00424	0.08345
10	0.01408	0.01349	0.02303	0.10486	0.69266	0.01373	0.01769	0.01757	0.01309	0.01861	0.01088	0.01450	0.00908	0.00524	0.00576	0.00175	0.00699	0.00518	0.00285	0.00896
11	0.83671	0.01125	0.00855	0.00765	0.01125	0.01305	0.00630	0.01709	0.00990	0.02609	0.00810	0.00945	0.00630	0.00540	0.00360	0.00180	0.00450	0.00315	0.00360	0.00630
12	0.01098	0.01034	0.01744	0.78165	0.04005	0.01292	0.01615	0.01486	0.01163	0.01486	0.01034	0.01550	0.00775	0.00581	0.00581	0.00194	0.00775	0.00517	0.00258	0.00646
13	0.00777	0.00597	0.00717	0.00739	0.00878	0.00546	0.00550	0.01007	0.03475	0.01840	0.27995	0.21908	0.28703	0.01449	0.00705	0.00206	0.00320	0.06493	0.00574	0.00521
14	0.00806	0.00641	0.00820	0.05717	0.01068	0.00645	0.00622	0.00977	0.01275	0.01695	0.22309	0.24906	0.22357	0.07119	0.00944	0.00235	0.05662	0.01177	0.00515	0.00510
15	0.24295	0.01182	0.01221	0.01030	0.01391	0.01294	0.00821	0.13834	0.24291	0.16812	0.01737	0.01778	0.01293	0.05733	0.00677	0.00209	0.00499	0.00540	0.00536	0.00829
16	0.07515	0.50682	0.13769	0.01103	0.01633	0.01950	0.01133	0.05355	0.06255	0.01733	0.00986	0.01094	0.00822	0.00536	0.00426	0.00144	0.00629	0.00364	0.00299	0.03571
17	0.12623	0.01078	0.01202	0.00979	0.01345	0.01111	0.00795	0.17418	0.09190	0.28951	0.01840	0.01780	0.01284	0.00690	0.00520	0.00172	0.00471	0.00536	0.17170	0.00846
18	0.01126	0.04911	0.06752	0.06331	0.01518	0.09592	0.04060	0.02580	0.02581	0.01674	0.10779	0.12782	0.15588	0.03755	0.00851	0.00213	0.08609	0.05268	0.00425	0.00607
19	0.00755	0.00564	0.00705	0.00755	0.00864	0.00514	0.00549	0.00931	0.01338	0.01777	0.25526	0.34583	0.20755	0.01536	0.00717	0.00213	0.00323	0.06522	0.00570	0.00504
20	0.00914	0.00614	0.00805	0.00795	0.00867	0.00631	0.00562	0.01016	0.05034	0.01494	0.16142	0.11405	0.08846	0.10900	0.07123	0.27662	0.03481	0.00855	0.00418	0.00436
21	0.01312	0.01312	0.02025	0.11997	0.17312	0.06419	0.18427	0.03207	0.10285	0.01819	0.01740	0.10308	0.05023	0.00791	0.00686	0.00196	0.04049	0.01972	0.00372	0.00748
22	0.01405	0.01037	0.01244	0.06882	0.07869	0.06509	0.00911	0.03852	0.11644	0.14618	0.09374	0.23569	0.04263	0.01071	0.00674	0.00199	0.02719	0.00923	0.00521	0.00717

[dist]
# distance from previous block
# <min> <max>
2	42

[block]
# block no. 4 follows, 40 sequences, length 8
# corresponding to MSA columns:
# 257-264
name=unknown_E
#
# <colnr> <probs for GDERKNQSTAVLIFYWHMCP>
#	G	D	E	R	K	N	Q	S	T	A	V	L	I	F	Y	W	H	M	C	P
0	0.07336	0.14027	0.14291	0.07993	0.05334	0.01503	0.02537	0.11106	0.04565	0.05694	0.01212	0.04411	0.00994	0.00673	0.00672	0.00176	0.09318	0.00499	0.00361	0.07299
1	0.00877	0.00877	0.09224	0.00930	0.01109	0.00672	0.00772	0.05385	0.01317	0.01786	0.12575	0.48376	0.06847	0.01500	0.00705	0.00220	0.00415	0.05329	0.00523	0.00561
2	0.01213	0.00724	0.01031	0.02632	0.01204	0.00679	0.04661	0.01420	0.02778	0.18106	0.04650	0.35521	0.09393	0.04495	0.04512	0.00263	0.00493	0.05057	0.00545	0.00621
3	0.06362	0.01318	0.04134	0.16791	0.36086	0.01311	0.09150	0.01852	0.05277	0.06374	0.01211	0.01499	0.00942	0.00552	0.00569	0.00177	0.00690	0.00524	0.00331	0.04849
4	0.10341	0.01089	0.01446	0.01287	0.01342	0.01448	0.01049	0.01319	0.00936	0.01541	0.01172	0.11668	0.01227	0.01408	0.09180	0.00312	0.51673	0.00651	0.00310	0.00602
5	0.00853	0.00625	0.00891	0.01114	0.09232	0.00598	0.00701	0.00949	0.01124	0.01493	0.02872	0.46364	0.09267	0.01656	0.00947	0.12250	0.00415	0.07682	0.00470	0.00498
6	0.01473	0.08188	0.02181	0.08021	0.43204	0.05538	0.03391	0.05687	0.01366	0.01874	0.01054	0.01351	0.00876	0.00544	0.00594	0.00163	0.03686	0.00477	0.00304	0.10027
7	0.01233	0.01050	0.01668	0.21466	0.13544	0.01099	0.08706	0.05477	0.04921	0.04688	0.01794	0.16250	0.01721	0.00905	0.00635	0.00198	0.00625	0.07957	0.00403	0.05661

[dist]
# distance from previous block
# <min> <max>
4	14

[block]
# block no. 5 follows, 40 sequences, length 10
# corresponding to MSA columns:
# 282-291
name=unknown_F
#
# <colnr> <probs for GDERKNQSTAVLIFYWHMCP>
#	G	D	E	R	K	N	Q	S	T	A	V	L	I	F	Y	W	H	M	C	P
0	0.01582	0.01393	0.07581	0.01361	0.06339	0.01312	0.01112	0.31139	0.08665	0.02619	0.01770	0.04742	0.01561	0.00857	0.00608	0.00186	0.00588	0.14384	0.00495	0.11708
1	0.01440	0.01352	0.02100	0.12986	0.53047	0.03994	0.01605	0.07597	0.01433	0.01974	0.03627	0.03901	0.01141	0.00606	0.00584	0.00177	0.00686	0.00566	0.00328	0.00856
2	0.00923	0.00690	0.00903	0.00832	0.00949	0.00716	0.00631	0.01145	0.01455	0.04033	0.52937	0.05617	0.07626	0.07569	0.01031	0.00225	0.10634	0.00973	0.00561	0.00552
3	0.01579	0.03315	0.04291	0.03626	0.22721	0.02835	0.02736	0.06705	0.18697	0.13917	0.01869	0.11935	0.01576	0.00801	0.00599	0.00188	0.00575	0.00704	0.00477	0.00856
4	0.00836	0.00680	0.00892	0.01087	0.10751	0.00629	0.00684	0.01013	0.01284	0.01665	0.12094	0.21259	0.31609	0.06516	0.00842	0.00230	0.00390	0.06489	0.00505	0.00544
5	0.01299	0.08130	0.32300	0.01553	0.10120	0.01293	0.02725	0.05016	0.10060	0.05403	0.05042	0.02095	0.11024	0.00734	0.00574	0.00181	0.00651	0.00604	0.00384	0.00813
6	0.01597	0.45557	0.02423	0.07383	0.01768	0.04235	0.04075	0.02012	0.10981	0.08727	0.01205	0.01292	0.00963	0.00563	0.00460	0.00147	0.00619	0.00419	0.00348	0.05227
7	0.01277	0.00991	0.03715	0.05892	0.16143	0.00863	0.00968	0.01559	0.01396	0.11535	0.20105	0.06904	0.05437	0.00817	0.00584	0.00163	0.00471	0.00716	0.02147	0.18318
8	0.01441	0.09600	0.14494	0.01314	0.03988	0.01465	0.01165	0.14991	0.26452	0.02255	0.01806	0.11848	0.01553	0.00840	0.00638	0.00190	0.03985	0.00679	0.00464	0.00833
9	0.06733	0.34576	0.09139	0.01097	0.01584	0.09116	0.01035	0.06862	0.01375	0.08845	0.01120	0.03372	0.00925	0.00579	0.00457	0.00143	0.00632	0.00412	0.00349	0.11650

[dist]
# distance from previous block
# <min> <max>
0	3

[block]
# block no. 6 follows, 40 sequences, length 9
# corresponding to MSA columns:
# 295-303
name=unknown_G
#
# <colnr> <probs for GDERKNQSTAVLIFYWHMCP>
#	G	D	E	R	K	N	Q	S	T	A	V	L	I	F	Y	W	H	M	C	P
0	0.03729	0.11562	0.12419	0.06538	0.05448	0.01281	0.06835	0.01821	0.08147	0.10997	0.10072	0.07999	0.01755	0.00877	0.02436	0.00204	0.06048	0.00661	0.00418	0.00753
1	0.01178	0.00748	0.00982	0.00920	0.01038	0.00802	0.00687	0.01363	0.03688	0.13073	0.06528	0.11056	0.02216	0.25453	0.13395	0.00435	0.09599	0.05823	0.00450	0.00567
2	0.01586	0.11630	0.01688	0.13065	0.04897	0.04852	0.02586	0.13511	0.10425	0.11567	0.12801	0.02005	0.01767	0.00891	0.04030	0.00209	0.00632	0.00600	0.00472	0.00786
3	0.01220	0.00796	0.00971	0.00873	0.01072	0.00789	0.00659	0.11106	0.05673	0.10213	0.37411	0.14131	0.03734	0.07661	0.00853	0.00221	0.00390	0.00977	0.00600	0.00648
4	0.01152	0.00991	0.01402	0.01232	0.01366	0.01196	0.05981	0.04704	0.08741	0.01685	0.03444	0.08139	0.01546	0.03365	0.17077	0.04211	0.26095	0.02731	0.04322	0.00621
5	0.01770	0.00897	0.01133	0.00934	0.01262	0.00826	0.00741	0.07667	0.04472	0.34449	0.17201	0.09607	0.02427	0.00893	0.00596	0.00175	0.00425	0.00756	0.06119	0.07651
6	0.01186	0.00875	0.00975	0.00896	0.01140	0.00892	0.00686	0.07452	0.21914	0.07823	0.11580	0.14660	0.25220	0.01183	0.00652	0.00198	0.00388	0.01006	0.00583	0.00692
7	0.07441	0.00693	0.00830	0.00840	0.00985	0.00700	0.00615	0.01195	0.07263	0.01719	0.08618	0.31364	0.05797	0.08347	0.11594	0.00339	0.00555	0.04348	0.00477	0.06279
8	0.31596	0.01010	0.01031	0.00843	0.01225	0.00974	0.00672	0.04547	0.01248	0.07411	0.07159	0.07908	0.01437	0.00678	0.00468	0.00151	0.00431	0.00523	0.00426	0.30263

[dist]
# distance from previous block
# <min> <max>
2	49

[block]
# block no. 7 follows, 40 sequences, length 11
# corresponding to MSA columns:
# 353-363
name=unknown_H
#
# <colnr> <probs for GDERKNQSTAVLIFYWHMCP>
#	G	D	E	R	K	N	Q	S	T	A	V	L	I	F	Y	W	H	M	C	P
0	0.12103	0.04118	0.12598	0.04265	0.18259	0.04953	0.01283	0.06729	0.01334	0.06367	0.01084	0.01286	0.00850	0.00578	0.00612	0.00164	0.06634	0.00437	0.00343	0.16005
1	0.29669	0.13121	0.06465	0.04967	0.01499	0.08543	0.00918	0.04290	0.02963	0.05251	0.13708	0.01677	0.01576	0.00683	0.00516	0.00172	0.02401	0.00495	0.00398	0.00688
2	0.15764	0.00914	0.03613	0.00946	0.02810	0.00875	0.00748	0.03261	0.06045	0.13205	0.20606	0.06884	0.07394	0.03011	0.09044	0.00279	0.00547	0.02867	0.00520	0.00666
3	0.05676	0.00962	0.00996	0.00928	0.01151	0.08260	0.00708	0.01696	0.10008	0.14046	0.22776	0.17473	0.08067	0.01128	0.00641	0.00195	0.00440	0.03618	0.00569	0.00661
4	0.08902	0.00783	0.00977	0.03581	0.01215	0.00767	0.00742	0.04388	0.01493	0.16372	0.24589	0.09552	0.08284	0.01147	0.00656	0.00204	0.00422	0.14698	0.00579	0.00649
5	0.08819	0.05281	0.01012	0.00829	0.00991	0.00882	0.00613	0.04679	0.01094	0.09312	0.01790	0.02742	0.04679	0.33538	0.19062	0.00507	0.02548	0.00681	0.00393	0.00547
6	0.01478	0.08801	0.10542	0.04684	0.01658	0.01131	0.03418	0.04021	0.05391	0.16923	0.06576	0.06166	0.04359	0.00824	0.00653	0.00179	0.05010	0.05797	0.00459	0.11931
7	0.17506	0.64608	0.02621	0.00950	0.01421	0.02107	0.00924	0.01735	0.01144	0.01609	0.00809	0.00935	0.00724	0.00506	0.00371	0.00135	0.00588	0.00312	0.00270	0.00724
8	0.01316	0.08642	0.01411	0.00914	0.01402	0.01010	0.00751	0.08594	0.01379	0.02043	0.05316	0.01378	0.01127	0.00507	0.00455	0.00104	0.00461	0.00399	0.00376	0.62417
9	0.17138	0.01051	0.01571	0.63130	0.03446	0.01294	0.01424	0.01529	0.01129	0.01704	0.00990	0.01433	0.00747	0.00573	0.00538	0.00191	0.00712	0.00478	0.00278	0.00643
10	0.29986	0.04357	0.01142	0.00935	0.01184	0.03091	0.00757	0.09515	0.01376	0.02355	0.19508	0.04363	0.02050	0.00828	0.00687	0.00186	0.10649	0.00603	0.05782	0.00646

[dist]
# distance from previous block
# <min> <max>
0	5

[block]
# block no. 8 follows, 40 sequences, length 13
# corresponding to MSA columns:
# 369-381
name=unknown_I
#
# <colnr> <probs for GDERKNQSTAVLIFYWHMCP>
#	G	D	E	R	K	N	Q	S	T	A	V	L	I	F	Y	W	H	M	C	P
0	0.01513	0.20136	0.12594	0.01335	0.08064	0.04448	0.02925	0.01796	0.01276	0.12218	0.03037	0.01539	0.01098	0.06147	0.00711	0.00177	0.03074	0.00465	0.00358	0.17089
1	0.09821	0.05750	0.05342	0.01065	0.01412	0.01247	0.00909	0.22199	0.01678	0.09079	0.12533	0.05413	0.01771	0.00931	0.02488	0.03593	0.05529	0.00610	0.02060	0.06571
2	0.00789	0.00553	0.00669	0.00730	0.00769	0.00532	0.00475	0.00859	0.01023	0.01344	0.02774	0.32278	0.08893	0.38130	0.01779	0.00389	0.00455	0.06685	0.00452	0.00423
3	0.83671	0.01125	0.00855	0.00765	0.01125	0.01305	0.00630	0.01709	0.00990	0.02609	0.00810	0.00945	0.00630	0.00540	0.00360	0.00180	0.00450	0.00315	0.00360	0.00630
4	0.01042	0.00724	0.00903	0.00870	0.01046	0.00715	0.00682	0.07852	0.03393	0.05164	0.30543	0.12730	0.10209	0.01454	0.05207	0.00247	0.00450	0.12983	0.03188	0.00598
5	0.01138	0.01052	0.01706	0.58105	0.11758	0.01252	0.01500	0.01597	0.06223	0.01667	0.07252	0.01809	0.01246	0.00638	0.00590	0.00191	0.00703	0.00570	0.00316	0.00688
6	0.07471	0.00839	0.01095	0.07211	0.01408	0.00791	0.00767	0.01907	0.01523	0.34897	0.23202	0.05225	0.09362	0.00931	0.00611	0.00185	0.00429	0.00784	0.00612	0.00750
7	0.00709	0.00566	0.00636	0.00669	0.00812	0.00493	0.00482	0.00859	0.01304	0.01637	0.13443	0.26329	0.46939	0.01538	0.00703	0.00206	0.00304	0.01327	0.00552	0.00493
8	0.03694	0.00760	0.00957	0.04801	0.01195	0.00762	0.02435	0.07623	0.03734	0.04850	0.19798	0.23005	0.14770	0.01363	0.03797	0.00228	0.00441	0.01059	0.04129	0.00599
9	0.01287	0.04533	0.01460	0.03685	0.01554	0.01114	0.04878	0.07945	0.11797	0.02043	0.05983	0.08148	0.01523	0.00721	0.00630	0.00151	0.06000	0.00593	0.00419	0.35535
10	0.07773	0.07677	0.06894	0.01206	0.06754	0.01183	0.00959	0.11353	0.07047	0.18872	0.09017	0.02052	0.03355	0.06275	0.00716	0.00196	0.00532	0.00585	0.00495	0.07056
11	0.05099	0.21280	0.13223	0.01279	0.04537	0.04690	0.01161	0.19605	0.06093	0.04942	0.03505	0.01363	0.01054	0.00602	0.00501	0.00155	0.00630	0.00449	0.00398	0.09432
12	0.01544	0.08342	0.16701	0.03066	0.01750	0.01333	0.03481	0.06031	0.16896	0.14007	0.01629	0.04131	0.01248	0.00717	0.00670	0.00182	0.07567	0.00558	0.05947	0.04203

[dist]
# distance from previous block
# <min> <max>
4	53

[block]
# block no. 9 follows, 40 sequences, length 21
# corresponding to MSA columns:
# 442-462
name=unknown_J
#
# <colnr> <probs for GDERKNQSTAVLIFYWHMCP>
#	G	D	E	R	K	N	Q	S	T	A	V	L	I	F	Y	W	H	M	C	P
0	0.05479	0.10918	0.19514	0.01227	0.05283	0.01148	0.03063	0.01704	0.05038	0.10480	0.07968	0.05049	0.01667	0.14831	0.00977	0.00243	0.00602	0.00623	0.00397	0.03787
1	0.03906	0.09372	0.10952	0.02524	0.05077	0.02535	0.07820	0.01724	0.05313	0.07143	0.11349	0.02287	0.01788	0.00731	0.00564	0.00166	0.00580	0.07781	0.00412	0.17977
2	0.05091	0.05132	0.21286	0.01263	0.03940	0.01129	0.01216	0.08396	0.02744	0.07902	0.11007	0.06429	0.04241	0.00952	0.00673	0.00200	0.03843	0.13371	0.00451	0.00734
3	0.04182	0.12660	0.10262	0.01224	0.01680	0.12589	0.01103	0.20243	0.03100	0.16408	0.02767	0.01444	0.01073	0.00646	0.00557	0.00164	0.02464	0.00473	0.03046	0.03914
4	0.05559	0.05974	0.15535	0.05199	0.04546	0.04944	0.01126	0.07749	0.06141	0.05151	0.04991	0.09741	0.03045	0.00773	0.00554	0.00169	0.00587	0.02610	0.00407	0.15198
5	0.24981	0.01379	0.08348	0.01151	0.01562	0.01324	0.04311	0.17493	0.09537	0.09773	0.04838	0.05212	0.01318	0.00721	0.00576	0.00185	0.03238	0.00556	0.00472	0.03025
6	0.08906	0.01060	0.01170	0.03869	0.01387	0.05322	0.00795	0.03733	0.17137	0.26320	0.03961	0.07042	0.01685	0.09782	0.00930	0.04416	0.00521	0.00667	0.00538	0.00758
7	0.00975	0.00714	0.00950	0.00933	0.01058	0.03626	0.00715	0.01172	0.01056	0.05689	0.06064	0.07876	0.01852	0.05662	0.57980	0.00757	0.01288	0.00716	0.00371	0.00546
8	0.01405	0.16615	0.12126	0.08851	0.11765	0.06188	0.03298	0.09401	0.01389	0.01841	0.04450	0.07501	0.01282	0.01895	0.00713	0.00185	0.08165	0.00578	0.01605	0.00749
9	0.01400	0.36623	0.02007	0.04878	0.01450	0.04961	0.03361	0.01587	0.01255	0.08149	0.09658	0.08940	0.01797	0.10658	0.00814	0.00208	0.00578	0.00633	0.00378	0.00664
10	0.00955	0.00824	0.01202	0.20684	0.01794	0.00989	0.00965	0.01157	0.01090	0.01493	0.07780	0.17472	0.05921	0.07888	0.11655	0.00345	0.16002	0.00860	0.00373	0.00553
11	0.01133	0.01178	0.06200	0.63042	0.07348	0.01304	0.03551	0.01525	0.01172	0.01552	0.01053	0.01531	0.00801	0.00593	0.00627	0.00193	0.03672	0.00517	0.02335	0.00673
12	0.00958	0.00794	0.01069	0.17451	0.05558	0.00829	0.00860	0.06131	0.01333	0.01717	0.07361	0.11189	0.27498	0.05445	0.06348	0.00272	0.00560	0.03597	0.00449	0.00579
13	0.01153	0.00640	0.00847	0.00829	0.00983	0.00587	0.00605	0.01318	0.01330	0.17773	0.17723	0.36758	0.06872	0.05209	0.04319	0.00259	0.00423	0.01195	0.00580	0.00597
14	0.01259	0.00804	0.01042	0.00984	0.01153	0.03567	0.03486	0.03087	0.01290	0.16149	0.04028	0.40509	0.02678	0.01486	0.04688	0.00249	0.04436	0.02776	0.05708	0.00622
15	0.83671	0.01125	0.00855	0.00765	0.01125	0.01305	0.00630	0.01709	0.00990	0.02609	0.00810	0.00945	0.00630	0.00540	0.00360	0.00180	0.00450	0.00315	0.00360	0.00630
16	0.01256	0.00687	0.00887	0.00797	0.00998	0.00624	0.00602	0.01463	0.01472	0.20824	0.34126	0.08735	0.11776	0.08829	0.04065	0.00255	0.00418	0.00955	0.00601	0.00629
17	0.09028	0.00863	0.01034	0.00858	0.01192	0.00787	0.00682	0.01986	0.03561	0.32975	0.04924	0.08833	0.05093	0.00811	0.00538	0.00167	0.00413	0.00666	0.14580	0.11010
18	0.06247	0.08758	0.52688	0.01500	0.02224	0.04322	0.01779	0.12264	0.01443	0.02097	0.01057	0.01205	0.00768	0.00570	0.00530	0.00177	0.00792	0.00425	0.00303	0.00849
19	0.70437	0.01159	0.00970	0.00835	0.01211	0.01314	0.00688	0.08113	0.01193	0.08262	0.00973	0.01062	0.00722	0.00567	0.00396	0.00179	0.00470	0.00353	0.00406	0.00688
20	0.01497	0.02690	0.06082	0.05042	0.12827	0.02451	0.04168	0.11341	0.04699	0.12717	0.01851	0.18021	0.01702	0.00887	0.00605	0.00184	0.00571	0.03000	0.00465	0.09201

[dist]
# distance from previous block
# <min> <max>
0	1

[block]
# block no. 10 follows, 40 sequences, length 34
# corresponding to MSA columns:
# 464-497
name=unknown_K
#
# <colnr> <probs for GDERKNQSTAVLIFYWHMCP>
#	G	D	E	R	K	N	Q	S	T	A	V	L	I	F	Y	W	H	M	C	P
0	0.01212	0.12010	0.67946	0.01580	0.02397	0.01462	0.02014	0.01830	0.01222	0.01786	0.01016	0.01193	0.00738	0.00546	0.00531	0.00177	0.00832	0.00416	0.00246	0.00846
1	0.00967	0.00660	0.00861	0.00872	0.00982	0.00664	0.00640	0.01177	0.04337	0.07674	0.16834	0.40579	0.08772	0.01484	0.00835	0.02242	0.06224	0.03093	0.00547	0.00557
2	0.01283	0.03625	0.01632	0.09099	0.09949	0.01153	0.10149	0.07208	0.11735	0.04627	0.15463	0.06916	0.02167	0.06660	0.00828	0.00216	0.02862	0.00747	0.02961	0.00720
3	0.25737	0.35830	0.11004	0.01059	0.01538	0.07560	0.01033	0.03551	0.03033	0.03771	0.00934	0.01048	0.00760	0.00542	0.00418	0.00154	0.00626	0.00352	0.00313	0.00736
4	0.32592	0.01187	0.03377	0.16146	0.16680	0.01260	0.01153	0.05462	0.01264	0.07691	0.01237	0.01715	0.01014	0.00651	0.00514	0.00188	0.00590	0.06169	0.00375	0.00735
5	0.00934	0.00760	0.00817	0.00775	0.00988	0.00740	0.00587	0.06541	0.12892	0.01938	0.12960	0.11953	0.43317	0.01311	0.00670	0.00197	0.00347	0.01109	0.00563	0.00599
6	0.01370	0.00959	0.01163	0.00869	0.01317	0.00753	0.00694	0.01625	0.01346	0.13764	0.12637	0.01808	0.01660	0.00592	0.00494	0.00116	0.00417	0.00491	0.00449	0.57474
7	0.00911	0.00631	0.00813	0.00865	0.00961	0.00622	0.00612	0.07051	0.01291	0.03999	0.08167	0.58699	0.03461	0.01851	0.06846	0.00281	0.00461	0.01400	0.00538	0.00541
8	0.01166	0.03008	0.76550	0.01657	0.02517	0.01351	0.02149	0.01842	0.01228	0.01842	0.01044	0.01228	0.00737	0.00552	0.00552	0.00184	0.00859	0.00430	0.00246	0.00859
9	0.01497	0.00938	0.01168	0.00993	0.01250	0.02209	0.04878	0.12859	0.05325	0.14433	0.01891	0.08037	0.01567	0.04858	0.09579	0.00278	0.02012	0.00667	0.24855	0.00706
10	0.02094	0.02576	0.01570	0.01424	0.01716	0.69423	0.01071	0.04364	0.01649	0.01543	0.00986	0.01140	0.00810	0.00608	0.00517	0.00149	0.00980	0.00391	0.06314	0.00674
11	0.06890	0.00756	0.01195	0.01085	0.01249	0.00728	0.13876	0.01093	0.01172	0.01674	0.08348	0.47200	0.03062	0.07791	0.00881	0.00247	0.00476	0.01265	0.00475	0.00537
12	0.01400	0.49180	0.32421	0.01260	0.01902	0.01921	0.01456	0.01781	0.01200	0.01557	0.00902	0.01051	0.00742	0.00519	0.00445	0.00148	0.00717	0.00358	0.00247	0.00791
13	0.00832	0.00657	0.00958	0.01006	0.03446	0.00636	0.05782	0.00967	0.01119	0.01486	0.02883	0.45750	0.08363	0.14947	0.01142	0.00287	0.02388	0.06377	0.00475	0.00498
14	0.00806	0.00613	0.00858	0.00931	0.01017	0.00594	0.03671	0.01033	0.05430	0.01585	0.03057	0.62906	0.03543	0.01681	0.00738	0.00236	0.00395	0.09856	0.00532	0.00519
15	0.05417	0.01903	0.07330	0.05416	0.01987	0.27202	0.11597	0.01808	0.01267	0.01570	0.00992	0.04047	0.00879	0.00752	0.00985	0.00198	0.25164	0.00515	0.00290	0.00681
16	0.56117	0.01107	0.01033	0.00872	0.01251	0.01208	0.00718	0.06580	0.01261	0.20335	0.01230	0.01269	0.00876	0.00726	0.03102	0.00206	0.00511	0.00404	0.00459	0.00735
17	0.00772	0.00592	0.00706	0.00678	0.00837	0.00527	0.00508	0.00998	0.01525	0.02045	0.49295	0.04817	0.32000	0.01296	0.00686	0.00188	0.00282	0.01118	0.00602	0.00527
18	0.02135	0.04939	0.01770	0.01334	0.01751	0.08597	0.01100	0.54999	0.02374	0.07493	0.01334	0.01371	0.00967	0.00705	0.00665	0.00176	0.06336	0.00504	0.00527	0.00925
19	0.00842	0.00575	0.00696	0.00713	0.00738	0.00586	0.00452	0.00893	0.00907	0.01220	0.01967	0.08261	0.02221	0.60044	0.11977	0.00570	0.00673	0.05901	0.00371	0.00393
20	0.01338	0.16511	0.01986	0.23762	0.04892	0.01593	0.05095	0.04099	0.17285	0.01789	0.03957	0.01619	0.01173	0.00690	0.00740	0.00188	0.11646	0.00535	0.00355	0.00748
21	0.01439	0.01382	0.02360	0.03569	0.75936	0.01382	0.01785	0.01785	0.01324	0.01900	0.01094	0.01439	0.00921	0.00518	0.00576	0.00173	0.00691	0.00518	0.00288	0.00921
22	0.83671	0.01125	0.00855	0.00765	0.01125	0.01305	0.00630	0.01709	0.00990	0.02609	0.00810	0.00945	0.00630	0.00540	0.00360	0.00180	0.00450	0.00315	0.00360	0.00630
23	0.01084	0.00542	0.00542	0.00542	0.00678	0.00542	0.00407	0.01355	0.01220	0.02168	0.01897	0.02168	0.01491	0.00678	0.00407	0.00136	0.00271	0.00542	0.82791	0.00542
24	0.00831	0.00623	0.00935	0.00935	0.01038	0.00727	0.00727	0.01038	0.00935	0.01350	0.01558	0.02285	0.01454	0.04361	0.77259	0.00935	0.01558	0.00623	0.00312	0.00519
25	0.00788	0.00579	0.00741	0.00769	0.00874	0.00543	0.00551	0.01029	0.03793	0.01943	0.39407	0.34841	0.09059	0.01451	0.00706	0.00206	0.00307	0.01295	0.00591	0.00526
26	0.83671	0.01125	0.00855	0.00765	0.01125	0.01305	0.00630	0.01709	0.00990	0.02609	0.00810	0.00945	0.00630	0.00540	0.00360	0.00180	0.00450	0.00315	0.00360	0.00630
27	0.01373	0.01569	0.03431	0.02451	0.03039	0.01471	0.73824	0.01863	0.01373	0.01863	0.01176	0.01569	0.00882	0.00490	0.00686	0.00196	0.00980	0.00686	0.00294	0.00784
28	0.01166	0.03008	0.76550	0.01657	0.02517	0.01351	0.02149	0.01842	0.01228	0.01842	0.01044	0.01228	0.00737	0.00552	0.00552	0.00184	0.00859	0.00430	0.00246	0.00859
29	0.00778	0.00570	0.00723	0.00827	0.00882	0.00557	0.00557	0.00995	0.07000	0.01534	0.03038	0.67529	0.03554	0.07399	0.00892	0.00257	0.00364	0.01515	0.00530	0.00499
30	0.01237	0.01047	0.01125	0.01026	0.01303	0.01162	0.00792	0.02442	0.52287	0.02303	0.15879	0.03002	0.12032	0.00949	0.00621	0.00195	0.00406	0.00802	0.00594	0.00798
31	0.02557	0.01073	0.01401	0.01074	0.01526	0.00978	0.00887	0.12071	0.01803	0.66906	0.02178	0.01904	0.01381	0.00717	0.00584	0.00179	0.00514	0.00577	0.00702	0.00990
32	0.01098	0.01034	0.01744	0.78165	0.04005	0.01292	0.01615	0.01486	0.01163	0.01486	0.01034	0.01550	0.00775	0.00581	0.00581	0.00194	0.00775	0.00517	0.00258	0.00646
33	0.08151	0.01232	0.01304	0.01126	0.01467	0.01386	0.00890	0.16241	0.44803	0.05339	0.09860	0.02149	0.01917	0.00792	0.00581	0.00189	0.00475	0.00644	0.00581	0.00873

[dist]
# distance from previous block
# <min> <max>
0	11

[block]
# block no. 11 follows, 40 sequences, length 23
# corresponding to MSA columns:
# 509-531
name=unknown_L
#
# <colnr> <probs for GDERKNQSTAVLIFYWHMCP>
#	G	D	E	R	K	N	Q	S	T	A	V	L	I	F	Y	W	H	M	C	P
0	0.01253	0.01293	0.02315	0.01871	0.05078	0.01474	0.29910	0.01534	0.01101	0.01585	0.01074	0.01627	0.00955	0.05118	0.08979	0.00312	0.32951	0.00608	0.00282	0.00680
1	0.00953	0.00760	0.00996	0.00931	0.00953	0.00914	0.00672	0.01031	0.00877	0.01247	0.01496	0.02818	0.01621	0.42802	0.18956	0.00565	0.20920	0.00710	0.00318	0.00462
2	0.01362	0.01269	0.01993	0.05759	0.52907	0.01308	0.01505	0.01924	0.14413	0.01968	0.03724	0.03898	0.04069	0.00659	0.00591	0.00181	0.00617	0.00615	0.00367	0.00871
3	0.83671	0.01125	0.00855	0.00765	0.01125	0.01305	0.00630	0.01709	0.00990	0.02609	0.00810	0.00945	0.00630	0.00540	0.00360	0.00180	0.00450	0.00315	0.00360	0.00630
4	0.01559	0.01537	0.01352	0.01190	0.01450	0.27710	0.05373	0.07186	0.04333	0.06881	0.16156	0.11864	0.06024	0.03912	0.00704	0.00193	0.00660	0.00781	0.00470	0.00664
5	0.00739	0.00579	0.00669	0.00673	0.00824	0.00509	0.00495	0.00925	0.01408	0.01829	0.30343	0.16134	0.39952	0.01424	0.00695	0.00198	0.00294	0.01228	0.00576	0.00509
6	0.01098	0.01034	0.01744	0.78165	0.04005	0.01292	0.01615	0.01486	0.01163	0.01486	0.01034	0.01550	0.00775	0.00581	0.00581	0.00194	0.00775	0.00517	0.00258	0.00646
7	0.01439	0.01382	0.02360	0.03569	0.75936	0.01382	0.01785	0.01785	0.01324	0.01900	0.01094	0.01439	0.00921	0.00518	0.00576	0.00173	0.00691	0.00518	0.00288	0.00921
8	0.01098	0.01034	0.01744	0.78165	0.04005	0.01292	0.01615	0.01486	0.01163	0.01486	0.01034	0.01550	0.00775	0.00581	0.00581	0.00194	0.00775	0.00517	0.00258	0.00646
9	0.00938	0.00626	0.00741	0.00744	0.00888	0.00583	0.00535	0.01174	0.05269	0.07308	0.15020	0.26544	0.22789	0.08002	0.00866	0.00232	0.00349	0.01173	0.05674	0.00546
10	0.00834	0.00611	0.00784	0.00810	0.00928	0.00584	0.00611	0.01101	0.04205	0.01943	0.36731	0.20908	0.08719	0.05385	0.00830	0.00230	0.00356	0.13320	0.00578	0.00531
11	0.01206	0.01034	0.01206	0.00861	0.01378	0.00775	0.00689	0.01464	0.01206	0.01895	0.01034	0.01206	0.00861	0.00431	0.00431	0.00086	0.00431	0.00345	0.00345	0.83118
12	0.01076	0.00624	0.00784	0.00751	0.00901	0.00573	0.00547	0.01268	0.01382	0.12631	0.28886	0.19621	0.09040	0.09605	0.00897	0.00230	0.00352	0.01049	0.09212	0.00570
13	0.01229	0.00689	0.00905	0.00884	0.01054	0.00648	0.00667	0.01472	0.04611	0.18511	0.15948	0.29792	0.03317	0.07140	0.00862	0.00241	0.00409	0.10413	0.00586	0.00622
14	0.00753	0.00556	0.00677	0.00724	0.00815	0.00511	0.00503	0.00890	0.01238	0.01630	0.18061	0.33860	0.20969	0.12776	0.01038	0.00264	0.00353	0.03373	0.00533	0.00477
15	0.07825	0.00752	0.00819	0.00792	0.00961	0.03267	0.00584	0.01246	0.04067	0.04909	0.21832	0.17343	0.12393	0.09330	0.03788	0.00258	0.00436	0.02813	0.02913	0.03672
16	0.08649	0.10797	0.09910	0.02905	0.01653	0.04022	0.03761	0.04079	0.01260	0.01921	0.01001	0.01175	0.00812	0.00483	0.00453	0.00122	0.00563	0.00372	0.00326	0.45736
17	0.11036	0.07610	0.06074	0.01078	0.01456	0.01294	0.00931	0.13674	0.14584	0.14332	0.08342	0.05203	0.04442	0.00800	0.00614	0.00182	0.03959	0.00625	0.00513	0.03251
18	0.13646	0.17416	0.12264	0.01199	0.01644	0.09807	0.01118	0.11013	0.04712	0.12604	0.01224	0.01312	0.00925	0.00740	0.02859	0.00193	0.05694	0.00438	0.00396	0.00796
19	0.03918	0.05162	0.06274	0.02598	0.01655	0.01162	0.12678	0.04652	0.08762	0.08413	0.08497	0.08490	0.03880	0.01000	0.00860	0.05361	0.08187	0.07313	0.00442	0.00696
20	0.10018	0.04346	0.28663	0.01472	0.02060	0.01293	0.14201	0.03364	0.04056	0.03771	0.04163	0.01432	0.01029	0.00581	0.00598	0.00172	0.04078	0.00489	0.00330	0.13884
21	0.09664	0.18744	0.04847	0.04093	0.01397	0.01232	0.00857	0.04363	0.01374	0.13205	0.14565	0.02399	0.10861	0.02718	0.00650	0.00179	0.03766	0.00636	0.00454	0.03995
22	0.07369	0.06411	0.03696	0.04341	0.01409	0.01002	0.00797	0.03422	0.09599	0.07229	0.12943	0.07428	0.01946	0.03730	0.00622	0.00168	0.00462	0.00627	0.00452	0.26349

[dist]
# distance from previous block
# <min> <max>
21	129

[block]
# block no. 12 follows, 40 sequences, length 7
# corresponding to MSA columns:
# 672-678
name=unknown_M
#
# <colnr> <probs for GDERKNQSTAVLIFYWHMCP>
#	G	D	E	R	K	N	Q	S	T	A	V	L	I	F	Y	W	H	M	C	P
0	0.01104	0.00775	0.00928	0.00822	0.01073	0.00713	0.00629	0.01501	0.10215	0.08300	0.25924	0.10693	0.11782	0.01120	0.02668	0.00191	0.00387	0.00880	0.04646	0.15650
1	0.01322	0.06080	0.29296	0.01537	0.11761	0.01178	0.01393	0.04282	0.06303	0.09545	0.05510	0.05674	0.12050	0.00802	0.00587	0.00183	0.00620	0.00668	0.00409	0.00799
2	0.04825	0.01216	0.02932	0.03449	0.08658	0.10106	0.07221	0.01671	0.08944	0.04428	0.17075	0.04599	0.08966	0.00918	0.00728	0.04886	0.02404	0.00717	0.00441	0.05817
3	0.66617	0.08060	0.01227	0.01121	0.10125	0.01401	0.00800	0.01721	0.01047	0.02415	0.00844	0.01003	0.00675	0.00534	0.00387	0.00174	0.00494	0.00339	0.00342	0.00675
4	0.12786	0.12761	0.04984	0.01334	0.05848	0.04084	0.05633	0.15455	0.10417	0.12717	0.01516	0.01741	0.01175	0.00679	0.00535	0.00177	0.00604	0.04465	0.02259	0.00829
5	0.01481	0.17253	0.06057	0.02336	0.37825	0.03696	0.01426	0.09045	0.01429	0.01935	0.04339	0.04935	0.01200	0.00645	0.00601	0.00170	0.03918	0.00542	0.00333	0.00835
6	0.00918	0.04303	0.09889	0.00817	0.01086	0.00700	0.00726	0.01149	0.01351	0.05958	0.16484	0.15297	0.36609	0.01280	0.00660	0.00194	0.00391	0.01088	0.00520	0.00582

[dist]
# distance from previous block
# <min> <max>
2	6

[block]
# block no. 13 follows, 40 sequences, length 13
# corresponding to MSA columns:
# 685-697
name=unknown_N
#
# <colnr> <probs for GDERKNQSTAVLIFYWHMCP>
#	G	D	E	R	K	N	Q	S	T	A	V	L	I	F	Y	W	H	M	C	P
0	0.04826	0.13496	0.18449	0.01456	0.04445	0.04441	0.05923	0.20115	0.10566	0.06904	0.01324	0.01399	0.00983	0.00627	0.00573	0.00175	0.02532	0.00488	0.00413	0.00867
1	0.27526	0.16527	0.06512	0.01205	0.05841	0.04459	0.00996	0.09154	0.14856	0.05939	0.01261	0.01314	0.00966	0.00604	0.00469	0.00171	0.00569	0.00432	0.00407	0.00792
2	0.06646	0.01283	0.02014	0.10713	0.48988	0.01319	0.01522	0.04331	0.04450	0.11215	0.01282	0.01516	0.00990	0.00568	0.00565	0.00177	0.00649	0.00520	0.00365	0.00885
3	0.01879	0.01267	0.01648	0.17052	0.10086	0.01369	0.01192	0.23219	0.13285	0.20450	0.01660	0.01694	0.01170	0.00675	0.00583	0.00183	0.00610	0.00557	0.00520	0.00902
4	0.01105	0.00679	0.00852	0.00765	0.00981	0.00596	0.00585	0.01334	0.01526	0.14268	0.40722	0.08639	0.18568	0.01164	0.00658	0.00183	0.00328	0.01006	0.00610	0.05432
5	0.75645	0.01111	0.00904	0.00791	0.01160	0.01260	0.00652	0.01821	0.01056	0.09909	0.00957	0.01047	0.00710	0.00558	0.00382	0.00180	0.00454	0.00342	0.00396	0.00665
6	0.01542	0.01414	0.05493	0.07532	0.29119	0.01406	0.08061	0.08858	0.21480	0.06763	0.01543	0.01677	0.01169	0.00624	0.00591	0.00184	0.00652	0.00572	0.00421	0.00897
7	0.00740	0.00573	0.00675	0.00689	0.00828	0.00507	0.00502	0.00923	0.01393	0.01823	0.30181	0.21500	0.34679	0.01449	0.00699	0.00200	0.00297	0.01259	0.00576	0.00507
8	0.00917	0.00641	0.00792	0.00768	0.00916	0.00608	0.00564	0.01209	0.06184	0.05785	0.36578	0.16567	0.15480	0.06502	0.03627	0.00247	0.00377	0.01100	0.00578	0.00560
9	0.04952	0.01408	0.01454	0.01248	0.03190	0.10156	0.00973	0.18944	0.19672	0.20624	0.04092	0.03976	0.01459	0.00767	0.00640	0.00184	0.04235	0.00594	0.00556	0.00876
10	0.02928	0.00862	0.02785	0.00872	0.01128	0.00778	0.00684	0.07292	0.05121	0.09746	0.29057	0.13033	0.06251	0.05634	0.00761	0.00200	0.00399	0.00896	0.00554	0.11021
11	0.23407	0.04797	0.01286	0.00943	0.01375	0.01122	0.00779	0.10629	0.01483	0.23541	0.04812	0.01513	0.01189	0.00612	0.00483	0.00154	0.00481	0.00458	0.00493	0.20444
12	0.01647	0.01365	0.06524	0.02913	0.08502	0.05381	0.04557	0.14234	0.10894	0.14471	0.04877	0.10030	0.01601	0.00782	0.00588	0.00176	0.00584	0.00668	0.00493	0.09714

[dist]
# distance from previous block
# <min> <max>
0	7

[block]
# block no. 14 follows, 40 sequences, length 15
# corresponding to MSA columns:
# 705-719
name=unknown_O
#
# <colnr> <probs for GDERKNQSTAVLIFYWHMCP>
#	G	D	E	R	K	N	Q	S	T	A	V	L	I	F	Y	W	H	M	C	P
0	0.41430	0.14884	0.05698	0.00992	0.02819	0.04389	0.00862	0.05781	0.01217	0.04580	0.00943	0.01067	0.00744	0.00534	0.00413	0.00156	0.00540	0.00351	0.00352	0.12247
1	0.17334	0.01116	0.08245	0.00975	0.01281	0.01017	0.00841	0.05398	0.15029	0.05767	0.23170	0.09572	0.02687	0.01019	0.02326	0.00208	0.00469	0.02326	0.00520	0.00698
2	0.12380	0.01870	0.01654	0.05342	0.12175	0.27995	0.01151	0.21725	0.03560	0.02299	0.01098	0.01242	0.00854	0.00605	0.00527	0.00165	0.00760	0.00441	0.00390	0.03766
3	0.12133	0.00844	0.00928	0.00827	0.01081	0.00848	0.00645	0.08399	0.06340	0.11665	0.20993	0.08833	0.16364	0.01035	0.00599	0.00185	0.00381	0.00861	0.06375	0.00665
4	0.19156	0.00900	0.01031	0.00856	0.01186	0.00845	0.00672	0.01844	0.01334	0.28262	0.10187	0.06881	0.03637	0.08354	0.00767	0.00208	0.00444	0.00652	0.00531	0.12254
5	0.00864	0.00666	0.00804	0.00830	0.00959	0.00662	0.00598	0.01282	0.13937	0.01889	0.23237	0.38091	0.11077	0.01436	0.00695	0.00211	0.00337	0.01275	0.00576	0.00572
6	0.06512	0.00916	0.01161	0.00939	0.01305	0.00814	0.00750	0.04355	0.01527	0.41145	0.11376	0.11365	0.02099	0.00860	0.00582	0.00174	0.00441	0.00721	0.00611	0.12347
7	0.00908	0.00716	0.01116	0.01103	0.01264	0.00689	0.08718	0.01157	0.01324	0.01757	0.11653	0.23453	0.05479	0.01484	0.00758	0.00240	0.00498	0.36612	0.00523	0.00547
8	0.00834	0.00619	0.00802	0.00895	0.01027	0.00588	0.00732	0.01045	0.01314	0.01689	0.07651	0.18446	0.20624	0.01589	0.00759	0.00241	0.00431	0.39656	0.00543	0.00515
9	0.01109	0.01252	0.08770	0.55695	0.03292	0.05420	0.01481	0.01474	0.01205	0.01523	0.01527	0.06997	0.06434	0.00728	0.00594	0.00193	0.00734	0.00629	0.00299	0.00645
10	0.00968	0.00682	0.00824	0.00863	0.00982	0.00679	0.00627	0.11133	0.01377	0.01877	0.02968	0.52072	0.07195	0.01521	0.00688	0.00218	0.00384	0.05938	0.08448	0.00556
11	0.11866	0.12239	0.28075	0.01490	0.08972	0.01444	0.01408	0.04658	0.11616	0.10881	0.01334	0.01401	0.00980	0.00598	0.00517	0.00176	0.00653	0.00462	0.00381	0.00850
