[name]
unknown

[dist]
# distance from previous block
# <min> <max>
0	255

[block]
# block no. 0 follows, 47 sequences, length 7
# corresponding to MSA columns:
# 255-261
name=unknown_A
#
# <colnr> <probs for GDERKNQSTAVLIFYWHMCP>
#	G	D	E	R	K	N	Q	S	T	A	V	L	I	F	Y	W	H	M	C	P
0	0.01400	0.00720	0.00984	0.00881	0.01119	0.00671	0.03490	0.01668	0.04781	0.30043	0.07004	0.13125	0.04698	0.00979	0.00578	0.00182	0.00407	0.16520	0.10104	0.00646
1	0.00967	0.09396	0.17566	0.00890	0.01110	0.00803	0.00833	0.01005	0.00825	0.01131	0.00948	0.01455	0.00873	0.01627	0.10354	0.48503	0.00638	0.00432	0.00230	0.00415
2	0.12307	0.10440	0.09584	0.01159	0.01566	0.19278	0.04561	0.14741	0.05545	0.14289	0.01158	0.01195	0.00847	0.00553	0.00466	0.00151	0.00639	0.00407	0.00382	0.00733
3	0.18734	0.10362	0.01948	0.06835	0.38548	0.01306	0.09447	0.01600	0.01115	0.04118	0.00936	0.01179	0.00756	0.00472	0.00466	0.00155	0.00594	0.00423	0.00278	0.00727
4	0.01050	0.09192	0.01189	0.00945	0.01189	0.00904	0.03712	0.03381	0.13746	0.03964	0.05895	0.12224	0.04884	0.01017	0.00582	0.00182	0.00444	0.25268	0.00445	0.09788
5	0.05675	0.09656	0.10192	0.00982	0.01429	0.01177	0.00892	0.16624	0.11530	0.04493	0.01277	0.01326	0.03059	0.00534	0.00446	0.00129	0.00487	0.00411	0.00378	0.29304
6	0.01291	0.01200	0.01818	0.02521	0.54062	0.01256	0.01353	0.01968	0.25329	0.01852	0.01340	0.01496	0.01067	0.00541	0.00520	0.00162	0.00553	0.00503	0.00344	0.00825

[dist]
# distance from previous block
# <min> <max>
0	29

[block]
# block no. 1 follows, 47 sequences, length 16
# corresponding to MSA columns:
# 291-306
name=unknown_B
#
# <colnr> <probs for GDERKNQSTAVLIFYWHMCP>
#	G	D	E	R	K	N	Q	S	T	A	V	L	I	F	Y	W	H	M	C	P
0	0.01028	0.00657	0.00809	0.00746	0.00933	0.00632	0.00578	0.01408	0.11310	0.12668	0.39162	0.06317	0.12596	0.01019	0.00591	0.00172	0.00313	0.05334	0.03147	0.00580
1	0.01956	0.02168	0.01502	0.01298	0.01611	0.55683	0.01001	0.24974	0.01774	0.01890	0.00942	0.01035	0.00737	0.00564	0.00485	0.00141	0.00827	0.00376	0.00346	0.00690
2	0.16837	0.00984	0.01141	0.00920	0.01272	0.00981	0.00748	0.17931	0.01535	0.41003	0.01733	0.09886	0.01302	0.00716	0.00502	0.00165	0.00449	0.00570	0.00544	0.00780
3	0.01180	0.10924	0.62744	0.01391	0.02089	0.01342	0.01716	0.09604	0.01238	0.01778	0.00946	0.01088	0.00685	0.00503	0.00481	0.00158	0.00726	0.00383	0.00252	0.00771
4	0.00672	0.00469	0.00593	0.00677	0.00699	0.00448	0.00432	0.00735	0.00924	0.01232	0.02497	0.57714	0.02974	0.25917	0.01267	0.00300	0.00364	0.01261	0.00432	0.00390
5	0.00742	0.00498	0.00573	0.00588	0.00592	0.00495	0.00337	0.00753	0.00788	0.01050	0.01796	0.13261	0.02089	0.71578	0.02400	0.00468	0.00479	0.00849	0.00337	0.00329
6	0.01797	0.00970	0.01148	0.03383	0.01332	0.04044	0.00769	0.06142	0.17449	0.40942	0.09946	0.01969	0.01673	0.00691	0.00523	0.00161	0.00439	0.00567	0.05268	0.00788
7	0.00656	0.00469	0.00629	0.00750	0.00789	0.00442	0.00521	0.00762	0.01018	0.01354	0.02858	0.73401	0.03397	0.01611	0.00670	0.00214	0.00321	0.09225	0.00483	0.00429
8	0.01295	0.01119	0.01178	0.01060	0.01354	0.01295	0.00824	0.02767	0.77509	0.02178	0.02120	0.01943	0.01590	0.00707	0.00530	0.00177	0.00412	0.00589	0.00530	0.00824
9	0.00744	0.00558	0.00837	0.00837	0.00930	0.00651	0.00651	0.00930	0.00837	0.01209	0.01395	0.02046	0.01302	0.03906	0.79635	0.00837	0.01395	0.00558	0.00279	0.00465
10	0.85377	0.01007	0.00765	0.00685	0.01007	0.01168	0.00564	0.01531	0.00886	0.02336	0.00725	0.00846	0.00564	0.00483	0.00322	0.00161	0.00403	0.00282	0.00322	0.00564
11	0.02016	0.00969	0.01215	0.00953	0.01319	0.00928	0.00779	0.17986	0.04385	0.50162	0.11812	0.01945	0.01687	0.00697	0.00535	0.00161	0.00444	0.00569	0.00605	0.00832
12	0.00689	0.00498	0.00642	0.00729	0.00794	0.00470	0.00525	0.00812	0.01060	0.01395	0.07449	0.47153	0.11184	0.09154	0.00856	0.00238	0.00347	0.15102	0.00472	0.00429
13	0.00719	0.00532	0.00671	0.00636	0.00767	0.00484	0.00477	0.00948	0.01431	0.01987	0.67289	0.04058	0.15863	0.01103	0.00614	0.00166	0.00248	0.00965	0.00560	0.00484
14	0.01414	0.01137	0.01281	0.01093	0.01391	0.05314	0.04841	0.18214	0.31219	0.06642	0.12132	0.02346	0.01915	0.00782	0.00559	0.00173	0.00485	0.07812	0.00507	0.00744
15	0.01196	0.01546	0.13451	0.01967	0.02464	0.01331	0.55416	0.01661	0.03903	0.01640	0.01036	0.01353	0.00789	0.00507	0.00711	0.00180	0.09320	0.00565	0.00263	0.00702

[dist]
# distance from previous block
# <min> <max>
6	24

[block]
# block no. 2 follows, 47 sequences, length 12
# corresponding to MSA columns:
# 332-343
name=unknown_C
#
# <colnr> <probs for GDERKNQSTAVLIFYWHMCP>
#	G	D	E	R	K	N	Q	S	T	A	V	L	I	F	Y	W	H	M	C	P
0	0.04417	0.54926	0.02254	0.01019	0.04685	0.07213	0.00887	0.03494	0.05304	0.01443	0.00852	0.00960	0.00738	0.00466	0.00372	0.00118	0.00555	0.00316	0.00264	0.09718
1	0.00976	0.00777	0.00835	0.00760	0.00951	0.04960	0.00571	0.09186	0.02890	0.01881	0.25624	0.18519	0.09700	0.02507	0.00595	0.00165	0.00356	0.00857	0.07213	0.10677
2	0.02746	0.11211	0.10725	0.03149	0.21645	0.06909	0.04664	0.06800	0.08648	0.07993	0.01352	0.04605	0.03392	0.00591	0.00497	0.00154	0.00593	0.00500	0.00344	0.03482
3	0.01179	0.03302	0.39405	0.04992	0.07851	0.01011	0.02727	0.01595	0.01205	0.12423	0.11574	0.06427	0.02712	0.00669	0.00529	0.00166	0.00601	0.00567	0.00350	0.00715
4	0.00726	0.00527	0.00638	0.00610	0.00746	0.00478	0.00458	0.00943	0.01373	0.01909	0.54127	0.04010	0.22658	0.01090	0.00594	0.00163	0.00250	0.00944	0.07277	0.00478
5	0.01877	0.02308	0.01638	0.01416	0.01719	0.66688	0.08413	0.07057	0.01517	0.01448	0.00859	0.01006	0.00697	0.00533	0.00487	0.00140	0.00909	0.00372	0.00285	0.00632
6	0.01456	0.04440	0.13864	0.10767	0.13214	0.03706	0.11576	0.03358	0.07458	0.18782	0.01414	0.01521	0.03145	0.00571	0.00550	0.00164	0.02387	0.00502	0.00368	0.00756
7	0.01235	0.01550	0.16272	0.01939	0.09658	0.01250	0.41718	0.09636	0.01314	0.01814	0.01192	0.07723	0.00993	0.00567	0.00577	0.00172	0.00755	0.00612	0.00300	0.00724
8	0.00633	0.00460	0.00597	0.00706	0.00750	0.00425	0.00475	0.00727	0.01015	0.01337	0.03103	0.73982	0.10671	0.01601	0.00660	0.00208	0.00298	0.01444	0.00483	0.00425
9	0.01258	0.30365	0.29277	0.07168	0.01802	0.07692	0.01266	0.01585	0.01119	0.04954	0.01074	0.08252	0.00945	0.00592	0.00454	0.00148	0.00645	0.00454	0.00269	0.00680
10	0.01229	0.01199	0.03583	0.19437	0.35551	0.04397	0.02994	0.06529	0.05729	0.01699	0.02967	0.06029	0.01076	0.00609	0.00589	0.00167	0.04657	0.00537	0.00304	0.00718
11	0.00761	0.00563	0.00737	0.00831	0.00950	0.00539	0.00691	0.00955	0.01167	0.01492	0.03328	0.16438	0.19644	0.01440	0.00689	0.00222	0.00407	0.48203	0.00481	0.00463

[dist]
# distance from previous block
# <min> <max>
0	20

[block]
# block no. 3 follows, 47 sequences, length 18
# corresponding to MSA columns:
# 364-381
name=unknown_D
#
# <colnr> <probs for GDERKNQSTAVLIFYWHMCP>
#	G	D	E	R	K	N	Q	S	T	A	V	L	I	F	Y	W	H	M	C	P
0	0.85377	0.01007	0.00765	0.00685	0.01007	0.01168	0.00564	0.01531	0.00886	0.02336	0.00725	0.00846	0.00564	0.00483	0.00322	0.00161	0.00403	0.00282	0.00322	0.00564
1	0.00940	0.06844	0.01368	0.03886	0.03044	0.01039	0.06821	0.01143	0.00950	0.01355	0.08348	0.01832	0.01381	0.02231	0.37799	0.00490	0.19154	0.00549	0.00287	0.00537
2	0.05454	0.01933	0.01456	0.01239	0.01567	0.41108	0.00968	0.30183	0.07475	0.02142	0.01067	0.01127	0.00815	0.00580	0.00487	0.00147	0.00739	0.00402	0.00385	0.00724
3	0.00655	0.00540	0.00582	0.00603	0.00769	0.00468	0.00473	0.00806	0.01189	0.01433	0.04834	0.05163	0.65036	0.01340	0.00634	0.00187	0.00302	0.14057	0.00483	0.00447
4	0.85377	0.01007	0.00765	0.00685	0.01007	0.01168	0.00564	0.01531	0.00886	0.02336	0.00725	0.00846	0.00564	0.00483	0.00322	0.00161	0.00403	0.00282	0.00322	0.00564
5	0.00855	0.00685	0.00859	0.00783	0.00969	0.00662	0.04615	0.06696	0.07626	0.01815	0.23992	0.14220	0.28346	0.01131	0.00605	0.00177	0.00337	0.02903	0.02193	0.00533
6	0.01000	0.00942	0.01592	0.76297	0.07608	0.01161	0.01454	0.01345	0.01049	0.01350	0.00929	0.01383	0.00701	0.00518	0.00520	0.00173	0.00690	0.00463	0.00233	0.00592
7	0.00864	0.00549	0.00671	0.00710	0.00814	0.00521	0.00504	0.05071	0.01142	0.06580	0.02812	0.52740	0.10590	0.01336	0.00600	0.00189	0.00314	0.01183	0.12323	0.00489
8	0.00814	0.00561	0.00676	0.00644	0.00809	0.00498	0.00496	0.01011	0.01343	0.07492	0.38546	0.04309	0.33738	0.01159	0.00615	0.00173	0.00283	0.05796	0.00537	0.00499
9	0.01316	0.64518	0.19550	0.01022	0.01539	0.01873	0.01119	0.01579	0.01067	0.01319	0.00770	0.00894	0.00666	0.00456	0.00370	0.00123	0.00604	0.00302	0.00222	0.00691
10	0.01114	0.18506	0.63795	0.01366	0.02071	0.01379	0.01718	0.01631	0.01091	0.01565	0.00893	0.01047	0.00661	0.00485	0.00463	0.00154	0.00727	0.00364	0.00220	0.00749
11	0.00747	0.00516	0.00643	0.00650	0.00677	0.00540	0.00416	0.00802	0.00793	0.01082	0.01644	0.07493	0.01822	0.56057	0.23385	0.00578	0.00734	0.00745	0.00315	0.00362
12	0.00639	0.00462	0.00596	0.00701	0.00741	0.00429	0.00468	0.00729	0.01000	0.01319	0.02996	0.71241	0.09283	0.05792	0.00765	0.00224	0.00310	0.01412	0.00475	0.00419
13	0.02241	0.01039	0.01303	0.00999	0.01405	0.00992	0.00825	0.22305	0.01746	0.58683	0.01840	0.01633	0.01182	0.00639	0.00523	0.00160	0.00478	0.00509	0.00612	0.00886
14	0.01274	0.01222	0.02086	0.07063	0.74702	0.01233	0.01591	0.01585	0.01179	0.01683	0.00977	0.01294	0.00818	0.00467	0.00516	0.00156	0.00622	0.00464	0.00256	0.00813
15	0.01814	0.01289	0.01354	0.01097	0.01453	0.06403	0.00883	0.38505	0.17366	0.16252	0.04280	0.04194	0.01311	0.00688	0.00528	0.00162	0.00521	0.00544	0.00529	0.00826
16	0.39166	0.07395	0.09640	0.03207	0.01434	0.05442	0.00913	0.19881	0.01334	0.02277	0.00883	0.01005	0.00675	0.00540	0.00467	0.00159	0.04210	0.00354	0.00343	0.00675
17	0.11448	0.00772	0.00926	0.00829	0.01033	0.00796	0.04198	0.07927	0.10392	0.02057	0.33003	0.14290	0.08334	0.00982	0.00567	0.00173	0.00353	0.00850	0.00498	0.00571

[dist]
# distance from previous block
# <min> <max>
0	70

[block]
# block no. 4 follows, 47 sequences, length 11
# corresponding to MSA columns:
# 452-462
name=unknown_E
#
# <colnr> <probs for GDERKNQSTAVLIFYWHMCP>
#	G	D	E	R	K	N	Q	S	T	A	V	L	I	F	Y	W	H	M	C	P
0	0.09327	0.01163	0.03035	0.09966	0.01616	0.06827	0.04140	0.10780	0.16068	0.08452	0.08397	0.01642	0.01350	0.02039	0.00530	0.00158	0.00514	0.00498	0.00415	0.13082
1	0.12589	0.01180	0.01263	0.07486	0.02500	0.13354	0.06127	0.05016	0.04309	0.09849	0.06835	0.01748	0.07617	0.00731	0.02871	0.00170	0.02278	0.00507	0.00378	0.13192
2	0.00940	0.00527	0.00540	0.00514	0.00670	0.00498	0.00389	0.01169	0.01102	0.01861	0.02037	0.02215	0.09953	0.00668	0.00394	0.00124	0.00257	0.00540	0.68043	0.07560
3	0.03061	0.01184	0.01791	0.21231	0.13063	0.03737	0.14395	0.09303	0.10455	0.10514	0.01244	0.01434	0.00921	0.00553	0.00564	0.00167	0.02996	0.00501	0.00357	0.02528
4	0.01750	0.23102	0.05856	0.01226	0.03987	0.12856	0.03332	0.32485	0.01728	0.07326	0.01069	0.01128	0.00807	0.00548	0.00465	0.00142	0.00634	0.00403	0.00382	0.00774
5	0.00736	0.00500	0.00571	0.00585	0.00597	0.00492	0.00340	0.00753	0.00806	0.01067	0.01957	0.13053	0.05557	0.68210	0.02314	0.00454	0.00469	0.00862	0.00344	0.00334
6	0.10070	0.01180	0.07611	0.26547	0.18827	0.01150	0.09544	0.03747	0.04300	0.04162	0.01275	0.03975	0.04230	0.00578	0.00516	0.00168	0.00619	0.00521	0.00302	0.00677
7	0.01267	0.17345	0.50724	0.01355	0.01998	0.04760	0.04956	0.03817	0.01177	0.06573	0.00976	0.01104	0.00715	0.00498	0.00472	0.00154	0.00715	0.00384	0.00260	0.00751
8	0.08425	0.01090	0.01146	0.01012	0.01315	0.01238	0.00795	0.06150	0.60014	0.06955	0.04730	0.01878	0.01572	0.00693	0.00515	0.00173	0.00415	0.00566	0.00521	0.00797
9	0.05598	0.00908	0.01088	0.00895	0.01220	0.00897	0.00730	0.11688	0.10339	0.39376	0.01884	0.01964	0.01352	0.00685	0.00501	0.00161	0.00423	0.05084	0.14433	0.00773
10	0.01312	0.21334	0.40347	0.01308	0.01897	0.05629	0.06273	0.01796	0.05851	0.08034	0.01052	0.01156	0.00781	0.00507	0.00467	0.00152	0.00685	0.00396	0.00281	0.00745

[dist]
# distance from previous block
# <min> <max>
0	1

[block]
# block no. 5 follows, 47 sequences, length 20
# corresponding to MSA columns:
# 464-483
name=unknown_F
#
# <colnr> <probs for GDERKNQSTAVLIFYWHMCP>
#	G	D	E	R	K	N	Q	S	T	A	V	L	I	F	Y	W	H	M	C	P
0	0.00797	0.00547	0.00653	0.00632	0.00787	0.00482	0.00472	0.00971	0.01293	0.07636	0.32034	0.14360	0.34992	0.01212	0.00614	0.00175	0.00276	0.01046	0.00530	0.00491
1	0.08194	0.00918	0.01140	0.00902	0.01267	0.00858	0.00737	0.11241	0.01517	0.54699	0.02143	0.05328	0.07229	0.00725	0.00522	0.00164	0.00436	0.00585	0.00586	0.00808
2	0.01270	0.01170	0.01879	0.07293	0.58468	0.01201	0.01417	0.06141	0.06159	0.01835	0.07033	0.01535	0.01186	0.00539	0.00525	0.00158	0.00578	0.00509	0.00314	0.00788
3	0.01021	0.00897	0.01033	0.01124	0.10636	0.07085	0.00763	0.03259	0.13269	0.01911	0.35266	0.03254	0.08793	0.00939	0.00586	0.00171	0.00407	0.08501	0.00485	0.00598
4	0.24266	0.00918	0.01092	0.00863	0.01244	0.00872	0.00712	0.02272	0.01331	0.58615	0.01703	0.01528	0.01098	0.00602	0.00471	0.00161	0.00432	0.00460	0.00559	0.00801
5	0.00729	0.00493	0.00576	0.00604	0.00610	0.00486	0.00354	0.00750	0.00812	0.01082	0.01920	0.21093	0.02245	0.63534	0.02200	0.00438	0.00459	0.00921	0.00354	0.00340
6	0.01213	0.01139	0.01842	0.11192	0.54434	0.01117	0.01381	0.01510	0.01148	0.01660	0.00963	0.01257	0.00800	0.00454	0.00490	0.00141	0.00579	0.00432	0.00265	0.17983
7	0.00876	0.00641	0.00866	0.00967	0.01101	0.00655	0.00838	0.01214	0.07315	0.01608	0.02706	0.05559	0.02884	0.01380	0.00704	0.00235	0.00474	0.68985	0.00484	0.00507
8	0.00755	0.00516	0.00623	0.00623	0.00642	0.00535	0.00384	0.00793	0.00774	0.01050	0.01591	0.03129	0.01772	0.65793	0.18390	0.00573	0.00687	0.00717	0.00308	0.00346
9	0.00789	0.00523	0.00676	0.00751	0.00820	0.00501	0.00514	0.00966	0.05633	0.06323	0.02717	0.67962	0.03125	0.05121	0.00737	0.00219	0.00327	0.01333	0.00489	0.00472
10	0.80323	0.01096	0.00808	0.00725	0.01044	0.05919	0.00591	0.01564	0.00922	0.02272	0.00730	0.00852	0.00570	0.00487	0.00331	0.00160	0.00435	0.00285	0.00319	0.00566
11	0.00817	0.00620	0.00716	0.00687	0.00861	0.00588	0.00530	0.01168	0.10809	0.04226	0.31498	0.04179	0.33361	0.01137	0.00609	0.00176	0.00298	0.06668	0.00527	0.00524
12	0.05741	0.01552	0.07674	0.01201	0.01557	0.20126	0.07481	0.13301	0.14604	0.09439	0.10649	0.01646	0.01441	0.00639	0.00518	0.00158	0.00615	0.00516	0.00423	0.00718
13	0.01557	0.00750	0.00949	0.00780	0.01067	0.00677	0.00622	0.01853	0.05830	0.36468	0.19615	0.02247	0.02115	0.00718	0.00505	0.00149	0.00355	0.00600	0.15389	0.07752
14	0.01338	0.39219	0.27515	0.01147	0.01673	0.06384	0.01238	0.06259	0.07841	0.01575	0.00951	0.01050	0.00759	0.00501	0.00423	0.00139	0.00638	0.00355	0.00269	0.00724
15	0.00959	0.00604	0.00770	0.00683	0.00870	0.00537	0.00524	0.01190	0.01412	0.11252	0.55260	0.03405	0.08638	0.00958	0.00575	0.00156	0.00282	0.00833	0.03794	0.07299
16	0.12692	0.06318	0.17357	0.06276	0.07659	0.01230	0.04674	0.10717	0.06751	0.13674	0.04277	0.01390	0.01028	0.00576	0.00524	0.00163	0.03118	0.00457	0.00376	0.00743
17	0.03275	0.01326	0.01388	0.01202	0.03664	0.22486	0.10416	0.04476	0.01255	0.06681	0.07892	0.01908	0.04833	0.07252	0.00883	0.06731	0.05534	0.02424	0.00346	0.06028
18	0.01101	0.04229	0.01179	0.01087	0.07015	0.00905	0.03985	0.08340	0.07523	0.01408	0.01150	0.03965	0.01073	0.06269	0.04445	0.37958	0.07076	0.00519	0.00299	0.00474
19	0.01638	0.08827	0.12731	0.01220	0.01581	0.37136	0.01060	0.14656	0.06246	0.01703	0.01042	0.01267	0.00861	0.07053	0.00649	0.00173	0.00752	0.00410	0.00321	0.00672

[dist]
# distance from previous block
# <min> <max>
0	23

[block]
# block no. 6 follows, 47 sequences, length 22
# corresponding to MSA columns:
# 507-528
name=unknown_G
#
# <colnr> <probs for GDERKNQSTAVLIFYWHMCP>
#	G	D	E	R	K	N	Q	S	T	A	V	L	I	F	Y	W	H	M	C	P
0	0.19897	0.09470	0.15548	0.01284	0.08684	0.11369	0.05469	0.01630	0.02209	0.04756	0.01027	0.05407	0.00865	0.00545	0.00445	0.00147	0.00597	0.00425	0.00300	0.09924
1	0.01476	0.04391	0.05858	0.04285	0.13463	0.19388	0.07742	0.10377	0.21331	0.01881	0.03755	0.01446	0.01106	0.00582	0.00514	0.00158	0.00653	0.00485	0.00367	0.00742
2	0.04417	0.01162	0.05405	0.04031	0.04428	0.01135	0.00918	0.30618	0.01748	0.21463	0.11038	0.01730	0.01477	0.00670	0.00549	0.00160	0.02692	0.00531	0.05051	0.00776
3	0.00872	0.00499	0.00546	0.00546	0.00620	0.00507	0.00370	0.01019	0.00946	0.01532	0.01652	0.02498	0.01540	0.31146	0.07897	0.00325	0.00438	0.00593	0.46036	0.00420
4	0.01596	0.01213	0.01320	0.01070	0.01394	0.01345	0.00866	0.48412	0.12374	0.02708	0.04746	0.05432	0.08063	0.00773	0.00592	0.00166	0.04211	0.00605	0.02335	0.00778
5	0.00634	0.00468	0.00594	0.00689	0.00747	0.00428	0.00469	0.00736	0.01042	0.01363	0.05297	0.66232	0.16271	0.01563	0.00655	0.00204	0.00294	0.01401	0.00486	0.00428
6	0.00840	0.00715	0.01059	0.04854	0.04231	0.00716	0.08438	0.01185	0.09117	0.01647	0.20598	0.19561	0.14068	0.01370	0.08940	0.00249	0.00500	0.00926	0.00444	0.00540
7	0.00705	0.00506	0.00625	0.00686	0.00747	0.00481	0.00480	0.00806	0.01007	0.01318	0.06154	0.32489	0.13428	0.24796	0.01241	0.00294	0.00382	0.13011	0.00438	0.00406
8	0.01127	0.05310	0.05445	0.01034	0.01275	0.03734	0.03425	0.07804	0.12512	0.03758	0.04836	0.01772	0.01303	0.03025	0.31032	0.00427	0.07571	0.00527	0.00350	0.03731
9	0.01290	0.37663	0.31774	0.01230	0.01788	0.05424	0.05584	0.03889	0.04154	0.01513	0.00898	0.01030	0.00715	0.00484	0.00431	0.00141	0.00670	0.00359	0.00247	0.00718
10	0.01945	0.02482	0.01476	0.01342	0.01610	0.79608	0.01006	0.02079	0.01476	0.01275	0.00805	0.00939	0.00671	0.00537	0.00470	0.00134	0.00939	0.00335	0.00268	0.00604
11	0.01080	0.00926	0.01080	0.00771	0.01234	0.00694	0.00617	0.01311	0.01080	0.01697	0.00926	0.01080	0.00771	0.00386	0.00386	0.00077	0.00386	0.00309	0.00309	0.84882
12	0.00651	0.00460	0.00599	0.00704	0.00730	0.00434	0.00460	0.00730	0.00964	0.01286	0.02702	0.70707	0.03232	0.12572	0.00936	0.00252	0.00330	0.01382	0.00460	0.00408
13	0.03537	0.01274	0.05370	0.01061	0.01428	0.05649	0.00889	0.21619	0.25761	0.19718	0.01918	0.01800	0.06237	0.00686	0.00522	0.00164	0.00500	0.00544	0.00515	0.00808
14	0.01044	0.18979	0.28430	0.05373	0.01633	0.01224	0.01175	0.01486	0.08508	0.01521	0.03350	0.12282	0.08227	0.00761	0.00549	0.00165	0.03712	0.00612	0.00318	0.00653
15	0.00808	0.00578	0.00621	0.00616	0.00630	0.03430	0.00365	0.00810	0.00783	0.01024	0.01558	0.03152	0.01766	0.70596	0.06284	0.05067	0.00561	0.00716	0.00307	0.00329
16	0.00737	0.00532	0.00696	0.00655	0.00778	0.00491	0.00491	0.00983	0.01474	0.02088	0.78175	0.03890	0.04914	0.01065	0.00614	0.00164	0.00246	0.00942	0.00573	0.00491
17	0.01113	0.02598	0.74881	0.01455	0.02205	0.01186	0.01863	0.01696	0.01120	0.05735	0.00994	0.01135	0.00693	0.00503	0.00496	0.00165	0.00752	0.00392	0.00242	0.00776
18	0.00657	0.00483	0.00624	0.00711	0.00774	0.00439	0.00484	0.00763	0.01032	0.01381	0.05850	0.69480	0.08512	0.01532	0.00647	0.00201	0.00301	0.01380	0.00479	0.04269
19	0.01080	0.00926	0.01080	0.00771	0.01234	0.00694	0.00617	0.01311	0.01080	0.01697	0.00926	0.01080	0.00771	0.00386	0.00386	0.00077	0.00386	0.00309	0.00309	0.84882
20	0.04146	0.15671	0.09211	0.00935	0.01415	0.01099	0.02529	0.07675	0.01205	0.05107	0.00962	0.01081	0.00767	0.00443	0.00407	0.00107	0.00484	0.00339	0.00316	0.46100
21	0.09173	0.08210	0.16368	0.01358	0.01825	0.09921	0.14176	0.22674	0.01517	0.03975	0.01012	0.01150	0.00757	0.00536	0.00529	0.00156	0.03302	0.00429	0.00339	0.02592

[dist]
# distance from previous block
# <min> <max>
4	18

[block]
# block no. 7 follows, 47 sequences, length 17
# corresponding to MSA columns:
# 547-549,553-557,567-575
name=unknown_H
#
# <colnr> <probs for GDERKNQSTAVLIFYWHMCP>
#	G	D	E	R	K	N	Q	S	T	A	V	L	I	F	Y	W	H	M	C	P
0	0.00745	0.00553	0.00811	0.00811	0.00895	0.00637	0.00619	0.00913	0.00829	0.01190	0.01418	0.02176	0.01359	0.11354	0.72264	0.00805	0.01310	0.00577	0.00282	0.00451
1	0.01924	0.01496	0.01458	0.01164	0.01540	0.12395	0.00942	0.51334	0.08522	0.09754	0.01346	0.01331	0.00963	0.00621	0.00511	0.00154	0.00590	0.00466	0.02658	0.00831
2	0.03739	0.02224	0.11529	0.01394	0.01757	0.52370	0.09386	0.04692	0.01409	0.01473	0.01075	0.01213	0.04356	0.00560	0.00494	0.00146	0.00852	0.00412	0.00283	0.00638
3	0.00661	0.00506	0.00606	0.00631	0.00744	0.00451	0.00454	0.00816	0.01219	0.01602	0.27968	0.28845	0.30945	0.01336	0.00631	0.00183	0.00270	0.01169	0.00512	0.00451
4	0.00659	0.00479	0.00647	0.00735	0.00784	0.00472	0.00510	0.00768	0.00967	0.01301	0.02647	0.60205	0.06201	0.03961	0.16666	0.00343	0.00526	0.01261	0.00438	0.00430
5	0.01254	0.00724	0.00679	0.00626	0.00801	0.07733	0.00480	0.01481	0.01184	0.12836	0.01668	0.01826	0.01268	0.00606	0.00396	0.00128	0.00335	0.00477	0.64944	0.00553
6	0.85377	0.01007	0.00765	0.00685	0.01007	0.01168	0.00564	0.01531	0.00886	0.02336	0.00725	0.00846	0.00564	0.00483	0.00322	0.00161	0.00403	0.00282	0.00322	0.00564
7	0.00821	0.00547	0.00706	0.00679	0.00811	0.00512	0.00519	0.01050	0.01369	0.05250	0.54320	0.06667	0.07926	0.01190	0.03876	0.00196	0.00321	0.05968	0.06773	0.00501
8	0.00657	0.00503	0.00557	0.00589	0.00711	0.00443	0.00421	0.00787	0.01128	0.01446	0.08314	0.26248	0.45135	0.04085	0.00681	0.00193	0.00280	0.01144	0.06240	0.00437
9	0.01045	0.01174	0.08861	0.56952	0.08985	0.01189	0.11566	0.01425	0.01083	0.01433	0.00948	0.01357	0.00714	0.00503	0.00530	0.00172	0.00720	0.00476	0.00237	0.00631
10	0.85377	0.01007	0.00765	0.00685	0.01007	0.01168	0.00564	0.01531	0.00886	0.02336	0.00725	0.00846	0.00564	0.00483	0.00322	0.00161	0.00403	0.00282	0.00322	0.00564
11	0.02020	0.00810	0.01088	0.00881	0.01222	0.00716	0.00729	0.02230	0.01414	0.61778	0.02092	0.02242	0.01482	0.00728	0.00527	0.00165	0.00425	0.08698	0.09956	0.00797
12	0.00654	0.00467	0.00627	0.00748	0.00786	0.00440	0.00517	0.00759	0.01016	0.01351	0.02859	0.74131	0.03401	0.01613	0.00670	0.00214	0.00319	0.08514	0.00483	0.00428
13	0.08899	0.02300	0.61541	0.01337	0.02018	0.01147	0.01646	0.01756	0.01132	0.11960	0.01064	0.01166	0.00735	0.00514	0.00483	0.00164	0.00693	0.00394	0.00286	0.00766
14	0.01268	0.00837	0.01273	0.01125	0.01381	0.00813	0.11336	0.08163	0.01388	0.16197	0.07418	0.03939	0.02314	0.01053	0.00643	0.00204	0.00520	0.39013	0.00490	0.00623
15	0.00687	0.00516	0.00637	0.00638	0.00755	0.00465	0.00467	0.00875	0.01311	0.01775	0.45768	0.19236	0.22487	0.01237	0.00624	0.00176	0.00261	0.01085	0.00534	0.00465
16	0.10678	0.01365	0.01957	0.01583	0.04228	0.12455	0.30845	0.08410	0.01291	0.01777	0.01237	0.05184	0.01109	0.00673	0.00644	0.00178	0.06612	0.08802	0.00325	0.00647

[dist]
# distance from previous block
# <min> <max>
0	3

[block]
# block no. 8 follows, 47 sequences, length 39
# corresponding to MSA columns:
# 579-586,590-620
name=unknown_I
#
# <colnr> <probs for GDERKNQSTAVLIFYWHMCP>
#	G	D	E	R	K	N	Q	S	T	A	V	L	I	F	Y	W	H	M	C	P
0	0.00749	0.00535	0.00732	0.00817	0.00889	0.00542	0.00631	0.00903	0.01018	0.01358	0.02414	0.28240	0.02701	0.11934	0.14773	0.00369	0.00588	0.29943	0.00425	0.00439
1	0.01197	0.07691	0.09077	0.24752	0.30717	0.01221	0.06688	0.01534	0.01158	0.04885	0.05329	0.01439	0.01007	0.00521	0.00513	0.00160	0.00639	0.00481	0.00279	0.00712
2	0.00818	0.00582	0.00735	0.00678	0.00817	0.00554	0.00513	0.05250	0.01511	0.02148	0.70190	0.03648	0.04516	0.01018	0.00597	0.00161	0.00264	0.00893	0.04593	0.00513
3	0.01246	0.11929	0.48218	0.01497	0.09979	0.01264	0.01562	0.03113	0.03619	0.08674	0.03423	0.01263	0.00899	0.00526	0.00485	0.00157	0.00667	0.00418	0.00289	0.00769
4	0.01352	0.00660	0.00800	0.00691	0.00908	0.00622	0.00543	0.05225	0.01371	0.24098	0.21522	0.02362	0.02224	0.00737	0.00482	0.00145	0.00317	0.00613	0.34707	0.00622
5	0.01252	0.01242	0.09839	0.11202	0.11828	0.02221	0.06143	0.07722	0.21229	0.05783	0.05737	0.01729	0.01305	0.02729	0.06721	0.00228	0.01442	0.00541	0.00383	0.00724
6	0.00753	0.00514	0.00597	0.00612	0.00661	0.00499	0.00400	0.00831	0.00943	0.01277	0.09319	0.08849	0.10294	0.48651	0.01812	0.00373	0.00424	0.07383	0.05432	0.00376
7	0.00996	0.00736	0.00963	0.01023	0.09252	0.00729	0.00696	0.04960	0.09901	0.06088	0.42113	0.06490	0.08394	0.00975	0.00592	0.00170	0.00345	0.04457	0.00522	0.00597
8	0.02894	0.01367	0.10153	0.15741	0.41667	0.01248	0.12821	0.04796	0.01207	0.01709	0.00983	0.01293	0.00778	0.00480	0.00526	0.00162	0.00680	0.00475	0.00263	0.00757
9	0.01461	0.64872	0.02534	0.00991	0.01430	0.01929	0.04594	0.12396	0.01268	0.01557	0.00835	0.00945	0.00719	0.00474	0.00375	0.00121	0.00569	0.00326	0.01905	0.00698
10	0.04382	0.00795	0.00894	0.00840	0.01054	0.00842	0.00664	0.02688	0.28655	0.05279	0.19804	0.03256	0.11392	0.00948	0.00569	0.00178	0.00360	0.11524	0.05248	0.00628
11	0.00665	0.00571	0.04447	0.00755	0.00831	0.00469	0.00555	0.00797	0.01052	0.01424	0.10599	0.69387	0.03461	0.01517	0.00651	0.00204	0.00319	0.01371	0.00480	0.00447
12	0.01091	0.01042	0.01900	0.31038	0.22933	0.01106	0.17591	0.01380	0.01084	0.01463	0.01075	0.05888	0.00924	0.00670	0.00688	0.08016	0.00669	0.00552	0.00259	0.00630
13	0.85377	0.01007	0.00765	0.00685	0.01007	0.01168	0.00564	0.01531	0.00886	0.02336	0.00725	0.00846	0.00564	0.00483	0.00322	0.00161	0.00403	0.00282	0.00322	0.00564
14	0.01494	0.73309	0.02566	0.00895	0.01336	0.01922	0.00878	0.01664	0.01105	0.09548	0.00867	0.00936	0.00735	0.00467	0.00354	0.00117	0.00545	0.00305	0.00268	0.00692
15	0.01249	0.34707	0.32444	0.05167	0.01802	0.01481	0.01293	0.01606	0.01097	0.05185	0.00901	0.01037	0.00706	0.00472	0.00421	0.00135	0.00625	0.00345	0.00251	0.09077
16	0.05016	0.00682	0.00885	0.04673	0.04361	0.00680	0.00642	0.01347	0.06833	0.10210	0.44187	0.04620	0.04237	0.01045	0.04349	0.00196	0.00380	0.00771	0.04308	0.00576
17	0.01625	0.05486	0.01379	0.01166	0.01438	0.40941	0.00899	0.10591	0.16105	0.01714	0.04905	0.04983	0.01229	0.00811	0.04287	0.00182	0.00738	0.00488	0.00370	0.00661
18	0.01042	0.02608	0.75266	0.05292	0.02318	0.01207	0.01901	0.01634	0.01097	0.01634	0.00934	0.01113	0.00661	0.00496	0.00496	0.00165	0.00766	0.00389	0.00220	0.00760
19	0.00637	0.00525	0.00563	0.00581	0.00736	0.00450	0.00437	0.00777	0.01182	0.01441	0.08334	0.12959	0.62258	0.01347	0.00627	0.00183	0.00280	0.05753	0.00488	0.00443
20	0.04605	0.01040	0.01683	0.39429	0.32316	0.01163	0.01392	0.01495	0.04774	0.01594	0.04772	0.01476	0.00989	0.00533	0.00515	0.00165	0.00617	0.00485	0.00276	0.00681
21	0.00697	0.00518	0.00651	0.00657	0.00772	0.00472	0.00486	0.00889	0.01310	0.01778	0.45402	0.19831	0.18952	0.01245	0.00629	0.00179	0.00271	0.04262	0.00533	0.00467
22	0.01107	0.08314	0.48586	0.09782	0.02090	0.01208	0.01536	0.04827	0.04363	0.03134	0.09066	0.01455	0.01168	0.00570	0.00501	0.00162	0.00661	0.00458	0.00292	0.00722
23	0.08520	0.00528	0.00624	0.00696	0.00763	0.00519	0.00479	0.00833	0.00978	0.01401	0.04079	0.50339	0.07119	0.15122	0.00971	0.00256	0.00353	0.05556	0.00441	0.00423
24	0.01280	0.01208	0.01686	0.05378	0.45972	0.07380	0.01253	0.09323	0.01362	0.01822	0.08578	0.01893	0.09336	0.00634	0.00532	0.00157	0.00571	0.00565	0.00338	0.00732
25	0.31834	0.01714	0.27714	0.01286	0.01785	0.03167	0.13825	0.06339	0.01125	0.01979	0.00884	0.01066	0.00662	0.00508	0.00505	0.00167	0.04083	0.00393	0.00285	0.00678
26	0.00855	0.00700	0.01063	0.17276	0.01556	0.00745	0.05062	0.01134	0.02959	0.01626	0.24587	0.05883	0.04592	0.05287	0.05193	0.00243	0.01926	0.18377	0.00421	0.00514
27	0.00811	0.00587	0.00773	0.04419	0.04644	0.00551	0.00623	0.00978	0.01164	0.05826	0.10009	0.28704	0.25420	0.01299	0.00632	0.00194	0.00353	0.12042	0.00478	0.00495
28	0.06062	0.13395	0.21010	0.05275	0.16731	0.01282	0.13927	0.01702	0.01174	0.11131	0.02832	0.01294	0.00886	0.00504	0.00493	0.00157	0.00651	0.00451	0.00302	0.00742
29	0.01404	0.40162	0.28577	0.01143	0.01680	0.08395	0.01248	0.03433	0.01172	0.07121	0.00913	0.01013	0.00716	0.00489	0.00419	0.00136	0.00655	0.00342	0.00264	0.00718
30	0.23124	0.01616	0.26302	0.01129	0.01616	0.01203	0.03409	0.12835	0.09454	0.10415	0.03326	0.01305	0.00957	0.00564	0.00468	0.00164	0.00562	0.00430	0.00380	0.00742
31	0.01305	0.00717	0.00939	0.00891	0.01102	0.00693	0.00725	0.01643	0.09465	0.24857	0.10370	0.10907	0.02532	0.04273	0.00700	0.00209	0.00421	0.27083	0.00538	0.00628
32	0.50255	0.09635	0.08527	0.00978	0.01387	0.01261	0.08906	0.03945	0.01059	0.08556	0.00908	0.01019	0.00679	0.00494	0.00394	0.00158	0.00512	0.00353	0.00329	0.00646
33	0.09028	0.38783	0.25368	0.01038	0.01527	0.01530	0.01130	0.02912	0.01061	0.02905	0.00906	0.01140	0.00770	0.04805	0.04973	0.00195	0.00650	0.00359	0.00252	0.00668
34	0.13061	0.21827	0.34095	0.01228	0.01764	0.01359	0.07745	0.01551	0.01081	0.01633	0.01058	0.01536	0.00910	0.00577	0.00465	0.00160	0.00643	0.08362	0.00267	0.00678
35	0.00734	0.00539	0.00772	0.00785	0.00857	0.00605	0.00583	0.00882	0.00842	0.01192	0.01590	0.10756	0.01620	0.15241	0.59704	0.00720	0.01145	0.00687	0.00306	0.00438
36	0.05326	0.05867	0.02037	0.12354	0.39432	0.09153	0.11692	0.01592	0.01164	0.01586	0.00946	0.01277	0.00786	0.02201	0.00577	0.00165	0.02413	0.00458	0.00258	0.00717
37	0.01214	0.27546	0.48418	0.04114	0.01968	0.01454	0.01525	0.01652	0.01103	0.05225	0.00922	0.01059	0.00694	0.00487	0.00446	0.00148	0.00684	0.00361	0.00242	0.00736
38	0.09767	0.19655	0.51278	0.01262	0.01901	0.01406	0.01523	0.04731	0.01125	0.01695	0.00881	0.01023	0.00661	0.00488	0.00443	0.00153	0.00678	0.00355	0.00243	0.00731

[dist]
# distance from previous block
# <min> <max>
0	1

# created by:
# /home/berkeley/.conda/envs/busco_data_prod/bin/msa2prfl.pl pipeline/OGs_align_augustus/33634/945.fs
