[name]
unknown

[dist]
# distance from previous block
# <min> <max>
0	364

[block]
# block no. 0 follows, 37 sequences, length 26
# corresponding to MSA columns:
# 431-456
name=unknown_A
#
# <colnr> <probs for GDERKNQSTAVLIFYWHMCP>
#	G	D	E	R	K	N	Q	S	T	A	V	L	I	F	Y	W	H	M	C	P
0	0.01722	0.01107	0.01334	0.01166	0.01499	0.01119	0.00972	0.24223	0.01892	0.14618	0.02290	0.03752	0.02113	0.05434	0.00828	0.00237	0.00584	0.27022	0.00584	0.07503
1	0.01144	0.00736	0.00988	0.00923	0.01122	0.00735	0.00712	0.01409	0.03411	0.10860	0.11209	0.11040	0.06379	0.02664	0.34028	0.00540	0.00943	0.00837	0.03236	0.07086
2	0.01369	0.01328	0.02324	0.32221	0.41322	0.01425	0.07615	0.01763	0.01332	0.01827	0.01134	0.01572	0.00906	0.00569	0.00618	0.00192	0.00787	0.00559	0.00291	0.00845
3	0.01586	0.01119	0.01195	0.01053	0.02629	0.09021	0.00789	0.03733	0.04497	0.16977	0.01868	0.10025	0.01631	0.07407	0.09727	0.00294	0.00678	0.00680	0.07250	0.17842
4	0.01258	0.08760	0.69987	0.01693	0.02570	0.01496	0.02172	0.01931	0.01289	0.01902	0.01080	0.01269	0.00776	0.00577	0.00568	0.00189	0.00886	0.00443	0.00259	0.00896
5	0.00746	0.00533	0.00710	0.00852	0.00888	0.00497	0.00568	0.00852	0.01172	0.01563	0.03374	0.78088	0.04049	0.01918	0.00781	0.00249	0.00355	0.01740	0.00568	0.00497
6	0.01367	0.01143	0.01463	0.04533	0.01532	0.01390	0.01041	0.18072	0.01477	0.02056	0.01795	0.24652	0.01898	0.04412	0.01294	0.00253	0.29568	0.00918	0.00444	0.00693
7	0.10683	0.01266	0.01488	0.01161	0.01624	0.01270	0.00956	0.23242	0.05543	0.43357	0.01984	0.01803	0.01308	0.00735	0.00591	0.00189	0.00559	0.00572	0.00670	0.01000
8	0.01020	0.00712	0.00855	0.00792	0.00994	0.00663	0.00603	0.01388	0.07611	0.07611	0.44236	0.04563	0.24096	0.01262	0.00706	0.00197	0.00328	0.01087	0.00647	0.00628
9	0.01975	0.01029	0.01270	0.01073	0.01411	0.01006	0.00845	0.14288	0.07953	0.34271	0.04814	0.20270	0.02211	0.01052	0.00652	0.00203	0.00489	0.00895	0.03419	0.00874
10	0.00890	0.00595	0.00677	0.00677	0.00681	0.00599	0.00383	0.00896	0.00893	0.01194	0.01920	0.03956	0.02204	0.76202	0.05372	0.00606	0.00626	0.00883	0.00370	0.00376
11	0.01472	0.01050	0.01255	0.00950	0.01431	0.00843	0.00754	0.01807	0.05388	0.13350	0.01554	0.07536	0.01304	0.00638	0.00514	0.00125	0.00458	0.00529	0.00455	0.58589
12	0.00807	0.00585	0.00763	0.00808	0.00906	0.00541	0.00577	0.01007	0.01455	0.01999	0.37391	0.38109	0.08150	0.01578	0.00752	0.00221	0.00326	0.02870	0.00619	0.00538
13	0.00878	0.00591	0.00686	0.00708	0.00717	0.00587	0.00419	0.00901	0.00944	0.01256	0.02148	0.12589	0.02487	0.66581	0.02756	0.00541	0.00565	0.03852	0.00401	0.00393
14	0.01383	0.00743	0.00969	0.00846	0.01089	0.00663	0.00658	0.01644	0.01705	0.22878	0.47428	0.03998	0.11238	0.01141	0.00692	0.00193	0.00356	0.00986	0.00687	0.00703
15	0.01423	0.01490	0.02008	0.01686	0.01762	0.07720	0.07236	0.01591	0.01043	0.01516	0.00851	0.01347	0.00813	0.00990	0.01787	0.00254	0.64984	0.00540	0.00275	0.00686
16	0.01451	0.00875	0.00935	0.00838	0.01077	0.00926	0.00647	0.08710	0.16737	0.08210	0.02081	0.02263	0.01606	0.04084	0.00617	0.00183	0.00396	0.00612	0.47021	0.00728
17	0.00999	0.00724	0.00957	0.00922	0.01029	0.00806	0.00677	0.06916	0.01111	0.01550	0.01714	0.02817	0.01702	0.26856	0.47563	0.00799	0.01240	0.00719	0.00364	0.00534
18	0.00890	0.00546	0.00659	0.00750	0.00824	0.00524	0.00517	0.01062	0.01213	0.01825	0.02872	0.50457	0.03145	0.01479	0.00652	0.00210	0.00330	0.01314	0.30209	0.00524
19	0.01350	0.14179	0.43027	0.07824	0.05957	0.01536	0.01790	0.07048	0.01438	0.02019	0.07177	0.01569	0.01225	0.00640	0.00570	0.00184	0.00782	0.00507	0.00323	0.00854
20	0.00756	0.00540	0.00719	0.00845	0.00890	0.00504	0.00569	0.00878	0.01219	0.01637	0.09272	0.71978	0.04192	0.01862	0.00776	0.00244	0.00350	0.01688	0.00577	0.00504
21	0.00988	0.00634	0.00842	0.00848	0.00982	0.00585	0.00628	0.01211	0.01523	0.08088	0.39702	0.29372	0.04691	0.01465	0.00742	0.00217	0.00349	0.05906	0.00638	0.00588
22	0.04501	0.13865	0.21130	0.01398	0.01975	0.01458	0.06961	0.12076	0.01629	0.21167	0.01614	0.04946	0.01231	0.00722	0.00586	0.00187	0.00696	0.02490	0.00468	0.00900
23	0.01603	0.01422	0.07243	0.09134	0.29440	0.05402	0.01416	0.02066	0.07498	0.13846	0.12818	0.02117	0.01841	0.00727	0.00623	0.00188	0.00648	0.00641	0.00455	0.00874
24	0.58304	0.05850	0.13183	0.07241	0.01693	0.01439	0.01029	0.01804	0.01109	0.02445	0.00912	0.01095	0.00701	0.00571	0.00432	0.00188	0.00582	0.00368	0.00344	0.00710
25	0.01454	0.01134	0.06977	0.01095	0.01329	0.06403	0.00923	0.01661	0.01311	0.16866	0.02190	0.05236	0.02129	0.22042	0.03840	0.00351	0.05015	0.18905	0.00485	0.00653

[dist]
# distance from previous block
# <min> <max>
0	9

[block]
# block no. 1 follows, 37 sequences, length 17
# corresponding to MSA columns:
# 466-482
name=unknown_B
#
# <colnr> <probs for GDERKNQSTAVLIFYWHMCP>
#	G	D	E	R	K	N	Q	S	T	A	V	L	I	F	Y	W	H	M	C	P
0	0.01672	0.11636	0.22804	0.01709	0.12029	0.01574	0.01493	0.16628	0.04877	0.08288	0.01494	0.01597	0.03638	0.00677	0.00631	0.00182	0.03887	0.00524	0.00411	0.04248
1	0.01905	0.05357	0.11329	0.01271	0.01735	0.06026	0.01144	0.06686	0.17574	0.24071	0.03193	0.01798	0.01367	0.00733	0.00678	0.00185	0.05730	0.00561	0.00532	0.08127
2	0.18695	0.01131	0.01354	0.01061	0.01518	0.01085	0.00876	0.09084	0.01713	0.54165	0.02017	0.01810	0.01302	0.00718	0.00568	0.00189	0.00525	0.00553	0.00669	0.00966
3	0.01499	0.01307	0.02078	0.30103	0.21315	0.01500	0.05410	0.08096	0.01412	0.06519	0.01182	0.01568	0.00923	0.00687	0.00851	0.00206	0.13628	0.00558	0.00342	0.00815
4	0.03875	0.03548	0.04283	0.07965	0.03959	0.02288	0.05515	0.13178	0.05958	0.21648	0.10836	0.06612	0.03026	0.00850	0.00653	0.00194	0.01956	0.00718	0.02088	0.00850
5	0.00841	0.00580	0.00685	0.00724	0.00748	0.00568	0.00440	0.00885	0.00997	0.01321	0.02545	0.24226	0.06605	0.51484	0.04332	0.00489	0.00542	0.01137	0.00434	0.00418
6	0.00906	0.00675	0.00920	0.13582	0.01390	0.00715	0.00712	0.01046	0.01101	0.01469	0.06747	0.20635	0.02673	0.34332	0.05754	0.00425	0.00611	0.05394	0.00428	0.00486
7	0.01513	0.14733	0.11397	0.08644	0.02172	0.10062	0.11024	0.06275	0.04643	0.01811	0.01255	0.01540	0.02802	0.00820	0.02276	0.02646	0.13087	0.00531	0.02007	0.00762
8	0.01549	0.01157	0.01723	0.32564	0.05223	0.01284	0.05991	0.02243	0.19298	0.15429	0.01873	0.04720	0.02738	0.00750	0.00631	0.00203	0.00664	0.00663	0.00469	0.00828
9	0.01050	0.00791	0.01082	0.01009	0.01029	0.00955	0.00742	0.01062	0.00897	0.01276	0.01364	0.02480	0.01436	0.25830	0.15802	0.20284	0.21477	0.00666	0.00310	0.00458
10	0.14088	0.01197	0.01652	0.15444	0.05068	0.01222	0.05858	0.09489	0.01628	0.35679	0.01712	0.01725	0.01150	0.00676	0.00586	0.00192	0.00627	0.00558	0.00548	0.00901
11	0.01685	0.01362	0.06338	0.06927	0.13798	0.01238	0.02506	0.09276	0.04867	0.15407	0.01474	0.03148	0.01129	0.00665	0.00674	0.00171	0.06079	0.00539	0.00446	0.22272
12	0.01479	0.39111	0.06761	0.01032	0.01458	0.01652	0.00976	0.06787	0.01487	0.06491	0.15166	0.02225	0.07489	0.00976	0.04307	0.00202	0.00618	0.00606	0.00422	0.00756
13	0.01217	0.01159	0.01640	0.01443	0.01472	0.01582	0.01188	0.01373	0.00950	0.01459	0.01024	0.01620	0.00995	0.01999	0.21522	0.00456	0.57413	0.00567	0.00284	0.00637
14	0.01649	0.06869	0.16837	0.01382	0.01871	0.01298	0.08082	0.06668	0.14830	0.17113	0.04571	0.06063	0.01724	0.02825	0.00696	0.00211	0.00649	0.05284	0.00509	0.00869
15	0.01219	0.06900	0.09527	0.34882	0.02789	0.01250	0.01347	0.01648	0.04467	0.01755	0.01278	0.06274	0.01083	0.00651	0.00561	0.00170	0.00673	0.00551	0.00328	0.22646
16	0.00971	0.00806	0.01121	0.14452	0.01644	0.00916	0.00915	0.01295	0.07944	0.01658	0.02581	0.45219	0.02870	0.01476	0.00883	0.00241	0.09449	0.04476	0.00486	0.00597

[dist]
# distance from previous block
# <min> <max>
0	3

[block]
# block no. 2 follows, 37 sequences, length 11
# corresponding to MSA columns:
# 486-496
name=unknown_C
#
# <colnr> <probs for GDERKNQSTAVLIFYWHMCP>
#	G	D	E	R	K	N	Q	S	T	A	V	L	I	F	Y	W	H	M	C	P
0	0.01037	0.00886	0.01259	0.01167	0.01226	0.01132	0.00923	0.01203	0.00958	0.01414	0.01380	0.02205	0.01352	0.11202	0.42639	0.00694	0.27802	0.00639	0.00312	0.00571
1	0.14333	0.01369	0.08801	0.06324	0.08629	0.03611	0.10381	0.01938	0.01391	0.17740	0.04526	0.12111	0.01605	0.00813	0.00607	0.00196	0.00640	0.00714	0.00461	0.03809
2	0.01537	0.13848	0.14158	0.01550	0.10707	0.01479	0.01267	0.10918	0.13166	0.07103	0.01919	0.11836	0.04356	0.00865	0.00633	0.00193	0.02442	0.00711	0.00455	0.00856
3	0.01226	0.02825	0.62296	0.01781	0.02599	0.01389	0.09750	0.01881	0.01287	0.01904	0.01152	0.01410	0.00845	0.00858	0.05939	0.00251	0.00970	0.00496	0.00269	0.00871
4	0.00999	0.00642	0.00823	0.00828	0.00973	0.00599	0.00612	0.01164	0.01343	0.08838	0.16118	0.24384	0.19270	0.04722	0.09039	0.03458	0.00514	0.04551	0.00560	0.00564
5	0.01552	0.12254	0.10503	0.33630	0.10766	0.11590	0.01559	0.01913	0.01365	0.07623	0.01153	0.01457	0.00877	0.00604	0.00570	0.00183	0.00809	0.00490	0.00318	0.00785
6	0.01700	0.21972	0.07650	0.01310	0.01780	0.01604	0.08376	0.16275	0.07358	0.10030	0.08706	0.03832	0.03358	0.00778	0.00588	0.00181	0.00635	0.02531	0.00481	0.00852
7	0.00817	0.00651	0.00989	0.00999	0.01108	0.00604	0.07533	0.00974	0.01237	0.01643	0.06141	0.62384	0.09104	0.01728	0.00769	0.00239	0.00415	0.01583	0.00547	0.00534
8	0.14188	0.09582	0.01580	0.14474	0.01929	0.01381	0.01012	0.14194	0.04327	0.08947	0.01370	0.01664	0.01088	0.04819	0.08823	0.00281	0.00724	0.00512	0.00425	0.08678
9	0.03119	0.06092	0.08726	0.11930	0.01958	0.05311	0.07277	0.05998	0.01399	0.04731	0.02117	0.17070	0.07184	0.01009	0.00708	0.00205	0.04690	0.03588	0.06188	0.00698
10	0.01131	0.00728	0.00878	0.00790	0.00982	0.00700	0.00604	0.01370	0.01420	0.07263	0.25312	0.03394	0.09648	0.06829	0.00872	0.00207	0.05104	0.02144	0.22112	0.08513

[dist]
# distance from previous block
# <min> <max>
7	91

[block]
# block no. 3 follows, 37 sequences, length 31
# corresponding to MSA columns:
# 605-635
name=unknown_D
#
# <colnr> <probs for GDERKNQSTAVLIFYWHMCP>
#	G	D	E	R	K	N	Q	S	T	A	V	L	I	F	Y	W	H	M	C	P
0	0.06939	0.18540	0.13863	0.06280	0.15767	0.01519	0.01372	0.01887	0.04365	0.08487	0.01463	0.07836	0.01290	0.00763	0.00635	0.00190	0.04524	0.03088	0.00374	0.00819
1	0.01794	0.11126	0.01677	0.01279	0.01598	0.27866	0.01011	0.15483	0.07814	0.02077	0.05171	0.06702	0.01573	0.03860	0.05943	0.00248	0.00829	0.02758	0.00436	0.00756
2	0.06833	0.08535	0.30508	0.01252	0.01921	0.01233	0.01363	0.01826	0.01290	0.06365	0.01136	0.01284	0.00865	0.00536	0.00503	0.00147	0.00653	0.00408	0.00338	0.33004
3	0.00871	0.00620	0.00826	0.00832	0.00896	0.00662	0.00580	0.01001	0.01024	0.01426	0.08002	0.08698	0.02344	0.33192	0.35564	0.00710	0.01021	0.00865	0.00391	0.00476
4	0.01408	0.00764	0.01009	0.05475	0.01287	0.00715	0.00726	0.03038	0.01535	0.22256	0.20678	0.22016	0.09296	0.01225	0.00681	0.00204	0.00411	0.01067	0.05513	0.00696
5	0.01576	0.01413	0.02175	0.31013	0.25763	0.07646	0.09227	0.01941	0.01404	0.10079	0.01263	0.01604	0.00953	0.00599	0.00617	0.00192	0.00802	0.00559	0.00345	0.00830
6	0.01254	0.01527	0.11754	0.44420	0.03702	0.01426	0.23630	0.01734	0.01301	0.01734	0.01136	0.01595	0.00846	0.00578	0.00642	0.00203	0.00894	0.00587	0.00282	0.00754
7	0.01307	0.00724	0.00979	0.04422	0.01219	0.00670	0.00704	0.01534	0.01548	0.20117	0.31386	0.24231	0.06104	0.01293	0.00707	0.00208	0.00390	0.01140	0.00643	0.00673
8	0.01091	0.00860	0.01352	0.40510	0.02678	0.00980	0.01197	0.01371	0.01245	0.06020	0.02120	0.30393	0.02189	0.01158	0.00686	0.00223	0.00615	0.04258	0.00425	0.00628
9	0.06701	0.01198	0.01580	0.02887	0.05993	0.01373	0.01102	0.07014	0.06245	0.24380	0.01703	0.08098	0.01385	0.00936	0.01079	0.00221	0.26115	0.00662	0.00500	0.00833
10	0.06502	0.06386	0.01452	0.01105	0.01421	0.01368	0.00899	0.29803	0.01971	0.04937	0.15035	0.08768	0.07246	0.00985	0.00720	0.00194	0.06073	0.00777	0.03568	0.00791
11	0.01364	0.01292	0.02156	0.30758	0.43202	0.01373	0.01729	0.01737	0.01322	0.01838	0.01123	0.01541	0.00908	0.00563	0.00597	0.00183	0.00740	0.00532	0.00296	0.06746
12	0.00976	0.00616	0.00759	0.00728	0.00774	0.00593	0.00451	0.00916	0.00893	0.01217	0.01589	0.03110	0.01754	0.48220	0.02667	0.25873	0.00562	0.00734	0.00338	0.07232
13	0.01414	0.01480	0.01998	0.11220	0.06597	0.15300	0.19280	0.01729	0.01427	0.01844	0.10618	0.07267	0.01767	0.00809	0.00764	0.00197	0.07632	0.00718	0.07236	0.00704
14	0.00817	0.00596	0.00768	0.00784	0.00899	0.00547	0.00566	0.01037	0.01528	0.02107	0.46352	0.28000	0.10747	0.01487	0.00741	0.00211	0.00312	0.01323	0.00632	0.00547
15	0.01460	0.01655	0.12173	0.18078	0.04742	0.06578	0.13442	0.09418	0.09563	0.02118	0.01542	0.01773	0.03656	0.00658	0.00607	0.00187	0.00758	0.00586	0.05304	0.05701
16	0.00793	0.00581	0.00753	0.00860	0.00945	0.00541	0.00625	0.00950	0.01288	0.01695	0.09706	0.50443	0.13510	0.01775	0.00779	0.00244	0.00378	0.13041	0.00576	0.00518
17	0.11409	0.01578	0.01646	0.01284	0.01738	0.01750	0.01057	0.59798	0.02562	0.03626	0.01435	0.01470	0.01033	0.00714	0.00573	0.00182	0.00625	0.00527	0.06028	0.00966
18	0.06311	0.01118	0.01471	0.07106	0.16061	0.01188	0.01101	0.14922	0.08398	0.04889	0.02135	0.24288	0.02111	0.01091	0.00662	0.00212	0.00560	0.05091	0.00503	0.00784
19	0.01336	0.00832	0.01010	0.00935	0.01185	0.00785	0.00703	0.01771	0.13434	0.17018	0.07012	0.29475	0.12612	0.01288	0.00682	0.00208	0.00410	0.01122	0.00605	0.07578
20	0.04587	0.01418	0.01576	0.01265	0.01706	0.01529	0.01028	0.33413	0.22884	0.20996	0.01978	0.01841	0.01385	0.00763	0.00609	0.00192	0.00576	0.00601	0.00644	0.01009
21	0.06998	0.00890	0.01204	0.05624	0.01339	0.01011	0.05041	0.05003	0.01086	0.01595	0.01540	0.02711	0.01570	0.34383	0.17984	0.00541	0.09872	0.00709	0.00353	0.00547
22	0.16375	0.17013	0.16000	0.06498	0.02158	0.01578	0.12933	0.04408	0.03955	0.11741	0.01264	0.01405	0.00931	0.00596	0.00540	0.00183	0.00718	0.00490	0.00381	0.00834
23	0.00788	0.00565	0.00766	0.00888	0.00946	0.00543	0.00629	0.00932	0.01215	0.01630	0.07027	0.60946	0.03906	0.02043	0.06038	0.00301	0.00464	0.09301	0.00557	0.00512
24	0.00754	0.00539	0.00718	0.00847	0.00890	0.00503	0.00569	0.00873	0.01211	0.01625	0.08326	0.72958	0.04169	0.01871	0.00777	0.00245	0.00351	0.01696	0.00576	0.00503
25	0.11367	0.07035	0.01486	0.01160	0.01431	0.17756	0.05630	0.01784	0.01338	0.06875	0.01787	0.02078	0.08256	0.06204	0.00881	0.00211	0.09645	0.00587	0.13821	0.00670
26	0.01966	0.14908	0.01991	0.01397	0.03876	0.06789	0.05426	0.09738	0.17971	0.20568	0.01716	0.01700	0.01257	0.00728	0.00697	0.00188	0.07101	0.00558	0.00513	0.00911
27	0.00901	0.00595	0.00710	0.00710	0.00721	0.00607	0.00423	0.00905	0.00893	0.01202	0.01836	0.03684	0.02069	0.65290	0.10632	0.06542	0.00698	0.00840	0.00359	0.00382
28	0.00764	0.00546	0.00729	0.00862	0.00908	0.00511	0.00590	0.00887	0.01210	0.01618	0.06676	0.71074	0.04103	0.01875	0.00782	0.00248	0.00363	0.05177	0.00573	0.00504
29	0.03386	0.01741	0.07846	0.08077	0.05402	0.12269	0.01247	0.28340	0.06326	0.07886	0.01813	0.02060	0.05604	0.00792	0.00616	0.00191	0.00716	0.04310	0.00497	0.00878
30	0.01650	0.21069	0.02510	0.21983	0.02666	0.01752	0.15328	0.14372	0.01588	0.06689	0.01199	0.01460	0.00914	0.00619	0.00631	0.00184	0.03666	0.00530	0.00368	0.00822

[dist]
# distance from previous block
# <min> <max>
0	9

[block]
# block no. 4 follows, 37 sequences, length 21
# corresponding to MSA columns:
# 645-665
name=unknown_E
#
# <colnr> <probs for GDERKNQSTAVLIFYWHMCP>
#	G	D	E	R	K	N	Q	S	T	A	V	L	I	F	Y	W	H	M	C	P
0	0.01495	0.06181	0.25507	0.01426	0.01939	0.01534	0.01440	0.13166	0.13813	0.03560	0.01401	0.01568	0.01083	0.00980	0.05925	0.00248	0.11208	0.00524	0.00399	0.06603
1	0.08179	0.01713	0.07878	0.08647	0.02397	0.06302	0.19127	0.23337	0.04819	0.08366	0.01373	0.01536	0.00994	0.00648	0.00637	0.00194	0.01953	0.00569	0.00447	0.00884
2	0.01028	0.00937	0.00917	0.01012	0.01108	0.12444	0.00733	0.01171	0.01299	0.01596	0.02969	0.54328	0.03449	0.01678	0.00756	0.00240	0.00507	0.12759	0.00528	0.00542
3	0.01139	0.00749	0.00893	0.00869	0.00992	0.00751	0.00599	0.06463	0.06927	0.07485	0.08225	0.28256	0.02946	0.29059	0.01576	0.00355	0.00481	0.01129	0.00528	0.00577
4	0.01362	0.00817	0.01081	0.06440	0.01401	0.00728	0.00758	0.01579	0.01410	0.18931	0.11884	0.28027	0.04613	0.01164	0.00656	0.00192	0.00437	0.01022	0.00564	0.16934
5	0.00813	0.00598	0.00772	0.00862	0.00964	0.00557	0.00643	0.00993	0.01346	0.01774	0.14867	0.39852	0.15374	0.01707	0.00777	0.00240	0.00382	0.16367	0.00584	0.00527
6	0.01328	0.01000	0.01076	0.01052	0.01234	0.07053	0.00782	0.14728	0.01597	0.07186	0.02737	0.47357	0.02999	0.01492	0.00723	0.00227	0.00502	0.05701	0.00569	0.00660
7	0.08155	0.01259	0.06085	0.07211	0.07390	0.01214	0.01060	0.14575	0.08304	0.15098	0.01881	0.02109	0.04312	0.06650	0.05920	0.00272	0.00660	0.00614	0.06408	0.00824
8	0.00908	0.00643	0.00744	0.00747	0.00932	0.00563	0.00565	0.01088	0.01432	0.06932	0.14491	0.16914	0.43737	0.01522	0.00734	0.00216	0.00348	0.06326	0.00596	0.00562
9	0.00774	0.00566	0.00712	0.00791	0.00866	0.00521	0.00540	0.00910	0.01276	0.01697	0.15635	0.49572	0.14270	0.07731	0.00945	0.00260	0.00356	0.01503	0.00571	0.00504
10	0.01931	0.02303	0.01853	0.01598	0.01922	0.49723	0.11348	0.02232	0.07314	0.01621	0.01253	0.05568	0.01094	0.00810	0.00729	0.06139	0.00961	0.00549	0.00349	0.00703
11	0.01628	0.14009	0.30385	0.01572	0.06053	0.10436	0.01550	0.02331	0.15517	0.08590	0.01438	0.01501	0.01070	0.00641	0.00562	0.00182	0.00763	0.00493	0.00385	0.00892
12	0.01212	0.01148	0.02005	0.42929	0.16315	0.01292	0.09947	0.01578	0.01236	0.01649	0.01227	0.01860	0.01024	0.06975	0.06828	0.00293	0.00874	0.00601	0.00294	0.00715
13	0.01040	0.00638	0.00797	0.00758	0.00920	0.00592	0.00572	0.01304	0.01582	0.07420	0.45088	0.09394	0.07849	0.01181	0.00663	0.00189	0.00315	0.02271	0.16830	0.00600
14	0.01701	0.02250	0.24546	0.01621	0.02135	0.18101	0.08727	0.04481	0.09741	0.08493	0.01360	0.01507	0.01017	0.00690	0.00744	0.00194	0.08869	0.00524	0.02453	0.00844
15	0.00761	0.00576	0.00703	0.00768	0.00874	0.00518	0.00539	0.00916	0.01341	0.01753	0.17190	0.43005	0.25466	0.01686	0.00753	0.00226	0.00329	0.01490	0.00588	0.00518
16	0.01409	0.13533	0.07523	0.06568	0.01779	0.01430	0.05007	0.11289	0.06852	0.04258	0.20334	0.02450	0.05325	0.00879	0.00759	0.00193	0.08471	0.00702	0.00472	0.00768
17	0.07283	0.00867	0.06617	0.00838	0.01065	0.00701	0.00708	0.01247	0.01621	0.02381	0.58101	0.04130	0.09821	0.01167	0.00684	0.00193	0.00353	0.01008	0.00611	0.00605
18	0.01395	0.08443	0.38670	0.01557	0.02215	0.01552	0.05610	0.03717	0.26276	0.02151	0.01574	0.01633	0.01167	0.00662	0.00589	0.00194	0.00742	0.00542	0.00394	0.00916
19	0.08265	0.12600	0.06688	0.03379	0.04900	0.01627	0.06684	0.20295	0.07000	0.16136	0.01483	0.01538	0.01077	0.00684	0.00647	0.00187	0.04882	0.00530	0.00486	0.00912
20	0.01621	0.01620	0.01624	0.32058	0.03919	0.25024	0.01280	0.01891	0.01424	0.07431	0.01346	0.07481	0.01156	0.02456	0.00650	0.00191	0.00814	0.00589	0.00357	0.07069

[dist]
# distance from previous block
# <min> <max>
39	255

[block]
# block no. 5 follows, 37 sequences, length 18
# corresponding to MSA columns:
# 936-953
name=unknown_F
#
# <colnr> <probs for GDERKNQSTAVLIFYWHMCP>
#	G	D	E	R	K	N	Q	S	T	A	V	L	I	F	Y	W	H	M	C	P
0	0.03764	0.07538	0.18813	0.01183	0.01761	0.01149	0.01172	0.03899	0.02717	0.25495	0.01664	0.03417	0.02349	0.00655	0.00548	0.00162	0.00598	0.00520	0.00477	0.22120
1	0.00876	0.00623	0.00830	0.00836	0.00893	0.00677	0.00580	0.00992	0.00949	0.01321	0.01840	0.06185	0.01945	0.37758	0.40172	0.00778	0.01117	0.00805	0.00357	0.00465
2	0.13003	0.02224	0.01482	0.01363	0.01622	0.49550	0.01028	0.02058	0.01491	0.01663	0.01220	0.09520	0.01176	0.03592	0.00752	0.00196	0.06488	0.00559	0.00350	0.00665
3	0.02014	0.01112	0.01586	0.23790	0.02355	0.01189	0.01185	0.05194	0.04821	0.38019	0.03846	0.01933	0.01356	0.00760	0.00749	0.00202	0.07856	0.00601	0.00552	0.00882
4	0.09860	0.08127	0.16477	0.01314	0.01810	0.13793	0.02506	0.09044	0.01524	0.12330	0.01298	0.01446	0.00983	0.01000	0.07688	0.00248	0.02266	0.00472	0.00402	0.07414
5	0.00922	0.00799	0.00822	0.00857	0.00980	0.07649	0.00611	0.01094	0.01425	0.01829	0.24028	0.37254	0.16368	0.01542	0.00733	0.00217	0.00399	0.01354	0.00575	0.00544
6	0.00809	0.00571	0.00743	0.00840	0.00892	0.00544	0.00578	0.00935	0.01208	0.01621	0.10767	0.49782	0.03861	0.15243	0.01191	0.00306	0.00411	0.08663	0.00545	0.00491
7	0.01166	0.01984	0.33733	0.11951	0.02540	0.01242	0.14072	0.01713	0.03726	0.01862	0.03500	0.10239	0.06261	0.00833	0.00652	0.00207	0.00780	0.02408	0.00352	0.00777
8	0.01665	0.12338	0.02505	0.05428	0.36823	0.17100	0.09213	0.01974	0.01428	0.01781	0.01063	0.01370	0.00891	0.00577	0.00625	0.00176	0.03387	0.00503	0.00298	0.00854
9	0.27352	0.00831	0.00871	0.00856	0.01081	0.00836	0.00634	0.01350	0.01173	0.06076	0.02261	0.40737	0.02478	0.01260	0.00607	0.00209	0.00413	0.01075	0.00496	0.09403
10	0.00976	0.00886	0.06847	0.00863	0.01065	0.00726	0.00704	0.04324	0.04205	0.02110	0.33811	0.11935	0.10553	0.12563	0.01044	0.00256	0.00416	0.01038	0.05081	0.00594
11	0.01186	0.09293	0.01628	0.22634	0.02176	0.01082	0.07746	0.01437	0.01272	0.07541	0.02239	0.33099	0.03877	0.01163	0.00671	0.00214	0.00594	0.01051	0.00442	0.00656
12	0.01169	0.01078	0.01745	0.55725	0.10294	0.01240	0.01520	0.01534	0.01241	0.01651	0.01279	0.07770	0.01102	0.00694	0.00608	0.00193	0.00731	0.00621	0.00309	0.09495
13	0.01221	0.01062	0.04208	0.09427	0.01886	0.00949	0.13628	0.01597	0.04641	0.07872	0.15455	0.15015	0.07392	0.00989	0.00665	0.00193	0.00563	0.00911	0.00488	0.11839
14	0.01625	0.08608	0.09834	0.01092	0.01564	0.01099	0.00981	0.07437	0.02955	0.18263	0.01815	0.14719	0.01588	0.00825	0.00571	0.00165	0.00540	0.00685	0.00489	0.25146
15	0.02252	0.04055	0.01642	0.01382	0.07522	0.02809	0.04938	0.04491	0.03055	0.48004	0.02178	0.09081	0.01608	0.00816	0.00622	0.00190	0.00571	0.00698	0.00630	0.03459
16	0.01491	0.12569	0.12372	0.01245	0.01676	0.05073	0.05039	0.05695	0.13122	0.08953	0.09735	0.11494	0.03661	0.00891	0.00610	0.00187	0.00602	0.00751	0.00484	0.04347
17	0.01305	0.01178	0.12018	0.10094	0.01783	0.00908	0.01111	0.01683	0.04021	0.13837	0.08330	0.08620	0.10868	0.01127	0.00688	0.00216	0.00564	0.16867	0.00519	0.04264

[dist]
# distance from previous block
# <min> <max>
2	34

[block]
# block no. 6 follows, 37 sequences, length 22
# corresponding to MSA columns:
# 992-1013
name=unknown_G
#
# <colnr> <probs for GDERKNQSTAVLIFYWHMCP>
#	G	D	E	R	K	N	Q	S	T	A	V	L	I	F	Y	W	H	M	C	P
0	0.01768	0.01099	0.01558	0.12889	0.01998	0.01113	0.07299	0.07283	0.11770	0.26315	0.12086	0.02601	0.07774	0.00853	0.00648	0.00197	0.00569	0.00741	0.00587	0.00852
1	0.13888	0.03745	0.01688	0.37099	0.05850	0.01338	0.03769	0.01677	0.01234	0.07646	0.01486	0.05061	0.04658	0.00752	0.00710	0.00205	0.07521	0.00604	0.00357	0.00710
2	0.01487	0.07583	0.01465	0.20949	0.02052	0.01054	0.01048	0.01778	0.02561	0.20183	0.07654	0.12849	0.02113	0.01314	0.07375	0.00275	0.00672	0.06357	0.00499	0.00731
3	0.15947	0.01555	0.15811	0.05207	0.01848	0.01214	0.02161	0.10071	0.03611	0.17729	0.04364	0.01745	0.03508	0.00680	0.00553	0.00178	0.00602	0.00531	0.00477	0.12207
4	0.00943	0.00751	0.01052	0.07695	0.01373	0.00700	0.04252	0.01165	0.01324	0.01851	0.17485	0.31115	0.06374	0.04548	0.00783	0.00215	0.00437	0.01138	0.03656	0.13143
5	0.12570	0.01288	0.01295	0.01102	0.01437	0.08198	0.00870	0.20680	0.01787	0.18636	0.02083	0.09960	0.04812	0.07850	0.00834	0.00233	0.00593	0.04420	0.00555	0.00797
6	0.01795	0.24042	0.02245	0.12286	0.10002	0.14498	0.01270	0.16314	0.08121	0.02116	0.01205	0.01367	0.00958	0.00627	0.00539	0.00169	0.00750	0.00471	0.00380	0.00846
7	0.01842	0.01214	0.01410	0.03034	0.01616	0.03203	0.00890	0.14151	0.04269	0.21191	0.05190	0.01821	0.01403	0.00665	0.00556	0.00150	0.00532	0.01807	0.00532	0.34525
8	0.07764	0.01023	0.03181	0.03180	0.01478	0.05096	0.10511	0.01483	0.01299	0.10457	0.04871	0.34942	0.02596	0.08146	0.00905	0.00252	0.00564	0.01116	0.00496	0.00639
9	0.01133	0.01530	0.18953	0.01684	0.15640	0.06939	0.01275	0.01437	0.01289	0.01732	0.02207	0.38804	0.02412	0.01231	0.00681	0.00215	0.00618	0.01094	0.00423	0.00703
10	0.01269	0.01088	0.01269	0.00907	0.01451	0.00816	0.00725	0.01541	0.01269	0.01995	0.01088	0.01269	0.00907	0.00453	0.00453	0.00091	0.00453	0.00363	0.00363	0.82229
11	0.02077	0.01699	0.01689	0.01374	0.01804	0.08396	0.01106	0.45095	0.24450	0.03250	0.01736	0.01687	0.01272	0.00755	0.00610	0.00189	0.00654	0.00580	0.00589	0.00989
12	0.01557	0.00821	0.01033	0.00887	0.01171	0.00742	0.00696	0.05523	0.01699	0.27414	0.27360	0.07729	0.18541	0.01152	0.00683	0.00197	0.00398	0.00980	0.00672	0.00746
13	0.00926	0.00666	0.00855	0.00946	0.01039	0.00656	0.00689	0.07322	0.01362	0.01811	0.03182	0.59744	0.03695	0.01776	0.00777	0.00248	0.00417	0.12760	0.00571	0.00556
14	0.05426	0.04404	0.00852	0.00784	0.00937	0.00714	0.00598	0.01341	0.01260	0.05826	0.02449	0.25102	0.02460	0.04126	0.00688	0.00211	0.00390	0.08870	0.32983	0.00581
15	0.01473	0.00963	0.01132	0.01012	0.01232	0.01013	0.00758	0.15418	0.10397	0.11437	0.02160	0.10885	0.02047	0.24336	0.09146	0.00403	0.00667	0.04295	0.00524	0.00702
16	0.01593	0.01318	0.01424	0.04882	0.01713	0.01515	0.01002	0.12398	0.56756	0.02672	0.02260	0.02143	0.01691	0.00801	0.00611	0.00201	0.00515	0.00660	0.04902	0.00944
17	0.00789	0.00576	0.00726	0.00784	0.00870	0.00531	0.00542	0.00946	0.01340	0.01802	0.24098	0.41579	0.13549	0.07795	0.00943	0.00255	0.00349	0.01431	0.00583	0.00513
18	0.01166	0.00710	0.00860	0.00838	0.01013	0.00692	0.00631	0.02786	0.07230	0.09348	0.20666	0.21440	0.05792	0.01229	0.00655	0.00200	0.00364	0.04505	0.19235	0.00639
19	0.14645	0.02089	0.01501	0.01317	0.01672	0.39621	0.01019	0.08474	0.08118	0.10800	0.01330	0.01386	0.01004	0.00666	0.00540	0.00172	0.00813	0.00458	0.03586	0.00788
20	0.14301	0.01494	0.01514	0.01222	0.01659	0.06674	0.00991	0.29437	0.13013	0.18876	0.01694	0.01626	0.01193	0.00715	0.00571	0.00185	0.00605	0.00538	0.00584	0.03107
21	0.06982	0.13439	0.03772	0.01284	0.01701	0.09556	0.05977	0.19092	0.01731	0.14434	0.01452	0.01663	0.01128	0.04455	0.10381	0.00296	0.00831	0.00534	0.00459	0.00832

[dist]
# distance from previous block
# <min> <max>
7	44

[block]
# block no. 7 follows, 37 sequences, length 24
# corresponding to MSA columns:
# 1058-1081
name=unknown_H
#
# <colnr> <probs for GDERKNQSTAVLIFYWHMCP>
#	G	D	E	R	K	N	Q	S	T	A	V	L	I	F	Y	W	H	M	C	P
0	0.06093	0.00764	0.00837	0.00782	0.00940	0.00773	0.00558	0.04226	0.05124	0.05015	0.01967	0.03203	0.01902	0.34022	0.01634	0.00353	0.00496	0.06170	0.19837	0.05303
1	0.02014	0.01780	0.07346	0.01335	0.01836	0.09568	0.01145	0.38061	0.07829	0.06904	0.01450	0.01479	0.01061	0.00672	0.00577	0.00168	0.00676	0.00508	0.00518	0.15074
2	0.01705	0.21990	0.01972	0.08816	0.01873	0.04848	0.01034	0.12474	0.08962	0.08159	0.01329	0.01423	0.01029	0.00601	0.00512	0.00150	0.00614	0.00456	0.00421	0.21634
3	0.01735	0.58857	0.02863	0.01164	0.01668	0.04336	0.02894	0.11506	0.06587	0.01860	0.01063	0.01160	0.00900	0.00577	0.00452	0.00146	0.00667	0.00395	0.00337	0.00832
4	0.37482	0.01004	0.01022	0.00896	0.01225	0.01055	0.00714	0.01973	0.05722	0.19649	0.15152	0.07949	0.02147	0.00860	0.00544	0.00196	0.00442	0.00673	0.00552	0.00742
5	0.01613	0.07068	0.03518	0.16656	0.07812	0.01532	0.01234	0.08479	0.34835	0.07983	0.01859	0.01889	0.01384	0.00722	0.00600	0.00195	0.00611	0.00600	0.00502	0.00908
6	0.01062	0.00930	0.01556	0.29348	0.02471	0.01008	0.09990	0.01385	0.01336	0.01773	0.13046	0.09283	0.02484	0.07028	0.00895	0.00251	0.00659	0.14446	0.00426	0.00621
7	0.00887	0.00614	0.00783	0.00774	0.00909	0.00566	0.00572	0.01132	0.01575	0.03549	0.49650	0.17740	0.10127	0.01359	0.00715	0.00202	0.00311	0.02421	0.05545	0.00567
8	0.36757	0.01050	0.01100	0.00909	0.01307	0.01060	0.00745	0.02260	0.01400	0.35500	0.01951	0.01859	0.05551	0.00722	0.00510	0.00188	0.00474	0.00532	0.05305	0.00821
9	0.18385	0.00997	0.01212	0.00977	0.01374	0.00938	0.00796	0.02428	0.01607	0.47988	0.14658	0.02301	0.02089	0.00806	0.00587	0.00190	0.00471	0.00645	0.00667	0.00885
10	0.48485	0.01150	0.01120	0.00930	0.01337	0.01224	0.00765	0.06909	0.01410	0.25845	0.02884	0.01473	0.01082	0.00657	0.00478	0.00188	0.00494	0.00457	0.02309	0.00805
11	0.01027	0.00581	0.00615	0.00615	0.00692	0.00581	0.00402	0.01182	0.01104	0.01783	0.01966	0.03068	0.01868	0.36156	0.01653	0.00348	0.00426	0.00716	0.44738	0.00480
12	0.03048	0.47048	0.13925	0.01188	0.01694	0.01936	0.01209	0.01883	0.01272	0.09176	0.01194	0.05659	0.01049	0.00682	0.00594	0.00165	0.06668	0.00475	0.00333	0.00803
13	0.01637	0.78856	0.03208	0.01047	0.01571	0.02422	0.01047	0.01833	0.01244	0.01440	0.00851	0.00982	0.00786	0.00524	0.00393	0.00131	0.00655	0.00327	0.00262	0.00786
14	0.15902	0.01230	0.01393	0.07032	0.01713	0.01305	0.00951	0.23468	0.04773	0.24448	0.01716	0.01708	0.01193	0.00705	0.00553	0.00184	0.00554	0.00540	0.09738	0.00893
15	0.02304	0.01449	0.01713	0.01476	0.07387	0.01523	0.01118	0.38739	0.10018	0.25024	0.01839	0.01745	0.01267	0.00737	0.00614	0.00188	0.00611	0.00585	0.00633	0.01028
16	0.01059	0.00654	0.00783	0.00740	0.00866	0.00607	0.00506	0.01187	0.01293	0.09914	0.20561	0.07453	0.15453	0.34292	0.01736	0.00368	0.00452	0.01018	0.00531	0.00528
17	0.01156	0.01088	0.01836	0.77016	0.04216	0.01360	0.01700	0.01564	0.01224	0.01564	0.01088	0.01632	0.00816	0.00612	0.00612	0.00204	0.00816	0.00544	0.00272	0.00680
18	0.00928	0.00637	0.00794	0.00764	0.00928	0.00572	0.00569	0.01160	0.01587	0.06387	0.45678	0.13593	0.21368	0.01373	0.00723	0.00202	0.00315	0.01198	0.00641	0.00581
19	0.01017	0.00556	0.00809	0.00809	0.00824	0.00571	0.00546	0.00849	0.00834	0.01127	0.01242	0.02179	0.01260	0.11101	0.12810	0.61576	0.00694	0.00590	0.00286	0.00317
20	0.01529	0.04461	0.01852	0.44041	0.03155	0.05584	0.01455	0.17304	0.07190	0.02130	0.01250	0.01579	0.00943	0.00674	0.00665	0.00197	0.04287	0.00540	0.00375	0.00787
21	0.01530	0.01584	0.01819	0.01596	0.05147	0.19542	0.14004	0.08388	0.01566	0.01946	0.06700	0.16389	0.01917	0.00964	0.00763	0.00199	0.06668	0.03223	0.00423	0.05633
22	0.06002	0.47120	0.10756	0.01183	0.01693	0.01884	0.04410	0.01861	0.01294	0.07390	0.01272	0.01770	0.01136	0.02710	0.00560	0.00176	0.00669	0.06991	0.00340	0.00782
23	0.24470	0.23957	0.12437	0.01148	0.01667	0.06350	0.01109	0.09854	0.01440	0.06624	0.01069	0.01174	0.00829	0.00585	0.00467	0.00165	0.00651	0.00395	0.00372	0.05236

[dist]
# distance from previous block
# <min> <max>
3	24

[block]
# block no. 8 follows, 37 sequences, length 11
# corresponding to MSA columns:
# 1107-1117
name=unknown_I
#
# <colnr> <probs for GDERKNQSTAVLIFYWHMCP>
#	G	D	E	R	K	N	Q	S	T	A	V	L	I	F	Y	W	H	M	C	P
0	0.06861	0.25216	0.19753	0.08709	0.02062	0.06771	0.03486	0.01768	0.01299	0.01781	0.04054	0.05445	0.01169	0.00653	0.00520	0.00166	0.00711	0.00506	0.00318	0.08754
1	0.05918	0.07455	0.35410	0.08886	0.02353	0.06688	0.01636	0.09876	0.01508	0.07291	0.01191	0.01350	0.00866	0.00604	0.00556	0.00179	0.00785	0.00459	0.00353	0.06635
2	0.09712	0.06146	0.01598	0.04952	0.11054	0.01237	0.01022	0.05908	0.10863	0.18395	0.01639	0.04403	0.01261	0.00673	0.00548	0.00168	0.00548	0.00549	0.00488	0.18834
3	0.07046	0.01320	0.03711	0.03943	0.01683	0.01324	0.01008	0.23623	0.14657	0.02702	0.05373	0.02393	0.01673	0.00823	0.00601	0.00184	0.00561	0.09509	0.00521	0.17346
4	0.01774	0.01086	0.01655	0.05608	0.11340	0.01030	0.08053	0.02166	0.06630	0.28476	0.05806	0.09824	0.01942	0.00889	0.00653	0.00198	0.00582	0.05669	0.00557	0.06064
5	0.01167	0.00770	0.00975	0.04703	0.01226	0.00700	0.00683	0.01469	0.03663	0.12015	0.38962	0.03942	0.17138	0.01117	0.00673	0.00186	0.00373	0.00961	0.00613	0.08665
6	0.00769	0.00550	0.00737	0.00879	0.00925	0.00518	0.00609	0.00893	0.01195	0.01589	0.03361	0.71108	0.03997	0.01896	0.00788	0.00252	0.00376	0.08487	0.00568	0.00504
7	0.01160	0.00861	0.01324	0.35933	0.02493	0.00953	0.01124	0.01462	0.01387	0.08999	0.19215	0.17814	0.02724	0.01043	0.00673	0.00209	0.00568	0.00927	0.00476	0.00654
8	0.64149	0.01151	0.01021	0.00871	0.01272	0.01263	0.00718	0.02075	0.01207	0.19610	0.01217	0.01248	0.00862	0.00612	0.00434	0.00189	0.00485	0.00398	0.00467	0.00751
9	0.01339	0.01339	0.01875	0.01607	0.01607	0.01875	0.01339	0.01473	0.00937	0.01473	0.00804	0.01339	0.00804	0.01071	0.02009	0.00268	0.77367	0.00536	0.00268	0.00670
10	0.07768	0.06866	0.01780	0.04635	0.13528	0.01533	0.01151	0.26692	0.09652	0.10125	0.08677	0.01868	0.01576	0.00735	0.00591	0.00185	0.00599	0.00594	0.00529	0.00916

[dist]
# distance from previous block
# <min> <max>
0	2

[block]
# block no. 9 follows, 37 sequences, length 32
# corresponding to MSA columns:
# 1120-1151
name=unknown_J
#
# <colnr> <probs for GDERKNQSTAVLIFYWHMCP>
#	G	D	E	R	K	N	Q	S	T	A	V	L	I	F	Y	W	H	M	C	P
0	0.28937	0.01152	0.01347	0.05391	0.04938	0.02657	0.06724	0.10723	0.01399	0.04786	0.06233	0.05255	0.01562	0.15251	0.01023	0.00268	0.00595	0.00640	0.00431	0.00687
1	0.07668	0.01082	0.01286	0.00952	0.01464	0.00881	0.00771	0.01978	0.01392	0.23208	0.01455	0.01485	0.01065	0.00550	0.00495	0.00126	0.00474	0.00434	0.00478	0.52757
2	0.00971	0.00653	0.00831	0.00770	0.00945	0.00591	0.00583	0.01238	0.01687	0.07167	0.60104	0.04590	0.15027	0.01260	0.00715	0.00194	0.00307	0.01100	0.00665	0.00600
3	0.01023	0.00775	0.01042	0.00989	0.01090	0.00898	0.00745	0.06313	0.01096	0.01546	0.01629	0.02641	0.01605	0.22139	0.46533	0.00770	0.07566	0.00696	0.00354	0.00550
4	0.46198	0.19045	0.01615	0.00978	0.01414	0.01676	0.00849	0.13834	0.01437	0.06646	0.01043	0.01132	0.00802	0.00597	0.00435	0.00175	0.00551	0.00383	0.00412	0.00776
5	0.01381	0.00749	0.00943	0.00883	0.01084	0.00709	0.00662	0.06382	0.01539	0.18251	0.16057	0.30403	0.03215	0.01267	0.00666	0.00204	0.00390	0.01108	0.13426	0.00681
6	0.07427	0.08887	0.01838	0.02635	0.01809	0.01755	0.01088	0.48762	0.03922	0.13590	0.01520	0.01500	0.01073	0.00707	0.00577	0.00181	0.00636	0.00528	0.00579	0.00985
7	0.00983	0.00560	0.00737	0.00737	0.00737	0.00560	0.00457	0.00840	0.00840	0.01121	0.01465	0.02856	0.01603	0.37572	0.02728	0.44314	0.00560	0.00698	0.00315	0.00315
8	0.02276	0.01791	0.01658	0.01357	0.01781	0.18606	0.01084	0.31548	0.13509	0.17536	0.01702	0.01638	0.01209	0.00731	0.00601	0.00183	0.00711	0.00550	0.00575	0.00954
9	0.07333	0.01176	0.01496	0.20343	0.05262	0.01134	0.01062	0.09005	0.01414	0.02135	0.01113	0.01372	0.00883	0.00535	0.00511	0.00140	0.00581	0.00434	0.00364	0.43705
10	0.07504	0.59011	0.16526	0.01160	0.01744	0.02158	0.01246	0.01850	0.01238	0.01629	0.00897	0.01041	0.00775	0.00538	0.00427	0.00147	0.00688	0.00351	0.00270	0.00799
11	0.26011	0.01893	0.01678	0.01375	0.01793	0.22665	0.06908	0.26040	0.01894	0.02706	0.01120	0.01241	0.00849	0.00638	0.00535	0.00180	0.00766	0.00456	0.00434	0.00818
12	0.01204	0.01156	0.01988	0.65647	0.03977	0.01387	0.08665	0.01692	0.05065	0.01656	0.01177	0.01668	0.00883	0.00614	0.00623	0.00204	0.00820	0.00569	0.00294	0.00710
13	0.01156	0.00856	0.01017	0.00932	0.01042	0.00958	0.00664	0.10016	0.06466	0.01718	0.01771	0.03006	0.01791	0.41172	0.15407	0.00543	0.07112	0.00753	0.03063	0.00560
14	0.01694	0.00777	0.01050	0.00960	0.01207	0.00691	0.00725	0.01871	0.01473	0.36239	0.06400	0.38687	0.02940	0.01339	0.00700	0.00218	0.00430	0.01179	0.00663	0.00758
15	0.00757	0.00538	0.00711	0.00840	0.00877	0.00504	0.00558	0.00862	0.01172	0.01566	0.05161	0.72246	0.03998	0.05943	0.00903	0.00265	0.00366	0.01679	0.00561	0.00493
16	0.01930	0.01517	0.01614	0.01328	0.01747	0.01713	0.01067	0.38396	0.37756	0.03218	0.01974	0.01871	0.01449	0.00782	0.00618	0.00196	0.00580	0.00621	0.00618	0.01005
17	0.13340	0.01218	0.01411	0.01106	0.01549	0.01222	0.00910	0.22257	0.01941	0.40499	0.01911	0.01777	0.01271	0.00723	0.00570	0.00185	0.00542	0.00556	0.06053	0.00959
18	0.40950	0.01433	0.01371	0.01106	0.01542	0.01607	0.00913	0.35870	0.01952	0.06171	0.01211	0.01266	0.00879	0.00656	0.00500	0.00187	0.00572	0.00448	0.00506	0.00860
19	0.40795	0.01302	0.01230	0.01016	0.01434	0.06709	0.00829	0.08132	0.01506	0.29378	0.01485	0.01443	0.01017	0.00656	0.00498	0.00187	0.00554	0.00459	0.00533	0.00837
20	0.01637	0.78856	0.03208	0.01047	0.01571	0.02422	0.01047	0.01833	0.01244	0.01440	0.00851	0.00982	0.00786	0.00524	0.00393	0.00131	0.00655	0.00327	0.00262	0.00786
21	0.50736	0.01331	0.01213	0.01017	0.01426	0.01508	0.00833	0.20662	0.08496	0.05794	0.01232	0.01285	0.00911	0.00645	0.00473	0.00190	0.00529	0.00435	0.00478	0.00806
22	0.01760	0.01241	0.01435	0.01341	0.06388	0.01347	0.00987	0.09439	0.42196	0.15320	0.05617	0.02228	0.01835	0.00803	0.00613	0.00196	0.00505	0.00668	0.05132	0.00948
23	0.00847	0.00624	0.00758	0.00743	0.00902	0.00567	0.00565	0.01094	0.01580	0.02161	0.45045	0.06635	0.24450	0.01349	0.00716	0.00201	0.00314	0.05755	0.05138	0.00558
24	0.01077	0.00969	0.01580	0.58411	0.03408	0.01164	0.01425	0.01444	0.01311	0.01722	0.14256	0.07232	0.01912	0.00812	0.00643	0.00205	0.00692	0.00723	0.00363	0.00650
25	0.00746	0.00533	0.00710	0.00852	0.00888	0.00497	0.00568	0.00852	0.01172	0.01563	0.03374	0.78088	0.04049	0.01918	0.00781	0.00249	0.00355	0.01740	0.00568	0.00497
26	0.01063	0.00532	0.00797	0.00797	0.00797	0.00532	0.00532	0.00797	0.00797	0.01063	0.01063	0.01861	0.01063	0.02127	0.02392	0.82190	0.00532	0.00532	0.00266	0.00266
27	0.01911	0.48171	0.02662	0.01191	0.01701	0.02214	0.01094	0.29993	0.01894	0.02402	0.01097	0.01176	0.00887	0.00608	0.00480	0.00152	0.00662	0.00416	0.00401	0.00887
28	0.01330	0.00823	0.01007	0.00976	0.01183	0.00828	0.00736	0.01869	0.17914	0.14994	0.08763	0.31741	0.03045	0.01314	0.00691	0.00219	0.00417	0.05409	0.06023	0.00718
29	0.05915	0.11357	0.10272	0.04445	0.08717	0.01274	0.01200	0.04579	0.01569	0.39486	0.01812	0.01857	0.01264	0.00700	0.00578	0.00185	0.00618	0.02687	0.00546	0.00939
30	0.02546	0.01214	0.01513	0.01168	0.01625	0.01173	0.00959	0.23165	0.02035	0.50893	0.02077	0.01894	0.01356	0.00815	0.00698	0.04013	0.00566	0.00593	0.00692	0.01005
31	0.01508	0.01279	0.01929	0.16483	0.24360	0.01307	0.05856	0.10952	0.04460	0.05768	0.05370	0.01913	0.04349	0.00670	0.00608	0.00179	0.00661	0.00604	0.00411	0.11334

[dist]
# distance from previous block
# <min> <max>
0	74

[block]
# block no. 10 follows, 37 sequences, length 9
# corresponding to MSA columns:
# 1229-1237
name=unknown_K
#
# <colnr> <probs for GDERKNQSTAVLIFYWHMCP>
#	G	D	E	R	K	N	Q	S	T	A	V	L	I	F	Y	W	H	M	C	P
0	0.02041	0.01433	0.01675	0.07071	0.07384	0.03624	0.01145	0.31788	0.14055	0.16283	0.05765	0.01894	0.01497	0.00757	0.00619	0.00190	0.00620	0.00612	0.00587	0.00962
1	0.02051	0.01999	0.01556	0.01328	0.01691	0.38155	0.03154	0.06946	0.05767	0.12018	0.01413	0.01497	0.01071	0.00654	0.00550	0.00160	0.00799	0.00479	0.09696	0.09017
2	0.00931	0.00699	0.00888	0.00962	0.01082	0.00704	0.00726	0.01337	0.11614	0.01900	0.13625	0.39581	0.03867	0.01611	0.00765	0.00242	0.00413	0.17869	0.00590	0.00592
3	0.01221	0.00744	0.01053	0.00940	0.01154	0.00710	0.04341	0.01499	0.01526	0.13180	0.33409	0.03662	0.05244	0.01588	0.11402	0.00306	0.00575	0.06117	0.10674	0.00653
4	0.01399	0.00812	0.01057	0.08939	0.01421	0.00790	0.00766	0.05166	0.01649	0.18135	0.31213	0.03410	0.10571	0.01013	0.00645	0.00188	0.00416	0.00864	0.10840	0.00705
5	0.01142	0.00707	0.01025	0.00978	0.01132	0.00773	0.00758	0.01349	0.01087	0.11891	0.01769	0.02464	0.01574	0.08892	0.60539	0.00845	0.01412	0.00665	0.00392	0.00605
6	0.01434	0.05454	0.01922	0.45991	0.08695	0.01410	0.04212	0.02002	0.11596	0.09177	0.01419	0.01726	0.01051	0.00644	0.00606	0.00197	0.00732	0.00567	0.00374	0.00791
7	0.29753	0.01289	0.01367	0.01087	0.01533	0.01355	0.00897	0.23168	0.01844	0.29522	0.01606	0.01533	0.01086	0.00687	0.00534	0.00188	0.00550	0.00500	0.00586	0.00913
8	0.01365	0.01355	0.02015	0.01916	0.12084	0.01718	0.05392	0.01563	0.01056	0.01614	0.00899	0.01377	0.00842	0.00919	0.01621	0.00239	0.56444	0.00535	0.00282	0.06764

[dist]
# distance from previous block
# <min> <max>
0	3

[block]
# block no. 11 follows, 37 sequences, length 10
# corresponding to MSA columns:
# 1241-1250
name=unknown_L
#
# <colnr> <probs for GDERKNQSTAVLIFYWHMCP>
#	G	D	E	R	K	N	Q	S	T	A	V	L	I	F	Y	W	H	M	C	P
0	0.07654	0.08470	0.01358	0.01031	0.01296	0.01196	0.00837	0.05713	0.10176	0.12806	0.04152	0.02097	0.01527	0.05107	0.19306	0.00400	0.06657	0.00600	0.08882	0.00736
1	0.01640	0.01076	0.01307	0.00952	0.01479	0.00837	0.00769	0.01903	0.01390	0.20329	0.01421	0.01474	0.01059	0.00530	0.00494	0.00115	0.00470	0.00426	0.00462	0.61866
2	0.00905	0.00612	0.00724	0.00696	0.00851	0.00565	0.00522	0.01169	0.01566	0.02269	0.44979	0.04271	0.17188	0.01179	0.00653	0.00183	0.00292	0.01014	0.19797	0.00565
3	0.01049	0.00541	0.00812	0.00812	0.00820	0.00549	0.00549	0.00820	0.00812	0.01091	0.01107	0.01902	0.01099	0.02315	0.08026	0.75980	0.00616	0.00541	0.00271	0.00287
