[name]
unknown

[dist]
# distance from previous block
# <min> <max>
0	24

[block]
# block no. 0 follows, 40 sequences, length 9
# corresponding to MSA columns:
# 24-32
name=unknown_A
#
# <colnr> <probs for GDERKNQSTAVLIFYWHMCP>
#	G	D	E	R	K	N	Q	S	T	A	V	L	I	F	Y	W	H	M	C	P
0	0.01019	0.00584	0.00788	0.00793	0.00845	0.00601	0.00558	0.01041	0.06606	0.01318	0.01500	0.05761	0.01475	0.05815	0.04001	0.52681	0.00507	0.05579	0.08154	0.00374
1	0.01540	0.05929	0.01872	0.11556	0.16472	0.06147	0.06852	0.11976	0.03705	0.07228	0.01612	0.01809	0.06755	0.00709	0.00706	0.00182	0.08562	0.00575	0.05031	0.00780
2	0.01080	0.00788	0.01075	0.00947	0.01144	0.00779	0.06281	0.08231	0.01386	0.06035	0.15448	0.08067	0.15218	0.15265	0.12703	0.00372	0.00639	0.03476	0.00485	0.00581
3	0.06112	0.31530	0.10940	0.01341	0.04592	0.07807	0.08490	0.01964	0.11271	0.01777	0.01178	0.01314	0.00949	0.00564	0.00478	0.00155	0.00664	0.00439	0.05502	0.02931
4	0.00965	0.00710	0.00865	0.00907	0.01019	0.00723	0.00648	0.09899	0.07019	0.01818	0.02850	0.56857	0.03234	0.05253	0.00818	0.00243	0.00403	0.04662	0.00540	0.00567
5	0.01897	0.01808	0.01517	0.04478	0.01683	0.33441	0.01049	0.07159	0.05873	0.13481	0.05957	0.01587	0.01262	0.00738	0.00758	0.00178	0.12460	0.00509	0.03425	0.00740
6	0.07726	0.07890	0.18482	0.04917	0.06923	0.01204	0.03898	0.08879	0.01451	0.09545	0.11501	0.11640	0.01880	0.00822	0.00579	0.00184	0.00594	0.00695	0.00432	0.00759
7	0.22666	0.01198	0.01341	0.03707	0.12505	0.05303	0.00937	0.03434	0.05702	0.12421	0.01290	0.01414	0.00980	0.00592	0.00531	0.00161	0.03425	0.00445	0.06151	0.15793
8	0.03755	0.03234	0.08377	0.16508	0.13658	0.02766	0.03953	0.11991	0.12710	0.07326	0.01377	0.01535	0.01030	0.00606	0.00557	0.00173	0.00650	0.00513	0.00403	0.08877

[dist]
# distance from previous block
# <min> <max>
1	11

[block]
# block no. 1 follows, 40 sequences, length 11
# corresponding to MSA columns:
# 44-54
name=unknown_B
#
# <colnr> <probs for GDERKNQSTAVLIFYWHMCP>
#	G	D	E	R	K	N	Q	S	T	A	V	L	I	F	Y	W	H	M	C	P
0	0.03503	0.01016	0.05569	0.05431	0.01447	0.00816	0.00808	0.04844	0.01303	0.05361	0.07250	0.20784	0.01961	0.00877	0.00555	0.00154	0.00455	0.00755	0.00433	0.36677
1	0.09522	0.10610	0.18451	0.04873	0.15263	0.01289	0.01286	0.05418	0.01294	0.08779	0.01339	0.06683	0.01158	0.06582	0.00710	0.00201	0.00633	0.00552	0.00359	0.04996
2	0.01264	0.00982	0.01138	0.00850	0.01308	0.00782	0.00677	0.01587	0.05016	0.06276	0.01489	0.01598	0.04825	0.00538	0.00459	0.00107	0.00417	0.00435	0.06588	0.63663
3	0.00953	0.00673	0.00826	0.00778	0.00982	0.00580	0.00576	0.01147	0.01300	0.05382	0.17050	0.29260	0.11782	0.01233	0.00631	0.00181	0.00347	0.02550	0.05809	0.17959
4	0.62532	0.06240	0.01272	0.00957	0.01354	0.01384	0.06199	0.06107	0.01175	0.06913	0.00960	0.01079	0.00726	0.00553	0.00412	0.00177	0.00515	0.00371	0.00382	0.00692
5	0.01130	0.00839	0.01233	0.04069	0.01370	0.00878	0.08225	0.08681	0.01255	0.04888	0.01879	0.07563	0.01858	0.19273	0.22650	0.00492	0.00875	0.10065	0.02196	0.00583
6	0.01408	0.06008	0.04696	0.06226	0.06300	0.09688	0.01043	0.09051	0.04905	0.05046	0.08958	0.02237	0.07422	0.01039	0.05289	0.00227	0.10240	0.02729	0.04053	0.03434
7	0.01460	0.01371	0.05445	0.08576	0.18134	0.04216	0.08702	0.09521	0.01420	0.06297	0.01326	0.06515	0.01142	0.00702	0.00716	0.00179	0.08622	0.02121	0.00368	0.13166
8	0.27817	0.01270	0.05694	0.05762	0.01536	0.07041	0.03962	0.03917	0.01217	0.02044	0.07875	0.12459	0.01592	0.00836	0.00679	0.00190	0.09237	0.00639	0.00384	0.05849
9	0.01227	0.08133	0.01474	0.09250	0.01609	0.01046	0.08279	0.03976	0.08875	0.08170	0.16277	0.08420	0.05010	0.10104	0.05363	0.00273	0.00595	0.00795	0.00465	0.00659
10	0.01646	0.01434	0.04876	0.01656	0.12066	0.05906	0.06865	0.16756	0.14004	0.09330	0.05993	0.04571	0.01492	0.02231	0.00773	0.00197	0.08273	0.00628	0.00467	0.00836

[dist]
# distance from previous block
# <min> <max>
9	27

[block]
# block no. 2 follows, 40 sequences, length 66
# corresponding to MSA columns:
# 91-108,169-184,197-228
name=unknown_C
#
# <colnr> <probs for GDERKNQSTAVLIFYWHMCP>
#	G	D	E	R	K	N	Q	S	T	A	V	L	I	F	Y	W	H	M	C	P
0	0.04506	0.07108	0.04476	0.01299	0.04870	0.03716	0.06880	0.10045	0.08258	0.26760	0.03959	0.04079	0.05094	0.00781	0.00587	0.00182	0.00578	0.04296	0.00531	0.01994
1	0.09241	0.07377	0.09747	0.03770	0.10177	0.08322	0.01155	0.09346	0.15057	0.12247	0.06631	0.01706	0.01393	0.00673	0.00546	0.00176	0.00614	0.00534	0.00455	0.00834
2	0.01864	0.13014	0.03039	0.01232	0.01595	0.17046	0.03533	0.09136	0.08019	0.19433	0.03483	0.05819	0.01446	0.00784	0.00625	0.00178	0.04072	0.04409	0.00474	0.00796
3	0.01204	0.01189	0.05427	0.01498	0.08958	0.01125	0.11751	0.01971	0.26579	0.01977	0.02337	0.14012	0.07581	0.00933	0.00632	0.00195	0.00551	0.04715	0.00466	0.06898
4	0.01220	0.00869	0.01126	0.07755	0.01436	0.02315	0.04097	0.08565	0.05480	0.10404	0.07930	0.30873	0.11524	0.01226	0.00662	0.00204	0.00463	0.01081	0.02122	0.00649
5	0.01770	0.13816	0.25018	0.01510	0.07621	0.01376	0.05122	0.05498	0.05291	0.25108	0.01493	0.01508	0.01045	0.00609	0.00547	0.00174	0.00672	0.00496	0.00433	0.00893
6	0.01098	0.00910	0.01171	0.04232	0.15536	0.06437	0.00917	0.01287	0.01259	0.05619	0.02604	0.40404	0.05910	0.01337	0.00684	0.00215	0.00502	0.08793	0.00472	0.00615
7	0.01245	0.01155	0.01938	0.08038	0.48018	0.01171	0.04001	0.01559	0.01277	0.01777	0.01670	0.05794	0.05232	0.01025	0.06328	0.00245	0.00719	0.07684	0.00337	0.00786
8	0.01547	0.01462	0.02424	0.08370	0.36658	0.04611	0.19295	0.08711	0.01472	0.05255	0.01171	0.01477	0.00917	0.00563	0.00649	0.00182	0.03489	0.00556	0.00333	0.00856
9	0.01470	0.01399	0.02378	0.08984	0.50401	0.01427	0.12275	0.08112	0.04114	0.02035	0.01174	0.01490	0.00941	0.00545	0.00594	0.00179	0.00727	0.00548	0.00323	0.00885
10	0.01199	0.01067	0.01792	0.47107	0.14316	0.01221	0.05348	0.01555	0.01271	0.04771	0.10494	0.01895	0.01424	0.00664	0.00646	0.00191	0.03415	0.00596	0.00332	0.00697
11	0.02440	0.00965	0.01306	0.01030	0.01446	0.00846	0.00846	0.04046	0.01644	0.68258	0.02354	0.06284	0.01628	0.00810	0.00601	0.00186	0.00491	0.03173	0.00701	0.00946
12	0.01271	0.00989	0.01146	0.01150	0.01364	0.05120	0.00981	0.16029	0.02900	0.02124	0.02606	0.05136	0.02700	0.01353	0.00739	0.00241	0.00584	0.52390	0.00533	0.00641
13	0.05102	0.15657	0.31219	0.01367	0.01990	0.01494	0.04478	0.13309	0.01537	0.16556	0.01297	0.01351	0.00916	0.00595	0.00530	0.00172	0.00701	0.00460	0.00398	0.00873
14	0.00775	0.00633	0.00718	0.00719	0.00879	0.00591	0.00540	0.01005	0.04559	0.01722	0.16750	0.15964	0.45266	0.01435	0.00738	0.00204	0.03084	0.03346	0.00549	0.00523
15	0.28168	0.01067	0.01215	0.00966	0.01388	0.01048	0.00797	0.06308	0.01509	0.49162	0.01777	0.01621	0.01160	0.00662	0.00514	0.00180	0.00488	0.00496	0.00599	0.00876
16	0.01126	0.00952	0.01363	0.04465	0.01569	0.02906	0.10590	0.03058	0.14285	0.01800	0.02367	0.09428	0.04070	0.01418	0.04945	0.06438	0.00639	0.27491	0.00464	0.00626
17	0.08736	0.01212	0.01523	0.04090	0.10243	0.01234	0.01042	0.20837	0.05588	0.33493	0.01797	0.01870	0.01272	0.00712	0.00574	0.00183	0.00561	0.03539	0.00575	0.00918
18	0.01206	0.01034	0.01206	0.00861	0.01378	0.00775	0.00689	0.01464	0.01206	0.01895	0.01034	0.01206	0.00861	0.00431	0.00431	0.00086	0.00431	0.00345	0.00345	0.83118
19	0.37048	0.00941	0.00905	0.00795	0.01044	0.01015	0.00594	0.06926	0.01155	0.11679	0.01417	0.02151	0.01300	0.29271	0.01350	0.00319	0.00511	0.00558	0.00420	0.00602
20	0.01460	0.01396	0.02403	0.08832	0.56436	0.01415	0.10561	0.06837	0.01417	0.01988	0.01121	0.01460	0.00910	0.00532	0.00590	0.00177	0.00729	0.00539	0.00307	0.00889
21	0.12359	0.01756	0.01995	0.01550	0.01996	0.17354	0.18448	0.28925	0.01905	0.06377	0.01212	0.01338	0.00891	0.00609	0.00567	0.00175	0.00775	0.00508	0.00433	0.00829
22	0.00717	0.00534	0.00668	0.00753	0.00834	0.00485	0.00520	0.00847	0.01219	0.01598	0.11863	0.54956	0.19535	0.01676	0.00724	0.00222	0.00321	0.01494	0.00551	0.00485
23	0.05392	0.00639	0.00801	0.00824	0.00940	0.00611	0.00583	0.01213	0.01152	0.13312	0.02629	0.41214	0.02885	0.18445	0.01183	0.00298	0.00432	0.06388	0.00518	0.00541
24	0.01123	0.01027	0.01863	0.01578	0.01888	0.01002	0.27404	0.01545	0.05308	0.01822	0.02350	0.04511	0.02367	0.01157	0.00749	0.00238	0.00693	0.42277	0.00451	0.00647
25	0.01591	0.01692	0.01786	0.01496	0.01850	0.22723	0.14939	0.02486	0.34674	0.01959	0.01665	0.01748	0.01291	0.00944	0.06302	0.00239	0.00807	0.00581	0.00432	0.00795
26	0.49479	0.01050	0.01018	0.00877	0.01236	0.01126	0.00725	0.04914	0.01291	0.21061	0.05287	0.01819	0.01304	0.00705	0.00476	0.00186	0.00466	0.05771	0.00487	0.00724
27	0.00836	0.00561	0.00635	0.00642	0.00647	0.00558	0.00363	0.00844	0.00868	0.01154	0.01981	0.07509	0.03687	0.74200	0.02806	0.00540	0.00547	0.00893	0.00365	0.00361
28	0.00937	0.00669	0.00937	0.01071	0.01205	0.00669	0.00937	0.01205	0.01339	0.01740	0.03079	0.06560	0.03347	0.01606	0.00803	0.00268	0.00535	0.72021	0.00535	0.00535
29	0.00906	0.00647	0.00902	0.01036	0.01156	0.00643	0.00883	0.01151	0.01308	0.01706	0.03096	0.16363	0.03414	0.01636	0.00795	0.00263	0.00509	0.62522	0.00536	0.00527
30	0.00935	0.00555	0.00832	0.00832	0.00876	0.00598	0.00598	0.00876	0.00832	0.01153	0.01241	0.01985	0.01197	0.03006	0.33842	0.48497	0.00948	0.00555	0.00277	0.00365
31	0.00937	0.00669	0.00937	0.01071	0.01205	0.00669	0.00937	0.01205	0.01339	0.01740	0.03079	0.06560	0.03347	0.01606	0.00803	0.00268	0.00535	0.72021	0.00535	0.00535
32	0.02099	0.01538	0.01657	0.01299	0.01741	0.01704	0.01064	0.59139	0.14768	0.06509	0.01596	0.01550	0.01139	0.00714	0.00584	0.00179	0.00604	0.00549	0.00589	0.00978
33	0.83671	0.01125	0.00855	0.00765	0.01125	0.01305	0.00630	0.01709	0.00990	0.02609	0.00810	0.00945	0.00630	0.00540	0.00360	0.00180	0.00450	0.00315	0.00360	0.00630
34	0.02043	0.01702	0.01760	0.05549	0.07986	0.11285	0.01180	0.51378	0.06281	0.03056	0.01342	0.01405	0.00984	0.00670	0.00574	0.00173	0.00693	0.00511	0.00505	0.00922
35	0.07348	0.01735	0.01989	0.01539	0.01991	0.12840	0.15579	0.41018	0.05488	0.02848	0.01285	0.01385	0.00945	0.00636	0.00580	0.00177	0.00748	0.00526	0.00469	0.00875
36	0.00712	0.00557	0.00645	0.00692	0.00818	0.00491	0.00493	0.00856	0.01281	0.01628	0.13138	0.34203	0.39268	0.01575	0.00709	0.00210	0.00309	0.01373	0.00552	0.00491
37	0.02131	0.02648	0.01749	0.01541	0.01865	0.69265	0.05034	0.05991	0.01689	0.01562	0.00939	0.01095	0.00769	0.00598	0.00536	0.00154	0.01024	0.00399	0.00314	0.00696
38	0.00721	0.00597	0.00636	0.00645	0.00831	0.00512	0.00496	0.00889	0.01351	0.01643	0.10822	0.05593	0.63692	0.01464	0.00698	0.00202	0.00316	0.07845	0.00547	0.00499
39	0.00856	0.00568	0.00679	0.00684	0.00708	0.00571	0.00424	0.00866	0.00889	0.01181	0.01994	0.03703	0.05802	0.59256	0.08222	0.08493	0.00617	0.03762	0.00357	0.00370
40	0.02085	0.01567	0.01675	0.01313	0.01756	0.01745	0.01075	0.62389	0.14546	0.03463	0.01555	0.01523	0.01118	0.00713	0.00583	0.00178	0.00610	0.00545	0.00583	0.00978
41	0.00698	0.00593	0.00604	0.00610	0.00804	0.00499	0.00464	0.00851	0.01326	0.01578	0.05768	0.05639	0.72526	0.01479	0.00692	0.00199	0.00305	0.04332	0.00540	0.00493
42	0.01245	0.00991	0.01112	0.01117	0.01315	0.06252	0.00932	0.12886	0.05389	0.02013	0.02529	0.04920	0.02617	0.07156	0.00898	0.00263	0.00586	0.46637	0.00516	0.00624
43	0.00810	0.00648	0.00737	0.00735	0.00917	0.00598	0.00573	0.01112	0.06569	0.01849	0.22971	0.05174	0.42428	0.01372	0.00697	0.00203	0.00335	0.11162	0.00568	0.00542
44	0.01276	0.01073	0.01168	0.01072	0.01344	0.01208	0.00823	0.02552	0.55869	0.02343	0.15954	0.08308	0.02615	0.00940	0.00620	0.00197	0.00417	0.00804	0.00597	0.00818
45	0.37126	0.01216	0.01353	0.01078	0.01487	0.01294	0.06235	0.18453	0.01597	0.18665	0.05202	0.01495	0.01159	0.00645	0.00500	0.00180	0.00533	0.00487	0.00498	0.00797
46	0.05489	0.00918	0.01213	0.01159	0.01393	0.00949	0.04274	0.11136	0.01481	0.02048	0.02392	0.04709	0.02475	0.01263	0.00765	0.00233	0.03977	0.46863	0.00495	0.06769
47	0.06142	0.00909	0.01110	0.00917	0.01258	0.00840	0.00734	0.08697	0.01613	0.39400	0.07475	0.08551	0.17893	0.00983	0.00613	0.00187	0.00437	0.00813	0.00631	0.00797
48	0.00733	0.00565	0.00646	0.00675	0.00795	0.00504	0.00473	0.00869	0.01258	0.01607	0.15139	0.24703	0.37017	0.11173	0.00982	0.00250	0.00336	0.01267	0.00532	0.00478
49	0.00904	0.00640	0.00848	0.00905	0.01013	0.00635	0.00706	0.04094	0.01327	0.01785	0.16682	0.23067	0.03524	0.07283	0.04317	0.03226	0.00487	0.27511	0.00525	0.00518
50	0.11923	0.02379	0.01537	0.01376	0.01697	0.56983	0.01049	0.07816	0.06790	0.01809	0.01029	0.01142	0.00825	0.00613	0.00514	0.00159	0.00904	0.00399	0.00349	0.00710
51	0.01373	0.01113	0.01265	0.00969	0.01436	0.00990	0.00772	0.05644	0.18711	0.05237	0.01420	0.01476	0.01108	0.00541	0.00483	0.00121	0.00451	0.00438	0.00431	0.56019
52	0.01029	0.00653	0.00799	0.00785	0.00956	0.00598	0.00580	0.01271	0.05071	0.12059	0.17007	0.28288	0.23589	0.02642	0.00724	0.00211	0.00348	0.02223	0.00583	0.00585
53	0.01512	0.01410	0.02098	0.02758	0.48407	0.04853	0.05228	0.02162	0.18925	0.04605	0.01435	0.01621	0.01133	0.00592	0.00583	0.00179	0.00660	0.00556	0.00376	0.00905
54	0.08732	0.01290	0.03715	0.01141	0.01595	0.01250	0.00964	0.29042	0.01985	0.40114	0.01823	0.02985	0.01229	0.00712	0.00568	0.00179	0.00553	0.00555	0.00623	0.00948
55	0.00702	0.00540	0.00640	0.00720	0.00817	0.00481	0.00498	0.00820	0.01193	0.01513	0.04242	0.48846	0.32189	0.03005	0.00758	0.00226	0.00324	0.01471	0.00537	0.00478
56	0.01184	0.00646	0.00814	0.00783	0.00902	0.00606	0.00539	0.01285	0.01157	0.17110	0.06813	0.21132	0.03893	0.35596	0.01679	0.00365	0.00473	0.03985	0.00501	0.00536
57	0.11138	0.04610	0.01513	0.01268	0.01616	0.34679	0.00997	0.11324	0.12754	0.09635	0.01393	0.01544	0.01087	0.00680	0.00535	0.00170	0.00752	0.03095	0.00436	0.00775
58	0.00845	0.00657	0.00785	0.00800	0.00963	0.00626	0.00623	0.01181	0.07916	0.01889	0.24572	0.12278	0.27750	0.01392	0.00707	0.00211	0.00356	0.15325	0.00572	0.00552
59	0.06288	0.11197	0.06912	0.01458	0.02870	0.41136	0.06220	0.08265	0.01564	0.01766	0.00964	0.01126	0.00780	0.00578	0.00533	0.00155	0.02072	0.00405	0.00319	0.05393
60	0.12121	0.03680	0.09155	0.07316	0.20930	0.14903	0.05086	0.07755	0.06393	0.04460	0.01155	0.01349	0.00896	0.00588	0.00559	0.00175	0.01849	0.00473	0.00350	0.00807
61	0.01961	0.01152	0.01718	0.07605	0.01946	0.01138	0.13198	0.05072	0.16596	0.37310	0.04650	0.01979	0.01491	0.00700	0.00607	0.00187	0.00589	0.00626	0.00576	0.00897
62	0.00846	0.00564	0.00634	0.00634	0.00634	0.00564	0.00352	0.00846	0.00846	0.01128	0.01832	0.03805	0.02114	0.79563	0.02960	0.00564	0.00564	0.00846	0.00352	0.00352
63	0.09607	0.02836	0.10956	0.04287	0.13626	0.01100	0.01163	0.02279	0.05139	0.35968	0.05900	0.01809	0.01401	0.00670	0.00560	0.00180	0.00566	0.00552	0.00520	0.00883
64	0.05031	0.01279	0.01542	0.12908	0.08864	0.03788	0.01077	0.23946	0.03176	0.07979	0.06813	0.01632	0.01285	0.00639	0.00547	0.00160	0.00586	0.00518	0.00453	0.17777
65	0.00812	0.00567	0.00720	0.00744	0.00821	0.00545	0.00519	0.00971	0.01253	0.01740	0.29130	0.23537	0.04801	0.20137	0.04595	0.00323	0.00428	0.04370	0.03509	0.00479

[dist]
# distance from previous block
# <min> <max>
1	6

[block]
# block no. 3 follows, 40 sequences, length 55
# corresponding to MSA columns:
# 270-324
name=unknown_D
#
# <colnr> <probs for GDERKNQSTAVLIFYWHMCP>
#	G	D	E	R	K	N	Q	S	T	A	V	L	I	F	Y	W	H	M	C	P
0	0.00866	0.00787	0.06305	0.00809	0.01009	0.00617	0.00664	0.01138	0.03945	0.04351	0.26351	0.21768	0.25085	0.01351	0.00685	0.00201	0.00357	0.02589	0.00557	0.00564
1	0.07724	0.50633	0.04778	0.01182	0.03943	0.11220	0.01057	0.10370	0.01414	0.01769	0.00905	0.01028	0.00772	0.00539	0.00427	0.00141	0.00673	0.00354	0.00304	0.00767
2	0.00801	0.00548	0.00721	0.00826	0.00886	0.00517	0.00562	0.00957	0.03288	0.04200	0.05579	0.71698	0.03756	0.01732	0.00730	0.00231	0.00344	0.01566	0.00551	0.00506
3	0.01328	0.01152	0.01362	0.01211	0.01491	0.06540	0.07769	0.04527	0.30699	0.04909	0.04818	0.12359	0.05939	0.01147	0.03492	0.00232	0.00579	0.09180	0.00523	0.00745
4	0.01181	0.01151	0.02101	0.01622	0.02017	0.01086	0.34655	0.04610	0.03724	0.01882	0.04422	0.09220	0.09434	0.00995	0.02892	0.00219	0.00715	0.09994	0.00409	0.07670
5	0.01554	0.00970	0.01176	0.00896	0.01311	0.00803	0.00705	0.04529	0.01335	0.21344	0.01535	0.01902	0.01250	0.12015	0.00851	0.00187	0.00477	0.01950	0.00457	0.44753
6	0.01410	0.01352	0.02308	0.09890	0.69840	0.01374	0.01770	0.01759	0.01310	0.01865	0.01089	0.01449	0.00909	0.00523	0.00576	0.00174	0.00698	0.00518	0.00285	0.00898
7	0.01245	0.00676	0.00886	0.00871	0.01038	0.00621	0.00636	0.03938	0.01354	0.20387	0.08039	0.49135	0.05929	0.01449	0.00691	0.00215	0.00382	0.01288	0.00593	0.00626
8	0.01070	0.00772	0.00877	0.00825	0.01053	0.00752	0.00641	0.01575	0.17148	0.08778	0.17239	0.06483	0.32880	0.01225	0.00667	0.00199	0.00364	0.06227	0.00586	0.00642
9	0.00844	0.00590	0.00783	0.00783	0.00833	0.00640	0.00538	0.00935	0.00885	0.01231	0.01672	0.03004	0.01759	0.40720	0.38709	0.03548	0.01040	0.00727	0.00329	0.00429
10	0.00810	0.00603	0.00750	0.00775	0.00898	0.00566	0.00578	0.01048	0.03617	0.01867	0.31482	0.20725	0.17119	0.06162	0.00848	0.00231	0.00349	0.10484	0.00568	0.00520
11	0.06749	0.00799	0.01015	0.00878	0.01143	0.00731	0.00668	0.01885	0.01371	0.38467	0.06404	0.17778	0.04782	0.13451	0.00987	0.00253	0.00453	0.00869	0.00593	0.00723
12	0.20795	0.00751	0.00807	0.00792	0.00982	0.00767	0.00597	0.02522	0.01202	0.10012	0.04776	0.24593	0.04906	0.07774	0.00778	0.00230	0.00408	0.05988	0.10741	0.00581
13	0.02033	0.02393	0.01653	0.01448	0.01766	0.58039	0.03770	0.11591	0.01780	0.01810	0.07307	0.01393	0.01187	0.00658	0.00552	0.00158	0.00927	0.00463	0.00365	0.00709
14	0.07075	0.00687	0.00795	0.00804	0.00940	0.00690	0.00584	0.07268	0.01318	0.04330	0.09678	0.36490	0.04030	0.07156	0.00807	0.00230	0.00383	0.03497	0.12683	0.00556
15	0.06466	0.00693	0.00858	0.00785	0.00991	0.00640	0.00599	0.01405	0.01505	0.16387	0.39849	0.12934	0.12296	0.01167	0.00653	0.00190	0.00338	0.01008	0.00614	0.00623
16	0.30758	0.01070	0.01028	0.00923	0.01186	0.06987	0.00725	0.06400	0.01239	0.13339	0.01393	0.01994	0.01201	0.05055	0.00981	0.16785	0.00542	0.07362	0.00420	0.00613
17	0.01029	0.00613	0.00769	0.00777	0.00918	0.00551	0.00554	0.01166	0.01267	0.13535	0.09334	0.38628	0.18862	0.08107	0.00889	0.00242	0.00368	0.01274	0.00561	0.00555
18	0.25189	0.01030	0.01132	0.00918	0.01297	0.01038	0.00751	0.10004	0.01524	0.36592	0.01719	0.01653	0.01170	0.00660	0.00494	0.00173	0.00464	0.00496	0.12875	0.00821
19	0.00858	0.00601	0.00788	0.00840	0.00952	0.00570	0.00646	0.01060	0.01348	0.03325	0.25292	0.22749	0.08987	0.07229	0.00899	0.00249	0.00394	0.22138	0.00559	0.00517
20	0.36223	0.01012	0.01095	0.00897	0.01282	0.01016	0.00735	0.02218	0.01382	0.39356	0.07890	0.01749	0.01445	0.00685	0.00500	0.00180	0.00457	0.00512	0.00563	0.00802
21	0.00896	0.00569	0.00754	0.00807	0.00903	0.00523	0.00567	0.01049	0.01288	0.08026	0.20027	0.53868	0.05354	0.01575	0.00715	0.00218	0.00335	0.01415	0.00578	0.00534
22	0.00848	0.00612	0.00917	0.00917	0.01011	0.00705	0.00705	0.01011	0.00917	0.01317	0.01505	0.02235	0.01411	0.04135	0.70020	0.08864	0.01456	0.00612	0.00306	0.00493
23	0.01439	0.01382	0.02360	0.03569	0.75936	0.01382	0.01785	0.01785	0.01324	0.01900	0.01094	0.01439	0.00921	0.00518	0.00576	0.00173	0.00691	0.00518	0.00288	0.00921
24	0.00986	0.00578	0.00686	0.00747	0.00868	0.00573	0.00594	0.01232	0.01243	0.01938	0.02454	0.14160	0.02406	0.01131	0.00579	0.00191	0.00364	0.23477	0.45262	0.00530
25	0.21824	0.01442	0.01356	0.01126	0.01503	0.11259	0.00908	0.24748	0.06565	0.14657	0.01413	0.01462	0.01035	0.00967	0.07019	0.00239	0.00690	0.00481	0.00491	0.00817
26	0.05417	0.01616	0.01792	0.01510	0.04099	0.15090	0.12528	0.13987	0.28292	0.07116	0.01647	0.01660	0.01225	0.00669	0.00582	0.00182	0.00686	0.00566	0.00479	0.00857
27	0.00889	0.00635	0.00882	0.01016	0.01129	0.00628	0.00854	0.01122	0.01292	0.01687	0.03105	0.21757	0.03451	0.01652	0.00790	0.00261	0.00494	0.57296	0.00536	0.00522
28	0.64512	0.01118	0.01087	0.15563	0.04854	0.01305	0.00866	0.01670	0.01037	0.02366	0.00864	0.01081	0.00670	0.00547	0.00411	0.00182	0.00522	0.00362	0.00338	0.00645
29	0.00709	0.00506	0.00675	0.00810	0.00843	0.00472	0.00540	0.00810	0.01113	0.01484	0.03205	0.79184	0.03846	0.01822	0.00742	0.00236	0.00337	0.01653	0.00540	0.00472
30	0.00717	0.00513	0.00682	0.00804	0.00845	0.00478	0.00540	0.00831	0.01152	0.01547	0.08525	0.73686	0.03967	0.01775	0.00738	0.00232	0.00333	0.01609	0.00547	0.00478
31	0.01206	0.01034	0.01206	0.00861	0.01378	0.00775	0.00689	0.01464	0.01206	0.01895	0.01034	0.01206	0.00861	0.00431	0.00431	0.00086	0.00431	0.00345	0.00345	0.83118
32	0.01283	0.01018	0.01127	0.01038	0.01305	0.01113	0.00809	0.05966	0.41757	0.04787	0.11316	0.09165	0.09572	0.01037	0.00639	0.00202	0.00429	0.06070	0.00588	0.00778
33	0.01453	0.01249	0.01365	0.06845	0.01708	0.01450	0.00979	0.05989	0.66400	0.02415	0.02228	0.02091	0.01668	0.00770	0.00591	0.00196	0.00491	0.00641	0.00567	0.00903
34	0.02282	0.01514	0.01674	0.01284	0.01746	0.01634	0.01060	0.61254	0.02543	0.16678	0.01557	0.01501	0.01070	0.00702	0.00582	0.00175	0.00614	0.00535	0.00606	0.00989
35	0.02389	0.01009	0.01322	0.01035	0.01456	0.00919	0.00847	0.05863	0.07081	0.62691	0.06034	0.02093	0.01654	0.00747	0.00587	0.00180	0.00484	0.00611	0.02044	0.00954
36	0.01555	0.79913	0.03047	0.00995	0.01493	0.02301	0.00995	0.01741	0.01182	0.01368	0.00808	0.00933	0.00746	0.00498	0.00373	0.00124	0.00622	0.00311	0.00249	0.00746
37	0.00991	0.00512	0.00743	0.00743	0.00743	0.00512	0.00487	0.00768	0.00768	0.01024	0.01106	0.02004	0.01138	0.11019	0.02352	0.73505	0.00512	0.00545	0.00264	0.00264
38	0.01368	0.01127	0.04349	0.01043	0.01366	0.01136	0.00849	0.04567	0.42089	0.09189	0.10757	0.02916	0.14892	0.00931	0.00616	0.00193	0.00437	0.00778	0.00585	0.00812
39	0.06822	0.08756	0.01336	0.00989	0.01242	0.01176	0.00778	0.20279	0.07675	0.07491	0.01287	0.01586	0.01051	0.01232	0.01258	0.34967	0.00543	0.00497	0.00408	0.00627
40	0.00963	0.00698	0.00962	0.09737	0.03461	0.00727	0.00748	0.05593	0.01200	0.04243	0.02432	0.44471	0.02709	0.09326	0.09614	0.00335	0.00583	0.01187	0.00465	0.00550
41	0.00713	0.00526	0.00669	0.00775	0.00841	0.00482	0.00530	0.00832	0.01174	0.01539	0.06721	0.62920	0.15585	0.01735	0.00732	0.00228	0.00331	0.02644	0.00544	0.00480
42	0.01113	0.03222	0.01293	0.00943	0.01350	0.00802	0.06028	0.01391	0.01350	0.02009	0.23535	0.02171	0.02255	0.00666	0.00525	0.00124	0.00429	0.00582	0.00427	0.49785
43	0.01079	0.06311	0.01251	0.03585	0.01291	0.00933	0.06863	0.05095	0.11428	0.01754	0.09020	0.05581	0.24489	0.01254	0.00962	0.16767	0.00474	0.00833	0.00450	0.00580
44	0.01455	0.01356	0.02164	0.09003	0.54665	0.01443	0.01633	0.07100	0.05170	0.01982	0.01149	0.01468	0.00945	0.00593	0.00690	0.00183	0.07275	0.00525	0.00320	0.00880
45	0.01407	0.16541	0.10767	0.01609	0.02082	0.01464	0.26949	0.01766	0.01320	0.07986	0.09843	0.01723	0.01412	0.00652	0.00721	0.00180	0.08822	0.00589	0.00354	0.03815
46	0.01668	0.03402	0.01182	0.00973	0.01287	0.00827	0.00796	0.03958	0.02509	0.31901	0.05478	0.07851	0.04356	0.04081	0.04663	0.00243	0.00536	0.14564	0.00570	0.09155
47	0.01148	0.00907	0.06522	0.04915	0.01349	0.00741	0.00847	0.01456	0.03507	0.11838	0.19435	0.11962	0.10275	0.01149	0.00661	0.00199	0.00450	0.14480	0.00535	0.07626
48	0.01258	0.02782	0.66478	0.01693	0.02508	0.01335	0.08155	0.01895	0.01263	0.05684	0.01119	0.01295	0.00785	0.00556	0.00565	0.00185	0.00851	0.00459	0.00274	0.00860
49	0.01480	0.01240	0.05235	0.07707	0.01720	0.01297	0.01048	0.14175	0.27520	0.07824	0.04537	0.04749	0.04187	0.00985	0.02902	0.00222	0.05945	0.05900	0.00516	0.00811
50	0.04542	0.01313	0.01416	0.01153	0.01524	0.01429	0.00929	0.43991	0.12118	0.05753	0.05882	0.07729	0.07873	0.00879	0.00602	0.00185	0.00533	0.00707	0.00577	0.00865
51	0.13128	0.01300	0.01430	0.01130	0.01529	0.01389	0.00921	0.40843	0.02073	0.18701	0.03603	0.01575	0.01167	0.00807	0.00699	0.07202	0.00562	0.00522	0.00555	0.00866
52	0.01354	0.00922	0.01031	0.00882	0.01155	0.03365	0.00669	0.09357	0.03928	0.13619	0.05962	0.08972	0.14843	0.13710	0.04452	0.00267	0.00519	0.00799	0.00500	0.13696
53	0.01675	0.00944	0.01172	0.00909	0.01320	0.00795	0.00730	0.03196	0.03943	0.30199	0.11667	0.02267	0.07215	0.00733	0.00549	0.00148	0.00429	0.00606	0.00552	0.30950
54	0.10613	0.00953	0.01092	0.00930	0.01225	0.00956	0.00727	0.07961	0.08121	0.06991	0.09769	0.09400	0.04348	0.03590	0.06900	0.01776	0.03741	0.00680	0.00464	0.19761

[dist]
# distance from previous block
# <min> <max>
0	25

# created by:
# /home/berkeley/.conda/envs/busco_data_prod/bin/msa2prfl.pl pipeline/OGs_align_augustus/33634/985.fs
